Pos	A	C	G	T	Other	Total
1	0	0	0	0	0	0
2	0	0	0	23	0	23
3	7	0	0	69	0	76
4	88	0	0	2	0	90
5	136	0	0	0	0	136
6	139	0	0	0	0	139
7	2	0	143	0	0	145
8	1	0	169	0	0	170
9	1	0	2	226	0	229
10	0	0	1	248	0	249
11	0	0	2	317	0	319
12	693	0	0	17	0	710
13	2	10	1	1332	0	1345
14	2265	1	3	55	0	2324
15	4	3426	7	3	0	3440
16	2	6016	9	31	0	6058
17	89	14	17	20468	0	20588
18	43	14	6	23342	0	23405
19	11	35050	41	56	0	35158
20	19	39305	51	110	0	39485
21	12	47051	48	71	0	47182
22	52195	34	78	399	0	52706
23	91	112	54177	53	0	54433
24	43	121	54993	22	0	55179
25	61	25	34	59407	0	59527
26	64597	17	21	316	0	64951
27	65540	8	16	178	0	65742
28	39	66558	122	115	0	66834
29	79274	54	22	613	0	79963
30	86571	49	25	461	0	87106
31	89013	21	26	258	0	89318
32	49	91052	128	130	0	91359
33	34	93964	87	102	0	94187
34	97300	63	14	414	0	97791
35	99269	27	16	298	0	99610
36	55	103703	101	88	0	103947
37	40	113255	129	184	0	113608
38	113490	55	12	284	0	113841
39	113575	29	28	218	0	113850
40	64	116210	125	93	0	116492
41	116	81	25	120646	0	120868
42	111	38	17	122492	0	122658
43	85	38	22	122450	0	122595
44	31	123346	154	217	0	123748
45	149	295	120296	77	0	120817
46	109774	93	106	186	0	110159
47	95	22	34	124765	0	124916
48	38	125639	129	135	0	125941
49	62	106	7	126535	0	126710
50	32	127604	135	118	0	127889
51	82	108	16	127383	0	127589
52	104	65	11	129900	0	130080
53	106	214	131359	160	0	131839
54	94	60	84	129160	0	129398
55	129828	36	42	404	0	130310
56	167	219	131536	99	0	132021
57	125124	54	115	278	0	125571
58	141	37	38	133563	0	133779
59	50	134902	133	146	0	135231
60	94	146	13	135982	0	136235
61	100	213	136237	177	0	136727
62	103	61	120	132481	0	132765
63	98	42	38	136700	0	136878
64	39	139698	191	295	0	140223
65	92	133	20	141061	0	141306
66	57	140542	178	243	0	141020
67	80	152	17	141352	0	141601
68	139484	70	36	449	0	140039
69	136581	52	50	367	0	137050
70	139555	55	50	331	0	139991
71	354	144372	153	245	0	145124
72	188	331	142620	94	0	143233
73	135828	111	245	286	0	136470
74	148175	52	111	286	0	148624
75	410	153494	164	204	0	154272
76	211	640	37	132025	0	132913
77	185	159	38	136224	0	136606
78	188	118	58	133003	0	133367
79	130598	59	4670	1197	0	136524
80	134815	74	83	547	0	135519
81	135545	68	65	361	0	136039
82	137673	58	59	321	0	138111
83	1090	154	41	136135	0	137420
84	340	137044	185	877	0	138446
85	252	784	29	141049	0	142114
86	180	594	141417	981	0	143172
87	212	141	872	144498	0	145723
88	213	295	150018	1290	0	151816
89	226	90	1233	147673	0	149222
90	202	316	154530	1361	0	156409
91	268	288	155575	416	0	156547
92	122	160414	1706	513	0	162755
93	303	1431	399	167745	0	169878
94	292	597	176677	1474	0	179040
95	237	212	1504	170840	0	172793
96	112	178995	570	1594	0	181271
97	178260	1472	197	663	0	180592
98	1440	189680	377	405	0	191902
99	498	1638	122	185876	0	188134
100	213	192332	365	1553	0	194463
101	320	1943	185925	468	0	188656
102	382	712	186970	395	0	188459
103	156	190581	2042	584	0	193363
104	301	1578	493	191544	0	193916
105	538	637	192799	1674	0	195648
106	193	192004	1759	787	0	194743
107	191428	1584	464	550	0	194026
108	1732	476	248	192160	0	194616
109	608	514	200078	1656	0	202856
110	267	201149	1800	612	0	203828
111	365	1700	468	200935	0	203468
112	356	478	291	202736	0	203861
113	189693	321	296	2318	0	192628
114	1642	557	201417	692	0	204308
115	618	254	1645	198350	0	200867
116	400	507	200415	1819	0	203141
117	181	191380	1917	834	0	194312
118	184748	1694	556	637	0	187635
119	1506	184821	561	486	0	187374
120	638	1788	302	176562	0	179290
121	267	178827	498	1566	0	181158
122	171449	1785	298	778	0	174310
123	1611	175960	454	551	0	178576
124	674	2044	171392	435	0	174545
125	293	173655	1923	419	0	176290
126	167204	1845	583	605	0	170237
127	1816	878	172156	385	0	175235
128	719	482	1842	170301	0	173344
129	143492	421	23254	2076	0	169243
130	1813	366	599	161282	0	164060
131	161473	328	385	2366	0	164552
132	162698	324	351	1006	0	164379
133	2422	390	313	161256	0	164381
134	982	338	292	161114	0	162726
135	157329	334	331	2632	0	160626
136	154550	381	326	1124	0	156381
137	2575	374	283	151699	0	154931
138	151477	331	321	2378	0	154507
139	152321	333	357	1046	0	154057
140	2351	152284	563	688	0	155886
141	1017	1943	352	152014	0	155326
142	153225	691	373	2486	0	156775
143	155126	491	399	1097	0	157113
144	2585	416	374	154004	0	157379
145	941	364	379	156748	0	158432
146	152947	350	445	2706	0	156448
147	2116	155615	581	1188	0	159500
148	1014	2009	384	155185	0	158592
149	691	973	155615	2273	0	159552
150	703	556	1989	149866	0	153114
151	494	154980	883	2281	0	158638
152	591	2206	154049	974	0	157820
153	677	688	2074	150272	0	153711
154	715	519	736	148769	0	150739
155	614	683	154373	2540	0	158210
156	135777	442	2111	1511	0	139841
157	2084	158474	1032	975	0	162565
158	156589	2030	622	951	0	160192
159	2450	996	158402	708	0	162556
160	958	819	162490	689	0	164956
161	149410	525	2344	888	0	153167
162	2207	165377	932	818	0	169334
163	163859	2029	580	997	0	167465
164	2197	168759	690	777	0	172423
165	1058	2470	169595	673	0	173796
166	163274	764	1966	992	0	166996
167	2404	883	175787	624	0	179698
168	1093	460	2081	173052	0	176686
169	175224	437	706	2489	0	178856
170	174111	423	519	1213	0	176266
171	2338	175502	749	869	0	179458
172	1077	3439	484	169592	0	174592
173	676	173749	601	2011	0	177037
174	724	2091	171446	928	0	175189
175	929	1566	1673	158890	0	163058
176	566	163000	807	1625	0	165998
177	668	1430	356	159954	0	162408
178	137213	570	399	1845	0	140027
179	1439	297	280	157036	0	159052
180	588	157752	452	1476	0	160268
181	715	1201	226	158333	0	160475
182	566	437	292	157741	0	159036
183	457	158742	482	1442	0	161123
184	638	1245	290	158446	0	160619
185	622	676	155881	1324	0	158503
186	385	154333	1275	885	0	156878
187	142013	826	346	617	0	143802
188	1041	509	147247	298	0	149095
189	573	479	145741	320	0	147113
190	401	143830	984	332	0	145547
191	979	1239	560	138430	0	141208
192	449	421	136275	662	0	137807
193	293	119696	778	420	0	121187
194	407	567	201	122031	0	123206
195	330	291	123	125050	0	125794
196	122043	184	135	870	0	123232
197	541	124582	256	600	0	125979
198	316	779	115652	252	0	116999
199	340	419	118696	218	0	119673
200	252	249	668	116045	0	117214
201	268	166	242	146760	0	147436
202	261	208	153	147703	0	148325
203	188	170418	391	2747	0	173744
204	379	2906	174267	1071	0	178623
205	398	1297	2822	173524	0	178041
206	189	186284	1403	3139	0	191015
207	198	193948	737	1447	0	196330
208	366	4851	198984	577	0	204778
209	312	1746	3975	193289	0	199322
210	332	889	214241	4096	0	219558
211	356	436	4840	209202	0	214834
212	363	324	1965	218253	0	220905
213	521	552	215457	6122	0	222652
214	194	214204	4850	2761	0	222009
215	208298	4483	2031	1251	0	216063
216	4740	2106	215613	603	0	223062
217	1754	215720	4888	1151	0	223513
218	693	221878	2254	725	0	225550
219	553	6560	211745	480	0	219338
220	204542	2577	4940	607	0	212666
221	5057	1408	2163	189765	0	198393
222	1883	214619	1333	4217	0	222052
223	213372	4996	707	1931	0	221006
224	4982	2462	644	201543	0	209631
225	1980	211837	896	5015	0	219728
226	212233	5231	835	2397	0	220696
227	4848	2588	210942	1379	0	219757
228	2000	212256	5313	1194	0	220763
229	207187	5223	2632	1209	0	216251
230	4508	211279	1556	1265	0	218608
231	208154	5817	1218	1082	0	216271
232	5325	2947	1169	200387	0	209828
233	2231	205238	1749	4858	0	214076
234	1342	5242	1186	206702	0	214472
235	202842	2651	1481	6079	0	213053
236	4854	1896	202575	3074	0	212399
237	2456	1794	205924	1907	0	212081
238	1695	1294	7192	196818	0	206999
239	1308	1537	3391	203655	0	209891
240	1361	1662	1920	198381	0	203324
241	943	197764	1875	7182	0	207764
242	1196	5836	195035	3165	0	205232
243	1495	3205	5476	183306	0	193482
244	1157	190199	3235	5146	0	199737
245	1526	196820	1901	2819	0	203066
246	1542	7171	193446	1688	0	203847
247	1579	3930	196903	1330	0	203742
248	1732	2701	201243	1182	0	206858
249	1755	1876	7487	192153	0	203271
250	1539	2148	199366	5147	0	208200
251	1894	1901	6042	195322	0	205159
252	1640	1858	201834	5885	0	211217
253	184369	2011	6232	3036	0	195648
254	6018	207309	3217	1972	0	218516
255	2869	223119	2048	1826	0	229862
256	2387	8333	229227	1696	0	241643
257	221810	3714	6640	2183	0	234347
258	232799	2380	3200	1817	0	240196
259	232517	1711	2288	2048	0	238564
260	9177	1939	222309	1900	0	235325
261	3704	1831	228451	2283	0	236269
262	2251	1705	9035	218899	0	231890
263	222407	1739	4374	7936	0	236456
264	222743	1998	2755	4297	0	231793
265	8327	2047	214892	3039	0	228305
266	213068	2255	7877	2509	0	225709
267	7205	2218	4736	210096	0	224255
268	3025	2401	214290	7753	0	227469
269	1862	2332	217482	3981	0	225657
270	200125	2162	10474	3439	0	216200
271	6518	2022	214580	2676	0	225796
272	204891	1752	9627	2961	0	219231
273	7329	2040	213425	2555	0	225349
274	3416	202488	9768	3171	0	218843
275	2407	213556	5998	2307	0	224268
276	2691	9094	4112	201590	0	217487
277	2482	4872	3749	214204	0	225307
278	2621	3371	209958	8749	0	224699
279	2870	2684	9128	197715	0	212397
280	2893	199590	5562	7862	0	215907
281	3300	207263	4189	3709	0	218461
282	3722	213276	3644	2446	0	223088
283	3917	9624	3393	203369	0	220303
284	3716	4743	206581	7085	0	222125
285	3523	3172	209469	3906	0	220070
286	4041	2769	10365	199671	0	216846
287	3884	2375	5332	203985	0	215576
288	4525	2230	3895	183524	0	194174
289	4158	201540	3499	8613	0	217810
290	203491	7151	3376	4159	0	218177
291	203394	4022	3348	2744	0	213508
292	10127	200866	3612	2777	0	217382
293	5538	7744	203696	2482	0	219460
294	204315	3955	8618	2453	0	219341
295	9092	2735	208962	2503	0	223292
296	205603	2184	9672	2240	0	219699
297	208911	2175	5346	2783	0	219215
298	207188	2521	3987	2969	0	216665
299	202156	2222	3280	3634	0	211292
300	9500	201056	3589	3761	0	217906
301	169019	5657	2630	2982	0	180288
302	6137	171663	2828	3068	0	183696
303	143804	4747	2090	1853	0	152494
304	4652	141586	2225	1882	0	150345
305	2164	4100	130959	1161	0	138384
306	1540	9899	4247	110663	0	126349
307	1188	121258	2516	3327	0	128289
308	1223	118947	1587	1785	0	123542
309	110588	3842	3799	2390	0	120619
310	100558	1080	993	1031	0	103662
311	2887	104520	1046	758	0	109211
312	1513	2199	992	97579	0	102283
313	1248	105365	1041	6180	0	113834
314	110705	2179	1012	948	0	114844
315	3069	900	111537	683	0	116189
316	1765	746	2796	107231	0	112538
317	1497	560	1383	108620	0	112060
318	1398	603	1232	110207	0	113440
319	1407	774	108987	2575	0	113743
320	1313	107894	2682	984	0	112873
321	1412	111664	1325	630	0	115031
322	1478	2684	1031	112006	0	117199
323	1248	1356	114148	2326	0	119078
324	1261	1157	2717	111630	0	116765
325	1193	1134	1243	114871	0	118441
326	1271	1073	1107	113866	0	117317
327	1277	1130	940	113959	0	117306
328	110669	945	1218	3175	0	116007
329	2564	112990	1165	1511	0	118230
330	112188	2742	1267	1207	0	117404
331	2779	1479	112888	1120	0	118266
332	1429	1400	114644	1024	0	118497
333	1476	1193	2668	107978	0	113315
334	1213	1070	1341	107174	0	110798
335	950	115300	1318	2885	0	120453
336	1053	2785	115895	1512	0	121245
337	869	117354	2954	1485	0	122662
338	907	2861	118343	1249	0	123360
339	106321	1200	2890	1342	0	111753
340	2682	118646	1367	1260	0	123955
341	1391	2873	119289	1056	0	124609
342	1286	1356	2677	116582	0	121901
343	1128	1355	119523	2736	0	124742
344	1004	119246	2731	1442	0	124423
345	1171	2770	1149	113439	0	118529
346	1156	118420	1045	3064	0	123685
347	1336	2802	118657	1520	0	124315
348	1358	1256	2471	115597	0	120682
349	116156	1142	867	2918	0	121083
350	2861	115970	972	1225	0	121028
351	1471	2835	112750	912	0	117968
352	1205	3047	2264	104541	0	111057
353	1035	1093	109673	2339	0	114140
354	812	860	97457	887	0	100016
355	584	87477	1997	683	0	90741
356	852	898	754	74388	0	76892
357	300	372	261	75043	0	75976
358	287	310	273	74741	0	75611
359	255	320	76327	882	0	77784
360	253	307	75232	345	0	76137
361	63864	292	898	414	0	65468
362	732	290	73681	254	0	74957
363	66588	199	749	267	0	67803
364	699	72386	339	348	0	73772
365	298	758	264	68718	0	70038
366	145	73537	290	740	0	74712
367	120	75618	308	420	0	76466
368	123	787	74522	308	0	75740
369	175	387	766	72316	0	73644
370	165	361	74940	777	0	76243
371	195	297	71493	336	0	72321
372	67728	237	798	381	0	69144
373	680	249	73582	337	0	74848
374	213	252	72540	357	0	73362
375	67106	179	785	463	0	68533
376	646	248	71934	372	0	73200
377	221	318	73841	339	0	74719
378	248	260	783	67902	0	69193
379	178	74276	408	677	0	75539
380	171	649	403	74349	0	75572
381	187	284	329	73812	0	74612
382	74296	202	349	979	0	75826
383	618	214	312	72544	0	73688
384	191	76317	379	845	0	77732
385	74781	684	327	474	0	76266
386	634	483	75668	373	0	77158
387	69957	292	838	409	0	71496
388	725	380	80924	295	0	82324
389	293	334	83322	302	0	84251
390	126	85557	1150	371	0	87204
391	77193	795	544	8482	0	87014
392	671	87607	462	546	0	89286
393	272	952	87595	379	0	89198
394	337	512	949	76198	0	77996
395	175	89095	548	764	0	90582
396	89328	900	490	376	0	91094
397	88323	399	411	312	0	89445
398	997	90100	444	315	0	91856
399	91448	970	415	312	0	93145
400	918	356	421	87274	0	88969
401	228	90639	516	983	0	92366
402	255	936	427	92957	0	94575
403	237	433	416	97470	0	98556
404	99554	353	432	1201	0	101540
405	97643	286	399	511	0	98839
406	97175	264	409	419	0	98267
407	1287	305	97521	314	0	99427
408	93421	219	1247	298	0	95185
409	1163	471	583	97766	0	99983
410	465	286	98985	1039	0	100775
411	379	251	93474	386	0	94490
412	252	93543	1323	332	0	95450
413	83614	845	480	234	0	85173
414	767	88215	283	181	0	89446
415	355	812	159	87077	0	88403
416	299	254	210	88663	0	89426
417	201	232	90914	878	0	92225
418	267	208	872	85080	0	86427
419	210	193	91441	803	0	92647
420	203	165	89394	272	0	90034
421	160	91079	904	184	0	92327
422	246	611	277	87523	0	88657
423	178	167	158	86993	0	87496
424	87245	128	111	721	0	88205
425	664	162	88034	232	0	89092
426	279	96	603	88345	0	89323
427	88725	84	243	779	0	89831
428	842	183	90095	243	0	91363
429	86251	98	696	271	0	87316
430	90134	127	259	211	0	90731
431	923	212	93520	146	0	94801
432	382	141	705	90082	0	91310
433	323	114	272	92656	0	93365
434	257	193	95961	784	0	97195
435	90828	118	776	433	0	92155
436	96156	129	357	314	0	96956
437	93432	158	297	241	0	94128
438	94579	187	281	261	0	95308
439	93186	201	394	303	0	94084
440	1007	339	82565	356	0	84267
441	426	322	96747	274	0	97769
442	356	96918	870	309	0	98453
443	419	854	96768	290	0	98331
444	390	446	853	93283	0	94972
445	649	682	721	68346	0	70398
446	420	292	334	96628	0	97674
447	509	273	250	97674	0	98706
448	482	294	97739	996	0	99511
449	483	96381	864	490	0	98218
450	491	101182	403	407	0	102483
451	578	948	332	93597	0	95455
452	379	102188	335	894	0	103796
453	101429	876	265	562	0	103132
454	100304	299	295	531	0	101429
455	1214	106407	320	458	0	108399
456	776	769	299	105788	0	107632
457	597	278	369	107917	0	109161
458	577	280	108185	1144	0	110186
459	93627	209	1109	751	0	95696
460	106311	239	572	478	0	107600
461	1256	109923	529	507	0	112215
462	109391	967	398	526	0	111282
463	1287	476	113230	469	0	115462
464	624	112763	1147	510	0	115044
465	556	117051	544	474	0	118625
466	494	116858	552	468	0	118372
467	535	1300	409	114216	0	116460
468	114010	451	400	1465	0	116326
469	1381	289	484	115661	0	117815
470	895	327	120274	1437	0	122933
471	832	275	1494	119271	0	121872
472	692	395	124796	1596	0	127479
473	629	345	1659	117559	0	120192
474	778	403	714	112487	0	114382
475	542	123638	686	1626	0	126492
476	125613	1310	658	895	0	128476
477	1625	560	644	120220	0	123049
478	763	124930	600	1508	0	127801
479	125133	1382	525	868	0	127908
480	111187	655	678	760	0	113280
481	124255	463	563	796	0	126077
482	1628	125501	652	929	0	128710
483	745	1397	124940	743	0	127825
484	569	559	1616	124006	0	126750
485	642	747	746	120232	0	122367
486	622	125622	748	1720	0	128712
487	749	1476	124485	771	0	127481
488	705	581	121778	653	0	123717
489	112509	344	1503	597	0	114953
490	1595	760	647	117246	0	120248
491	724	339	120655	1376	0	123094
492	526	123766	1321	753	0	126366
493	736	1294	589	112714	0	115333
494	557	124425	589	1207	0	126778
495	575	1299	122798	545	0	125217
496	113125	449	1329	601	0	115504
497	120805	282	565	580	0	122232
498	1429	122529	494	710	0	125162
499	691	1186	347	120809	0	123033
500	625	520	121537	1290	0	123972
501	608	120223	1268	541	0	122640
502	115143	1147	389	521	0	117200
503	1085	113578	317	373	0	115353
504	357	113540	310	389	0	114596
505	460	1194	240	109464	0	111358
506	226	112902	265	1010	0	114403
507	111839	1000	193	472	0	113504
508	1077	424	197	111630	0	113328
509	346	325	108695	959	0	110325
510	248	328	105688	345	0	106609
511	275	376	993	104109	0	105753
512	206	107488	397	862	0	108953
513	107191	881	254	413	0	108739
514	973	359	198	104580	0	106110
515	320	358	104591	881	0	106150
516	276	240	861	102811	0	104188
517	241	272	325	103371	0	104209
518	102190	249	248	1069	0	103756
519	910	252	211	99283	0	100656
520	361	306	100858	868	0	102393
521	319	315	100631	361	0	101626
522	295	233	984	100833	0	102345
523	327	253	402	102434	0	103416
524	266	351	104162	1005	0	105784
525	88717	303	940	678	0	90638
526	901	389	102904	318	0	104512
527	321	102697	978	294	0	104290
528	344	935	335	102827	0	104441
529	285	480	103795	938	0	105498
530	353	361	103077	332	0	104123
531	290	292	1047	98083	0	99712
532	98995	211	458	1089	0	100753
533	926	344	101896	420	0	103586
534	320	100493	984	350	0	102147
535	100877	907	372	463	0	102619
536	899	459	102336	327	0	104021
537	95521	313	967	457	0	97258
538	101396	222	416	461	0	102495
539	986	105377	363	413	0	107139
540	471	905	277	96828	0	98481
541	293	103669	394	952	0	105308
542	280	1033	102393	388	0	104094
543	97921	380	998	450	0	99749
544	106495	316	423	497	0	107731
545	1183	358	107851	308	0	109700
546	515	319	107287	311	0	108432
547	308	110768	1331	327	0	112734
548	112305	1106	511	351	0	114273
549	1287	411	373	109419	0	111490
550	554	351	337	102911	0	104153
551	255	110072	419	1121	0	111867
552	107379	1044	329	561	0	109313
553	1123	491	110942	324	0	112880
554	455	265	1155	120774	0	122649
555	122276	228	500	1810	0	124814
556	1809	125184	485	747	0	128225
557	603	1906	141375	350	0	144234
558	442	608	144496	267	0	145813
559	530	850	2919	133069	0	137368
560	287	144039	811	2339	0	147476
561	373	2602	146303	558	0	149836
562	422	683	2671	142957	0	146733
563	146480	311	709	2686	0	150186
564	2764	420	150493	595	0	154272
565	696	554	2878	147860	0	151988
566	442	318	152207	2813	0	155780
567	398	340	155555	636	0	156929
568	549	1041	3413	149059	0	154062
569	407	388	153822	2782	0	157399
570	125174	209	3097	922	0	129402
571	2675	390	147095	319	0	150479
572	134486	143	2864	332	0	137825
573	2635	144034	763	304	0	147736
574	145059	2590	442	425	0	148516
575	2611	149881	461	257	0	153210
576	677	2746	321	148064	0	151808
577	471	557	322	155920	0	157270
578	340	431	153554	3240	0	157565
579	310	337	156036	792	0	157475
580	456	178	3529	154302	0	158465
581	441	369	157580	3031	0	161421
582	468	334	3379	143391	0	147572
583	272	152854	1322	2911	0	157359
584	361	158901	935	908	0	161105
585	488	3439	639	153353	0	157919
586	466	901	644	156623	0	158634
587	391	652	154008	3458	0	158509
588	506	475	3243	145285	0	149509
589	404	150375	1215	3037	0	155031
590	320	151237	1048	973	0	153578
591	383	152124	827	870	0	154204
592	579	3346	834	136642	0	141401
593	367	143562	1013	3328	0	148270
594	141965	2963	837	1071	0	146836
595	3108	746	911	141804	0	146569
596	943	643	142203	3164	0	146953
597	709	528	3493	140105	0	144835
598	580	599	143146	3370	0	147695
599	615	649	144323	1087	0	146674
600	619	587	145752	877	0	147835
601	561	141750	4011	914	0	147236
602	620	3129	143877	847	0	148473
603	140475	921	3620	984	0	146000
604	144562	728	1384	925	0	147599
605	146737	570	1147	988	0	149442
606	3612	615	922	144403	0	149552
607	142630	558	1148	3620	0	147956
608	3014	141686	1227	1415	0	147342
609	851	149488	1135	1222	0	152696
610	146845	3571	1103	1053	0	152572
611	3152	1375	150225	1028	0	155780
612	1038	945	3529	148336	0	153848
613	796	992	152711	3539	0	158038
614	1336	1050	154437	1446	0	158269
615	461	153629	4031	1200	0	159321
616	709	3566	1595	143380	0	149250
617	648	1261	1169	154507	0	157585
618	151329	962	1071	4073	0	157435
619	3076	152946	1222	1912	0	159156
620	1151	157426	1197	1358	0	161132
621	1109	3911	154465	1255	0	160740
622	717	157587	4006	1127	0	163437
623	152922	3670	1796	1373	0	159761
624	153931	1358	1815	1276	0	158380
625	3639	1235	157787	1181	0	163842
626	1216	1114	159654	1374	0	163358
627	1001	1071	4856	148669	0	155597
628	920	1083	2422	150204	0	154629
629	940	153659	1952	4045	0	160596
630	1288	3702	1608	151793	0	158391
631	1257	1316	1698	152038	0	156309
632	1157	152331	1652	4337	0	159477
633	1263	3458	1630	150985	0	157336
634	1019	1408	1784	146818	0	151029
635	965	145541	1882	4440	0	152828
636	1171	3578	146792	1784	0	153325
637	1272	1382	4323	148104	0	155081
638	148346	1220	1984	4014	0	155564
639	147148	1178	1833	1487	0	151646
640	4225	1503	145090	1211	0	152029
641	139392	1475	3778	1354	0	145999
642	144079	1462	1479	1554	0	148574
643	3741	143397	1507	1769	0	150414
644	1445	3668	138330	1541	0	144984
645	917	1599	140252	1666	0	144434
646	1034	1695	4169	138868	0	145766
647	142350	1120	2087	3925	0	149482
648	147204	1118	1708	1573	0	151603
649	3816	1167	1392	149871	0	156246
650	157574	1143	1221	4081	0	164019
651	161011	1264	1286	1661	0	165222
652	156406	1220	1353	1626	0	160605
653	4112	1270	157610	1555	0	164547
654	1330	973	150920	1103	0	154326
655	139385	593	3154	1231	0	144363
656	2707	878	144894	1046	0	149525
657	652	130027	2056	474	0	133209
658	943	2062	1771	125046	0	129822
659	507	640	132361	1598	0	135106
660	480	503	130460	567	0	132010
661	505	1090	2050	122550	0	126195
662	357	305	128044	1561	0	130267
663	333	327	126539	577	0	127776
664	264	117099	1776	405	0	119544
665	223	123033	654	260	0	124170
666	121920	1432	369	257	0	123978
667	1368	499	188	119979	0	122034
668	119562	219	201	1304	0	121286
669	1385	232	122114	362	0	124093
670	511	196	1269	118496	0	120472
671	336	289	419	122870	0	123914
672	116692	157	333	1577	0	118759
673	1268	123371	279	702	0	125620
674	576	1265	117410	294	0	119545
675	526	771	120311	238	0	121846
676	257	122647	1496	382	0	124782
677	287	1083	120228	190	0	121788
678	211	119948	1278	260	0	121697
679	176	114309	514	187	0	115186
680	385	1191	111306	211	0	113093
681	99780	384	1119	126	0	101409
682	1035	267	326	113735	0	115363
683	322	118218	309	924	0	119773
684	268	920	172	115951	0	117311
685	116909	265	190	1019	0	118383
686	117326	130	199	424	0	118079
687	116711	90	229	338	0	117368
688	1235	154	115800	151	0	117340
689	453	129	1020	110300	0	111902
690	168	118049	472	923	0	119612
691	123390	933	264	562	0	125149
692	1031	322	213	124157	0	125723
693	454	224	192	123776	0	124646
694	350	170	182	127853	0	128555
695	339	239	125665	1275	0	127518
696	106363	129	1078	800	0	108370
697	1069	127378	460	306	0	129213
698	500	974	262	126438	0	128174
699	402	336	209	127706	0	128653
700	122322	196	291	1400	0	124209
701	1231	296	125232	443	0	127202
702	517	236	130676	225	0	131654
703	295	129753	1530	320	0	131898
704	305	1221	133931	211	0	135668
705	111168	477	1607	431	0	113683
706	1148	134600	678	369	0	136795
707	496	1365	133497	219	0	135577
708	109877	520	1672	434	0	112503
709	1361	446	140691	303	0	142801
710	503	141690	1489	346	0	144028
711	523	1304	554	140657	0	143038
712	501	460	395	143796	0	145152
713	494	399	141073	1537	0	143503
714	470	354	139440	654	0	140918
715	385	138804	1692	470	0	141351
716	133660	1255	687	511	0	136113
717	1297	142280	576	425	0	144578
718	669	1449	438	139168	0	141724
719	487	694	141440	1402	0	144023
720	120795	366	1738	694	0	123593
721	1461	370	726	136629	0	139186
722	560	136745	670	1350	0	139325
723	351	141883	662	657	0	143553
724	427	1619	538	139902	0	142486
725	415	681	464	142018	0	143578
726	138027	485	450	1812	0	140774
727	1487	379	463	142267	0	144596
728	637	559	142798	1584	0	145578
729	133799	331	1598	917	0	136645
730	142613	341	721	710	0	144385
731	1789	522	144698	459	0	147468
732	133930	350	1690	521	0	136491
733	1718	433	685	147471	0	150307
734	837	441	469	149479	0	151226
735	640	423	444	150181	0	151688
736	602	398	457	145743	0	147200
737	420	149721	604	1993	0	152738
738	152593	1640	509	879	0	155621
739	157761	698	511	766	0	159736
740	2199	693	164466	544	0	167902
741	163666	426	1959	687	0	166738
742	175083	464	765	637	0	176949
743	178128	446	508	638	0	179720
744	182933	404	494	618	0	184449
745	3437	180708	658	616	0	185419
746	993	2397	341	175587	0	179318
747	655	790	177787	2244	0	181476
748	602	586	171936	687	0	173811
749	152784	1119	3301	678	0	157882
750	161760	366	1234	398	0	163758
751	2159	159463	430	434	0	162486
752	160468	1701	223	447	0	162839
753	1970	161684	340	386	0	164380
754	842	1850	184	159564	0	162440
755	163708	487	282	2146	0	166623
756	162648	324	220	714	0	163906
757	161738	168	194	525	0	162625
758	2338	160409	325	383	0	163455
759	160427	1734	228	490	0	162879
760	2242	558	238	161280	0	164318
761	163524	274	293	2001	0	166092
762	2352	360	161976	584	0	165272
763	850	162890	1981	421	0	166142
764	161747	1792	546	411	0	164496
765	2192	655	163497	287	0	166631
766	1001	444	1803	159615	0	162863
767	818	368	165776	1800	0	168762
768	752	429	165824	499	0	167504
769	836	311	2122	159460	0	162729
770	830	445	167113	1864	0	170252
771	751	382	1961	163078	0	166172
772	761	291	609	166871	0	168532
773	167258	326	461	2415	0	170460
774	2214	170209	542	840	0	173805
775	959	174192	568	523	0	176242
776	804	176168	531	448	0	177951
777	1098	2676	172895	392	0	177061
778	921	864	2251	170872	0	174908
779	747	676	177401	2250	0	181074
780	161423	435	2527	948	0	165333
781	173722	409	775	689	0	175595
782	2743	176890	647	653	0	180933
783	1333	2241	463	169034	0	173071
784	823	178010	574	2122	0	181529
785	178217	2302	461	858	0	181838
786	2780	801	414	176856	0	180851
787	1199	744	178603	2395	0	182941
788	857	177153	2491	981	0	181482
789	975	2522	179299	654	0	183450
790	930	814	2482	175721	0	179947
791	781	712	176693	2500	0	180686
792	162405	491	2688	1128	0	166712
793	2789	698	176574	664	0	180725
794	1045	176356	2777	715	0	180893
795	909	2404	1059	174094	0	178466
796	931	856	841	178258	0	180886
797	175927	569	724	2978	0	180198
798	175541	587	758	1233	0	178119
799	2904	174390	892	939	0	179125
800	1225	2505	173254	656	0	177640
801	979	1040	172499	665	0	175183
802	165770	715	2902	848	0	170235
803	2819	812	172538	645	0	176814
804	1233	802	169228	680	0	171943
805	1065	783	170261	676	0	172785
806	1093	732	168989	686	0	171500
807	891	168428	3089	791	0	173199
808	168567	2508	1239	817	0	173131
809	2924	1112	942	160147	0	165125
810	162610	787	940	2356	0	166693
811	2838	161959	998	1030	0	166825
812	160447	2511	959	939	0	164856
813	2726	166741	1093	839	0	171399
814	1444	2639	1024	159687	0	164794
815	1029	173724	1191	2419	0	178363
816	1141	2929	172411	1049	0	177530
817	961	176680	3110	930	0	181681
818	1197	2863	1252	187926	0	193238
819	189957	1143	1054	3112	0	195266
820	3422	976	959	189547	0	194904
821	1613	1062	190321	3231	0	196227
822	1347	840	3317	177872	0	183376
823	956	189373	1590	3105	0	195024
824	1049	3200	189996	1146	0	195391
825	184710	1248	3383	1054	0	190395
826	3451	973	1574	192876	0	198874
827	192325	824	1219	3381	0	197749
828	190739	841	1155	1486	0	194221
829	3598	192995	1336	1153	0	199082
830	191318	3151	1166	1060	0	196695
831	191911	1276	1174	1048	0	195409
832	3671	192831	1422	919	0	198843
833	1578	3169	1206	192039	0	197992
834	1258	1312	1262	189893	0	193725
835	893	191416	1376	3655	0	197340
836	1109	3218	1113	192721	0	198161
837	1018	1478	190625	3242	0	196363
838	1249	1449	3213	184785	0	190696
839	1112	1002	183757	3118	0	188989
840	949	845	170924	1156	0	173874
841	754	168656	3149	1044	0	173603
842	726	166775	1313	886	0	169700
843	778	169174	1087	714	0	171753
844	1610	2740	1095	158409	0	163854
845	638	1088	161585	2058	0	165369
846	153977	669	2269	934	0	157849
847	2248	476	880	162074	0	165678
848	838	742	162676	2107	0	166363
849	732	673	163066	856	0	165327
850	524	164153	2594	696	0	167967
851	714	2413	969	159104	0	163200
852	158455	879	665	2150	0	162149
853	1866	158276	761	949	0	161852
854	735	158008	657	736	0	160136
855	504	156429	691	690	0	158314
856	571	2677	607	154602	0	158457
857	440	160684	763	2205	0	164092
858	571	2385	590	170850	0	174396
859	607	867	570	175342	0	177386
860	634	772	172067	3058	0	176531
861	146075	599	2879	1710	0	151263
862	2726	757	175595	609	0	179687
863	1008	878	2822	173971	0	178679
864	644	778	177953	2808	0	182183
865	411	176271	3043	1097	0	180822
866	174770	2908	1220	882	0	179780
867	2951	1020	829	169052	0	173852
868	989	610	606	171879	0	174084
869	171583	479	562	3242	0	175866
870	170400	503	567	1284	0	172754
871	173829	528	562	874	0	175793
872	3323	678	172549	625	0	177175
873	154480	478	2550	660	0	158168
874	2564	165436	903	598	0	169501
875	801	166237	619	611	0	168268
876	675	3012	440	158829	0	162956
877	645	1060	295	152187	0	154187
878	484	156737	488	2873	0	160582
879	672	2659	358	155350	0	159039
880	151012	844	398	2905	0	155159
881	2624	720	155807	1069	0	160220
882	857	154669	2623	776	0	158925
883	144073	2573	851	743	0	148240
884	2170	151281	777	787	0	155015
885	773	2753	151070	668	0	155264
886	701	1087	2486	147686	0	151960
887	571	789	150693	2662	0	154715
888	520	147939	2703	1105	0	152267
889	726	2610	901	145233	0	149470
890	545	1018	147265	2580	0	151408
891	599	828	148614	979	0	151020
892	718	655	2861	141940	0	146174
893	146619	572	1045	2531	0	150767
894	147385	578	625	1127	0	149715
895	147058	549	528	929	0	149064
896	3018	752	148436	678	0	152884
897	1049	148388	2599	760	0	152796
898	884	2541	901	145454	0	149780
899	724	944	685	138644	0	140997
900	568	147937	704	2839	0	152048
901	145962	2598	548	1290	0	150398
902	2659	998	519	146493	0	150669
903	985	852	146455	2693	0	150985
904	719	146574	2643	1327	0	151263
905	139119	2636	1008	1019	0	143782
906	2354	144360	958	1075	0	148747
907	1144	2700	774	140484	0	145102
908	929	1055	843	142151	0	144978
909	907	808	798	140577	0	143090
910	723	922	141738	3255	0	146638
911	947	824	2753	130833	0	135357
912	810	137688	1522	2800	0	142820
913	847	135531	1172	1458	0	139008
914	1024	2848	130756	1124	0	135752
915	120746	1154	2657	1171	0	125728
916	126141	856	1146	1216	0	129359
917	2954	124201	1045	1078	0	129278
918	110296	2009	901	1021	0	114227
919	109441	762	626	971	0	111800
920	2545	113379	745	1689	0	118358
921	1577	2136	676	114666	0	119055
922	1172	1042	120180	2265	0	124659
923	1176	907	117222	1052	0	120357
924	114639	960	2559	1050	0	119208
925	2377	120042	1167	1019	0	124605
926	1270	2422	752	119192	0	123636
927	985	1181	694	120875	0	123735
928	1038	1020	632	120119	0	122809
929	117260	879	698	3167	0	122004
930	2752	925	723	117992	0	122392
931	1477	942	775	118360	0	121554
932	1119	1051	114660	2735	0	119565
933	105509	924	2317	1379	0	110129
934	2435	113925	1232	1070	0	118662
935	112459	2482	920	991	0	116852
936	2398	112065	975	977	0	116415
937	1132	2501	914	107855	0	112402
938	112710	1122	854	2470	0	117156
939	113544	948	958	1406	0	116856
940	2623	1066	113038	1064	0	117791
941	112441	892	2473	1140	0	116946
942	2645	977	116489	991	0	121102
943	1328	943	113240	903	0	116414
944	1104	943	113201	981	0	116229
945	1101	987	118797	901	0	121786
946	1095	997	3129	118100	0	123321
947	1072	1000	120194	2746	0	125012
948	1001	836	2958	117653	0	122448
949	118736	912	1247	3015	0	123910
950	2741	935	1051	117676	0	122403
951	113292	857	947	3232	0	118328
952	2628	117121	1057	1600	0	122406
953	1250	3005	903	115614	0	120772
954	1151	1233	112434	2965	0	117783
955	904	120544	2705	1652	0	125805
956	1107	3548	1080	115140	0	120875
957	1044	1099	117018	2850	0	122011
958	678	108280	2257	990	0	112205
959	577	107601	775	885	0	109838
960	1252	2384	104379	714	0	108729
961	771	1670	2188	97432	0	102061
962	455	517	98737	1997	0	101706
963	90082	256	1873	599	0	92810
964	94351	193	506	457	0	95507
965	1903	93803	445	381	0	96532
966	93542	1670	283	367	0	95862
967	1866	459	257	93786	0	96368
968	549	379	93539	1767	0	96234
969	87174	215	1775	713	0	89877
970	1869	297	92671	462	0	95299
971	462	90920	1837	293	0	93512
972	92539	1652	771	393	0	95355
973	1772	433	337	91780	0	94322
974	536	315	93118	1604	0	95573
975	90872	146	1683	553	0	93254
976	92283	164	497	346	0	93290
977	92818	168	307	286	0	93579
978	2087	155	242	91293	0	93777
979	656	135	228	93221	0	94240
980	376	236	92544	1944	0	95100
981	219	92168	1808	629	0	94824
982	313	1639	513	89750	0	92215
983	343	407	349	93684	0	94783
984	270	362	92776	1971	0	95379
985	314	276	92768	639	0	93997
986	332	149	2022	91336	0	93839
987	89660	207	682	1839	0	92388
988	1645	91700	518	641	0	94504
989	90711	1714	373	499	0	93297
990	1775	91657	476	510	0	94418
991	646	1832	92126	339	0	94943
992	481	629	93513	337	0	94960
993	86870	396	2291	427	0	89984
994	95570	306	724	476	0	97076
995	2195	95495	627	636	0	98953
996	809	1914	93700	583	0	97006
997	703	516	2022	92154	0	95395
998	665	386	710	88645	0	90406
999	493	93997	650	2344	0	97484
1000	563	1968	446	93955	0	96932
1001	503	736	95114	2185	0	98538
1002	91285	477	2121	845	0	94728
1003	95580	407	788	626	0	97401
1004	95251	377	607	577	0	96812
1005	97226	365	502	502	0	98595
1006	2748	477	94758	472	0	98455
1007	92322	294	2222	525	0	95363
1008	2546	389	94894	432	0	98261
1009	971	94176	2527	481	0	98155
1010	858	1996	1077	94493	0	98424
1011	96874	626	785	2162	0	100447
1012	2329	442	727	101290	0	104788
1013	931	472	102423	2534	0	106360
1014	100428	368	2627	949	0	104372
1015	104267	371	960	847	0	106445
1016	2980	335	736	102649	0	106700
1017	1242	359	582	104969	0	107152
1018	936	509	103076	2933	0	107454
1019	740	103366	2612	1157	0	107875
1020	97929	2221	898	798	0	101846
1021	2483	852	94375	514	0	98224
1022	88651	480	2195	512	0	91838
1023	2540	92688	975	468	0	96671
1024	91020	2109	616	429	0	94174
1025	2552	89552	644	426	0	93174
1026	1062	91172	624	523	0	93381
1027	918	2596	597	89641	0	93752
1028	889	866	484	92434	0	94673
1029	797	532	491	93067	0	94887
1030	771	405	460	93409	0	95045
1031	656	439	91160	2839	0	95094
1032	86745	372	2245	1198	0	90560
1033	92675	339	853	885	0	94752
1034	94168	338	656	800	0	95962
1035	3085	298	595	91689	0	95667
1036	1481	285	520	93444	0	95730
1037	92631	303	576	2699	0	96209
1038	93395	387	519	1121	0	95422
1039	93398	349	561	853	0	95161
1040	3067	490	549	89333	0	93439
1041	1360	485	483	87962	0	90290
1042	962	463	85285	2407	0	89117
1043	860	425	84103	921	0	86309
1044	767	83524	2415	684	0	87390
1045	74370	2232	1722	941	0	79265
1046	74208	529	710	674	0	76121
1047	74900	379	414	672	0	76365
1048	1912	428	76841	531	0	79712
1049	74524	309	1455	642	0	76930
1050	77755	253	536	611	0	79155
1051	78660	235	438	625	0	79958
1052	2148	218	446	76827	0	79639
1053	1114	227	422	77090	0	78853
1054	991	226	396	76910	0	78523
1055	774	304	70064	1848	0	72990
1056	62319	268	1155	868	0	64610
1057	1556	68476	550	562	0	71144
1058	63030	984	266	424	0	64704
1059	1405	62250	246	387	0	64288
1060	709	63399	329	392	0	64829
1061	783	1148	284	62593	0	64808
1062	728	496	332	61118	0	62674
1063	470	61791	288	1218	0	63767
1064	60930	959	229	606	0	62724
1065	60953	344	249	535	0	62081
1066	1342	263	259	60103	0	61967
1067	763	248	60394	1141	0	62546
1068	716	191	58705	520	0	60132
1069	710	182	61321	428	0	62641
1070	665	216	60663	354	0	61898
1071	56023	334	1398	410	0	58165
1072	58075	151	416	409	0	59051
1073	1395	158	274	56750	0	58577
1074	701	190	56390	1125	0	58406
1075	645	217	876	55672	0	57410
1076	528	58060	377	1084	0	60049
1077	539	64313	327	518	0	65697
1078	65411	1023	237	522	0	67193
1079	65805	476	216	438	0	66935
1080	66169	346	235	480	0	67230
1081	1324	298	254	65204	0	67080
1082	711	290	224	66549	0	67774
1083	601	271	212	66627	0	67711
1084	642	190	193	66416	0	67441
1085	609	224	65972	1252	0	68057
1086	667	171	867	65673	0	67378
1087	69184	136	404	1262	0	70986
1088	1275	123	348	69726	0	71472
1089	628	154	304	70760	0	71846
1090	569	243	315	69657	0	70784
1091	475	67709	374	1393	0	69951
1092	466	67615	332	664	0	69077
1093	470	68907	292	476	0	70145
1094	499	931	185	65574	0	67189
1095	437	327	186	66544	0	67494
1096	66121	212	184	1176	0	67693
1097	66226	193	161	576	0	67156
1098	66912	224	168	418	0	67722
1099	1180	216	157	66182	0	67735
1100	602	173	157	65724	0	66656
1101	501	65961	219	1050	0	67731
1102	479	68356	198	540	0	69573
1103	67213	854	133	409	0	68609
1104	1093	261	133	66791	0	68278
1105	67151	127	144	1076	0	68498
1106	68787	93	203	596	0	69679
1107	1087	97	233	67024	0	68441
1108	464	71813	279	927	0	73483
1109	72695	734	167	550	0	74146
1110	74994	253	116	513	0	75876
1111	1079	263	76935	333	0	78610
1112	70185	105	455	203	0	70948
1113	544	72685	239	197	0	73665
1114	309	421	59	74764	0	75553
1115	83254	195	51	848	0	84348
1116	670	100	42	83238	0	84050
1117	316	77	49	83691	0	84133
1118	157	84603	118	733	0	85611
1119	83344	546	48	377	0	84315
1120	84063	215	51	277	0	84606
1121	757	84456	115	212	0	85540
1122	292	88715	87	152	0	89246
1123	88297	630	105	231	0	89263
1124	87430	255	62	201	0	87948
1125	778	208	85897	146	0	87029
1126	347	214	81815	159	0	82535
1127	6459	197	81320	130	0	88106
1128	212	71	657	87713	0	88653
1129	168	87	226	90042	0	90523
1130	190	187	89751	687	0	90815
1131	85579	104	516	449	0	86648
1132	92604	93	203	291	0	93191
1133	92883	88	88	244	0	93303
1134	91510	94	64	249	0	91917
1135	855	229	101237	118	0	102439
1136	100218	111	563	369	0	101261
1137	104813	106	404	385	0	105708
1138	104979	91	132	303	0	105505
1139	105897	100	93	267	0	106357
1140	104793	126	109	307	0	105335
1141	862	237	107938	230	0	109267
1142	396	107816	622	215	0	109049
1143	331	624	226	107441	0	108622
1144	316	285	111	110198	0	110910
1145	292	328	109497	770	0	110887
1146	99782	152	586	525	0	101045
1147	780	130	231	107593	0	108734
1148	493	301	108249	613	0	109656
1149	415	253	105958	341	0	106967
1150	301	112459	841	266	0	113867
1151	357	574	294	113990	0	115215
1152	320	286	158	115293	0	116057
1153	370	214	117	114902	0	115603
1154	115254	124	146	957	0	116481
1155	799	118	123	115323	0	116363
1156	473	347	115079	724	0	116623
1157	423	309	108532	382	0	109646
1158	506	332	120958	272	0	122068
1159	452	201	812	121092	0	122557
1160	124412	136	350	835	0	125733
1161	882	327	125685	302	0	127196
1162	121416	141	672	414	0	122643
1163	138372	126	333	792	0	139623
1164	1084	128	213	140836	0	142261
1165	624	151	189	141701	0	142665
1166	418	143368	298	1038	0	145122
1167	452	823	143023	439	0	144737
1168	135770	316	799	587	0	137472
1169	940	204	346	147155	0	148645
1170	485	147937	356	925	0	149703
1171	449	759	180	149402	0	150790
1172	409	547	149208	958	0	151122
1173	462	324	795	145082	0	146663
1174	352	148502	560	932	0	150346
1175	432	723	262	147402	0	148819
1176	146037	262	239	1094	0	147632
1177	915	232	242	143186	0	144575
1178	414	141642	423	956	0	143435
1179	322	143739	400	538	0	144999
1180	135457	832	270	609	0	137168
1181	1006	551	143720	287	0	145564
1182	535	223	827	141923	0	143508
1183	461	171	347	146912	0	147891
1184	471	373	149100	1102	0	151046
1185	282	150036	974	783	0	152075
1186	448	1006	149987	388	0	151829
1187	441	684	837	144270	0	146232
1188	273	151581	534	791	0	153179
1189	153600	670	237	835	0	155342
1190	744	154431	380	472	0	156027
1191	302	156897	388	386	0	157973
1192	158499	772	241	497	0	160009
1193	161853	303	213	685	0	163054
1194	164885	155	191	570	0	165801
1195	1076	155	147	165836	0	167214
1196	423	389	167486	782	0	169080
1197	163612	156	761	625	0	165154
1198	178413	130	290	525	0	179358
1199	1294	137	215	183976	0	185622
1200	455	455	184267	1191	0	186368
1201	241	183880	1242	488	0	185851
1202	182417	1041	314	551	0	184323
1203	187590	335	217	759	0	188901
1204	1184	192047	402	441	0	194074
1205	314	197186	322	291	0	198113
1206	196382	1237	101	527	0	198247
1207	195480	334	130	448	0	196392
1208	192910	204	123	444	0	193681
1209	1472	170	110	191664	0	193416
1210	514	432	194424	1281	0	196651
1211	406	182	1102	189067	0	190757
1212	307	457	191700	1321	0	193785
1213	220	189453	1312	493	0	191478
1214	239	191395	495	311	0	192440
1215	496	1144	246	176127	0	178013
1216	336	250	138	182827	0	183551
1217	334	266	141	177848	0	178589
1218	176	183095	348	1198	0	184817
1219	180271	1032	149	595	0	182047
1220	177498	379	158	509	0	178544
1221	1151	184241	325	418	0	186135
1222	524	1141	87	178373	0	180125
1223	305	180879	247	1069	0	182500
1224	506	1147	87	179100	0	180840
1225	329	181857	300	1110	0	183596
1226	181553	1066	151	724	0	183494
1227	1235	303	179	180326	0	182043
1228	450	540	179508	1170	0	181668
1229	171943	193	1091	732	0	173959
1230	177707	236	327	639	0	178909
1231	1342	589	177313	342	0	179586
1232	553	329	1020	175571	0	177473
1233	388	579	180139	1260	0	182366
1234	387	289	1050	179277	0	181003
1235	346	563	172511	1283	0	174703
1236	159984	344	1110	698	0	162136
1237	1352	344	273	167005	0	168974
1238	486	170854	371	1218	0	172929
1239	173659	1292	164	678	0	175793
1240	1421	492	160	176149	0	178222
1241	640	390	154	175633	0	176817
1242	513	657	174329	1520	0	177019
1243	593	328	1219	180227	0	182367
1244	590	589	188246	1793	0	191218
1245	655	596	195155	599	0	197005
1246	631	309	1987	198493	0	201420
1247	622	580	213724	1976	0	216902
1248	208081	370	2390	917	0	211758
1249	245817	355	651	793	0	247616
1250	247952	417	430	812	0	249611
1251	4472	268368	607	719	0	274166
1252	1783	4205	385	268241	0	274614
1253	1227	1559	393	246933	0	250112
1254	746	274769	654	4465	0	280634
1255	272714	4350	438	1698	0	279200
1256	4608	1344	304	269546	0	275802
1257	1587	1113	279624	4533	0	286857
1258	1104	811	270096	1626	0	273637
1259	583	268092	5449	1353	0	275477
1260	268696	4283	1684	1101	0	275764
1261	4622	1659	270032	843	0	277156
1262	242499	855	4805	1044	0	249203
1263	4531	245984	1977	1107	0	253599
1264	1754	4223	256104	787	0	262868
1265	1189	1513	252488	668	0	255858
1266	975	1049	259841	600	0	262465
1267	842	249643	5930	794	0	257209
1268	1082	4664	252689	697	0	259132
1269	243176	1327	4885	935	0	250323
1270	4868	1050	1651	234648	0	242217
1271	1757	604	936	254167	0	257464
1272	1269	627	604	256391	0	258891
1273	1147	578	607	257905	0	260237
1274	1022	784	193570	65430	0	260806
1275	1245	582	3724	251155	0	256706
1276	1195	551	1399	254625	0	257770
1277	250494	565	1001	6035	0	258095
1278	256846	556	914	2538	0	260854
1279	241817	630	1074	1712	0	245233
1280	5751	923	252472	1182	0	260328
1281	2079	255304	5119	1243	0	263745
1282	1250	263220	2179	1034	0	267683
1283	239894	5652	1392	1244	0	248182
1284	4526	254839	1446	1082	0	261893
1285	2101	5298	1095	250425	0	258919
1286	1604	1805	1029	256254	0	260692
1287	1144	1516	252976	6028	0	261664
1288	927	247190	5607	2687	0	256411
1289	961	5109	247041	1500	0	254611
1290	238033	1665	5656	1581	0	246935
1291	249842	1096	2188	1387	0	254513
1292	6236	796	1685	245958	0	254675
1293	2517	703	1315	244319	0	248854
1294	1701	711	1351	243870	0	247633
1295	1642	758	1269	246196	0	249865
1296	1323	901	241813	6917	0	250954
1297	1527	1031	5088	233865	0	241511
1298	1182	795	236004	5904	0	243885
1299	1109	814	230286	2511	0	234720
1300	936	228465	6244	2036	0	237681
1301	226935	4639	2573	1737	0	235884
1302	4871	233609	1854	1518	0	241852
1303	2428	5448	1377	218877	0	228130
1304	1506	2064	234248	5218	0	243036
1305	221923	1201	5615	2272	0	231011
1306	5614	1145	231071	1721	0	239551
1307	228522	913	6050	1592	0	237077
1308	233534	888	2485	1600	0	238507
1309	7109	875	1800	236735	0	246519
1310	3188	949	1505	235321	0	240963
1311	2437	928	1486	236343	0	241194
1312	1875	1361	230006	7559	0	240801
1313	221522	1109	5990	3344	0	231965
1314	6337	226851	2819	2530	0	238537
1315	3293	5627	1830	221664	0	232414
1316	229843	2207	1481	6529	0	240060
1317	233991	1748	1556	3144	0	240439
1318	234635	1552	1481	2724	0	240392
1319	8450	1829	226978	2399	0	239656
1320	228495	1868	6294	2631	0	239288
1321	232303	1862	2918	2904	0	239987
1322	7823	1791	210151	3020	0	222785
1323	3533	1978	236448	2331	0	244290
1324	2962	1703	8196	230321	0	243182
1325	2540	1575	236223	6889	0	247227
1326	1962	226858	8730	3183	0	240733
1327	2031	237026	5094	2005	0	246156
1328	227442	7365	3501	1833	0	240141
1329	6978	235205	3006	1836	0	247025
1330	3711	6724	3017	233150	0	246602
1331	224399	2630	2933	7049	0	237011
1332	6728	234900	2995	3499	0	248122
1333	3011	6623	2777	233015	0	245426
1334	2373	2422	3115	238157	0	246067
1335	2045	1945	232276	8967	0	245233
1336	2286	1524	7227	231025	0	242062
1337	2246	1826	231312	8684	0	244068
1338	2498	1293	231572	4727	0	240090
1339	2946	940	7289	222668	0	233843
1340	2418	895	3043	227629	0	233985
1341	221463	858	2058	9771	0	234150
1342	7047	233389	2355	5166	0	247957
1343	3652	6048	1830	223902	0	235432
1344	3162	3881	1700	224559	0	233302
1345	209441	1474	1342	8850	0	221107
1346	7416	203469	1703	4103	0	216691
1347	3459	192472	1723	2311	0	199965
1348	2335	180893	1604	1739	0	186571
1349	1123	155118	1293	1151	0	158685
1350	128361	3944	4716	948	0	137969
1351	125278	1185	1174	818	0	128455
1352	121134	697	429	723	0	122983
1353	120952	522	457	685	0	122616
1354	3894	535	464	117223	0	122116
1355	1360	685	116123	3114	0	121282
1356	882	115139	3092	1229	0	120342
1357	940	2906	1026	111206	0	116078
1358	776	969	112410	3036	0	117191
1359	918	755	2984	110128	0	114785
1360	822	439	1029	112284	0	114574
1361	666	609	111299	3651	0	116225
1362	770	508	3008	110029	0	114315
1363	937	593	1094	108192	0	110816
1364	111123	521	718	3830	0	116192
1365	110723	496	638	1654	0	113511
1366	110066	469	533	1246	0	112314
1367	109743	532	569	1046	0	111890
1368	4028	544	568	105829	0	110969
1369	1722	540	517	108060	0	110839
1370	1271	586	518	108525	0	110900
1371	105294	581	579	4071	0	110525
1372	3557	599	540	105793	0	110489
1373	1640	546	601	107014	0	109801
1374	1297	725	102779	3929	0	108730
1375	1261	891	2942	97737	0	102831
1376	1154	99078	1141	3363	0	104736
1377	1070	104613	856	1529	0	108068
1378	98776	3162	526	1207	0	103671
1379	3328	1152	97870	1118	0	103468
1380	1273	93666	2769	1028	0	98736
1381	91947	2591	1186	885	0	96609
1382	3053	955	651	92208	0	96867
1383	1190	767	92645	3076	0	97678
1384	1070	904	2657	86737	0	91368
1385	750	94990	1035	3013	0	99788
1386	93053	2641	761	1375	0	97830
1387	2796	96115	757	1173	0	100841
1388	95518	2745	518	1078	0	99859
1389	97680	848	501	1066	0	100095
1390	3442	647	427	95832	0	100348
1391	1394	573	424	92466	0	94857
1392	916	94981	619	3423	0	99939
1393	95585	2609	451	1540	0	100185
1394	2983	983	94775	1187	0	99928
1395	89861	649	2444	1059	0	94013
1396	89974	489	745	1053	0	92261
1397	3112	559	86236	1157	0	91064
1398	1247	619	2181	81541	0	85588
1399	82231	372	757	2814	0	86174
1400	2564	523	81842	1218	0	86147
1401	1037	564	79587	950	0	82138
1402	72667	466	2450	849	0	76432
1403	2242	74109	957	816	0	78124
1404	864	70051	558	652	0	72125
1405	1119	2375	652	66646	0	70792
1406	677	886	67705	1885	0	71153
1407	61928	539	1791	972	0	65230
1408	1906	477	65884	696	0	68963
1409	730	60000	1595	492	0	62817
1410	59662	1604	635	577	0	62478
1411	1803	594	376	59612	0	62385
1412	59753	380	307	1787	0	62227
1413	1888	423	59391	766	0	62468
1414	939	385	1485	56653	0	59462
1415	625	59917	561	1562	0	62665
1416	590	1629	387	58756	0	61362
1417	634	680	311	60612	0	62237
1418	747	507	60096	1914	0	63264
1419	730	58337	1583	850	0	61500
1420	639	58810	719	621	0	60789
1421	683	1570	56219	523	0	58995
1422	51559	550	1538	529	0	54176
1423	54323	327	610	543	0	55803
1424	1904	378	442	52580	0	55304
1425	50468	255	418	1390	0	52531
1426	1507	48908	458	725	0	51598
1427	611	51685	420	578	0	53294
1428	51542	1497	434	535	0	54008
1429	1632	615	391	51778	0	54416
1430	53145	325	382	1594	0	55446
1431	54679	240	287	752	0	55958
1432	1871	327	277	51780	0	54255
1433	860	362	51880	1425	0	54527
1434	50471	301	1403	585	0	52760
1435	52274	281	492	469	0	53516
1436	1921	322	397	49994	0	52634
1437	780	51378	400	1467	0	54025
1438	576	1429	325	51308	0	53638
1439	503	580	51058	1564	0	53705
1440	546	418	50933	696	0	52593
1441	431	50171	1652	644	0	52898
1442	791	697	539	36381	0	38408
1443	236	189	194	37184	0	37803
1444	196	162	37261	677	0	38296
1445	35199	138	594	290	0	36221
1446	37877	114	209	205	0	38405
1447	37915	102	143	174	0	38334
1448	37923	101	129	173	0	38326
1449	789	37257	182	208	0	38436
1450	328	38641	137	213	0	39319
1451	39438	712	130	220	0	40500
1452	760	229	123	40421	0	41533
1453	327	168	113	40657	0	41265
1454	230	41251	178	810	0	42469
1455	267	728	114	41392	0	42501
1456	276	240	130	40510	0	41156
1457	212	40804	162	869	0	42047
1458	258	774	40782	303	0	42117
1459	256	253	709	40767	0	41985
1460	41032	185	213	808	0	42238
1461	40741	141	180	304	0	41366
1462	922	182	40068	255	0	41427
1463	440	168	39753	183	0	40544
1464	348	108	39852	196	0	40504
1465	321	140	818	38581	0	39860
1466	288	149	39414	726	0	40577
1467	272	179	39753	261	0	40465
1468	314	429	789	36800	0	38332
1469	281	40374	301	726	0	41682
1470	327	737	40873	312	0	42249
1471	205	41656	735	303	0	42899
1472	40969	756	295	257	0	42277
1473	723	41653	248	229	0	42853
1474	299	735	187	41131	0	42352
1475	41465	219	183	816	0	42683
1476	812	164	163	41298	0	42437
1477	362	164	173	41946	0	42645
1478	290	181	42132	870	0	43473
1479	279	40807	753	333	0	42172
1480	247	42034	320	275	0	42876
1481	325	730	212	39982	0	41249
1482	236	268	173	40042	0	40719
1483	226	177	163	39392	0	39958
1484	208	178	38669	765	0	39820
1485	170	194	36423	322	0	37109
1486	32644	127	688	305	0	33764
1487	563	143	36297	192	0	37195
1488	210	141	36791	207	0	37349
1489	155	36153	699	216	0	37223
1490	245	675	345	35827	0	37092
1491	197	212	36865	634	0	37908
1492	181	135	640	35457	0	36413
1493	168	134	37625	702	0	38629
1494	170	116	671	37205	0	38162
1495	162	138	39435	709	0	40444
1496	157	90	703	38533	0	39483
1497	155	116	257	38244	0	38772
1498	118	40095	228	723	0	41164
1499	127	630	170	39398	0	40325
1500	116	40457	199	689	0	41461
1501	153	684	159	40818	0	41814
1502	150	216	169	41393	0	41928
1503	40021	169	171	837	0	41198
1504	668	153	153	39984	0	40958
1505	251	153	39690	770	0	40864
1506	190	114	672	39231	0	40207
1507	179	124	252	40029	0	40584
1508	129	150	39254	860	0	40393
1509	126	163	38871	348	0	39508
1510	172	129	788	37467	0	38556
1511	134	138	279	39249	0	39800
1512	125	181	39183	837	0	40326
1513	86	37958	785	447	0	39276
1514	92	39462	320	361	0	40235
1515	38469	708	237	324	0	39738
1516	665	228	213	39036	0	40142
1517	39533	144	244	821	0	40742
1518	38423	128	236	382	0	39169
1519	638	39404	284	290	0	40616
1520	39462	664	243	285	0	40654
1521	39695	197	252	278	0	40422
1522	717	200	39413	272	0	40602
1523	249	153	724	38788	0	39914
1524	157	173	40325	763	0	41418
1525	148	195	751	40025	0	41119
1526	111	154	40371	802	0	41438
1527	81	38019	746	350	0	39196
1528	62	38560	313	287	0	39222
1529	279	686	232	36285	0	37482
1530	35917	169	162	621	0	36869
1531	495	102	137	35648	0	36382
1532	159	91	147	36084	0	36481
1533	103	123	36350	616	0	37192
1534	102	139	36366	247	0	36854
1535	105	125	36834	222	0	37286
1536	109	96	635	35679	0	36519
1537	113	89	252	34378	0	34832
1538	66	36134	229	635	0	37064
1539	72	37471	242	291	0	38076
1540	36179	559	191	286	0	37215
1541	459	36823	217	261	0	37760
1542	154	586	36143	249	0	37132
1543	137	178	577	35324	0	36216
1544	111	150	37790	672	0	38723
1545	74	38328	616	329	0	39347
1546	140	567	244	38317	0	39268
1547	36879	172	193	650	0	37894
1548	441	149	38469	320	0	39379
1549	142	38960	568	332	0	40002
1550	115	482	38696	253	0	39546
1551	74	38095	538	263	0	38970
1552	218	612	331	35749	0	36910
1553	36393	163	149	528	0	37233
1554	35698	100	126	303	0	36227
1555	414	35986	162	252	0	36814
1556	36225	374	123	256	0	36978
1557	409	150	155	36281	0	36995
1558	36309	114	166	529	0	37118
1559	428	146	37403	282	0	38259
1560	188	123	37750	238	0	38299
1561	148	124	550	35281	0	36103
1562	142	121	228	39222	0	39713
1563	161	167	38830	623	0	39781
1564	144	140	515	38874	0	39673
1565	39386	111	206	667	0	40370
1566	39089	121	173	333	0	39716
1567	576	38322	183	256	0	39337
1568	212	38514	171	217	0	39114
1569	37053	564	135	216	0	37968
1570	569	223	138	36451	0	37381
1571	36219	152	130	592	0	37093
1572	517	36416	202	259	0	37394
1573	36333	465	156	219	0	37173
1574	525	205	35763	208	0	36701
1575	215	168	35820	201	0	36404
1576	172	190	636	35159	0	36157
1577	156	199	36619	558	0	37532
1578	190	123	556	35283	0	36152
1579	146	129	220	35183	0	35678
1580	185	159	37152	608	0	38104
1581	143	124	530	36682	0	37479
1582	204	122	205	38777	0	39308
1583	142	167	39935	684	0	40928
1584	133	151	39724	233	0	40241
1585	37549	102	651	240	0	38542
1586	587	140	40704	189	0	41620
1587	40500	154	675	165	0	41494
1588	44040	82	282	177	0	44581
1589	814	112	44718	126	0	45770
1590	288	109	45719	100	0	46216
1591	256	354	837	42848	0	44295
1592	160	138	307	42027	0	42632
1593	95	43842	249	730	0	44916
1594	105	45458	158	343	0	46064
1595	116	758	43891	202	0	44967
1596	40779	226	705	209	0	41919
1597	43554	114	277	172	0	44117
1598	784	117	43330	117	0	44348
1599	303	103	43502	117	0	44025
1600	216	130	786	41461	0	42593
1601	130	44035	336	620	0	45121
1602	195	612	182	44401	0	45390
1603	149	186	132	45377	0	45844
1604	45147	103	136	794	0	46180
1605	45072	100	135	311	0	45618
1606	839	85	128	46337	0	47389
1607	324	127	46625	695	0	47771
1608	42847	77	707	321	0	43952
1609	680	47530	339	218	0	48767
1610	48151	611	216	210	0	49188
1611	46419	214	176	191	0	47000
1612	742	47849	203	205	0	48999
1613	284	48941	233	184	0	49642
1614	230	757	182	48365	0	49534
1615	186	278	169	48209	0	48842
1616	173	48728	212	816	0	49929
1617	199	679	153	48551	0	49582
1618	209	246	140	49320	0	49915
1619	154	192	48823	882	0	50051
1620	46631	101	777	388	0	47897
1621	49536	89	287	291	0	50203
1622	49956	98	234	227	0	50515
1623	1028	103	213	49008	0	50352
1624	48137	76	187	813	0	49213
1625	819	47795	265	341	0	49220
1626	420	704	220	44431	0	45775
1627	244	46521	234	712	0	47711
1628	192	48921	246	332	0	49691
1629	49094	769	234	304	0	50401
1630	49487	257	194	260	0	50198
1631	48881	177	201	262	0	49521
1632	48895	123	188	263	0	49469
1633	48577	130	182	236	0	49125
1634	1016	185	48617	191	0	50009
1635	47321	140	720	240	0	48421
1636	930	192	50160	172	0	51454
1637	47724	159	791	229	0	48903
1638	49474	135	362	252	0	50223
1639	48780	116	272	302	0	49470
1640	995	188	51763	231	0	53177
1641	527	220	754	48394	0	49895
1642	308	53646	364	702	0	55020
1643	54146	687	284	330	0	55447
1644	53244	246	231	251	0	53972
1645	957	54168	264	247	0	55636
1646	55076	665	251	269	0	56261
1647	960	232	242	53234	0	54668
1648	417	55517	240	755	0	56929
1649	55078	716	194	389	0	56377
1650	55330	278	200	354	0	56162
1651	1036	254	219	54919	0	56428
1652	55777	182	282	824	0	57065
1653	1002	162	282	56118	0	57564
1654	530	168	243	56794	0	57735
1655	485	233	56360	954	0	58032
1656	446	242	769	54881	0	56338
1657	429	250	301	56587	0	57567
1658	400	279	56429	931	0	58039
1659	435	217	55456	394	0	56502
1660	449	162	801	54665	0	56077
1661	371	235	56096	748	0	57450
1662	49908	155	758	412	0	51233
1663	778	56553	344	342	0	58017
1664	393	677	180	56810	0	58060
1665	354	251	133	58114	0	58852
1666	378	159	123	57996	0	58656
1667	57895	157	113	869	0	59034
1668	57450	162	102	394	0	58108
1669	58364	165	99	316	0	58944
1670	895	58854	185	280	0	60214
1671	565	620	99	59102	0	60386
1672	476	291	74	59698	0	60539
1673	59390	224	41	803	0	60458
1674	59193	214	68	356	0	59831
1675	931	233	89	59114	0	60367
1676	421	302	59425	695	0	60843
1677	56958	185	578	437	0	58158
1678	59906	141	191	328	0	60566
1679	943	216	60357	236	0	61752
1680	54463	126	552	362	0	55503
1681	808	138	60336	280	0	61562
1682	57767	55	615	265	0	58702
1683	761	387	273	60694	0	62115
1684	422	64379	204	605	0	65610
1685	418	551	66884	231	0	68084
1686	305	67076	643	231	0	68255
1687	232	64328	212	151	0	64923
1688	66243	563	316	435	0	67557
1689	494	168	104	65780	0	66546
1690	138	36	28	65052	0	65254
1691	67917	32	34	584	0	68567
1692	388	31	41	68603	0	69063
1693	154	49	40	68764	0	69007
1694	107	55	29	68648	0	68839
1695	96	48	31	68294	0	68469
1696	430	90	68042	402	0	68964
1697	94	111	66851	128	0	67184
1698	67	67772	402	116	0	68357
1699	68271	314	70	205	0	68860
1700	400	77	30	69361	0	69868
1701	112	67504	115	401	0	68132
1702	132	368	40	72017	0	72557
1703	113	85	39	72859	0	73096
1704	119	51	44	72962	0	73176
1705	124	46	42	73687	0	73899
1706	111	48	32	72881	0	73072
1707	76	72056	88	445	0	72665
1708	104	325	42	72851	0	73322
1709	96	168	71147	426	0	71837
1710	74	71271	358	262	0	71965
1711	146	337	67	71644	0	72194
1712	114	127	60	71413	0	71714
1713	86	70436	78	454	0	71054
1714	67	71683	64	223	0	72037
1715	69740	323	51	210	0	70324
1716	310	70362	108	179	0	70959
1717	69103	286	48	230	0	69667
1718	68507	92	54	211	0	68864
1719	382	149	71817	124	0	72472
1720	159	77	315	66744	0	67295
1721	130	142	72473	361	0	73106
1722	72	74130	387	253	0	74842
1723	124	521	130	67380	0	68155
1724	137	134	51	73772	0	74094
1725	100	82	40	74998	0	75220
1726	103	61	32	75705	0	75901
1727	122	140	76715	511	0	77488
1728	107	56	360	74998	0	75521
1729	115	138	76262	475	0	76990
1730	96	143	75284	174	0	75697
1731	68568	77	433	343	0	69421
1732	76570	63	109	234	0	76976
1733	77776	78	75	215	0	78144
1734	429	76369	125	210	0	77133
1735	175	413	53	76789	0	77430
1736	126	201	79182	446	0	79955
1737	161	95	380	76991	0	77627
1738	131	147	81909	453	0	82640
1739	78002	104	403	327	0	78836
1740	80116	73	109	230	0	80528
1741	80020	74	94	212	0	80400
1742	553	159	77676	106	0	78494
1743	200	139	78021	158	0	78518
1744	154	109	448	77943	0	78654
1745	151	70	136	77514	0	77871
1746	104	72	85	80527	0	80788
1747	115	154	80676	471	0	81416
1748	141	191	75828	212	0	76372
1749	75396	82	405	234	0	76117
1750	409	63	130	81914	0	82516
1751	135	78	76	82528	0	82817
1752	83973	47	79	661	0	84760
1753	427	65	87	83800	0	84379
1754	90161	61	88	828	0	91138
1755	93579	46	99	433	0	94157
1756	92433	68	91	349	0	92941
1757	511	214	95690	189	0	96604
1758	166	95505	486	303	0	96460
1759	99148	399	110	415	0	100072
1760	491	113	91	99364	0	100059
1761	223	81	79	98334	0	98717
1762	88	100475	190	541	0	101294
1763	99506	403	80	321	0	100310
1764	98579	113	75	338	0	99105
1765	99579	56	89	323	0	100047
1766	509	101461	185	162	0	102317
1767	106728	405	90	466	0	107689
1768	107540	119	62	374	0	108095
1769	107870	69	71	339	0	108349
1770	583	73	73	106051	0	106780
1771	211	72	88	107450	0	107821
1772	180	275	111082	589	0	112126
1773	202	61	431	107439	0	108133
1774	191	76	131	110344	0	110742
1775	162	216	111165	554	0	112097
1776	102527	93	393	378	0	103391
1777	111194	58	109	334	0	111695
1778	591	103	80	109849	0	110623
1779	234	109456	175	474	0	110339
1780	165	110485	181	218	0	111049
1781	228	667	78	108667	0	109640
1782	200	312	106375	461	0	107348
1783	311	212	389	101770	0	102682
1784	166	231	103737	403	0	104537
1785	155	249	105357	141	0	105902
1786	146	50	270	106714	0	107180
1787	108317	33	117	495	0	108962
1788	105836	45	77	404	0	106362
1789	385	59	75	110245	0	110764
1790	237	53	72	111394	0	111756
1791	164	44	45	111171	0	111424
1792	158	85	65	111119	0	111427
1793	111328	51	70	559	0	112008
1794	110028	86	84	333	0	110531
1795	110072	60	69	348	0	110549
1796	393	200	110985	128	0	111706
1797	205	49	242	109361	0	109857
1798	172	55	101	112735	0	113063
1799	112259	49	72	541	0	112921
1800	344	111709	193	187	0	112433
1801	111459	247	57	375	0	112138
1802	110900	85	55	329	0	111369
1803	110145	82	67	353	0	110647
1804	109804	67	90	361	0	110322
1805	519	302	115269	119	0	116209
1806	312	309	110050	117	0	110788
1807	118552	59	467	376	0	119454
1808	122948	63	141	342	0	123494
1809	122758	47	89	348	0	123242
1810	125770	55	113	363	0	126301
1811	693	279	135889	221	0	137082
1812	260	142570	756	232	0	143818
1813	487	805	245	150294	0	151831
1814	163142	303	150	1530	0	165125
1815	166381	138	123	737	0	167379
1816	176281	122	86	575	0	177064
1817	178952	90	104	387	0	179533
1818	179934	77	111	395	0	180517
1819	173430	98	257	451	0	174236
1820	2539	359	160158	340	0	163396
1821	984	343	171051	134	0	172512
1822	617	198	1625	167250	0	169690
1823	521	379	173284	1492	0	175676
1824	393	170620	1643	656	0	173312
1825	373	175569	774	439	0	177155
1826	513	1907	333	176775	0	179528
1827	372	956	187361	1449	0	190138
1828	377	575	181696	621	0	183269
1829	175873	221	1998	564	0	178656
1830	200491	191	771	486	0	201939
1831	2751	184	368	202371	0	205674
1832	205466	160	350	2610	0	208586
1833	2616	155	296	204788	0	207855
1834	1049	123	250	206670	0	208092
1835	713	446	209226	2918	0	213303
1836	533	498	204091	992	0	206114
1837	617	166	2864	202121	0	205768
1838	551	394	204715	2531	0	208191
1839	189566	138	2584	1327	0	193615
1840	207187	113	838	906	0	209044
1841	3190	213380	761	567	0	217898
1842	214865	2347	364	744	0	218320
1843	3180	951	212679	338	0	217148
1844	207833	279	2660	548	0	211320
1845	215362	147	966	685	0	217160
1846	217581	196	595	635	0	219007
1847	3791	231	475	209254	0	213751
1848	1392	216138	753	2454	0	220737
1849	218289	2565	479	1087	0	222420
1850	219235	781	387	880	0	221283
1851	3902	456	459	222856	0	227673
1852	222224	230	445	3488	0	226387
1853	3586	228751	681	1392	0	234410
1854	1668	3089	437	225171	0	230365
1855	1211	1157	223421	3489	0	229278
1856	192096	504	3512	1930	0	198042
1857	3827	683	222686	897	0	228093
1858	1744	561	3641	218187	0	224133
1859	1034	221844	1471	3549	0	227898
1860	952	239699	1129	1415	0	243195
1861	1299	4705	669	235846	0	242519
1862	2242	243085	1054	4243	0	250624
1863	1381	5236	679	308690	0	315986
1864	1481	1456	710	323401	0	327048
1865	1567	939	655	328127	0	331288
1866	312757	730	590	9291	0	323368
1867	8144	724	552	317713	0	327133
1868	2876	910	313805	8305	0	325896
1869	1979	314064	7443	2763	0	326249
1870	312713	7154	1747	1940	0	323554
1871	8745	1860	855	313435	0	324895
1872	3397	1086	612	318820	0	323915
1873	2398	770	724	322288	0	326180
1874	1968	1205	313201	9594	0	325968
1875	1626	313183	7925	3357	0	326091
1876	311717	7419	2296	2364	0	323796
1877	8395	2224	1461	289901	0	301981
1878	2408	316418	1492	7686	0	328004
1879	313322	7862	1213	3260	0	325657
1880	8106	2720	313739	2033	0	326598
1881	305791	1578	8088	2005	0	317462
1882	8996	1548	318992	1654	0	331190
1883	3335	1528	319942	1784	0	326589
1884	2123	314733	9354	2759	0	328969
1885	2097	7903	2758	302835	0	315593
1886	2082	2706	308369	8721	0	321878
1887	1716	298839	8832	3592	0	312979
1888	2079	7856	2863	285349	0	298147
1889	1448	297477	2569	8352	0	309846
1890	1558	8552	297466	3384	0	310960
1891	1937	2678	8310	293165	0	306090
1892	1829	2121	300030	9284	0	313264
1893	2030	1548	8689	294726	0	306993
1894	2203	1568	2783	305072	0	311626
1895	1933	2052	298188	10555	0	312728
1896	2363	1431	8532	296124	0	308450
1897	288849	1429	3047	10169	0	303494
1898	8271	293817	2669	5375	0	310132
1899	3479	8430	293882	3700	0	309491
1900	285352	2823	8649	3399	0	300223
1901	9558	2093	3159	276940	0	291750
1902	3721	294045	2634	8930	0	309330
1903	296668	8608	1985	4216	0	311477
1904	303315	3248	2025	3442	0	312030
1905	10670	2532	1958	287094	0	302254
1906	4390	2124	1793	294353	0	302660
1907	2927	1998	1819	294770	0	301514
1908	2643	2120	1982	288051	0	294796
1909	2297	282637	2419	12157	0	299510
1910	3075	12220	2202	262107	0	279604
1911	2044	266517	2363	9926	0	280850
1912	2123	264357	2402	5367	0	274249
1913	1790	259538	2494	4326	0	268148
1914	2563	9640	240067	3771	0	256041
1915	1991	246007	8330	4195	0	260523
1916	229429	8238	4095	4512	0	246274
1917	7521	232694	2745	4900	0	247860
1918	3350	8060	2474	211625	0	225509
1919	2631	233047	2834	9691	0	248203
1920	2813	8548	2424	230925	0	244710
1921	2952	3797	2547	238839	0	248135
1922	2660	3529	232324	10566	0	249079
1923	220917	3243	8243	5490	0	237893
1924	233161	2948	3309	4993	0	244411
1925	227787	2641	2952	4949	0	238329
1926	8944	224168	3217	5643	0	241972
1927	3598	7973	3059	216977	0	231607
1928	3110	3903	214730	10164	0	231907
1929	2682	212888	8616	5520	0	229706
1930	3499	8291	3414	172411	0	187615
1931	2581	199131	3168	7360	0	212240
1932	197753	7910	2788	4016	0	212467
1933	201915	3629	2815	3343	0	211702
1934	203344	2922	3157	3165	0	212588
1935	200973	2591	3496	3065	0	210125
1936	8690	2673	3365	193880	0	208608
1937	3484	2847	3293	190904	0	200528
1938	2414	194622	3500	8725	0	209261
1939	2779	7753	2565	195381	0	208478
1940	2138	3816	191341	9094	0	206389
1941	2118	3263	7251	186562	0	199194
1942	1760	3329	184554	9142	0	198785
1943	1665	181668	7767	5333	0	196433
1944	1740	7606	183312	4257	0	196915
1945	2056	3620	7968	181540	0	195184
1946	1916	3010	184352	9124	0	198402
1947	2154	2597	7758	180623	0	193132
1948	2459	2662	3500	184280	0	192901
1949	2707	2470	2851	183513	0	191541
1950	2929	2658	2557	182362	0	190506
1951	171243	2650	1973	8838	0	184704
1952	6872	172657	2234	4579	0	186342
1953	164924	6772	1811	3820	0	177327
1954	6691	3411	161888	3611	0	175601
1955	157392	2571	5559	3692	0	169214
1956	163491	2406	1967	3722	0	171586
1957	8179	2513	157473	3413	0	171578
1958	4876	2177	153171	3348	0	163572
1959	3003	148874	6100	3716	0	161693
1960	2150	140032	2046	3589	0	147817
1961	2974	5827	128208	3618	0	140627
1962	1689	112587	4384	3780	0	122440
1963	2945	2979	2000	54295	0	62219
1964	50275	437	790	935	0	52437
1965	660	276	172	50173	0	51281
1966	50785	254	148	768	0	51955
1967	50572	244	143	463	0	51422
1968	642	52223	219	339	0	53423
1969	51871	547	171	384	0	52973
1970	52136	284	102	356	0	52878
1971	669	257	105	51440	0	52471
1972	52228	205	101	782	0	53316
1973	524	53890	163	440	0	55017
1974	263	584	98	53546	0	54491
1975	53456	228	108	713	0	54505
1976	520	258	53449	336	0	54563
1977	52670	149	424	289	0	53532
1978	616	253	164	54742	0	55775
1979	289	215	55556	396	0	56456
1980	210	166	54373	223	0	54972
1981	52415	290	649	188	0	53542
1982	54490	101	196	267	0	55054
1983	440	75	77	54550	0	55142
1984	194	60	67	55247	0	55568
1985	127	83	51	54612	0	54873
1986	91	55926	125	421	0	56563
1987	56444	347	60	297	0	57148
1988	353	56732	117	183	0	57385
1989	56280	350	74	191	0	56895
1990	424	214	56240	102	0	56980
1991	184	67	343	56437	0	57031
1992	58099	59	133	538	0	58829
1993	418	77	86	58391	0	58972
1994	198	54	90	57641	0	57983
1995	112	57024	141	475	0	57752
1996	57096	358	66	282	0	57802
1997	426	60231	124	188	0	60969
1998	194	437	64	60918	0	61613
1999	132	227	60037	435	0	60831
2000	50557	93	470	371	0	51491
2001	469	140	59308	136	0	60053
2002	52957	60	471	215	0	53703
2003	445	59152	216	178	0	59991
2004	241	465	85	56435	0	57226
2005	114	56540	129	2533	0	59316
2006	58853	478	53	291	0	59675
2007	554	159	75	59623	0	60411
2008	235	73	64	60829	0	61201
2009	166	136	59296	641	0	60239
2010	53683	70	551	341	0	54645
2011	570	61	156	60364	0	61151
2012	240	147	59406	569	0	60362
2013	125	59505	599	269	0	60498
2014	136	521	159	59720	0	60536
2015	60223	153	99	691	0	61166
2016	591	108	81	60409	0	61189
2017	243	161	61505	596	0	62505
2018	64088	72	542	289	0	64991
2019	816	67	150	66393	0	67426
2020	292	171	72109	810	0	73382
2021	194	84	904	72330	0	73512
2022	223	104	252	70999	0	71578
2023	155	73592	218	1044	0	75009
2024	72607	922	90	414	0	74033
2025	925	73773	170	273	0	75141
2026	73582	1010	88	235	0	74915
2027	1110	292	83	70598	0	72083
2028	301	73915	170	982	0	75368
2029	299	982	84	73367	0	74732
2030	196	360	72440	1085	0	74081
2031	68407	168	976	409	0	69960
2032	1091	122	255	70428	0	71896
2033	384	105	176	70300	0	70965
2034	264	100	117	71037	0	71518
2035	215	172	69196	1293	0	70876
2036	258	201	69141	458	0	70058
2037	181	69605	1248	353	0	71387
2038	213	986	330	68300	0	69829
2039	68709	285	191	1164	0	70349
2040	1027	70888	214	480	0	72609
2041	416	1108	113	72869	0	74506
2042	74601	327	121	1269	0	76318
2043	74352	204	150	501	0	75207
2044	1457	75509	200	396	0	77562
2045	82588	1203	118	369	0	84278
2046	91204	421	142	368	0	92135
2047	2071	276	150	93440	0	95937
2048	656	94617	300	1937	0	97510
2049	522	1786	146	96550	0	99004
2050	95419	574	159	2229	0	98381
2051	2067	461	96722	765	0	100015
2052	873	245	1823	95700	0	98641
2053	547	269	580	97708	0	99104
2054	431	369	96442	2570	0	99812
2055	378	281	1920	96219	0	98798
2056	96281	220	629	2435	0	99565
2057	89409	240	440	1099	0	91188
2058	2286	240	313	95329	0	98168
2059	884	314	94735	2392	0	98325
2060	555	298	92590	1056	0	94499
2061	380	93085	2415	838	0	96718
2062	437	95860	896	652	0	97845
2063	631	2283	415	92693	0	96022
2064	92362	759	384	2205	0	95710
2065	1932	93470	477	957	0	96836
2066	92330	1969	379	783	0	95461
2067	2303	745	346	91787	0	95181
2068	920	556	278	92179	0	93933
2069	88609	382	263	2678	0	91932
2070	2106	89505	380	1174	0	93165
2071	89671	1992	275	872	0	92810
2072	2350	889	87102	626	0	90967
2073	967	603	86117	604	0	88291
2074	821	566	2275	82913	0	86575
2075	665	455	85329	2201	0	88650
2076	600	455	84706	1000	0	86761
2077	610	416	2392	78612	0	82030
2078	582	430	82105	2218	0	85335
2079	629	275	2309	79249	0	82462
2080	593	301	903	80896	0	82693
2081	576	395	81876	2678	0	85525
2082	604	321	2162	79424	0	82511
2083	597	368	967	77299	0	79231
2084	480	78746	815	2648	0	82689
2085	78473	1903	566	1306	0	82248
2086	2054	868	78616	1024	0	82562
2087	902	510	2099	77333	0	80844
2088	679	381	919	79596	0	81575
2089	538	504	77375	2814	0	81231
2090	71386	447	2076	1536	0	75445
2091	2064	76690	981	1078	0	80813
2092	1057	1957	645	75691	0	79350
2093	774	739	570	75102	0	77185
2094	581	76105	697	2755	0	80138
2095	622	2076	75404	1389	0	79491
2096	554	76366	2300	1061	0	80281
2097	73409	2186	995	915	0	77505
2098	2049	941	72973	842	0	76805
2099	1006	604	2073	71760	0	75443
2100	683	557	73578	2319	0	77137
2101	584	557	73795	1217	0	76153
2102	505	72654	2532	984	0	76675
2103	911	1921	1137	68939	0	72908
2104	70562	798	770	2175	0	74305
2105	70867	526	683	1200	0	73276
2106	2223	70568	785	1019	0	74595
2107	1093	1811	673	70407	0	73984
2108	70045	771	662	2244	0	73722
2109	71028	577	568	1209	0	73382
2110	2273	70402	684	968	0	74327
2111	71372	1738	590	858	0	74558
2112	2171	768	526	68652	0	72117
2113	938	71418	696	2061	0	75113
2114	825	1848	581	72466	0	75720
2115	767	856	547	73286	0	75456
2116	719	890	550	73632	0	75791
2117	651	543	70648	2639	0	74481
2118	523	539	64523	1207	0	66792
2119	492	64576	1991	853	0	67912
2120	57692	1369	881	730	0	60672
2121	1320	57242	635	734	0	59931
2122	745	1357	455	56336	0	58893
2123	471	668	58661	1583	0	61383
2124	460	519	1504	56038	0	58521
2125	414	426	783	58534	0	60157
2126	399	422	541	59766	0	61128
2127	58462	406	422	1889	0	61179
2128	1321	350	424	59011	0	61106
2129	577	433	61696	1654	0	64360
2130	58441	303	1393	1009	0	61146
2131	61148	311	689	832	0	62980
2132	62732	255	491	747	0	64225
2133	62961	254	359	699	0	64273
2134	62541	268	398	671	0	63878
2135	1735	61641	528	639	0	64543
2136	915	1131	415	57162	0	59623
2137	646	61131	386	1308	0	63471
2138	60631	1206	330	731	0	62898
2139	59929	502	313	634	0	61378
2140	57215	380	285	538	0	58418
2141	1480	55871	384	468	0	58203
2142	609	54385	361	429	0	55784
2143	485	54684	269	419	0	55857
2144	659	1301	52488	379	0	54827
2145	998	3482	998	39904	0	45382
2146	188	35324	277	383	0	36172
2147	52	32204	85	85	0	32426
2148	108	116	74	31714	0	32012
2149	47	41	19	31544	0	31651
2150	48	78	31796	160	0	32082
2151	29909	34	135	137	0	30215
2152	154	28	50	33630	0	33862
2153	77	27	30	33798	0	33932
2154	73	71	33341	179	0	33664
2155	50	57	32407	79	0	32593
2156	39	35179	181	64	0	35463
2157	65	153	55	35479	0	35752
2158	47	46	53	35849	0	35995
2159	56	72	35265	196	0	35589
2160	31304	34	142	151	0	31631
2161	34889	34	75	101	0	35099
2162	190	88	36121	53	0	36452
2163	34740	26	181	135	0	35082
2164	231	112	37060	50	0	37453
2165	35978	42	198	94	0	36312
2166	37238	33	92	111	0	37474
2167	314	69	38753	44	0	39180
2168	125	44	186	38101	0	38456
2169	96	51	82	38547	0	38776
2170	68	37	61	40537	0	40703
2171	40269	38	50	329	0	40686
2172	39755	43	60	195	0	40053
2173	296	76	41367	95	0	41834
2174	132	60	39667	98	0	39957
2175	40889	36	309	153	0	41387
2176	43142	28	117	118	0	43405
2177	355	69	42892	92	0	43408
2178	141	92	42723	74	0	43030
2179	110	44	322	43045	0	43521
2180	120	86	44915	309	0	45430
2181	117	40	317	42698	0	43172
2182	45438	22	138	385	0	45983
2183	459	67	48618	139	0	49283
2184	45165	40	506	175	0	45886
2185	567	68	53768	162	0	54565
2186	220	30	610	53017	0	53877
2187	172	41	182	56022	0	56417
2188	148	50	108	55708	0	56014
2189	113	57357	125	806	0	58401
2190	183	679	78	53684	0	54624
2191	160	142	86	57802	0	58190
2192	56816	41	69	825	0	57751
2193	756	78	56720	232	0	57786
2194	52071	42	707	189	0	53009
2195	799	88	56395	112	0	57394
2196	48459	55	750	227	0	49491
2197	755	55497	235	130	0	56617
2198	250	647	55939	97	0	56933
2199	168	165	55975	99	0	56407
2200	191	180	864	48607	0	49842
2201	126	35	222	55431	0	55814
2202	122	68	55995	789	0	56974
2203	154	77	56326	229	0	56786
2204	135	90	60976	142	0	61343
2205	61190	24	905	233	0	62352
2206	63535	30	276	197	0	64038
2207	63450	19	172	187	0	63828
2208	898	30	181	62274	0	63383
2209	318	34	147	62997	0	63496
2210	193	122	66063	925	0	67303
2211	191	56	750	63764	0	64761
2212	167	70	257	63562	0	64056
2213	64963	62	163	1022	0	66210
2214	64941	74	134	444	0	65593
2215	66227	53	165	356	0	66801
2216	969	71	185	65695	0	66920
2217	365	56	188	66106	0	66715
2218	249	73	211	66284	0	66817
2219	65598	51	214	972	0	66835
2220	865	80	242	63013	0	64200
2221	350	65434	283	758	0	66825
2222	310	694	271	62270	0	63545
2223	222	63640	356	713	0	64931
2224	63663	691	302	372	0	65028
2225	61371	171	284	347	0	62173
2226	824	63063	361	322	0	64570
2227	296	64126	359	294	0	65075
2228	300	836	293	62983	0	64412
2229	282	256	60912	889	0	62339
2230	344	122	866	58713	0	60045
2231	309	146	60905	1016	0	62376
2232	295	60994	928	598	0	62815
2233	347	672	367	61220	0	62606
2234	360	202	284	62296	0	63142
2235	343	169	64903	1079	0	66494
2236	391	106	894	63804	0	65195
2237	328	192	66120	1060	0	67700
2238	63727	88	943	552	0	65310
2239	66753	72	365	461	0	67651
2240	67407	91	289	473	0	68260
2241	1121	114	272	66327	0	67834
2242	498	103	242	66912	0	67755
2243	375	191	67888	1195	0	69649
2244	450	269	924	63858	0	65501
2245	341	66797	417	1125	0	68680
2246	381	838	67179	542	0	68940
2247	371	294	66056	464	0	67185
2248	429	409	1001	60124	0	61963
2249	346	265	66635	1072	0	68318
2250	369	293	66395	574	0	67631
2251	58253	251	994	654	0	60152
2252	887	71783	458	448	0	73576
2253	74340	755	315	686	0	76096
2254	74735	272	309	567	0	75883
2255	75816	191	332	589	0	76928
2256	1069	173	371	75002	0	76615
2257	536	190	307	76571	0	77604
2258	413	272	76403	1113	0	78201
2259	442	172	911	73632	0	75157
2260	342	77061	546	1012	0	78961
2261	76568	722	423	601	0	78314
2262	849	77149	484	465	0	78947
2263	401	77732	441	480	0	79054
2264	428	854	365	77081	0	78728
2265	413	350	78649	984	0	80396
2266	404	197	919	76876	0	78396
2267	403	260	77725	1037	0	79425
2268	341	77070	979	590	0	78980
2269	77000	663	418	567	0	78648
2270	77655	184	353	545	0	78737
2271	79003	163	328	655	0	80149
2272	958	303	83588	466	0	85315
2273	456	286	79597	445	0	80784
2274	81620	140	875	591	0	83226
2275	77579	126	8096	564	0	86365
2276	86483	135	297	596	0	87511
2277	1001	165	200	85583	0	86949
2278	563	121	181	87335	0	88200
2279	86721	113	181	1039	0	88054
2280	85487	123	187	623	0	86420
2281	894	312	87690	443	0	89339
2282	426	263	83502	306	0	84497
2283	79598	101	444	467	0	80610
2284	503	244	84517	237	0	85501
2285	77144	72	383	300	0	77899
2286	288	226	80581	171	0	81266
2287	154	195	157	76705	0	77211
2288	144	165	82299	161	0	82769
2289	117	54	110	82118	0	82399
2290	102	31	54	84004	0	84191
2291	34	86567	169	207	0	86977
2292	86199	97	55	342	0	86693
2293	157	207	88727	58	0	89149
2294	81922	44	117	213	0	82296
2295	128	90912	127	119	0	91286
2296	94822	110	54	306	0	95292
2297	217	50	42	94743	0	95052
2298	164	61	33	95320	0	95578
2299	56	100139	158	305	0	100658
2300	117	227	38	103495	0	103877
2301	125	67	31	104071	0	104294
2302	97	63	27	104881	0	105068
2303	101789	38	33	613	0	102473
2304	96547	43	50	376	0	97016
2305	493	228	97191	151	0	98063
2306	169	98410	428	185	0	99192
2307	139	339	116	100786	0	101380
2308	121	140	65	104496	0	104822
2309	120	269	105240	566	0	106195
2310	128	62	475	100980	0	101645
2311	103087	35	138	739	0	103999
2312	103634	35	74	401	0	104144
2313	104784	66	66	341	0	105257
2314	762	71	43	105991	0	106867
2315	112367	38	57	1050	0	113512
2316	112675	32	57	475	0	113239
2317	114693	35	63	422	0	115213
2318	840	48	57	114751	0	115696
2319	366	46	36	116303	0	116751
2320	225	36	40	116987	0	117288
2321	215	51	42	115424	0	115732
2322	190	47	42	115624	0	115903
2323	163	220	114277	784	0	115444
2324	287	259	113003	312	0	113861
2325	125	111546	771	264	0	112706
2326	241	551	193	114865	0	115850
2327	177	154	130	116766	0	117227
2328	174	121	62	117309	0	117666
2329	172	296	116301	945	0	117714
2330	202	80	639	114346	0	115267
2331	166	252	116355	827	0	117600
2332	201	70	672	114955	0	115898
2333	298	354	123574	850	0	125076
2334	145	124231	854	779	0	126009
2335	216	726	202	123666	0	124810
2336	193	483	122535	843	0	124054
2337	100712	194	803	826	0	102535
2338	735	124372	421	379	0	125907
2339	320	730	135	125027	0	126212
2340	173	126449	317	858	0	127797
2341	264	851	92	125470	0	126677
2342	127436	202	127	1166	0	128931
2343	896	174	93	125553	0	126716
2344	295	127431	298	971	0	128995
2345	127866	756	102	661	0	129385
2346	931	225	110	131829	0	133095
2347	409	465	96	134712	0	135682
2348	136372	104	122	1677	0	138275
2349	1325	120	122	147089	0	148656
2350	608	111	111	179879	0	180709
2351	425	346	182761	3500	0	187032
2352	340	372	180205	1005	0	181922
2353	488	121	3797	177059	0	181465
2354	347	439	180255	3362	0	184403
2355	343	395	178169	1086	0	179993
2356	162384	143	4075	1089	0	167691
2357	3529	357	183389	583	0	187858
2358	874	185059	4005	640	0	190578
2359	821	3357	1000	185867	0	191045
2360	192042	757	716	3910	0	197425
2361	196750	465	423	1396	0	199034
2362	194456	238	405	1099	0	196198
2363	4635	195417	675	706	0	201433
2364	1753	3648	437	192571	0	198409
2365	970	915	382	198017	0	200284
2366	188296	586	426	5036	0	194344
2367	195428	301	420	1962	0	198111
2368	196332	257	439	1402	0	198430
2369	5047	501	198145	871	0	204564
2370	1638	197814	4394	975	0	204821
2371	1021	224370	1734	912	0	228037
2372	974	5709	1172	214229	0	222084
2373	965	1884	716	224232	0	227797
2374	844	1120	222455	6724	0	231143
2375	213508	513	5699	2773	0	222493
2376	224887	532	1955	1727	0	229101
2377	7176	540	1210	221705	0	230631
2378	2887	546	594	225481	0	229508
2379	1871	399	511	226954	0	229735
2380	221712	397	646	7790	0	230545
2381	6371	745	217571	2828	0	227515
2382	2448	855	221317	1751	0	226371
2383	1765	621	6868	215054	0	224308
2384	1097	856	218192	6379	0	226524
2385	211960	332	6214	2818	0	221324
2386	219422	301	2183	1897	0	223803
2387	220787	361	1402	1363	0	223913
2388	7839	211837	1292	1261	0	222229
2389	212435	5591	920	1414	0	220360
2390	6875	2004	758	208972	0	218609
2391	2643	1236	864	211213	0	215956
2392	1942	544	910	215484	0	218880
2393	1430	823	207520	8226	0	217999
2394	1722	725	6169	196629	0	205245
2395	1440	205338	2582	6653	0	216013
2396	197848	5384	1445	3105	0	207782
2397	5968	203241	1458	2762	0	213429
2398	2791	6167	200996	1990	0	211944
2399	1908	200209	6377	1780	0	210274
2400	193308	5937	2707	1841	0	203793
2401	5859	195683	2444	1863	0	205849
2402	3160	6057	1791	166147	0	177155
2403	1772	194450	1823	5526	0	203571
2404	194133	5965	1594	2610	0	204302
2405	197197	2082	1537	1969	0	202785
2406	184075	1537	1655	1733	0	189000
2407	7950	1473	191453	1383	0	202259
2408	3480	1457	190869	1439	0	197245
2409	2548	1352	189673	1858	0	195431
2410	184981	1064	7863	2033	0	195941
2411	7138	1123	3288	183708	0	195257
2412	3608	948	1984	187987	0	194527
2413	2537	1370	183360	7505	0	194772
2414	2140	1229	5982	183321	0	192672
2415	175039	1196	2508	7181	0	185924
2416	6519	176226	2167	3221	0	188133
2417	178728	5619	1495	2265	0	188107
2418	7456	2795	176082	1596	0	187929
2419	176632	1940	6133	1679	0	186384
2420	181549	1502	2647	1690	0	187388
2421	182176	1581	1918	1829	0	187504
2422	8565	1691	174991	1905	0	187152
2423	4656	1231	5821	174187	0	185895
2424	3391	1180	176104	6418	0	187093
2425	3104	965	6545	176002	0	186616
2426	2695	1428	177082	6738	0	187943
2427	2701	1121	6769	173846	0	184437
2428	2414	1089	2923	180194	0	186620
2429	176400	849	2130	7906	0	187285
2430	179052	757	1680	3899	0	185388
2431	180552	666	1834	2832	0	185884
2432	8782	811	1827	167281	0	178701
2433	3817	157887	2153	6413	0	170270
2434	2805	168598	1797	3387	0	176587
2435	165989	6377	1483	2519	0	176368
2436	7149	2780	163942	1924	0	175795
2437	163530	1457	6035	1878	0	172900
2438	7420	1251	162817	1780	0	173268
2439	165100	1042	6378	1913	0	174433
2440	160195	955	2758	2086	0	165994
2441	7868	1066	165230	1942	0	176106
2442	165454	741	6172	2298	0	174665
2443	168127	859	2942	2042	0	173970
2444	167910	961	2275	1866	0	173012
2445	8314	166055	1994	2071	0	178434
2446	4054	6692	1697	159964	0	172407
2447	2765	2351	161265	6102	0	172483
2448	2647	1539	163081	2824	0	170091
2449	2309	147266	6682	1987	0	158244
2450	1570	116389	2199	976	0	121134
2451	2296	3140	2013	107174	0	114623
2452	105638	1160	843	3013	0	110654
2453	3194	107412	789	1587	0	112982
2454	2020	2795	622	103070	0	108507
2455	1392	107702	703	2732	0	112529
2456	103342	2918	559	1401	0	108220
2457	3259	1328	599	103631	0	108817
2458	1560	907	101634	2764	0	106865
2459	1171	97318	2794	1421	0	102704
2460	864	97728	1508	847	0	100947
2461	1095	2927	873	85199	0	90094
2462	923	93729	800	2012	0	97464
2463	1018	2559	547	91618	0	95742
2464	92586	1186	484	2633	0	96889
2465	93031	858	497	1233	0	95619
2466	95739	601	488	782	0	97610
2467	95687	601	568	785	0	97641
2468	3553	738	93818	578	0	98687
2469	1592	88707	2378	546	0	93223
2470	930	86638	1205	625	0	89398
2471	350	66930	282	234	0	67796
2472	275	65571	300	210	0	66356
2473	62578	1062	1293	276	0	65209
2474	61044	246	268	215	0	61773
2475	62269	125	94	211	0	62699
2476	62383	94	91	180	0	62748
2477	899	156	61861	84	0	63000
2478	64676	91	663	264	0	65694
2479	67037	83	218	186	0	67524
2480	68015	89	111	188	0	68403
2481	940	130	92	67127	0	68289
2482	392	96	80	67884	0	68452
2483	68359	94	83	864	0	69400
2484	754	118	66	67050	0	67988
2485	285	67132	157	740	0	68314
2486	244	652	73	68306	0	69275
2487	228	236	64	68040	0	68568
2488	161	69122	139	810	0	70232
2489	221	658	87	69107	0	70073
2490	205	234	83	69854	0	70376
2491	68354	156	80	873	0	69463
2492	725	186	66351	315	0	67577
2493	64254	134	614	287	0	65289
2494	780	201	66489	153	0	67623
2495	347	183	64276	148	0	64954
2496	271	203	65391	117	0	65982
2497	63042	144	802	213	0	64201
2498	765	230	68591	144	0	69730
2499	66366	148	742	253	0	67509
2500	68563	129	236	220	0	69148
2501	68822	118	120	235	0	69295
2502	820	68692	163	141	0	69816
2503	68828	689	82	206	0	69805
2504	699	70058	129	193	0	71079
2505	372	740	71	70617	0	71800
2506	277	304	85	70460	0	71126
2507	206	70045	130	879	0	71260
2508	252	70701	159	331	0	71443
2509	246	72413	169	241	0	73069
2510	71524	795	110	205	0	72634
2511	779	73005	181	186	0	74151
2512	73038	730	122	244	0	74134
2513	827	445	71633	108	0	73013
2514	70336	272	630	211	0	71449
2515	73560	194	241	231	0	74226
2516	989	254	71556	147	0	72946
2517	545	165	606	70826	0	72142
2518	407	247	73074	689	0	74417
2519	354	173	665	72257	0	73449
2520	356	153	250	73749	0	74508
2521	73886	152	173	926	0	75137
2522	73753	150	121	443	0	74467
2523	952	73624	175	295	0	75046
2524	74920	667	103	284	0	75974
2525	899	365	75328	184	0	76776
2526	73636	220	691	307	0	74854
2527	971	240	79346	206	0	80763
2528	539	272	78561	185	0	79557
2529	79471	169	1012	280	0	80932
2530	82926	157	395	306	0	83784
2531	1242	267	85212	225	0	86946
2532	634	213	883	79599	0	81329
2533	435	192	360	86009	0	86996
2534	364	294	84879	1112	0	86649
2535	416	200	890	81240	0	82746
2536	356	81616	538	931	0	83441
2537	430	849	244	86853	0	88376
2538	432	402	224	86781	0	87839
2539	446	352	84225	1044	0	86067
2540	74967	203	934	620	0	76724
2541	82989	143	407	390	0	83929
2542	82404	153	323	324	0	83204
2543	81484	111	228	331	0	82154
2544	1403	80067	326	270	0	82066
2545	793	855	196	77312	0	79156
2546	581	441	76311	918	0	78251
2547	475	317	75060	440	0	76292
2548	432	306	967	72270	0	73975
2549	369	253	74560	944	0	76126
2550	69607	117	783	544	0	71051
2551	807	134	365	73218	0	74524
2552	444	120	217	74078	0	74859
2553	344	120	182	73978	0	74624
2554	72247	118	189	1168	0	73722
2555	738	72600	286	620	0	74244
2556	72269	635	210	429	0	73543
2557	72282	260	221	363	0	73126
2558	968	71199	338	254	0	72759
2559	554	72335	356	195	0	73440
2560	74245	733	338	318	0	75634
2561	912	354	320	73959	0	75545
2562	540	165	314	74074	0	75093
2563	76895	110	272	972	0	78249
2564	1053	242	76701	379	0	78375
2565	74631	118	923	407	0	76079
2566	77417	114	433	353	0	78317
2567	1238	79843	377	282	0	81740
2568	84581	788	202	364	0	85935
2569	83458	378	178	371	0	84385
2570	1277	96806	218	343	0	98644
2571	439	100063	230	299	0	101031
2572	636	1739	202	97639	0	100216
2573	99059	664	103	1519	0	101345
2574	1429	102390	210	617	0	104646
2575	716	1563	91	103533	0	105903
2576	104301	515	106	1799	0	106721
2577	1858	470	103989	578	0	106895
2578	777	198	1580	102339	0	104894
2579	428	233	104217	1764	0	106642
2580	98218	130	1894	788	0	101030
2581	104427	113	666	534	0	105740
2582	2205	203	104442	296	0	107146
2583	827	103478	1889	334	0	106528
2584	585	1599	655	104233	0	107072
2585	405	687	106014	1775	0	108881
2586	394	322	1807	104207	0	106730
2587	389	190	609	108749	0	109937
2588	350	271	106865	2302	0	109788
2589	97501	189	1831	1164	0	100685
2590	106375	145	633	611	0	107764
2591	2444	301	107318	386	0	110449
2592	938	107235	1957	483	0	110613
2593	694	1861	662	101562	0	104779
2594	422	105541	575	1689	0	108227
2595	327	108396	409	699	0	109831
2596	107978	2269	234	586	0	111067
2597	2067	806	219	108419	0	111511
2598	935	463	239	108619	0	110256
2599	622	429	109132	2388	0	112571
2600	574	470	108365	990	0	110399
2601	640	275	2398	106759	0	110072
2602	583	255	891	110880	0	112609
2603	504	435	109710	2526	0	113175
2604	470	551	110065	1080	0	112166
2605	467	407	2539	109337	0	112750
2606	111531	323	1003	2451	0	115308
2607	2205	113320	721	1212	0	117458
2608	112658	2215	423	846	0	116142
2609	2557	113775	489	654	0	117475
2610	1064	116013	585	619	0	118281
2611	113802	2719	403	606	0	117530
2612	2544	1198	115071	555	0	119368
2613	1216	594	2346	114257	0	118413
2614	951	431	973	117758	0	120113
2615	832	346	697	124580	0	126455
2616	671	550	123403	3323	0	127947
2617	705	418	2648	122933	0	126704
2618	125027	400	1119	3181	0	129727
2619	2840	387	794	127035	0	131056
2620	1284	363	615	131664	0	133926
2621	130318	349	567	3865	0	135099
2622	128643	365	533	1733	0	131274
2623	3430	128235	806	1187	0	133658
2624	1539	2722	129623	746	0	134630
2625	963	1066	128113	670	0	130812
2626	715	691	129546	736	0	131688
2627	587	123255	3753	697	0	128292
2628	833	2652	1509	119186	0	124180
2629	748	987	781	122583	0	125099
2630	121221	662	642	3460	0	125985
2631	2918	449	570	119352	0	123289
2632	1102	561	118893	3290	0	123846
2633	864	413	2894	118633	0	122804
2634	713	426	1210	120306	0	122655
2635	683	550	118526	3700	0	123459
2636	560	117038	3016	1818	0	122432
2637	980	2562	1256	101556	0	106354
2638	569	116227	1128	2684	0	120608
2639	648	2874	116654	1327	0	121503
2640	113789	1101	2905	1198	0	118993
2641	117603	712	1247	1018	0	120580
2642	118578	607	919	960	0	121064
2643	3805	625	740	113888	0	119058
2644	1483	117325	915	2994	0	122717
2645	116762	2792	728	1517	0	121799
2646	118710	1037	769	1200	0	121716
2647	116887	703	742	1122	0	119454
2648	3717	631	115286	1146	0	120780
2649	110498	510	2877	1135	0	115020
2650	3087	114549	1413	1106	0	120155
2651	112896	2663	977	1047	0	117583
2652	3124	114624	984	1034	0	119766
2653	115508	2876	689	1185	0	120258
2654	3286	1230	116833	1025	0	122374
2655	115342	755	2984	1097	0	120178
2656	119378	574	1187	1000	0	122139
2657	106275	655	1100	1000	0	109030
2658	119837	605	761	908	0	122111
2659	3903	657	116833	866	0	122259
2660	1810	535	2912	114703	0	119960
2661	114360	523	1268	3134	0	119285
2662	3109	114456	1013	1565	0	120143
2663	1504	2604	664	111478	0	116250
2664	1134	1039	110502	3023	0	115698
2665	1136	1203	2732	109626	0	114697
2666	965	616	110269	3218	0	115068
2667	839	104906	3049	1688	0	110482
2668	780	99919	1254	1178	0	103131
2669	818	100350	857	1015	0	103040
2670	1142	2478	721	84894	0	89235
2671	842	761	477	84534	0	86614
2672	702	509	82809	2000	0	86020
2673	584	79676	1711	814	0	82785
2674	74461	1417	578	596	0	77052
2675	1529	73240	531	449	0	75749
2676	662	74109	464	429	0	75664
2677	1332	1594	441	70705	0	74072
2678	70528	543	391	1444	0	72906
2679	71065	403	371	689	0	72528
2680	1740	319	346	70038	0	72443
2681	69605	280	320	1473	0	71678
2682	1579	290	316	69123	0	71308
2683	652	357	68408	1559	0	70976
2684	67238	313	1313	762	0	69626
2685	1512	337	517	67675	0	70041
2686	685	390	66658	1344	0	69077
2687	604	419	65793	573	0	67389
2688	567	358	1447	65671	0	68043
2689	65892	322	1667	1393	0	69274
2690	66725	329	412	640	0	68106
2691	1582	67495	421	464	0	69962
2692	69549	1286	333	491	0	71659
2693	69800	523	320	438	0	71081
2694	70000	342	312	470	0	71124
2695	1657	70583	389	453	0	73082
2696	70870	1135	287	499	0	72791
2697	72066	450	245	466	0	73227
2698	1787	348	233	70768	0	73136
2699	67734	244	274	1201	0	69453
2700	1394	67474	354	536	0	69758
2701	649	69063	325	418	0	70455
2702	665	1164	246	67977	0	70052
2703	651	495	236	67322	0	68704
2704	497	68729	311	1153	0	70690
2705	67524	966	240	456	0	69186
2706	1182	65490	296	321	0	67289
2707	63327	850	170	268	0	64615
2708	1119	65270	260	282	0	66931
2709	653	924	157	61086	0	62820
2710	499	65989	187	817	0	67492
2711	65950	921	534	341	0	67746
2712	64757	313	246	345	0	65661
2713	64049	285	318	388	0	65040
2714	1111	302	61960	240	0	63613
2715	408	246	57241	161	0	58056
2716	281	56890	613	242	0	58026
2717	306	641	55761	177	0	56885
2718	260	288	53582	222	0	54352
2719	295	700	542	45721	0	47258
2720	157	149	49912	315	0	50533
2721	86	50808	301	201	0	51396
2722	50273	274	78	181	0	50806
2723	273	50432	111	120	0	50936
2724	96	51130	93	94	0	51413
2725	52572	318	50	254	0	53194
2726	53441	110	55	228	0	53834
2727	316	56414	102	100	0	56932
2728	57123	277	76	196	0	57672
2729	56890	94	69	140	0	57193
2730	56986	75	46	157	0	57264
2731	941	147	55525	61	0	56674
2732	188	151	56618	65	0	57022
2733	149	88	291	56768	0	57296
2734	136	93	96	58698	0	59023
2735	59521	59	54	418	0	60052
2736	314	59056	126	150	0	59646
2737	158	336	50	60321	0	60865
2738	143	99	51	60975	0	61268
2739	129	81	49	61633	0	61892
2740	121	76	56	61990	0	62243
2741	131	162	61694	501	0	62488
2742	137	198	61051	166	0	61552
2743	135	88	446	62423	0	63092
2744	109	138	63870	425	0	64542
2745	59872	55	512	233	0	60672
2746	522	57	135	64506	0	65220
2747	211	151	64765	488	0	65615
2748	57301	56	489	312	0	58158
2749	505	64468	218	202	0	65393
2750	64247	429	103	174	0	64953
2751	515	66625	107	101	0	67348
2752	239	492	51	65397	0	66179
2753	167	221	66111	468	0	66967
2754	148	122	464	62625	0	63359
2755	112	165	63605	559	0	64441
2756	61502	78	496	262	0	62338
2757	567	64	141	65478	0	66250
2758	65906	66	92	613	0	66677
2759	576	188	65825	193	0	66782
2760	67377	52	511	201	0	68141
2761	74836	61	152	179	0	75228
2762	885	138	76375	81	0	77479
2763	341	109	696	74761	0	75907
2764	175	148	77606	700	0	78629
2765	114	77547	780	248	0	78689
2766	77258	661	401	235	0	78555
2767	77186	178	163	200	0	77727
2768	891	169	78208	104	0	79372
2769	292	165	77899	92	0	78448
2770	231	85	828	75927	0	77071
2771	180	73	251	78624	0	79128
2772	78942	61	149	891	0	80043
2773	706	79589	175	304	0	80774
2774	80717	639	125	290	0	81771
2775	80966	162	139	245	0	81512
2776	909	189	79579	134	0	80811
2777	75151	65	712	246	0	76174
2778	828	160	80321	128	0	81437
2779	476	66	753	80189	0	81484
2780	244	204	85771	687	0	86906
2781	278	56	763	84596	0	85693
2782	202	162	86032	739	0	87135
2783	82476	77	815	341	0	83709
2784	85686	48	305	259	0	86298
2785	955	53	198	85289	0	86495
2786	86864	63	280	915	0	88122
2787	913	76	192	87628	0	88809
2788	317	90465	333	823	0	91938
2789	90308	655	190	458	0	91611
2790	828	90733	300	224	0	92085
2791	437	765	158	91137	0	92497
2792	360	202	162	89837	0	90561
2793	323	134	168	89460	0	90085
2794	311	111	170	88918	0	89510
2795	262	238	86648	973	0	88121
2796	75618	131	729	563	0	77041
2797	84315	96	270	387	0	85068
2798	898	85032	287	313	0	86530
2799	454	650	176	85078	0	86358
2800	356	224	189	85851	0	86620
2801	299	253	84019	895	0	85466
2802	79048	86	816	447	0	80397
2803	904	116	299	83361	0	84680
2804	417	214	83229	764	0	84624
2805	80683	105	765	552	0	82105
2806	84610	83	331	417	0	85441
2807	84816	83	243	382	0	85524
2808	1038	169	83276	235	0	84718
2809	473	201	79757	260	0	80691
2810	79620	80	792	307	0	80799
2811	840	95	348	82738	0	84021
2812	493	114	192	84974	0	85773
2813	373	199	84492	857	0	85921
2814	79489	130	704	468	0	80791
2815	855	91	285	85879	0	87110
2816	88215	94	254	1040	0	89603
2817	88567	83	189	555	0	89394
2818	88283	67	185	496	0	89031
2819	1048	207	90849	287	0	92391
2820	548	92	824	90255	0	91719
2821	91233	60	329	1100	0	92722
2822	967	93363	342	417	0	95089
2823	578	795	179	94676	0	96228
2824	462	254	160	95354	0	96230
2825	93615	122	218	1252	0	95207
2826	92685	84	216	644	0	93629
2827	1215	105	228	90677	0	92225
2828	556	262	90268	959	0	92045
2829	86960	100	950	529	0	88539
2830	1130	213	94194	327	0	95864
2831	93727	62	1050	405	0	95244
2832	96615	63	433	372	0	97483
2833	1444	206	96561	257	0	98468
2834	667	108	1068	97160	0	99003
2835	474	199	102982	1221	0	104876
2836	415	110459	1384	580	0	112838
2837	515	1416	459	102489	0	104879
2838	354	113011	408	1247	0	115020
2839	422	1392	223	113933	0	115970
2840	400	464	117025	1582	0	119471
2841	301	118828	1639	608	0	121376
2842	324	122359	539	366	0	123588
2843	572	2199	338	121052	0	124161
2844	123832	553	207	1858	0	126450
2845	1951	287	188	134431	0	136857
2846	136092	157	188	2421	0	138858
2847	2258	139896	347	876	0	143377
2848	151480	2200	176	556	0	154412
2849	2890	774	157054	370	0	161088
2850	1091	324	2590	154408	0	158413
2851	643	226	691	156340	0	157900
2852	518	314	155297	3258	0	159387
2853	146339	232	2701	1171	0	150443
2854	151947	219	730	690	0	153586
2855	3203	154030	580	433	0	158246
2856	1354	3253	354	134464	0	139425
2857	567	150932	496	2325	0	154320
2858	546	2812	150981	813	0	155152
2859	516	986	152413	579	0	154494
2860	772	2193	3169	142944	0	149078
2861	142474	268	927	2604	0	146273
2862	2427	140457	629	959	0	144472
2863	141932	2455	271	596	0	145254
2864	2798	908	139666	362	0	143734
2865	139137	457	2487	486	0	142567
2866	143707	342	797	489	0	145335
2867	3273	485	141519	436	0	145713
2868	1238	305	2637	137665	0	141845
2869	142527	346	836	2729	0	146438
2870	143304	311	491	1049	0	145155
2871	143034	290	477	680	0	144481
2872	3572	331	382	140054	0	144339
2873	1322	475	139830	2659	0	144286
2874	135971	393	2717	1089	0	140170
2875	3053	533	141477	683	0	145746
2876	1346	384	2854	138519	0	143103
2877	1008	408	998	134624	0	137038
2878	734	139895	762	3213	0	144604
2879	847	2788	139379	1182	0	144196
2880	732	133934	2999	780	0	138445
2881	832	136841	1239	737	0	139649
2882	971	3294	802	134709	0	139776
2883	862	1215	135673	2957	0	140707
2884	983	664	2856	135090	0	139593
2885	883	675	136612	3157	0	141327
2886	1103	502	3046	134007	0	138658
2887	1044	539	1138	135488	0	138209
2888	944	737	130227	3568	0	135476
2889	1064	529	3045	128482	0	133120
2890	949	691	131152	3300	0	136092
2891	1057	677	130210	1453	0	133397
2892	945	129065	3753	1171	0	134934
2893	129853	2880	1470	1086	0	135289
2894	3342	1203	129379	967	0	134891
2895	123379	892	3304	988	0	128563
2896	3541	644	1439	130240	0	135864
2897	1589	834	128641	3317	0	134381
2898	1117	128623	3442	1857	0	135039
2899	1299	3104	1462	127244	0	133109
2900	1137	1396	129684	3279	0	135496
2901	1448	940	3391	117277	0	123056
2902	1128	128949	1626	3240	0	134943
2903	130080	3076	1164	1473	0	135793
2904	3588	1314	1056	129949	0	135907
2905	128951	921	1041	3606	0	134519
2906	130752	793	1145	1809	0	134499
2907	131379	707	1116	1531	0	134733
2908	131790	716	1127	1422	0	135055
2909	128456	717	1128	1435	0	131736
2910	4228	125113	1314	1327	0	131982
2911	2095	2942	1181	125329	0	131547
2912	1739	1159	1121	127239	0	131258
2913	1642	822	1155	127143	0	130762
2914	1507	942	122564	4096	0	129109
2915	1387	121355	3571	2060	0	128373
2916	123107	2954	1716	1373	0	129150
2917	122171	1218	1435	1430	0	126254
2918	4072	119472	1470	1448	0	126462
2919	1764	121513	1464	1531	0	126272
2920	119775	3486	1314	1427	0	126002
2921	3693	1527	117582	1227	0	124029
2922	1930	1167	3580	113496	0	120173
2923	114153	839	1744	3520	0	120256
2924	3834	872	1285	108958	0	114949
2925	1682	112626	1410	3463	0	119181
2926	1653	3048	1264	112577	0	118542
2927	1417	1318	113655	3567	0	119957
2928	109773	868	3518	1701	0	115860
2929	115618	653	1573	1487	0	119331
2930	4337	681	1228	108766	0	115012
2931	2413	633	1029	110060	0	114135
2932	104013	595	1058	3802	0	109468
2933	3630	103706	1210	1805	0	110351
2934	1930	2528	1010	101363	0	106831
2935	1849	1017	872	101668	0	105406
2936	90106	520	768	3404	0	94798
2937	2930	91562	900	1738	0	97130
2938	90026	2194	659	1140	0	94019
2939	3060	89223	821	963	0	94067
2940	1371	89962	745	901	0	92979
2941	84690	2315	694	820	0	88519
2942	2314	85512	777	850	0	89453
2943	1199	3685	979	80909	0	86772
2944	867	806	81283	2240	0	85196
2945	576	475	68982	718	0	70751
2946	409	321	65714	528	0	66972
2947	383	63235	1943	376	0	65937
2948	50186	1099	1678	237	0	53200
2949	1003	322	190	46796	0	48311
2950	403	166	122	47984	0	48675
2951	236	160	47217	1083	0	48696
2952	45752	111	892	484	0	47239
2953	961	168	304	48530	0	49963
2954	415	102	160	49190	0	49867
2955	284	110	93	48858	0	49345
2956	47295	98	97	1271	0	48761
2957	981	161	46802	456	0	48400
2958	46250	111	848	311	0	47520
2959	1059	133	286	46747	0	48225
2960	430	203	46745	940	0	48318
2961	44999	161	851	439	0	46450
2962	1062	242	47203	239	0	48746
2963	498	300	952	45410	0	47160
2964	340	231	47088	945	0	48604
2965	246	175	45824	355	0	46600
2966	41898	132	1141	323	0	43494
2967	928	185	44427	228	0	45768
2968	458	141	1017	42924	0	44540
2969	43447	132	464	941	0	44984
2970	922	163	287	43734	0	45106
2971	416	221	43440	977	0	45054
2972	341	175	43974	442	0	44932
2973	246	43953	1082	393	0	45674
2974	287	797	431	42723	0	44238
2975	41957	327	250	968	0	43502
2976	880	41833	234	518	0	43465
2977	42140	797	209	414	0	43560
2978	989	329	229	41633	0	43180
2979	41480	171	193	1017	0	42861
2980	982	41201	265	495	0	42943
2981	555	812	209	40522	0	42098
2982	41049	331	219	946	0	42545
2983	901	41397	312	476	0	43086
2984	516	831	267	41058	0	42672
2985	357	343	289	41067	0	42056
2986	41500	189	271	1140	0	43100
2987	981	141	312	41631	0	43065
2988	480	130	343	41939	0	42892
2989	400	117	328	42815	0	43660
2990	334	139	40615	1248	0	42336
2991	39297	109	1028	651	0	41085
2992	1069	117	484	46698	0	48368
2993	524	189	48749	1239	0	50701
2994	47121	148	1281	628	0	49178
2995	1328	181	49590	426	0	51525
2996	541	178	1368	46908	0	48995
2997	386	49070	569	1243	0	51268
2998	387	1107	354	49668	0	51516
2999	391	453	50074	1378	0	52296
3000	416	333	51812	594	0	53155
3001	418	222	1478	51299	0	53417
3002	397	247	51459	1412	0	53515
3003	49260	243	1365	609	0	51477
3004	1344	281	50993	518	0	53136
3005	627	213	1356	49353	0	51549
3006	435	235	536	50797	0	52003
3007	361	225	404	50536	0	51526
3008	49846	197	332	1774	0	52149
3009	50432	198	311	780	0	51721
3010	51109	154	328	673	0	52264
3011	1706	166	313	50241	0	52426
3012	697	155	298	51026	0	52176
3013	454	129	49278	1769	0	51630
3014	464	157	49601	791	0	51013
3015	403	48837	1577	640	0	51457
3016	374	1199	517	43592	0	45682
3017	431	256	333	41782	0	42802
3018	287	44246	395	1216	0	46144
3019	44024	897	320	608	0	45849
3020	1009	44387	355	492	0	46243
3021	44137	937	308	446	0	45828
3022	1160	326	303	43932	0	45721
3023	44135	173	345	1157	0	45810
3024	1090	121	345	44414	0	45970
3025	491	172	43427	1175	0	45265
3026	375	138	1103	43753	0	45369
3027	43066	103	528	1197	0	44894
3028	1096	102	371	43366	0	44935
3029	481	104	300	43437	0	44322
3030	351	142	43010	1435	0	44938
3031	366	93	1001	43286	0	44746
3032	372	104	405	42045	0	42926
3033	358	41972	338	1295	0	43963
3034	373	845	246	42224	0	43688
3035	388	223	215	42788	0	43614
3036	479	155	272	40991	0	41897
3037	241	38019	272	1257	0	39789
3038	279	707	167	35387	0	36540
3039	33339	164	156	907	0	34566
3040	663	32722	170	474	0	34029
3041	209	30915	155	278	0	31557
3042	160	30225	154	288	0	30827
3043	166	1023	243	27520	0	28952
3044	196	28154	356	689	0	29395
3045	272	29224	358	335	0	30189
3046	28481	534	512	311	0	29838
3047	645	246	27890	349	0	29130
3048	27054	226	681	401	0	28362
3049	553	191	354	27859	0	28957
3050	158	198	27931	779	0	29066
3051	26630	120	911	485	0	28146
3052	569	135	27368	473	0	28545
3053	255	115	27307	410	0	28087
3054	27512	87	990	423	0	29012
3055	713	154	575	28195	0	29637
3056	322	105	28699	976	0	30102
3057	28115	75	782	744	0	29716
3058	29297	70	317	735	0	30419
3059	948	88	29524	606	0	31166
3060	30353	66	640	532	0	31591
3061	31509	51	252	526	0	32338
3062	1005	85	30078	624	0	31792
3063	30013	90	720	646	0	31469
3064	30717	86	465	592	0	31860
3065	799	198	30298	483	0	31778
3066	318	305	32828	465	0	33916
3067	255	256	826	32809	0	34146
3068	218	367	33182	1040	0	34807
3069	32866	346	712	554	0	34478
3070	918	363	233	33050	0	34564
3071	537	432	153	33683	0	34805
3072	523	357	32693	951	0	34524
3073	551	258	621	32340	0	33770
3074	549	230	32531	1035	0	34345
3075	32641	169	748	671	0	34229
3076	33454	151	362	613	0	34580
3077	975	144	32963	641	0	34723
3078	32750	108	769	641	0	34268
3079	33921	106	267	764	0	35058
3080	916	108	33532	737	0	35293
3081	33826	115	829	761	0	35531
3082	33737	102	384	811	0	35034
3083	745	207	34347	760	0	36059
3084	33213	276	707	737	0	34933
3085	697	251	34871	824	0	36643
3086	280	211	673	34860	0	36024
3087	223	257	218	35488	0	36186
3088	257	321	140	36071	0	36789
3089	285	318	34739	1231	0	36573
3090	31495	305	598	678	0	33076
3091	788	425	33386	473	0	35072
3092	223	27169	419	228	0	28039
3093	99	26209	165	145	0	26618
3094	24542	282	254	144	0	25222
3095	355	122	88	24624	0	25189
3096	120	25405	87	283	0	25895
3097	24711	185	65	119	0	25080
3098	24704	45	50	91	0	24890
3099	258	25893	96	76	0	26323
3100	150	210	60	22690	0	23110
3101	72	24769	66	197	0	25104
3102	25204	217	56	94	0	25571
3103	25381	47	58	86	0	25572
3104	316	31	52	24611	0	25010
3105	24777	25	43	260	0	25105
3106	274	31	57	24767	0	25129
3107	110	61	24671	253	0	25095
3108	23641	31	250	103	0	24025
3109	289	83	24640	51	0	25063
3110	119	32	243	23737	0	24131
3111	24280	24	85	255	0	24644
3112	275	37	56	24432	0	24800
3113	131	41	24374	248	0	24794
3114	102	41	23801	89	0	24033
3115	106	203	284	23673	0	24266
3116	23887	47	135	232	0	24301
3117	265	24301	77	91	0	24734
3118	125	211	60	24195	0	24591
3119	101	82	24631	215	0	25029
3120	23737	31	259	99	0	24126
3121	25407	20	98	98	0	25623
3122	322	50	25132	54	0	25558
3123	24634	31	232	85	0	24982
3124	320	20	106	25733	0	26179
3125	128	53	25952	225	0	26358
3126	25364	35	234	111	0	25744
3127	282	35	101	25638	0	26056
3128	156	29	74	25636	0	25895
3129	25897	19	68	276	0	26260
3130	259	25180	70	114	0	25623
3131	130	25709	89	80	0	26008
3132	25683	226	74	78	0	26061
3133	24800	60	77	102	0	25039
3134	313	45	25937	66	0	26361
3135	133	51	25872	89	0	26145
3136	116	48	284	26166	0	26614
3137	27130	16	127	281	0	27554
3138	26819	27	91	141	0	27078
3139	26995	23	83	118	0	27219
3140	327	26803	110	101	0	27341
3141	147	27522	97	96	0	27862
3142	133	248	80	28219	0	28680
3143	124	94	85	28057	0	28360
3144	148	33	82	28997	0	29260
3145	132	46	29456	326	0	29960
3146	145	73	27196	107	0	27521
3147	28280	42	335	91	0	28748
3148	30168	47	135	108	0	30458
3149	409	37	85	30007	0	30538
3150	184	47	67	29887	0	30185
3151	141	35	84	30493	0	30753
3152	145	49	29669	384	0	30247
3153	141	72	29449	141	0	29803
3154	74	42	325	29135	0	29576
3155	124	56	29496	310	0	29986
3156	87	28889	302	165	0	29443
3157	64	29540	141	105	0	29850
3158	28672	292	79	107	0	29150
3159	305	28392	83	72	0	28852
3160	117	15740	63	12981	0	28901
3161	86	197	60	28143	0	28486
3162	83	29211	70	323	0	29687
3163	113	284	47	29492	0	29936
3164	88	122	28825	313	0	29348
3165	87	28741	311	152	0	29291
3166	94	289	87	26713	0	27183
3167	84	93	26746	280	0	27203
3168	75	26361	271	126	0	26833
3169	111	240	89	25321	0	25761
3170	64	26396	73	260	0	26793
3171	99	256	48	26219	0	26622
3172	73	82	56	25295	0	25506
3173	66	25885	56	294	0	26301
3174	24824	231	59	108	0	25222
3175	24158	93	56	98	0	24405
3176	299	25068	74	107	0	25548
3177	119	25532	74	83	0	25808
3178	95	287	59	25376	0	25817
3179	85	106	25038	264	0	25493
3180	23474	74	240	150	0	23938
3181	24307	46	83	115	0	24551
3182	309	60	24350	77	0	24796
3183	23131	58	260	94	0	23543
3184	24304	50	97	107	0	24558
3185	307	72	23773	82	0	24234
3186	22138	71	243	108	0	22560
3187	289	70	24178	79	0	24616
3188	96	24328	266	74	0	24764
3189	24322	255	85	209	0	24871
3190	24460	83	70	109	0	24722
3191	296	89	24450	77	0	24912
3192	24203	64	244	84	0	24595
3193	25398	54	82	167	0	25701
3194	306	78	25324	80	0	25788
3195	25083	60	240	97	0	25480
3196	26026	64	84	113	0	26287
3197	303	73	25683	88	0	26147
3198	25263	62	248	87	0	25660
3199	297	53	102	24825	0	25277
3200	129	54	84	24869	0	25136
3201	98	91	24714	291	0	25194
3202	81	76	24236	125	0	24518
3203	95	51	289	24389	0	24824
3204	115	71	108	24882	0	25176
3205	26573	31	61	291	0	26956
3206	304	69	26347	124	0	26844
3207	26164	57	279	82	0	26582
3208	362	56	89	27552	0	28059
3209	104	75	28068	304	0	28551
3210	29631	35	307	164	0	30137
3211	373	36	99	31800	0	32308
3212	107	65	32292	354	0	32818
3213	30997	46	384	132	0	31559
3214	413	94	105	32611	0	33223
3215	33156	36	95	396	0	33683
3216	524	70	34895	113	0	35602
3217	170	62	375	32151	0	32758
3218	92	35887	146	365	0	36490
3219	36016	373	100	161	0	36650
3220	35454	103	57	128	0	35742
3221	441	36753	100	82	0	37376
3222	37307	389	73	100	0	37869
3223	37071	102	52	85	0	37310
3224	36633	73	74	102	0	36882
3225	512	36280	105	108	0	37005
3226	206	377	37	36605	0	37225
3227	120	150	37116	423	0	37809
3228	129	90	416	35952	0	36587
3229	113	42	136	37033	0	37324
3230	82	89	37025	528	0	37724
3231	127	89	36573	171	0	36960
3232	161	46	506	33571	0	34284
3233	104	37226	195	373	0	37898
3234	37189	398	99	155	0	37841
3235	36412	108	64	146	0	36730
3236	514	38182	109	79	0	38884
3237	38468	403	67	130	0	39068
3238	38084	121	50	127	0	38382
3239	537	106	38577	80	0	39300
3240	36286	59	465	132	0	36942
3241	511	39546	135	156	0	40348
3242	196	427	38635	79	0	39337
3243	195	172	38104	68	0	38539
3244	118	38297	489	124	0	39028
3245	37739	351	143	108	0	38341
3246	441	147	38338	69	0	38995
3247	184	66	368	37536	0	38154
3248	147	81	38255	380	0	38863
3249	34887	73	415	177	0	35552
3250	467	128	44781	136	0	45512
3251	221	133	44434	96	0	44884
3252	42712	63	453	136	0	43364
3253	421	46017	199	101	0	46738
3254	47198	359	123	177	0	47857
3255	47799	127	102	176	0	48204
3256	496	117	86	47001	0	47700
3257	195	52450	135	378	0	53158
3258	52977	352	101	241	0	53671
3259	442	221	54091	83	0	54837
3260	50929	93	353	163	0	51538
3261	417	54581	225	131	0	55354
3262	53959	322	112	143	0	54536
3263	53862	117	99	127	0	54205
3264	428	55188	163	114	0	55893
3265	217	330	105	55641	0	56293
3266	56465	114	116	405	0	57100
3267	430	56412	155	163	0	57160
3268	218	363	110	56723	0	57414
3269	58023	121	129	486	0	58759
3270	469	102	106	59838	0	60515
3271	262	112	86	59292	0	59752
3272	156	60122	170	482	0	60930
3273	59345	420	85	288	0	60138
3274	60902	161	102	191	0	61356
3275	61552	109	102	165	0	61928
3276	602	63723	159	120	0	64604
3277	64456	441	129	200	0	65226
3278	64698	155	89	180	0	65122
3279	635	124	94	63871	0	64724
3280	318	98	86	64497	0	64999
3281	227	207	64246	526	0	65206
3282	220	111	433	62094	0	62858
3283	252	110	158	62815	0	63335
3284	230	185	64390	515	0	65320
3285	53576	128	488	451	0	54643
3286	564	196	64392	123	0	65275
3287	325	180	65359	101	0	65965
3288	268	109	505	64512	0	65394
3289	215	140	167	65215	0	65737
3290	167	67106	197	518	0	67988
3291	66965	451	76	261	0	67753
3292	64978	184	95	213	0	65470
3293	600	66726	147	134	0	67607
3294	291	70696	152	171	0	71310
3295	319	649	80	68222	0	69270
3296	163	72545	200	532	0	73440
3297	72562	609	88	327	0	73586
3298	72382	218	86	249	0	72935
3299	843	134	126	71600	0	72703
3300	393	112	97	72656	0	73258
3301	72369	96	80	836	0	73381
3302	760	195	70668	268	0	71891
3303	69048	106	626	253	0	70033
3304	786	171	70529	162	0	71648
3305	68214	62	591	226	0	69093
3306	704	149	194	69937	0	70984
3307	313	154	71024	577	0	72068
3308	271	207	68926	219	0	69623
3309	65528	220	970	247	0	66965
3310	67983	70	254	219	0	68526
3311	624	70636	174	132	0	71566
3312	263	473	65	71971	0	72772
3313	141	174	80	73159	0	73554
3314	72232	86	61	814	0	73193
3315	603	71845	136	350	0	72934
3316	69996	501	58	271	0	70826
3317	573	69943	139	142	0	70797
3318	167	69542	115	126	0	69950
3319	68873	565	65	184	0	69687
3320	625	243	68002	66	0	68936
3321	278	124	504	66790	0	67696
3322	173	67	135	68159	0	68534
3323	146	216	68232	647	0	69241
3324	153	50	498	66882	0	67583
3325	180	100	177	61158	0	61615
3326	89	68269	176	660	0	69194
3327	67448	508	65	319	0	68340
3328	599	257	68253	122	0	69231
3329	63216	87	531	194	0	64028
3330	584	68424	227	134	0	69369
3331	247	521	86	68892	0	69746
3332	71073	159	71	745	0	72048
3333	655	91	61	70959	0	71766
3334	266	51	75	71542	0	71934
3335	189	140	71112	709	0	72150
3336	64408	76	551	441	0	65476
3337	69683	64	193	279	0	70219
3338	748	149	70176	143	0	71216
3339	328	72	557	69074	0	70031
3340	202	144	70041	586	0	70973
3341	66610	73	601	343	0	67627
3342	70995	67	213	263	0	71538
3343	746	79	102	70641	0	71568
3344	70168	83	82	730	0	71063
3345	690	212	75154	267	0	76323
3346	346	73	580	74298	0	75297
3347	262	65	202	75182	0	75711
3348	196	63	124	77309	0	77692
3349	162	87	79	77235	0	77563
3350	69649	56	67	926	0	70698
3351	667	196	69147	305	0	70315
3352	306	54	586	69449	0	70395
3353	202	149	68746	706	0	69803
3354	189	171	67519	278	0	68157
3355	185	70	711	66558	0	67524
3356	187	65	242	68100	0	68594
3357	64266	64	138	849	0	65317
3358	692	60	101	64117	0	64970
3359	329	59	87	64714	0	65189
3360	222	55	84	65408	0	65769
3361	64497	59	85	1088	0	65729
3362	64584	58	91	442	0	65175
3363	65433	59	96	258	0	65846
3364	64240	76	86	226	0	64628
3365	876	70607	179	201	0	71863
3366	341	901	85	70428	0	71755
3367	272	283	77	72090	0	72722
3368	74069	126	90	1320	0	75605
3369	1079	79080	185	574	0	80918
3370	475	1200	75	83410	0	85160
3371	259	441	89177	1437	0	91314
3372	92445	163	1560	650	0	94818
3373	1927	100746	496	302	0	103471
3374	106310	1921	240	274	0	108745
3375	110165	448	116	273	0	111002
3376	2821	187	104	108212	0	111324
3377	789	174	108198	2409	0	111570
3378	438	97	2240	110985	0	113760
3379	112088	72	533	2805	0	115498
3380	2499	112	240	111885	0	114736
3381	112182	67	113	2636	0	114998
3382	2557	111567	237	723	0	115084
3383	116210	2348	105	565	0	119228
3384	2797	583	131	116695	0	120206
3385	941	248	111	122865	0	124165
3386	126670	141	122	3176	0	130109
3387	127215	115	87	1042	0	128459
3388	127755	144	100	627	0	128626
3389	127550	134	102	483	0	128269
3390	127056	123	151	403	0	127733
3391	3531	173	155	123570	0	127429
3392	1131	298	120649	2784	0	124862
3393	627	121522	2476	923	0	125548
3394	117663	2455	761	676	0	121555
3395	2837	746	115924	395	0	119902
3396	113394	334	2415	489	0	116632
3397	3015	115917	758	441	0	120131
3398	117375	2427	383	511	0	120696
3399	3171	634	217	116714	0	120736
3400	1294	382	210	118515	0	120401
3401	930	407	117287	3207	0	121831
3402	980	244	2479	114687	0	118390
3403	850	342	119302	2923	0	123417
3404	916	415	119800	1065	0	122196
3405	117654	296	2907	1007	0	121864
3406	123868	279	833	939	0	125919
3407	3635	549	120411	797	0	125392
3408	118676	304	2491	911	0	122382
3409	122275	304	642	943	0	124164
3410	3823	430	118799	827	0	123879
3411	1655	116816	2580	1352	0	122403
3412	1737	2508	800	120018	0	125063
3413	124182	675	536	2956	0	128349
3414	127288	459	403	1251	0	129401
3415	127597	379	393	890	0	129259
3416	127487	394	430	859	0	129170
3417	127265	363	585	794	0	129007
3418	4123	602	123111	697	0	128533
3419	2060	587	126429	732	0	129808
3420	1815	612	3052	125421	0	130900
3421	128250	485	1085	3110	0	132930
3422	130341	513	680	1441	0	132975
3423	130280	430	632	1286	0	132628
3424	123423	432	732	1244	0	125831
3425	3934	124580	856	1353	0	130723
3426	2052	131450	946	1332	0	135780
3427	132160	2759	744	1482	0	137145
3428	133214	905	750	1281	0	136150
3429	4235	131891	892	1155	0	138173
3430	134227	2526	707	1197	0	138657
3431	4360	1065	132722	1018	0	139165
3432	2588	569	2774	131056	0	136987
3433	2319	639	133072	3135	0	139165
3434	2473	700	132750	2044	0	137967
3435	2554	451	3105	131387	0	137497
3436	2578	459	1157	137037	0	141231
3437	2442	673	137927	3252	0	144294
3438	2443	538	2814	133050	0	138845
3439	2310	542	1164	139423	0	143439
3440	138862	532	1010	3505	0	143909
3441	139985	508	963	1505	0	142961
3442	4789	560	945	137450	0	143744
3443	2689	751	137264	3049	0	143753
3444	2179	137237	3209	1525	0	144150
3445	134504	2614	1326	1306	0	139750
3446	4283	1076	137784	1095	0	144238
3447	2353	133644	3263	1183	0	140443
3448	2053	140908	1643	1171	0	145775
3449	142049	2781	1177	1184	0	147191
3450	144576	949	1121	1047	0	147693
3451	4641	636	1123	141256	0	147656
3452	2514	821	148866	2974	0	155175
3453	2454	538	3386	147781	0	154159
3454	2263	527	1542	151040	0	155372
3455	2325	468	1289	152382	0	156464
3456	149504	491	1165	3670	0	154830
3457	4331	146182	1295	1494	0	153302
3458	2380	154645	1304	1142	0	159471
3459	2193	3100	1102	150027	0	156422
3460	1996	1036	1023	155753	0	159808
3461	153802	571	981	3933	0	159287
3462	149594	515	1010	1800	0	152919
3463	153272	443	889	1389	0	155993
3464	4747	151031	1210	1135	0	158123
3465	145862	2178	858	1034	0	149932
3466	3836	1322	911	143407	0	149476
3467	2133	693	142366	2775	0	147967
3468	1910	558	134631	1133	0	138232
3469	126008	343	2610	1147	0	130108
3470	2689	416	126055	617	0	129777
3471	1338	462	118141	506	0	120447
3472	102811	214	1471	606	0	105102
3473	1475	307	105987	365	0	108134
3474	653	308	101660	229	0	102850
3475	609	997	938	94150	0	96694
3476	322	266	100714	630	0	101932
3477	315	131	593	95907	0	96946
3478	349	126	236	97568	0	98279
3479	281	260	101156	660	0	102357
3480	185	102492	658	336	0	103671
3481	101514	475	266	435	0	102690
3482	640	363	104507	143	0	105653
3483	304	284	102170	131	0	102889
3484	82364	160	731	380	0	83635
3485	574	264	97348	139	0	98325
3486	186	94536	512	148	0	95382
3487	150	92189	335	147	0	92821
3488	176	447	124	96028	0	96775
3489	176	200	76	95560	0	96012
3490	98480	74	70	764	0	99388
3491	97622	67	69	421	0	98179
3492	98135	75	79	367	0	98656
3493	577	165	79	98372	0	99193
3494	98974	62	112	641	0	99789
3495	97606	78	138	434	0	98256
3496	580	225	99158	158	0	100121
3497	295	202	97242	157	0	97896
3498	165	100362	591	157	0	101275
3499	176	395	192	100438	0	101201
3500	101089	155	127	612	0	101983
3501	438	100596	226	291	0	101551
3502	269	404	91	102293	0	103057
3503	101295	130	120	669	0	102214
3504	99208	105	120	420	0	99853
3505	545	101475	209	251	0	102480
3506	100582	432	122	365	0	101501
3507	101160	192	150	392	0	101894
3508	681	128	111	101342	0	102262
3509	327	294	102937	524	0	104082
3510	224	101542	559	355	0	102680
3511	148	102614	310	235	0	103307
3512	98345	553	165	313	0	99376
3513	652	288	123	98144	0	99207
3514	334	328	100274	541	0	101477
3515	186	100979	615	294	0	102074
3516	100932	463	201	372	0	101968
3517	101298	195	134	357	0	101984
3518	721	321	104408	173	0	105623
3519	405	102	544	100573	0	101624
3520	277	120	209	108122	0	108728
3521	198	332	119561	780	0	120871
3522	117811	114	998	559	0	119482
3523	146742	117	397	428	0	147684
3524	2408	120	293	162751	0	165572
3525	749	167721	421	2843	0	171734
3526	663	2948	206	174047	0	177864
3527	398	1141	173642	3393	0	178574
3528	168168	435	3236	1244	0	173083
3529	3560	232	951	178936	0	183679
3530	1165	487	178338	3487	0	183477
3531	170480	238	3377	1338	0	175433
3532	3584	137	1029	178027	0	182777
3533	1262	179	617	179177	0	181235
3534	175769	103	322	4444	0	180638
3535	3437	177044	649	1516	0	182646
3536	176312	3284	341	908	0	180845
3537	4136	913	258	173889	0	179196
3538	173428	488	339	3829	0	178084
3539	4168	578	172766	1304	0	178816
3540	1345	173284	3682	929	0	179240
3541	1012	3594	1035	174362	0	180003
3542	175859	1072	592	3973	0	181496
3543	3743	175863	713	1542	0	181861
3544	1667	3623	480	176361	0	182131
3545	177917	1099	398	4211	0	183625
3546	176464	639	482	1778	0	179363
3547	5240	429	441	172000	0	178110
3548	2133	696	170594	4231	0	177654
3549	1208	665	169724	1955	0	173552
3550	164292	457	4634	1557	0	170940
3551	4320	167842	1852	1113	0	175127
3552	1707	165251	1067	997	0	169022
3553	160186	4259	732	1096	0	166273
3554	4119	163941	878	1016	0	169954
3555	2031	3989	675	162130	0	168825
3556	1604	1460	564	167142	0	170770
3557	164177	1095	475	5056	0	170803
3558	162620	771	503	2292	0	166186
3559	163124	746	468	1495	0	165833
3560	5466	1040	157131	1193	0	164830
3561	2676	546	3711	157213	0	164146
3562	2003	767	158454	4326	0	165550
3563	2501	768	158176	1903	0	163348
3564	1577	735	162478	1454	0	166244
3565	1503	649	5189	155877	0	163218
3566	1414	875	160994	4434	0	167717
3567	1449	960	164314	1843	0	168566
3568	1494	852	5120	159103	0	166569
3569	162088	768	1943	4579	0	169378
3570	4854	922	163016	2006	0	170798
3571	2291	858	4465	158645	0	166259
3572	1780	783	1776	165828	0	170167
3573	1454	1010	164593	5398	0	172455
3574	1839	806	4283	161913	0	168841
3575	1629	1008	166333	4956	0	173926
3576	1777	786	4659	161168	0	168390
3577	1729	794	1819	165102	0	169444
3578	1526	619	1374	166041	0	169560
3579	1457	644	1235	164707	0	168043
3580	158032	571	1344	6107	0	166054
3581	159208	510	1339	2816	0	163873
3582	5600	795	156627	1882	0	164904
3583	2399	153747	5000	2032	0	163178
3584	1705	4054	158060	1620	0	165439
3585	1433	1523	158608	1546	0	163110
3586	150517	812	5828	1568	0	158725
3587	4594	157262	2960	1746	0	166562
3588	157259	4034	1981	1740	0	165014
3589	4777	159119	2127	1615	0	167638
3590	158483	4231	1820	1754	0	166288
3591	161656	1371	1671	1778	0	166476
3592	5922	988	1588	155175	0	163673
3593	2374	158453	1688	5318	0	167833
3594	1883	4149	1349	160087	0	167468
3595	1495	1478	1414	164194	0	168581
3596	1412	999	160340	6525	0	169276
3597	1351	160780	5365	3204	0	170700
3598	1456	4256	2388	161053	0	169153
3599	160870	1442	1842	5768	0	169922
3600	167444	909	1562	2937	0	172852
3601	168089	661	1586	2278	0	172614
3602	6154	164082	1864	2075	0	174175
3603	167489	4636	1313	1939	0	175377
3604	5798	175110	1661	1739	0	184308
3605	2913	5364	1271	178517	0	188065
3606	2115	2065	178003	5837	0	188020
3607	2047	1217	5748	170969	0	179981
3608	1567	176460	2604	6084	0	186715
3609	1810	5354	1646	175027	0	183837
3610	1584	2069	1260	175473	0	180386
3611	1331	177232	1584	7132	0	187279
3612	177798	5520	1182	3144	0	187644
3613	6143	2116	1134	175988	0	185381
3614	2554	1800	172350	6233	0	182937
3615	2147	1098	5450	172830	0	181525
3616	1856	1089	2077	179197	0	184219
3617	1645	1295	175861	7361	0	186162
3618	1979	1217	5652	157889	0	166737
3619	1466	170687	2546	6410	0	181109
3620	1890	5737	170063	2629	0	180319
3621	2239	2176	160466	1896	0	166777
3622	1201	150831	6328	1621	0	159981
3623	848	130216	2032	1238	0	134334
3624	736	113302	1067	796	0	115901
3625	104491	3372	2494	845	0	111202
3626	100852	821	648	654	0	102975
3627	100083	467	348	637	0	101535
3628	3176	356	344	98088	0	101964
3629	992	470	96344	2710	0	100516
3630	687	369	2486	95060	0	98602
3631	517	348	807	96832	0	98504
3632	95451	361	519	3115	0	99446
3633	95367	377	393	1218	0	97355
3634	2819	95169	512	751	0	99251
3635	95158	2375	325	702	0	98560
3636	96568	748	328	671	0	98315
3637	97408	494	358	704	0	98964
3638	3080	465	94406	599	0	98550
3639	1010	476	95120	567	0	97173
3640	671	547	2779	92031	0	96028
3641	483	465	93153	2536	0	96637
3642	89085	369	2401	987	0	92842
3643	92551	355	761	726	0	94393
3644	2796	449	89658	462	0	93365
3645	86974	315	2163	477	0	89929
3646	2414	88878	797	495	0	92584
3647	89767	2208	398	469	0	92842
3648	2613	713	326	88236	0	91888
3649	1111	509	336	84072	0	86028
3650	686	88494	409	2459	0	92048
3651	88320	2232	309	917	0	91778
3652	88500	735	355	602	0	90192
3653	2655	88234	439	565	0	91893
3654	1118	2241	327	85885	0	89571
3655	844	797	362	85506	0	87509
3656	563	86346	436	2704	0	90049
3657	731	2354	354	85503	0	88942
3658	755	837	358	87954	0	89904
3659	85613	553	317	2857	0	89340
3660	86627	483	317	1128	0	88555
3661	2942	492	84836	714	0	88984
3662	83161	410	2201	756	0	86528
3663	2578	562	84135	642	0	87917
3664	1113	494	2295	82143	0	86045
3665	838	447	82713	2487	0	86485
3666	623	81506	2376	1110	0	85615
3667	867	2263	976	78425	0	82531
3668	819	732	438	80511	0	82500
3669	78761	497	371	2602	0	82231
3670	2351	406	377	77803	0	80937
3671	987	544	76337	2317	0	80185
3672	76017	423	2088	980	0	79508
3673	78365	398	742	714	0	80219
3674	79305	436	478	644	0	80863
3675	77767	431	440	623	0	79261
3676	2898	339	422	79837	0	83496
3677	1226	374	385	82545	0	84530
3678	936	404	364	85068	0	86772
3679	810	332	410	85789	0	87341
3680	83271	321	393	3231	0	87216
3681	84198	333	375	1231	0	86137
3682	3279	338	379	74980	0	78976
3683	1173	79898	511	2518	0	84100
3684	80502	2305	458	986	0	84251
3685	2865	863	79957	727	0	84412
3686	1107	79948	2505	659	0	84219
3687	74792	2112	722	614	0	78240
3688	2408	76196	591	512	0	79707
3689	978	2309	76142	478	0	79907
3690	75961	666	2232	532	0	79391
3691	77879	458	707	479	0	79523
3692	2992	433	75337	448	0	79210
3693	1352	267	2173	75599	0	79391
3694	1007	259	725	74624	0	76615
3695	816	75348	585	2618	0	79367
3696	895	2089	390	74783	0	78157
3697	72014	572	357	2535	0	75478
3698	2467	72560	487	1045	0	76559
3699	1060	1885	314	68211	0	71470
3700	845	546	241	69522	0	71154
3701	720	421	66576	2450	0	70167
3702	668	66240	1988	925	0	69821
3703	60200	1866	539	665	0	63270
3704	1629	51957	341	376	0	54303
3705	503	49476	261	311	0	50551
3706	48340	1346	514	325	0	50525
3707	1411	398	261	46733	0	48803
3708	544	226	182	47942	0	48894
3709	47121	178	143	1526	0	48968
3710	1418	163	152	47448	0	49181
3711	584	161	137	48521	0	49403
3712	48413	160	111	1598	0	50282
3713	1482	149	131	46504	0	48266
3714	505	47085	187	1427	0	49204
3715	46672	1189	84	523	0	48468
3716	1354	444	44789	325	0	46912
3717	479	42556	1147	347	0	44529
3718	344	1174	291	40431	0	42240
3719	244	349	39769	1059	0	41421
3720	229	223	39790	380	0	40622
3721	404	1608	1060	35707	0	38779
3722	35923	121	502	950	0	37496
3723	913	103	132	35465	0	36613
3724	363	99	101	36342	0	36905
3725	220	113	110	36647	0	37090
3726	212	119	88	36531	0	36950
3727	204	108	95	36884	0	37291
3728	183	162	35074	1079	0	36498
3729	175	142	34782	393	0	35492
3730	188	115	910	34578	0	35791
3731	170	148	34664	922	0	35904
3732	145	34645	871	475	0	36136
3733	195	814	270	34668	0	35947
3734	149	286	34113	907	0	35455
3735	29876	161	830	439	0	31306
3736	824	33235	290	291	0	34640
3737	264	32683	180	259	0	33386
3738	193	33281	140	263	0	33877
3739	270	944	92	32146	0	33452
3740	32355	291	105	942	0	33693
3741	807	206	83	32523	0	33619
3742	31615	151	103	940	0	32809
3743	824	30985	142	415	0	32366
3744	31595	766	102	350	0	32813
3745	909	291	82	31676	0	32958
3746	373	195	79	31649	0	32296
3747	240	31067	140	981	0	32428
3748	267	798	115	31278	0	32458
3749	229	280	110	31848	0	32467
3750	233	195	94	31599	0	32121
3751	30492	149	131	1115	0	31887
3752	29684	142	153	514	0	30493
3753	945	199	30106	342	0	31592
3754	29713	146	748	361	0	30968
3755	889	169	30595	288	0	31941
3756	375	156	815	30013	0	31359
3757	277	141	289	31030	0	31737
3758	214	146	204	31272	0	31836
3759	178	167	30296	1128	0	31769
3760	199	146	792	30340	0	31477
3761	155	193	30876	1014	0	32238
3762	191	127	837	30895	0	32050
3763	30639	147	284	1071	0	32141
3764	810	197	30824	481	0	32312
3765	30307	159	796	418	0	31680
3766	852	121	269	31173	0	32415
3767	31055	139	196	992	0	32382
3768	840	31096	201	475	0	32612
3769	363	756	151	31472	0	32742
3770	216	328	32454	970	0	33968
3771	260	290	771	31793	0	33114
3772	220	480	264	30718	0	31682
3773	152	31146	228	1056	0	32582
3774	261	724	30455	477	0	31917
3775	160	30064	749	348	0	31321
3776	25061	550	239	269	0	26119
3777	443	25355	159	200	0	26157
3778	23028	355	351	163	0	23897
3779	22885	144	72	157	0	23258
3780	22781	58	60	147	0	23046
3781	487	47	72	22631	0	23237
3782	191	80	22693	408	0	23372
3783	133	53	352	21881	0	22419
3784	73	22834	179	394	0	23480
3785	83	336	86	22797	0	23302
3786	22331	120	73	444	0	22968
3787	335	22506	94	214	0	23149
3788	152	321	65	21580	0	22118
3789	96	134	48	21788	0	22066
3790	21224	65	61	491	0	21841
3791	357	76	21318	221	0	21972
3792	156	20854	352	158	0	21520
3793	115	264	110	19555	0	20044
3794	77	116	19387	282	0	19862
3795	61	109	271	18402	0	18843
3796	49	19229	133	287	0	19698
3797	78	252	61	19852	0	20243
3798	52	99	49	19615	0	19815
3799	54	45	42	19646	0	19787
3800	47	75	19267	367	0	19756
3801	17868	44	263	198	0	18373
3802	275	39	106	20592	0	21012
3803	22190	31	52	389	0	22662
3804	22703	41	49	181	0	22974
3805	22877	34	36	123	0	23070
3806	22745	38	33	106	0	22922
3807	23128	34	34	105	0	23301
3808	519	36	32	22461	0	23048
3809	169	22288	44	377	0	22878
3810	128	331	23	21449	0	21931
3811	67	21615	60	360	0	22102
3812	75	312	14	20290	0	20691
3813	20246	79	20	309	0	20654
3814	278	54	19	20238	0	20589
3815	110	51	20080	297	0	20538
3816	18317	27	245	140	0	18729
3817	255	20245	82	98	0	20680
3818	20447	240	69	72	0	20828
3819	20388	70	29	66	0	20553
3820	19903	38	13	67	0	20021
3821	315	21024	29	41	0	21409
3822	129	236	14	21009	0	21388
3823	78	70	13	21277	0	21438
3824	53	61	21081	315	0	21510
3825	62	34	242	19638	0	19976
3826	71	28	60	20237	0	20396
3827	67	24	36	20715	0	20842
3828	52	20960	35	309	0	21356
3829	21017	263	20	146	0	21446
3830	20168	77	24	111	0	20380
3831	327	73	21658	80	0	22138
3832	129	21827	262	65	0	22283
3833	114	249	69	22161	0	22593
3834	90	90	38	22564	0	22782
3835	100	61	27	22614	0	22802
3836	89	39	24	22988	0	23140
3837	94	42	25	23351	0	23512
3838	75	60	22759	394	0	23288
3839	85	78	21378	171	0	21712
3840	22323	49	339	141	0	22852
3841	23976	42	109	105	0	24232
3842	24232	56	66	94	0	24448
3843	440	39	32	24309	0	24820
3844	175	57	24008	361	0	24601
3845	23418	27	307	161	0	23913
3846	24584	42	99	122	0	24847
3847	417	61	24087	96	0	24661
3848	23423	39	318	109	0	23889
3849	446	52	26863	77	0	27438
3850	195	44	365	26777	0	27381
3851	145	61	27405	392	0	28003
3852	25919	30	393	184	0	26526
3853	27536	30	135	150	0	27851
3854	27655	41	81	109	0	27886
3855	27477	36	53	145	0	27711
3856	521	47	29010	109	0	29687
3857	191	29059	377	99	0	29726
3858	29510	333	152	119	0	30114
3859	29572	124	86	103	0	29885
3860	503	100	29749	83	0	30435
3861	208	50	365	28463	0	29086
3862	163	50	111	29930	0	30254
3863	115	53	29418	479	0	30065
3864	26530	34	382	242	0	27188
3865	29351	37	130	172	0	29690
3866	483	29644	123	118	0	30368
3867	30657	353	70	155	0	31235
3868	30814	103	67	113	0	31097
3869	30874	61	79	124	0	31138
3870	29764	50	70	121	0	30005
3871	585	75	28966	97	0	29723
3872	27627	36	372	109	0	28144
3873	498	114	138	28505	0	29255
3874	218	29338	127	390	0	30073
3875	205	362	28781	156	0	29504
3876	143	29322	412	127	0	30004
3877	162	522	157	27781	0	28622
3878	114	120	28619	311	0	29164
3879	25410	70	311	159	0	25950
3880	360	54	28634	91	0	29139
3881	27819	27	344	87	0	28277
3882	385	25	134	28691	0	29235
3883	171	48	90	28706	0	29015
3884	143	28507	90	376	0	29116
3885	130	29458	93	142	0	29823
3886	136	344	42	30303	0	30825
3887	29943	126	67	348	0	30484
3888	29767	73	60	125	0	30025
3889	29633	30	78	101	0	29842
3890	454	59	30032	57	0	30602
3891	28697	28	299	111	0	29135
3892	414	59	30952	67	0	31492
3893	378	65	29467	61	0	29971
3894	29541	38	379	84	0	30042
3895	31147	33	162	100	0	31442
3896	409	77	31591	34	0	32111
3897	218	30	307	30395	0	30950
3898	180	22	118	32090	0	32410
3899	32100	26	95	343	0	32564
3900	31327	28	78	179	0	31612
3901	391	65	34087	99	0	34642
3902	165	33083	252	82	0	33582
3903	105	32221	94	45	0	32465
3904	32112	192	80	76	0	32460
3905	235	82	45	32085	0	32447
3906	120	47	29	32665	0	32861
3907	95	28	29	33297	0	33449
3908	27040	35	49	325	0	27449
3909	231	18	33	33402	0	33684
3910	33435	24	38	234	0	33731
3911	34453	15	46	99	0	34613
3912	326	37128	62	96	0	37612
3913	192	216	39	40432	0	40879
3914	116	123	40788	280	0	41307
3915	38552	56	308	201	0	39117
3916	40489	35	156	105	0	40785
3917	40895	23	81	133	0	41132
3918	516	57	42325	55	0	42953
3919	255	18	335	42094	0	42702
3920	42958	28	171	373	0	43530
3921	41256	29	94	184	0	41563
3922	41204	37	52	122	0	41415
3923	479	41337	85	78	0	41979
3924	255	43068	68	94	0	43485
3925	166	415	50	43740	0	44371
3926	130	164	42	43176	0	43512
3927	105	43622	75	445	0	44247
3928	43209	330	38	219	0	43796
3929	404	221	44404	94	0	45123
3930	213	86	320	43980	0	44599
3931	128	57	143	44235	0	44563
3932	100	96	43838	476	0	44510
3933	39648	45	374	291	0	40358
3934	44188	41	161	131	0	44521
3935	508	43849	114	114	0	44585
3936	43680	324	79	116	0	44199
3937	464	216	45584	85	0	46349
3938	45310	77	354	204	0	45945
3939	498	106	47465	67	0	48136
3940	46011	102	445	127	0	46685
3941	47881	42	195	138	0	48256
3942	47808	39	128	128	0	48103
3943	47361	36	75	127	0	47599
3944	578	47258	122	92	0	48050
3945	48415	283	66	142	0	48906
3946	49438	160	84	120	0	49802
3947	598	129	49233	83	0	50043
3948	48823	65	301	103	0	49292
3949	454	66	145	48732	0	49397
3950	284	108	48383	340	0	49115
3951	47379	81	322	196	0	47978
3952	432	80	167	49136	0	49815
3953	50275	69	89	448	0	50881
3954	53972	76	85	438	0	54571
3955	534	116	57258	139	0	58047
3956	55588	41	334	171	0	56134
3957	57531	60	247	143	0	57981
3958	57736	62	106	158	0	58062
3959	58527	50	99	172	0	58848
3960	625	51	115	56898	0	57689
3961	378	57668	150	393	0	58589
3962	56485	336	130	231	0	57182
3963	58109	178	91	155	0	58533
3964	58331	98	90	124	0	58643
3965	667	133	58177	126	0	59103
3966	378	58414	414	127	0	59333
3967	334	356	247	58323	0	59260
3968	349	149	155	59120	0	59773
3969	343	147	61799	464	0	62753
3970	349	85	509	60764	0	61707
3971	325	134	62691	566	0	63716
3972	328	74	570	61550	0	62522
3973	321	65	228	62989	0	63603
3974	300	161	63741	655	0	64857
3975	59391	116	537	399	0	60443
3976	64967	112	245	312	0	65636
3977	795	203	66488	193	0	67679
3978	64114	87	574	292	0	65067
3979	66783	84	247	273	0	67387
3980	892	172	70226	138	0	71428
3981	557	89	570	68635	0	69851
3982	369	73	288	70648	0	71378
3983	70991	54	190	798	0	72033
3984	742	72981	195	336	0	74254
3985	68598	523	206	325	0	69652
3986	72092	209	140	211	0	72652
3987	883	74694	182	173	0	75932
3988	75372	535	135	201	0	76243
3989	75219	253	132	170	0	75774
3990	872	75337	191	187	0	76587
3991	523	576	144	75220	0	76463
3992	432	77436	218	541	0	78627
3993	388	584	157	77534	0	78663
3994	408	336	77401	617	0	78762
3995	363	256	76646	331	0	77596
3996	73765	143	808	351	0	75067
3997	77824	112	356	269	0	78561
3998	1016	170	78606	203	0	79995
3999	77009	73	704	261	0	78047
4000	80015	62	369	283	0	80729
4001	78187	53	224	304	0	78768
4002	1036	80393	285	220	0	81934
4003	577	545	177	81957	0	83256
4004	82150	226	198	726	0	83300
4005	81207	109	170	414	0	81900
4006	1105	207	82931	212	0	84455
4007	641	97	648	81140	0	82526
4008	457	109	333	82228	0	83127
4009	376	83287	242	844	0	84749
4010	398	87551	214	431	0	88594
4011	407	1244	123	82772	0	84546
4012	262	85664	196	739	0	86861
4013	82480	674	110	319	0	83583
4014	771	86806	168	190	0	87935
4015	88446	820	123	244	0	89633
4016	1012	356	89998	103	0	91469
4017	90633	158	919	250	0	91960
4018	95975	74	321	193	0	96563
4019	95769	57	154	179	0	96159
4020	93953	96	92	243	0	94384
4021	1434	94483	145	160	0	96222
4022	627	987	108	95272	0	96994
4023	405	370	90	95788	0	96653
4024	372	267	95231	1340	0	97210
4025	284	158	1029	92354	0	93825
4026	274	96	358	95736	0	96464
4027	96227	80	172	1487	0	97966
4028	1196	97285	211	569	0	99261
4029	626	1105	141	97600	0	99472
4030	468	404	121	99479	0	100472
4031	373	263	119	99783	0	100538
4032	98790	204	138	1658	0	100790
4033	1288	185	137	99542	0	101152
4034	99979	117	166	1523	0	101785
4035	1346	144	229	100307	0	102026
4036	747	127	169	101729	0	102772
4037	566	192	97053	1541	0	99352
4038	85833	188	1161	846	0	88028
4039	1380	96463	536	417	0	98796
4040	99339	1125	206	503	0	101173
4041	1490	413	179	98450	0	100532
4042	804	234	161	99757	0	100956
4043	101031	165	143	1709	0	103048
4044	102337	162	158	816	0	103473
4045	1903	196	100	106066	0	108265
4046	788	265	106845	1579	0	109477
4047	513	251	106258	741	0	107763
4048	381	110345	1730	578	0	113034
4049	111655	1499	601	527	0	114282
4050	110877	546	261	508	0	112192
4051	2087	381	138	110429	0	113035
4052	733	115637	213	1691	0	118274
4053	612	1557	90	115403	0	117662
4054	536	554	121	110269	0	111480
4055	403	107020	250	2074	0	109747
4056	106557	1531	245	891	0	109224
4057	1831	644	247	105273	0	107995
4058	759	110077	368	1629	0	112833
4059	572	114230	315	698	0	115815
4060	112625	1787	213	577	0	115202
4061	1966	757	112977	413	0	116113
4062	111782	371	1502	476	0	114131
4063	2081	363	468	113534	0	116446
4064	932	292	259	113020	0	114503
4065	626	114620	368	2132	0	117746
4066	736	1866	240	114751	0	117593
4067	722	679	114874	1973	0	118248
4068	588	113224	1611	993	0	116416
4069	498	114164	590	693	0	115945
4070	111254	1783	343	630	0	114010
4071	1673	113220	378	632	0	115903
4072	881	1608	236	112456	0	115181
4073	605	113735	308	1791	0	116439
4074	662	1607	161	113975	0	116405
4075	609	672	151	114897	0	116329
4076	529	629	111251	2285	0	114694
4077	599	450	1439	108996	0	111484
4078	589	406	547	111478	0	113020
4079	108664	401	381	2284	0	111730
4080	1884	570	108361	1072	0	111887
4081	1080	444	1461	109741	0	112726
4082	797	544	110051	2107	0	113499
4083	105805	466	1609	1260	0	109140
4084	1875	111727	762	1050	0	115414
4085	118140	1784	412	1235	0	121571
4086	2215	749	368	121238	0	124570
4087	1090	558	334	122102	0	124084
4088	791	625	120107	2751	0	124274
4089	106331	518	1828	1702	0	110379
4090	2123	121698	730	1068	0	125619
4091	112748	2120	479	1077	0	116424
4092	2349	850	379	118351	0	121929
4093	1024	121682	490	2342	0	125538
4094	119927	2098	331	1316	0	123672
4095	2220	123127	457	1022	0	126826
4096	1147	2154	316	123049	0	126666
4097	902	842	341	124711	0	126796
4098	777	616	394	123007	0	124794
4099	702	121718	525	2909	0	125854
4100	812	2104	406	122188	0	125510
4101	846	954	372	123704	0	125876
4102	119695	741	345	2963	0	123744
4103	120300	685	337	1445	0	122767
4104	120176	719	336	1125	0	122356
4105	2852	830	120432	945	0	125059
4106	119284	714	1957	1105	0	123060
4107	122816	690	686	1098	0	125290
4108	117783	716	517	1223	0	120239
4109	2656	839	112309	1021	0	116825
4110	113062	695	1614	1000	0	116371
4111	2403	657	592	117428	0	121080
4112	1067	749	115768	2282	0	119866
4113	860	115210	1819	1246	0	119135
4114	886	2869	659	106686	0	111100
4115	594	109054	622	1847	0	112117
4116	614	110192	502	894	0	112202
4117	103932	1553	737	794	0	107016
4118	1566	598	302	103504	0	105970
4119	104213	405	261	1741	0	106620
4120	1610	392	249	104294	0	106545
4121	104030	411	268	1756	0	106465
4122	1632	452	275	104061	0	106420
4123	103726	454	246	1745	0	106171
4124	1664	563	100758	695	0	103680
4125	728	463	1277	101188	0	103656
4126	652	546	102455	1570	0	105223
4127	602	540	98599	758	0	100499
4128	512	519	101838	716	0	103585
4129	591	501	1493	98323	0	100908
4130	467	455	100443	1729	0	103094
4131	98502	353	1287	948	0	101090
4132	1554	406	375	100415	0	102750
4133	689	471	104396	1678	0	107234
4134	675	311	1226	103510	0	105722
4135	600	314	458	105556	0	106928
4136	635	497	112827	1815	0	115774
4137	730	330	1322	111428	0	113810
4138	775	327	479	110141	0	111722
4139	802	114821	520	1610	0	117753
4140	114376	1197	342	890	0	116805
4141	114641	377	317	798	0	116133
4142	1708	449	112288	619	0	115064
4143	107960	239	1236	651	0	110086
4144	1456	340	107718	514	0	110028
4145	620	353	102850	470	0	104293
4146	517	389	103182	453	0	104541
4147	668	1481	1357	98190	0	101696
4148	431	408	101614	1049	0	103502
4149	400	329	904	99142	0	100775
4150	386	168	356	100791	0	101701
4151	401	154	245	100306	0	101106
4152	422	145	214	99952	0	100733
4153	98818	163	202	1277	0	100460
4154	98246	178	220	711	0	99355
4155	1054	101477	326	613	0	103470
4156	524	818	223	102299	0	103864
4157	463	420	104436	1068	0	106387
4158	355	104661	1127	561	0	106704
4159	458	1174	392	106810	0	108834
4160	351	427	108726	1261	0	110765
4161	355	218	1259	105926	0	107758
4162	269	311	108045	1379	0	110004
4163	338	286	107538	477	0	108639
4164	319	183	1386	107844	0	109732
4165	306	143	511	108972	0	109932
4166	108714	99	331	1704	0	110848
4167	1282	116	236	108330	0	109964
4168	106954	135	256	1624	0	108969
4169	1215	107717	337	698	0	109967
4170	439	112740	359	585	0	114123
4171	432	1388	221	115649	0	117690
4172	116848	372	225	1590	0	119035
4173	1380	118360	432	707	0	120879
4174	578	1289	309	122241	0	124417
4175	129088	302	265	1791	0	131446
4176	130808	198	277	722	0	132005
4177	128612	158	340	614	0	129724
4178	128740	115	339	528	0	129722
4179	132502	132	313	589	0	133536
4180	1775	291	129367	431	0	131864
4181	677	454	127879	381	0	129391
4182	350	128164	1701	461	0	130676
4183	477	1791	667	126440	0	129375
4184	364	473	131313	1364	0	133514
4185	291	607	126524	443	0	127865
4186	411	505	1471	124579	0	126966
4187	278	342	133631	1452	0	135703
4188	313	334	134811	453	0	135911
4189	180	164420	1836	455	0	166891
4190	162176	2353	522	581	0	165632
4191	2279	175616	516	469	0	178880
4192	792	2792	240	172456	0	176280
4193	182337	434	269	2836	0	185876
4194	2907	187880	493	708	0	191988
4195	785	2950	268	184324	0	188327
4196	458	762	188736	2954	0	192910
4197	186673	306	3047	815	0	190841
4198	193861	190	569	624	0	195244
4199	196023	188	412	537	0	197160
4200	3815	242	289	194780	0	199126
4201	957	557	195690	3358	0	200562
4202	499	195331	3426	798	0	200054
4203	682	3199	606	192330	0	196817
4204	192325	549	510	3337	0	196721
4205	3432	632	195076	656	0	199796
4206	682	188551	3620	791	0	193644
4207	643	3326	192660	390	0	197019
4208	190050	640	3458	603	0	194751
4209	198502	442	718	642	0	200304
4210	197384	319	517	596	0	198816
4211	3989	529	193183	419	0	198120
4212	946	191306	3555	614	0	196421
4213	870	3328	803	190536	0	195537
4214	794	641	603	194651	0	196689
4215	937	529	542	192673	0	194681
4216	681	535	190235	3846	0	195297
4217	182668	385	3488	1262	0	187803
4218	3821	604	191984	688	0	197097
4219	191600	423	3641	862	0	196526
4220	197749	454	977	829	0	200009
4221	198065	491	678	855	0	200089
4222	191172	551	657	854	0	193234
4223	4315	813	193160	494	0	198782
4224	1661	556	3570	190496	0	196283
4225	1233	938	191421	3574	0	197166
4226	1052	188351	3850	1156	0	194409
4227	1005	195021	1232	946	0	198204
4228	192876	4003	874	990	0	198743
4229	187610	1248	853	1019	0	190730
4230	4279	194422	1015	973	0	200689
4231	195301	3817	801	1084	0	201003
4232	4858	1428	168031	987	0	175304
4233	186375	858	3131	1183	0	191547
4234	4544	193398	1452	1050	0	200444
4235	196245	3900	1020	1057	0	202222
4236	190765	1127	942	1025	0	193859
4237	5467	881	1039	185319	0	192706
4238	2382	844	1026	188913	0	193165
4239	185373	922	1142	4631	0	192068
4240	5094	924	1031	185194	0	192243
4241	185734	802	1052	4678	0	192266
4242	5497	840	1135	185083	0	192555
4243	184126	758	1295	4412	0	190591
4244	182797	850	1176	1493	0	186316
4245	5252	180665	1589	1165	0	188671
4246	2375	185631	1471	1010	0	190487
4247	177504	4469	1236	1217	0	184426
4248	4888	180738	1408	1100	0	188134
4249	2417	4458	1385	177180	0	185440
4250	2463	1388	1276	180920	0	186047
4251	172574	1322	1318	4957	0	180171
4252	4825	176144	1581	2110	0	184660
4253	2412	174146	1574	1683	0	179815
4254	2248	175758	1728	1490	0	181224
4255	2966	4450	169238	1497	0	178151
4256	2583	1956	171511	1219	0	177269
4257	2936	1545	171872	1376	0	177729
4258	3036	3234	4635	141976	0	152881
4259	2543	162566	1871	3707	0	170687
4260	164176	3909	1111	1920	0	171116
4261	5285	1747	161579	1545	0	170156
4262	2838	1381	161881	1691	0	167791
4263	2558	1357	164627	1424	0	169966
4264	2816	1353	4513	159638	0	168320
4265	2916	1146	1828	163786	0	169676
4266	3100	1159	1367	164844	0	170470
4267	163518	1109	1240	4310	0	170177
4268	163682	1250	1360	1698	0	167990
4269	163449	1253	1273	1489	0	167464
4270	5865	1141	1381	155088	0	163475
4271	2685	1286	148386	3686	0	156043
4272	2271	1587	151370	1409	0	156637
4273	2585	999	3979	147946	0	155509
4274	2586	1027	1541	145861	0	151015
4275	141640	1003	1126	4184	0	147953
4276	4821	139340	1338	1914	0	147413
4277	139432	3210	908	1525	0	145075
4278	4785	137693	1383	1569	0	145430
4279	2883	3489	876	136631	0	143879
4280	2392	1321	136622	4048	0	144383
4281	2350	1296	3430	135535	0	142611
4282	137043	908	989	4385	0	143325
4283	4548	993	135369	1801	0	142711
4284	128087	935	3178	1547	0	133747
4285	4658	1003	128321	1112	0	135094
4286	2794	1259	124425	946	0	129424
4287	113240	949	3157	1128	0	118474
4288	4286	954	114877	1010	0	121127
4289	1265	593	82018	522	0	84398
4290	1702	80039	2567	589	0	84897
4291	67413	1975	3314	869	0	73571
4292	62661	299	550	339	0	63849
4293	61877	167	187	333	0	62564
4294	863	231	59412	214	0	60720
4295	55529	145	643	245	0	56562
4296	704	58544	233	179	0	59660
4297	56552	604	121	220	0	57497
4298	701	256	56718	154	0	57829
4299	359	612	519	52765	0	54255
4300	112	159	52376	479	0	53126
4301	104	52127	499	215	0	52945
4302	260	335	279	50074	0	50948
4303	178	93	74	50933	0	51278
4304	51601	42	58	477	0	52178
4305	51528	41	54	202	0	51825
4306	51393	40	58	172	0	51663
4307	51459	33	72	160	0	51724
4308	50688	31	73	160	0	50952
4309	492	109	50840	71	0	51512
4310	190	35	373	49739	0	50337
4311	134	130	52891	367	0	53522
4312	111	62	409	52610	0	53192
4313	53638	38	136	499	0	54311
4314	54571	53	88	201	0	54913
4315	54830	48	86	152	0	55116
4316	55247	57	92	168	0	55564
4317	605	113	56973	65	0	57756
4318	207	58	503	56011	0	56779
4319	163	156	56664	543	0	57526
4320	102	58043	588	238	0	58971
4321	121	58248	219	135	0	58723
4322	251	777	144	54029	0	55201
4323	171	188	77	61532	0	61968
4324	199	80	106	61757	0	62142
4325	188	44	113	65278	0	65623
4326	64134	40	89	1088	0	65351
4327	820	64211	182	344	0	65557
4328	62341	742	88	207	0	63378
4329	887	202	60	62211	0	63360
4330	333	92	71	60104	0	60600
4331	175	62235	132	897	0	63439
4332	204	782	54	62171	0	63211
4333	61469	200	63	876	0	62608
4334	829	59055	152	311	0	60347
4335	250	58629	135	159	0	59173
4336	57759	859	84	173	0	58875
4337	870	237	73	57745	0	58925
4338	241	58010	147	816	0	59214
4339	240	777	63	58560	0	59640
4340	58698	218	74	953	0	59943
4341	883	156	66	58515	0	59620
4342	330	82	59	59218	0	59689
4343	58431	59	75	1099	0	59664
4344	931	80	51	58067	0	59129
4345	293	58696	117	950	0	60056
4346	286	784	62	58082	0	59214
4347	149	58477	140	897	0	59663
4348	182	827	66	58782	0	59857
4349	58325	228	56	975	0	59584
4350	59103	134	68	400	0	59705
4351	1086	90	67	59168	0	60411
4352	380	192	58366	903	0	59841
4353	55756	104	795	404	0	57059
4354	934	183	58501	213	0	59831
4355	56971	110	810	275	0	58166
4356	58434	100	217	274	0	59025
4357	1113	152	56999	205	0	58469
4358	353	56653	843	188	0	58037
4359	56824	800	257	251	0	58132
4360	57074	272	123	350	0	57819
4361	996	226	60340	185	0	61747
4362	59307	113	768	324	0	60512
4363	60003	118	216	331	0	60668
4364	59556	140	107	276	0	60079
4365	1137	93	54	60023	0	61307
4366	446	114	64	60205	0	60829
4367	249	61255	125	1059	0	62688
4368	281	798	54	62534	0	63667
4369	279	276	66	63047	0	63668
4370	214	254	61424	1083	0	62975
4371	216	219	59606	457	0	60498
4372	54299	144	957	355	0	55755
4373	58917	115	285	293	0	59610
4374	1091	59005	201	284	0	60581
4375	497	833	111	59333	0	60774
4376	315	386	60992	974	0	62667
4377	322	192	866	61096	0	62476
4378	330	161	274	62786	0	63551
4379	280	133	147	64122	0	64682
4380	230	64844	177	1329	0	66580
4381	343	1005	83	65783	0	67214
4382	360	347	85	67304	0	68096
4383	316	299	66007	1351	0	67973
4384	256	265	66389	589	0	67499
4385	61932	163	1197	453	0	63745
4386	66617	136	403	402	0	67558
4387	1429	147	180	69925	0	71681
4388	573	166	140	68802	0	69681
4389	400	149	139	69859	0	70547
4390	360	252	66702	1763	0	69077
4391	304	65262	1257	853	0	67676
4392	292	1357	65545	458	0	67652
4393	63827	429	1355	436	0	66047
4394	1423	339	66376	310	0	68448
4395	65312	169	1349	386	0	67216
4396	65648	165	448	403	0	66664
4397	67333	168	243	361	0	68105
4398	1809	168	159	66297	0	68433
4399	696	257	66399	1462	0	68814
4400	383	67947	1382	695	0	70407
4401	416	1336	435	67243	0	69430
4402	368	451	265	69892	0	70976
4403	358	314	71985	1901	0	74558
4404	270	71224	1684	866	0	74044
4405	73230	1560	545	543	0	75878
4406	1814	75717	402	442	0	78375
4407	80469	1859	238	454	0	83020
4408	2310	616	234	80835	0	83995
4409	874	350	83267	2150	0	86641
4410	492	83700	2197	818	0	87207
4411	84287	2055	748	627	0	87717
4412	2337	695	85083	387	0	88502
4413	84389	307	2292	459	0	87447
4414	86446	196	686	456	0	87784
4415	2804	257	85686	349	0	89096
4416	83595	158	2242	365	0	86360
4417	85048	131	785	352	0	86316
4418	83075	139	458	363	0	84035
4419	2806	81756	430	316	0	85308
4420	78652	1969	288	335	0	81244
4421	2289	80598	353	350	0	83590
4422	859	2125	80802	314	0	84100
4423	486	80445	2059	288	0	83278
4424	77414	2025	949	312	0	80700
4425	78549	549	378	304	0	79780
4426	79162	318	233	313	0	80026
4427	2505	214	232	76567	0	79518
4428	909	202	249	78849	0	80209
4429	75828	201	239	2258	0	78526
4430	78124	193	207	738	0	79262
4431	2483	151	230	75919	0	78783
4432	892	259	76263	1902	0	79316
4433	546	73944	1952	657	0	77099
4434	436	76977	634	455	0	78502
4435	489	2110	398	75285	0	78282
4436	456	784	75647	1843	0	78730
4437	515	476	1817	69967	0	72775
4438	393	74387	710	1752	0	77242
4439	523	1846	376	73960	0	76705
4440	465	709	74342	1938	0	77454
4441	523	372	1880	73760	0	76535
4442	531	433	77086	1966	0	80016
4443	580	297	2037	76091	0	79005
4444	553	380	79049	2036	0	82018
4445	536	400	79011	686	0	80633
4446	74641	300	2314	507	0	77762
4447	79177	316	827	413	0	80733
4448	79664	258	527	389	0	80838
4449	2666	78106	509	346	0	81627
4450	1236	1879	386	78932	0	82433
4451	77645	627	374	1961	0	80607
4452	80393	434	395	743	0	81965
4453	79999	367	373	562	0	81301
4454	2745	433	78616	395	0	82189
4455	1166	74966	2023	438	0	78593
4456	852	79948	835	413	0	82048
4457	78591	2199	536	434	0	81760
4458	2395	815	443	78276	0	81929
4459	78159	541	439	2012	0	81151
4460	2506	526	77102	714	0	80848
4461	1223	414	1982	74504	0	78123
4462	986	436	762	75991	0	78175
4463	947	433	554	71982	0	73916
4464	843	74832	550	2221	0	78446
4465	74745	1953	464	840	0	78002
4466	75196	721	448	639	0	77004
4467	2683	73394	511	506	0	77094
4468	1305	1988	407	72531	0	76231
4469	73242	724	429	1998	0	76393
4470	2493	558	435	72567	0	76053
4471	72770	426	441	2175	0	75812
4472	2479	72331	514	862	0	76186
4473	72132	2021	492	550	0	75195
4474	2560	879	71239	495	0	75173
4475	1180	71641	2007	594	0	75422
4476	1019	2002	70983	514	0	74518
4477	1293	1511	2097	68232	0	73133
4478	69030	527	824	1967	0	72348
4479	70044	398	610	785	0	71837
4480	69158	404	448	599	0	70609
4481	2781	350	400	66309	0	69840
4482	66869	320	410	1994	0	69593
4483	2471	318	413	65790	0	68992
4484	65737	357	412	2105	0	68611
4485	66837	359	468	889	0	68553
4486	2534	440	65484	695	0	69153
4487	955	396	62215	433	0	63999
4488	744	416	62047	408	0	63615
4489	607	423	1782	59622	0	62434
4490	60629	277	859	1632	0	63397
4491	1731	333	476	60760	0	63300
4492	845	258	393	62648	0	64144
4493	64496	232	332	1989	0	67049
4494	64911	180	337	869	0	66297
4495	65283	220	302	644	0	66449
4496	65810	238	293	581	0	66922
4497	2139	223	271	64407	0	67040
4498	63227	228	275	1636	0	65366
4499	1798	62824	370	645	0	65637
4500	61651	1249	304	548	0	63752
4501	61686	448	359	550	0	63043
4502	1683	421	57753	346	0	60203
4503	52577	215	1059	327	0	54178
4504	1356	214	53076	300	0	54946
4505	451	158	49095	264	0	49968
4506	465	188	48863	200	0	49716
4507	478	1074	788	40319	0	42659
4508	254	91	41985	444	0	42774
4509	208	273	355	38123	0	38959
4510	163	102	39689	331	0	40285
4511	154	116	42099	157	0	42526
4512	156	80	287	40103	0	40626
4513	170	42	132	43253	0	43597
4514	150	96	45450	306	0	46002
4515	42531	30	277	198	0	43036
4516	342	43	113	45810	0	46308
4517	174	42	65	46417	0	46698
4518	46455	27	66	421	0	46969
4519	363	38	31	47630	0	48062
4520	183	81	47751	347	0	48362
4521	145	92	45332	154	0	45723
4522	110	67	353	44505	0	45035
4523	85	116	45977	327	0	46505
4524	70	47638	368	163	0	48239
4525	103	255	136	46417	0	46911
4526	47419	85	61	368	0	47933
4527	310	112	47546	132	0	48100
4528	45393	31	311	160	0	45895
4529	354	16	117	48830	0	49317
4530	180	25	73	49488	0	49766
4531	100	24	58	49644	0	49826
4532	93	26	53	49511	0	49683
4533	48589	21	54	523	0	49187
4534	327	51220	126	248	0	51921
4535	178	393	51	51688	0	52310
4536	124	177	50	51858	0	52209
4537	110	53	52	52113	0	52328
4538	105	31	56	52079	0	52271
4539	51134	26	67	655	0	51882
4540	396	51295	145	305	0	52141
4541	50733	354	82	207	0	51376
4542	401	48524	113	140	0	49178
4543	157	49051	101	136	0	49445
4544	47603	455	70	163	0	48291
4545	480	235	48309	108	0	49132
4546	213	82	442	48286	0	49023
4547	49576	45	173	572	0	50366
4548	50077	36	113	326	0	50552
4549	45757	124	167	370	0	46418
4550	50642	43	66	242	0	50993
4551	570	54281	136	190	0	55177
4552	55010	612	73	212	0	55907
4553	56749	176	66	196	0	57187
4554	832	60996	117	222	0	62167
4555	310	913	62	63129	0	64414
4556	172	329	63348	1079	0	64928
4557	147	141	976	63327	0	64591
4558	61822	85	274	1253	0	63434
4559	1042	163	65977	378	0	67560
4560	296	65154	1130	343	0	66923
4561	239	1101	66638	220	0	68198
4562	224	360	1078	60961	0	62623
4563	141	65617	402	897	0	67057
4564	66399	1029	164	390	0	67982
4565	1055	67537	165	262	0	69019
4566	390	1109	81	66695	0	68275
4567	271	328	80	69150	0	69829
4568	67819	168	82	1366	0	69435
4569	1169	116	99	65902	0	67286
4570	384	67679	180	1081	0	69324
4571	67747	1042	91	492	0	69372
4572	68189	304	70	360	0	68923
4573	1311	69045	163	257	0	70776
4574	68928	1099	80	283	0	70390
4575	1169	68493	171	258	0	70091
4576	67651	1153	110	348	0	69262
4577	1198	68437	179	382	0	70196
4578	538	1180	122	65085	0	66925
4579	394	393	140	69294	0	70221
4580	68046	240	129	1377	0	69792
4581	69870	176	157	531	0	70734
4582	1340	69483	231	463	0	71517
4583	569	1281	68530	257	0	70637
4584	68750	401	1142	325	0	70618
4585	1339	299	310	69459	0	71407
4586	496	70706	280	1161	0	72643
4587	444	1194	128	71034	0	72800
4588	71016	408	108	1357	0	72889
4589	71897	281	93	586	0	72857
4590	72747	269	112	423	0	73551
4591	1642	226	91	71478	0	73437
4592	638	323	71660	1287	0	73908
4593	66807	288	1122	568	0	68785
4594	69849	240	328	433	0	70850
4595	71072	261	203	381	0	71917
4596	1593	69909	214	354	0	72070
4597	734	1237	137	70172	0	72280
4598	459	72276	238	1271	0	74244
4599	500	1382	129	72241	0	74252
4600	504	538	172	74287	0	75501
4601	438	437	77465	1679	0	80019
4602	461	339	1337	81917	0	84054
4603	513	268	411	85069	0	86261
4604	84051	317	232	2166	0	86766
4605	1791	85315	266	800	0	88172
4606	85290	1794	199	518	0	87801
4607	88309	700	142	451	0	89602
4608	2439	423	125	87373	0	90360
4609	988	498	88881	1834	0	92201
4610	610	86746	1733	765	0	89854
4611	525	86964	585	483	0	88557
4612	83621	2175	332	482	0	86610
4613	1932	85759	266	464	0	88421
4614	831	1838	178	82478	0	85325
4615	686	627	181	85521	0	87015
4616	551	534	83212	2149	0	86446
4617	537	426	83257	790	0	85010
4618	504	83161	2023	480	0	86168
4619	575	1845	535	82175	0	85130
4620	82666	653	254	1825	0	85398
4621	1910	482	211	83383	0	85986
4622	737	437	84339	2029	0	87542
4623	570	385	1662	83287	0	85904
4624	80562	351	485	2080	0	83478
4625	81590	326	252	922	0	83090
4626	2174	81589	315	607	0	84685
4627	81425	1799	219	555	0	83998
4628	1981	81619	354	481	0	84435
4629	81609	1845	201	514	0	84169
4630	2201	684	154	80305	0	83344
4631	879	550	80288	1853	0	83570
4632	717	488	80097	690	0	81992
4633	549	82017	1988	543	0	85097
4634	676	1675	598	79603	0	82552
4635	586	620	269	82643	0	84118
4636	81799	385	229	2223	0	84636
4637	83139	341	192	902	0	84574
4638	84459	393	202	650	0	85704
4639	2451	364	215	82860	0	85890
4640	1113	392	202	84816	0	86523
4641	735	409	211	85594	0	86949
4642	584	504	83419	2228	0	86735
4643	583	530	82854	884	0	84851
4644	78697	413	1883	745	0	81738
4645	82633	368	635	688	0	84324
4646	2155	501	82668	552	0	85876
4647	79991	375	1626	651	0	82643
4648	79802	348	644	666	0	81460
4649	2170	405	80363	583	0	83521
4650	887	80540	1775	629	0	83831
4651	713	1756	655	76555	0	79679
4652	593	639	79132	1662	0	82026
4653	504	81081	1577	819	0	83981
4654	691	1703	527	71170	0	74091
4655	459	74609	426	1369	0	76863
4656	444	1349	72689	689	0	75171
4657	530	625	73672	455	0	75282
4658	633	699	1507	72062	0	74901
4659	73349	347	573	1385	0	75654
4660	1559	335	262	72988	0	75144
4661	72781	350	236	1465	0	74832
4662	1580	324	245	73032	0	75181
4663	725	397	72613	1463	0	75198
4664	68541	304	1331	833	0	71009
4665	1376	377	73056	501	0	75310
4666	71627	327	1432	491	0	73877
4667	1455	325	630	70107	0	72517
4668	703	72943	480	1397	0	75523
4669	591	1258	362	72312	0	74523
4670	504	75065	447	1464	0	77480
4671	665	1275	358	68861	0	71159
4672	465	75069	442	1446	0	77422
4673	73914	1248	333	789	0	76284
4674	74742	512	333	684	0	76271
4675	74121	336	427	553	0	75437
4676	1826	335	73663	535	0	76359
4677	941	283	1365	72655	0	75244
4678	716	360	74494	1474	0	77044
4679	559	72113	1613	718	0	75003
4680	607	74397	786	477	0	76267
4681	71931	1488	511	478	0	74408
4682	1605	674	72717	391	0	75387
4683	733	71526	1455	510	0	74224
4684	752	1313	697	72614	0	75376
4685	72268	566	500	1544	0	74878
4686	1372	73400	527	784	0	76083
4687	74022	1347	388	591	0	76348
4688	1530	696	74398	569	0	77193
4689	819	371	1429	75016	0	77635
4690	601	284	672	77400	0	78957
4691	559	255	449	78707	0	79970
4692	558	77902	485	1969	0	80914
4693	645	1485	393	73490	0	76013
4694	652	593	78956	1742	0	81943
4695	602	314	1523	76201	0	78640
4696	701	230	715	79087	0	80733
4697	617	212	485	77090	0	78404
4698	536	76052	559	1785	0	78932
4699	625	1266	424	75705	0	78020
4700	733	559	406	75077	0	76775
4701	365	69698	434	1590	0	72087
4702	63125	919	227	567	0	64838
4703	959	63940	276	313	0	65488
4704	357	63602	230	252	0	64441
4705	356	1272	203	62188	0	64019
4706	222	462	61819	924	0	63427
4707	53790	235	932	474	0	55431
4708	852	159	337	60258	0	61606
4709	315	204	59107	915	0	60541
4710	165	59178	882	442	0	60667
4711	193	810	318	58992	0	60313
4712	237	357	59733	884	0	61211
4713	238	196	814	57367	0	58615
4714	239	123	310	58467	0	59139
4715	57097	110	170	1156	0	58533
4716	795	57248	199	547	0	58789
4717	56457	806	144	327	0	57734
4718	913	358	57784	229	0	59284
4719	340	58391	854	216	0	59801
4720	247	838	58461	205	0	59751
4721	203	398	869	59090	0	60560
4722	59270	185	294	947	0	60696
4723	855	151	160	58755	0	59921
4724	59470	133	138	954	0	60695
4725	60287	133	127	443	0	60990
4726	1079	141	115	61119	0	62454
4727	427	221	64177	949	0	65774
4728	286	237	66075	390	0	66988
4729	238	133	1083	66624	0	68078
4730	198	156	389	68463	0	69206
4731	67616	115	197	1288	0	69216
4732	972	125	153	67043	0	68293
4733	398	66480	217	1064	0	68159
4734	266	943	154	66851	0	68214
4735	230	397	133	67776	0	68536
4736	65895	193	141	1374	0	67603
4737	886	67184	210	604	0	68884
4738	458	970	110	67518	0	69056
4739	272	377	122	67110	0	67881
4740	187	66735	190	1329	0	68441
4741	248	982	130	67312	0	68672
4742	242	394	138	66683	0	67457
4743	164	66020	219	1378	0	67781
4744	222	997	130	66469	0	67818
4745	187	377	161	65802	0	66527
4746	125	65255	248	1407	0	67035
4747	204	988	133	66026	0	67351
4748	65130	369	139	1315	0	66953
4749	65185	233	119	686	0	66223
4750	64362	209	113	478	0	65162
4751	64107	189	115	456	0	64867
4752	1216	61379	197	431	0	63223
4753	57647	809	108	373	0	58937
4754	855	57065	157	341	0	58418
4755	325	57295	175	334	0	58129
4756	361	934	199	56933	0	58427
4757	179	411	57225	877	0	58692
4758	53860	177	723	477	0	55237
4759	56978	160	279	383	0	57800
4760	970	224	59966	318	0	61478
4761	57816	152	764	392	0	59124
4762	61222	155	250	344	0	61971
4763	974	59962	185	343	0	61464
4764	68308	792	128	658	0	69886
4765	972	304	121	68151	0	69548
4766	431	200	80	69007	0	69718
4767	319	176	92	69305	0	69892
4768	275	192	93	69068	0	69628
4769	68784	150	79	1339	0	70352
4770	941	201	92	67977	0	69211
4771	433	182	102	68731	0	69448
4772	310	259	67147	1191	0	68907
4773	59918	202	811	690	0	61621
4774	67355	207	255	489	0	68306
4775	67390	143	127	477	0	68137
4776	1049	65325	206	1637	0	68217
4777	455	67974	177	333	0	68939
4778	66970	946	122	443	0	68481
4779	975	398	106	67199	0	68678
4780	444	68737	152	1063	0	70396
4781	347	836	100	68223	0	69506
4782	281	66655	180	3540	0	70656
4783	68613	896	101	567	0	70177
4784	963	69844	157	489	0	71453
4785	487	879	84	69407	0	70857
4786	380	368	83	70996	0	71827
4787	349	350	71999	1200	0	73898
4788	324	76011	938	572	0	77845
4789	441	1241	307	78256	0	80245
4790	351	559	79628	1377	0	81915
4791	325	338	81429	555	0	82647
4792	338	278	1613	81762	0	83991
4793	402	205	577	81082	0	82266
4794	280	79948	343	1874	0	82445
4795	299	83434	206	825	0	84764
4796	334	1821	139	82773	0	85067
4797	82690	673	125	1695	0	85183
4798	1641	349	105	86360	0	88455
4799	88341	252	78	1951	0	90622
4800	90261	237	107	876	0	91481
4801	90950	224	119	596	0	91889
4802	2346	338	90223	422	0	93329
4803	88499	197	1539	418	0	90653
4804	1952	214	587	90502	0	93255
4805	934	169	263	91651	0	93017
4806	514	291	89730	2207	0	92742
4807	388	293	89653	926	0	91260
4808	415	295	1935	85846	0	88491
4809	314	86494	815	1642	0	89265
4810	324	89485	373	747	0	90929
4811	508	1962	166	88553	0	91189
4812	87934	763	163	1773	0	90633
4813	1748	364	149	88470	0	90731
4814	863	245	146	87615	0	88869
4815	436	88690	240	2076	0	91442
4816	413	1528	142	89676	0	91759
4817	349	759	90490	1856	0	93454
4818	360	459	87455	868	0	89142
4819	82660	228	1959	647	0	85494
4820	1563	88372	853	437	0	91225
4821	87673	1524	329	439	0	89965
4822	88111	659	233	403	0	89406
4823	2104	388	229	81937	0	84658
4824	866	86700	326	1474	0	89366
4825	580	1550	190	86301	0	88621
4826	86273	669	185	1775	0	88902
4827	1537	84344	319	866	0	87066
4828	81869	1444	182	528	0	84023
4829	1576	82463	306	435	0	84780
4830	82856	1517	140	507	0	85020
4831	83085	652	148	472	0	84357
4832	1886	81978	284	407	0	84555
4833	904	1425	200	82168	0	84697
4834	82501	598	207	1564	0	84870
4835	1546	413	80320	777	0	83056
4836	731	365	80696	525	0	82317
4837	549	674	1717	78420	0	81360
4838	80541	205	691	1595	0	83032
4839	1474	203	314	80696	0	82687
4840	80891	211	203	1673	0	82978
4841	1606	340	82813	744	0	85503
4842	82465	212	1325	605	0	84607
4843	88045	192	581	487	0	89305
4844	2043	211	315	86686	0	89255
4845	967	239	207	88193	0	89606
4846	609	212	170	88141	0	89132
4847	377	88232	300	1954	0	90863
4848	435	1299	207	87983	0	89924
4849	438	577	237	89986	0	91238
4850	88776	315	235	2055	0	91381
4851	89187	255	237	1024	0	90703
4852	1859	362	87692	543	0	90456
4853	85356	277	1383	553	0	87569
4854	1621	368	87742	490	0	90221
4855	80935	232	1502	613	0	83282
4856	1673	294	86593	480	0	89040
4857	818	359	85478	471	0	87126
4858	572	420	1718	82913	0	85623
4859	502	325	84654	1578	0	87059
4860	81456	259	1491	988	0	84194
4861	1464	266	662	86850	0	89242
4862	88165	247	366	1610	0	90388
4863	88659	293	262	916	0	90130
4864	81797	266	212	620	0	82895
4865	80761	206	216	530	0	81713
4866	2151	300	79783	429	0	82663
4867	1196	165	1244	79389	0	81994
4868	745	258	81318	1444	0	83765
4869	662	191	1421	79890	0	82164
4870	80312	191	678	1683	0	82864
4871	1547	181	420	81430	0	83578
4872	81837	243	337	1701	0	84118
4873	1630	207	300	82220	0	84357
4874	856	259	273	83419	0	84807
4875	82252	253	312	1947	0	84764
4876	1463	82050	369	1009	0	84891
4877	81957	1276	215	643	0	84091
4878	1513	81976	335	500	0	84324
4879	824	1352	212	82510	0	84898
4880	82050	556	221	1572	0	84399
4881	1529	486	82448	808	0	85271
4882	859	236	1222	82583	0	84900
4883	83511	203	624	1482	0	85820
4884	86274	202	384	773	0	87633
4885	2090	199	263	83760	0	86312
4886	1062	85845	364	1449	0	88720
4887	611	84969	343	786	0	86709
4888	646	2935	148	77495	0	81224
4889	77577	505	223	1110	0	79415
4890	1093	75319	205	513	0	77130
4891	369	72581	134	241	0	73325
4892	70501	944	154	211	0	71810
4893	720	70622	106	182	0	71630
4894	72546	736	146	206	0	73634
4895	977	298	106	72270	0	73651
4896	411	141	48	71926	0	72526
4897	166	71853	115	1019	0	73153
4898	95	71367	97	403	0	71962
4899	67513	830	40	194	0	68577
4900	658	70669	95	119	0	71541
4901	234	76854	108	145	0	77341
4902	233	1156	42	77122	0	78553
4903	79166	491	37	1068	0	80762
4904	1090	233	84181	478	0	85982
4905	82693	84	1233	239	0	84249
4906	1450	89	650	90344	0	92533
4907	749	138	92847	1524	0	95258
4908	301	177	95537	793	0	96808
4909	223	73	2179	95983	0	98458
4910	201	192	100068	1565	0	102026
4911	96850	81	1806	987	0	99724
4912	101116	75	891	471	0	102553
4913	2382	174	101917	225	0	104698
4914	1170	82	1699	100140	0	103091
4915	474	92	945	101875	0	103386
4916	103024	73	360	2508	0	105965
4917	1809	197	219	97183	0	99408
4918	968	99716	268	1775	0	102727
4919	100310	1572	121	981	0	102984
4920	1720	100169	243	481	0	102613
4921	974	104362	204	354	0	105894
4922	538	2346	141	102626	0	105651
4923	362	1105	111	103896	0	105474
4924	390	438	96	105216	0	106140
4925	302	424	101817	2678	0	105221
4926	91838	300	1686	1439	0	95263
4927	1707	100615	934	760	0	104016
4928	102789	1761	344	512	0	105406
4929	103890	936	240	449	0	105515
4930	2744	455	221	102020	0	105440
4931	1317	103023	286	1889	0	106515
4932	770	1808	251	105597	0	108426
4933	571	956	208	107215	0	108950
4934	107198	505	189	2889	0	110781
4935	106671	332	224	1535	0	108762
4936	2748	494	104336	707	0	108285
4937	105277	326	1639	654	0	107896
4938	2280	108544	945	540	0	112309
4939	108635	1947	387	637	0	111606
4940	2307	113981	305	515	0	117108
4941	1426	2264	243	110869	0	114802
4942	842	1175	218	110545	0	112780
4943	532	110441	319	3026	0	114318
4944	659	2160	214	113029	0	116062
4945	630	1203	222	113904	0	115959
4946	624	678	205	111226	0	112733
4947	500	109951	336	3330	0	114117
4948	637	2330	235	111477	0	114679
4949	611	1296	236	112439	0	114582
4950	627	723	243	113458	0	115051
4951	576	685	109072	3581	0	113914
4952	101748	556	2058	2164	0	106526
4953	2378	623	110095	1135	0	114231
4954	106471	472	2384	1003	0	110330
4955	2738	597	110477	858	0	114670
4956	107437	536	2432	811	0	111216
4957	111028	524	1242	913	0	113707
4958	3503	572	110342	778	0	115195
4959	2086	514	2221	108156	0	112977
4960	1163	666	104678	2493	0	109000
4961	100652	474	2355	1760	0	105241
4962	2725	675	109570	1082	0	114052
4963	1743	607	108483	910	0	111743
4964	104800	498	3124	1087	0	109509
4965	2542	108449	1801	932	0	113724
4966	1830	2261	868	108601	0	113560
4967	110521	1356	662	2820	0	115359
4968	2815	800	711	110555	0	114881
4969	1848	597	702	112850	0	115997
4970	110839	513	653	3820	0	115825
4971	111389	480	701	2331	0	114901
4972	3753	568	109449	1382	0	115152
4973	2136	576	109971	1273	0	113956
4974	1389	477	3282	109706	0	114854
4975	1109	579	112082	3065	0	116835
4976	1132	487	2797	110524	0	114940
4977	1179	502	1699	110639	0	114019
4978	1189	489	1006	114031	0	116715
4979	109426	511	717	4269	0	114923
4980	2730	110596	948	2467	0	116741
4981	110617	2318	567	1788	0	115290
4982	109889	1435	617	1531	0	113472
4983	3499	109438	761	1566	0	115264
4984	107064	2155	469	1432	0	111120
4985	2864	1528	105456	1246	0	111094
4986	1896	1038	1942	103839	0	108715
4987	105163	643	1146	2724	0	109676
4988	2494	781	103432	1788	0	108495
4989	101865	551	1902	1436	0	105754
4990	2563	108505	1393	1178	0	113639
4991	121512	1867	766	1129	0	125274
4992	122088	1101	679	1029	0	124897
4993	4220	123839	834	956	0	129849
4994	127790	2515	680	1038	0	132023
4995	4054	1467	636	127879	0	134036
4996	2639	1051	531	130316	0	134537
4997	128282	583	595	4065	0	133525
4998	120430	558	514	2623	0	124125
4999	4112	126288	638	1810	0	132848
5000	2446	126009	590	1266	0	130311
5001	1358	3445	393	112395	0	117591
5002	959	116897	554	2330	0	120740
5003	875	119662	527	1442	0	122506
5004	109795	2623	558	953	0	113929
5005	2045	112158	523	708	0	115434
5006	106114	2062	283	564	0	109023
5007	2109	109167	371	559	0	112206
5008	1304	2080	107436	512	0	111332
5009	947	108747	1623	552	0	111869
5010	105571	2350	1055	769	0	109745
5011	104354	854	595	548	0	106351
5012	2362	754	104337	361	0	107814
5013	1576	359	1555	99900	0	103390
5014	1082	274	831	105740	0	107927
5015	722	405	105450	2103	0	108680
5016	732	262	1625	102059	0	104678
5017	599	384	105112	2246	0	108341
5018	576	376	103060	1186	0	105198
5019	98736	249	2060	1071	0	102116
5020	1720	103955	1283	609	0	107567
5021	103337	1508	723	533	0	106101
5022	2253	903	391	102962	0	106509
5023	1298	878	103917	1625	0	107718
5024	1228	561	1446	97607	0	100842
5025	681	104365	865	1727	0	107638
5026	105456	1525	632	990	0	108603
5027	106059	878	384	818	0	108139
5028	2431	755	245	105596	0	109027
5029	1515	631	103866	1687	0	107699
5030	98138	426	1413	971	0	100948
5031	1972	102718	800	778	0	106268
5032	102637	1605	583	470	0	105295
5033	2613	956	287	101082	0	104938
5034	101549	795	324	1578	0	104246
5035	2681	653	171	100547	0	104052
5036	1500	786	100237	2031	0	104554
5037	1298	501	97754	1349	0	100902
5038	92520	305	1853	1569	0	96247
5039	1829	100469	1266	905	0	104469
5040	98124	1368	915	663	0	101070
5041	97727	940	454	521	0	99642
5042	1828	99503	384	342	0	102057
5043	97706	1873	171	490	0	100240
5044	2047	1340	102956	519	0	106862
5045	1166	1183	1223	103172	0	106744
5046	1125	901	605	104911	0	107542
5047	1026	735	501	106309	0	108571
5048	853	821	105207	2142	0	109023
5049	812	770	105382	1265	0	108229
5050	685	665	1866	101768	0	104984
5051	571	103665	1478	1420	0	107134
5052	690	108173	956	795	0	110614
5053	107682	1957	475	806	0	110920
5054	107429	1118	544	691	0	109782
5055	1965	111802	684	817	0	115268
5056	1398	1666	384	113072	0	116520
5057	1018	894	466	114590	0	116968
5058	115555	745	693	2443	0	119436
5059	1929	458	672	118872	0	121931
5060	1379	495	756	118759	0	121389
5061	1329	475	660	119204	0	121668
5062	1096	818	112819	2489	0	117222
5063	1119	860	108389	1494	0	111862
5064	111725	445	1979	1407	0	115556
5065	1962	320	1338	120222	0	123842
5066	1154	564	120622	2060	0	124400
5067	1087	734	117786	1161	0	120768
5068	115366	692	2351	1191	0	119600
5069	2672	734	133711	775	0	137892
5070	1390	137639	2664	870	0	142563
5071	1098	2125	1337	147696	0	152256
5072	985	1250	148738	2499	0	153472
5073	146202	1012	2551	1247	0	151012
5074	3153	847	1083	157936	0	163019
5075	1732	764	156853	3051	0	162400
5076	1443	396	2830	157952	0	162621
5077	1043	409	1338	160827	0	163617
5078	160122	359	1054	4222	0	165757
5079	3026	162317	1180	1989	0	168512
5080	1838	2639	780	160625	0	165882
5081	164143	1211	496	3334	0	169184
5082	165577	973	443	1768	0	168761
5083	166785	484	378	1351	0	168998
5084	168576	542	528	977	0	170623
5085	4716	532	553	164453	0	170254
5086	164289	294	670	3202	0	168455
5087	163997	255	793	1870	0	166915
5088	155968	288	609	1741	0	158606
5089	158023	310	642	1525	0	160500
5090	3981	150207	871	1154	0	156213
5091	762	138319	288	303	0	139672
5092	503	2274	224	134779	0	137780
5093	314	135683	417	1735	0	138149
5094	134442	1811	251	820	0	137324
5095	1988	674	152	133449	0	136263
5096	133252	229	191	2005	0	135677
5097	135158	160	189	1034	0	136541
5098	2299	160	175	139110	0	141744
5099	948	144	238	137365	0	138695
5100	421	138141	392	2257	0	141211
5101	138503	1603	230	1050	0	141386
5102	1898	138680	435	547	0	141560
5103	140561	1715	246	674	0	143196
5104	2141	569	171	141811	0	144692
5105	966	448	140334	1949	0	143697
5106	137465	221	1722	994	0	140402
5107	135488	220	600	713	0	137021
5108	2546	394	134508	450	0	137898
5109	1157	444	134863	434	0	136898
5110	906	245	2079	129837	0	133067
5111	140826	247	667	2193	0	143933
5112	146563	268	305	1105	0	148241
5113	150697	267	212	815	0	151991
5114	150508	265	212	703	0	151688
5115	2978	148836	369	567	0	152750
5116	153652	2093	184	806	0	156735
5117	2879	706	203	152012	0	155800
5118	1444	477	224	154190	0	156335
5119	1035	320	210	159330	0	160895
5120	944	326	222	161547	0	163039
5121	158318	340	219	3347	0	162224
5122	2959	269	213	165334	0	168775
5123	1293	588	161764	3132	0	166777
5124	1216	304	2529	164896	0	168945
5125	1004	297	867	167782	0	169950
5126	1041	311	403	167339	0	169094
5127	1182	349	333	165356	0	167220
5128	161026	292	343	4042	0	165703
5129	3146	160907	518	1596	0	166167
5130	1474	163619	518	898	0	166509
5131	1211	3350	352	160034	0	164947
5132	160776	1138	373	3131	0	165418
5133	165546	495	395	1453	0	167889
5134	4155	386	361	164812	0	169714
5135	1841	546	160657	3253	0	166297
5136	160092	388	2741	1702	0	164923
5137	3810	351	968	168269	0	173398
5138	1816	601	167649	3460	0	173526
5139	156776	398	2929	1793	0	161896
5140	3699	166841	1196	1299	0	173035
5141	183787	2950	474	1159	0	188370
5142	4930	191429	650	963	0	197972
5143	2807	4428	281	190053	0	197569
5144	1592	191010	534	5111	0	198247
5145	1554	5160	289	196945	0	203948
5146	188048	2040	280	5943	0	196311
5147	4956	191607	538	3131	0	200232
5148	2667	4750	191504	1700	0	200621
5149	1932	2203	4317	192706	0	201158
5150	1451	1193	194704	5380	0	202728
5151	1531	682	4996	189844	0	197053
5152	1379	613	1994	197536	0	201522
5153	1229	725	191800	6799	0	200553
5154	169032	527	4724	3877	0	178160
5155	5348	666	189392	1977	0	197383
5156	2799	657	187741	1447	0	192644
5157	1662	188249	6244	1348	0	197503
5158	1446	4590	2421	186719	0	195176
5159	1398	2150	1131	190341	0	195020
5160	1339	1302	643	186780	0	190064
5161	1247	774	543	193359	0	195923
5162	1129	846	184922	7625	0	194522
5163	167600	643	4613	4041	0	176897
5164	5292	711	185189	2262	0	193454
5165	2820	489	4993	179593	0	187895
5166	177541	528	2235	5378	0	185682
5167	4913	178508	1591	3265	0	188277
5168	2632	5191	884	172486	0	181193
5169	164339	1992	742	4978	0	172051
5170	4616	158811	825	2728	0	166980
5171	2069	158928	710	1528	0	163235
5172	154626	5114	687	1299	0	161726
5173	4017	156733	766	1088	0	162604
5174	150414	4218	653	1087	0	156372
5175	4159	152789	732	1046	0	158726
5176	154258	4109	578	1027	0	159972
5177	154507	1923	527	1048	0	158005
5178	5107	157133	712	969	0	163921
5179	2603	3859	554	155143	0	162159
5180	1416	2007	153232	4175	0	160830
5181	149338	1155	3746	2402	0	156641
5182	4142	795	1753	149802	0	156492
5183	2026	146319	1211	4229	0	153785
5184	1223	153417	898	2305	0	157843
5185	910	4671	689	153645	0	159915
5186	151822	2019	689	4560	0	159090
5187	3968	1342	152082	2397	0	159789
5188	2175	743	3749	153628	0	160295
5189	1470	594	1814	157428	0	161306
5190	1051	647	1164	159775	0	162637
5191	965	645	775	155165	0	157550
5192	773	152408	903	6158	0	160242
5193	943	3919	640	155776	0	161278
5194	897	2223	151178	5078	0	159376
5195	903	1494	150594	2700	0	155691
5196	966	1236	152819	1683	0	156704
5197	1166	1025	5497	148063	0	155751
5198	144902	909	2566	4463	0	152840
5199	4383	1024	146025	2337	0	153769
5200	2479	1006	147972	1642	0	153099
5201	1684	904	5278	143389	0	151255
5202	145726	889	2512	4717	0	153844
5203	4189	145023	1705	2697	0	153614
5204	145130	4324	958	2053	0	152465
5205	5095	2252	920	144088	0	152355
5206	2801	1870	146709	4572	0	155952
5207	2071	1933	4102	135989	0	144095
5208	1325	147436	2385	4525	0	155671
5209	152973	4338	1384	2661	0	161356
5210	4731	2515	153003	2109	0	162358
5211	2242	149567	4219	1754	0	157782
5212	148130	4395	2406	1787	0	156718
5213	4929	2268	1670	148527	0	157394
5214	2640	1370	1111	151572	0	156693
5215	150619	894	1191	6335	0	159039
5216	152651	890	1163	3580	0	158284
5217	158153	896	1179	2233	0	162461
5218	6960	889	1007	148320	0	157176
5219	3197	147789	1322	5059	0	157367
5220	149086	4094	1020	3117	0	157317
5221	4652	149199	1103	2320	0	157274
5222	143911	4367	933	1697	0	150908
5223	4852	141648	1172	1382	0	149054
5224	2713	4415	845	140055	0	148028
5225	142524	2208	753	4825	0	150310
5226	144466	1439	694	2945	0	149544
5227	146077	1059	652	2125	0	149913
5228	146983	979	698	1692	0	150352
5229	146553	852	736	1512	0	149653
5230	6692	1146	141893	1244	0	150975
5231	3693	992	4078	140492	0	149255
5232	2300	1060	143363	4205	0	150928
5233	1851	1033	142643	2379	0	147906
5234	139802	1008	5478	1696	0	147984
5235	144387	946	2689	1318	0	149340
5236	145198	952	1412	1107	0	148669
5237	6917	1005	806	138273	0	147001
5238	136847	1008	747	4362	0	142964
5239	5482	136203	906	2638	0	145229
5240	3241	138206	878	1867	0	144192
5241	1804	127459	575	1008	0	130846
5242	115090	3116	671	857	0	119734
5243	2814	117502	574	772	0	121662
5244	116519	2339	540	728	0	120126
5245	115698	1121	328	718	0	117865
5246	3650	716	114247	693	0	119306
5247	2137	550	2182	111030	0	115899
5248	1598	438	987	118024	0	121047
5249	118195	394	682	3172	0	122443
5250	119094	420	458	1607	0	121579
5251	3826	435	470	117383	0	122114
5252	2110	578	115941	2687	0	121316
5253	1673	595	116917	1313	0	120498
5254	1546	484	2955	117553	0	122538
5255	1601	522	1197	119116	0	122436
5256	1450	554	576	121454	0	124034
5257	116994	551	433	3517	0	121495
5258	117163	662	396	1627	0	119848
5259	3931	116005	547	1017	0	121500
5260	2328	2646	421	115712	0	121107
5261	1881	1243	409	115084	0	118617
5262	1563	117073	549	3210	0	122395
5263	1639	2531	512	117655	0	122337
5264	117952	1209	571	3049	0	122781
5265	3569	734	690	116855	0	121848
5266	2350	527	622	118639	0	122138
5267	116084	598	524	3702	0	120908
5268	116493	545	540	1891	0	119469
5269	117347	548	587	1359	0	119841
5270	4725	948	640	112953	0	119266
5271	2405	626	108423	2805	0	114259
5272	1830	642	106973	1592	0	111037
5273	1706	561	106677	1190	0	110134
5274	1482	103437	3103	1157	0	109179
5275	100772	2382	1818	1271	0	106243
5276	3254	1174	99467	1027	0	104922
5277	96213	630	2120	1055	0	100018
5278	3250	535	1121	96978	0	101884
5279	96319	559	753	2837	0	100468
5280	99224	532	594	1860	0	102210
5281	3396	100174	676	1296	0	105542
5282	102318	1999	465	1371	0	106153
5283	101895	1048	517	1374	0	104834
5284	3519	101479	695	1411	0	107104
5285	2403	2029	596	103703	0	108731
5286	1863	1227	103452	2692	0	109234
5287	1639	685	2064	101499	0	105887
5288	1514	584	1076	104559	0	107733
5289	103142	628	667	3540	0	107977
5290	3227	647	638	100499	0	105011
5291	2081	103119	756	2845	0	108801
5292	1664	2259	581	102557	0	107061
5293	1440	1245	618	105459	0	108762
5294	1561	842	102476	3578	0	108457
5295	1641	100830	2312	2125	0	106908
5296	1744	98464	1228	6806	0	108242
5297	100405	2596	766	1527	0	105294
5298	3013	104333	772	1564	0	109682
5299	2211	2342	774	103139	0	108466
5300	1773	1398	103567	2726	0	109464
5301	1562	104041	2450	1848	0	109901
5302	104140	2287	1388	1419	0	109234
5303	3068	1333	987	103818	0	109206
5304	2119	727	851	106348	0	110045
5305	1570	746	104144	3486	0	109946
5306	1547	667	2250	99769	0	104233
5307	1540	665	1219	103567	0	106991
5308	100310	697	783	3607	0	105397
5309	92437	580	556	2117	0	95690
5310	3338	91411	586	1537	0	96872
5311	85997	1651	385	1305	0	89338
5312	2316	84183	497	1208	0	88204
5313	1413	2347	438	76947	0	81145
5314	1048	79520	494	1980	0	83042
5315	946	82149	464	1392	0	84951
5316	78753	1854	692	1207	0	82506
5317	76316	798	474	1004	0	78592
5318	1842	75551	491	863	0	78747
5319	76342	1310	500	956	0	79108
5320	76386	694	390	971	0	78441
5321	78793	441	395	1016	0	80645
5322	1946	501	386	79201	0	82034
5323	79472	566	374	1668	0	82080
5324	1703	653	76184	946	0	79486
5325	74428	504	1182	867	0	76981
5326	1708	635	78617	715	0	81675
5327	1101	558	1308	78040	0	81007
5328	879	580	590	81293	0	83342
5329	841	658	80516	1702	0	83717
5330	74888	507	1190	1097	0	77682
5331	79318	464	600	922	0	81304
5332	1861	494	83129	805	0	86289
5333	1042	402	1277	80657	0	83378
5334	812	388	627	82649	0	84476
5335	802	321	382	84273	0	85778
5336	82328	338	348	1995	0	85009
5337	82470	354	393	1122	0	84339
5338	1874	448	375	78212	0	80909
5339	838	75529	308	1282	0	77957
5340	565	73414	290	700	0	74969
5341	68808	981	230	544	0	70563
5342	1048	69487	247	409	0	71191
5343	483	67568	232	349	0	68632
5344	483	651	135	61524	0	62793
5345	261	274	61425	532	0	62492
5346	167	60652	445	290	0	61554
5347	286	617	166	59520	0	60589
5348	169	60182	188	507	0	61046
5349	230	405	94	59214	0	59943
5350	59264	98	68	520	0	59950
5351	393	60279	121	238	0	61031
5352	60541	351	70	302	0	61264
5353	58908	112	98	252	0	59370
5354	427	215	57926	153	0	58721
5355	55906	97	303	212	0	56518
5356	426	94	81	59308	0	59909
5357	156	174	60788	364	0	61482
5358	133	60902	325	180	0	61540
5359	235	372	121	60163	0	60891
5360	129	112	56	60874	0	61171
5361	60693	71	57	406	0	61227
5362	343	87	44	60625	0	61099
5363	167	83	37	61164	0	61451
5364	60831	70	29	448	0	61378
5365	308	60805	109	241	0	61463
5366	59447	284	61	236	0	60028
5367	353	177	59895	91	0	60516
5368	53298	117	288	253	0	53956
5369	414	183	62492	119	0	63208
5370	149	63151	354	152	0	63806
5371	63567	325	96	204	0	64192
5372	61269	121	109	235	0	61734
5373	415	201	62542	138	0	63296
5374	220	168	63399	93	0	63880
5375	190	193	65987	123	0	66493
5376	140	68976	524	141	0	69781
5377	169	453	172	69412	0	70206
5378	207	256	77377	448	0	78288
5379	188	228	75269	173	0	75858
5380	236	95	914	75221	0	76466
5381	208	199	77447	684	0	78538
5382	74787	95	806	495	0	76183
5383	86123	80	380	321	0	86904
5384	1426	168	85657	128	0	87379
5385	575	85479	1121	288	0	87463
5386	349	1015	493	84359	0	86216
5387	281	531	86735	1041	0	88588
5388	156	86643	1126	603	0	88528
5389	234	1092	517	85090	0	86933
5390	86818	443	229	1184	0	88674
5391	85362	178	157	622	0	86319
5392	1352	87884	244	296	0	89776
5393	627	1107	110	87977	0	89821
5394	296	506	145	88814	0	89761
5395	241	240	120	88295	0	88896
5396	237	127	122	89051	0	89537
5397	173	244	87038	1604	0	89059
5398	251	124	1023	85864	0	87262
5399	172	240	85441	1268	0	87121
5400	119	84326	1190	659	0	86294
5401	82782	1015	483	418	0	84698
5402	969	87250	346	229	0	88794
5403	537	1085	125	87417	0	89164
5404	384	484	129	87779	0	88776
5405	86942	220	126	1570	0	88858
5406	1100	124	98	86500	0	87822
5407	466	85961	236	1148	0	87811
5408	318	982	97	87536	0	88933
5409	228	467	144	87911	0	88750
5410	86179	245	122	1512	0	88058
5411	1078	249	84409	702	0	86438
5412	486	83903	939	367	0	85695
5413	249	86193	466	268	0	87176
5414	226	1245	171	84671	0	86313
5415	83686	558	90	1087	0	85421
5416	886	83752	205	642	0	85485
5417	532	950	80	84491	0	86053
5418	256	616	83490	1015	0	85377
5419	180	220	935	83345	0	84680
5420	83927	143	464	1224	0	85758
5421	81588	158	260	715	0	82721
5422	1379	148	109	81767	0	83403
5423	82782	146	120	1223	0	84271
5424	81779	126	131	733	0	82769
5425	1417	250	81633	340	0	83640
5426	77404	140	951	349	0	78844
5427	1081	80562	567	316	0	82526
5428	80998	979	225	333	0	82535
5429	1234	626	79751	213	0	81824
5430	617	235	1027	80576	0	82455
5431	82781	118	518	1226	0	84643
5432	1191	221	78012	613	0	80037
5433	678	250	79044	326	0	80298
5434	443	156	1536	77132	0	79267
5435	213	212	80560	1199	0	82184
5436	78152	127	1292	717	0	80288
5437	1276	265	82226	320	0	84087
5438	682	161	1332	83848	0	86023
5439	431	174	614	86931	0	88150
5440	89999	145	355	2057	0	92556
5441	1626	227	91512	905	0	94270
5442	773	244	96001	413	0	97431
5443	499	122	2263	101158	0	104042
5444	321	233	103162	2075	0	105791
5445	100105	130	2300	933	0	103468
5446	2179	130	1007	101221	0	104537
5447	944	253	103645	2103	0	106945
5448	580	143	2275	102293	0	105291
5449	514	166	933	105394	0	107007
5450	104401	181	482	2785	0	107849
5451	2262	295	104115	1111	0	107783
5452	98994	255	2220	688	0	102157
5453	2382	377	106320	518	0	109597
5454	103223	219	2425	595	0	106462
5455	106300	273	1012	473	0	108058
5456	105660	213	507	676	0	107056
5457	2951	101759	513	537	0	105760
5458	103146	2000	311	588	0	106045
5459	103416	791	273	628	0	105108
5460	2968	327	335	102072	0	105702
5461	1210	299	101223	2478	0	105210
5462	97303	169	2223	1395	0	101090
5463	2340	218	103327	817	0	106702
5464	1164	177	2464	100150	0	103955
5465	704	182	1058	104885	0	106829
5466	103357	184	701	3016	0	107258
5467	2254	105636	617	1443	0	109950
5468	1328	2030	384	104310	0	108052
5469	869	908	407	105815	0	107999
5470	611	522	104314	3089	0	108536
5471	649	239	2247	103359	0	106494
5472	746	200	1010	106347	0	108303
5473	751	172	593	100378	0	101894
5474	568	101521	528	3002	0	105619
5475	99022	1980	419	1367	0	102788
5476	99205	766	415	961	0	101347
5477	2879	99416	523	705	0	103523
5478	91758	1727	314	545	0	94344
5479	2252	617	352	94335	0	97556
5480	993	339	97610	2089	0	101031
5481	553	98072	2183	943	0	101751
5482	450	101371	872	638	0	103331
5483	98150	1958	743	455	0	101306
5484	103546	496	370	467	0	104879
5485	2688	233	303	103531	0	106755
5486	1046	171	326	105786	0	107329
5487	715	155	254	105725	0	106849
5488	102175	139	361	2901	0	105576
5489	2459	214	101564	1005	0	105242
5490	100832	172	2214	729	0	103947
5491	2596	169	814	101995	0	105574
5492	1107	172	470	100564	0	102313
5493	646	101178	523	2728	0	105075
5494	760	2019	367	103133	0	106279
5495	680	643	366	105153	0	106842
5496	732	425	103569	2908	0	107634
5497	629	104133	2295	1263	0	108320
5498	105947	2098	820	883	0	109748
5499	103457	681	496	832	0	105466
5500	108105	346	451	723	0	109625
5501	105816	317	446	716	0	107295
5502	2999	419	103098	639	0	107155
5503	101104	260	2292	766	0	104422
5504	2771	373	103478	746	0	107368
5505	1337	281	2381	98247	0	102246
5506	930	102886	956	2501	0	107273
5507	902	2172	570	103019	0	106663
5508	981	739	467	105335	0	107522
5509	904	537	103504	3093	0	108038
5510	98376	353	2382	1580	0	102691
5511	101971	411	937	1147	0	104466
5512	2942	100383	808	1182	0	105315
5513	1415	2351	101762	966	0	106494
5514	1146	835	2421	102193	0	106595
5515	984	743	102432	2791	0	106950
5516	1035	667	102307	1394	0	105403
5517	1139	525	2753	100781	0	105198
5518	1172	625	101727	2833	0	106357
5519	1332	438	2408	101420	0	105598
5520	1319	538	103415	2995	0	108267
5521	1367	455	2493	103134	0	107449
5522	103717	348	1067	3268	0	108400
5523	104400	405	699	1876	0	107380
5524	104142	428	639	1508	0	106717
5525	102009	451	600	1436	0	104496
5526	3332	101981	784	1306	0	107403
5527	1698	2283	638	101287	0	105906
5528	1353	907	555	103495	0	106310
5529	1134	747	100750	3489	0	106120
5530	1113	643	2387	99322	0	103465
5531	964	741	99042	3157	0	103904
5532	1016	625	96552	1689	0	99882
5533	92074	514	2887	1385	0	96860
5534	2714	98488	1358	1217	0	103777
5535	98987	2238	846	1111	0	103182
5536	98601	877	732	1060	0	101270
5537	3325	99563	805	1046	0	104739
5538	98487	1981	780	1153	0	102401
5539	2904	814	98622	957	0	103297
5540	1265	95804	2274	920	0	100263
5541	94657	1732	1167	1046	0	98602
5542	2186	810	91199	881	0	95076
5543	82697	470	1542	881	0	85590
5544	1759	78022	807	10056	0	90644
5545	87084	1284	587	999	0	89954
5546	86289	516	624	798	0	88227
5547	1977	85535	677	705	0	88894
5548	958	85132	676	603	0	87369
5549	695	88597	769	595	0	90656
5550	672	1578	727	88781	0	91758
5551	613	530	699	90423	0	92265
5552	91191	300	770	2066	0	94327
5553	90004	261	747	1157	0	92169
5554	1936	380	90611	880	0	93807
5555	915	392	89692	799	0	91798
5556	799	371	92095	772	0	94037
5557	836	280	2050	91104	0	94270
5558	940	366	93464	1808	0	96578
5559	1001	269	1738	92534	0	95542
5560	94142	323	705	1964	0	97134
5561	2126	414	95104	783	0	98427
5562	93259	347	1700	778	0	96084
5563	95828	402	748	759	0	97737
5564	2089	508	97185	734	0	100516
5565	889	99548	1925	828	0	103190
5566	827	1473	914	99378	0	102592
5567	710	701	100125	1779	0	103315
5568	845	399	1961	97335	0	100540
5569	848	373	935	104852	0	107008
5570	102898	432	633	2104	0	106067
5571	2290	461	545	102592	0	105888
5572	1136	583	102494	1842	0	106055
5573	1024	486	1780	102294	0	105584
5574	103468	470	771	1946	0	106655
5575	2107	104765	770	857	0	108499
5576	104234	1691	700	649	0	107274
5577	2222	1051	686	103283	0	107242
5578	1147	570	104278	1643	0	107638
5579	936	468	102123	592	0	104119
5580	976	505	100259	431	0	102171
5581	587	95985	1836	375	0	98783
5582	91999	1743	1308	525	0	95575
5583	1280	88586	442	246	0	90554
5584	82493	851	221	248	0	83813
5585	872	82694	252	174	0	83992
5586	371	860	185	83513	0	84929
5587	211	229	142	84615	0	85197
5588	202	123	148	84115	0	84588
5589	145	85031	260	1075	0	86511
5590	243	922	145	89466	0	90776
5591	216	268	134	101866	0	102484
5592	106463	127	131	1789	0	108510
5593	1861	103	137	110583	0	112684
5594	488	277	116345	1959	0	119069
5595	113072	134	2057	685	0	115948
5596	117402	133	553	504	0	118592
5597	2430	118292	447	429	0	121598
5598	119015	2120	219	463	0	121817
5599	121934	529	262	459	0	123184
5600	2858	239	203	120593	0	123893
5601	982	168	204	123406	0	124760
5602	629	171	232	125695	0	126727
5603	124322	161	209	3077	0	127769
5604	125611	182	187	1004	0	126984
5605	3012	415	123815	451	0	127693
5606	122397	201	2299	540	0	125437
5607	124955	192	593	563	0	126303
5608	125063	196	334	564	0	126157
5609	3177	307	121388	435	0	125307
5610	1045	307	123253	427	0	125032
5611	786	155	2822	122532	0	126295
5612	629	333	125850	2708	0	129520
5613	724	190	2652	122764	0	126330
5614	1017	288	843	110161	0	112309
5615	647	125952	724	2662	0	129985
5616	125967	2396	534	1089	0	129986
5617	3058	829	127436	643	0	131966
5618	127454	395	2698	648	0	131195
5619	3482	402	870	130499	0	135253
5620	128195	345	542	3050	0	132132
5621	3309	127421	598	1200	0	132528
5622	1364	132389	567	1066	0	135386
5623	1294	3176	390	130153	0	135013
5624	1145	877	351	133130	0	135503
5625	1089	602	130423	3806	0	135920
5626	1285	331	2795	130165	0	134576
5627	127274	293	1010	3526	0	132103
5628	3462	128033	867	1519	0	133881
5629	1748	2738	128334	944	0	133764
5630	1548	826	3001	127419	0	132794
5631	1198	621	129842	3124	0	134785
5632	1281	365	3262	127923	0	132831
5633	989	491	130713	3451	0	135644
5634	862	487	128416	1492	0	131257
5635	912	366	3613	126537	0	131428
5636	128401	381	1387	3448	0	133617
5637	127602	430	889	1461	0	130382
5638	124203	472	749	1229	0	126653
5639	3880	122861	921	1005	0	128667
5640	123879	2771	639	1037	0	128326
5641	123071	929	685	1076	0	125761
5642	4034	740	120186	939	0	125899
5643	1628	119332	2991	1066	0	125017
5644	1478	2927	1063	116864	0	122332
5645	117475	1045	709	3316	0	122545
5646	3221	117952	790	1526	0	123489
5647	120297	2874	700	1344	0	125215
5648	121416	1070	680	1209	0	124375
5649	120314	730	668	1203	0	122915
5650	119141	655	724	1144	0	121664
5651	4132	604	813	115549	0	121098
5652	115275	526	724	3394	0	119919
5653	3555	488	896	112375	0	117314
5654	1442	111656	982	3402	0	117482
5655	1293	2458	855	113065	0	117671
5656	112296	761	883	3382	0	117322
5657	3302	568	112291	1562	0	117723
5658	1887	376	2903	112125	0	117291
5659	111606	347	1185	3188	0	116326
5660	3482	110554	936	1525	0	116497
5661	111009	2589	691	1051	0	115340
5662	112620	895	696	942	0	115153
5663	3867	112029	865	909	0	117670
5664	110917	2633	747	843	0	115140
5665	3637	1111	105744	766	0	111258
5666	1799	846	104932	781	0	108358
5667	101065	648	3061	835	0	105609
5668	3441	779	104398	866	0	109484
5669	2122	637	2428	94337	0	99524
5670	1682	99879	1062	2253	0	104876
5671	100829	2419	612	1017	0	104877
5672	3433	98941	682	844	0	103900
5673	1942	98751	666	860	0	102219
5674	1803	2669	532	102318	0	107322
5675	1535	887	501	103061	0	105984
5676	1405	640	530	102347	0	104922
5677	1301	552	486	102611	0	104950
5678	1092	721	98393	3286	0	103492
5679	1175	549	2303	95327	0	99354
5680	1149	525	901	97628	0	100203
5681	94865	526	662	3032	0	99085
5682	2958	573	534	94937	0	99002
5683	1543	641	92769	2688	0	97641
5684	89346	567	2179	1172	0	93264
5685	3121	643	815	92361	0	96940
5686	1733	637	94292	2382	0	99044
5687	1420	718	2297	89881	0	94316
5688	1139	94076	1171	2243	0	98629
5689	93041	2014	895	1022	0	96972
5690	2584	840	89283	718	0	93425
5691	1028	75992	1756	449	0	79225
5692	69948	1214	807	391	0	72360
5693	1159	65166	519	321	0	67165
5694	465	59954	245	255	0	60919
5695	58678	841	597	197	0	60313
5696	774	57293	243	274	0	58584
5697	389	57132	176	221	0	57918
5698	632	858	474	55293	0	57257
5699	301	299	55105	639	0	56344
5700	249	56302	521	349	0	57421
5701	265	660	196	54308	0	55429
5702	188	54623	138	489	0	55438
5703	53316	385	119	308	0	54128
5704	479	207	53202	286	0	54174
5705	292	126	387	53274	0	54079
5706	55310	88	178	586	0	56162
5707	469	94	130	56237	0	56930
5708	274	171	56181	521	0	57147
5709	51175	120	395	367	0	52057
5710	56119	101	199	269	0	56688
5711	575	59195	169	185	0	60124
5712	275	435	91	59056	0	59857
5713	224	216	115	60421	0	60976
5714	60577	107	134	562	0	61380
5715	58996	142	147	275	0	59560
5716	634	184	61197	146	0	62161
5717	269	59669	420	156	0	60514
5718	59645	303	117	129	0	60194
5719	382	126	91	59552	0	60151
5720	147	139	61698	362	0	62346
5721	111	133	59584	125	0	59953
5722	163	405	322	59050	0	59940
5723	60473	26	93	314	0	60906
5724	228	60121	64	139	0	60552
5725	65220	234	30	242	0	65726
5726	271	72	17	65942	0	66302
5727	104	65	30	66781	0	66980
5728	60	44	24	67598	0	67726
5729	66427	31	23	402	0	66883
5730	227	68204	66	171	0	68668
5731	107	235	29	69387	0	69758
5732	53	78	27	69170	0	69328
5733	66	84	69060	289	0	69499
5734	87	46	225	67022	0	67380
5735	61	116	69640	282	0	70099
5736	40	68127	272	168	0	68607
5737	64	186	49	68934	0	69233
5738	66671	53	26	283	0	67033
5739	241	94	67850	78	0	68263
5740	106	28	211	67188	0	67533
5741	63	87	67513	225	0	67888
5742	60765	28	219	204	0	61216
5743	246	95	68012	71	0	68424
5744	85	24	233	64303	0	64645
5745	65930	24	70	281	0	66305
5746	258	56891	125	156	0	57430
5747	63110	203	35	121	0	63469
5748	244	59769	78	91	0	60182
5749	128	221	28	64831	0	65208
5750	75	134	64199	253	0	64661
5751	67	140	63028	120	0	63355
5752	70	42	261	63616	0	63989
5753	65776	22	113	360	0	66271
5754	64825	47	53	175	0	65100
5755	303	48	31	65581	0	65963
5756	123	43	26	67126	0	67318
5757	64060	25	39	383	0	64507
5758	236	63369	77	189	0	63871
5759	89	66559	71	115	0	66834
5760	65900	285	33	170	0	66388
5761	303	156	65495	77	0	66031
5762	157	59	269	63705	0	64190
5763	101	110	64751	307	0	65269
5764	103	41	247	64069	0	64460
5765	105	101	66185	328	0	66719
5766	118	132	65368	123	0	65741
5767	109	56	316	65406	0	65887
5768	73	63998	183	304	0	64558
5769	67071	274	76	179	0	67600
5770	312	67050	111	102	0	67575
5771	179	304	55	67331	0	67869
5772	68025	92	77	382	0	68576
5773	369	87	69	70268	0	70793
5774	70017	48	82	539	0	70686
5775	70333	64	81	249	0	70727
5776	70945	57	78	264	0	71344
5777	405	69399	118	165	0	70087
5778	72767	290	85	222	0	73364
5779	442	345	64	75344	0	76195
5780	78314	94	91	648	0	79147
5781	552	76	94	81448	0	82170
5782	81094	76	103	861	0	82134
5783	82719	70	82	399	0	83270
5784	811	82655	161	291	0	83918
5785	354	695	103	91305	0	92457
5786	243	259	90	90711	0	91303
5787	144	95249	165	1185	0	96743
5788	208	1039	95	97690	0	99032
5789	96660	334	128	1398	0	98520
5790	101319	156	127	639	0	102241
5791	98723	104	153	438	0	99418
5792	1537	201	104015	275	0	106028
5793	104941	89	1226	402	0	106658
5794	112163	106	447	273	0	112989
5795	113296	88	220	330	0	113934
5796	1850	111788	216	269	0	114123
5797	762	1309	108	113233	0	115412
5798	441	500	91	116185	0	117217
5799	344	191	113	115756	0	116404
5800	274	249	111579	1990	0	114092
5801	277	117	1372	112972	0	114738
5802	113767	82	545	1795	0	116189
5803	1586	104	237	115408	0	117335
5804	761	118	145	118703	0	119727
5805	422	241	116196	2137	0	118996
5806	329	114611	1588	944	0	117472
5807	118513	1531	550	624	0	121218
5808	1764	621	237	118460	0	121082
5809	117885	234	144	1905	0	120168
5810	1874	270	116764	771	0	119679
5811	107525	141	1567	652	0	109885
5812	1831	118135	704	568	0	121238
5813	947	1606	117036	360	0	119949
5814	555	684	117997	335	0	119571
5815	554	512	1963	111230	0	114259
5816	427	309	120109	1721	0	122566
5817	381	119623	1738	853	0	122595
5818	507	1585	644	116467	0	119203
5819	448	648	267	121025	0	122388
5820	407	303	173	121286	0	122169
5821	117959	195	157	2372	0	120683
5822	1645	118883	331	1094	0	121953
5823	923	1486	158	120565	0	123132
5824	608	622	191	122419	0	123840
5825	117473	292	176	2341	0	120282
5826	1745	117527	299	1174	0	120745
5827	119055	1511	223	892	0	121681
5828	118699	723	199	757	0	120378
5829	117723	374	224	789	0	119110
5830	2640	359	115241	654	0	118894
5831	1485	254	1535	110883	0	114157
5832	921	114967	878	1817	0	118583
5833	821	118124	522	1060	0	120527
5834	949	2137	305	111200	0	114591
5835	695	116410	459	1860	0	119424
5836	121194	1796	357	1424	0	124771
5837	2018	1055	120464	891	0	124428
5838	116508	505	1674	1055	0	119742
5839	123974	411	757	1081	0	126223
5840	2705	372	535	124806	0	128418
5841	125353	424	441	2403	0	128621
5842	2361	131393	557	1495	0	135806
5843	134038	1818	432	1259	0	137547
5844	134708	963	443	1128	0	137242
5845	143859	583	503	1126	0	146071
5846	3390	652	144157	962	0	149161
5847	1971	676	145624	1033	0	149304
5848	1494	473	2972	143856	0	148795
5849	1308	144316	1500	2677	0	149801
5850	1202	149547	923	1638	0	153310
5851	1189	2900	598	147762	0	152449
5852	148266	1442	592	3283	0	153583
5853	2799	859	657	148668	0	152983
5854	1627	649	704	150979	0	153959
5855	147918	604	645	4011	0	153178
5856	2939	148135	802	2554	0	154430
5857	1856	2525	147074	1699	0	153154
5858	1457	1362	145501	1519	0	149839
5859	149889	796	3115	1403	0	155203
5860	3055	868	1525	149443	0	154891
5861	2037	854	152711	3011	0	158613
5862	1423	731	2642	148211	0	153007
5863	1438	662	1318	151562	0	154980
5864	1236	644	1014	155359	0	158253
5865	1336	765	717	151482	0	154300
5866	1089	149591	930	3850	0	155460
5867	1189	2543	816	151501	0	156049
5868	150124	1327	842	3407	0	155700
5869	2843	149309	1119	2185	0	155456
5870	153258	2523	946	1700	0	158427
5871	155090	1482	713	1555	0	158840
5872	156044	1074	757	1532	0	159407
5873	3743	1145	149829	1337	0	156054
5874	149242	910	2493	1549	0	154194
5875	155243	799	1313	1362	0	158717
5876	153412	875	858	1328	0	156473
5877	154077	670	664	1354	0	156765
5878	3967	151422	878	1303	0	157570
5879	148959	2525	563	1266	0	153313
5880	3330	1556	147031	1061	0	152978
5881	2040	884	2037	142361	0	147322
5882	1685	717	945	146680	0	150027
5883	149108	492	676	3056	0	153332
5884	2885	147112	775	1841	0	152613
5885	141065	1868	376	1174	0	144483
5886	2417	141877	605	775	0	145674
5887	138792	1764	247	797	0	141600
5888	137363	756	278	679	0	139076
5889	2391	152211	432	597	0	155631
5890	153302	2014	269	586	0	156171
5891	158891	840	441	547	0	160719
5892	3197	148847	464	478	0	152986
5893	1189	153836	464	457	0	155946
5894	162474	2745	746	593	0	166558
5895	3383	1014	259	164523	0	169179
5896	166993	595	187	3086	0	170861
5897	172149	386	155	1220	0	173910
5898	175224	289	177	840	0	176530
5899	173128	239	199	675	0	174241
5900	4301	168313	476	542	0	173632
5901	1612	173415	405	533	0	175965
5902	173747	3494	296	582	0	178119
5903	6652	1538	170085	319	0	178594
5904	1543	735	2987	167644	0	172909
5905	934	396	1075	175445	0	177850
5906	172382	331	473	4086	0	177272
5907	3248	171928	497	1747	0	177420
5908	1561	3099	274	170720	0	175654
5909	1003	1178	194	177717	0	180092
5910	175276	579	219	4575	0	180649
5911	3725	437	203	176486	0	180851
5912	175360	485	214	4017	0	180076
5913	176552	530	262	1621	0	178965
5914	176997	444	224	1082	0	178747
5915	5284	425	278	173113	0	179100
5916	2359	421	231	175444	0	178455
5917	1460	631	184989	4526	0	191606
5918	1351	558	182703	1833	0	186445
5919	183635	448	5329	1112	0	190524
5920	4966	708	1993	190285	0	197952
5921	2520	619	201424	4553	0	209116
5922	1632	640	203680	1995	0	207947
5923	1371	478	6574	201475	0	209898
5924	1365	788	203258	5258	0	210669
5925	1232	633	5467	200027	0	207359
5926	1406	500	2231	204602	0	208739
5927	1210	683	204531	7139	0	213563
5928	1271	420	5141	204455	0	211287
5929	1420	516	2212	204274	0	208422
5930	1474	444	909	212304	0	215131
5931	1299	840	205197	7867	0	215203
5932	1500	520	5023	209092	0	216135
5933	208514	496	2069	6637	0	217716
5934	5935	208566	1279	3199	0	218979
5935	212446	5278	630	1860	0	220214
5936	6820	2585	207374	1210	0	217989
5937	209064	1008	5438	1258	0	216768
5938	213988	694	2442	1217	0	218341
5939	212291	794	1241	1185	0	215511
5940	8696	777	906	206049	0	216428
5941	4273	677	948	210830	0	216728
5942	2337	707	195689	8041	0	206774
5943	183903	402	5556	3893	0	193754
5944	6638	190032	2859	2086	0	201615
5945	2914	182727	1389	1570	0	188600
5946	1751	187591	1118	1489	0	191949
5947	2250	6790	1069	177560	0	187669
5948	177055	2477	917	5816	0	186265
5949	179261	969	939	3185	0	184354
5950	7361	806	174585	1984	0	184736
5951	3587	639	5266	172570	0	182062
5952	2005	664	2381	177464	0	182514
5953	1681	954	173208	7542	0	183385
5954	1615	851	171683	3651	0	177800
5955	166490	569	6853	2518	0	176430
5956	5630	170697	3169	2125	0	181621
5957	173469	4780	1411	2073	0	181733
5958	175648	2077	1163	1903	0	180791
5959	7896	931	1115	170012	0	179954
5960	4100	555	977	175101	0	180733
5961	169547	597	1017	7705	0	178866
5962	6514	607	1101	170024	0	178246
5963	3502	625	1169	172926	0	178222
5964	169483	560	1325	7921	0	179289
5965	6430	497	1289	170630	0	178846
5966	171504	530	1235	6924	0	180193
5967	173797	499	1298	3988	0	179582
5968	7619	806	168742	2536	0	179703
5969	168937	585	5911	2265	0	177698
5970	171162	573	3085	2449	0	177269
5971	170950	557	1964	2370	0	175841
5972	8034	883	142948	2312	0	154177
5973	161312	568	4898	2404	0	169182
5974	6260	160096	2815	2409	0	171580
5975	164671	4588	1660	2537	0	173456
5976	167245	1973	1552	2520	0	173290
5977	7934	772	1453	162929	0	173088
5978	4152	541	1399	162964	0	169056
5979	2365	161967	1551	7978	0	173861
5980	2483	4829	1136	163956	0	172404
5981	2496	2253	1240	167794	0	173783
5982	162541	1100	1263	8177	0	173081
5983	6972	697	1201	160673	0	169543
5984	4198	732	1034	162573	0	168537
5985	3154	658	1073	159307	0	164192
5986	2439	152570	1321	8216	0	164546
5987	149783	4516	1211	4301	0	159811
5988	6251	150809	1575	2863	0	161498
5989	135019	4358	944	1999	0	142320
5990	5909	2125	129007	1802	0	138843
5991	121090	967	4125	1810	0	127992
5992	5442	804	122962	1748	0	130956
5993	3187	117684	4449	1666	0	126986
5994	108952	3356	3618	1389	0	117315
5995	105606	1711	1334	1339	0	109990
5996	5072	100007	927	1187	0	107193
5997	2758	101235	875	1198	0	106066
5998	98047	3683	861	1191	0	103782
5999	99690	1561	670	1101	0	103022
6000	4894	722	627	96841	0	103084
6001	2801	606	516	100237	0	104160
6002	1730	765	96629	4339	0	103463
6003	93144	568	2762	2367	0	98841
6004	3951	535	1493	92655	0	98634
6005	2389	94444	896	3339	0	101068
6006	1747	2688	437	94723	0	99595
6007	1445	1427	366	95928	0	99166
6008	1305	887	91801	4443	0	98436
6009	1476	602	2509	92646	0	97233
6010	90198	546	1270	3762	0	95776
6011	3374	87988	755	2240	0	94357
6012	2007	89359	508	1371	0	93245
6013	88440	3418	525	1053	0	93436
6014	89510	1644	484	1000	0	92638
6015	88870	725	505	915	0	91015
6016	4564	84224	745	800	0	90333
6017	1487	73565	386	561	0	75999
6018	76090	2096	567	504	0	79257
6019	76030	989	443	538	0	78000
6020	2860	72072	462	473	0	75867
6021	600	60354	168	302	0	61424
6022	59157	1170	292	291	0	60910
6023	1251	442	93	58265	0	60051
6024	59683	226	69	1147	0	61125
6025	1281	169	61	59323	0	60834
6026	492	61011	135	1129	0	62767
6027	367	61741	139	422	0	62669
6028	63427	1299	166	308	0	65200
6029	64534	454	153	299	0	65440
6030	65472	230	99	221	0	66022
6031	1648	64295	181	337	0	66461
6032	506	1215	60241	116	0	62078
6033	244	60691	1029	139	0	62103
6034	58570	1204	432	151	0	60357
6035	55340	288	123	209	0	55960
6036	1179	224	56516	93	0	58012
6037	312	55475	938	124	0	56849
6038	303	999	315	55376	0	56993
6039	242	299	92	53202	0	53835
6040	219	49065	112	3271	0	52667
6041	243	1002	54034	281	0	55560
6042	54642	278	936	222	0	56078
6043	1112	219	209	56248	0	57788
6044	56597	130	107	1068	0	57902
6045	57836	157	53	398	0	58444
6046	1279	172	84	60220	0	61755
6047	498	148	85	63172	0	63903
6048	350	177	62	64562	0	65151
6049	303	186	66	64997	0	65552
6050	63178	185	69	1674	0	65106
6051	63818	170	78	641	0	64707
6052	1644	233	63583	319	0	65779
6053	683	171	1152	63601	0	65607
6054	445	183	349	65149	0	66126
6055	353	185	182	65719	0	66439
6056	340	255	63855	1624	0	66074
6057	360	168	1188	63072	0	64788
6058	62641	166	393	1476	0	64676
6059	1450	189	194	63011	0	64844
6060	592	282	62851	1459	0	65184
6061	450	203	1207	62814	0	64674
6062	336	294	63337	1459	0	65426
6063	63697	194	1292	648	0	65831
6064	1545	175	400	64686	0	66806
6065	65037	175	247	1507	0	66966
6066	64890	193	160	652	0	65895
6067	1800	188	113	64371	0	66472
6068	65914	179	163	1599	0	67855
6069	1682	185	131	63884	0	65882
6070	703	68497	234	1476	0	70910
6071	70832	1309	139	671	0	72951
6072	71185	439	161	476	0	72261
6073	71738	252	141	467	0	72598
6074	2057	181	154	70837	0	73229
6075	800	186	134	71782	0	72902
6076	549	195	142	72223	0	73109
6077	455	275	68879	2076	0	71685
6078	395	68122	1472	902	0	70891
6079	526	1308	416	67052	0	69302
6080	462	473	66884	1584	0	69403
6081	65380	212	1388	764	0	67744
6082	1617	139	461	67418	0	69635
6083	659	196	66936	1688	0	69479
6084	68195	137	1327	871	0	70530
6085	1653	111	452	70591	0	72807
6086	717	126	286	71861	0	72990
6087	570	148	197	72398	0	73313
6088	71242	112	208	2139	0	73701
6089	72194	142	239	960	0	73535
6090	71304	129	242	664	0	72339
6091	1891	68412	327	581	0	71211
6092	766	70333	332	524	0	71955
6093	70592	1425	189	616	0	72822
6094	1685	497	70080	587	0	72849
6095	836	289	1281	69191	0	71597
6096	656	138	442	71427	0	72663
6097	70096	145	295	1947	0	72483
6098	68449	145	188	954	0	69736
6099	1843	68595	315	677	0	71430
6100	934	1241	222	68807	0	71204
6101	640	458	68061	1742	0	70901
6102	546	294	69019	888	0	70747
6103	568	136	1579	69529	0	71812
6104	522	130	553	72087	0	73292
6105	70595	147	325	2176	0	73243
6106	1719	130	262	72121	0	74232
6107	74736	146	300	2040	0	77222
6108	74958	135	318	1017	0	76428
6109	1933	209	75492	784	0	78418
6110	74270	104	1357	789	0	76520
6111	76091	100	524	755	0	77470
6112	76421	105	356	801	0	77683
6113	1947	75413	374	742	0	78476
6114	828	76470	370	747	0	78415
6115	717	1598	222	75670	0	78207
6116	634	492	75138	1742	0	78006
6117	533	73125	1278	866	0	75802
6118	754	1175	499	69107	0	71535
6119	631	334	291	67600	0	68856
6120	522	68788	312	1267	0	70889
6121	69379	870	198	754	0	71201
6122	69657	317	178	619	0	70771
6123	1466	288	71528	559	0	73841
6124	68625	141	907	608	0	70281
6125	1189	252	69975	468	0	71884
6126	62906	188	902	495	0	64491
6127	1245	226	68775	406	0	70652
6128	624	68565	895	360	0	70444
6129	630	591	496	66400	0	68117
6130	417	215	238	67514	0	68384
6131	67480	111	216	1006	0	68813
6132	67494	90	191	606	0	68381
6133	66518	104	147	544	0	67313
6134	938	222	68156	406	0	69722
6135	650	116	585	67411	0	68762
6136	464	119	322	69668	0	70573
6137	69558	98	214	977	0	70847
6138	785	69703	252	519	0	71259
6139	72920	579	154	594	0	74247
6140	916	302	149	74111	0	75478
6141	627	188	144	75858	0	76817
6142	494	150	125	76110	0	76879
6143	370	145	139	76660	0	77314
6144	378	220	130	76284	0	77012
6145	371	74235	209	1039	0	75854
6146	251	71734	158	417	0	72560
6147	179	70337	141	167	0	70824
6148	224	401	83	70408	0	71116
6149	219	214	69276	343	0	70052
6150	60201	83	362	301	0	60947
6151	401	71990	192	118	0	72701
6152	283	318	116	72272	0	72989
6153	197	117	96	72942	0	73352
6154	73508	73	92	580	0	74253
6155	72138	87	87	334	0	72646
6156	72254	85	69	269	0	72677
6157	628	53	62	78026	0	78769
6158	285	154	79196	488	0	80123
6159	224	185	82360	235	0	83004
6160	219	77	503	82861	0	83660
6161	193	170	84232	555	0	85150
6162	78161	87	502	340	0	79090
6163	560	75	158	83212	0	84005
6164	289	166	83903	537	0	84895
6165	248	80	426	81885	0	82639
6166	204	204	87512	593	0	88513
6167	187	197	92117	270	0	92771
6168	234	181	697	97473	0	98585
6169	157	187	103833	921	0	105098
6170	146	192	100770	309	0	101417
6171	84	92010	1294	206	0	93594
6172	412	1098	461	98710	0	100681
6173	103726	290	158	1201	0	105375
6174	974	141	79	102879	0	104073
6175	387	73	64	107702	0	108226
6176	172	214	105823	1317	0	107526
6177	90274	71	1024	739	0	92108
6178	1018	43	320	108302	0	109683
6179	419	29	139	110690	0	111277
6180	107419	43	90	1459	0	109011
6181	1036	59	82	110122	0	111299
6182	109175	38	88	1415	0	110716
6183	109961	43	98	617	0	110719
6184	109660	34	97	464	0	110255
6185	1324	107475	210	208	0	109217
6186	109601	919	88	320	0	110928
6187	1114	109632	184	207	0	111137
6188	465	1073	83	110210	0	111831
6189	111540	322	94	1265	0	113221
6190	1014	111831	254	569	0	113668
6191	112246	1017	132	387	0	113782
6192	1136	111964	235	322	0	113657
6193	109157	1148	126	334	0	110765
6194	1183	110260	264	225	0	111932
6195	409	113682	236	223	0	114550
6196	251	119959	235	339	0	120784
6197	248	1488	104	114921	0	116761
6198	146	122658	262	1192	0	124258
6199	248	1370	107	120944	0	122669
6200	251	495	105	124386	0	125237
6201	273	245	111	124787	0	125416
6202	243	158	94	125294	0	125789
6203	121525	115	104	1942	0	123686
6204	124099	110	121	834	0	125164
6205	1770	313	122756	351	0	125190
6206	125366	123	1313	586	0	127388
6207	132251	123	430	468	0	133272
6208	134839	144	251	456	0	135690
6209	2175	300	130292	294	0	133061
6210	816	340	131169	229	0	132554
6211	123426	194	2037	507	0	126164
6212	1999	357	135439	317	0	138112
6213	687	140477	2017	345	0	143526
6214	631	1854	527	141758	0	144770
6215	145823	566	325	2189	0	148903
6216	147095	323	259	883	0	148560
6217	147813	247	207	668	0	148935
6218	2679	218	223	145904	0	149024
6219	998	232	204	150062	0	151496
6220	635	458	150923	2531	0	154547
6221	625	249	1949	149250	0	152073
6222	565	238	574	154646	0	156023
6223	151496	180	346	2844	0	154866
6224	2195	153002	475	1053	0	156725
6225	155404	2029	204	837	0	158474
6226	2502	686	260	155560	0	159008
6227	152519	339	249	2588	0	155695
6228	151369	236	285	1112	0	153002
6229	144882	263	301	836	0	146282
6230	2688	147290	504	520	0	151002
6231	1036	151303	495	501	0	153335
6232	857	2451	312	151404	0	155024
6233	152665	761	341	2528	0	156295
6234	2557	447	327	150178	0	153509
6235	1120	344	323	153075	0	154862
6236	855	538	151163	2793	0	155349
6237	824	335	2059	149824	0	153042
6238	802	308	676	152490	0	154276
6239	829	281	422	152335	0	153867
6240	769	490	149563	3048	0	153870
6241	773	528	146521	1370	0	149192
6242	683	147792	2725	999	0	152199
6243	148444	2060	829	930	0	152263
6244	2670	666	479	149279	0	153094
6245	1239	676	149805	2536	0	154256
6246	1177	307	2148	147430	0	151062
6247	1107	354	639	159625	0	161725
6248	157621	327	428	3138	0	161514
6249	157988	359	395	1389	0	160131
6250	2978	157832	607	921	0	162338
6251	157301	2156	392	909	0	160758
6252	157451	750	342	810	0	159353
6253	3130	568	351	155975	0	160024
6254	1337	719	155817	2517	0	160390
6255	949	156496	2267	1248	0	160960
6256	156248	2125	698	1067	0	160138
6257	158590	714	439	1029	0	160772
6258	2936	162796	544	961	0	167237
6259	1408	2238	318	166263	0	170227
6260	172768	696	340	3339	0	177143
6261	174529	437	371	1504	0	176841
6262	3598	371	390	174805	0	179164
6263	177176	350	418	3521	0	181465
6264	187488	368	395	1430	0	189681
6265	189647	410	397	1171	0	191625
6266	4495	638	191050	889	0	197072
6267	1527	187682	3274	880	0	193363
6268	1068	189524	992	861	0	192445
6269	181328	3248	614	921	0	186111
6270	3404	183726	530	806	0	188466
6271	1284	3476	183676	639	0	189075
6272	1191	860	3075	182513	0	187639
6273	183285	548	725	3551	0	188109
6274	3757	495	417	182314	0	186983
6275	183736	406	338	3758	0	188238
6276	185069	373	342	1362	0	187146
6277	183801	345	415	1108	0	185669
6278	4054	178661	621	907	0	184243
6279	1257	188065	628	902	0	190852
6280	187703	3494	394	1008	0	192599
6281	186203	930	404	1046	0	188583
6282	188821	563	315	933	0	190632
6283	4543	484	338	185345	0	190710
6284	183176	413	333	3772	0	187694
6285	3869	180409	663	1315	0	186256
6286	1517	187664	630	1031	0	190842
6287	1457	3545	298	184793	0	190093
6288	1303	1176	182775	3569	0	188823
6289	1222	924	181710	1098	0	184954
6290	1420	566	3544	180590	0	186120
6291	1133	855	182561	3516	0	188065
6292	1375	637	3273	181835	0	187120
6293	183592	582	778	3858	0	188810
6294	4161	625	558	183003	0	188347
6295	180564	503	539	3830	0	185436
6296	3921	175170	738	1253	0	181082
6297	1696	3518	175775	978	0	181967
6298	1568	1009	3099	169662	0	175338
6299	1453	792	746	177016	0	180007
6300	1319	917	176158	3907	0	182301
6301	1570	639	3136	167179	0	172524
6302	1236	177227	1074	3455	0	182992
6303	1522	3404	543	178651	0	184120
6304	1661	977	436	182510	0	185584
6305	1613	703	363	188766	0	191445
6306	1518	708	185070	4561	0	191857
6307	1231	729	176458	1370	0	179788
6308	159331	535	3936	1255	0	165057
6309	4059	785	171285	767	0	176896
6310	1378	170424	3705	749	0	176256
6311	170912	3303	925	789	0	175929
6312	3740	171664	819	783	0	177006
6313	167312	3425	778	862	0	172377
6314	168356	949	833	839	0	170977
6315	166604	729	528	793	0	168654
6316	165959	612	485	980	0	168036
6317	4240	160861	614	874	0	166589
6318	1660	164490	602	889	0	167641
6319	164275	3655	472	831	0	169233
6320	4058	1373	160213	718	0	166362
6321	1675	875	3238	156507	0	162295
6322	1369	615	930	162543	0	165457
6323	1117	735	160305	4016	0	166173
6324	147950	554	3338	1583	0	153425
6325	160529	595	1035	1208	0	163367
6326	159167	658	819	1042	0	161686
6327	4299	156446	829	1081	0	162655
6328	161863	3398	730	1135	0	167126
6329	4148	1169	798	153560	0	159675
6330	1634	167331	979	3417	0	173361
6331	170263	3750	792	1440	0	176245
6332	173002	1270	752	1198	0	176222
6333	181907	992	675	1064	0	184638
6334	5706	879	646	177347	0	184578
6335	2582	842	646	177210	0	181280
6336	1704	172786	899	4992	0	180381
6337	1636	4209	175572	1890	0	183307
6338	1772	1440	4076	174156	0	181444
6339	1804	995	1447	174839	0	179085
6340	1667	777	965	182253	0	185662
6341	1395	1009	177474	5544	0	185422
6342	171466	738	4236	2324	0	178764
6343	5082	787	1413	179705	0	186987
6344	2259	951	180520	4668	0	188398
6345	1885	721	4344	178991	0	185941
6346	181019	687	1592	5110	0	188408
6347	5003	177400	1307	2104	0	185814
6348	2374	4472	840	179947	0	187633
6349	1720	1851	179824	4878	0	188273
6350	169857	982	4631	2178	0	177648
6351	180042	767	1714	1599	0	184122
6352	6091	984	177512	1335	0	185922
6353	2925	1102	4617	157032	0	165676
6354	1661	174768	1970	4354	0	182753
6355	176552	4533	1222	1958	0	184265
6356	5321	1767	173457	1453	0	181998
6357	167503	933	4746	1554	0	174736
6358	5577	785	164786	1233	0	172381
6359	2834	786	155882	1084	0	160586
6360	145212	608	5024	1161	0	152005
6361	4296	150442	2108	1280	0	158126
6362	2540	3804	148139	1159	0	155642
6363	1462	142705	4075	1143	0	149385
6364	1670	3506	137154	1067	0	143397
6365	888	135084	3614	949	0	140535
6366	125340	3197	2017	1107	0	131661
6367	3147	1213	123096	893	0	128349
6368	1661	743	122555	771	0	125730
6369	1223	634	120031	770	0	122658
6370	112214	701	3924	747	0	117586
6371	115695	375	1579	737	0	118386
6372	3432	387	838	112502	0	117159
6373	1614	510	117032	2641	0	121797
6374	1038	493	118907	1326	0	121764
6375	115252	363	3481	831	0	119927
6376	3041	418	1612	118292	0	123363
6377	118502	332	967	2790	0	122591
6378	119922	342	876	1229	0	122369
6379	3842	415	684	111950	0	116891
6380	1801	112979	938	2637	0	118355
6381	1304	2488	803	114047	0	118642
6382	1081	1122	708	116314	0	119225
6383	1012	873	114029	3356	0	119270
6384	937	111358	2989	1610	0	116894
6385	867	114477	1601	874	0	117819
6386	1034	3080	1072	107771	0	112957
6387	824	1402	111525	2525	0	116276
6388	756	110995	3074	1306	0	116131
6389	890	2732	111558	856	0	116036
6390	106910	1153	3282	821	0	112166
6391	112782	666	1697	730	0	115875
6392	3575	721	111046	666	0	116008
6393	109385	479	3177	645	0	113686
6394	3408	528	1606	109091	0	114633
6395	1717	115364	1347	2542	0	120970
6396	1352	2496	1119	116597	0	121564
6397	114360	1108	986	2861	0	119315
6398	116333	593	973	1436	0	119335
6399	115446	549	920	971	0	117886
6400	112089	447	884	831	0	114251
6401	3768	107855	1102	784	0	113509
6402	1761	106909	943	713	0	110326
6403	105486	2623	893	791	0	109793
6404	2886	1237	104766	721	0	109610
6405	1520	2776	2274	94272	0	100842
6406	925	100213	1377	1990	0	104505
6407	911	1990	871	96439	0	100211
6408	601	101980	883	2114	0	105578
6409	807	2284	739	101809	0	105639
6410	632	1162	102591	2308	0	106693
6411	98817	677	2423	1223	0	103140
6412	103624	550	1346	751	0	106271
6413	2830	680	102213	539	0	106262
6414	100884	554	2485	602	0	104525
6415	104039	512	1331	597	0	106479
6416	3069	607	101297	455	0	105428
6417	1660	471	2447	97894	0	102472
6418	101240	332	1391	2184	0	105147
6419	2708	572	101043	954	0	105277
6420	1537	440	2402	96992	0	101371
6421	1028	533	104296	2182	0	108039
6422	967	594	103956	1047	0	106564
6423	100013	469	3042	815	0	104339
6424	106816	462	1349	590	0	109217
6425	107738	407	781	634	0	109560
6426	111504	443	640	562	0	113149
6427	3674	587	567	105203	0	110031
6428	1576	102699	751	2274	0	107300
6429	1045	106216	719	1102	0	109082
6430	818	2634	505	96434	0	100391
6431	96788	805	496	1917	0	100006
6432	2189	95064	567	812	0	98632
6433	664	90720	388	388	0	92160
6434	89625	1705	334	333	0	91997
6435	1860	641	328	88514	0	91343
6436	89529	298	283	1664	0	91774
6437	1774	89280	377	551	0	91982
6438	91157	1493	238	439	0	93327
6439	1921	508	95170	261	0	97860
6440	104125	371	1827	369	0	106692
6441	109640	239	515	409	0	110803
6442	111814	263	346	408	0	112831
6443	3092	480	96202	354	0	100128
6444	104849	299	1655	385	0	107188
6445	2408	106416	584	364	0	109772
6446	773	2021	106274	215	0	109283
6447	784	970	2104	100220	0	104078
6448	511	349	596	98587	0	100043
6449	330	102546	427	2150	0	105453
6450	435	1863	189	103133	0	105620
6451	414	472	193	104843	0	105922
6452	369	348	101409	2325	0	104451
6453	91011	165	2046	953	0	94175
6454	2189	265	102582	373	0	105409
6455	729	143	2195	100363	0	103430
6456	549	259	103722	2027	0	106557
6457	422	166	2230	102591	0	105409
6458	106559	119	640	2315	0	109633
6459	110938	141	412	687	0	112178
6460	2776	154	224	110003	0	113157
6461	971	277	112373	2281	0	115902
6462	692	175	2216	111829	0	114912
6463	482	246	111956	2453	0	115137
6464	105802	200	2427	787	0	109216
6465	112763	224	611	564	0	114162
6466	110805	228	375	467	0	111875
6467	109103	267	268	447	0	110085
6468	2828	105897	375	443	0	109543
6469	1131	2301	247	107434	0	111113
6470	103455	686	280	2417	0	106838
6471	2331	104984	387	807	0	108509
6472	837	107156	425	581	0	108999
6473	817	2557	99678	353	0	103405
6474	99531	692	2366	396	0	102985
6475	103973	358	770	437	0	105538
6476	3112	341	100639	315	0	104407
6477	1435	196	2385	97872	0	101888
6478	1109	185	756	103301	0	105351
6479	767	250	102073	2723	0	105813
6480	774	201	2453	99792	0	103220
6481	100363	183	849	2664	0	104059
6482	2682	281	99423	838	0	103224
6483	1054	337	102180	645	0	104216
6484	96950	228	2838	591	0	100607
6485	2662	373	101548	490	0	105073
6486	98152	302	2637	564	0	101655
6487	2878	99840	930	541	0	104189
6488	101462	2253	558	554	0	104827
6489	3055	702	380	99607	0	103744
6490	1267	519	342	102520	0	104648
6491	100445	436	369	2879	0	104129
6492	2781	449	346	100782	0	104358
6493	100502	362	374	2779	0	104017
6494	2796	100617	455	962	0	104830
6495	1290	2391	362	95758	0	99801
6496	1011	794	371	98857	0	101033
6497	96474	529	373	2821	0	100197
6498	98652	355	374	1125	0	100506
6499	98453	317	389	723	0	99882
6500	3362	93829	505	555	0	98251
6501	1438	96867	510	503	0	99318
6502	95558	2503	470	477	0	99008
6503	2995	819	93540	453	0	97807
6504	1211	92877	2414	532	0	97034
6505	88326	2007	1404	580	0	92317
6506	87055	560	664	393	0	88672
6507	86305	329	337	411	0	87382
6508	2876	271	357	82157	0	85661
6509	84226	209	400	2059	0	86894
6510	84358	204	311	756	0	85629
6511	2741	186	329	80175	0	83431
6512	81761	233	299	2087	0	84380
6513	2351	356	78678	774	0	82159
6514	1028	245	1881	79733	0	82887
6515	759	260	672	81873	0	83564
6516	639	181	498	83612	0	84930
6517	81039	160	330	2695	0	84224
6518	84158	204	323	1069	0	85754
6519	84291	238	331	745	0	85605
6520	84084	140	350	644	0	85218
6521	80538	133	351	512	0	81534
6522	2850	129	383	75154	0	78516
6523	1299	120	322	77920	0	79661
6524	75185	125	384	2312	0	78006
6525	2107	73295	405	1024	0	76831
6526	72589	1523	341	541	0	74994
6527	2175	452	69284	453	0	72364
6528	73097	254	1616	407	0	75374
6529	75310	156	511	417	0	76394
6530	2318	254	77843	392	0	80807
6531	79228	149	1832	332	0	81541
6532	2321	214	79859	381	0	82775
6533	1044	191	83063	201	0	84499
6534	930	302	2172	78180	0	81584
6535	724	241	745	85681	0	87391
6536	636	192	85303	2200	0	88331
6537	729	221	86477	877	0	88304
6538	374	82037	2208	591	0	85210
6539	326	79277	786	410	0	80799
6540	64987	1245	788	245	0	67265
6541	1019	69974	244	203	0	71440
6542	67091	936	235	186	0	68448
6543	984	66623	175	202	0	67984
6544	65974	899	142	148	0	67163
6545	1012	383	63949	131	0	65475
6546	63026	179	868	150	0	64223
6547	1064	139	308	63116	0	64627
6548	461	65278	227	796	0	66762
6549	335	834	113	65820	0	67102
6550	65708	287	94	940	0	67029
6551	66766	169	88	375	0	67398
6552	1272	140	88	64864	0	66364
6553	491	120	64682	847	0	66140
6554	335	118	64398	346	0	65197
6555	185	65449	1064	230	0	66928
6556	310	1084	440	63918	0	65752
6557	230	332	63931	783	0	65276
6558	153	57720	817	292	0	58982
6559	358	893	435	57509	0	59195
6560	155	243	147	58315	0	58860
6561	55234	124	115	830	0	56303
6562	651	81	78	55067	0	55877
6563	280	109	54624	737	0	55750
6564	188	76	594	53736	0	54594
6565	50709	50	285	761	0	51805
6566	625	115	53506	315	0	54561
6567	50027	60	624	231	0	50942
6568	684	53861	297	155	0	54997
6569	55066	575	155	122	0	55918
6570	55430	244	132	136	0	55942
6571	910	128	117	52599	0	53754
6572	433	87	76	54732	0	55328
6573	228	53776	122	838	0	54964
6574	200	576	106	55112	0	55994
6575	52092	262	71	772	0	53197
6576	637	206	53434	358	0	54635
6577	365	132	585	52609	0	53691
6578	212	53248	321	621	0	54402
6579	200	587	152	53962	0	54901
6580	157	307	102	54818	0	55384
6581	52338	167	78	867	0	53450
6582	637	53072	122	428	0	54259
6583	389	590	87	53481	0	54547
6584	52380	268	96	734	0	53478
6585	701	167	88	53013	0	53969
6586	371	122	98	53898	0	54489
6587	52507	74	99	1024	0	53704
6588	53299	68	82	505	0	53954
6589	900	131	53454	296	0	54781
6590	51277	87	629	244	0	52237
6591	53811	79	307	210	0	54407
6592	54064	118	174	193	0	54549
6593	921	51121	150	211	0	52403
6594	462	51749	132	153	0	52496
6595	336	776	102	51103	0	52317
6596	51315	369	155	657	0	52496
6597	51940	211	98	370	0	52619
6598	898	114	82	50514	0	51608
6599	475	138	51734	673	0	53020
6600	50836	76	563	415	0	51890
6601	55014	112	279	348	0	55753
6602	895	113	163	53148	0	54319
6603	486	111	111	54642	0	55350
6604	53950	68	93	871	0	54982
6605	739	83	78	53804	0	54704
6606	385	54260	129	803	0	55577
6607	304	576	117	55848	0	56845
6608	54427	284	72	817	0	55600
6609	685	211	55221	393	0	56510
6610	50722	124	564	346	0	51756
6611	741	134	55197	223	0	56295
6612	445	87	619	54271	0	55422
6613	55821	89	308	737	0	56955
6614	737	93	161	55407	0	56398
6615	422	77	100	56273	0	56872
6616	53348	69	120	964	0	54501
6617	678	122	54504	479	0	55783
6618	426	149	57039	319	0	57933
6619	321	96	769	56318	0	57504
6620	260	53	352	59115	0	59780
6621	253	69	189	59773	0	60284
6622	188	127	59308	923	0	60546
6623	54439	66	603	618	0	55726
6624	60428	55	284	407	0	61174
6625	60969	50	169	284	0	61472
6626	60442	61	123	284	0	60910
6627	935	58652	152	249	0	59988
6628	504	59159	118	302	0	60083
6629	266	58178	119	178	0	58741
6630	211	691	123	47927	0	48952
6631	193	143	93	51598	0	52027
6632	156	88	50234	353	0	50831
6633	89	46510	251	195	0	47045
6634	357	174	71	44449	0	45051
6635	42724	70	59	244	0	43097
6636	164	43861	69	167	0	44261
6637	125	193	32	42761	0	43111
6638	60	44330	74	224	0	44688
6639	45408	162	41	169	0	45780
6640	260	114	28	45466	0	45868
6641	110	80	45550	244	0	45984
6642	76	78	45591	117	0	45862
6643	95	291	432	46614	0	47432
6644	98	17	145	47689	0	47949
6645	75	28	55	49574	0	49732
6646	48950	22	41	613	0	49626
6647	441	89	48527	200	0	49257
6648	166	48316	414	103	0	48999
6649	114	398	114	47666	0	48292
6650	57	172	48413	431	0	49073
6651	54	48525	418	215	0	49212
6652	115	414	140	49558	0	50227
6653	65	175	49913	402	0	50555
6654	64	55	380	48837	0	49336
6655	57	21	121	50397	0	50596
6656	50839	16	49	592	0	51496
6657	50842	17	29	224	0	51112
6658	572	23	33	50658	0	51286
6659	50731	17	95	489	0	51332
6660	478	80	51225	166	0	51949
6661	172	31	436	51432	0	52071
6662	97	81	52872	487	0	53537
6663	75	73	481	53083	0	53712
6664	44	52879	189	562	0	53674
6665	48	54191	108	203	0	54550
6666	41	55409	87	117	0	55654
6667	134	696	51	53470	0	54351
6668	79	189	48	59952	0	60268
6669	74	129	59527	775	0	60505
6670	71	111	59568	245	0	59995
6671	84	141	61547	94	0	61866
6672	61571	57	834	143	0	62605
6673	758	65	221	65178	0	66222
6674	65959	36	85	867	0	66947
6675	792	67068	114	253	0	68227
6676	238	840	67	67352	0	68497
6677	68578	202	58	932	0	69770
6678	929	115	60	68724	0	69828
6679	68259	51	58	1087	0	69455
6680	1008	125	70126	315	0	71574
6681	271	71362	895	245	0	72773
6682	223	869	227	71989	0	73308
6683	72635	238	152	1025	0	74050
6684	73699	145	96	436	0	74376
6685	1132	74	106	73680	0	74992
6686	403	91	118	74590	0	75202
6687	72671	79	135	1230	0	74115
6688	1015	86	171	72165	0	73437
6689	358	149	72164	1101	0	73772
6690	231	71824	1045	444	0	73544
6691	243	902	330	72731	0	74206
6692	72641	284	230	1142	0	74297
6693	72847	208	158	528	0	73741
6694	1282	201	73999	363	0	75845
6695	500	72326	1065	382	0	74273
6696	325	75525	384	412	0	76646
6697	313	1275	247	74541	0	76376
6698	332	450	205	75854	0	76841
6699	334	290	213	75380	0	76217
6700	350	198	207	75102	0	75857
6701	321	73544	274	1604	0	75743
6702	391	1108	211	74226	0	75936
6703	405	389	180	75524	0	76498
6704	73838	241	175	1701	0	75955
6705	73723	168	195	885	0	74971
6706	1483	74302	268	639	0	76692
6707	75599	1108	206	612	0	77525
6708	75560	408	210	593	0	76771
6709	75680	276	207	616	0	76779
6710	1697	281	73751	504	0	76233
6711	779	232	1166	73397	0	75574
6712	607	250	428	75986	0	77271
6713	484	356	74012	1656	0	76508
6714	490	274	1188	72945	0	74897
6715	485	275	504	71339	0	72603
6716	73053	278	391	1752	0	75474
6717	1327	412	72939	895	0	75573
6718	634	288	1165	70648	0	72735
6719	69872	267	431	1672	0	72242
6720	1282	69605	376	1059	0	72322
6721	69800	1188	196	890	0	72074
6722	68966	471	208	756	0	70401
6723	1575	68053	257	726	0	70611
6724	873	1203	169	68048	0	70293
6725	68273	475	162	1584	0	70494
6726	1524	68044	240	831	0	70639
6727	913	1251	212	68337	0	70713
6728	67046	524	203	1540	0	69313
6729	66266	383	223	854	0	67726
6730	1720	66116	296	726	0	68858
6731	67129	1170	249	670	0	69218
6732	1597	479	262	67075	0	69413
6733	66872	320	256	1728	0	69176
6734	1624	312	65604	919	0	68459
6735	840	210	1243	65211	0	67504
6736	693	221	509	65941	0	67364
6737	64140	231	361	1902	0	66634
6738	1494	62840	401	1004	0	65739
6739	60948	1177	311	736	0	63172
6740	1599	60537	332	644	0	63112
6741	764	1238	56599	589	0	59190
6742	768	503	55957	515	0	57743
6743	817	1277	1282	53390	0	56766
6744	571	416	54154	1341	0	56482
6745	590	435	1028	53313	0	55366
6746	584	284	350	52621	0	53839
6747	614	286	224	54946	0	56070
6748	54602	300	176	1649	0	56727
6749	54681	300	148	846	0	55975
6750	55457	294	156	710	0	56617
6751	1761	56100	205	601	0	58667
6752	961	60106	214	563	0	61844
6753	773	1526	63947	563	0	66809
6754	731	591	1399	65431	0	68152
6755	661	502	65072	1828	0	68063
6756	696	342	1576	64610	0	67224
6757	667	282	621	66227	0	67797
6758	646	297	413	66581	0	67937
6759	606	421	63445	2340	0	66812
6760	563	300	1511	63617	0	65991
6761	62674	274	696	2132	0	65776
6762	1676	61027	539	1177	0	64419
6763	836	1421	370	60994	0	63621
6764	61011	628	341	1893	0	63873
6765	60915	428	294	1068	0	62705
6766	2137	274	292	59263	0	61966
6767	1186	217	277	58031	0	59711
6768	54199	176	212	2092	0	56679
6769	1695	207	193	54267	0	56362
6770	51175	141	168	1763	0	53247
6771	1711	152	119	50338	0	52320
6772	759	151	47100	1576	0	49586
6773	497	44308	1051	833	0	46689
6774	396	46289	468	527	0	47680
6775	495	1187	479	44587	0	46748
6776	479	536	394	45377	0	46786
6777	44161	241	170	1504	0	46076
6778	1066	179	182	44744	0	46171
6779	599	165	146	44970	0	45880
6780	344	135	148	41291	0	41918
6781	249	40047	175	1641	0	42112
6782	295	893	131	41397	0	42716
6783	297	399	115	41612	0	42423
6784	313	232	109	41572	0	42226
6785	38641	164	140	1696	0	40641
6786	1019	39009	160	952	0	41140
6787	597	967	142	39867	0	41573
6788	371	458	128	40601	0	41558
6789	322	243	134	41027	0	41726
6790	39082	145	133	1749	0	41109
6791	1213	147	129	39760	0	41249
6792	637	138	127	39772	0	40674
6793	375	138	36991	1657	0	39161
6794	240	35940	861	987	0	38028
6795	261	873	391	36862	0	38387
6796	35837	386	202	1223	0	37648
6797	966	36287	166	739	0	38158
6798	35954	876	161	483	0	37474
6799	36145	420	151	400	0	37116
6800	1243	279	142	35441	0	37105
6801	624	149	149	36557	0	37479
6802	375	137	36031	1451	0	37994
6803	337	126	839	37193	0	38495
6804	282	152	36644	1355	0	38433
6805	271	110	930	37429	0	38740
6806	34358	106	454	1402	0	36320
6807	912	35372	283	866	0	37433
6808	527	926	199	37023	0	38675
6809	376	473	176	37589	0	38614
6810	285	289	210	37712	0	38496
6811	269	184	213	38110	0	38776
6812	35870	161	210	1759	0	38000
6813	950	35640	244	1133	0	37967
6814	513	844	155	37165	0	38677
6815	36769	392	180	1578	0	38919
6816	1053	256	36301	1081	0	38691
6817	36067	170	865	837	0	37939
6818	37342	189	412	692	0	38635
6819	1424	232	336	36878	0	38870
6820	751	235	185	37858	0	39029
6821	36927	212	171	1663	0	38973
6822	1161	38120	228	1010	0	40519
6823	39167	909	155	854	0	41085
6824	39411	408	116	786	0	40721
6825	39834	237	114	752	0	40937
6826	1574	159	108	39175	0	41016
6827	835	176	119	40006	0	41136
6828	555	42022	176	1741	0	44494
6829	546	1020	144	42222	0	43932
6830	41649	520	89	1522	0	43780
6831	1228	308	40424	884	0	42844
6832	39657	223	902	734	0	41516
6833	41804	210	389	635	0	43038
6834	1549	171	189	41506	0	43415
6835	801	159	113	42429	0	43502
6836	41581	111	106	1849	0	43647
6837	42014	110	106	1055	0	43285
6838	39230	140	116	796	0	40282
6839	1496	146	40621	681	0	42944
6840	690	40091	872	609	0	42262
6841	40659	948	369	565	0	42541
6842	1156	461	205	39734	0	41556
6843	667	40643	167	1248	0	42725
6844	508	931	100	41225	0	42764
6845	40807	461	100	1358	0	42726
6846	1125	305	96	41343	0	42869
6847	805	221	39960	1398	0	42384
6848	364	39262	781	879	0	41286
6849	314	40467	418	622	0	41821
6850	413	989	37994	424	0	39820
6851	31469	853	1060	478	0	33860
6852	635	31788	346	440	0	33209
6853	586	532	212	25485	0	26815
6854	25341	112	67	366	0	25886
6855	343	25347	53	165	0	25908
6856	168	290	51	25507	0	26016
6857	25586	106	55	358	0	26105
6858	378	56	39	25600	0	26073
6859	25590	50	39	406	0	26085
6860	358	71	26098	202	0	26729
6861	193	26196	288	137	0	26814
6862	27397	291	100	172	0	27960
6863	27266	111	52	164	0	27593
6864	27224	61	60	138	0	27483
6865	452	99	26168	126	0	26845
6866	25863	70	260	128	0	26321
6867	27172	62	111	152	0	27497
6868	438	79	64	26912	0	27493
6869	26942	73	41	402	0	27458
6870	420	26703	71	210	0	27404
6871	229	298	44	27081	0	27652
6872	179	169	27035	363	0	27746
6873	167	102	283	26810	0	27362
6874	167	111	113	27634	0	28025
6875	27353	86	67	496	0	28002
6876	27295	76	71	265	0	27707
6877	492	121	26961	150	0	27724
6878	26134	65	297	183	0	26679
6879	497	83	27087	139	0	27806
6880	307	70	321	26932	0	27630
6881	209	102	27249	415	0	27975
6882	246	73	319	26366	0	27004
6883	202	27102	165	355	0	27824
6884	266	321	27387	199	0	28173
6885	224	167	28065	103	0	28559
6886	237	145	454	23177	0	24013
6887	28352	74	153	397	0	28976
6888	28466	86	90	237	0	28879
6889	28682	80	73	194	0	29029
6890	546	79	67	28113	0	28805
6891	301	73	70	28618	0	29062
6892	238	78	70	28708	0	29094
6893	214	72	77	28675	0	29038
6894	199	125	27955	494	0	28773
6895	200	102	322	27248	0	27872
6896	161	27509	172	411	0	28253
6897	164	328	97	27860	0	28449
6898	28071	134	90	472	0	28767
6899	465	89	28366	236	0	29156
6900	25842	78	351	203	0	26474
6901	450	97	28702	135	0	29384
6902	227	63	28376	121	0	28787
6903	165	28013	475	127	0	28780
6904	235	426	242	24580	0	25483
6905	191	160	128	26457	0	26936
6906	119	25202	175	468	0	25964
6907	29531	388	87	217	0	30223
6908	544	179	71	30567	0	31361
6909	299	73	81	33132	0	33585
6910	171	58	84	34648	0	34961
6911	38209	44	70	896	0	39219
6912	40809	43	67	388	0	41307
6913	1058	44	60	40218	0	41380
6914	411	49	64	40768	0	41292
6915	39708	43	63	1097	0	40911
6916	840	64	58	39946	0	40908
6917	357	41	73	40503	0	40974
6918	228	45	76	40831	0	41180
6919	191	69	39072	1147	0	40479
6920	36772	41	755	497	0	38065
6921	38649	36	275	301	0	39261
6922	1173	65	36810	252	0	38300
6923	468	198	742	33184	0	34592
6924	237	36408	309	815	0	37769
6925	35498	673	166	412	0	36749
6926	766	35980	172	325	0	37243
6927	298	34136	124	272	0	34830
6928	239	745	107	32124	0	33215
6929	32137	210	120	753	0	33220
6930	33131	85	61	390	0	33667
6931	919	78	66	32600	0	33663
6932	387	77	81	32985	0	33530
6933	253	102	55	32977	0	33387
6934	241	132	33	32843	0	33249
6935	251	102	27	31730	0	32110
6936	183	31291	76	985	0	32535
6937	243	622	41	31695	0	32601
6938	31295	212	48	931	0	32486
6939	32082	81	63	496	0	32722
6940	31861	61	56	394	0	32372
6941	887	30952	116	416	0	32371
6942	415	619	70	30874	0	31978
6943	242	256	30808	847	0	32153
6944	29843	158	648	472	0	31121
6945	810	172	201	30491	0	31674
6946	30663	169	133	785	0	31750
6947	30159	117	62	407	0	30745
6948	30266	149	54	262	0	30731
6949	1007	139	53	29260	0	30459
6950	29433	118	61	796	0	30408
6951	840	155	70	29412	0	30477
6952	446	80	58	30090	0	30674
6953	29509	80	88	997	0	30674
6954	857	72	44	29895	0	30868
6955	29473	75	40	949	0	30537
6956	29925	78	33	524	0	30560
6957	1009	70	39	29696	0	30814
6958	514	97	26	30335	0	30972
6959	332	74	36	30751	0	31193
6960	348	102	28657	1047	0	30154
6961	330	102	29049	543	0	30024
6962	355	66	725	28066	0	29212
6963	357	82	246	28485	0	29170
6964	338	73	88	28940	0	29439
6965	316	82	104	28809	0	29311
6966	330	63	95	29150	0	29638
6967	27931	42	109	1146	0	29228
6968	813	27698	155	595	0	29261
6969	448	582	96	28340	0	29466
6970	28400	204	132	924	0	29660
6971	845	94	119	28515	0	29573
6972	457	69	69	28862	0	29457
6973	28066	84	61	1176	0	29387
6974	28246	63	50	649	0	29008
6975	1001	97	27722	487	0	29307
6976	507	78	580	28003	0	29168
6977	399	90	28264	960	0	29713
6978	349	87	634	28387	0	29457
6979	316	47	222	28747	0	29332
6980	362	42	110	29052	0	29566
6981	282	48	27924	1220	0	29474
6982	241	27133	706	650	0	28730
6983	251	28551	322	504	0	29628
6984	296	699	188	28188	0	29371
6985	27761	221	189	953	0	29124
6986	750	112	27622	655	0	29139
6987	347	134	28930	476	0	29887
6988	253	104	802	28486	0	29645
6989	251	97	312	27813	0	28473
6990	227	29827	203	1042	0	31299
6991	252	693	164	29376	0	30485
6992	259	333	120	30786	0	31498
6993	262	167	119	31461	0	32009
6994	30506	95	135	1140	0	31876
6995	30552	87	144	587	0	31370
6996	961	70	167	30663	0	31861
6997	416	30555	196	946	0	32113
6998	250	624	114	30449	0	31437
6999	29410	225	128	1013	0	30776
7000	689	30355	140	635	0	31819
7001	344	588	100	28111	0	29143
7002	226	29033	125	881	0	30265
7003	28552	608	99	508	0	29767
7004	27020	251	114	357	0	27742
7005	748	28732	133	341	0	29954
7006	297	28944	118	310	0	29669
7007	264	679	26733	247	0	27923
7008	143	25527	524	282	0	26476
7009	235	705	304	22177	0	23421
7010	125	171	22171	490	0	22957
7011	33	17490	262	125	0	17910
7012	64	186	71	15404	0	15725
7013	39	56	29	15896	0	16020
7014	27	27	10	15958	0	16022
7015	15498	9	13	244	0	15764
7016	157	39	15274	96	0	15566
7017	66	22	15403	44	0	15535
7018	38	24	204	15284	0	15550
7019	20	34	17333	189	0	17576
7020	36	27	177	17277	0	17517
7021	26	30	67	16593	0	16716
7022	30	12	31	18133	0	18206
7023	31	25	13	18272	0	18341
7024	17675	17	15	261	0	17968
7025	17676	32	24	109	0	17841
7026	219	21	21	18159	0	18420
7027	93	40	19540	194	0	19867
7028	45	26	176	19408	0	19655
7029	29	19710	91	201	0	20031
7030	37	172	31	19778	0	20018
7031	19619	73	24	227	0	19943
7032	19923	29	24	124	0	20100
7033	240	27	17	20113	0	20397
7034	84	34	23	20244	0	20385
7035	42	24	18	20548	0	20632
7036	19717	21	32	274	0	20044
7037	181	37	20115	113	0	20446
7038	80	37	19893	68	0	20078
7039	43	19674	225	48	0	19990
7040	20344	150	84	85	0	20663
7041	180	84	34	20779	0	21077
7042	72	57	21875	199	0	22203
7043	36	21768	175	112	0	22091
7044	30	22639	75	61	0	22805
7045	42	199	29	22827	0	23097
7046	48	80	22	23520	0	23670
7047	30	23385	45	241	0	23701
7048	57	163	14	24010	0	24244
7049	44	90	24	24062	0	24220
7050	23544	39	31	241	0	23855
7051	156	23874	40	138	0	24208
7052	92	169	27	23786	0	24074
7053	46	94	23617	192	0	23949
7054	48	57	158	23213	0	23476
7055	23618	35	62	223	0	23938
7056	151	24127	66	120	0	24464
7057	94	162	25	24464	0	24745
7058	71	88	24375	199	0	24733
7059	54	54	26081	121	0	26310
7060	56	72	251	26566	0	26945
7061	55	35	83	28064	0	28237
7062	28256	34	56	304	0	28650
7063	215	28987	62	132	0	29396
7064	29240	243	37	117	0	29637
7065	265	132	29707	55	0	30159
7066	27038	67	270	112	0	27487
7067	317	88	30644	87	0	31136
7068	28350	46	331	116	0	28843
7069	30438	43	93	117	0	30691
7070	407	87	33803	86	0	34383
7071	150	88	34069	108	0	34415
7072	61	33618	432	102	0	34213
7073	72	332	122	35219	0	35745
7074	36854	100	69	434	0	37457
7075	384	64	54	37327	0	37829
7076	145	48	60	38046	0	38299
7077	86	35	52	38391	0	38564
7078	65	79	38145	491	0	38780
7079	32363	43	392	304	0	33102
7080	37687	40	138	150	0	38015
7081	452	39527	88	124	0	40191
7082	175	374	44	39130	0	39723
7083	87	40516	81	418	0	41102
7084	91	415	51	41003	0	41560
7085	40734	120	49	523	0	41426
7086	410	40829	111	194	0	41544
7087	200	389	55	39989	0	40633
7088	39861	131	54	475	0	40521
7089	39724	58	74	220	0	40076
7090	540	56	60	39096	0	39752
7091	224	98	39498	427	0	40247
7092	159	157	400	37971	0	38687
7093	82	40166	176	423	0	40847
7094	39921	394	89	200	0	40604
7095	420	40436	114	129	0	41099
7096	174	412	65	39967	0	40618
7097	41038	123	57	514	0	41732
7098	461	81	48	42499	0	43089
7099	205	63	50	42894	0	43212
7100	126	98	42737	531	0	43492
7101	96	42624	442	255	0	43417
7102	41673	370	148	160	0	42351
7103	38514	166	115	192	0	38987
7104	389	42030	86	120	0	42625
7105	129	42650	78	133	0	42990
7106	169	410	60	42108	0	42747
7107	41698	128	52	384	0	42262
7108	358	41839	79	170	0	42446
7109	187	342	54	42328	0	42911
7110	135	153	42194	372	0	42854
7111	119	81	327	41607	0	42134
7112	42547	46	115	453	0	43161
7113	361	43063	120	223	0	43767
7114	178	357	60	44414	0	45009
7115	131	168	43962	385	0	44646
7116	143	143	43793	182	0	44261
7117	128	77	407	43347	0	43959
7118	148	115	149	44838	0	45250
7119	111	44151	128	509	0	44899
7120	179	394	57	43785	0	44415
7121	44356	128	76	492	0	45052
7122	452	111	80	44518	0	45161
7123	44320	69	100	500	0	44989
7124	463	44504	123	214	0	45304
7125	250	45850	124	163	0	46387
7126	199	466	108	46672	0	47445
7127	188	165	127	45792	0	46272
7128	148	185	45646	529	0	46508
7129	190	129	389	44321	0	45029
7130	44949	99	153	548	0	45749
7131	505	173	45287	251	0	46216
7132	283	105	386	45533	0	46307
7133	226	189	48062	548	0	49025
7134	183	94	477	47917	0	48671
7135	212	105	204	48161	0	48682
7136	225	102	128	49403	0	49858
7137	177	180	49165	638	0	50160
7138	182	132	432	46979	0	47725
7139	125	49294	225	594	0	50238
7140	149	470	107	49711	0	50437
7141	196	187	79	49511	0	49973
7142	48116	157	63	681	0	49017
7143	503	202	47531	370	0	48606
7144	281	136	409	47385	0	48211
7145	228	158	47092	616	0	48094
7146	223	185	45944	325	0	46677
7147	219	135	507	46704	0	47565
7148	219	150	205	45882	0	46456
7149	168	161	100	49333	0	49762
7150	48235	127	104	763	0	49229
7151	550	215	48435	360	0	49560
7152	47885	146	484	422	0	48937
7153	587	122	158	52309	0	53176
7154	275	129	140	53592	0	54136
7155	207	56067	182	727	0	57183
7156	194	475	113	56939	0	57721
7157	206	198	111	56771	0	57286
7158	293	161	125	56493	0	57072
7159	50782	76	92	661	0	51611
7160	407	132	50451	308	0	51298
7161	43481	80	339	318	0	44218
7162	375	50583	210	223	0	51391
7163	48998	308	77	189	0	49572
7164	330	49530	118	170	0	50148
7165	151	49402	112	244	0	49909
7166	298	358	70	48689	0	49415
7167	48853	104	132	390	0	49479
7168	291	75	52	49126	0	49544
7169	96	48685	107	374	0	49262
7170	74	49477	93	225	0	49869
7171	135	365	49	49412	0	49961
7172	78	152	45	48981	0	49256
7173	67	49855	99	447	0	50468
7174	86	321	50	50814	0	51271
7175	74	138	56	50849	0	51117
7176	85	72	52	51375	0	51584
7177	49778	65	60	570	0	50473
7178	326	123	50781	233	0	51463
7179	47973	76	304	329	0	48682
7180	52170	43	123	218	0	52554
7181	51377	31	77	201	0	51686
7182	400	51523	107	121	0	52151
7183	178	260	48	50861	0	51347
7184	51101	92	47	373	0	51613
7185	323	75	37	52022	0	52457
7186	52084	45	50	389	0	52568
7187	271	55414	77	224	0	55986
7188	57571	253	34	283	0	58141
7189	58717	109	37	248	0	59111
7190	59581	62	46	213	0	59902
7191	417	62	26	59490	0	59995
7192	219	79	33	61403	0	61734
7193	61441	42	39	558	0	62080
7194	276	61646	82	232	0	62236
7195	143	61308	67	175	0	61693
7196	62953	284	53	236	0	63526
7197	293	120	46	62760	0	63219
7198	181	78	53	62970	0	63282
7199	128	73	32	63986	0	64219
7200	79	63451	100	515	0	64145
7201	62748	305	44	313	0	63410
7202	381	135	35	64146	0	64697
7203	170	65243	82	426	0	65921
7204	170	420	36	67907	0	68533
7205	141	187	34	68330	0	68692
7206	144	104	38	68243	0	68529
7207	127	54	33	68892	0	69106
7208	67772	56	33	612	0	68473
7209	67352	63	41	345	0	67801
7210	68299	65	36	281	0	68681
7211	503	58	31	68945	0	69537
7212	279	158	67582	399	0	68418
7213	215	169	62449	212	0	63045
7214	186	180	64894	175	0	65435
7215	67151	76	428	275	0	67930
7216	417	68	133	69808	0	70426
7217	224	81	62	69576	0	69943
7218	156	82	50	70312	0	70600
7219	69154	57	48	659	0	69918
7220	68281	64	53	384	0	68782
7221	428	73209	120	276	0	74033
7222	251	335	33	74120	0	74739
7223	163	239	73275	438	0	74115
7224	128	74812	341	269	0	75550
7225	187	428	88	74892	0	75595
7226	173	177	53	75457	0	75860
7227	163	114	33	74802	0	75112
7228	163	84	35	73605	0	73887
7229	176	199	73233	524	0	74132
7230	174	202	70891	296	0	71563
7231	122	74266	434	258	0	75080
7232	163	298	111	74552	0	75124
7233	154	123	49	73054	0	73380
7234	71076	77	63	581	0	71797
7235	389	171	72557	272	0	73389
7236	221	100	315	71565	0	72201
7237	221	79	153	74549	0	75002
7238	211	185	76381	470	0	77247
7239	126	76391	369	322	0	77208
7240	76036	290	132	358	0	76816
7241	420	238	75791	210	0	76659
7242	71839	103	291	326	0	72559
7243	423	246	80411	192	0	81272
7244	230	85	295	80301	0	80911
7245	170	228	82261	384	0	83043
7246	188	272	84561	288	0	85309
7247	197	81	359	84401	0	85038
7248	309	290	349	72343	0	73291
7249	161	77	94	88861	0	89193
7250	167	87	85	87326	0	87665
7251	143	94	115	87412	0	87764
7252	186	244	86899	478	0	87807
7253	179	249	83046	366	0	83840
7254	93	86902	469	281	0	87745
7255	85924	301	157	352	0	86734
7256	440	216	90	86786	0	87532
7257	87349	75	92	668	0	88184
7258	465	99	88	87573	0	88225
7259	89733	70	100	841	0	90744
7260	462	82	103	91063	0	91710
7261	230	107	92	91536	0	91965
7262	130	93786	200	630	0	94746
7263	166	430	90	96036	0	96722
7264	222	214	80	96169	0	96685
7265	143	90	85	96067	0	96385
7266	153	64	80	95305	0	95602
7267	85	94163	211	647	0	95106
7268	93451	315	84	469	0	94319
7269	333	93482	217	260	0	94292
7270	151	337	57	91582	0	92127
7271	90069	93	69	582	0	90813
7272	382	241	88619	200	0	89442
7273	207	260	88549	185	0	89201
7274	232	150	469	84476	0	85327
7275	113	53	201	89540	0	89907
7276	131	61	98	89854	0	90144
7277	175	84	76	85624	0	85959
7278	129	76	88	87638	0	87931
7279	65	86443	179	510	0	87197
7280	99	284	66	87917	0	88366
7281	87158	85	75	650	0	87968
7282	353	81	62	88724	0	89220
7283	186	249	90445	475	0	91355
7284	145	61	447	88949	0	89602
7285	88392	79	168	782	0	89421
7286	415	93761	256	331	0	94763
7287	247	487	54	101406	0	102194
7288	183	183	54	106374	0	106794
7289	152	251	105004	1243	0	106650
7290	221	278	138601	433	0	139533
7291	160010	106	2624	427	0	163167
7292	3880	146	737	164726	0	169489
7293	1267	102	491	170340	0	172200
7294	972	361	178711	4997	0	185041
7295	646	614	181151	2130	0	184541
7296	205	182106	5596	1461	0	189368
7297	426	4340	1922	178583	0	185271
7298	392	1399	180963	4325	0	187079
7299	123	182331	4797	1513	0	188764
7300	182122	4481	1471	1191	0	189265
7301	187161	1338	1027	683	0	190209
7302	5689	1027	408	177835	0	184959
7303	2022	182473	582	4628	0	189705
7304	182191	4531	407	1625	0	188754
7305	5396	1625	563	155951	0	163535
7306	1833	1215	178773	3848	0	185669
7307	1220	180029	4717	1513	0	187479
7308	178930	4633	1432	1296	0	186291
7309	182749	1500	970	892	0	186111
7310	5986	1024	485	180499	0	187994
7311	2379	468	382	185021	0	188250
7312	1374	626	178696	6090	0	186786
7313	1058	458	4607	179972	0	186095
7314	893	384	1528	177503	0	180308
7315	775	335	1066	181445	0	183621
7316	994	356	587	180977	0	182914
7317	949	356	483	172804	0	174592
7318	540	174431	801	6967	0	182739
7319	174032	4537	504	3274	0	182347
7320	4999	1662	174349	2089	0	183099
7321	1682	170889	4971	1578	0	179120
7322	1574	4737	1684	171914	0	179909
7323	171756	1570	1359	5666	0	180351
7324	5192	1277	906	172158	0	179533
7325	2175	726	783	174474	0	178158
7326	1633	639	754	175998	0	179024
7327	1125	651	672	176969	0	179417
7328	1087	773	169514	7813	0	179187
7329	885	170072	5214	3745	0	179916
7330	170103	4830	1822	2854	0	179609
7331	5419	1893	170167	1845	0	179324
7332	2112	1339	5405	169934	0	178790
7333	169883	947	1993	6114	0	178937
7334	5312	169975	1880	2757	0	179924
7335	170838	5086	1097	2438	0	179459
7336	6374	2128	1011	161926	0	171439
7337	2731	1634	909	173733	0	179007
7338	2256	973	724	172850	0	176803
7339	1595	853	672	174137	0	177257
7340	165291	922	798	8443	0	175454
7341	5847	812	742	168128	0	175529
7342	2513	665	729	172997	0	176904
7343	161356	698	731	7901	0	170686
7344	5797	973	159709	4009	0	170488
7345	2639	701	4962	161628	0	169930
7346	155296	675	1841	6801	0	164613
7347	157486	599	1489	3534	0	163108
7348	6819	637	1033	153978	0	162467
7349	3382	653	962	152933	0	157930
7350	2073	148399	1257	7595	0	159324
7351	1785	4962	807	152639	0	160193
7352	1982	1661	748	154763	0	159154
7353	1284	1427	146412	8269	0	157392
7354	1147	963	147313	4552	0	153975
7355	1040	143989	6431	3478	0	154938
7356	1501	4923	2848	141909	0	151181
7357	1359	1838	1956	148220	0	153373
7358	144411	1530	1431	7541	0	154913
7359	5606	1071	1363	144286	0	152326
7360	2593	1128	141082	7435	0	152238
7361	2303	951	5221	143767	0	152242
7362	1432	1165	137919	7868	0	148384
7363	1454	1228	140373	3976	0	147031
7364	1637	1050	6790	134229	0	143706
7365	1527	1077	3079	141746	0	147429
7366	137791	1143	1909	7856	0	148699
7367	142036	861	1265	4422	0	148584
7368	7228	870	1318	139600	0	149016
7369	141202	935	970	7128	0	150235
7370	145629	760	864	3721	0	150974
7371	7762	873	796	141554	0	150985
7372	3929	869	864	146459	0	152121
7373	141233	769	854	8197	0	151053
7374	144927	593	821	4839	0	151180
7375	7337	587	878	140036	0	148838
7376	3539	139130	1159	7289	0	151117
7377	2793	4986	607	142486	0	150872
7378	2188	1500	676	147534	0	151898
7379	1677	1410	138952	8947	0	150986
7380	1570	669	4969	144659	0	151867
7381	135267	624	2063	8445	0	146399
7382	5295	138492	2019	4453	0	150259
7383	138567	4691	864	3888	0	148010
7384	140367	1650	819	3217	0	146053
7385	141670	1415	765	3008	0	146858
7386	7910	1249	771	132806	0	142736
7387	4144	999	117969	6195	0	129307
7388	2897	979	114340	2972	0	121188
7389	1706	111889	5648	2900	0	122143
7390	850	76188	1579	1273	0	79890
7391	491	49043	647	536	0	50717
7392	561	47022	1003	522	0	49108
7393	1539	1105	43559	501	0	46704
7394	30390	1278	1853	437	0	33958
7395	411	169	132	30192	0	30904
7396	145	34	83	29929	0	30191
7397	115	40	53	29513	0	29721
7398	89	29774	105	399	0	30367
7399	29161	267	70	225	0	29723
7400	356	98	29571	131	0	30156
7401	75	28076	303	107	0	28561
7402	122	257	91	28504	0	28974
7403	28660	44	59	359	0	29122
7404	323	38	42	28574	0	28977
7405	115	61	28209	343	0	28728
7406	99	73	28424	135	0	28731
7407	125	52	280	28895	0	29352
7408	110	25	77	29217	0	29429
7409	29092	34	59	373	0	29558
7410	319	75	29164	121	0	29679
7411	28218	31	257	153	0	28659
7412	29055	35	69	124	0	29283
7413	364	30	66	29299	0	29759
7414	117	88	30060	338	0	30603
7415	102	45	275	30023	0	30445
7416	30347	43	64	399	0	30853
7417	299	30447	104	133	0	30983
7418	31102	281	69	182	0	31634
7419	363	72	52	31360	0	31847
7420	124	33119	69	404	0	33716
7421	148	344	32	33391	0	33915
7422	124	84	52	33873	0	34133
7423	100	34020	81	484	0	34685
7424	133	383	56	34653	0	35225
7425	122	109	75	35309	0	35615
7426	123	64	62	36103	0	36352
7427	100	80	35802	606	0	36588
7428	80	35710	475	235	0	36500
7429	36237	455	130	186	0	37008
7430	540	131	98	36243	0	37012
7431	179	38553	96	514	0	39342
7432	40760	524	63	267	0	41614
7433	673	132	47	41318	0	42170
7434	244	103	44	41739	0	42130
7435	205	59	48	41250	0	41562
7436	175	67	59	40892	0	41193
7437	40696	67	35	888	0	41686
7438	714	50	42	41120	0	41926
7439	246	86	45	41545	0	41922
7440	41251	54	55	886	0	42246
7441	710	59	52	41575	0	42396
7442	252	126	41143	810	0	42331
7443	202	80	629	41318	0	42229
7444	40407	74	185	847	0	41513
7445	697	99	103	40665	0	41564
7446	252	124	40758	816	0	41950
7447	170	125	40118	310	0	40723
7448	40863	79	785	314	0	42041
7449	43117	66	246	265	0	43694
7450	43578	85	131	236	0	44030
7451	43611	74	88	207	0	43980
7452	955	120	43311	179	0	44565
7453	365	71	668	42769	0	43873
7454	265	78	196	44444	0	44983
7455	43698	62	132	977	0	44869
7456	753	69	94	44172	0	45088
7457	284	124	43649	866	0	44923
7458	215	74	663	44051	0	45003
7459	179	93	44636	891	0	45799
7460	135	44798	758	422	0	46113
7461	45586	661	263	355	0	46865
7462	811	184	150	45673	0	46818
7463	305	137	45361	901	0	46704
7464	277	68	718	45279	0	46342
7465	201	57	230	47479	0	47967
7466	176	129	47581	1083	0	48969
7467	202	66	831	47625	0	48724
7468	47440	54	289	1119	0	48902
7469	904	147	45100	452	0	46603
7470	43566	72	715	391	0	44744
7471	918	44678	319	368	0	46283
7472	373	746	44428	252	0	45799
7473	277	346	45016	253	0	45892
7474	359	597	1062	36366	0	38384
7475	264	98	317	42536	0	43215
7476	194	112	42404	1064	0	43774
7477	220	63	780	42447	0	43510
7478	43038	50	301	1056	0	44445
7479	43457	52	209	551	0	44269
7480	976	62	170	42786	0	43994
7481	488	81	139	42410	0	43118
7482	295	42794	201	1064	0	44354
7483	43189	696	172	641	0	44698
7484	934	238	152	43834	0	45158
7485	360	45055	205	985	0	46605
7486	45525	744	163	547	0	46979
7487	45834	212	192	467	0	46705
7488	1032	47038	220	449	0	48739
7489	513	792	173	47459	0	48937
7490	400	227	172	46933	0	47732
7491	294	202	45223	1286	0	47005
7492	351	101	913	44571	0	45936
7493	44421	87	355	1210	0	46073
7494	1052	82	271	44293	0	45698
7495	444	132	43480	1240	0	45296
7496	42815	75	944	622	0	44456
7497	1056	63	405	43642	0	45166
7498	481	125	43127	1169	0	44902
7499	469	79	941	43274	0	44763
7500	339	99	42996	1266	0	44700
7501	356	97	1024	42957	0	44434
7502	372	77	374	43774	0	44597
7503	42625	67	306	1399	0	44397
7504	996	42664	327	681	0	44668
7505	43435	799	245	573	0	45052
7506	43268	265	241	468	0	44242
7507	42872	168	234	463	0	43737
7508	1288	42334	276	472	0	44370
7509	582	879	42082	399	0	43942
7510	464	272	982	41739	0	43457
7511	42757	188	426	1140	0	44511
7512	43360	113	325	612	0	44410
7513	1299	128	280	41302	0	43009
7514	41713	117	299	1174	0	43303
7515	1124	167	41213	658	0	43162
7516	40444	107	999	584	0	42134
7517	1193	160	40962	494	0	42809
7518	563	40035	1077	484	0	42159
7519	40012	771	442	450	0	41675
7520	38441	242	374	499	0	39556
7521	1088	38368	380	496	0	40332
7522	38290	770	315	465	0	39840
7523	37624	255	270	438	0	38587
7524	1098	240	36703	403	0	38444
7525	35135	125	777	412	0	36449
7526	938	155	35245	347	0	36685
7527	487	297	789	31194	0	32767
7528	360	33645	375	764	0	35144
7529	362	603	33783	401	0	35149
7530	30921	686	860	713	0	33180
7531	30725	229	319	417	0	31690
7532	792	137	188	28959	0	30076
7533	419	116	28574	584	0	29693
7534	326	152	525	28449	0	29452
7535	28422	85	247	633	0	29387
7536	634	28889	199	332	0	30054
7537	28260	452	161	231	0	29104
7538	28302	162	127	213	0	28804
7539	675	27989	167	182	0	29013
7540	380	442	132	27875	0	28829
7541	28385	154	115	554	0	29208
7542	688	114	119	28419	0	29340
7543	363	103	149	29710	0	30325
7544	300	150	29627	580	0	30657
7545	314	106	495	29276	0	30191
7546	335	103	185	29656	0	30279
7547	29099	90	146	643	0	29978
7548	28954	99	125	267	0	29445
7549	787	98	130	28513	0	29528
7550	355	125	27981	581	0	29042
7551	333	119	27697	236	0	28385
7552	279	102	611	27150	0	28142
7553	283	113	28295	577	0	29268
7554	264	118	575	27539	0	28496
7555	257	100	228	27648	0	28233
7556	27894	93	185	630	0	28802
7557	626	88	27639	269	0	28622
7558	26660	81	482	238	0	27461
7559	26994	68	222	211	0	27495
7560	636	94	26068	211	0	27009
7561	305	86	25934	169	0	26494
7562	267	1068	500	23563	0	25398
7563	207	23954	235	415	0	24811
7564	228	24585	161	218	0	25192
7565	314	406	149	22177	0	23046
7566	196	118	74	21561	0	21949
7567	185	77	93	22301	0	22656
7568	173	37	80	22527	0	22817
7569	21781	51	77	445	0	22354
7570	419	52	105	21815	0	22391
7571	164	80	21522	418	0	22184
7572	169	31	326	20697	0	21223
7573	171	20032	135	1203	0	21541
7574	195	240	96	20968	0	21499
7575	20958	51	86	406	0	21501
7576	393	48	126	21133	0	21700
7577	167	76	21178	362	0	21783
7578	122	20667	366	177	0	21332
7579	129	270	161	20857	0	21417
7580	20944	76	104	376	0	21500
7581	21154	53	87	175	0	21469
7582	455	68	70	20914	0	21507
7583	173	63	19467	329	0	20032
7584	167	64	18346	120	0	18697
7585	18433	20	330	128	0	18911
7586	360	52	19364	83	0	19859
7587	127	56	18823	80	0	19086
7588	159	171	265	17033	0	17628
7589	18597	14	140	250	0	19001
7590	18122	16	63	130	0	18331
7591	18174	18	61	103	0	18356
7592	284	44	19591	76	0	19995
7593	129	37	20278	65	0	20509
7594	60	21369	271	78	0	21778
7595	75	206	96	21102	0	21479
7596	63	60	68	21591	0	21782
7597	91	33	64	20882	0	21070
7598	61	15	53	21676	0	21805
7599	84	33	21522	310	0	21949
7600	63	21963	258	169	0	22453
7601	23265	203	91	132	0	23691
7602	25800	61	79	120	0	26060
7603	26108	28	106	108	0	26350
7604	405	26311	118	133	0	26967
7605	137	315	78	25805	0	26335
7606	27047	71	76	398	0	27592
7607	388	28261	85	177	0	28911
7608	27900	355	49	154	0	28458
7609	411	28103	90	79	0	28683
7610	28356	382	65	104	0	28907
7611	28486	101	67	125	0	28779
7612	510	64	82	29035	0	29691
7613	197	37	83	30331	0	30648
7614	103	87	30012	548	0	30750
7615	82	84	29342	200	0	29708
7616	29545	56	557	139	0	30297
7617	30725	53	161	124	0	31063
7618	598	69	77	30226	0	30970
7619	225	52	77	30660	0	31014
7620	125	74	30129	665	0	30993
7621	140	37	448	29591	0	30216
7622	127	88	29931	586	0	30732
7623	133	56	492	29918	0	30599
7624	118	67	171	30883	0	31239
7625	30410	49	101	705	0	31265
7626	30362	80	65	296	0	30803
7627	700	81	70	30291	0	31142
7628	311	58	58	30555	0	30982
7629	190	98	30092	680	0	31060
7630	187	57	516	30181	0	30941
7631	169	89	30389	622	0	31269
7632	29632	76	525	305	0	30538
7633	610	58	209	30819	0	31696
7634	30518	51	128	626	0	31323
7635	582	30466	149	297	0	31494
7636	30850	465	126	235	0	31676
7637	648	171	125	30643	0	31587
7638	308	80	134	30384	0	30906
7639	204	30521	183	666	0	31574
7640	239	494	125	30752	0	31610
7641	175	186	30400	651	0	31412
7642	232	82	539	30185	0	31038
7643	139	86	29346	631	0	30202
7644	141	28740	541	307	0	29729
7645	164	428	220	28784	0	29596
7646	130	145	28821	564	0	29660
7647	131	79	28509	284	0	29003
7648	130	78	596	28214	0	29018
7649	28231	30	243	604	0	29108
7650	508	81	28242	277	0	29108
7651	252	48	510	27834	0	28644
7652	28380	37	194	602	0	29213
7653	524	27552	139	289	0	28504
7654	29122	466	92	276	0	29956
7655	587	163	73	29084	0	29907
7656	258	73	87	29565	0	29983
7657	181	102	80	29996	0	30359
7658	29617	71	70	776	0	30534
7659	564	66	85	30080	0	30795
7660	241	55	109	30620	0	31025
7661	29414	57	111	750	0	30332
7662	552	83	29569	325	0	30529
7663	262	73	543	29629	0	30507
7664	167	106	29664	644	0	30581
7665	28563	62	560	312	0	29497
7666	599	73	219	29649	0	30540
7667	287	111	29979	618	0	30995
7668	28100	90	543	355	0	29088
7669	29506	84	212	267	0	30069
7670	704	121	31116	234	0	32175
7671	317	92	544	30787	0	31740
7672	217	100	214	31677	0	32208
7673	196	111	32220	740	0	33267
7674	184	31909	589	380	0	33062
7675	185	511	32683	296	0	33675
7676	30426	166	563	359	0	31514
7677	609	128	33580	274	0	34591
7678	31456	51	612	318	0	32437
7679	622	71	33716	307	0	34716
7680	32017	41	602	298	0	32958
7681	587	34387	314	270	0	35558
7682	300	436	191	33932	0	34859
7683	250	154	189	35379	0	35972
7684	227	107	35308	747	0	36389
7685	271	91	520	33034	0	33916
7686	188	34354	297	644	0	35483
7687	33612	418	157	423	0	34610
7688	539	34081	205	332	0	35157
7689	294	427	151	34300	0	35172
7690	34575	122	183	694	0	35574
7691	592	35090	193	389	0	36264
7692	34104	487	180	304	0	35075
7693	687	205	34956	248	0	36096
7694	293	95	643	34508	0	35539
7695	271	65	293	35082	0	35711
7696	233	76	195	35793	0	36297
7697	35788	65	193	850	0	36896
7698	36163	73	209	382	0	36827
7699	36179	82	190	284	0	36735
7700	35480	85	162	268	0	35995
7701	726	97	33731	227	0	34781
7702	29349	61	409	161	0	29980
7703	460	30514	213	142	0	31329
7704	185	30809	155	149	0	31298
7705	31536	439	512	223	0	32710
7706	31825	112	159	167	0	32263
7707	416	55	58	30671	0	31200
7708	31246	41	67	402	0	31756
7709	31024	42	75	164	0	31305
7710	33198	31	57	156	0	33442
7711	510	58	67	32583	0	33218
7712	156	32346	97	392	0	32991
7713	98	32741	73	136	0	33048
7714	128	413	55	32721	0	33317
7715	32362	95	53	421	0	32931
7716	330	33068	77	137	0	33612
7717	140	326	31	32966	0	33463
7718	117	141	33232	342	0	33832
7719	29539	81	333	188	0	30141
7720	361	33568	116	119	0	34164
7721	118	34260	98	99	0	34575
7722	33493	342	51	127	0	34013
7723	412	154	34218	81	0	34865
7724	170	81	319	33162	0	33732
7725	128	34670	122	343	0	35263
7726	141	324	61	34918	0	35444
7727	121	98	55	34594	0	34868
7728	131	32850	76	401	0	33458
7729	129	345	48	36174	0	36696
7730	143	122	29	36452	0	36746
7731	35918	84	48	446	0	36496
7732	383	35941	87	160	0	36571
7733	35847	364	39	152	0	36402
7734	450	120	35	35703	0	36308
7735	162	36754	57	378	0	37351
7736	190	391	36302	134	0	37017
7737	136	160	338	36050	0	36684
7738	148	121	85	37703	0	38057
7739	118	142	37957	440	0	38657
7740	34748	77	395	211	0	35431
7741	473	92	87	41187	0	41839
7742	40745	90	73	594	0	41502
7743	619	137	40638	193	0	41587
7744	216	96	526	40362	0	41200
7745	178	145	42853	634	0	43810
7746	151	132	561	42787	0	43631
7747	117	97	156	44266	0	44636
7748	43833	81	112	753	0	44779
7749	550	44461	96	285	0	45392
7750	44330	569	41	240	0	45180
7751	650	227	44656	128	0	45661
7752	243	132	541	44433	0	45349
7753	153	144	46311	625	0	47233
7754	39549	95	651	310	0	40605
7755	45371	77	163	251	0	45862
7756	734	151	45442	137	0	46464
7757	44014	69	562	196	0	44841
7758	46078	92	191	176	0	46537
7759	762	70	124	45678	0	46634
7760	310	120	45104	647	0	46181
7761	202	142	46794	268	0	47406
7762	184	69	686	46666	0	47605
7763	198	75	246	46267	0	46786
7764	175	46368	186	749	0	47478
7765	145	47551	171	401	0	48268
7766	47333	671	134	267	0	48405
7767	691	230	143	46812	0	47876
7768	280	46513	189	678	0	47660
7769	207	47977	184	315	0	48683
7770	44087	703	121	292	0	45203
7771	699	273	140	46069	0	47181
7772	309	46836	183	674	0	48002
7773	283	618	129	46490	0	47520
7774	251	207	133	46628	0	47219
7775	266	155	131	46287	0	46839
7776	45112	99	131	886	0	46228
7777	676	44937	208	376	0	46197
7778	365	633	161	44718	0	45877
7779	305	225	163	45192	0	45885
7780	263	152	137	45381	0	45933
7781	232	164	43426	855	0	44677
7782	40022	109	695	438	0	41264
7783	722	113	272	43454	0	44561
7784	42569	112	234	779	0	43694
7785	42722	127	176	399	0	43424
7786	42650	145	160	343	0	43298
7787	871	202	42649	261	0	43983
7788	352	42192	666	263	0	43473
7789	254	606	207	41255	0	42322
7790	196	317	41281	643	0	42437
7791	226	243	40184	300	0	40953
7792	233	280	629	38121	0	39263
7793	142	38856	270	599	0	39867
7794	39205	532	158	399	0	40294
7795	39825	223	113	379	0	40540
7796	40109	163	93	341	0	40706
7797	39514	122	118	322	0	40076
7798	728	194	39157	278	0	40357
7799	37855	136	493	325	0	38809
7800	623	40261	247	283	0	41414
7801	304	508	155	40834	0	41801
7802	296	184	142	41462	0	42084
7803	41303	132	159	786	0	42380
7804	678	88	123	41289	0	42178
7805	338	136	39935	674	0	41083
7806	37521	88	524	363	0	38496
7807	39538	77	228	345	0	40188
7808	39372	73	221	309	0	39975
7809	758	144	39166	218	0	40286
7810	35490	90	471	268	0	36319
7811	544	37218	298	221	0	38281
7812	38013	395	221	232	0	38861
7813	583	224	172	37162	0	38141
7814	300	160	132	37162	0	37754
7815	222	36984	175	594	0	37975
7816	237	465	117	36735	0	37554
7817	216	36965	138	508	0	37827
7818	265	504	105	36290	0	37164
7819	216	36285	138	524	0	37163
7820	259	448	94	36243	0	37044
7821	230	36733	141	497	0	37601
7822	263	470	98	38071	0	38902
7823	184	38934	137	618	0	39873
7824	42088	546	74	341	0	43049
7825	767	191	75	42715	0	43748
7826	387	190	89	43294	0	43960
7827	294	90	86	45062	0	45532
7828	253	103	70	45267	0	45693
7829	209	183	44938	1139	0	46469
7830	268	97	755	45253	0	46373
7831	258	80	298	46264	0	46900
7832	45459	105	141	1147	0	46852
7833	44782	107	116	496	0	45501
7834	1085	46542	142	361	0	48130
7835	506	794	85	46951	0	48336
7836	327	303	85	50739	0	51454
7837	52255	175	87	1396	0	53913
7838	1245	200	49437	530	0	51412
7839	48652	124	916	354	0	50046
7840	1158	51507	353	265	0	53283
7841	48437	906	83	156	0	49582
7842	47938	274	102	170	0	48484
7843	1129	47762	105	158	0	49154
7844	358	49814	122	128	0	50422
7845	352	1202	123	47267	0	48944
7846	151	330	47080	916	0	48477
7847	45473	159	863	354	0	46849
7848	955	134	47143	178	0	48410
7849	45435	75	918	162	0	46590
7850	1080	105	47020	142	0	48347
7851	291	46533	963	155	0	47942
7852	203	867	258	46633	0	47961
7853	45814	249	115	968	0	47146
7854	46915	107	93	357	0	47472
7855	1216	76	71	47035	0	48398
7856	48553	78	57	993	0	49681
7857	48594	90	54	384	0	49122
7858	1222	47962	136	206	0	49526
7859	48442	945	56	209	0	49652
7860	1091	49028	115	150	0	50384
7861	460	997	61	48528	0	50046
7862	48611	262	73	1062	0	50008
7863	49656	150	59	368	0	50233
7864	49193	129	68	210	0	49600
7865	1332	174	49001	126	0	50633
7866	434	168	50030	137	0	50769
7867	297	97	1243	50371	0	52008
7868	262	101	360	52685	0	53408
7869	196	55914	240	1368	0	57718
7870	56125	1219	129	479	0	57952
7871	1406	419	120	56251	0	58196
7872	564	193	110	57707	0	58574
7873	322	187	57075	1666	0	59250
7874	238	55740	1295	614	0	57887
7875	246	58158	463	334	0	59201
7876	325	1554	145	57797	0	59821
7877	57758	519	104	1467	0	59848
7878	1458	229	128	57444	0	59259
7879	595	172	136	59378	0	60281
7880	58511	172	132	1815	0	60630
7881	59468	172	135	745	0	60520
7882	1891	144	118	58914	0	61067
7883	804	224	58500	1518	0	61046
7884	496	189	1293	59132	0	61110
7885	450	135	461	60546	0	61592
7886	59562	144	230	1966	0	61902
7887	1633	140	162	60137	0	62072
7888	60411	147	181	1766	0	62505
7889	1700	233	60463	787	0	63183
7890	806	209	1359	62294	0	64668
7891	550	234	499	64343	0	65626
7892	493	201	258	65116	0	66068
7893	493	237	167	64502	0	65399
7894	492	263	216	64053	0	65024
7895	404	298	61648	2229	0	64579
7896	60223	206	1520	984	0	62933
7897	1809	222	576	62142	0	64749
7898	806	274	61403	1868	0	64351
7899	565	298	61992	954	0	63809
7900	568	249	1879	60916	0	63612
7901	60846	244	679	1883	0	63652
7902	61480	252	335	1008	0	63075
7903	62443	258	296	715	0	63712
7904	2357	275	345	57305	0	60282
7905	1015	60597	354	1842	0	63808
7906	61963	1544	327	985	0	64819
7907	62850	633	286	662	0	64431
7908	62871	419	272	626	0	64188
7909	62527	300	264	700	0	63791
7910	2479	297	248	60667	0	63691
7911	1142	325	60107	2006	0	63580
7912	851	236	1578	60014	0	62679
7913	715	295	60297	2103	0	63410
7914	59453	190	1698	1107	0	62448
7915	61194	154	681	908	0	62937
7916	2320	189	59710	789	0	63008
7917	59024	177	1658	879	0	61738
7918	62230	181	740	915	0	64066
7919	2426	187	457	59373	0	62443
7920	1170	60423	451	2004	0	64048
7921	60832	1436	349	1122	0	63739
7922	2105	806	380	56902	0	60193
7923	1061	57097	360	1839	0	60357
7924	790	1300	251	55569	0	57910
7925	632	468	55747	1761	0	58608
7926	634	56154	1306	928	0	59022
7927	54902	1237	556	783	0	57478
7928	55071	501	405	710	0	56687
7929	54229	189	317	591	0	55326
7930	54611	108	333	619	0	55671
7931	1760	308	313	51713	0	54094
7932	857	52526	393	1367	0	55143
7933	49725	991	370	783	0	51869
7934	1537	383	51088	543	0	53551
7935	850	49365	1163	508	0	51886
7936	672	780	46419	462	0	48333
7937	620	306	899	40938	0	42763
7938	529	38915	431	893	0	40768
7939	551	680	280	43574	0	45085
7940	554	375	45428	986	0	47343
7941	600	193	801	43282	0	44876
7942	558	135	396	45842	0	46931
7943	518	164	270	46753	0	47705
7944	44377	166	255	1215	0	46013
7945	1056	44993	306	684	0	47039
7946	710	690	262	45284	0	46946
7947	44369	321	266	1017	0	45973
7948	1045	44765	284	659	0	46753
7949	44580	690	271	524	0	46065
7950	1132	412	45300	455	0	47299
7951	784	261	780	42733	0	44558
7952	647	45069	454	891	0	47061
7953	44763	766	314	503	0	46346
7954	1167	430	44136	400	0	46133
7955	746	41706	850	394	0	43696
7956	621	703	379	41733	0	43436
7957	487	376	266	42645	0	43774
7958	41831	256	231	1007	0	43325
7959	960	231	270	41685	0	43146
7960	611	257	40903	863	0	42634
7961	595	197	638	39817	0	41247
7962	511	239	41787	823	0	43360
7963	549	327	675	38362	0	39913
7964	470	41459	401	746	0	43076
7965	41112	628	261	494	0	42495
7966	39641	310	231	397	0	40579
7967	885	38519	293	318	0	40015
7968	365	36421	202	228	0	37216
7969	587	381	251	34451	0	35670
7970	34338	128	111	419	0	34996
7971	486	117	138	34137	0	34878
7972	33828	108	85	402	0	34423
7973	400	33438	126	171	0	34135
7974	268	299	86	34155	0	34808
7975	219	182	35125	335	0	35861
7976	218	133	309	34030	0	34690
7977	191	115	147	35343	0	35796
7978	36029	109	86	516	0	36740
7979	343	37327	119	207	0	37996
7980	173	318	84	37379	0	37954
7981	36720	137	88	387	0	37332
7982	356	163	37384	194	0	38097
7983	34826	83	276	234	0	35419
7984	412	239	112	37476	0	38239
7985	193	38998	123	318	0	39632
7986	38319	290	88	216	0	38913
7987	374	136	39376	121	0	40007
7988	170	119	38503	102	0	38894
7989	131	38908	334	104	0	39477
7990	36731	162	323	98	0	37314
7991	185	42	42	36870	0	37139
7992	80	32	18	37036	0	37166
7993	37013	21	18	275	0	37327
7994	218	65	37559	75	0	37917
7995	89	23	190	37501	0	37803
7996	65	96	39465	214	0	39840
7997	41	26	224	38685	0	38976
7998	31	40450	115	227	0	40823
7999	57	236	37	41086	0	41416
8000	46	133	40617	268	0	41064
8001	37904	48	259	147	0	38358
8002	278	33	69	41623	0	42003
8003	104	75	41689	282	0	42150
8004	70	24	267	40256	0	40617
8005	61	36	93	41575	0	41765
8006	51	73	41056	345	0	41525
8007	56	71	41378	132	0	41637
8008	68	23	346	41676	0	42113
8009	85	97	42535	306	0	43023
8010	40114	36	326	174	0	40650
8011	318	46	104	43052	0	43520
8012	42433	22	69	376	0	42900
8013	349	85	42634	147	0	43215
8014	161	35	326	42709	0	43231
8015	87	82	46589	366	0	47124
8016	43	45829	391	222	0	46485
8017	80	371	46461	84	0	46996
8018	70	156	44498	87	0	44811
8019	41617	53	437	132	0	42239
8020	45219	39	158	111	0	45527
8021	457	82	46741	117	0	47397
8022	188	53	406	41904	0	42551
8023	121	43	149	46470	0	46783
8024	97	84	47442	466	0	48089
8025	41	45451	458	229	0	46179
8026	43986	357	168	153	0	44664
8027	406	167	46579	78	0	47230
8028	181	49	413	46108	0	46751
8029	121	27	161	47843	0	48152
8030	48629	40	98	608	0	49375
8031	49179	38	90	257	0	49564
8032	49335	29	94	191	0	49649
8033	49674	24	77	167	0	49942
8034	557	36	96	49290	0	49979
8035	218	117	51682	470	0	52487
8036	127	31	476	50826	0	51460
8037	120	40	192	52291	0	52643
8038	137	25	107	53686	0	53955
8039	86	86	52766	630	0	53568
8040	46988	42	526	284	0	47840
8041	541	30	189	52168	0	52928
8042	218	95	53398	565	0	54276
8043	120	54595	576	216	0	55507
8044	142	470	204	55444	0	56260
8045	132	161	138	56125	0	56556
8046	54906	59	113	735	0	55813
8047	530	56492	155	315	0	57492
8048	230	558	56422	168	0	57378
8049	178	152	562	55391	0	56283
8050	157	60	200	56027	0	56444
8051	55493	33	122	704	0	56352
8052	55103	61	99	323	0	55586
8053	725	46	95	56329	0	57195
8054	55946	56	127	661	0	56790
8055	587	55339	162	289	0	56377
8056	298	553	58599	214	0	59664
8057	219	154	589	57886	0	58848
8058	160	78	240	60362	0	60840
8059	179	62	149	60643	0	61033
8060	180	48	127	59462	0	59817
8061	127	59001	206	779	0	60113
8062	57779	508	117	392	0	58796
8063	627	171	117	57561	0	58476
8064	258	60677	171	668	0	61774
8065	60865	502	103	371	0	61841
8066	60277	198	130	273	0	60878
8067	683	62630	200	211	0	63724
8068	312	561	120	64129	0	65122
8069	239	202	125	64768	0	65334
8070	236	108	100	63819	0	64263
8071	242	76	102	64967	0	65387
8072	66009	64	115	887	0	67075
8073	66949	68	123	454	0	67594
8074	904	68301	174	333	0	69712
8075	323	784	67783	231	0	69121
8076	277	225	796	66921	0	68219
8077	68838	110	237	935	0	70120
8078	848	67380	228	454	0	68910
8079	294	67931	174	286	0	68685
8080	69311	930	118	323	0	70682
8081	69975	288	125	284	0	70672
8082	1179	148	95	69268	0	70690
8083	420	203	69981	1018	0	71622
8084	321	250	70538	384	0	71493
8085	72193	169	1073	411	0	73846
8086	76157	138	332	362	0	76989
8087	75481	113	159	359	0	76112
8088	75146	124	138	361	0	75769
8089	74886	93	136	358	0	75473
8090	1159	75501	194	356	0	77210
8091	559	882	114	72065	0	73620
8092	306	79519	183	899	0	80907
8093	80817	898	163	477	0	82355
8094	80254	309	132	432	0	81127
8095	80003	187	111	358	0	80659
8096	79908	121	90	328	0	80447
8097	1095	79408	185	272	0	80960
8098	78424	776	100	385	0	79685
8099	940	79195	166	310	0	80611
8100	517	892	116	79422	0	80947
8101	78849	242	89	976	0	80156
8102	950	304	81112	367	0	82733
8103	477	181	725	79329	0	80712
8104	404	188	229	83165	0	83986
8105	355	298	82706	1000	0	84359
8106	320	83215	825	525	0	84885
8107	82895	793	264	402	0	84354
8108	82074	292	189	320	0	82875
8109	1035	82500	190	429	0	84154
8110	515	809	136	81926	0	83386
8111	486	413	85867	811	0	87577
8112	341	90135	818	363	0	91657
8113	89043	846	264	452	0	90605
8114	1009	450	90508	191	0	92158
8115	79570	253	712	344	0	80879
8116	87334	185	216	359	0	88094
8117	1146	326	92552	262	0	94286
8118	504	92985	820	248	0	94557
8119	496	829	264	92182	0	93771
8120	425	394	95191	739	0	96749
8121	86070	219	742	459	0	87490
8122	93174	143	226	449	0	93992
8123	1018	94435	215	316	0	95984
8124	549	683	135	93872	0	95239
8125	444	308	122	95862	0	96736
8126	442	385	96395	849	0	98071
8127	350	97458	756	441	0	99005
8128	101537	752	209	605	0	103103
8129	102355	274	148	452	0	103229
8130	102941	226	133	406	0	103706
8131	1006	359	102316	202	0	103883
8132	97630	193	606	358	0	98787
8133	103105	189	239	339	0	103872
8134	1006	205	159	103687	0	105057
8135	516	346	101430	638	0	102930
8136	439	208	611	99965	0	101223
8137	449	339	102284	687	0	103759
8138	398	277	631	98332	0	99638
8139	275	101450	375	697	0	102797
8140	264	106330	290	337	0	107221
8141	363	750	180	106939	0	108232
8142	361	356	144	104071	0	104932
8143	103124	173	139	976	0	104412
8144	810	305	104164	274	0	105553
8145	96727	187	630	435	0	97979
8146	749	105532	337	250	0	106868
8147	105593	633	189	342	0	106757
8148	105723	254	171	311	0	106459
8149	928	170	162	105387	0	106647
8150	534	309	109328	667	0	110838
8151	476	161	662	107564	0	108863
8152	325	115263	366	685	0	116639
8153	347	822	188	115515	0	116872
8154	350	311	135	116968	0	117764
8155	114800	170	152	1218	0	116340
8156	969	172	144	113048	0	114333
8157	481	111875	256	870	0	113482
8158	391	785	124	113700	0	115000
8159	114235	327	115	1079	0	115756
8160	896	116030	239	518	0	117683
8161	507	998	145	118499	0	120149
8162	372	381	152	119493	0	120398
8163	378	217	119	126435	0	127149
8164	369	155	131	125828	0	126483
8165	125985	175	119	1833	0	128112
8166	1494	148	142	127661	0	129445
8167	606	127	162	130001	0	130896
8168	435	290	134	130574	0	131433
8169	262	133273	285	1939	0	135759
8170	130361	1523	225	853	0	132962
8171	1787	621	132873	377	0	135658
8172	502	129768	1570	403	0	132243
8173	124541	1413	471	392	0	126817
8174	1549	631	129908	226	0	132314
8175	454	129493	1472	284	0	131703
8176	424	1789	487	124585	0	127285
8177	162	129943	388	1303	0	131796
8178	268	1510	128505	396	0	130679
8179	301	616	129481	289	0	130687
8180	82	129405	1677	322	0	131486
8181	128701	1273	507	318	0	130799
8182	128124	393	256	332	0	129105
8183	1574	372	125671	182	0	127799
8184	575	299	118735	203	0	119812
8185	318	318	122868	187	0	123691
8186	261	145	1684	119792	0	121882
8187	227	101	500	121667	0	122495
8188	233	89	216	125181	0	125719
8189	191	331	126801	1825	0	129148
8190	300	132	1379	120476	0	122287
8191	240	100	423	126464	0	127227
8192	197	336	123925	1834	0	126292
8193	112829	160	1546	898	0	115433
8194	1636	143	503	127295	0	129577
8195	664	187	292	125025	0	126168
8196	316	128655	346	1986	0	131303
8197	128101	1536	338	844	0	130819
8198	1697	770	128402	383	0	131252
8199	125104	305	1628	474	0	127511
8200	1842	230	598	127999	0	130669
8201	704	551	129683	1729	0	132667
8202	499	217	1716	127066	0	129498
8203	128616	236	692	2143	0	131687
8204	1784	396	128503	694	0	131377
8205	124251	195	1815	647	0	126908
8206	128159	220	718	511	0	129608
8207	129702	157	470	526	0	130855
8208	2226	128044	530	506	0	131306
8209	980	1717	323	130623	0	133643
8210	135058	582	377	2072	0	138089
8211	134212	310	354	942	0	135818
8212	136118	218	348	707	0	137391
8213	2852	418	130285	441	0	133996
8214	136002	229	2092	568	0	138891
8215	2701	160	940	144869	0	148670
8216	1128	409	144042	2756	0	148335
8217	764	196	2656	145619	0	149235
8218	622	188	985	148377	0	150172
8219	594	448	148295	3839	0	153176
8220	642	167	3052	147823	0	151684
8221	580	196	1192	154017	0	155985
8222	522	453	169543	4263	0	174781
8223	174282	207	3933	1984	0	180406
8224	190750	173	1749	1128	0	193800
8225	5821	183	995	194289	0	201288
8226	2463	485	193040	4811	0	200799
8227	1602	241	4666	186197	0	192706
8228	1014	187854	2057	5199	0	196124
8229	1252	4238	1065	187017	0	193572
8230	1084	1508	773	191721	0	195086
8231	188770	779	682	6607	0	196838
8232	190224	485	684	3089	0	194482
8233	193366	459	625	1982	0	196432
8234	7115	463	591	188450	0	196619
8235	3382	356	553	193190	0	197481
8236	2115	690	187415	6728	0	196948
8237	1928	438	4726	179686	0	186778
8238	1494	187300	2269	5806	0	196869
8239	187103	4413	1358	2898	0	195772
8240	5205	184832	1285	2509	0	193831
8241	186888	4929	954	2186	0	194957
8242	5953	1973	1115	172771	0	181812
8243	2530	182712	1238	5555	0	192035
8244	183849	4827	970	3049	0	192695
8245	185103	1973	1072	2322	0	190470
8246	6966	1200	925	180668	0	189759
8247	3294	182449	1225	5964	0	192932
8248	2590	4881	1014	183214	0	191699
8249	2070	2206	181357	6396	0	192029
8250	174725	1229	5054	3383	0	184391
8251	5733	178393	2446	2673	0	189245
8252	175156	4732	1464	2257	0	183609
8253	6284	2034	1067	175379	0	184764
8254	178184	1315	1064	6158	0	186721
8255	6621	1099	182502	3176	0	193398
8256	186567	856	5272	2776	0	195471
8257	189719	825	2226	2353	0	195123
8258	8378	1028	187472	2340	0	199218
8259	4593	737	5644	184241	0	195215
8260	3439	721	2530	188541	0	195231
8261	181273	893	1756	8292	0	192214
8262	6663	181223	1743	4430	0	194059
8263	3605	5995	1285	175019	0	185904
8264	2871	2552	173344	6539	0	185306
8265	2671	1675	173080	3815	0	181241
8266	2423	168705	6280	3056	0	180464
8267	3065	5178	168030	2404	0	178677
8268	160433	2716	6007	2551	0	171707
8269	6031	1759	2591	156698	0	167079
8270	161732	1207	1804	5950	0	170693
8271	6135	1576	159644	3314	0	170669
8272	3576	1289	5087	158782	0	168734
8273	2821	1412	2418	162897	0	169548
8274	2545	1555	157816	6864	0	168780
8275	2754	1261	5124	158195	0	167334
8276	156902	1330	2356	6473	0	167061
8277	159918	1144	1828	3556	0	166446
8278	7714	1055	1362	156711	0	166842
8279	157150	1030	1289	6266	0	165735
8280	158087	889	1221	3598	0	163795
8281	7653	152352	1492	3037	0	164534
8282	4720	4542	1306	153478	0	164046
8283	155499	2064	1316	6159	0	165038
8284	6770	1440	1419	155345	0	164974
8285	154026	1191	1334	6520	0	163071
8286	7038	1206	1308	151720	0	161272
8287	4206	1330	152045	6567	0	164148
8288	3216	151008	5242	3897	0	163363
8289	3500	4963	2697	123427	0	134587
8290	2892	148631	2356	5231	0	159110
8291	145322	5093	2041	3165	0	155621
8292	5839	143149	2103	2744	0	153835
8293	3449	144134	2142	2367	0	152092
8294	3245	5970	1647	140764	0	151626
8295	141068	2909	1645	6101	0	151723
8296	6058	1930	1512	140892	0	150392
8297	140388	1550	1492	6668	0	150098
8298	139699	1606	1492	4041	0	146838
8299	6902	138731	1803	3283	0	150719
8300	141937	4794	1746	2787	0	151264
8301	143085	2338	1579	2652	0	149654
8302	143238	1649	1645	2451	0	148983
8303	8427	1526	135181	2190	0	147324
8304	5012	1309	4820	133509	0	144650
8305	4253	1149	2477	137838	0	145717
8306	3600	1175	133652	6955	0	145382
8307	134052	1033	4936	4070	0	144091
8308	138605	845	2530	3456	0	145436
8309	136739	888	1910	3025	0	142562
8310	130459	835	1465	2922	0	135681
8311	7798	124655	1583	2912	0	136948
8312	123140	3813	1206	2394	0	130553
8313	7214	1792	995	120438	0	130439
8314	4225	1524	109588	4939	0	120276
8315	105931	967	3241	2690	0	112829
8316	5509	106849	1753	2340	0	116451
8317	99788	3337	1090	1722	0	105937
8318	5127	98548	914	1837	0	106426
8319	2996	95448	910	1749	0	101103
8320	2538	93888	1063	1735	0	99224
8321	2503	91816	1456	1723	0	97498
8322	2270	3269	71366	1553	0	78458
8323	2112	4527	2647	56829	0	66115
8324	994	700	52221	2020	0	55935
8325	42956	476	1446	932	0	45810
8326	1471	43772	684	938	0	46865
8327	828	44892	440	723	0	46883
8328	843	1621	375	42689	0	45528
8329	829	864	208	43949	0	45850
8330	704	785	42756	1521	0	45766
8331	661	686	43090	773	0	45210
8332	800	501	1323	42281	0	44905
8333	741	468	42822	1478	0	45509
8334	832	42234	1319	850	0	45235
8335	1007	1182	532	40938	0	43659
8336	1042	587	334	45110	0	47073
8337	1017	436	43744	1578	0	46775
8338	1085	251	1119	42645	0	45100
8339	43260	243	509	1455	0	45467
8340	1743	263	463	42572	0	45041
8341	967	227	434	43027	0	44655
8342	731	258	41708	1927	0	44624
8343	39527	225	1267	1006	0	42025
8344	1665	41651	677	710	0	44703
8345	1282	1059	266	41375	0	43982
8346	1151	522	41232	1219	0	44124
8347	1099	418	1032	40868	0	43417
8348	41238	447	373	1342	0	43400
8349	1779	493	40944	646	0	43862
8350	1066	412	1054	40527	0	43059
8351	747	394	41212	1387	0	43740
8352	730	40802	1234	815	0	43581
8353	761	1196	39519	559	0	42035
8354	548	38240	1217	440	0	40445
8355	384	750	29783	242	0	31159
8356	323	761	602	23545	0	25231
8357	123	25706	281	389	0	26499
8358	24373	382	79	180	0	25014
8359	399	180	52	24545	0	25176
8360	24949	95	61	422	0	25527
8361	462	72	56	25686	0	26276
8362	215	75	48	26256	0	26594
8363	25820	58	47	545	0	26470
8364	26091	52	51	246	0	26440
8365	594	57	53	26880	0	27584
8366	253	81	27555	492	0	28381
8367	165	27377	461	210	0	28213
8368	149	441	27797	116	0	28503
8369	103	28154	488	127	0	28872
8370	27481	441	209	135	0	28266
8371	471	165	27391	84	0	28111
8372	218	94	27339	95	0	27746
8373	112	54	541	26231	0	26938
8374	27040	54	192	480	0	27766
8375	473	80	28435	196	0	29184
8376	199	30314	479	112	0	31104
8377	31154	426	172	112	0	31864
8378	31886	153	85	148	0	32272
8379	32223	75	84	132	0	32514
8380	32460	79	83	109	0	32731
8381	32172	74	73	108	0	32427
8382	613	115	32077	84	0	32889
8383	247	164	409	29668	0	30488
8384	110	31300	205	384	0	31999
8385	31484	406	96	175	0	32161
8386	414	31839	103	117	0	32473
8387	30323	366	67	92	0	30848
8388	30317	110	54	95	0	30576
8389	440	30329	86	97	0	30952
8390	30742	353	60	116	0	31271
8391	417	125	63	30786	0	31391
8392	180	64	58	31273	0	31575
8393	117	71	30792	457	0	31437
8394	85	31545	402	196	0	32228
8395	108	402	152	31239	0	31901
8396	119	138	99	31985	0	32341
8397	129	80	74	32107	0	32390
8398	81	91	31279	490	0	31941
8399	28131	55	379	229	0	28794
8400	427	57	157	31266	0	31907
8401	31349	43	106	451	0	31949
8402	455	79	80	31358	0	31972
8403	202	83	31999	416	0	32700
8404	144	97	32041	168	0	32450
8405	29178	69	493	155	0	29895
8406	32397	51	195	114	0	32757
8407	482	31996	153	84	0	32715
8408	223	393	31975	86	0	32677
8409	171	133	377	30890	0	31571
8410	193	209	227	26480	0	27109
8411	33250	57	109	497	0	33913
8412	33182	69	82	203	0	33536
8413	33106	54	71	171	0	33402
8414	530	85	32634	93	0	33342
8415	32633	65	376	167	0	33241
8416	479	46	159	33699	0	34383
8417	252	57	83	33945	0	34337
8418	189	53	68	33924	0	34234
8419	116	33608	130	471	0	34325
8420	33055	357	86	236	0	33734
8421	423	135	84	33052	0	33694
8422	212	135	32933	400	0	33680
8423	183	74	362	32044	0	32663
8424	117	32929	210	392	0	33648
8425	33176	347	119	239	0	33881
8426	444	137	91	33058	0	33730
8427	246	97	85	32753	0	33181
8428	198	95	33222	494	0	34009
8429	166	69	371	32352	0	32958
8430	136	33465	185	424	0	34210
8431	162	336	107	33951	0	34556
8432	161	191	34070	417	0	34839
8433	29286	73	368	269	0	29996
8434	32858	54	156	169	0	33237
8435	451	33582	157	129	0	34319
8436	31984	241	74	126	0	32425
8437	32876	98	66	108	0	33148
8438	374	32977	88	115	0	33554
8439	194	311	47	33280	0	33832
8440	33852	82	62	368	0	34364
8441	317	35218	92	132	0	35759
8442	162	335	35511	92	0	36100
8443	34207	76	388	126	0	34797
8444	36718	76	109	108	0	37011
8445	36801	54	58	128	0	37041
8446	36792	45	45	127	0	37009
8447	453	38236	79	131	0	38899
8448	38664	323	74	135	0	39196
8449	39413	97	48	123	0	39681
8450	39635	55	38	121	0	39849
8451	491	39	38	39795	0	40363
8452	39538	43	38	457	0	40076
8453	389	41056	75	168	0	41688
8454	150	449	42637	93	0	43329
8455	150	138	457	43502	0	44247
8456	43728	60	120	594	0	44502
8457	587	101	44692	148	0	45528
8458	197	43	526	44489	0	45255
8459	138	102	44830	594	0	45664
8460	104	44723	581	220	0	45628
8461	120	529	110	44030	0	44789
8462	137	148	44465	547	0	45297
8463	75	44572	566	138	0	45351
8464	214	544	127	43799	0	44684
8465	45048	97	142	616	0	45903
8466	45390	61	38	201	0	45690
8467	45818	28	44	169	0	46059
8468	45676	36	41	107	0	45860
8469	45488	45	47	117	0	45697
8470	711	97	45657	58	0	46523
8471	45168	31	483	109	0	45791
8472	47333	39	107	118	0	47597
8473	661	58	78	46892	0	47689
8474	47081	42	43	550	0	47716
8475	45401	49	45	175	0	45670
8476	585	43951	99	138	0	44773
8477	217	487	50	44038	0	44792
8478	180	128	43	44600	0	44951
8479	43900	69	45	638	0	44652
8480	557	43790	106	217	0	44670
8481	206	45004	114	130	0	45454
8482	196	611	72	45509	0	46388
8483	173	157	65	46079	0	46474
8484	202	76	54	45633	0	45965
8485	187	69	49	46232	0	46537
8486	44885	65	44	755	0	45749
8487	44367	65	48	252	0	44732
8488	738	120	45510	130	0	46498
8489	304	83	542	44173	0	45102
8490	224	57	129	45573	0	45983
8491	185	129	44962	667	0	45943
8492	41137	74	573	288	0	42072
8493	638	44644	186	169	0	45637
8494	44218	543	81	143	0	44985
8495	734	132	71	44108	0	45045
8496	256	157	44788	618	0	45819
8497	236	79	548	45084	0	45947
8498	225	122	47391	647	0	48385
8499	177	48227	625	215	0	49244
8500	47311	538	194	253	0	48296
8501	47692	135	107	183	0	48117
8502	700	47909	133	162	0	48904
8503	296	540	66	46869	0	47771
8504	46137	146	81	622	0	46986
8505	619	46198	129	224	0	47170
8506	306	557	53	46483	0	47399
8507	46511	132	68	654	0	47365
8508	661	189	46272	212	0	47334
8509	43967	84	551	275	0	44877
8510	640	46695	202	176	0	47713
8511	46659	545	106	203	0	47513
8512	46476	138	95	199	0	46908
8513	743	174	46272	161	0	47350
8514	337	94	558	44147	0	45136
8515	289	92	149	46543	0	47073
8516	216	165	46114	686	0	47181
8517	241	103	561	44580	0	45485
8518	256	111	175	43941	0	44483
8519	46518	67	111	770	0	47466
8520	46738	58	123	306	0	47225
8521	738	85	110	46221	0	47154
8522	330	159	46333	631	0	47453
8523	276	71	567	46138	0	47052
8524	232	88	171	47045	0	47536
8525	220	153	47387	708	0	48468
8526	247	100	558	47552	0	48457
8527	47047	92	162	718	0	48019
8528	47085	83	109	322	0	47599
8529	709	47106	165	223	0	48203
8530	47780	550	85	273	0	48688
8531	47385	161	79	248	0	47873
8532	735	48435	150	205	0	49525
8533	49018	544	83	249	0	49894
8534	49076	148	90	217	0	49531
8535	50118	113	79	221	0	50531
8536	842	139	49096	170	0	50247
8537	47708	67	555	214	0	48544
8538	759	86	158	49511	0	50514
8539	49416	64	93	744	0	50317
8540	727	151	48843	246	0	49967
8541	241	47790	631	208	0	48870
8542	47559	528	161	191	0	48439
8543	605	49442	185	150	0	50382
8544	257	543	72	48906	0	49778
8545	198	142	70	50075	0	50485
8546	49751	104	76	720	0	50651
8547	48379	55	84	308	0	48826
8548	729	119	48299	200	0	49347
8549	232	130	45128	144	0	45634
8550	169	124	46263	118	0	46674
8551	159	293	592	44978	0	46022
8552	153	104	45954	527	0	46738
8553	152	95	44382	154	0	44783
8554	534	1059	488	40549	0	42630
8555	44153	44	214	514	0	44925
8556	44609	30	65	209	0	44913
8557	44928	24	39	157	0	45148
8558	44782	27	72	136	0	45017
8559	419	26	54	45008	0	45507
8560	177	37	58	45548	0	45820
8561	137	100	46769	372	0	47378
8562	116	32	319	45677	0	46144
8563	127	53	158	44764	0	45102
8564	47722	22	78	514	0	48336
8565	47447	32	54	219	0	47752
8566	518	39	58	46931	0	47546
8567	47428	33	63	462	0	47986
8568	47869	25	68	227	0	48189
8569	559	28	63	47814	0	48464
8570	256	28	61	47339	0	47684
8571	138	102	46613	551	0	47404
8572	120	103	46065	215	0	46503
8573	140	72	491	46487	0	47190
8574	130	45	187	47745	0	48107
8575	142	86	47789	493	0	48510
8576	44702	36	415	273	0	45426
8577	46283	37	160	206	0	46686
8578	588	75	46642	144	0	47449
8579	230	46494	430	137	0	47291
8580	47262	294	186	235	0	47977
8581	465	225	51114	126	0	51930
8582	264	97	398	50012	0	50771
8583	183	34	195	52142	0	52554
8584	54861	29	130	689	0	55709
8585	59038	30	105	469	0	59642
8586	603	35	104	59281	0	60023
8587	314	35	66	63357	0	63772
8588	63316	34	83	695	0	64128
8589	63478	26	95	353	0	63952
8590	62826	36	88	251	0	63201
8591	773	130	64031	125	0	65059
8592	358	29	523	63824	0	64734
8593	187	27	209	66046	0	66469
8594	65590	17	159	807	0	66573
8595	611	66078	206	379	0	67274
8596	71395	493	120	279	0	72287
8597	892	72021	198	226	0	73337
8598	409	803	110	73327	0	74649
8599	290	216	96	74348	0	74950
8600	253	182	73611	1220	0	75266
8601	332	69	964	73117	0	74482
8602	244	166	73938	1130	0	75478
8603	265	63	1025	73949	0	75302
8604	250	66	299	73843	0	74458
8605	176	71955	300	1271	0	73702
8606	200	75162	241	534	0	76137
8607	294	1205	118	71773	0	73390
8608	333	320	135	75898	0	76686
8609	298	114	119	76651	0	77182
8610	257	75	118	77744	0	78194
8611	284	80	125	78684	0	79173
8612	301	230	77045	1491	0	79067
8613	300	96	1135	76002	0	77533
8614	281	86	326	78199	0	78892
8615	655	152	75516	1553	0	77876
8616	206	75298	1213	804	0	77521
8617	254	1056	328	75703	0	77341
8618	302	355	75591	1336	0	77584
8619	217	76143	1246	602	0	78208
8620	328	1099	321	75921	0	77669
8621	77806	275	224	1470	0	79775
8622	1328	213	174	77663	0	79378
8623	506	147	150	78862	0	79665
8624	380	152	171	79720	0	80423
8625	304	146	197	77658	0	78305
8626	193	76104	265	1744	0	78306
8627	289	1118	167	77663	0	79237
8628	79535	321	164	1828	0	81848
8629	1325	217	175	80534	0	82251
8630	530	194	173	80380	0	81277
8631	359	154	190	81555	0	82258
8632	77950	170	181	1927	0	80228
8633	78476	181	194	1016	0	79867
8634	1566	151	216	79162	0	81095
8635	76387	160	221	1639	0	78407
8636	76624	154	188	895	0	77861
8637	1269	77157	326	750	0	79502
8638	76105	1062	147	717	0	78031
8639	1107	76766	258	573	0	78704
8640	376	77197	247	621	0	78441
8641	379	1236	177	78011	0	79803
8642	274	508	79446	1538	0	81766
8643	258	340	1057	76449	0	78104
8644	301	193	348	77507	0	78349
8645	186	77610	369	1643	0	79808
8646	77193	1081	199	907	0	79380
8647	1141	348	177	78176	0	79842
8648	411	398	82636	1517	0	84962
8649	360	266	1032	81557	0	83215
8650	169	85486	440	1629	0	87724
8651	86265	1104	236	967	0	88572
8652	1245	403	166	87145	0	88959
8653	439	520	89886	1647	0	92492
8654	432	230	1071	89191	0	90924
8655	260	89121	467	1652	0	91500
8656	299	1231	222	90761	0	92513
8657	97214	402	201	1962	0	99779
8658	99575	302	180	1232	0	101289
8659	100616	259	231	1001	0	102107
8660	1923	102642	357	876	0	105798
8661	103698	1555	261	873	0	106387
8662	1881	566	198	104597	0	107242
8663	103205	373	222	2279	0	106079
8664	1752	105103	325	1166	0	108346
8665	713	1728	178	107077	0	109696
8666	449	763	107079	2201	0	110492
8667	98330	439	1637	1232	0	101638
8668	1666	107821	587	1015	0	111089
8669	705	1752	280	108509	0	111246
8670	505	576	202	111524	0	112807
8671	447	374	164	110495	0	111480
8672	452	348	183	106537	0	107520
8673	308	108734	366	2550	0	111958
8674	109275	1746	190	1304	0	112515
8675	109612	583	229	992	0	111416
8676	2241	568	111029	774	0	114612
8677	992	350	1647	111217	0	114206
8678	610	492	112487	2187	0	115776
8679	109166	312	1778	1233	0	112489
8680	112729	331	535	933	0	114528
8681	109140	307	303	859	0	110609
8682	2480	300	184	104433	0	107397
8683	894	106305	349	2078	0	109626
8684	107038	1786	150	1051	0	110025
8685	2173	667	169	104064	0	107073
8686	103838	414	339	2366	0	106957
8687	2136	479	100754	957	0	104326
8688	921	450	100149	705	0	102225
8689	101303	298	1894	682	0	104177
8690	2132	283	579	102519	0	105513
8691	101164	265	309	2240	0	103978
8692	2061	102021	415	905	0	105402
8693	102408	1783	252	871	0	105314
8694	103694	639	233	761	0	105327
8695	2445	568	102350	528	0	105891
8696	818	372	94852	391	0	96433
8697	527	95570	1784	437	0	98318
8698	821	1454	809	94031	0	97115
8699	95430	431	464	1595	0	97920
8700	1566	289	147	94987	0	96989
8701	795	247	147	98041	0	99230
8702	635	352	95728	1680	0	98395
8703	92027	230	1271	857	0	94385
8704	1692	273	476	98292	0	100733
8705	818	397	97651	1463	0	100329
8706	671	364	96557	603	0	98195
8707	607	481	1522	96462	0	99072
8708	520	411	97645	1478	0	100054
8709	548	426	97162	651	0	98787
8710	650	326	1605	86346	0	88927
8711	573	389	98036	1453	0	100451
8712	595	247	1352	93269	0	95463
8713	417	95533	666	1497	0	98113
8714	98420	1274	315	901	0	100910
8715	1398	101343	417	654	0	103812
8716	799	1417	260	98429	0	100905
8717	554	103566	367	1575	0	106062
8718	593	1702	106387	734	0	109416
8719	696	555	1659	117819	0	120729
8720	644	503	133421	2493	0	137061
8721	128521	243	2917	1127	0	132808
8722	3076	138778	1200	607	0	143661
8723	139743	2886	611	582	0	143822
8724	3644	906	437	137583	0	142570
8725	138801	472	463	3271	0	143007
8726	3600	513	138955	1153	0	144221
8727	1338	139688	3179	839	0	145044
8728	138669	2988	1004	678	0	143339
8729	3533	994	620	130169	0	135316
8730	1298	139062	633	2969	0	143962
8731	980	3099	478	140140	0	144697
8732	141400	986	478	3684	0	146548
8733	3317	151723	739	1349	0	157128
8734	152615	3597	479	957	0	157648
8735	4197	1373	150729	672	0	156971
8736	147884	641	3825	699	0	153049
8737	4426	403	1262	150668	0	156759
8738	149104	385	770	4015	0	154274
8739	4132	149971	823	1298	0	156224
8740	1715	3645	551	149946	0	155857
8741	1128	1164	485	154250	0	157027
8742	887	855	147344	4645	0	153731
8743	899	497	3770	145634	0	150800
8744	985	462	1225	150769	0	153441
8745	1000	452	808	150729	0	152989
8746	935	384	683	151329	0	153331
8747	790	625	147367	5169	0	153951
8748	707	141336	4140	2038	0	148221
8749	907	3632	1340	141551	0	147430
8750	139139	1139	923	4308	0	145509
8751	140131	662	760	1706	0	143259
8752	4564	140362	960	1236	0	147122
8753	137798	3747	688	1060	0	143293
8754	138218	1143	729	989	0	141079
8755	135729	697	676	1010	0	138112
8756	4924	132315	831	927	0	138997
8757	125251	3382	531	799	0	129963
8758	4242	1227	457	121569	0	127495
8759	1480	728	119522	3574	0	125304
8760	892	118777	3419	1356	0	124444
8761	1014	3350	1261	117032	0	122657
8762	740	1196	115917	3458	0	121311
8763	112068	626	3120	1390	0	117204
8764	3479	500	972	115169	0	120120
8765	1406	471	600	116855	0	119332
8766	1030	439	488	115877	0	117834
8767	926	469	358	116495	0	118248
8768	771	580	111262	4251	0	116864
8769	101362	431	3092	1884	0	106769
8770	3281	109855	1132	1166	0	115434
8771	109075	3053	610	955	0	113693
8772	3470	109936	596	786	0	114788
8773	110670	3317	404	808	0	115199
8774	3765	1046	386	109563	0	114760
8775	1457	832	109595	3427	0	115311
8776	1024	693	109934	1346	0	112997
8777	1005	581	3636	107065	0	112287
8778	909	488	1167	109352	0	111916
8779	932	471	675	110671	0	112749
8780	106978	420	515	4465	0	112378
8781	3398	654	107178	1723	0	112953
8782	1316	105094	3231	1526	0	111167
8783	938	109775	1114	1089	0	112916
8784	104592	3487	612	1061	0	109752
8785	3348	1306	104844	952	0	110450
8786	1369	103730	3101	1074	0	109274
8787	1115	3123	103061	838	0	108137
8788	1088	1115	3155	102023	0	107381
8789	906	904	102535	3363	0	107708
8790	925	729	103705	1434	0	106793
8791	994	667	3481	101699	0	106841
8792	867	714	101927	3447	0	106955
8793	902	683	103353	1434	0	106372
8794	1009	530	3626	98558	0	103723
8795	99355	552	1256	3535	0	104698
8796	3321	685	99027	1520	0	104553
8797	1512	548	3099	96805	0	101964
8798	1169	460	1154	100296	0	103079
8799	97550	500	858	3963	0	102871
8800	3422	535	637	97886	0	102480
8801	95926	471	625	3855	0	100877
8802	3424	95033	801	1675	0	100933
8803	1559	2935	600	96300	0	101394
8804	95999	914	601	3615	0	101129
8805	97554	642	652	1615	0	100463
8806	3961	519	613	95506	0	100599
8807	1533	652	95096	3572	0	100853
8808	90160	483	3100	1698	0	95441
8809	3126	94596	1374	1266	0	100362
8810	93310	2884	877	1207	0	98278
8811	94826	958	684	1088	0	97556
8812	95057	629	707	1064	0	97457
8813	4017	620	92154	988	0	97779
8814	1543	90753	3104	998	0	96398
8815	1217	3459	1106	87639	0	93421
8816	1171	1350	817	90365	0	93703
8817	894	802	86863	3588	0	92147
8818	797	80596	2871	1520	0	85784
8819	488	67115	870	799	0	69272
8820	385	55860	488	396	0	57129
8821	50815	1266	1837	449	0	54367
8822	1318	340	320	49158	0	51136
8823	456	201	222	50082	0	50961
8824	318	220	49704	1272	0	51514
8825	46356	143	994	509	0	48002
8826	1069	140	372	49600	0	51181
8827	484	395	226	50073	0	51178
8828	351	173	49114	1226	0	50864
8829	248	48483	1004	520	0	50255
8830	418	1309	362	47481	0	49570
8831	306	298	47362	988	0	48954
8832	157	42030	770	361	0	43318
8833	34919	312	196	162	0	35589
8834	357	131	36545	135	0	37168
8835	162	67	284	34417	0	34930
8836	93	36090	132	268	0	36583
8837	36067	272	70	150	0	36559
8838	348	115	53	36210	0	36726
8839	36408	53	49	353	0	36863
8840	36104	41	70	156	0	36371
8841	317	36632	95	110	0	37154
8842	37046	267	48	141	0	37502
8843	38491	82	64	199	0	38836
8844	356	89	39210	77	0	39732
8845	37720	51	256	132	0	38159
8846	305	92	39363	67	0	39827
8847	38121	47	225	100	0	38493
8848	39180	35	79	120	0	39414
8849	301	84	40768	61	0	41214
8850	112	53	211	40339	0	40715
8851	98	82	42067	227	0	42474
8852	72	84	39599	82	0	39837
8853	84	112	43338	66	0	43600
8854	106	64	254	41889	0	42313
8855	71	45	107	47443	0	47666
8856	66	53	46	47765	0	47930
8857	72	36	33	48952	0	49093
8858	60	97	49543	393	0	50093
8859	83	55	358	45380	0	45876
8860	61	44775	143	446	0	45425
8861	100	405	50810	119	0	51434
8862	99	110	384	49504	0	50097
8863	83	93	52143	417	0	52736
8864	51	51478	451	161	0	52141
8865	61	52390	164	96	0	52711
8866	84	480	64	51960	0	52588
8867	217	191	52077	429	0	52914
8868	94	119	52573	141	0	52927
8869	88	62	542	52387	0	53079
8870	92	58	173	53672	0	53995
8871	84	40	81	54538	0	54743
8872	96	83	54154	573	0	54906
8873	64	54123	499	229	0	54915
8874	58	56388	223	135	0	56804
8875	122	601	85	55776	0	56584
8876	68	194	55555	496	0	56313
8877	98	122	55825	208	0	56253
8878	55	58128	659	159	0	59001
8879	58090	508	196	164	0	58958
8880	523	59224	167	138	0	60052
8881	185	575	61893	111	0	62764
8882	59788	172	669	152	0	60781
8883	698	96	221	63431	0	64446
8884	65039	55	125	861	0	66080
8885	784	46	110	65045	0	65985
8886	290	66	100	66167	0	66623
8887	65604	83	88	1028	0	66803
8888	776	67990	153	456	0	69375
8889	303	877	67749	194	0	69123
8890	113	69370	889	130	0	70502
8891	68253	858	274	223	0	69608
8892	793	68785	242	163	0	69983
8893	68557	864	106	192	0	69719
8894	68488	312	117	191	0	69108
8895	1012	68994	193	153	0	70352
8896	363	854	98	68284	0	69599
8897	68246	290	92	948	0	69576
8898	68664	145	114	414	0	69337
8899	1106	96	115	67676	0	68993
8900	377	170	66846	893	0	68286
8901	215	153	67579	331	0	68278
8902	170	150	1052	67515	0	68887
8903	179	168	66999	909	0	68255
8904	62692	132	908	471	0	64203
8905	871	66291	391	267	0	67820
8906	375	831	195	67349	0	68750
8907	286	291	143	67641	0	68361
8908	204	171	149	67208	0	67732
8909	219	138	142	66824	0	67323
8910	206	134	128	67395	0	67863
8911	185	209	66364	1173	0	67931
8912	151	66393	937	492	0	67973
8913	66660	871	384	293	0	68208
8914	967	355	204	66145	0	67671
8915	421	198	159	66890	0	67668
8916	279	180	177	66701	0	67337
8917	176	66456	238	1369	0	68239
8918	263	926	151	67761	0	69101
8919	280	366	156	68623	0	69425
8920	66203	197	148	1328	0	67876
8921	926	65178	234	574	0	66912
8922	362	66095	251	337	0	67045
8923	297	1192	164	65982	0	67635
8924	64939	387	171	1158	0	66655
8925	1019	305	65631	451	0	67406
8926	59908	235	978	466	0	61587
8927	1043	303	66896	307	0	68549
8928	503	226	993	65814	0	67536
8929	316	207	375	67566	0	68464
8930	248	203	229	67111	0	67791
8931	266	201	168	67031	0	67666
8932	301	170	166	66726	0	67363
8933	65369	194	179	1436	0	67178
8934	1053	224	65135	592	0	67004
8935	486	205	949	65718	0	67358
8936	310	262	68075	1194	0	69841
8937	224	68066	1060	683	0	70033
8938	67025	969	394	505	0	68893
8939	1086	487	69965	424	0	71962
8940	531	240	981	70623	0	72375
8941	369	190	391	73274	0	74224
8942	296	269	72644	1556	0	74765
8943	304	315	72325	702	0	73646
8944	338	251	1370	66588	0	68547
8945	71479	204	481	1417	0	73581
8946	71467	167	282	722	0	72638
8947	1413	71401	288	528	0	73630
8948	71933	1095	220	491	0	73739
8949	1313	436	176	68340	0	70265
8950	535	71925	294	1345	0	74099
8951	436	1077	190	72478	0	74181
8952	323	554	73616	1503	0	75996
8953	429	233	1099	69717	0	71478
8954	525	204	414	71992	0	73135
8955	67997	181	246	1569	0	69993
8956	1088	68377	258	792	0	70515
8957	67036	999	212	514	0	68761
8958	1095	67096	266	452	0	68909
8959	64014	1010	182	430	0	65636
8960	1062	64243	287	383	0	65975
8961	408	64491	289	406	0	65594
8962	64777	1070	245	483	0	66575
8963	1084	438	252	61140	0	62914
8964	418	63531	289	1017	0	65255
8965	64478	861	235	631	0	66205
8966	64671	318	219	482	0	65690
8967	65662	188	189	457	0	66496
8968	64319	176	170	448	0	65113
8969	1189	64918	270	413	0	66790
8970	521	874	182	65229	0	66806
8971	360	343	175	66635	0	67513
8972	66494	226	147	1400	0	68267
8973	1056	176	171	65590	0	66993
8974	64507	183	145	1201	0	66036
8975	991	241	63346	564	0	65142
8976	60440	156	789	578	0	61963
8977	987	276	63391	337	0	64991
8978	520	480	853	61611	0	63464
8979	61694	185	314	1040	0	63233
8980	905	61158	269	520	0	62852
8981	57923	633	136	354	0	59046
8982	709	58495	146	277	0	59627
8983	385	783	84	61243	0	62495
8984	241	328	59733	660	0	60962
8985	52110	271	682	422	0	53485
8986	591	59246	293	226	0	60356
8987	399	720	106	58104	0	59329
8988	225	195	70	57287	0	57777
8989	203	123	66	56861	0	57253
8990	213	206	56558	614	0	57591
8991	151	56536	469	344	0	57500
8992	56073	475	143	256	0	56947
8993	56032	175	103	243	0	56553
8994	572	56320	148	157	0	57197
8995	57766	446	67	303	0	58582
8996	592	181	78	57374	0	58225
8997	246	57815	127	537	0	58725
8998	57726	455	87	329	0	58597
8999	563	295	57123	200	0	58181
9000	272	58169	505	191	0	59137
9001	285	482	163	58513	0	59443
9002	266	218	101	59437	0	60022
9003	199	217	58371	603	0	59390
9004	234	129	459	56289	0	57111
9005	194	214	58399	576	0	59383
9006	218	126	451	57474	0	58269
9007	204	137	178	59201	0	59720
9008	218	136	108	59414	0	59876
9009	232	127	88	60503	0	60950
9010	202	211	60091	691	0	61195
9011	226	228	65250	290	0	65994
9012	159	71679	951	317	0	73106
9013	213	992	299	75341	0	76845
9014	243	455	78990	1085	0	80773
9015	181	78619	1201	501	0	80502
9016	265	1236	368	80829	0	82698
9017	223	495	85851	1213	0	87782
9018	78752	196	1353	560	0	80861
9019	89408	124	400	330	0	90262
9020	1802	151	170	89008	0	91131
9021	631	238	88917	1489	0	91275
9022	374	209	1413	87871	0	89867
9023	87815	148	463	1722	0	90148
9024	1437	90349	273	629	0	92688
9025	92435	1428	127	515	0	94505
9026	93957	446	114	379	0	94896
9027	1906	214	138	90901	0	93159
9028	721	155	120	92811	0	93807
9029	391	139	127	93052	0	93709
9030	299	128	129	92648	0	93204
9031	311	145	138	92691	0	93285
9032	90746	132	139	2157	0	93174
9033	91896	124	194	839	0	93053
9034	91940	149	209	539	0	92837
9035	1973	295	87622	353	0	90243
9036	85976	187	1426	425	0	88014
9037	1736	260	526	87461	0	89983
9038	653	325	87142	1717	0	89837
9039	356	85345	1705	814	0	88220
9040	465	1694	666	83017	0	85842
9041	395	509	370	82884	0	84158
9042	377	83954	380	1716	0	86427
9043	509	1355	266	85307	0	87437
9044	471	549	84535	1783	0	87338
9045	437	328	85387	809	0	86961
9046	437	207	1926	85143	0	87713
9047	84447	195	674	1904	0	87220
9048	84358	225	366	935	0	85884
9049	2165	345	84762	589	0	87861
9050	991	79696	1608	623	0	82918
9051	618	82313	688	640	0	84259
9052	77751	1700	330	784	0	80565
9053	1788	678	79311	768	0	82545
9054	882	285	1453	78221	0	80841
9055	78379	240	561	2017	0	81197
9056	1788	77412	404	1081	0	80685
9057	964	79792	313	731	0	81800
9058	78657	1718	249	637	0	81261
9059	2040	549	253	79683	0	82525
9060	85290	251	303	2005	0	87849
9061	2304	211	328	95185	0	98028
9062	1182	263	310	97717	0	99472
9063	696	389	96895	3003	0	100983
9064	729	316	2144	98389	0	101578
9065	721	307	813	100473	0	102314
9066	99581	287	538	3392	0	103798
9067	2473	304	451	101052	0	104280
9068	1065	444	100639	2977	0	105125
9069	98470	249	2482	1539	0	102740
9070	2504	318	1114	100676	0	104612
9071	100168	276	619	2957	0	104020
9072	2787	96185	612	1495	0	101079
9073	1277	100903	630	927	0	103737
9074	99668	2876	551	781	0	103876
9075	100702	1207	536	743	0	103188
9076	3389	720	476	98804	0	103389
9077	1573	595	98182	2676	0	103026
9078	1115	443	2452	99376	0	103386
9079	97450	482	1069	2947	0	101948
9080	2689	98026	760	1482	0	102957
9081	1534	2484	475	97100	0	101593
9082	97482	1218	439	2893	0	102032
9083	2899	792	94457	1576	0	99724
9084	94181	427	2439	1325	0	98372
9085	90258	455	1083	1274	0	93070
9086	3336	465	94459	1147	0	99407
9087	1648	454	96431	1130	0	99663
9088	1197	406	3103	91220	0	95926
9089	1209	347	1331	90204	0	93091
9090	939	95850	861	3530	0	101180
9091	1053	2354	544	96924	0	100875
9092	1019	1124	97245	3311	0	102699
9093	981	622	2589	97427	0	101619
9094	1201	422	1182	101504	0	104309
9095	1124	478	97328	3910	0	102840
9096	953	96800	2694	2192	0	102639
9097	1087	2512	1164	97197	0	101960
9098	1059	1119	731	99944	0	102853
9099	98218	663	592	3868	0	103341
9100	3259	503	566	97710	0	102038
9101	1645	648	96351	3546	0	102190
9102	95259	525	2687	1821	0	100292
9103	98610	536	1201	1360	0	101707
9104	99203	543	776	1201	0	101723
9105	4081	602	95211	1015	0	100909
9106	2055	476	2772	93694	0	98997
9107	1443	359	1420	96292	0	99514
9108	1322	365	1008	96752	0	99447
9109	91928	455	768	3962	0	97113
9110	3009	91588	903	2321	0	97821
9111	1504	2160	83875	1277	0	88816
9112	824	79854	2198	1170	0	84046
9113	708	76124	1128	974	0	78934
9114	681	74794	800	932	0	77207
9115	1462	2843	1117	71492	0	76914
9116	742	1033	70447	2086	0	74308
9117	60480	660	1737	1359	0	64236
9118	1629	65978	995	971	0	69573
9119	62234	1369	479	849	0	64931
9120	1635	64723	445	802	0	67605
9121	65367	1524	408	736	0	68035
9122	1810	66820	470	627	0	69727
9123	1109	1752	68406	566	0	71833
9124	897	775	1526	67947	0	71145
9125	729	458	732	71846	0	73765
9126	71606	329	576	2399	0	74910
9127	1820	370	408	77998	0	80596
9128	975	431	78252	2429	0	82087
9129	901	334	1846	79287	0	82368
9130	629	506	79207	2447	0	82789
9131	543	78680	2176	1383	0	82782
9132	729	1925	968	70844	0	74466
9133	555	79833	759	1931	0	83078
9134	79630	2073	502	1069	0	83274
9135	2145	856	518	79604	0	83123
9136	1120	564	79741	2153	0	83578
9137	712	527	79720	1129	0	82088
9138	77422	432	2409	918	0	81181
9139	2111	585	976	78421	0	82093
9140	1071	557	78294	2101	0	82023
9141	711	592	76720	1165	0	79188
9142	475	77234	2577	814	0	81100
9143	594	2063	1153	68783	0	72593
9144	418	76299	805	1943	0	79465
9145	575	1938	529	75324	0	78366
9146	76471	825	511	2302	0	80109
9147	1863	533	556	77108	0	80060
9148	949	408	488	78663	0	80508
9149	77455	399	492	2693	0	81039
9150	2023	477	462	79732	0	82694
9151	1088	497	447	76677	0	78709
9152	738	79687	508	2496	0	83429
9153	80237	1874	436	1267	0	83814
9154	81642	830	446	939	0	83857
9155	2543	512	509	80772	0	84336
9156	1155	368	484	81437	0	83444
9157	808	386	500	79745	0	81439
9158	602	76388	583	2854	0	80427
9159	637	79165	638	1449	0	81889
9160	919	2074	466	72046	0	75505
9161	60131	470	309	1427	0	62337
9162	59280	277	223	699	0	60479
9163	1300	58219	298	507	0	60324
9164	54217	1093	206	366	0	55882
9165	1032	54760	242	369	0	56403
9166	388	54821	236	304	0	55749
9167	1014	1234	338	52658	0	55244
9168	51601	345	234	1158	0	53338
9169	920	50616	249	472	0	52257
9170	362	51863	252	312	0	52789
9171	330	997	158	51469	0	52954
9172	268	360	152	52643	0	53423
9173	224	289	51676	1183	0	53372
9174	49581	213	940	521	0	51255
9175	50355	243	272	437	0	51307
9176	1038	277	51901	362	0	53578
9177	374	312	51835	389	0	52910
9178	322	220	1033	51508	0	53083
9179	294	232	310	52566	0	53402
9180	243	52179	244	1320	0	53986
9181	321	996	145	52916	0	54378
9182	331	463	52325	1267	0	54386
9183	331	276	998	51723	0	53328
9184	320	227	345	52768	0	53660
9185	51606	259	228	1436	0	53529
9186	1130	346	50840	655	0	52971
9187	48814	267	1055	580	0	50716
9188	1143	327	49573	553	0	51596
9189	464	285	1068	48655	0	50472
9190	339	312	48676	1241	0	50568
9191	286	338	48835	653	0	50112
9192	361	409	1188	47582	0	49540
9193	46260	357	667	1459	0	48743
9194	45539	282	408	648	0	46877
9195	1104	46521	414	606	0	48645
9196	46274	1020	424	553	0	48271
9197	45839	447	409	535	0	47230
9198	1187	46182	445	573	0	48387
9199	489	1185	386	46672	0	48732
9200	447	476	363	47703	0	48989
9201	395	375	291	47781	0	48842
9202	389	355	301	48172	0	49217
9203	354	352	46873	1496	0	49075
9204	44165	250	1078	803	0	46296
9205	1141	245	445	47125	0	48956
9206	516	278	382	46387	0	47563
9207	437	47284	359	1492	0	49572
9208	530	1088	226	48020	0	49864
9209	399	429	47994	1464	0	50286
9210	43946	349	1086	861	0	46242
9211	1249	366	48209	769	0	50593
9212	588	347	973	47275	0	49183
9213	46850	309	300	1437	0	48896
9214	1148	47704	241	835	0	49928
9215	666	1039	141	48996	0	50842
9216	482	478	49085	1451	0	51496
9217	451	401	970	49307	0	51129
9218	48417	324	305	1483	0	50529
9219	1264	389	48760	720	0	51133
9220	565	391	47694	561	0	49211
9221	434	47010	1189	540	0	49173
9222	44399	1084	422	468	0	46373
9223	1126	43458	259	480	0	45323
9224	476	1034	41786	381	0	43677
9225	263	361	38621	330	0	39575
9226	228	37550	930	367	0	39075
9227	30209	513	442	139	0	31303
9228	541	29920	171	127	0	30759
9229	164	457	70	29166	0	29857
9230	107	106	98	29872	0	30183
9231	84	83	29460	565	0	30192
9232	109	58	493	28946	0	29606
9233	92	85	29878	534	0	30589
9234	28691	60	504	202	0	29457
9235	29881	61	164	151	0	30257
9236	29922	57	123	136	0	30238
9237	571	89	29289	123	0	30072
9238	28851	70	510	144	0	29575
9239	549	64	143	27855	0	28611
9240	145	29354	153	482	0	30134
9241	29317	453	123	216	0	30109
9242	501	148	28836	125	0	29610
9243	28039	65	506	133	0	28743
9244	28333	38	168	146	0	28685
9245	555	84	27911	107	0	28657
9246	168	27967	495	138	0	28768
9247	148	508	192	27882	0	28730
9248	120	148	27990	481	0	28739
9249	142	86	27226	166	0	27620
9250	139	318	455	24436	0	25348
9251	119	67	25075	392	0	25653
9252	101	38	391	24183	0	24713
9253	109	47	147	23599	0	23902
9254	101	47	74	24689	0	24911
9255	77	83	24573	431	0	25164
9256	99	58	375	24391	0	24923
9257	83	99	24734	401	0	25317
9258	90	51	412	24928	0	25481
9259	25793	58	148	414	0	26413
9260	447	75	107	25608	0	26237
9261	141	26714	109	439	0	27403
9262	121	427	99	27345	0	27992
9263	27568	114	85	516	0	28283
9264	446	27893	123	199	0	28661
9265	191	428	114	27683	0	28416
9266	27748	110	95	501	0	28454
9267	490	111	28056	177	0	28834
9268	185	58	492	27532	0	28267
9269	125	81	28278	503	0	28987
9270	121	91	28015	182	0	28409
9271	146	73	567	27385	0	28171
9272	27682	64	209	504	0	28459
9273	474	88	27383	173	0	28118
9274	26773	68	494	124	0	27459
9275	541	81	171	27546	0	28339
9276	174	96	27815	460	0	28545
9277	128	117	27313	176	0	27734
9278	119	79	27458	122	0	27778
9279	137	158	553	25962	0	26810
9280	26822	51	319	462	0	27654
9281	401	27141	160	196	0	27898
9282	188	387	111	26615	0	27301
9283	125	121	107	27343	0	27696
9284	27088	67	121	521	0	27797
9285	27142	42	111	225	0	27520
9286	470	27195	162	138	0	27965
9287	27394	362	119	135	0	28010
9288	27431	114	124	124	0	27793
9289	520	69	126	27088	0	27803
9290	205	86	27169	421	0	27881
9291	26467	67	436	181	0	27151
9292	470	64	147	27355	0	28036
9293	190	52	132	27495	0	27869
9294	27138	49	121	513	0	27821
9295	446	64	95	26087	0	26692
9296	193	57	77	26435	0	26762
9297	25828	45	102	494	0	26469
9298	405	26447	124	232	0	27208
9299	26174	329	87	190	0	26780
9300	416	128	26341	114	0	26999
9301	25564	40	431	130	0	26165
9302	424	40	143	25755	0	26362
9303	153	26446	166	389	0	27154
9304	162	341	84	26778	0	27365
9305	133	93	96	26891	0	27213
9306	143	43	90	26782	0	27058
9307	25890	32	91	494	0	26507
9308	373	25438	103	235	0	26149
9309	115	25222	96	109	0	25542
9310	24611	318	64	113	0	25106
9311	328	129	25723	79	0	26259
9312	147	82	25219	82	0	25530
9313	24079	109	477	116	0	24781
9314	296	76	25594	89	0	26055
9315	121	17	252	24058	0	24448
9316	108	30	87	23046	0	23271
9317	63	29	49	24848	0	24989
9318	68	24	29	24477	0	24598
9319	60	24232	68	328	0	24688
9320	57	232	44	24930	0	25263
9321	59	114	24517	298	0	24988
9322	86	41	246	24203	0	24576
9323	70	49	23862	307	0	24288
9324	84	73	23628	124	0	23909
9325	100	24	285	23890	0	24299
9326	84	61	24201	290	0	24636
9327	76	28	296	23986	0	24386
9328	24066	18	120	358	0	24562
9329	294	56	24333	128	0	24811
9330	23142	33	268	110	0	23553
9331	323	34	108	24275	0	24740
9332	138	50	24224	312	0	24724
9333	88	23849	304	157	0	24398
9334	108	270	111	24550	0	25039
9335	90	118	25905	329	0	26442
9336	81	57	304	25783	0	26225
9337	26572	26	111	398	0	27107
9338	26692	29	79	158	0	26958
9339	27338	49	53	158	0	27598
9340	442	37	67	27499	0	28045
9341	185	37	57	28013	0	28292
9342	120	36	53	28576	0	28785
9343	28592	42	71	507	0	29212
9344	399	29470	86	204	0	30159
9345	175	374	51	29618	0	30218
9346	123	127	54	30528	0	30832
9347	29965	54	53	596	0	30668
9348	448	30629	89	263	0	31429
9349	176	430	58	31794	0	32458
9350	32370	101	64	548	0	33083
9351	32204	77	68	226	0	32575
9352	647	67	67	31787	0	32568
9353	31762	41	55	590	0	32448
9354	612	47	68	31717	0	32444
9355	181	85	32338	601	0	33205
9356	160	37	488	32224	0	32909
9357	158	35	154	32897	0	33244
9358	169	43	81	33100	0	33393
9359	31345	44	64	651	0	32104
9360	482	31382	83	306	0	32253
9361	30239	430	53	198	0	30920
9362	459	30223	71	127	0	30880
9363	130	31016	91	121	0	31358
9364	30722	487	62	137	0	31408
9365	424	31636	93	128	0	32281
9366	154	445	51	31478	0	32128
9367	31426	113	54	518	0	32111
9368	31715	61	49	228	0	32053
9369	547	46	56	31719	0	32368
9370	232	41	37	31106	0	31416
9371	102	32060	66	579	0	32807
9372	32622	435	54	276	0	33387
9373	31658	118	40	194	0	32010
9374	505	33989	88	159	0	34741
9375	175	34181	94	145	0	34595
9376	147	573	31	34419	0	35170
9377	34240	146	45	663	0	35094
9378	585	89	51	34399	0	35124
9379	220	77	38	35232	0	35567
9380	154	103	34367	689	0	35313
9381	128	105	34567	246	0	35046
9382	136	71	601	34297	0	35105
9383	144	94	34582	657	0	35477
9384	133	34777	565	252	0	35727
9385	149	535	116	34708	0	35508
9386	142	136	68	35686	0	36032
9387	161	94	44	35845	0	36144
9388	121	135	35452	723	0	36431
9389	144	135	34543	273	0	35095
9390	33253	80	602	218	0	34153
9391	601	35438	183	181	0	36403
9392	35327	551	73	207	0	36158
9393	655	171	47	35223	0	36096
9394	35720	113	45	683	0	36561
9395	666	110	59	34556	0	35391
9396	207	36056	119	624	0	37006
9397	36322	557	58	311	0	37248
9398	631	213	35586	204	0	36634
9399	218	35298	556	204	0	36276
9400	35340	529	180	222	0	36271
9401	617	156	89	34687	0	35549
9402	187	34613	91	629	0	35520
9403	217	557	59	35574	0	36407
9404	35615	147	64	739	0	36565
9405	667	134	73	35648	0	36522
9406	35537	115	71	742	0	36465
9407	681	153	35275	260	0	36369
9408	268	117	560	35186	0	36131
9409	34975	102	141	752	0	35970
9410	656	157	34948	320	0	36081
9411	235	33523	591	281	0	34630
9412	226	592	172	32907	0	33897
9413	166	216	33036	654	0	34072
9414	164	188	32861	295	0	33508
9415	217	238	616	32554	0	33625
9416	165	151	32720	660	0	33696
9417	173	174	32627	277	0	33251
9418	182	110	594	31615	0	32501
9419	32364	104	204	676	0	33348
9420	640	82	123	32266	0	33111
9421	256	91	104	33089	0	33540
9422	209	178	33185	708	0	34280
9423	216	101	558	33843	0	34718
9424	34269	128	199	776	0	35372
9425	632	169	34631	306	0	35738
9426	236	34968	581	273	0	36058
9427	219	612	182	35564	0	36577
9428	35976	198	128	736	0	37038
9429	683	169	109	35430	0	36391
9430	230	36036	172	706	0	37144
9431	205	645	37448	269	0	38567
9432	198	206	633	38206	0	39243
9433	40766	143	213	763	0	41885
9434	790	158	40338	343	0	41629
9435	314	118	726	40864	0	42022
9436	42090	76	249	966	0	43381
9437	43455	79	157	391	0	44082
9438	994	43854	189	299	0	45336
9439	43202	855	194	226	0	44477
9440	994	292	157	43351	0	44794
9441	342	179	44223	948	0	45692
9442	218	43313	904	351	0	44786
9443	156	44863	351	264	0	45634
9444	202	1033	243	43011	0	44489
9445	204	317	210	43992	0	44723
9446	127	160	42562	940	0	43789
9447	103	42105	832	360	0	43400
9448	105	42394	300	220	0	43019
9449	225	908	183	40290	0	41606
9450	39989	207	149	769	0	41114
9451	658	40222	142	312	0	41334
9452	257	656	77	41004	0	41994
9453	42230	173	104	836	0	43343
9454	720	98	101	42658	0	43577
9455	284	88	91	42668	0	43131
9456	183	83	97	42900	0	43263
9457	184	85	100	42881	0	43250
9458	41838	92	99	928	0	42957
9459	774	98	92	42171	0	43135
9460	235	137	41285	772	0	42429
9461	39285	102	705	358	0	40450
9462	728	136	40969	201	0	42034
9463	3856	161	38043	203	0	42263
9464	265	127	774	40943	0	42109
9465	190	98	281	41534	0	42103
9466	204	98	124	42070	0	42496
9467	41229	93	117	935	0	42374
9468	739	132	41146	361	0	42378
9469	39928	107	663	314	0	41012
9470	41197	105	225	240	0	41767
9471	844	171	40962	218	0	42195
9472	39332	126	623	267	0	40348
9473	749	129	41545	215	0	42638
9474	236	41604	670	206	0	42716
9475	308	668	425	40981	0	42382
9476	181	250	119	42292	0	42842
9477	158	120	111	41866	0	42255
9478	139	105	111	41840	0	42195
9479	125	142	41431	846	0	42544
9480	146	142	41528	349	0	42165
9481	125	104	683	40952	0	41864
9482	128	133	41538	690	0	42489
9483	39134	95	622	386	0	40237
9484	42018	98	225	284	0	42625
9485	769	102	128	41532	0	42531
9486	41238	82	93	767	0	42180
9487	654	42427	157	356	0	43594
9488	42059	549	117	315	0	43040
9489	677	228	42771	254	0	43930
9490	315	143	587	41669	0	42714
9491	161	43319	279	678	0	44437
9492	44033	535	172	374	0	45114
9493	666	174	113	44489	0	45442
9494	310	134	44140	713	0	45297
9495	243	83	633	43742	0	44701
9496	43311	93	262	760	0	44426
9497	733	158	44205	336	0	45432
9498	363	88	655	43987	0	45093
9499	267	120	279	44907	0	45573
9500	271	135	44641	879	0	45926
9501	224	43526	656	423	0	44829
9502	271	37607	364	372	0	38614
9503	267	650	160	44851	0	45928
9504	262	251	197	45545	0	46255
9505	247	180	168	46111	0	46706
9506	44562	174	163	934	0	45833
9507	45434	166	189	451	0	46240
9508	804	183	166	45634	0	46787
9509	45224	157	174	894	0	46449
9510	652	45369	244	479	0	46744
9511	317	687	159	46437	0	47600
9512	213	260	166	47194	0	47833
9513	214	155	169	47510	0	48048
9514	44126	153	157	1047	0	45483
9515	672	44881	179	538	0	46270
9516	365	621	162	45559	0	46707
9517	45033	220	146	932	0	46331
9518	793	128	113	45614	0	46648
9519	379	153	138	45384	0	46054
9520	263	43333	173	1180	0	44949
9521	238	45303	172	540	0	46253
9522	273	685	146	44523	0	45627
9523	236	206	166	44494	0	45102
9524	42152	120	141	1013	0	43426
9525	751	107	174	42856	0	43888
9526	362	135	41877	870	0	43244
9527	254	91	644	41018	0	42007
9528	218	40763	366	806	0	42153
9529	41941	543	218	479	0	43181
9530	798	170	182	41999	0	43149
9531	346	127	167	40573	0	41213
9532	222	40246	186	835	0	41489
9533	37390	396	81	382	0	38249
9534	509	39783	145	260	0	40697
9535	277	398	66	38753	0	39494
9536	178	168	37630	432	0	38408
9537	259	388	272	34839	0	35758
9538	35232	37	124	389	0	35782
9539	281	35781	63	174	0	36299
9540	119	257	26	35572	0	35974
9541	59	35001	65	325	0	35450
9542	75	301	23	35768	0	36167
9543	77	142	35468	339	0	36026
9544	90	157	262	34288	0	34797
9545	90	35	84	35306	0	35515
9546	97	57	44	35747	0	35945
9547	33978	37	43	453	0	34511
9548	34595	52	36	242	0	34925
9549	318	35442	61	165	0	35986
9550	35047	278	29	173	0	35527
9551	284	35157	49	109	0	35599
9552	99	35767	61	122	0	36049
9553	34087	319	25	189	0	34620
9554	319	157	34099	115	0	34690
9555	123	72	251	33037	0	33483
9556	85	64	66	34677	0	34892
9557	81	94	40	35334	0	35549
9558	34416	56	29	449	0	34950
9559	285	34919	63	247	0	35514
9560	159	334	31	34858	0	35382
9561	90	35232	63	412	0	35797
9562	37224	364	39	211	0	37838
9563	404	125	29	37717	0	38275
9564	197	90	33	45803	0	46123
9565	99	50118	63	901	0	51181
9566	120	856	26	52600	0	53602
9567	110	300	34	53386	0	53830
9568	50580	164	48	1366	0	52158
9569	919	50587	78	600	0	52184
9570	335	51957	95	270	0	52657
9571	191	1168	41	51185	0	52585
9572	126	460	49762	1065	0	51413
9573	136	252	49754	453	0	50595
9574	137	146	1198	49127	0	50608
9575	220	185	48881	1079	0	50365
9576	111	124	1016	48892	0	50143
9577	134	154	414	46607	0	47309
9578	129	99	183	50549	0	50960
9579	48801	93	105	1520	0	50519
9580	1006	88	106	49293	0	50493
9581	400	112	82	48787	0	49381
9582	173	48334	148	1454	0	50109
9583	165	992	52	50207	0	51416
9584	174	432	48792	1248	0	50646
9585	140	194	964	49346	0	50644
9586	135	127	367	50566	0	51195
9587	47789	156	163	1553	0	49661
9588	1032	140	90	48150	0	49412
9589	459	164	110	48112	0	48845
9590	318	110	89	48753	0	49270
9591	44690	132	90	1670	0	46582
9592	979	45852	149	766	0	47746
9593	413	1038	97	46465	0	48013
9594	246	441	91	47273	0	48051
9595	153	278	45641	1589	0	47661
9596	206	156	1025	45843	0	47230
9597	43406	158	428	1442	0	45434
9598	980	44351	279	774	0	46384
9599	456	1006	152	43935	0	45549
9600	275	429	129	45020	0	45853
9601	180	310	43388	1655	0	45533
9602	40183	185	977	941	0	42286
9603	981	42634	468	628	0	44711
9604	42444	1017	225	590	0	44276
9605	1067	487	140	43019	0	44713
9606	467	293	155	43639	0	44554
9607	316	187	151	44112	0	44766
9608	248	217	161	44264	0	44890
9609	42631	228	137	1733	0	44729
9610	1029	185	161	42053	0	43428
9611	460	41050	238	1501	0	43249
9612	298	941	212	42106	0	43557
9613	233	384	211	43347	0	44175
9614	41480	219	200	1730	0	43629
9615	1022	41372	203	983	0	43580
9616	508	1049	117	42589	0	44263
9617	41750	447	107	1597	0	43901
9618	42629	255	127	973	0	43984
9619	1390	214	148	42636	0	44388
9620	643	267	41728	1500	0	44138
9621	41337	242	936	922	0	43437
9622	1137	252	403	42706	0	44498
9623	568	231	42670	1510	0	44979
9624	357	174	1044	43496	0	45071
9625	369	155	510	42864	0	43898
9626	451	196	238	43100	0	43985
9627	287	43497	227	1833	0	45844
9628	310	1003	161	44638	0	46112
9629	264	460	142	45132	0	45998
9630	294	235	144	45134	0	45807
9631	334	205	143	44837	0	45519
9632	278	266	131	44446	0	45121
9633	335	238	113	44326	0	45012
9634	39612	243	160	1937	0	41952
9635	1016	236	39099	1123	0	41474
9636	483	38755	985	838	0	41061
9637	38815	917	394	734	0	40860
9638	1009	39207	327	641	0	41184
9639	38820	1021	163	638	0	40642
9640	1281	435	213	38585	0	40514
9641	39004	242	210	1358	0	40814
9642	1203	179	170	39105	0	40657
9643	660	204	125	37218	0	38207
9644	399	38133	185	1574	0	40291
9645	38320	897	112	1023	0	40352
9646	1070	439	39042	812	0	41363
9647	602	254	889	39765	0	41510
9648	390	251	40218	1454	0	42313
9649	297	221	39275	932	0	40725
9650	38888	218	1118	710	0	40934
9651	1006	196	486	40249	0	41937
9652	506	212	39785	1479	0	41982
9653	355	173	41322	918	0	42768
9654	343	147	1165	40429	0	42084
9655	345	176	476	42117	0	43114
9656	41506	147	229	1622	0	43504
9657	1149	146	194	42242	0	43731
9658	596	192	43516	1392	0	45696
9659	398	123	917	43843	0	45281
9660	391	232	447	43081	0	44151
9661	300	43886	313	1433	0	45932
9662	42154	757	173	904	0	43988
9663	818	41789	245	626	0	43478
9664	33520	371	98	373	0	34362
9665	269	28587	59	170	0	29085
9666	90	27382	73	107	0	27652
9667	168	204	128	27059	0	27559
9668	96	80	118	27023	0	27317
9669	71	100	38	26783	0	26992
9670	25820	31	30	199	0	26080
9671	132	76	26183	104	0	26495
9672	87	30	91	25803	0	26011
9673	24663	32	57	165	0	24917
9674	109	25544	47	112	0	25812
9675	63	25577	40	98	0	25778
9676	87	165	42	25840	0	26134
9677	49	63	36	26432	0	26580
9678	46	27	32	26621	0	26726
9679	31	27377	49	282	0	27739
9680	42	86	28	27743	0	27899
9681	38	90	27546	115	0	27789
9682	40	65	25414	96	0	25615
9683	25194	15	91	81	0	25381
9684	96	25	47	27630	0	27798
9685	27868	14	21	151	0	28054
9686	27535	17	22	104	0	27678
9687	99	28158	50	59	0	28366
9688	28744	72	17	88	0	28921
9689	29681	37	34	123	0	29875
9690	107	24	22	29857	0	30010
9691	90	21	23	30815	0	30949
9692	64	79	32479	118	0	32740
9693	35	33646	97	101	0	33879
9694	84	110	40	30015	0	30249
9695	45	39	17	34363	0	34464
9696	34463	29	25	178	0	34695
9697	88	21	23	34600	0	34732
9698	34999	19	13	175	0	35206
9699	119	48	12	35716	0	35895
9700	48	36320	43	172	0	36583
9701	37548	143	24	153	0	37868
9702	173	71	26	41584	0	41854
9703	94	32	25	44599	0	44750
9704	71	33	20	47259	0	47383
9705	48	76	47221	656	0	48001
9706	59	24	526	47203	0	47812
9707	48722	27	115	701	0	49565
9708	589	30	64	50998	0	51681
9709	156	30	27	56176	0	56389
9710	98	32	39	55545	0	55714
9711	50	55420	76	1031	0	56577
9712	36	57828	60	304	0	58228
9713	56639	968	23	194	0	57824
9714	850	57511	76	117	0	58554
9715	57297	941	35	130	0	58403
9716	57784	193	17	136	0	58130
9717	57644	94	18	160	0	57916
9718	1111	122	58041	104	0	59378
9719	263	59717	912	106	0	60998
9720	60647	901	165	136	0	61849
9721	945	216	73	61139	0	62373
9722	255	116	38	61928	0	62337
9723	169	76	30	61883	0	62158
9724	81	60876	94	1170	0	62221
9725	136	872	21	61491	0	62520
9726	61211	178	28	1121	0	62538
9727	944	95	36	60817	0	61892
9728	283	59	34	61779	0	62155
9729	156	116	60663	1220	0	62155
9730	126	135	61604	433	0	62298
9731	136	67	1044	61969	0	63216
9732	157	68	258	62669	0	63152
9733	109	63224	185	1196	0	64714
9734	200	937	90	63040	0	64267
9735	243	251	77	64627	0	65198
9736	186	161	49	65009	0	65405
9737	62505	130	56	1387	0	64078
9738	1022	252	63821	492	0	65587
9739	394	159	883	64599	0	66035
9740	65141	169	223	1171	0	66704
9741	65244	173	126	433	0	65976
9742	1288	174	82	64383	0	65927
9743	541	172	73	65444	0	66230
9744	63846	174	88	1385	0	65493
9745	1094	64079	149	564	0	65886
9746	399	65033	172	363	0	65967
9747	392	1196	104	64400	0	66092
9748	64950	361	102	1228	0	66641
9749	65542	231	89	605	0	66467
9750	64019	156	79	516	0	64770
9751	1246	224	65061	417	0	66948
9752	59077	219	991	517	0	60804
9753	1202	270	63529	432	0	65433
9754	60153	182	1015	508	0	61858
9755	1110	62972	350	518	0	64950
9756	438	1038	62971	553	0	65000
9757	329	355	1020	62125	0	63829
9758	287	291	62893	1399	0	64870
9759	330	224	1064	61621	0	63239
9760	61725	172	321	1523	0	63741
9761	1143	271	63216	767	0	65397
9762	475	175	1062	62045	0	63757
9763	361	67138	432	1390	0	69321
9764	429	1019	275	69313	0	71036
9765	423	319	209	69426	0	70377
9766	424	264	178	68191	0	69057
9767	68603	211	170	1661	0	70645
9768	68698	229	153	870	0	69950
9769	1413	215	148	69188	0	70964
9770	636	275	67983	1488	0	70382
9771	497	318	67166	721	0	68702
9772	497	253	1163	68460	0	70373
9773	570	356	71294	1408	0	73628
9774	516	284	1078	70965	0	72843
9775	597	272	362	67172	0	68403
9776	562	203	238	71336	0	72339
9777	486	68963	310	1526	0	71285
9778	503	69321	336	729	0	70889
9779	485	1242	268	71972	0	73967
9780	449	450	266	72068	0	73233
9781	512	308	247	72048	0	73115
9782	69837	227	235	1659	0	71958
9783	1356	302	71868	785	0	74311
9784	643	174	1165	71656	0	73638
9785	71701	178	483	1509	0	73871
9786	1251	72479	490	751	0	74971
9787	604	1117	340	73640	0	75701
9788	461	357	322	74601	0	75741
9789	428	260	279	73562	0	74529
9790	436	192	282	73547	0	74457
9791	324	244	71345	1766	0	73679
9792	63279	174	1114	1048	0	65615
9793	68837	168	448	828	0	70281
9794	1401	237	69457	670	0	71765
9795	66092	171	1134	716	0	68113
9796	69779	171	441	652	0	71043
9797	1424	250	71539	682	0	73895
9798	554	74498	1244	671	0	76967
9799	518	1104	482	74295	0	76399
9800	431	355	78328	1306	0	80420
9801	406	76615	1075	834	0	78930
9802	454	824	73310	527	0	75115
9803	241	71179	808	446	0	72674
9804	277	627	446	68897	0	70247
9805	219	221	69372	646	0	70458
9806	217	206	615	66888	0	67926
9807	232	194	70824	685	0	71935
9808	136	70103	564	378	0	71181
9809	64854	147	177	208	0	65386
9810	127	65080	114	96	0	65417
9811	69	70016	103	248	0	70436
9812	364	303	104	69425	0	70196
9813	65	144	49	71748	0	72006
9814	57	34	24	71819	0	71934
9815	68	28	41	71224	0	71361
9816	53	10	26	72815	0	72904
9817	89	152	77513	202	0	77956
9818	73	35	128	75210	0	75446
9819	56	24	40	78425	0	78545
9820	79551	18	32	453	0	80054
9821	79669	28	20	213	0	79930
9822	80744	34	35	178	0	80991
9823	262	25	15	81448	0	81750
9824	88419	25	24	491	0	88959
9825	94844	34	33	393	0	95304
9826	96170	30	31	228	0	96459
9827	658	192	96200	42	0	97092
9828	92059	30	528	183	0	92800
9829	98476	37	96	256	0	98865
9830	99461	30	41	188	0	99720
9831	702	31	33	100030	0	100796
9832	200	207	101178	581	0	102166
9833	120	30	549	99886	0	100585
9834	104301	28	106	863	0	105298
9835	648	28	41	105920	0	106637
9836	136	112214	148	604	0	113102
9837	176	553	30	115422	0	116181
9838	115587	99	46	897	0	116629
9839	116316	39	51	395	0	116801
9840	115111	37	29	318	0	115495
9841	860	179	118475	108	0	119622
9842	319	85	701	115688	0	116793
9843	210	39	138	122304	0	122691
9844	197	208	122924	869	0	124198
9845	117	120620	799	366	0	121902
9846	222	870	120942	124	0	122158
9847	214	157	753	121637	0	122761
9848	122664	74	179	987	0	123904
9849	902	241	127245	270	0	128658
9850	374	98	750	126758	0	127980
9851	240	248	128245	839	0	129572
9852	123133	67	808	453	0	124461
9853	896	52	189	130644	0	131781
9854	342	294	136821	889	0	138346
9855	264	81	785	134788	0	135918
9856	260	260	139181	985	0	140686
9857	209	140521	933	487	0	142150
9858	331	804	206	141083	0	142424
9859	142381	204	135	1163	0	143883
9860	1026	96	162	143076	0	144360
9861	447	70	157	141965	0	142639
9862	140907	56	124	1301	0	142388
9863	1004	135111	331	461	0	136907
9864	394	138219	247	384	0	139244
9865	349	989	152	138197	0	139687
9866	237	138918	344	991	0	140490
9867	305	823	124	139821	0	141073
9868	334	209	151	140362	0	141056
9869	139468	128	136	1379	0	141111
9870	965	139540	269	723	0	141497
9871	518	1042	138652	375	0	140587
9872	333	142725	952	352	0	144362
9873	141236	847	279	495	0	142857
9874	144142	215	225	523	0	145105
9875	1278	125	214	142878	0	144495
9876	145845	96	181	1317	0	147439
9877	1214	115	205	145630	0	147164
9878	145798	139	196	1409	0	147542
9879	148357	126	232	763	0	149478
9880	1384	173	223	155428	0	157208
9881	157203	110	215	1563	0	159091
9882	1322	324	158133	512	0	160291
9883	153278	109	1087	705	0	155179
9884	1306	145	380	160468	0	162299
9885	162269	120	310	1472	0	164171
9886	1292	165107	434	1761	0	168594
9887	742	956	262	167119	0	169079
9888	590	273	263	168670	0	169796
9889	166236	163	298	1673	0	168370
9890	1677	517	168757	622	0	171573
9891	616	167580	1177	708	0	170081
9892	647	1021	401	169358	0	171427
9893	482	170715	446	1301	0	172944
9894	577	1119	261	172387	0	174344
9895	603	342	263	170188	0	171396
9896	596	276	224	173170	0	174266
9897	170592	244	215	1846	0	172897
9898	1352	318	195	167915	0	169780
9899	169009	295	215	1809	0	171328
9900	167417	265	226	1067	0	168975
9901	1571	226	223	168797	0	170817
9902	167918	176	253	1744	0	170091
9903	165057	221	249	1013	0	166540
9904	1552	476	167237	601	0	169866
9905	716	312	1139	162350	0	164517
9906	168515	257	450	1652	0	170874
9907	1292	167811	567	658	0	170328
9908	170184	1105	289	896	0	172474
9909	169836	337	297	868	0	171338
9910	1690	480	166350	581	0	169101
9911	810	198	1134	157605	0	159747
9912	176545	181	411	1952	0	179089
9913	1649	197	295	180934	0	183075
9914	907	233	268	188907	0	190315
9915	696	209	262	191176	0	192343
9916	666	167	273	202456	0	203562
9917	200986	164	282	2832	0	204264
9918	2524	523	210266	992	0	214305
9919	1123	397	2461	217395	0	221376
9920	715	586	236985	3032	0	241318
9921	657	590	247167	1193	0	249607
9922	239198	241	5702	1237	0	246378
9923	5166	470	261890	732	0	268258
9924	1897	254998	5273	662	0	262830
9925	257366	4566	2316	914	0	265162
9926	261627	1732	720	751	0	264830
9927	6621	578	380	252029	0	259608
9928	2509	561	260709	4506	0	268285
9929	1090	580	260309	1832	0	263811
9930	259527	263	6448	1185	0	267423
9931	5482	257	2289	272756	0	280784
9932	274407	177	856	5516	0	280956
9933	5624	281977	868	2200	0	290669
9934	283104	5088	539	1208	0	289939
9935	282096	1936	491	947	0	285470
9936	7212	279315	780	670	0	287977
9937	2896	5323	419	279317	0	287955
9938	277780	1988	434	5906	0	286108
9939	6055	1039	279650	2301	0	289045
9940	2545	281285	6108	1167	0	291105
9941	1557	5488	2416	278156	0	287617
9942	280251	2084	1162	5849	0	289346
9943	5906	283407	1110	2563	0	292986
9944	286827	5646	710	1543	0	294726
9945	6882	2834	283976	782	0	294474
9946	276175	997	6023	1152	0	284347
9947	7049	975	287569	721	0	296314
9948	280209	555	6617	1062	0	288443
9949	279525	570	2787	1209	0	284091
9950	8485	882	279757	918	0	290042
9951	3519	281586	6500	1243	0	292848
9952	2379	5825	2774	272876	0	283854
9953	1937	2743	283606	6280	0	294566
9954	1653	278258	6763	2988	0	289662
9955	2049	6058	2934	271671	0	282712
9956	2119	2567	1750	282927	0	289363
9957	1912	1589	277342	8140	0	288983
9958	2308	1005	6776	268332	0	278421
9959	2231	940	3448	279610	0	286229
9960	1978	1381	276188	8519	0	288066
9961	2287	1154	7055	260861	0	271357
9962	1912	274579	3976	6818	0	287285
9963	276492	6255	2280	3499	0	288526
9964	7653	2856	2355	269771	0	282635
9965	4065	278807	2793	6610	0	292275
9966	3684	6559	2452	254241	0	266936
9967	3099	283320	2665	6277	0	295361
9968	3616	7349	281184	3083	0	295232
9969	2916	285375	7728	2114	0	298133
9970	282211	7417	3853	2217	0	295698
9971	285137	3290	2741	2118	0	293286
9972	288096	2184	2410	2465	0	295155
9973	10465	1961	287839	2184	0	302449
9974	5352	2130	287099	2112	0	296693
9975	3719	291932	10261	2235	0	308147
9976	4083	7745	4634	268085	0	284547
9977	3504	296837	3144	7309	0	310794
9978	4420	8688	2528	251183	0	266819
9979	3495	295956	2657	7015	0	309123
9980	293853	8461	2345	4009	0	308668
9981	313360	4438	2353	2887	0	323038
9982	12427	2786	2387	318641	0	336241
9983	6486	2654	317084	9518	0	335742
9984	303759	2341	9549	5163	0	320812
9985	10534	319395	5324	3268	0	338521
9986	6164	9446	3437	311810	0	330857
9987	5032	4934	2606	300758	0	313330
9988	3910	317901	3183	10786	0	335780
9989	318345	9807	2818	5101	0	336071
9990	11469	5566	315731	2840	0	335606
9991	6696	3380	9875	313983	0	333934
9992	316707	2702	5162	9898	0	334469
9993	316074	2782	3696	5284	0	327836
9994	13129	314861	3510	3716	0	335216
9995	6908	9910	3214	299591	0	319623
9996	3949	318571	3625	9697	0	335842
9997	323485	10670	2968	5722	0	342845
9998	10884	5721	323968	3863	0	344436
9999	5978	4441	326951	3276	0	340646
10000	4557	3221	12023	314636	0	334437
10001	3906	3140	5793	310216	0	323055
10002	3532	321292	4307	12170	0	341301
10003	3812	10254	3334	321170	0	338570
10004	3445	5554	319596	11602	0	340197
10005	311241	3617	10325	6294	0	331477
10006	10843	3297	5007	321762	0	340909
10007	5509	3945	318346	11061	0	338861
10008	4504	3442	9950	317347	0	335243
10009	3612	3049	5347	307989	0	319997
10010	2904	318395	4206	12686	0	338191
10011	3536	10375	2954	316047	0	332912
10012	3313	5416	2985	310706	0	322420
10013	3706	3862	2796	309328	0	319692
10014	285907	2827	2548	13595	0	304877
10015	9947	282246	3108	6473	0	301774
10016	5395	280402	2804	4159	0	292760
10017	266250	9743	2421	3286	0	281700
10018	250671	4375	2433	3028	0	260507
10019	9434	242008	2768	2660	0	256870
10020	3390	225972	1967	1998	0	233327
10021	198268	5773	1248	1695	0	206984
10022	4831	197861	1120	1573	0	205385
10023	2025	197981	1044	1545	0	202595
10024	191221	5465	2083	1695	0	200464
10025	4438	192984	1123	1542	0	200087
10026	190354	4867	1000	1678	0	197899
10027	189770	2088	1005	1500	0	194363
10028	187602	1799	916	1499	0	191816
10029	5738	185716	1116	1572	0	194142
10030	2548	184958	991	1455	0	189952
10031	2163	5166	561	173092	0	180982
10032	1548	179392	892	4212	0	186044
10033	1802	4831	704	178238	0	185575
10034	178385	2195	779	5073	0	186432
10035	4807	1753	773	173491	0	180824
10036	2121	172970	1051	4859	0	181001
10037	169412	4325	851	2300	0	176888
10038	4500	169197	832	2419	0	176948
10039	2198	174643	718	1735	0	179294
10040	2148	6047	648	161908	0	170751
10041	1397	169313	954	4050	0	175714
10042	166479	4645	978	1904	0	174006
10043	4380	2277	164607	1580	0	172844
10044	1937	162598	3979	1663	0	170177
10045	1754	4252	1547	162307	0	169860
10046	1591	2308	162441	4548	0	170888
10047	1590	1804	3699	157913	0	165006
10048	1541	1457	1657	162634	0	167289
10049	1520	1460	1173	164578	0	168731
10050	1488	1340	975	162912	0	166715
10051	1441	1422	158791	5795	0	167449
10052	1142	157929	4211	3199	0	166481
10053	155141	4145	1630	2707	0	163623
10054	4101	2282	153741	2261	0	162385
10055	150405	1745	3699	2279	0	158128
10056	4559	1679	155398	2030	0	163666
10057	2334	1536	4092	154128	0	162090
10058	2014	1661	155088	4504	0	163267
10059	1730	1767	158962	2323	0	164782
10060	1808	1563	4801	154511	0	162683
10061	1681	1602	2246	151683	0	157212
10062	1724	1536	1371	160496	0	165127
10063	1578	1644	1076	159776	0	164074
10064	156341	1622	1071	5781	0	164815
10065	4247	1756	156313	3170	0	165486
10066	154289	1458	3634	2719	0	162100
10067	157235	1570	1478	2248	0	162531
10068	156690	1545	1061	2125	0	161421
10069	156057	1625	739	1907	0	160328
10070	156863	1559	641	1856	0	160919
10071	6419	1375	618	151832	0	160244
10072	3362	1710	146653	4101	0	155826
10073	2339	1657	142726	2049	0	148771
10074	1855	143718	3940	1714	0	151227
10075	136650	3830	1875	1480	0	143835
10076	3733	2259	996	133723	0	140711
10077	2001	2423	730	130183	0	135337
10078	1545	132723	857	3969	0	139094
10079	1445	132598	764	2068	0	136875
10080	1422	129298	698	1404	0	132822
10081	106783	3271	806	1330	0	112190
10082	1743	1837	296	93654	0	97530
10083	596	93474	340	1564	0	95974
10084	600	1500	176	93447	0	95723
10085	496	821	93838	1516	0	96671
10086	582	621	99499	664	0	101366
10087	739	420	1490	105656	0	108305
10088	110442	411	547	1868	0	113268
10089	116168	472	255	774	0	117669
10090	116208	438	209	645	0	117500
10091	2771	613	116737	461	0	120582
10092	1136	561	1979	113927	0	117603
10093	774	512	718	119971	0	121975
10094	597	657	116994	2536	0	120784
10095	105504	507	2043	1230	0	109284
10096	2381	593	117700	795	0	121469
10097	797	459	113310	468	0	115034
10098	550	445	114978	450	0	116423
10099	495	288	2421	108205	0	111409
10100	402	207	836	113123	0	114568
10101	319	381	116207	2395	0	119302
10102	412	251	1968	115199	0	117830
10103	117830	197	822	2423	0	121272
10104	2056	226	530	120274	0	123086
10105	766	366	123173	2370	0	126675
10106	555	396	130329	973	0	132253
10107	512	268	2559	126329	0	129668
10108	134162	218	960	2451	0	137791
10109	2422	143424	834	938	0	147618
10110	147961	2501	528	862	0	151852
10111	149613	876	579	827	0	151895
10112	3774	536	153271	639	0	158220
10113	1690	193	3035	151147	0	156065
10114	154341	170	1374	3380	0	159265
10115	151887	192	865	1733	0	154677
10116	3628	155118	852	950	0	160548
10117	1766	2582	707	154306	0	159361
10118	1020	940	657	159550	0	162167
10119	739	640	156708	3891	0	161978
10120	867	192	3098	152683	0	156840
10121	843	368	157371	3462	0	162044
10122	868	400	156695	1542	0	159505
10123	953	178	3816	151842	0	156789
10124	151928	136	1676	3369	0	157109
10125	3027	149692	1162	1791	0	155672
10126	149187	2588	743	1213	0	153731
10127	149290	1001	735	939	0	151965
10128	3846	149890	899	819	0	155454
10129	1937	2627	603	142184	0	147351
10130	143573	1096	577	2744	0	147990
10131	3072	144900	730	1243	0	149945
10132	141961	2528	504	1066	0	146059
10133	3006	141655	655	664	0	145980
10134	1615	2413	546	137093	0	141667
10135	1170	956	529	140901	0	143556
10136	137423	529	469	3391	0	141812
10137	134611	446	465	1663	0	137185
10138	3222	138729	680	1321	0	143952
10139	1476	2355	136454	957	0	141242
10140	889	1064	136365	977	0	139295
10141	853	535	3298	128677	0	133363
10142	661	138299	1774	2597	0	143331
10143	861	2245	1084	139739	0	143929
10144	843	980	902	139699	0	142424
10145	897	520	788	141347	0	143552
10146	856	608	139470	3549	0	144483
10147	960	676	138201	1663	0	141500
10148	1024	141456	3350	1077	0	146907
10149	1187	2464	1449	140061	0	145161
10150	1232	1234	810	145985	0	149261
10151	1121	960	143412	3453	0	148946
10152	122996	712	2805	2067	0	128580
10153	3145	597	1371	144436	0	149549
10154	1718	750	145081	2969	0	150518
10155	130680	569	2862	2131	0	136242
10156	2986	145108	1579	1470	0	151143
10157	1956	2710	148954	1237	0	154857
10158	1530	1336	2906	147104	0	152876
10159	147027	823	1665	3412	0	152927
10160	3041	770	152150	1894	0	157855
10161	1689	570	3204	150494	0	155957
10162	1246	679	1777	152424	0	156126
10163	1048	584	1184	164139	0	166955
10164	163255	640	993	4527	0	169415
10165	3153	160884	1193	2650	0	167880
10166	1722	2897	951	162370	0	167940
10167	1205	1564	164388	3815	0	170972
10168	1191	925	3396	156927	0	162439
10169	961	160905	1885	3780	0	167531
10170	938	168782	1338	2037	0	173095
10171	164870	3710	900	1957	0	171437
10172	166457	1583	956	1581	0	170577
10173	4372	1167	165595	1297	0	172431
10174	158705	824	3318	1368	0	164215
10175	3629	165231	1890	1296	0	172046
10176	166180	3240	1039	1459	0	171918
10177	4054	1503	873	165789	0	172219
10178	2221	1410	169362	3576	0	176569
10179	1672	885	3376	167418	0	173351
10180	1435	932	170178	3979	0	176524
10181	162274	758	3774	2289	0	169095
10182	3587	760	1837	168884	0	175068
10183	1729	174717	1328	4048	0	181822
10184	1440	3526	857	176618	0	182441
10185	1260	1772	174790	4385	0	182207
10186	995	169777	3586	2552	0	176910
10187	157978	2977	1584	1817	0	164356
10188	2607	156972	1268	1288	0	162135
10189	1085	154922	1048	1100	0	158155
10190	1032	3215	687	147737	0	152671
10191	649	152816	818	2560	0	156843
10192	984	2847	551	153426	0	157808
10193	910	1491	152359	2760	0	157520
10194	135206	831	2455	1605	0	140097
10195	147999	693	1111	1051	0	150854
10196	3237	877	148557	759	0	153430
10197	138741	610	2342	906	0	142599
10198	2619	145885	1258	783	0	150545
10199	146991	2190	792	910	0	150883
10200	2788	1103	671	144765	0	149327
10201	1296	865	146500	2489	0	151150
10202	876	149514	2453	1465	0	154308
10203	963	2272	1210	147331	0	151776
10204	709	1020	652	148989	0	151370
10205	141702	602	512	3114	0	145930
10206	133685	572	492	1658	0	136407
10207	2539	135003	702	988	0	139232
10208	839	127124	488	609	0	129060
10209	407	121621	361	374	0	122763
10210	867	1517	459	117131	0	119974
10211	115903	345	603	1252	0	118103
10212	113361	274	142	552	0	114329
10213	1241	228	126	112975	0	114570
10214	459	224	156	113369	0	114208
10215	111923	218	142	1296	0	113579
10216	1153	207	149	114071	0	115580
10217	382	381	115285	1111	0	117159
10218	111371	204	948	685	0	113208
10219	115307	230	278	526	0	116341
10220	1308	395	118517	333	0	120553
10221	118418	236	944	533	0	120131
10222	1283	282	300	123890	0	125755
10223	536	256	254	124106	0	125152
10224	424	277	241	125357	0	126299
10225	122041	265	221	1542	0	124069
10226	1074	127728	357	886	0	130045
10227	567	1128	227	127358	0	129280
10228	422	126177	374	1228	0	128201
10229	125764	1090	238	627	0	127719
10230	1269	378	256	127069	0	128972
10231	647	338	193	129173	0	130351
10232	476	128811	350	1498	0	131135
10233	549	1424	126177	555	0	128705
10234	483	424	1128	128034	0	130069
10235	128040	343	412	1519	0	130314
10236	140702	319	294	752	0	142067
10237	2455	497	147391	484	0	150827
10238	977	277	2312	145897	0	149463
10239	471	153162	771	2441	0	156845
10240	535	2480	333	155025	0	158373
10241	154858	681	259	2954	0	158752
10242	155059	435	275	1024	0	156793
10243	3227	359	265	151288	0	155139
10244	981	151131	385	2536	0	155033
10245	159818	2539	189	1037	0	163583
10246	2819	767	200	163734	0	167520
10247	163323	470	202	3181	0	167176
10248	170785	383	186	1377	0	172731
10249	3426	336	189	170939	0	174890
10250	1193	303	251	171809	0	173556
10251	805	345	206	173761	0	175117
10252	540	173292	428	3610	0	177870
10253	742	2790	200	174752	0	178484
10254	792	761	210	175821	0	177584
10255	681	666	169429	3544	0	174320
10256	626	576	166531	1219	0	168952
10257	600	330	3112	165008	0	169050
10258	163275	287	857	3379	0	167798
10259	2711	165007	641	1359	0	169718
10260	159483	2722	284	975	0	163464
10261	3226	953	161363	690	0	166232
10262	1065	621	156342	722	0	158750
10263	616	156625	3145	621	0	161007
10264	1139	2682	1114	156191	0	161126
10265	561	880	157231	2571	0	161243
10266	535	722	161922	909	0	164088
10267	600	524	2721	158813	0	162658
10268	159937	212	799	2789	0	163737
10269	160402	219	395	1111	0	162127
10270	3035	229	249	158554	0	162067
10271	1048	683	169733	2610	0	174074
10272	771	250	2324	170748	0	174093
10273	685	262	698	167063	0	168708
10274	412	173258	693	2716	0	177079
10275	171965	2289	351	1402	0	176007
10276	171836	629	293	1114	0	173872
10277	2842	174717	524	887	0	178970
10278	1165	2447	300	163383	0	167295
10279	584	170961	573	2590	0	174708
10280	170253	2475	424	1168	0	174320
10281	2818	1084	168129	721	0	172752
10282	1057	752	163237	687	0	165733
10283	733	683	163654	606	0	165676
10284	610	414	2942	160442	0	164408
10285	624	330	890	163313	0	165157
10286	161380	298	520	3220	0	165418
10287	2553	300	401	160808	0	164062
10288	1046	306	423	166452	0	168227
10289	711	667	174766	3069	0	179213
10290	596	653	170906	1243	0	173398
10291	165353	302	2847	1220	0	169722
10292	2436	174031	1259	811	0	178537
10293	176028	2319	577	1048	0	179972
10294	2851	710	466	175480	0	179507
10295	1162	501	482	173390	0	175535
10296	770	174818	714	2884	0	179186
10297	855	2399	480	175257	0	178991
10298	173290	771	510	3262	0	177833
10299	2793	601	503	174217	0	178114
10300	1202	755	175402	3055	0	180414
10301	925	171970	2705	1417	0	177017
10302	169010	2384	890	1395	0	173679
10303	171469	821	646	1487	0	174423
10304	171348	654	518	1355	0	173875
10305	172842	499	526	1370	0	175237
10306	3463	488	472	171020	0	175443
10307	1601	494	523	173899	0	176517
10308	1206	729	171939	3479	0	177353
10309	1066	429	2558	170977	0	175030
10310	1031	866	171120	3285	0	176302
10311	1023	472	2579	170903	0	174977
10312	170006	451	864	3677	0	174998
10313	2737	176930	980	1704	0	182351
10314	1351	2459	637	179314	0	183761
10315	980	950	727	183383	0	186040
10316	179421	523	733	3993	0	184670
10317	174921	490	687	2045	0	178143
10318	3319	840	176807	1270	0	182236
10319	1235	177645	2988	1248	0	183116
10320	1109	2545	1105	174406	0	179165
10321	995	895	902	176458	0	179250
10322	172856	640	790	3737	0	178023
10323	172085	524	844	1845	0	175298
10324	3467	753	174341	1152	0	179713
10325	1473	853	174039	954	0	177319
10326	1118	543	3384	168434	0	173479
10327	1027	412	1314	174217	0	176970
10328	1003	814	172120	3479	0	177416
10329	163925	505	2850	1785	0	169065
10330	3316	394	1137	172542	0	177389
10331	170331	346	916	3378	0	174971
10332	2853	170130	927	1842	0	175752
10333	176158	2540	746	1674	0	181118
10334	3563	1328	195429	1035	0	201355
10335	1426	194178	3384	1197	0	200185
10336	673	187247	1135	1220	0	190275
10337	178151	2213	2198	985	0	183547
10338	174982	595	388	740	0	176705
10339	2333	388	226	172714	0	175661
10340	723	174464	499	1820	0	177506
10341	372	180449	501	820	0	182142
10342	501	2177	230	181031	0	183939
10343	182238	655	246	2293	0	185432
10344	184403	411	240	1245	0	186299
10345	2446	590	175165	407	0	178608
10346	168573	194	1576	581	0	170924
10347	1902	187380	719	424	0	190425
10348	191640	2196	262	626	0	194724
10349	2896	232370	590	420	0	236276
10350	727	252713	528	433	0	254401
10351	1210	6874	349	269624	0	278057
10352	289570	2000	364	7152	0	299086
10353	297311	930	208	2440	0	300889
10354	10050	944	289338	1143	0	301475
10355	3709	387	7287	289553	0	300936
10356	293226	322	2168	8207	0	303923
10357	8350	327	1121	295822	0	305620
10358	297877	307	464	8782	0	307430
10359	301607	333	409	2967	0	305316
10360	10119	715	296807	1684	0	309325
10361	4077	363	7456	290743	0	302639
10362	2353	363	2126	300508	0	305350
10363	1494	333	1199	302783	0	305809
10364	1139	886	289614	10650	0	302289
10365	1263	426	7775	287002	0	296466
10366	1208	546	2329	274372	0	278455
10367	736	281683	1765	9744	0	293928
10368	1196	8111	279005	3631	0	291943
10369	768	285416	8092	2277	0	296553
10370	283499	8748	2296	1411	0	295954
10371	8489	2804	1280	269481	0	282054
10372	3412	1747	733	259141	0	265033
10373	1968	270690	1233	9151	0	283042
10374	268811	7936	651	3919	0	281317
10375	273152	2459	549	2572	0	278732
10376	10371	265536	1124	1810	0	278841
10377	4179	274632	1113	1599	0	281523
10378	270714	9532	655	1465	0	282366
10379	9408	3988	267930	1186	0	282512
10380	3888	2347	270721	1391	0	278347
10381	255865	1297	9862	1799	0	268823
10382	8263	267241	4152	1727	0	281383
10383	268336	8174	2105	1980	0	280595
10384	9570	3530	264930	1892	0	279922
10385	262430	2146	8002	2242	0	274820
10386	9683	272662	3316	2105	0	287766
10387	4841	8372	1938	273114	0	288265
10388	3736	2921	1365	278269	0	286291
10389	3267	1977	1428	264269	0	270941
10390	2920	1302	1293	269814	0	275329
10391	2779	1292	1147	255614	0	260832
10392	2487	260207	1370	12188	0	276252
10393	260416	8210	1205	5709	0	275540
10394	9716	3571	258461	3753	0	275501
10395	4874	2237	8351	260562	0	276024
10396	3447	2085	261687	9981	0	277200
10397	2790	1579	9701	260406	0	274476
10398	2605	1517	3719	268130	0	275971
10399	258787	1508	2826	12346	0	275467
10400	9384	1861	256953	5872	0	274070
10401	4058	255522	9487	3979	0	273046
10402	3756	9094	3641	254537	0	271028
10403	3266	3922	2528	265349	0	275065
10404	2874	3498	258676	11303	0	276351
10405	3325	2396	8930	257221	0	271872
10406	3081	2181	3245	267314	0	275821
10407	251421	1896	2192	12846	0	268355
10408	9224	257692	1864	6376	0	275156
10409	258645	9327	1439	4392	0	273803
10410	264523	4237	1276	3600	0	273636
10411	12918	3337	1212	256162	0	273629
10412	6241	2857	253926	9841	0	272865
10413	4342	2715	256472	4437	0	267966
10414	3961	2183	11176	246466	0	263786
10415	3842	2094	5191	238154	0	249281
10416	3106	247148	3978	11270	0	265502
10417	245361	8813	2685	5684	0	262543
10418	9867	242576	2829	4395	0	259667
10419	5141	252502	2499	3783	0	263925
10420	246537	10959	1871	3953	0	263320
10421	10721	4760	1997	239851	0	257329
10422	5029	250413	2433	10973	0	268848
10423	4016	9307	1984	253705	0	269012
10424	2725	4071	246799	12918	0	266513
10425	2549	2999	250134	7133	0	262815
10426	2913	2037	10801	248639	0	264390
10427	2613	2448	249367	11822	0	266250
10428	3061	2052	10445	246636	0	262194
10429	2904	1903	4834	250780	0	260421
10430	2936	1797	3670	255830	0	264233
10431	240926	1753	2797	14392	0	259868
10432	8854	234970	3113	7663	0	254600
10433	3817	240544	2789	5404	0	252554
10434	216405	9911	2018	4364	0	232698
10435	221420	4460	1815	3839	0	231534
10436	10881	3264	1672	213658	0	229475
10437	4838	3074	212408	9602	0	229922
10438	3703	2410	8159	213402	0	227674
10439	2834	2492	212705	10798	0	228829
10440	2519	211202	9497	5504	0	228722
10441	2833	8305	3669	211093	0	225900
10442	209051	3604	2653	9429	0	224737
10443	9548	2871	2050	209276	0	223745
10444	4508	2363	202653	9245	0	218769
10445	194939	1990	8377	4695	0	210001
10446	9081	1873	202395	3727	0	217076
10447	4580	1658	193675	2927	0	202840
10448	2651	178920	9318	3086	0	193975
10449	1159	136297	3189	1619	0	142264
10450	1250	122936	2597	1474	0	128257
10451	87110	3350	4810	2574	0	97844
10452	77034	317	456	603	0	78410
10453	648	134	123	78560	0	79465
10454	305	102	86	79405	0	79898
10455	188	105	107	80528	0	80928
10456	127	80789	196	696	0	81808
10457	80630	466	103	449	0	81648
10458	475	81040	190	230	0	81935
10459	265	511	104	81476	0	82356
10460	80085	222	113	764	0	81184
10461	552	157	105	80285	0	81099
10462	313	123	112	81841	0	82389
10463	81543	110	136	905	0	82694
10464	79954	114	155	513	0	80736
10465	731	226	80791	219	0	81967
10466	357	250	79483	190	0	80280
10467	234	287	83403	234	0	84158
10468	240	154	778	81923	0	83095
10469	224	200	289	84140	0	84853
10470	140	85034	241	863	0	86278
10471	87529	635	126	543	0	88833
10472	753	320	116	88983	0	90172
10473	383	170	97	90714	0	91364
10474	216	91214	212	1052	0	92694
10475	190	97679	247	498	0	98614
10476	272	969	137	100430	0	101808
10477	273	363	127	113126	0	113889
10478	113521	173	139	1907	0	115740
10479	113556	165	143	765	0	114629
10480	1812	167	124	113594	0	115697
10481	627	361	113887	1607	0	116482
10482	396	346	111101	628	0	112471
10483	326	170	1704	111785	0	113985
10484	343	135	510	110521	0	111509
10485	231	110716	440	1933	0	113320
10486	106968	1402	241	777	0	109388
10487	1528	413	190	107251	0	109382
10488	538	392	107536	1588	0	110054
10489	404	173	1432	108973	0	110982
10490	292	313	109189	1751	0	111545
10491	311	368	110717	644	0	112040
10492	297	495	1746	110788	0	113326
10493	110900	157	626	1897	0	113580
10494	1492	302	111093	689	0	113576
10495	589	171	1429	108973	0	111162
10496	383	395	119150	1719	0	121647
10497	388	183	1525	118217	0	120313
10498	410	160	485	120048	0	121103
10499	343	308	119235	1981	0	121867
10500	370	309	117470	796	0	118945
10501	421	239	1997	107081	0	109738
10502	392	140	654	119294	0	120480
10503	415	173	483	119973	0	121044
10504	352	160	348	119317	0	120177
10505	117232	142	329	2293	0	119996
10506	117649	180	355	1127	0	119311
10507	1714	117685	555	686	0	120640
10508	119084	1427	338	849	0	121698
10509	1740	442	396	119893	0	122471
10510	120641	233	413	2107	0	123394
10511	1766	357	121134	878	0	124135
10512	121389	169	1738	905	0	124201
10513	1868	174	717	125525	0	128284
10514	777	153	465	131273	0	132668
10515	130435	159	398	2594	0	133586
10516	1983	207	447	140388	0	143025
10517	788	458	145183	2697	0	149126
10518	140149	200	2424	1354	0	144127
10519	2352	147705	1067	1051	0	152175
10520	879	2131	518	153402	0	156930
10521	680	807	162245	2925	0	166657
10522	622	334	2793	159822	0	163571
10523	513	501	162224	3554	0	166792
10524	606	283	3056	160935	0	164880
10525	440	164686	1099	3549	0	169774
10526	715	2860	590	162736	0	166901
10527	558	171984	726	3549	0	176817
10528	886	3599	539	159909	0	164933
10529	832	847	455	181041	0	183175
10530	921	453	528	182084	0	183986
10531	831	293	526	182655	0	184305
10532	926	265	551	183573	0	185315
10533	711	512	178436	4966	0	184625
10534	763	193	3590	178279	0	182825
10535	634	240	1318	181873	0	184065
10536	180445	244	930	4921	0	186540
10537	3560	180690	801	2357	0	187408
10538	181214	3540	583	1685	0	187022
10539	4276	1052	577	182254	0	188159
10540	1461	797	181254	4572	0	188084
10541	742	181851	4121	2104	0	188818
10542	177708	3566	1516	1792	0	184582
10543	3712	179596	1237	1541	0	186086
10544	1031	185581	1046	1384	0	189042
10545	182156	4233	747	1468	0	188604
10546	4122	1348	608	193750	0	199828
10547	193175	647	689	5221	0	199732
10548	4716	446	686	190270	0	196118
10549	1456	730	190994	5425	0	198605
10550	877	739	189946	2313	0	193875
10551	181007	403	5185	2111	0	188706
10552	191943	380	1738	1743	0	195804
10553	5320	386	1050	186593	0	193349
10554	1990	420	749	189720	0	192879
10555	179555	523	615	6289	0	186982
10556	4349	181461	917	2761	0	189488
10557	1407	186961	918	1997	0	191283
10558	183721	4826	662	1669	0	190878
10559	184694	1474	653	1589	0	188410
10560	5394	183564	961	1457	0	191376
10561	2256	4533	597	182600	0	189986
10562	1495	1602	182240	4977	0	190314
10563	1163	1202	183079	2072	0	187516
10564	174629	687	5224	1779	0	182319
10565	4938	865	182150	1507	0	189460
10566	2090	652	4610	175106	0	182458
10567	1503	680	1389	172241	0	175813
10568	1002	177302	1245	5565	0	185114
10569	176510	4310	839	2415	0	184074
10570	5181	1308	763	175769	0	183021
10571	1940	1149	172412	5087	0	180588
10572	1364	171575	4492	2596	0	180027
10573	1340	4539	1394	169166	0	176439
10574	1123	1576	168995	4823	0	176517
10575	1227	1128	165680	2071	0	170106
10576	909	160609	5080	1744	0	168342
10577	145340	3553	1495	1202	0	151590
10578	3491	148336	977	1290	0	154094
10579	147316	3631	678	1244	0	152869
10580	3875	1448	145740	1175	0	152238
10581	139552	872	3462	1313	0	145199
10582	3693	145669	1464	1249	0	152075
10583	1751	3402	867	145379	0	151399
10584	1218	1271	734	150461	0	153684
10585	147586	836	758	4732	0	153912
10586	3699	936	147542	1986	0	154163
10587	144823	727	3509	1646	0	150705
10588	148997	699	1288	1416	0	152400
10589	4418	919	143848	1385	0	150570
10590	1754	954	147173	1248	0	151129
10591	1337	776	4075	141514	0	147702
10592	144023	794	1529	4246	0	150592
10593	144933	904	1011	1913	0	148761
10594	4257	145962	1018	1491	0	152728
10595	1954	3671	715	147198	0	153538
10596	1481	1401	778	142634	0	146294
10597	1401	1001	768	143983	0	147153
10598	1328	769	793	146280	0	149170
10599	142488	758	880	4914	0	149040
10600	4342	850	836	144375	0	150403
10601	1903	1065	142764	4339	0	150071
10602	1487	978	142868	1744	0	147077
10603	133710	791	4409	1554	0	140464
10604	4259	140304	1804	1230	0	147597
10605	1885	145672	1346	1084	0	149987
10606	1782	4526	918	142461	0	149687
10607	1551	1599	852	146244	0	150246
10608	1440	1038	924	144892	0	148294
10609	1436	841	833	147027	0	150137
10610	1334	1044	142515	4913	0	149806
10611	1553	783	3756	139289	0	145381
10612	1682	702	1429	140257	0	144070
10613	1208	912	133125	4493	0	139738
10614	120913	574	3817	2084	0	127388
10615	3863	128592	1789	1498	0	135742
10616	118069	2898	1036	1223	0	123226
10617	3442	1039	114876	1007	0	120364
10618	1531	712	113186	867	0	116296
10619	976	110955	3440	870	0	116241
10620	103447	3809	4784	1288	0	113328
10621	97549	856	961	843	0	100209
10622	96800	480	516	796	0	98592
10623	2721	94622	637	759	0	98739
10624	91676	1954	457	640	0	94727
10625	2342	816	92119	611	0	95888
10626	806	91746	2107	613	0	95272
10627	86780	1802	835	599	0	90016
10628	1961	88974	585	569	0	92089
10629	85604	1753	404	536	0	88297
10630	83523	519	412	553	0	85007
10631	2134	452	85743	447	0	88776
10632	737	85992	1882	482	0	89093
10633	83638	1590	686	550	0	86464
10634	1825	607	83787	444	0	86663
10635	679	83827	1720	448	0	86674
10636	707	1613	671	80147	0	83138
10637	420	567	80173	1437	0	82597
10638	431	424	78697	566	0	80118
10639	458	452	1569	76989	0	79468
10640	75801	205	569	1433	0	78008
10641	1357	76349	450	715	0	78871
10642	578	1309	75645	332	0	77864
10643	564	496	74424	257	0	75741
10644	67860	310	1406	332	0	69908
10645	1186	73956	602	243	0	75987
10646	62337	573	257	195	0	63362
10647	650	62888	181	118	0	63837
10648	64011	591	223	195	0	65020
10649	62756	191	83	168	0	63198
10650	765	62390	175	116	0	63446
10651	330	651	115	62999	0	64095
10652	67250	216	123	814	0	68403
10653	819	160	116	68585	0	69680
10654	307	106	130	72614	0	73157
10655	71932	96	126	1156	0	73310
10656	872	72197	219	362	0	73650
10657	72894	884	107	398	0	74283
10658	1012	371	72939	135	0	74457
10659	379	143	924	72942	0	74388
10660	287	129	276	73718	0	74410
10661	73101	129	153	1168	0	74551
10662	73506	125	146	417	0	74194
10663	1141	134	116	73212	0	74603
10664	391	232	74622	978	0	76223
10665	302	132	910	73750	0	75094
10666	294	138	256	75226	0	75914
10667	279	133	151	75615	0	76178
10668	274	118	126	75813	0	76331
10669	73848	121	133	1267	0	75369
10670	1012	242	74568	444	0	76266
10671	392	74977	1013	333	0	76715
10672	313	951	281	74190	0	75735
10673	312	282	147	77190	0	77931
10674	320	279	76563	1221	0	78383
10675	270	299	76030	467	0	77066
10676	275	129	1118	76766	0	78288
10677	336	111	343	77846	0	78636
10678	298	236	76226	1388	0	78148
10679	384	172	1043	75404	0	77003
10680	76036	161	391	1334	0	77922
10681	1179	78581	325	618	0	80703
10682	547	1163	77973	400	0	80083
10683	328	78088	1202	369	0	79987
10684	419	1148	360	78111	0	80038
10685	370	452	78924	1248	0	80994
10686	321	78609	1261	679	0	80870
10687	362	1052	418	79065	0	80897
10688	363	462	80848	1276	0	82949
10689	355	267	1153	79370	0	81145
10690	379	188	391	80337	0	81295
10691	80200	186	278	1636	0	82300
10692	1325	185	257	80095	0	81862
10693	80538	208	242	1549	0	82537
10694	77927	191	258	690	0	79066
10695	77759	177	267	635	0	78838
10696	1674	185	250	76952	0	79061
10697	548	256	75450	1330	0	77584
10698	345	294	74546	621	0	75806
10699	73636	158	1376	605	0	75775
10700	1239	231	76975	408	0	78853
10701	72778	134	1292	534	0	74738
10702	1207	76547	605	411	0	78770
10703	76994	1034	309	480	0	78817
10704	1302	415	78616	407	0	80740
10705	713	337	82240	367	0	83657
10706	391	241	1440	83606	0	85678
10707	298	260	88485	1591	0	90634
10708	314	296	91531	569	0	92710
10709	326	225	1824	93406	0	95781
10710	341	178	562	99452	0	100533
10711	336	155	304	101677	0	102472
10712	193	103187	395	2725	0	106500
10713	454	1915	302	97907	0	100578
10714	218	105422	430	2177	0	108247
10715	105192	2056	274	908	0	108430
10716	107241	615	303	648	0	108807
10717	2573	275	309	102333	0	105490
10718	821	103160	401	2339	0	106721
10719	496	2097	105254	906	0	108753
10720	104306	551	2288	635	0	107780
10721	2435	282	776	105138	0	108631
10722	948	193	438	106756	0	108335
10723	648	242	344	108342	0	109576
10724	104348	207	395	3052	0	108002
10725	2319	101731	542	1124	0	105716
10726	813	104810	548	688	0	106859
10727	100083	2482	406	556	0	103527
10728	2222	101927	516	605	0	105270
10729	102107	2259	412	618	0	105396
10730	102038	710	424	624	0	103796
10731	2652	101492	547	628	0	105319
10732	1068	2174	430	98107	0	101779
10733	479	101601	550	2406	0	105036
10734	537	2273	403	100871	0	104084
10735	614	725	363	105139	0	106841
10736	103698	477	354	3239	0	107768
10737	106727	383	386	1393	0	108889
10738	3146	312	424	106115	0	109997
10739	1211	520	104472	2815	0	109018
10740	100048	347	2509	1424	0	104328
10741	2509	104035	1144	1015	0	108703
10742	1160	2447	591	103868	0	108066
10743	865	892	440	106095	0	108292
10744	744	631	421	106953	0	108749
10745	101782	478	345	3681	0	106286
10746	101670	524	356	1726	0	104276
10747	3079	98590	510	1105	0	103284
10748	1235	100458	526	925	0	103144
10749	1052	2956	365	98353	0	102726
10750	919	1214	349	100415	0	102897
10751	874	823	98622	3141	0	103460
10752	843	667	2210	94683	0	98403
10753	676	606	93400	2869	0	97551
10754	717	461	89561	1209	0	91948
10755	666	89301	2599	936	0	93502
10756	844	2232	955	89009	0	93040
10757	90347	863	453	2707	0	94370
10758	2526	603	285	89987	0	93401
10759	1208	695	89004	2642	0	93549
10760	86284	619	2053	1217	0	90173
10761	88923	555	749	831	0	91058
10762	3084	683	87630	796	0	92193
10763	1430	566	2030	90018	0	94044
10764	89379	449	732	2654	0	93214
10765	2597	91544	558	1240	0	95939
10766	92821	2344	363	1104	0	96632
10767	95545	958	368	1054	0	97925
10768	3166	667	386	93752	0	97971
10769	1418	478	360	97184	0	99440
10770	95636	500	402	3372	0	99910
10771	2975	452	385	96255	0	100067
10772	1306	675	95454	3032	0	100467
10773	90618	510	2280	1610	0	95018
10774	93234	465	902	1208	0	95809
10775	2963	92022	644	1090	0	96719
10776	1191	95144	503	1041	0	97879
10777	946	2959	367	90605	0	94877
10778	730	94662	479	2682	0	98553
10779	903	2609	366	94857	0	98735
10780	93848	955	369	2956	0	98128
10781	92020	653	378	1476	0	94527
10782	2893	91323	518	1093	0	95827
10783	90059	2293	427	979	0	93758
10784	2589	90782	586	968	0	94925
10785	90374	2338	502	995	0	94209
10786	91519	938	505	976	0	93938
10787	3010	708	89049	929	0	93696
10788	86202	515	2198	893	0	89808
10789	2715	86941	1040	845	0	91541
10790	1298	89842	647	838	0	92625
10791	89323	2543	451	875	0	93192
10792	3007	1039	322	89520	0	93888
10793	1402	816	89878	2543	0	94639
10794	1278	559	2123	89650	0	93610
10795	1126	551	782	92666	0	95125
10796	1059	618	89988	3005	0	94670
10797	83637	496	2163	1539	0	87835
10798	2711	88463	962	1114	0	93250
10799	86639	2098	482	920	0	90139
10800	2901	931	344	84993	0	89169
10801	84495	620	303	2404	0	87822
10802	2662	84115	449	1259	0	88485
10803	1480	2242	314	83967	0	88003
10804	82331	773	378	2483	0	85965
10805	2532	567	77801	1174	0	82074
10806	1075	481	71113	836	0	73505
10807	65281	446	2227	697	0	68651
10808	2033	66186	908	556	0	69683
10809	673	57652	383	359	0	59067
10810	1400	1610	592	52317	0	55919
10811	513	54118	261	1055	0	55947
10812	604	1141	307	52851	0	54903
10813	580	454	241	55613	0	56888
10814	448	298	196	54477	0	55419
10815	380	53868	282	1245	0	55775
10816	494	884	184	53192	0	54754
10817	465	464	52223	1018	0	54170
10818	379	51314	822	523	0	53038
10819	462	865	279	46822	0	48428
10820	345	48961	267	729	0	50302
10821	48559	758	188	371	0	49876
10822	48502	341	166	370	0	49379
10823	48515	254	169	340	0	49278
10824	1051	49774	238	299	0	51362
10825	582	723	170	49611	0	51086
10826	490	432	49331	696	0	50949
10827	417	389	48534	354	0	49694
10828	45952	349	819	390	0	47510
10829	47738	272	374	385	0	48769
10830	911	252	198	50300	0	51661
10831	539	240	167	51793	0	52739
10832	421	282	52368	1101	0	54172
10833	351	51348	831	605	0	53135
10834	344	51200	433	396	0	52373
10835	373	843	49352	249	0	50817
10836	354	540	800	47262	0	48956
10837	315	343	310	41181	0	42149
10838	276	205	117	48124	0	48722
10839	306	191	120	48249	0	48866
10840	47687	180	106	845	0	48818
10841	756	251	46517	342	0	47866
10842	45610	215	571	251	0	46647
10843	773	221	259	46760	0	48013
10844	46622	182	156	722	0	47682
10845	807	188	119	47007	0	48121
10846	362	261	47227	706	0	48556
10847	315	170	581	47288	0	48354
10848	248	241	48719	748	0	49956
10849	237	214	604	47433	0	48488
10850	239	236	50136	732	0	51343
10851	187	50626	634	384	0	51831
10852	249	608	258	50762	0	51877
10853	257	269	159	50163	0	50848
10854	164	51715	172	750	0	52801
10855	52555	582	135	415	0	53687
10856	697	274	112	52342	0	53425
10857	353	185	144	51909	0	52591
10858	52531	165	147	928	0	53771
10859	53537	152	128	486	0	54303
10860	55419	134	138	396	0	56087
10861	55718	138	114	340	0	56310
10862	928	198	53338	275	0	54739
10863	51799	129	650	315	0	52893
10864	54030	117	283	310	0	54740
10865	906	115	204	51396	0	52621
10866	459	141	141	51188	0	51929
10867	49309	89	98	871	0	50367
10868	608	49079	151	435	0	50273
10869	311	554	66	47857	0	48788
10870	154	261	49831	611	0	50857
10871	77	49420	527	282	0	50306
10872	49158	486	309	259	0	50212
10873	49600	189	139	212	0	50140
10874	49954	88	68	189	0	50299
10875	50683	47	83	190	0	51003
10876	676	69	65	49605	0	50415
10877	269	126	49414	557	0	50366
10878	159	120	52528	263	0	53070
10879	127	62	808	55910	0	56907
10880	59334	57	259	850	0	60500
10881	920	39	103	59659	0	60721
10882	377	111	60412	928	0	61828
10883	60114	35	856	425	0	61430
10884	61024	41	272	240	0	61577
10885	1151	44	121	61681	0	62997
10886	466	133	63747	925	0	65271
10887	260	129	65159	304	0	65852
10888	61361	32	1146	289	0	62828
10889	982	64296	395	222	0	65895
10890	402	927	65342	169	0	66840
10891	320	234	946	64684	0	66184
10892	64691	93	334	1131	0	66249
10893	992	63196	255	384	0	64827
10894	362	64264	181	215	0	65022
10895	63783	1100	110	251	0	65244
10896	1058	323	121	63666	0	65168
10897	67285	136	124	1147	0	68692
10898	1253	105	98	68574	0	70030
10899	462	100	112	69405	0	70079
10900	287	146	68748	1367	0	70548
10901	296	149	66643	490	0	67578
10902	326	150	69339	238	0	70053
10903	289	83	1413	67867	0	69652
10904	69498	71	440	1273	0	71282
10905	1326	176	69874	464	0	71840
10906	581	58	1180	69652	0	71471
10907	395	219	71164	1296	0	73074
10908	273	71610	1422	507	0	73812
10909	352	1217	461	72156	0	74186
10910	323	314	277	73036	0	73950
10911	364	145	248	73555	0	74312
10912	72289	104	277	1782	0	74452
10913	1421	118	255	71896	0	73690
10914	583	139	250	72835	0	73807
10915	71657	134	273	1718	0	73782
10916	1429	251	71016	611	0	73307
10917	70140	140	1321	431	0	72032
10918	71333	148	445	390	0	72316
10919	1709	254	70303	370	0	72636
10920	67676	157	1313	396	0	69542
10921	1591	175	487	69562	0	71815
10922	664	204	72190	1385	0	74443
10923	70961	99	1367	690	0	73117
10924	72446	86	488	575	0	73595
10925	1806	88	333	71538	0	73765
10926	718	81	321	72474	0	73594
10927	499	81	321	72948	0	73849
10928	70534	72	335	1849	0	72790
10929	1450	71211	418	758	0	73837
10930	68405	1061	294	538	0	70298
10931	1297	66027	370	387	0	68081
10932	466	66321	437	415	0	67639
10933	482	1274	316	66273	0	68345
10934	428	355	252	67514	0	68549
10935	374	180	275	66850	0	67679
10936	371	129	257	67474	0	68231
10937	351	223	65903	1617	0	68094
10938	63475	156	1233	746	0	65610
10939	1387	163	470	66465	0	68485
10940	610	237	66694	1425	0	68966
10941	557	158	1223	66598	0	68536
10942	538	161	428	68199	0	69326
10943	487	259	69827	1662	0	72235
10944	531	157	1240	69464	0	71392
10945	492	182	480	70400	0	71554
10946	69652	114	369	1792	0	71927
10947	1372	199	70924	787	0	73282
10948	66523	101	1277	684	0	68585
10949	1438	71219	604	546	0	73807
10950	69840	1095	401	573	0	71909
10951	68778	317	416	594	0	70105
10952	1654	199	335	68365	0	70553
10953	688	258	68137	1471	0	70554
10954	462	72350	1354	784	0	74950
10955	560	1300	447	66687	0	68994
10956	363	75490	455	1367	0	77675
10957	74981	1304	319	746	0	77350
10958	1469	451	73946	568	0	76434
10959	547	368	73397	535	0	74847
10960	482	217	1522	71406	0	73627
10961	421	276	74038	1608	0	76343
10962	451	186	1381	74204	0	76222
10963	472	213	490	74727	0	75902
10964	75093	160	333	1907	0	77493
10965	1450	75684	414	904	0	78452
10966	590	1287	321	76424	0	78622
10967	495	321	360	78152	0	79328
10968	473	197	381	76279	0	77330
10969	405	74494	501	1856	0	77256
10970	364	76221	482	873	0	77940
10971	74614	1404	340	703	0	77061
10972	75177	398	323	660	0	76558
10973	74731	216	287	632	0	75866
10974	1750	277	73441	541	0	76009
10975	726	390	1328	72063	0	74507
10976	495	309	72336	1646	0	74786
10977	386	71890	1434	823	0	74533
10978	67557	1276	602	675	0	70110
10979	1270	394	65462	439	0	67565
10980	559	276	1014	61614	0	63463
10981	388	223	63081	1103	0	64795
10982	60285	175	1030	593	0	62083
10983	63266	127	411	451	0	64255
10984	63211	148	270	410	0	64039
10985	62159	145	231	424	0	62959
10986	1151	277	62949	346	0	64723
10987	60043	144	833	396	0	61416
10988	61679	131	341	359	0	62510
10989	1001	61653	358	327	0	63339
10990	60713	727	189	354	0	61983
10991	61889	226	187	355	0	62657
10992	1100	168	213	58471	0	59952
10993	420	62671	243	843	0	64177
10994	65157	792	179	468	0	66596
10995	69561	277	218	366	0	70422
10996	1334	287	76039	356	0	78016
10997	519	210	75540	233	0	76502
10998	363	237	76701	200	0	77501
10999	311	352	1642	74562	0	76867
11000	75021	129	590	1422	0	77162
11001	1325	75503	361	582	0	77771
11002	74199	1215	218	382	0	76014
11003	1418	75166	274	311	0	77169
11004	73524	1258	205	286	0	75273
11005	1352	73551	279	238	0	75420
11006	534	74933	276	214	0	75957
11007	71315	1398	171	299	0	73183
11008	1257	73616	239	215	0	75327
11009	604	1245	168	73088	0	75105
11010	394	513	73955	1171	0	76033
11011	324	381	74221	412	0	75338
11012	336	199	1423	72332	0	74290
11013	314	180	506	74989	0	75989
11014	326	298	74496	1467	0	76587
11015	361	190	1218	72966	0	74735
11016	349	175	457	75104	0	76085
11017	74377	177	306	1590	0	76450
11018	1296	74842	339	724	0	77201
11019	621	1261	269	69560	0	71711
11020	383	75399	355	1227	0	77364
11021	74256	1334	318	527	0	76435
11022	1362	74773	372	379	0	76886
11023	74788	1340	268	334	0	76730
11024	75168	493	241	349	0	76251
11025	1745	362	207	74096	0	76410
11026	777	314	254	74727	0	76072
11027	602	324	230	75277	0	76433
11028	493	338	272	75462	0	76565
11029	440	414	73087	1687	0	75628
11030	66436	346	1305	791	0	68878
11031	1420	72641	598	441	0	75100
11032	783	1303	335	73603	0	76024
11033	586	541	335	73270	0	74732
11034	423	74293	417	1645	0	76778
11035	73904	1365	382	762	0	76413
11036	1483	75312	414	483	0	77692
11037	764	1520	283	74872	0	77439
11038	634	628	274	76838	0	78374
11039	605	452	240	77082	0	78379
11040	578	407	248	77115	0	78348
11041	75216	385	260	1900	0	77761
11042	1695	467	75295	735	0	78192
11043	797	418	1461	72749	0	75425
11044	595	373	639	73844	0	75451
11045	550	377	498	74171	0	75596
11046	590	340	429	73625	0	74984
11047	70364	323	339	2105	0	73131
11048	1706	418	71201	934	0	74259
11049	933	465	1318	66338	0	69054
11050	588	66989	581	1531	0	69689
11051	450	70036	410	835	0	71731
11052	68221	1672	238	747	0	70878
11053	1579	846	68494	505	0	71424
11054	61160	595	1152	472	0	63379
11055	1532	538	63659	419	0	66148
11056	614	358	1101	59951	0	62024
11057	61099	288	463	1478	0	63328
11058	1072	62301	438	892	0	64703
11059	565	1125	363	57806	0	59859
11060	400	60063	433	1240	0	62136
11061	60901	1123	331	811	0	63166
11062	60830	457	288	790	0	62365
11063	1439	301	223	60742	0	62705
11064	659	381	59671	1501	0	62212
11065	483	416	59723	811	0	61433
11066	485	460	1206	57849	0	60000
11067	372	59375	566	1225	0	61538
11068	421	1350	236	61504	0	63511
11069	497	686	114	59261	0	60558
11070	499	502	121	59514	0	60636
11071	447	443	59769	1708	0	62367
11072	447	294	1041	58898	0	60680
11073	353	263	460	59701	0	60777
11074	228	58883	442	2019	0	61572
11075	247	1293	278	56930	0	58748
11076	303	409	246	61845	0	62803
11077	358	291	289	62424	0	63362
11078	351	207	314	62233	0	63105
11079	395	249	230	61510	0	62384
11080	346	289	232	61553	0	62420
11081	400	332	171	60369	0	61272
11082	334	402	191	59208	0	60135
11083	528	488	49115	7210	0	57341
11084	442	376	919	56799	0	58536
11085	56008	288	378	1666	0	58340
11086	1301	228	244	54637	0	56410
11087	642	305	54944	1598	0	57489
11088	52042	195	1119	1009	0	54365
11089	55870	230	466	811	0	57377
11090	55634	233	379	699	0	56945
11091	55901	208	259	766	0	57134
11092	1581	206	190	56093	0	58070
11093	679	239	54779	1564	0	57261
11094	408	52347	1075	878	0	54708
11095	277	47906	462	634	0	49279
11096	596	931	1127	38147	0	40801
11097	193	111	316	40580	0	41200
11098	88	81	55	40358	0	40582
11099	90	43	44	42381	0	42558
11100	87	61	39	48064	0	48251
11101	51199	51	49	1026	0	52325
11102	897	52276	111	339	0	53623
11103	211	54339	97	221	0	54868
11104	153	1407	70	55036	0	56666
11105	129	333	52	56786	0	57300
11106	134	124	61	56836	0	57155
11107	122	64	40	56866	0	57092
11108	103	114	53834	1570	0	55621
11109	82	53243	1153	571	0	55049
11110	114	1105	268	52796	0	54283
11111	51956	281	108	1297	0	53642
11112	1095	156	70	52647	0	53968
11113	306	157	52909	1313	0	54685
11114	157	155	52090	490	0	52892
11115	110	178	53948	339	0	54575
11116	138	190	1369	51699	0	53396
11117	54241	83	446	1360	0	56130
11118	1093	85	164	54821	0	56163
11119	348	75	101	57009	0	57533
11120	56434	64	119	1587	0	58204
11121	1196	83	130	58114	0	59523
11122	385	88	119	59425	0	60017
11123	225	144	61387	1538	0	63294
11124	129	61714	1245	585	0	63673
11125	176	1154	337	63299	0	64966
11126	62799	291	183	1479	0	64752
11127	1283	139	125	63597	0	65144
11128	402	163	63978	1517	0	66060
11129	256	225	1181	62970	0	64632
11130	145	64337	421	1493	0	66396
11131	215	1202	175	65271	0	66863
11132	188	434	64657	1521	0	66800
11133	122	69071	1298	697	0	71188
11134	253	1519	389	69926	0	72087
11135	208	450	212	76442	0	77312
11136	169	237	162	77385	0	77953
11137	191	148	155	77846	0	78340
11138	173	217	75501	2276	0	78167
11139	120	75709	1629	908	0	78366
11140	75767	1545	507	649	0	78468
11141	77055	450	292	510	0	78307
11142	1923	228	195	76368	0	78714
11143	588	240	75726	1870	0	78424
11144	72758	127	1641	832	0	75358
11145	1647	132	538	76811	0	79128
11146	572	215	79239	1887	0	81913
11147	389	121	1642	79108	0	81260
11148	310	134	536	80300	0	81280
11149	263	130	283	81400	0	82076
11150	301	218	82761	2377	0	85657
11151	420	185	1689	76701	0	78995
11152	202	83169	643	1928	0	85942
11153	83509	1572	330	872	0	86283
11154	84280	533	230	701	0	85744
11155	84308	297	226	658	0	85489
11156	2113	83196	345	622	0	86276
11157	83127	1637	200	696	0	85660
11158	1842	507	239	82134	0	84722
11159	81755	267	270	2093	0	84385
11160	82199	211	254	1036	0	83700
11161	2138	361	80516	729	0	83744
11162	744	80192	1786	682	0	83404
11163	79889	1638	612	619	0	82758
11164	1818	585	327	80057	0	82787
11165	744	404	79860	2011	0	83019
11166	461	80003	1827	942	0	83233
11167	78531	1622	650	809	0	81612
11168	1808	596	346	79572	0	82322
11169	818	312	276	80827	0	82233
11170	557	280	258	80162	0	81257
11171	399	79171	366	2563	0	82499
11172	516	1696	263	79109	0	81584
11173	352	78865	404	2281	0	81902
11174	428	1771	350	79772	0	82321
11175	449	719	79303	2251	0	82722
11176	476	388	1757	79465	0	82086
11177	453	268	693	81008	0	82422
11178	504	274	434	82204	0	83416
11179	456	370	79826	2726	0	83378
11180	514	267	1816	78873	0	81470
11181	523	244	718	81870	0	83355
11182	475	302	455	82486	0	83718
11183	501	346	369	82381	0	83597
11184	544	258	364	83010	0	84176
11185	503	430	80652	2730	0	84315
11186	593	277	1748	80428	0	83046
11187	523	326	696	81193	0	82738
11188	77570	251	407	2765	0	80993
11189	1889	77003	431	1377	0	80700
11190	878	79675	456	1016	0	82025
11191	685	2023	366	78911	0	81985
11192	546	781	351	78117	0	79795
11193	523	75785	392	2504	0	79204
11194	604	1682	288	75438	0	78012
11195	462	75482	431	2329	0	78704
11196	716	1770	327	74867	0	77680
11197	632	731	278	74028	0	75669
11198	470	454	70439	2281	0	73644
11199	379	68808	1569	1203	0	71959
11200	355	65368	560	767	0	67050
11201	56509	1195	591	597	0	58892
11202	841	57828	277	481	0	59427
11203	519	908	204	56795	0	58426
11204	423	443	55205	1109	0	57180
11205	302	400	788	54574	0	56064
11206	53614	239	354	1218	0	55425
11207	912	284	55620	685	0	57501
11208	396	57098	852	612	0	58958
11209	461	1004	404	48588	0	50457
11210	273	362	270	58726	0	59631
11211	58752	251	193	1448	0	60644
11212	805	223	190	59291	0	60509
11213	425	211	177	59588	0	60401
11214	300	222	152	59514	0	60188
11215	208	233	169	59306	0	59916
11216	57522	187	195	1475	0	59379
11217	57058	225	167	937	0	58387
11218	1067	181	151	57531	0	58930
11219	55712	185	199	1184	0	57280
11220	869	207	160	54780	0	56016
11221	402	252	52914	1223	0	54791
11222	321	245	51444	769	0	52779
11223	292	384	879	46767	0	48322
11224	196	48669	422	1038	0	50325
11225	227	720	200	48329	0	49476
11226	47544	348	148	1093	0	49133
11227	664	238	132	48465	0	49499
11228	47183	177	150	1194	0	48704
11229	782	226	134	48277	0	49419
11230	306	261	48771	1061	0	50399
11231	190	48171	665	643	0	49669
11232	134	49401	331	570	0	50436
11233	166	1023	183	43585	0	44957
11234	131	269	44097	645	0	45142
11235	36	38481	236	213	0	38966
11236	241	239	111	37589	0	38180
11237	37004	69	59	285	0	37417
11238	166	119	38259	131	0	38675
11239	65	44	131	37949	0	38189
11240	64	49	49	39661	0	39823
11241	61	77	39642	268	0	40048
11242	63	101	37862	162	0	38188
11243	62	121	40147	126	0	40456
11244	56	63	213	39980	0	40312
11245	44	84	41622	254	0	42004
11246	37229	37	238	174	0	37678
11247	289	51	84	42811	0	43235
11248	171	135	52807	335	0	53448
11249	62	54729	371	238	0	55400
11250	80	385	54564	144	0	55173
11251	94	161	418	53987	0	54660
11252	57223	88	177	607	0	58095
11253	437	54	89	58988	0	59568
11254	152	48	46	59920	0	60166
11255	64422	33	47	731	0	65233
11256	658	51	45	66193	0	66947
11257	192	140	67179	766	0	68277
11258	64379	40	680	360	0	65459
11259	668	68037	262	178	0	69145
11260	68609	636	71	197	0	69513
11261	743	158	51	68705	0	69657
11262	226	168	68561	719	0	69674
11263	177	156	69559	267	0	70159
11264	124	142	860	69179	0	70305
11265	132	46	228	69236	0	69642
11266	133	163	70309	836	0	71441
11267	120	146	68314	284	0	68864
11268	68911	33	889	264	0	70097
11269	771	66	274	71045	0	72156
11270	71798	35	164	869	0	72866
11271	864	43	104	71505	0	72516
11272	269	154	74493	918	0	75834
11273	243	228	78413	281	0	79165
11274	187	86	998	79182	0	80453
11275	188	29	284	82032	0	82533
11276	164	156	84010	1126	0	85456
11277	80631	45	1046	461	0	82183
11278	1137	50	272	86659	0	88118
11279	89507	33	174	1325	0	91039
11280	1218	100128	300	372	0	102018
11281	456	1557	153	102004	0	104170
11282	102573	330	124	1918	0	104945
11283	1797	289	103992	486	0	106564
11284	580	95	1743	103975	0	106393
11285	380	111	464	105194	0	106149
11286	262	76	262	107753	0	108353
11287	218	205	106058	2278	0	108759
11288	273	122	1825	102982	0	105202
11289	161	105952	648	1962	0	108723
11290	269	1688	341	107151	0	109449
11291	264	459	106699	2019	0	109441
11292	281	313	108055	653	0	109302
11293	327	110	2215	107157	0	109809
11294	326	94	650	108997	0	110067
11295	247	85	375	110710	0	111417
11296	308	84	281	111250	0	111923
11297	109393	66	310	2647	0	112416
11298	109062	82	266	992	0	110402
11299	2322	210	108371	569	0	111472
11300	642	110256	2049	597	0	113544
11301	518	1785	577	112153	0	115033
11302	116445	395	351	2443	0	119634
11303	110103	267	452	1001	0	111823
11304	118022	157	319	680	0	119178
11305	118237	122	312	681	0	119352
11306	2528	269	116879	514	0	120190
11307	111396	133	2068	704	0	114301
11308	2140	113985	753	594	0	117472
11309	854	1842	413	115164	0	118273
11310	589	636	115876	2277	0	119378
11311	586	243	2179	114509	0	117517
11312	494	409	116004	2523	0	119430
11313	564	231	2255	115430	0	118480
11314	513	202	772	119007	0	120494
11315	117817	183	510	2921	0	121431
11316	2281	179	428	118697	0	121585
11317	785	362	119744	2653	0	123544
11318	691	198	2261	122068	0	125218
11319	121710	167	811	3013	0	125701
11320	2341	165	643	123890	0	127039
11321	908	361	123863	2731	0	127863
11322	540	122785	2386	1316	0	127027
11323	126678	1978	808	1281	0	130745
11324	2475	562	697	121223	0	124957
11325	865	129496	780	2381	0	133522
11326	128252	2076	555	1286	0	132169
11327	2533	756	128984	987	0	133260
11328	933	127713	2496	1001	0	132143
11329	841	2068	917	129288	0	133114
11330	741	782	128859	2654	0	133036
11331	810	362	2393	124450	0	128015
11332	126011	287	891	3000	0	130189
11333	2741	422	125936	1379	0	130478
11334	1155	282	2297	125059	0	128793
11335	848	467	126751	2788	0	130854
11336	866	275	2542	124350	0	128033
11337	752	284	930	128586	0	130552
11338	125195	276	662	3347	0	129480
11339	2426	126249	760	1661	0	131096
11340	1227	1978	602	126648	0	130455
11341	125533	562	586	2970	0	129651
11342	126133	366	622	1472	0	128593
11343	2818	444	620	122927	0	126809
11344	1028	122255	766	2784	0	126833
11345	707	126505	737	1370	0	129319
11346	862	2307	663	122788	0	126620
11347	787	711	607	123023	0	125128
11348	111015	402	515	2967	0	114899
11349	2272	303	526	110445	0	113546
11350	809	394	106609	2530	0	110342
11351	97068	239	1999	1360	0	100666
11352	2052	102998	779	1073	0	106902
11353	101702	1679	553	1013	0	104947
11354	2216	678	104011	911	0	107816
11355	788	105060	1884	827	0	108559
11356	105039	1705	1004	782	0	108530
11357	105712	491	556	756	0	107515
11358	2224	493	106243	571	0	109531
11359	102550	358	1885	692	0	105485
11360	107187	276	598	707	0	108768
11361	2211	107664	534	684	0	111093
11362	916	1785	396	110041	0	113138
11363	714	667	108798	2155	0	112334
11364	702	385	2003	109325	0	112415
11365	485	473	112203	2395	0	115556
11366	536	301	2055	109641	0	112533
11367	111396	266	703	2451	0	114816
11368	2192	169	483	114025	0	116869
11369	809	372	118192	2385	0	121758
11370	115891	186	2224	1063	0	119364
11371	2531	189	705	120812	0	124237
11372	789	361	117312	2492	0	120954
11373	108139	187	2225	1064	0	111615
11374	2550	268	641	113907	0	117366
11375	829	339	111526	2375	0	115069
11376	581	392	109601	742	0	111316
11377	599	1096	2167	105862	0	109724
11378	515	332	109561	2044	0	112452
11379	380	105938	2046	727	0	109091
11380	512	1472	408	94630	0	97022
11381	94363	226	255	1358	0	96202
11382	1164	264	95662	321	0	97411
11383	349	222	94574	241	0	95386
11384	84703	66	1357	352	0	86478
11385	1185	181	94912	188	0	96466
11386	86403	75	1256	287	0	88021
11387	1182	171	93843	204	0	95400
11388	462	66	1163	91191	0	92882
11389	276	217	94900	1062	0	96455
11390	250	140	1125	92364	0	93879
11391	225	191	96765	1138	0	98319
11392	207	202	94535	363	0	95307
11393	83478	83	1307	424	0	85292
11394	1027	95212	547	223	0	97009
11395	95567	958	267	283	0	97075
11396	1067	96938	312	184	0	98501
11397	407	1008	215	97002	0	98632
11398	287	284	236	99626	0	100433
11399	98663	113	208	1346	0	100330
11400	1167	84	199	97961	0	99411
11401	392	237	97267	1165	0	99061
11402	90853	81	1111	544	0	92589
11403	94617	88	443	363	0	95511
11404	1320	104	266	94581	0	96271
11405	462	255	96330	1130	0	98177
11406	374	131	1136	94057	0	95698
11407	225	96501	540	1200	0	98466
11408	298	1030	293	96523	0	98144
11409	353	274	284	98652	0	99563
11410	296	270	96292	1399	0	98257
11411	80566	102	1250	885	0	82803
11412	1100	95202	589	406	0	97297
11413	94306	980	338	434	0	96058
11414	1120	96005	429	358	0	97912
11415	558	1127	321	93344	0	95350
11416	297	95561	431	1780	0	98069
11417	404	1235	93090	552	0	95281
11418	349	343	1294	88466	0	90452
11419	353	197	524	91054	0	92128
11420	363	108	379	93154	0	94004
11421	91017	101	393	1608	0	93119
11422	1319	136	404	90734	0	92593
11423	87958	152	408	1515	0	90033
11424	88691	136	384	669	0	89880
11425	86587	159	441	597	0	87784
11426	1592	261	87667	416	0	89936
11427	701	143	1370	87429	0	89643
11428	492	181	676	93291	0	94640
11429	459	137	560	95536	0	96692
11430	100457	141	473	1959	0	103030
11431	1880	159	533	100743	0	103315
11432	711	194	566	104123	0	105594
11433	109703	158	531	2358	0	112750
11434	2236	185	506	113129	0	116056
11435	790	334	116386	2323	0	119833
11436	573	360	118062	813	0	119808
11437	631	181	2663	118158	0	121633
11438	117382	182	933	2609	0	121106
11439	114201	188	725	919	0	116033
11440	2763	174	551	115736	0	119224
11441	898	323	115979	2521	0	119721
11442	640	115265	2503	868	0	119276
11443	638	2179	777	116946	0	120540
11444	577	481	601	119026	0	120685
11445	619	348	513	119063	0	120543
11446	117547	229	465	3049	0	121290
11447	2463	385	118524	1097	0	122469
11448	117297	231	2432	857	0	120817
11449	2763	257	698	115041	0	118759
11450	878	119541	645	2488	0	123552
11451	120164	2169	434	1126	0	123893
11452	118154	552	396	907	0	120009
11453	2889	486	124817	790	0	128982
11454	933	119583	2526	867	0	123909
11455	660	118338	801	717	0	120516
11456	115740	2322	567	812	0	119441
11457	2465	588	400	115846	0	119299
11458	999	366	387	115571	0	117323
11459	831	272	355	113025	0	114483
11460	528	110811	490	2827	0	114656
11461	449	113903	467	1063	0	115882
11462	110593	2174	278	891	0	113936
11463	2314	549	293	110356	0	113512
11464	741	496	119930	2383	0	123550
11465	676	300	2510	124067	0	127553
11466	542	391	137221	3290	0	141444
11467	605	398	139175	1098	0	141276
11468	660	432	139119	770	0	140981
11469	359	130097	4238	607	0	135301
11470	816	3137	1863	119789	0	125605
11471	386	129530	929	2911	0	133756
11472	585	3654	540	119312	0	124091
11473	568	1001	398	131912	0	133879
11474	130441	630	344	4186	0	135601
11475	3352	378	280	131259	0	135269
11476	129641	307	301	4028	0	134277
11477	131239	312	268	1565	0	133384
11478	4177	250	286	123424	0	128137
11479	1541	125771	471	3569	0	131352
11480	1178	3103	344	120956	0	125581
11481	707	126068	490	3678	0	130943
11482	735	3450	333	125602	0	130120
11483	678	1253	124680	4024	0	130635
11484	680	712	3221	125084	0	129697
11485	626	449	1103	129209	0	131387
11486	121877	394	794	4605	0	127670
11487	3249	124675	641	2044	0	130609
11488	1370	3254	552	124838	0	130014
11489	1179	1097	521	122902	0	125699
11490	674	122502	707	4410	0	128293
11491	897	3438	517	122544	0	127396
11492	117511	1170	497	4440	0	123618
11493	121586	838	494	1984	0	124902
11494	4137	119886	614	1535	0	126172
11495	1800	3439	406	120055	0	125700
11496	115967	1196	465	4018	0	121646
11497	3594	119219	654	1878	0	125345
11498	1728	3544	518	109101	0	114891
11499	1158	117649	809	3632	0	123248
11500	116835	3679	679	1832	0	123025
11501	3713	1449	116194	1523	0	122879
11502	1540	1181	116940	1204	0	120865
11503	1311	863	4238	115031	0	121443
11504	1476	828	116684	4026	0	123014
11505	832	723	4027	114364	0	119946
11506	114054	742	1572	4399	0	120767
11507	3696	856	116481	2050	0	123083
11508	1548	724	3527	115670	0	121469
11509	1325	742	1322	119508	0	122897
11510	116642	701	921	4954	0	123218
11511	3597	118711	833	2489	0	125630
11512	119193	3458	500	1866	0	125017
11513	118882	1475	486	1577	0	122420
11514	4431	116010	690	1602	0	122733
11515	2156	3539	500	117181	0	123376
11516	1411	1688	115134	3949	0	122182
11517	1137	1270	3377	111552	0	117336
11518	887	115629	1392	4209	0	122117
11519	116837	3722	1011	2008	0	123578
11520	3659	1544	782	118066	0	124051
11521	1445	1404	118638	4350	0	125837
11522	1211	956	3525	119180	0	124872
11523	903	918	1395	123322	0	126538
11524	910	920	1026	124242	0	127098
11525	944	856	734	124519	0	127053
11526	1071	749	670	121381	0	123871
11527	884	856	116091	5662	0	123493
11528	1275	802	111844	2793	0	116714
11529	797	106643	3918	2102	0	113460
11530	708	106281	1606	1504	0	110099
11531	102717	3158	992	1396	0	108263
11532	3070	1448	102439	1170	0	108127
11533	91486	1062	3030	1139	0	96717
11534	2952	728	91254	980	0	95914
11535	1212	654	87802	795	0	90463
11536	922	543	3051	83680	0	88196
11537	86741	579	1445	2658	0	91423
11538	2414	504	826	87681	0	91425
11539	1097	551	538	89159	0	91345
11540	763	599	93090	3480	0	97932
11541	578	436	2219	93895	0	97128
11542	701	301	884	94712	0	96598
11543	670	310	576	95263	0	96819
11544	774	347	412	95095	0	96628
11545	783	326	297	95535	0	96941
11546	91442	329	293	3837	0	95901
11547	2439	424	245	91555	0	94663
11548	1030	619	88332	3212	0	93193
11549	982	572	1955	88874	0	92383
11550	623	568	88388	2929	0	92508
11551	613	592	2427	88545	0	92177
11552	499	466	91015	3020	0	95000
11553	432	601	2561	83879	0	87473
11554	472	318	1086	87833	0	89709
11555	475	447	86354	3040	0	90316
11556	76669	381	2242	1758	0	81050
11557	2104	426	86849	1223	0	90602
11558	980	437	2453	86586	0	90456
11559	87520	210	1133	2652	0	91515
11560	2260	251	727	88191	0	91429
11561	1159	336	429	89669	0	91593
11562	854	350	88657	3071	0	92932
11563	476	85944	2087	1762	0	90269
11564	294	74795	753	938	0	76780
11565	242	71232	640	585	0	72699
11566	1369	482	962	54873	0	57686
11567	55552	93	232	443	0	56320
11568	228	65	65	55375	0	55733
11569	132	36	50	55742	0	55960
11570	101	32	61	56339	0	56533
11571	60	36	66	56009	0	56171
11572	28	55384	96	452	0	55960
11573	78	209	73	56320	0	56680
11574	62	90	44	55966	0	56162
11575	29	55693	89	420	0	56231
11576	56189	221	55	294	0	56759
11577	261	94	39	56439	0	56833
11578	55886	39	56	425	0	56406
11579	55626	32	59	259	0	55976
11580	310	57212	100	167	0	57789
11581	164	264	90	60416	0	60934
11582	110	158	60249	336	0	60853
11583	95	132	59329	177	0	59733
11584	92	219	303	59258	0	59872
11585	60788	49	174	423	0	61434
11586	62246	34	82	307	0	62669
11587	328	30	70	63163	0	63591
11588	63309	48	83	460	0	63900
11589	295	63124	131	191	0	63741
11590	62904	261	80	193	0	63438
11591	296	67850	121	127	0	68394
11592	187	295	71	69551	0	70104
11593	136	140	62	69426	0	69764
11594	83	70123	139	421	0	70766
11595	69576	275	73	352	0	70276
11596	333	213	69265	150	0	69961
11597	186	87	293	68637	0	69203
11598	149	167	70730	372	0	71418
11599	131	84	307	69839	0	70361
11600	71260	59	124	514	0	71957
11601	349	62	81	71295	0	71787
11602	70719	55	73	511	0	71358
11603	70474	52	68	336	0	70930
11604	414	45	61	70474	0	70994
11605	189	129	69893	449	0	70660
11606	124	72674	374	314	0	73486
11607	115	287	132	71398	0	71932
11608	69908	129	74	533	0	70644
11609	424	170	70573	253	0	71420
11610	237	90	294	69961	0	70582
11611	197	93	143	69913	0	70346
11612	143	78	102	71307	0	71630
11613	70888	94	94	647	0	71723
11614	403	87	118	70046	0	70654
11615	194	72	114	71446	0	71826
11616	181	173	71094	524	0	71972
11617	179	66	378	70720	0	71343
11618	206	58	195	72542	0	73001
11619	197	54	132	73421	0	73804
11620	135	73058	157	636	0	73986
11621	203	309	73	71117	0	71702
11622	179	165	74	71671	0	72089
11623	68586	78	96	677	0	69437
11624	451	195	69530	294	0	70470
11625	252	201	67001	241	0	67695
11626	153	69208	450	221	0	70032
11627	198	393	157	70780	0	71528
11628	70584	157	140	582	0	71463
11629	425	92	72	69539	0	70128
11630	230	71	77	71172	0	71550
11631	136	60	69	71615	0	71880
11632	136	59	73	71078	0	71346
11633	148	58	56	71101	0	71363
11634	159	149	70205	629	0	71142
11635	146	66	342	70173	0	70727
11636	70037	79	144	644	0	70904
11637	387	69099	141	359	0	69986
11638	185	346	63	69686	0	70280
11639	167	133	77	69999	0	70376
11640	157	203	66632	621	0	67613
11641	146	57	378	64941	0	65522
11642	161	72	163	71159	0	71555
11643	71371	64	122	929	0	72486
11644	587	74119	175	537	0	75418
11645	318	646	99	75387	0	76450
11646	215	282	89	76687	0	77273
11647	219	184	96	77068	0	77567
11648	173	139	77294	1074	0	78680
11649	165	169	75445	545	0	76324
11650	112	76742	994	405	0	78253
11651	110	78959	374	331	0	79774
11652	142	921	150	76529	0	77742
11653	103	71687	222	978	0	72990
11654	150	1087	110	83141	0	84488
11655	145	415	95	94430	0	95085
11656	152	150	84	100308	0	100694
11657	131	99	84	113102	0	113416
11658	143	194	112250	2839	0	115426
11659	220	90	1858	112640	0	114808
11660	173	93	844	114946	0	116056
11661	186	91	372	117296	0	117945
11662	111195	85	211	3531	0	115022
11663	1873	115432	345	1782	0	119432
11664	1110	2121	208	102019	0	105458
11665	375	116153	286	2217	0	119031
11666	111870	2338	155	1301	0	115664
11667	93485	1289	202	1017	0	95993
11668	2266	115297	213	715	0	118491
11669	907	119378	188	594	0	121067
11670	627	3278	115052	471	0	119428
11671	344	119865	2189	448	0	122846
11672	421	2690	916	115382	0	119409
11673	117596	1325	426	2461	0	121808
11674	2185	120406	307	1315	0	124213
11675	1035	2555	288	121709	0	125587
11676	549	1321	243	124216	0	126329
11677	350	713	256	126461	0	127780
11678	121791	396	225	3951	0	126363
11679	2379	552	122626	1941	0	127498
11680	115465	342	2243	1342	0	119392
11681	2584	120345	1132	922	0	124983
11682	1223	2453	444	120894	0	125014
11683	768	1291	119849	2783	0	124691
11684	109310	670	2454	1650	0	114084
11685	2501	119887	1219	862	0	124469
11686	1419	2614	550	114846	0	119429
11687	602	119437	461	2521	0	123021
11688	537	2781	357	119691	0	123366
11689	519	1319	327	122791	0	124956
11690	389	951	120014	3587	0	124941
11691	374	698	115978	1842	0	118892
11692	415	603	3100	115074	0	119192
11693	349	619	117477	3111	0	121556
11694	358	424	2654	116390	0	119826
11695	473	426	1326	115127	0	117352
11696	356	384	801	120108	0	121649
11697	117008	298	531	4180	0	122017
11698	2537	294	581	118297	0	121709
11699	1201	492	117606	3463	0	122762
11700	115611	359	2441	2176	0	120587
11701	2594	416	1258	119575	0	123843
11702	1472	405	699	121642	0	124218
11703	117894	419	464	4146	0	122923
11704	2557	121657	671	2226	0	127111
11705	1521	2526	487	123392	0	127926
11706	847	1276	431	123483	0	126037
11707	119679	770	501	4282	0	125232
11708	2725	688	120691	2400	0	126504
11709	1512	631	2431	119442	0	124016
11710	935	574	1304	121027	0	123840
11711	745	565	760	117754	0	119824
11712	591	118932	689	4297	0	124509
11713	679	2502	621	120085	0	123887
11714	117705	1333	524	3860	0	123422
11715	2528	118687	634	2470	0	124319
11716	116700	2614	549	1806	0	121669
11717	2768	119944	573	1503	0	124788
11718	119272	2936	481	1642	0	124331
11719	3161	1602	119082	1318	0	125163
11720	1658	1209	118914	1281	0	123062
11721	116123	740	3188	1418	0	121469
11722	2875	918	122161	1192	0	127146
11723	1819	701	2797	120657	0	125974
11724	1168	687	1590	115113	0	118558
11725	909	478	1058	125018	0	127463
11726	122408	528	812	4311	0	128059
11727	2799	689	120989	2383	0	126860
11728	119871	523	2744	1852	0	124990
11729	3111	547	1427	126516	0	131601
11730	127001	547	820	3813	0	132181
11731	3464	587	563	128802	0	133416
11732	131968	665	674	3855	0	137162
11733	3670	608	543	140757	0	145578
11734	1846	778	143047	4131	0	149802
11735	141866	635	3086	2387	0	147974
11736	148567	513	1495	1787	0	152362
11737	4692	557	932	148340	0	154521
11738	2346	629	742	142930	0	146647
11739	1238	148481	1027	4626	0	155372
11740	142700	3060	832	2510	0	149102
11741	3542	146604	832	1799	0	152777
11742	138910	3145	833	1596	0	144484
11743	3624	1413	141651	1431	0	148119
11744	1781	987	142117	1283	0	146168
11745	1293	674	140067	1257	0	143291
11746	132315	573	4279	1212	0	138379
11747	3411	140201	1957	1219	0	146788
11748	1859	2810	1088	137425	0	143182
11749	134887	1210	853	3468	0	140418
11750	3159	140721	994	2062	0	146936
11751	1789	4336	764	130959	0	137848
11752	1143	136888	813	3280	0	142124
11753	963	133492	813	1872	0	137140
11754	961	132992	663	1277	0	135893
11755	116443	3097	1058	1255	0	121853
11756	2173	117627	480	959	0	121239
11757	674	103331	417	592	0	105014
11758	529	102373	456	490	0	103848
11759	100498	1601	763	519	0	103381
11760	100717	429	376	555	0	102077
11761	1826	357	98523	410	0	101116
11762	94674	235	1378	505	0	96792
11763	99499	206	476	496	0	100677
11764	1778	253	269	98703	0	101003
11765	100552	243	205	1627	0	102627
11766	1695	361	99861	551	0	102468
11767	591	106075	1489	406	0	108561
11768	106852	1523	510	514	0	109399
11769	1754	514	266	110136	0	112670
11770	110175	295	225	1776	0	112471
11771	1894	429	105557	561	0	108441
11772	105803	271	1415	452	0	107941
11773	1893	274	406	110403	0	112976
11774	678	312	110813	1677	0	113480
11775	409	108020	1652	600	0	110681
11776	299	112295	542	404	0	113540
11777	481	2168	348	108769	0	111766
11778	453	631	179	103784	0	105047
11779	254	111082	224	1568	0	113128
11780	111284	1540	148	501	0	113473
11781	110720	441	135	334	0	111630
11782	108054	248	130	285	0	108717
11783	1967	112162	249	298	0	114676
11784	876	1572	128	103081	0	105657
11785	357	112864	243	1481	0	114945
11786	112955	1622	156	499	0	115232
11787	112002	454	108	402	0	112966
11788	1926	110840	224	423	0	113413
11789	112377	1538	118	366	0	114399
11790	1877	458	138	112275	0	114748
11791	697	303	177	113288	0	114465
11792	114234	208	206	2007	0	116655
11793	111985	259	205	661	0	113110
11794	112822	239	185	427	0	113673
11795	2163	314	179	111657	0	114313
11796	876	253	185	113685	0	114999
11797	499	448	112412	1949	0	115308
11798	548	336	1568	110090	0	112542
11799	503	383	454	111173	0	112513
11800	551	447	109485	1885	0	112368
11801	549	474	106102	629	0	107754
11802	459	460	110411	391	0	111721
11803	534	380	1986	108216	0	111116
11804	583	539	107652	1709	0	110483
11805	602	431	1659	106325	0	109017
11806	624	466	465	109346	0	110901
11807	564	560	108858	2052	0	112034
11808	570	628	108993	665	0	110856
11809	611	448	1908	106004	0	108971
11810	510	612	113753	1812	0	116687
11811	611	580	113250	651	0	115092
11812	567	112071	2090	483	0	115211
11813	114487	1819	625	470	0	117401
11814	115063	699	356	520	0	116638
11815	114640	500	292	528	0	115960
11816	2250	113830	357	483	0	116920
11817	980	115411	397	501	0	117289
11818	836	2041	293	114166	0	117336
11819	778	726	310	113806	0	115620
11820	689	556	112072	2142	0	115459
11821	729	380	1774	110609	0	113492
11822	111378	331	613	2123	0	114445
11823	2151	428	435	102258	0	105272
11824	875	110814	489	1819	0	113997
11825	113755	1799	361	882	0	116797
11826	114976	661	356	671	0	116664
11827	116198	411	410	652	0	117671
11828	2578	431	114207	558	0	117774
11829	1041	675	1625	113819	0	117160
11830	118201	274	643	2207	0	121325
11831	2285	440	122684	843	0	126252
11832	815	118128	2158	706	0	121807
11833	509	112924	703	467	0	114603
11834	104698	1790	716	419	0	107623
11835	1660	106244	398	397	0	108699
11836	680	1559	286	103669	0	106194
11837	443	568	105644	1624	0	108279
11838	475	410	1550	104218	0	106653
11839	104504	188	460	1887	0	107039
11840	1566	104435	444	768	0	107213
11841	103190	1457	283	492	0	105422
11842	1740	483	103385	426	0	106034
11843	643	416	1595	96915	0	99569
11844	355	105711	648	1563	0	108277
11845	492	1595	365	105921	0	108373
11846	107456	392	292	1811	0	109951
11847	108606	261	283	705	0	109855
11848	108292	218	324	523	0	109357
11849	109029	220	309	469	0	110027
11850	2040	199	289	104660	0	107188
11851	741	411	106195	1691	0	109038
11852	608	341	1585	100092	0	102626
11853	412	105569	614	1620	0	108215
11854	106104	1429	448	666	0	108647
11855	1678	515	105670	471	0	108334
11856	100451	261	1579	469	0	102760
11857	1712	240	523	104167	0	106642
11858	693	393	107068	1637	0	109791
11859	535	249	1529	105617	0	107930
11860	107380	254	560	1860	0	110054
11861	108194	244	399	706	0	109543
11862	108022	240	365	604	0	109231
11863	1913	392	107682	388	0	110375
11864	784	462	1496	105142	0	107884
11865	541	437	109405	1543	0	111926
11866	490	108475	1598	601	0	111164
11867	102396	1267	588	523	0	104774
11868	1353	100732	449	398	0	102932
11869	96292	1051	316	426	0	98085
11870	1304	341	197	92921	0	94763
11871	421	96325	315	981	0	98042
11872	96729	1006	199	471	0	98405
11873	1257	401	97820	281	0	99759
11874	501	280	1008	95273	0	97062
11875	96525	186	295	1189	0	98195
11876	1224	354	97155	420	0	99153
11877	580	214	1011	93014	0	94819
11878	468	94769	455	1056	0	96748
11879	520	1088	258	97214	0	99080
11880	534	404	215	98320	0	99473
11881	94174	312	190	1354	0	96030
11882	1186	96799	302	595	0	98882
11883	547	1126	231	93021	0	94925
11884	432	96478	290	1113	0	98313
11885	493	1149	297	94126	0	96065
11886	406	97904	374	1154	0	99838
11887	96806	1121	278	546	0	98751
11888	1375	498	99076	366	0	101315
11889	597	305	1153	97482	0	99537
11890	566	280	385	98850	0	100081
11891	545	236	298	99081	0	100160
11892	607	254	239	97894	0	98994
11893	563	391	96690	1430	0	99074
11894	521	98676	1178	621	0	100996
11895	98097	1076	340	603	0	100116
11896	98386	390	284	540	0	99600
11897	1331	99325	361	510	0	101527
11898	99845	1157	247	551	0	101800
11899	99419	421	290	525	0	100655
11900	1396	102607	402	445	0	104850
11901	770	1246	283	97712	0	100011
11902	518	103716	405	1098	0	105737
11903	102490	1171	299	606	0	104566
11904	1352	502	102215	439	0	104508
11905	92731	257	1177	715	0	94880
11906	1388	387	104461	482	0	106718
11907	717	263	1182	102902	0	105064
11908	104086	222	413	1424	0	106145
11909	1473	393	103725	553	0	106144
11910	96288	245	1150	628	0	98311
11911	101180	255	435	624	0	102494
11912	1541	331	325	99152	0	101349
11913	632	101955	419	1243	0	104249
11914	103063	1266	231	599	0	105159
11915	1461	497	209	101289	0	103456
11916	635	101387	335	1270	0	103627
11917	101684	1191	225	718	0	103818
11918	1391	506	273	101914	0	104084
11919	549	107005	457	1338	0	109349
11920	565	1191	251	109921	0	111928
11921	110774	372	304	1512	0	112962
11922	110194	299	277	778	0	111548
11923	111096	262	280	619	0	112257
11924	1649	284	317	108160	0	110410
11925	694	291	241	108467	0	109693
11926	550	445	108980	1426	0	111401
11927	599	613	1153	107579	0	109944
11928	590	476	112913	1369	0	115348
11929	395	343	104011	482	0	105231
11930	222	245	102844	270	0	103581
11931	171	107210	1028	482	0	108891
11932	453	928	707	98248	0	100336
11933	154	114442	296	695	0	115587
11934	116612	1023	148	476	0	118259
11935	116922	328	172	313	0	117735
11936	1339	200	129	120702	0	122370
11937	458	325	124338	1251	0	126372
11938	389	156	1354	122928	0	124827
11939	315	328	128658	1572	0	130873
11940	355	174	1465	122284	0	124278
11941	232	128207	481	1457	0	130377
11942	200	131974	313	492	0	132979
11943	127777	1635	153	441	0	130006
11944	1603	653	129087	259	0	131602
11945	560	247	1429	126226	0	128462
11946	418	182	377	129337	0	130314
11947	129993	167	225	1975	0	132360
11948	1494	131763	332	817	0	134406
11949	130968	1466	193	511	0	133138
11950	1539	134132	375	344	0	136390
11951	132042	1534	227	417	0	134220
11952	134679	443	224	556	0	135902
11953	1940	326	210	135501	0	137977
11954	644	400	136091	1629	0	138764
11955	126917	256	1615	765	0	129553
11956	1622	136954	630	536	0	139742
11957	138284	1577	324	566	0	140751
11958	1843	501	233	134227	0	136804
11959	755	335	231	133262	0	134583
11960	442	134966	364	1879	0	137651
11961	535	1604	216	131376	0	133731
11962	365	136483	377	1721	0	138946
11963	521	1699	210	133903	0	136333
11964	507	524	196	133242	0	134469
11965	127631	341	240	2148	0	130360
11966	1763	463	130338	712	0	133276
11967	651	129467	1657	523	0	132298
11968	623	1607	441	129715	0	132386
11969	132605	523	340	1932	0	135400
11970	134444	387	280	847	0	135958
11971	133716	306	304	762	0	135088
11972	2203	490	132915	438	0	136046
11973	130897	317	1816	645	0	133675
11974	2140	318	596	134353	0	137407
11975	132440	333	360	2150	0	135283
11976	1988	131870	463	852	0	135173
11977	937	1854	309	132715	0	135815
11978	131291	613	302	2150	0	134356
11979	2026	135860	502	894	0	139282
11980	938	1995	270	136614	0	139817
11981	762	852	135523	2158	0	139295
11982	133403	526	1875	1084	0	136888
11983	143343	427	584	799	0	145153
11984	2890	555	143335	550	0	147330
11985	1002	140470	2239	636	0	144347
11986	820	145161	805	803	0	147589
11987	847	2587	591	143591	0	147616
11988	788	854	391	139638	0	141671
11989	777	544	372	144691	0	146384
11990	678	594	145856	2924	0	150052
11991	141041	506	2401	1305	0	145253
11992	152948	472	754	1011	0	155185
11993	156598	487	455	951	0	158491
11994	157444	485	386	942	0	159257
11995	158875	488	403	876	0	160642
11996	160515	482	461	925	0	162383
11997	3729	588	510	166346	0	171173
11998	1469	689	165293	3135	0	170586
11999	1122	719	168897	1177	0	171915
12000	1068	557	3314	166372	0	171311
12001	1100	640	949	165757	0	168446
12002	1182	614	541	163356	0	165693
12003	953	168812	625	3775	0	174165
12004	169397	3128	472	1481	0	174478
12005	3579	174922	670	1072	0	180243
12006	1536	3352	453	171369	0	176710
12007	168626	976	493	3815	0	173910
12008	3566	171512	618	1429	0	177125
12009	1611	3393	412	172095	0	177511
12010	1276	1150	368	175534	0	178328
12011	1121	822	355	174848	0	177146
12012	944	174068	600	4499	0	180111
12013	1174	3496	373	177263	0	182306
12014	1003	1310	176480	4267	0	183060
12015	1200	829	3580	177329	0	182938
12016	1214	641	949	181945	0	184749
12017	1261	686	550	191763	0	194260
12018	1263	688	430	195832	0	198213
12019	1258	835	188762	5714	0	196569
12020	1031	188445	4289	2603	0	196368
12021	1285	4299	1324	188250	0	195158
12022	1244	1385	855	196035	0	199519
12023	1204	994	677	187468	0	190343
12024	1040	187613	944	6087	0	195684
12025	1015	197191	882	2837	0	201925
12026	191678	5089	549	2132	0	199448
12027	4956	1849	471	187856	0	195132
12028	1883	1367	186221	5157	0	194628
12029	1223	185930	4277	2456	0	193886
12030	180035	4305	1469	1924	0	187733
12031	4570	1713	178371	1465	0	186119
12032	1757	1275	177721	1445	0	182198
12033	1235	995	177149	1329	0	180708
12034	1091	2022	5238	169647	0	177998
12035	904	904	172929	4643	0	179380
12036	683	166377	4707	2306	0	174073
12037	905	3674	1751	160242	0	166572
12038	766	1474	163863	4205	0	170308
12039	742	1054	4051	159394	0	165241
12040	157518	698	1679	4926	0	164821
12041	3741	911	158957	2388	0	165997
12042	152235	735	3964	2086	0	159020
12043	3988	161781	1818	1649	0	169236
12044	161342	3838	1195	1591	0	167966
12045	4494	1498	1065	161041	0	168098
12046	161404	1051	969	4713	0	168137
12047	162295	833	1032	2371	0	166531
12048	156833	975	1026	1868	0	160702
12049	5003	160624	1145	1584	0	168356
12050	160306	3767	1066	1584	0	166723
12051	161030	1379	1227	1534	0	165170
12052	5188	1244	157777	1369	0	165578
12053	2408	157018	4166	1515	0	165107
12054	1963	4097	1865	155223	0	163148
12055	1628	1790	1348	159066	0	163832
12056	1490	1264	1136	160087	0	163977
12057	1326	1176	156299	5468	0	164269
12058	1379	902	4147	155539	0	161967
12059	1377	1016	156942	5186	0	164521
12060	153064	851	4577	2802	0	161294
12061	158851	876	1969	2299	0	163995
12062	5116	1165	157405	1898	0	165584
12063	155217	908	4245	1925	0	162295
12064	160748	814	2045	1909	0	165516
12065	162216	817	1623	1795	0	166451
12066	6010	836	1335	157720	0	165901
12067	3079	1109	159573	4725	0	168486
12068	2195	160719	4381	2546	0	169841
12069	2235	3928	1885	158235	0	166283
12070	2040	1857	161393	4541	0	169831
12071	1789	1425	156049	2432	0	161695
12072	147332	1224	4675	2095	0	155326
12073	3995	159722	2359	2055	0	168131
12074	160208	3645	1611	2121	0	167585
12075	160600	1577	1524	2064	0	165765
12076	4754	160822	1740	1900	0	169216
12077	159650	3607	1500	1799	0	166556
12078	4764	1753	164207	1704	0	172428
12079	2846	1276	162015	1611	0	167748
12080	2710	1091	161816	1417	0	167034
12081	1957	157973	4880	1482	0	166292
12082	153686	3152	2879	1334	0	161051
12083	153710	1341	1918	1392	0	158361
12084	4601	149489	1810	1265	0	157165
12085	2410	155038	1647	1449	0	160544
12086	2055	3722	1536	151964	0	159277
12087	1785	1991	1267	154707	0	159750
12088	153182	1343	1260	4269	0	160054
12089	3766	155048	1557	2158	0	162529
12090	152276	3283	1325	1675	0	158559
12091	148332	1559	1290	1426	0	152607
12092	4422	1517	147707	1171	0	154817
12093	2714	145080	3289	1051	0	152134
12094	2788	3268	1703	142569	0	150328
12095	141665	1519	1377	2723	0	147284
12096	4314	1104	1256	138681	0	145355
12097	132024	850	1267	2693	0	136834
12098	3426	936	130044	1286	0	135692
12099	1983	126401	3029	1177	0	132590
12100	1652	129748	1586	1008	0	133994
12101	1999	3615	1452	116125	0	123191
12102	1530	130407	1161	1945	0	135043
12103	129091	2711	1126	1284	0	134212
12104	2662	1773	126966	938	0	132339
12105	117496	1263	2194	1125	0	122078
12106	2834	1205	128289	991	0	133319
12107	2050	920	2190	125326	0	130486
12108	1802	970	1217	127614	0	131603
12109	1855	821	1001	129182	0	132859
12110	126724	704	902	2688	0	131018
12111	2799	767	128574	1416	0	133556
12112	1780	772	1951	125348	0	129851
12113	1437	733	1132	123605	0	126907
12114	1411	122747	933	2489	0	127580
12115	1176	122192	807	1567	0	125742
12116	1314	124394	799	1160	0	127667
12117	984	1962	525	114355	0	117826
12118	793	853	414	109131	0	111191
12119	377	106475	337	928	0	108117
12120	335	107703	293	517	0	108848
12121	104946	744	629	581	0	106900
12122	800	537	203	104374	0	105914
12123	307	103604	266	504	0	104681
12124	104388	416	279	374	0	105457
12125	645	210	204	104786	0	105845
12126	110492	111	174	644	0	111421
12127	745	176	197	112449	0	113567
12128	354	321	117702	703	0	119080
12129	238	118960	613	390	0	120201
12130	113364	519	254	460	0	114597
12131	693	343	120954	175	0	122165
12132	217	121276	553	202	0	122248
12133	268	454	168	120693	0	121583
12134	110	131	79	122160	0	122480
12135	144	88	60	119150	0	119442
12136	118	77	50	118460	0	118705
12137	144	209	120410	441	0	121204
12138	80	119309	410	259	0	120058
12139	107	355	94	119175	0	119731
12140	113881	108	75	547	0	114611
12141	296	119151	153	360	0	119960
12142	153	361	54	125469	0	126037
12143	207	302	124430	600	0	125539
12144	69	125835	699	397	0	127000
12145	569	747	199	112758	0	114273
12146	71	129073	173	374	0	129691
12147	129438	728	47	350	0	130563
12148	129616	178	50	273	0	130117
12149	967	292	127844	122	0	129225
12150	122612	92	721	292	0	123717
12151	128863	64	182	263	0	129372
12152	1023	211	128074	89	0	129397
12153	280	130527	854	175	0	131836
12154	265	817	188	128485	0	129755
12155	183	227	97	134004	0	134511
12156	133764	100	85	1156	0	135105
12157	910	75	49	132935	0	133969
12158	319	219	134431	882	0	135851
12159	119672	80	899	583	0	121234
12160	986	256	132991	174	0	134407
12161	259	133860	970	230	0	135319
12162	127705	844	250	290	0	129089
12163	956	352	131989	130	0	133427
12164	353	271	128815	156	0	129595
12165	155	131540	1075	211	0	132981
12166	200	869	244	132328	0	133641
12167	245	409	129643	905	0	131202
12168	338	213	1074	110075	0	111700
12169	181	88	263	127275	0	127807
12170	189	188	125165	1085	0	126627
12171	98	125391	1006	444	0	126939
12172	177	900	279	125509	0	126865
12173	124248	250	157	1121	0	125776
12174	122717	143	142	489	0	123491
12175	1125	124	102	124165	0	125516
12176	395	288	123679	999	0	125361
12177	285	334	128651	305	0	129575
12178	224	117	1183	125733	0	127257
12179	224	259	125116	1130	0	126729
12180	120233	132	1125	483	0	121973
12181	1356	121	321	128550	0	130348
12182	511	120	216	130544	0	131391
12183	205	132003	301	1530	0	134039
12184	264	1314	153	134193	0	135924
12185	236	511	130984	1453	0	133184
12186	120680	216	1363	640	0	122899
12187	130022	125	375	537	0	131059
12188	1670	245	132558	263	0	134736
12189	607	173	1444	142246	0	144470
12190	413	168	414	148458	0	149453
12191	303	360	148679	2501	0	151843
12192	375	157	2071	149550	0	152153
12193	459	178	618	149183	0	150438
12194	205	157315	515	2692	0	160727
12195	365	2294	268	160003	0	162930
12196	345	548	209	162980	0	164082
12197	164645	245	250	3231	0	168371
12198	170498	205	272	1141	0	172116
12199	173411	168	248	729	0	174556
12200	172196	182	265	559	0	173202
12201	170517	170	269	620	0	171576
12202	3520	371	164949	442	0	169282
12203	1244	176	2764	162119	0	166303
12204	764	163	739	167849	0	169515
12205	532	325	166475	3400	0	170732
12206	157046	200	2819	1228	0	161293
12207	164823	180	811	770	0	166584
12208	3527	375	156170	500	0	160572
12209	161678	159	2547	700	0	165084
12210	167889	147	778	624	0	169438
12211	3703	358	165287	497	0	169845
12212	1421	318	2967	157284	0	161990
12213	723	172475	1175	2963	0	177336
12214	812	3016	610	181841	0	186279
12215	880	718	426	184083	0	186107
12216	789	349	387	184233	0	185758
12217	635	398	181049	4111	0	186193
12218	171952	218	3341	1609	0	177120
12219	182811	190	975	991	0	184967
12220	4132	180	612	180792	0	185716
12221	1415	441	178414	3601	0	183871
12222	921	236	3338	176609	0	181104
12223	683	384	182062	3809	0	186938
12224	750	418	185634	1388	0	188190
12225	561	187939	4248	1040	0	193788
12226	990	2975	1283	181022	0	186270
12227	181667	682	821	3606	0	186776
12228	176349	351	559	1322	0	178581
12229	179848	237	547	1034	0	181666
12230	4431	274	490	173957	0	179152
12231	1377	183723	668	3681	0	189449
12232	1025	3465	464	186130	0	191084
12233	795	1008	191327	4244	0	197374
12234	196437	454	3906	1757	0	202554
12235	213080	303	1122	1343	0	215848
12236	5745	273	715	211075	0	217808
12237	2093	268	575	214989	0	217925
12238	1621	193	673	216697	0	219184
12239	1168	479	210414	5900	0	217961
12240	180208	324	4777	2907	0	188216
12241	4850	206194	1651	1640	0	214335
12242	1374	203677	1230	1196	0	207477
12243	1225	4520	203772	1000	0	210517
12244	1117	1436	4435	198818	0	205806
12245	926	831	203454	4811	0	210022
12246	192052	467	4539	1831	0	198889
12247	4951	439	1280	197820	0	204490
12248	1842	614	197357	4507	0	204320
12249	1333	202923	4369	2017	0	210642
12250	199928	3977	1278	1545	0	206728
12251	4920	1180	206828	1119	0	214047
12252	1661	202084	4722	1199	0	209666
12253	1253	208311	1581	1192	0	212337
12254	207137	4604	1126	1353	0	214220
12255	4949	1259	831	207064	0	214103
12256	1783	886	212468	4897	0	220034
12257	1240	212182	4812	1989	0	220223
12258	211310	4207	1460	1571	0	218548
12259	212248	1093	1069	1306	0	215716
12260	5351	210762	1203	1163	0	218479
12261	2046	4672	214246	1084	0	222048
12262	1574	1290	4667	214439	0	221970
12263	215634	863	1537	5199	0	223233
12264	217989	535	1190	1996	0	221710
12265	5914	838	215842	1421	0	224015
12266	2499	634	4735	209387	0	217255
12267	1931	614	1561	219119	0	223225
12268	1573	871	218912	5621	0	226977
12269	1472	930	217512	2035	0	221949
12270	214329	696	5645	1736	0	222406
12271	224699	691	2049	1450	0	228889
12272	226021	728	1357	1442	0	229548
12273	226044	731	1268	1475	0	229518
12274	6256	921	219584	1346	0	228107
12275	217326	665	4931	1503	0	224425
12276	6150	695	1683	216635	0	225163
12277	2469	930	219096	5020	0	227515
12278	1970	956	220403	2094	0	225423
12279	1363	218504	5763	1849	0	227479
12280	1585	4331	2020	211127	0	219063
12281	1528	1594	215303	4614	0	223039
12282	203445	987	4722	1921	0	211075
12283	5211	1052	1911	185368	0	193542
12284	1935	213138	1805	3909	0	220787
12285	214736	4081	1344	2055	0	222216
12286	216636	1160	1445	1887	0	221128
12287	5497	1141	214474	1312	0	222424
12288	2418	212020	4927	1306	0	220671
12289	1937	3438	1507	199272	0	206154
12290	198722	1149	1283	3850	0	205004
12291	4552	1007	1073	196408	0	203040
12292	1878	986	191267	3769	0	197900
12293	166977	745	3605	1712	0	173039
12294	4101	185549	1666	1315	0	192631
12295	1584	180885	1329	1123	0	184921
12296	1274	189679	1402	1009	0	193364
12297	184328	3621	2566	1348	0	191863
12298	182285	1090	1336	1098	0	185809
12299	183244	843	988	900	0	185975
12300	3982	645	917	179792	0	185336
12301	1802	842	182255	3042	0	187941
12302	1489	650	3122	182602	0	187863
12303	184773	579	1221	3358	0	189931
12304	3701	559	1010	185907	0	191177
12305	190190	519	938	3512	0	195159
12306	190871	606	935	1368	0	193780
12307	187303	571	989	1258	0	190121
12308	3668	188969	1254	1098	0	194989
12309	187503	2803	944	1022	0	192272
12310	3780	1130	185185	739	0	190834
12311	1904	975	188092	649	0	191620
12312	1511	185204	3427	623	0	190765
12313	1900	2606	1654	174038	0	180198
12314	172497	787	862	2678	0	176824
12315	3252	836	171622	863	0	176573
12316	162341	419	2774	885	0	166419
12317	3248	480	1068	166205	0	171001
12318	1182	172287	1222	2514	0	177205
12319	1170	2400	906	174206	0	178682
12320	1007	1057	174561	2700	0	179325
12321	158639	674	2726	1392	0	163431
12322	3117	721	177174	854	0	181866
12323	1534	661	171570	606	0	174371
12324	161278	427	2680	716	0	165101
12325	2910	166604	1215	648	0	171377
12326	170053	2335	790	743	0	173921
12327	171278	752	717	822	0	173569
12328	3466	795	167792	529	0	172582
12329	159606	436	2630	808	0	163480
12330	2879	654	163274	777	0	167584
12331	1211	570	155929	597	0	158307
12332	1261	493	158383	588	0	160725
12333	799	151241	2524	571	0	155135
12334	137982	1659	3076	725	0	143442
12335	136002	361	630	594	0	137587
12336	135520	214	237	440	0	136411
12337	135616	158	256	494	0	136524
12338	1500	362	135716	166	0	137744
12339	743	144	1051	133478	0	135416
12340	517	154	379	137767	0	138817
12341	137090	149	325	1470	0	139034
12342	1223	137491	417	493	0	139624
12343	569	978	239	136203	0	137989
12344	134911	313	231	1229	0	136684
12345	1240	423	137685	370	0	139718
12346	635	221	1068	137173	0	139097
12347	469	389	142098	1211	0	144167
12348	341	141051	1356	609	0	143357
12349	594	1334	525	134539	0	136992
12350	134154	329	276	1352	0	136111
12351	1281	219	236	140853	0	142589
12352	582	469	142196	1313	0	144560
12353	326	143642	1337	526	0	145831
12354	140978	1158	431	547	0	143114
12355	1421	575	142847	225	0	145068
12356	136399	227	1318	435	0	138379
12357	1447	144580	653	492	0	147172
12358	148394	1318	415	341	0	150468
12359	151121	545	255	461	0	152382
12360	2114	239	213	152133	0	154699
12361	955	384	153228	1582	0	156149
12362	430	155444	1722	761	0	158357
12363	521	1638	652	160558	0	163369
12364	486	667	328	164745	0	166226
12365	506	279	279	173486	0	174550
12366	476	210	266	177319	0	178271
12367	328	193587	473	3256	0	197644
12368	196272	2891	261	1331	0	200755
12369	3255	197296	540	587	0	201678
12370	1396	3399	247	200558	0	205600
12371	203739	1030	293	3642	0	208704
12372	3815	550	291	203768	0	208424
12373	1507	593	203509	3857	0	209466
12374	720	203818	3659	1544	0	209741
12375	778	3462	1128	203427	0	208795
12376	806	1254	509	208901	0	211470
12377	200413	730	310	4821	0	206274
12378	4011	769	199669	1665	0	206114
12379	194903	496	3480	1277	0	200156
12380	200390	413	1255	1155	0	203213
12381	200646	479	695	1102	0	202922
12382	5146	868	198092	915	0	205021
12383	2115	640	3724	194453	0	200932
12384	1286	639	1331	199207	0	202463
12385	1182	809	200269	5304	0	207564
12386	886	933	202784	2450	0	207053
12387	201661	654	4805	1725	0	208845
12388	4557	661	1763	208497	0	215478
12389	211971	673	947	4862	0	218453
12390	217433	718	651	2508	0	221310
12391	6131	659	627	216339	0	223756
12392	2679	851	226850	5265	0	235645
12393	213993	668	5013	2945	0	222619
12394	5663	716	1831	230522	0	238732
12395	2640	917	230504	5877	0	239938
12396	1839	227767	5220	3026	0	237852
12397	226454	5021	2095	2199	0	235769
12398	5779	231083	1598	1776	0	240236
12399	3698	5525	1049	204292	0	214564
12400	2393	232750	1373	5200	0	241716
12401	226780	5344	1269	3020	0	236413
12402	229523	2005	1421	2425	0	235374
12403	7126	228090	1725	2495	0	239436
12404	227850	5037	1424	2474	0	236785
12405	225919	2213	1459	2469	0	232060
12406	7437	222322	1689	2440	0	233888
12407	224351	4997	1466	2395	0	233209
12408	7467	1912	1449	221064	0	231892
12409	4396	1069	1565	225310	0	232340
12410	223356	839	1493	7109	0	232797
12411	7632	876	1465	206773	0	216746
12412	4103	215945	1780	6028	0	227856
12413	216849	5020	1655	3282	0	226806
12414	215168	2138	1661	2797	0	221764
12415	7316	215016	2031	3347	0	227710
12416	217892	5302	1806	2275	0	227275
12417	220561	2349	1680	2146	0	226736
12418	8749	1515	1408	213693	0	225365
12419	4738	1645	213453	6415	0	226251
12420	3665	212712	5585	3505	0	225467
12421	215706	5580	2251	2636	0	226173
12422	217444	2638	1461	2501	0	224044
12423	8834	2190	209905	2285	0	223214
12424	210170	1663	5415	2402	0	219650
12425	7880	2077	206316	2362	0	218635
12426	205970	2005	5608	2151	0	215734
12427	8024	2229	2257	205963	0	218473
12428	4598	2463	205022	6175	0	218258
12429	3720	2611	207881	3304	0	217516
12430	3747	2752	6216	201744	0	214459
12431	3891	2263	2316	204233	0	212703
12432	3860	2371	197183	7147	0	210561
12433	4376	1978	5169	196186	0	207709
12434	4349	2415	198545	6279	0	211588
12435	4425	2221	5594	196689	0	208929
12436	4845	2231	2367	193760	0	203203
12437	4475	189565	1898	7252	0	203190
12438	4373	190263	1702	4144	0	200482
12439	4290	199380	1944	3554	0	209168
12440	4362	6771	1548	196132	0	208813
12441	4420	3086	1656	200612	0	209774
12442	4058	2347	193717	7987	0	208109
12443	185641	1959	5793	4349	0	197742
12444	197457	1847	2942	3023	0	205269
12445	9435	191222	2616	2686	0	205959
12446	192007	5630	2044	2455	0	202136
12447	8832	2684	2040	187530	0	201086
12448	191262	1831	2346	6626	0	202065
12449	193657	1687	2371	3850	0	201565
12450	9358	1791	2363	186398	0	199910
12451	175523	1856	2341	6414	0	186134
12452	7357	171432	2632	3717	0	185138
12453	4826	175490	2568	2692	0	185576
12454	4232	6263	2562	159897	0	172954
12455	3837	172879	2625	5508	0	184849
12456	3972	5250	2029	164134	0	175385
12457	4045	2298	1982	168947	0	177272
12458	162433	1560	1954	6636	0	172583
12459	6173	158817	2390	3909	0	171289
12460	156220	4483	2021	3015	0	165739
12461	151303	2058	2032	2968	0	158361
12462	6309	151514	2046	3101	0	162970
12463	147602	4451	1769	2866	0	156688
12464	5735	2157	143502	2894	0	154288
12465	2775	134025	4304	2491	0	143595
12466	124505	3421	1810	2383	0	132119
12467	3860	1486	114884	1696	0	121926
12468	1972	104993	2715	1346	0	111026
12469	1747	109412	1685	1402	0	114246
12470	103288	2616	1735	1107	0	108746
12471	102405	1309	630	984	0	105328
12472	102191	933	581	1010	0	104715
12473	3343	101090	744	1039	0	106216
12474	1856	2111	646	102574	0	107187
12475	102673	1054	765	2568	0	107060
12476	103417	846	715	1464	0	106442
12477	3381	766	677	101118	0	105942
12478	1860	907	102177	2353	0	107297
12479	1431	859	102644	1275	0	106209
12480	1446	680	2632	101369	0	106127
12481	1307	598	1293	104605	0	107803
12482	1308	641	103551	2965	0	108465
12483	1290	519	2376	96969	0	101154
12484	1127	101387	1325	2612	0	106451
12485	97971	1834	918	1342	0	102065
12486	2592	936	744	96223	0	100495
12487	90180	465	622	2210	0	93477
12488	1974	90232	814	1328	0	94348
12489	1025	91665	699	982	0	94371
12490	87691	1467	609	974	0	90741
12491	1503	690	85320	773	0	88286
12492	68842	456	1046	424	0	70768
12493	856	72499	593	444	0	74392
12494	462	541	304	67755	0	69062
12495	67358	237	148	715	0	68458
12496	658	145	142	66835	0	67780
12497	67627	123	145	738	0	68633
12498	66262	113	155	433	0	66963
12499	665	69075	195	302	0	70237
12500	67229	368	69	228	0	67894
12501	417	66788	123	169	0	67497
12502	66745	375	138	193	0	67451
12503	510	205	91	67074	0	67880
12504	68659	101	78	535	0	69373
12505	437	133	56	70366	0	70992
12506	72968	95	61	580	0	73704
12507	74961	101	70	379	0	75511
12508	75692	108	40	236	0	76076
12509	76125	78	48	193	0	76444
12510	76679	77	56	221	0	77033
12511	600	96	33	77381	0	78110
12512	75795	91	49	475	0	76410
12513	465	74890	107	292	0	75754
12514	256	470	75299	121	0	76146
12515	214	167	376	73810	0	74567
12516	184	163	78035	399	0	78781
12517	192	95	352	78947	0	79586
12518	168	180	81116	527	0	81991
12519	77294	75	428	297	0	78094
12520	540	90	117	81591	0	82338
12521	225	153	81249	454	0	82081
12522	234	179	83891	205	0	84509
12523	170	190	512	84371	0	85243
12524	94394	56	217	785	0	95452
12525	657	101057	198	286	0	102198
12526	102095	724	60	301	0	103180
12527	102123	276	52	226	0	102677
12528	968	102980	139	166	0	104253
12529	107668	732	79	440	0	108919
12530	941	291	54	108715	0	110001
12531	447	134	48	109349	0	109978
12532	257	90	57	110682	0	111086
12533	109652	70	58	1151	0	110931
12534	816	113239	191	461	0	114707
12535	390	913	61	114836	0	116200
12536	272	304	59	116612	0	117247
12537	115372	141	63	1346	0	116922
12538	1099	110	64	115795	0	117068
12539	406	227	118680	1186	0	120499
12540	197	122756	1242	476	0	124671
12541	123406	1327	331	323	0	125387
12542	1577	463	182	119227	0	121449
12543	512	125437	224	1266	0	127439
12544	124660	1410	132	547	0	126749
12545	1681	551	124634	293	0	127159
12546	530	125114	1483	208	0	127335
12547	126201	1431	432	295	0	128359
12548	1566	457	204	125144	0	127371
12549	609	211	130	126166	0	127116
12550	333	329	125176	1854	0	127692
12551	345	146	1382	122525	0	124398
12552	250	274	133166	1687	0	135377
12553	258	297	128496	622	0	129673
12554	246	331	132715	375	0	133667
12555	127478	170	1975	439	0	130062
12556	133026	134	650	354	0	134164
12557	136690	103	333	299	0	137425
12558	2123	173	187	133037	0	135520
12559	778	135162	238	1381	0	137559
12560	462	138311	251	605	0	139629
12561	138451	1831	140	583	0	141005
12562	136797	674	148	576	0	138195
12563	1688	140182	279	331	0	142480
12564	138147	1446	234	370	0	140197
12565	1744	667	137054	249	0	139714
12566	751	450	137338	226	0	138765
12567	503	218	1757	126118	0	128596
12568	355	172	636	137679	0	138842
12569	303	299	137669	1764	0	140035
12570	323	124	1499	133283	0	135229
12571	135881	105	648	1831	0	138465
12572	1530	269	136255	614	0	138668
12573	128533	154	1552	498	0	130737
12574	1783	189	555	135403	0	137930
12575	797	366	139851	1499	0	142513
12576	489	141585	1592	602	0	144268
12577	142305	1416	561	587	0	144869
12578	1663	724	139689	311	0	142387
12579	135779	355	1551	398	0	138083
12580	1849	246	568	139752	0	142415
12581	139988	209	354	1691	0	142242
12582	1880	393	147142	624	0	150039
12583	898	190	1555	147422	0	150065
12584	153199	176	629	1861	0	155865
12585	156648	179	427	943	0	158197
12586	160269	186	314	674	0	161443
12587	161221	195	275	556	0	162247
12588	2500	235	305	155984	0	159024
12589	1132	223	243	156541	0	158139
12590	745	544	155787	2264	0	159340
12591	701	228	1783	153590	0	156302
12592	692	311	634	150728	0	152365
12593	464	159460	573	2348	0	162845
12594	159992	1908	394	992	0	163286
12595	162168	679	281	787	0	163915
12596	2589	166971	478	556	0	170594
12597	1150	2240	346	165312	0	169048
12598	848	706	286	168613	0	170453
12599	161681	368	314	3137	0	165500
12600	2653	472	169478	1191	0	173794
12601	1158	242	2396	170439	0	174235
12602	733	411	172999	2664	0	176807
12603	163873	196	2621	1210	0	167900
12604	172661	216	919	786	0	174582
12605	173563	252	493	686	0	174994
12606	3477	229	411	167930	0	172047
12607	1470	250	341	168403	0	170464
12608	166918	242	336	3258	0	170754
12609	2808	485	165620	1184	0	170097
12610	1265	287	2355	165372	0	169279
12611	166081	240	847	2792	0	169960
12612	2829	286	546	166519	0	170180
12613	1279	472	174745	2756	0	179252
12614	935	445	170349	1080	0	172809
12615	161747	248	2880	1029	0	165904
12616	2576	172562	1230	844	0	177212
12617	174869	2152	654	929	0	178604
12618	177581	650	511	888	0	179630
12619	3238	376	463	176614	0	180691
12620	1437	297	428	175656	0	177818
12621	916	175651	632	2970	0	180169
12622	172891	2128	393	1434	0	176846
12623	2655	176158	497	909	0	180219
12624	1077	172327	553	591	0	174548
12625	898	2216	346	164861	0	168321
12626	164604	646	351	2380	0	167981
12627	167536	366	305	1058	0	169265
12628	2870	232	317	164758	0	168177
12629	1344	236	293	161026	0	162899
12630	1009	219	270	160961	0	162459
12631	155961	149	334	3018	0	159462
12632	2476	394	158287	1206	0	162363
12633	1040	157931	2214	939	0	162124
12634	154628	1642	645	1019	0	157934
12635	2361	723	484	154151	0	157719
12636	1120	519	153949	2152	0	157740
12637	934	470	153769	974	0	156147
12638	706	153808	2290	859	0	157663
12639	635	154622	899	720	0	156876
12640	1152	1821	730	147275	0	150978
12641	592	138869	440	1479	0	141380
12642	721	1338	249	145305	0	147613
12643	617	438	252	150045	0	151352
12644	149520	316	239	1993	0	152068
12645	1661	298	240	149738	0	151937
12646	855	254	240	151305	0	152654
12647	716	529	149621	1795	0	152661
12648	687	323	1292	151290	0	153592
12649	151214	276	461	2044	0	153995
12650	152867	297	341	986	0	154491
12651	1913	158906	449	788	0	162056
12652	153022	1475	253	819	0	155569
12653	2053	705	153444	782	0	156984
12654	843	154293	1682	828	0	157646
12655	846	1691	518	156323	0	159378
12656	721	582	434	159821	0	161558
12657	731	480	357	159275	0	160843
12658	158660	371	360	2505	0	161896
12659	145050	365	691	1292	0	147398
12660	2096	522	156534	772	0	159924
12661	1091	533	154455	746	0	156825
12662	913	649	157844	743	0	160149
12663	734	157977	2190	788	0	161689
12664	705	161170	838	832	0	163545
12665	160668	2027	399	1039	0	164133
12666	159451	653	390	1042	0	161536
12667	2394	451	357	162329	0	165531
12668	1096	412	385	158755	0	160648
12669	2230	161369	640	2513	0	166752
12670	826	1815	371	166313	0	169325
12671	771	832	165413	2364	0	169380
12672	636	167789	2100	1403	0	171928
12673	807	1950	645	168683	0	172085
12674	844	955	177080	2261	0	181140
12675	1026	708	1953	157678	0	161365
12676	696	173165	799	2293	0	176953
12677	179363	2161	441	1267	0	183232
12678	179727	758	367	1142	0	181994
12679	186255	550	399	1161	0	188365
12680	3118	547	353	187233	0	191251
12681	1342	509	352	188454	0	190657
12682	187286	465	428	3381	0	191560
12683	2917	186676	703	1260	0	191556
12684	190077	2547	462	1173	0	194259
12685	3113	1040	195928	767	0	200848
12686	197488	515	2942	911	0	201856
12687	204095	467	944	940	0	206446
12688	4104	459	477	199290	0	204330
12689	207035	403	421	3548	0	211407
12690	208095	461	457	1570	0	210583
12691	4183	479	432	209805	0	214899
12692	1458	631	208626	3371	0	214086
12693	192569	430	3180	1659	0	197838
12694	3376	722	211524	816	0	216438
12695	1173	215164	3430	809	0	220576
12696	1038	2885	1346	216061	0	221330
12697	632	908	496	220666	0	222702
12698	231186	427	382	3972	0	235967
12699	3716	664	232935	1312	0	238627
12700	1256	785	3460	208107	0	213608
12701	651	230166	1193	3228	0	235238
12702	581	226797	796	1188	0	229362
12703	734	4223	498	228837	0	234292
12704	794	1411	228505	3805	0	234515
12705	832	690	3576	228512	0	233610
12706	759	555	1061	226394	0	228769
12707	766	797	223767	4442	0	229772
12708	632	229784	3653	1598	0	235667
12709	218315	3732	995	1196	0	224238
12710	3691	222536	809	9173	0	236209
12711	1613	3697	535	224345	0	230190
12712	214162	1177	565	4127	0	220031
12713	3557	217889	840	1708	0	223994
12714	1488	3803	219729	1004	0	226024
12715	207565	1192	3704	1140	0	213601
12716	3801	223572	1488	995	0	229856
12717	223458	3695	744	1040	0	228937
12718	4509	1402	218442	803	0	225156
12719	213665	718	3748	1072	0	219203
12720	4397	608	1264	213157	0	219426
12721	1776	848	218282	3987	0	224893
12722	1306	677	3737	204964	0	210684
12723	1072	211042	1485	4110	0	217709
12724	1401	3694	821	215072	0	220988
12725	1282	1267	685	215444	0	218678
12726	1277	1038	211506	4804	0	218625
12727	1377	714	3819	212277	0	218187
12728	1427	1219	183924	4609	0	191179
12729	1338	213501	3549	2288	0	220676
12730	1561	3992	1181	211286	0	218020
12731	1664	1806	215537	4401	0	223408
12732	1437	213577	4265	2101	0	221380
12733	1478	220803	1653	1724	0	225658
12734	1774	4940	216896	1342	0	224952
12735	1839	1893	216981	1421	0	222134
12736	1951	1055	4821	212088	0	219915
12737	213364	897	1687	4958	0	220906
12738	5105	213142	1310	2595	0	222152
12739	2755	4403	985	208140	0	216283
12740	209267	1505	951	4976	0	216699
12741	5491	211328	1236	2413	0	220468
12742	210450	4304	991	1957	0	217702
12743	5838	214949	1313	1816	0	223916
12744	216390	4470	1163	1913	0	223936
12745	217814	1702	1119	2071	0	222706
12746	218879	1185	1216	2046	0	223326
12747	6960	226078	1472	2302	0	236812
12748	3849	4932	1296	226890	0	236967
12749	3258	2030	223837	5945	0	235070
12750	2790	223275	5473	3281	0	234819
12751	3426	5271	2180	216503	0	227380
12752	3552	1995	1731	219036	0	226314
12753	2950	1716	212417	6225	0	223308
12754	3042	208199	5412	3016	0	219669
12755	204933	4679	2495	2465	0	214572
12756	6121	205002	1770	2660	0	215553
12757	3348	4661	1608	204067	0	213684
12758	2429	2093	204601	6058	0	215181
12759	194701	1472	5433	3057	0	204663
12760	5720	1605	2369	206404	0	216098
12761	2114	1821	203588	6208	0	213731
12762	189340	1789	5505	3125	0	199759
12763	5125	197940	2553	2702	0	208320
12764	198137	5316	2080	2672	0	208205
12765	199580	2746	1292	2936	0	206554
12766	5757	1827	1491	198368	0	207443
12767	2337	2055	197111	6060	0	207563
12768	1905	196629	5395	2954	0	206883
12769	1403	5784	194966	2282	0	204435
12770	1499	2946	4941	188427	0	197813
12771	1528	2566	2230	196070	0	202394
12772	188718	1952	1708	6418	0	198796
12773	4826	1859	188129	3485	0	198299
12774	1970	180397	5373	2199	0	189939
12775	1821	5034	1946	177616	0	186417
12776	1733	2313	1327	179571	0	184944
12777	172834	1904	1410	5126	0	181274
12778	4718	174991	1243	2416	0	183368
12779	2463	4300	915	165127	0	172805
12780	159732	2032	927	4424	0	167115
12781	3837	158715	1198	1927	0	165677
12782	152641	3671	798	1047	0	158157
12783	151620	1569	961	983	0	155133
12784	4274	148644	1293	1199	0	155410
12785	131057	2738	539	695	0	135029
12786	2976	131851	796	754	0	136377
12787	130169	2583	665	739	0	134156
12788	129921	783	730	722	0	132156
12789	3115	127898	634	770	0	132417
12790	121426	2395	405	619	0	124845
12791	124311	625	430	684	0	126050
12792	123836	558	404	759	0	125557
12793	2901	596	121201	658	0	125356
12794	897	512	112684	526	0	114619
12795	600	533	112284	453	0	113870
12796	108486	690	3014	576	0	112766
12797	2329	509	107938	558	0	111334
12798	788	414	95773	358	0	97333
12799	710	586	1915	88153	0	91364
12800	90132	281	641	1723	0	92777
12801	1704	388	91239	600	0	93931
12802	669	416	96746	481	0	98312
12803	591	299	1839	94059	0	96788
12804	537	276	549	97240	0	98602
12805	530	314	303	98538	0	99685
12806	476	494	96711	2035	0	99716
12807	591	314	1619	95967	0	98491
12808	95318	327	527	1878	0	98050
12809	1893	96857	412	716	0	99878
12810	897	1714	218	97137	0	99966
12811	698	624	205	99497	0	101024
12812	622	585	100924	1968	0	104099
12813	567	99405	1831	683	0	102486
12814	98714	1807	523	481	0	101525
12815	1987	100358	472	418	0	103235
12816	891	1886	348	100189	0	103314
12817	748	632	100395	1855	0	103630
12818	698	386	1976	105507	0	108567
12819	623	328	778	108637	0	110366
12820	109322	255	637	2451	0	112665
12821	2417	316	597	101592	0	104922
12822	821	107066	722	2130	0	110739
12823	677	112351	739	709	0	114476
12824	593	2461	113376	577	0	117007
12825	110824	642	2452	616	0	114534
12826	2587	381	803	113360	0	117131
12827	922	315	638	114409	0	116284
12828	778	235	590	115251	0	116854
12829	113553	272	486	2941	0	117252
12830	2298	115304	652	1224	0	119478
12831	114638	2095	559	906	0	118198
12832	2484	728	111609	660	0	115481
12833	821	520	111265	695	0	113301
12834	112830	307	2571	706	0	116414
12835	2602	403	973	113542	0	117520
12836	941	392	572	117158	0	119063
12837	633	363	523	118026	0	119545
12838	523	460	116540	2962	0	120485
12839	114350	348	2360	1196	0	118254
12840	118173	379	788	906	0	120246
12841	114369	426	553	832	0	116180
12842	2929	525	487	112584	0	116525
12843	993	481	109737	2545	0	113756
12844	731	442	107842	1131	0	110146
12845	675	455	111709	962	0	113801
12846	588	106800	2678	812	0	110878
12847	1225	1726	1411	95512	0	99874
12848	94919	478	508	1815	0	97720
12849	1563	408	96429	838	0	99238
12850	96019	239	1622	782	0	98662
12851	1798	271	595	98017	0	100681
12852	778	313	462	96574	0	98127
12853	559	96495	488	1977	0	99519
12854	539	98211	518	908	0	100176
12855	474	101177	613	677	0	102941
12856	661	1686	519	100088	0	102954
12857	100072	520	479	1860	0	102931
12858	100450	304	476	982	0	102212
12859	1990	357	99183	762	0	102292
12860	96523	253	1673	783	0	99232
12861	2042	342	98755	699	0	101838
12862	945	255	1780	97972	0	100952
12863	730	329	98914	1850	0	101823
12864	97088	236	1830	944	0	100098
12865	1925	280	854	96013	0	99072
12866	806	377	104475	1634	0	107292
12867	648	374	101817	809	0	103648
12868	97552	287	2034	867	0	100740
12869	102194	290	862	816	0	104162
12870	1929	104918	698	770	0	108315
12871	945	1409	589	106168	0	109111
12872	642	635	106357	1835	0	109469
12873	669	563	106357	907	0	108496
12874	790	562	1817	105476	0	108645
12875	106290	403	851	1998	0	109542
12876	1648	106724	613	983	0	109968
12877	840	1472	491	107878	0	110681
12878	107864	596	446	1929	0	110835
12879	1768	527	475	106829	0	109599
12880	874	108563	606	1828	0	111871
12881	830	1411	522	109624	0	112387
12882	108841	541	579	1853	0	111814
12883	1947	459	534	109473	0	112413
12884	109238	300	623	1968	0	112129
12885	1776	111587	744	1013	0	115120
12886	111436	1349	669	898	0	114352
12887	1904	540	110279	740	0	113463
12888	105040	377	1735	828	0	107980
12889	110617	349	874	758	0	112598
12890	1997	111589	754	701	0	115041
12891	1004	1430	640	108895	0	111969
12892	802	564	109432	1518	0	112316
12893	701	463	106521	795	0	108480
12894	100233	585	1823	930	0	103571
12895	100358	358	820	766	0	102302
12896	1421	102801	628	712	0	105562
12897	726	104521	539	717	0	106503
12898	102384	1197	552	562	0	104695
12899	1374	102014	578	566	0	104532
12900	711	105177	554	616	0	107058
12901	808	1081	470	104152	0	106511
12902	591	397	386	101250	0	102624
12903	567	426	102278	1496	0	104767
12904	646	256	1073	101500	0	103475
12905	100805	258	559	1462	0	103084
12906	1434	381	101947	658	0	104420
12907	890	382	103109	600	0	104981
12908	844	305	1230	99234	0	101613
12909	720	302	588	104702	0	106312
12910	730	299	502	104302	0	105833
12911	720	396	102866	1272	0	105254
12912	563	300	1104	97125	0	99092
12913	654	322	532	101775	0	103283
12914	99831	250	448	1156	0	101685
12915	1013	100050	503	625	0	102191
12916	98624	734	397	458	0	100213
12917	1109	410	100360	387	0	102266
12918	84340	157	585	394	0	85476
12919	595	95524	402	285	0	96806
12920	89981	270	148	193	0	90592
12921	318	90653	152	167	0	91290
12922	87383	271	226	200	0	88080
12923	204	86591	96	80	0	86971
12924	114	86371	106	92	0	86683
12925	380	287	275	86228	0	87170
12926	86979	60	125	272	0	87436
12927	86541	26	24	199	0	86790
12928	86916	35	54	188	0	87193
12929	224	113	86957	56	0	87350
12930	98	117	85451	70	0	85736
12931	104	35	176	85888	0	86203
12932	38	88558	121	190	0	88907
12933	46	90818	107	116	0	91087
12934	109	208	20	86910	0	87247
12935	87410	74	18	280	0	87782
12936	87067	50	32	172	0	87321
12937	87475	33	32	153	0	87693
12938	279	131	87573	38	0	88021
12939	135	41	176	87814	0	88166
12940	94	143	90133	224	0	90594
12941	88468	33	217	215	0	88933
12942	91509	35	81	199	0	91824
12943	346	142	91660	48	0	92196
12944	141	46	227	91640	0	92054
12945	92421	40	97	458	0	93016
12946	307	42	48	95883	0	96280
12947	163	48	38	97336	0	97585
12948	137	74	49	103334	0	103594
12949	110933	40	23	882	0	111878
12950	771	54	36	118454	0	119315
12951	119408	44	47	1120	0	120619
12952	996	128358	137	308	0	129799
12953	320	1142	50	136989	0	138501
12954	237	263	43	137890	0	138433
12955	255	123	51	132727	0	133156
12956	135620	51	49	1626	0	137346
12957	1420	67	57	135038	0	136582
12958	485	53	47	124803	0	125388
12959	137518	63	61	1453	0	139095
12960	138354	69	57	480	0	138960
12961	137117	60	65	319	0	137561
12962	1738	163	135047	134	0	137082
12963	503	173	127337	137	0	128150
12964	133797	66	1444	227	0	135534
12965	1438	64	327	135543	0	137372
12966	485	54	146	125162	0	125847
12967	134329	60	89	1661	0	136139
12968	131717	72	66	559	0	132414
12969	125272	111	83	344	0	125810
12970	1500	128421	174	223	0	130318
12971	130017	1270	76	238	0	131601
12972	123486	292	62	296	0	124136
12973	1525	128322	173	278	0	130298
12974	462	125915	200	322	0	126899
12975	508	1370	89	119019	0	120986
12976	133229	300	80	1276	0	134885
12977	133523	135	67	498	0	134223
12978	131300	87	84	426	0	131897
12979	1881	108	74	129140	0	131203
12980	130215	70	110	1596	0	131991
12981	1650	197	129603	452	0	131902
12982	125152	105	1393	494	0	127144
12983	1620	231	130635	275	0	132761
12984	583	261	126016	325	0	127185
12985	454	131	1487	125086	0	127158
12986	126074	90	540	1744	0	128448
12987	1544	98	223	125753	0	127618
12988	549	247	129274	1634	0	131704
12989	483	285	127998	664	0	129430
12990	483	169	1488	127608	0	129748
12991	123680	162	394	1751	0	125987
12992	1543	129713	361	737	0	132354
12993	781	1234	201	132990	0	135206
12994	763	300	213	134647	0	135923
12995	648	303	137849	1938	0	140738
12996	647	273	134755	794	0	136469
12997	660	121	1650	136487	0	138918
12998	136909	105	503	2101	0	139618
12999	2000	352	136368	875	0	139595
13000	1028	202	1350	136291	0	138871
13001	986	236	383	138339	0	139944
13002	851	213	257	137922	0	139243
13003	134874	190	186	2660	0	137910
13004	2138	498	117565	1373	0	121574
13005	1028	135511	1143	1312	0	138994
13006	1156	1564	305	137044	0	140069
13007	1153	636	136308	2524	0	140621
13008	1249	135177	1718	1441	0	139585
13009	1371	138812	657	1253	0	142093
13010	138810	1813	465	1343	0	142431
13011	2643	139063	553	1534	0	143793
13012	141189	1780	465	1555	0	144989
13013	2949	719	139633	1623	0	144924
13014	1845	415	1823	141145	0	145228
13015	141272	356	721	3352	0	145701
13016	3061	144043	698	2316	0	150118
13017	2065	1971	143701	1987	0	149724
13018	2381	694	1903	126394	0	131372
13019	2052	145740	914	2629	0	151335
13020	2212	2103	619	149507	0	154441
13021	149071	797	690	3314	0	153872
13022	3502	153233	989	1860	0	159584
13023	155390	2215	730	1692	0	160027
13024	157277	716	641	1755	0	160389
13025	4514	677	156435	1476	0	163102
13026	2676	162600	2777	1373	0	169426
13027	2651	2686	997	168947	0	175281
13028	2644	966	174882	3259	0	181751
13029	2648	849	187162	1295	0	191954
13030	2533	859	4105	187779	0	195276
13031	193374	547	1512	3830	0	199263
13032	192471	633	1098	1654	0	195856
13033	5706	640	739	191733	0	198818
13034	2614	975	193762	4270	0	201621
13035	2145	194718	3882	1779	0	202524
13036	198360	3797	1184	1551	0	204892
13037	199153	1210	895	1227	0	202485
13038	5458	199613	1030	1128	0	207229
13039	201620	3826	764	1279	0	207489
13040	5310	1477	197744	974	0	205505
13041	195056	816	4089	1138	0	201099
13042	185948	703	1804	1378	0	189833
13043	4777	886	197323	1070	0	204056
13044	2185	525	4353	192985	0	200048
13045	1811	600	194657	4382	0	201450
13046	1465	188156	4615	2090	0	196326
13047	1289	191075	2099	1643	0	196106
13048	1423	4489	1267	176632	0	183811
13049	1012	1049	177496	3524	0	183081
13050	567	166945	3298	1257	0	172067
13051	428	165343	1277	714	0	167762
13052	151029	2911	1143	825	0	155908
13053	151941	617	378	561	0	153497
13054	2821	326	281	152044	0	155472
13055	1007	270	271	147737	0	149285
13056	450	153417	485	2516	0	156868
13057	150317	2269	296	939	0	153821
13058	152851	568	290	628	0	154337
13059	2715	153475	476	506	0	157172
13060	1040	2309	253	154181	0	157783
13061	694	899	153764	2379	0	157736
13062	723	445	2337	152767	0	156272
13063	155111	346	681	2761	0	158899
13064	2703	396	446	155735	0	159280
13065	1043	367	353	159245	0	161008
13066	158853	318	366	3050	0	162587
13067	2799	342	394	153792	0	157327
13068	878	157269	574	2633	0	161354
13069	884	2481	400	159087	0	162852
13070	772	689	370	161716	0	163547
13071	735	520	416	155777	0	157448
13072	568	159606	594	2925	0	163693
13073	715	2567	395	158420	0	162097
13074	678	1126	156767	2738	0	161309
13075	810	625	2556	154944	0	158935
13076	772	791	155814	2853	0	160230
13077	676	155076	2843	1118	0	159713
13078	889	2676	857	156721	0	161143
13079	939	908	591	158311	0	160749
13080	912	638	555	158795	0	160900
13081	911	525	548	158502	0	160486
13082	854	789	155615	3484	0	160742
13083	718	154953	2858	1514	0	160043
13084	939	2737	917	156788	0	161381
13085	946	1237	158858	2994	0	164035
13086	1017	756	2848	158863	0	163484
13087	160185	611	1094	3482	0	165372
13088	3278	878	156603	1289	0	162048
13089	153906	622	2820	1208	0	158556
13090	3737	563	1011	159537	0	164848
13091	1654	825	159983	3411	0	165873
13092	1204	157647	3239	1683	0	163773
13093	1263	3003	1111	156030	0	161407
13094	1158	1386	160789	3401	0	166734
13095	1054	159089	3318	1530	0	164991
13096	1211	3186	1171	159103	0	164671
13097	159791	1208	970	3799	0	165768
13098	162901	937	881	1712	0	166431
13099	164217	822	776	1468	0	167283
13100	4342	1043	161956	1221	0	168562
13101	1768	164638	3546	1171	0	171123
13102	1392	3444	1270	163357	0	169463
13103	1221	1408	997	171824	0	175450
13104	174242	1009	838	4603	0	180692
13105	3852	179076	1118	1944	0	185990
13106	180069	3993	671	1635	0	186368
13107	179531	1410	767	1571	0	183279
13108	181642	1116	735	1725	0	185218
13109	4894	1167	178809	1336	0	186206
13110	176837	901	3934	1398	0	183070
13111	4598	855	1244	179522	0	186219
13112	1894	825	847	181123	0	184689
13113	176950	749	725	5228	0	183652
13114	4305	818	624	172091	0	177838
13115	1507	173910	829	4638	0	180884
13116	1422	3829	473	171055	0	176779
13117	166381	1247	534	4809	0	172971
13118	4022	1191	165449	2070	0	172732
13119	1447	163163	3874	1772	0	170256
13120	1296	3598	994	159462	0	165350
13121	158760	1130	727	4283	0	164900
13122	3780	903	156489	1950	0	163122
13123	1675	2662	3529	151612	0	159478
13124	1587	785	152414	4037	0	158823
13125	1311	712	148732	1789	0	152544
13126	1305	569	143540	1288	0	146702
13127	1002	563	140009	1076	0	142650
13128	943	652	132936	922	0	135453
13129	111471	1365	4099	825	0	117760
13130	1987	115145	1033	648	0	118813
13131	111717	1574	496	482	0	114269
13132	111010	489	315	582	0	112396
13133	2054	111029	417	390	0	113890
13134	787	113213	440	417	0	114857
13135	112881	1779	359	497	0	115516
13136	112757	588	275	499	0	114119
13137	2178	373	259	107159	0	109969
13138	865	111746	473	1643	0	114727
13139	112738	1566	278	794	0	115376
13140	1736	112500	437	564	0	115237
13141	915	1673	263	112587	0	115438
13142	114001	530	302	1912	0	116745
13143	114009	384	299	889	0	115581
13144	2212	270	336	113557	0	116375
13145	1024	282	318	114769	0	116393
13146	663	483	113147	2069	0	116362
13147	661	308	1678	110339	0	112986
13148	579	421	113381	1926	0	116307
13149	721	270	1833	107575	0	110399
13150	621	306	710	110716	0	112353
13151	110003	287	519	2217	0	113026
13152	109481	276	465	967	0	111189
13153	2240	463	108510	577	0	111790
13154	105379	299	1822	587	0	108087
13155	2182	311	724	107961	0	111178
13156	990	486	109114	1832	0	112422
13157	898	289	1858	108018	0	111063
13158	777	327	707	116339	0	118150
13159	706	519	116130	2335	0	119690
13160	810	312	1995	117275	0	120392
13161	731	540	122667	2269	0	126207
13162	755	526	2221	126025	0	129527
13163	132402	308	838	2612	0	136160
13164	2730	135194	775	1172	0	139871
13165	134654	2552	445	873	0	138524
13166	2931	138632	593	699	0	142855
13167	135755	2726	377	778	0	139636
13168	3001	137355	587	614	0	141557
13169	134306	2761	417	751	0	138235
13170	2936	137640	512	685	0	141773
13171	1439	2820	371	137397	0	142027
13172	1070	1062	137924	2759	0	142815
13173	964	764	137319	1103	0	140150
13174	977	469	3141	135858	0	140445
13175	136263	430	1118	3019	0	140830
13176	2993	139052	901	1328	0	144274
13177	1332	2686	535	139141	0	143694
13178	946	1057	139689	3093	0	144785
13179	775	711	141712	1373	0	144571
13180	1018	761	3418	128764	0	133961
13181	600	141449	1476	2910	0	146435
13182	139420	2733	830	1360	0	144343
13183	3099	1071	144193	881	0	149244
13184	1279	724	141615	800	0	144418
13185	762	142941	3621	729	0	148053
13186	140667	2806	1753	957	0	146183
13187	141492	937	828	768	0	144025
13188	3558	587	657	138993	0	143795
13189	141436	451	672	2879	0	145438
13190	138428	395	653	1201	0	140677
13191	3294	139467	915	836	0	144512
13192	137932	2578	714	730	0	141954
13193	3127	1214	142045	530	0	146916
13194	1391	637	2746	136783	0	141557
13195	1120	531	1109	138777	0	141537
13196	135913	505	736	3233	0	140387
13197	2735	136740	814	1372	0	141661
13198	133362	2511	615	877	0	137365
13199	2780	138754	662	668	0	142864
13200	1113	138448	612	660	0	140833
13201	1087	2849	134786	501	0	139223
13202	890	1381	132196	563	0	135030
13203	117322	1098	2815	591	0	121826
13204	122963	543	1033	525	0	125064
13205	2325	609	120215	363	0	123512
13206	887	116326	1689	299	0	119201
13207	546	119311	776	452	0	121085
13208	117095	1937	625	345	0	120002
13209	116909	763	402	395	0	118469
13210	2141	513	308	117132	0	120094
13211	119316	332	327	1650	0	121625
13212	1881	322	329	118416	0	120948
13213	851	468	118668	1653	0	121640
13214	614	510	113559	675	0	115358
13215	113006	312	1891	633	0	115842
13216	1836	377	747	114429	0	117389
13217	799	126779	546	1410	0	129534
13218	128734	1561	414	759	0	131468
13219	127974	630	408	602	0	129614
13220	2089	604	129495	325	0	132513
13221	126577	365	1635	472	0	129049
13222	133133	345	711	505	0	134694
13223	2292	380	473	129911	0	133056
13224	1019	129978	564	1567	0	133128
13225	729	134332	524	752	0	136337
13226	821	2082	376	136263	0	139542
13227	808	890	346	132890	0	134934
13228	843	490	320	136046	0	137699
13229	784	595	134137	2170	0	137686
13230	806	622	130334	895	0	132657
13231	768	459	2129	129748	0	133104
13232	738	646	133016	1806	0	136206
13233	704	678	132140	840	0	134362
13234	669	481	2242	127201	0	130593
13235	800	609	138042	1911	0	141362
13236	597	137492	2196	1044	0	141329
13237	144059	1904	964	981	0	147908
13238	2211	893	678	141171	0	144953
13239	1024	144343	727	1954	0	148048
13240	890	2135	148305	799	0	152129
13241	746	854	2170	145790	0	149560
13242	715	790	154288	2118	0	157911
13243	810	434	2284	151082	0	154610
13244	815	437	902	158013	0	160167
13245	743	678	163472	2715	0	167608
13246	789	455	2349	156048	0	159641
13247	576	162194	1270	2318	0	166358
13248	783	2218	655	166653	0	170309
13249	768	1066	167277	2509	0	171620
13250	788	551	2359	163724	0	167422
13251	161250	386	989	2838	0	165463
13252	2382	165996	915	1496	0	170789
13253	1188	2257	591	166297	0	170333
13254	894	1154	170303	2357	0	174708
13255	648	167161	2491	1344	0	171644
13256	628	170272	1217	789	0	172906
13257	879	2850	165220	644	0	169593
13258	708	1128	2128	155844	0	159808
13259	831	882	997	156825	0	159535
13260	698	611	158154	2495	0	161958
13261	419	151675	2085	1256	0	155435
13262	404	151884	1077	659	0	154024
13263	141276	1472	437	594	0	143779
13264	1112	142545	397	438	0	144492
13265	141620	1146	282	594	0	143642
13266	1269	527	229	137316	0	139341
13267	144232	303	290	1724	0	146549
13268	1287	445	146469	673	0	148874
13269	140875	244	1244	642	0	143005
13270	1400	259	574	147614	0	149847
13271	578	150389	511	1401	0	152879
13272	151797	1208	249	850	0	154104
13273	1399	1087	294	150731	0	153511
13274	565	154472	377	1393	0	156807
13275	312	162420	417	747	0	163896
13276	159437	1373	351	658	0	161819
13277	161740	591	243	514	0	163088
13278	163450	290	215	539	0	164494
13279	1567	256	200	158922	0	160945
13280	557	157924	385	1232	0	160098
13281	275	161417	446	622	0	162760
13282	320	1456	233	160412	0	162421
13283	157897	576	250	1565	0	160288
13284	152042	333	312	893	0	153580
13285	155767	245	204	714	0	156930
13286	1608	500	156085	302	0	158495
13287	755	524	155669	310	0	157258
13288	162575	284	1400	552	0	164811
13289	1383	279	579	164610	0	166851
13290	774	257	301	167277	0	168609
13291	506	318	238	165433	0	166495
13292	386	262	255	167663	0	168566
13293	390	513	164339	1810	0	167052
13294	434	325	1243	161313	0	163315
13295	333	502	162936	1579	0	165350
13296	147695	274	1403	1195	0	150567
13297	1256	163612	822	670	0	166360
13298	778	1260	412	166722	0	169172
13299	515	652	372	164048	0	165587
13300	162018	435	336	2175	0	164964
13301	160811	364	346	1196	0	162717
13302	160854	372	348	912	0	162486
13303	160108	360	388	873	0	161729
13304	1970	600	161695	564	0	164829
13305	985	639	158981	538	0	161143
13306	649	380	1641	159700	0	162370
13307	162181	345	818	1792	0	165136
13308	160076	380	514	1262	0	162232
13309	1768	697	161105	779	0	164349
13310	934	351	1371	156822	0	159478
13311	158942	323	765	1923	0	161953
13312	1515	367	489	159435	0	161806
13313	891	654	161692	1771	0	165008
13314	704	474	1401	159196	0	161775
13315	161242	414	752	2009	0	164417
13316	1437	174882	746	1135	0	178200
13317	171966	1430	358	1150	0	174904
13318	174427	763	412	1157	0	176759
13319	175704	487	445	957	0	177593
13320	2207	462	369	175209	0	178247
13321	172755	410	367	1893	0	175425
13322	1624	183714	634	900	0	186872
13323	921	190193	581	732	0	192427
13324	859	2761	359	187225	0	191204
13325	189290	1074	325	2356	0	193045
13326	2308	201253	522	1285	0	205368
13327	239821	2498	268	1062	0	243649
13328	253910	1202	314	890	0	256316
13329	5517	268066	634	742	0	274959
13330	2320	4695	373	269288	0	276676
13331	1557	1610	302	276168	0	279637
13332	1238	1290	276090	5894	0	284512
13333	1506	576	4663	270899	0	277644
13334	1237	921	276735	5634	0	284527
13335	911	270263	5147	2473	0	278794
13336	1138	4877	1512	272848	0	280375
13337	262397	1575	871	5685	0	270528
13338	266507	754	680	2526	0	270467
13339	6300	668	679	264593	0	272240
13340	2189	1030	259324	5326	0	267869
13341	236105	670	4756	2656	0	244187
13342	4899	250682	1981	1498	0	259060
13343	1934	251973	1013	1267	0	256187
13344	1455	255768	900	1098	0	259221
13345	1458	6230	699	242488	0	250875
13346	1120	2206	249178	4748	0	257252
13347	1200	1056	4463	245391	0	252110
13348	985	1183	249446	4916	0	256530
13349	791	1259	249136	1797	0	252983
13350	809	1276	253947	1151	0	257183
13351	1030	843	6037	234061	0	241971
13352	900	675	2129	252778	0	256482
13353	1049	611	1307	254613	0	257580
13354	913	664	1099	251633	0	254309
13355	249358	425	1093	6719	0	257595
13356	4420	248847	1462	2767	0	257496
13357	248147	4334	956	2040	0	255477
13358	4777	252846	1115	1718	0	260456
13359	2035	4766	706	251871	0	259378
13360	1584	1615	600	261784	0	265583
13361	257413	1003	525	6692	0	265633
13362	262035	880	487	2981	0	266383
13363	264399	920	705	1774	0	267798
13364	263613	936	428	1654	0	266631
13365	261490	911	440	1682	0	264523
13366	6391	259051	730	1413	0	267585
13367	248490	4595	448	1588	0	255121
13368	5527	250303	739	1187	0	257756
13369	246973	4797	513	1269	0	253552
13370	5853	2062	246287	970	0	255172
13371	2895	1365	4300	234577	0	243137
13372	1810	248124	1889	4215	0	256038
13373	1801	4682	890	246579	0	253952
13374	1771	2272	244243	4991	0	253277
13375	1698	1418	4627	234397	0	242140
13376	230410	1032	1701	5792	0	238935
13377	4683	234534	1586	2991	0	243794
13378	1876	240213	1083	2333	0	245505
13379	1625	6013	240466	1781	0	249885
13380	1603	2475	4750	228291	0	237119
13381	1491	244850	2206	5346	0	253893
13382	1378	4959	1285	248274	0	255896
13383	1402	2681	250699	5608	0	260390
13384	1163	247717	5223	3311	0	257414
13385	1354	5462	248558	1906	0	257280
13386	1611	2679	247810	1642	0	253742
13387	1691	1747	5717	240497	0	249652
13388	245175	1417	2326	5671	0	254589
13389	5443	1388	1647	246098	0	254576
13390	2299	1758	248000	5669	0	257726
13391	1737	1522	5441	249984	0	258684
13392	1239	1907	260080	5923	0	269149
13393	1288	1804	261324	2878	0	267294
13394	253437	1273	6715	2838	0	264263
13395	271429	1045	2958	2659	0	278091
13396	272712	957	2321	2668	0	278658
13397	6650	1294	270134	2360	0	280438
13398	2708	1334	273440	2016	0	279498
13399	2081	896	7136	263711	0	273824
13400	2110	902	3143	272485	0	278640
13401	270017	1013	1899	7465	0	280394
13402	6111	938	1670	272092	0	280811
13403	2718	1405	273568	6654	0	284345
13404	2180	1466	272322	3276	0	279244
13405	1726	272717	7121	2600	0	284164
13406	2131	5315	2550	274468	0	284464
13407	2204	2525	280680	6109	0	291518
13408	2169	1440	5862	274397	0	283868
13409	277995	1086	2595	7033	0	288709
13410	6122	1529	285365	3295	0	296311
13411	3300	1094	5981	283053	0	293428
13412	2698	1034	2488	290443	0	296663
13413	2220	1597	284355	7319	0	295491
13414	2311	1036	5933	279136	0	288416
13415	2117	1434	283085	6766	0	293402
13416	261182	1011	6331	3417	0	271941
13417	6513	961	2717	259696	0	269887
13418	2682	264158	2366	6179	0	275385
13419	262919	5225	1516	3265	0	272925
13420	261373	1946	1650	2524	0	267493
13421	6976	261874	1949	2352	0	273151
13422	4416	19140	1701	223290	0	248547
13423	1742	243104	1493	4689	0	251028
13424	1628	246535	1237	2298	0	251698
13425	3688	6060	232364	1632	0	243744
13426	1706	226356	4882	1656	0	234600
13427	1818	3887	182450	1201	0	189356
13428	147123	1698	2161	670	0	151652
13429	152837	266	550	548	0	154201
13430	1381	157609	562	466	0	160018
13431	443	158412	479	337	0	159671
13432	285	164192	439	329	0	165245
13433	167044	1683	287	527	0	169541
13434	1795	514	278	172519	0	175106
13435	573	568	186160	1895	0	189196
13436	290	187476	2269	765	0	190800
13437	461	2071	556	191545	0	194633
13438	526	668	389	178626	0	180209
13439	204	213086	492	2378	0	216160
13440	227107	2850	290	1012	0	231259
13441	3577	943	231848	448	0	236816
13442	1250	615	3600	249486	0	254951
13443	428	292850	1072	4740	0	299090
13444	290011	5827	503	1241	0	297582
13445	6151	1492	290462	692	0	298797
13446	1164	285904	6108	663	0	293839
13447	1177	5942	1185	284572	0	292876
13448	608	1426	286907	5900	0	294841
13449	272978	697	6180	1371	0	281226
13450	6186	421	1160	281958	0	289725
13451	1488	629	283271	6066	0	291454
13452	736	281909	6388	1871	0	290904
13453	271936	6016	1267	1102	0	280321
13454	5615	282408	1148	872	0	290043
13455	282160	6330	505	842	0	289837
13456	283868	1352	531	834	0	286585
13457	7132	898	493	272494	0	281017
13458	1655	267884	928	6208	0	276675
13459	1193	5996	272867	1522	0	281578
13460	1061	1311	6251	271103	0	279726
13461	1382	1662	1848	246235	0	251127
13462	1098	623	927	274259	0	276907
13463	1072	594	751	275157	0	277574
13464	1095	675	652	274715	0	277137
13465	268910	696	704	7970	0	278280
13466	265714	726	802	2423	0	269665
13467	255772	727	827	1692	0	259018
13468	6782	255090	1462	1521	0	264855
13469	2151	6152	266058	1096	0	275457
13470	1426	1745	270071	1046	0	274288
13471	1124	1467	271909	986	0	275486
13472	1329	1041	7694	255046	0	265110
13473	1369	1017	2216	265825	0	270427
13474	1397	957	1313	266346	0	270013
13475	1137	1184	262542	7879	0	272742
13476	1039	255349	7029	3429	0	266846
13477	1257	6651	260635	1758	0	270301
13478	1367	2160	264656	1383	0	269566
13479	1581	1411	7591	253753	0	264336
13480	1410	1565	261690	6933	0	271598
13481	1595	1186	7251	252448	0	262480
13482	253242	1149	2290	7722	0	264403
13483	253663	1219	1651	2601	0	259134
13484	8070	1428	249879	1968	0	261345
13485	2991	1263	7123	243083	0	254460
13486	2204	1661	249434	7431	0	260730
13487	1532	248804	7731	2971	0	261038
13488	246311	7162	2479	2175	0	258127
13489	7685	2672	248268	1819	0	260444
13490	2606	240870	7788	1944	0	253208
13491	1952	242722	2752	2029	0	249455
13492	1716	237433	2420	2184	0	243753
13493	2062	8199	225408	1929	0	237598
13494	2442	3624	7391	204153	0	217610
13495	1732	220534	2836	6882	0	231984
13496	2263	7164	2147	218109	0	229683
13497	2281	2455	1890	223635	0	230261
13498	213401	1775	1826	8618	0	225620
13499	6854	214785	2253	4072	0	227964
13500	209931	6799	1932	2930	0	221592
13501	7220	209260	2178	2825	0	221483
13502	2737	216341	2245	2552	0	223875
13503	2648	7901	210189	2524	0	223262
13504	2849	3106	7324	205683	0	218962
13505	2120	2406	208669	7672	0	220867
13506	2021	203106	7637	4534	0	217298
13507	2325	6866	203914	3071	0	216176
13508	2454	2372	206271	2938	0	214035
13509	2038	203208	8215	2841	0	216302
13510	193790	6734	3302	2998	0	206824
13511	6549	198708	3250	3230	0	211737
13512	198427	7144	2909	3001	0	211481
13513	7272	2751	199848	3036	0	212907
13514	2860	1907	201743	3073	0	209583
13515	2008	197736	8686	3045	0	211475
13516	193968	6769	3372	2965	0	207074
13517	6975	196669	3344	2898	0	209886
13518	3298	6947	2998	195244	0	208487
13519	198533	2533	2881	7228	0	211175
13520	7040	2382	198584	3097	0	211103
13521	2766	2065	8112	197947	0	210890
13522	195669	1927	3360	7816	0	208772
13523	7028	196095	3191	3711	0	210025
13524	2962	6933	2568	195631	0	208094
13525	2400	2699	195407	7955	0	208461
13526	191051	1986	7745	3446	0	204228
13527	6979	1915	3490	194786	0	207170
13528	2110	2135	192717	7666	0	204628
13529	1932	1772	7796	181663	0	193163
13530	1593	187914	3554	8040	0	201101
13531	2002	6747	189205	3614	0	201568
13532	2425	2291	6849	179033	0	190598
13533	172334	1725	2830	6679	0	183568
13534	7090	1638	2313	166818	0	177859
13535	150986	1554	2040	5744	0	160324
13536	5709	151495	2259	2141	0	161604
13537	145742	5567	2274	1712	0	155295
13538	5348	2445	143616	1606	0	153015
13539	1785	1737	125005	1199	0	129726
13540	1190	1382	107777	1033	0	111382
13541	1179	101022	6199	1178	0	109578
13542	2663	892	5320	39661	0	48536
13543	210	186	440	38884	0	39720
13544	121	149	149	37898	0	38317
13545	115	108	107	39120	0	39450
13546	99	125	39025	592	0	39841
13547	34357	106	494	303	0	35260
13548	456	39199	224	181	0	40060
13549	37596	445	114	143	0	38298
13550	514	160	96	38236	0	39006
13551	162	38966	138	458	0	39724
13552	130	473	93	39298	0	39994
13553	38875	154	107	519	0	39655
13554	423	40640	127	228	0	41418
13555	40476	427	103	151	0	41157
13556	40383	154	106	136	0	40779
13557	536	121	98	41061	0	41816
13558	190	119	41520	453	0	42282
13559	39210	120	442	196	0	39968
13560	449	91	149	43137	0	43826
13561	43426	84	121	525	0	44156
13562	44546	81	97	222	0	44946
13563	44479	61	93	173	0	44806
13564	597	139	44682	107	0	45525
13565	230	114	445	43207	0	43996
13566	43823	71	181	499	0	44574
13567	498	127	46328	172	0	47125
13568	150	46751	472	153	0	47526
13569	223	485	163	42195	0	43066
13570	116	160	46440	401	0	47117
13571	109	148	46383	161	0	46801
13572	149	135	500	44562	0	45346
13573	146	72	166	47360	0	47744
13574	109	57	96	47663	0	47925
13575	108	47	78	47174	0	47407
13576	121	101	47045	519	0	47786
13577	100	47435	409	186	0	48130
13578	112	370	124	47580	0	48186
13579	47724	101	96	478	0	48399
13580	46372	77	74	206	0	46729
13581	46861	36	63	175	0	47135
13582	501	64	70	46511	0	47146
13583	199	86	66	45929	0	46280
13584	103	44031	96	412	0	44642
13585	79	45474	85	186	0	45824
13586	211	432	76	44371	0	45090
13587	44041	140	145	450	0	44776
13588	43740	59	66	184	0	44049
13589	43088	32	52	163	0	43335
13590	43128	49	47	125	0	43349
13591	43307	37	46	152	0	43542
13592	349	43547	92	101	0	44089
13593	143	277	59	43940	0	44419
13594	45251	65	46	449	0	45811
13595	45608	53	63	192	0	45916
13596	371	63	57	45340	0	45831
13597	135	31	44	46014	0	46224
13598	114	81	46951	366	0	47512
13599	125	47	272	44985	0	45429
13600	127	53	73	46828	0	47081
13601	116	117	49277	354	0	49864
13602	124	51	255	47861	0	48291
13603	100	49866	114	325	0	50405
13604	143	292	49293	111	0	49839
13605	106	49969	278	131	0	50484
13606	135	267	81	48506	0	48989
13607	118	95	60	49120	0	49393
13608	76	49430	94	274	0	49874
13609	67	49844	104	134	0	50149
13610	50160	241	67	188	0	50656
13611	49548	66	35	155	0	49804
13612	297	97	49490	89	0	49973
13613	49418	29	230	244	0	49921
13614	53548	29	75	257	0	53909
13615	53658	24	45	177	0	53904
13616	53135	44	237	183	0	53599
13617	354	94	51994	120	0	52562
13618	208	123	49591	87	0	50009
13619	51531	46	244	196	0	52017
13620	292	55872	142	191	0	56497
13621	161	203	55953	88	0	56405
13622	54767	71	234	164	0	55236
13623	56333	62	116	166	0	56677
13624	271	115	56290	110	0	56786
13625	54833	59	245	159	0	55296
13626	305	77	139	62496	0	63017
13627	114	147	64941	314	0	65516
13628	57367	61	295	358	0	58081
13629	258	65211	195	288	0	65952
13630	67101	243	93	310	0	67747
13631	76251	74	97	649	0	77071
13632	361	78	91	76795	0	77325
13633	164	59	94	77201	0	77518
13634	137	65	67	78626	0	78895
13635	78796	49	59	547	0	79451
13636	82610	56	58	367	0	83091
13637	516	48	51	83369	0	83984
13638	260	59	60	83006	0	83385
13639	185	180	81533	574	0	82472
13640	75643	104	371	398	0	76516
13641	469	96	115	83689	0	84369
13642	247	91	64	83457	0	83859
13643	198	82897	101	610	0	83806
13644	218	416	23	83576	0	84233
13645	252	149	33	83659	0	84093
13646	81251	116	37	646	0	82050
13647	542	83604	106	360	0	84612
13648	301	470	28	85251	0	86050
13649	280	172	17	85243	0	85712
13650	241	94	30	86123	0	86488
13651	222	175	85206	674	0	86277
13652	221	68	428	83519	0	84236
13653	81903	46	173	742	0	82864
13654	584	174	84295	307	0	85360
13655	259	65	485	85250	0	86059
13656	208	45	172	87117	0	87542
13657	86485	50	149	901	0	87585
13658	83997	78	110	474	0	84659
13659	696	164	85313	273	0	86446
13660	77063	72	537	346	0	78018
13661	620	191	84347	182	0	85340
13662	81104	77	541	300	0	82022
13663	651	90823	294	290	0	92058
13664	92615	615	98	299	0	93627
13665	718	93809	142	227	0	94896
13666	95483	748	136	335	0	96702
13667	739	97308	146	331	0	98524
13668	327	818	55	99215	0	100415
13669	248	229	70	99589	0	100136
13670	163	127	86	98875	0	99251
13671	113	97777	149	1099	0	99138
13672	169	785	95	97227	0	98276
13673	112	98555	161	898	0	99726
13674	172	840	57	99255	0	100324
13675	99621	238	84	1023	0	100966
13676	97539	155	80	440	0	98214
13677	1036	98799	176	313	0	100324
13678	467	832	77	99092	0	100468
13679	98094	266	86	1029	0	99475
13680	933	99481	226	461	0	101101
13681	371	100676	187	374	0	101608
13682	100872	1099	83	318	0	102372
13683	101182	400	75	293	0	101950
13684	1203	101331	160	229	0	102923
13685	101314	958	63	337	0	102672
13686	1195	418	63	101361	0	103037
13687	524	356	106446	1045	0	108371
13688	104960	195	1022	627	0	106804
13689	108128	180	355	450	0	109113
13690	1495	342	109950	255	0	112042
13691	109320	199	1091	525	0	111135
13692	114287	188	409	494	0	115378
13693	119638	186	163	523	0	120510
13694	1704	119672	269	398	0	122043
13695	121436	1334	100	446	0	123316
13696	122112	596	117	442	0	123267
13697	1931	364	104	121848	0	124247
13698	961	292	104	124237	0	125594
13699	594	295	112	126041	0	127042
13700	125467	271	99	2113	0	127950
13701	1726	283	81	123730	0	125820
13702	124991	310	80	1872	0	127253
13703	126208	298	105	1089	0	127700
13704	2181	307	100	125594	0	128182
13705	1065	291	108	130623	0	132087
13706	789	283	143	131699	0	132914
13707	130661	317	104	2390	0	133472
13708	1853	131030	261	1076	0	134220
13709	1076	1657	156	133358	0	136247
13710	785	751	118	136089	0	137743
13711	134432	436	144	2592	0	137604
13712	134685	385	135	1277	0	136482
13713	2637	511	132587	722	0	136457
13714	1668	494	131172	652	0	133986
13715	137562	358	2230	715	0	140865
13716	2606	393	760	142770	0	146529
13717	1323	351	316	162286	0	164276
13718	984	558	161332	3941	0	166815
13719	1061	476	2833	152112	0	156482
13720	842	158991	988	3338	0	164159
13721	817	164953	616	1400	0	167786
13722	159929	3532	297	1164	0	164922
13723	3492	1381	159663	922	0	165458
13724	1459	164434	2819	908	0	169620
13725	1280	3168	795	165982	0	171225
13726	15462	1158	149488	3421	0	169529
13727	1286	658	2817	159084	0	163845
13728	1157	522	899	162911	0	165489
13729	1127	612	162023	4215	0	167977
13730	999	161717	3258	1797	0	167771
13731	1212	3105	1027	152658	0	158002
13732	154840	979	714	3619	0	160152
13733	156066	584	577	1676	0	158903
13734	155148	445	471	1336	0	157400
13735	4459	152314	803	1165	0	158741
13736	149698	2942	539	1151	0	154330
13737	4021	1042	610	149963	0	155636
13738	1732	807	147629	3712	0	153880
13739	143120	554	3005	1861	0	148540
13740	3530	148694	1343	1472	0	155039
13741	1747	3072	712	148694	0	154225
13742	1382	1191	711	147285	0	150569
13743	1076	147718	898	4370	0	154062
13744	1255	3417	727	150303	0	155702
13745	1271	1350	705	153152	0	156478
13746	1388	1049	710	155477	0	158624
13747	150588	975	1020	5078	0	157661
13748	150532	850	905	2864	0	155151
13749	4317	1265	150093	2236	0	157911
13750	2107	1241	3594	149229	0	156171
13751	1871	1068	1421	154125	0	158485
13752	1574	1229	1444	155399	0	159646
13753	151608	1282	1029	5321	0	159240
13754	4119	1382	148330	2827	0	156658
13755	145077	1111	3756	2264	0	152208
13756	151845	1093	1456	2298	0	156692
13757	4934	914	1268	149347	0	156463
13758	150329	826	1275	4702	0	157132
13759	4602	1349	145517	2778	0	154246
13760	142054	916	3366	2632	0	148968
13761	4603	155428	1731	2559	0	164321
13762	2694	3702	152860	2017	0	161273
13763	2387	1850	153802	2160	0	160199
13764	2293	1963	4092	149501	0	157849
13765	2407	1264	152191	4569	0	160431
13766	144850	1211	3649	2953	0	152663
13767	4195	146468	1815	2455	0	154933
13768	147287	3291	1031	2606	0	154215
13769	4230	1754	1089	148535	0	155608
13770	2398	1264	146902	4974	0	155538
13771	1851	1178	147412	3370	0	153811
13772	1796	1336	3896	148454	0	155482
13773	148714	896	1754	5448	0	156812
13774	4007	145553	1310	3595	0	154465
13775	2170	151725	1243	3308	0	158446
13776	149348	4120	1118	3179	0	157765
13777	4558	151345	1175	2768	0	159846
13778	152436	3417	1343	2574	0	159770
13779	5270	1609	1170	151331	0	159380
13780	151635	944	1344	4678	0	158601
13781	4812	897	1478	151567	0	158754
13782	152088	814	1356	4896	0	159154
13783	4502	799	1586	148989	0	155876
13784	2846	148412	1758	4464	0	157480
13785	148910	3052	1459	2784	0	156205
13786	4268	147949	1620	2816	0	156653
13787	3024	3425	140972	1827	0	149248
13788	2562	1490	3810	127301	0	135163
13789	2290	141852	2109	3532	0	149783
13790	138817	3230	1508	2093	0	145648
13791	136118	1533	1668	1831	0	141150
13792	4791	134423	1789	1609	0	142612
13793	2159	3505	130475	1870	0	138009
13794	2224	1349	3772	122416	0	129761
13795	1861	126987	2206	3731	0	134785
13796	1814	3221	1764	129061	0	135860
13797	2459	1399	1516	131159	0	136533
13798	126988	1492	1045	4522	0	134047
13799	4230	126010	1364	2192	0	133796
13800	2586	3111	1191	126977	0	133865
13801	127012	1735	1032	4148	0	133927
13802	127487	1186	1156	2276	0	132105
13803	125745	1345	1042	2267	0	130399
13804	5050	1354	995	123045	0	130444
13805	118863	1079	956	3707	0	124605
13806	4108	118384	1098	1941	0	125531
13807	116628	2947	846	1852	0	122273
13808	3837	117826	926	1845	0	124434
13809	117235	2989	750	1665	0	122639
13810	116139	1318	595	1911	0	119963
13811	4530	1605	700	113991	0	120826
13812	2303	1009	117812	3262	0	124386
13813	2014	1164	116338	1834	0	121350
13814	1969	116411	2683	1322	0	122385
13815	111034	2622	1396	1430	0	116482
13816	3162	1251	108878	772	0	114063
13817	78925	436	934	426	0	80721
13818	1073	85330	437	332	0	87172
13819	656	89985	312	325	0	91278
13820	500	1306	187	91979	0	93972
13821	458	96615	221	1104	0	98398
13822	424	1521	97826	608	0	100379
13823	638	809	1287	92544	0	95278
13824	350	100366	605	1345	0	102666
13825	408	1630	261	100392	0	102691
13826	100445	608	207	1825	0	103085
13827	1655	475	152	101403	0	103685
13828	784	459	102881	1767	0	105891
13829	429	103941	1690	770	0	106830
13830	404	1915	611	102826	0	105756
13831	437	710	332	105141	0	106620
13832	396	499	263	106417	0	107575
13833	103267	355	227	2478	0	106327
13834	103055	288	248	1116	0	104707
13835	2284	454	104695	562	0	107995
13836	1074	482	104396	447	0	106399
13837	542	105326	2132	518	0	108518
13838	107174	1783	772	550	0	110279
13839	2025	669	390	107377	0	110461
13840	942	499	276	108459	0	110176
13841	727	339	202	109064	0	110332
13842	649	367	142	109659	0	110817
13843	571	431	105086	2627	0	108715
13844	99696	310	1743	1214	0	102963
13845	2212	281	610	114863	0	117966
13846	1037	423	114202	2354	0	118016
13847	113317	398	2269	1176	0	117160
13848	125142	277	917	800	0	127136
13849	3574	546	138129	524	0	142773
13850	1740	477	143873	426	0	146516
13851	1023	353	3956	139809	0	145141
13852	143236	318	1401	3535	0	148490
13853	145948	331	780	1425	0	148484
13854	4400	394	561	139906	0	145261
13855	1726	404	524	145561	0	148215
13856	950	508	144120	4158	0	149736
13857	708	461	3424	141389	0	145982
13858	755	458	143052	3934	0	148199
13859	133849	358	3605	1670	0	139482
13860	3418	143466	1460	1112	0	149456
13861	136642	3026	617	815	0	141100
13862	3462	136839	689	655	0	141645
13863	136024	3384	594	634	0	140636
13864	3788	1100	402	132855	0	138145
13865	1659	584	339	135442	0	138024
13866	135574	384	274	4224	0	140456
13867	137389	314	314	1693	0	139710
13868	138656	252	329	1069	0	140306
13869	139818	256	353	799	0	141226
13870	4947	425	135773	650	0	141795
13871	134817	230	3334	765	0	139146
13872	139916	174	1142	806	0	142038
13873	139217	174	647	766	0	140804
13874	5235	195	469	135117	0	141016
13875	129965	164	511	3763	0	134403
13876	4035	131648	681	1519	0	137883
13877	1908	3157	511	132629	0	138205
13878	1418	1033	452	135844	0	138747
13879	1167	842	131732	4602	0	138343
13880	1222	397	3465	125063	0	130147
13881	935	131539	1465	4048	0	137987
13882	129802	3360	854	1932	0	135948
13883	3731	131820	958	1398	0	137907
13884	132677	3628	643	1223	0	138171
13885	4649	1339	555	132165	0	138708
13886	130563	672	580	4075	0	135890
13887	4218	129559	778	1966	0	136521
13888	131899	3492	541	1344	0	137276
13889	133819	1305	588	1114	0	136826
13890	5318	757	583	130298	0	136956
13891	2555	507	610	134156	0	137828
13892	1821	637	130501	4870	0	137829
13893	1675	528	3441	131002	0	136646
13894	1754	517	1263	133631	0	137165
13895	1529	596	130399	5016	0	137540
13896	1577	384	3615	131301	0	136877
13897	1309	491	130243	4753	0	136796
13898	127716	350	4015	2272	0	134353
13899	4570	383	1584	129557	0	136094
13900	2421	551	127635	4193	0	134800
13901	126549	422	3705	1950	0	132626
13902	4804	425	1442	128492	0	135163
13903	2390	604	130041	4241	0	137276
13904	128778	429	3727	2095	0	135029
13905	4845	422	1432	131681	0	138380
13906	2611	405	925	134369	0	138310
13907	133362	419	686	5320	0	139787
13908	4946	419	597	132356	0	138318
13909	2589	476	637	134581	0	138283
13910	2167	524	651	127429	0	130771
13911	1606	128008	833	5256	0	135703
13912	123874	3293	686	2491	0	130344
13913	125771	1203	619	1768	0	129361
13914	5350	765	555	121287	0	127957
13915	122006	558	556	4242	0	127362
13916	122870	540	573	2288	0	126271
13917	123771	501	600	1727	0	126599
13918	107377	639	945	1695	0	110656
13919	118716	398	858	1584	0	121556
13920	5158	556	107792	1355	0	114861
13921	2418	565	103731	1333	0	108047
13922	100690	367	3420	1273	0	105750
13923	3763	101580	1632	1347	0	108322
13924	1917	2589	869	98019	0	103394
13925	1437	965	98043	3350	0	103795
13926	1337	619	98947	1683	0	102586
13927	1472	1355	3392	95535	0	101754
13928	95732	663	2166	3514	0	102075
13929	3361	479	750	96209	0	100799
13930	1691	552	96202	3269	0	101714
13931	97982	310	2581	1815	0	102688
13932	3361	307	1147	100171	0	104986
13933	1906	170	755	102177	0	105008
13934	1616	205	584	103233	0	105638
13935	1454	201	458	101574	0	103687
13936	1438	309	97875	4011	0	103633
13937	1518	194	2591	98121	0	102424
13938	97477	191	1091	3462	0	102221
13939	3152	442	95337	1845	0	100776
13940	94772	266	2548	1409	0	98995
13941	98628	249	893	1301	0	101071
13942	97891	275	693	1255	0	100114
13943	96028	236	604	1270	0	98138
13944	3769	94326	663	1268	0	100026
13945	1486	84914	527	768	0	87695
13946	1143	87342	487	871	0	89843
13947	81237	2621	1501	1203	0	86562
13948	2227	641	76291	840	0	79999
13949	57031	566	1316	465	0	59378
13950	1286	114	366	55679	0	57445
13951	55627	75	189	937	0	56828
13952	923	39	141	55456	0	56559
13953	55244	41	166	1007	0	56458
13954	910	63	145	55348	0	56466
13955	502	75	112	57026	0	57715
13956	47076	71	175	1154	0	48476
13957	864	62108	199	498	0	63669
13958	465	626	61450	292	0	62833
13959	383	61377	669	267	0	62696
13960	264	549	58321	192	0	59326
13961	255	665	629	54115	0	55664
13962	56160	66	489	560	0	57275
13963	501	100	108	55359	0	56068
13964	54588	43	97	564	0	55292
13965	508	59954	147	376	0	60985
13966	338	465	61707	195	0	62705
13967	190	61897	445	166	0	62698
13968	159	61974	212	165	0	62510
13969	58571	285	226	195	0	59277
13970	56757	104	107	149	0	57117
13971	333	58610	99	132	0	59174
13972	175	240	63	58698	0	59176
13973	140	78	48	58956	0	59222
13974	58533	56	59	431	0	59079
13975	326	112	59533	174	0	60145
13976	161	117	58252	136	0	58666
13977	172	52	322	58553	0	59099
13978	123	151	60345	362	0	60981
13979	55035	47	325	228	0	55635
13980	59387	47	119	206	0	59759
13981	398	60150	148	138	0	60834
13982	234	367	61991	111	0	62703
13983	214	105	318	61404	0	62041
13984	173	146	65979	385	0	66683
13985	175	78	335	64856	0	65444
13986	65393	60	133	483	0	66069
13987	362	68952	179	345	0	69838
13988	235	447	72393	171	0	73246
13989	172	73452	439	171	0	74234
13990	124	75933	204	237	0	76498
13991	75647	434	113	290	0	76484
13992	72441	158	109	292	0	73000
13993	529	204	76533	275	0	77541
13994	253	78956	445	224	0	79878
13995	225	413	168	79219	0	80025
13996	198	159	128	79376	0	79861
13997	201	102	119	78850	0	79272
13998	213	231	80366	607	0	81417
13999	216	108	430	78495	0	79249
14000	206	87	194	81994	0	82481
14001	82852	83	114	757	0	83806
14002	82486	109	121	450	0	83166
14003	81864	114	117	424	0	82519
14004	80418	120	108	318	0	80964
14005	80408	98	114	271	0	80891
14006	628	80570	206	181	0	81585
14007	78830	394	94	201	0	79519
14008	577	318	78982	110	0	79987
14009	340	205	375	77931	0	78851
14010	79765	108	170	500	0	80543
14011	463	80039	181	255	0	80938
14012	81009	396	93	278	0	81776
14013	82543	179	90	332	0	83144
14014	580	125	105	82965	0	83775
14015	299	120	107	84342	0	84868
14016	194	89647	222	622	0	90685
14017	237	539	111	90908	0	91795
14018	234	398	95056	644	0	96332
14019	292	140	630	94867	0	95929
14020	205	231	96747	764	0	97947
14021	86793	162	847	545	0	88347
14022	846	128	278	98044	0	99296
14023	420	222	99650	810	0	101102
14024	208	98470	864	489	0	100031
14025	150	99915	396	283	0	100744
14026	98500	903	217	292	0	99912
14027	849	384	120	98370	0	99723
14028	325	338	103886	769	0	105318
14029	157	102595	761	501	0	104014
14030	195	842	103042	199	0	104278
14031	98294	250	765	302	0	99611
14032	100769	124	259	280	0	101432
14033	101634	84	167	262	0	102147
14034	992	84	80	101789	0	102945
14035	391	206	102159	773	0	103529
14036	172	102635	785	380	0	103972
14037	176	690	272	104228	0	105366
14038	206	468	102858	735	0	104267
14039	220	322	100971	339	0	101852
14040	186	100	908	102679	0	103873
14041	104770	74	361	904	0	106109
14042	784	123	201	104896	0	106004
14043	406	96	143	107071	0	107716
14044	298	269	107468	998	0	109033
14045	241	102	737	105986	0	107066
14046	212	115	303	107659	0	108289
14047	210	279	108549	998	0	110036
14048	207	288	107333	437	0	108265
14049	283	122	983	106105	0	107493
14050	269	305	109481	812	0	110867
14051	221	151	837	108532	0	109741
14052	108775	98	394	1040	0	110307
14053	733	112401	409	633	0	114176
14054	429	753	175	113937	0	115294
14055	325	448	112320	823	0	113916
14056	94009	201	824	839	0	95873
14057	765	105398	492	348	0	107003
14058	106245	728	266	388	0	107627
14059	904	338	178	105809	0	107229
14060	422	193	217	105939	0	106771
14061	107127	101	241	1363	0	108832
14062	841	266	108182	507	0	109796
14063	104699	121	844	453	0	106117
14064	932	96	400	109250	0	110678
14065	105068	89	308	1136	0	106601
14066	104247	116	245	622	0	105230
14067	1190	132	226	103127	0	104675
14068	509	107231	367	1101	0	109208
14069	109461	898	257	667	0	111283
14070	109731	338	244	491	0	110804
14071	1425	412	109851	288	0	111976
14072	107384	171	1138	400	0	109093
14073	1315	191	487	109118	0	111111
14074	520	112209	450	1132	0	114311
14075	565	1071	239	107431	0	109306
14076	281	111787	391	1118	0	113577
14077	111326	1136	265	683	0	113410
14078	114119	436	222	487	0	115264
14079	1624	267	189	124535	0	126615
14080	752	295	124198	1727	0	126972
14081	486	339	124340	691	0	125856
14082	452	158	2001	126769	0	129380
14083	127287	132	799	1979	0	130197
14084	133858	151	467	985	0	135461
14085	2444	136836	509	642	0	140431
14086	1079	2034	258	137462	0	140833
14087	610	863	139259	2347	0	143079
14088	446	577	141729	1030	0	143782
14089	571	539	3110	147223	0	151443
14090	157292	204	1252	3204	0	161952
14091	3234	155	522	159293	0	163204
14092	1105	358	158010	3517	0	162990
14093	154846	199	3234	1333	0	159612
14094	3340	157	1095	155857	0	160449
14095	1314	182	567	159230	0	161293
14096	847	198	383	152948	0	154376
14097	459	154450	593	4134	0	159636
14098	566	3116	155666	1373	0	160721
14099	471	1086	159223	838	0	161618
14100	565	458	3944	156619	0	161586
14101	554	430	158592	3481	0	163057
14102	154456	248	3617	1426	0	159747
14103	3645	260	1135	156631	0	161671
14104	1465	280	701	158240	0	160686
14105	959	250	565	155250	0	157024
14106	522	157087	854	4432	0	162895
14107	158963	3158	571	1804	0	164496
14108	3719	960	425	158344	0	163448
14109	156560	485	490	3972	0	161507
14110	3716	157395	662	1660	0	163433
14111	157386	3295	533	1176	0	162390
14112	154064	1031	582	1094	0	156771
14113	156015	512	510	1144	0	158181
14114	4546	152004	850	1145	0	158545
14115	1725	153176	784	969	0	156654
14116	144059	3805	990	981	0	149835
14117	3403	146963	809	1048	0	152223
14118	1437	3477	142273	929	0	148116
14119	849	138263	3252	1085	0	143449
14120	722	142340	1350	885	0	145297
14121	139903	3575	816	885	0	145179
14122	3381	1396	138826	787	0	144390
14123	1365	850	138123	766	0	141104
14124	1114	557	3813	133806	0	139290
14125	137242	436	1406	3475	0	142559
14126	3549	600	138189	1545	0	143883
14127	1569	436	3283	136453	0	141741
14128	1014	651	131735	3536	0	136936
14129	932	721	130608	1556	0	133817
14130	124941	504	3763	1276	0	130484
14131	3666	702	130166	852	0	135386
14132	1766	660	3433	125897	0	131756
14133	1234	749	1390	124572	0	127945
14134	958	126108	1221	3717	0	132004
14135	996	130689	1053	1619	0	134357
14136	1147	3714	903	126596	0	132360
14137	1149	1581	127207	3623	0	133560
14138	1161	1021	3303	126350	0	131835
14139	1076	780	1459	129579	0	132894
14140	916	923	129419	4331	0	135589
14141	1142	664	3620	129481	0	134907
14142	130433	654	1703	4253	0	137043
14143	3648	852	130373	1996	0	136869
14144	128333	673	3792	1662	0	134460
14145	4045	690	1994	127950	0	134679
14146	2054	559	1471	129918	0	134002
14147	1367	131483	1401	4863	0	139114
14148	1444	3473	1324	131975	0	138216
14149	1429	1339	1205	136888	0	140861
14150	134067	945	1296	5106	0	141414
14151	4059	788	1353	134704	0	140904
14152	1895	834	1299	137492	0	141520
14153	130356	909	1410	5396	0	138071
14154	4061	900	1467	131503	0	137931
14155	2134	890	1409	123301	0	127734
14156	1375	129596	1607	5144	0	137722
14157	129683	3464	1403	2848	0	137398
14158	4169	1456	1145	131111	0	137881
14159	2108	1041	1065	134274	0	138488
14160	1819	1034	129532	5558	0	137943
14161	1418	846	3845	128468	0	134577
14162	1475	900	1827	131356	0	135558
14163	126437	922	1210	5537	0	134106
14164	128651	985	1118	2881	0	133635
14165	5027	946	1162	127024	0	134159
14166	2286	1106	124287	4579	0	132258
14167	1603	119206	3844	2385	0	127038
14168	1431	122681	1904	1928	0	127944
14169	1919	4370	1329	119878	0	127496
14170	120666	1706	1056	4552	0	127980
14171	4023	1213	871	121386	0	127493
14172	121460	1080	646	4685	0	127871
14173	4219	1111	750	122571	0	128651
14174	2201	916	856	123797	0	127770
14175	119578	984	884	4974	0	126420
14176	118558	1016	938	2445	0	122957
14177	4747	118573	1089	1859	0	126268
14178	2247	121513	1097	1605	0	126462
14179	1369	3280	785	105037	0	110471
14180	1192	1344	747	107978	0	111261
14181	1225	815	104908	3589	0	110537
14182	93884	669	2796	1934	0	99283
14183	2945	100303	1345	1430	0	106023
14184	766	92088	808	1134	0	94796
14185	88140	1963	785	1031	0	91919
14186	2971	669	87397	875	0	91912
14187	934	480	83988	775	0	86177
14188	819	569	77844	722	0	79954
14189	443	70034	1642	453	0	72572
14190	532	751	808	60673	0	62764
14191	242	228	176	60871	0	61517
14192	249	145	158	61553	0	62105
14193	60127	121	145	1076	0	61469
14194	59744	119	133	517	0	60513
14195	856	60325	230	407	0	61818
14196	372	703	126	61541	0	62742
14197	332	377	62949	832	0	64490
14198	213	63796	740	488	0	65237
14199	62250	666	278	475	0	63669
14200	743	335	62839	332	0	64249
14201	55776	175	596	396	0	56943
14202	722	244	62338	350	0	63654
14203	339	358	598	58728	0	60023
14204	203	62757	325	702	0	63987
14205	62965	601	144	501	0	64211
14206	641	64363	207	323	0	65534
14207	63359	625	118	378	0	64480
14208	723	267	85	63144	0	64219
14209	365	343	67298	785	0	68791
14210	304	152	626	69590	0	70672
14211	290	169	199	75373	0	76031
14212	338	294	74756	1089	0	76477
14213	68355	149	850	627	0	69981
14214	876	76526	328	479	0	78209
14215	75625	832	198	489	0	77144
14216	954	78153	227	336	0	79670
14217	378	1011	122	80834	0	82345
14218	321	433	80935	1132	0	82821
14219	93852	213	992	614	0	95671
14220	1684	100308	414	459	0	102865
14221	684	1694	178	99061	0	101617
14222	465	535	153	103549	0	104702
14223	108902	323	130	2246	0	111601
14224	113593	241	162	948	0	114944
14225	2573	117341	326	550	0	120790
14226	123941	2297	199	480	0	126917
14227	124918	746	195	484	0	126343
14228	126627	380	206	454	0	127667
14229	4014	449	125433	362	0	130258
14230	1356	123349	2648	468	0	127821
14231	627	129371	1033	439	0	131470
14232	630	3375	434	119969	0	124408
14233	588	1294	230	126429	0	128541
14234	126189	565	216	3555	0	130525
14235	2817	125943	370	1402	0	130532
14236	127138	2815	203	782	0	130938
14237	3201	1125	201	125458	0	129985
14238	1331	584	216	128250	0	130381
14239	125578	353	234	3717	0	129882
14240	124864	348	254	1543	0	127009
14241	3776	478	122372	694	0	127320
14242	1716	516	2641	120601	0	125474
14243	845	428	120560	2807	0	124640
14244	660	481	119983	1150	0	122274
14245	652	526	121314	638	0	123130
14246	116042	516	3810	579	0	120947
14247	2892	353	1257	115950	0	120452
14248	1365	302	559	116521	0	118747
14249	912	304	350	119376	0	120942
14250	625	466	117443	3676	0	122210
14251	805	300	2559	116022	0	119686
14252	930	335	993	118762	0	121020
14253	117476	321	497	3513	0	121807
14254	119140	405	330	1566	0	121441
14255	120896	374	339	922	0	122531
14256	121061	404	339	795	0	122599
14257	4486	468	357	117073	0	122384
14258	118618	494	324	3142	0	122578
14259	3740	564	283	118189	0	122776
14260	1993	641	113504	3312	0	119450
14261	113530	515	2507	1649	0	118201
14262	3594	115702	1142	1061	0	121499
14263	2123	2830	623	114287	0	119863
14264	1633	1452	466	112817	0	116368
14265	1169	116423	632	3664	0	121888
14266	114950	2964	453	1845	0	120212
14267	3428	114238	601	1411	0	119678
14268	2042	3087	114498	1002	0	120629
14269	1481	1526	115278	970	0	119255
14270	111953	862	3707	1108	0	117630
14271	116570	676	1608	1116	0	119970
14272	4263	763	113380	1056	0	119462
14273	111755	534	3027	1175	0	116491
14274	3964	759	112568	1147	0	118438
14275	111662	527	3244	1322	0	116755
14276	4000	745	112696	1335	0	118776
14277	2310	669	114647	1403	0	119029
14278	1884	631	3976	105622	0	112113
14279	1734	538	1912	110908	0	115092
14280	112924	535	1169	4435	0	119063
14281	113039	522	910	2405	0	116876
14282	115007	467	896	1719	0	118089
14283	115359	567	792	1612	0	118330
14284	5015	111588	1126	1561	0	119290
14285	3095	2793	941	107539	0	114368
14286	2147	111974	1112	3597	0	118830
14287	2125	3059	1022	112918	0	119124
14288	2034	1432	926	112814	0	117206
14289	2201	1061	857	112582	0	116701
14290	2036	1025	108126	4833	0	116020
14291	101562	780	3114	2983	0	108439
14292	4123	103934	1762	2248	0	112067
14293	2550	108667	1319	1921	0	114457
14294	2359	3792	108341	1712	0	116204
14295	2213	1657	3263	106994	0	114127
14296	2110	951	1852	108893	0	113806
14297	107607	733	1370	4681	0	114391
14298	4396	733	1202	106524	0	112855
14299	2845	726	1318	108414	0	113303
14300	2286	638	1330	109412	0	113666
14301	2059	622	1487	110603	0	114771
14302	106816	510	1502	4912	0	113740
14303	108268	527	1611	2640	0	113046
14304	109256	499	1493	2000	0	113248
14305	5228	472	1459	108355	0	115514
14306	108932	422	1428	4282	0	115064
14307	4763	384	1298	110776	0	117221
14308	2966	486	1455	114147	0	119054
14309	2496	625	106556	4840	0	114517
14310	2132	503	103082	2641	0	108358
14311	2028	512	100908	1802	0	105250
14312	97650	413	4573	1692	0	104328
14313	4376	587	2383	89914	0	97260
14314	2679	96741	1503	3673	0	104596
14315	98783	2577	1207	2272	0	104839
14316	4508	1258	96043	1749	0	103558
14317	90385	707	3067	1528	0	95687
14318	4037	88681	1924	1415	0	96057
14319	73251	1671	787	949	0	76658
14320	2873	853	544	72712	0	76982
14321	72014	406	455	2264	0	75139
14322	2498	69103	617	1391	0	73609
14323	1415	68216	538	994	0	71163
14324	59780	1528	438	637	0	62383
14325	1563	61292	428	572	0	63855
14326	422	53041	244	310	0	54017
14327	489	54027	367	263	0	55146
14328	52008	999	941	342	0	54290
14329	50451	343	176	231	0	51201
14330	50705	199	103	229	0	51236
14331	996	140	90	49870	0	51096
14332	429	131	92	50814	0	51466
14333	319	163	50116	826	0	51424
14334	311	108	650	49468	0	50537
14335	303	150	51209	765	0	52427
14336	324	100	694	50683	0	51801
14337	266	110	240	52132	0	52748
14338	51568	89	177	941	0	52775
14339	50648	110	149	472	0	51379
14340	855	51184	216	335	0	52590
14341	442	669	169	51153	0	52433
14342	302	358	52909	704	0	54273
14343	318	228	633	52339	0	53518
14344	296	171	245	53371	0	54083
14345	315	168	182	53947	0	54612
14346	270	210	52970	917	0	54367
14347	308	184	49644	410	0	50546
14348	50235	118	776	371	0	51500
14349	747	109	294	53176	0	54326
14350	649	169	52259	775	0	53852
14351	48545	114	657	479	0	49795
14352	709	53421	351	344	0	54825
14353	53882	601	238	348	0	55069
14354	813	316	55592	277	0	56998
14355	53426	181	617	360	0	54584
14356	818	132	279	55986	0	57215
14357	391	199	57745	685	0	59020
14358	279	57323	640	346	0	58588
14359	57740	595	288	328	0	58951
14360	676	285	245	57821	0	59027
14361	391	207	194	57848	0	58640
14362	258	59280	217	827	0	60582
14363	252	574	182	59464	0	60472
14364	255	305	59199	733	0	60492
14365	220	58710	657	401	0	59988
14366	58907	570	300	358	0	60135
14367	710	259	199	58672	0	59840
14368	370	209	152	58495	0	59226
14369	331	207	58063	801	0	59402
14370	300	202	594	57259	0	58355
14371	349	277	60353	708	0	61687
14372	265	60783	670	394	0	62112
14373	60665	596	322	396	0	61979
14374	60614	270	209	321	0	61414
14375	60660	213	192	303	0	61368
14376	809	64994	239	260	0	66302
14377	439	610	193	64838	0	66080
14378	364	286	154	65152	0	65956
14379	308	230	165	60811	0	61514
14380	64161	164	152	956	0	65433
14381	63708	154	144	518	0	64524
14382	818	137	171	63623	0	64749
14383	462	239	69306	785	0	70792
14384	332	149	607	68406	0	69494
14385	315	135	278	69610	0	70338
14386	280	130	192	69538	0	70140
14387	286	125	158	69717	0	70286
14388	69494	133	188	1070	0	70885
14389	729	160	167	70713	0	71769
14390	372	145	157	70535	0	71209
14391	264	70769	218	947	0	72198
14392	314	628	120	71900	0	72962
14393	227	73214	219	900	0	74560
14394	296	718	131	73208	0	74353
14395	72627	264	128	973	0	73992
14396	714	73288	204	534	0	74740
14397	70929	679	150	539	0	72297
14398	878	349	73299	408	0	74934
14399	422	241	674	72297	0	73634
14400	353	218	75163	945	0	76679
14401	293	136	785	74672	0	75886
14402	290	187	314	74520	0	75311
14403	215	74786	305	1017	0	76323
14404	213	75798	257	553	0	76821
14405	149	76545	198	382	0	77274
14406	74758	548	139	365	0	75810
14407	455	72616	125	279	0	73475
14408	168	72129	105	261	0	72663
14409	616	447	170	73141	0	74374
14410	73358	125	55	610	0	74148
14411	353	79104	136	267	0	79860
14412	80858	345	58	335	0	81596
14413	80278	118	50	298	0	80744
14414	463	246	84442	206	0	85357
14415	232	136	343	81079	0	81790
14416	189	121	103	86000	0	86413
14417	156	89	82	86466	0	86793
14418	190	74	99	85322	0	85685
14419	131	232	82243	470	0	83076
14420	146	241	73170	197	0	73754
14421	71881	86	383	350	0	72700
14422	334	80515	151	164	0	81164
14423	83	81172	163	131	0	81549
14424	81296	343	35	223	0	81897
14425	307	77095	135	3473	0	81010
14426	132	349	43	81008	0	81532
14427	80995	115	42	511	0	81663
14428	396	239	81366	155	0	82156
14429	185	94	306	81420	0	82005
14430	150	218	83238	396	0	84002
14431	77653	90	389	327	0	78459
14432	455	281	92506	152	0	93394
14433	91880	67	388	331	0	92666
14434	98222	93	123	417	0	98855
14435	98421	71	82	298	0	98872
14436	98828	84	73	308	0	99293
14437	99111	70	63	323	0	99567
14438	562	69	66	99464	0	100161
14439	103900	86	101	750	0	104837
14440	467	76	86	104599	0	105228
14441	224	85	76	104941	0	105326
14442	240	111	77	106076	0	106504
14443	213	272	106375	587	0	107447
14444	232	140	396	103243	0	104011
14445	219	120	114	108253	0	108706
14446	193	274	106204	589	0	107260
14447	92597	164	458	492	0	93711
14448	531	107	133	107873	0	108644
14449	280	264	108349	542	0	109435
14450	250	241	105463	253	0	106207
14451	215	129	501	105040	0	105885
14452	283	267	108799	571	0	109920
14453	235	135	441	108739	0	109550
14454	251	100	168	108196	0	108715
14455	126	109160	258	560	0	110104
14456	137	110347	206	317	0	111007
14457	110532	436	86	461	0	111515
14458	507	156	93	111419	0	112175
14459	279	133	83	109727	0	110222
14460	220	102	95	112521	0	112938
14461	189	327	112914	630	0	114060
14462	202	124	440	110083	0	110849
14463	110682	108	190	756	0	111736
14464	595	331	114551	293	0	115770
14465	334	110	455	116708	0	117607
14466	268	101	180	118483	0	119032
14467	228	117	124	120034	0	120503
14468	131	127614	338	777	0	128860
14469	127803	817	135	522	0	129277
14470	133420	212	157	511	0	134300
14471	1314	138578	275	310	0	140477
14472	480	1109	115	144933	0	146637
14473	339	489	145947	1496	0	148271
14474	256	381	144027	457	0	145121
14475	144136	530	1970	429	0	147065
14476	1897	112	577	151526	0	154112
14477	156561	99	324	2093	0	159077
14478	2150	161323	347	755	0	164575
14479	626	164707	291	450	0	166074
14480	161253	2622	136	536	0	164547
14481	2174	168538	359	294	0	171365
14482	795	2354	134	169502	0	172785
14483	592	667	131	159759	0	161149
14484	228	176187	333	2570	0	179318
14485	177329	2463	192	1113	0	181097
14486	2675	1022	179331	426	0	183454
14487	168402	357	2581	638	0	171978
14488	3012	429	182996	240	0	186677
14489	163453	242	2912	758	0	167365
14490	3159	389	185058	333	0	188939
14491	957	182427	3168	338	0	186890
14492	745	2842	956	182694	0	187237
14493	181660	720	483	3090	0	185953
14494	2868	545	181439	829	0	185681
14495	1016	455	182321	396	0	184188
14496	727	246	3418	175767	0	180158
14497	516	427	181690	2808	0	185441
14498	582	227	3041	176826	0	180676
14499	524	239	968	176972	0	178703
14500	427	458	178960	3553	0	183398
14501	531	206	2867	176278	0	179882
14502	179726	183	1020	3408	0	184337
14503	2752	179359	820	1211	0	184142
14504	180598	2704	422	858	0	184582
14505	3138	913	352	177330	0	181733
14506	178356	418	343	3196	0	182313
14507	181457	360	382	1356	0	183555
14508	3898	383	392	173683	0	178356
14509	1280	180106	628	2728	0	184742
14510	181104	2707	465	1261	0	185537
14511	3214	1097	174927	668	0	179906
14512	1255	757	173814	606	0	176432
14513	168825	335	3560	753	0	173473
14514	3268	315	1308	169487	0	174378
14515	1356	659	170687	2948	0	175650
14516	952	334	3102	169618	0	174006
14517	170745	418	1135	3473	0	175771
14518	173466	380	738	1574	0	176158
14519	171721	406	557	1079	0	173763
14520	3826	176123	702	772	0	181423
14521	1754	2930	440	176673	0	181797
14522	1118	1130	436	178300	0	180984
14523	176460	632	475	3919	0	181486
14524	3198	176904	719	1565	0	182386
14525	175981	2958	480	1119	0	180538
14526	3692	1104	530	174356	0	179682
14527	172917	683	567	3416	0	177583
14528	3698	793	169695	1252	0	175438
14529	1561	170540	3246	858	0	176205
14530	1600	3145	1220	156684	0	162649
14531	953	173389	1045	2639	0	178026
14532	1103	3150	636	163701	0	168590
14533	162996	1158	671	3352	0	168177
14534	3443	905	158840	1325	0	164513
14535	152963	590	3126	1177	0	157856
14536	3397	162245	1559	1024	0	168225
14537	1675	2888	901	163834	0	169298
14538	1371	1052	794	167488	0	170705
14539	160572	680	748	4048	0	166048
14540	3521	890	160562	1666	0	166639
14541	1740	533	3151	160915	0	166339
14542	1391	512	1325	161094	0	164322
14543	1269	517	916	160361	0	163063
14544	1221	531	750	161844	0	164346
14545	157894	516	694	4378	0	163482
14546	157932	563	694	2128	0	161317
14547	4239	793	158040	1200	0	164272
14548	1903	915	156263	1044	0	160125
14549	158342	501	3794	1364	0	164001
14550	165487	531	1471	1309	0	168798
14551	4364	523	967	162809	0	168663
14552	2015	461	875	163915	0	167266
14553	160360	426	897	4229	0	165912
14554	3586	160354	1163	1967	0	167070
14555	2031	2815	823	161129	0	166798
14556	1535	962	782	164211	0	167490
14557	1274	959	159327	4244	0	165804
14558	1365	522	3153	158941	0	163981
14559	1305	743	160507	3962	0	166517
14560	1341	482	3312	159877	0	165012
14561	158591	458	1353	3952	0	164354
14562	3757	538	822	159198	0	164315
14563	1910	685	157548	3917	0	164060
14564	1292	151306	3451	2152	0	158201
14565	1373	3098	1291	155816	0	161578
14566	1337	1251	156225	3549	0	162362
14567	1152	156703	3306	1860	0	163021
14568	1364	3172	1168	150234	0	155938
14569	1160	1321	149061	3112	0	154654
14570	116248	649	2629	1982	0	121508
14571	2696	138635	1238	1139	0	143708
14572	1219	131845	674	821	0	134559
14573	870	134783	699	850	0	137202
14574	1423	3164	685	127103	0	132375
14575	841	1010	132593	2163	0	136607
14576	607	131167	2231	1124	0	135129
14577	1177	4231	877	125575	0	131860
14578	135992	729	523	2171	0	139415
14579	2264	409	285	182737	0	185695
14580	1329	696	213076	4001	0	219102
14581	616	214151	4586	1482	0	220835
14582	205182	4327	1204	1134	0	211847
14583	4243	210641	901	873	0	216658
14584	1547	4700	199989	686	0	206922
14585	632	200970	4582	919	0	207103
14586	990	5243	1563	193534	0	201330
14587	643	1789	195526	3893	0	201851
14588	537	194197	4406	1381	0	200521
14589	790	4514	1226	186531	0	193061
14590	562	1737	943	186012	0	189254
14591	215	191179	992	4601	0	196987
14592	430	4604	653	191647	0	197334
14593	325	1891	191038	4619	0	197873
14594	296	1528	194446	1537	0	197807
14595	425	982	4794	191400	0	197601
14596	191264	776	1509	5040	0	198589
14597	192988	845	886	2115	0	196834
14598	4803	839	754	186096	0	192492
14599	1318	190249	1203	4851	0	197621
14600	943	4223	1198	190563	0	196927
14601	188683	1444	1095	5132	0	196354
14602	4757	1065	748	188199	0	194769
14603	2173	822	621	191837	0	195453
14604	186864	974	566	5776	0	194180
14605	4350	185951	1182	2402	0	193885
14606	1807	4757	622	182942	0	190128
14607	185223	1588	574	5167	0	192552
14608	4726	1372	182365	2296	0	190759
14609	179817	917	4195	2215	0	187144
14610	5142	977	1259	183449	0	190827
14611	183181	1037	835	5413	0	190466
14612	184857	1086	703	2540	0	189186
14613	173260	939	886	2285	0	177370
14614	5317	179101	1533	1997	0	187948
14615	2592	4356	178850	1389	0	187187
14616	1869	180783	4694	1657	0	189003
14617	177453	4626	1540	1627	0	185246
14618	5438	179209	1216	1493	0	187356
14619	2939	4883	745	177744	0	186311
14620	173640	2045	778	4903	0	181366
14621	4810	174926	1123	2134	0	182993
14622	2190	5493	174291	1554	0	183528
14623	2010	2254	4253	173576	0	182093
14624	1600	2006	174528	5115	0	183249
14625	1402	174630	4878	3259	0	184169
14626	1664	5246	1615	170991	0	179516
14627	1677	2187	1252	174965	0	180081
14628	1512	1717	1283	175796	0	180308
14629	1566	1246	1500	168099	0	172411
14630	1326	171650	1570	6183	0	180729
14631	169631	4880	1285	3199	0	178995
14632	5024	2294	169674	2639	0	179631
14633	2443	1653	4937	170068	0	179101
14634	168779	1652	1921	6115	0	178467
14635	5530	2105	169157	3020	0	179812
14636	2335	166449	5071	2430	0	176285
14637	2103	5861	2212	160994	0	171170
14638	1927	2872	165703	5254	0	175756
14639	1456	166497	5446	3048	0	176447
14640	158917	5312	2367	2853	0	169449
14641	5084	164738	2288	2178	0	174288
14642	2479	6018	1535	161295	0	171327
14643	1787	2793	1508	168162	0	174250
14644	161539	2496	1538	6953	0	172526
14645	4807	162505	2169	3778	0	173259
14646	2505	5457	2016	163646	0	173624
14647	159892	2686	2124	6028	0	170730
14648	158368	2301	1614	3715	0	165998
14649	6339	156651	1443	3473	0	167906
14650	157565	5517	1036	2752	0	166870
14651	160115	2958	888	2788	0	166749
14652	6774	2683	952	155998	0	166407
14653	3376	2346	153812	6487	0	166021
14654	3309	1745	4749	152127	0	161930
14655	2979	1788	1831	155544	0	162142
14656	2585	1889	150502	7295	0	162271
14657	2714	148322	5362	3754	0	160152
14658	2712	5600	1897	148567	0	158776
14659	2143	2469	1821	153551	0	159984
14660	2376	1742	1862	154106	0	160086
14661	2346	1490	1890	146887	0	152613
14662	2182	148330	1975	7390	0	159877
14663	149679	5093	1322	4187	0	160281
14664	151286	2173	917	3819	0	158195
14665	148305	1689	702	3363	0	154059
14666	6851	141467	1062	3298	0	152678
14667	3363	5560	846	140392	0	150161
14668	2556	3055	139647	6222	0	151480
14669	2890	2673	4649	132192	0	142404
14670	3156	140579	1817	5605	0	151157
14671	138427	5264	1118	2700	0	147509
14672	139449	2527	820	2688	0	145484
14673	136067	2016	1076	2637	0	141796
14674	6357	133567	1780	2262	0	143966
14675	2558	126198	2061	2242	0	133059
14676	2164	128600	1864	2450	0	135078
14677	2367	5192	124470	2096	0	134125
14678	2509	3782	110529	2151	0	118971
14679	3665	14746	3198	44254	0	65863
14680	29137	286	1620	650	0	31693
14681	28173	105	106	259	0	28643
14682	506	116	72	29124	0	29818
14683	229	112	71	28885	0	29297
14684	160	127	72	29662	0	30021
14685	142	109	71	29872	0	30194
14686	29864	124	61	583	0	30632
14687	30363	125	61	271	0	30820
14688	553	31637	93	209	0	32492
14689	32097	508	61	207	0	32873
14690	32456	175	84	173	0	32888
14691	32680	136	78	206	0	33100
14692	665	187	28135	182	0	29169
14693	30811	104	334	178	0	31427
14694	559	32442	121	164	0	33286
14695	239	525	94	33373	0	34231
14696	214	168	75	33223	0	33680
14697	159	33036	105	677	0	33977
14698	187	572	94	34159	0	35012
14699	33940	197	91	701	0	34929
14700	647	135	76	34595	0	35453
14701	268	127	34231	674	0	35300
14702	32449	121	521	327	0	33418
14703	627	35196	172	250	0	36245
14704	278	579	80	35407	0	36344
14705	234	188	63	35765	0	36250
14706	216	143	69	35915	0	36343
14707	206	144	35106	816	0	36272
14708	222	34639	554	378	0	35793
14709	277	555	137	34783	0	35752
14710	240	222	34155	595	0	35212
14711	250	136	482	33631	0	34499
14712	211	159	33726	641	0	34737
14713	248	199	521	32066	0	33034
14714	176	33262	197	593	0	34228
14715	197	538	74	32653	0	33462
14716	32876	184	75	634	0	33769
14717	32858	108	66	309	0	33341
14718	680	130	32773	216	0	33799
14719	247	120	31554	160	0	32081
14720	169	152	34682	152	0	35155
14721	179	99	567	34346	0	35191
14722	160	89	176	35773	0	36198
14723	146	87	89	35736	0	36058
14724	115	36671	119	757	0	37662
14725	171	611	95	36262	0	37139
14726	168	213	78	37609	0	38068
14727	176	141	89	38344	0	38750
14728	37891	106	94	860	0	38951
14729	37995	100	123	382	0	38600
14730	735	152	38258	252	0	39397
14731	251	153	38003	224	0	38631
14732	37329	100	700	279	0	38408
14733	39138	100	246	275	0	39759
14734	768	141	39897	247	0	41053
14735	290	127	39019	235	0	39671
14736	38187	102	709	255	0	39253
14737	39362	108	240	268	0	39978
14738	782	134	40466	225	0	41607
14739	306	114	680	39719	0	40819
14740	217	110	256	40390	0	40973
14741	165	42853	242	846	0	44106
14742	210	680	184	43691	0	44765
14743	207	219	46143	897	0	47466
14744	209	116	827	46003	0	47155
14745	228	103	251	46961	0	47543
14746	158	144	45983	1057	0	47342
14747	43838	96	835	479	0	45248
14748	46689	81	268	377	0	47415
14749	1006	72	204	46022	0	47304
14750	410	93	173	46889	0	47565
14751	46437	85	193	1054	0	47769
14752	46480	77	184	454	0	47195
14753	44690	109	218	338	0	45355
14754	46590	77	197	327	0	47191
14755	1017	45676	257	298	0	47248
14756	44494	717	198	326	0	45735
14757	854	44993	266	302	0	46415
14758	352	777	183	44939	0	46251
14759	299	203	169	44713	0	45384
14760	232	44396	228	1028	0	45884
14761	234	722	182	44981	0	46119
14762	285	193	176	44311	0	44965
14763	216	44437	234	1057	0	45944
14764	250	761	209	44609	0	45829
14765	303	224	181	45362	0	46070
14766	301	144	212	45338	0	45995
14767	274	157	44338	1112	0	45881
14768	270	43180	871	520	0	44841
14769	392	943	346	39539	0	41220
14770	293	42843	327	825	0	44288
14771	42298	703	255	411	0	43667
14772	934	258	42284	370	0	43846
14773	413	186	41048	373	0	42020
14774	38937	146	841	351	0	40275
14775	923	289	312	39999	0	41523
14776	349	149	38977	734	0	40209
14777	298	166	38359	380	0	39203
14778	359	367	685	37281	0	38692
14779	36931	147	280	774	0	38132
14780	36980	127	172	375	0	37654
14781	785	146	134	36583	0	37648
14782	309	158	36077	819	0	37363
14783	227	38022	635	447	0	39331
14784	258	626	208	37673	0	38765
14785	233	236	37856	762	0	39087
14786	209	37560	607	436	0	38812
14787	280	582	216	36670	0	37748
14788	36506	172	181	728	0	37587
14789	617	149	124	35189	0	36079
14790	272	36222	150	721	0	37365
14791	36069	520	173	360	0	37122
14792	601	260	38087	300	0	39248
14793	285	37619	557	298	0	38759
14794	267	572	37196	304	0	38339
14795	35119	206	620	299	0	36244
14796	585	158	278	34746	0	35767
14797	276	115	230	37033	0	37654
14798	36825	91	195	695	0	37806
14799	615	110	175	36959	0	37859
14800	248	133	36390	671	0	37442
14801	32998	96	574	380	0	34048
14802	599	36803	244	335	0	37981
14803	343	475	170	36089	0	37077
14804	35943	141	170	649	0	36903
14805	569	35997	207	336	0	37109
14806	315	509	167	37014	0	38005
14807	37390	208	142	679	0	38419
14808	578	162	145	37164	0	38049
14809	245	37533	205	645	0	38628
14810	219	574	38649	318	0	39760
14811	241	206	473	39550	0	40470
14812	278	175	192	38706	0	39351
14813	40217	154	170	700	0	41241
14814	614	157	112	40508	0	41391
14815	40663	145	157	706	0	41671
14816	40720	149	150	357	0	41376
14817	703	157	126	39760	0	40746
14818	258	40912	216	643	0	42029
14819	294	532	121	39955	0	40902
14820	37805	186	90	733	0	38814
14821	594	38717	133	370	0	39814
14822	219	41413	140	234	0	42006
14823	41784	546	100	281	0	42711
14824	41910	187	136	240	0	42473
14825	641	42352	168	187	0	43348
14826	42608	579	175	231	0	43593
14827	42560	178	123	225	0	43086
14828	726	149	99	42522	0	43496
14829	271	167	44368	652	0	45458
14830	228	174	605	44194	0	45201
14831	196	157	45762	729	0	46844
14832	211	188	626	45129	0	46154
14833	142	154	45954	744	0	46994
14834	43768	60	660	285	0	44773
14835	678	66	213	45160	0	46117
14836	46233	55	125	743	0	47156
14837	776	227	95	44647	0	45745
14838	253	46535	107	706	0	47601
14839	47243	581	68	334	0	48226
14840	722	236	45597	180	0	46735
14841	42085	134	471	154	0	42844
14842	563	44583	177	91	0	45414
14843	42440	434	60	99	0	43033
14844	42708	129	25	83	0	42945
14845	538	43280	75	94	0	43987
14846	202	461	43	44464	0	45170
14847	44392	141	42	589	0	45164
14848	540	44720	72	197	0	45529
14849	236	513	29	45180	0	45958
14850	45570	158	39	597	0	46364
14851	597	88	27	45685	0	46397
14852	233	54	33	46227	0	46547
14853	177	56	28	46710	0	46971
14854	106	150	45623	753	0	46632
14855	134	64	526	45194	0	45918
14856	45649	64	140	695	0	46548
14857	609	93	46245	211	0	47158
14858	246	50	548	46139	0	46983
14859	173	52	173	47136	0	47534
14860	111	105	46475	728	0	47419
14861	42734	52	554	350	0	43690
14862	46942	66	176	178	0	47362
14863	730	97	47572	145	0	48544
14864	317	49	572	46333	0	47271
14865	210	54	177	48739	0	49180
14866	134	96	51028	769	0	52027
14867	161	67	600	50746	0	51574
14868	176	63	190	51538	0	51967
14869	180	97	52645	819	0	53741
14870	49473	71	664	369	0	50577
14871	756	59	213	53441	0	54469
14872	53117	49	114	842	0	54122
14873	53109	63	73	332	0	53577
14874	890	150	53364	233	0	54637
14875	356	66	707	52006	0	53135
14876	52666	47	225	895	0	53833
14877	747	54116	183	403	0	55449
14878	337	711	105	55616	0	56769
14879	236	194	114	56012	0	56556
14880	231	92	99	57181	0	57603
14881	186	95	56111	1052	0	57444
14882	47813	74	843	457	0	49187
14883	851	73	240	54017	0	55181
14884	351	42	156	54481	0	55030
14885	442	106	53569	1025	0	55142
14886	210	51	788	53109	0	54158
14887	210	53	273	54636	0	55172
14888	53144	39	183	1097	0	54463
14889	818	53488	173	491	0	54970
14890	327	725	53403	312	0	54767
14891	52369	184	831	259	0	53643
14892	894	114	265	52342	0	53615
14893	352	98	53842	908	0	55200
14894	294	102	54834	375	0	55605
14895	255	126	930	54967	0	56278
14896	221	134	56830	892	0	58077
14897	254	110	57901	424	0	58689
14898	171	55916	1017	364	0	57468
14899	226	752	351	60115	0	61444
14900	227	247	60903	934	0	62311
14901	212	133	802	58772	0	59919
14902	63325	69	312	1096	0	64802
14903	850	68	191	63991	0	65100
14904	319	61	176	65574	0	66130
14905	62824	72	166	1154	0	64216
14906	64577	79	170	495	0	65321
14907	1063	73	180	67585	0	68901
14908	389	144	68679	1026	0	70238
14909	216	68128	938	503	0	69785
14910	242	793	311	68015	0	69361
14911	66490	210	269	1094	0	68063
14912	67223	121	170	531	0	68045
14913	1083	67069	248	423	0	68823
14914	392	69034	264	316	0	70006
14915	68600	954	227	314	0	70095
14916	68572	270	203	373	0	69418
14917	1147	212	71908	293	0	73560
14918	488	137	923	68450	0	69998
14919	248	73615	409	965	0	75237
14920	75675	817	266	510	0	77268
14921	1026	335	190	73960	0	75511
14922	342	74113	248	1109	0	75812
14923	355	945	74968	443	0	76711
14924	330	576	865	69367	0	71138
14925	176	78346	398	982	0	79902
14926	77973	795	213	499	0	79480
14927	77767	266	176	395	0	78604
14928	939	78224	201	393	0	79757
14929	75751	683	148	292	0	76874
14930	75079	223	145	300	0	75747
14931	822	75794	203	304	0	77123
14932	306	77131	223	265	0	77925
14933	323	866	184	75667	0	77040
14934	75099	256	141	880	0	76376
14935	802	271	79427	361	0	80861
14936	72708	156	692	328	0	73884
14937	759	80467	271	295	0	81792
14938	80743	656	216	316	0	81931
14939	81306	232	142	319	0	81999
14940	81506	161	132	303	0	82102
14941	936	189	156	79224	0	80505
14942	338	80862	233	771	0	82204
14943	80416	670	125	412	0	81623
14944	769	322	82340	242	0	83673
14945	293	82694	737	205	0	83929
14946	266	635	189	84844	0	85934
14947	222	312	83352	642	0	84528
14948	221	211	84278	292	0	85002
14949	264	169	747	80669	0	81849
14950	259	152	265	86899	0	87575
14951	230	112	144	88124	0	88610
14952	239	134	128	86304	0	86805
14953	200	85146	177	831	0	86354
14954	163	87826	165	369	0	88523
14955	88224	761	128	325	0	89438
14956	740	271	103	88585	0	89699
14957	398	163	91	89115	0	89767
14958	257	151	110	90379	0	90897
14959	88875	131	107	918	0	90031
14960	90055	153	86	398	0	90692
14961	913	178	101	90032	0	91224
14962	91399	114	120	860	0	92493
14963	91266	131	96	458	0	91951
14964	92883	150	119	316	0	93468
14965	939	140	115	91252	0	92446
14966	381	234	87857	627	0	89099
14967	283	207	84236	284	0	85010
14968	260	199	87557	178	0	88194
14969	275	203	90304	158	0	90940
14970	279	265	681	89083	0	90308
14971	90539	112	236	651	0	91538
14972	89394	104	125	350	0	89973
14973	726	183	90585	169	0	91663
14974	359	224	91818	154	0	92555
14975	196	99650	633	215	0	100694
14976	259	522	247	101009	0	102037
14977	101122	198	187	675	0	102182
14978	533	258	101776	238	0	102805
14979	96417	130	464	313	0	97324
14980	521	105894	289	204	0	106908
14981	304	530	113	107992	0	108939
14982	206	198	104	111108	0	111616
14983	205	122	88	110394	0	110809
14984	111473	98	72	1040	0	112683
14985	766	109	73	112222	0	113170
14986	369	91	63	113273	0	113796
14987	113006	91	74	980	0	114151
14988	768	104	80	112691	0	113643
14989	364	266	113947	791	0	115368
14990	109293	92	657	520	0	110562
14991	803	89	239	115181	0	116312
14992	380	85	144	113600	0	114209
14993	234	113967	205	835	0	115241
14994	114569	670	89	462	0	115790
14995	115588	262	95	391	0	116336
14996	1014	149	85	114135	0	115383
14997	446	225	113279	774	0	114724
14998	101830	100	726	564	0	103220
14999	920	254	113852	228	0	115254
15000	433	97	828	111402	0	112760
15001	312	109	300	115668	0	116389
15002	114762	81	173	1226	0	116242
15003	1045	59	129	119818	0	121051
15004	427	277	120617	996	0	122317
15005	114653	61	910	602	0	116226
15006	1072	199	127937	325	0	129533
15007	506	206	126964	219	0	127895
15008	129346	81	1437	429	0	131293
15009	1466	171	445	134198	0	136280
15010	428	142306	370	1249	0	144353
15011	143031	1152	220	587	0	144990
15012	142435	320	181	404	0	143340
15013	1605	302	142208	254	0	144369
15014	139534	116	1260	354	0	141264
15015	1464	195	374	142853	0	144886
15016	550	242	146872	1315	0	148979
15017	284	143897	1372	641	0	146194
15018	141547	1193	459	483	0	143682
15019	1239	145539	351	321	0	147450
15020	555	1195	186	144449	0	146385
15021	369	414	123	146182	0	147088
15022	340	189	141	145726	0	146396
15023	339	116	126	142419	0	143000
15024	236	143415	327	1581	0	145559
15025	309	1275	138629	617	0	140830
15026	177	140432	1293	521	0	142423
15027	139986	1188	391	460	0	142025
15028	1335	435	218	140258	0	142246
15029	141119	188	199	1417	0	142923
15030	1447	211	181	142062	0	143901
15031	147099	126	207	1731	0	149163
15032	1377	150923	396	657	0	153353
15033	155852	1201	206	665	0	157924
15034	157238	359	207	547	0	158351
15035	153841	240	214	485	0	154780
15036	155819	160	192	520	0	156691
15037	1734	155378	276	396	0	157784
15038	762	1366	156547	264	0	158939
15039	612	421	1283	155804	0	158120
15040	157143	209	451	1550	0	159353
15041	159876	195	302	679	0	161052
15042	1820	184	218	162343	0	164565
15043	774	384	166834	1636	0	169628
15044	593	206	1504	160796	0	163099
15045	426	166966	630	1667	0	169689
15046	167514	1551	269	900	0	170234
15047	1850	596	233	166859	0	169538
15048	677	168037	337	1794	0	170845
15049	486	176374	353	753	0	177966
15050	356	179050	338	526	0	180270
15051	548	2120	255	179334	0	182257
15052	180005	744	174	2112	0	183035
15053	1941	183195	367	846	0	186349
15054	821	1926	191	185480	0	188418
15055	184667	621	200	2196	0	187684
15056	2149	423	196	185624	0	188392
15057	184965	314	167	2317	0	187763
15058	185654	268	205	1036	0	187163
15059	2482	193234	389	702	0	196807
15060	1450	1944	230	181505	0	185129
15061	664	195093	344	1633	0	197734
15062	193342	1989	238	819	0	196388
15063	194244	699	238	751	0	195932
15064	197845	430	259	689	0	199223
15065	2772	358	307	197395	0	200832
15066	1212	555	196649	2057	0	200473
15067	189092	339	1986	1060	0	192477
15068	198065	410	636	774	0	199885
15069	2811	418	354	192770	0	196353
15070	1196	200404	428	2106	0	204134
15071	1027	2161	282	200709	0	204179
15072	863	860	256	204720	0	206699
15073	204023	660	274	2685	0	207642
15074	201671	554	263	1341	0	203829
15075	2852	762	194928	757	0	199299
15076	1365	529	1957	193573	0	197424
15077	196408	559	634	2547	0	200148
15078	2724	549	349	199121	0	202743
15079	1242	739	200063	2685	0	204729
15080	873	193187	2200	1338	0	197598
15081	787	202179	750	962	0	204678
15082	223707	2593	353	930	0	227583
15083	3331	1005	241	237434	0	242011
15084	1541	735	267	263957	0	266500
15085	261949	563	299	5237	0	268048
15086	4792	898	264291	1763	0	271744
15087	2012	570	4067	260731	0	267380
15088	1523	716	265840	4631	0	272710
15089	1057	267050	4558	1799	0	274464
15090	274186	4319	1223	1514	0	281242
15091	279557	1332	768	1128	0	282785
15092	281547	894	462	1090	0	283993
15093	6204	834	274718	1107	0	282863
15094	273172	673	4226	1024	0	279095
15095	282574	549	1404	1020	0	285547
15096	6349	773	808	278270	0	286200
15097	229273	838	2429	5237	0	237777
15098	4406	1050	274535	1689	0	281680
15099	264654	623	4168	1479	0	270924
15100	5875	808	275137	1009	0	282829
15101	2453	279577	4673	1417	0	288120
15102	2187	6292	1627	244914	0	255020
15103	1711	275778	1223	4052	0	282764
15104	1996	4784	271914	1388	0	280082
15105	1318	275766	4533	1443	0	283060
15106	257240	4358	1275	1137	0	264010
15107	4150	258554	1240	962	0	264906
15108	1867	253530	954	990	0	257341
15109	1781	4532	249323	755	0	256391
15110	1384	1934	4005	243905	0	251228
15111	246923	1103	1303	4273	0	253602
15112	4356	1241	249124	1555	0	256276
15113	1805	248267	4330	1426	0	255828
15114	1813	4032	1451	241308	0	248604
15115	1622	1664	250672	4264	0	258222
15116	1768	1368	247292	1624	0	252052
15117	1603	1063	5039	244201	0	251906
15118	1598	1099	248335	4451	0	255483
15119	1630	939	4962	220231	0	227762
15120	1586	239310	2143	4055	0	247094
15121	2101	3970	1692	229445	0	237208
15122	1764	241694	1508	4089	0	249055
15123	2234	4294	1095	240279	0	247902
15124	238830	1452	1458	4688	0	246428
15125	5157	1241	1401	235283	0	243082
15126	2510	223621	1389	19709	0	247229
15127	2205	3859	1362	242276	0	249702
15128	2092	1701	241110	4908	0	249811
15129	2069	1436	4606	239365	0	247476
15130	239464	1102	2057	4999	0	247622
15131	4967	1509	234052	1983	0	242511
15132	2510	1541	4717	228824	0	237592
15133	224620	1209	1987	4823	0	232639
15134	4805	225143	1902	2403	0	234253
15135	2974	4739	1626	219784	0	229123
15136	225121	2131	1598	4911	0	233761
15137	5468	1705	1803	223364	0	232340
15138	2654	1857	220140	4977	0	229628
15139	209847	1866	4909	2547	0	219169
15140	5074	217645	2977	1914	0	227610
15141	2263	219510	2337	2094	0	226204
15142	219018	4950	1954	1805	0	227727
15143	214821	2477	1970	1604	0	220872
15144	5709	2259	1724	209783	0	219475
15145	211894	1734	1905	4697	0	220230
15146	5299	1985	207910	2671	0	217865
15147	202210	1552	5167	2606	0	211535
15148	5088	202714	2816	2623	0	213241
15149	201677	4264	2681	2395	0	211017
15150	5273	2323	201512	2434	0	211542
15151	3482	2352	5066	199218	0	210118
15152	2943	1869	3099	201695	0	209606
15153	2720	2144	2721	182527	0	190112
15154	2725	197815	2746	5297	0	208583
15155	199877	4397	2191	2937	0	209402
15156	6426	2150	2474	177532	0	188582
15157	3891	186002	2469	4592	0	196954
15158	203522	4180	2286	3027	0	213015
15159	195929	2185	2832	2694	0	203640
15160	199494	1990	2111	2991	0	206586
15161	198506	1788	2192	3152	0	205638
15162	194329	1801	2408	2938	0	201476
15163	6140	2171	2372	192505	0	203188
15164	4034	2313	2424	191382	0	200153
15165	187982	2322	2199	5883	0	198386
15166	4928	2942	2265	188395	0	198530
15167	3556	2944	2205	187758	0	196463
15168	2834	2844	178034	5985	0	189697
15169	181496	2899	5074	3329	0	192798
15170	184783	2735	3122	3074	0	193714
15171	185587	3309	2413	2674	0	193983
15172	6189	3043	2474	163673	0	175379
15173	3306	177546	2475	5607	0	188934
15174	190432	4762	2546	3325	0	201065
15175	184013	2637	2614	3996	0	193260
15176	6606	2192	2369	195493	0	206660
15177	192380	2109	2887	6006	0	203382
15178	6722	3445	158393	4088	0	172648
15179	3591	193318	5165	3512	0	205586
15180	3944	197531	3190	4012	0	208677
15181	4737	5596	191360	3700	0	205393
15182	2196	164489	4917	3336	0	174938
15183	2527	151021	2567	3330	0	159445
15184	122489	2317	2968	2019	0	129793
15185	2188	121331	1227	2101	0	126847
15186	2049	2169	1112	121609	0	126939
15187	124426	1233	929	3102	0	129690
15188	2624	1168	121744	2091	0	127627
15189	118561	1106	1451	2208	0	123326
15190	2476	1315	118974	1868	0	124633
15191	1608	793	118076	1818	0	122295
15192	112699	658	1879	1735	0	116971
15193	2158	628	119479	1762	0	124027
15194	1529	116478	1630	1033	0	120670
15195	1411	1406	1298	114974	0	119089
15196	114757	785	602	1952	0	118096
15197	2039	112362	493	1240	0	116134
15198	1356	1461	487	113057	0	116361
15199	1250	998	112307	1787	0	116342
15200	1573	596	1101	112467	0	115737
15201	109353	459	847	1890	0	112549
15202	2882	581	107132	1042	0	111637
15203	1844	635	1176	105984	0	109639
15204	107174	896	667	1681	0	110418
15205	110067	598	548	1131	0	112344
15206	2762	514	417	109034	0	112727
15207	1874	490	295	110193	0	112852
15208	1352	531	111121	2046	0	115050
15209	1322	479	109858	1061	0	112720
15210	108363	286	1724	803	0	111176
15211	114346	410	728	712	0	116196
15212	2167	114009	529	626	0	117331
15213	113639	1121	481	425	0	115666
15214	115824	548	501	743	0	117616
15215	1986	568	123988	816	0	127358
15216	967	126909	1434	896	0	130206
15217	128294	1323	736	580	0	130933
15218	128977	548	284	378	0	130187
15219	131942	285	179	399	0	132805
15220	2023	279	140	129477	0	131919
15221	1045	238	141	129627	0	131051
15222	588	130069	275	1793	0	132725
15223	571	1358	118	131625	0	133672
15224	130712	494	176	1736	0	133118
15225	1668	285	130	131568	0	133651
15226	829	290	130300	1663	0	133082
15227	606	338	127998	743	0	129685
15228	508	149	1735	128579	0	130971
15229	414	314	130918	1662	0	133308
15230	486	347	130068	778	0	131679
15231	492	200	1903	123519	0	126114
15232	522	181	739	131677	0	133119
15233	431	283	132454	1888	0	135056
15234	478	336	132520	819	0	134153
15235	410	133670	2044	515	0	136639
15236	133797	1433	831	469	0	136530
15237	1641	137978	625	380	0	140624
15238	138265	1566	313	475	0	140619
15239	140114	614	269	434	0	141431
15240	1943	141470	384	306	0	144103
15241	142070	1573	208	432	0	144283
15242	2031	644	214	140299	0	143188
15243	833	605	143795	1678	0	146911
15244	692	248	1614	140583	0	143137
15245	516	184	607	146057	0	147364
15246	140623	177	418	2379	0	143597
15247	141702	160	323	1065	0	143250
15248	142458	166	315	712	0	143651
15249	142417	169	293	542	0	143421
15250	136242	159	262	535	0	137198
15251	2298	133116	490	412	0	136316
15252	1098	1504	310	135371	0	138283
15253	687	751	137569	1754	0	140761
15254	610	368	1758	136104	0	138840
15255	591	245	742	139069	0	140647
15256	535	205	466	145294	0	146500
15257	152280	217	327	2595	0	155419
15258	2542	204	301	152305	0	155352
15259	154650	225	293	2879	0	158047
15260	2908	450	157926	1029	0	162313
15261	1353	248	2491	176025	0	180117
15262	933	491	180734	3425	0	185583
15263	178119	212	3431	1457	0	183219
15264	3675	232	1092	181146	0	186145
15265	1407	490	185189	3502	0	190588
15266	1053	212	3438	185230	0	189933
15267	186152	199	1277	4143	0	191771
15268	3730	460	189181	1449	0	194820
15269	187255	213	3446	1214	0	192128
15270	194895	157	1286	985	0	197323
15271	193636	212	851	973	0	195672
15272	188013	221	689	862	0	189785
15273	4496	185596	843	976	0	191911
15274	1545	177318	797	725	0	180385
15275	1105	173974	811	710	0	176600
15276	1214	5048	915	155097	0	162274
15277	723	162173	706	2716	0	166318
15278	158897	2707	539	1039	0	163182
15279	2860	156238	719	1486	0	161303
15280	1088	160373	595	723	0	162779
15281	1071	3032	473	158543	0	163119
15282	980	1045	459	161959	0	164443
15283	158875	597	451	3611	0	163534
15284	3305	488	475	159878	0	164146
15285	1377	581	156837	3173	0	161968
15286	1171	614	150940	1203	0	153928
15287	1097	577	155951	948	0	158573
15288	1317	403	3256	150543	0	155519
15289	1279	350	1027	164756	0	167412
15290	1147	625	160983	3742	0	166497
15291	1123	688	158828	1425	0	162064
15292	984	793	162323	949	0	165049
15293	159238	583	4037	937	0	164795
15294	3606	665	1384	163247	0	168902
15295	1546	612	770	166113	0	169041
15296	164918	638	732	4202	0	170490
15297	3705	606	640	162255	0	167206
15298	1355	163718	774	3949	0	169796
15299	976	169932	758	1778	0	173444
15300	1093	3685	516	167421	0	172715
15301	168047	1224	610	4067	0	173948
15302	169402	666	704	1858	0	172630
15303	171695	433	816	1479	0	174423
15304	4520	411	810	169149	0	174890
15305	1815	617	166521	3803	0	172756
15306	1459	356	3553	165710	0	171078
15307	1108	570	166384	4084	0	172146
15308	154724	403	3927	1919	0	160973
15309	3890	429	1657	161796	0	167772
15310	156145	329	1226	4042	0	161742
15311	3793	560	160338	1767	0	166458
15312	145728	353	3678	1577	0	151336
15313	4275	534	164354	1189	0	170352
15314	1978	156617	3664	1208	0	163467
15315	1464	155166	1434	1098	0	159162
15316	150377	3694	995	1219	0	156285
15317	3872	1496	633	149073	0	155074
15318	1750	964	150680	3500	0	156894
15319	1204	148061	3243	1606	0	154114
15320	1076	153160	1355	1086	0	156677
15321	1255	3690	838	150262	0	156045
15322	151496	1260	762	3565	0	157083
15323	151706	727	750	1840	0	155023
15324	3875	151547	1073	1315	0	157810
15325	152347	3061	841	1276	0	157525
15326	3819	1118	887	151531	0	157355
15327	1791	834	151639	3587	0	157851
15328	1236	152829	3611	1855	0	159531
15329	1471	3014	1538	152955	0	158978
15330	1287	1127	1125	155440	0	158979
15331	153021	724	882	4250	0	158877
15332	3664	887	152434	1728	0	158713
15333	148810	730	3357	1324	0	154221
15334	153094	723	1416	1231	0	156464
15335	4468	709	969	150199	0	156345
15336	2037	787	776	154007	0	157607
15337	148840	801	825	4140	0	154606
15338	3908	889	794	149209	0	154800
15339	1781	1008	147655	3695	0	154139
15340	1254	943	146593	1744	0	150534
15341	1096	144650	3683	1276	0	150705
15342	1161	153731	1458	1261	0	157611
15343	1371	3676	840	138698	0	144585
15344	1117	145587	943	3178	0	150825
15345	146480	3368	759	1798	0	152405
15346	3246	149411	963	1312	0	154932
15347	1689	3341	653	148683	0	154366
15348	1242	1296	654	152574	0	155766
15349	1095	1078	150037	4232	0	156442
15350	1254	681	3294	147421	0	152650
15351	1194	608	1518	150962	0	154282
15352	1036	153442	1242	4252	0	159972
15353	1219	3078	907	150699	0	155903
15354	1234	1111	860	155436	0	158641
15355	1275	888	151518	4546	0	158227
15356	1041	148041	3591	2224	0	154897
15357	1056	8019	1228	125436	0	135739
15358	736	136769	948	2780	0	141233
15359	880	2665	131050	1326	0	135921
15360	596	127604	2682	1025	0	131907
15361	105668	2401	1736	915	0	110720
15362	103279	746	457	506	0	104988
15363	102642	510	289	529	0	103970
15364	1965	102880	333	458	0	105636
15365	101323	1524	231	486	0	103564
15366	1746	682	259	100273	0	102960
15367	97629	449	245	1702	0	100025
15368	1649	97312	313	814	0	100088
15369	96886	1525	194	695	0	99300
15370	99395	641	237	672	0	100945
15371	2003	102389	323	579	0	105294
15372	968	1771	102936	494	0	106169
15373	658	736	1672	110766	0	113832
15374	443	605	119313	2214	0	122575
15375	477	399	2285	120495	0	123656
15376	451	390	752	128441	0	130034
15377	410	566	129724	2983	0	133683
15378	484	386	2426	129413	0	132709
15379	130060	377	832	2945	0	134214
15380	2588	462	131654	1105	0	135809
15381	846	131807	2583	798	0	136034
15382	719	2447	811	128049	0	132026
15383	626	885	434	134004	0	135949
15384	457	637	132203	3164	0	136461
15385	577	472	2424	123115	0	126588
15386	415	130442	930	2683	0	134470
15387	125401	2441	492	1233	0	129567
15388	2126	127425	528	689	0	130768
15389	117057	2161	253	514	0	119985
15390	1950	119830	404	452	0	122636
15391	544	123997	408	419	0	125368
15392	494	2530	119087	436	0	122547
15393	579	1136	2273	117689	0	121677
15394	401	486	655	116804	0	118346
15395	387	376	397	119905	0	121065
15396	290	125508	511	2788	0	129097
15397	405	2413	352	126175	0	129345
15398	125913	701	316	2967	0	129897
15399	2661	474	398	125961	0	129494
15400	124349	357	390	3134	0	128230
15401	2820	477	125499	1162	0	129958
15402	123187	373	2657	924	0	127141
15403	2838	406	850	124659	0	128753
15404	968	426	505	130305	0	132204
15405	130645	427	494	3457	0	135023
15406	2817	563	131755	1294	0	136429
15407	809	131207	2863	886	0	135765
15408	691	2830	816	129798	0	134135
15409	131881	993	540	2985	0	136399
15410	133637	713	467	1143	0	135960
15411	3308	647	423	131666	0	136044
15412	1083	725	131723	3089	0	136620
15413	124901	575	2782	1274	0	129532
15414	2899	707	128953	931	0	133490
15415	1168	605	2805	127009	0	131587
15416	685	630	128443	3264	0	133022
15417	717	621	2768	126370	0	130476
15418	641	563	124479	3364	0	129047
15419	567	123751	2916	1642	0	128876
15420	1248	2669	870	103744	0	108531
15421	618	123764	768	2559	0	127709
15422	124367	2747	472	1215	0	128801
15423	125673	851	555	1037	0	128116
15424	3370	754	123230	875	0	128229
15425	1397	518	2746	121592	0	126253
15426	123509	495	892	3101	0	127997
15427	3100	487	657	122306	0	126550
15428	1335	435	592	122227	0	124589
15429	1014	593	119763	3501	0	124871
15430	112937	440	2829	1775	0	117981
15431	3130	573	120104	1218	0	125025
15432	1404	458	2969	117844	0	122675
15433	1113	481	120090	3257	0	124941
15434	118083	409	3133	1661	0	123286
15435	120443	305	1310	1458	0	123516
15436	119189	465	1145	1186	0	121985
15437	3544	458	981	117081	0	122064
15438	1361	587	116680	3243	0	121871
15439	1047	624	118016	1578	0	121265
15440	1075	814	3395	106077	0	111361
15441	879	115446	1556	2919	0	120800
15442	111424	2649	1059	1563	0	116695
15443	3198	1077	886	111852	0	117013
15444	1450	807	112504	3272	0	118033
15445	1397	695	2865	113030	0	117987
15446	1214	705	115969	3413	0	121301
15447	1282	621	3119	116070	0	121092
15448	1117	572	118590	3543	0	123822
15449	1156	495	118390	1811	0	121852
15450	1010	114825	3596	1739	0	121170
15451	1088	2448	115001	1418	0	119955
15452	1160	947	115523	1327	0	118957
15453	1418	910	3652	88727	0	94707
15454	1317	547	1471	98014	0	101349
15455	1173	109938	1280	3075	0	115466
15456	109907	2245	1152	1498	0	114802
15457	3121	109909	1231	1142	0	115403
15458	1688	2414	1081	107691	0	112874
15459	109746	824	1109	2993	0	114672
15460	3159	524	995	108800	0	113478
15461	109443	398	1150	3217	0	114208
15462	3175	435	1119	110663	0	115392
15463	1428	609	111570	3346	0	116953
15464	1205	539	2965	111279	0	115988
15465	1176	473	1442	112871	0	115962
15466	112221	439	1317	3598	0	117575
15467	112590	372	1328	1906	0	116196
15468	108597	389	1433	1478	0	111897
15469	3123	107242	1668	1330	0	113363
15470	1216	105742	1365	1329	0	109652
15471	102969	2216	1435	1189	0	107809
15472	2520	896	104544	1156	0	109116
15473	1113	670	97684	961	0	100428
15474	1112	3046	2719	84240	0	91117
15475	751	394	87060	1855	0	90060
15476	689	298	82164	909	0	84060
15477	75239	423	2133	904	0	78699
15478	75699	279	940	784	0	77702
15479	1810	78019	723	744	0	81296
15480	864	80039	720	792	0	82415
15481	987	1589	707	61910	0	65193
15482	604	79068	758	1417	0	81847
15483	80919	1240	686	959	0	83804
15484	1653	557	623	73382	0	76215
15485	843	81020	656	1527	0	84046
15486	83583	1247	652	892	0	86374
15487	1664	542	85125	705	0	88036
15488	868	455	83736	635	0	85694
15489	81273	258	1941	788	0	84260
15490	1622	352	82047	693	0	84714
15491	78976	205	1522	637	0	81340
15492	1511	292	810	81825	0	84438
15493	723	450	82474	1396	0	85043
15494	586	80820	1610	784	0	83800
15495	538	82360	963	620	0	84481
15496	73506	935	697	501	0	75639
15497	874	75399	624	441	0	77338
15498	72012	698	498	422	0	73630
15499	71562	248	495	363	0	72668
15500	854	72307	543	288	0	73992
15501	434	772	406	71584	0	73196
15502	289	342	74382	761	0	75774
15503	196	77472	1005	370	0	79043
15504	336	2281	480	74641	0	77738
15505	194	287	299	80816	0	81596
15506	79003	133	165	1170	0	80471
15507	972	94	144	78829	0	80039
15508	258	184	78710	1087	0	80239
15509	157	78584	1045	417	0	80203
15510	168	941	310	79247	0	80666
15511	80602	247	296	1148	0	82293
15512	82507	157	170	455	0	83289
15513	1252	123	216	82764	0	84355
15514	84619	152	282	1212	0	86265
15515	1393	268	86235	384	0	88280
15516	572	128	1348	85549	0	87597
15517	349	239	88333	1325	0	90246
15518	311	139	1393	93263	0	95106
15519	303	141	496	94084	0	95024
15520	309	185	259	94843	0	95596
15521	298	146	179	94515	0	95138
15522	278	156	153	94714	0	95301
15523	93012	142	159	2307	0	95620
15524	93912	112	103	1002	0	95129
15525	1945	94295	235	616	0	97091
15526	95819	1534	143	574	0	98070
15527	1874	468	131	96057	0	98530
15528	755	264	199	97837	0	99055
15529	620	178	176	97668	0	98642
15530	474	276	98124	2341	0	101215
15531	625	188	1670	90586	0	93069
15532	428	97232	664	1892	0	100216
15533	97155	1627	303	860	0	99945
15534	96891	510	286	689	0	98376
15535	2163	445	95868	505	0	98981
15536	803	96155	1847	603	0	99408
15537	589	1672	599	95318	0	98178
15538	484	668	97229	1939	0	100320
15539	565	323	1703	87934	0	90525
15540	366	94882	777	1996	0	98021
15541	91184	1633	507	928	0	94252
15542	1809	93713	352	877	0	96751
15543	857	1845	93547	543	0	96792
15544	681	781	93911	510	0	95883
15545	424	92683	2018	592	0	95717
15546	356	91807	756	606	0	93525
15547	89020	1869	456	644	0	91989
15548	89107	676	276	693	0	90752
15549	2054	383	335	88918	0	91690
15550	876	406	89003	1940	0	92225
15551	646	354	1628	87338	0	89966
15552	582	366	519	89147	0	90614
15553	87874	288	349	2276	0	90787
15554	86526	276	332	1118	0	88252
15555	2217	290	334	90995	0	93836
15556	870	408	92217	2157	0	95652
15557	477	92661	1894	1072	0	96104
15558	91956	1818	686	883	0	95343
15559	1975	95656	509	673	0	98813
15560	957	2069	346	96010	0	99382
15561	752	823	324	99982	0	101881
15562	559	537	450	99595	0	101141
15563	506	465	459	98110	0	99540
15564	95314	475	372	2865	0	99026
15565	2206	499	322	94674	0	97701
15566	970	94008	392	2558	0	97928
15567	855	1936	331	94632	0	97754
15568	91916	747	354	2693	0	95710
15569	2035	93111	477	1412	0	97035
15570	1012	1953	412	93362	0	96739
15571	695	842	91514	2539	0	95590
15572	88579	585	1946	1365	0	92475
15573	2465	472	728	91723	0	95388
15574	1161	533	90598	2470	0	94762
15575	843	540	89994	1233	0	92610
15576	784	691	2524	89542	0	93541
15577	89324	489	1182	2504	0	93499
15578	89991	490	561	1323	0	92365
15579	2596	91604	547	1168	0	95915
15580	90753	1891	444	1204	0	94292
15581	91274	740	408	1246	0	93668
15582	91273	464	456	1192	0	93385
15583	89467	415	452	1140	0	91474
15584	2900	462	343	87624	0	91329
15585	1415	501	342	88108	0	90366
15586	995	572	83263	2919	0	87749
15587	791	79156	1886	1641	0	83474
15588	664	82020	854	1322	0	84860
15589	750	2318	79886	1078	0	84032
15590	76954	864	1965	1126	0	80909
15591	2218	536	783	79353	0	82890
15592	79806	487	526	2433	0	83252
15593	79630	506	421	1332	0	81889
15594	2585	537	77918	989	0	82029
15595	1243	461	1874	77299	0	80877
15596	78264	412	794	2360	0	81830
15597	2379	467	516	77959	0	81321
15598	1256	587	77550	2373	0	81766
15599	1084	1891	1910	70994	0	75879
15600	913	78707	936	2025	0	82581
15601	861	81453	657	1064	0	84035
15602	1034	2070	77005	876	0	80985
15603	676	74469	1832	771	0	77748
15604	69746	1701	1097	843	0	73387
15605	67127	606	415	630	0	68778
15606	1864	349	352	66273	0	68838
15607	951	310	329	67020	0	68610
15608	744	283	302	67962	0	69291
15609	66344	264	249	1854	0	68711
15610	1636	66352	321	885	0	69194
15611	64904	1199	212	627	0	66942
15612	63783	489	231	532	0	65035
15613	1736	63823	352	488	0	66399
15614	59749	969	254	439	0	61411
15615	1270	60391	270	487	0	62418
15616	60658	1006	243	547	0	62454
15617	1282	429	60085	535	0	62331
15618	51259	393	970	460	0	53082
15619	896	55550	378	380	0	57204
15620	683	788	339	55588	0	57398
15621	448	273	143	58536	0	59400
15622	383	162	127	59626	0	60298
15623	60030	147	134	1407	0	61718
15624	1095	162	151	60824	0	62232
15625	536	265	59129	1196	0	61126
15626	56575	209	823	692	0	58299
15627	1032	291	59101	412	0	60836
15628	538	367	931	57906	0	59742
15629	392	281	59443	1054	0	61170
15630	379	352	933	55570	0	57234
15631	288	58366	482	991	0	60127
15632	334	830	315	56564	0	58043
15633	289	58238	297	1031	0	59855
15634	389	857	183	58539	0	59968
15635	58864	393	185	1085	0	60527
15636	1073	247	158	60683	0	62161
15637	60731	177	156	1084	0	62148
15638	1196	263	58500	481	0	60440
15639	58259	215	782	416	0	59672
15640	60451	203	357	351	0	61362
15641	60470	209	208	287	0	61174
15642	1464	177	159	60406	0	62206
15643	59650	197	191	990	0	61028
15644	1151	262	57880	506	0	59799
15645	56768	234	866	498	0	58366
15646	1169	245	57882	374	0	59670
15647	57399	183	924	370	0	58876
15648	1176	182	424	59401	0	61183
15649	693	247	60725	993	0	62658
15650	578	163	909	60162	0	61812
15651	534	179	463	61820	0	62996
15652	430	194	61051	1333	0	63008
15653	53791	129	906	848	0	55674
15654	984	61884	529	607	0	64004
15655	59292	671	291	387	0	60641
15656	824	59226	261	563	0	60874
15657	57883	639	241	305	0	59068
15658	811	303	57435	276	0	58825
15659	50398	302	767	389	0	51856
15660	636	54025	343	247	0	55251
15661	433	428	226	53058	0	54145
15662	247	178	135	54500	0	55060
15663	240	105	82	54878	0	55305
15664	228	124	54927	686	0	55965
15665	246	73	485	53847	0	54651
15666	200	129	56979	651	0	57959
15667	56856	51	576	373	0	57856
15668	61319	59	294	320	0	61992
15669	904	55	205	62444	0	63608
15670	414	105	63069	735	0	64323
15671	57223	50	719	474	0	58466
15672	913	134	73348	277	0	74672
15673	415	90	934	71815	0	73254
15674	298	81	325	75037	0	75741
15675	257	83	210	77001	0	77551
15676	274	86	167	78075	0	78602
15677	75189	95	138	1299	0	76721
15678	970	76865	213	615	0	78663
15679	525	915	74786	292	0	76518
15680	281	75608	975	233	0	77097
15681	75401	936	329	284	0	76950
15682	1061	314	238	75653	0	77266
15683	76417	153	160	1137	0	77867
15684	1118	123	173	76554	0	77968
15685	454	118	158	77065	0	77795
15686	335	88	160	77610	0	78193
15687	281	151	76243	1410	0	78085
15688	249	75313	1031	638	0	77231
15689	349	932	76930	435	0	78646
15690	279	269	1099	76687	0	78334
15691	78026	155	396	1191	0	79768
15692	77666	115	294	638	0	78713
15693	77803	104	222	534	0	78663
15694	1264	77980	308	406	0	79958
15695	79735	893	193	512	0	81333
15696	1190	320	202	79710	0	81422
15697	523	207	208	80345	0	81283
15698	428	174	194	79904	0	80700
15699	318	81026	318	1391	0	83053
15700	452	969	196	74216	0	75833
15701	343	77907	280	1119	0	79649
15702	77361	1048	198	576	0	79183
15703	77657	344	224	508	0	78733
15704	1386	256	169	77938	0	79749
15705	623	240	76739	1246	0	78848
15706	74462	160	974	785	0	76381
15707	1170	163	370	78377	0	80080
15708	519	272	77491	1300	0	79582
15709	71692	188	1002	768	0	73650
15710	1176	169	380	78061	0	79786
15711	77046	184	295	1307	0	78832
15712	1196	76957	295	620	0	79068
15713	604	1012	213	75411	0	77240
15714	454	78058	260	1225	0	79997
15715	488	1213	202	77934	0	79837
15716	420	78632	286	1233	0	80571
15717	443	1062	198	79522	0	81225
15718	354	428	78388	1197	0	80367
15719	57623	308	904	1005	0	59840
15720	970	76346	360	639	0	78315
15721	468	834	73718	372	0	75392
15722	70208	249	757	440	0	71654
15723	957	246	222	74273	0	75698
15724	411	209	74168	902	0	75690
15725	286	75028	776	540	0	76630
15726	322	728	288	75511	0	76849
15727	358	354	76556	884	0	78152
15728	354	211	694	75547	0	76806
15729	315	154	238	78016	0	78723
15730	318	282	79608	1058	0	81266
15731	345	179	770	79262	0	80556
15732	292	315	81513	1051	0	83171
15733	359	207	820	81040	0	82426
15734	340	312	85281	1081	0	87014
15735	343	208	838	84436	0	85825
15736	339	205	300	85479	0	86323
15737	423	225	257	83801	0	84706
15738	326	84291	284	1220	0	86121
15739	84273	806	277	694	0	86050
15740	84691	291	292	593	0	85867
15741	1079	225	248	85769	0	87321
15742	85285	199	293	1272	0	87049
15743	975	277	85754	630	0	87636
15744	383	86798	935	585	0	88701
15745	87093	798	340	675	0	88906
15746	895	88506	414	462	0	90277
15747	474	866	212	88932	0	90484
15748	378	365	246	89778	0	90767
15749	86620	260	261	1211	0	88352
15750	1019	251	189	86750	0	88209
15751	476	339	86494	1152	0	88461
15752	352	86090	886	631	0	87959
15753	86397	829	309	618	0	88153
15754	927	291	262	85495	0	86975
15755	393	87770	325	1167	0	89655
15756	449	889	268	84701	0	86307
15757	278	88664	382	1012	0	90336
15758	88477	923	266	619	0	90285
15759	87852	325	267	576	0	89020
15760	1297	334	87246	453	0	89330
15761	597	335	86277	417	0	87626
15762	433	190	935	85016	0	86574
15763	335	88478	438	1039	0	90290
15764	346	799	263	89566	0	90974
15765	88966	281	231	1189	0	90667
15766	860	333	87037	535	0	88765
15767	372	229	671	82620	0	83892
15768	263	247	83135	803	0	84448
15769	249	252	80015	430	0	80946
15770	195	85066	812	324	0	86397
15771	931	1347	527	81305	0	84110
15772	74756	169	204	594	0	75723
15773	410	199	75183	228	0	76020
15774	141	74132	385	194	0	74852
15775	72992	252	98	190	0	73532
15776	279	114	88	73400	0	73881
15777	76085	71	59	549	0	76764
15778	76964	58	48	322	0	77392
15779	77421	59	70	287	0	77837
15780	414	172	82073	82	0	82741
15781	76231	64	390	231	0	76916
15782	82611	52	123	240	0	83026
15783	430	85970	200	164	0	86764
15784	222	433	54	86893	0	87602
15785	149	132	64	86632	0	86977
15786	121	82	58	88571	0	88832
15787	89628	54	62	656	0	90400
15788	87057	49	69	371	0	87546
15789	632	226	88844	129	0	89831
15790	294	79	458	86803	0	87634
15791	134	88422	239	477	0	89272
15792	88790	450	111	349	0	89700
15793	561	350	89083	149	0	90143
15794	291	99	482	85461	0	86333
15795	199	75	192	88127	0	88593
15796	114	88697	218	623	0	89652
15797	175	473	75	89109	0	89832
15798	196	213	109	86508	0	87026
15799	156	120	101	89085	0	89462
15800	88369	64	105	872	0	89410
15801	601	94	84	87906	0	88685
15802	271	125	75	88458	0	88929
15803	89417	70	81	963	0	90531
15804	663	136	75	88755	0	89629
15805	291	99409	162	720	0	100582
15806	102990	877	59	451	0	104377
15807	106384	392	75	461	0	107312
15808	109375	166	91	316	0	109948
15809	116924	91	98	363	0	117476
15810	1895	123296	208	296	0	125695
15811	134933	1608	104	356	0	137001
15812	136617	534	94	355	0	137600
15813	2643	259	87	135299	0	138288
15814	935	351	135760	2080	0	139126
15815	577	161	1925	134455	0	137118
15816	433	179	570	136218	0	137400
15817	403	120	223	135078	0	135824
15818	386	125	150	135378	0	136039
15819	409	111	110	136231	0	136861
15820	132067	101	133	2994	0	135295
15821	2252	130	113	133382	0	135877
15822	810	284	136053	2517	0	139664
15823	569	137	1976	132295	0	134977
15824	326	137000	718	2485	0	140529
15825	447	2095	274	137074	0	139890
15826	395	733	137049	2420	0	140597
15827	116857	343	2150	1325	0	120675
15828	129160	193	650	797	0	130800
15829	2757	362	140636	449	0	144204
15830	989	140901	2114	462	0	144466
15831	143285	2118	700	631	0	146734
15832	143918	674	319	580	0	145491
15833	144717	391	210	543	0	145861
15834	141780	213	179	546	0	142718
15835	3532	234	173	138571	0	142510
15836	1539	536	141297	2434	0	145806
15837	1316	317	2222	140871	0	144726
15838	1072	275	684	147486	0	149517
15839	974	510	145913	3286	0	150683
15840	861	546	145177	1455	0	148039
15841	140149	314	3018	1316	0	144797
15842	2985	147403	1283	1199	0	152870
15843	1606	2395	570	148292	0	152863
15844	1017	875	146189	3508	0	151589
15845	134553	394	2768	2366	0	140081
15846	3053	477	146081	1740	0	151351
15847	137570	222	2832	1963	0	142587
15848	3044	145929	1286	1757	0	152016
15849	1547	2471	702	146924	0	151644
15850	1220	1197	146041	3621	0	152079
15851	135814	575	2785	2136	0	141310
15852	3237	145486	1509	1622	0	151854
15853	1610	154368	1070	1298	0	158346
15854	1444	3343	826	153062	0	158675
15855	1283	1432	808	160349	0	163872
15856	165546	915	812	4408	0	171681
15857	4203	165239	1012	2046	0	172500
15858	2485	3400	802	167913	0	174600
15859	167819	1191	743	4292	0	174045
15860	172208	845	750	2065	0	175868
15861	175925	619	767	1799	0	179110
15862	5789	738	179345	1414	0	187286
15863	2834	676	184707	1514	0	189731
15864	188248	498	4937	1716	0	195399
15865	5312	193972	2102	1784	0	203170
15866	2245	198636	1561	1804	0	204246
15867	2168	5241	1233	182485	0	191127
15868	1339	195845	1367	5094	0	203645
15869	197394	4760	1341	2457	0	205952
15870	5571	1589	1371	196043	0	204574
15871	2408	1310	197190	5269	0	206177
15872	194709	871	5182	2331	0	203093
15873	201086	950	2015	1829	0	205880
15874	6684	1016	1465	197380	0	206545
15875	3241	874	1301	200672	0	206088
15876	2517	976	1356	201099	0	205948
15877	2294	1075	1190	199635	0	204194
15878	2030	1507	190161	6689	0	200387
15879	1989	188832	5065	3107	0	198993
15880	2220	5072	1902	167876	0	177070
15881	1922	187750	1729	5458	0	196859
15882	2430	5391	1334	162971	0	172126
15883	1965	184088	1436	5231	0	192720
15884	182029	5389	1173	2880	0	191471
15885	183796	2117	1117	2498	0	189528
15886	6702	182387	1527	2219	0	192835
15887	182215	4884	1263	2163	0	190525
15888	6748	2114	1288	180918	0	191068
15889	179512	1770	1320	5642	0	188244
15890	6447	179440	1667	2603	0	190157
15891	181179	5355	1389	1952	0	189875
15892	184478	2335	1466	1655	0	189934
15893	7134	1933	1544	178832	0	189443
15894	3447	1972	179293	5475	0	190187
15895	2686	178528	5386	2608	0	189208
15896	2771	5562	1984	179026	0	189343
15897	180001	2738	1565	5724	0	190028
15898	6103	2460	178721	2962	0	190246
15899	3418	1759	4797	175698	0	185672
15900	2957	1646	1876	179541	0	186020
15901	180323	1437	1535	6929	0	190224
15902	182250	1477	1400	3747	0	188874
15903	179024	1472	1359	3065	0	184920
15904	7073	174889	1569	2867	0	186398
15905	165664	4588	1091	2731	0	174074
15906	5344	2007	158919	2745	0	169015
15907	2524	1685	156357	2545	0	163111
15908	2238	1440	156291	2242	0	162211
15909	2784	5408	5394	139454	0	153040
15910	1657	1377	138868	4013	0	145915
15911	126264	1073	3010	1829	0	132176
15912	3711	924	885	128989	0	134509
15913	2020	1129	131084	3513	0	137746
15914	132400	1043	2848	1842	0	138133
15915	4137	1001	979	133400	0	139517
15916	2322	1068	803	137056	0	141249
15917	136683	865	719	4010	0	142277
15918	3960	950	875	139353	0	145138
15919	2057	1182	140378	3638	0	147255
15920	1868	879	3179	141204	0	147130
15921	1827	992	143244	3718	0	149781
15922	1803	814	3376	140115	0	146108
15923	137434	682	1352	4009	0	143477
15924	3802	134822	1257	2059	0	141940
15925	2105	139758	1103	1648	0	144614
15926	2073	3506	835	136063	0	142477
15927	1826	1402	821	134978	0	139027
15928	1601	133346	1072	4061	0	140080
15929	1643	131995	1149	2094	0	136881
15930	1561	3204	1145	128410	0	134320
15931	1451	1226	1277	129579	0	133533
15932	124493	748	1165	4368	0	130774
15933	3525	123594	1295	2362	0	130776
15934	1824	123629	1205	1724	0	128382
15935	1572	128075	1148	1436	0	132231
15936	121481	3359	1110	1584	0	127534
15937	3381	1318	121086	1456	0	127241
15938	116166	783	3232	1558	0	121739
15939	3444	686	1381	115694	0	121205
15940	1557	111906	1231	3577	0	118271
15941	1401	118874	1032	1943	0	123250
15942	116289	3002	915	1723	0	121929
15943	3350	1220	1028	108928	0	114526
15944	1457	121384	1133	3487	0	127461
15945	123487	2902	1023	1966	0	129378
15946	124445	1218	866	1726	0	128255
15947	3775	1157	122300	1436	0	128668
15948	120967	895	2864	1497	0	126223
15949	124052	928	1187	1489	0	127656
15950	3809	885	854	117442	0	122990
15951	1512	118816	899	3669	0	124896
15952	1157	121625	768	1892	0	125442
15953	1221	3682	520	114774	0	120197
15954	107944	1386	673	3254	0	113257
15955	2685	1083	105558	1626	0	110952
15956	1400	856	100161	947	0	103364
15957	2193	752	97068	878	0	100891
15958	1901	726	98987	716	0	102330
15959	755	98266	2463	836	0	102320
15960	894	97056	1275	860	0	100085
15961	1543	2241	90148	734	0	94666
15962	947	1181	86999	740	0	89867
15963	366	76780	1639	543	0	79328
15964	501	799	604	68683	0	70587
15965	159	419	73269	706	0	74553
15966	186	189	766	69125	0	70266
15967	183	119	326	74699	0	75327
15968	186	123	157	76342	0	76808
15969	185	100	109	79451	0	79845
15970	160	187	78107	1260	0	79714
15971	204	101	945	75033	0	76283
15972	76347	103	377	1166	0	77993
15973	1025	174	75820	415	0	77434
15974	75299	115	989	337	0	76740
15975	1162	85	422	77956	0	79625
15976	476	168	79313	1092	0	81049
15977	77588	120	1063	557	0	79328
15978	1135	176	426	79849	0	81586
15979	80530	141	263	1247	0	82181
15980	1186	132	254	78575	0	80147
15981	436	79190	316	1277	0	81219
15982	333	1094	81855	507	0	83789
15983	269	451	1123	81574	0	83417
15984	82711	279	498	1289	0	84777
15985	83167	240	315	663	0	84385
15986	83284	228	245	519	0	84276
15987	83033	224	243	498	0	83998
15988	81137	243	226	491	0	82097
15989	1359	82024	323	423	0	84129
15990	82351	1174	235	487	0	84247
15991	1187	625	81395	414	0	83621
15992	80471	365	1084	479	0	82399
15993	1349	359	693	68554	0	70955
15994	575	403	81412	945	0	83335
15995	392	395	81271	493	0	82551
15996	394	328	1403	79801	0	81926
15997	81666	257	578	1313	0	83814
15998	1270	81192	469	642	0	83573
15999	80690	1167	274	526	0	82657
16000	1367	81835	360	443	0	84005
16001	753	1284	281	83521	0	85839
16002	632	617	259	85122	0	86630
16003	84428	380	304	1628	0	86740
16004	1461	281	297	85459	0	87498
16005	806	393	85291	1450	0	87940
16006	83798	244	1258	801	0	86101
16007	1554	271	599	87154	0	89578
16008	877	257	384	87452	0	88970
16009	668	369	86434	1613	0	89084
16010	77968	286	1386	849	0	80489
16011	84654	274	587	568	0	86083
16012	1788	85513	516	550	0	88367
16013	817	1221	82851	344	0	85233
16014	641	538	80738	338	0	82255
16015	629	715	1535	78057	0	80936
16016	533	344	679	77089	0	78645
16017	340	78794	465	1516	0	81115
16018	438	1129	76086	562	0	78215
16019	410	373	1211	72894	0	74888
16020	372	269	74975	1250	0	76866
16021	373	165	1221	70234	0	71993
16022	328	73450	571	1145	0	75494
16023	428	1030	413	74604	0	76475
16024	377	348	318	75378	0	76421
16025	440	245	260	74780	0	75725
16026	73600	198	256	1617	0	75671
16027	1308	257	73867	654	0	76086
16028	514	77417	1280	534	0	79745
16029	471	1210	476	81474	0	83631
16030	83437	455	347	1681	0	85920
16031	1620	225	317	84729	0	86891
16032	84844	153	330	1812	0	87139
16033	1797	233	85986	759	0	88775
16034	84415	168	1514	622	0	86719
16035	1905	156	628	88210	0	90899
16036	857	255	88766	1762	0	91640
16037	540	88369	1733	805	0	91447
16038	607	1534	618	87075	0	89834
16039	568	500	408	89359	0	90835
16040	86533	290	322	2120	0	89265
16041	1679	86525	424	907	0	89535
16042	682	85401	458	571	0	87112
16043	462	87739	407	462	0	89070
16044	79827	1729	333	507	0	82396
16045	1532	80413	368	452	0	82765
16046	741	1480	318	79335	0	81874
16047	649	529	226	80548	0	81952
16048	79405	302	244	1976	0	81927
16049	1525	79107	333	880	0	81845
16050	731	1377	268	79669	0	82045
16051	80899	506	248	1763	0	83416
16052	80945	288	222	817	0	82272
16053	80304	201	246	636	0	81387
16054	1892	79543	357	511	0	82303
16055	76919	1214	265	487	0	78885
16056	1545	553	220	75023	0	77341
16057	603	74612	276	1432	0	76923
16058	407	76412	266	649	0	77734
16059	566	1463	237	75033	0	77299
16060	74589	512	195	1437	0	76733
16061	75649	288	220	732	0	76889
16062	1610	238	194	72480	0	74522
16063	582	72676	313	1316	0	74887
16064	72830	1176	203	651	0	74860
16065	1308	579	71072	433	0	73392
16066	542	412	69385	393	0	70732
16067	66865	229	1278	423	0	68795
16068	1250	320	68418	375	0	70363
16069	502	183	1002	63522	0	65209
16070	64740	155	349	1129	0	66373
16071	1081	163	219	65889	0	67352
16072	456	284	65943	1131	0	67814
16073	305	67707	947	599	0	69558
16074	338	987	356	68323	0	70004
16075	303	462	68258	1033	0	70056
16076	62925	304	955	588	0	64772
16077	1060	224	301	67888	0	69473
16078	471	338	67877	1020	0	69706
16079	367	253	843	66361	0	67824
16080	457	66768	386	1080	0	68691
16081	368	966	199	69958	0	71491
16082	356	376	128	69237	0	70097
16083	346	271	157	67623	0	68397
16084	285	67720	242	1290	0	69537
16085	69324	944	168	720	0	71156
16086	1077	407	161	70137	0	71782
16087	566	287	178	70714	0	71745
16088	450	239	145	71624	0	72458
16089	336	340	70303	1408	0	72387
16090	441	253	918	70192	0	71804
16091	70420	250	354	1348	0	72372
16092	1054	71318	284	609	0	73265
16093	566	1090	146	72428	0	74230
16094	406	479	180	73141	0	74206
16095	71858	336	159	1414	0	73767
16096	1075	72460	214	711	0	74460
16097	73001	1051	150	631	0	74833
16098	74951	427	167	473	0	76018
16099	1548	324	128	74066	0	76066
16100	74204	245	151	1312	0	75912
16101	1293	71542	239	621	0	73695
16102	72468	1116	164	498	0	74246
16103	1402	471	168	74083	0	76124
16104	80628	296	141	1453	0	82518
16105	82266	242	140	663	0	83311
16106	1747	357	79522	470	0	82096
16107	81068	237	1070	461	0	82836
16108	84291	220	312	476	0	85299
16109	83157	240	279	527	0	84203
16110	1867	346	90189	339	0	92741
16111	706	90662	1603	345	0	93316
16112	524	1620	457	90382	0	92983
16113	91168	492	290	1794	0	93744
16114	1731	90029	267	697	0	92724
16115	90353	1604	166	464	0	92587
16116	1934	485	170	92107	0	94696
16117	725	418	92171	1819	0	95133
16118	94228	185	1660	707	0	96780
16119	1991	176	503	98215	0	100885
16120	822	247	99393	1872	0	102334
16121	98637	199	1837	857	0	101530
16122	2232	281	103841	438	0	106792
16123	936	196	2065	107467	0	110664
16124	633	181	667	114484	0	115965
16125	113868	150	349	3059	0	117426
16126	113438	151	246	1207	0	115042
16127	3049	113560	353	636	0	117598
16128	112247	2089	231	558	0	115125
16129	2505	665	106978	273	0	110421
16130	844	403	106816	285	0	108348
16131	102902	260	2480	365	0	106007
16132	2198	106586	869	331	0	109984
16133	103647	1870	437	288	0	106242
16134	2172	104736	343	204	0	107455
16135	102337	1972	1821	278	0	106408
16136	2316	554	236	101777	0	104883
16137	900	433	103453	1903	0	106689
16138	685	206	1925	102618	0	105434
16139	521	238	572	106358	0	107689
16140	104586	168	352	2543	0	107649
16141	2197	310	104243	855	0	107605
16142	100587	141	2018	632	0	103378
16143	2244	104004	723	420	0	107391
16144	104458	1912	418	419	0	107207
16145	2440	590	298	103376	0	106704
16146	951	510	102985	2090	0	106536
16147	812	262	2062	102863	0	105999
16148	103640	243	701	2367	0	106951
16149	2438	275	487	103678	0	106878
16150	1132	226	360	102016	0	103734
16151	748	100486	448	2547	0	104229
16152	730	1936	390	102153	0	105209
16153	740	711	101050	2398	0	104899
16154	732	346	2071	100693	0	103842
16155	781	289	778	103110	0	104958
16156	101146	267	502	2771	0	104686
16157	2521	315	411	100969	0	104216
16158	1123	373	100214	2448	0	104158
16159	824	100565	2306	1006	0	104701
16160	964	2025	826	99857	0	103672
16161	926	734	504	101504	0	103668
16162	101151	496	458	2690	0	104795
16163	2555	99371	515	1155	0	103596
16164	1185	2088	514	100418	0	104205
16165	98323	710	495	2550	0	102078
16166	100748	506	484	1142	0	102880
16167	3028	375	450	99706	0	103559
16168	1394	482	100121	2547	0	104544
16169	99013	386	2225	1224	0	102848
16170	2791	371	871	103502	0	107535
16171	103565	322	671	2792	0	107350
16172	103347	350	559	1388	0	105644
16173	3118	99588	667	1060	0	104433
16174	99029	2079	495	971	0	102574
16175	2834	100047	675	832	0	104388
16176	1493	2280	558	99460	0	103791
16177	1335	877	489	96725	0	99426
16178	970	99320	688	2769	0	103747
16179	100641	2212	513	1463	0	104829
16180	99622	937	539	1175	0	102273
16181	3102	762	96964	975	0	101803
16182	1477	627	96880	1025	0	100009
16183	1197	427	2691	97124	0	101439
16184	98128	406	1076	2975	0	102585
16185	2764	423	700	97647	0	101534
16186	1482	452	583	99834	0	102351
16187	1074	503	99451	3251	0	104279
16188	1009	535	99239	1599	0	102382
16189	996	547	100393	1284	0	103220
16190	94443	454	2866	1164	0	98927
16191	98603	462	1187	1141	0	101393
16192	3084	96063	786	1073	0	101006
16193	1414	98973	741	1027	0	102155
16194	1303	2629	558	97276	0	101766
16195	1034	1116	98164	2699	0	103013
16196	94612	626	2245	1542	0	99025
16197	2745	669	100862	1190	0	105466
16198	1435	492	2308	98675	0	102910
16199	1132	383	935	102230	0	104680
16200	991	440	645	102768	0	104844
16201	1047	397	523	104370	0	106337
16202	101870	391	507	3400	0	106168
16203	2876	422	471	100758	0	104527
16204	1200	404	95065	2657	0	99326
16205	86354	289	2067	1578	0	90288
16206	2343	393	92958	1034	0	96728
16207	1165	432	92812	850	0	95259
16208	835	91781	2451	875	0	95942
16209	1406	1626	1175	84107	0	88314
16210	84077	550	589	1758	0	86974
16211	1730	357	337	84234	0	86658
16212	819	372	84371	1815	0	87377
16213	618	186	1469	84388	0	86661
16214	83378	178	639	1846	0	86041
16215	1537	84092	475	1111	0	87215
16216	81379	1282	331	765	0	83757
16217	1581	81265	377	625	0	83848
16218	79241	1242	329	692	0	81504
16219	1384	78663	361	496	0	80904
16220	641	79341	322	395	0	80699
16221	624	1305	75769	283	0	77981
16222	428	74623	1252	311	0	76614
16223	65840	641	637	328	0	67446
16224	677	278	147	64575	0	65677
16225	64981	118	80	640	0	65819
16226	573	66725	141	343	0	67782
16227	65713	572	90	254	0	66629
16228	711	333	66748	133	0	67925
16229	358	114	628	65131	0	66231
16230	165	68779	356	609	0	69909
16231	191	652	142	70612	0	71597
16232	202	300	84	71096	0	71682
16233	79150	136	106	1061	0	80453
16234	1097	80878	175	552	0	82702
16235	81570	1130	144	308	0	83152
16236	1410	589	83066	212	0	85277
16237	645	325	81266	193	0	82429
16238	287	81674	1728	224	0	83913
16239	241	1189	672	81384	0	83486
16240	295	624	82713	1234	0	84866
16241	301	293	1295	76202	0	78091
16242	260	182	597	84278	0	85317
16243	213	236	82697	1776	0	84922
16244	228	231	82110	734	0	83303
16245	308	237	85010	327	0	85882
16246	272	239	85441	275	0	86227
16247	169	87514	1939	385	0	90007
16248	307	1346	801	86425	0	88879
16249	274	673	341	89812	0	91100
16250	253	406	88403	1896	0	90958
16251	300	217	1391	87204	0	89112
16252	276	327	92005	1587	0	94195
16253	323	202	1519	90750	0	92794
16254	319	216	738	89762	0	91035
16255	202	92059	467	1892	0	94620
16256	329	1436	251	92700	0	94716
16257	350	714	237	92529	0	93830
16258	330	374	235	93362	0	94301
16259	287	395	91004	2126	0	93812
16260	197	91130	1482	1035	0	93844
16261	90658	1420	716	597	0	93391
16262	91177	731	403	458	0	92769
16263	1963	374	305	89842	0	92484
16264	968	382	298	87629	0	89277
16265	431	91627	387	1955	0	94400
16266	90437	1416	298	1005	0	93156
16267	1411	92727	420	578	0	95136
16268	89951	1489	309	489	0	92238
16269	1598	799	89288	361	0	92046
16270	82441	404	1427	546	0	84818
16271	1417	89877	815	405	0	92514
16272	714	1360	465	90058	0	92597
16273	468	705	350	88978	0	90501
16274	250	91149	447	1874	0	93720
16275	91247	1381	334	973	0	93935
16276	1464	683	360	93021	0	95528
16277	740	365	359	95022	0	96486
16278	94842	300	383	2136	0	97661
16279	95328	293	362	1117	0	97100
16280	1967	391	94848	591	0	97797
16281	94294	278	1615	604	0	96791
16282	1667	263	804	96676	0	99410
16283	776	448	96607	1720	0	99551
16284	464	267	1632	95412	0	97775
16285	330	370	95933	1833	0	98466
16286	328	401	96088	973	0	97790
16287	371	288	2088	94986	0	97733
16288	313	407	97376	1756	0	99852
16289	231	98733	1853	1189	0	102006
16290	331	1510	869	97832	0	100542
16291	355	769	500	101903	0	103527
16292	359	508	101443	2274	0	104584
16293	278	101595	1752	1249	0	104874
16294	101014	1553	806	884	0	104257
16295	1769	795	492	103573	0	106629
16296	103370	432	391	2065	0	106258
16297	1768	102073	530	1133	0	105504
16298	1010	1910	102834	685	0	106439
16299	654	829	1846	101370	0	104699
16300	100533	473	1020	2037	0	104063
16301	1758	526	101920	1112	0	105316
16302	94313	356	1838	925	0	97432
16303	1880	99940	1143	696	0	103659
16304	788	99955	687	665	0	102095
16305	99112	1883	578	643	0	102216
16306	1674	802	651	98024	0	101151
16307	783	453	603	97183	0	99022
16308	402	99123	556	2246	0	102327
16309	418	1529	492	101020	0	103459
16310	331	758	502	101768	0	103359
16311	99883	359	389	2501	0	103132
16312	1570	254	452	99844	0	102120
16313	778	384	99528	1954	0	102644
16314	519	245	1756	98846	0	101366
16315	384	276	929	102562	0	104151
16316	349	428	101578	2386	0	104741
16317	382	363	1534	101267	0	103546
16318	99225	282	773	2353	0	102633
16319	96940	265	519	1398	0	99122
16320	97219	255	464	993	0	98931
16321	2204	290	371	96637	0	99502
16322	1020	431	97219	1888	0	100558
16323	569	97711	1601	1290	0	101171
16324	680	1485	686	97811	0	100662
16325	565	918	98324	1738	0	101545
16326	575	445	1431	95924	0	98375
16327	488	345	648	98168	0	99649
16328	94736	334	424	2143	0	97637
16329	1512	98435	467	1194	0	101608
16330	872	1562	95123	616	0	98173
16331	86629	667	1376	603	0	89275
16332	1433	93795	854	595	0	96677
16333	393	85522	323	403	0	86641
16334	87866	919	589	494	0	89868
16335	1034	390	169	88556	0	90149
16336	424	423	96932	971	0	98750
16337	341	224	924	94445	0	95934
16338	212	97443	486	1086	0	99227
16339	98771	909	238	624	0	100542
16340	1045	333	145	100116	0	101639
16341	102689	185	163	1338	0	104375
16342	1120	171	147	100716	0	102154
16343	412	105833	261	1111	0	107617
16344	107123	975	239	639	0	108976
16345	106149	319	156	490	0	107114
16346	1300	107073	270	385	0	109028
16347	104592	1035	148	429	0	106204
16348	1200	351	136	102190	0	103877
16349	364	103487	257	1091	0	105199
16350	103753	1011	145	615	0	105524
16351	1100	105004	293	370	0	106767
16352	104322	1071	115	518	0	106026
16353	1213	350	144	104627	0	106334
16354	105898	208	169	1322	0	107597
16355	106949	203	145	633	0	107930
16356	107051	231	138	469	0	107889
16357	1442	245	110	107314	0	109111
16358	622	195	105	109655	0	110577
16359	107280	181	113	1601	0	109175
16360	1294	376	111859	546	0	114075
16361	582	269	1142	110867	0	112860
16362	396	115155	549	1312	0	117412
16363	476	1301	157	116723	0	118657
16364	449	458	119	118298	0	119324
16365	433	464	116753	1794	0	119444
16366	447	299	1302	124464	0	126512
16367	344	137016	559	1949	0	139868
16368	476	2318	196	140498	0	143488
16369	515	1044	151888	2547	0	155994
16370	579	489	2633	150421	0	154122
16371	615	308	949	155075	0	156947
16372	152272	262	371	3952	0	156857
16373	153628	250	211	1677	0	155766
16374	3957	396	209	143065	0	147627
16375	1480	148091	387	2789	0	152747
16376	746	149592	259	1402	0	151999
16377	888	3582	147546	756	0	152772
16378	765	1583	2723	146730	0	151801
16379	147404	550	1078	3263	0	152295
16380	3035	401	490	148588	0	152514
16381	1286	496	148446	3353	0	153581
16382	812	332	2773	147241	0	151158
16383	723	300	1072	148694	0	150789
16384	659	299	468	151681	0	153107
16385	610	471	147927	4095	0	153103
16386	450	147639	2898	1840	0	152827
16387	145267	2828	1026	1177	0	150298
16388	143554	1193	540	877	0	146164
16389	3966	583	304	142410	0	147263
16390	1623	619	142156	3098	0	147496
16391	823	142702	2886	1638	0	148049
16392	899	3163	1074	128649	0	133785
16393	504	140408	805	2644	0	144361
16394	499	144375	494	1342	0	146710
16395	139995	3464	522	1021	0	145002
16396	3051	1573	141330	785	0	146739
16397	1409	893	141404	720	0	144426
16398	1089	607	3487	137284	0	142467
16399	843	441	1353	142615	0	145252
16400	756	607	142844	3710	0	147917
16401	810	432	2715	139052	0	143009
16402	694	641	141747	3429	0	146511
16403	131319	418	3000	1826	0	136563
16404	3017	460	1229	140744	0	145450
16405	1537	671	142626	3183	0	148017
16406	1106	560	2741	131255	0	135662
16407	711	144947	1458	3051	0	150167
16408	143232	2731	680	1839	0	148482
16409	2817	144313	729	1347	0	149206
16410	144872	2971	575	1280	0	149698
16411	3250	1501	143060	1072	0	148883
16412	141671	869	2752	1187	0	146479
16413	3380	611	1283	144609	0	149883
16414	1607	723	145050	3354	0	150734
16415	1079	582	2913	143478	0	148052
16416	926	762	141767	3813	0	147268
16417	132580	633	3075	2163	0	138451
16418	3054	142005	1515	1595	0	148169
16419	1869	2894	953	128488	0	134204
16420	945	143923	888	3144	0	148900
16421	142368	3144	794	1969	0	148275
16422	141576	1369	766	1656	0	145367
16423	3881	142285	872	1452	0	148490
16424	1879	3045	692	141132	0	146748
16425	1321	1484	654	142887	0	146346
16426	1009	926	740	143941	0	146616
16427	139351	699	857	4909	0	145816
16428	2888	140019	1045	2669	0	146621
16429	1627	2920	928	136909	0	142384
16430	1046	1499	1005	139209	0	142759
16431	135113	926	978	4871	0	141888
16432	3155	861	134317	2681	0	141014
16433	1761	796	133838	2107	0	138502
16434	124314	534	3638	1990	0	130476
16435	3133	716	128904	1502	0	134255
16436	1645	916	119389	1223	0	123173
16437	1279	842	3635	113486	0	119242
16438	118332	666	1974	3195	0	124167
16439	3027	747	1093	115887	0	120754
16440	1692	739	116414	3254	0	122099
16441	108307	615	2940	2061	0	113923
16442	3092	742	113252	1377	0	118463
16443	1560	112141	3115	1200	0	118016
16444	1179	2797	1863	113400	0	119239
16445	114713	1296	1204	3116	0	120329
16446	2585	863	956	115108	0	119512
16447	1491	658	994	117283	0	120426
16448	118630	479	786	4022	0	123917
16449	2836	478	748	120381	0	124443
16450	1684	482	815	123282	0	126263
16451	1023	695	120896	3836	0	126450
16452	932	530	2541	120115	0	124118
16453	120868	511	1410	3459	0	126248
16454	120675	662	881	2062	0	124280
16455	121507	587	815	1337	0	124246
16456	3719	735	692	116379	0	121525
16457	1868	117473	864	2609	0	122814
16458	117251	2287	713	1644	0	121895
16459	2539	118662	1010	1208	0	123419
16460	114973	2300	717	961	0	118951
16461	2760	1077	731	114383	0	118951
16462	112243	560	641	2600	0	116044
16463	111999	380	682	1644	0	114705
16464	111558	282	762	1190	0	113792
16465	3022	110303	889	984	0	115198
16466	1037	100150	687	689	0	102563
16467	88153	993	342	473	0	89961
16468	944	90131	406	437	0	91918
16469	181	79601	171	175	0	80128
16470	167	79102	297	116	0	79682
16471	77978	559	472	273	0	79282
16472	515	231	47	77354	0	78147
16473	260	106	40	78892	0	79298
16474	78994	47	29	808	0	79878
16475	591	214	81932	257	0	82994
16476	276	75	526	93451	0	94328
16477	192	80	179	96019	0	96470
16478	183	60	87	104797	0	105127
16479	131	75	55	106896	0	107157
16480	86	106185	195	2132	0	108598
16481	67	123456	181	738	0	124442
16482	124195	2429	54	498	0	127176
16483	2330	875	56	125044	0	128305
16484	910	355	55	127747	0	129067
16485	443	292	125656	3063	0	129454
16486	328	104	2280	126309	0	129021
16487	215	307	128617	2772	0	131911
16488	206	94	2644	128824	0	131768
16489	248	231	135670	2871	0	139020
16490	104	134495	3071	1111	0	138781
16491	252	2587	965	134074	0	137878
16492	135345	839	418	2974	0	139576
16493	134716	392	219	1157	0	136484
16494	3648	149	161	133693	0	137651
16495	1311	308	134136	2933	0	138688
16496	586	293	133991	1141	0	136011
16497	124681	146	3542	841	0	129210
16498	2647	131497	1436	496	0	136076
16499	133482	2725	533	500	0	137240
16500	132787	943	264	543	0	134537
16501	3770	591	130990	412	0	135763
16502	1603	256	2809	127924	0	132592
16503	783	206	1048	132266	0	134303
16504	607	229	569	136480	0	137885
16505	513	211	301	133738	0	134763
16506	510	204	344	131808	0	132866
16507	451	339	126218	4456	0	131464
16508	414	385	126969	1831	0	129599
16509	556	221	3748	125605	0	130130
16510	554	261	1482	128832	0	131129
16511	542	258	703	130654	0	132157
16512	126959	283	433	4728	0	132403
16513	3295	283	394	127583	0	131555
16514	127989	258	401	3979	0	132627
16515	3805	301	405	130260	0	134771
16516	131790	257	432	4217	0	136696
16517	134974	237	471	1990	0	137672
16518	132995	235	526	1301	0	135057
16519	133536	210	465	1171	0	135382
16520	133494	255	539	1021	0	135309
16521	4840	292	447	130175	0	135754
16522	129925	253	461	3849	0	134488
16523	3686	129212	624	1873	0	135395
16524	130124	3040	518	1306	0	134988
16525	3987	1125	471	131216	0	136799
16526	1709	783	130287	3837	0	136616
16527	1226	338	3336	131653	0	136553
16528	949	437	131735	4311	0	137432
16529	1014	304	3751	130378	0	135447
16530	984	262	1467	134995	0	137708
16531	834	485	131664	4958	0	137941
16532	858	434	133007	2331	0	136630
16533	883	303	4328	131429	0	136943
16534	130540	231	1744	4334	0	136849
16535	3764	422	132032	2164	0	138382
16536	1718	132422	3713	1733	0	139586
16537	1262	3267	136651	1361	0	142541
16538	133900	1110	3910	1327	0	140247
16539	4135	571	1533	135976	0	142215
16540	137842	308	952	4315	0	143417
16541	139899	257	680	2256	0	143092
16542	5139	243	664	137794	0	143840
16543	2359	434	135075	4233	0	142101
16544	1574	265	3626	133352	0	138817
16545	1345	249	1504	134791	0	137889
16546	128780	249	943	5425	0	135397
16547	3859	132414	984	2704	0	139961
16548	2063	3153	704	132035	0	137955
16549	1513	1299	129767	4321	0	136900
16550	122156	587	3707	2340	0	128790
16551	4034	126967	1825	1827	0	134653
16552	2185	3171	1030	128513	0	134899
16553	1628	1164	817	129402	0	133011
16554	1462	593	794	131388	0	134237
16555	126071	320	779	5550	0	132720
16556	129486	259	829	2702	0	133276
16557	5257	290	792	128654	0	134993
16558	2384	500	127593	4566	0	135043
16559	1492	127123	4004	2411	0	135030
16560	127571	3293	1654	1824	0	134342
16561	131141	1169	1085	1606	0	135001
16562	5340	575	831	127286	0	134032
16563	2583	337	794	131338	0	135052
16564	1595	465	129029	5422	0	136511
16565	1215	128824	4049	2688	0	136776
16566	130533	3382	1682	1871	0	137468
16567	127567	1254	1017	1543	0	131381
16568	4815	126239	1068	1371	0	133493
16569	124538	3217	664	1321	0	129740
16570	4469	1112	650	123256	0	129487
16571	1998	850	122044	4164	0	129056
16572	1627	392	3410	122769	0	128198
16573	1273	569	121422	4483	0	127747
16574	116367	330	3697	2365	0	122759
16575	3811	117939	1744	1774	0	125268
16576	1584	2688	721	105181	0	110174
16577	1179	999	104786	3088	0	110052
16578	923	598	100087	1438	0	103046
16579	91130	449	2827	1110	0	95516
16580	2332	93786	1426	970	0	98514
16581	79379	1337	1274	621	0	82611
16582	78153	396	555	576	0	79680
16583	78243	238	322	598	0	79401
16584	1899	371	356	76425	0	79051
16585	833	316	76316	1484	0	78949
16586	553	76192	1296	657	0	78698
16587	676	1492	624	75109	0	77901
16588	518	534	75832	1381	0	78265
16589	370	332	69141	505	0	70348
16590	363	204	1062	67745	0	69374
16591	324	215	67790	1020	0	69349
16592	63065	148	920	552	0	64685
16593	1019	158	373	67450	0	69000
16594	499	147	241	69593	0	70480
16595	68934	153	237	1213	0	70537
16596	940	68488	349	499	0	70276
16597	71327	811	269	577	0	72984
16598	1112	296	278	70924	0	72610
16599	553	210	226	72065	0	73054
16600	444	161	213	72407	0	73225
16601	436	158	231	71291	0	72116
16602	69705	140	230	1292	0	71367
16603	1103	267	70038	516	0	71924
16604	452	69080	927	377	0	70836
16605	378	785	353	69145	0	70661
16606	67865	307	261	1045	0	69478
16607	68758	164	245	568	0	69735
16608	1003	69059	356	476	0	70894
16609	67229	723	248	441	0	68641
16610	857	68126	290	389	0	69662
16611	392	71229	295	371	0	72287
16612	412	930	257	70897	0	72496
16613	342	438	71702	948	0	73430
16614	339	428	731	69523	0	71021
16615	68897	193	309	981	0	70380
16616	805	68659	309	433	0	70206
16617	437	702	159	68774	0	70072
16618	357	432	74992	918	0	76699
16619	73963	165	767	621	0	75516
16620	78343	160	296	473	0	79272
16621	78542	174	208	442	0	79366
16622	983	259	76557	297	0	78096
16623	72811	168	716	325	0	74020
16624	779	76362	372	307	0	77820
16625	447	671	189	72998	0	74305
16626	280	76543	291	646	0	77760
16627	77025	637	192	441	0	78295
16628	73826	279	160	390	0	74655
16629	860	351	78973	244	0	80428
16630	351	79590	674	286	0	80901
16631	316	645	364	79290	0	80615
16632	284	266	167	80004	0	80721
16633	276	158	176	79434	0	80044
16634	328	143	175	80488	0	81134
16635	263	162	172	81796	0	82393
16636	286	236	78240	1117	0	79879
16637	225	76892	878	598	0	78593
16638	75381	753	328	379	0	76841
16639	1016	437	77407	265	0	79125
16640	421	79420	885	255	0	80981
16641	79260	754	319	321	0	80654
16642	956	458	82175	218	0	83807
16643	78286	197	845	384	0	79712
16644	79623	175	316	412	0	80526
16645	81279	180	184	351	0	81994
16646	1092	83419	236	352	0	85099
16647	521	1010	81666	251	0	83448
16648	259	85215	1009	222	0	86705
16649	553	1175	337	68709	0	70774
16650	205	85713	245	788	0	86951
16651	86046	945	147	485	0	87623
16652	90666	280	147	405	0	91498
16653	88668	190	142	394	0	89394
16654	1506	311	91858	258	0	93933
16655	543	96226	1310	266	0	98345
16656	415	1363	401	103502	0	105681
16657	113255	421	214	1718	0	115608
16658	1986	113679	310	565	0	116540
16659	807	1979	227	112995	0	116008
16660	481	832	115350	1926	0	118589
16661	112236	329	2047	807	0	115419
16662	2396	351	121012	388	0	124147
16663	970	323	124142	225	0	125660
16664	114025	190	2847	385	0	117447
16665	2484	346	120506	187	0	123523
16666	114156	185	2389	293	0	117023
16667	2371	117182	1033	246	0	120832
16668	120777	2120	446	421	0	123764
16669	2598	737	262	121382	0	124979
16670	1070	338	249	122531	0	124188
16671	653	187	227	124460	0	125527
16672	122441	153	243	3217	0	126054
16673	122749	164	228	1163	0	124304
16674	121749	210	227	608	0	122794
16675	3158	120246	332	419	0	124155
16676	1298	2180	197	121409	0	125084
16677	735	945	120540	2374	0	124594
16678	574	420	2256	115125	0	118375
16679	428	117022	985	2497	0	120932
16680	552	2247	451	116235	0	119485
16681	542	860	257	118516	0	120175
16682	117118	486	268	3048	0	120920
16683	2679	337	262	117665	0	120943
16684	1142	463	117393	2672	0	121670
16685	808	443	116929	1074	0	119254
16686	700	311	3069	116271	0	120351
16687	115927	283	1342	2666	0	120218
16688	2782	310	699	115349	0	119140
16689	1416	311	510	118226	0	120463
16690	868	399	117370	3177	0	121814
16691	665	116526	2733	1491	0	121415
16692	808	2294	1144	116830	0	121076
16693	115233	873	731	2720	0	119557
16694	2662	116044	694	1294	0	120694
16695	1498	2385	464	116365	0	120712
16696	1009	1042	116601	2749	0	121401
16697	857	536	2474	114389	0	118256
16698	112427	395	1084	3124	0	117030
16699	2634	111661	791	1588	0	116674
16700	1478	2539	113242	987	0	118246
16701	1132	1038	2485	111404	0	116059
16702	806	815	114539	2865	0	119025
16703	111098	486	2763	1526	0	115873
16704	114098	496	1172	1153	0	116919
16705	3483	591	114294	891	0	119259
16706	1778	447	2631	112692	0	117548
16707	1195	652	116585	2842	0	121274
16708	836	115807	3104	1735	0	121482
16709	1026	2529	1414	116552	0	121521
16710	885	1150	117305	3051	0	122391
16711	1034	750	2943	108475	0	113202
16712	817	113784	1626	2996	0	119223
16713	1070	2558	954	113893	0	118475
16714	836	1171	114120	3188	0	119315
16715	107819	714	2883	1753	0	113169
16716	2875	113362	1474	1329	0	119040
16717	114631	2605	887	1272	0	119395
16718	3208	1241	109412	1117	0	114978
16719	105948	764	2781	1159	0	110652
16720	3324	646	108596	1082	0	113648
16721	106349	594	3086	1080	0	111109
16722	111428	547	1360	1183	0	114518
16723	3727	546	1012	109078	0	114363
16724	1960	545	853	112067	0	115425
16725	110435	592	834	3850	0	115711
16726	3102	110999	998	2030	0	117129
16727	111784	2650	898	1366	0	116698
16728	3463	1106	906	108536	0	114011
16729	1635	108589	1182	3200	0	114606
16730	1438	2598	935	111678	0	116649
16731	1210	1022	928	114034	0	117194
16732	1190	649	882	111473	0	114194
16733	932	110829	1039	4194	0	116994
16734	110426	2515	765	1986	0	115692
16735	3099	1090	705	110983	0	115877
16736	1443	897	109791	3385	0	115516
16737	1013	649	108625	1952	0	112239
16738	816	700	110101	1530	0	113147
16739	106286	565	3504	1386	0	111741
16740	108335	545	1655	1310	0	111845
16741	3529	740	106630	1218	0	112117
16742	1711	620	2718	100181	0	105230
16743	1146	532	1363	104709	0	107750
16744	878	628	106793	3592	0	111891
16745	903	640	106615	1773	0	109931
16746	946	506	3236	105137	0	109825
16747	105184	374	1573	2950	0	110081
16748	102174	379	1048	1585	0	105186
16749	101280	370	805	1291	0	103746
16750	3384	100175	1004	1156	0	105719
16751	1518	101392	924	965	0	104799
16752	1091	2369	718	97225	0	101403
16753	96324	927	644	2490	0	100385
16754	2256	723	94217	1229	0	98425
16755	82370	409	1885	1154	0	85818
16756	1786	79975	905	773	0	83439
16757	480	70860	352	341	0	72033
16758	68661	1140	328	399	0	70528
16759	990	69373	315	326	0	71004
16760	369	67426	280	260	0	68335
16761	64216	1645	1490	823	0	68174
16762	674	65809	261	228	0	66972
16763	225	525	106	63120	0	63976
16764	182	192	94	63753	0	64221
16765	63151	113	104	687	0	64055
16766	62485	95	114	293	0	62987
16767	554	64547	163	243	0	65507
16768	234	64664	133	185	0	65216
16769	198	608	63182	117	0	64105
16770	62643	283	566	215	0	63707
16771	67020	120	157	209	0	67506
16772	68310	77	146	197	0	68730
16773	734	97	122	68281	0	69234
16774	299	80	114	70399	0	70892
16775	71044	88	91	744	0	71967
16776	706	85	86	71000	0	71877
16777	294	152	71840	695	0	72981
16778	238	107	601	70569	0	71515
16779	158	73890	242	686	0	74976
16780	203	680	143	75008	0	76034
16781	222	193	86	76592	0	77093
16782	183	136	95	77034	0	77448
16783	75135	107	78	1003	0	76323
16784	704	75768	154	393	0	77019
16785	302	688	70	76853	0	77913
16786	226	322	76670	765	0	77983
16787	192	286	73482	292	0	74252
16788	215	164	803	74496	0	75678
16789	202	145	263	75958	0	76568
16790	74490	95	151	980	0	75716
16791	804	152	107	72762	0	73825
16792	285	73125	178	843	0	74431
16793	262	772	75338	384	0	76756
16794	260	308	682	75640	0	76890
16795	229	241	78007	859	0	79336
16796	217	108	792	77171	0	78288
16797	77404	120	274	892	0	78690
16798	78373	121	175	470	0	79139
16799	916	78919	221	321	0	80377
16800	414	715	133	78263	0	79525
16801	81559	247	119	915	0	82840
16802	81963	162	153	449	0	82727
16803	82885	134	162	337	0	83518
16804	83038	127	170	312	0	83647
16805	81981	138	157	320	0	82596
16806	974	80811	252	299	0	82336
16807	79750	589	137	280	0	80756
16808	823	294	79532	197	0	80846
16809	362	152	586	78796	0	79896
16810	80805	99	192	785	0	81881
16811	80215	121	152	394	0	80882
16812	79971	108	105	362	0	80546
16813	883	233	80454	231	0	81801
16814	395	121	617	80460	0	81593
16815	83405	117	222	801	0	84545
16816	689	83744	200	383	0	85016
16817	87099	620	87	533	0	88339
16818	85525	226	105	324	0	86180
16819	86417	167	95	381	0	87060
16820	878	169	111	87436	0	88594
16821	88424	121	123	883	0	89551
16822	844	284	90043	352	0	91523
16823	364	241	88917	317	0	89839
16824	87105	106	741	385	0	88337
16825	753	227	91442	200	0	92622
16826	82418	111	588	345	0	83462
16827	718	217	90244	194	0	91373
16828	329	161	548	87712	0	88750
16829	87592	73	207	712	0	88584
16830	615	84941	263	371	0	86190
16831	87243	475	93	330	0	88141
16832	616	86561	147	279	0	87603
16833	285	90889	151	216	0	91541
16834	316	558	114	91937	0	92925
16835	261	236	113	92255	0	92865
16836	269	102	105	92306	0	92782
16837	248	218	91558	706	0	92730
16838	85460	86	588	498	0	86632
16839	95188	75	217	377	0	95857
16840	95913	88	136	303	0	96440
16841	96138	62	94	353	0	96647
16842	95638	89	248	276	0	96251
16843	1036	187	92132	216	0	93571
16844	498	219	92636	162	0	93515
16845	402	78	791	94534	0	95805
16846	360	172	94942	807	0	96281
16847	90175	119	757	522	0	91573
16848	1035	101639	320	264	0	103258
16849	458	923	146	107387	0	108914
16850	108798	229	124	1270	0	110421
16851	1384	140	163	110337	0	112024
16852	554	239	113255	1223	0	115271
16853	445	249	113699	427	0	114820
16854	378	119	1489	117280	0	119266
16855	340	214	118514	1324	0	120392
16856	112300	73	1378	606	0	114357
16857	1428	100	435	118576	0	120539
16858	636	251	119390	1391	0	121668
16859	387	120002	1390	646	0	122425
16860	476	1183	437	123583	0	125679
16861	432	481	124993	1487	0	127393
16862	461	221	1427	119992	0	122101
16863	449	90	492	123991	0	125022
16864	369	282	125447	1823	0	127921
16865	497	102	1546	123730	0	125875
16866	430	143	554	122408	0	123535
16867	444	112	274	125189	0	126019
16868	121360	121	272	2084	0	123837
16869	1590	121740	370	831	0	124531
16870	625	124263	343	437	0	125668
16871	480	1876	121080	331	0	123767
16872	112341	458	1493	512	0	114804
16873	1616	366	121763	251	0	123996
16874	613	336	120058	286	0	121293
16875	425	140	1714	117281	0	119560
16876	119573	92	557	1635	0	121857
16877	1400	121910	441	681	0	124432
16878	121918	1291	316	518	0	124043
16879	119299	386	217	475	0	120377
16880	1593	122488	343	340	0	124764
16881	121972	1276	290	427	0	123965
16882	119946	402	293	456	0	121097
16883	1548	124471	352	391	0	126762
16884	621	1364	255	125358	0	127598
16885	503	422	254	128523	0	129702
16886	131289	181	242	1835	0	133547
16887	1504	134271	385	721	0	136881
16888	136498	1513	251	606	0	138868
16889	137514	449	225	556	0	138744
16890	142857	214	234	610	0	143915
16891	2316	182	213	141847	0	144558
16892	859	202	219	144753	0	146033
16893	143298	179	194	2412	0	146083
16894	145766	197	208	882	0	147053
16895	146372	187	208	647	0	147414
16896	2518	211	218	149613	0	152560
16897	897	380	150098	2148	0	153523
16898	653	186	2051	151560	0	154450
16899	603	168	672	163674	0	165117
16900	551	368	160985	3008	0	164912
16901	533	405	170544	966	0	172448
16902	600	230	3397	171255	0	175482
16903	515	439	173937	3168	0	178059
16904	173741	208	3175	1463	0	178587
16905	3293	243	1066	178321	0	182923
16906	1382	233	594	181556	0	183765
16907	183409	191	371	4284	0	188255
16908	3386	194	391	183244	0	187215
16909	1487	212	337	185751	0	187787
16910	924	207	341	187111	0	188583
16911	788	220	293	187803	0	189104
16912	694	451	182608	4347	0	188100
16913	791	259	2971	182574	0	186595
16914	703	455	179954	3805	0	184917
16915	588	181752	3376	2185	0	187901
16916	835	3019	1096	180562	0	185512
16917	925	1191	177361	3655	0	183132
16918	161788	499	3303	2031	0	167621
16919	3363	175785	1503	1174	0	181825
16920	176922	2997	726	1186	0	181831
16921	3749	1023	610	170096	0	175478
16922	1437	172055	770	3563	0	177825
16923	171957	3056	555	1800	0	177368
16924	3367	173611	756	1270	0	179004
16925	175451	3232	541	1249	0	180473
16926	3889	1198	512	172466	0	178065
16927	175445	576	521	3811	0	180353
16928	3661	177767	821	2014	0	184263
16929	177111	3195	529	1479	0	182314
16930	4137	1286	177162	1156	0	183741
16931	1820	630	3347	178242	0	184039
16932	176807	351	1347	4242	0	182747
16933	179233	414	781	2344	0	182772
16934	4674	371	696	176976	0	182717
16935	1975	661	177518	4190	0	184344
16936	1177	171078	3523	2164	0	177942
16937	951	178713	1651	1472	0	182787
16938	178350	3944	1178	1599	0	185071
16939	3873	1375	727	176717	0	182692
16940	1870	658	790	179495	0	182813
16941	176235	442	752	4980	0	182409
16942	173688	504	725	2510	0	177427
16943	4578	676	175944	1728	0	182926
16944	2288	485	3229	174172	0	180174
16945	1381	679	172991	4147	0	179198
16946	1153	171725	3496	2361	0	178735
16947	163346	2947	1402	1870	0	169565
16948	3167	166607	1097	1661	0	172532
16949	1411	165932	997	1468	0	169808
16950	1711	3537	851	163070	0	169169
16951	158876	1209	709	3750	0	164544
16952	2958	159057	957	2105	0	165077
16953	155990	2756	785	1737	0	161268
16954	3201	154895	980	1345	0	160421
16955	1856	3040	716	155358	0	160970
16956	152801	1251	713	3719	0	158484
16957	3395	1030	156012	2003	0	162440
16958	2038	1062	2767	154039	0	159906
16959	1476	958	153914	3671	0	160019
16960	1285	146450	2997	2160	0	152892
16961	1119	152196	1452	1746	0	156513
16962	147422	3324	934	1903	0	153583
16963	2946	150002	941	1701	0	155590
16964	149748	2846	792	1615	0	155001
16965	150333	1304	1932	1668	0	155237
16966	3604	1122	149677	1324	0	155727
16967	144725	807	2714	1576	0	149822
16968	3420	1103	153663	1358	0	159544
16969	1923	153510	3060	1278	0	159771
16970	154034	2798	1383	1486	0	159701
16971	3289	154137	1195	1279	0	159900
16972	2163	2993	683	154199	0	160038
16973	154745	1476	683	3414	0	160318
16974	3690	1104	566	154534	0	159894
16975	2059	1273	156533	3523	0	163388
16976	1535	1115	2651	154386	0	159687
16977	1593	968	1221	157551	0	161333
16978	154493	1039	813	4086	0	160431
16979	3504	1278	155395	2013	0	162190
16980	154926	980	2866	1555	0	160327
16981	162421	926	1254	1365	0	165966
16982	4445	924	957	160467	0	166793
16983	2457	877	662	161403	0	165399
16984	157045	892	754	4066	0	162757
16985	3652	160878	1002	1893	0	167425
16986	2271	3059	564	156731	0	162625
16987	1513	1633	153871	2878	0	159895
16988	1345	1266	149588	1543	0	153742
16989	1177	154635	3209	1081	0	160102
16990	1485	2748	1217	148205	0	153655
16991	1150	1441	658	150704	0	153953
16992	147790	912	563	3394	0	152659
16993	3297	751	501	146291	0	150840
16994	140838	644	517	2969	0	144968
16995	2936	139565	751	1583	0	144835
16996	1345	141296	579	1030	0	144250
16997	960	146339	709	798	0	148806
16998	141231	2522	769	1057	0	145579
16999	130587	939	574	753	0	132853
17000	2129	129845	522	729	0	133225
17001	117211	948	298	504	0	118961
17002	1073	116499	255	327	0	118154
17003	556	1052	135	111406	0	113149
17004	284	113649	259	977	0	115169
17005	113470	1028	239	591	0	115328
17006	113716	380	133	444	0	114673
17007	1244	244	117	110003	0	111608
17008	110391	206	121	1132	0	111850
17009	1133	234	138	109298	0	110803
17010	463	112567	267	1114	0	114411
17011	466	1214	152	111216	0	113048
17012	272	112600	351	1145	0	114368
17013	112205	921	165	627	0	113918
17014	1056	532	110075	295	0	111958
17015	102319	249	861	472	0	103901
17016	991	201	220	109896	0	111308
17017	451	412	109603	899	0	111365
17018	104184	206	782	639	0	105811
17019	1055	439	114321	361	0	116176
17020	524	215	861	112192	0	113792
17021	414	220	270	115845	0	116749
17022	381	210	171	115418	0	116180
17023	360	212	174	116769	0	117515
17024	259	118101	351	1400	0	120111
17025	425	1208	166	123584	0	125383
17026	124032	387	156	1724	0	126299
17027	1631	474	124651	559	0	127315
17028	574	133171	1546	467	0	135758
17029	136591	1713	404	554	0	139262
17030	147950	830	206	581	0	149567
17031	2936	347	138	165027	0	168448
17032	1186	569	165749	2892	0	170396
17033	829	346	2657	162825	0	166657
17034	662	271	1121	171087	0	173141
17035	592	504	170589	4038	0	175723
17036	453	177979	3321	1732	0	183485
17037	182413	3428	1322	983	0	188146
17038	183782	1451	467	859	0	186559
17039	187841	531	367	835	0	189574
17040	5373	360	368	183807	0	189908
17041	2308	370	275	193051	0	196004
17042	195822	257	286	5531	0	201896
17043	4691	362	299	182657	0	188009
17044	2029	194383	488	4273	0	201173
17045	204297	3920	229	2062	0	210508
17046	208950	1637	335	1300	0	212222
17047	220512	610	227	1044	0	222393
17048	222191	391	294	1050	0	223926
17049	7077	676	212896	730	0	221379
17050	3083	720	214894	656	0	219353
17051	1759	469	6019	209209	0	217456
17052	1377	384	2128	217121	0	221010
17053	1249	540	213808	6420	0	222017
17054	1194	614	216002	2474	0	220284
17055	1235	351	6318	211576	0	219480
17056	213374	343	2472	5361	0	221550
17057	5521	335	1155	209761	0	216772
17058	2628	576	211798	5533	0	220535
17059	1345	213486	5297	2650	0	222778
17060	214739	4609	2276	1743	0	223367
17061	218996	1829	1226	1478	0	223529
17062	219793	771	972	1461	0	222997
17063	220837	554	900	1403	0	223694
17064	7573	851	211484	1126	0	221034
17065	3568	577	4990	211065	0	220200
17066	213560	517	2271	5455	0	221803
17067	6406	530	1112	212683	0	220731
17068	3679	435	976	201554	0	206644
17069	2179	205918	1172	6631	0	215900
17070	2125	4723	858	207994	0	215700
17071	204315	1930	999	6111	0	213355
17072	5744	206164	1352	3111	0	216371
17073	204354	4887	872	2025	0	212138
17074	6171	205756	1140	1801	0	214868
17075	3540	5262	900	187102	0	196804
17076	2120	197194	1359	5391	0	206064
17077	1799	205225	1218	2958	0	211200
17078	199671	6191	1200	2089	0	209151
17079	6188	2822	198136	1835	0	208981
17080	3306	1563	195933	1752	0	202554
17081	2346	1480	193021	1707	0	198554
17082	178853	1154	6750	1870	0	188627
17083	5700	187932	3062	1890	0	198584
17084	3334	193426	1788	1723	0	200271
17085	181355	6290	1228	1699	0	190572
17086	5955	184211	1518	1712	0	193396
17087	3459	189171	1640	1646	0	195916
17088	2666	6576	1204	187193	0	197639
17089	2463	3109	186433	5854	0	197859
17090	2515	1974	189475	3280	0	197244
17091	2643	1602	6554	186492	0	197291
17092	184376	1431	3076	6106	0	194989
17093	6173	187725	2124	3379	0	199401
17094	4051	5430	1436	189084	0	200001
17095	3094	3016	187790	5876	0	199776
17096	2804	2091	185202	3472	0	193569
17097	3012	1560	6631	180415	0	191618
17098	180590	1519	3206	6301	0	191616
17099	184103	1498	1968	3581	0	191150
17100	8140	1659	180257	2365	0	192421
17101	178586	1387	5866	2340	0	188179
17102	7125	1559	181808	2096	0	192588
17103	4780	1279	6172	160318	0	172549
17104	3169	178609	3758	5456	0	190992
17105	182259	5298	2336	2936	0	192829
17106	7167	2773	2065	181397	0	193402
17107	4650	1623	2135	181619	0	190027
17108	3431	1349	2173	186696	0	193649
17109	3166	1228	2134	186970	0	193498
17110	2796	1425	177541	8014	0	189776
17111	2850	176288	6256	4163	0	189557
17112	3039	5169	3482	176884	0	188574
17113	176269	2672	2375	6576	0	187892
17114	6698	1650	2138	178283	0	188769
17115	4193	1399	2055	181442	0	189089
17116	2868	1658	175878	7909	0	188313
17117	2783	1692	174874	4348	0	183697
17118	2650	171325	7489	3096	0	184560
17119	2536	174536	3905	2845	0	183822
17120	2749	6502	2144	169853	0	181248
17121	169618	3131	1941	6440	0	181130
17122	6123	2152	168550	3940	0	180765
17123	3796	167373	5688	2663	0	179520
17124	3221	5265	3064	149453	0	161003
17125	2121	160362	1999	5239	0	169721
17126	2487	5243	1507	144963	0	154200
17127	1985	155691	1737	5317	0	164730
17128	2206	4780	1358	144949	0	153293
17129	138346	2492	1260	4996	0	147094
17130	4033	127983	1295	2694	0	136005
17131	1681	3959	801	106602	0	113043
17132	102816	1547	843	3227	0	108433
17133	2734	103876	929	1905	0	109444
17134	1187	95851	772	1254	0	99064
17135	1076	97313	789	1152	0	100330
17136	1588	2694	1170	85681	0	91133
17137	556	1226	656	84270	0	86708
17138	472	84131	509	2220	0	87332
17139	627	2097	508	82872	0	86104
17140	684	1095	82625	1893	0	86297
17141	436	79237	1523	817	0	82013
17142	543	6117	550	66364	0	73574
17143	411	73661	468	1182	0	75722
17144	490	1315	68123	507	0	70435
17145	252	65791	1107	374	0	67524
17146	51955	1066	561	470	0	54052
17147	485	253	121	51353	0	52212
17148	50615	87	97	484	0	51283
17149	430	121	50928	186	0	51665
17150	165	79	399	51126	0	51769
17151	126	148	52345	437	0	53056
17152	100	101	398	51805	0	52404
17153	53735	71	160	537	0	54503
17154	420	90	93	53402	0	54005
17155	53060	93	70	542	0	53765
17156	384	54225	99	228	0	54936
17157	52828	406	66	177	0	53477
17158	435	208	54553	154	0	55350
17159	167	54360	421	168	0	55116
17160	114	381	168	54077	0	54740
17161	149	167	87	53954	0	54357
17162	91	151	53072	496	0	53810
17163	45	53358	398	279	0	54080
17164	107	381	108	52455	0	53051
17165	55	53809	125	394	0	54383
17166	97	412	37	51748	0	52294
17167	49	53251	99	361	0	53760
17168	51787	385	59	161	0	52392
17169	380	193	57	52552	0	53182
17170	162	151	52303	342	0	52958
17171	51	52716	308	212	0	53287
17172	51	53853	133	139	0	54176
17173	176	450	52099	72	0	52797
17174	41	53226	358	98	0	53723
17175	99	321	83	51428	0	51931
17176	31	153	53130	290	0	53604
17177	64	59	284	51524	0	51931
17178	61	40	88	53587	0	53776
17179	38	120	53378	372	0	53908
17180	47423	39	316	202	0	47980
17181	296	52	86	53984	0	54418
17182	150	129	56865	322	0	57466
17183	45	57753	328	159	0	58285
17184	57699	286	99	147	0	58231
17185	283	57834	104	89	0	58310
17186	122	312	28	57995	0	58457
17187	56675	93	43	401	0	57212
17188	311	70	30	56250	0	56661
17189	132	139	58101	335	0	58707
17190	87	48	338	56551	0	57024
17191	68	106	57648	343	0	58165
17192	53495	55	355	237	0	54142
17193	372	129	57274	98	0	57873
17194	56187	64	337	171	0	56759
17195	57473	61	132	207	0	57873
17196	451	124	58218	74	0	58867
17197	201	145	56764	99	0	57209
17198	74	58826	482	97	0	59479
17199	60253	369	167	167	0	60956
17200	412	157	82	61281	0	61932
17201	171	100	53	61446	0	61770
17202	65791	54	78	798	0	66721
17203	66770	82	79	337	0	67268
17204	66927	79	66	219	0	67291
17205	66646	65	72	178	0	66961
17206	523	74	69	65274	0	65940
17207	65832	59	68	541	0	66500
17208	446	90	83	65807	0	66426
17209	226	76	66	65957	0	66325
17210	152	65	68	66589	0	66874
17211	121	143	65445	549	0	66258
17212	106	64536	429	282	0	65353
17213	98	65568	219	162	0	66047
17214	120	442	109	65624	0	66295
17215	65695	165	78	507	0	66445
17216	438	104	69	65461	0	66072
17217	64914	70	80	591	0	65655
17218	472	156	66931	213	0	67772
17219	63253	87	392	264	0	63996
17220	474	82	164	68662	0	69382
17221	70382	75	104	574	0	71135
17222	69351	89	76	319	0	69835
17223	70330	85	95	283	0	70793
17224	600	90	75	70384	0	71149
17225	240	186	70253	484	0	71163
17226	162	100	446	69516	0	70224
17227	70978	82	175	629	0	71864
17228	583	222	80468	213	0	81486
17229	301	111	546	85169	0	86127
17230	89867	79	196	840	0	90982
17231	825	200	91890	271	0	93186
17232	95114	94	777	342	0	96327
17233	101200	89	235	334	0	101858
17234	1190	100	129	103172	0	104591
17235	390	80	118	105620	0	106208
17236	105133	76	107	1458	0	106774
17237	1174	123	90	110048	0	111435
17238	107809	68	111	1635	0	109623
17239	1310	111133	202	541	0	113186
17240	387	112671	169	301	0	113528
17241	299	1645	111	111654	0	113709
17242	216	595	115038	1408	0	117257
17243	167	115292	1473	516	0	117448
17244	111642	1410	405	466	0	113923
17245	1234	112924	307	238	0	114703
17246	394	1511	112869	140	0	114914
17247	299	410	1316	109720	0	111745
17248	182	443	114543	1420	0	116588
17249	145	118024	1499	568	0	120236
17250	278	1397	403	113182	0	115260
17251	137	115133	408	1149	0	116827
17252	218	1428	116225	349	0	118220
17253	238	372	1313	113231	0	115154
17254	204	387	117593	1361	0	119545
17255	273	125	1407	115040	0	116845
17256	116439	118	392	1628	0	118577
17257	1395	223	115701	467	0	117786
17258	106937	121	1325	460	0	108843
17259	1494	265	114016	228	0	116003
17260	545	126	1424	112352	0	114447
17261	397	299	120492	1439	0	122627
17262	381	129	1458	119040	0	121008
17263	406	149	446	122094	0	123095
17264	319	137	283	120917	0	121656
17265	325	123	177	123144	0	123769
17266	290	371	128122	1907	0	130690
17267	120384	161	1419	1052	0	123016
17268	1502	164	477	136222	0	138365
17269	135462	160	296	1752	0	137670
17270	137339	181	213	789	0	138522
17271	139267	158	235	660	0	140320
17272	2005	188	232	141203	0	143628
17273	775	212	240	138412	0	139639
17274	367	142386	366	1807	0	144926
17275	143855	1445	259	950	0	146509
17276	144471	484	230	708	0	145893
17277	144513	299	280	662	0	145754
17278	2086	400	147498	395	0	150379
17279	813	213	1581	145925	0	148532
17280	497	397	147813	1718	0	150425
17281	141121	190	1727	863	0	143901
17282	147673	188	624	759	0	149244
17283	2095	156	397	145529	0	148177
17284	918	219	306	143473	0	144916
17285	447	150363	474	1966	0	153250
17286	149989	1459	296	1061	0	152805
17287	150192	466	345	738	0	151741
17288	1989	150630	458	482	0	153559
17289	152225	1435	328	753	0	154741
17290	1919	505	300	154582	0	157306
17291	827	304	267	157067	0	158465
17292	156395	188	295	2342	0	159220
17293	1806	467	157926	879	0	161078
17294	153514	214	1551	904	0	156183
17295	158901	188	592	797	0	160478
17296	1900	157886	550	631	0	160967
17297	159098	1421	268	697	0	161484
17298	1923	757	157484	510	0	160674
17299	889	357	1533	156879	0	159658
17300	157705	207	586	1877	0	160375
17301	1837	232	371	157759	0	160199
17302	884	452	153783	1844	0	156963
17303	737	259	1570	147623	0	150189
17304	525	171155	815	1928	0	174423
17305	657	1774	405	175128	0	177964
17306	665	620	301	179421	0	181007
17307	644	348	363	177049	0	178404
17308	620	247	312	180130	0	181309
17309	508	555	178398	2289	0	181750
17310	589	269	1632	176888	0	179378
17311	178305	194	626	2285	0	181410
17312	1790	178494	664	1065	0	182013
17313	879	1600	304	182637	0	185420
17314	709	892	183980	1939	0	187520
17315	734	344	1670	183935	0	186683
17316	186480	190	625	2352	0	189647
17317	185526	207	411	1134	0	187278
17318	182114	232	305	880	0	183531
17319	2423	222	340	185904	0	188889
17320	1071	452	185848	2021	0	189392
17321	662	184255	1834	1007	0	187758
17322	186052	1504	596	1107	0	189259
17323	2007	514	370	185292	0	188183
17324	973	429	271	186719	0	188392
17325	840	629	186693	2165	0	190327
17326	595	184838	1746	1038	0	188217
17327	534	190041	875	712	0	192162
17328	878	2709	602	179202	0	183391
17329	648	930	174120	1731	0	177429
17330	149812	311	1414	1314	0	152851
17331	1636	475	171405	521	0	174037
17332	147625	254	1226	881	0	149986
17333	1391	175493	651	557	0	178092
17334	686	1256	172019	396	0	174357
17335	161166	368	1014	653	0	163201
17336	1170	172110	576	398	0	174254
17337	176396	667	277	1019	0	178359
17338	1025	576	182247	326	0	184174
17339	364	184207	846	368	0	185785
17340	186423	691	336	597	0	188047
17341	1015	546	185300	359	0	187220
17342	180690	141	727	584	0	182142
17343	921	163	301	185374	0	186759
17344	186839	100	185	1171	0	188295
17345	869	139	141	187631	0	188780
17346	186808	95	139	1181	0	188223
17347	968	517	192839	401	0	194725
17348	485	125	779	193204	0	194593
17349	344	105	282	194027	0	194758
17350	372	479	196685	1127	0	198663
17351	379	118	858	198641	0	199996
17352	408	171926	906	1456	0	174696
17353	323	1029	205	220427	0	221984
17354	356	314	166	236324	0	237160
17355	392	246	135	260617	0	261390
17356	376	562	259021	3467	0	263426
17357	234997	175	3034	1651	0	239857
17358	3539	203	741	275412	0	279895
17359	1098	674	285633	3515	0	290920
17360	270546	196	3838	1445	0	276025
17361	289580	154	988	925	0	291647
17362	297605	164	429	940	0	299138
17363	5679	185	280	296411	0	302555
17364	1937	192	299	331663	0	334091
17365	1068	300	284	318316	0	319968
17366	471	325632	701	6705	0	333509
17367	323164	5666	389	2303	0	331522
17368	327652	1368	353	1331	0	330704
17369	7542	557	349	321292	0	329740
17370	2234	717	320456	6175	0	329582
17371	1184	731	322476	2007	0	326398
17372	631	318973	7579	1214	0	328397
17373	1268	7581	1915	310962	0	321726
17374	318470	1435	734	6567	0	327206
17375	6024	323441	866	2029	0	332360
17376	330950	6090	457	1456	0	338953
17377	334006	1559	453	1355	0	337373
17378	335479	659	458	1195	0	337791
17379	8804	470	412	332986	0	342672
17380	3261	410	413	358326	0	362410
17381	362179	386	452	9276	0	372293
17382	8190	408	449	371489	0	380536
17383	2676	867	370786	8578	0	382907
17384	369392	424	7713	2979	0	380508
17385	8740	538	1874	373418	0	384570
17386	3166	442	845	381316	0	385769
17387	2178	436	555	385394	0	388563
17388	1486	970	372284	10402	0	385142
17389	338726	486	8164	4056	0	351432
17390	8801	891	370736	2010	0	382438
17391	3265	542	8479	366353	0	378639
17392	2052	964	374583	8932	0	386531
17393	2122	533	8896	362105	0	373656
17394	1957	614	2452	376321	0	381344
17395	1818	1009	381690	10634	0	395151
17396	2475	736	8726	340073	0	352010
17397	1649	381395	3035	8761	0	394840
17398	378501	8208	1300	3679	0	391688
17399	387486	2086	1039	2781	0	393392
17400	11343	995	976	382072	0	395386
17401	4079	1265	385841	10006	0	401191
17402	2357	375800	9381	3980	0	391518
17403	1920	392588	3143	2904	0	400555
17404	367556	9573	1717	2875	0	381721
17405	9676	2927	364051	2360	0	379014
17406	359737	1187	8968	2739	0	372631
17407	10530	778	2909	363675	0	377892
17408	4116	750	1808	371688	0	378362
17409	354862	733	1587	12017	0	369199
17410	9374	358815	1947	5489	0	375625
17411	3865	8730	363236	3275	0	379106
17412	3164	2280	9304	352926	0	367674
17413	2459	1601	365767	10705	0	380532
17414	2006	361192	10622	4576	0	378396
17415	2859	8448	3393	361307	0	376007
17416	360026	2458	2384	10998	0	375866
17417	365769	1327	2052	4963	0	374111
17418	11775	1770	360332	3674	0	377551
17419	4440	359831	9954	3308	0	377533
17420	354376	8683	3463	3442	0	369964
17421	9985	360532	2841	3153	0	376511
17422	4824	9301	1791	353402	0	369318
17423	357953	2859	1948	10616	0	373376
17424	10706	1840	1943	359860	0	374349
17425	4761	1897	354941	11245	0	372844
17426	4079	1502	9495	355651	0	370727
17427	3473	2048	355965	11339	0	372825
17428	3422	1554	10110	351564	0	366650
17429	352049	1357	3871	11810	0	369087
17430	10245	354584	3240	5385	0	373454
17431	354603	8951	2403	4535	0	370492
17432	11285	3160	2370	351425	0	368240
17433	4873	2211	2127	355475	0	364686
17434	3533	2296	335097	12798	0	353724
17435	3455	2017	351786	5318	0	362576
17436	3192	346767	11932	4459	0	366350
17437	3456	9655	340914	3619	0	357644
17438	310616	3234	10716	3885	0	328451
17439	10391	329930	4665	3767	0	348753
17440	4479	337937	3375	3713	0	349504
17441	3404	340406	3145	3764	0	350719
17442	4009	11533	2318	329432	0	347292
17443	3442	4354	334559	11194	0	353549
17444	3115	336663	10752	5575	0	356105
17445	4068	9807	3839	299091	0	316805
17446	2903	338734	3516	10070	0	355223
17447	330522	9775	2552	5066	0	347915
17448	337422	3320	2678	4348	0	347768
17449	12225	2245	2592	330038	0	347100
17450	5170	1974	2714	332615	0	342473
17451	312281	1802	2704	12688	0	329475
17452	9874	306188	3155	5982	0	325199
17453	3959	309040	3264	4103	0	320366
17454	4082	10589	2368	281730	0	298769
17455	2180	3238	261121	8555	0	275094
17456	1847	258264	8069	3947	0	272127
17457	243315	6848	3475	2796	0	256434
17458	6641	239514	2828	2355	0	251338
17459	2483	238554	2216	2334	0	245587
17460	223812	7142	2265	1962	0	235181
17461	5846	230574	1850	2336	0	240606
17462	2716	6469	223843	1851	0	234879
17463	1676	224042	6095	1937	0	233750
17464	189011	4584	2670	1281	0	197546
17465	3715	190029	1389	1229	0	196362
17466	188215	4083	1406	1231	0	194935
17467	4416	1789	853	186251	0	193309
17468	1829	1351	763	191732	0	195675
17469	1549	1367	190241	4571	0	197728
17470	1102	191728	3753	1994	0	198577
17471	1366	3709	1246	192353	0	198674
17472	191019	1567	1017	4002	0	197605
17473	190611	1166	880	1854	0	194511
17474	4038	192144	1130	1535	0	198847
17475	1794	3752	780	189909	0	196235
17476	189122	1580	752	3862	0	195316
17477	190188	1395	884	1743	0	194210
17478	4168	1331	183229	1225	0	189953
17479	1646	1282	169264	872	0	173064
17480	1078	1024	162255	703	0	165060
17481	520	154582	2623	542	0	158267
17482	143703	1926	2336	513	0	148478
17483	1733	143415	605	413	0	146166
17484	140211	1837	518	482	0	143048
17485	1689	145825	389	332	0	148235
17486	675	1789	229	147897	0	150590
17487	147992	628	238	1735	0	150593
17488	1705	628	150059	533	0	152925
17489	143915	404	1622	538	0	146479
17490	150559	375	508	465	0	151907
17491	1860	151204	360	436	0	153860
17492	555	152509	301	366	0	153731
17493	154289	1716	522	469	0	156996
17494	1614	822	159046	276	0	161758
17495	145183	872	1671	467	0	148193
17496	150029	383	432	440	0	151284
17497	1709	260	219	147821	0	150009
17498	151388	254	135	1461	0	153238
17499	1574	290	129	153779	0	155772
17500	669	354	152	157608	0	158783
17501	510	293	144	152996	0	153943
17502	358	154259	308	1533	0	156458
17503	154834	1265	213	635	0	156947
17504	156261	478	220	468	0	157427
17505	1682	313	251	155688	0	157934
17506	735	325	243	153393	0	154696
17507	486	155196	399	1374	0	157455
17508	153763	1341	264	682	0	156050
17509	1529	752	153282	345	0	155908
17510	740	432	1233	153655	0	156060
17511	582	538	152559	1318	0	154997
17512	602	304	1267	151191	0	153364
17513	535	506	152767	1377	0	155185
17514	643	339	1288	147038	0	149308
17515	148400	347	451	1554	0	150752
17516	1593	478	152044	564	0	154679
17517	143053	334	1324	621	0	145332
17518	1573	157539	690	447	0	160249
17519	802	1347	323	159279	0	161751
17520	695	588	259	161583	0	163125
17521	166879	380	266	1887	0	169412
17522	1690	365	244	175123	0	177422
17523	926	608	182475	1451	0	185460
17524	172446	330	1265	1011	0	175052
17525	184627	284	433	813	0	186157
17526	184905	301	294	697	0	186197
17527	184246	307	239	743	0	185535
17528	1875	182998	413	536	0	185822
17529	863	1170	241	182902	0	185176
17530	181985	409	241	1554	0	184189
17531	1606	326	252	180163	0	182347
17532	176563	291	311	1550	0	178715
17533	1590	453	175198	589	0	177830
17534	786	502	174759	455	0	176502
17535	693	1710	1257	163195	0	166855
17536	497	172815	619	1276	0	175207
17537	444	178305	470	910	0	180129
17538	173063	1156	423	991	0	175633
17539	1283	612	175583	582	0	178060
17540	154300	274	972	806	0	156352
17541	1161	174791	637	489	0	177078
17542	175189	796	280	668	0	176933
17543	1308	364	237	172428	0	174337
17544	725	610	176667	1205	0	179207
17545	715	222	952	174101	0	175990
17546	632	236	399	174700	0	175967
17547	460	175692	453	1330	0	177935
17548	450	181781	486	741	0	183458
17549	684	1091	272	178872	0	180919
17550	588	183001	489	1395	0	185473
17551	669	1224	179379	535	0	181807
17552	613	685	176394	476	0	178168
17553	156827	349	1221	763	0	159160
17554	178772	284	458	675	0	180189
17555	1421	177952	466	535	0	180374
17556	837	970	297	176434	0	178538
17557	694	430	251	178766	0	180141
17558	617	589	178918	1267	0	181391
17559	654	280	1072	166933	0	168939
17560	504	176891	621	1290	0	179306
17561	558	1217	171178	590	0	173543
17562	633	650	170311	443	0	172037
17563	516	164021	1393	689	0	166619
17564	686	1322	169736	462	0	172206
17565	605	475	1088	165147	0	167315
17566	693	548	508	152727	0	154476
17567	552	614	171445	1362	0	173973
17568	672	497	1009	164698	0	166876
17569	404	165607	668	1312	0	167991
17570	444	172013	504	768	0	173729
17571	511	1341	316	168486	0	170654
17572	607	659	170285	1226	0	172777
17573	379	173158	1231	683	0	175451
17574	642	1404	551	171745	0	174342
17575	362	644	169550	1075	0	171631
17576	151628	261	903	729	0	153521
17577	168775	218	299	628	0	169920
17578	169346	179	260	544	0	170329
17579	1119	208	271	166315	0	167913
17580	468	207	287	168035	0	168997
17581	422	472	172933	1114	0	174941
17582	367	207	931	168289	0	169794
17583	367	316	319	174308	0	175310
17584	249	460	173050	1118	0	174877
17585	136201	213	1025	978	0	138417
17586	837	163035	616	432	0	164920
17587	162783	834	278	553	0	164448
17588	867	161990	419	365	0	163641
17589	426	983	202	162043	0	163654
17590	382	532	162705	973	0	164592
17591	362	432	968	156236	0	157998
17592	303	488	159339	1119	0	161249
17593	123351	280	1135	1027	0	125793
17594	823	434	153402	320	0	154979
17595	407	239	984	145496	0	147126
17596	365	402	154119	1028	0	155914
17597	305	158224	1216	547	0	160292
17598	527	1170	428	164315	0	166440
17599	543	317	315	166764	0	167939
17600	469	214	235	175731	0	176649
17601	420	412	175458	2120	0	178410
17602	377	428	182135	840	0	183780
17603	397	167	2259	180316	0	183139
17604	382	182	704	219023	0	220291
17605	441	176	470	233651	0	234738
17606	238429	203	417	5165	0	244214
17607	4044	253	292	247514	0	252103
17608	1769	665	259098	4459	0	265991
17609	265004	318	4345	2123	0	271790
17610	5091	357	1751	277352	0	284551
17611	286951	214	1211	5635	0	294011
17612	294065	218	649	2702	0	297634
17613	7197	182	574	293558	0	301511
17614	293470	144	714	6009	0	300337
17615	297188	190	581	2851	0	300810
17616	7367	558	293967	1353	0	303245
17617	2857	296297	5710	1056	0	305920
17618	1590	5212	2182	283067	0	292051
17619	1033	2058	989	297865	0	301945
17620	294027	784	637	7630	0	303078
17621	290308	382	615	3551	0	294856
17622	287651	263	669	2164	0	290747
17623	8162	515	270146	1584	0	280407
17624	3230	272539	6041	1409	0	283219
17625	271768	5230	2410	1548	0	280956
17626	5964	274714	1755	1392	0	283825
17627	276198	5857	832	1671	0	284558
17628	6931	2131	726	274462	0	284250
17629	275096	907	663	6660	0	283326
17630	277834	496	685	3402	0	282417
17631	279696	359	653	2356	0	283064
17632	9079	753	274529	1596	0	285957
17633	274840	395	5553	1821	0	282609
17634	7401	276727	2751	1685	0	288564
17635	283555	5527	1227	1782	0	292091
17636	287863	2248	791	1878	0	292780
17637	291082	1041	812	1914	0	294849
17638	10020	705	896	271157	0	282778
17639	4637	281290	1346	6410	0	293683
17640	282874	5779	942	3250	0	292845
17641	8186	2678	281165	2108	0	294137
17642	4412	282284	6351	1889	0	294936
17643	4365	6095	2511	244650	0	257621
17644	3013	278371	1739	5523	0	288646
17645	278728	6648	1042	2864	0	289282
17646	287623	2924	1017	2135	0	293699
17647	10275	1623	901	282157	0	294956
17648	5276	1433	276486	7624	0	290819
17649	3593	277408	6578	4196	0	291775
17650	5277	6805	3646	214181	0	229909
17651	3713	2884	2087	274555	0	283239
17652	3499	1646	1704	289165	0	296014
17653	289175	1244	1498	10005	0	301922
17654	293325	1247	1305	4860	0	300737
17655	295576	1221	1172	3236	0	301205
17656	297932	1336	1073	2754	0	303095
17657	12496	1307	1204	288556	0	303563
17658	6950	1642	291094	8433	0	308119
17659	5415	1232	7012	294144	0	307803
17660	5187	1299	3038	297452	0	306976
17661	5666	1266	1762	298716	0	307410
17662	5767	1354	1424	300888	0	309433
17663	294110	1295	1978	11892	0	309275
17664	11689	1337	2173	293493	0	308692
17665	295523	1200	1975	10061	0	308759
17666	299589	1547	1922	5792	0	308850
17667	14240	1861	288195	4368	0	308664
17668	8934	1756	287925	4346	0	302961
17669	7649	1736	295288	4567	0	309240
17670	8060	1827	9475	284270	0	303632
17671	7538	2035	292809	8816	0	311198
17672	6817	2272	8500	285904	0	303493
17673	6157	2552	4068	292740	0	305517
17674	293663	2198	2354	12084	0	310299
17675	12428	2205	1997	283364	0	299994
17676	9003	295365	2638	9721	0	316727
17677	300817	7482	2336	5832	0	316467
17678	12226	302650	3023	4717	0	322616
17679	8369	9065	305581	4004	0	327019
17680	7067	310190	8130	3851	0	329238
17681	306510	9013	3845	3717	0	323085
17682	13209	4662	2483	302179	0	322533
17683	9113	3704	300431	9133	0	322381
17684	302916	2569	7634	5463	0	318582
17685	13870	2550	3703	302924	0	323047
17686	9925	2711	303505	8702	0	324843
17687	8230	2187	8138	304217	0	322772
17688	7592	2164	4396	306541	0	320693
17689	7669	2747	2734	302376	0	315526
17690	7448	304521	2766	10659	0	325394
17691	310530	7926	2370	5644	0	326470
17692	13598	4217	2218	298397	0	318430
17693	8513	305376	2480	9524	0	325893
17694	7010	8957	1785	305220	0	322972
17695	6897	5520	303045	9407	0	324869
17696	6361	305040	8483	5478	0	325362
17697	300910	8445	4617	4470	0	318442
17698	297898	5124	2670	3844	0	309536
17699	11927	3707	1991	286820	0	304445
17700	7268	3043	1981	289363	0	301655
17701	286240	2491	2180	9934	0	300845
17702	275889	2259	2112	6021	0	286281
17703	10412	277558	3035	4463	0	295468
17704	238159	5161	1774	2757	0	247851
17705	6628	2316	226206	2034	0	237184
17706	3769	1517	222534	2042	0	229862
17707	2167	214515	5136	2125	0	223943
17708	1423	208893	2355	1652	0	214323
17709	187590	3477	3702	1398	0	196167
17710	2801	188731	1129	1108	0	193769
17711	183767	2385	812	1042	0	188006
17712	181611	922	461	982	0	183976
17713	179413	516	447	974	0	181350
17714	3130	493	427	177630	0	181680
17715	178536	393	468	2789	0	182186
17716	2865	624	176946	1193	0	181628
17717	1376	619	179196	916	0	182107
17718	919	179949	2847	1025	0	184740
17719	921	2376	181437	826	0	185560
17720	951	1073	2450	173702	0	178176
17721	825	686	182518	2541	0	186570
17722	838	753	181142	1241	0	183974
17723	884	494	2701	179722	0	183801
17724	182441	426	1129	2780	0	186776
17725	183198	474	658	1510	0	185840
17726	2981	776	189590	815	0	194162
17727	181704	480	2369	1130	0	185683
17728	2732	767	194921	726	0	199146
17729	189426	460	2443	944	0	193273
17730	202668	401	1061	1188	0	205318
17731	3280	413	725	200586	0	205004
17732	1566	497	546	195484	0	198093
17733	985	195166	858	2963	0	199972
17734	881	200688	792	1280	0	203641
17735	1062	2666	580	194590	0	198898
17736	1100	1096	560	197575	0	200331
17737	189829	569	471	2912	0	193781
17738	2356	191354	818	1193	0	195721
17739	189635	2183	482	1028	0	193328
17740	2350	192268	753	736	0	196107
17741	1237	2662	189476	598	0	193973
17742	1032	1080	2190	188598	0	192900
17743	190168	609	983	2518	0	194278
17744	201029	470	533	1308	0	203340
17745	3367	207230	835	812	0	212244
17746	1299	214180	710	641	0	216830
17747	818	218392	749	629	0	220588
17748	1018	4094	589	228314	0	234015
17749	959	1583	231662	3659	0	237863
17750	650	231255	3905	1313	0	237123
17751	1045	3576	1270	228430	0	234321
17752	722	1003	629	233820	0	236174
17753	675	870	231202	4034	0	236781
17754	655	764	229981	1297	0	232697
17755	220036	383	4228	1043	0	225690
17756	3824	649	239056	530	0	244059
17757	233724	387	3769	830	0	238710
17758	235251	386	1171	726	0	237534
17759	235779	421	684	781	0	237665
17760	234078	409	535	783	0	235805
17761	4662	740	227268	581	0	233251
17762	1555	230075	3677	624	0	235931
17763	1239	3513	1076	226803	0	232631
17764	972	1494	230725	3542	0	236733
17765	1044	811	3479	221891	0	227225
17766	921	209053	1753	3807	0	215534
17767	1033	3663	692	234860	0	240248
17768	1062	1257	534	237084	0	239937
17769	1017	799	567	234219	0	236602
17770	231177	638	591	4932	0	237338
17771	4176	669	625	231424	0	236894
17772	1767	696	674	233105	0	236242
17773	1138	712	755	229835	0	232440
17774	732	222636	1252	4760	0	229380
17775	220829	3625	811	1943	0	227208
17776	3790	213735	1067	1278	0	219870
17777	1380	217527	1075	1024	0	221006
17778	1426	4038	929	216581	0	222974
17779	1348	1454	747	218254	0	221803
17780	215382	691	765	4822	0	221660
17781	4462	542	743	219192	0	224939
17782	219992	530	777	4566	0	225865
17783	257675	597	746	1916	0	260934
17784	7151	622	720	255630	0	264123
17785	3123	697	786	251134	0	255740
17786	1388	258867	1066	7278	0	268599
17787	263404	5789	775	3325	0	273293
17788	6141	271685	1046	1990	0	280862
17789	271805	6524	840	1678	0	280847
17790	6975	3111	268530	1354	0	279970
17791	264428	1394	5885	1700	0	273407
17792	280695	939	2364	1783	0	285781
17793	8874	919	1062	272869	0	283724
17794	4949	1171	273402	7258	0	286780
17795	1803	275801	6754	3775	0	288133
17796	1837	7025	2567	281028	0	292457
17797	1617	3308	279749	7750	0	292424
17798	1732	1611	6774	276690	0	286807
17799	270027	962	2841	8177	0	282007
17800	7644	1107	272760	3623	0	285134
17801	3435	267363	7181	2360	0	280339
17802	2053	277287	3127	1754	0	284221
17803	2862	9011	1527	229276	0	242676
17804	1661	273061	1212	5906	0	281840
17805	272341	7354	912	2875	0	283482
17806	274416	3063	860	2136	0	280475
17807	274243	1605	922	1891	0	278661
17808	9722	1651	262854	1606	0	275833
17809	264320	1194	6634	1993	0	274141
17810	8099	1301	2807	264651	0	276858
17811	4000	1269	1320	269379	0	275968
17812	2469	1243	969	271348	0	276029
17813	2174	1142	1580	271373	0	276269
17814	1893	1482	262673	10168	0	276216
17815	1932	1510	263601	4787	0	271830
17816	1938	1368	261127	2879	0	267312
17817	240428	1162	9281	2643	0	253514
17818	7680	251934	4108	2835	0	266557
17819	4002	6924	1882	249178	0	261986
17820	246769	3372	1384	8315	0	259840
17821	7515	251274	1721	4319	0	264829
17822	3831	258680	1829	2749	0	267089
17823	252686	9208	1336	2308	0	265538
17824	255461	3949	1266	2253	0	262929
17825	9949	255363	1796	2339	0	269447
17826	5437	7368	1197	229958	0	243960
17827	3115	248512	1440	7337	0	260404
17828	245675	7447	1218	4024	0	258364
17829	247002	3593	1206	2887	0	254688
17830	242560	2354	1047	2556	0	248517
17831	10262	235205	1583	2797	0	249847
17832	4918	7189	1221	237767	0	251095
17833	3165	3843	235131	8298	0	250437
17834	3067	2038	6927	232825	0	244857
17835	3035	1708	3174	240984	0	248901
17836	2609	2223	232062	9911	0	246805
17837	224868	1707	7008	4920	0	238503
17838	8265	1740	3335	233198	0	246538
17839	4764	1875	1768	228264	0	236671
17840	3147	229731	1744	9490	0	244112
17841	228803	7200	1442	4644	0	242089
17842	8759	3698	1361	220174	0	233992
17843	4533	223888	1810	7852	0	238083
17844	209814	6533	1351	4290	0	221988
17845	7013	208308	1595	2885	0	219801
17846	195959	6189	1280	2324	0	205752
17847	7117	3282	192702	2133	0	205234
17848	3540	1881	175392	1801	0	182614
17849	2274	1356	173841	1580	0	179051
17850	1849	172229	7174	1660	0	182912
17851	2796	5324	4316	147702	0	160138
17852	2002	165822	1616	4454	0	173894
17853	165198	5466	1228	2556	0	174448
17854	5463	3108	166775	1775	0	177121
17855	161978	1759	4894	1613	0	170244
17856	166880	1552	2741	1390	0	172563
17857	7209	1429	1562	161703	0	171903
17858	164872	1291	1076	5188	0	172427
17859	6403	1280	1172	164385	0	173240
17860	3224	1695	162690	5496	0	173105
17861	157005	1583	4787	3120	0	166495
17862	5492	160976	2834	1812	0	171114
17863	3503	4942	1373	161993	0	171811
17864	162636	2599	997	5153	0	171385
17865	6033	1656	1015	162471	0	171175
17866	3536	1594	157253	5702	0	168085
17867	2325	1152	4921	153051	0	161449
17868	1680	157798	2945	5398	0	167821
17869	158497	4899	1373	3105	0	167874
17870	5586	2491	1096	158078	0	167251
17871	159157	1483	1221	5480	0	167341
17872	6216	1102	971	158795	0	167084
17873	3428	926	1106	152792	0	158252
17874	2040	156367	1406	6513	0	166326
17875	153863	4945	1036	3284	0	163128
17876	5502	161258	1156	2306	0	170222
17877	3436	5016	865	142920	0	152237
17878	1727	152296	921	4774	0	159718
17879	149845	4811	789	2801	0	158246
17880	148936	2577	834	1825	0	154172
17881	146798	1584	857	1520	0	150759
17882	6433	139955	1371	1494	0	149253
17883	1200	105013	474	592	0	107279
17884	102429	2378	410	622	0	105839
17885	2144	104676	491	647	0	107958
17886	1329	2893	499	97375	0	102096
17887	844	830	95168	1725	0	98567
17888	85314	458	1363	814	0	87949
17889	89523	290	426	536	0	90775
17890	87851	330	188	440	0	88809
17891	1681	87948	250	390	0	90269
17892	84150	1150	131	436	0	85867
17893	1469	551	88395	276	0	90691
17894	512	86277	991	292	0	88072
17895	462	1523	316	78580	0	80881
17896	169	80049	209	534	0	80961
17897	75748	507	137	276	0	76668
17898	487	78911	153	202	0	79753
17899	232	461	77	78406	0	79176
17900	172	79714	132	438	0	80456
17901	211	500	98	81677	0	82486
17902	211	173	74	80515	0	80973
17903	187	237	80666	513	0	81603
17904	185	144	432	78023	0	78784
17905	78058	137	143	591	0	78929
17906	77906	131	103	305	0	78445
17907	594	149	83	78557	0	79383
17908	307	239	77850	494	0	78890
17909	264	136	442	76612	0	77454
17910	76859	123	161	613	0	77756
17911	79863	119	124	482	0	80588
17912	80789	126	110	351	0	81376
17913	673	85015	199	279	0	86166
17914	85723	460	113	338	0	86634
17915	631	300	84785	173	0	85889
17916	90510	170	572	517	0	91769
17917	705	177	171	95703	0	96756
17918	352	184	148	96900	0	97584
17919	296	172	95	97650	0	98213
17920	95324	142	94	938	0	96498
17921	93434	143	106	483	0	94166
17922	885	143	123	94091	0	95242
17923	419	298	96153	723	0	97593
17924	365	147	573	95003	0	96088
17925	359	135	153	94318	0	94965
17926	281	279	93882	860	0	95302
17927	232	94402	689	456	0	95779
17928	320	621	184	95383	0	96508
17929	97225	229	149	857	0	98460
17930	786	194	83	97695	0	98758
17931	388	184	70	98331	0	98973
17932	98263	154	62	1091	0	99570
17933	818	98034	174	422	0	99448
17934	345	99615	204	367	0	100531
17935	98002	770	104	369	0	99245
17936	854	436	98348	226	0	99864
17937	89428	246	653	460	0	90787
17938	924	346	106475	245	0	107990
17939	342	108180	768	271	0	109561
17940	109357	683	221	390	0	110651
17941	109778	276	125	383	0	110562
17942	110104	173	99	438	0	110814
17943	110517	170	107	464	0	111258
17944	1047	325	110441	186	0	111999
17945	452	185	657	107673	0	108967
17946	109288	136	228	887	0	110539
17947	904	362	115515	326	0	117107
17948	398	325	114885	227	0	115835
17949	248	115379	892	217	0	116736
17950	116766	593	246	341	0	117946
17951	803	221	151	115187	0	116362
17952	117245	104	110	879	0	118338
17953	728	120217	218	332	0	121495
17954	363	780	88	128112	0	129343
17955	296	180	96	129099	0	129671
17956	288	146	88	131971	0	132493
17957	252	328	133809	1323	0	135712
17958	173	135482	1114	542	0	137311
17959	143113	1098	310	509	0	145030
17960	1512	345	164	143697	0	145718
17961	142962	176	135	1688	0	144961
17962	141474	139	126	644	0	142383
17963	1898	108	123	142713	0	144842
17964	736	328	145583	1568	0	148215
17965	513	155	1372	142685	0	144725
17966	269	147453	616	1548	0	149886
17967	351	1341	233	149300	0	151225
17968	338	684	148787	1568	0	151377
17969	143914	221	1404	769	0	146308
17970	1579	149	464	151045	0	153237
17971	148595	116	267	1785	0	150763
17972	1702	386	148279	582	0	150949
17973	137508	134	1445	695	0	139782
17974	1713	365	148693	269	0	151040
17975	137714	164	1478	562	0	139918
17976	1562	144720	686	422	0	147390
17977	582	149707	446	442	0	151177
17978	579	1828	224	148925	0	151556
17979	512	705	214	140886	0	142317
17980	430	295	186	150200	0	151111
17981	150085	161	165	2182	0	152593
17982	1660	165	156	152123	0	154104
17983	686	410	152807	1705	0	155608
17984	140928	187	1399	1239	0	143753
17985	1489	154200	714	655	0	157058
17986	155493	1396	287	670	0	157846
17987	152254	511	235	707	0	153707
17988	2124	540	155699	415	0	158778
17989	1026	239	1569	152465	0	155299
17990	726	194	575	164484	0	165979
17991	525	516	167779	2170	0	170990
17992	434	167174	1932	976	0	170516
17993	164125	1664	674	846	0	167309
17994	165503	591	379	808	0	167281
17995	2454	377	278	168499	0	171608
17996	1082	245	282	170817	0	172426
17997	756	227	282	179218	0	180483
17998	174303	264	302	3129	0	177998
17999	2240	180593	546	1191	0	184570
18000	182082	2132	344	953	0	185511
18001	181004	735	284	834	0	182857
18002	3151	817	192080	601	0	196649
18003	1403	419	2655	184195	0	188672
18004	822	195998	1178	2841	0	200839
18005	875	2759	504	197854	0	201992
18006	894	1001	367	205379	0	207641
18007	764	780	209169	3903	0	214616
18008	211496	358	3207	1833	0	216894
18009	235230	333	1141	1271	0	237975
18010	243095	358	719	1076	0	245248
18011	5613	409	475	240022	0	246519
18012	2171	529	456	228633	0	231789
18013	1081	235955	778	5166	0	242980
18014	848	245779	795	1900	0	249322
18015	239113	5185	491	1396	0	246185
18016	4752	234602	797	1049	0	241200
18017	1858	4808	235817	910	0	243393
18018	1464	1379	4507	236805	0	244155
18019	240404	728	1511	5110	0	247753
18020	5251	876	240088	1765	0	247980
18021	2097	825	239803	1190	0	243915
18022	239654	522	5663	1177	0	247016
18023	243506	565	1788	1173	0	247032
18024	6298	544	867	239765	0	247474
18025	2490	848	240004	5194	0	248536
18026	1671	569	4774	240126	0	247140
18027	1423	1019	235696	5496	0	243634
18028	1518	879	244815	2011	0	249223
18029	1265	245493	5902	2365	0	255025
18030	246818	4650	1989	1444	0	254901
18031	246996	1496	1105	1473	0	251070
18032	6085	245269	1173	1377	0	253904
18033	2815	5038	821	243527	0	252201
18034	2030	1735	805	247808	0	252378
18035	1837	1033	825	251150	0	254845
18036	244907	649	833	6882	0	253271
18037	5286	245045	1259	2809	0	254399
18038	239548	4840	912	1766	0	247066
18039	239991	1756	888	1531	0	244166
18040	6702	1324	233428	1257	0	242711
18041	2687	234031	5284	1183	0	243185
18042	2219	4961	1872	233484	0	242536
18043	1639	2125	236531	5103	0	245398
18044	229003	1095	5114	2470	0	237682
18045	239907	744	1946	1898	0	244495
18046	240287	751	1277	1636	0	243951
18047	236538	702	1107	1546	0	239893
18048	7248	792	952	229561	0	238553
18049	3111	1129	228369	5238	0	237847
18050	2381	755	4948	227169	0	235253
18051	227793	806	1931	5855	0	236385
18052	227434	678	1244	2614	0	231970
18053	6319	223769	1319	1797	0	233204
18054	218646	4309	950	1545	0	225450
18055	5699	1900	218118	1164	0	226881
18056	2622	1261	218632	1073	0	223588
18057	207134	948	5537	1289	0	214908
18058	5330	213716	2341	1154	0	222541
18059	2649	3926	1038	197101	0	204714
18060	1573	207093	975	4145	0	213786
18061	1734	4148	709	207109	0	213700
18062	1637	1507	757	210177	0	214078
18063	1759	1012	692	217153	0	220616
18064	211775	818	713	5616	0	218922
18065	216149	804	776	2157	0	219886
18066	214554	806	795	1378	0	217533
18067	5978	1095	210462	1095	0	218630
18068	204413	741	4419	1274	0	210847
18069	5555	669	1778	215559	0	223561
18070	2881	571	1166	224016	0	228634
18071	2001	981	222290	5693	0	230965
18072	2095	732	4772	234215	0	241814
18073	243253	635	1800	6215	0	251903
18074	6375	994	242742	2287	0	252398
18075	2999	598	5540	242798	0	251935
18076	244505	558	2107	6090	0	253260
18077	244301	618	1417	2530	0	248866
18078	7499	1043	244412	1502	0	254456
18079	3300	1113	249510	1239	0	255162
18080	2402	794	6696	248593	0	258485
18081	253362	772	2391	6275	0	262800
18082	256781	812	1317	2598	0	261508
18083	7767	892	1060	236188	0	245907
18084	3006	252909	1443	5756	0	263114
18085	251385	5388	1060	2493	0	260326
18086	6363	255956	1601	1836	0	265756
18087	3195	5621	1000	254621	0	264437
18088	2373	1977	252305	6037	0	262692
18089	2002	1217	247562	2346	0	253127
18090	2030	1019	250933	1531	0	255513
18091	2232	652	6963	236875	0	246722
18092	2119	619	2446	244288	0	249472
18093	240811	511	1478	7076	0	249876
18094	6126	239679	1625	2916	0	250346
18095	238858	4958	1050	1825	0	246691
18096	7054	1721	1030	222052	0	231857
18097	2614	229188	1402	5254	0	238458
18098	1829	238833	1508	2080	0	244250
18099	2078	5850	959	232486	0	241373
18100	230559	1691	933	5625	0	238808
18101	5692	232897	1334	2334	0	242257
18102	217152	4301	846	1551	0	223850
18103	5276	222904	1114	1364	0	230658
18104	218830	4554	1170	1207	0	225761
18105	5574	1710	216266	986	0	224536
18106	2444	1107	212791	955	0	217297
18107	1545	207992	5301	1003	0	215841
18108	188112	4536	3462	1096	0	197206
18109	3339	180304	1083	762	0	185488
18110	1379	169628	821	689	0	172517
18111	1915	3665	792	169848	0	176220
18112	169372	1008	692	3052	0	174124
18113	2896	172072	698	1266	0	176932
18114	166064	2426	458	793	0	169741
18115	2736	166434	606	779	0	170555
18116	161405	2479	405	699	0	164988
18117	2550	162532	504	814	0	166400
18118	967	165205	526	585	0	167283
18119	2771	3039	414	153679	0	159903
18120	517	162812	495	2143	0	165967
18121	158730	2375	352	999	0	162456
18122	2437	1153	159205	584	0	163379
18123	1191	558	2219	158203	0	162171
18124	696	881	162604	2443	0	166624
18125	740	414	2490	158745	0	162389
18126	781	354	895	163062	0	165092
18127	653	683	154023	2893	0	158252
18128	130305	452	2387	1749	0	134893
18129	2635	150387	1038	939	0	154999
18130	151564	2301	664	818	0	155347
18131	2775	153729	692	780	0	157976
18132	1426	2514	526	152776	0	157242
18133	153259	909	553	2668	0	157389
18134	154184	692	594	1178	0	156648
18135	155773	581	584	933	0	157871
18136	3406	619	458	151825	0	156308
18137	1799	685	460	150656	0	153600
18138	1173	157762	654	2615	0	162204
18139	158473	2469	504	1457	0	162903
18140	160583	1147	537	990	0	163257
18141	160218	828	659	868	0	162573
18142	158063	696	658	821	0	160238
18143	3239	153639	906	797	0	158581
18144	1447	2580	709	154463	0	159199
18145	1105	1394	153657	2468	0	158624
18146	145520	854	2513	1310	0	150197
18147	156562	804	866	1160	0	159392
18148	3351	1025	154669	710	0	159755
18149	1628	1015	156335	657	0	159635
18150	1206	1027	2776	151759	0	156768
18151	1117	926	999	158937	0	161979
18152	986	889	645	161584	0	164104
18153	157947	992	495	3483	0	162917
18154	3029	956	504	159734	0	164223
18155	1427	976	155861	3041	0	161305
18156	1197	855	2588	157048	0	161688
18157	998	1038	160919	3044	0	165999
18158	1039	815	2853	157803	0	162510
18159	1076	806	1043	174123	0	177048
18160	972	1029	175644	3623	0	181268
18161	156293	867	3090	1810	0	162060
18162	3284	177827	1342	1059	0	183512
18163	178607	3503	585	789	0	183484
18164	3987	1527	374	184898	0	190786
18165	182123	1103	418	3838	0	187482
18166	4017	195299	685	1568	0	201569
18167	1676	205895	526	1080	0	209177
18168	1544	6902	350	211795	0	220591
18169	1108	2421	221870	4589	0	229988
18170	1077	1407	215879	1629	0	219992
18171	787	216763	5959	1167	0	224676
18172	193788	4233	2100	745	0	200866
18173	3953	1521	884	193565	0	199923
18174	190763	699	589	4027	0	196078
18175	4004	190954	752	1607	0	197317
18176	1585	196950	719	914	0	200168
18177	1233	5218	378	192594	0	199423
18178	193188	1924	321	4211	0	199644
18179	194366	992	258	1775	0	197391
18180	5323	930	190811	928	0	197992
18181	2219	891	186506	660	0	190276
18182	180236	618	4608	778	0	186240
18183	4013	186570	1969	741	0	193293
18184	184936	3756	960	673	0	190325
18185	4741	1704	630	182313	0	189388
18186	1932	1124	179129	3759	0	185944
18187	167142	656	3883	1813	0	173494
18188	3866	175275	1895	1004	0	182040
18189	1667	180264	1155	708	0	183794
18190	1581	4840	829	175246	0	182496
18191	178705	1928	761	4120	0	185514
18192	4366	1079	721	179366	0	185532
18193	183169	905	680	4483	0	189237
18194	4617	1293	177288	1771	0	184969
18195	176548	989	3369	1373	0	182279
18196	183977	807	1278	1221	0	187283
18197	5746	894	176316	934	0	183890
18198	167790	702	3725	989	0	173206
18199	4890	172090	1978	818	0	179776
18200	2726	3755	1184	163635	0	171300
18201	1878	172734	1147	3367	0	179126
18202	173577	4161	832	1494	0	180064
18203	4672	1827	895	166665	0	174059
18204	2318	168845	1096	3774	0	176033
18205	1799	4040	830	165916	0	172585
18206	1422	169297	848	4341	0	175908
18207	1448	4531	553	170504	0	177036
18208	169770	2058	559	4588	0	176975
18209	4540	1363	545	170304	0	176752
18210	2392	1316	167872	4649	0	176229
18211	162551	1076	3647	2493	0	169767
18212	4663	1047	1524	167962	0	175196
18213	2484	1056	164528	4482	0	172550
18214	2002	995	161466	2342	0	166805
18215	1842	883	168480	1609	0	172814
18216	1828	704	5554	161416	0	169502
18217	1795	745	2545	168754	0	173839
18218	1676	845	1631	168379	0	172531
18219	1707	875	1308	170113	0	174003
18220	167169	891	1238	5933	0	175231
18221	170854	909	1131	3040	0	175934
18222	172022	982	946	2228	0	176178
18223	173973	1144	795	1980	0	177892
18224	6359	1065	668	168714	0	176806
18225	3226	1284	170970	4910	0	180390
18226	169359	1070	3805	2798	0	177032
18227	177875	1078	1698	2059	0	182710
18228	6429	1070	1168	173644	0	182311
18229	3482	1012	1034	178518	0	184046
18230	178248	939	1069	6082	0	186338
18231	5514	833	1209	167831	0	175387
18232	2963	171165	1553	5137	0	180818
18233	174709	4040	1310	2844	0	182903
18234	174377	1839	1279	2387	0	179882
18235	6263	1452	177366	2004	0	187085
18236	3319	1090	4592	175641	0	184642
18237	2460	996	2261	182422	0	188139
18238	178848	1027	1632	6302	0	187809
18239	181694	958	1247	3185	0	187084
18240	7007	892	947	179738	0	188584
18241	3890	1071	178905	5539	0	189405
18242	2900	989	181171	3085	0	188145
18243	2806	722	5335	179814	0	188677
18244	2855	885	2355	184091	0	190186
18245	179241	718	1524	6181	0	187664
18246	5948	175740	1539	3422	0	186649
18247	3284	175924	1631	2373	0	183212
18248	2576	181985	1527	1962	0	188050
18249	2587	5299	1283	177102	0	186271
18250	177045	2163	1099	5358	0	185665
18251	176549	1527	770	2910	0	181756
18252	6284	176992	951	2309	0	186536
18253	177525	4433	703	1987	0	184648
18254	5873	2006	699	175102	0	183680
18255	3137	1539	175659	5132	0	185467
18256	2738	1050	3975	171826	0	179589
18257	2701	952	1629	174347	0	179629
18258	2957	881	1122	172802	0	177762
18259	159520	593	880	5986	0	166979
18260	4572	888	1006	150097	0	156563
18261	2520	150274	1169	4988	0	158951
18262	144468	2968	1358	2840	0	151634
18263	3826	142841	1086	2141	0	149894
18264	1709	134693	841	1559	0	138802
18265	1371	138114	908	1447	0	141840
18266	1201	2501	120708	1090	0	125500
18267	787	115883	2315	983	0	119968
18268	925	1376	98504	650	0	101455
18269	84517	458	1049	533	0	86557
18270	89166	162	270	533	0	90131
18271	937	268	92257	337	0	93799
18272	89200	152	669	595	0	90616
18273	95925	148	206	500	0	96779
18274	959	283	97321	297	0	98860
18275	366	101952	747	351	0	103416
18276	422	752	266	101854	0	103294
18277	104461	221	157	1029	0	105868
18278	920	193	151	102894	0	104158
18279	108672	204	154	1205	0	110235
18280	107539	229	146	535	0	108449
18281	980	359	109127	372	0	110838
18282	104879	191	658	504	0	106232
18283	864	112707	284	383	0	114238
18284	113314	763	144	501	0	114722
18285	998	330	137	114171	0	115636
18286	510	414	115126	925	0	116975
18287	450	219	722	113667	0	115058
18288	113314	193	299	1121	0	114927
18289	852	114397	295	719	0	116263
18290	497	972	114203	474	0	116146
18291	541	285	739	107643	0	109208
18292	496	388	114386	940	0	116210
18293	330	114776	860	543	0	116509
18294	113288	820	330	579	0	115017
18295	996	343	227	113837	0	115403
18296	502	486	114805	942	0	116735
18297	496	468	109994	483	0	111441
18298	112540	333	882	547	0	114302
18299	1073	334	338	116888	0	118633
18300	568	373	267	117722	0	118930
18301	530	482	118399	964	0	120375
18302	549	487	117568	437	0	119041
18303	519	121874	1083	419	0	123895
18304	556	882	390	122034	0	123862
18305	584	376	338	119919	0	121217
18306	530	122425	398	1034	0	124387
18307	579	1021	120853	487	0	122940
18308	111390	373	1002	598	0	113363
18309	1164	287	378	123748	0	125577
18310	580	440	125665	1131	0	127816
18311	594	330	968	118311	0	120203
18312	545	125750	515	1068	0	127878
18313	596	1170	125205	508	0	127479
18314	115600	428	1095	653	0	117776
18315	1294	509	128205	356	0	130364
18316	582	503	125814	360	0	127259
18317	523	434	124086	322	0	125365
18318	560	401	132924	335	0	134220
18319	506	348	1356	129515	0	131725
18320	513	409	140874	1359	0	143155
18321	525	296	1394	132963	0	135178
18322	335	140528	541	1384	0	142788
18323	148736	1246	446	646	0	151074
18324	1897	388	366	150197	0	152848
18325	647	468	148860	1921	0	151896
18326	396	149198	1962	791	0	152347
18327	471	1679	596	148946	0	151692
18328	147897	464	428	2038	0	150827
18329	1649	150770	496	657	0	153572
18330	598	1680	320	151957	0	154555
18331	153646	448	289	1989	0	156372
18332	1838	454	153433	571	0	156296
18333	147905	225	1810	658	0	150598
18334	1931	378	155323	315	0	157947
18335	143648	229	1849	401	0	146127
18336	146984	142	570	451	0	148147
18337	1929	318	146339	276	0	148862
18338	510	144978	1609	262	0	147359
18339	569	1595	621	139287	0	142072
18340	276	564	146913	1484	0	149237
18341	357	347	1530	138369	0	140603
18342	335	208	471	144664	0	145678
18343	248	286	146174	1890	0	148598
18344	298	317	145215	636	0	146466
18345	325	185	1848	144112	0	146470
18346	147895	124	593	1817	0	150429
18347	1562	147186	488	643	0	149879
18348	484	149183	413	474	0	150554
18349	149025	1820	264	501	0	151610
18350	152095	570	274	614	0	153553
18351	2128	312	254	152752	0	155446
18352	777	259	228	154253	0	155517
18353	501	221	264	155944	0	156930
18354	151437	207	259	2224	0	154127
18355	1674	147735	444	872	0	150725
18356	619	152037	433	556	0	153645
18357	572	1879	316	151575	0	154342
18358	480	531	288	154120	0	155419
18359	467	323	301	154708	0	155799
18360	152056	229	320	2367	0	154972
18361	1698	155677	476	1119	0	158970
18362	157859	1772	326	723	0	160680
18363	2165	739	158436	503	0	161843
18364	676	160933	2168	508	0	164285
18365	527	2074	740	159753	0	163094
18366	158624	652	466	2501	0	162243
18367	2354	539	160160	837	0	163890
18368	861	544	161291	565	0	163261
18369	678	296	2746	157865	0	161585
18370	588	306	892	163138	0	164924
18371	551	330	504	161468	0	162853
18372	579	353	374	155787	0	157093
18373	597	359	353	154696	0	156005
18374	441	152365	541	3149	0	156496
18375	544	2123	344	151579	0	154590
18376	147885	709	384	2910	0	151888
18377	2167	150343	514	1272	0	154296
18378	148283	2198	394	1021	0	151896
18379	2499	984	144786	736	0	149005
18380	962	703	147249	725	0	149639
18381	822	437	2748	152327	0	156334
18382	764	551	186192	2885	0	190392
18383	746	350	3845	182142	0	187083
18384	836	418	1530	183494	0	186278
18385	186786	412	888	5158	0	193244
18386	183055	406	635	2285	0	186381
18387	4998	190524	835	1202	0	197559
18388	1960	198175	798	904	0	201837
18389	1143	5206	526	194890	0	201765
18390	196353	1946	534	4833	0	203666
18391	4417	1093	199803	2038	0	207351
18392	1924	617	4399	198170	0	205110
18393	1167	502	1785	201177	0	204631
18394	856	643	198280	6189	0	205968
18395	622	197467	4672	3030	0	205791
18396	963	4344	1749	195871	0	202927
18397	871	1949	199370	5106	0	207296
18398	915	1034	4521	197175	0	203645
18399	187511	571	1920	5578	0	195580
18400	4346	191424	1383	2565	0	199718
18401	1745	196119	1070	1669	0	200603
18402	1337	5636	814	191994	0	199781
18403	187958	2074	792	5330	0	196154
18404	4442	190479	1165	2698	0	198784
18405	192159	4509	931	2145	0	199744
18406	5147	2076	191819	1790	0	200832
18407	2403	1359	197372	1816	0	202950
18408	1983	952	6206	185033	0	194174
18409	1570	967	2357	200842	0	205736
18410	195857	1074	1233	6890	0	205054
18411	6022	1230	778	196124	0	204154
18412	2915	1634	193689	5953	0	204191
18413	1978	1536	4941	189881	0	198336
18414	1736	1288	2155	197670	0	202849
18415	1450	1101	189067	7317	0	198935
18416	176841	908	5378	3884	0	187011
18417	5127	1030	2711	188060	0	196928
18418	180037	774	1717	6403	0	188931
18419	4686	174036	1754	3524	0	184000
18420	170280	4606	1417	2684	0	178987
18421	4732	170551	1349	2320	0	178952
18422	2097	173310	1594	2316	0	179317
18423	2311	5593	1628	159710	0	169242
18424	160531	2498	1376	4947	0	169352
18425	162075	1731	862	2663	0	167331
18426	5352	1695	922	159083	0	167052
18427	159943	1328	886	5009	0	167166
18428	160374	1211	965	3026	0	165576
18429	6208	1277	1008	158110	0	166603
18430	150520	1208	1179	4866	0	157773
18431	4885	154017	1575	2894	0	163371
18432	154348	4153	1556	2309	0	162366
18433	4825	2193	151971	2546	0	161535
18434	155482	1066	4249	2704	0	163501
18435	5291	735	2292	155083	0	163401
18436	2949	678	1680	160701	0	166008
18437	2055	749	1548	161291	0	165643
18438	1998	859	1566	161031	0	165454
18439	1620	1043	1380	156878	0	160921
18440	1649	146772	1697	6928	0	157046
18441	1722	155823	1660	3848	0	163053
18442	153696	4765	1137	2964	0	162562
18443	5164	2753	152329	2265	0	162511
18444	148922	2212	4079	2282	0	157495
18445	5446	2156	152412	2308	0	162322
18446	3386	1777	4281	149167	0	158611
18447	2858	1921	1773	155533	0	162085
18448	149845	1715	1165	6443	0	159168
18449	6050	1631	150658	3396	0	161735
18450	4188	1373	4008	150843	0	160412
18451	3363	1374	155890	5496	0	166123
18452	2928	159245	4570	3623	0	170366
18453	3232	4435	2024	162276	0	171967
18454	162574	2103	1346	6024	0	172047
18455	160159	1458	1244	3800	0	166661
18456	161635	1464	1335	2875	0	167309
18457	6812	160644	1519	2827	0	171802
18458	3670	166229	1745	2862	0	174506
18459	143005	5333	1798	3185	0	153321
18460	5019	162270	1563	3502	0	172354
18461	2659	161986	1356	3865	0	169866
18462	2396	5316	156972	3482	0	168166
18463	1809	155310	4000	3295	0	164414
18464	1803	156383	2213	2745	0	163144
18465	2131	5648	1372	153322	0	162473
18466	2102	3426	154663	4868	0	165059
18467	2332	2170	152847	2792	0	160141
18468	145270	1396	5365	2419	0	154450
18469	5446	1360	153497	2145	0	162448
18470	154101	1052	4793	2382	0	162328
18471	5563	1178	2631	149075	0	158447
18472	3480	155505	1836	5398	0	166219
18473	160958	3965	1449	3485	0	169857
18474	167025	2220	1569	2804	0	173618
18475	6341	1383	1534	165800	0	175058
18476	3980	1149	1516	167873	0	174518
18477	3163	1128	1441	168341	0	174073
18478	163279	1138	1088	6782	0	172287
18479	155794	1121	943	3909	0	161767
18480	162360	1318	849	2585	0	167112
18481	6536	149175	869	2079	0	158659
18482	117094	2039	445	954	0	120532
18483	2516	116448	527	850	0	120341
18484	1379	117074	487	802	0	119742
18485	1520	3664	804	106710	0	112698
18486	838	110648	551	1785	0	113822
18487	105224	1653	444	855	0	108176
18488	1857	803	233	103736	0	106629
18489	100822	457	225	1616	0	103120
18490	1540	98781	302	694	0	101317
18491	659	102442	344	454	0	103899
18492	103328	1512	298	507	0	105645
18493	1570	107074	361	437	0	109442
18494	881	1483	305	107993	0	110662
18495	835	558	308	109385	0	111086
18496	109100	316	235	1985	0	111636
18497	1804	280	189	110098	0	112371
18498	838	442	111858	1704	0	114842
18499	593	369	1494	112342	0	114798
18500	114061	342	538	1905	0	116846
18501	1827	117375	442	739	0	120383
18502	122571	1810	233	664	0	125278
18503	120409	704	276	601	0	121990
18504	124157	463	200	566	0	125386
18505	2560	589	121437	360	0	124946
18506	1025	555	117686	315	0	119581
18507	112862	322	2040	400	0	115624
18508	1775	118613	810	466	0	121664
18509	806	1798	348	119320	0	122272
18510	506	755	238	117737	0	119236
18511	358	115342	345	2203	0	118248
18512	373	119742	311	842	0	121268
18513	464	2190	232	119457	0	122343
18514	473	796	233	121023	0	122525
18515	483	601	117944	2242	0	121270
18516	499	562	114257	914	0	116232
18517	113561	341	2151	653	0	116706
18518	121304	277	739	576	0	122896
18519	2470	373	366	120145	0	123354
18520	1066	532	120046	1978	0	123622
18521	766	356	1765	119141	0	122028
18522	118309	377	658	2226	0	121570
18523	2144	528	119241	950	0	122863
18524	1128	337	1837	120733	0	124035
18525	738	552	122775	1966	0	126031
18526	614	121094	2024	1015	0	124747
18527	686	2063	122002	536	0	125287
18528	734	1075	2001	119273	0	123083
18529	122183	483	810	2024	0	125500
18530	2131	461	425	124148	0	127165
18531	125088	398	348	2268	0	128102
18532	126437	356	348	1017	0	128158
18533	124444	435	301	780	0	125960
18534	2656	594	121390	555	0	125195
18535	121745	377	1821	707	0	124650
18536	2385	357	774	123870	0	127386
18537	1194	368	425	125208	0	127195
18538	805	549	123801	2459	0	127614
18539	800	470	1839	124302	0	127411
18540	125862	340	754	2402	0	129358
18541	2028	127949	585	1177	0	131739
18542	130976	1816	383	897	0	134072
18543	132410	713	344	829	0	134296
18544	133513	415	297	796	0	135021
18545	2790	395	356	131367	0	134908
18546	1226	562	133453	2205	0	137446
18547	872	311	1870	133948	0	137001
18548	750	327	809	137258	0	139144
18549	135831	320	550	2813	0	139514
18550	131231	315	463	1310	0	133319
18551	2786	499	128161	694	0	132140
18552	1351	424	1913	127110	0	130798
18553	739	419	130645	2248	0	134051
18554	130000	266	2348	1179	0	133793
18555	2442	146429	1075	923	0	150869
18556	145918	2203	515	726	0	149362
18557	2687	149791	595	586	0	153659
18558	148546	2486	381	636	0	152049
18559	2795	150314	518	542	0	154169
18560	1349	2569	425	149648	0	153991
18561	899	797	349	155117	0	157162
18562	155027	395	347	3404	0	159173
18563	155756	239	309	1386	0	157690
18564	156158	260	334	875	0	157627
18565	152710	203	305	718	0	153936
18566	154083	235	306	614	0	155238
18567	3662	231	288	148484	0	152665
18568	1428	149815	568	2587	0	154398
18569	1106	2393	269	145224	0	148992
18570	763	147381	491	2757	0	151392
18571	814	2463	301	141772	0	145350
18572	697	145464	497	2661	0	149319
18573	795	2487	290	144090	0	147662
18574	754	886	139424	2766	0	143830
18575	129664	464	2380	1218	0	133726
18576	2697	138942	981	819	0	143439
18577	139613	2321	463	661	0	143058
18578	2966	897	138838	527	0	143228
18579	133963	500	2410	653	0	137526
18580	2990	542	146187	524	0	150243
18581	1375	407	2679	143752	0	148213
18582	858	155543	1038	2824	0	160263
18583	823	2957	158211	993	0	162984
18584	890	938	2989	157798	0	162615
18585	152160	553	1099	3434	0	157246
18586	3534	330	567	160965	0	165396
18587	1583	327	357	163372	0	165639
18588	1215	337	319	165247	0	167118
18589	928	524	160265	4179	0	165896
18590	982	368	2964	154886	0	159200
18591	732	157973	1146	3468	0	163319
18592	893	2941	519	156741	0	161094
18593	931	1022	248	157810	0	160011
18594	154025	594	267	3879	0	158765
18595	3544	433	244	158380	0	162601
18596	1420	560	160064	3511	0	165555
18597	1021	515	159814	1298	0	162648
18598	848	539	159728	966	0	162081
18599	670	158227	4087	809	0	163793
18600	154570	3081	1855	795	0	160301
18601	3170	154830	863	625	0	159488
18602	152414	3115	528	686	0	156743
18603	3533	1097	418	150819	0	155867
18604	1396	731	154353	3142	0	159622
18605	1025	614	152469	1296	0	155404
18606	654	157477	3770	1020	0	162921
18607	881	3141	1343	155147	0	160512
18608	807	1166	676	158731	0	161380
18609	692	738	493	160865	0	162788
18610	580	701	157753	4406	0	163440
18611	142579	540	3200	2063	0	148382
18612	3497	641	158827	1235	0	164200
18613	1668	435	3438	154275	0	159816
18614	1181	376	1220	161672	0	164449
18615	815	609	158156	4399	0	163979
18616	145298	379	3528	2145	0	151350
18617	3321	158359	1619	1393	0	164692
18618	158790	3264	921	1020	0	163995
18619	3748	1284	690	152704	0	158426
18620	1456	158381	782	3571	0	164190
18621	1127	3302	623	160129	0	165181
18622	159385	1307	655	4073	0	165420
18623	3659	783	628	159391	0	164461
18624	1585	810	156648	4002	0	163045
18625	151986	634	3438	1976	0	158034
18626	157599	608	1389	1465	0	161061
18627	4374	762	155016	1156	0	161308
18628	1996	601	3417	154036	0	160050
18629	158461	513	1421	4142	0	164537
18630	3818	525	1022	156451	0	161816
18631	1869	491	848	156398	0	159606
18632	1352	544	852	156558	0	159306
18633	1106	472	812	157452	0	159842
18634	876	710	153301	5003	0	159890
18635	1090	540	3539	152848	0	158017
18636	890	764	153138	4361	0	159153
18637	148066	582	3885	2163	0	154696
18638	154209	580	1633	1726	0	158148
18639	153549	557	1136	1479	0	156721
18640	153342	582	909	1446	0	156279
18641	4956	570	917	148201	0	154644
18642	146229	503	905	4185	0	151822
18643	4035	606	145157	2055	0	151853
18644	1863	599	144806	1544	0	148812
18645	135922	437	4185	1419	0	141963
18646	3516	139022	2102	1377	0	146017
18647	1529	141374	1355	1294	0	145552
18648	1347	3526	1044	138301	0	144218
18649	1084	1443	139098	3730	0	145355
18650	127837	765	3431	2243	0	134276
18651	3479	594	140061	1587	0	145721
18652	1546	133516	3390	1673	0	140125
18653	1288	2658	131927	1335	0	137208
18654	881	124292	3123	1211	0	129507
18655	111344	2654	2024	1156	0	117178
18656	2399	111349	1050	1123	0	115921
18657	1194	108456	741	1136	0	111527
18658	1189	2419	588	107703	0	111899
18659	896	1077	107042	2460	0	111475
18660	915	555	2233	101816	0	105519
18661	862	395	1135	105536	0	107928
18662	826	477	103480	2913	0	107696
18663	930	381	2334	97956	0	101601
18664	826	100545	1295	2311	0	104977
18665	927	1987	784	103632	0	107330
18666	103663	860	668	2545	0	107736
18667	2492	533	658	104459	0	108142
18668	1249	564	104291	2628	0	108732
18669	989	456	2281	104848	0	108574
18670	800	556	105011	2626	0	108993
18671	101862	493	2450	1410	0	106215
18672	2388	484	1165	105820	0	109857
18673	105743	475	876	2567	0	109661
18674	2510	571	106911	1301	0	111293
18675	96781	450	2297	1103	0	100631
18676	2401	108236	1307	880	0	112824
18677	1282	2189	109558	882	0	113911
18678	1026	1485	2403	106669	0	111583
18679	865	726	111476	2421	0	115488
18680	640	104413	2406	1296	0	108755
18681	646	106963	1229	910	0	109748
18682	94221	1814	564	683	0	97282
18683	1566	98860	572	625	0	101623
18684	99275	1611	489	641	0	102016
18685	1920	654	464	100915	0	103953
18686	821	484	100545	1814	0	103664
18687	548	102973	1841	844	0	106206
18688	616	1790	744	102783	0	105933
18689	575	757	497	106938	0	108767
18690	565	496	340	108772	0	110173
18691	594	331	398	104940	0	106263
18692	446	103344	532	2333	0	106655
18693	379	107381	574	1052	0	109386
18694	101013	1878	467	648	0	104006
18695	1549	101161	560	549	0	103819
18696	609	1577	354	97612	0	100152
18697	492	651	97709	1624	0	100476
18698	336	97518	1616	749	0	100219
18699	439	1538	519	95695	0	98191
18700	451	811	382	93304	0	94948
18701	245	96781	386	1719	0	99131
18702	93590	1420	349	796	0	96155
18703	1455	652	95274	467	0	97848
18704	85191	472	1285	421	0	87369
18705	1350	93091	537	402	0	95380
18706	87021	1299	265	376	0	88961
18707	1259	91646	267	259	0	93431
18708	591	1527	199	96656	0	98973
18709	415	538	234	98871	0	100058
18710	96462	448	189	1985	0	99084
18711	1529	392	191	97972	0	100084
18712	620	490	97624	1729	0	100463
18713	324	95055	1447	770	0	97596
18714	256	97000	585	509	0	98350
18715	344	1776	303	95853	0	98276
18716	323	813	96992	1516	0	99644
18717	314	510	1321	94550	0	96695
18718	290	356	469	97314	0	98429
18719	242	481	95638	1897	0	98258
18720	264	433	93680	925	0	95302
18721	199	95514	1702	620	0	98035
18722	95661	1529	571	559	0	98320
18723	1472	757	268	91981	0	94478
18724	539	92912	336	1474	0	95261
18725	95824	1571	245	836	0	98476
18726	1476	728	256	96011	0	98471
18727	622	482	232	95764	0	97100
18728	337	94984	332	1952	0	97605
18729	372	1564	241	94168	0	96345
18730	94469	703	234	1912	0	97318
18731	1571	547	257	95343	0	97718
18732	723	442	260	96621	0	98046
18733	448	595	94238	1978	0	97259
18734	433	581	89795	931	0	91740
18735	91513	476	1722	802	0	94513
18736	1576	455	630	93624	0	96285
18737	707	517	386	94397	0	96007
18738	534	488	315	95425	0	96762
18739	452	563	93228	2235	0	96478
18740	90541	466	1539	1138	0	93684
18741	1566	489	689	92899	0	95643
18742	795	498	464	94152	0	95909
18743	91583	519	417	2241	0	94760
18744	1516	91809	482	1362	0	95169
18745	709	1748	91546	968	0	94971
18746	632	784	1543	87627	0	90586
18747	481	90547	810	1987	0	93825
18748	554	1619	516	91905	0	94594
18749	90302	792	446	2130	0	93670
18750	1700	662	378	90330	0	93070
18751	88569	569	398	2252	0	91788
18752	88007	515	435	1327	0	90284
18753	1999	560	408	84338	0	87305
18754	851	84406	494	2182	0	87933
18755	540	87567	527	1392	0	90026
18756	576	1947	86214	1059	0	89796
18757	557	914	1700	80867	0	84038
18758	590	591	752	86654	0	88587
18759	585	530	497	88411	0	90023
18760	86190	485	421	2624	0	89720
18761	1853	542	368	87017	0	89780
18762	956	507	86789	2379	0	90631
18763	85363	403	1598	1581	0	88945
18764	1903	448	733	90702	0	93786
18765	979	470	506	92806	0	94761
18766	689	566	90613	2623	0	94491
18767	85487	469	1635	1620	0	89211
18768	1846	510	752	91802	0	94910
18769	906	573	93204	2398	0	97081
18770	806	414	1732	92020	0	94972
18771	894	441	920	82020	0	84275
18772	673	93052	743	2366	0	96834
18773	91955	1545	517	1604	0	95621
18774	90238	679	541	1356	0	92814
18775	1985	90231	625	1199	0	94040
18776	87473	1502	503	1159	0	90637
18777	85874	654	428	1141	0	88097
18778	2081	433	386	85509	0	88409
18779	956	465	81746	2106	0	85273
18780	745	472	79078	1170	0	81465
18781	592	435	79064	964	0	81055
18782	488	401	81459	985	0	83333
18783	565	843	1891	75392	0	78691
18784	479	326	792	80131	0	81728
18785	514	245	374	79215	0	80348
18786	596	214	295	81037	0	82142
18787	79401	216	319	2205	0	82141
18788	1605	80765	453	1198	0	84021
18789	82920	1163	391	844	0	85318
18790	1615	552	83960	703	0	86830
18791	805	388	87671	616	0	89480
18792	571	540	1782	88836	0	91729
18793	90161	163	949	1986	0	93259
18794	80359	192	488	1118	0	82157
18795	1865	89098	426	774	0	92163
18796	751	91330	351	654	0	93086
18797	520	1655	261	90895	0	93331
18798	90643	593	307	1709	0	93252
18799	1416	91928	375	862	0	94581
18800	92766	1303	259	656	0	94984
18801	92562	596	275	688	0	94121
18802	92993	303	249	612	0	94157
18803	1902	343	93541	500	0	96286
18804	874	94384	1345	508	0	97111
18805	93001	1119	555	614	0	95289
18806	92115	544	346	553	0	93558
18807	1711	89102	352	455	0	91620
18808	496	84496	209	234	0	85435
18809	84096	1110	188	280	0	85674
18810	1099	447	126	84178	0	85850
18811	567	350	84546	940	0	86403
18812	80185	180	904	487	0	81756
18813	1102	185	344	84460	0	86091
18814	500	88294	273	927	0	89994
18815	406	1017	130	89596	0	91149
18816	357	590	90015	1055	0	92017
18817	390	249	934	88934	0	90507
18818	93279	194	424	1285	0	95182
18819	1167	192	203	94223	0	95785
18820	633	200	146	95351	0	96330
18821	412	373	98746	1402	0	100933
18822	443	197	1032	93338	0	95010
18823	314	98682	532	1059	0	100587
18824	98883	1034	230	597	0	100744
18825	95428	484	169	444	0	96525
18826	1477	416	98397	324	0	100614
18827	761	246	1037	93419	0	95463
18828	359	96457	536	1110	0	98462
18829	329	99376	347	513	0	100565
18830	97700	1296	222	464	0	99682
18831	1288	543	154	98933	0	100918
18832	606	427	98959	1165	0	101157
18833	431	423	98069	573	0	99496
18834	394	258	1316	98754	0	100722
18835	98642	200	529	1301	0	100672
18836	98710	210	281	713	0	99914
18837	1567	218	262	102066	0	104113
18838	694	335	104026	1330	0	106385
18839	375	104352	1203	743	0	106673
18840	103989	1093	533	567	0	106182
18841	1191	106051	424	497	0	108163
18842	106007	1167	246	530	0	107950
18843	1396	538	208	106142	0	108284
18844	725	467	106360	1238	0	108790
18845	546	307	1164	104250	0	106267
18846	105009	243	521	1506	0	107279
18847	1358	391	106173	687	0	108609
18848	662	106709	1246	541	0	109158
18849	586	1157	566	106849	0	109158
18850	107389	539	332	1415	0	109675
18851	1373	467	108092	660	0	110592
18852	808	308	1221	107657	0	109994
18853	627	281	575	110834	0	112317
18854	523	456	110579	1620	0	113178
18855	574	264	1289	108178	0	110305
18856	513	448	110488	1462	0	112911
18857	104930	332	1306	890	0	107458
18858	1523	334	628	115500	0	117985
18859	886	504	122669	1493	0	125552
18860	533	125078	1641	935	0	128187
18861	128556	1528	629	756	0	131469
18862	139656	697	417	697	0	141467
18863	2633	535	395	149138	0	152701
18864	995	157686	540	2601	0	161822
18865	158326	2877	353	1045	0	162601
18866	3262	872	341	158005	0	162480
18867	1194	746	158516	2946	0	163402
18868	149952	424	2918	1236	0	154530
18869	3149	155364	1025	659	0	160197
18870	1334	2856	556	155557	0	160303
18871	156720	843	397	3194	0	161154
18872	3140	695	155114	1031	0	159980
18873	1236	585	157576	652	0	160049
18874	876	383	3485	148924	0	153668
18875	657	530	158790	3029	0	163006
18876	818	363	3261	148566	0	153008
18877	494	155953	1324	3096	0	160867
18878	588	2933	710	160431	0	164662
18879	157886	821	528	3535	0	162770
18880	3179	643	159231	1268	0	164321
18881	1040	159065	3308	1099	0	164512
18882	902	2964	958	156052	0	160876
18883	669	1093	159801	3214	0	164777
18884	687	989	2934	146900	0	151510
18885	494	154290	1280	2983	0	159047
18886	444	158907	824	1110	0	161285
18887	149684	3015	457	845	0	154001
18888	2564	153894	672	694	0	157824
18889	779	2760	146749	533	0	150821
18890	131803	859	2807	624	0	136093
18891	2649	649	144989	332	0	148619
18892	893	417	2525	133155	0	136990
18893	555	515	143813	2425	0	147308
18894	378	142812	2687	823	0	146700
18895	562	2285	749	142237	0	145833
18896	599	600	483	142810	0	144492
18897	538	386	376	141349	0	142649
18898	486	573	140931	2942	0	144932
18899	514	341	2449	136811	0	140115
18900	433	362	702	142125	0	143622
18901	137702	287	547	3161	0	141697
18902	137615	291	470	1348	0	139724
18903	2883	484	137739	735	0	141841
18904	906	135582	2646	731	0	139865
18905	716	2543	137376	495	0	141130
18906	618	725	2627	136739	0	140709
18907	569	698	139859	2542	0	143668
18908	650	335	2769	136428	0	140182
18909	536	350	986	141510	0	143382
18910	390	521	139745	3118	0	143774
18911	123448	336	2744	1407	0	127935
18912	2391	140049	1117	885	0	144442
18913	936	2461	612	139299	0	143308
18914	570	909	141825	2636	0	145940
18915	519	725	139261	950	0	141455
18916	130783	410	2917	928	0	135038
18917	2381	139544	1206	731	0	143862
18918	804	2357	643	138178	0	141982
18919	140324	692	588	2827	0	144431
18920	2698	471	486	140248	0	143903
18921	1061	472	466	142013	0	144012
18922	619	751	140986	3132	0	145488
18923	132100	439	2668	1401	0	136608
18924	142681	395	976	941	0	144993
18925	3222	355	742	142045	0	146364
18926	142331	345	631	2942	0	146249
18927	2957	361	617	140788	0	144723
18928	971	138755	831	3038	0	143595
18929	721	144935	798	1325	0	147779
18930	794	3022	504	144972	0	149292
18931	142091	939	519	3233	0	146782
18932	2744	590	505	143492	0	147331
18933	144789	433	501	3432	0	149155
18934	146474	435	559	1433	0	148901
18935	3453	339	598	144947	0	149337
18936	1438	369	554	148970	0	151331
18937	856	624	143451	3618	0	148549
18938	832	626	146542	1362	0	149362
18939	757	479	3449	145402	0	150087
18940	532	594	152565	3331	0	157022
18941	148418	352	3542	1436	0	153748
18942	3152	340	1259	158637	0	163388
18943	1027	603	165016	3619	0	170265
18944	161243	314	3767	1663	0	166987
18945	174369	360	1290	1300	0	177319
18946	4596	179670	1117	951	0	186334
18947	2058	3834	602	183143	0	189637
18948	1105	1493	189553	4331	0	196482
18949	187316	739	4088	1830	0	193973
18950	196646	455	1480	1318	0	199899
18951	5082	714	195351	949	0	202096
18952	195838	342	4180	1101	0	201461
18953	4838	387	1432	195080	0	201737
18954	1979	379	810	199877	0	203045
18955	196921	347	658	5369	0	203295
18956	198349	313	676	2217	0	201555
18957	5601	910	703	194371	0	201585
18958	2261	549	193248	4379	0	200437
18959	1202	184401	4074	2165	0	191842
18960	1204	3603	185082	1185	0	191074
18961	1241	1299	184003	989	0	187532
18962	805	172259	4890	980	0	178934
18963	1357	2589	2165	149121	0	155232
18964	717	784	947	152672	0	155120
18965	607	650	150907	2972	0	155136
18966	738	269	2443	148187	0	151637
18967	150531	206	1053	3006	0	154796
18968	2685	474	152622	1172	0	156953
18969	150792	222	2579	1037	0	154630
18970	155666	215	1272	787	0	157940
18971	156930	197	806	793	0	158726
18972	3996	495	153556	566	0	158613
18973	1930	601	154395	603	0	157529
18974	1323	303	3191	151371	0	156188
18975	1288	334	1448	144897	0	147967
18976	944	154069	1066	3088	0	159167
18977	153604	2276	760	1603	0	158243
18978	152489	831	792	1120	0	155232
18979	3491	152971	923	901	0	158286
18980	152319	2366	611	1075	0	156371
18981	3024	151379	878	1011	0	156292
18982	152525	2618	689	1018	0	156850
18983	3295	978	631	146669	0	151573
18984	1531	820	150105	2831	0	155287
18985	1107	743	149754	1303	0	152907
18986	1060	540	3375	146922	0	151897
18987	1066	376	1632	149977	0	153051
18988	952	583	148315	3318	0	153168
18989	997	472	2970	144065	0	148504
18990	1067	434	1439	148158	0	151098
18991	146123	313	1096	3729	0	151261
18992	147579	297	945	1924	0	150745
18993	144733	320	871	1366	0	147290
18994	3953	491	141706	992	0	147142
18995	1982	141779	3078	951	0	147790
18996	1670	2456	1382	141172	0	146680
18997	1466	1172	145399	2697	0	150734
18998	1221	146116	3115	1345	0	151797
18999	147470	2558	1368	1131	0	152527
19000	3344	1056	1008	147439	0	152847
19001	1960	706	866	150048	0	153580
19002	148423	575	800	3692	0	153490
19003	3306	590	836	148387	0	153119
19004	2000	580	771	149908	0	153259
19005	147980	550	775	3895	0	153200
19006	3371	801	146719	1876	0	152767
19007	1714	145211	3143	1479	0	151547
19008	144586	2604	1404	1314	0	149908
19009	3281	1338	147575	1182	0	153376
19010	141868	717	2972	1427	0	146984
19011	3310	149665	1951	1251	0	156177
19012	147766	2524	1257	1288	0	152835
19013	148407	995	989	1394	0	151785
19014	144984	688	1010	1350	0	148032
19015	4297	617	981	141342	0	147237
19016	2302	845	871	140841	0	144859
19017	1564	139194	1149	4124	0	146031
19018	1413	141368	1205	1865	0	145851
19019	1470	142516	970	1351	0	146307
19020	139453	2926	783	1404	0	144566
19021	3229	1451	137721	1137	0	143538
19022	1935	842	2631	136112	0	141520
19023	1479	659	1202	136244	0	139584
19024	1093	137250	1155	3515	0	143013
19025	1380	2618	758	137393	0	142149
19026	1347	1195	802	135874	0	139218
19027	1132	138126	920	3480	0	143658
19028	134830	2557	837	1910	0	140134
19029	2866	138322	980	1465	0	143633
19030	1682	2824	135702	1144	0	141352
19031	132387	1144	2524	1365	0	137420
19032	3029	138288	1379	1172	0	143868
19033	135282	2334	875	1153	0	139644
19034	3288	1070	719	134994	0	140071
19035	1963	772	734	136273	0	139742
19036	1577	890	133890	2926	0	139283
19037	1514	906	134298	1328	0	138046
19038	1454	1064	2600	131123	0	136241
19039	130842	573	1171	2507	0	135093
19040	126785	481	738	1229	0	129233
19041	2969	131608	746	1075	0	136398
19042	1263	127630	653	732	0	130278
19043	852	123569	516	541	0	125478
19044	2531	3699	1146	115738	0	123114
19045	115801	726	1723	1964	0	120214
19046	115927	279	153	790	0	117149
19047	114346	194	151	556	0	115247
19048	2170	381	111014	317	0	113882
19049	719	130332	1706	397	0	133154
19050	545	2019	513	143332	0	146409
19051	144775	555	285	2657	0	148272
19052	2797	317	204	146130	0	149448
19053	927	251	193	151840	0	153211
19054	150879	237	241	3416	0	154773
19055	158943	249	192	1061	0	160445
19056	3786	386	159237	508	0	163917
19057	1285	217	3037	158361	0	162900
19058	680	402	157736	3272	0	162090
19059	601	228	3169	156904	0	160902
19060	530	437	156592	3427	0	160986
19061	537	396	3181	154946	0	159060
19062	150267	188	877	3564	0	154896
19063	3001	153173	616	1191	0	157981
19064	947	159517	423	637	0	161524
19065	1125	3931	282	133660	0	138998
19066	351	159332	452	2573	0	162708
19067	158579	3322	260	942	0	163103
19068	155409	994	219	637	0	157259
19069	3937	583	153602	455	0	158577
19070	1142	153551	3218	578	0	158489
19071	767	3052	847	153188	0	157854
19072	553	1087	154205	3148	0	158993
19073	150927	417	3122	1147	0	155613
19074	3510	425	915	153167	0	158017
19075	1146	515	153885	3256	0	158802
19076	787	285	3098	153543	0	157713
19077	153562	253	1020	3537	0	158372
19078	3398	407	152931	1174	0	157910
19079	150942	276	3193	769	0	155180
19080	155574	312	1021	623	0	157530
19081	4227	377	484	151296	0	156384
19082	1412	550	152268	3341	0	157571
19083	893	562	151440	1207	0	154102
19084	146953	318	3802	908	0	151981
19085	152407	273	1218	802	0	154700
19086	4304	546	149909	686	0	155445
19087	1877	350	3311	147440	0	152978
19088	1168	348	1198	142618	0	145332
19089	765	149800	912	3944	0	155421
19090	1012	3145	536	149524	0	154217
19091	149828	959	559	3875	0	155221
19092	3839	472	570	150499	0	155380
19093	1519	554	148799	3948	0	154820
19094	142772	352	3583	1676	0	148383
19095	3926	455	1265	146305	0	151951
19096	1637	754	146836	3750	0	152977
19097	942	144458	3754	1798	0	150952
19098	138970	3284	1327	1371	0	144952
19099	3614	144407	1090	1335	0	150446
19100	142952	3431	711	1195	0	148289
19101	4197	1332	142058	1188	0	148775
19102	1845	138042	3686	1237	0	144810
19103	1283	144169	1515	1104	0	148071
19104	1415	4012	1144	138725	0	145296
19105	1503	1296	964	142491	0	146254
19106	1198	898	140279	4660	0	147035
19107	1319	593	3717	140462	0	146091
19108	138948	556	1696	4339	0	145539
19109	3960	783	137322	1975	0	144040
19110	2130	681	3843	136157	0	142811
19111	1375	910	135586	4182	0	142053
19112	129543	804	4090	2196	0	136633
19113	3901	135490	1887	1741	0	143019
19114	136318	3520	1166	1788	0	142792
19115	139401	1370	1135	1597	0	143503
19116	140357	910	1043	1524	0	143834
19117	5361	989	134458	1323	0	142131
19118	2455	134583	4161	1272	0	142471
19119	1825	3690	1855	133500	0	140870
19120	1652	1469	1398	141276	0	145795
19121	142902	845	1309	5131	0	150187
19122	4886	758	1382	143534	0	150560
19123	144497	665	1426	4986	0	151574
19124	146105	679	1420	2458	0	150662
19125	147099	717	1252	1871	0	150939
19126	147341	779	1395	1577	0	151092
19127	5925	817	1165	142049	0	149956
19128	142343	737	1203	4786	0	149069
19129	5162	962	138516	2194	0	146834
19130	138010	770	4371	1713	0	144864
19131	142315	669	1942	1409	0	146335
19132	6010	981	135978	1663	0	144632
19133	137781	787	4430	1359	0	144357
19134	142629	729	2006	1347	0	146711
19135	5842	706	1431	137974	0	145953
19136	2827	706	1323	140645	0	145501
19137	136406	1032	1223	5352	0	144013
19138	5137	587	1221	135835	0	142780
19139	2777	599	1340	132816	0	137532
19140	1933	128396	1400	5274	0	137003
19141	1923	2957	1049	124675	0	130604
19142	122171	872	1045	4205	0	128293
19143	4590	673	895	120975	0	127133
19144	2158	464	979	116623	0	120224
19145	1576	112605	1252	4277	0	119710
19146	1837	2780	922	108005	0	113544
19147	2054	945	893	107957	0	111849
19148	102926	597	848	3615	0	107986
19149	3235	741	485	78321	0	82782
19150	1050	301	66669	1920	0	69940
19151	619	62180	1623	910	0	65332
19152	454	61498	660	520	0	63132
19153	57708	1529	391	413	0	60041
19154	1443	58678	331	401	0	60853
19155	50701	904	543	374	0	52522
19156	1078	50635	217	236	0	52166
19157	51522	949	160	317	0	52948
19158	1204	251	68	51714	0	53237
19159	468	174	73	52052	0	52767
19160	312	52346	113	1233	0	54004
19161	354	1039	58	53374	0	54825
19162	290	362	54386	1138	0	56176
19163	50628	179	927	511	0	52245
19164	1041	57757	323	340	0	59461
19165	56618	1005	136	258	0	58017
19166	57000	320	88	267	0	57675
19167	57547	169	82	259	0	58057
19168	1528	102	76	56040	0	57746
19169	607	121	74	55512	0	56314
19170	319	57067	132	1386	0	58904
19171	56879	1074	72	566	0	58591
19172	1185	57557	113	370	0	59225
19173	57832	1142	75	273	0	59322
19174	1389	433	58987	224	0	61033
19175	61212	197	1148	295	0	62852
19176	1663	134	330	62316	0	64443
19177	630	202	62602	1483	0	64917
19178	415	237	63123	545	0	64320
19179	386	148	1637	62718	0	64889
19180	330	190	63612	1528	0	65660
19181	410	123	1470	62799	0	64802
19182	60457	126	486	1624	0	62693
19183	1632	133	225	62019	0	64009
19184	662	196	61511	1601	0	63970
19185	407	60377	1400	626	0	62810
19186	335	62483	521	406	0	63745
19187	418	1643	316	60875	0	63252
19188	61901	529	161	1568	0	64159
19189	1535	266	90	62790	0	64681
19190	720	176	129	64014	0	65039
19191	490	181	124	64509	0	65304
19192	414	173	120	64983	0	65690
19193	349	238	63510	1922	0	66019
19194	368	236	62301	768	0	63673
19195	61317	179	1634	577	0	63707
19196	64294	149	569	489	0	65501
19197	1881	165	286	63663	0	65995
19198	795	195	202	64905	0	66097
19199	486	211	63805	1878	0	66380
19200	366	63844	1441	901	0	66552
19201	63840	1351	498	548	0	66237
19202	65022	501	284	464	0	66271
19203	1898	314	182	64389	0	66783
19204	779	356	64941	1596	0	67672
19205	564	248	1353	61255	0	63420
19206	372	64619	560	1536	0	67087
19207	435	1496	64517	685	0	67133
19208	63005	502	1424	542	0	65473
19209	1635	331	511	65629	0	68106
19210	66529	206	326	1734	0	68795
19211	1609	349	64908	797	0	67663
19212	64319	228	1434	584	0	66565
19213	1706	227	612	65303	0	67848
19214	64786	236	376	1677	0	67075
19215	1751	234	305	63063	0	65353
19216	740	62270	311	1651	0	64972
19217	505	64315	365	743	0	65928
19218	633	1836	259	62359	0	65087
19219	435	627	61723	1414	0	64199
19220	323	60736	1302	686	0	63047
19221	609	1065	522	57119	0	59315
19222	56058	371	359	1261	0	58049
19223	56086	210	212	643	0	57151
19224	1362	170	215	55830	0	57577
19225	669	163	210	55250	0	56292
19226	376	54033	260	1354	0	56023
19227	291	56107	285	652	0	57335
19228	55210	1187	206	543	0	57146
19229	1108	455	210	55129	0	56902
19230	598	255	246	55865	0	56964
19231	363	233	54846	1516	0	56958
19232	380	176	1046	54022	0	55624
19233	362	154	504	54325	0	55345
19234	359	175	298	55005	0	55837
19235	343	245	54559	1565	0	56712
19236	382	171	1041	54524	0	56118
19237	54138	172	548	1415	0	56273
19238	1126	239	53400	713	0	55478
19239	55784	207	1140	743	0	57874
19240	1245	174	528	57620	0	59567
19241	641	142	318	59563	0	60664
19242	487	124	252	61102	0	61965
19243	314	196	59324	1686	0	61520
19244	54054	134	1164	952	0	56304
19245	1178	60972	650	590	0	63390
19246	61178	1074	325	540	0	63117
19247	1226	62435	361	476	0	64498
19248	653	1146	239	62579	0	64617
19249	62887	417	242	1467	0	65013
19250	1250	325	61843	752	0	64170
19251	59050	177	1106	599	0	60932
19252	1287	253	63610	480	0	65630
19253	657	273	1169	62051	0	64150
19254	432	253	62450	1279	0	64414
19255	318	61183	1193	1189	0	63883
19256	529	999	566	59863	0	61957
19257	59024	427	320	1293	0	61064
19258	1074	195	187	57791	0	59247
19259	464	58185	279	1116	0	60044
19260	375	865	192	58439	0	59871
19261	57370	367	191	1123	0	59051
19262	55703	177	161	641	0	56682
19263	1244	55597	276	407	0	57524
19264	414	52848	187	265	0	53714
19265	298	938	170	52103	0	53509
19266	231	339	188	52850	0	53608
19267	51946	165	106	1064	0	53281
19268	50998	113	120	524	0	51755
19269	940	51978	195	303	0	53416
19270	423	815	97	50206	0	51541
19271	292	353	117	50992	0	51754
19272	257	249	50487	940	0	51933
19273	190	49831	718	521	0	51260
19274	186	48720	297	282	0	49485
19275	213	667	125	46678	0	47683
19276	173	250	46713	573	0	47709
19277	138	202	46837	226	0	47403
19278	147	99	612	46894	0	47752
19279	169	123	253	48040	0	48585
19280	124	154	48110	664	0	49052
19281	145	82	548	48314	0	49089
19282	126	148	49668	655	0	50597
19283	50568	105	626	366	0	51665
19284	777	88	240	52145	0	53250
19285	340	158	53526	793	0	54817
19286	214	138	54130	379	0	54861
19287	170	141	1027	57075	0	58413
19288	171	164	62591	1096	0	64022
19289	203	175	64879	445	0	65702
19290	134	62191	1435	355	0	64115
19291	64246	1107	445	256	0	66054
19292	1189	434	66506	185	0	68314
19293	455	216	1173	63975	0	65819
19294	281	130	440	67338	0	68189
19295	178	103	204	68973	0	69458
19296	144	195	67173	1650	0	69162
19297	157	132	1202	65817	0	67308
19298	66163	99	426	1492	0	68180
19299	1247	109	240	66164	0	67760
19300	488	166	66162	1388	0	68204
19301	265	143	1229	65490	0	67127
19302	66343	97	478	1538	0	68456
19303	67657	86	288	685	0	68716
19304	66838	100	230	438	0	67606
19305	1663	84	220	66202	0	68169
19306	66480	79	207	1451	0	68217
19307	66657	71	219	641	0	67588
19308	66206	80	245	442	0	66973
19309	1615	64538	301	311	0	66765
19310	65117	1135	242	350	0	66844
19311	1452	376	251	64950	0	67029
19312	548	286	64584	1378	0	66796
19313	313	64531	1387	624	0	66855
19314	64403	1188	558	497	0	66646
19315	1381	418	366	64225	0	66390
19316	605	240	283	61460	0	62588
19317	323	63451	358	1653	0	65785
19318	208	66247	348	709	0	67512
19319	62483	1422	287	546	0	64738
19320	1248	63494	362	405	0	65509
19321	61403	1259	224	377	0	63263
19322	1311	61868	341	383	0	63903
19323	60529	1251	263	371	0	62414
19324	1339	61605	316	380	0	63640
19325	544	63885	289	412	0	65130
19326	62818	1404	237	405	0	64864
19327	1358	561	62195	345	0	64459
19328	581	63538	1265	412	0	65796
19329	494	1230	507	63161	0	65392
19330	435	390	358	66143	0	67326
19331	430	246	255	65540	0	66471
19332	422	185	224	66577	0	67408
19333	405	236	65817	1849	0	68307
19334	63110	163	1350	888	0	65511
19335	1562	171	550	67346	0	69629
19336	68049	186	402	1581	0	70218
19337	70001	220	315	742	0	71278
19338	70599	191	301	594	0	71685
19339	67149	216	287	517	0	68169
19340	2030	312	66114	436	0	68892
19341	874	293	1498	64722	0	67387
19342	549	301	64934	1703	0	67487
19343	413	64410	1703	825	0	67351
19344	688	1654	794	57075	0	60211
19345	557	526	454	62406	0	63943
19346	422	301	340	63819	0	64882
19347	420	235	339	63159	0	64153
19348	414	282	61661	2082	0	64439
19349	492	215	1545	61424	0	63676
19350	505	241	669	63214	0	64629
19351	62528	252	495	2038	0	65313
19352	64628	249	399	1018	0	66294
19353	2160	259	417	64844	0	67680
19354	1002	240	400	65716	0	67358
19355	700	251	429	66595	0	67975
19356	65421	233	382	2532	0	68568
19357	66987	258	373	1152	0	68770
19358	65805	238	392	859	0	67294
19359	66233	285	384	705	0	67607
19360	2347	65379	356	756	0	68838
19361	66247	1496	332	743	0	68818
19362	66954	535	316	765	0	68570
19363	2362	336	256	65093	0	68047
19364	1200	222	243	65673	0	67338
19365	63543	222	262	2295	0	66322
19366	1953	62229	326	1165	0	65673
19367	1058	64726	292	780	0	66856
19368	66033	1803	209	733	0	68778
19369	2191	689	203	66783	0	69866
19370	1203	441	213	67914	0	69771
19371	1032	328	183	68958	0	70501
19372	912	335	143	68902	0	70292
19373	897	312	173	67329	0	68711
19374	721	65874	266	2309	0	69170
19375	720	1490	163	64476	0	66849
19376	64303	602	156	1891	0	66952
19377	1804	424	179	63309	0	65716
19378	918	345	149	63868	0	65280
19379	61953	338	196	2011	0	64498
19380	1707	62769	224	1038	0	65738
19381	859	1608	164	60648	0	63279
19382	618	61893	259	1609	0	64379
19383	543	2118	165	58499	0	61325
19384	562	486	57856	1385	0	60289
19385	50995	433	1117	728	0	53273
19386	1205	54988	346	538	0	57077
19387	50288	831	160	409	0	51688
19388	980	311	48204	336	0	49831
19389	421	530	628	42896	0	44475
19390	249	44282	267	1136	0	45934
19391	238	46092	179	425	0	46934
19392	44303	709	226	384	0	45622
19393	819	228	77	44580	0	45704
19394	346	186	47234	841	0	48607
19395	305	92	612	47645	0	48654
19396	245	137	48203	862	0	49447
19397	44424	95	672	519	0	45710
19398	815	124	48893	385	0	50217
19399	405	81	687	47418	0	48591
19400	286	50612	229	844	0	51971
19401	325	680	118	49365	0	50488
19402	263	51066	122	869	0	52320
19403	52549	721	88	489	0	53847
19404	954	221	67	54602	0	55844
19405	447	219	55369	978	0	57013
19406	354	179	54000	476	0	55009
19407	52598	132	828	473	0	54031
19408	57239	137	239	472	0	58087
19409	57195	140	110	402	0	57847
19410	56636	133	87	408	0	57264
19411	1041	56424	149	403	0	58017
19412	57207	719	84	446	0	58456
19413	57298	277	63	418	0	58056
19414	1080	265	55966	357	0	57668
19415	541	176	673	54994	0	56384
19416	56391	156	172	1037	0	57756
19417	896	222	55715	524	0	57357
19418	468	157	717	54983	0	56325
19419	378	237	57417	973	0	59005
19420	398	164	732	54881	0	56175
19421	343	58544	312	914	0	60113
19422	59138	771	132	495	0	60536
19423	902	364	58079	393	0	59738
19424	56257	234	700	367	0	57558
19425	978	192	216	57873	0	59259
19426	58221	167	127	1032	0	59547
19427	963	167	105	57979	0	59214
19428	61958	185	112	1227	0	63482
19429	947	253	60819	463	0	62482
19430	63627	204	687	542	0	65060
19431	953	192	239	66178	0	67562
19432	449	150	163	66909	0	67671
19433	65591	150	153	1054	0	66948
19434	871	189	139	65823	0	67022
19435	329	243	65529	861	0	66962
19436	323	191	596	64736	0	65846
19437	62094	112	241	839	0	63286
19438	613	62500	222	358	0	63693
19439	254	63033	153	272	0	63712
19440	61696	516	113	259	0	62584
19441	542	64741	176	207	0	65666
19442	347	436	151	64121	0	65055
19443	64793	161	129	635	0	65718
19444	64515	120	72	280	0	64987
19445	64130	90	71	207	0	64498
19446	627	207	64610	150	0	65594
19447	270	173	421	63378	0	64242
19448	153	65456	213	492	0	66314
19449	214	437	124	65583	0	66358
19450	199	240	67535	470	0	68444
19451	160	64872	526	218	0	65776
19452	231	593	144	65221	0	66189
19453	63015	91	121	441	0	63668
19454	326	64382	110	196	0	65014
19455	196	400	65720	106	0	66422
19456	181	104	385	63956	0	64626
19457	140	139	66036	415	0	66730
19458	155	82	421	63410	0	64068
19459	66913	34	158	605	0	67710
19460	489	72	91	67250	0	67902
19461	67429	59	76	556	0	68120
19462	67668	56	89	309	0	68122
19463	559	69617	145	138	0	70459
19464	70547	395	68	222	0	71232
19465	541	70633	130	120	0	71424
19466	272	564	71548	117	0	72501
19467	262	146	519	69893	0	70820
19468	233	80	158	76760	0	77231
19469	206	170	74497	716	0	75589
19470	139	74329	669	277	0	75414
19471	74967	582	178	272	0	75999
19472	76859	157	125	271	0	77412
19473	871	99	117	77875	0	78962
19474	317	81	116	78517	0	79031
19475	211	59	79	79944	0	80293
19476	78290	57	113	928	0	79388
19477	757	185	77505	285	0	78732
19478	305	181	78185	184	0	78855
19479	269	66	756	78407	0	79498
19480	215	151	78532	774	0	79672
19481	209	148	78494	300	0	79151
19482	236	80	774	74313	0	75403
19483	246	146	79598	750	0	80740
19484	155	79275	808	490	0	80728
19485	221	672	235	80451	0	81579
19486	194	281	81859	831	0	83165
19487	222	129	747	79542	0	80640
19488	171	78982	310	869	0	80332
19489	226	682	161	80498	0	81567
19490	228	280	81549	800	0	82857
19491	221	209	714	78531	0	79675
19492	78993	96	238	1007	0	80334
19493	807	237	80533	307	0	81884
19494	72916	102	738	376	0	74132
19495	831	79508	297	223	0	80859
19496	79888	733	147	287	0	81055
19497	901	244	133	80373	0	81651
19498	279	81287	215	876	0	82657
19499	84125	776	121	464	0	85486
19500	1013	275	131	85249	0	86668
19501	350	268	86125	1078	0	87821
19502	180	87076	1109	417	0	88782
19503	259	998	329	86600	0	88186
19504	85355	269	180	1158	0	86962
19505	83922	171	155	424	0	84672
19506	1277	115	128	83680	0	85200
19507	421	207	83427	1082	0	85137
19508	76143	103	1047	577	0	77870
19509	1085	218	83428	281	0	85012
19510	423	146	1102	82353	0	84024
19511	83717	95	374	1210	0	85396
19512	1034	83848	315	583	0	85780
19513	84565	964	194	444	0	86167
19514	1155	446	83692	272	0	85565
19515	82813	162	1104	354	0	84433
19516	1302	119	443	84773	0	86637
19517	551	147	258	86699	0	87655
19518	418	260	86325	1334	0	88337
19519	309	177	1070	83781	0	85337
19520	85165	129	387	1346	0	87027
19521	1201	166	280	84768	0	86415
19522	502	87208	344	1270	0	89324
19523	455	1050	252	85061	0	86818
19524	250	87641	331	1345	0	89567
19525	316	1262	86230	514	0	88322
19526	81021	386	1198	551	0	83156
19527	1280	233	426	87973	0	89912
19528	541	326	84106	1319	0	86292
19529	373	83358	1239	595	0	85565
19530	359	1183	441	80904	0	82887
19531	398	416	301	82679	0	83794
19532	81208	271	289	1633	0	83401
19533	1378	230	284	83081	0	84973
19534	83694	193	281	1565	0	85733
19535	83251	214	325	708	0	84498
19536	1582	83797	380	515	0	86274
19537	84955	1286	281	529	0	87051
19538	1703	409	237	91206	0	93555
19539	765	382	91637	1710	0	94494
19540	90753	235	1564	848	0	93400
19541	1896	168	509	90372	0	92945
19542	768	344	90103	1772	0	92987
19543	85618	259	1586	778	0	88241
19544	1852	225	521	89670	0	92268
19545	729	93367	514	1776	0	96386
19546	723	1573	367	87807	0	90470
19547	450	93038	440	1803	0	95731
19548	91921	1667	388	803	0	94779
19549	1848	626	94717	655	0	97846
19550	729	93660	1695	959	0	97043
19551	670	1563	563	94472	0	97268
19552	515	663	95411	1825	0	98414
19553	511	533	93778	790	0	95612
19554	476	95191	1957	701	0	98325
19555	748	1728	741	92398	0	95615
19556	563	543	470	95620	0	97196
19557	559	434	340	112306	0	113639
19558	113676	322	378	3117	0	117493
19559	2898	417	118969	1047	0	123331
19560	917	119791	3023	877	0	124608
19561	824	2820	817	116199	0	120660
19562	723	755	584	122313	0	124375
19563	627	618	120091	3638	0	124974
19564	791	604	2968	118993	0	123356
19565	622	423	119092	3479	0	123616
19566	632	459	116042	1154	0	118287
19567	709	429	116438	862	0	118438
19568	682	374	3369	109021	0	113446
19569	561	424	1015	113961	0	115961
19570	578	358	631	117177	0	118744
19571	114579	360	488	3708	0	119135
19572	2919	113980	653	1396	0	118948
19573	115996	2813	545	985	0	120339
19574	114535	802	503	917	0	116757
19575	117358	533	515	916	0	119322
19576	3566	117941	674	854	0	123035
19577	119200	2942	542	875	0	123559
19578	121164	933	473	905	0	123475
19579	3767	643	482	118367	0	123259
19580	1474	501	513	120588	0	123076
19581	1006	532	545	122899	0	124982
19582	853	596	119108	4074	0	124631
19583	113860	448	3309	1705	0	119322
19584	3417	548	1168	118726	0	123859
19585	115874	437	962	3860	0	121133
19586	3238	116523	984	1724	0	122469
19587	1175	2952	886	117672	0	122685
19588	951	905	807	120759	0	123422
19589	117665	635	894	4231	0	123425
19590	3440	548	775	118132	0	122895
19591	112618	619	710	4060	0	118007
19592	115603	602	542	1812	0	118559
19593	3717	112260	807	1413	0	118197
19594	1417	115502	788	1057	0	118764
19595	1308	3976	631	108599	0	114514
19596	907	113762	749	3309	0	118727
19597	1170	3305	689	113168	0	118332
19598	883	1025	111630	3657	0	117195
19599	925	809	108220	1507	0	111461
19600	100979	620	3228	1463	0	106290
19601	105168	446	1233	1201	0	108048
19602	3274	103609	941	1421	0	109245
19603	103063	2665	747	1400	0	107875
19604	3009	107078	865	1348	0	112300
19605	1173	2811	758	108320	0	113062
19606	962	866	866	110514	0	113208
19607	966	663	801	110336	0	112766
19608	863	525	893	111382	0	113663
19609	107782	437	897	4143	0	113259
19610	2974	108316	965	1984	0	114239
19611	108463	2630	836	1663	0	113592
19612	110067	853	798	1548	0	113266
19613	3758	914	107468	1341	0	113481
19614	103979	711	2723	1458	0	108871
19615	3479	106479	967	1373	0	112298
19616	1716	2962	705	106275	0	111658
19617	1535	1158	650	101984	0	105327
19618	1234	105415	815	3528	0	110992
19619	106780	2913	720	1831	0	112244
19620	3572	1106	104982	1487	0	111147
19621	101603	777	2930	1678	0	106988
19622	3809	695	104056	1807	0	110367
19623	1999	652	3226	103256	0	109133
19624	1686	787	1360	106498	0	110331
19625	1557	817	1160	108198	0	111732
19626	106477	887	969	4878	0	113211
19627	3485	991	107738	2719	0	114933
19628	106217	822	3136	2495	0	112670
19629	110250	734	1460	2349	0	114793
19630	109709	707	1443	2150	0	114009
19631	109205	619	1330	1981	0	113135
19632	4262	649	1347	107092	0	113350
19633	2041	683	105360	3939	0	112023
19634	1868	736	2809	104293	0	109706
19635	1763	703	104202	4067	0	110735
19636	1836	951	102471	1948	0	107206
19637	1762	102414	2759	1667	0	108602
19638	2101	2661	796	91421	0	96979
19639	1832	1234	439	96336	0	99841
19640	2010	1096	481	85368	0	88955
19641	2002	795	531	95937	0	99265
19642	95104	725	504	3279	0	99612
19643	96164	610	428	1650	0	98852
19644	3783	585	424	93599	0	98391
19645	1891	644	90394	3548	0	96477
19646	1412	462	2209	91769	0	95852
19647	1342	474	829	94049	0	96694
19648	1381	522	91229	3718	0	96850
19649	1382	493	2242	88993	0	93110
19650	89337	515	654	3425	0	93931
19651	89854	645	442	1916	0	92857
19652	89874	691	300	1595	0	92460
19653	3423	672	312	87872	0	92279
19654	86645	472	368	3071	0	90556
19655	85848	389	491	1606	0	88334
19656	3367	487	83244	1222	0	88320
19657	854	258	63868	508	0	65488
19658	614	228	64015	403	0	65260
19659	54600	140	585	267	0	55592
19660	505	57568	292	233	0	58598
19661	57146	363	311	231	0	58051
19662	458	62056	155	192	0	62861
19663	283	390	112	61782	0	62567
19664	220	115	72	62655	0	63062
19665	187	96	80	62987	0	63350
19666	198	145	62421	555	0	63319
19667	55864	75	425	332	0	56696
19668	552	70	155	61986	0	62763
19669	210	134	61143	428	0	61915
19670	176	137	58178	178	0	58669
19671	55752	53	441	224	0	56470
19672	399	61247	210	177	0	62033
19673	59869	274	150	267	0	60560
19674	59375	85	110	193	0	59763
19675	371	59614	123	150	0	60258
19676	57956	266	116	199	0	58537
19677	407	177	60075	118	0	60777
19678	208	149	58252	61	0	58670
19679	152	123	61169	102	0	61546
19680	144	193	400	59906	0	60643
19681	103	110	61696	287	0	62196
19682	58161	49	290	207	0	58707
19683	60530	23	92	177	0	60822
19684	391	108	61879	72	0	62450
19685	140	46	244	60696	0	61126
19686	61641	17	100	345	0	62103
19687	268	65872	152	135	0	66427
19688	115	67444	119	122	0	67800
19689	67625	274	65	184	0	68148
19690	311	210	69031	69	0	69621
19691	121	256	201	66475	0	67053
19692	111	29	80	68289	0	68509
19693	63	41	46	69094	0	69244
19694	40	69787	115	301	0	70243
19695	112	279	49	66442	0	66882
19696	72981	75	31	393	0	73480
19697	352	45	51	74243	0	74691
19698	91	75161	110	433	0	75795
19699	76621	359	34	299	0	77313
19700	433	104	40	76957	0	77534
19701	164	71	39	80010	0	80284
19702	81492	31	50	652	0	82225
19703	81448	54	44	269	0	81815
19704	659	40	39	80770	0	81508
19705	82425	42	34	700	0	83201
19706	82615	36	34	281	0	82966
19707	722	85284	115	163	0	86284
19708	85192	671	40	245	0	86148
19709	730	85125	133	112	0	86100
19710	311	694	27	85287	0	86319
19711	188	358	87498	759	0	88803
19712	172	125	697	86592	0	87586
19713	172	84	188	88325	0	88769
19714	158	80	70	91401	0	91709
19715	90615	51	36	1127	0	91829
19716	808	90968	148	439	0	92363
19717	93622	799	59	321	0	94801
19718	896	98989	151	213	0	100249
19719	101395	900	76	344	0	102715
19720	102365	255	63	267	0	102950
19721	102670	142	53	268	0	103133
19722	102012	78	51	268	0	102409
19723	1358	237	102256	118	0	103969
19724	532	82	990	101342	0	102946
19725	307	102	263	106222	0	106894
19726	278	184	104632	1365	0	106459
19727	98774	89	1135	517	0	100515
19728	1346	82	269	103232	0	104929
19729	471	195	102587	1248	0	104501
19730	291	245	101655	378	0	102569
19731	292	90	1396	103921	0	105699
19732	292	257	107895	1351	0	109795
19733	318	107	1292	105091	0	106808
19734	352	107	334	107037	0	107830
19735	274	233	105219	1587	0	107313
19736	96972	124	1260	630	0	98986
19737	1422	114	361	105417	0	107314
19738	547	280	106717	1400	0	108944
19739	448	105	1249	106657	0	108459
19740	107224	110	352	1553	0	109239
19741	1446	252	107157	505	0	109360
19742	101746	165	1290	547	0	103748
19743	109610	109	387	435	0	110541
19744	1711	117	253	109149	0	111230
19745	708	108	193	108959	0	109968
19746	459	263	108508	1631	0	110861
19747	454	143	1282	107764	0	109643
19748	504	183	489	101922	0	103098
19749	454	123	284	109595	0	110456
19750	396	253	107076	1729	0	109454
19751	101832	117	1320	882	0	104151
19752	107342	104	436	701	0	108583
19753	109694	136	292	651	0	110773
19754	111982	167	268	621	0	113038
19755	1918	167	238	111792	0	114115
19756	111225	175	228	1708	0	113336
19757	111727	175	276	832	0	113010
19758	94971	353	579	820	0	96723
19759	111609	127	282	631	0	112649
19760	1763	111500	511	506	0	114280
19761	113035	1187	288	604	0	115114
19762	110701	294	245	673	0	111913
19763	1842	110608	441	528	0	113419
19764	110978	1410	311	605	0	113304
19765	1924	372	294	111493	0	114083
19766	839	177	302	112741	0	114059
19767	110455	152	303	2068	0	112978
19768	1762	109428	429	820	0	112439
19769	729	110608	450	601	0	112388
19770	746	1604	321	112751	0	115422
19771	607	495	114039	1816	0	116957
19772	603	240	1620	110695	0	113158
19773	599	135	542	115365	0	116641
19774	113250	130	360	2127	0	115867
19775	114062	132	324	881	0	115399
19776	2168	150	327	113849	0	116494
19777	843	280	113460	1847	0	116430
19778	734	122	1679	114643	0	117178
19779	116320	101	623	2100	0	119144
19780	2068	256	121988	816	0	125128
19781	805	122571	2113	679	0	126168
19782	125400	1709	582	733	0	128424
19783	2329	392	376	125962	0	129059
19784	979	216	378	126294	0	127867
19785	778	180	327	129521	0	130806
19786	623	280	126383	2553	0	129839
19787	105866	165	2044	1320	0	109395
19788	2388	270	120857	642	0	124157
19789	895	119915	2152	656	0	123618
19790	843	1770	627	120511	0	123751
19791	775	445	426	122832	0	124478
19792	765	262	315	128697	0	130039
19793	700	299	126744	2990	0	130733
19794	630	312	124604	1034	0	126580
19795	625	294	128130	798	0	129847
19796	551	128300	2880	670	0	132401
19797	841	2243	954	127246	0	131284
19798	131168	461	472	2592	0	134693
19799	136261	264	417	960	0	137902
19800	3338	334	144373	684	0	148729
19801	1110	146627	2995	829	0	151561
19802	856	2814	147541	597	0	151808
19803	574	152221	3243	618	0	156656
19804	148462	3311	1345	846	0	153964
19805	147941	753	604	681	0	149979
19806	3439	147496	620	680	0	152235
19807	147122	2804	397	620	0	150943
19808	3431	701	374	146123	0	150629
19809	1095	501	348	149165	0	151109
19810	147736	333	305	3484	0	151858
19811	144529	274	334	1246	0	146383
19812	143589	309	285	947	0	145130
19813	3659	142482	521	776	0	147438
19814	1117	147014	512	720	0	149363
19815	145326	3069	358	753	0	149506
19816	3220	1011	144818	611	0	149660
19817	1160	1543	2767	139986	0	145456
19818	136481	396	763	2943	0	140583
19819	3016	133615	711	947	0	138289
19820	945	138744	551	669	0	140909
19821	137827	3032	404	613	0	141876
19822	3127	1086	134963	484	0	139660
19823	128897	831	2733	496	0	132957
19824	3254	516	131576	388	0	135734
19825	1045	526	132361	313	0	134245
19826	983	607	2972	129009	0	133571
19827	794	529	135430	2418	0	139171
19828	131487	404	2839	894	0	135624
19829	137395	363	980	723	0	139461
19830	138718	348	688	633	0	140387
19831	137840	355	516	567	0	139278
19832	3600	410	426	133268	0	137704
19833	133531	370	465	2691	0	137057
19834	3174	133396	641	900	0	138111
19835	1556	2556	437	124550	0	129099
19836	1075	135144	600	2306	0	139125
19837	139327	2696	370	980	0	143373
19838	139502	840	396	801	0	141539
19839	3538	701	415	138142	0	142796
19840	139680	583	451	2764	0	143478
19841	140936	540	485	960	0	142921
19842	3557	611	492	138997	0	143657
19843	1686	532	491	139864	0	142573
19844	1431	506	452	141820	0	144209
19845	1188	623	137706	3286	0	142803
19846	1186	642	133346	1231	0	136405
19847	1129	640	137944	833	0	140546
19848	1190	542	3353	135747	0	140832
19849	1110	665	140479	2887	0	145141
19850	1267	515	3105	137494	0	142381
19851	1202	642	149542	3152	0	154538
19852	1147	642	146943	1194	0	149926
19853	136633	574	3393	1123	0	141723
19854	3160	145496	1489	840	0	150985
19855	147407	2680	974	837	0	151898
19856	3567	920	775	145519	0	150781
19857	1876	727	697	147356	0	150656
19858	1513	750	147863	3244	0	153370
19859	1225	148290	2978	1488	0	153981
19860	1359	2976	988	149184	0	154507
19861	1263	1089	151767	3004	0	157123
19862	1097	150237	2850	1195	0	155379
19863	1405	2564	1051	149211	0	154231
19864	148992	850	1002	2760	0	153604
19865	149490	832	739	1162	0	152223
19866	3486	646	742	149128	0	154002
19867	149429	614	775	2851	0	153669
19868	3209	150298	1025	1276	0	155808
19869	1650	2556	785	151514	0	156505
19870	1477	1161	153779	2785	0	159202
19871	1526	793	2805	152034	0	157158
19872	1370	804	153930	3180	0	159284
19873	146391	610	2971	1409	0	151381
19874	3586	671	1007	151957	0	157221
19875	1651	156005	974	3047	0	161677
19876	1659	2920	674	158922	0	164175
19877	1442	1066	157483	3228	0	163219
19878	1335	881	155488	1437	0	159141
19879	1250	801	152523	1094	0	155668
19880	138867	883	3392	900	0	144042
19881	2698	147961	1515	831	0	153005
19882	1329	2258	904	144889	0	149380
19883	146120	760	835	2623	0	150338
19884	2524	146746	986	1201	0	151457
19885	151463	2221	817	1343	0	155844
19886	152969	808	795	962	0	155534
19887	155842	698	731	915	0	158186
19888	157682	564	771	855	0	159872
19889	3329	631	154353	741	0	159054
19890	146120	373	2526	839	0	149858
19891	2878	483	152168	714	0	156243
19892	132009	303	2417	802	0	135531
19893	2603	414	1087	147746	0	151850
19894	1249	439	146330	1927	0	149945
19895	971	143889	2044	975	0	147879
19896	1265	5544	955	133262	0	141026
19897	840	140108	776	1471	0	143195
19898	770	140650	688	872	0	142980
19899	124795	1312	821	781	0	127709
19900	1222	489	125180	426	0	127317
19901	385	120719	843	278	0	122225
19902	116442	590	708	331	0	118071
19903	603	119143	315	219	0	120280
19904	118679	490	148	297	0	119614
19905	690	350	161	117923	0	119124
19906	119271	107	135	636	0	120149
19907	594	129	140	117818	0	118681
19908	118233	105	211	716	0	119265
19909	639	124	122	117765	0	118650
19910	274	121882	279	572	0	123007
19911	276	536	109	123950	0	124871
19912	123346	186	126	726	0	124384
19913	556	123607	207	299	0	124669
19914	304	525	136	123077	0	124042
19915	124537	201	124	762	0	125624
19916	612	163	137	125441	0	126353
19917	340	134	116	126124	0	126714
19918	272	264	127434	680	0	128650
19919	272	302	124933	295	0	125802
19920	286	159	609	123858	0	124912
19921	270	345	130989	622	0	132226
19922	279	163	528	129676	0	130646
19923	316	238	271	120153	0	120978
19924	301	155	113	131836	0	132405
19925	267	280	131233	742	0	132522
19926	305	179	521	124098	0	125103
19927	277	140	212	127467	0	128096
19928	226	129382	249	730	0	130587
19929	248	596	129	130525	0	131498
19930	130056	220	159	831	0	131266
19931	751	165	151	132514	0	133581
19932	358	287	150894	875	0	152414
19933	137115	146	1558	728	0	139547
19934	1636	160075	810	425	0	162946
19935	799	1754	381	161435	0	164369
19936	550	892	159890	1817	0	163149
19937	144244	422	1896	1112	0	147674
19938	1809	158516	868	679	0	161872
19939	158410	1819	456	542	0	161227
19940	2195	702	224	157630	0	160751
19941	155807	447	218	2090	0	158562
19942	2289	370	157480	816	0	160955
19943	868	155630	1923	644	0	159065
19944	552	166767	846	424	0	168589
19945	168099	2284	473	623	0	171479
19946	167908	910	265	488	0	169571
19947	2557	639	167470	261	0	170927
19948	159193	272	1838	444	0	161747
19949	165973	216	720	459	0	167368
19950	165479	213	456	463	0	166611
19951	2613	159990	324	355	0	163282
19952	1120	162763	332	324	0	164539
19953	161340	2339	186	450	0	164315
19954	160807	988	206	465	0	162466
19955	2393	164293	335	325	0	167346
19956	1166	1948	131	164799	0	168044
19957	701	919	165819	1896	0	169335
19958	157789	464	1916	1190	0	161359
19959	150566	532	1168	1142	0	153408
19960	169000	264	557	696	0	170517
19961	2545	168029	437	447	0	171458
19962	1178	2183	168823	325	0	172509
19963	168954	780	2006	484	0	172224
19964	2340	528	798	173039	0	176705
19965	1198	382	481	174948	0	177009
19966	989	295	232	177942	0	179458
19967	619	566	176308	2769	0	180262
19968	661	305	1888	171772	0	174626
19969	570	585	176009	2408	0	179572
19970	330	170276	2241	1203	0	174050
19971	165393	1818	793	827	0	168831
19972	1804	168505	669	479	0	171457
19973	889	170544	426	432	0	172291
19974	167975	2226	381	528	0	171110
19975	1935	173862	405	352	0	176554
19976	1025	2126	155	169180	0	172486
19977	697	171882	349	1652	0	174580
19978	170471	2199	148	854	0	173672
19979	1984	173480	361	572	0	176397
19980	1063	2336	155	175720	0	179274
19981	798	1143	175283	2172	0	179396
19982	592	589	2009	173737	0	176927
19983	408	176890	992	2689	0	180979
19984	577	2192	574	178641	0	181984
19985	594	1268	316	176767	0	178945
19986	623	762	279	173858	0	175522
19987	580	322	261	178399	0	179562
19988	651	429	289	178839	0	180208
19989	578	373	322	180068	0	181341
19990	514	632	176354	3538	0	181038
19991	164920	372	2444	1922	0	169658
19992	2661	355	1031	185186	0	189233
19993	1330	622	184649	3095	0	189696
19994	984	705	185546	1441	0	188676
19995	762	510	3634	185587	0	190493
19996	188437	488	1656	3223	0	193804
19997	3189	757	185926	1384	0	191256
19998	180481	535	2916	1307	0	185239
19999	3494	814	192044	684	0	197036
20000	1907	614	3327	189854	0	195702
20001	1425	601	1287	197015	0	200328
20002	1123	870	195029	3762	0	200784
20003	179611	624	3153	1995	0	185383
20004	3556	644	1349	191429	0	196978
20005	1884	793	192408	3261	0	198346
20006	1521	836	193476	1563	0	197396
20007	1454	636	3893	176046	0	182029
20008	919	193542	2095	2727	0	199283
20009	195922	2982	986	1624	0	201514
20010	195824	1365	727	1305	0	199221
20011	4461	1211	196426	801	0	202899
20012	2260	662	3204	190995	0	197121
20013	195238	644	1365	3773	0	201020
20014	3830	797	196354	1801	0	202782
20015	187007	422	3393	1624	0	192446
20016	3980	193200	1896	1098	0	200174
20017	1998	2987	1187	196698	0	202870
20018	1585	1236	846	199353	0	203020
20019	203518	782	856	4705	0	209861
20020	3861	554	854	204423	0	209692
20021	1948	579	777	202765	0	206069
20022	1397	524	729	205195	0	207845
20023	199149	393	833	5616	0	205991
20024	3877	810	199980	2582	0	207249
20025	196176	534	3692	2038	0	202440
20026	200659	490	1744	1745	0	204638
20027	204277	509	1238	1592	0	207616
20028	5318	658	963	200461	0	207400
20029	2439	917	204993	4184	0	212533
20030	1443	200315	4230	2211	0	208199
20031	1109	202244	2032	1773	0	207158
20032	817	189637	1020	1108	0	192582
20033	1230	3319	191081	1079	0	196709
20034	1218	2057	3394	213356	0	220025
20035	222357	486	1509	5268	0	229620
20036	237566	372	764	2410	0	241112
20037	6563	327	665	245513	0	253068
20038	2578	579	245753	5727	0	254637
20039	1442	660	246783	2404	0	251289
20040	1111	364	6586	246424	0	254485
20041	1000	600	249699	6103	0	257402
20042	1122	334	6017	250116	0	257589
20043	1141	387	2268	240221	0	244017
20044	805	247353	1741	7182	0	257081
20045	1183	5267	987	248587	0	256024
20046	1274	1685	976	257727	0	261662
20047	251230	1122	1071	8130	0	261553
20048	6508	479	985	252871	0	260843
20049	2758	456	962	255827	0	260003
20050	246693	396	1016	8343	0	256448
20051	6124	246565	1581	3714	0	257984
20052	249526	5403	1160	2535	0	258624
20053	7006	2148	246989	1759	0	257902
20054	243878	1122	6117	2079	0	253196
20055	245661	647	2631	2049	0	250988
20056	8079	895	241494	1652	0	252120
20057	3495	920	241043	1870	0	247328
20058	2563	891	7796	230420	0	241670
20059	231307	534	3459	7065	0	242365
20060	6845	749	229264	3260	0	240118
20061	3284	504	6983	227974	0	238745
20062	2335	775	227612	7088	0	237810
20063	2169	599	7327	222795	0	232890
20064	1963	612	3215	227089	0	232879
20065	224145	657	2262	9134	0	236198
20066	225308	704	1685	4929	0	232626
20067	228934	865	1520	3632	0	234951
20068	9056	1092	224549	3218	0	237915
20069	4199	1033	226468	3201	0	234901
20070	3219	784	8289	221234	0	233526
20071	2596	929	3892	224550	0	231967
20072	2810	893	2804	228225	0	234732
20073	218790	881	2226	9850	0	231747
20074	7293	219711	2494	5376	0	234874
20075	215697	5914	2120	3846	0	227577
20076	209931	2260	2196	3492	0	217879
20077	8603	207580	2441	3548	0	222172
20078	4501	212848	2403	3234	0	222986
20079	207434	6610	2377	3646	0	220067
20080	7416	2458	2229	198458	0	210561
20081	4529	201134	2252	8559	0	216474
20082	4741	5693	1889	204095	0	216418
20083	4201	2541	200674	8891	0	216307
20084	3673	1590	7355	201860	0	214478
20085	199657	1099	4794	9227	0	214777
20086	7794	1262	198916	5664	0	213636
20087	4442	1121	198897	4886	0	209346
20088	4099	2982	9583	170078	0	186742
20089	3280	184878	5332	8634	0	202124
20090	3211	189182	3748	5919	0	202060
20091	3103	194011	3244	5613	0	205971
20092	186768	6897	2927	5879	0	202471
20093	188793	2670	2595	5477	0	199535
20094	180290	1603	2612	5658	0	190163
20095	9020	179230	2895	6018	0	197163
20096	183901	5103	2847	5421	0	197272
20097	183943	2704	2661	4908	0	194216
20098	10010	2665	178714	4431	0	195820
20099	6502	171597	7616	3717	0	189432
20100	5657	5772	4593	172637	0	188659
20101	173276	2843	3776	7929	0	187824
20102	8906	2249	171430	5291	0	187876
20103	5411	1420	7999	162270	0	177100
20104	4303	168077	5115	9230	0	186725
20105	4656	5502	3807	168172	0	182137
20106	4774	2491	3655	171470	0	182390
20107	170945	2003	3595	10237	0	186780
20108	172575	1968	3577	6558	0	184678
20109	9578	2202	3546	168645	0	183971
20110	5854	2314	164233	8917	0	181318
20111	5139	2356	165071	5768	0	178334
20112	163719	2089	7586	4800	0	178194
20113	10328	2060	164382	3988	0	180758
20114	7154	2239	7640	136877	0	153910
20115	5439	154657	5421	6536	0	172053
20116	154593	5290	4530	4756	0	169169
20117	8204	153135	4284	4715	0	170338
20118	155979	5740	3722	5144	0	170585
20119	8475	2741	3244	153886	0	168346
20120	5716	2630	3145	155671	0	167162
20121	154728	2774	2722	8715	0	168939
20122	158374	2650	2374	4911	0	168309
20123	10561	2880	2503	153062	0	169006
20124	6988	3218	2304	154206	0	166716
20125	5588	3177	149193	7632	0	165590
20126	4785	2855	149087	4920	0	161647
20127	145947	2626	7298	4617	0	160488
20128	7873	2664	140105	4561	0	155203
20129	140184	2162	6357	4690	0	153393
20130	144023	1816	3909	4413	0	154161
20131	8994	1835	137608	3991	0	152428
20132	5633	129396	6262	3125	0	144416
20133	4466	129312	4532	2532	0	140842
20134	2773	2700	96960	1312	0	103745
20135	4355	8369	5211	77290	0	95225
20136	71510	1693	3469	3331	0	80003
20137	68442	449	482	866	0	70239
20138	74484	366	378	807	0	76035
20139	84955	339	311	714	0	86319
20140	84801	337	295	667	0	86100
20141	2647	86280	623	559	0	90109
20142	82317	1790	313	458	0	84878
20143	2164	81926	425	346	0	84861
20144	79699	1703	290	254	0	81946
20145	2010	484	77698	159	0	80351
20146	687	188	1480	74287	0	76642
20147	540	155	364	69978	0	71037
20148	262	74503	278	1622	0	76665
20149	75454	1525	143	478	0	77600
20150	76557	422	91	305	0	77375
20151	1999	295	112	74699	0	77105
20152	727	185	131	76210	0	77253
20153	75343	100	144	1937	0	77524
20154	1745	101	92	75555	0	77493
20155	627	133	96	76777	0	77633
20156	75643	140	94	1965	0	77842
20157	1866	124	82	75393	0	77465
20158	76067	90	114	1885	0	78156
20159	76518	78	101	715	0	77412
20160	2071	181	75774	374	0	78400
20161	76182	77	1526	373	0	78158
20162	76597	100	400	378	0	77475
20163	76552	103	228	330	0	77213
20164	2236	176	73445	256	0	76113
20165	963	145	1543	71536	0	74187
20166	737	109	409	74693	0	75948
20167	545	203	73145	1835	0	75728
20168	70890	128	1626	664	0	73308
20169	1992	120	454	71496	0	74062
20170	816	197	70812	1711	0	73536
20171	638	220	72637	556	0	74051
20172	645	144	1911	71648	0	74348
20173	663	205	73238	1827	0	75933
20174	620	128	1807	72158	0	74713
20175	674	131	530	74134	0	75469
20176	624	241	73378	2095	0	76338
20177	673	228	1714	67165	0	69780
20178	545	70534	679	1763	0	73521
20179	500	74927	520	702	0	76649
20180	73739	1875	381	543	0	76538
20181	73279	560	359	575	0	74773
20182	2199	72941	368	615	0	76123
20183	73294	1658	291	567	0	75810
20184	74165	524	276	528	0	75493
20185	2579	406	202	72503	0	75690
20186	1279	366	235	74226	0	76106
20187	72158	379	218	2249	0	75004
20188	2264	70821	340	987	0	74412
20189	1139	72979	386	698	0	75202
20190	1164	2005	299	72109	0	75577
20191	985	679	73002	2092	0	76758
20192	70239	374	1802	1054	0	73469
20193	73101	310	595	978	0	74984
20194	70397	332	443	776	0	71948
20195	2920	71606	440	597	0	75563
20196	1638	1877	305	69325	0	73145
20197	1382	587	361	72696	0	75026
20198	70961	460	430	2491	0	74342
20199	2585	70576	455	1230	0	74846
20200	1582	1807	414	69384	0	73187
20201	1464	691	379	71216	0	73750
20202	1477	554	319	71360	0	73710
20203	69863	446	421	2795	0	73525
20204	2685	69423	531	1467	0	74106
20205	1751	2103	391	64217	0	68462
20206	1337	69032	591	2180	0	73140
20207	68379	2008	565	1249	0	72201
20208	2670	718	67701	1202	0	72291
20209	65195	471	1977	1412	0	69055
20210	2573	496	65983	1301	0	70353
20211	1575	994	1999	62507	0	67075
20212	63238	406	753	2473	0	66870
20213	2501	435	62676	1341	0	66953
20214	62597	328	1780	1252	0	65957
20215	64787	263	788	1283	0	67121
20216	65244	235	651	1111	0	67241
20217	2913	234	628	62561	0	66336
20218	1496	327	587	63125	0	65535
20219	1403	232	542	63968	0	66145
20220	61543	186	549	2813	0	65091
20221	2498	61730	663	1500	0	66391
20222	61823	1414	597	1057	0	64891
20223	63012	459	670	889	0	65030
20224	2594	475	60983	869	0	64921
20225	60668	355	1807	842	0	63672
20226	63600	314	807	955	0	65676
20227	2590	297	758	62223	0	65868
20228	1357	367	678	62817	0	65219
20229	1138	329	658	63012	0	65137
20230	60551	298	661	2471	0	63981
20231	59990	310	643	1333	0	62276
20232	56771	291	582	1094	0	58738
20233	2016	54086	659	1179	0	57940
20234	747	49949	606	628	0	51930
20235	506	50465	542	788	0	52301
20236	49546	1268	619	892	0	52325
20237	1451	402	48405	862	0	51120
20238	587	267	40855	679	0	42388
20239	28934	101	596	240	0	29871
20240	445	114	31917	214	0	32690
20241	95	40	183	26531	0	26849
20242	61	27420	81	184	0	27746
20243	28402	192	31	102	0	28727
20244	28525	56	27	92	0	28700
20245	28533	38	76	83	0	28730
20246	279	31	30	30889	0	31229
20247	120	65	31896	198	0	32279
20248	101	87	31175	74	0	31437
20249	30798	23	215	80	0	31116
20250	32377	35	81	90	0	32583
20251	32096	22	37	88	0	32243
20252	288	29	30	32536	0	32883
20253	151	18	16	32855	0	33040
20254	85	71	32563	234	0	32953
20255	31157	46	178	151	0	31532
20256	230	34	54	33437	0	33755
20257	112	29	34	33401	0	33576
20258	101	31	17	33224	0	33373
20259	67	33363	87	236	0	33753
20260	76	188	31	33066	0	33361
20261	91	58	29	33113	0	33291
20262	32542	36	30	280	0	32888
20263	235	63	32412	94	0	32804
20264	30669	35	181	117	0	31002
20265	32788	40	61	103	0	32992
20266	262	17	31	32517	0	32827
20267	142	41	33	32522	0	32738
20268	32111	19	42	272	0	32444
20269	242	64	31974	91	0	32371
20270	107	31988	213	77	0	32385
20271	97	149	53	31490	0	31789
20272	31289	52	41	209	0	31591
20273	219	26	32	30457	0	30734
20274	86	65	30332	211	0	30694
20275	92	59	30132	96	0	30379
20276	29625	18	192	92	0	29927
20277	218	39	70	31532	0	31859
20278	122	59	31309	174	0	31664
20279	30251	19	149	156	0	30575
20280	33179	25	49	194	0	33447
20281	234	31	22	33197	0	33484
20282	128	21	30	33146	0	33325
20283	80	33241	65	202	0	33588
20284	34499	123	23	156	0	34801
20285	208	43	35	34660	0	34946
20286	151	45	19	34853	0	35068
20287	80	72	35430	177	0	35759
20288	31991	29	135	150	0	32305
20289	34687	10	43	121	0	34861
20290	182	34633	78	95	0	34988
20291	74	145	33517	48	0	33784
20292	105	64	33389	41	0	33599
20293	88	117	97	32646	0	32948
20294	34573	62	82	202	0	34919
20295	106	17	21	34486	0	34630
20296	36240	11	20	235	0	36506
20297	36550	13	21	117	0	36701
20298	37180	9	21	92	0	37302
20299	132	15	20	37876	0	38043
20300	86	19	23	38400	0	38528
20301	38514	7	17	182	0	38720
20302	105	58	39865	45	0	40073
20303	35236	15	43	93	0	35387
20304	37157	12	21	84	0	37274
20305	56	66	38964	32	0	39118
20306	54	62	38606	29	0	38751
20307	22	39037	67	27	0	39153
20308	70	44	61	39344	0	39519
20309	33372	80	88	268	0	33808
20310	35	13	12	39576	0	39636
20311	44	76	40336	52	0	40508
20312	27	40007	45	37	0	40116
20313	25	41092	49	58	0	41224
20314	43	48	16	43310	0	43417
20315	27	29	11	42757	0	42824
20316	32	43699	59	65	0	43855
20317	41	116	43136	51	0	43344
20318	38987	28	51	116	0	39182
20319	44214	8	13	116	0	44351
20320	52	44638	50	65	0	44805
20321	43604	56	9	80	0	43749
20322	73	65	9	43035	0	43182
20323	43114	9	24	152	0	43299
20324	93	12	15	43268	0	43388
20325	28	47100	55	120	0	47303
20326	51	196	47814	56	0	48117
20327	62	38	161	52203	0	52464
20328	76	40	38	51627	0	51781
20329	45	17	20	55108	0	55190
20330	56538	12	21	472	0	57043
20331	431	19	14	57028	0	57492
20332	152	86	60822	456	0	61516
20333	99	95	62910	136	0	63240
20334	62789	14	707	213	0	63723
20335	636	92	66083	57	0	66868
20336	65231	17	666	136	0	66050
20337	703	25	155	70098	0	70981
20338	262	16	88	71598	0	71964
20339	137	22	80	75046	0	75285
20340	114	27	47	74687	0	74875
20341	73136	19	64	1165	0	74384
20342	944	93	74234	319	0	75590
20343	324	32	881	71583	0	72820
20344	100	75216	292	937	0	76545
20345	74973	875	93	329	0	76270
20346	944	202	58	73136	0	74340
20347	72199	79	55	1042	0	73375
20348	1009	155	72088	311	0	73563
20349	357	56	949	67728	0	69090
20350	132	71652	342	960	0	73086
20351	72104	879	137	444	0	73564
20352	1021	285	71874	345	0	73525
20353	439	110	984	70071	0	71604
20354	274	47	283	72687	0	73291
20355	71732	50	222	1390	0	73394
20356	1131	143	71791	501	0	73566
20357	447	144	72493	319	0	73403
20358	358	45	1342	71682	0	73427
20359	343	114	72634	1105	0	74196
20360	329	132	74095	490	0	75046
20361	381	84	1399	71920	0	73784
20362	338	75	505	73679	0	74597
20363	312	81	310	77196	0	77899
20364	76285	54	272	1699	0	78310
20365	1186	77638	398	845	0	80067
20366	78185	1054	266	629	0	80134
20367	1404	316	301	77737	0	79758
20368	558	78784	356	1484	0	81182
20369	410	1144	229	81463	0	83246
20370	84497	354	231	1779	0	86861
20371	1493	89494	365	895	0	92247
20372	795	1446	291	92751	0	95283
20373	550	536	93468	1940	0	96494
20374	91503	300	1780	986	0	94569
20375	1881	288	666	93945	0	96780
20376	869	244	455	95294	0	96862
20377	663	295	93285	2418	0	96661
20378	507	242	93437	1196	0	95382
20379	89313	161	2239	954	0	92667
20380	1932	90967	1031	753	0	94683
20381	871	1666	643	90915	0	94095
20382	91370	558	603	2125	0	94656
20383	1976	394	91802	1051	0	95223
20384	743	90686	2168	858	0	94455
20385	700	1674	837	90586	0	93797
20386	90982	551	618	2427	0	94578
20387	89170	361	499	1335	0	91365
20388	90601	258	547	1072	0	92478
20389	2392	88851	630	960	0	92833
20390	1117	1849	89419	835	0	93220
20391	901	630	1975	90010	0	93516
20392	881	626	941	81210	0	83658
20393	757	354	640	91289	0	93040
20394	676	337	549	90984	0	92546
20395	89371	342	527	2936	0	93176
20396	88363	369	572	1520	0	90824
20397	2524	444	86589	1149	0	90706
20398	1204	369	86211	1061	0	88845
20399	83298	275	2430	1069	0	87072
20400	85376	326	1124	1056	0	87882
20401	2687	325	776	80898	0	84686
20402	1224	83063	821	2291	0	87399
20403	82189	1826	692	1327	0	86034
20404	2198	81261	713	1190	0	85362
20405	1086	81911	717	1042	0	84756
20406	1074	2300	544	83040	0	86958
20407	862	878	535	84832	0	87107
20408	880	621	576	84936	0	87013
20409	865	504	662	85169	0	87200
20410	864	575	82042	2918	0	86399
20411	79677	495	2037	1474	0	83683
20412	83378	429	875	1174	0	85856
20413	2730	438	677	80150	0	83995
20414	1422	483	594	79971	0	82470
20415	78867	458	654	2790	0	82769
20416	2330	553	74443	1517	0	78843
20417	76955	401	1949	1328	0	80633
20418	78337	385	873	1223	0	80818
20419	2742	436	76145	1127	0	80450
20420	77690	411	2064	1090	0	81255
20421	2659	358	1012	78287	0	82316
20422	1405	313	870	79650	0	82238
20423	1225	348	759	79768	0	82100
20424	1276	360	668	79286	0	81590
20425	73221	347	550	2841	0	76959
20426	2553	399	554	71457	0	74963
20427	1098	317	437	65782	0	67634
20428	844	61451	514	2335	0	65144
20429	668	63803	576	1265	0	66312
20430	736	1591	368	62204	0	64899
20431	61581	570	279	1900	0	64330
20432	1940	399	302	57466	0	60107
20433	778	340	53418	1584	0	56120
20434	636	273	51410	753	0	53072
20435	49427	228	1451	677	0	51783
20436	1370	50542	705	597	0	53214
20437	47318	971	643	546	0	49478
20438	1466	486	47425	495	0	49872
20439	981	1185	1120	43814	0	47100
20440	43716	193	492	1119	0	45520
20441	1081	43548	470	574	0	45673
20442	43205	799	363	507	0	44874
20443	1228	386	46648	481	0	48743
20444	647	285	879	45914	0	47725
20445	457	163	463	47663	0	48746
20446	48111	178	371	1286	0	49946
20447	48479	201	304	646	0	49630
20448	49813	234	187	537	0	50771
20449	49745	221	126	496	0	50588
20450	50025	204	151	480	0	50860
20451	1320	49353	262	458	0	51393
20452	724	815	198	50096	0	51833
20453	50960	330	202	1137	0	52629
20454	1161	247	166	50577	0	52151
20455	736	133	154	50859	0	51882
20456	679	120	157	50541	0	51497
20457	457	49434	211	1309	0	51411
20458	49667	806	175	738	0	51386
20459	1031	330	207	49607	0	51175
20460	47797	186	209	1185	0	49377
20461	46867	107	153	759	0	47886
20462	1138	46159	218	579	0	48094
20463	45858	635	146	429	0	47068
20464	1149	319	44821	300	0	46589
20465	43312	160	790	261	0	44523
20466	1058	372	572	43220	0	45222
20467	550	131	44568	750	0	45999
20468	436	44460	686	502	0	46084
20469	517	627	43369	368	0	44881
20470	182	38314	448	182	0	39126
20471	33489	641	753	336	0	35219
20472	32833	73	122	174	0	33202
20473	32097	31	31	96	0	32255
20474	124	32256	40	62	0	32482
20475	31420	69	20	59	0	31568
20476	115	94	31697	43	0	31949
20477	50	89	32073	48	0	32260
20478	67	106	77	31212	0	31462
20479	46	34	23	33532	0	33635
20480	14	33908	44	101	0	34067
20481	34132	75	5	116	0	34328
20482	89	45	15	34640	0	34789
20483	37	34768	53	120	0	34978
20484	40	90	15	35638	0	35783
20485	35536	20	13	165	0	35734
20486	34665	19	14	128	0	34826
20487	147	71	33675	38	0	33931
20488	136	20	88	33728	0	33972
20489	64	89	34357	132	0	34642
20490	43	16	92	34574	0	34725
20491	56	64	34993	144	0	35257
20492	60	31	126	34424	0	34641
20493	47	93	35184	153	0	35477
20494	50	20	127	34660	0	34857
20495	58	79	36029	155	0	36321
20496	71	22	134	35297	0	35524
20497	61	28	54	36442	0	36585
20498	43	38124	85	192	0	38444
20499	51	137	23	39233	0	39444
20500	62	113	38932	174	0	39281
20501	62	38	144	38356	0	38600
20502	56	28	56	39210	0	39350
20503	39527	25	32	291	0	39875
20504	169	33	36	40318	0	40556
20505	108	24	25	40206	0	40363
20506	74	84	39284	228	0	39670
20507	37450	36	167	212	0	37865
20508	171	32	78	40592	0	40873
20509	99	24	56	40769	0	40948
20510	65	25	40	41127	0	41257
20511	41181	21	47	363	0	41612
20512	176	20	48	41803	0	42047
20513	92	28	52	41917	0	42089
20514	41382	25	44	374	0	41825
20515	198	41556	87	174	0	42015
20516	111	191	29	41403	0	41734
20517	68	77	38	41857	0	42040
20518	48	116	41054	309	0	41527
20519	31168	66	263	356	0	31853
20520	226	24	75	40751	0	41076
20521	112	64	39807	273	0	40256
20522	39576	20	197	260	0	40053
20523	235	31	67	42060	0	42393
20524	108	22	54	43645	0	43829
20525	79	25	46	43971	0	44121
20526	80	29	47	45019	0	45175
20527	70	93	48413	454	0	49030
20528	91	30	384	48643	0	49148
20529	97	17	114	60651	0	60879
20530	100	106	68336	1058	0	69600
20531	68997	27	1344	479	0	70847
20532	73189	31	445	395	0	74060
20533	73616	37	294	261	0	74208
20534	2191	39	133	72085	0	74448
20535	73085	46	79	1565	0	74775
20536	74507	41	81	631	0	75260
20537	2054	37	67	73863	0	76021
20538	74184	23	83	1706	0	75996
20539	74531	33	72	673	0	75309
20540	74669	24	63	497	0	75253
20541	75293	22	69	351	0	75735
20542	2289	30	66	71916	0	74301
20543	925	68781	148	1515	0	71369
20544	560	69665	181	614	0	71020
20545	297	70603	146	455	0	71501
20546	68034	2009	73	345	0	70461
20547	69810	752	65	275	0	70902
20548	2053	485	67824	258	0	70620
20549	68491	192	1525	298	0	70506
20550	2072	99	504	70131	0	72806
20551	859	74	332	70640	0	71905
20552	690	63	169	71341	0	72263
20553	68986	50	124	2452	0	71612
20554	1824	39	91	69088	0	71042
20555	771	67848	182	2074	0	70875
20556	678	1465	90	69174	0	71407
20557	474	568	70107	1974	0	73123
20558	484	344	1518	70398	0	72744
20559	70477	165	539	2122	0	73303
20560	1984	221	70557	822	0	73584
20561	960	105	1599	70311	0	72975
20562	816	148	560	70447	0	71971
20563	610	182	392	70476	0	71660
20564	405	71258	314	2373	0	74350
20565	551	1542	142	72184	0	74419
20566	71905	519	138	2207	0	74769
20567	71030	381	172	955	0	72538
20568	2459	250	69015	668	0	72392
20569	1240	239	69899	495	0	71873
20570	882	149	2025	68745	0	71801
20571	651	148	828	71374	0	73001
20572	540	266	70812	2369	0	73987
20573	670	244	1768	64202	0	66884
20574	456	69800	752	2003	0	73011
20575	72035	1667	467	956	0	75125
20576	72080	560	307	785	0	73732
20577	71169	394	261	649	0	72473
20578	3491	318	69910	589	0	74308
20579	1454	228	1723	70549	0	73954
20580	976	246	70448	2108	0	73778
20581	67691	143	1951	1058	0	70843
20582	2043	69806	773	863	0	73485
20583	1118	1691	474	69453	0	72736
20584	70012	597	325	2200	0	73134
20585	2224	463	244	69845	0	72776
20586	1151	304	283	72197	0	73935
20587	904	301	70221	2612	0	74038
20588	65674	221	1844	1445	0	69184
20589	2306	69959	848	994	0	74107
20590	1349	1622	576	70492	0	74039
20591	70696	606	361	2239	0	73902
20592	2476	480	284	70783	0	74023
20593	70358	341	270	2528	0	73497
20594	2593	70525	407	1239	0	74764
20595	71847	1645	234	1132	0	74858
20596	2666	757	72069	780	0	76272
20597	71854	454	1934	742	0	74984
20598	72675	296	809	813	0	74593
20599	73002	286	716	770	0	74774
20600	3299	358	427	70406	0	74490
20601	1836	466	336	68201	0	70839
20602	1463	452	313	69893	0	72121
20603	1102	68900	402	2841	0	73245
20604	69500	1835	432	1560	0	73327
20605	2653	679	334	69453	0	73119
20606	1441	531	413	70278	0	72663
20607	1315	303	376	70789	0	72783
20608	68575	315	353	3002	0	72245
20609	2406	281	332	69490	0	72509
20610	1306	388	67500	2801	0	71995
20611	905	67626	1758	1656	0	71945
20612	870	1962	652	68684	0	72168
20613	820	924	563	69960	0	72267
20614	864	676	476	71068	0	73084
20615	810	477	68218	2973	0	72478
20616	851	360	68757	1575	0	71543
20617	824	225	2402	68914	0	72365
20618	819	330	71852	2552	0	75553
20619	777	237	2150	73036	0	76200
20620	73493	256	867	3057	0	77673
20621	76210	255	650	1840	0	78955
20622	75988	362	431	1390	0	78171
20623	3019	505	73217	968	0	77709
20624	70686	356	1869	915	0	73826
20625	2714	383	900	73284	0	77281
20626	1365	255	72585	2212	0	76417
20627	1047	239	70967	1187	0	73440
20628	740	69233	2331	1223	0	73527
20629	353	59004	820	482	0	60659
20630	49455	725	1373	352	0	51905
20631	645	197	178	48210	0	49230
20632	226	158	49128	526	0	50038
20633	195	74	410	49908	0	50587
20634	50314	41	156	659	0	51170
20635	533	132	54990	249	0	55904
20636	54091	53	582	322	0	55048
20637	57954	58	187	248	0	58447
20638	57443	65	116	256	0	57880
20639	795	57228	142	223	0	58388
20640	58790	596	95	318	0	59799
20641	764	161	102	59473	0	60500
20642	331	104	111	59166	0	59712
20643	252	72	76	60059	0	60459
20644	199	67	100	59863	0	60229
20645	58291	45	102	987	0	59425
20646	723	57658	172	433	0	58986
20647	243	56668	145	247	0	57303
20648	189	58738	139	208	0	59274
20649	58530	700	135	255	0	59620
20650	58628	175	89	247	0	59139
20651	58385	106	97	240	0	58828
20652	58500	63	92	216	0	58871
20653	862	98	88	58360	0	59408
20654	324	74	84	58932	0	59414
20655	58455	70	92	870	0	59487
20656	689	58518	135	332	0	59674
20657	57134	604	78	262	0	58078
20658	58172	158	91	275	0	58696
20659	854	106	89	57407	0	58456
20660	294	58649	164	706	0	59813
20661	257	666	103	59855	0	60881
20662	58894	165	82	872	0	60013
20663	821	220	60781	290	0	62112
20664	348	97	647	58085	0	59177
20665	212	60805	253	646	0	61916
20666	60583	645	131	310	0	61669
20667	59000	201	95	298	0	59594
20668	865	199	61386	188	0	62638
20669	307	60415	707	217	0	61646
20670	307	719	61440	181	0	62647
20671	261	278	646	59335	0	60520
20672	194	197	60505	641	0	61537
20673	227	174	59821	250	0	60472
20674	164	59590	711	203	0	60668
20675	59097	575	196	243	0	60111
20676	59733	179	130	293	0	60335
20677	741	62118	158	209	0	63226
20678	288	62180	154	208	0	62830
20679	283	787	59275	138	0	60483
20680	238	367	59289	142	0	60036
20681	251	255	60975	159	0	61640
20682	276	134	684	60453	0	61547
20683	267	214	61855	662	0	62998
20684	253	146	630	59678	0	60707
20685	272	124	191	60007	0	60594
20686	287	194	61704	808	0	62993
20687	202	61607	705	368	0	62882
20688	267	653	193	61427	0	62540
20689	60774	240	128	780	0	61922
20690	839	154	100	61695	0	62788
20691	380	284	62113	722	0	63499
20692	278	62007	690	325	0	63300
20693	232	65425	281	275	0	66213
20694	293	902	186	63584	0	64965
20695	63891	254	155	875	0	65175
20696	63807	178	142	393	0	64520
20697	1037	186	138	62318	0	63679
20698	415	65626	190	816	0	67047
20699	413	876	105	66293	0	67687
20700	384	281	120	68274	0	69059
20701	349	234	119	68560	0	69262
20702	70523	180	132	1211	0	72046
20703	1093	71059	244	458	0	72854
20704	71763	997	153	459	0	73372
20705	72731	352	178	380	0	73641
20706	72678	251	170	360	0	73459
20707	74161	200	162	358	0	74881
20708	1486	233	148	72534	0	74401
20709	611	275	72907	1174	0	74967
20710	383	73051	1135	505	0	75074
20711	74514	1091	386	477	0	76468
20712	75555	411	213	368	0	76547
20713	76203	247	193	390	0	77033
20714	1607	314	74289	245	0	76455
20715	73206	210	1110	314	0	74840
20716	75832	192	391	270	0	76685
20717	1623	230	211	74930	0	76994
20718	703	260	72143	1151	0	74257
20719	412	70952	1186	547	0	73097
20720	440	1174	426	70543	0	72583
20721	70272	401	245	1277	0	72195
20722	1289	240	171	70305	0	72005
20723	594	171	195	73055	0	74015
20724	74727	181	188	1622	0	76718
20725	1470	299	73834	574	0	76177
20726	73681	186	1240	446	0	75553
20727	73423	167	488	405	0	74483
20728	73378	169	318	325	0	74190
20729	73241	205	229	350	0	74025
20730	1838	289	70981	274	0	73382
20731	869	170	1239	69914	0	72192
20732	510	272	71354	1293	0	73429
20733	455	287	1301	69902	0	71945
20734	398	266	70596	1390	0	72650
20735	62831	155	1247	625	0	64858
20736	1282	63561	595	345	0	65783
20737	613	66022	321	205	0	67161
20738	549	1434	253	70529	0	72765
20739	519	521	192	70782	0	72014
20740	331	76198	294	1815	0	78638
20741	77223	1576	167	735	0	79701
20742	80795	566	170	444	0	81975
20743	84095	264	139	380	0	84878
20744	88337	165	168	299	0	88969
20745	2917	152	146	86808	0	90023
20746	1199	152	158	90179	0	91688
20747	90336	137	133	2833	0	93439
20748	2581	113	150	89584	0	92428
20749	1153	219	87583	2484	0	91439
20750	722	271	88751	953	0	90697
20751	623	127	2760	88635	0	92145
20752	616	263	88834	2372	0	92085
20753	87203	117	2421	1053	0	90794
20754	2589	126	896	88096	0	91707
20755	88901	145	453	2479	0	91978
20756	2635	237	88797	1041	0	92710
20757	1225	149	2298	88106	0	91778
20758	764	263	88915	2461	0	92403
20759	557	88229	2568	1201	0	92555
20760	87187	2364	1073	707	0	91331
20761	88081	806	491	537	0	89915
20762	3164	86398	439	536	0	90537
20763	85703	2226	275	508	0	88712
20764	2977	841	291	84167	0	88276
20765	1461	400	247	85864	0	87972
20766	83708	239	310	3100	0	87357
20767	2722	81908	395	1306	0	86331
20768	1355	83966	409	729	0	86459
20769	1047	2838	293	81841	0	86019
20770	81529	1010	295	2557	0	85391
20771	83182	448	341	1208	0	85179
20772	83120	348	328	799	0	84595
20773	3621	443	79949	591	0	84604
20774	1723	396	80325	633	0	83077
20775	1020	79605	3075	635	0	84335
20776	79458	2293	1166	691	0	83608
20777	3080	931	593	76550	0	81154
20778	78100	497	476	2639	0	81712
20779	79327	338	445	1219	0	81329
20780	3835	286	420	76784	0	81325
20781	1842	417	76518	2782	0	81559
20782	76430	304	2470	1371	0	80575
20783	3155	273	1050	76557	0	81035
20784	1601	346	76481	2878	0	81306
20785	75439	303	2491	1394	0	79627
20786	77634	273	1149	1002	0	80058
20787	3698	250	775	75402	0	80125
20788	1792	378	75021	2856	0	80047
20789	1388	307	2555	70225	0	74475
20790	1119	74510	1241	2787	0	79657
20791	1335	2317	74643	1291	0	79586
20792	1174	75419	2664	939	0	80196
20793	73685	2365	1191	782	0	78023
20794	75125	970	825	763	0	77683
20795	74949	513	658	816	0	76936
20796	74689	388	599	862	0	76538
20797	4131	425	547	70943	0	76046
20798	69832	420	492	2522	0	73266
20799	3307	335	467	68310	0	72419
20800	66238	345	555	2673	0	69811
20801	2892	65181	537	1456	0	70066
20802	1593	2010	433	59615	0	63651
20803	1080	62241	555	2242	0	66118
20804	62560	2103	402	1189	0	66254
20805	62832	932	397	803	0	64964
20806	3011	60971	548	754	0	65284
20807	1619	1990	492	60540	0	64641
20808	1201	845	59925	2202	0	64173
20809	1138	611	1983	59564	0	63296
20810	1060	473	59474	2286	0	63293
20811	1260	500	2149	51684	0	55593
20812	885	56886	1074	2022	0	60867
20813	57290	1871	582	1024	0	60767
20814	58668	808	445	778	0	60699
20815	3035	454	389	57059	0	60937
20816	59430	329	421	2247	0	62427
20817	2739	410	443	58552	0	62144
20818	1500	394	444	59792	0	62130
20819	1103	356	454	60508	0	62421
20820	59294	323	385	2858	0	62860
20821	59929	262	375	1368	0	61934
20822	59671	309	391	909	0	61280
20823	2996	55589	517	665	0	59767
20824	53843	1689	377	593	0	56502
20825	2294	52513	450	602	0	55859
20826	53110	1872	373	587	0	55942
20827	2484	727	345	51842	0	55398
20828	1411	515	291	53457	0	55674
20829	52346	391	325	2242	0	55304
20830	52902	348	278	1045	0	54573
20831	2593	51324	380	722	0	55019
20832	51332	1622	236	634	0	53824
20833	2442	610	209	49357	0	52618
20834	1311	404	219	50539	0	52473
20835	49137	282	210	2267	0	51896
20836	2187	320	48178	1026	0	51711
20837	1111	45768	1484	738	0	49101
20838	918	1187	408	38491	0	41004
20839	532	373	35124	1021	0	37050
20840	556	1090	875	32486	0	35007
20841	32260	159	458	1042	0	33919
20842	954	29777	244	539	0	31514
20843	419	26806	164	293	0	27682
20844	243	23533	114	158	0	24048
20845	640	910	477	20771	0	22798
20846	20539	119	551	453	0	21662
20847	346	82	23	19954	0	20405
20848	19851	45	28	344	0	20268
20849	20031	42	35	134	0	20242
20850	364	35	30	19912	0	20341
20851	20176	46	27	314	0	20563
20852	356	43	29	20335	0	20763
20853	133	71	20339	314	0	20857
20854	19622	34	255	154	0	20065
20855	355	57	21577	88	0	22077
20856	19625	30	249	106	0	20010
20857	330	53	20691	71	0	21145
20858	120	56	186	19364	0	19726
20859	92	44	43	20204	0	20383
20860	20605	36	28	276	0	20945
20861	242	35	13	21075	0	21365
20862	21074	30	14	272	0	21390
20863	256	21142	37	98	0	21533
20864	22189	201	15	132	0	22537
20865	293	65	29	22879	0	23266
20866	134	42	21	23210	0	23407
20867	91	45	21	23355	0	23512
20868	85	27	20	23429	0	23561
20869	71	41	22758	295	0	23165
20870	70	48	22305	118	0	22541
20871	75	25	233	22421	0	22754
20872	75	43	23023	250	0	23391
20873	59	22993	250	89	0	23391
20874	86	226	54	22960	0	23326
20875	68	87	23804	248	0	24207
20876	68	105	23482	99	0	23754
20877	69	66	253	23227	0	23615
20878	83	17	77	23618	0	23795
20879	51	24155	52	271	0	24529
20880	70	246	25	24448	0	24789
20881	66	72	24270	282	0	24690
20882	22722	40	255	108	0	23125
20883	278	29	73	24427	0	24807
20884	24759	13	46	331	0	25149
20885	24873	22	35	128	0	25058
20886	25385	39	30	138	0	25592
20887	332	46	26002	73	0	26453
20888	114	61	25746	65	0	25986
20889	22100	29	324	131	0	22584
20890	304	47	26234	72	0	26657
20891	107	32	297	24387	0	24823
20892	106	30	65	25448	0	25649
20893	82	100	25732	338	0	26252
20894	58	25760	304	134	0	26256
20895	25480	258	97	124	0	25959
20896	289	25957	94	100	0	26440
20897	94	26894	84	92	0	27164
20898	26725	293	68	141	0	27227
20899	306	103	27582	95	0	28086
20900	107	90	27870	91	0	28158
20901	117	42	362	26921	0	27442
20902	27675	30	124	349	0	28178
20903	305	27973	105	167	0	28550
20904	28047	297	71	113	0	28528
20905	370	115	28993	91	0	29569
20906	111	30829	362	94	0	31396
20907	105	365	135	31227	0	31832
20908	105	110	32174	402	0	32791
20909	97	58	396	31792	0	32343
20910	121	60	147	29226	0	29554
20911	113	50	80	32787	0	33030
20912	112	42	82	32785	0	33021
20913	32180	50	90	515	0	32835
20914	31795	47	84	192	0	32118
20915	487	74	32493	121	0	33175
20916	30107	44	386	127	0	30664
20917	428	31158	157	94	0	31837
20918	30817	355	88	112	0	31372
20919	673	107	31293	84	0	32157
20920	162	107	382	30437	0	31088
20921	102	64	31488	362	0	32016
20922	101	64	31655	119	0	31939
20923	116	90	445	30666	0	31317
20924	93	48	142	31367	0	31650
20925	68	83	31237	444	0	31832
20926	76	30590	421	166	0	31253
20927	78	31388	145	129	0	31740
20928	118	446	107	31069	0	31740
20929	30498	124	126	430	0	31178
20930	357	32629	94	212	0	33292
20931	132	394	32918	133	0	33577
20932	109	128	32487	116	0	32840
20933	109	95	33093	131	0	33428
20934	118	55	472	31820	0	32465
20935	32698	61	170	440	0	33369
20936	414	32488	140	196	0	33238
20937	153	415	32525	125	0	33218
20938	117	32714	443	118	0	33392
20939	119	385	182	32678	0	33364
20940	100	140	33059	432	0	33731
20941	76	33460	461	205	0	34202
20942	118	373	157	32596	0	33244
20943	105	115	127	34029	0	34376
20944	95	121	34733	497	0	35446
20945	141	96	430	32834	0	33501
20946	87	34316	213	410	0	35026
20947	116	408	34249	178	0	34951
20948	33124	134	401	159	0	33818
20949	436	95	169	34361	0	35061
20950	190	89	139	33889	0	34307
20951	106	34402	181	430	0	35119
20952	33915	352	135	217	0	34619
20953	401	146	33874	120	0	34541
20954	32610	110	433	178	0	33331
20955	425	111	147	33136	0	33819
20956	110	33960	163	377	0	34610
20957	107	351	139	33963	0	34560
20958	98	134	112	35082	0	35426
20959	34589	87	114	495	0	35285
20960	34946	97	114	243	0	35400
20961	432	69	101	35195	0	35797
20962	144	117	35080	414	0	35755
20963	31015	83	404	252	0	31754
20964	342	35095	216	155	0	35808
20965	175	380	129	34908	0	35592
20966	133	127	111	35683	0	36054
20967	130	111	97	35805	0	36143
20968	93	128	35438	490	0	36149
20969	113	107	411	34284	0	34915
20970	70	35705	204	435	0	36414
20971	107	376	145	34702	0	35330
20972	79	35568	152	404	0	36203
20973	118	402	98	35370	0	35988
20974	92	195	35115	451	0	35853
20975	30888	95	406	250	0	31639
20976	403	99	161	34889	0	35552
20977	137	102	35399	419	0	36057
20978	84	35311	387	235	0	36017
20979	34825	323	155	182	0	35485
20980	350	177	34811	151	0	35489
20981	33695	104	371	195	0	34365
20982	356	103	149	35432	0	36040
20983	179	63	98	34957	0	35297
20984	88	35505	123	361	0	36077
20985	35253	297	76	216	0	35842
20986	34460	124	85	153	0	34822
20987	357	36348	111	154	0	36970
20988	152	318	79	36882	0	37431
20989	106	128	71	37134	0	37439
20990	90	83	85	36883	0	37141
20991	87	117	36350	448	0	37002
20992	33936	65	330	263	0	34594
20993	333	64	131	36467	0	36995
20994	150	84	91	36769	0	37094
20995	146	114	36002	431	0	36693
20996	87	124	35546	205	0	35962
20997	115	116	390	36281	0	36902
20998	98	114	36835	384	0	37431
20999	34382	82	337	206	0	35007
21000	314	53	144	36389	0	36900
21001	159	43	106	36880	0	37188
21002	97	121	38391	452	0	39061
21003	116	79	299	38803	0	39297
21004	88	95	39844	386	0	40413
21005	65	38827	346	192	0	39430
21006	36460	270	188	175	0	37093
21007	36190	85	74	151	0	36500
21008	280	36389	78	109	0	36856
21009	138	230	44	36736	0	37148
21010	87	151	37140	303	0	37681
21011	64	81	227	36839	0	37211
21012	36887	29	100	314	0	37330
21013	246	37465	83	147	0	37941
21014	37442	216	58	154	0	37870
21015	268	98	73	37306	0	37745
21016	37280	43	41	280	0	37644
21017	234	37086	76	201	0	37597
21018	37370	223	38	138	0	37769
21019	267	133	36199	102	0	36701
21020	107	36751	246	108	0	37212
21021	131	180	108	36779	0	37198
21022	37958	76	72	308	0	38414
21023	38308	44	35	166	0	38553
21024	278	27	29	38457	0	38791
21025	39065	30	36	290	0	39421
21026	38740	27	34	167	0	38968
21027	39715	26	47	174	0	39962
21028	325	28	30	39838	0	40221
21029	123	71	40247	229	0	40670
21030	70	63	37614	133	0	37880
21031	68	76	38545	79	0	38768
21032	37914	32	276	87	0	38309
21033	248	32	106	39086	0	39472
21034	101	40154	76	251	0	40582
21035	105	217	41	39476	0	39839
21036	37	40724	96	267	0	41124
21037	41071	232	35	159	0	41497
21038	259	77	44	41600	0	41980
21039	144	63	38	42694	0	42939
21040	43142	34	34	425	0	43635
21041	340	57	36	43478	0	43911
21042	168	59	41	44281	0	44549
21043	44779	32	35	495	0	45341
21044	424	78	45571	166	0	46239
21045	189	34	394	45451	0	46068
21046	108	108	45682	455	0	46353
21047	44406	37	431	216	0	45090
21048	470	39	160	46237	0	46906
21049	46365	30	84	496	0	46975
21050	502	32	47	47331	0	47912
21051	197	98	48629	513	0	49437
21052	174	51	447	48879	0	49551
21053	49978	43	161	570	0	50752
21054	478	51164	152	255	0	52049
21055	187	509	50593	148	0	51437
21056	47412	129	472	140	0	48153
21057	502	52470	176	128	0	53276
21058	177	53946	107	139	0	54369
21059	137	59558	104	119	0	59918
21060	152	780	62	63143	0	64137
21061	65580	198	122	824	0	66724
21062	67721	91	62	294	0	68168
21063	1044	121	67029	150	0	68344
21064	65213	70	857	139	0	66279
21065	958	65924	241	98	0	67221
21066	302	844	90	64787	0	66023
21067	68987	152	63	944	0	70146
21068	69797	84	71	280	0	70232
21069	70167	48	79	192	0	70486
21070	69212	63	79	176	0	69530
21071	69976	79	71	165	0	70291
21072	1183	85	76	69454	0	70798
21073	347	160	69374	965	0	70846
21074	297	88	924	69629	0	70938
21075	290	83	153	70236	0	70762
21076	70302	80	105	1121	0	71608
21077	1069	68799	145	360	0	70373
21078	69774	905	85	250	0	71014
21079	70812	193	104	257	0	71366
21080	72947	105	117	350	0	73519
21081	73946	86	142	275	0	74449
21082	1354	146	72287	179	0	73966
21083	72179	126	934	251	0	73490
21084	74239	106	218	262	0	74825
21085	63601	182	292	412	0	64487
21086	74044	91	93	226	0	74454
21087	1445	94	92	71370	0	73001
21088	580	157	69988	1066	0	71791
21089	68821	64	975	353	0	70213
21090	1211	70706	341	284	0	72542
21091	552	937	195	67997	0	69681
21092	417	71977	209	1007	0	73610
21093	435	993	147	72439	0	74014
21094	73658	246	123	1172	0	75199
21095	74187	185	146	372	0	74890
21096	74243	155	126	317	0	74841
21097	1484	204	70528	242	0	72458
21098	70249	128	961	284	0	71622
21099	1337	197	70639	216	0	72389
21100	594	196	71358	234	0	72382
21101	576	218	73315	217	0	74326
21102	640	217	1170	66256	0	68283
21103	533	121	324	71187	0	72165
21104	555	101	222	71125	0	72003
21105	541	123	183	71060	0	71907
21106	538	150	225	69491	0	70404
21107	522	152	201	69489	0	70364
21108	437	71120	265	1205	0	73027
21109	69455	988	169	500	0	71112
21110	1168	71492	250	411	0	73321
21111	630	1056	136	71788	0	73610
21112	586	324	142	73082	0	74134
21113	71852	188	169	1366	0	73575
21114	1363	71871	236	503	0	73973
21115	72302	1011	179	389	0	73881
21116	1498	319	216	71993	0	74026
21117	749	262	252	72617	0	73880
21118	635	202	229	72895	0	73961
21119	577	283	71961	1365	0	74186
21120	646	195	1032	71654	0	73527
21121	604	265	70991	1292	0	73152
21122	601	225	70790	573	0	72189
21123	626	262	74250	483	0	75621
21124	669	178	1210	73080	0	75137
21125	670	208	397	75752	0	77027
21126	622	234	288	76764	0	77908
21127	76278	234	273	1627	0	78412
21128	1544	263	257	78065	0	80129
21129	78371	205	273	1575	0	80424
21130	1665	78577	302	778	0	81322
21131	82069	1169	255	638	0	84131
21132	85548	319	272	696	0	86835
21133	1889	88462	333	537	0	91221
21134	89374	1253	195	658	0	91480
21135	89721	354	252	609	0	90936
21136	90736	214	301	602	0	91853
21137	90668	143	310	550	0	91671
21138	2096	256	88958	475	0	91785
21139	899	88015	1395	440	0	90749
21140	894	1335	443	87013	0	89685
21141	86836	318	341	1548	0	89043
21142	1601	331	86843	641	0	89416
21143	715	85453	1314	643	0	88125
21144	770	1091	390	80179	0	82430
21145	614	85963	308	1260	0	88145
21146	667	1275	238	85413	0	87593
21147	772	418	190	86818	0	88198
21148	738	380	86528	1433	0	89079
21149	729	329	85024	479	0	86561
21150	77803	224	1401	525	0	79953
21151	1491	282	84853	314	0	86940
21152	764	296	84595	325	0	85980
21153	705	240	1308	81960	0	84213
21154	633	245	462	80155	0	81495
21155	475	83281	470	1402	0	85628
21156	478	89285	425	670	0	90858
21157	530	1392	87934	453	0	90309
21158	731	1049	1458	86478	0	89716
21159	390	330	84415	1256	0	86391
21160	266	195	77084	429	0	77974
21161	167	76259	1229	279	0	77934
21162	436	976	501	72962	0	74875
21163	74104	282	236	940	0	75562
21164	905	175	146	74351	0	75577
21165	74823	103	139	993	0	76058
21166	74849	83	127	429	0	75488
21167	74881	101	112	363	0	75457
21168	1196	166	73962	168	0	75492
21169	72334	105	870	225	0	73534
21170	1013	112	328	75167	0	76620
21171	75271	98	200	1006	0	76575
21172	75236	82	153	454	0	75925
21173	1049	74671	228	257	0	76205
21174	74711	811	131	258	0	75911
21175	975	356	74997	163	0	76491
21176	71600	194	855	212	0	72861
21177	73182	114	311	261	0	73868
21178	1026	74330	279	209	0	75844
21179	73975	826	162	243	0	75206
21180	1022	307	153	71028	0	72510
21181	468	182	154	70474	0	71278
21182	270	70905	258	986	0	72419
21183	310	829	163	71701	0	73003
21184	340	267	173	72417	0	73197
21185	310	277	71290	1067	0	72944
21186	291	295	70236	452	0	71274
21187	66841	159	1043	363	0	68406
21188	71056	129	388	289	0	71862
21189	1213	109	232	71773	0	73327
21190	573	178	71988	994	0	73733
21191	381	71752	1033	411	0	73577
21192	402	948	372	71430	0	73152
21193	318	415	72769	985	0	74487
21194	67728	247	1053	534	0	69562
21195	1186	179	408	73932	0	75705
21196	510	76470	362	1110	0	78452
21197	494	1087	255	77002	0	78838
21198	413	393	273	78433	0	79512
21199	424	264	272	79118	0	80078
21200	76730	200	248	1620	0	78798
21201	1427	172	253	76193	0	78045
21202	76959	199	227	1441	0	78826
21203	77647	212	193	644	0	78696
21204	1751	297	77034	404	0	79486
21205	735	78274	1313	418	0	80740
21206	793	1322	520	66699	0	69334
21207	426	82005	447	1093	0	83971
21208	83423	1460	265	565	0	85713
21209	1678	501	266	83173	0	85618
21210	727	358	83325	1551	0	85961
21211	526	299	83002	642	0	84469
21212	504	288	83393	417	0	84602
21213	79504	225	1886	445	0	82060
21214	1658	83278	752	410	0	86098
21215	82515	1481	362	428	0	84786
21216	1728	83967	388	419	0	86502
21217	831	1567	314	82142	0	84854
21218	695	533	329	80701	0	82258
21219	504	83947	367	1815	0	86633
21220	556	1624	84017	746	0	86943
21221	408	85062	1640	662	0	87772
21222	82467	1502	567	583	0	85119
21223	1667	570	340	79665	0	82242
21224	713	377	78936	1581	0	81607
21225	556	370	79019	683	0	80628
21226	616	369	1744	77294	0	80023
21227	523	252	77065	1514	0	79354
21228	428	346	74734	633	0	76141
21229	68668	287	1710	456	0	71121
21230	1366	72027	768	522	0	74683
21231	68924	1215	421	420	0	70980
21232	1475	566	68159	361	0	70561
21233	619	64335	1349	397	0	66700
21234	407	65496	656	426	0	66985
21235	734	1698	659	63789	0	66880
21236	374	542	289	64981	0	66186
21237	406	354	270	66097	0	67127
21238	390	319	64776	1751	0	67236
21239	460	260	1274	64874	0	66868
21240	460	254	491	66637	0	67842
21241	65907	241	293	1802	0	68243
21242	1356	65200	376	854	0	67786
21243	679	1331	273	66576	0	68859
21244	66654	539	272	1618	0	69083
21245	65898	356	319	715	0	67288
21246	1862	323	299	65029	0	67513
21247	738	328	65544	1557	0	68167
21248	498	278	1475	65474	0	67725
21249	370	313	65878	1646	0	68207
21250	66594	209	1618	788	0	69209
21251	72594	256	689	501	0	74040
21252	2109	354	469	73141	0	76073
21253	744	316	73659	1692	0	76411
21254	470	74972	1806	795	0	78043
21255	464	1822	75967	464	0	78717
21256	579	1052	1761	62573	0	65965
21257	257	70804	665	1442	0	73168
21258	68467	1509	301	484	0	70761
21259	1599	443	266	65015	0	67323
21260	425	67751	322	1545	0	70043
21261	68881	1494	272	571	0	71218
21262	1610	444	257	67354	0	69665
21263	491	68644	340	1583	0	71058
21264	376	1568	236	69007	0	71187
21265	299	588	68464	1667	0	71018
21266	65114	262	1571	661	0	67608
21267	67778	258	494	420	0	68950
21268	1835	309	66716	328	0	69188
21269	561	66314	1624	363	0	68862
21270	66995	1512	509	370	0	69386
21271	1642	488	315	66547	0	68992
21272	626	293	298	66757	0	67974
21273	390	237	295	67764	0	68686
21274	354	239	304	67810	0	68707
21275	369	226	296	67674	0	68565
21276	66011	231	289	2052	0	68583
21277	67375	247	273	798	0	68693
21278	1975	219	263	66252	0	68709
21279	693	233	263	67552	0	68741
21280	430	297	65697	2019	0	68443
21281	353	322	65783	727	0	67185
21282	63941	245	1845	530	0	66561
21283	1755	260	554	65315	0	67884
21284	654	295	64855	1761	0	67565
21285	524	229	1591	64811	0	67155
21286	65286	217	594	1883	0	67980
21287	67293	203	390	798	0	68684
21288	2080	236	333	65983	0	68632
21289	763	207	297	66845	0	68112
21290	66374	204	320	2089	0	68987
21291	1760	212	272	65208	0	67452
21292	644	66326	370	1765	0	69105
21293	583	1471	217	65400	0	67671
21294	540	490	230	65935	0	67195
21295	385	271	63556	1876	0	66088
21296	387	240	61595	703	0	62925
21297	328	62185	1604	587	0	64704
21298	60494	1336	628	515	0	62973
21299	59985	391	299	453	0	61128
21300	60277	219	266	470	0	61232
21301	1641	58834	352	509	0	61336
21302	563	59932	355	468	0	61318
21303	57295	1371	271	455	0	59392
21304	1345	58986	350	490	0	61171
21305	515	1320	57158	422	0	59415
21306	374	57478	1310	456	0	59618
21307	399	1198	54667	399	0	56663
21308	51466	372	1159	434	0	53431
21309	54195	234	335	442	0	55206
21310	1253	54190	287	466	0	56196
21311	55903	1071	204	408	0	57586
21312	60942	334	180	468	0	61924
21313	61782	268	203	444	0	62697
21314	1824	219	208	60879	0	63130
21315	61540	201	233	1546	0	63520
21316	1684	269	59838	653	0	62444
21317	59871	211	1264	542	0	61888
21318	1736	238	471	61331	0	63776
21319	755	252	60908	1488	0	63403
21320	659	271	61583	685	0	63198
21321	512	277	1562	60952	0	63303
21322	480	197	594	62866	0	64137
21323	62289	222	408	1820	0	64739
21324	1560	208	283	62513	0	64564
21325	702	276	61968	1770	0	64716
21326	643	200	1323	59841	0	62007
21327	455	63361	588	1629	0	66033
21328	64549	1254	379	792	0	66974
21329	1585	433	287	64636	0	66941
21330	743	402	63877	1556	0	66578
21331	568	63837	1384	814	0	66603
21332	62188	1204	535	578	0	64505
21333	1569	431	404	63571	0	65975
21334	724	367	64047	1467	0	66605
21335	589	63497	1326	757	0	66169
21336	63496	1216	531	596	0	65839
21337	63443	390	409	448	0	64690
21338	63930	302	287	452	0	64971
21339	1851	174	243	62239	0	64507
21340	924	170	212	63268	0	64574
21341	61929	135	233	1626	0	63923
21342	1374	61447	293	858	0	63972
21343	61249	1040	221	612	0	63122
21344	1492	365	203	60937	0	62997
21345	62309	283	215	1393	0	64200
21346	1518	203	240	62126	0	64087
21347	734	192	239	62592	0	63757
21348	717	219	199	62763	0	63898
21349	723	172	219	62791	0	63905
21350	480	217	57873	1550	0	60120
21351	391	195	52646	677	0	53909
21352	44861	99	949	586	0	46495
21353	821	148	51378	331	0	52678
21354	367	135	47283	229	0	48014
21355	44620	93	889	227	0	45829
21356	47510	69	521	225	0	48325
21357	861	99	313	50384	0	51657
21358	51167	64	202	693	0	52126
21359	779	51962	182	367	0	53290
21360	52981	498	115	398	0	53992
21361	52494	246	126	288	0	53154
21362	54639	237	104	330	0	55310
21363	986	165	95	53761	0	55007
21364	594	53301	151	581	0	54627
21365	432	54504	162	356	0	55454
21366	54494	636	148	308	0	55586
21367	54806	354	135	275	0	55570
21368	842	245	121	53881	0	55089
21369	506	160	129	53891	0	54686
21370	359	53692	196	763	0	55010
21371	53002	526	110	524	0	54162
21372	729	303	53700	371	0	55103
21373	514	201	481	52398	0	53594
21374	453	104	254	54224	0	55035
21375	284	159	54194	796	0	55433
21376	269	105	526	52515	0	53415
21377	263	43516	375	804	0	44958
21378	269	493	216	54558	0	55536
21379	314	245	144	53913	0	54616
21380	239	50905	171	806	0	52121
21381	251	54509	145	562	0	55467
21382	229	595	116	53954	0	54894
21383	53719	334	121	766	0	54940
21384	580	241	132	54209	0	55162
21385	379	162	165	54738	0	55444
21386	335	54975	252	746	0	56308
21387	302	474	179	56465	0	57420
21388	327	225	142	56323	0	57017
21389	268	193	147	56496	0	57104
21390	54595	100	128	971	0	55794
21391	670	111	82	54967	0	55830
21392	439	131	84	54380	0	55034
21393	398	167	63	54527	0	55155
21394	345	185	52113	874	0	53517
21395	44148	113	430	705	0	45396
21396	617	51823	262	459	0	53161
21397	52045	413	180	324	0	52962
21398	683	255	98	52004	0	53040
21399	366	283	50969	541	0	52159
21400	44883	170	449	442	0	45944
21401	640	232	58612	310	0	59794
21402	453	126	547	57743	0	58869
21403	60880	78	291	605	0	61854
21404	60085	86	252	367	0	60790
21405	61658	77	117	446	0	62298
21406	853	116	108	61028	0	62105
21407	545	83	89	62229	0	62946
21408	390	172	91	62124	0	62777
21409	213	59333	126	829	0	60501
21410	184	59416	113	527	0	60240
21411	162	58260	132	383	0	58937
21412	40	54060	68	79	0	54247
21413	96	102	83	54160	0	54441
21414	46	40	13	55069	0	55168
21415	53522	17	28	200	0	53767
21416	53097	28	21	127	0	53273
21417	54332	19	21	164	0	54536
21418	127	31	19	53894	0	54071
21419	76	33	22	54893	0	55024
21420	53280	19	24	191	0	53514
21421	51322	44	51	129	0	51546
21422	181	93	51861	69	0	52204
21423	114	115	49628	56	0	49913
21424	76	105	51600	52	0	51833
21425	66	71	54421	65	0	54623
21426	61	34	106	53257	0	53458
21427	53606	21	29	208	0	53864
21428	97	53441	84	137	0	53759
21429	64	101	25	54670	0	54860
21430	73	133	55229	121	0	55556
21431	44	57996	125	167	0	58332
21432	62	95	21	58726	0	58904
21433	59	101	57920	136	0	58216
21434	79	33	86	56069	0	56267
21435	59	34	38	57967	0	58098
21436	58434	20	27	204	0	58685
21437	109	21	20	59369	0	59519
21438	90	102	59537	120	0	59849
21439	84	39	84	58765	0	58972
21440	46	63116	87	187	0	63436
21441	81	96	26	66039	0	66242
21442	67	30	29	66666	0	66792
21443	53	25	33	66240	0	66351
21444	66600	13	23	305	0	66941
21445	66152	29	23	215	0	66419
21446	66678	23	20	197	0	66918
21447	66387	20	27	200	0	66634
21448	180	99	66214	47	0	66540
21449	63017	31	98	137	0	63283
21450	66482	34	35	127	0	66678
21451	169	96	66128	69	0	66462
21452	116	149	69677	52	0	69994
21453	97	58	102	68932	0	69189
21454	39	70757	100	147	0	71043
21455	72040	91	55	236	0	72422
21456	73499	32	33	223	0	73787
21457	72568	23	48	230	0	72869
21458	145	24	21	71940	0	72130
21459	62	74901	80	137	0	75180
21460	77549	79	21	279	0	77928
21461	78816	40	30	241	0	79127
21462	147	31	22	77663	0	77863
21463	83	162	76459	185	0	76889
21464	75635	42	95	210	0	75982
21465	153	18	49	80712	0	80932
21466	82199	12	38	332	0	82581
21467	161	29	26	83397	0	83613
21468	101	152	83473	132	0	83858
21469	86308	40	107	382	0	86837
21470	141	32	42	90286	0	90501
21471	157	29	42	90823	0	91051
21472	73	39	24	91218	0	91354
21473	78	27	26	91013	0	91144
21474	91762	25	22	379	0	92188
21475	139	19	22	91575	0	91755
21476	106	90860	108	194	0	91268
21477	80	144	16	92458	0	92698
21478	39	92452	119	212	0	92822
21479	87	148	9	93739	0	93983
21480	89	73	24	94155	0	94341
21481	34	93651	112	204	0	94001
21482	83	132	27	94985	0	95227
21483	89	77	29	94500	0	94695
21484	93263	28	30	348	0	93669
21485	206	156	95232	102	0	95696
21486	111	44	183	95753	0	96091
21487	96575	20	44	391	0	97030
21488	95754	12	43	216	0	96025
21489	96280	29	29	214	0	96552
21490	362	158	96830	86	0	97436
21491	162	170	97513	67	0	97912
21492	138	88	398	99299	0	99923
21493	102067	27	127	514	0	102735
21494	395	156	101582	142	0	102275
21495	96114	61	383	266	0	96824
21496	370	103458	250	126	0	104204
21497	217	331	52	109370	0	109970
21498	130	121	39	112114	0	112404
21499	113197	43	47	650	0	113937
21500	406	44	28	114401	0	114879
21501	108769	41	44	637	0	109491
21502	110323	38	46	451	0	110858
21503	484	62	35	109727	0	110308
21504	207	42	40	110485	0	110774
21505	109972	33	56	785	0	110846
21506	456	258	116074	164	0	116952
21507	112604	42	381	557	0	113584
21508	507	264	122561	110	0	123442
21509	121762	47	398	403	0	122610
21510	131595	31	144	515	0	132285
21511	129839	45	95	359	0	130338
21512	129287	36	58	338	0	129719
21513	503	130079	242	234	0	131058
21514	133271	357	61	430	0	134119
21515	133520	111	60	350	0	134041
21516	525	141976	231	191	0	142923
21517	143222	367	82	484	0	144155
21518	596	429	141755	130	0	142910
21519	139664	89	425	368	0	140546
21520	732	365	146079	146	0	147322
21521	385	81	550	145873	0	146889
21522	271	55	211	149140	0	149677
21523	391	411	150428	774	0	152004
21524	326	67	618	149247	0	150258
21525	679	815	836	117303	0	119633
21526	160281	52	130	1317	0	161780
21527	918	84	91	161869	0	162962
21528	486	91	90	162018	0	162685
21529	355	58	75	162344	0	162832
21530	197	159678	313	1213	0	161401
21531	279	784	86	159821	0	160970
21532	158531	260	92	1324	0	160207
21533	1062	452	162560	499	0	164573
21534	514	103	983	165943	0	167543
21535	362	437	166151	1229	0	168179
21536	159984	79	1183	704	0	161950
21537	1414	86	386	175945	0	177831
21538	667	543	224583	1792	0	227585
21539	483	92	3686	225242	0	229503
21540	499	160	2022	223188	0	225869
21541	256	226518	1259	5632	0	233665
21542	528	3691	431	233592	0	238242
21543	659	1970	278	246343	0	249250
21544	545	1437	243542	6723	0	252247
21545	520	387	4334	242931	0	248172
21546	450	242	2184	248087	0	250963
21547	242136	163	1019	7086	0	250404
21548	240331	195	599	3747	0	244872
21549	6182	242827	692	1953	0	251654
21550	246148	4294	359	1494	0	252295
21551	245858	2216	454	1338	0	249866
21552	6790	251648	692	1263	0	260393
21553	3507	4657	319	249895	0	258378
21554	254160	2289	360	5389	0	262198
21555	256079	1120	393	3134	0	260726
21556	250052	591	385	2136	0	253164
21557	7551	248557	813	1509	0	258430
21558	4014	4865	254377	1140	0	264396
21559	256812	2391	4740	1481	0	265424
21560	261685	1386	2306	1424	0	266801
21561	7758	261915	1532	1372	0	272577
21562	264052	5550	632	1500	0	271734
21563	267901	2696	638	1528	0	272763
21564	8885	1425	651	262560	0	273521
21565	4491	1359	266108	6227	0	278185
21566	2814	633	5432	269089	0	277968
21567	2135	722	2707	271908	0	277472
21568	1871	712	1421	276551	0	280555
21569	1668	1058	265328	9368	0	277422
21570	1997	710	5845	256023	0	264575
21571	1878	657	2865	269515	0	274915
21572	1823	637	1479	271813	0	275752
21573	1833	627	873	274450	0	277783
21574	1711	688	684	272915	0	275998
21575	1474	269978	1116	10532	0	283100
21576	1903	5824	778	274465	0	282970
21577	1587	2792	834	285126	0	290339
21578	1468	1923	276994	10096	0	290481
21579	1788	886	6194	298481	0	307349
21580	1843	851	2903	305468	0	311065
21581	1993	872	1664	313539	0	318068
21582	2116	885	1246	318699	0	322946
21583	307097	868	1179	13707	0	322851
21584	9137	995	1012	314077	0	325221
21585	5156	1343	805	318153	0	325457
21586	3459	1820	303896	12981	0	322156
21587	2587	295292	7757	7904	0	313540
21588	1970	309638	4555	5547	0	321710
21589	301056	9699	2903	4693	0	318351
21590	7859	306778	2128	4850	0	321615
21591	4811	8650	1257	303424	0	318142
21592	301160	4029	1103	11510	0	317802
21593	8981	3145	302279	7055	0	321460
21594	5146	1888	7944	297437	0	312415
21595	3184	304025	4264	11269	0	322742
21596	2644	8119	2326	295695	0	308784
21597	1677	304767	1923	12279	0	320646
21598	2252	9284	1195	305876	0	318607
21599	300395	4692	1080	12676	0	318843
21600	9405	3400	304264	7691	0	324760
21601	5444	2247	8393	286495	0	302579
21602	3456	302828	4968	11290	0	322542
21603	302103	8511	2974	7571	0	321159
21604	9441	4579	300582	6411	0	321013
21605	5692	2797	8298	298752	0	315539
21606	3780	2332	293205	12319	0	311636
21607	3483	1750	9585	293284	0	308102
21608	2812	2081	287058	13270	0	305221
21609	2501	1726	10144	280764	0	295135
21610	2521	1736	5556	287707	0	297520
21611	276979	1896	3285	15130	0	297290
21612	284022	2244	2223	8829	0	297318
21613	12857	2289	1806	265366	0	282318
21614	6709	274453	2324	11422	0	294908
21615	4376	9236	1526	278098	0	293236
21616	3338	4599	1760	278136	0	287833
21617	262390	2748	2136	15882	0	283156
21618	8997	264258	2438	10250	0	285943
21619	262962	9278	1802	7448	0	281490
21620	261930	5331	1548	6365	0	275174
21621	11915	252339	2180	6271	0	272705
21622	6448	265687	1995	6492	0	280622
21623	257311	11016	2003	6791	0	277121
21624	10207	5833	252397	6994	0	275431
21625	249276	3434	8961	6788	0	268459
21626	251474	2719	4707	6628	0	265528
21627	13181	244963	3686	6347	0	268177
21628	8075	9205	2783	213556	0	233619
21629	4519	246136	3262	11830	0	265747
21630	244353	10489	3266	7918	0	266026
21631	250378	5989	2927	6665	0	265959
21632	13102	4649	2709	238094	0	258554
21633	7623	3864	2189	247265	0	260941
21634	229142	3225	1860	15261	0	249488
21635	10390	230918	2104	10333	0	253745
21636	7103	227944	2296	7496	0	244839
21637	5008	225160	2710	6068	0	238946
21638	2347	166528	1743	4612	0	175230
21639	2183	169984	1732	4587	0	178486
21640	3417	9132	2087	161539	0	176175
21641	2733	4466	156623	7942	0	171764
21642	2867	157483	5081	4780	0	170211
21643	146002	6020	2432	3585	0	158039
21644	6764	3373	2081	144298	0	156516
21645	143920	2828	1677	6520	0	154945
21646	6225	143266	1957	4092	0	155540
21647	143425	5686	2002	3376	0	154489
21648	6614	143694	2558	3084	0	155950
21649	4328	5730	2262	144019	0	156339
21650	144858	2908	2104	6702	0	156572
21651	148030	2607	2017	4533	0	157187
21652	7255	2235	1865	146167	0	157522
21653	4488	2429	1588	145754	0	154259
21654	3706	142645	1491	8164	0	156006
21655	4116	5647	1003	144259	0	155025
21656	3951	3025	905	146952	0	154833
21657	3686	3093	864	143471	0	151114
21658	2987	134786	1112	8295	0	147180
21659	123165	4949	794	4661	0	133569
21660	5163	125909	935	3609	0	135616
21661	122856	5410	751	2726	0	131743
21662	5909	123037	1034	2332	0	132312
21663	4276	5521	118513	2157	0	130467
21664	3762	3263	3848	117422	0	128295
21665	2968	2943	114442	4481	0	124834
21666	2764	2590	114151	2451	0	121956
21667	3024	2236	4929	110882	0	121071
21668	2895	1929	111854	4542	0	121220
21669	3300	1683	4443	108970	0	118396
21670	3376	1793	2106	110816	0	118091
21671	2920	2015	1392	113151	0	119478
21672	109724	2084	925	6352	0	119085
21673	5556	1983	693	109802	0	118034
21674	3963	1713	562	109749	0	115987
21675	101026	1352	453	5993	0	108824
21676	5042	98830	594	4158	0	108624
21677	3050	93106	491	3050	0	99697
21678	2748	94397	539	2233	0	99917
21679	1484	5821	329	68772	0	76406
21680	1213	1443	68641	2341	0	73638
21681	57149	1371	1737	1222	0	61479
21682	1796	60718	678	772	0	63964
21683	58256	1595	506	569	0	60926
21684	58310	891	219	463	0	59883
21685	58448	765	203	433	0	59849
21686	1993	772	57862	407	0	61034
21687	1187	693	1144	57603	0	60627
21688	1007	560	576	59199	0	61342
21689	938	453	404	59935	0	61730
21690	855	453	301	57756	0	59365
21691	676	56650	356	1896	0	59578
21692	55407	1224	257	1112	0	58000
21693	1226	662	52538	678	0	55104
21694	48936	412	854	613	0	50815
21695	1332	645	364	46571	0	48912
21696	676	45819	242	1158	0	47895
21697	513	47482	198	757	0	48950
21698	630	2669	197	42156	0	45652
21699	335	43404	198	864	0	44801
21700	38047	511	137	377	0	39072
21701	510	310	37714	220	0	38754
21702	259	228	351	35742	0	36580
21703	165	133	156	37317	0	37771
21704	178	122	104	37831	0	38235
21705	158	144	95	37907	0	38304
21706	37777	140	72	552	0	38541
21707	443	39782	99	274	0	40598
21708	45577	461	79	264	0	46381
21709	787	206	87	46570	0	47650
21710	353	138	94	48689	0	49274
21711	196	21186	113	29826	0	51321
21712	51396	376	80	908	0	52760
21713	52666	211	80	464	0	53421
21714	1146	52654	131	279	0	54210
21715	473	927	76	48790	0	50266
21716	242	52168	138	874	0	53422
21717	51392	938	108	408	0	52846
21718	983	406	52096	232	0	53717
21719	395	231	51394	202	0	52222
21720	48412	132	1093	253	0	49890
21721	868	51418	418	227	0	52931
21722	384	915	164	51360	0	52823
21723	245	333	108	52140	0	52826
21724	197	249	51795	1213	0	53454
21725	179	139	884	51360	0	52562
21726	164	120	303	52085	0	52672
21727	114	51064	208	1243	0	52629
21728	167	911	114	51230	0	52422
21729	153	344	104	51536	0	52137
21730	49840	161	101	1309	0	51411
21731	898	48820	162	532	0	50412
21732	327	49833	144	337	0	50641
21733	255	1117	111	49424	0	50907
21734	238	372	97	50514	0	51221
21735	178	211	79	50091	0	50559
21736	152	49451	128	1313	0	51044
21737	221	935	55	50155	0	51366
21738	218	378	64	50185	0	50845
21739	212	209	56	50451	0	50928
21740	208	188	69	49394	0	49859
21741	170	47035	178	1348	0	48731
21742	159	49905	145	569	0	50778
21743	48529	1108	84	381	0	50102
21744	49046	438	85	308	0	49877
21745	1248	232	64	48791	0	50335
21746	501	265	48884	1119	0	50769
21747	326	162	912	48998	0	50398
21748	284	205	307	49201	0	49997
21749	47746	177	163	1340	0	49426
21750	1057	49194	167	566	0	50984
21751	455	988	93	48741	0	50277
21752	311	416	103	49686	0	50516
21753	249	350	48267	1356	0	50222
21754	294	307	48688	615	0	49904
21755	250	234	1173	48063	0	49720
21756	243	235	486	46890	0	47854
21757	219	47309	312	1314	0	49154
21758	179	48685	251	644	0	49759
21759	47756	1133	181	575	0	49645
21760	1059	431	162	48911	0	50563
21761	392	344	48643	1193	0	50572
21762	250	48357	923	686	0	50216
21763	237	952	331	49163	0	50683
21764	48995	466	161	1334	0	50956
21765	966	314	127	49724	0	51131
21766	48683	223	115	1379	0	50400
21767	1047	49470	140	707	0	51364
21768	48535	1075	89	541	0	50240
21769	1118	518	105	49781	0	51522
21770	469	438	51755	1273	0	53935
21771	338	268	1024	50689	0	52319
21772	218	53370	428	1475	0	55491
21773	301	1281	222	52189	0	53993
21774	212	55470	218	1427	0	57327
21775	258	1326	121	57280	0	58985
21776	266	543	55926	1745	0	58480
21777	294	387	55384	907	0	56972
21778	253	362	56111	742	0	57468
21779	53925	335	1497	710	0	56467
21780	1340	55323	567	616	0	57846
21781	582	57173	388	556	0	58699
21782	55642	1559	243	593	0	58037
21783	56243	598	252	604	0	57697
21784	1638	440	209	55627	0	57914
21785	646	401	55601	1665	0	58313
21786	480	425	54195	772	0	55872
21787	369	327	1532	53710	0	55938
21788	53502	276	558	1766	0	56102
21789	1282	53516	399	891	0	56088
21790	514	1359	286	53780	0	55939
21791	53565	544	294	1777	0	56180
21792	53682	357	260	1024	0	55323
21793	1512	359	53404	766	0	56041
21794	50253	345	1309	748	0	52655
21795	1453	452	53798	573	0	56276
21796	628	445	55220	619	0	56912
21797	507	324	1596	52807	0	55234
21798	435	313	598	54315	0	55661
21799	405	395	421	55233	0	56454
21800	368	475	53554	1943	0	56340
21801	52695	392	1327	1056	0	55470
21802	1514	316	489	55752	0	58071
21803	54236	320	354	1820	0	56730
21804	53799	406	298	903	0	55406
21805	1610	54769	405	770	0	57554
21806	648	55977	495	688	0	57808
21807	459	54650	495	546	0	56150
21808	420	1386	334	47354	0	49494
21809	333	465	47440	1115	0	49353
21810	349	1841	999	41761	0	44950
21811	295	43707	470	943	0	45415
21812	293	42922	313	388	0	43916
21813	341	898	263	41168	0	42670
21814	40629	300	204	886	0	42019
21815	801	40376	283	336	0	41796
21816	292	40704	251	346	0	41593
21817	41214	811	185	382	0	42592
21818	894	287	192	41420	0	42793
21819	387	218	185	41814	0	42604
21820	352	134	192	42518	0	43196
21821	41168	116	196	1040	0	42520
21822	41607	142	183	471	0	42403
21823	1051	158	195	41316	0	42720
21824	485	186	40427	893	0	41991
21825	39787	154	862	403	0	41206
21826	901	142	359	41226	0	42628
21827	369	166	40985	955	0	42475
21828	289	202	40805	442	0	41738
21829	232	143	960	41700	0	43035
21830	251	232	43644	1015	0	45142
21831	269	169	934	46518	0	47890
21832	309	240	349	45143	0	46041
21833	330	206	261	49195	0	49992
21834	48261	242	226	1378	0	50107
21835	1138	290	188	48540	0	50156
21836	466	370	202	49256	0	50294
21837	392	302	199	49287	0	50180
21838	324	294	212	49535	0	50365
21839	305	317	47392	1438	0	49452
21840	240	47731	1055	696	0	49722
21841	260	1101	366	47243	0	48970
21842	327	449	312	45596	0	46684
21843	282	45471	271	1249	0	47273
21844	295	47848	305	586	0	49034
21845	47019	1149	246	469	0	48883
21846	1037	46539	291	464	0	48331
21847	514	1065	215	46172	0	47966
21848	435	401	46634	1205	0	48675
21849	43963	261	960	626	0	45810
21850	1153	222	44936	547	0	46858
21851	43932	159	1055	550	0	45696
21852	45097	113	384	538	0	46132
21853	1308	125	45045	560	0	47038
21854	657	112	1064	41822	0	43655
21855	424	44102	450	1281	0	46257
21856	406	897	374	45815	0	47492
21857	46757	270	343	1455	0	48825
21858	47199	178	327	764	0	48468
21859	1213	46678	369	721	0	48981
21860	46473	883	310	663	0	48329
21861	1136	310	271	45552	0	47269
21862	45401	212	235	1483	0	47331
21863	46600	172	266	806	0	47844
21864	1322	215	192	46179	0	47908
21865	45632	222	169	1450	0	47473
21866	43766	253	200	787	0	45006
21867	1061	325	44642	653	0	46681
21868	42931	303	907	619	0	44760
21869	1122	299	43664	509	0	45594
21870	376	274	40836	429	0	41915
21871	281	42084	940	444	0	43749
21872	350	823	520	39292	0	40985
21873	256	311	40788	818	0	42173
21874	231	280	39800	358	0	40669
21875	39099	177	723	320	0	40319
21876	757	162	258	39844	0	41021
21877	289	162	196	41211	0	41858
21878	228	186	132	41517	0	42063
21879	233	185	103	41555	0	42076
21880	280	148	119	41838	0	42385
21881	320	191	40977	920	0	42408
21882	323	190	40866	417	0	41796
21883	324	140	739	41079	0	42282
21884	40812	114	271	860	0	42057
21885	763	40580	237	468	0	42048
21886	417	606	169	40667	0	41859
21887	40576	158	172	850	0	41756
21888	794	40683	221	431	0	42129
21889	463	657	189	40820	0	42129
21890	382	205	194	41484	0	42265
21891	284	138	218	41477	0	42117
21892	40617	97	205	1023	0	41942
21893	778	159	40349	514	0	41800
21894	39595	88	745	449	0	40877
21895	838	154	302	40604	0	41898
21896	350	103	220	38465	0	39138
21897	258	39285	292	1014	0	40849
21898	261	605	39092	561	0	40519
21899	37214	214	699	515	0	38642
21900	39180	125	298	505	0	40108
21901	805	165	38171	433	0	39574
21902	35371	102	625	485	0	36583
21903	711	37841	300	419	0	39271
21904	318	38622	265	412	0	39617
21905	256	38385	289	323	0	39253
21906	36230	702	298	343	0	37573
21907	741	326	36626	312	0	38005
21908	381	388	558	34410	0	35737
21909	245	34387	252	641	0	35525
21910	226	35026	203	360	0	35815
21911	260	34983	189	266	0	35698
21912	483	935	199	26941	0	28558
21913	33430	198	136	673	0	34437
21914	553	33949	142	363	0	35007
21915	303	463	114	34018	0	34898
21916	307	208	125	34464	0	35104
21917	33441	120	155	715	0	34431
21918	660	96	171	33369	0	34296
21919	355	89	137	34109	0	34690
21920	260	159	33426	716	0	34561
21921	268	134	478	33148	0	34028
21922	256	132	212	34364	0	34964
21923	33785	101	168	688	0	34742
21924	33841	104	123	335	0	34403
21925	756	102	134	33986	0	34978
21926	32661	107	145	640	0	33553
21927	32697	136	127	335	0	33295
21928	635	33200	167	247	0	34249
21929	326	496	32171	188	0	33181
21930	265	30894	513	177	0	31849
21931	345	805	233	27173	0	28556
21932	26655	94	179	298	0	27226
21933	244	26507	85	149	0	26985
21934	117	243	54	26421	0	26835
21935	26292	103	64	306	0	26765
21936	26220	70	58	166	0	26514
21937	292	68	55	26421	0	26836
21938	113	112	27180	320	0	27725
21939	109	51	211	27388	0	27759
21940	105	74	63	28246	0	28488
21941	442	94	27692	350	0	28578
21942	117	43	212	27583	0	27955
21943	106	44	93	28318	0	28561
21944	29324	39	74	392	0	29829
21945	264	44	45	29684	0	30037
21946	126	51	45	29887	0	30109
21947	29379	46	46	358	0	29829
21948	29182	38	60	206	0	29486
21949	29275	58	54	155	0	29542
21950	342	98	28988	119	0	29547
21951	159	116	228	27986	0	28489
21952	99	29706	110	242	0	30157
21953	105	305	48	30404	0	30862
21954	149	147	31321	306	0	31923
21955	164	176	259	28766	0	29365
21956	90	76	30185	289	0	30640
21957	27483	43	228	115	0	27869
21958	28662	33	60	98	0	28853
21959	255	40	39	29552	0	29886
21960	99	28	23	29646	0	29796
21961	94	36	21	29239	0	29390
21962	54	30976	59	282	0	31371
21963	30597	193	25	161	0	30976
21964	30922	57	25	142	0	31146
21965	280	38	24	30802	0	31144
21966	113	32	20	30826	0	30991
21967	87	26	30	31047	0	31190
21968	65	25	33	31154	0	31277
21969	70	84	30674	288	0	31116
21970	91	24	185	30574	0	30874
21971	29558	23	65	290	0	29936
21972	29420	20	37	143	0	29620
21973	256	20	26	28797	0	29099
21974	108	61	28042	246	0	28457
21975	26653	22	180	165	0	27020
21976	247	89	62	27923	0	28321
21977	81	27777	72	249	0	28179
21978	48	29066	57	115	0	29286
21979	29926	224	48	231	0	30429
21980	250	57	28	31021	0	31356
21981	120	31	14	31917	0	32082
21982	81	26	14	33457	0	33578
21983	72	20	25	33630	0	33747
21984	58	11	15	34899	0	34983
21985	49	70	34548	447	0	35114
21986	66	73	34101	172	0	34412
21987	74	81	34505	106	0	34766
21988	52	26	432	34044	0	34554
21989	88	81	35890	418	0	36477
21990	85	22	373	35655	0	36135
21991	71	16	139	36510	0	36736
21992	67	23	75	37926	0	38091
21993	38593	20	44	655	0	39312
21994	436	16	52	38992	0	39496
21995	183	26	53	39816	0	40078
21996	39361	23	55	628	0	40067
21997	423	39902	94	275	0	40694
21998	161	41492	105	175	0	41933
21999	41446	542	37	218	0	42243
22000	457	43108	90	168	0	43823
22001	43409	493	40	188	0	44130
22002	43915	149	27	195	0	44286
22003	44000	78	51	204	0	44333
22004	43358	41	53	165	0	43617
22005	43427	55	46	196	0	43724
22006	664	43210	93	136	0	44103
22007	43368	470	48	175	0	44061
22008	43604	166	39	185	0	43994
22009	660	45336	123	131	0	46250
22010	50214	502	52	201	0	50969
22011	51272	195	52	212	0	51731
22012	55364	96	57	185	0	55702
22013	57324	65	50	198	0	57637
22014	1509	160	59846	165	0	61680
22015	611	103	1150	61794	0	63658
22016	376	84	326	64433	0	65219
22017	262	163	63527	1572	0	65524
22018	233	184	62896	517	0	63830
22019	62043	91	1552	286	0	63972
22020	1447	90	484	64010	0	66031
22021	576	163	65047	1314	0	67100
22022	362	154	64725	439	0	65680
22023	63478	78	1659	308	0	65523
22024	66120	85	513	231	0	66949
22025	66166	65	219	237	0	66687
22026	1978	182	66067	173	0	68400
22027	768	81	1343	65929	0	68121
22028	464	158	67419	1382	0	69423
22029	65083	98	1508	552	0	67241
22030	1680	191	68819	277	0	70967
22031	724	90	1541	67203	0	69558
22032	555	118	515	65395	0	66583
22033	311	69326	405	1623	0	71665
22034	70085	1352	247	645	0	72329
22035	1658	449	70066	329	0	72502
22036	68725	212	1569	339	0	70845
22037	1800	172	71876	222	0	74070
22038	810	90	1673	69522	0	72095
22039	576	83	601	71347	0	72607
22040	534	83	391	71768	0	72776
22041	70421	86	352	2033	0	72892
22042	1864	86	297	69394	0	71641
22043	863	77	295	69944	0	71179
22044	505	68288	409	2007	0	71209
22045	558	1338	316	69206	0	71418
22046	66942	360	390	1871	0	69563
22047	1831	255	68409	693	0	71188
22048	966	122	1677	67214	0	69979
22049	645	166	68159	1711	0	70681
22050	474	66410	1930	841	0	69655
22051	470	1431	68073	606	0	70580
22052	65653	542	1945	616	0	68756
22053	68056	214	864	460	0	69594
22054	2179	120	642	65958	0	68899
22055	66689	94	600	1781	0	69164
22056	67514	116	588	837	0	69055
22057	2190	132	576	66745	0	69643
22058	1153	120	514	68027	0	69814
22059	793	219	66666	2064	0	69742
22060	717	65974	1840	921	0	69452
22061	65681	1371	824	675	0	68551
22062	1870	64805	630	607	0	67912
22063	1060	1534	537	64406	0	67537
22064	897	503	485	65479	0	67364
22065	810	273	552	65685	0	67320
22066	717	229	514	65708	0	67168
22067	566	290	63758	2287	0	66901
22068	60545	241	1778	1143	0	63707
22069	64972	217	824	819	0	66832
22070	2299	213	605	63584	0	66701
22071	63811	166	518	1980	0	66475
22072	2148	217	467	64086	0	66918
22073	1043	280	63384	2085	0	66792
22074	873	212	1710	61587	0	64382
22075	782	62570	821	2007	0	66180
22076	777	1314	588	60231	0	62910
22077	591	62526	542	2046	0	65705
22078	664	1511	484	58159	0	60818
22079	532	60679	525	1975	0	63711
22080	58401	1480	466	1083	0	61430
22081	1792	643	59183	900	0	62518
22082	849	56117	1683	820	0	59469
22083	630	57938	826	811	0	60205
22084	829	1534	787	56081	0	59231
22085	690	560	538	56035	0	57823
22086	678	359	571	56134	0	57742
22087	704	242	501	56636	0	58083
22088	659	55162	637	2024	0	58482
22089	694	1306	412	54745	0	57157
22090	732	429	446	55254	0	56861
22091	53083	349	369	2057	0	55858
22092	1793	241	328	53493	0	55855
22093	814	314	51831	1903	0	54862
22094	669	318	50867	1055	0	52909
22095	46520	278	1485	970	0	49253
22096	1422	50341	655	875	0	53293
22097	641	51213	480	799	0	53133
22098	682	1457	478	48771	0	51388
22099	521	624	320	49973	0	51438
22100	469	486	47721	1837	0	50513
22101	44087	370	1212	1083	0	46752
22102	47104	296	545	908	0	48853
22103	1574	316	48578	848	0	51316
22104	780	281	48039	771	0	49871
22105	46981	213	1441	866	0	49501
22106	50113	217	613	758	0	51701
22107	50033	255	374	743	0	51405
22108	49531	281	300	666	0	50778
22109	1627	46749	343	717	0	49436
22110	41601	874	193	528	0	43196
22111	1104	371	39930	545	0	41950
22112	344	243	36002	357	0	36946
22113	260	249	36663	316	0	37488
22114	528	2184	985	28095	0	31792
22115	28537	53	352	279	0	29221
22116	28473	44	59	157	0	28733
22117	275	52	56	28378	0	28761
22118	129	57	57	27072	0	27315
22119	106	48	59	28308	0	28521
22120	85	30002	89	305	0	30481
22121	30264	199	57	219	0	30739
22122	30289	81	45	169	0	30584
22123	30470	54	40	163	0	30727
22124	30368	46	40	161	0	30615
22125	30244	58	57	156	0	30515
22126	284	53	41	29151	0	29529
22127	117	28735	73	291	0	29216
22128	145	199	50	26438	0	26832
22129	93	84	33	27167	0	27377
22130	26416	30	38	226	0	26710
22131	162	73	26225	98	0	26558
22132	99	55	25374	37	0	25565
22133	52	74	25498	44	0	25668
22134	26166	16	126	95	0	26403
22135	27747	20	139	104	0	28010
22136	142	42	38	28703	0	28925
22137	71	22	22	28101	0	28216
22138	39	24	23	28831	0	28917
22139	39	44	28957	141	0	29181
22140	60	21	102	27810	0	27993
22141	56	74	30696	125	0	30951
22142	35	23	110	30356	0	30524
22143	48	11	35	30814	0	30908
22144	33	11	27	31701	0	31772
22145	31618	14	22	177	0	31831
22146	31475	17	23	152	0	31667
22147	150	60	32209	35	0	32454
22148	30968	13	108	71	0	31160
22149	32096	12	35	75	0	32218
22150	155	10	29	32277	0	32471
22151	32758	11	23	183	0	32975
22152	136	19	28	33516	0	33699
22153	86	11	26	33797	0	33920
22154	41	71	33333	189	0	33634
22155	30211	16	157	138	0	30522
22156	170	15	54	33592	0	33831
22157	88	57	33911	157	0	34213
22158	78	68	35462	83	0	35691
22159	89	13	178	34445	0	34725
22160	52	3	74	35406	0	35535
22161	35991	12	43	276	0	36322
22162	182	15	33	36407	0	36637
22163	104	10	31	36632	0	36777
22164	57	7	33	37161	0	37258
22165	47	11	28	39748	0	39834
22166	40857	8	25	440	0	41330
22167	40837	8	24	252	0	41121
22168	42040	14	28	165	0	42247
22169	42882	5	45	130	0	43062
22170	553	10	39	44103	0	44705
22171	44824	6	22	495	0	45347
22172	537	14	37	44869	0	45457
22173	45289	9	25	539	0	45862
22174	560	13	18	45171	0	45762
22175	245	17	36	44501	0	44799
22176	93	45093	73	780	0	46039
22177	116	421	37	45390	0	45964
22178	44601	140	22	601	0	45364
22179	43636	46	27	314	0	44023
22180	656	73	45035	132	0	45896
22181	215	45292	485	160	0	46152
22182	45203	443	190	152	0	45988
22183	503	46726	124	106	0	47459
22184	46331	478	57	176	0	47042
22185	543	48985	99	166	0	49793
22186	285	555	49389	123	0	50352
22187	117	50253	521	144	0	51035
22188	96	50905	238	162	0	51401
22189	128	646	72	51697	0	52543
22190	52839	203	58	708	0	53808
22191	605	91	56	53233	0	53985
22192	274	58	113	53758	0	54203
22193	53090	49	50	847	0	54036
22194	54332	58	25	472	0	54887
22195	773	36	38	54675	0	55522
22196	383	46	51	54900	0	55380
22197	262	36	47	55183	0	55528
22198	53486	51	55	870	0	54462
22199	669	149	54170	304	0	55292
22200	336	52	509	54059	0	54956
22201	220	153	55974	655	0	57002
22202	155	55194	607	404	0	56360
22203	212	612	54159	195	0	55178
22204	204	203	580	53214	0	54201
22205	178	175	53902	657	0	54912
22206	50568	97	575	432	0	51672
22207	629	88	215	53524	0	54456
22208	305	55033	193	700	0	56231
22209	251	538	91	55023	0	55903
22210	201	55242	142	695	0	56280
22211	212	55630	118	332	0	56292
22212	190	55986	110	268	0	56554
22213	255	722	51	51778	0	52806
22214	176	53890	121	682	0	54869
22215	53255	567	71	410	0	54303
22216	694	326	52235	228	0	53483
22217	345	254	51456	236	0	52291
22218	283	239	53335	224	0	54081
22219	235	108	693	53518	0	54554
22220	254	116	249	52076	0	52695
22221	282	107	150	51958	0	52497
22222	289	105	143	52215	0	52752
22223	356	132	112	50364	0	50964
22224	317	53051	187	903	0	54458
22225	302	677	52130	421	0	53530
22226	301	336	51862	342	0	52841
22227	257	54098	754	342	0	55451
22228	295	625	280	54827	0	56027
22229	298	296	148	55530	0	56272
22230	248	243	127	55359	0	55977
22231	54424	190	131	1078	0	55823
22232	712	290	53690	530	0	55222
22233	51881	189	588	446	0	53104
22234	53073	165	261	425	0	53924
22235	862	52110	258	333	0	53563
22236	424	53000	203	286	0	53913
22237	53024	770	181	364	0	54339
22238	777	358	132	53210	0	54477
22239	437	234	113	55049	0	55833
22240	354	284	57074	952	0	58664
22241	259	297	56487	445	0	57488
22242	248	224	877	57729	0	59078
22243	58646	240	387	950	0	60223
22244	845	327	62279	496	0	63947
22245	62971	222	922	441	0	64556
22246	1015	212	382	65785	0	67394
22247	452	200	225	69058	0	69935
22248	366	170	195	71101	0	71832
22249	290	282	70568	1486	0	72626
22250	230	69693	1168	681	0	71772
22251	219	73476	458	473	0	74626
22252	72747	1219	185	442	0	74593
22253	74336	392	163	423	0	75314
22254	1403	202	161	74465	0	76231
22255	74898	141	190	1401	0	76630
22256	1295	243	73931	569	0	76038
22257	484	260	73893	356	0	74993
22258	283	151	1410	72773	0	74617
22259	75334	129	534	1474	0	77471
22260	1316	127	287	76485	0	78215
22261	505	121	270	79352	0	80248
22262	77850	133	248	1819	0	80050
22263	79503	162	251	729	0	80645
22264	1634	82731	307	460	0	85132
22265	81442	1279	186	383	0	83290
22266	1480	465	172	78647	0	80764
22267	380	80830	244	1432	0	82886
22268	80066	1296	182	507	0	82051
22269	1310	81262	264	290	0	83126
22270	441	1394	157	80068	0	82060
22271	79913	258	133	1409	0	81713
22272	1349	236	79333	332	0	81250
22273	416	191	79432	237	0	80276
22274	383	248	1421	77406	0	79458
22275	251	121	354	79817	0	80543
22276	284	106	202	76380	0	76972
22277	194	82139	241	1385	0	83959
22278	83493	1359	170	539	0	85561
22279	84131	357	128	414	0	85030
22280	84033	178	99	407	0	84717
22281	1782	87668	199	340	0	89989
22282	657	1518	165	93270	0	95610
22283	414	385	163	94527	0	95489
22284	437	204	169	94867	0	95677
22285	88784	210	163	2229	0	91386
22286	1715	90181	252	653	0	92801
22287	701	1679	111	90229	0	92720
22288	495	418	126	91825	0	92864
22289	441	369	88616	2166	0	91592
22290	372	87941	1754	750	0	90817
22291	491	1801	428	87209	0	89929
22292	490	429	250	88946	0	90115
22293	430	263	186	88855	0	89734
22294	85765	204	171	2350	0	88490
22295	1851	85982	276	944	0	89053
22296	86557	1740	155	674	0	89126
22297	2124	488	185	85847	0	88644
22298	86401	342	182	2074	0	88999
22299	2065	395	85312	719	0	88491
22300	84435	304	1715	694	0	87148
22301	86047	270	424	684	0	87425
22302	2243	425	85608	573	0	88849
22303	927	349	1703	85335	0	88314
22304	722	336	436	86167	0	87661
22305	88209	299	329	2509	0	91346
22306	2146	307	244	89429	0	92126
22307	931	285	292	89860	0	91368
22308	746	297	266	90067	0	91376
22309	557	420	87419	2555	0	90951
22310	80166	303	1758	1246	0	83473
22311	2054	88033	640	880	0	91607
22312	959	1848	342	84667	0	87816
22313	724	86955	370	2187	0	90236
22314	624	90353	407	971	0	92355
22315	708	2192	220	89437	0	92557
22316	636	828	89470	2484	0	93418
22317	786	596	90173	1091	0	92646
22318	716	427	2123	89799	0	93065
22319	706	538	90108	2436	0	93788
22320	87971	392	1956	1195	0	91514
22321	2294	429	596	91618	0	94937
22322	983	422	408	92381	0	94194
22323	662	92130	452	2831	0	96075
22324	712	1970	376	92011	0	95069
22325	664	659	367	91025	0	92715
22326	595	89783	496	2786	0	93660
22327	739	1983	408	90878	0	94008
22328	729	669	331	89754	0	91483
22329	666	89711	471	2786	0	93634
22330	89719	1983	361	1259	0	93322
22331	2339	835	89291	981	0	93446
22332	1022	626	89191	969	0	91808
22333	882	594	2152	87749	0	91377
22334	751	550	687	90041	0	92029
22335	691	490	88586	2801	0	92568
22336	587	559	87985	1297	0	90428
22337	79106	439	2241	1223	0	83009
22338	2078	87017	839	1098	0	91032
22339	85176	1931	461	1087	0	88655
22340	2190	688	84305	1038	0	88221
22341	709	83936	2067	1057	0	87769
22342	710	2092	752	84646	0	88200
22343	570	702	86698	2465	0	90435
22344	481	555	83915	1046	0	85997
22345	771	878	2082	83819	0	87550
22346	622	482	84374	2380	0	87858
22347	456	81673	1995	1189	0	85313
22348	567	1849	670	79463	0	82549
22349	571	741	81450	2100	0	84862
22350	471	81928	1989	1051	0	85439
22351	79767	1802	729	841	0	83139
22352	1916	693	79596	714	0	82919
22353	697	79416	1892	748	0	82753
22354	645	1725	831	76800	0	80001
22355	482	619	487	80657	0	82245
22356	79541	392	452	2377	0	82762
22357	1928	275	427	78981	0	81611
22358	728	263	369	78434	0	79794
22359	75710	296	372	2373	0	78751
22360	1792	266	348	75158	0	77564
22361	669	348	72093	1956	0	75066
22362	573	360	1553	71611	0	74097
22363	356	354	70405	1870	0	72985
22364	334	285	66945	795	0	68359
22365	353	316	67867	561	0	69097
22366	458	363	1725	62565	0	65111
22367	323	175	796	65921	0	67215
22368	65191	177	384	1738	0	67490
22369	1308	211	350	62375	0	64244
22370	501	66588	404	1538	0	69031
22371	384	1183	371	67943	0	69881
22372	282	465	355	66259	0	67361
22373	184	67935	446	1715	0	70280
22374	67062	1173	362	866	0	69463
22375	65563	490	339	654	0	67046
22376	1391	66246	447	552	0	68636
22377	405	64230	373	438	0	65446
22378	367	2908	365	60912	0	64552
22379	62468	476	503	1226	0	64673
22380	1046	393	62860	550	0	64849
22381	421	257	57269	410	0	58357
22382	49997	153	978	256	0	51384
22383	667	53642	476	244	0	55029
22384	363	714	219	53658	0	54954
22385	208	358	215	52702	0	53483
22386	188	184	184	53783	0	54339
22387	187	137	171	53968	0	54463
22388	129	53750	223	1075	0	55177
22389	139	685	167	54579	0	55570
22390	54432	314	132	947	0	55825
22391	749	173	157	55161	0	56240
22392	382	139	162	55738	0	56421
22393	55469	126	154	1125	0	56874
22394	55927	112	154	593	0	56786
22395	56545	135	142	394	0	57216
22396	56989	119	152	364	0	57624
22397	1094	106	162	56313	0	57675
22398	56364	120	188	894	0	57566
22399	859	85	150	56154	0	57248
22400	55762	91	176	937	0	56966
22401	55694	106	152	520	0	56472
22402	1037	98	158	55561	0	56854
22403	446	209	56433	849	0	57937
22404	55206	138	752	567	0	56663
22405	56616	120	326	387	0	57449
22406	56210	115	232	344	0	56901
22407	56336	145	167	339	0	56987
22408	1111	133	177	56859	0	58280
22409	510	194	57542	802	0	59048
22410	270	253	56893	453	0	57869
22411	55154	176	894	447	0	56671
22412	58006	96	416	338	0	58856
22413	935	57954	272	299	0	59460
22414	387	58131	237	294	0	59049
22415	58817	831	172	329	0	60149
22416	799	361	156	57539	0	58855
22417	431	207	122	59592	0	60352
22418	59040	118	141	1041	0	60340
22419	727	60603	208	500	0	62038
22420	61976	654	95	456	0	63181
22421	832	383	61554	280	0	63049
22422	60830	148	636	408	0	62022
22423	862	127	269	62575	0	63833
22424	472	162	64401	848	0	65883
22425	303	65361	699	540	0	66903
22426	368	644	308	67048	0	68368
22427	329	360	70427	852	0	71968
22428	323	150	758	69506	0	70737
22429	71676	62	391	1134	0	73263
22430	898	195	71874	533	0	73500
22431	67640	88	821	438	0	68987
22432	944	72739	506	316	0	74505
22433	531	747	231	73554	0	75063
22434	414	493	78202	920	0	80029
22435	363	170	792	77439	0	78764
22436	304	231	79977	1011	0	81523
22437	304	79232	887	518	0	80941
22438	77229	759	365	382	0	78735
22439	835	81655	272	277	0	83039
22440	518	810	126	80116	0	81570
22441	330	422	141	80716	0	81609
22442	283	315	78004	986	0	79588
22443	61083	171	714	736	0	62704
22444	764	74204	394	266	0	75628
22445	272	70209	158	183	0	70822
22446	155	70788	136	142	0	71221
22447	360	880	170	68316	0	69726
22448	105	69195	191	483	0	69974
22449	208	549	89	67521	0	68367
22450	100	68660	137	463	0	69360
22451	146	476	53	67047	0	67722
22452	89	69562	128	445	0	70224
22453	68651	404	100	306	0	69461
22454	433	281	69123	112	0	69949
22455	64884	118	431	264	0	65697
22456	68674	76	181	224	0	69155
22457	70758	63	114	242	0	71177
22458	532	71287	128	134	0	72081
22459	72031	365	72	213	0	72681
22460	71884	176	68	212	0	72340
22461	72657	102	86	199	0	73044
22462	659	158	72465	91	0	73373
22463	323	76	406	72990	0	73795
22464	216	215	75336	477	0	76244
22465	178	82	483	74411	0	75154
22466	74581	71	225	655	0	75532
22467	535	75798	189	305	0	76827
22468	306	639	86355	169	0	87469
22469	223	272	894	85453	0	86842
22470	175	120	274	92930	0	93499
22471	142	242	102342	1292	0	104018
22472	97162	106	1489	525	0	99282
22473	104249	139	383	270	0	105041
22474	106410	101	165	236	0	106912
22475	2012	117	118	104188	0	106435
22476	531	103103	207	1658	0	105499
22477	279	108364	214	515	0	109372
22478	298	1916	104	106758	0	109076
22479	296	526	96	105043	0	105961
22480	203	106348	203	1946	0	108700
22481	105974	1606	112	583	0	108275
22482	1650	106360	196	297	0	108503
22483	549	1691	90	104823	0	107153
22484	335	593	104431	1687	0	107046
22485	251	257	1633	103269	0	105410
22486	104588	159	435	1877	0	107059
22487	1752	265	104593	524	0	107134
22488	103388	166	1662	403	0	105619
22489	107908	152	556	388	0	109004
22490	109098	161	230	371	0	109860
22491	109318	125	199	384	0	110026
22492	111891	156	283	321	0	112651
22493	2360	246	109257	218	0	112081
22494	862	298	108879	215	0	110254
22495	113795	164	2162	352	0	116473
22496	118895	197	616	290	0	119998
22497	2784	249	248	118482	0	121763
22498	872	121788	308	2185	0	125153
22499	540	2262	184	122514	0	125500
22500	124491	765	160	2506	0	127922
22501	2581	403	164	116590	0	119738
22502	849	126320	302	2191	0	129662
22503	126308	2253	172	871	0	129604
22504	125186	781	214	531	0	126712
22505	124964	367	204	505	0	126040
22506	2962	123718	389	434	0	127503
22507	1209	2191	246	123748	0	127394
22508	831	726	206	122184	0	123947
22509	630	119836	330	2696	0	123492
22510	800	2231	211	121526	0	124768
22511	120200	739	178	2614	0	123731
22512	120891	393	223	1062	0	122569
22513	3069	119420	394	617	0	123500
22514	1383	2329	282	119594	0	123588
22515	977	793	306	121158	0	123234
22516	854	407	372	122310	0	123943
22517	116943	315	388	3280	0	120926
22518	2825	507	117036	1270	0	121638
22519	110893	366	2321	928	0	114508
22520	3044	979	115411	798	0	120232
22521	1586	545	2379	108436	0	112946
22522	1065	111564	967	2523	0	116119
22523	1042	116816	525	1209	0	119592
22524	113089	2994	302	990	0	117375
22525	112377	1223	295	898	0	114793
22526	3289	109334	416	946	0	113985
22527	1372	109530	389	896	0	112187
22528	110024	2932	374	817	0	114147
22529	112366	1212	331	981	0	114890
22530	3309	113948	480	950	0	118687
22531	117151	2584	385	949	0	121069
22532	3246	1249	115859	778	0	121132
22533	116247	744	2341	871	0	120203
22534	116094	593	832	943	0	118462
22535	3720	540	566	112584	0	117410
22536	1853	112466	621	2785	0	117725
22537	1674	2421	443	114142	0	118680
22538	115662	902	502	2921	0	119987
22539	3672	607	428	112207	0	116914
22540	2059	577	442	114903	0	117981
22541	1563	660	115752	3412	0	121387
22542	1479	631	2512	115895	0	120517
22543	1415	632	971	120290	0	123308
22544	118719	655	593	3633	0	123600
22545	3256	793	118590	1584	0	124223
22546	118738	808	2519	1113	0	123178
22547	3609	839	847	119828	0	125123
22548	1938	711	435	121505	0	124589
22549	1516	785	385	119222	0	121908
22550	1361	115921	478	3439	0	121199
22551	1466	119559	569	1507	0	123101
22552	1675	3117	390	117080	0	122262
22553	117732	1198	443	2958	0	122331
22554	119347	787	425	1380	0	121939
22555	4491	735	370	117140	0	122736
22556	117480	653	405	3262	0	121800
22557	3959	694	368	116600	0	121621
22558	2108	665	325	119227	0	122325
22559	113747	624	363	4075	0	118809
22560	3482	118362	524	1808	0	124176
22561	118589	2870	345	1367	0	123171
22562	119396	1084	385	1378	0	122243
22563	116088	686	379	1401	0	118554
22564	3808	115108	561	1384	0	120861
22565	2064	3011	476	115442	0	120993
22566	1616	1120	449	117991	0	121176
22567	1443	848	113326	3984	0	119601
22568	1280	1126	2196	102413	0	107015
22569	1110	650	99221	2831	0	103812
22570	910	92844	2167	1380	0	97301
22571	595	81568	755	804	0	83722
22572	655	84315	429	650	0	86049
22573	1221	2043	710	85220	0	89194
22574	791	773	274	86099	0	87937
22575	566	444	174	86176	0	87360
22576	495	363	136	87204	0	88198
22577	515	401	86175	2353	0	89444
22578	769	431	97529	1244	0	99973
22579	626	417	2080	100848	0	103971
22580	649	392	105243	2290	0	108574
22581	103540	315	1940	1290	0	107085
22582	107360	285	752	868	0	109265
22583	2629	442	108406	816	0	112293
22584	1306	301	1848	108699	0	112154
22585	890	319	756	111891	0	113856
22586	882	269	427	113463	0	115041
22587	937	297	360	112485	0	114079
22588	833	321	388	114311	0	115853
22589	91848	550	556	3319	0	96273
22590	107439	336	337	1675	0	109787
22591	2492	109021	380	1264	0	113157
22592	1130	1930	105466	945	0	109471
22593	664	104736	1887	942	0	108229
22594	534	105994	841	932	0	108301
22595	99768	1941	417	794	0	102920
22596	1689	99093	433	770	0	101985
22597	663	96026	351	587	0	97627
22598	94651	1799	366	566	0	97382
22599	1657	727	94238	542	0	97164
22600	92397	393	1404	595	0	94789
22601	1674	319	591	95465	0	98049
22602	800	307	306	93312	0	94725
22603	550	257	299	94653	0	95759
22604	429	253	92189	2258	0	95129
22605	371	92378	1605	1191	0	95545
22606	92453	1350	636	968	0	95407
22607	1587	538	555	93053	0	95733
22608	711	94460	491	2045	0	97707
22609	565	1504	591	97311	0	99971
22610	714	738	97388	1963	0	100803
22611	814	493	1609	97018	0	99934
22612	631	452	797	100312	0	102192
22613	513	453	422	101356	0	102744
22614	99813	413	331	2861	0	103418
22615	1797	352	395	100885	0	103429
22616	903	378	99994	2652	0	103927
22617	642	99555	1687	1612	0	103496
22618	770	1617	697	100704	0	103788
22619	844	748	550	100992	0	103134
22620	630	721	99188	2485	0	103024
22621	579	596	96109	1310	0	98594
22622	93833	688	2555	1150	0	98226
22623	95177	732	1054	1214	0	98177
22624	2459	96706	969	1017	0	101151
22625	97185	1851	603	964	0	100603
22626	2365	1037	96737	911	0	101050
22627	1470	593	95060	1097	0	98220
22628	94341	602	2308	1616	0	98867
22629	94066	399	962	1743	0	97170
22630	2149	444	91708	1814	0	96115
22631	87662	342	1740	1772	0	91516
22632	2073	502	91030	1472	0	95077
22633	88885	523	1976	865	0	92249
22634	91319	901	869	804	0	93893
22635	2319	1036	703	84411	0	88469
22636	1039	94599	914	1921	0	98473
22637	74312	2481	1140	1219	0	79152
22638	1501	1382	95752	965	0	99600
22639	1187	95866	1932	933	0	99918
22640	96523	2187	907	1187	0	100804
22641	90850	1106	603	1245	0	93804
22642	2447	91701	825	1296	0	96269
22643	1546	1584	968	92354	0	96452
22644	1220	856	90657	2475	0	95208
22645	838	593	2013	91052	0	94496
22646	793	809	90373	2734	0	94709
22647	743	687	2175	89839	0	93444
22648	777	643	1436	91202	0	94058
22649	928	921	89278	2483	0	93610
22650	1130	89311	2151	1563	0	94155
22651	1185	1855	1027	86893	0	90960
22652	1320	1235	68835	2512	0	73902
22653	86311	761	1486	1642	0	90200
22654	2007	473	1145	90611	0	94236
22655	1199	437	994	91852	0	94482
22656	90031	492	890	2860	0	94273
22657	2318	423	724	89342	0	92807
22658	1818	529	743	85796	0	88886
22659	1103	88154	1109	2237	0	92603
22660	1188	1623	1043	86721	0	90575
22661	957	1109	85376	2336	0	89778
22662	1177	548	1783	81735	0	85243
22663	1040	83236	1199	2120	0	87595
22664	860	84928	1320	1405	0	88513
22665	990	1854	1080	84655	0	88579
22666	85160	948	842	1864	0	88814
22667	2196	810	944	84753	0	88703
22668	85012	1054	885	1861	0	88812
22669	2470	615	949	84933	0	88967
22670	84692	530	1259	2008	0	88489
22671	86488	627	1144	1569	0	89828
22672	2809	611	885	84382	0	88687
22673	1829	2209	1225	80280	0	85543
22674	1369	79246	1281	2509	0	84405
22675	1387	81703	1104	1705	0	85899
22676	1467	1588	80040	1484	0	84579
22677	1273	78611	1615	1518	0	83017
22678	62956	1152	1536	918	0	66562
22679	1209	387	653	62259	0	64508
22680	651	59722	587	1096	0	62056
22681	60923	764	438	933	0	63058
22682	1165	439	398	60876	0	62878
22683	863	310	434	59000	0	60607
22684	629	301	557	60267	0	61754
22685	624	444	635	60166	0	61869
22686	608	60749	609	1310	0	63276
22687	734	64318	473	781	0	66306
22688	65560	862	503	646	0	67571
22689	1323	67074	512	484	0	69393
22690	789	990	539	67309	0	69627
22691	833	454	363	67678	0	69328
22692	836	378	311	67900	0	69425
22693	742	359	312	68399	0	69812
22694	67464	323	376	1376	0	69539
22695	68571	225	441	788	0	70025
22696	1522	325	68213	560	0	70620
22697	957	311	1075	68242	0	70585
22698	776	352	69963	1312	0	72403
22699	701	348	1181	69448	0	71678
22700	625	390	569	70849	0	72433
22701	70683	355	392	1719	0	73149
22702	1433	418	358	71099	0	73308
22703	676	392	70936	1514	0	73518
22704	502	425	68481	769	0	70177
22705	68261	342	1281	826	0	70710
22706	1244	336	71284	748	0	73612
22707	563	392	1114	68502	0	70571
22708	374	285	70916	1507	0	73082
22709	322	593	1091	67701	0	69707
22710	203	70019	498	1378	0	72098
22711	313	1008	292	68332	0	69945
22712	181	69198	320	1221	0	70920
22713	177	69965	206	676	0	71024
22714	275	1197	149	68367	0	69988
22715	67920	444	133	1185	0	69682
22716	852	69159	175	606	0	70792
22717	431	848	81	69305	0	70665
22718	69632	355	80	1191	0	71258
22719	70621	197	88	711	0	71617
22720	72093	149	105	600	0	72947
22721	1230	164	106	71112	0	72612
22722	551	151	133	71973	0	72808
22723	72166	146	127	1381	0	73820
22724	72108	154	166	740	0	73168
22725	73084	147	153	568	0	73952
22726	1238	190	151	72458	0	74037
22727	530	239	70344	1001	0	72114
22728	68221	167	800	551	0	69739
22729	997	163	298	69338	0	70796
22730	458	70880	298	1057	0	72693
22731	432	1128	175	69294	0	71029
22732	283	70056	208	1040	0	71587
22733	326	899	133	70928	0	72286
22734	267	355	69424	1152	0	71198
22735	198	68595	820	638	0	70251
22736	268	783	286	64458	0	65795
22737	259	265	201	65014	0	65739
22738	226	184	133	64963	0	65506
22739	65371	135	124	1155	0	66785
22740	807	66173	193	602	0	67775
22741	404	861	97	67304	0	68666
22742	67946	328	101	1159	0	69534
22743	68225	204	113	564	0	69106
22744	1296	156	116	68417	0	69985
22745	506	227	69293	1167	0	71193
22746	395	140	936	67375	0	68846
22747	278	69414	436	1194	0	71322
22748	335	910	221	70464	0	71930
22749	70090	295	189	1335	0	71909
22750	1158	203	170	73481	0	75012
22751	481	240	75063	1320	0	77104
22752	307	80118	1018	689	0	82132
22753	80806	1171	365	560	0	82902
22754	1317	477	81801	467	0	84062
22755	81016	242	1227	478	0	82963
22756	1432	157	452	84753	0	86794
22757	674	145	278	84719	0	85816
22758	346	86065	298	1660	0	88369
22759	89355	1263	228	803	0	91649
22760	1595	392	212	90975	0	93174
22761	697	213	186	92996	0	94092
22762	468	152	180	95206	0	96006
22763	354	223	94282	2037	0	96896
22764	352	171	1423	94049	0	95995
22765	95481	169	456	1955	0	98061
22766	97493	160	286	919	0	98858
22767	1875	167	189	97057	0	99288
22768	769	160	178	98250	0	99357
22769	96396	162	160	2057	0	98775
22770	1611	276	95613	821	0	98321
22771	92406	203	1435	687	0	94731
22772	1733	336	93969	448	0	96486
22773	691	298	94408	467	0	95864
22774	527	208	1690	93272	0	95697
22775	431	308	95594	1665	0	97998
22776	93625	200	1576	840	0	96241
22777	1656	210	515	97187	0	99568
22778	725	284	97459	1671	0	100139
22779	92319	176	1441	889	0	94825
22780	96708	167	496	708	0	98079
22781	1975	288	98672	604	0	101539
22782	1002	381	1438	91288	0	94109
22783	594	99918	589	1480	0	102581
22784	100125	1389	281	888	0	102683
22785	1832	615	101360	569	0	104376
22786	90991	451	1385	668	0	93495
22787	1557	98420	583	556	0	101116
22788	95002	1111	529	553	0	97195
22789	94763	357	218	572	0	95910
22790	94492	227	226	560	0	95505
22791	1627	279	243	94180	0	96329
22792	672	95695	334	1374	0	98075
22793	566	1232	94322	672	0	96792
22794	422	97088	1246	551	0	99307
22795	618	1371	445	84843	0	87277
22796	406	94301	404	1146	0	96257
22797	337	95758	381	623	0	97099
22798	92529	1185	370	600	0	94684
22799	1242	565	92518	466	0	94791
22800	666	414	93979	436	0	95495
22801	604	333	93939	455	0	95331
22802	435	95003	1356	536	0	97330
22803	94301	966	542	635	0	96444
22804	94484	354	284	593	0	95715
22805	93740	258	286	603	0	94887
22806	1364	93802	341	580	0	96087
22807	651	1046	264	95683	0	97644
22808	534	449	95085	1289	0	97357
22809	485	429	95142	727	0	96783
22810	92243	226	1293	775	0	94537
22811	98402	238	513	691	0	99844
22812	98490	253	430	647	0	99820
22813	1694	262	97351	670	0	99977
22814	95680	208	1188	719	0	97795
22815	1582	208	530	97539	0	99859
22816	941	262	462	97632	0	99297
22817	799	379	100391	1607	0	103176
22818	684	101107	1329	970	0	104090
22819	710	1005	612	101335	0	103662
22820	598	496	100147	1648	0	102889
22821	91800	298	1393	1097	0	94588
22822	1538	281	700	101156	0	103675
22823	980	204	574	101685	0	103443
22824	100392	145	582	1916	0	103035
22825	1704	175	470	100666	0	103015
22826	100263	155	497	1821	0	102736
22827	100591	187	569	1164	0	102511
22828	1935	219	527	100416	0	103097
22829	1217	203	573	101202	0	103195
22830	99455	216	629	1800	0	102100
22831	1724	200	649	100462	0	103035
22832	100764	236	698	1656	0	103354
22833	100565	218	716	914	0	102413
22834	99967	234	644	733	0	101578
22835	2105	221	655	98329	0	101310
22836	1244	245	614	98960	0	101063
22837	97997	201	616	1628	0	100442
22838	1585	96659	759	729	0	99732
22839	888	95247	644	407	0	97186
22840	94294	921	574	498	0	96287
22841	1327	492	92625	374	0	94818
22842	91170	265	1081	410	0	92926
22843	1363	229	530	96194	0	98316
22844	750	387	96986	922	0	99045
22845	95125	240	1032	497	0	96894
22846	1385	297	369	97834	0	99885
22847	869	271	292	100098	0	101530
22848	833	249	321	101969	0	103372
22849	833	291	228	101925	0	103277
22850	98837	281	234	1117	0	100469
22851	998	96770	409	503	0	98680
22852	88949	528	225	333	0	90035
22853	715	340	89431	144	0	90630
22854	425	253	86846	142	0	87666
22855	293	90270	544	184	0	91291
22856	791	1069	444	88058	0	90362
22857	200	331	88198	397	0	89126
22858	141	82888	384	357	0	83770
22859	140	319	82340	144	0	82943
22860	104	51	139	80017	0	80311
22861	80	54	24	80563	0	80721
22862	80440	28	39	301	0	80808
22863	164	31	26	79097	0	79318
22864	78318	23	26	316	0	78683
22865	194	175	79553	74	0	79996
22866	65	80006	202	83	0	80356
22867	138	132	44	83627	0	83941
22868	123	70	26	89578	0	89797
22869	102	191	90804	153	0	91250
22870	104	205	85865	70	0	86244
22871	82640	44	161	241	0	83086
22872	91852	27	49	200	0	92128
22873	184	35	34	91599	0	91852
22874	106	33	22	91627	0	91788
22875	46	90908	135	205	0	91294
22876	94	164	28	93474	0	93760
22877	95466	45	31	404	0	95946
22878	97118	35	43	305	0	97501
22879	370	100116	130	143	0	100759
22880	101133	395	34	244	0	101806
22881	101161	114	52	222	0	101549
22882	646	96	43	111072	0	111857
22883	189	113008	174	874	0	114245
22884	189	852	29	114532	0	115602
22885	141	180	26	115159	0	115506
22886	137	273	112715	1082	0	114207
22887	111368	73	927	438	0	112806
22888	1228	74	178	123903	0	125383
22889	366	90	95	129034	0	129585
22890	156	147029	213	1948	0	149346
22891	239	2169	48	155343	0	157799
22892	158500	428	101	2756	0	161785
22893	168097	273	110	849	0	169329
22894	3326	336	167362	455	0	171479
22895	946	322	168576	272	0	170116
22896	634	152	3347	166740	0	170873
22897	393	74	791	176472	0	177730
22898	347	248	174504	3645	0	178744
22899	338	295	175339	973	0	176945
22900	333	173	3731	166109	0	170346
22901	304	281	174210	3356	0	178151
22902	445	368	175280	932	0	177025
22903	398	124	3858	167142	0	171522
22904	174212	79	1105	3432	0	178828
22905	178143	72	605	1121	0	179941
22906	3867	144	351	175711	0	180073
22907	1273	118	333	178132	0	179856
22908	174224	121	326	4088	0	178759
22909	3556	138	257	172190	0	176141
22910	170477	143	310	3878	0	174808
22911	170849	130	313	1313	0	172605
22912	4069	155	272	170346	0	174842
22913	1449	176	278	172892	0	174795
22914	166782	204	324	4362	0	171672
22915	3473	167139	568	1621	0	172801
22916	1200	170050	681	1263	0	173194
22917	1122	3640	439	165046	0	170247
22918	764	1219	164122	3953	0	170058
22919	772	548	3455	163787	0	168562
22920	163624	355	1095	4363	0	169437
22921	3718	355	824	164251	0	169148
22922	164341	279	654	4479	0	169753
22923	3957	523	163198	1843	0	169521
22924	160518	323	3672	1598	0	166111
22925	4054	322	1174	164842	0	170392
22926	1593	287	831	169195	0	171906
22927	1403	474	170762	4651	0	177290
22928	1374	297	3605	169367	0	174643
22929	1150	306	1263	174355	0	177074
22930	1072	362	950	177122	0	179506
22931	172725	364	725	5476	0	179290
22932	3940	647	173158	2364	0	180109
22933	1744	564	172854	1755	0	176917
22934	168700	282	4458	1807	0	175247
22935	174802	268	1800	1783	0	178653
22936	4861	540	175463	1599	0	182463
22937	2256	403	4306	165033	0	171998
22938	1455	174875	2133	4387	0	182850
22939	1584	3303	1578	178137	0	184602
22940	178695	847	1518	5078	0	186138
22941	181221	563	1613	2679	0	186076
22942	4845	412	1643	176565	0	183465
22943	2035	175501	1828	5197	0	184561
22944	2193	3241	1596	164252	0	171282
22945	1791	174325	1742	4896	0	182754
22946	175305	3487	1403	2822	0	183017
22947	170874	935	1488	2618	0	175915
22948	171074	584	1447	2680	0	175785
22949	5205	163835	1575	2751	0	173366
22950	2529	171282	1533	2750	0	178094
22951	2510	4282	1214	171043	0	179049
22952	2243	1227	1159	174093	0	178722
22953	2204	737	1208	173289	0	177438
22954	2352	590	1154	175572	0	179668
22955	2198	814	168034	6411	0	177457
22956	160659	665	4029	3663	0	169016
22957	5259	959	171265	2842	0	180325
22958	172434	750	4482	2820	0	180486
22959	5554	957	177912	2705	0	187128
22960	176376	696	4591	2902	0	184565
22961	5632	964	180875	2820	0	190291
22962	176401	707	4939	2663	0	184710
22963	5833	625	2159	182356	0	190973
22964	184991	589	1713	6243	0	193536
22965	5939	594	1458	186829	0	194820
22966	3247	543	1434	188771	0	193995
22967	2611	591	1534	179309	0	184045
22968	2118	174172	1873	6653	0	184816
22969	174143	3836	1398	3722	0	183099
22970	175167	1246	1287	3227	0	180927
22971	5978	174156	1573	3032	0	184739
22972	3340	3856	1225	175365	0	183786
22973	2539	1607	173296	5938	0	183380
22974	169616	962	4449	3511	0	178538
22975	177025	596	1950	2987	0	182558
22976	174913	658	1553	2765	0	179889
22977	6641	605	1307	162868	0	171421
22978	3017	162883	1570	5168	0	172638
22979	2573	3700	1342	162476	0	170091
22980	161263	1285	1254	5347	0	169149
22981	5705	948	1203	151259	0	159115
22982	2302	145552	1355	4342	0	153551
22983	141396	3124	1049	2278	0	147847
22984	4563	1347	142377	1757	0	150044
22985	2711	1092	142061	1596	0	147460
22986	1967	140269	4142	1573	0	147951
22987	1657	137329	1767	1425	0	142178
22988	2883	3315	128642	1252	0	136092
22989	2437	1587	119807	1064	0	124895
22990	1761	7198	2853	89638	0	101450
22991	94613	467	1175	1735	0	97990
22992	1689	445	94653	820	0	97607
22993	606	87770	1012	464	0	89852
22994	86971	925	871	447	0	89214
22995	973	87297	299	311	0	88880
22996	83251	709	224	302	0	84486
22997	797	83440	236	193	0	84666
22998	439	85870	211	259	0	86779
22999	422	907	290	86271	0	87890
23000	429	388	243	86721	0	87781
23001	357	328	83696	795	0	85176
23002	365	128	584	82120	0	83197
23003	83267	170	251	876	0	84564
23004	83953	165	130	567	0	84815
23005	889	194	87	82998	0	84168
23006	465	273	81974	737	0	83449
23007	286	278	80861	429	0	81854
23008	282	163	796	82135	0	83376
23009	280	278	84479	697	0	85734
23010	268	151	778	83440	0	84637
23011	284	162	424	83246	0	84116
23012	266	308	93255	881	0	94710
23013	86513	184	1067	617	0	88381
23014	93814	176	578	374	0	94942
23015	1361	278	95229	217	0	97085
23016	649	284	98241	257	0	99431
23017	487	141	1754	95914	0	98296
23018	335	160	705	109760	0	110960
23019	385	192	322	112574	0	113473
23020	411	246	252	112626	0	113535
23021	112265	211	218	2138	0	114832
23022	118273	191	215	929	0	119608
23023	2283	229	257	124362	0	127131
23024	995	205	207	131438	0	132845
23025	452	365	139169	2836	0	142822
23026	465	187	2589	141679	0	144920
23027	428	142	1043	148508	0	150121
23028	149072	129	447	4289	0	153937
23029	3276	158035	404	2164	0	163879
23030	1396	3456	252	158607	0	163711
23031	691	1102	227	161737	0	163757
23032	510	458	311	157725	0	159004
23033	361	146162	534	4957	0	152014
23034	300	158022	511	1919	0	160752
23035	430	4333	336	156571	0	161670
23036	468	1342	291	156858	0	158959
23037	441	536	292	159177	0	160446
23038	149840	257	311	5402	0	155810
23039	3540	151916	413	2212	0	158081
23040	153762	3581	249	1148	0	158740
23041	156265	1239	275	907	0	158686
23042	4814	578	299	149156	0	154847
23043	1598	150350	444	4167	0	156559
23044	150858	3635	319	1887	0	156699
23045	4012	1344	199	151740	0	157295
23046	153555	637	282	4526	0	159000
23047	4222	450	278	155636	0	160586
23048	1663	586	155344	4614	0	162207
23049	955	504	158916	2079	0	162454
23050	801	430	4633	156876	0	162740
23051	765	461	1587	160144	0	162957
23052	762	458	663	154876	0	156759
23053	610	152382	609	5493	0	159094
23054	672	161206	573	2395	0	164846
23055	155993	4585	314	1679	0	162571
23056	152952	1730	377	1357	0	156416
23057	4561	152588	554	1374	0	159077
23058	1479	148127	397	1211	0	151214
23059	797	152241	427	1257	0	154722
23060	143476	4420	437	1227	0	149560
23061	3386	145839	477	1321	0	151023
23062	1576	3662	277	145737	0	151252
23063	145543	1297	234	4144	0	151218
23064	145695	744	234	2040	0	148713
23065	4672	591	287	140945	0	146495
23066	1883	740	139101	4027	0	145751
23067	1141	801	140648	1888	0	144478
23068	1057	608	4093	139769	0	145527
23069	928	802	142939	4204	0	148873
23070	925	669	3585	141828	0	147007
23071	979	623	1262	143507	0	146371
23072	954	744	141808	5087	0	148593
23073	976	731	143117	2358	0	147182
23074	1029	646	4401	139525	0	145601
23075	1020	620	1586	146917	0	150143
23076	141646	663	801	5408	0	148518
23077	3718	140559	807	2724	0	147808
23078	1549	147484	702	2052	0	151787
23079	142708	4495	505	1893	0	149601
23080	145697	1828	497	1861	0	149883
23081	4693	142930	633	1876	0	150132
23082	2045	146879	649	1896	0	151469
23083	145470	4607	528	1929	0	152534
23084	4246	1967	525	144699	0	151437
23085	142246	1118	588	5005	0	148957
23086	4200	142756	781	2843	0	150580
23087	143524	3883	524	2336	0	150267
23088	4496	1894	141562	2080	0	150032
23089	138588	1089	3533	2103	0	145313
23090	4585	1075	142337	2019	0	150016
23091	2298	990	3830	139717	0	146835
23092	137703	902	1646	5166	0	145417
23093	4233	1049	135109	3032	0	143423
23094	2127	1031	3711	136023	0	142892
23095	134466	1086	1596	5101	0	142249
23096	4315	1300	134365	2979	0	142959
23097	2262	1135	3599	135662	0	142658
23098	132151	1141	1499	5152	0	139943
23099	4086	131713	1063	3017	0	139879
23100	2313	4102	677	134102	0	141194
23101	1859	2056	661	133575	0	138151
23102	1630	1506	610	133518	0	137264
23103	1449	134191	793	5661	0	142094
23104	1753	4285	587	138697	0	145322
23105	1907	1992	553	141133	0	145585
23106	2049	1398	612	141194	0	145253
23107	2071	1206	635	144601	0	148513
23108	1912	1389	138900	5700	0	147901
23109	130647	1148	3867	2922	0	138584
23110	138493	986	1659	2078	0	143216
23111	5435	137224	1260	1911	0	145830
23112	2466	3784	756	129259	0	136265
23113	1798	1558	850	129624	0	133830
23114	1372	129078	1110	5182	0	136742
23115	1345	3281	1002	128302	0	133930
23116	122065	1325	1042	4458	0	128890
23117	3366	119505	1206	2343	0	126420
23118	113136	2957	934	1568	0	118595
23119	3398	1177	729	112589	0	117893
23120	1425	891	111635	3855	0	117806
23121	929	112003	3054	1995	0	117981
23122	103148	2943	1342	1448	0	108881
23123	2634	98699	746	943	0	103022
23124	1115	96710	520	833	0	99178
23125	83421	1901	738	747	0	86807
23126	1769	717	83795	549	0	86830
23127	544	76372	1196	429	0	78541
23128	65634	1791	2813	809	0	71047
23129	60174	313	354	319	0	61160
23130	603	61100	110	237	0	62050
23131	299	539	76	62695	0	63609
23132	163	276	64724	609	0	65772
23133	191	157	467	63547	0	64362
23134	200	145	172	63430	0	63947
23135	178	104	110	66920	0	67312
23136	179	198	67084	728	0	68189
23137	177	170	470	64426	0	65243
23138	200	163	66742	603	0	67708
23139	143	187	63808	290	0	64428
23140	54481	148	584	368	0	55581
23141	483	65697	302	156	0	66638
23142	251	66622	180	160	0	67213
23143	340	671	98	67786	0	68895
23144	74315	298	92	826	0	75531
23145	74873	158	81	344	0	75456
23146	73457	111	103	288	0	73959
23147	73970	153	84	217	0	74424
23148	70974	114	114	224	0	71426
23149	866	180	70095	147	0	71288
23150	381	156	544	68637	0	69718
23151	204	69092	328	612	0	70236
23152	160	604	169	69743	0	70676
23153	70923	267	90	810	0	72090
23154	621	70800	149	365	0	71935
23155	306	607	100	72069	0	73082
23156	72416	262	125	744	0	73547
23157	74413	178	121	506	0	75218
23158	907	128	131	74275	0	75441
23159	462	121	113	73444	0	74140
23160	311	131	89	74597	0	75128
23161	229	217	73392	953	0	74791
23162	242	228	74162	444	0	75076
23163	278	126	775	75092	0	76271
23164	279	130	328	76538	0	77275
23165	76100	124	190	1019	0	77433
23166	75591	160	118	556	0	76425
23167	76749	156	119	428	0	77452
23168	78515	163	120	425	0	79223
23169	76892	166	124	389	0	77571
23170	952	79004	186	360	0	80502
23171	81422	687	108	440	0	82657
23172	81877	316	105	423	0	82721
23173	81811	192	134	362	0	82499
23174	1097	168	115	83550	0	84930
23175	536	218	83026	875	0	84655
23176	417	120	726	83875	0	85138
23177	348	278	91044	1007	0	92677
23178	385	191	858	85792	0	87226
23179	280	91695	397	895	0	93267
23180	91939	820	202	473	0	93434
23181	95700	342	155	532	0	96729
23182	1255	204	120	97233	0	98812
23183	639	153	130	102673	0	103595
23184	463	137	117	102220	0	102937
23185	346	104860	213	1227	0	106646
23186	104284	825	120	574	0	105803
23187	104164	334	139	418	0	105055
23188	1223	105820	260	317	0	107620
23189	583	876	135	106488	0	108082
23190	455	373	152	103346	0	104326
23191	316	107271	233	1118	0	108938
23192	108314	920	144	596	0	109974
23193	108202	316	172	480	0	109170
23194	1320	201	148	108547	0	110216
23195	610	238	109248	1120	0	111216
23196	440	314	107175	523	0	108452
23197	427	158	1205	112148	0	113938
23198	464	145	389	113296	0	114294
23199	465	179	194	115733	0	116571
23200	113861	136	138	1622	0	115757
23201	114483	156	145	784	0	115568
23202	1485	121099	260	590	0	123434
23203	120558	1091	319	527	0	122495
23204	1468	497	121944	281	0	124190
23205	629	381	122205	311	0	123526
23206	400	128300	1462	345	0	130507
23207	123740	1094	568	462	0	125864
23208	1060	125269	307	311	0	126947
23209	124730	1036	172	441	0	126379
23210	1277	487	125598	269	0	127631
23211	526	345	124031	277	0	125179
23212	433	162	1200	121142	0	122937
23213	405	350	129357	1211	0	131323
23214	404	156	1087	130539	0	132186
23215	505	279	409	116783	0	117976
23216	286	133027	321	1410	0	135044
23217	367	1093	181	134244	0	135885
23218	345	388	151	136207	0	137091
23219	138697	259	190	1587	0	140733
23220	1295	140068	314	700	0	142377
23221	619	1280	163	142977	0	145039
23222	540	514	143248	1469	0	145771
23223	122460	269	1417	995	0	125141
23224	1590	407	143714	522	0	146233
23225	726	251	1407	137751	0	140135
23226	422	148125	646	1505	0	150698
23227	438	1578	277	145154	0	147447
23228	149726	500	237	1862	0	152325
23229	147914	330	241	902	0	149387
23230	2068	153361	397	639	0	156465
23231	157669	1671	262	891	0	160493
23232	159270	588	263	816	0	160937
23233	160503	373	269	749	0	161894
23234	162819	278	253	635	0	163985
23235	148438	324	496	751	0	150009
23236	2083	459	158686	426	0	161654
23237	976	285	1759	156438	0	159458
23238	777	340	663	154057	0	155837
23239	621	359	399	155425	0	156804
23240	508	159418	533	2227	0	162686
23241	587	1671	325	157602	0	160185
23242	602	773	158510	1967	0	161852
23243	452	155977	1785	921	0	159135
23244	415	153617	763	651	0	155446
23245	724	1893	470	152746	0	155833
23246	588	646	363	153035	0	154632
23247	585	383	369	148520	0	149857
23248	443	148659	494	2311	0	151907
23249	488	151643	479	967	0	153577
23250	150119	1912	338	883	0	153252
23251	149302	652	327	802	0	151083
23252	2022	151847	591	678	0	155138
23253	153839	1708	395	758	0	156700
23254	157757	634	419	985	0	159795
23255	2360	500	456	159613	0	162929
23256	1120	463	412	165535	0	167530
23257	813	407	460	165655	0	167335
23258	804	696	166047	2370	0	169917
23259	843	687	166717	983	0	169230
23260	739	174911	2421	915	0	178986
23261	176981	2038	926	903	0	180848
23262	2618	1124	180056	729	0	184527
23263	174016	579	2330	1013	0	177938
23264	2989	747	190372	764	0	194872
23265	184914	543	2672	950	0	189079
23266	2983	198945	1365	827	0	204120
23267	197516	2770	673	1089	0	202048
23268	3229	1114	650	197368	0	202361
23269	1493	734	587	201365	0	204179
23270	1125	1020	198901	3679	0	204725
23271	831	207200	2760	1873	0	212664
23272	1037	3043	1070	208920	0	214070
23273	950	1496	208351	3144	0	213941
23274	185321	780	2901	1743	0	190745
23275	2838	206043	1419	1083	0	211383
23276	202765	2730	662	1170	0	207327
23277	2826	198415	778	1161	0	203180
23278	1363	2871	563	197938	0	202735
23279	195185	1096	536	3388	0	200205
23280	2711	197733	811	1652	0	202907
23281	1405	2793	499	196947	0	201644
23282	1000	1424	193530	3091	0	199045
23283	177055	814	2528	1521	0	181918
23284	3219	679	901	190410	0	195209
23285	1533	900	188668	2919	0	194020
23286	1056	187809	2647	1861	0	193373
23287	1159	2601	1008	188016	0	192784
23288	1179	1280	188283	2902	0	193644
23289	1141	788	2630	177732	0	182291
23290	913	187877	1304	2787	0	192881
23291	921	191562	933	1474	0	194890
23292	1150	3306	188714	867	0	194037
23293	1180	1272	2552	185091	0	190095
23294	873	1045	190336	2865	0	195119
23295	181254	687	2618	1511	0	186070
23296	3025	862	1064	180841	0	185792
23297	1325	180829	864	2529	0	185547
23298	944	188601	765	1238	0	191548
23299	183045	2891	480	1096	0	187512
23300	2431	189485	715	860	0	193491
23301	187329	2448	553	1107	0	191437
23302	2638	1330	184894	675	0	189537
23303	168545	676	2237	936	0	172394
23304	2390	180565	1132	748	0	184835
23305	178626	2358	643	854	0	182481
23306	2351	176999	646	780	0	180776
23307	1202	2459	428	173724	0	177813
23308	742	1172	389	180177	0	182480
23309	661	970	178153	2895	0	182679
23310	163564	674	2247	1614	0	168099
23311	2419	951	180908	739	0	185017
23312	178321	628	2572	871	0	182392
23313	2866	561	1044	180497	0	184968
23314	1351	611	607	181201	0	183770
23315	721	184398	800	3371	0	189290
23316	786	2835	526	188241	0	192388
23317	966	1226	560	192479	0	195231
23318	742	966	188862	3761	0	194331
23319	166898	623	2840	1895	0	172256
23320	2765	183219	1483	892	0	188359
23321	181329	2653	624	890	0	185496
23322	2908	1185	631	180929	0	185653
23323	1397	700	592	183559	0	186248
23324	179857	548	588	3685	0	184678
23325	2777	183175	848	1774	0	188574
23326	176334	2598	555	913	0	180400
23327	2837	175950	757	772	0	180316
23328	1238	177138	658	648	0	179682
23329	175551	3173	828	756	0	180308
23330	3089	1346	614	170961	0	176010
23331	1361	1027	169762	2679	0	174829
23332	1049	657	2594	165772	0	170072
23333	885	611	1097	165144	0	167737
23334	673	167192	840	3432	0	172137
23335	850	2984	420	169451	0	173705
23336	793	1452	457	170633	0	173335
23337	841	737	431	172949	0	174958
23338	676	711	491	176837	0	178715
23339	714	952	173753	4018	0	179437
23340	696	977	177851	1799	0	181323
23341	809	687	3518	179951	0	184965
23342	818	820	181475	3636	0	186749
23343	928	896	181533	1571	0	184928
23344	1072	724	3756	179482	0	185034
23345	871	958	186929	3571	0	192329
23346	1205	831	3318	170535	0	175889
23347	670	189005	1513	3344	0	194532
23348	193654	3290	785	1936	0	199665
23349	3698	1666	211158	1263	0	217785
23350	1785	908	4026	208626	0	215345
23351	1041	941	216655	4490	0	223127
23352	999	724	4300	224936	0	230959
23353	1018	802	1661	232290	0	235771
23354	227298	795	973	6363	0	235429
23355	4904	720	836	230859	0	237319
23356	220298	651	786	5799	0	227534
23357	223447	591	793	2886	0	227717
23358	5777	221969	1027	1802	0	230575
23359	215879	4475	707	1473	0	222534
23360	4710	212714	1036	1331	0	219791
23361	1645	217213	930	1375	0	221163
23362	209051	5182	1125	1361	0	216719
23363	4720	1980	208783	1122	0	216605
23364	1755	1050	203120	915	0	206840
23365	190751	1179	6094	1082	0	199106
23366	195143	623	1979	1074	0	198819
23367	4766	196467	1169	895	0	203297
23368	200398	3791	771	1119	0	206079
23369	202153	1431	727	1270	0	205581
23370	198530	723	756	1129	0	201138
23371	5460	483	650	193217	0	199810
23372	190133	493	656	4638	0	195920
23373	4401	196621	892	2159	0	204073
23374	2182	3780	678	200484	0	207124
23375	1613	1402	675	200487	0	204177
23376	1168	200356	1006	5313	0	207843
23377	1288	3917	769	202821	0	208795
23378	198576	1591	834	5104	0	206105
23379	201186	957	757	2545	0	205445
23380	5347	196654	1089	1740	0	204830
23381	2348	201621	1011	1473	0	206453
23382	199986	4800	747	1535	0	207068
23383	4986	2186	197817	1294	0	206283
23384	2669	1396	199208	1306	0	204579
23385	2221	1006	5051	192240	0	200518
23386	2010	1036	1949	199754	0	204749
23387	1896	1251	196835	5278	0	205260
23388	1907	190548	4470	2510	0	199435
23389	2205	4606	1959	177856	0	186626
23390	1990	2265	195839	4515	0	204609
23391	2004	1271	4362	191962	0	199599
23392	1936	1183	2033	190036	0	195188
23393	1706	199217	1572	5399	0	207894
23394	2045	4442	1027	197676	0	205190
23395	2051	2100	1030	200743	0	205924
23396	2053	1406	991	202871	0	207321
23397	198921	1099	961	6087	0	207068
23398	5514	1182	891	190072	0	197659
23399	2890	195689	1117	4922	0	204618
23400	194571	4312	932	2667	0	202482
23401	5356	2344	188951	1926	0	198577
23402	3166	1625	188006	1811	0	194608
23403	185472	1124	5231	1985	0	193812
23404	5343	1416	2147	190571	0	199477
23405	2810	1491	191954	5142	0	201397
23406	2260	1139	4475	189398	0	197272
23407	2074	1207	2150	195508	0	200939
23408	191176	1199	1535	6306	0	200216
23409	190679	1247	1316	3391	0	196633
23410	5964	191635	1524	2490	0	201613
23411	3256	4313	1257	188065	0	196891
23412	2075	2296	189195	4948	0	198514
23413	1765	195645	4484	2973	0	204867
23414	193074	4142	1974	2510	0	201700
23415	4491	199127	1646	2130	0	207394
23416	196869	4168	1164	1999	0	204200
23417	4854	2197	196172	1757	0	204980
23418	189551	1391	4032	1978	0	196952
23419	200912	1237	1847	1925	0	205921
23420	5689	1537	203541	1799	0	212566
23421	2789	1746	4310	191505	0	200350
23422	1937	200972	2115	4662	0	209686
23423	1812	208470	1495	2637	0	214414
23424	1676	210321	1359	2151	0	215507
23425	2244	5436	1010	201175	0	209865
23426	2061	2183	206364	4545	0	215153
23427	2009	1482	3829	202282	0	209602
23428	1995	1225	1605	210183	0	215008
23429	2036	1359	207628	5187	0	216210
23430	1614	205725	4299	4110	0	215748
23431	1853	4072	1797	203520	0	211242
23432	206369	1694	1277	4752	0	214092
23433	4614	1253	1228	206002	0	213097
23434	2461	1073	1070	203555	0	208159
23435	1843	203343	1227	5403	0	211816
23436	203873	3967	916	2873	0	211629
23437	4944	1875	856	208953	0	216628
23438	2464	1493	206436	4527	0	214920
23439	1651	204758	3860	2445	0	212714
23440	198374	3644	1700	1775	0	205493
23441	3966	2071	200948	1291	0	208276
23442	192992	1426	3556	1453	0	199427
23443	4105	1243	1651	194710	0	201709
23444	1771	200504	1520	3635	0	207430
23445	196969	3460	1106	2018	0	203553
23446	195729	1613	1084	1719	0	200145
23447	4130	200801	1345	1320	0	207596
23448	2264	3022	902	192362	0	198550
23449	1190	1093	695	182970	0	185948
23450	176134	722	696	3233	0	180785
23451	2512	178141	903	1667	0	183223
23452	1044	2280	427	164930	0	168681
23453	520	163556	571	1841	0	166488
23454	380	162579	521	841	0	164321
23455	706	1692	458	157515	0	160371
23456	155599	516	390	1631	0	158136
23457	1208	158140	448	667	0	160463
23458	622	1354	290	157284	0	159550
23459	480	504	225	158480	0	159689
23460	424	583	157113	1425	0	159545
23461	482	498	150166	617	0	151763
23462	333	155795	1436	587	0	158151
23463	465	1439	152100	440	0	154444
23464	473	595	1191	150409	0	152668
23465	421	682	157010	1216	0	159329
23466	445	413	1134	155849	0	157841
23467	459	351	347	160484	0	161641
23468	436	328	274	160639	0	161677
23469	156840	327	229	1787	0	159183
23470	1318	350	228	156031	0	157927
23471	595	397	209	156003	0	157204
23472	375	155747	363	1486	0	157971
23473	434	1269	204	151898	0	153805
23474	151713	469	248	1944	0	154374
23475	1161	156746	374	680	0	158961
23476	157279	1295	227	927	0	159728
23477	1469	774	157938	527	0	160708
23478	639	797	161299	523	0	163258
23479	554	456	1443	163577	0	166030
23480	518	548	505	168433	0	170004
23481	391	170240	584	1819	0	173034
23482	576	1703	391	161012	0	163682
23483	168120	563	343	2062	0	171088
23484	167625	482	373	988	0	169468
23485	1794	471	356	171177	0	173798
23486	717	857	181439	1871	0	184884
23487	566	481	1669	182782	0	185498
23488	553	503	536	191077	0	192669
23489	459	454	443	192853	0	194209
23490	453	453	384	190577	0	191867
23491	499	471	353	186080	0	187403
23492	354	188510	569	2495	0	191928
23493	184596	1806	369	1391	0	188162
23494	187681	554	389	1203	0	189827
23495	188059	519	394	1149	0	190121
23496	2152	192470	604	977	0	196203
23497	189361	1884	321	1150	0	192716
23498	1923	191751	556	918	0	195148
23499	888	2353	189510	843	0	193594
23500	747	732	1867	183386	0	186732
23501	700	818	193353	2284	0	197155
23502	517	195371	2185	1215	0	199288
23503	191605	2032	641	1325	0	195603
23504	2183	1030	198951	853	0	203017
23505	1016	885	212614	930	0	215445
23506	668	221363	3210	1072	0	226313
23507	902	2806	1097	224194	0	228999
23508	782	1457	241681	3330	0	247250
23509	919	836	3186	232659	0	237600
23510	885	519	1094	269804	0	272302
23511	902	473	696	287844	0	289915
23512	298637	427	441	6175	0	305680
23513	298282	424	447	2444	0	301597
23514	5899	467	450	296126	0	302942
23515	295953	357	592	5622	0	302524
23516	5430	757	293477	1952	0	301616
23517	1786	689	292777	1157	0	296409
23518	1317	733	296641	992	0	299683
23519	1084	688	300155	1049	0	302976
23520	724	294142	6054	1182	0	302102
23521	1507	4531	2054	285073	0	293165
23522	989	1384	297585	4636	0	304594
23523	272107	634	5002	1964	0	279707
23524	293598	391	1654	1490	0	297133
23525	5318	293305	1629	2730	0	302982
23526	293389	4453	1171	1151	0	300164
23527	5349	1147	1216	293107	0	300819
23528	1727	1339	299617	4780	0	307463
23529	1551	759	5129	276813	0	284252
23530	841	304177	2169	4655	0	311842
23531	298228	4646	1274	2078	0	306226
23532	301028	1349	899	1747	0	305023
23533	5627	304685	1183	1301	0	312796
23534	306861	4703	777	1463	0	313804
23535	303668	1442	767	1438	0	307315
23536	5971	306247	1249	1402	0	314869
23537	2766	4856	798	291521	0	299941
23538	1527	301163	1277	4847	0	308814
23539	302268	5139	968	2159	0	310534
23540	5646	2279	954	300714	0	309593
23541	301179	1212	1048	5530	0	308969
23542	6162	1036	900	300783	0	308881
23543	2488	1485	297789	5462	0	307224
23544	286848	989	4956	2332	0	295125
23545	5843	1332	297884	1536	0	306595
23546	2826	949	5282	293310	0	302367
23547	2052	1403	293605	5347	0	302407
23548	1937	973	5401	290650	0	298961
23549	1804	1280	293157	5809	0	302050
23550	277870	824	5622	2717	0	287033
23551	5371	291563	2476	1920	0	301330
23552	291068	4773	1634	1812	0	299287
23553	6136	1550	1473	289270	0	298429
23554	282364	1136	1516	5837	0	290853
23555	5542	287789	1894	2503	0	297728
23556	2205	288930	1727	1772	0	294634
23557	1860	298734	1848	1621	0	304063
23558	297796	6026	1308	1962	0	307092
23559	5983	2241	1190	297213	0	306627
23560	2800	1586	1108	303095	0	308589
23561	2221	1792	296972	6391	0	307376
23562	2179	1751	297034	2577	0	303541
23563	2439	1246	5782	296876	0	306343
23564	2071	1638	303268	5769	0	312746
23565	1695	299060	5934	2591	0	309280
23566	294105	5388	2436	2339	0	304268
23567	6084	2432	299755	1621	0	309892
23568	2664	1919	300998	1815	0	307396
23569	2304	1092	6720	291716	0	301832
23570	301100	951	2920	6314	0	311285
23571	6214	905	2205	301711	0	311035
23572	300197	897	2071	6488	0	309653
23573	6528	1032	2047	302137	0	311744
23574	2842	1549	306905	6006	0	317302
23575	2182	301537	6596	2778	0	313093
23576	2256	5483	306224	2066	0	316029
23577	1710	305560	6700	2040	0	316010
23578	2464	6144	2824	297024	0	308456
23579	294778	1807	2030	6108	0	304723
23580	5970	1794	297914	2627	0	308305
23581	3082	1171	5352	293241	0	302846
23582	2632	1128	2154	303234	0	309148
23583	303204	1176	1785	6771	0	312936
23584	6089	1376	1678	289307	0	298450
23585	2383	303561	2322	5619	0	313885
23586	293139	5254	1796	2578	0	302767
23587	5783	2527	290925	1832	0	301067
23588	275307	1652	5230	1914	0	284103
23589	5849	291203	2558	1738	0	301348
23590	3187	5634	1459	270308	0	280588
23591	2159	294577	1738	4958	0	303432
23592	291334	5264	1256	2621	0	300475
23593	6023	2415	294177	1878	0	304493
23594	281688	1983	4889	2215	0	290775
23595	5818	298920	2301	1802	0	308841
23596	2983	4941	1347	298999	0	308270
23597	302876	1879	1331	5604	0	311690
23598	307038	1353	1410	2525	0	312326
23599	6569	1313	1248	304855	0	313985
23600	3091	1479	1169	305911	0	311650
23601	2048	305795	1766	6174	0	315783
23602	2250	5559	1237	301557	0	310603
23603	1708	345750	1798	5833	0	355089
23604	1768	361737	1764	2652	0	367921
23605	2185	10131	1290	318002	0	331608
23606	1498	332634	1556	6144	0	341832
23607	2273	6419	338547	2172	0	349411
23608	3202	2251	345255	1711	0	352419
23609	1286	339907	7986	2709	0	351888
23610	1727	6175	331055	1074	0	340031
23611	1107	2223	325568	905	0	329803
23612	825	1207	306045	720	0	308797
23613	461	300351	6906	836	0	308554
23614	289304	5431	3543	911	0	299189
23615	4502	291010	1253	710	0	297475
23616	1677	5599	292076	378	0	299730
23617	1046	1596	4960	283150	0	290752
23618	287147	848	1557	5130	0	294682
23619	4970	885	288398	1394	0	295647
23620	1751	439	5120	282883	0	290193
23621	951	894	291919	4864	0	298628
23622	788	441	5575	283771	0	290575
23623	282338	471	1852	5758	0	290419
23624	5143	765	290679	1676	0	298263
23625	1467	292467	5690	1371	0	300995
23626	1341	5339	1792	280384	0	288856
23627	294761	1701	1093	5420	0	302975
23628	5403	1353	292782	1586	0	301124
23629	2383	926	5688	261523	0	270520
23630	1024	289571	2430	4655	0	297680
23631	291891	5330	1353	1951	0	300525
23632	298552	1739	1102	1418	0	302811
23633	7043	1240	986	288429	0	297698
23634	2302	300743	1520	5706	0	310271
23635	1229	312761	1419	2152	0	317561
23636	315705	7275	1010	1494	0	325484
23637	6823	2723	1036	303566	0	314148
23638	2064	318371	1662	6267	0	328364
23639	314803	6706	1036	2460	0	325005
23640	6863	2223	1016	320493	0	330595
23641	2767	1411	1069	325555	0	330802
23642	1647	1377	310049	8156	0	321229
23643	977	320340	6617	3291	0	331225
23644	985	333523	2610	1733	0	338851
23645	1350	8005	1543	325591	0	336489
23646	327709	2726	1112	7172	0	338719
23647	6573	330172	1435	2657	0	340837
23648	327950	6932	1028	2032	0	337942
23649	7278	330244	1444	1281	0	340247
23650	2932	7582	1041	325401	0	336956
23651	329916	2763	853	7053	0	340585
23652	7605	1813	915	329991	0	340324
23653	2824	1975	330269	7557	0	342625
23654	2161	1470	6857	309550	0	320038
23655	1245	328372	2828	7210	0	339655
23656	322206	7419	1579	2914	0	334118
23657	6993	324993	1698	1942	0	335626
23658	2948	7818	1297	311726	0	323789
23659	2328	3052	1183	323886	0	330449
23660	1614	2437	316130	8530	0	328711
23661	1553	2274	318301	3236	0	325364
23662	1925	1939	8514	310382	0	322760
23663	2072	2116	313299	7577	0	325064
23664	1363	310914	8107	3284	0	323668
23665	309940	7538	2864	2573	0	322915
23666	7277	3552	317231	1890	0	329950
23667	305777	2446	7508	2208	0	317939
23668	320147	2054	3067	2126	0	327394
23669	319471	1989	2305	2012	0	325777
23670	319082	2082	1808	2117	0	325089
23671	9547	2017	1981	311158	0	324703
23672	4120	2056	1974	303161	0	311311
23673	2458	308780	2511	8542	0	322291
23674	301940	7471	2255	3916	0	315582
23675	7725	3929	300273	2488	0	314415
23676	3721	2699	7705	292551	0	306676
23677	2834	2253	3601	299404	0	308092
23678	2167	2363	293699	9117	0	307346
23679	2100	294316	8363	4240	0	309019
23680	2784	7845	3658	274904	0	289191
23681	2892	3378	2436	300162	0	308868
23682	290502	2562	2011	9456	0	304531
23683	7642	289558	2130	5011	0	304341
23684	4275	7568	1694	281922	0	295459
23685	2569	286248	2308	8244	0	299369
23686	2974	7817	1845	289049	0	301685
23687	285292	3064	1838	9047	0	299241
23688	289551	2334	1797	4213	0	297895
23689	9754	1882	1757	283237	0	296630
23690	280585	1884	1590	8723	0	292782
23691	280616	1994	1674	4210	0	288494
23692	9399	276849	1949	3317	0	291514
23693	5138	7603	1429	262739	0	276909
23694	3252	273619	1996	7636	0	286503
23695	3194	8022	1178	271084	0	283478
23696	266744	3482	1191	8701	0	280118
23697	8555	2796	1224	265369	0	277944
23698	4322	2461	1152	269917	0	277852
23699	3245	2748	259973	9450	0	275416
23700	3050	249909	6569	4625	0	264153
23701	2798	261253	2773	3350	0	270174
23702	249693	7863	1470	3540	0	262566
23703	6189	3384	860	203512	0	213945
23704	189497	1703	764	5457	0	197421
23705	5154	185413	1062	3090	0	194719
23706	2348	176452	988	2154	0	181942
23707	1601	182606	947	1932	0	187086
23708	155822	4095	2773	1739	0	164429
23709	3004	158113	944	1332	0	163393
23710	152741	2807	1596	1518	0	158662
23711	150454	1019	509	1172	0	153154
23712	155123	743	418	1196	0	157480
23713	3293	667	364	164517	0	168841
23714	1512	687	387	169436	0	172022
23715	1206	583	399	170409	0	172597
23716	1052	618	401	170128	0	172199
23717	166494	585	356	4277	0	171712
23718	3346	165246	624	1634	0	170850
23719	1523	2955	385	164386	0	169249
23720	164638	947	396	3655	0	169636
23721	3430	644	345	162382	0	166801
23722	1459	532	315	164599	0	166905
23723	159735	533	349	4095	0	164712
23724	3388	802	156535	1485	0	162210
23725	1425	560	2654	154495	0	159134
23726	973	766	156210	3375	0	161324
23727	966	565	2720	151687	0	155938
23728	990	729	727	153381	0	155827
23729	147822	423	424	3824	0	152493
23730	2952	145865	562	1562	0	150941
23731	1003	144420	459	986	0	146868
23732	136812	2492	287	907	0	140498
23733	2339	139447	371	687	0	142844
23734	138672	1993	399	1016	0	142080
23735	2448	775	137065	620	0	140908
23736	122943	277	1602	528	0	125350
23737	127468	152	285	463	0	128368
23738	128271	162	147	446	0	129026
23739	1944	162	134	124575	0	126815
23740	620	174	106	125026	0	125926
23741	285	125124	314	1799	0	127522
23742	366	1991	99	122460	0	124916
23743	120325	348	125	1789	0	122587
23744	1406	120448	266	540	0	122660
23745	322	120307	218	389	0	121236
23746	117590	1429	97	458	0	119574
23747	1447	612	117968	231	0	120258
23748	488	268	1233	115371	0	117360
23749	332	395	118773	1398	0	120898
23750	350	175	1288	114241	0	116054
23751	213	118348	443	1264	0	120268
23752	334	1331	135	119526	0	121326
23753	117391	287	93	1602	0	119373
23754	1439	184	66	117962	0	119651
23755	462	319	121186	1455	0	123422
23756	108953	169	1393	780	0	111295
23757	1442	122141	523	441	0	124547
23758	515	130082	349	377	0	131323
23759	134221	1745	130	637	0	136733
23760	141094	504	120	576	0	142294
23761	2466	470	141815	308	0	145059
23762	133935	225	2004	550	0	136714
23763	2201	142502	678	420	0	145801
23764	144219	2013	257	577	0	147066
23765	2411	617	158	136159	0	139345
23766	696	132858	298	2052	0	135904
23767	134406	2042	171	894	0	137513
23768	2410	842	134355	425	0	138032
23769	932	352	1973	134170	0	137427
23770	137525	230	512	2625	0	140892
23771	2411	468	137243	822	0	140944
23772	136387	227	2094	789	0	139497
23773	2549	259	577	137016	0	140401
23774	1053	233	302	140560	0	142148
23775	614	493	140391	2799	0	144297
23776	579	235	2158	139240	0	142212
23777	140863	227	616	2808	0	144514
23778	2274	139733	630	1092	0	143729
23779	140614	2104	249	926	0	143893
23780	141863	687	217	830	0	143597
23781	3000	461	190	140526	0	144177
23782	1139	742	142336	2526	0	146743
23783	742	327	2240	141972	0	145281
23784	143426	272	633	2925	0	147256
23785	2508	142874	589	1110	0	147081
23786	145785	2218	305	911	0	149219
23787	2845	693	274	145315	0	149127
23788	1179	441	304	148740	0	150664
23789	816	314	325	150096	0	151551
23790	701	542	146504	3246	0	150993
23791	749	316	2312	147373	0	150750
23792	703	640	147537	2778	0	151658
23793	749	630	149497	988	0	151864
23794	816	364	2894	163621	0	167695
23795	713	643	166381	3424	0	171161
23796	172965	404	3439	1681	0	178489
23797	4229	339	1253	183017	0	188838
23798	2063	376	831	179455	0	182725
23799	1112	185877	772	4965	0	192726
23800	186975	3876	539	2273	0	193663
23801	192463	1529	409	1546	0	195947
23802	5442	194086	698	1031	0	201257
23803	2550	4065	387	193374	0	200376
23804	1430	1889	194559	4285	0	202163
23805	186628	865	4028	2179	0	193700
23806	198770	500	1560	1476	0	202306
23807	5886	626	902	189253	0	196667
23808	2592	706	184211	4324	0	191833
23809	1302	181333	4205	2230	0	189070
23810	176394	4023	1644	1400	0	183461
23811	4704	1808	179845	893	0	187250
23812	1929	175908	4274	917	0	183028
23813	163952	3291	2191	803	0	170237
23814	164446	1393	949	768	0	167556
23815	4688	787	530	159420	0	165425
23816	2188	163384	722	3368	0	169662
23817	1461	3498	425	171272	0	176656
23818	979	1453	442	174628	0	177502
23819	1006	832	471	171869	0	174178
23820	958	528	408	175345	0	177239
23821	852	741	171922	5268	0	178783
23822	1098	488	3370	172345	0	177301
23823	982	467	1468	177362	0	180279
23824	942	692	174283	5098	0	181015
23825	713	173885	3755	2655	0	181008
23826	174002	3467	1629	1737	0	180835
23827	176321	1557	981	1373	0	180232
23828	5117	887	640	175487	0	182131
23829	176948	516	681	4299	0	182444
23830	4669	542	613	180596	0	186420
23831	2322	744	182602	4801	0	190469
23832	1705	735	183430	2378	0	188248
23833	1038	182649	5232	1844	0	190763
23834	178861	3846	2229	1549	0	186485
23835	4641	2014	194034	1294	0	201983
23836	2683	1152	4776	176104	0	184715
23837	1958	724	2293	199188	0	204163
23838	1509	692	1304	205995	0	209500
23839	1505	582	884	206210	0	209181
23840	1444	668	883	206104	0	209099
23841	1238	991	198602	8329	0	209160
23842	1465	684	5066	200548	0	207763
23843	197835	700	2547	6912	0	207994
23844	5365	197604	1817	3878	0	208664
23845	197104	4953	1033	2615	0	205705
23846	5857	199340	1342	2020	0	208559
23847	199741	5604	967	1988	0	208300
23848	206663	2526	871	1934	0	211994
23849	7815	1430	910	200262	0	210417
23850	4128	899	842	206346	0	212215
23851	200776	871	889	7895	0	210431
23852	198588	871	941	4239	0	204639
23853	200989	836	918	2674	0	205417
23854	7741	193514	1126	2135	0	204516
23855	3632	196968	1142	2067	0	203809
23856	2404	6589	192179	1869	0	203041
23857	2066	3409	4947	186886	0	197308
23858	1603	1556	186957	6262	0	196378
23859	1245	180620	5663	3950	0	191478
23860	1510	4409	2590	171984	0	180493
23861	1478	2197	1456	174323	0	179454
23862	1540	1299	959	178819	0	182617
23863	172716	909	934	7400	0	181959
23864	173436	884	887	4105	0	179312
23865	6302	174095	1117	2687	0	184201
23866	3598	4346	970	174514	0	183428
23867	2194	2621	174388	5335	0	184538
23868	1820	1795	171368	3176	0	178159
23869	168876	1098	6080	2414	0	178468
23870	175108	961	2978	2217	0	181264
23871	6819	814	1597	172381	0	181611
23872	174283	780	1181	5783	0	182027
23873	5838	1063	171165	3616	0	181682
23874	3266	170491	4941	2683	0	181381
23875	2522	4517	2580	169661	0	179280
23876	1792	2570	175808	5780	0	185950
23877	1849	1497	4987	175635	0	183968
23878	1730	998	2705	181150	0	186583
23879	1681	1170	179781	7717	0	190349
23880	168745	951	4709	5107	0	179512
23881	182476	899	2574	3765	0	189714
23882	6609	188684	1886	3034	0	200213
23883	193201	4942	1248	2998	0	202389
23884	198252	2655	1238	2736	0	204881
23885	8235	1942	194508	2511	0	207196
23886	190042	1236	5129	2605	0	199012
23887	7067	203636	3099	2272	0	216074
23888	207026	5480	1613	2229	0	216348
23889	214017	2824	1196	2126	0	220163
23890	217638	1814	1163	2091	0	222706
23891	209007	1290	1052	2262	0	213611
23892	215380	1273	1011	2279	0	219943
23893	9295	209058	1399	2166	0	221918
23894	193949	4691	964	1747	0	201351
23895	6078	191891	1229	1701	0	200899
23896	2705	173952	1012	1391	0	179060
23897	1838	184000	1091	1325	0	188254
23898	180148	5277	2084	1420	0	188929
23899	180980	2232	850	1476	0	185538
23900	5961	1395	177488	1170	0	186014
23901	181129	963	3786	1437	0	187315
23902	183197	801	1862	1504	0	187364
23903	6204	1095	186112	1454	0	194865
23904	3156	701	4427	181826	0	190110
23905	2269	847	2149	181219	0	186484
23906	1761	820	1049	193372	0	197002
23907	1901	811	728	193908	0	197348
23908	1980	756	748	193934	0	197418
23909	1746	1011	187505	6563	0	196825
23910	1714	186820	4686	3030	0	196250
23911	182489	4322	2121	1664	0	190596
23912	5169	185157	1430	1421	0	193177
23913	185767	4682	839	1309	0	192597
23914	186156	2153	859	1232	0	190400
23915	6833	1409	180712	1089	0	190043
23916	3843	1146	4293	159662	0	168944
23917	2124	174203	2405	3996	0	182728
23918	176197	4272	1222	2160	0	183851
23919	177501	1971	939	1675	0	182086
23920	179025	1221	978	1244	0	182468
23921	6722	178610	1086	1112	0	187530
23922	180891	4167	885	1100	0	187043
23923	183328	2119	782	1035	0	187264
23924	184064	1253	562	1074	0	186953
23925	7337	841	740	176221	0	185139
23926	3850	921	726	180081	0	185578
23927	2938	790	625	182428	0	186781
23928	177519	970	662	5709	0	184860
23929	5491	178021	937	2519	0	186968
23930	177578	3933	530	1349	0	183390
23931	175232	2129	630	863	0	178854
23932	170556	1155	581	910	0	173202
23933	169323	956	471	819	0	171569
23934	6761	163366	740	887	0	171754
23935	148084	3193	371	680	0	152328
23936	4454	145610	494	614	0	151172
23937	2124	144285	387	514	0	147310
23938	143561	3297	511	657	0	148026
23939	3540	141232	396	480	0	145648
23940	2086	145584	386	431	0	148487
23941	145020	3358	751	603	0	149732
23942	145834	1529	296	556	0	148215
23943	4179	1006	222	141001	0	146408
23944	2433	745	241	145451	0	148870
23945	147920	763	294	3603	0	152580
23946	153389	750	330	1709	0	156178
23947	150180	783	374	1045	0	152382
23948	4169	977	147671	561	0	153378
23949	152214	767	2407	881	0	156269
23950	3905	776	1008	154354	0	160043
23951	2442	611	599	156727	0	160379
23952	1856	639	443	157718	0	160656
23953	1605	620	465	158531	0	161221
23954	1491	815	151936	3902	0	158144
23955	1469	895	153840	1819	0	158023
23956	1574	715	3123	153790	0	159202
23957	1549	881	154721	3160	0	160311
23958	1626	940	154874	1677	0	159117
23959	1828	740	3312	148369	0	154249
23960	1853	723	1411	157514	0	161501
23961	1741	705	844	162577	0	165867
23962	1719	910	580	160291	0	163500
23963	160961	790	500	4315	0	166566
23964	167796	695	551	2327	0	171369
23965	4707	732	536	164156	0	170131
23966	2811	702	543	166003	0	170059
23967	2066	760	553	166156	0	169535
23968	1952	612	531	165714	0	168809
23969	1917	672	460	163165	0	166214
23970	1770	161872	701	4345	0	168688
23971	161772	2865	454	2417	0	167508
23972	3786	162915	627	1760	0	169088
23973	162723	3146	417	1615	0	167901
23974	164098	1496	361	1447	0	167402
23975	164277	1014	335	1393	0	167019
23976	5107	796	355	155100	0	161358
23977	155983	802	342	3399	0	160526
23978	4366	863	296	153155	0	158680
23979	2800	846	274	152413	0	156333
23980	151499	770	274	4000	0	156543
23981	3963	148180	462	1927	0	154532
23982	1963	142978	338	1072	0	146351
23983	139210	2377	207	1009	0	142803
23984	2992	1268	138152	785	0	143197
23985	127763	745	1803	977	0	131288
23986	3153	1091	736	135340	0	140320
23987	1551	128796	463	2134	0	132944
23988	1278	132068	336	1129	0	134811
23989	133376	2110	369	1284	0	137139
23990	2310	1073	153	135332	0	138868
23991	1241	144098	291	1786	0	147416
23992	142627	1556	217	1080	0	145480
23993	143399	709	126	866	0	145100
23994	143849	537	109	812	0	145307
23995	144494	453	113	804	0	145864
23996	2289	138796	286	647	0	142018
23997	810	138201	206	360	0	139577
23998	139255	1320	124	527	0	141226
23999	143210	550	109	581	0	144450
24000	1830	541	144053	318	0	146742
24001	541	142545	1199	252	0	144537
24002	143815	1147	341	383	0	145686
24003	149639	295	145	368	0	150447
24004	1836	409	150513	201	0	152959
24005	140137	217	1546	509	0	142409
24006	2098	318	157974	195	0	160585
24007	567	354	167874	205	0	169000
24008	588	358	2428	148861	0	152235
24009	218	161961	851	1940	0	164970
24010	173889	2187	313	905	0	177294
24011	2454	515	145	174079	0	177193
24012	802	264	131	176675	0	177872
24013	486	188	123	179262	0	180059
24014	176901	149	115	3226	0	180391
24015	2588	157	127	177614	0	180486
24016	884	136	113	183541	0	184674
24017	508	427	182415	2962	0	186312
24018	171858	199	2502	1370	0	175929
24019	186049	161	607	703	0	187520
24020	3654	431	186047	363	0	190495
24021	177389	167	2772	501	0	180829
24022	3352	233	690	177774	0	182049
24023	1005	175251	645	9683	0	186584
24024	812	2712	261	183495	0	187280
24025	180768	661	274	3313	0	185016
24026	2957	182887	517	1154	0	187515
24027	1193	2997	243	184674	0	189107
24028	846	862	295	189375	0	191378
24029	773	396	291	189815	0	191275
24030	860	261	302	179090	0	180513
24031	537	191321	580	3724	0	196162
24032	192114	3243	305	1419	0	197081
24033	194255	907	359	1101	0	196622
24034	4192	199755	573	946	0	205466
24035	214020	3635	305	997	0	218957
24036	220915	1022	283	953	0	223173
24037	218413	568	318	1028	0	220327
24038	6154	564	211795	763	0	219276
24039	2335	337	4347	209560	0	216579
24040	1393	655	208670	4739	0	215457
24041	202584	334	4512	1992	0	209422
24042	4871	211477	1564	1177	0	219089
24043	207026	4364	823	1081	0	213294
24044	5159	212687	774	862	0	219482
24045	2440	4784	507	201578	0	209309
24046	1778	1451	558	208326	0	212113
24047	1374	1092	206775	5644	0	214885
24048	1057	207996	4974	2447	0	216474
24049	203620	4800	1723	1604	0	211747
24050	5411	1827	204772	1143	0	213153
24051	201614	1089	4905	1195	0	208803
24052	5989	918	1541	204570	0	213018
24053	2425	1148	205600	5395	0	214568
24054	1626	204390	5106	2529	0	213651
24055	1718	4867	1606	203348	0	211539
24056	1558	1890	205297	5382	0	214127
24057	1672	1447	206236	2165	0	211520
24058	1899	202108	6127	1712	0	211846
24059	1958	4895	2105	197974	0	206932
24060	2047	1780	1345	191811	0	196983
24061	1677	197552	1276	5899	0	206404
24062	198541	4927	1115	2562	0	207145
24063	5964	1886	1075	189026	0	197951
24064	2507	194418	1371	5289	0	203585
24065	196540	4917	1213	2577	0	205247
24066	197008	1883	1260	1946	0	202097
24067	199405	1454	1221	1699	0	203779
24068	6887	195385	1350	1862	0	205484
24069	199067	5104	1033	1944	0	207148
24070	201327	2219	1087	1874	0	206507
24071	7199	1638	894	195596	0	205327
24072	198460	1255	875	6196	0	206786
24073	6722	1358	927	198079	0	207086
24074	3118	1522	195192	6347	0	206179
24075	2703	1336	199824	2939	0	206802
24076	2336	1176	6221	198257	0	207990
24077	2256	1506	200679	6205	0	210646
24078	190656	1251	5866	3022	0	200795
24079	6762	1232	2307	200011	0	210312
24080	3532	1101	1573	204599	0	210805
24081	2637	1481	198482	7306	0	209906
24082	2089	192169	5766	3587	0	203611
24083	2100	201589	2692	2500	0	208881
24084	2309	6357	1682	192032	0	202380
24085	2361	2516	1319	196924	0	203120
24086	2136	1856	189920	6922	0	200834
24087	2208	1760	194150	2966	0	201084
24088	2543	1444	6153	190723	0	200863
24089	2151	1661	186952	6481	0	197245
24090	180244	1511	5745	2983	0	190483
24091	6887	1568	2097	182130	0	192682
24092	183552	1547	1395	6464	0	192958
24093	6942	1425	1215	181365	0	190947
24094	3405	1372	1342	186037	0	192156
24095	2701	1538	179751	7261	0	191251
24096	2252	180301	6148	3545	0	192246
24097	2539	5336	2533	178907	0	189315
24098	2131	2316	178545	6255	0	189247
24099	2005	171953	5846	2816	0	182620
24100	2245	4832	2517	172420	0	182014
24101	171441	1875	1825	5908	0	181049
24102	5709	1457	171376	2865	0	181407
24103	156581	861	5188	2179	0	164809
24104	5455	1061	159596	1645	0	167757
24105	142671	910	5068	1583	0	150232
24106	4642	148195	2410	1637	0	156884
24107	1628	142521	1619	1373	0	147141
24108	1555	5591	1431	129285	0	137862
24109	944	134944	1320	3889	0	141097
24110	131988	3688	1109	2102	0	138887
24111	3888	1371	1138	132451	0	138848
24112	1765	1027	989	135119	0	138900
24113	1300	820	900	136481	0	139501
24114	957	881	130629	5016	0	137483
24115	1057	780	3710	129855	0	135402
24116	974	938	128028	4401	0	134341
24117	783	123870	4078	2152	0	130883
24118	115371	3104	1452	1439	0	121366
24119	3318	120060	1203	1235	0	125816
24120	122277	3085	892	1459	0	127713
24121	124328	1061	827	1445	0	127661
24122	124684	769	765	1345	0	127563
24123	123665	582	873	1365	0	126485
24124	3999	826	119328	1184	0	125337
24125	1724	705	3356	117538	0	123323
24126	1293	847	1387	119090	0	122617
24127	1201	764	1027	122082	0	125074
24128	109451	760	915	4174	0	115300
24129	110343	688	770	1989	0	113790
24130	3694	116028	911	1613	0	122246
24131	1738	2507	110202	979	0	115426
24132	1301	870	110275	994	0	113440
24133	975	107510	3382	987	0	112854
24134	791	105835	1489	1092	0	109207
24135	2254	2342	2398	86244	0	93238
24136	595	610	440	83444	0	85089
24137	86097	439	366	1762	0	88664
24138	1433	85906	458	873	0	88670
24139	688	1404	410	87628	0	90130
24140	663	637	89971	1601	0	92872
24141	574	386	1482	91198	0	93640
24142	574	337	537	93659	0	95107
24143	521	277	465	94728	0	95991
24144	570	290	401	93226	0	94487
24145	588	337	90359	1957	0	93241
24146	521	86871	1586	858	0	89836
24147	467	87962	628	641	0	89698
24148	83348	1362	442	519	0	85671
24149	1334	84187	447	481	0	86449
24150	572	88073	427	422	0	89494
24151	661	1513	382	86874	0	89430
24152	594	523	331	88355	0	89803
24153	589	434	378	88259	0	89660
24154	610	427	86988	1752	0	89777
24155	469	86623	1322	956	0	89370
24156	593	1377	429	83287	0	85686
24157	418	87354	480	1559	0	89811
24158	86329	1291	435	853	0	88908
24159	1244	87109	549	732	0	89634
24160	86561	1360	424	770	0	89115
24161	1312	676	86144	633	0	88765
24162	84874	537	1312	674	0	87397
24163	1449	558	424	87758	0	90189
24164	690	573	88837	1446	0	91546
24165	85225	455	1266	684	0	87630
24166	88693	477	498	658	0	90326
24167	89093	429	446	574	0	90542
24168	1659	425	406	87470	0	89960
24169	683	561	87976	1582	0	90802
24170	84619	466	1251	946	0	87282
24171	1415	443	453	90548	0	92859
24172	684	435	366	91006	0	92491
24173	658	555	93104	1633	0	95950
24174	523	92830	1260	837	0	95450
24175	621	1407	396	87295	0	89719
24176	428	92380	490	1342	0	94640
24177	90128	1258	426	736	0	92548
24178	90640	448	352	677	0	92117
24179	1417	434	335	89937	0	92123
24180	89248	354	305	1472	0	91379
24181	1274	89508	398	714	0	91894
24182	88685	1179	245	604	0	90713
24183	1372	90221	367	535	0	92495
24184	795	1189	304	89798	0	92086
24185	693	494	275	88255	0	89717
24186	543	90565	414	1255	0	92777
24187	554	1266	332	89981	0	92133
24188	500	496	89778	1463	0	92237
24189	357	86523	1075	660	0	88615
24190	79808	724	285	468	0	81285
24191	784	81149	310	372	0	82615
24192	354	750	189	80506	0	81799
24193	358	372	80856	835	0	82421
24194	354	320	701	79827	0	81202
24195	281	184	176	81855	0	82496
24196	78386	169	171	1122	0	79848
24197	887	266	80004	433	0	81590
24198	294	80201	704	549	0	81748
24199	325	809	82999	337	0	84470
24200	210	289	80373	240	0	81112
24201	201	314	79924	218	0	80657
24202	536	1233	806	73398	0	75973
24203	78752	82	425	713	0	79972
24204	519	79099	153	268	0	80039
24205	80732	562	76	246	0	81616
24206	82633	198	90	327	0	83248
24207	708	127	53	80952	0	81840
24208	198	82824	118	603	0	83743
24209	81642	579	73	312	0	82606
24210	541	83300	111	272	0	84224
24211	263	645	70	79737	0	80715
24212	184	191	55	85176	0	85606
24213	98	86057	157	712	0	87024
24214	158	601	62	86516	0	87337
24215	157	282	84164	654	0	85257
24216	154	236	84247	226	0	84863
24217	155	103	685	84909	0	85852
24218	133	106	226	87025	0	87490
24219	155	187	83623	747	0	84712
24220	128	177	81376	283	0	81964
24221	71296	95	784	356	0	72531
24222	618	80889	319	182	0	82008
24223	239	86517	201	230	0	87187
24224	242	769	124	82727	0	83862
24225	200	244	117	83947	0	84508
24226	203	164	99	84993	0	85459
24227	187	215	84064	755	0	85221
24228	217	240	82930	276	0	83663
24229	195	110	755	85193	0	86253
24230	202	212	85318	759	0	86491
24231	115	84641	809	407	0	85972
24232	83618	711	402	318	0	85049
24233	781	351	84119	178	0	85429
24234	307	267	83804	171	0	84549
24235	240	158	842	84236	0	85476
24236	192	231	95695	943	0	97061
24237	147	97580	1224	563	0	99514
24238	271	1115	379	98362	0	100127
24239	221	451	99984	1259	0	101915
24240	126	97420	1246	493	0	99285
24241	96480	1192	402	425	0	98499
24242	1198	435	301	96007	0	97941
24243	422	296	190	97071	0	97979
24244	96659	188	182	1549	0	98578
24245	1107	96907	227	707	0	98948
24246	97380	1175	158	534	0	99247
24247	98015	416	160	375	0	98966
24248	98219	282	162	336	0	98999
24249	1682	181	174	95964	0	98001
24250	92980	130	192	1363	0	94665
24251	1440	85368	297	556	0	87661
24252	508	91003	248	449	0	92208
24253	93340	1439	183	351	0	95313
24254	1388	594	184	94965	0	97131
24255	585	355	211	95629	0	96780
24256	443	244	179	96461	0	97327
24257	263	295	92453	1851	0	94862
24258	196	92580	1371	803	0	94950
24259	252	1363	489	94939	0	97043
24260	94895	467	354	1639	0	97355
24261	1398	325	299	94904	0	96926
24262	519	299	94168	1725	0	96711
24263	390	94588	1509	700	0	97187
24264	95032	1349	595	629	0	97605
24265	95208	520	510	461	0	96699
24266	95137	472	334	490	0	96433
24267	2017	331	314	95464	0	98126
24268	854	422	95670	1610	0	98556
24269	657	442	96318	724	0	98141
24270	458	101373	1924	586	0	104341
24271	524	1799	701	100576	0	103600
24272	524	645	404	103323	0	104896
24273	97581	477	241	2434	0	100733
24274	2012	379	232	99289	0	101912
24275	101226	334	260	2273	0	104093
24276	2358	416	99626	893	0	103293
24277	1026	385	102121	749	0	104281
24278	832	280	2261	99418	0	102791
24279	640	257	863	102622	0	104382
24280	557	342	523	105671	0	107093
24281	108137	364	383	2817	0	111701
24282	114415	330	400	1219	0	116364
24283	3022	319	333	114773	0	118447
24284	1209	313	113172	2920	0	117614
24285	754	347	115652	1330	0	118083
24286	623	303	3099	113736	0	117761
24287	116484	331	1205	2880	0	120900
24288	2810	339	676	114520	0	118345
24289	1244	331	424	118031	0	120030
24290	806	358	116706	3494	0	121364
24291	674	366	116714	1475	0	119229
24292	110277	316	3248	1111	0	114952
24293	2954	434	116285	733	0	120406
24294	1404	331	2827	111305	0	115867
24295	1091	290	1102	114590	0	117073
24296	114173	209	776	3429	0	118587
24297	2772	112912	765	1583	0	118032
24298	111056	2402	637	1106	0	115201
24299	2784	108164	621	842	0	112411
24300	106406	2502	543	879	0	110330
24301	2914	906	104336	913	0	109069
24302	95662	613	2710	918	0	99903
24303	100992	304	1024	805	0	103125
24304	3221	439	731	99980	0	104371
24305	1444	430	99738	2659	0	104271
24306	1051	349	2560	95698	0	99658
24307	864	330	1058	96362	0	98614
24308	676	96402	945	3388	0	101411
24309	885	2232	642	92751	0	96510
24310	890	95977	662	2915	0	100444
24311	1062	2340	488	96324	0	100214
24312	95250	742	528	3337	0	99857
24313	2876	508	569	95881	0	99834
24314	1392	502	95200	3045	0	100139
24315	93710	441	2573	1537	0	98261
24316	3166	367	98491	1149	0	103173
24317	97560	266	2789	1152	0	101767
24318	100346	284	1118	1160	0	102908
24319	3364	98452	1022	1164	0	104002
24320	1628	104204	901	859	0	107592
24321	103150	3101	714	1003	0	107968
24322	106464	1100	672	1026	0	109262
24323	103964	536	618	1171	0	106289
24324	104000	354	603	1329	0	106286
24325	103950	376	590	1175	0	106091
24326	3989	475	661	101067	0	106192
24327	1975	504	689	103991	0	107159
24328	1437	677	101927	3551	0	107592
24329	99251	411	2763	1732	0	104157
24330	3479	392	1116	100628	0	105615
24331	1672	416	884	102474	0	105446
24332	1409	549	100550	3568	0	106076
24333	1250	96950	2849	1813	0	102862
24334	1326	101088	1295	1310	0	105019
24335	97420	2884	1024	1224	0	102552
24336	88374	892	668	891	0	90825
24337	3002	83187	639	819	0	87647
24338	1225	84022	606	702	0	86555
24339	83810	2264	576	758	0	87408
24340	87676	767	487	880	0	89810
24341	2990	413	466	85634	0	89503
24342	1454	383	391	86910	0	89138
24343	1154	386	387	88921	0	90848
24344	86912	411	413	2951	0	90687
24345	88480	383	375	1267	0	90505
24346	3144	380	444	88469	0	92437
24347	90721	349	431	2614	0	94115
24348	2976	501	90705	1136	0	95318
24349	1531	361	2290	91078	0	95260
24350	1166	466	90855	2659	0	95146
24351	978	90079	2574	1216	0	94847
24352	1115	2275	1041	89660	0	94091
24353	89462	737	680	2635	0	93514
24354	2847	474	515	88987	0	92823
24355	1414	410	444	90517	0	92785
24356	1049	537	88715	3025	0	93326
24357	1062	519	89561	1323	0	92465
24358	1104	90556	2684	918	0	95262
24359	90667	2226	859	825	0	94577
24360	92072	805	491	794	0	94162
24361	92581	520	433	736	0	94270
24362	92840	415	442	809	0	94506
24363	3497	401	416	90388	0	94702
24364	1697	392	441	87503	0	90033
24365	1171	91572	512	2790	0	96045
24366	91431	2157	416	1209	0	95213
24367	91575	765	440	944	0	93724
24368	3083	581	88210	721	0	92595
24369	78508	371	1885	612	0	81376
24370	2507	82185	778	585	0	86055
24371	1356	2632	357	77197	0	81542
24372	993	82193	384	1972	0	85542
24373	81236	1976	401	991	0	84604
24374	2262	81881	418	727	0	85288
24375	1145	1798	287	79544	0	82774
24376	857	600	253	81080	0	82790
24377	792	352	268	78462	0	79874
24378	672	77273	390	2423	0	80758
24379	827	2082	334	76941	0	80184
24380	975	1028	314	74328	0	76645
24381	538	67783	358	1921	0	70600
24382	463	65412	273	669	0	66817
24383	61027	1271	200	492	0	62990
24384	1338	61938	259	466	0	64001
24385	59387	1119	200	410	0	61116
24386	1392	507	59259	322	0	61480
24387	611	58687	1017	373	0	60688
24388	58450	1064	384	439	0	60337
24389	58098	385	213	459	0	59155
24390	1418	340	57379	413	0	59550
24391	700	240	959	56058	0	57957
24392	503	312	57999	1195	0	60009
24393	460	57243	1078	592	0	59373
24394	56242	1080	428	530	0	58280
24395	1143	56682	316	445	0	58586
24396	624	1047	208	55821	0	57700
24397	555	416	192	57379	0	58542
24398	492	354	56940	1264	0	59050
24399	480	362	55717	547	0	57106
24400	52994	298	1216	519	0	55027
24401	56647	317	348	471	0	57783
24402	56739	265	240	434	0	57678
24403	56452	289	200	431	0	57372
24404	1353	56370	273	479	0	58475
24405	711	1070	201	55951	0	57933
24406	583	482	201	55464	0	56730
24407	479	57694	235	1235	0	59643
24408	58305	1048	174	612	0	60139
24409	58742	442	208	484	0	59876
24410	1431	391	58094	395	0	60311
24411	57507	304	984	423	0	59218
24412	1307	295	351	57974	0	59927
24413	670	363	57367	1116	0	59516
24414	645	433	1022	56215	0	58315
24415	473	336	57561	1147	0	59517
24416	386	296	54975	470	0	56127
24417	476	707	1036	50548	0	52767
24418	281	52683	442	823	0	54229
24419	52439	788	286	436	0	53949
24420	50552	343	189	342	0	51426
24421	1017	53285	232	305	0	54839
24422	426	54498	245	279	0	55448
24423	55204	898	264	372	0	56738
24424	55765	380	164	341	0	56650
24425	56075	252	157	280	0	56764
24426	55948	239	151	282	0	56620
24427	1189	235	123	56132	0	57679
24428	519	262	55397	814	0	56992
24429	372	55237	771	340	0	56720
24430	54094	764	264	303	0	55425
24431	816	55839	188	231	0	57074
24432	55480	771	116	241	0	56608
24433	55659	290	108	213	0	56270
24434	987	231	56866	159	0	58243
24435	403	58785	750	156	0	60094
24436	369	819	273	58090	0	59551
24437	283	311	127	59597	0	60318
24438	252	222	123	58310	0	58907
24439	58155	193	109	970	0	59427
24440	55414	176	105	413	0	56108
24441	55566	185	112	300	0	56163
24442	931	55923	189	268	0	57311
24443	54112	649	96	257	0	55114
24444	749	55420	199	232	0	56600
24445	378	763	55100	190	0	56431
24446	208	54752	661	171	0	55792
24447	346	786	427	50930	0	52489
24448	184	179	110	50610	0	51083
24449	188	167	50402	547	0	51304
24450	187	110	450	48438	0	49185
24451	155	120	158	50426	0	50859
24452	50525	86	92	661	0	51364
24453	49623	97	86	275	0	50081
24454	50434	100	85	202	0	50821
24455	626	51173	132	141	0	52072
24456	50522	451	90	161	0	51224
24457	49065	172	82	178	0	49497
24458	626	51384	136	136	0	52282
24459	329	487	90	51080	0	51986
24460	249	192	70	51574	0	52085
24461	50693	103	78	695	0	51569
24462	590	157	50169	223	0	51139
24463	222	48467	507	218	0	49414
24464	207	766	130	44971	0	46074
24465	145	46038	108	419	0	46710
24466	156	47062	100	159	0	47477
24467	46908	484	167	207	0	47766
24468	46662	142	86	181	0	47071
24469	567	110	64	47151	0	47892
24470	241	102	52	46590	0	46985
24471	197	88	66	46787	0	47138
24472	193	86	59	46612	0	46950
24473	179	146	45504	559	0	46388
24474	188	151	43682	203	0	44224
24475	186	110	454	45435	0	46185
24476	187	161	48748	507	0	49603
24477	135	49702	516	249	0	50602
24478	50145	483	128	206	0	50962
24479	50641	166	81	223	0	51111
24480	680	122	82	50820	0	51704
24481	304	112	71	51499	0	51986
24482	222	125	68	51775	0	52190
24483	169	53002	110	651	0	53932
24484	53013	543	73	296	0	53925
24485	53217	199	68	231	0	53715
24486	764	199	53216	142	0	54321
24487	332	107	533	56403	0	57375
24488	224	172	58770	821	0	59987
24489	234	120	736	62916	0	64006
24490	220	126	206	63254	0	63806
24491	234	137	124	63088	0	63583
24492	256	116	111	64758	0	65241
24493	64737	115	120	1288	0	66260
24494	65667	132	104	502	0	66405
24495	67390	113	102	323	0	67928
24496	1450	137	87	66960	0	68634
24497	540	139	66569	1118	0	68366
24498	63967	105	1014	455	0	65541
24499	1186	134	316	67153	0	68789
24500	67299	108	156	1219	0	68782
24501	1238	106	113	66852	0	68309
24502	460	66145	182	1220	0	68007
24503	298	69618	186	523	0	70625
24504	330	1250	114	69511	0	71205
24505	317	415	98	69481	0	70311
24506	325	188	81	69450	0	70044
24507	214	68669	171	1450	0	70504
24508	67672	1036	85	592	0	69385
24509	1099	68462	152	408	0	70121
24510	399	1180	68530	304	0	70413
24511	339	383	1097	67060	0	68879
24512	201	70689	392	1284	0	72566
24513	287	1149	218	69915	0	71569
24514	298	338	149	70950	0	71735
24515	229	283	70123	1607	0	72242
24516	63740	149	1118	817	0	65824
24517	1265	72748	415	564	0	74992
24518	73312	1134	196	477	0	75119
24519	75326	346	128	461	0	76261
24520	75537	228	112	433	0	76310
24521	1786	289	71587	376	0	74038
24522	718	158	1214	69731	0	71821
24523	500	181	381	71025	0	72087
24524	374	243	69498	1667	0	71782
24525	62052	200	1269	883	0	64404
24526	1443	247	69805	556	0	72051
24527	516	257	68285	460	0	69518
24528	321	69945	1414	430	0	72110
24529	409	1151	514	68626	0	70700
24530	324	471	70217	1293	0	72305
24531	64935	237	1135	659	0	66966
24532	68152	197	366	517	0	69232
24533	1479	258	68820	357	0	70914
24534	630	226	1166	68373	0	70395
24535	408	269	70603	1286	0	72566
24536	288	71116	1272	623	0	73299
24537	73674	1160	448	534	0	75816
24538	74751	402	261	463	0	75877
24539	75201	296	195	453	0	76145
24540	1650	223	240	74415	0	76528
24541	701	190	214	76305	0	77410
24542	431	298	74997	1697	0	77423
24543	72222	216	1272	701	0	74411
24544	1516	202	427	75008	0	77153
24545	74042	190	330	1461	0	76023
24546	1548	236	74572	610	0	76966
24547	651	289	76249	524	0	77713
24548	564	162	1565	72334	0	74625
24549	446	163	623	77057	0	78289
24550	452	264	76347	1710	0	78773
24551	72435	163	1422	802	0	74822
24552	1523	243	608	73492	0	75866
24553	612	78169	518	1397	0	80696
24554	78102	1206	369	754	0	80431
24555	1446	79552	453	537	0	81988
24556	79084	1287	337	523	0	81231
24557	1688	480	81888	490	0	84546
24558	766	349	80557	415	0	82087
24559	506	81847	1574	532	0	84459
24560	81455	1189	715	520	0	83879
24561	1574	517	81669	409	0	84169
24562	77183	287	1362	506	0	79338
24563	1596	81654	676	418	0	84344
24564	756	1212	473	82551	0	84992
24565	651	464	394	80133	0	81642
24566	414	83120	480	1608	0	85622
24567	85766	1206	405	809	0	88186
24568	87004	428	367	581	0	88380
24569	87740	300	365	559	0	88964
24570	1845	353	87895	449	0	90542
24571	828	246	1432	87017	0	89523
24572	619	295	608	88636	0	90158
24573	572	257	477	90379	0	91685
24574	550	338	88910	1800	0	91598
24575	484	87524	1486	825	0	90319
24576	83829	1274	582	573	0	86258
24577	1520	580	85334	387	0	87821
24578	81134	352	1436	459	0	83381
24579	1544	85095	690	433	0	87762
24580	85230	1274	464	470	0	87438
24581	1701	616	397	84004	0	86718
24582	85451	307	439	1463	0	87660
24583	1612	258	439	85296	0	87605
24584	751	400	87924	1340	0	90415
24585	679	575	1276	86661	0	89191
24586	530	376	86933	1373	0	89212
24587	76610	237	1193	586	0	78626
24588	1220	82765	607	410	0	85002
24589	608	917	321	74276	0	76122
24590	367	79555	393	833	0	81148
24591	79024	776	368	450	0	80618
24592	78685	276	299	364	0	79624
24593	984	78612	348	278	0	80222
24594	78545	668	308	404	0	79925
24595	80138	246	262	397	0	81043
24596	928	229	195	79253	0	80605
24597	443	206	198	80208	0	81055
24598	82880	164	200	943	0	84187
24599	83825	158	194	429	0	84606
24600	1125	186	188	82826	0	84325
24601	580	151	173	89262	0	90166
24602	90520	144	236	1275	0	92175
24603	1244	269	90281	430	0	92224
24604	83273	147	1128	484	0	85032
24605	1275	256	89159	360	0	91050
24606	401	88082	1193	352	0	90028
24607	441	1050	385	86171	0	88047
24608	423	440	89869	1034	0	91766
24609	297	92782	1139	385	0	94603
24610	91651	1092	429	455	0	93627
24611	1176	422	92948	194	0	94740
24612	88662	235	991	323	0	90211
24613	93784	167	262	331	0	94544
24614	94480	156	223	408	0	95267
24615	1360	191	177	88911	0	90639
24616	510	95656	284	964	0	97414
24617	93060	917	216	506	0	94699
24618	1096	385	95206	267	0	96954
24619	83844	194	983	430	0	85451
24620	1084	250	95540	248	0	97122
24621	392	95100	1026	322	0	96840
24622	394	935	297	95024	0	96650
24623	375	301	224	94174	0	95074
24624	326	94522	305	1142	0	96295
24625	384	936	227	95489	0	97036
24626	387	410	96736	1072	0	98605
24627	330	96995	1119	414	0	98858
24628	440	1004	297	94306	0	96047
24629	94266	311	254	1146	0	95977
24630	96662	250	204	472	0	97588
24631	1440	258	198	96679	0	98575
24632	562	99699	310	1173	0	101744
24633	515	1108	191	99242	0	101056
24634	520	325	189	98180	0	99214
24635	521	345	93180	1375	0	95421
24636	412	94279	1247	563	0	96501
24637	436	1106	313	92625	0	94480
24638	349	417	92323	1176	0	94265
24639	290	92147	1176	567	0	94180
24640	396	1134	317	91899	0	93746
24641	92546	308	282	1222	0	94358
24642	1190	94414	273	450	0	96327
24643	575	1162	154	94330	0	96221
24644	96498	329	205	1245	0	98277
24645	97256	264	195	486	0	98201
24646	97388	193	180	438	0	98199
24647	96123	226	163	390	0	96902
24648	1556	218	171	95320	0	97265
24649	568	325	96103	1260	0	98256
24650	483	313	1087	91884	0	93767
24651	356	95376	458	1189	0	97379
24652	95973	1067	274	573	0	97887
24653	1259	402	93419	357	0	95437
24654	87671	242	1080	417	0	89410
24655	1275	290	91977	311	0	93853
24656	596	193	1086	90370	0	92245
24657	382	332	91404	1101	0	93219
24658	383	247	1096	88671	0	90397
24659	375	322	89941	1197	0	91835
24660	443	238	1100	87554	0	89335
24661	89671	186	330	1314	0	91501
24662	1147	95209	331	493	0	97180
24663	622	1108	206	95447	0	97383
24664	500	375	220	95829	0	96924
24665	463	411	99757	1286	0	101917
24666	439	336	96987	479	0	98241
24667	90109	205	1230	504	0	92048
24668	1181	97317	505	374	0	99377
24669	97008	978	269	418	0	98673
24670	98348	264	228	476	0	99316
24671	1357	205	263	94841	0	96666
24672	467	99653	422	1079	0	101621
24673	101858	1066	246	613	0	103783
24674	103693	316	230	539	0	104778
24675	105289	240	245	552	0	106326
24676	105559	190	211	438	0	106398
24677	104551	176	251	409	0	105387
24678	1450	326	102409	273	0	104458
24679	101010	178	1129	388	0	102705
24680	1395	363	103427	255	0	105440
24681	638	170	1192	100077	0	102077
24682	569	156	376	106419	0	107520
24683	427	339	104734	1398	0	106898
24684	100399	190	1238	716	0	102543
24685	1495	183	394	107534	0	109606
24686	701	206	296	110793	0	111996
24687	466	181	254	112016	0	112917
24688	412	257	243	111157	0	112069
24689	413	193	230	112438	0	113274
24690	361	379	112258	1973	0	114971
24691	434	217	1525	110747	0	112923
24692	396	398	113336	1829	0	115959
24693	427	364	111986	691	0	113468
24694	110334	186	1980	645	0	113145
24695	116913	176	717	535	0	118341
24696	124193	166	478	557	0	125394
24697	2744	343	126930	438	0	130455
24698	1028	297	127668	357	0	129350
24699	619	320	131066	367	0	132372
24700	422	134618	3162	535	0	138737
24701	1195	2694	1652	129516	0	135057
24702	136812	642	601	2385	0	140440
24703	2514	304	311	141686	0	144815
24704	858	146710	420	2929	0	150917
24705	148338	2518	300	1169	0	152325
24706	2839	766	280	146261	0	150146
24707	1009	151265	476	2877	0	155627
24708	788	2597	351	151802	0	155538
24709	513	841	352	152211	0	153917
24710	147628	368	402	3749	0	152147
24711	2927	283	464	148592	0	152266
24712	1143	420	147606	3235	0	152404
24713	879	241	2884	143986	0	147990
24714	563	142723	1351	3121	0	147758
24715	587	147923	946	1435	0	150891
24716	666	3312	663	141611	0	146252
24717	581	1198	604	139720	0	142103
24718	481	140331	718	3667	0	145197
24719	577	141947	681	1615	0	144820
24720	595	143990	618	1091	0	146294
24721	929	3920	405	128898	0	134152
24722	677	141386	570	2902	0	145535
24723	139464	3183	441	1522	0	144610
24724	3151	1548	141927	1121	0	147747
24725	1482	976	2819	135169	0	140446
24726	874	142881	1208	3269	0	148232
24727	140878	3098	654	1938	0	146568
24728	3281	1625	142256	1419	0	148581
24729	1353	142158	3251	1371	0	148133
24730	139211	3089	1320	1392	0	145012
24731	2824	139352	1045	1324	0	144545
24732	1193	142542	774	1335	0	145844
24733	1068	4029	587	137283	0	142967
24734	739	142431	726	3394	0	147290
24735	140847	3494	512	1928	0	146781
24736	3088	1801	546	141111	0	146546
24737	1364	1577	140084	3394	0	146419
24738	894	1531	140820	1800	0	145045
24739	748	1426	3277	139828	0	145279
24740	897	1471	142181	3466	0	148015
24741	942	1169	2979	141851	0	146941
24742	138801	1158	1240	3891	0	145090
24743	3059	1399	140010	1856	0	146324
24744	1522	1163	2913	134872	0	140470
24745	922	137420	1538	3360	0	143240
24746	963	3411	973	139200	0	144547
24747	1046	1747	763	138879	0	142435
24748	937	138543	1054	3890	0	144424
24749	953	3436	909	141917	0	147215
24750	845	1928	871	143959	0	147603
24751	894	1792	141023	4018	0	147727
24752	772	140355	3157	2203	0	146487
24753	139466	3568	1430	1830	0	146294
24754	3179	1904	1077	141240	0	147400
24755	1517	1712	141982	3737	0	148948
24756	1227	1444	3150	139879	0	145700
24757	886	1466	140827	4030	0	147209
24758	131172	1230	3434	2481	0	138317
24759	3088	140872	1883	1754	0	147597
24760	1778	3296	1340	140539	0	146953
24761	1342	1748	1194	144483	0	148767
24762	136288	1348	1202	4481	0	143319
24763	3383	1286	1123	137785	0	143577
24764	1627	1437	136173	4240	0	143477
24765	1312	1328	3260	127399	0	133299
24766	910	127447	1749	4229	0	134335
24767	823	132297	1373	2660	0	137153
24768	904	134502	1248	2229	0	138883
24769	975	4456	1005	130834	0	137270
24770	1013	2474	129424	4114	0	137025
24771	770	129546	3240	2724	0	136280
24772	125184	3613	1460	2187	0	132444
24773	2830	128421	1313	2022	0	134586
24774	127737	3618	995	2106	0	134456
24775	128472	1760	1146	2015	0	133393
24776	3656	1631	126743	1828	0	133858
24777	127957	1368	3131	2012	0	134468
24778	136005	1279	1553	2135	0	140972
24779	132934	1199	1201	2035	0	137369
24780	136531	1205	966	2062	0	140764
24781	3939	1459	135154	1683	0	142235
24782	129794	1239	3090	1751	0	135874
24783	136657	1437	1435	1641	0	141170
24784	3520	139248	1134	1480	0	145382
24785	1670	3484	619	133840	0	139613
24786	1340	1746	684	133143	0	136913
24787	898	135367	1154	3773	0	141192
24788	132594	3179	897	1893	0	138563
24789	2935	134926	1177	1271	0	140309
24790	131053	3272	824	1052	0	136201
24791	131803	1635	676	1124	0	135238
24792	3486	133676	920	1106	0	139188
24793	1753	2842	782	133010	0	138387
24794	1475	1279	134007	3014	0	139775
24795	1108	130088	2890	1444	0	135530
24796	1352	3547	1047	116237	0	122183
24797	942	120397	820	1947	0	124106
24798	832	125393	580	970	0	127775
24799	1064	3478	599	117352	0	122493
24800	866	953	118773	2193	0	122785
24801	582	114017	2171	926	0	117696
24802	434	111764	977	543	0	113718
24803	99241	1829	692	297	0	102059
24804	1336	731	140	102781	0	104988
24805	622	327	95	105080	0	106124
24806	344	223	77	108049	0	108693
24807	269	337	108336	2253	0	111195
24808	332	172	1702	108799	0	111005
24809	158	114869	761	2066	0	117854
24810	119767	1916	304	826	0	122813
24811	2226	779	149	119919	0	123073
24812	832	602	119611	2251	0	123296
24813	118925	255	2119	936	0	122235
24814	2464	225	736	125024	0	128449
24815	992	363	132540	2387	0	136282
24816	567	367	133797	923	0	135654
24817	131854	252	3165	569	0	135840
24818	140290	237	1033	481	0	142041
24819	139589	248	434	448	0	140719
24820	140950	311	268	465	0	141994
24821	3719	463	138107	418	0	142707
24822	1293	139886	2686	555	0	144420
24823	139520	2697	984	470	0	143671
24824	2773	139610	658	505	0	143546
24825	137791	2908	304	462	0	141465
24826	2975	139174	442	403	0	142994
24827	1301	3127	301	138065	0	142794
24828	767	1090	325	139948	0	142130
24829	638	628	364	137315	0	138945
24830	505	135436	490	3601	0	140032
24831	536	139309	442	1460	0	141747
24832	682	3491	304	129678	0	134155
24833	522	134558	561	2803	0	138444
24834	652	3237	133927	1174	0	138990
24835	673	1272	2867	132972	0	137784
24836	674	905	135059	3037	0	139675
24837	129546	650	3027	1473	0	134696
24838	134452	647	1189	964	0	137252
24839	3920	725	133361	795	0	138801
24840	1739	803	133342	790	0	136674
24841	1145	686	3566	130001	0	135398
24842	864	884	132183	3131	0	137062
24843	952	752	3233	122272	0	127209
24844	796	120102	1619	3119	0	125636
24845	1011	3306	803	130231	0	135351
24846	1026	1521	589	132910	0	136046
24847	895	1038	659	133230	0	135822
24848	827	996	128292	4365	0	134480
24849	908	792	3104	125152	0	129956
24850	918	874	1472	125619	0	128883
24851	1042	953	956	119367	0	122318
24852	822	127242	913	3821	0	132798
24853	127546	3272	691	1955	0	133464
24854	128614	1511	730	1632	0	132487
24855	128558	1015	850	1491	0	131914
24856	4268	920	935	125550	0	131673
24857	1913	1033	124747	3643	0	131336
24858	2184	1003	123537	2077	0	128801
24859	1032	124657	3943	1587	0	131219
24860	120247	3192	1718	1589	0	126746
24861	3107	124028	1337	1671	0	130143
24862	124202	3368	1135	1526	0	130231
24863	3529	124667	1190	1586	0	130972
24864	122855	3524	1043	1511	0	128933
24865	3563	128150	1288	1357	0	134358
24866	2129	3711	1033	128249	0	135122
24867	1645	1982	126902	3975	0	134504
24868	1570	1406	128756	2399	0	134131
24869	1604	1080	4353	125194	0	132231
24870	1624	1107	2187	127758	0	132676
24871	1603	1084	1485	130732	0	134904
24872	1677	1234	127381	4882	0	135174
24873	1796	1030	3409	126113	0	132348
24874	122890	1011	1919	4422	0	130242
24875	124238	982	1464	2575	0	129259
24876	4457	121699	1475	2042	0	129673
24877	118985	3308	1319	1656	0	125268
24878	4054	117056	1260	1660	0	124030
24879	116738	3632	1167	1622	0	123159
24880	117930	1875	1284	1589	0	122678
24881	114581	1384	1271	1645	0	118881
24882	4889	1324	114393	1461	0	122067
24883	2623	1319	113739	1366	0	119047
24884	109563	1073	4033	1395	0	116064
24885	114540	983	2117	1376	0	119016
24886	4865	1182	1340	111878	0	119265
24887	2999	1072	985	115392	0	120448
24888	2130	1061	1080	117207	0	121478
24889	1630	1187	1161	118625	0	122603
24890	1516	1222	1156	120686	0	124580
24891	115514	1269	1044	5222	0	123049
24892	3805	1240	893	115620	0	121558
24893	2091	1302	112282	4128	0	119803
24894	106560	1016	3156	2618	0	113350
24895	111109	869	1748	2057	0	115783
24896	4097	108635	1344	1979	0	116055
24897	1847	110485	1000	1702	0	115034
24898	101815	2921	810	1208	0	106754
24899	2629	105026	894	1150	0	109699
24900	103211	2535	901	1120	0	107767
24901	110207	967	942	1142	0	113258
24902	111299	480	782	1175	0	113736
24903	3935	504	746	104123	0	109308
24904	1608	104614	848	2968	0	110038
24905	105051	2250	602	1576	0	109479
24906	3126	836	611	104012	0	108585
24907	1594	419	489	100209	0	102711
24908	92155	277	388	3100	0	95920
24909	2067	90689	551	1514	0	94821
24910	976	1784	231	88204	0	91195
24911	88063	735	214	2255	0	91267
24912	1911	89722	324	1195	0	93152
24913	89437	1676	211	841	0	92165
24914	2087	752	83356	547	0	86742
24915	78550	272	1265	489	0	80576
24916	1767	81621	542	410	0	84340
24917	80317	1404	405	417	0	82543
24918	79405	542	154	371	0	80472
24919	1918	81456	178	401	0	83953
24920	81365	1399	94	358	0	83216
24921	1675	80631	185	279	0	82770
24922	83694	1522	79	433	0	85728
24923	1808	596	87	83648	0	86139
24924	921	325	60	84656	0	85962
24925	610	248	63	85743	0	86664
24926	420	386	82590	2026	0	85422
24927	639	232	1352	82379	0	84602
24928	509	386	83001	1668	0	85564
24929	524	253	1462	81052	0	83291
24930	464	83002	576	1588	0	85630
24931	545	1545	209	84355	0	86654
24932	514	761	84169	1664	0	87108
24933	510	512	86255	745	0	88022
24934	575	313	1760	85662	0	88310
24935	85486	273	642	1757	0	88158
24936	86455	217	282	909	0	87863
24937	2102	86819	295	643	0	89859
24938	1066	1552	160	87810	0	90588
24939	707	754	89599	1712	0	92772
24940	621	401	1483	89820	0	92325
24941	576	408	90532	1848	0	93364
24942	86709	335	1652	931	0	89627
24943	2013	355	567	91306	0	94241
24944	1068	461	90107	1784	0	93420
24945	800	370	1551	89884	0	92605
24946	713	375	619	92047	0	93754
24947	644	404	90778	2315	0	94141
24948	676	311	1597	90514	0	93098
24949	91023	285	666	2171	0	94145
24950	92375	344	384	1145	0	94248
24951	2371	314	301	92457	0	95443
24952	93209	330	303	2074	0	95916
24953	2045	478	93128	1042	0	96693
24954	1020	434	92366	753	0	94573
24955	91870	286	2145	754	0	95055
24956	96468	288	891	780	0	98427
24957	2424	292	499	94388	0	97603
24958	1196	296	390	96508	0	98390
24959	777	476	94238	2475	0	97966
24960	781	391	1773	86859	0	89804
24961	639	93838	882	2720	0	98079
24962	95332	1667	502	1071	0	98572
24963	99324	701	429	770	0	101224
24964	2469	99411	464	765	0	103109
24965	95361	1761	355	762	0	98239
24966	95177	639	435	757	0	97008
24967	2370	96306	555	733	0	99964
24968	95695	1757	417	796	0	98665
24969	2150	96622	531	667	0	99970
24970	97082	1879	406	834	0	100201
24971	2331	829	96709	676	0	100545
24972	1148	411	1917	96547	0	100023
24973	815	312	762	100251	0	102140
24974	759	297	539	105017	0	106612
24975	103753	269	401	2970	0	107393
24976	2506	252	397	107228	0	110383
24977	1182	413	106502	2619	0	110716
24978	105433	295	2213	1244	0	109185
24979	2615	275	807	105905	0	109602
24980	1141	104070	721	2491	0	108423
24981	787	108735	592	1253	0	111367
24982	789	2489	476	105718	0	109472
24983	836	851	467	105904	0	108058
24984	856	409	460	107147	0	108872
24985	732	452	102077	3065	0	106326
24986	637	100463	2250	1396	0	104746
24987	97856	1868	716	910	0	101350
24988	95889	694	514	748	0	97845
24989	2418	95089	492	668	0	98667
24990	960	97434	491	631	0	99516
24991	938	2218	520	95025	0	98701
24992	590	723	94724	2059	0	98096
24993	89876	595	1822	987	0	93280
24994	94488	263	632	735	0	96118
24995	2172	216	424	93126	0	95938
24996	903	229	356	94069	0	95557
24997	90630	171	293	2366	0	93460
24998	1870	302	90180	1008	0	93360
24999	85602	244	1605	836	0	88287
25000	1861	88392	727	573	0	91553
25001	600	1171	229	79219	0	81219
25002	360	81239	339	1349	0	83287
25003	82056	1165	228	683	0	84132
25004	1421	357	238	80766	0	82782
25005	611	289	213	79293	0	80406
25006	447	80056	306	1443	0	82252
25007	80477	1126	253	645	0	82501
25008	80790	364	195	520	0	81869
25009	1573	381	79516	394	0	81864
25010	623	340	75534	405	0	76902
25011	74792	209	1223	442	0	76666
25012	1356	314	76797	338	0	78805
25013	507	319	73995	309	0	75130
25014	72784	256	1342	447	0	74829
25015	1239	269	83942	367	0	85817
25016	566	168	1789	83907	0	86430
25017	448	158	594	87215	0	88415
25018	92125	135	384	2532	0	95176
25019	2418	334	93323	1019	0	97094
25020	97729	188	2382	628	0	100927
25021	3039	222	827	97336	0	101424
25022	98068	207	503	2632	0	101410
25023	99593	203	289	1124	0	101209
25024	100493	157	258	739	0	101647
25025	4017	170	222	97630	0	102039
25026	99148	175	237	2898	0	102458
25027	3624	155	193	98737	0	102709
25028	1656	143	213	100308	0	102320
25029	1232	183	241	100693	0	102349
25030	983	168	204	101092	0	102447
25031	98116	181	265	3966	0	102528
25032	99235	177	257	1782	0	101451
25033	3753	315	96819	1076	0	101963
25034	97522	163	2684	946	0	101315
25035	100329	145	973	926	0	102373
25036	3945	203	573	95196	0	99917
25037	1841	95712	497	3007	0	101057
25038	97247	2519	371	1336	0	101473
25039	3539	908	398	94163	0	99008
25040	93756	488	396	3037	0	97677
25041	3551	92678	572	1299	0	98100
25042	94700	2601	369	971	0	98641
25043	3704	1010	307	91030	0	96051
25044	1625	91652	419	3051	0	96747
25045	93572	2676	300	1449	0	97997
25046	3255	92188	481	1139	0	97063
25047	1531	97342	487	1013	0	100373
25048	96975	3274	461	1037	0	101747
25049	3366	1457	95075	1066	0	100964
25050	96447	751	2606	981	0	100785
25051	4056	495	1018	95959	0	101528
25052	2068	583	96552	2999	0	102202
25053	1927	400	2865	94770	0	99962
25054	1681	414	1146	98695	0	101936
25055	1578	435	95886	3992	0	101891
25056	94474	328	3314	2019	0	100135
25057	4119	261	1133	96553	0	102066
25058	2268	257	674	98736	0	101935
25059	1883	229	458	98390	0	100960
25060	96421	309	493	4892	0	102115
25061	3757	365	94398	2660	0	101180
25062	2047	352	95851	1976	0	100226
25063	1568	321	3292	91491	0	96672
25064	1507	356	91326	3609	0	96798
25065	88952	259	3049	2048	0	94308
25066	3514	90058	1596	1486	0	96654
25067	90837	2488	1037	1076	0	95438
25068	4193	1023	713	86212	0	92141
25069	2188	88123	840	3025	0	94176
25070	1900	2972	576	86319	0	91767
25071	1632	88887	701	3323	0	94543
25072	1683	3163	384	89571	0	94801
25073	1553	1483	87171	3560	0	93767
25074	1430	1123	83872	1826	0	88251
25075	1292	83678	3086	1593	0	89649
25076	79928	2526	1371	1375	0	85200
25077	2994	1383	706	78208	0	83291
25078	1934	985	534	79820	0	83273
25079	79906	818	536	3400	0	84660
25080	80796	793	646	1881	0	84116
25081	3919	606	732	79445	0	84702
25082	2272	648	78114	2898	0	83932
25083	1702	78123	2688	1656	0	84169
25084	1493	2344	1254	77015	0	82106
25085	1364	1118	1058	75090	0	78630
25086	1304	80355	798	3387	0	85844
25087	81130	2418	697	2151	0	86396
25088	3095	1304	81048	1495	0	86942
25089	1811	865	2544	80380	0	85600
25090	1407	639	1225	81302	0	84573
25091	1065	733	79408	4091	0	85297
25092	1224	598	2593	80714	0	85129
25093	81323	541	1383	3708	0	86955
25094	81909	554	1159	2089	0	85711
25095	82754	457	999	1807	0	86017
25096	3788	80294	1105	1564	0	86751
25097	85670	2419	992	1381	0	90462
25098	3834	1132	822	84501	0	90289
25099	2177	901	831	81850	0	85759
25100	1702	90414	835	3587	0	96538
25101	96894	2924	619	2116	0	102553
25102	101411	1519	674	1542	0	105146
25103	102628	1103	644	1445	0	105820
25104	104882	953	587	1584	0	108006
25105	104535	809	670	1533	0	107547
25106	4839	849	101085	1360	0	108133
25107	102893	807	3463	1203	0	108366
25108	105467	734	1514	1239	0	108954
25109	104301	638	1160	1171	0	107270
25110	5261	491	877	101186	0	107815
25111	2762	513	777	102628	0	106680
25112	2125	502	97963	4349	0	104939
25113	79567	685	3188	2389	0	85829
25114	3474	95273	1588	1734	0	102069
25115	1510	86082	759	965	0	89316
25116	1207	2210	84305	752	0	88474
25117	859	83536	2074	778	0	87247
25118	604	79780	769	630	0	81783
25119	1312	3122	1284	65561	0	71279
25120	322	70473	293	1192	0	72280
25121	69942	1341	147	479	0	71909
25122	69583	404	165	393	0	70545
25123	1629	292	166	68451	0	70538
25124	684	290	67982	1290	0	70246
25125	65883	167	1246	542	0	67838
25126	1498	214	68477	438	0	70627
25127	670	199	69266	349	0	70484
25128	602	164	1460	63906	0	66132
25129	514	137	507	68268	0	69426
25130	432	215	68769	1467	0	70883
25131	356	67143	1307	596	0	69402
25132	353	71299	492	494	0	72638
25133	70544	1429	334	411	0	72718
25134	71410	443	201	331	0	72385
25135	1612	375	70078	239	0	72304
25136	68637	203	1137	306	0	70283
25137	73910	179	337	371	0	74797
25138	1686	254	277	70674	0	72891
25139	857	183	173	73646	0	74859
25140	678	182	155	74166	0	75181
25141	74241	195	157	1564	0	76157
25142	74923	169	183	620	0	75895
25143	75846	155	168	409	0	76578
25144	2018	162	193	74993	0	77366
25145	1073	234	73650	1234	0	76191
25146	71951	143	1202	504	0	73800
25147	72514	160	464	427	0	73565
25148	1856	229	351	70298	0	72734
25149	982	71961	314	1309	0	74566
25150	855	1198	205	70902	0	73160
25151	625	72385	262	1390	0	74662
25152	615	1409	239	69234	0	71497
25153	568	72625	365	1362	0	74920
25154	71608	1264	283	500	0	73655
25155	1555	528	233	71061	0	73377
25156	703	72002	310	1285	0	74300
25157	622	1293	71675	443	0	74033
25158	67704	496	1237	445	0	69882
25159	1457	427	390	70770	0	73044
25160	596	71292	393	1275	0	73556
25161	655	1244	242	68245	0	70386
25162	556	69001	284	1200	0	71041
25163	7331	66776	275	495	0	74877
25164	72942	1302	322	572	0	75138
25165	74265	508	333	441	0	75547
25166	1572	510	74415	261	0	76758
25167	73016	309	1211	380	0	74916
25168	74565	293	515	355	0	75728
25169	1489	74403	426	364	0	76682
25170	771	1202	270	74792	0	77035
25171	668	402	297	75153	0	76520
25172	586	498	74137	1333	0	76554
25173	625	423	73072	506	0	74626
25174	72600	202	1346	442	0	74590
25175	75280	177	552	405	0	76414
25176	75098	156	489	405	0	76148
25177	1747	227	73684	295	0	75953
25178	888	168	1155	72412	0	74623
25179	73670	187	403	1377	0	75637
25180	1352	184	302	73649	0	75487
25181	596	294	72594	1358	0	74842
25182	67702	207	1081	573	0	69563
25183	1498	320	75221	398	0	77437
25184	700	74053	1157	367	0	76277
25185	74421	1049	441	370	0	76281
25186	1406	399	73881	352	0	76038
25187	711	311	1074	72542	0	74638
25188	73915	184	366	1266	0	75731
25189	1349	208	245	74398	0	76200
25190	75511	231	182	1422	0	77346
25191	1370	227	143	75063	0	76803
25192	77225	249	138	1477	0	79089
25193	77626	209	168	702	0	78705
25194	77609	274	139	454	0	78476
25195	76435	206	189	348	0	77178
25196	1661	313	200	76033	0	78207
25197	623	314	73033	984	0	74954
25198	524	265	73493	380	0	74662
25199	386	72948	1163	365	0	74862
25200	231	66250	422	228	0	67131
25201	59491	559	1074	203	0	61327
25202	482	134	112	57429	0	58157
25203	136	140	58244	329	0	58849
25204	137	146	60273	128	0	60684
25205	129	169	347	60082	0	60727
25206	60863	38	119	405	0	61425
25207	305	62233	109	159	0	62806
25208	66303	282	56	321	0	66962
25209	373	98	50	67573	0	68094
25210	151	56	46	67988	0	68241
25211	125	44	67	68168	0	68404
25212	103	132	68443	390	0	69068
25213	111	140	67858	161	0	68270
25214	68	68783	401	122	0	69374
25215	107	321	126	69793	0	70347
25216	69097	98	61	429	0	69685
25217	380	168	68177	164	0	68889
25218	158	131	69896	117	0	70302
25219	146	62	437	69413	0	70058
25220	97	70	162	72331	0	72660
25221	116	51	89	72969	0	73225
25222	119	52	58	79233	0	79462
25223	79893	41	74	946	0	80954
25224	795	39	76	80637	0	81547
25225	80330	39	72	906	0	81347
25226	830	143	81749	263	0	82985
25227	199	82550	833	172	0	83754
25228	190	764	163	82636	0	83753
25229	144	264	84461	817	0	85686
25230	151	179	84975	263	0	85568
25231	113	86461	958	219	0	87751
25232	167	739	262	84807	0	85975
25233	155	168	131	85541	0	85995
25234	118	201	86251	910	0	87480
25235	81461	84	899	351	0	82795
25236	866	69	204	86409	0	87548
25237	255	73	167	84930	0	85425
25238	165	165	86931	1072	0	88333
25239	100	87136	1090	341	0	88667
25240	85	95395	324	277	0	96081
25241	95825	1374	175	311	0	97685
25242	1438	330	144	96539	0	98451
25243	101806	180	178	1530	0	103694
25244	1808	171	101703	494	0	104176
25245	596	101	1643	101063	0	103403
25246	101869	94	501	1818	0	104282
25247	103198	100	273	680	0	104251
25248	2151	108	155	102092	0	104506
25249	694	162	102476	1774	0	105106
25250	392	164	105172	568	0	106296
25251	263	138	2013	103172	0	105586
25252	252	233	104761	1773	0	107019
25253	98333	112	1781	772	0	100998
25254	1740	103274	646	534	0	106194
25255	105044	1588	355	423	0	107410
25256	106095	492	244	544	0	107375
25257	2179	261	288	105791	0	108519
25258	751	185	334	107622	0	108892
25259	106821	237	264	2262	0	109584
25260	1884	162	281	106922	0	109249
25261	684	319	106848	2019	0	109870
25262	427	107163	1863	738	0	110191
25263	410	1778	615	105151	0	107954
25264	418	549	374	105849	0	107190
25265	467	331	292	106235	0	107325
25266	456	252	103670	2533	0	106911
25267	479	102887	1913	1177	0	106456
25268	482	1644	724	104011	0	106861
25269	449	663	103721	2049	0	106882
25270	492	342	1921	103073	0	105828
25271	103068	294	718	2300	0	106380
25272	2095	263	549	104091	0	106998
25273	882	336	103480	2228	0	106926
25274	99288	211	1997	1150	0	102646
25275	2013	105016	981	749	0	108759
25276	772	107956	816	714	0	110258
25277	107732	2024	472	841	0	111069
25278	2238	798	109840	582	0	113458
25279	1122	379	1939	107776	0	111216
25280	842	255	834	111080	0	113011
25281	605	395	111854	2517	0	115371
25282	547	111193	2131	1322	0	115193
25283	748	1870	856	100981	0	104455
25284	627	720	109623	2276	0	113246
25285	706	449	2052	108400	0	111607
25286	108510	405	903	2572	0	112390
25287	2273	454	112073	1240	0	116040
25288	1052	416	1976	111754	0	115198
25289	788	380	791	113564	0	115523
25290	664	517	111040	2838	0	115059
25291	823	399	2077	103241	0	106540
25292	553	103574	1098	2715	0	107940
25293	898	1914	878	96076	0	99766
25294	560	108771	838	2368	0	112537
25295	108226	1920	661	1418	0	112225
25296	103890	722	704	1225	0	106541
25297	2490	557	106536	1044	0	110627
25298	1136	552	106090	1034	0	108812
25299	795	590	105609	893	0	107887
25300	634	104016	2784	1023	0	108457
25301	787	1938	1281	105537	0	109543
25302	769	830	107377	2300	0	111276
25303	981	580	2199	101084	0	104844
25304	778	501	1009	104213	0	106501
25305	817	447	105074	2684	0	109022
25306	936	471	2116	103988	0	107511
25307	725	560	1052	101395	0	103732
25308	763	99746	1011	2832	0	104352
25309	951	1827	780	100682	0	104240
25310	730	816	823	102243	0	104612
25311	707	682	101419	2999	0	105807
25312	747	498	2147	98712	0	102104
25313	634	493	100870	2949	0	104946
25314	575	603	99242	1677	0	102097
25315	93802	497	2525	1527	0	98351
25316	2056	720	1341	91399	0	95516
25317	845	98264	1035	2609	0	102753
25318	777	99296	1013	1552	0	102638
25319	808	2306	984	96560	0	100658
25320	664	1067	97553	2798	0	102082
25321	675	96914	2430	1724	0	101743
25322	686	1573	1085	90661	0	94005
25323	567	879	96077	2001	0	99524
25324	525	96898	1690	1321	0	100434
25325	100719	1550	1056	1171	0	104496
25326	100310	785	903	1003	0	103001
25327	99534	554	577	1266	0	101931
25328	1861	476	740	105027	0	108104
25329	826	456	770	105118	0	107170
25330	628	436	644	103313	0	105021
25331	422	560	102306	2512	0	105800
25332	98454	538	1887	1638	0	102517
25333	1782	405	1042	99353	0	102582
25334	766	527	99634	1928	0	102855
25335	99533	472	1770	1421	0	103196
25336	103509	364	1053	1244	0	106170
25337	2070	663	89277	1021	0	93031
25338	99199	363	1535	1219	0	102316
25339	1476	106698	998	1007	0	110179
25340	518	922	101104	618	0	103162
25341	93648	475	1397	743	0	96263
25342	890	99620	729	676	0	101915
25343	249	503	372	92164	0	93288
25344	140	94826	363	769	0	96098
25345	174	620	228	95461	0	96483
25346	161	295	95491	767	0	96714
25347	80940	180	806	583	0	82509
25348	571	292	95630	419	0	96912
25349	149	93444	635	400	0	94628
25350	98	93399	367	247	0	94111
25351	91741	541	204	356	0	92842
25352	539	293	92040	214	0	93086
25353	206	152	582	89781	0	90721
25354	193	210	92777	627	0	93807
25355	129	94373	641	318	0	95461
25356	388	545	231	84754	0	85918
25357	91	93946	293	486	0	94816
25358	95622	573	241	364	0	96800
25359	96358	139	167	355	0	97019
25360	95821	154	184	370	0	96529
25361	662	236	95507	222	0	96627
25362	223	239	92608	243	0	93313
25363	90356	100	682	364	0	91502
25364	627	206	97970	224	0	99027
25365	313	96	695	90565	0	91669
25366	108	97056	353	617	0	98134
25367	99590	570	245	431	0	100836
25368	99405	168	195	362	0	100130
25369	102263	92	173	506	0	103034
25370	760	117	192	103758	0	104827
25371	256	110	187	104566	0	105119
25372	103746	133	182	1008	0	105069
25373	654	103450	277	370	0	104751
25374	102609	631	150	380	0	103770
25375	747	174	120	101548	0	102589
25376	239	130	101	101698	0	102168
25377	99257	88	89	995	0	100429
25378	613	98449	215	314	0	99591
25379	98443	601	145	311	0	99500
25380	653	99415	218	229	0	100515
25381	98031	642	109	218	0	99000
25382	787	171	97	102778	0	103833
25383	103512	142	102	769	0	104525
25384	108399	104	105	350	0	108958
25385	116937	99	82	312	0	117430
25386	1236	122921	209	173	0	124539
25387	389	1287	120172	136	0	121984
25388	117220	294	1221	240	0	118975
25389	122061	135	269	258	0	122723
25390	1402	122402	253	163	0	124220
25391	480	1209	101	123202	0	124992
25392	349	311	99	124336	0	125095
25393	124244	160	105	1583	0	126092
25394	1448	140	108	126188	0	127884
25395	469	285	126925	1349	0	129028
25396	334	308	125443	414	0	126499
25397	127318	92	1478	439	0	129327
25398	1507	101	405	130199	0	132212
25399	551	121	177	131825	0	132674
25400	382	111	141	133332	0	133966
25401	355	252	135002	1700	0	137309
25402	374	115	1427	133001	0	134917
25403	410	124	396	137295	0	138225
25404	376	121	216	138798	0	139511
25405	136984	136	125	2027	0	139272
25406	1796	177	179	138091	0	140243
25407	662	326	140889	1748	0	143625
25408	142578	222	1638	816	0	145254
25409	2093	356	151361	380	0	154190
25410	151595	254	1975	537	0	154361
25411	146537	293	631	540	0	148001
25412	2732	272	289	157437	0	160730
25413	891	159800	400	2435	0	163526
25414	718	2162	265	161330	0	164475
25415	648	743	334	160055	0	161780
25416	493	164782	488	2867	0	168630
25417	163127	2192	389	1159	0	166867
25418	2364	164346	565	781	0	168056
25419	165612	2326	363	745	0	169046
25420	166589	620	309	869	0	168387
25421	3003	350	315	165443	0	169111
25422	1086	256	318	165564	0	167224
25423	680	324	159241	3199	0	163444
25424	583	364	154266	1321	0	156534
25425	148122	190	2748	1082	0	152142
25426	153968	166	874	962	0	155970
25427	2925	149190	701	906	0	153722
25428	1287	2052	429	146479	0	150247
25429	929	719	154588	2559	0	158795
25430	975	1145	2404	154154	0	158678
25431	153728	294	1043	2843	0	157908
25432	151273	259	556	1228	0	153316
25433	2896	153021	526	979	0	157422
25434	1370	2268	311	153360	0	157309
25435	926	822	338	155201	0	157287
25436	873	582	280	155152	0	156887
25437	884	597	148504	3163	0	153148
25438	129439	549	2227	1761	0	133976
25439	143193	517	789	1092	0	145591
25440	3305	647	144847	962	0	149761
25441	1402	145033	2406	1047	0	149888
25442	144748	2233	810	1073	0	148864
25443	145629	794	601	1095	0	148119
25444	16297	692	129207	1013	0	147209
25445	1741	657	148720	929	0	152047
25446	1405	459	2888	146833	0	151585
25447	1157	622	149916	2626	0	154321
25448	144941	530	2567	1355	0	149393
25449	150033	511	1042	1056	0	152642
25450	151297	514	756	1098	0	153665
25451	3520	488	658	141682	0	146348
25452	1653	153782	809	2757	0	159001
25453	156400	2217	642	1603	0	160862
25454	155147	850	630	1347	0	157974
25455	3580	751	153236	1247	0	158814
25456	1786	750	150070	1199	0	153805
25457	142460	528	2808	1427	0	147223
25458	3275	586	1089	151745	0	156695
25459	1727	772	151813	3043	0	157355
25460	1388	151228	2759	1701	0	157076
25461	1589	2391	1145	151308	0	156433
25462	150854	987	902	2897	0	155640
25463	3178	154449	1048	1613	0	160288
25464	1912	2395	809	149432	0	154548
25465	1559	150461	1011	2784	0	155815
25466	1402	154746	1094	1627	0	158869
25467	1568	2584	1061	153488	0	158701
25468	1629	1032	1002	151920	0	155583
25469	1495	153483	1127	3330	0	159435
25470	151543	2395	891	1578	0	156407
25471	3550	1178	152760	1101	0	158589
25472	146356	792	2616	1379	0	151143
25473	3588	671	1201	155619	0	161079
25474	2106	653	963	156688	0	160410
25475	1878	619	911	157174	0	160582
25476	1838	585	1054	156737	0	160214
25477	1690	789	157019	3308	0	162806
25478	1754	632	2833	156183	0	161402
25479	1658	806	1346	156530	0	160340
25480	1487	165132	1165	3480	0	171264
25481	1467	2765	167403	1821	0	173456
25482	1331	171408	3215	1574	0	177528
25483	1593	3110	172457	1286	0	178446
25484	1320	171680	3137	1276	0	177413
25485	1934	2879	1480	156171	0	162464
25486	155405	934	865	2430	0	159634
25487	2677	156898	913	1445	0	161933
25488	1561	2322	786	158186	0	162855
25489	1264	1081	159539	2606	0	164490
25490	999	162023	2661	1290	0	166973
25491	158597	2437	1224	1141	0	163399
25492	158176	1067	937	997	0	161177
25493	3064	160955	929	1013	0	165961
25494	1558	2563	157670	902	0	162693
25495	150016	1049	2498	950	0	154513
25496	2999	964	958	159355	0	164276
25497	156759	622	768	2961	0	161110
25498	2907	160040	851	1583	0	165381
25499	1317	164173	878	1112	0	167480
25500	1245	3053	159695	1027	0	165020
25501	152017	1216	2638	1045	0	156916
25502	2978	1038	1138	159186	0	164340
25503	158966	605	843	2770	0	163184
25504	2631	160423	902	1304	0	165260
25505	159137	2360	694	1140	0	163331
25506	157861	1023	722	999	0	160605
25507	3019	917	159714	902	0	164552
25508	1081	150513	2058	658	0	154310
25509	746	152159	898	594	0	154397
25510	634	2777	615	136956	0	140982
25511	400	141888	427	1610	0	144325
25512	139070	1747	361	722	0	141900
25513	1615	140883	408	587	0	143493
25514	706	1973	244	135757	0	138680
25515	490	136945	311	1409	0	139155
25516	402	134983	373	535	0	136293
25517	494	137791	315	393	0	138993
25518	832	1994	462	134912	0	138200
25519	509	740	260	137191	0	138700
25520	441	554	201	135382	0	136578
25521	350	133658	334	1866	0	136208
25522	419	1692	132159	615	0	134885
25523	470	876	132012	419	0	133777
25524	125521	572	1535	448	0	128076
25525	1545	522	534	133456	0	136057
25526	698	698	135337	1416	0	138149
25527	558	720	137479	608	0	139365
25528	395	140676	1664	476	0	143211
25529	491	1667	569	129667	0	132394
25530	478	772	301	134315	0	135866
25531	133580	612	292	1911	0	136395
25532	1506	542	262	133551	0	135861
25533	690	566	310	133439	0	135005
25534	515	742	135189	1841	0	138287
25535	464	544	1445	132909	0	135362
25536	648	541	568	139583	0	141340
25537	434	679	139802	1875	0	142790
25538	428	693	140676	829	0	142626
25539	373	138785	1863	707	0	141728
25540	542	1847	137952	583	0	140924
25541	513	794	1580	134394	0	137281
25542	816	1151	1027	106223	0	109217
25543	573	688	138959	1941	0	142161
25544	326	138133	1663	1013	0	141135
25545	129111	1620	703	981	0	132415
25546	1338	132811	709	833	0	135691
25547	671	1714	518	131937	0	134840
25548	524	912	510	133349	0	135295
25549	336	133725	751	2092	0	136904
25550	464	1761	600	133130	0	135955
25551	498	909	551	133885	0	135843
25552	428	907	126765	2199	0	130299
25553	367	126020	1783	1330	0	129500
25554	462	1768	780	126853	0	129863
25555	487	1023	125893	1933	0	129336
25556	593	714	1710	124065	0	127082
25557	592	729	788	124873	0	126982
25558	587	629	663	126946	0	128825
25559	582	659	584	126324	0	128149
25560	587	646	541	122936	0	124710
25561	463	125818	742	2275	0	129298
25562	122263	1725	599	1311	0	125898
25563	1586	1004	122464	983	0	126037
25564	103728	732	1842	1271	0	107573
25565	1598	797	127726	870	0	130991
25566	593	134996	1873	1107	0	138569
25567	1301	2061	132300	900	0	136562
25568	402	135094	2066	1175	0	138737
25569	663	2179	936	117680	0	121458
25570	588	909	688	123249	0	125434
25571	404	132064	626	2221	0	135315
25572	374	137314	664	1212	0	139564
25573	136090	2229	519	1121	0	139959
25574	138522	998	493	1085	0	141098
25575	138856	679	552	933	0	141020
25576	140286	651	531	983	0	142451
25577	2234	795	526	135721	0	139276
25578	702	137612	621	1943	0	140878
25579	134875	1782	485	1122	0	138264
25580	1597	787	373	129729	0	132486
25581	124463	491	346	1704	0	127004
25582	119721	382	321	952	0	121376
25583	1366	117589	435	638	0	120028
25584	471	114366	333	438	0	115608
25585	299	118265	376	425	0	119365
25586	448	1992	405	109691	0	112536
25587	190	116816	374	1304	0	118684
25588	116658	1043	210	693	0	118604
25589	119883	399	195	582	0	121059
25590	118810	267	183	524	0	119784
25591	121350	221	178	494	0	122243
25592	122367	208	207	536	0	123318
25593	1520	365	127987	330	0	130202
25594	126565	178	1389	431	0	128563
25595	1576	385	129729	289	0	131979
25596	126379	198	1345	335	0	128257
25597	1589	235	501	124414	0	126739
25598	532	409	124590	1260	0	126791
25599	415	315	134423	414	0	135567
25600	259	143240	1685	405	0	145589
25601	143949	1675	576	449	0	146649
25602	147576	421	298	385	0	148680
25603	2212	165458	320	357	0	168347
25604	810	2448	169	187937	0	191364
25605	202016	648	149	3456	0	206269
25606	4101	643	206784	927	0	212455
25607	1026	205694	3712	596	0	211028
25608	197900	3754	926	490	0	203070
25609	3643	204983	596	438	0	209660
25610	1327	4096	226	188041	0	193690
25611	634	205804	431	3282	0	210151
25612	616	4522	194	190267	0	195599
25613	440	201598	423	3540	0	206001
25614	382	208327	401	1103	0	210213
25615	202186	4577	197	757	0	207717
25616	205664	1354	262	551	0	207831
25617	4721	958	204095	388	0	210162
25618	1604	817	203019	278	0	205718
25619	892	771	205890	274	0	207827
25620	813	542	4759	201910	0	208024
25621	802	753	206896	3852	0	212303
25622	773	669	4271	201810	0	207523
25623	719	598	1369	201962	0	204648
25624	568	205877	956	4660	0	212061
25625	203189	4097	524	1710	0	209520
25626	3988	206598	750	972	0	212308
25627	1629	4441	465	207764	0	214299
25628	1212	1466	507	210439	0	213624
25629	1124	1017	552	211156	0	213849
25630	1060	1030	207820	5139	0	215049
25631	1210	851	4158	205132	0	211351
25632	1123	889	1298	208679	0	211989
25633	1073	916	745	211410	0	214144
25634	964	1246	203863	5502	0	211575
25635	866	203711	4290	2061	0	210928
25636	199952	4611	1281	1551	0	207395
25637	191835	1858	858	1393	0	195944
25638	4711	201367	892	1200	0	208170
25639	2036	4580	761	199297	0	206674
25640	1437	1863	707	206052	0	210059
25641	1296	1497	202198	5224	0	210215
25642	1052	201017	4668	2418	0	209155
25643	1257	4590	1658	201172	0	208677
25644	1162	1866	203275	4738	0	211041
25645	1212	1326	4536	199936	0	207010
25646	1199	1073	1705	203049	0	207026
25647	1160	1427	202106	5685	0	210378
25648	1266	1138	4485	199388	0	206277
25649	1367	1180	1766	200537	0	204850
25650	1498	1345	202319	5817	0	210979
25651	1187	1207	4616	201684	0	208694
25652	1188	1146	1842	199935	0	204111
25653	988	1060	1349	206534	0	209931
25654	874	1292	202265	6387	0	210818
25655	1070	949	4807	201823	0	208649
25656	199051	985	1849	5991	0	207876
25657	199678	915	1419	2955	0	204967
25658	5129	200606	1384	2361	0	209480
25659	202051	4413	1218	2094	0	209776
25660	4979	1914	207372	1922	0	216187
25661	2186	1288	4678	205814	0	213966
25662	1484	1061	2002	206539	0	211086
25663	1258	1181	1365	212711	0	216515
25664	203000	948	1140	6655	0	211743
25665	4207	202881	1426	3607	0	212121
25666	1803	4232	1056	184827	0	191918
25667	959	194841	1298	5152	0	202250
25668	190652	4460	1082	2826	0	199020
25669	4048	193406	1270	2386	0	201110
25670	188190	4388	1040	2251	0	195869
25671	3953	187602	1328	2357	0	195240
25672	1470	189016	1288	2452	0	194226
25673	1229	5075	1180	186079	0	193563
25674	995	1857	1113	188272	0	192237
25675	1092	1237	1023	188149	0	191501
25676	948	1235	983	187939	0	191105
25677	984	1408	182474	6221	0	191087
25678	867	181575	4391	3218	0	190051
25679	1108	4362	1588	168470	0	175528
25680	857	180086	1438	4841	0	187222
25681	11830	4585	168578	2692	0	187685
25682	1340	1734	4061	176723	0	183858
25683	1201	1333	1676	184298	0	188508
25684	1078	1107	180412	5911	0	188508
25685	752	177376	4530	3446	0	186104
25686	924	3878	1880	174985	0	181667
25687	1134	1628	175955	5540	0	184257
25688	647	175549	4557	3144	0	183897
25689	966	4387	1652	170384	0	177389
25690	890	1880	171396	5109	0	179275
25691	971	1487	169456	2649	0	174563
25692	780	164675	4584	2196	0	172235
25693	841	172367	1805	1927	0	176940
25694	1035	4786	1413	170456	0	177690
25695	1073	1876	882	181423	0	185254
25696	717	1473	178436	5740	0	186366
25697	166278	1055	4133	3049	0	174515
25698	172266	1026	1599	2333	0	177224
25699	4614	1257	168503	1932	0	176306
25700	1566	159311	3852	1759	0	166488
25701	887	158102	1640	1564	0	162193
25702	657	151562	1226	1384	0	154829
25703	1018	121201	1560	1616	0	125395
25704	3004	5879	2115	97837	0	108835
25705	388	547	332	117132	0	118399
25706	218	351	87	116260	0	116916
25707	145	227	106	116110	0	116588
25708	79	115583	212	3022	0	118896
25709	202	2065	126	114477	0	116870
25710	82	115600	278	2412	0	118372
25711	169	2234	107	117566	0	120076
25712	115390	761	115	2573	0	118839
25713	2041	417	142	116612	0	119212
25714	726	117033	229	2617	0	120605
25715	471	2084	160	120335	0	123050
25716	334	851	154	124574	0	125913
25717	320	504	174	125798	0	126796
25718	119971	384	174	3559	0	124088
25719	2344	541	133	124607	0	127625
25720	824	619	122026	2993	0	126462
25721	433	125706	2224	1507	0	129870
25722	382	2644	724	129472	0	133222
25723	441	1006	357	134585	0	136389
25724	442	654	239	136323	0	137658
25725	128890	543	190	4267	0	133890
25726	2729	714	129341	1795	0	134579
25727	1104	563	2451	121699	0	125817
25728	473	126875	967	3292	0	131607
25729	472	2849	382	127980	0	131683
25730	119827	1187	226	3755	0	124995
25731	2426	125838	378	1995	0	130637
25732	961	2943	202	126423	0	130529
25733	578	1230	156	126719	0	128683
25734	324	125012	275	4485	0	130096
25735	501	2838	149	128340	0	131828
25736	580	1213	196	130579	0	132568
25737	487	979	126295	4501	0	132262
25738	330	125912	2720	2559	0	131521
25739	125916	2993	919	1993	0	131821
25740	2851	1463	125426	1862	0	131602
25741	122093	812	2688	1963	0	127556
25742	3317	900	125106	1866	0	131189
25743	1368	711	2974	125495	0	130548
25744	124527	678	1175	4555	0	130935
25745	3155	804	647	127138	0	131744
25746	127100	751	508	4828	0	133187
25747	128132	865	508	2808	0	132313
25748	125818	961	565	2210	0	129554
25749	3842	125334	690	1958	0	131824
25750	1827	3205	522	125431	0	130985
25751	1241	1510	567	128680	0	131998
25752	1120	1087	493	129004	0	131704
25753	1044	969	124717	5423	0	132153
25754	1075	895	3100	125863	0	130933
25755	125229	890	1298	4942	0	132359
25756	127764	913	853	3099	0	132629
25757	4301	1027	124352	2410	0	132090
25758	125409	996	3132	2079	0	131616
25759	128325	999	1449	2155	0	132928
25760	4489	1010	1051	120081	0	126631
25761	119658	1030	791	4772	0	126251
25762	121127	964	787	3118	0	125996
25763	4588	852	849	119688	0	125977
25764	119979	824	929	4723	0	126455
25765	120817	893	999	2847	0	125556
25766	5024	991	891	118504	0	125410
25767	2873	1200	104164	4411	0	112648
25768	112040	1011	2942	2885	0	118878
25769	4334	1053	117646	2325	0	125358
25770	2615	916	118074	2320	0	123925
25771	1976	116165	4073	2561	0	124775
25772	2066	3222	1709	114491	0	121488
25773	2072	1408	1032	119000	0	123512
25774	2215	887	813	118858	0	122773
25775	2189	879	117006	5564	0	125638
25776	2298	881	116868	3169	0	123216
25777	2088	116750	4154	2696	0	125688
25778	2252	3204	1812	113814	0	121082
25779	2360	1301	1253	118937	0	123851
25780	2255	824	1182	120453	0	124714
25781	2318	730	116424	5650	0	125122
25782	2289	114964	3716	3486	0	124455
25783	2451	3025	1724	113730	0	120930
25784	2398	1357	116824	4817	0	125396
25785	2482	985	117243	3065	0	123775
25786	115482	651	4346	2594	0	123073
25787	116778	739	2272	2355	0	122144
25788	118687	826	1420	2280	0	123213
25789	5511	840	1285	110780	0	118416
25790	2986	788	113938	4819	0	122531
25791	2271	111364	3763	3257	0	120655
25792	2112	115098	2218	2798	0	122226
25793	2236	3288	102441	2124	0	110089
25794	2412	2915	3698	92244	0	101269
25795	2022	1257	2134	84452	0	89865
25796	1758	85332	1739	3554	0	92383
25797	1788	90425	1486	2191	0	95890
25798	89071	2753	1303	1830	0	94957
25799	90918	1157	1226	1821	0	95122
25800	91155	766	1062	1929	0	94912
25801	89442	644	1080	2025	0	93191
25802	84196	806	1062	1799	0	87863
25803	3656	80899	1256	1791	0	87602
25804	1400	65518	1044	1308	0	69270
25805	993	58076	840	989	0	60898
25806	56320	1348	1895	1078	0	60641
25807	2010	851	911	54764	0	58536
25808	1055	317	640	55057	0	57069
25809	54163	262	666	1789	0	56880
25810	1543	54342	739	1061	0	57685
25811	1078	1032	744	54591	0	57445
25812	1013	535	633	55488	0	57669
25813	1043	352	678	55270	0	57343
25814	52694	291	562	1550	0	55097
25815	1722	351	531	52883	0	55487
25816	1038	342	49584	1180	0	52144
25817	47515	310	937	789	0	49551
25818	1549	359	504	48803	0	51215
25819	925	301	48638	1116	0	50980
25820	750	48121	993	690	0	50554
25821	524	45372	372	404	0	46672
25822	42196	932	1113	380	0	44621
25823	41176	251	282	299	0	42008
25824	635	42973	156	167	0	43931
25825	333	473	99	45058	0	45963
25826	46523	142	84	749	0	47498
25827	697	88	81	48943	0	49809
25828	373	67	93	51184	0	51717
25829	254	70	108	51625	0	52057
25830	192	79	114	51005	0	51390
25831	153	50458	152	1124	0	51887
25832	148	696	116	51215	0	52175
25833	143	308	107	51468	0	52026
25834	168	164	102	52153	0	52587
25835	135	153	50054	1166	0	51508
25836	95	50484	774	573	0	51926
25837	118	812	305	50862	0	52097
25838	125	325	50564	868	0	51882
25839	152	216	48423	412	0	49203
25840	89	50115	1000	306	0	51510
25841	49614	747	426	243	0	51030
25842	751	322	200	50432	0	51705
25843	50264	186	115	878	0	51443
25844	818	51211	166	439	0	52634
25845	371	783	103	51442	0	52699
25846	50102	349	101	925	0	51477
25847	51284	203	109	520	0	52116
25848	1090	132	78	51035	0	52335
25849	534	118	71	51142	0	51865
25850	281	177	50467	1162	0	52087
25851	212	104	760	50058	0	51134
25852	224	130	343	51705	0	52402
25853	49904	129	185	1235	0	51453
25854	790	50436	159	689	0	52074
25855	382	804	49624	417	0	51227
25856	47067	340	713	413	0	48533
25857	799	50153	356	328	0	51636
25858	419	758	184	50431	0	51792
25859	49924	360	124	994	0	51402
25860	847	215	96	49647	0	50805
25861	450	151	113	50132	0	50846
25862	247	228	49232	1263	0	50970
25863	208	196	752	49543	0	50699
25864	49351	150	357	1232	0	51090
25865	866	137	223	49972	0	51198
25866	48829	166	141	1229	0	50365
25867	910	47983	177	762	0	49832
25868	451	49633	209	569	0	50862
25869	332	1009	163	49517	0	51021
25870	279	492	152	49846	0	50769
25871	48202	299	125	1378	0	50004
25872	863	48557	192	830	0	50442
25873	49221	846	156	622	0	50845
25874	49568	451	168	485	0	50672
25875	1177	296	160	49066	0	50699
25876	49172	198	170	1141	0	50681
25877	1098	271	47224	650	0	49243
25878	636	235	773	47540	0	49184
25879	467	256	48602	1093	0	50418
25880	406	197	918	48787	0	50308
25881	48137	227	428	1251	0	50043
25882	48446	216	258	818	0	49738
25883	1188	48668	220	645	0	50721
25884	736	846	146	48066	0	49794
25885	518	460	184	48540	0	49702
25886	395	48805	238	1410	0	50848
25887	421	894	156	50109	0	51580
25888	412	460	182	49667	0	50721
25889	349	49210	218	1451	0	51228
25890	47957	858	170	930	0	49915
25891	48213	476	171	709	0	49569
25892	1230	353	189	47959	0	49731
25893	701	248	169	48575	0	49693
25894	528	314	47434	1445	0	49721
25895	486	271	766	46004	0	47527
25896	396	46907	461	1251	0	49015
25897	47426	871	277	795	0	49369
25898	1021	492	183	47642	0	49338
25899	625	324	167	46910	0	48026
25900	45249	221	184	1515	0	47169
25901	1022	45421	217	915	0	47575
25902	652	870	156	46617	0	48295
25903	546	488	187	45946	0	47167
25904	454	45874	227	1402	0	47957
25905	45854	876	191	860	0	47781
25906	1080	549	45314	640	0	47583
25907	666	380	45594	557	0	47197
25908	544	281	1022	45530	0	47377
25909	423	350	45865	1117	0	47755
25910	44077	271	894	796	0	46038
25911	1103	188	409	46242	0	47942
25912	667	249	47315	1204	0	49435
25913	518	277	47766	757	0	49318
25914	415	48959	1076	600	0	51050
25915	48353	801	499	543	0	50196
25916	973	49923	334	572	0	51802
25917	50373	835	275	616	0	52099
25918	50310	434	231	570	0	51545
25919	1087	49199	242	566	0	51094
25920	48946	774	201	453	0	50374
25921	48977	421	173	475	0	50046
25922	1155	348	48656	488	0	50647
25923	804	1495	629	45173	0	48101
25924	367	44532	341	747	0	45987
25925	238	43958	175	354	0	44725
25926	684	1116	276	41137	0	43213
25927	39348	333	203	884	0	40768
25928	455	90	64	39058	0	39667
25929	234	87	66	40616	0	41003
25930	175	84	64	41353	0	41676
25931	160	43512	103	670	0	44445
25932	145	569	73	45991	0	46778
25933	136	278	48536	699	0	49649
25934	44550	138	643	372	0	45703
25935	49347	77	251	215	0	49890
25936	870	48765	140	175	0	49950
25937	49256	682	58	143	0	50139
25938	823	231	41	49983	0	51078
25939	303	167	49668	719	0	50857
25940	47054	71	666	310	0	48101
25941	716	50304	241	179	0	51440
25942	258	664	86	49865	0	50873
25943	51190	205	45	776	0	52216
25944	700	51334	87	246	0	52367
25945	246	52499	102	172	0	53019
25946	52091	815	70	181	0	53157
25947	763	323	50609	122	0	51817
25948	50630	133	673	158	0	51594
25949	786	112	213	50973	0	52084
25950	323	94	113	51668	0	52198
25951	213	148	51117	896	0	52374
25952	180	148	50931	332	0	51591
25953	214	101	869	51369	0	52553
25954	206	140	51083	757	0	52186
25955	226	173	51621	312	0	52332
25956	274	92	889	49755	0	51010
25957	200	111	329	51961	0	52601
25958	51804	102	193	978	0	53077
25959	864	104	153	51978	0	53099
25960	52099	133	139	892	0	53263
25961	868	52020	204	399	0	53491
25962	415	797	113	52704	0	54029
25963	285	395	54009	814	0	55503
25964	52269	226	767	410	0	53672
25965	55485	170	311	274	0	56240
25966	55862	135	226	250	0	56473
25967	55262	132	160	280	0	55834
25968	55086	113	171	278	0	55648
25969	1120	154	164	53865	0	55303
25970	491	158	53410	885	0	54944
25971	321	158	53067	430	0	53976
25972	254	149	53873	293	0	54569
25973	51005	106	1081	294	0	52486
25974	54839	122	465	277	0	55703
25975	1122	86	269	52321	0	53798
25976	486	55144	288	874	0	56792
25977	395	765	207	55913	0	57280
25978	311	356	55751	996	0	57414
25979	328	202	55105	463	0	56098
25980	50358	164	1106	386	0	52014
25981	1050	204	58160	272	0	59686
25982	532	151	939	57965	0	59587
25983	60694	122	418	1047	0	62281
25984	59022	104	323	499	0	59948
25985	62352	119	217	336	0	63024
25986	62584	121	187	354	0	63246
25987	1430	175	60807	253	0	62665
25988	58610	135	989	321	0	60055
25989	1188	61138	532	285	0	63143
25990	630	829	352	61998	0	63809
25991	527	355	62404	960	0	64246
25992	473	202	1010	61635	0	63320
25993	499	213	63449	1078	0	65239
25994	486	182	1049	62223	0	63940
25995	443	179	479	63908	0	65009
25996	391	195	63044	1295	0	64925
25997	429	149	1064	62284	0	63926
25998	63316	131	584	1184	0	65215
25999	1157	143	410	63733	0	65443
26000	605	138	366	64937	0	66046
26001	63732	119	330	1407	0	65588
26002	1183	64388	370	630	0	66571
26003	64631	861	329	477	0	66298
26004	1270	65544	383	346	0	67543
26005	67183	943	301	452	0	68879
26006	1331	412	67164	347	0	69254
26007	757	227	1056	66137	0	68177
26008	531	198	535	67679	0	68943
26009	66533	146	371	1354	0	68404
26010	1124	66087	408	724	0	68343
26011	656	882	337	64768	0	66643
26012	504	330	351	64498	0	65683
26013	360	62628	359	1402	0	64749
26014	61930	843	343	700	0	63816
26015	1060	62711	383	486	0	64640
26016	591	845	298	61409	0	63143
26017	528	315	284	59082	0	60209
26018	386	59666	310	1259	0	61621
26019	58840	830	282	725	0	60677
26020	1119	399	58800	467	0	60785
26021	55754	243	899	442	0	57338
26022	1120	58122	488	381	0	60111
26023	596	828	277	58225	0	59926
26024	58718	336	266	999	0	60319
26025	1079	218	238	58677	0	60212
26026	626	158	244	59439	0	60467
26027	58684	154	232	1334	0	60404
26028	1022	57759	270	707	0	59758
26029	521	58714	283	403	0	59921
26030	57258	841	199	415	0	58713
26031	861	332	57050	343	0	58586
26032	404	53391	640	310	0	54745
26033	457	644	389	53468	0	54958
26034	256	275	58689	547	0	59767
26035	214	292	598	56209	0	57313
26036	57207	82	300	773	0	58362
26037	615	58829	179	474	0	60097
26038	389	612	104	55036	0	56141
26039	166	58635	148	583	0	59532
26040	58749	687	77	353	0	59866
26041	59854	320	102	298	0	60574
26042	927	61302	132	246	0	62607
26043	457	689	92	59019	0	60257
26044	193	62070	132	715	0	63110
26045	62886	789	78	402	0	64155
26046	63452	356	85	257	0	64150
26047	1080	208	76	62765	0	64129
26048	521	181	65	63724	0	64491
26049	285	200	62200	1094	0	63779
26050	56209	144	749	622	0	57724
26051	935	229	62070	263	0	63497
26052	501	134	800	61229	0	62664
26053	60898	131	370	914	0	62313
26054	834	62812	232	500	0	64378
26055	59449	817	144	388	0	60798
26056	907	477	57265	247	0	58896
26057	57718	237	604	314	0	58873
26058	950	62453	296	318	0	64017
26059	62223	843	150	317	0	63533
26060	962	64325	166	276	0	65729
26061	479	947	132	63805	0	65363
26062	346	529	62829	929	0	64633
26063	316	368	60682	441	0	61807
26064	360	222	1035	60728	0	62345
26065	328	298	61892	932	0	63450
26066	352	215	861	61044	0	62472
26067	336	227	394	61595	0	62552
26068	274	269	62944	1196	0	64683
26069	51648	217	867	772	0	53504
26070	62129	209	429	413	0	63180
26071	1181	61821	261	330	0	63593
26072	61713	831	151	321	0	63016
26073	1000	427	174	61672	0	63273
26074	561	286	63828	902	0	65577
26075	401	263	832	63031	0	64527
26076	344	231	398	64333	0	65306
26077	62656	202	204	1180	0	64242
26078	862	62235	204	597	0	63898
26079	499	63041	180	359	0	64079
26080	325	1023	142	63031	0	64521
26081	333	524	174	60612	0	61643
26082	263	60700	210	996	0	62169
26083	299	792	164	59355	0	60610
26084	290	442	188	58491	0	59411
26085	219	58308	183	1121	0	59831
26086	57883	708	175	533	0	59299
26087	794	338	204	57613	0	58949
26088	414	58353	227	894	0	59888
26089	318	776	140	58281	0	59515
26090	57392	361	139	950	0	58842
26091	833	57629	183	488	0	59133
26092	58443	775	101	439	0	59758
26093	58547	413	122	381	0	59463
26094	1171	267	113	58959	0	60510
26095	60701	236	107	1008	0	62052
26096	61852	257	118	611	0	62838
26097	62323	247	117	405	0	63092
26098	62644	230	144	341	0	63359
26099	1244	181	141	62129	0	63695
26100	585	213	145	62856	0	63799
26101	360	287	61822	1214	0	63683
26102	365	197	741	61533	0	62836
26103	408	210	317	62747	0	63682
26104	331	321	61287	1245	0	63184
26105	57575	205	806	701	0	59287
26106	1047	207	343	61820	0	63417
26107	586	262	62525	1060	0	64433
26108	58353	205	890	711	0	60159
26109	1185	257	68237	472	0	70151
26110	625	70289	1096	474	0	72484
26111	435	74560	465	418	0	75878
26112	463	1347	242	79260	0	81312
26113	438	567	89129	1417	0	91551
26114	87570	272	1433	770	0	90045
26115	95308	198	502	669	0	96677
26116	2083	297	94774	368	0	97522
26117	93697	206	1514	467	0	95884
26118	96630	168	570	487	0	97855
26119	1998	97331	451	403	0	100183
26120	97411	1412	277	418	0	99518
26121	1792	464	263	96745	0	99264
26122	749	353	98115	1607	0	100824
26123	613	254	1514	90624	0	93005
26124	402	98566	640	1544	0	101152
26125	456	101909	469	668	0	103502
26126	100803	1730	322	494	0	103349
26127	100137	580	309	502	0	101528
26128	99748	360	401	476	0	100985
26129	2160	302	294	98809	0	101565
26130	965	517	350	95071	0	96903
26131	647	96586	416	1879	0	99528
26132	95456	1552	361	852	0	98221
26133	1913	97586	470	631	0	100600
26134	91145	1309	352	467	0	93273
26135	1758	92138	464	416	0	94776
26136	91623	1360	394	403	0	93780
26137	90549	532	336	431	0	91848
26138	2226	514	350	87362	0	90452
26139	1114	91426	460	1323	0	94323
26140	1027	1419	88804	595	0	91845
26141	81048	646	1201	641	0	83536
26142	1628	86503	512	556	0	89199
26143	899	1420	87842	477	0	90638
26144	837	663	88848	420	0	90768
26145	743	571	1295	82443	0	85052
26146	725	426	387	82697	0	84235
26147	606	88544	305	1325	0	90780
26148	90868	1385	173	666	0	93092
26149	1667	609	167	87898	0	90341
26150	935	91681	277	1235	0	94128
26151	845	95488	250	650	0	97233
26152	846	1453	94159	485	0	96943
26153	755	774	94749	429	0	96707
26154	89699	595	1221	509	0	92024
26155	1665	678	95576	377	0	98296
26156	963	596	1173	93298	0	96030
26157	846	589	409	96977	0	98821
26158	762	679	96775	1449	0	99665
26159	814	566	1224	93872	0	96476
26160	814	501	579	92203	0	94097
26161	93469	439	499	1598	0	96005
26162	96068	535	544	713	0	97860
26163	1645	506	611	94021	0	96783
26164	773	94455	647	1334	0	97209
26165	616	98501	618	686	0	100421
26166	98037	1446	608	672	0	100763
26167	1545	758	98209	651	0	101163
26168	785	571	1420	97063	0	99839
26169	99819	596	618	1691	0	102724
26170	100662	647	558	807	0	102674
26171	1789	646	539	99400	0	102374
26172	964	715	100312	1449	0	103440
26173	839	768	96525	721	0	98853
26174	91232	623	1732	757	0	94344
26175	96915	528	955	778	0	99176
26176	1804	97513	925	840	0	101082
26177	1077	99731	890	721	0	102419
26178	101643	1426	777	942	0	104788
26179	103039	660	692	1066	0	105457
26180	2181	595	662	104282	0	107720
26181	1419	501	621	106668	0	109209
26182	1320	535	500	107335	0	109690
26183	106113	642	571	2017	0	109343
26184	2307	634	494	106197	0	109632
26185	1460	751	107142	1654	0	111007
26186	103017	682	1408	961	0	106068
26187	2087	716	562	106970	0	110335
26188	1172	935	107905	1591	0	111603
26189	101127	740	1446	936	0	104249
26190	96898	766	794	891	0	99349
26191	1876	110620	727	855	0	114078
26192	1224	112524	680	766	0	115194
26193	1258	1595	108193	743	0	111789
26194	102754	843	1281	867	0	105745
26195	2009	112316	694	795	0	115814
26196	1341	1618	108550	675	0	112184
26197	99677	797	1259	878	0	102611
26198	1994	114755	549	891	0	118189
26199	1212	1710	113532	778	0	117232
26200	105972	921	1195	856	0	108944
26201	1975	114645	573	789	0	117982
26202	1181	1425	422	113399	0	116427
26203	113070	602	463	1805	0	115940
26204	1719	113627	600	1091	0	117037
26205	902	1691	610	112215	0	115418
26206	110348	454	582	1771	0	113155
26207	1585	426	111952	854	0	114817
26208	728	109220	1483	696	0	112127
26209	795	1210	105248	612	0	107865
26210	574	939	1150	100488	0	103151
26211	522	401	100522	976	0	102421
26212	391	94352	887	505	0	96135
26213	219	86167	359	195	0	86940
26214	454	747	241	83209	0	84651
26215	163	115	80	79927	0	80285
26216	129	116	88	81144	0	81477
26217	142	198	83264	441	0	84045
26218	179	59	355	82876	0	83469
26219	82278	58	160	524	0	83020
26220	81001	75	104	291	0	81471
26221	489	183	85191	154	0	86017
26222	183	84243	424	151	0	85001
26223	83216	338	118	314	0	83986
26224	385	83566	184	211	0	84346
26225	82880	361	104	307	0	83652
26226	82934	118	77	268	0	83397
26227	507	191	83011	150	0	83859
26228	184	85528	453	180	0	86345
26229	198	377	136	85670	0	86381
26230	184	254	85969	398	0	86805
26231	79425	117	433	267	0	80242
26232	523	149	129	85862	0	86663
26233	210	185	85104	385	0	85884
26234	79740	88	432	301	0	80561
26235	618	207	88965	142	0	89932
26236	270	80	497	89935	0	90782
26237	91314	97	175	745	0	92331
26238	591	95032	189	267	0	96079
26239	298	685	96571	157	0	97711
26240	93295	188	680	270	0	94433
26241	105148	112	208	248	0	105716
26242	1126	108756	261	269	0	110412
26243	426	1010	90	108902	0	110428
26244	292	289	84	108557	0	109222
26245	107422	193	87	1353	0	109055
26246	1183	131	89	108531	0	109934
26247	414	261	108655	1217	0	110547
26248	312	101	1044	106661	0	108118
26249	106369	88	295	1336	0	108088
26250	1092	106367	286	601	0	108346
26251	421	1159	110	100614	0	102304
26252	237	104468	211	1064	0	105980
26253	104776	1259	118	462	0	106615
26254	1285	344	103	111155	0	112887
26255	457	247	110	112304	0	113118
26256	239	112950	270	1842	0	115301
26257	289	1689	110777	555	0	113310
26258	256	419	1576	109252	0	111503
26259	278	234	387	111679	0	112578
26260	274	160	210	109847	0	110491
26261	158	110508	289	1967	0	112922
26262	291	1635	110810	587	0	113323
26263	254	565	112833	279	0	113931
26264	107879	231	1907	452	0	110469
26265	113027	161	543	409	0	114140
26266	2078	264	114896	232	0	117470
26267	109554	141	1686	425	0	111806
26268	1915	314	116999	264	0	119492
26269	110137	179	1837	434	0	112587
26270	1852	117991	669	407	0	120919
26271	119530	1738	346	503	0	122117
26272	2151	646	121779	316	0	124892
26273	668	543	124437	366	0	126014
26274	575	259	2194	132316	0	135344
26275	136591	211	666	2797	0	140265
26276	2612	145146	631	911	0	149300
26277	882	2892	158832	653	0	163259
26278	758	648	3496	158268	0	163170
26279	658	437	859	163713	0	165667
26280	161391	273	539	4307	0	166510
26281	162586	301	338	1348	0	164573
26282	4447	319	270	160458	0	165494
26283	161423	303	325	4002	0	166053
26284	4140	472	159119	1099	0	164830
26285	1263	272	3661	156789	0	161985
26286	881	294	938	161685	0	163798
26287	159908	305	582	4539	0	165334
26288	160579	296	448	1511	0	162834
26289	4566	318	426	156554	0	161864
26290	157217	253	408	4030	0	161908
26291	4201	492	154288	1209	0	160190
26292	1194	152976	3878	943	0	158991
26293	976	3734	154306	666	0	159682
26294	926	1193	4026	154155	0	160300
26295	151595	487	1085	4190	0	157357
26296	3945	151981	870	1412	0	158208
26297	1442	3748	572	149464	0	155226
26298	1034	991	613	144247	0	146885
26299	788	147802	781	4481	0	153852
26300	1085	3968	580	148729	0	154362
26301	1049	1181	705	150959	0	153894
26302	1155	607	691	152156	0	154609
26303	1231	399	658	151871	0	154159
26304	1288	345	642	148904	0	151179
26305	1159	145316	834	5253	0	152562
26306	1332	3641	684	147855	0	153512
26307	1421	947	705	149324	0	152397
26308	1291	777	143639	5241	0	150948
26309	1178	142629	4269	2304	0	150380
26310	1416	3900	1275	143553	0	150144
26311	1458	1023	960	144816	0	148257
26312	1597	676	852	142328	0	145453
26313	1307	140410	1053	5536	0	148306
26314	1486	3939	141456	2332	0	149213
26315	1639	1128	4248	143117	0	150132
26316	1355	931	142405	5047	0	149738
26317	1344	827	141824	2284	0	146279
26318	1374	729	4764	140031	0	146898
26319	140936	637	1684	5258	0	148515
26320	4522	804	1032	140635	0	146993
26321	1869	763	776	138348	0	141756
26322	1351	139645	970	5673	0	147639
26323	1313	3978	727	142647	0	148665
26324	1337	1242	756	145819	0	149154
26325	1267	967	142567	6123	0	150924
26326	1002	141865	4300	3088	0	150255
26327	1230	4054	1412	143254	0	149950
26328	138471	1360	1131	5648	0	146610
26329	4209	1234	139754	2746	0	147943
26330	1705	979	4151	139618	0	146453
26331	1242	952	1424	143208	0	146826
26332	137660	839	1035	6355	0	145889
26333	4084	137769	1047	3415	0	146315
26334	133333	4079	792	2761	0	140965
26335	4009	133420	988	2717	0	141134
26336	1411	4109	840	131843	0	138203
26337	128531	1352	868	5652	0	136403
26338	3887	1096	127618	3056	0	135657
26339	1378	123750	4126	2725	0	131979
26340	1061	125753	1730	2489	0	131033
26341	114382	3746	1405	2218	0	121751
26342	3508	1353	992	109362	0	115215
26343	1225	109060	1116	4709	0	116110
26344	1013	114773	956	2754	0	119496
26345	1053	3736	794	113514	0	119097
26346	1074	1438	665	115975	0	119152
26347	110203	993	779	5404	0	117379
26348	3404	110621	1068	2896	0	117989
26349	1399	3535	1073	111235	0	117242
26350	1055	1450	109646	4540	0	116691
26351	909	109417	3807	2707	0	116840
26352	1062	3276	107668	2285	0	114291
26353	1058	107239	3700	2189	0	114186
26354	1480	3265	1615	101076	0	107436
26355	1176	1102	694	98306	0	101278
26356	985	99902	752	4251	0	105890
26357	982	3223	100576	2149	0	106930
26358	98820	1431	2830	1893	0	104974
26359	3007	1232	1064	104831	0	110134
26360	1172	1105	880	107892	0	111049
26361	892	1226	106202	4310	0	112630
26362	946	1167	3042	106402	0	111557
26363	863	1334	106066	4115	0	112378
26364	858	1262	2978	105435	0	110533
26365	755	1201	107779	4206	0	113941
26366	666	107501	3105	2692	0	113964
26367	787	3535	109507	2094	0	115923
26368	813	1593	2938	108684	0	114028
26369	106747	1194	909	4327	0	113177
26370	2932	105026	902	2478	0	111338
26371	1253	3520	628	103069	0	108470
26372	925	1596	100984	3804	0	107309
26373	600	101619	3213	2019	0	107451
26374	617	2740	995	88675	0	93027
26375	501	1333	88779	2492	0	93105
26376	299	78667	2012	934	0	81912
26377	61455	1632	1383	779	0	65249
26378	57835	381	389	400	0	59005
26379	913	186	145	58046	0	59290
26380	58061	143	132	902	0	59238
26381	803	134	155	57309	0	58401
26382	313	146	102	58684	0	59245
26383	193	214	59712	992	0	61111
26384	198	144	748	58499	0	59589
26385	178	151	259	59789	0	60377
26386	58649	127	154	1107	0	60037
26387	57182	128	137	500	0	57947
26388	862	57812	212	309	0	59195
26389	345	846	58365	241	0	59797
26390	203	337	784	57593	0	58917
26391	189	262	57259	837	0	58547
26392	52439	154	735	417	0	53745
26393	756	220	55696	267	0	56939
26394	366	190	712	52706	0	53974
26395	131	54702	353	754	0	55940
26396	177	632	185	54347	0	55341
26397	153	269	185	54858	0	55465
26398	162	228	55605	967	0	56962
26399	198	111	733	55275	0	56317
26400	55191	108	315	904	0	56518
26401	55361	111	210	506	0	56188
26402	55450	105	193	372	0	56120
26403	54923	104	200	372	0	55599
26404	834	54392	263	338	0	55827
26405	334	54899	292	356	0	55881
26406	345	871	231	48462	0	49909
26407	206	313	215	53826	0	54560
26408	203	52286	258	980	0	53727
26409	251	670	211	54771	0	55903
26410	232	396	222	55161	0	56011
26411	235	265	234	55057	0	55791
26412	239	169	251	55179	0	55838
26413	235	228	241	55525	0	56229
26414	53822	200	237	1158	0	55417
26415	790	53496	281	676	0	55243
26416	423	803	52856	480	0	54562
26417	340	362	761	52607	0	54070
26418	286	256	410	52914	0	53866
26419	278	239	279	53038	0	53834
26420	52441	236	265	1229	0	54171
26421	868	59217	328	723	0	61136
26422	548	1029	247	58066	0	59890
26423	402	62279	299	1423	0	64403
26424	489	1405	224	58596	0	60714
26425	388	60139	282	1630	0	62439
26426	405	1504	64115	767	0	66791
26427	372	574	1577	67756	0	70279
26428	333	394	77482	2027	0	80236
26429	381	308	2127	76592	0	79408
26430	418	302	692	81843	0	83255
26431	81754	295	419	2863	0	85331
26432	82949	299	355	1206	0	84809
26433	83975	297	335	874	0	85481
26434	83757	264	370	797	0	85188
26435	83712	236	362	779	0	85089
26436	2838	280	342	78560	0	82020
26437	999	81587	392	2419	0	85397
26438	700	2118	326	80597	0	83741
26439	613	829	79043	2526	0	83011
26440	78042	413	2077	1146	0	81678
26441	81477	277	687	869	0	83310
26442	2827	305	384	80322	0	83838
26443	1181	304	266	78391	0	80142
26444	657	77654	354	2939	0	81604
26445	640	2137	277	79314	0	82368
26446	663	747	255	77847	0	79512
26447	574	77694	395	2999	0	81662
26448	642	2156	270	79201	0	82269
26449	74220	771	306	2856	0	78153
26450	2198	552	76703	1324	0	80777
26451	74575	418	2119	1087	0	78199
26452	2483	451	76759	943	0	80636
26453	1060	313	2293	75117	0	78783
26454	803	325	774	70585	0	72487
26455	630	72985	575	2956	0	77146
26456	653	75917	435	1401	0	78406
26457	836	2530	340	71593	0	75299
26458	687	924	72430	2648	0	76689
26459	67091	404	1972	1110	0	70577
26460	2313	265	622	67338	0	70538
26461	851	67426	512	2463	0	71252
26462	755	1897	277	67955	0	70884
26463	773	718	210	66617	0	68318
26464	649	65891	256	2565	0	69361
26465	858	1881	180	62607	0	65526
26466	585	567	58150	2016	0	61318
26467	514	366	57349	771	0	59000
26468	540	416	1759	51031	0	53746
26469	304	56374	588	1695	0	58961
26470	405	1622	308	55407	0	57742
26471	56707	534	195	1960	0	59396
26472	58005	374	215	818	0	59412
26473	54891	254	176	673	0	55994
26474	1953	54184	275	600	0	57012
26475	650	1658	54075	561	0	56944
26476	53281	594	1581	583	0	56039
26477	55366	447	517	643	0	56973
26478	1937	54063	431	644	0	57075
26479	792	1702	243	53324	0	56061
26480	54390	626	300	1958	0	57274
26481	55289	457	319	879	0	56944
26482	55800	345	372	710	0	57227
26483	2269	278	402	52681	0	55630
26484	53599	285	387	2115	0	56386
26485	2081	316	336	53483	0	56216
26486	980	374	318	54748	0	56420
26487	53448	369	348	2458	0	56623
26488	2153	392	334	53459	0	56338
26489	53228	402	363	2343	0	56336
26490	2300	412	302	53532	0	56546
26491	1155	432	313	55142	0	57042
26492	53235	454	330	2678	0	56697
26493	2295	474	53162	1359	0	57290
26494	1391	428	1720	54246	0	57785
26495	1184	388	685	55208	0	57465
26496	1097	386	456	55015	0	56954
26497	964	444	370	55949	0	57727
26498	952	452	337	53228	0	54969
26499	896	52449	447	2799	0	56591
26500	1055	1804	389	53360	0	56608
26501	1177	746	52604	2422	0	56949
26502	1193	516	1669	53554	0	56932
26503	1135	435	570	54458	0	56598
26504	1084	483	344	55715	0	57626
26505	848	563	53425	2856	0	57692
26506	780	569	53749	1522	0	56620
26507	52034	511	2052	1245	0	55842
26508	54283	453	797	1157	0	56690
26509	2478	56392	517	1161	0	60548
26510	1294	1894	353	58656	0	62197
26511	952	823	380	61863	0	64018
26512	868	521	435	62971	0	64795
26513	61179	448	512	2967	0	65106
26514	62890	474	411	1654	0	65429
26515	2385	478	364	62684	0	65911
26516	1044	576	309	63529	0	65458
26517	765	557	354	63800	0	65476
26518	683	451	426	64097	0	65657
26519	60243	467	543	2924	0	64177
26520	1949	407	59544	1659	0	63559
26521	763	50297	1506	1134	0	53700
26522	455	48996	493	892	0	50836
26523	46258	1120	277	917	0	48572
26524	1141	1358	340	45573	0	48412
26525	488	393	45623	1510	0	48014
26526	373	293	41244	780	0	42690
26527	292	41170	993	511	0	42966
26528	31906	218	482	227	0	32833
26529	256	106	32024	143	0	32529
26530	25835	119	182	100	0	26236
26531	107	23	40	29301	0	29471
26532	49	13	15	29894	0	29971
26533	30	29802	28	150	0	30010
26534	29	30451	34	75	0	30589
26535	30420	75	29	92	0	30616
26536	30412	33	14	67	0	30526
26537	93	30896	27	75	0	31091
26538	199	87	29668	255	0	30209
26539	57	59	30912	33	0	31061
26540	38	55	77	30734	0	30904
26541	32245	9	62	111	0	32427
26542	74	32424	34	100	0	32632
26543	46	73	17	33652	0	33788
26544	34034	25	19	162	0	34240
26545	110	18	16	34583	0	34727
26546	51	20	15	35649	0	35735
26547	34802	12	11	210	0	35035
26548	121	35682	49	104	0	35956
26549	49	37284	25	54	0	37412
26550	60	171	37837	40	0	38108
26551	40	65	122	38309	0	38536
26552	44	28	45	38876	0	38993
26553	36	47	39986	168	0	40237
26554	30388	40	138	252	0	30818
26555	36086	21	57	112	0	36276
26556	160	51	39213	48	0	39472
26557	30405	33	163	200	0	30801
26558	345	55	40464	47	0	40911
26559	72	42576	152	64	0	42864
26560	71	112	45	45182	0	45410
26561	41	58	28	46665	0	46792
26562	46524	30	24	236	0	46814
26563	46352	20	31	136	0	46539
26564	46197	31	29	126	0	46383
26565	46387	17	21	114	0	46539
26566	45928	26	24	108	0	46086
26567	187	65	45551	63	0	45866
26568	86	46177	140	92	0	46495
26569	79	146	50	46122	0	46397
26570	38	46657	55	141	0	46891
26571	35	47348	51	97	0	47531
26572	61	151	34	46495	0	46741
26573	40	73	24	47055	0	47192
26574	47	100	46930	167	0	47244
26575	41046	33	143	183	0	41405
26576	46770	18	49	136	0	46973
26577	149	46938	72	66	0	47225
26578	47087	111	38	82	0	47318
26579	48392	43	32	109	0	48576
26580	174	28	36	48177	0	48415
26581	105	88	50389	140	0	50722
26582	72	83	49927	70	0	50152
26583	49119	21	131	114	0	49385
26584	50890	22	52	109	0	51073
26585	186	50980	66	79	0	51311
26586	121	52770	57	58	0	53006
26587	96	194	26	53830	0	54146
26588	53850	94	20	211	0	54175
26589	207	106	54311	77	0	54701
26590	121	44	166	54629	0	54960
26591	56306	31	79	304	0	56720
26592	56512	38	54	185	0	56789
26593	278	49	26	57557	0	57910
26594	57807	26	48	288	0	58169
26595	239	110	56183	107	0	56639
26596	140	97	60252	68	0	60557
26597	139	46	238	57903	0	58326
26598	91	35	109	62522	0	62757
26599	85	42	63	62206	0	62396
26600	62	61347	74	286	0	61769
26601	73	62588	101	143	0	62905
26602	69	254	26	62901	0	63250
26603	63101	110	37	358	0	63606
26604	237	65	30	63830	0	64162
26605	143	36	25	63785	0	63989
26606	78	63478	75	304	0	63935
26607	53	65357	81	201	0	65692
26608	95	252	21	65231	0	65599
26609	71	124	34	62469	0	62698
26610	60653	66	15	361	0	61095
26611	210	59689	101	191	0	60191
26612	60024	215	35	206	0	60480
26613	271	91	40	60419	0	60821
26614	156	129	59384	246	0	59915
26615	114	136	58048	156	0	58454
26616	57962	60	293	167	0	58482
26617	269	65	116	63043	0	63493
26618	135	45	60	63356	0	63596
26619	101	39	46	63927	0	64113
26620	85	103	64451	336	0	64975
26621	100	41	213	64047	0	64401
26622	65	64252	152	335	0	64804
26623	79	272	58	66698	0	67107
26624	100	103	31	66609	0	66843
26625	75	67714	97	378	0	68264
26626	96	329	41	68951	0	69417
26627	66751	107	35	552	0	67445
26628	379	67274	92	170	0	67915
26629	68808	418	27	244	0	69497
26630	69284	134	43	224	0	69685
26631	626	99	47	69086	0	69858
26632	280	55	26	68824	0	69185
26633	160	59	26	69826	0	70071
26634	142	125	67539	688	0	68494
26635	88	66780	507	327	0	67702
26636	97	68791	197	214	0	69299
26637	96	578	90	67599	0	68363
26638	66874	151	69	592	0	67686
26639	511	95	61	66039	0	66706
26640	215	329	66901	624	0	68069
26641	119	66281	497	321	0	67218
26642	73	67495	179	205	0	67952
26643	66556	498	91	214	0	67359
26644	67146	177	71	193	0	67587
26645	547	74695	157	214	0	75613
26646	75636	463	77	233	0	76409
26647	626	263	75072	125	0	76086
26648	239	203	73720	120	0	74282
26649	74678	91	616	211	0	75596
26650	77534	78	213	248	0	78073
26651	751	74	98	77557	0	78480
26652	76959	73	76	770	0	77878
26653	719	189	78807	239	0	79954
26654	306	214	86039	236	0	86795
26655	352	129	845	93016	0	94342
26656	176	93	284	108400	0	108953
26657	232	69	145	112631	0	113077
26658	230	130	113	113517	0	113990
26659	248	89	102	121215	0	121654
26660	174	279	117985	2580	0	121018
26661	263	114	1734	116508	0	118619
26662	117781	87	648	2539	0	121055
26663	1918	101	311	119368	0	121698
26664	118629	101	196	2605	0	121531
26665	2130	88	172	119449	0	121839
26666	122048	115	222	2662	0	125047
26667	127335	121	183	1227	0	128866
26668	2651	136	175	126255	0	129217
26669	1140	133	217	128144	0	129634
26670	126384	117	206	2782	0	129489
26671	126484	130	160	1321	0	128095
26672	2799	319	129545	828	0	133491
26673	1339	137	1867	128735	0	132078
26674	980	141	549	133997	0	135667
26675	132591	139	409	2963	0	136102
26676	134964	132	289	1341	0	136726
26677	2911	153	239	134323	0	137626
26678	1318	128	325	136351	0	138122
26679	878	114	291	136286	0	137569
26680	750	125	278	134082	0	135235
26681	530	128109	538	3387	0	132564
26682	554	131328	418	1760	0	134060
26683	611	2281	257	129700	0	132849
26684	535	130579	407	2875	0	134396
26685	693	2051	210	132806	0	135760
26686	566	763	130858	3181	0	135368
26687	523	651	127697	1770	0	130641
26688	535	132066	2442	1609	0	136652
26689	713	2107	837	131317	0	134974
26690	717	866	131467	2958	0	136008
26691	784	563	2161	127341	0	130849
26692	804	395	816	133285	0	135300
26693	130846	303	722	3537	0	135408
26694	2626	351	550	133209	0	136736
26695	1311	393	136127	3282	0	141113
26696	1208	377	136009	1829	0	139423
26697	1065	135211	2593	1659	0	140528
26698	1054	143776	1136	1518	0	147484
26699	146442	2170	742	1839	0	151193
26700	2839	966	161171	1535	0	166511
26701	1543	470	2244	160642	0	164899
26702	163302	313	907	3333	0	167855
26703	163118	346	757	2013	0	166234
26704	2926	168258	789	1743	0	173716
26705	1807	2324	630	161795	0	166556
26706	1356	749	569	173982	0	176656
26707	1145	609	497	173424	0	175675
26708	169213	483	472	4135	0	174303
26709	2726	694	169566	2318	0	175304
26710	1170	173845	2336	2099	0	179450
26711	1291	2268	791	172986	0	177336
26712	997	911	680	178533	0	181121
26713	828	1046	176694	3850	0	182418
26714	994	693	2408	172667	0	176762
26715	845	638	1001	179601	0	182085
26716	897	648	871	179209	0	181625
26717	964	605	790	178823	0	181182
26718	787	841	175007	4303	0	180938
26719	843	619	2637	173123	0	177222
26720	759	839	177596	4163	0	183357
26721	694	176991	2967	2803	0	183455
26722	926	2077	1256	178476	0	182735
26723	1025	823	1041	181346	0	184235
26724	976	851	177429	4213	0	183469
26725	933	175341	2590	3002	0	181866
26726	1137	2187	1193	174769	0	179286
26727	1198	1172	176484	3361	0	182215
26728	1015	175799	2441	2452	0	181707
26729	1162	2134	1062	176672	0	181030
26730	1224	1224	176775	3156	0	182379
26731	1317	850	2232	174491	0	178890
26732	1242	656	1049	175235	0	178182
26733	1108	624	973	181423	0	184128
26734	178521	652	695	3986	0	183854
26735	2357	178118	871	2582	0	183928
26736	177805	2018	740	2309	0	182872
26737	2608	1118	178735	2073	0	184534
26738	178297	706	2112	2694	0	183809
26739	191369	561	1040	2528	0	195498
26740	2732	625	877	191203	0	195437
26741	195178	689	705	3864	0	200436
26742	197367	736	721	2606	0	201430
26743	202579	662	731	2642	0	206614
26744	2890	820	735	201834	0	206279
26745	1511	670	704	197319	0	200204
26746	950	727	192649	3424	0	197750
26747	757	790	184616	2150	0	188313
26748	178338	508	2435	2015	0	183296
26749	2091	948	1285	189662	0	193986
26750	758	192691	1213	2939	0	197601
26751	191658	1787	983	2050	0	196478
26752	1748	192361	1045	1808	0	196962
26753	793	190696	1109	1699	0	194297
26754	1151	2395	179428	1672	0	184646
26755	643	921	184082	870	0	186516
26756	732	2410	1696	176862	0	181700
26757	426	533	189407	1113	0	191479
26758	285	552	177496	458	0	178791
26759	165214	164	451	591	0	166420
26760	176987	90	170	536	0	177783
26761	376	96	104	179911	0	180487
26762	278	103	109	181672	0	182162
26763	230	415	184724	447	0	185816
26764	152	187033	511	329	0	188025
26765	252	331	163	184446	0	185192
26766	191129	124	125	915	0	192293
26767	350	133	89	192849	0	193421
26768	156	194343	286	670	0	195455
26769	361	672	192305	316	0	193654
26770	119	197843	568	314	0	198844
26771	197288	360	166	643	0	198457
26772	192535	159	145	538	0	193377
26773	511	236	99	192339	0	193185
26774	299	392	194787	447	0	195925
26775	272	443	186295	331	0	187341
26776	143	194697	766	288	0	195894
26777	309	560	300	185911	0	187080
26778	189	220	147	196507	0	197063
26779	243	432	195060	617	0	196352
26780	243	137	513	191272	0	192165
26781	103	204472	444	1029	0	206048
26782	203	821	162	205808	0	206994
26783	193	339	125	207446	0	208103
26784	238	501	206493	1178	0	208410
26785	254	177	951	201208	0	202590
26786	201377	112	480	1484	0	203453
26787	1230	394	207325	458	0	209407
26788	608	407	207597	307	0	208919
26789	191	211867	1754	313	0	214125
26790	366	1233	600	216807	0	219006
26791	318	508	224	228714	0	229764
26792	252	498	225632	2174	0	228556
26793	207755	163	1903	1152	0	210973
26794	1872	163	666	225473	0	228174
26795	814	575	222687	1814	0	225890
26796	489	165	1849	214978	0	217481
26797	295	456	222330	2034	0	225115
26798	440	406	217939	820	0	219605
26799	170	217195	2635	480	0	220480
26800	415	1842	831	196517	0	199605
26801	116	207430	573	1867	0	209986
26802	200296	1859	256	1096	0	203507
26803	1879	1006	204810	368	0	208063
26804	634	200562	2103	510	0	203809
26805	379	1809	770	199491	0	202449
26806	197059	660	380	2255	0	200354
26807	1696	198925	601	1131	0	202353
26808	731	1876	324	200721	0	203652
26809	414	757	271	199517	0	200959
26810	173	203971	545	2493	0	207182
26811	204284	2116	333	1222	0	207955
26812	2301	841	320	230342	0	233804
26813	914	385	319	243082	0	244700
26814	566	606	239188	4911	0	245271
26815	259	248050	4139	2110	0	254558
26816	545	4090	1578	247757	0	253970
26817	614	1509	723	262329	0	265175
26818	269	271393	804	5798	0	278264
26819	565	5166	431	272758	0	278920
26820	600	1887	465	281232	0	284184
26821	564	854	2125	278110	0	281653
26822	221	281695	809	7482	0	290207
26823	277635	5421	561	2881	0	286498
26824	5681	2192	281890	1396	0	291159
26825	266942	883	5723	1346	0	274894
26826	5763	281142	2504	1058	0	290467
26827	2032	5592	1049	280079	0	288752
26828	1120	2422	282532	6001	0	292075
26829	878	1066	5794	279614	0	287352
26830	854	686	2130	284162	0	287832
26831	863	704	1159	289258	0	291984
26832	705	1010	283383	8199	0	293297
26833	520	281284	6206	4050	0	292060
26834	716	5997	284342	2142	0	293197
26835	479	285692	6904	2330	0	295405
26836	729	6758	289341	1886	0	298714
26837	820	2547	6577	286058	0	296002
26838	277744	1622	2648	7688	0	289702
26839	5321	286529	1821	4375	0	298046
26840	2085	6700	288943	2829	0	300557
26841	1048	285828	6581	2698	0	296155
26842	1178	7305	287380	2456	0	298319
26843	1404	3031	6810	273959	0	285204
26844	1502	2144	2790	259827	0	266263
26845	1003	277511	2282	8158	0	288954
26846	1040	289173	2083	4257	0	296553
26847	285429	8305	1666	3383	0	298783
26848	6568	3773	1689	288412	0	300442
26849	2921	2850	288223	8470	0	302464
26850	2035	2002	7029	287412	0	298478
26851	1453	2395	291430	9162	0	304440
26852	1312	2471	293782	4891	0	302456
26853	1482	1960	8821	272810	0	285073
26854	1130	285717	4211	8058	0	299116
26855	275491	7417	2569	5114	0	290591
26856	6759	3583	2243	271160	0	283745
26857	3201	2691	2290	260548	0	268730
26858	1535	270391	2642	9335	0	283903
26859	266944	7802	2175	4952	0	281873
26860	270915	3769	2454	3866	0	281004
26861	8473	2804	2367	258701	0	272345
26862	3341	261330	2990	8368	0	276029
26863	1679	278062	2836	5012	0	287589
26864	271219	9073	2468	3892	0	286652
26865	6731	4940	272127	3299	0	287097
26866	260346	3092	7850	3526	0	274814
26867	266350	2775	3824	3579	0	276528
26868	264765	2511	2921	3609	0	273806
26869	8426	262830	2578	3679	0	277513
26870	3672	7811	2466	264184	0	278133
26871	265217	3928	2514	8784	0	280443
26872	266317	2913	2614	5047	0	276891
26873	8032	265836	3194	3974	0	281036
26874	269199	7672	2418	3768	0	283057
26875	7429	4017	2505	272264	0	286215
26876	3631	2856	2482	270640	0	279609
26877	2144	269965	2707	9882	0	284698
26878	2443	7720	2287	274215	0	286665
26879	2598	4057	1920	275907	0	284482
26880	2029	273704	2538	10280	0	288551
26881	2595	7262	1935	253446	0	265238
26882	1809	267054	2483	8845	0	280191
26883	265576	7615	2334	4923	0	280448
26884	257154	4115	2419	3993	0	267681
26885	7832	260700	2415	4041	0	274988
26886	3921	7277	257067	3659	0	271924
26887	2998	4668	6212	255678	0	269556
26888	2896	3684	255380	7497	0	269457
26889	2617	246131	6865	4963	0	260576
26890	2796	251728	3448	3636	0	261608
26891	235129	7009	2006	2805	0	246949
26892	6749	243918	2018	2531	0	255216
26893	4809	6397	1731	230542	0	243479
26894	3220	239019	2258	5782	0	250279
26895	3232	247354	1704	3417	0	255707
26896	242572	7527	1427	3218	0	254744
26897	6767	3629	1423	244311	0	256130
26898	3719	2991	243100	6746	0	256556
26899	2770	2871	241725	4580	0	251946
26900	2555	246296	6503	3725	0	259079
26901	243259	6586	2862	3323	0	256030
26902	6177	249427	2558	2573	0	260735
26903	3598	7468	1537	255732	0	268335
26904	257408	3837	1735	7125	0	270105
26905	7208	3143	1407	262332	0	274090
26906	3919	2647	1557	262252	0	270375
26907	2999	263970	1729	8585	0	277283
26908	3138	7120	1372	267151	0	278781
26909	2104	4574	269017	7367	0	283062
26910	255934	2715	6352	4040	0	269041
26911	6461	276468	3044	2939	0	288912
26912	2143	267694	1677	1844	0	273358
26913	253345	5397	772	1606	0	261120
26914	5161	2664	257088	1327	0	266240
26915	236524	1790	4637	1430	0	244381
26916	4499	280526	1710	1283	0	288018
26917	1194	300855	1104	925	0	304078
26918	1173	7015	301947	741	0	310876
26919	615	307568	6604	865	0	315652
26920	1139	6622	1843	273573	0	283177
26921	931	1628	668	283463	0	286690
26922	365	295756	632	5984	0	302737
26923	737	5791	245	294040	0	300813
26924	298343	1524	260	6073	0	306200
26925	5831	1193	298393	1469	0	306886
26926	294550	668	5582	1069	0	301869
26927	307596	649	1382	932	0	310559
26928	305166	719	631	948	0	307464
26929	7452	1081	302386	528	0	311447
26930	2405	749	5820	299181	0	308155
26931	1199	1194	303924	5993	0	312310
26932	291286	714	6287	1983	0	300270
26933	291869	711	1648	1458	0	295686
26934	6901	300442	1236	979	0	309558
26935	2586	6350	562	289046	0	298544
26936	1237	304439	986	6107	0	312769
26937	1202	6918	308042	1684	0	317846
26938	1368	2340	6394	304639	0	314741
26939	304457	1145	1879	6947	0	314428
26940	307573	843	936	2210	0	311562
26941	8382	1066	837	281466	0	291751
26942	2430	292212	1261	6266	0	302169
26943	1531	6686	299758	1956	0	309931
26944	1230	2418	305723	1165	0	310536
26945	282932	1192	8107	1347	0	293578
26946	7331	1373	302914	1016	0	312634
26947	2353	300323	7488	1843	0	312007
26948	1930	7058	2208	294878	0	306074
26949	1466	2596	303386	6591	0	314039
26950	1796	1327	7298	292588	0	303009
26951	1473	1353	300227	7441	0	310494
26952	281266	1011	7502	2551	0	292330
26953	7577	1117	2515	282518	0	293727
26954	2654	289563	1749	6945	0	300911
26955	1685	297496	1731	2551	0	303463
26956	1946	8531	1423	288670	0	300570
26957	1913	2857	1317	285052	0	291139
26958	1582	286955	1753	8331	0	298621
26959	1957	7604	288822	2611	0	300994
26960	1858	2641	7377	287273	0	299149
26961	1776	1928	292824	7399	0	303927
26962	1652	1668	289477	2751	0	295548
26963	263639	1388	8929	2185	0	276141
26964	7574	277071	3622	1883	0	290150
26965	277007	7578	2057	1674	0	288316
26966	8290	3212	1732	263115	0	276349
26967	2945	276397	2165	7257	0	288764
26968	2526	8199	2075	275684	0	288484
26969	2302	3324	1990	273221	0	280837
26970	1834	273433	2249	9066	0	286582
26971	2033	8364	272598	3865	0	286860
26972	2366	3232	7985	273107	0	286690
26973	273042	2283	3324	8659	0	287308
26974	8487	1840	2553	271385	0	284265
26975	4062	1932	2336	272984	0	281314
26976	2959	2261	266737	9524	0	281481
26977	2571	264502	8658	3813	0	279544
26978	3166	8149	3478	259356	0	274149
26979	2483	3881	263487	8222	0	278073
26980	2135	3246	264763	3794	0	273938
26981	247840	2517	10018	3557	0	263932
26982	8020	258503	4826	3400	0	274749
26983	254060	8181	2988	3024	0	268253
26984	8262	255314	3150	3219	0	269945
26985	3655	262926	2776	3291	0	272648
26986	255838	9839	2461	3100	0	271238
26987	8897	3939	2744	244765	0	260345
26988	4136	253351	3348	8462	0	269297
26989	3856	8055	2531	257143	0	271585
26990	255821	3295	2490	9201	0	270807
26991	9256	2793	256560	4320	0	272929
26992	4136	2583	255269	3089	0	265077
26993	238759	2125	10404	3196	0	254484
26994	8474	248391	5459	3252	0	265576
26995	4387	8241	249292	2502	0	264422
26996	3562	247470	9157	2824	0	263013
26997	3156	8874	3993	240535	0	256558
26998	2640	4419	245670	8696	0	261425
26999	2576	2764	8700	241281	0	255321
27000	2222	2882	239917	9563	0	254584
27001	224104	2381	9192	4827	0	240504
27002	8165	235429	4565	3637	0	251796
27003	226727	7550	2904	2764	0	239945
27004	8164	3537	2777	205203	0	219681
27005	3015	230745	3219	7396	0	244375
27006	228096	8121	2995	3613	0	242825
27007	225633	3320	3186	3132	0	235271
27008	8472	2984	225886	2832	0	240174
27009	3509	2521	222664	2548	0	231242
27010	190130	2012	8813	2438	0	203393
27011	6162	197188	4262	2851	0	210463
27012	2121	191424	3372	2293	0	199210
27013	3356	9856	3535	176297	0	193044
27014	2371	2827	178984	5835	0	190017
27015	1793	168959	6084	2439	0	179275
27016	1683	146652	2348	1780	0	152463
27017	3982	3347	1745	101283	0	110357
27018	103915	976	770	2209	0	107870
27019	104656	690	534	1013	0	106893
27020	105581	528	536	801	0	107446
27021	2539	674	104680	525	0	108418
27022	101548	559	2022	650	0	104779
27023	104497	544	901	687	0	106629
27024	106028	571	518	576	0	107693
27025	2606	590	514	99632	0	103342
27026	1035	102467	582	1887	0	105971
27027	100789	1983	431	850	0	104053
27028	1958	102010	616	552	0	105136
27029	850	1858	480	100214	0	103402
27030	599	822	104211	1910	0	107542
27031	616	549	1974	102224	0	105363
27032	665	484	748	104541	0	106438
27033	547	577	104593	2197	0	107914
27034	560	102868	1931	866	0	106225
27035	514	1613	592	94325	0	97044
27036	93068	613	396	1543	0	95620
27037	1474	91428	386	579	0	93867
27038	88071	1325	236	471	0	90103
27039	1564	695	213	84861	0	87333
27040	659	88238	304	1188	0	90389
27041	86231	1241	248	467	0	88187
27042	1316	87752	357	288	0	89713
27043	511	1256	85681	205	0	87653
27044	82969	567	1376	350	0	85262
27045	84854	458	392	280	0	85984
27046	1360	85060	260	264	0	86944
27047	513	1145	82009	163	0	83830
27048	265	84072	1085	177	0	85599
27049	900	2105	845	55796	0	59646
27050	227	418	190	83869	0	84704
27051	245	290	116	83617	0	84268
27052	216	84367	160	1468	0	86211
27053	318	1196	92	84328	0	85934
27054	286	450	131	84957	0	85824
27055	83309	273	102	1511	0	85195
27056	1309	162	130	83425	0	85026
27057	594	120	108	84633	0	85455
27058	82920	148	89	1561	0	84718
27059	1234	83779	155	637	0	85805
27060	84403	1230	121	410	0	86164
27061	84472	484	127	278	0	85361
27062	84635	311	131	315	0	85392
27063	1666	245	150	83474	0	85535
27064	669	247	149	85129	0	86194
27065	440	286	83282	1521	0	85529
27066	381	312	81918	630	0	83241
27067	378	312	81653	429	0	82772
27068	73156	231	1567	417	0	75371
27069	1376	309	80430	314	0	82429
27070	567	80937	1383	405	0	83292
27071	533	1338	425	79718	0	82014
27072	540	591	290	75972	0	77393
27073	429	81755	287	1342	0	83813
27074	511	1395	83331	563	0	85800
27075	403	84206	1270	547	0	86426
27076	83192	1436	472	466	0	85566
27077	1470	674	84646	380	0	87170
27078	672	83949	1361	524	0	86506
27079	589	1444	84870	369	0	87272
27080	499	587	1373	83703	0	86162
27081	409	535	85722	1401	0	88067
27082	470	379	1401	82831	0	85081
27083	84839	311	508	1690	0	87348
27084	1488	402	85655	771	0	88316
27085	637	85855	1359	668	0	88519
27086	86238	1387	527	641	0	88793
27087	1584	680	89230	549	0	92043
27088	754	508	89607	545	0	91414
27089	685	334	1579	86711	0	89309
27090	585	377	89084	1626	0	91672
27091	82847	374	1564	874	0	85659
27092	1544	88686	649	700	0	91579
27093	861	1487	456	85849	0	88653
27094	575	92758	435	1463	0	95231
27095	93186	1598	429	788	0	96001
27096	1640	735	92955	632	0	95962
27097	762	599	96292	611	0	98264
27098	617	420	1865	94034	0	96936
27099	512	403	769	96356	0	98040
27100	518	410	590	97445	0	98963
27101	519	386	521	98250	0	99676
27102	521	554	98387	2132	0	101594
27103	492	96840	1683	1044	0	100059
27104	478	1358	607	90753	0	93196
27105	390	667	88446	1310	0	90813
27106	358	87821	1371	708	0	90258
27107	87388	1280	597	577	0	89842
27108	1533	608	444	87299	0	89884
27109	86139	368	330	1469	0	88306
27110	1266	86538	382	727	0	88913
27111	85563	1187	336	614	0	87700
27112	1364	673	88642	441	0	91120
27113	763	845	1307	82441	0	85356
27114	471	87940	690	1197	0	90298
27115	453	1225	86953	593	0	89224
27116	325	85986	1281	495	0	88087
27117	621	1744	671	62645	0	65681
27118	79415	426	351	1131	0	81323
27119	990	79468	399	589	0	81446
27120	78458	953	349	512	0	80272
27121	1124	494	78446	357	0	80421
27122	709	395	76956	377	0	78437
27123	75296	271	1261	383	0	77211
27124	1059	305	673	77184	0	79221
27125	495	278	487	78193	0	79453
27126	391	308	80272	1172	0	82143
27127	341	291	78449	507	0	79588
27128	263	79990	1269	368	0	81890
27129	75955	979	771	445	0	78150
27130	72440	367	387	329	0	73523
27131	907	72369	269	278	0	73823
27132	570	731	254	73824	0	75379
27133	74569	373	258	974	0	76174
27134	781	233	269	74800	0	76083
27135	75579	194	235	989	0	76997
27136	76116	168	253	514	0	77051
27137	78421	172	266	432	0	79291
27138	1064	233	195	77197	0	78689
27139	524	178	198	80257	0	81157
27140	77644	178	198	1113	0	79133
27141	77703	177	207	562	0	78649
27142	77147	160	194	421	0	77922
27143	1026	76511	324	301	0	78162
27144	72830	544	160	249	0	73783
27145	593	72931	211	216	0	73951
27146	71170	551	196	346	0	72263
27147	635	331	71450	141	0	72557
27148	63656	313	589	264	0	64822
27149	476	68831	252	165	0	69724
27150	182	69298	170	131	0	69781
27151	69869	425	138	256	0	70688
27152	455	178	85	70250	0	70968
27153	257	111	74	73331	0	73773
27154	137	74132	159	553	0	74981
27155	120	80288	155	236	0	80799
27156	83591	643	76	235	0	84545
27157	790	342	87966	107	0	89205
27158	309	123	702	93509	0	94643
27159	96171	85	204	979	0	97439
27160	1051	172	97369	276	0	98868
27161	290	105179	1009	207	0	106685
27162	110315	1176	244	230	0	111965
27163	1694	357	114661	219	0	116931
27164	509	187	1719	117218	0	119633
27165	303	221	122604	1827	0	124955
27166	113809	143	1989	591	0	116532
27167	1874	124306	560	300	0	127040
27168	125315	1901	212	262	0	127690
27169	125539	451	124	263	0	126377
27170	2424	249	82	124610	0	127365
27171	124783	142	116	2082	0	127123
27172	2167	154	89	125385	0	127795
27173	686	145	93	126669	0	127593
27174	355	224	122001	2353	0	124933
27175	263	121608	1961	677	0	124509
27176	323	1900	441	121939	0	124603
27177	327	487	205	123377	0	124396
27178	297	239	128	123887	0	124551
27179	274	272	121773	2412	0	124731
27180	233	121012	1944	759	0	123948
27181	361	1897	457	121271	0	123986
27182	345	451	230	123230	0	124256
27183	326	381	121347	2285	0	124339
27184	366	242	1926	118934	0	121468
27185	119484	190	504	2208	0	122386
27186	1942	120377	400	681	0	123400
27187	117709	1887	166	520	0	120282
27188	2233	652	117212	288	0	120385
27189	778	383	1946	116270	0	119377
27190	118340	215	580	2060	0	121195
27191	117767	221	362	732	0	119082
27192	2462	373	118247	395	0	121477
27193	1004	290	2029	114740	0	118063
27194	569	329	116051	2100	0	119049
27195	107769	247	2133	825	0	110974
27196	2043	115095	793	610	0	118541
27197	113777	1936	478	562	0	116753
27198	113114	598	442	546	0	114700
27199	2427	115017	556	452	0	118452
27200	115804	2029	461	548	0	118842
27201	2437	723	114405	454	0	118019
27202	113169	444	2102	575	0	116290
27203	2575	376	765	114901	0	118617
27204	1153	488	117355	2307	0	121303
27205	1078	386	2221	115985	0	119670
27206	961	381	890	116187	0	118419
27207	998	407	673	114532	0	116610
27208	863	117003	769	2754	0	121389
27209	117318	2137	638	1318	0	121411
27210	2689	839	613	115815	0	119956
27211	1226	116801	700	2734	0	121461
27212	1233	2233	668	109397	0	113531
27213	963	114708	787	2793	0	119251
27214	1044	2436	114491	1426	0	119397
27215	1039	857	2366	113023	0	117285
27216	1032	684	998	116303	0	119017
27217	952	701	114815	3313	0	119781
27218	102517	692	2485	2002	0	107696
27219	2599	114144	1132	1700	0	119575
27220	1457	2340	861	114038	0	118696
27221	1194	923	777	111508	0	114402
27222	1199	720	846	109331	0	112096
27223	1063	112551	974	3333	0	117921
27224	111102	2437	877	2003	0	116419
27225	2849	1053	112091	1745	0	117738
27226	1425	837	109338	1564	0	113164
27227	1225	667	2850	107279	0	112021
27228	1281	642	1303	110632	0	113858
27229	108857	709	1052	3571	0	114189
27230	2776	108280	1154	2048	0	114258
27231	1583	2355	1065	109444	0	114447
27232	107899	994	980	3263	0	113136
27233	3098	870	920	106282	0	111170
27234	106801	717	884	3302	0	111704
27235	3259	814	104114	1745	0	109932
27236	1737	105043	2741	1556	0	111077
27237	104814	2483	1258	1429	0	109984
27238	3292	1134	104455	1257	0	110138
27239	100584	810	2629	1428	0	105451
27240	3245	817	101984	1384	0	107430
27241	101595	614	2700	1451	0	106360
27242	3196	700	1224	101732	0	106852
27243	103540	752	1050	2953	0	108295
27244	3221	698	902	102594	0	107415
27245	1647	728	895	104621	0	107891
27246	102498	725	845	3581	0	107649
27247	2892	103349	1000	1872	0	109113
27248	1568	2513	760	104078	0	108919
27249	105180	1132	765	3177	0	110254
27250	107994	919	786	1729	0	111428
27251	3239	844	823	106652	0	111558
27252	1717	794	751	109789	0	113051
27253	108556	737	767	3507	0	113567
27254	3300	725	696	109174	0	113895
27255	1563	694	709	106540	0	109506
27256	100787	615	660	3316	0	105378
27257	2884	531	633	96838	0	100886
27258	884	400	87387	2643	0	91314
27259	80532	281	1949	1395	0	84157
27260	2190	443	86695	823	0	90151
27261	824	361	77983	529	0	79697
27262	67713	474	2216	448	0	70851
27263	1027	68604	716	289	0	70636
27264	594	726	518	64067	0	65905
27265	281	192	170	64031	0	64674
27266	230	102	80	67468	0	67880
27267	189	70	44	68867	0	69170
27268	67482	55	64	1179	0	68780
27269	71189	46	52	460	0	71747
27270	73308	42	44	358	0	73752
27271	1386	133	78214	212	0	79945
27272	494	74	1265	81539	0	83372
27273	338	72	416	83309	0	84135
27274	306	68	191	79003	0	79568
27275	191	78761	184	2083	0	81219
27276	193	82042	162	895	0	83292
27277	83313	1890	91	544	0	85838
27278	1696	673	96	83880	0	86345
27279	774	269	95	88906	0	90044
27280	461	140	96	90754	0	91451
27281	324	200	87623	2577	0	90724
27282	5780	175	80788	1065	0	87808
27283	85265	105	2177	609	0	88156
27284	90155	76	843	440	0	91514
27285	2457	92	427	86733	0	89709
27286	969	89071	333	1843	0	92216
27287	607	1738	210	89018	0	91573
27288	464	636	166	90751	0	92017
27289	441	379	87863	2539	0	91222
27290	86020	141	1735	1272	0	89168
27291	2025	126	668	92441	0	95260
27292	940	104	339	91200	0	92583
27293	88578	101	230	2781	0	91690
27294	2074	90830	285	1361	0	94550
27295	92746	1895	178	790	0	95609
27296	2463	826	171	90162	0	93622
27297	944	89230	226	2234	0	92634
27298	90712	1950	136	1156	0	93954
27299	2280	839	155	90454	0	93728
27300	89327	367	177	2381	0	92252
27301	88674	227	172	1225	0	90298
27302	88428	204	197	821	0	89650
27303	2927	85820	301	645	0	89693
27304	1250	85886	277	622	0	88035
27305	872	2475	222	82127	0	85696
27306	588	84918	308	2203	0	88017
27307	86374	2184	221	1165	0	89944
27308	2347	875	233	86375	0	89830
27309	86479	455	245	2488	0	89667
27310	88092	297	255	1307	0	89951
27311	3082	315	264	85902	0	89563
27312	1481	255	255	89644	0	91635
27313	89147	298	222	3209	0	92876
27314	90521	328	217	1689	0	92755
27315	92618	288	212	1117	0	94235
27316	93625	347	185	1052	0	95209
27317	94941	358	162	982	0	96443
27318	3508	312	167	92514	0	96501
27319	1727	362	187	93963	0	96239
27320	1293	358	213	95126	0	96990
27321	92787	337	218	3500	0	96842
27322	2837	324	187	91190	0	94538
27323	1445	91603	288	2953	0	96289
27324	1140	2207	192	93600	0	97139
27325	92055	1048	210	2912	0	96225
27326	93135	638	241	1501	0	95515
27327	3413	549	90589	1066	0	95617
27328	1854	546	1985	85852	0	90237
27329	1182	90797	913	2555	0	95447
27330	91811	2161	418	1565	0	95955
27331	2715	92908	359	1113	0	97095
27332	1688	2364	267	93410	0	97729
27333	95595	1045	198	2797	0	99635
27334	96297	627	211	1557	0	98692
27335	3568	94677	272	1210	0	99727
27336	2065	2308	150	94073	0	98596
27337	1428	1118	93726	2825	0	99097
27338	89209	603	2070	1707	0	93589
27339	3069	538	94102	1191	0	98900
27340	94333	434	2301	1133	0	98201
27341	96989	411	841	1191	0	99432
27342	3725	455	381	95800	0	100361
27343	97729	449	213	3060	0	101451
27344	99517	509	222	1698	0	101946
27345	100390	527	188	1202	0	102307
27346	4233	479	189	97304	0	102205
27347	97000	427	240	2941	0	100608
27348	3325	435	214	96521	0	100495
27349	1953	402	284	95931	0	98570
27350	1387	94696	438	3408	0	99929
27351	1545	2180	205	88867	0	92797
27352	1265	91500	253	2528	0	95546
27353	89063	2101	98	1407	0	92669
27354	88621	920	142	1049	0	90732
27355	3153	605	128	86586	0	90472
27356	1808	372	119	87445	0	89744
27357	85549	362	180	2863	0	88954
27358	2676	434	83046	1446	0	87602
27359	83678	298	1640	1042	0	86658
27360	2916	309	655	82548	0	86428
27361	1605	394	78628	2149	0	82776
27362	77404	337	1615	1337	0	80693
27363	80199	313	681	992	0	82185
27364	3017	353	78770	798	0	82938
27365	77727	282	1565	882	0	80456
27366	2525	357	77144	657	0	80683
27367	1541	76645	1686	666	0	80538
27368	77326	1440	1112	750	0	80628
27369	75871	729	450	713	0	77763
27370	2357	72455	290	509	0	75611
27371	1021	68071	304	426	0	69822
27372	64262	978	500	443	0	66183
27373	64174	342	157	422	0	65095
27374	1432	268	106	65655	0	67461
27375	684	247	64287	917	0	66135
27376	524	287	61400	470	0	62681
27377	62654	160	904	398	0	64116
27378	1086	259	64072	302	0	65719
27379	60443	325	925	354	0	62047
27380	928	103	299	60595	0	61925
27381	528	80	161	61077	0	61846
27382	402	208	61989	872	0	63471
27383	60870	79	635	626	0	62210
27384	911	188	266	63563	0	64928
27385	518	68	206	65680	0	66472
27386	64516	73	139	980	0	65708
27387	64237	73	122	598	0	65030
27388	64208	78	145	398	0	64829
27389	973	65964	230	306	0	67473
27390	489	628	62830	203	0	64150
27391	60946	195	557	233	0	61931
27392	63387	120	228	284	0	64019
27393	801	62170	217	205	0	63393
27394	59960	368	188	190	0	60706
27395	606	154	88	59120	0	59968
27396	337	207	61993	405	0	62942
27397	60634	102	403	312	0	61451
27398	63240	107	167	333	0	63847
27399	63975	90	101	239	0	64405
27400	64194	77	88	232	0	64591
27401	626	66	100	64026	0	64818
27402	349	48	104	64447	0	64948
27403	64791	43	93	636	0	65563
27404	546	60	96	64855	0	65557
27405	325	48	88	64686	0	65147
27406	235	64382	175	528	0	65320
27407	293	383	86	65567	0	66329
27408	243	129	74	65814	0	66260
27409	274	103	96	66121	0	66594
27410	305	61	76	66661	0	67103
27411	214	65811	160	630	0	66815
27412	234	452	65	65275	0	66026
27413	238	173	62	63921	0	64394
27414	192	201	62957	558	0	63908
27415	241	193	60382	249	0	61065
27416	169	62120	553	236	0	63078
27417	74365	395	186	272	0	75218
27418	862	76694	201	202	0	77959
27419	371	886	93	80631	0	81981
27420	246	333	86050	1032	0	87661
27421	90105	102	1146	541	0	91894
27422	1404	109	264	95462	0	97239
27423	95684	57	164	1464	0	97369
27424	96489	83	97	485	0	97154
27425	1399	97273	185	368	0	99225
27426	96487	1197	100	353	0	98137
27427	1344	100988	226	229	0	102787
27428	437	1488	103	100982	0	103010
27429	283	102805	197	1338	0	104623
27430	345	1499	102222	372	0	104438
27431	188	104104	1403	341	0	106036
27432	399	1583	320	100865	0	103167
27433	101278	334	167	1474	0	103253
27434	1314	104103	263	647	0	106327
27435	564	1415	90	104910	0	106979
27436	368	489	94	107576	0	108527
27437	302	389	106972	1882	0	109545
27438	299	194	1614	106066	0	108173
27439	333	290	107542	1750	0	109915
27440	99653	132	1665	893	0	102343
27441	1906	256	109055	379	0	111596
27442	754	109017	1745	436	0	111952
27443	729	1752	413	108318	0	111212
27444	621	502	231	108880	0	110234
27445	547	467	155	109692	0	110861
27446	109594	287	153	2308	0	112342
27447	1951	403	160	106147	0	108661
27448	629	108455	349	1878	0	111311
27449	105816	1949	182	733	0	108680
27450	1686	105370	358	724	0	108138
27451	769	1935	194	104721	0	107619
27452	105212	716	195	2003	0	108126
27453	1830	104157	324	900	0	107211
27454	656	108324	310	704	0	109994
27455	107490	2027	316	739	0	110572
27456	108882	735	254	800	0	110671
27457	2194	558	107888	580	0	111220
27458	108281	379	1882	658	0	111200
27459	2412	501	111387	583	0	114883
27460	945	455	2060	111786	0	115246
27461	600	543	112728	2258	0	116129
27462	592	497	2063	112248	0	115400
27463	485	587	113740	2564	0	117376
27464	671	444	2088	110312	0	113515
27465	506	401	634	114537	0	116078
27466	111283	466	450	2796	0	114995
27467	2249	603	110811	1118	0	114781
27468	104011	548	2104	959	0	107622
27469	2369	616	110004	795	0	113784
27470	1017	622	110783	683	0	113105
27471	844	627	2269	107942	0	111682
27472	109705	547	846	2451	0	113549
27473	2219	110344	598	1045	0	114206
27474	108461	2088	398	878	0	111825
27475	108417	764	536	686	0	110403
27476	2665	107797	601	690	0	111753
27477	107463	2087	560	600	0	110710
27478	2470	941	109293	677	0	113381
27479	1160	560	2229	109014	0	112963
27480	109408	361	814	2583	0	113166
27481	2222	110517	837	1190	0	114766
27482	1098	2012	568	108918	0	112596
27483	912	750	531	110193	0	112386
27484	789	567	530	111038	0	112924
27485	834	446	606	111850	0	113736
27486	109400	382	607	2923	0	113312
27487	110955	418	629	1381	0	113383
27488	111270	398	759	999	0	113426
27489	108775	401	634	1003	0	110813
27490	2962	578	108556	761	0	112857
27491	106203	515	2220	840	0	109778
27492	109906	435	940	817	0	112098
27493	2993	108410	846	758	0	113007
27494	1327	111094	804	710	0	113935
27495	1307	2465	594	107038	0	111404
27496	1046	869	679	108527	0	111121
27497	946	745	106826	2731	0	111248
27498	838	107677	2461	1252	0	112228
27499	1007	2277	924	103703	0	107911
27500	792	108384	845	2409	0	112430
27501	943	2254	497	110671	0	114365
27502	1033	780	502	110125	0	112440
27503	833	114857	702	2927	0	119319
27504	1036	2225	551	116132	0	119944
27505	992	924	117618	2800	0	122334
27506	1010	682	117859	1311	0	120862
27507	111949	418	2823	1065	0	116255
27508	118996	388	1101	1017	0	121502
27509	3204	118032	896	979	0	123111
27510	118743	2271	506	862	0	122382
27511	3246	895	513	117943	0	122597
27512	117468	706	464	2706	0	121344
27513	2864	117873	648	1369	0	122754
27514	1605	2467	116469	994	0	121535
27515	112963	845	2612	1014	0	117434
27516	3024	938	123470	891	0	128323
27517	1049	614	109507	575	0	111745
27518	900	626	108995	661	0	111182
27519	601	105408	2176	613	0	108798
27520	97767	2055	2534	822	0	103178
27521	94334	570	490	664	0	96058
27522	1784	341	334	92353	0	94812
27523	852	335	285	91228	0	92700
27524	513	95114	488	1668	0	97783
27525	95667	1217	304	896	0	98084
27526	1425	96692	504	588	0	99209
27527	661	93932	454	473	0	95520
27528	93128	1294	421	551	0	95394
27529	1458	432	356	92068	0	94314
27530	693	295	312	92284	0	93584
27531	574	321	284	92670	0	93849
27532	466	91988	371	1481	0	94306
27533	90748	1014	221	642	0	92625
27534	1331	592	220	89392	0	91535
27535	540	87423	303	1069	0	89335
27536	392	87447	337	435	0	88611
27537	436	1049	211	84529	0	86225
27538	337	86345	333	914	0	87929
27539	521	991	204	85593	0	87309
27540	83440	379	163	1128	0	85110
27541	972	403	83483	420	0	85278
27542	379	85498	898	361	0	87136
27543	413	930	275	86115	0	87733
27544	358	496	87801	887	0	89542
27545	82285	282	904	498	0	83969
27546	1155	247	296	88409	0	90107
27547	88212	185	225	1222	0	89844
27548	88334	213	191	562	0	89300
27549	1126	92747	293	2528	0	96694
27550	96029	925	143	486	0	97583
27551	96242	386	151	442	0	97221
27552	96872	260	125	439	0	97696
27553	1351	241	130	95267	0	96989
27554	557	247	118	94892	0	95814
27555	452	225	133	95801	0	96611
27556	360	425	94415	1236	0	96436
27557	285	93616	941	531	0	95373
27558	90847	792	259	414	0	92312
27559	762	91294	241	293	0	92590
27560	349	753	87	90732	0	91921
27561	242	417	90308	773	0	91740
27562	79131	217	690	588	0	80626
27563	725	90747	312	283	0	92067
27564	386	730	102	89719	0	90937
27565	266	252	97	90411	0	91026
27566	252	330	89656	854	0	91092
27567	168	90050	739	365	0	91322
27568	258	763	216	89434	0	90671
27569	263	271	123	90423	0	91080
27570	251	180	99	88950	0	89480
27571	85512	168	118	1031	0	86829
27572	785	290	86999	400	0	88474
27573	297	86759	777	315	0	88148
27574	85657	667	221	339	0	86884
27575	723	87641	246	337	0	88947
27576	410	771	122	85425	0	86728
27577	235	88907	211	731	0	90084
27578	86707	745	102	423	0	87977
27579	89129	275	116	416	0	89936
27580	1052	226	105	92546	0	93929
27581	425	198	108	94003	0	94734
27582	358	187	95	98658	0	99298
27583	307	303	100384	1438	0	102432
27584	221	104385	1289	566	0	106461
27585	342	1380	371	119069	0	121162
27586	344	492	178	122402	0	123416
27587	342	242	128	123887	0	124599
27588	302	233	154	123888	0	124577
27589	269	494	121584	2716	0	125063
27590	217	126408	2060	1107	0	129792
27591	334	2252	633	129567	0	132786
27592	321	810	227	138244	0	139602
27593	254	590	135928	3197	0	139969
27594	352	307	2365	129083	0	132107
27595	206	132636	987	2760	0	136589
27596	188	136952	573	1168	0	138881
27597	337	3158	205	133825	0	137525
27598	302	1218	131711	2800	0	136031
27599	114977	527	2459	1662	0	119625
27600	2320	130079	1009	1120	0	134528
27601	866	2502	127450	707	0	131525
27602	484	1080	128778	636	0	130978
27603	244	125245	3185	729	0	129403
27604	526	2559	126963	588	0	130636
27605	652	1586	2793	121835	0	126866
27606	122197	536	1044	2602	0	126379
27607	123932	357	587	1174	0	126050
27608	123587	396	434	770	0	125187
27609	127712	439	385	664	0	129200
27610	3074	130332	524	749	0	134679
27611	130306	2504	414	795	0	134019
27612	2717	133051	643	715	0	137126
27613	1222	2963	131458	653	0	136296
27614	810	1142	2673	124470	0	129095
27615	468	133737	1255	2688	0	138148
27616	633	2812	678	127101	0	131224
27617	125139	1256	469	3164	0	130028
27618	2769	669	495	119789	0	123722
27619	1069	126419	607	3039	0	131134
27620	126773	2692	476	1467	0	131408
27621	2875	1369	126991	1008	0	132243
27622	1392	813	2749	125251	0	130205
27623	900	587	1164	128083	0	130734
27624	122269	653	678	3836	0	127436
27625	2685	122158	798	1954	0	127595
27626	1187	3029	121361	1083	0	126660
27627	937	1343	2802	120836	0	125918
27628	705	1066	122299	3196	0	127266
27629	608	119298	3076	1744	0	124726
27630	604	123184	1421	1347	0	126556
27631	120684	3500	841	1143	0	126168
27632	2898	1765	121182	1110	0	126955
27633	121393	1070	3059	1104	0	126626
27634	3173	860	1488	117413	0	122934
27635	1266	122489	1249	2999	0	128003
27636	121434	3062	826	1677	0	126999
27637	2995	1629	123648	1371	0	129643
27638	1750	1100	2998	121375	0	127223
27639	1174	934	1460	123794	0	127362
27640	1051	992	1006	121173	0	124222
27641	881	121989	971	3995	0	127836
27642	117344	3127	835	1942	0	123248
27643	3084	117910	930	1416	0	123340
27644	1505	120024	977	1112	0	123618
27645	1341	3720	851	118349	0	124261
27646	118393	1710	959	3266	0	124328
27647	118047	1209	873	1906	0	122035
27648	117586	1180	829	1470	0	121065
27649	3697	111066	930	1317	0	117010
27650	1922	3116	875	110331	0	116244
27651	1352	1837	110442	3188	0	116819
27652	1356	1210	2872	108488	0	113926
27653	1255	1119	1487	106807	0	110668
27654	1178	109702	1157	3914	0	115951
27655	109506	3246	841	2163	0	115756
27656	3288	1803	885	106231	0	112207
27657	1741	109591	1054	3283	0	115669
27658	108980	3174	995	1909	0	115058
27659	3299	1819	108489	1600	0	115207
27660	104763	1349	2803	1499	0	110414
27661	3377	109446	1646	1390	0	115859
27662	110148	3213	936	1324	0	115621
27663	110974	1884	907	1190	0	114955
27664	3837	1659	109573	1253	0	116322
27665	108490	1341	2950	1193	0	113974
27666	3568	1322	113820	1157	0	119867
27667	2032	1322	115005	1050	0	119409
27668	110875	1195	3527	1041	0	116638
27669	114721	1116	1740	1058	0	118635
27670	4174	1284	115086	1074	0	121618
27671	2329	1046	3139	111887	0	118401
27672	1827	1061	1683	110311	0	114882
27673	1502	118156	1305	3502	0	124465
27674	116789	3039	1066	1895	0	122789
27675	119580	1702	728	1453	0	123463
27676	4278	1368	118854	1141	0	125641
27677	116825	1034	2775	1260	0	121894
27678	120103	1125	1399	1103	0	123730
27679	4171	118294	1142	1075	0	124682
27680	2156	3101	889	114028	0	120174
27681	1990	1668	814	110569	0	115041
27682	1599	1081	755	110081	0	113516
27683	103675	834	773	3046	0	108328
27684	2681	99624	837	1657	0	104799
27685	1196	1658	444	81653	0	84951
27686	902	82601	459	1364	0	85326
27687	834	2776	403	76671	0	80684
27688	705	79363	528	1199	0	81795
27689	661	80587	550	751	0	82549
27690	72922	1472	925	796	0	76115
27691	72801	492	714	668	0	74675
27692	1001	262	251	68234	0	69748
27693	530	171	207	69065	0	69973
27694	412	192	194	69649	0	70447
27695	359	152	180	69713	0	70404
27696	299	185	199	68804	0	69487
27697	305	68331	179	930	0	69745
27698	374	730	156	68585	0	69845
27699	424	286	169	69846	0	70725
27700	67072	225	154	874	0	68325
27701	988	167	189	68804	0	70148
27702	525	199	145	68743	0	69612
27703	416	251	68455	928	0	70050
27704	360	204	673	66236	0	67473
27705	357	353	239	69610	0	70559
27706	372	225	70666	1007	0	72270
27707	248	71683	735	626	0	73292
27708	278	681	71629	354	0	72942
27709	393	258	69549	236	0	70436
27710	117	66217	639	182	0	67155
27711	66882	478	433	250	0	68043
27712	66356	130	96	188	0	66770
27713	525	91	46	65256	0	65918
27714	65609	72	48	562	0	66291
27715	554	130	68402	161	0	69247
27716	266	50	452	68800	0	69568
27717	170	156	76317	558	0	77201
27718	172	76	482	76251	0	76981
27719	147	79	159	77398	0	77783
27720	132	68	79	78419	0	78698
27721	77675	67	70	858	0	78670
27722	561	78	82	79206	0	79927
27723	78563	85	82	723	0	79453
27724	79303	87	86	403	0	79879
27725	630	79817	140	282	0	80869
27726	79842	514	63	347	0	80766
27727	561	82981	142	301	0	83985
27728	285	560	97	81770	0	82712
27729	240	215	78	83286	0	83819
27730	215	152	88	84076	0	84531
27731	216	217	82229	883	0	83545
27732	159	82068	664	517	0	83408
27733	277	671	226	76456	0	77630
27734	244	313	139	76757	0	77453
27735	162	81847	183	753	0	82945
27736	81570	630	102	465	0	82767
27737	674	80331	167	376	0	81548
27738	78990	669	89	391	0	80139
27739	743	81472	137	341	0	82693
27740	431	711	91	77581	0	78814
27741	196	82370	177	762	0	83505
27742	83794	669	106	584	0	85153
27743	84942	268	95	519	0	85824
27744	84864	152	106	541	0	85663
27745	84541	162	108	516	0	85327
27746	889	277	85488	368	0	87022
27747	84088	147	617	501	0	85353
27748	87884	159	241	531	0	88815
27749	87605	180	159	497	0	88441
27750	919	306	87080	387	0	88692
27751	84626	185	583	555	0	85949
27752	734	89129	334	523	0	90720
27753	90113	629	169	623	0	91534
27754	811	496	97713	491	0	99511
27755	96090	221	661	674	0	97646
27756	99470	206	280	536	0	100492
27757	927	193	162	99347	0	100629
27758	501	323	98833	901	0	100558
27759	98947	180	624	780	0	100531
27760	925	188	275	102810	0	104198
27761	585	173	239	105474	0	106471
27762	412	349	106109	1069	0	107939
27763	94863	221	737	833	0	96654
27764	105189	190	320	660	0	106359
27765	945	106226	345	531	0	108047
27766	553	765	217	105391	0	106926
27767	484	369	215	105459	0	106527
27768	455	267	240	103771	0	104733
27769	410	106302	463	1046	0	108221
27770	105295	772	205	675	0	106947
27771	1031	348	165	105209	0	106753
27772	687	228	156	105585	0	106656
27773	102761	179	218	1204	0	104362
27774	101686	172	212	710	0	102780
27775	1136	175	271	103591	0	105173
27776	717	217	235	102546	0	103715
27777	455	369	98896	1091	0	100811
27778	89577	180	759	867	0	91383
27779	1005	100015	449	480	0	101949
27780	659	851	163	105927	0	107600
27781	606	303	160	108243	0	109312
27782	448	114418	262	1551	0	116679
27783	492	1383	189	117415	0	119479
27784	125632	593	206	1918	0	128349
27785	2119	445	184	144147	0	146895
27786	1053	267	135	148448	0	149903
27787	749	286	144	151079	0	152258
27788	540	453	146879	4618	0	152490
27789	624	205	2699	148248	0	151776
27790	474	405	146765	3855	0	151499
27791	381	143927	3133	1824	0	149265
27792	563	2734	1319	144178	0	148794
27793	428	1137	612	146696	0	148873
27794	407	557	330	149238	0	150532
27795	379	342	298	148637	0	149656
27796	406	244	239	150649	0	151538
27797	142779	223	215	4886	0	148103
27798	2832	442	144662	2260	0	150196
27799	1247	141800	2780	1445	0	147272
27800	697	149404	1302	997	0	152400
27801	577	3633	569	147205	0	151984
27802	556	1534	311	150248	0	152649
27803	494	780	267	148091	0	149632
27804	317	146745	353	4530	0	151945
27805	466	2777	198	148118	0	151559
27806	412	1389	143824	3817	0	149442
27807	276	141553	2715	2057	0	146601
27808	473	2847	1148	142519	0	146987
27809	140073	1286	674	3545	0	145578
27810	2780	734	360	142138	0	146012
27811	1420	559	322	140068	0	142369
27812	721	134728	454	4402	0	140305
27813	534	143510	460	2400	0	146904
27814	584	3570	324	142094	0	146572
27815	530	1564	315	143390	0	145799
27816	436	1060	139637	4688	0	145821
27817	416	707	11372	126042	0	138537
27818	459	512	1398	136705	0	139074
27819	484	505	852	135810	0	137651
27820	453	516	557	138110	0	139636
27821	132484	451	507	5642	0	139084
27822	134364	469	462	3310	0	138605
27823	3929	457	457	135897	0	140740
27824	1952	404	423	140119	0	142898
27825	135460	403	469	5899	0	142231
27826	3248	397	521	141065	0	145231
27827	1629	683	139268	5548	0	147128
27828	934	139531	3293	3659	0	147417
27829	778	3148	1791	141834	0	147551
27830	627	1588	1143	145844	0	149202
27831	142726	1194	773	5990	0	150683
27832	3140	942	671	147009	0	151762
27833	1560	808	437	150993	0	153798
27834	147387	685	475	6559	0	155106
27835	3439	760	522	149368	0	154089
27836	1636	149064	639	5703	0	157042
27837	1278	3491	540	156456	0	161765
27838	1088	1920	597	161302	0	164907
27839	910	1228	608	160742	0	163488
27840	796	1120	581	162120	0	164617
27841	678	1386	154257	6807	0	163128
27842	564	1203	153190	4423	0	159380
27843	621	939	4380	154100	0	160040
27844	640	993	1959	151164	0	154756
27845	424	152230	1326	6693	0	160673
27846	825	3728	877	146900	0	152330
27847	604	149694	1070	5855	0	157223
27848	146997	4040	806	4014	0	155857
27849	3431	154262	807	3388	0	161888
27850	2074	4151	525	158415	0	165165
27851	1315	2068	454	162894	0	166731
27852	1002	1640	156417	6926	0	165985
27853	145180	1101	3403	4749	0	154433
27854	147826	1054	1667	3669	0	154216
27855	4547	148247	1237	3540	0	157571
27856	2486	3566	936	142586	0	149574
27857	1519	2070	152537	5518	0	161644
27858	1027	155377	3961	4047	0	164412
27859	152704	3720	1738	3579	0	161741
27860	153801	1865	997	3367	0	160030
27861	5220	1334	146461	3167	0	156182
27862	146745	838	3375	3102	0	154060
27863	4971	832	1604	146372	0	153779
27864	2478	147980	1286	5630	0	157374
27865	147846	3652	759	3929	0	156186
27866	4379	1878	741	148020	0	155018
27867	148846	1302	745	5740	0	156633
27868	155326	1051	748	4168	0	161293
27869	5279	990	647	153375	0	160291
27870	2621	1253	154621	5943	0	164438
27871	153371	787	3523	4385	0	162066
27872	160626	781	1658	3510	0	166575
27873	160108	727	1078	3278	0	165191
27874	5524	162853	1043	3064	0	172484
27875	2911	3802	690	162182	0	169585
27876	1934	2041	612	170430	0	175017
27877	1390	1640	165456	6933	0	175419
27878	1445	1150	3724	160092	0	166411
27879	999	162654	2084	6101	0	171838
27880	154770	3574	1220	3690	0	163254
27881	3514	156856	1056	2889	0	164315
27882	1798	3548	151320	2048	0	158714
27883	1011	153227	3693	1949	0	159880
27884	783	148467	1863	1348	0	152461
27885	1691	2238	1212	125073	0	130214
27886	125615	780	520	2011	0	128926
27887	125233	359	195	1091	0	126878
27888	123314	285	230	807	0	124636
27889	2018	127156	362	744	0	130280
27890	938	1809	125298	530	0	128575
27891	124161	696	1518	612	0	126987
27892	128754	344	641	706	0	130445
27893	2148	128159	459	528	0	131294
27894	130522	1587	263	724	0	133096
27895	1970	715	255	130643	0	133583
27896	1008	637	138490	1787	0	141922
27897	137162	343	1625	1175	0	140305
27898	139679	370	711	783	0	141543
27899	144476	307	311	719	0	145813
27900	2558	379	257	141878	0	145072
27901	1193	387	285	146040	0	147905
27902	808	371	220	152372	0	153771
27903	575	152747	481	2943	0	156746
27904	932	2548	345	151703	0	155528
27905	747	962	233	171664	0	173606
27906	728	798	170163	3542	0	175231
27907	758	461	2674	169587	0	173480
27908	738	476	952	174713	0	176879
27909	785	386	509	174486	0	176166
27910	756	430	359	171944	0	173489
27911	604	172542	608	3952	0	177706
27912	798	2907	331	174061	0	178097
27913	798	1030	359	174442	0	176629
27914	170078	600	419	4127	0	175224
27915	3348	707	170786	1643	0	176484
27916	1444	705	167801	1047	0	170997
27917	163229	451	3598	1023	0	168301
27918	171665	424	1178	969	0	174236
27919	4176	700	608	149613	0	155097
27920	1577	169133	690	2866	0	174266
27921	170223	2904	454	1362	0	174943
27922	3626	1109	433	163450	0	168618
27923	1430	171788	640	3079	0	176937
27924	170010	2705	384	1394	0	174493
27925	3055	171968	498	995	0	176516
27926	169424	2884	298	916	0	173522
27927	165219	1007	291	999	0	167516
27928	3564	162446	501	846	0	167357
27929	1656	2743	320	161955	0	166674
27930	1090	1365	160766	3098	0	166319
27931	917	870	2591	158517	0	162895
27932	157768	512	875	3483	0	162638
27933	3091	745	156686	1527	0	162049
27934	1246	155670	2757	1372	0	161045
27935	1101	3087	892	153172	0	158252
27936	859	1245	153105	3151	0	158360
27937	624	151158	2774	1588	0	156144
27938	149879	2635	1069	1345	0	154928
27939	2858	989	613	152304	0	156764
27940	1305	630	504	153831	0	156270
27941	957	570	507	150285	0	152319
27942	615	151647	652	3664	0	156578
27943	150986	2539	421	1816	0	155762
27944	2715	150075	607	1284	0	154681
27945	1180	155061	591	1113	0	157945
27946	154564	3008	371	1101	0	159044
27947	155292	1198	356	1076	0	157922
27948	3408	974	151855	900	0	157137
27949	146521	652	2413	929	0	150515
27950	147208	666	880	850	0	149604
27951	3687	629	520	144169	0	149005
27952	1698	847	143346	2800	0	148691
27953	1318	635	2435	142666	0	147054
27954	145358	469	905	3263	0	149995
27955	3207	764	149496	1394	0	154861
27956	1602	536	2781	161471	0	166390
27957	1341	571	1041	175092	0	178045
27958	1139	558	585	189552	0	191834
27959	185955	522	513	6447	0	193437
27960	4997	189428	805	2600	0	197830
27961	189072	5052	513	1664	0	196301
27962	5750	1577	189667	1421	0	198415
27963	2041	880	5084	180156	0	188161
27964	1104	191314	1557	5442	0	199417
27965	192178	5140	788	2207	0	200313
27966	5789	1484	592	192722	0	200587
27967	1915	1196	189149	5807	0	198067
27968	1312	728	4932	186235	0	193207
27969	180537	701	1407	6111	0	188756
27970	5028	180800	1080	2456	0	189364
27971	2051	5341	603	160241	0	168236
27972	1089	178278	825	4947	0	185139
27973	174626	5146	527	3297	0	183596
27974	174871	1412	501	1503	0	178287
27975	5803	172345	823	1305	0	180276
27976	170477	4810	504	1130	0	176921
27977	5681	1376	451	160534	0	168042
27978	1691	168840	693	4740	0	175964
27979	168951	4786	512	1515	0	175764
27980	171649	1345	441	1157	0	174592
27981	5991	164577	709	951	0	172228
27982	1983	167260	757	974	0	170974
27983	163232	5218	470	937	0	169857
27984	5474	1654	396	162088	0	169612
27985	163883	970	431	4930	0	170214
27986	5672	803	341	163393	0	170209
27987	1956	985	161300	5133	0	169374
27988	1624	773	4505	162823	0	169725
27989	160017	749	1001	5589	0	167356
27990	5368	925	161191	1652	0	169136
27991	1959	617	4640	159481	0	166697
27992	1543	587	1129	166168	0	169427
27993	1122	858	161388	5849	0	169217
27994	151723	607	4727	2072	0	159129
27995	5441	593	1204	159147	0	166385
27996	1646	776	150410	5221	0	158053
27997	136699	670	4771	1896	0	144036
27998	4699	148631	1435	1470	0	156235
27999	1444	148786	1147	1282	0	152659
28000	1177	151168	926	1236	0	154507
28001	1270	5123	141470	1051	0	148914
28002	1254	2184	4147	134287	0	141872
28003	978	974	135439	4582	0	141973
28004	925	3152	3881	119166	0	127124
28005	652	118296	1197	4079	0	124224
28006	702	120064	766	1314	0	122846
28007	1157	4150	566	116451	0	122324
28008	116862	1199	471	4088	0	122620
28009	3997	729	361	118368	0	123455
28010	1362	654	370	117752	0	120138
28011	872	117283	473	4272	0	122900
28012	114836	3526	409	1575	0	120346
28013	3685	117324	539	1224	0	122772
28014	1421	3803	404	116820	0	122448
28015	1215	1159	423	116790	0	119587
28016	917	116738	571	4486	0	122712
28017	1178	3732	366	118004	0	123280
28018	117216	1324	345	4676	0	123561
28019	4607	1269	340	117283	0	123499
28020	2093	1249	405	117066	0	120813
28021	1678	115786	733	4295	0	122492
28022	1633	3759	773	117021	0	123186
28023	111747	1500	617	4339	0	118203
28024	114510	1409	488	1871	0	118278
28025	115198	1225	508	1544	0	118475
28026	5143	1045	561	112320	0	119069
28027	2120	1141	110323	4487	0	118071
28028	1783	1126	111254	1992	0	116155
28029	1833	1099	3908	111054	0	117894
28030	112286	1267	1112	4404	0	119069
28031	4461	1272	647	112912	0	119292
28032	114448	1267	617	4582	0	120914
28033	5100	1094	507	114573	0	121274
28034	2515	1069	532	117917	0	122033
28035	115495	1182	542	4714	0	121933
28036	4765	1297	112428	1889	0	120379
28037	111621	1074	3492	1726	0	117913
28038	4769	1268	111858	1476	0	119371
28039	2359	981	3643	110049	0	117032
28040	110861	876	1120	4341	0	117198
28041	4520	1246	111417	1613	0	118796
28042	1877	1300	112045	1311	0	116533
28043	107222	998	4051	1418	0	113689
28044	4516	1002	111090	1524	0	118132
28045	1806	108616	3945	1766	0	116133
28046	1617	3558	1373	113361	0	119909
28047	119156	1100	1302	4968	0	126526
28048	4177	1025	122389	2106	0	129697
28049	120890	728	3972	1889	0	127479
28050	126272	678	1658	1673	0	130281
28051	126162	730	1231	1925	0	130048
28052	126226	736	1013	1961	0	129936
28053	4681	1152	1098	119567	0	126498
28054	1797	118243	1132	6919	0	128091
28055	114672	3273	992	2312	0	121249
28056	3277	950	101661	1382	0	107270
28057	690	80454	1459	677	0	83280
28058	71086	818	670	451	0	73025
28059	731	68004	339	331	0	69405
28060	331	71290	180	313	0	72114
28061	1986	788	933	67822	0	71529
28062	268	195	280	70455	0	71198
28063	244	122	139	70513	0	71018
28064	71436	55	132	820	0	72443
28065	73872	89	142	410	0	74513
28066	998	94	122	76713	0	77927
28067	402	96	140	81259	0	81897
28068	280	195	83958	1177	0	85610
28069	78844	105	1144	533	0	80626
28070	86014	82	344	332	0	86772
28071	1471	94	203	85580	0	87348
28072	532	76	136	86768	0	87512
28073	377	187	85941	1416	0	87921
28074	293	109	1194	84709	0	86305
28075	271	178	88485	1358	0	90292
28076	283	88228	1326	555	0	90392
28077	285	1129	89208	319	0	90941
28078	282	385	1242	85234	0	87143
28079	305	258	90731	1320	0	92614
28080	284	213	87959	365	0	88821
28081	86030	146	1412	316	0	87904
28082	1305	154	397	93746	0	95602
28083	426	188	94199	1248	0	96061
28084	83666	114	1297	590	0	85667
28085	1346	193	94763	304	0	96606
28086	507	215	105243	247	0	106212
28087	270	107821	1598	398	0	110087
28088	293	1142	429	106471	0	108335
28089	258	342	107071	1245	0	108916
28090	330	294	105293	388	0	106305
28091	323	145	1382	104643	0	106493
28092	302	94	446	105438	0	106280
28093	202	107638	379	1525	0	109744
28094	299	1164	221	108067	0	109751
28095	109519	265	219	1532	0	111535
28096	108962	162	242	645	0	110011
28097	110724	94	231	528	0	111577
28098	1606	105	268	108500	0	110479
28099	512	111075	400	1407	0	113394
28100	110208	1133	266	690	0	112297
28101	1233	111619	414	490	0	113756
28102	402	110552	346	434	0	111734
28103	291	110987	424	347	0	112049
28104	110890	1283	411	480	0	113064
28105	1286	352	335	110312	0	112285
28106	488	211	340	110349	0	111388
28107	238	111536	441	1375	0	113590
28108	107884	1143	389	632	0	110048
28109	1286	455	108713	358	0	110812
28110	437	213	1402	108275	0	110327
28111	109036	141	549	1371	0	111097
28112	1210	112809	516	581	0	115116
28113	116919	1172	365	802	0	119258
28114	1460	347	322	118259	0	120388
28115	444	122309	510	1366	0	124629
28116	413	1305	120362	489	0	122569
28117	116016	363	1343	510	0	118232
28118	1388	297	449	123503	0	125637
28119	124859	201	397	1583	0	127040
28120	1428	255	336	123886	0	125905
28121	503	124646	402	1505	0	127056
28122	506	1311	127481	578	0	129876
28123	476	599	127618	441	0	129134
28124	455	548	1367	126562	0	128932
28125	130727	216	568	1525	0	133036
28126	131095	225	296	670	0	132286
28127	1561	241	277	129762	0	131841
28128	674	258	280	131269	0	132481
28129	132882	246	240	1680	0	135048
28130	1495	254	292	133276	0	135317
28131	133461	267	330	1647	0	135705
28132	1393	132848	431	715	0	135387
28133	130367	1260	320	703	0	132650
28134	1561	637	134494	492	0	137184
28135	703	373	1420	133295	0	135791
28136	594	276	574	137515	0	138959
28137	588	274	454	137777	0	139093
28138	513	135263	564	1886	0	138226
28139	524	125711	527	988	0	127750
28140	489	1471	436	136513	0	138909
28141	515	701	136867	1746	0	139829
28142	505	398	1620	135511	0	138034
28143	519	330	660	140805	0	142314
28144	517	599	555	141809	0	143480
28145	135477	371	502	1977	0	138327
28146	1436	135152	656	911	0	138155
28147	639	135429	593	785	0	137446
28148	720	1748	512	129135	0	132115
28149	669	591	480	134834	0	136574
28150	701	435	404	134588	0	136128
28151	655	352	388	136047	0	137442
28152	131529	318	470	1971	0	134288
28153	1447	133975	667	1746	0	137835
28154	134782	1368	458	831	0	137439
28155	138310	534	472	826	0	140142
28156	1718	451	362	137471	0	140002
28157	741	369	305	139954	0	141369
28158	137484	312	317	2055	0	140168
28159	138504	325	304	1134	0	140267
28160	1859	357	214	136542	0	138972
28161	980	403	143	137676	0	139202
28162	715	542	137374	1784	0	140415
28163	624	135420	1272	1033	0	138349
28164	621	140750	464	703	0	142538
28165	133181	1085	363	718	0	135347
28166	1219	577	138029	489	0	140314
28167	476	458	130385	418	0	131737
28168	115891	269	914	474	0	117548
28169	126844	146	365	393	0	127748
28170	600	142235	254	326	0	143415
28171	292	149674	238	286	0	150490
28172	300	591	88	150969	0	151948
28173	159019	202	75	1076	0	160372
28174	160576	135	73	632	0	161416
28175	162897	135	72	649	0	163753
28176	726	202	80	162320	0	163328
28177	372	119	57	165478	0	166026
28178	279	333	165755	754	0	167121
28179	277	363	158118	369	0	159127
28180	324	335	166806	248	0	167713
28181	350	1275	627	162519	0	164771
28182	162497	67	198	773	0	163535
28183	612	346	171200	327	0	172485
28184	329	97	471	168240	0	169137
28185	181	175110	368	587	0	176246
28186	250	483	104	171687	0	172524
28187	223	186	77	173079	0	173565
28188	237	370	178328	864	0	179799
28189	222	100	739	175679	0	176740
28190	181634	70	285	1199	0	183188
28191	1235	414	194000	419	0	196068
28192	546	105	1150	193337	0	195138
28193	333	321	200504	1326	0	202484
28194	174	201373	1430	744	0	203721
28195	384	1544	201901	354	0	204183
28196	364	524	1472	188222	0	190582
28197	265	202	514	203888	0	204869
28198	409	558	211590	1875	0	214432
28199	284	166	1409	205302	0	207161
28200	308	196	546	203645	0	204695
28201	159	208655	517	1893	0	211224
28202	359	1572	210528	795	0	213254
28203	374	519	1504	206238	0	208635
28204	357	260	555	210393	0	211565
28205	161	214593	564	2024	0	217342
28206	282	1625	233	215778	0	217918
28207	216712	497	234	2121	0	219564
28208	1663	269	280	217500	0	219712
28209	617	454	219791	1884	0	222746
28210	209658	164	1742	1174	0	212738
28211	228168	164	657	871	0	229860
28212	2620	432	234140	454	0	237646
28213	219783	208	2247	956	0	223194
28214	2284	239569	1121	661	0	243635
28215	990	2227	493	243500	0	247210
28216	721	817	368	261858	0	263764
28217	517	401	358	259178	0	260454
28218	501	254	339	265006	0	266100
28219	496	261	363	265573	0	266693
28220	261836	187	381	4530	0	266934
28221	3140	482	261491	1685	0	266798
28222	244771	225	3202	1414	0	249612
28223	3381	527	258359	920	0	263187
28224	1354	247	3341	255641	0	260583
28225	258439	210	1266	3738	0	263653
28226	3406	337	786	253418	0	257947
28227	1171	260767	934	3660	0	266532
28228	268821	2988	628	1887	0	274324
28229	3613	1393	587	278495	0	284088
28230	1378	852	269760	3771	0	275761
28231	249632	349	3119	2159	0	255259
28232	3370	288180	1316	1539	0	294405
28233	1503	3574	297104	1089	0	303270
28234	1212	1124	3660	291703	0	297699
28235	1055	661	1443	283153	0	286312
28236	664	293505	1125	4714	0	300008
28237	855	3771	293675	2079	0	300380
28238	858	1196	3592	290530	0	296176
28239	733	1116	302559	4498	0	308906
28240	850	521	3925	296941	0	302237
28241	847	460	1462	301849	0	304618
28242	855	828	301413	5311	0	308407
28243	1132	382	3942	297478	0	302934
28244	1547	1402	2619	241612	0	247180
28245	1092	378	1169	316478	0	319117
28246	1138	381	1061	318840	0	321420
28247	308059	354	1044	6559	0	316016
28248	4561	815	307907	2832	0	316115
28249	309880	593	4478	2477	0	317428
28250	5207	652	1946	326364	0	334169
28251	2303	578	1344	332985	0	337210
28252	1511	618	1026	327826	0	330981
28253	1012	325911	1478	9355	0	337756
28254	330593	5096	1075	3611	0	340375
28255	5015	1811	1258	348753	0	356837
28256	1919	352572	1673	5913	0	362077
28257	1318	4526	1160	355240	0	362244
28258	356915	1717	1205	6806	0	366643
28259	355286	1087	1222	3749	0	361344
28260	355359	803	1332	2979	0	360473
28261	5868	357004	1645	2802	0	367319
28262	2384	4931	360043	2721	0	370079
28263	349086	1698	5001	2997	0	358782
28264	365688	935	2124	3012	0	371759
28265	6064	370949	1936	2637	0	381586
28266	368657	4744	1200	3018	0	377619
28267	365948	1766	1165	2900	0	371779
28268	372009	936	1115	2977	0	377037
28269	6914	384921	1483	2931	0	396249
28270	3386	4942	1122	381224	0	390674
28271	386663	1850	1113	7213	0	396839
28272	396428	1110	957	3871	0	402366
28273	389321	881	942	3349	0	394493
28274	391860	995	894	3040	0	396789
28275	8211	1005	898	385513	0	395627
28276	3465	1521	384898	7276	0	397160
28277	2943	932	5698	376318	0	385891
28278	2197	389415	2502	7247	0	401361
28279	2623	5874	1196	399297	0	408990
28280	2343	2447	404583	7560	0	416933
28281	392323	1210	6422	3866	0	403821
28282	8185	992	2172	410139	0	421488
28283	405833	1086	1455	7879	0	416253
28284	409571	1158	1312	3969	0	416010
28285	9351	1182	1116	416793	0	428442
28286	4392	1512	420842	7660	0	434406
28287	3742	1515	400093	3388	0	408738
28288	364506	1235	7327	3126	0	376194
28289	7768	406398	2841	2565	0	419572
28290	3461	406315	1616	2189	0	413581
28291	2784	406569	1396	2215	0	412964
28292	2617	417804	1504	2082	0	424007
28293	405200	7369	1842	2534	0	416945
28294	408166	2368	1033	2175	0	413742
28295	407001	1478	805	2200	0	411484
28296	408370	1319	833	2246	0	412768
28297	8540	1448	892	392914	0	403794
28298	3645	394063	1408	6309	0	405425
28299	390572	5409	1088	3031	0	400100
28300	7155	2554	394779	1924	0	406412
28301	3497	392681	5782	2498	0	404458
28302	3052	5860	393707	1938	0	404557
28303	380026	1978	5763	2353	0	390120
28304	397416	1330	2161	2139	0	403046
28305	395892	1461	1414	2248	0	401015
28306	8688	1202	1069	393237	0	404196
28307	4365	1653	395034	6080	0	407132
28308	3017	394852	5695	3216	0	406780
28309	380234	5479	2116	2371	0	390200
28310	6737	387131	1776	2248	0	397892
28311	3339	377540	1250	3558	0	385687
28312	2738	375759	1320	1833	0	381650
28313	2611	375039	1349	1837	0	380836
28314	2947	6132	353432	1506	0	364017
28315	2479	362354	5172	1610	0	371615
28316	339293	4503	1716	1646	0	347158
28317	5386	1845	928	342858	0	351017
28318	2821	1336	876	348467	0	353500
28319	342286	1165	897	5175	0	349523
28320	5148	341791	1353	2457	0	350749
28321	3196	4752	346977	1438	0	356363
28322	2821	1819	3934	341114	0	349688
28323	2803	1366	1516	351602	0	357287
28324	2728	1315	1029	356470	0	361542
28325	2376	1840	351215	4788	0	360219
28326	2597	1924	351067	1949	0	357537
28327	2824	1356	4662	346712	0	355554
28328	2543	1796	348481	4029	0	356849
28329	2458	1760	332693	1682	0	338593
28330	277919	1506	4886	1921	0	286232
28331	4793	334597	1971	1631	0	342992
28332	2436	325950	1314	1288	0	330988
28333	2445	334371	1327	1408	0	339551
28334	2856	5124	1125	310154	0	319259
28335	2158	339378	1422	3405	0	346363
28336	340517	4286	1251	2007	0	348061
28337	5307	2434	347853	1263	0	356857
28338	344972	1590	4342	1675	0	352579
28339	5623	1466	1829	356572	0	365490
28340	2847	1449	1270	357150	0	362716
28341	1962	376567	1636	5343	0	385508
28342	375430	5211	1269	2599	0	384509
28343	374982	2197	1592	1949	0	380720
28344	7594	400015	1513	1736	0	410858
28345	9060	6461	990	382744	0	399255
28346	2190	2861	396660	5717	0	407428
28347	2022	1937	401871	2332	0	408162
28348	1631	405419	7750	1956	0	416756
28349	399569	6888	2917	2084	0	411458
28350	7295	2876	409848	936	0	420955
28351	3387	1562	6399	397100	0	408448
28352	409387	1262	2417	6709	0	419775
28353	416468	1276	1339	2752	0	421835
28354	8353	496160	1855	1783	0	508151
28355	3137	517974	1801	1332	0	524244
28356	515077	11599	1171	1404	0	529251
28357	10927	4266	516891	1047	0	533131
28358	509567	2099	9822	1397	0	522885
28359	523514	1604	3040	1476	0	529634
28360	13034	1589	1640	515468	0	531731
28361	4363	2082	526469	9976	0	542890
28362	2914	1809	523347	2849	0	530919
28363	488774	1151	12971	2129	0	505025
28364	11616	1971	520999	1224	0	535810
28365	481723	1336	11186	1532	0	495777
28366	498881	1179	9389	1516	0	510965
28367	12029	506755	2734	1733	0	523251
28368	4825	10553	507532	982	0	523892
28369	2519	496394	11101	1212	0	511226
28370	481945	10411	3925	1568	0	497849
28371	10875	4151	481623	949	0	497598
28372	4651	2454	10129	450988	0	468222
28373	3200	1789	475089	9229	0	489307
28374	2818	1689	479296	2852	0	486655
28375	3074	1586	478990	1338	0	484988
28376	3021	1623	477988	1217	0	483849
28377	2187	460860	13621	1873	0	478541
28378	2899	10114	459239	1198	0	473450
28379	2373	447861	11215	1666	0	463115
28380	3321	9919	440656	1558	0	455454
28381	429869	3267	11226	1348	0	445710
28382	11391	2011	4257	388332	0	405991
28383	4556	443435	3515	7752	0	459258
28384	436524	9364	2990	3084	0	451962
28385	437901	3694	3405	2007	0	447007
28386	414360	2634	3141	1806	0	421941
28387	427562	1905	3505	1688	0	434660
28388	12374	427415	4160	1664	0	445613
28389	415164	9449	3029	1748	0	429390
28390	424592	3899	3593	1708	0	433792
28391	12321	411977	3887	2219	0	430404
28392	5585	10593	403171	1352	0	420701
28393	4670	4577	10982	378703	0	398932
28394	3818	408936	6345	8463	0	427562
28395	3866	10555	413714	2984	0	431119
28396	4458	4793	420057	2015	0	431323
28397	3886	408240	14579	1892	0	428597
28398	3928	415400	7147	1803	0	428278
28399	3972	429648	5617	2513	0	441750
28400	4311	430676	4574	1544	0	441105
28401	421021	13889	4544	1714	0	441168
28402	428106	6421	4340	1748	0	440615
28403	15307	4586	435790	1832	0	457515
28404	7797	4486	446170	1503	0	459956
28405	6634	3708	15029	421639	0	447010
28406	6337	3533	7323	438409	0	455602
28407	6647	4067	4983	444056	0	459753
28408	437233	3803	5162	12611	0	458809
28409	13847	441189	5759	5511	0	466306
28410	7734	458466	5710	3023	0	474933
28411	6607	467424	5984	2045	0	482060
28412	454620	15644	5314	2090	0	477668
28413	465755	7314	5507	2182	0	480758
28414	18085	5557	5281	453554	0	482477
28415	467753	4716	6181	11210	0	489860
28416	471894	4931	5886	4474	0	487185
28417	18720	5191	5604	463082	0	492597
28418	464887	5635	5944	12293	0	488759
28419	16590	462065	7471	4913	0	491039
28420	10252	13730	7759	458455	0	490196
28421	8535	7742	456921	11159	0	484357
28422	7627	454781	17692	5275	0	485375
28423	8528	15569	460112	3868	0	488077
28424	8715	8067	17360	413701	0	447843
28425	7753	460217	11732	11127	0	490829
28426	9400	14218	9970	448435	0	482023
28427	8844	7773	9149	461614	0	487380
28428	8494	6379	458471	14869	0	488213
28429	8053	5925	479783	6027	0	499788
28430	7853	5691	19783	459753	0	493080
28431	8372	5938	11435	427969	0	453714
28432	7489	469493	10572	13744	0	501298
28433	440832	15837	8090	5838	0	470597
28434	17032	458208	8747	4528	0	488515
28435	9145	465708	7699	4281	0	486833
28436	7380	18114	442898	4321	0	472713
28437	5780	444767	16867	4590	0	472004
28438	7233	15475	10749	387525	0	420982
28439	6423	435397	9115	11676	0	462611
28440	6131	14990	7300	400325	0	428746
28441	4639	421699	8344	12182	0	446864
28442	411798	15049	6898	5564	0	439309
28443	14111	420440	7732	4445	0	446728
28444	7057	14087	6063	355287	0	382494
28445	5804	393069	5886	9937	0	414696
28446	386136	13997	5290	4229	0	409652
28447	384938	8326	3551	3827	0	400642
28448	14849	383208	4517	3418	0	405992
28449	369367	12730	2623	2799	0	387519
28450	14020	10971	3076	350221	0	378288
28451	7218	5974	358149	10053	0	381394
28452	6944	5292	363312	4131	0	379679
28453	6068	357402	12192	3693	0	379355
28454	259126	5652	5353	2057	0	272188
28455	255234	2206	1789	1820	0	261049
28456	5795	1996	252235	1636	0	261662
28457	2338	1827	249668	1527	0	255360
28458	231117	1704	5170	1646	0	239637
28459	246219	1592	1937	1599	0	251347
28460	5183	1890	243022	1489	0	251584
28461	220728	1912	4472	1592	0	228704
28462	4546	233785	1992	1582	0	241905
28463	1661	244812	1564	1601	0	249638
28464	1786	5576	1533	236390	0	245285
28465	1322	2649	1277	242158	0	247406
28466	239691	2114	1249	5362	0	248416
28467	240053	1792	1379	2462	0	245686
28468	240195	1845	1387	2020	0	245447
28469	5201	1939	1243	237799	0	246182
28470	2385	2038	1047	236299	0	241769
28471	1844	229600	1174	5214	0	237832
28472	1631	235979	1321	2421	0	241352
28473	1571	242496	1432	1790	0	247289
28474	1952	6033	1141	219574	0	228700
28475	1688	234342	1267	4241	0	241538
28476	2055	5506	225525	1881	0	234967
28477	202588	2807	4005	2084	0	211484
28478	4859	2693	230398	1517	0	239467
28479	2314	2501	229924	1402	0	236141
28480	212297	2347	4734	1504	0	220882
28481	4793	230190	2030	1494	0	238507
28482	230712	5048	1347	1673	0	238780
28483	231179	2661	1233	1761	0	236834
28484	5684	2454	228003	1443	0	237584
28485	3040	2224	233910	1270	0	240444
28486	2542	235101	5102	1469	0	244214
28487	2576	5382	238158	1446	0	247562
28488	2539	2506	4802	234188	0	244035
28489	2645	2705	2476	194368	0	202194
28490	2129	239923	2174	4847	0	249073
28491	2153	247786	1953	2053	0	253945
28492	242325	6124	1527	1757	0	251733
28493	249661	3084	1493	1760	0	255998
28494	6324	2479	1554	246654	0	257011
28495	3356	2097	1723	252362	0	259538
28496	244462	1896	1865	5366	0	253589
28497	246467	1965	1778	2383	0	252593
28498	5957	250601	1873	1918	0	260349
28499	237044	4678	1431	1300	0	244453
28500	5425	230794	1463	1307	0	238989
28501	2578	238123	1457	1214	0	243372
28502	234280	5067	1330	1394	0	242071
28503	232736	2443	1117	1522	0	237818
28504	5779	2004	1041	227721	0	236545
28505	226021	1570	1048	3974	0	232613
28506	5407	1838	225280	1485	0	234010
28507	2809	226551	3770	1566	0	234696
28508	220474	3920	1485	1747	0	227626
28509	4556	1895	225020	1532	0	233003
28510	2389	2830	3403	200481	0	209103
28511	1983	211468	1534	2686	0	217671
28512	1975	215785	1300	1104	0	220164
28513	212671	3487	1574	1144	0	218876
28514	3848	1680	209970	879	0	216377
28515	193635	1019	2914	669	0	198237
28516	3831	937	1283	199970	0	206021
28517	2009	907	200198	2358	0	205472
28518	188191	770	2813	1419	0	193193
28519	3287	207508	1426	826	0	213047
28520	1504	216221	1248	777	0	219750
28521	216832	3157	1326	968	0	222283
28522	216292	1408	726	1075	0	219501
28523	220791	1023	522	1325	0	223661
28524	3701	821	582	215863	0	220967
28525	2199	827	625	219569	0	223220
28526	1682	873	217727	2547	0	222829
28527	1505	882	213960	1254	0	217601
28528	1249	215737	2628	1200	0	220814
28529	1181	2233	906	203050	0	207370
28530	201201	723	507	1858	0	204289
28531	1764	202003	499	943	0	205209
28532	919	1843	344	202213	0	205319
28533	199671	751	410	1907	0	202739
28534	1823	201058	511	853	0	204245
28535	994	208781	526	631	0	210932
28536	1182	2023	198277	413	0	201895
28537	190019	844	1709	683	0	193255
28538	203093	687	677	732	0	205189
28539	1890	727	199750	532	0	202899
28540	178966	393	1373	564	0	181296
28541	1674	606	197529	352	0	200161
28542	639	194379	1395	384	0	196797
28543	990	1568	735	190090	0	193383
28544	187241	465	500	1328	0	189534
28545	1262	188768	451	584	0	191065
28546	522	187871	416	424	0	189233
28547	177358	1023	254	490	0	179125
28548	1075	728	187569	216	0	189588
28549	173133	364	917	624	0	175038
28550	979	194272	470	352	0	196073
28551	577	1012	184689	185	0	186463
28552	176676	333	734	390	0	178133
28553	188949	265	288	403	0	189905
28554	1054	208	188	185624	0	187074
28555	511	210	151	189530	0	190402
28556	306	190306	273	874	0	191759
28557	426	1216	187411	398	0	189451
28558	440	345	896	188088	0	189769
28559	376	474	202549	1233	0	204632
28560	408	505	204549	466	0	205928
28561	374	206	1517	211749	0	213846
28562	385	392	220773	1735	0	223285
28563	813	459	217681	520	0	219473
28564	442	218	2202	202450	0	205312
28565	376	408	217821	1822	0	220427
28566	188558	245	2112	874	0	191789
28567	1783	212541	845	620	0	215789
28568	711	1936	217147	296	0	220090
28569	708	914	232904	283	0	234809
28570	499	420	2303	215049	0	218271
28571	238427	238	736	2110	0	241511
28572	239579	205	440	859	0	241083
28573	239042	193	338	644	0	240217
28574	240295	208	301	611	0	241415
28575	2500	225	315	233738	0	236778
28576	927	514	239577	1863	0	242881
28577	230077	277	1971	995	0	233320
28578	241949	245	675	737	0	243606
28579	243254	236	469	698	0	244657
28580	2572	433	238231	343	0	241579
28581	213886	259	2275	600	0	217020
28582	2257	338	878	246398	0	249871
28583	760	255356	1031	2189	0	259336
28584	909	2584	739	242110	0	246342
28585	430	253412	958	2368	0	257168
28586	251207	2386	734	1162	0	255489
28587	2714	952	255569	729	0	259964
28588	939	586	3031	240432	0	244988
28589	543	253187	1458	2568	0	257756
28590	464	260020	1229	946	0	262659
28591	257095	2946	1051	894	0	261986
28592	257273	849	780	764	0	259666
28593	3408	841	248478	478	0	253205
28594	246158	324	3246	655	0	250383
28595	3524	316	1107	250452	0	255399
28596	1505	564	260049	2963	0	265081
28597	1517	601	260172	874	0	263164
28598	1433	292	3426	260095	0	265246
28599	281677	189	1112	3748	0	286726
28600	4288	266	767	280251	0	285572
28601	1887	228	732	282440	0	285287
28602	1500	288	763	278196	0	280747
28603	1174	283980	978	4292	0	290424
28604	1416	3332	691	285731	0	291170
28605	273869	979	688	4315	0	279851
28606	3819	282885	1064	1613	0	289381
28607	1731	3598	620	285062	0	291011
28608	279611	1253	612	4490	0	285966
28609	3926	279588	994	1603	0	286111
28610	1375	284667	1000	1363	0	288405
28611	1243	4690	675	280925	0	287533
28612	273867	1472	744	4347	0	280430
28613	4344	1175	278756	1457	0	285732
28614	1796	1081	278396	1060	0	282333
28615	273107	788	4940	1050	0	279885
28616	290115	757	1763	1087	0	293722
28617	5539	298020	1497	968	0	306024
28618	2508	4398	1128	284870	0	292904
28619	1705	1555	293163	4399	0	300822
28620	1558	1068	288290	1736	0	292652
28621	1760	952	307037	1514	0	311263
28622	1172	302397	6839	1336	0	311744
28623	1103	305745	2497	1500	0	310845
28624	300954	5620	1303	1835	0	309712
28625	5682	2040	304328	1410	0	313460
28626	295146	1003	5296	1798	0	303243
28627	304161	808	1691	1806	0	308466
28628	6599	1229	309528	1644	0	319000
28629	2282	318002	5556	1591	0	327431
28630	2032	5813	1676	305666	0	315187
28631	1740	2358	322033	5597	0	331728
28632	1745	1924	312807	2058	0	318534
28633	289837	1344	6315	1996	0	299492
28634	5817	319513	2426	1591	0	329347
28635	2590	5921	1331	306358	0	316200
28636	2007	2364	1108	292746	0	298225
28637	1555	310233	1649	6214	0	319651
28638	1759	320629	1821	2257	0	326466
28639	1757	324215	1962	1602	0	329536
28640	2038	7148	1339	325315	0	335840
28641	333273	2354	1206	6524	0	343357
28642	7281	1582	1415	336631	0	346909
28643	2729	1635	338462	7032	0	349858
28644	2018	1577	340004	2467	0	346066
28645	1875	1338	8235	339031	0	350479
28646	1912	1594	344871	7034	0	355411
28647	1642	344589	7889	2838	0	356958
28648	2002	7001	2664	350467	0	362134
28649	365404	2319	1988	7701	0	377412
28650	359688	1557	1721	2921	0	365887
28651	9043	367328	2026	2300	0	380697
28652	372113	8042	1510	2200	0	383865
28653	378472	2579	1544	2191	0	384786
28654	378894	1754	1727	2269	0	384644
28655	9976	2255	345478	1806	0	359515
28656	347184	1603	7361	2004	0	358152
28657	8288	360535	2902	2296	0	374021
28658	3059	7744	360071	1543	0	372417
28659	2431	2728	361426	1616	0	368201
28660	1817	353814	9154	1881	0	366666
28661	343497	7464	3658	1644	0	356263
28662	8231	2514	1782	323946	0	336473
28663	2484	336345	1684	6775	0	347288
28664	339617	7081	1403	2711	0	350812
28665	7646	2455	1498	339304	0	350903
28666	342704	1592	1590	7902	0	353788
28667	8184	1404	1470	346712	0	357770
28668	2906	1822	342944	7763	0	355435
28669	2016	1999	335485	2685	0	342185
28670	2085	1976	339718	1899	0	345678
28671	2284	1678	8875	319618	0	332455
28672	2261	1739	3020	338928	0	345948
28673	2302	2110	336391	8437	0	349240
28674	2184	334803	8095	3172	0	348254
28675	339239	7578	2755	1992	0	351564
28676	337844	2680	2280	1760	0	344564
28677	9397	342967	2650	1611	0	356625
28678	4141	8484	2174	336957	0	351756
28679	3088	2971	351858	7504	0	365421
28680	334275	1979	8879	2808	0	347941
28681	8970	1979	354324	2205	0	367478
28682	3531	1902	338399	1329	0	345161
28683	2659	1954	341494	1325	0	347432
28684	315408	1700	9830	1487	0	328425
28685	8458	2010	334309	1416	0	346193
28686	3281	322931	8552	1510	0	336274
28687	2661	335051	3744	1385	0	342841
28688	2771	8164	2658	316131	0	329724
28689	2560	2818	2122	325478	0	332978
28690	2260	2050	324560	7946	0	336816
28691	304226	1658	7835	3005	0	316724
28692	328847	1596	3196	1974	0	335613
28693	9168	1485	2554	324673	0	337880
28694	323001	1259	2452	7251	0	333963
28695	7755	323421	2687	3052	0	336915
28696	316056	7139	2096	2104	0	327395
28697	7786	313573	2311	2251	0	325921
28698	2687	313907	2276	1922	0	320792
28699	300783	7314	2101	1692	0	311890
28700	301855	2415	1890	1663	0	307823
28701	307476	1648	1823	1585	0	312532
28702	309954	1377	1891	1737	0	314959
28703	8608	1629	295499	1417	0	307153
28704	281646	1377	7217	1426	0	291666
28705	7646	1428	2902	281743	0	293719
28706	2881	293615	2553	6186	0	305235
28707	291026	6204	2054	2266	0	301550
28708	6991	293010	2261	1848	0	304110
28709	293763	6397	1908	1608	0	303676
28710	7817	2172	1768	292112	0	303869
28711	3446	1677	1675	298872	0	305670
28712	2643	1926	295166	7071	0	306806
28713	2870	1775	296597	2458	0	303700
28714	2376	295688	7500	2218	0	307782
28715	280949	5885	2663	1895	0	291392
28716	6907	282346	2126	1675	0	293054
28717	3222	282073	1815	1522	0	288632
28718	2967	290115	1735	1297	0	296114
28719	3446	6947	276674	1143	0	288210
28720	2643	281831	6021	1084	0	291579
28721	259445	5973	2525	1157	0	269100
28722	260753	2222	1555	1060	0	265590
28723	6901	1884	1339	249270	0	259394
28724	3108	253139	1597	4886	0	262730
28725	2551	259957	1675	1786	0	265969
28726	2793	5984	1314	252728	0	262819
28727	2831	2468	256159	4899	0	266357
28728	2383	249747	5437	1916	0	259483
28729	2987	5674	1775	241509	0	251945
28730	237889	2173	1390	5236	0	246688
28731	238306	1857	1276	2071	0	243510
28732	5923	243332	1645	1686	0	252586
28733	242352	5428	1382	1512	0	250674
28734	244540	2149	1369	1426	0	249484
28735	6572	1800	1421	236376	0	246169
28736	2881	1911	234722	4735	0	244249
28737	2163	239238	5313	2148	0	248862
28738	2358	5954	2173	233863	0	244348
28739	2124	2684	235022	4061	0	243891
28740	1859	228327	4426	1582	0	236194
28741	215859	4603	1890	1238	0	223590
28742	217277	2133	1207	1152	0	221769
28743	4979	1853	917	211456	0	219205
28744	2342	218304	1273	3603	0	225522
28745	2041	4345	216152	1450	0	223988
28746	2014	2498	3607	210389	0	218508
28747	1852	1845	217935	3607	0	225239
28748	1380	203681	3329	1677	0	210067
28749	2553	3194	1727	185970	0	193444
28750	184609	1383	973	2388	0	189353
28751	2577	184896	796	1171	0	189440
28752	180173	2641	553	1057	0	184424
28753	176858	1464	511	877	0	179710
28754	3077	183860	724	928	0	188589
28755	1893	2528	647	182528	0	187596
28756	1550	1554	540	181398	0	185042
28757	1133	179416	770	2703	0	184022
28758	1138	184527	868	1317	0	187850
28759	1305	2919	706	170561	0	175491
28760	1067	181037	782	1944	0	184830
28761	180343	2511	622	1133	0	184609
28762	178480	1402	532	916	0	181330
28763	2877	1424	178676	714	0	183691
28764	1423	1173	177889	738	0	181223
28765	168775	1070	2264	951	0	173060
28766	180811	952	998	900	0	183661
28767	2379	187425	972	933	0	191709
28768	185668	2437	755	899	0	189759
28769	184244	1299	544	885	0	186972
28770	2659	182971	612	778	0	187020
28771	186624	2515	427	901	0	190467
28772	2727	1436	486	220985	0	225634
28773	1428	1320	564	229080	0	232392
28774	1203	1182	242796	3926	0	249107
28775	886	236326	3560	2817	0	243589
28776	856	247746	1014	884	0	250500
28777	238989	5490	1542	1723	0	247744
28778	240938	1264	517	931	0	243650
28779	235337	649	371	809	0	237166
28780	243413	548	416	831	0	245208
28781	4036	834	238185	575	0	243630
28782	1177	850	243892	496	0	246415
28783	718	246218	3751	625	0	251312
28784	898	3725	961	242045	0	247629
28785	1056	1145	530	234138	0	236869
28786	886	249818	590	3275	0	254569
28787	1092	3677	432	243511	0	248712
28788	240202	997	474	3575	0	245248
28789	3774	244933	758	1055	0	250520
28790	1434	3794	249674	651	0	255553
28791	901	253841	3606	822	0	259170
28792	248467	3642	1045	961	0	254115
28793	3829	1431	251341	720	0	257321
28794	240640	923	3610	951	0	246124
28795	252686	708	959	866	0	255219
28796	4296	1082	251957	578	0	257913
28797	1433	926	252314	575	0	255248
28798	1109	888	249295	546	0	251838
28799	218705	854	4095	639	0	224293
28800	4088	786	248721	601	0	254196
28801	1322	245329	3803	711	0	251165
28802	242090	3379	1099	606	0	247174
28803	3740	1064	244857	342	0	250003
28804	227021	722	3793	596	0	232132
28805	4038	789	243886	352	0	249065
28806	1571	800	251188	375	0	253934
28807	1206	252465	4275	711	0	258657
28808	1357	3644	253049	445	0	258495
28809	1425	1177	251963	472	0	255037
28810	1108	226117	4694	1026	0	232945
28811	239172	3566	1689	581	0	245008
28812	4112	1349	245100	401	0	250962
28813	1564	969	4163	212915	0	219611
28814	1143	245198	1609	2980	0	250930
28815	241470	3628	1271	1228	0	247597
28816	240881	1140	1377	1095	0	244493
28817	4349	1262	243810	781	0	250202
28818	1610	238446	4369	742	0	245167
28819	1226	244821	2173	681	0	248901
28820	1533	4780	1459	226296	0	234068
28821	1591	230474	1438	3117	0	236620
28822	2224	4941	1396	199710	0	208271
28823	2106	1645	1187	238230	0	243168
28824	1837	242770	1732	4133	0	250472
28825	2046	4319	1628	232803	0	240796
28826	1665	241173	1804	3953	0	248595
28827	1744	5034	231378	1492	0	239648
28828	1892	2243	4550	229366	0	238051
28829	1964	2088	1819	231069	0	236940
28830	1785	235532	1792	4425	0	243534
28831	1991	243011	1607	1782	0	248391
28832	2162	5301	1478	224089	0	233030
28833	1597	237368	2162	3864	0	244991
28834	228137	5088	1898	1775	0	236898
28835	4827	2323	1801	230441	0	239392
28836	1946	237155	2106	4259	0	245466
28837	228883	4776	1770	1908	0	237337
28838	4605	230373	2037	1436	0	238451
28839	2354	5057	224761	1447	0	233619
28840	2219	2243	5206	219961	0	229629
28841	222675	2328	2545	4118	0	231666
28842	5284	1753	230920	1507	0	239464
28843	2261	2238	5392	213853	0	223744
28844	2486	225861	2689	3597	0	234633
28845	2492	4850	221915	1321	0	230578
28846	2181	227325	5795	970	0	236271
28847	210549	4568	3061	1063	0	219241
28848	220325	2102	3093	1062	0	226582
28849	5321	220754	3245	962	0	230282
28850	218905	4713	3082	1105	0	227805
28851	5136	2502	218113	976	0	226727
28852	2324	1987	6135	207512	0	217958
28853	2170	2248	3102	210754	0	218274
28854	2508	117506	2655	103448	0	226117
28855	223947	3555	3090	3087	0	233679
28856	230312	2277	2317	1547	0	236453
28857	5121	2522	231120	900	0	239663
28858	224179	1789	5545	1142	0	232655
28859	233987	2163	2711	1182	0	240043
28860	235364	1899	2581	1367	0	241211
28861	5739	2108	2231	226954	0	237032
28862	2429	2449	2210	227728	0	234816
28863	2230	233830	2109	4550	0	242719
28864	225053	5294	2197	1709	0	234253
28865	226113	2216	1630	1994	0	231953
28866	5097	228852	1716	1796	0	237461
28867	2366	5577	1522	216562	0	226027
28868	1995	230096	1298	4224	0	237613
28869	1508	239993	1591	1844	0	244936
28870	227276	5801	1829	1959	0	236865
28871	4875	3004	227111	1713	0	236703
28872	1385	1318	189383	776	0	192862
28873	763	186627	2887	868	0	191145
28874	162572	2194	1669	604	0	167039
28875	2091	944	166923	437	0	170395
28876	648	155151	1921	566	0	158286
28877	149826	1476	511	346	0	152159
28878	1593	597	149711	258	0	152159
28879	529	419	1433	141923	0	144304
28880	153754	285	476	1645	0	156160
28881	1680	450	157141	454	0	159725
28882	626	443	165211	316	0	166596
28883	452	457	170025	219	0	171153
28884	320	390	168887	225	0	169822
28885	146887	373	2194	326	0	149780
28886	173711	253	546	336	0	174846
28887	1834	176606	362	364	0	179166
28888	638	1810	200	177700	0	180348
28889	378	463	178	185438	0	186457
28890	243	185569	320	2294	0	188426
28891	367	2306	201	181991	0	184865
28892	227	191937	355	2219	0	194738
28893	254	195370	332	622	0	196578
28894	395	2809	213	190690	0	194107
28895	345	948	193748	2398	0	197439
28896	244	195118	2580	732	0	198674
28897	343	2521	657	193343	0	196864
28898	195318	710	475	2512	0	199015
28899	2663	572	196364	684	0	200283
28900	189530	332	2628	482	0	192972
28901	198700	316	773	375	0	200164
28902	3268	357	465	201383	0	205473
28903	1135	485	209563	2841	0	214024
28904	763	496	211146	786	0	213191
28905	398	219067	3937	587	0	223989
28906	637	3414	1192	210364	0	215607
28907	498	994	215717	3071	0	220280
28908	622	659	218915	831	0	221027
28909	387	219576	4218	663	0	224844
28910	219563	3399	1344	495	0	224801
28911	222825	955	750	488	0	225018
28912	4180	643	592	226191	0	231606
28913	1420	625	235086	3664	0	240795
28914	913	600	236866	1259	0	239638
28915	551	241107	5085	1177	0	247920
28916	644	3989	243585	509	0	248727
28917	745	1523	243570	550	0	246388
28918	767	1109	5504	212042	0	219422
28919	554	809	241909	3977	0	247249
28920	223223	502	4717	1514	0	229956
28921	4098	506	1803	240004	0	246411
28922	1509	750	247547	4049	0	253855
28923	831	248142	4580	1701	0	255254
28924	836	3956	1852	247569	0	254213
28925	741	1639	254020	4098	0	260498
28926	595	259944	4847	1801	0	267187
28927	878	4463	1998	245627	0	252966
28928	556	263959	1541	4152	0	270208
28929	780	4773	1159	262162	0	268874
28930	882	1633	1179	265068	0	268762
28931	620	1292	263012	5653	0	270577
28932	526	264367	5185	2248	0	272326
28933	811	4758	2076	262485	0	270130
28934	796	1678	1471	265065	0	269010
28935	747	1119	1301	269594	0	272761
28936	728	1077	263127	6061	0	270993
28937	574	261974	5230	2805	0	270583
28938	776	4679	2298	259955	0	267708
28939	1699	2031	261241	4901	0	269872
28940	516	261773	5397	2566	0	270252
28941	791	4856	2343	258848	0	266838
28942	693	2148	263925	5038	0	271804
28943	571	263902	5430	2614	0	272517
28944	767	4905	2432	255539	0	263643
28945	824	2072	1726	267087	0	271709
28946	705	1640	270012	6036	0	278393
28947	237892	1113	5538	3183	0	247726
28948	4282	269691	2683	2026	0	278682
28949	270044	4964	1849	1895	0	278752
28950	4835	2288	272639	1612	0	281374
28951	266020	1552	5621	1776	0	274969
28952	5068	1288	2633	267240	0	276229
28953	1860	1313	1914	281150	0	286237
28954	1115	1513	278254	6393	0	287275
28955	247409	1247	5748	3245	0	257649
28956	261425	1302	2614	2328	0	267669
28957	5341	262267	2181	1979	0	271768
28958	1899	270909	2033	1955	0	276796
28959	266809	6023	1712	1867	0	276411
28960	5025	2709	268604	1849	0	278187
28961	1898	276199	5973	2064	0	286134
28962	1492	5306	2790	277437	0	287025
28963	1222	2269	2053	284539	0	290083
28964	1098	1838	282228	6470	0	291634
28965	260656	1356	5956	3395	0	271363
28966	5169	1552	285848	2152	0	294721
28967	269760	1214	6284	2025	0	279283
28968	5333	1444	286209	1725	0	294711
28969	2091	283276	6158	1778	0	293303
28970	285007	4929	3453	1891	0	295280
28971	286140	2298	2205	1892	0	292535
28972	282929	1456	1881	1788	0	288054
28973	285095	1347	1876	1594	0	289912
28974	6541	1401	1670	279685	0	289297
28975	2745	1564	279961	5297	0	289567
28976	1815	1471	5544	267006	0	275836
28977	1321	279433	3077	5236	0	289067
28978	1506	4740	2063	278895	0	287204
28979	1365	2468	279160	5399	0	288392
28980	1460	1775	279237	2596	0	285068
28981	1528	1349	6216	269555	0	278648
28982	266391	1102	3164	5301	0	275958
28983	259794	1163	2078	2660	0	265695
28984	262139	1181	1753	2062	0	267135
28985	6212	1443	263144	1762	0	272561
28986	2780	1343	261958	1591	0	267672
28987	1758	258071	5987	1714	0	267530
28988	1388	258117	2783	1601	0	263889
28989	246276	4566	3271	1570	0	255683
28990	245649	2127	1647	1537	0	250960
28991	4668	256809	1597	1701	0	264775
28992	251014	3464	1297	1350	0	257125
28993	249463	1734	1177	1335	0	253709
28994	4464	252809	1331	1435	0	260039
28995	254926	3577	1172	1497	0	261172
28996	251547	1730	1238	1391	0	255906
28997	4607	258139	1407	1442	0	265595
28998	258782	3522	1247	1381	0	264932
28999	258592	1598	1319	1411	0	262920
29000	5026	1426	261512	1149	0	269113
29001	2612	1167	263113	988	0	267880
29002	1667	257185	4231	1010	0	264093
29003	1478	260302	2074	872	0	264726
29004	255016	3796	3276	1162	0	263250
29005	247896	1483	1176	1046	0	251601
29006	242314	834	994	837	0	244979
29007	3794	245991	1122	772	0	251679
29008	2004	2518	707	244554	0	249783
29009	1753	1531	249241	2301	0	254826
29010	1548	2228	2568	234474	0	240818
29011	1267	250491	1692	2256	0	255706
29012	244343	2151	743	1012	0	248249
29013	2535	241770	824	720	0	245849
29014	1599	2207	471	238449	0	242726
29015	254687	872	621	2553	0	258733
29016	253582	637	611	1009	0	255839
29017	3453	863	257850	485	0	262651
29018	256324	633	2468	740	0	260165
29019	274154	593	982	679	0	276408
29020	276622	640	746	646	0	278654
29021	3916	873	661	261757	0	267207
29022	1822	270707	859	2318	0	275706
29023	1509	2952	551	274010	0	279022
29024	1462	1542	277391	2594	0	282989
29025	1338	280139	2991	1275	0	285743
29026	1229	2840	1071	270231	0	275371
29027	1179	1363	275155	2421	0	280118
29028	1056	273204	2795	1015	0	278070
29029	1294	2939	982	257226	0	262441
29030	1217	1391	272238	2379	0	277225
29031	225938	863	2970	1952	0	231723
29032	3303	952	276428	557	0	281240
29033	1755	936	276872	510	0	280073
29034	1187	280634	3389	581	0	285791
29035	1271	3048	1199	279005	0	284523
29036	1345	1401	731	262411	0	265888
29037	1187	275876	894	2795	0	280752
29038	1353	2959	605	276947	0	281864
29039	285188	1208	605	3174	0	290175
29040	285491	798	663	1406	0	288358
29041	4302	1062	273343	714	0	279421
29042	271049	728	2731	919	0	275427
29043	285408	801	1065	935	0	288209
29044	4252	984	289544	694	0	295474
29045	1776	290196	3350	773	0	296095
29046	1221	291161	1406	717	0	294505
29047	1744	4034	836	248745	0	255359
29048	1168	284176	912	2363	0	288619
29049	1457	3675	267636	906	0	273674
29050	1529	1595	277507	656	0	281287
29051	1289	286222	3808	667	0	291986
29052	281847	3198	1317	808	0	287170
29053	288187	1402	858	915	0	291362
29054	291404	1130	650	956	0	294140
29055	291109	959	585	959	0	293612
29056	278202	948	727	980	0	280857
29057	3932	285677	851	730	0	291190
29058	1898	3725	282221	567	0	288411
29059	1589	1394	3046	279045	0	285074
29060	274401	940	1206	3308	0	279855
29061	3533	273801	1016	1519	0	279869
29062	1780	3337	712	268126	0	273955
29063	1424	1503	269636	2753	0	275316
29064	1145	263704	3182	1178	0	269209
29065	933	269400	1357	735	0	272425
29066	256399	3964	1520	1412	0	263295
29067	2747	258773	812	706	0	263038
29068	1536	2627	493	248119	0	252775
29069	249186	965	532	2619	0	253302
29070	249302	688	447	1008	0	251445
29071	250645	558	429	753	0	252385
29072	3367	863	247203	434	0	251867
29073	1237	250173	2560	541	0	254511
29074	254452	2645	853	760	0	258710
29075	2964	1047	505	253753	0	258269
29076	256971	713	523	2818	0	261025
29077	2952	255655	718	1176	0	260501
29078	270880	2720	437	793	0	274830
29079	292294	1147	470	748	0	294659
29080	5048	733	485	287383	0	293649
29081	2148	960	298348	3965	0	305421
29082	1634	718	4221	299737	0	306310
29083	300933	635	1428	4796	0	307792
29084	303071	652	920	1679	0	306322
29085	5717	301302	1034	1241	0	309294
29086	292083	4234	693	936	0	297946
29087	5061	297030	829	923	0	303843
29088	296654	4606	535	1113	0	302908
29089	288839	1621	630	1142	0	292232
29090	5270	1489	294532	898	0	302189
29091	1872	294225	4491	916	0	301504
29092	1653	4833	1428	295296	0	303210
29093	1228	1738	1034	300503	0	304503
29094	1281	1365	777	284108	0	287531
29095	997	293444	1097	5842	0	301380
29096	1187	4917	292458	1747	0	300309
29097	1334	1997	299999	1058	0	304388
29098	999	353785	6015	1160	0	361959
29099	351391	6802	2113	992	0	361298
29100	7321	2442	352650	785	0	363198
29101	333014	1398	7239	1099	0	342750
29102	7461	345165	2589	890	0	356105
29103	2774	7354	347038	894	0	358060
29104	2142	2210	6906	339970	0	351228
29105	1553	1838	353714	7122	0	364227
29106	1651	1388	363994	2274	0	369307
29107	2473	1247	8443	308091	0	320254
29108	1757	351400	3049	5720	0	361926
29109	1596	361931	1855	1717	0	367099
29110	355974	8216	1087	1170	0	366447
29111	8017	3242	354766	831	0	366856
29112	347942	1614	7188	1296	0	358040
29113	357530	1283	2576	1055	0	362444
29114	8463	360825	1850	849	0	371987
29115	345934	6974	836	826	0	354570
29116	348769	2191	737	924	0	352621
29117	332083	1387	734	1009	0	335213
29118	8763	328323	1098	903	0	339087
29119	3209	310382	980	917	0	315488
29120	1947	323326	1021	741	0	327035
29121	319542	7977	2393	811	0	330723
29122	319745	2565	1232	994	0	324536
29123	8347	1784	306290	606	0	317027
29124	3231	1522	306798	514	0	312065
29125	305142	1017	7078	880	0	314117
29126	315702	832	2544	1080	0	320158
29127	318442	777	1747	1342	0	322308
29128	8374	734	1358	308637	0	319103
29129	3294	867	1111	316455	0	321727
29130	2227	1052	847	320311	0	324437
29131	1850	1312	956	321544	0	325662
29132	1763	1443	305706	7625	0	316537
29133	1997	1235	309389	2456	0	315077
29134	2060	1096	309175	1369	0	313700
29135	2180	1191	306112	828	0	310311
29136	291772	1112	7639	972	0	301495
29137	6978	305479	2946	957	0	316360
29138	3223	316831	1875	866	0	322795
29139	311488	7097	1145	1079	0	320809
29140	7441	3075	310537	851	0	321904
29141	2961	2433	306312	1032	0	312738
29142	293921	1714	7691	1420	0	304746
29143	310850	1286	2925	1399	0	316460
29144	8215	312064	2166	1254	0	323699
29145	4284	5950	1551	309785	0	321570
29146	317069	2157	1487	5926	0	326639
29147	323849	1769	1270	2054	0	328942
29148	9252	1675	1039	310338	0	322304
29149	4249	327357	1251	5669	0	338526
29150	327677	6310	960	2618	0	337565
29151	7541	2654	322523	1981	0	334699
29152	311738	1646	6637	2153	0	322174
29153	7217	322381	2912	1847	0	334357
29154	323974	6463	2043	1899	0	334379
29155	320534	2382	2040	1723	0	326679
29156	8024	2007	324657	1302	0	335990
29157	3368	1825	322329	1132	0	328654
29158	313056	1345	8547	1159	0	324107
29159	326785	1624	3416	1125	0	332950
29160	8024	332196	2544	1092	0	343856
29161	4063	6780	1880	333278	0	346001
29162	3014	2772	334092	5968	0	345846
29163	323897	1631	7480	2221	0	335229
29164	7781	1523	3140	335055	0	347499
29165	3913	1408	2077	342531	0	349929
29166	338796	1420	1769	7799	0	349784
29167	7258	350276	2251	3341	0	363126
29168	353215	6602	1707	2224	0	363748
29169	356788	2333	1700	1533	0	362354
29170	360237	2014	1496	1563	0	365310
29171	9446	355347	1802	1583	0	368178
29172	357721	7021	1469	1184	0	367395
29173	9160	2566	1659	354880	0	368265
29174	4739	1917	1551	357141	0	365348
29175	4271	1920	356226	7534	0	369951
29176	3887	2031	354119	2545	0	362582
29177	3204	352239	8166	1835	0	365444
29178	2654	355923	3196	1105	0	362878
29179	3269	6238	330458	653	0	340618
29180	2183	336446	6001	862	0	345492
29181	331292	6386	2797	1616	0	342091
29182	335663	1906	1031	1030	0	339630
29183	338568	1440	824	1213	0	342045
29184	7437	970	988	325246	0	334641
29185	3287	728	992	335587	0	340594
29186	2536	1094	337690	6544	0	347864
29187	1627	336926	5634	2756	0	346943
29188	329742	5373	3715	1657	0	340487
29189	5962	338214	1488	961	0	346625
29190	336542	5784	866	836	0	344028
29191	338503	1711	856	1000	0	342070
29192	8110	1133	787	328219	0	338249
29193	3628	945	801	334784	0	340158
29194	2580	1055	738	340492	0	344865
29195	2382	1227	326888	7147	0	337644
29196	1504	322847	5651	3408	0	333410
29197	1205	320966	2523	2109	0	326803
29198	654	257351	688	690	0	259383
29199	623	256254	649	740	0	258266
29200	702	257969	627	700	0	259998
29201	228786	2903	864	729	0	233282
29202	2635	1269	247488	441	0	251833
29203	1028	249157	2367	720	0	253272
29204	1096	2523	236771	478	0	240868
29205	640	248214	2331	681	0	251866
29206	1397	4994	1119	172018	0	179528
29207	931	1050	470	229314	0	231765
29208	684	239762	607	2451	0	243504
29209	233113	2251	487	1145	0	236996
29210	2501	1249	233351	589	0	237690
29211	1093	237694	2215	853	0	241855
29212	1020	2688	231154	576	0	235438
29213	963	1072	2172	227468	0	231675
29214	1013	846	827	212910	0	215596
29215	838	229806	689	2577	0	233910
29216	1006	2379	400	230738	0	234523
29217	972	1089	455	230373	0	232889
29218	795	232117	687	2959	0	236558
29219	865	2736	227568	1108	0	232277
29220	868	1512	228824	745	0	231949
29221	210870	1096	2717	825	0	215508
29222	231897	924	909	773	0	234503
29223	2958	994	561	225645	0	230158
29224	1341	1295	225297	2379	0	230312
29225	1125	958	2218	214076	0	218377
29226	853	231343	1104	2661	0	235961
29227	884	2880	229618	1215	0	234597
29228	623	228942	2581	1117	0	233263
29229	866	2991	226030	823	0	230710
29230	541	228849	2660	781	0	232831
29231	225331	2816	973	874	0	229994
29232	2446	1437	800	222369	0	227052
29233	1321	1270	560	222800	0	225951
29234	1004	1343	224441	2662	0	229450
29235	1155	1311	219748	1285	0	223499
29236	1185	223486	2967	1201	0	228839
29237	222423	2645	1183	1237	0	227488
29238	2453	1353	872	217702	0	222380
29239	1100	1418	224158	2306	0	228982
29240	875	1445	218708	1105	0	222133
29241	189693	1196	2865	1230	0	194984
29242	209615	1095	1205	1125	0	213040
29243	2884	1247	216137	877	0	221145
29244	1421	1464	2387	201587	0	206859
29245	828	213795	1371	2339	0	218333
29246	212494	2431	944	1455	0	217324
29247	2265	212785	1044	1200	0	217294
29248	203889	2277	706	1112	0	207984
29249	2051	206166	908	958	0	210083
29250	875	209982	844	938	0	212639
29251	965	2566	735	207627	0	211893
29252	795	1345	673	207848	0	210661
29253	607	209608	965	2567	0	213747
29254	896	2612	204804	1022	0	209334
29255	786	1425	204773	722	0	207706
29256	721	1237	205586	732	0	208276
29257	186650	886	2580	1012	0	191128
29258	202854	872	1049	1080	0	205855
29259	2185	215279	1084	1101	0	219649
29260	1029	3209	211686	771	0	216695
29261	773	1572	2812	209267	0	214424
29262	621	1366	224316	2923	0	229226
29263	621	1437	231146	1263	0	234467
29264	784	1145	3921	244660	0	250510
29265	807	999	1731	262307	0	265844
29266	682	1248	277379	5827	0	285136
29267	254349	852	4977	3209	0	263387
29268	4792	286745	2911	1771	0	296219
29269	2304	300199	1979	1067	0	305549
29270	1705	7655	964	283226	0	293550
29271	300634	3537	897	5196	0	310264
29272	5796	309655	1185	2752	0	319388
29273	308460	6501	755	1831	0	317547
29274	6692	314627	960	1149	0	323428
29275	326093	7252	771	1117	0	335233
29276	7918	3602	326201	833	0	338554
29277	3654	2482	333296	706	0	340138
29278	2400	2510	8643	316284	0	329837
29279	1514	1442	323086	6471	0	332513
29280	1027	306455	8030	2921	0	318433
29281	863	310472	3808	2264	0	317407
29282	308772	8445	2282	1215	0	320714
29283	6714	3827	1273	291756	0	303570
29284	2783	312132	1405	6175	0	322495
29285	316633	7046	974	2752	0	327405
29286	312817	3356	783	1704	0	318660
29287	320441	2089	734	1132	0	324396
29288	10666	1251	767	311176	0	323860
29289	5023	1089	659	318155	0	324926
29290	2868	1463	315506	9042	0	328879
29291	2035	1307	315559	4030	0	322931
29292	307044	881	9193	2367	0	319485
29293	7823	884	4012	307433	0	320152
29294	3778	1193	311906	7243	0	324120
29295	302339	861	7623	3717	0	314540
29296	7525	321943	4163	2471	0	336102
29297	325356	7032	2404	1775	0	336567
29298	330004	3218	1547	1623	0	336392
29299	330811	1965	1364	1824	0	335964
29300	11622	1569	320827	1301	0	335319
29301	316279	1150	7550	1279	0	326258
29302	10203	1232	3597	297980	0	313012
29303	5105	306839	2689	6636	0	321269
29304	3631	325774	1922	3181	0	334508
29305	322997	9077	1514	2327	0	335915
29306	326540	4185	1427	1633	0	333785
29307	330074	2420	1217	1571	0	335282
29308	12416	1666	1083	317514	0	332679
29309	6546	1808	1209	323312	0	332875
29310	4636	1608	1164	305617	0	313025
29311	3195	319690	1610	10611	0	335106
29312	318948	7628	1247	5000	0	332823
29313	324877	3733	1129	3153	0	332892
29314	329299	2483	1119	2551	0	335452
29315	12654	2184	322501	2083	0	339422
29316	324865	1902	7749	2090	0	336606
29317	11605	1875	3676	302785	0	319941
29318	6137	321659	2669	7447	0	337912
29319	321813	8139	1575	3748	0	335275
29320	320415	3915	1622	2935	0	328887
29321	12576	3085	325400	1901	0	342962
29322	7405	2034	8051	310263	0	327753
29323	4663	327192	4394	7923	0	344172
29324	336499	8438	2621	4158	0	351716
29325	10961	4083	1840	334736	0	351620
29326	6444	2967	1838	334845	0	346094
29327	4933	2102	1706	341611	0	350352
29328	4147	2161	1538	351931	0	359777
29329	3878	2462	342549	13299	0	362188
29330	3699	342731	9000	6704	0	362134
29331	4271	9120	3976	341160	0	358527
29332	3776	4657	347112	10205	0	365750
29333	338498	3204	9056	5910	0	356668
29334	354327	2339	4469	4300	0	365435
29335	13558	2303	3173	349619	0	368653
29336	353161	2304	2393	10353	0	368211
29337	360682	2157	2263	5820	0	370922
29338	14490	2565	356353	3970	0	377378
29339	8251	354310	9775	3200	0	375536
29340	358232	9204	4627	3153	0	375216
29341	12561	4340	3291	356348	0	376540
29342	364646	2954	2667	10319	0	380586
29343	13346	2223	2467	359198	0	377234
29344	7584	2406	2300	367072	0	379362
29345	5975	2827	355170	13002	0	376974
29346	322174	2025	9340	7769	0	341308
29347	11470	357912	4885	5601	0	379868
29348	7205	9387	356272	4191	0	377055
29349	5415	357117	9796	4043	0	376371
29350	352974	10170	4642	3600	0	371386
29351	12409	4729	3027	349819	0	369984
29352	349566	3085	2225	10791	0	365667
29353	12365	347354	2933	6005	0	368657
29354	355431	9234	2264	4526	0	371455
29355	361612	4354	2067	3611	0	371644
29356	362208	2858	2068	3567	0	370701
29357	357446	2006	1981	3562	0	364995
29358	15659	349664	2523	3468	0	371314
29359	345316	8586	1928	2967	0	358797
29360	13662	4315	1807	337421	0	357205
29361	8635	3798	1635	328898	0	342966
29362	6502	310185	2117	10945	0	329749
29363	5461	309708	2079	5950	0	323198
29364	4580	300121	1892	3387	0	309980
29365	277030	8078	1674	2847	0	289629
29366	7745	260263	1545	2490	0	272043
29367	3902	243957	1562	1951	0	251372
29368	238569	5531	3101	2071	0	249272
29369	229849	2132	1161	1889	0	235031
29370	6473	231978	1328	1621	0	241400
29371	224601	4264	1001	1511	0	231377
29372	5822	2103	216430	1298	0	225653
29373	205859	1595	3613	1528	0	212595
29374	5761	1683	212298	1473	0	221215
29375	2742	193447	3122	1352	0	200663
29376	2223	198018	1331	1476	0	203048
29377	4767	4635	2102	186487	0	197991
29378	194060	1256	1134	3361	0	199811
29379	196738	1194	686	1619	0	200237
29380	199542	1168	734	1381	0	202825
29381	199029	1098	682	1413	0	202222
29382	194794	1156	809	1470	0	198229
29383	3910	1307	188734	1287	0	195238
29384	3118	1572	180104	1126	0	185920
29385	185904	1308	2425	1332	0	190969
29386	9877	186577	1169	1120	0	198743
29387	191760	2509	760	1101	0	196130
29388	197265	1384	518	1174	0	200341
29389	202720	1014	485	1273	0	205492
29390	203154	966	521	1145	0	205786
29391	201996	1154	576	1184	0	204910
29392	4032	1345	200422	1023	0	206822
29393	200824	1159	2189	1521	0	205693
29394	206066	1070	1031	1501	0	209668
29395	3637	1596	199016	1205	0	205454
29396	187311	1527	1991	1302	0	192131
29397	200330	1648	918	1245	0	204141
29398	3854	1764	208906	971	0	215495
29399	2470	1701	206646	943	0	211760
29400	2409	212360	2702	875	0	218346
29401	2777	2808	1137	210898	0	217620
29402	2617	1657	213838	2237	0	220349
29403	211622	1242	2270	1357	0	216491
29404	4204	1122	1138	227850	0	234314
29405	2645	1400	235380	2365	0	241790
29406	227034	1047	2759	1261	0	232101
29407	238498	1248	1208	999	0	241953
29408	240207	1332	796	1079	0	243414
29409	4334	247045	884	1191	0	253454
29410	3031	2997	569	237736	0	244333
29411	2548	246676	909	2639	0	252772
29412	247978	2958	833	1384	0	253153
29413	245615	1369	966	1058	0	249008
29414	4623	1436	244642	552	0	251253
29415	2376	237885	2683	535	0	243479
29416	1823	240545	1398	487	0	244253
29417	2037	2957	909	236147	0	242050
29418	2027	1423	719	239112	0	243281
29419	234771	1046	527	2767	0	239111
29420	3915	236491	654	1415	0	242475
29421	2501	235749	615	715	0	239580
29422	3104	2937	232036	435	0	238512
29423	2268	239249	2405	429	0	244351
29424	233033	2452	1837	715	0	238037
29425	3697	1341	231119	429	0	236586
29426	193252	813	2122	945	0	197132
29427	2949	900	222860	447	0	227156
29428	176169	549	1816	913	0	179447
29429	2149	218447	815	530	0	221941
29430	218933	1785	516	556	0	221790
29431	2464	1029	226442	172	0	230107
29432	221698	618	2080	736	0	225132
29433	228180	398	677	548	0	229803
29434	2615	742	237285	237	0	240879
29435	231839	435	1731	666	0	234671
29436	244762	406	622	592	0	246382
29437	240575	403	406	606	0	241990
29438	2742	237819	623	436	0	241620
29439	241813	1952	382	683	0	244830
29440	2717	1145	253112	214	0	257188
29441	1080	266741	2369	573	0	270763
29442	271429	2285	947	733	0	275394
29443	268880	729	577	609	0	270795
29444	271501	476	401	587	0	272965
29445	3382	271990	588	538	0	276498
29446	1350	2765	395	302755	0	307265
29447	1996	1231	301605	3630	0	308462
29448	1011	568	3923	299070	0	304572
29449	1061	789	309131	4077	0	315058
29450	281590	437	4397	1623	0	288047
29451	4561	311585	1608	829	0	318583
29452	1972	4380	653	300391	0	307396
29453	1048	315638	781	3885	0	321352
29454	1240	4661	497	312324	0	318722
29455	1184	1503	497	312622	0	315806
29456	918	324995	826	5356	0	332095
29457	1227	5087	492	325989	0	332795
29458	1169	1683	517	334807	0	338176
29459	895	340121	960	6182	0	348158
29460	1011	350076	987	1990	0	354064
29461	1285	6649	556	344961	0	353451
29462	1443	2498	345754	5809	0	355504
29463	1048	351235	5942	2237	0	360462
29464	1222	6183	1557	346280	0	355242
29465	1652	2428	361363	6047	0	371490
29466	1069	364431	6620	2290	0	374410
29467	361070	6599	1847	1562	0	371078
29468	6899	2548	361081	1013	0	371541
29469	348889	1538	6444	1427	0	358298
29470	7159	1288	1896	357474	0	367817
29471	2531	1283	1087	362284	0	367185
29472	1923	1264	917	362774	0	366878
29473	1444	1562	357432	8263	0	368701
29474	2452	1735	353978	2810	0	360975
29475	327003	1415	7796	2146	0	338360
29476	6941	1438	2336	353566	0	364281
29477	2536	1755	356215	7170	0	367676
29478	341895	1547	6758	2995	0	353195
29479	7330	1542	2163	352612	0	363647
29480	2918	1495	1425	355586	0	361424
29481	2052	1580	1307	349354	0	354293
29482	1416	354544	1629	8828	0	366417
29483	1995	7345	1241	334563	0	345144
29484	1524	346338	1810	7255	0	356927
29485	1459	358934	1716	3032	0	365141
29486	351308	8163	1426	2522	0	363419
29487	336676	2982	1598	2404	0	343660
29488	349658	1810	1444	2445	0	355357
29489	8124	342457	1911	2386	0	354878
29490	340437	7163	1473	2354	0	351427
29491	344263	2547	1470	2399	0	350679
29492	8814	1884	1613	334739	0	347050
29493	3574	1688	1623	339562	0	346447
29494	2307	1961	332652	9149	0	346069
29495	1783	336398	7345	4198	0	349724
29496	328933	7065	2787	3016	0	341801
29497	326697	2713	1863	2771	0	334044
29498	7814	325869	2017	2675	0	338375
29499	323075	6948	1517	2999	0	334539
29500	323501	2811	1487	2979	0	330778
29501	8402	2282	1569	310484	0	322737
29502	3325	313467	1867	7601	0	326260
29503	2452	320985	1809	3752	0	328998
29504	311032	7772	1494	3273	0	323571
29505	7751	3333	1335	305055	0	317474
29506	3066	2694	303142	7852	0	316754
29507	285580	2082	6565	4200	0	298427
29508	7283	2518	307995	3148	0	320944
29509	3036	301140	6838	3004	0	314018
29510	297935	6764	2742	3120	0	310561
29511	7396	3193	298878	4827	0	314294
29512	3571	2620	6441	302385	0	315017
29513	2666	2576	315456	7835	0	328533
29514	2302	318262	7185	4459	0	332208
29515	2887	7222	2582	316131	0	328822
29516	2512	3681	316608	7846	0	330647
29517	289336	2568	6443	4652	0	302999
29518	6963	323582	2945	3760	0	337250
29519	3612	7343	1978	301706	0	314639
29520	2547	325895	2036	7239	0	337717
29521	320450	7562	1747	3727	0	333486
29522	318918	3567	1624	3416	0	327525
29523	7839	320342	2010	3493	0	333684
29524	4042	7045	1799	305874	0	318760
29525	2586	321394	2056	7279	0	333315
29526	318988	7284	1966	3689	0	331927
29527	317135	3337	2753	3101	0	326326
29528	8274	3088	317189	2860	0	331411
29529	3781	316784	6560	2883	0	330008
29530	2889	326379	3355	2755	0	335378
29531	3156	7503	2228	315570	0	328457
29532	313676	3076	2030	7134	0	325916
29533	315049	2229	2227	3422	0	322927
29534	302328	1938	1983	2927	0	309176
29535	8563	308013	2245	3156	0	321977
29536	3983	6201	1928	294495	0	306607
29537	3164	306150	2168	6752	0	318234
29538	305145	6494	2041	3578	0	317258
29539	7799	2739	1710	299933	0	312181
29540	3712	2150	285975	6550	0	298387
29541	2601	278546	5807	3386	0	290340
29542	269601	5325	2187	2366	0	279479
29543	6216	2784	270629	1742	0	281371
29544	256743	2040	4674	2346	0	265803
29545	6058	267120	2005	2287	0	277470
29546	1942	241490	1027	1233	0	245692
29547	233365	3879	852	1174	0	239270
29548	3751	239961	877	1095	0	245684
29549	231126	3340	761	1151	0	236378
29550	3453	234388	880	991	0	239712
29551	233706	3301	833	1062	0	238902
29552	234527	1396	714	884	0	237521
29553	3976	1478	239158	669	0	245281
29554	1774	1238	232960	612	0	236584
29555	1263	235229	2730	938	0	240160
29556	229482	2397	1534	866	0	234279
29557	2737	1219	226122	548	0	230626
29558	207671	847	1778	638	0	210934
29559	2064	1084	665	210330	0	214143
29560	900	702	214819	1302	0	217723
29561	757	731	207538	491	0	209517
29562	835	707	216830	429	0	218801
29563	504	217113	1512	360	0	219489
29564	2216	3451	1780	207334	0	214781
29565	203895	250	231	844	0	205220
29566	725	170	116	206405	0	207416
29567	207960	106	158	956	0	209180
29568	829	168	133	209483	0	210613
29569	211777	163	104	1252	0	213296
29570	210267	223	239	732	0	211461
29571	234220	144	128	515	0	235007
29572	1604	240863	263	343	0	243073
29573	761	1900	242756	165	0	245582
29574	491	627	1550	242103	0	244771
29575	2175	3167	2235	136802	0	144379
29576	510	230	239	250014	0	250993
29577	405	243	166	246155	0	246969
29578	292	240788	345	2519	0	243944
29579	463	2036	238366	932	0	241797
29580	278	243305	2034	658	0	246275
29581	565	2522	758	216809	0	220654
29582	413	932	296	243916	0	245557
29583	412	424	204	245631	0	246671
29584	388	348	274	242924	0	243934
29585	298	238984	452	2700	0	242434
29586	335	240490	392	1066	0	242283
29587	492	2671	234479	537	0	238179
29588	429	944	1975	235164	0	238512
29589	451	626	712	239557	0	241346
29590	439	510	337	245530	0	246816
29591	243611	436	228	3244	0	247519
29592	2307	245923	454	1402	0	250086
29593	1206	2416	242758	631	0	247011
29594	239017	868	2118	734	0	242737
29595	2456	596	721	245645	0	249418
29596	250532	474	374	2880	0	254260
29597	2711	503	300	251750	0	255264
29598	254517	431	327	2847	0	258122
29599	2698	473	299	253802	0	257272
29600	251042	405	398	2875	0	254720
29601	2749	773	260902	1094	0	265518
29602	1377	417	2265	255842	0	259901
29603	799	268183	1170	2415	0	272567
29604	779	2537	483	271029	0	274828
29605	268797	1077	390	3069	0	273333
29606	2655	271587	784	1287	0	276313
29607	1270	2853	437	279937	0	284497
29608	689	279813	606	3294	0	284402
29609	871	3407	368	281533	0	286179
29610	814	1197	349	284362	0	286722
29611	807	1076	278172	4079	0	284134
29612	838	531	3159	269887	0	274415
29613	698	792	264097	3686	0	269273
29614	482	259653	3634	1896	0	265665
29615	257086	3153	1176	1326	0	262741
29616	3422	1405	260111	943	0	265881
29617	247421	640	3365	1232	0	252658
29618	263965	462	1189	1276	0	266892
29619	4467	471	721	267905	0	273564
29620	1555	886	280905	4026	0	287372
29621	266778	435	4436	2112	0	273761
29622	294291	455	1592	1668	0	298006
29623	5620	540	788	285571	0	292519
29624	2251	544	535	287362	0	290692
29625	1061	289999	862	5951	0	297873
29626	1127	4748	542	281534	0	287951
29627	727	290698	846	5141	0	297412
29628	899	5024	285937	2139	0	293999
29629	874	1814	4110	280573	0	287371
29630	275266	770	1554	5087	0	282677
29631	281412	521	628	2285	0	284846
29632	5035	282504	742	1745	0	290026
29633	2140	4382	499	287672	0	294693
29634	290863	1488	465	5238	0	298054
29635	4566	287921	815	2269	0	295571
29636	290064	4696	388	1774	0	296922
29637	5217	1569	442	305742	0	312970
29638	322646	911	457	5954	0	329968
29639	6314	1242	350836	2333	0	360725
29640	1944	354543	6984	1780	0	365251
29641	346532	6884	1866	1725	0	357007
29642	6578	364600	1351	1605	0	374134
29643	371117	7215	751	1704	0	380787
29644	378839	2003	567	1804	0	383213
29645	9285	1614	378973	1285	0	391157
29646	3197	897	7289	369709	0	381092
29647	384407	831	1912	8324	0	395474
29648	8141	1112	383962	2624	0	395839
29649	380457	826	7641	2033	0	390957
29650	8645	911	1984	384338	0	395878
29651	2730	1402	381785	8344	0	394261
29652	2063	822	7576	375941	0	386402
29653	370216	907	2155	8842	0	382120
29654	8479	1390	374183	2807	0	386859
29655	3193	999	7468	374529	0	386189
29656	2311	985	2256	379508	0	385060
29657	379453	703	1345	9991	0	391492
29658	375564	769	1133	3719	0	381185
29659	9579	380702	1479	2418	0	394178
29660	4077	7823	1014	375379	0	388293
29661	2891	2463	1154	379699	0	386207
29662	2751	1635	1245	374381	0	380012
29663	368480	1210	1331	10332	0	381353
29664	373159	1336	1533	3698	0	379726
29665	11306	1696	1267	358736	0	373005
29666	4749	361966	1434	8620	0	376769
29667	4057	8391	1385	332699	0	346532
29668	3364	362386	1825	8147	0	375722
29669	355041	8086	1519	3844	0	368490
29670	9499	350899	2448	2947	0	365793
29671	332002	7072	1781	2386	0	343241
29672	9762	2356	1630	324681	0	338429
29673	322678	1415	1916	8004	0	334013
29674	9341	1521	318435	3545	0	332842
29675	4291	323234	7580	3273	0	338378
29676	322542	6868	3620	3141	0	336171
29677	326912	2069	2328	3111	0	334420
29678	10026	1440	1804	308633	0	321903
29679	4479	316567	2320	8400	0	331766
29680	4073	6719	1775	328091	0	340658
29681	3862	2166	1705	331742	0	339475
29682	4095	1705	1776	329923	0	337499
29683	328921	1603	1636	10417	0	342577
29684	333770	1714	1503	5194	0	342181
29685	10810	1784	1470	304877	0	318941
29686	5166	322750	1759	9011	0	338686
29687	328721	6912	1429	4998	0	342060
29688	10040	2918	326111	4234	0	343303
29689	5620	2291	6899	328203	0	343013
29690	4399	2494	328589	9620	0	345102
29691	4491	2436	7163	326768	0	340858
29692	4183	2845	327119	9984	0	344131
29693	4319	2608	7517	324962	0	339406
29694	328425	2641	2572	9813	0	343451
29695	327807	2624	1855	4898	0	337184
29696	11451	320195	2075	4111	0	337832
29697	324741	8087	1627	4259	0	338714
29698	11259	3596	1840	320027	0	336722
29699	6464	2921	2059	321072	0	332516
29700	323992	2796	2275	10475	0	339538
29701	11314	3050	316914	5122	0	336400
29702	6634	2885	319933	4546	0	333998
29703	5632	3057	313647	4844	0	327180
29704	301808	2330	8477	5252	0	317867
29705	10772	2525	316327	5155	0	334779
29706	7461	2272	307090	5202	0	322025
29707	288690	2262	8563	5073	0	304588
29708	10083	302574	3912	5469	0	322038
29709	6259	6992	2652	304568	0	320471
29710	5621	3257	2158	311576	0	322612
29711	5124	2991	312638	10389	0	331142
29712	310449	2266	7423	6436	0	326574
29713	318340	1776	3539	6165	0	329820
29714	296460	1865	3395	5961	0	307681
29715	10216	2028	315831	5679	0	333754
29716	304084	1780	7668	5887	0	319419
29717	10439	2381	297565	5440	0	315825
29718	6196	303537	7231	5472	0	322436
29719	5663	305907	3118	5133	0	319821
29720	287156	6832	2604	4864	0	301456
29721	8224	282679	2678	5106	0	298687
29722	4893	286754	2470	5032	0	299149
29723	281349	6395	2489	5094	0	295327
29724	8295	283540	2754	4792	0	299381
29725	283327	6012	2465	4436	0	296240
29726	9391	2693	2603	289370	0	304057
29727	5681	2576	2850	294667	0	305774
29728	5079	2681	2688	296017	0	306465
29729	4824	2747	2832	283609	0	294012
29730	4625	289390	3271	8668	0	305954
29731	290398	6243	2979	4635	0	304255
29732	8811	311360	3074	4158	0	327403
29733	6294	307279	3254	5172	0	321999
29734	4858	7583	320153	3834	0	336428
29735	302278	2594	8695	4103	0	317670
29736	10255	2607	328357	3117	0	344336
29737	5803	1979	321667	2459	0	331908
29738	3642	307277	7743	2436	0	321098
29739	1649	289119	2328	1430	0	294526
29740	270501	5938	2792	1590	0	280821
29741	5274	286255	1741	1940	0	295210
29742	2336	5190	293412	1206	0	302144
29743	1374	266984	5754	1327	0	275439
29744	1335	4734	285403	859	0	292331
29745	1101	1413	275239	618	0	278371
29746	259124	930	5922	864	0	266840
29747	8966	797	269017	587	0	279367
29748	1808	478	4965	254914	0	262165
29749	254834	338	1474	4530	0	261176
29750	4240	256134	1300	1761	0	263435
29751	1422	4348	264720	813	0	271303
29752	258644	1028	4741	768	0	265181
29753	4938	748	1448	237963	0	245097
29754	1290	237897	1380	4078	0	244645
29755	1043	4113	257141	1153	0	263450
29756	247623	1020	4812	862	0	254317
29757	4786	886	257237	551	0	263460
29758	1719	410	5071	249005	0	256205
29759	1091	679	252064	4535	0	258369
29760	927	377	5098	248695	0	255097
29761	244465	383	1492	5032	0	251372
29762	4471	252341	1334	1571	0	259717
29763	253986	4473	723	1043	0	260225
29764	5250	1440	255192	529	0	262411
29765	1869	761	4911	247067	0	254608
29766	1187	777	257474	4517	0	263955
29767	251686	508	5370	1396	0	258960
29768	254535	483	1609	993	0	257620
29769	5489	257763	1512	1004	0	265768
29770	260237	4771	909	720	0	266637
29771	261735	1255	931	640	0	264561
29772	6198	828	785	253831	0	261642
29773	2125	862	257803	4746	0	265536
29774	1218	246786	5265	1717	0	254986
29775	1186	4712	1428	242347	0	249673
29776	247324	1250	1063	4734	0	254371
29777	5030	1080	250511	1264	0	257885
29778	1551	848	251578	778	0	254755
29779	1122	791	245707	605	0	248225
29780	235745	568	6030	712	0	243055
29781	5212	808	242461	531	0	249012
29782	233391	553	5650	605	0	240199
29783	5389	853	220031	453	0	226726
29784	1489	236540	5022	722	0	243773
29785	1490	4821	1534	231335	0	239180
29786	1036	1611	234798	4545	0	241990
29787	809	229828	5519	1446	0	237602
29788	684	235082	2036	877	0	238679
29789	1172	5623	1228	228317	0	236340
29790	227960	1864	956	4713	0	235493
29791	5122	1359	926	227988	0	235395
29792	224848	1131	1000	4967	0	231946
29793	5612	1173	975	224017	0	231777
29794	1816	1226	224646	5039	0	232727
29795	1505	1085	226822	1451	0	230863
29796	216033	804	6425	1212	0	224474
29797	221610	812	2668	902	0	225992
29798	5949	1216	218230	763	0	226158
29799	208802	1098	5527	781	0	216208
29800	5764	1411	215325	597	0	223097
29801	2168	206440	6284	730	0	215622
29802	1716	206352	2783	660	0	211511
29803	1485	202894	2454	666	0	207499
29804	1718	6209	2049	195215	0	205191
29805	194827	2361	1959	4545	0	203692
29806	197380	1745	1844	1460	0	202429
29807	6341	1495	1760	192768	0	202364
29808	2526	1612	184864	4907	0	193909
29809	2038	1256	5963	181061	0	190318
29810	1690	1294	181620	5218	0	189822
29811	1765	1081	6502	174911	0	184259
29812	174433	782	3086	5461	0	183762
29813	177664	783	2385	2069	0	182901
29814	177377	741	2205	1547	0	181870
29815	177063	866	1971	1315	0	181215
29816	7217	750	1829	169840	0	179636
29817	3320	794	1811	174180	0	180105
29818	171122	867	1693	6017	0	179699
29819	174532	941	1685	2247	0	179405
29820	7080	946	1509	169379	0	178914
29821	3391	867	1444	172329	0	178031
29822	2601	896	1411	168065	0	172973
29823	2340	790	1581	168290	0	173001
29824	163022	707	1727	6448	0	171904
29825	5711	816	159957	2754	0	169238
29826	2709	657	5336	150972	0	159674
29827	149824	612	2216	5298	0	157950
29828	5786	827	147788	2190	0	156591
29829	3026	927	5154	146462	0	155569
29830	2493	921	146793	4917	0	155124
29831	2053	136948	5743	1907	0	146651
29832	2442	3441	2264	111137	0	119284
29833	102951	1089	1653	3144	0	108837
29834	3473	2167	1221	87009	0	93870
29835	1946	86461	1044	2895	0	92346
29836	1486	79462	925	1085	0	82958
29837	1017	61837	567	680	0	64101
29838	921	56941	820	602	0	59284
29839	32556	3509	3497	2467	0	42029
29840	1744	885	916	22636	0	26181
29841	275	113	18506	564	0	19458
29842	266	59	446	16889	0	17660
29843	253	59	16648	540	0	17500
29844	16567	44	449	233	0	17293
29845	617	39	149	16501	0	17306
29846	342	43	130	16759	0	17274
29847	239	54	111	16708	0	17112
29848	231	65	100	16710	0	17106
29849	16305	73	85	581	0	17044
29850	16481	57	68	311	0	16917
29851	599	49	82	16089	0	16819
29852	15589	47	81	590	0	16307
29853	493	63	15360	327	0	16243
29854	222	15004	426	280	0	15932
29855	215	374	160	14882	0	15631
29856	183	78	153	14538	0	14952
29857	187	14558	121	569	0	15435
29858	202	341	120	14098	0	14761
29859	174	267	125	14082	0	14648
29860	13873	37	146	524	0	14580
29861	394	80	12817	206	0	13497
29862	161	70	11512	144	0	11887
29863	10860	34	374	162	0	11430
29864	346	50	10178	133	0	10707
29865	5328	67	373	70	0	5838
29866	4222	23	159	57	0	4461
29867	190	141	65	3286	0	3682
29868	46	12	2492	87	0	2637
29869	2017	51	81	39	0	2188
29870	87	1974	44	38	0	2143
29871	1131	109	280	88	0	1608
29872	801	26	116	59	0	1002
29873	358	3	21	28	0	410
29874	84	0	1	4	0	89
29875	81	0	5	5	0	91
29876	70	1	3	3	0	77
29877	81	2	1	2	0	86
29878	75	1	11	1	0	88
29879	71	1	1	3	0	76
29880	71	1	2	3	0	77
29881	68	3	1	0	0	72
29882	67	1	1	4	0	73
29883	71	2	1	0	0	74
29884	65	1	0	3	0	69
29885	67	2	1	2	0	72
29886	68	0	0	2	0	70
29887	68	0	1	1	0	70
29888	66	0	0	2	0	68
29889	67	0	0	2	0	69
29890	65	0	0	2	0	67
29891	63	0	0	1	0	64
29892	61	0	0	2	0	63
29893	60	0	0	2	0	62
29894	59	0	1	1	0	61
29895	58	0	0	0	0	58
29896	57	0	0	0	0	57
29897	54	0	0	1	0	55
29898	60	0	0	0	0	60
29899	55	0	1	0	0	56
29900	38	0	0	0	0	38
29901	27	0	0	1	0	28
29902	19	0	0	1	0	20
29903	8	1	0	0	0	9
29904	0	0	0	1	0	1
29905	0	0	0	1	0	1
29906	1	0	0	0	0	1
