Pos	A	C	G	T	Other	Total
1	0	0	0	0	0	0
2	0	0	0	0	0	0
3	0	0	0	0	0	0
4	0	0	0	0	0	0
5	1	0	0	0	0	1
6	1	0	0	0	0	1
7	0	0	2	0	0	2
8	0	0	2	0	0	2
9	0	0	0	3	0	3
10	0	0	0	3	0	3
11	0	0	0	3	0	3
12	9	0	0	0	0	9
13	0	0	0	20	0	20
14	28	0	0	0	0	28
15	0	44	0	0	0	44
16	0	69	0	1	0	70
17	1	0	0	214	0	215
18	0	0	0	238	0	238
19	0	356	0	1	0	357
20	0	380	0	0	0	380
21	0	428	0	1	0	429
22	454	0	1	0	0	455
23	0	0	465	0	0	465
24	0	0	477	0	0	477
25	0	0	0	504	0	504
26	534	0	0	0	0	534
27	541	0	0	0	0	541
28	0	548	0	0	0	548
29	629	0	0	3	0	632
30	682	0	0	0	0	682
31	689	0	0	0	0	689
32	0	701	0	0	0	701
33	0	709	0	0	0	709
34	737	0	0	0	0	737
35	738	0	0	0	0	738
36	0	756	0	0	0	756
37	0	794	0	2	0	796
38	792	0	0	0	0	792
39	789	0	0	0	0	789
40	0	807	0	0	0	807
41	0	0	0	833	0	833
42	0	0	0	846	0	846
43	0	0	0	857	0	857
44	0	859	0	0	0	859
45	0	0	850	0	0	850
46	823	0	0	0	0	823
47	0	0	0	860	0	860
48	0	875	0	0	0	875
49	0	0	0	873	0	873
50	0	882	1	0	0	883
51	0	0	0	887	0	887
52	0	0	0	894	0	894
53	0	0	897	0	0	897
54	0	0	0	896	0	896
55	903	0	0	0	0	903
56	0	0	902	0	0	902
57	887	0	0	0	0	887
58	0	0	0	906	0	906
59	0	912	0	0	0	912
60	0	0	0	914	0	914
61	0	0	925	0	0	925
62	0	0	0	917	0	917
63	0	0	0	920	0	920
64	1	935	0	3	0	939
65	0	0	0	940	0	940
66	0	944	0	2	0	946
67	0	0	0	945	0	945
68	937	0	0	0	0	937
69	947	0	0	0	0	947
70	953	0	0	0	0	953
71	4	958	0	0	0	962
72	4	0	960	1	0	965
73	960	0	1	0	0	961
74	990	0	0	0	0	990
75	0	1031	0	1	0	1032
76	0	0	0	766	0	766
77	0	0	0	771	0	771
78	0	0	0	677	0	677
79	686	0	1	1	0	688
80	687	1	0	1	0	689
81	682	0	0	0	0	682
82	685	0	0	0	0	685
83	1	0	0	675	0	676
84	1	689	0	0	0	690
85	0	0	0	702	0	702
86	0	2	713	0	0	715
87	0	0	0	748	0	748
88	2	0	757	0	0	759
89	0	0	0	767	0	767
90	0	0	790	0	0	790
91	0	0	815	2	0	817
92	0	839	2	0	0	841
93	1	0	2	854	0	857
94	0	2	885	0	0	887
95	0	0	0	853	0	853
96	0	889	2	0	0	891
97	880	0	0	2	0	882
98	0	916	0	0	0	916
99	2	0	0	891	0	893
100	0	912	0	0	0	912
101	0	0	907	2	0	909
102	0	2	912	0	0	914
103	0	922	2	1	0	925
104	1	0	2	916	0	919
105	1	2	931	0	0	934
106	0	925	0	3	0	928
107	922	0	2	0	0	924
108	0	2	0	921	0	923
109	2	0	951	0	0	953
110	0	951	0	2	0	953
111	0	1	2	941	0	944
112	0	2	0	945	0	947
113	920	0	0	2	0	922
114	0	0	941	2	0	943
115	2	0	0	929	0	931
116	1	0	925	1	0	927
117	0	858	0	7	0	865
118	840	0	2	0	0	842
119	0	821	0	0	0	821
120	2	0	0	771	0	773
121	0	776	0	1	0	777
122	755	0	0	2	0	757
123	0	765	0	0	0	765
124	2	0	747	0	0	749
125	0	758	0	0	0	758
126	744	0	2	0	0	746
127	0	2	758	1	0	761
128	2	0	1	755	0	758
129	742	0	2	1	0	745
130	0	0	1	721	0	722
131	732	0	1	0	0	733
132	726	1	1	2	0	730
133	3	0	0	732	0	735
134	2	0	1	726	0	729
135	721	1	0	4	0	726
136	716	1	1	3	0	721
137	4	0	0	708	0	712
138	708	0	0	3	0	711
139	710	0	0	7	0	717
140	5	725	1	0	0	731
141	4	1	1	715	0	721
142	722	3	1	1	0	727
143	726	1	0	4	0	731
144	4	1	0	725	0	730
145	3	1	0	727	0	731
146	720	1	1	5	0	727
147	2	731	1	5	0	739
148	3	1	1	723	0	728
149	0	3	731	1	0	735
150	0	2	2	699	0	703
151	1	719	5	2	0	727
152	0	2	724	4	0	730
153	1	4	2	715	0	722
154	0	0	6	716	0	722
155	0	1	721	6	0	728
156	691	1	3	5	0	700
157	1	736	3	1	0	741
158	730	1	2	1	0	734
159	1	5	734	1	0	741
160	3	1	743	3	0	750
161	713	1	6	2	0	722
162	1	741	6	3	0	751
163	734	3	1	0	0	738
164	1	754	1	3	0	759
165	4	4	750	1	0	759
166	742	5	2	1	0	750
167	2	3	770	1	0	776
168	4	1	2	759	0	766
169	752	0	6	3	0	761
170	748	2	1	4	0	755
171	5	767	0	2	0	774
172	4	9	0	738	0	751
173	0	747	1	3	0	751
174	2	2	734	4	0	742
175	2	8	3	678	0	691
176	1	667	3	5	0	676
177	0	3	1	634	0	638
178	578	4	2	3	0	587
179	2	0	0	615	0	617
180	3	620	0	1	0	624
181	1	1	1	621	0	624
182	1	3	1	619	0	624
183	1	626	0	4	0	631
184	0	4	1	622	0	627
185	2	2	623	2	0	629
186	1	610	1	4	0	616
187	564	1	1	0	0	566
188	1	1	572	0	0	574
189	1	0	570	1	0	572
190	0	551	2	0	0	553
191	8	10	1	491	0	510
192	1	1	495	1	0	498
193	0	472	1	1	0	474
194	0	1	3	457	0	461
195	0	1	0	468	0	469
196	457	0	0	2	0	459
197	1	457	0	2	0	460
198	1	1	445	2	0	449
199	0	1	450	2	0	453
200	0	1	4	449	0	454
201	0	0	1	506	0	507
202	0	0	0	511	0	511
203	0	612	0	5	0	617
204	0	3	632	1	0	636
205	0	2	4	634	0	640
206	0	689	2	5	0	696
207	0	699	0	2	0	701
208	0	6	738	0	0	744
209	1	2	8	716	0	727
210	2	0	775	9	0	786
211	0	0	8	767	0	775
212	0	0	6	781	0	787
213	0	0	781	15	0	796
214	0	780	9	8	0	797
215	770	9	8	0	0	787
216	9	8	793	0	0	810
217	7	796	9	0	0	812
218	0	803	7	1	0	811
219	1	17	790	0	0	808
220	776	8	9	0	0	793
221	10	0	8	725	0	743
222	8	798	0	8	0	814
223	791	9	0	7	0	807
224	9	8	0	760	0	777
225	8	786	0	7	0	801
226	791	8	0	7	0	806
227	10	7	781	0	0	798
228	7	771	9	0	0	787
229	736	9	8	0	0	753
230	6	748	1	0	0	755
231	740	8	0	0	0	748
232	9	7	0	715	0	731
233	6	723	1	7	0	737
234	0	7	0	719	0	726
235	706	6	1	8	0	721
236	8	0	709	8	0	725
237	7	0	713	1	0	721
238	0	1	16	696	0	713
239	0	1	7	694	0	702
240	1	1	0	685	0	687
241	0	680	1	17	0	698
242	0	9	672	6	0	687
243	0	8	8	639	0	655
244	0	659	8	8	0	675
245	1	660	0	7	0	668
246	0	14	656	1	0	671
247	0	8	670	0	0	678
248	1	0	678	2	0	681
249	0	0	15	646	0	661
250	0	1	665	9	0	675
251	1	1	7	650	0	659
252	0	0	668	8	0	676
253	614	1	9	8	0	632
254	9	675	7	0	0	691
255	6	712	0	0	0	718
256	1	15	718	0	0	734
257	703	7	8	2	0	720
258	715	1	9	0	0	725
259	719	0	0	2	0	721
260	17	0	691	1	0	709
261	8	1	703	0	0	712
262	0	1	17	685	0	703
263	697	0	8	9	0	714
264	681	0	1	8	0	690
265	16	1	670	1	0	688
266	674	2	8	0	0	684
267	8	0	10	652	0	670
268	10	0	661	9	0	680
269	0	1	659	8	0	668
270	641	2	17	0	0	660
271	9	0	662	0	0	671
272	645	0	9	2	0	656
273	7	2	657	0	0	666
274	9	637	8	1	0	655
275	0	658	10	0	0	668
276	2	17	1	636	0	656
277	1	8	1	660	0	670
278	1	1	649	16	0	667
279	1	2	7	632	0	642
280	1	633	8	8	0	650
281	0	644	3	6	0	653
282	1	656	0	1	0	658
283	3	18	0	625	0	646
284	1	8	632	8	0	649
285	1	2	630	8	0	641
286	0	1	17	602	0	620
287	0	0	9	605	0	614
288	3	0	0	585	0	588
289	1	604	0	14	0	619
290	602	9	2	8	0	621
291	604	8	0	1	0	613
292	15	605	0	2	0	622
293	8	9	599	0	0	616
294	599	8	10	0	0	617
295	9	0	613	0	0	622
296	601	1	10	0	0	612
297	603	0	8	1	0	612
298	607	1	2	0	0	610
299	599	1	0	1	0	601
300	14	591	1	0	0	606
301	535	7	0	1	0	543
302	6	542	0	2	0	550
303	416	5	2	0	0	423
304	5	408	1	1	0	415
305	10	5	357	0	0	372
306	1	38	7	293	0	339
307	0	327	10	2	0	339
308	0	291	1	6	0	298
309	262	9	9	8	0	288
310	243	3	0	0	0	246
311	4	241	0	0	0	245
312	1	0	1	236	0	238
313	1	275	0	1	0	277
314	277	2	0	1	0	280
315	1	1	280	1	0	283
316	1	0	2	268	0	271
317	1	0	1	265	0	267
318	0	0	2	267	0	269
319	1	0	263	3	0	267
320	0	263	2	2	0	267
321	0	263	1	2	0	266
322	0	2	1	270	0	273
323	0	2	273	2	0	277
324	0	1	1	273	0	275
325	0	0	2	272	0	274
326	0	0	0	269	0	269
327	0	1	0	264	0	265
328	260	1	0	3	0	264
329	1	264	0	2	0	267
330	263	1	0	2	0	266
331	2	1	264	0	0	267
332	1	2	264	0	0	267
333	1	0	2	258	0	261
334	0	0	3	244	0	247
335	0	264	1	4	0	269
336	0	1	265	3	0	269
337	0	271	1	2	0	274
338	1	2	272	0	0	275
339	260	3	2	0	0	265
340	1	269	2	0	0	272
341	2	1	271	1	0	275
342	1	1	3	269	0	274
343	1	1	271	2	0	275
344	1	265	2	2	0	270
345	1	1	1	254	0	257
346	0	264	1	2	0	267
347	2	3	264	1	0	270
348	1	3	1	255	0	260
349	255	2	1	1	0	259
350	2	253	2	1	0	258
351	1	2	253	1	0	257
352	1	2	2	236	0	241
353	0	1	238	2	0	241
354	0	2	219	1	0	222
355	0	192	3	0	0	195
356	1	2	1	163	0	167
357	0	0	2	165	0	167
358	0	1	0	163	0	164
359	0	1	166	2	0	169
360	0	0	170	0	0	170
361	163	0	1	1	0	165
362	1	0	172	0	0	173
363	160	1	2	0	0	163
364	1	167	0	1	0	169
365	0	2	1	159	0	162
366	1	169	1	1	0	172
367	0	174	0	1	0	175
368	1	1	171	1	0	174
369	0	1	1	169	0	171
370	0	1	173	2	0	176
371	0	0	165	2	0	167
372	158	0	3	1	0	162
373	1	1	165	0	0	167
374	0	2	162	0	0	164
375	150	0	1	1	0	152
376	1	0	156	1	0	158
377	0	0	156	2	0	158
378	1	0	2	149	0	152
379	0	157	2	2	0	161
380	1	1	1	153	0	156
381	0	0	1	157	0	158
382	155	3	0	1	0	159
383	2	1	0	156	0	159
384	0	156	2	2	0	160
385	155	2	1	1	0	159
386	1	0	153	1	0	155
387	152	1	2	1	0	156
388	2	1	170	1	0	174
389	0	1	175	0	0	176
390	0	181	2	0	0	183
391	183	1	2	1	0	187
392	1	189	3	0	0	193
393	0	3	192	1	0	196
394	2	0	2	170	0	174
395	0	188	1	2	0	191
396	186	1	3	1	0	191
397	189	0	0	1	0	190
398	1	188	0	1	0	190
399	190	2	0	0	0	192
400	2	0	2	185	0	189
401	1	185	1	3	0	190
402	2	1	0	187	0	190
403	0	1	0	198	0	199
404	197	2	1	1	0	201
405	195	0	2	2	0	199
406	199	1	1	1	0	202
407	2	1	200	0	0	203
408	196	1	2	0	0	199
409	2	2	0	195	0	199
410	1	0	201	2	0	204
411	0	1	196	2	0	199
412	0	185	4	0	0	189
413	146	0	2	0	0	148
414	2	158	0	0	0	160
415	1	0	0	153	0	154
416	1	0	0	155	0	156
417	0	0	159	0	0	159
418	1	0	0	147	0	148
419	0	0	154	1	0	155
420	0	0	157	0	0	157
421	0	160	1	0	0	161
422	0	1	0	150	0	151
423	1	0	0	147	0	148
424	147	1	0	0	0	148
425	0	0	149	1	0	150
426	0	0	0	150	0	150
427	149	0	1	0	0	150
428	0	0	151	2	0	153
429	148	0	1	0	0	149
430	150	0	1	0	0	151
431	1	1	162	0	0	164
432	0	0	1	157	0	158
433	0	0	0	159	0	159
434	1	0	168	1	0	170
435	163	0	2	0	0	165
436	165	0	1	1	0	167
437	160	1	0	0	0	161
438	166	0	1	0	0	167
439	163	1	0	0	0	164
440	1	0	160	1	0	162
441	0	0	170	1	0	171
442	0	169	1	1	0	171
443	0	0	171	1	0	172
444	0	0	2	165	0	167
445	1	0	0	153	0	154
446	1	1	0	171	0	173
447	1	0	0	170	0	171
448	1	0	172	4	0	177
449	2	170	0	2	0	174
450	0	176	2	0	0	178
451	0	0	1	168	0	169
452	1	180	0	0	0	181
453	177	0	2	0	0	179
454	173	0	0	1	0	174
455	1	189	0	1	0	191
456	0	0	1	187	0	188
457	0	0	0	195	0	195
458	0	0	199	1	0	200
459	179	1	1	1	0	182
460	191	1	0	0	0	192
461	1	198	0	2	0	201
462	200	1	0	0	0	201
463	2	0	206	0	0	208
464	2	208	0	0	0	210
465	0	213	0	0	0	213
466	0	211	1	1	0	213
467	0	1	0	208	0	209
468	203	0	2	0	0	205
469	1	0	0	210	0	211
470	2	0	207	0	0	209
471	0	1	0	208	0	209
472	1	0	223	1	0	225
473	0	0	2	210	0	212
474	0	1	0	203	0	204
475	0	222	0	0	0	222
476	225	1	0	0	0	226
477	0	1	0	224	0	225
478	2	222	0	1	0	225
479	229	0	0	1	0	230
480	208	1	1	0	0	210
481	226	0	0	2	0	228
482	0	235	1	1	0	237
483	0	0	228	2	0	230
484	1	2	0	233	0	236
485	1	2	0	224	0	227
486	2	234	1	1	0	238
487	1	0	242	2	0	245
488	1	2	233	1	0	237
489	221	2	0	1	0	224
490	0	3	0	226	0	229
491	1	1	232	1	0	235
492	1	245	0	1	0	247
493	1	1	1	234	0	237
494	0	254	1	3	0	258
495	0	0	253	1	0	254
496	236	1	1	1	0	239
497	250	0	2	1	0	253
498	0	256	1	3	0	260
499	1	1	0	254	0	256
500	1	1	259	1	0	262
501	1	259	1	1	0	262
502	254	2	0	1	0	257
503	1	247	0	1	0	249
504	1	249	0	0	0	250
505	2	0	0	242	0	244
506	0	247	0	0	0	247
507	242	0	1	0	0	243
508	0	0	0	235	0	235
509	0	0	233	0	0	233
510	0	1	222	0	0	223
511	0	0	1	225	0	226
512	0	227	1	0	0	228
513	225	0	0	0	0	225
514	0	0	0	217	0	217
515	0	0	215	0	0	215
516	0	1	0	211	0	212
517	0	0	0	216	0	216
518	217	1	0	0	0	218
519	0	0	1	210	0	211
520	0	0	218	0	0	218
521	1	0	221	2	0	224
522	0	1	0	225	0	226
523	0	0	0	225	0	225
524	0	0	247	0	0	247
525	217	1	0	0	0	218
526	1	0	243	0	0	244
527	0	257	0	0	0	257
528	0	1	0	255	0	256
529	0	0	258	1	0	259
530	0	1	255	0	0	256
531	1	0	0	246	0	247
532	247	0	0	1	0	248
533	0	0	264	1	0	265
534	0	269	1	0	0	270
535	268	0	0	0	0	268
536	0	1	277	0	0	278
537	264	0	0	0	0	264
538	272	0	0	1	0	273
539	0	293	1	0	0	294
540	0	0	0	294	0	294
541	0	301	0	1	0	302
542	1	0	301	0	0	302
543	285	0	0	0	0	285
544	305	0	1	0	0	306
545	0	0	307	0	0	307
546	0	0	311	1	0	312
547	0	315	0	1	0	316
548	321	0	1	1	0	323
549	1	0	0	324	0	325
550	0	0	1	319	0	320
551	0	326	0	0	0	326
552	317	0	0	1	0	318
553	0	0	331	0	0	331
554	0	0	1	351	0	352
555	369	0	0	3	0	372
556	3	376	0	1	0	380
557	1	2	435	0	0	438
558	0	1	444	2	0	447
559	1	1	4	435	0	441
560	0	446	2	3	0	451
561	1	3	453	1	0	458
562	0	1	3	446	0	450
563	458	0	1	3	0	462
564	4	4	464	1	0	473
565	1	0	3	454	0	458
566	0	0	470	2	0	472
567	0	0	478	1	0	479
568	0	2	5	462	0	469
569	0	0	476	3	0	479
570	419	0	3	3	0	425
571	3	0	481	0	0	484
572	450	0	2	0	0	452
573	3	472	2	0	0	477
574	478	3	0	0	0	481
575	3	500	0	0	0	503
576	2	3	0	494	0	499
577	0	2	0	510	0	512
578	0	0	510	5	0	515
579	0	0	513	2	0	515
580	0	0	5	510	0	515
581	0	0	520	4	0	524
582	1	0	3	490	0	494
583	0	505	2	3	0	510
584	0	512	1	2	0	515
585	0	5	2	501	0	508
586	0	2	0	508	0	510
587	0	1	499	5	0	505
588	0	0	4	489	0	493
589	0	497	2	4	0	503
590	1	500	1	2	0	504
591	1	495	1	0	0	497
592	0	5	1	457	0	463
593	1	466	1	2	0	470
594	454	4	1	2	0	461
595	4	2	0	455	0	461
596	2	1	455	3	0	461
597	1	0	3	452	0	456
598	0	0	458	4	0	462
599	1	0	461	2	0	464
600	0	1	466	0	0	467
601	1	460	4	2	0	467
602	1	3	470	0	0	474
603	460	3	3	1	0	467
604	468	0	4	0	0	472
605	476	1	2	0	0	479
606	4	0	1	471	0	476
607	472	1	0	5	0	478
608	2	470	3	2	0	477
609	2	477	0	3	0	482
610	471	6	0	0	0	477
611	2	4	480	0	0	486
612	2	1	2	477	0	482
613	0	0	486	5	0	491
614	0	1	492	2	0	495
615	1	488	5	2	0	496
616	0	4	3	478	0	485
617	1	3	1	486	0	491
618	480	1	1	5	0	487
619	4	493	2	3	0	502
620	2	510	1	0	0	513
621	2	5	501	0	0	508
622	0	512	3	1	0	516
623	500	2	4	1	0	507
624	494	2	1	2	0	499
625	7	0	511	0	0	518
626	3	1	514	0	0	518
627	0	1	7	483	0	491
628	1	2	5	484	0	492
629	0	490	2	7	0	499
630	2	5	0	490	0	497
631	2	3	2	486	0	493
632	1	494	2	6	0	503
633	1	4	1	490	0	496
634	1	2	5	465	0	473
635	0	469	2	8	0	479
636	1	5	466	3	0	475
637	2	3	4	477	0	486
638	478	1	4	5	0	488
639	461	0	1	4	0	466
640	7	3	463	0	0	473
641	454	2	4	0	0	460
642	457	2	3	1	0	463
643	5	463	1	2	0	471
644	4	3	453	4	0	464
645	2	4	466	1	0	473
646	0	3	9	479	0	491
647	495	1	5	5	0	506
648	516	1	3	4	0	524
649	5	1	3	535	0	544
650	572	2	0	5	0	579
651	588	2	1	3	0	594
652	559	1	5	3	0	568
653	5	1	592	2	0	600
654	3	1	580	2	0	586
655	541	0	1	2	0	544
656	1	2	550	0	0	553
657	1	485	1	0	0	487
658	0	1	5	473	0	479
659	1	1	506	0	0	508
660	1	0	502	1	0	504
661	0	6	2	474	0	482
662	2	0	495	0	0	497
663	1	0	504	1	0	506
664	0	484	1	0	0	485
665	0	493	1	0	0	494
666	487	0	0	0	0	487
667	0	1	0	484	0	485
668	488	0	0	0	0	488
669	0	0	493	0	0	493
670	0	0	0	485	0	485
671	0	0	0	504	0	504
672	486	0	0	0	0	486
673	0	502	0	0	0	502
674	0	0	485	0	0	485
675	1	2	486	0	0	489
676	0	502	0	0	0	502
677	0	1	492	0	0	493
678	0	486	0	1	0	487
679	0	478	0	0	0	478
680	2	1	462	1	0	466
681	454	1	0	0	0	455
682	0	1	0	472	0	473
683	0	492	0	0	0	492
684	0	0	0	474	0	474
685	492	0	0	0	0	492
686	483	0	0	0	0	483
687	486	0	0	0	0	486
688	0	0	488	0	0	488
689	0	0	1	464	0	465
690	1	488	0	0	0	489
691	510	0	0	1	0	511
692	0	1	0	519	0	520
693	1	0	0	520	0	521
694	0	0	0	523	0	523
695	0	0	533	0	0	533
696	485	0	0	0	0	485
697	0	542	1	0	0	543
698	1	0	1	535	0	537
699	1	1	0	535	0	537
700	519	1	1	0	0	521
701	1	0	540	0	0	541
702	1	0	537	1	0	539
703	1	541	0	0	0	542
704	0	1	552	0	0	553
705	507	0	1	2	0	510
706	0	559	1	2	0	562
707	1	0	561	0	0	562
708	495	1	0	1	0	497
709	0	0	578	1	0	579
710	0	575	2	0	0	577
711	0	1	0	567	0	568
712	0	3	1	575	0	579
713	0	0	573	0	0	573
714	0	1	569	3	0	573
715	1	565	1	0	0	567
716	551	0	1	0	0	552
717	0	577	0	2	0	579
718	0	1	0	570	0	571
719	1	0	562	1	0	564
720	505	1	1	0	0	507
721	1	0	0	546	0	547
722	1	548	1	0	0	550
723	0	567	1	0	0	568
724	0	0	0	561	0	561
725	0	2	0	563	0	565
726	553	0	0	0	0	553
727	0	0	1	565	0	566
728	2	0	562	1	0	565
729	543	0	0	4	0	547
730	567	1	1	0	0	569
731	1	1	576	1	0	579
732	564	1	1	0	0	566
733	1	0	0	587	0	588
734	1	0	0	593	0	594
735	1	0	1	592	0	594
736	0	0	1	575	0	576
737	0	592	1	1	0	594
738	603	1	1	0	0	605
739	622	0	1	1	0	624
740	0	0	668	1	0	669
741	663	2	1	1	0	667
742	698	0	2	1	0	701
743	713	0	0	0	0	713
744	732	1	1	0	0	734
745	1	727	0	4	0	732
746	1	0	0	691	0	692
747	2	0	700	2	0	704
748	1	0	678	0	0	679
749	584	5	4	2	0	595
750	600	0	5	5	0	610
751	0	595	1	1	0	597
752	593	0	1	1	0	595
753	2	604	0	0	0	606
754	1	1	1	583	0	586
755	602	1	0	2	0	605
756	609	1	0	0	0	610
757	601	1	1	0	0	603
758	2	602	0	2	0	606
759	596	1	0	0	0	597
760	2	0	1	592	0	595
761	606	0	0	0	0	606
762	1	1	594	0	0	596
763	1	597	1	1	0	600
764	588	1	0	2	0	591
765	2	0	604	1	0	607
766	0	2	4	593	0	599
767	1	1	612	1	0	615
768	2	1	609	0	0	612
769	1	0	2	587	0	590
770	1	1	610	2	0	614
771	0	1	2	594	0	597
772	0	0	2	594	0	596
773	593	0	1	2	0	596
774	0	617	1	1	0	619
775	1	613	2	7	0	623
776	1	626	0	2	0	629
777	1	3	610	1	0	615
778	1	5	1	616	0	623
779	1	1	638	1	0	641
780	590	1	1	3	0	595
781	620	0	2	1	0	623
782	3	640	0	2	0	645
783	2	1	2	619	0	624
784	1	641	1	1	0	644
785	631	1	1	0	0	633
786	2	1	0	631	0	634
787	1	0	650	2	0	653
788	1	644	2	0	0	647
789	2	4	646	0	0	652
790	2	0	1	636	0	639
791	1	0	635	1	0	637
792	604	2	1	1	0	608
793	1	0	643	1	0	645
794	0	641	3	1	0	645
795	0	1	2	634	0	637
796	2	0	1	643	0	646
797	637	0	1	0	0	638
798	633	2	0	2	0	637
799	2	637	0	1	0	640
800	0	3	636	1	0	640
801	1	1	629	0	0	631
802	616	1	1	0	0	618
803	1	0	630	0	0	631
804	1	0	610	1	0	612
805	0	1	615	0	0	616
806	3	0	603	0	0	606
807	0	612	2	1	0	615
808	618	2	1	0	0	621
809	1	0	2	597	0	600
810	598	2	1	1	0	602
811	3	600	0	0	0	603
812	596	1	1	1	0	599
813	1	617	2	2	0	622
814	1	1	1	618	0	621
815	0	659	2	2	0	663
816	2	1	657	2	0	662
817	1	664	3	0	0	668
818	2	1	0	720	0	723
819	723	2	1	2	0	728
820	3	1	1	727	0	732
821	1	2	737	3	0	743
822	2	1	1	704	0	708
823	2	728	1	0	0	731
824	1	2	729	2	0	734
825	710	2	3	1	0	716
826	1	0	4	738	0	743
827	737	1	1	2	0	741
828	735	0	2	1	0	738
829	2	749	1	0	0	752
830	743	1	1	2	0	747
831	740	1	3	1	0	745
832	3	756	0	1	0	760
833	2	3	1	747	0	753
834	3	1	1	742	0	747
835	1	744	1	3	0	749
836	1	1	1	749	0	752
837	0	3	750	1	0	754
838	1	1	2	735	0	739
839	1	1	730	2	0	734
840	2	0	663	2	0	667
841	1	660	1	1	0	663
842	1	644	2	0	0	647
843	0	656	0	0	0	656
844	6	3	1	615	0	625
845	0	3	624	1	0	628
846	599	0	1	1	0	601
847	1	2	1	618	0	622
848	1	0	617	1	0	619
849	1	2	612	1	0	616
850	1	619	3	0	0	623
851	0	2	1	609	0	612
852	606	1	1	2	0	610
853	1	604	0	1	0	606
854	2	599	0	0	0	601
855	0	592	0	1	0	593
856	0	1	1	597	0	599
857	0	634	0	1	0	635
858	0	0	1	667	0	668
859	0	2	0	677	0	679
860	0	0	698	3	0	701
861	589	0	0	4	0	593
862	0	0	706	0	0	706
863	3	0	3	702	0	708
864	0	0	727	0	0	727
865	0	713	0	3	0	716
866	703	0	4	0	0	707
867	0	3	0	698	0	701
868	3	0	0	699	0	702
869	715	0	0	3	0	718
870	708	0	0	3	0	711
871	720	0	0	0	0	720
872	3	0	721	0	0	724
873	657	0	0	0	0	657
874	0	704	3	0	0	707
875	3	701	0	0	0	704
876	0	3	0	689	0	692
877	0	3	0	653	0	656
878	0	685	0	5	0	690
879	0	0	0	672	0	672
880	636	3	1	0	0	640
881	1	0	674	7	0	682
882	3	671	0	1	0	675
883	633	0	4	0	0	637
884	0	652	1	1	0	654
885	3	1	646	0	0	650
886	0	4	0	639	0	643
887	1	1	639	0	0	641
888	0	624	0	3	0	627
889	2	1	3	613	0	619
890	0	4	627	0	0	631
891	0	0	619	4	0	623
892	1	3	3	600	0	607
893	617	0	3	1	0	621
894	610	0	0	4	0	614
895	616	0	1	0	0	617
896	4	1	632	0	0	637
897	3	632	1	0	0	636
898	0	1	3	622	0	626
899	0	3	1	591	0	595
900	0	627	0	3	0	630
901	621	0	0	3	0	624
902	0	3	0	626	0	629
903	3	1	626	1	0	631
904	1	627	0	4	0	632
905	606	0	3	1	0	610
906	1	627	1	4	0	633
907	4	0	0	616	0	620
908	1	3	2	616	0	622
909	1	1	0	613	0	615
910	0	5	617	3	0	625
911	1	1	0	598	0	600
912	1	613	4	1	0	619
913	0	601	0	4	0	605
914	1	3	581	3	0	588
915	551	3	0	2	0	556
916	559	1	4	0	0	564
917	5	563	0	1	0	569
918	501	0	1	0	0	502
919	485	3	1	0	0	489
920	2	507	2	0	0	511
921	4	1	0	505	0	510
922	0	4	528	1	0	533
923	0	2	519	3	0	524
924	512	1	2	3	0	518
925	0	541	4	1	0	546
926	3	4	1	536	0	544
927	0	2	1	540	0	543
928	2	1	1	544	0	548
929	535	0	2	3	0	540
930	2	2	0	536	0	540
931	3	0	2	530	0	535
932	0	2	517	4	0	523
933	485	0	3	3	0	491
934	1	515	3	2	0	521
935	507	3	1	3	0	514
936	1	505	1	1	0	508
937	3	1	1	493	0	498
938	504	3	2	2	0	511
939	499	1	1	2	0	503
940	5	0	508	2	0	515
941	503	1	2	0	0	506
942	3	1	528	1	0	533
943	4	1	505	1	0	511
944	0	1	513	3	0	517
945	2	1	549	1	0	553
946	0	1	4	551	0	556
947	1	0	568	2	0	571
948	0	1	3	562	0	566
949	570	0	3	3	0	576
950	2	1	0	563	0	566
951	539	0	1	1	0	541
952	2	561	1	2	0	566
953	4	3	0	551	0	558
954	0	3	545	3	0	551
955	0	569	2	4	0	575
956	0	6	2	542	0	550
957	1	1	534	3	0	539
958	0	524	5	0	0	529
959	0	514	0	2	0	516
960	0	3	500	0	0	503
961	0	8	3	477	0	488
962	1	0	481	1	0	483
963	447	1	2	0	0	450
964	453	1	0	1	0	455
965	2	459	0	1	0	462
966	458	2	0	1	0	461
967	4	0	0	455	0	459
968	0	0	457	3	0	460
969	434	0	2	1	0	437
970	2	0	453	0	0	455
971	1	448	2	0	0	451
972	454	3	2	0	0	459
973	2	0	0	452	0	454
974	2	0	451	2	0	455
975	443	0	2	0	0	445
976	439	0	0	0	0	439
977	440	0	0	0	0	440
978	1	0	0	438	0	439
979	0	0	0	443	0	443
980	0	0	446	2	0	448
981	0	441	2	0	0	443
982	0	2	0	436	0	438
983	0	0	0	442	0	442
984	0	0	444	2	0	446
985	0	0	440	0	0	440
986	1	0	2	447	0	450
987	441	0	0	2	0	443
988	0	448	0	0	0	448
989	445	2	0	0	0	447
990	0	446	0	0	0	446
991	0	2	440	0	0	442
992	2	0	447	0	0	449
993	434	0	2	0	0	436
994	478	0	0	0	0	478
995	2	481	0	0	0	483
996	0	2	462	0	0	464
997	0	0	2	462	0	464
998	0	0	1	444	0	445
999	0	464	1	3	0	468
1000	1	2	0	458	0	461
1001	0	0	465	3	0	468
1002	454	0	2	0	0	456
1003	456	1	0	0	0	457
1004	456	0	0	1	0	457
1005	454	0	2	0	0	456
1006	2	1	441	0	0	444
1007	432	0	2	1	0	435
1008	2	0	442	0	0	444
1009	0	439	2	0	0	441
1010	0	3	0	438	0	441
1011	442	2	1	2	0	447
1012	3	0	0	460	0	463
1013	0	1	460	2	0	463
1014	456	0	2	0	0	458
1015	456	1	0	0	0	457
1016	2	1	1	461	0	465
1017	1	0	1	458	0	460
1018	2	1	458	3	0	464
1019	1	459	3	0	0	463
1020	447	3	0	0	0	450
1021	2	0	434	0	0	436
1022	410	1	2	1	0	414
1023	3	419	0	0	0	422
1024	405	4	0	2	0	411
1025	2	392	3	1	0	398
1026	3	393	1	0	0	397
1027	3	2	0	389	0	394
1028	2	0	0	386	0	388
1029	0	0	0	384	0	384
1030	1	0	1	386	0	388
1031	0	3	379	1	0	383
1032	373	1	1	0	0	375
1033	378	0	2	1	0	381
1034	381	1	0	2	0	384
1035	1	1	1	381	0	384
1036	2	0	1	381	0	384
1037	381	0	0	2	0	383
1038	378	1	1	0	0	380
1039	381	1	0	1	0	383
1040	2	0	0	372	0	374
1041	0	2	0	355	0	357
1042	0	0	349	3	0	352
1043	0	0	347	1	0	348
1044	2	342	1	0	0	345
1045	286	2	6	5	0	299
1046	280	1	3	0	0	284
1047	277	0	0	1	0	278
1048	0	2	279	1	0	282
1049	277	0	0	0	0	277
1050	279	0	0	0	0	279
1051	280	1	0	0	0	281
1052	0	0	0	276	0	276
1053	0	0	0	275	0	275
1054	0	0	1	272	0	273
1055	0	0	258	1	0	259
1056	236	1	1	0	0	238
1057	2	242	0	1	0	245
1058	216	0	0	0	0	216
1059	2	211	0	1	0	214
1060	0	202	2	2	0	206
1061	1	1	0	207	0	209
1062	2	0	1	197	0	200
1063	2	205	0	1	0	208
1064	201	0	0	1	0	202
1065	198	0	0	2	0	200
1066	0	0	0	194	0	194
1067	0	0	196	0	0	196
1068	1	0	193	0	0	194
1069	0	2	192	0	0	194
1070	3	0	188	0	0	191
1071	169	3	5	0	0	177
1072	169	1	0	0	0	170
1073	0	0	1	165	0	166
1074	2	0	165	1	0	168
1075	1	1	0	170	0	172
1076	2	174	1	0	0	177
1077	1	187	0	1	0	189
1078	189	0	0	1	0	190
1079	187	0	1	0	0	188
1080	185	0	2	0	0	187
1081	1	0	1	189	0	191
1082	0	1	1	189	0	191
1083	2	0	0	189	0	191
1084	1	1	1	185	0	188
1085	0	2	185	1	0	188
1086	0	0	1	183	0	184
1087	191	0	0	1	0	192
1088	0	1	0	191	0	192
1089	0	2	0	192	0	194
1090	1	0	0	193	0	194
1091	0	199	0	0	0	199
1092	1	197	0	0	0	198
1093	0	188	0	1	0	189
1094	0	0	0	157	0	157
1095	0	0	0	157	0	157
1096	153	0	0	1	0	154
1097	154	0	1	0	0	155
1098	153	0	0	1	0	154
1099	1	0	0	152	0	153
1100	1	0	0	150	0	151
1101	0	153	0	1	0	154
1102	0	156	0	1	0	157
1103	158	1	0	0	0	159
1104	0	1	0	159	0	160
1105	161	1	0	0	0	162
1106	167	0	0	1	0	168
1107	1	0	0	163	0	164
1108	2	174	1	0	0	177
1109	175	0	0	1	0	176
1110	174	1	0	1	0	176
1111	2	1	178	1	0	182
1112	161	0	0	0	0	161
1113	0	162	0	0	0	162
1114	1	0	0	174	0	175
1115	205	1	0	1	0	207
1116	1	0	0	209	0	210
1117	1	0	0	205	0	206
1118	0	208	0	2	0	210
1119	210	1	0	1	0	212
1120	211	1	0	0	0	212
1121	2	212	0	0	0	214
1122	1	225	0	0	0	226
1123	224	2	0	0	0	226
1124	224	1	0	0	0	225
1125	1	0	222	0	0	223
1126	1	0	217	0	0	218
1127	0	0	239	0	0	239
1128	0	0	2	237	0	239
1129	0	0	1	243	0	244
1130	0	0	243	2	0	245
1131	230	0	1	1	0	232
1132	246	0	1	0	0	247
1133	248	0	0	0	0	248
1134	245	0	0	0	0	245
1135	2	0	277	1	0	280
1136	284	0	1	0	0	285
1137	286	1	2	0	0	289
1138	298	0	0	0	0	298
1139	296	0	0	0	0	296
1140	295	0	0	0	0	295
1141	2	0	310	0	0	312
1142	1	312	1	0	0	314
1143	0	1	2	308	0	311
1144	0	1	0	313	0	314
1145	0	0	309	2	0	311
1146	297	0	1	0	0	298
1147	1	0	1	310	0	312
1148	1	0	324	1	0	326
1149	0	0	327	1	0	328
1150	0	348	2	0	0	350
1151	0	1	1	353	0	355
1152	0	1	0	357	0	358
1153	0	0	0	360	0	360
1154	358	0	0	2	0	360
1155	1	0	0	358	0	359
1156	1	0	357	1	0	359
1157	0	0	354	1	0	355
1158	0	0	391	0	0	391
1159	0	0	2	399	0	401
1160	401	0	1	1	0	403
1161	1	0	405	1	0	407
1162	409	0	1	0	0	410
1163	468	2	1	0	0	471
1164	2	0	0	480	0	482
1165	1	0	0	484	0	485
1166	0	504	0	2	0	506
1167	0	1	517	0	0	518
1168	509	1	1	0	0	511
1169	1	0	1	525	0	527
1170	1	530	0	1	0	532
1171	0	1	0	543	0	544
1172	0	1	543	1	0	545
1173	0	0	1	540	0	541
1174	0	544	1	1	0	546
1175	0	1	0	535	0	536
1176	543	1	0	1	0	545
1177	1	0	0	535	0	536
1178	1	531	0	1	0	533
1179	0	538	0	1	0	539
1180	526	2	0	0	0	528
1181	1	1	543	0	0	545
1182	1	0	1	545	0	547
1183	0	0	1	570	0	571
1184	0	0	585	2	0	587
1185	0	592	1	1	0	594
1186	0	3	593	0	0	596
1187	0	2	1	573	0	576
1188	0	608	2	1	0	611
1189	613	1	0	2	0	616
1190	1	612	0	3	0	616
1191	2	624	0	2	0	628
1192	637	3	0	0	0	640
1193	666	2	0	1	0	669
1194	694	0	0	0	0	694
1195	3	0	0	698	0	701
1196	2	0	705	1	0	708
1197	715	0	1	2	0	718
1198	756	0	2	0	0	758
1199	3	0	0	775	0	778
1200	2	0	790	1	0	793
1201	0	789	1	3	0	793
1202	797	1	3	0	0	801
1203	829	3	0	0	0	832
1204	4	849	0	1	0	854
1205	2	870	1	0	0	873
1206	869	2	0	0	0	871
1207	869	2	0	0	0	871
1208	859	0	2	0	0	861
1209	3	0	0	860	0	863
1210	3	0	893	1	0	897
1211	0	2	1	881	0	884
1212	0	1	898	2	0	901
1213	0	891	1	2	0	894
1214	0	887	2	0	0	889
1215	0	2	0	847	0	849
1216	0	1	0	864	0	865
1217	0	0	0	844	0	844
1218	0	868	0	3	0	871
1219	864	0	0	2	0	866
1220	844	3	0	0	0	847
1221	2	890	0	0	0	892
1222	2	0	0	869	0	871
1223	0	881	0	0	0	881
1224	0	0	0	875	0	875
1225	0	879	0	3	0	882
1226	898	0	0	1	0	899
1227	0	2	0	888	0	890
1228	2	0	899	0	0	901
1229	862	0	2	3	0	867
1230	896	0	2	0	0	898
1231	2	1	899	0	0	902
1232	2	0	0	890	0	892
1233	0	0	920	0	0	920
1234	0	0	0	915	0	915
1235	0	0	891	2	0	893
1236	854	0	0	2	0	856
1237	0	0	2	870	0	872
1238	2	888	0	0	0	890
1239	906	0	0	2	0	908
1240	1	2	0	917	0	920
1241	2	0	0	907	0	909
1242	0	0	910	2	0	912
1243	0	0	0	954	0	954
1244	1	0	981	0	0	982
1245	1	0	1036	1	0	1038
1246	0	0	2	1067	0	1069
1247	0	0	1164	1	0	1165
1248	1169	0	0	3	0	1172
1249	1322	0	3	0	0	1325
1250	1314	2	0	0	0	1316
1251	6	1460	0	0	0	1466
1252	7	2	0	1464	0	1473
1253	0	7	0	1349	0	1356
1254	0	1479	1	5	0	1485
1255	1478	1	1	5	0	1485
1256	1	6	0	1460	0	1467
1257	6	0	1523	2	0	1531
1258	1	0	1471	6	0	1478
1259	0	1464	7	0	0	1471
1260	1472	1	6	0	0	1479
1261	1	6	1479	0	0	1486
1262	1397	0	0	0	0	1397
1263	1	1355	7	0	0	1363
1264	8	1	1413	2	0	1424
1265	0	6	1415	0	0	1421
1266	2	0	1416	0	0	1418
1267	0	1372	7	0	0	1379
1268	1	1	1382	1	0	1385
1269	1340	6	1	0	0	1347
1270	1	0	6	1358	0	1365
1271	6	0	0	1376	0	1382
1272	0	0	0	1385	0	1385
1273	0	0	0	1386	0	1386
1274	0	0	1395	7	0	1402
1275	0	0	1	1386	0	1387
1276	1	0	6	1378	0	1385
1277	1376	0	0	8	0	1384
1278	1392	0	0	6	0	1398
1279	1371	1	0	0	0	1372
1280	7	0	1403	0	0	1410
1281	6	1425	0	1	0	1432
1282	0	1440	6	0	0	1446
1283	1344	8	0	0	0	1352
1284	3	1404	0	5	0	1412
1285	5	1	1	1387	0	1394
1286	0	11	1	1403	0	1415
1287	3	0	1404	8	0	1415
1288	1	1375	2	11	0	1389
1289	0	2	1393	0	0	1395
1290	1364	6	1	0	0	1371
1291	1372	1	6	1	0	1380
1292	8	0	2	1366	0	1376
1293	5	0	2	1341	0	1348
1294	1	1	1	1328	0	1331
1295	1	1	0	1330	0	1332
1296	0	0	1334	8	0	1342
1297	1	0	2	1309	0	1312
1298	2	2	1313	3	0	1320
1299	0	0	1283	6	0	1289
1300	0	1279	8	3	0	1290
1301	1267	2	6	1	0	1276
1302	2	1297	1	0	0	1300
1303	6	4	1	1227	0	1238
1304	2	7	1291	4	0	1304
1305	1236	0	4	7	0	1247
1306	4	0	1272	2	0	1278
1307	1264	0	3	1	0	1268
1308	1267	0	8	1	0	1276
1309	10	1	1	1307	0	1319
1310	8	1	0	1278	0	1287
1311	0	1	0	1278	0	1279
1312	2	1	1263	12	0	1278
1313	1222	1	5	8	0	1236
1314	5	1251	9	3	0	1268
1315	8	5	0	1231	0	1244
1316	1249	10	2	4	0	1265
1317	1254	2	2	9	0	1267
1318	1261	1	1	0	0	1263
1319	13	5	1245	0	0	1263
1320	1247	2	4	5	0	1258
1321	1242	0	9	3	0	1254
1322	14	3	1228	2	0	1247
1323	8	4	1253	2	0	1267
1324	4	0	15	1245	0	1264
1325	1	1	1280	7	0	1289
1326	2	1245	11	8	0	1266
1327	0	1258	10	3	0	1271
1328	1222	13	3	1	0	1239
1329	4	1251	4	1	0	1260
1330	9	5	3	1247	0	1264
1331	1204	10	1	6	0	1221
1332	3	1255	4	11	0	1273
1333	9	5	5	1242	0	1261
1334	1	7	6	1245	0	1259
1335	2	4	1238	14	0	1258
1336	2	2	5	1235	0	1244
1337	3	1	1244	6	0	1254
1338	3	0	1225	12	0	1240
1339	1	0	12	1199	0	1212
1340	1	0	10	1195	0	1206
1341	1189	2	1	15	0	1207
1342	6	1257	2	9	0	1274
1343	9	4	3	1205	0	1221
1344	2	24	2	1177	0	1205
1345	1110	1	1	16	0	1128
1346	9	1096	0	10	0	1115
1347	9	1001	3	0	0	1013
1348	2	934	2	1	0	939
1349	1	815	5	1	0	822
1350	692	7	22	1	0	722
1351	662	4	4	1	0	671
1352	646	0	0	1	0	647
1353	637	0	1	0	0	638
1354	7	0	0	630	0	637
1355	4	1	630	3	0	638
1356	0	621	3	9	0	633
1357	1	2	5	613	0	621
1358	2	4	614	3	0	623
1359	1	2	3	605	0	611
1360	0	0	5	600	0	605
1361	3	0	605	7	0	615
1362	2	0	3	603	0	608
1363	1	0	4	598	0	603
1364	607	0	2	7	0	616
1365	594	0	0	4	0	598
1366	596	0	1	0	0	597
1367	596	1	1	0	0	598
1368	8	1	1	589	0	599
1369	4	0	0	594	0	598
1370	0	1	1	596	0	598
1371	596	1	0	8	0	605
1372	3	1	0	599	0	603
1373	5	2	0	599	0	606
1374	0	3	580	9	0	592
1375	1	0	4	571	0	576
1376	2	579	5	4	0	590
1377	1	582	0	7	0	590
1378	555	7	1	1	0	564
1379	4	4	560	2	0	570
1380	3	531	6	1	0	541
1381	519	3	5	1	0	528
1382	3	3	1	518	0	525
1383	3	0	532	3	0	538
1384	1	1	3	515	0	520
1385	0	540	3	5	0	548
1386	535	3	1	2	0	541
1387	3	545	0	2	0	550
1388	539	3	0	2	0	544
1389	536	3	0	1	0	540
1390	7	0	0	531	0	538
1391	4	0	0	514	0	518
1392	1	515	0	13	0	529
1393	521	2	0	4	0	527
1394	3	3	521	1	0	528
1395	504	0	4	1	0	509
1396	496	0	3	0	0	499
1397	6	2	488	1	0	497
1398	3	3	3	465	0	474
1399	464	0	4	3	0	471
1400	3	0	465	3	0	471
1401	2	2	449	1	0	454
1402	429	1	3	0	0	433
1403	2	433	1	2	0	438
1404	1	393	2	0	0	396
1405	0	2	3	388	0	393
1406	5	2	386	2	0	395
1407	370	0	3	4	0	377
1408	1	4	374	0	0	379
1409	2	346	1	1	0	350
1410	343	3	1	0	0	347
1411	3	1	0	342	0	346
1412	340	1	0	3	0	344
1413	2	1	341	2	0	346
1414	4	1	1	336	0	342
1415	1	342	2	2	0	347
1416	1	1	1	338	0	341
1417	2	7	0	334	0	343
1418	2	0	342	2	0	346
1419	0	334	3	2	0	339
1420	2	333	2	1	0	338
1421	2	2	323	0	0	327
1422	295	1	3	0	0	299
1423	307	0	1	1	0	309
1424	3	1	0	300	0	304
1425	289	2	1	1	0	293
1426	1	289	1	2	0	293
1427	2	289	1	1	0	293
1428	294	3	1	0	0	298
1429	4	2	1	288	0	295
1430	296	1	0	2	0	299
1431	295	1	1	1	0	298
1432	3	0	0	280	0	283
1433	2	0	285	2	0	289
1434	277	1	1	1	0	280
1435	277	0	2	1	0	280
1436	2	1	0	271	0	274
1437	2	282	0	1	0	285
1438	0	3	1	282	0	286
1439	0	1	284	2	0	287
1440	0	2	280	1	0	283
1441	0	282	2	1	0	285
1442	5	3	3	202	0	213
1443	1	0	4	194	0	199
1444	2	0	196	1	0	199
1445	188	0	1	1	0	190
1446	198	0	0	1	0	199
1447	200	1	0	0	0	201
1448	196	2	0	0	0	198
1449	2	202	0	0	0	204
1450	1	203	0	1	0	205
1451	207	1	0	1	0	209
1452	3	0	0	206	0	209
1453	1	0	0	210	0	211
1454	0	209	1	2	0	212
1455	1	1	1	209	0	212
1456	2	0	0	201	0	203
1457	1	203	0	2	0	206
1458	0	2	201	1	0	204
1459	0	1	1	204	0	206
1460	202	0	0	2	0	204
1461	191	0	1	0	0	192
1462	1	1	192	0	0	194
1463	0	1	190	1	0	192
1464	0	0	190	2	0	192
1465	0	0	2	185	0	187
1466	1	0	188	1	0	190
1467	2	0	189	0	0	191
1468	8	2	1	176	0	187
1469	1	183	0	0	0	184
1470	1	2	185	0	0	188
1471	0	181	0	0	0	181
1472	175	1	0	0	0	176
1473	1	177	0	1	0	179
1474	0	0	0	173	0	173
1475	172	0	0	1	0	173
1476	0	1	0	175	0	176
1477	0	0	0	180	0	180
1478	0	0	184	1	0	185
1479	0	178	0	0	0	178
1480	0	180	2	0	0	182
1481	0	2	0	169	0	171
1482	2	1	0	164	0	167
1483	1	0	0	161	0	162
1484	0	0	157	1	0	158
1485	0	0	151	1	0	152
1486	139	0	2	0	0	141
1487	0	0	144	1	0	145
1488	1	0	143	0	0	144
1489	0	144	1	0	0	145
1490	0	0	1	148	0	149
1491	0	1	157	0	0	158
1492	0	0	0	154	0	154
1493	0	0	159	0	0	159
1494	0	0	0	157	0	157
1495	0	0	168	0	0	168
1496	0	0	0	163	0	163
1497	0	0	1	162	0	163
1498	0	174	0	1	0	175
1499	0	0	0	180	0	180
1500	0	189	0	0	0	189
1501	0	0	0	182	0	182
1502	0	1	0	185	0	186
1503	181	0	0	1	0	182
1504	0	0	0	182	0	182
1505	1	0	184	0	0	185
1506	0	0	0	180	0	180
1507	0	0	1	178	0	179
1508	0	0	181	1	0	182
1509	0	1	177	1	0	179
1510	0	0	1	175	0	176
1511	0	0	1	181	0	182
1512	0	0	180	1	0	181
1513	0	180	0	1	0	181
1514	0	179	1	0	0	180
1515	180	1	0	0	0	181
1516	0	1	0	183	0	184
1517	184	0	0	0	0	184
1518	177	0	0	1	0	178
1519	1	183	0	0	0	184
1520	184	0	0	0	0	184
1521	182	1	0	0	0	183
1522	1	0	184	0	0	185
1523	1	2	0	182	0	185
1524	0	0	187	0	0	187
1525	0	0	0	185	0	185
1526	0	1	182	0	0	183
1527	0	179	0	1	0	180
1528	0	178	1	0	0	179
1529	0	1	0	169	0	170
1530	165	1	0	0	0	166
1531	0	0	0	165	0	165
1532	2	0	0	163	0	165
1533	0	0	168	1	0	169
1534	0	0	170	1	0	171
1535	0	0	172	2	0	174
1536	0	0	1	170	0	171
1537	0	0	1	166	0	167
1538	0	173	0	2	0	175
1539	0	180	0	1	0	181
1540	180	1	0	0	0	181
1541	0	183	0	0	0	183
1542	1	0	176	0	0	177
1543	0	1	0	176	0	177
1544	0	0	181	0	0	181
1545	0	180	0	1	0	181
1546	0	2	1	180	0	183
1547	180	1	0	0	0	181
1548	0	0	184	1	0	185
1549	1	171	0	0	0	172
1550	2	0	169	0	0	171
1551	0	166	0	0	0	166
1552	0	0	5	160	0	165
1553	164	1	0	0	0	165
1554	161	0	0	1	0	162
1555	1	164	0	0	0	165
1556	169	0	0	0	0	169
1557	0	1	0	166	0	167
1558	169	0	0	0	0	169
1559	0	0	178	1	0	179
1560	1	0	178	1	0	180
1561	0	0	1	168	0	169
1562	0	0	1	183	0	184
1563	0	0	184	0	0	184
1564	0	1	0	183	0	184
1565	183	0	1	0	0	184
1566	182	0	0	1	0	183
1567	1	180	0	0	0	181
1568	1	173	0	3	0	177
1569	174	1	0	0	0	175
1570	0	1	0	170	0	171
1571	172	0	0	0	0	172
1572	0	171	0	1	0	172
1573	169	0	0	0	0	169
1574	0	1	173	0	0	174
1575	1	0	177	0	0	178
1576	0	0	1	170	0	171
1577	0	0	169	0	0	169
1578	0	0	0	159	0	159
1579	0	0	0	161	0	161
1580	0	0	165	0	0	165
1581	0	0	0	163	0	163
1582	0	0	0	179	0	179
1583	0	0	188	0	0	188
1584	0	0	186	0	0	186
1585	184	0	0	0	0	184
1586	0	0	188	0	0	188
1587	198	0	0	0	0	198
1588	213	0	0	0	0	213
1589	0	0	213	0	0	213
1590	0	0	212	0	0	212
1591	0	0	0	208	0	208
1592	0	0	0	203	0	203
1593	0	207	0	0	0	207
1594	0	216	0	2	0	218
1595	0	0	214	0	0	214
1596	208	0	0	0	0	208
1597	213	0	0	0	0	213
1598	0	0	210	0	0	210
1599	0	0	204	0	0	204
1600	0	0	0	191	0	191
1601	0	203	0	0	0	203
1602	0	0	0	202	0	202
1603	0	0	0	204	0	204
1604	205	0	0	0	0	205
1605	203	0	0	0	0	203
1606	0	0	0	206	0	206
1607	0	0	207	0	0	207
1608	202	0	0	0	0	202
1609	0	207	0	0	0	207
1610	207	0	0	0	0	207
1611	205	0	0	0	0	205
1612	0	210	0	0	0	210
1613	0	209	0	0	0	209
1614	0	0	0	207	0	207
1615	0	0	0	207	0	207
1616	0	205	0	0	0	205
1617	0	0	0	206	0	206
1618	0	0	0	208	0	208
1619	0	0	207	0	0	207
1620	204	0	0	0	0	204
1621	204	0	0	0	0	204
1622	205	0	2	0	0	207
1623	0	0	0	203	0	203
1624	204	0	0	0	0	204
1625	0	203	0	0	0	203
1626	0	2	0	193	0	195
1627	0	200	0	0	0	200
1628	0	200	1	2	0	203
1629	201	0	4	0	0	205
1630	200	0	0	1	0	201
1631	196	0	0	1	0	197
1632	195	0	1	0	0	196
1633	192	0	0	1	0	193
1634	1	0	194	0	0	195
1635	189	0	0	0	0	189
1636	0	1	191	0	0	192
1637	187	0	0	0	0	187
1638	189	0	0	0	0	189
1639	182	0	0	1	0	183
1640	1	0	190	0	0	191
1641	0	1	0	179	0	180
1642	1	188	0	0	0	189
1643	195	0	1	0	0	196
1644	190	0	1	0	0	191
1645	0	189	0	1	0	190
1646	190	0	1	0	0	191
1647	0	0	0	185	0	185
1648	0	190	0	1	0	191
1649	189	0	1	0	0	190
1650	190	0	0	1	0	191
1651	0	0	0	191	0	191
1652	188	0	1	0	0	189
1653	0	0	1	189	0	190
1654	1	0	0	188	0	189
1655	0	0	193	0	0	193
1656	1	0	0	186	0	187
1657	1	0	0	187	0	188
1658	0	0	190	0	0	190
1659	0	0	180	0	0	180
1660	0	0	0	178	0	178
1661	0	0	179	0	0	179
1662	166	0	0	0	0	166
1663	0	180	0	0	0	180
1664	0	0	0	178	0	178
1665	0	0	0	181	0	181
1666	0	0	0	181	0	181
1667	182	0	0	0	0	182
1668	181	0	0	0	0	181
1669	182	0	0	0	0	182
1670	0	182	0	0	0	182
1671	0	0	0	180	0	180
1672	0	0	0	179	0	179
1673	179	0	0	0	0	179
1674	175	0	0	0	0	175
1675	0	0	0	173	0	173
1676	0	0	175	0	0	175
1677	176	0	0	0	0	176
1678	181	0	0	0	0	181
1679	0	0	182	0	0	182
1680	179	0	0	0	0	179
1681	0	0	192	0	0	192
1682	174	2	0	0	0	176
1683	0	2	0	180	0	182
1684	0	196	0	0	0	196
1685	0	0	215	0	0	215
1686	0	201	0	0	0	201
1687	0	190	0	0	0	190
1688	179	0	5	2	0	186
1689	1	0	0	175	0	176
1690	0	0	0	174	0	174
1691	181	0	0	0	0	181
1692	0	0	0	178	0	178
1693	0	0	0	180	0	180
1694	0	0	0	176	0	176
1695	0	0	0	178	0	178
1696	0	0	178	0	0	178
1697	0	0	177	0	0	177
1698	0	178	0	0	0	178
1699	179	0	0	0	0	179
1700	0	0	0	183	0	183
1701	0	189	0	0	0	189
1702	0	0	0	193	0	193
1703	0	0	0	196	0	196
1704	0	0	0	196	0	196
1705	0	0	0	199	0	199
1706	0	0	0	201	0	201
1707	0	199	0	0	0	199
1708	0	0	0	198	0	198
1709	0	0	198	0	0	198
1710	0	203	0	0	0	203
1711	0	1	0	198	0	199
1712	0	1	0	199	0	200
1713	1	199	0	0	0	200
1714	0	201	0	1	0	202
1715	199	0	0	1	0	200
1716	0	197	0	0	0	197
1717	193	0	0	1	0	194
1718	191	0	0	1	0	192
1719	0	0	218	1	0	219
1720	0	0	0	211	0	211
1721	0	0	229	0	0	229
1722	0	237	1	0	0	238
1723	0	1	0	231	0	232
1724	0	0	0	246	0	246
1725	0	0	0	250	0	250
1726	0	1	0	248	0	249
1727	0	0	257	1	0	258
1728	0	0	0	259	0	259
1729	0	0	258	2	0	260
1730	1	0	267	1	0	269
1731	266	0	0	1	0	267
1732	277	1	0	0	0	278
1733	277	0	0	1	0	278
1734	0	278	0	0	0	278
1735	0	1	0	277	0	278
1736	0	0	297	1	0	298
1737	0	0	0	292	0	292
1738	0	0	305	0	0	305
1739	296	1	0	0	0	297
1740	302	0	1	0	0	303
1741	299	0	0	0	0	299
1742	1	0	303	0	0	304
1743	1	0	300	0	0	301
1744	0	0	1	300	0	301
1745	0	0	0	309	0	309
1746	0	0	0	310	0	310
1747	0	1	313	0	0	314
1748	0	0	301	1	0	302
1749	310	0	0	1	0	311
1750	0	0	0	325	0	325
1751	0	0	0	329	0	329
1752	336	0	2	2	0	340
1753	0	0	0	338	0	338
1754	359	0	1	0	0	360
1755	374	0	1	0	0	375
1756	374	1	1	0	0	376
1757	1	0	388	0	0	389
1758	1	381	0	2	0	384
1759	391	1	0	1	0	393
1760	0	0	0	397	0	397
1761	0	0	2	389	0	391
1762	0	397	1	1	0	399
1763	398	0	1	0	0	399
1764	413	0	0	1	0	414
1765	414	0	0	1	0	415
1766	2	422	1	0	0	425
1767	444	0	0	1	0	445
1768	445	0	1	0	0	446
1769	450	0	0	1	0	451
1770	1	0	0	450	0	451
1771	0	0	1	455	0	456
1772	0	1	479	0	0	480
1773	1	0	1	470	0	472
1774	1	0	0	474	0	475
1775	0	0	475	1	0	476
1776	464	1	0	1	0	466
1777	473	0	0	0	0	473
1778	1	0	0	467	0	468
1779	2	474	0	0	0	476
1780	1	478	0	0	0	479
1781	2	1	0	465	0	468
1782	1	0	463	0	0	464
1783	0	3	0	452	0	455
1784	1	0	464	1	0	466
1785	0	0	474	1	0	475
1786	0	0	1	494	0	495
1787	496	0	0	1	0	497
1788	483	0	0	1	0	484
1789	0	0	1	498	0	499
1790	1	0	0	506	0	507
1791	1	0	0	513	0	514
1792	0	0	0	519	0	519
1793	516	1	1	1	0	519
1794	524	1	0	0	0	525
1795	517	0	0	1	0	518
1796	1	0	527	0	0	528
1797	0	0	0	520	0	520
1798	0	0	1	531	0	532
1799	535	1	1	0	0	537
1800	0	539	0	1	0	540
1801	543	0	0	1	0	544
1802	544	0	1	0	0	545
1803	538	0	1	2	0	541
1804	540	0	1	1	0	542
1805	2	0	572	1	0	575
1806	0	0	567	2	0	569
1807	586	0	2	0	0	588
1808	593	0	0	0	0	593
1809	599	0	0	1	0	600
1810	605	0	1	1	0	607
1811	0	0	650	1	0	651
1812	0	673	0	2	0	675
1813	2	0	0	715	0	717
1814	773	1	0	1	0	775
1815	783	0	0	0	0	783
1816	825	0	1	0	0	826
1817	847	0	0	1	0	848
1818	852	0	0	0	0	852
1819	831	0	1	0	0	832
1820	3	1	833	0	0	837
1821	2	0	843	0	0	845
1822	2	4	0	816	0	822
1823	2	1	844	0	0	847
1824	2	831	0	1	0	834
1825	0	861	3	0	0	864
1826	0	1	1	873	0	875
1827	2	0	924	0	0	926
1828	2	0	911	0	0	913
1829	899	0	0	0	0	899
1830	981	0	0	0	0	981
1831	0	0	1	1004	0	1005
1832	1016	1	0	0	0	1017
1833	1	0	0	1016	0	1017
1834	1	0	0	1021	0	1022
1835	1	1	1041	0	0	1043
1836	1	3	1016	0	0	1020
1837	1	0	1	1024	0	1026
1838	1	2	1015	0	0	1018
1839	987	0	0	0	0	987
1840	1031	0	1	0	0	1032
1841	0	1083	1	1	0	1085
1842	1079	0	0	1	0	1080
1843	0	0	1084	0	0	1084
1844	1069	1	0	0	0	1070
1845	1092	1	0	0	0	1093
1846	1108	0	0	2	0	1110
1847	1	0	1	1099	0	1101
1848	0	1117	1	0	0	1118
1849	1114	0	0	0	0	1114
1850	1110	0	0	0	0	1110
1851	0	0	0	1122	0	1122
1852	1118	0	0	1	0	1119
1853	1	1148	0	1	0	1150
1854	0	0	0	1147	0	1147
1855	0	0	1142	1	0	1143
1856	1020	0	3	1	0	1024
1857	3	1	1127	1	0	1132
1858	0	0	1	1135	0	1136
1859	1	1142	1	0	0	1144
1860	2	1227	0	0	0	1229
1861	1	1	0	1246	0	1248
1862	1	1318	1	1	0	1321
1863	2	1	1	1544	0	1548
1864	1	3	2	1590	0	1596
1865	2	0	0	1615	0	1617
1866	1577	1	0	7	0	1585
1867	7	1	0	1586	0	1594
1868	2	1	1580	7	0	1590
1869	1	1577	6	3	0	1587
1870	1560	5	3	1	0	1569
1871	7	3	0	1562	0	1572
1872	3	0	0	1556	0	1559
1873	2	0	0	1571	0	1573
1874	0	2	1567	9	0	1578
1875	0	1561	7	6	0	1574
1876	1552	7	4	0	0	1563
1877	8	3	1	1489	0	1501
1878	2	1574	1	3	0	1580
1879	1564	6	0	4	0	1574
1880	6	6	1558	2	0	1572
1881	1518	1	7	1	0	1527
1882	6	1	1578	1	0	1586
1883	4	1	1565	0	0	1570
1884	1	1548	8	6	0	1563
1885	0	7	4	1497	0	1508
1886	2	3	1504	8	0	1517
1887	2	1471	7	3	0	1483
1888	2	8	3	1448	0	1461
1889	1	1468	2	7	0	1478
1890	0	8	1462	2	0	1472
1891	2	5	6	1435	0	1448
1892	1	0	1464	9	0	1474
1893	2	0	7	1435	0	1444
1894	1	1	3	1453	0	1458
1895	0	1	1454	13	0	1468
1896	1	2	8	1442	0	1453
1897	1409	1	5	6	0	1421
1898	5	1427	0	11	0	1443
1899	4	7	1423	2	0	1436
1900	1390	4	6	4	0	1404
1901	8	1	4	1380	0	1393
1902	3	1426	3	8	0	1440
1903	1428	7	2	5	0	1442
1904	1432	4	4	2	0	1442
1905	10	2	1	1378	0	1391
1906	4	3	1	1392	0	1400
1907	3	1	1	1387	0	1392
1908	0	1	2	1363	0	1366
1909	1	1377	2	9	0	1389
1910	5	28	1	1278	0	1312
1911	3	1318	4	7	0	1332
1912	1	1289	0	15	0	1305
1913	3	1259	1	4	0	1267
1914	3	11	1172	6	0	1192
1915	0	1205	9	6	0	1220
1916	1123	12	15	6	0	1156
1917	12	1137	2	6	0	1157
1918	5	7	5	1029	0	1046
1919	1	1126	4	13	0	1144
1920	2	10	5	1100	0	1117
1921	4	6	4	1111	0	1125
1922	2	5	1104	14	0	1125
1923	1040	5	9	9	0	1063
1924	1083	6	4	4	0	1097
1925	1062	3	4	6	0	1075
1926	10	1061	3	7	0	1081
1927	9	7	5	1007	0	1028
1928	3	3	989	17	0	1012
1929	0	996	14	7	0	1017
1930	6	17	8	833	0	864
1931	4	908	3	11	0	926
1932	898	9	2	5	0	914
1933	897	7	4	6	0	914
1934	899	1	7	5	0	912
1935	896	6	4	2	0	908
1936	10	3	6	883	0	902
1937	6	1	7	860	0	874
1938	1	896	3	14	0	914
1939	2	10	3	890	0	905
1940	4	8	884	8	0	904
1941	2	5	12	847	0	866
1942	5	2	847	15	0	869
1943	1	838	9	7	0	855
1944	3	10	832	3	0	848
1945	0	8	7	820	0	835
1946	2	2	841	10	0	855
1947	2	5	9	813	0	829
1948	2	4	5	813	0	824
1949	1	6	5	820	0	832
1950	3	4	5	811	0	823
1951	792	1	4	12	0	809
1952	8	801	1	9	0	819
1953	758	12	4	3	0	777
1954	12	7	744	4	0	767
1955	728	3	6	6	0	743
1956	737	5	5	5	0	752
1957	11	2	735	6	0	754
1958	14	3	711	4	0	732
1959	3	713	9	7	0	732
1960	3	625	4	6	0	638
1961	14	10	560	8	0	592
1962	3	493	7	9	0	512
1963	17	17	15	237	0	286
1964	214	1	3	2	0	220
1965	2	0	0	211	0	213
1966	214	0	0	1	0	215
1967	214	0	0	0	0	214
1968	1	224	0	0	0	225
1969	220	1	0	0	0	221
1970	216	0	0	0	0	216
1971	1	0	0	216	0	217
1972	222	0	0	1	0	223
1973	1	235	1	0	0	237
1974	0	0	0	235	0	235
1975	234	0	0	0	0	234
1976	0	0	240	0	0	240
1977	240	0	0	0	0	240
1978	0	0	0	245	0	245
1979	0	0	258	0	0	258
1980	0	0	252	0	0	252
1981	244	3	2	0	0	249
1982	262	0	0	0	0	262
1983	0	0	0	264	0	264
1984	0	0	0	264	0	264
1985	0	0	0	264	0	264
1986	0	272	0	0	0	272
1987	275	0	0	0	0	275
1988	0	275	0	0	0	275
1989	273	0	0	1	0	274
1990	0	0	274	0	0	274
1991	0	0	0	273	0	273
1992	282	0	0	1	0	283
1993	0	0	0	282	0	282
1994	0	0	0	281	0	281
1995	0	281	0	0	0	281
1996	273	0	0	0	0	273
1997	0	293	0	0	0	293
1998	0	0	0	295	0	295
1999	0	0	294	0	0	294
2000	259	0	0	1	0	260
2001	0	0	289	0	0	289
2002	275	0	0	0	0	275
2003	0	303	0	0	0	303
2004	0	0	0	294	0	294
2005	0	299	0	0	0	299
2006	300	0	0	0	0	300
2007	0	0	0	303	0	303
2008	0	0	0	304	0	304
2009	0	0	304	0	0	304
2010	267	0	1	0	0	268
2011	0	0	0	303	0	303
2012	0	1	295	0	0	296
2013	0	301	0	0	0	301
2014	0	0	0	299	0	299
2015	299	0	0	0	0	299
2016	0	0	0	300	0	300
2017	0	0	302	0	0	302
2018	305	0	0	0	0	305
2019	1	0	0	328	0	329
2020	0	0	370	1	0	371
2021	0	0	3	377	0	380
2022	0	0	0	369	0	369
2023	0	376	0	6	0	382
2024	377	2	0	1	0	380
2025	3	383	0	2	0	388
2026	387	3	0	0	0	390
2027	3	0	0	378	0	381
2028	0	390	0	2	0	392
2029	0	3	0	387	0	390
2030	2	0	382	3	0	387
2031	376	0	3	0	0	379
2032	2	0	0	372	0	374
2033	0	0	0	377	0	377
2034	0	0	0	377	0	377
2035	0	0	364	3	0	367
2036	0	0	356	0	0	356
2037	0	362	2	0	0	364
2038	0	3	0	353	0	356
2039	355	0	0	3	0	358
2040	3	350	0	0	0	353
2041	0	3	0	355	0	358
2042	365	0	0	3	0	368
2043	364	1	0	0	0	365
2044	2	366	0	3	0	371
2045	380	3	0	0	0	383
2046	416	0	0	0	0	416
2047	3	0	0	422	0	425
2048	1	427	0	3	0	431
2049	1	2	0	424	0	427
2050	426	0	0	4	0	430
2051	3	1	427	0	0	431
2052	0	0	3	424	0	427
2053	1	0	0	425	0	426
2054	0	0	422	3	0	425
2055	0	2	3	416	0	421
2056	417	0	0	4	0	421
2057	409	0	1	0	0	410
2058	2	0	0	416	0	418
2059	1	0	414	3	0	418
2060	1	0	415	0	0	416
2061	0	413	2	1	0	416
2062	0	412	1	1	0	414
2063	1	3	1	399	0	404
2064	400	1	0	3	0	404
2065	3	401	0	0	0	404
2066	395	3	0	1	0	399
2067	4	0	0	393	0	397
2068	0	1	0	387	0	388
2069	380	0	0	3	0	383
2070	3	386	0	1	0	390
2071	384	3	0	3	0	390
2072	4	0	376	0	0	380
2073	0	4	361	0	0	365
2074	1	0	3	348	0	352
2075	0	0	358	2	0	360
2076	0	0	352	0	0	352
2077	0	0	3	337	0	340
2078	0	0	342	3	0	345
2079	0	0	4	328	0	332
2080	0	0	0	330	0	330
2081	0	0	334	3	0	337
2082	0	0	3	315	0	318
2083	0	0	0	313	0	313
2084	0	313	1	3	0	317
2085	311	3	0	1	0	315
2086	3	0	312	1	0	316
2087	0	1	3	309	0	313
2088	1	0	0	312	0	313
2089	0	0	311	3	0	314
2090	295	0	3	2	0	300
2091	3	312	0	2	0	317
2092	0	3	1	303	0	307
2093	1	0	0	304	0	305
2094	0	305	0	3	0	308
2095	1	3	308	1	0	313
2096	0	313	3	0	0	316
2097	299	5	0	0	0	304
2098	3	0	304	0	0	307
2099	0	0	3	298	0	301
2100	1	0	302	3	0	306
2101	0	0	301	0	0	301
2102	1	294	3	1	0	299
2103	1	3	1	277	0	282
2104	278	1	1	3	0	283
2105	273	1	0	1	0	275
2106	2	279	0	1	0	282
2107	1	3	1	275	0	280
2108	280	0	0	4	0	284
2109	281	1	0	0	0	282
2110	3	279	1	1	0	284
2111	279	3	0	1	0	283
2112	5	1	0	271	0	277
2113	1	282	0	3	0	286
2114	1	3	0	279	0	283
2115	0	0	1	282	0	283
2116	0	2	1	283	0	286
2117	1	0	277	4	0	282
2118	0	1	256	3	0	260
2119	0	254	2	2	0	258
2120	206	0	1	0	0	207
2121	0	201	1	0	0	202
2122	1	1	0	189	0	191
2123	1	0	199	1	0	201
2124	0	1	1	196	0	198
2125	1	0	0	201	0	202
2126	0	1	1	199	0	201
2127	198	0	0	1	0	199
2128	0	0	1	197	0	198
2129	0	0	209	1	0	210
2130	203	0	0	1	0	204
2131	206	0	1	1	0	208
2132	206	0	2	0	0	208
2133	207	0	0	0	0	207
2134	205	0	1	0	0	206
2135	1	205	0	2	0	208
2136	1	0	0	194	0	195
2137	1	198	1	5	0	205
2138	201	0	0	1	0	202
2139	194	0	0	1	0	195
2140	191	1	0	0	0	192
2141	1	192	0	0	0	193
2142	0	186	1	0	0	187
2143	0	186	0	1	0	187
2144	2	0	177	2	0	181
2145	2	18	3	145	0	168
2146	0	118	1	0	0	119
2147	0	111	0	0	0	111
2148	0	0	0	112	0	112
2149	0	0	0	112	0	112
2150	0	0	114	0	0	114
2151	114	0	0	0	0	114
2152	0	0	0	116	0	116
2153	0	0	0	116	0	116
2154	0	0	115	0	0	115
2155	0	0	118	0	0	118
2156	0	124	0	0	0	124
2157	0	0	0	121	0	121
2158	0	0	0	120	0	120
2159	0	0	121	0	0	121
2160	119	0	0	0	0	119
2161	129	0	0	0	0	129
2162	0	0	139	0	0	139
2163	137	0	0	0	0	137
2164	0	0	138	0	0	138
2165	140	0	0	0	0	140
2166	145	0	0	0	0	145
2167	0	0	151	0	0	151
2168	0	0	0	149	0	149
2169	0	0	0	158	0	158
2170	0	0	0	157	0	157
2171	158	0	0	0	0	158
2172	156	0	0	0	0	156
2173	0	0	170	0	0	170
2174	1	0	167	0	0	168
2175	173	0	0	0	0	173
2176	176	0	0	0	0	176
2177	0	0	176	0	0	176
2178	0	0	178	0	0	178
2179	0	0	0	182	0	182
2180	0	0	182	0	0	182
2181	0	0	0	174	0	174
2182	181	0	0	0	0	181
2183	0	0	195	0	0	195
2184	196	0	0	0	0	196
2185	0	0	225	0	0	225
2186	0	0	0	228	0	228
2187	0	0	0	247	0	247
2188	0	0	0	238	0	238
2189	0	249	0	0	0	249
2190	0	0	0	250	0	250
2191	0	0	0	250	0	250
2192	249	0	0	0	0	249
2193	0	0	250	0	0	250
2194	240	0	0	0	0	240
2195	0	0	243	0	0	243
2196	225	0	0	0	0	225
2197	0	239	0	0	0	239
2198	0	0	239	0	0	239
2199	0	0	236	0	0	236
2200	0	0	0	228	0	228
2201	0	0	0	237	0	237
2202	0	0	238	0	0	238
2203	0	0	238	0	0	238
2204	0	0	246	0	0	246
2205	246	0	0	0	0	246
2206	249	0	0	0	0	249
2207	250	0	0	0	0	250
2208	0	0	0	243	0	243
2209	0	0	0	245	0	245
2210	0	0	270	0	0	270
2211	0	0	0	260	0	260
2212	0	0	0	268	0	268
2213	266	0	0	0	0	266
2214	269	0	0	0	0	269
2215	270	0	0	0	0	270
2216	0	0	0	267	0	267
2217	0	0	0	265	0	265
2218	0	0	0	262	0	262
2219	261	0	0	0	0	261
2220	0	0	0	256	0	256
2221	0	266	0	0	0	266
2222	0	0	0	254	0	254
2223	0	258	0	0	0	258
2224	255	0	0	0	0	255
2225	252	0	0	0	0	252
2226	0	259	0	1	0	260
2227	0	262	0	0	0	262
2228	0	0	0	260	0	260
2229	0	0	254	0	0	254
2230	0	0	0	249	0	249
2231	0	0	261	0	0	261
2232	0	263	0	0	0	263
2233	0	0	0	262	0	262
2234	0	0	0	268	0	268
2235	0	0	282	0	0	282
2236	0	0	0	283	0	283
2237	0	0	286	0	0	286
2238	278	0	0	0	0	278
2239	283	0	0	0	0	283
2240	287	0	0	0	0	287
2241	0	0	0	286	0	286
2242	0	0	0	285	0	285
2243	2	1	296	0	0	299
2244	0	3	1	293	0	297
2245	0	304	0	0	0	304
2246	0	0	306	0	0	306
2247	0	0	293	1	0	294
2248	0	0	1	289	0	290
2249	0	0	295	0	0	295
2250	0	0	302	0	0	302
2251	288	0	0	0	0	288
2252	0	335	0	0	0	335
2253	344	0	1	0	0	345
2254	344	0	1	0	0	345
2255	343	0	0	1	0	344
2256	0	0	0	345	0	345
2257	0	0	1	343	0	344
2258	0	0	358	0	0	358
2259	0	0	1	352	0	353
2260	1	359	0	0	0	360
2261	352	0	0	0	0	352
2262	0	350	0	0	0	350
2263	0	355	0	1	0	356
2264	0	0	0	351	0	351
2265	0	0	363	0	0	363
2266	0	0	0	363	0	363
2267	0	0	361	1	0	362
2268	1	364	0	0	0	365
2269	356	0	0	0	0	356
2270	360	0	0	0	0	360
2271	363	0	0	1	0	364
2272	0	0	394	1	0	395
2273	0	0	398	1	0	399
2274	394	0	3	0	0	397
2275	397	0	0	1	0	398
2276	403	1	0	0	0	404
2277	0	0	0	404	0	404
2278	0	1	0	404	0	405
2279	401	0	0	0	0	401
2280	400	0	0	0	0	400
2281	0	1	423	0	0	424
2282	2	1	405	1	0	409
2283	393	1	0	0	0	394
2284	0	0	413	0	0	413
2285	369	1	0	1	0	371
2286	0	0	390	0	0	390
2287	0	1	0	370	0	371
2288	0	1	399	0	0	400
2289	0	0	0	402	0	402
2290	0	0	1	405	0	406
2291	0	430	0	1	0	431
2292	424	0	1	1	0	426
2293	0	0	439	0	0	439
2294	418	0	0	0	0	418
2295	0	454	0	0	0	454
2296	473	0	0	0	0	473
2297	0	0	0	475	0	475
2298	1	0	0	480	0	481
2299	0	510	0	0	0	510
2300	0	0	1	533	0	534
2301	0	0	1	538	0	539
2302	1	0	0	548	0	549
2303	547	0	0	0	0	547
2304	533	0	0	0	0	533
2305	0	1	530	0	0	531
2306	0	541	0	1	0	542
2307	0	0	0	546	0	546
2308	1	0	0	568	0	569
2309	0	0	579	0	0	579
2310	0	1	0	556	0	557
2311	565	0	0	0	0	565
2312	569	0	0	0	0	569
2313	570	0	0	2	0	572
2314	1	0	0	581	0	582
2315	621	0	0	1	0	622
2316	622	0	0	0	0	622
2317	622	0	0	0	0	622
2318	1	0	0	629	0	630
2319	0	0	0	631	0	631
2320	0	0	0	635	0	635
2321	0	0	0	629	0	629
2322	1	0	0	626	0	627
2323	0	0	624	1	0	625
2324	0	0	626	0	0	626
2325	0	624	1	1	0	626
2326	0	1	0	627	0	628
2327	0	0	0	636	0	636
2328	0	0	0	636	0	636
2329	0	0	633	1	0	634
2330	0	0	1	627	0	628
2331	0	0	629	0	0	629
2332	0	0	1	629	0	630
2333	0	0	665	1	0	666
2334	0	662	1	4	0	667
2335	0	1	0	654	0	655
2336	0	0	651	1	0	652
2337	585	0	2	2	0	589
2338	1	669	0	0	0	670
2339	0	1	0	674	0	675
2340	0	683	0	2	0	685
2341	0	2	0	682	0	684
2342	697	0	0	2	0	699
2343	2	0	0	679	0	681
2344	0	688	0	1	0	689
2345	689	2	0	0	0	691
2346	2	0	0	719	0	721
2347	0	0	0	728	0	728
2348	737	0	0	3	0	740
2349	1	0	0	788	0	789
2350	1	0	0	940	0	941
2351	1	0	985	4	0	990
2352	0	0	966	4	0	970
2353	0	0	6	965	0	971
2354	0	0	973	3	0	976
2355	2	0	960	3	0	965
2356	919	0	6	0	0	925
2357	3	0	998	0	0	1001
2358	3	995	4	0	0	1002
2359	1	3	3	995	0	1002
2360	1025	3	1	4	0	1033
2361	1030	1	0	3	0	1034
2362	1030	0	0	1	0	1031
2363	7	1034	0	0	0	1041
2364	6	3	0	1025	0	1034
2365	1	3	0	1022	0	1026
2366	1020	1	0	7	0	1028
2367	1024	0	0	5	0	1029
2368	1018	0	0	2	0	1020
2369	8	0	1051	0	0	1059
2370	5	1054	3	0	0	1062
2371	1	1137	4	5	0	1147
2372	0	9	1	1121	0	1131
2373	0	5	1	1133	0	1139
2374	0	2	1147	9	0	1158
2375	1112	0	9	7	0	1128
2376	1150	0	6	2	0	1158
2377	12	0	2	1152	0	1166
2378	8	0	0	1154	0	1162
2379	3	0	0	1159	0	1162
2380	1154	0	0	13	0	1167
2381	5	0	1132	8	0	1145
2382	6	0	1137	2	0	1145
2383	2	0	11	1118	0	1131
2384	0	0	1134	6	0	1140
2385	1111	0	8	7	0	1126
2386	1118	0	7	2	0	1127
2387	1126	0	2	0	0	1128
2388	12	1096	0	4	0	1112
2389	1094	5	0	2	0	1101
2390	7	7	0	1088	0	1102
2391	7	2	0	1068	0	1077
2392	3	0	2	1084	0	1089
2393	0	1	1063	17	0	1081
2394	1	2	6	1029	0	1038
2395	2	1047	7	8	0	1064
2396	1015	5	4	7	0	1031
2397	5	1024	0	6	0	1035
2398	8	7	1014	1	0	1030
2399	4	992	7	3	0	1006
2400	951	8	11	2	0	972
2401	5	959	5	2	0	971
2402	8	8	3	858	0	877
2403	3	947	3	8	0	961
2404	946	7	3	7	0	963
2405	948	7	3	1	0	959
2406	923	3	1	2	0	929
2407	14	2	934	0	0	950
2408	11	2	914	0	0	927
2409	3	1	909	2	0	915
2410	888	4	15	2	0	909
2411	8	1	8	896	0	913
2412	9	1	2	896	0	908
2413	4	2	890	14	0	910
2414	1	3	4	891	0	899
2415	849	1	7	8	0	865
2416	6	849	4	7	0	866
2417	862	3	1	6	0	872
2418	7	8	855	0	0	870
2419	848	3	8	2	0	861
2420	858	2	10	2	0	872
2421	860	2	7	1	0	870
2422	14	3	849	2	0	868
2423	11	0	5	851	0	867
2424	4	1	853	7	0	865
2425	3	1	8	850	0	862
2426	4	0	853	8	0	865
2427	4	3	7	843	0	857
2428	1	1	8	852	0	862
2429	846	0	4	13	0	863
2430	846	1	1	9	0	857
2431	853	0	2	4	0	859
2432	16	1	3	823	0	843
2433	10	787	4	7	0	808
2434	5	801	2	9	0	817
2435	800	13	2	3	0	818
2436	9	9	790	1	0	809
2437	794	3	7	2	0	806
2438	9	1	787	2	0	799
2439	790	1	5	5	0	801
2440	777	1	7	3	0	788
2441	10	1	784	5	0	800
2442	779	1	4	4	0	788
2443	773	0	10	3	0	786
2444	764	1	4	2	0	771
2445	12	764	3	3	0	782
2446	8	17	3	714	0	742
2447	5	7	727	6	0	745
2448	7	3	725	6	0	741
2449	5	660	10	1	0	676
2450	2	490	4	1	0	497
2451	7	4	6	418	0	435
2452	416	4	1	3	0	424
2453	2	418	1	5	0	426
2454	5	2	0	409	0	416
2455	3	420	2	2	0	427
2456	412	4	1	3	0	420
2457	2	4	3	396	0	405
2458	3	0	398	3	0	404
2459	2	392	4	2	0	400
2460	0	385	4	1	0	390
2461	1	6	2	364	0	373
2462	2	387	0	2	0	391
2463	2	4	0	380	0	386
2464	386	4	0	3	0	393
2465	384	3	0	3	0	390
2466	391	1	1	4	0	397
2467	388	1	1	0	0	390
2468	7	1	400	1	0	409
2469	3	372	5	1	0	381
2470	1	363	4	1	0	369
2471	0	280	0	0	0	280
2472	0	283	0	1	0	284
2473	261	4	10	0	0	275
2474	257	0	0	0	0	257
2475	264	0	0	1	0	265
2476	269	0	0	0	0	269
2477	1	0	270	0	0	271
2478	279	0	0	0	0	279
2479	279	0	1	0	0	280
2480	283	0	0	0	0	283
2481	1	0	0	277	0	278
2482	1	0	0	276	0	277
2483	282	0	0	1	0	283
2484	0	0	0	275	0	275
2485	1	280	0	0	0	281
2486	0	0	0	279	0	279
2487	0	1	0	278	0	279
2488	0	289	0	1	0	290
2489	0	0	0	288	0	288
2490	0	1	0	284	0	285
2491	283	0	0	1	0	284
2492	0	0	282	0	0	282
2493	270	0	0	0	0	270
2494	0	0	286	0	0	286
2495	1	0	271	0	0	272
2496	0	0	282	0	0	282
2497	279	0	1	0	0	280
2498	0	0	299	0	0	299
2499	297	0	0	0	0	297
2500	303	0	1	0	0	304
2501	308	0	0	0	0	308
2502	1	306	0	2	0	309
2503	312	0	0	0	0	312
2504	0	318	0	0	0	318
2505	1	0	0	323	0	324
2506	0	1	0	323	0	324
2507	0	328	0	1	0	329
2508	0	327	0	1	0	328
2509	0	341	0	0	0	341
2510	340	1	0	0	0	341
2511	0	344	0	0	0	344
2512	345	0	1	0	0	346
2513	0	2	345	0	0	347
2514	339	1	0	0	0	340
2515	346	0	1	1	0	348
2516	1	1	348	0	0	350
2517	1	0	0	352	0	353
2518	1	0	359	0	0	360
2519	1	0	0	353	0	354
2520	1	0	1	355	0	357
2521	359	0	0	1	0	360
2522	357	0	1	1	0	359
2523	1	359	0	1	0	361
2524	366	0	0	0	0	366
2525	0	3	373	0	0	376
2526	368	1	0	0	0	369
2527	1	0	399	0	0	400
2528	2	0	405	0	0	407
2529	402	0	1	0	0	403
2530	410	0	1	0	0	411
2531	1	1	428	0	0	430
2532	2	0	0	424	0	426
2533	1	0	1	434	0	436
2534	1	0	435	1	0	437
2535	0	0	0	428	0	428
2536	0	442	1	1	0	444
2537	1	0	0	452	0	453
2538	0	1	0	447	0	448
2539	0	0	441	1	0	442
2540	411	0	0	2	0	413
2541	435	0	1	1	0	437
2542	434	1	0	0	0	435
2543	434	0	0	1	0	435
2544	1	433	0	1	0	435
2545	1	0	0	424	0	425
2546	0	1	427	0	0	428
2547	1	0	428	1	0	430
2548	0	0	2	426	0	428
2549	0	0	438	0	0	438
2550	426	0	1	1	0	428
2551	1	0	1	442	0	444
2552	1	0	1	445	0	447
2553	1	0	0	443	0	444
2554	445	0	0	1	0	446
2555	1	446	0	3	0	450
2556	450	1	0	0	0	451
2557	453	1	0	0	0	454
2558	1	445	1	0	0	447
2559	0	447	0	0	0	447
2560	460	1	0	0	0	461
2561	0	1	0	458	0	459
2562	1	0	0	455	0	456
2563	470	0	1	1	0	472
2564	0	0	483	1	0	484
2565	482	0	0	0	0	482
2566	494	0	1	0	0	495
2567	1	510	0	0	0	511
2568	544	0	0	0	0	544
2569	542	1	1	0	0	544
2570	1	611	0	0	0	612
2571	2	619	0	0	0	621
2572	0	3	1	600	0	604
2573	604	0	0	1	0	605
2574	0	639	0	1	0	640
2575	1	1	0	643	0	645
2576	656	1	0	1	0	658
2577	1	1	658	1	0	661
2578	1	0	1	660	0	662
2579	0	0	663	1	0	664
2580	639	0	1	1	0	641
2581	663	0	2	0	0	665
2582	2	0	668	0	0	670
2583	1	665	0	0	0	666
2584	0	1	1	670	0	672
2585	0	0	675	1	0	676
2586	0	0	1	671	0	672
2587	0	0	2	680	0	682
2588	0	4	669	2	0	675
2589	629	0	1	2	0	632
2590	661	0	1	0	0	662
2591	2	0	682	0	0	684
2592	1	689	1	0	0	691
2593	0	4	1	662	0	667
2594	0	685	0	1	0	686
2595	0	684	0	1	0	685
2596	684	2	0	1	0	687
2597	2	2	0	688	0	692
2598	2	1	0	674	0	677
2599	0	0	686	4	0	690
2600	0	0	678	2	0	680
2601	0	0	4	675	0	679
2602	1	0	2	678	0	681
2603	1	0	675	4	0	680
2604	0	1	678	2	0	681
2605	0	1	4	664	0	669
2606	665	1	2	3	0	671
2607	3	671	0	2	0	676
2608	669	3	0	0	0	672
2609	2	675	0	1	0	678
2610	3	676	0	0	0	679
2611	662	3	1	0	0	666
2612	2	2	671	1	0	676
2613	2	0	3	678	0	683
2614	1	0	2	680	0	683
2615	0	0	0	714	0	714
2616	0	0	728	3	0	731
2617	0	1	2	727	0	730
2618	732	1	2	3	0	738
2619	3	0	1	754	0	758
2620	2	1	0	762	0	765
2621	758	1	0	6	0	765
2622	748	0	1	3	0	752
2623	5	753	0	2	0	760
2624	3	2	762	0	0	767
2625	0	1	750	1	0	752
2626	3	1	747	0	0	751
2627	2	721	5	1	0	729
2628	0	6	3	700	0	709
2629	0	4	3	706	0	713
2630	706	0	2	4	0	712
2631	3	0	3	690	0	696
2632	2	2	688	3	0	695
2633	0	1	3	686	0	690
2634	0	0	3	690	0	693
2635	2	0	690	4	0	696
2636	0	680	3	6	0	689
2637	0	2	6	617	0	625
2638	1	668	2	4	0	675
2639	2	3	665	4	0	674
2640	655	2	4	0	0	661
2641	669	4	3	0	0	676
2642	671	2	0	1	0	674
2643	4	3	0	655	0	662
2644	2	673	3	2	0	680
2645	672	3	0	3	0	678
2646	671	2	1	1	0	675
2647	655	0	0	3	0	658
2648	4	0	651	4	0	659
2649	630	2	3	2	0	637
2650	5	641	4	0	0	650
2651	633	2	0	2	0	637
2652	5	637	1	2	0	645
2653	631	2	3	1	0	637
2654	5	2	627	0	0	634
2655	625	3	2	1	0	631
2656	626	0	3	0	0	629
2657	606	4	1	0	0	611
2658	628	0	2	0	0	630
2659	4	2	622	0	0	628
2660	4	1	3	603	0	611
2661	601	1	2	3	0	607
2662	5	604	1	3	0	613
2663	4	2	2	578	0	586
2664	1	1	565	3	0	570
2665	1	6	4	554	0	565
2666	7	0	555	3	0	565
2667	0	541	3	4	0	548
2668	1	491	2	1	0	495
2669	1	480	2	2	0	485
2670	0	6	3	405	0	414
2671	0	1	3	396	0	400
2672	1	2	390	2	0	395
2673	1	378	1	1	0	381
2674	334	3	3	0	0	340
2675	1	317	0	2	0	320
2676	1	309	0	2	0	312
2677	3	2	2	298	0	305
2678	298	3	0	1	0	302
2679	301	0	0	1	0	302
2680	2	2	1	292	0	297
2681	293	2	0	1	0	296
2682	1	1	0	292	0	294
2683	4	0	286	3	0	293
2684	290	1	1	1	0	293
2685	2	0	1	287	0	290
2686	3	0	277	1	0	281
2687	1	0	277	3	0	281
2688	1	0	4	279	0	284
2689	285	0	1	1	0	287
2690	289	0	0	3	0	292
2691	2	286	3	0	0	291
2692	286	1	2	1	0	290
2693	285	0	0	2	0	287
2694	285	1	0	0	0	286
2695	3	286	1	2	0	292
2696	286	2	1	0	0	289
2697	285	0	0	1	0	286
2698	2	0	1	282	0	285
2699	272	0	0	0	0	272
2700	0	273	0	0	0	273
2701	2	273	0	1	0	276
2702	2	0	0	282	0	284
2703	0	0	0	273	0	273
2704	2	282	0	0	0	284
2705	277	2	0	0	0	279
2706	0	274	0	0	0	274
2707	266	0	0	0	0	266
2708	0	275	0	2	0	277
2709	0	2	0	251	0	253
2710	2	268	0	0	0	270
2711	265	2	1	0	0	268
2712	259	0	0	0	0	259
2713	245	2	0	0	0	247
2714	0	0	244	2	0	246
2715	0	2	211	0	0	213
2716	0	195	0	0	0	195
2717	0	0	185	0	0	185
2718	2	0	177	0	0	179
2719	0	0	4	135	0	139
2720	0	0	147	0	0	147
2721	0	150	0	0	0	150
2722	151	0	0	0	0	151
2723	0	148	0	0	0	148
2724	0	147	0	0	0	147
2725	151	0	0	0	0	151
2726	159	0	0	0	0	159
2727	0	167	0	0	0	167
2728	168	0	0	0	0	168
2729	168	0	0	0	0	168
2730	168	0	0	0	0	168
2731	2	0	165	0	0	167
2732	0	0	165	0	0	165
2733	0	0	0	167	0	167
2734	0	0	0	172	0	172
2735	169	0	0	0	0	169
2736	0	173	0	0	0	173
2737	0	0	0	170	0	170
2738	0	0	0	174	0	174
2739	0	0	0	179	0	179
2740	0	0	0	183	0	183
2741	0	0	179	1	0	180
2742	0	1	180	0	0	181
2743	0	0	1	181	0	182
2744	0	0	185	1	0	186
2745	188	0	1	0	0	189
2746	1	0	2	187	0	190
2747	1	0	189	1	0	191
2748	178	1	1	1	0	181
2749	1	191	1	0	0	193
2750	188	1	0	0	0	189
2751	1	195	0	0	0	196
2752	1	1	0	192	0	194
2753	0	1	197	1	0	199
2754	0	0	1	189	0	190
2755	0	0	193	1	0	194
2756	191	0	1	1	0	193
2757	1	0	1	200	0	202
2758	202	0	0	1	0	203
2759	1	0	204	1	0	206
2760	211	0	1	0	0	212
2761	231	0	1	0	0	232
2762	2	0	240	0	0	242
2763	1	0	1	239	0	241
2764	0	0	252	1	0	253
2765	0	247	2	1	0	250
2766	245	3	2	0	0	250
2767	245	1	0	0	0	246
2768	2	1	248	0	0	251
2769	1	0	251	0	0	252
2770	0	0	2	247	0	249
2771	0	0	1	252	0	253
2772	257	0	0	2	0	259
2773	1	263	0	1	0	265
2774	270	1	0	0	0	271
2775	271	1	0	0	0	272
2776	2	0	265	0	0	267
2777	261	0	1	0	0	262
2778	1	0	275	0	0	276
2779	1	0	1	281	0	283
2780	0	0	303	1	0	304
2781	0	0	1	300	0	301
2782	1	0	301	1	0	303
2783	293	0	1	1	0	295
2784	296	0	1	0	0	297
2785	2	0	0	298	0	300
2786	309	0	0	1	0	310
2787	1	0	0	325	0	326
2788	1	337	0	1	0	339
2789	334	1	0	1	0	336
2790	1	336	0	1	0	338
2791	1	1	0	338	0	340
2792	0	1	0	329	0	330
2793	0	0	0	330	0	330
2794	0	0	0	329	0	329
2795	0	0	324	2	0	326
2796	301	0	1	2	0	304
2797	317	0	1	0	0	318
2798	2	319	0	0	0	321
2799	1	1	0	318	0	320
2800	0	1	0	321	0	322
2801	0	0	320	2	0	322
2802	311	1	1	1	0	314
2803	1	0	1	323	0	325
2804	1	0	322	3	0	326
2805	332	0	1	1	0	334
2806	340	0	1	0	0	341
2807	333	0	2	0	0	335
2808	2	0	337	0	0	339
2809	1	0	333	0	0	334
2810	331	0	2	0	0	333
2811	1	0	1	342	0	344
2812	1	0	0	348	0	349
2813	0	0	349	2	0	351
2814	343	0	1	1	0	345
2815	1	0	2	359	0	362
2816	378	0	0	1	0	379
2817	381	0	0	1	0	382
2818	383	0	0	0	0	383
2819	2	0	409	0	0	411
2820	1	0	1	415	0	417
2821	416	0	2	3	0	421
2822	1	439	0	2	0	442
2823	2	1	0	450	0	453
2824	0	3	0	450	0	453
2825	448	0	0	3	0	451
2826	437	0	0	2	0	439
2827	2	0	0	437	0	439
2828	2	0	447	1	0	450
2829	442	0	1	3	0	446
2830	1	0	465	0	0	466
2831	471	0	1	0	0	472
2832	474	0	2	0	0	476
2833	3	0	479	0	0	482
2834	2	0	1	492	0	495
2835	0	0	504	1	0	505
2836	0	522	1	8	0	531
2837	0	0	2	519	0	521
2838	0	547	0	0	0	547
2839	0	0	0	548	0	548
2840	0	2	558	0	0	560
2841	0	571	0	2	0	573
2842	0	576	3	0	0	579
2843	3	7	0	578	0	588
2844	585	2	0	0	0	587
2845	1	0	0	650	0	651
2846	675	0	0	3	0	678
2847	2	677	0	3	0	682
2848	766	2	0	0	0	768
2849	2	2	801	0	0	805
2850	3	0	2	792	0	797
2851	0	0	3	787	0	790
2852	0	0	792	5	0	797
2853	767	0	2	3	0	772
2854	779	0	3	0	0	782
2855	4	795	0	0	0	799
2856	4	2	0	728	0	734
2857	0	781	0	3	0	784
2858	0	2	784	2	0	788
2859	0	1	783	0	0	784
2860	1	3	6	761	0	771
2861	752	0	3	3	0	758
2862	2	749	0	4	0	755
2863	751	2	1	0	0	754
2864	5	3	742	0	0	750
2865	748	0	2	0	0	750
2866	750	1	4	0	0	755
2867	5	0	755	1	0	761
2868	3	1	2	729	0	735
2869	754	0	4	2	0	760
2870	750	0	0	3	0	753
2871	751	0	0	0	0	751
2872	6	0	0	741	0	747
2873	4	1	741	2	0	748
2874	729	0	2	3	0	734
2875	2	0	755	0	0	757
2876	4	0	2	744	0	750
2877	1	0	4	728	0	733
2878	0	746	1	4	0	751
2879	0	2	737	5	0	744
2880	1	724	2	0	0	727
2881	1	729	3	1	0	734
2882	2	5	1	728	0	736
2883	0	4	732	3	0	739
2884	0	1	3	732	0	736
2885	1	0	733	3	0	737
2886	2	0	3	715	0	720
2887	1	0	3	708	0	712
2888	1	0	692	5	0	698
2889	0	1	2	687	0	690
2890	1	0	702	2	0	705
2891	0	1	701	3	0	705
2892	0	698	5	1	0	704
2893	695	2	3	1	0	701
2894	2	3	698	0	0	703
2895	665	1	2	1	0	669
2896	4	0	3	696	0	703
2897	3	2	696	3	0	704
2898	0	692	3	5	0	700
2899	1	3	3	695	0	702
2900	0	3	696	3	0	702
2901	0	2	3	659	0	664
2902	1	689	3	2	0	695
2903	689	3	0	2	0	694
2904	3	4	0	681	0	688
2905	674	0	1	2	0	677
2906	675	0	1	3	0	679
2907	685	0	0	2	0	687
2908	681	0	1	0	0	682
2909	677	1	1	0	0	679
2910	5	668	0	3	0	676
2911	4	2	0	668	0	674
2912	2	3	0	670	0	675
2913	1	1	0	661	0	663
2914	1	0	650	10	0	661
2915	0	642	4	5	0	651
2916	646	2	3	0	0	651
2917	644	3	1	1	0	649
2918	6	641	0	1	0	648
2919	3	620	0	1	0	624
2920	610	5	0	0	0	615
2921	2	4	605	0	0	611
2922	4	3	2	581	0	590
2923	570	0	3	3	0	576
2924	3	0	0	566	0	569
2925	2	569	2	2	0	575
2926	0	3	0	572	0	575
2927	1	2	585	2	0	590
2928	561	0	2	3	0	566
2929	578	1	2	1	0	582
2930	4	1	1	564	0	570
2931	4	0	0	556	0	560
2932	539	0	1	4	0	544
2933	2	545	0	3	0	550
2934	3	4	0	530	0	537
2935	0	2	0	527	0	529
2936	487	1	0	4	0	492
2937	2	498	0	3	0	503
2938	490	2	4	0	0	496
2939	3	490	0	0	0	493
2940	2	478	0	0	0	480
2941	459	3	0	1	0	463
2942	2	469	2	1	0	474
2943	4	7	4	447	0	462
2944	0	2	457	2	0	461
2945	0	0	387	1	0	388
2946	0	0	360	3	0	363
2947	2	364	2	0	0	368
2948	266	4	9	0	0	279
2949	1	0	0	253	0	254
2950	0	0	0	255	0	255
2951	0	0	256	1	0	257
2952	257	0	1	0	0	258
2953	1	0	0	266	0	267
2954	0	0	0	269	0	269
2955	0	0	0	268	0	268
2956	260	0	0	1	0	261
2957	1	0	260	0	0	261
2958	256	0	1	0	0	257
2959	1	0	0	259	0	260
2960	0	0	259	1	0	260
2961	247	0	1	0	0	248
2962	1	0	264	0	0	265
2963	0	0	1	254	0	255
2964	0	0	264	1	0	265
2965	0	0	250	0	0	250
2966	237	0	1	0	0	238
2967	1	0	246	0	0	247
2968	0	0	1	240	0	241
2969	248	0	0	1	0	249
2970	1	0	0	246	0	247
2971	0	0	252	1	0	253
2972	0	0	256	0	0	256
2973	0	246	1	5	0	252
2974	0	1	0	250	0	251
2975	240	0	0	1	0	241
2976	1	230	0	0	0	231
2977	234	1	0	0	0	235
2978	1	0	0	231	0	232
2979	230	0	0	1	0	231
2980	1	227	0	0	0	228
2981	0	0	0	227	0	227
2982	227	0	0	1	0	228
2983	1	233	0	0	0	234
2984	0	1	0	228	0	229
2985	0	0	0	230	0	230
2986	230	0	0	2	0	232
2987	1	0	0	232	0	233
2988	0	1	0	232	0	233
2989	0	0	0	235	0	235
2990	0	0	218	1	0	219
2991	212	0	1	0	0	213
2992	1	0	0	259	0	260
2993	0	0	274	1	0	275
2994	266	0	1	0	0	267
2995	1	0	281	0	0	282
2996	0	0	1	273	0	274
2997	0	276	0	1	0	277
2998	0	1	0	279	0	280
2999	0	0	279	1	0	280
3000	0	0	284	0	0	284
3001	0	0	1	284	0	285
3002	0	0	283	1	0	284
3003	269	0	2	0	0	271
3004	1	0	283	0	0	284
3005	0	0	1	271	0	272
3006	0	0	0	273	0	273
3007	0	1	0	268	0	269
3008	268	0	0	1	0	269
3009	267	0	0	0	0	267
3010	269	0	0	0	0	269
3011	1	0	0	269	0	270
3012	0	1	0	275	0	276
3013	0	0	271	1	0	272
3014	0	0	269	0	0	269
3015	0	273	1	0	0	274
3016	0	2	0	257	0	259
3017	1	0	0	233	0	234
3018	0	247	0	0	0	247
3019	246	1	0	0	0	247
3020	0	248	0	0	0	248
3021	243	1	0	0	0	244
3022	1	0	0	243	0	244
3023	242	0	0	1	0	243
3024	1	0	0	244	0	245
3025	0	0	241	1	0	242
3026	0	0	1	239	0	240
3027	234	0	0	1	0	235
3028	1	0	0	234	0	235
3029	0	0	0	231	0	231
3030	0	0	231	1	0	232
3031	0	0	1	228	0	229
3032	0	0	0	227	0	227
3033	0	228	1	0	0	229
3034	0	0	0	228	0	228
3035	0	0	0	231	0	231
3036	0	0	0	230	0	230
3037	0	218	0	1	0	219
3038	0	1	0	206	0	207
3039	200	0	0	1	0	201
3040	1	204	0	0	0	205
3041	0	195	0	0	0	195
3042	0	188	0	0	0	188
3043	0	12	0	161	0	173
3044	0	180	0	0	0	180
3045	0	180	1	0	0	181
3046	164	0	0	0	0	164
3047	0	0	164	0	0	164
3048	159	0	0	0	0	159
3049	0	0	0	160	0	160
3050	0	0	157	2	0	159
3051	156	0	0	0	0	156
3052	0	0	155	0	0	155
3053	0	0	154	0	0	154
3054	154	0	0	0	0	154
3055	0	0	0	158	0	158
3056	0	0	157	0	0	157
3057	153	0	0	0	0	153
3058	152	0	0	0	0	152
3059	0	0	153	0	0	153
3060	156	0	0	0	0	156
3061	158	0	0	0	0	158
3062	0	0	148	2	0	150
3063	151	0	0	0	0	151
3064	151	0	0	0	0	151
3065	0	0	152	0	0	152
3066	0	0	164	0	0	164
3067	0	0	0	167	0	167
3068	0	0	168	0	0	168
3069	162	0	1	0	0	163
3070	1	0	0	165	0	166
3071	0	0	0	161	0	161
3072	0	0	160	1	0	161
3073	0	0	1	156	0	157
3074	0	0	162	0	0	162
3075	164	0	1	0	0	165
3076	164	0	0	0	0	164
3077	1	0	159	0	0	160
3078	161	0	1	0	0	162
3079	166	0	0	0	0	166
3080	1	0	164	1	0	166
3081	166	0	1	1	0	168
3082	166	0	1	0	0	167
3083	1	0	165	0	0	166
3084	158	1	1	0	0	160
3085	1	0	163	1	0	165
3086	0	0	1	161	0	162
3087	0	1	0	163	0	164
3088	1	0	0	162	0	163
3089	0	1	161	1	0	163
3090	153	0	1	0	0	154
3091	1	0	152	1	0	154
3092	2	111	0	0	0	113
3093	0	100	0	1	0	101
3094	92	1	2	0	0	95
3095	1	0	0	92	0	93
3096	1	94	0	1	0	96
3097	91	1	0	1	0	93
3098	87	0	0	1	0	88
3099	1	94	1	0	0	96
3100	0	1	0	87	0	88
3101	0	90	0	2	0	92
3102	90	1	0	0	0	91
3103	92	0	0	1	0	93
3104	1	0	0	90	0	91
3105	88	0	0	2	0	90
3106	1	0	0	90	0	91
3107	0	0	90	2	0	92
3108	89	0	1	0	0	90
3109	1	1	92	0	0	94
3110	0	0	1	85	0	86
3111	84	0	0	1	0	85
3112	1	0	0	80	0	81
3113	0	0	80	1	0	81
3114	0	0	78	0	0	78
3115	0	1	1	78	0	80
3116	73	0	1	1	0	75
3117	1	79	0	0	0	80
3118	0	1	0	77	0	78
3119	0	0	80	1	0	81
3120	81	0	1	0	0	82
3121	81	0	0	0	0	81
3122	1	0	81	0	0	82
3123	81	0	1	0	0	82
3124	1	0	0	81	0	82
3125	0	0	81	1	0	82
3126	80	0	2	0	0	82
3127	1	0	0	78	0	79
3128	0	0	0	77	0	77
3129	80	0	0	1	0	81
3130	1	78	0	0	0	79
3131	0	80	0	0	0	80
3132	78	1	0	0	0	79
3133	78	0	0	0	0	78
3134	1	0	81	0	0	82
3135	0	0	78	0	0	78
3136	0	0	1	77	0	78
3137	79	0	0	1	0	80
3138	80	0	0	0	0	80
3139	79	0	0	0	0	79
3140	1	79	0	0	0	80
3141	0	82	0	0	0	82
3142	0	1	0	81	0	82
3143	0	0	0	84	0	84
3144	0	0	0	90	0	90
3145	0	0	92	1	0	93
3146	0	0	90	0	0	90
3147	89	0	1	0	0	90
3148	94	0	0	0	0	94
3149	1	0	0	95	0	96
3150	0	0	0	96	0	96
3151	0	0	3	94	0	97
3152	0	0	101	1	0	102
3153	0	0	105	0	0	105
3154	0	0	1	101	0	102
3155	0	0	100	1	0	101
3156	0	101	1	0	0	102
3157	0	102	0	0	0	102
3158	100	1	0	0	0	101
3159	0	101	0	0	0	101
3160	0	1	0	95	0	96
3161	0	0	0	95	0	95
3162	0	101	0	1	0	102
3163	0	1	0	101	0	102
3164	0	0	103	1	0	104
3165	0	103	1	0	0	104
3166	0	1	0	85	0	86
3167	0	0	86	1	0	87
3168	0	84	0	0	0	84
3169	0	0	0	82	0	82
3170	0	84	0	0	0	84
3171	0	0	0	83	0	83
3172	0	0	0	80	0	80
3173	0	84	0	0	0	84
3174	81	0	0	0	0	81
3175	81	0	0	0	0	81
3176	0	82	0	0	0	82
3177	0	82	0	0	0	82
3178	0	0	0	80	0	80
3179	0	0	80	0	0	80
3180	81	0	0	0	0	81
3181	78	0	0	0	0	78
3182	0	0	77	0	0	77
3183	79	0	0	0	0	79
3184	79	0	0	0	0	79
3185	0	0	78	0	0	78
3186	76	0	0	0	0	76
3187	0	0	79	0	0	79
3188	0	81	0	0	0	81
3189	80	0	0	0	0	80
3190	81	0	0	0	0	81
3191	0	0	81	0	0	81
3192	80	0	0	0	0	80
3193	86	0	0	0	0	86
3194	0	0	88	0	0	88
3195	88	0	0	0	0	88
3196	87	0	0	0	0	87
3197	0	0	87	0	0	87
3198	88	0	0	0	0	88
3199	0	0	0	77	0	77
3200	0	0	0	78	0	78
3201	0	0	78	0	0	78
3202	0	0	76	0	0	76
3203	0	0	0	78	0	78
3204	0	0	0	78	0	78
3205	80	0	0	0	0	80
3206	0	0	78	0	0	78
3207	82	0	0	0	0	82
3208	0	0	0	83	0	83
3209	0	0	80	0	0	80
3210	86	0	0	0	0	86
3211	0	0	0	89	0	89
3212	0	1	90	0	0	91
3213	88	0	0	0	0	88
3214	0	0	0	89	0	89
3215	89	0	0	0	0	89
3216	0	0	100	0	0	100
3217	0	0	0	95	0	95
3218	0	103	0	0	0	103
3219	106	0	0	0	0	106
3220	103	0	0	0	0	103
3221	0	106	0	0	0	106
3222	105	0	0	0	0	105
3223	107	0	0	0	0	107
3224	106	0	0	0	0	106
3225	0	109	0	0	0	109
3226	0	0	0	110	0	110
3227	0	0	115	0	0	115
3228	0	0	0	116	0	116
3229	0	0	0	117	0	117
3230	0	0	118	0	0	118
3231	0	0	123	0	0	123
3232	0	0	0	117	0	117
3233	0	127	0	0	0	127
3234	126	0	0	0	0	126
3235	126	0	0	0	0	126
3236	0	131	0	0	0	131
3237	130	0	0	0	0	130
3238	130	0	0	0	0	130
3239	0	0	130	0	0	130
3240	130	0	0	0	0	130
3241	0	132	0	0	0	132
3242	0	0	127	4	0	131
3243	0	0	130	0	0	130
3244	0	125	0	0	0	125
3245	121	0	0	0	0	121
3246	0	0	128	0	0	128
3247	0	0	0	126	0	126
3248	0	0	127	0	0	127
3249	123	0	0	0	0	123
3250	0	0	160	0	0	160
3251	0	0	159	0	0	159
3252	151	0	0	0	0	151
3253	0	157	0	0	0	157
3254	159	0	1	0	0	160
3255	161	0	0	0	0	161
3256	0	0	0	161	0	161
3257	0	187	0	0	0	187
3258	191	0	0	0	0	191
3259	0	0	197	0	0	197
3260	196	0	0	0	0	196
3261	0	202	0	0	0	202
3262	193	0	0	0	0	193
3263	193	0	0	0	0	193
3264	0	198	0	0	0	198
3265	0	0	0	202	0	202
3266	207	0	0	0	0	207
3267	0	207	0	0	0	207
3268	0	0	0	207	0	207
3269	214	0	0	0	0	214
3270	0	0	0	228	0	228
3271	0	0	0	225	0	225
3272	0	231	0	0	0	231
3273	229	0	0	0	0	229
3274	236	0	0	0	0	236
3275	238	0	0	0	0	238
3276	0	248	0	0	0	248
3277	247	0	0	1	0	248
3278	249	0	0	0	0	249
3279	0	0	0	248	0	248
3280	0	0	0	247	0	247
3281	0	0	252	0	0	252
3282	0	0	0	248	0	248
3283	0	0	0	251	0	251
3284	0	0	254	0	0	254
3285	228	0	0	0	0	228
3286	0	0	254	0	0	254
3287	0	0	258	0	0	258
3288	0	0	0	256	0	256
3289	0	0	0	255	0	255
3290	0	263	0	0	0	263
3291	264	0	0	0	0	264
3292	264	0	0	0	0	264
3293	0	271	0	0	0	271
3294	0	282	0	0	0	282
3295	0	0	0	279	0	279
3296	0	302	0	0	0	302
3297	304	0	0	0	0	304
3298	305	0	0	1	0	306
3299	0	0	0	304	0	304
3300	0	0	0	310	0	310
3301	307	0	0	0	0	307
3302	0	0	301	0	0	301
3303	301	0	0	0	0	301
3304	0	0	306	0	0	306
3305	305	0	0	0	0	305
3306	0	0	0	311	0	311
3307	0	0	317	0	0	317
3308	0	0	313	0	0	313
3309	312	0	1	0	0	313
3310	313	0	0	0	0	313
3311	0	326	0	1	0	327
3312	0	0	0	329	0	329
3313	0	0	0	337	0	337
3314	337	0	0	0	0	337
3315	0	338	1	0	0	339
3316	335	0	0	0	0	335
3317	0	334	0	0	0	334
3318	0	334	0	1	0	335
3319	331	0	0	1	0	332
3320	0	1	333	0	0	334
3321	1	0	0	326	0	327
3322	1	0	1	330	0	332
3323	0	0	338	1	0	339
3324	0	0	0	339	0	339
3325	1	0	0	333	0	334
3326	0	334	1	1	0	336
3327	335	1	0	0	0	336
3328	1	0	336	0	0	337
3329	326	0	0	0	0	326
3330	0	334	0	2	0	336
3331	0	0	3	328	0	331
3332	347	0	1	0	0	348
3333	1	0	1	342	0	344
3334	2	0	0	340	0	342
3335	0	1	344	0	0	345
3336	330	0	0	1	0	331
3337	334	0	1	2	0	337
3338	2	0	344	1	0	347
3339	0	1	1	341	0	343
3340	3	0	345	0	0	348
3341	338	1	0	0	0	339
3342	343	2	0	0	0	345
3343	1	0	0	348	0	349
3344	347	0	2	1	0	350
3345	1	0	370	1	0	372
3346	0	1	0	364	0	365
3347	1	0	1	366	0	368
3348	0	1	0	372	0	373
3349	0	1	0	371	0	372
3350	337	1	0	0	0	338
3351	1	0	346	0	0	347
3352	0	0	1	349	0	350
3353	1	0	342	2	0	345
3354	0	1	349	0	0	350
3355	0	0	0	344	0	344
3356	1	0	0	343	0	344
3357	325	1	0	1	0	327
3358	1	0	0	323	0	324
3359	0	0	2	328	0	330
3360	2	0	0	327	0	329
3361	331	0	0	0	0	331
3362	329	0	1	1	0	331
3363	332	0	0	1	0	333
3364	326	0	1	1	0	328
3365	1	368	0	0	0	369
3366	1	0	1	366	0	368
3367	1	0	0	366	0	367
3368	379	0	0	0	0	379
3369	0	412	2	0	0	414
3370	0	1	0	427	0	428
3371	0	0	465	2	0	467
3372	501	0	1	1	0	503
3373	3	523	0	1	0	527
3374	540	2	0	1	0	543
3375	553	1	1	0	0	555
3376	3	0	1	543	0	547
3377	1	0	551	3	0	555
3378	0	0	4	560	0	564
3379	566	0	1	4	0	571
3380	2	0	0	571	0	573
3381	569	0	0	2	0	571
3382	2	568	1	2	0	573
3383	576	2	0	2	0	580
3384	2	1	1	574	0	578
3385	2	0	1	592	0	595
3386	597	0	1	4	0	602
3387	599	0	0	2	0	601
3388	601	0	0	0	0	601
3389	597	1	0	1	0	599
3390	599	0	0	2	0	601
3391	3	0	0	597	0	600
3392	3	0	589	2	0	594
3393	1	582	2	1	0	586
3394	566	2	1	1	0	570
3395	2	1	558	0	0	561
3396	542	0	2	0	0	544
3397	2	548	3	0	0	553
3398	553	2	0	0	0	555
3399	2	1	0	552	0	555
3400	1	0	0	553	0	554
3401	0	0	557	3	0	560
3402	0	0	2	551	0	553
3403	1	1	558	2	0	562
3404	0	1	556	1	0	558
3405	554	0	3	0	0	557
3406	569	0	1	0	0	570
3407	3	0	558	0	0	561
3408	551	0	2	0	0	553
3409	557	0	1	0	0	558
3410	3	0	556	0	0	559
3411	1	547	2	0	0	550
3412	3	3	3	563	0	572
3413	576	1	0	2	0	579
3414	588	0	0	1	0	589
3415	588	0	0	0	0	588
3416	582	0	0	0	0	582
3417	580	0	0	0	0	580
3418	3	0	587	0	0	590
3419	1	0	594	0	0	595
3420	0	0	3	592	0	595
3421	595	0	1	2	0	598
3422	597	0	0	1	0	598
3423	597	0	0	2	0	599
3424	585	0	0	0	0	585
3425	3	592	0	0	0	595
3426	1	617	1	4	0	623
3427	617	3	0	0	0	620
3428	614	2	0	0	0	616
3429	3	620	0	1	0	624
3430	622	2	1	0	0	625
3431	3	3	624	0	0	630
3432	1	1	2	610	0	614
3433	1	0	614	2	0	617
3434	1	1	625	1	0	628
3435	0	0	3	625	0	628
3436	0	0	2	635	0	637
3437	0	0	646	4	0	650
3438	1	0	2	633	0	636
3439	0	0	1	643	0	644
3440	645	0	0	3	0	648
3441	645	1	0	1	0	647
3442	4	0	0	651	0	655
3443	1	0	657	4	0	662
3444	0	658	2	2	0	662
3445	639	3	1	0	0	643
3446	3	1	655	0	0	659
3447	2	649	2	0	0	653
3448	1	663	1	0	0	665
3449	659	3	0	0	0	662
3450	665	1	0	1	0	667
3451	3	0	1	656	0	660
3452	2	1	696	2	0	701
3453	3	0	2	698	0	703
3454	0	0	2	700	0	702
3455	2	0	0	706	0	708
3456	696	1	1	3	0	701
3457	3	700	1	1	0	705
3458	1	734	0	2	0	737
3459	1	3	0	723	0	727
3460	1	1	1	728	0	731
3461	721	0	0	4	0	725
3462	701	0	1	1	0	703
3463	713	1	1	0	0	715
3464	4	715	0	0	0	719
3465	677	2	0	0	0	679
3466	3	7	2	669	0	681
3467	2	0	681	2	0	685
3468	1	1	657	1	0	660
3469	604	0	2	0	0	606
3470	1	0	597	1	0	599
3471	1	0	561	0	0	562
3472	483	0	1	0	0	484
3473	0	0	496	2	0	498
3474	0	0	492	1	0	493
3475	0	2	2	455	0	459
3476	0	0	495	0	0	495
3477	0	0	0	485	0	485
3478	0	0	0	489	0	489
3479	1	0	501	1	0	503
3480	0	512	0	1	0	513
3481	513	0	1	2	0	516
3482	0	1	526	0	0	527
3483	1	0	524	0	0	525
3484	446	0	1	0	0	447
3485	0	1	515	0	0	516
3486	0	517	0	0	0	517
3487	2	510	0	1	0	513
3488	1	0	0	520	0	521
3489	0	0	0	521	0	521
3490	536	0	1	1	0	538
3491	525	0	0	2	0	527
3492	532	0	0	1	0	533
3493	0	0	0	533	0	533
3494	541	0	0	0	0	541
3495	533	1	0	0	0	534
3496	0	1	549	0	0	550
3497	0	0	546	1	0	547
3498	0	550	0	1	0	551
3499	1	0	0	555	0	556
3500	559	0	1	0	0	560
3501	1	558	0	0	0	559
3502	0	1	0	571	0	572
3503	581	0	0	0	0	581
3504	563	0	0	1	0	564
3505	0	581	1	0	0	582
3506	578	0	1	0	0	579
3507	585	0	0	0	0	585
3508	0	0	1	585	0	586
3509	0	0	591	0	0	591
3510	1	588	0	0	0	589
3511	0	588	1	0	0	589
3512	563	1	1	0	0	565
3513	1	0	0	564	0	565
3514	0	0	575	0	0	575
3515	0	571	0	0	0	571
3516	576	0	0	0	0	576
3517	576	0	1	0	0	577
3518	0	1	592	1	0	594
3519	0	0	0	582	0	582
3520	0	0	0	610	0	610
3521	1	0	680	1	0	682
3522	690	1	0	0	0	691
3523	838	1	0	0	0	839
3524	2	0	0	955	0	957
3525	2	998	0	4	0	1004
3526	2	4	0	1025	0	1031
3527	1	3	1028	6	0	1038
3528	996	1	4	3	0	1004
3529	4	1	3	1034	0	1042
3530	5	0	1049	5	0	1059
3531	1006	1	4	4	0	1015
3532	4	0	4	1049	0	1057
3533	3	0	4	1050	0	1057
3534	1031	0	0	8	0	1039
3535	4	1037	1	6	0	1048
3536	1034	4	2	3	0	1043
3537	7	3	0	1018	0	1028
3538	1021	2	1	4	0	1028
3539	5	0	1028	6	0	1039
3540	4	1022	3	3	0	1032
3541	2	4	4	1020	0	1030
3542	1023	3	2	5	0	1033
3543	4	1021	0	6	0	1031
3544	4	4	1	1023	0	1032
3545	1030	4	1	4	0	1039
3546	1011	3	0	3	0	1017
3547	6	0	1	1007	0	1014
3548	8	1	1007	4	0	1020
3549	3	2	1007	4	0	1016
3550	982	0	9	3	0	994
3551	5	998	5	3	0	1011
3552	5	965	2	1	0	973
3553	943	7	4	1	0	955
3554	6	978	1	1	0	986
3555	3	5	1	969	0	978
3556	4	3	0	982	0	989
3557	982	3	1	7	0	993
3558	954	3	0	5	0	962
3559	950	0	0	3	0	953
3560	11	5	943	2	0	961
3561	6	1	4	936	0	947
3562	2	0	944	6	0	952
3563	2	1	942	3	0	948
3564	2	0	952	4	0	958
3565	2	0	9	913	0	924
3566	0	0	954	3	0	957
3567	3	1	946	5	0	955
3568	2	0	9	932	0	943
3569	942	0	6	4	0	952
3570	3	1	962	4	0	970
3571	4	0	5	933	0	942
3572	2	1	6	959	0	968
3573	1	0	979	7	0	987
3574	0	1	4	960	0	965
3575	2	1	979	6	0	988
3576	2	0	7	952	0	961
3577	1	1	3	960	0	965
3578	0	0	2	960	0	962
3579	0	0	1	950	0	951
3580	928	0	1	10	0	939
3581	924	0	1	5	0	930
3582	8	2	930	3	0	943
3583	5	928	5	2	0	940
3584	2	4	936	4	0	946
3585	0	3	933	1	0	937
3586	910	2	8	1	0	921
3587	6	948	6	1	0	961
3588	939	5	6	1	0	951
3589	6	956	1	1	0	964
3590	944	7	2	0	0	953
3591	942	3	2	1	0	948
3592	11	2	0	940	0	953
3593	5	955	2	5	0	967
3594	3	5	0	961	0	969
3595	0	4	0	965	0	969
3596	1	3	957	9	0	970
3597	0	959	5	7	0	971
3598	1	5	4	954	0	964
3599	965	4	2	6	0	977
3600	978	2	0	5	0	985
3601	977	1	0	5	0	983
3602	10	967	2	4	0	983
3603	995	6	0	0	0	1001
3604	8	1048	0	1	0	1057
3605	6	9	1	1049	0	1065
3606	4	6	1058	5	0	1073
3607	0	3	6	1033	0	1042
3608	1	1056	6	7	0	1070
3609	4	5	2	1054	0	1065
3610	0	7	0	1044	0	1051
3611	1	1062	0	9	0	1072
3612	1057	6	1	7	0	1071
3613	6	5	0	1055	0	1066
3614	6	4	1032	5	0	1047
3615	2	1	5	1043	0	1051
3616	0	1	5	1045	0	1051
3617	2	1	1044	11	0	1058
3618	2	1	5	976	0	984
3619	1	1016	5	4	0	1026
3620	1	6	1016	6	0	1029
3621	10	5	946	4	0	965
3622	1	910	11	1	0	923
3623	1	781	4	1	0	787
3624	2	653	4	0	0	659
3625	606	7	10	1	0	624
3626	580	4	2	0	0	586
3627	570	0	0	1	0	571
3628	4	0	0	573	0	577
3629	2	0	570	2	0	574
3630	1	0	2	552	0	555
3631	0	0	2	555	0	557
3632	553	0	1	4	0	558
3633	548	0	0	2	0	550
3634	4	553	0	0	0	557
3635	546	2	0	0	0	548
3636	553	2	0	0	0	555
3637	559	0	0	0	0	559
3638	4	0	556	0	0	560
3639	3	0	554	0	0	557
3640	0	0	3	545	0	548
3641	0	0	552	2	0	554
3642	529	0	2	2	0	533
3643	540	1	2	0	0	543
3644	5	0	529	0	0	534
3645	512	0	1	0	0	513
3646	2	523	2	0	0	527
3647	526	2	0	0	0	528
3648	2	2	0	518	0	522
3649	2	0	0	503	0	505
3650	0	520	0	6	0	526
3651	518	2	0	2	0	522
3652	519	2	0	0	0	521
3653	3	528	0	0	0	531
3654	2	2	0	509	0	513
3655	0	2	0	508	0	510
3656	0	511	0	4	0	515
3657	0	2	0	507	0	509
3658	0	2	0	510	0	512
3659	505	0	0	4	0	509
3660	506	0	0	2	0	508
3661	3	0	506	0	0	509
3662	502	0	2	0	0	504
3663	2	0	509	0	0	511
3664	2	0	2	500	0	504
3665	0	0	502	2	0	504
3666	0	494	2	2	0	498
3667	0	4	3	484	0	491
3668	5	2	0	480	0	487
3669	475	0	0	4	0	479
3670	2	0	0	471	0	473
3671	2	0	471	2	0	475
3672	460	0	2	2	0	464
3673	454	0	2	0	0	456
3674	455	0	0	0	0	455
3675	443	0	0	0	0	443
3676	5	0	0	460	0	465
3677	2	0	0	467	0	469
3678	0	0	0	487	0	487
3679	0	0	0	489	0	489
3680	480	0	0	4	0	484
3681	481	0	0	1	0	482
3682	5	0	0	450	0	455
3683	2	463	0	3	0	468
3684	456	3	0	2	0	461
3685	3	2	460	0	0	465
3686	2	454	3	0	0	459
3687	426	2	2	0	0	430
3688	2	439	0	0	0	441
3689	2	1	424	0	0	427
3690	419	2	2	0	0	423
3691	427	0	2	0	0	429
3692	4	1	417	0	0	422
3693	2	0	2	414	0	418
3694	0	2	2	406	0	410
3695	0	414	0	4	0	418
3696	0	2	0	411	0	413
3697	398	2	0	2	0	402
3698	2	396	1	2	0	401
3699	1	2	0	371	0	374
3700	0	1	0	372	0	373
3701	0	0	364	3	0	367
3702	0	361	2	1	0	364
3703	313	8	1	0	0	322
3704	2	272	0	0	0	274
3705	0	250	0	0	0	250
3706	241	2	0	0	0	243
3707	2	0	1	230	0	233
3708	0	1	0	234	0	235
3709	235	0	0	2	0	237
3710	2	0	0	236	0	238
3711	0	0	0	239	0	239
3712	240	0	0	2	0	242
3713	2	0	0	229	0	231
3714	0	233	0	2	0	235
3715	227	3	0	0	0	230
3716	3	0	222	0	0	225
3717	0	212	3	0	0	215
3718	0	3	0	208	0	211
3719	0	0	208	3	0	211
3720	0	0	203	0	0	203
3721	3	17	2	172	0	194
3722	175	0	0	2	0	177
3723	2	0	0	173	0	175
3724	0	0	0	174	0	174
3725	0	0	0	177	0	177
3726	0	0	0	176	0	176
3727	0	0	0	176	0	176
3728	0	0	168	2	0	170
3729	0	0	169	0	0	169
3730	0	0	2	168	0	170
3731	0	0	169	2	0	171
3732	0	168	2	0	0	170
3733	0	2	0	167	0	169
3734	0	0	166	2	0	168
3735	155	0	2	0	0	157
3736	2	166	0	0	0	168
3737	0	161	0	0	0	161
3738	0	160	0	0	0	160
3739	0	3	0	157	0	160
3740	155	0	2	2	0	159
3741	2	0	0	156	0	158
3742	155	0	0	2	0	157
3743	2	154	0	0	0	156
3744	153	2	0	0	0	155
3745	2	0	0	152	0	154
3746	0	0	0	151	0	151
3747	0	149	0	2	0	151
3748	0	2	0	147	0	149
3749	0	0	0	149	0	149
3750	0	0	0	148	0	148
3751	144	0	0	2	0	146
3752	146	0	0	0	0	146
3753	2	0	137	0	0	139
3754	136	0	2	0	0	138
3755	2	0	141	0	0	143
3756	0	0	2	138	0	140
3757	0	0	0	140	0	140
3758	0	0	0	142	0	142
3759	0	0	139	2	0	141
3760	0	0	2	143	0	145
3761	0	0	144	2	0	146
3762	0	0	2	143	0	145
3763	141	0	0	2	0	143
3764	2	0	143	0	0	145
3765	136	0	2	1	0	139
3766	2	0	0	143	0	145
3767	146	0	0	2	0	148
3768	2	146	0	0	0	148
3769	0	2	0	149	0	151
3770	1	0	149	2	0	152
3771	0	1	2	144	0	147
3772	0	4	0	137	0	141
3773	0	140	0	2	0	142
3774	0	2	142	0	0	144
3775	0	138	2	0	0	140
3776	121	1	0	0	0	122
3777	1	115	0	0	0	116
3778	89	1	2	0	0	92
3779	95	0	0	0	0	95
3780	92	0	0	0	0	92
3781	1	0	0	92	0	93
3782	0	0	92	1	0	93
3783	0	0	1	86	0	87
3784	0	91	0	3	0	94
3785	0	1	0	90	0	91
3786	86	0	0	1	0	87
3787	1	89	0	0	0	90
3788	0	1	0	86	0	87
3789	0	0	0	87	0	87
3790	85	0	0	1	0	86
3791	1	0	88	0	0	89
3792	0	87	1	0	0	88
3793	0	1	0	76	0	77
3794	0	0	80	1	0	81
3795	0	0	1	77	0	78
3796	0	83	0	2	0	85
3797	0	1	0	83	0	84
3798	0	0	0	82	0	82
3799	0	0	0	82	0	82
3800	0	0	81	1	0	82
3801	79	0	1	0	0	80
3802	1	0	0	87	0	88
3803	97	0	0	1	0	98
3804	103	0	0	0	0	103
3805	102	0	0	0	0	102
3806	102	0	0	0	0	102
3807	106	0	0	0	0	106
3808	2	0	0	101	0	103
3809	1	102	0	1	0	104
3810	0	1	0	101	0	102
3811	0	101	0	1	0	102
3812	0	3	0	94	0	97
3813	91	1	0	0	0	92
3814	0	0	0	93	0	93
3815	1	0	90	0	0	91
3816	88	0	0	1	0	89
3817	0	95	1	0	0	96
3818	94	0	0	0	0	94
3819	91	1	0	0	0	92
3820	90	0	0	0	0	90
3821	1	94	0	0	0	95
3822	1	0	0	95	0	96
3823	0	1	0	94	0	95
3824	0	0	90	1	0	91
3825	0	0	0	91	0	91
3826	0	0	1	88	0	89
3827	0	0	0	88	0	88
3828	0	90	0	1	0	91
3829	90	0	0	1	0	91
3830	84	1	0	0	0	85
3831	1	0	88	0	0	89
3832	1	89	0	0	0	90
3833	0	0	1	89	0	90
3834	0	1	0	89	0	90
3835	0	0	0	91	0	91
3836	0	0	0	91	0	91
3837	0	0	0	93	0	93
3838	0	0	90	1	0	91
3839	0	0	90	1	0	91
3840	87	0	2	0	0	89
3841	93	0	1	0	0	94
3842	93	0	1	0	0	94
3843	1	0	0	96	0	97
3844	1	0	94	0	0	95
3845	94	1	0	1	0	96
3846	98	0	1	0	0	99
3847	2	0	97	0	0	99
3848	103	0	0	0	0	103
3849	0	0	103	1	0	104
3850	1	0	1	104	0	106
3851	0	0	106	1	0	107
3852	103	1	0	1	0	105
3853	103	0	1	1	0	105
3854	107	0	0	0	0	107
3855	102	1	0	0	0	103
3856	1	0	103	1	0	105
3857	1	105	0	1	0	107
3858	108	0	1	0	0	109
3859	106	1	1	0	0	108
3860	1	1	105	0	0	107
3861	1	0	0	100	0	101
3862	0	0	2	104	0	106
3863	0	0	104	2	0	106
3864	100	1	0	1	0	102
3865	104	0	1	1	0	106
3866	1	105	0	1	0	107
3867	106	0	0	1	0	107
3868	105	1	1	0	0	107
3869	105	0	0	0	0	105
3870	103	0	0	1	0	104
3871	2	0	100	0	0	102
3872	103	0	0	0	0	103
3873	1	1	1	97	0	100
3874	2	102	0	0	0	104
3875	1	0	100	1	0	102
3876	0	98	0	1	0	99
3877	0	2	1	94	0	97
3878	0	1	93	0	0	94
3879	85	0	0	1	0	86
3880	0	0	94	0	0	94
3881	92	0	0	0	0	92
3882	0	0	1	95	0	96
3883	1	0	0	93	0	94
3884	0	95	0	1	0	96
3885	0	97	0	1	0	98
3886	0	1	0	99	0	100
3887	101	1	0	0	0	102
3888	100	0	0	1	0	101
3889	103	0	0	0	0	103
3890	1	0	106	0	0	107
3891	105	0	0	0	0	105
3892	0	0	106	0	0	106
3893	1	0	106	0	0	107
3894	100	0	3	0	0	103
3895	103	0	0	0	0	103
3896	1	0	104	0	0	105
3897	1	0	0	103	0	104
3898	0	0	1	104	0	105
3899	106	0	0	1	0	107
3900	105	0	0	1	0	106
3901	1	0	112	0	0	113
3902	1	108	0	0	0	109
3903	0	99	1	0	0	100
3904	96	0	0	0	0	96
3905	0	0	0	97	0	97
3906	0	0	0	99	0	99
3907	0	1	0	101	0	102
3908	95	0	0	0	0	95
3909	0	0	0	102	0	102
3910	101	0	0	0	0	101
3911	104	0	0	0	0	104
3912	0	110	0	0	0	110
3913	0	0	0	118	0	118
3914	0	0	121	0	0	121
3915	123	0	0	0	0	123
3916	124	0	0	0	0	124
3917	121	0	0	0	0	121
3918	0	0	129	0	0	129
3919	0	0	0	127	0	127
3920	128	0	0	0	0	128
3921	122	0	0	0	0	122
3922	119	0	0	0	0	119
3923	0	122	0	0	0	122
3924	0	126	0	0	0	126
3925	0	0	0	128	0	128
3926	0	0	0	127	0	127
3927	0	128	0	0	0	128
3928	128	0	0	0	0	128
3929	0	0	130	0	0	130
3930	0	0	0	130	0	130
3931	0	0	0	128	0	128
3932	0	0	127	0	0	127
3933	123	0	0	0	0	123
3934	126	0	0	0	0	126
3935	0	126	0	1	0	127
3936	125	0	0	0	0	125
3937	0	0	139	0	0	139
3938	139	0	0	0	0	139
3939	0	0	141	0	0	141
3940	140	0	0	0	0	140
3941	142	0	0	0	0	142
3942	143	0	0	0	0	143
3943	141	0	0	0	0	141
3944	0	142	0	0	0	142
3945	143	0	0	0	0	143
3946	148	0	0	0	0	148
3947	0	0	153	0	0	153
3948	150	0	0	0	0	150
3949	0	0	0	149	0	149
3950	0	0	149	0	0	149
3951	147	0	0	0	0	147
3952	0	0	1	149	0	150
3953	154	0	0	0	0	154
3954	170	0	0	1	0	171
3955	1	0	189	0	0	190
3956	185	0	0	0	0	185
3957	190	0	1	0	0	191
3958	190	0	0	0	0	190
3959	194	0	0	0	0	194
3960	0	0	0	188	0	188
3961	1	195	0	0	0	196
3962	195	0	0	1	0	196
3963	199	1	0	0	0	200
3964	201	0	0	0	0	201
3965	1	0	200	0	0	201
3966	1	204	0	0	0	205
3967	0	0	1	202	0	203
3968	0	1	0	202	0	203
3969	0	0	217	1	0	218
3970	0	0	0	215	0	215
3971	0	0	218	0	0	218
3972	0	1	0	214	0	215
3973	0	0	1	217	0	218
3974	0	0	220	1	0	221
3975	216	0	0	1	0	217
3976	223	0	1	0	0	224
3977	1	0	230	0	0	231
3978	235	0	0	0	0	235
3979	237	0	1	0	0	238
3980	1	0	242	0	0	243
3981	1	0	0	238	0	239
3982	0	0	1	239	0	240
3983	238	0	0	1	0	239
3984	0	240	0	1	0	241
3985	235	0	0	0	0	235
3986	235	1	0	0	0	236
3987	1	247	0	0	0	248
3988	249	0	0	0	0	249
3989	247	1	0	0	0	248
3990	1	244	0	0	0	245
3991	1	0	0	250	0	251
3992	0	261	0	0	0	261
3993	0	0	0	261	0	261
3994	0	2	260	0	0	262
3995	0	0	264	1	0	265
3996	255	0	1	0	0	256
3997	261	0	1	0	0	262
3998	2	0	263	0	0	265
3999	263	0	0	0	0	263
4000	266	0	1	0	0	267
4001	258	0	0	0	0	258
4002	1	267	0	0	0	268
4003	0	0	0	271	0	271
4004	274	1	0	0	0	275
4005	271	0	0	1	0	272
4006	1	0	276	0	0	277
4007	1	0	0	270	0	271
4008	0	0	0	265	0	265
4009	0	275	0	2	0	277
4010	0	297	0	1	0	298
4011	0	2	0	292	0	294
4012	0	297	0	1	0	298
4013	289	0	0	2	0	291
4014	0	309	0	1	0	310
4015	316	1	0	0	0	317
4016	0	1	331	0	0	332
4017	349	0	2	0	0	351
4018	357	0	1	0	0	358
4019	353	0	0	0	0	353
4020	357	0	0	0	0	357
4021	2	366	0	0	0	368
4022	0	1	0	364	0	365
4023	0	1	0	366	0	367
4024	0	0	359	2	0	361
4025	0	0	1	357	0	358
4026	0	0	1	365	0	366
4027	361	0	0	2	0	363
4028	1	366	0	1	0	368
4029	1	1	0	369	0	371
4030	0	1	0	369	0	370
4031	0	0	0	375	0	375
4032	378	1	0	1	0	380
4033	1	1	1	383	0	386
4034	388	0	0	2	0	390
4035	1	0	1	392	0	394
4036	1	0	0	391	0	392
4037	0	0	377	3	0	380
4038	356	0	1	2	0	359
4039	1	380	1	0	0	382
4040	393	1	0	0	0	394
4041	1	1	1	392	0	395
4042	1	1	0	389	0	391
4043	404	0	1	2	0	407
4044	407	0	0	2	0	409
4045	3	0	0	435	0	438
4046	1	0	443	2	0	446
4047	0	0	452	2	0	454
4048	0	466	5	0	0	471
4049	472	1	5	0	0	478
4050	463	2	0	0	0	465
4051	4	0	1	462	0	467
4052	3	482	0	1	0	486
4053	1	2	0	481	0	484
4054	1	2	0	455	0	458
4055	1	447	0	5	0	453
4056	447	3	0	2	0	452
4057	2	3	0	459	0	464
4058	2	475	0	3	0	480
4059	0	480	0	2	0	482
4060	479	4	1	1	0	485
4061	3	2	484	1	0	490
4062	484	0	4	0	0	488
4063	2	1	2	488	0	493
4064	2	0	0	481	0	483
4065	0	481	0	3	0	484
4066	0	1	0	488	0	489
4067	1	2	488	2	0	493
4068	0	486	2	3	0	491
4069	1	476	2	0	0	479
4070	470	4	0	1	0	475
4071	1	477	0	1	0	479
4072	2	2	1	478	0	483
4073	1	481	0	2	0	484
4074	0	3	0	481	0	484
4075	0	2	0	484	0	486
4076	0	0	481	5	0	486
4077	0	0	2	471	0	473
4078	1	0	2	471	0	474
4079	466	0	0	4	0	470
4080	2	0	472	3	0	477
4081	2	0	3	484	0	489
4082	0	0	487	2	0	489
4083	476	1	4	2	0	483
4084	3	502	2	1	0	508
4085	530	2	0	0	0	532
4086	2	2	0	544	0	548
4087	2	1	0	541	0	544
4088	0	0	539	5	0	544
4089	506	0	2	3	0	511
4090	2	546	2	0	0	550
4091	518	2	0	0	0	520
4092	2	2	0	523	0	527
4093	2	540	1	1	0	544
4094	538	3	0	2	0	543
4095	2	556	0	0	0	558
4096	2	1	1	550	0	554
4097	1	2	0	556	0	559
4098	0	0	0	554	0	554
4099	0	553	0	4	0	557
4100	0	3	0	550	0	553
4101	0	2	0	553	0	555
4102	542	0	1	4	0	547
4103	548	1	0	3	0	552
4104	544	1	0	0	0	545
4105	5	0	555	0	0	560
4106	548	1	2	0	0	551
4107	549	0	2	0	0	551
4108	548	1	1	0	0	550
4109	3	0	540	1	0	544
4110	517	0	2	1	0	520
4111	3	0	3	521	0	527
4112	3	0	520	3	0	526
4113	0	518	2	2	0	522
4114	1	10	2	471	0	484
4115	0	496	0	1	0	497
4116	0	483	0	2	0	485
4117	461	4	1	0	0	466
4118	1	2	0	456	0	459
4119	458	0	0	1	0	459
4120	1	0	0	456	0	457
4121	459	0	0	1	0	460
4122	1	0	0	458	0	459
4123	452	0	0	7	0	459
4124	1	0	461	2	0	464
4125	2	1	1	456	0	460
4126	0	0	479	1	0	480
4127	0	0	467	2	0	469
4128	0	0	487	0	0	487
4129	0	0	3	473	0	476
4130	0	0	482	1	0	483
4131	474	0	1	2	0	477
4132	1	0	2	484	0	487
4133	2	0	532	1	0	535
4134	0	0	1	529	0	530
4135	0	0	2	532	0	534
4136	0	0	588	3	0	591
4137	0	0	1	588	0	589
4138	0	0	2	584	0	586
4139	0	592	0	3	0	595
4140	580	1	0	2	0	583
4141	580	2	0	0	0	582
4142	3	0	576	0	0	579
4143	562	0	0	0	0	562
4144	0	1	563	0	0	564
4145	1	0	538	0	0	539
4146	0	0	535	0	0	535
4147	0	5	2	507	0	514
4148	0	0	530	0	0	530
4149	0	0	0	509	0	509
4150	0	0	0	527	0	527
4151	0	0	0	518	0	518
4152	0	0	0	519	0	519
4153	517	0	0	0	0	517
4154	513	0	0	0	0	513
4155	0	530	0	0	0	530
4156	0	1	0	533	0	534
4157	0	0	541	1	0	542
4158	0	553	1	0	0	554
4159	0	1	0	577	0	578
4160	0	0	587	0	0	587
4161	0	0	1	578	0	579
4162	0	0	580	1	0	581
4163	0	0	581	0	0	581
4164	0	0	1	585	0	586
4165	0	0	0	585	0	585
4166	590	0	0	1	0	591
4167	2	0	0	586	0	588
4168	589	0	0	1	0	590
4169	1	593	0	0	0	594
4170	0	612	0	0	0	612
4171	0	1	0	616	0	617
4172	620	0	0	1	0	621
4173	0	624	0	4	0	628
4174	0	1	0	641	0	642
4175	662	0	0	1	0	663
4176	674	0	0	0	0	674
4177	677	0	0	0	0	677
4178	671	0	0	0	0	671
4179	674	0	0	0	0	674
4180	1	0	663	0	0	664
4181	0	1	656	0	0	657
4182	0	661	1	0	0	662
4183	0	6	0	653	0	659
4184	0	0	693	1	0	694
4185	0	0	674	0	0	674
4186	0	2	2	671	0	675
4187	0	0	720	1	0	721
4188	2	1	737	1	0	741
4189	0	899	2	1	0	902
4190	886	2	4	0	0	892
4191	2	981	3	1	0	987
4192	3	2	1	976	0	982
4193	1019	3	2	2	0	1026
4194	2	1048	0	4	0	1054
4195	3	2	0	1032	0	1037
4196	1	5	1051	2	0	1059
4197	1045	0	2	5	0	1052
4198	1069	0	3	0	0	1072
4199	1068	1	0	0	0	1069
4200	4	1	0	1080	0	1085
4201	5	0	1089	3	0	1097
4202	1	1096	2	3	0	1102
4203	0	3	3	1077	0	1083
4204	1078	3	0	3	0	1084
4205	5	1	1081	3	0	1090
4206	4	1058	2	0	0	1064
4207	2	2	1090	0	0	1094
4208	1063	3	1	0	0	1067
4209	1091	0	3	0	0	1094
4210	1089	0	1	0	0	1090
4211	4	0	1087	0	0	1091
4212	3	1075	2	0	0	1080
4213	0	2	3	1080	0	1085
4214	0	3	1	1074	0	1078
4215	1	0	1	1069	0	1071
4216	0	0	1073	6	0	1079
4217	1034	0	3	5	0	1042
4218	2	0	1088	0	0	1090
4219	1078	1	5	1	0	1085
4220	1105	0	3	0	0	1108
4221	1104	1	0	0	0	1105
4222	1085	0	0	0	0	1085
4223	4	1	1102	0	0	1107
4224	3	1	1	1086	0	1091
4225	0	0	1105	5	0	1110
4226	0	1081	3	3	0	1087
4227	1	1093	4	1	0	1099
4228	1080	6	0	0	0	1086
4229	1060	3	0	0	0	1063
4230	3	1085	0	1	0	1089
4231	1086	2	0	0	0	1088
4232	3	5	1060	0	0	1068
4233	1021	1	1	1	0	1024
4234	3	1058	3	1	0	1065
4235	1061	2	2	1	0	1066
4236	1018	4	1	0	0	1023
4237	10	0	1	1001	0	1012
4238	4	1	0	1004	0	1009
4239	1006	0	0	8	0	1014
4240	5	0	1	1005	0	1011
4241	1001	2	2	4	0	1009
4242	3	2	0	999	0	1004
4243	998	0	1	6	0	1005
4244	981	1	1	4	0	987
4245	7	985	1	1	0	994
4246	4	994	2	0	0	1000
4247	969	7	2	1	0	979
4248	5	971	2	0	0	978
4249	7	6	0	948	0	961
4250	3	4	1	952	0	960
4251	924	2	1	8	0	935
4252	6	948	1	5	0	960
4253	5	946	1	1	0	953
4254	0	944	2	4	0	950
4255	1	8	918	3	0	930
4256	4	3	933	0	0	940
4257	5	2	930	0	0	937
4258	4	17	8	807	0	836
4259	5	874	3	4	0	886
4260	867	3	1	5	0	876
4261	5	4	865	2	0	876
4262	4	2	875	2	0	883
4263	2	0	889	3	0	894
4264	3	0	7	862	0	872
4265	1	2	7	879	0	889
4266	1	3	1	884	0	889
4267	878	0	3	6	0	887
4268	876	1	0	3	0	880
4269	871	1	1	1	0	874
4270	9	1	2	851	0	863
4271	5	1	832	4	0	842
4272	1	3	846	4	0	854
4273	1	2	7	839	0	849
4274	2	2	3	831	0	838
4275	813	0	2	7	0	822
4276	7	803	2	4	0	816
4277	800	4	2	1	0	807
4278	6	808	2	2	0	818
4279	7	3	1	801	0	812
4280	5	3	801	6	0	815
4281	4	2	3	799	0	808
4282	797	0	5	4	0	806
4283	7	1	795	4	0	807
4284	737	1	5	3	0	746
4285	3	3	749	1	0	756
4286	6	4	710	1	0	721
4287	667	2	5	2	0	676
4288	7	1	673	0	0	681
4289	2	0	494	0	0	496
4290	2	490	9	0	0	501
4291	404	7	19	2	0	432
4292	379	0	0	0	0	379
4293	371	0	0	0	0	371
4294	2	1	350	0	0	353
4295	331	0	2	0	0	333
4296	2	339	0	0	0	341
4297	325	2	0	0	0	327
4298	2	0	330	0	0	332
4299	0	4	2	314	0	320
4300	0	0	315	2	0	317
4301	0	314	2	0	0	316
4302	1	2	0	300	0	303
4303	0	0	0	310	0	310
4304	325	0	0	3	0	328
4305	328	0	0	0	0	328
4306	329	0	0	0	0	329
4307	329	0	0	0	0	329
4308	327	0	0	0	0	327
4309	2	1	323	0	0	326
4310	1	0	2	320	0	323
4311	0	0	333	2	0	335
4312	0	0	2	332	0	334
4313	338	0	0	2	0	340
4314	341	0	0	0	0	341
4315	346	0	0	0	0	346
4316	354	0	0	0	0	354
4317	2	0	380	0	0	382
4318	0	0	2	375	0	377
4319	1	0	375	2	0	378
4320	0	385	2	0	0	387
4321	0	395	1	0	0	396
4322	0	4	0	400	0	404
4323	0	0	0	409	0	409
4324	0	0	0	434	0	434
4325	0	0	0	442	0	442
4326	437	0	0	2	0	439
4327	2	441	0	0	0	443
4328	433	2	0	0	0	435
4329	2	0	0	433	0	435
4330	0	0	0	422	0	422
4331	0	433	0	2	0	435
4332	0	2	0	433	0	435
4333	426	0	0	3	0	429
4334	3	414	0	0	0	417
4335	0	411	0	0	0	411
4336	402	2	0	0	0	404
4337	2	0	0	403	0	405
4338	0	404	0	2	0	406
4339	0	2	0	411	0	413
4340	410	0	0	1	0	411
4341	1	0	0	408	0	409
4342	0	0	0	414	0	414
4343	406	0	0	1	0	407
4344	1	0	0	413	0	414
4345	0	413	0	1	0	414
4346	0	1	0	399	0	400
4347	0	410	0	3	0	413
4348	0	1	0	413	0	414
4349	407	0	0	1	0	408
4350	412	0	0	0	0	412
4351	1	0	0	413	0	414
4352	0	0	415	1	0	416
4353	406	0	1	0	0	407
4354	1	0	411	0	0	412
4355	406	0	1	0	0	407
4356	395	0	0	0	0	395
4357	3	0	394	0	0	397
4358	0	399	1	0	0	400
4359	396	1	1	0	0	398
4360	404	0	0	0	0	404
4361	1	0	417	0	0	418
4362	408	0	1	0	0	409
4363	406	0	0	1	0	407
4364	402	0	0	1	0	403
4365	1	0	0	407	0	408
4366	0	0	0	406	0	406
4367	0	410	0	2	0	412
4368	0	1	0	415	0	416
4369	0	0	0	410	0	410
4370	0	0	414	1	0	415
4371	0	0	408	0	0	408
4372	380	0	3	0	0	383
4373	395	0	0	0	0	395
4374	1	396	0	0	0	397
4375	0	1	0	388	0	389
4376	0	0	416	1	0	417
4377	0	0	1	422	0	423
4378	0	0	0	425	0	425
4379	0	0	0	431	0	431
4380	0	444	0	1	0	445
4381	0	1	0	445	0	446
4382	0	0	0	450	0	450
4383	0	1	444	1	0	446
4384	0	0	442	0	0	442
4385	423	0	1	0	0	424
4386	440	0	0	0	0	440
4387	1	0	0	458	0	459
4388	0	0	0	449	0	449
4389	0	0	1	460	0	461
4390	0	0	445	2	0	447
4391	0	439	2	0	0	441
4392	0	2	437	0	0	439
4393	432	0	2	0	0	434
4394	2	0	448	0	0	450
4395	446	0	2	0	0	448
4396	443	0	0	0	0	443
4397	451	1	0	0	0	452
4398	2	0	0	449	0	451
4399	0	0	448	2	0	450
4400	0	448	2	4	0	454
4401	0	2	0	445	0	447
4402	0	0	0	460	0	460
4403	0	0	475	2	0	477
4404	0	461	2	0	0	463
4405	470	2	1	0	0	473
4406	2	475	0	0	0	477
4407	507	2	0	0	0	509
4408	2	0	0	516	0	518
4409	0	0	540	2	0	542
4410	0	539	2	0	0	541
4411	539	2	0	0	0	541
4412	2	0	551	0	0	553
4413	551	1	2	0	0	554
4414	557	0	1	0	0	558
4415	3	0	554	0	0	557
4416	543	0	2	0	0	545
4417	528	0	0	0	0	528
4418	518	0	0	0	0	518
4419	2	516	0	4	0	522
4420	496	2	1	0	0	499
4421	2	495	0	0	0	497
4422	0	2	485	0	0	487
4423	1	476	2	1	0	480
4424	441	2	0	1	0	444
4425	445	0	0	1	0	446
4426	447	1	0	0	0	448
4427	2	0	0	445	0	447
4428	0	0	0	447	0	447
4429	442	0	1	2	0	445
4430	442	0	1	0	0	443
4431	3	0	0	433	0	436
4432	1	0	433	1	0	435
4433	0	429	1	1	0	431
4434	0	430	0	1	0	431
4435	1	1	0	425	0	427
4436	0	0	424	1	0	425
4437	0	1	1	410	0	412
4438	0	421	1	1	0	423
4439	1	1	0	415	0	417
4440	0	0	419	1	0	420
4441	1	0	1	417	0	419
4442	1	1	425	1	0	428
4443	1	0	1	422	0	424
4444	2	0	430	2	0	434
4445	0	0	432	0	0	432
4446	419	1	1	0	0	421
4447	426	0	0	1	0	427
4448	428	0	0	1	0	429
4449	1	431	1	0	0	433
4450	0	2	0	427	0	429
4451	424	0	0	1	0	425
4452	425	1	0	0	0	426
4453	424	0	0	0	0	424
4454	2	0	429	1	0	432
4455	0	417	2	0	0	419
4456	0	431	1	0	0	432
4457	429	2	0	0	0	431
4458	2	0	1	420	0	423
4459	423	0	1	1	0	425
4460	3	0	417	0	0	420
4461	2	0	2	404	0	408
4462	1	0	1	401	0	403
4463	2	0	0	391	0	393
4464	2	400	0	1	0	403
4465	401	2	0	0	0	403
4466	398	1	0	0	0	399
4467	2	394	0	0	0	396
4468	0	2	1	391	0	394
4469	393	1	1	1	0	396
4470	2	2	0	391	0	395
4471	395	0	0	1	0	396
4472	2	393	1	0	0	396
4473	384	1	0	1	0	386
4474	1	1	387	2	0	391
4475	1	387	3	1	0	392
4476	3	2	366	0	0	371
4477	7	3	4	345	0	359
4478	344	1	4	2	0	351
4479	346	0	1	0	0	347
4480	335	1	0	1	0	337
4481	1	1	0	329	0	331
4482	328	1	0	1	0	330
4483	3	0	1	327	0	331
4484	327	0	0	3	0	330
4485	330	1	2	0	0	333
4486	1	1	334	1	0	337
4487	1	1	315	0	0	317
4488	1	0	312	2	0	315
4489	0	1	2	293	0	296
4490	303	0	0	3	0	306
4491	0	1	1	313	0	315
4492	0	0	1	318	0	319
4493	339	0	1	0	0	340
4494	327	0	0	2	0	329
4495	327	0	1	2	0	330
4496	325	2	0	1	0	328
4497	0	0	1	325	0	326
4498	322	0	1	1	0	324
4499	2	322	1	0	0	325
4500	314	0	0	1	0	315
4501	308	2	6	0	0	316
4502	0	2	297	1	0	300
4503	273	1	1	1	0	276
4504	2	0	274	1	0	277
4505	1	0	249	1	0	251
4506	2	0	248	1	0	251
4507	3	9	9	178	0	199
4508	0	0	186	0	0	186
4509	0	2	0	166	0	168
4510	1	0	171	0	0	172
4511	0	0	190	1	0	191
4512	2	0	0	184	0	186
4513	1	0	1	195	0	197
4514	0	0	204	1	0	205
4515	191	0	1	1	0	193
4516	1	0	0	199	0	200
4517	0	1	0	203	0	204
4518	204	0	0	1	0	205
4519	2	0	0	213	0	215
4520	0	1	215	0	0	216
4521	0	0	207	1	0	208
4522	0	0	2	207	0	209
4523	0	0	228	1	0	229
4524	0	237	1	1	0	239
4525	0	1	1	235	0	237
4526	236	1	0	1	0	238
4527	1	0	237	1	0	239
4528	229	0	1	0	0	230
4529	1	0	1	242	0	244
4530	1	0	0	244	0	245
4531	0	0	0	248	0	248
4532	0	0	0	253	0	253
4533	254	0	0	2	0	256
4534	1	271	0	1	0	273
4535	1	1	0	275	0	277
4536	0	1	0	275	0	276
4537	0	0	0	277	0	277
4538	0	0	0	274	0	274
4539	272	0	0	2	0	274
4540	1	276	0	1	0	278
4541	269	0	0	0	0	269
4542	1	266	0	0	0	267
4543	1	270	0	0	0	271
4544	258	1	0	0	0	259
4545	1	1	269	0	0	271
4546	1	0	1	275	0	277
4547	278	1	1	1	0	281
4548	285	0	0	1	0	286
4549	280	0	0	0	0	280
4550	289	0	0	1	0	290
4551	2	314	0	0	0	316
4552	326	1	0	0	0	327
4553	336	1	0	0	0	337
4554	2	365	0	2	0	369
4555	1	2	0	368	0	371
4556	0	2	364	2	0	368
4557	0	0	2	369	0	371
4558	368	0	1	2	0	371
4559	2	0	380	1	0	383
4560	1	376	2	0	0	379
4561	0	2	383	0	0	385
4562	0	3	2	358	0	363
4563	0	377	1	1	0	379
4564	377	2	0	1	0	380
4565	2	390	0	0	0	392
4566	1	1	0	386	0	388
4567	0	1	0	393	0	394
4568	390	0	0	3	0	393
4569	2	0	0	389	0	391
4570	1	395	0	2	0	398
4571	402	2	0	1	0	405
4572	401	1	0	1	0	403
4573	3	408	0	0	0	411
4574	405	1	0	0	0	406
4575	2	407	0	0	0	409
4576	402	2	0	0	0	404
4577	2	412	0	0	0	414
4578	1	2	1	402	0	406
4579	0	1	0	415	0	416
4580	412	0	0	3	0	415
4581	426	0	0	1	0	427
4582	3	422	0	2	0	427
4583	1	2	415	2	0	420
4584	420	1	2	0	0	423
4585	2	0	1	429	0	432
4586	1	426	0	2	0	429
4587	0	2	0	425	0	427
4588	429	1	0	1	0	431
4589	430	0	0	1	0	431
4590	436	0	0	0	0	436
4591	3	0	0	424	0	427
4592	1	0	425	2	0	428
4593	400	0	2	2	0	404
4594	406	0	1	0	0	407
4595	416	0	0	0	0	416
4596	3	415	0	0	0	418
4597	1	2	0	420	0	423
4598	0	425	0	2	0	427
4599	0	1	0	430	0	431
4600	0	1	1	434	0	436
4601	0	0	456	4	0	460
4602	0	0	2	477	0	479
4603	0	0	2	493	0	495
4604	501	0	0	4	0	505
4605	2	502	0	2	0	506
4606	508	3	0	0	0	511
4607	524	2	0	0	0	526
4608	6	0	0	519	0	525
4609	2	0	521	4	0	527
4610	0	513	4	2	0	519
4611	0	494	3	0	0	497
4612	486	7	0	0	0	493
4613	4	485	0	0	0	489
4614	2	3	0	464	0	469
4615	0	1	0	467	0	468
4616	0	0	467	5	0	472
4617	0	0	466	3	0	469
4618	0	464	5	0	0	469
4619	0	3	1	452	0	456
4620	457	0	0	3	0	460
4621	3	0	0	461	0	464
4622	2	1	464	2	0	469
4623	0	0	3	455	0	458
4624	436	0	1	3	0	440
4625	439	0	0	1	0	440
4626	3	445	0	0	0	448
4627	442	3	0	0	0	445
4628	3	447	0	0	0	450
4629	440	3	0	0	0	443
4630	3	1	0	440	0	444
4631	1	0	440	3	0	444
4632	0	0	442	1	0	443
4633	0	448	5	0	0	453
4634	2	1	1	424	0	428
4635	0	1	0	431	0	432
4636	428	0	0	4	0	432
4637	434	0	0	1	0	435
4638	442	0	0	0	0	442
4639	4	0	0	435	0	439
4640	1	0	0	438	0	439
4641	0	0	0	443	0	443
4642	0	0	438	4	0	442
4643	0	1	441	1	0	443
4644	434	0	4	0	0	438
4645	432	0	1	0	0	433
4646	4	0	429	0	0	433
4647	425	0	3	0	0	428
4648	418	0	1	0	0	419
4649	4	0	414	0	0	418
4650	1	415	3	0	0	419
4651	2	4	2	387	0	395
4652	0	1	389	3	0	393
4653	0	391	3	1	0	395
4654	1	5	1	340	0	347
4655	0	359	0	2	0	361
4656	0	3	355	1	0	359
4657	0	2	354	1	0	357
4658	1	1	4	359	0	365
4659	353	0	3	4	0	360
4660	2	0	1	355	0	358
4661	346	0	0	3	0	349
4662	3	0	0	349	0	352
4663	2	0	353	3	0	358
4664	342	0	2	2	0	346
4665	2	0	351	1	0	354
4666	353	0	2	0	0	355
4667	3	0	2	341	0	346
4668	2	358	1	2	0	363
4669	1	2	0	359	0	362
4670	0	361	0	2	0	363
4671	0	3	0	332	0	335
4672	0	360	0	3	0	363
4673	356	3	0	2	0	361
4674	358	2	0	0	0	360
4675	355	1	0	0	0	356
4676	5	0	351	0	0	356
4677	3	0	2	349	0	354
4678	1	0	356	2	0	359
4679	0	345	3	2	0	350
4680	0	348	2	0	0	350
4681	338	4	2	0	0	344
4682	2	3	339	0	0	344
4683	2	344	2	0	0	348
4684	1	2	2	347	0	352
4685	348	2	1	2	0	353
4686	2	357	0	2	0	361
4687	357	2	0	1	0	360
4688	3	2	361	0	0	366
4689	2	0	2	358	0	362
4690	1	0	2	360	0	363
4691	0	0	1	379	0	380
4692	0	382	0	5	0	387
4693	0	2	0	381	0	383
4694	0	2	393	3	0	398
4695	0	1	2	385	0	388
4696	0	0	2	385	0	387
4697	0	0	1	374	0	375
4698	0	373	0	5	0	378
4699	0	2	0	368	0	370
4700	0	2	0	363	0	365
4701	0	338	0	3	0	341
4702	305	2	0	2	0	309
4703	2	303	0	1	0	306
4704	1	295	0	0	0	296
4705	2	5	0	284	0	291
4706	0	2	285	1	0	288
4707	255	1	0	1	0	257
4708	0	0	1	266	0	267
4709	1	0	274	0	0	275
4710	1	274	0	1	0	276
4711	0	0	1	274	0	275
4712	0	1	279	0	0	280
4713	0	1	0	277	0	278
4714	0	0	1	275	0	276
4715	276	0	1	1	0	278
4716	0	273	0	3	0	276
4717	272	0	0	2	0	274
4718	1	1	283	0	0	285
4719	1	283	0	0	0	284
4720	1	0	280	0	0	281
4721	4	2	2	281	0	289
4722	287	1	1	0	0	289
4723	1	0	1	282	0	284
4724	287	0	0	1	0	288
4725	289	0	0	2	0	291
4726	3	0	0	294	0	297
4727	3	0	317	0	0	320
4728	1	0	322	2	0	325
4729	0	0	2	335	0	337
4730	0	0	3	340	0	343
4731	339	0	1	2	0	342
4732	0	0	0	339	0	339
4733	2	338	0	1	0	341
4734	1	0	0	340	0	341
4735	0	2	0	342	0	344
4736	341	1	0	2	0	344
4737	0	347	0	2	0	349
4738	2	0	0	351	0	353
4739	1	2	0	347	0	350
4740	0	346	0	3	0	349
4741	0	1	0	347	0	348
4742	0	2	0	345	0	347
4743	0	348	0	3	0	351
4744	0	1	0	350	0	351
4745	0	2	0	346	0	348
4746	0	345	0	3	0	348
4747	0	1	0	342	0	343
4748	342	2	0	2	0	346
4749	341	1	0	2	0	344
4750	342	0	0	1	0	343
4751	339	0	0	0	0	339
4752	4	331	0	0	0	335
4753	316	1	0	0	0	317
4754	1	314	0	0	0	315
4755	1	307	1	0	0	309
4756	0	2	0	309	0	311
4757	0	1	313	1	0	315
4758	302	0	1	1	0	304
4759	308	0	1	0	0	309
4760	2	0	319	0	0	321
4761	321	0	1	0	0	322
4762	331	0	1	0	0	332
4763	2	324	0	0	0	326
4764	362	1	0	0	0	363
4765	1	1	0	357	0	359
4766	1	0	0	355	0	356
4767	0	0	0	356	0	356
4768	0	0	0	351	0	351
4769	346	0	0	2	0	348
4770	1	0	0	347	0	348
4771	1	0	1	349	0	351
4772	0	0	338	2	0	340
4773	322	0	2	1	0	325
4774	341	0	1	1	0	343
4775	341	0	0	0	0	341
4776	2	343	0	0	0	345
4777	1	342	0	0	0	343
4778	337	2	0	0	0	339
4779	1	1	0	338	0	340
4780	3	341	0	1	0	345
4781	0	1	0	333	0	334
4782	0	341	0	1	0	342
4783	333	1	0	2	0	336
4784	1	343	0	1	0	345
4785	1	2	0	337	0	340
4786	0	2	0	344	0	346
4787	0	1	359	4	0	364
4788	0	377	1	3	0	381
4789	0	1	2	379	0	382
4790	0	3	394	1	0	398
4791	0	0	399	3	0	402
4792	0	0	3	407	0	410
4793	0	1	3	402	0	406
4794	0	395	0	5	0	400
4795	1	400	0	2	0	403
4796	1	4	0	399	0	404
4797	399	3	0	1	0	403
4798	2	1	0	412	0	415
4799	422	1	0	1	0	424
4800	426	0	0	3	0	429
4801	433	1	2	0	0	436
4802	5	1	436	0	0	442
4803	429	0	1	1	0	431
4804	2	0	4	433	0	439
4805	4	0	0	439	0	443
4806	1	0	435	5	0	441
4807	0	0	438	4	0	442
4808	1	0	5	425	0	431
4809	0	423	4	1	0	428
4810	0	427	0	4	0	431
4811	1	4	0	425	0	430
4812	428	4	0	2	0	434
4813	1	0	0	433	0	434
4814	4	0	0	431	0	435
4815	0	437	0	6	0	443
4816	2	1	0	441	0	444
4817	0	4	449	2	0	455
4818	0	0	444	5	0	449
4819	429	0	6	0	0	435
4820	2	442	4	0	0	448
4821	433	1	0	0	0	434
4822	431	3	0	0	0	434
4823	4	1	0	421	0	426
4824	3	430	0	1	0	434
4825	1	1	0	434	0	436
4826	424	3	0	1	0	428
4827	1	415	0	3	0	419
4828	400	1	0	1	0	402
4829	1	400	0	0	0	401
4830	398	1	0	0	0	399
4831	393	4	0	0	0	397
4832	4	388	0	1	0	393
4833	2	1	0	389	0	392
4834	388	3	1	0	0	392
4835	1	1	383	2	0	387
4836	3	0	371	2	0	376
4837	1	6	5	364	0	376
4838	369	0	4	0	0	373
4839	0	0	0	373	0	373
4840	373	0	0	0	0	373
4841	0	0	384	3	0	387
4842	388	0	1	0	0	389
4843	389	0	3	0	0	392
4844	3	0	0	390	0	393
4845	3	0	0	390	0	393
4846	0	0	0	391	0	391
4847	0	399	0	3	0	402
4848	0	0	0	399	0	399
4849	0	3	0	396	0	399
4850	397	0	0	3	0	400
4851	397	0	0	3	0	400
4852	3	0	392	0	0	395
4853	390	0	0	0	0	390
4854	0	0	400	0	0	400
4855	373	1	0	0	0	374
4856	1	0	392	0	0	393
4857	3	0	384	0	0	387
4858	0	0	3	377	0	380
4859	0	1	381	0	0	382
4860	376	0	0	4	0	380
4861	1	0	3	395	0	399
4862	406	1	0	0	0	407
4863	406	0	0	3	0	409
4864	378	1	0	0	0	379
4865	382	0	0	2	0	384
4866	3	0	385	0	0	388
4867	3	1	0	383	0	387
4868	0	0	394	1	0	395
4869	0	0	0	388	0	388
4870	392	0	3	0	0	395
4871	0	0	1	393	0	394
4872	393	0	0	0	0	393
4873	1	0	0	400	0	401
4874	3	0	0	397	0	400
4875	396	0	0	3	0	399
4876	0	398	1	3	0	402
4877	397	0	0	0	0	397
4878	1	396	0	0	0	397
4879	3	0	0	388	0	391
4880	392	3	0	1	0	396
4881	0	0	398	3	0	401
4882	3	1	0	396	0	400
4883	394	0	3	0	0	397
4884	403	0	0	3	0	406
4885	3	0	0	400	0	403
4886	3	408	0	0	0	411
4887	0	385	1	2	0	388
4888	3	7	0	353	0	363
4889	363	2	1	0	0	366
4890	1	355	0	2	0	358
4891	1	336	1	0	0	338
4892	320	1	1	0	0	322
4893	0	326	0	1	0	327
4894	345	0	2	0	0	347
4895	2	1	0	347	0	350
4896	1	1	0	339	0	341
4897	1	350	0	1	0	352
4898	1	342	0	1	0	344
4899	329	0	0	0	0	329
4900	1	343	0	0	0	344
4901	0	364	1	0	0	365
4902	1	1	0	367	0	369
4903	370	1	1	0	0	372
4904	0	0	410	2	0	412
4905	403	0	2	0	0	405
4906	0	0	1	449	0	450
4907	2	0	454	2	0	458
4908	0	0	461	3	0	464
4909	0	2	4	458	0	464
4910	1	0	482	2	0	485
4911	475	1	2	2	0	480
4912	480	0	2	0	0	482
4913	5	2	481	0	0	488
4914	2	0	3	471	0	476
4915	1	0	2	478	0	481
4916	481	0	1	5	0	487
4917	3	0	0	466	0	469
4918	4	475	0	2	0	481
4919	471	3	0	3	0	477
4920	3	477	0	0	0	480
4921	3	485	0	0	0	488
4922	0	7	0	473	0	480
4923	0	3	0	473	0	476
4924	0	0	0	480	0	480
4925	0	0	471	8	0	479
4926	450	0	3	3	0	456
4927	3	466	3	0	0	472
4928	471	3	0	0	0	474
4929	468	3	0	0	0	471
4930	5	0	1	469	0	475
4931	3	468	0	3	0	474
4932	0	3	0	468	0	471
4933	0	3	0	476	0	479
4934	478	0	0	6	0	484
4935	483	0	0	3	0	486
4936	6	0	480	0	0	486
4937	484	0	3	0	0	487
4938	2	486	2	0	0	490
4939	486	3	0	0	0	489
4940	2	512	0	1	0	515
4941	3	2	0	498	0	503
4942	0	3	0	491	0	494
4943	0	496	0	5	0	501
4944	0	3	0	496	0	499
4945	0	3	0	498	0	501
4946	0	0	0	497	0	497
4947	0	485	1	4	0	490
4948	0	3	0	487	0	490
4949	0	3	0	487	0	490
4950	0	1	0	491	0	492
4951	1	0	487	6	0	494
4952	469	1	3	3	0	476
4953	3	0	493	0	0	496
4954	483	0	3	0	0	486
4955	3	0	491	0	0	494
4956	480	0	3	0	0	483
4957	489	0	3	0	0	492
4958	7	0	484	0	0	491
4959	3	0	3	479	0	485
4960	0	0	475	3	0	478
4961	448	0	3	3	0	454
4962	3	0	471	0	0	474
4963	3	0	467	0	0	470
4964	458	0	6	0	0	464
4965	2	457	3	0	0	462
4966	3	3	2	452	0	460
4967	457	3	0	2	0	462
4968	3	0	0	458	0	461
4969	3	0	0	458	0	461
4970	451	0	0	6	0	457
4971	457	0	0	3	0	460
4972	6	0	458	0	0	464
4973	3	0	458	0	0	461
4974	0	0	6	453	0	459
4975	0	0	465	3	0	468
4976	0	0	3	459	0	462
4977	0	0	3	459	0	462
4978	1	0	0	465	0	466
4979	461	0	0	6	0	467
4980	3	476	0	3	0	482
4981	467	3	1	0	0	471
4982	461	3	0	0	0	464
4983	6	472	0	0	0	478
4984	453	3	0	0	0	456
4985	3	3	448	0	0	454
4986	3	0	3	447	0	453
4987	446	0	3	3	0	452
4988	3	0	453	4	0	460
4989	442	0	4	0	0	446
4990	4	461	3	0	0	468
4991	510	3	1	0	0	514
4992	507	3	0	0	0	510
4993	7	519	1	0	0	527
4994	516	3	0	0	0	519
4995	3	4	0	524	0	531
4996	4	0	1	529	0	534
4997	520	0	0	8	0	528
4998	497	0	1	5	0	503
4999	7	514	0	0	0	521
5000	5	511	1	0	0	517
5001	0	9	0	459	0	468
5002	1	488	0	3	0	492
5003	0	501	0	3	0	504
5004	452	6	0	0	0	458
5005	3	470	0	0	0	473
5006	418	1	0	1	0	420
5007	2	433	0	1	0	436
5008	2	1	437	0	0	440
5009	1	446	1	0	0	448
5010	419	2	5	0	0	426
5011	415	0	1	1	0	417
5012	1	0	417	1	0	419
5013	2	0	1	408	0	411
5014	0	0	1	419	0	420
5015	0	0	422	2	0	424
5016	0	0	0	424	0	424
5017	1	0	437	0	0	438
5018	0	1	432	0	0	433
5019	426	0	1	0	0	427
5020	0	432	1	0	0	433
5021	428	1	0	0	0	429
5022	1	1	0	431	0	433
5023	1	0	442	0	0	443
5024	0	0	0	431	0	431
5025	1	449	1	1	0	452
5026	450	0	1	1	0	452
5027	449	1	0	0	0	450
5028	1	1	0	449	0	451
5029	2	0	447	0	0	449
5030	429	0	0	1	0	430
5031	0	441	1	0	0	442
5032	440	0	0	0	0	440
5033	0	1	0	438	0	439
5034	435	0	0	1	0	436
5035	0	1	0	431	0	432
5036	2	0	446	0	0	448
5037	0	1	440	1	0	442
5038	421	1	1	0	0	423
5039	0	446	1	0	0	447
5040	421	1	2	0	0	424
5041	426	1	0	0	0	427
5042	0	441	0	0	0	441
5043	435	0	0	0	0	435
5044	0	1	467	0	0	468
5045	1	0	0	464	0	465
5046	0	0	1	467	0	468
5047	0	0	0	472	0	472
5048	0	0	474	1	0	475
5049	0	0	477	1	0	478
5050	0	0	1	466	0	467
5051	0	475	1	0	0	476
5052	0	480	0	2	0	482
5053	483	0	0	1	0	484
5054	481	1	0	0	0	482
5055	1	507	0	0	0	508
5056	1	0	0	510	0	511
5057	0	2	0	511	0	513
5058	524	0	0	3	0	527
5059	0	0	0	541	0	541
5060	1	0	0	542	0	543
5061	0	0	0	542	0	542
5062	0	0	531	1	0	532
5063	0	0	518	1	0	519
5064	527	0	1	0	0	528
5065	0	0	1	559	0	560
5066	1	0	560	0	0	561
5067	0	0	555	2	0	557
5068	551	0	2	0	0	553
5069	3	1	623	1	0	628
5070	3	646	0	0	0	649
5071	1	0	2	691	0	694
5072	0	3	700	0	0	703
5073	703	0	0	3	0	706
5074	0	0	4	756	0	760
5075	4	0	757	0	0	761
5076	0	0	0	769	0	769
5077	0	0	5	772	0	777
5078	778	0	0	4	0	782
5079	0	797	0	4	0	801
5080	5	0	0	772	0	777
5081	791	5	0	0	0	796
5082	787	0	0	4	0	791
5083	794	0	0	0	0	794
5084	811	0	0	0	0	811
5085	5	0	0	807	0	812
5086	810	0	0	0	0	810
5087	803	0	0	5	0	808
5088	787	0	0	0	0	787
5089	787	0	0	0	0	787
5090	5	761	0	0	0	766
5091	3	717	0	0	0	720
5092	0	6	0	710	0	716
5093	0	712	0	0	0	712
5094	703	0	0	3	0	706
5095	0	3	0	703	0	706
5096	707	0	0	0	0	707
5097	714	0	0	4	0	718
5098	5	0	0	734	0	739
5099	3	0	0	728	0	731
5100	0	730	1	5	0	736
5101	733	0	0	4	0	737
5102	0	734	0	0	0	734
5103	726	0	0	0	0	726
5104	0	4	0	736	0	740
5105	4	1	731	0	0	736
5106	723	0	0	4	0	727
5107	709	0	6	0	0	715
5108	4	0	708	0	0	712
5109	4	0	711	0	0	715
5110	0	0	4	698	0	702
5111	756	0	4	1	0	761
5112	786	0	0	4	0	790
5113	806	1	0	1	0	808
5114	801	0	0	1	0	802
5115	6	805	0	0	0	811
5116	819	0	0	0	0	819
5117	1	5	0	808	0	814
5118	5	0	0	811	0	816
5119	0	0	0	833	0	833
5120	2	1	0	828	0	831
5121	824	0	0	5	0	829
5122	1	0	0	856	0	857
5123	5	0	861	0	0	866
5124	0	0	0	870	0	870
5125	0	1	5	864	0	870
5126	0	0	0	868	0	868
5127	0	0	0	861	0	861
5128	848	0	0	6	0	854
5129	0	860	0	7	0	867
5130	6	859	0	0	0	865
5131	2	6	0	849	0	857
5132	858	6	0	1	0	865
5133	858	0	0	6	0	864
5134	3	1	0	867	0	871
5135	7	0	870	0	0	877
5136	847	1	0	6	0	854
5137	2	0	5	881	0	888
5138	9	0	889	1	0	899
5139	847	0	1	7	0	855
5140	1	898	5	0	0	904
5141	990	0	0	0	0	990
5142	1	1026	2	2	0	1031
5143	7	1	1	1019	0	1028
5144	0	1051	0	2	0	1053
5145	1	3	0	1084	0	1088
5146	1042	8	0	2	0	1052
5147	2	1071	0	8	0	1081
5148	8	1	1083	0	0	1092
5149	0	11	1	1081	0	1093
5150	1	0	1109	2	0	1112
5151	0	2	1	1086	0	1089
5152	0	0	8	1090	0	1098
5153	0	0	1090	9	0	1099
5154	998	0	1	11	0	1010
5155	2	0	1082	0	0	1084
5156	8	0	1071	1	0	1080
5157	0	1091	10	3	0	1104
5158	0	1	7	1078	0	1086
5159	0	8	0	1081	0	1089
5160	0	0	0	1081	0	1081
5161	0	0	0	1091	0	1091
5162	1	0	1074	9	0	1084
5163	1004	1	1	10	0	1016
5164	1	1	1086	0	0	1088
5165	7	1	1	1048	0	1057
5166	1040	0	7	1	0	1048
5167	2	1056	0	7	0	1065
5168	8	7	0	1026	0	1041
5169	980	8	1	1	0	990
5170	4	963	0	6	0	973
5171	4	932	0	1	0	937
5172	920	6	1	0	0	927
5173	2	916	0	0	0	918
5174	871	2	2	0	0	875
5175	2	898	0	0	0	900
5176	893	1	0	0	0	894
5177	886	4	0	0	0	890
5178	6	906	0	2	0	914
5179	6	0	0	894	0	900
5180	2	3	888	1	0	894
5181	867	1	1	4	0	873
5182	1	1	4	874	0	880
5183	5	875	1	1	0	882
5184	1	876	0	5	0	882
5185	0	5	0	880	0	885
5186	870	5	0	2	0	877
5187	1	1	875	5	0	882
5188	5	0	1	880	0	886
5189	2	0	4	887	0	893
5190	0	2	2	890	0	894
5191	1	0	0	880	0	881
5192	1	879	0	6	0	886
5193	0	2	0	885	0	887
5194	0	4	874	5	0	883
5195	1	1	862	4	0	868
5196	1	1	865	1	0	868
5197	1	1	6	838	0	846
5198	824	2	5	2	0	833
5199	2	2	837	4	0	845
5200	6	0	843	3	0	852
5201	2	0	5	832	0	839
5202	835	0	6	1	0	842
5203	2	837	1	6	0	846
5204	825	1	2	2	0	830
5205	2	4	1	827	0	834
5206	5	1	841	3	0	850
5207	3	9	2	796	0	810
5208	2	836	4	4	0	846
5209	848	3	3	3	0	857
5210	3	5	854	3	0	865
5211	4	815	3	0	0	822
5212	793	2	4	2	0	801
5213	3	5	1	795	0	804
5214	4	1	1	794	0	800
5215	806	1	1	5	0	813
5216	802	0	1	6	0	809
5217	824	0	1	3	0	828
5218	6	2	2	806	0	816
5219	6	810	0	4	0	820
5220	815	2	1	5	0	823
5221	2	817	2	2	0	823
5222	788	3	1	0	0	792
5223	4	780	1	0	0	785
5224	3	2	1	765	0	771
5225	782	3	1	2	0	788
5226	782	3	0	3	0	788
5227	788	0	1	1	0	790
5228	791	0	0	2	0	793
5229	786	1	0	2	0	789
5230	7	0	784	0	0	791
5231	5	1	2	771	0	779
5232	3	0	783	2	0	788
5233	1	1	778	4	0	784
5234	778	2	4	1	0	785
5235	780	1	3	1	0	785
5236	771	1	2	1	0	775
5237	5	0	0	751	0	756
5238	737	1	2	3	0	743
5239	3	746	1	7	0	757
5240	3	738	0	2	0	743
5241	1	631	0	1	0	633
5242	574	6	4	0	0	584
5243	2	584	1	0	0	587
5244	560	2	0	0	0	562
5245	540	0	1	0	0	541
5246	2	1	542	1	0	546
5247	2	0	2	527	0	531
5248	1	0	2	552	0	555
5249	564	0	1	2	0	567
5250	558	0	0	2	0	560
5251	4	0	0	554	0	558
5252	2	0	558	2	0	562
5253	2	1	557	1	0	561
5254	1	1	6	550	0	558
5255	0	2	2	550	0	554
5256	1	1	1	556	0	559
5257	540	1	0	3	0	544
5258	537	1	0	2	0	540
5259	4	534	0	1	0	539
5260	4	1	0	530	0	535
5261	2	1	1	532	0	536
5262	1	536	1	3	0	541
5263	1	1	0	539	0	541
5264	536	1	1	1	0	539
5265	2	1	0	527	0	530
5266	1	0	0	535	0	536
5267	523	0	2	2	0	527
5268	520	0	1	2	0	523
5269	518	0	0	2	0	520
5270	4	1	0	508	0	513
5271	2	0	490	3	0	495
5272	5	0	487	1	0	493
5273	1	0	479	1	0	481
5274	0	471	3	0	0	474
5275	448	2	1	0	0	451
5276	2	1	441	0	0	444
5277	431	0	1	0	0	432
5278	2	0	1	430	0	433
5279	427	0	0	1	0	428
5280	430	1	1	1	0	433
5281	2	436	0	1	0	439
5282	437	1	0	1	0	439
5283	440	1	0	0	0	441
5284	3	443	0	0	0	446
5285	1	2	0	438	0	441
5286	0	2	441	1	0	444
5287	1	0	2	428	0	431
5288	0	1	1	437	0	439
5289	434	0	0	3	0	437
5290	2	0	0	437	0	439
5291	2	442	1	1	0	446
5292	1	0	0	436	0	437
5293	0	2	0	444	0	446
5294	1	0	446	3	0	450
5295	1	440	1	2	0	444
5296	0	443	1	1	0	445
5297	434	2	1	1	0	438
5298	2	444	1	0	0	447
5299	1	1	0	431	0	433
5300	0	1	430	3	0	434
5301	1	432	1	2	0	436
5302	432	1	1	0	0	434
5303	2	1	0	430	0	433
5304	1	0	0	434	0	435
5305	0	0	430	3	0	433
5306	0	0	1	414	0	415
5307	0	1	1	415	0	417
5308	414	1	0	3	0	418
5309	378	0	0	1	0	379
5310	2	377	1	1	0	381
5311	352	1	0	1	0	354
5312	2	349	0	1	0	352
5313	3	4	0	322	0	329
5314	2	330	0	1	0	333
5315	1	320	0	2	0	323
5316	307	1	2	1	0	311
5317	290	1	2	1	0	294
5318	1	285	1	0	0	287
5319	280	1	0	0	0	281
5320	278	1	0	0	0	279
5321	281	0	1	0	0	282
5322	1	0	0	285	0	286
5323	278	0	0	1	0	279
5324	1	0	273	1	0	275
5325	272	0	0	0	0	272
5326	0	1	279	0	0	280
5327	2	0	0	271	0	273
5328	2	0	1	278	0	281
5329	0	1	282	1	0	284
5330	283	0	0	2	0	285
5331	282	0	2	0	0	284
5332	1	0	302	2	0	305
5333	1	0	0	294	0	295
5334	1	0	1	296	0	298
5335	0	0	0	297	0	297
5336	293	1	0	1	0	295
5337	291	0	0	2	0	293
5338	1	0	0	283	0	284
5339	1	276	0	4	0	281
5340	0	269	0	1	0	270
5341	264	1	0	0	0	265
5342	0	268	0	0	0	268
5343	1	253	0	0	0	254
5344	1	0	0	223	0	224
5345	0	0	225	0	0	225
5346	0	221	0	0	0	221
5347	0	5	0	210	0	215
5348	0	209	0	0	0	209
5349	0	0	0	200	0	200
5350	201	0	0	0	0	201
5351	0	209	0	0	0	209
5352	208	0	0	0	0	208
5353	204	0	0	0	0	204
5354	0	0	205	0	0	205
5355	200	0	0	0	0	200
5356	0	0	0	208	0	208
5357	0	0	208	0	0	208
5358	0	209	0	0	0	209
5359	0	0	0	203	0	203
5360	0	0	2	202	0	204
5361	204	0	0	0	0	204
5362	0	0	0	209	0	209
5363	0	0	0	210	0	210
5364	207	0	0	0	0	207
5365	0	208	0	0	0	208
5366	203	0	0	0	0	203
5367	0	0	204	0	0	204
5368	192	0	2	0	0	194
5369	0	0	210	0	0	210
5370	0	212	0	0	0	212
5371	217	0	0	0	0	217
5372	211	0	0	0	0	211
5373	0	0	215	0	0	215
5374	0	0	225	0	0	225
5375	0	0	238	0	0	238
5376	0	239	0	0	0	239
5377	0	0	0	240	0	240
5378	0	0	253	0	0	253
5379	0	0	252	0	0	252
5380	0	0	1	250	0	251
5381	0	0	257	0	0	257
5382	256	0	0	1	0	257
5383	315	0	1	0	0	316
5384	1	0	307	0	0	308
5385	2	307	1	0	0	310
5386	0	0	3	301	0	304
5387	0	2	307	1	0	310
5388	0	306	1	2	0	309
5389	2	3	2	299	0	306
5390	299	2	0	0	0	301
5391	294	0	1	2	0	297
5392	2	300	0	0	0	302
5393	2	0	0	301	0	303
5394	0	2	0	297	0	299
5395	0	1	0	300	0	301
5396	0	0	0	298	0	298
5397	1	0	299	2	0	302
5398	1	0	0	294	0	295
5399	0	1	297	0	0	298
5400	0	292	0	3	0	295
5401	289	0	2	1	0	292
5402	0	308	0	1	0	309
5403	1	0	0	303	0	304
5404	0	2	1	300	0	303
5405	304	0	0	3	0	307
5406	0	0	1	310	0	311
5407	2	314	0	0	0	316
5408	1	0	0	321	0	322
5409	0	3	0	318	0	321
5410	317	0	0	3	0	320
5411	0	0	316	3	0	319
5412	3	316	0	0	0	319
5413	0	322	2	1	0	325
5414	0	3	0	319	0	322
5415	319	2	0	1	0	322
5416	0	322	0	3	0	325
5417	2	0	0	322	0	324
5418	0	2	323	0	0	325
5419	0	1	0	327	0	328
5420	326	1	1	0	0	328
5421	325	0	0	3	0	328
5422	3	0	0	324	0	327
5423	331	1	0	0	0	332
5424	325	0	0	3	0	328
5425	2	1	324	0	0	327
5426	315	0	0	1	0	316
5427	1	319	2	0	0	322
5428	321	0	0	1	0	322
5429	0	2	315	1	0	318
5430	3	0	0	323	0	326
5431	328	0	1	0	0	329
5432	0	0	324	2	0	326
5433	3	0	324	0	0	327
5434	0	1	2	320	0	323
5435	1	0	329	0	0	330
5436	323	0	1	2	0	326
5437	1	0	328	1	0	330
5438	4	0	0	325	0	329
5439	0	0	3	338	0	341
5440	350	0	1	3	0	354
5441	1	0	350	3	0	354
5442	3	0	377	0	0	380
5443	1	0	3	414	0	418
5444	0	0	414	1	0	415
5445	405	0	1	4	0	410
5446	1	0	3	412	0	416
5447	4	1	417	1	0	423
5448	0	0	2	417	0	419
5449	0	0	4	415	0	419
5450	417	0	0	5	0	422
5451	1	0	411	3	0	415
5452	407	0	1	0	0	408
5453	1	1	425	1	0	428
5454	417	0	2	1	0	420
5455	419	0	3	1	0	423
5456	409	0	0	1	0	410
5457	5	413	0	0	0	418
5458	416	1	1	1	0	419
5459	414	3	0	0	0	417
5460	5	0	1	414	0	420
5461	4	0	417	1	0	422
5462	412	0	1	3	0	416
5463	2	0	428	0	0	430
5464	3	1	1	419	0	424
5465	1	0	3	428	0	432
5466	429	0	0	4	0	433
5467	1	438	0	4	0	443
5468	3	1	1	435	0	440
5469	1	3	0	436	0	440
5470	0	0	434	4	0	438
5471	2	0	1	428	0	431
5472	0	0	3	430	0	433
5473	0	0	0	425	0	425
5474	0	422	0	4	0	426
5475	405	1	0	3	0	409
5476	402	3	0	1	0	406
5477	5	409	1	0	0	415
5478	399	2	0	0	0	401
5479	2	2	0	420	0	424
5480	2	0	439	2	0	443
5481	0	451	2	2	0	455
5482	0	455	2	0	0	457
5483	421	3	1	0	0	425
5484	445	1	0	0	0	446
5485	4	0	0	450	0	454
5486	2	0	0	459	0	461
5487	0	0	0	461	0	461
5488	455	0	0	4	0	459
5489	2	0	457	2	0	461
5490	453	0	2	0	0	455
5491	2	0	2	459	0	463
5492	2	0	0	454	0	456
5493	0	458	0	4	0	462
5494	0	2	0	464	0	466
5495	0	2	0	465	0	467
5496	0	0	466	4	0	470
5497	0	464	2	4	0	470
5498	475	2	2	0	0	479
5499	474	2	0	0	0	476
5500	481	0	0	0	0	481
5501	478	0	0	0	0	478
5502	4	0	466	0	0	470
5503	460	0	2	0	0	462
5504	2	0	469	0	0	471
5505	2	0	2	453	0	457
5506	0	462	2	1	0	465
5507	0	2	0	457	0	459
5508	0	2	0	462	0	464
5509	0	0	460	4	0	464
5510	447	0	2	3	0	452
5511	454	0	2	0	0	456
5512	4	452	0	1	0	457
5513	4	2	448	0	0	454
5514	0	1	2	448	0	451
5515	0	0	463	2	0	465
5516	0	0	453	2	0	455
5517	0	0	4	447	0	451
5518	1	0	453	2	0	456
5519	0	0	2	451	0	453
5520	0	0	472	2	0	474
5521	0	0	2	465	0	467
5522	468	0	2	2	0	472
5523	461	0	0	2	0	463
5524	466	0	0	0	0	466
5525	461	0	0	0	0	461
5526	4	467	0	0	0	471
5527	2	2	0	470	0	474
5528	0	2	0	472	0	474
5529	0	0	474	4	0	478
5530	0	0	2	459	0	461
5531	0	0	467	2	0	469
5532	0	0	454	2	0	456
5533	436	0	4	0	0	440
5534	2	468	2	0	0	472
5535	469	3	0	0	0	472
5536	464	2	0	0	0	466
5537	5	479	0	0	0	484
5538	493	2	0	0	0	495
5539	2	2	495	0	0	499
5540	2	492	2	0	0	496
5541	483	2	6	0	0	491
5542	2	2	466	0	0	470
5543	432	0	2	0	0	434
5544	3	451	1	0	0	455
5545	453	2	0	0	0	455
5546	453	1	0	0	0	454
5547	3	451	0	0	0	454
5548	1	451	0	0	0	452
5549	0	468	0	0	0	468
5550	0	3	0	466	0	469
5551	1	1	0	472	0	474
5552	480	0	0	3	0	483
5553	474	0	0	2	0	476
5554	3	0	475	1	0	479
5555	2	0	474	0	0	476
5556	1	0	482	0	0	483
5557	0	0	3	466	0	469
5558	0	0	487	2	0	489
5559	0	0	2	479	0	481
5560	487	0	1	2	0	490
5561	2	0	498	1	0	501
5562	493	0	2	0	0	495
5563	501	0	1	0	0	502
5564	3	0	513	0	0	516
5565	1	537	2	0	0	540
5566	0	2	1	543	0	546
5567	0	1	542	2	0	545
5568	0	0	2	540	0	542
5569	0	0	1	579	0	580
5570	574	0	0	3	0	577
5571	2	0	0	574	0	576
5572	1	0	574	2	0	577
5573	0	0	2	574	0	576
5574	574	0	1	2	0	577
5575	2	582	0	2	0	586
5576	578	1	0	0	0	579
5577	1	2	2	582	0	587
5578	1	0	589	1	0	591
5579	3	0	576	1	0	580
5580	1	0	566	0	0	567
5581	0	549	3	2	0	554
5582	545	1	1	1	0	548
5583	1	530	0	0	0	531
5584	501	1	0	0	0	502
5585	1	507	0	0	0	508
5586	1	1	0	511	0	513
5587	0	0	0	513	0	513
5588	0	0	0	510	0	510
5589	0	513	0	1	0	514
5590	1	1	0	529	0	531
5591	0	0	0	605	0	605
5592	642	0	0	2	0	644
5593	1	0	0	680	0	681
5594	0	0	716	1	0	717
5595	698	0	1	0	0	699
5596	721	0	0	0	0	721
5597	1	724	0	0	0	725
5598	721	1	0	0	0	722
5599	742	0	0	0	0	742
5600	1	0	0	740	0	741
5601	0	0	0	749	0	749
5602	0	0	0	752	0	752
5603	757	0	0	1	0	758
5604	751	0	0	0	0	751
5605	1	0	757	0	0	758
5606	751	0	1	0	0	752
5607	752	0	0	0	0	752
5608	747	0	0	0	0	747
5609	1	0	741	0	0	742
5610	0	0	744	0	0	744
5611	1	0	1	742	0	744
5612	0	1	758	1	0	760
5613	0	0	1	740	0	741
5614	0	0	0	703	0	703
5615	0	747	0	1	0	748
5616	736	2	0	0	0	738
5617	1	0	752	1	0	754
5618	742	0	1	1	0	744
5619	3	0	0	750	0	753
5620	730	0	0	3	0	733
5621	1	731	2	3	0	737
5622	1	740	1	0	0	742
5623	1	1	1	739	0	742
5624	0	2	0	739	0	741
5625	2	0	746	1	0	749
5626	1	1	1	742	0	745
5627	737	0	0	2	0	739
5628	0	735	0	1	0	736
5629	0	1	731	2	0	734
5630	1	0	1	729	0	731
5631	1	0	727	2	0	730
5632	0	1	2	716	0	719
5633	1	0	726	2	0	729
5634	1	0	710	1	0	712
5635	2	0	0	701	0	703
5636	716	0	1	1	0	718
5637	701	0	2	0	0	703
5638	684	0	0	1	0	685
5639	1	682	1	0	0	684
5640	673	1	0	1	0	675
5641	667	0	0	1	0	668
5642	1	2	664	0	0	667
5643	1	652	0	1	0	654
5644	3	0	1	636	0	640
5645	635	0	0	1	0	636
5646	1	638	0	0	0	639
5647	643	0	0	0	0	643
5648	636	1	1	0	0	638
5649	620	1	0	0	0	621
5650	616	0	0	1	0	617
5651	1	0	0	615	0	616
5652	608	0	1	0	0	609
5653	0	0	1	599	0	600
5654	0	596	0	1	0	597
5655	0	1	1	599	0	601
5656	599	0	1	1	0	601
5657	0	0	604	2	0	606
5658	0	1	1	594	0	596
5659	593	0	0	1	0	594
5660	0	592	2	0	0	594
5661	580	0	1	1	0	582
5662	578	0	0	2	0	580
5663	2	587	0	1	0	590
5664	575	1	1	0	0	577
5665	2	2	549	0	0	553
5666	1	1	539	1	0	542
5667	530	1	0	0	0	531
5668	2	0	529	0	0	531
5669	1	1	1	483	0	486
5670	0	502	0	1	0	503
5671	498	2	0	2	0	502
5672	1	497	1	1	0	500
5673	2	502	0	1	0	505
5674	4	0	2	503	0	509
5675	1	0	2	505	0	508
5676	2	0	0	492	0	494
5677	2	0	1	491	0	494
5678	1	0	483	2	0	486
5679	1	0	2	456	0	459
5680	0	1	1	455	0	457
5681	454	1	0	1	0	456
5682	0	0	2	452	0	454
5683	2	0	450	0	0	452
5684	435	0	0	2	0	437
5685	0	1	0	437	0	438
5686	1	1	445	0	0	447
5687	0	1	1	436	0	438
5688	1	444	0	2	0	447
5689	436	0	0	3	0	439
5690	1	0	415	0	0	416
5691	0	322	0	1	0	323
5692	275	0	5	0	0	280
5693	0	235	0	0	0	235
5694	0	207	1	0	0	208
5695	203	1	1	1	0	206
5696	0	192	1	1	0	194
5697	0	175	0	2	0	177
5698	5	0	1	170	0	176
5699	0	0	165	0	0	165
5700	0	164	0	0	0	164
5701	1	0	0	154	0	155
5702	1	161	0	0	0	162
5703	157	0	0	0	0	157
5704	0	1	158	1	0	160
5705	1	0	0	160	0	161
5706	167	0	0	0	0	167
5707	0	0	1	170	0	171
5708	0	0	172	0	0	172
5709	161	0	0	0	0	161
5710	171	0	0	0	0	171
5711	0	182	0	0	0	182
5712	0	0	0	180	0	180
5713	0	0	0	187	0	187
5714	188	0	0	0	0	188
5715	189	0	0	0	0	189
5716	0	0	196	0	0	196
5717	0	195	0	0	0	195
5718	203	0	0	0	0	203
5719	0	0	0	203	0	203
5720	0	0	211	0	0	211
5721	0	1	206	0	0	207
5722	0	4	0	189	0	193
5723	196	0	0	0	0	196
5724	0	196	0	0	0	196
5725	210	0	0	1	0	211
5726	0	0	0	217	0	217
5727	0	0	0	221	0	221
5728	0	0	0	221	0	221
5729	223	0	0	0	0	223
5730	0	227	0	1	0	228
5731	0	0	0	230	0	230
5732	0	0	0	231	0	231
5733	0	0	242	0	0	242
5734	0	0	0	232	0	232
5735	0	0	241	0	0	241
5736	0	233	1	0	0	234
5737	0	0	0	234	0	234
5738	226	0	1	0	0	227
5739	0	0	235	0	0	235
5740	0	0	0	237	0	237
5741	0	0	239	0	0	239
5742	230	0	0	0	0	230
5743	0	0	246	0	0	246
5744	0	0	0	237	0	237
5745	245	0	0	0	0	245
5746	0	236	0	0	0	236
5747	243	0	0	0	0	243
5748	0	241	0	0	0	241
5749	0	0	0	255	0	255
5750	0	0	257	0	0	257
5751	0	0	269	0	0	269
5752	0	0	0	264	0	264
5753	278	0	0	0	0	278
5754	280	0	0	0	0	280
5755	0	0	0	277	0	277
5756	0	0	0	279	0	279
5757	274	0	0	0	0	274
5758	0	282	0	0	0	282
5759	0	290	0	0	0	290
5760	294	0	0	0	0	294
5761	0	0	303	0	0	303
5762	0	0	0	294	0	294
5763	0	0	300	0	0	300
5764	0	0	0	292	0	292
5765	0	0	310	0	0	310
5766	0	0	313	0	0	313
5767	0	0	0	311	0	311
5768	0	311	0	0	0	311
5769	316	0	0	0	0	316
5770	0	319	0	0	0	319
5771	0	0	0	320	0	320
5772	323	0	0	0	0	323
5773	0	0	0	336	0	336
5774	342	0	0	0	0	342
5775	338	0	0	0	0	338
5776	342	0	0	0	0	342
5777	0	335	0	0	0	335
5778	350	0	0	0	0	350
5779	0	2	0	362	0	364
5780	369	0	0	0	0	369
5781	0	0	0	393	0	393
5782	395	0	2	0	0	397
5783	399	0	0	0	0	399
5784	0	403	0	1	0	404
5785	0	0	0	437	0	437
5786	0	0	0	434	0	434
5787	0	472	0	0	0	472
5788	0	1	0	481	0	482
5789	487	0	0	1	0	488
5790	516	0	0	0	0	516
5791	512	0	0	0	0	512
5792	2	0	541	0	0	543
5793	561	0	1	0	0	562
5794	577	0	0	0	0	577
5795	577	0	0	0	0	577
5796	0	585	0	0	0	585
5797	0	1	0	587	0	588
5798	0	0	0	589	0	589
5799	0	0	0	589	0	589
5800	0	0	585	1	0	586
5801	0	0	1	584	0	585
5802	583	0	0	1	0	584
5803	1	0	0	585	0	586
5804	0	0	0	594	0	594
5805	1	0	596	1	0	598
5806	0	599	0	1	0	600
5807	607	1	1	1	0	610
5808	1	1	1	608	0	611
5809	617	1	0	1	0	619
5810	2	0	625	0	0	627
5811	592	0	1	1	0	594
5812	2	635	0	0	0	637
5813	0	1	637	0	0	638
5814	1	1	632	0	0	634
5815	0	1	2	619	0	622
5816	0	0	648	1	0	649
5817	0	653	2	0	0	655
5818	0	1	1	647	0	649
5819	0	0	1	649	0	650
5820	0	1	0	647	0	648
5821	645	0	0	2	0	647
5822	1	652	1	1	0	655
5823	0	2	0	661	0	663
5824	2	0	0	668	0	670
5825	644	1	0	3	0	648
5826	2	658	0	1	0	661
5827	657	1	1	2	0	661
5828	652	0	0	0	0	652
5829	645	2	0	1	0	648
5830	5	0	647	1	0	653
5831	2	0	2	635	0	639
5832	1	658	0	2	0	661
5833	0	670	3	1	0	674
5834	0	1	0	655	0	656
5835	0	686	0	4	0	690
5836	721	2	0	2	0	725
5837	2	0	719	3	0	724
5838	715	1	1	1	0	718
5839	732	1	0	0	0	733
5840	1	0	1	734	0	736
5841	735	0	0	2	0	737
5842	4	778	0	1	0	783
5843	802	3	0	1	0	806
5844	807	1	0	2	0	810
5845	864	1	0	1	0	866
5846	5	0	870	1	0	876
5847	2	4	894	0	0	900
5848	1	3	3	907	0	914
5849	1	910	1	1	0	913
5850	2	918	1	0	0	921
5851	1	0	0	900	0	901
5852	911	3	0	2	0	916
5853	2	0	1	907	0	910
5854	0	1	1	918	0	920
5855	913	1	0	2	0	916
5856	1	933	1	3	0	938
5857	1	0	939	3	0	943
5858	4	0	936	0	0	940
5859	940	2	1	1	0	944
5860	2	1	2	933	0	938
5861	2	0	965	1	0	968
5862	3	1	4	943	0	951
5863	2	0	1	958	0	961
5864	0	1	3	961	0	965
5865	1	1	0	951	0	953
5866	0	944	1	3	0	948
5867	1	1	0	952	0	954
5868	945	0	1	4	0	950
5869	2	951	1	3	0	957
5870	975	2	1	2	0	980
5871	983	0	0	4	0	987
5872	985	1	1	2	0	989
5873	3	1	976	0	0	980
5874	962	2	2	1	0	967
5875	977	0	1	1	0	979
5876	979	0	1	2	0	982
5877	976	0	0	1	0	977
5878	2	984	3	0	0	989
5879	969	1	0	1	0	971
5880	2	1	975	2	0	980
5881	0	1	2	946	0	949
5882	1	1	1	957	0	960
5883	968	1	1	2	0	972
5884	2	970	1	4	0	977
5885	938	1	0	2	0	941
5886	2	959	1	0	0	962
5887	922	1	0	0	0	923
5888	909	1	0	0	0	910
5889	2	1007	0	0	0	1009
5890	1012	1	2	0	0	1015
5891	1051	2	0	0	0	1053
5892	5	1020	0	0	0	1025
5893	4	1024	0	2	0	1030
5894	1098	3	0	0	0	1101
5895	4	4	0	1126	0	1134
5896	1143	1	0	2	0	1146
5897	1173	0	1	2	0	1176
5898	1195	0	0	2	0	1197
5899	1180	1	0	2	0	1183
5900	7	1192	0	0	0	1199
5901	3	1200	0	0	0	1203
5902	1206	2	0	0	0	1208
5903	3	3	1237	0	0	1243
5904	3	0	2	1212	0	1217
5905	0	1	2	1230	0	1233
5906	1228	0	0	4	0	1232
5907	2	1226	1	2	0	1231
5908	2	3	0	1223	0	1228
5909	0	2	0	1241	0	1243
5910	1242	0	0	5	0	1247
5911	4	1	0	1239	0	1244
5912	1244	0	0	3	0	1247
5913	1249	0	0	3	0	1252
5914	1249	0	0	0	0	1249
5915	5	0	1	1245	0	1251
5916	3	0	1	1241	0	1245
5917	1	0	1328	6	0	1335
5918	0	1	1306	2	0	1309
5919	1323	1	6	1	0	1331
5920	4	0	2	1359	0	1365
5921	3	0	1432	4	0	1439
5922	0	0	1430	3	0	1433
5923	0	0	11	1419	0	1430
5924	3	0	1436	7	0	1446
5925	2	1	7	1422	0	1432
5926	0	0	3	1432	0	1435
5927	0	0	1439	10	0	1449
5928	1	0	9	1429	0	1439
5929	0	0	3	1431	0	1434
5930	0	0	3	1444	0	1447
5931	0	0	1437	12	0	1449
5932	0	0	6	1447	0	1453
5933	1443	0	5	9	0	1457
5934	7	1452	0	8	0	1467
5935	1449	7	2	2	0	1460
5936	7	3	1429	4	0	1443
5937	1431	0	9	1	0	1441
5938	1439	1	3	2	0	1445
5939	1433	0	0	0	0	1433
5940	11	2	1	1415	0	1429
5941	7	3	0	1424	0	1434
5942	1	0	1367	11	0	1379
5943	1302	0	7	3	0	1312
5944	9	1329	3	1	0	1342
5945	5	1265	0	1	0	1271
5946	0	1278	1	2	0	1281
5947	3	13	0	1219	0	1235
5948	1191	4	2	7	0	1204
5949	1197	1	0	3	0	1201
5950	10	3	1194	0	0	1207
5951	3	2	8	1190	0	1203
5952	1	2	3	1182	0	1188
5953	1	1	1183	13	0	1198
5954	2	0	1172	4	0	1178
5955	1163	0	11	1	0	1175
5956	7	1173	5	1	0	1186
5957	1163	7	3	3	0	1176
5958	1158	3	1	3	0	1165
5959	12	0	2	1149	0	1163
5960	3	1	3	1153	0	1160
5961	1134	0	1	11	0	1146
5962	8	2	1	1124	0	1135
5963	5	0	0	1125	0	1130
5964	1121	0	2	11	0	1134
5965	9	0	0	1122	0	1131
5966	1125	0	1	11	0	1137
5967	1127	1	1	4	0	1133
5968	12	1	1125	3	0	1141
5969	1117	0	8	4	0	1129
5970	1111	0	3	1	0	1115
5971	1101	0	1	2	0	1104
5972	12	1	1074	1	0	1088
5973	1070	0	7	1	0	1078
5974	8	1071	5	1	0	1085
5975	1076	7	1	0	0	1084
5976	1078	3	2	0	0	1083
5977	14	0	0	1072	0	1086
5978	3	1	0	1074	0	1078
5979	3	1082	0	14	0	1099
5980	1	9	0	1080	0	1090
5981	3	3	0	1091	0	1097
5982	1080	0	1	11	0	1092
5983	8	1	1	1058	0	1068
5984	2	1	0	1056	0	1059
5985	0	2	0	1046	0	1048
5986	1	1014	1	12	0	1028
5987	1000	7	1	7	0	1015
5988	10	1001	0	2	0	1013
5989	890	6	0	3	0	899
5990	6	2	860	2	0	870
5991	803	1	4	3	0	811
5992	4	3	816	2	0	825
5993	5	793	6	1	0	805
5994	711	6	17	2	0	736
5995	678	1	4	3	0	686
5996	5	654	2	0	0	661
5997	5	629	0	0	0	634
5998	610	6	4	1	0	621
5999	616	3	0	1	0	620
6000	8	0	1	614	0	623
6001	2	0	1	618	0	621
6002	0	2	611	7	0	620
6003	577	2	5	2	0	586
6004	9	0	1	571	0	581
6005	3	582	1	6	0	592
6006	1	4	0	571	0	576
6007	1	1	0	567	0	569
6008	1	0	563	5	0	569
6009	4	1	4	555	0	564
6010	545	0	1	5	0	551
6011	5	538	1	2	0	546
6012	1	530	1	2	0	534
6013	524	5	5	1	0	535
6014	524	2	4	1	0	531
6015	524	0	0	2	0	526
6016	8	514	2	1	0	525
6017	1	430	0	0	0	431
6018	441	4	4	0	0	449
6019	435	1	0	0	0	436
6020	4	417	0	0	0	421
6021	0	334	0	0	0	334
6022	324	3	3	0	0	330
6023	1	0	0	318	0	319
6024	320	0	0	1	0	321
6025	1	0	0	322	0	323
6026	0	329	0	1	0	330
6027	0	316	0	0	0	316
6028	338	1	0	0	0	339
6029	355	0	0	0	0	355
6030	353	0	0	0	0	353
6031	1	349	0	0	0	350
6032	0	0	328	0	0	328
6033	0	320	0	1	0	321
6034	307	0	2	0	0	309
6035	299	0	0	0	0	299
6036	0	0	301	0	0	301
6037	0	287	0	0	0	287
6038	0	0	0	289	0	289
6039	0	0	0	274	0	274
6040	0	281	0	0	0	281
6041	0	0	280	0	0	280
6042	287	0	0	0	0	287
6043	0	0	0	290	0	290
6044	290	0	0	0	0	290
6045	292	0	0	0	0	292
6046	0	0	0	305	0	305
6047	1	0	0	319	0	320
6048	0	0	0	322	0	322
6049	0	0	0	325	0	325
6050	312	0	0	1	0	313
6051	313	0	0	1	0	314
6052	1	0	324	0	0	325
6053	1	0	0	321	0	322
6054	0	0	1	324	0	325
6055	0	0	0	326	0	326
6056	0	0	319	1	0	320
6057	0	0	0	311	0	311
6058	314	0	1	0	0	315
6059	0	0	0	311	0	311
6060	1	0	311	0	0	312
6061	0	0	0	307	0	307
6062	0	0	311	0	0	311
6063	310	0	0	1	0	311
6064	0	0	1	310	0	311
6065	311	0	0	0	0	311
6066	305	0	0	1	0	306
6067	1	0	0	304	0	305
6068	308	0	0	1	0	309
6069	0	0	0	304	0	304
6070	1	323	0	1	0	325
6071	325	0	0	1	0	326
6072	323	1	0	0	0	324
6073	322	0	1	0	0	323
6074	1	0	0	321	0	322
6075	1	0	0	315	0	316
6076	0	0	0	321	0	321
6077	0	0	317	0	0	317
6078	0	310	0	3	0	313
6079	1	2	0	295	0	298
6080	0	1	291	1	0	293
6081	285	0	0	1	0	286
6082	0	0	1	284	0	285
6083	1	0	283	0	0	284
6084	287	0	0	1	0	288
6085	0	0	1	292	0	293
6086	2	0	0	290	0	292
6087	1	0	0	296	0	297
6088	294	0	0	3	0	297
6089	296	0	0	1	0	297
6090	287	0	0	1	0	288
6091	1	287	0	0	0	288
6092	2	283	0	0	0	285
6093	288	1	0	0	0	289
6094	1	3	288	0	0	292
6095	1	0	0	293	0	294
6096	0	0	1	295	0	296
6097	291	0	0	2	0	293
6098	286	0	1	1	0	288
6099	1	292	0	0	0	293
6100	1	0	0	283	0	284
6101	0	1	291	0	0	292
6102	1	0	295	0	0	296
6103	0	0	1	296	0	297
6104	0	0	2	298	0	300
6105	296	0	0	1	0	297
6106	0	0	0	302	0	302
6107	303	0	0	2	0	305
6108	301	0	0	2	0	303
6109	2	0	315	0	0	317
6110	312	0	0	0	0	312
6111	314	0	1	0	0	315
6112	318	1	0	0	0	319
6113	1	319	0	0	0	320
6114	2	318	0	0	0	320
6115	0	2	1	317	0	320
6116	0	1	314	1	0	316
6117	0	308	0	2	0	310
6118	1	0	1	289	0	291
6119	1	2	2	278	0	283
6120	0	288	0	1	0	289
6121	286	0	0	2	0	288
6122	285	1	1	0	0	287
6123	1	0	295	0	0	296
6124	279	0	0	1	0	280
6125	0	0	282	1	0	283
6126	271	0	0	0	0	271
6127	0	0	283	1	0	284
6128	2	259	0	0	0	261
6129	3	0	3	234	0	240
6130	1	1	0	239	0	241
6131	241	0	0	1	0	242
6132	243	0	0	1	0	244
6133	243	0	0	0	0	243
6134	1	1	250	0	0	252
6135	1	1	0	250	0	252
6136	0	0	1	257	0	258
6137	257	0	0	1	0	258
6138	0	266	0	1	0	267
6139	279	0	0	4	0	283
6140	1	1	0	298	0	300
6141	1	1	0	311	0	313
6142	1	0	0	309	0	310
6143	1	0	0	309	0	310
6144	0	0	1	311	0	312
6145	1	315	0	1	0	317
6146	0	295	1	1	0	297
6147	0	282	0	0	0	282
6148	0	0	0	278	0	278
6149	0	0	278	0	0	278
6150	257	0	0	0	0	257
6151	0	290	0	0	0	290
6152	1	0	0	290	0	291
6153	0	0	0	292	0	292
6154	298	0	0	0	0	298
6155	294	0	0	0	0	294
6156	305	0	0	0	0	305
6157	0	0	0	320	0	320
6158	0	0	319	0	0	319
6159	0	0	342	0	0	342
6160	0	0	0	342	0	342
6161	0	0	354	0	0	354
6162	339	0	0	0	0	339
6163	0	0	0	346	0	346
6164	0	0	351	0	0	351
6165	0	0	0	351	0	351
6166	0	0	366	0	0	366
6167	1	0	390	0	0	391
6168	0	0	0	430	0	430
6169	0	0	483	2	0	485
6170	0	0	480	0	0	480
6171	0	484	0	0	0	484
6172	0	1	0	489	0	490
6173	528	0	0	0	0	528
6174	0	0	0	535	0	535
6175	0	0	0	541	0	541
6176	0	0	548	0	0	548
6177	498	0	0	1	0	499
6178	0	0	0	550	0	550
6179	0	0	0	552	0	552
6180	548	0	0	0	0	548
6181	0	0	0	558	0	558
6182	565	0	0	0	0	565
6183	571	0	0	0	0	571
6184	564	0	0	0	0	564
6185	0	563	0	0	0	563
6186	566	0	0	0	0	566
6187	0	567	0	0	0	567
6188	0	0	0	573	0	573
6189	579	0	0	0	0	579
6190	0	586	0	0	0	586
6191	586	0	0	0	0	586
6192	0	591	0	0	0	591
6193	581	0	0	0	0	581
6194	0	583	0	0	0	583
6195	0	594	0	0	0	594
6196	0	612	0	0	0	612
6197	0	0	0	597	0	597
6198	0	619	0	1	0	620
6199	0	0	0	617	0	617
6200	0	2	0	619	0	621
6201	0	0	0	612	0	612
6202	0	0	0	621	0	621
6203	607	0	0	0	0	607
6204	612	0	0	0	0	612
6205	0	0	621	0	0	621
6206	640	1	0	1	0	642
6207	695	0	0	0	0	695
6208	742	0	0	0	0	742
6209	3	1	760	0	0	764
6210	2	0	767	0	0	769
6211	743	0	4	0	0	747
6212	3	0	808	0	0	811
6213	3	857	3	0	0	863
6214	0	3	3	865	0	871
6215	890	3	0	2	0	895
6216	893	0	0	2	0	895
6217	898	0	0	0	0	898
6218	6	0	0	903	0	909
6219	3	0	0	914	0	917
6220	0	0	923	6	0	929
6221	0	0	4	930	0	934
6222	0	0	3	933	0	936
6223	927	0	0	6	0	933
6224	3	933	0	3	0	939
6225	945	3	0	0	0	948
6226	3	3	0	942	0	948
6227	941	0	0	3	0	944
6228	939	0	0	3	0	942
6229	914	0	0	0	0	914
6230	6	930	0	0	0	936
6231	3	949	0	2	0	954
6232	0	6	0	951	0	957
6233	949	3	0	3	0	955
6234	3	0	0	939	0	942
6235	3	0	1	947	0	951
6236	0	0	945	7	0	952
6237	0	0	3	945	0	948
6238	0	0	3	945	0	948
6239	0	0	0	941	0	941
6240	0	0	927	6	0	933
6241	0	0	917	3	0	920
6242	0	922	7	0	0	929
6243	919	3	3	1	0	926
6244	3	3	1	925	0	932
6245	4	0	930	3	0	937
6246	1	0	3	921	0	925
6247	1	0	4	955	0	960
6248	949	0	1	6	0	956
6249	952	0	1	3	0	956
6250	7	954	0	0	0	961
6251	941	3	1	0	0	945
6252	943	4	1	0	0	948
6253	6	0	1	940	0	947
6254	5	0	944	3	0	952
6255	0	941	3	4	0	948
6256	944	4	3	0	0	951
6257	943	3	1	2	0	949
6258	6	971	0	3	0	980
6259	4	3	1	997	0	1005
6260	1032	5	0	4	0	1041
6261	1023	1	0	8	0	1032
6262	11	0	0	1042	0	1053
6263	1077	1	1	4	0	1083
6264	1097	0	0	7	0	1104
6265	1108	0	3	3	0	1114
6266	11	0	1126	2	0	1139
6267	6	1126	5	1	0	1138
6268	3	1094	5	1	0	1103
6269	1029	10	1	3	0	1043
6270	8	1039	0	0	0	1047
6271	8	4	1027	2	0	1041
6272	6	5	3	1020	0	1034
6273	999	1	6	6	0	1012
6274	5	0	0	992	0	997
6275	1000	0	2	5	0	1007
6276	987	1	0	7	0	995
6277	998	1	0	5	0	1004
6278	10	998	0	2	0	1010
6279	4	1019	3	7	0	1033
6280	1026	8	1	1	0	1036
6281	1021	6	1	3	0	1031
6282	1014	0	0	3	0	1017
6283	7	0	2	1007	0	1016
6284	1004	0	1	5	0	1010
6285	3	996	1	7	0	1007
6286	6	1010	2	2	0	1020
6287	1	9	1	998	0	1009
6288	3	5	998	4	0	1010
6289	0	2	986	8	0	996
6290	2	2	9	982	0	995
6291	2	0	991	6	0	999
6292	1	0	3	991	0	995
6293	997	1	6	5	0	1009
6294	6	1	0	997	0	1004
6295	984	1	1	3	0	989
6296	7	959	2	6	0	974
6297	6	5	980	0	0	991
6298	3	6	4	966	0	979
6299	3	0	6	986	0	995
6300	1	2	987	8	0	998
6301	1	0	3	968	0	972
6302	3	995	5	5	0	1008
6303	3	6	0	1000	0	1009
6304	4	6	1	1011	0	1022
6305	1	1	0	1041	0	1043
6306	3	1	1016	11	0	1031
6307	3	0	954	12	0	969
6308	853	0	8	2	0	863
6309	5	0	883	1	0	889
6310	6	874	4	0	0	884
6311	847	2	8	0	0	857
6312	2	853	2	1	0	858
6313	800	2	0	0	0	802
6314	784	3	1	0	0	788
6315	781	1	0	0	0	782
6316	773	0	0	1	0	774
6317	6	773	0	0	0	779
6318	4	760	0	0	0	764
6319	762	5	0	0	0	767
6320	1	4	754	1	0	760
6321	3	3	2	746	0	754
6322	1	1	4	747	0	753
6323	1	0	754	6	0	761
6324	721	0	2	4	0	727
6325	748	0	3	1	0	752
6326	748	0	1	0	0	749
6327	5	744	0	1	0	750
6328	777	2	0	0	0	779
6329	3	5	0	756	0	764
6330	4	818	1	3	0	826
6331	813	3	0	4	0	820
6332	819	4	1	2	0	826
6333	887	1	1	1	0	890
6334	6	1	0	887	0	894
6335	4	1	1	885	0	891
6336	2	876	0	6	0	884
6337	2	1	889	4	0	896
6338	1	3	1	881	0	886
6339	1	1	4	878	0	884
6340	1	1	2	889	0	893
6341	4	0	883	5	0	892
6342	851	1	2	4	0	858
6343	2	2	3	888	0	895
6344	5	1	893	2	0	901
6345	3	1	1	880	0	885
6346	906	1	4	2	0	913
6347	2	913	1	5	0	921
6348	6	1	0	938	0	945
6349	1	5	940	3	0	949
6350	900	1	2	5	0	908
6351	930	1	5	2	0	938
6352	7	6	943	0	0	956
6353	7	3	3	864	0	877
6354	2	930	5	3	0	940
6355	931	1	2	5	0	939
6356	2	5	928	2	0	937
6357	903	2	1	0	0	906
6358	4	0	891	1	0	896
6359	7	0	815	2	0	824
6360	778	2	4	0	0	784
6361	3	809	5	2	0	819
6362	5	1	799	1	0	806
6363	0	779	2	1	0	782
6364	1	2	764	0	0	767
6365	0	762	2	0	0	764
6366	713	2	6	3	0	724
6367	1	3	708	0	0	712
6368	3	1	712	0	0	716
6369	1	0	701	0	0	702
6370	672	0	5	0	0	677
6371	694	0	4	0	0	698
6372	4	0	1	694	0	699
6373	4	0	709	1	0	714
6374	1	0	714	3	0	718
6375	701	0	4	0	0	705
6376	1	0	4	708	0	713
6377	702	0	1	1	0	704
6378	697	0	0	3	0	700
6379	4	0	0	667	0	671
6380	4	667	0	2	0	673
6381	1	1	0	670	0	672
6382	0	3	0	675	0	678
6383	0	1	671	4	0	676
6384	0	672	1	4	0	677
6385	0	674	3	1	0	678
6386	0	4	1	649	0	654
6387	0	4	672	1	0	677
6388	0	677	1	5	0	683
6389	0	1	682	1	0	684
6390	654	3	3	0	0	660
6391	672	1	3	1	0	677
6392	5	0	676	0	0	681
6393	654	1	1	0	0	656
6394	2	0	3	663	0	668
6395	3	699	2	1	0	705
6396	2	1	0	704	0	707
6397	679	3	0	2	0	684
6398	676	1	1	3	0	681
6399	665	0	0	2	0	667
6400	662	1	0	0	0	663
6401	6	673	0	0	0	679
6402	3	647	1	2	0	653
6403	647	3	0	0	0	650
6404	0	2	647	0	0	649
6405	2	6	3	632	0	643
6406	1	685	2	2	0	690
6407	0	3	0	661	0	664
6408	0	695	1	2	0	698
6409	0	3	0	686	0	689
6410	0	2	696	1	0	699
6411	670	1	2	3	0	676
6412	689	0	2	1	0	692
6413	4	0	692	0	0	696
6414	682	0	3	0	0	685
6415	685	0	3	0	0	688
6416	5	0	680	0	0	685
6417	3	0	2	659	0	664
6418	676	0	2	3	0	681
6419	2	0	687	2	0	691
6420	2	0	3	657	0	662
6421	1	0	717	2	0	720
6422	0	0	728	3	0	731
6423	698	0	8	0	0	706
6424	732	0	2	0	0	734
6425	720	0	0	1	0	721
6426	738	1	0	0	0	739
6427	4	0	0	721	0	725
6428	2	703	0	1	0	706
6429	0	708	1	2	0	711
6430	0	7	0	651	0	658
6431	666	3	0	2	0	671
6432	2	649	1	3	0	655
6433	2	620	1	0	0	623
6434	607	4	0	0	0	611
6435	2	4	1	597	0	604
6436	604	0	1	2	0	607
6437	3	593	0	2	0	598
6438	596	2	1	0	0	599
6439	5	2	645	0	0	652
6440	702	5	2	1	0	710
6441	729	1	2	0	0	732
6442	743	0	0	1	0	744
6443	6	1	718	0	0	725
6444	723	0	4	1	0	728
6445	3	742	1	0	0	746
6446	1	3	718	1	0	723
6447	0	5	5	675	0	685
6448	1	3	1	656	0	661
6449	1	683	0	4	0	688
6450	0	4	1	685	0	690
6451	1	0	0	684	0	685
6452	0	0	675	4	0	679
6453	625	0	5	3	0	633
6454	4	0	679	1	0	684
6455	0	0	4	661	0	665
6456	2	0	685	4	0	691
6457	0	0	4	680	0	684
6458	706	0	1	4	0	711
6459	714	0	1	0	0	715
6460	5	0	0	706	0	711
6461	1	1	741	4	0	747
6462	1	0	4	736	0	741
6463	1	0	742	4	0	747
6464	717	0	4	1	0	722
6465	732	1	0	1	0	734
6466	734	2	0	0	0	736
6467	713	0	0	1	0	714
6468	4	703	0	0	0	707
6469	0	5	0	704	0	709
6470	697	1	1	3	0	702
6471	3	703	0	1	0	707
6472	1	706	0	2	0	709
6473	2	3	670	0	0	675
6474	665	1	4	1	0	671
6475	689	0	0	0	0	689
6476	5	1	682	0	0	688
6477	2	1	4	664	0	671
6478	2	0	1	688	0	691
6479	2	0	687	4	0	693
6480	1	0	5	673	0	679
6481	678	0	1	4	0	683
6482	7	1	679	0	0	687
6483	2	0	686	0	0	688
6484	661	1	4	1	0	667
6485	5	0	680	0	0	685
6486	663	1	6	0	0	670
6487	4	675	1	3	0	683
6488	668	6	0	1	0	675
6489	4	1	1	659	0	665
6490	1	0	0	669	0	670
6491	662	0	2	4	0	668
6492	5	1	0	664	0	670
6493	664	1	2	4	0	671
6494	5	672	0	2	0	679
6495	1	4	1	653	0	659
6496	2	0	0	656	0	658
6497	641	1	0	5	0	647
6498	655	0	1	0	0	656
6499	650	0	1	2	0	653
6500	4	642	3	0	0	649
6501	2	637	0	0	0	639
6502	628	4	1	0	0	633
6503	5	0	624	0	0	629
6504	2	618	3	0	0	623
6505	559	6	15	1	0	581
6506	539	0	1	0	0	540
6507	530	1	0	0	0	531
6508	2	0	0	515	0	517
6509	527	0	0	2	0	529
6510	516	1	0	0	0	517
6511	2	1	0	496	0	499
6512	504	0	1	2	0	507
6513	3	0	499	0	0	502
6514	1	0	3	499	0	503
6515	0	0	1	504	0	505
6516	0	0	0	510	0	510
6517	502	0	0	3	0	505
6518	513	0	2	0	0	515
6519	510	0	0	1	0	511
6520	512	0	0	0	0	512
6521	478	0	1	0	0	479
6522	2	0	1	461	0	464
6523	1	0	0	465	0	466
6524	461	0	1	2	0	464
6525	2	456	0	0	0	458
6526	448	3	0	0	0	451
6527	2	0	433	0	0	435
6528	446	0	2	1	0	449
6529	471	0	0	1	0	472
6530	2	0	504	0	0	506
6531	490	0	3	0	0	493
6532	3	1	513	0	0	517
6533	0	0	517	0	0	517
6534	0	1	3	492	0	496
6535	0	0	1	533	0	534
6536	0	0	536	4	0	540
6537	0	1	537	1	0	539
6538	0	518	4	0	0	522
6539	0	487	1	0	0	488
6540	381	2	4	0	0	387
6541	1	404	0	0	0	405
6542	377	3	0	0	0	380
6543	1	368	0	1	0	370
6544	360	1	0	0	0	361
6545	2	1	347	0	0	350
6546	347	0	1	0	0	348
6547	1	0	1	344	0	346
6548	1	351	0	2	0	354
6549	0	1	0	350	0	351
6550	344	1	0	1	0	346
6551	348	0	0	1	0	349
6552	3	0	0	341	0	344
6553	1	0	347	1	0	349
6554	0	0	344	1	0	345
6555	0	342	1	0	0	343
6556	1	3	1	339	0	344
6557	0	1	343	1	0	345
6558	0	322	1	1	0	324
6559	1	1	1	305	0	308
6560	0	1	1	309	0	311
6561	279	0	0	2	0	281
6562	1	0	0	280	0	281
6563	1	0	275	1	0	277
6564	0	0	1	277	0	278
6565	264	0	1	1	0	266
6566	1	0	270	1	0	272
6567	256	0	0	0	0	256
6568	1	274	1	0	0	276
6569	280	1	0	0	0	281
6570	280	1	0	0	0	281
6571	2	0	0	276	0	278
6572	1	0	0	283	0	284
6573	0	281	0	2	0	283
6574	0	1	0	282	0	283
6575	275	1	0	1	0	277
6576	1	0	275	1	0	277
6577	1	0	1	272	0	274
6578	0	273	1	4	0	278
6579	0	1	0	277	0	278
6580	0	1	0	278	0	279
6581	267	0	0	2	0	269
6582	0	273	0	1	0	274
6583	1	1	0	273	0	275
6584	270	1	0	2	0	273
6585	1	0	0	273	0	274
6586	1	0	0	274	0	275
6587	272	0	0	2	0	274
6588	277	0	0	1	0	278
6589	3	0	281	0	0	284
6590	276	0	1	0	0	277
6591	281	0	1	0	0	282
6592	285	0	0	0	0	285
6593	2	276	0	0	0	278
6594	1	272	0	0	0	273
6595	0	2	0	268	0	270
6596	272	1	1	1	0	275
6597	274	0	0	1	0	275
6598	2	0	0	269	0	271
6599	1	0	287	1	0	289
6600	285	0	1	1	0	287
6601	303	0	1	0	0	304
6602	2	0	0	294	0	296
6603	2	0	0	297	0	299
6604	294	0	0	2	0	296
6605	1	0	0	291	0	292
6606	1	291	1	1	0	294
6607	1	1	1	301	0	304
6608	299	2	0	1	0	302
6609	1	0	297	2	0	300
6610	292	0	2	0	0	294
6611	1	1	298	0	0	300
6612	1	0	1	295	0	297
6613	299	0	1	2	0	302
6614	2	0	0	308	0	310
6615	1	0	0	310	0	311
6616	301	0	1	2	0	304
6617	1	0	305	2	0	308
6618	2	0	321	0	0	323
6619	0	0	2	315	0	317
6620	1	0	1	321	0	323
6621	0	1	0	329	0	330
6622	1	0	338	2	0	341
6623	324	0	1	1	0	326
6624	336	0	1	1	0	338
6625	340	0	0	1	0	341
6626	338	1	0	0	0	339
6627	2	338	0	1	0	341
6628	2	345	0	0	0	347
6629	0	332	1	0	0	333
6630	0	1	0	281	0	282
6631	0	5	0	276	0	281
6632	0	0	261	2	0	263
6633	0	239	0	1	0	240
6634	5	0	0	220	0	225
6635	216	1	0	0	0	217
6636	0	217	0	4	0	221
6637	1	0	0	217	0	218
6638	0	229	0	1	0	230
6639	233	0	0	1	0	234
6640	1	0	0	231	0	232
6641	1	0	234	0	0	235
6642	0	0	240	0	0	240
6643	3	0	0	249	0	252
6644	1	0	0	253	0	254
6645	1	0	0	253	0	254
6646	254	1	0	0	0	255
6647	0	0	252	0	0	252
6648	0	255	0	1	0	256
6649	0	0	0	254	0	254
6650	0	0	261	0	0	261
6651	0	265	0	0	0	265
6652	0	0	0	271	0	271
6653	0	1	275	0	0	276
6654	0	1	0	273	0	274
6655	0	0	0	279	0	279
6656	283	0	0	0	0	283
6657	278	0	0	0	0	278
6658	0	0	0	280	0	280
6659	279	0	1	0	0	280
6660	0	0	288	0	0	288
6661	1	0	0	287	0	288
6662	0	0	302	1	0	303
6663	0	0	0	305	0	305
6664	1	305	0	0	0	306
6665	0	308	0	1	0	309
6666	0	318	0	0	0	318
6667	0	0	0	326	0	326
6668	1	0	0	356	0	357
6669	0	0	359	0	0	359
6670	1	0	367	1	0	369
6671	0	0	377	0	0	377
6672	384	0	2	1	0	387
6673	2	0	1	403	0	406
6674	419	0	0	2	0	421
6675	1	441	0	2	0	444
6676	2	1	0	449	0	452
6677	462	1	1	1	0	465
6678	1	0	1	462	0	464
6679	461	0	0	1	0	462
6680	1	0	472	2	0	475
6681	1	469	1	0	0	471
6682	0	1	2	475	0	478
6683	473	1	0	1	0	475
6684	479	0	0	1	0	480
6685	3	0	0	481	0	484
6686	2	0	0	485	0	487
6687	476	1	0	2	0	479
6688	1	1	0	475	0	477
6689	1	1	476	1	0	479
6690	0	473	2	1	0	476
6691	0	2	2	478	0	482
6692	479	1	1	1	0	482
6693	481	0	0	1	0	482
6694	2	0	490	1	0	493
6695	2	482	1	0	0	485
6696	0	502	1	0	0	503
6697	0	2	0	505	0	507
6698	2	1	0	510	0	513
6699	0	0	0	488	0	488
6700	1	0	0	490	0	491
6701	0	485	1	2	0	488
6702	1	2	0	484	0	487
6703	0	1	0	490	0	491
6704	486	0	1	2	0	489
6705	481	1	0	1	0	483
6706	2	489	0	2	0	493
6707	496	1	0	1	0	498
6708	491	1	1	0	0	493
6709	490	0	2	1	0	493
6710	3	1	488	0	0	492
6711	2	1	1	485	0	489
6712	1	0	1	492	0	494
6713	0	2	485	3	0	490
6714	2	0	1	477	0	480
6715	1	0	2	480	0	483
6716	480	1	0	4	0	485
6717	2	1	481	2	0	486
6718	1	0	2	461	0	464
6719	461	1	1	2	0	465
6720	2	464	0	3	0	469
6721	467	3	0	1	0	471
6722	450	2	0	1	0	453
6723	3	450	0	4	0	457
6724	2	1	1	454	0	458
6725	454	1	1	1	0	457
6726	2	450	1	2	0	455
6727	2	2	1	452	0	457
6728	442	2	1	2	0	447
6729	435	0	0	3	0	438
6730	4	436	0	1	0	441
6731	437	1	1	1	0	440
6732	2	1	1	438	0	442
6733	436	1	0	5	0	442
6734	2	1	432	2	0	437
6735	2	1	2	426	0	431
6736	1	1	1	432	0	435
6737	426	0	0	5	0	431
6738	2	416	1	3	0	422
6739	413	1	0	2	0	416
6740	4	409	0	2	0	415
6741	1	4	393	2	0	400
6742	4	1	386	1	0	392
6743	4	4	2	369	0	379
6744	2	2	376	1	0	381
6745	1	2	2	376	0	381
6746	3	0	1	372	0	376
6747	2	1	0	385	0	388
6748	384	0	2	3	0	389
6749	377	0	2	3	0	382
6750	385	1	0	3	0	389
6751	3	385	1	1	0	390
6752	3	397	1	2	0	403
6753	0	2	440	4	0	446
6754	4	1	2	447	0	454
6755	0	1	446	1	0	448
6756	1	1	2	437	0	441
6757	2	0	2	438	0	442
6758	1	1	0	442	0	444
6759	2	1	437	2	0	442
6760	3	0	1	429	0	433
6761	422	3	1	2	0	428
6762	1	415	1	4	0	421
6763	4	1	1	411	0	417
6764	408	2	0	2	0	412
6765	405	1	1	2	0	409
6766	4	0	0	398	0	402
6767	3	1	0	390	0	394
6768	353	1	1	2	0	357
6769	3	0	1	352	0	356
6770	327	0	1	2	0	330
6771	0	1	0	327	0	328
6772	1	0	305	1	0	307
6773	1	288	0	1	0	290
6774	1	280	1	0	0	282
6775	1	2	6	248	0	257
6776	6	0	6	237	0	249
6777	237	1	1	0	0	239
6778	0	1	0	241	0	242
6779	2	0	1	238	0	241
6780	1	0	0	226	0	227
6781	1	219	0	4	0	224
6782	0	0	1	225	0	226
6783	2	0	0	222	0	224
6784	1	0	0	219	0	220
6785	206	0	3	0	0	209
6786	0	217	0	1	0	218
6787	0	1	0	213	0	214
6788	0	1	1	214	0	216
6789	0	0	1	215	0	216
6790	213	0	2	0	0	215
6791	0	0	0	211	0	211
6792	0	0	1	205	0	206
6793	0	0	200	2	0	202
6794	0	192	1	1	0	194
6795	0	2	0	192	0	194
6796	181	0	3	1	0	185
6797	1	184	0	0	0	185
6798	177	0	0	1	0	178
6799	176	1	0	0	0	177
6800	0	1	0	175	0	176
6801	0	0	1	173	0	174
6802	0	0	180	1	0	181
6803	0	0	1	179	0	180
6804	0	0	181	1	0	182
6805	0	0	0	183	0	183
6806	168	0	0	1	0	169
6807	0	171	1	0	0	172
6808	0	0	0	174	0	174
6809	1	0	2	172	0	175
6810	0	1	0	174	0	175
6811	0	0	0	174	0	174
6812	174	0	0	0	0	174
6813	1	167	0	0	0	168
6814	0	0	0	170	0	170
6815	172	0	0	1	0	173
6816	1	0	170	0	0	171
6817	168	0	0	1	0	169
6818	168	0	0	0	0	168
6819	0	0	168	0	0	168
6820	0	0	0	164	0	164
6821	165	0	0	0	0	165
6822	0	175	0	0	0	175
6823	175	0	0	0	0	175
6824	171	0	0	0	0	171
6825	176	0	0	0	0	176
6826	0	0	0	173	0	173
6827	0	0	0	176	0	176
6828	0	191	0	0	0	191
6829	0	0	0	193	0	193
6830	197	0	0	0	0	197
6831	0	0	198	0	0	198
6832	195	0	0	0	0	195
6833	199	0	0	0	0	199
6834	0	0	0	195	0	195
6835	0	0	0	201	0	201
6836	198	0	0	0	0	198
6837	200	0	0	0	0	200
6838	196	0	0	0	0	196
6839	0	0	198	2	0	200
6840	0	192	0	2	0	194
6841	193	0	0	0	0	193
6842	0	1	0	187	0	188
6843	1	189	0	2	0	192
6844	1	0	0	195	0	196
6845	193	0	0	1	0	194
6846	1	0	0	193	0	194
6847	0	0	204	1	0	205
6848	0	196	0	1	0	197
6849	0	198	1	1	0	200
6850	1	1	180	0	0	182
6851	164	4	2	1	0	171
6852	2	166	1	0	0	169
6853	6	1	0	108	0	115
6854	110	0	0	0	0	110
6855	0	111	0	1	0	112
6856	1	0	0	112	0	113
6857	112	0	0	1	0	113
6858	0	0	1	111	0	112
6859	110	0	2	1	0	113
6860	0	1	124	0	0	125
6861	1	124	0	2	0	127
6862	130	0	0	1	0	131
6863	129	2	0	0	0	131
6864	130	0	1	2	0	133
6865	1	0	131	2	0	134
6866	132	0	0	1	0	133
6867	135	0	1	1	0	137
6868	1	1	0	135	0	137
6869	137	1	0	0	0	138
6870	0	135	1	3	0	139
6871	2	1	0	137	0	140
6872	0	1	147	1	0	149
6873	1	0	0	144	0	145
6874	2	0	0	152	0	154
6875	151	1	1	1	0	154
6876	150	0	0	2	0	152
6877	1	0	151	0	0	152
6878	146	1	0	1	0	148
6879	2	0	151	0	0	153
6880	1	0	1	150	0	152
6881	0	1	153	0	0	154
6882	1	0	0	152	0	153
6883	1	156	0	0	0	157
6884	1	1	157	0	0	159
6885	0	0	166	0	0	166
6886	1	0	0	156	0	157
6887	166	0	0	0	0	166
6888	164	0	0	1	0	165
6889	169	0	0	0	0	169
6890	0	0	0	168	0	168
6891	0	0	0	169	0	169
6892	0	0	1	168	0	169
6893	0	0	0	167	0	167
6894	0	1	164	1	0	166
6895	1	0	0	166	0	167
6896	0	167	0	0	0	167
6897	0	0	1	167	0	168
6898	171	0	0	0	0	171
6899	0	0	173	0	0	173
6900	161	0	0	1	0	162
6901	0	0	180	0	0	180
6902	0	0	177	0	0	177
6903	0	179	0	0	0	179
6904	0	0	1	176	0	177
6905	0	0	1	176	0	177
6906	0	191	0	1	0	192
6907	200	0	0	0	0	200
6908	1	0	0	203	0	204
6909	1	0	0	215	0	216
6910	0	0	0	225	0	225
6911	246	0	0	2	0	248
6912	261	0	0	1	0	262
6913	1	0	0	262	0	263
6914	1	0	1	259	0	261
6915	254	0	0	3	0	257
6916	1	2	0	256	0	259
6917	1	0	0	258	0	259
6918	1	0	0	259	0	260
6919	0	0	255	2	0	257
6920	240	0	1	1	0	242
6921	248	0	2	0	0	250
6922	2	0	241	0	0	243
6923	1	1	1	229	0	232
6924	0	238	1	2	0	241
6925	239	1	0	2	0	242
6926	1	239	0	0	0	240
6927	1	228	0	0	0	229
6928	0	2	0	223	0	225
6929	222	1	0	1	0	224
6930	222	0	0	2	0	224
6931	3	0	0	219	0	222
6932	4	0	0	219	0	223
6933	0	0	0	225	0	225
6934	0	0	0	226	0	226
6935	0	0	0	222	0	222
6936	0	217	0	2	0	219
6937	0	1	0	222	0	223
6938	216	1	0	2	0	219
6939	222	0	1	1	0	224
6940	225	0	0	0	0	225
6941	4	220	0	0	0	224
6942	1	2	0	217	0	220
6943	0	1	218	3	0	222
6944	215	0	2	1	0	218
6945	3	0	1	218	0	222
6946	222	1	0	1	0	224
6947	210	1	0	1	0	212
6948	211	0	0	1	0	212
6949	4	0	0	207	0	211
6950	209	0	0	2	0	211
6951	2	0	0	208	0	210
6952	1	0	0	210	0	211
6953	207	0	0	4	0	211
6954	2	0	0	209	0	211
6955	209	0	0	3	0	212
6956	212	1	0	1	0	214
6957	3	0	0	212	0	215
6958	1	0	0	211	0	212
6959	1	0	0	212	0	213
6960	1	0	195	3	0	199
6961	0	0	196	1	0	197
6962	0	0	3	188	0	191
6963	0	0	2	192	0	194
6964	1	0	0	191	0	192
6965	0	0	0	190	0	190
6966	1	0	0	188	0	189
6967	184	0	0	3	0	187
6968	3	182	0	1	0	186
6969	1	2	0	181	0	184
6970	183	1	0	2	0	186
6971	2	0	0	186	0	188
6972	1	0	0	178	0	179
6973	174	0	0	3	0	177
6974	172	0	0	2	0	174
6975	3	0	171	0	0	174
6976	2	0	2	171	0	175
6977	0	0	173	2	0	175
6978	0	0	2	174	0	176
6979	0	0	1	173	0	174
6980	0	0	1	174	0	175
6981	0	0	172	2	0	174
6982	0	175	2	2	0	179
6983	0	176	1	0	0	177
6984	0	3	0	172	0	175
6985	164	1	0	3	0	168
6986	2	0	162	3	0	167
6987	2	0	167	0	0	169
6988	0	1	3	165	0	169
6989	0	0	1	161	0	162
6990	1	164	0	2	0	167
6991	0	2	0	166	0	168
6992	0	1	0	173	0	174
6993	1	0	0	173	0	174
6994	169	0	0	3	0	172
6995	171	0	1	1	0	173
6996	3	0	0	168	0	171
6997	1	167	1	2	0	171
6998	0	2	0	165	0	167
6999	162	1	0	2	0	165
7000	2	164	0	2	0	168
7001	1	2	1	154	0	158
7002	0	158	0	1	0	159
7003	155	3	0	1	0	159
7004	154	1	0	1	0	156
7005	2	164	0	0	0	166
7006	1	151	1	1	0	154
7007	0	3	142	0	0	145
7008	0	136	2	0	0	138
7009	1	3	1	119	0	124
7010	1	1	115	1	0	118
7011	0	91	2	3	0	96
7012	0	1	0	78	0	79
7013	0	0	0	80	0	80
7014	0	0	0	80	0	80
7015	79	0	0	1	0	80
7016	1	0	79	0	0	80
7017	0	0	82	0	0	82
7018	0	0	1	78	0	79
7019	0	0	81	1	0	82
7020	0	0	1	80	0	81
7021	0	0	0	81	0	81
7022	0	0	0	84	0	84
7023	0	0	0	84	0	84
7024	83	0	0	1	0	84
7025	84	0	0	0	0	84
7026	1	0	0	83	0	84
7027	0	0	88	1	0	89
7028	0	0	1	85	0	86
7029	0	81	0	1	0	82
7030	0	1	0	78	0	79
7031	81	0	0	1	0	82
7032	83	0	0	0	0	83
7033	1	0	0	82	0	83
7034	0	0	0	83	0	83
7035	0	0	0	83	0	83
7036	81	0	0	1	0	82
7037	1	0	81	0	0	82
7038	0	0	82	0	0	82
7039	0	81	0	0	0	81
7040	86	0	0	0	0	86
7041	0	0	0	88	0	88
7042	0	0	94	0	0	94
7043	0	95	0	0	0	95
7044	0	94	0	0	0	94
7045	0	0	0	90	0	90
7046	0	0	0	94	0	94
7047	0	95	0	0	0	95
7048	0	0	0	95	0	95
7049	0	0	0	95	0	95
7050	94	0	0	0	0	94
7051	0	95	0	0	0	95
7052	0	0	0	92	0	92
7053	0	0	95	0	0	95
7054	0	0	0	94	0	94
7055	91	0	0	0	0	91
7056	0	94	0	0	0	94
7057	0	0	0	95	0	95
7058	0	0	95	0	0	95
7059	0	0	112	0	0	112
7060	0	0	0	110	0	110
7061	0	0	0	118	0	118
7062	118	0	0	0	0	118
7063	0	129	0	0	0	129
7064	133	0	0	0	0	133
7065	0	0	137	0	0	137
7066	137	0	0	0	0	137
7067	0	0	138	0	0	138
7068	139	0	0	0	0	139
7069	142	0	0	0	0	142
7070	0	0	143	0	0	143
7071	0	0	146	0	0	146
7072	0	146	0	0	0	146
7073	0	0	0	147	0	147
7074	157	0	0	0	0	157
7075	0	0	0	160	0	160
7076	1	0	1	163	0	165
7077	0	1	0	165	0	166
7078	0	0	164	2	0	166
7079	160	0	0	2	0	162
7080	161	0	1	1	0	163
7081	2	168	0	0	0	170
7082	1	0	1	158	0	160
7083	0	169	1	0	0	170
7084	0	0	0	168	0	168
7085	168	1	0	0	0	169
7086	0	169	0	2	0	171
7087	1	0	0	167	0	168
7088	167	1	0	1	0	169
7089	166	0	0	2	0	168
7090	2	0	0	164	0	166
7091	4	0	167	0	0	171
7092	1	0	0	160	0	161
7093	0	165	2	0	0	167
7094	164	0	0	1	0	165
7095	0	168	0	0	0	168
7096	1	0	0	167	0	168
7097	171	1	0	0	0	172
7098	1	0	0	173	0	174
7099	1	0	0	175	0	176
7100	0	0	173	2	0	175
7101	0	172	0	2	0	174
7102	167	0	1	0	0	168
7103	151	1	1	0	0	153
7104	1	165	1	0	0	167
7105	1	162	0	0	0	163
7106	1	1	0	161	0	163
7107	160	1	0	1	0	162
7108	0	160	1	1	0	162
7109	1	0	0	154	0	155
7110	0	1	157	0	0	158
7111	0	0	0	156	0	156
7112	149	0	1	0	0	150
7113	0	158	0	1	0	159
7114	1	0	0	160	0	161
7115	0	1	159	0	0	160
7116	0	0	162	1	0	163
7117	0	0	1	161	0	162
7118	0	0	1	159	0	160
7119	0	159	0	3	0	162
7120	0	0	0	163	0	163
7121	166	1	0	0	0	167
7122	0	0	0	167	0	167
7123	164	0	0	0	0	164
7124	0	167	0	1	0	168
7125	1	167	0	0	0	168
7126	0	1	0	169	0	170
7127	0	1	0	165	0	166
7128	0	0	164	1	0	165
7129	0	0	0	164	0	164
7130	165	0	1	0	0	166
7131	0	0	164	1	0	165
7132	1	0	0	170	0	171
7133	0	0	180	0	0	180
7134	0	0	0	179	0	179
7135	0	0	1	182	0	183
7136	0	2	0	181	0	183
7137	0	0	181	1	0	182
7138	0	0	0	175	0	175
7139	0	186	1	0	0	187
7140	0	0	0	183	0	183
7141	0	1	0	181	0	182
7142	177	0	0	1	0	178
7143	0	0	174	1	0	175
7144	1	0	0	174	0	175
7145	0	0	177	0	0	177
7146	0	0	167	1	0	168
7147	0	0	1	167	0	168
7148	0	0	1	169	0	170
7149	0	0	0	174	0	174
7150	173	0	0	1	0	174
7151	0	0	179	1	0	180
7152	182	0	0	0	0	182
7153	0	0	1	185	0	186
7154	1	0	0	193	0	194
7155	0	203	0	1	0	204
7156	0	0	0	202	0	202
7157	0	1	0	199	0	200
7158	0	0	0	200	0	200
7159	177	0	1	1	0	179
7160	0	0	179	1	0	180
7161	162	0	0	0	0	162
7162	0	170	0	0	0	170
7163	154	0	0	0	0	154
7164	0	152	0	0	0	152
7165	0	150	0	0	0	150
7166	0	1	0	148	0	149
7167	153	0	0	0	0	153
7168	0	0	0	157	0	157
7169	0	153	0	0	0	153
7170	0	161	0	0	0	161
7171	0	0	0	159	0	159
7172	0	0	0	161	0	161
7173	0	163	0	0	0	163
7174	0	0	0	169	0	169
7175	0	0	0	173	0	173
7176	0	0	0	179	0	179
7177	178	0	0	0	0	178
7178	0	0	184	0	0	184
7179	190	0	0	0	0	190
7180	194	0	0	0	0	194
7181	190	0	0	0	0	190
7182	0	187	0	0	0	187
7183	0	0	0	182	0	182
7184	184	0	0	0	0	184
7185	0	0	0	194	0	194
7186	193	0	0	0	0	193
7187	0	209	0	0	0	209
7188	221	0	0	0	0	221
7189	225	0	0	0	0	225
7190	229	0	0	0	0	229
7191	0	0	0	230	0	230
7192	0	0	0	238	0	238
7193	246	0	0	0	0	246
7194	0	250	0	0	0	250
7195	0	247	0	1	0	248
7196	263	0	0	0	0	263
7197	0	0	0	261	0	261
7198	0	1	0	269	0	270
7199	0	0	0	276	0	276
7200	0	274	0	1	0	275
7201	273	1	0	0	0	274
7202	0	0	0	276	0	276
7203	0	285	0	1	0	286
7204	0	0	0	294	0	294
7205	1	0	0	307	0	308
7206	0	0	1	309	0	310
7207	1	0	0	312	0	313
7208	315	0	0	0	0	315
7209	316	0	0	0	0	316
7210	324	1	0	1	0	326
7211	1	0	0	330	0	331
7212	2	0	338	0	0	340
7213	1	0	320	1	0	322
7214	1	0	337	1	0	339
7215	354	1	1	0	0	356
7216	1	0	1	353	0	355
7217	0	0	1	353	0	354
7218	2	0	0	352	0	354
7219	350	0	0	2	0	352
7220	354	0	0	2	0	356
7221	1	377	0	1	0	379
7222	1	1	0	382	0	384
7223	1	1	385	0	0	387
7224	1	395	0	0	0	396
7225	0	2	0	400	0	402
7226	0	0	1	402	0	403
7227	0	1	0	399	0	400
7228	0	2	0	396	0	398
7229	1	0	399	1	0	401
7230	0	0	398	2	0	400
7231	0	412	0	1	0	413
7232	0	0	1	409	0	410
7233	0	0	1	399	0	400
7234	396	1	0	1	0	398
7235	1	0	406	2	0	409
7236	1	0	0	408	0	409
7237	1	0	0	425	0	426
7238	1	0	448	0	0	449
7239	0	443	0	2	0	445
7240	442	0	1	1	0	444
7241	0	0	442	0	0	442
7242	426	1	0	0	0	427
7243	2	0	467	0	0	469
7244	0	0	1	479	0	480
7245	1	0	493	1	0	495
7246	0	0	515	1	0	516
7247	1	0	0	520	0	521
7248	2	0	1	518	0	521
7249	0	0	1	553	0	554
7250	0	0	0	557	0	557
7251	0	0	1	555	0	556
7252	0	1	576	1	0	578
7253	0	0	556	3	0	559
7254	0	589	0	2	0	591
7255	582	0	1	1	0	584
7256	0	0	1	596	0	597
7257	594	1	1	0	0	596
7258	1	0	1	599	0	601
7259	614	1	0	3	0	618
7260	1	0	0	622	0	623
7261	0	0	0	628	0	628
7262	2	653	0	1	0	656
7263	0	0	1	660	0	661
7264	0	0	0	667	0	667
7265	0	1	0	667	0	668
7266	0	0	0	665	0	665
7267	0	662	0	1	0	663
7268	655	0	0	1	0	656
7269	0	652	0	2	0	654
7270	0	0	1	644	0	645
7271	641	0	0	0	0	641
7272	1	0	645	1	0	647
7273	0	0	644	1	0	645
7274	1	0	0	638	0	639
7275	0	0	1	644	0	645
7276	0	0	1	649	0	650
7277	0	0	0	641	0	641
7278	0	0	0	642	0	642
7279	0	633	0	1	0	634
7280	0	0	0	644	0	644
7281	644	0	0	1	0	645
7282	0	1	0	649	0	650
7283	0	1	662	3	0	666
7284	1	0	0	657	0	658
7285	651	0	0	1	0	652
7286	0	699	1	1	0	701
7287	0	0	0	733	0	733
7288	1	0	0	766	0	767
7289	0	2	767	1	0	770
7290	0	0	968	1	0	969
7291	1107	0	4	1	0	1112
7292	5	0	2	1152	0	1159
7293	3	0	1	1162	0	1166
7294	1	0	1245	8	0	1254
7295	0	1	1255	4	0	1260
7296	1	1272	9	1	0	1283
7297	0	6	5	1254	0	1265
7298	0	4	1256	6	0	1266
7299	0	1265	6	7	0	1278
7300	1274	6	3	1	0	1284
7301	1295	3	1	0	0	1299
7302	10	1	0	1269	0	1280
7303	5	1286	0	6	0	1297
7304	1273	7	0	4	0	1284
7305	8	4	2	1118	0	1132
7306	4	1	1261	6	0	1272
7307	0	1259	11	3	0	1273
7308	1251	8	6	0	0	1265
7309	1258	5	0	0	0	1263
7310	10	0	1	1260	0	1271
7311	4	1	1	1262	0	1268
7312	1	1	1251	13	0	1266
7313	2	0	7	1244	0	1253
7314	2	0	9	1226	0	1237
7315	2	0	1	1228	0	1231
7316	1	1	0	1236	0	1238
7317	1	1	0	1212	0	1214
7318	1	1222	0	13	0	1236
7319	1212	5	2	5	0	1224
7320	7	5	1230	1	0	1243
7321	5	1209	7	1	0	1222
7322	1	6	4	1206	0	1217
7323	1188	4	1	8	0	1201
7324	6	1	0	1197	0	1204
7325	5	1	0	1200	0	1206
7326	1	0	0	1194	0	1195
7327	1	0	0	1205	0	1206
7328	1	1	1193	12	0	1207
7329	1	1191	6	10	0	1208
7330	1174	7	4	3	0	1188
7331	7	5	1186	1	0	1199
7332	5	1	8	1180	0	1194
7333	1184	1	5	8	0	1198
7334	7	1178	0	5	0	1190
7335	1184	8	0	3	0	1195
7336	8	5	1	1149	0	1163
7337	6	0	1	1172	0	1179
7338	1	0	0	1158	0	1159
7339	1	0	1	1160	0	1162
7340	1140	1	0	15	0	1156
7341	8	0	1	1141	0	1150
7342	4	2	0	1145	0	1151
7343	1113	1	1	12	0	1127
7344	8	1	1106	7	0	1122
7345	5	0	9	1096	0	1110
7346	1064	1	5	7	0	1077
7347	1054	0	0	6	0	1060
7348	13	0	0	1042	0	1055
7349	4	1	1	1036	0	1042
7350	0	1007	1	12	0	1020
7351	0	6	1	1016	0	1023
7352	0	4	0	994	0	998
7353	1	0	983	12	0	996
7354	0	1	957	8	0	966
7355	1	955	11	1	0	968
7356	2	7	5	929	0	943
7357	0	4	2	957	0	963
7358	944	2	0	12	0	958
7359	8	1	0	934	0	943
7360	7	0	925	7	0	939
7361	0	1	6	926	0	933
7362	1	0	902	9	0	912
7363	1	1	900	6	0	908
7364	0	0	11	875	0	886
7365	1	1	5	891	0	898
7366	888	0	1	12	0	901
7367	892	0	1	5	0	898
7368	12	1	2	890	0	905
7369	905	0	1	9	0	915
7370	915	0	0	6	0	921
7371	14	0	0	901	0	915
7372	5	0	0	907	0	912
7373	890	0	1	14	0	905
7374	885	1	1	7	0	894
7375	10	1	1	877	0	889
7376	4	884	1	9	0	898
7377	1	6	0	887	0	894
7378	0	4	1	891	0	896
7379	1	0	883	12	0	896
7380	3	2	6	877	0	888
7381	859	1	4	8	0	872
7382	5	866	1	7	0	879
7383	857	7	0	0	0	864
7384	859	4	1	3	0	867
7385	856	0	1	2	0	859
7386	10	4	0	810	0	824
7387	11	0	754	7	0	772
7388	4	0	716	7	0	727
7389	0	710	10	2	0	722
7390	0	497	5	1	0	503
7391	0	309	2	0	0	311
7392	6	283	2	0	0	291
7393	7	8	260	0	0	275
7394	173	8	7	3	0	191
7395	0	2	1	175	0	178
7396	1	0	0	164	0	165
7397	0	2	0	163	0	165
7398	0	166	0	1	0	167
7399	160	0	0	1	0	161
7400	0	1	161	0	0	162
7401	0	142	0	0	0	142
7402	0	0	0	139	0	139
7403	139	0	0	0	0	139
7404	0	0	0	142	0	142
7405	0	0	140	0	0	140
7406	0	1	141	0	0	142
7407	0	0	0	143	0	143
7408	0	0	0	145	0	145
7409	143	0	0	0	0	143
7410	0	0	145	0	0	145
7411	142	0	0	0	0	142
7412	143	0	0	0	0	143
7413	0	0	0	153	0	153
7414	0	0	158	0	0	158
7415	0	0	0	159	0	159
7416	163	0	0	0	0	163
7417	0	163	0	0	0	163
7418	172	0	0	0	0	172
7419	0	0	0	182	0	182
7420	0	195	0	1	0	196
7421	0	0	0	194	0	194
7422	0	0	0	195	0	195
7423	0	203	0	0	0	203
7424	0	0	0	211	0	211
7425	0	0	0	216	0	216
7426	0	0	0	219	0	219
7427	0	0	225	0	0	225
7428	0	224	0	0	0	224
7429	234	0	0	0	0	234
7430	0	0	0	238	0	238
7431	0	259	0	0	0	259
7432	269	0	0	0	0	269
7433	0	1	0	271	0	272
7434	1	0	0	273	0	274
7435	0	0	0	267	0	267
7436	0	0	0	263	0	263
7437	264	0	0	1	0	265
7438	0	0	0	266	0	266
7439	1	0	0	264	0	265
7440	265	0	0	1	0	266
7441	0	0	0	265	0	265
7442	1	0	267	0	0	268
7443	0	0	0	268	0	268
7444	259	0	1	0	0	260
7445	0	0	0	262	0	262
7446	0	0	262	0	0	262
7447	0	0	256	1	0	257
7448	275	0	1	0	0	276
7449	278	0	0	0	0	278
7450	277	0	0	0	0	277
7451	280	0	0	0	0	280
7452	1	0	287	0	0	288
7453	1	0	0	283	0	284
7454	0	0	1	287	0	288
7455	282	0	0	1	0	283
7456	0	0	0	286	0	286
7457	1	0	289	0	0	290
7458	0	0	2	284	0	286
7459	0	0	289	0	0	289
7460	0	292	0	1	0	293
7461	300	0	1	0	0	301
7462	0	1	0	302	0	303
7463	1	0	297	0	0	298
7464	0	0	0	308	0	308
7465	0	0	1	314	0	315
7466	0	0	316	1	0	317
7467	0	0	0	317	0	317
7468	315	0	1	0	0	316
7469	0	1	298	1	0	300
7470	287	0	0	0	0	287
7471	0	299	0	0	0	299
7472	3	0	297	0	0	300
7473	1	1	299	0	0	301
7474	2	1	2	275	0	280
7475	0	0	1	285	0	286
7476	0	0	290	1	0	291
7477	0	0	0	288	0	288
7478	287	0	2	0	0	289
7479	290	0	1	2	0	293
7480	1	0	0	294	0	295
7481	1	0	0	291	0	292
7482	0	290	1	1	0	292
7483	288	1	0	1	0	290
7484	1	1	0	291	0	293
7485	1	294	0	3	0	298
7486	296	1	0	0	0	297
7487	298	1	0	0	0	299
7488	1	312	0	1	0	314
7489	1	0	0	312	0	313
7490	0	1	0	300	0	301
7491	0	0	295	2	0	297
7492	0	0	0	293	0	293
7493	293	0	1	1	0	295
7494	0	0	0	293	0	293
7495	2	0	289	0	0	291
7496	287	0	0	2	0	289
7497	0	0	2	291	0	293
7498	1	0	290	1	0	292
7499	1	0	0	288	0	289
7500	0	0	292	1	0	293
7501	0	0	1	293	0	294
7502	0	0	1	293	0	294
7503	293	0	0	1	0	294
7504	1	291	0	2	0	294
7505	299	0	0	0	0	299
7506	292	1	0	0	0	293
7507	292	0	1	0	0	293
7508	1	294	0	1	0	296
7509	1	0	292	1	0	294
7510	1	1	0	290	0	292
7511	293	0	1	1	0	295
7512	292	0	1	1	0	294
7513	1	0	0	279	0	280
7514	278	0	1	0	0	279
7515	0	1	275	1	0	277
7516	270	0	0	0	0	270
7517	0	0	276	1	0	277
7518	1	263	1	0	0	265
7519	258	0	1	1	0	260
7520	247	1	0	1	0	249
7521	1	246	1	0	0	248
7522	247	0	0	1	0	248
7523	239	1	0	0	0	240
7524	1	0	227	0	0	228
7525	219	0	0	0	0	219
7526	0	0	221	0	0	221
7527	1	2	0	203	0	206
7528	0	211	1	0	0	212
7529	0	2	199	1	0	202
7530	182	7	0	1	0	190
7531	169	1	1	0	0	171
7532	0	0	0	159	0	159
7533	0	0	162	0	0	162
7534	0	0	0	160	0	160
7535	158	0	1	0	0	159
7536	1	164	0	0	0	165
7537	167	0	0	1	0	168
7538	165	0	1	0	0	166
7539	0	167	0	1	0	168
7540	0	0	1	168	0	169
7541	170	0	0	1	0	171
7542	0	0	0	176	0	176
7543	1	0	0	177	0	178
7544	0	1	180	0	0	181
7545	1	0	0	177	0	178
7546	1	0	0	183	0	184
7547	184	0	0	0	0	184
7548	179	1	0	0	0	180
7549	0	0	1	184	0	185
7550	0	0	186	1	0	187
7551	1	0	181	0	0	182
7552	1	0	0	174	0	175
7553	0	0	184	1	0	185
7554	1	0	0	184	0	185
7555	0	0	1	183	0	184
7556	184	0	0	0	0	184
7557	1	0	178	0	0	179
7558	178	1	0	0	0	179
7559	177	0	0	0	0	177
7560	2	0	174	0	0	176
7561	1	1	174	0	0	176
7562	2	6	0	161	0	169
7563	2	165	0	0	0	167
7564	0	162	1	0	0	163
7565	1	0	0	148	0	149
7566	0	0	1	148	0	149
7567	0	0	0	148	0	148
7568	0	1	0	148	0	149
7569	147	0	1	0	0	148
7570	1	0	0	146	0	147
7571	1	0	146	1	0	148
7572	0	0	0	147	0	147
7573	0	143	1	1	0	145
7574	0	0	0	145	0	145
7575	143	0	0	0	0	143
7576	0	1	0	142	0	143
7577	1	0	141	0	0	142
7578	1	143	0	0	0	144
7579	0	1	0	140	0	141
7580	138	0	0	1	0	139
7581	139	0	0	0	0	139
7582	0	0	0	142	0	142
7583	0	0	139	1	0	140
7584	0	0	135	0	0	135
7585	138	0	0	1	0	139
7586	0	0	142	1	0	143
7587	1	0	141	0	0	142
7588	0	0	0	123	0	123
7589	126	0	0	0	0	126
7590	128	0	1	0	0	129
7591	122	0	1	0	0	123
7592	0	0	140	1	0	141
7593	0	0	144	0	0	144
7594	0	149	0	1	0	150
7595	0	0	0	147	0	147
7596	0	0	0	148	0	148
7597	0	0	0	145	0	145
7598	0	0	0	147	0	147
7599	0	0	148	0	0	148
7600	0	152	0	0	0	152
7601	159	0	0	0	0	159
7602	186	0	0	0	0	186
7603	189	0	0	0	0	189
7604	0	192	0	0	0	192
7605	0	0	0	193	0	193
7606	198	0	0	0	0	198
7607	0	212	0	0	0	212
7608	212	0	0	1	0	213
7609	1	213	1	0	0	215
7610	214	1	0	0	0	215
7611	212	0	0	0	0	212
7612	0	1	0	214	0	215
7613	1	0	0	215	0	216
7614	1	0	218	0	0	219
7615	0	0	218	3	0	221
7616	222	0	0	1	0	223
7617	219	0	1	0	0	220
7618	0	0	1	219	0	220
7619	1	1	0	217	0	219
7620	2	0	217	0	0	219
7621	1	0	0	215	0	216
7622	1	0	215	1	0	217
7623	0	1	1	213	0	215
7624	0	0	0	223	0	223
7625	219	0	0	0	0	219
7626	214	1	0	1	0	216
7627	1	0	0	220	0	221
7628	1	1	0	220	0	222
7629	2	0	221	0	0	223
7630	1	0	0	221	0	222
7631	0	0	223	2	0	225
7632	219	0	0	1	0	220
7633	0	0	1	222	0	223
7634	218	0	2	0	0	220
7635	2	220	0	0	0	222
7636	217	0	0	1	0	218
7637	1	0	0	213	0	214
7638	0	1	0	214	0	215
7639	1	215	1	0	0	217
7640	0	0	0	208	0	208
7641	0	1	208	1	0	210
7642	0	1	0	201	0	202
7643	0	0	199	2	0	201
7644	1	193	1	0	0	195
7645	1	0	0	191	0	192
7646	0	0	190	1	0	191
7647	0	1	187	1	0	189
7648	0	2	1	178	0	181
7649	175	0	1	1	0	177
7650	0	0	175	0	0	175
7651	1	0	0	172	0	173
7652	176	0	0	1	0	177
7653	1	168	1	0	0	170
7654	176	1	0	1	0	178
7655	2	0	0	176	0	178
7656	0	0	0	177	0	177
7657	2	0	0	178	0	180
7658	176	1	0	1	0	178
7659	0	0	0	180	0	180
7660	0	0	1	176	0	177
7661	171	0	0	1	0	172
7662	0	0	171	1	0	172
7663	0	0	0	172	0	172
7664	1	0	168	0	0	169
7665	168	0	2	0	0	170
7666	0	0	1	171	0	172
7667	0	0	171	1	0	172
7668	169	0	0	0	0	169
7669	170	0	1	1	0	172
7670	0	0	181	1	0	182
7671	2	0	0	176	0	178
7672	1	1	0	179	0	181
7673	1	0	185	0	0	186
7674	0	188	0	2	0	190
7675	0	0	190	2	0	192
7676	188	0	1	1	0	190
7677	0	1	195	0	0	196
7678	192	0	1	0	0	193
7679	1	0	197	0	0	198
7680	196	0	1	0	0	197
7681	2	199	0	0	0	201
7682	0	0	1	196	0	197
7683	1	0	0	196	0	197
7684	0	1	199	0	0	200
7685	0	0	0	188	0	188
7686	0	191	1	1	0	193
7687	188	0	1	1	0	190
7688	0	193	0	1	0	194
7689	1	1	0	195	0	197
7690	196	0	0	0	0	196
7691	0	200	0	1	0	201
7692	190	0	0	1	0	191
7693	1	0	198	0	0	199
7694	0	1	0	195	0	196
7695	1	0	1	193	0	195
7696	1	0	1	194	0	196
7697	195	0	0	2	0	197
7698	196	0	0	1	0	197
7699	194	1	0	1	0	196
7700	191	0	0	0	0	191
7701	1	0	180	1	0	182
7702	150	0	0	1	0	151
7703	1	152	0	0	0	153
7704	0	150	0	1	0	151
7705	150	0	0	0	0	150
7706	139	2	3	2	0	146
7707	1	0	1	129	0	131
7708	132	1	0	0	0	133
7709	128	0	0	0	0	128
7710	139	0	0	0	0	139
7711	0	0	1	143	0	144
7712	0	148	0	1	0	149
7713	0	147	0	0	0	147
7714	0	3	1	144	0	148
7715	143	0	0	0	0	143
7716	0	144	0	0	0	144
7717	0	0	0	146	0	146
7718	0	0	149	0	0	149
7719	142	0	0	0	0	142
7720	0	149	0	0	0	149
7721	0	151	0	0	0	151
7722	147	0	0	0	0	147
7723	0	0	153	0	0	153
7724	0	0	0	144	0	144
7725	0	152	0	0	0	152
7726	0	0	0	148	0	148
7727	0	0	0	149	0	149
7728	0	149	0	0	0	149
7729	0	0	0	150	0	150
7730	0	0	0	149	0	149
7731	152	0	0	0	0	152
7732	0	154	0	0	0	154
7733	155	0	0	0	0	155
7734	0	0	0	153	0	153
7735	0	165	0	0	0	165
7736	0	0	164	0	0	164
7737	0	0	0	165	0	165
7738	0	0	0	168	0	168
7739	0	0	177	0	0	177
7740	172	0	0	0	0	172
7741	0	0	0	204	0	204
7742	207	0	0	0	0	207
7743	0	0	208	0	0	208
7744	0	0	0	205	0	205
7745	0	0	211	0	0	211
7746	0	0	0	212	0	212
7747	0	0	0	215	0	215
7748	216	0	0	0	0	216
7749	0	228	0	0	0	228
7750	227	0	0	0	0	227
7751	0	0	230	0	0	230
7752	0	0	0	228	0	228
7753	0	0	233	0	0	233
7754	212	0	0	0	0	212
7755	225	0	0	0	0	225
7756	0	0	226	0	0	226
7757	221	0	0	0	0	221
7758	226	0	0	0	0	226
7759	0	0	0	227	0	227
7760	0	0	226	0	0	226
7761	0	0	232	0	0	232
7762	0	0	0	233	0	233
7763	0	0	0	231	0	231
7764	0	231	0	0	0	231
7765	0	230	0	0	0	230
7766	231	0	0	0	0	231
7767	0	0	0	231	0	231
7768	0	230	0	0	0	230
7769	0	230	0	0	0	230
7770	221	0	0	0	0	221
7771	0	0	0	230	0	230
7772	0	232	0	0	0	232
7773	0	0	0	230	0	230
7774	0	0	0	227	0	227
7775	0	0	0	225	0	225
7776	225	0	0	0	0	225
7777	0	228	0	0	0	228
7778	0	0	0	229	0	229
7779	0	0	0	225	0	225
7780	0	0	0	227	0	227
7781	1	0	222	0	0	223
7782	211	0	1	0	0	212
7783	0	0	0	225	0	225
7784	218	0	1	0	0	219
7785	221	0	0	1	0	222
7786	220	0	0	1	0	221
7787	1	0	221	0	0	222
7788	0	220	0	0	0	220
7789	1	0	0	212	0	213
7790	0	0	213	0	0	213
7791	0	0	215	1	0	216
7792	0	2	0	204	0	206
7793	1	203	0	1	0	205
7794	207	0	0	0	0	207
7795	209	0	1	0	0	210
7796	212	0	0	0	0	212
7797	210	0	1	0	0	211
7798	0	0	213	2	0	215
7799	210	0	1	1	0	212
7800	1	222	1	0	0	224
7801	0	1	0	221	0	222
7802	2	0	0	222	0	224
7803	220	1	1	0	0	222
7804	0	1	0	219	0	220
7805	1	0	219	0	0	220
7806	214	0	0	1	0	215
7807	222	1	0	0	0	223
7808	220	1	1	0	0	222
7809	2	0	222	0	0	224
7810	209	0	0	1	0	210
7811	0	212	0	1	0	213
7812	206	0	2	1	0	209
7813	1	0	1	207	0	209
7814	0	0	0	205	0	205
7815	1	203	0	1	0	205
7816	0	2	0	205	0	207
7817	0	205	0	1	0	206
7818	1	0	0	203	0	204
7819	0	201	0	1	0	202
7820	0	0	1	203	0	204
7821	1	206	0	0	0	207
7822	1	0	0	208	0	209
7823	0	209	0	1	0	210
7824	221	1	0	0	0	222
7825	1	0	0	223	0	224
7826	0	0	0	220	0	220
7827	0	0	0	229	0	229
7828	1	0	0	236	0	237
7829	0	1	244	2	0	247
7830	0	0	2	245	0	247
7831	0	0	0	243	0	243
7832	241	0	0	3	0	244
7833	241	0	1	0	0	242
7834	2	250	0	0	0	252
7835	0	2	0	245	0	247
7836	1	1	0	256	0	258
7837	273	0	0	4	0	277
7838	5	1	271	1	0	278
7839	263	0	4	0	0	267
7840	4	266	2	0	0	272
7841	237	3	1	0	0	241
7842	232	1	0	0	0	233
7843	5	236	0	0	0	241
7844	1	240	0	1	0	242
7845	0	5	0	230	0	235
7846	0	0	229	4	0	233
7847	226	0	4	1	0	231
7848	4	0	227	0	0	231
7849	214	0	4	0	0	218
7850	4	1	217	0	0	222
7851	1	212	4	0	0	217
7852	0	4	1	209	0	214
7853	208	0	0	3	0	211
7854	213	0	0	1	0	214
7855	5	0	0	211	0	216
7856	210	0	0	3	0	213
7857	216	0	0	1	0	217
7858	4	209	0	0	0	213
7859	209	4	0	0	0	213
7860	3	216	0	0	0	219
7861	0	4	0	216	0	220
7862	214	1	0	4	0	219
7863	220	0	0	1	0	221
7864	222	0	0	0	0	222
7865	4	0	217	0	0	221
7866	1	0	218	0	0	219
7867	0	0	6	217	0	223
7868	0	0	1	233	0	234
7869	0	239	0	3	0	242
7870	234	3	0	0	0	237
7871	4	1	0	236	0	241
7872	1	0	0	243	0	244
7873	0	0	241	6	0	247
7874	0	239	5	1	0	245
7875	0	246	1	0	0	247
7876	0	6	0	242	0	248
7877	232	1	0	5	0	238
7878	5	0	0	234	0	239
7879	0	0	0	237	0	237
7880	231	0	0	6	0	237
7881	239	0	0	1	0	240
7882	6	0	0	236	0	242
7883	0	0	238	5	0	243
7884	0	0	5	239	0	244
7885	0	0	0	242	0	242
7886	236	0	0	5	0	241
7887	5	0	0	236	0	241
7888	234	0	0	5	0	239
7889	5	0	236	1	0	242
7890	1	0	5	243	0	249
7891	0	0	1	241	0	242
7892	1	1	0	245	0	247
7893	0	0	0	244	0	244
7894	0	0	0	239	0	239
7895	1	0	229	7	0	237
7896	226	0	5	3	0	234
7897	5	0	4	228	0	237
7898	1	0	224	7	0	232
7899	0	0	226	4	0	230
7900	2	0	6	216	0	224
7901	216	1	1	5	0	223
7902	220	2	0	1	0	223
7903	219	0	0	2	0	221
7904	6	0	0	212	0	218
7905	2	214	0	4	0	220
7906	215	5	2	1	0	223
7907	215	2	0	0	0	217
7908	215	2	0	0	0	217
7909	215	0	0	0	0	215
7910	8	1	0	205	0	214
7911	1	1	204	6	0	212
7912	0	1	5	202	0	208
7913	1	0	204	7	0	212
7914	198	0	6	2	0	206
7915	207	0	2	0	0	209
7916	6	0	202	0	0	208
7917	202	0	5	2	0	209
7918	206	0	2	1	0	209
7919	6	1	0	202	0	209
7920	2	200	0	8	0	210
7921	199	5	1	2	0	207
7922	7	1	0	194	0	202
7923	1	188	0	8	0	197
7924	1	4	1	179	0	185
7925	1	1	177	4	0	183
7926	0	173	4	4	0	181
7927	154	8	1	3	0	166
7928	149	1	3	3	0	156
7929	146	0	0	1	0	147
7930	146	0	1	0	0	147
7931	2	2	1	141	0	146
7932	1	142	0	3	0	146
7933	141	3	0	0	0	144
7934	5	0	138	0	0	143
7935	2	139	3	0	0	144
7936	1	1	126	0	0	128
7937	0	2	2	106	0	110
7938	1	105	0	2	0	108
7939	1	5	1	103	0	110
7940	2	0	112	1	0	115
7941	2	0	1	104	0	107
7942	0	0	1	112	0	113
7943	1	0	1	111	0	113
7944	110	0	0	2	0	112
7945	1	111	1	0	0	113
7946	1	2	0	110	0	113
7947	111	0	0	1	0	112
7948	0	109	1	1	0	111
7949	108	2	0	0	0	110
7950	2	0	116	1	0	119
7951	0	0	2	119	0	121
7952	0	119	0	0	0	119
7953	118	1	0	0	0	119
7954	2	0	121	0	0	123
7955	0	118	1	0	0	119
7956	1	0	0	122	0	123
7957	0	0	1	121	0	122
7958	119	2	0	1	0	122
7959	3	0	0	117	0	120
7960	0	0	114	1	0	115
7961	0	1	1	107	0	109
7962	0	0	110	1	0	111
7963	0	0	1	109	0	110
7964	0	112	0	1	0	113
7965	113	0	0	1	0	114
7966	111	0	1	0	0	112
7967	0	112	0	1	0	113
7968	0	100	0	1	0	101
7969	0	0	1	89	0	90
7970	85	0	1	0	0	86
7971	0	1	0	84	0	85
7972	83	0	0	1	0	84
7973	0	80	0	0	0	80
7974	0	1	0	82	0	83
7975	1	0	85	0	0	86
7976	0	0	1	84	0	85
7977	0	0	0	84	0	84
7978	87	1	0	0	0	88
7979	1	90	0	0	0	91
7980	0	0	1	91	0	92
7981	88	1	0	0	0	89
7982	0	0	91	1	0	92
7983	87	0	0	1	0	88
7984	1	0	0	89	0	90
7985	0	93	0	1	0	94
7986	96	0	1	0	0	97
7987	0	0	97	1	0	98
7988	0	0	98	0	0	98
7989	0	94	0	1	0	95
7990	86	1	0	0	0	87
7991	0	0	0	91	0	91
7992	0	0	0	93	0	93
7993	91	0	0	0	0	91
7994	0	0	93	0	0	93
7995	0	0	0	97	0	97
7996	0	0	106	0	0	106
7997	0	0	0	104	0	104
7998	0	109	0	0	0	109
7999	1	0	0	112	0	113
8000	0	0	112	0	0	112
8001	109	0	0	0	0	109
8002	0	0	0	112	0	112
8003	0	0	113	0	0	113
8004	0	0	0	109	0	109
8005	0	0	0	110	0	110
8006	0	0	114	0	0	114
8007	0	0	116	0	0	116
8008	0	0	0	115	0	115
8009	0	0	116	0	0	116
8010	108	0	0	0	0	108
8011	0	0	0	119	0	119
8012	118	0	0	0	0	118
8013	0	0	120	0	0	120
8014	0	0	0	120	0	120
8015	0	0	133	0	0	133
8016	0	135	0	0	0	135
8017	0	0	138	0	0	138
8018	0	0	135	0	0	135
8019	126	0	0	0	0	126
8020	134	0	0	0	0	134
8021	0	0	136	0	0	136
8022	0	0	0	127	0	127
8023	0	0	0	140	0	140
8024	0	0	140	0	0	140
8025	0	134	0	0	0	134
8026	133	0	0	0	0	133
8027	0	0	139	0	0	139
8028	0	0	0	140	0	140
8029	0	0	0	142	0	142
8030	145	0	0	0	0	145
8031	148	0	0	0	0	148
8032	147	0	0	0	0	147
8033	151	0	0	0	0	151
8034	0	0	0	153	0	153
8035	0	0	163	0	0	163
8036	0	0	0	162	0	162
8037	0	0	0	163	0	163
8038	0	0	0	170	0	170
8039	0	0	170	0	0	170
8040	162	0	0	0	0	162
8041	1	0	0	169	0	170
8042	0	0	171	0	0	171
8043	0	172	0	0	0	172
8044	0	0	0	172	0	172
8045	0	0	0	173	0	173
8046	174	0	0	0	0	174
8047	0	173	0	0	0	173
8048	0	0	178	0	0	178
8049	0	0	0	178	0	178
8050	0	0	0	169	0	169
8051	168	0	1	0	0	169
8052	171	0	0	0	0	171
8053	0	0	0	172	0	172
8054	170	0	0	0	0	170
8055	0	167	0	0	0	167
8056	0	0	173	0	0	173
8057	0	0	0	172	0	172
8058	0	0	0	175	0	175
8059	0	0	0	174	0	174
8060	0	0	0	173	0	173
8061	0	173	0	0	0	173
8062	169	0	0	0	0	169
8063	0	0	0	171	0	171
8064	0	183	0	0	0	183
8065	182	0	0	0	0	182
8066	180	0	0	1	0	181
8067	0	184	0	0	0	184
8068	0	0	0	185	0	185
8069	0	1	0	188	0	189
8070	0	0	1	186	0	187
8071	0	0	0	192	0	192
8072	196	0	1	0	0	197
8073	199	0	1	0	0	200
8074	1	205	0	0	0	206
8075	1	0	202	0	0	203
8076	0	0	1	201	0	202
8077	204	0	0	1	0	205
8078	0	199	0	1	0	200
8079	0	196	1	1	0	198
8080	201	0	0	0	0	201
8081	211	0	0	0	0	211
8082	0	0	3	207	0	210
8083	0	0	216	0	0	216
8084	0	0	227	1	0	228
8085	224	0	0	0	0	224
8086	228	0	0	0	0	228
8087	232	0	0	0	0	232
8088	231	0	0	0	0	231
8089	232	0	0	1	0	233
8090	0	237	1	0	0	238
8091	0	1	0	226	0	227
8092	0	252	0	1	0	253
8093	254	0	0	1	0	255
8094	248	1	2	1	0	252
8095	249	1	0	0	0	250
8096	240	0	0	2	0	242
8097	0	244	1	0	0	245
8098	242	1	3	0	0	246
8099	0	248	1	1	0	250
8100	0	0	0	253	0	253
8101	251	0	0	0	0	251
8102	0	1	266	0	0	267
8103	0	0	1	261	0	262
8104	1	0	0	265	0	266
8105	0	0	271	1	0	272
8106	1	269	0	0	0	270
8107	273	0	0	0	0	273
8108	269	0	0	1	0	270
8109	1	273	0	0	0	274
8110	0	0	0	275	0	275
8111	0	0	289	0	0	289
8112	0	300	0	1	0	301
8113	297	0	0	2	0	299
8114	0	0	298	1	0	299
8115	281	0	2	0	0	283
8116	283	0	0	0	0	283
8117	0	0	307	0	0	307
8118	0	306	0	0	0	306
8119	0	0	0	310	0	310
8120	0	1	322	0	0	323
8121	305	0	0	0	0	305
8122	314	0	0	1	0	315
8123	0	323	0	0	0	323
8124	0	1	0	319	0	320
8125	0	0	0	330	0	330
8126	0	0	338	0	0	338
8127	0	347	0	0	0	347
8128	368	0	1	0	0	369
8129	373	0	0	0	0	373
8130	381	0	0	1	0	382
8131	0	0	378	0	0	378
8132	375	0	0	0	0	375
8133	381	0	0	0	0	381
8134	0	0	0	382	0	382
8135	0	1	373	0	0	374
8136	0	0	0	371	0	371
8137	0	0	382	0	0	382
8138	0	0	0	367	0	367
8139	0	386	0	0	0	386
8140	0	419	0	0	0	419
8141	0	0	0	420	0	420
8142	0	0	0	416	0	416
8143	425	0	0	0	0	425
8144	0	0	426	1	0	427
8145	408	0	0	0	0	408
8146	0	429	0	0	0	429
8147	435	0	0	0	0	435
8148	426	0	0	0	0	426
8149	0	0	0	432	0	432
8150	0	0	461	0	0	461
8151	0	0	0	457	0	457
8152	0	501	1	0	0	502
8153	0	0	0	505	0	505
8154	1	0	0	504	0	505
8155	509	0	0	0	0	509
8156	0	0	0	508	0	508
8157	0	514	0	0	0	514
8158	0	0	0	517	0	517
8159	520	0	0	0	0	520
8160	0	533	0	0	0	533
8161	0	0	0	551	0	551
8162	0	0	0	555	0	555
8163	0	0	0	585	0	585
8164	0	0	0	580	0	580
8165	582	0	0	0	0	582
8166	0	0	0	588	0	588
8167	0	0	0	602	0	602
8168	1	0	0	622	0	623
8169	2	631	0	0	0	633
8170	636	0	1	0	0	637
8171	0	0	643	0	0	643
8172	0	641	0	0	0	641
8173	631	0	0	0	0	631
8174	1	0	656	0	0	657
8175	1	671	1	0	0	673
8176	0	2	0	652	0	654
8177	1	681	0	0	0	682
8178	0	0	690	0	0	690
8179	0	0	696	0	0	696
8180	0	699	0	2	0	701
8181	690	2	1	0	0	693
8182	693	0	0	0	0	693
8183	0	0	692	0	0	692
8184	0	0	665	1	0	666
8185	1	0	684	0	0	685
8186	0	0	0	682	0	682
8187	1	0	0	686	0	687
8188	0	1	0	704	0	705
8189	1	0	737	0	0	738
8190	0	0	1	728	0	729
8191	0	1	0	741	0	742
8192	0	0	735	0	0	735
8193	693	1	1	1	0	696
8194	1	0	1	770	0	772
8195	0	0	2	762	0	764
8196	1	780	1	1	0	783
8197	779	1	0	1	0	781
8198	2	0	779	0	0	781
8199	763	1	1	0	0	765
8200	3	0	1	777	0	781
8201	0	0	805	1	0	806
8202	2	0	1	792	0	795
8203	805	0	0	3	0	808
8204	1	0	813	0	0	814
8205	801	0	1	1	0	803
8206	808	0	0	1	0	809
8207	809	0	1	1	0	811
8208	2	812	1	0	0	815
8209	2	1	0	821	0	824
8210	839	0	0	2	0	841
8211	832	1	0	1	0	834
8212	857	1	0	1	0	859
8213	3	0	851	0	0	854
8214	870	0	2	1	0	873
8215	5	0	1	925	0	931
8216	1	0	928	3	0	932
8217	1	0	3	953	0	957
8218	0	0	2	966	0	968
8219	1	1	1013	5	0	1020
8220	0	0	4	1010	0	1014
8221	1	0	2	1041	0	1044
8222	2	0	1151	5	0	1158
8223	1176	0	5	2	0	1183
8224	1270	1	2	0	0	1273
8225	7	0	1	1310	0	1318
8226	4	0	1322	6	0	1332
8227	4	0	6	1299	0	1309
8228	2	1300	4	10	0	1316
8229	2	6	2	1293	0	1303
8230	2	2	1	1303	0	1308
8231	1299	2	0	11	0	1312
8232	1291	1	3	3	0	1298
8233	1301	0	1	5	0	1307
8234	10	2	0	1295	0	1307
8235	5	0	2	1303	0	1310
8236	2	0	1299	11	0	1312
8237	2	1	6	1256	0	1265
8238	1	1291	4	9	0	1305
8239	1278	8	1	3	0	1290
8240	7	1255	2	1	0	1265
8241	1253	5	1	4	0	1263
8242	7	4	3	1215	0	1229
8243	4	1243	1	8	0	1256
8244	1243	8	0	2	0	1253
8245	1233	2	1	3	0	1239
8246	8	2	1	1240	0	1251
8247	6	1232	1	6	0	1245
8248	4	6	0	1235	0	1245
8249	2	3	1229	9	0	1243
8250	1186	1	8	6	0	1201
8251	7	1212	3	4	0	1226
8252	1169	6	3	5	0	1183
8253	7	3	3	1176	0	1189
8254	1184	2	1	6	0	1193
8255	10	1	1204	2	0	1217
8256	1211	1	6	4	0	1222
8257	1222	1	5	2	0	1230
8258	10	1	1229	2	0	1242
8259	6	2	7	1215	0	1230
8260	3	0	3	1215	0	1221
8261	1186	0	4	10	0	1200
8262	10	1189	1	7	0	1207
8263	5	9	1	1150	0	1165
8264	3	2	1145	10	0	1160
8265	1	1	1132	8	0	1142
8266	3	1128	7	4	0	1142
8267	6	7	1114	1	0	1128
8268	1067	6	11	2	0	1086
8269	7	4	3	1054	0	1068
8270	1064	1	5	8	0	1078
8271	7	3	1063	3	0	1076
8272	6	1	6	1062	0	1075
8273	4	2	3	1065	0	1074
8274	4	2	1046	8	0	1060
8275	2	2	6	1037	0	1047
8276	1034	1	2	9	0	1046
8277	1026	0	2	6	0	1034
8278	8	5	1	1020	0	1034
8279	1015	0	0	11	0	1026
8280	1008	0	3	3	0	1014
8281	11	1003	1	4	0	1019
8282	4	10	0	997	0	1011
8283	995	2	1	8	0	1006
8284	8	1	2	994	0	1005
8285	967	2	1	8	0	978
8286	9	2	2	975	0	988
8287	7	2	974	8	0	991
8288	4	975	5	7	0	991
8289	5	8	4	853	0	870
8290	1	940	4	10	0	955
8291	923	6	1	5	0	935
8292	10	917	0	1	0	928
8293	3	911	4	0	0	918
8294	1	9	0	888	0	898
8295	886	2	3	7	0	898
8296	8	2	2	874	0	886
8297	874	6	0	6	0	886
8298	870	1	2	6	0	879
8299	10	879	3	0	0	892
8300	878	6	2	5	0	891
8301	867	4	0	1	0	872
8302	853	0	4	2	0	859
8303	10	1	839	2	0	852
8304	4	2	4	820	0	830
8305	3	1	5	831	0	840
8306	3	1	832	9	0	845
8307	822	0	6	5	0	833
8308	837	1	2	1	0	841
8309	821	0	4	3	0	828
8310	788	0	1	5	0	794
8311	10	780	0	1	0	791
8312	752	6	2	1	0	761
8313	7	1	0	748	0	756
8314	9	0	711	4	0	724
8315	650	1	4	2	0	657
8316	8	658	0	2	0	668
8317	601	4	0	4	0	609
8318	7	594	2	0	0	603
8319	1	552	0	3	0	556
8320	2	540	1	1	0	544
8321	4	516	2	2	0	524
8322	3	6	383	6	0	398
8323	5	34	9	297	0	345
8324	0	0	265	0	0	265
8325	209	1	0	0	0	210
8326	0	206	0	0	0	206
8327	0	205	0	0	0	205
8328	0	0	0	201	0	201
8329	0	0	0	200	0	200
8330	0	0	197	0	0	197
8331	0	0	198	0	0	198
8332	0	0	0	198	0	198
8333	0	0	193	0	0	193
8334	0	193	0	1	0	194
8335	0	0	0	194	0	194
8336	0	0	0	204	0	204
8337	0	0	201	0	0	201
8338	0	0	0	199	0	199
8339	199	0	0	0	0	199
8340	0	0	0	198	0	198
8341	0	0	0	198	0	198
8342	0	0	198	0	0	198
8343	185	0	0	1	0	186
8344	0	199	0	0	0	199
8345	0	0	0	196	0	196
8346	0	0	196	0	0	196
8347	0	2	0	195	0	197
8348	199	0	0	0	0	199
8349	0	0	205	0	0	205
8350	0	1	0	196	0	197
8351	0	0	201	0	0	201
8352	0	202	0	0	0	202
8353	0	0	193	0	0	193
8354	0	190	0	0	0	190
8355	1	0	148	0	0	149
8356	0	1	0	127	0	128
8357	0	126	1	0	0	127
8358	117	0	0	0	0	117
8359	0	0	0	123	0	123
8360	123	0	0	0	0	123
8361	0	0	0	130	0	130
8362	1	0	0	134	0	135
8363	138	0	0	0	0	138
8364	143	0	0	0	0	143
8365	0	0	0	146	0	146
8366	0	0	148	0	0	148
8367	0	150	0	0	0	150
8368	0	0	147	0	0	147
8369	0	153	0	0	0	153
8370	150	0	0	0	0	150
8371	0	0	144	0	0	144
8372	0	0	142	0	0	142
8373	0	0	0	138	0	138
8374	137	0	0	0	0	137
8375	0	0	142	0	0	142
8376	0	151	0	0	0	151
8377	155	0	0	0	0	155
8378	152	0	0	0	0	152
8379	151	0	0	0	0	151
8380	152	0	0	0	0	152
8381	150	0	0	0	0	150
8382	0	0	150	0	0	150
8383	0	0	0	149	0	149
8384	0	153	0	0	0	153
8385	154	0	0	0	0	154
8386	0	157	0	0	0	157
8387	148	0	0	0	0	148
8388	143	0	0	0	0	143
8389	0	144	0	0	0	144
8390	147	0	0	0	0	147
8391	0	0	0	148	0	148
8392	0	0	0	148	0	148
8393	0	0	148	0	0	148
8394	0	150	0	0	0	150
8395	0	0	0	150	0	150
8396	0	0	0	147	0	147
8397	0	0	0	145	0	145
8398	0	0	146	0	0	146
8399	139	0	0	0	0	139
8400	0	0	0	155	0	155
8401	155	0	0	0	0	155
8402	0	0	0	158	0	158
8403	0	0	166	0	0	166
8404	0	0	171	0	0	171
8405	161	0	0	0	0	161
8406	170	0	0	0	0	170
8407	0	172	0	0	0	172
8408	0	0	169	0	0	169
8409	0	0	0	172	0	172
8410	0	0	0	170	0	170
8411	191	0	0	0	0	191
8412	188	0	0	0	0	188
8413	185	0	0	0	0	185
8414	0	0	184	0	0	184
8415	185	0	0	0	0	185
8416	0	0	0	193	0	193
8417	0	0	0	193	0	193
8418	0	0	0	193	0	193
8419	0	191	0	0	0	191
8420	185	0	0	0	0	185
8421	0	0	0	184	0	184
8422	0	0	185	0	0	185
8423	0	0	0	183	0	183
8424	0	183	0	0	0	183
8425	186	0	0	0	0	186
8426	1	0	0	182	0	183
8427	0	0	0	178	0	178
8428	0	0	181	0	0	181
8429	0	0	0	177	0	177
8430	0	181	0	0	0	181
8431	0	0	0	187	0	187
8432	0	0	190	0	0	190
8433	184	0	0	0	0	184
8434	190	0	0	0	0	190
8435	0	196	0	0	0	196
8436	186	0	0	1	0	187
8437	192	0	0	0	0	192
8438	0	192	0	1	0	193
8439	0	0	0	193	0	193
8440	197	0	0	0	0	197
8441	0	203	0	0	0	203
8442	0	0	204	0	0	204
8443	201	0	2	0	0	203
8444	210	0	0	0	0	210
8445	210	0	0	0	0	210
8446	214	0	0	0	0	214
8447	0	222	0	0	0	222
8448	219	0	0	1	0	220
8449	221	0	0	0	0	221
8450	225	0	0	1	0	226
8451	0	1	0	231	0	232
8452	234	0	0	0	0	234
8453	1	247	0	0	0	248
8454	1	0	260	0	0	261
8455	0	0	0	284	0	284
8456	284	0	1	0	0	285
8457	0	1	286	1	0	288
8458	1	0	1	284	0	286
8459	0	0	285	1	0	286
8460	0	284	0	1	0	285
8461	1	0	2	273	0	276
8462	0	1	270	0	0	271
8463	0	271	1	1	0	273
8464	0	1	1	261	0	263
8465	275	1	1	1	0	278
8466	272	0	1	1	0	274
8467	271	1	0	0	0	272
8468	271	0	0	1	0	272
8469	269	0	0	0	0	269
8470	2	0	277	0	0	279
8471	278	0	0	0	0	278
8472	282	0	1	0	0	283
8473	2	0	0	281	0	283
8474	283	0	1	0	0	284
8475	273	0	0	1	0	274
8476	2	270	0	0	0	272
8477	1	0	0	271	0	272
8478	1	1	0	270	0	272
8479	271	0	0	1	0	272
8480	0	270	0	1	0	271
8481	1	268	0	0	0	269
8482	0	1	0	274	0	275
8483	2	1	0	270	0	273
8484	0	1	0	270	0	271
8485	0	1	0	273	0	274
8486	269	0	0	2	0	271
8487	265	0	0	2	0	267
8488	1	0	268	1	0	270
8489	1	0	0	267	0	268
8490	0	0	1	264	0	265
8491	0	0	263	1	0	264
8492	252	0	1	1	0	254
8493	0	262	1	1	0	264
8494	261	0	0	1	0	262
8495	0	1	1	260	0	262
8496	1	0	262	0	0	263
8497	0	1	0	264	0	265
8498	1	0	275	0	0	276
8499	0	272	0	2	0	274
8500	259	0	2	0	0	261
8501	255	1	0	1	0	257
8502	1	259	1	0	0	261
8503	1	1	0	251	0	253
8504	246	1	0	0	0	247
8505	1	245	0	1	0	247
8506	1	1	0	241	0	243
8507	245	1	0	1	0	247
8508	1	0	242	1	0	244
8509	236	1	0	0	0	237
8510	0	236	1	1	0	238
8511	228	0	0	0	0	228
8512	229	1	1	1	0	232
8513	2	0	229	0	0	231
8514	1	1	0	228	0	230
8515	1	0	1	225	0	227
8516	1	1	224	1	0	227
8517	0	0	1	223	0	224
8518	0	0	1	226	0	227
8519	226	0	0	2	0	228
8520	225	0	1	1	0	227
8521	1	0	0	227	0	228
8522	1	0	228	1	0	230
8523	1	0	0	229	0	230
8524	1	0	1	227	0	229
8525	0	0	233	2	0	235
8526	0	0	1	236	0	237
8527	239	0	1	1	0	241
8528	235	0	0	1	0	236
8529	1	236	1	0	0	238
8530	240	0	0	1	0	241
8531	234	1	0	0	0	235
8532	2	237	0	0	0	239
8533	241	1	0	0	0	242
8534	237	1	3	0	0	241
8535	243	0	0	0	0	243
8536	1	2	239	0	0	242
8537	239	0	0	0	0	239
8538	1	0	1	243	0	245
8539	248	0	0	0	0	248
8540	0	0	240	1	0	241
8541	2	236	0	0	0	238
8542	229	0	2	1	0	232
8543	1	241	0	0	0	242
8544	1	0	0	235	0	236
8545	0	1	0	237	0	238
8546	235	0	0	0	0	235
8547	225	0	0	1	0	226
8548	1	0	232	0	0	233
8549	1	0	221	0	0	222
8550	0	0	214	0	0	214
8551	0	2	1	202	0	205
8552	2	0	202	0	0	204
8553	0	0	195	1	0	196
8554	2	7	1	172	0	182
8555	176	0	0	1	0	177
8556	174	0	0	0	0	174
8557	174	0	0	0	0	174
8558	174	0	0	0	0	174
8559	0	0	0	177	0	177
8560	0	0	0	178	0	178
8561	0	0	193	0	0	193
8562	0	0	0	195	0	195
8563	0	0	0	207	0	207
8564	210	0	0	0	0	210
8565	206	0	0	0	0	206
8566	0	0	0	205	0	205
8567	205	0	0	0	0	205
8568	207	0	0	0	0	207
8569	0	0	0	208	0	208
8570	0	0	0	205	0	205
8571	0	0	205	0	0	205
8572	0	0	209	0	0	209
8573	0	0	0	208	0	208
8574	0	0	0	209	0	209
8575	1	1	211	0	0	213
8576	205	0	0	0	0	205
8577	209	0	0	0	0	209
8578	0	0	212	0	0	212
8579	0	211	0	0	0	211
8580	219	0	0	0	0	219
8581	1	0	252	0	0	253
8582	0	0	0	253	0	253
8583	0	0	0	259	0	259
8584	264	0	0	1	0	265
8585	281	0	0	0	0	281
8586	0	0	0	282	0	282
8587	0	0	0	300	0	300
8588	303	0	0	1	0	304
8589	302	0	0	0	0	302
8590	303	0	0	0	0	303
8591	0	0	308	0	0	308
8592	0	0	0	312	0	312
8593	0	0	0	312	0	312
8594	312	0	0	0	0	312
8595	0	318	0	0	0	318
8596	344	0	0	1	0	345
8597	0	356	0	0	0	356
8598	0	0	0	367	0	367
8599	0	0	0	370	0	370
8600	0	0	373	0	0	373
8601	0	0	0	370	0	370
8602	0	0	374	0	0	374
8603	0	0	0	374	0	374
8604	0	1	0	370	0	371
8605	0	372	0	1	0	373
8606	0	385	0	0	0	385
8607	0	1	0	381	0	382
8608	0	0	0	384	0	384
8609	0	0	0	390	0	390
8610	0	0	0	395	0	395
8611	0	0	0	398	0	398
8612	0	0	400	0	0	400
8613	0	0	0	396	0	396
8614	0	0	0	398	0	398
8615	0	0	398	1	0	399
8616	0	397	0	0	0	397
8617	0	0	0	397	0	397
8618	0	0	403	0	0	403
8619	0	413	0	0	0	413
8620	0	0	0	408	0	408
8621	422	0	0	0	0	422
8622	0	0	0	420	0	420
8623	0	0	0	429	0	429
8624	0	0	0	430	0	430
8625	0	0	0	423	0	423
8626	0	418	0	3	0	421
8627	0	0	0	420	0	420
8628	450	0	0	0	0	450
8629	0	0	0	448	0	448
8630	0	1	0	446	0	447
8631	0	0	0	450	0	450
8632	445	0	0	0	0	445
8633	450	0	0	0	0	450
8634	0	0	0	451	0	451
8635	444	0	0	0	0	444
8636	439	0	0	0	0	439
8637	0	452	0	0	0	452
8638	457	0	0	1	0	458
8639	0	453	0	0	0	453
8640	0	460	0	0	0	460
8641	0	0	0	461	0	461
8642	0	0	473	0	0	473
8643	0	0	0	459	0	459
8644	0	0	0	459	0	459
8645	0	468	0	0	0	468
8646	467	0	0	0	0	467
8647	0	0	0	467	0	467
8648	0	0	495	0	0	495
8649	0	0	0	499	0	499
8650	0	505	0	0	0	505
8651	510	0	0	1	0	511
8652	0	0	0	511	0	511
8653	0	0	523	0	0	523
8654	0	0	0	513	0	513
8655	0	509	1	1	0	511
8656	0	0	1	506	0	507
8657	551	1	0	0	0	552
8658	561	0	0	1	0	562
8659	564	0	2	0	0	566
8660	0	579	0	2	0	581
8661	581	1	0	1	0	583
8662	2	0	0	581	0	583
8663	563	0	0	2	0	565
8664	1	574	0	2	0	577
8665	0	1	0	581	0	582
8666	0	0	598	3	0	601
8667	565	1	1	0	0	567
8668	1	609	0	1	0	611
8669	1	1	0	609	0	611
8670	0	0	0	622	0	622
8671	0	0	0	620	0	620
8672	0	0	0	603	0	603
8673	1	614	0	3	0	618
8674	612	1	0	1	0	614
8675	611	0	1	1	0	613
8676	2	0	632	3	0	637
8677	1	0	1	630	0	632
8678	3	1	640	1	0	645
8679	636	1	1	0	0	638
8680	642	1	0	1	0	644
8681	602	0	1	0	0	603
8682	1	0	0	598	0	599
8683	0	602	1	4	0	607
8684	610	1	0	1	0	612
8685	1	0	0	603	0	604
8686	608	1	0	2	0	611
8687	2	0	603	1	0	606
8688	0	0	605	2	0	607
8689	603	1	3	0	0	607
8690	2	1	0	619	0	622
8691	612	1	0	2	0	615
8692	3	624	1	1	0	629
8693	624	3	0	3	0	630
8694	630	0	1	2	0	633
8695	3	0	645	1	0	649
8696	1	1	628	0	0	630
8697	0	616	2	2	0	620
8698	2	2	3	603	0	610
8699	616	0	4	3	0	623
8700	3	1	0	624	0	628
8701	0	1	0	634	0	635
8702	2	1	627	2	0	632
8703	615	0	2	2	0	619
8704	3	0	0	644	0	647
8705	1	1	639	2	0	643
8706	1	0	631	1	0	633
8707	0	2	3	631	0	636
8708	2	1	640	2	0	645
8709	1	1	640	1	0	643
8710	0	2	2	600	0	604
8711	0	0	660	2	0	662
8712	0	0	2	646	0	648
8713	0	649	1	2	0	652
8714	673	2	0	0	0	675
8715	2	696	0	0	0	698
8716	0	2	0	687	0	689
8717	0	724	0	3	0	727
8718	1	2	748	1	0	752
8719	0	0	2	868	0	870
8720	0	1	1000	3	0	1004
8721	979	0	5	2	0	986
8722	4	1053	2	0	0	1059
8723	1051	3	0	0	0	1054
8724	3	2	0	1040	0	1045
8725	1047	0	1	3	0	1051
8726	4	0	1050	2	0	1056
8727	3	1050	3	0	0	1056
8728	1028	3	2	0	0	1033
8729	3	2	0	972	0	977
8730	2	1029	0	5	0	1036
8731	1	3	0	1039	0	1043
8732	1032	2	0	4	0	1038
8733	4	1115	0	2	0	1121
8734	1118	3	1	0	0	1122
8735	3	2	1108	0	0	1113
8736	1101	0	3	0	0	1104
8737	3	0	4	1100	0	1107
8738	1083	0	0	4	0	1087
8739	3	1098	1	4	0	1106
8740	3	3	0	1091	0	1097
8741	1	3	0	1099	0	1103
8742	1	0	1086	5	0	1092
8743	1	0	3	1061	0	1065
8744	1	1	2	1082	0	1086
8745	0	0	1	1085	0	1086
8746	1	1	0	1089	0	1091
8747	1	0	1087	6	0	1094
8748	0	1041	3	4	0	1048
8749	0	4	3	1033	0	1040
8750	1035	2	0	4	0	1041
8751	1028	0	0	3	0	1031
8752	5	1037	1	0	0	1043
8753	1022	3	1	0	0	1026
8754	1019	2	1	2	0	1024
8755	1008	0	2	1	0	1011
8756	5	1012	0	1	0	1018
8757	959	3	0	1	0	963
8758	3	6	0	938	0	947
8759	2	0	942	4	0	948
8760	0	933	2	3	0	938
8761	1	4	3	913	0	921
8762	0	2	909	3	0	914
8763	883	0	3	3	0	889
8764	2	0	2	902	0	906
8765	2	1	0	898	0	901
8766	1	0	1	873	0	875
8767	0	1	1	876	0	878
8768	2	0	864	5	0	871
8769	799	0	3	2	0	804
8770	2	855	2	0	0	859
8771	848	3	0	0	0	851
8772	3	852	0	4	0	859
8773	853	3	0	0	0	856
8774	2	2	0	846	0	850
8775	3	1	850	3	0	857
8776	1	1	839	2	0	843
8777	2	4	4	818	0	828
8778	0	1	4	821	0	826
8779	2	1	0	825	0	828
8780	808	0	0	7	0	815
8781	4	0	819	6	0	829
8782	3	819	3	0	0	825
8783	0	825	2	2	0	829
8784	801	4	0	1	0	806
8785	2	2	809	2	0	815
8786	2	796	2	3	0	803
8787	3	1	780	2	0	786
8788	1	2	1	776	0	780
8789	1	2	779	2	0	784
8790	2	0	771	2	0	775
8791	0	3	5	766	0	774
8792	3	0	758	2	0	763
8793	2	0	752	4	0	758
8794	2	1	4	721	0	728
8795	725	2	3	2	0	732
8796	3	0	717	4	0	724
8797	3	1	2	710	0	716
8798	2	0	4	708	0	714
8799	703	1	1	4	0	709
8800	3	0	1	702	0	706
8801	691	1	0	3	0	695
8802	2	696	1	3	0	702
8803	4	3	1	686	0	694
8804	684	5	2	2	0	693
8805	680	1	1	6	0	688
8806	7	0	2	682	0	691
8807	5	0	676	4	0	685
8808	649	1	3	6	0	659
8809	2	669	5	1	0	677
8810	661	1	0	3	0	665
8811	642	4	3	0	0	649
8812	650	2	1	0	0	653
8813	6	1	649	3	0	659
8814	7	633	1	1	0	642
8815	1	6	6	601	0	614
8816	1	11	2	598	0	612
8817	2	0	583	8	0	593
8818	1	549	3	4	0	557
8819	1	398	4	0	0	403
8820	0	280	2	0	0	282
8821	234	2	10	0	0	246
8822	3	2	0	214	0	219
8823	2	0	0	211	0	213
8824	0	0	214	2	0	216
8825	208	0	0	3	0	211
8826	0	0	2	213	0	215
8827	3	1	0	211	0	215
8828	1	0	213	2	0	216
8829	0	216	0	2	0	218
8830	0	5	2	210	0	217
8831	0	2	212	0	0	214
8832	0	189	2	4	0	195
8833	132	0	3	0	0	135
8834	0	2	143	0	0	145
8835	2	0	0	132	0	134
8836	0	138	2	0	0	140
8837	136	0	1	2	0	139
8838	0	2	0	136	0	138
8839	135	1	0	0	0	136
8840	133	0	0	2	0	135
8841	2	132	0	0	0	134
8842	135	0	0	0	0	135
8843	139	2	0	0	0	141
8844	2	0	142	0	0	144
8845	142	0	0	0	0	142
8846	0	0	144	0	0	144
8847	140	0	0	0	0	140
8848	139	0	2	0	0	141
8849	2	0	147	0	0	149
8850	2	0	0	140	0	142
8851	0	0	149	0	0	149
8852	0	0	147	2	0	149
8853	0	0	167	0	0	167
8854	0	0	2	162	0	164
8855	0	0	2	179	0	181
8856	0	0	0	182	0	182
8857	0	0	0	192	0	192
8858	0	0	200	2	0	202
8859	0	0	0	206	0	206
8860	0	206	2	0	0	208
8861	0	0	215	3	0	218
8862	0	3	0	214	0	217
8863	0	0	222	0	0	222
8864	0	220	0	3	0	223
8865	0	220	3	0	0	223
8866	0	3	0	223	0	226
8867	0	3	221	0	0	224
8868	0	0	225	3	0	228
8869	0	0	3	225	0	228
8870	0	0	3	222	0	225
8871	0	0	0	229	0	229
8872	0	0	222	7	0	229
8873	0	226	0	3	0	229
8874	0	226	3	0	0	229
8875	0	3	0	228	0	231
8876	0	3	221	0	0	224
8877	1	0	226	3	0	230
8878	0	229	4	0	0	233
8879	238	0	3	0	0	241
8880	0	241	0	0	0	241
8881	3	0	252	0	0	255
8882	243	3	0	0	0	246
8883	0	0	3	254	0	257
8884	271	0	0	0	0	271
8885	0	0	0	269	0	269
8886	3	0	0	268	0	271
8887	271	0	0	3	0	274
8888	0	279	0	3	0	282
8889	3	0	279	0	0	282
8890	0	285	0	0	0	285
8891	280	0	3	0	0	283
8892	0	286	0	1	0	287
8893	289	1	0	0	0	290
8894	288	3	0	0	0	291
8895	4	286	0	1	0	291
8896	3	1	0	279	0	283
8897	280	3	1	1	0	285
8898	280	1	0	3	0	284
8899	4	0	0	277	0	281
8900	2	0	276	1	0	279
8901	0	1	282	2	0	285
8902	1	0	2	275	0	278
8903	0	0	278	1	0	279
8904	266	0	0	2	0	268
8905	1	279	1	0	0	281
8906	3	1	1	274	0	279
8907	0	1	0	279	0	280
8908	1	0	0	279	0	280
8909	1	0	0	275	0	276
8910	0	1	0	275	0	276
8911	1	0	276	2	0	279
8912	1	272	1	1	0	275
8913	270	1	2	0	0	273
8914	2	1	0	268	0	271
8915	1	0	1	271	0	273
8916	1	0	0	274	0	275
8917	1	269	0	6	0	276
8918	0	1	1	279	0	281
8919	0	1	0	279	0	280
8920	272	0	1	2	0	275
8921	1	271	1	1	0	274
8922	1	274	1	0	0	276
8923	0	2	0	277	0	279
8924	274	1	0	2	0	277
8925	1	0	277	2	0	280
8926	269	0	1	0	0	270
8927	3	0	296	1	0	300
8928	1	1	1	295	0	298
8929	0	0	2	297	0	299
8930	0	0	0	296	0	296
8931	0	0	1	290	0	291
8932	0	1	0	292	0	293
8933	287	1	0	2	0	290
8934	1	0	286	1	0	288
8935	1	0	2	288	0	291
8936	0	0	299	1	0	300
8937	0	299	1	2	0	302
8938	295	1	1	1	0	298
8939	1	1	315	1	0	318
8940	1	0	2	317	0	320
8941	0	1	1	323	0	325
8942	0	1	324	2	0	327
8943	0	0	325	2	0	327
8944	0	0	3	306	0	309
8945	319	0	2	1	0	322
8946	320	1	0	2	0	323
8947	3	322	0	0	0	325
8948	323	1	0	0	0	324
8949	0	1	1	314	0	316
8950	2	335	0	1	0	338
8951	0	0	0	331	0	331
8952	1	1	342	1	0	345
8953	0	0	1	322	0	323
8954	0	0	1	329	0	330
8955	308	0	0	2	0	310
8956	1	308	0	1	0	310
8957	304	1	1	0	0	306
8958	1	302	0	0	0	303
8959	286	1	0	0	0	287
8960	1	289	1	0	0	291
8961	0	284	0	0	0	284
8962	289	1	0	0	0	290
8963	1	0	0	283	0	284
8964	0	289	0	2	0	291
8965	291	1	0	0	0	292
8966	287	0	0	0	0	287
8967	292	0	0	0	0	292
8968	289	0	0	0	0	289
8969	1	295	0	0	0	296
8970	0	1	0	302	0	303
8971	0	0	0	308	0	308
8972	312	0	0	1	0	313
8973	1	0	0	309	0	310
8974	310	0	0	2	0	312
8975	1	1	309	0	0	311
8976	304	0	1	0	0	305
8977	1	0	314	0	0	315
8978	0	2	4	303	0	309
8979	305	0	0	1	0	306
8980	1	306	0	0	0	307
8981	276	1	0	0	0	277
8982	1	284	0	0	0	285
8983	0	7	0	283	0	290
8984	0	0	281	1	0	282
8985	267	0	2	0	0	269
8986	1	286	0	0	0	287
8987	0	5	0	282	0	287
8988	0	0	0	288	0	288
8989	0	0	0	287	0	287
8990	0	0	294	1	0	295
8991	0	296	1	0	0	297
8992	292	0	0	0	0	292
8993	287	0	0	0	0	287
8994	0	291	0	0	0	291
8995	302	0	0	0	0	302
8996	0	1	0	301	0	302
8997	0	308	0	0	0	308
8998	305	0	0	0	0	305
8999	0	0	306	0	0	306
9000	0	309	0	0	0	309
9001	1	0	0	304	0	305
9002	0	0	0	308	0	308
9003	0	0	309	0	0	309
9004	0	0	0	305	0	305
9005	1	0	311	0	0	312
9006	0	0	0	308	0	308
9007	0	0	0	312	0	312
9008	0	0	0	312	0	312
9009	0	0	0	316	0	316
9010	0	0	320	0	0	320
9011	0	0	344	0	0	344
9012	0	375	0	0	0	375
9013	0	2	0	396	0	398
9014	0	1	414	2	0	417
9015	0	409	3	2	0	414
9016	0	3	0	421	0	424
9017	2	2	441	1	0	446
9018	415	0	4	1	0	420
9019	461	0	0	0	0	461
9020	5	0	1	461	0	467
9021	0	4	455	4	0	463
9022	0	0	5	449	0	454
9023	454	0	2	5	0	461
9024	4	469	0	0	0	473
9025	473	5	0	0	0	478
9026	480	0	0	1	0	481
9027	4	0	1	462	0	467
9028	0	0	0	471	0	471
9029	1	0	0	469	0	470
9030	0	1	0	469	0	470
9031	1	0	0	470	0	471
9032	466	0	0	4	0	470
9033	470	0	0	1	0	471
9034	461	0	0	1	0	462
9035	5	0	457	1	0	463
9036	441	0	3	1	0	445
9037	5	0	0	453	0	458
9038	1	0	458	4	0	463
9039	1	447	5	0	0	453
9040	1	7	0	441	0	449
9041	0	0	0	443	0	443
9042	1	449	0	5	0	455
9043	0	5	0	467	0	472
9044	0	0	470	5	0	475
9045	0	1	478	0	0	479
9046	0	0	6	477	0	483
9047	475	0	2	8	0	485
9048	473	1	1	0	0	475
9049	6	0	476	1	0	483
9050	1	460	7	2	0	470
9051	0	465	1	2	0	468
9052	443	6	2	1	0	452
9053	7	0	449	1	0	457
9054	1	0	6	448	0	455
9055	445	0	1	5	0	451
9056	7	448	0	0	0	455
9057	1	454	0	0	0	455
9058	445	6	0	1	0	452
9059	5	0	1	447	0	453
9060	468	0	0	7	0	475
9061	7	0	0	532	0	539
9062	0	0	0	541	0	541
9063	1	1	546	7	0	555
9064	2	0	6	556	0	564
9065	0	0	1	570	0	571
9066	575	0	2	7	0	584
9067	6	0	0	585	0	591
9068	1	0	585	9	0	595
9069	574	0	8	1	0	583
9070	5	1	1	578	0	585
9071	575	0	1	8	0	584
9072	7	572	0	2	0	581
9073	1	584	0	1	0	586
9074	577	7	1	1	0	586
9075	573	1	1	0	0	575
9076	6	1	1	571	0	579
9077	3	0	566	6	0	575
9078	2	1	5	568	0	576
9079	563	1	1	8	0	573
9080	6	566	2	1	0	575
9081	2	7	0	559	0	568
9082	570	2	0	8	0	580
9083	7	1	568	1	0	577
9084	558	0	7	3	0	568
9085	570	0	1	2	0	573
9086	8	1	561	0	0	570
9087	2	1	566	1	0	570
9088	2	1	8	549	0	560
9089	1	0	3	547	0	551
9090	1	560	0	6	0	567
9091	3	6	0	556	0	565
9092	1	2	564	8	0	575
9093	0	2	7	569	0	578
9094	1	0	3	587	0	591
9095	1	0	573	10	0	584
9096	0	574	6	5	0	585
9097	2	6	2	571	0	581
9098	0	1	2	583	0	586
9099	579	1	2	8	0	590
9100	7	1	0	568	0	576
9101	1	1	569	10	0	581
9102	563	1	6	1	0	571
9103	566	2	2	2	0	572
9104	567	2	1	0	0	570
9105	10	1	554	0	0	565
9106	4	0	7	549	0	560
9107	1	0	3	559	0	563
9108	1	0	2	561	0	564
9109	554	0	0	10	0	564
9110	7	547	0	2	0	556
9111	1	8	509	2	0	520
9112	1	492	5	2	0	500
9113	2	478	1	2	0	483
9114	0	461	3	1	0	465
9115	2	7	1	456	0	466
9116	2	3	445	5	0	455
9117	408	2	3	2	0	415
9118	2	429	3	1	0	435
9119	408	1	1	1	0	411
9120	1	432	0	1	0	434
9121	434	3	1	0	0	438
9122	1	436	1	2	0	440
9123	2	2	464	0	0	468
9124	2	1	1	456	0	460
9125	0	1	3	466	0	470
9126	463	0	2	3	0	468
9127	1	1	0	492	0	494
9128	2	2	493	5	0	502
9129	2	0	2	495	0	499
9130	1	1	496	3	0	501
9131	0	491	4	3	0	498
9132	0	2	3	466	0	471
9133	1	496	1	1	0	499
9134	500	4	0	2	0	506
9135	3	2	0	494	0	499
9136	2	1	498	2	0	503
9137	1	0	488	3	0	492
9138	477	1	6	2	0	486
9139	3	0	3	482	0	488
9140	2	1	482	2	0	487
9141	2	1	468	2	0	473
9142	0	469	5	0	0	474
9143	0	9	4	415	0	428
9144	0	455	1	2	0	458
9145	0	2	0	453	0	455
9146	454	2	0	2	0	458
9147	1	1	1	456	0	459
9148	3	0	1	454	0	458
9149	467	0	0	5	0	472
9150	2	0	2	492	0	496
9151	5	3	0	484	0	492
9152	2	517	0	6	0	525
9153	516	3	0	5	0	524
9154	509	4	0	3	0	516
9155	5	1	0	513	0	519
9156	5	0	2	514	0	521
9157	2	0	2	513	0	517
9158	1	506	1	6	0	514
9159	0	511	1	6	0	518
9160	0	5	1	482	0	488
9161	405	3	1	1	0	410
9162	404	1	0	3	0	408
9163	4	404	0	1	0	409
9164	381	2	0	0	0	383
9165	1	373	0	1	0	375
9166	4	360	0	0	0	364
9167	6	5	1	349	0	361
9168	350	3	0	2	0	355
9169	2	347	0	3	0	352
9170	3	347	0	1	0	351
9171	0	4	0	346	0	350
9172	0	4	0	350	0	354
9173	1	0	344	4	0	349
9174	339	0	1	3	0	343
9175	343	0	3	1	0	347
9176	4	0	344	1	0	349
9177	3	0	341	0	0	344
9178	0	1	4	343	0	348
9179	0	1	3	350	0	354
9180	0	351	0	4	0	355
9181	1	1	0	359	0	361
9182	1	4	351	1	0	357
9183	0	1	1	350	0	352
9184	1	0	3	347	0	351
9185	339	1	0	4	0	344
9186	1	1	335	7	0	344
9187	329	0	1	2	0	332
9188	2	0	332	0	0	334
9189	3	1	1	321	0	326
9190	0	1	322	1	0	324
9191	0	0	318	4	0	322
9192	1	6	4	305	0	316
9193	300	0	7	1	0	308
9194	292	0	0	3	0	295
9195	5	294	0	0	0	299
9196	289	1	1	2	0	293
9197	290	3	1	0	0	294
9198	4	292	0	0	0	296
9199	3	1	0	294	0	298
9200	0	4	0	293	0	297
9201	0	0	0	297	0	297
9202	0	0	1	294	0	295
9203	0	0	293	5	0	298
9204	282	0	1	4	0	287
9205	2	0	3	292	0	297
9206	3	0	1	283	0	287
9207	1	293	0	3	0	297
9208	0	1	1	295	0	297
9209	0	3	296	2	0	301
9210	281	0	2	4	0	287
9211	1	0	303	0	0	304
9212	3	0	3	282	0	288
9213	282	0	3	1	0	286
9214	2	280	1	3	0	286
9215	3	2	0	296	0	301
9216	0	3	299	1	0	303
9217	1	0	1	294	0	296
9218	293	1	3	1	0	298
9219	1	0	294	4	0	299
9220	3	0	278	1	0	282
9221	0	270	5	3	0	278
9222	261	1	8	1	0	271
9223	1	248	1	0	0	250
9224	2	0	234	0	0	236
9225	0	2	220	0	0	222
9226	0	221	4	0	0	225
9227	191	0	2	0	0	193
9228	0	192	0	0	0	192
9229	2	0	0	186	0	188
9230	0	2	0	190	0	192
9231	0	0	193	2	0	195
9232	0	0	0	192	0	192
9233	0	0	196	0	0	196
9234	189	0	0	2	0	191
9235	192	0	2	0	0	194
9236	192	0	0	0	0	192
9237	2	0	190	0	0	192
9238	190	0	0	0	0	190
9239	1	0	2	182	0	185
9240	2	190	0	2	0	194
9241	191	0	0	2	0	193
9242	0	2	191	0	0	193
9243	186	0	0	0	0	186
9244	181	0	2	0	0	183
9245	2	0	173	0	0	175
9246	2	174	0	0	0	176
9247	1	1	2	171	0	175
9248	0	1	174	0	0	175
9249	0	2	154	0	0	156
9250	1	4	1	124	0	130
9251	0	0	120	0	0	120
9252	0	0	0	106	0	106
9253	0	0	0	106	0	106
9254	0	0	0	106	0	106
9255	0	0	107	0	0	107
9256	0	0	0	106	0	106
9257	0	0	106	0	0	106
9258	0	0	0	107	0	107
9259	111	0	0	0	0	111
9260	0	0	0	112	0	112
9261	0	112	0	0	0	112
9262	0	0	0	119	0	119
9263	118	0	0	0	0	118
9264	0	118	0	0	0	118
9265	0	0	0	118	0	118
9266	118	0	0	0	0	118
9267	0	0	120	0	0	120
9268	0	0	0	117	0	117
9269	0	0	119	0	0	119
9270	0	0	119	0	0	119
9271	0	0	0	117	0	117
9272	119	0	0	0	0	119
9273	0	0	119	0	0	119
9274	116	0	0	0	0	116
9275	0	0	0	116	0	116
9276	0	0	115	0	0	115
9277	0	0	117	0	0	117
9278	0	0	115	0	0	115
9279	0	0	0	99	0	99
9280	99	1	2	0	0	102
9281	0	97	0	0	0	97
9282	0	0	0	102	0	102
9283	0	0	0	101	0	101
9284	101	0	0	0	0	101
9285	102	0	0	0	0	102
9286	0	103	0	0	0	103
9287	103	0	0	0	0	103
9288	103	0	0	0	0	103
9289	0	0	0	102	0	102
9290	0	0	110	0	0	110
9291	106	0	0	0	0	106
9292	0	0	0	116	0	116
9293	0	0	0	117	0	117
9294	115	0	0	0	0	115
9295	0	0	0	111	0	111
9296	0	0	0	112	0	112
9297	108	0	0	0	0	108
9298	0	114	0	0	0	114
9299	112	0	0	0	0	112
9300	0	0	118	0	0	118
9301	113	0	0	0	0	113
9302	0	0	0	118	0	118
9303	0	119	0	0	0	119
9304	0	0	0	118	0	118
9305	1	0	0	117	0	118
9306	0	1	0	118	0	119
9307	115	0	0	0	0	115
9308	1	114	0	0	0	115
9309	0	113	1	0	0	114
9310	111	0	0	0	0	111
9311	0	0	116	0	0	116
9312	0	0	115	0	0	115
9313	106	1	0	2	0	109
9314	4	0	111	0	0	115
9315	0	0	1	109	0	110
9316	1	0	0	106	0	107
9317	0	0	0	110	0	110
9318	0	0	1	112	0	113
9319	0	110	1	0	0	111
9320	0	0	1	111	0	112
9321	0	0	111	1	0	112
9322	1	0	0	108	0	109
9323	0	1	106	0	0	107
9324	0	0	105	1	0	106
9325	0	0	0	104	0	104
9326	1	0	106	0	0	107
9327	1	0	0	106	0	107
9328	102	1	0	0	0	103
9329	3	0	100	0	0	103
9330	94	0	0	0	0	94
9331	0	0	0	97	0	97
9332	0	1	96	0	0	97
9333	1	94	0	0	0	95
9334	0	0	0	103	0	103
9335	0	0	112	1	0	113
9336	2	0	0	111	0	113
9337	114	0	0	1	0	115
9338	114	0	0	1	0	115
9339	124	0	0	0	0	124
9340	0	1	0	132	0	133
9341	1	0	0	136	0	137
9342	0	0	1	136	0	137
9343	142	0	0	0	0	142
9344	0	144	0	1	0	145
9345	0	1	0	146	0	147
9346	0	0	0	146	0	146
9347	146	0	0	1	0	147
9348	0	149	0	1	0	150
9349	1	0	0	157	0	158
9350	160	0	0	1	0	161
9351	160	1	0	0	0	161
9352	2	0	0	159	0	161
9353	159	0	1	1	0	161
9354	1	0	1	163	0	165
9355	1	0	172	2	0	175
9356	0	0	2	172	0	174
9357	0	0	0	175	0	175
9358	0	0	0	174	0	174
9359	168	0	0	2	0	170
9360	1	165	0	2	0	168
9361	162	1	0	1	0	164
9362	1	163	0	0	0	164
9363	0	163	0	1	0	164
9364	159	1	1	0	0	161
9365	1	166	0	1	0	168
9366	0	1	1	163	0	165
9367	163	0	1	0	0	164
9368	167	0	0	1	0	168
9369	1	0	1	167	0	169
9370	0	0	0	162	0	162
9371	1	168	0	1	0	170
9372	167	1	1	0	0	169
9373	165	0	0	0	0	165
9374	0	170	1	1	0	172
9375	0	177	1	0	0	178
9376	0	1	0	181	0	182
9377	181	0	0	2	0	183
9378	0	0	1	178	0	179
9379	0	0	0	183	0	183
9380	1	0	179	1	0	181
9381	1	0	182	0	0	183
9382	1	0	1	175	0	177
9383	0	1	179	2	0	182
9384	0	180	1	1	0	182
9385	0	1	0	179	0	180
9386	0	0	0	180	0	180
9387	0	2	0	182	0	184
9388	0	0	183	2	0	185
9389	0	0	183	1	0	184
9390	171	0	2	0	0	173
9391	1	181	0	0	0	182
9392	175	1	0	1	0	177
9393	2	0	0	175	0	177
9394	176	0	0	0	0	176
9395	1	0	0	175	0	176
9396	1	176	0	1	0	178
9397	181	1	0	1	0	183
9398	0	0	178	0	0	178
9399	0	179	1	1	0	181
9400	170	2	1	1	0	174
9401	0	0	1	171	0	172
9402	2	169	0	1	0	172
9403	1	2	0	170	0	173
9404	174	0	0	2	0	176
9405	2	1	0	175	0	178
9406	169	1	0	2	0	172
9407	2	0	170	0	0	172
9408	0	1	0	173	0	174
9409	167	0	0	3	0	170
9410	2	0	170	1	0	173
9411	2	163	1	0	0	166
9412	0	2	0	164	0	166
9413	1	0	161	1	0	163
9414	0	2	154	0	0	156
9415	0	1	1	151	0	153
9416	0	0	151	1	0	152
9417	0	1	152	0	0	153
9418	0	0	1	149	0	150
9419	150	0	0	1	0	151
9420	2	0	0	149	0	151
9421	0	0	0	152	0	152
9422	0	0	152	2	0	154
9423	0	0	1	155	0	156
9424	152	0	0	1	0	153
9425	2	0	157	0	0	159
9426	0	158	1	0	0	159
9427	0	1	0	159	0	160
9428	159	0	0	2	0	161
9429	2	0	0	157	0	159
9430	0	164	0	1	0	165
9431	0	1	164	1	0	166
9432	0	0	2	166	0	168
9433	186	0	1	1	0	188
9434	1	0	187	1	0	189
9435	0	0	2	188	0	190
9436	199	1	0	1	0	201
9437	218	0	0	1	0	219
9438	2	220	0	1	0	223
9439	211	1	0	1	0	213
9440	1	1	1	204	0	207
9441	0	0	208	1	0	209
9442	1	204	1	1	0	207
9443	0	206	0	0	0	206
9444	1	4	0	197	0	202
9445	0	2	0	201	0	203
9446	1	0	197	2	0	200
9447	0	197	1	2	0	200
9448	0	196	1	0	0	197
9449	0	2	0	183	0	185
9450	175	0	0	0	0	175
9451	0	181	0	1	0	182
9452	1	0	0	180	0	181
9453	184	1	0	0	0	185
9454	0	0	0	186	0	186
9455	1	0	0	180	0	181
9456	0	0	0	179	0	179
9457	0	0	0	182	0	182
9458	177	0	0	1	0	178
9459	0	0	0	183	0	183
9460	1	0	179	0	0	180
9461	178	0	0	1	0	179
9462	0	0	181	0	0	181
9463	1	0	187	0	0	188
9464	0	0	1	187	0	188
9465	0	0	1	182	0	183
9466	0	0	0	185	0	185
9467	182	0	0	1	0	183
9468	0	0	184	1	0	185
9469	185	0	0	0	0	185
9470	184	0	1	0	0	185
9471	1	0	194	0	0	195
9472	192	0	0	0	0	192
9473	0	0	194	0	0	194
9474	1	193	0	0	0	194
9475	0	0	1	192	0	193
9476	0	1	0	189	0	190
9477	1	0	0	184	0	185
9478	0	0	0	186	0	186
9479	0	0	189	1	0	190
9480	0	0	189	1	0	190
9481	0	0	1	191	0	192
9482	0	0	192	0	0	192
9483	181	0	0	1	0	182
9484	187	0	1	0	0	188
9485	1	0	0	187	0	188
9486	188	0	0	0	0	188
9487	0	189	1	1	0	191
9488	190	0	0	0	0	190
9489	0	1	193	0	0	194
9490	1	0	0	189	0	190
9491	0	196	1	1	0	198
9492	202	0	0	0	0	202
9493	0	1	0	202	0	203
9494	0	0	205	0	0	205
9495	0	0	0	205	0	205
9496	202	0	1	0	0	203
9497	0	0	208	1	0	209
9498	1	0	0	208	0	209
9499	0	0	1	211	0	212
9500	1	0	215	1	0	217
9501	0	214	0	0	0	214
9502	0	211	1	0	0	212
9503	0	1	0	215	0	216
9504	0	1	0	214	0	215
9505	0	0	0	218	0	218
9506	216	0	0	1	0	217
9507	218	0	0	1	0	219
9508	1	0	0	220	0	221
9509	223	0	0	0	0	223
9510	0	230	0	1	0	231
9511	1	0	0	233	0	234
9512	0	1	0	233	0	234
9513	0	0	0	235	0	235
9514	235	0	0	1	0	236
9515	0	234	0	1	0	235
9516	1	0	0	238	0	239
9517	240	1	0	0	0	241
9518	0	0	0	240	0	240
9519	1	0	0	240	0	241
9520	0	237	0	1	0	238
9521	0	244	0	1	0	245
9522	0	1	0	242	0	243
9523	0	1	0	239	0	240
9524	239	0	0	1	0	240
9525	0	0	0	240	0	240
9526	1	0	236	0	0	237
9527	0	0	0	230	0	230
9528	0	237	1	0	0	238
9529	244	0	0	1	0	245
9530	0	1	0	240	0	241
9531	1	0	0	238	0	239
9532	0	240	0	1	0	241
9533	214	0	0	1	0	215
9534	0	225	0	0	0	225
9535	0	0	0	214	0	214
9536	0	0	215	0	0	215
9537	0	3	0	182	0	185
9538	185	0	0	0	0	185
9539	1	190	0	0	0	191
9540	0	0	0	189	0	189
9541	0	186	0	1	0	187
9542	0	0	0	187	0	187
9543	0	0	188	0	0	188
9544	0	0	0	187	0	187
9545	0	0	0	187	0	187
9546	0	0	0	188	0	188
9547	189	0	0	0	0	189
9548	186	0	0	0	0	186
9549	0	191	0	0	0	191
9550	190	0	0	0	0	190
9551	0	188	0	0	0	188
9552	0	187	0	0	0	187
9553	182	0	0	0	0	182
9554	0	0	185	0	0	185
9555	0	0	0	180	0	180
9556	0	0	0	186	0	186
9557	0	0	0	188	0	188
9558	185	0	0	0	0	185
9559	0	190	0	0	0	190
9560	0	0	0	188	0	188
9561	0	194	0	0	0	194
9562	202	1	0	0	0	203
9563	1	1	0	199	0	201
9564	1	0	0	252	0	253
9565	0	276	0	3	0	279
9566	0	2	0	290	0	292
9567	0	2	0	291	0	293
9568	289	0	0	4	0	293
9569	2	292	0	0	0	294
9570	2	305	1	0	0	308
9571	0	4	0	297	0	301
9572	0	1	290	2	0	293
9573	0	0	289	2	0	291
9574	0	1	4	284	0	289
9575	0	0	289	2	0	291
9576	0	0	2	290	0	292
9577	0	0	2	285	0	287
9578	0	0	0	293	0	293
9579	283	0	0	4	0	287
9580	2	0	0	285	0	287
9581	3	0	0	279	0	282
9582	0	279	0	5	0	284
9583	0	1	0	286	0	287
9584	0	2	282	2	0	286
9585	0	0	2	287	0	289
9586	0	0	2	289	0	291
9587	280	0	0	4	0	284
9588	2	1	0	283	0	286
9589	2	1	0	273	0	276
9590	0	0	0	275	0	275
9591	257	0	1	4	0	262
9592	1	263	1	2	0	267
9593	2	2	0	263	0	267
9594	0	2	1	263	0	266
9595	0	0	256	5	0	261
9596	0	0	2	261	0	263
9597	242	0	1	3	0	246
9598	2	247	0	2	0	251
9599	1	2	0	243	0	246
9600	0	2	0	240	0	242
9601	0	1	240	3	0	244
9602	230	0	2	3	0	235
9603	2	239	3	0	0	244
9604	240	2	0	1	0	243
9605	2	2	0	237	0	241
9606	3	0	0	240	0	243
9607	0	0	0	239	0	239
9608	1	0	0	242	0	243
9609	233	1	0	5	0	239
9610	2	1	0	223	0	226
9611	2	220	0	3	0	225
9612	0	2	1	224	0	227
9613	0	2	1	224	0	227
9614	220	0	1	5	0	226
9615	2	221	0	3	0	226
9616	3	2	0	220	0	225
9617	216	3	0	3	0	222
9618	217	0	0	3	0	220
9619	5	0	0	217	0	222
9620	2	0	218	3	0	223
9621	216	0	2	3	0	221
9622	2	2	2	218	0	224
9623	2	0	221	3	0	226
9624	0	0	2	223	0	225
9625	0	0	2	226	0	228
9626	0	0	0	228	0	228
9627	1	224	0	5	0	230
9628	1	1	0	226	0	228
9629	0	3	0	224	0	227
9630	0	1	0	226	0	227
9631	0	0	0	227	0	227
9632	0	1	0	229	0	230
9633	1	0	0	228	0	229
9634	206	1	0	5	0	212
9635	2	0	204	3	0	209
9636	3	199	2	1	0	205
9637	200	2	2	0	0	204
9638	2	203	0	1	0	206
9639	198	1	1	1	0	201
9640	3	2	0	197	0	202
9641	200	0	1	3	0	204
9642	3	0	1	198	0	202
9643	2	1	0	187	0	190
9644	1	195	0	4	0	200
9645	196	2	0	4	0	202
9646	2	2	202	1	0	207
9647	2	0	2	204	0	208
9648	0	0	207	4	0	211
9649	1	0	204	3	0	208
9650	202	0	4	1	0	207
9651	2	1	2	208	0	213
9652	2	0	207	4	0	213
9653	1	0	212	3	0	216
9654	1	0	5	204	0	210
9655	0	2	2	212	0	216
9656	211	0	0	4	0	215
9657	3	1	0	210	0	214
9658	4	0	219	2	0	225
9659	0	0	2	222	0	224
9660	1	1	3	212	0	217
9661	0	218	0	3	0	221
9662	208	1	0	2	0	211
9663	1	209	1	0	0	211
9664	158	0	0	1	0	159
9665	0	126	0	0	0	126
9666	0	115	0	0	0	115
9667	0	0	3	111	0	114
9668	0	0	0	111	0	111
9669	0	1	0	109	0	110
9670	104	0	0	0	0	104
9671	0	0	103	0	0	103
9672	0	0	0	102	0	102
9673	103	0	0	0	0	103
9674	0	105	0	0	0	105
9675	0	101	0	0	0	101
9676	0	0	0	105	0	105
9677	0	0	0	105	0	105
9678	0	0	0	104	0	104
9679	0	106	0	0	0	106
9680	0	0	0	107	0	107
9681	0	1	106	0	0	107
9682	0	0	103	0	0	103
9683	104	0	0	0	0	104
9684	0	0	0	107	0	107
9685	106	0	0	0	0	106
9686	107	0	0	0	0	107
9687	0	105	0	0	0	105
9688	105	0	0	0	0	105
9689	110	0	0	0	0	110
9690	0	0	0	111	0	111
9691	0	0	0	113	0	113
9692	0	0	119	0	0	119
9693	0	121	0	0	0	121
9694	0	0	0	121	0	121
9695	0	0	0	123	0	123
9696	123	0	0	0	0	123
9697	0	0	0	123	0	123
9698	124	0	0	0	0	124
9699	0	0	0	128	0	128
9700	0	129	0	0	0	129
9701	128	0	0	0	0	128
9702	0	0	0	158	0	158
9703	0	0	0	174	0	174
9704	0	0	0	188	0	188
9705	0	0	189	1	0	190
9706	0	0	0	191	0	191
9707	189	0	1	0	0	190
9708	0	0	0	197	0	197
9709	1	0	0	222	0	223
9710	0	0	0	225	0	225
9711	1	225	0	2	0	228
9712	0	232	0	1	0	233
9713	235	2	0	0	0	237
9714	0	239	0	0	0	239
9715	237	1	0	0	0	238
9716	237	1	0	0	0	238
9717	238	0	0	0	0	238
9718	2	0	237	0	0	239
9719	1	236	1	0	0	238
9720	236	1	1	0	0	238
9721	0	1	0	240	0	241
9722	1	0	0	239	0	240
9723	0	0	0	237	0	237
9724	0	232	0	4	0	236
9725	0	1	0	234	0	235
9726	226	1	0	1	0	228
9727	1	0	0	228	0	229
9728	1	0	0	226	0	227
9729	0	0	225	2	0	227
9730	0	0	229	1	0	230
9731	0	0	2	229	0	231
9732	0	0	1	226	0	227
9733	0	228	0	2	0	230
9734	0	1	0	227	0	228
9735	0	1	0	227	0	228
9736	0	0	0	229	0	229
9737	225	0	0	2	0	227
9738	1	0	227	1	0	229
9739	1	0	1	226	0	228
9740	226	0	1	1	0	228
9741	225	0	0	1	0	226
9742	2	0	0	223	0	225
9743	1	0	0	225	0	226
9744	221	0	0	3	0	224
9745	1	224	0	2	0	227
9746	1	222	1	0	0	224
9747	0	2	0	221	0	223
9748	227	1	0	1	0	229
9749	226	0	0	2	0	228
9750	229	0	0	1	0	230
9751	2	0	231	1	0	234
9752	230	1	1	0	0	232
9753	1	0	229	0	0	230
9754	225	0	1	0	0	226
9755	0	226	1	0	0	227
9756	2	1	225	1	0	229
9757	1	1	1	225	0	228
9758	2	1	220	1	0	224
9759	0	1	2	217	0	220
9760	219	1	1	1	0	222
9761	2	1	220	1	0	224
9762	2	0	1	218	0	221
9763	1	230	1	2	0	234
9764	1	1	0	229	0	231
9765	0	2	1	228	0	231
9766	0	1	0	226	0	227
9767	226	0	0	2	0	228
9768	225	0	0	3	0	228
9769	2	0	0	226	0	228
9770	1	0	225	2	0	228
9771	0	1	227	1	0	229
9772	0	0	2	224	0	226
9773	1	1	235	2	0	239
9774	0	1	1	234	0	236
9775	0	0	1	234	0	235
9776	0	0	1	233	0	234
9777	0	228	1	3	0	232
9778	1	234	0	1	0	236
9779	0	2	1	231	0	234
9780	0	2	0	234	0	236
9781	1	0	0	233	0	234
9782	228	0	0	3	0	231
9783	1	0	244	3	0	248
9784	2	0	1	243	0	246
9785	244	0	2	1	0	247
9786	1	252	0	2	0	255
9787	2	2	0	259	0	263
9788	1	1	0	263	0	265
9789	1	0	0	255	0	256
9790	1	0	0	259	0	260
9791	2	0	255	2	0	259
9792	241	1	2	1	0	245
9793	249	1	1	0	0	251
9794	2	0	248	1	0	251
9795	245	0	1	0	0	246
9796	248	1	1	0	0	250
9797	2	0	255	0	0	257
9798	1	271	2	1	0	275
9799	1	3	2	270	0	276
9800	0	1	288	2	0	291
9801	2	286	1	1	0	290
9802	0	2	257	2	0	261
9803	0	239	2	0	0	241
9804	0	3	0	226	0	229
9805	0	0	231	0	0	231
9806	0	0	1	227	0	228
9807	2	0	234	1	0	237
9808	0	237	2	1	0	240
9809	210	0	0	0	0	210
9810	0	211	0	0	0	211
9811	0	223	1	0	0	224
9812	3	0	2	219	0	224
9813	0	0	0	218	0	218
9814	0	0	0	215	0	215
9815	0	0	0	218	0	218
9816	0	0	0	221	0	221
9817	0	0	250	0	0	250
9818	0	0	0	244	0	244
9819	0	0	0	254	0	254
9820	259	0	0	0	0	259
9821	261	0	0	0	0	261
9822	277	0	0	0	0	277
9823	0	0	0	281	0	281
9824	313	0	0	0	0	313
9825	352	0	0	0	0	352
9826	367	0	0	0	0	367
9827	1	0	373	0	0	374
9828	369	0	0	0	0	369
9829	383	0	1	0	0	384
9830	386	0	0	0	0	386
9831	1	0	0	388	0	389
9832	1	0	398	0	0	399
9833	0	0	0	395	0	395
9834	412	0	1	0	0	413
9835	0	0	0	428	0	428
9836	1	452	0	0	0	453
9837	0	1	0	464	0	465
9838	462	1	0	0	0	463
9839	475	0	1	1	0	477
9840	468	0	0	0	0	468
9841	1	1	490	0	0	492
9842	1	0	0	485	0	486
9843	1	0	1	496	0	498
9844	0	1	510	1	0	512
9845	0	505	1	1	0	507
9846	0	2	508	0	0	510
9847	0	2	0	500	0	502
9848	506	0	1	0	0	507
9849	0	0	527	2	0	529
9850	1	0	1	521	0	523
9851	0	0	529	0	0	529
9852	519	0	0	1	0	520
9853	0	0	1	528	0	529
9854	1	0	556	0	0	557
9855	1	0	0	558	0	559
9856	0	0	569	0	0	569
9857	0	579	0	1	0	580
9858	0	0	1	578	0	579
9859	588	1	0	0	0	589
9860	0	0	0	593	0	593
9861	1	0	0	587	0	588
9862	588	0	0	1	0	589
9863	0	575	0	1	0	576
9864	1	601	0	0	0	602
9865	0	1	0	607	0	608
9866	0	613	0	0	0	613
9867	0	0	0	610	0	610
9868	0	1	0	609	0	610
9869	616	0	0	1	0	617
9870	0	615	0	3	0	618
9871	1	0	630	0	0	631
9872	0	642	0	0	0	642
9873	635	0	1	0	0	636
9874	642	1	0	0	0	643
9875	1	0	0	638	0	639
9876	657	0	0	0	0	657
9877	0	0	0	655	0	655
9878	668	0	0	0	0	668
9879	675	0	0	1	0	676
9880	1	0	0	704	0	705
9881	709	0	0	1	0	710
9882	1	0	720	2	0	723
9883	705	0	0	0	0	705
9884	1	0	1	712	0	714
9885	725	0	0	1	0	726
9886	0	746	0	2	0	748
9887	2	0	0	745	0	747
9888	1	2	0	754	0	757
9889	749	0	0	2	0	751
9890	0	0	767	1	0	768
9891	2	763	0	0	0	765
9892	1	0	1	761	0	763
9893	1	785	0	1	0	787
9894	0	0	0	792	0	792
9895	0	1	1	784	0	786
9896	0	0	0	794	0	794
9897	793	1	0	1	0	795
9898	0	0	0	774	0	774
9899	780	1	0	0	0	781
9900	776	0	0	2	0	778
9901	2	0	0	783	0	785
9902	793	0	0	0	0	793
9903	783	0	0	1	0	784
9904	1	0	810	0	0	811
9905	1	0	0	804	0	805
9906	818	0	1	0	0	819
9907	0	830	1	1	0	832
9908	823	0	6	0	0	829
9909	823	1	1	0	0	825
9910	2	2	823	1	0	828
9911	2	0	0	796	0	798
9912	862	0	2	1	0	865
9913	0	0	0	893	0	893
9914	1	0	1	931	0	933
9915	1	0	0	937	0	938
9916	0	0	0	990	0	990
9917	983	0	1	4	0	988
9918	1	1	1033	2	0	1037
9919	2	2	2	1067	0	1073
9920	0	0	1168	2	0	1170
9921	0	1	1242	2	0	1245
9922	1208	0	12	0	0	1220
9923	5	0	1331	0	0	1336
9924	6	1304	5	0	0	1315
9925	1300	5	12	0	0	1317
9926	1316	5	1	0	0	1322
9927	10	2	0	1285	0	1297
9928	5	0	1307	5	0	1317
9929	1	0	1295	5	0	1301
9930	1313	0	10	1	0	1324
9931	5	0	5	1342	0	1352
9932	1346	0	0	5	0	1351
9933	4	1374	0	5	0	1383
9934	1379	5	0	0	0	1384
9935	1362	5	4	0	0	1371
9936	10	1363	0	0	0	1373
9937	5	7	0	1369	0	1381
9938	1367	5	1	6	0	1379
9939	5	0	1392	5	0	1402
9940	5	1408	6	0	0	1419
9941	1	5	6	1387	0	1399
9942	1406	6	1	7	0	1420
9943	5	1426	0	7	0	1438
9944	1429	5	0	2	0	1436
9945	9	7	1425	2	0	1443
9946	1404	0	6	2	0	1412
9947	6	0	1443	0	0	1449
9948	1415	0	7	0	0	1422
9949	1410	0	6	0	0	1416
9950	12	0	1435	1	0	1448
9951	7	1438	6	0	0	1451
9952	0	7	6	1421	0	1434
9953	1	6	1447	5	0	1459
9954	1	1429	6	8	0	1444
9955	0	7	6	1418	0	1431
9956	0	6	0	1425	0	1431
9957	2	0	1411	12	0	1425
9958	0	1	8	1385	0	1394
9959	0	1	6	1401	0	1408
9960	1	0	1401	13	0	1415
9961	0	0	7	1363	0	1370
9962	2	1400	7	5	0	1414
9963	1409	6	2	6	0	1423
9964	7	7	1	1367	0	1382
9965	8	1394	0	6	0	1408
9966	1	7	1	1313	0	1322
9967	2	1404	2	7	0	1415
9968	4	6	1402	6	0	1418
9969	0	1410	10	1	0	1421
9970	1398	9	7	0	0	1414
9971	1389	6	1	2	0	1398
9972	1405	0	2	0	0	1407
9973	14	2	1421	1	0	1438
9974	10	0	1413	1	0	1424
9975	1	1449	15	3	0	1468
9976	3	9	13	1396	0	1421
9977	3	1470	2	12	0	1487
9978	8	9	1	1343	0	1361
9979	0	1461	3	10	0	1474
9980	1469	10	0	7	0	1486
9981	1551	9	1	1	0	1562
9982	19	3	0	1597	0	1619
9983	9	1	1599	12	0	1621
9984	1550	4	11	7	0	1572
9985	8	1615	11	6	0	1640
9986	12	12	2	1574	0	1600
9987	1	7	8	1530	0	1546
9988	7	1606	0	15	0	1628
9989	1597	12	2	10	0	1621
9990	19	9	1590	0	0	1618
9991	13	8	11	1580	0	1612
9992	1583	1	10	11	0	1605
9993	1559	1	6	11	0	1577
9994	23	1578	3	1	0	1605
9995	10	10	5	1515	0	1540
9996	5	1569	3	17	0	1594
9997	1591	11	3	10	0	1615
9998	10	11	1598	4	0	1623
9999	10	5	1589	2	0	1606
10000	7	3	19	1554	0	1583
10001	2	4	11	1539	0	1556
10002	4	1579	3	20	0	1606
10003	3	8	6	1585	0	1602
10004	5	13	1549	14	0	1581
10005	1514	1	14	11	0	1540
10006	11	1	14	1551	0	1577
10007	10	3	1533	13	0	1559
10008	5	3	15	1533	0	1556
10009	2	6	11	1492	0	1511
10010	2	1535	1	23	0	1561
10011	4	11	3	1523	0	1541
10012	3	13	1	1483	0	1500
10013	2	6	3	1467	0	1478
10014	1395	0	4	23	0	1422
10015	9	1394	6	13	0	1422
10016	11	1354	6	5	0	1376
10017	1312	20	1	4	0	1337
10018	1246	10	4	2	0	1262
10019	18	1203	4	5	0	1230
10020	7	1095	5	1	0	1108
10021	959	9	3	0	0	971
10022	5	971	2	2	0	980
10023	4	925	2	0	0	931
10024	895	8	9	3	0	915
10025	5	901	2	1	0	909
10026	889	5	1	0	0	895
10027	885	6	0	1	0	892
10028	895	0	0	2	0	897
10029	8	884	0	5	0	897
10030	6	879	0	0	0	885
10031	0	10	2	850	0	862
10032	0	872	3	4	0	879
10033	2	7	1	870	0	880
10034	862	4	0	6	0	872
10035	4	4	1	831	0	840
10036	4	839	1	7	0	851
10037	825	5	1	6	0	837
10038	6	832	0	2	0	840
10039	3	833	0	2	0	838
10040	3	13	1	792	0	809
10041	0	804	0	5	0	809
10042	800	3	1	5	0	809
10043	5	6	781	0	0	792
10044	5	782	3	1	0	791
10045	1	4	4	769	0	778
10046	2	5	776	4	0	787
10047	2	0	3	759	0	764
10048	0	4	4	767	0	775
10049	1	1	0	765	0	767
10050	3	0	0	749	0	752
10051	1	2	743	9	0	755
10052	1	739	3	4	0	747
10053	726	4	4	0	0	734
10054	6	6	717	0	0	729
10055	715	2	3	0	0	720
10056	5	1	730	1	0	737
10057	5	2	3	718	0	728
10058	2	3	727	3	0	735
10059	2	2	731	4	0	739
10060	1	2	8	712	0	723
10061	1	1	4	714	0	720
10062	2	1	1	726	0	730
10063	1	1	0	718	0	720
10064	710	2	0	10	0	722
10065	5	2	724	6	0	737
10066	723	1	3	1	0	728
10067	714	2	5	0	0	721
10068	709	1	1	1	0	712
10069	716	2	1	1	0	720
10070	710	1	1	0	0	712
10071	8	1	1	701	0	711
10072	4	3	684	2	0	693
10073	0	1	660	7	0	668
10074	1	655	10	9	0	675
10075	611	5	15	1	0	632
10076	1	5	1	611	0	618
10077	6	4	1	583	0	594
10078	0	598	0	10	0	608
10079	0	600	1	7	0	608
10080	1	568	1	0	0	570
10081	464	9	3	4	0	480
10082	2	16	1	389	0	408
10083	3	378	1	1	0	383
10084	1	0	1	376	0	378
10085	0	3	380	0	0	383
10086	0	0	403	4	0	407
10087	0	2	5	433	0	440
10088	461	0	4	2	0	467
10089	496	0	0	6	0	502
10090	500	0	0	2	0	502
10091	4	0	505	2	0	511
10092	6	0	1	492	0	499
10093	3	0	5	506	0	514
10094	2	0	518	5	0	525
10095	484	0	2	5	0	491
10096	2	0	526	2	0	530
10097	5	0	504	0	0	509
10098	1	0	516	0	0	517
10099	0	2	4	495	0	501
10100	0	0	6	509	0	515
10101	0	0	517	3	0	520
10102	0	0	2	516	0	518
10103	515	0	3	3	0	521
10104	2	0	1	527	0	530
10105	3	0	531	2	0	536
10106	1	0	553	4	0	558
10107	1	1	4	534	0	540
10108	562	0	4	3	0	569
10109	1	606	2	3	0	612
10110	616	2	1	1	0	620
10111	622	5	0	1	0	628
10112	8	1	635	0	0	644
10113	6	1	2	631	0	640
10114	643	0	6	3	0	652
10115	633	0	1	5	0	639
10116	5	652	1	1	0	659
10117	6	2	0	644	0	652
10118	2	5	0	649	0	656
10119	1	1	650	7	0	659
10120	0	1	2	647	0	650
10121	0	0	654	3	0	657
10122	0	0	647	6	0	653
10123	0	0	8	627	0	635
10124	627	0	5	3	0	635
10125	2	613	2	5	0	622
10126	611	2	1	1	0	615
10127	613	5	0	1	0	619
10128	6	615	0	0	0	621
10129	7	3	0	590	0	600
10130	585	6	0	2	0	593
10131	4	594	0	5	0	603
10132	589	3	0	1	0	593
10133	3	577	1	1	0	582
10134	6	3	0	562	0	571
10135	2	6	0	566	0	574
10136	560	1	0	5	0	566
10137	544	1	0	6	0	551
10138	6	559	0	3	0	568
10139	4	1	538	3	0	546
10140	2	4	542	1	0	549
10141	1	1	6	514	0	522
10142	0	544	5	1	0	550
10143	0	2	3	543	0	548
10144	0	4	1	539	0	544
10145	1	1	0	539	0	541
10146	0	2	531	7	0	540
10147	1	0	529	6	0	536
10148	1	538	6	2	0	547
10149	0	3	5	527	0	535
10150	0	4	1	548	0	553
10151	0	1	544	6	0	551
10152	488	2	2	5	0	497
10153	4	0	4	544	0	552
10154	4	1	548	2	0	555
10155	504	0	3	4	0	511
10156	2	545	4	2	0	553
10157	5	2	565	1	0	573
10158	1	4	3	556	0	564
10159	559	2	4	2	0	567
10160	2	1	587	4	0	594
10161	4	0	4	588	0	596
10162	1	0	5	610	0	616
10163	2	1	1	634	0	638
10164	645	0	1	8	0	654
10165	2	629	0	9	0	640
10166	4	2	1	631	0	638
10167	1	4	640	5	0	650
10168	1	1	3	619	0	624
10169	1	643	4	3	0	651
10170	0	653	1	4	0	658
10171	649	6	1	2	0	658
10172	647	4	1	1	0	653
10173	7	2	648	0	0	657
10174	641	1	2	2	0	646
10175	5	645	5	0	0	655
10176	646	2	1	0	0	649
10177	3	6	1	639	0	649
10178	5	1	655	3	0	664
10179	1	1	2	653	0	657
10180	3	0	656	3	0	662
10181	640	1	4	5	0	650
10182	2	0	6	665	0	673
10183	3	683	2	3	0	691
10184	2	10	4	671	0	687
10185	3	3	676	3	0	685
10186	0	655	2	4	0	661
10187	598	3	2	3	0	606
10188	2	578	2	2	0	584
10189	2	552	1	4	0	559
10190	2	6	0	535	0	543
10191	1	548	1	1	0	551
10192	2	2	1	549	0	554
10193	1	2	549	2	0	554
10194	511	1	2	2	0	516
10195	532	1	2	1	0	536
10196	4	1	522	0	0	527
10197	501	0	1	0	0	502
10198	1	514	2	2	0	519
10199	510	1	2	1	0	514
10200	2	3	0	505	0	510
10201	2	1	522	2	0	527
10202	1	528	1	2	0	532
10203	0	1	4	527	0	532
10204	0	3	0	519	0	522
10205	505	1	0	3	0	509
10206	485	1	1	2	0	489
10207	4	489	0	0	0	493
10208	1	448	1	1	0	451
10209	1	415	2	0	0	418
10210	0	3	8	397	0	408
10211	403	1	0	0	0	404
10212	396	1	0	1	0	398
10213	1	0	1	389	0	391
10214	1	0	0	388	0	389
10215	382	0	2	0	0	384
10216	2	0	0	391	0	393
10217	0	1	402	1	0	404
10218	396	1	0	1	0	398
10219	397	0	0	2	0	399
10220	0	0	416	0	0	416
10221	416	1	0	1	0	418
10222	1	0	1	425	0	427
10223	1	1	0	426	0	428
10224	0	1	0	430	0	431
10225	425	1	0	0	0	426
10226	0	443	0	1	0	444
10227	0	0	1	439	0	440
10228	0	439	1	0	0	440
10229	439	0	0	0	0	439
10230	2	1	0	448	0	451
10231	0	1	1	458	0	460
10232	1	462	0	1	0	464
10233	0	2	462	0	0	464
10234	1	0	0	466	0	467
10235	468	0	1	1	0	470
10236	525	0	1	0	0	526
10237	2	1	576	0	0	579
10238	0	0	3	579	0	582
10239	1	599	0	2	0	602
10240	0	3	0	613	0	616
10241	613	0	0	2	0	615
10242	606	1	2	1	0	610
10243	2	0	1	599	0	602
10244	0	610	0	2	0	612
10245	638	2	0	2	0	642
10246	3	0	0	658	0	661
10247	661	0	0	3	0	664
10248	690	0	0	1	0	691
10249	2	1	0	688	0	691
10250	2	3	0	689	0	694
10251	0	2	0	707	0	709
10252	1	724	1	2	0	728
10253	2	2	0	736	0	740
10254	3	1	0	736	0	740
10255	2	1	734	4	0	741
10256	0	0	731	3	0	734
10257	0	1	3	712	0	716
10258	703	0	1	4	0	708
10259	2	707	1	5	0	715
10260	682	2	0	1	0	685
10261	4	2	699	1	0	706
10262	2	0	677	1	0	680
10263	1	665	5	1	0	672
10264	2	2	3	672	0	679
10265	1	1	673	4	0	679
10266	0	2	679	2	0	683
10267	1	0	3	682	0	686
10268	686	0	2	2	0	690
10269	674	1	1	1	0	677
10270	3	1	0	674	0	678
10271	2	1	724	1	0	728
10272	0	0	3	733	0	736
10273	0	0	2	712	0	714
10274	0	731	0	4	0	735
10275	728	3	0	1	0	732
10276	724	1	1	0	0	726
10277	2	745	0	2	0	749
10278	2	2	1	713	0	718
10279	1	729	0	4	0	734
10280	728	2	1	3	0	734
10281	3	2	727	0	0	732
10282	2	1	724	0	0	727
10283	1	2	711	1	0	715
10284	2	1	2	700	0	705
10285	2	0	1	703	0	706
10286	701	1	1	4	0	707
10287	3	1	0	697	0	701
10288	2	1	1	715	0	719
10289	0	0	759	6	0	765
10290	2	1	751	1	0	755
10291	738	0	3	1	0	742
10292	2	761	1	3	0	767
10293	775	2	0	2	0	779
10294	3	1	0	770	0	774
10295	1	3	0	769	0	773
10296	1	773	2	4	0	780
10297	1	1	1	772	0	775
10298	771	1	1	3	0	776
10299	2	1	0	774	0	777
10300	2	0	789	4	0	795
10301	0	776	2	4	0	782
10302	765	3	1	1	0	770
10303	776	2	0	1	0	779
10304	778	0	1	1	0	780
10305	782	0	2	0	0	784
10306	3	1	0	785	0	789
10307	2	0	1	788	0	791
10308	0	1	800	3	0	804
10309	2	0	3	801	0	806
10310	1	0	799	3	0	803
10311	2	0	2	786	0	790
10312	789	1	1	2	0	793
10313	1	818	0	4	0	823
10314	1	2	0	828	0	831
10315	0	1	2	832	0	835
10316	824	0	0	6	0	830
10317	813	0	1	3	0	817
10318	3	0	827	2	0	832
10319	2	843	2	1	0	848
10320	1	2	2	835	0	840
10321	0	1	0	836	0	837
10322	823	0	1	5	0	829
10323	825	1	1	1	0	828
10324	6	1	842	3	0	852
10325	7	1	852	1	0	861
10326	1	3	3	847	0	854
10327	1	1	1	852	0	855
10328	0	1	850	6	0	857
10329	834	0	4	1	0	839
10330	3	1	2	840	0	846
10331	835	0	2	3	0	840
10332	2	831	2	3	0	838
10333	865	2	2	3	0	872
10334	2	2	939	3	0	946
10335	3	923	4	4	0	934
10336	1	893	0	1	0	895
10337	848	0	8	2	0	858
10338	823	0	1	0	0	824
10339	0	1	1	818	0	820
10340	0	816	0	1	0	817
10341	0	822	1	2	0	825
10342	1	0	1	828	0	830
10343	842	0	0	2	0	844
10344	842	1	0	0	0	843
10345	0	0	814	1	0	815
10346	782	2	1	0	0	785
10347	1	864	1	2	0	868
10348	903	1	1	1	0	906
10349	0	1068	2	0	0	1070
10350	1	1159	1	0	0	1161
10351	1	5	1	1248	0	1255
10352	1340	3	3	4	0	1350
10353	1335	0	0	5	0	1340
10354	12	0	1335	1	0	1348
10355	7	0	5	1339	0	1351
10356	1341	1	5	6	0	1353
10357	4	1	2	1354	0	1361
10358	1357	0	0	7	0	1364
10359	1360	0	0	5	0	1365
10360	9	1	1380	3	0	1393
10361	7	0	4	1368	0	1379
10362	2	1	6	1365	0	1374
10363	0	0	2	1378	0	1380
10364	1	0	1347	12	0	1360
10365	1	0	4	1350	0	1355
10366	0	0	7	1314	0	1321
10367	1	1337	2	8	0	1348
10368	0	4	1332	8	0	1344
10369	1	1342	4	5	0	1352
10370	1333	5	6	5	0	1349
10371	4	8	1	1275	0	1288
10372	6	2	0	1237	0	1245
10373	4	1275	0	12	0	1291
10374	1271	4	0	9	0	1284
10375	1273	6	2	2	0	1283
10376	13	1273	0	5	0	1291
10377	9	1273	0	1	0	1283
10378	1279	10	0	2	0	1291
10379	6	9	1277	0	0	1292
10380	10	1	1273	0	0	1284
10381	1243	4	11	1	0	1259
10382	4	1277	8	3	0	1292
10383	1275	6	2	5	0	1288
10384	10	7	1284	2	0	1303
10385	1279	2	5	2	0	1288
10386	8	1307	9	2	0	1326
10387	7	5	1	1306	0	1319
10388	4	6	1	1298	0	1309
10389	0	2	2	1255	0	1259
10390	2	2	0	1250	0	1254
10391	4	0	0	1216	0	1220
10392	1	1241	2	14	0	1258
10393	1236	4	0	10	0	1250
10394	5	7	1234	4	0	1250
10395	8	2	5	1226	0	1241
10396	4	0	1246	4	0	1254
10397	0	1	6	1239	0	1246
10398	0	2	7	1236	0	1245
10399	1226	2	3	11	0	1242
10400	6	1	1217	9	0	1233
10401	6	1213	5	2	0	1226
10402	6	4	7	1206	0	1223
10403	1	8	1	1215	0	1225
10404	3	2	1216	11	0	1232
10405	1	3	5	1210	0	1219
10406	3	1	7	1216	0	1227
10407	1197	2	2	12	0	1213
10408	7	1197	0	8	0	1212
10409	1200	6	1	3	0	1210
10410	1205	6	1	1	0	1213
10411	11	3	2	1194	0	1210
10412	10	3	1198	5	0	1216
10413	5	1	1177	7	0	1190
10414	2	4	11	1161	0	1178
10415	5	2	9	1126	0	1142
10416	0	1162	6	12	0	1180
10417	1144	6	6	11	0	1167
10418	5	1147	2	4	0	1158
10419	10	1136	1	3	0	1150
10420	1134	12	2	2	0	1150
10421	6	9	3	1121	0	1139
10422	9	1163	1	9	0	1182
10423	7	4	0	1167	0	1178
10424	2	9	1139	11	0	1161
10425	4	3	1138	8	0	1153
10426	4	1	14	1126	0	1145
10427	1	0	1142	11	0	1154
10428	2	1	9	1127	0	1139
10429	1	3	7	1126	0	1137
10430	2	0	5	1136	0	1143
10431	1118	2	3	15	0	1138
10432	5	1114	4	14	0	1137
10433	8	1076	2	5	0	1091
10434	1012	12	3	2	0	1029
10435	1017	11	2	4	0	1034
10436	12	4	3	997	0	1016
10437	11	2	1013	8	0	1034
10438	3	1	6	1030	0	1040
10439	2	4	1027	9	0	1042
10440	2	1023	8	8	0	1041
10441	4	4	7	1017	0	1032
10442	1017	8	3	6	0	1034
10443	7	7	0	1015	0	1029
10444	9	3	1003	10	0	1025
10445	985	0	10	7	0	1002
10446	5	1	1009	3	0	1018
10447	15	2	938	4	0	959
10448	2	879	13	3	0	897
10449	3	699	5	2	0	709
10450	0	626	7	1	0	634
10451	446	7	32	15	0	500
10452	389	0	5	1	0	395
10453	2	0	0	407	0	409
10454	0	1	0	416	0	417
10455	1	0	0	420	0	421
10456	1	433	0	2	0	436
10457	438	1	0	1	0	440
10458	1	442	1	0	0	444
10459	1	1	1	438	0	441
10460	445	0	0	2	0	447
10461	1	0	0	444	0	445
10462	0	1	0	453	0	454
10463	462	0	0	1	0	463
10464	461	1	0	0	0	462
10465	1	1	468	0	0	470
10466	1	0	467	0	0	468
10467	0	0	488	1	0	489
10468	0	1	1	489	0	491
10469	0	0	0	493	0	493
10470	0	495	1	1	0	497
10471	510	1	1	0	0	512
10472	1	0	0	522	0	523
10473	0	0	1	526	0	527
10474	0	536	0	2	0	538
10475	0	578	0	1	0	579
10476	0	1	0	597	0	598
10477	0	0	0	651	0	651
10478	663	0	0	2	0	665
10479	666	1	0	0	0	667
10480	3	0	0	662	0	665
10481	0	0	678	2	0	680
10482	0	0	666	1	0	667
10483	0	1	3	673	0	677
10484	0	0	0	658	0	658
10485	0	657	1	2	0	660
10486	640	2	0	0	0	642
10487	2	0	0	643	0	645
10488	1	0	656	2	0	659
10489	0	0	2	665	0	667
10490	0	0	672	2	0	674
10491	2	0	680	0	0	682
10492	0	1	3	684	0	688
10493	679	1	1	2	0	683
10494	2	0	682	0	0	684
10495	0	0	3	676	0	679
10496	0	0	735	2	0	737
10497	0	0	2	730	0	732
10498	0	0	0	743	0	743
10499	1	0	738	2	0	741
10500	0	0	738	0	0	738
10501	0	0	2	732	0	734
10502	0	0	0	750	0	750
10503	0	0	0	750	0	750
10504	0	0	0	744	0	744
10505	737	0	0	2	0	739
10506	740	0	0	0	0	740
10507	2	735	1	0	0	738
10508	738	2	0	0	0	740
10509	2	0	0	745	0	747
10510	747	0	0	1	0	748
10511	2	0	754	0	0	756
10512	758	0	2	0	0	760
10513	2	0	0	792	0	794
10514	0	0	0	814	0	814
10515	809	0	3	1	0	813
10516	2	0	1	886	0	889
10517	0	0	928	2	0	930
10518	939	0	2	1	0	942
10519	2	972	2	0	0	976
10520	2	2	0	1014	0	1018
10521	0	2	1082	2	0	1086
10522	0	0	1	1073	0	1074
10523	0	0	1096	2	0	1098
10524	0	0	2	1093	0	1095
10525	0	1106	3	3	0	1112
10526	0	2	0	1115	0	1117
10527	0	1163	0	1	0	1164
10528	0	3	0	1150	0	1153
10529	0	4	0	1199	0	1203
10530	0	0	0	1205	0	1205
10531	0	0	0	1200	0	1200
10532	0	0	0	1207	0	1207
10533	2	0	1192	8	0	1202
10534	0	0	2	1190	0	1192
10535	0	0	4	1195	0	1199
10536	1184	0	0	6	0	1190
10537	3	1169	0	8	0	1180
10538	1174	4	0	0	0	1178
10539	4	4	0	1169	0	1177
10540	4	0	1173	6	0	1183
10541	1	1172	3	4	0	1180
10542	1149	3	4	1	0	1157
10543	2	1154	1	1	0	1158
10544	4	1162	1	1	0	1168
10545	1154	7	0	1	0	1162
10546	4	5	1	1221	0	1231
10547	1217	0	0	6	0	1223
10548	3	1	1	1203	0	1208
10549	4	0	1212	6	0	1222
10550	0	2	1192	4	0	1198
10551	1170	0	7	4	0	1181
10552	1205	1	4	1	0	1211
10553	7	0	0	1181	0	1188
10554	5	1	0	1175	0	1181
10555	1148	0	0	10	0	1158
10556	4	1149	1	8	0	1162
10557	4	1156	1	2	0	1163
10558	1153	7	0	2	0	1162
10559	1140	5	0	1	0	1146
10560	8	1150	1	2	0	1161
10561	5	4	1	1148	0	1158
10562	0	5	1146	7	0	1158
10563	1	0	1139	4	0	1144
10564	1104	1	8	1	0	1114
10565	8	1	1128	0	0	1137
10566	4	1	3	1111	0	1119
10567	0	2	5	1084	0	1091
10568	0	1103	1	8	0	1112
10569	1086	4	0	6	0	1096
10570	5	4	0	1095	0	1104
10571	4	1	1080	6	0	1091
10572	1	1075	5	9	0	1090
10573	0	4	6	1062	0	1072
10574	2	4	1059	3	0	1068
10575	1	0	1024	7	0	1032
10576	1	1000	9	2	0	1012
10577	930	4	6	5	0	945
10578	6	939	0	0	0	945
10579	939	4	0	3	0	946
10580	3	5	927	1	0	936
10581	914	1	4	4	0	923
10582	5	925	4	2	0	936
10583	5	6	0	927	0	938
10584	0	5	1	936	0	942
10585	938	0	1	8	0	947
10586	4	0	938	6	0	948
10587	936	1	4	0	0	941
10588	920	2	4	2	0	928
10589	9	0	912	2	0	923
10590	4	2	914	2	0	922
10591	2	2	9	885	0	898
10592	902	1	7	3	0	913
10593	895	0	0	8	0	903
10594	7	922	1	2	0	932
10595	5	5	0	928	0	938
10596	3	5	1	881	0	890
10597	0	2	2	889	0	893
10598	3	1	2	889	0	895
10599	882	1	0	8	0	891
10600	5	1	0	897	0	903
10601	4	2	895	5	0	906
10602	3	0	893	5	0	901
10603	850	2	9	0	0	861
10604	6	889	5	3	0	903
10605	5	902	1	1	0	909
10606	3	10	1	899	0	913
10607	0	6	1	905	0	912
10608	2	2	0	902	0	906
10609	2	2	2	901	0	907
10610	3	0	899	9	0	911
10611	2	1	3	890	0	896
10612	1	1	7	876	0	885
10613	0	2	846	8	0	856
10614	795	0	6	7	0	808
10615	5	818	5	3	0	831
10616	735	2	5	0	0	742
10617	3	3	703	2	0	711
10618	3	0	662	2	0	667
10619	0	647	5	2	0	654
10620	569	13	33	2	0	617
10621	531	3	3	2	0	539
10622	526	0	0	0	0	526
10623	4	510	0	0	0	514
10624	492	3	0	1	0	496
10625	3	0	496	2	0	501
10626	1	487	3	0	0	491
10627	463	2	2	0	0	467
10628	5	469	0	0	0	474
10629	446	5	0	0	0	451
10630	444	0	1	0	0	445
10631	5	0	446	0	0	451
10632	0	455	3	1	0	459
10633	451	4	0	0	0	455
10634	4	0	444	0	0	448
10635	0	446	3	0	0	449
10636	2	1	0	440	0	443
10637	0	0	439	3	0	442
10638	0	0	433	1	0	434
10639	0	0	2	433	0	435
10640	428	0	0	2	0	430
10641	2	431	0	1	0	434
10642	1	2	433	0	0	436
10643	0	0	429	0	0	429
10644	401	1	1	0	0	403
10645	1	436	0	0	0	437
10646	352	1	0	0	0	353
10647	2	356	1	0	0	359
10648	371	1	0	0	0	372
10649	363	0	0	0	0	363
10650	1	360	0	0	0	361
10651	0	1	0	359	0	360
10652	383	0	0	1	0	384
10653	1	0	0	387	0	388
10654	0	0	0	424	0	424
10655	420	0	0	1	0	421
10656	1	425	0	0	0	426
10657	435	1	0	0	0	436
10658	1	0	445	0	0	446
10659	0	0	1	440	0	441
10660	1	0	0	433	0	434
10661	435	0	0	1	0	436
10662	435	0	0	0	0	435
10663	1	0	0	437	0	438
10664	0	1	455	1	0	457
10665	0	0	1	451	0	452
10666	0	0	0	460	0	460
10667	0	0	0	461	0	461
10668	0	0	0	462	0	462
10669	456	0	0	1	0	457
10670	1	0	465	0	0	466
10671	1	473	1	0	0	475
10672	0	2	0	464	0	466
10673	1	0	0	479	0	480
10674	1	0	483	1	0	485
10675	0	0	486	0	0	486
10676	0	1	1	495	0	497
10677	1	0	0	496	0	497
10678	0	0	490	2	0	492
10679	0	1	2	488	0	491
10680	489	0	0	2	0	491
10681	2	517	1	0	0	520
10682	0	2	519	0	0	521
10683	0	511	2	1	0	514
10684	0	2	0	518	0	520
10685	0	1	523	2	0	526
10686	0	519	3	0	0	522
10687	0	2	1	519	0	522
10688	1	0	535	2	0	538
10689	0	1	4	527	0	532
10690	1	0	0	539	0	540
10691	537	1	0	4	0	542
10692	5	0	1	532	0	538
10693	543	0	0	4	0	547
10694	523	1	0	0	0	524
10695	521	0	0	1	0	522
10696	5	0	0	519	0	524
10697	0	0	515	5	0	520
10698	1	0	514	1	0	516
10699	511	0	4	0	0	515
10700	4	1	516	0	0	521
10701	489	0	5	0	0	494
10702	4	507	2	0	0	513
10703	506	4	3	1	0	514
10704	4	1	505	3	0	513
10705	2	0	519	0	0	521
10706	2	0	5	522	0	529
10707	0	0	547	6	0	553
10708	1	1	549	1	0	552
10709	0	0	6	562	0	568
10710	0	0	1	582	0	583
10711	0	0	0	596	0	596
10712	0	612	1	11	0	624
10713	1	5	0	599	0	605
10714	0	629	2	5	0	636
10715	621	6	1	2	0	630
10716	632	3	0	2	0	637
10717	7	0	2	608	0	617
10718	2	612	2	5	0	621
10719	0	6	620	5	0	631
10720	617	2	7	2	0	628
10721	6	2	2	630	0	640
10722	1	1	1	631	0	634
10723	0	1	1	636	0	638
10724	621	1	0	10	0	632
10725	8	618	0	3	0	629
10726	4	629	1	4	0	638
10727	605	8	0	2	0	615
10728	6	608	1	0	0	615
10729	613	5	1	0	0	619
10730	619	2	0	1	0	622
10731	7	612	0	3	0	622
10732	2	5	1	599	0	607
10733	0	613	1	6	0	620
10734	2	6	0	615	0	623
10735	0	4	1	645	0	650
10736	646	1	0	6	0	653
10737	647	2	0	1	0	650
10738	9	1	0	651	0	661
10739	3	0	644	5	0	652
10740	625	1	6	3	0	635
10741	6	643	2	3	0	654
10742	3	6	1	641	0	651
10743	0	3	2	640	0	645
10744	0	0	1	649	0	650
10745	614	0	0	7	0	621
10746	614	3	0	4	0	621
10747	8	601	1	4	0	614
10748	2	598	1	3	0	604
10749	0	9	1	593	0	603
10750	4	2	1	600	0	607
10751	3	2	605	8	0	618
10752	0	1	5	584	0	590
10753	0	3	579	6	0	588
10754	1	1	544	5	0	551
10755	2	545	7	2	0	556
10756	5	7	3	540	0	555
10757	541	4	0	7	0	552
10758	6	1	1	532	0	540
10759	5	0	528	7	0	540
10760	518	2	6	3	0	529
10761	516	2	3	3	0	524
10762	12	1	518	1	0	532
10763	2	2	9	520	0	533
10764	507	1	4	5	0	517
10765	8	511	1	3	0	523
10766	513	7	0	2	0	522
10767	518	3	1	4	0	526
10768	9	2	1	519	0	531
10769	4	1	2	523	0	530
10770	523	2	1	9	0	535
10771	10	0	1	523	0	534
10772	4	1	535	7	0	547
10773	514	0	6	5	0	525
10774	521	1	4	3	0	529
10775	10	522	0	1	0	533
10776	3	507	0	3	0	513
10777	2	11	1	493	0	507
10778	3	509	0	8	0	520
10779	2	4	0	509	0	515
10780	506	3	0	6	0	515
10781	481	3	0	3	0	487
10782	7	474	2	3	0	486
10783	471	6	1	1	0	479
10784	7	465	0	2	0	474
10785	460	7	0	2	0	469
10786	461	3	1	4	0	469
10787	6	2	454	3	0	465
10788	442	2	4	1	0	449
10789	5	450	3	1	0	459
10790	6	446	0	1	0	453
10791	449	7	0	2	0	458
10792	4	4	1	450	0	459
10793	6	1	448	4	0	459
10794	2	2	3	446	0	453
10795	3	2	3	449	0	457
10796	3	1	438	5	0	447
10797	417	0	4	5	0	426
10798	3	431	4	3	0	441
10799	420	5	1	1	0	427
10800	3	3	0	413	0	419
10801	409	0	2	4	0	415
10802	4	412	3	3	0	422
10803	3	5	2	413	0	423
10804	406	1	0	4	0	411
10805	5	0	395	3	0	403
10806	2	0	367	3	0	372
10807	352	4	4	2	0	362
10808	6	354	1	1	0	362
10809	2	311	1	1	0	315
10810	6	2	5	285	0	298
10811	1	285	4	2	0	292
10812	1	4	0	286	0	291
10813	0	2	0	290	0	292
10814	2	1	0	277	0	280
10815	0	279	0	3	0	282
10816	0	2	1	277	0	280
10817	1	0	272	3	0	276
10818	1	270	1	1	0	273
10819	0	2	0	232	0	234
10820	0	242	1	1	0	244
10821	241	0	0	1	0	242
10822	239	0	0	0	0	239
10823	237	2	0	0	0	239
10824	0	249	0	0	0	249
10825	0	1	0	244	0	245
10826	1	1	243	0	0	245
10827	1	0	239	1	0	241
10828	235	0	0	1	0	236
10829	230	1	0	0	0	231
10830	0	0	0	251	0	251
10831	0	1	1	255	0	257
10832	0	0	259	1	0	260
10833	1	247	1	0	0	249
10834	1	247	0	1	0	249
10835	1	1	220	0	0	222
10836	2	1	1	212	0	216
10837	0	0	0	203	0	203
10838	0	0	0	212	0	212
10839	0	0	0	209	0	209
10840	210	0	0	1	0	211
10841	1	0	205	0	0	206
10842	201	0	1	1	0	203
10843	2	0	0	204	0	206
10844	204	0	0	1	0	205
10845	1	0	0	206	0	207
10846	0	0	212	1	0	213
10847	0	0	1	213	0	214
10848	0	0	222	1	0	223
10849	0	0	1	222	0	223
10850	0	0	238	1	0	239
10851	0	235	1	0	0	236
10852	0	4	0	229	0	233
10853	0	0	0	228	0	228
10854	0	230	0	1	0	231
10855	234	1	0	0	0	235
10856	1	0	0	233	0	234
10857	0	0	0	230	0	230
10858	241	0	0	1	0	242
10859	247	0	0	0	0	247
10860	254	0	0	0	0	254
10861	254	0	0	0	0	254
10862	1	0	253	0	0	254
10863	257	0	1	0	0	258
10864	260	0	0	0	0	260
10865	1	0	0	252	0	253
10866	0	0	0	245	0	245
10867	242	0	0	1	0	243
10868	1	241	0	0	0	242
10869	0	1	0	236	0	237
10870	0	0	252	1	0	253
10871	0	245	1	0	0	246
10872	232	1	1	0	0	234
10873	231	0	0	0	0	231
10874	231	0	0	0	0	231
10875	230	0	0	0	0	230
10876	0	0	0	233	0	233
10877	0	0	233	1	0	234
10878	0	0	237	0	0	237
10879	0	0	2	239	0	241
10880	254	0	0	2	0	256
10881	2	0	0	256	0	258
10882	0	0	256	2	0	258
10883	260	0	2	0	0	262
10884	264	0	0	0	0	264
10885	2	0	0	273	0	275
10886	0	0	286	2	0	288
10887	0	0	301	0	0	301
10888	288	0	2	0	0	290
10889	1	294	0	0	0	295
10890	0	2	297	0	0	299
10891	1	0	2	292	0	295
10892	293	0	0	2	0	295
10893	2	290	0	0	0	292
10894	0	294	0	0	0	294
10895	293	2	0	0	0	295
10896	2	0	0	293	0	295
10897	328	0	0	2	0	330
10898	2	0	0	333	0	335
10899	1	2	0	335	0	338
10900	1	0	339	3	0	343
10901	2	0	334	1	0	337
10902	0	1	344	0	0	345
10903	0	0	4	344	0	348
10904	352	0	1	3	0	356
10905	3	1	351	1	0	356
10906	1	0	3	351	0	355
10907	0	0	363	3	0	366
10908	0	370	3	2	0	375
10909	0	3	1	377	0	381
10910	0	1	0	384	0	385
10911	0	0	0	384	0	384
10912	377	0	0	4	0	381
10913	3	0	0	374	0	377
10914	1	0	0	381	0	382
10915	377	0	0	4	0	381
10916	3	0	377	1	0	381
10917	372	0	4	0	0	376
10918	372	0	1	0	0	373
10919	4	0	368	0	0	372
10920	363	0	3	0	0	366
10921	3	0	2	365	0	370
10922	1	0	385	2	0	388
10923	379	0	2	1	0	382
10924	383	0	1	2	0	386
10925	3	0	0	387	0	390
10926	1	0	0	392	0	393
10927	0	0	0	393	0	393
10928	391	0	0	4	0	395
10929	3	391	0	1	0	395
10930	370	2	0	0	0	372
10931	2	361	0	1	0	364
10932	1	363	0	0	0	364
10933	1	4	0	367	0	372
10934	0	1	0	371	0	372
10935	0	0	0	372	0	372
10936	0	0	0	372	0	372
10937	0	0	369	3	0	372
10938	361	0	2	1	0	364
10939	2	0	1	366	0	369
10940	1	0	371	2	0	374
10941	1	0	2	371	0	374
10942	1	0	1	375	0	377
10943	1	0	385	5	0	391
10944	1	0	3	390	0	394
10945	0	0	2	395	0	397
10946	385	0	0	5	0	390
10947	4	0	391	1	0	396
10948	379	0	3	1	0	383
10949	3	385	2	0	0	390
10950	369	2	0	0	0	371
10951	362	1	1	0	0	364
10952	4	0	0	370	0	374
10953	1	0	365	3	0	369
10954	0	391	4	1	0	396
10955	2	4	1	378	0	385
10956	1	405	1	1	0	408
10957	405	4	1	2	0	412
10958	4	1	393	2	0	400
10959	2	0	393	1	0	396
10960	1	1	5	392	0	399
10961	0	2	403	4	0	409
10962	2	0	3	397	0	402
10963	0	1	1	400	0	402
10964	407	1	0	5	0	413
10965	4	404	0	4	0	412
10966	1	4	0	417	0	422
10967	0	1	1	420	0	422
10968	0	0	1	418	0	419
10969	0	422	2	5	0	429
10970	1	409	1	2	0	413
10971	409	5	0	1	0	415
10972	413	1	2	0	0	416
10973	413	0	0	2	0	415
10974	4	0	406	1	0	411
10975	1	0	5	400	0	406
10976	0	0	404	5	0	409
10977	0	403	4	2	0	409
10978	383	3	9	0	0	395
10979	3	1	385	0	0	389
10980	2	1	3	372	0	378
10981	0	1	376	3	0	380
10982	375	0	3	2	0	380
10983	383	0	1	0	0	384
10984	382	0	0	1	0	383
10985	373	0	1	0	0	374
10986	4	1	369	0	0	374
10987	360	0	3	1	0	364
10988	366	1	1	0	0	368
10989	4	363	0	0	0	367
10990	360	2	1	0	0	363
10991	366	1	1	0	0	368
10992	4	0	0	348	0	352
10993	1	379	1	2	0	383
10994	396	3	0	2	0	401
10995	430	1	0	1	0	432
10996	6	0	486	0	0	492
10997	0	1	488	0	0	489
10998	0	0	485	1	0	486
10999	1	4	7	472	0	484
11000	467	0	3	7	0	477
11001	4	470	1	2	0	477
11002	461	6	0	0	0	467
11003	6	465	0	0	0	471
11004	462	5	0	0	0	467
11005	6	461	0	0	0	467
11006	1	473	1	0	0	475
11007	452	6	0	1	0	459
11008	4	465	1	0	0	470
11009	1	6	0	460	0	467
11010	0	1	468	5	0	474
11011	0	0	474	1	0	475
11012	0	0	6	469	0	475
11013	0	0	1	476	0	477
11014	0	0	470	6	0	476
11015	0	0	5	467	0	472
11016	0	0	1	477	0	478
11017	471	0	0	6	0	477
11018	5	475	0	1	0	481
11019	1	5	0	455	0	461
11020	0	481	1	3	0	485
11021	478	5	1	1	0	485
11022	5	474	1	0	0	480
11023	475	5	0	2	0	482
11024	475	1	0	1	0	477
11025	7	1	0	465	0	473
11026	2	1	0	475	0	478
11027	0	1	0	474	0	475
11028	1	0	0	473	0	474
11029	0	1	466	7	0	474
11030	436	2	5	1	0	444
11031	5	465	1	0	0	471
11032	2	6	0	468	0	476
11033	1	1	0	466	0	468
11034	1	463	1	5	0	470
11035	463	5	2	1	0	471
11036	5	474	0	2	0	481
11037	1	5	1	471	0	478
11038	0	2	1	482	0	485
11039	1	0	0	482	0	483
11040	0	0	1	481	0	482
11041	474	0	0	7	0	481
11042	4	1	472	1	0	478
11043	2	0	5	464	0	471
11044	1	1	1	462	0	465
11045	2	0	1	463	0	466
11046	1	1	1	461	0	464
11047	446	0	2	6	0	454
11048	7	0	452	2	0	461
11049	2	0	3	442	0	447
11050	0	454	1	6	0	461
11051	2	461	0	2	0	465
11052	457	7	0	1	0	465
11053	5	1	459	0	0	465
11054	436	2	3	0	0	441
11055	4	2	444	0	0	450
11056	2	0	3	424	0	429
11057	425	1	2	3	0	431
11058	3	445	1	2	0	451
11059	2	4	2	430	0	438
11060	0	444	1	2	0	447
11061	439	3	0	3	0	445
11062	435	1	0	2	0	438
11063	4	0	1	438	0	443
11064	1	0	437	6	0	444
11065	1	0	442	2	0	445
11066	1	0	5	432	0	438
11067	0	449	1	4	0	454
11068	0	3	0	456	0	459
11069	0	2	0	447	0	449
11070	1	0	0	444	0	445
11071	1	1	446	4	0	452
11072	1	0	4	442	0	447
11073	1	0	1	442	0	444
11074	0	452	0	12	0	464
11075	0	5	0	444	0	449
11076	1	1	0	470	0	472
11077	0	0	1	475	0	476
11078	1	0	1	471	0	473
11079	1	2	1	462	0	466
11080	0	1	0	464	0	465
11081	1	0	0	460	0	461
11082	0	1	0	455	0	456
11083	0	1	442	5	0	448
11084	1	1	3	442	0	447
11085	442	1	1	3	0	447
11086	4	0	0	443	0	447
11087	1	0	459	5	0	465
11088	451	0	4	2	0	457
11089	466	0	2	1	0	469
11090	470	0	0	1	0	471
11091	470	1	1	0	0	472
11092	4	0	1	466	0	471
11093	2	0	458	5	0	465
11094	0	446	3	5	0	454
11095	0	418	2	1	0	421
11096	3	3	13	337	0	356
11097	0	1	2	349	0	352
11098	0	0	0	350	0	350
11099	0	0	0	356	0	356
11100	0	1	0	402	0	403
11101	443	0	2	1	0	446
11102	0	455	1	1	0	457
11103	1	460	0	0	0	461
11104	0	2	0	472	0	474
11105	0	1	0	475	0	476
11106	0	0	0	467	0	467
11107	0	0	0	469	0	469
11108	0	0	461	2	0	463
11109	0	455	1	2	0	458
11110	0	1	1	448	0	450
11111	443	1	0	1	0	445
11112	1	0	0	447	0	448
11113	2	1	453	1	0	457
11114	0	0	447	1	0	448
11115	0	0	457	0	0	457
11116	2	0	2	446	0	450
11117	457	0	1	1	0	459
11118	1	0	0	462	0	463
11119	1	0	0	466	0	467
11120	461	0	0	2	0	463
11121	1	0	0	476	0	477
11122	1	0	0	474	0	475
11123	0	0	501	2	0	503
11124	0	508	1	1	0	510
11125	0	1	1	515	0	517
11126	514	1	0	1	0	516
11127	1	0	0	515	0	516
11128	1	0	520	1	0	522
11129	0	0	1	513	0	514
11130	0	525	1	1	0	527
11131	0	1	0	526	0	527
11132	1	1	517	3	0	522
11133	0	563	1	1	0	565
11134	0	3	1	568	0	572
11135	0	2	0	621	0	623
11136	0	0	0	649	0	649
11137	0	0	0	654	0	654
11138	0	0	641	4	0	645
11139	0	643	2	2	0	647
11140	642	2	2	0	0	646
11141	643	2	0	0	0	645
11142	4	0	0	644	0	648
11143	2	0	644	2	0	648
11144	629	0	2	2	0	633
11145	2	0	2	647	0	651
11146	2	0	667	2	0	671
11147	0	0	2	668	0	670
11148	0	0	2	662	0	664
11149	0	0	0	670	0	670
11150	2	0	671	4	0	677
11151	0	0	2	641	0	643
11152	0	672	2	3	0	677
11153	672	2	0	2	0	676
11154	670	3	0	0	0	673
11155	665	0	0	1	0	666
11156	4	665	1	1	0	671
11157	659	3	0	1	0	663
11158	2	3	0	647	0	652
11159	646	0	0	4	0	650
11160	641	0	1	3	0	645
11161	4	0	641	1	0	646
11162	2	638	3	2	0	645
11163	638	2	2	1	0	643
11164	2	2	0	632	0	636
11165	2	1	635	3	0	641
11166	0	631	4	4	0	639
11167	616	2	4	2	0	624
11168	2	2	0	620	0	624
11169	4	0	0	619	0	623
11170	0	1	0	614	0	615
11171	0	615	1	6	0	622
11172	1	4	0	617	0	622
11173	0	613	0	5	0	618
11174	0	2	0	606	0	608
11175	0	2	603	5	0	610
11176	0	1	4	600	0	605
11177	0	1	3	604	0	608
11178	1	0	2	604	0	607
11179	1	1	596	12	0	610
11180	1	0	3	603	0	607
11181	1	0	3	605	0	609
11182	0	1	1	605	0	607
11183	0	0	3	606	0	609
11184	0	1	2	610	0	613
11185	2	1	600	4	0	607
11186	1	0	3	593	0	597
11187	1	1	2	575	0	579
11188	557	0	1	7	0	565
11189	4	560	0	5	0	569
11190	5	563	3	2	0	573
11191	0	4	2	561	0	567
11192	1	3	0	555	0	559
11193	1	544	1	6	0	552
11194	1	3	0	539	0	543
11195	0	540	2	4	0	546
11196	1	2	1	538	0	542
11197	0	3	0	517	0	520
11198	1	0	514	4	0	519
11199	1	511	2	5	0	519
11200	1	467	1	0	0	469
11201	393	3	3	1	0	400
11202	2	402	2	0	0	406
11203	1	1	1	397	0	400
11204	1	1	392	1	0	395
11205	2	4	1	382	0	389
11206	382	0	2	1	0	385
11207	1	1	404	1	0	407
11208	2	414	1	0	0	417
11209	0	1	1	394	0	396
11210	0	1	1	416	0	418
11211	422	1	0	2	0	425
11212	2	0	0	431	0	433
11213	1	0	0	425	0	426
11214	1	0	0	424	0	425
11215	0	0	0	423	0	423
11216	418	1	0	2	0	421
11217	414	0	0	2	0	416
11218	2	1	0	411	0	414
11219	407	0	0	2	0	409
11220	1	0	0	403	0	404
11221	1	0	392	2	0	395
11222	1	0	395	2	0	398
11223	0	0	2	351	0	353
11224	0	360	2	2	0	364
11225	0	1	0	353	0	354
11226	346	1	0	2	0	349
11227	1	0	0	354	0	355
11228	356	0	0	2	0	358
11229	1	0	0	360	0	361
11230	3	0	365	1	0	369
11231	0	365	1	2	0	368
11232	0	369	1	1	0	371
11233	1	3	1	321	0	326
11234	0	1	332	0	0	333
11235	0	272	0	0	0	272
11236	2	2	0	241	0	245
11237	242	0	0	0	0	242
11238	0	0	252	0	0	252
11239	0	0	0	250	0	250
11240	0	0	0	258	0	258
11241	0	0	260	0	0	260
11242	0	0	265	0	0	265
11243	0	0	270	0	0	270
11244	0	1	1	268	0	270
11245	0	0	278	1	0	279
11246	260	0	1	1	0	262
11247	1	0	1	285	0	287
11248	1	0	350	1	0	352
11249	0	359	2	1	0	362
11250	1	3	362	0	0	366
11251	1	1	2	363	0	367
11252	374	1	1	2	0	378
11253	2	0	0	389	0	391
11254	2	1	0	383	0	386
11255	413	0	0	3	0	416
11256	2	0	0	426	0	428
11257	2	0	439	2	0	443
11258	441	0	2	2	0	445
11259	3	446	2	0	0	451
11260	451	3	0	0	0	454
11261	4	2	0	450	0	456
11262	2	0	453	2	0	457
11263	0	0	463	2	0	465
11264	0	0	6	458	0	464
11265	0	0	2	457	0	459
11266	0	0	468	4	0	472
11267	0	0	462	2	0	464
11268	463	0	5	0	0	468
11269	3	0	2	466	0	471
11270	478	0	0	3	0	481
11271	3	0	0	477	0	480
11272	2	0	490	2	0	494
11273	0	0	517	5	0	522
11274	0	0	6	524	0	530
11275	0	0	3	536	0	539
11276	0	0	549	5	0	554
11277	553	0	5	3	0	561
11278	4	0	3	565	0	572
11279	591	0	0	4	0	595
11280	4	674	0	3	0	681
11281	3	4	0	685	0	692
11282	693	3	0	6	0	702
11283	6	0	709	2	0	717
11284	3	0	6	711	0	720
11285	0	0	3	715	0	718
11286	0	0	0	733	0	733
11287	0	0	724	13	0	737
11288	0	0	6	725	0	731
11289	0	729	3	6	0	738
11290	0	6	1	730	0	737
11291	0	3	727	6	0	736
11292	1	0	736	3	0	740
11293	0	0	9	735	0	744
11294	1	0	3	746	0	750
11295	0	0	0	752	0	752
11296	0	0	0	750	0	750
11297	741	0	0	9	0	750
11298	739	0	0	3	0	742
11299	8	1	737	0	0	746
11300	3	757	6	0	0	766
11301	0	5	3	756	0	764
11302	775	3	0	6	0	784
11303	760	1	0	3	0	764
11304	777	0	0	0	0	777
11305	783	0	0	0	0	783
11306	9	0	772	0	0	781
11307	741	0	6	0	0	747
11308	6	737	3	0	0	746
11309	3	6	0	742	0	751
11310	0	3	751	6	0	760
11311	1	0	6	738	0	745
11312	1	0	751	6	0	758
11313	0	0	6	752	0	758
11314	0	0	3	755	0	758
11315	751	0	0	9	0	760
11316	6	0	0	753	0	759
11317	4	0	759	6	0	769
11318	0	0	6	768	0	774
11319	770	0	3	6	0	779
11320	6	0	0	780	0	786
11321	3	0	768	6	0	777
11322	0	758	6	3	0	767
11323	782	6	3	0	0	791
11324	6	3	0	761	0	770
11325	3	794	0	4	0	801
11326	786	6	0	3	0	795
11327	6	4	793	0	0	803
11328	3	794	6	1	0	804
11329	0	6	3	806	0	815
11330	0	3	793	6	0	802
11331	0	0	6	773	0	779
11332	782	0	3	6	0	791
11333	5	0	784	3	0	792
11334	3	1	6	766	0	776
11335	0	0	774	6	0	780
11336	0	0	6	767	0	773
11337	1	0	2	773	0	776
11338	755	0	0	9	0	764
11339	6	770	0	4	0	780
11340	3	5	0	769	0	777
11341	763	3	0	6	0	772
11342	768	0	0	3	0	771
11343	7	1	0	756	0	764
11344	2	762	0	3	0	767
11345	0	772	0	2	0	774
11346	0	7	0	756	0	763
11347	0	2	1	748	0	751
11348	687	0	0	6	0	693
11349	5	1	0	679	0	685
11350	2	1	662	4	0	669
11351	628	0	4	2	0	634
11352	3	646	1	0	0	650
11353	624	4	0	0	0	628
11354	4	1	660	0	0	665
11355	1	671	4	0	0	676
11356	650	8	1	0	0	659
11357	642	2	0	0	0	644
11358	5	0	651	0	0	656
11359	639	0	3	0	0	642
11360	644	0	1	0	0	645
11361	4	657	1	0	0	662
11362	1	5	0	664	0	670
11363	0	1	664	4	0	669
11364	0	0	4	673	0	677
11365	0	0	686	4	0	690
11366	0	0	4	666	0	670
11367	671	0	1	4	0	676
11368	4	1	0	676	0	681
11369	2	0	739	4	0	745
11370	742	0	4	2	0	748
11371	4	0	3	767	0	774
11372	1	0	762	5	0	768
11373	722	0	5	1	0	728
11374	4	0	1	743	0	748
11375	2	0	736	4	0	742
11376	0	0	731	2	0	733
11377	0	5	5	711	0	721
11378	3	1	720	3	0	727
11379	0	697	3	2	0	702
11380	2	6	2	600	0	610
11381	599	1	1	1	0	602
11382	1	0	607	2	0	610
11383	1	0	602	0	0	603
11384	570	0	3	0	0	573
11385	1	0	598	1	0	600
11386	571	0	2	1	0	574
11387	1	2	593	1	0	597
11388	1	0	1	582	0	584
11389	0	0	599	1	0	600
11390	0	0	3	590	0	593
11391	0	0	610	1	0	611
11392	1	1	610	1	0	613
11393	545	0	8	1	0	554
11394	2	610	1	0	0	613
11395	603	1	1	0	0	605
11396	1	613	0	1	0	615
11397	1	1	1	618	0	621
11398	0	0	0	623	0	623
11399	620	0	1	2	0	623
11400	1	0	1	612	0	614
11401	2	0	610	1	0	613
11402	592	1	2	1	0	596
11403	605	0	1	0	0	606
11404	2	1	0	603	0	606
11405	1	0	608	2	0	611
11406	0	0	1	609	0	610
11407	1	612	1	1	0	615
11408	0	1	0	615	0	616
11409	0	0	1	620	0	621
11410	1	0	606	2	0	609
11411	541	0	1	1	0	543
11412	1	597	0	1	0	599
11413	598	1	1	0	0	600
11414	1	602	0	1	0	604
11415	1	1	0	593	0	595
11416	0	607	0	3	0	610
11417	1	1	590	2	0	594
11418	0	1	1	582	0	584
11419	1	0	1	590	0	592
11420	0	1	0	592	0	593
11421	585	0	0	2	0	587
11422	1	1	0	587	0	589
11423	570	0	0	3	0	573
11424	572	1	0	0	0	573
11425	562	0	2	0	0	564
11426	3	0	566	0	0	569
11427	1	0	1	560	0	562
11428	0	0	2	579	0	581
11429	2	0	0	574	0	576
11430	617	0	0	3	0	620
11431	2	0	1	625	0	628
11432	2	0	1	626	0	629
11433	660	1	0	3	0	664
11434	2	0	2	668	0	672
11435	1	1	709	3	0	714
11436	0	1	719	2	0	722
11437	1	0	3	719	0	723
11438	714	0	2	2	0	718
11439	691	0	1	2	0	694
11440	4	0	0	701	0	705
11441	1	0	705	2	0	708
11442	1	705	2	2	0	710
11443	0	1	3	712	0	716
11444	0	0	1	706	0	707
11445	0	0	1	702	0	703
11446	701	0	2	4	0	707
11447	3	0	719	1	0	723
11448	708	0	3	0	0	711
11449	3	0	1	695	0	699
11450	1	710	0	2	0	713
11451	707	3	0	2	0	712
11452	701	2	0	1	0	704
11453	3	0	726	3	0	732
11454	2	700	1	1	0	704
11455	1	670	2	0	0	673
11456	668	2	0	1	0	671
11457	1	1	1	665	0	668
11458	2	1	0	659	0	662
11459	3	0	0	656	0	659
11460	1	648	0	7	0	656
11461	0	650	1	1	0	652
11462	636	2	0	1	0	639
11463	1	2	0	623	0	626
11464	1	0	651	1	0	653
11465	0	0	1	668	0	669
11466	0	0	755	2	0	757
11467	1	0	760	1	0	762
11468	0	2	763	0	0	765
11469	0	693	4	0	0	697
11470	10	8	7	624	0	649
11471	1	657	0	2	0	660
11472	1	2	0	632	0	635
11473	0	2	2	645	0	649
11474	638	0	1	4	0	643
11475	2	0	2	631	0	635
11476	626	0	1	2	0	629
11477	620	0	1	2	0	623
11478	4	0	0	610	0	614
11479	3	603	1	2	0	609
11480	0	3	0	585	0	588
11481	0	601	0	3	0	604
11482	0	2	1	591	0	594
11483	0	2	586	3	0	591
11484	1	0	2	590	0	593
11485	0	0	3	590	0	593
11486	579	1	0	5	0	585
11487	3	576	0	6	0	585
11488	4	3	1	578	0	586
11489	2	2	0	568	0	572
11490	1	570	1	5	0	577
11491	0	3	2	567	0	572
11492	558	3	0	3	0	564
11493	565	1	0	2	0	568
11494	6	550	1	2	0	559
11495	3	3	0	554	0	560
11496	536	3	2	3	0	544
11497	4	545	0	3	0	552
11498	2	3	1	521	0	527
11499	0	544	1	3	0	548
11500	535	2	0	5	0	542
11501	4	2	530	1	0	537
11502	3	1	531	0	0	535
11503	2	0	4	527	0	533
11504	0	0	534	4	0	538
11505	0	2	4	525	0	531
11506	521	0	3	4	0	528
11507	3	1	523	7	0	534
11508	2	0	4	524	0	530
11509	1	2	3	525	0	531
11510	523	2	1	5	0	531
11511	4	524	1	3	0	532
11512	519	2	0	0	0	521
11513	514	3	0	3	0	520
11514	6	510	0	2	0	518
11515	6	3	0	508	0	517
11516	0	3	510	4	0	517
11517	2	2	3	499	0	506
11518	1	504	3	5	0	513
11519	511	3	2	1	0	517
11520	2	3	0	513	0	518
11521	2	0	528	5	0	535
11522	0	2	3	527	0	532
11523	0	0	3	528	0	531
11524	1	1	1	528	0	531
11525	2	1	0	538	0	541
11526	0	1	0	533	0	534
11527	2	0	525	6	0	533
11528	8	1	494	4	0	507
11529	1	487	5	3	0	496
11530	1	461	3	1	0	466
11531	446	5	0	1	0	452
11532	1	4	450	0	0	455
11533	402	0	4	2	0	408
11534	2	0	401	1	0	404
11535	2	1	362	1	0	366
11536	1	0	4	346	0	351
11537	351	0	2	1	0	354
11538	1	2	0	355	0	358
11539	2	0	0	359	0	361
11540	0	1	376	4	0	381
11541	0	1	1	375	0	377
11542	0	0	2	374	0	376
11543	2	0	0	367	0	369
11544	1	0	0	366	0	367
11545	1	1	0	367	0	369
11546	357	0	0	4	0	361
11547	2	0	0	348	0	350
11548	2	1	342	1	0	346
11549	0	0	1	345	0	346
11550	0	1	346	1	0	348
11551	1	0	1	346	0	348
11552	0	0	357	1	0	358
11553	0	2	2	336	0	340
11554	0	0	2	344	0	346
11555	2	0	341	3	0	346
11556	320	1	1	3	0	325
11557	2	0	346	1	0	349
11558	2	2	2	349	0	355
11559	349	0	2	2	0	353
11560	1	0	0	359	0	360
11561	3	0	0	357	0	360
11562	1	1	363	3	0	368
11563	1	365	1	2	0	369
11564	0	307	2	0	0	309
11565	0	299	1	0	0	300
11566	6	1	7	210	0	224
11567	229	0	1	0	0	230
11568	0	0	0	228	0	228
11569	0	0	0	230	0	230
11570	0	0	0	231	0	231
11571	0	0	0	231	0	231
11572	0	230	0	0	0	230
11573	0	0	0	230	0	230
11574	0	0	0	229	0	229
11575	0	233	0	0	0	233
11576	235	0	0	0	0	235
11577	0	0	0	234	0	234
11578	234	0	0	0	0	234
11579	233	0	1	0	0	234
11580	0	244	0	0	0	244
11581	0	0	0	262	0	262
11582	0	0	268	0	0	268
11583	0	0	262	0	0	262
11584	0	2	0	262	0	264
11585	271	0	0	0	0	271
11586	283	0	0	0	0	283
11587	0	0	0	291	0	291
11588	291	0	0	0	0	291
11589	0	293	0	0	0	293
11590	285	0	0	0	0	285
11591	0	307	0	0	0	307
11592	0	0	0	312	0	312
11593	0	0	0	311	0	311
11594	0	316	0	0	0	316
11595	316	0	0	0	0	316
11596	0	1	316	0	0	317
11597	0	0	0	315	0	315
11598	0	0	329	0	0	329
11599	0	0	0	327	0	327
11600	328	0	0	0	0	328
11601	1	0	0	330	0	331
11602	329	0	0	0	0	329
11603	331	0	0	0	0	331
11604	0	0	0	331	0	331
11605	0	0	338	0	0	338
11606	0	360	0	0	0	360
11607	0	0	0	357	0	357
11608	352	0	0	0	0	352
11609	0	0	363	0	0	363
11610	0	0	0	357	0	357
11611	0	0	0	363	0	363
11612	0	0	0	363	0	363
11613	370	0	0	0	0	370
11614	0	0	0	369	0	369
11615	0	0	1	370	0	371
11616	0	0	386	0	0	386
11617	0	0	0	381	0	381
11618	1	0	0	393	0	394
11619	1	0	0	399	0	400
11620	0	399	0	1	0	400
11621	1	1	0	388	0	390
11622	0	1	0	389	0	390
11623	374	0	0	0	0	374
11624	1	1	388	0	0	390
11625	0	0	372	1	0	373
11626	0	387	0	0	0	387
11627	0	1	0	391	0	392
11628	393	0	0	0	0	393
11629	0	0	1	393	0	394
11630	3	0	0	393	0	396
11631	0	0	1	398	0	399
11632	0	0	0	393	0	393
11633	1	0	0	393	0	394
11634	0	0	392	0	0	392
11635	1	0	0	393	0	394
11636	386	0	0	0	0	386
11637	0	390	0	3	0	393
11638	0	0	1	391	0	392
11639	0	0	0	388	0	388
11640	0	0	388	1	0	389
11641	1	0	0	384	0	385
11642	0	0	1	424	0	425
11643	433	0	1	1	0	435
11644	0	452	0	2	0	454
11645	0	0	0	458	0	458
11646	1	0	0	464	0	465
11647	0	0	0	462	0	462
11648	0	0	466	1	0	467
11649	0	0	460	0	0	460
11650	0	477	0	1	0	478
11651	0	490	0	2	0	492
11652	0	0	0	481	0	481
11653	0	496	0	0	0	496
11654	0	0	0	516	0	516
11655	0	0	0	561	0	561
11656	1	0	0	590	0	591
11657	0	0	1	658	0	659
11658	0	0	678	1	0	679
11659	0	0	1	670	0	671
11660	0	0	0	679	0	679
11661	1	2	0	688	0	691
11662	678	0	0	2	0	680
11663	1	700	0	1	0	702
11664	0	1	0	646	0	647
11665	0	684	0	2	0	686
11666	666	1	1	1	0	669
11667	589	1	0	0	0	590
11668	1	663	0	1	0	665
11669	1	672	1	0	0	674
11670	0	2	665	0	0	667
11671	0	685	1	2	0	688
11672	0	1	0	683	0	684
11673	682	0	0	1	0	683
11674	1	699	0	1	0	701
11675	0	2	0	703	0	705
11676	1	0	0	710	0	711
11677	0	1	0	714	0	715
11678	713	0	0	2	0	715
11679	1	0	710	0	0	711
11680	670	0	1	1	0	672
11681	1	692	1	0	0	694
11682	0	1	0	688	0	689
11683	0	0	687	1	0	688
11684	647	0	1	1	0	649
11685	1	684	0	0	0	685
11686	0	2	0	670	0	672
11687	0	671	0	1	0	672
11688	0	1	1	671	0	673
11689	0	1	0	674	0	675
11690	0	0	682	2	0	684
11691	4	0	655	0	0	659
11692	1	1	1	661	0	664
11693	2	0	668	2	0	672
11694	0	0	1	666	0	667
11695	0	0	0	663	0	663
11696	1	0	0	670	0	671
11697	668	0	1	1	0	670
11698	1	0	0	664	0	665
11699	0	1	672	1	0	674
11700	657	0	1	1	0	659
11701	1	0	2	682	0	685
11702	2	0	0	684	0	686
11703	677	1	1	4	0	683
11704	2	695	0	4	0	701
11705	1	2	1	692	0	696
11706	1	1	0	677	0	679
11707	667	1	0	3	0	671
11708	1	1	683	2	0	687
11709	1	0	3	673	0	677
11710	1	1	1	675	0	678
11711	1	1	1	663	0	666
11712	1	671	0	4	0	676
11713	0	3	0	663	0	666
11714	663	2	0	4	0	669
11715	2	663	1	2	0	668
11716	643	2	1	1	0	647
11717	1	661	2	1	0	665
11718	649	1	0	1	0	651
11719	1	2	644	1	0	648
11720	1	0	647	3	0	651
11721	639	0	2	2	0	643
11722	1	1	653	2	0	657
11723	3	0	1	647	0	651
11724	0	1	2	633	0	636
11725	2	0	1	651	0	654
11726	648	1	2	2	0	653
11727	2	0	641	4	0	647
11728	635	1	2	1	0	639
11729	3	0	1	661	0	665
11730	658	4	1	1	0	664
11731	1	0	0	665	0	666
11732	674	1	0	3	0	678
11733	1	1	1	738	0	741
11734	2	0	756	3	0	761
11735	762	1	4	2	0	769
11736	789	0	3	1	0	793
11737	4	0	1	792	0	797
11738	2	3	2	766	0	773
11739	1	799	0	7	0	807
11740	767	3	1	3	0	774
11741	2	794	0	3	0	799
11742	741	3	4	3	0	751
11743	3	3	750	2	0	758
11744	5	0	759	1	0	765
11745	1	0	738	1	0	740
11746	726	0	7	1	0	734
11747	3	751	2	2	0	758
11748	4	3	1	729	0	737
11749	724	3	0	6	0	733
11750	5	753	0	4	0	762
11751	3	13	1	690	0	707
11752	2	731	1	3	0	737
11753	1	708	2	2	0	713
11754	2	703	3	2	0	710
11755	618	17	3	3	0	641
11756	3	626	0	2	0	631
11757	3	530	0	1	0	534
11758	3	511	0	1	0	515
11759	510	5	2	0	0	517
11760	507	2	2	0	0	511
11761	7	0	500	0	0	507
11762	482	0	3	0	0	485
11763	498	0	4	1	0	503
11764	5	0	0	493	0	498
11765	500	2	1	2	0	505
11766	3	0	499	5	0	507
11767	4	517	2	1	0	524
11768	519	2	3	1	0	525
11769	3	3	3	533	0	542
11770	539	0	2	2	0	543
11771	3	0	528	3	0	534
11772	523	0	2	0	0	525
11773	3	1	3	534	0	541
11774	3	0	532	4	0	539
11775	2	523	2	3	0	530
11776	0	530	3	1	0	534
11777	1	5	1	515	0	522
11778	1	3	0	493	0	497
11779	0	523	0	8	0	531
11780	520	2	0	2	0	524
11781	515	2	0	1	0	518
11782	514	0	0	0	0	514
11783	4	525	0	0	0	529
11784	3	2	0	488	0	493
11785	0	529	1	1	0	531
11786	518	2	1	2	0	523
11787	513	2	0	1	0	516
11788	5	516	1	0	0	522
11789	520	2	0	1	0	523
11790	3	2	0	518	0	523
11791	2	1	0	512	0	515
11792	526	0	0	5	0	531
11793	505	2	0	2	0	509
11794	509	0	0	0	0	509
11795	5	1	1	506	0	513
11796	3	0	0	511	0	514
11797	0	0	516	4	0	520
11798	1	0	3	500	0	504
11799	0	1	2	496	0	499
11800	0	0	486	5	0	491
11801	1	1	482	2	0	486
11802	0	1	488	1	0	490
11803	1	0	5	484	0	490
11804	3	2	475	2	0	482
11805	0	2	2	475	0	479
11806	0	2	2	478	0	482
11807	2	1	477	4	0	484
11808	0	3	472	2	0	477
11809	1	1	4	461	0	467
11810	0	2	485	2	0	489
11811	1	2	483	2	0	488
11812	1	479	4	0	0	484
11813	483	2	3	0	0	488
11814	486	3	0	0	0	489
11815	485	1	1	1	0	488
11816	5	484	0	1	0	490
11817	5	478	0	0	0	483
11818	1	5	1	473	0	480
11819	1	2	1	467	0	471
11820	2	0	462	4	0	468
11821	1	1	2	462	0	466
11822	461	0	2	3	0	466
11823	3	0	1	438	0	442
11824	4	461	1	2	0	468
11825	481	3	1	3	0	488
11826	482	2	1	0	0	485
11827	485	1	0	2	0	488
11828	5	1	484	0	0	490
11829	2	1	3	475	0	481
11830	527	1	2	2	0	532
11831	4	2	525	3	0	534
11832	3	516	4	1	0	524
11833	1	466	3	0	0	470
11834	431	5	2	0	0	438
11835	1	431	0	0	0	432
11836	2	2	3	402	0	409
11837	1	3	416	1	0	421
11838	2	6	1	406	0	415
11839	397	3	2	1	0	403
11840	2	399	0	2	0	403
11841	393	1	0	2	0	396
11842	1	2	388	1	0	392
11843	4	0	1	370	0	375
11844	1	388	2	2	0	393
11845	2	1	0	389	0	392
11846	394	2	0	2	0	398
11847	391	0	0	3	0	394
11848	390	0	1	2	0	393
11849	395	0	0	1	0	396
11850	3	0	1	377	0	381
11851	2	0	394	1	0	397
11852	0	0	2	385	0	387
11853	0	396	3	0	0	399
11854	391	1	0	3	0	395
11855	1	2	396	0	0	399
11856	385	0	1	1	0	387
11857	1	0	2	388	0	391
11858	2	0	404	1	0	407
11859	0	0	2	403	0	405
11860	404	0	2	2	0	408
11861	406	0	1	2	0	409
11862	410	0	1	0	0	411
11863	2	1	400	0	0	403
11864	2	1	2	396	0	401
11865	1	1	406	1	0	409
11866	1	407	1	1	0	410
11867	386	4	4	0	0	394
11868	1	379	0	5	0	385
11869	355	1	1	2	0	359
11870	2	1	1	345	0	349
11871	2	355	2	2	0	361
11872	355	3	0	4	0	362
11873	3	2	361	0	0	366
11874	1	0	2	350	0	353
11875	354	2	1	2	0	359
11876	2	1	351	2	0	356
11877	2	0	2	346	0	350
11878	2	355	1	1	0	359
11879	2	1	1	362	0	366
11880	1	2	0	365	0	368
11881	356	0	0	2	0	358
11882	1	360	1	2	0	364
11883	1	1	1	352	0	355
11884	0	370	0	2	0	372
11885	0	2	0	368	0	370
11886	2	371	0	1	0	374
11887	370	1	1	1	0	373
11888	2	1	380	0	0	383
11889	2	1	1	374	0	378
11890	1	1	2	377	0	381
11891	0	0	2	377	0	379
11892	2	0	0	372	0	374
11893	0	1	366	3	0	370
11894	2	382	1	2	0	387
11895	378	1	4	1	0	384
11896	379	1	1	1	0	382
11897	2	386	1	1	0	390
11898	384	2	1	0	0	387
11899	383	1	0	1	0	385
11900	3	403	0	0	0	406
11901	4	1	0	394	0	399
11902	2	405	0	1	0	408
11903	403	3	1	1	0	408
11904	2	1	398	1	0	402
11905	384	1	3	0	0	388
11906	2	1	417	1	0	421
11907	3	0	2	411	0	416
11908	415	1	2	1	0	419
11909	2	0	414	1	0	417
11910	403	1	1	2	0	407
11911	413	1	1	1	0	416
11912	2	0	1	415	0	418
11913	3	433	2	1	0	439
11914	434	2	0	2	0	438
11915	2	2	0	431	0	435
11916	1	439	1	1	0	442
11917	436	1	0	3	0	440
11918	1	3	1	438	0	443
11919	2	476	0	2	0	480
11920	1	1	1	481	0	484
11921	490	1	0	5	0	496
11922	488	2	0	2	0	492
11923	490	0	0	2	0	492
11924	3	1	0	487	0	491
11925	2	0	1	475	0	478
11926	1	2	487	2	0	492
11927	3	0	1	489	0	493
11928	0	0	515	2	0	517
11929	0	0	471	1	0	472
11930	0	0	442	1	0	443
11931	0	466	1	0	0	467
11932	0	0	2	443	0	445
11933	0	519	1	0	0	520
11934	531	1	0	1	0	533
11935	524	0	0	2	0	526
11936	0	1	0	548	0	549
11937	1	0	567	0	0	568
11938	1	0	0	562	0	563
11939	0	0	582	1	0	583
11940	0	0	1	566	0	567
11941	0	593	0	1	0	594
11942	1	595	2	1	0	599
11943	586	0	1	1	0	588
11944	0	0	611	1	0	612
11945	0	1	0	608	0	609
11946	1	0	0	615	0	616
11947	622	0	1	1	0	624
11948	0	629	1	1	0	631
11949	625	1	0	1	0	627
11950	2	636	0	0	0	638
11951	617	1	0	0	0	618
11952	636	1	0	0	0	637
11953	2	1	0	651	0	654
11954	2	0	653	0	0	655
11955	637	1	0	0	0	638
11956	0	655	1	2	0	658
11957	661	1	1	0	0	663
11958	1	0	0	641	0	642
11959	1	1	1	630	0	633
11960	2	643	0	0	0	645
11961	0	1	1	628	0	630
11962	0	655	0	4	0	659
11963	1	1	1	649	0	652
11964	0	0	1	646	0	647
11965	637	1	1	0	0	639
11966	1	0	640	2	0	643
11967	0	639	0	2	0	641
11968	1	2	0	639	0	642
11969	645	0	1	0	0	646
11970	643	1	1	1	0	646
11971	644	1	0	1	0	646
11972	2	0	650	1	0	653
11973	653	0	0	1	0	654
11974	1	2	0	660	0	663
11975	657	0	1	1	0	659
11976	2	664	0	2	0	668
11977	2	0	0	662	0	664
11978	670	0	0	0	0	670
11979	0	682	0	4	0	686
11980	0	1	2	685	0	688
11981	2	0	715	0	0	717
11982	718	2	0	1	0	721
11983	752	2	1	1	0	756
11984	1	0	764	2	0	767
11985	2	750	0	1	0	753
11986	1	766	0	1	0	768
11987	0	1	1	764	0	766
11988	0	1	1	746	0	748
11989	0	0	2	755	0	757
11990	0	0	779	3	0	782
11991	769	1	1	0	0	771
11992	795	0	2	1	0	798
11993	819	2	0	0	0	821
11994	821	1	1	0	0	823
11995	834	0	0	1	0	835
11996	845	0	1	1	0	847
11997	3	0	0	877	0	880
11998	1	1	879	1	0	882
11999	2	0	880	1	0	883
12000	0	2	1	878	0	881
12001	2	0	1	867	0	870
12002	1	2	0	857	0	860
12003	1	889	0	3	0	893
12004	886	0	1	1	0	888
12005	1	905	0	1	0	907
12006	1	1	1	888	0	891
12007	874	1	1	0	0	876
12008	1	890	0	2	0	893
12009	3	0	0	885	0	888
12010	0	3	1	887	0	891
12011	0	0	0	881	0	881
12012	1	880	0	1	0	882
12013	1	1	0	882	0	884
12014	0	2	878	3	0	883
12015	0	1	1	891	0	893
12016	0	1	3	887	0	891
12017	2	1	0	935	0	938
12018	1	0	1	950	0	952
12019	2	2	934	4	0	942
12020	4	926	4	1	0	935
12021	4	2	1	921	0	928
12022	3	1	2	940	0	946
12023	4	0	0	917	0	921
12024	1	933	2	7	0	943
12025	3	947	2	4	0	956
12026	922	8	0	3	0	933
12027	4	3	0	909	0	916
12028	3	1	894	6	0	904
12029	0	886	6	6	0	898
12030	869	3	4	2	0	878
12031	4	4	855	2	0	865
12032	4	0	852	2	0	858
12033	5	1	819	2	0	827
12034	1	8	7	797	0	813
12035	0	1	807	5	0	813
12036	1	783	3	4	0	791
12037	1	4	3	752	0	760
12038	2	3	761	3	0	769
12039	0	0	6	741	0	747
12040	734	2	2	6	0	744
12041	2	1	733	4	0	740
12042	723	2	4	1	0	730
12043	4	735	2	3	0	744
12044	716	3	2	1	0	722
12045	4	4	0	716	0	724
12046	712	0	0	5	0	717
12047	702	2	2	4	0	710
12048	691	2	2	1	0	696
12049	6	702	2	1	0	711
12050	691	5	0	3	0	699
12051	690	2	3	2	0	697
12052	9	2	679	1	0	691
12053	4	670	5	2	0	681
12054	1	4	5	666	0	676
12055	1	5	2	665	0	673
12056	4	1	1	667	0	673
12057	1	0	662	9	0	672
12058	2	1	7	658	0	668
12059	0	4	664	8	0	676
12060	663	0	6	2	0	671
12061	665	0	5	2	0	672
12062	8	1	666	3	0	678
12063	665	1	6	3	0	675
12064	669	0	4	4	0	677
12065	668	3	2	1	0	674
12066	11	2	0	663	0	676
12067	7	5	667	5	0	684
12068	1	671	8	8	0	688
12069	4	8	3	665	0	680
12070	3	6	676	4	0	689
12071	3	0	664	5	0	672
12072	648	2	7	6	0	663
12073	5	668	6	2	0	681
12074	671	7	0	2	0	680
12075	659	3	2	5	0	669
12076	7	662	4	1	0	674
12077	655	4	3	3	0	665
12078	6	2	663	3	0	674
12079	3	4	657	3	0	667
12080	7	1	649	2	0	659
12081	4	610	8	2	0	624
12082	561	9	15	2	0	587
12083	561	2	3	3	0	569
12084	7	557	2	2	0	568
12085	2	564	3	3	0	572
12086	1	5	3	564	0	573
12087	2	3	2	564	0	571
12088	569	1	1	5	0	576
12089	2	569	1	5	0	577
12090	562	5	3	0	0	570
12091	547	3	2	0	0	552
12092	9	1	541	2	0	553
12093	2	532	6	3	0	543
12094	3	6	10	507	0	526
12095	495	3	2	5	0	505
12096	6	2	1	487	0	496
12097	457	1	1	4	0	463
12098	5	1	448	1	0	455
12099	3	447	4	0	0	454
12100	2	458	1	1	0	462
12101	4	7	2	423	0	436
12102	2	459	3	4	0	468
12103	455	10	1	0	0	466
12104	5	3	450	1	0	459
12105	426	2	5	0	0	433
12106	5	0	451	1	0	457
12107	2	1	5	443	0	451
12108	0	3	1	451	0	455
12109	2	1	0	458	0	461
12110	450	0	1	6	0	457
12111	7	1	457	1	0	466
12112	1	2	5	455	0	463
12113	1	1	1	446	0	449
12114	1	459	0	7	0	467
12115	2	445	2	2	0	451
12116	1	462	0	2	0	465
12117	4	8	1	417	0	430
12118	2	2	1	398	0	403
12119	0	376	1	3	0	380
12120	1	377	0	2	0	380
12121	385	1	0	1	0	387
12122	3	0	0	383	0	386
12123	0	372	0	2	0	374
12124	390	0	0	0	0	390
12125	0	0	1	394	0	395
12126	445	1	0	0	0	446
12127	0	1	0	470	0	471
12128	1	0	484	1	0	486
12129	0	491	1	0	0	492
12130	474	0	0	1	0	475
12131	1	0	488	0	0	489
12132	1	489	0	0	0	490
12133	0	0	1	492	0	493
12134	0	0	0	498	0	498
12135	0	1	0	490	0	491
12136	0	0	0	497	0	497
12137	2	0	493	0	0	495
12138	0	495	1	1	0	497
12139	0	0	0	495	0	495
12140	469	0	0	0	0	469
12141	0	499	0	0	0	499
12142	0	0	0	558	0	558
12143	0	1	553	0	0	554
12144	0	568	0	0	0	568
12145	3	0	2	492	0	497
12146	0	582	0	0	0	582
12147	586	0	0	1	0	587
12148	584	1	0	1	0	586
12149	2	0	591	0	0	593
12150	584	0	1	0	0	585
12151	602	0	0	1	0	603
12152	2	0	594	0	0	596
12153	1	602	1	0	0	604
12154	0	1	1	590	0	592
12155	0	1	0	602	0	603
12156	603	0	0	1	0	604
12157	1	0	0	591	0	592
12158	1	0	607	1	0	609
12159	553	0	1	0	0	554
12160	1	0	609	1	0	611
12161	1	615	2	0	0	618
12162	599	1	2	0	0	602
12163	1	1	613	0	0	615
12164	1	0	612	0	0	613
12165	0	620	2	0	0	622
12166	0	1	1	619	0	621
12167	1	1	622	1	0	625
12168	0	0	1	591	0	592
12169	0	0	1	620	0	621
12170	0	0	615	2	0	617
12171	0	623	1	1	0	625
12172	0	1	1	620	0	622
12173	612	1	0	1	0	614
12174	602	0	0	2	0	604
12175	2	0	1	609	0	612
12176	2	2	613	1	0	618
12177	0	0	647	1	0	648
12178	0	0	3	637	0	640
12179	0	1	629	1	0	631
12180	617	0	1	2	0	620
12181	1	0	1	655	0	657
12182	1	0	0	657	0	658
12183	0	662	0	4	0	666
12184	0	1	1	665	0	667
12185	0	2	654	1	0	657
12186	618	0	1	2	0	621
12187	644	0	1	0	0	645
12188	2	1	658	2	0	663
12189	2	0	1	693	0	696
12190	0	0	1	705	0	706
12191	1	1	709	2	0	713
12192	0	0	1	727	0	728
12193	0	1	1	735	0	737
12194	1	751	0	2	0	754
12195	0	1	0	793	0	794
12196	0	1	1	798	0	800
12197	813	0	0	3	0	816
12198	829	0	0	2	0	831
12199	835	0	1	0	0	836
12200	820	1	0	0	0	821
12201	816	0	0	1	0	817
12202	3	0	806	1	0	810
12203	2	0	1	795	0	798
12204	0	0	2	814	0	816
12205	0	0	816	3	0	819
12206	786	0	1	2	0	789
12207	791	0	3	1	0	795
12208	3	2	794	0	0	799
12209	791	0	1	0	0	792
12210	799	0	3	0	0	802
12211	3	0	808	0	0	811
12212	2	1	1	787	0	791
12213	0	860	2	2	0	864
12214	0	1	1	873	0	875
12215	1	2	0	873	0	876
12216	2	0	0	854	0	856
12217	2	0	841	3	0	846
12218	822	0	1	2	0	825
12219	845	0	3	1	0	849
12220	4	0	1	841	0	846
12221	3	0	828	3	0	834
12222	0	0	2	825	0	827
12223	1	0	850	1	0	852
12224	2	0	856	2	0	860
12225	1	864	4	1	0	870
12226	4	1	3	798	0	806
12227	791	2	6	2	0	801
12228	778	0	1	2	0	781
12229	784	0	1	1	0	786
12230	3	1	0	782	0	786
12231	2	827	1	3	0	833
12232	0	1	1	836	0	838
12233	0	2	845	4	0	851
12234	875	1	3	6	0	885
12235	933	4	3	0	0	940
12236	6	0	0	939	0	945
12237	4	0	0	940	0	944
12238	3	0	1	947	0	951
12239	3	0	942	4	0	949
12240	836	0	2	4	0	842
12241	1	933	5	1	0	940
12242	2	879	1	5	0	887
12243	0	3	872	1	0	876
12244	4	1	2	852	0	859
12245	3	1	864	1	0	869
12246	833	0	4	3	0	840
12247	4	2	1	848	0	855
12248	3	1	851	3	0	858
12249	1	877	4	2	0	884
12250	866	0	3	1	0	870
12251	3	4	894	0	0	901
12252	3	890	1	2	0	896
12253	1	876	4	5	0	886
12254	873	1	0	5	0	879
12255	0	1	3	890	0	894
12256	4	0	927	2	0	933
12257	3	930	1	4	0	938
12258	932	1	3	1	0	937
12259	950	4	1	1	0	956
12260	4	934	1	1	0	940
12261	1	0	954	2	0	957
12262	1	2	2	948	0	953
12263	943	3	2	1	0	949
12264	937	3	1	2	0	943
12265	2	0	948	3	0	953
12266	2	2	2	930	0	936
12267	2	2	2	940	0	946
12268	5	0	946	1	0	952
12269	2	2	939	2	0	945
12270	937	4	2	1	0	944
12271	952	2	3	1	0	958
12272	952	1	0	2	0	955
12273	955	0	2	2	0	959
12274	2	2	960	1	0	965
12275	954	2	1	1	0	958
12276	4	3	1	939	0	947
12277	1	1	951	3	0	956
12278	1	1	955	2	0	959
12279	0	953	3	3	0	959
12280	3	1	3	931	0	938
12281	5	2	925	0	0	932
12282	888	1	1	2	0	892
12283	1	2	4	858	0	865
12284	2	923	2	3	0	930
12285	929	0	1	5	0	935
12286	926	1	4	1	0	932
12287	3	0	937	0	0	940
12288	3	933	1	2	0	939
12289	1	1	2	896	0	900
12290	896	2	1	1	0	900
12291	1	2	3	886	0	892
12292	4	0	862	0	0	866
12293	795	0	1	2	0	798
12294	1	860	3	1	0	865
12295	2	815	2	6	0	825
12296	2	834	2	0	0	838
12297	819	3	7	1	0	830
12298	800	1	0	0	0	801
12299	809	0	1	1	0	811
12300	3	0	1	802	0	806
12301	1	1	832	2	0	836
12302	0	0	2	836	0	838
12303	840	0	2	1	0	843
12304	3	1	0	842	0	846
12305	858	0	0	1	0	859
12306	859	1	0	1	0	861
12307	863	0	0	0	0	863
12308	4	856	0	1	0	861
12309	844	2	1	0	0	847
12310	1	1	850	1	0	853
12311	1	0	869	1	0	871
12312	1	857	3	1	0	862
12313	2	3	2	809	0	816
12314	803	1	0	2	0	806
12315	2	0	804	1	0	807
12316	768	0	2	0	0	770
12317	1	1	1	800	0	803
12318	2	823	0	1	0	826
12319	0	1	0	832	0	833
12320	0	1	834	1	0	836
12321	763	1	1	2	0	767
12322	3	0	854	0	0	857
12323	2	1	829	0	0	832
12324	800	1	3	0	0	804
12325	1	817	1	0	0	819
12326	836	3	0	1	0	840
12327	838	1	0	0	0	839
12328	4	0	826	0	0	830
12329	810	0	3	2	0	815
12330	2	1	822	2	0	827
12331	1	0	791	1	0	793
12332	0	0	795	1	0	796
12333	1	768	5	0	0	774
12334	711	8	8	4	0	731
12335	701	1	0	3	0	705
12336	696	0	0	0	0	696
12337	701	0	0	0	0	701
12338	3	1	715	0	0	719
12339	3	0	1	710	0	714
12340	0	0	2	725	0	727
12341	723	0	2	4	0	729
12342	1	737	1	1	0	740
12343	1	3	0	736	0	740
12344	732	1	0	2	0	735
12345	2	0	758	1	0	761
12346	3	0	2	746	0	751
12347	0	0	762	4	0	766
12348	0	756	3	2	0	761
12349	2	1	5	739	0	747
12350	732	2	2	2	0	738
12351	3	0	0	744	0	747
12352	3	0	758	2	0	763
12353	0	779	3	2	0	784
12354	787	2	2	0	0	791
12355	2	3	785	0	0	790
12356	756	0	2	0	0	758
12357	5	771	2	0	0	778
12358	774	1	2	0	0	777
12359	779	2	0	0	0	781
12360	4	0	1	795	0	800
12361	2	0	797	3	0	802
12362	0	807	4	2	0	813
12363	0	4	4	858	0	866
12364	1	2	0	874	0	877
12365	2	0	0	923	0	925
12366	2	0	0	971	0	973
12367	1	1065	1	5	0	1072
12368	1117	3	1	2	0	1123
12369	4	1123	0	1	0	1128
12370	4	6	0	1152	0	1162
12371	1169	3	0	3	0	1175
12372	4	1	0	1169	0	1174
12373	3	0	1172	5	0	1180
12374	1	1165	5	3	0	1174
12375	0	4	4	1160	0	1168
12376	0	3	0	1170	0	1173
12377	1133	0	1	8	0	1142
12378	4	1	1133	4	0	1142
12379	1123	1	4	1	0	1129
12380	1124	1	3	0	0	1128
12381	1126	1	0	1	0	1128
12382	7	1	1130	1	0	1139
12383	4	1	4	1117	0	1126
12384	2	0	3	1129	0	1134
12385	1	0	1136	8	0	1145
12386	1	1	1149	3	0	1154
12387	1150	2	7	0	0	1159
12388	5	0	3	1175	0	1183
12389	1179	0	0	4	0	1183
12390	1201	0	3	4	0	1208
12391	9	1	2	1215	0	1227
12392	5	1	1270	5	0	1281
12393	1222	0	6	4	0	1232
12394	6	0	4	1275	0	1285
12395	5	1	1264	8	0	1278
12396	0	1258	5	6	0	1269
12397	1237	5	3	1	0	1246
12398	5	1256	2	1	0	1264
12399	6	7	1	1139	0	1153
12400	2	1266	0	6	0	1274
12401	1237	5	0	4	0	1246
12402	1242	2	0	1	0	1245
12403	7	1247	2	3	0	1259
12404	1244	5	2	2	0	1253
12405	1222	3	2	1	0	1228
12406	7	1217	0	3	0	1227
12407	1218	4	1	4	0	1227
12408	5	3	2	1210	0	1220
12409	5	1	1	1214	0	1221
12410	1214	1	1	6	0	1222
12411	8	1	0	1128	0	1137
12412	4	1172	1	5	0	1182
12413	1169	5	2	2	0	1178
12414	1155	3	1	2	0	1161
12415	7	1171	1	2	0	1181
12416	1171	6	2	0	0	1179
12417	1167	2	2	1	0	1172
12418	9	2	1	1147	0	1159
12419	6	1	1147	6	0	1160
12420	7	1142	4	6	0	1159
12421	1145	3	2	4	0	1154
12422	1125	2	1	2	0	1130
12423	12	0	1117	1	0	1130
12424	1105	2	5	4	0	1116
12425	8	1	1101	1	0	1111
12426	1075	1	4	3	0	1083
12427	5	3	2	1078	0	1088
12428	6	3	1082	4	0	1095
12429	4	2	1090	4	0	1100
12430	2	4	6	1067	0	1079
12431	3	2	4	1062	0	1071
12432	3	2	1040	7	0	1052
12433	3	3	4	1034	0	1044
12434	6	4	1041	4	0	1055
12435	5	2	5	1020	0	1032
12436	4	2	3	1001	0	1010
12437	5	1006	2	6	0	1019
12438	4	995	2	3	0	1004
12439	4	1007	0	4	0	1015
12440	5	6	2	996	0	1009
12441	3	3	5	996	0	1007
12442	2	2	983	10	0	997
12443	959	1	5	6	0	971
12444	977	1	3	2	0	983
12445	7	953	4	5	0	969
12446	951	5	5	1	0	962
12447	10	2	1	940	0	953
12448	945	1	0	10	0	956
12449	938	2	3	4	0	947
12450	6	3	3	929	0	941
12451	878	5	1	8	0	892
12452	6	868	4	4	0	882
12453	6	858	3	3	0	870
12454	4	9	1	802	0	816
12455	5	839	3	6	0	853
12456	7	7	3	822	0	839
12457	5	5	1	819	0	830
12458	806	3	3	7	0	819
12459	7	798	3	5	0	813
12460	786	6	2	4	0	798
12461	755	2	2	3	0	762
12462	8	757	4	3	0	772
12463	705	6	1	5	0	717
12464	7	2	689	2	0	700
12465	4	621	4	4	0	633
12466	559	6	2	4	0	571
12467	6	1	461	3	0	471
12468	3	395	2	2	0	402
12469	2	395	3	4	0	404
12470	356	4	8	1	0	369
12471	345	1	2	0	0	348
12472	348	1	0	2	0	351
12473	2	348	2	1	0	353
12474	1	2	1	346	0	350
12475	353	0	1	3	0	357
12476	349	1	0	1	0	351
12477	3	2	2	342	0	349
12478	2	3	343	3	0	351
12479	3	0	339	2	0	344
12480	2	1	2	338	0	343
12481	2	0	2	340	0	344
12482	3	1	339	2	0	345
12483	1	1	4	324	0	330
12484	3	331	0	2	0	336
12485	322	2	2	2	0	328
12486	2	1	2	307	0	312
12487	276	0	1	3	0	280
12488	3	288	1	1	0	293
12489	0	295	0	3	0	298
12490	269	1	1	0	0	271
12491	0	1	258	1	0	260
12492	191	1	0	1	0	193
12493	0	198	1	0	0	199
12494	0	0	0	176	0	176
12495	177	0	0	0	0	177
12496	0	0	0	175	0	175
12497	184	0	0	0	0	184
12498	180	0	1	0	0	181
12499	0	190	0	0	0	190
12500	175	0	0	0	0	175
12501	0	174	0	0	0	174
12502	173	0	0	0	0	173
12503	0	0	2	168	0	170
12504	168	0	0	0	0	168
12505	0	0	0	174	0	174
12506	185	0	0	0	0	185
12507	193	0	0	0	0	193
12508	196	0	0	0	0	196
12509	194	0	0	0	0	194
12510	195	0	0	0	0	195
12511	0	0	0	199	0	199
12512	195	0	0	0	0	195
12513	0	196	0	0	0	196
12514	0	0	197	0	0	197
12515	0	0	0	193	0	193
12516	0	0	199	0	0	199
12517	0	0	0	201	0	201
12518	0	0	206	0	0	206
12519	197	0	0	0	0	197
12520	0	0	0	201	0	201
12521	0	0	203	0	0	203
12522	0	0	222	0	0	222
12523	0	0	0	220	0	220
12524	244	0	0	0	0	244
12525	1	270	0	0	0	271
12526	268	1	0	0	0	269
12527	270	0	0	0	0	270
12528	1	275	0	0	0	276
12529	298	1	0	0	0	299
12530	1	0	0	300	0	301
12531	0	0	0	302	0	302
12532	0	0	0	302	0	302
12533	299	0	0	1	0	300
12534	1	310	0	0	0	311
12535	0	1	0	314	0	315
12536	0	0	0	322	0	322
12537	321	0	0	1	0	322
12538	1	0	0	322	0	323
12539	0	0	343	1	0	344
12540	1	370	2	2	0	375
12541	377	2	0	0	0	379
12542	2	0	0	363	0	365
12543	0	381	1	1	0	383
12544	382	2	0	0	0	384
12545	2	0	385	0	0	387
12546	0	382	1	0	0	383
12547	383	2	0	0	0	385
12548	2	0	0	385	0	387
12549	0	0	0	386	0	386
12550	0	1	389	2	0	392
12551	0	0	2	386	0	388
12552	0	0	430	2	0	432
12553	0	0	426	0	0	426
12554	0	0	445	0	0	445
12555	440	0	3	0	0	443
12556	440	0	0	0	0	440
12557	445	0	0	0	0	445
12558	2	0	0	439	0	441
12559	0	442	0	2	0	444
12560	0	448	0	0	0	448
12561	448	2	0	0	0	450
12562	455	0	0	0	0	455
12563	1	461	0	1	0	463
12564	455	2	0	0	0	457
12565	2	0	454	0	0	456
12566	0	1	459	0	0	460
12567	0	0	2	446	0	448
12568	0	0	0	477	0	477
12569	0	0	478	2	0	480
12570	0	0	2	468	0	470
12571	475	0	0	2	0	477
12572	2	0	475	0	0	477
12573	464	0	2	0	0	466
12574	2	0	0	476	0	478
12575	1	0	488	2	0	491
12576	0	499	2	0	0	501
12577	501	1	0	0	0	502
12578	2	0	496	2	0	500
12579	488	0	2	0	0	490
12580	2	0	0	499	0	501
12581	494	1	0	2	0	497
12582	2	1	524	0	0	527
12583	0	0	2	531	0	533
12584	560	0	0	3	0	563
12585	580	0	0	1	0	581
12586	600	0	0	0	0	600
12587	612	0	0	0	0	612
12588	2	0	0	591	0	593
12589	0	0	0	585	0	585
12590	0	0	597	2	0	599
12591	0	0	2	592	0	594
12592	0	0	0	588	0	588
12593	0	607	0	1	0	608
12594	617	3	0	0	0	620
12595	621	0	0	0	0	621
12596	2	654	0	0	0	656
12597	0	2	1	641	0	644
12598	0	0	0	647	0	647
12599	635	0	0	3	0	638
12600	2	0	663	1	0	666
12601	0	1	1	667	0	669
12602	1	1	688	1	0	691
12603	680	0	2	0	0	682
12604	698	0	0	0	0	698
12605	704	0	0	0	0	704
12606	2	0	0	690	0	692
12607	0	0	0	685	0	685
12608	675	0	0	3	0	678
12609	2	0	680	0	0	682
12610	0	0	2	679	0	681
12611	679	0	0	3	0	682
12612	2	1	0	682	0	685
12613	1	1	731	2	0	735
12614	1	0	729	0	0	730
12615	699	1	2	0	0	702
12616	2	735	1	1	0	739
12617	755	2	0	1	0	758
12618	768	1	0	0	0	769
12619	2	0	1	770	0	773
12620	0	0	0	773	0	773
12621	1	771	1	4	0	777
12622	765	0	1	1	0	767
12623	3	780	1	1	0	785
12624	1	782	1	0	0	784
12625	1	1	0	756	0	758
12626	757	0	0	2	0	759
12627	779	0	0	0	0	779
12628	1	0	1	776	0	778
12629	0	0	0	756	0	756
12630	2	0	0	748	0	750
12631	743	0	1	2	0	746
12632	1	0	752	1	0	754
12633	1	755	3	0	0	759
12634	750	1	0	1	0	752
12635	1	3	1	750	0	755
12636	1	0	757	1	0	759
12637	1	0	772	0	0	773
12638	0	779	1	1	0	781
12639	0	781	0	1	0	782
12640	2	4	0	736	0	742
12641	1	738	0	1	0	740
12642	0	1	0	740	0	741
12643	1	2	0	744	0	747
12644	760	0	0	0	0	760
12645	1	1	0	755	0	757
12646	0	1	0	761	0	762
12647	0	0	759	2	0	761
12648	1	0	0	769	0	770
12649	778	0	0	1	0	779
12650	781	0	0	1	0	782
12651	0	857	1	0	0	858
12652	825	1	0	1	0	827
12653	2	1	821	0	0	824
12654	0	826	1	0	0	827
12655	0	1	1	843	0	845
12656	1	0	0	864	0	865
12657	0	1	0	871	0	872
12658	873	1	1	1	0	876
12659	812	0	1	2	0	815
12660	1	1	869	0	0	871
12661	0	1	867	1	0	869
12662	0	1	896	1	0	898
12663	1	901	0	0	0	902
12664	0	909	0	2	0	911
12665	914	2	0	2	0	918
12666	909	0	1	0	0	910
12667	0	0	0	930	0	930
12668	1	0	0	919	0	920
12669	1	967	1	2	0	971
12670	0	1	0	993	0	994
12671	2	0	992	1	0	995
12672	1	1005	1	2	0	1009
12673	0	2	1	1002	0	1005
12674	1	1	1037	1	0	1040
12675	2	0	1	967	0	970
12676	0	1044	1	1	0	1046
12677	1058	0	0	3	0	1061
12678	1061	1	0	1	0	1063
12679	1078	0	1	1	0	1080
12680	3	0	0	1093	0	1096
12681	3	0	1	1091	0	1095
12682	1109	1	1	3	0	1114
12683	1	1105	1	2	0	1109
12684	1133	1	1	0	0	1135
12685	1	1	1194	0	0	1196
12686	1194	1	2	2	0	1199
12687	1199	0	4	1	0	1204
12688	6	2	0	1185	0	1193
12689	1224	0	0	5	0	1229
12690	1245	0	1	5	0	1251
12691	5	2	0	1249	0	1256
12692	4	0	1251	3	0	1258
12693	1185	0	2	3	0	1190
12694	3	1	1273	0	0	1277
12695	3	1287	4	2	0	1296
12696	1	7	5	1295	0	1308
12697	0	4	0	1300	0	1304
12698	1383	1	0	6	0	1390
12699	3	0	1419	3	0	1425
12700	3	2	3	1291	0	1299
12701	1	1413	4	5	0	1423
12702	0	1376	0	4	0	1380
12703	0	8	0	1374	0	1382
12704	0	4	1386	4	0	1394
12705	0	0	5	1388	0	1393
12706	0	1	4	1368	0	1373
12707	0	0	1382	8	0	1390
12708	0	1403	6	6	0	1415
12709	1328	3	6	0	0	1337
12710	3	1412	0	0	0	1415
12711	4	4	0	1374	0	1382
12712	1342	4	0	4	0	1350
12713	4	1340	0	8	0	1352
12714	4	4	1374	1	0	1383
12715	1307	5	3	1	0	1316
12716	4	1395	4	0	0	1403
12717	1379	5	1	0	0	1385
12718	5	4	1374	0	0	1383
12719	1355	0	5	0	0	1360
12720	4	1	5	1325	0	1335
12721	6	1	1371	3	0	1381
12722	1	0	4	1304	0	1309
12723	1	1337	5	5	0	1348
12724	1	3	0	1336	0	1340
12725	0	5	0	1334	0	1339
12726	0	0	1331	9	0	1340
12727	1	0	4	1303	0	1308
12728	0	0	1222	4	0	1226
12729	0	1311	4	5	0	1320
12730	0	4	5	1305	0	1314
12731	1	5	1322	4	0	1332
12732	1	1331	5	6	0	1343
12733	1	1345	6	2	0	1354
12734	0	10	1342	2	0	1354
12735	0	7	1346	0	0	1353
12736	0	1	9	1325	0	1335
12737	1315	1	6	5	0	1327
12738	5	1319	1	5	0	1330
12739	5	5	0	1284	0	1294
12740	1282	5	0	5	0	1292
12741	5	1305	1	7	0	1318
12742	1306	4	0	1	0	1311
12743	6	1333	1	1	0	1341
12744	1325	6	1	1	0	1333
12745	1331	5	1	2	0	1339
12746	1352	1	1	1	0	1355
12747	14	1419	0	0	0	1433
12748	7	7	2	1412	0	1428
12749	1	5	1391	8	0	1405
12750	6	1388	5	8	0	1407
12751	3	8	7	1312	0	1330
12752	7	8	1	1326	0	1342
12753	3	1	1313	12	0	1329
12754	6	1285	6	10	0	1307
12755	1273	5	10	0	0	1288
12756	7	1267	1	5	0	1280
12757	10	6	3	1246	0	1265
12758	3	9	1250	7	0	1269
12759	1205	0	5	11	0	1221
12760	5	1	11	1256	0	1273
12761	13	1	1242	7	0	1263
12762	1182	1	11	10	0	1204
12763	5	1217	9	1	0	1232
12764	1215	8	2	5	0	1230
12765	1204	9	2	5	0	1220
12766	14	2	0	1207	0	1223
12767	6	2	1207	6	0	1221
12768	0	1186	7	13	0	1206
12769	1	11	1161	3	0	1176
12770	1	10	8	1116	0	1135
12771	0	3	7	1142	0	1152
12772	1121	1	5	11	0	1138
12773	6	4	1125	9	0	1144
12774	8	1084	5	5	0	1102
12775	3	5	10	1077	0	1095
12776	2	11	0	1069	0	1082
12777	1066	0	3	12	0	1081
12778	6	1069	1	6	0	1082
12779	6	7	2	1029	0	1044
12780	1004	7	1	6	0	1018
12781	3	994	1	8	0	1006
12782	962	5	3	2	0	972
12783	943	6	3	1	0	953
12784	8	928	4	2	0	942
12785	810	5	0	1	0	816
12786	3	818	0	1	0	822
12787	816	3	2	1	0	822
12788	810	4	1	1	0	816
12789	7	797	1	3	0	808
12790	754	3	2	2	0	761
12791	771	4	1	0	0	776
12792	769	0	0	1	0	770
12793	7	1	760	0	0	768
12794	3	1	721	1	0	726
12795	1	0	734	0	0	735
12796	704	2	10	0	0	716
12797	3	0	700	1	0	704
12798	3	1	608	0	0	612
12799	4	2	4	560	0	570
12800	570	0	2	1	0	573
12801	3	0	575	2	0	580
12802	3	0	591	0	0	594
12803	0	0	5	578	0	583
12804	1	0	3	579	0	583
12805	0	0	1	586	0	587
12806	1	0	581	4	0	586
12807	0	0	3	578	0	581
12808	570	0	3	2	0	575
12809	2	578	1	8	0	589
12810	3	2	1	573	0	579
12811	0	3	1	577	0	581
12812	0	0	586	5	0	591
12813	0	576	2	4	0	582
12814	555	2	3	1	0	561
12815	2	567	0	2	0	571
12816	3	4	1	552	0	560
12817	0	4	555	3	0	562
12818	1	0	3	593	0	597
12819	0	1	2	602	0	605
12820	619	0	0	4	0	623
12821	2	1	0	595	0	598
12822	1	609	2	1	0	613
12823	1	613	0	3	0	617
12824	1	5	622	0	0	628
12825	612	2	3	0	0	617
12826	3	0	1	616	0	620
12827	1	0	1	623	0	625
12828	0	0	1	624	0	625
12829	627	1	0	4	0	632
12830	3	626	1	1	0	631
12831	619	2	0	2	0	623
12832	2	2	595	1	0	600
12833	2	1	582	0	0	585
12834	580	1	4	0	0	585
12835	3	1	4	581	0	589
12836	1	0	0	586	0	587
12837	0	0	0	590	0	590
12838	1	1	588	3	0	593
12839	584	2	2	1	0	589
12840	593	0	1	1	0	595
12841	570	0	0	0	0	570
12842	4	1	0	558	0	563
12843	2	0	547	2	0	551
12844	0	0	541	1	0	542
12845	0	1	540	0	0	541
12846	1	511	3	0	0	515
12847	1	2	7	437	0	447
12848	432	0	1	2	0	435
12849	2	0	433	0	0	435
12850	437	0	2	0	0	439
12851	2	0	0	441	0	443
12852	0	0	0	435	0	435
12853	0	435	0	1	0	436
12854	0	436	0	3	0	439
12855	0	443	0	0	0	443
12856	0	2	0	442	0	444
12857	442	0	0	2	0	444
12858	438	0	0	0	0	438
12859	2	0	438	0	0	440
12860	431	0	2	0	0	433
12861	2	1	435	0	0	438
12862	0	0	2	425	0	427
12863	0	0	425	2	0	427
12864	431	0	2	1	0	434
12865	2	0	0	416	0	418
12866	1	0	430	1	0	432
12867	1	0	425	1	0	427
12868	416	1	2	0	0	419
12869	417	1	0	0	0	418
12870	2	425	2	0	0	429
12871	1	2	0	421	0	424
12872	0	0	423	3	0	426
12873	0	0	414	1	0	415
12874	0	2	2	410	0	414
12875	402	0	5	2	0	409
12876	2	403	0	2	0	407
12877	1	1	0	401	0	403
12878	408	0	1	2	0	411
12879	2	0	1	400	0	403
12880	1	408	0	2	0	411
12881	0	2	0	407	0	409
12882	404	0	0	3	0	407
12883	2	0	0	404	0	406
12884	401	0	1	2	0	404
12885	3	418	0	0	0	421
12886	417	2	0	0	0	419
12887	3	0	411	0	0	414
12888	403	0	2	1	0	406
12889	411	0	3	0	0	414
12890	2	418	1	0	0	421
12891	0	6	2	388	0	396
12892	0	1	402	2	0	405
12893	0	0	404	1	0	405
12894	372	2	1	1	0	376
12895	353	0	3	0	0	356
12896	2	368	0	0	0	370
12897	0	371	1	1	0	373
12898	364	1	0	0	0	365
12899	1	371	0	0	0	372
12900	0	380	0	0	0	380
12901	0	2	0	374	0	376
12902	0	0	0	367	0	367
12903	1	0	380	1	0	382
12904	1	0	1	379	0	381
12905	382	0	1	1	0	384
12906	2	0	380	0	0	382
12907	0	0	393	0	0	393
12908	0	0	1	388	0	389
12909	0	0	1	388	0	389
12910	1	0	0	395	0	396
12911	1	0	397	2	0	400
12912	1	0	1	375	0	377
12913	0	0	1	390	0	391
12914	384	0	0	1	0	385
12915	1	379	0	0	0	380
12916	378	1	0	0	0	379
12917	1	0	386	0	0	387
12918	328	0	1	0	0	329
12919	1	354	0	0	0	355
12920	318	1	0	0	0	319
12921	1	325	0	0	0	326
12922	315	1	2	0	0	318
12923	0	313	0	0	0	313
12924	0	314	0	0	0	314
12925	3	0	1	313	0	317
12926	317	0	0	0	0	317
12927	315	0	0	0	0	315
12928	325	0	0	0	0	325
12929	0	0	320	0	0	320
12930	0	0	324	0	0	324
12931	0	0	0	323	0	323
12932	0	339	0	0	0	339
12933	1	350	0	0	0	351
12934	0	0	0	345	0	345
12935	344	0	0	0	0	344
12936	345	0	0	0	0	345
12937	349	0	0	0	0	349
12938	0	0	359	0	0	359
12939	0	0	0	357	0	357
12940	0	0	376	0	0	376
12941	375	0	0	0	0	375
12942	376	0	0	1	0	377
12943	0	0	387	0	0	387
12944	0	0	0	391	0	391
12945	388	0	0	0	0	388
12946	0	0	0	406	0	406
12947	0	0	0	411	0	411
12948	0	0	0	451	0	451
12949	453	0	0	1	0	454
12950	1	0	0	493	0	494
12951	501	0	0	1	0	502
12952	1	557	0	0	0	558
12953	0	0	0	591	0	591
12954	0	0	0	590	0	590
12955	0	0	0	573	0	573
12956	579	0	0	1	0	580
12957	1	0	0	582	0	583
12958	0	0	0	541	0	541
12959	588	0	0	1	0	589
12960	596	0	0	0	0	596
12961	589	0	0	0	0	589
12962	1	0	594	0	0	595
12963	0	0	573	0	0	573
12964	591	0	1	0	0	592
12965	1	0	0	594	0	595
12966	0	0	0	552	0	552
12967	603	0	0	2	0	605
12968	600	0	0	0	0	600
12969	579	0	0	0	0	579
12970	2	599	0	0	0	601
12971	598	1	0	0	0	599
12972	576	0	1	0	0	577
12973	2	602	1	0	0	605
12974	0	596	0	1	0	597
12975	0	2	0	554	0	556
12976	616	1	0	1	0	618
12977	614	0	0	2	0	616
12978	606	0	0	0	0	606
12979	2	0	0	598	0	600
12980	607	0	0	1	0	608
12981	1	0	622	0	0	623
12982	589	0	1	1	0	591
12983	1	0	610	0	0	611
12984	2	0	595	0	0	597
12985	1	0	0	585	0	586
12986	584	0	2	1	0	587
12987	1	0	0	591	0	592
12988	0	0	604	1	0	605
12989	0	0	621	1	0	622
12990	0	0	1	616	0	617
12991	595	0	0	2	0	597
12992	3	627	1	0	0	631
12993	1	1	0	630	0	632
12994	1	0	1	628	0	630
12995	0	1	648	2	0	651
12996	0	0	640	1	0	641
12997	1	0	1	647	0	649
12998	639	0	0	2	0	641
12999	2	0	647	0	0	649
13000	0	0	1	638	0	639
13001	2	0	0	639	0	641
13002	1	0	0	633	0	634
13003	628	0	0	4	0	632
13004	2	1	596	2	0	601
13005	1	633	2	0	0	636
13006	0	1	1	634	0	636
13007	2	0	638	1	0	641
13008	0	635	1	2	0	638
13009	0	638	0	2	0	640
13010	632	1	0	4	0	637
13011	2	622	0	6	0	630
13012	631	1	0	0	0	632
13013	1	1	627	3	0	632
13014	1	0	1	629	0	631
13015	627	0	0	3	0	630
13016	4	650	0	0	0	654
13017	2	2	649	1	0	654
13018	0	1	3	606	0	610
13019	2	641	2	2	0	647
13020	4	2	0	637	0	643
13021	637	0	0	5	0	642
13022	2	652	1	3	0	658
13023	652	2	1	0	0	655
13024	649	0	0	0	0	649
13025	4	0	650	1	0	655
13026	0	699	3	1	0	703
13027	3	4	0	724	0	731
13028	1	1	759	2	0	763
13029	0	2	833	1	0	836
13030	0	4	3	855	0	862
13031	886	0	2	1	0	889
13032	866	0	0	1	0	867
13033	7	1	0	879	0	887
13034	4	2	889	2	0	897
13035	0	893	3	3	0	899
13036	920	2	2	0	0	924
13037	908	2	1	0	0	911
13038	6	906	1	2	0	915
13039	901	2	1	1	0	905
13040	3	2	894	0	0	899
13041	883	0	3	1	0	887
13042	863	0	2	0	0	865
13043	4	1	894	1	0	900
13044	1	0	3	874	0	878
13045	0	0	890	3	0	893
13046	1	865	2	5	0	873
13047	0	867	2	1	0	870
13048	1	8	1	815	0	825
13049	0	3	831	2	0	836
13050	0	782	1	3	0	786
13051	1	761	3	0	0	765
13052	703	6	1	4	0	714
13053	706	2	0	0	0	708
13054	3	0	0	713	0	716
13055	1	0	0	698	0	699
13056	0	730	0	3	0	733
13057	715	1	0	3	0	719
13058	728	2	0	0	0	730
13059	3	728	0	0	0	731
13060	2	5	0	722	0	729
13061	0	2	731	1	0	734
13062	0	0	1	727	0	728
13063	726	0	2	1	0	729
13064	1	0	0	733	0	734
13065	2	0	0	743	0	745
13066	756	0	0	3	0	759
13067	2	0	0	748	0	750
13068	2	750	0	1	0	753
13069	0	1	1	764	0	766
13070	0	2	0	764	0	766
13071	0	0	0	749	0	749
13072	0	768	1	3	0	772
13073	0	1	0	760	0	761
13074	0	2	749	1	0	752
13075	1	0	1	736	0	738
13076	0	1	745	1	0	747
13077	0	744	1	2	0	747
13078	0	1	2	757	0	760
13079	0	2	0	757	0	759
13080	0	0	0	759	0	759
13081	0	0	0	750	0	750
13082	0	0	745	3	0	748
13083	0	749	2	3	0	754
13084	0	1	2	761	0	764
13085	0	2	769	1	0	772
13086	0	0	1	773	0	774
13087	774	0	2	1	0	777
13088	1	0	766	2	0	769
13089	740	0	1	0	0	741
13090	1	0	2	761	0	764
13091	3	0	770	1	0	774
13092	1	756	0	2	0	759
13093	0	1	2	752	0	755
13094	0	2	769	1	0	772
13095	0	762	2	2	0	766
13096	1	1	3	756	0	761
13097	756	2	1	1	0	760
13098	764	1	0	2	0	767
13099	782	0	0	0	0	782
13100	5	0	777	0	0	782
13101	4	788	1	0	0	793
13102	0	1	3	791	0	795
13103	0	2	1	823	0	826
13104	843	0	1	4	0	848
13105	2	859	1	2	0	864
13106	876	3	1	0	0	880
13107	860	3	0	1	0	864
13108	870	0	1	1	0	872
13109	4	1	870	0	0	875
13110	874	1	2	1	0	878
13111	3	1	2	878	0	884
13112	3	1	0	880	0	884
13113	868	0	0	5	0	873
13114	4	0	0	861	0	865
13115	3	861	0	3	0	867
13116	1	3	0	839	0	843
13117	824	2	1	2	0	829
13118	3	1	820	2	0	826
13119	2	816	1	1	0	820
13120	0	1	2	815	0	818
13121	804	2	2	1	0	809
13122	1	1	804	3	0	809
13123	4	10	2	784	0	800
13124	3	0	790	2	0	795
13125	3	0	777	3	0	783
13126	1	0	742	0	0	743
13127	1	0	716	0	0	717
13128	1	1	688	1	0	691
13129	572	6	20	1	0	599
13130	2	579	0	0	0	581
13131	545	1	1	1	0	548
13132	546	1	0	0	0	547
13133	1	549	0	1	0	551
13134	0	544	0	3	0	547
13135	549	2	0	0	0	551
13136	540	2	0	0	0	542
13137	1	0	0	531	0	532
13138	1	551	0	1	0	553
13139	557	1	1	0	0	559
13140	1	557	0	1	0	559
13141	0	1	1	556	0	558
13142	556	0	1	1	0	558
13143	550	0	1	1	0	552
13144	2	0	1	552	0	555
13145	1	0	0	558	0	559
13146	0	0	558	2	0	560
13147	1	1	1	552	0	555
13148	3	0	550	1	0	554
13149	1	0	1	528	0	530
13150	0	1	1	537	0	539
13151	542	1	0	2	0	545
13152	540	0	0	2	0	542
13153	3	0	533	0	0	536
13154	525	0	1	0	0	526
13155	1	1	1	524	0	527
13156	2	2	526	1	0	531
13157	0	1	1	522	0	524
13158	0	0	1	552	0	553
13159	2	0	555	2	0	559
13160	1	0	1	573	0	575
13161	0	0	591	2	0	593
13162	0	0	1	611	0	612
13163	663	0	2	1	0	666
13164	2	679	0	2	0	683
13165	681	1	1	0	0	683
13166	1	683	0	2	0	686
13167	668	1	0	1	0	670
13168	2	674	0	0	0	676
13169	657	1	0	0	0	658
13170	1	665	0	0	0	666
13171	3	1	0	664	0	668
13172	0	2	660	2	0	664
13173	0	0	664	2	0	666
13174	0	0	3	661	0	664
13175	654	0	2	2	0	658
13176	1	664	1	4	0	670
13177	2	1	0	661	0	664
13178	0	2	662	1	0	665
13179	0	0	666	3	0	669
13180	1	2	3	617	0	623
13181	0	665	2	1	0	668
13182	662	1	0	2	0	665
13183	1	3	674	0	0	678
13184	3	0	664	0	0	667
13185	0	663	3	1	0	667
13186	650	2	2	0	0	654
13187	653	2	0	0	0	655
13188	3	0	0	649	0	652
13189	661	0	0	1	0	662
13190	638	0	0	2	0	640
13191	3	640	0	0	0	643
13192	637	1	0	0	0	638
13193	3	2	663	0	0	668
13194	2	0	1	637	0	640
13195	0	0	2	638	0	640
13196	635	0	0	3	0	638
13197	1	643	0	2	0	646
13198	633	1	1	0	0	635
13199	1	649	0	0	0	650
13200	2	631	1	1	0	635
13201	0	3	632	0	0	635
13202	3	2	611	1	0	617
13203	558	3	9	2	0	572
13204	553	3	4	0	0	560
13205	2	0	549	0	0	551
13206	2	535	0	0	0	537
13207	0	535	2	0	0	537
13208	523	2	2	0	0	527
13209	513	2	0	0	0	515
13210	2	0	0	525	0	527
13211	526	0	0	0	0	526
13212	0	0	0	525	0	525
13213	2	0	529	0	0	531
13214	0	0	523	2	0	525
13215	533	0	2	0	0	535
13216	1	0	2	516	0	519
13217	2	571	0	0	0	573
13218	573	0	0	3	0	576
13219	571	2	0	0	0	573
13220	2	0	579	0	0	581
13221	585	0	0	0	0	585
13222	585	0	2	0	0	587
13223	2	0	0	582	0	584
13224	3	588	0	0	0	591
13225	0	616	0	3	0	619
13226	0	3	0	614	0	617
13227	0	3	0	607	0	610
13228	0	0	1	606	0	607
13229	0	0	602	4	0	606
13230	0	0	593	3	0	596
13231	0	0	3	587	0	590
13232	2	0	596	0	0	598
13233	0	2	593	3	0	598
13234	1	0	3	581	0	585
13235	0	1	629	0	0	630
13236	1	624	0	3	0	628
13237	647	1	3	1	0	652
13238	1	4	0	632	0	637
13239	3	638	0	1	0	642
13240	0	0	661	3	0	664
13241	0	2	1	652	0	655
13242	0	0	688	0	0	688
13243	0	0	0	694	0	694
13244	1	0	2	710	0	713
13245	0	1	729	4	0	734
13246	0	0	2	720	0	722
13247	0	750	3	2	0	755
13248	0	2	1	754	0	757
13249	0	2	765	3	0	770
13250	0	1	2	763	0	766
13251	742	1	2	2	0	747
13252	2	767	2	2	0	773
13253	3	2	1	770	0	776
13254	0	3	793	2	0	798
13255	1	784	2	4	0	791
13256	1	781	2	0	0	784
13257	0	4	772	1	0	777
13258	0	2	2	740	0	744
13259	0	9	2	730	0	741
13260	1	0	735	4	0	740
13261	0	708	3	3	0	714
13262	0	710	2	1	0	713
13263	636	4	2	0	0	642
13264	2	650	0	0	0	652
13265	640	3	0	0	0	643
13266	6	1	0	625	0	632
13267	656	1	0	3	0	660
13268	3	0	667	1	0	671
13269	658	1	2	0	0	661
13270	3	0	1	675	0	679
13271	1	688	1	4	0	694
13272	688	2	0	4	0	694
13273	2	1	1	685	0	689
13274	1	697	1	2	0	701
13275	1	717	0	2	0	720
13276	715	3	1	1	0	720
13277	717	2	1	0	0	720
13278	728	1	0	1	0	730
13279	4	0	1	715	0	720
13280	2	710	0	2	0	714
13281	2	722	0	3	0	727
13282	0	3	1	727	0	731
13283	714	4	0	2	0	720
13284	704	3	1	2	0	710
13285	703	0	0	1	0	704
13286	4	2	728	0	0	734
13287	3	0	728	1	0	732
13288	742	1	3	2	0	748
13289	3	0	3	743	0	749
13290	1	0	2	758	0	761
13291	2	1	0	752	0	755
13292	0	0	0	757	0	757
13293	0	2	734	5	0	741
13294	2	0	2	722	0	726
13295	0	0	733	4	0	737
13296	672	2	3	2	0	679
13297	2	741	2	1	0	746
13298	2	2	3	748	0	755
13299	2	2	1	728	0	733
13300	725	3	1	3	0	732
13301	723	0	2	2	0	727
13302	724	1	0	3	0	728
13303	718	2	1	2	0	723
13304	4	2	728	1	0	735
13305	4	1	724	1	0	730
13306	2	1	4	723	0	730
13307	735	1	2	3	0	741
13308	728	1	2	2	0	733
13309	4	0	739	2	0	745
13310	3	0	2	719	0	724
13311	728	0	1	4	0	733
13312	3	0	2	728	0	733
13313	2	0	730	4	0	736
13314	1	0	2	724	0	727
13315	718	2	2	3	0	725
13316	3	779	2	5	0	789
13317	753	2	1	3	0	759
13318	761	2	1	1	0	765
13319	749	4	0	0	0	753
13320	5	1	0	754	0	760
13321	737	0	1	4	0	742
13322	4	795	1	2	0	802
13323	1	829	0	2	0	832
13324	2	5	1	818	0	826
13325	828	2	0	3	0	833
13326	2	870	3	0	0	875
13327	1029	4	1	1	0	1035
13328	1086	2	0	1	0	1089
13329	7	1141	0	0	0	1148
13330	2	6	0	1154	0	1162
13331	3	0	1	1176	0	1180
13332	1	0	1189	7	0	1197
13333	3	1	6	1161	0	1171
13334	2	1	1181	9	0	1193
13335	1	1159	7	1	0	1168
13336	1	11	3	1153	0	1168
13337	1121	2	0	7	0	1130
13338	1126	2	1	0	0	1129
13339	8	3	0	1133	0	1144
13340	1	1	1120	7	0	1129
13341	1056	2	7	1	0	1066
13342	8	1097	0	4	0	1109
13343	4	1076	0	2	0	1082
13344	1	1074	1	2	0	1078
13345	5	5	2	1036	0	1048
13346	0	2	1068	5	0	1075
13347	0	3	5	1052	0	1060
13348	0	3	1076	7	0	1086
13349	1	0	1061	2	0	1064
13350	2	0	1080	0	0	1082
13351	1	0	4	1040	0	1045
13352	0	0	3	1069	0	1072
13353	0	1	1	1081	0	1083
13354	2	0	2	1059	0	1063
13355	1068	0	0	6	0	1074
13356	6	1070	0	2	0	1078
13357	1053	4	0	4	0	1061
13358	4	1072	3	5	0	1084
13359	2	4	1	1076	0	1083
13360	0	1	0	1094	0	1095
13361	1099	1	0	4	0	1104
13362	1095	2	0	0	0	1097
13363	1098	0	0	3	0	1101
13364	1084	0	1	2	0	1087
13365	1078	0	0	1	0	1079
13366	4	1086	2	2	0	1094
13367	1060	4	2	0	0	1066
13368	5	1058	1	1	0	1065
13369	1046	4	0	1	0	1051
13370	4	2	1050	1	0	1057
13371	2	0	4	1030	0	1036
13372	1	1071	0	5	0	1077
13373	2	4	0	1068	0	1074
13374	1	1	1071	5	0	1078
13375	1	0	4	1037	0	1042
13376	1043	2	0	4	0	1049
13377	4	1070	0	2	0	1076
13378	1	1072	1	2	0	1076
13379	0	5	1098	1	0	1104
13380	2	4	4	1072	0	1082
13381	1	1129	0	5	0	1135
13382	1	6	0	1143	0	1150
13383	2	0	1153	6	0	1161
13384	0	1150	5	2	0	1157
13385	2	6	1135	0	0	1143
13386	0	1	1118	4	0	1123
13387	2	1	6	1096	0	1105
13388	1109	1	1	4	0	1115
13389	5	1	1	1119	0	1126
13390	1	2	1140	4	0	1147
13391	0	2	4	1126	0	1132
13392	1	2	1200	6	0	1209
13393	0	1	1219	3	0	1223
13394	1210	1	7	1	0	1219
13395	1274	1	1	3	0	1279
13396	1279	1	4	0	0	1284
13397	4	1	1287	1	0	1293
13398	1	0	1275	2	0	1278
13399	2	1	5	1246	0	1254
13400	2	0	2	1274	0	1278
13401	1271	0	2	7	0	1280
13402	6	1	2	1285	0	1294
13403	4	1	1301	5	0	1311
13404	1	1	1290	4	0	1296
13405	2	1314	6	0	0	1322
13406	0	6	1	1306	0	1313
13407	2	1	1326	8	0	1337
13408	2	1	7	1299	0	1309
13409	1303	1	2	7	0	1313
13410	5	2	1364	3	0	1374
13411	2	1	8	1342	0	1353
13412	2	1	3	1366	0	1372
13413	2	1	1361	8	0	1372
13414	4	0	6	1328	0	1338
13415	1	1	1361	6	0	1369
13416	1249	1	6	5	0	1261
13417	6	0	5	1277	0	1288
13418	1	1305	1	8	0	1315
13419	1306	5	1	2	0	1314
13420	1282	2	5	2	0	1291
13421	6	1307	2	6	0	1321
13422	14	66	3	1158	0	1241
13423	4	1223	0	4	0	1231
13424	3	1217	1	2	0	1223
13425	9	9	1158	1	0	1177
13426	4	1143	9	3	0	1159
13427	4	7	940	3	0	954
13428	763	9	2	0	0	774
13429	793	1	1	0	0	795
13430	1	840	2	0	0	843
13431	1	844	0	0	0	845
13432	0	874	2	0	0	876
13433	883	2	1	0	0	886
13434	2	1	1	911	0	915
13435	3	1	987	0	0	991
13436	0	994	1	1	0	996
13437	0	4	2	990	0	996
13438	3	4	1	939	0	947
13439	0	1094	1	4	0	1099
13440	1169	1	1	3	0	1174
13441	3	3	1190	0	0	1196
13442	2	1	3	1340	0	1346
13443	0	1487	2	11	0	1500
13444	1480	6	0	6	0	1492
13445	6	5	1491	0	0	1502
13446	5	1465	6	2	0	1478
13447	1	5	5	1458	0	1469
13448	0	5	1458	5	0	1468
13449	1396	1	6	6	0	1409
13450	6	1	5	1422	0	1434
13451	6	1	1435	5	0	1447
13452	0	1431	6	5	0	1442
13453	1403	6	5	2	0	1416
13454	6	1432	2	1	0	1441
13455	1437	5	2	1	0	1445
13456	1429	4	1	1	0	1435
13457	10	1	1	1411	0	1423
13458	6	1380	1	5	0	1392
13459	2	6	1404	4	0	1416
13460	2	5	6	1393	0	1406
13461	2	1	4	1276	0	1283
13462	2	0	0	1383	0	1385
13463	1	1	0	1384	0	1386
13464	0	0	2	1388	0	1390
13465	1378	1	2	10	0	1391
13466	1354	0	2	6	0	1362
13467	1338	2	0	3	0	1343
13468	9	1339	2	6	0	1356
13469	4	7	1366	2	0	1379
13470	1	5	1361	3	0	1370
13471	3	1	1370	1	0	1375
13472	3	0	10	1299	0	1312
13473	1	1	4	1343	0	1349
13474	1	1	1	1337	0	1340
13475	0	3	1337	10	0	1350
13476	0	1303	8	9	0	1320
13477	0	5	1314	1	0	1320
13478	3	5	1303	2	0	1313
13479	1	1	10	1254	0	1266
13480	0	1	1277	9	0	1287
13481	1	1	7	1226	0	1235
13482	1225	1	7	5	0	1238
13483	1205	3	2	5	0	1215
13484	11	0	1209	2	0	1222
13485	5	2	7	1175	0	1189
13486	1	3	1217	6	0	1227
13487	1	1212	7	9	0	1229
13488	1201	6	7	2	0	1216
13489	10	7	1202	0	0	1219
13490	7	1172	7	4	0	1190
13491	0	1165	8	1	0	1174
13492	0	1132	1	1	0	1134
13493	3	12	1076	1	0	1092
13494	1	18	8	1003	0	1030
13495	1	1046	6	3	0	1056
13496	2	9	0	1031	0	1042
13497	1	7	1	1028	0	1037
13498	1012	3	2	9	0	1026
13499	5	1018	3	8	0	1034
13500	1000	5	1	3	0	1009
13501	5	1009	1	1	0	1016
13502	4	996	0	4	0	1004
13503	1	8	979	3	0	991
13504	1	6	7	965	0	979
13505	2	2	967	5	0	976
13506	3	955	5	6	0	969
13507	1	7	953	0	0	961
13508	3	5	946	1	0	955
13509	1	943	11	1	0	956
13510	886	6	5	2	0	899
13511	5	905	3	0	0	913
13512	904	6	1	2	0	913
13513	5	4	903	3	0	915
13514	5	0	903	3	0	911
13515	0	898	10	1	0	909
13516	880	6	5	2	0	893
13517	6	883	1	11	0	901
13518	8	5	1	876	0	890
13519	881	4	1	6	0	892
13520	6	0	884	5	0	895
13521	4	2	6	876	0	888
13522	871	0	6	5	0	882
13523	6	872	2	4	0	884
13524	4	5	2	865	0	876
13525	1	5	860	8	0	874
13526	850	0	7	6	0	863
13527	5	1	5	860	0	871
13528	5	1	855	5	0	866
13529	0	1	7	835	0	843
13530	0	847	6	5	0	858
13531	0	6	842	5	0	853
13532	0	5	8	785	0	798
13533	765	0	5	6	0	776
13534	7	1	0	733	0	741
13535	667	1	0	4	0	672
13536	4	663	1	4	0	672
13537	659	4	2	2	0	667
13538	5	4	651	0	0	660
13539	3	2	543	1	0	549
13540	1	0	462	0	0	463
13541	0	431	15	1	0	447
13542	12	2	32	118	0	164
13543	0	1	0	120	0	121
13544	0	0	0	122	0	122
13545	0	0	0	121	0	121
13546	0	0	123	1	0	124
13547	119	0	0	1	0	120
13548	0	122	1	0	0	123
13549	125	0	0	0	0	125
13550	0	1	0	124	0	125
13551	1	128	0	0	0	129
13552	0	0	3	123	0	126
13553	122	1	0	0	0	123
13554	0	126	0	1	0	127
13555	124	0	0	0	0	124
13556	120	1	0	0	0	121
13557	1	0	0	121	0	122
13558	1	0	125	0	0	126
13559	117	2	0	1	0	120
13560	0	0	1	119	0	120
13561	122	0	0	0	0	122
13562	126	0	0	1	0	127
13563	127	0	0	0	0	127
13564	1	0	126	0	0	127
13565	1	0	0	120	0	121
13566	120	0	1	0	0	121
13567	0	0	125	1	0	126
13568	1	122	1	0	0	124
13569	0	1	1	117	0	119
13570	0	1	115	0	0	116
13571	0	2	113	1	0	116
13572	0	1	0	110	0	111
13573	0	0	0	109	0	109
13574	0	1	0	110	0	111
13575	1	0	0	110	0	111
13576	0	0	111	0	0	111
13577	0	110	1	0	0	111
13578	0	1	0	113	0	114
13579	112	0	0	0	0	112
13580	107	1	0	1	0	109
13581	110	0	0	1	0	111
13582	1	0	0	110	0	111
13583	0	1	1	108	0	110
13584	0	109	0	1	0	110
13585	1	112	0	0	0	113
13586	0	1	0	104	0	105
13587	105	0	0	1	0	106
13588	103	0	1	0	0	104
13589	105	0	0	0	0	105
13590	105	0	0	1	0	106
13591	100	0	1	0	0	101
13592	0	108	0	0	0	108
13593	0	1	0	105	0	106
13594	111	0	1	0	0	112
13595	114	0	0	0	0	114
13596	1	0	0	114	0	115
13597	0	0	0	113	0	113
13598	1	0	122	0	0	123
13599	0	1	0	120	0	121
13600	1	0	0	121	0	122
13601	0	0	126	0	0	126
13602	0	0	1	123	0	124
13603	0	130	1	0	0	131
13604	0	2	134	0	0	136
13605	0	138	0	0	0	138
13606	0	0	0	140	0	140
13607	0	0	0	139	0	139
13608	0	140	0	0	0	140
13609	0	144	0	0	0	144
13610	144	0	0	0	0	144
13611	146	0	0	0	0	146
13612	0	0	145	0	0	145
13613	145	0	0	0	0	145
13614	154	0	0	0	0	154
13615	154	0	0	0	0	154
13616	152	0	1	0	0	153
13617	0	0	153	0	0	153
13618	0	0	166	0	0	166
13619	165	0	0	0	0	165
13620	0	173	0	0	0	173
13621	0	0	182	0	0	182
13622	183	0	0	0	0	183
13623	184	0	1	0	0	185
13624	0	0	187	0	0	187
13625	181	0	0	0	0	181
13626	0	0	0	203	0	203
13627	0	0	228	0	0	228
13628	210	0	0	2	0	212
13629	0	236	0	0	0	236
13630	242	0	0	0	0	242
13631	287	0	0	1	0	288
13632	0	0	0	292	0	292
13633	0	0	0	296	0	296
13634	0	0	0	300	0	300
13635	300	0	0	0	0	300
13636	320	0	0	0	0	320
13637	0	1	0	324	0	325
13638	0	0	0	323	0	323
13639	0	1	322	0	0	323
13640	308	0	0	0	0	308
13641	0	0	0	335	0	335
13642	0	0	0	335	0	335
13643	0	337	0	1	0	338
13644	0	0	0	338	0	338
13645	1	1	0	335	0	337
13646	327	0	0	1	0	328
13647	0	336	0	1	0	337
13648	1	0	0	337	0	338
13649	0	1	0	334	0	335
13650	0	0	0	340	0	340
13651	0	0	334	1	0	335
13652	0	0	0	336	0	336
13653	337	0	1	0	0	338
13654	0	0	340	1	0	341
13655	1	0	0	357	0	358
13656	0	0	1	359	0	360
13657	366	0	0	2	0	368
13658	356	0	0	2	0	358
13659	1	0	364	0	0	365
13660	347	0	0	1	0	348
13661	0	0	373	0	0	373
13662	373	0	0	0	0	373
13663	1	401	1	0	0	403
13664	409	1	0	0	0	410
13665	1	425	0	0	0	426
13666	434	1	0	0	0	435
13667	1	456	0	0	0	457
13668	1	1	0	457	0	459
13669	0	1	0	457	0	458
13670	0	0	0	460	0	460
13671	0	458	0	2	0	460
13672	0	1	0	455	0	456
13673	0	457	0	1	0	458
13674	0	1	0	461	0	462
13675	462	1	0	1	0	464
13676	462	0	0	1	0	463
13677	2	469	0	0	0	471
13678	1	1	0	466	0	468
13679	463	1	0	1	0	465
13680	1	478	0	3	0	482
13681	1	483	0	0	0	484
13682	485	2	0	0	0	487
13683	481	1	0	0	0	482
13684	2	482	0	0	0	484
13685	480	1	0	0	0	481
13686	1	1	0	487	0	489
13687	1	0	504	1	0	506
13688	501	0	1	1	0	503
13689	503	0	1	0	0	504
13690	2	0	518	0	0	520
13691	514	0	2	0	0	516
13692	528	0	1	0	0	529
13693	535	0	0	1	0	536
13694	3	536	0	0	0	539
13695	539	2	0	0	0	541
13696	547	1	0	0	0	548
13697	2	0	0	547	0	549
13698	1	0	0	562	0	563
13699	0	0	0	563	0	563
13700	566	0	0	3	0	569
13701	2	0	0	565	0	567
13702	579	0	0	2	0	581
13703	582	0	0	1	0	583
13704	3	0	0	577	0	580
13705	1	0	0	601	0	602
13706	0	0	0	601	0	601
13707	605	0	0	4	0	609
13708	2	609	0	2	0	613
13709	2	2	0	611	0	615
13710	0	2	0	622	0	624
13711	618	0	0	4	0	622
13712	616	0	0	2	0	618
13713	4	0	611	0	0	615
13714	2	0	624	0	0	626
13715	656	0	4	0	0	660
13716	3	0	2	680	0	685
13717	2	0	0	785	0	787
13718	0	0	788	6	0	794
13719	0	2	4	768	0	774
13720	0	793	3	4	0	800
13721	0	793	0	2	0	795
13722	778	6	1	1	0	786
13723	3	2	787	0	0	792
13724	2	810	3	0	0	815
13725	2	9	2	809	0	822
13726	2	2	795	6	0	805
13727	4	1	4	773	0	782
13728	1	1	2	789	0	793
13729	0	1	789	8	0	798
13730	1	788	5	3	0	797
13731	3	3	2	743	0	751
13732	739	2	1	5	0	747
13733	744	0	2	3	0	749
13734	746	0	3	0	0	749
13735	7	741	0	3	0	751
13736	726	5	0	2	0	733
13737	4	3	1	723	0	731
13738	3	0	726	4	0	733
13739	705	1	4	2	0	712
13740	4	733	2	0	0	739
13741	2	5	1	719	0	727
13742	1	1	3	710	0	715
13743	0	719	1	6	0	726
13744	0	5	0	725	0	730
13745	0	1	2	733	0	736
13746	1	1	3	735	0	740
13747	724	0	0	8	0	732
13748	726	1	1	2	0	730
13749	6	1	733	1	0	741
13750	2	1	5	735	0	743
13751	1	1	1	745	0	748
13752	3	0	0	744	0	747
13753	733	0	1	6	0	740
13754	5	2	722	2	0	731
13755	710	1	3	1	0	715
13756	721	1	1	1	0	724
13757	5	0	1	722	0	728
13758	725	0	1	4	0	730
13759	5	3	726	1	0	735
13760	712	1	4	2	0	719
13761	4	798	1	3	0	806
13762	1	3	789	2	0	795
13763	1	5	797	1	0	804
13764	2	6	7	776	0	791
13765	0	0	792	7	0	799
13766	757	0	4	7	0	768
13767	5	768	3	1	0	777
13768	771	4	1	2	0	778
13769	5	3	1	782	0	791
13770	5	0	785	7	0	797
13771	2	0	795	5	0	802
13772	4	1	7	787	0	799
13773	801	0	5	5	0	811
13774	6	800	1	4	0	811
13775	5	806	1	1	0	813
13776	799	8	0	2	0	809
13777	5	812	0	1	0	818
13778	811	4	2	0	0	817
13779	6	3	2	805	0	816
13780	800	1	0	5	0	806
13781	4	1	2	800	0	807
13782	812	0	2	4	0	818
13783	4	1	3	801	0	809
13784	5	809	1	5	0	820
13785	801	5	2	3	0	811
13786	5	813	2	2	0	822
13787	4	4	802	1	0	811
13788	3	3	3	755	0	764
13789	1	811	6	4	0	822
13790	800	4	1	3	0	808
13791	790	4	1	1	0	796
13792	9	792	0	5	0	806
13793	4	5	790	1	0	800
13794	1	5	4	783	0	793
13795	0	800	4	4	0	808
13796	2	4	0	798	0	804
13797	2	4	0	798	0	804
13798	780	1	0	7	0	788
13799	4	779	0	4	0	787
13800	5	4	0	788	0	797
13801	793	3	0	4	0	800
13802	791	1	0	3	0	795
13803	783	0	1	2	0	786
13804	9	1	0	785	0	795
13805	768	2	0	4	0	774
13806	5	774	1	2	0	782
13807	776	3	0	0	0	779
13808	3	788	1	0	0	792
13809	781	3	0	0	0	784
13810	773	2	0	0	0	775
13811	4	4	1	762	0	771
13812	3	0	790	3	0	796
13813	0	2	792	2	0	796
13814	1	786	5	0	0	792
13815	742	2	3	0	0	747
13816	2	5	734	0	0	741
13817	585	1	1	1	0	588
13818	1	606	2	0	0	609
13819	2	625	0	0	0	627
13820	1	3	0	649	0	653
13821	0	678	0	1	0	679
13822	1	1	687	3	0	692
13823	0	2	1	672	0	675
13824	0	717	3	1	0	721
13825	0	1	0	716	0	717
13826	728	2	0	2	0	732
13827	1	1	0	735	0	737
13828	3	0	737	1	0	741
13829	2	744	2	3	0	751
13830	0	2	3	740	0	745
13831	0	3	1	748	0	752
13832	0	1	0	749	0	750
13833	732	0	1	5	0	738
13834	737	0	0	3	0	740
13835	4	0	748	1	0	753
13836	4	0	742	0	0	746
13837	2	746	4	0	0	752
13838	749	1	3	0	0	753
13839	1	3	1	749	0	754
13840	3	1	0	751	0	755
13841	1	0	0	748	0	749
13842	0	0	0	754	0	754
13843	0	0	744	5	0	749
13844	717	0	1	4	0	722
13845	1	0	3	815	0	819
13846	4	0	812	3	0	819
13847	821	0	2	3	0	826
13848	897	0	3	1	0	901
13849	5	0	1025	0	0	1030
13850	5	0	1038	0	0	1043
13851	1	0	10	1025	0	1036
13852	1038	0	6	4	0	1048
13853	1033	0	1	5	0	1039
13854	9	0	0	1021	0	1030
13855	6	0	0	1043	0	1049
13856	2	0	1040	9	0	1051
13857	0	3	4	1017	0	1024
13858	1	1	1027	5	0	1034
13859	966	1	6	5	0	978
13860	4	1028	5	5	0	1042
13861	958	4	1	1	0	964
13862	4	958	0	2	0	964
13863	932	5	2	0	0	939
13864	4	3	0	924	0	931
13865	4	3	1	905	0	913
13866	918	0	0	9	0	927
13867	914	0	1	5	0	920
13868	916	0	0	2	0	918
13869	917	1	1	0	0	919
13870	9	1	903	0	0	913
13871	896	3	3	1	0	903
13872	899	0	4	3	0	906
13873	897	0	1	2	0	900
13874	9	0	0	888	0	897
13875	871	0	1	3	0	875
13876	6	872	1	4	0	883
13877	5	2	2	867	0	876
13878	2	4	1	867	0	874
13879	3	2	864	7	0	876
13880	3	1	3	854	0	861
13881	2	856	4	5	0	867
13882	845	3	3	6	0	857
13883	1	851	1	6	0	859
13884	854	6	2	1	0	863
13885	6	5	1	846	0	858
13886	832	2	0	7	0	841
13887	4	824	1	7	0	836
13888	824	3	3	4	0	834
13889	811	4	2	2	0	819
13890	10	2	3	810	0	825
13891	9	2	3	815	0	829
13892	4	1	812	9	0	826
13893	3	1	4	798	0	806
13894	4	0	4	799	0	807
13895	3	1	790	10	0	804
13896	1	0	4	791	0	796
13897	1	0	788	7	0	796
13898	768	0	6	7	0	781
13899	5	1	6	777	0	789
13900	7	1	767	4	0	779
13901	753	2	5	5	0	765
13902	6	2	5	757	0	770
13903	8	1	761	6	0	776
13904	741	1	6	6	0	754
13905	6	0	7	749	0	762
13906	8	0	2	746	0	756
13907	752	1	1	9	0	763
13908	10	0	1	738	0	749
13909	7	1	2	739	0	749
13910	7	0	1	719	0	727
13911	4	722	2	12	0	740
13912	698	3	3	9	0	713
13913	699	4	1	4	0	708
13914	12	1	2	687	0	702
13915	690	2	0	5	0	697
13916	682	2	1	6	0	691
13917	686	1	1	5	0	693
13918	649	3	2	2	0	656
13919	662	0	2	3	0	667
13920	10	3	610	3	0	626
13921	9	0	594	2	0	605
13922	574	1	6	2	0	583
13923	6	568	6	3	0	583
13924	8	1	1	534	0	544
13925	5	4	538	4	0	551
13926	4	2	522	4	0	532
13927	3	6	7	513	0	529
13928	513	2	5	8	0	528
13929	5	1	3	506	0	515
13930	5	0	502	6	0	513
13931	508	3	4	4	0	519
13932	4	1	4	508	0	517
13933	3	0	1	514	0	518
13934	1	1	3	513	0	518
13935	2	0	2	503	0	507
13936	2	1	492	11	0	506
13937	2	0	4	494	0	500
13938	491	1	3	5	0	500
13939	4	0	496	4	0	504
13940	495	0	4	2	0	501
13941	496	0	3	2	0	501
13942	501	1	2	2	0	506
13943	492	0	1	3	0	496
13944	10	483	0	2	0	495
13945	4	411	1	3	0	419
13946	1	422	0	3	0	426
13947	349	20	20	10	0	399
13948	2	7	318	5	0	332
13949	184	3	3	1	0	191
13950	4	1	1	170	0	176
13951	172	0	1	0	0	173
13952	1	1	0	171	0	173
13953	172	0	0	1	0	173
13954	1	0	0	171	0	172
13955	1	0	0	171	0	172
13956	156	1	0	1	0	158
13957	1	195	0	2	0	198
13958	2	0	192	1	0	195
13959	0	194	0	1	0	195
13960	0	1	168	1	0	170
13961	0	1	0	158	0	159
13962	162	1	2	0	0	165
13963	0	0	0	161	0	161
13964	161	0	0	1	0	162
13965	1	182	0	0	0	183
13966	0	0	197	1	0	198
13967	1	192	0	1	0	194
13968	0	190	0	0	0	190
13969	174	0	2	0	0	176
13970	170	1	0	0	0	171
13971	0	181	0	1	0	182
13972	0	0	0	182	0	182
13973	0	0	0	175	0	175
13974	175	0	0	1	0	176
13975	0	0	179	0	0	179
13976	1	1	178	0	0	180
13977	0	0	0	179	0	179
13978	0	0	182	0	0	182
13979	176	0	0	0	0	176
13980	180	0	0	0	0	180
13981	0	183	0	0	0	183
13982	0	0	185	0	0	185
13983	1	0	0	191	0	192
13984	0	0	199	0	0	199
13985	0	0	0	198	0	198
13986	199	0	0	0	0	199
13987	0	205	0	0	0	205
13988	0	0	224	0	0	224
13989	0	228	0	0	0	228
13990	0	235	0	1	0	236
13991	239	0	0	0	0	239
13992	235	0	0	0	0	235
13993	0	0	249	0	0	249
13994	0	252	1	0	0	253
13995	0	0	0	255	0	255
13996	0	0	1	253	0	254
13997	1	0	0	254	0	255
13998	1	0	259	0	0	260
13999	0	1	0	252	0	253
14000	0	0	1	270	0	271
14001	279	0	0	1	0	280
14002	281	0	1	0	0	282
14003	277	0	0	1	0	278
14004	275	0	0	0	0	275
14005	275	1	0	0	0	276
14006	0	273	1	0	0	274
14007	263	1	0	0	0	264
14008	0	1	265	0	0	266
14009	0	0	0	262	0	262
14010	266	0	0	0	0	266
14011	0	267	1	2	0	270
14012	270	1	0	0	0	271
14013	277	0	0	1	0	278
14014	0	0	0	277	0	277
14015	0	0	0	284	0	284
14016	0	302	1	0	0	303
14017	0	0	0	305	0	305
14018	0	0	316	1	0	317
14019	0	0	1	323	0	324
14020	1	0	332	1	0	334
14021	310	0	1	1	0	312
14022	2	0	1	333	0	336
14023	1	0	350	1	0	352
14024	0	347	1	1	0	349
14025	1	347	1	0	0	349
14026	339	2	1	0	0	342
14027	1	1	0	340	0	342
14028	0	0	370	1	0	371
14029	0	379	1	1	0	381
14030	1	1	389	0	0	391
14031	388	1	1	0	0	390
14032	388	0	1	1	0	390
14033	386	0	0	2	0	388
14034	2	0	0	396	0	398
14035	1	0	401	2	0	404
14036	0	400	2	2	0	404
14037	0	1	1	406	0	408
14038	0	1	405	1	0	407
14039	1	0	397	1	0	399
14040	0	0	2	398	0	400
14041	403	0	2	1	0	406
14042	1	1	0	404	0	406
14043	1	1	0	420	0	422
14044	0	0	435	2	0	437
14045	0	0	1	431	0	432
14046	0	0	2	434	0	436
14047	0	1	444	2	0	447
14048	0	0	451	1	0	452
14049	1	0	2	447	0	450
14050	1	0	455	1	0	457
14051	1	0	1	459	0	461
14052	459	0	1	2	0	462
14053	1	480	1	1	0	483
14054	1	2	0	490	0	493
14055	0	1	486	2	0	489
14056	441	0	2	1	0	444
14057	1	456	2	2	0	461
14058	469	1	0	1	0	471
14059	1	1	0	467	0	469
14060	1	0	0	469	0	470
14061	483	0	0	3	0	486
14062	1	0	492	1	0	494
14063	480	0	1	1	0	482
14064	1	0	1	495	0	497
14065	482	0	1	1	0	484
14066	470	0	1	1	0	472
14067	2	0	1	468	0	471
14068	1	486	1	0	0	488
14069	501	1	0	2	0	504
14070	505	1	0	0	0	506
14071	2	1	508	0	0	511
14072	506	0	1	0	0	507
14073	1	0	1	506	0	508
14074	1	519	0	1	0	521
14075	0	1	0	512	0	513
14076	0	521	0	1	0	522
14077	519	1	0	1	0	521
14078	535	1	0	0	0	536
14079	2	0	0	560	0	562
14080	1	1	559	1	0	562
14081	0	1	565	2	0	568
14082	0	0	3	574	0	577
14083	578	0	2	1	0	581
14084	626	0	0	2	0	628
14085	3	646	0	0	0	649
14086	2	1	0	648	0	651
14087	0	2	672	1	0	675
14088	1	0	691	2	0	694
14089	0	3	3	762	0	768
14090	845	0	2	1	0	848
14091	1	0	0	848	0	849
14092	2	0	843	1	0	846
14093	839	0	1	2	0	842
14094	1	0	2	840	0	843
14095	2	0	0	844	0	846
14096	0	0	0	834	0	834
14097	0	855	0	3	0	858
14098	0	1	856	2	0	859
14099	0	3	863	0	0	866
14100	0	0	3	850	0	853
14101	0	2	856	1	0	859
14102	837	0	1	2	0	840
14103	1	0	2	836	0	839
14104	2	0	0	842	0	844
14105	0	0	0	827	0	827
14106	0	849	0	4	0	853
14107	846	1	0	2	0	849
14108	2	2	0	846	0	850
14109	841	0	1	1	0	843
14110	2	851	0	2	0	855
14111	846	1	0	1	0	848
14112	836	3	0	0	0	839
14113	836	0	0	1	0	837
14114	3	841	0	0	0	844
14115	3	843	0	0	0	846
14116	815	3	0	0	0	818
14117	1	826	0	2	0	829
14118	1	0	822	0	0	823
14119	0	810	1	3	0	814
14120	0	808	1	0	0	809
14121	800	1	0	1	0	802
14122	1	1	803	0	0	805
14123	1	1	783	0	0	785
14124	0	0	1	772	0	773
14125	786	0	2	1	0	789
14126	0	0	799	1	0	800
14127	1	0	2	794	0	797
14128	2	0	776	1	0	779
14129	1	0	755	3	0	759
14130	715	0	2	2	0	719
14131	2	1	746	1	0	750
14132	2	1	0	738	0	741
14133	0	1	2	719	0	722
14134	0	736	2	3	0	741
14135	0	746	1	3	0	750
14136	1	1	3	741	0	746
14137	1	1	743	2	0	747
14138	1	0	1	735	0	737
14139	1	0	2	743	0	746
14140	1	0	755	3	0	759
14141	1	1	1	756	0	759
14142	758	0	2	2	0	762
14143	0	0	752	5	0	757
14144	747	1	1	0	0	749
14145	1	2	2	737	0	742
14146	2	0	2	757	0	761
14147	1	760	2	3	0	766
14148	2	1	0	759	0	762
14149	1	2	1	766	0	770
14150	766	1	0	3	0	770
14151	2	1	0	766	0	769
14152	1	4	1	761	0	767
14153	746	1	2	2	0	751
14154	1	3	0	747	0	751
14155	3	2	1	719	0	725
14156	2	749	1	2	0	754
14157	758	1	1	2	0	762
14158	1	3	1	754	0	759
14159	3	0	0	756	0	759
14160	2	3	764	1	0	770
14161	2	1	2	751	0	756
14162	0	1	1	747	0	749
14163	741	2	1	2	0	746
14164	735	3	2	1	0	741
14165	4	1	0	734	0	739
14166	2	0	740	1	0	743
14167	3	733	1	1	0	738
14168	1	725	2	2	0	730
14169	3	2	1	712	0	718
14170	711	2	2	4	0	719
14171	1	1	1	714	0	717
14172	725	0	3	1	0	729
14173	1	2	0	738	0	741
14174	2	2	2	723	0	729
14175	721	0	2	3	0	726
14176	709	0	2	2	0	713
14177	2	729	4	0	0	735
14178	2	740	1	4	0	747
14179	2	1	1	704	0	708
14180	1	1	1	705	0	708
14181	2	0	700	1	0	703
14182	647	1	1	1	0	650
14183	0	680	3	2	0	685
14184	1	639	0	1	0	641
14185	609	1	6	1	0	617
14186	0	0	622	3	0	625
14187	1	0	587	1	0	589
14188	2	3	554	1	0	560
14189	0	492	0	0	0	492
14190	0	0	2	423	0	425
14191	0	0	0	418	0	418
14192	1	0	0	423	0	424
14193	413	0	0	0	0	413
14194	408	1	0	0	0	409
14195	0	419	0	1	0	420
14196	0	0	0	427	0	427
14197	1	0	445	0	0	446
14198	0	454	1	0	0	455
14199	451	0	0	0	0	451
14200	0	1	451	0	0	452
14201	425	1	0	0	0	426
14202	1	0	453	0	0	454
14203	0	0	1	446	0	447
14204	0	461	1	0	0	462
14205	463	0	1	0	0	464
14206	0	461	0	0	0	461
14207	458	0	0	1	0	459
14208	0	0	0	460	0	460
14209	0	0	479	1	0	480
14210	1	0	0	494	0	495
14211	1	2	0	530	0	533
14212	0	1	538	2	0	541
14213	506	0	0	3	0	509
14214	0	550	2	0	0	552
14215	546	1	0	0	0	547
14216	1	551	0	0	0	552
14217	1	0	1	559	0	561
14218	1	1	551	0	0	553
14219	636	0	1	1	0	638
14220	0	661	1	1	0	663
14221	3	1	0	658	0	662
14222	1	3	0	673	0	677
14223	724	1	0	3	0	728
14224	756	0	0	3	0	759
14225	3	783	0	2	0	788
14226	841	0	1	0	0	842
14227	823	4	0	1	0	828
14228	845	0	0	1	0	846
14229	5	0	865	0	0	870
14230	6	866	1	0	0	873
14231	0	872	5	0	0	877
14232	1	6	0	845	0	852
14233	0	6	0	864	0	870
14234	866	1	0	7	0	874
14235	2	859	1	5	0	867
14236	867	1	0	1	0	869
14237	1	6	1	856	0	864
14238	5	0	0	855	0	860
14239	851	0	0	8	0	859
14240	839	0	1	4	0	844
14241	8	0	839	0	0	847
14242	5	2	1	825	0	833
14243	2	0	827	1	0	830
14244	1	1	814	5	0	821
14245	1	0	826	1	0	828
14246	788	2	8	2	0	800
14247	1	1	5	794	0	801
14248	5	0	0	782	0	787
14249	0	0	0	798	0	798
14250	1	0	799	7	0	807
14251	2	0	1	790	0	793
14252	0	1	5	799	0	805
14253	794	1	0	6	0	801
14254	786	0	0	6	0	792
14255	812	0	0	0	0	812
14256	808	0	1	0	0	809
14257	7	2	1	784	0	794
14258	792	2	0	2	0	796
14259	1	1	0	799	0	801
14260	6	0	784	1	0	791
14261	776	0	1	5	0	782
14262	2	783	5	0	0	790
14263	7	2	0	774	0	783
14264	2	5	0	764	0	771
14265	1	786	0	8	0	795
14266	770	1	1	6	0	778
14267	3	771	0	0	0	774
14268	5	3	765	0	0	773
14269	0	5	761	2	0	768
14270	753	0	7	2	0	762
14271	763	0	7	0	0	770
14272	5	1	750	0	0	756
14273	744	0	2	0	0	746
14274	2	0	750	2	0	754
14275	741	0	1	3	0	745
14276	2	0	752	1	0	755
14277	6	0	739	1	0	746
14278	0	0	8	697	0	705
14279	0	0	5	707	0	712
14280	718	0	1	9	0	728
14281	713	1	1	6	0	721
14282	716	0	1	0	0	717
14283	719	0	0	0	0	719
14284	7	707	0	1	0	715
14285	6	1	0	687	0	694
14286	1	704	0	4	0	709
14287	1	1	2	703	0	707
14288	0	6	0	691	0	697
14289	2	1	0	679	0	682
14290	2	1	667	7	0	677
14291	637	0	1	8	0	646
14292	2	657	5	0	0	664
14293	6	663	0	0	0	669
14294	2	9	668	1	0	680
14295	1	7	2	649	0	659
14296	0	0	8	649	0	657
14297	634	0	2	7	0	643
14298	3	1	0	624	0	628
14299	8	1	1	620	0	630
14300	1	0	1	629	0	631
14301	1	0	1	632	0	634
14302	612	1	1	7	0	621
14303	614	0	1	5	0	620
14304	613	1	3	0	0	617
14305	7	0	2	610	0	619
14306	621	0	2	3	0	626
14307	3	0	1	630	0	634
14308	8	1	1	629	0	639
14309	2	0	610	8	0	620
14310	3	0	592	5	0	600
14311	0	1	565	2	0	568
14312	537	2	12	3	0	554
14313	2	1	8	522	0	533
14314	5	530	2	3	0	540
14315	533	2	1	7	0	543
14316	4	6	530	2	0	542
14317	518	0	3	1	0	522
14318	4	495	5	0	0	504
14319	379	2	2	0	0	383
14320	2	3	1	375	0	381
14321	373	0	0	2	0	375
14322	2	361	0	4	0	367
14323	4	336	1	0	0	341
14324	285	4	0	1	0	290
14325	6	281	0	0	0	287
14326	2	206	0	0	0	208
14327	2	204	2	0	0	208
14328	184	2	2	0	0	188
14329	172	2	0	0	0	174
14330	169	1	0	0	0	170
14331	2	1	0	167	0	170
14332	2	0	0	169	0	171
14333	1	0	171	2	0	174
14334	1	0	1	171	0	173
14335	0	0	173	2	0	175
14336	0	0	1	171	0	172
14337	0	0	2	173	0	175
14338	170	0	0	3	0	173
14339	168	0	1	1	0	170
14340	2	170	0	1	0	173
14341	1	0	0	170	0	171
14342	1	1	177	1	0	180
14343	1	0	1	183	0	185
14344	0	1	1	183	0	185
14345	0	0	0	184	0	184
14346	0	0	179	2	0	181
14347	0	0	174	2	0	176
14348	170	0	2	1	0	173
14349	1	0	1	180	0	182
14350	1	0	175	1	0	177
14351	168	0	2	1	0	171
14352	2	169	1	0	0	172
14353	172	1	0	1	0	174
14354	1	1	178	0	0	180
14355	164	0	1	0	0	165
14356	0	1	1	164	0	166
14357	2	0	169	1	0	172
14358	0	166	2	1	0	169
14359	167	1	1	0	0	169
14360	1	0	2	167	0	170
14361	1	0	1	169	0	171
14362	0	176	0	2	0	178
14363	1	1	0	176	0	178
14364	0	1	176	2	0	179
14365	0	178	1	1	0	180
14366	176	2	1	0	0	179
14367	1	0	0	176	0	177
14368	1	0	1	175	0	177
14369	0	1	174	2	0	177
14370	1	0	1	177	0	179
14371	0	0	182	2	0	184
14372	0	181	1	1	0	183
14373	175	1	4	0	0	180
14374	178	1	0	1	0	180
14375	177	0	1	0	0	178
14376	2	187	0	0	0	189
14377	2	1	0	189	0	192
14378	1	1	0	190	0	192
14379	1	0	0	188	0	189
14380	181	1	0	2	0	184
14381	182	0	0	2	0	184
14382	2	0	0	181	0	183
14383	1	0	197	2	0	200
14384	1	0	1	198	0	200
14385	1	0	1	198	0	200
14386	0	0	0	200	0	200
14387	0	0	1	198	0	199
14388	194	0	0	3	0	197
14389	1	0	0	201	0	202
14390	1	0	0	200	0	201
14391	0	202	0	3	0	205
14392	1	5	0	201	0	207
14393	0	217	0	2	0	219
14394	0	1	0	212	0	213
14395	212	1	0	1	0	214
14396	1	216	0	1	0	218
14397	212	2	0	0	0	214
14398	1	0	215	1	0	217
14399	1	0	1	212	0	214
14400	0	1	224	1	0	226
14401	1	0	1	224	0	226
14402	0	0	1	222	0	223
14403	0	225	0	2	0	227
14404	0	229	1	0	0	230
14405	0	241	0	1	0	242
14406	234	0	0	0	0	234
14407	0	223	0	0	0	223
14408	0	217	0	0	0	217
14409	6	0	1	212	0	219
14410	214	0	0	0	0	214
14411	0	230	0	1	0	231
14412	235	0	0	0	0	235
14413	235	1	0	0	0	236
14414	0	0	246	0	0	246
14415	0	0	0	244	0	244
14416	0	0	0	246	0	246
14417	0	0	0	250	0	250
14418	0	0	0	248	0	248
14419	0	0	248	0	0	248
14420	0	0	240	0	0	240
14421	230	0	0	0	0	230
14422	0	245	0	0	0	245
14423	0	246	0	0	0	246
14424	245	0	0	0	0	245
14425	0	255	0	0	0	255
14426	0	0	0	256	0	256
14427	265	0	0	0	0	265
14428	0	0	277	2	0	279
14429	0	0	0	284	0	284
14430	0	0	288	0	0	288
14431	280	0	0	0	0	280
14432	0	1	315	0	0	316
14433	316	0	0	0	0	316
14434	328	0	0	0	0	328
14435	326	0	0	0	0	326
14436	331	0	0	0	0	331
14437	328	0	0	0	0	328
14438	0	0	0	331	0	331
14439	340	0	0	0	0	340
14440	0	0	0	340	0	340
14441	0	2	0	338	0	340
14442	0	0	0	347	0	347
14443	0	0	343	0	0	343
14444	0	0	0	338	0	338
14445	0	0	0	352	0	352
14446	0	0	352	0	0	352
14447	334	0	0	0	0	334
14448	0	0	0	353	0	353
14449	0	0	355	0	0	355
14450	0	0	353	0	0	353
14451	0	0	1	352	0	353
14452	0	0	373	0	0	373
14453	0	0	0	379	0	379
14454	0	0	0	389	0	389
14455	0	396	0	0	0	396
14456	0	396	0	0	0	396
14457	397	0	0	0	0	397
14458	0	0	0	402	0	402
14459	0	0	0	400	0	400
14460	0	0	0	404	0	404
14461	0	0	413	0	0	413
14462	0	0	0	403	0	403
14463	405	0	0	0	0	405
14464	0	0	416	0	0	416
14465	1	0	0	431	0	432
14466	0	0	0	440	0	440
14467	0	0	0	440	0	440
14468	0	481	0	0	0	481
14469	495	2	0	0	0	497
14470	519	0	0	0	0	519
14471	2	538	1	0	0	541
14472	1	2	0	578	0	581
14473	0	1	595	2	0	598
14474	0	0	605	2	0	607
14475	608	0	4	0	0	612
14476	3	0	2	611	0	616
14477	646	0	0	2	0	648
14478	2	672	0	2	0	676
14479	3	673	0	2	0	678
14480	668	5	0	0	0	673
14481	1	689	0	0	0	690
14482	4	2	0	686	0	692
14483	0	3	0	658	0	661
14484	0	697	0	9	0	706
14485	697	2	0	2	0	701
14486	2	4	706	0	0	712
14487	697	1	2	0	0	700
14488	2	0	717	0	0	719
14489	675	0	2	2	0	679
14490	2	0	737	0	0	739
14491	3	728	2	0	0	733
14492	3	3	4	718	0	728
14493	715	3	0	2	0	720
14494	2	0	712	3	0	717
14495	5	0	709	0	0	714
14496	0	2	5	697	0	704
14497	1	0	718	2	0	721
14498	0	0	2	714	0	716
14499	0	0	3	714	0	717
14500	0	1	712	5	0	718
14501	0	0	2	713	0	715
14502	721	0	3	2	0	726
14503	2	728	0	3	0	733
14504	730	2	0	0	0	732
14505	2	4	0	710	0	716
14506	718	0	0	2	0	720
14507	722	1	0	3	0	726
14508	5	1	0	715	0	721
14509	4	734	0	2	0	740
14510	740	3	0	2	0	745
14511	2	3	717	1	0	723
14512	4	0	709	1	0	714
14513	705	0	5	0	0	710
14514	3	0	3	711	0	717
14515	3	0	730	2	0	735
14516	1	1	2	727	0	731
14517	726	0	4	2	0	732
14518	740	0	0	3	0	743
14519	737	0	1	0	0	738
14520	5	765	0	3	0	773
14521	2	2	0	772	0	776
14522	1	3	0	768	0	772
14523	767	0	1	5	0	773
14524	2	775	1	2	0	780
14525	768	2	0	1	0	771
14526	3	3	1	763	0	770
14527	758	0	0	4	0	762
14528	2	1	734	4	0	741
14529	3	740	3	0	0	746
14530	0	2	3	723	0	728
14531	1	762	1	2	0	766
14532	1	3	0	734	0	738
14533	731	3	0	1	0	735
14534	3	1	720	3	0	727
14535	709	0	2	0	0	711
14536	3	743	3	2	0	751
14537	4	2	0	764	0	770
14538	0	3	0	766	0	769
14539	754	0	0	5	0	759
14540	2	4	762	3	0	771
14541	3	0	2	773	0	778
14542	1	2	3	760	0	766
14543	0	0	0	763	0	763
14544	0	0	1	765	0	766
14545	752	0	0	7	0	759
14546	755	0	0	3	0	758
14547	6	0	767	0	0	773
14548	4	0	765	1	0	770
14549	772	1	5	1	0	779
14550	797	0	3	1	0	801
14551	5	0	0	800	0	805
14552	4	0	0	785	0	789
14553	782	1	0	5	0	788
14554	3	796	1	4	0	804
14555	2	2	0	790	0	794
14556	0	3	0	795	0	798
14557	0	0	789	5	0	794
14558	0	1	2	790	0	793
14559	0	0	799	3	0	802
14560	0	1	2	792	0	795
14561	783	0	3	3	0	789
14562	3	0	0	789	0	792
14563	3	0	788	2	0	793
14564	1	768	2	6	0	777
14565	0	3	3	786	0	792
14566	1	5	798	3	0	807
14567	0	815	2	4	0	821
14568	1	2	4	768	0	775
14569	0	3	764	0	0	767
14570	631	0	0	2	0	633
14571	0	743	2	1	0	746
14572	1	708	0	1	0	710
14573	0	715	0	3	0	718
14574	1	4	2	691	0	698
14575	0	1	729	0	0	730
14576	0	731	1	1	0	733
14577	5	9	0	690	0	704
14578	744	0	0	0	0	744
14579	0	0	0	917	0	917
14580	2	0	1087	2	0	1091
14581	0	1100	4	1	0	1105
14582	1073	4	0	0	0	1077
14583	4	1098	0	0	0	1102
14584	1	3	1078	0	0	1082
14585	0	1082	4	1	0	1087
14586	0	4	2	1068	0	1074
14587	1	0	1070	3	0	1074
14588	0	1062	4	0	0	1066
14589	1	6	0	1040	0	1047
14590	1	1	0	1037	0	1039
14591	0	1047	1	2	0	1050
14592	0	5	0	1051	0	1056
14593	0	1	1056	5	0	1062
14594	0	0	1067	1	0	1068
14595	0	0	6	1055	0	1061
14596	1055	1	0	6	0	1062
14597	1055	0	0	2	0	1057
14598	5	2	0	1025	0	1032
14599	0	1052	2	7	0	1061
14600	1	7	1	1046	0	1055
14601	1043	1	1	5	0	1050
14602	5	1	1	1036	0	1043
14603	1	2	0	1038	0	1041
14604	1024	1	1	7	0	1033
14605	4	1030	1	4	0	1039
14606	1	7	2	1029	0	1039
14607	1017	2	0	6	0	1025
14608	7	0	1012	4	0	1023
14609	1007	2	6	0	0	1015
14610	5	1	1	1018	0	1025
14611	1015	1	2	6	0	1024
14612	1009	1	2	2	0	1014
14613	974	0	3	6	0	983
14614	5	998	0	2	0	1005
14615	2	5	985	2	0	994
14616	4	993	5	2	0	1004
14617	982	7	2	3	0	994
14618	6	987	2	3	0	998
14619	3	5	1	986	0	995
14620	960	2	1	6	0	969
14621	5	959	0	5	0	969
14622	4	5	966	2	0	977
14623	2	4	6	961	0	973
14624	2	2	957	8	0	969
14625	2	960	5	11	0	978
14626	2	7	3	943	0	955
14627	4	2	1	953	0	960
14628	3	2	0	962	0	967
14629	2	3	1	945	0	951
14630	3	947	0	8	0	958
14631	932	7	2	1	0	942
14632	6	4	930	1	0	941
14633	4	3	5	928	0	940
14634	926	2	3	9	0	940
14635	9	0	931	2	0	942
14636	3	913	5	2	0	923
14637	2	6	4	879	0	891
14638	3	4	894	8	0	909
14639	2	894	10	2	0	908
14640	859	12	4	1	0	876
14641	9	880	3	2	0	894
14642	1	11	2	867	0	881
14643	1	3	2	890	0	896
14644	878	5	2	8	0	893
14645	5	878	3	7	0	893
14646	3	5	4	882	0	894
14647	862	4	2	7	0	875
14648	842	4	2	6	0	854
14649	9	840	1	7	0	857
14650	828	9	4	2	0	843
14651	831	3	2	7	0	843
14652	7	2	3	827	0	839
14653	3	1	821	9	0	834
14654	3	4	6	788	0	801
14655	4	0	1	793	0	798
14656	1	6	788	8	0	803
14657	2	784	6	7	0	799
14658	4	8	4	769	0	785
14659	1	2	3	787	0	793
14660	5	4	1	780	0	790
14661	2	0	2	760	0	764
14662	4	773	2	8	0	787
14663	776	5	2	4	0	787
14664	772	7	1	2	0	782
14665	739	2	1	5	0	747
14666	14	707	1	2	0	724
14667	1	8	2	705	0	716
14668	5	3	698	7	0	713
14669	3	7	5	667	0	682
14670	6	702	1	8	0	717
14671	672	6	4	3	0	685
14672	671	2	1	4	0	678
14673	652	4	2	3	0	661
14674	8	645	2	4	0	659
14675	1	607	3	2	0	613
14676	4	620	0	5	0	629
14677	3	9	600	2	0	614
14678	8	11	517	9	0	545
14679	8	74	17	248	0	347
14680	160	0	11	1	0	172
14681	154	0	0	1	0	155
14682	2	0	0	159	0	161
14683	1	0	0	156	0	157
14684	0	0	0	157	0	157
14685	0	0	0	158	0	158
14686	161	0	0	2	0	163
14687	173	0	0	1	0	174
14688	2	174	0	1	0	177
14689	174	1	0	0	0	175
14690	178	1	0	0	0	179
14691	177	0	0	0	0	177
14692	2	0	168	0	0	170
14693	166	0	0	0	0	166
14694	0	170	1	0	0	171
14695	1	0	0	173	0	174
14696	0	1	0	169	0	170
14697	0	170	0	1	0	171
14698	0	0	0	173	0	173
14699	172	1	0	0	0	173
14700	0	0	0	176	0	176
14701	1	0	171	0	0	172
14702	166	0	0	1	0	167
14703	0	175	1	0	0	176
14704	1	0	0	175	0	176
14705	0	1	0	174	0	175
14706	0	0	0	172	0	172
14707	0	0	175	3	0	178
14708	0	170	0	1	0	171
14709	0	0	1	167	0	168
14710	0	1	165	0	0	166
14711	0	0	0	165	0	165
14712	0	0	168	0	0	168
14713	0	0	0	166	0	166
14714	0	168	1	0	0	169
14715	1	0	0	158	0	159
14716	158	0	0	0	0	158
14717	157	0	0	0	0	157
14718	0	0	156	0	0	156
14719	0	0	154	0	0	154
14720	0	0	161	0	0	161
14721	1	0	1	156	0	158
14722	0	0	0	177	0	177
14723	0	0	0	174	0	174
14724	0	180	0	1	0	181
14725	0	1	0	176	0	177
14726	0	0	0	180	0	180
14727	0	0	0	183	0	183
14728	186	0	0	1	0	187
14729	187	0	0	0	0	187
14730	1	0	188	0	0	189
14731	0	0	191	0	0	191
14732	187	0	1	0	0	188
14733	196	0	0	0	0	196
14734	1	0	207	0	0	208
14735	0	0	205	0	0	205
14736	203	0	1	0	0	204
14737	206	0	0	0	0	206
14738	1	0	216	0	0	217
14739	0	0	1	216	0	217
14740	0	0	0	215	0	215
14741	0	224	1	1	0	226
14742	0	1	1	225	0	227
14743	0	0	230	2	0	232
14744	1	0	1	228	0	230
14745	1	0	0	231	0	232
14746	0	0	227	1	0	228
14747	221	0	1	1	0	223
14748	230	0	0	1	0	231
14749	1	0	0	230	0	231
14750	1	0	0	231	0	232
14751	235	0	0	1	0	236
14752	241	1	0	0	0	242
14753	240	0	0	0	0	240
14754	243	0	0	0	0	243
14755	2	238	0	0	0	240
14756	229	1	1	0	0	231
14757	1	235	0	0	0	236
14758	0	2	0	234	0	236
14759	0	0	0	232	0	232
14760	0	230	0	2	0	232
14761	0	2	0	232	0	234
14762	0	0	0	232	0	232
14763	1	233	0	1	0	235
14764	0	1	0	234	0	235
14765	0	0	1	234	0	235
14766	1	0	0	234	0	235
14767	0	1	233	1	0	235
14768	0	236	1	0	0	237
14769	0	3	0	223	0	226
14770	0	229	0	2	0	231
14771	229	1	1	0	0	231
14772	1	1	225	0	0	227
14773	0	0	223	1	0	224
14774	212	0	2	0	0	214
14775	1	1	0	214	0	216
14776	0	0	209	1	0	210
14777	0	0	203	0	0	203
14778	0	0	1	196	0	197
14779	193	0	0	1	0	194
14780	193	0	0	0	0	193
14781	1	0	0	192	0	193
14782	0	0	190	1	0	191
14783	0	197	1	0	0	198
14784	0	2	0	200	0	202
14785	0	0	200	1	0	201
14786	0	194	1	0	0	195
14787	1	1	0	184	0	186
14788	184	0	0	2	0	186
14789	1	0	0	183	0	184
14790	0	185	0	1	0	186
14791	186	1	0	0	0	187
14792	1	0	195	0	0	196
14793	0	199	1	0	0	200
14794	0	1	196	0	0	197
14795	194	0	1	0	0	195
14796	1	0	0	197	0	198
14797	0	0	0	198	0	198
14798	200	0	0	1	0	201
14799	1	0	0	200	0	201
14800	0	0	198	1	0	199
14801	187	0	2	0	0	189
14802	1	203	2	0	0	206
14803	1	1	0	201	0	203
14804	203	0	0	1	0	204
14805	1	205	1	0	0	207
14806	0	1	0	210	0	211
14807	212	0	0	2	0	214
14808	1	1	0	215	0	217
14809	0	215	0	4	0	219
14810	0	1	219	0	0	220
14811	0	0	1	224	0	225
14812	0	0	0	222	0	222
14813	221	0	1	1	0	223
14814	2	0	0	227	0	229
14815	225	0	0	1	0	226
14816	229	0	0	2	0	231
14817	1	0	0	226	0	227
14818	1	229	0	1	0	231
14819	1	0	0	222	0	223
14820	219	0	0	0	0	219
14821	1	221	0	0	0	222
14822	0	220	0	0	0	220
14823	222	0	0	0	0	222
14824	229	1	0	0	0	230
14825	0	227	0	1	0	228
14826	223	0	1	1	0	225
14827	223	1	0	0	0	224
14828	1	0	0	217	0	218
14829	0	0	232	1	0	233
14830	0	1	1	230	0	232
14831	0	0	236	2	0	238
14832	0	1	1	236	0	238
14833	0	0	233	2	0	235
14834	216	0	1	0	0	217
14835	1	0	0	222	0	223
14836	234	0	0	1	0	235
14837	1	0	0	233	0	234
14838	0	228	1	2	0	231
14839	230	1	0	0	0	231
14840	1	0	226	0	0	227
14841	199	0	1	0	0	200
14842	2	210	0	0	0	212
14843	208	1	0	0	0	209
14844	207	0	0	0	0	207
14845	1	214	0	0	0	215
14846	0	1	0	236	0	237
14847	235	0	0	1	0	236
14848	1	238	0	0	0	239
14849	0	1	0	238	0	239
14850	243	0	0	1	0	244
14851	1	0	0	243	0	244
14852	0	0	0	246	0	246
14853	0	0	0	248	0	248
14854	0	0	248	1	0	249
14855	0	0	1	246	0	247
14856	248	0	0	1	0	249
14857	2	0	247	0	0	249
14858	0	0	1	246	0	247
14859	0	0	0	244	0	244
14860	0	0	245	0	0	245
14861	235	0	1	0	0	236
14862	245	0	0	0	0	245
14863	1	0	245	0	0	246
14864	1	0	1	245	0	247
14865	0	0	1	249	0	250
14866	0	1	259	1	0	261
14867	0	0	1	263	0	264
14868	0	0	1	264	0	265
14869	0	0	270	3	0	273
14870	261	0	2	1	0	264
14871	2	0	1	268	0	271
14872	270	0	0	2	0	272
14873	271	0	0	1	0	272
14874	3	0	273	0	0	276
14875	1	0	2	269	0	272
14876	271	0	1	2	0	274
14877	2	277	0	1	0	280
14878	1	2	0	276	0	279
14879	0	1	0	276	0	277
14880	0	0	0	280	0	280
14881	0	0	279	3	0	282
14882	255	0	2	1	0	258
14883	2	0	1	271	0	274
14884	1	0	0	267	0	268
14885	0	0	267	3	0	270
14886	0	0	2	267	0	269
14887	0	0	1	270	0	271
14888	265	0	0	3	0	268
14889	2	270	0	1	0	273
14890	1	0	271	0	0	272
14891	267	1	2	0	0	270
14892	2	0	1	259	0	262
14893	1	0	258	2	0	261
14894	0	0	265	1	0	266
14895	0	0	3	260	0	263
14896	0	0	265	2	0	267
14897	0	0	265	1	0	266
14898	0	253	3	0	0	256
14899	0	2	2	261	0	265
14900	0	1	263	2	0	266
14901	0	0	2	258	0	260
14902	269	0	1	2	0	272
14903	2	0	0	272	0	274
14904	1	0	0	275	0	276
14905	266	0	0	2	0	268
14906	281	0	0	1	0	282
14907	3	0	0	277	0	280
14908	1	0	282	2	0	285
14909	0	277	3	2	0	282
14910	0	3	1	271	0	275
14911	276	1	0	4	0	281
14912	275	0	1	1	0	277
14913	4	276	0	0	0	280
14914	1	278	0	1	0	280
14915	276	4	0	0	0	280
14916	272	1	0	0	0	273
14917	4	0	281	0	0	285
14918	1	0	3	265	0	269
14919	1	277	2	3	0	283
14920	281	4	0	1	0	286
14921	3	2	0	278	0	283
14922	1	276	0	3	0	280
14923	0	3	276	3	0	282
14924	1	2	4	247	0	254
14925	2	278	1	2	0	283
14926	272	3	1	2	0	278
14927	271	1	0	1	0	273
14928	4	272	1	0	0	277
14929	255	3	0	1	0	259
14930	251	1	0	2	0	254
14931	3	251	0	1	0	255
14932	1	249	0	1	0	251
14933	2	3	1	240	0	246
14934	246	1	0	2	0	249
14935	2	0	256	3	0	261
14936	240	0	3	1	0	244
14937	2	251	3	0	0	256
14938	254	2	0	2	0	258
14939	254	1	1	1	0	257
14940	258	0	1	0	0	259
14941	3	2	0	252	0	257
14942	1	254	1	3	0	259
14943	254	1	1	1	0	257
14944	2	1	266	2	0	271
14945	2	263	3	0	0	268
14946	0	2	2	245	0	249
14947	0	1	241	4	0	246
14948	1	0	251	1	0	253
14949	1	1	4	243	0	249
14950	0	1	1	257	0	259
14951	0	0	1	255	0	256
14952	0	1	1	251	0	253
14953	0	243	0	5	0	248
14954	2	255	0	1	0	258
14955	255	3	0	1	0	259
14956	2	2	0	253	0	257
14957	2	1	0	255	0	258
14958	2	0	0	262	0	264
14959	258	0	0	4	0	262
14960	261	1	2	1	0	265
14961	3	1	0	262	0	266
14962	263	1	0	3	0	267
14963	268	0	0	0	0	268
14964	276	0	0	1	0	277
14965	2	2	0	271	0	275
14966	0	1	263	2	0	266
14967	1	0	256	0	0	257
14968	1	0	274	0	0	275
14969	0	0	275	0	0	275
14970	0	0	2	270	0	272
14971	277	0	0	1	0	278
14972	272	0	0	0	0	272
14973	1	1	277	0	0	279
14974	0	0	284	0	0	284
14975	0	308	2	0	0	310
14976	0	1	0	314	0	315
14977	312	0	0	1	0	313
14978	1	0	318	0	0	319
14979	308	0	1	0	0	309
14980	1	334	0	0	0	335
14981	0	1	0	348	0	349
14982	0	0	0	363	0	363
14983	0	0	0	368	0	368
14984	372	0	0	2	0	374
14985	2	0	0	376	0	378
14986	0	0	0	379	0	379
14987	380	0	0	2	0	382
14988	2	0	0	380	0	382
14989	0	0	381	2	0	383
14990	375	0	2	0	0	377
14991	2	0	0	384	0	386
14992	0	1	0	384	0	385
14993	0	386	0	1	0	387
14994	387	2	0	0	0	389
14995	401	0	1	0	0	402
14996	2	0	0	401	0	403
14997	0	0	403	2	0	405
14998	388	0	2	1	0	391
14999	2	0	409	0	0	411
15000	0	0	2	402	0	404
15001	0	0	0	408	0	408
15002	413	0	0	2	0	415
15003	2	0	0	426	0	428
15004	0	0	429	3	0	432
15005	423	0	2	0	0	425
15006	2	0	475	1	0	478
15007	0	0	481	1	0	482
15008	488	0	1	0	0	489
15009	1	0	0	494	0	495
15010	0	529	0	0	0	529
15011	529	1	0	0	0	530
15012	525	0	0	1	0	526
15013	2	0	527	0	0	529
15014	517	1	1	0	0	519
15015	2	0	0	544	0	546
15016	1	0	553	1	0	555
15017	0	550	1	0	0	551
15018	544	1	1	0	0	546
15019	2	555	0	0	0	557
15020	0	1	1	554	0	556
15021	0	0	0	559	0	559
15022	0	0	0	555	0	555
15023	1	0	0	551	0	552
15024	0	564	0	3	0	567
15025	0	1	552	1	0	554
15026	1	559	1	1	0	562
15027	560	1	2	0	0	563
15028	1	1	0	562	0	564
15029	564	1	0	1	0	566
15030	2	0	0	568	0	570
15031	588	1	0	2	0	591
15032	3	600	0	2	0	605
15033	611	1	0	1	0	613
15034	614	1	1	0	0	616
15035	601	1	0	0	0	602
15036	605	0	0	1	0	606
15037	4	596	0	1	0	601
15038	2	2	597	0	0	601
15039	2	1	1	601	0	605
15040	599	2	1	2	0	604
15041	612	0	1	3	0	616
15042	4	0	0	620	0	624
15043	2	0	654	2	0	658
15044	1	0	1	638	0	640
15045	1	652	1	2	0	656
15046	648	1	2	2	0	653
15047	1	2	1	643	0	647
15048	3	653	0	2	0	658
15049	1	687	1	2	0	691
15050	1	689	0	2	0	692
15051	0	6	0	698	0	704
15052	704	3	0	2	0	709
15053	3	711	0	2	0	716
15054	3	2	0	711	0	716
15055	708	1	1	2	0	712
15056	3	1	0	713	0	717
15057	716	0	1	3	0	720
15058	714	1	0	2	0	717
15059	3	739	2	2	0	746
15060	4	2	0	710	0	716
15061	2	745	0	2	0	749
15062	736	3	1	2	0	742
15063	735	2	0	2	0	739
15064	740	1	2	0	0	743
15065	4	3	0	742	0	749
15066	4	1	741	2	0	748
15067	724	0	3	3	0	730
15068	728	2	2	2	0	734
15069	6	0	1	700	0	707
15070	4	744	0	3	0	751
15071	2	4	1	739	0	746
15072	2	2	0	752	0	756
15073	746	2	1	4	0	753
15074	738	1	1	4	0	744
15075	5	1	715	3	0	724
15076	4	1	3	709	0	717
15077	712	2	2	4	0	720
15078	5	0	1	722	0	728
15079	3	1	726	4	0	734
15080	2	719	2	5	0	728
15081	1	728	2	3	0	734
15082	808	4	4	1	0	817
15083	3	4	0	866	0	873
15084	2	3	0	984	0	989
15085	979	0	1	4	0	984
15086	3	1	985	3	0	992
15087	5	0	1	952	0	958
15088	1	0	987	6	0	994
15089	1	991	2	2	0	996
15090	1005	1	3	3	0	1012
15091	1015	2	1	0	0	1018
15092	1015	2	1	0	0	1018
15093	5	2	1010	0	0	1017
15094	1000	1	1	1	0	1003
15095	990	0	2	3	0	995
15096	5	1	1	981	0	988
15097	901	1	3	5	0	910
15098	3	0	996	2	0	1001
15099	968	0	2	3	0	973
15100	4	0	993	1	0	998
15101	3	1011	3	1	0	1018
15102	1	7	3	881	0	892
15103	1	988	2	1	0	992
15104	1	3	970	9	0	983
15105	2	984	1	1	0	988
15106	891	5	3	1	0	900
15107	2	904	1	1	0	908
15108	4	882	0	0	0	886
15109	1	3	861	1	0	866
15110	0	3	1	853	0	857
15111	859	2	4	2	0	867
15112	2	1	875	2	0	880
15113	3	869	2	1	0	875
15114	1	2	2	849	0	854
15115	1	2	863	1	0	867
15116	0	2	854	2	0	858
15117	1	0	4	849	0	854
15118	1	1	853	2	0	857
15119	2	0	2	767	0	771
15120	1	844	3	2	0	850
15121	0	2	1	798	0	801
15122	1	833	3	2	0	839
15123	0	4	1	824	0	829
15124	813	2	0	1	0	816
15125	3	0	2	808	0	813
15126	3	822	2	2	0	829
15127	0	1	4	823	0	828
15128	2	3	826	1	0	832
15129	4	1	2	816	0	823
15130	817	1	1	4	0	823
15131	4	2	795	1	0	802
15132	2	1	5	774	0	782
15133	777	1	2	2	0	782
15134	3	772	2	1	0	778
15135	2	4	1	771	0	778
15136	768	2	3	4	0	777
15137	2	2	1	778	0	783
15138	2	0	780	1	0	783
15139	740	3	3	1	0	747
15140	1	773	2	1	0	777
15141	1	773	1	1	0	776
15142	766	6	0	1	0	773
15143	731	2	3	0	0	736
15144	2	1	2	726	0	731
15145	726	1	0	3	0	730
15146	3	2	744	1	0	750
15147	726	5	1	2	0	734
15148	1	725	2	4	0	732
15149	701	0	3	1	0	705
15150	1	1	715	3	0	720
15151	4	0	2	705	0	711
15152	0	1	5	700	0	706
15153	0	2	0	654	0	656
15154	1	697	2	3	0	703
15155	694	2	2	2	0	700
15156	4	2	1	645	0	652
15157	2	676	3	4	0	685
15158	734	0	0	1	0	735
15159	697	3	3	1	0	704
15160	714	3	0	1	0	718
15161	715	2	0	3	0	720
15162	700	0	3	3	0	706
15163	2	0	1	709	0	712
15164	4	0	3	691	0	698
15165	686	2	3	1	0	692
15166	0	1	2	688	0	691
15167	2	3	1	686	0	692
15168	0	3	679	2	0	684
15169	668	3	0	2	0	673
15170	676	1	2	0	0	679
15171	674	2	2	4	0	682
15172	3	2	2	635	0	642
15173	4	666	1	3	0	674
15174	715	6	0	2	0	723
15175	695	2	2	1	0	700
15176	4	0	2	749	0	755
15177	751	1	1	3	0	756
15178	3	5	644	3	0	655
15179	3	763	2	0	0	768
15180	1	773	3	3	0	780
15181	13	4	741	2	0	760
15182	2	644	4	0	0	650
15183	3	579	1	3	0	586
15184	447	2	5	2	0	456
15185	3	451	1	1	0	456
15186	1	1	1	454	0	457
15187	469	1	0	3	0	473
15188	2	1	465	1	0	469
15189	456	1	2	1	0	460
15190	2	0	465	1	0	468
15191	1	0	464	1	0	466
15192	461	0	2	1	0	464
15193	3	1	476	1	0	481
15194	0	478	2	0	0	480
15195	1	2	0	481	0	484
15196	473	0	1	2	0	476
15197	2	473	0	1	0	476
15198	1	2	0	471	0	474
15199	0	0	472	2	0	474
15200	0	0	2	471	0	473
15201	458	0	0	2	0	460
15202	2	1	462	0	0	465
15203	0	0	2	457	0	459
15204	461	0	0	2	0	463
15205	471	0	0	1	0	472
15206	2	0	1	472	0	475
15207	0	0	0	470	0	470
15208	1	1	498	2	0	502
15209	0	2	513	0	0	515
15210	518	0	2	0	0	520
15211	520	1	0	0	0	521
15212	3	519	0	1	0	523
15213	518	2	0	0	0	520
15214	542	0	1	2	0	545
15215	3	0	597	1	0	601
15216	0	621	2	1	0	624
15217	628	2	0	0	0	630
15218	629	0	0	0	0	629
15219	639	0	0	0	0	639
15220	2	1	0	640	0	643
15221	1	0	0	647	0	648
15222	1	647	0	4	0	652
15223	1	2	0	653	0	656
15224	651	0	0	2	0	653
15225	3	0	0	648	0	651
15226	0	0	644	3	0	647
15227	0	0	637	0	0	637
15228	1	0	2	635	0	638
15229	0	0	652	3	0	655
15230	0	0	659	2	0	661
15231	1	0	3	639	0	643
15232	1	0	1	670	0	672
15233	1	1	683	2	0	687
15234	1	1	687	0	0	689
15235	0	692	3	0	0	695
15236	695	4	0	0	0	699
15237	3	715	0	0	0	718
15238	706	2	0	0	0	708
15239	722	1	0	0	0	723
15240	3	727	0	3	0	733
15241	735	2	0	0	0	737
15242	2	0	1	737	0	740
15243	1	0	754	5	0	760
15244	0	1	3	752	0	756
15245	0	0	2	765	0	767
15246	741	0	0	3	0	744
15247	739	0	1	1	0	741
15248	749	1	0	0	0	750
15249	747	0	0	1	0	748
15250	728	1	0	0	0	729
15251	3	720	0	0	0	723
15252	2	2	0	722	0	726
15253	0	1	737	2	0	740
15254	0	1	2	723	0	726
15255	2	0	1	730	0	733
15256	1	0	1	743	0	745
15257	781	0	0	4	0	785
15258	3	0	0	764	0	767
15259	779	0	0	4	0	783
15260	3	1	808	2	0	814
15261	3	0	3	964	0	970
15262	1	0	1006	3	0	1010
15263	995	0	5	5	0	1005
15264	4	0	5	1008	0	1017
15265	5	3	1022	3	0	1033
15266	0	1	3	1025	0	1029
15267	1030	1	5	3	0	1039
15268	3	0	1062	5	0	1070
15269	1045	0	4	1	0	1050
15270	1063	1	4	2	0	1070
15271	1055	0	2	0	0	1057
15272	1040	0	2	0	0	1042
15273	8	1044	0	1	0	1053
15274	5	1007	1	1	0	1014
15275	1	1009	1	1	0	1012
15276	1	17	0	913	0	931
15277	2	949	0	3	0	954
15278	922	1	1	4	0	928
15279	1	933	2	1	0	937
15280	4	921	1	1	0	927
15281	2	5	1	915	0	923
15282	0	5	0	923	0	928
15283	915	0	1	5	0	921
15284	3	0	0	917	0	920
15285	6	1	908	1	0	916
15286	2	1	888	4	0	895
15287	2	1	907	1	0	911
15288	2	0	6	883	0	891
15289	1	0	5	939	0	945
15290	1	0	930	8	0	939
15291	3	0	919	4	0	926
15292	2	0	964	2	0	968
15293	948	1	8	1	0	958
15294	3	1	5	974	0	983
15295	5	1	1	968	0	975
15296	967	2	0	7	0	976
15297	3	1	0	961	0	965
15298	4	985	2	5	0	996
15299	1	987	0	7	0	995
15300	0	7	1	981	0	989
15301	991	6	0	3	0	1000
15302	987	0	0	7	0	994
15303	993	0	3	3	0	999
15304	10	0	1	990	0	1001
15305	6	0	989	4	0	999
15306	3	0	5	986	0	994
15307	1	0	992	4	0	997
15308	927	0	6	4	0	937
15309	4	0	6	950	0	960
15310	935	0	3	3	0	941
15311	6	0	942	5	0	953
15312	874	0	4	4	0	882
15313	4	0	972	3	0	979
15314	7	930	2	0	0	939
15315	2	894	7	6	0	909
15316	875	7	3	1	0	886
15317	5	6	0	875	0	886
15318	5	2	892	4	0	903
15319	4	881	2	4	0	891
15320	1	884	4	1	0	890
15321	1	8	1	875	0	885
15322	878	4	0	4	0	886
15323	878	1	2	5	0	886
15324	8	880	0	3	0	891
15325	883	2	1	3	0	889
15326	4	4	2	881	0	891
15327	5	1	883	3	0	892
15328	2	886	4	7	0	899
15329	2	3	5	884	0	894
15330	1	4	4	872	0	881
15331	869	1	1	7	0	878
15332	3	1	866	5	0	875
15333	862	1	3	1	0	867
15334	850	0	5	1	0	856
15335	7	1	2	839	0	849
15336	5	1	1	847	0	854
15337	826	1	0	6	0	833
15338	5	1	2	833	0	841
15339	4	1	826	4	0	835
15340	2	3	813	4	0	822
15341	2	805	6	2	0	815
15342	1	833	5	2	0	841
15343	3	9	2	767	0	781
15344	1	801	0	3	0	805
15345	800	4	2	4	0	810
15346	3	809	2	1	0	815
15347	4	3	0	813	0	820
15348	2	3	2	817	0	824
15349	2	2	816	5	0	825
15350	1	0	3	817	0	821
15351	1	0	3	824	0	828
15352	2	835	3	7	0	847
15353	1	2	1	844	0	848
15354	1	3	3	850	0	857
15355	2	3	850	6	0	861
15356	1	838	2	7	0	848
15357	1	39	2	728	0	770
15358	3	783	1	4	0	791
15359	0	3	756	2	0	761
15360	0	731	3	2	0	736
15361	546	7	7	5	0	565
15362	518	0	1	0	0	519
15363	517	1	0	2	0	520
15364	2	520	1	1	0	524
15365	511	1	0	0	0	512
15366	2	1	0	511	0	514
15367	494	3	1	1	0	499
15368	2	494	0	0	0	496
15369	489	2	0	2	0	493
15370	504	0	0	0	0	504
15371	3	516	0	0	0	519
15372	2	2	517	1	0	522
15373	1	0	2	558	0	561
15374	0	2	599	3	0	604
15375	2	0	4	611	0	617
15376	0	0	1	651	0	652
15377	1	1	653	4	0	659
15378	0	0	4	674	0	678
15379	670	0	0	5	0	675
15380	4	0	687	0	0	691
15381	1	681	4	1	0	687
15382	1	3	1	672	0	677
15383	0	2	1	686	0	689
15384	0	3	682	4	0	689
15385	0	1	4	646	0	651
15386	1	674	0	4	0	679
15387	648	4	1	0	0	653
15388	4	662	0	1	0	667
15389	626	4	0	0	0	630
15390	4	632	0	0	0	636
15391	0	638	1	1	0	640
15392	1	3	595	1	0	600
15393	2	3	3	594	0	602
15394	1	0	0	591	0	592
15395	0	1	1	589	0	591
15396	0	633	1	6	0	640
15397	0	3	1	635	0	639
15398	622	0	1	4	0	627
15399	3	0	2	625	0	630
15400	621	1	0	4	0	626
15401	3	0	631	2	0	636
15402	634	1	4	1	0	640
15403	3	0	1	633	0	637
15404	1	0	0	645	0	646
15405	658	1	2	3	0	664
15406	4	1	661	3	0	669
15407	0	663	2	1	0	666
15408	1	3	0	647	0	651
15409	658	2	1	3	0	664
15410	658	1	0	0	0	659
15411	3	1	1	666	0	671
15412	0	1	667	4	0	672
15413	623	0	4	1	0	628
15414	3	0	645	2	0	650
15415	0	1	3	635	0	639
15416	0	0	635	5	0	640
15417	1	2	3	624	0	630
15418	0	0	611	5	0	616
15419	2	609	3	0	0	614
15420	1	6	2	537	0	546
15421	2	613	0	1	0	616
15422	620	2	1	1	0	624
15423	620	0	0	1	0	621
15424	4	0	616	1	0	621
15425	0	0	4	605	0	609
15426	618	1	0	3	0	622
15427	3	0	1	611	0	615
15428	1	1	0	601	0	603
15429	1	1	606	4	0	612
15430	577	0	4	1	0	582
15431	4	0	611	1	0	616
15432	2	0	3	597	0	602
15433	0	0	610	2	0	612
15434	608	1	3	2	0	614
15435	609	0	3	2	0	614
15436	605	0	0	3	0	608
15437	6	0	3	601	0	610
15438	1	2	594	8	0	605
15439	1	2	605	1	0	609
15440	2	2	5	552	0	561
15441	2	591	0	7	0	600
15442	573	5	1	1	0	580
15443	6	0	2	568	0	576
15444	2	3	574	6	0	585
15445	2	1	5	569	0	577
15446	0	2	586	8	0	596
15447	4	1	5	586	0	596
15448	2	2	599	6	0	609
15449	2	1	600	2	0	605
15450	0	595	7	0	0	602
15451	2	5	586	3	0	596
15452	2	0	595	1	0	598
15453	3	0	6	505	0	514
15454	2	1	3	525	0	531
15455	3	568	2	7	0	580
15456	571	5	1	3	0	580
15457	6	562	2	5	0	575
15458	3	4	1	550	0	558
15459	554	1	4	6	0	565
15460	7	2	2	557	0	568
15461	556	0	2	5	0	563
15462	6	2	2	558	0	568
15463	4	0	581	8	0	593
15464	1	1	6	579	0	587
15465	3	1	3	576	0	583
15466	581	0	1	8	0	590
15467	579	1	5	0	0	585
15468	576	0	1	4	0	581
15469	6	585	4	1	0	596
15470	2	569	3	4	0	578
15471	568	4	3	3	0	578
15472	4	1	579	0	0	584
15473	6	2	541	1	0	550
15474	2	15	7	468	0	492
15475	3	0	481	5	0	489
15476	2	0	458	2	0	462
15477	414	2	6	3	0	425
15478	409	0	2	3	0	414
15479	3	427	2	0	0	432
15480	1	431	4	2	0	438
15481	0	2	2	359	0	363
15482	0	430	6	2	0	438
15483	441	1	2	4	0	448
15484	2	2	4	406	0	414
15485	1	440	0	2	0	443
15486	443	3	1	3	0	450
15487	5	0	456	0	0	461
15488	4	1	442	2	0	449
15489	431	0	5	1	0	437
15490	2	0	450	4	0	456
15491	425	0	3	4	0	432
15492	4	3	1	439	0	447
15493	1	1	444	6	0	452
15494	1	445	4	2	0	452
15495	2	449	3	1	0	455
15496	410	1	1	3	0	415
15497	3	419	3	1	0	426
15498	401	2	2	2	0	407
15499	397	0	7	0	0	404
15500	4	403	0	2	0	409
15501	3	1	1	398	0	403
15502	3	0	412	2	0	417
15503	1	415	3	3	0	422
15504	6	8	3	403	0	420
15505	0	2	4	421	0	427
15506	427	1	0	1	0	429
15507	1	0	0	421	0	422
15508	0	1	425	1	0	427
15509	1	427	1	0	0	429
15510	0	2	0	430	0	432
15511	440	1	1	1	0	443
15512	445	0	0	1	0	446
15513	1	0	2	444	0	447
15514	449	0	2	1	0	452
15515	2	0	463	0	0	465
15516	0	0	2	462	0	464
15517	1	0	466	1	0	468
15518	0	0	1	513	0	514
15519	0	0	1	515	0	516
15520	0	2	0	516	0	518
15521	1	1	0	513	0	515
15522	1	1	0	509	0	511
15523	508	1	0	3	0	512
15524	513	0	0	0	0	513
15525	3	517	0	1	0	521
15526	514	3	0	0	0	517
15527	2	0	0	518	0	520
15528	0	0	2	517	0	519
15529	0	1	0	523	0	524
15530	0	0	528	4	0	532
15531	1	0	2	501	0	504
15532	2	525	0	2	0	529
15533	519	2	0	1	0	522
15534	521	0	1	0	0	522
15535	3	2	520	0	0	525
15536	1	520	2	1	0	524
15537	1	1	1	518	0	521
15538	1	0	520	1	0	522
15539	0	0	1	486	0	487
15540	1	508	1	1	0	511
15541	487	1	2	0	0	490
15542	2	505	0	2	0	509
15543	1	1	507	0	0	509
15544	2	1	505	1	0	509
15545	0	498	1	3	0	502
15546	0	478	0	1	0	479
15547	467	1	0	1	0	469
15548	468	0	0	1	0	469
15549	2	0	0	463	0	465
15550	0	0	465	2	0	467
15551	0	1	1	460	0	462
15552	1	0	0	459	0	460
15553	455	0	0	2	0	457
15554	454	0	0	1	0	455
15555	2	0	0	475	0	477
15556	0	0	491	1	0	492
15557	0	496	1	1	0	498
15558	482	2	0	0	0	484
15559	2	500	0	0	0	502
15560	0	1	0	499	0	500
15561	0	0	0	513	0	513
15562	0	0	0	513	0	513
15563	0	0	0	492	0	492
15564	489	0	0	1	0	490
15565	1	0	0	490	0	491
15566	0	485	0	1	0	486
15567	0	1	0	485	0	486
15568	475	0	0	1	0	476
15569	1	476	0	3	0	480
15570	0	2	0	477	0	479
15571	0	0	466	1	0	467
15572	459	0	1	0	0	460
15573	1	0	0	462	0	463
15574	0	0	456	1	0	457
15575	0	3	448	0	0	451
15576	0	0	1	449	0	450
15577	450	0	1	1	0	452
15578	448	0	0	0	0	448
15579	1	454	0	0	0	455
15580	445	1	0	0	0	446
15581	439	0	0	0	0	439
15582	442	0	0	1	0	443
15583	436	0	0	0	0	436
15584	1	0	1	432	0	434
15585	0	0	0	429	0	429
15586	2	0	419	1	0	422
15587	0	409	1	1	0	411
15588	0	412	0	1	0	413
15589	0	1	410	1	0	412
15590	398	0	5	1	0	404
15591	1	0	0	399	0	400
15592	404	0	0	1	0	405
15593	396	0	0	0	0	396
15594	2	1	395	0	0	398
15595	1	0	1	396	0	398
15596	399	0	0	2	0	401
15597	1	0	0	395	0	396
15598	0	0	394	2	0	396
15599	0	11	2	366	0	379
15600	0	402	0	1	0	403
15601	0	402	0	0	0	402
15602	1	1	384	2	0	388
15603	1	379	1	1	0	382
15604	343	6	4	1	0	354
15605	323	1	0	0	0	324
15606	1	0	0	324	0	325
15607	0	0	1	325	0	326
15608	0	0	0	326	0	326
15609	323	1	0	1	0	325
15610	2	322	0	0	0	324
15611	313	1	0	0	0	314
15612	309	0	0	0	0	309
15613	1	313	1	0	0	315
15614	287	1	0	0	0	288
15615	1	291	0	0	0	292
15616	293	1	0	0	0	294
15617	1	0	285	0	0	286
15618	240	0	0	0	0	240
15619	0	240	0	0	0	240
15620	2	0	1	241	0	244
15621	0	0	0	250	0	250
15622	0	0	0	254	0	254
15623	257	0	0	1	0	258
15624	0	0	0	262	0	262
15625	0	0	255	1	0	256
15626	251	0	0	0	0	251
15627	0	0	257	1	0	258
15628	0	1	0	252	0	253
15629	4	0	254	1	0	259
15630	0	2	0	238	0	240
15631	0	251	0	0	0	251
15632	0	0	0	244	0	244
15633	0	247	1	0	0	248
15634	1	0	0	243	0	244
15635	248	0	0	1	0	249
15636	0	0	1	261	0	262
15637	261	0	1	0	0	262
15638	0	0	254	1	0	255
15639	252	0	0	0	0	252
15640	255	0	0	0	0	255
15641	254	1	0	0	0	255
15642	1	0	0	256	0	257
15643	252	0	0	0	0	252
15644	1	0	251	0	0	252
15645	244	0	0	0	0	244
15646	0	0	249	1	0	250
15647	247	0	0	1	0	248
15648	0	0	1	248	0	249
15649	0	0	257	0	0	257
15650	0	1	0	254	0	255
15651	0	0	1	257	0	258
15652	1	0	256	0	0	257
15653	242	0	0	1	0	243
15654	1	271	0	0	0	272
15655	254	0	1	0	0	255
15656	0	243	1	0	0	244
15657	232	0	1	0	0	233
15658	1	0	236	0	0	237
15659	216	3	0	0	0	219
15660	0	218	1	0	0	219
15661	0	0	2	209	0	211
15662	0	0	0	214	0	214
15663	0	0	0	216	0	216
15664	0	0	216	0	0	216
15665	0	0	0	216	0	216
15666	0	0	233	0	0	233
15667	250	0	0	0	0	250
15668	264	0	0	0	0	264
15669	1	0	0	262	0	263
15670	0	0	264	1	0	265
15671	261	0	0	0	0	261
15672	1	0	337	0	0	338
15673	0	0	1	336	0	337
15674	0	0	0	350	0	350
15675	0	0	0	353	0	353
15676	0	0	0	361	0	361
15677	350	0	0	0	0	350
15678	1	364	0	0	0	365
15679	0	2	355	0	0	357
15680	0	357	1	0	0	358
15681	354	1	0	0	0	355
15682	1	0	0	358	0	359
15683	355	0	0	1	0	356
15684	1	0	0	350	0	351
15685	0	0	0	358	0	358
15686	0	0	0	358	0	358
15687	0	0	356	2	0	358
15688	0	355	2	1	0	358
15689	0	2	359	0	0	361
15690	0	0	2	359	0	361
15691	363	0	0	3	0	366
15692	362	0	0	0	0	362
15693	365	0	0	1	0	366
15694	2	359	1	0	0	362
15695	371	2	0	0	0	373
15696	2	0	1	365	0	368
15697	0	0	0	367	0	367
15698	0	0	1	364	0	365
15699	0	370	0	3	0	373
15700	0	2	0	348	0	350
15701	0	365	0	1	0	366
15702	359	3	0	0	0	362
15703	364	0	0	1	0	365
15704	3	0	0	370	0	373
15705	0	0	370	2	0	372
15706	366	0	2	0	0	368
15707	2	0	1	370	0	373
15708	1	0	373	2	0	376
15709	369	0	2	0	0	371
15710	3	0	0	372	0	375
15711	367	0	0	3	0	370
15712	2	372	0	0	0	374
15713	0	2	1	359	0	362
15714	1	375	0	2	0	378
15715	0	5	0	376	0	381
15716	1	380	0	2	0	383
15717	0	2	1	381	0	384
15718	0	0	383	2	0	385
15719	327	0	1	3	0	331
15720	2	375	1	2	0	380
15721	0	2	367	0	0	369
15722	369	0	2	0	0	371
15723	4	0	0	369	0	373
15724	0	0	369	2	0	371
15725	0	378	2	0	0	380
15726	0	1	0	378	0	379
15727	0	0	384	2	0	386
15728	0	0	2	383	0	385
15729	0	0	0	386	0	386
15730	0	0	399	1	0	400
15731	0	0	1	395	0	396
15732	0	0	402	1	0	403
15733	0	0	2	401	0	403
15734	0	0	421	2	0	423
15735	0	0	1	424	0	425
15736	0	0	0	422	0	422
15737	0	0	0	414	0	414
15738	1	421	0	1	0	423
15739	420	2	0	0	0	422
15740	420	0	1	0	0	421
15741	1	1	0	426	0	428
15742	437	0	0	1	0	438
15743	1	0	441	1	0	443
15744	1	454	1	0	0	456
15745	455	1	0	1	0	457
15746	1	461	0	1	0	463
15747	0	1	0	464	0	465
15748	0	0	1	462	0	463
15749	450	1	0	1	0	452
15750	1	0	1	456	0	458
15751	0	0	463	2	0	465
15752	1	460	1	0	0	462
15753	458	1	0	0	0	459
15754	2	0	0	449	0	451
15755	0	463	0	1	0	464
15756	1	1	0	455	0	457
15757	0	472	0	2	0	474
15758	466	1	0	1	0	468
15759	463	0	0	1	0	464
15760	1	1	468	0	0	470
15761	0	0	474	1	0	475
15762	0	1	1	469	0	471
15763	2	482	0	1	0	485
15764	1	1	0	480	0	482
15765	485	0	0	2	0	487
15766	1	0	473	0	0	474
15767	1	0	2	433	0	436
15768	0	0	447	1	0	448
15769	0	1	443	0	0	444
15770	1	453	0	0	0	454
15771	6	4	0	430	0	440
15772	359	1	0	0	0	360
15773	0	0	361	0	0	361
15774	0	359	0	0	0	359
15775	354	0	0	0	0	354
15776	0	0	0	351	0	351
15777	373	0	0	0	0	373
15778	385	0	0	0	0	385
15779	392	0	0	0	0	392
15780	0	0	412	0	0	412
15781	401	0	0	0	0	401
15782	415	0	0	0	0	415
15783	0	429	0	0	0	429
15784	0	0	0	426	0	426
15785	0	0	0	428	0	428
15786	0	0	0	428	0	428
15787	436	0	0	0	0	436
15788	427	0	0	0	0	427
15789	1	0	445	0	0	446
15790	1	0	0	443	0	444
15791	0	444	1	0	0	445
15792	441	0	0	1	0	442
15793	0	1	448	0	0	449
15794	1	0	0	443	0	444
15795	1	0	1	440	0	442
15796	0	445	0	1	0	446
15797	0	0	1	447	0	448
15798	0	2	0	441	0	443
15799	0	1	0	448	0	449
15800	445	0	0	1	0	446
15801	0	0	1	444	0	445
15802	1	0	0	446	0	447
15803	455	0	0	2	0	457
15804	0	1	0	460	0	461
15805	2	527	0	1	0	530
15806	554	0	0	2	0	556
15807	592	1	0	1	0	594
15808	611	0	0	0	0	611
15809	664	0	0	1	0	665
15810	1	722	0	1	0	724
15811	808	1	0	0	0	809
15812	810	2	0	2	0	814
15813	3	1	0	812	0	816
15814	2	0	817	1	0	820
15815	1	0	1	806	0	808
15816	1	0	2	807	0	810
15817	0	0	0	802	0	802
15818	0	1	0	797	0	798
15819	1	0	0	801	0	802
15820	790	0	0	3	0	793
15821	1	0	0	793	0	794
15822	5	1	816	1	0	823
15823	1	0	1	805	0	807
15824	1	822	2	4	0	829
15825	0	1	1	815	0	817
15826	0	2	820	2	0	824
15827	761	1	1	4	0	767
15828	798	0	2	0	0	800
15829	3	0	860	1	0	864
15830	2	855	2	0	0	859
15831	863	2	2	2	0	869
15832	869	3	0	0	0	872
15833	871	0	0	1	0	872
15834	850	0	1	1	0	852
15835	7	0	0	845	0	852
15836	5	1	849	2	0	857
15837	1	1	3	849	0	854
15838	2	1	2	866	0	871
15839	3	0	863	6	0	872
15840	2	0	857	4	0	863
15841	831	1	5	1	0	838
15842	4	853	2	2	0	861
15843	3	2	0	851	0	856
15844	1	2	840	4	0	847
15845	802	0	2	6	0	810
15846	3	1	837	2	0	843
15847	822	1	3	1	0	827
15848	4	844	4	1	0	853
15849	3	2	1	848	0	854
15850	1	4	844	3	0	852
15851	787	2	2	4	0	795
15852	3	844	4	2	0	853
15853	4	875	1	1	0	881
15854	4	5	2	875	0	886
15855	2	2	3	891	0	898
15856	931	2	1	7	0	941
15857	5	941	0	5	0	951
15858	4	5	1	953	0	963
15859	959	3	1	7	0	970
15860	972	2	0	3	0	977
15861	989	1	1	2	0	993
15862	8	0	1016	3	0	1027
15863	4	1	1037	2	0	1044
15864	1054	1	7	3	0	1065
15865	4	1078	7	1	0	1090
15866	3	1086	2	2	0	1093
15867	2	8	2	1043	0	1055
15868	4	1075	2	3	0	1084
15869	1064	5	0	5	0	1074
15870	5	3	2	1060	0	1070
15871	5	1	1076	5	0	1087
15872	1062	1	6	3	0	1072
15873	1074	1	5	3	0	1083
15874	12	2	0	1066	0	1080
15875	5	1	1	1073	0	1080
15876	1	1	3	1077	0	1082
15877	4	0	3	1060	0	1067
15878	3	3	1032	9	0	1047
15879	1	1031	5	7	0	1044
15880	1	6	7	945	0	959
15881	2	1020	1	7	0	1030
15882	3	4	1	934	0	942
15883	2	1011	2	5	0	1020
15884	995	6	0	7	0	1008
15885	1000	4	1	4	0	1009
15886	12	1000	3	3	0	1018
15887	995	4	1	0	0	1000
15888	8	3	1	992	0	1004
15889	974	0	2	6	0	982
15890	5	975	2	6	0	988
15891	981	5	1	2	0	989
15892	983	5	0	2	0	990
15893	7	2	2	974	0	985
15894	3	3	976	5	0	987
15895	2	973	4	5	0	984
15896	1	6	3	969	0	979
15897	965	3	1	6	0	975
15898	5	1	976	3	0	985
15899	7	0	4	956	0	967
15900	3	0	5	963	0	971
15901	974	1	0	9	0	984
15902	974	2	0	5	0	981
15903	946	2	1	4	0	953
15904	8	945	3	1	0	957
15905	872	7	0	0	0	879
15906	6	3	842	1	0	852
15907	4	0	804	1	0	809
15908	4	0	783	1	0	788
15909	5	33	15	670	0	723
15910	1	1	661	3	0	666
15911	567	0	5	4	0	576
15912	4	0	2	581	0	587
15913	2	0	590	3	0	595
15914	595	0	3	4	0	602
15915	3	0	3	593	0	599
15916	3	1	0	605	0	609
15917	607	0	1	6	0	614
15918	4	1	0	622	0	627
15919	4	1	625	3	0	633
15920	1	1	3	625	0	630
15921	1	0	639	3	0	643
15922	2	0	5	609	0	616
15923	597	1	4	3	0	605
15924	5	591	0	4	0	600
15925	2	600	1	1	0	604
15926	2	6	0	591	0	599
15927	0	3	0	582	0	585
15928	0	584	1	5	0	590
15929	3	549	0	2	0	554
15930	0	5	0	539	0	544
15931	0	3	1	533	0	537
15932	518	1	0	4	0	523
15933	2	518	0	4	0	524
15934	3	518	1	1	0	523
15935	0	518	1	2	0	521
15936	502	4	1	2	0	509
15937	2	2	505	3	0	512
15938	492	0	3	0	0	495
15939	3	1	1	493	0	498
15940	3	492	0	2	0	497
15941	0	500	0	3	0	503
15942	495	4	0	0	0	499
15943	2	3	1	469	0	475
15944	3	522	1	2	0	528
15945	531	2	1	2	0	536
15946	521	3	0	1	0	525
15947	5	0	516	0	0	521
15948	514	0	2	1	0	517
15949	511	0	3	1	0	515
15950	4	1	1	498	0	504
15951	5	502	0	2	0	509
15952	1	496	0	4	0	501
15953	0	9	0	467	0	476
15954	462	3	1	1	0	467
15955	0	0	449	4	0	453
15956	4	0	389	1	0	394
15957	3	0	380	1	0	384
15958	7	0	375	0	0	382
15959	0	376	3	3	0	382
15960	0	364	3	1	0	368
15961	6	4	333	0	0	343
15962	2	3	308	1	0	314
15963	0	274	3	0	0	277
15964	1	2	1	237	0	241
15965	0	1	249	0	0	250
15966	0	0	0	257	0	257
15967	0	0	1	262	0	263
15968	0	0	0	272	0	272
15969	1	0	0	297	0	298
15970	0	0	302	2	0	304
15971	0	0	0	298	0	298
15972	297	0	1	1	0	299
15973	1	0	300	1	0	302
15974	308	0	1	0	0	309
15975	1	0	2	305	0	308
15976	1	0	313	1	0	315
15977	316	0	1	1	0	318
15978	1	0	2	320	0	323
15979	326	0	0	2	0	328
15980	1	0	0	320	0	321
15981	1	324	0	1	0	326
15982	0	1	341	1	0	343
15983	0	1	1	342	0	344
15984	342	0	1	2	0	345
15985	345	1	0	1	0	347
15986	346	1	0	0	0	347
15987	344	0	0	1	0	345
15988	340	0	0	1	0	341
15989	1	344	0	0	0	345
15990	344	2	0	0	0	346
15991	1	2	343	0	0	346
15992	339	1	1	0	0	341
15993	1	0	3	308	0	312
15994	1	0	343	0	0	344
15995	0	0	346	1	0	347
15996	0	0	2	346	0	348
15997	346	1	1	1	0	349
15998	1	344	0	1	0	346
15999	346	0	0	0	0	346
16000	1	347	0	1	0	349
16001	1	2	0	361	0	364
16002	1	1	0	362	0	364
16003	366	0	0	2	0	368
16004	1	0	1	368	0	370
16005	2	0	373	1	0	376
16006	366	0	1	1	0	368
16007	1	0	1	373	0	375
16008	1	1	0	377	0	379
16009	0	1	379	1	0	381
16010	371	0	1	2	0	374
16011	381	0	1	0	0	382
16012	2	374	1	0	0	377
16013	1	1	367	0	0	369
16014	0	1	355	0	0	356
16015	0	0	3	352	0	355
16016	0	2	1	349	0	352
16017	0	348	0	2	0	350
16018	0	1	346	1	0	348
16019	0	2	2	333	0	337
16020	0	1	350	1	0	352
16021	0	0	1	332	0	333
16022	0	340	1	1	0	342
16023	0	1	0	353	0	354
16024	0	1	0	352	0	353
16025	0	0	1	351	0	352
16026	348	0	1	1	0	350
16027	1	1	349	1	0	352
16028	1	367	1	1	0	370
16029	0	1	2	384	0	387
16030	390	1	0	2	0	393
16031	1	0	0	400	0	401
16032	404	0	0	1	0	405
16033	1	0	423	2	0	426
16034	419	0	3	0	0	422
16035	1	0	1	431	0	433
16036	2	0	435	1	0	438
16037	0	435	2	1	0	438
16038	1	1	1	435	0	438
16039	0	1	0	436	0	437
16040	434	0	1	2	0	437
16041	2	438	0	1	0	441
16042	1	433	0	1	0	435
16043	1	436	1	0	0	438
16044	412	2	0	0	0	414
16045	1	413	0	0	0	414
16046	3	1	1	409	0	414
16047	0	0	0	410	0	410
16048	413	0	0	1	0	414
16049	1	413	0	1	0	415
16050	1	1	0	419	0	421
16051	430	0	0	1	0	431
16052	428	0	0	0	0	428
16053	425	1	0	1	0	427
16054	2	427	0	1	0	430
16055	410	1	1	1	0	413
16056	2	0	0	403	0	405
16057	0	405	0	2	0	407
16058	0	402	1	0	0	403
16059	1	0	1	402	0	404
16060	408	0	0	2	0	410
16061	414	0	0	0	0	414
16062	2	0	0	407	0	409
16063	1	411	0	1	0	413
16064	410	1	0	1	0	412
16065	1	1	417	0	0	419
16066	1	0	403	0	0	404
16067	389	1	2	0	0	392
16068	1	0	391	0	0	392
16069	1	0	0	364	0	365
16070	364	0	1	0	0	365
16071	0	0	0	374	0	374
16072	1	0	372	0	0	373
16073	0	380	0	1	0	381
16074	0	0	1	385	0	386
16075	0	1	383	0	0	384
16076	368	0	2	1	0	371
16077	0	0	1	373	0	374
16078	1	0	377	0	0	378
16079	0	0	0	374	0	374
16080	0	378	2	0	0	380
16081	0	0	0	388	0	388
16082	0	1	0	378	0	379
16083	0	0	0	377	0	377
16084	0	380	0	1	0	381
16085	392	0	0	2	0	394
16086	0	1	0	394	0	395
16087	1	0	0	396	0	397
16088	0	0	0	401	0	401
16089	0	0	404	1	0	405
16090	0	0	0	404	0	404
16091	406	0	0	0	0	406
16092	0	413	0	1	0	414
16093	1	0	0	422	0	423
16094	0	1	0	424	0	425
16095	424	0	0	1	0	425
16096	0	427	0	2	0	429
16097	432	0	0	0	0	432
16098	432	1	0	0	0	433
16099	1	0	0	435	0	436
16100	432	0	0	0	0	432
16101	0	421	0	1	0	422
16102	420	0	0	0	0	420
16103	0	1	0	421	0	422
16104	474	0	0	0	0	474
16105	482	0	0	1	0	483
16106	1	0	506	0	0	507
16107	502	0	0	0	0	502
16108	513	0	1	0	0	514
16109	561	0	0	0	0	561
16110	1	0	582	0	0	583
16111	2	581	0	1	0	584
16112	0	1	1	577	0	579
16113	586	2	0	0	0	588
16114	0	589	0	2	0	591
16115	594	0	0	1	0	595
16116	0	2	0	598	0	600
16117	2	0	607	0	0	609
16118	618	0	0	3	0	621
16119	0	0	2	632	0	634
16120	2	0	630	0	0	632
16121	626	0	0	2	0	628
16122	0	0	640	0	0	640
16123	2	0	0	679	0	681
16124	0	0	2	694	0	696
16125	704	0	0	3	0	707
16126	696	0	0	3	0	699
16127	3	711	0	0	0	714
16128	703	0	0	0	0	703
16129	0	3	685	0	0	688
16130	3	0	683	0	0	686
16131	676	0	3	0	0	679
16132	0	680	6	0	0	686
16133	661	0	0	0	0	661
16134	0	666	0	0	0	666
16135	660	0	0	0	0	660
16136	0	3	0	648	0	651
16137	3	1	651	0	0	655
16138	0	0	0	655	0	655
16139	0	0	3	653	0	656
16140	651	0	1	4	0	656
16141	2	0	649	3	0	654
16142	641	0	0	0	0	641
16143	0	644	3	1	0	648
16144	635	0	1	0	0	636
16145	0	4	0	627	0	631
16146	3	0	630	1	0	634
16147	1	0	0	629	0	630
16148	623	1	3	0	0	627
16149	1	0	0	626	0	627
16150	3	0	0	609	0	612
16151	0	601	1	3	0	605
16152	0	0	0	607	0	607
16153	0	3	608	1	0	612
16154	1	0	1	610	0	612
16155	1	0	3	610	0	614
16156	606	0	1	3	0	610
16157	0	0	0	606	0	606
16158	3	0	598	1	0	602
16159	0	601	1	4	0	606
16160	2	0	2	589	0	593
16161	1	3	0	586	0	590
16162	596	0	0	3	0	599
16163	0	582	3	2	0	587
16164	3	0	1	583	0	587
16165	579	2	1	0	0	582
16166	574	1	1	2	0	578
16167	4	0	0	577	0	581
16168	3	2	594	0	0	599
16169	591	0	1	2	0	594
16170	0	1	2	610	0	613
16171	603	0	1	2	0	606
16172	596	0	0	4	0	600
16173	3	593	1	1	0	598
16174	584	1	0	1	0	586
16175	1	587	1	2	0	591
16176	3	0	2	583	0	588
16177	0	3	2	565	0	570
16178	3	574	0	5	0	582
16179	582	2	1	3	0	588
16180	577	2	1	1	0	581
16181	2	1	564	2	0	569
16182	4	0	561	1	0	566
16183	0	0	2	562	0	564
16184	564	0	3	0	0	567
16185	1	1	0	555	0	557
16186	2	1	0	558	0	561
16187	2	1	577	2	0	582
16188	0	0	572	4	0	576
16189	1	0	570	1	0	572
16190	559	1	2	2	0	564
16191	548	1	2	2	0	553
16192	4	548	1	1	0	554
16193	2	547	1	1	0	551
16194	1	2	1	546	0	550
16195	1	3	545	2	0	551
16196	530	0	1	4	0	535
16197	0	2	551	3	0	556
16198	3	1	1	547	0	552
16199	2	0	3	545	0	550
16200	1	0	2	552	0	555
16201	2	0	0	555	0	557
16202	554	1	1	3	0	559
16203	2	0	0	545	0	547
16204	2	0	509	2	0	513
16205	484	0	2	2	0	488
16206	0	1	499	2	0	502
16207	4	0	500	1	0	505
16208	1	488	2	2	0	493
16209	8	2	2	396	0	408
16210	393	2	0	0	0	395
16211	0	1	0	394	0	395
16212	2	1	394	1	0	398
16213	1	1	0	399	0	401
16214	390	1	1	2	0	394
16215	1	393	2	1	0	397
16216	391	0	0	0	0	391
16217	0	380	1	1	0	382
16218	357	0	1	0	0	358
16219	0	351	1	1	0	353
16220	2	353	0	0	0	355
16221	1	1	344	1	0	347
16222	0	334	0	1	0	335
16223	269	0	4	0	0	273
16224	0	0	0	266	0	266
16225	268	0	0	0	0	268
16226	0	268	0	0	0	268
16227	266	1	0	0	0	267
16228	1	0	270	0	0	271
16229	0	1	1	262	0	264
16230	0	270	0	1	0	271
16231	0	1	0	277	0	278
16232	0	0	0	281	0	281
16233	331	0	0	2	0	333
16234	1	334	0	2	0	337
16235	338	1	0	0	0	339
16236	1	0	343	0	0	344
16237	0	0	341	0	0	341
16238	0	339	2	0	0	341
16239	0	1	0	339	0	340
16240	0	1	344	1	0	346
16241	0	0	1	339	0	340
16242	0	0	0	352	0	352
16243	1	0	356	1	0	358
16244	0	0	355	0	0	355
16245	0	0	372	0	0	372
16246	2	0	366	0	0	368
16247	0	383	2	0	0	385
16248	0	1	1	381	0	383
16249	0	1	0	382	0	383
16250	0	0	383	2	0	385
16251	1	0	2	379	0	382
16252	0	0	401	1	0	402
16253	0	0	1	393	0	394
16254	1	0	1	384	0	386
16255	0	402	0	2	0	404
16256	0	1	0	404	0	405
16257	0	1	0	395	0	396
16258	1	0	0	403	0	404
16259	0	0	395	4	0	399
16260	0	396	1	3	0	400
16261	401	1	1	0	0	403
16262	396	1	0	0	0	397
16263	2	1	0	396	0	399
16264	1	1	0	379	0	381
16265	0	400	0	2	0	402
16266	397	1	0	0	0	398
16267	1	410	0	0	0	411
16268	397	1	0	0	0	398
16269	1	1	396	0	0	398
16270	370	0	1	0	0	371
16271	1	389	1	0	0	391
16272	1	2	0	395	0	398
16273	1	1	0	387	0	389
16274	0	391	1	2	0	394
16275	387	1	1	1	0	390
16276	1	2	0	395	0	398
16277	1	0	0	400	0	401
16278	402	0	1	3	0	406
16279	402	0	0	2	0	404
16280	3	0	403	1	0	407
16281	409	0	3	0	0	412
16282	2	0	2	412	0	416
16283	1	0	426	2	0	429
16284	0	0	3	416	0	419
16285	0	1	420	2	0	423
16286	0	0	424	2	0	426
16287	0	0	3	418	0	421
16288	0	0	423	2	0	425
16289	0	432	2	6	0	440
16290	0	2	2	438	0	442
16291	1	1	0	439	0	441
16292	0	0	441	4	0	445
16293	0	443	3	1	0	447
16294	443	2	1	0	0	446
16295	2	1	0	448	0	451
16296	449	0	0	3	0	452
16297	2	449	1	2	0	454
16298	1	3	456	0	0	460
16299	2	1	2	450	0	455
16300	454	0	1	2	0	457
16301	2	1	455	1	0	459
16302	445	0	3	2	0	450
16303	2	464	2	0	0	468
16304	2	449	1	0	0	452
16305	448	4	3	1	0	456
16306	4	1	1	437	0	443
16307	1	0	1	438	0	440
16308	0	454	0	5	0	459
16309	0	4	0	464	0	468
16310	0	1	0	466	0	467
16311	464	0	0	5	0	469
16312	3	1	0	456	0	460
16313	2	2	452	2	0	458
16314	0	1	2	456	0	459
16315	1	0	1	464	0	466
16316	1	1	473	3	0	478
16317	1	1	2	469	0	473
16318	469	0	2	3	0	474
16319	463	1	0	1	0	465
16320	468	0	0	1	0	469
16321	4	1	1	467	0	473
16322	2	0	472	4	0	478
16323	0	482	4	2	0	488
16324	1	2	2	481	0	486
16325	0	2	491	3	0	496
16326	0	0	2	481	0	483
16327	0	1	1	486	0	488
16328	477	1	0	2	0	480
16329	2	493	0	3	0	498
16330	1	1	485	1	0	488
16331	463	2	1	1	0	467
16332	2	487	2	0	0	491
16333	2	429	0	0	0	431
16334	456	2	1	0	0	459
16335	4	1	0	458	0	463
16336	1	0	520	2	0	523
16337	0	0	3	513	0	516
16338	0	517	2	2	0	521
16339	529	2	1	1	0	533
16340	2	2	1	531	0	536
16341	548	0	0	4	0	552
16342	2	0	1	538	0	541
16343	1	567	1	2	0	571
16344	576	3	0	1	0	580
16345	573	1	0	1	0	575
16346	4	576	1	0	0	581
16347	563	2	0	0	0	565
16348	2	2	0	556	0	560
16349	2	560	0	3	0	565
16350	561	2	0	2	0	565
16351	2	575	0	0	0	577
16352	566	2	0	0	0	568
16353	2	2	0	564	0	568
16354	578	0	0	2	0	580
16355	580	0	0	2	0	582
16356	582	0	0	0	0	582
16357	4	0	0	581	0	585
16358	2	0	0	588	0	590
16359	582	0	0	4	0	586
16360	2	0	595	2	0	599
16361	2	0	2	592	0	596
16362	0	598	3	5	0	606
16363	0	2	0	611	0	613
16364	0	3	0	610	0	613
16365	0	0	614	4	0	618
16366	0	2	2	656	0	660
16367	0	713	2	4	0	719
16368	0	2	0	725	0	727
16369	0	4	804	2	0	810
16370	0	0	2	815	0	817
16371	1	0	6	823	0	830
16372	822	0	0	8	0	830
16373	820	0	0	6	0	826
16374	8	0	0	813	0	821
16375	6	816	0	6	0	828
16376	0	804	0	10	0	814
16377	0	6	812	0	0	818
16378	0	6	1	802	0	809
16379	806	0	7	1	0	814
16380	2	1	0	816	0	819
16381	6	0	818	1	0	825
16382	0	0	1	810	0	811
16383	0	1	6	802	0	809
16384	1	0	0	814	0	815
16385	0	0	810	9	0	819
16386	1	803	2	6	0	812
16387	786	1	6	1	0	794
16388	776	7	0	0	0	783
16389	8	0	0	775	0	783
16390	6	0	780	0	0	786
16391	0	791	1	8	0	800
16392	1	6	7	720	0	734
16393	0	793	0	1	0	794
16394	0	792	0	4	0	796
16395	778	9	0	0	0	787
16396	1	7	781	1	0	790
16397	7	0	779	1	0	787
16398	0	0	8	767	0	775
16399	1	0	6	772	0	779
16400	1	1	784	7	0	793
16401	1	0	1	761	0	763
16402	1	0	778	2	0	781
16403	737	0	1	8	0	746
16404	2	0	7	758	0	767
16405	8	0	769	1	0	778
16406	1	0	1	717	0	719
16407	0	781	6	3	0	790
16408	757	2	1	7	0	767
16409	1	770	0	1	0	772
16410	768	1	2	0	0	771
16411	1	5	760	3	0	769
16412	774	1	1	0	0	776
16413	3	1	6	780	0	790
16414	7	0	788	2	0	797
16415	0	0	1	782	0	783
16416	0	0	772	4	0	776
16417	740	0	1	8	0	749
16418	2	778	9	0	0	789
16419	6	1	0	727	0	734
16420	1	785	0	4	0	790
16421	775	2	0	5	0	782
16422	765	7	1	2	0	775
16423	7	776	3	3	0	789
16424	8	2	0	774	0	784
16425	2	7	0	771	0	780
16426	0	1	1	779	0	781
16427	769	1	1	8	0	779
16428	2	771	0	8	0	781
16429	6	1	1	751	0	759
16430	2	6	2	752	0	762
16431	750	1	0	8	0	759
16432	2	1	754	7	0	764
16433	7	2	750	1	0	760
16434	711	1	8	1	0	721
16435	1	0	731	1	0	733
16436	6	0	667	2	0	675
16437	2	0	5	642	0	649
16438	658	0	8	1	0	667
16439	0	0	1	655	0	656
16440	5	3	657	1	0	666
16441	634	1	0	7	0	642
16442	0	1	652	1	0	654
16443	6	650	1	1	0	658
16444	4	9	4	651	0	668
16445	659	4	0	1	0	664
16446	1	0	1	662	0	664
16447	5	0	1	659	0	665
16448	673	0	0	6	0	679
16449	0	0	1	677	0	678
16450	5	0	1	684	0	690
16451	0	3	684	4	0	691
16452	1	0	0	676	0	677
16453	686	1	4	0	0	691
16454	677	0	0	5	0	682
16455	684	0	1	0	0	685
16456	4	2	0	667	0	673
16457	4	675	0	1	0	680
16458	666	1	0	5	0	672
16459	0	677	0	1	0	678
16460	666	0	0	1	0	667
16461	0	4	1	659	0	664
16462	671	0	1	0	0	672
16463	658	0	0	5	0	663
16464	657	0	1	0	0	658
16465	4	652	1	0	0	657
16466	4	598	0	0	0	602
16467	545	3	0	0	0	548
16468	0	551	0	0	0	551
16469	0	481	0	0	0	481
16470	2	467	0	0	0	469
16471	460	1	4	2	0	467
16472	0	1	0	459	0	460
16473	1	0	0	465	0	466
16474	464	0	1	1	0	466
16475	0	0	478	1	0	479
16476	1	0	0	539	0	540
16477	0	0	1	552	0	553
16478	0	0	0	601	0	601
16479	0	0	0	632	0	632
16480	0	655	0	4	0	659
16481	0	761	0	3	0	764
16482	770	8	0	0	0	778
16483	4	4	0	776	0	784
16484	4	0	0	781	0	785
16485	0	0	779	8	0	787
16486	0	0	4	787	0	791
16487	0	0	794	4	0	798
16488	0	0	4	788	0	792
16489	0	0	839	4	0	843
16490	0	837	4	4	0	845
16491	1	4	4	833	0	842
16492	835	4	0	4	0	843
16493	831	0	0	4	0	835
16494	8	0	0	834	0	842
16495	4	0	838	4	0	846
16496	2	0	826	4	0	832
16497	810	0	8	0	0	818
16498	4	821	4	0	0	829
16499	826	3	0	0	0	829
16500	821	4	0	0	0	825
16501	8	0	829	0	0	837
16502	4	0	4	824	0	832
16503	0	1	4	827	0	832
16504	0	0	0	846	0	846
16505	0	1	0	834	0	835
16506	1	0	1	833	0	835
16507	0	0	808	10	0	818
16508	2	1	810	7	0	820
16509	1	0	8	805	0	814
16510	1	0	5	804	0	810
16511	0	0	0	809	0	809
16512	801	0	0	9	0	810
16513	4	0	1	794	0	799
16514	799	0	0	6	0	805
16515	4	1	1	807	0	813
16516	818	0	0	5	0	823
16517	824	0	0	4	0	828
16518	814	1	0	1	0	816
16519	815	0	0	3	0	818
16520	812	0	0	1	0	813
16521	9	0	1	806	0	816
16522	805	0	1	6	0	812
16523	4	796	2	5	0	807
16524	800	4	1	1	0	806
16525	5	5	1	798	0	809
16526	4	2	802	5	0	813
16527	2	1	4	800	0	807
16528	3	1	809	4	0	817
16529	1	0	5	801	0	807
16530	1	0	5	811	0	817
16531	1	0	806	9	0	816
16532	0	0	809	6	0	815
16533	1	2	9	799	0	811
16534	788	1	5	5	0	799
16535	7	0	797	4	0	808
16536	5	804	6	0	0	815
16537	1	5	815	2	0	823
16538	800	4	4	3	0	811
16539	4	0	5	818	0	827
16540	812	0	0	5	0	817
16541	802	0	0	8	0	810
16542	9	0	1	795	0	805
16543	5	0	777	7	0	789
16544	1	0	5	759	0	765
16545	1	0	5	752	0	758
16546	737	0	3	8	0	748
16547	5	747	0	7	0	759
16548	5	4	1	745	0	755
16549	2	7	734	7	0	750
16550	710	0	3	6	0	719
16551	7	719	5	1	0	732
16552	9	4	0	719	0	732
16553	3	4	0	711	0	718
16554	2	0	2	718	0	722
16555	701	0	1	9	0	711
16556	707	0	2	5	0	714
16557	10	1	0	702	0	713
16558	7	2	700	7	0	716
16559	3	701	5	5	0	714
16560	698	4	6	2	0	710
16561	697	4	2	3	0	706
16562	10	0	2	692	0	704
16563	4	0	2	698	0	704
16564	4	0	699	11	0	714
16565	0	705	5	7	0	717
16566	708	4	7	1	0	720
16567	694	4	3	2	0	703
16568	7	688	1	2	0	698
16569	663	4	1	3	0	671
16570	5	3	1	660	0	669
16571	4	0	653	6	0	663
16572	1	1	4	658	0	664
16573	1	0	657	6	0	664
16574	640	1	6	5	0	652
16575	5	645	6	1	0	657
16576	5	6	0	576	0	587
16577	2	3	571	3	0	579
16578	2	0	532	3	0	537
16579	481	1	4	0	0	486
16580	1	474	0	4	0	479
16581	350	0	11	1	0	362
16582	343	0	0	3	0	346
16583	341	0	0	1	0	342
16584	1	2	1	331	0	335
16585	1	1	347	0	0	349
16586	1	349	0	1	0	351
16587	1	1	3	342	0	347
16588	0	1	349	1	0	351
16589	0	0	305	0	0	305
16590	0	0	0	296	0	296
16591	0	0	296	0	0	296
16592	281	0	0	0	0	281
16593	0	0	0	300	0	300
16594	0	0	0	304	0	304
16595	305	0	0	0	0	305
16596	0	301	0	0	0	301
16597	310	0	0	0	0	310
16598	0	0	0	304	0	304
16599	0	0	0	311	0	311
16600	0	0	0	312	0	312
16601	0	0	0	302	0	302
16602	297	0	0	0	0	297
16603	0	0	299	0	0	299
16604	0	292	0	0	0	292
16605	0	0	0	288	0	288
16606	288	0	0	0	0	288
16607	290	0	0	0	0	290
16608	0	296	0	0	0	296
16609	290	0	0	0	0	290
16610	0	300	0	0	0	300
16611	0	306	0	0	0	306
16612	0	2	0	307	0	309
16613	0	0	307	0	0	307
16614	0	1	0	292	0	293
16615	287	0	1	0	0	288
16616	0	288	0	0	0	288
16617	0	0	0	287	0	287
16618	0	0	326	0	0	326
16619	327	0	0	0	0	327
16620	336	0	0	0	0	336
16621	332	0	0	0	0	332
16622	0	0	332	0	0	332
16623	321	1	0	0	0	322
16624	0	328	0	1	0	329
16625	0	0	0	315	0	315
16626	0	331	0	0	0	331
16627	327	0	0	0	0	327
16628	324	0	0	0	0	324
16629	0	0	328	0	0	328
16630	0	335	1	0	0	336
16631	0	0	0	337	0	337
16632	0	0	0	332	0	332
16633	0	0	0	334	0	334
16634	0	0	0	346	0	346
16635	0	0	0	349	0	349
16636	0	0	336	1	0	337
16637	0	334	1	0	0	335
16638	334	1	0	0	0	335
16639	1	0	346	0	0	347
16640	0	355	1	1	0	357
16641	364	1	0	0	0	365
16642	2	0	380	0	0	382
16643	365	0	1	0	0	366
16644	375	0	0	0	0	375
16645	370	0	0	0	0	370
16646	1	379	0	0	0	380
16647	0	1	380	0	0	381
16648	0	390	1	0	0	391
16649	1	1	0	351	0	353
16650	0	391	0	0	0	391
16651	389	1	0	0	0	390
16652	401	0	0	0	0	401
16653	395	0	0	0	0	395
16654	1	0	412	0	0	413
16655	0	428	1	0	0	429
16656	0	2	0	467	0	469
16657	507	0	0	2	0	509
16658	2	514	1	0	0	517
16659	1	2	0	517	0	520
16660	1	1	533	2	0	537
16661	530	0	2	1	0	533
16662	4	0	554	1	0	559
16663	1	0	575	0	0	576
16664	547	0	2	1	0	550
16665	2	0	565	0	0	567
16666	537	0	3	0	0	540
16667	3	554	1	0	0	558
16668	556	2	1	0	0	559
16669	3	1	0	561	0	565
16670	1	1	0	557	0	559
16671	1	0	0	562	0	563
16672	558	0	0	4	0	562
16673	553	0	0	2	0	555
16674	549	0	0	1	0	550
16675	4	547	0	2	0	553
16676	1	2	0	546	0	549
16677	1	1	546	2	0	550
16678	0	1	1	521	0	523
16679	0	531	1	3	0	535
16680	0	2	1	530	0	533
16681	0	1	0	532	0	533
16682	534	1	0	2	0	537
16683	2	0	0	532	0	534
16684	1	0	531	3	0	535
16685	1	0	511	1	0	513
16686	0	0	3	510	0	513
16687	502	0	2	3	0	507
16688	2	0	1	500	0	503
16689	1	0	0	497	0	498
16690	1	0	499	3	0	503
16691	0	496	2	2	0	500
16692	0	2	1	491	0	494
16693	475	1	1	2	0	479
16694	2	485	1	1	0	489
16695	1	1	1	484	0	487
16696	2	1	481	2	0	486
16697	0	2	3	476	0	481
16698	470	0	1	3	0	474
16699	1	468	2	3	0	474
16700	1	2	473	1	0	477
16701	1	1	2	471	0	475
16702	0	1	478	2	0	481
16703	473	0	3	2	0	478
16704	480	0	1	1	0	482
16705	4	0	484	0	0	488
16706	3	0	2	470	0	475
16707	1	0	479	2	0	482
16708	0	479	3	2	0	484
16709	0	2	2	474	0	478
16710	0	2	477	3	0	482
16711	0	4	2	447	0	453
16712	0	461	2	4	0	467
16713	1	2	1	459	0	463
16714	0	1	465	3	0	469
16715	451	2	2	2	0	457
16716	2	457	4	1	0	464
16717	459	2	3	0	0	464
16718	4	1	438	0	0	443
16719	424	2	2	0	0	428
16720	4	0	432	1	0	437
16721	426	0	3	2	0	431
16722	431	0	2	1	0	434
16723	2	1	1	429	0	433
16724	3	0	0	435	0	438
16725	436	0	0	3	0	439
16726	2	428	0	5	0	435
16727	432	3	0	2	0	437
16728	3	1	1	424	0	429
16729	1	424	1	3	0	429
16730	2	2	0	428	0	432
16731	0	4	0	432	0	436
16732	0	1	1	433	0	435
16733	0	435	0	7	0	442
16734	418	1	1	3	0	423
16735	2	4	0	422	0	428
16736	3	1	422	1	0	427
16737	1	0	421	2	0	424
16738	0	1	421	3	0	425
16739	406	0	4	0	0	410
16740	401	1	4	1	0	407
16741	3	0	398	2	0	403
16742	3	0	3	373	0	379
16743	1	1	2	379	0	383
16744	0	1	401	3	0	405
16745	1	0	404	4	0	409
16746	0	2	4	400	0	406
16747	399	0	3	2	0	404
16748	385	1	1	2	0	389
16749	387	0	1	2	0	390
16750	4	388	1	1	0	394
16751	5	392	0	0	0	397
16752	1	5	2	372	0	380
16753	372	3	0	2	0	377
16754	3	1	366	2	0	372
16755	331	0	0	3	0	334
16756	2	310	2	1	0	315
16757	2	255	1	0	0	258
16758	252	2	0	0	0	254
16759	1	253	0	1	0	255
16760	1	237	0	1	0	239
16761	224	5	2	3	0	234
16762	0	230	0	0	0	230
16763	1	0	0	212	0	213
16764	0	1	0	211	0	212
16765	211	0	0	1	0	212
16766	206	0	0	1	0	207
16767	1	212	0	0	0	213
16768	1	220	0	0	0	221
16769	0	1	214	0	0	215
16770	218	1	0	0	0	219
16771	231	0	1	0	0	232
16772	247	0	0	0	0	247
16773	2	0	0	247	0	249
16774	1	0	0	254	0	255
16775	262	0	0	2	0	264
16776	1	0	0	264	0	265
16777	1	0	269	1	0	271
16778	0	0	1	271	0	272
16779	0	283	1	0	0	284
16780	0	1	0	285	0	286
16781	0	1	0	290	0	291
16782	0	0	0	292	0	292
16783	286	0	0	2	0	288
16784	1	290	0	1	0	292
16785	1	0	0	297	0	298
16786	0	1	299	1	0	301
16787	0	0	296	1	0	297
16788	0	0	2	295	0	297
16789	1	0	1	299	0	301
16790	299	0	0	3	0	302
16791	1	1	0	298	0	300
16792	1	305	0	1	0	307
16793	0	1	308	2	0	311
16794	0	1	1	310	0	312
16795	0	1	323	1	0	325
16796	1	0	1	321	0	323
16797	319	0	1	2	0	322
16798	319	0	1	1	0	321
16799	2	323	1	0	0	326
16800	1	1	1	323	0	326
16801	336	1	0	1	0	338
16802	333	0	0	1	0	334
16803	338	0	1	0	0	339
16804	343	0	0	1	0	344
16805	337	0	0	1	0	338
16806	2	337	1	0	0	340
16807	333	1	1	0	0	335
16808	1	1	342	1	0	345
16809	2	0	1	343	0	346
16810	347	0	1	1	0	349
16811	349	0	0	1	0	350
16812	360	0	0	0	0	360
16813	2	1	355	0	0	358
16814	1	0	1	361	0	363
16815	372	0	1	1	0	374
16816	1	377	1	1	0	380
16817	401	1	0	0	0	402
16818	386	2	0	0	0	388
16819	388	1	0	0	0	389
16820	3	0	0	407	0	410
16821	413	1	0	2	0	416
16822	1	1	420	1	0	423
16823	2	0	418	0	0	420
16824	407	1	2	1	0	411
16825	1	0	421	1	0	423
16826	398	0	1	1	0	400
16827	1	0	423	0	0	424
16828	0	0	1	422	0	423
16829	423	0	0	0	0	423
16830	1	430	0	0	0	431
16831	432	1	0	0	0	433
16832	1	435	0	0	0	436
16833	0	453	0	0	0	453
16834	0	1	0	456	0	457
16835	0	0	0	458	0	458
16836	0	0	0	454	0	454
16837	0	0	454	1	0	455
16838	435	0	1	0	0	436
16839	474	0	0	0	0	474
16840	483	0	0	0	0	483
16841	485	0	0	0	0	485
16842	486	0	0	1	0	487
16843	2	0	484	0	0	486
16844	1	0	476	0	0	477
16845	0	0	2	489	0	491
16846	1	0	500	1	0	502
16847	493	0	2	0	0	495
16848	3	531	0	0	0	534
16849	0	2	1	559	0	562
16850	574	0	0	3	0	577
16851	3	0	0	584	0	587
16852	0	1	612	1	0	614
16853	1	0	610	0	0	611
16854	0	0	2	633	0	635
16855	0	0	635	4	0	639
16856	621	0	2	1	0	624
16857	2	0	0	631	0	633
16858	0	0	642	3	0	645
16859	0	646	3	0	0	649
16860	1	2	0	662	0	665
16861	1	0	668	2	0	671
16862	1	0	3	644	0	648
16863	1	0	0	670	0	671
16864	1	0	684	3	0	688
16865	0	0	4	681	0	685
16866	0	0	0	677	0	677
16867	0	0	0	684	0	684
16868	673	0	1	3	0	677
16869	3	681	0	0	0	684
16870	0	682	0	0	0	682
16871	0	3	667	1	0	671
16872	638	0	2	0	0	640
16873	2	0	659	1	0	662
16874	0	0	654	0	0	654
16875	0	0	3	638	0	641
16876	646	0	0	2	0	648
16877	1	657	1	2	0	661
16878	654	2	0	0	0	656
16879	642	0	0	1	0	643
16880	1	666	1	0	0	668
16881	659	2	0	0	0	661
16882	651	0	0	1	0	652
16883	0	676	1	0	0	677
16884	0	2	0	677	0	679
16885	0	0	0	690	0	690
16886	714	0	1	2	0	717
16887	2	726	0	3	0	731
16888	737	2	0	1	0	740
16889	743	0	0	1	0	744
16890	783	0	0	0	0	783
16891	2	0	0	782	0	784
16892	0	1	0	781	0	782
16893	777	0	0	2	0	779
16894	795	0	0	0	0	795
16895	790	0	1	0	0	791
16896	2	0	1	826	0	829
16897	0	0	833	3	0	836
16898	1	0	2	846	0	849
16899	0	1	1	894	0	896
16900	1	0	902	3	0	906
16901	1	0	984	6	0	991
16902	0	1	5	996	0	1002
16903	1	0	1008	5	0	1014
16904	1013	0	3	3	0	1019
16905	3	1	3	1031	0	1038
16906	3	0	0	1034	0	1037
16907	1045	0	0	7	0	1052
16908	4	0	1	1034	0	1039
16909	3	1	0	1043	0	1047
16910	1	0	1	1046	0	1048
16911	2	0	0	1045	0	1047
16912	1	0	1028	7	0	1036
16913	0	0	3	1034	0	1037
16914	1	0	1025	4	0	1030
16915	1	1028	3	4	0	1036
16916	1	3	3	1019	0	1026
16917	2	3	996	3	0	1004
16918	940	0	3	4	0	947
16919	3	997	5	0	0	1005
16920	990	3	0	1	0	994
16921	3	3	1	947	0	954
16922	3	971	0	3	0	977
16923	966	3	0	4	0	973
16924	3	979	2	0	0	984
16925	979	3	0	0	0	982
16926	2	4	0	964	0	970
16927	982	0	0	3	0	985
16928	3	992	1	6	0	1002
16929	984	4	0	1	0	989
16930	4	3	989	0	0	996
16931	3	1	3	986	0	993
16932	973	0	3	3	0	979
16933	976	0	0	5	0	981
16934	8	0	0	965	0	973
16935	3	3	966	3	0	975
16936	1	956	3	3	0	963
16937	0	977	4	0	0	981
16938	974	6	2	3	0	985
16939	4	3	0	956	0	963
16940	4	0	0	955	0	959
16941	951	0	0	7	0	958
16942	939	0	1	3	0	943
16943	6	1	952	0	0	959
16944	3	1	3	944	0	951
16945	2	0	929	5	0	936
16946	0	917	3	4	0	924
16947	881	2	3	1	0	887
16948	3	891	0	0	0	894
16949	4	875	0	2	0	881
16950	5	5	1	859	0	870
16951	835	2	0	3	0	840
16952	2	835	0	3	0	840
16953	824	3	0	0	0	827
16954	2	816	0	0	0	818
16955	3	3	0	820	0	826
16956	812	3	0	2	0	817
16957	2	1	827	4	0	834
16958	4	4	4	816	0	828
16959	2	2	816	2	0	822
16960	1	789	2	3	0	795
16961	0	794	3	0	0	797
16962	772	8	1	2	0	783
16963	2	779	1	2	0	784
16964	778	1	1	1	0	781
16965	776	3	0	0	0	779
16966	4	0	784	0	0	788
16967	769	1	1	0	0	771
16968	2	1	801	0	0	804
16969	3	797	1	1	0	802
16970	793	2	3	0	0	798
16971	2	801	0	0	0	803
16972	4	2	0	796	0	802
16973	794	3	1	1	0	799
16974	2	0	0	799	0	801
16975	3	1	815	1	0	820
16976	0	0	1	812	0	813
16977	0	0	3	802	0	805
16978	805	1	0	4	0	810
16979	1	0	807	4	0	812
16980	808	0	1	0	0	809
16981	825	0	3	1	0	829
16982	4	0	1	832	0	837
16983	3	0	0	823	0	826
16984	817	0	0	5	0	822
16985	2	849	0	4	0	855
16986	2	3	1	812	0	818
16987	1	5	803	1	0	810
16988	0	0	791	4	0	795
16989	0	801	5	2	0	808
16990	2	1	4	756	0	763
16991	0	4	0	755	0	759
16992	752	1	0	5	0	758
16993	3	0	0	749	0	752
16994	726	0	1	1	0	728
16995	1	722	1	4	0	728
16996	4	709	0	0	0	713
16997	0	710	0	1	0	711
16998	687	4	0	5	0	696
16999	621	5	2	0	0	628
17000	3	621	0	2	0	626
17001	515	0	0	0	0	515
17002	0	516	0	1	0	517
17003	1	0	0	507	0	508
17004	0	509	0	0	0	509
17005	506	1	0	2	0	509
17006	502	1	0	0	0	503
17007	1	0	0	486	0	487
17008	486	0	0	0	0	486
17009	0	0	0	484	0	484
17010	1	513	0	0	0	514
17011	0	1	0	509	0	510
17012	0	512	0	0	0	512
17013	512	0	0	1	0	513
17014	0	1	506	0	0	507
17015	495	0	0	0	0	495
17016	0	0	1	511	0	512
17017	1	0	522	1	0	524
17018	507	0	0	1	0	508
17019	1	0	537	0	0	538
17020	1	0	0	526	0	527
17021	0	0	2	534	0	536
17022	0	0	0	526	0	526
17023	0	1	0	531	0	532
17024	1	544	0	1	0	546
17025	0	1	0	556	0	557
17026	553	1	0	0	0	554
17027	1	0	550	1	0	552
17028	1	584	1	0	0	586
17029	591	0	1	0	0	592
17030	636	1	1	1	0	639
17031	1	1	0	732	0	734
17032	2	0	741	1	0	744
17033	0	1	0	741	0	742
17034	0	0	1	776	0	777
17035	1	0	771	1	0	773
17036	0	814	0	5	0	819
17037	825	2	4	0	0	831
17038	821	2	0	2	0	825
17039	836	0	1	2	0	839
17040	5	0	1	826	0	832
17041	2	0	1	864	0	867
17042	876	0	1	6	0	883
17043	4	1	1	833	0	839
17044	3	883	1	2	0	889
17045	912	3	0	3	0	918
17046	926	2	0	0	0	928
17047	958	1	0	1	0	960
17048	952	0	0	3	0	955
17049	8	0	934	1	0	943
17050	3	0	935	1	0	939
17051	0	2	5	922	0	929
17052	0	1	2	926	0	929
17053	2	0	930	5	0	937
17054	3	0	929	2	0	934
17055	2	0	5	910	0	917
17056	918	0	3	3	0	924
17057	3	0	2	901	0	906
17058	2	1	911	4	0	918
17059	0	918	3	5	0	926
17060	919	3	3	1	0	926
17061	915	2	3	0	0	920
17062	915	1	1	1	0	918
17063	911	0	0	1	0	912
17064	7	0	897	1	0	905
17065	2	1	3	897	0	903
17066	889	1	4	3	0	897
17067	4	1	0	881	0	886
17068	4	0	0	834	0	838
17069	2	862	1	5	0	870
17070	2	5	0	866	0	873
17071	861	2	1	3	0	867
17072	4	865	1	3	0	873
17073	855	3	0	1	0	859
17074	4	860	1	2	0	867
17075	2	3	1	779	0	785
17076	2	832	1	4	0	839
17077	0	839	0	7	0	846
17078	828	5	1	3	0	837
17079	5	3	825	2	0	835
17080	3	1	796	1	0	801
17081	3	2	784	1	0	790
17082	739	3	4	2	0	748
17083	6	772	3	2	0	783
17084	4	776	2	1	0	783
17085	723	6	0	3	0	732
17086	5	738	1	4	0	748
17087	3	745	3	4	0	755
17088	4	4	4	749	0	761
17089	3	2	743	5	0	753
17090	6	2	745	2	0	755
17091	3	2	5	743	0	753
17092	744	3	2	4	0	753
17093	10	750	0	2	0	762
17094	5	5	1	745	0	756
17095	3	4	749	4	0	760
17096	3	1	734	6	0	744
17097	3	0	7	718	0	728
17098	716	1	6	5	0	728
17099	722	1	3	5	0	731
17100	6	3	712	1	0	722
17101	706	1	6	3	0	716
17102	7	1	713	4	0	725
17103	2	1	5	663	0	671
17104	3	708	4	6	0	721
17105	712	5	4	3	0	724
17106	8	2	4	716	0	730
17107	7	2	2	721	0	732
17108	8	1	1	728	0	738
17109	5	1	3	722	0	731
17110	2	3	697	6	0	708
17111	5	694	4	4	0	707
17112	6	5	3	689	0	703
17113	684	2	1	7	0	694
17114	6	1	2	690	0	699
17115	2	3	2	691	0	698
17116	2	0	679	9	0	690
17117	3	2	670	4	0	679
17118	4	665	5	2	0	676
17119	6	663	1	2	0	672
17120	1	9	1	649	0	660
17121	645	4	2	7	0	658
17122	4	4	651	5	0	664
17123	3	651	5	3	0	662
17124	5	5	4	612	0	626
17125	3	630	4	4	0	641
17126	2	6	4	595	0	607
17127	3	616	4	4	0	627
17128	3	7	2	575	0	587
17129	563	5	2	4	0	574
17130	6	504	1	3	0	514
17131	4	7	1	388	0	400
17132	380	3	1	3	0	387
17133	3	373	1	3	0	380
17134	0	327	0	2	0	329
17135	3	331	1	1	0	336
17136	4	11	6	264	0	285
17137	0	1	1	262	0	264
17138	0	267	1	2	0	270
17139	0	2	0	264	0	266
17140	0	0	266	2	0	268
17141	0	244	0	1	0	245
17142	0	19	1	202	0	222
17143	0	223	0	0	0	223
17144	0	0	213	0	0	213
17145	0	208	0	0	0	208
17146	163	4	2	2	0	171
17147	0	0	0	163	0	163
17148	157	0	0	0	0	157
17149	0	0	162	0	0	162
17150	0	0	0	160	0	160
17151	0	0	163	0	0	163
17152	0	0	0	165	0	165
17153	168	0	0	0	0	168
17154	0	0	0	168	0	168
17155	171	0	0	0	0	171
17156	0	174	0	0	0	174
17157	171	0	0	0	0	171
17158	0	0	186	0	0	186
17159	0	195	0	0	0	195
17160	0	0	0	202	0	202
17161	0	0	0	203	0	203
17162	0	0	201	0	0	201
17163	0	206	0	0	0	206
17164	0	0	0	205	0	205
17165	0	208	0	0	0	208
17166	0	0	0	204	0	204
17167	0	207	0	0	0	207
17168	205	0	0	0	0	205
17169	0	1	0	207	0	208
17170	0	0	205	0	0	205
17171	0	211	1	1	0	213
17172	0	217	0	0	0	217
17173	0	0	213	0	0	213
17174	0	219	0	0	0	219
17175	0	0	0	218	0	218
17176	0	0	221	0	0	221
17177	0	0	0	217	0	217
17178	0	0	0	226	0	226
17179	0	0	227	0	0	227
17180	218	0	0	0	0	218
17181	0	0	0	228	0	228
17182	0	0	256	0	0	256
17183	0	259	0	0	0	259
17184	258	0	0	0	0	258
17185	0	258	0	0	0	258
17186	0	0	0	259	0	259
17187	251	0	0	0	0	251
17188	0	0	0	248	0	248
17189	0	0	264	0	0	264
17190	0	0	0	267	0	267
17191	0	0	267	0	0	267
17192	263	0	0	0	0	263
17193	0	0	270	1	0	271
17194	272	0	0	0	0	272
17195	275	0	2	0	0	277
17196	1	0	281	0	0	282
17197	0	0	285	0	0	285
17198	0	285	0	0	0	285
17199	288	0	0	0	0	288
17200	1	0	0	295	0	296
17201	0	0	0	302	0	302
17202	327	0	0	0	0	327
17203	336	0	0	0	0	336
17204	340	0	0	0	0	340
17205	337	0	0	0	0	337
17206	0	0	0	334	0	334
17207	333	0	0	0	0	333
17208	0	0	0	336	0	336
17209	0	0	0	337	0	337
17210	0	0	0	340	0	340
17211	0	0	337	0	0	337
17212	1	339	0	0	0	340
17213	0	339	0	0	0	339
17214	0	0	0	341	0	341
17215	342	0	0	0	0	342
17216	0	0	0	342	0	342
17217	342	0	0	0	0	342
17218	0	0	366	0	0	366
17219	347	0	0	2	0	349
17220	0	0	0	373	0	373
17221	385	0	0	0	0	385
17222	378	0	0	1	0	379
17223	392	0	0	0	0	392
17224	1	0	0	390	0	391
17225	1	0	396	0	0	397
17226	0	0	0	401	0	401
17227	405	0	1	0	0	406
17228	0	0	444	1	0	445
17229	1	0	0	490	0	491
17230	503	0	1	0	0	504
17231	0	0	532	1	0	533
17232	556	0	0	0	0	556
17233	580	0	1	0	0	581
17234	1	0	0	589	0	590
17235	1	0	0	598	0	599
17236	599	0	0	2	0	601
17237	1	0	0	634	0	635
17238	633	0	0	1	0	634
17239	0	652	0	1	0	653
17240	1	652	0	0	0	653
17241	0	2	0	646	0	648
17242	0	1	680	1	0	682
17243	0	682	1	2	0	685
17244	676	1	1	1	0	679
17245	1	672	0	0	0	673
17246	1	2	668	0	0	671
17247	0	1	1	667	0	669
17248	0	0	685	1	0	686
17249	0	718	1	1	0	720
17250	0	1	1	709	0	711
17251	0	715	0	1	0	716
17252	0	1	725	1	0	727
17253	0	1	1	719	0	721
17254	0	0	728	2	0	730
17255	0	0	1	718	0	719
17256	719	0	3	1	0	723
17257	1	0	721	1	0	723
17258	693	0	1	0	0	694
17259	1	0	714	0	0	715
17260	1	0	1	703	0	705
17261	0	0	742	1	0	743
17262	0	0	1	750	0	751
17263	0	0	3	744	0	747
17264	0	0	0	756	0	756
17265	0	0	0	755	0	755
17266	0	0	812	2	0	814
17267	803	0	1	1	0	805
17268	1	0	1	869	0	871
17269	885	0	0	1	0	886
17270	909	0	0	1	0	910
17271	928	0	0	1	0	929
17272	3	0	0	945	0	948
17273	1	1	0	969	0	971
17274	0	1074	0	5	0	1079
17275	1193	1	0	2	0	1196
17276	1254	1	1	0	0	1256
17277	1271	2	0	0	0	1273
17278	5	1	1282	0	0	1288
17279	4	1	2	1272	0	1279
17280	2	0	1284	2	0	1288
17281	1265	0	3	3	0	1271
17282	1263	0	4	1	0	1268
17283	4	1	2	1263	0	1270
17284	4	0	1	1214	0	1219
17285	3	1295	0	8	0	1306
17286	1293	3	1	2	0	1299
17287	1292	2	1	2	0	1297
17288	4	1294	1	3	0	1302
17289	1295	3	1	1	0	1300
17290	5	3	0	1289	0	1297
17291	3	1	1	1288	0	1293
17292	1293	1	2	4	0	1300
17293	4	0	1299	3	0	1306
17294	1300	0	2	4	0	1306
17295	1296	0	4	3	0	1303
17296	4	1297	1	3	0	1305
17297	1301	2	1	2	0	1306
17298	4	3	1302	5	0	1314
17299	6	1	2	1300	0	1309
17300	1295	2	4	3	0	1304
17301	5	0	1	1297	0	1303
17302	3	1	1285	5	0	1294
17303	2	1	3	1260	0	1266
17304	2	1332	2	4	0	1340
17305	1	2	2	1331	0	1336
17306	0	6	1	1354	0	1361
17307	2	0	2	1359	0	1363
17308	1	3	0	1347	0	1351
17309	1	0	1348	7	0	1356
17310	3	1	2	1347	0	1353
17311	1348	0	3	5	0	1356
17312	3	1353	2	3	0	1361
17313	3	2	2	1380	0	1387
17314	2	3	1398	5	0	1408
17315	2	2	4	1404	0	1412
17316	1410	1	2	6	0	1419
17317	1412	0	2	5	0	1419
17318	1392	1	2	3	0	1398
17319	8	1	1	1399	0	1409
17320	7	1	1404	4	0	1416
17321	5	1394	4	3	0	1406
17322	1412	3	4	1	0	1420
17323	5	1	1	1398	0	1405
17324	1	1	3	1399	0	1404
17325	4	1	1418	7	0	1430
17326	5	1418	3	4	0	1430
17327	1	1434	4	5	0	1444
17328	3	8	2	1388	0	1401
17329	3	3	1358	3	0	1367
17330	1286	6	2	3	0	1297
17331	5	1	1342	4	0	1352
17332	1287	1	5	3	0	1296
17333	6	1370	4	4	0	1384
17334	5	2	1367	1	0	1375
17335	1338	2	3	3	0	1346
17336	3	1364	5	0	0	1372
17337	1379	3	2	2	0	1386
17338	5	2	1411	1	0	1419
17339	6	1406	2	1	0	1415
17340	1412	3	4	1	0	1420
17341	4	2	1410	2	0	1418
17342	1378	1	4	1	0	1384
17343	5	2	2	1380	0	1389
17344	1397	1	1	2	0	1401
17345	4	0	1	1398	0	1403
17346	1392	1	2	2	0	1397
17347	3	2	1424	5	0	1434
17348	5	0	1	1426	0	1432
17349	2	0	6	1403	0	1411
17350	2	1	1432	4	0	1439
17351	1	1	3	1450	0	1455
17352	2	1424	2	5	0	1433
17353	1	1	3	1540	0	1545
17354	3	3	1	1618	0	1625
17355	2	1	1	1739	0	1743
17356	2	2	1743	9	0	1756
17357	1672	0	4	7	0	1683
17358	5	1	5	1840	0	1851
17359	7	0	1920	6	0	1933
17360	1874	1	6	7	0	1888
17361	1916	0	6	5	0	1927
17362	1969	1	2	2	0	1974
17363	12	0	1	1979	0	1992
17364	11	1	2	2153	0	2167
17365	3	1	0	2084	0	2088
17366	2	2131	0	19	0	2152
17367	2109	7	1	15	0	2132
17368	2083	11	2	4	0	2100
17369	19	4	0	2062	0	2085
17370	19	3	2035	10	0	2067
17371	12	0	2033	16	0	2061
17372	4	2004	20	6	0	2034
17373	2	2010	13	7	0	2032
17374	1863	35	26	5	0	1929
17375	10	1833	3	3	0	1849
17376	1777	9	0	2	0	1788
17377	1762	12	1	1	0	1776
17378	1773	1	0	0	0	1774
17379	17	2	0	1797	0	1816
17380	13	0	0	1881	0	1894
17381	1923	0	0	20	0	1943
17382	8	1	2	1974	0	1985
17383	13	0	1968	9	0	1990
17384	1961	2	6	13	0	1982
17385	9	1	12	1964	0	1986
17386	14	0	1	1985	0	2000
17387	1	1	2	1996	0	2000
17388	6	1	1976	16	0	1999
17389	1835	1	6	17	0	1859
17390	5	1	1977	3	0	1986
17391	11	2	6	1938	0	1957
17392	2	1	1998	5	0	2006
17393	5	1	6	1958	0	1970
17394	3	0	13	1966	0	1982
17395	1	0	1992	21	0	2014
17396	2	3	9	1836	0	1850
17397	2	1988	12	10	0	2012
17398	1982	7	0	16	0	2005
17399	1987	12	3	1	0	2003
17400	18	0	1	1990	0	2009
17401	13	3	2023	7	0	2046
17402	5	1972	7	12	0	1996
17403	3	2004	11	6	0	2024
17404	1938	16	3	5	0	1962
17405	8	11	1933	4	0	1956
17406	1906	2	9	2	0	1919
17407	9	2	13	1911	0	1935
17408	13	0	5	1925	0	1943
17409	1881	2	3	23	0	1909
17410	10	1900	4	19	0	1933
17411	15	7	1900	6	0	1928
17412	2	12	6	1878	0	1898
17413	3	1	1914	9	0	1927
17414	5	1870	7	16	0	1898
17415	4	8	15	1857	0	1884
17416	1868	10	2	11	0	1891
17417	1857	1	7	13	0	1878
17418	18	5	1851	6	0	1880
17419	11	1853	8	6	0	1878
17420	1821	10	14	2	0	1847
17421	13	1840	2	3	0	1858
17422	15	9	2	1809	0	1835
17423	1809	14	4	10	0	1837
17424	13	1	1	1823	0	1838
17425	13	3	1787	12	0	1815
17426	3	3	8	1778	0	1792
17427	8	2	1773	8	0	1791
17428	5	4	7	1742	0	1758
17429	1740	2	19	7	0	1768
17430	9	1759	2	18	0	1788
17431	1748	7	5	5	0	1765
17432	10	14	1	1723	0	1748
17433	15	1	2	1696	0	1714
17434	5	3	1676	24	0	1708
17435	9	3	1678	12	0	1702
17436	5	1680	20	6	0	1711
17437	3	7	1646	6	0	1662
17438	1549	11	11	3	0	1574
17439	7	1618	15	5	0	1645
17440	10	1633	3	6	0	1652
17441	4	1637	5	3	0	1649
17442	5	19	2	1608	0	1634
17443	5	16	1638	8	0	1667
17444	4	1646	8	19	0	1677
17445	5	10	14	1525	0	1554
17446	4	1648	4	11	0	1667
17447	1590	8	4	14	0	1616
17448	1593	15	2	6	0	1616
17449	21	1	2	1589	0	1613
17450	12	2	4	1558	0	1576
17451	1500	1	5	21	0	1527
17452	12	1472	3	16	0	1503
17453	14	1441	8	4	0	1467
17454	6	22	3	1324	0	1355
17455	4	10	1193	8	0	1215
17456	2	1182	7	14	0	1205
17457	1090	13	11	6	0	1120
17458	5	1071	11	4	0	1091
17459	9	1018	4	3	0	1034
17460	973	15	3	2	0	993
17461	8	999	2	3	0	1012
17462	10	11	933	2	0	956
17463	3	932	5	5	0	945
17464	733	3	10	1	0	747
17465	1	735	2	1	0	739
17466	723	2	3	0	0	728
17467	4	5	0	723	0	732
17468	2	2	4	727	0	735
17469	6	1	730	2	0	739
17470	1	732	1	7	0	741
17471	1	2	3	737	0	743
17472	732	3	0	4	0	739
17473	715	2	2	4	0	723
17474	3	739	2	2	0	746
17475	4	2	3	726	0	735
17476	734	4	5	1	0	744
17477	734	4	1	3	0	742
17478	3	2	721	3	0	729
17479	5	0	668	1	0	674
17480	0	1	627	0	0	628
17481	0	584	1	1	0	586
17482	530	5	8	1	0	544
17483	0	526	2	0	0	528
17484	516	1	1	0	0	518
17485	1	538	0	0	0	539
17486	1	0	0	547	0	548
17487	555	1	0	0	0	556
17488	1	0	556	1	0	558
17489	548	1	1	0	0	550
17490	555	0	2	0	0	557
17491	1	569	0	0	0	570
17492	2	556	0	0	0	558
17493	564	2	0	0	0	566
17494	1	1	591	0	0	593
17495	551	3	0	2	0	556
17496	552	0	7	1	0	560
17497	2	0	3	552	0	557
17498	557	1	0	0	0	558
17499	0	0	0	567	0	567
17500	2	0	0	576	0	578
17501	1	0	0	550	0	551
17502	0	558	0	1	0	559
17503	556	0	0	2	0	558
17504	565	1	0	0	0	566
17505	2	0	0	568	0	570
17506	2	1	1	554	0	558
17507	0	564	1	2	0	567
17508	554	0	1	2	0	557
17509	0	4	559	0	0	563
17510	3	0	0	560	0	563
17511	0	2	561	0	0	563
17512	1	1	0	561	0	563
17513	1	1	560	0	0	562
17514	0	1	0	558	0	559
17515	559	0	2	0	0	561
17516	0	1	578	2	0	581
17517	559	0	0	0	0	559
17518	1	597	2	0	0	600
17519	2	0	0	600	0	602
17520	0	3	0	610	0	613
17521	629	0	0	3	0	632
17522	0	0	2	655	0	657
17523	3	0	693	3	0	699
17524	673	0	0	3	0	676
17525	702	0	2	1	0	705
17526	709	0	0	0	0	709
17527	704	1	0	0	0	705
17528	1	701	0	1	0	703
17529	2	0	0	707	0	709
17530	694	2	0	0	0	696
17531	1	0	0	690	0	691
17532	682	0	1	0	0	683
17533	0	0	674	2	0	676
17534	1	1	676	0	0	678
17535	1	25	1	628	0	655
17536	1	669	1	0	0	671
17537	1	681	0	2	0	684
17538	665	2	0	0	0	667
17539	0	1	667	1	0	669
17540	624	0	0	0	0	624
17541	0	657	2	0	0	659
17542	660	0	2	0	0	662
17543	1	1	0	652	0	654
17544	1	1	679	0	0	681
17545	0	1	0	680	0	681
17546	1	0	1	678	0	680
17547	0	690	1	1	0	692
17548	1	711	0	1	0	713
17549	1	1	0	710	0	712
17550	0	733	0	1	0	734
17551	1	0	728	1	0	730
17552	0	1	727	1	0	729
17553	680	0	1	1	0	682
17554	725	0	1	0	0	726
17555	1	715	0	0	0	716
17556	1	0	0	705	0	706
17557	0	1	0	714	0	715
17558	0	0	717	1	0	718
17559	0	0	0	679	0	679
17560	0	713	1	0	0	714
17561	0	0	700	1	0	701
17562	0	1	700	0	0	701
17563	0	702	1	6	0	709
17564	0	0	713	0	0	713
17565	0	1	0	710	0	711
17566	1	0	1	694	0	696
17567	0	0	735	1	0	736
17568	0	0	0	728	0	728
17569	0	735	1	0	0	736
17570	0	742	0	1	0	743
17571	0	1	0	729	0	730
17572	0	1	757	0	0	758
17573	0	779	0	1	0	780
17574	0	0	2	772	0	774
17575	0	1	769	0	0	770
17576	733	0	0	1	0	734
17577	767	0	0	0	0	767
17578	773	0	0	0	0	773
17579	0	0	0	763	0	763
17580	0	0	0	771	0	771
17581	1	1	783	0	0	785
17582	0	0	0	787	0	787
17583	0	0	0	803	0	803
17584	1	0	802	0	0	803
17585	692	0	0	1	0	693
17586	0	768	0	1	0	769
17587	755	0	0	0	0	755
17588	0	762	0	1	0	763
17589	0	1	0	764	0	765
17590	0	0	780	0	0	780
17591	0	0	2	756	0	758
17592	0	0	767	0	0	767
17593	627	0	1	3	0	631
17594	0	0	740	0	0	740
17595	0	0	0	722	0	722
17596	0	0	753	0	0	753
17597	0	768	0	0	0	768
17598	0	2	0	801	0	803
17599	0	1	0	821	0	822
17600	0	0	0	823	0	823
17601	0	0	828	1	0	829
17602	0	1	852	0	0	853
17603	0	0	1	843	0	844
17604	0	0	2	1012	0	1014
17605	1	0	0	1086	0	1087
17606	1137	1	0	8	0	1146
17607	3	1	0	1189	0	1193
17608	6	0	1280	4	0	1290
17609	1338	0	3	7	0	1348
17610	3	1	9	1380	0	1393
17611	1443	0	1	2	0	1446
17612	1454	0	1	9	0	1464
17613	12	0	1	1462	0	1475
17614	1469	0	0	2	0	1471
17615	1459	1	0	7	0	1467
17616	12	0	1463	1	0	1476
17617	8	1473	3	1	0	1485
17618	0	3	9	1425	0	1437
17619	0	8	1	1453	0	1462
17620	1464	0	0	13	0	1477
17621	1445	0	2	8	0	1455
17622	1428	0	0	0	0	1428
17623	11	1	1368	0	0	1380
17624	8	1384	3	1	0	1396
17625	1377	4	8	0	0	1389
17626	3	1393	0	1	0	1397
17627	1392	3	1	1	0	1397
17628	3	8	0	1388	0	1399
17629	1386	0	1	4	0	1391
17630	1384	0	2	7	0	1393
17631	1386	0	2	2	0	1390
17632	12	0	1418	3	0	1433
17633	1417	0	5	2	0	1424
17634	4	1410	9	2	0	1425
17635	1415	3	1	1	0	1420
17636	1403	8	0	3	0	1414
17637	1421	0	1	2	0	1424
17638	14	0	1	1388	0	1403
17639	8	1398	1	4	0	1411
17640	1399	3	0	9	0	1411
17641	6	8	1400	1	0	1415
17642	9	1389	4	4	0	1406
17643	3	5	9	1292	0	1309
17644	2	1365	1	7	0	1375
17645	1352	5	2	9	0	1368
17646	1377	9	1	2	0	1389
17647	14	0	0	1373	0	1387
17648	12	0	1352	5	0	1369
17649	4	1347	5	10	0	1366
17650	2	5	9	1264	0	1280
17651	4	9	0	1364	0	1377
17652	3	1	1	1395	0	1400
17653	1399	1	1	10	0	1411
17654	1399	1	1	9	0	1410
17655	1398	1	2	2	0	1403
17656	1408	0	1	2	0	1411
17657	14	0	0	1397	0	1411
17658	12	0	1434	4	0	1450
17659	3	1	4	1438	0	1446
17660	5	1	9	1414	0	1429
17661	1	2	2	1432	0	1437
17662	6	1	1	1425	0	1433
17663	1416	2	0	12	0	1430
17664	8	1	1	1419	0	1429
17665	1429	1	1	5	0	1436
17666	1425	1	1	10	0	1437
17667	14	1	1417	3	0	1435
17668	13	2	1406	0	0	1421
17669	3	2	1435	2	0	1442
17670	4	1	15	1410	0	1430
17671	3	1	1446	4	0	1454
17672	4	1	4	1405	0	1414
17673	6	1	8	1389	0	1404
17674	1400	0	2	15	0	1417
17675	8	2	3	1373	0	1386
17676	12	1401	1	9	0	1423
17677	1419	6	2	11	0	1438
17678	10	1450	0	4	0	1464
17679	14	4	1466	2	0	1486
17680	6	1474	4	4	0	1488
17681	1455	4	10	3	0	1472
17682	9	12	2	1439	0	1462
17683	14	2	1437	7	0	1460
17684	1420	1	7	11	0	1439
17685	7	3	9	1427	0	1446
17686	12	0	1439	7	0	1458
17687	5	1	5	1445	0	1456
17688	6	1	10	1439	0	1456
17689	8	0	1	1431	0	1440
17690	4	1418	2	16	0	1440
17691	1434	5	3	9	0	1451
17692	8	11	0	1414	0	1433
17693	14	1436	1	8	0	1459
17694	4	4	2	1432	0	1442
17695	3	9	1424	10	0	1446
17696	7	1427	6	10	0	1450
17697	1413	4	9	4	0	1430
17698	1379	10	2	1	0	1392
17699	16	1	1	1355	0	1373
17700	12	2	3	1353	0	1370
17701	1365	2	2	12	0	1381
17702	1324	2	3	12	0	1341
17703	17	1355	0	6	0	1378
17704	1170	3	2	2	0	1177
17705	8	6	1098	3	0	1115
17706	8	0	1070	4	0	1082
17707	1	1042	6	2	0	1051
17708	1	968	2	2	0	973
17709	858	3	29	0	0	890
17710	4	865	2	2	0	873
17711	830	2	1	1	0	834
17712	822	1	1	0	0	824
17713	808	1	0	2	0	811
17714	2	0	2	815	0	819
17715	818	1	0	3	0	822
17716	3	0	825	1	0	829
17717	2	0	841	1	0	844
17718	1	839	1	4	0	845
17719	0	2	850	1	0	853
17720	2	1	2	834	0	839
17721	0	1	844	1	0	846
17722	2	1	851	0	0	854
17723	1	0	1	843	0	845
17724	853	0	2	1	0	856
17725	853	0	1	0	0	854
17726	1	1	891	1	0	894
17727	876	1	1	0	0	878
17728	1	0	922	0	0	923
17729	912	1	2	0	0	915
17730	959	0	0	0	0	959
17731	2	0	0	957	0	959
17732	2	0	0	920	0	922
17733	1	931	0	3	0	935
17734	1	935	0	1	0	937
17735	0	1	1	930	0	932
17736	1	2	1	934	0	938
17737	921	2	0	0	0	923
17738	1	920	1	1	0	923
17739	919	1	0	2	0	922
17740	2	934	1	0	0	937
17741	1	2	932	0	0	935
17742	1	0	1	936	0	938
17743	951	0	0	1	0	952
17744	1006	0	2	0	0	1008
17745	1	1044	1	2	0	1048
17746	2	1102	0	0	0	1104
17747	2	1110	2	0	0	1114
17748	6	3	0	1169	0	1178
17749	1	4	1208	2	0	1215
17750	0	1204	2	2	0	1208
17751	0	8	1	1199	0	1208
17752	0	1	1	1213	0	1215
17753	0	2	1213	4	0	1219
17754	0	0	1223	4	0	1227
17755	1205	0	5	2	0	1212
17756	3	0	1259	0	0	1262
17757	1238	0	4	0	0	1242
17758	1218	0	4	0	0	1222
17759	1219	0	2	0	0	1221
17760	1220	0	0	0	0	1220
17761	6	0	1216	1	0	1223
17762	4	1210	4	3	0	1221
17763	3	3	2	1212	0	1220
17764	1	2	1215	4	0	1222
17765	0	3	3	1181	0	1187
17766	1	1184	2	13	0	1200
17767	0	3	3	1211	0	1217
17768	0	2	1	1202	0	1205
17769	0	3	0	1196	0	1199
17770	1193	1	0	5	0	1199
17771	2	0	0	1195	0	1197
17772	2	1	0	1195	0	1198
17773	3	0	0	1182	0	1185
17774	1	1161	0	6	0	1168
17775	1149	2	0	4	0	1155
17776	1	1122	0	4	0	1127
17777	3	1137	0	0	0	1140
17778	3	4	1	1134	0	1142
17779	0	4	1	1122	0	1127
17780	1119	3	0	4	0	1126
17781	3	0	1	1127	0	1131
17782	1131	1	0	6	0	1138
17783	1289	0	1	2	0	1292
17784	7	0	0	1291	0	1298
17785	7	0	0	1276	0	1283
17786	3	1318	1	10	0	1332
17787	1338	6	0	7	0	1351
17788	6	1389	2	2	0	1399
17789	1395	8	0	0	0	1403
17790	9	7	1394	0	0	1410
17791	1370	2	5	0	0	1377
17792	1406	0	6	0	0	1412
17793	12	0	2	1393	0	1407
17794	9	1	1402	6	0	1418
17795	2	1418	4	8	0	1432
17796	0	9	7	1426	0	1442
17797	0	6	1440	8	0	1454
17798	0	5	7	1428	0	1440
17799	1419	0	6	9	0	1434
17800	7	0	1425	6	0	1438
17801	6	1412	6	2	0	1426
17802	2	1418	6	1	0	1427
17803	5	12	1	1214	0	1232
17804	1	1403	1	4	0	1409
17805	1391	10	0	7	0	1408
17806	1388	6	0	2	0	1396
17807	1382	2	0	1	0	1385
17808	13	0	1334	1	0	1348
17809	1337	0	9	0	0	1346
17810	9	1	6	1334	0	1350
17811	6	0	2	1321	0	1329
17812	2	0	0	1328	0	1330
17813	1	0	1	1333	0	1335
17814	2	0	1312	14	0	1328
17815	1	0	1322	8	0	1331
17816	0	0	1302	2	0	1304
17817	1237	1	14	0	0	1252
17818	7	1258	7	1	0	1273
17819	7	7	1	1241	0	1256
17820	1248	6	0	8	0	1262
17821	4	1260	1	6	0	1271
17822	6	1264	0	2	0	1272
17823	1252	11	0	2	0	1265
17824	1250	7	0	1	0	1258
17825	12	1258	0	2	0	1272
17826	7	8	0	1171	0	1186
17827	1	1221	0	7	0	1229
17828	1185	7	0	6	0	1198
17829	1175	8	0	1	0	1184
17830	1156	1	0	0	0	1157
17831	12	1140	0	3	0	1155
17832	8	5	0	1146	0	1159
17833	3	6	1146	10	0	1165
17834	0	2	7	1144	0	1153
17835	0	1	7	1145	0	1153
17836	1	2	1134	14	0	1151
17837	1102	2	8	8	0	1120
17838	9	1	7	1120	0	1137
17839	7	0	2	1100	0	1109
17840	4	1107	1	17	0	1129
17841	1100	8	1	8	0	1117
17842	9	9	0	1073	0	1091
17843	6	1090	1	6	0	1103
17844	1005	8	1	6	0	1020
17845	7	990	1	2	0	1000
17846	909	7	1	1	0	918
17847	9	5	896	1	0	911
17848	8	0	814	1	0	823
17849	1	0	781	1	0	783
17850	1	767	11	1	0	780
17851	2	10	12	666	0	690
17852	1	743	0	7	0	751
17853	737	7	0	6	0	750
17854	8	7	728	1	0	744
17855	725	0	7	0	0	732
17856	723	0	6	0	0	729
17857	13	0	2	713	0	728
17858	719	0	1	6	0	726
17859	6	1	0	716	0	723
17860	6	0	714	8	0	728
17861	699	0	5	9	0	713
17862	5	714	7	2	0	728
17863	5	7	2	711	0	725
17864	707	5	3	6	0	721
17865	6	1	4	706	0	717
17866	6	4	706	6	0	722
17867	2	2	5	698	0	707
17868	0	701	7	6	0	714
17869	697	6	0	6	0	709
17870	8	6	0	692	0	706
17871	692	1	0	5	0	698
17872	6	3	0	689	0	698
17873	8	0	1	667	0	676
17874	2	686	2	10	0	700
17875	682	6	0	7	0	695
17876	5	702	2	5	0	714
17877	8	5	1	633	0	647
17878	3	649	1	5	0	658
17879	644	4	1	6	0	655
17880	638	6	1	2	0	647
17881	641	2	1	2	0	646
17882	10	625	2	1	0	638
17883	2	450	0	0	0	452
17884	443	3	0	0	0	446
17885	1	451	0	0	0	452
17886	3	8	2	407	0	420
17887	4	1	401	2	0	408
17888	343	0	0	1	0	344
17889	345	1	1	0	0	347
17890	345	0	0	0	0	345
17891	2	338	0	4	0	344
17892	322	1	0	0	0	323
17893	1	1	337	0	0	339
17894	1	331	1	0	0	333
17895	0	7	1	303	0	311
17896	0	304	0	0	0	304
17897	287	0	0	1	0	288
17898	0	298	0	0	0	298
17899	1	0	0	297	0	298
17900	0	304	0	0	0	304
17901	0	0	0	312	0	312
17902	0	1	0	307	0	308
17903	0	0	303	1	0	304
17904	0	0	0	298	0	298
17905	302	0	1	0	0	303
17906	295	0	0	1	0	296
17907	1	0	0	303	0	304
17908	1	0	308	0	0	309
17909	0	0	0	309	0	309
17910	306	0	1	0	0	307
17911	324	0	0	1	0	325
17912	336	0	0	0	0	336
17913	1	352	0	0	0	353
17914	355	0	0	0	0	355
17915	0	2	351	0	0	353
17916	392	0	0	0	0	392
17917	0	0	1	402	0	403
17918	1	0	0	405	0	406
17919	0	1	0	411	0	412
17920	400	0	0	1	0	401
17921	398	1	0	1	0	400
17922	2	0	0	399	0	401
17923	1	0	419	0	0	420
17924	1	0	0	419	0	420
17925	1	0	1	418	0	420
17926	0	0	432	2	0	434
17927	1	441	0	1	0	443
17928	0	0	1	447	0	448
17929	453	1	1	0	0	455
17930	1	0	0	453	0	454
17931	1	1	0	459	0	461
17932	464	0	0	2	0	466
17933	1	469	0	1	0	471
17934	1	479	0	1	0	481
17935	477	1	1	0	0	479
17936	0	1	482	1	0	484
17937	461	1	0	0	0	462
17938	1	0	544	0	0	545
17939	3	548	0	1	0	552
17940	553	0	1	1	0	555
17941	550	1	0	2	0	553
17942	552	0	0	1	0	553
17943	557	1	0	0	0	558
17944	1	1	563	0	0	565
17945	1	1	0	552	0	554
17946	555	0	1	1	0	557
17947	0	1	583	1	0	585
17948	2	0	578	0	0	580
17949	1	582	2	0	0	585
17950	576	0	1	0	0	577
17951	0	0	0	575	0	575
17952	577	0	0	0	0	577
17953	0	589	0	0	0	589
17954	0	0	0	641	0	641
17955	0	0	0	646	0	646
17956	0	0	0	662	0	662
17957	0	0	703	2	0	705
17958	0	721	2	0	0	723
17959	778	2	0	0	0	780
17960	3	0	0	779	0	782
17961	777	0	0	3	0	780
17962	780	0	0	0	0	780
17963	3	0	0	781	0	784
17964	0	1	803	3	0	807
17965	0	0	3	783	0	786
17966	0	807	0	3	0	810
17967	0	3	0	810	0	813
17968	1	1	811	3	0	816
17969	799	0	3	1	0	803
17970	4	0	0	818	0	822
17971	808	0	0	3	0	811
17972	3	1	818	1	0	823
17973	791	0	4	1	0	796
17974	3	0	827	1	0	831
17975	796	0	5	0	0	801
17976	3	814	0	0	0	817
17977	0	820	1	0	0	821
17978	2	3	0	820	0	825
17979	0	0	0	815	0	815
17980	1	1	0	813	0	815
17981	814	0	1	3	0	818
17982	3	0	0	823	0	826
17983	0	1	834	3	0	838
17984	827	0	3	1	0	831
17985	2	873	0	0	0	875
17986	872	4	0	1	0	877
17987	864	0	0	1	0	865
17988	3	0	880	1	0	884
17989	0	0	3	881	0	884
17990	0	0	2	917	0	919
17991	0	0	947	4	0	951
17992	0	952	4	0	0	956
17993	942	3	0	0	0	945
17994	948	1	0	0	0	949
17995	4	0	0	968	0	972
17996	1	0	0	971	0	972
17997	0	0	1	1001	0	1002
17998	995	0	0	4	0	999
17999	3	1007	0	1	0	1011
18000	1007	3	1	1	0	1012
18001	1002	1	1	0	0	1004
18002	4	0	1056	0	0	1060
18003	1	0	3	1033	0	1037
18004	0	1080	0	3	0	1083
18005	0	10	1	1093	0	1104
18006	1	1	0	1138	0	1140
18007	2	2	1161	4	0	1169
18008	1187	1	5	1	0	1194
18009	1302	0	0	3	0	1305
18010	1340	1	2	1	0	1344
18011	5	0	1	1328	0	1334
18012	2	0	0	1295	0	1297
18013	1	1323	1	6	0	1331
18014	1	1346	1	3	0	1351
18015	1342	5	0	3	0	1350
18016	5	1302	1	0	0	1308
18017	5	5	1290	2	0	1302
18018	3	2	5	1294	0	1304
18019	1299	2	5	4	0	1310
18020	6	1	1302	4	0	1313
18021	3	1	1295	2	0	1301
18022	1301	2	7	0	0	1310
18023	1291	1	4	0	0	1296
18024	7	0	2	1286	0	1295
18025	5	1	1284	4	0	1294
18026	2	1	6	1268	0	1277
18027	0	1	1294	5	0	1300
18028	4	0	1300	3	0	1307
18029	1	1300	7	6	0	1314
18030	1306	4	4	2	0	1316
18031	1293	2	3	1	0	1299
18032	6	1297	0	2	0	1305
18033	4	7	3	1282	0	1296
18034	3	7	2	1280	0	1292
18035	0	4	2	1300	0	1306
18036	1292	0	0	10	0	1302
18037	7	1286	2	4	0	1299
18038	1237	6	2	1	0	1246
18039	1226	2	2	3	0	1233
18040	11	1	1215	2	0	1229
18041	4	1220	7	1	0	1232
18042	4	5	2	1222	0	1233
18043	1	3	1234	5	0	1243
18044	1218	1	4	3	0	1226
18045	1232	1	3	3	0	1239
18046	1228	2	3	2	0	1235
18047	1204	2	0	3	0	1209
18048	10	0	0	1195	0	1205
18049	3	1	1187	6	0	1197
18050	3	2	5	1181	0	1191
18051	1190	0	1	8	0	1199
18052	1169	1	4	3	0	1177
18053	10	1171	0	3	0	1184
18054	1117	6	0	1	0	1124
18055	8	3	1126	0	0	1137
18056	6	2	1105	3	0	1116
18057	1044	2	6	4	0	1056
18058	5	1066	6	4	0	1081
18059	5	3	1	993	0	1002
18060	2	1010	0	3	0	1015
18061	0	2	2	1013	0	1017
18062	1	3	1	1016	0	1021
18063	2	4	0	1029	0	1035
18064	1025	1	0	3	0	1029
18065	1026	1	0	3	0	1030
18066	1010	1	2	2	0	1015
18067	4	0	1020	2	0	1026
18068	1017	0	1	2	0	1020
18069	4	0	5	1037	0	1046
18070	5	0	2	1078	0	1085
18071	4	2	1082	5	0	1093
18072	4	0	2	1168	0	1174
18073	1186	1	5	6	0	1198
18074	5	1	1195	4	0	1205
18075	5	1	4	1191	0	1201
18076	1189	3	5	5	0	1202
18077	1190	0	4	5	0	1199
18078	8	3	1191	3	0	1205
18079	8	0	1208	1	0	1217
18080	2	0	10	1212	0	1224
18081	1223	1	6	7	0	1237
18082	1221	1	2	6	0	1230
18083	12	0	2	1194	0	1208
18084	7	1214	1	7	0	1229
18085	1176	4	3	3	0	1186
18086	6	1219	0	5	0	1230
18087	6	6	3	1216	0	1231
18088	3	4	1202	6	0	1215
18089	1	2	1191	6	0	1200
18090	2	1	1189	2	0	1194
18091	5	1	9	1142	0	1157
18092	1	2	8	1150	0	1161
18093	1140	1	1	10	0	1152
18094	6	1133	1	8	0	1148
18095	1129	5	1	3	0	1138
18096	7	5	2	1082	0	1096
18097	4	1118	2	6	0	1130
18098	3	1143	2	4	0	1152
18099	1	10	1	1139	0	1151
18100	1132	5	1	5	0	1143
18101	6	1145	0	5	0	1156
18102	1073	6	1	2	0	1082
18103	5	1100	0	2	0	1107
18104	1076	4	1	0	0	1081
18105	3	4	1063	2	0	1072
18106	6	1	1031	0	0	1038
18107	1	1009	10	1	0	1021
18108	904	11	18	3	0	936
18109	4	869	0	3	0	876
18110	3	827	0	1	0	831
18111	6	6	0	813	0	825
18112	816	5	0	3	0	824
18113	5	823	0	7	0	835
18114	802	3	2	1	0	808
18115	3	811	1	0	0	815
18116	802	4	2	0	0	808
18117	4	808	0	0	0	812
18118	3	815	1	0	0	819
18119	0	9	0	780	0	789
18120	0	810	0	4	0	814
18121	809	3	0	2	0	814
18122	4	4	798	0	0	806
18123	4	0	2	804	0	810
18124	1	2	817	2	0	822
18125	1	2	3	797	0	803
18126	0	1	2	814	0	817
18127	0	2	779	5	0	786
18128	692	0	4	3	0	699
18129	4	763	2	0	0	769
18130	760	3	1	0	0	764
18131	3	786	1	1	0	791
18132	3	2	0	774	0	779
18133	776	2	1	3	0	782
18134	781	0	1	3	0	785
18135	786	0	1	1	0	788
18136	5	0	1	783	0	789
18137	5	0	0	783	0	788
18138	2	815	1	5	0	823
18139	826	3	1	5	0	835
18140	823	5	1	3	0	832
18141	829	0	2	2	0	833
18142	830	1	0	2	0	833
18143	10	810	0	3	0	823
18144	6	3	1	811	0	821
18145	1	4	819	4	0	828
18146	800	1	5	4	0	810
18147	832	1	3	2	0	838
18148	8	1	843	2	0	854
18149	6	0	856	0	0	862
18150	1	1	8	856	0	866
18151	1	1	5	874	0	881
18152	1	1	1	876	0	879
18153	868	1	0	10	0	879
18154	4	1	1	872	0	878
18155	5	1	856	4	0	866
18156	3	1	4	854	0	862
18157	1	1	875	4	0	881
18158	1	0	4	853	0	858
18159	0	3	3	890	0	896
18160	2	1	900	8	0	911
18161	815	1	3	5	0	824
18162	6	896	3	7	0	912
18163	905	5	0	2	0	912
18164	4	4	1	949	0	958
18165	947	2	0	5	0	954
18166	6	1037	2	4	0	1049
18167	3	1067	2	2	0	1074
18168	1	19	1	1122	0	1143
18169	1	8	1202	6	0	1217
18170	3	4	1162	4	0	1173
18171	3	1165	12	4	0	1184
18172	1019	9	5	1	0	1034
18173	4	4	3	1022	0	1033
18174	1014	2	2	4	0	1022
18175	6	1012	1	4	0	1023
18176	4	1013	0	7	0	1024
18177	3	7	2	997	0	1009
18178	1008	4	2	5	0	1019
18179	1002	3	0	2	0	1007
18180	6	2	997	2	0	1007
18181	7	1	983	1	0	992
18182	975	0	7	1	0	983
18183	6	982	4	0	0	992
18184	971	4	3	0	0	978
18185	7	2	2	965	0	976
18186	3	2	952	5	0	962
18187	914	1	5	2	0	922
18188	6	943	2	2	0	953
18189	3	945	3	1	0	952
18190	2	7	2	932	0	943
18191	934	4	1	5	0	944
18192	6	3	0	933	0	942
18193	944	3	0	8	0	955
18194	7	1	947	3	0	958
18195	928	0	7	4	0	939
18196	939	1	2	1	0	943
18197	9	1	913	1	0	924
18198	891	1	5	1	0	898
18199	8	890	3	1	0	902
18200	4	6	3	874	0	887
18201	3	879	2	3	0	887
18202	879	8	1	3	0	891
18203	8	3	1	856	0	868
18204	3	869	1	6	0	879
18205	3	8	0	846	0	857
18206	1	855	2	6	0	864
18207	1	8	1	855	0	865
18208	853	2	0	9	0	864
18209	7	4	1	846	0	858
18210	3	2	842	8	0	855
18211	827	2	7	4	0	840
18212	8	0	3	839	0	850
18213	3	0	818	8	0	829
18214	2	0	815	4	0	821
18215	3	1	830	2	0	836
18216	3	1	9	823	0	836
18217	0	1	6	826	0	833
18218	3	0	4	814	0	821
18219	1	0	3	821	0	825
18220	810	1	3	9	0	823
18221	825	0	1	8	0	834
18222	829	1	1	4	0	835
18223	837	2	0	3	0	842
18224	12	1	0	819	0	832
18225	8	1	838	6	0	853
18226	836	0	6	4	0	846
18227	855	0	2	2	0	859
18228	8	2	4	842	0	856
18229	6	3	1	859	0	869
18230	858	1	1	10	0	870
18231	7	0	3	813	0	823
18232	4	827	3	8	0	842
18233	826	7	0	4	0	837
18234	825	2	1	5	0	833
18235	9	4	846	2	0	861
18236	6	1	5	824	0	836
18237	3	4	2	839	0	848
18238	828	3	2	7	0	840
18239	830	1	1	6	0	838
18240	8	0	1	823	0	832
18241	4	1	823	7	0	835
18242	6	1	815	2	0	824
18243	2	0	6	811	0	819
18244	2	4	5	814	0	825
18245	797	1	4	8	0	810
18246	6	802	3	3	0	814
18247	1	791	2	7	0	801
18248	3	785	2	4	0	794
18249	4	9	1	768	0	782
18250	756	4	2	9	0	771
18251	751	5	0	1	0	757
18252	5	755	0	6	0	766
18253	753	6	1	2	0	762
18254	9	1	1	751	0	762
18255	5	3	775	7	0	790
18256	4	1	7	768	0	780
18257	4	1	1	762	0	768
18258	2	0	2	754	0	758
18259	730	0	2	11	0	743
18260	7	0	1	708	0	716
18261	3	717	0	8	0	728
18262	692	5	0	4	0	701
18263	7	680	0	4	0	691
18264	3	632	0	2	0	637
18265	2	635	4	2	0	643
18266	3	5	538	1	0	547
18267	3	511	4	1	0	519
18268	3	3	421	0	0	427
18269	346	0	6	0	0	352
18270	360	0	0	1	0	361
18271	1	0	379	0	0	380
18272	369	0	2	0	0	371
18273	394	0	0	1	0	395
18274	1	1	389	1	0	392
18275	1	414	1	1	0	417
18276	1	2	0	424	0	427
18277	431	1	0	2	0	434
18278	1	1	0	430	0	432
18279	458	0	0	2	0	460
18280	453	0	0	1	0	454
18281	3	0	460	0	0	463
18282	455	1	1	0	0	457
18283	2	480	0	1	0	483
18284	480	0	1	2	0	483
18285	1	0	2	489	0	492
18286	2	0	496	1	0	499
18287	0	0	0	491	0	491
18288	491	0	0	2	0	493
18289	2	490	0	1	0	493
18290	0	0	490	3	0	493
18291	0	2	1	483	0	486
18292	1	0	501	0	0	502
18293	1	511	1	0	0	513
18294	495	1	1	2	0	499
18295	3	1	0	500	0	504
18296	1	2	504	3	0	510
18297	1	1	503	0	0	505
18298	516	0	3	1	0	520
18299	2	0	1	528	0	531
18300	2	1	1	531	0	535
18301	2	0	539	1	0	542
18302	1	2	536	1	0	540
18303	2	566	2	1	0	571
18304	0	2	2	568	0	572
18305	0	2	1	566	0	569
18306	1	579	0	4	0	584
18307	4	1	572	1	0	578
18308	537	1	2	3	0	543
18309	4	0	1	580	0	585
18310	2	1	590	3	0	596
18311	0	2	3	560	0	565
18312	2	594	0	4	0	600
18313	0	4	595	2	0	601
18314	554	1	4	1	0	560
18315	3	4	607	2	0	616
18316	0	0	604	1	0	605
18317	0	2	596	1	0	599
18318	2	0	669	1	0	672
18319	1	2	2	654	0	659
18320	1	0	716	1	0	718
18321	1	0	2	679	0	682
18322	1	711	4	3	0	719
18323	767	3	1	1	0	772
18324	3	1	3	769	0	776
18325	2	2	759	2	0	765
18326	1	765	3	3	0	772
18327	2	2	3	763	0	770
18328	763	1	0	3	0	767
18329	3	768	1	2	0	774
18330	3	2	1	775	0	781
18331	781	2	2	2	0	787
18332	3	0	787	1	0	791
18333	767	3	2	0	0	772
18334	3	0	800	3	0	806
18335	755	0	5	0	0	760
18336	759	2	1	0	0	762
18337	3	0	765	1	0	769
18338	2	760	2	0	0	764
18339	1	2	2	749	0	754
18340	1	1	769	2	0	773
18341	0	0	3	763	0	766
18342	1	0	1	773	0	775
18343	1	0	777	3	0	781
18344	0	0	777	1	0	778
18345	0	1	4	783	0	788
18346	799	0	1	4	0	804
18347	2	810	1	1	0	814
18348	2	813	0	1	0	816
18349	819	3	0	2	0	824
18350	838	1	2	0	0	841
18351	3	1	1	845	0	850
18352	1	0	1	847	0	849
18353	2	0	0	853	0	855
18354	830	3	1	3	0	837
18355	2	815	0	2	0	819
18356	3	822	0	2	0	827
18357	2	6	1	824	0	833
18358	1	1	0	832	0	834
18359	0	0	2	833	0	835
18360	821	0	0	4	0	825
18361	3	840	0	2	0	845
18362	858	3	1	0	0	862
18363	2	4	856	1	0	863
18364	1	873	2	3	0	879
18365	1	3	2	865	0	871
18366	844	1	1	5	0	851
18367	4	0	861	2	0	867
18368	1	2	870	0	0	873
18369	1	0	4	856	0	861
18370	1	0	2	873	0	876
18371	1	1	1	857	0	860
18372	0	1	0	837	0	838
18373	1	1	0	832	0	834
18374	1	831	1	4	0	837
18375	1	3	1	823	0	828
18376	797	1	0	5	0	803
18377	3	817	2	2	0	824
18378	815	3	1	2	0	821
18379	4	1	802	1	0	808
18380	2	1	805	0	0	808
18381	0	1	4	830	0	835
18382	0	1	1016	4	0	1021
18383	1	0	7	1000	0	1008
18384	1	0	2	1002	0	1005
18385	1017	0	0	8	0	1025
18386	1008	1	0	3	0	1012
18387	8	1062	0	2	0	1072
18388	3	1089	0	0	0	1092
18389	1	10	0	1090	0	1101
18390	1113	3	0	9	0	1125
18391	5	0	1116	2	0	1123
18392	2	1	7	1109	0	1119
18393	0	0	3	1115	0	1118
18394	2	1	1121	10	0	1134
18395	0	1114	5	6	0	1125
18396	1	6	2	1120	0	1129
18397	1	3	1118	6	0	1128
18398	0	1	6	1096	0	1103
18399	1066	1	2	5	0	1074
18400	6	1085	1	3	0	1095
18401	4	1088	1	1	0	1094
18402	2	7	2	1081	0	1092
18403	1048	2	2	7	0	1059
18404	5	1061	1	5	0	1072
18405	1061	5	0	3	0	1069
18406	6	3	1065	2	0	1076
18407	4	1	1084	2	0	1091
18408	1	2	7	1059	0	1069
18409	0	1	3	1102	0	1106
18410	1091	0	1	8	0	1100
18411	8	1	1	1087	0	1097
18412	4	5	1086	9	0	1104
18413	2	3	7	1078	0	1090
18414	1	1	3	1091	0	1096
18415	5	2	1065	8	0	1080
18416	1019	2	9	2	0	1032
18417	5	0	3	1055	0	1063
18418	988	0	2	10	0	1000
18419	5	957	3	4	0	969
18420	940	7	0	1	0	948
18421	5	946	0	5	0	956
18422	2	938	3	2	0	945
18423	3	11	4	863	0	881
18424	869	2	2	4	0	877
18425	866	3	1	2	0	872
18426	7	2	1	854	0	864
18427	857	1	1	6	0	865
18428	863	1	1	2	0	867
18429	5	4	1	856	0	866
18430	823	0	1	7	0	831
18431	7	840	2	4	0	853
18432	834	6	5	1	0	846
18433	6	1	850	5	0	862
18434	847	0	6	7	0	860
18435	8	0	4	846	0	858
18436	2	1	1	860	0	864
18437	1	1	2	862	0	866
18438	2	1	1	861	0	865
18439	2	1	0	853	0	856
18440	2	829	3	7	0	841
18441	3	852	1	2	0	858
18442	842	9	0	4	0	855
18443	6	2	845	4	0	857
18444	837	1	7	1	0	846
18445	9	2	844	2	0	857
18446	4	2	5	835	0	846
18447	3	1	3	841	0	848
18448	826	0	2	8	0	836
18449	9	3	817	3	0	832
18450	3	3	5	808	0	819
18451	2	2	840	8	0	852
18452	5	857	6	4	0	872
18453	4	6	3	860	0	873
18454	867	3	1	9	0	880
18455	859	0	0	4	0	863
18456	879	2	3	3	0	887
18457	9	884	1	3	0	897
18458	1	891	3	4	0	899
18459	824	8	1	3	0	836
18460	4	896	1	4	0	905
18461	3	879	3	2	0	887
18462	4	9	859	3	0	875
18463	1	853	7	4	0	865
18464	0	840	2	4	0	846
18465	3	6	1	850	0	860
18466	1	3	860	6	0	870
18467	3	1	843	6	0	853
18468	818	1	8	2	0	829
18469	9	1	852	0	0	862
18470	848	0	7	3	0	858
18471	5	2	3	843	0	853
18472	5	878	1	8	0	892
18473	899	6	1	3	0	909
18474	922	2	4	1	0	929
18475	9	3	0	921	0	933
18476	5	1	2	923	0	931
18477	1	1	3	914	0	919
18478	903	2	0	9	0	914
18479	888	1	1	5	0	895
18480	899	1	0	3	0	903
18481	9	844	0	6	0	859
18482	646	3	0	1	0	650
18483	4	645	0	1	0	650
18484	2	641	1	2	0	646
18485	6	24	2	586	0	618
18486	2	607	1	1	0	611
18487	556	1	3	2	0	562
18488	5	1	1	549	0	556
18489	532	0	1	1	0	534
18490	1	529	0	2	0	532
18491	1	547	0	3	0	551
18492	563	3	0	0	0	566
18493	2	581	1	0	0	584
18494	3	2	0	583	0	588
18495	0	2	1	583	0	586
18496	595	1	1	5	0	602
18497	2	0	0	608	0	610
18498	4	0	634	2	0	640
18499	1	0	3	637	0	641
18500	661	0	2	3	0	666
18501	3	682	0	2	0	687
18502	704	4	0	0	0	708
18503	709	2	0	0	0	711
18504	721	0	2	0	0	723
18505	5	2	712	1	0	720
18506	2	1	705	1	0	709
18507	685	1	6	1	0	693
18508	4	714	2	1	0	721
18509	2	4	0	706	0	712
18510	1	3	1	693	0	698
18511	0	703	1	4	0	708
18512	1	708	0	2	0	711
18513	0	6	2	716	0	724
18514	2	2	0	719	0	723
18515	0	0	713	7	0	720
18516	0	1	703	3	0	707
18517	696	0	6	1	0	703
18518	734	0	2	0	0	736
18519	6	0	0	729	0	735
18520	2	0	733	6	0	741
18521	0	0	5	730	0	735
18522	728	1	2	4	0	735
18523	4	0	735	3	0	742
18524	4	0	4	747	0	755
18525	1	1	759	3	0	764
18526	1	759	4	3	0	767
18527	0	4	757	0	0	761
18528	2	3	4	753	0	762
18529	753	2	2	3	0	760
18530	3	1	0	777	0	781
18531	797	0	0	3	0	800
18532	803	0	0	2	0	805
18533	792	0	0	0	0	792
18534	6	0	796	0	0	802
18535	796	0	4	1	0	801
18536	4	1	2	802	0	809
18537	3	1	0	803	0	807
18538	0	0	802	7	0	809
18539	0	1	3	805	0	809
18540	806	2	2	4	0	814
18541	3	815	0	3	0	821
18542	825	3	0	1	0	829
18543	830	2	0	1	0	833
18544	838	0	1	0	0	839
18545	5	1	1	818	0	825
18546	4	0	842	3	0	849
18547	1	1	3	859	0	864
18548	0	1	2	864	0	867
18549	868	0	1	6	0	875
18550	857	1	0	3	0	861
18551	7	0	826	0	0	833
18552	2	0	4	825	0	831
18553	1	0	841	4	0	846
18554	864	1	4	3	0	872
18555	4	941	3	1	0	949
18556	928	3	1	0	0	932
18557	3	952	0	2	0	957
18558	943	3	0	1	0	947
18559	3	953	0	1	0	957
18560	10	4	0	944	0	958
18561	1	3	0	949	0	953
18562	955	0	1	5	0	961
18563	948	0	1	4	0	953
18564	958	0	0	0	0	958
18565	938	1	0	1	0	940
18566	929	0	0	1	0	930
18567	7	0	1	918	0	926
18568	4	925	0	4	0	933
18569	2	3	2	908	0	915
18570	0	916	1	4	0	921
18571	1	5	1	880	0	887
18572	0	888	1	4	0	893
18573	2	4	0	881	0	887
18574	1	2	851	3	0	857
18575	825	1	4	2	0	832
18576	3	852	3	4	0	862
18577	849	3	0	2	0	854
18578	4	3	850	0	0	857
18579	830	0	3	0	0	833
18580	3	1	875	0	0	879
18581	3	0	4	863	0	870
18582	0	938	3	4	0	945
18583	2	4	947	2	0	955
18584	0	4	5	940	0	949
18585	949	0	2	6	0	957
18586	5	1	0	960	0	966
18587	4	0	1	971	0	976
18588	1	0	0	975	0	976
18589	1	0	963	8	0	972
18590	1	0	5	958	0	964
18591	2	950	1	6	0	959
18592	1	3	0	936	0	940
18593	1	2	1	928	0	932
18594	917	0	0	5	0	922
18595	5	2	0	934	0	941
18596	1	0	942	7	0	950
18597	0	2	933	2	0	937
18598	0	0	912	1	0	913
18599	0	906	5	1	0	912
18600	876	3	5	0	0	884
18601	2	861	1	1	0	865
18602	844	3	2	2	0	851
18603	3	4	1	838	0	846
18604	2	0	856	3	0	861
18605	0	1	842	1	0	844
18606	1	871	4	1	0	877
18607	0	1	1	864	0	866
18608	0	1	2	864	0	867
18609	0	0	0	868	0	868
18610	0	1	871	3	0	875
18611	780	0	2	3	0	785
18612	2	0	861	2	0	865
18613	1	0	2	834	0	837
18614	0	0	3	859	0	862
18615	1	0	855	4	0	860
18616	803	1	3	1	0	808
18617	1	860	1	2	0	864
18618	847	2	0	2	0	851
18619	3	1	1	837	0	842
18620	3	843	0	1	0	847
18621	0	3	1	850	0	854
18622	854	1	1	3	0	859
18623	2	1	1	847	0	851
18624	1	2	837	2	0	842
18625	802	0	2	2	0	806
18626	827	1	1	0	0	829
18627	4	0	827	2	0	833
18628	1	0	4	814	0	819
18629	835	0	2	3	0	840
18630	3	1	1	812	0	817
18631	1	1	1	793	0	796
18632	0	0	0	793	0	793
18633	2	0	0	781	0	783
18634	0	0	763	6	0	769
18635	0	0	4	757	0	761
18636	1	1	762	2	0	766
18637	747	0	4	2	0	753
18638	755	1	1	1	0	758
18639	752	0	0	2	0	754
18640	751	1	2	0	0	754
18641	5	0	0	746	0	751
18642	729	1	0	3	0	733
18643	3	0	724	1	0	728
18644	2	1	722	0	0	725
18645	688	1	3	2	0	694
18646	3	696	1	1	0	701
18647	1	669	1	1	0	672
18648	1	3	0	665	0	669
18649	1	1	658	2	0	662
18650	623	3	2	2	0	630
18651	2	1	666	0	0	669
18652	0	628	2	3	0	633
18653	1	1	611	2	0	615
18654	1	564	3	0	0	568
18655	504	3	3	1	0	511
18656	2	501	0	1	0	504
18657	1	484	2	0	0	487
18658	0	3	1	482	0	486
18659	1	2	479	2	0	484
18660	0	0	2	471	0	473
18661	1	0	0	475	0	476
18662	0	0	472	5	0	477
18663	0	0	5	452	0	457
18664	2	469	0	2	0	473
18665	1	2	1	471	0	475
18666	468	0	2	3	0	473
18667	2	0	0	468	0	470
18668	1	1	470	2	0	474
18669	1	0	2	470	0	473
18670	1	1	473	3	0	478
18671	465	0	2	2	0	469
18672	2	0	1	478	0	481
18673	475	1	1	3	0	480
18674	2	0	480	2	0	484
18675	456	0	3	1	0	460
18676	3	476	0	2	0	481
18677	2	2	481	1	0	486
18678	3	2	3	468	0	476
18679	2	0	486	3	0	491
18680	0	469	3	1	0	473
18681	1	473	1	4	0	479
18682	410	1	4	0	0	415
18683	1	439	1	1	0	442
18684	436	0	0	2	0	438
18685	1	1	0	443	0	445
18686	0	1	446	1	0	448
18687	1	450	1	1	0	453
18688	0	1	3	448	0	452
18689	0	2	2	459	0	463
18690	1	1	0	470	0	472
18691	2	0	1	452	0	455
18692	1	468	0	0	0	469
18693	2	469	0	0	0	471
18694	453	0	0	2	0	455
18695	1	444	0	0	0	445
18696	1	1	4	418	0	424
18697	0	0	417	2	0	419
18698	0	414	1	0	0	415
18699	0	1	0	406	0	407
18700	0	0	0	398	0	398
18701	0	412	0	1	0	413
18702	396	1	0	1	0	398
18703	1	0	397	0	0	398
18704	368	2	0	1	0	371
18705	0	397	0	1	0	398
18706	360	0	1	0	0	361
18707	0	372	0	0	0	372
18708	0	0	0	393	0	393
18709	0	2	1	397	0	400
18710	390	2	0	1	0	393
18711	1	0	0	396	0	397
18712	0	0	397	2	0	399
18713	1	397	1	0	0	399
18714	1	391	0	0	0	392
18715	0	1	1	392	0	394
18716	1	0	388	1	0	390
18717	0	1	1	386	0	388
18718	0	0	0	389	0	389
18719	1	1	385	0	0	387
18720	0	0	374	2	0	376
18721	0	380	2	1	0	383
18722	379	2	0	0	0	381
18723	1	1	0	369	0	371
18724	0	364	1	3	0	368
18725	364	2	1	0	0	367
18726	1	2	0	364	0	367
18727	0	1	0	361	0	362
18728	2	361	2	0	0	365
18729	0	2	1	348	0	351
18730	350	1	0	3	0	354
18731	1	0	2	346	0	349
18732	0	1	0	350	0	351
18733	0	2	348	2	0	352
18734	3	0	342	1	0	346
18735	346	1	1	1	0	349
18736	2	1	0	345	0	348
18737	1	1	1	346	0	349
18738	1	0	0	343	0	344
18739	1	1	341	1	0	344
18740	334	1	1	1	0	337
18741	1	1	0	334	0	336
18742	1	0	1	335	0	337
18743	328	0	1	3	0	332
18744	2	330	0	1	0	333
18745	1	1	336	2	0	340
18746	0	0	2	318	0	320
18747	1	338	0	2	0	341
18748	0	1	1	338	0	340
18749	334	1	0	3	0	338
18750	1	0	1	332	0	334
18751	330	0	1	3	0	334
18752	331	0	0	1	0	332
18753	1	0	1	321	0	323
18754	0	330	2	2	0	334
18755	0	332	0	1	0	333
18756	1	3	333	0	0	337
18757	0	0	2	321	0	323
18758	1	1	0	326	0	328
18759	1	1	0	322	0	324
18760	318	0	0	3	0	321
18761	3	0	0	322	0	325
18762	0	0	326	3	0	329
18763	326	0	1	1	0	328
18764	2	1	0	327	0	330
18765	0	0	1	333	0	334
18766	0	0	333	3	0	336
18767	327	0	2	1	0	330
18768	1	0	1	335	0	337
18769	2	0	341	1	0	344
18770	0	0	1	334	0	335
18771	0	0	0	304	0	304
18772	0	340	0	3	0	343
18773	338	1	1	1	0	341
18774	332	0	0	1	0	333
18775	1	336	1	1	0	339
18776	323	1	0	1	0	325
18777	319	0	0	1	0	320
18778	1	1	1	320	0	323
18779	0	0	316	1	0	317
18780	0	0	312	1	0	313
18781	0	1	294	0	0	295
18782	0	1	302	1	0	304
18783	1	1	3	265	0	270
18784	0	0	0	286	0	286
18785	1	0	0	269	0	270
18786	1	0	0	272	0	273
18787	274	0	0	1	0	275
18788	1	282	0	0	0	283
18789	280	2	0	0	0	282
18790	3	0	283	0	0	286
18791	0	0	297	0	0	297
18792	0	1	2	301	0	304
18793	304	0	2	2	0	308
18794	299	0	0	0	0	299
18795	3	309	0	0	0	312
18796	0	310	0	0	0	310
18797	0	3	0	315	0	318
18798	317	0	0	3	0	320
18799	3	319	0	0	0	322
18800	314	3	0	0	0	317
18801	314	0	0	0	0	314
18802	314	0	0	0	0	314
18803	3	0	312	0	0	315
18804	0	313	3	0	0	316
18805	305	3	0	0	0	308
18806	306	0	0	0	0	306
18807	3	302	0	0	0	305
18808	0	275	0	0	0	275
18809	276	2	0	0	0	278
18810	2	0	0	278	0	280
18811	0	0	281	2	0	283
18812	273	0	2	0	0	275
18813	2	0	0	282	0	284
18814	0	295	0	2	0	297
18815	0	2	0	293	0	295
18816	0	0	296	2	0	298
18817	0	0	2	301	0	303
18818	312	0	0	2	0	314
18819	2	0	0	318	0	320
18820	0	0	0	326	0	326
18821	0	0	353	4	0	357
18822	0	0	2	347	0	349
18823	0	357	0	2	0	359
18824	355	2	0	1	0	358
18825	358	0	0	0	0	358
18826	1	0	366	0	0	367
18827	0	0	2	356	0	358
18828	0	363	0	2	0	365
18829	0	365	0	0	0	365
18830	364	2	0	0	0	366
18831	2	0	0	375	0	377
18832	0	0	377	2	0	379
18833	0	0	381	0	0	381
18834	0	0	2	376	0	378
18835	378	0	0	2	0	380
18836	377	0	0	0	0	377
18837	3	0	0	401	0	404
18838	0	0	411	3	0	414
18839	0	417	2	0	0	419
18840	417	2	0	0	0	419
18841	2	417	0	1	0	420
18842	418	2	0	0	0	420
18843	2	0	0	418	0	420
18844	0	0	422	2	0	424
18845	0	0	2	412	0	414
18846	419	0	0	2	0	421
18847	2	0	420	0	0	422
18848	0	426	2	1	0	429
18849	0	2	0	427	0	429
18850	427	0	0	2	0	429
18851	2	0	437	1	0	440
18852	0	0	2	435	0	437
18853	0	0	0	447	0	447
18854	0	0	443	2	0	445
18855	0	0	2	439	0	441
18856	0	0	447	2	0	449
18857	430	0	2	0	0	432
18858	2	0	0	467	0	469
18859	0	0	501	2	0	503
18860	0	520	2	0	0	522
18861	528	2	0	0	0	530
18862	557	0	0	0	0	557
18863	4	1	0	645	0	650
18864	1	674	0	3	0	678
18865	677	3	0	3	0	683
18866	3	2	0	680	0	685
18867	2	1	685	3	0	691
18868	668	0	3	2	0	673
18869	2	676	2	0	0	680
18870	2	3	0	677	0	682
18871	676	2	0	3	0	681
18872	3	1	669	2	0	675
18873	2	0	672	0	0	674
18874	0	0	7	658	0	665
18875	0	0	684	3	0	687
18876	0	0	3	665	0	668
18877	0	685	3	4	0	692
18878	0	2	0	696	0	698
18879	688	2	0	2	0	692
18880	3	0	696	2	0	701
18881	2	700	4	0	0	706
18882	1	4	2	685	0	692
18883	0	3	711	4	0	718
18884	0	0	4	672	0	676
18885	0	705	3	3	0	711
18886	0	716	1	4	0	721
18887	688	6	6	1	0	701
18888	2	710	0	0	0	712
18889	2	2	682	0	0	686
18890	642	6	4	0	0	652
18891	2	0	687	1	0	690
18892	2	4	1	637	0	644
18893	0	1	679	3	0	683
18894	0	689	2	2	0	693
18895	0	3	2	678	0	683
18896	0	2	0	674	0	676
18897	0	0	0	663	0	663
18898	0	0	670	5	0	675
18899	0	0	2	656	0	658
18900	0	0	2	674	0	676
18901	664	0	0	4	0	668
18902	673	0	0	2	0	675
18903	4	0	692	0	0	696
18904	2	688	2	1	0	693
18905	0	2	690	0	0	692
18906	0	2	2	687	0	691
18907	0	0	713	3	0	716
18908	0	0	2	704	0	706
18909	0	0	2	717	0	719
18910	0	0	719	5	0	724
18911	659	0	2	2	0	663
18912	2	717	2	1	0	722
18913	3	2	1	716	0	722
18914	1	3	751	2	0	757
18915	3	0	752	2	0	757
18916	710	0	5	1	0	716
18917	2	749	2	1	0	754
18918	2	3	0	749	0	754
18919	750	2	1	2	0	755
18920	2	3	0	750	0	755
18921	3	0	1	754	0	758
18922	2	0	762	4	0	768
18923	720	1	3	3	0	727
18924	760	1	2	1	0	764
18925	6	0	0	760	0	766
18926	752	0	1	3	0	756
18927	2	0	2	753	0	757
18928	3	755	0	4	0	762
18929	0	774	1	2	0	777
18930	0	4	0	779	0	783
18931	765	3	0	4	0	772
18932	2	0	1	766	0	769
18933	778	0	1	2	0	781
18934	778	0	1	2	0	781
18935	4	1	1	779	0	785
18936	2	0	0	788	0	790
18937	0	1	766	4	0	771
18938	0	0	774	4	0	778
18939	1	1	5	777	0	784
18940	0	1	824	2	0	827
18941	818	1	3	3	0	825
18942	2	1	3	889	0	895
18943	3	0	945	2	0	950
18944	961	0	3	5	0	969
18945	1020	1	3	0	0	1024
18946	9	1088	1	1	0	1099
18947	7	4	0	1097	0	1108
18948	1	7	1138	4	0	1150
18949	1133	2	5	7	0	1147
18950	1150	0	6	3	0	1159
18951	10	0	1159	1	0	1170
18952	1161	0	5	1	0	1167
18953	6	0	7	1153	0	1166
18954	7	1	2	1171	0	1181
18955	1166	0	0	12	0	1178
18956	1158	0	0	11	0	1169
18957	11	8	2	1150	0	1171
18958	12	0	1157	4	0	1173
18959	3	1125	4	8	0	1140
18960	1	4	1127	2	0	1134
18961	2	7	1116	0	0	1125
18962	1	1084	12	1	0	1098
18963	3	4	15	959	0	981
18964	2	5	2	960	0	969
18965	0	2	971	8	0	981
18966	2	0	3	958	0	963
18967	962	1	5	6	0	974
18968	3	1	967	7	0	978
18969	962	0	5	2	0	969
18970	974	1	5	1	0	981
18971	978	0	2	3	0	983
18972	11	1	983	0	0	995
18973	9	1	976	3	0	989
18974	3	0	10	967	0	980
18975	1	0	10	918	0	929
18976	3	976	2	11	0	992
18977	971	3	2	9	0	985
18978	966	5	1	5	0	977
18979	9	974	2	2	0	987
18980	971	3	0	3	0	977
18981	6	967	1	2	0	976
18982	969	4	4	0	0	977
18983	5	7	0	933	0	945
18984	9	2	955	3	0	969
18985	3	1	949	6	0	959
18986	2	1	10	933	0	946
18987	1	0	9	948	0	958
18988	2	2	940	9	0	953
18989	0	0	5	928	0	933
18990	0	1	6	944	0	951
18991	921	0	3	8	0	932
18992	926	0	1	9	0	936
18993	919	2	1	2	0	924
18994	12	0	905	0	0	917
18995	9	906	2	1	0	918
18996	4	3	6	913	0	926
18997	3	6	932	3	0	944
18998	1	933	3	6	0	943
18999	933	3	6	2	0	944
19000	2	7	3	944	0	956
19001	8	2	1	942	0	953
19002	933	2	6	7	0	948
19003	4	1	1	932	0	938
19004	8	0	1	944	0	953
19005	945	2	2	8	0	957
19006	6	1	941	9	0	957
19007	8	931	2	5	0	946
19008	924	4	7	1	0	936
19009	4	5	951	4	0	964
19010	928	3	4	4	0	939
19011	6	971	9	5	0	991
19012	972	5	4	2	0	983
19013	964	5	2	4	0	975
19014	928	3	3	3	0	937
19015	10	1	2	922	0	935
19016	10	4	1	912	0	927
19017	6	925	1	11	0	943
19018	2	921	4	10	0	937
19019	4	936	2	4	0	946
19020	919	10	4	4	0	937
19021	3	8	920	2	0	933
19022	9	5	3	913	0	930
19023	7	0	9	902	0	918
19024	2	929	3	10	0	944
19025	2	3	2	930	0	937
19026	4	7	1	921	0	933
19027	2	940	2	10	0	954
19028	928	5	1	9	0	943
19029	7	944	0	5	0	956
19030	9	5	927	2	0	943
19031	921	8	3	1	0	933
19032	5	948	6	3	0	962
19033	919	4	3	2	0	928
19034	7	6	2	916	0	931
19035	6	3	3	912	0	924
19036	5	2	912	10	0	929
19037	3	1	908	8	0	920
19038	3	8	7	884	0	902
19039	892	1	7	6	0	906
19040	850	1	6	6	0	863
19041	8	884	0	4	0	896
19042	7	824	1	2	0	834
19043	4	787	4	1	0	796
19044	16	16	7	706	0	745
19045	691	10	18	4	0	723
19046	672	0	0	4	0	676
19047	679	0	0	2	0	681
19048	2	0	674	0	0	676
19049	1	785	0	2	0	788
19050	0	1	1	845	0	847
19051	865	2	0	0	0	867
19052	0	0	2	889	0	891
19053	2	1	0	910	0	913
19054	917	0	0	2	0	919
19055	973	1	1	2	0	977
19056	4	0	996	1	0	1001
19057	2	1	1	995	0	999
19058	1	1	994	1	0	997
19059	2	2	1	985	0	990
19060	1	1	990	0	0	992
19061	0	1	2	981	0	984
19062	951	0	2	1	0	954
19063	1	982	0	2	0	985
19064	3	1000	1	0	0	1004
19065	1	3	0	919	0	923
19066	0	1016	0	3	0	1019
19067	1017	1	0	1	0	1019
19068	1002	2	1	1	0	1006
19069	3	0	1008	1	0	1012
19070	6	1011	1	1	0	1019
19071	3	1	2	1006	0	1012
19072	0	2	1014	1	0	1017
19073	988	0	1	2	0	991
19074	1	0	3	1004	0	1008
19075	2	0	1007	1	0	1010
19076	0	0	2	1000	0	1002
19077	1007	0	2	2	0	1011
19078	4	0	1001	2	0	1007
19079	991	1	1	0	0	993
19080	993	1	2	0	0	996
19081	3	0	0	989	0	992
19082	2	1	1002	1	0	1006
19083	1	1	994	2	0	998
19084	978	0	3	0	0	981
19085	983	0	3	2	0	988
19086	3	2	984	0	0	989
19087	2	0	1	969	0	972
19088	0	0	3	951	0	954
19089	1	971	0	7	0	979
19090	0	1	1	971	0	973
19091	971	2	1	1	0	975
19092	1	0	0	969	0	970
19093	3	1	960	1	0	965
19094	942	0	2	2	0	946
19095	2	0	2	950	0	954
19096	3	1	952	0	0	956
19097	0	941	1	4	0	946
19098	919	1	4	0	0	924
19099	2	939	1	0	0	942
19100	928	1	0	1	0	930
19101	2	2	940	0	0	944
19102	2	928	2	1	0	933
19103	1	930	2	1	0	934
19104	2	3	1	900	0	906
19105	1	3	0	897	0	901
19106	1	0	900	4	0	905
19107	1	0	1	899	0	901
19108	886	0	3	2	0	891
19109	1	1	874	2	0	878
19110	4	0	1	870	0	875
19111	1	0	856	1	0	858
19112	840	0	3	3	0	846
19113	1	850	3	1	0	855
19114	851	1	1	0	0	853
19115	853	6	0	0	0	859
19116	851	0	0	4	0	855
19117	4	0	838	1	0	843
19118	4	841	1	3	0	849
19119	1	2	3	831	0	837
19120	4	2	2	843	0	851
19121	874	0	0	7	0	881
19122	1	0	6	875	0	882
19123	886	2	0	7	0	895
19124	881	0	4	2	0	887
19125	881	1	1	4	0	887
19126	879	0	3	1	0	883
19127	5	2	1	865	0	873
19128	865	3	0	2	0	870
19129	1	4	849	3	0	857
19130	833	3	1	2	0	839
19131	844	0	2	1	0	847
19132	7	2	835	8	0	852
19133	837	0	3	1	0	841
19134	845	3	2	0	0	850
19135	3	0	3	837	0	843
19136	2	1	3	835	0	841
19137	825	6	2	4	0	837
19138	2	0	2	827	0	831
19139	5	1	1	812	0	819
19140	2	800	1	8	0	811
19141	4	1	2	767	0	774
19142	752	1	2	3	0	758
19143	5	1	1	745	0	752
19144	4	1	2	721	0	728
19145	2	709	1	5	0	717
19146	2	1	1	682	0	686
19147	2	1	3	667	0	673
19148	651	0	2	3	0	656
19149	5	4	0	512	0	521
19150	2	0	452	1	0	455
19151	1	414	1	1	0	417
19152	2	386	1	0	0	389
19153	370	2	0	1	0	373
19154	3	374	1	0	0	378
19155	304	0	3	0	0	307
19156	1	311	1	0	0	313
19157	314	1	3	0	0	318
19158	0	0	1	317	0	318
19159	1	0	0	314	0	315
19160	1	323	1	1	0	326
19161	0	1	0	329	0	330
19162	1	0	332	1	0	334
19163	319	0	6	0	0	325
19164	0	346	0	2	0	348
19165	327	0	1	1	0	329
19166	324	1	0	0	0	325
19167	327	1	0	1	0	329
19168	2	0	0	324	0	326
19169	1	0	0	319	0	320
19170	1	324	0	3	0	328
19171	324	0	0	0	0	324
19172	0	329	0	0	0	329
19173	325	0	0	0	0	325
19174	0	0	333	0	0	333
19175	351	0	0	0	0	351
19176	1	0	0	358	0	359
19177	0	0	359	1	0	360
19178	1	0	359	0	0	360
19179	1	0	0	361	0	362
19180	1	0	365	0	0	366
19181	1	0	0	363	0	364
19182	345	0	0	1	0	346
19183	1	0	0	350	0	351
19184	0	0	352	0	0	352
19185	1	347	0	0	0	348
19186	2	349	0	0	0	351
19187	1	2	1	347	0	351
19188	349	0	0	0	0	349
19189	1	0	0	350	0	351
19190	0	0	0	355	0	355
19191	0	1	0	356	0	357
19192	1	0	0	363	0	364
19193	0	0	363	1	0	364
19194	1	0	356	1	0	358
19195	357	2	0	0	0	359
19196	355	0	0	1	0	356
19197	2	0	0	358	0	360
19198	1	0	0	358	0	359
19199	0	0	362	2	0	364
19200	0	365	0	0	0	365
19201	352	1	0	1	0	354
19202	354	0	0	1	0	355
19203	1	1	0	351	0	353
19204	1	0	358	1	0	360
19205	1	0	2	343	0	346
19206	1	357	0	0	0	358
19207	1	1	357	1	0	360
19208	354	0	0	0	0	354
19209	0	1	1	354	0	356
19210	363	0	0	1	0	364
19211	0	1	355	0	0	356
19212	349	0	0	1	0	350
19213	1	0	0	358	0	359
19214	354	0	0	1	0	355
19215	0	1	1	351	0	353
19216	0	342	0	1	0	343
19217	0	348	1	0	0	349
19218	1	3	0	328	0	332
19219	1	1	339	0	0	341
19220	1	339	0	0	0	340
19221	3	1	2	288	0	294
19222	280	0	3	1	0	284
19223	282	0	0	1	0	283
19224	0	0	1	284	0	285
19225	0	0	1	281	0	282
19226	0	279	0	0	0	279
19227	1	283	0	0	0	284
19228	278	0	0	1	0	279
19229	0	0	0	278	0	278
19230	0	0	1	277	0	278
19231	0	1	276	0	0	277
19232	1	0	0	269	0	270
19233	1	0	0	275	0	276
19234	0	0	0	275	0	275
19235	0	0	287	0	0	287
19236	0	0	0	282	0	282
19237	284	1	0	0	0	285
19238	0	0	284	0	0	284
19239	293	0	0	1	0	294
19240	0	0	0	296	0	296
19241	1	0	0	294	0	295
19242	0	2	1	300	0	303
19243	1	0	301	0	0	302
19244	295	0	0	1	0	296
19245	1	311	0	0	0	312
19246	307	0	0	1	0	308
19247	0	317	0	0	0	317
19248	0	1	0	319	0	320
19249	316	1	0	1	0	318
19250	0	0	316	0	0	316
19251	310	1	1	0	0	312
19252	0	0	327	1	0	328
19253	1	2	0	316	0	319
19254	1	0	312	0	0	313
19255	0	310	1	0	0	311
19256	2	2	0	294	0	298
19257	289	0	0	0	0	289
19258	0	0	0	279	0	279
19259	0	279	0	0	0	279
19260	0	0	0	274	0	274
19261	266	0	0	0	0	266
19262	261	0	0	0	0	261
19263	0	265	0	0	0	265
19264	0	251	0	0	0	251
19265	0	2	0	245	0	247
19266	0	0	0	247	0	247
19267	243	0	0	0	0	243
19268	237	0	0	0	0	237
19269	0	243	1	0	0	244
19270	0	0	0	235	0	235
19271	0	1	0	235	0	236
19272	0	0	244	0	0	244
19273	0	244	0	0	0	244
19274	0	239	0	0	0	239
19275	0	1	0	219	0	220
19276	0	0	220	0	0	220
19277	0	0	216	0	0	216
19278	0	0	0	218	0	218
19279	0	0	0	215	0	215
19280	0	0	217	0	0	217
19281	0	0	0	219	0	219
19282	0	0	223	0	0	223
19283	235	0	0	1	0	236
19284	0	0	0	241	0	241
19285	0	0	258	0	0	258
19286	1	0	258	0	0	259
19287	0	0	1	265	0	266
19288	0	0	287	0	0	287
19289	0	0	300	1	0	301
19290	0	292	1	1	0	294
19291	292	0	2	0	0	294
19292	0	1	301	0	0	302
19293	1	1	0	294	0	296
19294	1	0	1	299	0	301
19295	0	0	1	306	0	307
19296	0	0	306	2	0	308
19297	0	0	0	297	0	297
19298	296	0	1	2	0	299
19299	0	0	1	291	0	292
19300	1	0	297	1	0	299
19301	1	0	0	296	0	297
19302	299	0	1	1	0	301
19303	302	0	1	1	0	304
19304	299	0	0	1	0	300
19305	2	0	0	300	0	302
19306	299	0	0	0	0	299
19307	300	0	0	1	0	301
19308	301	0	0	1	0	302
19309	2	293	0	0	0	295
19310	289	0	0	0	0	289
19311	1	1	0	288	0	290
19312	1	1	292	0	0	294
19313	1	290	0	1	0	292
19314	291	0	1	1	0	293
19315	0	1	0	292	0	293
19316	1	0	0	279	0	280
19317	1	294	0	1	0	296
19318	0	297	0	2	0	299
19319	279	1	0	1	0	281
19320	0	281	0	2	0	283
19321	274	1	0	0	0	275
19322	1	274	0	0	0	275
19323	271	1	0	0	0	272
19324	1	273	0	0	0	274
19325	1	272	1	0	0	274
19326	271	1	0	0	0	272
19327	0	2	271	0	0	273
19328	1	275	0	0	0	276
19329	1	0	1	270	0	272
19330	0	1	1	272	0	274
19331	0	1	0	269	0	270
19332	0	0	0	277	0	277
19333	0	0	275	2	0	277
19334	266	0	0	2	0	268
19335	0	0	1	270	0	271
19336	277	0	1	0	0	278
19337	287	0	0	1	0	288
19338	289	0	0	0	0	289
19339	280	0	0	0	0	280
19340	2	0	280	0	0	282
19341	2	0	0	284	0	286
19342	2	0	285	0	0	287
19343	0	280	1	2	0	283
19344	0	1	3	271	0	275
19345	0	1	2	267	0	270
19346	0	1	0	269	0	270
19347	0	0	1	264	0	265
19348	0	0	262	2	0	264
19349	0	1	0	258	0	259
19350	1	0	1	262	0	264
19351	261	0	2	1	0	264
19352	255	0	0	3	0	258
19353	1	0	0	261	0	262
19354	3	0	0	262	0	265
19355	1	0	0	261	0	262
19356	265	0	0	2	0	267
19357	268	0	0	2	0	270
19358	268	0	0	2	0	270
19359	267	0	1	0	0	268
19360	2	270	0	1	0	273
19361	272	0	0	0	0	272
19362	271	1	0	0	0	272
19363	2	1	0	268	0	271
19364	2	0	0	265	0	267
19365	262	0	0	1	0	263
19366	2	260	0	1	0	263
19367	1	263	0	1	0	265
19368	266	2	0	0	0	268
19369	1	2	0	267	0	270
19370	1	1	0	264	0	266
19371	1	0	1	265	0	267
19372	0	0	0	262	0	262
19373	1	0	0	259	0	260
19374	0	255	0	3	0	258
19375	1	0	0	249	0	250
19376	247	1	0	1	0	249
19377	0	2	0	247	0	249
19378	2	0	0	241	0	243
19379	241	1	0	1	0	243
19380	1	241	0	2	0	244
19381	1	1	0	230	0	232
19382	1	231	0	0	0	232
19383	0	5	0	212	0	217
19384	0	1	214	0	0	215
19385	190	0	0	1	0	191
19386	1	193	0	0	0	194
19387	172	0	4	0	0	176
19388	0	0	168	0	0	168
19389	0	0	0	146	0	146
19390	0	152	0	0	0	152
19391	0	157	0	0	0	157
19392	151	0	0	0	0	151
19393	0	0	0	149	0	149
19394	0	0	154	0	0	154
19395	0	0	0	154	0	154
19396	0	0	158	0	0	158
19397	151	0	0	0	0	151
19398	0	0	155	0	0	155
19399	0	0	0	156	0	156
19400	0	157	0	0	0	157
19401	0	0	0	149	0	149
19402	0	154	0	0	0	154
19403	152	0	0	0	0	152
19404	0	0	0	158	0	158
19405	0	0	166	0	0	166
19406	0	0	161	0	0	161
19407	161	0	0	0	0	161
19408	170	0	0	0	0	170
19409	169	0	0	0	0	169
19410	171	0	0	0	0	171
19411	0	171	0	0	0	171
19412	170	0	0	0	0	170
19413	169	0	0	0	0	169
19414	0	0	167	1	0	168
19415	0	0	0	166	0	166
19416	166	0	0	0	0	166
19417	0	0	165	0	0	165
19418	0	0	0	163	0	163
19419	0	0	174	0	0	174
19420	0	0	0	173	0	173
19421	0	181	0	0	0	181
19422	179	0	0	0	0	179
19423	0	0	178	0	0	178
19424	177	0	0	0	0	177
19425	0	0	0	177	0	177
19426	178	0	0	0	0	178
19427	0	0	0	180	0	180
19428	199	0	0	0	0	199
19429	0	0	202	0	0	202
19430	211	0	0	0	0	211
19431	0	0	0	212	0	212
19432	1	0	0	216	0	217
19433	216	0	0	0	0	216
19434	0	0	0	216	0	216
19435	0	0	216	0	0	216
19436	0	1	0	210	0	211
19437	202	0	0	0	0	202
19438	0	200	0	0	0	200
19439	1	191	0	0	0	192
19440	193	0	0	0	0	193
19441	0	208	0	0	0	208
19442	1	0	0	205	0	206
19443	204	1	2	0	0	207
19444	208	0	0	1	0	209
19445	207	0	0	0	0	207
19446	1	0	210	0	0	211
19447	1	0	0	205	0	206
19448	0	215	1	0	0	216
19449	0	0	0	217	0	217
19450	0	1	224	0	0	225
19451	0	225	0	1	0	226
19452	0	1	0	222	0	223
19453	214	1	0	0	0	215
19454	0	221	0	1	0	222
19455	1	0	242	0	0	243
19456	0	1	0	233	0	234
19457	1	0	241	0	0	242
19458	0	0	0	235	0	235
19459	245	0	1	0	0	246
19460	0	0	0	246	0	246
19461	249	0	0	0	0	249
19462	252	0	0	2	0	254
19463	1	257	0	0	0	258
19464	264	0	0	1	0	265
19465	0	264	0	0	0	264
19466	1	0	280	0	0	281
19467	0	1	0	288	0	289
19468	0	0	1	314	0	315
19469	0	0	315	3	0	318
19470	0	315	1	2	0	318
19471	316	0	2	0	0	318
19472	316	2	0	0	0	318
19473	3	0	0	324	0	327
19474	2	0	0	326	0	328
19475	0	0	0	330	0	330
19476	326	0	0	2	0	328
19477	1	0	326	2	0	329
19478	3	0	336	0	0	339
19479	0	0	3	333	0	336
19480	0	1	341	0	0	342
19481	0	0	338	2	0	340
19482	0	0	3	326	0	329
19483	0	0	346	1	0	347
19484	1	343	2	4	0	350
19485	0	1	2	356	0	359
19486	0	2	360	1	0	363
19487	0	0	1	360	0	361
19488	0	357	2	2	0	361
19489	0	1	0	366	0	367
19490	0	2	372	1	0	375
19491	0	0	2	363	0	365
19492	366	0	2	1	0	369
19493	1	0	375	2	0	378
19494	349	0	2	0	0	351
19495	0	372	2	0	0	374
19496	376	1	1	1	0	379
19497	1	2	0	379	0	382
19498	3	380	0	1	0	384
19499	390	1	0	3	0	394
19500	2	2	0	391	0	395
19501	2	0	391	1	0	394
19502	0	398	1	2	0	401
19503	1	1	2	400	0	404
19504	400	3	0	1	0	404
19505	390	1	1	2	0	394
19506	3	0	0	397	0	400
19507	4	0	396	2	0	402
19508	372	0	2	3	0	377
19509	1	1	398	0	0	400
19510	2	0	1	390	0	393
19511	400	0	2	1	0	403
19512	1	400	0	3	0	404
19513	403	1	0	1	0	405
19514	1	3	400	1	0	405
19515	404	0	1	0	0	405
19516	1	0	3	413	0	417
19517	2	0	1	415	0	418
19518	0	0	420	4	0	424
19519	0	0	2	402	0	404
19520	413	0	2	1	0	416
19521	1	0	0	419	0	420
19522	2	423	1	1	0	427
19523	0	2	0	420	0	422
19524	0	428	0	2	0	430
19525	0	1	424	2	0	427
19526	408	2	1	1	0	412
19527	1	1	2	425	0	429
19528	2	0	415	1	0	418
19529	0	410	2	2	0	414
19530	0	1	2	410	0	413
19531	1	2	0	408	0	411
19532	408	0	1	3	0	412
19533	2	0	0	417	0	419
19534	420	1	0	0	0	421
19535	419	0	0	2	0	421
19536	3	424	0	2	0	429
19537	430	2	0	0	0	432
19538	2	1	0	464	0	467
19539	1	0	476	1	0	478
19540	471	0	2	1	0	474
19541	1	1	1	463	0	466
19542	1	0	469	2	0	472
19543	455	0	1	1	0	457
19544	1	0	1	467	0	469
19545	1	482	0	2	0	485
19546	0	1	1	466	0	468
19547	1	481	0	1	0	483
19548	473	1	1	1	0	476
19549	1	1	482	0	0	484
19550	2	469	1	0	0	472
19551	0	2	1	465	0	468
19552	1	3	472	1	0	477
19553	0	0	471	1	0	472
19554	1	474	2	2	0	479
19555	2	2	1	449	0	454
19556	1	1	0	460	0	462
19557	0	0	0	565	0	565
19558	581	0	1	3	0	585
19559	3	0	634	1	0	638
19560	1	641	3	0	0	645
19561	0	2	1	640	0	643
19562	1	1	0	651	0	653
19563	1	1	644	3	0	649
19564	1	2	2	635	0	640
19565	0	1	643	1	0	645
19566	1	0	619	1	0	621
19567	0	0	601	2	0	603
19568	1	0	3	575	0	579
19569	0	0	2	577	0	579
19570	0	0	0	586	0	586
19571	584	0	0	1	0	585
19572	1	589	0	2	0	592
19573	582	2	0	1	0	585
19574	575	0	0	1	0	576
19575	583	2	0	0	0	585
19576	2	591	1	1	0	595
19577	589	1	1	1	0	592
19578	586	0	0	1	0	587
19579	1	1	1	588	0	591
19580	0	0	0	587	0	587
19581	1	0	0	597	0	598
19582	0	0	600	3	0	603
19583	593	0	1	1	0	595
19584	1	0	0	604	0	605
19585	585	0	1	1	0	587
19586	2	588	0	0	0	590
19587	0	2	0	586	0	588
19588	1	0	0	583	0	584
19589	577	1	0	3	0	581
19590	2	0	0	574	0	576
19591	574	0	0	2	0	576
19592	563	0	0	1	0	564
19593	1	561	1	1	0	564
19594	2	570	1	0	0	573
19595	1	1	0	564	0	566
19596	0	568	0	1	0	569
19597	0	0	0	560	0	560
19598	0	1	562	2	0	565
19599	1	2	551	1	0	555
19600	533	0	2	2	0	537
19601	545	2	1	0	0	548
19602	2	545	1	3	0	551
19603	538	1	2	0	0	541
19604	3	549	0	3	0	555
19605	1	2	0	548	0	551
19606	1	1	1	546	0	549
19607	0	1	1	547	0	549
19608	0	2	0	546	0	548
19609	545	0	0	3	0	548
19610	1	545	1	1	0	548
19611	540	2	0	2	0	544
19612	540	0	0	1	0	541
19613	2	1	543	0	0	546
19614	527	1	2	0	0	530
19615	2	529	0	1	0	532
19616	0	1	1	531	0	533
19617	1	0	1	516	0	518
19618	0	523	0	3	0	526
19619	524	1	1	1	0	527
19620	1	0	517	0	0	518
19621	495	2	2	0	0	499
19622	2	0	509	2	0	513
19623	0	0	2	507	0	509
19624	1	0	1	513	0	515
19625	1	0	1	511	0	513
19626	521	1	2	1	0	525
19627	2	1	538	1	0	542
19628	522	0	2	2	0	526
19629	524	0	0	1	0	525
19630	515	1	2	1	0	519
19631	521	0	0	2	0	523
19632	4	0	1	516	0	521
19633	1	1	509	2	0	513
19634	2	0	2	500	0	504
19635	1	0	505	4	0	510
19636	1	1	496	1	0	499
19637	1	490	1	4	0	496
19638	2	1	3	446	0	452
19639	1	1	1	440	0	443
19640	1	2	0	423	0	426
19641	1	0	0	443	0	444
19642	436	0	0	2	0	438
19643	434	1	0	1	0	436
19644	2	0	0	431	0	433
19645	2	0	429	1	0	432
19646	1	0	1	427	0	429
19647	0	0	0	430	0	430
19648	0	0	429	2	0	431
19649	0	0	2	424	0	426
19650	424	0	0	2	0	426
19651	421	0	1	1	0	423
19652	417	0	0	1	0	418
19653	2	1	0	417	0	420
19654	416	0	0	2	0	418
19655	413	0	0	1	0	414
19656	2	0	415	1	0	418
19657	1	0	295	1	0	297
19658	2	0	278	0	0	280
19659	209	0	2	0	0	211
19660	0	216	1	0	0	217
19661	212	0	5	0	0	217
19662	1	250	1	1	0	253
19663	0	1	0	250	0	251
19664	1	0	0	262	0	263
19665	0	1	0	260	0	261
19666	0	0	259	1	0	260
19667	246	0	0	1	0	247
19668	0	0	0	260	0	260
19669	0	0	264	0	0	264
19670	0	0	261	0	0	261
19671	250	0	0	0	0	250
19672	0	261	0	0	0	261
19673	261	0	0	0	0	261
19674	260	0	0	0	0	260
19675	0	263	0	1	0	264
19676	265	0	0	0	0	265
19677	0	0	272	0	0	272
19678	0	0	270	0	0	270
19679	0	0	281	0	0	281
19680	0	5	3	265	0	273
19681	0	0	271	0	0	271
19682	264	3	0	0	0	267
19683	263	0	0	0	0	263
19684	0	0	267	0	0	267
19685	0	0	0	266	0	266
19686	273	0	0	0	0	273
19687	0	301	0	0	0	301
19688	0	307	0	0	0	307
19689	309	0	0	0	0	309
19690	0	0	322	0	0	322
19691	0	0	0	315	0	315
19692	0	0	0	321	0	321
19693	0	0	0	323	0	323
19694	0	321	0	0	0	321
19695	0	0	0	327	0	327
19696	342	0	0	0	0	342
19697	0	0	0	353	0	353
19698	0	355	0	0	0	355
19699	361	0	0	0	0	361
19700	0	0	0	369	0	369
19701	0	0	0	392	0	392
19702	406	0	0	0	0	406
19703	409	0	0	0	0	409
19704	0	0	0	425	0	425
19705	446	0	0	0	0	446
19706	446	0	0	0	0	446
19707	0	459	0	0	0	459
19708	457	1	0	0	0	458
19709	1	460	0	0	0	461
19710	0	0	0	462	0	462
19711	0	0	477	1	0	478
19712	0	0	1	465	0	466
19713	0	0	0	474	0	474
19714	0	0	0	479	0	479
19715	480	0	0	1	0	481
19716	1	485	0	0	0	486
19717	498	1	0	1	0	500
19718	1	523	0	0	0	524
19719	529	1	0	0	0	530
19720	535	0	0	0	0	535
19721	537	0	0	0	0	537
19722	531	0	0	0	0	531
19723	1	0	533	0	0	534
19724	0	0	1	539	0	540
19725	0	0	0	553	0	553
19726	1	0	543	2	0	546
19727	516	0	2	0	0	518
19728	3	0	0	538	0	541
19729	0	0	535	3	0	538
19730	0	0	540	0	0	540
19731	0	0	3	535	0	538
19732	0	0	557	3	0	560
19733	0	0	3	553	0	556
19734	0	0	0	557	0	557
19735	0	0	549	3	0	552
19736	519	0	3	0	0	522
19737	4	0	0	549	0	553
19738	0	0	561	7	0	568
19739	0	0	3	564	0	567
19740	564	0	0	3	0	567
19741	3	0	569	0	0	572
19742	565	0	3	0	0	568
19743	582	0	0	0	0	582
19744	3	0	0	580	0	583
19745	0	0	1	573	0	574
19746	0	0	587	3	0	590
19747	0	0	3	587	0	590
19748	0	0	0	579	0	579
19749	0	0	0	590	0	590
19750	0	0	585	3	0	588
19751	573	0	3	0	0	576
19752	599	0	0	1	0	600
19753	614	0	0	0	0	614
19754	644	0	0	0	0	644
19755	3	0	0	644	0	647
19756	638	0	0	3	0	641
19757	633	0	0	0	0	633
19758	611	0	1	0	0	612
19759	639	0	0	0	0	639
19760	2	651	1	0	0	654
19761	649	3	0	0	0	652
19762	624	0	0	0	0	624
19763	3	623	0	2	0	628
19764	618	3	0	0	0	621
19765	3	0	0	621	0	624
19766	0	0	0	624	0	624
19767	619	0	0	2	0	621
19768	3	618	0	1	0	622
19769	0	620	0	0	0	620
19770	0	2	0	636	0	638
19771	0	0	647	3	0	650
19772	0	0	3	642	0	645
19773	0	0	0	651	0	651
19774	646	0	0	3	0	649
19775	648	0	0	1	0	649
19776	3	0	0	642	0	645
19777	0	0	653	3	0	656
19778	0	0	3	656	0	659
19779	668	0	0	3	0	671
19780	3	0	705	0	0	708
19781	0	717	4	0	0	721
19782	728	4	0	0	0	732
19783	3	0	0	723	0	726
19784	0	0	0	729	0	729
19785	0	0	0	736	0	736
19786	0	0	728	3	0	731
19787	631	0	3	2	0	636
19788	4	0	687	0	0	691
19789	0	704	3	2	0	709
19790	0	3	0	692	0	695
19791	0	0	0	699	0	699
19792	0	0	0	752	0	752
19793	0	0	755	2	0	757
19794	0	0	765	0	0	765
19795	0	0	767	0	0	767
19796	0	769	3	1	0	773
19797	1	3	0	757	0	761
19798	781	0	0	3	0	784
19799	829	0	0	0	0	829
19800	5	0	866	0	0	871
19801	0	865	5	4	0	874
19802	0	5	871	0	0	876
19803	0	880	6	0	0	886
19804	860	8	7	1	0	876
19805	851	0	0	0	0	851
19806	6	852	0	0	0	858
19807	845	5	0	0	0	850
19808	5	0	0	845	0	850
19809	0	0	0	846	0	846
19810	847	0	0	4	0	851
19811	827	0	0	0	0	827
19812	829	0	0	0	0	829
19813	5	835	0	0	0	840
19814	0	846	0	0	0	846
19815	840	4	0	0	0	844
19816	5	0	835	0	0	840
19817	0	7	5	810	0	822
19818	789	0	0	5	0	794
19819	5	786	0	0	0	791
19820	0	796	0	0	0	796
19821	788	5	0	0	0	793
19822	5	0	788	0	0	793
19823	759	2	5	1	0	767
19824	5	0	771	0	0	776
19825	0	0	763	1	0	764
19826	0	1	4	758	0	763
19827	0	0	771	4	0	775
19828	755	0	3	1	0	759
19829	769	1	0	0	0	770
19830	769	0	0	0	0	769
19831	768	0	0	0	0	768
19832	3	0	0	750	0	753
19833	744	0	0	3	0	747
19834	2	753	0	0	0	755
19835	1	3	0	709	0	713
19836	0	757	0	3	0	760
19837	775	3	0	1	0	779
19838	756	0	0	0	0	756
19839	3	0	0	760	0	763
19840	763	0	0	3	0	766
19841	764	0	0	1	0	765
19842	3	0	1	754	0	758
19843	2	0	0	758	0	760
19844	0	0	0	757	0	757
19845	0	0	757	4	0	761
19846	0	0	732	3	0	735
19847	2	0	738	0	0	740
19848	0	0	4	737	0	741
19849	0	0	755	3	0	758
19850	0	0	3	748	0	751
19851	0	0	781	3	0	784
19852	0	0	767	2	0	769
19853	732	0	4	0	0	736
19854	3	734	2	0	0	739
19855	736	3	0	0	0	739
19856	3	1	0	729	0	733
19857	1	0	0	731	0	732
19858	0	0	736	4	0	740
19859	0	726	3	2	0	731
19860	0	3	1	711	0	715
19861	0	2	729	2	0	733
19862	0	716	3	3	0	722
19863	0	3	1	710	0	714
19864	708	1	0	3	0	712
19865	708	0	0	1	0	709
19866	4	0	0	703	0	707
19867	701	0	1	3	0	705
19868	3	717	0	1	0	721
19869	1	2	0	720	0	723
19870	0	1	733	4	0	738
19871	0	1	4	729	0	734
19872	0	0	737	3	0	740
19873	719	0	3	1	0	723
19874	4	0	1	725	0	730
19875	1	749	0	5	0	755
19876	0	7	0	743	0	750
19877	0	1	748	4	0	753
19878	0	0	760	3	0	763
19879	0	1	735	0	0	736
19880	682	4	8	2	0	696
19881	4	687	1	0	0	692
19882	1	4	0	663	0	668
19883	673	1	0	3	0	677
19884	4	669	0	1	0	674
19885	698	4	0	0	0	702
19886	696	1	0	0	0	697
19887	709	0	0	0	0	709
19888	714	0	0	0	0	714
19889	5	0	698	0	0	703
19890	679	0	4	0	0	683
19891	4	0	690	0	0	694
19892	589	2	4	0	0	595
19893	4	0	1	623	0	628
19894	2	0	603	4	0	609
19895	0	607	4	2	0	613
19896	1	34	1	558	0	594
19897	1	595	0	2	0	598
19898	0	595	0	1	0	596
19899	516	3	5	2	0	526
19900	2	1	497	0	0	500
19901	1	474	2	0	0	477
19902	461	2	2	0	0	465
19903	1	488	0	0	0	489
19904	479	1	2	0	0	482
19905	1	1	0	476	0	478
19906	479	0	0	1	0	480
19907	1	0	0	471	0	472
19908	477	0	0	1	0	478
19909	1	0	0	473	0	474
19910	1	508	0	1	0	510
19911	0	1	0	521	0	522
19912	518	1	0	0	0	519
19913	1	518	0	1	0	520
19914	1	1	0	514	0	516
19915	523	1	0	1	0	525
19916	1	0	0	523	0	524
19917	1	0	0	525	0	526
19918	0	0	542	1	0	543
19919	0	0	540	1	0	541
19920	0	0	2	529	0	531
19921	0	0	566	1	0	567
19922	0	0	1	565	0	566
19923	1	0	1	548	0	550
19924	1	0	0	564	0	565
19925	2	0	561	2	0	565
19926	0	0	1	545	0	546
19927	0	0	1	552	0	553
19928	0	577	1	2	0	580
19929	0	1	0	581	0	582
19930	577	1	1	1	0	580
19931	2	0	0	583	0	585
19932	1	0	680	1	0	682
19933	654	0	2	2	0	658
19934	2	740	1	2	0	745
19935	1	3	1	749	0	754
19936	0	1	752	2	0	755
19937	713	0	2	0	0	715
19938	3	739	0	2	0	744
19939	741	3	0	0	0	744
19940	2	0	0	738	0	740
19941	731	0	0	2	0	733
19942	2	2	747	0	0	751
19943	1	744	3	1	0	749
19944	1	786	0	1	0	788
19945	797	2	0	0	0	799
19946	795	0	0	0	0	795
19947	2	0	802	0	0	804
19948	770	0	2	0	0	772
19949	792	0	1	1	0	794
19950	780	0	0	0	0	780
19951	3	777	0	0	0	780
19952	0	775	1	2	0	778
19953	768	4	0	0	0	772
19954	770	0	0	1	0	771
19955	3	792	0	0	0	795
19956	0	4	0	800	0	804
19957	1	0	812	3	0	816
19958	810	0	4	0	0	814
19959	792	1	1	2	0	796
19960	859	0	0	1	0	860
19961	3	859	0	0	0	862
19962	1	3	874	2	0	880
19963	882	0	4	1	0	887
19964	5	0	0	903	0	908
19965	0	1	0	911	0	912
19966	2	0	0	915	0	917
19967	1	0	917	5	0	923
19968	2	0	3	888	0	893
19969	0	0	913	4	0	917
19970	0	878	3	1	0	882
19971	858	4	0	0	0	862
19972	3	864	0	0	0	867
19973	0	875	1	0	0	876
19974	871	2	2	0	0	875
19975	4	900	0	0	0	904
19976	1	3	0	885	0	889
19977	0	899	0	3	0	902
19978	885	3	1	0	0	889
19979	3	893	0	0	0	896
19980	1	3	0	899	0	903
19981	2	0	914	2	0	918
19982	1	1	2	905	0	909
19983	2	924	0	3	0	929
19984	0	2	2	931	0	935
19985	1	1	1	905	0	908
19986	3	4	0	908	0	915
19987	2	1	0	917	0	920
19988	3	1	0	918	0	922
19989	0	0	2	924	0	926
19990	3	1	930	2	0	936
19991	897	0	3	2	0	902
19992	3	1	0	979	0	983
19993	0	2	994	4	0	1000
19994	2	1	1008	0	0	1011
19995	2	0	3	1001	0	1006
19996	1004	0	2	3	0	1009
19997	4	2	995	0	0	1001
19998	962	0	3	1	0	966
19999	4	0	1031	0	0	1035
20000	1	2	3	1029	0	1035
20001	1	1	0	1056	0	1058
20002	2	1	1058	3	0	1064
20003	988	1	3	1	0	993
20004	3	2	1	1026	0	1032
20005	2	0	1036	4	0	1042
20006	0	1	1052	1	0	1054
20007	2	0	3	1006	0	1011
20008	1	1051	1	3	0	1056
20009	1055	3	2	1	0	1061
20010	1038	1	0	1	0	1040
20011	3	1	1058	1	0	1063
20012	2	1	3	1045	0	1051
20013	1056	0	1	5	0	1062
20014	3	1	1058	3	0	1065
20015	1034	1	3	1	0	1039
20016	4	1074	1	5	0	1084
20017	0	4	1	1082	0	1087
20018	1	0	2	1071	0	1074
20019	1105	2	0	6	0	1113
20020	6	1	1	1114	0	1122
20021	2	2	1	1097	0	1102
20022	0	1	1	1113	0	1115
20023	1101	0	3	5	0	1109
20024	4	1	1106	4	0	1115
20025	1105	1	5	1	0	1112
20026	1114	1	4	1	0	1120
20027	1121	0	0	3	0	1124
20028	6	2	0	1102	0	1110
20029	1	0	1134	6	0	1141
20030	1	1130	5	4	0	1140
20031	1	1152	2	3	0	1158
20032	0	1061	0	2	0	1063
20033	1	3	1080	2	0	1086
20034	5	8	3	1184	0	1200
20035	1217	0	12	3	0	1232
20036	1287	0	1	4	0	1292
20037	7	0	1	1356	0	1364
20038	4	1	1370	3	0	1378
20039	0	0	1366	3	0	1369
20040	0	1	6	1375	0	1382
20041	2	0	1401	2	0	1405
20042	1	1	3	1417	0	1422
20043	0	0	4	1375	0	1379
20044	0	1416	1	10	0	1427
20045	1	5	1	1419	0	1426
20046	0	3	1	1449	0	1453
20047	1442	0	0	8	0	1450
20048	6	1	0	1440	0	1447
20049	3	0	0	1440	0	1443
20050	1415	0	1	7	0	1423
20051	4	1418	1	3	0	1426
20052	1423	2	0	2	0	1427
20053	3	3	1424	1	0	1431
20054	1394	0	3	2	0	1399
20055	1387	0	3	1	0	1391
20056	7	2	1386	0	0	1395
20057	4	0	1369	1	0	1374
20058	1	3	6	1325	0	1335
20059	1320	1	3	4	0	1328
20060	3	0	1314	5	0	1322
20061	4	1	4	1288	0	1297
20062	1	1	1290	4	0	1296
20063	1	2	3	1273	0	1279
20064	2	1	5	1274	0	1282
20065	1279	0	3	8	0	1290
20066	1279	0	1	6	0	1286
20067	1277	0	2	0	0	1279
20068	7	0	1284	3	0	1294
20069	4	1	1272	3	0	1280
20070	1	2	12	1250	0	1265
20071	1	0	4	1263	0	1268
20072	1	0	3	1274	0	1278
20073	1250	1	2	9	0	1262
20074	2	1258	2	9	0	1271
20075	1217	4	1	3	0	1225
20076	1183	5	0	4	0	1192
20077	7	1216	0	4	0	1227
20078	6	1197	2	1	0	1206
20079	1181	6	1	2	0	1190
20080	5	4	1	1166	0	1176
20081	7	1181	1	4	0	1193
20082	3	4	3	1170	0	1180
20083	5	3	1162	6	0	1176
20084	4	0	4	1164	0	1172
20085	1159	1	7	2	0	1169
20086	6	1	1160	4	0	1171
20087	4	0	1159	4	0	1167
20088	6	11	9	1053	0	1079
20089	0	1140	4	5	0	1149
20090	2	1133	1	8	0	1144
20091	5	1132	3	1	0	1141
20092	1112	5	7	5	0	1129
20093	1099	3	2	5	0	1109
20094	1060	0	4	1	0	1065
20095	6	1079	3	5	0	1093
20096	1081	2	2	6	0	1091
20097	1076	3	2	3	0	1084
20098	6	2	1083	4	0	1095
20099	7	1045	3	2	0	1057
20100	3	5	6	1023	0	1037
20101	1024	4	0	7	0	1035
20102	6	1	1024	5	0	1036
20103	4	2	7	988	0	1001
20104	4	1020	6	5	0	1035
20105	3	3	2	1002	0	1010
20106	5	5	0	996	0	1006
20107	1000	3	3	6	0	1012
20108	988	4	1	7	0	1000
20109	7	1	4	988	0	1000
20110	6	2	978	5	0	991
20111	3	1	973	6	0	983
20112	961	2	10	3	0	976
20113	7	0	999	4	0	1010
20114	7	1	4	878	0	890
20115	1	948	6	5	0	960
20116	929	3	4	4	0	940
20117	3	943	4	2	0	952
20118	946	3	2	3	0	954
20119	6	4	1	937	0	948
20120	7	3	2	922	0	934
20121	931	3	2	4	0	940
20122	932	1	1	4	0	938
20123	11	1	2	931	0	945
20124	5	4	3	923	0	935
20125	3	3	918	5	0	929
20126	7	1	910	4	0	922
20127	901	0	7	5	0	913
20128	4	3	908	3	0	918
20129	868	2	3	5	0	878
20130	868	2	9	2	0	881
20131	9	1	852	5	0	867
20132	8	829	3	1	0	841
20133	4	798	6	0	0	808
20134	1	2	640	1	0	644
20135	12	39	11	528	0	590
20136	480	8	7	14	0	509
20137	459	0	0	0	0	459
20138	529	0	0	0	0	529
20139	633	0	0	0	0	633
20140	661	0	0	0	0	661
20141	8	686	0	0	0	694
20142	658	7	0	0	0	665
20143	7	655	0	0	0	662
20144	625	6	2	0	0	633
20145	6	2	618	0	0	626
20146	3	0	6	597	0	606
20147	0	1	2	588	0	591
20148	0	600	0	7	0	607
20149	602	6	0	2	0	610
20150	609	2	0	0	0	611
20151	8	0	0	605	0	613
20152	2	0	0	611	0	613
20153	601	0	0	8	0	609
20154	6	4	0	597	0	607
20155	2	0	0	604	0	606
20156	602	0	0	8	0	610
20157	6	0	0	598	0	604
20158	601	0	0	5	0	606
20159	603	0	0	3	0	606
20160	9	0	597	0	0	606
20161	603	0	6	0	0	609
20162	592	0	2	0	0	594
20163	591	0	0	0	0	591
20164	7	0	576	0	0	583
20165	2	0	6	569	0	577
20166	0	0	2	578	0	580
20167	0	0	575	8	0	583
20168	568	0	6	2	0	576
20169	5	0	2	561	0	568
20170	2	0	559	6	0	567
20171	0	0	575	2	0	577
20172	0	0	8	567	0	575
20173	0	0	576	6	0	582
20174	0	0	6	571	0	577
20175	0	0	2	575	0	577
20176	0	0	568	8	0	576
20177	1	0	6	541	0	548
20178	0	558	2	4	0	564
20179	0	569	0	2	0	571
20180	556	7	0	0	0	563
20181	557	2	0	0	0	559
20182	7	552	0	0	0	559
20183	550	6	0	0	0	556
20184	554	2	0	0	0	556
20185	7	0	0	546	0	553
20186	2	0	0	553	0	555
20187	538	0	0	8	0	546
20188	6	536	0	3	0	545
20189	2	537	0	0	0	539
20190	0	8	0	536	0	544
20191	0	2	533	5	0	540
20192	508	0	7	2	0	517
20193	515	0	2	0	0	517
20194	504	0	0	0	0	504
20195	8	502	0	0	0	510
20196	2	6	0	489	0	497
20197	0	2	0	504	0	506
20198	492	0	0	6	0	498
20199	7	492	0	2	0	501
20200	2	6	0	482	0	490
20201	1	2	0	493	0	496
20202	0	1	0	493	0	494
20203	483	2	0	8	0	493
20204	6	488	0	2	0	496
20205	3	6	0	466	0	475
20206	0	488	1	5	0	494
20207	480	5	0	3	0	488
20208	6	2	484	1	0	493
20209	475	1	6	1	0	483
20210	7	0	466	0	0	473
20211	3	6	6	432	0	447
20212	436	0	2	4	0	442
20213	6	0	423	3	0	432
20214	422	1	5	1	0	429
20215	422	0	2	2	0	426
20216	424	0	0	1	0	425
20217	7	0	0	411	0	418
20218	3	0	0	410	0	413
20219	2	0	0	412	0	414
20220	405	0	0	8	0	413
20221	6	406	1	2	0	415
20222	397	5	0	0	0	402
20223	401	2	1	0	0	404
20224	9	0	391	0	0	400
20225	394	0	6	0	0	400
20226	400	0	2	1	0	403
20227	7	0	1	401	0	409
20228	2	0	1	400	0	403
20229	1	0	0	404	0	405
20230	393	0	1	8	0	402
20231	399	0	1	2	0	402
20232	382	0	1	0	0	383
20233	6	377	1	2	0	386
20234	2	350	2	0	0	354
20235	0	354	0	2	0	356
20236	342	6	1	1	0	350
20237	5	2	336	1	0	344
20238	4	1	260	1	0	266
20239	140	1	1	0	0	142
20240	0	0	155	0	0	155
20241	1	0	0	107	0	108
20242	0	114	0	0	0	114
20243	115	0	0	0	0	115
20244	115	0	0	0	0	115
20245	113	0	0	0	0	113
20246	0	0	0	124	0	124
20247	0	0	130	0	0	130
20248	0	0	125	0	0	125
20249	126	0	0	0	0	126
20250	131	0	0	0	0	131
20251	130	0	0	0	0	130
20252	0	0	0	130	0	130
20253	0	0	0	133	0	133
20254	0	0	137	0	0	137
20255	130	0	0	0	0	130
20256	0	0	0	139	0	139
20257	0	0	0	138	0	138
20258	0	0	0	139	0	139
20259	0	140	0	0	0	140
20260	0	0	0	139	0	139
20261	0	0	0	140	0	140
20262	141	0	0	0	0	141
20263	0	0	142	0	0	142
20264	139	0	0	0	0	139
20265	143	0	0	0	0	143
20266	0	0	0	141	0	141
20267	0	0	0	138	0	138
20268	139	0	0	0	0	139
20269	0	0	139	0	0	139
20270	0	140	0	0	0	140
20271	0	0	0	130	0	130
20272	130	0	0	0	0	130
20273	0	0	0	126	0	126
20274	0	0	126	0	0	126
20275	0	0	139	0	0	139
20276	136	0	0	0	0	136
20277	0	0	0	145	0	145
20278	0	0	148	0	0	148
20279	154	0	0	0	0	154
20280	163	0	0	0	0	163
20281	0	0	0	165	0	165
20282	0	0	0	162	0	162
20283	0	166	0	0	0	166
20284	176	0	0	0	0	176
20285	0	0	0	179	0	179
20286	0	0	0	181	0	181
20287	0	0	192	0	0	192
20288	184	0	0	0	0	184
20289	191	0	0	0	0	191
20290	0	192	0	0	0	192
20291	0	0	190	0	0	190
20292	0	0	192	0	0	192
20293	0	4	0	188	0	192
20294	198	0	0	0	0	198
20295	0	0	0	199	0	199
20296	214	0	0	0	0	214
20297	214	0	0	0	0	214
20298	221	0	0	0	0	221
20299	0	0	0	225	0	225
20300	0	0	0	227	0	227
20301	229	0	0	0	0	229
20302	0	0	237	0	0	237
20303	221	0	0	0	0	221
20304	225	0	0	0	0	225
20305	0	0	233	0	0	233
20306	0	0	232	0	0	232
20307	0	232	0	0	0	232
20308	1	1	0	231	0	233
20309	221	0	0	1	0	222
20310	0	0	0	238	0	238
20311	0	0	247	0	0	247
20312	0	246	0	0	0	246
20313	0	249	0	1	0	250
20314	0	0	0	259	0	259
20315	0	0	0	261	0	261
20316	0	267	0	0	0	267
20317	0	0	262	0	0	262
20318	255	0	0	0	0	255
20319	265	0	0	0	0	265
20320	0	271	0	0	0	271
20321	271	0	0	0	0	271
20322	0	0	0	267	0	267
20323	268	0	0	0	0	268
20324	0	0	0	264	0	264
20325	0	284	1	0	0	285
20326	1	0	285	0	0	286
20327	0	0	0	308	0	308
20328	0	0	0	309	0	309
20329	0	0	0	318	0	318
20330	326	0	0	1	0	327
20331	0	0	0	328	0	328
20332	0	0	350	0	0	350
20333	0	1	367	0	0	368
20334	374	0	0	1	0	375
20335	0	0	390	0	0	390
20336	389	0	0	1	0	390
20337	0	0	0	417	0	417
20338	0	0	0	432	0	432
20339	0	0	0	458	0	458
20340	0	1	0	459	0	460
20341	456	0	0	1	0	457
20342	1	0	467	1	0	469
20343	1	0	1	456	0	458
20344	0	471	1	1	0	473
20345	470	1	0	1	0	472
20346	1	1	0	454	0	456
20347	455	0	0	1	0	456
20348	1	0	463	1	0	465
20349	1	0	1	455	0	457
20350	0	464	1	1	0	466
20351	462	1	0	1	0	464
20352	1	1	469	0	0	471
20353	1	0	1	462	0	464
20354	0	0	1	461	0	462
20355	458	0	0	2	0	460
20356	1	0	458	1	0	460
20357	1	0	462	0	0	463
20358	0	0	2	461	0	463
20359	0	1	464	1	0	466
20360	2	0	465	1	0	468
20361	0	0	2	462	0	464
20362	0	0	1	464	0	465
20363	0	0	0	479	0	479
20364	474	1	0	2	0	477
20365	2	481	0	1	0	484
20366	481	1	0	0	0	482
20367	1	1	0	479	0	481
20368	1	484	0	1	0	486
20369	0	1	0	488	0	489
20370	507	2	0	2	0	511
20371	2	536	0	1	0	539
20372	1	2	0	543	0	546
20373	0	1	545	4	0	550
20374	542	0	2	2	0	546
20375	2	0	1	540	0	543
20376	1	0	0	542	0	543
20377	0	0	537	3	0	540
20378	1	0	535	2	0	538
20379	513	0	4	0	0	517
20380	3	515	2	2	0	522
20381	1	2	0	514	0	517
20382	515	2	0	3	0	520
20383	3	0	513	2	0	518
20384	1	500	3	3	0	507
20385	1	2	1	498	0	502
20386	503	1	1	2	0	507
20387	493	0	0	2	0	495
20388	494	1	1	0	0	496
20389	4	488	1	0	0	493
20390	1	2	491	2	0	496
20391	1	1	3	489	0	494
20392	1	0	3	466	0	470
20393	0	0	0	488	0	488
20394	0	1	0	482	0	483
20395	478	0	0	4	0	482
20396	466	0	1	1	0	468
20397	3	1	467	1	0	472
20398	2	0	458	1	0	461
20399	448	0	3	1	0	452
20400	448	1	3	0	0	452
20401	3	0	2	439	0	444
20402	2	442	0	3	0	447
20403	440	3	2	1	0	446
20404	3	437	1	1	0	442
20405	1	442	1	1	0	445
20406	1	3	0	443	0	447
20407	0	1	0	446	0	447
20408	1	0	0	443	0	444
20409	1	1	1	437	0	440
20410	1	0	436	3	0	440
20411	421	0	2	2	0	425
20412	428	4	1	0	0	433
20413	4	0	0	421	0	425
20414	3	0	0	418	0	421
20415	417	1	1	3	0	422
20416	2	1	414	2	0	419
20417	417	0	3	1	0	421
20418	420	1	1	1	0	423
20419	5	0	414	0	0	419
20420	415	0	3	1	0	419
20421	2	1	2	412	0	417
20422	1	0	2	420	0	423
20423	2	0	0	419	0	421
20424	0	1	1	416	0	418
20425	393	0	1	4	0	398
20426	3	0	0	385	0	388
20427	2	0	2	353	0	357
20428	1	343	1	3	0	348
20429	0	348	1	2	0	351
20430	0	3	1	339	0	343
20431	336	1	0	3	0	340
20432	3	1	0	310	0	314
20433	1	0	288	3	0	292
20434	0	1	277	1	0	279
20435	271	0	3	0	0	274
20436	2	271	1	0	0	274
20437	245	2	3	0	0	250
20438	1	1	241	1	0	244
20439	6	11	2	197	0	216
20440	193	0	1	2	0	196
20441	1	192	0	1	0	194
20442	184	1	1	0	0	186
20443	2	0	199	0	0	201
20444	1	0	2	190	0	193
20445	0	0	0	195	0	195
20446	202	0	0	1	0	203
20447	197	0	0	1	0	198
20448	201	0	0	0	0	201
20449	202	0	0	0	0	202
20450	199	0	0	0	0	199
20451	1	200	0	0	0	201
20452	0	1	0	197	0	198
20453	201	0	0	1	0	202
20454	1	0	0	200	0	201
20455	0	0	0	201	0	201
20456	0	0	0	200	0	200
20457	0	200	0	1	0	201
20458	197	1	0	0	0	198
20459	1	0	0	196	0	197
20460	196	0	0	1	0	197
20461	192	0	0	0	0	192
20462	1	192	0	0	0	193
20463	187	1	0	1	0	189
20464	1	0	184	0	0	185
20465	182	0	1	0	0	183
20466	1	1	4	181	0	187
20467	0	1	197	0	0	198
20468	0	198	1	0	0	199
20469	0	0	199	0	0	199
20470	0	185	0	0	0	185
20471	160	1	5	1	0	167
20472	159	0	1	0	0	160
20473	158	0	0	0	0	158
20474	0	156	0	0	0	156
20475	152	0	0	0	0	152
20476	0	0	152	0	0	152
20477	0	1	161	0	0	162
20478	0	0	0	164	0	164
20479	0	0	0	167	0	167
20480	0	165	0	0	0	165
20481	166	0	0	0	0	166
20482	0	0	0	172	0	172
20483	0	180	0	0	0	180
20484	0	0	0	188	0	188
20485	187	0	0	0	0	187
20486	188	0	0	0	0	188
20487	1	0	185	0	0	186
20488	1	0	0	185	0	186
20489	0	0	189	0	0	189
20490	0	1	0	191	0	192
20491	1	0	191	0	0	192
20492	0	0	0	189	0	189
20493	0	0	196	0	0	196
20494	0	0	0	196	0	196
20495	0	0	209	0	0	209
20496	0	0	0	207	0	207
20497	1	0	0	207	0	208
20498	0	221	0	0	0	221
20499	0	0	0	225	0	225
20500	0	0	224	0	0	224
20501	0	0	0	219	0	219
20502	0	0	0	224	0	224
20503	229	0	0	0	0	229
20504	0	0	0	230	0	230
20505	0	0	0	226	0	226
20506	0	0	226	0	0	226
20507	226	0	0	0	0	226
20508	0	0	0	231	0	231
20509	0	0	0	231	0	231
20510	0	0	0	230	0	230
20511	230	0	0	0	0	230
20512	0	0	0	233	0	233
20513	0	0	0	230	0	230
20514	232	0	0	0	0	232
20515	0	229	0	0	0	229
20516	0	0	0	225	0	225
20517	0	0	0	225	0	225
20518	0	1	227	0	0	228
20519	193	0	0	1	0	194
20520	0	0	0	227	0	227
20521	0	0	222	0	0	222
20522	222	0	0	0	0	222
20523	0	0	0	225	0	225
20524	0	0	0	235	0	235
20525	0	0	0	233	0	233
20526	0	0	0	241	0	241
20527	0	0	260	0	0	260
20528	0	0	0	268	0	268
20529	0	0	0	344	0	344
20530	0	0	394	2	0	396
20531	411	0	2	0	0	413
20532	419	0	1	0	0	420
20533	420	0	0	0	0	420
20534	3	0	0	415	0	418
20535	423	0	0	2	0	425
20536	430	0	0	1	0	431
20537	3	0	0	436	0	439
20538	441	0	0	2	0	443
20539	436	0	0	0	0	436
20540	438	0	0	1	0	439
20541	434	0	0	0	0	434
20542	3	0	0	429	0	432
20543	1	413	0	2	0	416
20544	0	420	0	1	0	421
20545	0	423	0	0	0	423
20546	413	3	0	0	0	416
20547	430	1	0	0	0	431
20548	3	0	426	0	0	429
20549	429	0	2	0	0	431
20550	2	0	1	434	0	437
20551	0	0	0	434	0	434
20552	0	0	0	434	0	434
20553	429	0	0	3	0	432
20554	2	0	0	426	0	428
20555	1	426	0	2	0	429
20556	0	2	0	429	0	431
20557	0	1	440	2	0	443
20558	0	0	2	438	0	440
20559	438	0	1	2	0	441
20560	2	1	438	1	0	442
20561	1	0	2	436	0	439
20562	0	0	1	433	0	434
20563	0	0	0	430	0	430
20564	0	440	0	3	0	443
20565	0	2	0	434	0	436
20566	436	1	0	2	0	439
20567	424	0	0	0	0	424
20568	3	0	422	0	0	425
20569	1	0	423	0	0	424
20570	0	0	3	416	0	419
20571	0	0	1	414	0	415
20572	0	0	409	4	0	413
20573	1	0	3	388	0	392
20574	1	409	2	1	0	413
20575	416	2	0	1	0	419
20576	410	1	0	0	0	411
20577	401	0	0	1	0	402
20578	4	0	403	0	0	407
20579	2	0	2	403	0	407
20580	1	0	408	2	0	411
20581	392	0	4	1	0	397
20582	4	400	1	0	0	405
20583	2	2	1	393	0	398
20584	387	1	0	3	0	391
20585	3	0	0	380	0	383
20586	1	1	1	397	0	400
20587	2	1	393	4	0	400
20588	380	1	3	2	0	386
20589	6	393	3	1	0	403
20590	4	2	1	392	0	399
20591	394	1	1	3	0	399
20592	6	0	0	393	0	399
20593	387	1	0	4	0	392
20594	4	389	0	3	0	396
20595	388	2	0	2	0	392
20596	7	1	384	1	0	393
20597	389	0	3	2	0	394
20598	376	2	1	1	0	380
20599	375	1	0	2	0	378
20600	5	0	0	370	0	375
20601	2	2	0	362	0	366
20602	4	1	0	367	0	372
20603	1	364	1	3	0	369
20604	360	5	1	2	0	368
20605	5	1	0	357	0	363
20606	3	0	2	359	0	364
20607	2	1	1	358	0	362
20608	358	0	1	6	0	365
20609	4	0	0	365	0	369
20610	2	0	361	7	0	370
20611	1	360	3	4	0	368
20612	1	2	2	365	0	370
20613	1	3	0	365	0	369
20614	0	1	0	370	0	371
20615	2	1	366	4	0	373
20616	1	0	368	3	0	372
20617	1	1	5	366	0	373
20618	3	0	386	4	0	393
20619	2	0	3	386	0	391
20620	389	1	2	5	0	397
20621	394	0	1	4	0	399
20622	396	1	1	3	0	401
20623	4	1	394	2	0	401
20624	384	0	3	1	0	388
20625	5	1	2	385	0	393
20626	4	0	387	4	0	395
20627	3	0	373	1	0	377
20628	0	358	5	3	0	366
20629	0	288	2	0	0	290
20630	224	3	9	0	0	236
20631	1	0	0	213	0	214
20632	0	0	227	0	0	227
20633	0	0	0	231	0	231
20634	235	0	1	0	0	236
20635	0	0	255	0	0	255
20636	252	0	0	1	0	253
20637	266	0	1	0	0	267
20638	263	0	0	1	0	264
20639	1	264	0	0	0	265
20640	269	0	0	0	0	269
20641	1	0	0	278	0	279
20642	0	0	1	277	0	278
20643	1	0	0	276	0	277
20644	0	0	0	277	0	277
20645	275	0	1	0	0	276
20646	0	270	1	0	0	271
20647	0	262	0	0	0	262
20648	0	275	0	0	0	275
20649	274	0	1	0	0	275
20650	271	0	0	1	0	272
20651	269	0	1	0	0	270
20652	272	0	0	1	0	273
20653	1	0	0	276	0	277
20654	0	0	1	277	0	278
20655	277	0	0	0	0	277
20656	1	274	0	1	0	276
20657	266	0	0	0	0	266
20658	269	1	0	0	0	270
20659	1	0	0	273	0	274
20660	0	278	0	1	0	279
20661	0	0	0	281	0	281
20662	279	0	0	1	0	280
20663	0	0	283	1	0	284
20664	1	0	0	267	0	268
20665	0	287	0	0	0	287
20666	280	1	0	0	0	281
20667	279	1	0	0	0	280
20668	1	0	289	0	0	290
20669	1	278	0	0	0	279
20670	1	0	286	0	0	287
20671	1	0	0	286	0	287
20672	0	0	294	1	0	295
20673	0	0	289	1	0	290
20674	1	294	0	0	0	295
20675	294	1	0	0	0	295
20676	300	0	0	0	0	300
20677	1	312	0	0	0	313
20678	0	315	0	1	0	316
20679	0	1	301	0	0	302
20680	0	0	309	1	0	310
20681	1	0	311	0	0	312
20682	0	1	1	307	0	309
20683	0	0	315	1	0	316
20684	0	1	0	314	0	315
20685	1	0	0	309	0	310
20686	1	0	313	0	0	314
20687	0	313	1	0	0	314
20688	0	1	0	309	0	310
20689	308	0	1	0	0	309
20690	0	0	0	309	0	309
20691	0	0	311	0	0	311
20692	0	311	1	0	0	312
20693	0	323	0	0	0	323
20694	1	0	0	318	0	319
20695	314	0	0	0	0	314
20696	319	1	0	0	0	320
20697	0	1	0	324	0	325
20698	0	352	1	0	0	353
20699	0	6	1	347	0	354
20700	0	0	1	358	0	359
20701	0	0	0	362	0	362
20702	397	0	1	0	0	398
20703	0	402	0	1	0	403
20704	408	0	0	1	0	409
20705	410	0	1	0	0	411
20706	411	1	0	0	0	412
20707	422	0	0	1	0	423
20708	1	0	0	416	0	417
20709	0	0	418	1	0	419
20710	0	421	1	0	0	422
20711	422	0	0	0	0	422
20712	421	1	0	0	0	422
20713	430	0	0	1	0	431
20714	2	0	428	0	0	430
20715	417	0	1	0	0	418
20716	428	0	0	0	0	428
20717	1	4	0	424	0	429
20718	0	0	413	1	0	414
20719	0	410	1	1	0	412
20720	0	3	0	404	0	407
20721	407	0	1	1	0	409
20722	1	0	0	404	0	405
20723	0	0	0	411	0	411
20724	415	0	0	1	0	416
20725	1	0	422	0	0	423
20726	420	0	1	0	0	421
20727	420	1	0	0	0	421
20728	422	0	0	1	0	423
20729	424	0	0	0	0	424
20730	1	0	421	0	0	422
20731	0	0	1	416	0	417
20732	1	0	419	1	0	421
20733	0	0	1	406	0	407
20734	0	2	406	1	0	409
20735	356	0	3	1	0	360
20736	1	377	0	2	0	380
20737	0	369	2	2	0	373
20738	2	1	0	403	0	406
20739	0	1	0	412	0	413
20740	1	429	0	4	0	434
20741	428	1	0	1	0	430
20742	439	1	0	0	0	440
20743	456	0	0	0	0	456
20744	476	0	0	1	0	477
20745	4	0	1	480	0	485
20746	1	1	0	493	0	495
20747	498	0	0	3	0	501
20748	3	1	0	486	0	490
20749	2	0	479	2	0	483
20750	0	0	478	1	0	479
20751	1	0	3	481	0	485
20752	1	0	482	2	0	485
20753	471	0	2	2	0	475
20754	2	0	2	479	0	483
20755	484	0	0	2	0	486
20756	2	0	488	2	0	492
20757	2	0	2	486	0	490
20758	0	0	485	3	0	488
20759	0	483	2	2	0	487
20760	476	2	1	2	0	481
20761	472	1	1	0	0	474
20762	4	473	0	1	0	478
20763	469	2	0	0	0	471
20764	3	1	0	464	0	468
20765	1	0	0	463	0	464
20766	462	0	1	3	0	466
20767	2	455	0	4	0	461
20768	1	458	1	1	0	461
20769	0	4	0	454	0	458
20770	451	1	1	2	0	455
20771	451	0	0	1	0	452
20772	447	1	0	0	0	448
20773	4	1	439	0	0	444
20774	1	1	432	1	0	435
20775	0	433	3	2	0	438
20776	428	3	1	0	0	432
20777	3	2	0	419	0	424
20778	413	0	1	2	0	416
20779	413	0	1	1	0	415
20780	5	0	0	409	0	414
20781	2	0	409	3	0	414
20782	405	0	2	3	0	410
20783	3	0	1	407	0	411
20784	2	0	402	3	0	407
20785	396	0	4	2	0	402
20786	394	0	3	1	0	398
20787	3	0	1	394	0	398
20788	3	1	399	3	0	406
20789	2	0	3	386	0	391
20790	2	398	1	5	0	406
20791	2	3	399	2	0	406
20792	3	402	3	0	0	408
20793	391	2	2	2	0	397
20794	392	1	1	2	0	396
20795	393	2	0	1	0	396
20796	386	1	0	1	0	388
20797	6	1	0	372	0	379
20798	350	0	0	4	0	354
20799	3	1	1	347	0	352
20800	341	0	2	2	0	345
20801	3	342	0	4	0	349
20802	1	2	2	293	0	298
20803	2	295	0	6	0	303
20804	292	5	0	2	0	299
20805	298	3	0	0	0	301
20806	3	290	1	3	0	297
20807	3	2	0	283	0	288
20808	1	2	283	2	0	288
20809	2	3	2	272	0	279
20810	3	0	278	2	0	283
20811	2	0	3	259	0	264
20812	1	271	1	4	0	277
20813	266	1	1	0	0	268
20814	263	1	0	3	0	267
20815	5	0	0	264	0	269
20816	264	0	0	3	0	267
20817	0	1	2	262	0	265
20818	1	1	2	263	0	267
20819	1	0	0	266	0	267
20820	261	0	1	3	0	265
20821	261	1	1	1	0	264
20822	270	0	0	1	0	271
20823	5	261	1	0	0	267
20824	255	1	2	1	0	259
20825	2	242	1	1	0	246
20826	238	1	1	1	0	241
20827	2	3	0	236	0	241
20828	2	0	1	239	0	242
20829	239	1	0	2	0	242
20830	233	2	0	2	0	237
20831	4	234	1	1	0	240
20832	237	2	0	0	0	239
20833	3	1	0	231	0	235
20834	2	0	1	232	0	235
20835	231	0	0	2	0	233
20836	2	0	236	3	0	241
20837	2	232	2	1	0	237
20838	0	2	1	191	0	194
20839	0	0	172	1	0	173
20840	0	7	1	161	0	169
20841	164	0	0	1	0	165
20842	1	155	0	0	0	156
20843	0	133	0	0	0	133
20844	1	115	0	0	0	116
20845	4	6	3	94	0	107
20846	100	0	4	0	0	104
20847	0	0	0	96	0	96
20848	99	0	0	0	0	99
20849	100	0	0	0	0	100
20850	0	0	0	100	0	100
20851	100	0	0	0	0	100
20852	0	0	0	103	0	103
20853	0	0	107	0	0	107
20854	105	0	0	0	0	105
20855	0	0	113	0	0	113
20856	102	0	0	0	0	102
20857	0	0	106	0	0	106
20858	0	0	0	103	0	103
20859	0	0	0	104	0	104
20860	107	0	0	0	0	107
20861	0	0	0	107	0	107
20862	107	0	0	0	0	107
20863	0	106	0	0	0	106
20864	110	0	0	0	0	110
20865	0	0	0	117	0	117
20866	0	0	0	117	0	117
20867	0	0	0	116	0	116
20868	0	0	0	117	0	117
20869	0	0	120	0	0	120
20870	0	0	120	0	0	120
20871	0	0	0	117	0	117
20872	0	0	120	0	0	120
20873	0	119	0	0	0	119
20874	0	0	0	120	0	120
20875	0	1	122	0	0	123
20876	0	0	124	0	0	124
20877	0	3	0	126	0	129
20878	1	0	0	124	0	125
20879	0	129	0	0	0	129
20880	0	0	0	129	0	129
20881	0	0	134	0	0	134
20882	130	0	0	1	0	131
20883	0	0	0	136	0	136
20884	140	0	0	0	0	140
20885	137	0	0	0	0	137
20886	139	0	0	0	0	139
20887	0	0	138	0	0	138
20888	0	0	138	0	0	138
20889	128	0	0	0	0	128
20890	0	0	139	0	0	139
20891	0	0	0	133	0	133
20892	0	0	0	134	0	134
20893	0	0	137	0	0	137
20894	0	137	0	0	0	137
20895	134	0	0	0	0	134
20896	0	135	0	0	0	135
20897	0	141	0	0	0	141
20898	141	0	0	0	0	141
20899	0	0	148	0	0	148
20900	0	0	151	0	0	151
20901	0	0	0	143	0	143
20902	145	0	0	0	0	145
20903	0	150	0	0	0	150
20904	149	0	0	0	0	149
20905	0	0	160	0	0	160
20906	0	180	0	0	0	180
20907	0	0	0	182	0	182
20908	0	0	189	0	0	189
20909	0	0	0	189	0	189
20910	0	0	0	180	0	180
20911	0	0	0	183	0	183
20912	0	0	0	185	0	185
20913	182	0	0	0	0	182
20914	182	0	0	0	0	182
20915	0	0	185	0	0	185
20916	185	0	0	0	0	185
20917	0	181	0	0	0	181
20918	179	0	0	0	0	179
20919	0	0	184	0	0	184
20920	0	0	0	183	0	183
20921	0	0	190	0	0	190
20922	0	0	184	0	0	184
20923	0	0	0	183	0	183
20924	0	0	0	186	0	186
20925	0	0	185	0	0	185
20926	0	187	0	0	0	187
20927	0	187	0	0	0	187
20928	0	0	0	182	0	182
20929	183	0	0	0	0	183
20930	0	193	0	1	0	194
20931	0	0	196	0	0	196
20932	0	0	190	0	0	190
20933	0	0	191	0	0	191
20934	0	0	0	191	0	191
20935	192	0	0	0	0	192
20936	0	186	0	0	0	186
20937	0	0	186	0	0	186
20938	0	186	0	0	0	186
20939	0	0	0	185	0	185
20940	0	0	186	0	0	186
20941	0	186	0	0	0	186
20942	0	0	0	185	0	185
20943	0	0	0	186	0	186
20944	0	0	187	0	0	187
20945	0	0	0	180	0	180
20946	0	179	0	0	0	179
20947	0	0	179	0	0	179
20948	175	0	0	0	0	175
20949	0	0	0	176	0	176
20950	0	1	0	164	0	165
20951	0	171	0	2	0	173
20952	171	0	0	0	0	171
20953	0	0	167	0	0	167
20954	164	0	0	0	0	164
20955	0	0	0	162	0	162
20956	0	162	0	0	0	162
20957	0	0	0	165	0	165
20958	0	0	0	166	0	166
20959	165	0	0	0	0	165
20960	165	0	0	0	0	165
20961	0	0	0	166	0	166
20962	0	0	168	0	0	168
20963	166	0	0	0	0	166
20964	0	173	0	0	0	173
20965	0	0	0	170	0	170
20966	0	0	0	172	0	172
20967	0	0	0	172	0	172
20968	0	0	174	0	0	174
20969	0	0	0	170	0	170
20970	0	175	0	0	0	175
20971	0	0	0	168	0	168
20972	0	174	0	0	0	174
20973	0	0	0	174	0	174
20974	0	0	174	0	0	174
20975	164	0	0	0	0	164
20976	0	0	0	168	0	168
20977	0	0	163	0	0	163
20978	0	162	0	0	0	162
20979	161	0	0	0	0	161
20980	0	0	162	0	0	162
20981	155	0	0	0	0	155
20982	0	1	0	163	0	164
20983	0	0	0	163	0	163
20984	0	163	0	0	0	163
20985	164	0	0	0	0	164
20986	161	0	0	0	0	161
20987	0	173	0	0	0	173
20988	0	0	0	170	0	170
20989	0	0	0	169	0	169
20990	0	0	0	173	0	173
20991	0	0	172	1	0	173
20992	170	0	0	0	0	170
20993	0	0	0	175	0	175
20994	0	0	0	175	0	175
20995	0	0	174	0	0	174
20996	0	0	172	0	0	172
20997	0	0	0	173	0	173
20998	0	0	178	0	0	178
20999	168	3	0	0	0	171
21000	0	0	0	175	0	175
21001	0	0	0	179	0	179
21002	0	0	191	0	0	191
21003	0	0	0	194	0	194
21004	0	0	195	0	0	195
21005	0	186	0	0	0	186
21006	158	1	1	1	0	161
21007	154	0	0	0	0	154
21008	0	152	0	2	0	154
21009	0	0	0	162	0	162
21010	0	0	163	0	0	163
21011	0	1	0	162	0	163
21012	163	0	0	0	0	163
21013	0	166	0	0	0	166
21014	164	0	0	0	0	164
21015	0	0	0	166	0	166
21016	164	0	0	0	0	164
21017	0	165	0	0	0	165
21018	165	0	0	0	0	165
21019	0	0	162	0	0	162
21020	0	163	0	0	0	163
21021	0	0	0	146	0	146
21022	152	0	2	0	0	154
21023	154	0	0	0	0	154
21024	0	0	0	153	0	153
21025	159	0	0	0	0	159
21026	159	0	0	0	0	159
21027	160	0	0	0	0	160
21028	0	0	0	160	0	160
21029	0	0	162	0	0	162
21030	0	0	162	0	0	162
21031	0	0	160	0	0	160
21032	158	0	0	0	0	158
21033	0	0	0	159	0	159
21034	0	162	0	1	0	163
21035	0	0	0	159	0	159
21036	0	168	0	0	0	168
21037	169	0	0	0	0	169
21038	0	0	0	172	0	172
21039	0	0	0	182	0	182
21040	181	0	0	0	0	181
21041	0	0	0	185	0	185
21042	0	0	0	191	0	191
21043	198	0	0	0	0	198
21044	0	0	207	0	0	207
21045	0	0	0	208	0	208
21046	0	0	212	0	0	212
21047	206	0	0	0	0	206
21048	0	0	0	215	0	215
21049	216	0	0	0	0	216
21050	0	0	0	215	0	215
21051	0	0	228	0	0	228
21052	0	0	0	228	0	228
21053	230	0	0	0	0	230
21054	0	236	0	1	0	237
21055	0	0	236	0	0	236
21056	224	0	0	0	0	224
21057	0	234	0	0	0	234
21058	0	243	0	0	0	243
21059	0	266	0	0	0	266
21060	0	0	0	275	0	275
21061	284	0	0	1	0	285
21062	284	1	0	1	0	286
21063	1	0	284	0	0	285
21064	276	0	1	1	0	278
21065	0	276	0	0	0	276
21066	1	0	0	280	0	281
21067	297	0	1	0	0	298
21068	295	0	0	0	0	295
21069	295	0	1	0	0	296
21070	291	0	0	0	0	291
21071	294	0	0	1	0	295
21072	0	0	0	293	0	293
21073	0	0	296	1	0	297
21074	0	0	1	295	0	296
21075	0	0	0	302	0	302
21076	309	0	0	0	0	309
21077	0	305	0	0	0	305
21078	306	0	1	0	0	307
21079	305	0	0	0	0	305
21080	313	1	0	0	0	314
21081	309	1	0	1	0	311
21082	0	1	309	0	0	310
21083	305	0	0	1	0	306
21084	308	0	0	0	0	308
21085	294	0	0	0	0	294
21086	308	0	0	0	0	308
21087	1	0	0	299	0	300
21088	0	1	295	0	0	296
21089	293	0	0	2	0	295
21090	1	298	0	0	0	299
21091	2	0	0	290	0	292
21092	2	295	1	0	0	298
21093	0	0	0	300	0	300
21094	305	0	0	0	0	305
21095	302	0	0	1	0	303
21096	305	0	1	0	0	306
21097	0	0	298	1	0	299
21098	286	0	0	1	0	287
21099	0	0	288	0	0	288
21100	0	1	291	0	0	292
21101	1	0	296	0	0	297
21102	1	1	0	277	0	279
21103	1	0	0	276	0	277
21104	2	0	0	278	0	280
21105	0	0	1	285	0	286
21106	1	0	0	278	0	279
21107	1	0	0	284	0	285
21108	0	289	0	0	0	289
21109	279	0	0	0	0	279
21110	0	290	0	1	0	291
21111	0	0	1	295	0	296
21112	0	0	0	295	0	295
21113	292	1	0	0	0	293
21114	0	291	0	2	0	293
21115	290	1	0	0	0	291
21116	0	0	0	291	0	291
21117	0	0	0	290	0	290
21118	1	0	0	290	0	291
21119	1	2	292	0	0	295
21120	0	0	1	294	0	295
21121	1	0	294	0	0	295
21122	1	0	296	0	0	297
21123	0	0	304	0	0	304
21124	0	0	1	306	0	307
21125	1	0	0	309	0	310
21126	0	0	0	309	0	309
21127	319	0	0	1	0	320
21128	0	0	0	329	0	329
21129	338	0	0	1	0	339
21130	0	334	0	4	0	338
21131	361	1	0	0	0	362
21132	381	1	0	0	0	382
21133	1	398	0	0	0	399
21134	399	0	0	1	0	400
21135	398	1	4	1	0	404
21136	406	0	0	0	0	406
21137	402	1	1	0	0	404
21138	2	0	400	0	0	402
21139	1	384	0	0	0	385
21140	0	2	1	383	0	386
21141	382	1	0	0	0	383
21142	0	0	378	1	0	379
21143	1	372	0	0	0	373
21144	0	0	1	353	0	354
21145	0	365	1	0	0	366
21146	0	0	0	361	0	361
21147	0	1	1	372	0	374
21148	0	0	370	1	0	371
21149	0	0	363	2	0	365
21150	336	0	3	1	0	340
21151	0	0	355	1	0	356
21152	1	0	349	1	0	351
21153	0	0	1	344	0	345
21154	0	0	1	342	0	343
21155	0	354	0	1	0	355
21156	1	379	0	1	0	381
21157	0	2	376	0	0	378
21158	0	5	0	386	0	391
21159	0	0	378	1	0	379
21160	1	0	366	1	0	368
21161	0	358	1	0	0	359
21162	3	0	1	347	0	351
21163	358	1	0	1	0	360
21164	0	0	0	358	0	358
21165	359	0	0	1	0	360
21166	354	0	1	1	0	356
21167	347	0	0	1	0	348
21168	1	0	346	0	0	347
21169	346	0	1	0	0	347
21170	0	0	2	350	0	352
21171	351	0	0	1	0	352
21172	347	0	0	2	0	349
21173	1	349	0	1	0	351
21174	346	0	0	0	0	346
21175	0	1	356	1	0	358
21176	341	0	0	0	0	341
21177	346	1	1	0	0	348
21178	2	348	0	0	0	350
21179	349	0	0	0	0	349
21180	0	2	0	338	0	340
21181	2	0	0	336	0	338
21182	1	344	0	1	0	346
21183	1	0	0	346	0	347
21184	1	1	0	348	0	350
21185	0	0	350	1	0	351
21186	0	1	345	1	0	347
21187	334	0	1	2	0	337
21188	345	0	1	0	0	346
21189	1	0	1	349	0	351
21190	1	1	351	0	0	353
21191	0	353	1	2	0	356
21192	0	1	1	352	0	354
21193	0	1	361	1	0	363
21194	351	0	0	2	0	353
21195	0	0	2	360	0	362
21196	1	370	1	0	0	372
21197	1	6	0	368	0	375
21198	0	4	1	375	0	380
21199	0	0	1	386	0	387
21200	376	0	0	3	0	379
21201	1	0	0	374	0	375
21202	375	0	0	1	0	376
21203	370	0	0	2	0	372
21204	3	0	372	0	0	375
21205	2	377	1	0	0	380
21206	0	1	2	347	0	350
21207	0	397	0	1	0	398
21208	396	1	0	2	0	399
21209	1	2	0	394	0	397
21210	2	0	395	1	0	398
21211	0	0	393	3	0	396
21212	0	0	395	0	0	395
21213	390	1	3	0	0	394
21214	1	399	2	0	0	402
21215	392	1	1	0	0	394
21216	1	399	0	1	0	401
21217	2	1	1	401	0	405
21218	0	2	1	396	0	399
21219	0	405	0	3	0	408
21220	0	1	405	2	0	408
21221	1	409	1	0	0	411
21222	396	1	2	1	0	400
21223	2	2	0	378	0	382
21224	3	0	376	1	0	380
21225	1	0	374	2	0	377
21226	0	0	4	368	0	372
21227	1	0	363	1	0	365
21228	0	0	353	2	0	355
21229	337	0	2	0	0	339
21230	2	341	1	0	0	344
21231	311	2	0	0	0	313
21232	2	1	300	0	0	303
21233	1	297	1	0	0	299
21234	2	299	1	0	0	302
21235	1	4	0	295	0	300
21236	0	2	0	305	0	307
21237	1	0	0	309	0	310
21238	0	0	310	3	0	313
21239	0	0	1	311	0	312
21240	0	1	1	312	0	314
21241	310	0	0	2	0	312
21242	1	310	0	2	0	313
21243	1	1	1	312	0	315
21244	312	1	1	1	0	315
21245	311	0	0	1	0	312
21246	3	0	0	306	0	309
21247	1	0	304	1	0	306
21248	0	0	1	305	0	306
21249	0	1	304	3	0	308
21250	309	0	0	2	0	311
21251	330	0	2	0	0	332
21252	3	0	0	347	0	350
21253	1	0	347	1	0	349
21254	0	364	1	1	0	366
21255	0	2	365	0	0	367
21256	1	3	1	319	0	324
21257	0	337	1	2	0	340
21258	311	1	0	2	0	314
21259	1	1	0	307	0	309
21260	1	312	0	2	0	315
21261	322	1	0	1	0	324
21262	2	1	0	313	0	316
21263	1	323	0	1	0	325
21264	0	1	0	325	0	326
21265	0	1	323	1	0	325
21266	310	0	1	1	0	312
21267	316	0	1	0	0	317
21268	2	0	318	0	0	320
21269	1	318	1	0	0	320
21270	314	1	1	0	0	316
21271	1	2	0	313	0	316
21272	1	0	0	314	0	315
21273	0	0	0	318	0	318
21274	0	0	0	320	0	320
21275	0	0	0	307	0	307
21276	304	0	0	2	0	306
21277	307	0	0	1	0	308
21278	2	0	0	308	0	310
21279	1	0	0	310	0	311
21280	0	0	309	3	0	312
21281	0	0	308	2	0	310
21282	296	0	3	0	0	299
21283	1	0	2	296	0	299
21284	2	0	296	1	0	299
21285	0	0	1	296	0	297
21286	293	0	2	1	0	296
21287	295	0	0	2	0	297
21288	3	0	0	294	0	297
21289	2	0	0	292	0	294
21290	290	0	0	3	0	293
21291	1	0	0	286	0	287
21292	2	285	0	1	0	288
21293	0	1	0	274	0	275
21294	0	2	0	275	0	277
21295	0	0	267	3	0	270
21296	0	0	262	1	0	263
21297	0	263	2	0	0	265
21298	248	0	1	3	0	252
21299	249	1	0	0	0	250
21300	250	0	0	0	0	250
21301	1	248	1	0	0	250
21302	2	247	0	0	0	249
21303	247	1	0	0	0	248
21304	0	246	0	1	0	247
21305	1	0	232	0	0	233
21306	0	236	0	0	0	236
21307	0	0	223	0	0	223
21308	212	2	0	0	0	214
21309	213	1	2	0	0	216
21310	2	216	0	0	0	218
21311	213	0	0	1	0	214
21312	238	2	0	0	0	240
21313	240	0	0	1	0	241
21314	1	0	0	240	0	241
21315	242	1	0	0	0	243
21316	0	0	238	3	0	241
21317	236	1	1	0	0	238
21318	1	0	1	239	0	241
21319	2	1	232	0	0	235
21320	1	0	233	1	0	235
21321	1	1	1	228	0	231
21322	1	0	2	231	0	234
21323	231	1	0	2	0	234
21324	1	0	0	230	0	231
21325	1	0	229	2	0	232
21326	0	0	0	224	0	224
21327	0	228	1	2	0	231
21328	232	0	0	2	0	234
21329	1	1	0	233	0	235
21330	2	0	234	1	0	237
21331	1	234	0	2	0	237
21332	225	0	2	1	0	228
21333	0	1	1	217	0	219
21334	2	0	211	0	0	213
21335	0	206	1	2	0	209
21336	196	0	3	1	0	200
21337	191	1	0	2	0	194
21338	194	0	1	0	0	195
21339	2	0	0	192	0	194
21340	2	0	0	192	0	194
21341	190	0	0	1	0	191
21342	1	191	0	2	0	194
21343	187	0	0	2	0	189
21344	1	2	0	185	0	188
21345	185	0	0	2	0	187
21346	0	1	0	189	0	190
21347	1	0	1	184	0	186
21348	1	0	1	185	0	187
21349	1	1	1	188	0	191
21350	0	0	178	1	0	179
21351	0	1	158	1	0	160
21352	133	0	1	0	0	134
21353	0	0	138	0	0	138
21354	1	0	107	0	0	108
21355	102	0	1	0	0	103
21356	103	0	1	0	0	104
21357	1	0	0	112	0	113
21358	117	0	0	0	0	117
21359	0	118	0	1	0	119
21360	121	0	0	0	0	121
21361	119	1	0	0	0	120
21362	120	0	0	0	0	120
21363	1	0	0	111	0	112
21364	1	112	0	0	0	113
21365	0	109	0	1	0	110
21366	108	1	0	0	0	109
21367	104	1	0	0	0	105
21368	1	0	0	103	0	104
21369	1	0	0	103	0	104
21370	0	106	0	1	0	107
21371	106	0	0	1	0	107
21372	0	1	106	0	0	107
21373	1	0	0	103	0	104
21374	0	0	1	103	0	104
21375	0	0	106	1	0	107
21376	0	0	0	107	0	107
21377	0	102	1	1	0	104
21378	0	0	0	103	0	103
21379	0	0	0	102	0	102
21380	0	100	0	1	0	101
21381	0	100	0	0	0	100
21382	0	0	0	100	0	100
21383	100	0	0	0	0	100
21384	0	0	0	102	0	102
21385	0	0	0	102	0	102
21386	0	106	0	0	0	106
21387	0	1	0	106	0	107
21388	0	0	0	105	0	105
21389	0	0	0	107	0	107
21390	107	0	0	0	0	107
21391	0	0	0	108	0	108
21392	0	0	0	106	0	106
21393	0	0	0	107	0	107
21394	0	0	107	0	0	107
21395	101	0	0	0	0	101
21396	0	106	0	0	0	106
21397	103	0	0	0	0	103
21398	0	0	0	102	0	102
21399	0	0	106	0	0	106
21400	102	0	0	0	0	102
21401	0	0	124	0	0	124
21402	0	0	0	126	0	126
21403	126	0	0	0	0	126
21404	131	0	0	0	0	131
21405	134	0	0	0	0	134
21406	0	0	0	127	0	127
21407	0	0	0	134	0	134
21408	0	0	0	133	0	133
21409	0	132	0	0	0	132
21410	0	125	0	0	0	125
21411	0	126	0	0	0	126
21412	0	111	0	0	0	111
21413	0	0	0	109	0	109
21414	0	0	0	108	0	108
21415	108	0	0	0	0	108
21416	107	0	0	0	0	107
21417	114	0	0	0	0	114
21418	0	0	0	116	0	116
21419	0	0	0	117	0	117
21420	117	0	0	0	0	117
21421	117	0	0	0	0	117
21422	0	0	124	0	0	124
21423	0	0	130	0	0	130
21424	0	0	133	0	0	133
21425	0	0	142	0	0	142
21426	0	0	0	141	0	141
21427	141	0	0	0	0	141
21428	0	139	0	0	0	139
21429	0	0	0	140	0	140
21430	0	0	146	0	0	146
21431	0	158	0	0	0	158
21432	0	0	0	159	0	159
21433	0	0	166	0	0	166
21434	0	0	0	165	0	165
21435	0	0	0	170	0	170
21436	167	0	0	0	0	167
21437	0	0	0	171	0	171
21438	0	0	169	0	0	169
21439	0	0	0	170	0	170
21440	0	183	0	0	0	183
21441	0	0	0	191	0	191
21442	0	0	0	197	0	197
21443	0	0	0	199	0	199
21444	205	0	0	0	0	205
21445	210	0	0	0	0	210
21446	214	0	0	0	0	214
21447	216	0	0	0	0	216
21448	0	0	219	0	0	219
21449	216	0	0	0	0	216
21450	218	0	0	0	0	218
21451	0	0	219	0	0	219
21452	0	0	242	0	0	242
21453	0	0	0	238	0	238
21454	0	248	0	1	0	249
21455	257	0	0	0	0	257
21456	262	1	0	0	0	263
21457	264	0	0	0	0	264
21458	0	0	0	261	0	261
21459	0	279	0	1	0	280
21460	291	0	0	0	0	291
21461	293	0	0	0	0	293
21462	0	0	1	292	0	293
21463	0	0	288	0	0	288
21464	295	0	1	0	0	296
21465	0	0	1	306	0	307
21466	311	0	0	1	0	312
21467	1	0	0	322	0	323
21468	0	0	335	0	0	335
21469	353	0	0	2	0	355
21470	0	0	1	365	0	366
21471	0	1	0	371	0	372
21472	0	0	0	370	0	370
21473	0	0	1	371	0	372
21474	377	0	0	1	0	378
21475	0	0	0	376	0	376
21476	1	382	0	0	0	383
21477	0	0	0	386	0	386
21478	0	392	1	0	0	393
21479	0	0	0	402	0	402
21480	0	1	0	407	0	408
21481	0	417	0	1	0	418
21482	0	0	0	418	0	418
21483	0	0	0	419	0	419
21484	413	0	0	0	0	413
21485	1	0	445	0	0	446
21486	1	0	0	462	0	463
21487	462	0	0	0	0	462
21488	460	0	1	0	0	461
21489	463	0	0	0	0	463
21490	2	0	464	1	0	467
21491	0	2	486	1	0	489
21492	0	0	1	503	0	504
21493	509	0	0	0	0	509
21494	0	1	511	0	0	512
21495	503	1	0	0	0	504
21496	0	529	0	0	0	529
21497	0	0	0	551	0	551
21498	0	0	0	569	0	569
21499	572	1	0	0	0	573
21500	1	0	0	576	0	577
21501	574	0	0	0	0	574
21502	584	0	0	1	0	585
21503	0	0	1	586	0	587
21504	1	0	0	585	0	586
21505	593	0	0	1	0	594
21506	1	0	633	0	0	634
21507	641	0	0	1	0	642
21508	0	0	690	0	0	690
21509	703	0	0	0	0	703
21510	747	0	0	1	0	748
21511	747	0	0	0	0	747
21512	736	0	0	1	0	737
21513	0	745	1	4	0	750
21514	770	0	0	0	0	770
21515	770	0	0	0	0	770
21516	0	821	0	0	0	821
21517	828	0	1	0	0	829
21518	0	0	822	0	0	822
21519	812	0	0	0	0	812
21520	0	2	843	0	0	845
21521	0	0	0	845	0	845
21522	0	1	0	840	0	841
21523	0	0	851	0	0	851
21524	0	0	0	847	0	847
21525	0	1	0	801	0	802
21526	887	0	0	0	0	887
21527	0	0	0	894	0	894
21528	0	0	0	915	0	915
21529	0	0	0	907	0	907
21530	0	903	0	0	0	903
21531	0	0	0	911	0	911
21532	913	0	0	0	0	913
21533	0	0	935	0	0	935
21534	1	0	0	951	0	952
21535	0	3	951	0	0	954
21536	948	0	1	0	0	949
21537	0	0	0	1011	0	1011
21538	1	0	1272	0	0	1273
21539	0	3	5	1274	0	1282
21540	0	0	3	1288	0	1291
21541	0	1314	3	6	0	1323
21542	0	6	1	1343	0	1350
21543	0	3	0	1440	0	1443
21544	4	2	1450	8	0	1464
21545	0	1	6	1448	0	1455
21546	0	0	3	1470	0	1473
21547	1451	0	2	9	0	1462
21548	1445	0	2	5	0	1452
21549	9	1454	0	3	0	1466
21550	1468	6	0	1	0	1475
21551	1457	2	0	1	0	1460
21552	10	1587	0	2	0	1599
21553	4	7	0	1579	0	1590
21554	1601	3	0	6	0	1610
21555	1608	2	0	3	0	1613
21556	1591	1	0	2	0	1594
21557	10	1596	0	5	0	1611
21558	7	6	1622	0	0	1635
21559	1640	3	7	1	0	1651
21560	1642	2	3	2	0	1649
21561	10	1675	2	1	0	1688
21562	1678	7	2	1	0	1688
21563	1686	2	0	3	0	1691
21564	11	1	2	1674	0	1688
21565	6	1	1725	6	0	1738
21566	4	0	7	1745	0	1756
21567	2	0	3	1759	0	1764
21568	2	0	2	1756	0	1760
21569	1	1	1732	12	0	1746
21570	1	1	6	1698	0	1706
21571	3	0	3	1726	0	1732
21572	1	2	2	1736	0	1741
21573	0	1	1	1742	0	1744
21574	1	0	0	1750	0	1751
21575	2	1754	1	15	0	1772
21576	2	6	0	1760	0	1768
21577	1	4	0	1804	0	1809
21578	2	3	1806	12	0	1823
21579	1	3	8	1910	0	1922
21580	2	1	3	1933	0	1939
21581	1	2	2	1993	0	1998
21582	1	2	1	2034	0	2038
21583	2046	1	0	18	0	2065
21584	14	0	0	2060	0	2074
21585	5	0	1	2051	0	2057
21586	2	1	2018	17	0	2038
21587	2	1992	11	9	0	2014
21588	1	2026	5	4	0	2036
21589	2005	13	6	3	0	2027
21590	12	2019	3	6	0	2040
21591	3	13	2	1988	0	2006
21592	1973	7	0	15	0	1995
21593	12	3	2000	10	0	2025
21594	5	1	12	1976	0	1994
21595	2	2018	7	13	0	2040
21596	1	12	3	1986	0	2002
21597	0	2005	1	19	0	2025
21598	2	13	2	2005	0	2022
21599	1990	5	1	17	0	2013
21600	11	5	2055	10	0	2081
21601	7	2	12	1980	0	2001
21602	4	2054	5	17	0	2080
21603	2038	15	3	8	0	2064
21604	14	5	2044	7	0	2070
21605	9	2	12	2015	0	2038
21606	4	1	1977	15	0	1997
21607	2	0	15	1953	0	1970
21608	3	3	1919	16	0	1941
21609	3	3	17	1866	0	1889
21610	4	1	6	1872	0	1883
21611	1839	1	3	21	0	1864
21612	1847	3	3	9	0	1862
21613	21	2	1	1830	0	1854
21614	12	1830	1	15	0	1858
21615	4	14	1	1831	0	1850
21616	4	6	2	1801	0	1813
21617	1758	3	1	23	0	1785
21618	13	1771	1	14	0	1799
21619	1753	12	3	12	0	1780
21620	1737	6	4	4	0	1751
21621	17	1735	1	7	0	1760
21622	6	1759	1	8	0	1774
21623	1717	16	1	6	0	1740
21624	18	7	1718	7	0	1750
21625	1686	2	15	7	0	1710
21626	1682	2	8	3	0	1695
21627	18	1674	5	9	0	1706
21628	10	14	2	1555	0	1581
21629	4	1661	5	15	0	1685
21630	1644	15	1	14	0	1674
21631	1647	8	3	8	0	1666
21632	19	4	2	1617	0	1642
21633	8	8	1	1625	0	1642
21634	1570	0	3	22	0	1595
21635	13	1584	3	14	0	1614
21636	6	1576	1	11	0	1594
21637	7	1519	2	7	0	1535
21638	1	1204	1	4	0	1210
21639	0	1202	1	6	0	1209
21640	6	22	2	1156	0	1186
21641	1	4	1135	13	0	1153
21642	2	1109	6	13	0	1130
21643	1017	11	5	1	0	1034
21644	9	3	1	995	0	1008
21645	994	3	2	7	0	1006
21646	9	988	1	6	0	1004
21647	984	9	2	2	0	997
21648	8	998	2	4	0	1012
21649	6	7	4	993	0	1010
21650	993	3	4	9	0	1009
21651	995	0	2	6	0	1003
21652	9	2	2	992	0	1005
21653	4	0	1	992	0	997
21654	1	988	0	11	0	1000
21655	3	8	0	976	0	987
21656	5	5	1	975	0	986
21657	2	9	1	958	0	970
21658	3	937	0	14	0	954
21659	885	9	1	3	0	898
21660	10	887	0	4	0	901
21661	854	8	1	2	0	865
21662	10	852	1	2	0	865
21663	2	10	847	1	0	860
21664	2	4	6	831	0	843
21665	3	1	803	6	0	813
21666	2	1	794	3	0	800
21667	3	1	9	768	0	781
21668	5	1	772	6	0	784
21669	2	1	8	755	0	766
21670	3	2	1	763	0	769
21671	5	3	1	766	0	775
21672	762	3	1	9	0	775
21673	10	2	1	756	0	769
21674	3	1	1	746	0	751
21675	714	2	1	8	0	725
21676	10	724	0	4	0	738
21677	3	676	1	0	0	680
21678	2	658	0	2	0	662
21679	3	36	0	484	0	523
21680	3	4	503	1	0	511
21681	391	14	10	5	0	420
21682	3	401	1	3	0	408
21683	369	2	2	1	0	374
21684	363	2	0	1	0	366
21685	366	1	0	2	0	369
21686	3	3	370	0	0	376
21687	2	2	1	367	0	372
21688	2	2	1	366	0	371
21689	2	1	0	370	0	373
21690	1	1	0	364	0	366
21691	1	368	1	3	0	373
21692	356	2	0	2	0	360
21693	2	1	345	0	0	348
21694	325	0	1	1	0	327
21695	3	4	1	304	0	312
21696	1	306	0	1	0	308
21697	1	311	0	1	0	313
21698	4	25	3	245	0	277
21699	1	265	0	2	0	268
21700	211	0	0	0	0	211
21701	1	0	213	0	0	214
21702	0	0	0	192	0	192
21703	0	0	0	192	0	192
21704	0	1	0	193	0	194
21705	0	0	0	194	0	194
21706	197	0	0	1	0	198
21707	0	2	0	213	0	215
21708	246	1	0	1	0	248
21709	2	0	0	264	0	266
21710	0	1	0	282	0	283
21711	2	303	0	1	0	306
21712	308	2	0	1	0	311
21713	311	2	1	0	0	314
21714	2	314	0	1	0	317
21715	2	2	1	293	0	298
21716	2	297	1	1	0	301
21717	293	3	0	1	0	297
21718	1	1	299	1	0	302
21719	1	1	292	2	0	296
21720	278	0	3	0	0	281
21721	1	293	3	0	0	297
21722	1	1	1	295	0	298
21723	1	1	1	292	0	295
21724	0	1	299	3	0	303
21725	0	0	1	300	0	301
21726	0	0	1	300	0	301
21727	1	296	1	2	0	300
21728	0	1	0	298	0	299
21729	0	1	0	298	0	299
21730	291	1	0	2	0	294
21731	1	293	0	1	0	295
21732	1	292	0	1	0	294
21733	0	3	0	291	0	294
21734	0	2	0	293	0	295
21735	1	1	1	291	0	294
21736	1	289	0	5	0	295
21737	0	2	0	294	0	296
21738	1	1	0	294	0	296
21739	1	1	0	303	0	305
21740	1	0	0	302	0	303
21741	0	306	1	3	0	310
21742	0	317	0	3	0	320
21743	312	3	0	2	0	317
21744	306	1	0	1	0	308
21745	3	1	0	311	0	315
21746	1	1	319	2	0	323
21747	2	0	2	316	0	320
21748	0	0	2	314	0	316
21749	306	0	1	2	0	309
21750	2	323	0	3	0	328
21751	2	3	0	319	0	324
21752	1	1	0	318	0	320
21753	0	1	317	4	0	322
21754	0	1	318	2	0	321
21755	1	0	3	313	0	317
21756	0	0	3	309	0	312
21757	1	315	1	4	0	321
21758	0	318	0	2	0	320
21759	316	3	0	1	0	320
21760	2	1	0	318	0	321
21761	1	1	326	2	0	330
21762	1	327	2	1	0	331
21763	0	2	1	330	0	333
21764	330	1	1	3	0	335
21765	2	1	0	333	0	336
21766	326	0	0	3	0	329
21767	3	331	0	1	0	335
21768	316	3	0	1	0	320
21769	4	1	0	324	0	329
21770	2	1	343	2	0	348
21771	1	1	2	329	0	333
21772	0	353	1	4	0	358
21773	0	4	1	350	0	355
21774	1	368	1	1	0	371
21775	0	3	1	376	0	380
21776	0	1	363	3	0	367
21777	1	0	363	1	0	365
21778	0	1	365	1	0	367
21779	348	0	4	2	0	354
21780	2	357	2	1	0	362
21781	1	360	2	0	0	363
21782	361	3	0	1	0	365
21783	354	2	0	1	0	357
21784	3	2	0	351	0	356
21785	2	0	352	4	0	358
21786	1	1	346	2	0	350
21787	3	0	3	341	0	347
21788	346	1	2	2	0	351
21789	2	345	1	2	0	350
21790	1	2	1	343	0	347
21791	345	1	0	4	0	350
21792	344	1	0	3	0	348
21793	4	2	344	1	0	351
21794	332	1	2	1	0	336
21795	3	0	347	2	0	352
21796	1	0	354	2	0	357
21797	1	0	4	338	0	343
21798	0	1	3	345	0	349
21799	0	1	1	344	0	346
21800	2	0	339	5	0	346
21801	334	1	2	1	0	338
21802	2	1	1	347	0	351
21803	345	0	2	2	0	349
21804	344	0	0	2	0	346
21805	3	353	1	2	0	359
21806	2	356	0	0	0	358
21807	1	342	0	1	0	344
21808	6	5	2	303	0	316
21809	0	1	289	2	0	292
21810	2	10	1	260	0	273
21811	0	266	0	1	0	267
21812	1	260	0	0	0	261
21813	0	1	0	263	0	264
21814	262	0	0	1	0	263
21815	1	262	0	1	0	264
21816	0	266	0	0	0	266
21817	272	1	0	1	0	274
21818	1	1	0	272	0	274
21819	0	0	0	275	0	275
21820	0	0	1	279	0	280
21821	274	0	1	1	0	276
21822	274	0	1	0	0	275
21823	2	0	0	274	0	276
21824	0	1	266	1	0	268
21825	262	1	1	0	0	264
21826	2	0	0	269	0	271
21827	2	0	271	1	0	274
21828	0	0	269	1	0	270
21829	0	0	2	275	0	277
21830	0	0	284	1	0	285
21831	0	0	1	304	0	305
21832	1	0	0	309	0	310
21833	0	1	0	313	0	314
21834	313	0	0	2	0	315
21835	2	0	0	311	0	313
21836	1	0	0	313	0	314
21837	0	0	1	314	0	315
21838	1	0	0	313	0	314
21839	0	1	301	1	0	303
21840	0	300	2	0	0	302
21841	0	0	0	290	0	290
21842	0	0	0	277	0	277
21843	0	283	0	0	0	283
21844	0	286	0	0	0	286
21845	284	0	1	0	0	285
21846	0	274	0	4	0	278
21847	0	0	0	276	0	276
21848	0	0	277	0	0	277
21849	272	0	0	0	0	272
21850	0	0	264	0	0	264
21851	260	0	0	0	0	260
21852	259	0	0	0	0	259
21853	0	0	263	0	0	263
21854	0	0	0	250	0	250
21855	0	261	0	0	0	261
21856	0	0	0	261	0	261
21857	276	0	0	0	0	276
21858	274	0	0	0	0	274
21859	0	274	0	0	0	274
21860	272	0	0	0	0	272
21861	0	0	0	264	0	264
21862	258	0	0	0	0	258
21863	257	0	0	0	0	257
21864	0	0	0	252	0	252
21865	252	0	0	0	0	252
21866	245	0	0	0	0	245
21867	0	0	248	0	0	248
21868	247	0	0	0	0	247
21869	0	0	243	0	0	243
21870	0	0	223	0	0	223
21871	0	226	0	0	0	226
21872	0	0	1	211	0	212
21873	0	0	214	0	0	214
21874	0	1	204	0	0	205
21875	198	0	0	0	0	198
21876	0	0	0	200	0	200
21877	0	0	0	205	0	205
21878	0	0	0	207	0	207
21879	0	0	0	206	0	206
21880	0	0	0	207	0	207
21881	0	0	207	0	0	207
21882	0	0	203	0	0	203
21883	0	0	0	206	0	206
21884	205	0	0	0	0	205
21885	0	204	0	0	0	204
21886	0	0	0	204	0	204
21887	205	0	0	0	0	205
21888	0	203	0	0	0	203
21889	0	0	0	201	0	201
21890	0	0	0	200	0	200
21891	0	0	0	201	0	201
21892	202	0	0	0	0	202
21893	0	0	202	0	0	202
21894	202	0	0	0	0	202
21895	0	0	0	203	0	203
21896	0	0	0	187	0	187
21897	0	201	0	0	0	201
21898	0	0	208	0	0	208
21899	204	0	0	0	0	204
21900	206	0	1	0	0	207
21901	1	0	196	0	0	197
21902	195	0	0	0	0	195
21903	1	201	1	0	0	203
21904	1	203	0	0	0	204
21905	1	198	0	0	0	199
21906	192	1	0	1	0	194
21907	1	1	190	0	0	192
21908	2	1	0	177	0	180
21909	0	178	1	0	0	179
21910	1	184	0	1	0	186
21911	1	184	0	0	0	185
21912	1	2	2	174	0	179
21913	170	1	0	1	0	172
21914	0	176	1	1	0	178
21915	0	0	0	177	0	177
21916	0	2	0	176	0	178
21917	168	0	0	2	0	170
21918	0	0	1	170	0	171
21919	1	0	1	167	0	169
21920	0	0	166	1	0	167
21921	0	0	0	167	0	167
21922	0	0	1	169	0	170
21923	171	0	0	1	0	172
21924	172	0	0	1	0	173
21925	1	0	0	173	0	174
21926	171	0	1	0	0	172
21927	165	0	1	1	0	167
21928	1	169	0	1	0	171
21929	1	0	162	0	0	163
21930	0	159	0	0	0	159
21931	3	3	2	132	0	140
21932	124	1	2	0	0	127
21933	0	124	0	1	0	125
21934	1	0	0	123	0	124
21935	124	1	0	1	0	126
21936	121	0	0	2	0	123
21937	2	0	0	123	0	125
21938	1	0	134	0	0	135
21939	1	0	0	136	0	137
21940	0	0	1	136	0	137
21941	0	0	137	1	0	138
21942	0	1	0	138	0	139
21943	0	0	2	139	0	141
21944	144	0	0	1	0	145
21945	1	0	0	144	0	145
21946	1	0	1	146	0	148
21947	147	0	0	1	0	148
21948	145	1	0	1	0	147
21949	147	1	0	0	0	148
21950	1	1	148	0	0	150
21951	2	0	0	142	0	144
21952	0	147	2	0	0	149
21953	0	0	0	148	0	148
21954	0	2	159	0	0	161
21955	0	1	0	155	0	156
21956	0	1	152	0	0	153
21957	137	0	0	1	0	138
21958	138	0	1	0	0	139
21959	1	0	0	154	0	155
21960	1	0	0	151	0	152
21961	0	0	0	152	0	152
21962	0	175	0	1	0	176
21963	176	0	0	1	0	177
21964	182	1	0	0	0	183
21965	1	0	0	185	0	186
21966	1	0	0	187	0	188
21967	0	0	0	191	0	191
21968	0	0	0	191	0	191
21969	0	0	190	1	0	191
21970	0	0	0	190	0	190
21971	190	0	1	0	0	191
21972	190	0	0	1	0	191
21973	1	0	0	188	0	189
21974	2	0	181	0	0	183
21975	179	0	0	1	0	180
21976	0	0	1	191	0	192
21977	1	191	0	0	0	192
21978	0	204	0	1	0	205
21979	206	1	0	0	0	207
21980	0	1	0	220	0	221
21981	1	0	0	224	0	225
21982	0	0	0	235	0	235
21983	0	0	0	237	0	237
21984	0	0	0	248	0	248
21985	0	0	248	1	0	249
21986	0	0	246	1	0	247
21987	0	0	244	0	0	244
21988	0	0	1	244	0	245
21989	2	0	259	0	0	261
21990	0	0	0	260	0	260
21991	0	0	1	260	0	261
21992	0	0	0	264	0	264
21993	280	0	0	1	0	281
21994	0	0	0	283	0	283
21995	1	0	0	283	0	284
21996	283	0	0	1	0	284
21997	0	280	0	1	0	281
21998	0	272	0	1	0	273
21999	278	0	0	0	0	278
22000	0	284	0	0	0	284
22001	287	0	1	0	0	288
22002	289	0	0	0	0	289
22003	292	0	0	0	0	292
22004	287	0	0	0	0	287
22005	288	0	0	0	0	288
22006	0	287	0	1	0	288
22007	288	0	0	0	0	288
22008	291	0	0	0	0	291
22009	0	301	0	0	0	301
22010	330	1	0	0	0	331
22011	336	0	0	0	0	336
22012	360	0	0	0	0	360
22013	377	0	0	0	0	377
22014	2	0	422	0	0	424
22015	2	0	2	443	0	447
22016	0	1	1	449	0	451
22017	1	0	442	3	0	446
22018	1	0	446	1	0	448
22019	446	0	3	0	0	449
22020	1	0	1	446	0	448
22021	2	0	453	1	0	456
22022	0	1	452	1	0	454
22023	444	0	3	2	0	449
22024	452	0	1	0	0	453
22025	446	0	0	0	0	446
22026	2	0	448	1	0	451
22027	2	0	3	453	0	458
22028	4	0	457	1	0	462
22029	458	0	2	2	0	462
22030	2	0	467	0	0	469
22031	1	0	2	463	0	466
22032	0	0	1	458	0	459
22033	0	474	1	2	0	477
22034	478	2	0	1	0	481
22035	3	1	478	0	0	482
22036	475	0	2	1	0	478
22037	2	0	487	0	0	489
22038	1	0	3	474	0	478
22039	1	0	1	474	0	476
22040	1	0	0	476	0	477
22041	473	0	0	3	0	476
22042	2	0	1	470	0	473
22043	1	0	0	470	0	471
22044	0	465	1	3	0	469
22045	1	2	0	466	0	469
22046	454	1	1	2	0	458
22047	2	0	465	2	0	469
22048	1	0	2	461	0	464
22049	1	1	462	2	0	466
22050	2	458	2	1	0	463
22051	0	2	464	0	0	466
22052	460	1	2	1	0	464
22053	464	0	1	1	0	466
22054	3	0	1	449	0	453
22055	455	0	1	3	0	459
22056	456	0	0	3	0	459
22057	4	0	0	453	0	457
22058	1	0	2	453	0	456
22059	0	0	443	4	0	447
22060	2	439	2	1	0	444
22061	440	2	1	1	0	444
22062	4	420	1	0	0	425
22063	1	2	3	417	0	423
22064	1	1	0	414	0	416
22065	1	0	2	410	0	413
22066	2	1	0	407	0	410
22067	0	0	403	3	0	406
22068	386	0	2	3	0	391
22069	405	0	2	1	0	408
22070	5	1	0	402	0	408
22071	402	0	1	2	0	405
22072	2	0	1	404	0	407
22073	2	0	403	3	0	408
22074	0	1	2	400	0	403
22075	1	396	2	3	0	402
22076	0	4	1	378	0	383
22077	2	385	0	3	0	390
22078	1	0	1	360	0	362
22079	0	371	0	3	0	374
22080	354	2	0	4	0	360
22081	2	2	358	2	0	364
22082	2	347	1	2	0	352
22083	0	349	2	1	0	352
22084	1	3	3	330	0	337
22085	1	2	0	333	0	336
22086	0	0	1	333	0	334
22087	2	0	0	334	0	336
22088	0	331	2	4	0	337
22089	1	2	1	317	0	321
22090	1	1	1	317	0	320
22091	308	2	0	4	0	314
22092	2	0	1	314	0	317
22093	3	1	300	2	0	306
22094	2	0	299	3	0	304
22095	289	1	3	2	0	295
22096	4	299	2	0	0	305
22097	2	302	1	0	0	305
22098	1	4	0	294	0	299
22099	0	2	0	293	0	295
22100	0	0	293	3	0	296
22101	285	1	2	1	0	289
22102	286	0	1	1	0	288
22103	3	1	291	1	0	296
22104	1	0	292	1	0	294
22105	290	0	3	1	0	294
22106	295	0	1	1	0	297
22107	298	0	0	2	0	300
22108	297	0	1	0	0	298
22109	3	284	0	1	0	288
22110	234	1	1	0	0	236
22111	1	1	223	2	0	227
22112	1	1	198	0	0	200
22113	0	0	182	1	0	183
22114	1	19	6	109	0	135
22115	108	0	2	0	0	110
22116	108	0	0	0	0	108
22117	0	0	0	109	0	109
22118	0	0	0	110	0	110
22119	0	0	0	110	0	110
22120	0	117	0	0	0	117
22121	114	0	0	0	0	114
22122	117	0	0	0	0	117
22123	115	0	0	0	0	115
22124	116	0	0	0	0	116
22125	116	0	0	0	0	116
22126	0	0	0	112	0	112
22127	0	113	0	0	0	113
22128	0	0	0	112	0	112
22129	0	0	0	104	0	104
22130	105	0	0	0	0	105
22131	0	0	101	0	0	101
22132	0	0	93	0	0	93
22133	0	0	101	0	0	101
22134	101	0	0	0	0	101
22135	103	0	0	0	0	103
22136	0	0	0	101	0	101
22137	0	0	0	94	0	94
22138	0	0	0	99	0	99
22139	0	0	98	0	0	98
22140	0	0	0	99	0	99
22141	0	0	103	0	0	103
22142	0	0	0	108	0	108
22143	0	0	0	107	0	107
22144	0	0	0	106	0	106
22145	106	0	0	0	0	106
22146	114	0	0	0	0	114
22147	0	0	117	0	0	117
22148	116	0	0	0	0	116
22149	119	0	0	0	0	119
22150	0	0	0	119	0	119
22151	120	0	0	0	0	120
22152	0	0	0	118	0	118
22153	0	0	0	117	0	117
22154	0	0	115	0	0	115
22155	111	0	0	0	0	111
22156	0	0	0	116	0	116
22157	0	0	119	0	0	119
22158	0	0	139	0	0	139
22159	0	0	0	133	0	133
22160	0	0	0	135	0	135
22161	138	0	0	0	0	138
22162	0	0	0	140	0	140
22163	0	0	0	141	0	141
22164	0	0	0	142	0	142
22165	0	0	0	154	0	154
22166	164	0	0	0	0	164
22167	165	0	0	0	0	165
22168	174	0	0	0	0	174
22169	177	0	0	0	0	177
22170	0	0	0	192	0	192
22171	193	0	0	0	0	193
22172	0	0	0	194	0	194
22173	193	0	0	0	0	193
22174	0	0	0	194	0	194
22175	0	0	0	191	0	191
22176	0	193	0	0	0	193
22177	0	0	0	195	0	195
22178	190	0	0	0	0	190
22179	188	0	0	0	0	188
22180	0	0	192	0	0	192
22181	0	192	0	0	0	192
22182	193	0	0	0	0	193
22183	0	199	0	0	0	199
22184	200	0	0	0	0	200
22185	0	207	0	0	0	207
22186	0	0	216	0	0	216
22187	0	216	0	0	0	216
22188	0	217	0	0	0	217
22189	0	0	0	224	0	224
22190	230	0	0	0	0	230
22191	0	0	0	239	0	239
22192	0	0	0	238	0	238
22193	235	0	0	0	0	235
22194	239	0	1	0	0	240
22195	0	0	0	242	0	242
22196	0	0	0	243	0	243
22197	0	0	0	243	0	243
22198	240	0	0	0	0	240
22199	0	0	243	0	0	243
22200	0	0	0	240	0	240
22201	0	0	243	0	0	243
22202	0	244	0	0	0	244
22203	0	0	240	0	0	240
22204	0	0	0	237	0	237
22205	0	0	239	0	0	239
22206	238	0	0	0	0	238
22207	0	0	0	239	0	239
22208	0	249	0	0	0	249
22209	0	0	0	245	0	245
22210	0	250	0	0	0	250
22211	0	253	0	0	0	253
22212	0	254	0	2	0	256
22213	0	0	0	241	0	241
22214	0	251	0	0	0	251
22215	250	0	0	0	0	250
22216	0	0	250	0	0	250
22217	1	0	252	0	0	253
22218	0	0	250	0	0	250
22219	0	0	0	253	0	253
22220	0	0	0	247	0	247
22221	0	0	0	246	0	246
22222	0	0	0	246	0	246
22223	0	0	0	248	0	248
22224	0	262	0	1	0	263
22225	0	0	268	0	0	268
22226	0	0	263	0	0	263
22227	0	273	0	0	0	273
22228	0	2	0	271	0	273
22229	0	0	0	272	0	272
22230	0	0	0	279	0	279
22231	277	0	0	0	0	277
22232	1	0	282	0	0	283
22233	275	0	0	1	0	276
22234	274	0	0	0	0	274
22235	0	277	0	0	0	277
22236	0	282	0	0	0	282
22237	287	0	0	0	0	287
22238	0	0	0	285	0	285
22239	0	0	0	293	0	293
22240	1	0	304	1	0	306
22241	0	0	318	0	0	318
22242	0	0	1	318	0	319
22243	323	0	0	1	0	324
22244	1	0	343	0	0	344
22245	361	0	1	0	0	362
22246	1	0	0	361	0	362
22247	0	0	0	375	0	375
22248	0	0	0	386	0	386
22249	0	0	388	2	0	390
22250	0	385	1	1	0	387
22251	0	398	1	0	0	399
22252	401	2	0	1	0	404
22253	403	1	0	0	0	404
22254	2	0	0	411	0	413
22255	412	0	0	1	0	413
22256	1	0	414	1	0	416
22257	1	0	412	0	0	413
22258	0	0	2	404	0	406
22259	409	0	1	2	0	412
22260	2	0	0	414	0	416
22261	1	0	0	418	0	419
22262	414	0	0	3	0	417
22263	416	0	0	1	0	417
22264	3	434	0	2	0	439
22265	429	2	0	0	0	431
22266	2	2	0	420	0	424
22267	1	422	0	2	0	425
22268	415	2	0	1	0	418
22269	2	417	0	0	0	419
22270	1	2	0	408	0	411
22271	408	1	0	2	0	411
22272	2	0	406	1	0	409
22273	1	0	410	0	0	411
22274	0	6	3	407	0	416
22275	0	0	1	408	0	409
22276	0	0	0	403	0	403
22277	0	419	0	3	0	422
22278	423	3	0	1	0	427
22279	425	1	0	0	0	426
22280	422	0	0	0	0	422
22281	3	450	0	0	0	453
22282	1	3	0	479	0	483
22283	0	1	0	481	0	482
22284	0	0	0	483	0	483
22285	462	0	0	4	0	466
22286	3	463	0	1	0	467
22287	1	3	0	462	0	466
22288	0	1	0	467	0	468
22289	0	0	463	4	0	467
22290	0	459	3	1	0	463
22291	0	4	1	442	0	447
22292	0	1	0	451	0	452
22293	0	0	0	450	0	450
22294	441	0	0	5	0	446
22295	4	442	0	2	0	448
22296	439	4	0	0	0	443
22297	3	1	0	443	0	447
22298	445	0	0	4	0	449
22299	3	0	445	1	0	449
22300	443	1	3	0	0	447
22301	441	0	1	0	0	442
22302	5	0	440	1	0	446
22303	1	0	3	435	0	439
22304	1	0	1	440	0	442
22305	446	1	0	4	0	451
22306	4	0	0	451	0	455
22307	1	0	0	454	0	455
22308	1	0	1	447	0	449
22309	0	0	448	5	0	453
22310	422	0	3	2	0	427
22311	4	445	2	0	0	451
22312	2	3	1	429	0	435
22313	0	443	0	4	0	447
22314	0	453	0	3	0	456
22315	1	4	0	454	0	459
22316	0	1	456	4	0	461
22317	0	2	457	1	0	460
22318	0	1	4	461	0	466
22319	2	1	461	4	0	468
22320	448	0	3	2	0	453
22321	3	1	1	468	0	473
22322	2	0	0	469	0	471
22323	0	476	1	4	0	481
22324	0	4	1	460	0	465
22325	0	1	0	454	0	455
22326	1	455	1	4	0	461
22327	1	3	1	450	0	455
22328	0	1	0	451	0	452
22329	1	447	1	4	0	453
22330	445	3	0	1	0	449
22331	3	1	445	1	0	450
22332	2	0	440	1	0	443
22333	0	1	4	434	0	439
22334	0	1	1	439	0	441
22335	1	0	436	5	0	442
22336	0	1	434	1	0	436
22337	398	0	4	2	0	404
22338	4	423	2	1	0	430
22339	418	3	1	0	0	422
22340	3	1	409	0	0	413
22341	1	394	3	0	0	398
22342	0	1	2	396	0	399
22343	0	1	405	3	0	409
22344	1	0	387	2	0	390
22345	2	2	5	394	0	403
22346	1	0	398	2	0	401
22347	0	378	2	1	0	381
22348	1	3	1	366	0	371
22349	1	1	372	2	0	376
22350	0	371	3	1	0	375
22351	376	3	1	0	0	380
22352	2	1	376	1	0	380
22353	1	378	3	0	0	382
22354	0	4	2	365	0	371
22355	0	1	0	375	0	376
22356	371	0	1	3	0	375
22357	2	1	0	369	0	372
22358	1	0	0	360	0	361
22359	356	0	1	2	0	359
22360	1	1	0	356	0	358
22361	2	0	348	1	0	351
22362	0	0	2	351	0	353
22363	0	1	348	1	0	350
22364	0	0	327	1	0	328
22365	0	0	334	1	0	335
22366	1	0	2	323	0	326
22367	0	0	2	327	0	329
22368	324	0	0	3	0	327
22369	2	0	0	318	0	320
22370	1	344	0	2	0	347
22371	0	1	1	343	0	345
22372	0	1	0	338	0	339
22373	0	342	1	2	0	345
22374	339	1	1	1	0	342
22375	336	1	1	0	0	338
22376	2	335	0	1	0	338
22377	1	329	0	1	0	331
22378	1	13	1	312	0	327
22379	323	1	0	1	0	325
22380	0	1	326	1	0	328
22381	1	1	288	0	0	290
22382	260	1	1	0	0	262
22383	1	266	1	0	0	268
22384	1	1	1	260	0	263
22385	0	1	1	267	0	269
22386	0	0	0	268	0	268
22387	0	0	0	267	0	267
22388	0	266	1	1	0	268
22389	0	0	1	265	0	266
22390	264	1	0	0	0	265
22391	0	1	0	268	0	269
22392	2	0	0	265	0	267
22393	272	0	1	1	0	274
22394	269	0	0	1	0	270
22395	276	0	0	0	0	276
22396	276	0	1	0	0	277
22397	1	0	1	272	0	274
22398	271	0	0	1	0	272
22399	0	0	1	271	0	272
22400	270	1	0	0	0	271
22401	268	0	0	2	0	270
22402	1	0	1	272	0	274
22403	1	1	281	0	0	283
22404	277	0	0	1	0	278
22405	280	0	2	0	0	282
22406	274	0	0	0	0	274
22407	277	0	0	0	0	277
22408	1	0	0	279	0	280
22409	2	0	278	0	0	280
22410	0	0	284	1	0	285
22411	278	0	1	1	0	280
22412	280	0	2	0	0	282
22413	1	281	0	1	0	283
22414	1	278	0	0	0	279
22415	279	1	1	1	0	282
22416	0	1	1	274	0	276
22417	1	0	1	282	0	284
22418	280	0	1	1	0	282
22419	0	285	0	2	0	287
22420	287	0	0	2	0	289
22421	1	1	286	0	0	288
22422	282	0	0	1	0	283
22423	0	1	1	283	0	285
22424	1	0	290	0	0	291
22425	0	292	0	2	0	294
22426	0	1	1	298	0	300
22427	1	1	326	0	0	328
22428	1	0	0	327	0	328
22429	336	0	1	0	0	337
22430	1	0	333	1	0	335
22431	320	0	0	0	0	320
22432	0	337	1	0	0	338
22433	1	0	0	344	0	345
22434	0	1	372	0	0	373
22435	0	0	0	368	0	368
22436	0	0	373	0	0	373
22437	0	372	0	1	0	373
22438	364	0	1	1	0	366
22439	0	377	0	0	0	377
22440	1	0	0	375	0	376
22441	0	1	0	375	0	376
22442	0	0	367	1	0	368
22443	310	0	0	0	0	310
22444	0	345	1	0	0	346
22445	0	324	0	1	0	325
22446	0	329	1	0	0	330
22447	0	2	0	318	0	320
22448	0	322	1	0	0	323
22449	0	1	0	313	0	314
22450	0	324	0	3	0	327
22451	0	0	0	306	0	306
22452	0	316	1	2	0	319
22453	318	0	0	0	0	318
22454	0	1	319	0	0	320
22455	310	1	0	0	0	311
22456	314	1	0	0	0	315
22457	320	0	0	1	0	321
22458	0	322	0	2	0	324
22459	332	0	0	1	0	333
22460	332	1	0	0	0	333
22461	332	0	0	1	0	333
22462	0	1	332	0	0	333
22463	1	0	0	336	0	337
22464	0	0	345	0	0	345
22465	1	0	0	334	0	335
22466	339	0	0	1	0	340
22467	1	339	1	1	0	342
22468	1	1	387	0	0	389
22469	1	1	1	392	0	395
22470	1	0	1	402	0	404
22471	1	0	453	1	0	455
22472	442	0	2	1	0	445
22473	464	0	1	1	0	466
22474	472	0	1	0	0	473
22475	2	0	0	469	0	471
22476	2	474	0	1	0	477
22477	0	487	0	3	0	490
22478	0	2	1	485	0	488
22479	0	1	0	481	0	482
22480	0	484	0	3	0	487
22481	483	1	1	1	0	486
22482	2	484	0	0	0	486
22483	2	1	0	479	0	482
22484	1	1	478	1	0	481
22485	0	0	1	475	0	476
22486	478	0	1	1	0	480
22487	1	0	479	2	0	482
22488	475	0	1	1	0	477
22489	487	1	1	2	0	491
22490	497	1	0	2	0	500
22491	498	0	1	0	0	499
22492	511	2	0	2	0	515
22493	4	0	502	1	0	507
22494	1	2	508	0	0	511
22495	519	0	3	2	0	524
22496	537	0	2	0	0	539
22497	4	0	1	564	0	569
22498	4	570	0	4	0	578
22499	2	3	2	575	0	582
22500	591	3	0	3	0	597
22501	4	1	0	576	0	581
22502	5	602	0	2	0	609
22503	595	4	1	3	0	603
22504	587	3	1	1	0	592
22505	584	1	1	0	0	586
22506	6	590	1	1	0	598
22507	5	4	0	583	0	592
22508	1	4	0	579	0	584
22509	1	582	0	8	0	591
22510	2	5	0	575	0	582
22511	569	3	1	5	0	578
22512	571	1	0	3	0	575
22513	7	571	0	0	0	578
22514	5	4	0	568	0	577
22515	2	4	0	570	0	576
22516	2	1	0	573	0	576
22517	554	1	0	6	0	561
22518	4	1	556	5	0	566
22519	533	1	4	2	0	540
22520	3	1	557	5	0	566
22521	4	3	4	530	0	541
22522	1	545	4	3	0	553
22523	3	553	0	2	0	558
22524	546	7	0	1	0	554
22525	538	4	1	1	0	544
22526	6	529	0	4	0	539
22527	4	512	0	2	0	518
22528	515	6	2	1	0	524
22529	526	3	0	0	0	529
22530	8	533	2	0	0	543
22531	541	5	0	0	0	546
22532	5	3	534	1	0	543
22533	537	0	3	0	0	540
22534	522	2	3	0	0	527
22535	9	1	0	516	0	526
22536	5	522	1	4	0	532
22537	2	4	0	532	0	538
22538	530	4	0	4	0	538
22539	5	1	0	521	0	527
22540	5	1	0	524	0	530
22541	1	0	538	9	0	548
22542	1	1	4	545	0	551
22543	1	0	4	559	0	564
22544	550	0	1	9	0	560
22545	4	0	551	4	0	559
22546	539	0	4	1	0	544
22547	3	0	4	545	0	552
22548	5	1	0	548	0	554
22549	0	0	1	545	0	546
22550	0	528	0	9	0	537
22551	1	540	1	5	0	547
22552	0	7	0	533	0	540
22553	526	4	2	4	0	536
22554	536	1	0	5	0	542
22555	8	1	0	532	0	541
22556	537	0	0	5	0	542
22557	5	0	1	545	0	551
22558	6	0	0	547	0	553
22559	532	0	0	10	0	542
22560	5	558	0	5	0	568
22561	563	4	0	2	0	569
22562	557	5	0	1	0	563
22563	547	1	0	1	0	549
22564	7	553	0	1	0	561
22565	4	4	0	549	0	557
22566	2	5	0	555	0	562
22567	1	1	552	8	0	562
22568	1	5	3	499	0	508
22569	0	0	495	5	0	500
22570	0	473	4	5	0	482
22571	2	409	4	0	0	415
22572	0	410	1	0	0	411
22573	5	6	4	412	0	427
22574	1	3	0	414	0	418
22575	1	0	0	413	0	414
22576	0	1	0	424	0	425
22577	0	0	438	7	0	445
22578	0	0	537	5	0	542
22579	0	0	9	551	0	560
22580	0	0	579	6	0	585
22581	579	0	6	5	0	590
22582	581	0	6	0	0	587
22583	10	1	588	2	0	601
22584	4	0	7	597	0	608
22585	1	0	5	604	0	610
22586	2	1	0	617	0	620
22587	1	0	1	618	0	620
22588	0	0	1	620	0	621
22589	535	0	0	12	0	547
22590	583	0	0	7	0	590
22591	9	589	1	7	0	606
22592	4	5	580	2	0	591
22593	1	578	5	1	0	585
22594	2	584	4	1	0	591
22595	549	8	1	0	0	558
22596	6	552	0	0	0	558
22597	2	526	1	0	0	529
22598	511	4	3	1	0	519
22599	4	4	519	1	0	528
22600	505	0	4	2	0	511
22601	4	1	3	513	0	521
22602	3	1	1	504	0	509
22603	2	0	0	509	0	511
22604	1	1	501	7	0	510
22605	1	502	5	4	0	512
22606	499	4	3	3	0	509
22607	4	2	3	504	0	513
22608	2	515	1	8	0	526
22609	2	5	2	518	0	527
22610	5	4	516	4	0	529
22611	5	1	6	516	0	528
22612	0	3	4	527	0	534
22613	2	2	1	529	0	534
22614	527	1	1	10	0	539
22615	6	2	1	535	0	544
22616	3	1	535	9	0	548
22617	2	531	5	6	0	544
22618	1	6	3	531	0	541
22619	5	3	3	529	0	540
22620	0	3	533	8	0	544
22621	2	1	533	4	0	540
22622	516	4	10	3	0	533
22623	517	3	3	5	0	528
22624	9	526	3	3	0	541
22625	530	8	4	0	0	542
22626	9	5	526	3	0	543
22627	6	1	530	2	0	539
22628	512	2	14	7	0	535
22629	506	2	3	4	0	515
22630	7	0	494	8	0	509
22631	485	0	7	8	0	500
22632	5	2	497	7	0	511
22633	480	4	6	2	0	492
22634	482	2	2	3	0	489
22635	8	4	3	452	0	467
22636	2	491	3	7	0	503
22637	436	8	3	4	0	451
22638	4	5	489	3	0	501
22639	4	483	7	3	0	497
22640	482	8	2	6	0	498
22641	454	5	4	4	0	467
22642	11	458	1	2	0	472
22643	4	4	4	461	0	473
22644	8	2	453	8	0	471
22645	1	3	9	463	0	476
22646	4	2	458	9	0	473
22647	2	2	6	461	0	471
22648	3	0	9	461	0	473
22649	2	3	464	6	0	475
22650	7	454	5	6	0	472
22651	3	5	3	451	0	462
22652	4	6	421	6	0	437
22653	449	2	6	7	0	464
22654	8	1	7	452	0	468
22655	3	2	4	458	0	467
22656	456	1	2	8	0	467
22657	8	2	2	450	0	462
22658	8	2	3	433	0	446
22659	3	441	4	8	0	456
22660	4	5	4	422	0	435
22661	3	6	421	4	0	434
22662	5	1	5	408	0	419
22663	3	415	3	9	0	430
22664	1	414	6	4	0	425
22665	2	8	5	409	0	424
22666	412	2	3	8	0	425
22667	7	1	4	408	0	420
22668	408	6	1	6	0	421
22669	10	2	2	404	0	418
22670	398	3	4	7	0	412
22671	411	3	3	3	0	420
22672	9	3	3	402	0	417
22673	6	21	6	370	0	403
22674	1	385	6	8	0	400
22675	6	387	2	4	0	399
22676	1	4	383	7	0	395
22677	4	351	3	4	0	362
22678	218	9	9	1	0	237
22679	3	1	1	213	0	218
22680	0	201	1	0	0	202
22681	204	1	0	0	0	205
22682	1	0	0	203	0	204
22683	0	0	0	195	0	195
22684	1	0	0	196	0	197
22685	0	0	0	191	0	191
22686	0	194	0	1	0	195
22687	0	201	0	0	0	201
22688	212	1	0	1	0	214
22689	1	214	1	1	0	217
22690	0	3	0	211	0	214
22691	0	2	0	209	0	211
22692	0	1	0	209	0	210
22693	0	0	0	210	0	210
22694	211	0	0	1	0	212
22695	213	0	0	1	0	214
22696	1	0	210	0	0	211
22697	0	0	1	215	0	216
22698	1	0	218	1	0	220
22699	1	1	1	215	0	218
22700	0	0	0	218	0	218
22701	228	0	1	2	0	231
22702	1	1	0	226	0	228
22703	1	1	224	1	0	227
22704	1	0	221	0	0	222
22705	221	1	1	0	0	223
22706	1	0	224	1	0	226
22707	0	0	2	206	0	208
22708	0	0	222	2	0	224
22709	0	0	2	212	0	214
22710	0	213	0	2	0	215
22711	0	6	0	205	0	211
22712	0	211	1	1	0	213
22713	0	206	0	0	0	206
22714	0	3	0	201	0	204
22715	196	0	0	1	0	197
22716	1	200	0	0	0	201
22717	0	0	0	201	0	201
22718	201	0	0	1	0	202
22719	208	0	0	0	0	208
22720	209	1	0	1	0	211
22721	0	0	0	208	0	208
22722	0	1	0	208	0	209
22723	211	0	0	2	0	213
22724	207	0	1	1	0	209
22725	208	0	0	1	0	209
22726	1	0	0	207	0	208
22727	0	1	207	0	0	208
22728	200	0	0	2	0	202
22729	1	0	1	200	0	202
22730	0	208	0	2	0	210
22731	1	0	0	204	0	205
22732	1	209	0	1	0	211
22733	1	1	0	215	0	217
22734	1	0	211	0	0	212
22735	0	209	1	1	0	211
22736	1	0	0	189	0	190
22737	0	0	1	190	0	191
22738	0	0	0	192	0	192
22739	203	0	1	0	0	204
22740	0	209	0	1	0	210
22741	0	1	0	214	0	215
22742	221	0	0	1	0	222
22743	221	1	0	0	0	222
22744	0	1	0	222	0	223
22745	0	0	227	1	0	228
22746	1	0	0	222	0	223
22747	0	225	0	0	0	225
22748	0	0	0	225	0	225
22749	224	0	0	0	0	224
22750	1	0	0	233	0	234
22751	0	0	238	0	0	238
22752	0	260	0	1	0	261
22753	258	0	0	1	0	259
22754	1	0	263	0	0	264
22755	263	0	0	0	0	263
22756	1	0	0	270	0	271
22757	0	0	0	267	0	267
22758	0	271	1	0	0	272
22759	281	0	0	0	0	281
22760	0	0	0	286	0	286
22761	0	1	0	279	0	280
22762	0	0	0	289	0	289
22763	1	1	289	0	0	291
22764	0	0	0	290	0	290
22765	290	0	2	0	0	292
22766	292	2	0	0	0	294
22767	1	0	0	293	0	294
22768	0	0	1	297	0	298
22769	296	0	0	1	0	297
22770	1	0	295	1	0	297
22771	291	0	0	1	0	292
22772	0	0	287	1	0	288
22773	2	0	285	0	0	287
22774	1	0	0	286	0	287
22775	0	0	299	2	0	301
22776	290	0	2	1	0	293
22777	0	0	1	303	0	304
22778	0	0	306	1	0	307
22779	302	0	0	1	0	303
22780	306	0	0	0	0	306
22781	0	0	315	2	0	317
22782	0	0	0	289	0	289
22783	1	321	0	0	0	322
22784	317	0	1	1	0	319
22785	1	0	320	0	0	321
22786	308	0	1	0	0	309
22787	0	321	1	1	0	323
22788	304	0	1	1	0	306
22789	303	0	1	0	0	304
22790	301	0	0	0	0	301
22791	0	1	0	305	0	306
22792	0	307	1	0	0	308
22793	1	0	304	0	0	305
22794	1	307	0	0	0	308
22795	0	0	1	282	0	283
22796	0	308	0	1	0	309
22797	0	307	0	0	0	307
22798	303	0	0	2	0	305
22799	0	0	302	0	0	302
22800	1	0	310	0	0	311
22801	0	1	304	0	0	305
22802	1	305	0	0	0	306
22803	307	0	0	1	0	308
22804	310	0	0	0	0	310
22805	309	0	0	1	0	310
22806	0	308	0	0	0	308
22807	0	0	1	316	0	317
22808	0	1	310	0	0	311
22809	0	0	315	0	0	315
22810	319	1	0	0	0	320
22811	319	1	0	0	0	320
22812	325	0	0	0	0	325
22813	0	0	323	0	0	323
22814	318	0	1	0	0	319
22815	0	1	1	317	0	319
22816	1	1	0	326	0	328
22817	1	0	354	0	0	355
22818	2	359	0	0	0	361
22819	0	0	0	356	0	356
22820	0	1	351	1	0	353
22821	342	1	0	1	0	344
22822	1	0	1	356	0	358
22823	0	0	1	357	0	358
22824	357	0	0	1	0	358
22825	1	0	0	361	0	362
22826	360	0	1	0	0	361
22827	359	0	1	1	0	361
22828	2	0	0	360	0	362
22829	1	0	0	364	0	365
22830	357	0	0	1	0	358
22831	0	0	1	362	0	363
22832	370	1	0	0	0	371
22833	367	0	1	1	0	369
22834	365	0	1	0	0	366
22835	1	0	1	361	0	363
22836	0	0	1	366	0	367
22837	360	0	0	2	0	362
22838	1	360	1	0	0	362
22839	1	347	0	1	0	349
22840	343	0	0	1	0	344
22841	1	0	343	0	0	344
22842	331	0	0	1	0	332
22843	1	0	0	348	0	349
22844	0	0	356	0	0	356
22845	366	0	0	1	0	367
22846	2	1	2	370	0	375
22847	2	0	0	390	0	392
22848	1	0	0	400	0	401
22849	1	0	0	396	0	397
22850	392	1	0	0	0	393
22851	1	390	0	1	0	392
22852	362	0	0	0	0	362
22853	0	0	370	0	0	370
22854	0	0	367	0	0	367
22855	0	382	0	0	0	382
22856	2	0	1	375	0	378
22857	0	0	378	0	0	378
22858	0	376	0	0	0	376
22859	0	0	358	0	0	358
22860	0	0	0	360	0	360
22861	0	0	0	363	0	363
22862	360	0	0	0	0	360
22863	1	0	0	355	0	356
22864	359	0	0	0	0	359
22865	0	1	370	1	0	372
22866	0	390	0	0	0	390
22867	0	0	0	413	0	413
22868	0	0	0	436	0	436
22869	0	0	446	0	0	446
22870	0	2	440	0	0	442
22871	440	0	0	0	0	440
22872	457	0	0	0	0	457
22873	0	0	0	453	0	453
22874	0	0	0	456	0	456
22875	0	449	0	0	0	449
22876	0	0	0	458	0	458
22877	466	0	0	0	0	466
22878	474	0	0	0	0	474
22879	0	482	0	0	0	482
22880	492	0	0	0	0	492
22881	492	0	0	0	0	492
22882	0	0	0	518	0	518
22883	0	523	0	0	0	523
22884	0	0	0	529	0	529
22885	0	0	0	541	0	541
22886	0	1	535	0	0	536
22887	550	0	0	0	0	550
22888	1	0	0	604	0	605
22889	0	0	0	645	0	645
22890	0	749	2	2	0	753
22891	0	2	0	795	0	797
22892	816	0	0	3	0	819
22893	868	1	0	0	0	869
22894	2	0	864	1	0	867
22895	2	0	880	0	0	882
22896	2	0	2	884	0	888
22897	0	0	1	910	0	911
22898	2	1	912	2	0	917
22899	0	0	918	1	0	919
22900	0	0	2	901	0	903
22901	0	0	924	2	0	926
22902	0	0	929	0	0	929
22903	0	1	2	912	0	915
22904	926	0	1	2	0	929
22905	935	0	1	0	0	936
22906	2	0	0	922	0	924
22907	2	0	0	928	0	930
22908	924	0	0	2	0	926
22909	2	0	0	916	0	918
22910	912	0	0	4	0	916
22911	906	0	0	0	0	906
22912	2	0	0	910	0	912
22913	1	0	0	913	0	914
22914	901	0	0	2	0	903
22915	2	910	0	1	0	913
22916	0	911	0	1	0	912
22917	1	2	0	877	0	880
22918	0	2	869	2	0	873
22919	0	1	2	868	0	871
22920	871	0	0	3	0	874
22921	2	0	1	869	0	872
22922	871	0	0	3	0	874
22923	3	0	877	0	0	880
22924	877	0	2	1	0	880
22925	3	1	0	884	0	888
22926	0	0	1	892	0	893
22927	1	0	913	2	0	916
22928	0	0	2	912	0	914
22929	0	1	0	926	0	927
22930	0	2	1	926	0	929
22931	921	0	0	5	0	926
22932	3	1	931	1	0	936
22933	2	0	922	1	0	925
22934	917	0	4	0	0	921
22935	923	0	3	0	0	926
22936	2	0	953	2	0	957
22937	1	0	2	928	0	931
22938	1	962	3	2	0	968
22939	0	2	3	961	0	966
22940	965	0	0	5	0	970
22941	962	2	2	0	0	966
22942	3	0	1	950	0	954
22943	2	971	1	6	0	980
22944	5	3	0	930	0	938
22945	2	947	1	5	0	955
22946	952	3	1	3	0	959
22947	932	0	0	5	0	937
22948	924	1	0	1	0	926
22949	3	911	2	4	0	920
22950	2	938	2	0	0	942
22951	2	4	0	928	0	934
22952	2	3	1	932	0	938
22953	0	1	2	932	0	935
22954	2	0	1	938	0	941
22955	1	2	915	4	0	922
22956	883	2	3	2	0	890
22957	2	0	923	4	0	929
22958	917	0	5	2	0	924
22959	5	0	955	2	0	962
22960	942	0	3	1	0	946
22961	4	0	970	2	0	976
22962	950	0	3	1	0	954
22963	4	1	2	966	0	973
22964	987	0	1	5	0	993
22965	5	0	0	997	0	1002
22966	2	1	0	996	0	999
22967	1	0	2	957	0	960
22968	0	947	0	5	0	952
22969	929	2	1	2	0	934
22970	934	1	0	4	0	939
22971	5	950	0	0	0	955
22972	1	2	2	947	0	952
22973	2	0	949	2	0	953
22974	930	1	3	1	0	935
22975	944	0	0	1	0	945
22976	927	0	2	3	0	932
22977	4	0	0	910	0	914
22978	1	910	2	4	0	917
22979	2	2	0	909	0	913
22980	894	0	0	5	0	899
22981	4	1	0	872	0	877
22982	1	863	2	4	0	870
22983	847	4	1	1	0	853
22984	2	0	865	2	0	869
22985	4	2	853	1	0	860
22986	5	858	3	0	0	866
22987	2	828	3	0	0	833
22988	11	2	768	0	0	781
22989	5	2	720	0	0	727
22990	2	45	1	559	0	607
22991	567	0	1	2	0	570
22992	1	0	578	0	0	579
22993	0	543	0	1	0	544
22994	537	0	4	0	0	541
22995	0	537	0	0	0	537
22996	511	0	0	0	0	511
22997	2	514	0	0	0	516
22998	0	514	0	0	0	514
22999	0	0	0	522	0	522
23000	0	0	1	520	0	521
23001	0	0	511	0	0	511
23002	0	0	0	506	0	506
23003	508	0	0	0	0	508
23004	509	0	2	0	0	511
23005	0	0	0	510	0	510
23006	0	0	516	0	0	516
23007	1	0	516	0	0	517
23008	0	0	0	518	0	518
23009	0	0	529	0	0	529
23010	0	0	0	525	0	525
23011	0	0	0	528	0	528
23012	0	0	587	0	0	587
23013	566	0	0	0	0	566
23014	588	0	0	0	0	588
23015	1	0	595	1	0	597
23016	0	0	616	0	0	616
23017	0	0	0	610	0	610
23018	0	0	0	676	0	676
23019	0	0	0	683	0	683
23020	0	0	0	692	0	692
23021	697	0	0	0	0	697
23022	726	0	0	1	0	727
23023	1	0	0	757	0	758
23024	0	0	0	790	0	790
23025	0	0	856	3	0	859
23026	1	0	2	871	0	874
23027	1	0	1	905	0	907
23028	934	0	2	3	0	939
23029	2	998	1	2	0	1003
23030	1	1	0	991	0	993
23031	2	1	0	995	0	998
23032	0	1	0	980	0	981
23033	0	968	0	7	0	975
23034	2	984	0	2	0	988
23035	2	3	0	979	0	984
23036	1	2	0	959	0	962
23037	0	2	0	958	0	960
23038	935	1	1	4	0	941
23039	2	942	0	8	0	952
23040	947	2	0	3	0	952
23041	951	1	1	0	0	953
23042	3	2	0	935	0	940
23043	3	922	0	3	0	928
23044	924	2	0	2	0	928
23045	2	1	0	921	0	924
23046	930	2	1	3	0	936
23047	3	1	1	932	0	937
23048	1	0	939	6	0	946
23049	1	0	945	3	0	949
23050	0	0	3	926	0	929
23051	1	1	2	924	0	928
23052	1	3	2	906	0	912
23053	2	926	0	4	0	932
23054	2	935	0	3	0	940
23055	925	3	1	3	0	932
23056	918	2	1	0	0	921
23057	3	919	0	1	0	923
23058	3	904	0	2	0	909
23059	2	899	0	1	0	902
23060	869	5	0	3	0	877
23061	4	870	1	2	0	877
23062	4	3	1	869	0	877
23063	868	1	0	6	0	875
23064	853	2	0	3	0	858
23065	4	0	1	825	0	830
23066	2	0	813	5	0	820
23067	2	1	807	3	0	813
23068	4	0	3	810	0	817
23069	2	1	812	4	0	819
23070	0	1	6	804	0	811
23071	0	2	1	798	0	801
23072	0	2	797	7	0	806
23073	3	1	797	5	0	806
23074	2	4	4	791	0	801
23075	2	4	2	806	0	814
23076	791	1	1	6	0	799
23077	4	794	0	7	0	805
23078	4	809	0	4	0	817
23079	797	7	2	2	0	808
23080	801	5	1	5	0	812
23081	6	801	0	9	0	816
23082	4	797	1	6	0	808
23083	794	7	0	5	0	806
23084	4	5	1	784	0	794
23085	768	2	2	5	0	777
23086	5	770	1	10	0	786
23087	771	2	2	7	0	782
23088	7	4	767	4	0	782
23089	762	2	3	5	0	772
23090	7	3	770	4	0	784
23091	5	1	4	755	0	765
23092	739	1	1	9	0	750
23093	5	3	729	4	0	741
23094	5	2	3	723	0	733
23095	705	2	2	5	0	714
23096	5	1	715	7	0	728
23097	4	2	3	713	0	722
23098	706	2	3	6	0	717
23099	2	698	4	5	0	709
23100	4	5	1	707	0	717
23101	4	3	1	707	0	715
23102	2	5	1	705	0	713
23103	2	714	2	10	0	728
23104	3	7	0	722	0	732
23105	4	5	0	721	0	730
23106	4	4	2	717	0	727
23107	4	3	0	731	0	738
23108	4	5	720	6	0	735
23109	696	3	4	5	0	708
23110	714	2	2	4	0	722
23111	6	716	5	2	0	729
23112	6	3	1	667	0	677
23113	5	2	1	663	0	671
23114	3	661	4	5	0	673
23115	1	2	2	652	0	657
23116	626	1	3	5	0	635
23117	2	612	4	6	0	624
23118	576	2	1	5	0	584
23119	4	3	1	569	0	577
23120	2	3	570	5	0	580
23121	1	568	3	5	0	577
23122	518	1	9	5	0	533
23123	0	487	2	5	0	494
23124	1	459	0	4	0	464
23125	381	1	2	3	0	387
23126	0	1	368	1	0	370
23127	3	320	0	1	0	324
23128	241	6	24	7	0	278
23129	207	1	3	1	0	212
23130	2	207	0	0	0	209
23131	2	0	0	211	0	213
23132	0	2	222	0	0	224
23133	0	0	0	221	0	221
23134	0	0	1	226	0	227
23135	0	1	0	229	0	230
23136	0	0	232	2	0	234
23137	3	0	0	233	0	236
23138	0	1	234	0	0	235
23139	0	0	228	1	0	229
23140	213	0	1	0	0	214
23141	0	227	1	0	0	228
23142	1	227	0	0	0	228
23143	0	1	2	235	0	238
23144	252	1	0	0	0	253
23145	253	0	0	1	0	254
23146	241	0	0	0	0	241
23147	245	0	0	0	0	245
23148	236	0	0	0	0	236
23149	1	0	233	0	0	234
23150	1	0	0	226	0	227
23151	0	231	1	0	0	232
23152	0	0	0	230	0	230
23153	233	1	0	0	0	234
23154	0	234	0	1	0	235
23155	1	0	0	235	0	236
23156	234	1	0	0	0	235
23157	252	0	0	2	0	254
23158	1	0	0	252	0	253
23159	1	0	0	246	0	247
23160	0	0	0	250	0	250
23161	0	0	249	1	0	250
23162	0	0	246	1	0	247
23163	0	0	1	253	0	254
23164	0	0	1	255	0	256
23165	254	0	0	1	0	255
23166	254	0	0	1	0	255
23167	262	0	0	0	0	262
23168	282	0	0	0	0	282
23169	284	0	0	0	0	284
23170	1	293	0	0	0	294
23171	305	0	0	0	0	305
23172	299	1	0	0	0	300
23173	300	0	0	0	0	300
23174	1	0	0	314	0	315
23175	1	0	309	0	0	310
23176	0	1	0	311	0	312
23177	0	0	342	1	0	343
23178	0	0	0	331	0	331
23179	0	345	2	0	0	347
23180	342	0	0	2	0	344
23181	347	2	0	0	0	349
23182	2	0	0	357	0	359
23183	2	0	0	375	0	377
23184	0	0	0	380	0	380
23185	0	386	0	3	0	389
23186	386	0	0	2	0	388
23187	387	2	0	0	0	389
23188	2	403	0	0	0	405
23189	2	0	0	400	0	402
23190	1	2	0	392	0	395
23191	0	412	0	2	0	414
23192	416	0	0	2	0	418
23193	410	2	0	0	0	412
23194	2	0	0	413	0	415
23195	2	0	420	0	0	422
23196	0	0	415	2	0	417
23197	0	0	2	431	0	433
23198	0	0	2	430	0	432
23199	0	0	0	437	0	437
23200	431	0	0	2	0	433
23201	438	0	0	2	0	440
23202	2	467	0	1	0	470
23203	470	0	0	0	0	470
23204	0	1	481	0	0	482
23205	1	0	473	0	0	474
23206	0	500	1	0	0	501
23207	467	1	5	0	0	473
23208	0	477	0	1	0	478
23209	466	0	0	0	0	466
23210	0	1	480	0	0	481
23211	1	0	473	0	0	474
23212	1	0	1	474	0	476
23213	0	0	501	0	0	501
23214	1	0	0	515	0	516
23215	0	0	1	495	0	496
23216	0	513	0	4	0	517
23217	0	0	0	517	0	517
23218	0	1	0	520	0	521
23219	525	0	0	1	0	526
23220	0	540	0	1	0	541
23221	1	0	0	548	0	549
23222	0	1	557	1	0	559
23223	527	0	1	1	0	529
23224	1	0	559	0	0	560
23225	1	2	1	535	0	539
23226	1	579	1	1	0	582
23227	0	1	0	563	0	564
23228	588	1	0	1	0	590
23229	579	0	0	1	0	580
23230	1	605	0	0	0	606
23231	629	1	1	0	0	631
23232	630	2	0	0	0	632
23233	637	0	0	0	0	637
23234	645	1	0	0	0	646
23235	605	0	0	1	0	606
23236	4	0	634	0	0	638
23237	2	0	1	633	0	636
23238	0	0	3	635	0	638
23239	0	0	1	626	0	627
23240	0	639	0	4	0	643
23241	0	1	0	641	0	642
23242	0	2	652	2	0	656
23243	1	645	1	2	0	649
23244	1	643	2	0	0	646
23245	2	5	0	638	0	645
23246	1	2	0	632	0	635
23247	1	0	1	623	0	625
23248	0	633	1	4	0	638
23249	0	635	0	2	0	637
23250	642	3	1	0	0	646
23251	638	2	0	0	0	640
23252	3	642	0	0	0	645
23253	657	1	1	0	0	659
23254	689	2	1	2	0	694
23255	3	0	0	700	0	703
23256	2	0	1	713	0	716
23257	0	0	0	711	0	711
23258	0	0	716	4	0	720
23259	0	1	730	2	0	733
23260	0	738	4	1	0	743
23261	756	1	2	2	0	761
23262	2	2	771	1	0	776
23263	768	1	1	2	0	772
23264	2	1	833	1	0	837
23265	824	0	2	0	0	826
23266	4	879	4	0	0	887
23267	876	2	2	0	0	880
23268	3	3	2	863	0	871
23269	4	2	2	881	0	889
23270	1	2	885	4	0	892
23271	1	915	0	4	0	920
23272	2	3	3	914	0	922
23273	1	5	917	2	0	925
23274	868	1	3	3	0	875
23275	2	902	5	1	0	910
23276	890	1	2	2	0	895
23277	3	870	2	5	0	880
23278	3	2	1	865	0	871
23279	857	3	1	2	0	863
23280	1	876	0	3	0	880
23281	2	1	0	879	0	882
23282	1	2	871	3	0	877
23283	837	2	2	4	0	845
23284	2	2	2	868	0	874
23285	2	0	862	3	0	867
23286	2	862	3	3	0	870
23287	1	2	3	856	0	862
23288	1	2	856	3	0	862
23289	0	2	3	804	0	809
23290	0	858	2	2	0	862
23291	0	856	2	3	0	861
23292	2	4	851	3	0	860
23293	2	5	0	843	0	850
23294	1	4	858	1	0	864
23295	834	2	3	4	0	843
23296	2	0	3	825	0	830
23297	4	830	3	2	0	839
23298	4	840	1	5	0	850
23299	832	3	1	2	0	838
23300	1	851	1	5	0	858
23301	844	5	0	1	0	850
23302	8	3	826	1	0	838
23303	784	2	2	1	0	789
23304	3	805	3	0	0	811
23305	789	1	4	1	0	795
23306	4	786	2	1	0	793
23307	3	5	0	787	0	795
23308	0	3	0	799	0	802
23309	1	2	796	7	0	806
23310	768	1	1	6	0	776
23311	1	0	817	4	0	822
23312	820	1	3	1	0	825
23313	3	2	3	802	0	810
23314	4	0	3	807	0	814
23315	2	830	2	4	0	838
23316	1	4	0	867	0	872
23317	2	2	0	870	0	874
23318	1	4	874	4	0	883
23319	798	4	3	7	0	812
23320	3	837	2	5	0	847
23321	843	2	3	2	0	850
23322	4	2	2	835	0	843
23323	3	2	1	837	0	843
23324	839	3	0	3	0	845
23325	3	845	0	5	0	853
23326	806	1	2	3	0	812
23327	4	828	0	1	0	833
23328	4	805	0	0	0	809
23329	800	4	4	0	0	808
23330	3	3	0	788	0	794
23331	1	5	777	1	0	784
23332	3	2	1	767	0	773
23333	1	1	1	759	0	762
23334	0	766	2	5	0	773
23335	2	1	1	768	0	772
23336	1	1	1	760	0	763
23337	1	2	0	768	0	771
23338	0	2	1	777	0	780
23339	1	2	772	5	0	780
23340	1	0	781	5	0	787
23341	0	1	2	798	0	801
23342	1	1	789	2	0	793
23343	0	0	786	3	0	789
23344	1	0	3	781	0	785
23345	0	1	805	2	0	808
23346	4	0	4	759	0	767
23347	0	813	2	2	0	817
23348	819	1	2	2	0	824
23349	1	2	867	3	0	873
23350	1	2	2	862	0	867
23351	5	1	877	3	0	886
23352	2	2	5	919	0	928
23353	3	0	2	924	0	929
23354	892	2	3	5	0	902
23355	2	2	1	900	0	905
23356	883	0	0	7	0	890
23357	884	0	0	6	0	890
23358	6	872	2	3	0	883
23359	850	3	0	3	0	856
23360	6	853	0	1	0	860
23361	3	841	0	0	0	844
23362	820	6	6	2	0	834
23363	3	5	806	2	0	816
23364	2	2	754	2	0	760
23365	729	5	13	3	0	750
23366	714	0	9	0	0	723
23367	6	716	4	3	0	729
23368	737	3	0	3	0	743
23369	730	3	2	1	0	736
23370	714	2	3	1	0	720
23371	8	0	0	702	0	710
23372	698	0	2	4	0	704
23373	5	729	0	4	0	738
23374	5	4	0	741	0	750
23375	4	4	0	742	0	750
23376	0	748	2	7	0	757
23377	1	3	1	754	0	759
23378	740	3	4	5	0	752
23379	743	2	3	5	0	753
23380	7	739	0	8	0	754
23381	7	738	1	3	0	749
23382	740	7	1	2	0	750
23383	7	4	737	2	0	750
23384	7	1	729	0	0	737
23385	2	1	6	718	0	727
23386	1	2	4	725	0	732
23387	3	1	727	6	0	737
23388	0	717	4	3	0	724
23389	1	4	3	714	0	722
23390	1	3	729	3	0	736
23391	1	2	5	719	0	727
23392	1	0	4	718	0	723
23393	4	747	2	6	0	759
23394	2	4	1	743	0	750
23395	3	5	0	738	0	746
23396	3	2	0	745	0	750
23397	747	1	0	5	0	753
23398	4	1	1	737	0	743
23399	4	740	1	3	0	748
23400	730	5	1	4	0	740
23401	4	4	714	4	0	726
23402	3	1	718	2	0	724
23403	709	2	7	2	0	720
23404	4	1	4	722	0	731
23405	5	1	731	4	0	741
23406	3	1	3	729	0	736
23407	3	1	3	730	0	737
23408	717	3	1	7	0	728
23409	725	1	0	3	0	729
23410	10	720	1	3	0	734
23411	5	5	3	700	0	713
23412	3	4	697	5	0	709
23413	1	712	3	7	0	723
23414	685	4	5	4	0	698
23415	4	703	3	1	0	711
23416	682	4	2	1	0	689
23417	9	3	696	2	0	710
23418	693	1	3	0	0	697
23419	714	1	4	2	0	721
23420	7	3	740	2	0	752
23421	9	0	3	705	0	717
23422	2	734	4	6	0	746
23423	3	747	2	10	0	762
23424	2	751	0	4	0	757
23425	3	13	1	733	0	750
23426	2	7	752	4	0	765
23427	1	4	4	749	0	758
23428	4	1	3	762	0	770
23429	3	3	769	6	0	781
23430	2	763	4	6	0	775
23431	4	3	3	761	0	771
23432	774	5	3	2	0	784
23433	4	2	2	776	0	784
23434	6	2	1	772	0	781
23435	3	781	2	7	0	793
23436	774	3	4	5	0	786
23437	4	5	1	807	0	817
23438	6	3	803	4	0	816
23439	0	800	3	8	0	811
23440	786	3	5	5	0	799
23441	4	3	806	1	0	814
23442	799	4	2	3	0	808
23443	4	4	4	785	0	797
23444	5	811	3	6	0	825
23445	798	5	3	4	0	810
23446	798	5	1	5	0	809
23447	7	828	1	4	0	840
23448	4	3	3	810	0	820
23449	0	5	1	778	0	784
23450	755	1	4	6	0	766
23451	5	764	1	5	0	775
23452	5	3	2	706	0	716
23453	1	708	2	3	0	714
23454	0	700	2	2	0	704
23455	13	3	0	670	0	686
23456	671	2	0	1	0	674
23457	0	678	1	3	0	682
23458	1	0	1	683	0	685
23459	1	2	0	689	0	692
23460	2	0	702	2	0	706
23461	1	1	690	2	0	694
23462	0	702	3	2	0	707
23463	0	3	696	1	0	700
23464	2	3	3	693	0	701
23465	1	2	732	2	0	737
23466	2	1	1	729	0	733
23467	0	2	0	754	0	756
23468	1	1	1	752	0	755
23469	750	0	0	3	0	753
23470	1	1	2	752	0	756
23471	0	2	1	751	0	754
23472	3	757	0	1	0	761
23473	0	0	2	736	0	738
23474	736	0	0	3	0	739
23475	1	762	1	1	0	765
23476	772	2	0	4	0	778
23477	6	1	775	2	0	784
23478	1	2	799	2	0	804
23479	2	1	1	801	0	805
23480	1	0	2	809	0	812
23481	0	813	2	4	0	819
23482	1	1	1	816	0	819
23483	808	2	0	5	0	815
23484	809	1	3	2	0	815
23485	1	4	0	830	0	835
23486	3	2	908	2	0	915
23487	2	0	3	916	0	921
23488	2	0	1	941	0	944
23489	0	2	2	948	0	952
23490	0	1	0	939	0	940
23491	1	3	0	928	0	932
23492	0	936	0	6	0	942
23493	930	0	2	1	0	933
23494	945	4	0	2	0	951
23495	957	1	0	3	0	961
23496	2	979	5	0	0	986
23497	961	1	2	3	0	967
23498	2	976	0	5	0	983
23499	2	3	981	3	0	989
23500	2	2	0	964	0	968
23501	1	1	994	4	0	1000
23502	2	1006	2	2	0	1012
23503	997	0	1	5	0	1003
23504	1	1	1039	6	0	1047
23505	4	3	1102	1	0	1110
23506	1	1144	3	4	0	1152
23507	2	2	3	1160	0	1167
23508	2	5	1230	5	0	1242
23509	1	2	3	1240	0	1246
23510	1	0	3	1365	0	1369
23511	1	1	2	1466	0	1470
23512	1552	2	2	8	0	1564
23513	1559	0	1	4	0	1564
23514	11	1	2	1558	0	1572
23515	1569	2	3	8	0	1582
23516	10	1	1567	4	0	1582
23517	4	1	1565	1	0	1571
23518	2	1	1585	1	0	1589
23519	1	0	1606	3	0	1610
23520	1	1560	12	4	0	1577
23521	0	11	6	1542	0	1559
23522	3	4	1583	6	0	1596
23523	1496	1	8	4	0	1509
23524	1573	0	4	1	0	1578
23525	9	1592	1	2	0	1604
23526	1572	6	0	2	0	1580
23527	5	3	1	1573	0	1582
23528	3	2	1622	7	0	1634
23529	3	0	5	1545	0	1553
23530	1	1648	3	6	0	1658
23531	1639	6	1	3	0	1649
23532	1616	4	0	1	0	1621
23533	9	1637	1	5	0	1652
23534	1643	7	0	0	0	1650
23535	1638	3	2	0	0	1643
23536	8	1667	1	3	0	1679
23537	3	6	2	1615	0	1626
23538	1	1640	1	4	0	1646
23539	1640	8	0	3	0	1651
23540	6	4	1	1631	0	1642
23541	1617	1	1	7	0	1626
23542	8	1	0	1620	0	1629
23543	6	0	1617	10	0	1633
23544	1563	1	7	3	0	1574
23545	7	0	1616	2	0	1625
23546	3	0	7	1594	0	1604
23547	1	1	1587	9	0	1598
23548	1	0	7	1577	0	1585
23549	1	2	1589	7	0	1599
23550	1528	1	7	4	0	1540
23551	7	1583	3	1	0	1594
23552	1585	7	2	0	0	1594
23553	8	3	1	1578	0	1590
23554	1572	1	0	6	0	1579
23555	6	1587	1	5	0	1599
23556	3	1601	0	2	0	1606
23557	1	1635	0	1	0	1637
23558	1632	9	1	0	0	1642
23559	7	3	0	1624	0	1634
23560	5	0	0	1632	0	1637
23561	1	1	1622	9	0	1633
23562	1	1	1630	4	0	1636
23563	1	0	9	1622	0	1632
23564	0	2	1655	5	0	1662
23565	0	1660	6	5	0	1671
23566	1645	7	3	2	0	1657
23567	7	5	1658	4	0	1674
23568	7	0	1669	0	0	1676
23569	2	0	11	1634	0	1647
23570	1674	1	6	9	0	1690
23571	9	0	0	1680	0	1689
23572	1678	0	1	9	0	1688
23573	9	1	1	1680	0	1691
23574	4	0	1712	9	0	1725
23575	2	1689	7	8	0	1706
23576	1	9	1716	0	0	1726
23577	0	1712	11	2	0	1725
23578	0	7	7	1676	0	1690
23579	1667	3	2	8	0	1680
23580	7	3	1681	5	0	1696
23581	3	1	7	1668	0	1679
23582	1	0	5	1701	0	1707
23583	1711	0	0	11	0	1722
23584	8	2	1	1693	0	1704
23585	3	1712	0	7	0	1722
23586	1642	8	0	2	0	1652
23587	5	3	1640	2	0	1650
23588	1590	0	10	0	0	1600
23589	7	1654	3	2	0	1666
23590	4	12	0	1587	0	1603
23591	2	1661	0	8	0	1671
23592	1645	7	0	3	0	1655
23593	7	6	1659	1	0	1673
23594	1626	3	7	0	0	1636
23595	9	1671	3	0	0	1683
23596	3	9	0	1670	0	1682
23597	1675	4	0	9	0	1688
23598	1687	2	0	4	0	1693
23599	12	0	1	1680	0	1693
23600	6	1	0	1695	0	1702
23601	3	1682	2	10	0	1697
23602	1	13	0	1681	0	1695
23603	1	1929	3	7	0	1940
23604	2	1991	0	4	0	1997
23605	0	37	2	1826	0	1865
23606	1	1889	0	12	0	1902
23607	2	14	1980	5	0	2001
23608	6	6	2013	5	0	2030
23609	1	2006	16	2	0	2025
23610	1	7	1986	0	0	1994
23611	4	8	1939	0	0	1951
23612	0	3	1827	2	0	1832
23613	0	1797	14	4	0	1815
23614	1743	12	20	0	0	1775
23615	8	1747	1	1	0	1757
23616	5	10	1760	0	0	1775
23617	1	4	11	1708	0	1724
23618	1734	2	5	9	0	1750
23619	11	0	1739	5	0	1755
23620	6	0	9	1709	0	1724
23621	1	0	1749	9	0	1759
23622	0	0	10	1699	0	1709
23623	1692	0	5	11	0	1708
23624	9	1	1726	5	0	1741
23625	5	1731	9	4	0	1749
23626	1	9	6	1680	0	1696
23627	1728	7	1	10	0	1746
23628	9	2	1725	5	0	1741
23629	6	1	11	1586	0	1604
23630	2	1699	6	6	0	1713
23631	1698	10	3	5	0	1716
23632	1710	5	3	1	0	1719
23633	14	2	0	1675	0	1691
23634	7	1743	2	11	0	1763
23635	3	1755	2	13	0	1773
23636	1779	17	1	2	0	1799
23637	13	10	1	1733	0	1757
23638	6	1782	1	14	0	1803
23639	1756	14	2	5	0	1777
23640	12	6	2	1780	0	1800
23641	6	2	0	1793	0	1801
23642	2	1	1748	22	0	1773
23643	1	1789	10	6	0	1806
23644	1	1816	6	3	0	1826
23645	1	15	5	1785	0	1806
23646	1792	6	2	16	0	1816
23647	13	1799	1	6	0	1819
23648	1786	13	1	1	0	1801
23649	12	1788	0	0	0	1800
23650	7	15	0	1764	0	1786
23651	1765	5	2	10	0	1782
23652	13	2	2	1768	0	1785
23653	7	2	1763	12	0	1784
23654	2	2	12	1675	0	1691
23655	1	1741	5	13	0	1760
23656	1720	13	3	5	0	1741
23657	10	1714	1	3	0	1728
23658	7	11	2	1651	0	1671
23659	2	9	2	1681	0	1694
23660	1	3	1664	18	0	1686
23661	2	1	1672	8	0	1683
23662	4	6	15	1640	0	1665
23663	1	1	1660	14	0	1676
23664	1	1619	13	8	0	1641
23665	1582	15	5	3	0	1605
23666	14	7	1603	1	0	1625
23667	1544	3	12	2	0	1561
23668	1576	2	7	2	0	1587
23669	1575	1	4	1	0	1581
23670	1560	2	1	3	0	1566
23671	16	1	3	1535	0	1555
23672	6	1	2	1509	0	1518
23673	2	1538	3	12	0	1555
23674	1489	11	2	8	0	1510
23675	13	6	1477	2	0	1498
23676	5	3	13	1435	0	1456
23677	2	1	7	1440	0	1450
23678	2	2	1436	15	0	1455
23679	0	1437	12	8	0	1457
23680	4	11	5	1412	0	1432
23681	0	4	6	1446	0	1456
23682	1417	3	2	18	0	1440
23683	13	1416	1	8	0	1438
23684	5	15	3	1377	0	1400
23685	4	1395	2	10	0	1411
23686	3	12	2	1401	0	1418
23687	1395	5	1	13	0	1414
23688	1402	3	2	5	0	1412
23689	17	0	2	1365	0	1384
23690	1356	2	2	13	0	1373
23691	1347	2	1	8	0	1358
23692	17	1359	2	3	0	1381
23693	8	12	2	1297	0	1319
23694	3	1334	1	11	0	1349
23695	0	13	3	1317	0	1333
23696	1294	5	2	12	0	1313
23697	12	4	0	1287	0	1303
23698	7	4	1	1294	0	1306
23699	2	2	1289	17	0	1310
23700	1	1259	10	9	0	1279
23701	3	1268	5	5	0	1281
23702	1210	17	5	5	0	1237
23703	10	14	1	955	0	980
23704	854	2	1	7	0	864
23705	9	839	0	3	0	851
23706	4	752	0	3	0	759
23707	0	742	3	3	0	748
23708	630	11	11	1	0	653
23709	5	601	0	2	0	608
23710	548	10	6	1	0	565
23711	514	0	1	0	0	515
23712	540	1	0	0	0	541
23713	5	0	1	575	0	581
23714	2	2	0	592	0	596
23715	1	0	0	592	0	593
23716	1	0	1	588	0	590
23717	583	0	0	7	0	590
23718	4	581	0	3	0	588
23719	4	3	0	576	0	583
23720	592	2	0	4	0	598
23721	4	1	0	583	0	588
23722	2	0	0	591	0	593
23723	580	2	0	6	0	588
23724	5	0	582	3	0	590
23725	2	0	5	573	0	580
23726	0	1	588	6	0	595
23727	0	0	4	575	0	579
23728	0	0	4	571	0	575
23729	558	2	0	6	0	566
23730	4	556	0	3	0	563
23731	3	541	0	2	0	546
23732	525	4	0	1	0	530
23733	2	542	0	0	0	544
23734	540	1	1	2	0	544
23735	1	3	536	0	0	540
23736	484	0	1	0	0	485
23737	487	0	2	0	0	489
23738	487	0	0	0	0	487
23739	3	0	0	479	0	482
23740	2	0	0	484	0	486
23741	0	487	0	3	0	490
23742	0	1	0	480	0	481
23743	479	2	0	1	0	482
23744	1	476	0	2	0	479
23745	2	481	0	0	0	483
23746	480	3	0	0	0	483
23747	1	2	494	0	0	497
23748	2	0	1	485	0	488
23749	0	0	504	1	0	505
23750	0	0	1	500	0	501
23751	0	512	2	2	0	516
23752	0	1	0	520	0	521
23753	516	2	0	2	0	520
23754	1	1	0	515	0	517
23755	3	1	547	1	0	552
23756	515	0	1	3	0	519
23757	1	567	2	0	0	570
23758	2	589	0	2	0	593
23759	608	3	0	1	0	612
23760	663	2	0	0	0	665
23761	4	0	668	0	0	672
23762	651	1	2	1	0	655
23763	1	665	4	0	0	670
23764	671	1	0	1	0	673
23765	2	3	0	645	0	650
23766	4	638	0	1	0	643
23767	642	2	0	3	0	647
23768	1	4	653	0	0	658
23769	3	0	1	646	0	650
23770	665	1	3	1	0	670
23771	2	1	663	3	0	669
23772	664	1	2	0	0	667
23773	3	0	3	665	0	671
23774	4	0	1	669	0	674
23775	0	0	679	5	0	684
23776	0	0	2	675	0	677
23777	680	0	3	2	0	685
23778	1	683	0	3	0	687
23779	682	1	0	2	0	685
23780	684	3	0	0	0	687
23781	4	1	0	680	0	685
23782	3	1	689	5	0	698
23783	2	0	1	696	0	699
23784	693	1	4	1	0	699
23785	1	699	0	5	0	705
23786	707	1	1	0	0	709
23787	2	3	0	698	0	703
23788	4	1	1	707	0	713
23789	1	0	0	711	0	712
23790	1	1	701	4	0	707
23791	1	0	1	703	0	705
23792	1	0	703	2	0	706
23793	1	1	706	3	0	711
23794	1	1	4	772	0	778
23795	0	0	779	1	0	780
23796	857	0	1	4	0	862
23797	6	0	4	886	0	896
23798	4	1	2	865	0	872
23799	2	888	0	9	0	899
23800	894	5	0	5	0	904
23801	928	4	0	1	0	933
23802	8	957	1	1	0	967
23803	4	5	0	958	0	967
23804	2	4	965	6	0	977
23805	942	1	5	4	0	952
23806	974	0	4	1	0	979
23807	10	0	0	940	0	950
23808	4	0	925	6	0	935
23809	2	918	5	4	0	929
23810	892	5	4	2	0	903
23811	6	4	916	1	0	927
23812	3	894	4	0	0	901
23813	851	6	3	1	0	861
23814	849	2	0	2	0	853
23815	6	0	1	829	0	836
23816	3	866	0	6	0	875
23817	2	6	1	877	0	886
23818	0	3	1	888	0	892
23819	1	0	1	881	0	883
23820	0	0	1	871	0	872
23821	1	0	869	8	0	878
23822	1	0	6	870	0	877
23823	1	0	2	878	0	881
23824	1	0	874	6	0	881
23825	0	872	4	3	0	879
23826	863	4	2	0	0	869
23827	865	2	1	0	0	868
23828	7	1	0	862	0	870
23829	863	1	1	4	0	869
23830	4	0	1	874	0	879
23831	4	0	890	5	0	899
23832	2	1	899	3	0	905
23833	2	886	6	4	0	898
23834	858	5	2	3	0	868
23835	5	2	944	2	0	953
23836	3	1	5	899	0	908
23837	1	0	4	1004	0	1009
23838	0	0	0	1014	0	1014
23839	0	1	2	1022	0	1025
23840	2	0	2	1023	0	1027
23841	2	1	1012	10	0	1025
23842	2	0	7	1017	0	1026
23843	1006	0	4	8	0	1018
23844	6	1022	0	6	0	1034
23845	1020	7	0	1	0	1028
23846	7	1020	1	1	0	1029
23847	1019	7	1	1	0	1028
23848	1045	4	1	0	0	1050
23849	10	2	0	1035	0	1047
23850	4	0	1	1043	0	1048
23851	1019	1	2	9	0	1031
23852	1017	0	0	5	0	1022
23853	1014	0	0	3	0	1017
23854	9	1004	1	3	0	1017
23855	3	986	1	5	0	995
23856	1	10	985	1	0	997
23857	2	7	9	945	0	963
23858	0	1	952	8	0	961
23859	2	930	7	2	0	941
23860	3	8	2	876	0	889
23861	2	2	0	875	0	879
23862	1	2	0	887	0	890
23863	874	0	0	10	0	884
23864	878	0	0	2	0	880
23865	8	885	0	3	0	896
23866	4	6	1	883	0	894
23867	3	2	898	6	0	909
23868	1	1	880	2	0	884
23869	869	0	8	1	0	878
23870	880	1	4	0	0	885
23871	8	1	0	872	0	881
23872	871	0	1	7	0	879
23873	6	0	870	4	0	880
23874	2	871	7	3	0	883
23875	1	7	2	866	0	876
23876	0	2	888	8	0	898
23877	0	0	11	883	0	894
23878	3	0	3	889	0	895
23879	2	2	894	8	0	906
23880	859	0	6	3	0	868
23881	907	2	3	1	0	913
23882	10	944	1	1	0	956
23883	961	8	1	0	0	970
23884	979	2	1	3	0	985
23885	11	0	995	2	0	1008
23886	982	0	7	1	0	990
23887	8	1038	4	1	0	1051
23888	1045	7	1	0	0	1053
23889	1068	4	1	0	0	1073
23890	1087	3	1	0	0	1091
23891	1076	0	1	1	0	1078
23892	1078	1	1	1	0	1081
23893	14	1071	1	1	0	1087
23894	1006	8	1	1	0	1016
23895	10	1001	1	1	0	1013
23896	3	880	0	4	0	887
23897	3	911	0	0	0	914
23898	892	7	4	1	0	904
23899	880	3	1	0	0	884
23900	9	0	897	0	0	906
23901	900	2	5	0	0	907
23902	899	2	2	0	0	903
23903	9	1	895	0	0	905
23904	5	1	4	875	0	885
23905	1	1	3	891	0	896
23906	0	1	1	907	0	909
23907	2	0	0	909	0	911
23908	2	0	0	907	0	909
23909	0	0	898	8	0	906
23910	1	885	5	11	0	902
23911	864	4	3	1	0	872
23912	5	864	1	3	0	873
23913	867	4	2	2	0	875
23914	866	4	0	2	0	872
23915	9	0	857	1	0	867
23916	4	3	4	791	0	802
23917	1	828	3	6	0	838
23918	822	5	3	3	0	833
23919	826	4	2	0	0	832
23920	830	0	1	0	0	831
23921	9	846	1	0	0	856
23922	843	4	0	1	0	848
23923	848	4	0	0	0	852
23924	846	0	2	0	0	848
23925	8	1	0	832	0	841
23926	5	2	1	828	0	836
23927	2	2	0	835	0	839
23928	826	1	0	8	0	835
23929	8	833	0	4	0	845
23930	832	5	0	0	0	837
23931	815	4	0	2	0	821
23932	807	0	0	1	0	808
23933	792	2	0	1	0	795
23934	10	788	1	0	0	799
23935	705	4	0	0	0	709
23936	6	706	1	0	0	713
23937	5	648	0	0	0	653
23938	648	5	1	1	0	655
23939	5	649	0	1	0	655
23940	6	648	1	3	0	658
23941	654	6	3	1	0	664
23942	649	4	1	1	0	655
23943	6	3	1	641	0	651
23944	7	1	0	647	0	655
23945	664	3	0	6	0	673
23946	678	2	1	4	0	685
23947	670	0	1	0	0	671
23948	7	2	654	0	0	663
23949	669	0	3	3	0	675
23950	4	2	2	675	0	683
23951	7	1	1	673	0	682
23952	5	0	0	680	0	685
23953	4	1	2	680	0	687
23954	1	1	674	7	0	683
23955	4	2	680	4	0	690
23956	3	1	5	674	0	683
23957	5	0	673	5	0	683
23958	1	1	686	7	0	695
23959	3	1	6	689	0	699
23960	3	0	4	699	0	706
23961	3	1	3	702	0	709
23962	2	2	1	708	0	713
23963	702	3	1	7	0	713
23964	750	1	0	5	0	756
23965	8	1	0	736	0	745
23966	7	1	1	743	0	752
23967	2	4	1	732	0	739
23968	4	2	1	734	0	741
23969	5	1	1	726	0	733
23970	5	734	0	6	0	745
23971	735	3	0	4	0	742
23972	5	747	1	2	0	755
23973	736	4	1	3	0	744
23974	735	5	0	3	0	743
23975	733	2	0	1	0	736
23976	10	1	0	711	0	722
23977	710	1	0	7	0	718
23978	6	2	0	703	0	711
23979	8	1	0	700	0	709
23980	704	2	0	6	0	712
23981	7	707	1	4	0	719
23982	7	658	0	4	0	669
23983	640	3	0	1	0	644
23984	3	2	637	2	0	644
23985	602	1	3	2	0	608
23986	6	0	2	610	0	618
23987	2	569	2	2	0	575
23988	0	575	1	1	0	577
23989	583	4	0	1	0	588
23990	2	2	1	585	0	590
23991	3	606	1	2	0	612
23992	593	2	1	4	0	600
23993	596	3	0	1	0	600
23994	598	0	0	2	0	600
23995	601	0	0	1	0	602
23996	4	590	1	1	0	596
23997	3	580	0	2	0	585
23998	588	3	0	2	0	593
23999	607	2	0	1	0	610
24000	4	0	603	1	0	608
24001	1	585	1	1	0	588
24002	590	1	1	1	0	593
24003	612	1	0	1	0	614
24004	1	0	635	0	0	636
24005	602	0	1	1	0	604
24006	1	1	651	0	0	653
24007	2	0	710	0	0	712
24008	0	1	3	680	0	684
24009	1	708	1	1	0	711
24010	736	1	0	1	0	738
24011	2	1	0	735	0	738
24012	1	0	0	745	0	746
24013	0	0	0	747	0	747
24014	744	0	0	3	0	747
24015	1	0	0	747	0	748
24016	2	0	0	758	0	760
24017	0	1	778	2	0	781
24018	787	1	1	0	0	789
24019	823	0	2	0	0	825
24020	5	1	817	0	0	823
24021	791	0	2	0	0	793
24022	3	0	2	786	0	791
24023	2	804	0	2	0	808
24024	0	5	0	803	0	808
24025	802	2	0	2	0	806
24026	3	808	0	1	0	812
24027	2	4	0	809	0	815
24028	1	2	0	819	0	822
24029	1	0	0	822	0	823
24030	1	1	0	787	0	789
24031	1	833	0	4	0	838
24032	838	3	0	1	0	842
24033	843	3	0	0	0	846
24034	6	857	0	1	0	864
24035	924	3	0	0	0	927
24036	934	2	1	0	0	937
24037	931	1	0	0	0	932
24038	5	0	919	0	0	924
24039	3	0	3	915	0	921
24040	0	0	914	4	0	918
24041	892	0	3	2	0	897
24042	4	912	4	0	0	920
24043	893	4	1	0	0	898
24044	3	903	0	1	0	907
24045	2	5	0	877	0	884
24046	1	2	0	867	0	870
24047	0	0	874	7	0	881
24048	0	873	4	7	0	884
24049	861	4	2	1	0	868
24050	5	4	856	0	0	865
24051	851	0	4	1	0	856
24052	4	1	2	860	0	867
24053	2	0	868	4	0	874
24054	1	867	4	3	0	875
24055	1	2	2	861	0	866
24056	2	3	857	4	0	866
24057	2	0	866	2	0	870
24058	0	857	5	1	0	863
24059	0	6	2	838	0	846
24060	1	2	0	823	0	826
24061	1	839	0	3	0	843
24062	830	3	1	6	0	840
24063	3	2	1	827	0	833
24064	2	804	0	3	0	809
24065	810	3	0	2	0	815
24066	803	2	0	0	0	805
24067	804	1	0	0	0	805
24068	6	799	0	4	0	809
24069	807	3	1	0	0	811
24070	801	3	0	0	0	804
24071	5	0	0	791	0	796
24072	800	0	1	3	0	804
24073	3	1	1	793	0	798
24074	4	0	795	2	0	801
24075	0	0	809	2	0	811
24076	1	0	6	803	0	810
24077	0	1	810	5	0	816
24078	777	1	4	2	0	784
24079	3	1	2	814	0	820
24080	3	0	0	808	0	811
24081	1	1	792	6	0	800
24082	2	783	4	3	0	792
24083	2	793	3	0	0	798
24084	0	7	0	768	0	775
24085	2	2	0	766	0	770
24086	2	1	756	5	0	764
24087	3	1	761	2	0	767
24088	1	0	6	756	0	763
24089	0	1	747	6	0	754
24090	715	0	4	3	0	722
24091	4	0	2	717	0	723
24092	722	3	0	3	0	728
24093	4	1	0	712	0	717
24094	5	1	0	721	0	727
24095	1	1	716	6	0	724
24096	1	726	4	4	0	735
24097	2	3	3	708	0	716
24098	1	3	702	5	0	711
24099	1	674	5	2	0	682
24100	1	2	4	669	0	676
24101	673	2	1	4	0	680
24102	3	0	686	3	0	692
24103	642	1	5	0	0	648
24104	3	0	642	1	0	646
24105	583	1	5	2	0	591
24106	3	609	4	1	0	617
24107	2	556	1	1	0	560
24108	1	8	1	525	0	535
24109	0	543	0	5	0	548
24110	522	3	0	6	0	531
24111	3	3	2	522	0	530
24112	4	0	1	524	0	529
24113	0	0	0	531	0	531
24114	0	1	519	5	0	525
24115	1	1	3	511	0	516
24116	1	0	505	5	0	511
24117	2	480	4	1	0	487
24118	425	1	1	1	0	428
24119	3	445	0	1	0	449
24120	457	1	1	0	0	459
24121	454	2	2	1	0	459
24122	452	0	0	1	0	453
24123	442	0	1	1	0	444
24124	2	1	436	0	0	439
24125	1	0	2	432	0	435
24126	1	0	1	432	0	434
24127	0	0	1	437	0	438
24128	412	0	0	2	0	414
24129	408	0	1	2	0	411
24130	3	428	1	1	0	433
24131	0	1	411	2	0	414
24132	0	0	407	0	0	407
24133	0	408	2	0	0	410
24134	0	392	1	0	0	393
24135	6	0	4	313	0	323
24136	0	0	0	305	0	305
24137	303	0	0	0	0	303
24138	0	313	0	0	0	313
24139	0	0	0	317	0	317
24140	0	0	326	0	0	326
24141	0	0	0	337	0	337
24142	0	0	0	345	0	345
24143	0	0	0	352	0	352
24144	0	0	0	340	0	340
24145	0	0	333	0	0	333
24146	0	328	0	0	0	328
24147	1	330	0	0	0	331
24148	316	1	0	0	0	317
24149	0	321	0	0	0	321
24150	0	324	0	1	0	325
24151	0	0	0	322	0	322
24152	0	0	0	325	0	325
24153	0	0	0	325	0	325
24154	0	0	327	0	0	327
24155	0	327	0	0	0	327
24156	1	0	0	310	0	311
24157	0	330	0	1	0	331
24158	324	0	0	0	0	324
24159	0	325	0	1	0	326
24160	319	0	0	1	0	320
24161	0	0	326	1	0	327
24162	326	0	0	1	0	327
24163	0	0	1	337	0	338
24164	0	1	346	0	0	347
24165	334	1	0	0	0	335
24166	338	0	0	0	0	338
24167	337	1	0	0	0	338
24168	0	1	0	334	0	335
24169	0	0	345	1	0	346
24170	331	0	0	1	0	332
24171	0	0	0	354	0	354
24172	0	0	1	358	0	359
24173	0	1	381	0	0	382
24174	0	372	0	1	0	373
24175	1	1	0	348	0	350
24176	1	366	0	0	0	367
24177	365	1	0	0	0	366
24178	358	0	0	0	0	358
24179	0	0	1	361	0	362
24180	365	0	0	0	0	365
24181	0	366	1	1	0	368
24182	365	0	1	0	0	366
24183	1	375	0	0	0	376
24184	1	0	0	371	0	372
24185	1	1	0	364	0	366
24186	0	374	0	1	0	375
24187	0	0	1	375	0	376
24188	1	0	382	0	0	383
24189	0	373	0	1	0	374
24190	365	0	0	1	0	366
24191	0	370	1	0	0	371
24192	0	1	0	362	0	363
24193	0	0	361	1	0	362
24194	0	1	0	355	0	356
24195	1	0	0	362	0	363
24196	358	0	0	0	0	358
24197	0	0	367	1	0	368
24198	2	368	0	0	0	370
24199	0	2	388	0	0	390
24200	1	0	385	0	0	386
24201	0	1	374	0	0	375
24202	2	4	1	356	0	363
24203	374	0	1	2	0	377
24204	2	371	0	0	0	373
24205	380	2	0	1	0	383
24206	407	0	1	0	0	408
24207	2	1	0	388	0	391
24208	1	401	0	2	0	404
24209	393	3	0	0	0	396
24210	2	400	0	1	0	403
24211	0	2	1	403	0	406
24212	0	0	0	415	0	415
24213	0	424	0	3	0	427
24214	1	2	0	428	0	431
24215	0	0	424	2	0	426
24216	0	1	435	0	0	436
24217	0	0	3	427	0	430
24218	0	0	2	431	0	433
24219	0	0	414	2	0	416
24220	0	0	412	1	0	413
24221	384	0	2	0	0	386
24222	2	411	0	1	0	414
24223	0	440	0	2	0	442
24224	1	2	0	429	0	432
24225	0	1	0	433	0	434
24226	0	1	0	436	0	437
24227	0	0	438	2	0	440
24228	0	1	437	0	0	438
24229	0	0	2	441	0	443
24230	0	0	443	3	0	446
24231	0	437	2	0	0	439
24232	431	2	0	1	0	434
24233	2	0	433	0	0	435
24234	0	1	432	0	0	433
24235	0	0	2	443	0	445
24236	1	0	494	3	0	498
24237	0	509	3	2	0	514
24238	0	2	1	519	0	522
24239	1	0	522	2	0	525
24240	0	517	2	0	0	519
24241	503	2	0	0	0	505
24242	2	0	0	498	0	500
24243	0	0	0	499	0	499
24244	494	0	0	2	0	496
24245	2	500	0	0	0	502
24246	497	2	0	0	0	499
24247	504	0	0	0	0	504
24248	506	0	0	0	0	506
24249	2	0	0	500	0	502
24250	503	0	0	2	0	505
24251	2	496	0	0	0	498
24252	0	512	0	1	0	513
24253	506	2	0	1	0	509
24254	2	0	0	512	0	514
24255	0	0	0	518	0	518
24256	0	0	0	517	0	517
24257	0	0	501	2	0	503
24258	0	509	2	0	0	511
24259	0	2	0	514	0	516
24260	515	0	0	2	0	517
24261	3	0	0	512	0	515
24262	0	0	512	2	0	514
24263	0	504	2	0	0	506
24264	503	2	1	0	0	506
24265	504	0	1	0	0	505
24266	504	0	2	0	0	506
24267	3	1	0	512	0	516
24268	1	0	511	4	0	516
24269	0	1	552	0	0	553
24270	1	553	4	0	0	558
24271	2	3	1	546	0	552
24272	0	0	0	548	0	548
24273	524	1	0	4	0	529
24274	4	1	0	522	0	527
24275	541	2	0	3	0	546
24276	5	0	537	1	0	543
24277	0	0	545	2	0	547
24278	1	1	3	536	0	541
24279	1	0	0	544	0	545
24280	2	1	1	555	0	559
24281	566	1	1	4	0	572
24282	584	1	0	1	0	586
24283	5	1	0	590	0	596
24284	0	0	590	5	0	595
24285	0	0	608	1	0	609
24286	1	0	5	599	0	605
24287	603	1	0	4	0	608
24288	4	1	1	598	0	604
24289	0	0	1	603	0	604
24290	1	0	598	5	0	604
24291	1	0	598	2	0	601
24292	580	1	6	0	0	587
24293	4	2	597	0	0	603
24294	1	0	4	580	0	585
24295	1	0	0	590	0	591
24296	589	0	0	4	0	593
24297	4	585	1	1	0	591
24298	574	2	2	0	0	578
24299	3	562	0	1	0	566
24300	556	3	0	1	0	560
24301	2	0	552	1	0	555
24302	506	1	2	1	0	510
24303	518	0	2	0	0	520
24304	2	0	0	518	0	520
24305	1	0	519	2	0	522
24306	0	0	3	496	0	499
24307	0	0	0	501	0	501
24308	0	500	1	3	0	504
24309	0	3	0	488	0	491
24310	0	495	0	3	0	498
24311	1	1	0	488	0	490
24312	492	0	0	2	0	494
24313	3	0	0	487	0	490
24314	1	0	496	2	0	499
24315	483	0	4	0	0	487
24316	2	0	491	1	0	494
24317	490	0	2	1	0	493
24318	496	0	0	0	0	496
24319	1	498	0	2	0	501
24320	1	519	1	0	0	521
24321	522	2	1	0	0	525
24322	526	0	0	1	0	527
24323	503	0	2	0	0	505
24324	503	0	1	0	0	504
24325	504	0	0	2	0	506
24326	4	0	0	502	0	506
24327	1	1	0	508	0	510
24328	1	0	507	3	0	511
24329	494	1	4	0	0	499
24330	3	0	1	499	0	503
24331	0	1	1	497	0	499
24332	0	1	498	3	0	502
24333	1	495	2	0	0	498
24334	1	494	0	2	0	497
24335	483	2	2	1	0	488
24336	431	2	2	0	0	435
24337	3	414	1	0	0	418
24338	0	406	0	0	0	406
24339	404	2	0	0	0	406
24340	407	0	1	1	0	409
24341	3	0	0	407	0	410
24342	1	0	1	408	0	410
24343	0	0	1	413	0	414
24344	412	0	1	2	0	415
24345	412	0	1	1	0	414
24346	2	0	0	415	0	417
24347	425	1	0	3	0	429
24348	3	0	426	2	0	431
24349	0	1	2	422	0	425
24350	1	0	420	3	0	424
24351	1	418	2	0	0	421
24352	1	3	0	410	0	414
24353	407	0	2	2	0	411
24354	4	0	0	406	0	410
24355	1	0	1	408	0	410
24356	1	0	420	3	0	424
24357	1	0	418	0	0	419
24358	0	424	2	1	0	427
24359	422	2	0	1	0	425
24360	420	1	0	2	0	423
24361	423	0	0	2	0	425
24362	427	1	0	0	0	428
24363	3	0	0	433	0	436
24364	2	0	0	425	0	427
24365	0	433	0	7	0	440
24366	430	2	1	0	0	433
24367	432	0	1	0	0	433
24368	3	0	414	1	0	418
24369	361	0	2	0	0	363
24370	3	364	0	0	0	367
24371	0	7	0	354	0	361
24372	0	360	0	2	0	362
24373	359	2	0	0	0	361
24374	3	361	0	0	0	364
24375	1	2	0	340	0	343
24376	0	0	0	343	0	343
24377	0	0	0	331	0	331
24378	0	332	0	1	0	333
24379	0	7	0	326	0	333
24380	1	0	0	315	0	316
24381	0	302	0	2	0	304
24382	0	280	0	0	0	280
24383	268	1	0	0	0	269
24384	0	270	0	0	0	270
24385	257	1	0	0	0	258
24386	1	0	251	0	0	252
24387	0	254	1	0	0	255
24388	249	1	0	0	0	250
24389	246	0	2	0	0	248
24390	1	0	244	0	0	245
24391	0	0	1	243	0	244
24392	0	0	247	1	0	248
24393	0	244	1	0	0	245
24394	238	3	1	0	0	242
24395	1	239	0	1	0	241
24396	0	1	0	233	0	234
24397	0	0	0	239	0	239
24398	0	0	238	1	0	239
24399	0	0	232	0	0	232
24400	220	0	1	0	0	221
24401	222	0	0	0	0	222
24402	227	0	0	0	0	227
24403	225	0	0	0	0	225
24404	1	228	0	0	0	229
24405	0	1	0	217	0	218
24406	0	0	0	218	0	218
24407	0	223	0	1	0	224
24408	222	1	0	0	0	223
24409	223	0	0	0	0	223
24410	1	0	224	0	0	225
24411	220	0	1	0	0	221
24412	2	0	0	222	0	224
24413	0	0	221	1	0	222
24414	0	0	1	212	0	213
24415	0	0	223	1	0	224
24416	0	0	218	0	0	218
24417	0	2	1	208	0	211
24418	0	210	0	2	0	212
24419	210	1	1	0	0	212
24420	194	0	0	0	0	194
24421	1	218	0	0	0	219
24422	0	218	0	0	0	218
24423	221	1	0	0	0	222
24424	223	0	0	0	0	223
24425	224	0	0	0	0	224
24426	225	0	0	0	0	225
24427	0	0	0	235	0	235
24428	0	0	237	1	0	238
24429	0	238	1	0	0	239
24430	233	2	0	0	0	235
24431	1	242	0	0	0	243
24432	237	1	0	0	0	238
24433	241	0	0	0	0	241
24434	3	0	245	0	0	248
24435	0	260	1	0	0	261
24436	0	1	0	263	0	264
24437	0	0	0	262	0	262
24438	0	0	0	261	0	261
24439	260	0	0	1	0	261
24440	252	0	0	0	0	252
24441	248	0	0	0	0	248
24442	1	252	0	0	0	253
24443	252	1	0	0	0	253
24444	1	254	0	0	0	255
24445	0	1	261	0	0	262
24446	0	254	1	0	0	255
24447	3	2	1	235	0	241
24448	0	0	0	235	0	235
24449	0	0	232	1	0	233
24450	0	0	1	229	0	230
24451	0	0	0	234	0	234
24452	233	0	0	2	0	235
24453	230	0	0	0	0	230
24454	232	0	0	0	0	232
24455	1	235	0	0	0	236
24456	235	1	0	0	0	236
24457	233	0	0	0	0	233
24458	1	241	0	0	0	242
24459	0	0	0	239	0	239
24460	0	0	0	240	0	240
24461	239	0	0	0	0	239
24462	0	0	239	0	0	239
24463	0	229	0	0	0	229
24464	0	0	0	215	0	215
24465	0	222	0	0	0	222
24466	0	231	0	0	0	231
24467	229	0	0	0	0	229
24468	230	0	0	0	0	230
24469	0	0	0	234	0	234
24470	0	0	0	235	0	235
24471	0	0	0	237	0	237
24472	0	0	0	236	0	236
24473	0	0	235	0	0	235
24474	0	0	230	0	0	230
24475	0	0	0	237	0	237
24476	0	0	250	0	0	250
24477	0	252	0	0	0	252
24478	256	0	0	0	0	256
24479	254	0	0	0	0	254
24480	0	0	0	260	0	260
24481	0	0	0	267	0	267
24482	0	0	0	266	0	266
24483	0	272	0	0	0	272
24484	269	0	0	0	0	269
24485	263	0	0	0	0	263
24486	0	0	265	0	0	265
24487	0	0	0	282	0	282
24488	0	0	302	0	0	302
24489	0	0	0	327	0	327
24490	0	0	0	324	0	324
24491	0	0	1	318	0	319
24492	0	1	0	324	0	325
24493	336	0	0	1	0	337
24494	335	1	0	0	0	336
24495	342	2	0	0	0	344
24496	2	0	0	347	0	349
24497	3	0	341	0	0	344
24498	337	0	0	2	0	339
24499	0	0	1	347	0	348
24500	344	0	0	1	0	345
24501	0	0	0	346	0	346
24502	1	346	1	0	0	348
24503	0	351	1	1	0	353
24504	0	2	0	361	0	363
24505	0	1	1	359	0	361
24506	0	1	0	359	0	360
24507	1	362	0	1	0	364
24508	356	0	0	1	0	357
24509	0	360	0	1	0	361
24510	1	0	354	1	0	356
24511	0	2	0	347	0	349
24512	0	360	1	1	0	362
24513	1	2	0	356	0	359
24514	2	1	0	354	0	357
24515	0	0	365	1	0	366
24516	341	1	0	2	0	344
24517	0	370	2	1	0	373
24518	374	1	0	1	0	376
24519	375	2	0	1	0	378
24520	377	0	0	1	0	378
24521	2	0	361	1	0	364
24522	2	0	0	354	0	356
24523	1	0	1	348	0	350
24524	1	0	345	2	0	348
24525	320	1	0	2	0	323
24526	0	0	346	0	0	346
24527	2	0	332	0	0	334
24528	0	328	1	2	0	331
24529	4	1	2	323	0	330
24530	0	2	333	1	0	336
24531	309	0	0	1	0	310
24532	320	1	1	0	0	322
24533	1	0	328	2	0	331
24534	1	0	1	327	0	329
24535	0	1	331	2	0	334
24536	0	331	0	1	0	332
24537	354	0	3	0	0	357
24538	351	1	0	1	0	353
24539	354	0	1	1	0	356
24540	2	0	0	353	0	355
24541	1	2	1	358	0	362
24542	1	1	350	4	0	356
24543	348	0	1	3	0	352
24544	1	0	3	352	0	356
24545	346	0	0	2	0	348
24546	4	1	345	0	0	350
24547	3	0	350	0	0	353
24548	1	0	2	344	0	347
24549	1	0	1	358	0	360
24550	0	0	358	3	0	361
24551	349	0	1	2	0	352
24552	1	0	1	344	0	346
24553	3	363	1	0	0	367
24554	363	1	0	3	0	367
24555	1	367	2	0	0	370
24556	362	2	2	0	0	366
24557	1	2	364	2	0	369
24558	3	1	346	1	0	351
24559	0	349	2	1	0	352
24560	351	2	1	1	0	355
24561	1	2	354	0	0	357
24562	339	0	1	1	0	341
24563	1	350	1	1	0	353
24564	2	1	0	355	0	358
24565	1	2	0	338	0	341
24566	2	350	0	3	0	355
24567	368	2	0	0	0	370
24568	371	1	1	1	0	374
24569	372	0	0	2	0	374
24570	3	1	375	0	0	379
24571	3	0	1	372	0	376
24572	0	0	3	374	0	377
24573	0	0	2	379	0	381
24574	1	1	378	3	0	383
24575	0	378	1	3	0	382
24576	364	0	3	0	0	367
24577	2	1	369	0	0	372
24578	362	0	1	0	0	363
24579	1	365	3	0	0	369
24580	363	1	0	1	0	365
24581	1	2	1	358	0	362
24582	363	1	1	1	0	366
24583	2	0	0	365	0	367
24584	4	0	379	1	0	384
24585	1	0	1	384	0	386
24586	0	0	385	2	0	387
24587	338	0	1	3	0	342
24588	1	333	3	0	0	337
24589	3	2	0	298	0	303
24590	0	321	0	1	0	322
24591	324	1	0	2	0	327
24592	321	2	1	0	0	324
24593	5	319	1	0	0	325
24594	320	0	0	1	0	321
24595	324	1	0	1	0	326
24596	2	0	1	318	0	321
24597	2	0	0	323	0	325
24598	329	0	0	3	0	332
24599	332	0	0	1	0	333
24600	3	0	0	329	0	332
24601	1	1	0	360	0	362
24602	367	0	1	2	0	370
24603	1	0	372	1	0	374
24604	359	0	2	0	0	361
24605	1	1	365	0	0	367
24606	2	354	1	0	0	357
24607	0	1	2	353	0	356
24608	1	1	359	0	0	361
24609	0	370	2	1	0	373
24610	370	1	0	0	0	371
24611	1	1	368	0	0	370
24612	362	0	1	0	0	363
24613	366	0	1	0	0	367
24614	370	0	0	0	0	370
24615	2	0	0	344	0	346
24616	1	375	0	1	0	377
24617	371	1	0	1	0	373
24618	1	1	371	0	0	373
24619	349	0	1	0	0	350
24620	1	0	378	0	0	379
24621	1	366	1	0	0	368
24622	0	1	0	365	0	366
24623	0	1	0	360	0	361
24624	0	369	0	2	0	371
24625	0	1	0	370	0	371
24626	0	1	372	0	0	373
24627	0	374	1	1	0	376
24628	0	0	1	369	0	370
24629	370	1	0	1	0	372
24630	389	0	0	1	0	390
24631	2	0	0	394	0	396
24632	1	412	0	1	0	414
24633	0	1	0	408	0	409
24634	0	1	0	396	0	397
24635	0	0	390	2	0	392
24636	0	390	1	1	0	392
24637	0	1	0	371	0	372
24638	0	1	375	1	0	377
24639	0	371	0	1	0	372
24640	1	0	1	369	0	371
24641	371	0	1	0	0	372
24642	0	378	0	1	0	379
24643	1	0	0	372	0	373
24644	379	1	0	2	0	382
24645	385	0	0	1	0	386
24646	385	0	0	0	0	385
24647	377	0	0	0	0	377
24648	1	0	0	375	0	376
24649	1	0	388	0	0	389
24650	0	0	0	376	0	376
24651	0	395	1	1	0	397
24652	407	0	0	1	0	408
24653	0	2	395	0	0	397
24654	392	0	0	0	0	392
24655	0	0	400	1	0	401
24656	6	0	0	386	0	392
24657	0	0	406	0	0	406
24658	0	0	0	400	0	400
24659	0	0	403	1	0	404
24660	0	0	0	397	0	397
24661	391	0	1	0	0	392
24662	0	412	0	1	0	413
24663	1	2	0	409	0	412
24664	0	1	0	409	0	410
24665	0	0	430	2	0	432
24666	0	0	420	1	0	421
24667	401	0	0	0	0	401
24668	0	415	0	0	0	415
24669	406	0	0	1	0	407
24670	418	0	0	1	0	419
24671	0	0	0	414	0	414
24672	0	432	0	0	0	432
24673	440	0	0	0	0	440
24674	447	0	0	0	0	447
24675	456	0	0	0	0	456
24676	457	0	0	0	0	457
24677	452	0	0	0	0	452
24678	0	0	452	0	0	452
24679	449	0	0	0	0	449
24680	0	0	464	0	0	464
24681	0	0	0	463	0	463
24682	0	0	0	470	0	470
24683	0	0	470	0	0	470
24684	457	0	0	0	0	457
24685	0	0	0	473	0	473
24686	0	0	0	476	0	476
24687	0	0	0	475	0	475
24688	0	0	0	481	0	481
24689	0	0	0	485	0	485
24690	2	0	485	0	0	487
24691	0	0	0	487	0	487
24692	0	0	495	0	0	495
24693	0	0	500	0	0	500
24694	494	0	0	0	0	494
24695	514	0	0	0	0	514
24696	571	0	0	0	0	571
24697	0	0	597	0	0	597
24698	0	0	605	0	0	605
24699	0	0	624	0	0	624
24700	0	634	1	0	0	635
24701	2	8	4	602	0	616
24702	638	0	2	1	0	641
24703	1	0	0	685	0	686
24704	0	708	0	1	0	709
24705	714	1	0	0	0	715
24706	1	0	0	703	0	704
24707	0	730	0	1	0	731
24708	0	1	1	733	0	735
24709	0	0	0	725	0	725
24710	715	0	0	2	0	717
24711	2	0	0	719	0	721
24712	0	0	715	2	0	717
24713	0	1	1	711	0	713
24714	1	706	0	1	0	708
24715	1	711	1	0	0	713
24716	0	2	1	686	0	689
24717	1	0	1	678	0	680
24718	0	689	0	2	0	691
24719	1	689	0	0	0	690
24720	1	692	0	1	0	694
24721	1	3	1	651	0	656
24722	0	697	0	2	0	699
24723	696	2	0	0	0	698
24724	1	1	706	1	0	709
24725	0	1	1	684	0	686
24726	0	704	0	3	0	707
24727	705	3	0	1	0	709
24728	4	1	706	0	0	711
24729	0	710	2	1	0	713
24730	685	4	1	0	0	690
24731	2	684	0	1	0	687
24732	1	684	0	2	0	687
24733	0	3	1	667	0	671
24734	0	685	2	2	0	689
24735	685	3	0	1	0	689
24736	2	1	0	680	0	683
24737	0	1	678	2	0	681
24738	0	2	683	0	0	685
24739	1	0	4	677	0	682
24740	0	2	687	2	0	691
24741	1	1	2	685	0	689
24742	679	0	1	3	0	683
24743	2	1	689	0	0	692
24744	1	1	2	670	0	674
24745	1	683	0	3	0	687
24746	0	2	2	678	0	682
24747	0	1	1	679	0	681
24748	0	698	0	2	0	700
24749	0	3	1	683	0	687
24750	0	1	0	683	0	684
24751	1	0	674	3	0	678
24752	0	664	3	0	0	667
24753	663	2	0	1	0	666
24754	2	1	0	664	0	667
24755	2	0	673	3	0	678
24756	1	0	3	661	0	665
24757	0	1	668	3	0	672
24758	636	0	3	1	0	640
24759	3	671	0	4	0	678
24760	0	2	2	676	0	680
24761	0	2	2	684	0	688
24762	675	0	1	2	0	678
24763	2	2	0	673	0	677
24764	0	1	673	4	0	678
24765	2	0	2	644	0	648
24766	0	646	1	3	0	650
24767	0	659	0	1	0	660
24768	1	662	0	2	0	665
24769	0	2	1	659	0	662
24770	1	2	652	3	0	658
24771	2	647	2	2	0	653
24772	631	2	1	3	0	637
24773	3	639	2	1	0	645
24774	637	3	0	2	0	642
24775	631	2	2	0	0	635
24776	3	2	625	1	0	631
24777	641	3	2	2	0	648
24778	654	2	0	2	0	658
24779	647	1	1	2	0	651
24780	643	2	0	1	0	646
24781	2	1	645	2	0	650
24782	630	3	3	0	0	636
24783	640	1	0	0	0	641
24784	3	656	1	1	0	661
24785	0	4	1	647	0	652
24786	3	2	0	632	0	637
24787	2	652	1	4	0	659
24788	640	2	1	2	0	645
24789	3	645	0	0	0	648
24790	632	2	1	0	0	635
24791	630	1	1	0	0	632
24792	3	643	0	0	0	646
24793	2	3	0	637	0	642
24794	0	2	646	5	0	653
24795	2	634	2	1	0	639
24796	2	17	0	541	0	560
24797	1	556	1	2	0	560
24798	0	579	1	0	0	580
24799	3	5	0	549	0	557
24800	0	0	572	1	0	573
24801	0	561	1	0	0	562
24802	1	530	0	0	0	531
24803	457	1	3	0	0	461
24804	1	1	0	461	0	463
24805	0	1	0	460	0	461
24806	1	0	0	462	0	463
24807	0	0	469	2	0	471
24808	1	0	1	468	0	470
24809	0	487	1	2	0	490
24810	502	1	1	2	0	506
24811	1	1	0	505	0	507
24812	1	2	505	1	0	509
24813	514	1	1	1	0	517
24814	1	2	1	530	0	534
24815	4	0	559	2	0	565
24816	2	0	571	1	0	574
24817	573	2	2	1	0	578
24818	595	1	2	1	0	599
24819	596	0	2	0	0	598
24820	602	1	0	1	0	604
24821	3	0	602	2	0	607
24822	2	607	1	1	0	611
24823	602	2	2	0	0	606
24824	1	604	1	2	0	608
24825	597	2	1	0	0	600
24826	2	607	0	0	0	609
24827	1	2	0	604	0	607
24828	2	1	1	598	0	602
24829	1	1	0	596	0	598
24830	0	596	0	4	0	600
24831	0	597	1	3	0	601
24832	0	1	2	573	0	576
24833	1	584	0	2	0	587
24834	3	2	583	1	0	589
24835	2	1	0	583	0	586
24836	1	2	589	1	0	593
24837	577	0	3	3	0	583
24838	578	1	2	2	0	583
24839	3	1	579	1	0	584
24840	4	1	575	0	0	580
24841	2	1	3	567	0	573
24842	2	1	576	0	0	579
24843	2	0	1	542	0	545
24844	1	555	2	5	0	563
24845	1	0	1	570	0	572
24846	0	3	2	564	0	569
24847	0	5	0	569	0	574
24848	1	0	557	6	0	564
24849	0	3	0	551	0	554
24850	1	0	3	546	0	550
24851	0	1	1	539	0	541
24852	0	556	1	3	0	560
24853	560	1	0	4	0	565
24854	556	3	0	2	0	561
24855	547	2	1	0	0	550
24856	3	1	1	546	0	551
24857	3	0	557	3	0	563
24858	2	1	555	3	0	561
24859	0	554	4	2	0	560
24860	543	1	3	2	0	549
24861	0	549	2	1	0	552
24862	544	1	0	1	0	546
24863	2	546	0	2	0	550
24864	535	1	3	0	0	539
24865	2	572	1	2	0	577
24866	2	1	0	571	0	574
24867	2	2	562	1	0	567
24868	0	2	565	3	0	570
24869	2	1	2	556	0	561
24870	2	0	3	550	0	555
24871	1	0	1	556	0	558
24872	1	0	554	5	0	560
24873	0	0	3	548	0	551
24874	532	1	3	2	0	538
24875	534	1	1	3	0	539
24876	3	534	0	2	0	539
24877	523	2	0	0	0	525
24878	4	520	0	0	0	524
24879	523	2	0	2	0	527
24880	524	2	1	1	0	528
24881	511	2	1	2	0	516
24882	4	1	521	2	0	528
24883	4	1	514	0	0	519
24884	507	0	3	0	0	510
24885	507	0	3	1	0	511
24886	2	0	1	507	0	510
24887	3	1	0	513	0	517
24888	1	0	1	521	0	523
24889	0	0	0	527	0	527
24890	2	0	0	541	0	543
24891	535	1	0	3	0	539
24892	0	1	0	531	0	532
24893	2	0	532	2	0	536
24894	508	1	0	3	0	512
24895	509	1	2	1	0	513
24896	3	520	1	0	0	524
24897	3	511	0	1	0	515
24898	471	3	0	0	0	474
24899	0	479	1	0	0	480
24900	462	1	1	1	0	465
24901	478	2	1	1	0	482
24902	483	0	0	0	0	483
24903	3	0	0	478	0	481
24904	2	483	1	0	0	486
24905	483	0	1	2	0	486
24906	1	2	0	487	0	490
24907	1	0	1	471	0	473
24908	446	0	0	2	0	448
24909	0	443	0	1	0	444
24910	1	2	0	428	0	431
24911	447	1	0	1	0	449
24912	0	455	0	2	0	457
24913	463	0	1	0	0	464
24914	0	1	455	0	0	456
24915	426	0	3	0	0	429
24916	0	439	2	0	0	441
24917	434	0	6	0	0	440
24918	419	2	0	0	0	421
24919	2	434	0	0	0	436
24920	425	0	0	0	0	425
24921	0	425	0	0	0	425
24922	429	0	0	0	0	429
24923	0	2	0	433	0	435
24924	2	0	0	425	0	427
24925	0	0	0	425	0	425
24926	0	1	417	2	0	420
24927	0	0	0	417	0	417
24928	1	0	429	0	0	430
24929	1	0	0	420	0	421
24930	0	424	2	0	0	426
24931	0	0	0	429	0	429
24932	0	2	425	0	0	427
24933	0	0	431	1	0	432
24934	0	0	1	428	0	429
24935	430	0	1	0	0	431
24936	426	0	0	1	0	427
24937	1	430	0	2	0	433
24938	1	0	0	434	0	435
24939	0	1	445	0	0	446
24940	0	0	0	443	0	443
24941	0	0	445	0	0	445
24942	441	0	0	1	0	442
24943	0	0	1	450	0	451
24944	1	0	454	0	0	455
24945	0	0	0	459	0	459
24946	0	0	1	459	0	460
24947	1	0	460	1	0	462
24948	0	0	0	455	0	455
24949	458	0	1	0	0	459
24950	463	0	0	1	0	464
24951	1	0	0	469	0	470
24952	472	0	0	0	0	472
24953	0	0	480	1	0	481
24954	1	0	477	0	0	478
24955	484	0	1	0	0	485
24956	488	0	1	1	0	490
24957	1	0	0	474	0	475
24958	1	0	0	474	0	475
24959	0	0	474	2	0	476
24960	1	0	0	453	0	454
24961	0	479	1	1	0	481
24962	492	0	1	1	0	494
24963	528	1	0	0	0	529
24964	3	534	0	0	0	537
24965	499	2	0	0	0	501
24966	498	2	0	0	0	500
24967	2	513	0	0	0	515
24968	519	2	0	0	0	521
24969	2	525	0	0	0	527
24970	528	1	0	0	0	529
24971	2	1	527	0	0	530
24972	1	0	1	524	0	526
24973	0	1	1	531	0	533
24974	1	0	0	550	0	551
24975	554	0	0	3	0	557
24976	1	0	0	566	0	567
24977	2	0	571	1	0	574
24978	568	1	1	1	0	571
24979	1	0	1	576	0	578
24980	1	578	0	1	0	580
24981	0	594	0	1	0	595
24982	1	2	0	584	0	587
24983	0	1	1	577	0	579
24984	1	0	0	588	0	589
24985	0	1	580	2	0	583
24986	1	581	1	1	0	584
24987	568	1	1	0	0	570
24988	549	1	0	0	0	550
24989	2	563	0	0	0	565
24990	1	566	0	0	0	567
24991	5	2	1	554	0	562
24992	0	1	553	1	0	555
24993	531	1	1	1	0	534
24994	547	0	1	0	0	548
24995	2	1	0	546	0	549
24996	2	0	0	545	0	547
24997	530	0	1	2	0	533
24998	1	3	528	2	0	534
24999	516	0	1	1	0	518
25000	1	534	1	1	0	537
25001	2	0	0	503	0	505
25002	0	512	0	2	0	514
25003	504	0	3	1	0	508
25004	2	1	0	500	0	503
25005	1	0	0	501	0	502
25006	0	502	0	2	0	504
25007	503	1	0	1	0	505
25008	504	1	0	1	0	506
25009	2	0	504	1	0	507
25010	1	0	493	1	0	495
25011	479	0	3	0	0	482
25012	1	1	483	0	0	485
25013	1	0	460	0	0	461
25014	444	0	2	0	0	446
25015	2	1	507	0	0	510
25016	0	1	2	497	0	500
25017	0	0	0	506	0	506
25018	529	0	1	2	0	532
25019	3	0	550	0	0	553
25020	569	0	2	0	0	571
25021	3	0	0	575	0	578
25022	585	0	0	3	0	588
25023	587	0	0	1	0	588
25024	590	0	1	0	0	591
25025	4	0	0	588	0	592
25026	589	1	0	3	0	593
25027	3	0	0	592	0	595
25028	1	1	0	581	0	583
25029	1	0	0	587	0	588
25030	0	0	0	588	0	588
25031	584	0	0	4	0	588
25032	578	1	0	2	0	581
25033	5	0	583	0	0	588
25034	585	0	3	0	0	588
25035	591	0	1	0	0	592
25036	5	0	0	586	0	591
25037	2	583	0	3	0	588
25038	583	4	1	1	0	589
25039	4	1	1	572	0	578
25040	572	0	0	4	0	576
25041	4	572	1	3	0	580
25042	571	4	0	1	0	576
25043	4	1	0	560	0	565
25044	2	555	0	5	0	562
25045	554	4	0	1	0	559
25046	4	559	0	0	0	563
25047	1	571	0	1	0	573
25048	568	7	0	1	0	576
25049	5	1	567	0	0	573
25050	566	0	4	0	0	570
25051	4	0	1	565	0	570
25052	2	0	567	4	0	573
25053	0	0	4	549	0	553
25054	0	0	1	557	0	558
25055	0	0	557	5	0	562
25056	554	0	4	2	0	560
25057	5	0	1	565	0	571
25058	2	0	0	566	0	568
25059	1	0	1	556	0	558
25060	547	0	2	5	0	554
25061	6	0	545	1	0	552
25062	1	0	551	1	0	553
25063	1	1	5	501	0	508
25064	2	0	503	3	0	508
25065	495	0	3	2	0	500
25066	3	503	1	1	0	508
25067	494	4	1	0	0	499
25068	3	1	0	472	0	476
25069	1	477	0	4	0	482
25070	0	4	0	474	0	478
25071	0	482	0	4	0	486
25072	2	4	0	485	0	491
25073	1	1	483	2	0	487
25074	0	0	469	1	0	470
25075	2	463	4	0	0	469
25076	440	3	3	0	0	446
25077	3	1	1	437	0	442
25078	2	0	0	435	0	437
25079	432	0	1	5	0	438
25080	423	0	0	3	0	426
25081	5	0	0	421	0	426
25082	2	2	416	3	0	423
25083	1	418	4	1	0	424
25084	1	3	1	417	0	422
25085	0	2	0	410	0	412
25086	2	421	0	4	0	427
25087	423	4	0	1	0	428
25088	4	2	425	0	0	431
25089	2	0	3	422	0	427
25090	0	0	2	410	0	412
25091	1	0	406	5	0	412
25092	0	0	3	415	0	418
25093	412	0	2	3	0	417
25094	407	0	0	3	0	410
25095	413	0	0	1	0	414
25096	5	409	1	0	0	415
25097	428	3	1	0	0	432
25098	4	1	0	436	0	441
25099	2	0	0	428	0	430
25100	0	474	0	5	0	479
25101	509	4	0	1	0	514
25102	525	1	1	0	0	527
25103	529	0	1	1	0	531
25104	540	0	0	1	0	541
25105	536	1	1	0	0	538
25106	6	0	530	0	0	536
25107	532	1	4	1	0	538
25108	538	0	1	0	0	539
25109	531	0	0	0	0	531
25110	5	0	0	522	0	527
25111	1	0	0	527	0	528
25112	0	1	519	5	0	525
25113	468	0	3	1	0	472
25114	2	512	2	0	0	516
25115	1	452	0	0	0	453
25116	0	3	442	0	0	445
25117	0	437	3	0	0	440
25118	2	409	0	0	0	411
25119	6	10	2	334	0	352
25120	0	354	0	2	0	356
25121	351	2	0	0	0	353
25122	340	0	4	0	0	344
25123	2	0	0	345	0	347
25124	0	0	345	2	0	347
25125	331	1	2	0	0	334
25126	2	0	349	0	0	351
25127	0	0	352	0	0	352
25128	0	0	2	338	0	340
25129	0	0	0	347	0	347
25130	0	0	347	2	0	349
25131	0	347	2	0	0	349
25132	0	362	0	0	0	362
25133	354	3	0	0	0	357
25134	354	0	0	0	0	354
25135	1	0	350	0	0	351
25136	345	0	1	0	0	346
25137	360	0	0	0	0	360
25138	1	0	0	354	0	355
25139	0	0	0	356	0	356
25140	0	0	0	358	0	358
25141	359	0	0	1	0	360
25142	355	0	0	0	0	355
25143	360	0	0	0	0	360
25144	1	0	0	357	0	358
25145	0	0	353	1	0	354
25146	347	0	1	0	0	348
25147	342	0	0	0	0	342
25148	1	0	0	340	0	341
25149	0	349	0	1	0	350
25150	0	1	0	345	0	346
25151	0	343	1	1	0	345
25152	0	2	0	337	0	339
25153	0	346	0	2	0	348
25154	334	1	1	0	0	336
25155	1	1	0	336	0	338
25156	1	328	0	3	0	332
25157	0	1	326	0	0	327
25158	317	0	1	1	0	319
25159	0	1	0	326	0	327
25160	0	326	1	2	0	329
25161	0	1	0	322	0	323
25162	1	323	0	1	0	325
25163	1	328	0	0	0	329
25164	328	1	0	0	0	329
25165	327	1	0	0	0	328
25166	2	0	330	0	0	332
25167	324	0	1	1	0	326
25168	322	0	0	1	0	323
25169	1	334	0	0	0	335
25170	1	1	0	328	0	330
25171	1	0	0	324	0	325
25172	1	0	322	1	0	324
25173	1	0	318	0	0	319
25174	318	0	1	0	0	319
25175	320	0	1	0	0	321
25176	320	0	0	0	0	320
25177	2	0	320	0	0	322
25178	1	0	1	312	0	314
25179	313	0	0	2	0	315
25180	0	0	0	313	0	313
25181	0	1	308	1	0	310
25182	299	0	1	0	0	300
25183	1	0	322	0	0	323
25184	1	309	1	2	0	313
25185	315	1	0	0	0	316
25186	1	0	312	0	0	313
25187	0	3	1	301	0	305
25188	306	0	0	1	0	307
25189	1	0	0	309	0	310
25190	315	0	0	1	0	316
25191	1	0	0	315	0	316
25192	324	0	0	2	0	326
25193	323	0	0	0	0	323
25194	323	0	0	0	0	323
25195	317	0	0	0	0	317
25196	1	0	0	319	0	320
25197	0	0	299	1	0	300
25198	1	0	292	0	0	293
25199	0	289	1	0	0	290
25200	0	248	0	0	0	248
25201	202	1	4	0	0	207
25202	0	0	0	187	0	187
25203	0	0	197	0	0	197
25204	0	0	214	0	0	214
25205	0	0	0	212	0	212
25206	213	0	0	0	0	213
25207	0	218	0	1	0	219
25208	231	0	0	0	0	231
25209	0	0	0	229	0	229
25210	0	0	0	232	0	232
25211	0	0	0	231	0	231
25212	0	0	235	0	0	235
25213	0	0	235	0	0	235
25214	0	237	0	0	0	237
25215	1	0	0	237	0	238
25216	237	0	0	0	0	237
25217	0	1	238	0	0	239
25218	0	0	249	0	0	249
25219	1	0	0	249	0	250
25220	0	0	0	255	0	255
25221	0	1	0	253	0	254
25222	0	1	0	282	0	283
25223	284	1	0	0	0	285
25224	0	1	0	293	0	294
25225	300	0	0	0	0	300
25226	1	0	308	0	0	309
25227	0	307	1	0	0	308
25228	1	0	0	310	0	311
25229	0	0	307	0	0	307
25230	0	1	310	0	0	311
25231	0	310	0	1	0	311
25232	0	0	0	299	0	299
25233	1	0	1	297	0	299
25234	0	0	306	0	0	306
25235	300	0	0	0	0	300
25236	1	0	0	308	0	309
25237	1	0	0	302	0	303
25238	1	0	323	0	0	324
25239	0	332	0	1	0	333
25240	1	361	0	0	0	362
25241	363	0	0	1	0	364
25242	0	0	1	365	0	366
25243	387	0	0	0	0	387
25244	0	0	387	1	0	388
25245	1	0	0	387	0	388
25246	387	0	1	0	0	388
25247	387	0	1	1	0	389
25248	1	1	0	388	0	390
25249	2	0	384	0	0	386
25250	0	0	390	2	0	392
25251	1	0	1	385	0	387
25252	2	0	388	1	0	391
25253	371	0	0	1	0	372
25254	0	391	1	0	0	392
25255	387	0	0	0	0	387
25256	388	1	0	1	0	390
25257	1	0	0	390	0	391
25258	1	0	0	391	0	392
25259	397	0	0	1	0	398
25260	0	0	0	399	0	399
25261	1	0	399	0	0	400
25262	0	399	0	1	0	400
25263	0	0	1	391	0	392
25264	0	1	0	391	0	392
25265	0	0	0	391	0	391
25266	2	0	388	1	0	391
25267	0	384	0	1	0	385
25268	0	0	0	388	0	388
25269	0	1	380	0	0	381
25270	0	0	0	381	0	381
25271	379	0	1	0	0	380
25272	0	0	0	383	0	383
25273	1	0	380	2	0	383
25274	382	0	0	2	0	384
25275	0	392	1	0	0	393
25276	1	397	0	0	0	398
25277	403	1	0	0	0	404
25278	0	1	406	0	0	407
25279	1	0	0	398	0	399
25280	0	0	1	399	0	400
25281	1	0	407	1	0	409
25282	0	406	2	1	0	409
25283	0	0	0	390	0	390
25284	1	1	399	0	0	401
25285	1	0	0	400	0	401
25286	401	0	1	1	0	403
25287	0	1	421	1	0	423
25288	1	0	1	424	0	426
25289	0	0	1	420	0	421
25290	0	0	416	1	0	417
25291	1	0	0	400	0	401
25292	0	396	1	1	0	398
25293	1	0	0	372	0	373
25294	1	398	0	0	0	399
25295	393	0	0	3	0	396
25296	393	1	0	1	0	395
25297	2	0	396	0	0	398
25298	2	0	398	2	0	402
25299	0	0	397	0	0	397
25300	0	401	1	0	0	402
25301	0	0	2	400	0	402
25302	0	1	413	1	0	415
25303	0	0	0	399	0	399
25304	0	0	2	385	0	387
25305	0	1	395	1	0	397
25306	0	0	0	395	0	395
25307	0	0	2	389	0	391
25308	0	390	0	2	0	392
25309	1	0	0	394	0	395
25310	0	1	0	394	0	395
25311	0	0	398	1	0	399
25312	2	0	0	391	0	393
25313	0	0	396	0	0	396
25314	0	1	383	2	0	386
25315	376	0	2	0	0	378
25316	1	0	2	368	0	371
25317	1	385	0	2	0	388
25318	0	374	1	2	0	377
25319	0	1	2	377	0	380
25320	0	1	378	1	0	380
25321	2	381	1	3	0	387
25322	1	3	3	355	0	362
25323	0	2	370	1	0	373
25324	2	365	0	1	0	368
25325	375	0	1	0	0	376
25326	370	1	0	2	0	373
25327	365	0	0	2	0	367
25328	1	0	1	392	0	394
25329	1	0	0	394	0	395
25330	0	1	1	391	0	393
25331	0	2	398	2	0	402
25332	394	1	0	2	0	397
25333	1	0	1	389	0	391
25334	2	0	385	1	0	388
25335	388	0	2	1	0	391
25336	396	1	2	0	0	399
25337	1	1	371	1	0	374
25338	387	1	1	0	0	389
25339	0	395	1	2	0	398
25340	1	0	372	0	0	373
25341	359	0	0	2	0	361
25342	0	374	1	3	0	378
25343	0	0	0	338	0	338
25344	0	353	0	0	0	353
25345	0	0	0	357	0	357
25346	0	0	358	0	0	358
25347	323	0	1	0	0	324
25348	1	0	359	0	0	360
25349	0	356	1	0	0	357
25350	0	358	1	0	0	359
25351	360	1	0	0	0	361
25352	1	0	360	0	0	361
25353	0	0	1	351	0	352
25354	0	0	358	1	0	359
25355	0	366	1	0	0	367
25356	1	1	0	332	0	334
25357	0	376	0	0	0	376
25358	381	1	0	0	0	382
25359	377	0	0	0	0	377
25360	378	0	0	0	0	378
25361	1	0	385	0	0	386
25362	0	0	381	0	0	381
25363	381	0	1	0	0	382
25364	1	0	391	0	0	392
25365	0	0	1	368	0	369
25366	0	391	0	1	0	392
25367	402	1	0	0	0	403
25368	401	0	0	0	0	401
25369	420	0	0	0	0	420
25370	1	0	0	420	0	421
25371	0	0	0	424	0	424
25372	429	0	0	0	0	429
25373	1	432	0	0	0	433
25374	422	1	0	0	0	423
25375	2	0	0	421	0	423
25376	0	0	0	423	0	423
25377	417	0	0	1	0	418
25378	1	416	0	0	0	417
25379	416	1	0	0	0	417
25380	1	418	0	0	0	419
25381	412	5	0	0	0	417
25382	1	0	0	511	0	512
25383	510	1	0	1	0	512
25384	541	0	0	0	0	541
25385	596	0	1	1	0	598
25386	3	628	0	0	0	631
25387	0	3	608	0	0	611
25388	597	0	3	0	0	600
25389	615	0	0	1	0	616
25390	1	612	1	0	0	614
25391	0	4	0	611	0	615
25392	0	0	0	617	0	617
25393	613	0	1	3	0	617
25394	3	1	0	621	0	625
25395	1	0	620	3	0	624
25396	1	0	617	1	0	619
25397	612	0	3	0	0	615
25398	3	0	0	617	0	620
25399	0	0	0	615	0	615
25400	0	0	0	619	0	619
25401	0	0	624	3	0	627
25402	1	0	4	610	0	615
25403	0	0	0	617	0	617
25404	0	0	1	614	0	615
25405	611	0	0	4	0	615
25406	5	0	0	610	0	615
25407	0	0	627	3	0	630
25408	637	0	4	0	0	641
25409	4	0	660	0	0	664
25410	679	0	6	0	0	685
25411	648	0	0	0	0	648
25412	7	1	1	704	0	713
25413	2	725	0	9	0	736
25414	0	6	0	734	0	740
25415	1	4	0	731	0	736
25416	1	756	1	8	0	766
25417	744	5	0	3	0	752
25418	4	753	0	1	0	758
25419	750	5	0	1	0	756
25420	748	3	0	0	0	751
25421	8	1	0	738	0	747
25422	3	0	0	734	0	737
25423	0	0	722	9	0	731
25424	0	1	711	4	0	716
25425	690	0	8	0	0	698
25426	699	1	3	0	0	703
25427	7	689	1	0	0	697
25428	4	5	0	675	0	684
25429	1	3	696	5	0	705
25430	0	8	5	690	0	703
25431	675	1	3	5	0	684
25432	656	0	0	5	0	661
25433	9	654	0	1	0	664
25434	3	6	0	643	0	652
25435	0	3	1	643	0	647
25436	1	1	0	639	0	641
25437	3	0	611	8	0	622
25438	573	1	5	3	0	582
25439	606	0	4	3	0	613
25440	9	0	605	2	0	616
25441	5	600	6	1	0	612
25442	594	5	5	2	0	606
25443	602	5	1	0	0	608
25444	9	0	582	1	0	592
25445	4	2	592	1	0	599
25446	1	1	7	577	0	586
25447	2	0	584	5	0	591
25448	568	2	4	5	0	579
25449	565	0	4	1	0	570
25450	572	0	1	1	0	574
25451	7	2	1	544	0	554
25452	3	589	0	6	0	598
25453	591	4	1	5	0	601
25454	591	4	1	2	0	598
25455	8	0	584	3	0	595
25456	6	0	572	2	0	580
25457	542	2	8	1	0	553
25458	7	0	4	557	0	568
25459	6	1	558	4	0	569
25460	3	554	4	8	0	569
25461	2	4	3	548	0	557
25462	537	4	2	6	0	549
25463	4	559	2	6	0	571
25464	4	4	2	548	0	558
25465	1	556	2	3	0	562
25466	4	564	1	4	0	573
25467	2	8	3	548	0	561
25468	4	5	0	544	0	553
25469	4	552	1	5	0	562
25470	547	6	3	4	0	560
25471	6	4	549	2	0	561
25472	547	0	7	2	0	556
25473	7	0	6	554	0	567
25474	5	1	3	556	0	565
25475	4	0	0	561	0	565
25476	1	1	0	558	0	560
25477	1	0	548	11	0	560
25478	1	2	6	551	0	560
25479	2	1	3	554	0	560
25480	5	594	1	7	0	607
25481	2	6	622	3	0	633
25482	0	638	7	1	0	646
25483	2	6	652	2	0	662
25484	3	624	5	2	0	634
25485	2	4	6	553	0	565
25486	547	4	4	4	0	559
25487	5	557	0	4	0	566
25488	5	3	1	560	0	569
25489	2	4	570	2	0	578
25490	1	578	3	4	0	586
25491	575	4	3	3	0	585
25492	567	4	0	2	0	573
25493	5	575	1	2	0	583
25494	4	3	561	4	0	572
25495	554	4	4	1	0	563
25496	4	4	5	574	0	587
25497	571	0	2	6	0	579
25498	5	596	1	4	0	606
25499	5	596	1	4	0	606
25500	1	7	598	3	0	609
25501	592	5	4	2	0	603
25502	4	1	3	612	0	620
25503	608	0	1	3	0	612
25504	3	614	1	6	0	624
25505	618	3	0	2	0	623
25506	611	5	0	2	0	618
25507	5	2	618	0	0	625
25508	3	570	3	2	0	578
25509	0	571	4	1	0	576
25510	3	11	0	499	0	513
25511	1	524	0	4	0	529
25512	501	1	1	1	0	504
25513	2	503	0	0	0	505
25514	0	4	0	476	0	480
25515	0	486	0	1	0	487
25516	0	479	0	0	0	479
25517	0	496	0	0	0	496
25518	1	1	2	494	0	498
25519	0	0	0	498	0	498
25520	1	0	0	496	0	497
25521	0	479	0	2	0	481
25522	1	1	483	0	0	485
25523	0	1	488	0	0	489
25524	469	0	1	0	0	470
25525	2	0	0	487	0	489
25526	0	0	494	1	0	495
25527	0	1	509	0	0	510
25528	0	514	1	0	0	515
25529	1	1	0	489	0	491
25530	0	1	0	496	0	497
25531	497	0	0	2	0	499
25532	1	2	0	495	0	498
25533	0	0	0	501	0	501
25534	0	0	528	1	0	529
25535	0	1	1	526	0	528
25536	0	1	0	554	0	555
25537	0	0	559	2	0	561
25538	0	0	560	2	0	562
25539	0	557	1	1	0	559
25540	0	2	557	0	0	559
25541	0	0	2	549	0	551
25542	0	0	2	515	0	517
25543	0	0	564	1	0	565
25544	0	566	1	1	0	568
25545	530	1	1	0	0	532
25546	0	552	1	0	0	553
25547	0	2	0	550	0	552
25548	0	0	0	557	0	557
25549	0	557	0	2	0	559
25550	1	1	0	559	0	561
25551	0	0	0	561	0	561
25552	0	2	533	2	0	537
25553	0	525	2	2	0	529
25554	1	0	0	532	0	533
25555	0	0	543	2	0	545
25556	0	0	2	546	0	548
25557	0	0	1	545	0	546
25558	0	1	0	547	0	548
25559	1	0	1	547	0	549
25560	1	0	0	539	0	540
25561	0	546	0	4	0	550
25562	538	1	2	0	0	541
25563	2	1	531	0	0	534
25564	488	0	1	1	0	490
25565	2	1	550	1	0	554
25566	0	566	1	1	0	568
25567	0	2	564	1	0	567
25568	0	570	2	0	0	572
25569	1	0	0	536	0	537
25570	0	0	0	531	0	531
25571	1	572	1	0	0	574
25572	0	581	0	0	0	581
25573	592	0	0	1	0	593
25574	600	0	1	0	0	601
25575	599	0	1	1	0	601
25576	602	1	0	1	0	604
25577	0	1	0	594	0	595
25578	0	591	0	1	0	592
25579	582	0	0	1	0	583
25580	1	1	0	546	0	548
25581	521	1	0	0	0	522
25582	498	0	1	0	0	499
25583	1	487	0	0	0	488
25584	0	475	1	0	0	476
25585	1	487	0	0	0	488
25586	0	12	2	444	0	458
25587	0	473	0	0	0	473
25588	467	0	1	2	0	470
25589	472	0	0	2	0	474
25590	479	1	0	0	0	480
25591	491	1	0	0	0	492
25592	497	0	0	0	0	497
25593	2	0	524	0	0	526
25594	516	0	0	0	0	516
25595	1	0	530	0	0	531
25596	527	0	0	1	0	528
25597	1	1	0	525	0	527
25598	1	1	550	0	0	552
25599	0	0	575	1	0	576
25600	1	605	0	0	0	606
25601	602	1	2	0	0	605
25602	616	0	0	0	0	616
25603	0	693	0	0	0	693
25604	0	2	0	775	0	777
25605	841	2	0	2	0	845
25606	2	0	870	3	0	875
25607	4	865	2	0	0	871
25608	843	3	4	0	0	850
25609	2	863	0	0	0	865
25610	5	3	0	804	0	812
25611	1	874	0	0	0	875
25612	0	6	0	839	0	845
25613	1	860	0	6	0	867
25614	1	871	0	7	0	879
25615	864	5	1	2	0	872
25616	867	4	0	0	0	871
25617	7	0	871	0	0	878
25618	4	1	867	0	0	872
25619	2	0	874	0	0	876
25620	0	1	6	864	0	871
25621	0	0	883	3	0	886
25622	0	1	2	871	0	874
25623	2	1	4	859	0	866
25624	1	881	0	10	0	892
25625	884	2	0	4	0	890
25626	2	895	2	0	0	899
25627	5	2	1	899	0	907
25628	0	4	1	903	0	908
25629	0	0	1	907	0	908
25630	1	0	908	6	0	915
25631	0	0	3	906	0	909
25632	2	1	3	911	0	917
25633	0	1	1	913	0	915
25634	1	1	889	6	0	897
25635	1	890	2	4	0	897
25636	866	3	4	2	0	875
25637	850	5	0	2	0	857
25638	6	890	2	3	0	901
25639	6	4	1	894	0	905
25640	3	5	0	913	0	921
25641	1	3	915	7	0	926
25642	3	910	2	6	0	921
25643	1	4	5	905	0	915
25644	1	5	916	4	0	926
25645	1	2	3	908	0	914
25646	2	1	5	903	0	911
25647	1	1	914	7	0	923
25648	1	2	3	904	0	910
25649	2	1	5	900	0	908
25650	2	1	921	8	0	932
25651	2	2	4	920	0	928
25652	3	1	5	916	0	925
25653	1	2	5	930	0	938
25654	2	0	930	11	0	943
25655	2	0	4	923	0	929
25656	918	1	5	4	0	928
25657	912	1	1	8	0	922
25658	6	924	2	4	0	936
25659	929	3	2	2	0	936
25660	2	6	962	3	0	973
25661	6	2	3	966	0	977
25662	0	1	5	962	0	968
25663	2	1	2	979	0	984
25664	958	1	2	9	0	970
25665	5	958	1	8	0	972
25666	7	4	2	918	0	931
25667	0	957	1	5	0	963
25668	944	3	3	4	0	954
25669	3	956	3	2	0	964
25670	941	3	0	4	0	948
25671	2	928	4	2	0	936
25672	4	928	0	6	0	938
25673	2	8	1	922	0	933
25674	1	8	2	915	0	926
25675	2	1	4	913	0	920
25676	2	4	0	910	0	916
25677	1	3	916	9	0	929
25678	0	919	4	10	0	933
25679	1	4	6	888	0	899
25680	1	915	2	6	0	924
25681	0	5	915	6	0	926
25682	0	6	3	916	0	925
25683	3	1	4	927	0	935
25684	3	2	923	8	0	936
25685	3	915	3	8	0	929
25686	3	3	8	900	0	914
25687	0	5	906	4	0	915
25688	2	912	4	7	0	925
25689	1	6	6	885	0	898
25690	1	5	896	7	0	909
25691	3	0	883	5	0	891
25692	0	887	7	3	0	897
25693	2	956	6	4	0	968
25694	0	10	6	965	0	981
25695	3	5	0	1009	0	1017
25696	2	2	1012	11	0	1027
25697	959	2	5	11	0	977
25698	968	1	7	5	0	981
25699	10	2	979	3	0	994
25700	6	959	6	3	0	974
25701	0	951	6	7	0	964
25702	1	931	3	2	0	937
25703	0	851	0	2	0	853
25704	13	21	8	793	0	835
25705	2	2	0	857	0	861
25706	0	0	0	845	0	845
25707	0	0	0	854	0	854
25708	0	859	0	13	0	872
25709	0	7	0	854	0	861
25710	0	869	0	5	0	874
25711	0	6	0	880	0	886
25712	872	6	0	6	0	884
25713	5	1	0	881	0	887
25714	6	871	1	7	0	885
25715	0	6	0	885	0	891
25716	0	5	0	902	0	907
25717	1	1	0	898	0	900
25718	878	0	0	12	0	890
25719	5	0	0	902	0	907
25720	6	0	888	8	0	902
25721	1	903	5	6	0	915
25722	0	4	6	920	0	930
25723	0	7	1	929	0	937
25724	0	1	1	937	0	939
25725	904	1	0	12	0	917
25726	6	0	913	8	0	927
25727	6	0	6	880	0	892
25728	1	897	6	5	0	909
25729	0	6	0	903	0	909
25730	869	6	0	5	0	880
25731	5	884	0	9	0	898
25732	7	5	0	877	0	889
25733	0	6	0	876	0	882
25734	0	876	0	12	0	888
25735	0	4	0	877	0	881
25736	1	7	0	882	0	890
25737	0	1	866	14	0	881
25738	1	846	6	7	0	860
25739	840	5	6	3	0	854
25740	6	6	838	1	0	851
25741	818	2	5	3	0	828
25742	6	2	830	3	0	841
25743	7	0	6	824	0	837
25744	822	0	7	8	0	837
25745	6	1	1	829	0	837
25746	837	1	1	6	0	845
25747	820	1	1	9	0	831
25748	821	1	1	2	0	825
25749	12	820	0	1	0	833
25750	8	5	0	803	0	816
25751	1	7	0	808	0	816
25752	0	3	0	810	0	813
25753	1	0	799	15	0	815
25754	0	1	6	806	0	813
25755	792	0	7	8	0	807
25756	795	2	1	9	0	807
25757	12	0	789	2	0	803
25758	791	2	7	0	0	800
25759	792	2	6	2	0	802
25760	12	0	2	750	0	764
25761	746	1	1	8	0	756
25762	745	1	1	7	0	754
25763	11	0	2	738	0	751
25764	747	1	1	8	0	757
25765	739	1	1	9	0	750
25766	14	1	1	733	0	749
25767	12	2	704	5	0	723
25768	707	2	6	8	0	723
25769	6	2	723	3	0	734
25770	6	3	724	3	0	736
25771	1	724	11	4	0	740
25772	1	6	7	699	0	713
25773	1	7	3	711	0	722
25774	2	2	2	713	0	719
25775	3	1	707	13	0	724
25776	5	1	707	7	0	720
25777	3	698	11	4	0	716
25778	2	5	9	686	0	702
25779	3	6	2	700	0	711
25780	3	3	0	702	0	708
25781	4	0	683	18	0	705
25782	5	676	5	13	0	699
25783	3	5	6	674	0	688
25784	4	7	681	7	0	699
25785	3	3	683	7	0	696
25786	672	1	11	4	0	688
25787	681	0	8	6	0	695
25788	675	0	4	2	0	681
25789	14	2	2	638	0	656
25790	7	0	660	8	0	675
25791	2	653	6	9	0	670
25792	3	652	7	5	0	667
25793	3	11	547	2	0	563
25794	2	15	12	489	0	518
25795	2	3	6	457	0	468
25796	1	461	3	11	0	476
25797	1	450	2	7	0	460
25798	443	10	0	4	0	457
25799	449	4	1	2	0	456
25800	445	2	0	4	0	451
25801	435	0	1	0	0	436
25802	418	2	2	0	0	422
25803	10	401	2	1	0	414
25804	6	302	0	2	0	310
25805	0	235	2	0	0	237
25806	214	1	7	0	0	222
25807	4	3	3	193	0	203
25808	1	0	0	180	0	181
25809	179	0	0	1	0	180
25810	0	181	0	2	0	183
25811	0	0	2	174	0	176
25812	0	1	1	177	0	179
25813	0	2	0	177	0	179
25814	171	0	1	1	0	173
25815	0	0	0	173	0	173
25816	0	0	164	2	0	166
25817	173	0	1	0	0	174
25818	0	4	0	169	0	173
25819	1	0	171	1	0	173
25820	1	176	1	0	0	178
25821	1	167	1	0	0	169
25822	157	0	0	0	0	157
25823	150	0	0	0	0	150
25824	0	155	0	0	0	155
25825	2	0	0	164	0	166
25826	168	0	0	0	0	168
25827	0	0	0	184	0	184
25828	0	0	0	193	0	193
25829	0	0	0	193	0	193
25830	0	0	0	193	0	193
25831	0	192	0	0	0	192
25832	0	0	0	194	0	194
25833	0	0	0	194	0	194
25834	0	0	0	196	0	196
25835	0	0	193	1	0	194
25836	0	195	0	0	0	195
25837	0	1	0	195	0	196
25838	0	0	194	2	0	196
25839	0	0	194	1	0	195
25840	0	197	1	1	0	199
25841	196	2	0	0	0	198
25842	0	0	0	198	0	198
25843	196	0	0	2	0	198
25844	1	200	0	0	0	201
25845	0	1	1	198	0	200
25846	196	0	0	1	0	197
25847	199	0	0	1	0	200
25848	0	0	1	200	0	201
25849	0	0	1	199	0	200
25850	0	1	198	1	0	200
25851	1	0	1	199	0	201
25852	1	1	0	195	0	197
25853	194	0	0	1	0	195
25854	1	197	0	0	0	198
25855	0	1	200	1	0	202
25856	192	0	1	0	0	193
25857	2	202	0	0	0	204
25858	0	1	0	204	0	205
25859	199	0	0	2	0	201
25860	1	0	1	197	0	199
25861	0	0	0	200	0	200
25862	0	0	200	2	0	202
25863	1	0	1	199	0	201
25864	201	1	0	1	0	203
25865	1	0	1	200	0	202
25866	196	0	0	1	0	197
25867	1	199	0	0	0	200
25868	0	198	0	1	0	199
25869	1	1	0	197	0	199
25870	0	0	0	199	0	199
25871	191	0	0	2	0	193
25872	0	190	2	0	0	192
25873	190	1	0	1	0	192
25874	189	0	0	0	0	189
25875	1	0	0	190	0	191
25876	190	0	0	1	0	191
25877	1	1	187	0	0	189
25878	0	1	1	183	0	185
25879	0	0	185	2	0	187
25880	0	0	1	185	0	186
25881	185	0	0	1	0	186
25882	183	1	0	0	0	184
25883	2	192	0	0	0	194
25884	1	1	0	191	0	193
25885	0	0	0	191	0	191
25886	1	195	0	0	0	196
25887	0	1	1	198	0	200
25888	0	0	0	196	0	196
25889	0	197	1	1	0	199
25890	188	1	0	1	0	190
25891	189	0	0	0	0	189
25892	2	0	0	188	0	190
25893	0	2	0	188	0	190
25894	0	0	185	2	0	187
25895	0	0	1	186	0	187
25896	0	189	0	0	0	189
25897	184	1	0	1	0	186
25898	1	0	0	186	0	187
25899	0	1	0	181	0	182
25900	180	0	0	1	0	181
25901	2	178	0	0	0	180
25902	0	0	0	186	0	186
25903	0	0	0	185	0	185
25904	0	191	1	1	0	193
25905	190	1	0	1	0	192
25906	1	1	190	0	0	192
25907	1	0	200	0	0	201
25908	0	0	1	204	0	205
25909	0	0	203	2	0	205
25910	202	0	1	0	0	203
25911	1	1	0	202	0	204
25912	0	0	206	2	0	208
25913	0	0	208	0	0	208
25914	0	210	1	0	0	211
25915	212	1	0	0	0	213
25916	1	219	1	0	0	221
25917	209	1	1	0	0	211
25918	208	0	0	1	0	209
25919	1	202	1	2	0	206
25920	195	1	0	0	0	196
25921	190	0	0	1	0	191
25922	1	0	192	0	0	193
25923	0	6	1	174	0	181
25924	0	181	0	1	0	182
25925	1	168	0	0	0	169
25926	0	3	2	157	0	162
25927	152	0	0	1	0	153
25928	1	0	0	153	0	154
25929	0	0	0	163	0	163
25930	0	0	0	166	0	166
25931	0	178	0	1	0	179
25932	0	1	0	189	0	190
25933	0	0	206	1	0	207
25934	195	0	0	0	0	195
25935	212	0	0	0	0	212
25936	0	207	0	0	0	207
25937	209	0	0	0	0	209
25938	0	0	0	215	0	215
25939	1	0	212	0	0	213
25940	206	0	0	0	0	206
25941	0	215	0	0	0	215
25942	0	0	0	214	0	214
25943	215	0	0	0	0	215
25944	0	216	0	0	0	216
25945	0	218	0	0	0	218
25946	215	0	0	0	0	215
25947	0	0	211	0	0	211
25948	213	0	0	0	0	213
25949	0	0	0	213	0	213
25950	0	0	0	212	0	212
25951	0	0	216	0	0	216
25952	0	0	212	0	0	212
25953	0	0	0	214	0	214
25954	0	0	212	0	0	212
25955	0	0	215	0	0	215
25956	0	0	0	214	0	214
25957	0	0	0	210	0	210
25958	210	0	0	0	0	210
25959	0	0	0	209	0	209
25960	211	0	0	0	0	211
25961	0	208	0	0	0	208
25962	0	0	0	206	0	206
25963	0	0	217	0	0	217
25964	211	0	0	0	0	211
25965	215	0	0	0	0	215
25966	217	0	0	0	0	217
25967	218	0	0	0	0	218
25968	220	0	0	0	0	220
25969	0	0	0	216	0	216
25970	0	0	223	0	0	223
25971	0	0	223	0	0	223
25972	0	0	227	0	0	227
25973	222	0	0	0	0	222
25974	225	0	0	0	0	225
25975	0	0	0	219	0	219
25976	0	227	0	0	0	227
25977	0	0	0	235	0	235
25978	0	0	235	0	0	235
25979	0	0	235	0	0	235
25980	225	0	0	0	0	225
25981	0	0	240	0	0	240
25982	0	0	0	238	0	238
25983	237	0	0	0	0	237
25984	235	0	0	0	0	235
25985	237	0	2	0	0	239
25986	236	0	0	0	0	236
25987	0	0	233	0	0	233
25988	232	0	0	0	0	232
25989	0	233	0	0	0	233
25990	0	0	0	236	0	236
25991	0	0	239	0	0	239
25992	1	0	0	239	0	240
25993	1	0	242	0	0	243
25994	0	1	0	239	0	240
25995	1	0	0	240	0	241
25996	0	0	245	1	0	246
25997	0	0	1	242	0	243
25998	244	0	0	0	0	244
25999	1	1	0	245	0	247
26000	0	0	0	248	0	248
26001	246	0	0	0	0	246
26002	0	249	0	0	0	249
26003	249	1	0	0	0	250
26004	1	245	0	0	0	246
26005	254	0	1	0	0	255
26006	1	0	254	0	0	255
26007	0	0	0	245	0	245
26008	0	0	0	243	0	243
26009	240	0	1	0	0	241
26010	0	240	1	0	0	241
26011	0	0	0	241	0	241
26012	0	0	1	228	0	229
26013	0	228	1	0	0	229
26014	224	0	0	1	0	225
26015	0	232	0	1	0	233
26016	2	0	0	221	0	223
26017	0	0	0	223	0	223
26018	1	224	0	0	0	225
26019	221	1	0	0	0	222
26020	0	0	229	1	0	230
26021	218	0	1	0	0	219
26022	1	229	1	0	0	231
26023	2	0	0	226	0	228
26024	232	1	0	1	0	234
26025	1	0	0	234	0	235
26026	3	0	0	229	0	232
26027	233	0	0	2	0	235
26028	0	231	1	1	0	233
26029	1	228	1	0	0	230
26030	225	1	1	0	0	227
26031	2	1	231	0	0	234
26032	1	219	0	0	0	220
26033	4	4	1	201	0	210
26034	1	1	246	0	0	248
26035	0	2	0	241	0	243
26036	245	0	1	0	0	246
26037	0	250	0	1	0	251
26038	1	0	0	228	0	229
26039	0	244	1	0	0	245
26040	249	0	0	0	0	249
26041	258	1	0	0	0	259
26042	1	264	0	0	0	265
26043	1	0	0	253	0	254
26044	0	274	0	0	0	274
26045	276	0	0	1	0	277
26046	279	1	0	0	0	280
26047	2	0	0	276	0	278
26048	1	0	0	282	0	283
26049	0	0	276	2	0	278
26050	269	0	1	1	0	271
26051	2	0	278	0	0	280
26052	1	0	1	275	0	277
26053	274	0	1	1	0	276
26054	0	280	0	1	0	281
26055	275	1	0	0	0	276
26056	1	1	269	0	0	271
26057	270	0	1	0	0	271
26058	1	276	1	0	0	278
26059	279	1	0	0	0	280
26060	1	283	0	0	0	284
26061	1	0	0	278	0	279
26062	1	1	280	1	0	283
26063	1	0	272	1	0	274
26064	1	0	2	273	0	276
26065	0	0	281	2	0	283
26066	1	0	1	280	0	282
26067	0	0	1	277	0	278
26068	1	0	284	2	0	287
26069	257	0	2	1	0	260
26070	278	0	1	1	0	280
26071	3	277	0	0	0	280
26072	274	2	0	0	0	276
26073	3	1	0	272	0	276
26074	1	0	277	1	0	279
26075	1	0	1	277	0	279
26076	0	1	1	275	0	277
26077	268	0	0	2	0	270
26078	0	270	0	1	0	271
26079	1	266	0	1	0	268
26080	0	2	1	269	0	272
26081	0	1	1	261	0	263
26082	0	261	0	3	0	264
26083	0	1	1	261	0	263
26084	0	1	0	262	0	263
26085	0	263	0	2	0	265
26086	266	1	1	1	0	269
26087	2	1	0	268	0	271
26088	2	269	1	1	0	273
26089	0	2	0	270	0	272
26090	268	1	0	2	0	271
26091	1	266	0	2	0	269
26092	266	1	1	0	0	268
26093	266	1	0	1	0	268
26094	2	0	0	269	0	271
26095	280	0	0	1	0	281
26096	279	1	0	1	0	281
26097	280	1	0	0	0	281
26098	280	0	0	1	0	281
26099	2	0	0	276	0	278
26100	1	1	0	281	0	283
26101	0	0	282	3	0	285
26102	0	0	1	275	0	276
26103	0	1	1	281	0	283
26104	1	0	284	2	0	287
26105	273	0	1	2	0	276
26106	1	1	1	277	0	280
26107	1	0	286	2	0	289
26108	281	0	1	1	0	283
26109	1	1	307	0	0	309
26110	2	320	1	0	0	323
26111	1	334	1	0	0	336
26112	0	3	0	348	0	351
26113	1	2	373	1	0	377
26114	365	0	1	3	0	369
26115	394	0	2	0	0	396
26116	4	0	397	0	0	401
26117	381	0	1	1	0	383
26118	390	0	2	1	0	393
26119	3	397	0	0	0	400
26120	393	1	0	0	0	394
26121	1	1	0	392	0	394
26122	1	0	396	1	0	398
26123	1	1	1	370	0	373
26124	0	383	1	1	0	385
26125	0	392	1	1	0	394
26126	391	2	0	0	0	393
26127	377	1	1	0	0	379
26128	384	1	0	0	0	385
26129	2	1	0	377	0	380
26130	1	0	0	369	0	370
26131	0	362	1	2	0	365
26132	359	1	0	1	0	361
26133	2	360	0	0	0	362
26134	314	1	1	0	0	316
26135	2	316	0	0	0	318
26136	311	1	0	0	0	312
26137	309	2	0	0	0	311
26138	3	0	0	297	0	300
26139	1	310	0	1	0	312
26140	0	1	307	1	0	309
26141	286	1	1	0	0	288
26142	1	291	1	0	0	293
26143	1	2	294	0	0	297
26144	1	1	288	0	0	290
26145	0	0	2	274	0	276
26146	0	0	1	266	0	267
26147	0	290	0	0	0	290
26148	295	0	0	1	0	296
26149	0	1	0	292	0	293
26150	1	313	0	0	0	314
26151	0	332	0	1	0	333
26152	0	1	335	0	0	336
26153	0	1	340	0	0	341
26154	330	0	1	0	0	331
26155	0	0	346	0	0	346
26156	1	0	0	339	0	340
26157	0	0	1	350	0	351
26158	0	0	352	1	0	353
26159	0	0	0	340	0	340
26160	0	0	1	337	0	338
26161	341	0	0	1	0	342
26162	347	0	0	1	0	348
26163	1	0	0	343	0	344
26164	1	344	0	0	0	345
26165	0	358	0	1	0	359
26166	353	0	0	0	0	353
26167	1	1	357	0	0	359
26168	1	0	0	350	0	351
26169	357	0	1	0	0	358
26170	358	0	0	1	0	359
26171	1	0	0	359	0	360
26172	1	0	363	0	0	364
26173	0	0	358	1	0	359
26174	352	0	1	0	0	353
26175	367	0	1	0	0	368
26176	1	371	0	0	0	372
26177	1	381	0	0	0	382
26178	385	1	0	0	0	386
26179	397	1	0	1	0	399
26180	1	0	0	415	0	416
26181	1	0	0	414	0	415
26182	0	0	0	418	0	418
26183	415	0	0	3	0	418
26184	0	2	0	418	0	420
26185	1	0	434	0	0	435
26186	417	0	0	1	0	418
26187	0	0	1	430	0	431
26188	1	0	445	0	0	446
26189	434	0	0	1	0	435
26190	425	1	1	0	0	427
26191	1	479	0	0	0	480
26192	1	484	0	0	0	485
26193	0	1	487	0	0	488
26194	472	1	0	0	0	473
26195	0	494	1	0	0	495
26196	1	0	494	0	0	495
26197	462	1	1	0	0	464
26198	0	519	1	0	0	520
26199	1	0	508	0	0	509
26200	497	1	0	0	0	498
26201	0	515	1	1	0	517
26202	1	6	0	508	0	515
26203	512	1	0	0	0	513
26204	0	513	0	1	0	514
26205	1	0	1	506	0	508
26206	506	1	0	0	0	507
26207	0	0	515	1	0	516
26208	1	500	0	2	0	503
26209	1	0	501	0	0	502
26210	0	2	1	485	0	488
26211	0	0	481	0	0	481
26212	0	469	0	0	0	469
26213	0	444	2	0	0	446
26214	0	0	0	441	0	441
26215	0	0	0	433	0	433
26216	0	0	0	432	0	432
26217	0	0	463	0	0	463
26218	0	0	0	466	0	466
26219	467	0	0	0	0	467
26220	463	0	0	0	0	463
26221	0	0	482	0	0	482
26222	0	484	0	2	0	486
26223	491	0	0	0	0	491
26224	0	490	0	0	0	490
26225	490	0	0	1	0	491
26226	494	0	0	0	0	494
26227	0	0	497	0	0	497
26228	0	513	0	1	0	514
26229	0	0	0	512	0	512
26230	0	0	513	0	0	513
26231	503	0	0	0	0	503
26232	1	0	0	520	0	521
26233	0	0	520	0	0	520
26234	503	0	0	1	0	504
26235	0	0	540	0	0	540
26236	0	0	0	547	0	547
26237	583	0	0	0	0	583
26238	0	622	0	0	0	622
26239	1	0	644	0	0	645
26240	648	1	0	0	0	649
26241	698	0	1	0	0	699
26242	1	720	0	0	0	721
26243	2	0	0	721	0	723
26244	0	2	0	713	0	715
26245	723	0	0	3	0	726
26246	1	0	1	724	0	726
26247	2	0	724	1	0	727
26248	0	0	1	715	0	716
26249	717	0	3	1	0	721
26250	2	711	5	4	0	722
26251	2	2	0	697	0	701
26252	0	716	0	2	0	718
26253	719	2	0	1	0	722
26254	2	2	0	771	0	775
26255	2	0	0	789	0	791
26256	0	796	0	9	0	805
26257	0	2	791	3	0	796
26258	0	3	2	780	0	785
26259	0	0	3	793	0	796
26260	0	0	1	784	0	785
26261	0	789	0	6	0	795
26262	0	2	789	3	0	794
26263	0	3	803	0	0	806
26264	778	0	5	0	0	783
26265	805	0	3	0	0	808
26266	5	1	817	0	0	823
26267	783	0	3	0	0	786
26268	3	0	829	0	0	832
26269	797	0	2	0	0	799
26270	2	827	3	2	0	834
26271	829	2	0	0	0	831
26272	4	3	839	1	0	847
26273	4	0	852	0	0	856
26274	0	0	5	903	0	908
26275	912	0	5	4	0	921
26276	4	985	0	7	0	996
26277	5	5	1065	1	0	1076
26278	0	4	6	1072	0	1082
26279	0	0	4	1100	0	1104
26280	1089	1	0	10	0	1100
26281	1084	0	0	6	0	1090
26282	10	0	0	1084	0	1094
26283	1090	0	0	7	0	1097
26284	6	1	1076	4	0	1087
26285	4	1	7	1049	0	1061
26286	0	0	4	1064	0	1068
26287	1056	0	0	12	0	1068
26288	1038	0	0	5	0	1043
26289	10	2	0	1041	0	1053
26290	1040	0	3	6	0	1049
26291	6	0	1012	4	0	1022
26292	5	1011	6	0	0	1022
26293	0	5	1006	0	0	1011
26294	0	5	7	995	0	1007
26295	982	0	4	6	0	992
26296	6	987	1	5	0	999
26297	6	6	1	978	0	991
26298	0	7	0	961	0	968
26299	1	965	2	10	0	978
26300	1	7	2	967	0	977
26301	2	10	2	961	0	975
26302	0	1	0	967	0	968
26303	3	1	0	962	0	966
26304	1	1	3	942	0	947
26305	2	940	3	11	0	956
26306	1	6	1	943	0	951
26307	4	4	0	929	0	937
26308	2	1	920	11	0	934
26309	3	913	7	6	0	929
26310	2	8	6	904	0	920
26311	3	4	2	912	0	921
26312	3	1	1	908	0	913
26313	2	897	2	12	0	913
26314	1	6	898	7	0	912
26315	2	3	9	899	0	913
26316	1	1	903	8	0	913
26317	4	0	883	7	0	894
26318	2	2	10	876	0	890
26319	881	1	6	8	0	896
26320	8	1	0	877	0	886
26321	4	1	2	865	0	872
26322	3	867	0	14	0	884
26323	2	6	2	880	0	890
26324	1	5	0	889	0	895
26325	2	1	883	14	0	900
26326	1	880	7	9	0	897
26327	3	8	4	884	0	899
26328	855	5	2	11	0	873
26329	9	3	860	6	0	878
26330	5	0	9	854	0	868
26331	0	3	4	856	0	863
26332	847	0	1	13	0	861
26333	6	849	1	8	0	864
26334	836	7	1	5	0	849
26335	6	834	1	6	0	847
26336	5	6	2	806	0	819
26337	791	4	1	9	0	805
26338	6	2	780	7	0	795
26339	5	754	7	7	0	773
26340	0	754	6	4	0	764
26341	706	11	1	2	0	720
26342	6	4	1	673	0	684
26343	3	683	0	12	0	698
26344	0	698	0	7	0	705
26345	0	8	3	685	0	696
26346	0	5	0	692	0	697
26347	678	0	2	12	0	692
26348	7	682	1	5	0	695
26349	3	7	4	668	0	682
26350	0	4	664	10	0	678
26351	2	669	5	7	0	683
26352	1	5	651	7	0	664
26353	0	643	7	4	0	654
26354	11	8	5	579	0	603
26355	1	3	0	563	0	567
26356	2	569	1	9	0	581
26357	1	5	569	2	0	577
26358	566	3	4	2	0	575
26359	5	2	2	576	0	585
26360	2	2	1	571	0	576
26361	1	2	572	6	0	581
26362	0	2	5	569	0	576
26363	2	1	565	6	0	574
26364	1	3	5	564	0	573
26365	1	3	572	6	0	582
26366	1	576	5	6	0	588
26367	2	7	598	1	0	608
26368	1	3	4	597	0	605
26369	598	0	1	9	0	608
26370	5	591	2	5	0	603
26371	4	6	0	585	0	595
26372	4	3	576	6	0	589
26373	1	584	5	3	0	593
26374	0	8	3	507	0	518
26375	0	3	516	4	0	523
26376	1	444	2	2	0	449
26377	330	11	8	6	0	355
26378	312	1	1	3	0	317
26379	0	0	0	314	0	314
26380	314	0	0	0	0	314
26381	0	0	0	310	0	310
26382	0	0	0	318	0	318
26383	0	0	337	0	0	337
26384	0	0	0	338	0	338
26385	0	0	0	336	0	336
26386	336	0	0	0	0	336
26387	333	0	0	0	0	333
26388	0	343	0	0	0	343
26389	0	1	341	1	0	343
26390	0	0	0	344	0	344
26391	0	0	343	0	0	343
26392	320	2	0	0	0	322
26393	0	0	335	0	0	335
26394	0	0	0	330	0	330
26395	0	334	0	0	0	334
26396	0	0	0	338	0	338
26397	2	0	0	336	0	338
26398	0	0	349	0	0	349
26399	0	0	0	343	0	343
26400	348	0	0	0	0	348
26401	350	0	0	0	0	350
26402	349	0	0	0	0	349
26403	346	0	0	0	0	346
26404	0	347	0	2	0	349
26405	0	352	0	0	0	352
26406	0	0	0	341	0	341
26407	0	0	0	351	0	351
26408	0	347	0	0	0	347
26409	0	0	0	351	0	351
26410	0	0	0	350	0	350
26411	0	0	0	352	0	352
26412	0	0	0	349	0	349
26413	0	0	0	349	0	349
26414	344	0	0	0	0	344
26415	0	346	0	0	0	346
26416	0	0	342	0	0	342
26417	0	0	0	336	0	336
26418	0	0	0	338	0	338
26419	0	0	0	330	0	330
26420	333	0	0	0	0	333
26421	0	376	0	0	0	376
26422	0	0	0	370	0	370
26423	0	384	0	0	0	384
26424	0	1	0	366	0	367
26425	0	364	0	1	0	365
26426	0	1	390	2	0	393
26427	1	1	1	407	0	410
26428	0	0	482	2	0	484
26429	0	0	2	481	0	483
26430	1	0	2	505	0	508
26431	509	0	0	4	0	513
26432	509	0	0	2	0	511
26433	512	0	0	0	0	512
26434	508	0	0	0	0	508
26435	508	0	0	0	0	508
26436	4	0	0	496	0	500
26437	2	504	1	2	0	509
26438	0	2	0	487	0	489
26439	2	2	482	2	0	488
26440	477	0	2	3	0	482
26441	483	0	3	0	0	486
26442	5	0	0	481	0	486
26443	3	0	0	474	0	477
26444	0	472	0	5	0	477
26445	0	2	0	474	0	476
26446	0	3	0	467	0	470
26447	0	471	0	6	0	477
26448	0	2	0	471	0	473
26449	456	3	0	2	0	461
26450	2	0	463	3	0	468
26451	449	0	2	0	0	451
26452	2	0	462	0	0	464
26453	3	0	2	449	0	454
26454	0	0	3	431	0	434
26455	0	449	0	5	0	454
26456	0	444	0	3	0	447
26457	1	5	0	435	0	441
26458	0	3	443	2	0	448
26459	434	0	1	3	0	438
26460	2	0	3	434	0	439
26461	4	436	0	4	0	444
26462	0	2	0	440	0	442
26463	0	4	0	431	0	435
26464	0	427	0	4	0	431
26465	0	5	3	399	0	407
26466	0	3	385	2	0	390
26467	0	0	363	3	0	366
26468	1	3	5	360	0	369
26469	0	382	3	1	0	386
26470	0	2	0	380	0	382
26471	369	3	0	2	0	374
26472	370	0	0	3	0	373
26473	352	0	0	0	0	352
26474	5	351	0	0	0	356
26475	3	2	342	0	0	347
26476	335	3	2	0	0	340
26477	342	0	4	0	0	346
26478	5	338	0	0	0	343
26479	3	2	0	333	0	338
26480	337	3	0	2	0	342
26481	339	0	0	3	0	342
26482	337	0	0	0	0	337
26483	5	0	0	312	0	317
26484	318	0	1	2	0	321
26485	2	0	0	319	0	321
26486	3	0	0	318	0	321
26487	313	0	0	5	0	318
26488	3	0	0	311	0	314
26489	312	0	0	2	0	314
26490	3	0	0	313	0	316
26491	4	0	0	310	0	314
26492	310	0	0	5	0	315
26493	2	1	302	3	0	308
26494	3	0	2	303	0	308
26495	0	0	4	305	0	309
26496	1	0	0	300	0	301
26497	1	0	0	307	0	308
26498	0	0	0	288	0	288
26499	0	289	0	5	0	294
26500	1	3	0	286	0	290
26501	0	3	286	3	0	292
26502	0	0	2	293	0	295
26503	0	1	3	289	0	293
26504	0	0	0	300	0	300
26505	1	0	293	5	0	299
26506	0	0	293	3	0	296
26507	285	0	5	0	0	290
26508	293	0	4	0	0	297
26509	5	300	0	1	0	306
26510	3	2	0	302	0	307
26511	0	4	0	311	0	315
26512	0	1	0	317	0	318
26513	312	0	0	6	0	318
26514	317	0	1	3	0	321
26515	6	0	0	314	0	320
26516	3	0	0	318	0	321
26517	0	1	0	324	0	325
26518	0	0	0	323	0	323
26519	311	0	0	5	0	316
26520	2	0	297	3	0	302
26521	2	257	2	1	0	262
26522	1	234	3	0	0	238
26523	224	3	1	0	0	228
26524	1	6	0	219	0	226
26525	2	1	222	1	0	226
26526	0	0	196	3	0	199
26527	1	179	2	0	0	182
26528	103	0	5	0	0	108
26529	0	1	103	0	0	104
26530	76	2	1	0	0	79
26531	0	0	1	85	0	86
26532	1	0	0	86	0	87
26533	0	86	0	1	0	87
26534	0	88	0	1	0	89
26535	91	1	0	0	0	92
26536	89	1	0	1	0	91
26537	1	91	0	0	0	92
26538	0	0	87	0	0	87
26539	0	0	100	0	0	100
26540	0	0	0	99	0	99
26541	102	0	0	0	0	102
26542	0	107	0	0	0	107
26543	0	0	0	114	0	114
26544	115	0	0	0	0	115
26545	0	0	0	117	0	117
26546	0	0	0	123	0	123
26547	124	0	0	0	0	124
26548	0	128	0	0	0	128
26549	0	132	0	0	0	132
26550	0	1	140	1	0	142
26551	0	0	1	144	0	145
26552	0	0	0	142	0	142
26553	0	0	148	1	0	149
26554	132	0	1	0	0	133
26555	146	0	0	0	0	146
26556	2	0	151	0	0	153
26557	133	0	1	0	0	134
26558	1	0	175	0	0	176
26559	0	184	1	0	0	185
26560	0	1	0	192	0	193
26561	0	0	0	199	0	199
26562	197	0	0	1	0	198
26563	203	0	0	0	0	203
26564	199	0	0	0	0	199
26565	202	0	0	0	0	202
26566	196	0	0	0	0	196
26567	1	0	206	0	0	207
26568	0	209	1	0	0	210
26569	0	1	0	201	0	202
26570	0	207	0	1	0	208
26571	1	212	0	0	0	213
26572	1	1	0	210	0	212
26573	1	0	0	212	0	213
26574	1	0	217	1	0	219
26575	204	0	1	0	0	205
26576	221	0	0	0	0	221
26577	1	222	0	0	0	223
26578	219	1	0	0	0	220
26579	236	0	0	0	0	236
26580	1	0	0	235	0	236
26581	0	0	247	1	0	248
26582	0	0	255	0	0	255
26583	257	0	1	0	0	258
26584	260	0	0	0	0	260
26585	0	262	0	0	0	262
26586	0	270	0	0	0	270
26587	0	1	0	277	0	278
26588	278	0	0	1	0	279
26589	1	0	284	0	0	285
26590	0	0	1	289	0	290
26591	294	0	0	2	0	296
26592	296	0	0	0	0	296
26593	1	0	0	307	0	308
26594	309	0	0	1	0	310
26595	2	0	312	0	0	314
26596	2	0	332	0	0	334
26597	0	0	1	327	0	328
26598	0	0	0	338	0	338
26599	0	0	0	336	0	336
26600	0	337	0	2	0	339
26601	0	343	0	0	0	343
26602	0	1	0	337	0	338
26603	343	0	0	1	0	344
26604	1	0	0	346	0	347
26605	0	0	0	353	0	353
26606	0	350	0	0	0	350
26607	0	360	0	0	0	360
26608	0	1	0	354	0	355
26609	0	0	0	352	0	352
26610	349	0	0	1	0	350
26611	1	349	0	0	0	350
26612	350	1	0	0	0	351
26613	1	0	0	351	0	352
26614	0	1	345	1	0	347
26615	0	0	352	0	0	352
26616	347	0	2	1	0	350
26617	1	0	0	366	0	367
26618	0	0	0	369	0	369
26619	0	0	0	368	0	368
26620	0	1	383	1	0	385
26621	0	0	1	390	0	391
26622	0	398	0	1	0	399
26623	0	2	0	400	0	402
26624	0	0	0	400	0	400
26625	0	424	0	2	0	426
26626	0	3	0	436	0	439
26627	440	0	0	2	0	442
26628	1	449	0	0	0	450
26629	467	2	0	1	0	470
26630	472	0	0	0	0	472
26631	4	0	0	461	0	465
26632	1	0	0	463	0	464
26633	0	0	0	470	0	470
26634	0	0	462	3	0	465
26635	0	457	2	1	0	460
26636	0	459	1	0	0	460
26637	0	3	0	456	0	459
26638	456	1	0	2	0	459
26639	2	0	0	445	0	447
26640	1	4	443	2	0	450
26641	0	449	2	1	0	452
26642	0	439	1	0	0	440
26643	432	2	0	0	0	434
26644	436	1	0	0	0	437
26645	3	473	0	0	0	476
26646	478	3	0	0	0	481
26647	3	4	480	0	0	487
26648	2	0	486	1	0	489
26649	488	0	4	1	0	493
26650	488	1	2	0	0	491
26651	4	0	0	491	0	495
26652	494	0	0	2	0	496
26653	2	1	499	2	0	504
26654	3	0	535	0	0	538
26655	1	0	4	624	0	629
26656	0	0	3	674	0	677
26657	0	0	0	702	0	702
26658	0	0	0	732	0	732
26659	0	0	1	776	0	777
26660	0	2	769	5	0	776
26661	0	1	2	756	0	759
26662	756	0	3	3	0	762
26663	3	0	0	763	0	766
26664	764	0	0	3	0	767
26665	2	0	1	762	0	765
26666	765	0	0	2	0	767
26667	788	1	0	3	0	792
26668	6	0	0	783	0	789
26669	5	0	0	786	0	791
26670	786	1	0	6	0	793
26671	790	0	0	4	0	794
26672	6	0	796	0	0	802
26673	4	0	3	797	0	804
26674	2	0	4	793	0	799
26675	795	0	0	7	0	802
26676	795	0	0	5	0	800
26677	9	0	0	796	0	805
26678	5	0	1	796	0	802
26679	1	2	0	786	0	789
26680	0	0	0	785	0	785
26681	0	755	0	10	0	765
26682	1	755	0	9	0	765
26683	1	6	0	752	0	759
26684	0	759	1	5	0	765
26685	1	2	1	756	0	760
26686	0	4	753	4	0	761
26687	2	0	744	4	0	750
26688	2	750	6	2	0	760
26689	2	9	4	743	0	758
26690	0	4	747	5	0	756
26691	2	1	2	737	0	742
26692	2	0	5	743	0	750
26693	726	1	1	8	0	736
26694	3	0	0	744	0	747
26695	4	0	754	5	0	763
26696	2	1	742	6	0	751
26697	1	734	7	2	0	744
26698	0	755	5	2	0	762
26699	758	6	2	2	0	768
26700	4	6	797	1	0	808
26701	7	0	2	801	0	810
26702	804	0	5	4	0	813
26703	793	1	0	6	0	800
26704	7	810	0	4	0	821
26705	7	2	1	801	0	811
26706	2	4	1	821	0	828
26707	1	1	1	819	0	822
26708	807	0	1	9	0	817
26709	3	2	808	6	0	819
26710	6	832	2	4	0	844
26711	1	3	7	826	0	837
26712	0	5	2	832	0	839
26713	0	1	828	10	0	839
26714	2	1	2	833	0	838
26715	2	0	5	834	0	841
26716	0	1	1	833	0	835
26717	0	0	2	830	0	832
26718	1	1	818	9	0	829
26719	1	0	2	816	0	819
26720	3	2	827	3	0	835
26721	1	816	4	8	0	829
26722	2	2	4	817	0	825
26723	2	5	0	828	0	835
26724	2	0	820	8	0	830
26725	2	806	4	7	0	819
26726	1	4	5	791	0	801
26727	1	4	797	5	0	807
26728	4	789	1	9	0	803
26729	3	1	4	777	0	785
26730	0	2	789	3	0	794
26731	1	0	1	790	0	792
26732	5	0	3	787	0	795
26733	4	1	0	800	0	805
26734	795	1	1	5	0	802
26735	1	799	1	9	0	810
26736	798	2	2	4	0	806
26737	1	4	804	5	0	814
26738	815	1	1	5	0	822
26739	849	2	4	0	0	855
26740	3	4	0	837	0	844
26741	860	0	0	6	0	866
26742	865	2	1	4	0	872
26743	882	0	2	5	0	889
26744	3	0	3	880	0	886
26745	3	2	1	850	0	856
26746	1	3	839	3	0	846
26747	1	1	814	5	0	821
26748	805	1	6	1	0	813
26749	1	2	3	808	0	814
26750	5	835	1	2	0	843
26751	821	1	6	3	0	831
26752	1	833	1	2	0	837
26753	4	827	2	2	0	835
26754	10	3	795	0	0	808
26755	5	9	781	2	0	797
26756	3	17	5	739	0	764
26757	2	0	762	1	0	765
26758	0	0	703	0	0	703
26759	637	0	3	0	0	640
26760	673	0	0	1	0	674
26761	0	1	0	688	0	689
26762	1	0	0	700	0	701
26763	1	1	717	0	0	719
26764	0	732	0	0	0	732
26765	0	0	1	736	0	737
26766	755	0	1	0	0	756
26767	0	0	0	753	0	753
26768	0	763	1	0	0	764
26769	1	0	772	0	0	773
26770	1	800	0	0	0	801
26771	798	0	0	0	0	798
26772	787	0	1	1	0	789
26773	0	0	0	786	0	786
26774	0	0	816	0	0	816
26775	1	1	790	1	0	793
26776	0	802	1	1	0	804
26777	1	0	0	793	0	794
26778	0	0	0	809	0	809
26779	0	2	810	0	0	812
26780	0	0	1	796	0	797
26781	0	860	0	0	0	860
26782	1	0	0	861	0	862
26783	1	0	0	867	0	868
26784	0	0	867	1	0	868
26785	0	2	1	867	0	870
26786	858	0	3	0	0	861
26787	1	1	885	0	0	887
26788	0	1	886	1	0	888
26789	0	900	0	1	0	901
26790	3	0	1	922	0	926
26791	0	0	0	959	0	959
26792	0	1	957	1	0	959
26793	912	0	1	2	0	915
26794	1	4	1	956	0	962
26795	1	1	959	1	0	962
26796	0	0	1	940	0	941
26797	1	0	972	1	0	974
26798	0	0	962	1	0	963
26799	0	974	3	0	0	977
26800	0	2	1	902	0	905
26801	0	947	1	3	0	951
26802	938	1	0	3	0	942
26803	3	1	954	0	0	958
26804	2	935	3	1	0	941
26805	0	2	1	932	0	935
26806	922	1	1	2	0	926
26807	2	938	0	2	0	942
26808	1	2	1	945	0	949
26809	0	2	1	943	0	946
26810	0	956	0	4	0	960
26811	962	2	0	3	0	967
26812	2	3	0	1066	0	1071
26813	3	0	0	1134	0	1137
26814	0	0	1141	9	0	1150
26815	0	1180	5	5	0	1190
26816	0	4	5	1188	0	1197
26817	1	5	0	1280	0	1286
26818	0	1310	1	9	0	1320
26819	0	13	1	1313	0	1327
26820	1	9	0	1366	0	1376
26821	0	1	0	1374	0	1375
26822	1	1379	0	11	0	1391
26823	1360	6	0	10	0	1376
26824	6	9	1379	2	0	1396
26825	1314	0	8	0	0	1322
26826	5	1366	11	2	0	1384
26827	9	6	0	1353	0	1368
26828	2	9	1377	8	0	1396
26829	0	1	7	1365	0	1373
26830	0	1	9	1373	0	1383
26831	0	0	0	1403	0	1403
26832	0	0	1391	16	0	1407
26833	0	1402	7	10	0	1419
26834	1	5	1407	1	0	1414
26835	0	1419	7	4	0	1430
26836	0	7	1430	0	0	1437
26837	0	9	6	1416	0	1431
26838	1397	0	11	7	0	1415
26839	6	1414	1	10	0	1431
26840	8	7	1428	1	0	1444
26841	0	1424	6	1	0	1431
26842	1	6	1429	2	0	1438
26843	1	10	6	1374	0	1391
26844	1	0	10	1348	0	1359
26845	1	1403	1	15	0	1420
26846	1	1422	1	10	0	1434
26847	1428	16	2	0	0	1446
26848	6	10	1	1431	0	1448
26849	9	1	1439	10	0	1459
26850	0	0	7	1447	0	1454
26851	0	2	1461	8	0	1471
26852	2	0	1461	11	0	1474
26853	1	2	17	1400	0	1420
26854	2	1433	9	8	0	1452
26855	1388	8	4	11	0	1411
26856	6	12	0	1364	0	1382
26857	9	0	3	1350	0	1362
26858	1	1378	1	19	0	1399
26859	1364	8	0	10	0	1382
26860	1353	10	1	4	0	1368
26861	16	1	2	1323	0	1342
26862	10	1354	0	7	0	1371
26863	1	1398	3	11	0	1413
26864	1391	16	1	2	0	1410
26865	7	9	1400	4	0	1420
26866	1378	3	7	3	0	1391
26867	1372	4	9	2	0	1387
26868	1365	1	2	3	0	1371
26869	15	1362	3	9	0	1389
26870	10	8	2	1372	0	1392
26871	1385	10	1	8	0	1404
26872	1376	1	3	13	0	1393
26873	14	1387	2	5	0	1408
26874	1411	9	1	5	0	1426
26875	7	13	1	1413	0	1434
26876	10	2	1	1415	0	1428
26877	3	1417	1	21	0	1442
26878	0	10	3	1449	0	1462
26879	2	10	1	1456	0	1469
26880	1	1467	2	17	0	1487
26881	2	7	2	1389	0	1400
26882	0	1430	3	9	0	1442
26883	1413	8	1	10	0	1432
26884	1401	12	2	2	0	1417
26885	18	1398	1	6	0	1423
26886	9	7	1396	5	0	1417
26887	1	17	11	1376	0	1405
26888	2	2	1388	9	0	1401
26889	3	1357	7	13	0	1380
26890	2	1345	11	1	0	1359
26891	1288	15	1	2	0	1306
26892	8	1339	1	2	0	1350
26893	10	7	1	1301	0	1319
26894	1	1326	2	5	0	1334
26895	3	1333	2	13	0	1351
26896	1330	12	0	3	0	1345
26897	7	9	2	1329	0	1347
26898	8	3	1325	7	0	1343
26899	0	4	1321	11	0	1336
26900	2	1322	14	3	0	1341
26901	1310	5	10	2	0	1327
26902	6	1335	1	2	0	1344
26903	10	8	2	1370	0	1390
26904	1375	9	0	7	0	1391
26905	6	1	0	1400	0	1407
26906	9	2	0	1387	0	1398
26907	2	1392	4	16	0	1414
26908	2	11	0	1393	0	1406
26909	1	12	1416	6	0	1435
26910	1396	2	5	11	0	1414
26911	4	1486	10	5	0	1505
26912	9	1448	0	2	0	1459
26913	1377	10	4	0	0	1391
26914	4	9	1401	2	0	1416
26915	1356	2	5	2	0	1365
26916	1	1525	12	5	0	1543
26917	5	1627	0	1	0	1633
26918	0	8	1650	0	0	1658
26919	3	1675	4	0	0	1682
26920	1	7	11	1554	0	1573
26921	2	6	0	1534	0	1542
26922	0	1591	1	8	0	1600
26923	1	4	0	1571	0	1576
26924	1598	6	0	3	0	1607
26925	5	1	1606	6	0	1618
26926	1596	2	3	0	0	1601
26927	1616	0	6	1	0	1623
26928	1598	1	1	1	0	1601
26929	9	0	1628	1	0	1638
26930	6	1	3	1605	0	1615
26931	2	1	1627	3	0	1633
26932	1561	1	3	6	0	1571
26933	1560	0	7	2	0	1569
26934	9	1586	1	1	0	1597
26935	7	3	1	1548	0	1559
26936	2	1593	0	2	0	1597
26937	4	3	1602	4	0	1613
26938	0	7	4	1610	0	1621
26939	1601	0	7	7	0	1615
26940	1584	1	1	6	0	1592
26941	11	2	1	1532	0	1546
26942	7	1542	1	7	0	1557
26943	2	6	1571	5	0	1584
26944	2	6	1576	1	0	1585
26945	1474	1	10	0	0	1485
26946	4	2	1585	0	0	1591
26947	6	1569	5	2	0	1582
26948	1	4	7	1529	0	1541
26949	2	6	1561	4	0	1573
26950	0	0	6	1499	0	1505
26951	0	2	1537	4	0	1543
26952	1385	0	5	7	0	1397
26953	4	0	8	1471	0	1483
26954	7	1492	0	5	0	1504
26955	0	1485	2	7	0	1494
26956	1	11	0	1470	0	1482
26957	0	6	0	1438	0	1444
26958	0	1464	1	9	0	1474
26959	0	6	1456	6	0	1468
26960	1	6	5	1448	0	1460
26961	1	1	1479	4	0	1485
26962	0	1	1419	8	0	1428
26963	1302	2	11	0	0	1315
26964	5	1361	6	1	0	1373
26965	1349	5	2	1	0	1357
26966	5	8	1	1300	0	1314
26967	8	1347	0	5	0	1360
26968	1	6	1	1356	0	1364
26969	1	7	2	1312	0	1322
26970	1	1311	1	11	0	1324
26971	5	9	1290	7	0	1311
26972	2	8	6	1291	0	1307
26973	1294	4	8	5	0	1311
26974	8	2	0	1262	0	1272
26975	6	0	1	1251	0	1258
26976	0	3	1245	11	0	1259
26977	2	1224	6	10	0	1242
26978	2	6	6	1205	0	1219
26979	2	9	1199	5	0	1215
26980	4	1	1191	8	0	1204
26981	1145	5	10	4	0	1164
26982	8	1173	7	8	0	1196
26983	1172	5	2	3	0	1182
26984	4	1176	6	3	0	1189
26985	10	1179	3	4	0	1196
26986	1165	13	2	3	0	1183
26987	12	9	2	1139	0	1162
26988	10	1168	7	5	0	1190
26989	4	10	1	1178	0	1193
26990	1166	7	3	7	0	1183
26991	6	2	1173	12	0	1193
26992	8	3	1135	5	0	1151
26993	1112	3	13	5	0	1133
26994	15	1128	8	3	0	1154
26995	11	6	1115	4	0	1136
26996	2	1121	8	6	0	1137
26997	3	9	9	1085	0	1106
26998	4	10	1105	5	0	1124
26999	6	2	10	1089	0	1107
27000	1	4	1093	10	0	1108
27001	1048	4	9	11	0	1072
27002	9	1070	9	5	0	1093
27003	1024	5	5	3	0	1037
27004	5	8	4	962	0	979
27005	6	1049	9	5	0	1069
27006	1045	9	5	6	0	1065
27007	1028	5	4	6	0	1043
27008	11	3	1037	4	0	1055
27009	7	6	1007	2	0	1022
27010	872	2	10	3	0	887
27011	5	885	7	7	0	904
27012	3	830	3	4	0	840
27013	16	29	13	754	0	812
27014	2	3	772	7	0	784
27015	4	710	5	5	0	724
27016	3	583	3	4	0	593
27017	17	10	5	331	0	363
27018	339	1	2	1	0	343
27019	339	1	0	1	0	341
27020	340	0	0	1	0	341
27021	2	0	338	1	0	341
27022	340	0	2	0	0	342
27023	339	0	1	0	0	340
27024	344	1	0	0	0	345
27025	3	0	1	323	0	327
27026	2	338	0	1	0	341
27027	331	2	0	0	0	333
27028	3	335	0	0	0	338
27029	0	1	0	314	0	315
27030	0	2	327	1	0	330
27031	1	0	1	324	0	326
27032	1	1	0	330	0	332
27033	1	0	331	2	0	334
27034	0	325	3	0	0	328
27035	1	0	0	295	0	296
27036	289	1	0	1	0	291
27037	0	283	2	0	0	285
27038	271	2	0	0	0	273
27039	0	1	0	261	0	262
27040	0	276	3	0	0	279
27041	275	1	0	1	0	277
27042	1	278	2	0	0	281
27043	1	1	275	0	0	277
27044	267	3	0	0	0	270
27045	267	0	0	0	0	267
27046	0	265	0	0	0	265
27047	0	1	260	0	0	261
27048	1	278	1	0	0	280
27049	1	1	0	231	0	233
27050	0	1	0	283	0	284
27051	0	0	1	277	0	278
27052	0	285	0	0	0	285
27053	0	0	0	284	0	284
27054	0	0	0	286	0	286
27055	286	0	0	0	0	286
27056	0	1	0	285	0	286
27057	0	0	0	289	0	289
27058	288	0	0	1	0	289
27059	1	290	0	0	0	291
27060	289	0	0	1	0	290
27061	288	0	0	1	0	289
27062	284	0	0	0	0	284
27063	0	1	0	288	0	289
27064	1	1	0	287	0	289
27065	3	0	288	0	0	291
27066	2	0	289	0	0	291
27067	0	0	286	1	0	287
27068	268	0	1	1	0	270
27069	1	0	280	0	0	281
27070	0	287	1	0	0	288
27071	0	1	1	287	0	289
27072	1	0	0	264	0	265
27073	0	298	2	0	0	300
27074	0	2	304	0	0	306
27075	0	309	0	1	0	310
27076	304	0	0	2	0	306
27077	1	1	321	0	0	323
27078	1	316	1	0	0	318
27079	1	1	319	0	0	321
27080	1	1	1	316	0	319
27081	1	0	318	1	0	320
27082	1	1	0	306	0	308
27083	312	0	1	1	0	314
27084	0	1	320	1	0	322
27085	0	320	1	1	0	322
27086	314	0	0	2	0	316
27087	2	1	323	0	0	326
27088	0	0	321	2	0	323
27089	0	1	1	314	0	316
27090	2	0	323	1	0	326
27091	307	1	1	1	0	310
27092	1	333	2	0	0	336
27093	0	1	0	321	0	322
27094	1	332	1	2	0	336
27095	346	0	0	0	0	346
27096	1	2	347	1	0	351
27097	1	2	372	1	0	376
27098	0	1	1	372	0	374
27099	1	0	2	373	0	376
27100	2	0	1	374	0	377
27101	0	2	2	375	0	379
27102	0	1	397	2	0	400
27103	1	390	0	4	0	395
27104	0	1	2	358	0	361
27105	0	3	344	2	0	349
27106	0	340	1	2	0	343
27107	340	2	2	0	0	344
27108	1	4	0	338	0	343
27109	341	0	2	0	0	343
27110	1	337	0	4	0	342
27111	335	0	1	2	0	338
27112	0	2	359	2	0	363
27113	3	1	1	340	0	345
27114	0	357	3	1	0	361
27115	3	0	354	3	0	360
27116	0	351	3	0	0	354
27117	2	1	2	302	0	307
27118	327	2	0	0	0	329
27119	0	332	1	2	0	335
27120	329	0	1	1	0	331
27121	0	2	328	0	0	330
27122	1	1	329	0	0	331
27123	328	0	3	0	0	331
27124	0	3	2	327	0	332
27125	3	0	0	332	0	335
27126	0	1	349	2	0	352
27127	1	1	341	2	0	345
27128	0	348	4	0	0	352
27129	337	0	6	1	0	344
27130	320	2	5	1	0	328
27131	2	327	0	1	0	330
27132	3	0	0	342	0	345
27133	346	2	1	1	0	350
27134	0	1	1	349	0	351
27135	359	1	0	0	0	360
27136	356	0	1	2	0	359
27137	369	0	2	0	0	371
27138	2	1	0	368	0	371
27139	2	0	1	375	0	378
27140	367	0	0	2	0	369
27141	366	1	0	1	0	368
27142	366	1	0	1	0	368
27143	2	368	0	0	0	370
27144	361	0	1	0	0	362
27145	0	360	1	0	0	361
27146	356	1	1	0	0	358
27147	0	2	363	0	0	365
27148	325	0	0	2	0	327
27149	0	341	2	0	0	343
27150	1	341	0	0	0	342
27151	342	2	0	0	0	344
27152	0	2	0	349	0	351
27153	2	2	0	351	0	355
27154	0	351	0	2	0	353
27155	0	381	0	2	0	383
27156	376	2	0	0	0	378
27157	0	2	398	3	0	403
27158	2	0	0	421	0	423
27159	434	0	2	0	0	436
27160	0	0	444	1	0	445
27161	2	471	0	1	0	474
27162	504	0	2	0	0	506
27163	4	2	530	0	0	536
27164	4	0	3	542	0	549
27165	0	1	574	2	0	577
27166	558	0	3	3	0	564
27167	2	585	3	0	0	590
27168	583	2	0	0	0	585
27169	586	3	1	0	0	590
27170	7	0	0	580	0	587
27171	581	0	1	3	0	585
27172	2	1	0	590	0	593
27173	4	0	0	587	0	591
27174	0	0	571	7	0	578
27175	0	577	3	3	0	583
27176	0	4	3	579	0	586
27177	0	3	0	574	0	577
27178	1	0	0	581	0	582
27179	0	0	575	6	0	581
27180	0	578	3	4	0	585
27181	1	2	3	580	0	586
27182	0	3	1	584	0	588
27183	0	1	583	6	0	590
27184	1	0	2	576	0	579
27185	575	0	4	3	0	582
27186	2	581	0	4	0	587
27187	573	3	1	0	0	577
27188	4	3	575	0	0	582
27189	4	1	3	570	0	578
27190	576	0	4	3	0	583
27191	576	0	0	3	0	579
27192	6	0	591	1	0	598
27193	5	0	3	585	0	593
27194	0	1	597	4	0	602
27195	560	0	3	5	0	568
27196	4	574	4	0	0	582
27197	570	4	0	1	0	575
27198	568	2	0	1	0	571
27199	5	576	0	2	0	583
27200	580	3	0	2	0	585
27201	3	2	587	0	0	592
27202	566	2	3	0	0	571
27203	4	0	1	570	0	575
27204	1	0	591	4	0	596
27205	0	0	4	584	0	588
27206	0	0	3	589	0	592
27207	2	0	0	580	0	582
27208	0	584	0	3	0	587
27209	586	3	0	2	0	591
27210	4	1	2	582	0	589
27211	1	586	0	6	0	593
27212	3	2	0	558	0	563
27213	1	564	0	4	0	569
27214	2	3	563	2	0	570
27215	0	1	5	559	0	565
27216	1	2	2	560	0	565
27217	3	0	566	5	0	574
27218	516	0	4	3	0	523
27219	4	560	2	1	0	567
27220	2	3	2	560	0	567
27221	2	3	1	554	0	560
27222	2	1	0	550	0	553
27223	2	557	1	5	0	565
27224	551	4	1	2	0	558
27225	4	1	562	3	0	570
27226	5	1	548	0	0	554
27227	1	2	4	544	0	551
27228	1	0	2	555	0	558
27229	552	0	2	5	0	559
27230	2	551	0	4	0	557
27231	3	3	2	546	0	554
27232	537	2	0	6	0	545
27233	3	1	1	531	0	536
27234	527	0	1	6	0	534
27235	3	2	518	1	0	524
27236	3	539	4	2	0	548
27237	530	4	3	2	0	539
27238	4	3	529	0	0	536
27239	519	0	5	2	0	526
27240	4	2	524	2	0	532
27241	524	1	4	1	0	530
27242	5	0	2	526	0	533
27243	535	0	1	4	0	540
27244	3	0	2	535	0	540
27245	3	0	1	538	0	542
27246	537	1	1	5	0	544
27247	4	544	1	2	0	551
27248	1	4	0	541	0	546
27249	551	2	1	3	0	557
27250	575	1	0	1	0	577
27251	5	2	0	575	0	582
27252	4	1	0	575	0	580
27253	584	0	1	5	0	590
27254	4	2	0	594	0	600
27255	2	0	1	573	0	576
27256	576	0	2	5	0	583
27257	4	3	0	560	0	567
27258	1	0	528	5	0	534
27259	495	0	4	3	0	502
27260	3	1	523	2	0	529
27261	3	2	484	1	0	490
27262	437	5	7	0	0	449
27263	1	438	0	0	0	439
27264	3	0	1	408	0	412
27265	0	0	0	403	0	403
27266	0	0	0	421	0	421
27267	0	0	0	423	0	423
27268	435	0	0	0	0	435
27269	447	0	0	0	0	447
27270	460	0	0	0	0	460
27271	1	0	506	0	0	507
27272	0	0	2	539	0	541
27273	0	0	1	549	0	550
27274	0	0	0	542	0	542
27275	0	543	0	3	0	546
27276	0	547	0	1	0	548
27277	550	3	0	0	0	553
27278	2	1	0	552	0	555
27279	1	0	0	575	0	576
27280	0	0	0	588	0	588
27281	0	0	581	3	0	584
27282	0	0	576	1	0	577
27283	562	0	3	0	0	565
27284	585	0	1	0	0	586
27285	3	0	0	579	0	582
27286	1	580	0	2	0	583
27287	1	2	0	585	0	588
27288	1	1	0	584	0	586
27289	1	0	584	3	0	588
27290	576	1	3	1	0	581
27291	2	0	1	598	0	601
27292	1	0	0	576	0	577
27293	570	0	1	3	0	574
27294	2	587	0	2	0	591
27295	598	3	0	1	0	602
27296	5	2	0	591	0	598
27297	1	575	0	4	0	580
27298	575	2	0	3	0	580
27299	2	1	0	572	0	575
27300	562	1	1	3	0	567
27301	558	0	1	1	0	560
27302	563	0	0	1	0	564
27303	6	556	0	0	0	562
27304	2	542	1	1	0	546
27305	1	4	0	532	0	537
27306	0	540	0	4	0	544
27307	542	3	0	3	0	548
27308	2	1	1	541	0	545
27309	539	2	0	2	0	543
27310	542	0	0	2	0	544
27311	4	0	0	538	0	542
27312	2	0	0	548	0	550
27313	545	1	0	4	0	550
27314	548	0	1	2	0	551
27315	557	0	1	2	0	560
27316	564	1	0	0	0	565
27317	573	0	0	0	0	573
27318	5	0	0	564	0	569
27319	3	1	0	568	0	572
27320	2	0	0	567	0	569
27321	565	0	0	5	0	570
27322	3	1	1	560	0	565
27323	2	565	0	4	0	571
27324	1	3	1	567	0	572
27325	552	2	0	5	0	559
27326	558	1	1	1	0	561
27327	4	1	551	3	0	559
27328	4	1	3	533	0	541
27329	2	563	1	3	0	569
27330	560	4	1	1	0	566
27331	4	563	0	1	0	568
27332	2	4	0	566	0	572
27333	576	1	0	3	0	580
27334	575	1	0	1	0	577
27335	6	580	0	1	0	587
27336	4	4	0	565	0	573
27337	3	1	559	4	0	567
27338	544	1	4	3	0	552
27339	3	1	561	3	0	568
27340	558	0	4	1	0	563
27341	565	0	1	3	0	569
27342	5	2	1	564	0	572
27343	571	1	2	4	0	578
27344	580	0	0	1	0	581
27345	579	0	0	2	0	581
27346	6	0	1	572	0	579
27347	567	0	0	5	0	572
27348	5	1	1	566	0	573
27349	3	0	1	568	0	572
27350	3	559	0	4	0	566
27351	2	3	0	537	0	542
27352	1	546	0	8	0	555
27353	533	5	0	2	0	540
27354	526	2	0	2	0	530
27355	4	1	0	526	0	531
27356	2	1	2	520	0	525
27357	517	0	0	5	0	522
27358	4	0	511	3	0	518
27359	517	0	3	2	0	522
27360	6	0	1	513	0	520
27361	1	3	504	4	0	512
27362	500	0	3	1	0	504
27363	506	0	1	3	0	510
27364	6	2	513	0	0	521
27365	514	0	3	1	0	518
27366	4	0	511	2	0	517
27367	2	508	4	0	0	514
27368	510	3	4	1	0	518
27369	500	2	1	0	0	503
27370	3	493	0	0	0	496
27371	4	443	0	0	0	447
27372	404	1	2	1	0	408
27373	399	2	0	0	0	401
27374	2	1	0	423	0	426
27375	0	0	433	2	0	435
27376	2	0	428	0	0	430
27377	431	0	1	1	0	433
27378	1	0	440	1	0	442
27379	417	3	7	0	0	427
27380	3	0	0	411	0	414
27381	1	0	1	412	0	414
27382	2	0	430	1	0	433
27383	433	0	1	1	0	435
27384	1	0	0	442	0	443
27385	0	0	1	471	0	472
27386	471	0	0	2	0	473
27387	474	0	0	2	0	476
27388	474	0	0	1	0	475
27389	2	498	0	1	0	501
27390	0	3	486	0	0	489
27391	474	0	1	1	0	476
27392	485	0	0	0	0	485
27393	2	477	0	0	0	479
27394	469	1	0	0	0	470
27395	1	0	0	460	0	461
27396	0	0	487	1	0	488
27397	485	0	1	0	0	486
27398	498	0	0	0	0	498
27399	505	0	0	0	0	505
27400	505	0	0	0	0	505
27401	1	0	0	506	0	507
27402	0	0	0	510	0	510
27403	510	0	0	1	0	511
27404	1	0	0	513	0	514
27405	0	0	0	511	0	511
27406	0	520	0	1	0	521
27407	0	2	0	521	0	523
27408	0	0	0	524	0	524
27409	0	0	0	524	0	524
27410	0	0	0	529	0	529
27411	0	530	0	2	0	532
27412	0	2	0	520	0	522
27413	0	0	0	521	0	521
27414	0	0	521	2	0	523
27415	0	0	509	1	0	510
27416	0	519	1	0	0	520
27417	593	1	0	1	0	595
27418	1	607	0	0	0	608
27419	1	1	0	640	0	642
27420	0	1	697	2	0	700
27421	743	0	4	1	0	748
27422	4	0	1	764	0	769
27423	765	0	0	4	0	769
27424	763	0	0	1	0	764
27425	5	764	1	2	0	772
27426	760	4	0	0	0	764
27427	4	790	0	0	0	794
27428	1	4	0	811	0	816
27429	0	807	0	5	0	812
27430	2	4	808	1	0	815
27431	0	813	4	0	0	817
27432	1	4	2	807	0	814
27433	805	2	4	4	0	815
27434	4	821	0	2	0	827
27435	2	4	0	813	0	819
27436	0	2	0	819	0	821
27437	0	0	822	6	0	828
27438	0	0	4	820	0	824
27439	2	0	828	4	0	834
27440	800	0	4	2	0	806
27441	4	0	849	0	0	853
27442	2	857	4	0	0	863
27443	0	4	2	845	0	851
27444	1	2	0	844	0	847
27445	0	0	0	855	0	855
27446	854	0	0	6	0	860
27447	5	0	0	831	0	836
27448	2	845	0	4	0	851
27449	826	4	0	2	0	832
27450	4	817	0	2	0	823
27451	2	4	0	816	0	822
27452	813	2	0	4	0	819
27453	4	820	0	2	0	826
27454	2	836	0	0	0	838
27455	827	5	0	0	0	832
27456	826	3	0	0	0	829
27457	6	1	830	1	0	838
27458	825	0	5	1	0	831
27459	5	0	834	1	0	840
27460	3	0	5	830	0	838
27461	1	0	835	6	0	842
27462	1	0	5	835	0	841
27463	1	2	837	4	0	844
27464	0	1	5	818	0	824
27465	0	2	2	817	0	821
27466	805	0	0	6	0	811
27467	4	1	803	3	0	811
27468	768	0	5	1	0	774
27469	5	2	791	0	0	798
27470	2	1	785	2	0	790
27471	1	1	6	776	0	784
27472	782	1	2	4	0	789
27473	4	780	0	3	0	787
27474	763	4	0	2	0	769
27475	752	2	1	0	0	755
27476	6	750	0	0	0	756
27477	745	5	1	0	0	751
27478	6	2	746	0	0	754
27479	3	0	5	738	0	746
27480	736	1	3	4	0	744
27481	5	739	0	5	0	749
27482	2	4	1	725	0	732
27483	0	2	0	723	0	725
27484	1	0	1	722	0	724
27485	0	0	0	725	0	725
27486	706	1	2	6	0	715
27487	717	0	0	4	0	721
27488	721	1	1	1	0	724
27489	692	0	0	2	0	694
27490	7	0	692	1	0	700
27491	692	0	4	0	0	696
27492	692	1	4	0	0	697
27493	10	690	2	0	0	702
27494	3	689	2	0	0	694
27495	0	7	2	690	0	699
27496	2	3	0	675	0	680
27497	2	1	667	7	0	677
27498	1	682	6	3	0	692
27499	1	6	3	669	0	679
27500	2	677	1	7	0	687
27501	0	6	2	690	0	698
27502	2	2	1	692	0	697
27503	2	710	1	11	0	724
27504	1	7	1	722	0	731
27505	2	4	737	7	0	750
27506	1	2	750	5	0	758
27507	731	0	11	3	0	745
27508	749	0	4	3	0	756
27509	11	752	0	4	0	767
27510	747	8	0	2	0	757
27511	10	5	0	748	0	763
27512	745	0	0	7	0	752
27513	9	755	1	14	0	779
27514	9	8	756	2	0	775
27515	745	3	9	1	0	758
27516	9	0	779	1	0	789
27517	3	2	693	0	0	698
27518	2	1	682	2	0	687
27519	3	645	9	1	0	658
27520	568	15	24	4	0	611
27521	555	2	3	2	0	562
27522	7	0	2	539	0	548
27523	2	1	1	540	0	544
27524	1	565	1	8	0	575
27525	566	4	1	4	0	575
27526	3	583	2	1	0	589
27527	1	561	0	3	0	565
27528	534	6	4	1	0	545
27529	5	2	0	535	0	542
27530	2	0	2	541	0	545
27531	2	0	1	535	0	538
27532	1	538	1	4	0	544
27533	529	4	1	1	0	535
27534	4	2	1	526	0	533
27535	2	516	0	4	0	522
27536	1	516	0	1	0	518
27537	2	6	1	494	0	503
27538	0	507	0	4	0	511
27539	2	4	1	495	0	502
27540	483	3	1	5	0	492
27541	4	0	471	1	0	476
27542	1	479	5	0	0	485
27543	1	4	2	488	0	495
27544	0	3	493	4	0	500
27545	470	1	4	2	0	477
27546	5	0	1	488	0	494
27547	495	0	0	5	0	500
27548	496	0	0	2	0	498
27549	4	530	0	0	0	534
27550	532	4	0	0	0	536
27551	539	2	0	0	0	541
27552	538	1	0	0	0	539
27553	7	0	0	517	0	524
27554	1	0	0	526	0	527
27555	0	0	0	534	0	534
27556	0	0	525	6	0	531
27557	0	524	4	1	0	529
27558	512	4	1	0	0	517
27559	3	515	0	1	0	519
27560	1	4	0	507	0	512
27561	0	1	500	4	0	505
27562	469	0	4	1	0	474
27563	4	511	1	0	0	516
27564	0	4	0	516	0	520
27565	0	1	0	519	0	520
27566	0	0	512	5	0	517
27567	0	514	4	1	0	519
27568	0	4	1	510	0	515
27569	0	1	0	518	0	519
27570	0	0	0	510	0	510
27571	494	0	0	4	0	498
27572	4	0	500	1	0	505
27573	1	499	4	0	0	504
27574	496	4	1	0	0	501
27575	4	503	0	0	0	507
27576	1	4	0	492	0	497
27577	0	507	0	2	0	509
27578	492	4	0	0	0	496
27579	496	1	0	0	0	497
27580	5	1	0	505	0	511
27581	1	0	0	518	0	519
27582	0	0	1	534	0	535
27583	0	0	551	5	0	556
27584	0	572	4	1	0	577
27585	0	4	1	658	0	663
27586	0	1	0	677	0	678
27587	0	0	0	682	0	682
27588	0	0	0	677	0	677
27589	0	0	672	6	0	678
27590	0	698	4	4	0	706
27591	0	3	4	728	0	735
27592	1	5	0	782	0	788
27593	0	0	784	8	0	792
27594	0	1	3	763	0	767
27595	1	767	5	6	0	779
27596	0	782	1	5	0	788
27597	0	8	0	778	0	786
27598	0	6	758	2	0	766
27599	693	1	3	6	0	703
27600	2	744	5	2	0	753
27601	4	2	736	2	0	744
27602	1	4	746	1	0	752
27603	0	727	6	1	0	734
27604	2	1	726	0	0	729
27605	2	11	6	676	0	695
27606	679	1	4	1	0	685
27607	684	0	0	5	0	689
27608	680	1	0	2	0	683
27609	686	0	0	1	0	687
27610	4	705	2	0	0	711
27611	701	1	0	0	0	702
27612	1	713	0	0	0	714
27613	5	1	698	2	0	706
27614	1	5	1	672	0	679
27615	0	699	6	0	0	705
27616	0	2	1	683	0	686
27617	670	6	0	1	0	677
27618	0	1	0	664	0	665
27619	5	671	2	2	0	680
27620	674	0	0	5	0	679
27621	0	5	670	1	0	676
27622	5	2	1	661	0	669
27623	2	0	6	651	0	659
27624	634	2	1	5	0	642
27625	0	637	1	8	0	646
27626	5	1	626	2	0	634
27627	3	5	0	624	0	632
27628	1	1	626	1	0	629
27629	0	617	1	8	0	626
27630	1	616	5	5	0	627
27631	612	6	2	2	0	622
27632	2	6	614	2	0	624
27633	610	5	0	0	0	615
27634	1	1	7	584	0	593
27635	5	607	1	2	0	615
27636	598	2	2	8	0	610
27637	1	5	612	8	0	626
27638	6	2	2	605	0	615
27639	1	2	7	611	0	621
27640	0	3	2	606	0	611
27641	1	606	1	8	0	616
27642	583	0	3	7	0	593
27643	0	590	1	5	0	596
27644	7	586	1	2	0	596
27645	4	8	3	579	0	594
27646	586	8	1	2	0	597
27647	572	2	4	6	0	584
27648	575	3	1	3	0	582
27649	9	540	3	0	0	552
27650	7	2	2	541	0	552
27651	4	6	543	0	0	553
27652	3	3	1	538	0	545
27653	0	3	8	524	0	535
27654	3	538	3	9	0	553
27655	541	3	0	8	0	552
27656	2	7	2	530	0	541
27657	8	546	1	2	0	557
27658	545	1	2	6	0	554
27659	2	5	537	4	0	548
27660	530	3	1	1	0	535
27661	1	538	5	3	0	547
27662	545	4	0	0	0	549
27663	538	7	1	0	0	546
27664	5	3	535	2	0	545
27665	537	1	2	2	0	542
27666	2	0	555	2	0	559
27667	6	3	550	0	0	559
27668	545	2	6	1	0	554
27669	549	1	7	0	0	557
27670	6	2	554	2	0	564
27671	7	1	4	549	0	561
27672	2	1	5	538	0	546
27673	1	561	3	13	0	578
27674	582	1	0	7	0	590
27675	572	7	2	2	0	583
27676	9	1	576	1	0	587
27677	574	2	1	3	0	580
27678	574	1	7	0	0	582
27679	7	584	1	2	0	594
27680	7	3	3	567	0	580
27681	5	7	0	557	0	569
27682	0	5	2	545	0	552
27683	524	0	1	9	0	534
27684	2	495	1	7	0	505
27685	6	5	0	400	0	411
27686	2	396	0	2	0	400
27687	1	19	0	364	0	384
27688	0	384	0	3	0	387
27689	0	385	2	2	0	389
27690	326	10	5	7	0	348
27691	319	3	9	2	0	333
27692	2	0	0	283	0	285
27693	1	0	0	285	0	286
27694	0	0	0	289	0	289
27695	0	1	0	289	0	290
27696	0	0	1	286	0	287
27697	0	288	0	3	0	291
27698	0	1	1	292	0	294
27699	0	2	0	292	0	294
27700	292	1	0	2	0	295
27701	2	0	0	292	0	294
27702	1	0	1	290	0	292
27703	1	0	291	2	0	294
27704	0	0	1	285	0	286
27705	0	1	1	295	0	297
27706	1	0	304	2	0	307
27707	0	312	2	1	0	315
27708	0	1	313	1	0	315
27709	2	1	306	0	0	309
27710	0	304	0	0	0	304
27711	303	1	0	0	0	304
27712	301	0	0	0	0	301
27713	1	0	0	298	0	299
27714	302	0	0	1	0	303
27715	2	0	319	0	0	321
27716	0	0	2	320	0	322
27717	0	0	354	2	0	356
27718	0	0	2	354	0	356
27719	0	0	0	361	0	361
27720	0	0	0	361	0	361
27721	361	0	0	2	0	363
27722	2	0	0	367	0	369
27723	368	0	0	2	0	370
27724	373	0	0	0	0	373
27725	1	371	0	0	0	372
27726	370	2	0	0	0	372
27727	2	384	0	0	0	386
27728	0	1	0	376	0	377
27729	0	0	0	386	0	386
27730	0	0	0	389	0	389
27731	0	0	392	2	0	394
27732	0	391	2	0	0	393
27733	1	2	0	372	0	375
27734	0	0	0	380	0	380
27735	0	397	0	0	0	397
27736	392	2	4	0	0	398
27737	2	385	0	0	0	387
27738	380	2	0	0	0	382
27739	2	390	0	0	0	392
27740	0	2	0	383	0	385
27741	0	398	0	3	0	401
27742	405	1	0	1	0	407
27743	409	0	0	0	0	409
27744	411	0	0	0	0	411
27745	410	0	0	2	0	412
27746	2	0	428	0	0	430
27747	430	0	2	0	0	432
27748	442	0	0	0	0	442
27749	440	0	0	0	0	440
27750	2	0	447	0	0	449
27751	448	0	2	0	0	450
27752	2	450	0	1	0	453
27753	452	2	0	1	0	455
27754	2	0	505	1	0	508
27755	495	0	2	1	0	498
27756	504	0	1	1	0	506
27757	2	1	0	504	0	507
27758	0	0	506	3	0	509
27759	515	0	2	2	0	519
27760	3	0	0	533	0	536
27761	0	0	0	552	0	552
27762	0	0	553	3	0	556
27763	531	1	4	0	0	536
27764	550	0	0	1	0	551
27765	3	546	0	0	0	549
27766	0	3	1	539	0	543
27767	0	1	0	542	0	543
27768	0	0	1	540	0	541
27769	0	551	2	2	0	555
27770	549	5	0	0	0	554
27771	4	0	0	545	0	549
27772	0	0	0	542	0	542
27773	528	1	0	4	0	533
27774	531	0	0	0	0	531
27775	2	0	1	531	0	534
27776	1	0	0	530	0	531
27777	0	1	524	3	0	528
27778	495	0	3	3	0	501
27779	2	528	0	1	0	531
27780	1	3	0	560	0	564
27781	1	0	0	578	0	579
27782	1	628	0	4	0	633
27783	2	4	0	631	0	637
27784	696	1	1	3	0	701
27785	4	1	0	819	0	824
27786	3	0	0	847	0	850
27787	1	1	0	853	0	855
27788	0	0	858	8	0	866
27789	1	0	3	863	0	867
27790	0	1	867	4	0	872
27791	1	851	1	4	0	857
27792	0	3	6	835	0	844
27793	1	4	0	845	0	850
27794	1	0	0	860	0	861
27795	0	0	0	874	0	874
27796	0	0	1	893	0	894
27797	877	0	0	7	0	884
27798	1	0	894	5	0	900
27799	4	889	2	1	0	896
27800	0	899	5	2	0	906
27801	1	6	0	915	0	922
27802	1	4	0	922	0	927
27803	0	0	0	914	0	914
27804	0	916	0	7	0	923
27805	0	2	1	913	0	916
27806	0	4	905	3	0	912
27807	0	894	2	4	0	900
27808	1	1	4	894	0	900
27809	888	3	0	5	0	896
27810	2	0	0	890	0	892
27811	5	0	0	880	0	885
27812	1	876	1	7	0	885
27813	0	903	0	5	0	908
27814	0	7	0	898	0	905
27815	0	4	1	882	0	887
27816	1	1	899	5	0	906
27817	0	1	1	865	0	867
27818	1	1	4	863	0	869
27819	0	0	0	863	0	863
27820	1	1	0	870	0	872
27821	861	0	0	8	0	869
27822	866	0	0	5	0	871
27823	6	0	0	869	0	875
27824	4	0	1	892	0	897
27825	887	0	0	8	0	895
27826	2	0	2	904	0	908
27827	4	1	921	5	0	931
27828	0	926	3	7	0	936
27829	0	2	5	940	0	947
27830	0	4	1	944	0	949
27831	949	0	1	8	0	958
27832	2	2	1	954	0	959
27833	5	1	0	965	0	971
27834	968	1	2	7	0	978
27835	3	2	0	972	0	977
27836	4	981	1	6	0	992
27837	1	3	0	1014	0	1018
27838	1	5	0	1036	0	1042
27839	1	0	1	1037	0	1039
27840	1	2	1	1037	0	1041
27841	0	3	1015	7	0	1025
27842	1	1	1017	7	0	1026
27843	0	1	7	1006	0	1014
27844	0	0	5	1007	0	1012
27845	1	1026	1	7	0	1035
27846	0	3	0	988	0	991
27847	0	1001	1	7	0	1009
27848	990	4	1	8	0	1003
27849	3	1027	0	3	0	1033
27850	6	2	0	1035	0	1043
27851	1	4	0	1040	0	1045
27852	3	0	1033	9	0	1045
27853	1002	1	3	5	0	1011
27854	971	1	4	2	0	978
27855	6	981	2	2	0	991
27856	4	5	0	951	0	960
27857	1	4	1013	5	0	1023
27858	1	1021	3	7	0	1032
27859	999	3	4	4	0	1010
27860	995	4	0	5	0	1004
27861	7	0	975	2	0	984
27862	973	1	1	2	0	977
27863	3	0	5	969	0	977
27864	5	983	0	2	0	990
27865	978	1	0	8	0	987
27866	2	4	0	978	0	984
27867	986	1	0	2	0	989
27868	1015	1	0	6	0	1022
27869	5	0	1	1016	0	1022
27870	5	1	1038	3	0	1047
27871	1037	0	2	7	0	1046
27872	1049	1	4	2	0	1056
27873	1050	0	0	4	0	1054
27874	5	1076	0	4	0	1085
27875	5	1	0	1071	0	1077
27876	2	4	0	1099	0	1105
27877	2	1	1107	5	0	1115
27878	0	2	1	1075	0	1078
27879	0	1090	4	3	0	1097
27880	1029	1	0	6	0	1036
27881	1	1028	2	2	0	1033
27882	3	1	997	1	0	1002
27883	0	1018	5	0	0	1023
27884	0	984	5	1	0	990
27885	12	4	6	818	0	840
27886	821	0	3	1	0	825
27887	830	0	0	0	0	830
27888	821	0	0	0	0	821
27889	1	844	0	2	0	847
27890	0	1	836	0	0	837
27891	837	1	1	1	0	840
27892	844	0	0	0	0	844
27893	1	850	0	0	0	851
27894	856	1	2	0	0	859
27895	1	0	0	860	0	861
27896	0	2	902	1	0	905
27897	892	0	1	0	0	893
27898	903	0	0	0	0	903
27899	918	0	0	0	0	918
27900	1	0	0	912	0	913
27901	0	0	0	959	0	959
27902	0	0	0	1007	0	1007
27903	0	1041	0	1	0	1042
27904	1	1	0	1096	0	1098
27905	0	0	0	1142	0	1142
27906	0	0	1169	2	0	1171
27907	0	0	2	1165	0	1167
27908	0	0	0	1180	0	1180
27909	0	0	0	1170	0	1170
27910	1	0	1	1165	0	1167
27911	0	1177	0	2	0	1179
27912	0	3	0	1174	0	1177
27913	0	0	1	1163	0	1164
27914	1165	0	0	3	0	1168
27915	2	0	1178	2	0	1182
27916	0	1	1161	1	0	1163
27917	1144	1	2	1	0	1148
27918	1174	1	0	1	0	1176
27919	1	0	0	1097	0	1098
27920	0	1172	1	2	0	1175
27921	1177	1	0	1	0	1179
27922	1	0	1	1173	0	1175
27923	0	1205	1	2	0	1208
27924	1184	1	0	1	0	1186
27925	2	1202	0	0	0	1204
27926	1185	1	1	2	0	1189
27927	1153	1	0	2	0	1156
27928	3	1142	0	2	0	1147
27929	1	1	1	1131	0	1134
27930	0	1	1135	2	0	1138
27931	1	1	2	1109	0	1113
27932	1116	1	0	1	0	1118
27933	3	0	1103	1	0	1107
27934	3	1092	2	0	0	1097
27935	1	13	0	1071	0	1085
27936	0	0	1065	4	0	1069
27937	1	1055	2	1	0	1059
27938	1055	1	1	1	0	1058
27939	3	1	0	1072	0	1076
27940	1	1	1	1068	0	1071
27941	1	1	0	1055	0	1057
27942	0	1069	0	5	0	1074
27943	1063	1	3	2	0	1069
27944	1	1060	1	2	0	1064
27945	1	1069	1	1	0	1072
27946	1074	1	0	2	0	1077
27947	1068	1	1	2	0	1072
27948	2	1	1059	3	0	1065
27949	1037	2	1	3	0	1043
27950	1026	3	2	0	0	1031
27951	1	3	1	1023	0	1028
27952	3	0	1026	2	0	1031
27953	4	0	1	1018	0	1023
27954	1034	1	1	2	0	1038
27955	2	1	1061	1	0	1065
27956	1	1	2	1138	0	1142
27957	4	0	1	1249	0	1254
27958	2	1	0	1329	0	1332
27959	1352	3	1	5	0	1361
27960	8	1366	1	4	0	1379
27961	1373	4	0	3	0	1380
27962	4	2	1391	1	0	1398
27963	4	0	3	1338	0	1345
27964	2	1393	1	4	0	1400
27965	1392	4	0	5	0	1401
27966	6	2	1	1396	0	1405
27967	1	5	1383	7	0	1396
27968	2	0	5	1350	0	1357
27969	1327	0	4	5	0	1336
27970	4	1324	1	10	0	1339
27971	5	6	0	1211	0	1222
27972	1	1315	1	6	0	1323
27973	1307	6	1	3	0	1317
27974	1279	2	2	3	0	1286
27975	6	1281	3	3	0	1293
27976	1252	4	1	1	0	1258
27977	6	3	3	1211	0	1223
27978	1	1254	1	4	0	1260
27979	1245	5	0	2	0	1252
27980	1247	1	4	2	0	1254
27981	6	1241	2	3	0	1252
27982	3	1222	1	2	0	1228
27983	1205	6	1	0	0	1212
27984	6	3	0	1194	0	1203
27985	1197	1	1	6	0	1205
27986	7	1	0	1196	0	1204
27987	4	2	1187	4	0	1197
27988	4	2	5	1186	0	1197
27989	1163	2	1	6	0	1172
27990	8	2	1183	3	0	1196
27991	2	0	5	1161	0	1168
27992	3	2	2	1179	0	1186
27993	3	1	1173	7	0	1184
27994	1142	0	5	1	0	1148
27995	5	2	3	1163	0	1173
27996	2	2	1123	6	0	1133
27997	1067	1	6	3	0	1077
27998	5	1120	2	2	0	1129
27999	4	1110	0	6	0	1120
28000	1	1108	7	2	0	1118
28001	1	6	1045	4	0	1056
28002	2	17	6	989	0	1014
28003	0	2	983	5	0	990
28004	2	15	11	875	0	903
28005	0	878	2	3	0	883
28006	1	844	2	2	0	849
28007	3	4	0	837	0	844
28008	836	4	0	3	0	843
28009	4	0	0	843	0	847
28010	1	1	0	835	0	837
28011	0	844	1	4	0	849
28012	828	3	0	3	0	834
28013	6	838	0	0	0	844
28014	2	6	0	832	0	840
28015	1	2	0	818	0	821
28016	1	821	3	5	0	830
28017	2	3	0	821	0	826
28018	819	2	0	3	0	824
28019	4	4	0	822	0	830
28020	3	1	1	814	0	819
28021	1	809	1	6	0	817
28022	1	5	0	810	0	816
28023	778	2	1	3	0	784
28024	785	1	1	3	0	790
28025	781	1	1	3	0	786
28026	4	3	2	781	0	790
28027	6	1	781	4	0	792
28028	0	0	784	5	0	789
28029	1	3	8	780	0	792
28030	779	2	1	6	0	788
28031	4	2	2	787	0	795
28032	791	3	1	4	0	799
28033	6	1	0	793	0	800
28034	2	2	3	792	0	799
28035	794	2	0	6	0	802
28036	4	2	792	4	0	802
28037	771	4	4	0	0	779
28038	7	0	773	2	0	782
28039	3	0	4	750	0	757
28040	749	3	3	5	0	760
28041	6	2	764	1	0	773
28042	3	3	762	2	0	770
28043	752	3	4	1	0	760
28044	5	5	762	0	0	772
28045	3	751	3	4	0	761
28046	1	5	1	763	0	770
28047	793	2	2	5	0	802
28048	8	2	810	4	0	824
28049	798	2	5	2	0	807
28050	802	2	2	2	0	808
28051	807	0	0	2	0	809
28052	800	1	3	2	0	806
28053	6	2	2	776	0	786
28054	2	786	0	7	0	795
28055	755	3	5	2	0	765
28056	6	3	663	3	0	675
28057	1	513	3	1	0	518
28058	423	1	9	0	0	433
28059	1	390	0	2	0	393
28060	0	399	0	2	0	401
28061	7	0	12	381	0	400
28062	1	0	0	392	0	393
28063	1	0	0	389	0	390
28064	402	0	1	1	0	404
28065	435	0	0	1	0	436
28066	0	1	0	455	0	456
28067	1	1	0	497	0	499
28068	0	2	539	0	0	541
28069	533	0	1	1	0	535
28070	538	0	0	2	0	540
28071	0	1	1	553	0	555
28072	0	0	0	551	0	551
28073	1	1	553	0	0	555
28074	0	1	0	549	0	550
28075	0	0	562	2	0	564
28076	1	570	0	1	0	572
28077	0	2	557	1	0	560
28078	1	1	0	551	0	553
28079	1	0	574	0	0	575
28080	1	0	577	1	0	579
28081	575	0	3	1	0	579
28082	0	0	1	610	0	611
28083	1	0	611	1	0	613
28084	579	0	1	2	0	582
28085	2	0	614	0	0	616
28086	1	0	659	1	0	661
28087	1	665	4	0	0	670
28088	0	1	1	664	0	666
28089	0	1	667	2	0	670
28090	1	0	650	1	0	652
28091	0	0	3	652	0	655
28092	1	0	1	649	0	651
28093	0	666	1	3	0	670
28094	0	1	0	670	0	671
28095	672	1	0	1	0	674
28096	659	0	1	1	0	661
28097	679	0	1	0	0	680
28098	3	0	0	672	0	675
28099	1	680	0	1	0	682
28100	677	2	0	1	0	680
28101	1	686	0	1	0	688
28102	2	680	0	0	0	682
28103	0	677	0	0	0	677
28104	684	2	0	0	0	686
28105	1	1	1	678	0	681
28106	1	0	0	675	0	676
28107	0	683	0	2	0	685
28108	674	2	0	1	0	677
28109	1	2	672	0	0	675
28110	1	0	1	668	0	670
28111	664	0	1	1	0	666
28112	1	685	0	1	0	687
28113	701	1	0	0	0	702
28114	1	1	0	697	0	699
28115	1	715	0	2	0	718
28116	0	1	709	1	0	711
28117	700	1	1	0	0	702
28118	1	0	1	709	0	711
28119	712	0	0	1	0	713
28120	1	0	0	712	0	713
28121	1	708	1	3	0	713
28122	0	1	734	1	0	736
28123	0	1	740	0	0	741
28124	0	7	2	722	0	731
28125	729	0	5	1	0	735
28126	731	0	0	1	0	732
28127	1	0	0	726	0	727
28128	1	0	0	734	0	735
28129	735	0	0	3	0	738
28130	1	0	1	740	0	742
28131	739	0	0	2	0	741
28132	1	739	1	1	0	742
28133	737	1	0	0	0	738
28134	1	1	751	0	0	753
28135	1	0	1	755	0	757
28136	0	0	2	760	0	762
28137	0	0	1	758	0	759
28138	1	753	1	2	0	757
28139	0	748	0	5	0	753
28140	0	2	1	750	0	753
28141	1	1	758	2	0	762
28142	0	0	2	768	0	770
28143	0	0	2	775	0	777
28144	0	1	0	774	0	775
28145	761	0	0	3	0	764
28146	1	758	1	1	0	761
28147	1	754	2	0	0	757
28148	0	3	0	729	0	732
28149	0	1	0	750	0	751
28150	0	1	0	752	0	753
28151	0	0	0	755	0	755
28152	745	0	0	2	0	747
28153	2	747	1	3	0	753
28154	763	1	0	0	0	764
28155	790	1	0	1	0	792
28156	2	1	0	794	0	797
28157	1	0	0	795	0	796
28158	792	0	0	3	0	795
28159	795	1	0	2	0	798
28160	2	1	0	793	0	796
28161	2	0	0	787	0	789
28162	0	0	788	3	0	791
28163	0	780	1	2	0	783
28164	0	788	2	0	0	790
28165	745	2	4	0	0	751
28166	1	1	769	0	0	771
28167	4	0	709	1	0	714
28168	640	0	2	0	0	642
28169	657	1	4	0	0	662
28170	2	723	0	0	0	725
28171	1	738	0	0	0	739
28172	0	2	2	740	0	744
28173	779	0	0	1	0	780
28174	779	0	0	0	0	779
28175	790	0	0	0	0	790
28176	1	0	0	778	0	779
28177	0	0	0	788	0	788
28178	0	0	811	1	0	812
28179	0	0	781	0	0	781
28180	0	0	813	0	0	813
28181	4	7	1	797	0	809
28182	788	0	0	1	0	789
28183	0	1	827	0	0	828
28184	0	0	0	814	0	814
28185	0	853	0	0	0	853
28186	0	0	0	819	0	819
28187	0	0	0	838	0	838
28188	0	0	872	0	0	872
28189	0	0	0	853	0	853
28190	933	0	1	0	0	934
28191	1	0	975	2	0	978
28192	1	0	2	981	0	984
28193	0	0	1037	1	0	1038
28194	1	1048	2	1	0	1052
28195	0	1	1045	1	0	1047
28196	1	4	1	1011	0	1017
28197	0	0	2	1037	0	1039
28198	0	0	1068	3	0	1071
28199	0	2	1	1044	0	1047
28200	0	0	1	1029	0	1030
28201	0	1051	1	3	0	1055
28202	1	1	1063	1	0	1066
28203	1	1	1	1055	0	1058
28204	1	0	1	1061	0	1063
28205	0	1078	3	2	0	1083
28206	1	1	0	1080	0	1082
28207	1088	1	1	2	0	1092
28208	1	1	0	1088	0	1090
28209	1	1	1102	1	0	1105
28210	1082	1	1	2	0	1086
28211	1176	0	2	1	0	1179
28212	5	0	1205	0	0	1210
28213	1142	0	3	1	0	1146
28214	2	1218	2	6	0	1228
28215	7	7	0	1231	0	1245
28216	0	2	1	1364	0	1367
28217	0	1	0	1381	0	1382
28218	0	0	0	1391	0	1391
28219	0	2	0	1392	0	1394
28220	1378	0	1	10	0	1389
28221	4	1	1373	8	0	1386
28222	1323	0	4	3	0	1330
28223	6	0	1359	2	0	1367
28224	6	0	5	1343	0	1354
28225	1346	0	7	6	0	1359
28226	5	1	3	1332	0	1341
28227	9	1358	1	5	0	1373
28228	1373	5	3	8	0	1389
28229	5	5	0	1449	0	1459
28230	6	1	1436	5	0	1448
28231	1352	1	4	9	0	1366
28232	5	1476	6	10	0	1497
28233	6	4	1534	3	0	1547
28234	3	6	6	1501	0	1516
28235	2	2	8	1493	0	1505
28236	2	1518	1	13	0	1534
28237	1	8	1518	6	0	1533
28238	1	8	5	1519	0	1533
28239	2	2	1571	7	0	1582
28240	1	0	7	1554	0	1562
28241	2	2	6	1542	0	1552
28242	2	1	1550	13	0	1566
28243	1	1	6	1540	0	1548
28244	2	0	9	1433	0	1444
28245	2	0	3	1623	0	1628
28246	1	2	2	1643	0	1648
28247	1583	0	3	14	0	1600
28248	7	0	1594	13	0	1614
28249	1648	1	8	7	0	1664
28250	10	1	6	1698	0	1715
28251	6	3	5	1716	0	1730
28252	8	0	2	1702	0	1712
28253	0	1718	4	18	0	1740
28254	1732	9	0	13	0	1754
28255	9	10	1	1849	0	1869
28256	8	1879	3	12	0	1902
28257	5	7	2	1879	0	1893
28258	1892	9	2	13	0	1916
28259	1886	3	1	13	0	1903
28260	1884	2	3	4	0	1893
28261	21	1879	2	9	0	1911
28262	11	9	1903	5	0	1928
28263	1890	9	8	3	0	1910
28264	1906	5	8	6	0	1925
28265	18	1928	4	5	0	1955
28266	1912	9	2	5	0	1928
28267	1903	9	4	3	0	1919
28268	1928	4	0	3	0	1935
28269	20	1994	4	6	0	2024
28270	15	8	1	1977	0	2001
28271	2020	9	3	10	0	2042
28272	2056	4	3	12	0	2075
28273	2049	2	1	5	0	2057
28274	2055	1	2	4	0	2062
28275	20	4	0	2019	0	2043
28276	14	1	2038	12	0	2065
28277	8	2	7	2010	0	2027
28278	7	2050	12	12	0	2081
28279	6	9	4	2107	0	2126
28280	2	12	2123	15	0	2152
28281	2097	3	11	13	0	2124
28282	11	1	10	2150	0	2172
28283	2125	1	4	12	0	2142
28284	2145	2	2	12	0	2161
28285	18	2	3	2180	0	2203
28286	13	3	2197	12	0	2225
28287	5	0	2123	12	0	2140
28288	2023	2	16	10	0	2051
28289	11	2128	11	7	0	2157
28290	12	2066	7	4	0	2089
28291	6	2084	2	3	0	2095
28292	5	2121	3	5	0	2134
28293	2047	16	13	5	0	2081
28294	2045	10	1	5	0	2061
28295	2048	4	1	4	0	2057
28296	2054	2	3	5	0	2064
28297	21	5	2	2009	0	2037
28298	18	2031	0	11	0	2060
28299	2026	12	1	12	0	2051
28300	11	8	2061	3	0	2083
28301	13	2063	7	6	0	2089
28302	7	13	2055	2	0	2077
28303	1997	8	10	3	0	2018
28304	2049	3	8	4	0	2064
28305	2066	2	5	1	0	2074
28306	20	4	2	2062	0	2088
28307	15	1	2078	9	0	2103
28308	8	2078	7	9	0	2102
28309	1999	8	8	7	0	2022
28310	13	2022	5	3	0	2043
28311	11	1954	4	4	0	1973
28312	11	1944	2	2	0	1959
28313	7	1942	2	4	0	1955
28314	5	14	1857	3	0	1879
28315	5	1918	6	4	0	1933
28316	1770	7	6	4	0	1787
28317	8	5	3	1764	0	1780
28318	7	3	1	1786	0	1797
28319	1760	1	3	8	0	1772
28320	7	1756	0	9	0	1772
28321	5	5	1810	3	0	1823
28322	5	5	5	1778	0	1793
28323	3	1	4	1810	0	1818
28324	3	1	4	1834	0	1842
28325	1	1	1833	10	0	1845
28326	4	0	1833	6	0	1843
28327	4	3	10	1829	0	1846
28328	3	2	1843	7	0	1855
28329	4	3	1758	3	0	1768
28330	1487	5	10	3	0	1505
28331	6	1768	8	1	0	1783
28332	7	1722	1	2	0	1732
28333	5	1763	0	5	0	1773
28334	4	11	1	1699	0	1715
28335	2	1782	2	4	0	1790
28336	1796	6	3	5	0	1810
28337	8	6	1830	2	0	1846
28338	1823	2	10	0	0	1835
28339	8	4	5	1879	0	1896
28340	9	3	2	1894	0	1908
28341	2	1979	1	16	0	1998
28342	1961	9	0	6	0	1976
28343	1958	7	2	1	0	1968
28344	16	2149	0	3	0	2168
28345	7	15	3	2069	0	2094
28346	3	6	2129	8	0	2146
28347	4	1	2129	8	0	2142
28348	3	2182	15	1	0	2201
28349	2162	19	6	3	0	2190
28350	10	5	2174	0	0	2189
28351	5	1	8	2106	0	2120
28352	2179	0	6	8	0	2193
28353	2196	1	4	4	0	2205
28354	14	2698	1	0	0	2713
28355	8	2759	0	1	0	2768
28356	2763	26	2	0	0	2791
28357	15	10	2774	5	0	2804
28358	2787	2	16	2	0	2807
28359	2796	2	11	0	0	2809
28360	25	2	0	2776	0	2803
28361	11	4	2850	15	0	2880
28362	4	3	2817	11	0	2835
28363	2683	3	27	1	0	2714
28364	16	7	2835	0	0	2858
28365	2649	1	14	2	0	2666
28366	2751	2	11	3	0	2767
28367	25	2782	3	2	0	2812
28368	12	13	2800	2	0	2827
28369	4	2725	15	1	0	2745
28370	2667	13	13	2	0	2695
28371	18	10	2661	0	0	2689
28372	12	4	16	2501	0	2533
28373	3	2	2628	12	0	2645
28374	2	1	2619	11	0	2633
28375	4	1	2623	2	0	2630
28376	7	1	2631	0	0	2639
28377	4	2575	28	4	0	2611
28378	3	17	2567	5	0	2592
28379	2	2513	21	2	0	2538
28380	11	14	2487	1	0	2513
28381	2433	12	22	1	0	2468
28382	22	3	12	2268	0	2305
28383	20	2488	7	8	0	2523
28384	2444	16	7	11	0	2478
28385	2437	12	9	0	0	2458
28386	2367	5	9	2	0	2383
28387	2396	1	4	3	0	2404
28388	25	2432	12	3	0	2472
28389	2396	21	2	2	0	2421
28390	2376	12	7	0	0	2395
28391	29	2331	5	8	0	2373
28392	15	17	2319	0	0	2351
28393	7	17	14	2183	0	2221
28394	10	2317	12	14	0	2353
28395	4	16	2328	10	0	2358
28396	10	14	2320	5	0	2349
28397	9	2312	34	3	0	2358
28398	6	2302	21	3	0	2332
28399	4	2388	12	5	0	2409
28400	6	2382	15	2	0	2405
28401	2339	35	8	2	0	2384
28402	2335	16	16	4	0	2371
28403	31	14	2387	2	0	2434
28404	20	10	2419	1	0	2450
28405	13	12	29	2300	0	2354
28406	13	11	21	2360	0	2405
28407	15	10	9	2370	0	2404
28408	2346	4	5	26	0	2381
28409	24	2378	10	15	0	2427
28410	26	2426	11	5	0	2468
28411	10	2432	14	2	0	2458
28412	2373	36	8	5	0	2422
28413	2389	16	9	6	0	2420
28414	37	5	13	2340	0	2395
28415	2394	14	9	17	0	2434
28416	2387	6	12	13	0	2418
28417	36	14	6	2381	0	2437
28418	2377	11	15	15	0	2418
28419	23	2374	15	16	0	2428
28420	25	19	16	2370	0	2430
28421	11	29	2331	18	0	2389
28422	13	2322	27	18	0	2380
28423	17	29	2355	5	0	2406
28424	14	25	24	2195	0	2258
28425	17	2359	30	15	0	2421
28426	15	28	16	2322	0	2381
28427	17	17	19	2330	0	2383
28428	16	9	2333	31	0	2389
28429	11	8	2431	25	0	2475
28430	13	6	45	2373	0	2437
28431	13	16	27	2195	0	2251
28432	19	2417	16	28	0	2480
28433	2268	28	14	17	0	2327
28434	25	2357	16	7	0	2405
28435	25	2333	18	10	0	2386
28436	9	42	2251	14	0	2316
28437	13	2260	25	15	0	2313
28438	16	30	25	2014	0	2085
28439	22	2194	14	17	0	2247
28440	10	32	10	2018	0	2070
28441	9	2114	12	18	0	2153
28442	2051	26	15	14	0	2106
28443	22	2104	15	9	0	2150
28444	23	23	11	1743	0	1800
28445	5	1898	14	17	0	1934
28446	1823	25	11	13	0	1872
28447	1811	23	11	5	0	1850
28448	27	1822	8	11	0	1868
28449	1730	24	8	5	0	1767
28450	22	44	9	1652	0	1727
28451	19	10	1711	21	0	1761
28452	10	10	1709	16	0	1745
28453	15	1669	29	5	0	1718
28454	1112	10	22	2	0	1146
28455	1078	8	2	9	0	1097
28456	11	8	1072	2	0	1093
28457	6	2	1063	8	0	1079
28458	992	3	8	7	0	1010
28459	1031	1	10	2	0	1044
28460	8	3	1028	4	0	1043
28461	955	2	6	6	0	969
28462	3	994	5	4	0	1006
28463	4	1005	2	1	0	1012
28464	8	9	8	964	0	989
28465	4	10	3	976	0	993
28466	968	6	6	6	0	986
28467	954	3	7	5	0	969
28468	954	5	2	4	0	965
28469	7	4	1	955	0	967
28470	5	6	0	938	0	949
28471	1	926	3	13	0	943
28472	2	940	3	5	0	950
28473	3	960	3	2	0	968
28474	2	16	3	880	0	901
28475	3	917	0	6	0	926
28476	4	8	885	7	0	904
28477	824	8	7	1	0	840
28478	10	3	891	2	0	906
28479	7	9	877	1	0	894
28480	836	4	5	3	0	848
28481	2	869	5	6	0	882
28482	855	4	4	5	0	868
28483	849	11	5	1	0	866
28484	10	8	869	2	0	889
28485	12	3	871	2	0	888
28486	7	869	7	3	0	886
28487	4	5	880	3	0	892
28488	3	4	7	864	0	878
28489	7	4	7	800	0	818
28490	8	889	5	6	0	908
28491	5	897	7	5	0	914
28492	897	10	1	2	0	910
28493	914	9	4	1	0	928
28494	8	7	4	902	0	921
28495	4	3	6	915	0	928
28496	905	4	3	11	0	923
28497	907	3	1	6	0	917
28498	13	929	6	1	0	949
28499	844	1	4	2	0	851
28500	3	818	2	4	0	827
28501	4	826	2	4	0	836
28502	820	7	6	2	0	835
28503	807	3	3	1	0	814
28504	9	2	2	791	0	804
28505	794	4	1	3	0	802
28506	4	2	797	6	0	809
28507	3	800	1	3	0	807
28508	785	1	3	2	0	791
28509	4	2	790	2	0	798
28510	3	1	1	704	0	709
28511	2	742	3	1	0	748
28512	4	744	0	1	0	749
28513	750	5	3	1	0	759
28514	2	2	748	2	0	754
28515	695	5	1	2	0	703
28516	6	0	1	714	0	721
28517	4	2	708	1	0	715
28518	709	2	3	1	0	715
28519	3	766	2	0	0	771
28520	1	783	1	2	0	787
28521	780	4	5	2	0	791
28522	767	2	2	0	0	771
28523	781	3	0	0	0	784
28524	7	1	0	773	0	781
28525	5	0	0	785	0	790
28526	2	0	790	4	0	796
28527	1	1	784	2	0	788
28528	3	782	4	3	0	792
28529	2	8	3	690	0	703
28530	685	0	3	0	0	688
28531	2	692	0	0	0	694
28532	0	3	0	687	0	690
28533	695	3	0	0	0	698
28534	2	703	0	2	0	707
28535	0	749	1	3	0	753
28536	3	0	721	2	0	726
28537	717	3	1	0	0	721
28538	744	2	0	0	0	746
28539	2	0	741	2	0	745
28540	684	0	2	0	0	686
28541	1	0	728	0	0	729
28542	0	713	0	1	0	714
28543	0	1	2	713	0	716
28544	703	1	1	0	0	705
28545	0	712	2	0	0	714
28546	1	717	0	1	0	719
28547	692	0	0	2	0	694
28548	1	1	743	0	0	745
28549	720	1	0	1	0	722
28550	1	771	0	3	0	775
28551	1	1	733	0	0	735
28552	729	0	1	1	0	731
28553	751	0	1	1	0	753
28554	1	1	0	759	0	761
28555	1	0	0	773	0	774
28556	1	779	0	1	0	781
28557	1	3	783	0	0	787
28558	0	1	1	810	0	812
28559	1	1	837	1	0	840
28560	2	2	855	2	0	861
28561	2	1	3	898	0	904
28562	0	1	939	4	0	944
28563	2	0	950	3	0	955
28564	2	0	6	899	0	907
28565	0	2	969	3	0	974
28566	862	1	4	2	0	869
28567	3	949	5	1	0	958
28568	3	3	978	0	0	984
28569	1	4	1076	0	0	1081
28570	0	1	6	1045	0	1052
28571	1094	1	2	3	0	1100
28572	1097	1	1	2	0	1101
28573	1092	1	0	0	0	1093
28574	1096	0	1	2	0	1099
28575	7	0	1	1078	0	1086
28576	2	1	1129	3	0	1135
28577	1123	3	4	2	0	1132
28578	1157	1	3	0	0	1161
28579	1162	0	1	1	0	1164
28580	6	0	1147	1	0	1154
28581	1066	2	4	1	0	1073
28582	3	0	3	1207	0	1213
28583	3	1266	3	5	0	1277
28584	1	3	3	1206	0	1213
28585	0	1263	2	5	0	1270
28586	1272	3	3	3	0	1281
28587	4	2	1310	1	0	1317
28588	2	2	4	1256	0	1264
28589	0	1316	7	5	0	1328
28590	1	1334	1	2	0	1338
28591	1331	6	3	1	0	1341
28592	1329	2	1	0	0	1332
28593	6	1	1316	0	0	1323
28594	1279	0	4	2	0	1285
28595	5	0	4	1298	0	1307
28596	3	0	1371	5	0	1379
28597	3	0	1377	3	0	1383
28598	3	0	5	1377	0	1385
28599	1451	0	2	4	0	1457
28600	6	1	1	1452	0	1460
28601	3	0	0	1452	0	1455
28602	1	6	1	1438	0	1446
28603	1	1479	0	5	0	1485
28604	1	4	1	1481	0	1487
28605	1435	2	0	4	0	1441
28606	4	1457	1	6	0	1468
28607	3	4	0	1466	0	1473
28608	1448	2	1	4	0	1455
28609	3	1460	1	3	0	1467
28610	3	1472	0	0	0	1475
28611	0	6	1	1461	0	1468
28612	1444	2	0	4	0	1450
28613	4	1	1451	2	0	1458
28614	2	2	1455	0	0	1459
28615	1432	0	5	0	0	1437
28616	1480	0	2	1	0	1483
28617	6	1548	2	0	0	1556
28618	3	5	1	1490	0	1499
28619	0	2	1496	6	0	1504
28620	1	1	1473	2	0	1477
28621	1	0	1564	1	0	1566
28622	0	1582	6	2	0	1590
28623	2	1579	3	3	0	1587
28624	1556	10	0	0	0	1566
28625	4	3	1573	4	0	1584
28626	1533	0	5	1	0	1539
28627	1554	2	4	0	0	1560
28628	7	1	1592	12	0	1612
28629	5	1659	4	1	0	1669
28630	0	8	3	1635	0	1646
28631	6	6	1684	6	0	1702
28632	2	0	1661	5	0	1668
28633	1536	0	11	1	0	1548
28634	6	1675	6	1	0	1688
28635	5	5	2	1616	0	1628
28636	3	5	0	1565	0	1573
28637	1	1637	2	9	0	1649
28638	0	1665	3	4	0	1672
28639	3	1677	1	3	0	1684
28640	3	9	1	1715	0	1728
28641	1753	6	1	8	0	1768
28642	8	0	1	1778	0	1787
28643	4	1	1776	11	0	1792
28644	0	3	1770	4	0	1777
28645	1	2	13	1766	0	1782
28646	1	2	1787	8	0	1798
28647	1	1791	9	5	0	1806
28648	3	10	4	1831	0	1848
28649	1934	5	3	10	0	1952
28650	1940	2	1	5	0	1948
28651	17	1987	1	5	0	2010
28652	1987	11	3	2	0	2003
28653	2001	7	2	0	0	2010
28654	1997	1	2	2	0	2002
28655	17	1	1916	1	0	1935
28656	1892	0	13	0	0	1905
28657	11	1923	6	7	0	1947
28658	5	12	1917	0	0	1934
28659	1	5	1923	1	0	1930
28660	1	1901	15	2	0	1919
28661	1848	8	12	0	0	1868
28662	8	4	5	1784	0	1801
28663	5	1829	0	7	0	1841
28664	1824	9	0	5	0	1838
28665	10	5	1	1837	0	1853
28666	1847	0	2	11	0	1860
28667	12	1	0	1855	0	1868
28668	6	0	1835	11	0	1852
28669	2	1	1761	5	0	1769
28670	1	2	1787	1	0	1791
28671	2	1	13	1706	0	1722
28672	1	1	7	1778	0	1787
28673	2	3	1778	12	0	1795
28674	2	1771	8	8	0	1789
28675	1780	10	6	0	0	1796
28676	1741	5	1	1	0	1748
28677	12	1792	1	3	0	1808
28678	9	14	5	1764	0	1792
28679	2	6	1832	12	0	1852
28680	1752	3	13	4	0	1772
28681	13	2	1832	2	0	1849
28682	10	0	1758	1	0	1769
28683	2	4	1742	0	0	1748
28684	1624	1	24	1	0	1650
28685	11	0	1709	2	0	1722
28686	7	1667	12	0	0	1686
28687	5	1668	8	1	0	1682
28688	2	21	2	1616	0	1641
28689	2	9	4	1622	0	1637
28690	4	0	1625	16	0	1645
28691	1542	2	14	10	0	1568
28692	1619	2	7	1	0	1629
28693	19	2	2	1619	0	1642
28694	1615	3	5	11	0	1634
28695	17	1620	4	5	0	1646
28696	1570	11	1	3	0	1585
28697	14	1553	4	4	0	1575
28698	7	1528	3	2	0	1540
28699	1483	16	6	3	0	1508
28700	1492	8	3	2	0	1505
28701	1527	0	6	2	0	1535
28702	1523	1	8	0	0	1532
28703	19	3	1475	0	0	1497
28704	1441	1	11	3	0	1456
28705	11	2	8	1432	0	1453
28706	11	1461	1	12	0	1485
28707	1453	13	3	5	0	1474
28708	13	1464	1	4	0	1482
28709	1444	12	3	4	0	1463
28710	16	7	2	1443	0	1468
28711	10	1	5	1456	0	1472
28712	5	1	1454	19	0	1479
28713	4	4	1456	6	0	1470
28714	5	1433	17	7	0	1462
28715	1375	11	9	4	0	1399
28716	14	1388	7	0	0	1409
28717	8	1383	1	4	0	1396
28718	7	1420	0	0	0	1427
28719	8	18	1360	3	0	1389
28720	4	1401	11	1	0	1417
28721	1288	14	13	4	0	1319
28722	1284	5	3	3	0	1295
28723	18	2	1	1236	0	1257
28724	5	1259	6	11	0	1281
28725	5	1274	4	6	0	1289
28726	4	16	3	1258	0	1281
28727	9	6	1263	13	0	1291
28728	6	1210	14	7	0	1237
28729	2	17	6	1151	0	1176
28730	1145	7	3	12	0	1167
28731	1124	4	4	9	0	1141
28732	12	1167	3	4	0	1186
28733	1162	12	5	4	0	1183
28734	1155	6	3	2	0	1166
28735	20	4	3	1137	0	1164
28736	7	4	1120	16	0	1147
28737	5	1130	13	10	0	1158
28738	6	27	6	1106	0	1145
28739	6	7	1101	11	0	1125
28740	2	1063	10	4	0	1079
28741	994	15	5	4	0	1018
28742	994	6	2	3	0	1005
28743	16	3	3	974	0	996
28744	6	996	4	15	0	1021
28745	7	10	998	5	0	1020
28746	7	7	11	973	0	998
28747	4	3	977	13	0	997
28748	2	867	13	5	0	887
28749	21	18	7	750	0	796
28750	747	1	3	9	0	760
28751	5	733	3	2	0	743
28752	724	9	0	0	0	733
28753	716	4	0	1	0	721
28754	11	727	1	3	0	742
28755	3	7	3	727	0	740
28756	3	8	0	716	0	727
28757	2	715	6	6	0	729
28758	2	732	3	4	0	741
28759	2	10	2	682	0	696
28760	3	715	2	5	0	725
28761	707	6	0	3	0	716
28762	690	2	1	1	0	694
28763	7	7	682	0	0	696
28764	4	1	681	3	0	689
28765	634	2	9	2	0	647
28766	658	4	4	1	0	667
28767	7	692	2	3	0	704
28768	690	6	4	5	0	705
28769	684	4	1	2	0	691
28770	5	678	2	2	0	687
28771	670	7	1	3	0	681
28772	6	6	1	786	0	799
28773	5	4	2	824	0	835
28774	4	1	862	15	0	882
28775	2	852	12	2	0	868
28776	3	868	3	3	0	877
28777	844	17	2	4	0	867
28778	820	4	4	3	0	831
28779	798	1	1	0	0	800
28780	820	0	0	0	0	820
28781	9	0	825	1	0	835
28782	2	2	816	0	0	820
28783	2	832	8	1	0	843
28784	1	8	2	829	0	840
28785	1	3	1	786	0	791
28786	2	840	1	6	0	849
28787	1	14	0	815	0	830
28788	811	2	0	7	0	820
28789	8	832	2	1	0	843
28790	6	12	840	0	0	858
28791	1	866	7	0	0	874
28792	852	7	2	1	0	862
28793	7	3	855	1	0	866
28794	831	2	7	0	0	840
28795	850	0	1	2	0	853
28796	9	1	850	1	0	861
28797	1	1	846	1	0	849
28798	1	0	842	1	0	844
28799	752	2	8	0	0	762
28800	9	1	836	1	0	847
28801	2	816	9	0	0	827
28802	815	8	1	0	0	824
28803	9	1	818	0	0	828
28804	772	0	9	0	0	781
28805	9	0	816	0	0	825
28806	2	0	847	0	0	849
28807	2	845	10	4	0	861
28808	0	7	848	1	0	856
28809	1	2	849	0	0	852
28810	2	790	9	0	0	801
28811	814	8	2	0	0	824
28812	13	2	827	0	0	842
28813	3	0	9	735	0	747
28814	1	831	3	5	0	840
28815	816	8	1	1	0	826
28816	818	1	3	0	0	822
28817	8	1	810	1	0	820
28818	1	783	8	1	0	793
28819	0	797	3	0	0	800
28820	0	9	2	737	0	748
28821	1	785	1	6	0	793
28822	2	9	1	729	0	741
28823	2	2	1	780	0	785
28824	3	794	0	8	0	805
28825	3	7	1	772	0	783
28826	3	791	2	8	0	804
28827	3	8	765	1	0	777
28828	1	4	8	763	0	776
28829	0	3	3	760	0	766
28830	1	785	0	6	0	792
28831	0	797	0	2	0	799
28832	2	9	0	735	0	746
28833	2	773	1	9	0	785
28834	739	8	2	3	0	752
28835	7	4	1	742	0	754
28836	1	774	1	9	0	785
28837	749	7	3	3	0	762
28838	6	751	2	2	0	761
28839	3	7	735	4	0	749
28840	2	2	7	743	0	754
28841	724	5	3	6	0	738
28842	9	1	755	3	0	768
28843	3	3	7	704	0	717
28844	4	735	2	6	0	747
28845	2	6	717	1	0	726
28846	1	738	6	2	0	747
28847	706	8	3	1	0	718
28848	708	3	3	2	0	716
28849	10	708	2	1	0	721
28850	700	7	6	1	0	714
28851	10	2	696	3	0	711
28852	4	2	9	666	0	681
28853	0	2	7	656	0	665
28854	3	687	1	7	0	698
28855	729	9	4	1	0	743
28856	763	3	3	0	0	769
28857	9	3	775	0	0	787
28858	764	0	10	0	0	774
28859	784	3	4	0	0	791
28860	778	1	4	0	0	783
28861	9	2	4	763	0	778
28862	3	3	3	763	0	772
28863	2	777	3	8	0	790
28864	767	8	4	2	0	781
28865	756	5	2	1	0	764
28866	11	763	1	0	0	775
28867	4	7	4	711	0	726
28868	3	735	4	6	0	748
28869	2	756	3	2	0	763
28870	718	10	2	1	0	731
28871	9	7	719	4	0	739
28872	0	0	591	1	0	592
28873	0	577	2	0	0	579
28874	487	1	7	2	0	497
28875	0	0	499	0	0	499
28876	0	475	1	1	0	477
28877	453	0	0	0	0	453
28878	0	0	456	0	0	456
28879	0	0	0	451	0	451
28880	485	0	0	1	0	486
28881	1	0	499	0	0	500
28882	0	0	542	0	0	542
28883	0	0	566	0	0	566
28884	0	1	559	0	0	560
28885	499	0	0	0	0	499
28886	581	0	2	0	0	583
28887	1	597	0	0	0	598
28888	0	1	0	613	0	614
28889	0	0	0	627	0	627
28890	0	627	0	1	0	628
28891	0	3	0	618	0	621
28892	0	657	0	3	0	660
28893	0	663	0	0	0	663
28894	0	5	0	650	0	655
28895	1	0	664	4	0	669
28896	0	667	5	0	0	672
28897	0	6	0	662	0	668
28898	666	0	0	4	0	670
28899	5	0	678	0	0	683
28900	642	0	5	1	0	648
28901	671	0	0	2	0	673
28902	5	1	1	685	0	692
28903	0	1	723	5	0	729
28904	1	1	737	1	0	740
28905	0	771	7	0	0	778
28906	1	5	7	739	0	752
28907	0	2	756	5	0	763
28908	0	3	774	1	0	778
28909	1	771	7	2	0	781
28910	773	5	3	2	0	783
28911	771	3	2	0	0	776
28912	8	1	0	799	0	808
28913	4	1	837	5	0	847
28914	0	0	853	3	0	856
28915	0	873	10	3	0	886
28916	0	5	874	0	0	879
28917	0	5	886	0	0	891
28918	0	1	8	803	0	812
28919	2	0	895	5	0	902
28920	830	1	9	3	0	843
28921	6	1	4	888	0	899
28922	5	0	941	5	0	951
28923	1	938	6	3	0	948
28924	0	5	4	950	0	959
28925	0	3	961	5	0	969
28926	0	983	7	3	0	993
28927	0	7	3	952	0	962
28928	1	990	2	10	0	1003
28929	0	6	2	985	0	993
28930	0	4	0	998	0	1002
28931	2	1	996	8	0	1007
28932	2	997	6	4	0	1009
28933	0	5	4	1010	0	1019
28934	0	3	4	1004	0	1011
28935	0	2	2	1019	0	1023
28936	1	1	1005	8	0	1015
28937	2	998	8	3	0	1011
28938	0	7	6	998	0	1011
28939	1	4	1001	6	0	1012
28940	2	1005	6	4	0	1017
28941	3	8	3	994	0	1008
28942	0	4	1013	8	0	1025
28943	0	1016	7	3	0	1026
28944	0	9	3	1001	0	1013
28945	0	3	0	1030	0	1033
28946	0	0	1054	9	0	1063
28947	945	3	6	5	0	959
28948	5	1056	3	3	0	1067
28949	1061	7	0	1	0	1069
28950	6	3	1080	2	0	1091
28951	1090	1	6	2	0	1099
28952	6	1	5	1087	0	1099
28953	4	0	1	1124	0	1129
28954	0	2	1122	9	0	1133
28955	1013	1	7	4	0	1025
28956	1053	2	4	2	0	1061
28957	8	1040	2	5	0	1055
28958	3	1064	5	1	0	1073
28959	1050	8	2	1	0	1061
28960	7	6	1057	1	0	1071
28961	5	1110	7	2	0	1124
28962	3	6	5	1127	0	1141
28963	1	3	3	1141	0	1148
28964	1	2	1143	9	0	1155
28965	1117	0	7	8	0	1132
28966	7	2	1201	3	0	1213
28967	1206	0	10	2	0	1218
28968	8	1	1269	0	0	1278
28969	3	1265	8	0	0	1276
28970	1291	10	3	0	0	1304
28971	1297	3	4	0	0	1304
28972	1288	0	3	0	0	1291
28973	1284	2	0	2	0	1288
28974	9	0	2	1274	0	1285
28975	6	1	1291	7	0	1305
28976	1	2	7	1251	0	1261
28977	2	1282	6	8	0	1298
28978	0	9	2	1272	0	1283
28979	0	4	1273	7	0	1284
28980	0	0	1283	3	0	1286
28981	1	1	12	1248	0	1262
28982	1228	0	6	8	0	1242
28983	1197	1	1	3	0	1202
28984	1211	0	0	1	0	1212
28985	9	2	1220	2	0	1233
28986	3	0	1225	1	0	1229
28987	0	1233	9	1	0	1243
28988	0	1228	2	3	0	1233
28989	1196	8	9	3	0	1216
28990	1185	3	3	1	0	1192
28991	6	1259	1	0	0	1266
28992	1219	3	0	1	0	1223
28993	1214	3	0	1	0	1218
28994	5	1231	1	0	0	1237
28995	1261	3	0	1	0	1265
28996	1247	3	0	1	0	1251
28997	5	1282	2	0	0	1289
28998	1287	2	0	0	0	1289
28999	1279	3	1	1	0	1284
29000	4	0	1308	2	0	1314
29001	3	0	1306	0	0	1309
29002	1	1288	4	2	0	1295
29003	4	1273	2	0	0	1279
29004	1259	5	6	1	0	1271
29005	1223	2	1	0	0	1226
29006	1211	0	1	0	0	1212
29007	3	1227	0	1	0	1231
29008	0	1	1	1232	0	1234
29009	1	1	1262	1	0	1265
29010	1	8	2	1195	0	1206
29011	0	1259	0	1	0	1260
29012	1234	1	0	0	0	1235
29013	1	1216	0	0	0	1217
29014	2	1	0	1205	0	1208
29015	1258	0	0	1	0	1259
29016	1256	0	0	1	0	1257
29017	1	0	1287	0	0	1288
29018	1267	0	1	1	0	1269
29019	1341	1	0	0	0	1342
29020	1362	0	0	0	0	1362
29021	1	1	1	1305	0	1308
29022	0	1326	1	2	0	1329
29023	0	2	0	1344	0	1346
29024	2	1	1393	2	0	1398
29025	1	1425	1	0	0	1427
29026	1	4	1	1394	0	1400
29027	0	0	1419	2	0	1421
29028	0	1424	3	1	0	1428
29029	0	3	0	1382	0	1385
29030	0	2	1426	2	0	1430
29031	1248	0	3	2	0	1253
29032	3	0	1430	0	0	1433
29033	0	1	1442	0	0	1443
29034	1	1462	2	0	0	1465
29035	1	2	0	1464	0	1467
29036	0	2	0	1387	0	1389
29037	1	1472	0	2	0	1475
29038	2	2	0	1434	0	1438
29039	1481	1	0	2	0	1484
29040	1489	0	0	1	0	1490
29041	4	1	1496	0	0	1501
29042	1443	0	4	0	0	1447
29043	1500	1	1	0	0	1502
29044	2	2	1525	0	0	1529
29045	0	1543	2	0	0	1545
29046	1	1527	0	0	0	1528
29047	2	2	0	1333	0	1337
29048	1	1517	0	2	0	1520
29049	1	4	1473	0	0	1478
29050	0	0	1490	2	0	1492
29051	0	1490	3	0	0	1493
29052	1481	2	0	1	0	1484
29053	1494	1	0	0	0	1495
29054	1506	0	1	0	0	1507
29055	1504	1	0	0	0	1505
29056	1479	1	0	1	0	1481
29057	3	1482	0	0	0	1485
29058	2	2	1469	0	0	1473
29059	0	0	3	1468	0	1471
29060	1446	0	0	2	0	1448
29061	4	1431	0	0	0	1435
29062	0	3	0	1401	0	1404
29063	1	1	1412	1	0	1415
29064	1	1397	2	1	0	1401
29065	1	1386	0	2	0	1389
29066	1313	7	8	6	0	1334
29067	1	1329	0	3	0	1333
29068	1	1	0	1258	0	1260
29069	1273	0	1	2	0	1276
29070	1252	1	1	1	0	1255
29071	1259	1	1	1	0	1262
29072	2	3	1258	0	0	1263
29073	2	1259	1	1	0	1263
29074	1285	2	0	1	0	1288
29075	1	0	3	1270	0	1274
29076	1293	1	1	1	0	1296
29077	1	1292	1	1	0	1295
29078	1354	1	2	0	0	1357
29079	1464	3	0	2	0	1469
29080	3	0	0	1452	0	1455
29081	2	1	1545	3	0	1551
29082	1	3	3	1563	0	1570
29083	1581	2	0	3	0	1586
29084	1569	1	3	1	0	1574
29085	6	1562	1	5	0	1574
29086	1512	3	1	0	0	1516
29087	8	1529	1	4	0	1542
29088	1540	4	2	2	0	1548
29089	1517	2	3	0	0	1522
29090	2	3	1534	3	0	1542
29091	1	1509	4	1	0	1515
29092	3	5	2	1511	0	1521
29093	2	2	0	1524	0	1528
29094	1	0	4	1472	0	1477
29095	1	1499	2	5	0	1507
29096	4	5	1501	1	0	1511
29097	4	0	1538	1	0	1543
29098	4	1795	5	1	0	1805
29099	1788	7	1	1	0	1797
29100	9	2	1799	1	0	1811
29101	1731	2	8	2	0	1743
29102	7	1781	4	6	0	1798
29103	4	7	1817	3	0	1831
29104	2	3	5	1788	0	1798
29105	2	2	1844	6	0	1854
29106	1	0	1874	6	0	1881
29107	6	2	9	1601	0	1618
29108	1	1842	3	5	0	1851
29109	6	1846	1	3	0	1856
29110	1850	7	1	0	0	1858
29111	8	5	1861	3	0	1877
29112	1856	7	6	2	0	1871
29113	1846	2	4	2	0	1854
29114	11	1885	0	2	0	1898
29115	1821	6	1	1	0	1829
29116	1824	3	3	0	0	1830
29117	1741	2	3	1	0	1747
29118	8	1767	2	1	0	1778
29119	3	1663	1	2	0	1669
29120	4	1685	0	2	0	1691
29121	1676	8	13	0	0	1697
29122	1654	3	3	0	0	1660
29123	8	2	1637	2	0	1649
29124	5	4	1586	2	0	1597
29125	1568	1	7	1	0	1577
29126	1592	1	4	1	0	1598
29127	1596	0	3	1	0	1600
29128	5	2	1	1564	0	1572
29129	2	4	2	1589	0	1597
29130	2	2	1	1611	0	1616
29131	2	1	2	1618	0	1623
29132	3	1	1606	8	0	1618
29133	1	3	1578	3	0	1585
29134	2	1	1584	1	0	1588
29135	1	2	1554	0	0	1557
29136	1502	1	7	1	0	1511
29137	10	1561	4	0	0	1575
29138	5	1576	2	1	0	1584
29139	1573	9	0	1	0	1583
29140	8	5	1568	2	0	1583
29141	7	1	1546	1	0	1555
29142	1523	2	12	2	0	1539
29143	1560	0	9	0	0	1569
29144	10	1556	3	3	0	1572
29145	5	7	2	1536	0	1550
29146	1558	3	1	6	0	1568
29147	1568	2	1	7	0	1578
29148	12	1	1	1559	0	1573
29149	7	1628	0	8	0	1643
29150	1618	7	2	5	0	1632
29151	8	5	1627	1	0	1641
29152	1591	4	8	2	0	1605
29153	10	1618	5	3	0	1636
29154	1617	6	3	2	0	1628
29155	1605	4	3	3	0	1615
29156	10	3	1629	2	0	1644
29157	6	2	1620	3	0	1631
29158	1593	1	10	4	0	1608
29159	1621	3	7	2	0	1633
29160	12	1648	1	1	0	1662
29161	4	9	4	1648	0	1665
29162	1	6	1650	5	0	1662
29163	1621	4	5	3	0	1633
29164	13	0	5	1656	0	1674
29165	6	1	5	1666	0	1678
29166	1641	0	2	10	0	1653
29167	8	1704	3	4	0	1719
29168	1715	8	1	0	0	1724
29169	1712	3	1	3	0	1719
29170	1714	3	2	1	0	1720
29171	12	1716	2	1	0	1731
29172	1723	8	2	3	0	1736
29173	9	6	1	1719	0	1735
29174	7	3	1	1706	0	1717
29175	9	0	1700	11	0	1720
29176	4	7	1681	4	0	1696
29177	4	1694	11	3	0	1712
29178	6	1701	7	0	0	1714
29179	8	11	1595	0	0	1614
29180	5	1618	5	2	0	1630
29181	1542	16	9	5	0	1572
29182	1533	4	1	1	0	1539
29183	1526	1	1	4	0	1532
29184	11	1	1	1484	0	1497
29185	7	0	2	1516	0	1525
29186	2	5	1565	8	0	1580
29187	2	1560	6	5	0	1573
29188	1529	5	5	2	0	1541
29189	9	1556	1	1	0	1567
29190	1542	6	0	0	0	1548
29191	1531	7	0	2	0	1540
29192	11	1	1	1509	0	1522
29193	8	1	2	1530	0	1541
29194	2	0	3	1547	0	1552
29195	0	1	1512	9	0	1522
29196	5	1506	6	4	0	1521
29197	2	1471	5	2	0	1480
29198	2	1152	1	1	0	1156
29199	2	1146	1	0	0	1149
29200	2	1156	2	2	0	1162
29201	1069	5	7	0	0	1081
29202	3	5	1110	0	0	1118
29203	3	1129	2	3	0	1137
29204	1	2	1087	1	0	1091
29205	1	1129	4	0	0	1134
29206	2	9	4	935	0	950
29207	2	4	0	1060	0	1066
29208	1	1115	0	5	0	1121
29209	1093	3	1	3	0	1100
29210	2	3	1099	1	0	1105
29211	3	1122	3	1	0	1129
29212	3	2	1105	0	0	1110
29213	1	3	2	1112	0	1118
29214	1	0	3	1053	0	1057
29215	2	1109	0	6	0	1117
29216	1	3	1	1111	0	1116
29217	3	4	0	1122	0	1129
29218	2	1144	0	5	0	1151
29219	3	4	1131	2	0	1140
29220	3	4	1151	1	0	1159
29221	1088	1	5	1	0	1095
29222	1143	2	3	4	0	1152
29223	4	1	3	1124	0	1132
29224	3	3	1136	3	0	1145
29225	3	3	4	1098	0	1108
29226	1	1186	4	2	0	1193
29227	1	8	1184	2	0	1195
29228	3	1184	5	1	0	1193
29229	4	5	1167	1	0	1177
29230	2	1171	3	2	0	1178
29231	1150	1	5	3	0	1159
29232	2	4	1	1150	0	1157
29233	3	2	2	1143	0	1150
29234	0	5	1148	4	0	1157
29235	0	5	1144	3	0	1152
29236	1	1149	4	1	0	1155
29237	1146	6	2	2	0	1156
29238	7	5	2	1118	0	1132
29239	6	1	1175	5	0	1187
29240	2	0	1166	8	0	1176
29241	1082	1	7	5	0	1095
29242	1123	3	5	2	0	1133
29243	3	5	1168	1	0	1177
29244	2	4	5	1120	0	1131
29245	3	1171	4	3	0	1181
29246	1163	8	3	1	0	1175
29247	6	1172	0	2	0	1180
29248	1129	3	2	3	0	1137
29249	4	1132	2	4	0	1142
29250	2	1142	4	3	0	1151
29251	0	5	3	1141	0	1149
29252	2	5	3	1141	0	1151
29253	1	1159	2	3	0	1165
29254	2	5	1131	2	0	1140
29255	2	6	1141	2	0	1151
29256	5	5	1135	2	0	1147
29257	1084	1	5	2	0	1092
29258	1134	2	5	3	0	1144
29259	3	1192	6	3	0	1204
29260	3	6	1189	3	0	1201
29261	2	3	3	1210	0	1218
29262	1	4	1281	6	0	1292
29263	0	5	1334	5	0	1344
29264	1	6	3	1445	0	1455
29265	3	4	4	1524	0	1535
29266	1	7	1638	7	0	1653
29267	1635	4	7	6	0	1652
29268	3	1733	11	3	0	1750
29269	11	1792	2	1	0	1806
29270	4	13	2	1756	0	1775
29271	1815	12	1	5	0	1833
29272	3	1871	3	12	0	1889
29273	1875	4	1	4	0	1884
29274	4	1899	3	0	0	1906
29275	1958	7	1	1	0	1967
29276	4	9	1962	1	0	1976
29277	11	4	1977	1	0	1993
29278	3	7	17	1898	0	1925
29279	1	1	1917	6	0	1925
29280	0	1852	6	9	0	1867
29281	0	1842	9	2	0	1853
29282	1860	14	2	0	0	1876
29283	7	11	1	1795	0	1814
29284	9	1872	2	4	0	1887
29285	1903	5	0	8	0	1916
29286	1859	9	1	2	0	1871
29287	1894	3	0	1	0	1898
29288	18	1	0	1882	0	1901
29289	12	1	2	1897	0	1912
29290	3	0	1906	18	0	1927
29291	0	2	1896	11	0	1909
29292	1876	1	14	2	0	1893
29293	8	2	12	1862	0	1884
29294	11	1	1873	5	0	1890
29295	1846	0	5	11	0	1862
29296	5	1933	10	3	0	1951
29297	1938	7	3	1	0	1949
29298	1935	10	1	1	0	1947
29299	1940	2	0	0	0	1942
29300	17	1	1913	2	0	1933
29301	1897	1	7	2	0	1907
29302	10	0	10	1838	0	1858
29303	10	1874	4	3	0	1891
29304	4	1916	2	9	0	1931
29305	1894	14	0	4	0	1912
29306	1884	11	1	3	0	1899
29307	1899	2	3	0	0	1904
29308	16	0	1	1857	0	1874
29309	14	1	0	1857	0	1872
29310	3	0	0	1781	0	1784
29311	2	1855	1	16	0	1874
29312	1825	4	1	12	0	1842
29313	1831	10	1	1	0	1843
29314	1852	2	0	0	0	1854
29315	17	1	1854	4	0	1876
29316	1871	2	6	2	0	1881
29317	8	1	10	1781	0	1800
29318	12	1833	2	5	0	1852
29319	1803	5	0	10	0	1818
29320	1793	10	0	3	0	1806
29321	17	3	1827	4	0	1851
29322	12	0	6	1774	0	1792
29323	4	1829	9	5	0	1847
29324	1847	6	2	10	0	1865
29325	10	11	0	1853	0	1874
29326	12	2	1	1828	0	1843
29327	5	2	1	1841	0	1849
29328	2	1	2	1894	0	1899
29329	3	1	1884	18	0	1906
29330	1	1886	6	13	0	1906
29331	4	6	9	1867	0	1886
29332	3	10	1899	5	0	1917
29333	1878	2	6	11	0	1897
29334	1901	2	11	6	0	1920
29335	14	4	4	1905	0	1927
29336	1918	1	2	9	0	1930
29337	1939	1	1	11	0	1952
29338	16	3	1937	6	0	1962
29339	13	1909	8	5	0	1935
29340	1908	8	9	3	0	1928
29341	13	10	5	1909	0	1937
29342	1929	4	5	7	0	1945
29343	11	2	3	1908	0	1924
29344	13	0	1	1916	0	1930
29345	5	1	1908	16	0	1930
29346	1805	4	6	13	0	1828
29347	7	1922	10	6	0	1945
29348	13	10	1907	5	0	1935
29349	6	1902	8	3	0	1919
29350	1870	10	12	4	0	1896
29351	12	11	3	1850	0	1876
29352	1850	3	3	8	0	1864
29353	12	1856	1	11	0	1880
29354	1888	7	0	6	0	1901
29355	1900	9	2	7	0	1918
29356	1901	6	4	3	0	1914
29357	1886	1	5	2	0	1894
29358	20	1885	2	6	0	1913
29359	1841	6	0	5	0	1852
29360	9	11	6	1820	0	1846
29361	16	16	1	1746	0	1779
29362	4	1692	3	18	0	1717
29363	10	1630	1	12	0	1653
29364	8	1512	0	4	0	1524
29365	1407	13	11	1	0	1432
29366	7	1285	3	3	0	1298
29367	8	1119	1	3	0	1131
29368	1106	7	20	2	0	1135
29369	1064	3	2	0	0	1069
29370	6	1093	0	2	0	1101
29371	1051	7	1	1	0	1060
29372	8	2	1025	2	0	1037
29373	1005	2	6	1	0	1014
29374	8	2	1006	4	0	1020
29375	3	928	4	1	0	936
29376	4	937	2	1	0	944
29377	12	10	3	882	0	907
29378	925	1	2	1	0	929
29379	931	2	1	2	0	936
29380	948	4	1	0	0	953
29381	948	0	2	1	0	951
29382	930	1	0	2	0	933
29383	4	0	919	1	0	924
29384	1	2	912	1	0	916
29385	917	2	1	0	0	920
29386	4	934	0	3	0	941
29387	906	1	1	0	0	908
29388	933	0	1	0	0	934
29389	954	1	0	1	0	956
29390	954	1	0	0	0	955
29391	954	1	1	1	0	957
29392	3	0	966	1	0	970
29393	979	0	2	1	0	982
29394	987	1	0	1	0	989
29395	2	3	996	0	0	1001
29396	950	2	2	0	0	954
29397	977	2	0	0	0	979
29398	3	1	1030	1	0	1035
29399	2	2	1033	0	0	1037
29400	3	1039	1	0	0	1043
29401	2	2	1	1036	0	1041
29402	1	1	1046	1	0	1049
29403	1058	1	3	1	0	1063
29404	4	1	0	1101	0	1106
29405	1	0	1145	2	0	1148
29406	1139	1	2	0	0	1142
29407	1142	1	1	0	0	1144
29408	1156	1	1	2	0	1160
29409	3	1204	0	2	0	1209
29410	2	3	0	1186	0	1191
29411	2	1207	1	4	0	1214
29412	1210	3	0	0	0	1213
29413	1209	1	0	2	0	1212
29414	4	0	1204	1	0	1209
29415	2	1175	4	1	0	1182
29416	1	1167	1	0	0	1169
29417	3	4	1	1157	0	1165
29418	1	0	1	1164	0	1166
29419	1158	1	0	3	0	1162
29420	5	1158	0	2	0	1165
29421	1	1150	0	1	0	1152
29422	2	3	1150	1	0	1156
29423	2	1182	4	0	0	1188
29424	1169	4	2	0	0	1175
29425	4	2	1163	0	0	1169
29426	1056	1	3	1	0	1061
29427	3	1	1111	0	0	1115
29428	1034	0	4	0	0	1038
29429	3	1140	1	1	0	1145
29430	1190	3	1	0	0	1194
29431	3	0	1248	1	0	1252
29432	1237	0	5	0	0	1242
29433	1245	1	0	0	0	1246
29434	6	0	1270	0	0	1276
29435	1269	0	3	0	0	1272
29436	1313	1	1	0	0	1315
29437	1285	0	0	0	0	1285
29438	3	1290	0	0	0	1293
29439	1318	3	1	1	0	1323
29440	5	1	1369	0	0	1375
29441	0	1414	3	3	0	1420
29442	1434	5	0	1	0	1440
29443	1432	0	1	0	0	1433
29444	1466	0	0	0	0	1466
29445	4	1464	0	2	0	1470
29446	1	1	1	1666	0	1669
29447	1	2	1661	3	0	1667
29448	1	0	3	1662	0	1666
29449	0	0	1715	3	0	1718
29450	1654	1	3	4	0	1662
29451	3	1740	4	0	0	1747
29452	4	4	0	1686	0	1694
29453	2	1743	1	3	0	1749
29454	2	4	0	1765	0	1771
29455	0	5	1	1734	0	1740
29456	0	1795	0	11	0	1806
29457	0	6	0	1799	0	1805
29458	0	5	0	1847	0	1852
29459	1	1856	0	11	0	1868
29460	2	1887	1	5	0	1895
29461	0	11	0	1885	0	1896
29462	0	8	1887	5	0	1900
29463	0	1909	6	8	0	1923
29464	0	7	6	1898	0	1911
29465	2	5	1971	5	0	1983
29466	0	1958	7	10	0	1975
29467	1951	6	4	1	0	1962
29468	5	8	1950	2	0	1965
29469	1912	1	5	3	0	1921
29470	6	3	5	1920	0	1934
29471	8	0	2	1924	0	1934
29472	1	0	3	1920	0	1924
29473	4	1	1910	12	0	1927
29474	2	0	1900	9	0	1911
29475	1869	1	12	2	0	1884
29476	7	3	6	1886	0	1902
29477	9	3	1900	7	0	1919
29478	1853	0	8	8	0	1869
29479	7	3	7	1875	0	1892
29480	7	1	2	1863	0	1873
29481	1	2	5	1839	0	1847
29482	4	1869	2	11	0	1886
29483	6	7	1	1777	0	1791
29484	5	1849	2	6	0	1862
29485	2	1865	1	5	0	1873
29486	1845	15	1	4	0	1865
29487	1806	8	2	6	0	1822
29488	1806	2	2	6	0	1816
29489	13	1801	3	7	0	1824
29490	1789	7	4	1	0	1801
29491	1784	9	2	1	0	1796
29492	14	3	2	1758	0	1777
29493	7	5	3	1751	0	1766
29494	6	3	1740	13	0	1762
29495	6	1734	7	15	0	1762
29496	1721	5	13	7	0	1746
29497	1692	6	6	5	0	1709
29498	11	1677	2	5	0	1695
29499	1662	10	2	5	0	1679
29500	1649	12	1	4	0	1666
29501	11	6	4	1621	0	1642
29502	12	1643	4	6	0	1665
29503	7	1636	2	6	0	1651
29504	1608	15	1	7	0	1631
29505	5	10	4	1567	0	1586
29506	9	6	1573	5	0	1593
29507	1522	6	8	10	0	1546
29508	6	3	1594	6	0	1609
29509	8	1538	9	6	0	1561
29510	1518	9	9	11	0	1547
29511	5	8	1524	5	0	1542
29512	8	2	9	1541	0	1560
29513	5	6	1565	4	0	1580
29514	6	1577	5	10	0	1598
29515	5	4	8	1563	0	1580
29516	5	9	1561	6	0	1581
29517	1471	4	6	11	0	1492
29518	6	1576	8	7	0	1597
29519	9	9	2	1507	0	1527
29520	5	1578	2	12	0	1597
29521	1564	5	4	11	0	1584
29522	1541	12	4	4	0	1561
29523	10	1552	2	7	0	1571
29524	12	8	5	1504	0	1529
29525	6	1543	5	5	0	1559
29526	1528	9	1	8	0	1546
29527	7	9	1537	5	0	1558
29528	12	3	1500	3	0	1518
29529	3	1462	10	4	0	1479
29530	5	1409	12	2	0	1428
29531	5	14	1	1359	0	1379
29532	1348	9	4	7	0	1368
29533	1348	4	3	11	0	1366
29534	1316	3	4	3	0	1326
29535	15	1362	3	5	0	1385
29536	10	6	5	1289	0	1310
29537	7	1343	1	4	0	1355
29538	1322	5	2	10	0	1339
29539	6	10	3	1292	0	1311
29540	9	3	1257	9	0	1278
29541	4	1214	6	10	0	1234
29542	1179	7	8	3	0	1197
29543	6	8	1159	4	0	1177
29544	1124	3	7	3	0	1137
29545	6	1132	10	1	0	1149
29546	6	934	1	1	0	942
29547	910	9	4	3	0	926
29548	5	929	1	1	0	936
29549	869	3	6	2	0	880
29550	6	869	1	1	0	877
29551	866	5	3	0	0	874
29552	864	3	1	1	0	869
29553	5	5	899	2	0	911
29554	7	0	854	2	0	863
29555	1	852	7	2	0	862
29556	807	2	11	0	0	820
29557	1	4	794	1	0	800
29558	723	1	1	5	0	730
29559	0	0	3	723	0	726
29560	2	0	726	0	0	728
29561	0	0	736	3	0	739
29562	3	1	757	1	0	762
29563	0	738	2	0	0	740
29564	3	17	10	690	0	720
29565	665	2	2	0	0	669
29566	0	0	0	675	0	675
29567	678	0	0	0	0	678
29568	1	0	0	678	0	679
29569	692	0	0	1	0	693
29570	694	0	0	2	0	696
29571	834	0	0	0	0	834
29572	3	865	0	0	0	868
29573	1	1	886	0	0	888
29574	0	3	1	878	0	882
29575	0	1	3	697	0	701
29576	0	0	0	925	0	925
29577	0	0	0	907	0	907
29578	0	907	0	3	0	910
29579	0	2	897	2	0	901
29580	0	910	1	0	0	911
29581	0	1	2	894	0	897
29582	0	4	0	919	0	923
29583	0	0	0	926	0	926
29584	0	0	0	920	0	920
29585	0	917	0	4	0	921
29586	2	915	0	1	0	918
29587	0	3	919	1	0	923
29588	0	2	1	918	0	921
29589	0	0	2	931	0	933
29590	0	0	0	950	0	950
29591	972	0	0	3	0	975
29592	2	992	0	3	0	997
29593	3	1	987	0	0	991
29594	986	4	1	0	0	991
29595	2	0	3	990	0	995
29596	1014	0	1	1	0	1016
29597	1	0	0	1017	0	1018
29598	1030	1	0	1	0	1032
29599	1	1	0	1030	0	1032
29600	1021	0	0	2	0	1023
29601	2	0	1078	4	0	1084
29602	5	0	2	1052	0	1059
29603	0	1095	4	2	0	1101
29604	0	2	0	1111	0	1113
29605	1110	4	0	3	0	1117
29606	2	1137	0	2	0	1141
29607	5	2	1	1163	0	1171
29608	0	1160	0	6	0	1166
29609	0	2	1	1160	0	1163
29610	0	5	0	1169	0	1174
29611	1	1	1164	8	0	1174
29612	0	1	3	1135	0	1139
29613	1	0	1140	2	0	1143
29614	1	1120	2	3	0	1126
29615	1120	3	3	1	0	1127
29616	3	3	1124	1	0	1131
29617	1091	0	2	2	0	1095
29618	1161	0	3	1	0	1165
29619	6	2	0	1178	0	1186
29620	4	1	1265	2	0	1272
29621	1230	0	5	5	0	1240
29622	1314	0	4	1	0	1319
29623	7	0	1	1285	0	1293
29624	3	0	0	1296	0	1299
29625	1	1330	1	7	0	1339
29626	1	6	1	1291	0	1299
29627	2	1332	1	5	0	1340
29628	1	5	1325	4	0	1335
29629	2	3	4	1307	0	1316
29630	1301	1	3	5	0	1310
29631	1302	0	0	5	0	1307
29632	8	1321	0	4	0	1333
29633	4	6	1	1329	0	1340
29634	1334	3	1	5	0	1343
29635	5	1310	1	5	0	1321
29636	1313	4	0	1	0	1318
29637	4	5	1	1372	0	1382
29638	1462	0	1	8	0	1471
29639	7	1	1607	4	0	1619
29640	3	1608	6	2	0	1619
29641	1578	8	3	2	0	1591
29642	7	1648	2	11	0	1668
29643	1682	8	0	3	0	1693
29644	1711	4	3	1	0	1719
29645	13	1	1726	4	0	1744
29646	5	0	8	1702	0	1715
29647	1733	2	5	8	0	1748
29648	11	1	1731	5	0	1748
29649	1729	0	8	1	0	1738
29650	8	1	7	1729	0	1745
29651	6	2	1732	8	0	1748
29652	3	0	8	1709	0	1720
29653	1672	0	5	9	0	1686
29654	10	1	1735	5	0	1751
29655	7	0	7	1729	0	1743
29656	2	0	6	1752	0	1760
29657	1753	1	0	14	0	1768
29658	1728	1	1	5	0	1735
29659	12	1780	1	0	0	1793
29660	5	13	0	1771	0	1789
29661	1	5	1	1759	0	1766
29662	1	0	2	1743	0	1746
29663	1729	0	1	13	0	1743
29664	1723	2	0	5	0	1730
29665	14	1	3	1688	0	1706
29666	4	1724	1	9	0	1738
29667	3	6	0	1624	0	1633
29668	4	1721	0	9	0	1734
29669	1698	6	1	6	0	1711
29670	8	1688	0	3	0	1699
29671	1549	7	1	1	0	1558
29672	7	6	1	1517	0	1531
29673	1509	2	0	7	0	1518
29674	9	1	1527	5	0	1542
29675	5	1545	6	3	0	1559
29676	1522	6	9	3	0	1540
29677	1521	4	2	1	0	1528
29678	11	0	1	1486	0	1498
29679	5	1526	2	8	0	1541
29680	3	8	1	1565	0	1577
29681	4	5	3	1559	0	1571
29682	4	0	1	1558	0	1563
29683	1561	0	1	13	0	1575
29684	1569	2	1	6	0	1578
29685	13	4	1	1531	0	1549
29686	5	1573	4	8	0	1590
29687	1576	6	2	7	0	1591
29688	10	4	1570	4	0	1588
29689	7	4	5	1558	0	1574
29690	2	2	1581	9	0	1594
29691	2	5	8	1540	0	1555
29692	3	2	1582	10	0	1597
29693	1	1	11	1559	0	1572
29694	1578	3	4	9	0	1594
29695	1583	0	1	4	0	1588
29696	11	1556	1	2	0	1570
29697	1565	7	1	2	0	1575
29698	10	4	1	1579	0	1594
29699	5	2	3	1590	0	1600
29700	1597	1	1	10	0	1609
29701	10	3	1591	1	0	1605
29702	4	2	1617	3	0	1626
29703	3	1	1615	4	0	1623
29704	1543	1	7	7	0	1558
29705	10	2	1656	2	0	1670
29706	4	3	1611	4	0	1622
29707	1538	2	9	1	0	1550
29708	7	1645	6	1	0	1659
29709	7	5	1	1681	0	1694
29710	1	4	1	1699	0	1705
29711	5	2	1765	6	0	1778
29712	1726	1	8	5	0	1740
29713	1759	3	3	2	0	1767
29714	1727	0	5	7	0	1739
29715	10	0	1790	4	0	1804
29716	1718	0	10	6	0	1734
29717	10	2	1768	1	0	1781
29718	9	1774	6	1	0	1790
29719	4	1765	2	3	0	1774
29720	1657	7	8	4	0	1676
29721	5	1644	0	8	0	1657
29722	3	1643	2	4	0	1652
29723	1637	6	0	4	0	1647
29724	7	1643	2	3	0	1655
29725	1628	4	1	3	0	1636
29726	5	2	1	1679	0	1687
29727	6	0	1	1693	0	1700
29728	2	3	1	1693	0	1699
29729	4	7	1	1651	0	1663
29730	5	1695	2	10	0	1712
29731	1706	5	0	4	0	1715
29732	5	1851	1	3	0	1860
29733	4	1844	3	6	0	1857
29734	3	7	1946	19	0	1975
29735	1836	3	10	4	0	1853
29736	9	3	2068	2	0	2082
29737	16	1	2055	1	0	2073
29738	3	2058	8	4	0	2073
29739	2	2005	3	3	0	2013
29740	1955	13	11	1	0	1980
29741	3	2081	2	3	0	2089
29742	3	4	2182	5	0	2194
29743	2	1921	4	1	0	1928
29744	3	7	2157	0	0	2167
29745	2	4	2114	0	0	2120
29746	1992	2	9	1	0	2004
29747	3	0	2123	0	0	2126
29748	6	0	4	2071	0	2081
29749	2040	0	5	4	0	2049
29750	3	2032	2	8	0	2045
29751	3	2	2098	2	0	2105
29752	2040	2	6	2	0	2050
29753	3	1	4	1947	0	1955
29754	4	1897	2	7	0	1910
29755	5	1	2044	3	0	2053
29756	1994	4	4	0	0	2002
29757	4	3	2062	0	0	2069
29758	4	0	4	1992	0	2000
29759	2	0	2024	5	0	2031
29760	3	0	4	1971	0	1978
29761	1979	0	4	4	0	1987
29762	3	2014	3	13	0	2033
29763	2034	3	2	1	0	2040
29764	6	3	2041	1	0	2051
29765	4	1	3	2012	0	2020
29766	0	1	2089	2	0	2092
29767	2028	0	4	5	0	2037
29768	2061	1	4	1	0	2067
29769	6	2091	1	5	0	2103
29770	2096	3	1	2	0	2102
29771	2079	3	1	0	0	2083
29772	7	1	0	2054	0	2062
29773	5	1	2101	2	0	2109
29774	2	2014	4	6	0	2026
29775	1	3	4	1974	0	1982
29776	2002	3	1	6	0	2012
29777	4	0	2023	4	0	2031
29778	3	2	2021	0	0	2026
29779	1	1	1993	1	0	1996
29780	1914	1	7	1	0	1923
29781	4	1	1986	1	0	1992
29782	1904	1	5	1	0	1911
29783	6	3	1894	0	0	1903
29784	5	1942	4	5	0	1956
29785	2	7	4	1922	0	1935
29786	3	5	1928	5	0	1941
29787	2	1910	7	4	0	1923
29788	1	1920	3	9	0	1933
29789	0	9	3	1901	0	1913
29790	1894	6	2	3	0	1905
29791	4	5	1	1894	0	1904
29792	1842	4	2	6	0	1854
29793	7	1	1	1855	0	1864
29794	5	2	1854	6	0	1867
29795	1	1	1846	6	0	1854
29796	1786	1	8	2	0	1797
29797	1821	3	6	2	0	1832
29798	7	2	1805	1	0	1815
29799	1720	2	5	0	0	1727
29800	7	5	1782	0	0	1794
29801	5	1731	10	0	0	1746
29802	5	1696	7	0	0	1708
29803	4	1668	5	1	0	1678
29804	0	10	8	1635	0	1653
29805	1612	7	4	5	0	1628
29806	1616	5	2	4	0	1627
29807	8	3	2	1612	0	1625
29808	7	2	1521	6	0	1536
29809	4	3	7	1482	0	1496
29810	2	4	1480	6	0	1492
29811	2	2	12	1406	0	1422
29812	1395	2	9	7	0	1413
29813	1386	2	7	5	0	1400
29814	1383	0	5	3	0	1391
29815	1360	1	4	6	0	1371
29816	14	2	3	1335	0	1354
29817	9	1	3	1333	0	1346
29818	1329	2	3	9	0	1343
29819	1330	2	4	7	0	1343
29820	12	1	3	1329	0	1345
29821	7	2	1	1333	0	1343
29822	5	3	3	1301	0	1312
29823	5	2	5	1292	0	1304
29824	1283	1	5	11	0	1300
29825	5	1	1269	10	0	1285
29826	6	0	9	1219	0	1234
29827	1211	0	5	8	0	1224
29828	8	2	1206	4	0	1220
29829	7	5	7	1194	0	1213
29830	7	2	1202	5	0	1216
29831	3	1156	8	7	0	1174
29832	5	6	6	987	0	1004
29833	904	2	8	7	0	921
29834	4	10	3	781	0	798
29835	3	770	2	5	0	780
29836	5	689	0	2	0	696
29837	1	570	3	3	0	577
29838	2	504	4	0	0	510
29839	295	24	27	15	0	361
29840	16	14	11	201	0	242
29841	0	0	158	2	0	160
29842	0	0	1	138	0	139
29843	0	0	139	1	0	140
29844	137	0	1	0	0	138
29845	1	0	0	136	0	137
29846	0	0	0	136	0	136
29847	0	0	0	137	0	137
29848	0	0	0	137	0	137
29849	135	0	0	1	0	136
29850	137	0	0	0	0	137
29851	1	0	0	135	0	136
29852	129	0	0	1	0	130
29853	1	0	129	1	0	131
29854	0	127	1	2	0	130
29855	0	1	0	130	0	131
29856	0	0	0	127	0	127
29857	0	129	0	1	0	130
29858	0	1	0	125	0	126
29859	0	0	0	122	0	122
29860	117	0	0	1	0	118
29861	1	0	112	0	0	113
29862	0	0	105	0	0	105
29863	100	0	1	0	0	101
29864	1	2	92	0	0	95
29865	42	0	6	0	0	48
29866	38	0	0	0	0	38
29867	1	2	0	30	0	33
29868	0	1	26	0	0	27
29869	20	0	1	0	0	21
29870	1	18	0	0	0	19
29871	4	2	0	0	0	6
29872	2	0	1	1	0	4
29873	0	0	1	0	0	1
29874	1	0	0	0	0	1
29875	1	0	0	0	0	1
29876	1	0	0	0	0	1
29877	1	0	0	0	0	1
29878	1	0	0	0	0	1
29879	1	0	0	0	0	1
29880	1	0	0	0	0	1
29881	1	0	0	0	0	1
29882	1	0	0	0	0	1
29883	1	0	0	0	0	1
29884	1	0	0	0	0	1
29885	1	0	0	0	0	1
29886	1	0	0	0	0	1
29887	1	0	0	0	0	1
29888	1	0	0	0	0	1
29889	1	0	0	0	0	1
29890	1	0	0	0	0	1
29891	1	0	0	0	0	1
29892	1	0	0	0	0	1
29893	1	0	0	0	0	1
29894	0	0	0	0	0	0
29895	1	0	0	0	0	1
29896	1	0	0	0	0	1
29897	1	0	0	0	0	1
29898	1	0	0	0	0	1
29899	1	0	0	0	0	1
29900	1	0	0	0	0	1
29901	1	0	0	0	0	1
29902	1	0	0	0	0	1
29903	1	0	0	0	0	1
