Pos	A	C	G	T	Other	Total
1	0	0	0	0	0	0
2	0	0	0	0	0	0
3	0	0	0	0	0	0
4	0	0	0	0	0	0
5	0	0	0	0	0	0
6	0	0	0	0	0	0
7	0	0	0	0	0	0
8	0	0	0	0	0	0
9	0	0	0	0	0	0
10	0	0	0	0	0	0
11	0	0	0	0	0	0
12	528	0	0	1	0	529
13	0	0	0	900	0	900
14	4035	0	1	2	0	4038
15	0	5105	1	2	0	5108
16	3	11806	15	14	0	11838
17	4	7	3	32409	0	32423
18	4	6	0	32143	0	32153
19	2	36716	21	24	0	36763
20	2	37933	11	30	0	37976
21	1	40702	12	28	0	40743
22	43428	46	48	7	0	43529
23	59	15	44328	18	0	44420
24	51	31	43713	12	0	43807
25	3	19	57	47283	0	47362
26	51592	5	21	53	0	51671
27	51604	2	7	19	0	51632
28	66	50028	26	34	0	50154
29	65114	47	8	7	0	65176
30	68560	19	12	13	0	68604
31	70124	5	15	12	0	70156
32	83	70031	39	40	0	70193
33	29	70820	30	63	0	70942
34	73973	77	3	5	0	74058
35	72938	24	10	8	0	72980
36	79	72230	36	40	0	72385
37	31	76150	34	48	0	76263
38	79597	80	6	5	0	79688
39	78999	28	9	13	0	79049
40	81	77481	34	43	0	77639
41	41	63	7	83280	0	83391
42	22	32	3	83743	0	83800
43	21	32	3	82851	0	82907
44	26	82760	24	113	0	82923
45	81	118	81097	31	0	81327
46	72990	62	114	30	0	73196
47	74	28	21	84831	0	84954
48	43	82464	41	119	0	82667
49	31	73	4	86075	0	86183
50	26	83548	32	97	0	83703
51	27	128	8	86411	0	86574
52	26	51	5	86576	0	86658
53	74	41	86816	148	0	87079
54	32	36	99	84398	0	84565
55	87184	21	38	156	0	87399
56	167	53	85910	65	0	86195
57	81688	40	122	58	0	81908
58	131	23	29	87196	0	87379
59	46	87155	49	167	0	87417
60	36	147	13	90574	0	90770
61	82	67	90079	176	0	90404
62	28	45	143	86915	0	87131
63	34	25	32	90490	0	90581
64	19	90191	40	207	0	90457
65	16	164	7	93844	0	94031
66	14	90955	27	211	0	91207
67	24	173	17	93969	0	94183
68	92543	45	24	205	0	92817
69	87458	42	39	106	0	87645
70	90383	16	22	66	0	90487
71	210	90317	74	508	0	91109
72	106	254	89865	354	0	90579
73	87504	67	218	52	0	87841
74	96600	32	61	40	0	96733
75	354	94698	76	59	0	95187
76	132	369	16	87457	0	87974
77	78	124	16	88936	0	89154
78	42	83	12	85605	0	85742
79	86032	37	22	838	0	86929
80	85387	35	30	328	0	85780
81	85319	28	26	207	0	85580
82	86948	15	21	123	0	87107
83	954	33	14	85146	0	86147
84	392	83134	72	704	0	84302
85	266	584	23	87498	0	88371
86	277	215	85629	790	0	86911
87	171	126	637	89966	0	90900
88	193	119	93254	1280	0	94846
89	94	83	1163	91530	0	92870
90	133	87	94800	1406	0	96426
91	133	173	96048	493	0	96847
92	49	97977	1829	446	0	100301
93	63	1437	604	104894	0	106998
94	147	466	106083	1662	0	108358
95	81	294	1717	103711	0	105803
96	70	104995	661	1745	0	107471
97	108536	1611	346	550	0	111043
98	1585	109046	263	402	0	111296
99	484	1868	142	108802	0	111296
100	254	109972	192	1592	0	112010
101	176	1940	105811	550	0	108477
102	239	752	105591	394	0	106976
103	122	105153	2203	423	0	107901
104	125	1744	705	110944	0	113518
105	375	672	109668	1781	0	112496
106	93	106492	1926	1123	0	109634
107	110964	1806	609	418	0	113797
108	1713	657	415	109751	0	112536
109	654	496	110683	1755	0	113588
110	311	108341	1888	721	0	111261
111	183	1845	557	111790	0	114375
112	152	661	425	113028	0	114266
113	109381	449	310	2237	0	112377
114	1800	358	107983	924	0	111065
115	557	273	1764	107139	0	109733
116	413	271	102882	1975	0	105541
117	164	89138	2017	864	0	92183
118	89977	1825	663	503	0	92968
119	1648	88508	492	429	0	91077
120	524	2033	340	86212	0	89109
121	323	87048	332	1604	0	89307
122	84183	2065	278	623	0	87149
123	1711	85490	306	573	0	88080
124	660	2123	82064	326	0	85173
125	403	82799	1760	363	0	85325
126	81843	2076	614	331	0	84864
127	1887	849	81503	318	0	84557
128	652	599	1882	81276	0	84409
129	74769	391	693	1901	0	77754
130	1951	346	489	71449	0	74235
131	72239	319	369	2259	0	75186
132	73452	312	315	848	0	74927
133	2558	305	261	72690	0	75814
134	1065	315	228	74264	0	75872
135	72703	299	229	2657	0	75888
136	71968	323	219	1165	0	73675
137	2678	286	174	70639	0	73777
138	70514	325	245	2227	0	73311
139	71569	294	248	951	0	73062
140	2733	68326	263	682	0	72004
141	1179	1975	225	69072	0	72451
142	69700	751	274	2262	0	72987
143	70769	516	286	950	0	72521
144	2726	376	263	68724	0	72089
145	1203	300	284	71084	0	72871
146	69211	288	300	2797	0	72596
147	2328	68221	301	1287	0	72137
148	990	1995	247	69974	0	73206
149	811	750	68272	2459	0	72292
150	645	697	1904	67073	0	70319
151	557	67235	721	2425	0	70938
152	495	1931	67194	1122	0	70742
153	488	739	1942	66385	0	69554
154	482	570	757	67088	0	68897
155	461	429	67337	2807	0	71034
156	62167	343	2080	1329	0	65919
157	2106	69395	853	945	0	73299
158	70853	2032	588	680	0	74153
159	2443	854	68255	653	0	72205
160	1045	588	69985	582	0	72200
161	65258	424	2517	564	0	68763
162	2177	68529	1024	601	0	72331
163	69122	2065	591	550	0	72328
164	2326	68501	488	532	0	71847
165	995	2240	67924	516	0	71675
166	66910	946	2166	502	0	70524
167	2320	640	68603	456	0	72019
168	974	470	2199	68849	0	72492
169	69522	421	850	2200	0	72993
170	69206	382	630	975	0	71193
171	2550	66157	545	793	0	70045
172	1137	4266	452	63167	0	69022
173	781	64498	395	2221	0	67895
174	698	1869	61932	876	0	65375
175	543	1229	2004	58347	0	62123
176	472	57189	941	1823	0	60425
177	841	1318	299	53088	0	55546
178	44550	594	291	1534	0	46969
179	1425	330	226	51979	0	53960
180	658	51018	223	1529	0	53428
181	480	1240	221	52602	0	54543
182	366	568	203	52535	0	53672
183	350	51035	214	1733	0	53332
184	336	1306	214	52690	0	54546
185	543	558	51482	1617	0	54200
186	287	51513	1400	763	0	53963
187	46017	938	350	333	0	47638
188	1012	346	45086	244	0	46688
189	438	302	44672	246	0	45658
190	309	43417	1054	266	0	45046
191	1053	665	1033	37189	0	39940
192	169	203	35702	498	0	36572
193	123	31448	479	246	0	32296
194	119	691	154	32935	0	33899
195	111	150	91	33350	0	33702
196	31926	99	69	722	0	32816
197	337	31333	82	284	0	32036
198	190	353	29508	123	0	30174
199	122	187	29313	104	0	29726
200	97	102	381	28728	0	29308
201	97	77	163	34811	0	35148
202	72	91	100	35744	0	36007
203	97	43750	94	968	0	44909
204	146	1171	44885	391	0	46593
205	95	587	1197	48877	0	50756
206	73	53370	586	1522	0	55551
207	74	57852	281	728	0	58935
208	127	2546	59586	351	0	62610
209	65	1010	2302	60767	0	64144
210	90	448	70253	2503	0	73294
211	59	266	2994	69705	0	73024
212	58	195	1216	73353	0	74822
213	172	241	69043	3867	0	73323
214	63	69423	2906	1739	0	74131
215	69997	2734	1278	853	0	74862
216	2752	1228	70057	560	0	74597
217	1048	71407	3060	573	0	76088
218	502	75760	1350	508	0	78120
219	349	4062	72215	354	0	76980
220	71326	1755	3296	334	0	76711
221	3059	1084	1436	63445	0	69024
222	1212	74214	899	2683	0	79008
223	74615	3419	619	1027	0	79680
224	3320	1631	517	69506	0	74974
225	1364	73631	580	3087	0	78662
226	75419	3378	515	1432	0	80744
227	3417	1674	70998	895	0	76984
228	1439	73550	3295	653	0	78937
229	72443	3473	1399	601	0	77916
230	3228	73422	912	565	0	78127
231	72541	3804	603	470	0	77418
232	3586	1925	590	67953	0	74054
233	1581	68860	690	2984	0	74115
234	888	3553	628	71288	0	76357
235	70291	1723	637	3687	0	76338
236	3349	1148	67871	1826	0	74194
237	1645	960	68744	2109	0	73458
238	1056	828	4164	67259	0	73307
239	720	871	1961	69031	0	72583
240	760	908	1142	68218	0	71028
241	686	66150	992	4567	0	72395
242	906	3722	63274	2159	0	70061
243	845	1899	3423	62739	0	68906
244	736	62788	1850	3685	0	69059
245	974	66165	1264	1935	0	70338
246	987	4582	64739	1258	0	71566
247	1056	2602	66541	936	0	71135
248	1022	1782	68057	1032	0	71893
249	917	1715	4727	64999	0	72358
250	1217	1478	66208	3537	0	72440
251	994	1148	4377	66352	0	72871
252	843	1475	65733	4187	0	72238
253	62693	1192	4209	2223	0	70317
254	3717	66470	2180	1931	0	74298
255	2055	71858	1706	1238	0	76857
256	1229	4785	71414	1352	0	78780
257	68948	2499	4334	1333	0	77114
258	73458	1531	2068	1714	0	78771
259	74908	1262	1512	1485	0	79167
260	5475	1395	68136	1264	0	76270
261	2478	1283	71632	1106	0	76499
262	1437	1094	5478	69752	0	77761
263	69311	1239	2736	4687	0	77973
264	71818	1431	1871	2550	0	77670
265	5118	1437	68323	1646	0	76524
266	69475	1097	5247	1343	0	77162
267	4625	1072	3113	68723	0	77533
268	2175	1245	69294	4689	0	77403
269	1407	1376	71347	2557	0	76687
270	67860	1173	6282	2037	0	77352
271	4234	1082	70480	1782	0	77578
272	68753	1056	6043	1470	0	77322
273	4916	1230	68747	1615	0	76508
274	2315	66042	5850	1460	0	75667
275	1772	71023	3423	1580	0	77798
276	1680	5217	2853	68078	0	77828
277	2011	2606	2285	72698	0	79600
278	1965	1912	67625	5310	0	76812
279	1679	1704	5236	66268	0	74887
280	1506	65702	3669	4624	0	75501
281	1807	69759	2478	2623	0	76667
282	2106	72214	2045	1892	0	78257
283	2359	5735	1930	68658	0	78682
284	2451	2917	67739	4349	0	77456
285	1969	2299	68918	2228	0	75414
286	1751	1646	5792	66304	0	75493
287	1855	1491	3295	68596	0	75237
288	2051	1293	2668	63680	0	69692
289	2078	65794	2284	5249	0	75405
290	66796	4218	2016	2594	0	75624
291	67336	2378	1901	2075	0	73690
292	5733	65463	2036	1714	0	74946
293	2979	4694	66728	1556	0	75957
294	68292	2788	4655	1481	0	77216
295	4999	2033	67384	1639	0	76055
296	67876	1613	5058	1642	0	76189
297	69689	1438	3223	1707	0	76057
298	70226	1679	2316	1711	0	75932
299	69054	1763	1921	1791	0	74529
300	5909	67360	1871	1918	0	77058
301	59701	4218	1575	1952	0	67446
302	4467	62036	1836	1987	0	70326
303	49607	3461	1500	1624	0	56192
304	3498	48339	1729	1398	0	54964
305	1474	2964	39721	1093	0	45252
306	951	6293	2430	31578	0	41252
307	727	34268	1188	2406	0	38589
308	731	33428	872	1173	0	36204
309	28068	3415	2026	1254	0	34763
310	24109	551	300	380	0	25340
311	1466	23956	312	413	0	26147
312	621	1528	508	22270	0	24927
313	558	25174	448	837	0	27017
314	26361	1070	375	263	0	28069
315	1684	362	25969	204	0	28219
316	1234	1062	1037	23666	0	26999
317	802	188	566	24275	0	25831
318	782	233	295	24572	0	25882
319	544	443	23617	1026	0	25630
320	714	23595	891	364	0	25564
321	704	25202	331	268	0	26505
322	244	887	213	24302	0	25646
323	222	352	23878	808	0	25260
324	205	297	834	23862	0	25198
325	193	267	270	24794	0	25524
326	221	245	216	24812	0	25494
327	213	211	174	24498	0	25096
328	23481	185	208	1002	0	24876
329	792	23444	187	430	0	24853
330	23776	856	230	318	0	25180
331	902	309	23552	281	0	25044
332	342	278	23720	260	0	24600
333	275	237	906	22327	0	23745
334	217	204	347	22607	0	23375
335	200	23420	270	873	0	24763
336	210	795	22922	408	0	24335
337	148	24193	847	634	0	25822
338	181	863	24554	283	0	25881
339	22864	292	863	274	0	24293
340	815	24577	304	261	0	25957
341	313	839	24739	206	0	26097
342	288	335	796	24544	0	25963
343	250	285	24980	858	0	26373
344	211	24575	822	378	0	25986
345	220	854	279	24472	0	25825
346	197	24753	248	870	0	26068
347	286	853	24555	353	0	26047
348	207	330	743	24375	0	25655
349	24584	265	238	828	0	25915
350	810	24006	199	314	0	25329
351	301	839	23406	217	0	24763
352	337	303	676	22165	0	23481
353	203	237	22798	718	0	23956
354	131	177	19181	206	0	19695
355	93	17020	518	157	0	17788
356	26	252	95	14959	0	15332
357	27	89	68	15148	0	15332
358	36	61	56	15959	0	16112
359	46	69	16929	315	0	17359
360	38	76	16783	125	0	17022
361	15291	55	318	107	0	15771
362	255	51	16560	82	0	16948
363	15687	34	295	63	0	16079
364	250	16213	111	75	0	16649
365	77	563	81	15823	0	16544
366	53	16119	65	245	0	16482
367	33	16662	88	129	0	16912
368	38	269	16312	96	0	16715
369	23	114	250	15640	0	16027
370	24	81	16036	285	0	16426
371	31	87	15390	131	0	15639
372	15354	53	297	111	0	15815
373	237	66	16241	99	0	16643
374	87	66	16299	90	0	16542
375	15645	52	333	110	0	16140
376	249	46	16453	106	0	16854
377	84	59	16171	106	0	16420
378	62	59	298	15295	0	15714
379	47	15776	138	261	0	16222
380	42	262	112	16322	0	16738
381	39	103	103	16135	0	16380
382	16127	72	103	344	0	16646
383	253	67	82	15613	0	16015
384	77	16058	97	296	0	16528
385	16295	244	119	133	0	16791
386	251	109	16242	129	0	16731
387	15272	75	319	109	0	15775
388	297	102	17048	74	0	17521
389	98	97	16952	76	0	17223
390	75	17921	379	88	0	18463
391	18607	311	195	89	0	19202
392	294	18227	150	115	0	18786
393	127	349	19049	86	0	19611
394	81	151	357	17409	0	17998
395	49	19583	164	295	0	20091
396	19995	340	123	123	0	20581
397	19919	145	116	85	0	20265
398	382	20507	123	79	0	21091
399	21522	376	87	52	0	22037
400	358	166	109	20616	0	21249
401	118	22130	124	368	0	22740
402	88	360	98	22926	0	23472
403	53	168	115	23577	0	23913
404	24722	117	117	446	0	25402
405	24287	88	107	203	0	24685
406	24277	110	111	126	0	24624
407	590	70	23840	117	0	24617
408	22833	82	395	100	0	23410
409	463	580	191	22916	0	24150
410	195	89	23515	383	0	24182
411	147	91	22940	157	0	23335
412	107	23681	578	138	0	24504
413	21980	366	505	78	0	22929
414	333	22005	91	72	0	22501
415	145	306	40	21459	0	21950
416	94	119	39	22237	0	22489
417	84	72	21929	385	0	22470
418	92	46	326	20394	0	20858
419	89	58	21534	354	0	22035
420	95	53	21017	165	0	21330
421	81	20586	419	100	0	21186
422	51	271	142	20557	0	21021
423	67	120	69	21179	0	21435
424	21101	57	62	358	0	21578
425	315	74	20317	163	0	20869
426	144	54	297	20803	0	21298
427	20921	41	150	330	0	21442
428	291	56	20680	184	0	21211
429	20639	40	303	112	0	21094
430	21374	29	166	105	0	21674
431	407	60	23504	79	0	24050
432	191	56	322	22967	0	23536
433	110	60	153	23976	0	24299
434	117	59	25016	411	0	25603
435	24157	45	341	189	0	24732
436	25508	42	193	136	0	25879
437	24101	54	117	117	0	24389
438	24304	46	118	96	0	24564
439	24044	64	159	105	0	24372
440	504	95	24303	97	0	24999
441	224	73	25089	111	0	25497
442	148	24308	401	165	0	25022
443	180	297	24513	550	0	25540
444	135	131	389	24082	0	24737
445	162	113	226	22127	0	22628
446	168	65	151	25161	0	25545
447	159	70	112	25497	0	25838
448	179	89	25390	479	0	26137
449	178	24278	365	258	0	25079
450	181	26217	222	174	0	26794
451	171	420	139	25259	0	25989
452	132	26553	148	364	0	27197
453	26933	352	142	227	0	27654
454	26164	173	106	151	0	26594
455	504	27256	147	171	0	28078
456	285	335	117	27633	0	28370
457	199	179	130	28042	0	28550
458	185	92	27350	510	0	28137
459	24276	99	401	300	0	25076
460	27601	99	252	181	0	28133
461	551	27650	191	196	0	28588
462	27798	429	134	158	0	28519
463	547	217	29426	169	0	30359
464	292	28611	431	203	0	29537
465	200	30636	252	200	0	31288
466	201	30945	192	203	0	31541
467	175	617	184	30784	0	31760
468	30067	261	157	531	0	31016
469	547	160	154	30892	0	31753
470	284	138	33038	574	0	34034
471	192	153	627	33191	0	34163
472	226	133	35130	766	0	36255
473	184	136	745	33561	0	34626
474	196	182	331	32402	0	33111
475	179	34390	252	739	0	35560
476	36462	728	171	354	0	37715
477	743	267	166	35165	0	36341
478	310	36665	199	915	0	38089
479	37701	700	153	341	0	38895
480	34918	301	207	243	0	35669
481	37533	178	207	257	0	38175
482	877	37525	186	304	0	38892
483	399	727	37077	244	0	38447
484	251	271	764	37143	0	38429
485	252	505	286	35922	0	36965
486	250	36496	211	904	0	37861
487	254	709	36405	353	0	37721
488	242	279	36680	278	0	37479
489	35705	427	769	230	0	37131
490	696	615	284	35371	0	36966
491	352	150	36760	644	0	37906
492	237	37607	683	318	0	38845
493	223	623	258	35977	0	37081
494	323	37951	197	610	0	39081
495	205	635	37354	268	0	38462
496	34896	259	649	241	0	36045
497	37465	182	489	210	0	38346
498	692	36585	171	206	0	37654
499	273	586	135	36917	0	37911
500	247	219	36140	641	0	37247
501	187	34398	592	282	0	35459
502	34791	606	229	262	0	35888
503	603	34005	170	180	0	34958
504	147	34164	86	133	0	34530
505	120	614	76	33887	0	34697
506	110	33866	72	505	0	34553
507	34611	564	67	175	0	35417
508	494	204	59	34325	0	35082
509	171	135	33398	528	0	34232
510	104	138	32807	170	0	33219
511	105	75	486	32840	0	33506
512	66	31533	172	963	0	32734
513	33379	466	119	126	0	34090
514	442	160	80	32727	0	33409
515	147	128	33323	487	0	34085
516	91	122	426	32809	0	33448
517	92	107	131	34157	0	34487
518	33863	103	95	571	0	34632
519	478	104	89	32765	0	33436
520	155	88	32438	494	0	33175
521	122	109	31830	177	0	32238
522	111	98	519	32524	0	33252
523	78	114	174	32639	0	33005
524	91	114	33342	554	0	34101
525	29019	112	521	262	0	29914
526	487	112	33097	180	0	33876
527	174	32421	467	165	0	33227
528	230	486	173	34209	0	35098
529	160	162	33697	495	0	34514
530	126	121	32978	204	0	33429
531	83	258	537	30559	0	31437
532	32053	82	216	529	0	32880
533	477	108	32622	213	0	33420
534	148	30341	540	189	0	31218
535	32557	462	173	165	0	33357
536	495	167	32600	168	0	33430
537	30958	123	505	137	0	31723
538	32844	97	190	151	0	33282
539	530	33079	186	175	0	33970
540	208	461	180	31277	0	32126
541	227	31629	161	471	0	32488
542	123	503	31530	205	0	32361
543	30647	210	468	157	0	31482
544	32812	142	214	171	0	33339
545	609	161	32763	124	0	33657
546	268	134	32222	146	0	32770
547	190	32705	632	152	0	33679
548	34532	517	227	92	0	35368
549	587	204	167	33808	0	34766
550	239	139	165	32524	0	33067
551	143	33020	179	557	0	33899
552	33311	516	152	244	0	34223
553	561	203	33425	214	0	34403
554	208	143	540	35632	0	36523
555	38222	147	235	670	0	39274
556	884	36859	253	303	0	38299
557	326	1281	45596	416	0	47619
558	249	321	47395	138	0	48103
559	187	180	1607	43786	0	45760
560	97	44672	467	1257	0	46493
561	146	1496	45906	276	0	47824
562	94	326	1547	45226	0	47193
563	45022	216	354	1571	0	47163
564	1525	184	45522	328	0	47559
565	328	85	1522	46400	0	48335
566	225	125	47897	1649	0	49896
567	214	145	50290	344	0	50993
568	129	299	1910	49192	0	51530
569	120	151	49946	1705	0	51922
570	40039	77	1731	409	0	42256
571	1435	89	47308	185	0	49017
572	42950	53	1518	153	0	44674
573	1424	45149	467	123	0	47163
574	47918	1384	243	88	0	49633
575	1443	47051	209	121	0	48824
576	372	1480	151	46348	0	48351
577	213	342	115	48904	0	49574
578	159	210	45968	1723	0	48060
579	146	181	46882	433	0	47642
580	81	101	1627	46984	0	48793
581	128	69	47976	1598	0	49771
582	85	86	1651	45760	0	47582
583	86	46613	541	1516	0	48756
584	127	49941	349	462	0	50879
585	97	1797	285	48461	0	50640
586	107	476	231	50438	0	51252
587	131	323	47759	1850	0	50063
588	113	223	1527	46615	0	48478
589	112	46422	455	1697	0	48686
590	98	48076	341	562	0	49077
591	96	47907	261	386	0	48650
592	102	1900	234	43648	0	45884
593	62	44556	267	1498	0	46383
594	43939	1678	282	456	0	46355
595	1487	477	240	44067	0	46271
596	378	295	43527	1667	0	45867
597	207	243	1578	43255	0	45283
598	199	213	44998	1783	0	47193
599	174	212	46264	541	0	47191
600	126	201	46999	402	0	47728
601	143	43989	2006	422	0	46560
602	140	1569	45728	263	0	47700
603	45419	390	1793	257	0	47859
604	47121	295	577	252	0	48245
605	49029	251	469	229	0	49978
606	1882	239	327	47413	0	49861
607	47706	217	331	1696	0	49950
608	1683	45538	347	558	0	48126
609	501	48758	293	447	0	49999
610	49462	1801	343	328	0	51934
611	1712	542	50170	331	0	52755
612	447	373	1653	49819	0	52292
613	313	320	50655	1737	0	53025
614	236	303	50861	579	0	51979
615	169	49018	1971	414	0	51572
616	190	1734	692	47709	0	50325
617	157	519	528	51527	0	52731
618	49962	357	424	1966	0	52709
619	1553	49051	378	772	0	51754
620	466	51848	348	533	0	53195
621	469	1988	50151	412	0	53020
622	288	51147	1654	376	0	53465
623	50956	1889	581	390	0	53816
624	51322	641	518	373	0	52854
625	1889	463	52091	324	0	54767
626	560	398	53253	428	0	54639
627	379	355	2183	50042	0	52959
628	332	325	859	51469	0	52985
629	295	51193	652	1981	0	54121
630	310	1769	570	52017	0	54666
631	296	545	521	52475	0	53837
632	325	50794	440	2129	0	53688
633	310	1827	450	50673	0	53260
634	264	616	459	50353	0	51692
635	290	48614	480	2213	0	51597
636	315	1817	48455	797	0	51384
637	280	605	1798	50274	0	52957
638	50275	446	701	1985	0	53407
639	50066	457	601	633	0	51757
640	2067	447	48133	501	0	51148
641	47504	448	1770	481	0	50203
642	49766	446	594	421	0	51227
643	2001	47794	486	600	0	50881
644	644	1782	47472	527	0	50425
645	443	605	48340	528	0	49916
646	409	644	1902	48506	0	51461
647	49975	620	742	1866	0	53203
648	51563	360	586	631	0	53140
649	1957	381	480	55191	0	58009
650	59610	383	396	2182	0	62571
651	62091	387	405	705	0	63588
652	62972	384	362	590	0	64308
653	2621	431	60896	517	0	64465
654	847	367	61171	441	0	62826
655	57733	218	1879	421	0	60251
656	1925	278	60904	388	0	63495
657	425	51106	1067	185	0	52783
658	244	964	371	52631	0	54210
659	213	363	52714	977	0	54267
660	186	232	51363	286	0	52067
661	157	222	1149	49776	0	51304
662	173	139	51679	947	0	52938
663	179	128	51350	361	0	52018
664	133	44544	1305	254	0	46236
665	127	48451	413	165	0	49156
666	48283	841	178	87	0	49389
667	786	291	121	46644	0	47842
668	46813	141	129	725	0	47808
669	833	116	46521	222	0	47692
670	295	103	748	45441	0	46587
671	173	89	258	47417	0	47937
672	46707	65	179	930	0	47881
673	761	46868	154	411	0	48194
674	282	752	45591	176	0	46801
675	175	293	45997	106	0	46571
676	134	45943	971	152	0	47200
677	129	746	45673	125	0	46673
678	99	45181	825	128	0	46233
679	113	44057	324	104	0	44598
680	140	871	41584	57	0	42652
681	39443	277	709	69	0	40498
682	664	119	228	44804	0	45815
683	249	44570	147	601	0	45567
684	154	631	128	45898	0	46811
685	45552	209	126	699	0	46586
686	45908	120	105	248	0	46381
687	45545	64	147	146	0	45902
688	852	103	45102	84	0	46141
689	296	77	692	44366	0	45431
690	138	44928	317	612	0	45995
691	48102	629	189	190	0	49110
692	676	226	145	47649	0	48696
693	243	169	131	47252	0	47795
694	145	108	106	49109	0	49468
695	131	121	46020	908	0	47180
696	42673	85	674	380	0	43812
697	737	45915	267	223	0	47142
698	307	633	166	46462	0	47568
699	227	208	116	47109	0	47660
700	46017	123	155	886	0	47181
701	815	122	45391	304	0	46632
702	343	97	46670	179	0	47289
703	204	44877	1045	184	0	46310
704	146	744	47120	125	0	48135
705	41203	268	934	151	0	42556
706	688	46331	406	205	0	47630
707	256	825	47863	120	0	49064
708	42021	297	994	172	0	43484
709	868	196	50024	136	0	51224
710	307	48165	981	154	0	49607
711	212	869	341	48506	0	49928
712	194	350	202	50906	0	51652
713	211	212	49969	1020	0	51412
714	231	182	49600	402	0	50415
715	224	48568	1056	285	0	50133
716	48555	829	454	179	0	50017
717	779	50173	318	225	0	51495
718	311	953	225	50599	0	52088
719	255	377	49939	888	0	51459
720	44988	243	948	368	0	46547
721	917	169	395	48861	0	50342
722	336	47327	339	885	0	48887
723	197	50097	305	385	0	50984
724	152	1019	289	50215	0	51675
725	158	454	195	51158	0	51965
726	49729	308	199	1103	0	51339
727	877	238	183	49752	0	51050
728	373	196	49413	1049	0	51031
729	47556	140	924	467	0	49087
730	49487	154	415	300	0	50356
731	1091	179	48777	250	0	50297
732	46765	174	946	211	0	48096
733	1050	189	350	50309	0	51898
734	444	186	247	50545	0	51422
735	299	170	251	51495	0	52215
736	270	163	221	49532	0	50186
737	172	48224	258	1188	0	49842
738	50399	933	232	463	0	52027
739	52351	376	214	355	0	53296
740	1193	306	55224	319	0	57042
741	56454	175	1156	298	0	58083
742	60576	168	585	248	0	61577
743	61264	193	273	240	0	61970
744	64477	183	239	212	0	65111
745	1844	63269	231	246	0	65590
746	561	1402	129	63410	0	65502
747	427	423	62472	1482	0	64804
748	687	302	60220	463	0	61672
749	52797	111	1879	242	0	55029
750	54141	91	334	118	0	54684
751	1273	50143	212	393	0	52021
752	54992	972	125	106	0	56195
753	1142	55317	123	111	0	56693
754	390	1072	62	55122	0	56646
755	56998	277	95	1082	0	58452
756	55148	175	123	294	0	55740
757	55231	120	90	171	0	55612
758	1409	53719	113	160	0	55401
759	55832	1069	108	153	0	57162
760	1360	281	74	56594	0	58309
761	59198	173	123	1118	0	60612
762	1436	193	56436	340	0	58405
763	507	55408	1055	248	0	57218
764	58656	1095	265	151	0	60167
765	1394	340	59208	147	0	61089
766	503	230	1124	58825	0	60682
767	449	163	60663	1171	0	62446
768	399	229	60538	327	0	61493
769	404	154	1312	59653	0	61523
770	422	155	62226	1179	0	63982
771	311	181	1244	61980	0	63716
772	324	152	383	63848	0	64707
773	61820	133	335	1419	0	63707
774	1300	61125	262	643	0	63330
775	562	63927	251	406	0	65146
776	398	65672	242	340	0	66652
777	563	1545	64810	308	0	67226
778	423	486	1262	64720	0	66891
779	425	361	67219	1325	0	69330
780	62417	230	1384	465	0	64496
781	66069	247	486	291	0	67093
782	1604	66661	364	347	0	68976
783	674	1285	296	66496	0	68751
784	489	67634	288	1242	0	69653
785	69079	1393	284	427	0	71183
786	1481	508	228	68423	0	70640
787	620	400	67339	1424	0	69783
788	415	64737	1437	532	0	67121
789	527	1387	66381	362	0	68657
790	456	467	1416	65882	0	68221
791	431	376	66718	1459	0	68984
792	61937	341	1474	527	0	64279
793	1563	372	67465	364	0	69764
794	584	66212	1511	418	0	68725
795	469	1389	573	67058	0	69489
796	505	484	428	69769	0	71186
797	68435	374	342	1675	0	70826
798	67898	339	392	607	0	69236
799	1662	65065	395	534	0	67656
800	712	1367	65872	417	0	68368
801	577	535	65634	423	0	67169
802	64248	390	1654	352	0	66644
803	1551	356	65436	340	0	67683
804	681	381	63887	359	0	65308
805	548	359	65011	306	0	66224
806	515	338	64029	381	0	65263
807	418	63575	1764	416	0	66173
808	64984	1273	791	332	0	67380
809	1379	494	599	62563	0	65035
810	63996	374	536	1282	0	66188
811	1478	62325	511	583	0	64897
812	63018	1356	453	465	0	65292
813	1513	63218	447	420	0	65598
814	689	1442	474	62175	0	64780
815	527	64145	512	1616	0	66800
816	590	1556	62214	508	0	64868
817	458	65406	1561	413	0	67838
818	480	1590	698	73253	0	76021
819	73682	641	620	1707	0	76650
820	1819	522	518	73355	0	76214
821	858	512	73279	1790	0	76439
822	642	510	1712	70634	0	73498
823	530	72449	789	1740	0	75508
824	558	1785	73348	722	0	76413
825	72436	761	1820	540	0	75557
826	1822	541	835	76789	0	79987
827	77514	478	696	1883	0	80571
828	77319	493	656	777	0	79245
829	2022	77265	713	658	0	80658
830	79651	1726	592	584	0	82553
831	79697	720	574	545	0	81536
832	2126	77603	659	506	0	80894
833	929	1770	506	79068	0	82273
834	663	1164	518	78940	0	81285
835	544	78156	585	2004	0	81289
836	546	1806	495	81305	0	84152
837	525	808	78966	2059	0	82358
838	558	714	1768	78825	0	81865
839	560	536	77538	2057	0	80691
840	531	528	71436	823	0	73318
841	783	69205	1846	690	0	72524
842	385	70200	790	513	0	71888
843	730	71969	966	450	0	74115
844	838	1480	387	68001	0	70706
845	274	658	68614	1169	0	70715
846	64762	393	1179	1054	0	67388
847	1167	307	524	71005	0	73003
848	503	344	72102	1257	0	74206
849	380	385	71181	560	0	72506
850	313	71233	1460	433	0	73439
851	302	1273	596	73216	0	75387
852	69927	552	410	1111	0	72000
853	1077	67062	375	1087	0	69601
854	424	68842	311	436	0	70013
855	292	68245	317	472	0	69326
856	211	1390	313	68308	0	70222
857	206	69440	320	1201	0	71167
858	239	1264	298	77677	0	79478
859	240	591	293	79591	0	80715
860	270	433	74862	1985	0	77550
861	63571	394	1854	846	0	66665
862	1705	385	77819	425	0	80334
863	497	399	1714	77772	0	80382
864	368	410	76724	1903	0	79405
865	221	74855	1860	690	0	77626
866	78181	1813	621	472	0	81087
867	1722	603	528	75192	0	78045
868	535	366	368	79148	0	80417
869	77791	327	336	2088	0	80542
870	76960	293	327	771	0	78351
871	77353	272	336	521	0	78482
872	2162	336	73599	395	0	76492
873	69787	281	1572	390	0	72030
874	1822	72700	549	336	0	75407
875	649	74476	342	366	0	75833
876	431	1979	354	71613	0	74377
877	367	719	223	70434	0	71743
878	337	69273	229	1994	0	71833
879	328	1773	204	70811	0	73116
880	69144	589	249	1977	0	71959
881	1765	515	67609	738	0	70627
882	596	67480	1588	601	0	70265
883	65982	1724	548	441	0	68695
884	1552	67264	422	541	0	69779
885	554	1820	66979	430	0	69783
886	403	693	1602	66452	0	69150
887	416	543	66973	1807	0	69739
888	344	66348	1745	814	0	69251
889	679	1733	559	68813	0	71784
890	372	674	67150	1839	0	70035
891	393	546	68059	669	0	69667
892	394	444	1874	68283	0	70995
893	68561	419	745	1816	0	71541
894	68815	394	453	706	0	70368
895	69607	357	395	578	0	70937
896	2142	443	68753	492	0	71830
897	768	69169	1687	524	0	72148
898	509	1762	589	69705	0	72565
899	459	660	459	70090	0	71668
900	382	70544	384	1984	0	73294
901	71198	1812	371	813	0	74194
902	1756	677	336	72589	0	75358
903	662	532	70815	1998	0	74007
904	501	70313	1672	866	0	73352
905	69284	1778	652	641	0	72355
906	1726	70391	546	678	0	73341
907	647	1859	535	68906	0	71947
908	496	708	497	70109	0	71810
909	498	603	499	70242	0	71842
910	458	582	67459	2228	0	70727
911	482	489	1717	65940	0	68628
912	473	65692	810	2014	0	68989
913	537	66702	599	999	0	68837
914	624	1985	64051	779	0	67439
915	61363	732	1751	699	0	64545
916	65593	549	712	642	0	67496
917	2035	63187	531	678	0	66431
918	58122	1401	312	504	0	60339
919	57999	497	324	474	0	59294
920	1669	57397	361	557	0	59984
921	786	1673	332	57539	0	60330
922	622	592	59597	1510	0	62321
923	596	568	55952	618	0	57734
924	57585	472	1629	559	0	60245
925	1608	57960	591	588	0	60747
926	577	1678	430	59044	0	61729
927	497	647	355	59401	0	60900
928	530	496	373	59011	0	60410
929	57013	500	371	1994	0	59878
930	1726	473	351	56309	0	58859
931	694	457	332	57795	0	59278
932	589	502	55065	1894	0	58050
933	51837	439	1464	777	0	54517
934	1650	55010	576	605	0	57841
935	55459	1577	435	491	0	57962
936	1579	53780	445	511	0	56315
937	857	1601	415	54937	0	57810
938	55427	587	426	1644	0	58084
939	56233	456	433	659	0	57781
940	1685	473	53401	559	0	56118
941	54857	391	1439	532	0	57219
942	1678	400	57497	523	0	60098
943	627	383	56319	482	0	57811
944	545	402	56445	481	0	57873
945	537	364	59990	446	0	61337
946	465	990	1870	63970	0	67295
947	510	392	64011	2087	0	67000
948	381	391	2081	63241	0	66094
949	62413	347	693	2326	0	65779
950	2016	403	537	62510	0	65466
951	59436	419	450	2408	0	62713
952	2009	60169	411	1867	0	64456
953	751	1928	1115	61369	0	65163
954	977	801	55645	2246	0	59669
955	520	60784	1715	892	0	63911
956	602	1975	486	59427	0	62490
957	568	638	57935	2126	0	61267
958	261	52101	1411	589	0	54362
959	243	54064	420	516	0	55243
960	399	1678	53690	369	0	56136
961	349	1788	1505	50801	0	54443
962	95	312	49671	1387	0	51465
963	47545	140	1539	385	0	49609
964	50971	80	504	285	0	51840
965	1583	49350	358	225	0	51516
966	51027	1307	243	166	0	52743
967	1628	419	167	51395	0	53609
968	563	325	48832	1442	0	51162
969	47409	183	1429	571	0	49592
970	1565	165	47391	424	0	49545
971	518	48345	1610	316	0	50789
972	50274	1399	522	257	0	52452
973	1558	453	389	50453	0	52853
974	547	378	49733	1485	0	52143
975	49725	255	1484	551	0	52015
976	49732	222	569	401	0	50924
977	50186	175	424	316	0	51101
978	1944	163	323	49037	0	51467
979	760	160	297	50829	0	52046
980	541	232	47672	1863	0	50308
981	341	48235	1499	794	0	50869
982	284	1448	545	47517	0	49794
983	257	479	413	50854	0	52003
984	262	364	48782	1943	0	51351
985	294	253	48583	734	0	49864
986	289	205	1833	48947	0	51274
987	47249	173	798	1700	0	49920
988	1475	47845	562	715	0	50597
989	47873	1455	444	484	0	50256
990	1631	48062	394	429	0	50516
991	724	1631	46999	324	0	49678
992	533	639	48472	318	0	49962
993	46595	451	1995	320	0	49361
994	52710	307	846	334	0	54197
995	2174	51671	654	453	0	54952
996	986	1730	49723	427	0	52866
997	746	613	1894	49014	0	52267
998	609	508	774	48250	0	50141
999	506	49688	643	2171	0	53008
1000	406	1855	493	50928	0	53682
1001	358	731	49719	2326	0	53134
1002	47723	551	1959	1056	0	51289
1003	49707	429	844	802	0	51782
1004	49542	407	696	590	0	51235
1005	51222	351	604	544	0	52721
1006	2828	355	48043	528	0	51754
1007	49157	315	2073	448	0	51993
1008	2575	338	47782	450	0	51145
1009	1180	47861	2260	465	0	51766
1010	893	1851	1091	49667	0	53502
1011	49746	742	928	1921	0	53337
1012	2166	634	715	54815	0	58330
1013	1048	498	53584	2596	0	57726
1014	54067	463	2330	1091	0	57951
1015	55877	433	1008	881	0	58199
1016	2964	376	788	54040	0	58168
1017	1367	384	661	56297	0	58709
1018	1049	464	51957	2940	0	56410
1019	779	53679	2258	1410	0	58126
1020	54114	2240	983	985	0	58322
1021	2589	956	51164	751	0	55460
1022	48427	663	2144	607	0	51841
1023	2574	50945	1075	580	0	55174
1024	50236	2148	868	434	0	53686
1025	2768	49364	690	460	0	53282
1026	1424	51955	627	481	0	54487
1027	1161	2802	617	49769	0	54349
1028	917	1262	553	52803	0	55535
1029	822	857	588	53572	0	55839
1030	782	601	571	54809	0	56763
1031	790	511	50475	3347	0	55123
1032	50729	419	2261	1646	0	55055
1033	53219	374	986	1241	0	55820
1034	54875	351	860	930	0	57016
1035	3373	369	717	52227	0	56686
1036	1804	351	672	54397	0	57224
1037	53252	368	590	3001	0	57211
1038	53282	397	533	1500	0	55712
1039	53783	415	550	1097	0	55845
1040	3326	429	648	50845	0	55248
1041	1678	709	544	50416	0	53347
1042	1324	384	44355	2737	0	48800
1043	964	372	44307	1341	0	46984
1044	783	44724	2463	986	0	48956
1045	35645	3187	2272	2328	0	43432
1046	35311	572	468	438	0	36789
1047	36904	347	350	405	0	38006
1048	1957	291	36483	373	0	39104
1049	36610	220	1253	435	0	38518
1050	37789	210	544	420	0	38963
1051	38029	176	415	405	0	39025
1052	2072	175	330	36342	0	38919
1053	1129	150	308	36521	0	38108
1054	821	165	306	37108	0	38400
1055	717	210	33612	1933	0	36472
1056	32662	193	1179	975	0	35009
1057	1627	34702	604	669	0	37602
1058	31887	1084	304	432	0	33707
1059	1484	30661	276	837	0	33258
1060	766	31693	223	352	0	33034
1061	611	1215	177	31169	0	33172
1062	484	585	185	30924	0	32178
1063	422	30689	197	1307	0	32615
1064	30508	1031	187	607	0	32333
1065	30809	453	199	472	0	31933
1066	1355	269	208	29288	0	31120
1067	747	186	28939	1223	0	31095
1068	614	169	28750	610	0	30143
1069	579	182	29684	455	0	30900
1070	610	140	29627	355	0	30732
1071	28400	154	1211	265	0	30030
1072	29083	134	493	317	0	30027
1073	1410	111	361	27907	0	29789
1074	754	132	27300	1105	0	29291
1075	534	173	946	27343	0	28996
1076	479	28057	467	1006	0	30009
1077	485	32089	310	524	0	33408
1078	32649	1093	237	491	0	34470
1079	32994	496	174	450	0	34114
1080	33746	361	232	404	0	34743
1081	1392	280	221	32948	0	34841
1082	769	268	219	33811	0	35067
1083	697	230	210	33952	0	35089
1084	663	158	138	33990	0	34949
1085	618	156	32633	1463	0	34870
1086	503	138	826	32958	0	34425
1087	33686	115	437	1355	0	35593
1088	1166	138	383	33753	0	35440
1089	656	182	270	34198	0	35306
1090	602	718	288	33549	0	35157
1091	507	31661	277	1448	0	33893
1092	484	32041	252	783	0	33560
1093	390	31708	214	548	0	32860
1094	333	799	139	27751	0	29022
1095	314	291	121	28281	0	29007
1096	28485	216	120	925	0	29746
1097	28313	163	127	476	0	29079
1098	29196	153	123	384	0	29856
1099	946	170	126	28618	0	29860
1100	496	151	118	28742	0	29507
1101	467	26809	144	816	0	28236
1102	440	28982	114	421	0	29957
1103	29342	671	117	344	0	30474
1104	836	244	129	29223	0	30432
1105	29593	152	151	872	0	30768
1106	31739	128	170	461	0	32498
1107	915	127	189	30371	0	31602
1108	436	30647	173	804	0	32060
1109	31845	689	119	420	0	33073
1110	33044	264	116	323	0	33747
1111	985	200	34276	324	0	35785
1112	29905	94	280	120	0	30399
1113	478	30067	135	131	0	30811
1114	313	319	60	31698	0	32390
1115	35399	142	55	435	0	36031
1116	495	118	79	34496	0	35188
1117	262	62	99	34855	0	35278
1118	162	34296	107	639	0	35204
1119	34913	411	86	310	0	35720
1120	34888	186	57	217	0	35348
1121	666	33682	66	199	0	34613
1122	312	36407	64	190	0	36973
1123	36757	296	18	39	0	37110
1124	36143	121	25	42	0	36331
1125	372	99	34638	54	0	35163
1126	165	82	31975	26	0	32248
1127	101	67	35013	25	0	35206
1128	47	27	318	34886	0	35278
1129	45	20	128	36018	0	36211
1130	63	30	35573	297	0	35963
1131	34224	21	241	147	0	34633
1132	36779	19	95	77	0	36970
1133	37205	34	53	40	0	37332
1134	36475	19	24	52	0	36570
1135	379	39	40065	34	0	40517
1136	41242	30	221	33	0	41526
1137	43043	23	92	25	0	43183
1138	42652	30	71	26	0	42779
1139	42741	18	41	30	0	42830
1140	42393	24	47	40	0	42504
1141	391	47	44037	51	0	44526
1142	183	42118	265	71	0	42637
1143	125	207	104	44335	0	44771
1144	97	88	59	44857	0	45101
1145	96	71	44147	310	0	44624
1146	39552	48	237	144	0	39981
1147	285	39	102	41404	0	41830
1148	170	46	42873	264	0	43353
1149	147	77	40880	127	0	41231
1150	108	41218	353	107	0	41786
1151	118	224	138	43918	0	44398
1152	93	102	87	45236	0	45518
1153	83	80	64	44981	0	45208
1154	46360	36	68	351	0	46815
1155	278	40	61	45842	0	46221
1156	160	39	45991	340	0	46530
1157	125	95	41978	167	0	42365
1158	132	58	49012	126	0	49328
1159	110	43	360	49573	0	50086
1160	52745	25	171	275	0	53216
1161	312	47	52490	129	0	52978
1162	50675	34	274	105	0	51088
1163	60063	29	139	68	0	60299
1164	393	30	93	59356	0	59872
1165	224	20	68	59961	0	60273
1166	153	58683	87	555	0	59478
1167	161	275	59714	194	0	60344
1168	57460	103	304	129	0	57996
1169	346	68	144	62597	0	63155
1170	167	61382	134	358	0	62041
1171	142	305	70	63710	0	64227
1172	120	135	63218	398	0	63871
1173	116	83	330	61334	0	61863
1174	107	60850	202	402	0	61561
1175	98	311	118	63048	0	63575
1176	61491	119	103	394	0	62107
1177	368	85	60	61730	0	62243
1178	170	60786	109	422	0	61487
1179	124	62205	98	264	0	62691
1180	61127	363	86	157	0	61733
1181	391	199	62865	110	0	63565
1182	193	93	296	62170	0	62752
1183	135	62	141	65407	0	65745
1184	110	70	65141	486	0	65807
1185	95	62540	386	317	0	63338
1186	147	353	65080	180	0	65760
1187	278	139	549	63804	0	64770
1188	79	69632	199	364	0	70274
1189	74569	305	103	146	0	75123
1190	331	71379	119	170	0	71999
1191	151	74986	118	120	0	75375
1192	79504	365	84	86	0	80039
1193	80184	174	71	109	0	80538
1194	82153	86	72	98	0	82409
1195	426	65	56	81440	0	81987
1196	218	79	80520	370	0	81187
1197	78127	72	346	177	0	78722
1198	85987	53	153	141	0	86334
1199	626	51	112	90227	0	91016
1200	232	86	90908	722	0	91948
1201	128	87932	685	267	0	89012
1202	91737	692	158	165	0	92752
1203	96147	160	103	114	0	96524
1204	792	93707	128	183	0	94810
1205	232	96031	85	142	0	96490
1206	96688	797	52	67	0	97604
1207	95468	205	57	95	0	95825
1208	96152	130	60	89	0	96431
1209	871	105	53	94958	0	95987
1210	277	129	95763	773	0	96942
1211	181	63	679	92043	0	92966
1212	172	119	93621	832	0	94744
1213	116	88673	707	264	0	89760
1214	108	92246	181	606	0	93141
1215	81	627	60	89873	0	90641
1216	96	134	46	92449	0	92725
1217	95	98	45	91286	0	91524
1218	87	90872	89	674	0	91722
1219	92591	611	61	167	0	93430
1220	89814	134	71	130	0	90149
1221	640	94624	83	213	0	95560
1222	182	649	42	93428	0	94301
1223	159	93309	53	630	0	94151
1224	136	714	33	94586	0	95469
1225	131	93889	64	682	0	94766
1226	95575	649	49	168	0	96441
1227	654	165	50	93570	0	94439
1228	205	149	92217	668	0	93239
1229	90227	106	578	191	0	91102
1230	92977	95	113	193	0	93378
1231	736	156	93722	148	0	94762
1232	191	115	588	93236	0	94130
1233	174	167	95690	700	0	96731
1234	102	131	610	95264	0	96107
1235	147	155	92562	752	0	93616
1236	85813	150	647	228	0	86838
1237	664	132	113	91166	0	92075
1238	186	86454	1734	718	0	89092
1239	94089	681	112	189	0	95071
1240	759	224	57	93213	0	94253
1241	198	182	70	92642	0	93092
1242	227	164	90741	822	0	91954
1243	165	159	632	92741	0	93697
1244	228	166	96720	987	0	98101
1245	219	188	98822	287	0	99516
1246	170	168	956	102528	0	103822
1247	237	155	108619	1007	0	110018
1248	105724	141	1127	289	0	107281
1249	129570	111	296	235	0	130212
1250	141776	164	222	251	0	142413
1251	2936	146450	270	358	0	150014
1252	1147	2646	190	150437	0	154420
1253	708	917	178	147768	0	149571
1254	459	151499	215	3224	0	155397
1255	151701	2919	266	1203	0	156089
1256	2841	992	123	151293	0	155249
1257	1033	694	152454	3249	0	157430
1258	818	563	142924	1201	0	145506
1259	496	142151	3547	918	0	147112
1260	147621	2803	1298	517	0	152239
1261	3215	999	144502	445	0	149161
1262	132146	648	3341	460	0	136595
1263	3211	131093	1451	585	0	136340
1264	1268	2697	139433	416	0	143814
1265	856	1032	137989	345	0	140222
1266	651	726	138745	383	0	140505
1267	461	130702	4372	556	0	136091
1268	1017	2867	136313	319	0	140516
1269	133952	924	3654	317	0	138847
1270	2966	673	1489	137518	0	142646
1271	1149	472	895	142018	0	144534
1272	846	394	619	143675	0	145534
1273	671	383	430	145209	0	146693
1274	636	472	139621	4413	0	145142
1275	501	372	2954	139723	0	143550
1276	475	347	1164	145313	0	147299
1277	138872	364	900	4260	0	144396
1278	140828	434	733	1801	0	143796
1279	137437	416	704	2003	0	140560
1280	4375	669	131852	965	0	137861
1281	1884	135466	3214	845	0	141409
1282	1235	144632	1333	805	0	148005
1283	134781	4120	954	733	0	140588
1284	3198	142161	883	746	0	146988
1285	1324	3957	790	141951	0	148022
1286	947	1608	708	147653	0	150916
1287	865	1151	139306	4435	0	145757
1288	695	131133	3829	2007	0	137664
1289	722	3450	133921	1246	0	139339
1290	129127	1332	4056	1006	0	135521
1291	136510	893	1833	767	0	140003
1292	4367	704	1302	133548	0	139921
1293	1884	645	1012	133516	0	137057
1294	1225	600	911	134167	0	136903
1295	912	528	822	135608	0	137870
1296	852	533	129408	5508	0	136301
1297	713	757	3348	129610	0	134428
1298	737	472	126579	4731	0	132519
1299	806	562	119156	2323	0	122847
1300	686	119928	4273	1790	0	126677
1301	123127	3199	1990	1290	0	129606
1302	3523	125342	1432	1183	0	131480
1303	1439	4234	992	124695	0	131360
1304	1239	1648	129119	4120	0	136126
1305	126295	1136	4139	1803	0	133373
1306	4503	916	127759	1815	0	134993
1307	130390	740	4608	1152	0	136890
1308	135129	756	2073	1064	0	139022
1309	5514	734	1461	137324	0	145033
1310	2547	730	1240	137743	0	142260
1311	1806	826	1115	141549	0	145296
1312	1398	959	130177	6623	0	139157
1313	129571	867	4790	3056	0	138284
1314	5016	129124	2057	2215	0	138412
1315	2207	4637	1472	134882	0	143198
1316	134800	1750	1275	5519	0	143344
1317	138059	1358	1260	2532	0	143209
1318	139696	1090	1201	2085	0	144072
1319	7233	1128	131280	1909	0	141550
1320	135140	1118	5197	1936	0	143391
1321	137111	1267	2226	2068	0	142672
1322	6995	1113	124118	2241	0	134467
1323	3269	1119	134816	1928	0	141132
1324	2350	1102	6651	134711	0	144814
1325	2063	879	132189	6070	0	141201
1326	1508	127186	6930	2816	0	138440
1327	1547	136956	3747	1883	0	144133
1328	130063	6380	2617	1392	0	140452
1329	5788	135347	2066	1650	0	144851
1330	2975	6026	1920	137519	0	148440
1331	128395	2424	1997	5794	0	138610
1332	5726	134774	1660	3688	0	145848
1333	2333	5817	1868	135312	0	145330
1334	1880	2199	2104	139755	0	145938
1335	1665	1662	131254	7680	0	142261
1336	1478	1316	5956	134420	0	143170
1337	1611	1255	131713	7533	0	142112
1338	1848	940	132448	3898	0	139134
1339	1899	826	6570	129416	0	138711
1340	1724	866	2796	136010	0	141396
1341	131032	849	1997	8124	0	142002
1342	5935	141600	1819	4337	0	153691
1343	2707	5673	1613	138016	0	148009
1344	2276	3207	1410	143300	0	150193
1345	131317	1701	1074	8531	0	142623
1346	6769	127973	1225	4405	0	140372
1347	3253	126180	1263	2898	0	133594
1348	2372	119254	1123	2493	0	125242
1349	1279	105098	967	1381	0	108725
1350	81220	4718	1977	852	0	88767
1351	82421	1608	571	767	0	85367
1352	79094	988	372	613	0	81067
1353	80583	621	352	649	0	82205
1354	4579	494	375	77382	0	82830
1355	1740	591	74090	3602	0	80023
1356	1123	73210	3216	2048	0	79597
1357	779	3305	1020	75396	0	80500
1358	675	1662	73993	3605	0	79935
1359	668	796	3391	74390	0	79245
1360	656	578	1055	77465	0	79754
1361	680	521	73720	4350	0	79271
1362	643	533	3408	74617	0	79201
1363	669	565	1173	77329	0	79736
1364	75103	494	907	4552	0	81056
1365	76849	548	669	1909	0	79975
1366	76645	563	488	1443	0	79139
1367	76390	538	507	1140	0	78575
1368	4915	535	488	72318	0	78256
1369	2206	467	495	75496	0	78664
1370	1505	515	635	75489	0	78144
1371	71405	600	672	5017	0	77694
1372	4039	727	501	73209	0	78476
1373	1729	510	625	75875	0	78739
1374	1641	571	67772	5045	0	75029
1375	1269	966	3337	68043	0	73615
1376	1208	66708	1342	4486	0	73744
1377	1082	72085	1112	2150	0	76429
1378	67602	3851	661	1953	0	74067
1379	4076	1399	65814	1570	0	72859
1380	1843	65668	3228	1308	0	72047
1381	64639	3226	1690	1181	0	70736
1382	4172	1100	921	64044	0	70237
1383	1725	928	61296	3843	0	67792
1384	1299	1189	3125	59084	0	64697
1385	1162	62495	1098	3856	0	68611
1386	60977	3337	874	1823	0	67011
1387	3610	63213	703	1633	0	69159
1388	64717	3655	580	1556	0	70508
1389	67290	1342	654	1451	0	70737
1390	4393	1051	637	65100	0	71181
1391	1711	926	541	64405	0	67583
1392	1330	63622	548	4485	0	69985
1393	65596	3619	627	2101	0	71943
1394	3994	1400	63903	1663	0	70960
1395	63177	1314	3417	1204	0	69112
1396	65800	1059	1036	1265	0	69160
1397	4737	785	60572	1310	0	67404
1398	1864	1120	3284	58993	0	65261
1399	59954	1265	1219	4036	0	66474
1400	3824	731	59074	1948	0	65577
1401	1608	917	57209	1573	0	61307
1402	52598	705	3207	1175	0	57685
1403	3149	51966	1386	1123	0	57624
1404	1510	50040	858	785	0	53193
1405	1322	3209	535	48579	0	53645
1406	999	1413	47906	2978	0	53296
1407	45602	949	2346	1341	0	50238
1408	2930	825	43949	1459	0	49163
1409	1240	40525	2100	724	0	44589
1410	41238	1963	1056	711	0	44968
1411	2471	898	764	40714	0	44847
1412	41283	691	724	2171	0	44869
1413	2446	590	39130	1089	0	43255
1414	1316	467	1805	39232	0	42820
1415	1141	40051	885	1980	0	44057
1416	841	1890	919	39586	0	43236
1417	850	852	638	41573	0	43913
1418	988	811	38608	2386	0	42793
1419	800	37022	1808	1270	0	40900
1420	774	37896	828	970	0	40468
1421	799	1919	35825	740	0	39283
1422	33069	946	1875	607	0	36497
1423	35191	704	877	572	0	37344
1424	2058	584	795	33396	0	36833
1425	33517	572	611	1758	0	36458
1426	2169	31483	491	1018	0	35161
1427	988	34066	596	990	0	36640
1428	34304	1961	397	714	0	37376
1429	1954	958	495	32936	0	36343
1430	32564	715	384	1919	0	35582
1431	34239	477	308	934	0	35958
1432	2181	417	310	31983	0	34891
1433	1209	421	30630	1911	0	34171
1434	31072	532	1611	804	0	34019
1435	32434	620	605	789	0	34448
1436	2142	539	596	30622	0	33899
1437	1239	30766	542	1819	0	34366
1438	1008	1541	367	31957	0	34873
1439	756	683	30312	1982	0	33733
1440	672	606	29714	958	0	31950
1441	736	29887	1719	858	0	33200
1442	272	1364	292	16909	0	18837
1443	235	246	195	17720	0	18396
1444	247	205	17002	785	0	18239
1445	16266	180	628	317	0	17391
1446	17497	153	263	264	0	18177
1447	17115	160	230	184	0	17689
1448	16861	154	182	184	0	17381
1449	895	15903	169	207	0	17174
1450	419	17197	178	215	0	18009
1451	18071	717	151	219	0	19158
1452	772	242	140	17621	0	18775
1453	372	168	139	18604	0	19283
1454	328	17837	121	809	0	19095
1455	284	700	120	18393	0	19497
1456	242	281	121	18191	0	18835
1457	220	17731	137	833	0	18921
1458	252	725	17469	358	0	18804
1459	202	266	649	18183	0	19300
1460	17828	227	227	823	0	19105
1461	18617	194	206	382	0	19399
1462	863	164	17581	327	0	18935
1463	407	177	17409	255	0	18248
1464	319	155	17467	212	0	18153
1465	295	149	792	16901	0	18137
1466	277	150	17025	777	0	18229
1467	286	181	17844	308	0	18619
1468	282	275	790	16813	0	18160
1469	340	18054	348	678	0	19420
1470	288	679	17833	301	0	19101
1471	242	18193	714	280	0	19429
1472	17710	715	254	252	0	18931
1473	684	17925	228	281	0	19118
1474	652	730	172	17886	0	19440
1475	17745	289	157	759	0	18950
1476	718	204	206	17560	0	18688
1477	305	180	178	18375	0	19038
1478	282	166	17354	870	0	18672
1479	266	16591	610	385	0	17852
1480	229	17797	275	296	0	18597
1481	194	718	274	17331	0	18517
1482	181	289	244	17786	0	18500
1483	183	207	206	18127	0	18723
1484	187	156	17291	945	0	18579
1485	145	140	15556	384	0	16225
1486	14218	136	580	292	0	15226
1487	432	133	14693	209	0	15467
1488	176	135	14785	158	0	15254
1489	137	13052	493	168	0	13850
1490	115	377	175	12929	0	13596
1491	163	157	13156	384	0	13860
1492	122	103	383	12935	0	13543
1493	113	98	12888	441	0	13540
1494	109	72	386	12647	0	13214
1495	106	91	13963	456	0	14616
1496	77	66	423	13792	0	14358
1497	90	111	171	13986	0	14358
1498	87	13952	145	490	0	14674
1499	66	378	122	13862	0	14428
1500	68	14715	123	475	0	15381
1501	71	406	137	15265	0	15879
1502	52	164	165	15468	0	15849
1503	14893	119	143	553	0	15708
1504	399	106	137	15035	0	15677
1505	160	81	14699	522	0	15462
1506	93	105	432	14251	0	14881
1507	79	88	232	14734	0	15133
1508	62	85	14254	573	0	14974
1509	84	106	13935	285	0	14410
1510	85	73	505	13337	0	14000
1511	63	114	241	14026	0	14444
1512	77	95	13862	562	0	14596
1513	70	13462	474	291	0	14297
1514	57	14105	210	283	0	14655
1515	13594	439	175	670	0	14878
1516	329	167	98	13633	0	14227
1517	13890	112	85	429	0	14516
1518	13742	97	93	209	0	14141
1519	379	13468	113	209	0	14169
1520	13908	343	95	193	0	14539
1521	13781	124	104	381	0	14390
1522	410	89	13491	180	0	14170
1523	140	87	386	13378	0	13991
1524	106	71	13588	445	0	14210
1525	50	51	397	13757	0	14255
1526	51	59	13590	494	0	14194
1527	50	12774	366	212	0	13402
1528	37	13118	164	138	0	13457
1529	58	304	117	13506	0	13985
1530	13062	127	95	328	0	13612
1531	265	92	102	12791	0	13250
1532	118	79	88	13008	0	13293
1533	92	56	12942	444	0	13534
1534	80	49	12916	257	0	13302
1535	83	54	12750	187	0	13074
1536	45	70	419	12472	0	13006
1537	50	77	222	12610	0	12959
1538	53	13063	161	432	0	13709
1539	46	14412	151	246	0	14855
1540	13799	383	103	178	0	14463
1541	282	13968	109	160	0	14519
1542	103	390	13773	147	0	14413
1543	78	169	351	13762	0	14360
1544	69	114	14614	406	0	15203
1545	61	14675	386	205	0	15327
1546	31	355	153	15072	0	15611
1547	14725	100	142	452	0	15419
1548	314	86	14432	205	0	15037
1549	96	14183	364	197	0	14840
1550	81	324	13909	165	0	14479
1551	56	13733	378	152	0	14319
1552	385	384	509	12789	0	14067
1553	12874	111	81	316	0	13382
1554	12769	79	81	129	0	13058
1555	291	12542	73	124	0	13030
1556	12890	262	61	114	0	13327
1557	303	86	66	12630	0	13085
1558	12861	70	81	311	0	13323
1559	303	79	13142	151	0	13675
1560	114	72	14776	113	0	15075
1561	93	53	343	13790	0	14279
1562	50	51	144	15788	0	16033
1563	51	57	15995	388	0	16491
1564	28	59	353	16292	0	16732
1565	16553	64	137	417	0	17171
1566	16492	75	83	169	0	16819
1567	362	14913	79	153	0	15507
1568	143	15218	65	129	0	15555
1569	14896	365	62	88	0	15411
1570	377	154	45	14686	0	15262
1571	14711	100	86	358	0	15255
1572	353	14689	93	145	0	15280
1573	14873	292	82	109	0	15356
1574	358	103	14017	72	0	14550
1575	132	85	14667	95	0	14979
1576	98	72	352	14502	0	15024
1577	85	74	15223	325	0	15707
1578	61	83	361	15372	0	15877
1579	66	67	124	15518	0	15775
1580	63	76	15685	380	0	16204
1581	55	70	319	15209	0	15653
1582	57	54	103	15963	0	16177
1583	88	36	16262	442	0	16828
1584	58	78	15939	184	0	16259
1585	15454	53	401	153	0	16061
1586	368	49	16644	132	0	17193
1587	16183	42	324	57	0	16606
1588	17601	67	141	62	0	17871
1589	406	65	18448	84	0	19003
1590	218	59	18905	50	0	19232
1591	118	50	426	17735	0	18329
1592	121	61	191	17438	0	17811
1593	96	17898	138	409	0	18541
1594	79	18717	107	189	0	19092
1595	79	420	17207	126	0	17832
1596	16283	165	398	114	0	16960
1597	17295	114	175	126	0	17710
1598	466	80	17199	96	0	17841
1599	211	91	18108	97	0	18507
1600	132	42	463	16808	0	17445
1601	123	17433	222	344	0	18122
1602	110	334	166	17780	0	18390
1603	91	140	118	18273	0	18622
1604	18096	93	135	455	0	18779
1605	18431	64	90	230	0	18815
1606	462	80	69	19061	0	19672
1607	219	94	18845	424	0	19582
1608	17744	60	359	205	0	18368
1609	407	18877	176	174	0	19634
1610	19668	318	141	104	0	20231
1611	19059	143	130	124	0	19456
1612	473	18882	125	135	0	19615
1613	237	19980	134	118	0	20469
1614	162	478	117	19767	0	20524
1615	133	225	96	19773	0	20227
1616	135	19638	118	506	0	20397
1617	122	393	103	19838	0	20456
1618	121	204	87	20355	0	20767
1619	94	138	20265	541	0	21038
1620	19873	86	410	288	0	20657
1621	21163	109	195	227	0	21694
1622	21844	83	164	164	0	22255
1623	592	71	147	21398	0	22208
1624	21680	55	142	450	0	22327
1625	538	20527	140	576	0	21781
1626	290	564	138	20419	0	21411
1627	206	20550	123	438	0	21317
1628	136	21902	137	257	0	22432
1629	22492	396	83	150	0	23121
1630	22640	180	76	123	0	23019
1631	22368	105	68	122	0	22663
1632	22396	68	82	90	0	22636
1633	22438	75	81	90	0	22684
1634	568	85	21406	71	0	22130
1635	21591	70	359	71	0	22091
1636	490	98	22176	64	0	22828
1637	20861	55	323	66	0	21305
1638	21204	54	165	68	0	21491
1639	20037	55	131	81	0	20304
1640	487	75	20650	82	0	21294
1641	243	59	308	19457	0	20067
1642	165	21153	186	294	0	21798
1643	22218	286	115	149	0	22768
1644	21590	130	93	108	0	21921
1645	458	21146	90	108	0	21802
1646	21966	313	93	80	0	22452
1647	419	163	96	20835	0	21513
1648	241	22607	98	310	0	23256
1649	23554	326	70	162	0	24112
1650	23300	175	72	129	0	23676
1651	479	110	62	22919	0	23570
1652	23555	78	74	351	0	24058
1653	439	83	95	23137	0	23754
1654	239	73	95	23410	0	23817
1655	226	62	22783	454	0	23525
1656	176	83	303	22310	0	22872
1657	182	88	139	23117	0	23526
1658	161	92	22946	447	0	23646
1659	168	79	22074	223	0	22544
1660	162	67	378	21743	0	22350
1661	169	63	22088	340	0	22660
1662	20154	64	331	179	0	20728
1663	329	21587	191	130	0	22237
1664	167	257	97	23130	0	23651
1665	118	138	60	23459	0	23775
1666	103	71	65	23328	0	23567
1667	23988	44	62	400	0	24494
1668	23354	54	55	201	0	23664
1669	24758	53	46	129	0	24986
1670	427	24392	66	106	0	24991
1671	222	250	52	25351	0	25875
1672	172	127	37	25848	0	26184
1673	25891	83	28	357	0	26359
1674	25552	66	20	190	0	25828
1675	407	75	33	25114	0	25629
1676	228	98	24873	289	0	25488
1677	24249	86	254	171	0	24760
1678	25295	50	103	129	0	25577
1679	466	51	25024	95	0	25636
1680	23292	48	263	119	0	23722
1681	401	58	25523	104	0	26086
1682	25326	25	279	96	0	25726
1683	352	84	140	26860	0	27436
1684	200	27534	89	359	0	28182
1685	192	307	28667	128	0	29294
1686	140	27792	580	112	0	28624
1687	132	28481	152	192	0	28957
1688	30800	561	71	941	0	32373
1689	339	55	13	30211	0	30618
1690	64	36	25	30723	0	30848
1691	32246	20	28	377	0	32671
1692	327	17	26	32181	0	32551
1693	73	24	20	32644	0	32761
1694	67	19	18	32476	0	32580
1695	49	26	14	32351	0	32440
1696	47	31	32793	416	0	33287
1697	56	43	31956	106	0	32161
1698	38	31587	330	89	0	32044
1699	32577	336	58	46	0	33017
1700	352	59	35	34763	0	35209
1701	82	32915	81	361	0	33439
1702	68	393	19	35833	0	36313
1703	45	65	23	35808	0	35941
1704	46	40	23	35499	0	35608
1705	39	37	18	35583	0	35677
1706	50	32	21	35273	0	35376
1707	46	33834	36	436	0	34352
1708	44	347	26	35441	0	35858
1709	72	85	34245	388	0	34790
1710	56	33550	308	360	0	34274
1711	47	335	51	35593	0	36026
1712	44	249	43	35348	0	35684
1713	46	33548	42	397	0	34033
1714	41	34699	27	154	0	34921
1715	35012	353	25	105	0	35495
1716	300	34458	60	126	0	34944
1717	36499	341	40	93	0	36973
1718	35551	67	113	81	0	35812
1719	354	58	35339	72	0	35823
1720	83	56	303	32719	0	33161
1721	61	53	35292	376	0	35782
1722	33	34649	304	130	0	35116
1723	47	320	59	35395	0	35821
1724	41	63	40	36122	0	36266
1725	42	54	24	36145	0	36265
1726	53	38	25	36605	0	36721
1727	62	49	36640	412	0	37163
1728	43	45	296	35450	0	35834
1729	64	48	36034	388	0	36534
1730	58	46	34734	107	0	34945
1731	34135	41	347	109	0	34632
1732	37105	26	67	90	0	37288
1733	37648	31	46	84	0	37809
1734	340	36042	74	101	0	36557
1735	81	320	29	38513	0	38943
1736	88	67	38613	361	0	39129
1737	52	53	307	38794	0	39206
1738	66	53	41363	353	0	41835
1739	40462	25	310	121	0	40918
1740	41536	36	72	84	0	41728
1741	41730	40	67	78	0	41915
1742	384	73	39291	65	0	39813
1743	92	79	39237	54	0	39462
1744	76	34	297	39539	0	39946
1745	43	41	84	41366	0	41534
1746	54	21	49	42784	0	42908
1747	58	26	41498	351	0	41933
1748	52	72	36604	99	0	36827
1749	38338	29	320	72	0	38759
1750	281	36	73	41284	0	41674
1751	47	33	42	41928	0	42050
1752	43108	14	37	354	0	43513
1753	290	29	35	42604	0	42958
1754	47428	33	46	341	0	47848
1755	47471	20	40	105	0	47636
1756	45537	39	41	109	0	45726
1757	354	35	47686	89	0	48164
1758	80	45081	311	485	0	45957
1759	49639	305	193	94	0	50231
1760	344	42	46	48005	0	48437
1761	75	47	36	48101	0	48259
1762	60	47076	66	388	0	47590
1763	48462	310	35	109	0	48916
1764	46538	50	35	101	0	46724
1765	47962	52	40	77	0	48131
1766	355	46942	86	89	0	47472
1767	50844	308	32	64	0	51248
1768	52179	69	27	84	0	52359
1769	51114	41	29	64	0	51248
1770	371	40	33	49083	0	49527
1771	101	39	17	50458	0	50615
1772	100	45	51312	400	0	51857
1773	60	44	302	49351	0	49757
1774	48	58	55	51611	0	51772
1775	67	36	51431	384	0	51918
1776	48324	26	283	106	0	48739
1777	51742	47	37	69	0	51895
1778	324	29	30	50159	0	50542
1779	100	48808	65	316	0	49289
1780	82	49812	39	94	0	50027
1781	68	334	16	50781	0	51199
1782	76	78	48645	330	0	49129
1783	162	42	215	45759	0	46178
1784	63	25	48797	244	0	49129
1785	43	66	48694	57	0	48860
1786	14	17	65	50672	0	50768
1787	53140	8	24	88	0	53260
1788	51870	13	20	37	0	51940
1789	78	15	12	53375	0	53480
1790	28	13	14	52681	0	52736
1791	22	13	9	53392	0	53436
1792	15	12	13	53178	0	53218
1793	53429	5	480	94	0	54008
1794	52328	9	20	51	0	52408
1795	52630	17	22	46	0	52715
1796	109	20	52001	31	0	52161
1797	42	8	64	50804	0	50918
1798	26	11	13	53606	0	53656
1799	55143	7	21	89	0	55260
1800	110	50351	66	64	0	50591
1801	53810	98	7	35	0	53950
1802	53650	36	10	33	0	53729
1803	53419	19	14	32	0	53484
1804	53197	15	37	27	0	53276
1805	193	61	57642	23	0	57919
1806	104	123	53999	36	0	54262
1807	60761	10	227	28	0	61026
1808	62466	9	48	36	0	62559
1809	61408	6	34	38	0	61486
1810	62624	4	29	43	0	62700
1811	331	40	65444	31	0	65846
1812	119	65233	326	54	0	65732
1813	98	349	94	74845	0	75386
1814	77305	108	58	556	0	78027
1815	78356	60	28	220	0	78664
1816	85345	24	29	143	0	85541
1817	85905	22	38	70	0	86035
1818	86737	29	42	67	0	86875
1819	85316	32	117	77	0	85542
1820	1802	80	81168	42	0	83092
1821	777	80	81979	24	0	82860
1822	487	33	1330	80095	0	81945
1823	437	59	82776	1113	0	84385
1824	401	78327	1328	439	0	80495
1825	341	83919	560	261	0	85081
1826	281	1521	353	86167	0	88322
1827	269	497	90992	1155	0	92913
1828	222	334	87163	485	0	88204
1829	86851	173	1657	280	0	88961
1830	97489	190	694	180	0	98553
1831	1857	202	393	98692	0	101144
1832	102462	143	284	1676	0	104565
1833	1986	127	313	101053	0	103479
1834	831	457	292	101809	0	103389
1835	596	97	103549	2314	0	106556
1836	457	154	100410	954	0	101975
1837	347	75	2268	99380	0	102070
1838	416	116	99422	1987	0	101941
1839	93249	94	2039	933	0	96315
1840	101704	79	812	591	0	103186
1841	2343	101746	609	504	0	105202
1842	106604	1680	454	355	0	109093
1843	2345	977	102417	332	0	106071
1844	102635	251	2033	304	0	105223
1845	105252	141	855	282	0	106530
1846	106190	134	506	263	0	107093
1847	3004	184	357	99847	0	103392
1848	1390	100593	441	1736	0	104160
1849	104715	1761	422	684	0	107582
1850	104951	630	420	474	0	106475
1851	2927	327	412	103666	0	107332
1852	104898	195	400	2128	0	107621
1853	2655	104594	382	1056	0	108687
1854	1323	2006	320	103821	0	107470
1855	1075	883	101231	2249	0	105438
1856	90167	475	2205	1151	0	93998
1857	2672	296	101684	683	0	105335
1858	1634	236	2271	99854	0	103995
1859	1041	99997	1056	2113	0	104207
1860	920	111994	622	1008	0	114544
1861	875	2982	479	112815	0	117151
1862	816	116451	671	2705	0	120643
1863	877	3196	524	151328	0	155925
1864	809	1194	494	163286	0	165783
1865	762	820	473	166121	0	168176
1866	158051	637	427	6877	0	165992
1867	5333	576	353	161178	0	167440
1868	2128	642	151280	6308	0	160358
1869	1425	153395	4858	2711	0	162389
1870	157282	4902	1510	1636	0	165330
1871	5788	1819	803	155506	0	163916
1872	2435	930	601	159096	0	163062
1873	1617	685	596	163744	0	166642
1874	1582	811	151314	7383	0	161090
1875	1266	153917	5110	3173	0	163466
1876	156562	5214	1795	1935	0	165506
1877	5738	1975	1109	147399	0	156221
1878	2054	156663	1016	6246	0	165979
1879	160015	5423	967	2644	0	169049
1880	5998	2125	155394	1879	0	165396
1881	156770	1311	5621	1560	0	165262
1882	6473	1173	160035	1396	0	169077
1883	2717	1274	158822	1285	0	164098
1884	1789	156470	6797	1892	0	166948
1885	1504	5514	2613	155439	0	165070
1886	1661	2008	153375	6044	0	163088
1887	1444	149161	6191	2831	0	159627
1888	1272	5478	2510	144361	0	153621
1889	1054	148094	1817	5748	0	156713
1890	1165	5934	148326	2525	0	157950
1891	985	2356	5916	149158	0	158415
1892	1000	1640	149393	6699	0	158732
1893	970	1418	6308	150039	0	158735
1894	1040	1303	2510	156565	0	161418
1895	1197	1082	148216	8287	0	158782
1896	1061	991	6263	152567	0	160882
1897	146045	856	2699	7263	0	156863
1898	5716	145408	1969	3733	0	156826
1899	2476	5658	144906	2560	0	155600
1900	145892	2149	6038	2202	0	156281
1901	6355	1408	2599	140801	0	151163
1902	2780	146533	1759	6056	0	157128
1903	150932	5852	1405	2894	0	161083
1904	153987	2464	1407	2178	0	160036
1905	7465	1826	1330	142602	0	153223
1906	3203	1451	1179	147291	0	153124
1907	2136	1228	1173	148928	0	153465
1908	1739	1611	1161	145900	0	150411
1909	1709	140114	1174	8954	0	151951
1910	1577	7431	1118	130892	0	141018
1911	1475	134602	1102	7098	0	144277
1912	1429	135244	1181	4489	0	142343
1913	1191	132833	1284	2951	0	138259
1914	1601	7164	118435	2544	0	129744
1915	1095	126757	5251	2540	0	135643
1916	115610	5672	2204	2613	0	126099
1917	4765	117573	1297	2533	0	126168
1918	2012	5581	1162	104855	0	113610
1919	1528	117710	1181	5447	0	125866
1920	1402	5639	1110	116627	0	124778
1921	1375	2766	1212	122830	0	128183
1922	1362	2106	115889	7045	0	126402
1923	112424	1889	5059	3613	0	122985
1924	118104	1835	1986	2789	0	124714
1925	116122	1649	1499	2642	0	121912
1926	6074	112614	1470	3478	0	123636
1927	2518	5053	1516	110704	0	119791
1928	1900	2522	105177	6582	0	116181
1929	1614	107194	5168	3420	0	117396
1930	1494	5843	2132	92831	0	102300
1931	1344	99479	2069	4597	0	107489
1932	98204	5089	1345	2238	0	106876
1933	100516	2477	1352	1797	0	106142
1934	101272	1769	1491	1746	0	106278
1935	99789	1563	1635	1587	0	104574
1936	5803	1373	1736	95080	0	103992
1937	2415	1508	1629	95337	0	100889
1938	1742	95611	1584	5531	0	104468
1939	1504	4797	1257	98407	0	105965
1940	1435	2222	93726	5844	0	103227
1941	1114	1751	4484	93795	0	101144
1942	1037	1691	90725	5944	0	99397
1943	963	90099	4871	3119	0	99052
1944	1021	4805	91405	2369	0	99600
1945	896	2166	5144	92988	0	101194
1946	945	1673	92078	5641	0	100337
1947	915	1483	5025	93776	0	101199
1948	1017	1489	2228	96456	0	101190
1949	1208	1292	1754	96837	0	101091
1950	1274	1444	1439	97076	0	101233
1951	91991	1342	1158	6528	0	101019
1952	4453	92125	1126	3296	0	101000
1953	91093	4691	1076	2560	0	99420
1954	4754	2130	87594	2437	0	96915
1955	87998	1667	4098	2253	0	96016
1956	92276	1420	1563	2249	0	97508
1957	6161	1514	86489	1996	0	96160
1958	2960	1343	85500	1913	0	91716
1959	1953	82575	4600	2108	0	91236
1960	1420	79068	1614	2036	0	84138
1961	1628	4125	69783	2176	0	77712
1962	1173	64611	3535	2877	0	72196
1963	1767	3418	1648	30388	0	37221
1964	26785	273	144	637	0	27839
1965	545	210	112	27662	0	28529
1966	28303	166	81	682	0	29232
1967	28070	182	87	302	0	28641
1968	652	27398	122	269	0	28441
1969	27535	488	71	187	0	28281
1970	27291	218	64	184	0	27757
1971	582	208	79	26631	0	27500
1972	27783	174	65	547	0	28569
1973	544	26888	74	217	0	27723
1974	216	506	40	27840	0	28602
1975	27759	188	65	592	0	28604
1976	529	202	27049	240	0	28020
1977	25999	131	401	146	0	26677
1978	525	93	127	27025	0	27770
1979	215	90	27203	435	0	27943
1980	193	117	26141	161	0	26612
1981	25852	80	794	147	0	26873
1982	27559	286	161	100	0	28106
1983	449	48	109	26705	0	27311
1984	188	35	73	26892	0	27188
1985	145	41	29	26795	0	27010
1986	103	25987	37	475	0	26602
1987	26651	356	36	200	0	27243
1988	368	25969	47	162	0	26546
1989	26270	394	40	91	0	26795
1990	467	136	25357	54	0	26014
1991	157	85	354	25652	0	26248
1992	26517	48	95	383	0	27043
1993	405	29	91	26196	0	26721
1994	136	31	63	25544	0	25774
1995	116	24603	67	454	0	25240
1996	25247	348	40	197	0	25832
1997	378	26016	58	147	0	26599
1998	123	456	48	27008	0	27635
1999	134	165	25287	464	0	26050
2000	21709	103	457	188	0	22457
2001	490	79	24435	137	0	25141
2002	21427	49	465	119	0	22060
2003	495	23873	177	90	0	24635
2004	196	488	107	24000	0	24791
2005	131	24298	89	473	0	24991
2006	24659	550	54	184	0	25447
2007	528	218	196	24069	0	25011
2008	220	141	31	24901	0	25293
2009	171	97	23400	653	0	24321
2010	21647	76	461	310	0	22494
2011	553	45	150	24336	0	25084
2012	221	66	23599	574	0	24460
2013	176	22884	522	251	0	23833
2014	127	478	169	23865	0	24639
2015	23949	166	134	554	0	24803
2016	511	145	100	23934	0	24690
2017	232	104	23412	624	0	24372
2018	24290	74	476	257	0	25097
2019	651	58	152	24740	0	25601
2020	224	69	27644	675	0	28612
2021	208	58	737	28204	0	29207
2022	130	66	235	28373	0	28804
2023	118	28390	193	952	0	29653
2024	28682	789	109	430	0	30010
2025	803	28995	83	302	0	30183
2026	29354	937	62	179	0	30532
2027	969	320	65	27982	0	29336
2028	349	28300	82	768	0	29499
2029	277	862	57	28818	0	30014
2030	180	292	27379	1039	0	28890
2031	26509	218	774	364	0	27865
2032	822	128	234	27557	0	28741
2033	304	105	202	28004	0	28615
2034	267	84	135	28498	0	28984
2035	173	83	27051	1228	0	28535
2036	176	115	26912	553	0	27756
2037	133	26961	971	428	0	28493
2038	113	890	351	26089	0	27443
2039	25629	263	222	819	0	26933
2040	756	25981	145	343	0	27225
2041	287	808	86	26980	0	28161
2042	26738	278	67	911	0	27994
2043	26311	241	80	374	0	27006
2044	1023	25595	84	325	0	27027
2045	28644	822	80	214	0	29760
2046	32991	288	97	210	0	33586
2047	1310	256	85	33349	0	35000
2048	558	33175	102	1148	0	34983
2049	362	1096	88	35189	0	36735
2050	34430	425	98	1450	0	36403
2051	1300	335	33299	597	0	35531
2052	538	197	1073	33964	0	35772
2053	439	178	378	34820	0	35815
2054	302	175	33074	1757	0	35308
2055	249	193	1200	34078	0	35720
2056	33505	167	457	1721	0	35850
2057	32942	150	371	808	0	34271
2058	1568	122	264	33475	0	35429
2059	779	160	32329	1610	0	34878
2060	505	187	30391	854	0	31937
2061	381	31236	1413	664	0	33694
2062	317	33198	659	547	0	34721
2063	331	1427	371	31074	0	33203
2064	30501	611	273	1365	0	32750
2065	1210	30188	272	712	0	32382
2066	29568	1263	264	575	0	31670
2067	1405	570	274	29365	0	31614
2068	595	468	218	30577	0	31858
2069	28825	306	171	1712	0	31014
2070	1341	28834	173	898	0	31246
2071	29567	1242	142	671	0	31622
2072	1546	566	27914	490	0	30516
2073	701	442	27805	381	0	29329
2074	510	303	1400	27181	0	29394
2075	424	272	27519	1402	0	29617
2076	384	259	27259	698	0	28600
2077	357	242	1484	27297	0	29380
2078	323	229	27306	1322	0	29180
2079	327	193	1430	26794	0	28744
2080	286	167	714	27738	0	28905
2081	262	169	26574	1741	0	28746
2082	253	169	1303	25529	0	27254
2083	208	185	698	25008	0	26099
2084	288	24421	525	1675	0	26909
2085	25193	1071	419	976	0	27659
2086	1192	498	24557	759	0	27006
2087	553	357	1190	25171	0	27271
2088	418	225	653	26359	0	27655
2089	278	238	24611	1782	0	26909
2090	23494	241	1250	1054	0	26039
2091	1166	24588	637	767	0	27158
2092	597	1102	495	24816	0	27010
2093	460	506	377	25584	0	26927
2094	352	25026	379	1756	0	27513
2095	340	1159	23862	1064	0	26425
2096	281	25013	1232	803	0	27329
2097	23719	1421	880	626	0	26646
2098	1173	612	23348	523	0	25656
2099	559	450	1166	23704	0	25879
2100	444	342	23885	1358	0	26029
2101	320	341	24356	829	0	25846
2102	310	24015	1498	681	0	26504
2103	361	1076	914	22599	0	24950
2104	22659	545	519	1200	0	24923
2105	23414	396	436	695	0	24941
2106	1306	23398	421	625	0	25750
2107	623	1086	432	24194	0	26335
2108	23591	507	420	1307	0	25825
2109	23944	462	587	689	0	25682
2110	1395	23151	299	876	0	25721
2111	24165	1076	280	485	0	26006
2112	1389	498	260	23085	0	25232
2113	719	24009	266	1197	0	26191
2114	575	1069	292	24964	0	26900
2115	426	558	296	25381	0	26661
2116	409	440	243	25837	0	26929
2117	405	342	23744	1734	0	26225
2118	385	346	21989	863	0	23583
2119	335	22520	1126	698	0	24679
2120	19347	786	477	463	0	21073
2121	751	18862	314	518	0	20445
2122	403	788	222	18908	0	20321
2123	297	404	19250	946	0	20897
2124	223	307	780	18817	0	20127
2125	221	265	467	19759	0	20712
2126	216	304	353	20418	0	21291
2127	19618	270	263	1143	0	21294
2128	680	257	238	20177	0	21352
2129	349	200	19285	1056	0	20890
2130	19248	192	768	664	0	20872
2131	19881	175	437	601	0	21094
2132	20711	166	344	489	0	21710
2133	20773	133	200	506	0	21612
2134	20666	158	236	399	0	21459
2135	1081	19858	250	444	0	21633
2136	608	595	255	19123	0	20581
2137	481	19719	193	771	0	21164
2138	20229	701	198	445	0	21573
2139	20295	368	135	363	0	21161
2140	19187	287	141	294	0	19909
2141	1030	19197	171	328	0	20726
2142	501	18896	182	275	0	19854
2143	380	19295	183	262	0	20120
2144	381	868	18344	246	0	19839
2145	398	1518	369	15488	0	17773
2146	195	12447	172	511	0	13325
2147	82	12418	41	94	0	12635
2148	18	169	17	12057	0	12261
2149	12	65	19	12504	0	12600
2150	25	36	12125	188	0	12374
2151	12408	21	142	70	0	12641
2152	148	16	52	13287	0	13503
2153	49	21	28	13268	0	13366
2154	32	16	12994	212	0	13254
2155	37	38	13160	79	0	13314
2156	23	13845	181	48	0	14097
2157	21	161	67	14432	0	14681
2158	27	59	32	14678	0	14796
2159	28	45	14015	205	0	14293
2160	13191	32	166	96	0	13485
2161	14506	32	59	51	0	14648
2162	243	32	14854	54	0	15183
2163	15093	41	179	36	0	15349
2164	228	41	14877	262	0	15408
2165	15293	28	176	39	0	15536
2166	16175	29	60	46	0	16310
2167	260	38	16271	36	0	16605
2168	114	26	175	16048	0	16363
2169	65	30	71	16628	0	16794
2170	65	28	36	17715	0	17844
2171	17559	24	33	290	0	17906
2172	17646	45	33	138	0	17862
2173	280	40	18171	95	0	18586
2174	114	55	16820	74	0	17063
2175	18055	26	266	79	0	18426
2176	19391	21	103	68	0	19583
2177	296	21	18377	66	0	18760
2178	121	48	17797	66	0	18032
2179	71	13	268	18381	0	18733
2180	77	32	19297	239	0	19645
2181	67	33	243	18601	0	18944
2182	19144	18	117	268	0	19547
2183	248	37	20680	120	0	21085
2184	19558	22	377	83	0	20040
2185	428	20	23039	85	0	23572
2186	184	18	540	22562	0	23304
2187	134	17	158	24592	0	24901
2188	112	23	94	24836	0	25065
2189	75	24214	90	753	0	25132
2190	100	593	58	25135	0	25886
2191	91	143	45	26079	0	26358
2192	25683	93	46	762	0	26584
2193	651	50	24558	225	0	25484
2194	23603	34	584	131	0	24352
2195	710	24	24839	87	0	25660
2196	22165	34	663	88	0	22950
2197	669	23160	206	481	0	24516
2198	209	566	24465	57	0	25297
2199	145	175	24726	62	0	25108
2200	92	268	670	22674	0	23704
2201	53	29	198	24337	0	24617
2202	67	34	24432	656	0	25189
2203	82	44	25310	206	0	25642
2204	76	52	28521	119	0	28768
2205	30285	12	681	88	0	31066
2206	30894	11	216	84	0	31205
2207	30993	11	148	66	0	31218
2208	697	20	88	30183	0	30988
2209	226	18	74	30909	0	31227
2210	138	28	32015	689	0	32870
2211	97	25	570	31300	0	31992
2212	67	26	157	32262	0	32512
2213	32575	21	120	754	0	33470
2214	31934	28	106	247	0	32315
2215	32612	30	78	191	0	32911
2216	906	40	65	31853	0	32864
2217	246	28	85	32969	0	33328
2218	176	24	100	33352	0	33652
2219	33008	17	114	745	0	33884
2220	624	25	138	31573	0	32360
2221	226	31035	140	600	0	32001
2222	172	559	137	31261	0	32129
2223	143	30537	138	590	0	31408
2224	31466	602	140	193	0	32401
2225	30741	140	172	188	0	31241
2226	587	30926	150	195	0	31858
2227	223	32097	126	214	0	32660
2228	152	684	144	32153	0	33133
2229	148	182	31871	651	0	32852
2230	153	107	648	29929	0	30837
2231	172	63	31752	711	0	32698
2232	177	30672	670	322	0	31841
2233	167	563	201	31905	0	32836
2234	167	138	160	32718	0	33183
2235	148	120	34758	794	0	35820
2236	138	84	610	33853	0	34685
2237	117	66	35339	800	0	36322
2238	34449	50	651	333	0	35483
2239	36627	53	223	256	0	37159
2240	37669	44	168	210	0	38091
2241	835	69	139	36199	0	37242
2242	333	55	114	36721	0	37223
2243	228	71	36534	848	0	37681
2244	186	57	643	34940	0	35826
2245	154	35382	235	839	0	36610
2246	195	596	36549	308	0	37648
2247	167	188	34379	258	0	34992
2248	155	158	710	31191	0	32214
2249	153	96	35233	693	0	36175
2250	154	118	34293	290	0	34855
2251	31410	86	672	288	0	32456
2252	565	38405	303	271	0	39544
2253	42119	558	185	225	0	43087
2254	42054	157	154	246	0	42611
2255	41994	103	146	259	0	42502
2256	733	86	180	40648	0	41647
2257	312	86	149	42018	0	42565
2258	227	95	41258	759	0	42339
2259	194	74	556	40062	0	40886
2260	173	40947	228	732	0	42080
2261	42472	532	223	285	0	43512
2262	519	40780	221	271	0	41791
2263	191	42059	204	256	0	42710
2264	210	645	170	42829	0	43854
2265	198	225	44545	632	0	45600
2266	195	127	595	42977	0	43894
2267	197	110	44275	698	0	45280
2268	155	41400	675	349	0	42579
2269	44964	509	199	271	0	45943
2270	45246	119	174	197	0	45736
2271	48598	111	143	193	0	49045
2272	690	131	50870	211	0	51902
2273	277	186	48263	194	0	48920
2274	53156	56	589	175	0	53976
2275	55170	54	214	201	0	55639
2276	55253	51	146	165	0	55615
2277	678	62	84	53570	0	54394
2278	287	67	68	56001	0	56423
2279	56299	53	61	662	0	57075
2280	55081	43	84	286	0	55494
2281	647	71	57247	255	0	58220
2282	278	150	54346	179	0	54953
2283	55007	43	319	129	0	55498
2284	393	75	57363	109	0	57940
2285	54421	25	175	68	0	54689
2286	212	56	56632	51	0	56951
2287	27	15	67	53824	0	53933
2288	50	19	59385	78	0	59532
2289	18	13	75	58522	0	58628
2290	16	12	18	59865	0	59911
2291	20	59522	71	117	0	59730
2292	62626	58	20	34	0	62738
2293	88	29	63967	32	0	64116
2294	59700	18	84	43	0	59845
2295	83	62627	98	60	0	62868
2296	70387	66	18	17	0	70488
2297	117	34	12	68828	0	68991
2298	42	16	19	68900	0	68977
2299	27	71185	51	214	0	71477
2300	21	132	19	76120	0	76292
2301	19	51	18	75405	0	75493
2302	14	23	16	76100	0	76153
2303	73712	15	14	326	0	74067
2304	68301	22	15	134	0	68472
2305	326	43	68236	64	0	68669
2306	106	65463	276	81	0	65926
2307	51	222	67	70368	0	70708
2308	32	80	27	72750	0	72889
2309	59	50	73188	422	0	73719
2310	25	31	383	70023	0	70462
2311	72186	15	98	451	0	72750
2312	72284	13	48	172	0	72517
2313	72461	17	31	89	0	72598
2314	518	23	12	72935	0	73488
2315	79035	9	20	431	0	79495
2316	78471	17	37	173	0	78698
2317	78967	10	29	107	0	79113
2318	555	19	25	77852	0	78451
2319	182	15	22	78583	0	78802
2320	93	19	12	79121	0	79245
2321	79	22	16	77524	0	77641
2322	62	18	18	78088	0	78186
2323	106	32	76095	593	0	76826
2324	97	63	75021	225	0	75406
2325	77	72061	577	181	0	72896
2326	80	396	136	77764	0	78376
2327	81	108	63	77923	0	78175
2328	77	52	33	78507	0	78669
2329	87	55	77476	641	0	78259
2330	68	14	400	76273	0	76755
2331	111	46	78842	541	0	79540
2332	68	24	409	77520	0	78021
2333	427	65	83539	535	0	84566
2334	312	79459	508	397	0	80676
2335	48	411	123	83935	0	84517
2336	96	154	81152	534	0	81936
2337	70785	80	509	341	0	71715
2338	493	79552	264	242	0	80551
2339	156	463	89	83384	0	84092
2340	83	79938	121	570	0	80712
2341	63	548	60	83456	0	84127
2342	84016	149	54	628	0	84847
2343	531	84	62	82958	0	83635
2344	184	80781	126	664	0	81755
2345	85141	512	59	240	0	85952
2346	553	169	59	84325	0	85106
2347	186	110	39	85886	0	86221
2348	87812	65	64	860	0	88801
2349	750	69	45	93532	0	94396
2350	236	52	48	120109	0	120445
2351	217	134	122439	3113	0	125903
2352	206	210	120847	1002	0	122265
2353	107	70	3865	121494	0	125536
2354	156	126	122780	3403	0	126465
2355	178	209	119690	1145	0	121222
2356	111738	59	4199	955	0	116951
2357	3300	149	125905	444	0	129798
2358	1027	123388	3967	406	0	128788
2359	738	3104	1225	129208	0	134275
2360	131428	953	820	3415	0	136616
2361	133471	651	471	1238	0	135831
2362	133651	250	356	949	0	135206
2363	4792	130851	401	575	0	136619
2364	1969	3353	377	130990	0	136689
2365	1036	1096	322	136059	0	138513
2366	131329	772	395	4521	0	137017
2367	132763	339	349	1996	0	135447
2368	135602	231	289	1343	0	137465
2369	5271	268	130776	719	0	137034
2370	2153	127571	3830	700	0	134254
2371	1333	146765	1482	623	0	150203
2372	801	5286	1181	141314	0	148582
2373	551	2256	652	150230	0	153689
2374	658	1310	146377	6361	0	154706
2375	142794	574	5073	2832	0	151273
2376	153820	390	1894	1731	0	157835
2377	6551	412	1327	150018	0	158308
2378	3029	444	687	152957	0	157117
2379	1960	350	453	156420	0	159183
2380	151766	321	510	7698	0	160295
2381	5860	460	145877	3356	0	155553
2382	2527	489	149285	2146	0	154447
2383	1703	477	6364	146607	0	155151
2384	1101	482	146976	5966	0	154525
2385	143327	280	6188	2769	0	152564
2386	148901	238	2447	2023	0	153609
2387	150976	214	1745	1282	0	154217
2388	7961	140686	1103	1138	0	150888
2389	144563	4928	887	995	0	151373
2390	6734	2005	685	140528	0	149952
2391	2801	1384	706	143219	0	148110
2392	2035	685	765	148265	0	151750
2393	1478	560	134973	8349	0	145360
2394	1346	367	5387	134342	0	141442
2395	1305	135193	2371	6802	0	145671
2396	131521	4853	1706	3362	0	141442
2397	5442	133963	1185	2907	0	143497
2398	2757	5972	129605	2008	0	140342
2399	2194	131288	5401	1677	0	140560
2400	128085	6015	2415	1367	0	137882
2401	5666	129062	2104	1569	0	138401
2402	2606	6268	1626	114649	0	125149
2403	1971	128719	1397	4981	0	137068
2404	129716	6063	1202	2558	0	139539
2405	132097	2491	1263	1946	0	137797
2406	131754	2120	1259	1458	0	136591
2407	8414	1807	127123	1364	0	138708
2408	4313	1362	126711	1286	0	133672
2409	2991	1198	124811	1461	0	130461
2410	123323	1001	7391	1500	0	133215
2411	6286	1013	3612	122052	0	132963
2412	3216	1258	2403	126882	0	133759
2413	2682	1140	120400	7119	0	131341
2414	1835	1200	5662	123958	0	132655
2415	116683	1228	2567	7209	0	127687
2416	6211	116372	2144	3734	0	128461
2417	122045	5321	1651	2558	0	131575
2418	7558	2461	116678	1742	0	128439
2419	119960	2130	5669	1473	0	129232
2420	124224	1525	2770	1484	0	130003
2421	125194	1432	2235	1696	0	130557
2422	8734	1287	115802	1784	0	127607
2423	4860	1033	5539	117517	0	128949
2424	3899	897	117139	5988	0	127923
2425	3061	807	6523	118958	0	129349
2426	2642	926	116742	6934	0	127244
2427	2292	957	6697	117244	0	127190
2428	2253	952	3184	122489	0	128878
2429	118280	803	2443	7825	0	129351
2430	119605	745	1785	4249	0	126384
2431	122279	682	1805	3135	0	127901
2432	8678	718	1745	112965	0	124106
2433	4618	104529	1700	6231	0	117078
2434	3373	113507	1489	3591	0	121960
2435	111933	6194	1306	2943	0	122376
2436	6835	3110	107992	2287	0	120224
2437	110454	1989	6120	1872	0	120435
2438	7406	1381	108002	1778	0	118567
2439	113348	1150	6270	1682	0	122450
2440	117566	1088	2917	1859	0	123430
2441	8264	929	112383	1910	0	123486
2442	116259	823	5854	2005	0	124941
2443	118408	860	3020	1813	0	124101
2444	118563	925	2404	1682	0	123574
2445	8870	112717	1733	1817	0	125137
2446	4768	5919	1623	113600	0	125910
2447	3950	2435	110110	5982	0	122477
2448	3130	1855	111572	3006	0	119563
2449	2783	102713	6158	2286	0	113940
2450	1799	79495	2368	1083	0	84745
2451	3576	2930	2224	68009	0	76739
2452	66961	1366	975	2607	0	71909
2453	2949	70325	885	1526	0	75685
2454	2308	2481	833	69588	0	75210
2455	1656	71600	630	2591	0	76477
2456	71523	2903	606	1447	0	76479
2457	3033	1520	997	67928	0	73478
2458	1848	1194	64616	2741	0	70399
2459	1472	63330	2349	1595	0	68746
2460	1230	65069	1369	1145	0	68813
2461	1178	2866	999	58905	0	63948
2462	1089	62859	809	2590	0	67347
2463	1341	2813	807	62614	0	67575
2464	62224	1592	555	2639	0	67010
2465	62393	1254	634	1278	0	65559
2466	64013	1038	504	1133	0	66688
2467	65118	857	629	845	0	67449
2468	3572	920	60503	780	0	65775
2469	2077	58662	2009	707	0	63455
2470	1520	61027	1036	694	0	64277
2471	716	47234	429	351	0	48730
2472	591	47996	467	298	0	49352
2473	43814	1216	1284	351	0	46665
2474	41343	387	69	81	0	41880
2475	40920	185	27	44	0	41176
2476	41271	118	21	48	0	41458
2477	1109	138	38573	48	0	39868
2478	41314	85	669	61	0	42129
2479	42332	77	286	46	0	42741
2480	43192	86	112	47	0	43437
2481	1134	95	76	41719	0	43024
2482	503	83	66	42722	0	43374
2483	42670	78	51	961	0	43760
2484	854	83	47	41319	0	42303
2485	401	40450	73	830	0	41754
2486	226	747	50	41898	0	42921
2487	206	321	41	41788	0	42356
2488	200	39594	71	1022	0	40887
2489	204	773	49	41014	0	42040
2490	184	367	52	41661	0	42264
2491	41145	189	60	1081	0	42475
2492	866	172	38447	459	0	39944
2493	39037	148	731	249	0	40165
2494	976	158	38817	180	0	40131
2495	476	165	38276	172	0	39089
2496	285	176	39097	163	0	39721
2497	39109	114	1068	173	0	40464
2498	897	145	42497	163	0	43702
2499	43084	107	873	145	0	44209
2500	45060	122	388	142	0	45712
2501	45606	117	236	145	0	46104
2502	1189	43841	156	200	0	45386
2503	45179	814	137	145	0	46275
2504	972	45138	123	180	0	46413
2505	492	904	94	45050	0	46540
2506	356	432	100	45243	0	46131
2507	327	44274	131	1017	0	45749
2508	316	45624	123	506	0	46569
2509	312	47188	141	271	0	47912
2510	47973	1159	130	182	0	49444
2511	963	48533	161	185	0	49842
2512	50125	975	130	149	0	51379
2513	1120	555	47313	142	0	49130
2514	48317	331	780	153	0	49581
2515	50740	237	362	169	0	51508
2516	1416	242	49216	148	0	51022
2517	765	219	806	48892	0	50682
2518	537	204	50399	879	0	52019
2519	421	187	886	49763	0	51257
2520	355	192	427	51254	0	52228
2521	50990	165	256	1215	0	52626
2522	50768	191	176	632	0	51767
2523	1233	48085	179	1282	0	50779
2524	51578	867	129	317	0	52891
2525	1154	508	49960	258	0	51880
2526	50925	309	801	252	0	52287
2527	1145	260	52479	278	0	54162
2528	689	293	53158	226	0	54366
2529	54913	183	1384	223	0	56703
2530	57397	191	639	198	0	58425
2531	1593	221	57394	209	0	59417
2532	820	502	1242	53245	0	55809
2533	572	242	604	58290	0	59708
2534	540	249	56774	1393	0	58956
2535	508	259	1204	54285	0	56256
2536	521	54312	677	1181	0	56691
2537	569	1142	402	58394	0	60507
2538	588	566	317	58247	0	59718
2539	599	433	55977	1450	0	58459
2540	51080	319	1153	717	0	53269
2541	55343	236	585	479	0	56643
2542	54522	229	401	378	0	55530
2543	53727	168	320	328	0	54543
2544	1973	51146	358	362	0	53839
2545	1140	1048	229	52068	0	54485
2546	825	497	50491	1218	0	53031
2547	688	366	50392	667	0	52113
2548	506	347	1147	49261	0	51261
2549	444	268	50147	1253	0	52112
2550	48668	180	990	659	0	50497
2551	962	190	521	50284	0	51957
2552	562	209	358	51212	0	52341
2553	394	173	297	49974	0	50838
2554	47662	167	279	1509	0	49617
2555	955	46219	305	1065	0	48544
2556	47321	756	299	613	0	48989
2557	47569	372	295	468	0	48704
2558	1373	45550	328	374	0	47625
2559	820	47133	382	328	0	48663
2560	48943	1011	393	226	0	50573
2561	1168	500	415	47153	0	49236
2562	728	311	432	47633	0	49104
2563	49020	218	408	1102	0	50748
2564	1261	219	46920	563	0	48963
2565	47609	179	1014	378	0	49180
2566	49501	159	516	337	0	50513
2567	1573	50897	332	333	0	53135
2568	54429	1055	221	231	0	55936
2569	53458	459	184	284	0	54385
2570	1582	55655	170	290	0	57697
2571	617	57255	138	259	0	58269
2572	463	1415	57	53843	0	55778
2573	53104	527	47	1192	0	54870
2574	1197	54039	92	446	0	55774
2575	483	1308	50	57616	0	59457
2576	58557	474	42	1441	0	60514
2577	1565	321	57137	481	0	59504
2578	573	193	1312	58351	0	60429
2579	402	167	58403	1599	0	60571
2580	55257	149	1579	544	0	57529
2581	58765	87	522	379	0	59753
2582	1925	159	56424	234	0	58742
2583	733	55728	1568	271	0	58300
2584	483	1384	480	58295	0	60642
2585	355	477	58177	1470	0	60479
2586	274	313	1558	57052	0	59197
2587	259	178	532	59830	0	60799
2588	241	187	58047	2003	0	60478
2589	53544	156	1633	876	0	56209
2590	59016	126	553	548	0	60243
2591	2061	186	58511	382	0	61140
2592	810	57881	1642	401	0	60734
2593	564	1515	574	56403	0	59056
2594	407	57811	467	1417	0	60102
2595	347	59561	280	559	0	60747
2596	58322	1931	239	393	0	60885
2597	1575	724	225	58578	0	61102
2598	606	489	210	58166	0	59471
2599	480	357	55572	2053	0	58462
2600	449	298	54431	842	0	56020
2601	388	242	1917	53229	0	55776
2602	340	210	752	56163	0	57465
2603	338	270	54279	2125	0	57012
2604	350	294	54363	871	0	55878
2605	319	263	2016	54486	0	57084
2606	53973	260	849	1913	0	56995
2607	1664	53705	570	905	0	56844
2608	53637	1659	403	691	0	56390
2609	1871	53142	417	529	0	55959
2610	801	54009	398	468	0	55676
2611	52939	2085	283	469	0	55776
2612	1981	849	51784	402	0	55016
2613	845	601	1783	51263	0	54492
2614	629	475	697	53603	0	55404
2615	520	404	561	58980	0	60465
2616	488	445	56145	2817	0	59895
2617	455	362	2189	56782	0	59788
2618	57613	342	918	2837	0	61710
2619	2393	404	619	57640	0	61056
2620	956	623	454	62107	0	64140
2621	60617	281	499	3343	0	64740
2622	59181	299	446	1442	0	61368
2623	3009	57578	513	1100	0	62200
2624	1222	2392	58997	764	0	63375
2625	911	849	58451	664	0	60875
2626	751	622	58259	689	0	60321
2627	591	55559	3215	678	0	60043
2628	496	2363	1527	51966	0	56352
2629	474	788	746	55693	0	57701
2630	53855	512	617	3078	0	58062
2631	2456	444	580	53843	0	57323
2632	1006	366	52203	3067	0	56642
2633	762	324	2509	53624	0	57219
2634	567	381	1017	55142	0	57107
2635	611	406	51397	3395	0	55809
2636	600	51381	2584	1540	0	56105
2637	580	2427	1073	44711	0	48791
2638	520	51105	792	2420	0	54837
2639	491	2572	50614	1196	0	54873
2640	50364	1022	2642	975	0	55003
2641	52395	640	1100	963	0	55098
2642	53207	572	842	949	0	55570
2643	3240	546	766	49136	0	53688
2644	1352	49891	696	2877	0	54816
2645	50178	2416	693	1377	0	54664
2646	51486	865	727	1138	0	54216
2647	51698	671	704	1073	0	54146
2648	3289	517	47847	1010	0	52663
2649	47797	490	2460	892	0	51639
2650	2877	48065	1029	920	0	52891
2651	47346	2518	862	772	0	51498
2652	2771	47866	822	807	0	52266
2653	48905	2718	645	942	0	53210
2654	2998	1050	46795	882	0	51725
2655	47357	727	2592	912	0	51588
2656	49929	554	988	943	0	52414
2657	47456	512	822	835	0	49625
2658	50564	535	629	980	0	52708
2659	3646	502	46304	839	0	51291
2660	1773	487	2415	47289	0	51964
2661	46673	505	953	2830	0	50961
2662	2963	46292	818	1252	0	51325
2663	1401	2451	769	46556	0	51177
2664	1140	1004	45482	2836	0	50462
2665	960	756	2383	46477	0	50576
2666	1041	670	44478	2868	0	49057
2667	914	40281	2390	1462	0	45047
2668	942	38184	937	962	0	41025
2669	1012	39182	656	845	0	41695
2670	701	2315	465	32359	0	35840
2671	728	682	426	33203	0	35039
2672	732	463	30710	2191	0	34096
2673	793	30537	1616	916	0	33862
2674	29208	1609	763	568	0	32148
2675	1595	26160	487	550	0	28792
2676	655	26131	401	492	0	27679
2677	1608	1754	373	23382	0	27117
2678	23449	576	352	1371	0	25748
2679	24598	421	301	544	0	25864
2680	1681	313	335	23791	0	26120
2681	24074	268	367	1513	0	26222
2682	1549	406	288	23735	0	25978
2683	777	415	22598	1525	0	25315
2684	23260	357	1244	631	0	25492
2685	1594	322	473	23050	0	25439
2686	680	300	22412	1481	0	24873
2687	542	353	22939	647	0	24481
2688	573	701	1341	22552	0	25167
2689	23007	503	506	1408	0	25424
2690	22442	778	355	631	0	24206
2691	1508	21109	352	506	0	23475
2692	21589	1265	399	467	0	23720
2693	21625	536	368	427	0	22956
2694	21760	417	283	335	0	22795
2695	1742	20885	253	394	0	23274
2696	21637	1309	251	359	0	23556
2697	22487	473	284	434	0	23678
2698	1627	299	336	21539	0	23801
2699	20856	308	313	1365	0	22842
2700	1545	20286	298	470	0	22599
2701	799	21685	244	463	0	23191
2702	627	1404	343	21230	0	23604
2703	571	570	322	21623	0	23086
2704	586	21543	269	1486	0	23884
2705	21478	1309	318	443	0	23548
2706	1539	22144	212	360	0	24255
2707	21713	1403	223	326	0	23665
2708	1589	21744	191	389	0	23913
2709	786	1256	214	20149	0	22405
2710	636	20792	262	1389	0	23079
2711	21644	1352	268	383	0	23647
2712	21664	535	745	336	0	23280
2713	22182	468	289	315	0	23254
2714	1573	506	19880	253	0	22212
2715	556	208	15669	157	0	16590
2716	290	14703	544	165	0	15702
2717	239	614	14836	147	0	15836
2718	147	167	13595	109	0	14018
2719	75	72	246	10884	0	11277
2720	74	68	11586	265	0	11993
2721	50	11310	204	82	0	11646
2722	11694	228	38	60	0	12020
2723	231	11288	46	61	0	11626
2724	64	11667	46	54	0	11831
2725	12213	225	30	37	0	12505
2726	12869	65	28	41	0	13003
2727	195	13380	26	61	0	13662
2728	14905	211	29	46	0	15191
2729	14825	56	37	44	0	14962
2730	15072	55	34	53	0	15214
2731	258	68	14452	45	0	14823
2732	71	77	13780	37	0	13965
2733	58	61	167	14254	0	14540
2734	51	62	39	14883	0	15035
2735	15130	33	38	204	0	15405
2736	194	13943	43	68	0	14248
2737	69	186	33	14610	0	14898
2738	63	49	35	14693	0	14840
2739	71	54	28	15307	0	15460
2740	52	62	30	15274	0	15418
2741	85	44	14976	255	0	15360
2742	80	59	15226	104	0	15469
2743	76	44	258	16181	0	16559
2744	73	45	16650	280	0	17048
2745	15860	32	276	126	0	16294
2746	296	38	111	16939	0	17384
2747	142	42	17348	282	0	17814
2748	15918	32	266	117	0	16333
2749	292	16626	124	98	0	17140
2750	17563	245	72	59	0	17939
2751	310	17368	69	69	0	17816
2752	138	271	43	17332	0	17784
2753	106	130	17210	270	0	17716
2754	90	77	261	17071	0	17499
2755	90	72	16902	299	0	17363
2756	16433	54	268	134	0	16889
2757	313	50	116	18165	0	18644
2758	18415	70	70	285	0	18840
2759	337	70	18133	141	0	18681
2760	18466	61	291	90	0	18908
2761	20987	46	123	84	0	21240
2762	493	65	20809	59	0	21426
2763	216	46	331	20322	0	20915
2764	163	62	20604	347	0	21176
2765	69	19685	308	125	0	20187
2766	20341	540	144	73	0	21098
2767	20199	92	101	45	0	20437
2768	384	55	20807	40	0	21286
2769	178	36	20693	199	0	21106
2770	87	34	357	20272	0	20750
2771	74	31	169	21866	0	22140
2772	22133	31	92	329	0	22585
2773	287	21195	88	162	0	21732
2774	22319	246	66	78	0	22709
2775	22757	99	65	64	0	22985
2776	401	58	21711	56	0	22226
2777	20935	33	267	62	0	21297
2778	345	49	22414	51	0	22859
2779	190	33	301	21833	0	22357
2780	133	36	23115	290	0	23574
2781	97	24	321	22633	0	23075
2782	115	25	23147	310	0	23597
2783	22575	21	350	138	0	23084
2784	23768	17	165	106	0	24056
2785	378	22	134	23474	0	24008
2786	24066	27	91	307	0	24491
2787	363	21	90	23762	0	24236
2788	182	23258	100	336	0	23876
2789	24623	248	85	148	0	25104
2790	330	23954	88	138	0	24510
2791	192	292	64	24860	0	25408
2792	143	123	70	24890	0	25226
2793	112	77	69	24915	0	25173
2794	99	51	70	24666	0	24886
2795	103	58	24074	453	0	24688
2796	21608	58	294	254	0	22214
2797	23946	43	142	167	0	24298
2798	403	23763	114	151	0	24431
2799	222	262	84	24400	0	24968
2800	142	135	92	24996	0	25365
2801	133	83	23953	421	0	24590
2802	23037	30	313	227	0	23607
2803	334	53	177	24144	0	24708
2804	193	50	24020	344	0	24607
2805	22846	55	274	195	0	23370
2806	23569	35	161	160	0	23925
2807	23522	36	121	123	0	23802
2808	456	40	23416	105	0	24017
2809	257	60	22018	115	0	22450
2810	22690	21	340	106	0	23157
2811	323	43	227	23535	0	24128
2812	248	44	107	24629	0	25028
2813	182	41	24486	355	0	25064
2814	22054	51	289	220	0	22614
2815	309	30	173	24165	0	24677
2816	25389	29	144	299	0	25861
2817	25259	31	106	209	0	25605
2818	24913	27	107	170	0	25217
2819	476	35	25094	129	0	25734
2820	274	31	301	24968	0	25574
2821	25704	44	174	331	0	26253
2822	378	25303	158	220	0	26059
2823	285	268	100	26044	0	26697
2824	210	136	100	26543	0	26989
2825	26002	84	103	472	0	26661
2826	25386	42	107	296	0	25831
2827	523	46	90	25349	0	26008
2828	353	55	24046	384	0	24838
2829	23729	66	356	234	0	24385
2830	465	44	24261	182	0	24952
2831	24450	32	397	135	0	25014
2832	25041	31	223	132	0	25427
2833	544	52	25066	128	0	25790
2834	302	40	374	24521	0	25237
2835	241	44	26492	410	0	27187
2836	204	27867	444	263	0	28778
2837	180	372	238	27700	0	28490
2838	171	29236	178	395	0	29980
2839	151	398	102	29786	0	30437
2840	155	167	29875	478	0	30675
2841	165	29209	474	295	0	30143
2842	146	30715	191	179	0	31231
2843	323	559	102	32007	0	32991
2844	32037	188	51	514	0	32790
2845	516	101	67	35189	0	35873
2846	35903	65	74	873	0	36915
2847	902	35656	66	300	0	36924
2848	41567	880	62	187	0	42696
2849	1226	284	44815	126	0	46451
2850	381	122	1062	43848	0	45413
2851	218	69	309	45098	0	45694
2852	167	85	44376	1435	0	46063
2853	42817	72	1110	476	0	44475
2854	45702	86	348	276	0	46412
2855	1375	44781	210	227	0	46593
2856	495	1172	168	41774	0	43609
2857	254	43259	170	936	0	44619
2858	180	1131	43308	347	0	44966
2859	194	391	43579	205	0	44369
2860	148	508	1278	42885	0	44819
2861	42722	84	404	1070	0	44280
2862	1033	41078	191	398	0	42700
2863	43256	1013	106	214	0	44589
2864	1195	346	41588	112	0	43241
2865	42543	182	1035	116	0	43876
2866	44246	135	329	105	0	44815
2867	1434	129	42964	132	0	44659
2868	486	96	1134	41753	0	43469
2869	43534	94	362	1157	0	45147
2870	43816	68	231	344	0	44459
2871	43360	101	168	205	0	43834
2872	1529	87	105	42445	0	44166
2873	574	102	41327	1165	0	43168
2874	41349	94	1142	371	0	42956
2875	1334	109	42320	229	0	43992
2876	479	96	1219	41764	0	43558
2877	336	95	392	41187	0	42010
2878	299	41662	245	1325	0	43531
2879	285	1104	41603	462	0	43454
2880	244	40088	1219	309	0	41860
2881	314	41740	408	285	0	42747
2882	272	1430	291	41464	0	43457
2883	281	476	40848	1234	0	42839
2884	226	239	1192	40703	0	42360
2885	230	203	41513	1335	0	43281
2886	227	173	1277	40939	0	42616
2887	236	177	442	42383	0	43238
2888	232	196	40117	1527	0	42072
2889	202	173	1217	39704	0	41296
2890	239	183	40707	1427	0	42556
2891	277	181	39827	583	0	40868
2892	251	39403	1489	413	0	41556
2893	41676	1179	562	360	0	43777
2894	1339	391	40830	343	0	42903
2895	38812	250	1365	277	0	40704
2896	1372	217	515	41823	0	43927
2897	578	200	40654	1352	0	42784
2898	363	39356	1315	653	0	41687
2899	311	1233	542	41102	0	43188
2900	351	427	40701	1330	0	42809
2901	310	305	1364	38405	0	40384
2902	341	40122	594	1253	0	42310
2903	42126	1279	424	527	0	44356
2904	1382	487	341	42212	0	44422
2905	43486	326	301	1467	0	45580
2906	43762	218	359	630	0	44969
2907	44135	238	351	439	0	45163
2908	44195	205	332	437	0	45169
2909	43539	258	356	339	0	44492
2910	1729	40906	320	709	0	43664
2911	772	1252	298	42104	0	44426
2912	552	464	322	42491	0	43829
2913	506	296	274	42876	0	43952
2914	501	263	40496	1737	0	42997
2915	488	39719	1314	770	0	42291
2916	41922	1244	536	493	0	44195
2917	41906	456	421	442	0	43225
2918	1653	41223	405	506	0	43787
2919	722	42890	399	515	0	44526
2920	42540	1587	301	472	0	44900
2921	1631	598	40673	374	0	43276
2922	630	401	1417	40258	0	42706
2923	41024	302	821	1475	0	43622
2924	1556	271	412	39503	0	41742
2925	633	39937	405	1411	0	42386
2926	505	1347	331	41300	0	43483
2927	437	521	39793	1983	0	42734
2928	39718	355	1353	658	0	42084
2929	42782	275	553	492	0	44102
2930	1712	265	403	41158	0	43538
2931	769	240	350	42463	0	43822
2932	40646	212	305	1741	0	42904
2933	1462	39611	348	809	0	42230
2934	656	1214	299	40133	0	42302
2935	503	406	283	40444	0	41636
2936	37119	278	264	1695	0	39356
2937	1404	36819	254	795	0	39272
2938	36753	1171	219	515	0	38658
2939	1439	35767	248	409	0	37863
2940	574	36505	210	391	0	37680
2941	37229	1371	453	333	0	39386
2942	1319	38001	234	382	0	39936
2943	476	1405	533	36751	0	39165
2944	372	554	35986	1521	0	38433
2945	219	324	31994	522	0	33059
2946	177	226	31108	332	0	31843
2947	158	30093	1264	241	0	31756
2948	25522	681	746	89	0	27038
2949	634	281	172	23023	0	24110
2950	286	165	85	24314	0	24850
2951	181	90	23282	868	0	24421
2952	23282	75	653	414	0	24424
2953	687	58	288	24718	0	25751
2954	309	67	171	25217	0	25764
2955	167	68	85	25695	0	26015
2956	24876	61	89	1095	0	26121
2957	748	63	23760	485	0	25056
2958	24002	61	688	273	0	25024
2959	841	372	291	24359	0	25863
2960	392	85	24759	773	0	26009
2961	23772	61	691	406	0	24930
2962	797	76	24452	233	0	25558
2963	382	67	774	23378	0	24601
2964	253	69	25029	747	0	26098
2965	134	59	23687	344	0	24224
2966	22889	48	927	196	0	24060
2967	681	54	23904	138	0	24777
2968	339	45	804	23163	0	24351
2969	23506	52	423	672	0	24653
2970	675	63	266	23484	0	24488
2971	377	59	23303	787	0	24526
2972	226	66	22941	394	0	23627
2973	141	22326	950	250	0	23667
2974	146	606	460	23280	0	24492
2975	22557	298	251	694	0	23800
2976	660	21964	191	436	0	23251
2977	22947	621	156	292	0	24016
2978	777	305	148	22255	0	23485
2979	22373	167	148	757	0	23445
2980	817	21493	129	443	0	22882
2981	415	623	103	22220	0	23361
2982	22239	294	135	760	0	23428
2983	743	21720	136	439	0	23038
2984	423	657	136	22188	0	23404
2985	262	339	132	22015	0	22748
2986	22252	181	138	946	0	23517
2987	792	105	134	22298	0	23329
2988	417	116	168	22558	0	23259
2989	271	93	163	23196	0	23723
2990	211	83	20527	1163	0	21984
2991	20297	94	777	608	0	21776
2992	769	61	406	24286	0	25522
2993	429	86	26101	1127	0	27743
2994	26997	69	1211	527	0	28804
2995	1304	103	27442	376	0	29225
2996	547	73	1328	26226	0	28174
2997	337	26294	586	1239	0	28456
2998	229	1103	311	28547	0	30190
2999	238	416	27470	1453	0	29577
3000	186	285	29015	666	0	30152
3001	191	156	1576	28801	0	30724
3002	206	136	28439	1417	0	30198
3003	27242	108	1411	635	0	29396
3004	1277	131	27715	396	0	29519
3005	556	125	1381	26165	0	28227
3006	361	102	586	27753	0	28802
3007	234	106	365	28288	0	28993
3008	27093	117	258	1815	0	29283
3009	27592	103	207	866	0	28768
3010	27852	94	218	503	0	28667
3011	1738	91	206	26917	0	28952
3012	730	70	201	28235	0	29236
3013	398	69	25709	1838	0	28014
3014	310	83	25557	865	0	26815
3015	277	25846	1509	573	0	28205
3016	236	1528	571	23984	0	26319
3017	228	386	319	24266	0	25199
3018	221	24208	250	1421	0	26100
3019	24355	1086	236	672	0	26349
3020	1144	24460	222	424	0	26250
3021	25023	1189	233	291	0	26736
3022	1298	478	187	24464	0	26427
3023	24891	240	185	1267	0	26583
3024	1283	153	181	25183	0	26800
3025	575	148	23195	1411	0	25329
3026	293	126	1164	24573	0	26156
3027	23041	99	531	1428	0	25099
3028	1207	87	320	23695	0	25309
3029	528	91	209	24398	0	25226
3030	328	102	21956	1703	0	24089
3031	269	80	1126	23423	0	24898
3032	229	83	481	22985	0	23778
3033	211	22072	261	1717	0	24261
3034	234	1032	191	23241	0	24698
3035	240	389	146	23985	0	24760
3036	266	186	149	23630	0	24231
3037	216	22028	177	1802	0	24223
3038	219	994	127	22913	0	24253
3039	21131	405	163	1485	0	23184
3040	1078	20824	172	757	0	22831
3041	363	19076	159	404	0	20002
3042	161	17860	82	238	0	18341
3043	102	1217	92	15922	0	17333
3044	102	15909	175	855	0	17041
3045	152	17145	223	394	0	17914
3046	16693	820	234	240	0	17987
3047	870	290	15690	244	0	17094
3048	16238	193	834	271	0	17536
3049	830	188	299	15879	0	17196
3050	274	176	15369	995	0	16814
3051	15242	106	956	488	0	16792
3052	791	120	15327	349	0	16587
3053	276	78	15440	381	0	16175
3054	15079	72	1092	298	0	16541
3055	894	56	552	15378	0	16880
3056	386	71	15197	962	0	16616
3057	15118	82	934	551	0	16685
3058	15939	65	362	532	0	16898
3059	1045	65	14886	502	0	16498
3060	15940	77	789	384	0	17190
3061	16709	61	306	332	0	17408
3062	1279	68	15390	324	0	17061
3063	15850	66	823	405	0	17144
3064	15734	59	374	463	0	16630
3065	1055	86	14923	385	0	16449
3066	419	142	16302	311	0	17174
3067	253	194	1098	15952	0	17497
3068	184	193	16044	1096	0	17517
3069	16375	199	911	558	0	18043
3070	979	257	310	16337	0	17883
3071	477	265	180	17612	0	18534
3072	446	256	16214	1212	0	18128
3073	385	226	853	16858	0	18322
3074	374	170	16332	1260	0	18136
3075	16610	134	945	636	0	18325
3076	17571	102	384	478	0	18535
3077	1213	103	16437	476	0	18229
3078	16807	110	1005	443	0	18365
3079	17987	110	350	488	0	18935
3080	1292	94	17230	499	0	19115
3081	17847	111	969	517	0	19444
3082	18598	106	421	515	0	19640
3083	1177	115	17439	525	0	19256
3084	17661	155	950	529	0	19295
3085	1094	182	17715	530	0	19521
3086	399	180	889	17724	0	19192
3087	273	131	346	18377	0	19127
3088	227	164	195	19210	0	19796
3089	217	206	17356	1467	0	19246
3090	17035	217	831	742	0	18825
3091	1032	237	17052	495	0	18816
3092	381	14273	619	292	0	15565
3093	147	11788	214	117	0	12266
3094	9617	317	79	73	0	10086
3095	326	115	93	9722	0	10256
3096	145	9897	80	274	0	10396
3097	10379	254	71	132	0	10836
3098	9945	78	67	88	0	10178
3099	351	10287	87	81	0	10806
3100	181	257	63	8751	0	9252
3101	114	9354	69	227	0	9764
3102	10037	259	77	100	0	10473
3103	10186	113	66	68	0	10433
3104	361	60	67	9821	0	10309
3105	9857	40	72	266	0	10235
3106	354	24	54	9699	0	10131
3107	178	43	9316	289	0	9826
3108	9363	35	301	120	0	9819
3109	367	38	9297	68	0	9770
3110	171	30	298	9377	0	9876
3111	9635	29	146	295	0	10105
3112	337	38	87	9733	0	10195
3113	173	23	9687	313	0	10196
3114	136	27	9724	133	0	10020
3115	406	157	599	9111	0	10273
3116	9267	15	143	296	0	9721
3117	306	9312	94	131	0	9843
3118	149	266	88	9634	0	10137
3119	124	86	9993	321	0	10524
3120	9987	40	316	118	0	10461
3121	10618	37	136	70	0	10861
3122	429	22	10016	72	0	10539
3123	9900	33	304	56	0	10293
3124	369	30	129	10100	0	10628
3125	178	23	10034	290	0	10525
3126	9885	32	310	134	0	10361
3127	338	30	128	10322	0	10818
3128	120	29	69	9555	0	9773
3129	9680	17	74	339	0	10110
3130	297	9167	62	119	0	9645
3131	133	9502	45	88	0	9768
3132	9680	278	44	68	0	10070
3133	9346	96	59	58	0	9559
3134	370	46	9510	56	0	9982
3135	144	34	9244	66	0	9488
3136	119	15	307	9428	0	9869
3137	9468	18	380	286	0	10152
3138	9315	18	79	115	0	9527
3139	9464	12	70	85	0	9631
3140	349	8906	56	80	0	9391
3141	147	9605	72	57	0	9881
3142	101	286	46	10033	0	10466
3143	100	102	41	9994	0	10237
3144	90	59	41	10986	0	11176
3145	94	44	11247	366	0	11751
3146	92	60	10511	134	0	10797
3147	11082	27	430	84	0	11623
3148	11736	27	150	65	0	11978
3149	461	21	89	11429	0	12000
3150	186	26	75	11520	0	11807
3151	129	30	63	12226	0	12448
3152	117	39	10845	516	0	11517
3153	97	31	10768	183	0	11079
3154	55	21	367	10684	0	11127
3155	47	36	10884	399	0	11366
3156	35	10432	358	152	0	10977
3157	45	10987	120	103	0	11255
3158	10984	373	81	72	0	11510
3159	335	11088	77	65	0	11565
3160	134	363	48	10607	0	11152
3161	84	115	57	10795	0	11051
3162	66	11561	39	435	0	12101
3163	67	394	52	11940	0	12453
3164	62	117	11265	495	0	11939
3165	58	11101	401	191	0	11751
3166	41	347	108	10739	0	11235
3167	46	94	10458	398	0	10996
3168	30	10248	356	133	0	10767
3169	35	304	94	9632	0	10065
3170	33	10100	72	294	0	10499
3171	39	322	30	9650	0	10041
3172	28	95	33	9464	0	9620
3173	23	9544	41	315	0	9923
3174	9432	285	39	118	0	9874
3175	9220	94	33	83	0	9430
3176	325	9364	25	80	0	9794
3177	100	9645	35	69	0	9849
3178	46	334	25	9723	0	10128
3179	36	129	8987	310	0	9462
3180	8413	76	294	90	0	8873
3181	8722	65	81	70	0	8938
3182	356	45	8360	60	0	8821
3183	8291	50	294	45	0	8680
3184	8754	59	81	50	0	8944
3185	359	53	8030	60	0	8502
3186	7943	47	288	59	0	8337
3187	353	45	8037	52	0	8487
3188	114	7795	320	57	0	8286
3189	8195	298	87	40	0	8620
3190	8401	102	61	46	0	8610
3191	367	79	8615	57	0	9118
3192	8873	59	290	54	0	9276
3193	9337	51	86	65	0	9539
3194	368	38	8995	67	0	9468
3195	9128	44	301	39	0	9512
3196	9609	35	101	36	0	9781
3197	390	37	8768	48	0	9243
3198	8913	53	306	34	0	9306
3199	359	35	94	8456	0	8944
3200	124	39	80	8675	0	8918
3201	110	60	8297	341	0	8808
3202	92	49	8141	133	0	8415
3203	85	55	340	8129	0	8609
3204	76	57	124	8485	0	8742
3205	8876	55	75	352	0	9358
3206	361	53	8771	136	0	9321
3207	8912	46	339	87	0	9384
3208	400	38	105	9335	0	9878
3209	133	41	9734	337	0	10245
3210	10086	48	393	102	0	10629
3211	432	28	131	10635	0	11226
3212	160	35	10360	401	0	10956
3213	10080	44	382	156	0	10662
3214	407	29	127	10420	0	10983
3215	10523	32	130	407	0	11092
3216	448	48	10155	142	0	10793
3217	177	22	320	9116	0	9635
3218	121	10377	135	284	0	10917
3219	10391	328	94	116	0	10929
3220	10280	113	62	84	0	10539
3221	454	10671	73	67	0	11265
3222	11496	364	77	47	0	11984
3223	11675	116	60	51	0	11902
3224	11853	71	75	69	0	12068
3225	537	11283	78	57	0	11955
3226	224	362	46	11568	0	12200
3227	152	122	11220	394	0	11888
3228	108	73	394	10916	0	11491
3229	105	43	145	11392	0	11685
3230	86	40	11265	497	0	11888
3231	89	49	11308	207	0	11653
3232	101	46	482	10059	0	10688
3233	101	11003	186	339	0	11629
3234	11453	373	110	128	0	12064
3235	11458	122	77	85	0	11742
3236	487	11423	72	94	0	12076
3237	11675	361	69	60	0	12165
3238	12043	129	47	57	0	12276
3239	517	71	11522	71	0	12181
3240	11014	46	381	54	0	11495
3241	447	10915	123	100	0	11585
3242	188	349	10851	81	0	11469
3243	160	123	10785	53	0	11121
3244	93	9856	411	52	0	10412
3245	9549	252	117	36	0	9954
3246	313	93	9622	28	0	10056
3247	125	55	274	9437	0	9891
3248	98	44	9751	268	0	10161
3249	9122	36	298	110	0	9566
3250	305	44	12550	74	0	12973
3251	134	37	12376	38	0	12585
3252	12327	26	294	48	0	12695
3253	268	12668	139	46	0	13121
3254	13464	227	87	26	0	13804
3255	13278	96	64	27	0	13465
3256	336	65	41	12909	0	13351
3257	159	14150	54	228	0	14591
3258	14910	238	57	94	0	15299
3259	291	106	14489	66	0	14952
3260	13805	53	240	52	0	14150
3261	287	14279	122	45	0	14733
3262	13914	172	67	15	0	14168
3263	13906	75	50	24	0	14055
3264	246	13739	52	38	0	14075
3265	101	184	43	14497	0	14825
3266	14571	70	35	164	0	14840
3267	196	14104	42	77	0	14419
3268	99	173	32	14659	0	14963
3269	15161	67	35	168	0	15431
3270	198	44	32	15438	0	15712
3271	103	26	50	15276	0	15455
3272	78	15091	43	219	0	15431
3273	15350	188	33	75	0	15646
3274	15509	81	50	31	0	15671
3275	15709	39	25	34	0	15807
3276	259	16055	42	34	0	16390
3277	16813	186	27	28	0	17054
3278	16841	74	30	39	0	16984
3279	261	43	24	16460	0	16788
3280	112	52	36	16668	0	16868
3281	93	40	16591	236	0	16960
3282	69	32	181	16121	0	16403
3283	79	39	72	16548	0	16738
3284	65	50	16920	241	0	17276
3285	14874	49	190	107	0	15220
3286	256	34	17014	45	0	17349
3287	152	47	17283	49	0	17531
3288	81	51	208	17870	0	18210
3289	94	50	76	18000	0	18220
3290	89	17946	65	205	0	18305
3291	18130	186	40	95	0	18451
3292	17596	81	34	57	0	17768
3293	251	17242	32	62	0	17587
3294	123	18067	58	67	0	18315
3295	87	250	46	18237	0	18620
3296	56	18609	46	204	0	18915
3297	19319	251	44	89	0	19703
3298	19160	90	49	45	0	19344
3299	320	61	40	18864	0	19285
3300	126	39	52	19204	0	19421
3301	19526	35	39	299	0	19899
3302	273	60	18446	126	0	18905
3303	18707	34	241	80	0	19062
3304	316	56	18535	47	0	18954
3305	18284	37	210	41	0	18572
3306	253	31	89	18454	0	18827
3307	140	35	19099	206	0	19480
3308	93	52	18305	95	0	18545
3309	18124	21	185	33	0	18363
3310	18629	25	64	30	0	18748
3311	190	18854	62	43	0	19149
3312	73	161	36	20368	0	20638
3313	53	52	34	22046	0	22185
3314	21718	31	28	311	0	22088
3315	263	21019	47	134	0	21463
3316	21507	245	40	50	0	21842
3317	286	20771	41	62	0	21160
3318	84	20131	27	31	0	20273
3319	20946	225	15	30	0	21216
3320	250	84	20065	111	0	20510
3321	71	29	198	19866	0	20164
3322	263	24	48	19929	0	20264
3323	51	19	19822	287	0	20179
3324	19	22	192	19236	0	19469
3325	28	35	58	18749	0	18870
3326	22	19321	38	240	0	19621
3327	20037	197	17	79	0	20330
3328	226	75	19932	37	0	20270
3329	19272	33	193	31	0	19529
3330	239	19903	83	45	0	20270
3331	84	222	33	21025	0	21364
3332	22128	75	12	254	0	22469
3333	252	34	15	21950	0	22251
3334	83	28	15	22194	0	22320
3335	60	37	21557	331	0	21985
3336	20378	31	236	133	0	20778
3337	21874	39	79	57	0	22049
3338	348	39	21645	59	0	22091
3339	125	37	241	21536	0	21939
3340	87	27	22224	276	0	22614
3341	21968	17	261	129	0	22375
3342	23229	13	101	84	0	23427
3343	330	28	53	23017	0	23428
3344	22978	24	36	530	0	23568
3345	308	18	23560	122	0	24008
3346	129	18	261	23371	0	23779
3347	70	32	116	23468	0	23686
3348	65	39	62	24168	0	24334
3349	73	23	49	24101	0	24246
3350	21462	80	30	391	0	21963
3351	326	27	20940	239	0	21532
3352	183	23	285	21265	0	21756
3353	87	24	20778	402	0	21291
3354	105	33	20381	226	0	20745
3355	81	19	390	20576	0	21066
3356	117	20	133	20873	0	21143
3357	20059	10	65	379	0	20513
3358	304	23	144	19819	0	20290
3359	141	23	53	20439	0	20656
3360	90	41	131	20783	0	21045
3361	20230	23	69	423	0	20745
3362	20113	25	70	199	0	20407
3363	20114	22	49	232	0	20417
3364	19807	17	39	152	0	20015
3365	362	20098	151	156	0	20767
3366	182	285	46	20859	0	21372
3367	134	107	54	21442	0	21737
3368	21449	48	67	574	0	22138
3369	422	21524	68	351	0	22365
3370	248	468	64	22776	0	23556
3371	164	273	24156	570	0	25163
3372	27816	88	589	409	0	28902
3373	1091	29698	249	292	0	31330
3374	32324	968	157	346	0	33795
3375	33028	280	164	298	0	33770
3376	1544	107	177	32108	0	33936
3377	705	95	31746	1345	0	33891
3378	331	60	1224	34132	0	35747
3379	34240	46	438	1548	0	36272
3380	1321	48	220	34692	0	36281
3381	34477	32	218	1428	0	36155
3382	1635	33613	125	514	0	35887
3383	36933	1234	94	330	0	38591
3384	1609	342	121	36791	0	38863
3385	641	183	138	39778	0	40740
3386	39589	85	187	1836	0	41697
3387	39805	96	70	838	0	40809
3388	39951	62	65	543	0	40621
3389	39617	137	64	509	0	40327
3390	39642	59	86	456	0	40243
3391	2010	74	197	37857	0	40138
3392	852	88	36299	1572	0	38811
3393	456	36618	1290	710	0	39074
3394	37890	1254	545	478	0	40167
3395	1700	436	36232	280	0	38648
3396	36180	173	1236	455	0	38044
3397	1757	35558	457	404	0	38176
3398	37952	1285	171	449	0	39857
3399	1764	413	153	37219	0	39549
3400	676	216	153	38701	0	39746
3401	701	129	37363	1905	0	40098
3402	699	170	1305	37135	0	39309
3403	785	143	37575	1553	0	40056
3404	648	201	37425	724	0	38998
3405	38235	200	1611	457	0	40503
3406	41540	300	539	455	0	42834
3407	2076	140	39620	558	0	42394
3408	39790	114	1445	507	0	41856
3409	41175	155	467	336	0	42133
3410	2207	262	38803	335	0	41607
3411	996	37576	1385	452	0	40409
3412	927	1365	555	40065	0	42912
3413	40605	470	231	1492	0	42798
3414	41426	292	237	590	0	42545
3415	41606	178	293	453	0	42530
3416	41836	151	287	333	0	42607
3417	41729	205	382	372	0	42688
3418	2251	140	39350	311	0	42052
3419	1104	192	40243	418	0	41957
3420	912	386	1535	40274	0	43107
3421	41554	202	556	1557	0	43869
3422	42529	195	318	658	0	43700
3423	42679	265	376	484	0	43804
3424	41876	180	377	513	0	42946
3425	1948	39690	416	665	0	42719
3426	1054	43620	344	733	0	45751
3427	44313	1478	368	389	0	46548
3428	45086	460	294	355	0	46195
3429	2311	42468	234	380	0	45393
3430	44353	1281	255	296	0	46185
3431	1890	456	42254	284	0	44884
3432	1009	250	1312	41698	0	44269
3433	785	239	41880	1428	0	44332
3434	740	265	42075	566	0	43646
3435	795	198	1501	42111	0	44605
3436	860	146	510	44161	0	45677
3437	960	153	44110	1532	0	46755
3438	834	175	1294	42323	0	44626
3439	759	201	527	45300	0	46787
3440	44341	183	400	1707	0	46631
3441	44904	187	468	650	0	46209
3442	1947	203	435	44204	0	46789
3443	1030	188	43500	1503	0	46221
3444	810	42440	1335	746	0	45331
3445	44888	1236	546	376	0	47046
3446	1840	439	45277	452	0	48008
3447	918	43483	1449	436	0	46286
3448	661	46051	603	429	0	47744
3449	47140	1555	411	383	0	49489
3450	48055	524	391	375	0	49345
3451	2001	292	384	45927	0	48604
3452	987	308	49623	1419	0	52337
3453	771	234	1467	49693	0	52165
3454	745	161	661	50978	0	52545
3455	682	153	510	51952	0	53297
3456	50394	165	450	1858	0	52867
3457	1746	48377	503	734	0	51360
3458	880	52263	443	505	0	54091
3459	625	1632	394	52055	0	54706
3460	616	530	340	54077	0	55563
3461	53599	324	362	1869	0	56154
3462	50818	285	294	797	0	52194
3463	54094	199	239	526	0	55058
3464	2227	51569	310	454	0	54560
3465	52985	1249	335	357	0	54926
3466	1785	422	315	52047	0	54569
3467	1174	295	50365	1430	0	53264
3468	834	314	47137	594	0	48879
3469	48225	179	1408	390	0	50202
3470	1532	261	49001	346	0	51140
3471	726	317	45813	225	0	47081
3472	39890	149	833	168	0	41040
3473	745	71	40500	186	0	41502
3474	212	68	39388	71	0	39739
3475	139	138	534	37431	0	38242
3476	93	26	40981	228	0	41328
3477	67	28	243	38079	0	38417
3478	54	25	84	39119	0	39282
3479	155	16	39825	266	0	40262
3480	46	38965	282	130	0	39423
3481	41472	180	94	64	0	41810
3482	230	61	41540	43	0	41874
3483	78	53	39852	30	0	40013
3484	33216	41	413	44	0	33714
3485	203	20	39089	30	0	39342
3486	59	36760	230	39	0	37088
3487	50	37406	148	60	0	37664
3488	34	186	43	39829	0	40092
3489	14	88	24	39407	0	39533
3490	41566	36	21	191	0	41814
3491	40827	21	13	88	0	40949
3492	41139	16	21	62	0	41238
3493	447	24	18	40457	0	40946
3494	41457	14	25	164	0	41660
3495	40131	15	47	84	0	40277
3496	213	16	40886	55	0	41170
3497	110	40	39513	38	0	39701
3498	67	38822	248	58	0	39195
3499	31	150	72	41362	0	41615
3500	41748	52	42	154	0	41996
3501	150	39515	49	111	0	39825
3502	52	168	26	41261	0	41507
3503	41553	50	25	171	0	41799
3504	40212	37	28	70	0	40347
3505	216	39980	48	75	0	40319
3506	40477	151	16	38	0	40682
3507	39244	70	29	31	0	39374
3508	236	52	26	38655	0	38969
3509	120	48	39524	168	0	39860
3510	67	37486	227	103	0	37883
3511	39	38533	82	247	0	38901
3512	38677	180	37	34	0	38928
3513	157	90	34	37497	0	37778
3514	110	52	38442	152	0	38756
3515	55	37401	197	102	0	37755
3516	39553	186	72	49	0	39860
3517	39316	67	45	48	0	39476
3518	280	60	40666	44	0	41050
3519	115	26	214	38654	0	39009
3520	68	27	65	42073	0	42233
3521	66	31	44847	288	0	45232
3522	43576	39	427	155	0	44197
3523	56602	33	111	82	0	56828
3524	1077	49	99	67346	0	68571
3525	391	69428	125	1553	0	71497
3526	275	1591	49	76371	0	78286
3527	185	578	75165	2136	0	78064
3528	74885	337	1838	753	0	77813
3529	1966	183	579	79807	0	82535
3530	678	188	77757	2232	0	80855
3531	74441	190	2025	845	0	77501
3532	2107	120	738	78239	0	81204
3533	786	91	529	79644	0	81050
3534	77815	54	294	2693	0	80856
3535	2164	76507	324	1265	0	80260
3536	77546	1903	270	705	0	80424
3537	2525	608	186	77028	0	80347
3538	77538	395	180	2369	0	80482
3539	2669	319	73891	1138	0	78017
3540	1127	74403	1946	769	0	78245
3541	735	2109	652	77886	0	81382
3542	76502	776	396	2367	0	80041
3543	2245	75023	350	1122	0	78740
3544	1032	2159	321	77706	0	81218
3545	77682	813	301	2425	0	81221
3546	77134	607	323	1144	0	79208
3547	3140	386	263	76023	0	79812
3548	1565	346	74066	2774	0	78751
3549	939	471	72578	1301	0	75289
3550	72762	283	2745	1069	0	76859
3551	2749	72473	1158	817	0	77197
3552	1252	72022	703	689	0	74666
3553	70607	2661	511	658	0	74437
3554	2641	71972	555	631	0	75799
3555	1266	2959	514	72104	0	76843
3556	1015	1066	417	75723	0	78221
3557	73972	937	323	3148	0	78380
3558	72951	696	265	1533	0	75445
3559	73659	567	246	1038	0	75510
3560	3676	892	69444	803	0	74815
3561	1800	475	2181	70466	0	74922
3562	1383	423	69874	2795	0	74475
3563	1194	376	70711	1269	0	73550
3564	1095	297	72248	988	0	74628
3565	862	311	3525	67213	0	71911
3566	765	365	71270	2621	0	75021
3567	791	423	72222	1280	0	74716
3568	655	483	3569	69597	0	74304
3569	70684	413	1681	2838	0	75616
3570	2859	403	70557	1371	0	75190
3571	1298	411	2962	69271	0	73942
3572	1046	364	1419	73614	0	76443
3573	901	449	71833	3589	0	76772
3574	845	313	2805	71500	0	75463
3575	1042	328	72404	3371	0	77145
3576	879	418	3054	70213	0	74564
3577	795	418	1348	72540	0	75101
3578	747	396	1004	73220	0	75367
3579	680	406	891	73770	0	75747
3580	68586	320	914	4188	0	74008
3581	69520	331	896	2148	0	72895
3582	3414	286	67430	1707	0	72837
3583	1655	65556	2779	1639	0	71629
3584	1228	2248	68123	1237	0	72836
3585	1011	865	68222	1201	0	71299
3586	65488	543	3500	997	0	70528
3587	2956	66600	1942	987	0	72485
3588	68163	2428	1452	1038	0	73081
3589	3012	68203	1333	958	0	73506
3590	68427	2758	1299	900	0	73384
3591	70408	1051	1178	893	0	73530
3592	3687	809	1035	67008	0	72539
3593	1761	68378	900	3024	0	74063
3594	1365	2688	708	69449	0	74210
3595	1080	1220	669	71927	0	74896
3596	1089	830	67496	4040	0	73455
3597	1060	67590	2658	2258	0	73566
3598	948	2599	1246	69126	0	73919
3599	64475	1116	1092	3488	0	70171
3600	68821	812	909	1889	0	72431
3601	69923	542	943	1583	0	72991
3602	3705	67940	958	1302	0	73905
3603	70024	2708	786	1142	0	74660
3604	3457	72570	792	1165	0	77984
3605	1811	3068	738	75688	0	81305
3606	1592	1313	72664	3321	0	78890
3607	1306	918	3057	73058	0	78339
3608	1137	74567	1540	3404	0	80648
3609	1002	3094	1114	75021	0	80231
3610	886	1501	870	75868	0	79125
3611	782	75147	810	4217	0	80956
3612	75640	3301	780	2121	0	81842
3613	3264	1554	685	76039	0	81542
3614	1499	1271	72887	3846	0	79503
3615	1133	858	2875	74932	0	79798
3616	972	735	1250	78455	0	81412
3617	1047	710	72866	4656	0	79279
3618	1016	637	3056	68948	0	73657
3619	911	71498	1360	4130	0	77899
3620	871	3074	70888	2114	0	76947
3621	1261	1334	68469	1701	0	72765
3622	672	65701	3619	1402	0	71394
3623	533	57151	1488	947	0	60119
3624	464	44984	877	544	0	46869
3625	39448	2281	1170	410	0	43309
3626	35881	547	213	279	0	36920
3627	34474	270	170	209	0	35123
3628	1437	158	154	34269	0	36018
3629	540	184	32923	1210	0	34857
3630	268	180	1068	33808	0	35324
3631	194	147	415	35172	0	35928
3632	34124	139	252	1584	0	36099
3633	34782	162	183	654	0	35781
3634	1384	33728	183	403	0	35698
3635	34658	1126	141	298	0	36223
3636	35262	434	165	244	0	36105
3637	35671	308	158	267	0	36404
3638	1617	186	33620	254	0	35677
3639	637	200	33858	229	0	34924
3640	335	321	1353	33083	0	35092
3641	220	201	32894	1190	0	34505
3642	31751	313	1179	506	0	33749
3643	34031	167	477	293	0	34968
3644	1481	182	32174	251	0	34088
3645	31233	139	908	154	0	32434
3646	1125	31511	388	196	0	33220
3647	32009	919	202	160	0	33290
3648	1092	400	170	31713	0	33375
3649	519	206	156	30958	0	31839
3650	305	31466	142	1187	0	33100
3651	31697	915	128	494	0	33234
3652	31848	421	132	279	0	32680
3653	1297	31418	129	216	0	33060
3654	572	908	115	30586	0	32181
3655	375	399	123	30273	0	31170
3656	262	29789	142	1167	0	31360
3657	242	944	168	30096	0	31450
3658	223	404	152	31179	0	31958
3659	30089	249	146	1297	0	31781
3660	29507	188	137	572	0	30404
3661	1313	150	28836	338	0	30637
3662	28989	162	892	291	0	30334
3663	1173	184	28703	230	0	30290
3664	542	164	931	28511	0	30148
3665	375	159	28079	1048	0	29661
3666	268	27759	965	533	0	29525
3667	239	880	373	27964	0	29456
3668	224	410	190	29024	0	29848
3669	28206	247	140	1206	0	29799
3670	985	187	137	27570	0	28879
3671	510	167	25829	1086	0	27592
3672	25550	172	857	537	0	27116
3673	27123	158	399	359	0	28039
3674	27226	201	225	321	0	27973
3675	26069	199	180	281	0	26729
3676	1315	152	147	27171	0	28785
3677	617	167	143	27911	0	28838
3678	458	168	128	28730	0	29484
3679	344	123	161	30053	0	30681
3680	28856	143	177	1612	0	30788
3681	28534	114	177	725	0	29550
3682	1494	109	165	25959	0	27727
3683	653	26623	193	1471	0	28940
3684	27702	1008	199	554	0	29463
3685	1299	471	26263	359	0	28392
3686	615	27135	998	355	0	29103
3687	25477	995	373	246	0	27091
3688	1161	26380	219	255	0	28015
3689	559	1075	26189	223	0	28046
3690	26528	449	1001	222	0	28200
3691	26824	217	397	210	0	27648
3692	1486	197	25397	223	0	27303
3693	758	113	980	26400	0	28251
3694	499	120	390	27335	0	28344
3695	389	26592	261	1743	0	28985
3696	346	1016	185	27687	0	29234
3697	26277	439	167	1374	0	28257
3698	1221	26810	138	697	0	28866
3699	600	1063	149	27219	0	29031
3700	380	558	117	27842	0	28897
3701	385	303	25397	1490	0	27575
3702	333	26234	948	699	0	28214
3703	24240	944	380	351	0	25915
3704	921	20747	170	260	0	22098
3705	354	19025	128	172	0	19679
3706	18917	911	91	158	0	20077
3707	1138	351	80	17378	0	18947
3708	336	184	76	18137	0	18733
3709	17521	114	64	939	0	18638
3710	752	111	52	17989	0	18904
3711	337	98	62	18546	0	19043
3712	17999	98	57	1044	0	19198
3713	819	97	49	17685	0	18650
3714	348	17056	51	863	0	18318
3715	17168	647	35	390	0	18240
3716	762	311	15652	243	0	16968
3717	344	15836	570	217	0	16967
3718	203	620	194	16500	0	17517
3719	171	248	15086	702	0	16207
3720	131	147	15547	324	0	16149
3721	111	224	621	15076	0	16032
3722	15265	76	233	611	0	16185
3723	537	59	143	15145	0	15884
3724	262	92	71	15911	0	16336
3725	174	83	56	16195	0	16508
3726	155	82	64	16065	0	16366
3727	102	90	67	16316	0	16575
3728	120	93	14155	848	0	15216
3729	139	102	14339	411	0	14991
3730	83	54	555	14286	0	14978
3731	118	88	13874	572	0	14652
3732	136	13884	484	322	0	14826
3733	98	457	213	14045	0	14813
3734	93	222	13616	567	0	14498
3735	12441	113	503	326	0	13383
3736	464	13259	218	221	0	14162
3737	196	13478	144	207	0	14025
3738	154	13977	120	183	0	14434
3739	131	638	88	14407	0	15264
3740	14316	296	101	561	0	15274
3741	496	142	76	14619	0	15333
3742	14292	116	80	637	0	15125
3743	499	13938	92	335	0	14864
3744	14177	488	49	238	0	14952
3745	543	235	53	14050	0	14881
3746	271	201	64	14117	0	14653
3747	170	13730	45	690	0	14635
3748	146	485	60	14102	0	14793
3749	99	253	77	14265	0	14694
3750	143	177	59	14527	0	14906
3751	13799	127	76	760	0	14762
3752	13900	107	82	454	0	14543
3753	627	140	13370	306	0	14443
3754	13739	115	422	239	0	14515
3755	569	160	13455	224	0	14408
3756	318	113	465	13633	0	14529
3757	217	102	215	14106	0	14640
3758	144	129	116	14430	0	14819
3759	127	120	13324	838	0	14409
3760	150	99	450	13881	0	14580
3761	131	108	13467	706	0	14412
3762	135	112	464	13700	0	14411
3763	14099	95	240	656	0	15090
3764	495	89	13703	416	0	14703
3765	13740	116	492	286	0	14634
3766	538	77	222	14167	0	15004
3767	14007	81	158	617	0	14863
3768	496	13621	123	450	0	14690
3769	262	424	105	14304	0	15095
3770	170	237	15043	649	0	16099
3771	168	470	461	15513	0	16612
3772	112	116	228	15580	0	16036
3773	138	14796	159	714	0	15807
3774	166	442	14625	400	0	15633
3775	115	15224	452	319	0	16110
3776	13229	349	174	184	0	13936
3777	320	13780	122	206	0	14428
3778	13200	352	642	187	0	14381
3779	12915	172	65	132	0	13284
3780	12393	72	55	134	0	12654
3781	453	63	69	12407	0	12992
3782	218	55	11812	378	0	12463
3783	101	42	304	11638	0	12085
3784	63	11788	179	364	0	12394
3785	69	313	75	12368	0	12825
3786	11895	150	70	403	0	12518
3787	329	11586	66	364	0	12345
3788	154	318	43	11617	0	12132
3789	86	144	46	11751	0	12027
3790	11585	77	39	490	0	12191
3791	328	66	11121	274	0	11789
3792	175	10550	322	173	0	11220
3793	45	175	68	9489	0	9777
3794	39	66	8909	200	0	9214
3795	29	26	170	8913	0	9138
3796	24	8920	72	209	0	9225
3797	25	192	36	10033	0	10286
3798	20	70	24	9789	0	9903
3799	20	27	18	9463	0	9528
3800	11	34	9075	280	0	9400
3801	8530	17	191	129	0	8867
3802	191	30	73	9676	0	9970
3803	10298	19	33	262	0	10612
3804	10824	25	33	111	0	10993
3805	10936	21	21	56	0	11034
3806	10943	22	23	55	0	11043
3807	11236	14	21	55	0	11326
3808	417	11	9	10781	0	11218
3809	151	10481	32	301	0	10965
3810	75	259	12	10624	0	10970
3811	55	10342	21	293	0	10711
3812	37	244	10	10496	0	10787
3813	10392	76	15	276	0	10759
3814	253	45	6	10359	0	10663
3815	101	35	10027	280	0	10443
3816	9628	17	216	122	0	9983
3817	264	10113	80	60	0	10517
3818	10564	232	21	41	0	10858
3819	10578	81	23	36	0	10718
3820	10484	31	9	35	0	10559
3821	315	10061	14	37	0	10427
3822	118	228	9	11063	0	11418
3823	63	90	3	11241	0	11397
3824	52	40	10578	318	0	10988
3825	51	31	225	9976	0	10283
3826	49	29	74	10533	0	10685
3827	39	20	29	10717	0	10805
3828	45	10407	30	306	0	10788
3829	10782	236	15	120	0	11153
3830	10423	93	13	65	0	10594
3831	332	43	11158	61	0	11594
3832	134	10853	228	54	0	11269
3833	86	234	74	11436	0	11830
3834	83	86	26	11638	0	11833
3835	56	35	22	11657	0	11770
3836	56	41	22	11535	0	11654
3837	49	34	27	11518	0	11628
3838	46	44	10843	371	0	11304
3839	46	54	9601	177	0	9878
3840	10309	23	301	100	0	10733
3841	11029	35	92	92	0	11248
3842	11072	43	45	67	0	11227
3843	355	28	36	10530	0	10949
3844	141	43	10222	295	0	10701
3845	10200	24	254	138	0	10616
3846	10718	29	98	83	0	10928
3847	360	30	10214	81	0	10685
3848	10148	28	266	75	0	10517
3849	328	23	12266	71	0	12688
3850	148	24	274	12129	0	12575
3851	87	40	12330	288	0	12745
3852	11908	15	292	154	0	12369
3853	12553	24	117	83	0	12777
3854	12578	26	55	82	0	12741
3855	13196	26	45	78	0	13345
3856	408	24	13533	82	0	14047
3857	181	13323	291	77	0	13872
3858	14396	270	96	67	0	14829
3859	14412	97	52	63	0	14624
3860	408	52	14252	59	0	14771
3861	152	52	295	13809	0	14308
3862	108	32	103	14767	0	15010
3863	86	33	13804	393	0	14316
3864	12901	19	301	161	0	13382
3865	14108	22	112	108	0	14350
3866	370	13553	71	105	0	14099
3867	14278	262	50	89	0	14679
3868	14259	94	57	68	0	14478
3869	14685	39	56	60	0	14840
3870	13370	42	48	50	0	13510
3871	475	30	12804	54	0	13363
3872	12596	26	280	54	0	12956
3873	399	19	101	12476	0	12995
3874	195	12652	62	288	0	13197
3875	147	246	11894	106	0	12393
3876	113	12052	253	84	0	12502
3877	74	208	74	11862	0	12218
3878	72	64	11744	210	0	12090
3879	10819	32	186	69	0	11106
3880	208	28	11343	41	0	11620
3881	11029	21	176	22	0	11248
3882	198	11	56	11088	0	11353
3883	97	15	39	11028	0	11179
3884	74	10699	34	204	0	11011
3885	68	11271	32	72	0	11443
3886	61	174	27	11541	0	11803
3887	12148	68	32	167	0	12415
3888	12140	31	29	62	0	12262
3889	12112	24	37	32	0	12205
3890	267	27	12949	34	0	13277
3891	12853	17	168	50	0	13088
3892	224	476	12963	45	0	13708
3893	96	42	12770	29	0	12937
3894	12897	295	269	33	0	13494
3895	13366	14	63	24	0	13467
3896	238	24	13106	14	0	13382
3897	100	27	167	12154	0	12448
3898	62	16	66	12931	0	13075
3899	12870	16	32	203	0	13121
3900	12954	8	36	73	0	13071
3901	230	40	15191	44	0	15505
3902	102	14453	148	41	0	14744
3903	45	14213	48	24	0	14330
3904	14723	63	12	10	0	14808
3905	76	19	12	14568	0	14675
3906	43	11	9	14949	0	15012
3907	22	10	19	15139	0	15190
3908	11478	36	42	92	0	11648
3909	71	3	13	15169	0	15256
3910	15160	5	20	65	0	15250
3911	15089	5	13	35	0	15142
3912	95	16184	15	27	0	16321
3913	47	66	14	18750	0	18877
3914	38	25	18833	153	0	19049
3915	18903	19	162	80	0	19164
3916	19572	8	82	29	0	19691
3917	19300	9	28	27	0	19364
3918	369	18	19326	30	0	19743
3919	194	8	232	19152	0	19586
3920	19326	9	134	221	0	19690
3921	18935	13	63	136	0	19147
3922	18203	8	48	54	0	18313
3923	415	17734	43	60	0	18252
3924	235	18716	55	59	0	19065
3925	154	308	38	19124	0	19624
3926	138	149	38	18752	0	19077
3927	117	18627	35	339	0	19118
3928	20119	227	26	156	0	20528
3929	318	173	20191	80	0	20762
3930	183	96	216	20117	0	20612
3931	83	82	127	19880	0	20172
3932	79	80	19951	368	0	20478
3933	18541	67	244	214	0	19066
3934	20562	51	140	131	0	20884
3935	366	19589	105	107	0	20167
3936	20791	219	79	98	0	21187
3937	350	145	20856	89	0	21440
3938	21596	53	270	73	0	21992
3939	380	60	22211	60	0	22711
3940	21962	41	280	60	0	22343
3941	23708	58	189	58	0	24013
3942	23860	49	87	41	0	24037
3943	23607	38	112	52	0	23809
3944	506	23264	114	64	0	23948
3945	24868	219	90	41	0	25218
3946	25876	137	91	50	0	26154
3947	570	64	25482	57	0	26173
3948	26007	65	250	46	0	26368
3949	457	64	141	24589	0	25251
3950	337	75	24404	265	0	25081
3951	24944	59	257	178	0	25438
3952	424	70	149	25715	0	26358
3953	26338	60	105	288	0	26791
3954	30378	55	96	208	0	30737
3955	499	80	31734	142	0	32455
3956	30935	47	275	121	0	31378
3957	31706	39	179	116	0	32040
3958	32322	41	102	108	0	32573
3959	32904	50	96	78	0	33128
3960	547	38	90	31971	0	32646
3961	357	31051	117	261	0	31786
3962	32766	243	108	161	0	33278
3963	32391	148	74	87	0	32700
3964	32514	57	93	81	0	32745
3965	601	78	31884	72	0	32635
3966	408	30586	274	99	0	31367
3967	306	266	177	32256	0	33005
3968	319	161	118	32586	0	33184
3969	290	90	33142	359	0	33881
3970	315	73	371	32007	0	32766
3971	304	74	33171	424	0	33973
3972	264	73	450	32319	0	33106
3973	238	57	248	35113	0	35656
3974	238	93	37308	615	0	38254
3975	35078	76	449	315	0	35918
3976	38717	67	253	215	0	39252
3977	680	83	39894	169	0	40826
3978	38309	67	454	173	0	39003
3979	39848	68	262	189	0	40367
3980	718	64	41093	148	0	42023
3981	454	52	446	39361	0	40313
3982	358	52	279	41291	0	41980
3983	42086	56	186	550	0	42878
3984	634	41660	162	361	0	42817
3985	42530	375	174	201	0	43280
3986	42923	205	156	142	0	43426
3987	735	42759	156	162	0	43812
3988	44662	379	120	146	0	45307
3989	44200	222	91	130	0	44643
3990	780	42419	116	137	0	43452
3991	475	471	106	43825	0	44877
3992	375	43427	123	442	0	44367
3993	339	505	98	44890	0	45832
3994	356	256	43734	477	0	44823
3995	319	181	43473	292	0	44265
3996	42306	137	594	188	0	43225
3997	45378	117	304	173	0	45972
3998	819	150	45903	151	0	47023
3999	45861	86	551	165	0	46663
4000	47573	81	315	164	0	48133
4001	45652	73	248	135	0	46108
4002	866	45794	225	173	0	47058
4003	525	410	176	48885	0	49996
4004	48706	210	171	513	0	49600
4005	47132	115	169	308	0	47724
4006	905	88	48057	164	0	49214
4007	580	65	491	46344	0	47480
4008	428	83	259	48270	0	49040
4009	354	47385	216	640	0	48595
4010	376	49936	157	358	0	50827
4011	360	698	100	49680	0	50838
4012	300	49721	155	634	0	50810
4013	48238	517	85	242	0	49082
4014	550	48937	91	224	0	49802
4015	50326	477	64	70	0	50937
4016	615	190	49905	60	0	50770
4017	50563	90	501	77	0	51231
4018	53773	47	195	54	0	54069
4019	53497	57	104	45	0	53703
4020	53392	49	93	59	0	53593
4021	1015	51363	110	81	0	52569
4022	501	666	76	54248	0	55491
4023	302	253	46	55478	0	56079
4024	249	208	54972	877	0	56306
4025	186	135	624	52704	0	53649
4026	183	105	222	56146	0	56656
4027	56666	69	175	964	0	57874
4028	771	54316	153	451	0	55691
4029	358	692	100	55800	0	56950
4030	259	263	111	56990	0	57623
4031	201	214	83	57690	0	58188
4032	56730	156	87	1158	0	58131
4033	864	134	81	56925	0	58004
4034	56956	107	110	1055	0	58228
4035	986	110	106	56736	0	57938
4036	501	95	95	58057	0	58748
4037	440	125	54753	1142	0	56460
4038	49341	100	790	567	0	50798
4039	1059	54017	347	358	0	55781
4040	59389	776	213	277	0	60655
4041	1181	288	146	56566	0	58181
4042	663	228	141	58055	0	59087
4043	59344	166	158	1194	0	60862
4044	58757	160	101	602	0	59620
4045	1531	173	94	61845	0	63643
4046	726	194	62229	1472	0	64621
4047	548	210	61875	651	0	63284
4048	333	64598	1513	527	0	66971
4049	69105	1596	490	450	0	71641
4050	67988	484	322	453	0	69247
4051	2130	356	242	66519	0	69247
4052	827	68905	175	1908	0	71815
4053	682	1841	105	70617	0	73245
4054	532	558	168	66993	0	68251
4055	429	62484	165	2380	0	65458
4056	62484	1827	135	1037	0	65483
4057	1998	571	153	62856	0	65578
4058	811	62471	234	1997	0	65513
4059	696	66249	161	810	0	67916
4060	66211	2147	197	755	0	69310
4061	2192	777	63814	606	0	67389
4062	65079	501	1771	514	0	67865
4063	2270	400	493	65911	0	69074
4064	910	325	409	66957	0	68601
4065	859	65824	255	2379	0	69317
4066	596	2022	185	68073	0	70876
4067	719	689	65056	2494	0	68958
4068	549	63477	1725	1181	0	66932
4069	459	66239	478	957	0	68133
4070	66437	2112	359	571	0	69479
4071	1894	66493	323	674	0	69384
4072	815	2127	221	66410	0	69573
4073	647	64760	305	2826	0	68538
4074	593	2109	219	64962	0	67883
4075	477	850	207	66615	0	68149
4076	601	716	62190	2601	0	66108
4077	521	596	1657	61152	0	63926
4078	481	521	490	64623	0	66115
4079	62240	518	407	2718	0	65883
4080	2120	456	60717	1366	0	64659
4081	942	421	1716	62951	0	66030
4082	855	508	61545	2480	0	65388
4083	60452	486	2009	1179	0	64126
4084	2226	63639	744	1090	0	67699
4085	68765	2221	608	830	0	72424
4086	2626	926	413	69673	0	73638
4087	1139	713	305	72013	0	74170
4088	955	592	68253	3257	0	73057
4089	61716	599	2165	1637	0	66117
4090	2449	70593	678	1290	0	75010
4091	64959	2666	533	1039	0	69197
4092	2815	1003	396	71642	0	75856
4093	1092	71106	366	2798	0	75362
4094	72016	2656	373	1186	0	76231
4095	2554	73192	287	1145	0	77178
4096	1069	3188	300	73007	0	77564
4097	895	1196	330	75071	0	77492
4098	752	912	314	74072	0	76050
4099	661	68682	400	4485	0	74228
4100	712	2594	387	72003	0	75696
4101	631	1011	332	74478	0	76452
4102	69008	867	318	3895	0	74088
4103	71100	747	349	1702	0	73898
4104	72101	652	289	1458	0	74500
4105	3543	709	68137	1195	0	73584
4106	70809	691	2354	943	0	74797
4107	73784	695	798	925	0	76202
4108	72631	718	562	984	0	74895
4109	3679	1067	66814	872	0	72432
4110	66873	600	2166	938	0	70577
4111	3103	671	734	69337	0	73845
4112	1440	554	69049	2904	0	73947
4113	1062	68905	2235	1497	0	73699
4114	836	3176	837	66271	0	71120
4115	716	65438	623	2435	0	69212
4116	662	68343	454	1162	0	70621
4117	64609	2796	339	829	0	68573
4118	2183	931	273	64681	0	68068
4119	66037	661	277	2406	0	69381
4120	2463	567	240	65767	0	69037
4121	66269	505	249	2552	0	69575
4122	2498	472	231	65267	0	68468
4123	65475	464	265	2587	0	68791
4124	2638	483	61381	1013	0	65515
4125	1093	467	1841	62981	0	66382
4126	899	509	62448	2926	0	66782
4127	750	537	59826	1105	0	62218
4128	651	467	63506	913	0	65537
4129	560	490	2411	61282	0	64743
4130	548	393	62315	2407	0	65663
4131	61905	339	2107	1053	0	65404
4132	2106	334	712	63771	0	66923
4133	898	377	67607	2488	0	71370
4134	717	350	1964	67989	0	71020
4135	648	522	714	70936	0	72820
4136	664	360	74036	2733	0	77793
4137	659	334	1975	72986	0	75954
4138	699	280	753	73337	0	75069
4139	718	72101	640	2457	0	75916
4140	74957	1923	477	1178	0	78535
4141	76708	581	449	947	0	78685
4142	2685	490	72790	815	0	76780
4143	71409	320	1789	740	0	74258
4144	2371	330	70824	660	0	74185
4145	974	331	67135	527	0	68967
4146	739	303	70168	574	0	71784
4147	671	1161	2434	63440	0	67706
4148	371	208	66540	1218	0	68337
4149	318	138	1090	63817	0	65363
4150	278	143	510	65165	0	66096
4151	320	116	395	66054	0	66885
4152	349	133	252	66287	0	67021
4153	64782	163	236	1471	0	66652
4154	63542	124	259	766	0	64691
4155	1221	64109	256	693	0	66279
4156	630	905	264	66700	0	68499
4157	510	396	67771	1188	0	69865
4158	402	67758	1266	686	0	70112
4159	362	1716	590	72635	0	75303
4160	333	552	73208	1827	0	75920
4161	304	333	1720	71107	0	73464
4162	280	276	72809	2071	0	75436
4163	294	271	71286	898	0	72749
4164	250	191	2161	73034	0	75636
4165	241	175	942	75485	0	76843
4166	74976	126	650	2524	0	78276
4167	1777	117	494	75957	0	78345
4168	74044	125	419	2427	0	77015
4169	1865	72243	429	1182	0	75719
4170	799	73783	384	880	0	75846
4171	593	2109	299	75689	0	78690
4172	75582	790	390	2109	0	78871
4173	1871	74800	347	1041	0	78059
4174	1318	1816	347	77664	0	81145
4175	79754	670	381	2075	0	82880
4176	80788	483	329	954	0	82554
4177	80565	306	385	730	0	81986
4178	81123	281	379	607	0	82390
4179	81766	206	390	551	0	82913
4180	2767	229	76604	575	0	80175
4181	1238	826	74428	462	0	76954
4182	804	75357	2054	498	0	78713
4183	586	1739	1294	76706	0	80325
4184	486	637	74758	1597	0	77478
4185	386	379	71663	650	0	73078
4186	320	409	1648	68432	0	70809
4187	302	189	74518	1533	0	76542
4188	337	227	71744	545	0	72853
4189	234	86923	2111	516	0	89784
4190	91532	2525	723	267	0	95047
4191	2525	99199	562	349	0	102635
4192	658	3360	371	103559	0	107948
4193	106403	807	340	3254	0	110804
4194	3391	107271	450	878	0	111990
4195	816	3605	323	109166	0	113910
4196	649	950	105587	3712	0	110898
4197	106452	637	3345	965	0	111399
4198	111590	370	853	752	0	113565
4199	115090	253	629	499	0	116471
4200	4678	315	364	114510	0	119867
4201	1489	366	110644	4010	0	116509
4202	935	110594	3588	1055	0	116172
4203	622	3675	829	115228	0	120354
4204	113623	893	563	4030	0	119109
4205	4136	783	109364	1030	0	115313
4206	1118	105660	3726	1177	0	111681
4207	896	3685	111320	510	0	116411
4208	107946	1035	4075	483	0	113539
4209	116298	682	1113	495	0	118588
4210	117320	426	789	395	0	118930
4211	5220	475	108551	409	0	114655
4212	1732	104529	3858	517	0	110636
4213	1223	3692	1107	106725	0	112747
4214	851	963	818	111672	0	114304
4215	711	696	557	113698	0	115662
4216	671	476	106881	5084	0	113112
4217	104893	392	3925	1763	0	110973
4218	4337	481	107510	1111	0	113439
4219	108021	399	4268	820	0	113508
4220	112690	418	1263	720	0	115091
4221	113052	440	918	696	0	115106
4222	111948	468	740	562	0	113718
4223	5613	647	105660	511	0	112431
4224	2237	507	3900	107185	0	113829
4225	1647	689	104089	4146	0	110571
4226	1284	100369	4144	1473	0	107270
4227	1163	109071	1307	1176	0	112717
4228	106940	4807	936	885	0	113568
4229	106722	1695	787	897	0	110101
4230	4956	107442	840	1124	0	114362
4231	110917	4444	740	813	0	116914
4232	5472	1631	103167	762	0	111032
4233	103096	1075	3976	930	0	109077
4234	5427	104174	1471	852	0	111924
4235	109952	4461	1066	782	0	116261
4236	107446	1568	975	756	0	110745
4237	6232	1076	909	102016	0	110233
4238	2791	943	829	106357	0	110920
4239	103704	837	1030	5318	0	110889
4240	5478	981	866	104017	0	111342
4241	103955	772	1021	5291	0	111039
4242	5987	757	816	104045	0	111605
4243	103117	744	1040	5182	0	110083
4244	103083	773	814	1841	0	106511
4245	6023	98290	1140	1411	0	106864
4246	2785	102080	897	1121	0	106883
4247	96375	5131	903	1039	0	103448
4248	5220	98189	838	1158	0	105405
4249	2344	4988	994	95628	0	103954
4250	2005	1746	966	100862	0	105579
4251	94259	1323	875	5629	0	102086
4252	5076	94321	1080	2258	0	102735
4253	2705	94590	1006	1781	0	100082
4254	2504	96068	1091	1336	0	100999
4255	2259	5366	90567	1245	0	99437
4256	2109	1971	93431	1106	0	98617
4257	2117	1354	91646	959	0	96076
4258	1825	2560	5360	74968	0	84713
4259	1689	82852	1639	3368	0	89548
4260	85038	3878	1051	1588	0	91555
4261	4604	1392	82866	1139	0	90001
4262	2144	1096	83314	1095	0	87649
4263	1923	983	86120	844	0	89870
4264	1721	954	4209	81555	0	88439
4265	1782	881	1564	84951	0	89178
4266	1769	868	1161	86788	0	90586
4267	84625	853	900	4284	0	90662
4268	85907	1083	852	1442	0	89284
4269	86682	818	784	1170	0	89454
4270	5042	855	919	83517	0	90333
4271	2363	868	80478	3813	0	87522
4272	1822	1033	81746	1346	0	85947
4273	1923	733	3776	81351	0	87783
4274	1733	787	1341	83433	0	87294
4275	79638	803	911	4261	0	85613
4276	4356	77492	736	1933	0	84517
4277	78870	3385	708	1281	0	84244
4278	4518	77218	656	1418	0	83810
4279	2128	3753	548	78513	0	84942
4280	1804	1246	76918	4130	0	84098
4281	1742	1034	3264	78346	0	84386
4282	80118	1023	919	4307	0	86367
4283	4524	828	77203	1706	0	84261
4284	77981	858	3262	1409	0	83510
4285	4805	723	77483	1172	0	84183
4286	2319	1008	77316	999	0	81642
4287	72273	765	3287	1091	0	77416
4288	4023	891	73908	1002	0	79824
4289	1175	505	53542	592	0	55814
4290	896	49643	2613	627	0	53779
4291	38030	2289	2804	1139	0	44262
4292	36730	646	174	313	0	37863
4293	36306	193	155	212	0	36866
4294	898	232	33471	217	0	34818
4295	31718	188	600	179	0	32685
4296	760	32985	228	188	0	34161
4297	33277	623	127	175	0	34202
4298	707	232	32134	187	0	33260
4299	253	378	1045	28399	0	30075
4300	158	107	27590	367	0	28222
4301	144	26671	384	187	0	27386
4302	108	254	118	26392	0	26872
4303	125	105	102	26862	0	27194
4304	27387	72	98	307	0	27864
4305	27250	73	77	137	0	27537
4306	26747	62	74	113	0	26996
4307	27027	42	88	96	0	27253
4308	26623	67	90	96	0	26876
4309	428	60	26259	69	0	26816
4310	167	64	303	25862	0	26396
4311	160	67	28247	296	0	28770
4312	115	46	349	27439	0	27949
4313	28487	62	149	353	0	29051
4314	28676	67	109	137	0	28989
4315	29083	68	90	99	0	29340
4316	28799	65	93	84	0	29041
4317	488	56	28521	344	0	29409
4318	194	44	375	28217	0	28830
4319	163	56	28969	381	0	29569
4320	136	27707	427	171	0	28441
4321	122	28568	190	116	0	28996
4322	130	455	122	28776	0	29483
4323	84	120	69	29765	0	30038
4324	99	60	85	31400	0	31644
4325	84	32	70	33561	0	33747
4326	33453	40	72	716	0	34281
4327	565	32571	92	293	0	33521
4328	32692	490	41	128	0	33351
4329	568	178	42	32225	0	33013
4330	257	71	54	31055	0	31437
4331	140	31387	68	611	0	32206
4332	103	474	65	32139	0	32781
4333	30669	177	37	562	0	31445
4334	502	28172	54	259	0	28987
4335	146	26103	30	89	0	26368
4336	26741	464	20	62	0	27287
4337	397	173	18	26646	0	27234
4338	156	26534	42	393	0	27125
4339	140	389	10	27474	0	28013
4340	26850	154	17	445	0	27466
4341	413	58	16	26180	0	26667
4342	168	64	13	26580	0	26825
4343	26463	36	6	566	0	27071
4344	432	32	23	26143	0	26630
4345	177	25330	25	487	0	26019
4346	78	354	23	25827	0	26282
4347	84	24835	28	460	0	25407
4348	59	382	20	26135	0	26596
4349	25756	181	11	476	0	26424
4350	25722	64	33	240	0	26059
4351	538	57	13	26124	0	26732
4352	210	65	25247	474	0	25996
4353	24563	57	370	215	0	25205
4354	476	58	25351	114	0	25999
4355	24835	39	396	112	0	25382
4356	26095	34	172	105	0	26406
4357	683	52	26184	77	0	26996
4358	274	25885	501	87	0	26747
4359	27381	458	169	73	0	28081
4360	28475	190	64	79	0	28808
4361	672	91	29696	65	0	30524
4362	29900	86	465	65	0	30516
4363	29373	50	182	81	0	29686
4364	29839	38	64	79	0	30020
4365	725	45	54	28568	0	29392
4366	319	58	38	28890	0	29305
4367	192	28033	59	640	0	28924
4368	146	441	30	28972	0	29589
4369	96	198	43	29011	0	29348
4370	108	91	27381	722	0	28302
4371	100	121	24917	297	0	25435
4372	23791	62	592	189	0	24634
4373	26265	65	204	153	0	26687
4374	649	25422	118	126	0	26315
4375	276	479	76	26550	0	27381
4376	173	222	26105	538	0	27038
4377	139	106	478	26424	0	27147
4378	124	105	205	26570	0	27004
4379	97	68	90	27915	0	28170
4380	106	27349	95	797	0	28347
4381	114	534	51	29022	0	29721
4382	113	255	39	28982	0	29389
4383	130	103	27783	842	0	28858
4384	131	102	27833	364	0	28430
4385	26336	89	716	220	0	27361
4386	28055	60	271	199	0	28585
4387	751	64	142	31588	0	32545
4388	323	73	107	31447	0	31950
4389	181	79	68	33488	0	33816
4390	190	77	30373	1542	0	32182
4391	129	28969	1070	626	0	30794
4392	120	1072	30417	335	0	31944
4393	30457	330	1185	221	0	32193
4394	1256	175	31661	158	0	33250
4395	31813	122	1199	147	0	33281
4396	31952	92	392	170	0	32606
4397	33183	91	191	154	0	33619
4398	1530	69	138	31787	0	33524
4399	574	86	31472	1249	0	33381
4400	298	30758	1086	740	0	32882
4401	214	1111	345	31677	0	33347
4402	161	336	188	32896	0	33581
4403	189	180	32467	1540	0	34376
4404	131	31943	1245	616	0	33935
4405	33233	1303	376	317	0	35229
4406	1304	35085	201	247	0	36837
4407	38982	1564	160	202	0	40908
4408	1877	586	122	39806	0	42391
4409	653	243	41403	1849	0	44148
4410	368	41716	1878	661	0	44623
4411	43127	1937	520	362	0	45946
4412	2181	559	42357	271	0	45368
4413	42548	304	2104	250	0	45206
4414	44677	180	727	211	0	45795
4415	2719	155	41379	171	0	44424
4416	41923	106	2124	165	0	44318
4417	43510	119	629	150	0	44408
4418	42675	93	401	129	0	43298
4419	2741	40341	263	159	0	43504
4420	40722	2034	196	126	0	43078
4421	2418	41044	182	185	0	43829
4422	879	2192	41104	178	0	44353
4423	506	42243	1994	220	0	44963
4424	40300	2245	803	155	0	43503
4425	41132	594	295	153	0	42174
4426	41500	347	187	160	0	42194
4427	2582	232	169	38562	0	41545
4428	830	176	172	41264	0	42442
4429	38824	162	193	2370	0	41549
4430	40841	158	153	668	0	41820
4431	2505	156	150	37929	0	40740
4432	907	164	37910	2019	0	41000
4433	566	36882	1887	601	0	39936
4434	382	39874	529	383	0	41168
4435	354	2282	310	38658	0	41604
4436	360	686	38092	2044	0	41182
4437	343	405	1927	36040	0	38715
4438	325	37648	541	1902	0	40416
4439	365	1976	318	38441	0	41100
4440	371	576	38244	2165	0	41356
4441	357	382	1958	38824	0	41521
4442	368	279	40165	2297	0	43109
4443	354	255	2218	39807	0	42634
4444	373	290	41079	2318	0	44060
4445	380	253	41962	698	0	43293
4446	39759	248	2465	466	0	42938
4447	42530	229	822	340	0	43921
4448	42914	216	522	296	0	43948
4449	2785	40596	400	292	0	44073
4450	1126	2035	303	42159	0	45623
4451	41158	576	330	2159	0	44223
4452	43371	385	303	698	0	44757
4453	43572	309	282	513	0	44676
4454	2899	298	40625	396	0	44218
4455	1115	39000	2052	370	0	42537
4456	707	42686	616	342	0	44351
4457	40678	2396	466	266	0	43806
4458	2217	802	358	40398	0	43775
4459	41016	550	334	2065	0	43965
4460	2551	406	39996	616	0	43569
4461	917	505	2030	38531	0	41983
4462	745	318	641	40210	0	41914
4463	645	334	466	38184	0	39629
4464	634	39389	394	2359	0	42776
4465	39697	2124	343	873	0	43037
4466	41614	626	355	526	0	43121
4467	2652	40011	373	442	0	43478
4468	1096	2193	350	40790	0	44429
4469	41075	679	343	2189	0	44286
4470	2522	508	343	40808	0	44181
4471	40897	359	269	2367	0	43892
4472	2638	40196	306	792	0	43932
4473	41362	2192	274	495	0	44323
4474	2749	777	39595	432	0	43553
4475	1100	40841	2033	578	0	44552
4476	869	2193	41454	704	0	45220
4477	748	1000	2231	41295	0	45274
4478	42430	723	661	2176	0	45990
4479	43645	390	536	656	0	45227
4480	43232	360	369	534	0	44495
4481	3034	320	332	40549	0	44235
4482	41530	287	322	2242	0	44381
4483	2687	295	277	40981	0	44240
4484	41052	298	293	2460	0	44103
4485	42065	261	349	854	0	43529
4486	2874	333	40032	716	0	43955
4487	980	257	36812	404	0	38453
4488	615	270	35124	325	0	36334
4489	430	225	1650	33208	0	35513
4490	34110	181	546	1518	0	36355
4491	1607	200	398	33659	0	35864
4492	610	164	248	35184	0	36206
4493	34994	173	229	1764	0	37160
4494	34526	129	209	672	0	35536
4495	34821	161	224	467	0	35673
4496	35157	161	184	402	0	35904
4497	1964	144	219	33451	0	35778
4498	33403	174	202	1572	0	35351
4499	1697	32007	240	526	0	34470
4500	33670	1341	222	404	0	35637
4501	34577	392	191	359	0	35519
4502	1896	305	31749	284	0	34234
4503	31127	223	1173	259	0	32782
4504	1639	186	30686	289	0	32800
4505	593	131	29267	270	0	30261
4506	467	105	27914	187	0	28673
4507	266	1192	1131	22183	0	24772
4508	226	93	23806	673	0	24798
4509	159	66	420	20571	0	21216
4510	160	42	21676	460	0	22338
4511	143	47	22908	170	0	23268
4512	105	34	311	21558	0	22008
4513	112	26	121	24179	0	24438
4514	129	31	24469	329	0	24958
4515	23275	27	293	110	0	23705
4516	356	25	105	24483	0	24969
4517	164	34	77	24823	0	25098
4518	24900	37	66	387	0	25390
4519	350	34	64	24586	0	25034
4520	177	31	24156	366	0	24730
4521	137	45	22724	132	0	23038
4522	100	15	285	22359	0	22759
4523	94	36	23389	282	0	23801
4524	67	22412	235	110	0	22824
4525	75	199	93	23485	0	23852
4526	23865	61	65	246	0	24237
4527	265	29	23547	103	0	23944
4528	22007	22	222	88	0	22339
4529	259	19	89	24162	0	24529
4530	102	16	64	24200	0	24382
4531	82	8	55	24430	0	24575
4532	65	20	64	24117	0	24266
4533	23870	17	60	304	0	24251
4534	232	24409	57	155	0	24853
4535	123	220	55	25297	0	25695
4536	83	73	70	25158	0	25384
4537	79	41	52	24637	0	24809
4538	74	15	56	24693	0	24838
4539	24525	16	68	377	0	24986
4540	284	23733	55	229	0	24301
4541	23852	189	43	126	0	24210
4542	245	21928	45	100	0	22318
4543	113	22198	51	84	0	22446
4544	21545	235	30	64	0	21874
4545	236	103	22383	67	0	22789
4546	117	43	201	22559	0	22920
4547	23134	15	85	279	0	23513
4548	23543	19	64	146	0	23772
4549	23473	43	73	107	0	23696
4550	24119	23	56	89	0	24287
4551	300	25573	51	107	0	26031
4552	27069	270	42	105	0	27486
4553	27287	95	29	112	0	27523
4554	406	28390	57	443	0	29296
4555	172	383	33	29717	0	30305
4556	130	137	29237	445	0	29949
4557	99	82	424	28538	0	29143
4558	28556	53	138	527	0	29274
4559	461	79	29524	196	0	30260
4560	156	27522	387	167	0	28232
4561	151	377	28848	99	0	29475
4562	106	136	411	27042	0	27695
4563	97	28199	181	323	0	28800
4564	29561	381	75	121	0	30138
4565	396	29073	72	120	0	29661
4566	153	424	49	28981	0	29607
4567	116	167	44	30015	0	30342
4568	29798	95	52	514	0	30459
4569	445	81	38	28966	0	29530
4570	177	28640	72	768	0	29657
4571	30400	397	41	211	0	31049
4572	29956	137	39	122	0	30254
4573	480	30440	55	113	0	31088
4574	30900	400	33	89	0	31422
4575	462	28886	42	105	0	29495
4576	29710	438	49	76	0	30273
4577	452	29583	51	117	0	30203
4578	191	488	47	27875	0	28601
4579	124	202	39	29738	0	30103
4580	29509	115	41	495	0	30160
4581	29544	71	59	202	0	29876
4582	510	28552	72	199	0	29333
4583	262	462	28164	101	0	28989
4584	29006	159	375	109	0	29649
4585	475	142	129	29611	0	30357
4586	223	29634	114	425	0	30396
4587	152	467	51	30834	0	31504
4588	30757	167	38	495	0	31457
4589	30609	153	44	211	0	31017
4590	30628	124	47	151	0	30950
4591	612	109	25	30080	0	30826
4592	287	123	29553	493	0	30456
4593	28731	91	395	245	0	29462
4594	29848	97	131	182	0	30258
4595	30124	102	98	151	0	30475
4596	644	29201	74	135	0	30054
4597	311	453	63	29749	0	30576
4598	223	30604	55	454	0	31336
4599	194	533	47	31742	0	32516
4600	181	232	45	32001	0	32459
4601	192	164	32406	682	0	33444
4602	180	137	449	36701	0	37467
4603	187	116	165	38328	0	38796
4604	38261	104	127	1007	0	39499
4605	863	38482	82	402	0	39829
4606	38853	877	64	217	0	40011
4607	41560	373	56	176	0	42165
4608	1267	257	59	40309	0	41892
4609	586	208	39971	1070	0	41835
4610	362	38413	902	415	0	40092
4611	239	38091	286	680	0	39296
4612	37573	1189	145	216	0	39123
4613	1005	36851	104	218	0	38178
4614	395	1042	73	36651	0	38161
4615	274	347	82	37942	0	38645
4616	270	275	36209	1186	0	37940
4617	212	224	35364	457	0	36257
4618	222	35646	1085	257	0	37210
4619	209	1017	372	36945	0	38543
4620	36504	385	170	1027	0	38086
4621	971	275	108	37201	0	38555
4622	386	225	38141	1156	0	39908
4623	243	176	981	38178	0	39578
4624	37142	161	315	1254	0	38872
4625	37070	150	183	519	0	37922
4626	1266	37091	141	366	0	38864
4627	37568	1032	89	277	0	38966
4628	1173	37631	118	239	0	39161
4629	38094	1128	113	210	0	39545
4630	1246	419	81	37423	0	39169
4631	527	306	36562	1105	0	38500
4632	420	261	35492	449	0	36622
4633	287	36197	1162	331	0	37977
4634	248	1026	369	35828	0	37471
4635	225	426	197	38351	0	39199
4636	38037	251	140	1359	0	39787
4637	38210	210	147	579	0	39146
4638	39198	206	131	386	0	39921
4639	1425	216	124	38470	0	40235
4640	620	229	131	40207	0	41187
4641	410	209	133	40858	0	41610
4642	348	216	39062	1433	0	41059
4643	337	245	38505	611	0	39698
4644	37926	236	1205	437	0	39804
4645	38965	210	438	375	0	39988
4646	1386	241	38612	349	0	40588
4647	38011	199	1075	378	0	39663
4648	38237	194	396	358	0	39185
4649	1417	229	36043	342	0	38031
4650	642	36111	1095	392	0	38240
4651	415	979	405	35471	0	37270
4652	390	391	34824	1115	0	36720
4653	336	36054	987	594	0	37971
4654	348	1197	334	32977	0	34856
4655	330	35532	322	943	0	37127
4656	312	1111	34594	514	0	36531
4657	385	456	36055	376	0	37272
4658	353	269	1326	36937	0	38885
4659	37160	268	535	1315	0	39278
4660	1364	241	304	36836	0	38745
4661	37364	317	228	1373	0	39282
4662	1487	263	237	37276	0	39263
4663	689	279	36151	1458	0	38577
4664	35097	288	1196	701	0	37282
4665	1381	243	35431	542	0	37597
4666	36217	279	1311	400	0	38207
4667	1403	234	632	35045	0	37314
4668	631	35310	423	1326	0	37690
4669	442	1205	338	35772	0	37757
4670	458	36551	331	1419	0	38759
4671	481	1257	300	33523	0	35561
4672	441	35584	335	1318	0	37678
4673	35316	1267	287	686	0	37556
4674	35845	525	249	562	0	37181
4675	35626	326	287	461	0	36700
4676	1764	303	34013	443	0	36523
4677	827	246	1227	33998	0	36298
4678	613	263	33677	1377	0	35930
4679	523	32970	1331	612	0	35436
4680	514	34868	599	455	0	36436
4681	34097	1453	425	356	0	36331
4682	1442	569	33708	338	0	36057
4683	665	33610	1281	411	0	35967
4684	491	1484	564	34612	0	37151
4685	33465	516	410	1416	0	35807
4686	1294	33796	344	695	0	36129
4687	34557	1260	362	463	0	36642
4688	1454	606	34967	423	0	37450
4689	691	380	1318	36449	0	38838
4690	489	282	580	37796	0	39147
4691	440	246	424	39719	0	40829
4692	462	38695	388	2085	0	41630
4693	438	1562	356	39248	0	41604
4694	513	549	39168	1924	0	42154
4695	481	337	1607	39599	0	42024
4696	409	306	665	40931	0	42311
4697	486	234	456	40436	0	41612
4698	496	38581	408	2032	0	41517
4699	489	1514	383	38859	0	41245
4700	433	546	361	39356	0	40696
4701	335	37175	344	2049	0	39903
4702	31803	1230	215	608	0	33856
4703	1208	31942	196	418	0	33764
4704	387	32152	184	342	0	33065
4705	457	1399	157	31690	0	33703
4706	273	464	30512	1305	0	32554
4707	27064	573	924	490	0	29051
4708	1005	201	309	29507	0	31022
4709	336	185	28401	1237	0	30159
4710	195	28426	983	528	0	30132
4711	155	1051	339	30024	0	31569
4712	177	381	29898	1281	0	31737
4713	180	205	1051	29993	0	31429
4714	140	209	322	30730	0	31401
4715	29702	142	186	1479	0	31509
4716	1071	29510	216	624	0	31421
4717	30997	1112	150	382	0	32641
4718	1211	386	30996	336	0	32929
4719	420	30430	1067	337	0	32254
4720	255	1176	31400	235	0	33066
4721	216	379	1489	31615	0	33699
4722	31454	212	377	1110	0	33153
4723	1061	196	186	30946	0	32389
4724	31429	147	208	1169	0	32953
4725	32128	148	159	493	0	32928
4726	1296	163	151	31940	0	33550
4727	465	180	33958	1246	0	35849
4728	296	170	34550	485	0	35501
4729	241	185	1156	35164	0	36746
4730	190	147	404	36565	0	37306
4731	35853	158	240	1433	0	37684
4732	1124	170	204	35850	0	37348
4733	427	34914	178	1269	0	36788
4734	270	1068	178	37206	0	38722
4735	224	415	163	37701	0	38503
4736	36799	237	148	1533	0	38717
4737	1081	36320	184	623	0	38208
4738	407	1125	134	37492	0	39158
4739	249	412	135	37577	0	38373
4740	251	35135	157	1473	0	37016
4741	208	1121	136	36687	0	38152
4742	213	400	146	36771	0	37530
4743	205	34829	183	1719	0	36936
4744	186	1107	143	37022	0	38458
4745	146	376	156	36752	0	37430
4746	156	34473	170	1612	0	36411
4747	133	1140	145	36333	0	37751
4748	34963	412	130	1549	0	37054
4749	35489	290	117	761	0	36657
4750	35260	292	102	536	0	36190
4751	35158	243	109	499	0	36009
4752	1377	33246	127	478	0	35228
4753	31866	1014	75	367	0	33322
4754	1020	30979	115	397	0	32511
4755	307	29569	94	278	0	30248
4756	540	997	81	29805	0	31423
4757	188	284	29764	1002	0	31238
4758	27544	204	655	383	0	28786
4759	30162	166	188	321	0	30837
4760	871	164	32205	321	0	33561
4761	31612	123	764	321	0	32820
4762	34265	138	173	291	0	34867
4763	1034	32255	126	489	0	33904
4764	38245	824	133	279	0	39481
4765	1027	254	77	38810	0	40168
4766	361	159	106	39110	0	39736
4767	264	185	113	39496	0	40058
4768	267	160	104	39656	0	40187
4769	39553	157	84	1182	0	40976
4770	960	173	85	38577	0	39795
4771	323	172	70	39727	0	40292
4772	278	166	37836	1173	0	39453
4773	33273	160	772	468	0	34673
4774	37718	154	198	370	0	38440
4775	38354	131	142	356	0	38983
4776	1055	37265	177	319	0	38816
4777	395	38429	102	338	0	39264
4778	38914	950	100	338	0	40302
4779	968	253	92	38371	0	39684
4780	328	38692	79	1044	0	40143
4781	295	882	54	39653	0	40884
4782	236	38665	91	1400	0	40392
4783	39518	953	42	457	0	40970
4784	951	40037	65	385	0	41438
4785	344	937	54	41011	0	42346
4786	275	294	63	42199	0	42831
4787	311	217	40635	1230	0	42393
4788	244	40117	710	438	0	41509
4789	224	865	154	42470	0	43713
4790	245	304	43240	1054	0	44843
4791	177	217	43759	321	0	44474
4792	106	134	936	44873	0	46049
4793	120	101	343	45903	0	46467
4794	134	43368	220	1212	0	44934
4795	126	46079	121	520	0	46846
4796	114	1254	75	47385	0	48828
4797	46446	478	85	1158	0	48167
4798	1022	274	58	50443	0	51797
4799	51372	178	71	1271	0	52892
4800	51854	132	51	548	0	52585
4801	52916	126	52	353	0	53447
4802	1641	164	52097	251	0	54153
4803	51321	105	1071	232	0	52729
4804	1401	84	422	52813	0	54720
4805	628	96	225	53072	0	54021
4806	379	136	51560	1642	0	53717
4807	267	157	50129	723	0	51276
4808	219	105	1301	49897	0	51522
4809	167	47772	615	1217	0	49771
4810	200	50735	291	580	0	51806
4811	171	1310	150	51752	0	53383
4812	50691	553	128	1199	0	52571
4813	1111	289	110	51052	0	52562
4814	513	200	109	50695	0	51517
4815	355	50608	144	1468	0	52575
4816	271	1031	95	52386	0	53783
4817	264	485	50101	1366	0	52216
4818	237	349	47163	690	0	48439
4819	45582	163	1333	509	0	47587
4820	1048	48658	608	398	0	50712
4821	50070	1069	301	312	0	51752
4822	51294	461	221	301	0	52277
4823	1428	321	181	47436	0	49366
4824	653	50403	200	1035	0	52291
4825	381	1149	128	51953	0	53611
4826	51882	509	136	1295	0	53822
4827	1163	48558	148	670	0	50539
4828	48316	1170	104	439	0	50029
4829	1262	49170	133	367	0	50932
4830	50793	1260	116	317	0	52486
4831	50663	585	102	306	0	51656
4832	1555	48711	151	310	0	50727
4833	747	1104	132	50895	0	52878
4834	50705	533	153	1208	0	52599
4835	1318	349	47102	610	0	49379
4836	684	292	46969	420	0	48365
4837	452	222	1261	46821	0	48756
4838	48761	220	603	1209	0	50793
4839	1203	180	300	48556	0	50239
4840	49233	184	185	1401	0	51003
4841	1341	231	48347	677	0	50596
4842	49183	202	1045	468	0	50898
4843	52164	203	487	339	0	53193
4844	1584	191	291	50271	0	52337
4845	849	208	221	50830	0	52108
4846	531	217	190	51313	0	52251
4847	420	49673	183	1721	0	51997
4848	370	1054	169	51288	0	52881
4849	329	502	176	52564	0	53571
4850	51383	307	195	1729	0	53614
4851	51302	220	196	947	0	52665
4852	1580	248	49545	621	0	51994
4853	49290	209	1074	516	0	51089
4854	1480	224	49770	434	0	51908
4855	46541	216	1253	491	0	48501
4856	1524	212	49260	407	0	51403
4857	795	244	47878	394	0	49311
4858	574	254	1445	46162	0	48435
4859	455	208	46855	1339	0	48857
4860	43228	189	1108	714	0	45239
4861	1092	182	564	45545	0	47383
4862	46461	194	348	1212	0	48215
4863	46253	221	267	727	0	47468
4864	42730	204	235	1041	0	44210
4865	42481	177	195	428	0	43281
4866	1755	175	40952	377	0	43259
4867	1034	138	931	40737	0	42840
4868	745	148	41326	1084	0	43303
4869	599	134	1053	41082	0	42868
4870	41024	135	599	1235	0	42993
4871	1197	161	419	41476	0	43253
4872	41794	148	342	1341	0	43625
4873	1267	152	265	42178	0	43862
4874	682	159	264	42920	0	44025
4875	42062	184	262	1544	0	44052
4876	1180	40417	273	893	0	42763
4877	41687	956	185	569	0	43397
4878	1300	40536	161	503	0	42500
4879	758	1084	148	41599	0	43589
4880	41250	555	183	1174	0	43162
4881	1274	311	39697	750	0	42032
4882	758	221	897	39944	0	41820
4883	40165	220	491	1206	0	42082
4884	39303	166	322	714	0	40505
4885	1458	196	241	38365	0	40260
4886	901	38578	244	1126	0	40849
4887	614	39785	221	654	0	41274
4888	731	1656	129	37329	0	39845
4889	36986	485	84	944	0	38499
4890	1020	34775	75	472	0	36342
4891	337	32635	61	212	0	33245
4892	32044	786	46	128	0	33004
4893	624	31126	45	105	0	31900
4894	31548	639	43	68	0	32298
4895	645	255	222	30687	0	31809
4896	293	126	38	30573	0	31030
4897	146	29942	68	711	0	30867
4898	115	27800	42	304	0	28261
4899	26196	590	29	130	0	26945
4900	497	28387	40	113	0	29037
4901	155	30711	31	51	0	30948
4902	89	814	13	30910	0	31826
4903	31411	291	14	693	0	32409
4904	782	156	34196	269	0	35403
4905	34158	90	940	123	0	35311
4906	1087	46	395	38960	0	40488
4907	485	58	39594	1268	0	41405
4908	244	81	40474	586	0	41385
4909	140	48	1812	41275	0	43275
4910	146	61	42159	1462	0	43828
4911	40687	41	1651	728	0	43107
4912	42742	50	805	384	0	43981
4913	1942	79	41887	302	0	44210
4914	865	50	1600	41110	0	43625
4915	449	50	845	42714	0	44058
4916	42667	52	445	2026	0	45190
4917	1578	88	372	39966	0	42004
4918	852	40665	294	1606	0	43417
4919	41494	1316	226	859	0	43895
4920	1541	40295	269	714	0	42819
4921	836	44130	176	483	0	45625
4922	485	2224	159	42062	0	44930
4923	392	915	134	42539	0	43980
4924	296	474	113	43497	0	44380
4925	300	423	40419	2222	0	43364
4926	37445	339	1323	1097	0	40204
4927	1394	39499	641	655	0	42189
4928	41273	1485	294	529	0	43581
4929	41207	736	241	425	0	42609
4930	2142	400	188	41124	0	43854
4931	1037	40872	189	1626	0	43724
4932	613	1462	225	41827	0	44127
4933	507	727	145	43088	0	44467
4934	42701	440	132	2242	0	45515
4935	43097	294	144	1155	0	44690
4936	2222	315	40660	657	0	43854
4937	41994	237	1284	548	0	44063
4938	1868	41951	669	482	0	44970
4939	43108	1465	296	466	0	45335
4940	1878	45836	229	444	0	48387
4941	1099	1695	206	44170	0	47170
4942	725	871	185	44322	0	46103
4943	544	43370	208	2171	0	46293
4944	555	1691	157	44788	0	47191
4945	440	971	114	46014	0	47539
4946	435	578	112	45200	0	46325
4947	354	43161	138	2621	0	46274
4948	349	1693	108	44605	0	46755
4949	282	929	121	45405	0	46737
4950	269	591	130	46556	0	47546
4951	287	442	42429	2905	0	46063
4952	41442	404	1478	1602	0	44926
4953	1715	376	43114	1022	0	46227
4954	43088	365	1723	827	0	46003
4955	1966	293	43756	811	0	46826
4956	43501	324	1827	658	0	46310
4957	45342	271	962	662	0	47237
4958	2606	243	44100	575	0	47524
4959	1421	257	1789	43625	0	47092
4960	919	297	43398	1851	0	46465
4961	41690	245	1916	1074	0	44925
4962	2085	242	44373	748	0	47448
4963	1271	301	43661	610	0	45843
4964	42404	244	2438	627	0	45713
4965	1989	41539	1347	817	0	45692
4966	1145	1577	804	44412	0	47938
4967	45318	819	698	1920	0	48755
4968	2096	472	625	44923	0	48116
4969	1234	343	606	46766	0	48949
4970	45527	331	534	2636	0	49028
4971	46539	312	512	1475	0	48838
4972	2913	345	44198	1008	0	48464
4973	1471	293	44652	943	0	47359
4974	1008	279	2332	44774	0	48393
4975	840	252	44750	2271	0	48113
4976	717	286	2102	44691	0	47796
4977	753	238	1211	45128	0	47330
4978	665	253	746	47236	0	48900
4979	44678	271	645	2975	0	48569
4980	1988	45141	634	1699	0	49462
4981	46839	1659	464	1190	0	50152
4982	47102	870	480	1009	0	49461
4983	2541	46131	439	1010	0	50121
4984	47294	1757	320	885	0	50256
4985	2305	981	45136	852	0	49274
4986	1408	598	1426	44847	0	48279
4987	45890	528	813	1895	0	49126
4988	2109	464	43264	1199	0	47036
4989	43681	394	1441	791	0	46307
4990	2004	44618	859	733	0	48214
4991	51577	1361	550	669	0	54157
4992	52061	717	481	599	0	53858
4993	2933	51352	391	632	0	55308
4994	55520	1830	449	504	0	58303
4995	2758	1004	381	54942	0	59085
4996	1634	688	340	57091	0	59753
4997	56098	494	329	2782	0	59703
4998	52005	440	286	1492	0	54223
4999	2935	53805	326	1024	0	58090
5000	1652	53162	245	809	0	55868
5001	937	2895	218	47250	0	51300
5002	769	48564	260	1726	0	51319
5003	748	50584	224	1025	0	52581
5004	43979	2215	184	517	0	46895
5005	1383	44223	176	455	0	46237
5006	40261	1101	226	196	0	41784
5007	1132	43260	117	201	0	44710
5008	526	1008	42400	142	0	44076
5009	316	43667	753	174	0	44910
5010	44016	1080	302	147	0	45545
5011	43129	391	183	105	0	43808
5012	1146	254	42175	130	0	43705
5013	567	155	789	39735	0	41246
5014	346	122	326	43475	0	44269
5015	260	124	42674	1070	0	44128
5016	219	120	816	40563	0	41718
5017	205	90	42432	1029	0	43756
5018	174	142	40695	488	0	41499
5019	40164	87	1092	313	0	41656
5020	860	41226	531	228	0	42845
5021	41404	794	269	146	0	42613
5022	1024	379	163	41125	0	42691
5023	516	257	40135	862	0	41770
5024	326	201	750	38815	0	40092
5025	223	40316	338	833	0	41710
5026	42245	816	215	382	0	43658
5027	41949	404	135	267	0	42755
5028	1170	272	112	41800	0	43354
5029	585	209	40697	843	0	42334
5030	38075	177	735	360	0	39347
5031	932	39062	359	251	0	40604
5032	40924	846	181	158	0	42109
5033	1119	420	127	40557	0	42223
5034	41039	268	132	758	0	42197
5035	1157	200	73	40130	0	41560
5036	592	249	40216	992	0	42049
5037	470	171	39161	524	0	40326
5038	38044	105	988	473	0	39610
5039	919	39921	522	336	0	41698
5040	39805	694	239	174	0	40912
5041	39742	386	135	149	0	40412
5042	995	38544	126	187	0	39852
5043	39639	877	67	149	0	40732
5044	994	497	40966	197	0	42654
5045	474	392	648	41135	0	42649
5046	339	344	287	41609	0	42579
5047	313	262	178	43679	0	44432
5048	306	293	42016	1058	0	43673
5049	292	274	41885	521	0	42972
5050	232	285	913	41644	0	43074
5051	234	40974	538	729	0	42475
5052	241	43447	288	364	0	44340
5053	44628	1037	175	217	0	46057
5054	44656	479	184	193	0	45512
5055	1000	44924	231	489	0	46644
5056	521	847	142	46621	0	48131
5057	342	392	156	47676	0	48566
5058	49619	269	242	1153	0	51283
5059	941	194	207	50314	0	51656
5060	530	196	242	50376	0	51344
5061	408	207	228	51083	0	51926
5062	420	212	47810	1269	0	49711
5063	340	325	44893	681	0	46239
5064	47453	161	1085	458	0	49157
5065	967	136	540	49869	0	51512
5066	545	158	49599	997	0	51299
5067	398	273	47557	514	0	48742
5068	48185	241	1152	389	0	49967
5069	1157	243	55315	314	0	57029
5070	549	54919	1068	342	0	56878
5071	373	923	508	61021	0	62825
5072	344	474	59870	1123	0	61811
5073	58654	344	1112	478	0	60588
5074	1239	298	484	63705	0	65726
5075	702	228	63825	1403	0	66158
5076	416	174	1283	64499	0	66372
5077	370	178	608	66369	0	67525
5078	66252	120	364	1911	0	68647
5079	1371	65267	437	1153	0	68228
5080	769	1217	312	67084	0	69382
5081	68192	584	172	1509	0	70457
5082	68598	368	199	780	0	69945
5083	68965	226	188	460	0	69839
5084	69688	208	183	362	0	70441
5085	2116	202	244	67877	0	70439
5086	67940	125	218	1415	0	69698
5087	67148	123	244	782	0	68297
5088	65219	127	222	580	0	66148
5089	65873	118	212	540	0	66743
5090	2040	61762	328	482	0	64612
5091	499	56079	90	169	0	56837
5092	278	1016	167	58485	0	59946
5093	201	57354	115	737	0	58407
5094	57511	831	49	322	0	58713
5095	676	324	32	56890	0	57922
5096	56881	128	49	783	0	57841
5097	57944	96	40	367	0	58447
5098	999	65	33	59540	0	60637
5099	478	50	43	59265	0	59836
5100	265	57846	85	1131	0	59327
5101	60496	637	42	414	0	61589
5102	794	58541	77	246	0	59658
5103	61111	729	46	193	0	62079
5104	893	318	41	60934	0	62186
5105	492	167	59570	773	0	61002
5106	59076	124	664	384	0	60248
5107	55731	102	280	258	0	56371
5108	1139	96	55276	210	0	56721
5109	545	138	55863	180	0	56726
5110	359	123	892	53514	0	54888
5111	57719	119	344	822	0	59004
5112	61731	116	187	407	0	62441
5113	66588	110	140	299	0	67137
5114	67056	101	100	231	0	67488
5115	1541	63617	118	256	0	65532
5116	68714	988	66	225	0	69993
5117	1409	360	72	67558	0	69399
5118	687	215	78	68132	0	69112
5119	457	135	66	71331	0	71989
5120	339	155	92	72321	0	72907
5121	71717	132	98	1639	0	73586
5122	1314	98	92	74782	0	76286
5123	643	153	72664	1616	0	75076
5124	464	113	1238	75036	0	76851
5125	378	103	470	76383	0	77334
5126	377	120	257	76078	0	76832
5127	365	110	186	76436	0	77097
5128	74106	113	142	2286	0	76647
5129	1619	71692	187	1045	0	74543
5130	730	73342	174	625	0	74871
5131	548	1872	92	74654	0	77166
5132	74043	731	128	1658	0	76560
5133	75103	377	133	795	0	76408
5134	2123	247	87	75048	0	77505
5135	969	243	72008	1817	0	75037
5136	71810	170	1366	851	0	74197
5137	1857	156	488	76860	0	79361
5138	895	199	74756	1883	0	77733
5139	70719	184	1554	929	0	73386
5140	1814	73676	615	689	0	76794
5141	84008	1501	288	547	0	86344
5142	2521	88349	294	503	0	91667
5143	1312	2510	146	89741	0	93709
5144	791	93995	204	2667	0	97657
5145	601	3014	129	98861	0	102605
5146	92151	1376	126	3520	0	97173
5147	2689	92680	224	2161	0	97754
5148	1406	2841	92120	1007	0	97374
5149	814	1659	2504	94890	0	99867
5150	638	705	95202	3210	0	99755
5151	617	452	3011	92717	0	96797
5152	574	368	1377	99327	0	101646
5153	540	328	95047	4222	0	100137
5154	82631	316	3124	2368	0	88439
5155	3025	273	93298	1307	0	97903
5156	1628	337	90845	905	0	93715
5157	911	88570	3899	823	0	94203
5158	788	2670	1729	90382	0	95569
5159	551	1336	910	92567	0	95364
5160	474	812	570	91489	0	93345
5161	457	497	396	94936	0	96286
5162	463	448	89154	4891	0	94956
5163	82020	385	2848	2653	0	87906
5164	3056	346	89863	1615	0	94880
5165	1479	297	3171	90870	0	95817
5166	88442	251	1562	3467	0	93722
5167	3037	87633	942	2105	0	93717
5168	1467	2928	671	87870	0	92936
5169	83101	1317	580	3391	0	88389
5170	3028	80159	462	1953	0	85602
5171	1415	81669	410	1135	0	84629
5172	81662	3470	315	880	0	86327
5173	2796	83965	379	837	0	87977
5174	82186	2977	438	646	0	86247
5175	3033	82289	323	677	0	86322
5176	84191	3100	312	599	0	88202
5177	84213	1442	325	596	0	86576
5178	3771	83563	348	625	0	88307
5179	1829	2896	354	83398	0	88477
5180	1144	1408	79644	3049	0	85245
5181	79351	891	2602	1499	0	84343
5182	2984	663	1179	80269	0	85095
5183	1482	77484	763	3024	0	82753
5184	923	81882	514	1616	0	84935
5185	635	3555	393	83071	0	87654
5186	82282	1641	370	3289	0	87582
5187	2996	1079	79983	1701	0	85759
5188	1431	697	2618	82929	0	87675
5189	976	560	1235	85267	0	88038
5190	694	513	794	87202	0	89203
5191	628	478	549	85053	0	86708
5192	533	78859	482	5151	0	85025
5193	513	2785	429	83659	0	87386
5194	554	1453	79415	3998	0	85420
5195	520	1062	78917	2066	0	82565
5196	562	784	80761	1421	0	83528
5197	518	650	3943	77515	0	82626
5198	76502	633	1941	3230	0	82306
5199	2937	601	76652	1789	0	81979
5200	1528	530	77721	1356	0	81135
5201	1082	531	3840	75084	0	80537
5202	76523	533	1887	3327	0	82270
5203	2888	75229	1233	2011	0	81361
5204	77017	2909	873	1399	0	82198
5205	3377	1503	719	76685	0	82284
5206	1804	1032	76037	3421	0	82294
5207	1214	869	2842	72946	0	77871
5208	890	76220	1541	3332	0	81983
5209	79012	3043	1043	1932	0	85030
5210	3271	1592	76656	1482	0	83001
5211	1568	78845	3012	1192	0	84617
5212	78060	3217	2108	1085	0	84470
5213	3471	1575	1172	77862	0	84080
5214	1735	1029	792	80729	0	84285
5215	79771	691	777	4516	0	85755
5216	82440	561	793	2516	0	86310
5217	85862	541	745	1593	0	88741
5218	5224	523	658	80128	0	86533
5219	2679	78998	617	3779	0	86073
5220	81142	3234	583	2095	0	87054
5221	3859	80330	545	1529	0	86263
5222	77823	3528	1024	1056	0	83431
5223	3852	75751	575	904	0	81082
5224	2178	3415	472	74830	0	80895
5225	76233	1719	454	3289	0	81695
5226	76949	1165	379	1892	0	80385
5227	78342	821	299	1368	0	80830
5228	79072	700	314	1068	0	81154
5229	79155	583	335	952	0	81025
5230	5301	573	74095	799	0	80768
5231	2903	579	2807	74773	0	81062
5232	1934	615	75327	3069	0	80945
5233	1460	624	75015	1728	0	78827
5234	74781	592	4051	1190	0	80614
5235	77033	628	2104	894	0	80659
5236	77462	620	1184	728	0	79994
5237	5116	630	681	72738	0	79165
5238	71658	614	909	3147	0	76328
5239	4252	70410	461	1862	0	76985
5240	2477	71834	431	1270	0	76012
5241	1422	67309	290	716	0	69737
5242	58277	2698	642	488	0	62105
5243	2166	60863	260	475	0	63764
5244	55370	1912	153	271	0	57706
5245	55012	929	152	290	0	56383
5246	2679	600	52522	307	0	56108
5247	1466	356	1667	51851	0	55340
5248	990	302	771	57010	0	59073
5249	56667	238	505	2447	0	59857
5250	57178	231	301	1203	0	58913
5251	2970	233	271	56183	0	59657
5252	1581	255	53318	2212	0	57366
5253	1096	317	54548	1087	0	57048
5254	846	262	2341	55231	0	58680
5255	806	313	1048	56503	0	58670
5256	756	339	552	58731	0	60378
5257	55490	338	365	2951	0	59144
5258	55791	323	298	1457	0	57869
5259	2923	54022	281	916	0	58142
5260	1643	1925	222	55255	0	59045
5261	1220	875	221	55829	0	58145
5262	897	55012	295	2578	0	58782
5263	903	1971	316	56729	0	59919
5264	56182	958	303	2488	0	59931
5265	2458	637	296	55994	0	59385
5266	1464	387	296	58291	0	60438
5267	56713	358	294	3004	0	60369
5268	56582	289	325	1586	0	58782
5269	56990	299	634	1022	0	58945
5270	3632	313	286	54505	0	58736
5271	1931	301	51045	2301	0	55578
5272	1423	327	49392	1238	0	52380
5273	1154	375	48283	898	0	50710
5274	932	46601	2327	712	0	50572
5275	47219	1727	1084	638	0	50668
5276	2136	821	44819	619	0	48395
5277	45947	550	1669	636	0	48802
5278	2264	366	913	45930	0	49473
5279	45898	406	563	1875	0	48742
5280	46844	334	346	1196	0	48720
5281	2630	45293	347	882	0	49152
5282	46905	1555	311	764	0	49535
5283	47196	773	347	764	0	49080
5284	2768	45782	356	677	0	49583
5285	1703	1603	308	47669	0	51283
5286	1249	854	45536	1977	0	49616
5287	1008	537	1588	45682	0	48815
5288	913	384	890	47586	0	49773
5289	45635	429	611	2592	0	49267
5290	2280	350	416	44697	0	47743
5291	1370	45498	417	2277	0	49562
5292	1094	1711	384	45459	0	48648
5293	840	876	343	48313	0	50372
5294	958	616	44272	2742	0	48588
5295	927	44586	1566	1641	0	48720
5296	909	47357	814	1116	0	50196
5297	43776	2273	550	946	0	47545
5298	2015	47188	425	1105	0	50733
5299	1299	2086	433	47891	0	51709
5300	1113	1104	46383	2164	0	50764
5301	864	47377	1723	1646	0	51610
5302	48407	1894	950	1048	0	52299
5303	2199	1018	674	48384	0	52275
5304	1362	661	492	51860	0	54375
5305	1064	539	48363	2763	0	52729
5306	832	536	1701	48044	0	51113
5307	824	459	904	50448	0	52635
5308	47777	475	655	2898	0	51805
5309	44621	337	430	1730	0	47118
5310	2544	43470	458	1200	0	47672
5311	40449	1432	310	834	0	43025
5312	1917	38221	263	775	0	41176
5313	970	1739	204	33319	0	36232
5314	808	33724	194	1328	0	36054
5315	619	35390	229	865	0	37103
5316	31416	1091	181	570	0	33258
5317	30586	510	172	482	0	31750
5318	1187	29536	180	493	0	31396
5319	30369	842	160	462	0	31833
5320	29332	446	184	428	0	30390
5321	30265	308	186	407	0	31166
5322	1200	255	196	29882	0	31533
5323	30491	302	183	1017	0	31993
5324	1091	284	28301	648	0	30324
5325	28652	254	720	477	0	30103
5326	1153	288	28488	338	0	30267
5327	660	292	757	28178	0	29887
5328	510	311	325	30264	0	31410
5329	438	312	29179	1112	0	31041
5330	27537	286	758	634	0	29215
5331	29246	261	407	410	0	30324
5332	1233	269	29455	391	0	31348
5333	673	263	751	29569	0	31256
5334	526	196	398	30841	0	31961
5335	418	192	277	31937	0	32824
5336	31069	175	245	1260	0	32749
5337	31030	169	262	653	0	32114
5338	1162	209	198	29651	0	31220
5339	615	28009	191	958	0	29773
5340	424	27722	180	530	0	28856
5341	25699	796	159	369	0	27023
5342	806	26121	164	342	0	27433
5343	347	25126	123	273	0	25869
5344	216	488	78	23533	0	24315
5345	225	522	22053	486	0	23286
5346	205	21771	297	251	0	22524
5347	183	1752	104	20994	0	23033
5348	120	21468	65	638	0	22291
5349	54	205	27	21258	0	21544
5350	21063	67	32	229	0	21391
5351	211	21151	35	109	0	21506
5352	22122	199	22	80	0	22423
5353	21322	72	33	74	0	21501
5354	236	60	20215	68	0	20579
5355	19941	52	163	73	0	20229
5356	210	55	51	20758	0	21074
5357	100	56	20944	216	0	21316
5358	76	20482	184	102	0	20844
5359	65	208	54	20937	0	21264
5360	57	81	33	20903	0	21074
5361	20828	63	36	244	0	21171
5362	226	55	20	20476	0	20777
5363	105	47	24	20490	0	20666
5364	20069	56	24	263	0	20412
5365	225	19445	40	125	0	19835
5366	19532	209	36	79	0	19856
5367	244	90	19140	85	0	19559
5368	17624	62	194	91	0	17971
5369	272	67	18988	61	0	19388
5370	113	18432	221	81	0	18847
5371	19608	219	56	63	0	19946
5372	19233	90	59	61	0	19443
5373	268	80	19049	82	0	19479
5374	151	73	18385	70	0	18679
5375	108	97	18993	61	0	19259
5376	104	19057	257	85	0	19503
5377	97	237	86	19661	0	20081
5378	111	118	21319	237	0	21785
5379	125	89	20542	95	0	20851
5380	109	55	360	20560	0	21084
5381	114	52	21737	337	0	22240
5382	20766	49	390	149	0	21354
5383	26354	45	145	107	0	26651
5384	769	67	24884	69	0	25789
5385	313	24375	560	101	0	25349
5386	192	543	231	25510	0	26476
5387	138	242	25437	557	0	26374
5388	83	25435	553	284	0	26355
5389	66	522	444	26249	0	27281
5390	25950	219	146	554	0	26869
5391	25550	133	70	267	0	26020
5392	678	25633	108	185	0	26604
5393	331	507	75	25888	0	26801
5394	183	227	61	26194	0	26665
5395	95	150	90	26097	0	26432
5396	103	89	68	26574	0	26834
5397	82	95	25237	884	0	26298
5398	80	75	522	25257	0	25934
5399	78	78	23602	671	0	24429
5400	65	22795	569	298	0	23727
5401	23410	473	230	182	0	24295
5402	446	25677	150	115	0	26388
5403	218	573	48	26575	0	27414
5404	121	225	48	26325	0	26719
5405	26085	155	47	710	0	26997
5406	480	58	45	25742	0	26325
5407	203	24891	79	623	0	25796
5408	142	468	54	26304	0	26968
5409	67	203	55	26555	0	26880
5410	26089	158	65	699	0	27011
5411	511	142	24937	382	0	25972
5412	236	25069	406	255	0	25966
5413	175	26632	191	137	0	27135
5414	59	601	108	26165	0	26933
5415	25820	308	45	528	0	26701
5416	429	25777	59	330	0	26595
5417	201	470	37	26705	0	27413
5418	170	237	25557	530	0	26494
5419	71	155	452	26007	0	26685
5420	26245	78	212	628	0	27163
5421	24992	82	147	304	0	25525
5422	651	85	60	25639	0	26435
5423	26698	81	69	544	0	27392
5424	26134	115	50	296	0	26595
5425	679	97	25485	235	0	26496
5426	25483	68	461	151	0	26163
5427	592	25502	226	173	0	26493
5428	26732	474	140	121	0	27467
5429	632	256	25350	117	0	26355
5430	271	176	469	25814	0	26730
5431	27257	69	228	579	0	28133
5432	616	77	25415	330	0	26438
5433	319	71	26359	211	0	26960
5434	219	73	785	25452	0	26529
5435	102	95	26423	681	0	27301
5436	26067	62	744	302	0	27175
5437	682	80	26445	209	0	27416
5438	321	80	734	26632	0	27767
5439	212	92	293	28001	0	28598
5440	28287	63	215	989	0	29554
5441	879	72	28020	480	0	29451
5442	388	58	29639	273	0	30358
5443	229	56	1090	29801	0	31176
5444	156	67	30472	1000	0	31695
5445	29622	58	1101	435	0	31216
5446	965	67	431	29586	0	31049
5447	427	54	30283	957	0	31721
5448	267	52	994	29389	0	30702
5449	174	62	427	30784	0	31447
5450	31137	76	295	1264	0	32772
5451	1055	65	30760	573	0	32453
5452	29945	72	1070	318	0	31405
5453	1262	86	33513	219	0	35080
5454	33311	62	1233	224	0	34830
5455	34397	80	580	204	0	35261
5456	34426	40	297	301	0	35064
5457	1439	31987	320	243	0	33989
5458	33795	918	207	214	0	35134
5459	33876	330	191	302	0	34699
5460	1426	174	231	33134	0	34965
5461	702	87	32349	1166	0	34304
5462	31921	71	1078	582	0	33652
5463	1597	68	33539	345	0	35549
5464	584	77	1620	32462	0	34743
5465	482	84	922	34742	0	36230
5466	34017	72	467	1726	0	36282
5467	1208	34080	660	704	0	36652
5468	990	937	251	35146	0	37324
5469	452	344	327	36533	0	37656
5470	402	278	34785	1520	0	36985
5471	381	100	1091	34834	0	36406
5472	408	87	562	35944	0	37001
5473	699	88	360	34492	0	35639
5474	353	33934	694	1481	0	36462
5475	34402	940	247	619	0	36208
5476	34503	342	673	430	0	35948
5477	1831	33527	293	390	0	36041
5478	33112	970	215	382	0	34679
5479	1689	700	243	33394	0	36026
5480	831	615	34362	1130	0	36938
5481	778	34719	1031	719	0	37247
5482	633	36476	588	510	0	38207
5483	34005	1001	249	602	0	35857
5484	35540	329	513	294	0	36676
5485	1590	281	185	36052	0	38108
5486	495	321	570	36537	0	37923
5487	512	509	143	37386	0	38550
5488	35586	404	234	1752	0	37976
5489	1947	204	33805	780	0	36736
5490	35511	498	919	735	0	37663
5491	1389	105	404	36119	0	38017
5492	640	177	233	36642	0	37692
5493	510	34860	698	1699	0	37767
5494	748	1021	287	37013	0	39069
5495	410	530	457	37916	0	39313
5496	708	291	35801	2087	0	38887
5497	572	36166	971	1079	0	38788
5498	38964	1232	418	917	0	41531
5499	37544	746	238	824	0	39352
5500	39128	637	274	971	0	41010
5501	40343	285	339	769	0	41736
5502	1698	399	35999	730	0	38826
5503	35876	469	1456	438	0	38239
5504	1977	788	36359	528	0	39652
5505	1224	805	1214	35544	0	38787
5506	1605	36563	527	1249	0	39944
5507	1462	1198	414	37739	0	40813
5508	811	367	560	39203	0	40941
5509	793	334	36976	2427	0	40530
5510	34902	393	1425	1717	0	38437
5511	37116	402	495	1158	0	39171
5512	1667	34713	971	959	0	38310
5513	1623	1113	35586	902	0	39224
5514	885	465	1389	36930	0	39669
5515	936	399	36372	2048	0	39755
5516	1034	1067	35348	937	0	38386
5517	904	509	1552	36268	0	39233
5518	669	679	36206	2175	0	39729
5519	647	372	2050	36553	0	39622
5520	594	793	36917	2025	0	40329
5521	1126	276	1714	37324	0	40440
5522	37664	347	1066	1734	0	40811
5523	37777	168	693	1211	0	39849
5524	37832	181	785	807	0	39605
5525	36625	283	1052	976	0	38936
5526	2441	35485	792	878	0	39596
5527	1131	1130	1058	37106	0	40425
5528	1199	627	421	38643	0	40890
5529	1022	879	36691	1885	0	40477
5530	814	488	1180	37153	0	39635
5531	741	561	35902	2198	0	39402
5532	585	524	35020	1274	0	37403
5533	33257	287	1526	1166	0	36236
5534	1921	36191	1043	952	0	40107
5535	38163	1526	765	750	0	41204
5536	37857	493	1357	651	0	40358
5537	1699	37927	958	1122	0	41706
5538	39076	978	1286	506	0	41846
5539	1676	574	38814	628	0	41692
5540	866	37691	1007	709	0	40273
5541	38935	949	724	583	0	41191
5542	1362	497	36938	802	0	39599
5543	35287	478	1214	493	0	37472
5544	1074	35865	685	734	0	38358
5545	38295	779	732	386	0	40192
5546	37880	595	456	404	0	39335
5547	1756	36763	432	285	0	39236
5548	1093	37711	582	306	0	39692
5549	1049	39838	391	290	0	41568
5550	666	1185	336	39746	0	41933
5551	734	593	266	39864	0	41457
5552	40177	400	592	1065	0	42234
5553	36873	648	429	816	0	38766
5554	947	522	36538	558	0	38565
5555	467	434	35596	691	0	37188
5556	773	219	37023	689	0	38704
5557	826	389	1015	37117	0	39347
5558	1228	268	39534	784	0	41814
5559	1187	236	902	38976	0	41301
5560	41075	495	755	777	0	43102
5561	1219	356	41022	516	0	43113
5562	39582	372	1240	479	0	41673
5563	41053	497	549	563	0	42662
5564	1241	282	41380	472	0	43375
5565	691	40458	1203	376	0	42728
5566	1064	681	657	42182	0	44584
5567	688	536	42122	838	0	44184
5568	1016	324	1093	41449	0	43882
5569	937	355	598	44362	0	46252
5570	44491	502	581	1114	0	46688
5571	1095	690	373	44001	0	46159
5572	550	671	43691	1245	0	46157
5573	395	335	945	44031	0	45706
5574	44595	298	548	1517	0	46958
5575	1395	43322	343	843	0	45903
5576	45663	752	368	416	0	47199
5577	1229	315	790	45054	0	47388
5578	711	316	44476	829	0	46332
5579	531	297	42893	386	0	44107
5580	1128	251	41716	512	0	43607
5581	153	38905	708	151	0	39917
5582	38502	485	749	295	0	40031
5583	431	36272	126	81	0	36910
5584	36332	381	39	37	0	36789
5585	420	35122	59	64	0	35665
5586	135	411	43	36087	0	36676
5587	77	127	38	36332	0	36574
5588	47	53	43	36389	0	36532
5589	46	35590	69	507	0	36212
5590	50	401	38	37554	0	38043
5591	50	126	46	43700	0	43922
5592	47070	62	34	930	0	48096
5593	1009	42	38	50382	0	51471
5594	251	90	54487	1078	0	55906
5595	53772	47	1184	284	0	55287
5596	56324	47	314	179	0	56864
5597	1513	55137	197	150	0	56997
5598	56219	1306	98	112	0	57735
5599	58614	355	95	128	0	59192
5600	1750	169	82	57722	0	59723
5601	581	90	69	58248	0	58988
5602	296	87	69	60746	0	61198
5603	59532	70	81	1931	0	61614
5604	60309	66	66	635	0	61076
5605	1929	123	58074	316	0	60442
5606	58358	68	1375	250	0	60051
5607	59710	77	393	195	0	60375
5608	60717	69	198	203	0	61187
5609	2100	86	58079	206	0	60471
5610	752	96	58779	186	0	59813
5611	452	57	1750	58758	0	61017
5612	388	102	60211	1628	0	62329
5613	342	63	1638	58232	0	60275
5614	426	135	578	53972	0	55111
5615	331	59263	377	1567	0	61538
5616	60487	1463	280	599	0	62829
5617	1790	448	59856	381	0	62475
5618	60120	232	1596	293	0	62241
5619	2044	152	541	62726	0	65463
5620	61865	177	360	1801	0	64203
5621	2005	60836	317	719	0	63877
5622	900	63769	260	531	0	65460
5623	622	2042	216	63267	0	66147
5624	512	664	196	65051	0	66423
5625	531	353	62190	2358	0	65432
5626	558	423	1656	62832	0	65469
5627	60409	195	601	2135	0	63340
5628	1875	59798	482	1015	0	63170
5629	1000	1639	60939	586	0	64164
5630	701	527	1767	60932	0	63927
5631	630	322	61895	1967	0	64814
5632	548	210	1959	61092	0	63809
5633	481	219	61942	2130	0	64772
5634	447	231	58956	921	0	60555
5635	409	170	2218	58666	0	61463
5636	61090	145	938	2020	0	64193
5637	60135	212	601	903	0	61851
5638	58796	242	457	617	0	60112
5639	2403	56794	433	769	0	60399
5640	59113	1704	413	465	0	61695
5641	58827	625	366	498	0	60316
5642	2495	414	55955	515	0	59379
5643	1083	56104	1750	543	0	59480
5644	1034	2057	657	56278	0	60026
5645	56433	663	434	1968	0	59498
5646	1972	56454	366	953	0	59745
5647	59174	1793	340	1055	0	62362
5648	59705	716	332	565	0	61318
5649	58569	437	358	532	0	59896
5650	58613	343	322	533	0	59811
5651	2596	353	351	56262	0	59562
5652	58246	284	364	2015	0	60909
5653	2214	257	404	56654	0	59529
5654	972	55760	462	2147	0	59341
5655	713	1583	395	59137	0	61828
5656	58316	511	441	2162	0	61430
5657	2122	342	56819	966	0	60249
5658	1000	254	1752	56609	0	59615
5659	56433	232	695	2025	0	59385
5660	2126	54404	507	951	0	57988
5661	56678	1654	403	606	0	59341
5662	57705	598	406	516	0	59225
5663	2514	56430	384	556	0	59884
5664	57371	1688	345	443	0	59847
5665	2339	684	54314	434	0	57771
5666	1100	487	54737	407	0	56731
5667	53329	349	1914	483	0	56075
5668	2221	350	53300	382	0	56253
5669	1117	353	1638	49992	0	53100
5670	940	52111	621	1495	0	55167
5671	53595	1573	403	611	0	56182
5672	2076	52113	352	470	0	55011
5673	1105	54628	357	465	0	56555
5674	838	1849	308	54897	0	57892
5675	704	662	305	56045	0	57716
5676	671	432	256	54815	0	56174
5677	632	346	291	55084	0	56353
5678	590	363	52314	2255	0	55522
5679	588	321	1433	51779	0	54121
5680	558	311	546	53827	0	55242
5681	52415	308	373	2126	0	55222
5682	1781	322	272	52509	0	54884
5683	872	352	50151	1881	0	53256
5684	48504	280	1392	869	0	51045
5685	1811	284	515	51400	0	54010
5686	916	321	52198	1696	0	55131
5687	759	280	1434	50872	0	53345
5688	620	51735	660	1574	0	54589
5689	53192	1432	505	642	0	55771
5690	1865	578	51359	494	0	54296
5691	710	44412	1110	378	0	46610
5692	41572	775	461	250	0	43058
5693	845	36435	290	239	0	37809
5694	306	32342	134	163	0	32945
5695	32778	523	116	115	0	33532
5696	421	31844	98	110	0	32473
5697	225	31704	64	355	0	32348
5698	366	570	84	31611	0	32631
5699	150	164	30732	295	0	31341
5700	95	29263	247	178	0	29783
5701	96	673	105	30235	0	31109
5702	59	28872	69	198	0	29198
5703	30056	211	24	107	0	30398
5704	243	124	29044	77	0	29488
5705	134	58	172	28941	0	29305
5706	30981	41	87	213	0	31322
5707	207	39	52	31017	0	31315
5708	140	47	31010	231	0	31428
5709	29278	44	198	116	0	29636
5710	31585	35	105	69	0	31794
5711	276	31989	74	63	0	32402
5712	122	188	25	33509	0	33844
5713	73	98	22	33915	0	34108
5714	34392	55	45	235	0	34727
5715	32559	37	50	103	0	32749
5716	319	52	34037	65	0	34473
5717	134	32858	251	43	0	33286
5718	33674	176	39	24	0	33913
5719	180	36	25	33690	0	33931
5720	41	56	34304	223	0	34624
5721	52	68	32420	59	0	32599
5722	17	16	361	32652	0	33046
5723	34186	18	37	191	0	34432
5724	160	32180	79	61	0	32480
5725	37429	162	18	50	0	37659
5726	184	27	21	38487	0	38719
5727	34	30	19	38772	0	38855
5728	42	14	9	39767	0	39832
5729	40128	11	15	220	0	40374
5730	150	39057	30	79	0	39316
5731	38	164	12	41056	0	41270
5732	33	28	8	41057	0	41126
5733	38	51	40908	200	0	41197
5734	21	30	172	39156	0	39379
5735	30	25	41504	516	0	42075
5736	9	37636	196	77	0	37918
5737	12	130	17	40372	0	40531
5738	39753	13	26	147	0	39939
5739	157	41	39907	24	0	40129
5740	17	15	130	40526	0	40688
5741	36	23	40534	156	0	40749
5742	37838	8	157	39	0	38042
5743	173	16	40764	38	0	40991
5744	25	15	171	38818	0	39029
5745	40672	3	25	150	0	40850
5746	151	35431	133	66	0	35781
5747	38099	137	19	34	0	38289
5748	156	37446	98	51	0	37751
5749	26	161	15	40751	0	40953
5750	43	57	40130	165	0	40395
5751	31	111	39761	34	0	39937
5752	17	30	142	39312	0	39501
5753	41843	9	33	162	0	42047
5754	40641	14	37	43	0	40735
5755	159	9	18	39915	0	40101
5756	34	12	17	40879	0	40942
5757	40560	4	21	181	0	40766
5758	160	37451	61	82	0	37754
5759	29	40991	36	74	0	41130
5760	42667	158	10	42	0	42877
5761	191	91	41220	35	0	41537
5762	44	46	170	40302	0	40562
5763	59	56	41843	187	0	42145
5764	24	27	168	40593	0	40812
5765	65	40	43221	202	0	43528
5766	49	85	41209	53	0	41396
5767	27	19	201	42105	0	42352
5768	21	38372	163	192	0	38748
5769	43421	173	51	44	0	43689
5770	182	41020	83	77	0	41362
5771	41	190	46	45464	0	45741
5772	45981	39	38	195	0	46253
5773	197	47	36	45596	0	45876
5774	47401	32	27	238	0	47698
5775	46350	32	25	90	0	46497
5776	47156	31	16	72	0	47275
5777	254	43809	69	90	0	44222
5778	48365	203	17	74	0	48659
5779	268	179	28	48465	0	48940
5780	53863	43	32	305	0	54243
5781	321	41	33	53855	0	54250
5782	54466	28	30	420	0	54944
5783	54837	35	31	153	0	55056
5784	416	53283	67	168	0	53934
5785	151	351	50	58418	0	58970
5786	105	88	45	57975	0	58213
5787	66	59838	82	618	0	60604
5788	68	633	38	64026	0	64765
5789	63410	226	48	832	0	64516
5790	68145	122	52	334	0	68653
5791	68018	61	49	226	0	68354
5792	1260	128	71483	123	0	72994
5793	74113	62	843	129	0	75147
5794	78658	40	353	118	0	79169
5795	79544	51	169	110	0	79874
5796	1757	77093	133	159	0	79142
5797	768	1057	78	80321	0	82224
5798	363	492	79	81388	0	82322
5799	220	218	54	80917	0	81409
5800	211	173	77635	1868	0	79887
5801	165	80	1121	79027	0	80393
5802	79641	71	521	1528	0	81761
5803	1266	57	257	80114	0	81694
5804	657	59	125	83157	0	83998
5805	440	160	79693	2020	0	82313
5806	269	76152	1415	1113	0	78949
5807	84231	1356	523	428	0	86538
5808	1574	578	271	84095	0	86518
5809	85132	274	134	1642	0	87182
5810	1796	237	81819	739	0	84591
5811	77706	130	1431	487	0	79754
5812	1726	82401	688	414	0	85229
5813	808	1452	84121	322	0	86703
5814	443	610	85501	294	0	86848
5815	353	265	1906	81854	0	84378
5816	320	193	89265	1626	0	91404
5817	222	85789	1650	841	0	88502
5818	262	1647	654	89891	0	92454
5819	254	610	348	91030	0	92242
5820	232	291	209	92004	0	92736
5821	89839	175	186	2119	0	92319
5822	1388	88044	240	1024	0	90696
5823	729	1354	124	91733	0	93940
5824	387	616	194	93196	0	94393
5825	89947	282	194	2036	0	92459
5826	1498	86905	207	1228	0	89838
5827	92111	1403	220	522	0	94256
5828	90902	678	190	454	0	92224
5829	89752	339	186	458	0	90735
5830	2246	254	88125	385	0	91010
5831	1050	256	1338	85930	0	88574
5832	604	86360	710	1557	0	89231
5833	468	90846	379	880	0	92573
5834	473	1974	180	89837	0	92464
5835	410	89973	309	1532	0	92224
5836	97208	1641	193	827	0	99869
5837	1697	888	94685	582	0	97852
5838	93705	445	1448	499	0	96097
5839	101308	319	661	463	0	102751
5840	2265	290	336	101604	0	104495
5841	103061	548	283	1745	0	105637
5842	1987	103631	300	1008	0	106926
5843	110479	1550	209	696	0	112934
5844	110646	782	277	608	0	112313
5845	118417	501	296	621	0	119835
5846	3267	522	119618	511	0	123918
5847	1643	480	119122	852	0	122097
5848	1120	294	2868	119346	0	123628
5849	864	114848	1477	2473	0	119662
5850	837	120582	816	1272	0	123507
5851	724	3039	438	122708	0	126909
5852	123155	1429	359	2773	0	127716
5853	2754	759	342	123032	0	126887
5854	1415	484	373	127626	0	129898
5855	125070	440	352	3662	0	129524
5856	2788	120503	459	2233	0	125983
5857	1572	2434	122628	1298	0	127932
5858	1209	1346	120828	921	0	124304
5859	127467	703	3182	844	0	132196
5860	2832	515	1530	125371	0	130248
5861	1526	498	132052	2885	0	136961
5862	1000	419	2719	127874	0	132012
5863	829	435	1233	130213	0	132710
5864	739	457	841	134371	0	136408
5865	685	468	496	132023	0	133672
5866	696	125436	552	4076	0	130760
5867	662	2573	458	132582	0	136275
5868	130239	1148	485	3501	0	135373
5869	2775	124789	671	2324	0	130559
5870	134315	2601	552	1293	0	138761
5871	134027	1231	548	993	0	136799
5872	134292	865	594	905	0	136656
5873	4029	727	125182	905	0	130843
5874	127730	583	2602	854	0	131769
5875	132970	554	1251	768	0	135543
5876	132053	551	791	847	0	134242
5877	133185	419	526	871	0	135001
5878	3996	127257	589	1018	0	132860
5879	132009	2614	399	868	0	135890
5880	3533	1330	125797	808	0	131468
5881	1651	966	2345	124567	0	129529
5882	1311	611	1047	129243	0	132212
5883	129556	478	716	3382	0	134132
5884	3625	124886	470	1818	0	130799
5885	126023	2406	346	1034	0	129809
5886	3198	123386	434	763	0	127781
5887	121381	2392	259	482	0	124514
5888	120378	927	239	454	0	121998
5889	3016	125834	316	587	0	129753
5890	130136	2296	178	284	0	132894
5891	132344	934	246	302	0	133826
5892	3679	119472	370	390	0	123911
5893	1321	125164	332	324	0	127141
5894	136334	3009	291	243	0	139877
5895	3828	1075	201	139367	0	144471
5896	140225	724	145	3537	0	144631
5897	144802	426	129	1228	0	146585
5898	146647	324	100	834	0	147905
5899	145859	294	130	560	0	146843
5900	5395	135828	332	554	0	142109
5901	2171	141234	358	500	0	144263
5902	146827	4253	247	337	0	151664
5903	4431	1800	139945	287	0	146463
5904	1657	951	3447	137728	0	143783
5905	1041	698	1287	145772	0	148798
5906	140932	377	753	4718	0	146780
5907	3649	136702	483	2169	0	143003
5908	1614	3444	283	139923	0	145264
5909	1032	1326	235	145643	0	148236
5910	140953	854	211	5159	0	147177
5911	4010	552	199	141271	0	146032
5912	139885	466	264	4818	0	145433
5913	139624	545	263	1969	0	142401
5914	139296	477	234	1324	0	141331
5915	5887	437	237	136166	0	142727
5916	2720	445	236	137249	0	140650
5917	1893	492	139182	5241	0	146808
5918	1501	602	137491	2340	0	141934
5919	140828	377	5844	1445	0	148494
5920	5224	390	2541	147660	0	155815
5921	2820	443	160588	5219	0	169070
5922	1918	532	164325	2452	0	169227
5923	1388	443	8250	165076	0	175157
5924	1427	571	165364	6551	0	173913
5925	1181	576	7131	162935	0	171823
5926	1092	511	3402	169852	0	174857
5927	1106	484	164913	9273	0	175776
5928	1133	426	6524	167269	0	175352
5929	1106	472	3278	172205	0	177061
5930	1148	426	1755	177755	0	181084
5931	1285	673	162379	10875	0	175212
5932	1224	539	6228	171825	0	179816
5933	166567	470	3006	9110	0	179153
5934	7017	163002	1863	4901	0	176783
5935	170780	6170	1106	2967	0	181023
5936	8619	3146	161586	1962	0	175313
5937	167381	1563	6450	1787	0	177181
5938	170210	956	3392	1463	0	176021
5939	169276	938	2118	1422	0	173754
5940	11307	815	1443	160056	0	173621
5941	5917	718	1327	167518	0	175480
5942	3619	849	145263	10329	0	160060
5943	143816	519	6541	5351	0	156227
5944	8021	145509	3633	3386	0	160549
5945	3901	138903	1990	2281	0	147075
5946	2344	143815	1489	2088	0	149736
5947	2576	8294	1574	137607	0	150051
5948	134230	3817	1355	7092	0	146494
5949	137538	1913	1578	4147	0	145176
5950	8963	1212	129988	2817	0	142980
5951	4806	1008	5969	132129	0	143912
5952	2835	929	3210	137866	0	144840
5953	2220	1061	129096	9528	0	141905
5954	2005	999	126588	5501	0	135093
5955	126038	707	8448	3445	0	138638
5956	6802	126324	4359	2881	0	140366
5957	131419	5588	2343	2602	0	141952
5958	133662	2972	1835	2281	0	140750
5959	9696	1642	1552	127291	0	140181
5960	5621	1030	1326	134372	0	142349
5961	125103	994	1283	9453	0	136833
5962	7975	883	1239	126880	0	136977
5963	4866	881	1277	131313	0	138337
5964	125990	795	1411	10109	0	138305
5965	7910	763	1317	129015	0	139005
5966	127715	703	1303	8902	0	138623
5967	131321	701	1435	5515	0	138972
5968	9925	853	119630	3831	0	134239
5969	126334	759	6443	3180	0	136716
5970	127607	823	3813	3029	0	135272
5971	129826	772	2507	2751	0	135856
5972	10797	1049	109304	2743	0	123893
5973	118753	750	6212	2713	0	128428
5974	8520	115861	3583	2888	0	130852
5975	122383	5461	2438	2753	0	133035
5976	125468	2781	2016	2755	0	133020
5977	10015	1406	1809	120044	0	133274
5978	5979	890	1763	122507	0	131139
5979	3897	116587	1621	10158	0	132263
5980	3483	5519	1474	120918	0	131394
5981	3083	3057	1461	125696	0	133297
5982	118868	1682	1555	10468	0	132573
5983	8177	1154	1342	122061	0	132734
5984	5545	1039	1188	124379	0	132151
5985	4073	956	1259	122899	0	129187
5986	3462	113710	1325	11112	0	129609
5987	112287	5689	1449	6452	0	125877
5988	7989	114818	1411	4537	0	128755
5989	108463	6125	1180	3368	0	119136
5990	8334	3151	96270	2991	0	110746
5991	97911	1843	5231	2879	0	107864
5992	8012	1167	93289	2916	0	105384
5993	5137	89980	5590	2585	0	103292
5994	83298	4446	3449	2111	0	93304
5995	78025	2556	2072	2020	0	84673
5996	6969	73243	1261	1977	0	83450
5997	4350	74503	1160	1823	0	81836
5998	72948	4962	891	1657	0	80458
5999	74125	2824	930	1588	0	79467
6000	6572	1686	895	70021	0	79174
6001	4409	1309	728	74017	0	80463
6002	3167	1205	66549	5849	0	76770
6003	69945	1073	3182	3730	0	77930
6004	5304	980	2138	68769	0	77191
6005	3800	68397	1300	4580	0	78077
6006	2886	3489	742	72213	0	79330
6007	2377	2368	648	74880	0	80273
6008	2280	1532	66949	6504	0	77265
6009	1965	993	3226	73153	0	79337
6010	68432	1128	2022	5671	0	77253
6011	4594	65638	1185	4215	0	75632
6012	3297	68624	819	2686	0	75426
6013	68605	4973	747	1914	0	76239
6014	69858	3099	711	1938	0	75606
6015	69111	1843	707	1500	0	73161
6016	6824	64402	872	1461	0	73559
6017	3207	57422	568	1059	0	62256
6018	59666	3621	553	847	0	64687
6019	60362	2492	704	899	0	64457
6020	5026	57571	688	966	0	64251
6021	1137	40336	385	490	0	42348
6022	38577	1616	158	385	0	40736
6023	1547	713	268	37051	0	39579
6024	37414	431	84	1334	0	39263
6025	1717	1185	85	35179	0	38166
6026	830	36548	143	1365	0	38886
6027	718	36595	97	802	0	38212
6028	37161	1835	103	408	0	39507
6029	38207	651	71	278	0	39207
6030	38508	393	81	279	0	39261
6031	2178	37233	100	264	0	39775
6032	723	1494	32628	171	0	35016
6033	478	34745	1103	145	0	36471
6034	34658	1477	289	71	0	36495
6035	34794	502	143	105	0	35544
6036	1981	371	31504	73	0	33929
6037	534	30906	1063	71	0	32574
6038	334	1218	263	31837	0	33652
6039	308	397	169	30786	0	31660
6040	262	29528	142	1260	0	31192
6041	265	1243	29610	359	0	31477
6042	31158	454	1111	188	0	32911
6043	1337	283	319	32213	0	34152
6044	32257	233	172	1290	0	33952
6045	32589	271	110	407	0	33377
6046	1611	194	143	32698	0	34646
6047	888	214	116	34841	0	36059
6048	477	201	117	35366	0	36161
6049	403	211	89	36131	0	36834
6050	34501	212	93	2008	0	36814
6051	35870	219	75	802	0	36966
6052	1991	189	33877	525	0	36582
6053	800	174	1319	34864	0	37157
6054	509	186	392	36238	0	37325
6055	415	174	234	36782	0	37605
6056	445	181	33683	2082	0	36391
6057	381	172	1388	34612	0	36553
6058	34024	140	437	1888	0	36489
6059	1625	140	271	34574	0	36610
6060	615	178	33201	1956	0	35950
6061	414	196	1447	34714	0	36771
6062	371	161	33068	1962	0	35562
6063	33943	155	1519	798	0	36415
6064	1681	142	539	34586	0	36948
6065	34439	151	357	1785	0	36732
6066	35517	139	240	847	0	36743
6067	1998	140	237	34952	0	37327
6068	35375	162	207	1850	0	37594
6069	1909	151	185	33562	0	35807
6070	831	33487	214	1784	0	36316
6071	35750	1370	175	766	0	38061
6072	36136	453	158	622	0	37369
6073	36683	265	157	505	0	37610
6074	2295	189	161	35271	0	37916
6075	931	207	144	36244	0	37526
6076	651	175	140	37133	0	38099
6077	597	190	32896	2359	0	36042
6078	556	32620	1394	1092	0	35662
6079	552	1415	442	34208	0	36617
6080	524	485	32664	1927	0	35600
6081	32947	297	1512	933	0	35689
6082	1795	196	562	34212	0	36765
6083	763	227	32553	1922	0	35465
6084	33958	185	1481	948	0	36572
6085	1823	151	568	35126	0	37668
6086	847	154	384	36241	0	37626
6087	619	131	264	37315	0	38329
6088	35736	144	273	2444	0	38597
6089	36479	130	252	1146	0	38007
6090	35809	155	268	824	0	37056
6091	2220	32787	295	683	0	35985
6092	923	34278	221	656	0	36078
6093	35015	1616	197	583	0	37411
6094	1939	584	33943	583	0	37049
6095	987	279	1364	34401	0	37031
6096	715	219	459	36543	0	37936
6097	35122	226	329	2153	0	37830
6098	33714	222	206	1021	0	35163
6099	1996	32898	284	743	0	35921
6100	968	1423	219	34059	0	36669
6101	747	469	33020	1857	0	36093
6102	604	323	33565	873	0	35365
6103	557	179	1681	33779	0	36196
6104	465	202	629	35618	0	36914
6105	33669	162	386	2230	0	36447
6106	1668	152	297	34383	0	36500
6107	35216	161	345	2056	0	37778
6108	35672	126	288	999	0	37085
6109	2073	155	35310	827	0	38365
6110	36235	122	1399	671	0	38427
6111	37343	109	534	662	0	38648
6112	37160	121	350	620	0	38251
6113	2206	34851	310	613	0	37980
6114	962	35368	304	589	0	37223
6115	754	1916	243	34924	0	37837
6116	672	552	34149	1780	0	37153
6117	560	32474	1104	805	0	34943
6118	650	1218	343	28646	0	30857
6119	368	275	251	27702	0	28596
6120	342	27338	203	1076	0	28959
6121	28353	814	156	537	0	29860
6122	28797	295	159	413	0	29664
6123	1281	221	28621	318	0	30441
6124	28528	123	747	342	0	29740
6125	1128	136	28058	321	0	29643
6126	24847	127	660	296	0	25930
6127	1090	130	25554	293	0	27067
6128	433	24273	601	231	0	25538
6129	862	354	217	23238	0	24671
6130	176	158	135	23663	0	24132
6131	23612	87	118	540	0	24357
6132	24018	51	96	308	0	24473
6133	23782	55	91	235	0	24163
6134	612	68	23460	206	0	24346
6135	335	64	373	23342	0	24114
6136	242	73	183	24752	0	25250
6137	24451	49	137	564	0	25201
6138	475	23807	106	341	0	24729
6139	26989	335	82	237	0	27643
6140	521	157	84	26711	0	27473
6141	338	108	65	27303	0	27814
6142	253	77	63	27186	0	27579
6143	181	90	61	27380	0	27712
6144	144	320	71	27097	0	27632
6145	173	25740	78	642	0	26633
6146	163	25015	70	301	0	25549
6147	100	23534	71	127	0	23832
6148	94	355	33	24251	0	24733
6149	102	82	23163	222	0	23569
6150	20791	63	158	122	0	21134
6151	206	23008	165	79	0	23458
6152	96	164	56	24107	0	24423
6153	73	73	51	24769	0	24966
6154	25408	40	66	233	0	25747
6155	24416	43	51	144	0	24654
6156	24792	29	39	117	0	24977
6157	278	37	22	29172	0	29509
6158	162	39	30508	248	0	30957
6159	124	58	32378	134	0	32694
6160	91	36	238	32983	0	33348
6161	100	36	33412	252	0	33800
6162	31445	33	254	125	0	31857
6163	265	33	76	33138	0	33512
6164	164	33	33480	250	0	33927
6165	106	40	183	32178	0	32507
6166	93	70	34884	276	0	35323
6167	96	74	36765	124	0	37059
6168	63	40	271	39099	0	39473
6169	58	36	42716	307	0	43117
6170	58	54	41985	109	0	42206
6171	26	37030	703	115	0	37874
6172	14	418	182	44073	0	44687
6173	47213	133	91	436	0	47873
6174	427	75	44	47106	0	47652
6175	143	39	22	48861	0	49065
6176	95	59	48112	628	0	48894
6177	43607	37	460	277	0	44381
6178	459	18	150	50014	0	50641
6179	178	12	82	51137	0	51409
6180	50959	7	38	632	0	51636
6181	489	10	47	51277	0	51823
6182	52280	14	64	584	0	52942
6183	52251	19	47	248	0	52565
6184	52122	9	32	155	0	52318
6185	675	48908	57	120	0	49760
6186	52142	445	16	84	0	52687
6187	554	49757	53	107	0	50471
6188	223	506	31	51277	0	52037
6189	52196	181	30	483	0	52890
6190	501	50207	65	262	0	51035
6191	53330	502	34	117	0	53983
6192	566	51642	60	156	0	52424
6193	51894	567	37	612	0	53110
6194	576	49736	128	92	0	50532
6195	229	53316	52	441	0	54038
6196	157	57765	52	85	0	58059
6197	99	772	20	56595	0	57486
6198	85	56771	51	503	0	57410
6199	68	630	35	57743	0	58476
6200	64	245	31	57913	0	58253
6201	62	146	28	57836	0	58072
6202	60	99	16	58519	0	58694
6203	57365	66	23	852	0	58306
6204	57340	62	32	386	0	57820
6205	772	105	55334	204	0	56415
6206	58140	56	522	149	0	58867
6207	60740	50	185	133	0	61108
6208	65230	67	111	114	0	65522
6209	1241	81	63521	116	0	64959
6210	475	140	63207	93	0	63915
6211	62425	72	1197	115	0	63809
6212	1300	115	66469	112	0	67996
6213	425	69849	1245	145	0	71664
6214	250	1250	347	75089	0	76936
6215	78374	387	185	1299	0	80245
6216	77925	191	139	459	0	78714
6217	78650	115	150	255	0	79170
6218	1798	106	128	76935	0	78967
6219	697	87	101	79369	0	80254
6220	373	169	77232	1746	0	79520
6221	289	119	1231	77649	0	79288
6222	235	94	416	81261	0	82006
6223	79726	84	231	1874	0	81915
6224	1514	77668	197	712	0	80091
6225	81518	1405	131	405	0	83459
6226	1655	441	86	82731	0	84913
6227	82977	226	115	1623	0	84941
6228	82192	123	134	615	0	83064
6229	77558	150	145	423	0	78276
6230	1922	77848	176	377	0	80323
6231	784	81094	149	319	0	82346
6232	492	1775	142	82277	0	84686
6233	81958	560	147	1610	0	84275
6234	1615	313	167	80597	0	82692
6235	702	203	129	83195	0	84229
6236	519	219	81045	2000	0	83783
6237	445	192	1372	80977	0	82986
6238	352	210	429	81588	0	82579
6239	343	159	223	81647	0	82372
6240	414	168	79229	2192	0	82003
6241	464	203	77518	933	0	79118
6242	337	77316	1726	708	0	80087
6243	80889	1448	578	483	0	83398
6244	1632	534	313	80590	0	83069
6245	760	309	80896	1764	0	83729
6246	501	208	1467	80167	0	82343
6247	421	163	459	85235	0	86278
6248	83947	134	303	2141	0	86525
6249	83455	163	263	892	0	84773
6250	2019	80846	269	804	0	83938
6251	83691	1486	240	480	0	85897
6252	83578	504	255	430	0	84767
6253	2163	334	259	81131	0	83887
6254	959	314	79407	1722	0	82402
6255	601	77188	1489	788	0	80066
6256	80575	1551	437	505	0	83068
6257	80340	574	251	509	0	81674
6258	2190	76656	246	713	0	79805
6259	953	1670	149	82679	0	85451
6260	87946	522	165	2404	0	91037
6261	88689	302	202	931	0	90124
6262	2901	286	212	87525	0	90924
6263	89304	265	223	2690	0	92482
6264	94052	212	213	1022	0	95499
6265	94147	238	241	767	0	95393
6266	3518	354	88598	646	0	93116
6267	1301	86773	2192	637	0	90903
6268	901	89918	561	571	0	91951
6269	86500	2633	312	496	0	89941
6270	2713	85439	255	539	0	88946
6271	1099	2935	85405	419	0	89858
6272	1085	720	2261	85747	0	89813
6273	85917	471	550	2671	0	89609
6274	2886	343	381	85167	0	88777
6275	86995	352	268	2876	0	90491
6276	87245	331	235	922	0	88733
6277	86611	324	212	698	0	87845
6278	3349	81144	347	600	0	85440
6279	1219	85536	337	611	0	87703
6280	87403	2838	230	569	0	91040
6281	87583	861	224	576	0	89244
6282	87953	535	248	609	0	89345
6283	3483	384	247	84757	0	88871
6284	84271	300	241	2843	0	87655
6285	3177	80769	269	974	0	85189
6286	1257	85619	241	786	0	87903
6287	1071	2904	219	85541	0	89735
6288	1145	940	82608	2824	0	87517
6289	1083	720	82282	932	0	85017
6290	906	549	2775	83030	0	87260
6291	963	711	84207	2819	0	88700
6292	850	675	2572	84152	0	88249
6293	85227	564	750	2880	0	89421
6294	3019	690	467	83764	0	87940
6295	82503	496	508	3099	0	86606
6296	3110	77688	402	1281	0	82481
6297	1632	2670	78528	791	0	83621
6298	1084	924	2475	77472	0	81955
6299	1106	625	788	82576	0	85095
6300	1088	630	80488	3355	0	85561
6301	1089	617	2471	78349	0	82526
6302	902	81298	760	2968	0	85928
6303	1178	2783	466	83582	0	88009
6304	1221	868	375	85353	0	87817
6305	1209	569	351	88555	0	90684
6306	1202	605	84742	3974	0	90523
6307	1026	613	81140	1557	0	84336
6308	74356	470	2921	959	0	78706
6309	3167	642	73597	820	0	78226
6310	1146	74622	2614	696	0	79078
6311	76913	2363	727	718	0	80721
6312	2604	75906	850	532	0	79892
6313	75669	2743	530	550	0	79492
6314	75948	952	475	637	0	78012
6315	73356	418	568	604	0	74946
6316	73364	342	428	602	0	74736
6317	3017	68121	443	577	0	72158
6318	1166	70821	374	731	0	73092
6319	72615	2610	366	404	0	75995
6320	2715	1054	68234	515	0	72518
6321	1093	477	2177	67791	0	71538
6322	860	385	641	71804	0	73690
6323	841	433	68107	2751	0	72132
6324	63125	461	2314	1044	0	66944
6325	70110	364	734	845	0	72053
6326	67900	611	403	777	0	69691
6327	2796	65322	427	913	0	69458
6328	70224	2143	465	864	0	73696
6329	2676	735	499	67092	0	71002
6330	944	70911	768	2441	0	75064
6331	76170	2233	618	1005	0	80026
6332	78435	754	471	799	0	80459
6333	86555	606	610	685	0	88456
6334	3636	640	515	83394	0	88185
6335	1753	534	411	84459	0	87157
6336	1296	79092	399	3406	0	84193
6337	1216	2700	79585	1204	0	84705
6338	1177	1035	2434	81221	0	85867
6339	1209	678	815	82734	0	85436
6340	1058	644	563	87082	0	89347
6341	1008	692	81560	3609	0	86869
6342	79482	597	2604	1541	0	84224
6343	3366	505	974	84258	0	89103
6344	1386	565	83997	3259	0	89207
6345	939	553	2720	83256	0	87468
6346	84411	503	1018	3571	0	89503
6347	3310	85415	947	1430	0	91102
6348	1466	2867	678	91330	0	96341
6349	1213	955	88483	3509	0	94160
6350	83765	668	3050	1499	0	88982
6351	90166	700	1182	1004	0	93052
6352	4256	494	86639	928	0	92317
6353	1763	547	2946	80783	0	86039
6354	1217	85758	1169	2817	0	90961
6355	90619	2949	709	1236	0	95513
6356	3656	1044	86919	1006	0	92625
6357	85517	651	3020	873	0	90061
6358	3824	630	87312	917	0	92683
6359	2102	563	79476	704	0	82845
6360	75255	480	2650	573	0	78958
6361	2474	76880	1243	802	0	81399
6362	1318	2124	76231	956	0	80629
6363	766	75618	2265	919	0	79568
6364	730	2051	73703	453	0	76937
6365	583	73873	2098	475	0	77029
6366	73906	1922	1010	492	0	77330
6367	1955	792	70640	497	0	73884
6368	969	552	70780	533	0	72834
6369	631	367	68605	446	0	70049
6370	68667	777	2364	372	0	72180
6371	69355	235	961	390	0	70941
6372	2098	238	613	66894	0	69843
6373	1009	247	72067	1614	0	74937
6374	586	345	72808	813	0	74552
6375	74619	270	2177	452	0	77518
6376	1773	260	1033	78351	0	81417
6377	78655	228	603	1698	0	81184
6378	79379	191	579	747	0	80896
6379	2366	210	507	76773	0	79856
6380	1155	74412	557	1654	0	77778
6381	673	1542	524	78842	0	81581
6382	650	719	451	80078	0	81898
6383	675	448	77453	2183	0	80759
6384	630	73905	1787	1129	0	77451
6385	581	78370	977	618	0	80546
6386	547	1990	693	77220	0	80450
6387	531	885	77182	1694	0	80292
6388	523	73297	1908	982	0	76710
6389	530	1686	76905	658	0	79779
6390	75479	815	2097	505	0	78896
6391	78788	488	1136	417	0	80829
6392	2321	470	77001	420	0	80212
6393	76557	372	1960	458	0	79347
6394	2048	406	1100	77083	0	80637
6395	1083	78674	864	1647	0	82268
6396	739	1661	774	83190	0	86364
6397	82961	793	711	1807	0	86272
6398	82729	469	664	901	0	84763
6399	82779	354	656	600	0	84389
6400	81229	331	585	469	0	82614
6401	2445	76225	657	523	0	79850
6402	1127	77605	656	463	0	79851
6403	79787	1824	625	480	0	82716
6404	2089	810	76983	458	0	80340
6405	1119	1396	1449	72859	0	76823
6406	742	76965	852	1322	0	79881
6407	655	1398	541	77124	0	79718
6408	458	77559	558	1541	0	80116
6409	458	1645	501	81166	0	83770
6410	529	776	79530	1689	0	82524
6411	78768	531	1657	788	0	81744
6412	81900	437	938	470	0	83745
6413	2089	546	79084	376	0	82095
6414	78578	442	1740	411	0	81171
6415	82001	457	980	377	0	83815
6416	2157	458	80651	361	0	83627
6417	1074	375	1767	78155	0	81371
6418	81868	296	1071	1484	0	84719
6419	1964	330	80575	720	0	83589
6420	1152	285	1700	77707	0	80844
6421	826	312	82564	1472	0	85174
6422	741	460	78167	828	0	80196
6423	80342	425	2089	542	0	83398
6424	85347	324	1081	400	0	87152
6425	84386	260	590	438	0	85674
6426	86837	307	517	364	0	88025
6427	2514	305	471	83656	0	86946
6428	1251	78484	512	1607	0	81854
6429	760	82558	496	877	0	84691
6430	513	1906	426	80429	0	83274
6431	79693	784	402	1580	0	82459
6432	1892	74391	374	791	0	77448
6433	433	70245	231	285	0	71194
6434	73497	1378	188	163	0	75226
6435	1356	414	179	72679	0	74628
6436	74549	237	212	1273	0	76271
6437	1386	71732	251	441	0	73810
6438	75885	1265	170	326	0	77646
6439	1650	392	76538	194	0	78774
6440	88561	238	1400	204	0	90403
6441	94912	178	670	183	0	95943
6442	99187	195	278	194	0	99854
6443	3156	323	93163	213	0	96855
6444	94309	214	2052	233	0	96808
6445	2725	92465	813	291	0	96294
6446	1040	2141	93818	177	0	97176
6447	736	1388	2166	87795	0	92085
6448	522	384	732	87860	0	89498
6449	441	88180	512	2443	0	91576
6450	443	2082	290	92152	0	94967
6451	414	691	249	95373	0	96727
6452	419	478	90287	2838	0	94022
6453	83554	283	2292	1092	0	87221
6454	2397	273	90718	617	0	94005
6455	830	215	2370	90276	0	93691
6456	532	233	92288	2356	0	95409
6457	405	176	2437	93027	0	96045
6458	94461	184	892	2653	0	98190
6459	99009	186	585	999	0	100779
6460	3185	166	331	99975	0	103657
6461	1257	199	103376	2893	0	107725
6462	799	132	2609	104753	0	108293
6463	618	200	102035	3090	0	105943
6464	98810	160	2856	1148	0	102974
6465	103275	188	983	719	0	105165
6466	102779	188	661	580	0	104208
6467	101203	196	454	506	0	102359
6468	3624	95131	462	497	0	99714
6469	1452	2744	334	99972	0	104502
6470	97322	782	379	2825	0	101308
6471	2852	94238	443	1096	0	98629
6472	1199	97571	430	761	0	99961
6473	927	3187	89950	507	0	94571
6474	91069	1267	2665	429	0	95430
6475	94879	599	912	444	0	96834
6476	3734	422	88117	368	0	92641
6477	1614	323	2791	87175	0	91903
6478	1074	260	980	92341	0	94655
6479	902	251	88871	3431	0	93455
6480	766	258	2840	89116	0	92980
6481	89377	276	1090	3288	0	94031
6482	3172	265	86275	1233	0	90945
6483	1372	280	87967	847	0	90466
6484	87454	244	3442	973	0	92113
6485	3313	293	88160	582	0	92348
6486	87833	267	3234	530	0	91864
6487	3460	86266	1273	658	0	91657
6488	91402	2697	849	560	0	95508
6489	3492	944	661	89528	0	94625
6490	1480	636	541	93008	0	95665
6491	91240	483	534	3598	0	95855
6492	3311	458	511	91004	0	95284
6493	90076	399	465	3446	0	94386
6494	3459	88456	560	1387	0	93862
6495	1565	2767	501	84297	0	89130
6496	1136	997	484	89336	0	91953
6497	85867	644	478	3632	0	90621
6498	86087	445	496	1582	0	88610
6499	86158	369	485	1154	0	88166
6500	4105	80249	560	891	0	85805
6501	1974	84465	521	820	0	87780
6502	86127	3173	488	732	0	90520
6503	3697	1226	79851	636	0	85410
6504	1668	80800	2742	750	0	85960
6505	82508	2936	1409	689	0	87542
6506	79446	932	1037	568	0	81983
6507	79893	632	502	528	0	81555
6508	3846	468	436	76556	0	81306
6509	77923	406	461	2684	0	81474
6510	76217	430	420	1112	0	78179
6511	3851	377	400	72031	0	76659
6512	73989	374	420	2833	0	77616
6513	3425	468	67994	1175	0	73062
6514	1686	404	2372	69897	0	74359
6515	1226	451	927	71316	0	73920
6516	1053	352	686	73401	0	75492
6517	70763	309	446	3819	0	75337
6518	72841	279	452	1792	0	75364
6519	72900	346	451	1160	0	74857
6520	72362	243	476	1079	0	74160
6521	70518	214	497	918	0	72147
6522	4132	250	525	66338	0	71245
6523	2146	255	481	69339	0	72221
6524	66058	227	510	3416	0	70211
6525	3260	63923	463	1973	0	69619
6526	66560	2240	472	1058	0	70330
6527	3498	793	62026	916	0	67233
6528	64566	487	2223	680	0	67956
6529	68031	430	830	688	0	69979
6530	3803	388	68667	672	0	73530
6531	72670	286	2743	548	0	76247
6532	3932	326	72813	645	0	77716
6533	2149	278	76377	486	0	79290
6534	1675	520	3747	76991	0	82933
6535	2309	276	2226	82493	0	87304
6536	1115	278	79612	4289	0	85294
6537	1407	349	79427	2061	0	83244
6538	933	77883	4093	1381	0	84290
6539	803	78486	1890	979	0	82158
6540	60125	3321	1995	519	0	65960
6541	2320	63046	646	479	0	66491
6542	58539	2405	771	450	0	62165
6543	2421	57930	427	477	0	61255
6544	58614	2324	424	372	0	61734
6545	2629	1070	55091	325	0	59115
6546	55777	778	2061	283	0	58899
6547	2678	572	884	52860	0	56994
6548	1293	55013	636	1829	0	58771
6549	1519	2131	406	57576	0	61632
6550	56225	997	313	2360	0	59895
6551	57408	648	249	991	0	59296
6552	2986	489	296	56246	0	60017
6553	1549	408	54934	2289	0	59180
6554	1084	369	53957	1062	0	56472
6555	747	54656	2534	755	0	58692
6556	1227	2108	1068	54264	0	58667
6557	588	949	52995	2272	0	56804
6558	535	49017	2169	979	0	52700
6559	636	2121	1732	46328	0	50817
6560	361	809	559	48879	0	50608
6561	42245	497	428	2335	0	45505
6562	1707	367	409	43062	0	45545
6563	779	348	41039	2170	0	44336
6564	532	295	1712	42449	0	44988
6565	41580	335	802	2225	0	44942
6566	1816	280	40804	1123	0	44023
6567	41148	239	1734	821	0	43942
6568	1967	40549	795	597	0	43908
6569	42754	1561	519	596	0	45430
6570	43663	713	444	410	0	45230
6571	2438	446	414	41485	0	44783
6572	1293	286	367	41739	0	43685
6573	828	40642	423	2357	0	44250
6574	621	1620	344	43221	0	45806
6575	42044	784	362	2259	0	45449
6576	1967	554	40914	1111	0	44546
6577	1045	460	1613	40960	0	44078
6578	772	41048	767	1943	0	44530
6579	612	1700	551	41414	0	44277
6580	463	925	391	44209	0	45988
6581	42266	656	289	2609	0	45820
6582	1875	41322	263	1416	0	44876
6583	1063	1773	303	42304	0	45443
6584	40715	858	317	2187	0	44077
6585	2038	628	321	40911	0	43898
6586	1029	449	333	42874	0	44685
6587	42411	401	268	2823	0	45903
6588	42170	324	285	1627	0	44406
6589	2602	364	39500	1142	0	43608
6590	40799	315	1655	903	0	43672
6591	42014	329	769	764	0	43876
6592	41491	319	550	759	0	43119
6593	2840	38357	473	761	0	42431
6594	1607	39949	409	692	0	42657
6595	1147	2220	328	40427	0	44122
6596	40361	1133	397	1978	0	43869
6597	41636	750	344	1053	0	43783
6598	2766	559	370	40276	0	43971
6599	1616	477	38990	2165	0	43248
6600	40562	458	1614	1160	0	43794
6601	43224	468	759	935	0	45386
6602	2712	454	538	41316	0	45020
6603	1587	391	412	43552	0	45942
6604	42866	357	320	2653	0	46196
6605	2437	331	286	41736	0	44790
6606	1467	40647	366	2413	0	44893
6607	1162	1669	358	43265	0	46454
6608	42688	822	320	2404	0	46234
6609	2391	628	40457	1319	0	44795
6610	40514	402	1632	1138	0	43686
6611	2535	388	40377	916	0	44216
6612	1408	358	1903	41331	0	45000
6613	42287	383	881	2282	0	45833
6614	2273	335	603	42776	0	45987
6615	1313	356	438	43983	0	46090
6616	42821	325	455	2930	0	46531
6617	2321	265	40705	1688	0	44979
6618	1375	240	42710	1189	0	45514
6619	1044	224	2277	42405	0	45950
6620	864	209	1211	44714	0	46998
6621	752	237	776	45750	0	47515
6622	699	263	42472	3112	0	46546
6623	42058	219	1760	1779	0	45816
6624	45132	201	895	1321	0	47549
6625	45029	202	692	1035	0	46958
6626	45044	286	536	923	0	46789
6627	2943	41673	502	873	0	45991
6628	1659	43347	389	976	0	46371
6629	1139	43546	360	904	0	45949
6630	672	1232	260	36478	0	38642
6631	620	352	291	35613	0	36876
6632	603	191	30939	1409	0	33142
6633	508	27490	792	542	0	29332
6634	239	1236	323	22479	0	24277
6635	20121	84	76	306	0	20587
6636	216	20510	75	171	0	20972
6637	127	230	43	20663	0	21063
6638	99	20350	79	290	0	20818
6639	21227	242	58	144	0	21671
6640	282	78	52	20648	0	21060
6641	125	52	22330	338	0	22845
6642	99	51	22288	164	0	22602
6643	96	331	470	22914	0	23811
6644	80	47	177	22782	0	23086
6645	95	44	92	23989	0	24220
6646	23525	36	71	579	0	24211
6647	481	65	22865	254	0	23665
6648	169	21991	325	143	0	22628
6649	62	272	116	22443	0	22893
6650	89	127	22260	334	0	22810
6651	55	21565	279	159	0	22058
6652	57	262	116	23891	0	24326
6653	49	115	23230	300	0	23694
6654	20	33	232	22204	0	22489
6655	12	30	95	22917	0	23054
6656	23078	19	31	324	0	23452
6657	22456	15	28	142	0	22641
6658	305	17	13	22526	0	22861
6659	22808	13	24	268	0	23113
6660	264	23	22465	125	0	22877
6661	121	10	241	22781	0	23153
6662	57	13	22875	292	0	23237
6663	35	10	254	22900	0	23199
6664	25	21763	146	303	0	22237
6665	24	21685	42	154	0	21905
6666	31	21743	49	57	0	21880
6667	19	364	25	22718	0	23126
6668	16	132	24	25306	0	25478
6669	29	69	24384	412	0	24894
6670	39	86	24598	170	0	24893
6671	28	63	26372	81	0	26544
6672	26895	34	485	68	0	27482
6673	343	24	163	29080	0	29610
6674	29767	13	65	460	0	30305
6675	448	30939	68	170	0	31625
6676	166	581	45	31433	0	32225
6677	31340	209	46	627	0	32222
6678	595	107	54	31511	0	32267
6679	32060	51	47	718	0	32876
6680	704	91	31775	312	0	32882
6681	262	32141	609	178	0	33190
6682	147	596	222	33794	0	34759
6683	33387	240	144	650	0	34421
6684	34080	132	94	294	0	34600
6685	809	79	64	34108	0	35060
6686	346	48	69	34853	0	35316
6687	33230	49	84	905	0	34268
6688	667	49	111	33147	0	33974
6689	329	58	32339	819	0	33545
6690	209	32375	653	386	0	33623
6691	134	597	280	34309	0	35320
6692	34217	269	163	775	0	35424
6693	33749	171	110	388	0	34418
6694	917	137	34179	286	0	35519
6695	424	32552	710	260	0	33946
6696	265	35532	309	229	0	36335
6697	169	1021	200	35704	0	37094
6698	149	384	118	37664	0	38315
6699	169	218	114	37273	0	37774
6700	155	167	138	37087	0	37547
6701	192	35725	131	1542	0	37590
6702	185	876	122	37026	0	38209
6703	249	340	108	37711	0	38408
6704	36541	177	109	1398	0	38225
6705	36066	109	118	695	0	36988
6706	1165	36606	172	452	0	38395
6707	38173	859	137	414	0	39583
6708	38604	377	130	351	0	39462
6709	39075	232	132	350	0	39789
6710	1412	197	36800	340	0	38749
6711	624	161	906	37201	0	38892
6712	393	195	352	39157	0	40097
6713	309	179	36539	1359	0	38386
6714	288	164	940	36068	0	37460
6715	235	212	417	36415	0	37279
6716	36511	150	283	1488	0	38432
6717	1056	175	35338	789	0	37358
6718	516	152	893	35270	0	36831
6719	34548	129	340	1321	0	36338
6720	1036	34561	259	736	0	36592
6721	35480	953	138	517	0	37088
6722	35069	417	117	511	0	36114
6723	1353	33883	139	432	0	35807
6724	666	958	129	35096	0	36849
6725	35161	413	129	1220	0	36923
6726	1170	34180	127	592	0	36069
6727	600	1018	135	34920	0	36673
6728	33570	433	128	1171	0	35302
6729	33495	253	136	662	0	34546
6730	1376	32554	147	485	0	34562
6731	33838	940	148	441	0	35367
6732	1180	424	161	33972	0	35737
6733	34181	257	150	1271	0	35859
6734	1301	176	32406	704	0	34587
6735	656	169	940	33241	0	35006
6736	488	155	407	33936	0	34986
6737	32484	190	264	1502	0	34440
6738	1183	31508	200	792	0	33683
6739	31265	1004	180	521	0	32970
6740	1301	31222	154	495	0	33172
6741	577	941	29562	370	0	31450
6742	486	377	29390	371	0	30624
6743	371	295	1141	28563	0	30370
6744	363	236	29290	1019	0	30908
6745	342	233	812	29617	0	31004
6746	330	200	316	29729	0	30575
6747	389	201	182	30914	0	31686
6748	30104	190	139	1292	0	31725
6749	29303	206	116	662	0	30287
6750	30709	205	130	472	0	31516
6751	1381	30829	172	424	0	32806
6752	659	33005	134	432	0	34230
6753	596	1391	35008	380	0	37375
6754	419	573	1356	36090	0	38438
6755	401	425	35803	1748	0	38377
6756	389	317	1632	36365	0	38703
6757	393	278	598	38255	0	39524
6758	345	221	505	38883	0	39954
6759	400	215	35143	2485	0	38243
6760	322	223	1531	36621	0	38697
6761	35440	181	608	2317	0	38546
6762	1594	34826	511	1092	0	38023
6763	692	1459	311	36736	0	39198
6764	36173	559	291	1973	0	38996
6765	36980	458	245	990	0	38673
6766	2044	320	250	35719	0	38333
6767	950	274	213	35621	0	37058
6768	32737	187	189	2156	0	35269
6769	1724	164	187	33412	0	35487
6770	30984	124	153	2089	0	33350
6771	1790	124	117	30083	0	32114
6772	717	141	26373	2024	0	29255
6773	568	24751	1153	979	0	27451
6774	443	26884	442	736	0	28505
6775	338	1240	255	24481	0	26314
6776	280	478	166	25707	0	26631
6777	24493	337	169	1566	0	26565
6778	1144	272	135	24856	0	26407
6779	436	254	123	25192	0	26005
6780	366	178	82	23903	0	24529
6781	287	21909	108	1823	0	24127
6782	297	1001	67	23742	0	25107
6783	245	323	103	24302	0	24973
6784	232	262	73	24687	0	25254
6785	21824	197	103	1945	0	24069
6786	1068	23758	99	975	0	25900
6787	399	1091	108	25194	0	26792
6788	347	374	73	25682	0	26476
6789	257	294	82	26248	0	26881
6790	23965	200	78	1884	0	26127
6791	1180	163	74	24605	0	26022
6792	431	130	55	24986	0	25602
6793	340	119	21904	1879	0	24242
6794	224	21783	845	1005	0	23857
6795	197	864	266	23806	0	25133
6796	21880	292	204	1432	0	23808
6797	942	22350	156	762	0	24210
6798	21683	889	101	543	0	23216
6799	23155	369	93	398	0	24015
6800	1158	295	71	22706	0	24230
6801	563	209	55	23337	0	24164
6802	442	181	22741	1299	0	24663
6803	302	145	806	23684	0	24937
6804	271	99	23886	1421	0	25677
6805	213	67	973	24562	0	25815
6806	22823	68	354	1487	0	24732
6807	905	23761	333	732	0	25731
6808	315	1155	217	26626	0	28313
6809	293	368	196	26983	0	27840
6810	229	289	158	26983	0	27659
6811	215	213	111	27300	0	27839
6812	26018	177	90	1692	0	27977
6813	951	25549	118	1216	0	27834
6814	348	883	87	27905	0	29223
6815	27372	283	106	1538	0	29299
6816	1043	261	26184	843	0	28331
6817	26137	158	863	699	0	27857
6818	27740	188	315	505	0	28748
6819	1357	189	26239	451	0	28236
6820	689	149	930	26169	0	27937
6821	27162	116	400	1218	0	28896
6822	1183	26204	299	641	0	28327
6823	27932	927	191	571	0	29621
6824	28014	314	158	507	0	28993
6825	27918	256	129	506	0	28809
6826	1539	186	79	26813	0	28617
6827	773	177	74	28019	0	29043
6828	619	31172	93	1395	0	33279
6829	494	1157	77	32975	0	34703
6830	32756	437	111	1593	0	34897
6831	1357	331	31281	834	0	33803
6832	30126	228	1022	668	0	32044
6833	32809	221	357	544	0	33931
6834	1644	186	263	31365	0	33458
6835	843	132	156	33258	0	34389
6836	32671	112	165	1630	0	34578
6837	32253	93	133	849	0	33328
6838	32500	97	101	659	0	33357
6839	1761	128	30922	544	0	33355
6840	850	29926	966	832	0	32574
6841	32449	1059	332	429	0	34269
6842	1440	403	241	32161	0	34245
6843	734	31660	174	1224	0	33792
6844	554	1164	152	32595	0	34465
6845	32507	487	127	1454	0	34575
6846	1318	349	106	32866	0	34639
6847	662	226	32197	1630	0	34715
6848	446	31251	863	868	0	33428
6849	336	33299	356	711	0	34702
6850	358	1283	30948	487	0	33076
6851	26226	734	654	322	0	27936
6852	688	27827	343	250	0	29108
6853	149	337	341	25153	0	25980
6854	25230	147	40	314	0	25731
6855	330	24660	56	157	0	25203
6856	168	320	45	25752	0	26285
6857	26158	139	44	345	0	26686
6858	378	69	28	25759	0	26234
6859	26265	41	25	391	0	26722
6860	407	68	25528	183	0	26186
6861	203	25184	278	129	0	25794
6862	28562	315	102	84	0	29063
6863	27952	133	51	105	0	28241
6864	28127	75	59	90	0	28351
6865	525	82	27992	73	0	28672
6866	27335	69	284	67	0	27755
6867	29303	47	108	81	0	29539
6868	492	58	68	28814	0	29432
6869	29404	66	52	360	0	29882
6870	441	27575	60	205	0	28281
6871	242	297	59	29047	0	29645
6872	209	174	28877	367	0	29627
6873	120	428	328	27788	0	28664
6874	113	108	141	29055	0	29417
6875	29059	94	75	483	0	29711
6876	28831	82	69	260	0	29242
6877	518	98	28627	161	0	29404
6878	27853	79	323	140	0	28395
6879	478	62	29026	142	0	29708
6880	295	47	343	28680	0	29365
6881	195	201	29232	390	0	30018
6882	163	70	323	28511	0	29067
6883	191	27789	188	380	0	28548
6884	181	324	29587	184	0	30276
6885	198	159	30325	123	0	30805
6886	179	123	630	24790	0	25722
6887	29744	82	253	436	0	30515
6888	29470	51	127	233	0	29881
6889	29929	66	117	151	0	30263
6890	669	74	96	28727	0	29566
6891	357	59	81	29606	0	30103
6892	268	54	59	29807	0	30188
6893	210	58	65	29807	0	30140
6894	159	78	28303	688	0	29228
6895	149	93	380	28232	0	28854
6896	130	27410	214	561	0	28315
6897	135	376	123	28891	0	29525
6898	28238	166	99	576	0	29079
6899	510	122	27075	315	0	28022
6900	23971	75	469	255	0	24770
6901	599	85	27232	154	0	28070
6902	291	84	26070	147	0	26592
6903	186	24411	679	157	0	25433
6904	167	449	445	24599	0	25660
6905	142	214	180	25400	0	25936
6906	122	24386	258	596	0	25362
6907	26990	513	144	267	0	27914
6908	634	283	128	27610	0	28655
6909	381	153	103	33316	0	33953
6910	263	78	105	36523	0	36969
6911	39480	78	110	1745	0	41413
6912	43005	71	69	861	0	44006
6913	2131	68	94	41971	0	44264
6914	889	49	68	43417	0	44423
6915	41418	59	71	2410	0	43958
6916	1872	72	60	41672	0	43676
6917	815	80	55	43320	0	44270
6918	559	51	67	44513	0	45190
6919	468	77	40062	2793	0	43400
6920	39361	59	1513	1394	0	42327
6921	42361	43	514	980	0	43898
6922	2415	95	39199	758	0	42467
6923	1111	49	1633	37241	0	40034
6924	721	39395	664	1924	0	42704
6925	39271	1557	464	962	0	42254
6926	1840	39230	360	727	0	42157
6927	847	39615	304	567	0	41333
6928	530	1873	200	36623	0	39226
6929	36343	739	215	1800	0	39097
6930	38116	459	313	855	0	39743
6931	2107	354	151	37563	0	40175
6932	1036	281	136	38738	0	40191
6933	756	291	99	39404	0	40550
6934	604	282	87	39039	0	40012
6935	551	222	73	38319	0	39165
6936	508	35858	91	2615	0	39072
6937	452	1450	70	38664	0	40636
6938	36921	544	52	2564	0	40081
6939	37650	356	79	1465	0	39550
6940	38750	231	104	1177	0	40262
6941	2369	35457	134	1038	0	38998
6942	1208	1516	144	37015	0	39883
6943	896	604	35188	2185	0	38873
6944	35483	404	1663	1181	0	38731
6945	2026	331	566	36596	0	39519
6946	36515	312	319	2103	0	39249
6947	36026	325	222	1038	0	37611
6948	36468	370	154	764	0	37756
6949	2631	345	164	34332	0	37472
6950	34844	286	169	1977	0	37276
6951	2465	233	114	34419	0	37231
6952	1297	164	150	35807	0	37418
6953	35108	139	123	2584	0	37954
6954	2196	160	72	36279	0	38707
6955	35260	141	87	2639	0	38127
6956	36067	142	74	1449	0	37732
6957	2585	208	59	34955	0	37807
6958	1309	176	42	35957	0	37484
6959	1057	151	35	36799	0	38042
6960	1009	137	31643	2953	0	35742
6961	921	152	32944	1592	0	35609
6962	863	121	1799	32906	0	35689
6963	721	130	716	34318	0	35885
6964	585	157	474	35034	0	36250
6965	577	116	320	34053	0	35066
6966	507	139	302	34844	0	35792
6967	31880	97	276	3212	0	35465
6968	2034	30752	293	1720	0	34799
6969	1080	1491	245	33053	0	35869
6970	32709	490	239	2547	0	35985
6971	2169	348	198	32977	0	35692
6972	1008	234	158	34024	0	35424
6973	32005	204	171	3036	0	35416
6974	32858	214	126	1710	0	34908
6975	2539	232	30338	1380	0	34489
6976	1384	183	1470	31658	0	34695
6977	1144	190	30247	2475	0	34056
6978	900	145	1672	31762	0	34479
6979	788	97	611	32240	0	33736
6980	731	85	397	33054	0	34267
6981	634	92	28991	3215	0	32932
6982	537	28631	1745	1875	0	32788
6983	487	30693	783	1453	0	33416
6984	421	1757	541	30333	0	33052
6985	28920	686	387	2520	0	32513
6986	1858	426	28604	1527	0	32415
6987	828	303	29311	1317	0	31759
6988	655	263	1976	29312	0	32206
6989	520	323	853	29344	0	31040
6990	481	28760	606	2441	0	32288
6991	481	1627	452	29944	0	32504
6992	469	667	379	31634	0	33149
6993	431	436	360	32433	0	33660
6994	30465	295	326	2991	0	34077
6995	31129	235	293	1621	0	33278
6996	2289	223	309	30945	0	33766
6997	1128	30045	290	2422	0	33885
6998	746	1528	300	31936	0	34510
6999	30225	554	278	2708	0	33765
7000	1869	30348	245	1579	0	34041
7001	819	1842	170	28916	0	31747
7002	644	28871	205	2383	0	32103
7003	28682	1760	192	1333	0	31967
7004	28017	817	200	1016	0	30050
7005	1995	29362	208	974	0	32539
7006	981	29577	172	816	0	31546
7007	773	1960	26300	773	0	29806
7008	565	26239	1296	669	0	28769
7009	429	1232	268	20535	0	22464
7010	251	391	18295	1139	0	20076
7011	103	13235	425	297	0	14060
7012	183	317	132	11267	0	11899
7013	56	129	85	11569	0	11839
7014	38	79	66	11742	0	11925
7015	11366	50	46	562	0	12024
7016	348	49	10825	276	0	11498
7017	136	42	12500	196	0	12874
7018	86	53	364	12184	0	12687
7019	56	70	15811	382	0	16319
7020	59	50	358	15430	0	15897
7021	55	81	166	16161	0	16463
7022	50	48	90	16838	0	17026
7023	70	38	52	16965	0	17125
7024	16396	42	55	542	0	17035
7025	16190	39	48	314	0	16591
7026	401	35	56	16758	0	17250
7027	202	42	16889	418	0	17551
7028	111	460	305	16610	0	17486
7029	66	16813	150	431	0	17460
7030	59	284	96	17557	0	17996
7031	17467	106	71	456	0	18100
7032	17395	69	70	254	0	17788
7033	831	72	46	16973	0	17922
7034	198	69	42	17564	0	17873
7035	104	67	41	18091	0	18303
7036	17593	79	39	517	0	18228
7037	344	48	16926	301	0	17619
7038	599	58	16486	186	0	17329
7039	128	16597	365	162	0	17252
7040	16671	239	125	95	0	17130
7041	265	93	85	17096	0	17539
7042	107	47	18261	320	0	18735
7043	58	17953	264	163	0	18438
7044	47	19218	116	131	0	19512
7045	45	287	42	19746	0	20120
7046	47	113	24	19790	0	19974
7047	47	19267	44	391	0	19749
7048	55	271	29	20057	0	20412
7049	60	118	28	19903	0	20109
7050	19933	78	32	374	0	20417
7051	259	19654	49	210	0	20172
7052	125	382	50	19971	0	20528
7053	92	139	19215	315	0	19761
7054	34	59	168	17789	0	18050
7055	18921	37	90	245	0	19293
7056	195	17991	54	128	0	18368
7057	107	185	30	18815	0	19137
7058	51	102	18668	227	0	19048
7059	54	76	17848	147	0	18125
7060	34	47	229	17952	0	18262
7061	27	50	109	19462	0	19648
7062	20053	28	65	339	0	20485
7063	237	20298	65	153	0	20753
7064	21118	289	40	78	0	21525
7065	322	108	22079	92	0	22601
7066	20003	72	293	85	0	20453
7067	340	52	23623	78	0	24093
7068	21699	60	355	77	0	22191
7069	24237	44	126	75	0	24482
7070	443	55	27349	80	0	27927
7071	186	62	26878	84	0	27210
7072	85	26468	459	73	0	27085
7073	54	340	156	29030	0	29580
7074	30974	116	95	398	0	31583
7075	332	78	74	30717	0	31201
7076	131	64	50	31186	0	31431
7077	76	50	50	32055	0	32231
7078	65	46	31347	524	0	31982
7079	26359	41	367	250	0	27017
7080	31582	36	137	136	0	31891
7081	463	32449	108	122	0	33142
7082	177	352	53	33945	0	34527
7083	108	33998	77	408	0	34591
7084	80	411	58	34805	0	35354
7085	34730	140	47	491	0	35408
7086	422	33224	57	227	0	33930
7087	177	415	44	34635	0	35271
7088	34588	155	45	485	0	35273
7089	33910	79	50	209	0	34248
7090	556	56	53	35156	0	35821
7091	252	78	35137	482	0	35949
7092	121	313	356	33606	0	34396
7093	106	34306	146	403	0	34961
7094	35444	371	80	172	0	36067
7095	384	34798	80	124	0	35386
7096	169	634	37	35314	0	36154
7097	36466	144	40	408	0	37058
7098	395	66	44	36949	0	37454
7099	166	53	29	36954	0	37202
7100	124	76	37452	541	0	38193
7101	66	36445	356	263	0	37130
7102	36981	381	131	139	0	37632
7103	35132	190	107	107	0	35536
7104	453	37181	54	95	0	37783
7105	114	36327	26	67	0	36534
7106	77	326	13	36742	0	37158
7107	36215	89	19	321	0	36644
7108	285	35640	51	130	0	36106
7109	86	281	19	36781	0	37167
7110	68	115	36827	319	0	37329
7111	59	71	257	35581	0	35968
7112	38433	59	62	335	0	38889
7113	302	37273	62	127	0	37764
7114	98	296	31	38884	0	39309
7115	105	103	37459	332	0	37999
7116	74	123	36792	124	0	37113
7117	51	55	323	35023	0	35452
7118	66	53	98	36825	0	37042
7119	52	34945	88	351	0	35436
7120	71	308	25	36184	0	36588
7121	37050	99	37	366	0	37552
7122	304	85	38	36362	0	36789
7123	36943	67	37	375	0	37422
7124	346	35331	60	144	0	35881
7125	126	37215	63	140	0	37544
7126	112	367	57	38805	0	39341
7127	82	133	60	39192	0	39467
7128	91	96	37853	440	0	38480
7129	104	83	295	36204	0	36686
7130	38799	64	129	419	0	39411
7131	424	103	38602	186	0	39315
7132	164	87	387	38657	0	39295
7133	144	86	41442	540	0	42212
7134	111	65	486	40348	0	41010
7135	110	100	172	40821	0	41203
7136	86	88	129	42811	0	43114
7137	116	84	43340	740	0	44280
7138	112	90	457	40729	0	41388
7139	96	42493	207	639	0	43435
7140	114	480	132	45861	0	46587
7141	89	191	73	44620	0	44973
7142	45113	138	90	732	0	46073
7143	507	114	43528	383	0	44532
7144	185	93	451	43014	0	43743
7145	185	104	44059	710	0	45058
7146	139	136	44152	339	0	44766
7147	119	119	664	46316	0	47218
7148	123	120	257	46812	0	47312
7149	124	118	142	50228	0	50612
7150	50034	106	96	1051	0	51287
7151	754	126	47511	466	0	48857
7152	48385	107	696	366	0	49554
7153	788	99	205	53965	0	55057
7154	275	77	180	55687	0	56219
7155	185	57593	172	945	0	58895
7156	130	685	113	60947	0	61875
7157	123	204	87	61239	0	61653
7158	116	169	88	60712	0	61085
7159	58646	106	102	1090	0	59944
7160	747	144	57241	473	0	58605
7161	48703	102	603	367	0	49775
7162	702	56180	237	313	0	57432
7163	57103	572	141	231	0	58047
7164	618	55792	133	238	0	56781
7165	226	55907	109	245	0	56487
7166	940	715	70	59599	0	61324
7167	61947	223	270	687	0	63127
7168	555	144	68	61281	0	62048
7169	193	58182	120	708	0	59203
7170	156	60943	101	325	0	61525
7171	113	661	77	63270	0	64121
7172	99	239	62	61794	0	62194
7173	74	62134	90	787	0	63085
7174	80	661	42	65568	0	66351
7175	78	225	50	65710	0	66063
7176	97	156	58	66135	0	66446
7177	65684	109	83	1063	0	66939
7178	733	119	65738	445	0	67035
7179	62666	110	621	329	0	63726
7180	67663	84	179	236	0	68162
7181	67377	81	133	231	0	67822
7182	885	64578	103	201	0	65767
7183	300	619	65	67615	0	68599
7184	68662	183	51	748	0	69644
7185	673	147	62	68748	0	69630
7186	71644	101	51	791	0	72587
7187	675	74753	109	366	0	75903
7188	80982	593	62	268	0	81905
7189	81572	208	54	211	0	82045
7190	81789	156	50	193	0	82188
7191	863	128	45	80504	0	81540
7192	344	120	44	83855	0	84363
7193	86302	84	53	883	0	87322
7194	710	80193	109	443	0	81455
7195	302	80756	85	337	0	81480
7196	88273	694	49	233	0	89249
7197	703	280	45	86384	0	87412
7198	304	204	59	86262	0	86829
7199	242	131	43	90474	0	90890
7200	187	86362	66	1031	0	87646
7201	88599	644	43	492	0	89778
7202	747	245	57	89478	0	90527
7203	360	89084	87	844	0	90375
7204	287	719	47	95839	0	96892
7205	260	302	47	95391	0	96000
7206	208	215	50	94669	0	95142
7207	191	153	42	96413	0	96799
7208	95938	155	31	1175	0	97299
7209	93689	142	38	624	0	94493
7210	95012	135	59	451	0	95657
7211	1003	124	46	95756	0	96929
7212	522	145	91804	901	0	93372
7213	437	289	80829	520	0	82075
7214	338	239	87386	425	0	88388
7215	93940	139	833	362	0	95274
7216	805	125	313	98220	0	99463
7217	406	131	172	96644	0	97353
7218	325	123	116	100078	0	100642
7219	99881	140	83	1142	0	101246
7220	96550	121	79	626	0	97376
7221	981	102028	162	536	0	103707
7222	482	712	71	108490	0	109755
7223	395	336	105493	996	0	107220
7224	335	103225	698	526	0	104784
7225	323	877	196	109852	0	111248
7226	261	503	123	110766	0	111653
7227	218	218	72	107831	0	108339
7228	242	162	83	105485	0	105972
7229	287	164	106894	1179	0	108524
7230	247	223	100155	619	0	101244
7231	232	101626	758	519	0	103135
7232	218	589	216	109649	0	110672
7233	210	213	126	108824	0	109373
7234	108318	152	109	889	0	109468
7235	751	160	108459	443	0	109813
7236	345	129	537	105952	0	106963
7237	224	137	208	113582	0	114151
7238	383	159	115371	906	0	116819
7239	186	106860	650	565	0	108261
7240	116138	536	230	380	0	117284
7241	679	273	112854	870	0	114676
7242	108762	150	543	380	0	109835
7243	787	188	119175	1055	0	121205
7244	335	121	560	117204	0	118220
7245	327	167	121264	726	0	122484
7246	264	236	119020	401	0	119921
7247	189	103	484	118486	0	119262
7248	225	320	426	110598	0	111569
7249	114	91	151	126521	0	126877
7250	119	111	135	122308	0	122673
7251	151	79	161	122355	0	122746
7252	191	112	121505	691	0	122499
7253	191	249	110558	520	0	111518
7254	113	108384	709	436	0	109642
7255	120162	350	232	301	0	121045
7256	417	218	160	119994	0	120789
7257	122984	109	141	594	0	123828
7258	509	104	149	120402	0	121164
7259	123788	97	140	683	0	124708
7260	512	80	143	123681	0	124416
7261	228	63	143	124706	0	125140
7262	189	120681	251	1175	0	122296
7263	157	398	127	130276	0	130958
7264	177	180	128	128228	0	128713
7265	148	116	125	126983	0	127372
7266	125	70	101	125067	0	125363
7267	97	114896	203	759	0	115955
7268	121975	380	88	442	0	122885
7269	386	115249	186	337	0	116158
7270	191	386	82	119179	0	119838
7271	117897	153	72	502	0	118624
7272	469	261	110512	290	0	111532
7273	268	166	109436	223	0	110093
7274	139	93	356	103885	0	104473
7275	63	57	158	113362	0	113640
7276	58	46	85	114745	0	114934
7277	79	84	111	109995	0	110269
7278	68	64	79	111932	0	112143
7279	60	105233	121	1148	0	106562
7280	37	255	42	113847	0	114181
7281	111981	102	73	575	0	112731
7282	373	77	62	111151	0	111663
7283	225	59	113221	538	0	114043
7284	105	74	436	109310	0	109925
7285	111487	55	188	635	0	112365
7286	445	107002	181	377	0	108005
7287	213	467	50	114964	0	115694
7288	129	193	58	119263	0	119643
7289	161	143	116010	1374	0	117688
7290	177	270	151236	424	0	152107
7291	201541	72	3585	298	0	205496
7292	7278	68	1212	212265	0	220823
7293	2683	94	1109	224378	0	228264
7294	2296	263	229658	10934	0	243151
7295	1611	586	225958	5493	0	233648
7296	526	227753	11795	4344	0	244418
7297	252	9210	5421	234422	0	249305
7298	555	3327	225103	9786	0	238771
7299	118	226594	10969	3728	0	241409
7300	232635	10573	4148	2846	0	250202
7301	242058	3846	3225	1888	0	251017
7302	12571	3159	1939	225560	0	243229
7303	5897	232153	1709	9482	0	249241
7304	237634	10110	1028	3613	0	252385
7305	12534	4543	1816	188829	0	207722
7306	5040	4217	221487	7866	0	238610
7307	3742	226096	9454	3700	0	242992
7308	230756	10339	3502	2624	0	247221
7309	237614	4018	2847	1890	0	246369
7310	13128	3240	1932	231831	0	250131
7311	6383	2089	1210	242311	0	251993
7312	4653	1498	221633	13755	0	241539
7313	2858	1057	9634	233454	0	247003
7314	1898	928	3571	234577	0	240974
7315	1439	593	2862	238628	0	243522
7316	1134	600	1940	240336	0	244010
7317	926	577	1147	232683	0	235333
7318	872	216767	1071	17903	0	236613
7319	223059	9247	773	9242	0	242321
7320	10416	3611	210701	6805	0	231533
7321	4090	208659	9455	4514	0	226718
7322	3397	10636	3649	218921	0	236603
7323	213473	4100	3015	11822	0	232410
7324	10526	3319	2152	217734	0	233731
7325	4258	2322	1458	223674	0	231712
7326	3475	1433	1183	226765	0	232856
7327	2203	1169	1072	230645	0	235089
7328	1870	1325	199125	18983	0	221303
7329	1566	205036	9454	10464	0	226520
7330	212842	9965	3643	7574	0	234024
7331	10999	4046	206182	5305	0	226532
7332	4384	3267	11320	211893	0	230864
7333	211541	2599	4654	12335	0	231129
7334	12041	207123	3766	5809	0	228739
7335	210844	10619	2746	4840	0	229049
7336	13428	4625	1891	205339	0	225283
7337	6372	3826	1477	214347	0	226022
7338	5055	2672	1180	214200	0	223107
7339	3684	1711	828	218449	0	224672
7340	200611	1390	882	19608	0	222491
7341	11302	1292	911	208249	0	221754
7342	5002	894	824	217552	0	224272
7343	195647	848	950	18591	0	216036
7344	12564	1207	183505	10288	0	207564
7345	5631	950	9609	198037	0	214227
7346	188441	936	3781	15192	0	208350
7347	194469	836	3069	7612	0	205986
7348	15063	821	2139	188455	0	206478
7349	7767	899	1594	192819	0	203079
7350	6102	175638	1448	16164	0	199352
7351	3859	9702	1144	188975	0	203680
7352	2679	3721	851	195822	0	203073
7353	2426	3086	169024	18774	0	193310
7354	1836	2209	174514	11049	0	189608
7355	1497	173395	12613	9036	0	196541
7356	1685	10349	6238	176489	0	194761
7357	1664	4213	4892	187435	0	198204
7358	176290	3609	3444	16438	0	199781
7359	10896	2893	2519	182213	0	198521
7360	5104	2415	168852	16943	0	193314
7361	4524	1595	10681	181518	0	198318
7362	3348	1629	166043	17019	0	188039
7363	2726	1328	173388	9171	0	186613
7364	2257	1347	14883	169353	0	187840
7365	1877	1545	7491	182527	0	193440
7366	170972	1562	5365	16994	0	194893
7367	180069	1218	3503	9924	0	194714
7368	14671	1168	2586	177582	0	196007
7369	177120	1179	2096	15364	0	195759
7370	184869	969	1595	7966	0	195399
7371	17394	986	1301	175922	0	195603
7372	8949	1123	1350	186786	0	198208
7373	177404	1059	1237	17325	0	197025
7374	182695	611	1283	10210	0	194799
7375	16063	629	1375	175162	0	193229
7376	8899	167313	1247	15920	0	193379
7377	6960	10025	994	177197	0	195176
7378	4773	3668	964	187584	0	196989
7379	3422	3130	160250	19489	0	186291
7380	2532	2180	9624	181353	0	195689
7381	162583	1486	4025	18731	0	186825
7382	10652	167827	3618	10277	0	192374
7383	171442	10264	2292	8052	0	192050
7384	176735	4038	1651	6201	0	188625
7385	182335	3475	1348	5027	0	192185
7386	17849	2713	1175	169011	0	190748
7387	9852	1786	146660	13720	0	172018
7388	8110	1696	146378	6792	0	162976
7389	5066	146906	12600	6395	0	170967
7390	3465	106538	4624	4115	0	118742
7391	1238	50091	1366	1312	0	54007
7392	1498	43494	1078	1178	0	47248
7393	1613	3661	37866	1051	0	44191
7394	19005	2153	1077	336	0	22571
7395	559	304	170	18753	0	19786
7396	277	104	87	18997	0	19465
7397	213	81	70	18924	0	19288
7398	185	18401	70	725	0	19381
7399	18874	478	63	357	0	19772
7400	547	183	17681	276	0	18687
7401	198	16810	451	215	0	17674
7402	140	438	569	17581	0	18728
7403	16957	167	547	543	0	18214
7404	468	107	72	17155	0	17802
7405	223	103	16029	515	0	16870
7406	196	85	15473	222	0	15976
7407	172	48	455	15837	0	16512
7408	145	41	182	16242	0	16610
7409	16018	37	125	586	0	16766
7410	459	49	15664	257	0	16429
7411	15656	60	409	166	0	16291
7412	16417	74	154	118	0	16763
7413	559	81	83	16176	0	16899
7414	246	77	16884	444	0	17651
7415	138	56	362	17101	0	17657
7416	17192	44	146	491	0	17873
7417	398	16610	110	251	0	17369
7418	17443	391	69	163	0	18066
7419	448	145	58	17605	0	18256
7420	184	17532	54	485	0	18255
7421	149	462	44	18578	0	19233
7422	119	181	43	19121	0	19464
7423	105	18113	40	655	0	18913
7424	89	490	25	18747	0	19351
7425	87	194	54	19659	0	19994
7426	83	100	67	20188	0	20438
7427	73	81	18727	801	0	19682
7428	73	18916	506	365	0	19860
7429	19563	537	165	187	0	20452
7430	550	183	109	19109	0	19951
7431	210	21288	84	593	0	22175
7432	24317	654	57	257	0	25285
7433	701	248	50	24175	0	25174
7434	268	140	41	24711	0	25160
7435	161	105	46	24617	0	24929
7436	127	102	23	24731	0	24983
7437	24585	72	30	1070	0	25757
7438	740	71	22	24957	0	25790
7439	303	43	47	25590	0	25983
7440	24796	63	59	1118	0	26036
7441	771	52	34	25266	0	26123
7442	351	56	24146	974	0	25527
7443	180	76	636	25285	0	26177
7444	23754	76	229	966	0	25025
7445	771	60	123	24698	0	25652
7446	307	89	23864	952	0	25212
7447	181	110	23194	469	0	23954
7448	24630	56	857	350	0	25893
7449	26027	51	335	278	0	26691
7450	26751	60	174	257	0	27242
7451	26877	46	149	228	0	27300
7452	1130	66	25220	173	0	26589
7453	527	46	717	25402	0	26692
7454	350	40	283	27078	0	27751
7455	26292	27	163	1093	0	27575
7456	893	47	121	26813	0	27874
7457	375	71	25892	1010	0	27348
7458	218	41	723	26096	0	27078
7459	180	67	25458	1012	0	26717
7460	172	25296	778	531	0	26777
7461	26378	698	590	335	0	28001
7462	783	232	211	26281	0	27507
7463	352	137	25179	871	0	26539
7464	230	91	761	25321	0	26403
7465	191	105	285	26494	0	27075
7466	192	82	25187	1119	0	26580
7467	158	54	753	25621	0	26586
7468	25472	56	332	1029	0	26889
7469	790	77	23399	531	0	24797
7470	22391	48	703	405	0	23547
7471	802	22228	350	340	0	23720
7472	328	574	21914	273	0	23089
7473	244	216	21708	218	0	22386
7474	192	248	706	18338	0	19484
7475	152	73	260	19164	0	19649
7476	143	90	19174	690	0	20097
7477	117	66	546	19508	0	20237
7478	20344	39	263	714	0	21360
7479	20545	42	180	421	0	21188
7480	652	49	138	19528	0	20367
7481	306	54	136	19777	0	20273
7482	216	19683	149	775	0	20823
7483	19780	452	130	431	0	20793
7484	631	170	106	20021	0	20928
7485	312	19627	115	739	0	20793
7486	20107	482	114	443	0	21146
7487	19770	189	119	358	0	20436
7488	712	19855	118	333	0	21018
7489	330	521	121	20005	0	20977
7490	249	202	127	20514	0	21092
7491	273	130	19453	851	0	20707
7492	258	98	570	19891	0	20817
7493	20012	103	235	809	0	21159
7494	665	80	167	19960	0	20872
7495	327	80	19177	848	0	20432
7496	19013	56	629	447	0	20145
7497	691	50	271	19530	0	20542
7498	375	59	18984	802	0	20220
7499	279	52	602	19481	0	20414
7500	283	55	19034	834	0	20206
7501	274	54	668	19013	0	20009
7502	246	46	293	19709	0	20294
7503	18947	46	241	930	0	20164
7504	634	18418	227	519	0	19798
7505	18917	520	226	389	0	20052
7506	19068	181	185	388	0	19822
7507	19507	115	190	359	0	20171
7508	824	18800	203	341	0	20168
7509	433	575	18792	270	0	20070
7510	335	229	615	19108	0	20287
7511	20307	131	286	709	0	21433
7512	20609	104	207	399	0	21319
7513	845	111	211	19554	0	20721
7514	19609	103	196	767	0	20675
7515	780	81	18639	463	0	19963
7516	18926	71	641	374	0	20012
7517	804	86	18968	317	0	20175
7518	423	19135	636	346	0	20540
7519	19690	479	293	276	0	20738
7520	19394	178	267	248	0	20087
7521	745	18935	222	243	0	20145
7522	19243	464	213	207	0	20127
7523	19319	181	185	236	0	19921
7524	714	119	18695	214	0	19742
7525	18042	101	490	245	0	18878
7526	633	104	17635	217	0	18589
7527	289	97	427	15806	0	16619
7528	284	16238	212	443	0	17177
7529	281	370	16499	201	0	17351
7530	14915	1033	626	354	0	16928
7531	13965	63	126	111	0	14265
7532	292	55	61	11747	0	12155
7533	132	37	11848	252	0	12269
7534	99	33	209	11545	0	11886
7535	11806	27	64	250	0	12147
7536	253	11353	73	105	0	11784
7537	10966	176	49	77	0	11268
7538	11406	40	41	59	0	11546
7539	249	10882	64	62	0	11257
7540	114	167	51	11305	0	11637
7541	11374	53	58	191	0	11676
7542	229	40	50	11174	0	11493
7543	108	32	42	11577	0	11759
7544	101	49	11534	213	0	11897
7545	88	38	185	11064	0	11375
7546	98	28	55	11419	0	11600
7547	11567	31	46	253	0	11897
7548	10891	21	51	92	0	11055
7549	307	27	47	10778	0	11159
7550	83	26	10157	228	0	10494
7551	67	32	10408	77	0	10584
7552	59	30	211	10673	0	10973
7553	73	27	10957	221	0	11278
7554	55	20	172	10982	0	11229
7555	55	14	58	11015	0	11142
7556	11288	14	37	224	0	11563
7557	187	19	10957	69	0	11232
7558	10700	8	165	76	0	10949
7559	10864	10	54	66	0	10994
7560	216	21	10367	58	0	10662
7561	76	31	11359	50	0	11516
7562	65	18	161	11200	0	11444
7563	59	10729	71	151	0	11010
7564	63	11200	38	67	0	11368
7565	64	152	22	11330	0	11568
7566	44	41	33	11204	0	11322
7567	39	28	29	11421	0	11517
7568	42	19	32	11575	0	11668
7569	11484	12	22	184	0	11702
7570	153	20	22	11536	0	11731
7571	73	17	11225	169	0	11484
7572	45	13	130	11157	0	11345
7573	54	11071	55	156	0	11336
7574	46	120	41	11769	0	11976
7575	11599	34	34	155	0	11822
7576	155	18	25	11831	0	12029
7577	65	25	11896	157	0	12143
7578	42	10509	156	71	0	10778
7579	43	124	50	11460	0	11677
7580	11424	42	26	166	0	11658
7581	11335	20	35	60	0	11450
7582	191	16	26	11779	0	12012
7583	68	20	11170	158	0	11416
7584	48	33	10070	52	0	10203
7585	10481	15	128	34	0	10658
7586	141	9	11362	31	0	11543
7587	67	17	11084	29	0	11197
7588	24	180	88	10516	0	10808
7589	11314	5	28	63	0	11410
7590	11250	6	21	39	0	11316
7591	11202	3	15	29	0	11249
7592	81	11	11412	12	0	11516
7593	40	11	10864	18	0	10933
7594	21	11049	81	26	0	11177
7595	22	56	34	11438	0	11550
7596	16	18	23	11587	0	11644
7597	21	12	22	10918	0	10973
7598	13	3	20	11336	0	11372
7599	19	9	11118	93	0	11239
7600	20	11206	77	56	0	11359
7601	13692	60	29	29	0	13810
7602	14877	27	28	34	0	14966
7603	15336	14	26	30	0	15406
7604	287	15593	34	37	0	15951
7605	76	264	19	16086	0	16445
7606	16246	61	21	290	0	16618
7607	291	17011	30	113	0	17445
7608	17206	297	13	45	0	17561
7609	318	17093	22	43	0	17476
7610	17427	329	28	21	0	17805
7611	16932	94	19	27	0	17072
7612	395	58	16	16657	0	17126
7613	137	34	18	18017	0	18206
7614	100	33	17404	476	0	18013
7615	55	59	16655	186	0	16955
7616	17072	33	473	85	0	17663
7617	17097	23	181	55	0	17356
7618	523	30	76	16685	0	17314
7619	223	27	28	16897	0	17175
7620	153	30	16146	535	0	16864
7621	91	42	379	15673	0	16185
7622	103	47	15261	500	0	15911
7623	92	46	414	15590	0	16142
7624	85	57	140	16611	0	16893
7625	16080	55	84	629	0	16848
7626	16205	73	62	233	0	16573
7627	620	65	42	16118	0	16845
7628	299	49	40	16624	0	17012
7629	194	57	15645	662	0	16558
7630	126	40	446	16238	0	16850
7631	135	51	15731	632	0	16549
7632	15483	41	546	264	0	16334
7633	529	43	210	16797	0	17579
7634	17277	43	138	581	0	18039
7635	587	16835	98	287	0	17807
7636	17989	470	73	250	0	18782
7637	598	147	113	17807	0	18665
7638	282	96	96	17625	0	18099
7639	173	17327	112	703	0	18315
7640	168	460	107	18127	0	18862
7641	149	180	17422	710	0	18461
7642	155	103	484	17859	0	18601
7643	172	62	17024	700	0	17958
7644	159	16297	563	368	0	17387
7645	145	427	201	17164	0	17937
7646	149	146	16343	638	0	17276
7647	140	140	16002	353	0	16635
7648	134	43	613	16321	0	17111
7649	16421	36	305	643	0	17405
7650	529	56	15536	360	0	16481
7651	262	43	511	15290	0	16106
7652	15453	48	227	667	0	16395
7653	522	14865	172	372	0	15931
7654	14818	454	113	280	0	15665
7655	586	170	119	14823	0	15698
7656	249	125	118	15098	0	15590
7657	195	103	93	16176	0	16567
7658	15447	81	135	864	0	16527
7659	583	79	113	15919	0	16694
7660	273	59	128	16448	0	16908
7661	14570	80	141	849	0	15640
7662	607	101	14049	461	0	15218
7663	274	84	555	14571	0	15484
7664	237	112	14607	731	0	15687
7665	14451	87	621	396	0	15555
7666	670	83	249	16352	0	17354
7667	359	105	16970	920	0	18354
7668	16594	120	590	401	0	17705
7669	17186	80	268	362	0	17896
7670	808	116	17627	287	0	18838
7671	402	111	554	17496	0	18563
7672	258	98	286	18367	0	19009
7673	231	119	18831	867	0	20048
7674	227	18268	582	531	0	19608
7675	235	527	19109	382	0	20253
7676	17984	188	641	352	0	19165
7677	644	137	18750	401	0	19932
7678	18002	68	673	348	0	19091
7679	707	82	19561	333	0	20683
7680	19041	46	649	353	0	20089
7681	682	20664	350	330	0	22026
7682	295	508	267	20763	0	21833
7683	297	166	216	21537	0	22216
7684	244	118	20473	885	0	21720
7685	234	71	640	19462	0	20407
7686	255	19829	299	787	0	21170
7687	20322	507	232	468	0	21529
7688	607	19652	213	422	0	20894
7689	315	570	194	20937	0	22016
7690	20633	176	220	773	0	21802
7691	641	20068	186	494	0	21389
7692	20652	557	211	367	0	21787
7693	757	228	20428	287	0	21700
7694	355	143	604	20972	0	22074
7695	288	76	329	21229	0	21922
7696	254	96	271	22041	0	22662
7697	21423	87	216	944	0	22670
7698	21510	112	187	480	0	22289
7699	21838	107	259	339	0	22543
7700	21285	96	172	319	0	21872
7701	805	87	18660	232	0	19784
7702	16188	56	352	137	0	16733
7703	445	16447	190	152	0	17234
7704	221	16622	158	135	0	17136
7705	18357	380	90	124	0	18951
7706	17900	138	107	113	0	18258
7707	399	77	53	16722	0	17251
7708	17217	35	72	319	0	17643
7709	16444	42	66	132	0	16684
7710	17500	35	59	118	0	17712
7711	445	17	55	17586	0	18103
7712	189	17044	69	352	0	17654
7713	61	16685	19	69	0	16834
7714	51	234	26	17072	0	17383
7715	16970	42	21	239	0	17272
7716	214	16746	33	91	0	17084
7717	60	218	35	17061	0	17374
7718	68	57	16651	252	0	17028
7719	14301	41	201	77	0	14620
7720	239	16647	62	42	0	16990
7721	65	17126	40	52	0	17283
7722	17074	251	277	46	0	17648
7723	255	53	17111	28	0	17447
7724	47	32	167	16376	0	16622
7725	39	16836	41	185	0	17101
7726	40	182	20	17508	0	17750
7727	27	45	14	17367	0	17453
7728	23	16890	43	231	0	17187
7729	30	191	13	18912	0	19146
7730	39	41	15	18954	0	19049
7731	18941	30	20	228	0	19219
7732	201	18248	21	84	0	18554
7733	18475	196	14	42	0	18727
7734	213	50	21	17668	0	17952
7735	66	17754	25	210	0	18055
7736	75	210	17888	57	0	18230
7737	58	235	180	17653	0	18126
7738	40	33	30	18552	0	18655
7739	41	27	18554	211	0	18833
7740	17071	17	222	67	0	17377
7741	241	21	34	22948	0	23244
7742	23003	21	26	491	0	23541
7743	496	36	22324	183	0	23039
7744	172	27	439	22827	0	23465
7745	148	30	24589	509	0	25276
7746	35	28	621	24917	0	25601
7747	36	20	211	26098	0	26365
7748	25832	26	140	805	0	26803
7749	601	25035	56	397	0	26089
7750	26568	586	13	207	0	27374
7751	784	245	26374	57	0	27460
7752	272	159	593	26286	0	27310
7753	205	72	27182	650	0	28109
7754	23795	41	756	270	0	24862
7755	27586	39	241	198	0	28064
7756	884	30	27209	81	0	28204
7757	26140	22	584	54	0	26800
7758	27707	18	233	49	0	28007
7759	796	15	174	27151	0	28136
7760	386	38	26804	617	0	27845
7761	216	33	26943	276	0	27468
7762	74	21	803	27124	0	28022
7763	85	24	389	26925	0	27423
7764	66	25842	251	865	0	27024
7765	63	27449	103	473	0	28088
7766	26172	777	84	239	0	27272
7767	632	378	82	24836	0	25928
7768	280	24751	93	677	0	25801
7769	227	25904	105	323	0	26559
7770	24173	774	89	250	0	25286
7771	652	381	82	25081	0	26196
7772	329	25452	100	659	0	26540
7773	255	631	62	24897	0	25845
7774	157	297	77	25016	0	25547
7775	138	205	91	25144	0	25578
7776	24237	92	100	1072	0	25501
7777	680	23794	119	544	0	25137
7778	368	604	106	24415	0	25493
7779	329	264	92	23909	0	24594
7780	181	216	121	23930	0	24448
7781	175	98	21392	1038	0	22703
7782	20612	51	659	518	0	21840
7783	691	55	334	22446	0	23526
7784	22254	51	261	775	0	23341
7785	22270	72	158	378	0	22878
7786	22434	74	127	325	0	22960
7787	1081	71	21314	204	0	22670
7788	504	21298	664	186	0	22652
7789	306	649	283	21718	0	22956
7790	189	326	21888	727	0	23130
7791	166	283	21496	424	0	22369
7792	160	158	843	20257	0	21418
7793	143	20083	664	699	0	21589
7794	20795	629	233	413	0	22070
7795	21543	326	140	346	0	22355
7796	21874	295	83	288	0	22540
7797	22030	141	94	252	0	22517
7798	1068	132	20752	282	0	22234
7799	20602	143	597	280	0	21622
7800	894	21081	320	265	0	22560
7801	416	634	251	21890	0	23191
7802	352	314	136	22687	0	23489
7803	22151	227	164	993	0	23535
7804	765	112	116	22365	0	23358
7805	462	85	20918	948	0	22413
7806	20387	71	661	472	0	21591
7807	21516	68	348	383	0	22315
7808	21416	79	307	255	0	22057
7809	1175	100	20232	224	0	21731
7810	19276	59	628	220	0	20183
7811	869	19224	390	225	0	20708
7812	20917	568	314	208	0	22007
7813	828	314	180	20529	0	21851
7814	435	271	166	20781	0	21653
7815	332	20032	175	886	0	21425
7816	249	906	143	20484	0	21782
7817	207	20341	133	787	0	21468
7818	247	745	120	20577	0	21689
7819	247	20256	123	803	0	21429
7820	263	752	88	19890	0	20993
7821	251	20350	106	765	0	21472
7822	251	753	108	21806	0	22918
7823	225	21571	108	874	0	22778
7824	22637	823	70	452	0	23982
7825	747	379	80	23004	0	24210
7826	474	252	85	23497	0	24308
7827	375	164	72	25011	0	25622
7828	260	119	76	24707	0	25162
7829	224	133	22809	1439	0	24605
7830	226	101	733	23892	0	24952
7831	240	114	377	24753	0	25484
7832	23782	107	240	1249	0	25378
7833	23078	103	146	730	0	24057
7834	1219	23062	122	434	0	24837
7835	707	764	94	22857	0	24422
7836	458	382	95	25620	0	26555
7837	25219	276	111	1428	0	27034
7838	1174	210	23959	771	0	26114
7839	23869	136	901	503	0	25409
7840	1167	24933	471	303	0	26874
7841	21280	669	123	119	0	22191
7842	20973	300	49	126	0	21448
7843	893	20593	69	133	0	21688
7844	405	21718	53	136	0	22312
7845	140	1159	33	19318	0	20650
7846	93	265	18473	572	0	19403
7847	18591	94	502	252	0	19439
7848	566	63	18776	123	0	19528
7849	18561	45	572	67	0	19245
7850	628	55	18409	99	0	19191
7851	263	17703	573	79	0	18618
7852	159	491	202	18388	0	19240
7853	17965	212	104	550	0	18831
7854	18464	116	54	244	0	18878
7855	749	62	50	18715	0	19576
7856	20242	53	45	642	0	20982
7857	20107	55	54	268	0	20484
7858	929	19273	60	158	0	20420
7859	19391	618	27	78	0	20114
7860	744	18796	52	74	0	19666
7861	312	674	39	19486	0	20511
7862	19331	239	37	706	0	20313
7863	19614	130	33	241	0	20018
7864	20037	69	39	120	0	20265
7865	1014	83	18675	65	0	19837
7866	383	81	19048	71	0	19583
7867	202	68	845	18489	0	19604
7868	163	57	277	18618	0	19115
7869	142	20707	133	822	0	21804
7870	21350	775	74	290	0	22489
7871	912	288	76	21496	0	22772
7872	381	144	50	22215	0	22790
7873	265	106	21155	1131	0	22657
7874	167	20857	804	461	0	22289
7875	153	22438	287	259	0	23137
7876	172	1048	136	22447	0	23803
7877	22336	399	83	952	0	23770
7878	955	201	87	21948	0	23191
7879	412	139	73	23959	0	24583
7880	23051	136	70	1238	0	24495
7881	23700	123	64	529	0	24416
7882	1239	104	74	23316	0	24733
7883	535	143	22380	1061	0	24119
7884	305	95	835	23219	0	24454
7885	242	94	312	24050	0	24698
7886	23059	85	171	1340	0	24655
7887	1031	80	130	23662	0	24903
7888	23185	97	109	1239	0	24630
7889	1159	113	23086	566	0	24924
7890	499	110	875	23898	0	25382
7891	364	116	326	24685	0	25491
7892	235	118	215	25222	0	25790
7893	256	108	119	25360	0	25843
7894	232	121	131	25644	0	26128
7895	266	129	23126	1627	0	25148
7896	23156	124	982	786	0	25048
7897	1127	129	376	24279	0	25911
7898	538	120	23208	1306	0	25172
7899	392	125	23575	691	0	24783
7900	307	127	1226	23330	0	24990
7901	23249	113	498	1315	0	25175
7902	23601	114	288	651	0	24654
7903	23966	124	205	498	0	24793
7904	1532	137	218	21382	0	23269
7905	749	21932	201	1124	0	24006
7906	22942	965	205	610	0	24722
7907	23497	392	186	470	0	24545
7908	23698	261	210	412	0	24581
7909	23873	167	182	405	0	24627
7910	1676	155	173	22598	0	24602
7911	855	162	21656	1267	0	23940
7912	572	138	993	22018	0	23721
7913	448	143	21230	1437	0	23258
7914	21534	150	1128	744	0	23556
7915	22716	109	461	593	0	23879
7916	1625	114	21265	434	0	23438
7917	21774	111	1047	462	0	23394
7918	23446	92	519	464	0	24521
7919	1624	91	342	21772	0	23829
7920	856	22098	286	1266	0	24506
7921	22275	939	391	675	0	24280
7922	1310	340	192	20059	0	21901
7923	757	19854	172	1125	0	21908
7924	557	854	167	20495	0	22073
7925	433	332	19066	1251	0	21082
7926	417	19284	873	625	0	21199
7927	18150	833	833	452	0	20268
7928	18616	316	390	342	0	19664
7929	18574	186	162	357	0	19279
7930	18807	114	173	366	0	19460
7931	1282	85	174	17741	0	19282
7932	625	17772	183	946	0	19526
7933	18149	725	168	515	0	19557
7934	1064	289	17717	372	0	19442
7935	568	17210	825	357	0	18960
7936	416	481	15109	244	0	16250
7937	334	183	593	14081	0	15191
7938	314	13628	284	595	0	14821
7939	329	493	181	14613	0	15616
7940	278	236	14589	698	0	15801
7941	251	208	537	14328	0	15324
7942	299	122	237	14949	0	15607
7943	285	109	177	15442	0	16013
7944	14264	127	134	861	0	15386
7945	684	14336	126	521	0	15667
7946	378	496	141	15173	0	16188
7947	14270	223	120	734	0	15347
7948	655	14290	149	424	0	15518
7949	14722	479	149	353	0	15703
7950	764	215	14669	308	0	15956
7951	434	175	507	14176	0	15292
7952	369	14839	267	613	0	16088
7953	15060	506	208	327	0	16101
7954	758	251	14437	261	0	15707
7955	411	13592	513	225	0	14741
7956	308	389	153	12988	0	13838
7957	263	173	144	13471	0	14051
7958	13370	152	117	530	0	14169
7959	466	134	95	13274	0	13969
7960	280	119	12965	542	0	13906
7961	229	106	315	12391	0	13041
7962	224	113	12760	435	0	13532
7963	217	103	361	11972	0	12653
7964	204	12369	203	404	0	13180
7965	12911	313	139	260	0	13623
7966	12592	147	133	214	0	13086
7967	462	12542	121	194	0	13319
7968	290	12464	103	142	0	12999
7969	171	508	653	10445	0	11777
7970	10780	67	39	142	0	11028
7971	164	49	36	10151	0	10400
7972	10373	42	28	141	0	10584
7973	150	9154	22	78	0	9404
7974	99	88	16	9996	0	10199
7975	75	86	9742	112	0	10015
7976	83	63	77	9417	0	9640
7977	67	36	54	9889	0	10046
7978	10080	32	41	152	0	10305
7979	105	9599	36	96	0	9836
7980	65	96	35	10591	0	10787
7981	10479	65	46	140	0	10730
7982	156	73	10820	85	0	11134
7983	10080	37	108	76	0	10301
7984	176	31	62	10742	0	11011
7985	116	10569	43	130	0	10858
7986	10914	112	27	84	0	11137
7987	147	75	10728	73	0	11023
7988	102	83	10416	51	0	10652
7989	76	9722	198	45	0	10041
7990	9307	30	19	2	0	9358
7991	29	14	7	9860	0	9910
7992	12	14	1	9799	0	9826
7993	9916	2	2	165	0	10085
7994	122	6	9801	76	0	10005
7995	64	2	131	9696	0	9893
7996	37	9	10211	141	0	10398
7997	10	3	154	10015	0	10182
7998	7	10075	84	143	0	10309
7999	4	147	29	10988	0	11168
8000	14	81	10607	172	0	10874
8001	10080	23	169	94	0	10366
8002	148	12	93	10810	0	11063
8003	90	18	11399	167	0	11674
8004	34	9	177	10928	0	11148
8005	12	3	98	11727	0	11840
8006	20	15	11375	254	0	11664
8007	12	15	11649	135	0	11811
8008	10	8	262	11871	0	12151
8009	26	5	12140	199	0	12370
8010	11394	3	212	125	0	11734
8011	167	5	116	12183	0	12471
8012	12269	3	63	198	0	12533
8013	206	10	11998	116	0	12330
8014	102	7	189	11788	0	12086
8015	52	16	13039	201	0	13308
8016	27	11905	249	134	0	12315
8017	33	159	12700	247	0	13139
8018	25	97	11998	43	0	12163
8019	11720	32	289	43	0	12084
8020	12539	9	150	36	0	12734
8021	291	21	12421	36	0	12769
8022	136	18	250	11433	0	11837
8023	43	10	149	13248	0	13450
8024	57	22	13323	285	0	13687
8025	35	12328	258	166	0	12787
8026	12916	198	177	71	0	13362
8027	248	102	13440	85	0	13875
8028	125	44	321	13482	0	13972
8029	52	59	219	14335	0	14665
8030	14493	84	159	372	0	15108
8031	14437	50	223	184	0	14894
8032	14444	33	161	137	0	14775
8033	14651	18	152	64	0	14885
8034	496	58	119	13952	0	14625
8035	241	30	14969	317	0	15557
8036	110	8	362	14929	0	15409
8037	131	10	212	15226	0	15579
8038	130	48	164	15618	0	15960
8039	93	81	14925	483	0	15582
8040	13902	46	377	260	0	14585
8041	326	49	193	15040	0	15608
8042	176	35	15676	454	0	16341
8043	138	16315	373	286	0	17112
8044	248	259	165	17453	0	18125
8045	249	118	140	17447	0	17954
8046	17092	38	107	500	0	17737
8047	409	16501	71	376	0	17357
8048	285	271	16526	224	0	17306
8049	172	125	383	16203	0	16883
8050	129	84	204	16531	0	16948
8051	16267	27	101	585	0	16980
8052	15856	32	155	387	0	16430
8053	446	29	176	16396	0	17047
8054	16359	13	109	514	0	16995
8055	407	15418	118	367	0	16310
8056	254	310	17540	232	0	18336
8057	149	201	387	17270	0	18007
8058	161	84	197	18544	0	18986
8059	126	52	80	18776	0	19034
8060	125	87	153	18373	0	18738
8061	96	17914	121	540	0	18671
8062	18124	326	98	384	0	18932
8063	326	153	84	18470	0	19033
8064	291	19068	120	449	0	19928
8065	19996	332	63	265	0	20656
8066	19217	154	113	224	0	19708
8067	511	19850	109	244	0	20714
8068	273	351	61	20352	0	21037
8069	209	219	94	20194	0	20716
8070	174	109	96	19773	0	20152
8071	133	58	95	20269	0	20555
8072	21111	90	67	666	0	21934
8073	21287	92	100	436	0	21915
8074	507	21091	109	317	0	22024
8075	280	454	21070	278	0	22082
8076	220	209	385	21196	0	22010
8077	21699	142	172	570	0	22583
8078	482	21106	102	387	0	22077
8079	358	21495	78	173	0	22104
8080	21881	629	57	113	0	22680
8081	21932	293	86	206	0	22517
8082	680	198	51	21366	0	22295
8083	376	102	21624	706	0	22808
8084	237	124	22063	490	0	22914
8085	24945	108	583	304	0	25940
8086	26567	94	248	248	0	27157
8087	26568	95	112	219	0	26994
8088	26577	111	129	222	0	27039
8089	26687	126	146	218	0	27177
8090	869	27681	117	308	0	28975
8091	449	399	51	28042	0	28941
8092	209	28689	52	374	0	29324
8093	29534	655	107	197	0	30493
8094	28949	206	56	183	0	29394
8095	29024	95	35	171	0	29325
8096	29535	116	61	185	0	29897
8097	583	28162	160	119	0	29024
8098	29410	316	124	71	0	29921
8099	581	28708	93	77	0	29459
8100	353	318	75	30016	0	30762
8101	30223	145	97	403	0	30868
8102	590	95	30242	154	0	31081
8103	342	146	289	28606	0	29383
8104	206	158	102	30737	0	31203
8105	238	135	30659	440	0	31472
8106	243	29906	331	205	0	30685
8107	31410	367	121	141	0	32039
8108	30725	190	98	86	0	31099
8109	561	31039	87	96	0	31783
8110	298	426	31	31719	0	32474
8111	343	454	34964	331	0	36092
8112	289	35486	328	161	0	36264
8113	38533	328	125	90	0	39076
8114	368	175	38598	91	0	39232
8115	34465	86	328	83	0	34962
8116	37342	71	129	57	0	37599
8117	506	71	42421	71	0	43069
8118	233	41291	334	92	0	41950
8119	132	298	117	43008	0	43555
8120	135	141	43019	308	0	43603
8121	39393	83	316	136	0	39928
8122	42812	65	121	79	0	43077
8123	420	43245	96	92	0	43853
8124	203	272	55	44574	0	45104
8125	131	301	41	45168	0	45641
8126	184	74	46140	360	0	46758
8127	103	44637	276	180	0	45196
8128	48913	254	97	94	0	49358
8129	48089	124	56	65	0	48334
8130	49450	80	43	48	0	49621
8131	419	73	48521	54	0	49067
8132	46066	63	248	53	0	46430
8133	48686	59	106	51	0	48902
8134	385	76	49	49497	0	50007
8135	188	40	48298	244	0	48770
8136	131	39	222	47181	0	47573
8137	138	34	48875	253	0	49300
8138	100	39	249	47147	0	47535
8139	81	47147	165	267	0	47660
8140	67	51060	96	164	0	51387
8141	76	290	52	53254	0	53672
8142	61	132	50	51192	0	51435
8143	51341	72	28	298	0	51739
8144	272	77	50651	135	0	51135
8145	48170	64	219	84	0	48537
8146	260	51108	158	105	0	51631
8147	54811	222	59	56	0	55148
8148	54721	104	58	42	0	54925
8149	354	70	38	54150	0	54612
8150	208	74	57504	223	0	58009
8151	124	49	210	57063	0	57446
8152	99	57205	155	274	0	57733
8153	91	238	57	60264	0	60650
8154	77	119	59	60228	0	60483
8155	60082	78	50	337	0	60547
8156	288	51	29	58314	0	58682
8157	155	55227	74	304	0	55760
8158	118	234	26	58830	0	59208
8159	58949	117	43	297	0	59406
8160	279	57025	68	204	0	57576
8161	148	283	33	60502	0	60966
8162	111	135	30	60180	0	60456
8163	102	85	32	61045	0	61264
8164	78	65	26	60652	0	60821
8165	62168	39	27	525	0	62759
8166	457	44	41	62310	0	62852
8167	174	57	39	62736	0	63006
8168	115	55	44	64376	0	64590
8169	91	62846	85	853	0	63875
8170	64422	674	69	308	0	65473
8171	955	262	63617	185	0	65019
8172	233	60917	622	164	0	61936
8173	62851	606	170	295	0	63922
8174	693	238	64991	71	0	65993
8175	247	64156	677	136	0	65216
8176	140	645	212	66414	0	67411
8177	80	65667	191	638	0	66576
8178	84	646	64813	139	0	65682
8179	102	251	64415	98	0	64866
8180	34	62787	780	104	0	63705
8181	67531	545	201	56	0	68333
8182	66533	174	121	55	0	66883
8183	669	158	64337	61	0	65225
8184	256	169	59143	50	0	59618
8185	163	127	63027	43	0	63360
8186	84	67	727	61968	0	62846
8187	72	63	247	62514	0	62896
8188	55	34	150	65967	0	66206
8189	71	46	65959	773	0	66849
8190	42	465	635	60294	0	61436
8191	50	46	179	64130	0	64405
8192	76	56	63820	828	0	64780
8193	58853	61	742	370	0	60026
8194	692	50	246	67911	0	68899
8195	237	54	152	66940	0	67383
8196	143	65621	117	1258	0	67139
8197	68156	689	224	363	0	69432
8198	833	276	67012	209	0	68330
8199	65539	143	765	169	0	66616
8200	853	84	278	67335	0	68550
8201	372	699	68179	829	0	70079
8202	215	93	786	68379	0	69473
8203	71299	71	356	897	0	72623
8204	877	88	70632	361	0	71958
8205	68540	60	827	281	0	69708
8206	70778	69	355	214	0	71416
8207	71386	61	245	189	0	71881
8208	1131	67823	257	188	0	69399
8209	476	736	164	71820	0	73196
8210	72461	253	146	847	0	73707
8211	69152	151	146	358	0	69807
8212	69814	103	131	250	0	70298
8213	1354	156	65025	172	0	66707
8214	67024	101	887	195	0	68207
8215	1183	82	354	72576	0	74195
8216	589	102	71111	1300	0	73102
8217	405	68	1211	70969	0	72653
8218	263	85	432	73181	0	73961
8219	280	108	73327	1911	0	75626
8220	254	65	1520	74081	0	75920
8221	223	64	559	78556	0	79402
8222	234	110	87594	2283	0	90221
8223	92357	68	2275	1050	0	95750
8224	107221	69	1013	627	0	108930
8225	3942	74	674	112473	0	117163
8226	1796	181	107521	3833	0	113331
8227	1247	103	3610	107612	0	112572
8228	980	105912	1296	4237	0	112425
8229	1009	3328	915	107728	0	112980
8230	724	1025	668	112294	0	114711
8231	108932	708	656	5494	0	115790
8232	107885	461	673	2765	0	111784
8233	111611	517	593	2086	0	114807
8234	5341	494	468	108606	0	114909
8235	2363	433	345	113750	0	116891
8236	1953	538	103769	5730	0	111990
8237	1657	252	3346	105425	0	110680
8238	1590	105863	1238	5203	0	113894
8239	108203	3536	928	2491	0	115158
8240	4516	105516	682	2280	0	112994
8241	108537	4197	782	1831	0	115347
8242	4876	1591	738	100977	0	108182
8243	2032	104107	721	4535	0	111395
8244	105819	4325	620	2144	0	112908
8245	105578	1942	524	1773	0	109817
8246	5695	1488	432	102879	0	110494
8247	2908	103010	494	4732	0	111144
8248	2192	4427	434	105491	0	112544
8249	1946	1876	99333	5372	0	108527
8250	97884	1384	3647	2508	0	105423
8251	4933	98511	1372	2215	0	107031
8252	100016	4273	1021	1811	0	107121
8253	5191	1816	783	99923	0	107713
8254	101468	1483	879	5070	0	108900
8255	5774	1126	98444	2777	0	108121
8256	103277	962	4175	2124	0	110538
8257	106818	925	1713	1607	0	111063
8258	7077	855	100382	1700	0	110014
8259	4070	719	4480	100730	0	109999
8260	3245	574	2002	106114	0	111935
8261	100965	616	1656	6459	0	109696
8262	5854	99459	1435	3502	0	110250
8263	2998	4327	1471	101712	0	110508
8264	2548	1780	97951	6083	0	108362
8265	2214	1397	96070	3400	0	103081
8266	2124	95085	4925	3027	0	105161
8267	2321	4328	96242	2346	0	105237
8268	93928	2199	4861	2514	0	103502
8269	5184	1539	2347	93007	0	102077
8270	95441	1087	2084	5256	0	103868
8271	5366	1202	91948	2724	0	101240
8272	2702	1101	4852	92034	0	100689
8273	2312	1213	2373	95266	0	101164
8274	2223	1166	88621	5930	0	97940
8275	2173	1047	4491	91181	0	98892
8276	89157	1049	2035	5939	0	98180
8277	92713	912	1764	3268	0	98657
8278	6261	835	1347	91276	0	99719
8279	90563	832	1312	5874	0	98581
8280	92604	708	1232	3436	0	97980
8281	6742	87165	1144	3023	0	98074
8282	4071	3951	1096	90013	0	99131
8283	90619	1641	992	5712	0	98964
8284	6259	1338	1031	90985	0	99613
8285	89086	1104	992	6171	0	97353
8286	6494	1187	993	87706	0	96380
8287	3880	1206	83500	6226	0	94812
8288	3259	84973	3931	3663	0	95826
8289	3014	4268	1835	72935	0	82052
8290	3011	84990	1575	5041	0	94617
8291	83008	4609	1449	3346	0	92412
8292	5563	81816	1490	2678	0	91547
8293	2997	82373	1454	2737	0	89561
8294	2681	5368	1302	81254	0	90605
8295	80606	2908	1187	5595	0	90296
8296	5161	2392	970	81557	0	90080
8297	80420	2098	882	6000	0	89400
8298	80550	2075	909	3103	0	86637
8299	6003	80312	996	2906	0	90217
8300	82392	4735	1411	2362	0	90900
8301	83435	2222	1093	2256	0	89006
8302	82992	1766	1205	2073	0	88036
8303	7564	1476	73674	1890	0	84604
8304	4642	1300	3916	74631	0	84489
8305	4039	1188	1711	78970	0	85908
8306	3406	1125	73516	6008	0	84055
8307	77084	1053	4284	3343	0	85764
8308	81171	873	2102	2882	0	87028
8309	80417	862	1883	2534	0	85696
8310	78631	780	1503	2605	0	83519
8311	7301	73656	1343	2743	0	85043
8312	76567	3825	1075	2251	0	83718
8313	7239	1545	1027	75063	0	84874
8314	4629	1440	67597	4884	0	78550
8315	68559	1061	3260	2344	0	75224
8316	6256	68438	1465	2094	0	78253
8317	63787	3750	982	1726	0	70245
8318	5595	62166	915	1851	0	70527
8319	3299	60480	837	1860	0	66476
8320	2775	59341	909	1867	0	64892
8321	3037	58490	926	2292	0	64745
8322	2621	4151	41739	1720	0	50231
8323	1450	4527	2478	32479	0	40934
8324	679	602	25125	1600	0	28006
8325	18237	241	863	474	0	19815
8326	895	18387	355	396	0	20033
8327	434	18607	239	344	0	19624
8328	379	980	149	17815	0	19323
8329	331	493	116	18597	0	19537
8330	311	386	17609	970	0	19276
8331	291	349	17764	460	0	18864
8332	293	447	868	17717	0	19325
8333	291	219	17247	886	0	18643
8334	340	16872	824	471	0	18507
8335	405	763	321	16964	0	18453
8336	387	363	229	18655	0	19634
8337	454	271	17577	989	0	19291
8338	408	181	709	18073	0	19371
8339	18473	195	322	961	0	19951
8340	993	161	265	18335	0	19754
8341	487	166	214	18280	0	19147
8342	411	151	17167	1200	0	18929
8343	16545	143	830	613	0	18131
8344	966	17210	373	451	0	19000
8345	591	711	213	17555	0	19070
8346	545	333	16957	838	0	18673
8347	435	252	740	17507	0	18934
8348	17538	242	289	935	0	19004
8349	1057	249	17983	450	0	19739
8350	532	242	738	18822	0	20334
8351	418	232	20515	1008	0	22173
8352	348	20206	897	515	0	21966
8353	358	854	20146	386	0	21744
8354	293	19724	843	319	0	21179
8355	164	669	16677	188	0	17698
8356	140	532	532	14724	0	15928
8357	138	15663	227	436	0	16464
8358	15521	462	133	180	0	16296
8359	478	211	83	15448	0	16220
8360	15631	107	83	457	0	16278
8361	528	104	69	15629	0	16330
8362	222	92	88	16043	0	16445
8363	15944	71	73	604	0	16692
8364	16868	71	92	278	0	17309
8365	643	85	107	17322	0	18157
8366	281	95	18378	581	0	19335
8367	196	17411	483	244	0	18334
8368	175	475	17836	143	0	18629
8369	133	17718	511	134	0	18496
8370	18287	515	213	134	0	19149
8371	537	224	17925	108	0	18794
8372	238	150	18011	125	0	18524
8373	133	102	617	17204	0	18056
8374	18193	109	237	518	0	19057
8375	576	104	17836	227	0	18743
8376	238	17460	542	150	0	18390
8377	18318	437	194	92	0	19041
8378	19725	182	110	126	0	20143
8379	19930	110	92	101	0	20233
8380	20126	108	97	83	0	20414
8381	19669	87	88	116	0	19960
8382	632	90	18859	101	0	19682
8383	246	68	428	18116	0	18858
8384	141	18754	197	404	0	19496
8385	19480	407	127	165	0	20179
8386	434	19206	113	139	0	19892
8387	19201	416	98	89	0	19804
8388	19267	150	89	87	0	19593
8389	470	18715	73	109	0	19367
8390	19322	372	66	105	0	19865
8391	444	156	78	19035	0	19713
8392	212	95	82	19585	0	19974
8393	147	74	18683	506	0	19410
8394	118	18859	387	233	0	19597
8395	99	370	153	19716	0	20338
8396	111	142	111	20044	0	20408
8397	112	119	97	20754	0	21082
8398	126	75	19844	586	0	20631
8399	17861	83	423	241	0	18608
8400	514	78	181	19952	0	20725
8401	20550	65	112	541	0	21268
8402	590	66	106	20488	0	21250
8403	252	77	20436	575	0	21340
8404	166	82	20047	184	0	20479
8405	19397	58	567	149	0	20171
8406	20553	40	202	83	0	20878
8407	563	19076	129	99	0	19867
8408	196	390	19413	58	0	20057
8409	110	308	405	18948	0	19771
8410	103	118	134	18689	0	19044
8411	20898	47	73	485	0	21503
8412	20529	48	50	182	0	20809
8413	20696	36	55	99	0	20886
8414	601	49	19986	69	0	20705
8415	19871	43	429	78	0	20421
8416	510	40	135	20341	0	21026
8417	195	50	84	20365	0	20694
8418	124	45	58	20599	0	20826
8419	91	19636	84	574	0	20385
8420	20078	396	54	197	0	20725
8421	476	128	66	19559	0	20229
8422	192	89	19104	480	0	19865
8423	136	61	424	18795	0	19416
8424	112	19535	171	456	0	20274
8425	20296	435	118	178	0	21027
8426	475	142	77	20035	0	20729
8427	215	87	336	20356	0	20994
8428	169	67	21086	571	0	21893
8429	117	58	425	20718	0	21318
8430	130	20871	181	485	0	21667
8431	124	407	114	21864	0	22509
8432	113	141	21164	508	0	21926
8433	18683	89	454	212	0	19438
8434	20853	62	154	122	0	21191
8435	583	20721	113	104	0	21521
8436	20770	368	65	83	0	21286
8437	21349	124	63	81	0	21617
8438	543	20709	82	95	0	21429
8439	203	388	45	20695	0	21331
8440	21014	118	39	444	0	21615
8441	453	20111	73	177	0	20814
8442	170	413	19870	110	0	20563
8443	20642	108	376	108	0	21234
8444	21903	77	102	95	0	22177
8445	21931	73	74	80	0	22158
8446	22272	49	48	80	0	22449
8447	559	22124	66	104	0	22853
8448	23453	397	52	103	0	24005
8449	22459	100	35	93	0	22687
8450	22083	78	35	101	0	22297
8451	558	50	42	19667	0	20317
8452	19908	51	44	471	0	20474
8453	457	20174	68	178	0	20877
8454	195	452	21431	119	0	22197
8455	135	121	500	21850	0	22606
8456	22414	76	154	607	0	23251
8457	636	86	22813	180	0	23715
8458	206	48	529	23052	0	23835
8459	161	56	22958	625	0	23800
8460	124	22099	580	252	0	23055
8461	115	558	144	22815	0	23632
8462	161	161	22923	587	0	23832
8463	121	22347	560	188	0	23216
8464	91	474	151	21857	0	22573
8465	22202	110	180	478	0	22970
8466	22372	64	53	140	0	22629
8467	22997	50	41	92	0	23180
8468	23008	38	36	80	0	23162
8469	23044	46	49	60	0	23199
8470	649	65	21967	61	0	22742
8471	22260	24	438	68	0	22790
8472	23238	37	126	63	0	23464
8473	590	45	71	22814	0	23520
8474	23106	42	64	491	0	23703
8475	22950	50	43	134	0	23177
8476	583	23461	52	108	0	24204
8477	209	478	51	24625	0	25363
8478	156	106	41	24043	0	24346
8479	23508	64	51	602	0	24225
8480	543	22683	62	186	0	23474
8481	211	23516	45	128	0	23900
8482	157	544	58	24226	0	24985
8483	139	152	44	25035	0	25370
8484	112	87	57	25617	0	25873
8485	110	84	45	26504	0	26743
8486	25837	66	29	746	0	26678
8487	25339	60	43	261	0	25703
8488	734	61	26146	169	0	27110
8489	264	59	528	24935	0	25786
8490	186	53	112	26878	0	27229
8491	159	67	25857	690	0	26773
8492	24034	65	546	226	0	24871
8493	616	25167	151	172	0	26106
8494	25678	551	80	123	0	26432
8495	645	139	52	25738	0	26574
8496	217	114	26127	640	0	27098
8497	163	70	486	25702	0	26421
8498	152	85	26742	623	0	27602
8499	115	26232	471	223	0	27041
8500	26748	433	124	139	0	27444
8501	26533	107	81	81	0	26802
8502	515	25843	86	110	0	26554
8503	176	412	55	26176	0	26819
8504	25518	101	42	453	0	26114
8505	444	24836	40	154	0	25474
8506	179	421	32	25156	0	25788
8507	26581	123	31	453	0	27188
8508	499	104	25029	143	0	25775
8509	24337	45	365	139	0	24886
8510	482	24811	123	101	0	25517
8511	25361	377	66	72	0	25876
8512	25127	97	40	68	0	25332
8513	496	75	24668	60	0	25299
8514	191	72	357	22842	0	23462
8515	141	46	80	24845	0	25112
8516	131	63	24335	450	0	24979
8517	93	61	350	22980	0	23484
8518	98	49	108	23864	0	24119
8519	25054	54	70	480	0	25658
8520	25146	38	61	202	0	25447
8521	496	27	65	24653	0	25241
8522	188	49	24857	466	0	25560
8523	146	46	376	24728	0	25296
8524	124	57	109	24827	0	25117
8525	135	56	24936	510	0	25637
8526	101	39	377	24854	0	25371
8527	24784	41	111	511	0	25447
8528	23219	37	642	203	0	24101
8529	468	22998	88	181	0	23735
8530	24209	385	46	135	0	24775
8531	24102	82	60	111	0	24355
8532	514	24624	75	122	0	25335
8533	26202	392	41	106	0	26741
8534	26013	94	61	98	0	26266
8535	27279	79	51	108	0	27517
8536	587	70	25274	98	0	26029
8537	25262	47	347	94	0	25750
8538	488	48	88	26695	0	27319
8539	26920	41	80	459	0	27500
8540	521	65	25940	179	0	26705
8541	202	26439	403	157	0	27201
8542	27530	451	130	375	0	28486
8543	493	27528	98	97	0	28216
8544	218	499	33	27836	0	28586
8545	154	154	52	28668	0	29028
8546	28937	121	42	579	0	29679
8547	28652	74	53	232	0	29011
8548	669	83	27897	155	0	28804
8549	282	92	25970	126	0	26470
8550	180	78	27616	129	0	28003
8551	145	36	599	27470	0	28250
8552	172	39	28139	507	0	28857
8553	122	63	27828	186	0	28199
8554	83	269	467	26480	0	27299
8555	30505	30	200	351	0	31086
8556	30367	19	116	158	0	30660
8557	29804	22	94	111	0	30031
8558	29098	36	94	75	0	29303
8559	468	28	64	29116	0	29676
8560	236	27	53	29800	0	30116
8561	167	48	30284	468	0	30967
8562	140	34	344	28776	0	29294
8563	141	36	171	29894	0	30242
8564	30869	34	90	520	0	31513
8565	30470	28	87	256	0	30841
8566	540	51	90	29415	0	30096
8567	29469	32	79	461	0	30041
8568	29923	43	68	243	0	30277
8569	588	36	81	30429	0	31134
8570	325	39	67	30699	0	31130
8571	214	43	29910	637	0	30804
8572	177	73	28824	291	0	29365
8573	183	34	521	29610	0	30348
8574	146	42	246	30936	0	31370
8575	166	33	30071	598	0	30868
8576	28212	28	456	300	0	28996
8577	28715	25	256	196	0	29192
8578	645	44	29171	164	0	30024
8579	318	28458	472	194	0	29442
8580	31234	318	236	145	0	31933
8581	536	161	31759	126	0	32582
8582	292	84	399	31155	0	31930
8583	226	43	778	31968	0	33015
8584	33977	42	155	480	0	34654
8585	36021	23	108	306	0	36458
8586	549	22	136	34996	0	35703
8587	331	21	119	38430	0	38901
8588	38492	37	122	590	0	39241
8589	38771	24	121	344	0	39260
8590	38488	40	117	240	0	38885
8591	826	57	39734	234	0	40851
8592	382	22	542	39717	0	40663
8593	303	16	221	41515	0	42055
8594	41175	12	195	799	0	42181
8595	695	39355	185	432	0	40667
8596	43868	500	165	284	0	44817
8597	1017	44475	190	286	0	45968
8598	421	1004	149	47791	0	49365
8599	338	277	142	49467	0	50224
8600	267	170	47712	1673	0	49822
8601	239	83	1258	48088	0	49668
8602	290	124	47823	1587	0	49824
8603	274	80	1322	48190	0	49866
8604	272	73	442	48605	0	49392
8605	298	45043	346	1727	0	47414
8606	281	49352	241	784	0	50658
8607	308	1541	177	48532	0	50558
8608	288	488	200	50686	0	51662
8609	251	237	189	50971	0	51648
8610	274	168	165	51826	0	52433
8611	325	131	177	52964	0	53597
8612	319	619	49321	2260	0	52519
8613	282	124	1437	49807	0	51650
8614	280	108	489	52311	0	53188
8615	308	154	48598	2201	0	51261
8616	257	47897	1481	1114	0	50749
8617	255	1397	538	50823	0	53013
8618	281	460	48921	1901	0	51563
8619	274	47512	1519	926	0	50231
8620	264	1449	542	50589	0	52844
8621	51266	474	330	1921	0	53991
8622	1511	310	294	51605	0	53720
8623	616	210	274	53218	0	54318
8624	415	221	188	54818	0	55642
8625	313	147	241	53495	0	54196
8626	268	50299	268	2451	0	53286
8627	287	1479	209	54470	0	56445
8628	54366	485	242	2291	0	57384
8629	1556	301	245	55111	0	57213
8630	562	229	204	55431	0	56426
8631	436	204	245	56716	0	57601
8632	52495	214	225	2619	0	55553
8633	52988	200	228	1369	0	54785
8634	1865	197	203	54129	0	56394
8635	51632	195	198	2196	0	54221
8636	51864	199	195	1125	0	53383
8637	1888	50629	242	992	0	53751
8638	50855	1434	224	838	0	53351
8639	1609	50113	254	863	0	52839
8640	641	50837	211	843	0	52532
8641	376	1608	186	50737	0	52907
8642	321	593	50670	1881	0	53465
8643	293	365	1253	49340	0	51251
8644	281	262	406	51201	0	52150
8645	227	49817	334	2115	0	52493
8646	50424	1390	181	960	0	52955
8647	1363	506	160	50693	0	52722
8648	517	407	52864	1875	0	55663
8649	340	286	1152	53058	0	54836
8650	276	52512	417	1880	0	55085
8651	54682	1356	256	1016	0	57310
8652	1353	486	226	55100	0	57165
8653	527	397	53243	1950	0	56117
8654	397	261	1230	52871	0	54759
8655	305	50325	425	1907	0	52962
8656	278	1447	270	52636	0	54631
8657	53422	536	208	2054	0	56220
8658	54672	418	221	1094	0	56405
8659	55218	319	219	947	0	56703
8660	1906	53989	241	1595	0	57731
8661	56510	1643	230	840	0	59223
8662	1920	576	200	57707	0	60403
8663	56914	399	241	2281	0	59835
8664	1845	56683	216	1210	0	59954
8665	712	1736	196	58682	0	61326
8666	510	774	56938	2257	0	60479
8667	52996	552	1538	1146	0	56232
8668	1730	57002	513	1005	0	60250
8669	686	2323	333	57623	0	60965
8670	400	648	209	60175	0	61432
8671	354	482	205	58622	0	59663
8672	326	364	191	57062	0	57943
8673	356	55408	228	2623	0	58615
8674	57757	1703	193	1355	0	61008
8675	58611	643	189	972	0	60415
8676	2180	525	56465	786	0	59956
8677	877	351	1520	57881	0	60629
8678	623	378	57252	2150	0	60403
8679	56628	325	1615	1095	0	59663
8680	58277	322	533	873	0	60005
8681	57254	291	345	746	0	58636
8682	2354	317	226	54303	0	57200
8683	959	52880	206	2079	0	56124
8684	54705	1694	168	965	0	57532
8685	1943	659	126	53169	0	55897
8686	53984	453	211	2131	0	56779
8687	1987	364	48849	945	0	52145
8688	848	271	47826	651	0	49596
8689	49020	246	1512	524	0	51302
8690	1765	321	523	49294	0	51903
8691	47595	194	275	1694	0	49758
8692	1756	47510	206	871	0	50343
8693	49790	1456	187	568	0	52001
8694	50671	549	137	486	0	51843
8695	2080	448	48055	462	0	51045
8696	778	232	42707	276	0	43993
8697	463	40753	1089	283	0	42588
8698	553	716	514	40355	0	42138
8699	40236	252	368	740	0	41596
8700	705	152	97	39350	0	40304
8701	359	96	85	40852	0	41392
8702	260	126	38702	915	0	40003
8703	37889	97	624	408	0	39018
8704	782	94	220	40804	0	41900
8705	385	131	39098	743	0	40357
8706	250	116	38028	324	0	38718
8707	178	108	684	38915	0	39885
8708	226	85	38564	641	0	39516
8709	207	110	38634	315	0	39266
8710	184	76	664	34833	0	35757
8711	199	90	38703	595	0	39587
8712	165	87	568	37355	0	38175
8713	158	36294	303	617	0	37372
8714	39185	489	141	312	0	40127
8715	574	38472	170	275	0	39491
8716	284	610	114	38775	0	39783
8717	209	38464	137	625	0	39435
8718	200	655	39479	312	0	40646
8719	160	236	651	47241	0	48288
8720	191	232	60108	1383	0	61914
8721	60461	112	1730	592	0	62895
8722	1885	64551	737	371	0	67544
8723	65803	2033	457	187	0	68480
8724	2476	815	228	64038	0	67557
8725	65262	496	237	2056	0	68051
8726	2650	326	61516	887	0	65379
8727	1127	62404	2019	608	0	66158
8728	63415	2074	796	328	0	66613
8729	2364	885	521	58555	0	62325
8730	1088	61725	321	1845	0	64979
8731	736	2230	204	64146	0	67316
8732	63349	938	255	2483	0	67025
8733	2298	67154	243	1115	0	70810
8734	69670	2626	190	713	0	73199
8735	3097	1128	65997	414	0	70636
8736	67424	644	2472	340	0	70880
8737	3228	378	940	67806	0	72352
8738	67174	248	637	2632	0	70691
8739	3037	66560	420	1118	0	71135
8740	1350	2522	282	68828	0	72982
8741	849	998	227	71777	0	73851
8742	608	705	64339	3595	0	69247
8743	485	387	2464	65916	0	69252
8744	399	311	956	68709	0	70375
8745	392	281	622	68622	0	69917
8746	369	248	341	69835	0	70793
8747	371	265	64075	4182	0	68893
8748	357	60033	2565	1983	0	64938
8749	327	2531	955	63320	0	67133
8750	62151	948	652	3135	0	66886
8751	62963	645	410	1438	0	65456
8752	3401	61456	361	1085	0	66303
8753	62545	2653	334	767	0	66299
8754	63593	1055	367	636	0	65651
8755	63374	676	346	622	0	65018
8756	4031	60752	325	660	0	65768
8757	60249	2548	261	512	0	63570
8758	3651	1021	253	57596	0	62521
8759	1493	701	56149	2740	0	61083
8760	957	55608	2302	1234	0	60101
8761	650	2941	1084	56429	0	61104
8762	572	1036	53328	2651	0	57587
8763	53523	669	2226	1142	0	57560
8764	2484	438	874	54741	0	58537
8765	1171	405	583	56773	0	58932
8766	885	334	324	56257	0	57800
8767	669	302	229	57287	0	58487
8768	579	356	51678	3677	0	56290
8769	48956	325	2151	1815	0	53247
8770	2455	51283	857	1273	0	55868
8771	52941	2283	602	764	0	56590
8772	2832	52722	408	629	0	56591
8773	53657	2726	314	593	0	57290
8774	2971	1096	295	53008	0	57370
8775	1374	726	50979	2701	0	55780
8776	953	475	52187	1350	0	54965
8777	626	402	2848	51619	0	55495
8778	528	373	1227	52481	0	54609
8779	459	321	724	54187	0	55691
8780	50983	282	531	3845	0	55641
8781	2557	326	50147	1882	0	54912
8782	1166	351	2295	48217	0	52029
8783	927	50445	912	2697	0	54981
8784	50977	2366	599	1289	0	55231
8785	2760	1048	49686	941	0	54435
8786	1330	48743	2395	836	0	53304
8787	985	2458	50419	644	0	54506
8788	756	1021	2721	50552	0	55050
8789	706	727	50363	2696	0	54492
8790	624	544	51263	1333	0	53764
8791	539	447	3123	51230	0	55339
8792	559	382	49781	2914	0	53636
8793	571	359	50657	1548	0	53135
8794	460	323	3253	49541	0	53577
8795	49631	343	1497	2977	0	54448
8796	2590	346	48576	1505	0	53017
8797	1108	299	2657	48689	0	52753
8798	776	336	1244	50852	0	53208
8799	48874	340	918	3523	0	53655
8800	2563	326	635	50618	0	54142
8801	49019	292	564	3325	0	53200
8802	2931	48348	560	1608	0	53447
8803	1327	2302	422	49995	0	54046
8804	49886	903	470	3027	0	54286
8805	51770	638	489	1512	0	54409
8806	3402	426	436	49283	0	53547
8807	1650	365	46535	3070	0	51620
8808	46436	319	2433	1504	0	50692
8809	2713	47841	1062	1233	0	52849
8810	48279	2344	748	982	0	52353
8811	49948	949	528	856	0	52281
8812	50799	633	446	879	0	52757
8813	3813	425	46510	779	0	51527
8814	1816	46849	2353	689	0	51707
8815	1168	2482	1022	46755	0	51427
8816	868	956	690	49685	0	52199
8817	787	679	45359	3397	0	50222
8818	651	44213	2267	1816	0	48947
8819	422	36829	763	1007	0	39021
8820	283	24400	259	397	0	25339
8821	19800	971	1719	252	0	22742
8822	722	269	103	19730	0	20824
8823	259	166	92	20764	0	21281
8824	191	152	19912	917	0	21172
8825	18722	104	649	323	0	19798
8826	749	96	220	20015	0	21080
8827	291	70	148	21077	0	21586
8828	210	90	19751	933	0	20984
8829	182	19559	668	381	0	20790
8830	139	825	209	20709	0	21882
8831	154	230	20556	843	0	21783
8832	105	17817	499	307	0	18728
8833	15576	287	99	78	0	16040
8834	281	98	15819	56	0	16254
8835	87	38	211	14945	0	15281
8836	51	15342	78	209	0	15680
8837	15727	211	42	74	0	16054
8838	227	59	30	15178	0	15494
8839	15936	34	20	233	0	16223
8840	15419	26	18	87	0	15550
8841	262	15274	34	52	0	15622
8842	16032	210	18	39	0	16299
8843	16555	63	15	48	0	16681
8844	279	50	17486	21	0	17836
8845	17291	40	204	23	0	17558
8846	270	44	17727	22	0	18063
8847	18146	14	216	20	0	18396
8848	18658	16	69	33	0	18776
8849	280	40	19839	19	0	20178
8850	104	254	197	19071	0	19626
8851	70	44	19794	211	0	20119
8852	185	45	18843	75	0	19148
8853	64	51	20391	40	0	20546
8854	26	34	238	19369	0	19667
8855	43	18	67	20589	0	20717
8856	46	14	42	20847	0	20949
8857	35	27	33	21059	0	21154
8858	55	28	23478	256	0	23817
8859	46	32	201	22113	0	22392
8860	43	22663	84	255	0	23045
8861	71	216	24709	104	0	25100
8862	35	94	267	23788	0	24184
8863	64	48	24805	312	0	25229
8864	37	23396	325	143	0	23901
8865	34	23697	132	71	0	23934
8866	23	319	57	24598	0	24997
8867	43	134	24216	286	0	24679
8868	39	79	24325	118	0	24561
8869	28	45	344	24369	0	24786
8870	19	32	132	24381	0	24564
8871	28	23	70	25394	0	25515
8872	45	36	24837	395	0	25313
8873	23	24034	287	206	0	24550
8874	30	25517	136	123	0	25806
8875	28	380	56	26190	0	26654
8876	50	158	25414	300	0	25922
8877	69	107	24641	141	0	24958
8878	35	24181	389	667	0	25272
8879	25434	281	167	72	0	25954
8880	266	25228	121	62	0	25677
8881	126	330	26409	49	0	26914
8882	26215	130	370	64	0	26779
8883	377	60	165	27539	0	28141
8884	29334	50	93	392	0	29869
8885	420	38	63	28894	0	29415
8886	163	40	51	29561	0	29815
8887	29639	44	57	583	0	30323
8888	454	29507	56	328	0	30345
8889	215	474	28821	114	0	29624
8890	83	29668	446	109	0	30306
8891	29820	504	148	61	0	30533
8892	454	29317	94	77	0	29942
8893	29909	511	58	67	0	30545
8894	29902	197	71	47	0	30217
8895	637	29211	67	66	0	29981
8896	223	463	58	30359	0	31103
8897	30422	183	61	492	0	31158
8898	30514	89	58	206	0	30867
8899	628	67	58	29916	0	30669
8900	264	69	29271	516	0	30120
8901	129	83	29012	209	0	29433
8902	66	40	641	28987	0	29734
8903	81	67	30213	557	0	30918
8904	27761	31	476	217	0	28485
8905	421	28634	252	102	0	29409
8906	197	429	89	30148	0	30863
8907	92	198	57	30692	0	31039
8908	84	83	60	31248	0	31475
8909	75	74	42	30425	0	30616
8910	58	49	61	31265	0	31433
8911	88	73	29843	689	0	30693
8912	63	28740	454	316	0	29573
8913	31008	423	211	138	0	31780
8914	467	183	99	30856	0	31605
8915	219	85	81	31533	0	31918
8916	103	79	65	32255	0	32502
8917	76	31443	81	742	0	32342
8918	75	494	61	32416	0	33046
8919	52	210	70	32646	0	32978
8920	31816	103	58	757	0	32734
8921	497	30789	71	364	0	31721
8922	189	30327	76	188	0	30780
8923	90	555	40	31721	0	32406
8924	31697	218	53	503	0	32471
8925	482	124	30748	232	0	31586
8926	28452	77	732	151	0	29412
8927	507	74	32270	131	0	32982
8928	207	57	462	32276	0	33002
8929	109	53	183	32904	0	33249
8930	84	65	81	32912	0	33142
8931	67	57	68	32473	0	32665
8932	66	58	64	32392	0	32580
8933	31798	64	52	694	0	32608
8934	476	70	30787	312	0	31645
8935	189	68	423	31290	0	31970
8936	126	65	32480	537	0	33208
8937	83	31380	480	305	0	32248
8938	32667	437	194	166	0	33464
8939	511	181	33652	155	0	34499
8940	201	99	521	34025	0	34846
8941	110	65	181	35467	0	35823
8942	80	72	36201	823	0	37176
8943	101	90	36052	334	0	36577
8944	68	90	718	33629	0	34505
8945	36144	48	254	703	0	37149
8946	36151	52	141	297	0	36641
8947	735	34369	116	220	0	35440
8948	36802	611	77	154	0	37644
8949	692	211	75	34395	0	35373
8950	250	35935	94	651	0	36930
8951	149	580	67	37799	0	38595
8952	152	228	37680	742	0	38802
8953	100	123	594	35681	0	36498
8954	100	92	186	38101	0	38479
8955	37808	64	109	1077	0	39058
8956	651	37179	111	410	0	38351
8957	38263	649	79	211	0	39202
8958	722	35721	78	204	0	36725
8959	34688	667	77	125	0	35557
8960	666	34642	81	169	0	35558
8961	221	34035	52	140	0	34448
8962	34794	669	58	106	0	35627
8963	585	232	61	33356	0	34234
8964	194	34102	89	560	0	34945
8965	35302	550	180	202	0	36234
8966	34602	181	59	129	0	34971
8967	36627	84	49	133	0	36893
8968	35944	79	67	126	0	36216
8969	706	35502	83	151	0	36442
8970	231	542	59	37254	0	38086
8971	143	183	59	38045	0	38430
8972	38578	93	51	724	0	39446
8973	604	87	57	37778	0	38526
8974	37713	73	58	660	0	38504
8975	647	89	36207	263	0	37206
8976	35673	75	499	201	0	36448
8977	657	96	37878	159	0	38790
8978	241	99	539	37695	0	38574
8979	38907	73	158	635	0	39773
8980	608	36785	112	285	0	37790
8981	37227	475	44	131	0	37877
8982	517	37787	86	142	0	38532
8983	189	512	44	40909	0	41654
8984	152	185	39208	519	0	40064
8985	35342	111	720	196	0	36369
8986	477	39039	136	122	0	39774
8987	174	392	50	39624	0	40240
8988	115	133	35	38894	0	39177
8989	90	107	31	39009	0	39237
8990	107	71	39233	526	0	39937
8991	89	37666	363	218	0	38336
8992	38859	389	93	115	0	39456
8993	38957	101	64	105	0	39227
8994	471	38250	57	123	0	38901
8995	41850	384	54	90	0	42378
8996	463	118	46	40781	0	41408
8997	169	39957	81	450	0	40657
8998	41506	401	42	150	0	42099
8999	493	187	39912	120	0	40712
9000	177	39500	419	121	0	40217
9001	150	410	113	42188	0	42861
9002	95	152	63	43096	0	43406
9003	132	109	41015	483	0	41739
9004	105	103	368	39127	0	39703
9005	140	102	41027	434	0	41703
9006	103	91	379	40232	0	40805
9007	119	95	95	41643	0	41952
9008	119	77	59	41314	0	41569
9009	101	77	48	41565	0	41791
9010	113	117	40257	507	0	40994
9011	122	138	39763	194	0	40217
9012	127	41253	558	200	0	42138
9013	107	620	143	46918	0	47788
9014	176	234	48056	772	0	49238
9015	102	45259	856	328	0	46545
9016	105	797	223	50589	0	51714
9017	136	292	53706	865	0	54999
9018	49993	159	1226	321	0	51699
9019	58559	114	291	208	0	59172
9020	1573	90	156	57252	0	59071
9021	542	122	56513	1428	0	58605
9022	283	131	1316	56990	0	58720
9023	57622	89	403	1611	0	59725
9024	1373	56624	298	563	0	58858
9025	61128	1390	125	306	0	62949
9026	62320	388	133	243	0	63084
9027	1812	238	121	58587	0	60758
9028	632	163	97	60403	0	61295
9029	376	112	108	61617	0	62213
9030	250	124	115	61202	0	61691
9031	244	121	89	61570	0	62024
9032	59783	95	101	2091	0	62070
9033	60587	95	113	834	0	61629
9034	60991	91	116	530	0	61728
9035	1992	141	57539	408	0	60080
9036	56893	105	1287	338	0	58623
9037	1739	125	389	58418	0	60671
9038	694	162	55995	1663	0	58514
9039	421	54016	1383	671	0	56491
9040	332	1530	433	55517	0	57812
9041	278	389	287	55091	0	56045
9042	287	53648	222	1659	0	55816
9043	275	1306	162	57496	0	59239
9044	311	449	55236	1774	0	57770
9045	303	294	56537	755	0	57889
9046	260	169	1815	58285	0	60529
9047	57636	137	704	1856	0	60333
9048	57059	147	433	823	0	58462
9049	2124	190	55790	586	0	58690
9050	930	51710	1537	507	0	54684
9051	579	56238	611	526	0	57954
9052	54161	1814	410	513	0	56898
9053	1770	722	54848	535	0	57875
9054	780	399	1471	54750	0	57400
9055	55383	277	574	1842	0	58076
9056	1750	52250	428	906	0	55334
9057	832	54355	261	639	0	56087
9058	54455	1766	214	496	0	56931
9059	1755	697	194	54696	0	57342
9060	58245	358	220	1841	0	60664
9061	2097	230	199	65092	0	67618
9062	1000	219	212	68526	0	69957
9063	746	262	67203	2723	0	70934
9064	573	230	1771	71622	0	74196
9065	525	221	757	74649	0	76152
9066	73613	189	543	3171	0	77516
9067	2346	198	323	75344	0	78211
9068	1185	255	72376	3111	0	76927
9069	72703	225	2250	1586	0	76764
9070	2504	239	1085	76179	0	80007
9071	75420	214	663	2989	0	79286
9072	2906	69199	480	2355	0	74940
9073	1389	74588	413	1165	0	77555
9074	75074	3058	353	813	0	79298
9075	75830	1405	362	746	0	78343
9076	3495	744	347	73919	0	78505
9077	1833	506	71903	2823	0	77065
9078	1093	360	2393	75430	0	79276
9079	73367	336	1162	3178	0	78043
9080	2797	71694	771	1654	0	76916
9081	1530	2451	454	74071	0	78506
9082	72747	1264	386	2966	0	77363
9083	3071	839	68674	1618	0	74202
9084	68941	508	2475	1220	0	73144
9085	71470	439	1199	1018	0	74126
9086	3841	434	68448	991	0	73714
9087	2097	429	69178	961	0	72665
9088	1355	400	3412	66022	0	71189
9089	1090	339	1642	67655	0	70726
9090	990	69025	981	3591	0	74587
9091	897	2512	638	72795	0	76842
9092	915	1198	70235	3671	0	76019
9093	892	738	2683	72000	0	76313
9094	820	468	1379	76915	0	79582
9095	953	441	69713	4342	0	75449
9096	830	69399	2743	2568	0	75540
9097	833	2542	1385	71382	0	76142
9098	820	1256	964	74501	0	77541
9099	71363	787	686	4319	0	77155
9100	3142	580	600	72015	0	76337
9101	1795	537	68089	3935	0	74356
9102	69144	477	2709	2195	0	74525
9103	72373	525	1414	1547	0	75859
9104	73659	542	924	1250	0	76375
9105	4662	495	67293	1191	0	73641
9106	2464	483	2808	68803	0	74558
9107	1526	451	1549	71797	0	75323
9108	1184	391	1141	73953	0	76669
9109	68367	397	857	4732	0	74353
9110	3152	68211	804	3113	0	75280
9111	1791	2593	65059	1853	0	71296
9112	1215	65649	2623	1562	0	71049
9113	936	63977	1419	1300	0	67632
9114	956	63100	968	1157	0	66181
9115	1676	3379	735	61541	0	67331
9116	902	1669	58057	3197	0	63825
9117	49368	1617	1979	1761	0	54725
9118	2032	54489	1258	1437	0	59216
9119	51018	1715	706	990	0	54429
9120	2051	54004	523	1061	0	57639
9121	55633	1952	509	961	0	59055
9122	2210	55352	560	891	0	59013
9123	1427	2174	54683	832	0	59116
9124	1098	1183	1702	55189	0	59172
9125	913	814	1038	57397	0	60162
9126	55683	524	773	2915	0	59895
9127	2170	489	604	59833	0	63096
9128	1430	498	57252	2930	0	62110
9129	1103	437	1955	59703	0	63198
9130	1007	564	57295	2945	0	61811
9131	796	57284	2427	1826	0	62333
9132	802	2103	1305	54942	0	59152
9133	719	58979	956	2333	0	62987
9134	59165	2447	684	1512	0	63808
9135	2338	1375	624	59658	0	63995
9136	1401	1020	57902	2591	0	62914
9137	1054	730	57536	1651	0	60971
9138	57086	639	2807	1277	0	61809
9139	2327	1094	1535	58270	0	63226
9140	1450	667	57388	2446	0	61951
9141	1048	761	55035	1566	0	58410
9142	725	56042	2912	1261	0	60940
9143	775	2600	1495	50558	0	55428
9144	600	55332	1017	2137	0	59086
9145	699	2830	704	54630	0	58863
9146	54343	1170	661	2564	0	58738
9147	1972	789	649	55104	0	58514
9148	1138	592	509	56920	0	59159
9149	55244	513	594	3072	0	59423
9150	2132	484	586	59224	0	62426
9151	1210	480	620	57160	0	59470
9152	938	55914	561	3450	0	60863
9153	56929	2179	521	1940	0	61569
9154	58117	1212	535	1250	0	61114
9155	3017	825	529	57411	0	61782
9156	1571	581	594	58874	0	61620
9157	1076	560	520	58649	0	60805
9158	779	53077	569	3780	0	58205
9159	711	56953	602	2158	0	60424
9160	608	2401	503	54152	0	57664
9161	44611	1026	384	2301	0	48322
9162	43295	616	370	1245	0	45526
9163	2172	40790	296	868	0	44126
9164	36805	1511	213	573	0	39102
9165	1618	36787	230	575	0	39210
9166	645	36233	221	472	0	37571
9167	1286	2229	339	33353	0	37207
9168	32963	632	143	1277	0	35015
9169	1107	31115	188	616	0	33026
9170	442	32156	157	436	0	33191
9171	315	1236	128	32202	0	33881
9172	269	539	109	33729	0	34646
9173	221	368	31743	1461	0	33793
9174	30769	288	988	667	0	32712
9175	32517	280	308	501	0	33606
9176	1298	277	32350	436	0	34361
9177	559	298	31242	372	0	32471
9178	361	235	1161	31571	0	33328
9179	327	219	446	32841	0	33833
9180	289	31966	289	1477	0	34021
9181	213	1130	197	33369	0	34909
9182	281	503	31944	1438	0	34166
9183	255	374	1029	32804	0	34462
9184	253	323	388	33888	0	34852
9185	32539	290	286	1642	0	34757
9186	1205	257	31865	830	0	34157
9187	31290	248	1142	582	0	33262
9188	1316	249	31133	562	0	33260
9189	496	232	1140	30746	0	32614
9190	340	244	30017	1303	0	31904
9191	271	255	29555	652	0	30733
9192	282	242	1264	29517	0	31305
9193	28285	488	527	1327	0	30627
9194	26676	210	349	610	0	27845
9195	1176	25675	312	513	0	27676
9196	26124	1020	263	405	0	27812
9197	26072	431	224	426	0	27153
9198	1242	25575	243	404	0	27464
9199	575	1036	210	25840	0	27661
9200	393	404	242	26887	0	27926
9201	286	332	246	27076	0	27940
9202	288	234	217	27215	0	27954
9203	282	268	24932	1601	0	27083
9204	24431	194	1031	821	0	26477
9205	1124	176	415	26373	0	28088
9206	458	205	288	26253	0	27204
9207	361	25621	245	1468	0	27695
9208	339	1046	142	26731	0	28258
9209	239	445	26395	1492	0	28571
9210	25481	294	1029	759	0	27563
9211	1245	266	26582	611	0	28704
9212	520	418	982	26447	0	28367
9213	25476	175	338	1270	0	27259
9214	1054	25098	239	716	0	27107
9215	504	940	153	27245	0	28842
9216	356	396	25585	1431	0	27768
9217	281	317	1060	26369	0	28027
9218	25850	239	364	1425	0	27878
9219	1260	235	25512	641	0	27648
9220	506	232	23896	491	0	25125
9221	387	23292	1300	443	0	25422
9222	21928	1115	429	314	0	23786
9223	1077	21134	257	347	0	22815
9224	410	1138	20360	264	0	22172
9225	263	436	20706	292	0	21697
9226	252	20526	1158	321	0	22257
9227	17056	875	297	262	0	18490
9228	726	16779	163	180	0	17848
9229	263	811	128	16930	0	18132
9230	134	256	148	17953	0	18491
9231	139	133	16828	990	0	18090
9232	127	127	758	17129	0	18141
9233	117	94	17430	934	0	18575
9234	17127	83	812	350	0	18372
9235	18096	95	325	204	0	18720
9236	18494	74	187	212	0	18967
9237	1025	110	17217	171	0	18523
9238	17525	85	765	184	0	18559
9239	897	89	287	16171	0	17444
9240	302	17021	192	779	0	18294
9241	17839	727	170	313	0	19049
9242	855	256	17121	185	0	18417
9243	17011	102	735	229	0	18077
9244	17399	92	279	156	0	17926
9245	956	95	16259	169	0	17479
9246	340	15807	759	193	0	17099
9247	198	885	297	16382	0	17762
9248	200	222	16281	797	0	17500
9249	180	146	16035	261	0	16622
9250	75	56	471	11964	0	12566
9251	72	43	12098	453	0	12666
9252	79	49	431	12012	0	12571
9253	83	53	144	11878	0	12158
9254	68	36	93	12668	0	12865
9255	73	51	12062	506	0	12692
9256	75	39	402	12131	0	12647
9257	73	447	11694	483	0	12697
9258	75	57	413	12303	0	12848
9259	12781	49	155	470	0	13455
9260	419	48	99	13013	0	13579
9261	138	13551	104	447	0	14240
9262	100	412	78	14091	0	14681
9263	14466	122	96	508	0	15192
9264	476	14423	106	202	0	15207
9265	177	481	75	14892	0	15625
9266	15280	152	103	535	0	16070
9267	571	102	15424	219	0	16316
9268	216	67	547	15426	0	16256
9269	124	51	15731	609	0	16515
9270	115	82	15217	222	0	15636
9271	78	62	671	15068	0	15879
9272	15184	53	277	591	0	16105
9273	568	56	14660	246	0	15530
9274	14750	53	584	161	0	15548
9275	598	58	236	14931	0	15823
9276	227	61	14413	549	0	15250
9277	165	58	14965	227	0	15415
9278	121	73	15410	138	0	15742
9279	81	51	680	14344	0	15156
9280	14762	49	273	530	0	15614
9281	486	14016	177	226	0	14905
9282	176	451	119	13417	0	14163
9283	108	155	95	14190	0	14548
9284	13848	73	89	604	0	14614
9285	14064	65	87	234	0	14450
9286	573	13554	92	160	0	14379
9287	14113	443	93	127	0	14776
9288	14335	164	111	84	0	14694
9289	621	82	84	13918	0	14705
9290	245	71	13597	502	0	14415
9291	13756	63	469	193	0	14481
9292	535	48	192	13958	0	14733
9293	208	49	106	14415	0	14778
9294	14881	37	106	644	0	15668
9295	530	57	92	14794	0	15473
9296	218	39	65	15310	0	15632
9297	14768	40	86	662	0	15556
9298	519	15333	89	301	0	16242
9299	16335	407	83	168	0	16993
9300	526	136	15718	133	0	16513
9301	15179	57	408	95	0	15739
9302	489	33	152	15231	0	15905
9303	214	15416	117	391	0	16138
9304	126	356	75	15880	0	16437
9305	128	122	62	15859	0	16171
9306	78	48	55	15390	0	15571
9307	15011	40	50	571	0	15672
9308	407	14469	58	243	0	15177
9309	107	13357	48	125	0	13637
9310	13644	367	44	98	0	14153
9311	364	139	14676	86	0	15265
9312	152	113	14017	47	0	14329
9313	14880	47	356	90	0	15373
9314	365	59	16701	65	0	17190
9315	136	28	224	15541	0	15929
9316	69	26	141	15995	0	16231
9317	51	22	77	16749	0	16899
9318	59	15	78	16381	0	16533
9319	47	15466	68	406	0	15987
9320	55	232	42	16420	0	16749
9321	58	119	15744	328	0	16249
9322	64	50	264	15794	0	16172
9323	52	43	15587	368	0	16050
9324	68	45	15344	192	0	15649
9325	60	28	382	16219	0	16689
9326	62	31	16469	319	0	16881
9327	56	20	316	16248	0	16640
9328	16356	25	202	316	0	16899
9329	300	47	16267	195	0	16809
9330	15466	27	294	131	0	15918
9331	317	25	163	16097	0	16602
9332	182	34	15889	327	0	16432
9333	139	15240	280	185	0	15844
9334	76	266	162	16426	0	16930
9335	120	131	16421	330	0	17002
9336	76	50	289	16570	0	16985
9337	17543	45	178	359	0	18125
9338	17396	42	98	228	0	17764
9339	18570	37	97	128	0	18832
9340	422	36	71	18993	0	19522
9341	229	22	57	19042	0	19350
9342	154	34	66	19639	0	19893
9343	20349	33	55	510	0	20947
9344	430	20535	55	282	0	21302
9345	213	402	58	20753	0	21426
9346	106	171	52	21508	0	21837
9347	20936	87	46	656	0	21725
9348	484	20621	77	316	0	21498
9349	234	453	47	21975	0	22709
9350	22194	186	35	594	0	23009
9351	22412	92	54	295	0	22853
9352	688	60	42	22175	0	22965
9353	22432	54	51	601	0	23138
9354	572	46	46	22939	0	23603
9355	317	50	22254	597	0	23218
9356	156	52	431	22564	0	23203
9357	120	68	187	23551	0	23926
9358	149	45	86	23858	0	24138
9359	22479	35	70	769	0	23353
9360	501	22111	92	343	0	23047
9361	21677	450	62	209	0	22398
9362	497	21412	70	184	0	22163
9363	150	20290	39	135	0	20614
9364	20552	473	40	89	0	21154
9365	385	20606	45	108	0	21144
9366	137	393	31	20813	0	21374
9367	20148	140	39	416	0	20743
9368	20116	73	37	179	0	20405
9369	468	51	40	20595	0	21154
9370	177	46	33	20509	0	20765
9371	114	20309	38	501	0	20962
9372	21142	357	40	201	0	21740
9373	20486	138	40	145	0	20809
9374	458	21108	50	136	0	21752
9375	178	22082	48	129	0	22437
9376	110	564	41	23268	0	23983
9377	22794	186	40	602	0	23622
9378	563	109	40	22031	0	22743
9379	199	87	37	22926	0	23249
9380	143	80	21558	756	0	22537
9381	131	78	21870	287	0	22366
9382	122	70	597	22334	0	23123
9383	114	70	22113	660	0	22957
9384	100	21591	559	282	0	22532
9385	100	535	164	22373	0	23172
9386	86	174	82	22923	0	23265
9387	83	115	50	23042	0	23290
9388	97	89	21946	790	0	22922
9389	103	120	21155	331	0	21709
9390	21027	61	603	246	0	21937
9391	566	21829	213	187	0	22795
9392	23025	564	105	155	0	23849
9393	640	188	73	22645	0	23546
9394	23579	111	56	650	0	24396
9395	630	87	58	22619	0	23394
9396	246	22907	59	631	0	23843
9397	23693	547	51	293	0	24584
9398	644	204	21840	209	0	22897
9399	244	21175	512	201	0	22132
9400	23015	551	156	184	0	23906
9401	620	219	91	22549	0	23479
9402	273	21374	93	629	0	22369
9403	161	587	68	22943	0	23759
9404	24306	219	51	686	0	25262
9405	652	144	53	24224	0	25073
9406	24535	140	52	720	0	25447
9407	707	126	23516	331	0	24680
9408	268	131	509	23730	0	24638
9409	24234	99	168	718	0	25219
9410	680	127	23485	322	0	24614
9411	271	21952	560	246	0	23029
9412	193	579	180	23110	0	24062
9413	188	230	21447	659	0	22524
9414	180	153	22047	284	0	22664
9415	115	108	528	21538	0	22289
9416	132	84	21665	569	0	22450
9417	124	86	21445	248	0	21903
9418	103	86	550	21112	0	21851
9419	22738	62	196	564	0	23560
9420	489	80	110	22377	0	23056
9421	202	81	97	22818	0	23198
9422	172	73	22535	651	0	23431
9423	123	94	467	23628	0	24312
9424	25336	83	170	641	0	26230
9425	538	96	24086	311	0	25031
9426	235	23465	511	217	0	24428
9427	175	494	198	25500	0	26367
9428	26609	199	135	589	0	27532
9429	542	152	100	25582	0	26376
9430	229	25304	101	604	0	26238
9431	203	527	25635	284	0	26649
9432	125	192	478	27294	0	28089
9433	29111	137	190	645	0	30083
9434	630	121	27901	277	0	28929
9435	260	82	581	29653	0	30576
9436	30769	57	211	760	0	31797
9437	33152	85	147	345	0	33729
9438	1114	33592	127	250	0	35083
9439	33309	948	102	179	0	34538
9440	1113	245	73	32639	0	34070
9441	375	204	32405	1067	0	34051
9442	199	31541	906	392	0	33038
9443	148	31838	643	218	0	32847
9444	106	1000	148	31104	0	32358
9445	108	279	110	32448	0	32945
9446	88	199	30269	1010	0	31566
9447	92	29433	791	367	0	30683
9448	88	31220	226	542	0	32076
9449	88	953	130	31607	0	32778
9450	30970	254	87	872	0	32183
9451	751	30750	78	301	0	31880
9452	228	803	62	32482	0	33575
9453	33216	238	67	905	0	34426
9454	819	172	65	32741	0	33797
9455	243	116	64	32609	0	33032
9456	178	113	59	33205	0	33555
9457	128	107	64	33353	0	33652
9458	32289	102	54	1150	0	33595
9459	821	97	66	33030	0	34014
9460	233	120	30533	993	0	31879
9461	30209	95	765	336	0	31405
9462	854	116	30109	242	0	31321
9463	266	100	33372	194	0	33932
9464	164	218	867	32939	0	34188
9465	116	72	269	34169	0	34626
9466	104	92	155	35238	0	35589
9467	34658	66	81	1075	0	35880
9468	826	72	32891	407	0	34196
9469	33520	65	712	268	0	34565
9470	35109	63	202	219	0	35593
9471	1007	69	35769	163	0	37008
9472	34250	63	726	179	0	35218
9473	928	91	36182	152	0	37353
9474	280	36436	729	160	0	37605
9475	163	1044	207	37677	0	39091
9476	138	152	104	38058	0	38452
9477	111	108	94	37175	0	37488
9478	92	72	97	37430	0	37691
9479	110	78	37355	887	0	38430
9480	106	82	37088	322	0	37598
9481	73	61	741	37403	0	38278
9482	89	54	39324	763	0	40230
9483	36490	57	682	302	0	37531
9484	41014	57	228	213	0	41512
9485	783	73	141	40634	0	41631
9486	41208	51	113	720	0	42092
9487	735	40369	113	321	0	41538
9488	42210	624	90	197	0	43121
9489	792	194	41527	167	0	42680
9490	283	106	594	41009	0	41992
9491	164	40429	239	709	0	41541
9492	43483	637	143	274	0	44537
9493	673	198	94	43293	0	44258
9494	251	120	42172	832	0	43375
9495	173	71	663	41809	0	42716
9496	42277	75	230	876	0	43458
9497	1023	97	41211	324	0	42655
9498	278	77	696	41897	0	42948
9499	197	72	263	43506	0	44038
9500	170	95	42526	1555	0	44346
9501	167	40583	784	465	0	41999
9502	167	39798	384	328	0	40677
9503	194	904	151	44240	0	45489
9504	170	321	125	43753	0	44369
9505	155	205	121	44829	0	45310
9506	43801	146	129	1183	0	45259
9507	42812	155	153	487	0	43607
9508	1047	136	131	43925	0	45239
9509	44272	133	135	1014	0	45554
9510	889	41838	153	476	0	43356
9511	342	819	114	43385	0	44660
9512	208	315	113	43706	0	44342
9513	138	190	124	44147	0	44599
9514	41258	131	96	1319	0	42804
9515	831	40475	119	620	0	42045
9516	323	802	116	42466	0	43707
9517	41965	255	117	1091	0	43428
9518	894	147	120	41925	0	43086
9519	365	91	116	41435	0	42007
9520	284	38967	151	1181	0	40583
9521	192	41022	115	609	0	41938
9522	211	1340	85	42715	0	44351
9523	184	258	82	42389	0	42913
9524	40382	125	91	1169	0	41767
9525	865	77	97	40328	0	41367
9526	347	88	39317	1018	0	40770
9527	215	94	756	38932	0	39997
9528	191	37275	287	1004	0	38757
9529	40476	737	184	461	0	41858
9530	837	235	142	40238	0	41452
9531	304	886	106	39551	0	40847
9532	222	38108	138	1083	0	39551
9533	38340	688	94	415	0	39537
9534	768	37971	102	318	0	39159
9535	250	620	74	38924	0	39868
9536	204	184	37405	776	0	38569
9537	73	406	288	32828	0	33595
9538	33831	38	90	380	0	34339
9539	302	32802	67	210	0	33381
9540	123	350	20	34407	0	34900
9541	55	32345	43	381	0	32824
9542	38	384	15	34214	0	34651
9543	41	175	33793	461	0	34470
9544	43	89	561	32860	0	33553
9545	29	49	103	33984	0	34165
9546	40	49	58	35008	0	35155
9547	34822	47	41	541	0	35451
9548	34094	56	27	272	0	34449
9549	479	34530	47	193	0	35249
9550	35473	401	26	154	0	36054
9551	495	33995	52	139	0	34681
9552	178	34289	48	329	0	34844
9553	34135	579	30	165	0	34909
9554	506	255	32428	168	0	33357
9555	192	141	429	32103	0	32865
9556	136	89	152	34333	0	34710
9557	99	81	73	35365	0	35618
9558	35496	58	56	771	0	36381
9559	499	34737	66	397	0	35699
9560	199	555	31	35779	0	36564
9561	136	35024	65	586	0	35811
9562	36043	608	30	277	0	36958
9563	562	254	43	35277	0	36136
9564	240	148	31	43671	0	44090
9565	145	46816	63	1387	0	48411
9566	122	1196	39	54215	0	55572
9567	113	564	30	55312	0	56019
9568	51565	257	55	2445	0	54322
9569	1389	48710	124	1245	0	51468
9570	690	50900	122	734	0	52446
9571	322	2109	42	50787	0	53260
9572	285	1000	47156	1997	0	50438
9573	251	591	46468	1112	0	48422
9574	217	375	2015	47380	0	49987
9575	184	379	46905	2041	0	49509
9576	163	313	1869	47914	0	50259
9577	159	273	990	48592	0	50014
9578	140	256	487	51497	0	52380
9579	47909	253	392	2998	0	51552
9580	1579	238	257	49190	0	51264
9581	807	238	248	48638	0	49931
9582	426	44884	224	3104	0	48638
9583	365	1763	159	49053	0	51340
9584	329	967	43770	2791	0	47857
9585	305	550	1623	47183	0	49661
9586	229	448	865	49157	0	50699
9587	44797	356	517	3268	0	48938
9588	1706	381	462	46244	0	48793
9589	812	302	365	46287	0	47766
9590	414	250	396	47801	0	48861
9591	41373	216	331	3686	0	45606
9592	1711	41831	307	2156	0	46005
9593	918	1696	233	44529	0	47376
9594	507	823	200	46343	0	47873
9595	406	547	41131	3467	0	45551
9596	317	397	1620	44606	0	46940
9597	41438	328	806	3138	0	45710
9598	1667	42366	465	2007	0	46505
9599	771	1764	360	42367	0	45262
9600	448	914	270	44341	0	45973
9601	411	517	39546	3293	0	43767
9602	38462	384	1613	2040	0	42499
9603	1786	40213	826	1565	0	44390
9604	40807	1761	408	1372	0	44348
9605	1944	966	373	41760	0	45043
9606	1039	600	293	41762	0	43694
9607	649	519	286	42683	0	44137
9608	609	454	277	43092	0	44432
9609	39803	462	283	3621	0	44169
9610	1928	406	281	41015	0	43630
9611	990	38106	324	3206	0	42626
9612	626	1712	351	41680	0	44369
9613	508	895	366	43344	0	45113
9614	39909	552	342	3684	0	44487
9615	1920	38419	381	2251	0	42971
9616	1037	1828	297	41803	0	44965
9617	39874	1006	232	3055	0	44167
9618	41265	624	250	2117	0	44256
9619	2649	522	230	42314	0	45715
9620	1456	477	38288	3179	0	43400
9621	40075	484	1586	2122	0	44267
9622	2340	448	768	42199	0	45755
9623	1282	385	39759	3255	0	44681
9624	862	324	1873	42842	0	45901
9625	741	329	947	43223	0	45240
9626	611	344	557	42919	0	44431
9627	679	40306	463	3811	0	45259
9628	569	1804	296	44760	0	47429
9629	531	950	302	44550	0	46333
9630	536	596	244	45264	0	46640
9631	639	531	251	45453	0	46874
9632	627	514	212	45084	0	46437
9633	573	527	248	45752	0	47100
9634	40948	431	310	4278	0	45967
9635	2096	404	37429	2697	0	42626
9636	1146	37659	1704	2103	0	42612
9637	39103	1653	916	1852	0	43524
9638	2023	39270	638	1668	0	43599
9639	38884	1893	492	1611	0	42880
9640	2150	1040	427	39137	0	42754
9641	40447	632	477	2841	0	44397
9642	2248	590	340	40361	0	43539
9643	1364	460	270	38890	0	40984
9644	842	37262	250	3799	0	42153
9645	39031	1714	171	2441	0	43357
9646	1999	949	37258	2088	0	42294
9647	1262	540	1492	40216	0	43510
9648	853	460	38206	3149	0	42668
9649	822	463	37684	2165	0	41134
9650	38097	466	2122	1650	0	42335
9651	1969	506	1071	37999	0	41545
9652	1275	432	37661	2588	0	41956
9653	890	387	38123	1908	0	41308
9654	872	397	2139	38513	0	41921
9655	757	411	1118	41215	0	43501
9656	39178	369	653	3093	0	43293
9657	2008	345	550	40429	0	43332
9658	1274	347	38373	2849	0	42843
9659	872	297	1616	40576	0	43361
9660	749	645	957	39740	0	42091
9661	677	38313	672	3049	0	42711
9662	38312	1559	593	2075	0	42539
9663	1648	37418	550	1610	0	41226
9664	30068	924	299	861	0	32152
9665	888	24372	197	570	0	26027
9666	193	19576	80	239	0	20088
9667	158	410	59	19712	0	20339
9668	107	169	325	19409	0	20010
9669	93	91	60	19279	0	19523
9670	18686	54	38	423	0	19201
9671	292	63	18531	205	0	19091
9672	115	56	229	18329	0	18729
9673	17182	58	78	359	0	17677
9674	283	17289	81	184	0	17837
9675	108	17464	45	183	0	17800
9676	109	295	45	18363	0	18812
9677	82	116	61	17885	0	18144
9678	80	78	47	17792	0	17997
9679	60	17892	56	438	0	18446
9680	70	253	68	18655	0	19046
9681	82	94	17947	392	0	18515
9682	74	76	17695	154	0	17999
9683	17594	44	201	118	0	17957
9684	195	51	96	19730	0	20072
9685	19698	40	53	215	0	20006
9686	19168	33	44	137	0	19382
9687	188	19096	49	120	0	19453
9688	19894	148	38	114	0	20194
9689	21370	71	46	108	0	21595
9690	220	44	32	20854	0	21150
9691	115	35	46	21864	0	22060
9692	87	43	21907	342	0	22379
9693	73	21836	175	172	0	22256
9694	64	141	63	22256	0	22524
9695	66	75	47	22586	0	22774
9696	22846	46	38	223	0	23153
9697	161	39	33	22391	0	22624
9698	22045	30	28	219	0	22322
9699	183	39	30	22165	0	22417
9700	89	21534	41	228	0	21892
9701	23225	177	32	118	0	23552
9702	228	79	42	27020	0	27369
9703	116	72	37	29437	0	29662
9704	89	50	41	31939	0	32119
9705	96	57	30296	1129	0	31578
9706	70	37	724	30555	0	31386
9707	31351	53	247	1018	0	32669
9708	791	32	133	32667	0	33623
9709	311	40	71	37095	0	37517
9710	184	35	69	38589	0	38877
9711	98	36342	99	1790	0	38329
9712	86	39301	66	719	0	40172
9713	39649	1515	50	385	0	41599
9714	1246	40279	75	272	0	41872
9715	40591	1476	41	230	0	42338
9716	42090	509	41	229	0	42869
9717	43029	275	36	240	0	43580
9718	2024	224	40645	184	0	43077
9719	711	40963	1196	180	0	43050
9720	42504	1282	357	127	0	44270
9721	1374	515	151	42259	0	44299
9722	571	310	72	43088	0	44041
9723	341	186	65	43260	0	43852
9724	268	40531	90	1843	0	42732
9725	230	1234	63	43095	0	44622
9726	42247	474	56	1615	0	44392
9727	1382	262	43	41321	0	43008
9728	575	153	39	42442	0	43209
9729	333	157	39840	2000	0	42330
9730	215	190	40237	957	0	41599
9731	239	148	1541	40358	0	42286
9732	176	131	575	41484	0	42366
9733	213	40299	303	1962	0	42777
9734	213	1251	173	41849	0	43486
9735	207	510	127	43383	0	44227
9736	156	278	137	43701	0	44272
9737	41673	193	130	2257	0	44253
9738	1402	243	40713	1064	0	43422
9739	591	208	1235	42974	0	45008
9740	43175	225	470	1715	0	45585
9741	42100	187	271	877	0	43435
9742	1877	186	145	41252	0	43460
9743	841	172	137	43077	0	44227
9744	41516	226	145	2123	0	44010
9745	1543	40424	195	1047	0	43209
9746	717	41971	178	721	0	43587
9747	544	1765	127	42004	0	44440
9748	42289	731	110	1747	0	44877
9749	43022	377	118	985	0	44502
9750	43004	283	94	787	0	44168
9751	2182	314	42177	604	0	45277
9752	40084	330	1345	561	0	42320
9753	1929	303	43307	579	0	46118
9754	42023	245	1460	635	0	44363
9755	1790	41229	650	668	0	44337
9756	879	1414	42067	610	0	44970
9757	622	643	1448	41645	0	44358
9758	475	393	41651	1930	0	44449
9759	494	315	1534	40794	0	43137
9760	41362	294	628	2102	0	44386
9761	1701	308	40964	1159	0	44132
9762	812	280	1507	40344	0	42943
9763	594	40675	740	1889	0	43898
9764	510	1409	491	43488	0	45898
9765	532	599	389	43229	0	44749
9766	527	406	342	43805	0	45080
9767	43055	295	320	2512	0	46182
9768	43726	283	279	1403	0	45691
9769	2206	261	289	43781	0	46537
9770	1084	314	41589	2222	0	45209
9771	767	319	41786	1304	0	44176
9772	620	297	1924	43367	0	46208
9773	760	360	43129	2216	0	46465
9774	598	322	1703	43679	0	46302
9775	643	263	761	44846	0	46513
9776	630	234	472	44954	0	46290
9777	646	40562	416	2729	0	44353
9778	651	44094	457	1358	0	46560
9779	538	2212	409	44900	0	48059
9780	557	836	356	45710	0	47459
9781	538	540	388	46170	0	47636
9782	43216	396	321	2724	0	46657
9783	1860	347	44379	1548	0	48134
9784	958	289	1626	45340	0	48213
9785	45347	240	764	2302	0	48653
9786	1856	44246	561	1371	0	48034
9787	946	1547	461	46404	0	49358
9788	630	721	447	47504	0	49302
9789	519	460	383	46596	0	47958
9790	490	303	355	46730	0	47878
9791	406	301	42293	2980	0	45980
9792	40622	218	1564	1742	0	44146
9793	43956	221	715	1239	0	46131
9794	2270	244	42490	1012	0	46016
9795	42917	287	1616	938	0	45758
9796	44819	229	811	859	0	46718
9797	2326	260	44411	954	0	47951
9798	1087	45425	1758	946	0	49216
9799	938	1364	824	47264	0	50390
9800	688	588	49239	2077	0	52592
9801	570	47303	1698	1333	0	50904
9802	466	1290	43979	716	0	46451
9803	388	41967	1080	547	0	43982
9804	331	858	519	41997	0	43705
9805	311	395	42611	1125	0	44442
9806	290	210	978	41003	0	42481
9807	337	171	44458	1146	0	46112
9808	263	41998	990	727	0	43978
9809	40142	370	285	357	0	41154
9810	307	36681	169	187	0	37344
9811	138	39476	121	167	0	39902
9812	234	312	689	41118	0	42353
9813	42	101	20	39901	0	40064
9814	23	57	20	39411	0	39511
9815	11	57	23	39298	0	39389
9816	15	25	18	40147	0	40205
9817	32	29	43845	299	0	44205
9818	19	26	148	41644	0	41837
9819	16	26	65	44032	0	44139
9820	45285	15	33	279	0	45612
9821	45373	12	40	128	0	45553
9822	46614	21	27	79	0	46741
9823	288	13	23	46145	0	46469
9824	51071	14	17	250	0	51352
9825	55037	16	26	110	0	55189
9826	55292	14	27	78	0	55411
9827	672	39	54556	72	0	55339
9828	52913	24	475	66	0	53478
9829	56180	17	140	79	0	56416
9830	57415	16	101	59	0	57591
9831	667	27	87	55475	0	56256
9832	292	30	57095	549	0	57966
9833	145	20	521	55840	0	56526
9834	59576	16	147	619	0	60358
9835	584	21	78	59342	0	60025
9836	187	61212	134	598	0	62131
9837	110	502	53	66059	0	66724
9838	66357	144	63	676	0	67240
9839	65717	79	45	312	0	66153
9840	64851	59	39	213	0	65162
9841	827	67	66296	154	0	67344
9842	331	59	580	63429	0	64399
9843	197	33	189	68285	0	68704
9844	178	52	68599	829	0	69658
9845	127	62145	679	396	0	63347
9846	156	614	67103	225	0	68098
9847	68	202	643	65522	0	66435
9848	68691	95	208	741	0	69735
9849	663	100	73694	319	0	74776
9850	238	61	635	72476	0	73410
9851	211	67	74875	713	0	75866
9852	69933	25	763	295	0	71016
9853	734	40	257	73170	0	74201
9854	313	62	79032	790	0	80197
9855	194	31	689	76575	0	77489
9856	210	67	82005	835	0	83117
9857	140	78824	838	405	0	80207
9858	128	631	269	84390	0	85418
9859	86098	194	327	811	0	87430
9860	729	113	161	85487	0	86490
9861	289	91	144	85358	0	85882
9862	86558	74	116	935	0	87683
9863	773	80647	176	782	0	82378
9864	313	85443	127	333	0	86216
9865	213	813	116	87964	0	89106
9866	137	85701	167	842	0	86847
9867	398	641	73	88008	0	89120
9868	103	188	70	87684	0	88045
9869	88146	129	53	828	0	89156
9870	601	83143	132	534	0	84410
9871	300	653	84570	247	0	85770
9872	160	84824	565	194	0	85743
9873	89810	638	162	138	0	90748
9874	90579	187	103	142	0	91011
9875	773	134	75	87792	0	88774
9876	92054	104	74	698	0	92930
9877	743	64	67	90524	0	91398
9878	92388	90	70	801	0	93349
9879	93218	74	76	273	0	93641
9880	879	88	65	100057	0	101089
9881	103087	66	85	784	0	104022
9882	896	95	101790	297	0	103078
9883	96536	60	634	258	0	97488
9884	873	51	200	100010	0	101134
9885	102947	59	141	761	0	103908
9886	856	102009	185	360	0	103410
9887	381	652	114	105976	0	107123
9888	296	211	145	105497	0	106149
9889	106266	134	112	967	0	107479
9890	897	152	104572	435	0	106056
9891	403	99678	799	891	0	101771
9892	322	705	214	108941	0	110182
9893	291	103829	253	825	0	105198
9894	251	708	129	109312	0	110400
9895	292	260	130	105843	0	106525
9896	238	180	123	107904	0	108445
9897	107629	160	107	1065	0	108961
9898	811	166	83	104793	0	105853
9899	106069	161	99	1000	0	107329
9900	103593	139	118	524	0	104374
9901	969	140	100	105258	0	106467
9902	105929	86	126	984	0	107125
9903	101747	131	118	514	0	102510
9904	1090	175	103665	382	0	105312
9905	463	168	735	97766	0	99132
9906	105645	134	253	903	0	106935
9907	849	96919	344	481	0	98593
9908	104748	715	136	372	0	105971
9909	104038	224	152	315	0	104729
9910	1086	242	99567	319	0	101214
9911	526	155	755	90715	0	92151
9912	105186	105	273	955	0	106519
9913	956	154	208	104335	0	105653
9914	473	119	190	104717	0	105499
9915	395	113	153	106470	0	107131
9916	320	110	175	110770	0	111375
9917	107331	86	180	1535	0	109132
9918	1309	150	108588	701	0	110748
9919	528	138	1128	112876	0	114670
9920	499	180	129879	1509	0	132067
9921	369	328	136767	736	0	138200
9922	134167	149	4738	618	0	139672
9923	4259	222	150896	442	0	155819
9924	1968	143891	4795	433	0	151087
9925	153774	4407	2286	277	0	160744
9926	154742	1986	967	247	0	157942
9927	6411	755	503	147510	0	155179
9928	2997	456	150774	4274	0	158501
9929	1329	502	148286	2149	0	152266
9930	147256	213	6282	961	0	154712
9931	4849	186	2821	155883	0	163739
9932	158136	158	1258	4679	0	164231
9933	5298	157750	930	2453	0	166431
9934	163924	4464	643	1024	0	170055
9935	161991	2194	538	613	0	165336
9936	7044	156265	548	617	0	164474
9937	3350	4676	372	159269	0	167667
9938	159184	2339	358	4860	0	166741
9939	5651	1083	154289	2474	0	163497
9940	2928	153975	4828	1172	0	162903
9941	1423	4956	2470	158165	0	167014
9942	158543	2288	1239	5000	0	167070
9943	5343	157025	877	2540	0	165785
9944	163720	5142	758	1092	0	170712
9945	6406	2755	156818	1086	0	167065
9946	156374	1282	5102	685	0	163443
9947	6762	896	160136	863	0	168657
9948	157104	691	5825	599	0	164219
9949	156643	499	2942	615	0	160699
9950	8262	592	149513	555	0	158922
9951	4051	148757	5586	706	0	159100
9952	2237	4915	2853	151281	0	161286
9953	1882	2646	151491	5142	0	161161
9954	1551	145692	5471	2818	0	155532
9955	1485	5436	2867	147068	0	156856
9956	1414	2873	1537	152279	0	158103
9957	1555	1418	144821	7534	0	155328
9958	1381	1057	5685	141065	0	149188
9959	1323	877	3094	149502	0	154796
9960	1416	823	143196	8083	0	153518
9961	1398	814	5867	139237	0	147316
9962	1274	141989	3435	6237	0	152935
9963	144808	5432	1896	3436	0	155572
9964	6008	2860	1667	139992	0	150527
9965	3541	143147	2002	5763	0	154453
9966	2430	6006	1849	133577	0	143862
9967	2210	144670	1862	5451	0	154193
9968	2430	6313	138643	2865	0	150251
9969	2131	143063	6061	2443	0	153698
9970	144406	6538	3477	1553	0	155974
9971	145263	3560	2191	1535	0	152549
9972	146940	2220	1893	1713	0	152766
9973	9434	1600	144293	1685	0	157012
9974	5092	2376	143077	1713	0	152258
9975	3340	150575	8759	1787	0	164461
9976	2735	6954	4536	144629	0	158854
9977	2731	158162	2756	6449	0	170098
9978	2754	8201	2188	140308	0	153451
9979	2714	157879	1967	6755	0	169315
9980	155833	8437	1767	3459	0	169496
9981	169783	4605	1601	2578	0	178567
9982	11383	2882	1636	171250	0	187151
9983	6461	2310	166437	8649	0	183857
9984	164403	2072	8210	4816	0	179501
9985	9695	169828	4595	3313	0	187431
9986	5755	8281	3099	166668	0	183803
9987	4216	4874	2263	164518	0	175871
9988	3331	171165	2113	10396	0	187005
9989	173874	9190	1996	5473	0	190533
9990	10078	5483	167705	3195	0	186461
9991	6220	3595	8407	170468	0	188690
9992	171937	2623	4747	8803	0	188110
9993	172945	2292	3315	4871	0	183423
9994	13063	169314	2693	3292	0	188362
9995	7106	8537	2847	164587	0	183077
9996	4607	171232	2441	9538	0	187818
9997	176904	9861	2289	5178	0	194232
9998	9908	5729	172210	3672	0	191519
9999	5627	4467	174240	3005	0	187339
10000	3959	3099	10950	167354	0	185362
10001	3156	2707	5947	168078	0	179888
10002	2912	170509	4038	11213	0	188672
10003	2721	8748	3128	176346	0	190943
10004	2792	4625	169746	11305	0	188468
10005	167912	3270	9261	6421	0	186864
10006	9065	2740	4830	176178	0	192813
10007	5191	2854	172754	10579	0	191378
10008	3771	2578	9061	176469	0	191879
10009	2802	2546	5153	171874	0	182375
10010	2574	174641	3454	12175	0	192844
10011	2383	9158	2594	178557	0	192692
10012	2128	5327	2543	177959	0	187957
10013	2006	3852	2364	181728	0	189950
10014	165673	3076	2499	14424	0	185672
10015	9069	161681	2110	7872	0	180732
10016	5221	166091	1845	5186	0	178343
10017	160533	10719	1858	3764	0	176874
10018	154966	5427	2024	3226	0	165643
10019	11207	148835	2257	2810	0	165109
10020	4710	136232	1552	1993	0	144487
10021	114050	6014	844	1335	0	122243
10022	5136	112472	771	1405	0	119784
10023	1932	105972	551	1144	0	109599
10024	102198	4944	977	1066	0	109185
10025	3786	102730	474	1141	0	108131
10026	102280	4680	521	1068	0	108549
10027	102183	2280	544	999	0	106006
10028	101822	1893	553	1028	0	105296
10029	5362	98233	629	1043	0	105267
10030	2936	102079	548	1029	0	106592
10031	2178	4592	338	98150	0	105258
10032	1665	100356	393	4087	0	106501
10033	1514	4672	422	101690	0	108298
10034	102102	2529	520	4587	0	109738
10035	4186	2011	578	101222	0	107997
10036	2216	98927	664	4893	0	106700
10037	98231	4186	572	2390	0	105379
10038	4437	96826	974	2114	0	104351
10039	2359	102350	452	1621	0	106782
10040	1857	6041	355	96534	0	104787
10041	1421	100028	445	3866	0	105760
10042	100478	4897	719	1926	0	108020
10043	4294	2517	95073	1885	0	103769
10044	2131	95444	3593	1624	0	102792
10045	1803	4075	1657	98105	0	105640
10046	1592	2290	95622	4368	0	103872
10047	1295	1913	3568	95338	0	102114
10048	1145	1678	1733	99106	0	103662
10049	1178	1413	1358	100168	0	104117
10050	1124	1270	1205	100844	0	104443
10051	1357	1142	93425	6286	0	102210
10052	1087	92383	3674	4054	0	101198
10053	94687	3803	1827	3251	0	103568
10054	3805	2204	92822	2481	0	101312
10055	92787	1925	3602	2170	0	100484
10056	4541	1621	94621	1810	0	102593
10057	2509	1406	4159	94814	0	102888
10058	2284	1283	94315	4320	0	102202
10059	1826	1269	96081	2479	0	101655
10060	1518	1218	4841	93767	0	101344
10061	1284	1370	2700	94550	0	99904
10062	1218	1395	1820	98928	0	103361
10063	1116	1424	1419	99434	0	103393
10064	96079	1286	1159	6357	0	104881
10065	3955	1267	92472	3980	0	101674
10066	94003	1282	3500	3071	0	101856
10067	97647	1228	1651	2449	0	102975
10068	98166	1392	1379	1995	0	102932
10069	98159	1480	967	1676	0	102282
10070	99219	1297	777	1604	0	102897
10071	6625	1271	662	94584	0	103142
10072	3978	1334	90452	4326	0	100090
10073	2905	1229	86301	2444	0	92879
10074	2128	88052	3667	2172	0	96019
10075	80744	3341	1577	2057	0	87719
10076	3231	1966	1027	77397	0	83621
10077	1852	1801	815	75309	0	79777
10078	1641	74022	618	3644	0	79925
10079	1576	74035	543	2276	0	78430
10080	1706	73565	365	1620	0	77256
10081	59478	1782	180	651	0	62091
10082	1430	1181	155	49927	0	52693
10083	509	49379	161	1143	0	51192
10084	335	1136	132	51029	0	52632
10085	356	543	51041	1241	0	53181
10086	367	359	52429	621	0	53776
10087	333	326	1282	57916	0	59857
10088	61229	613	499	1607	0	63948
10089	66922	300	257	807	0	68286
10090	67472	304	193	492	0	68461
10091	2610	320	65464	419	0	68813
10092	1107	359	1716	64125	0	67307
10093	619	394	771	68616	0	70400
10094	594	354	64353	2468	0	67769
10095	59961	380	1834	1116	0	63291
10096	2033	357	64917	761	0	68068
10097	965	292	63202	519	0	64978
10098	598	282	65419	452	0	66751
10099	434	223	2384	60728	0	63769
10100	332	211	1138	63755	0	65436
10101	358	249	64388	2288	0	67283
10102	310	197	1791	64823	0	67121
10103	65162	139	1074	2133	0	68508
10104	1674	149	572	66069	0	68464
10105	913	192	66353	2174	0	69632
10106	519	208	68248	1249	0	70224
10107	399	178	2368	66398	0	69343
10108	69435	185	1154	2039	0	72813
10109	2049	72055	684	1174	0	75962
10110	76939	1953	608	639	0	80139
10111	78189	916	584	613	0	80302
10112	3509	362	77857	592	0	82320
10113	1642	217	2576	77956	0	82391
10114	78764	201	1440	2809	0	83214
10115	77528	181	966	1601	0	80276
10116	3353	77682	763	975	0	82773
10117	1699	2072	701	78718	0	83190
10118	987	1008	640	82191	0	84826
10119	819	468	78504	3561	0	83352
10120	659	294	2560	78565	0	82078
10121	709	215	79317	3192	0	83433
10122	705	202	79433	1839	0	82179
10123	686	189	3425	79303	0	83603
10124	79454	134	1733	2837	0	84158
10125	2674	75656	1014	1821	0	81165
10126	77667	2127	874	1009	0	81677
10127	76995	1066	758	907	0	79726
10128	3548	75079	706	920	0	80253
10129	1890	2257	619	73224	0	77990
10130	73881	1247	508	2258	0	77894
10131	2977	73933	444	1328	0	78682
10132	73178	2230	456	746	0	76610
10133	2639	70149	495	710	0	73993
10134	1424	2057	811	66577	0	70869
10135	1016	1041	430	69469	0	71956
10136	67303	521	402	2825	0	71051
10137	66515	480	466	1463	0	68924
10138	2880	65899	476	1158	0	70413
10139	1427	1808	64321	926	0	68482
10140	879	966	63997	902	0	66744
10141	711	449	2734	59546	0	63440
10142	575	62705	1613	2052	0	66945
10143	558	1739	1072	65172	0	68541
10144	566	1226	872	64599	0	67263
10145	619	479	725	66460	0	68283
10146	675	494	63641	3146	0	67956
10147	718	747	62575	1701	0	65741
10148	777	63543	2698	1128	0	68146
10149	739	1998	1357	64048	0	68142
10150	737	1076	789	68496	0	71098
10151	857	641	65405	3015	0	69918
10152	57722	645	2258	1714	0	62339
10153	2368	442	1274	67090	0	71174
10154	1436	530	66505	2520	0	70991
10155	61446	422	2287	1704	0	65859
10156	2324	63901	1360	1765	0	69350
10157	1867	1981	66951	973	0	71772
10158	1123	1064	2311	67370	0	71868
10159	69515	695	1402	2514	0	74126
10160	2406	526	68623	1589	0	73144
10161	1380	390	2576	67871	0	72217
10162	858	445	1572	68624	0	71499
10163	707	495	1023	74364	0	76589
10164	72919	453	745	3814	0	77931
10165	2479	71925	726	2317	0	77447
10166	1321	2381	659	74447	0	78808
10167	910	1183	72442	3281	0	77816
10168	750	720	2750	70463	0	74683
10169	649	69559	1532	3086	0	74826
10170	712	74455	967	2326	0	78460
10171	72570	3164	697	1320	0	77751
10172	74182	1536	663	1144	0	77525
10173	3703	896	72162	958	0	77719
10174	70156	741	2543	987	0	74427
10175	3182	71738	1428	910	0	77258
10176	74031	2563	813	892	0	78299
10177	3156	1443	653	72872	0	78124
10178	1798	897	73152	2813	0	78660
10179	1198	814	2523	73385	0	77920
10180	1139	646	73079	3133	0	77997
10181	70363	558	2892	1846	0	75659
10182	2619	517	1500	73418	0	78054
10183	1434	75818	945	3217	0	81414
10184	962	2904	900	78532	0	83298
10185	987	1402	74751	4031	0	81171
10186	753	73601	2717	2046	0	79117
10187	67352	2385	1130	1162	0	72029
10188	2094	63782	781	822	0	67479
10189	745	60723	439	521	0	62428
10190	499	2451	352	58326	0	61628
10191	376	60226	335	2172	0	63109
10192	392	2193	216	61675	0	64476
10193	698	998	59012	2171	0	62879
10194	54384	652	1765	956	0	57757
10195	59763	468	777	601	0	61609
10196	2508	409	57717	442	0	61076
10197	56119	382	1800	426	0	58727
10198	2184	56297	808	437	0	59726
10199	59237	1884	447	423	0	61991
10200	2184	858	359	58168	0	61569
10201	976	558	58298	1955	0	61787
10202	616	59794	1808	980	0	63198
10203	434	1867	793	60832	0	63926
10204	538	890	478	62599	0	64505
10205	58697	505	300	2485	0	61987
10206	56150	378	301	1113	0	57942
10207	2252	55485	335	768	0	58840
10208	765	52024	260	426	0	53475
10209	426	50882	200	289	0	51797
10210	181	1577	83	48812	0	50653
10211	47685	360	688	1037	0	49770
10212	45995	193	80	307	0	46575
10213	1111	163	93	45489	0	46856
10214	347	150	73	46607	0	47177
10215	45464	136	63	1166	0	46829
10216	1032	138	62	45919	0	47151
10217	350	156	49384	1087	0	50977
10218	48613	132	861	351	0	49957
10219	50003	156	224	238	0	50621
10220	1169	167	50127	213	0	51676
10221	51101	115	845	167	0	52228
10222	1131	138	195	52722	0	54186
10223	386	123	132	52549	0	53190
10224	255	144	128	53663	0	54190
10225	52246	129	114	1294	0	53783
10226	950	52807	161	536	0	54454
10227	328	978	121	54799	0	56226
10228	268	51899	124	1606	0	53897
10229	53545	1061	130	348	0	55084
10230	1078	345	123	53782	0	55328
10231	439	215	117	53980	0	54751
10232	304	52137	160	1208	0	53809
10233	322	1039	53209	413	0	54983
10234	257	403	901	54325	0	55886
10235	55320	225	286	1161	0	56992
10236	59243	190	174	448	0	60055
10237	1720	208	62301	326	0	64555
10238	580	187	1597	63204	0	65568
10239	341	65231	572	1712	0	67856
10240	289	1743	303	68987	0	71322
10241	68068	548	174	2128	0	70918
10242	68573	371	171	758	0	69873
10243	2279	274	140	66097	0	68790
10244	853	65015	182	1934	0	67984
10245	73308	1800	120	656	0	75884
10246	1986	641	104	73396	0	76127
10247	73511	437	100	2041	0	76089
10248	77211	331	109	725	0	78376
10249	2391	260	87	76627	0	79365
10250	898	241	107	77179	0	78425
10251	587	190	100	79643	0	80520
10252	422	76327	145	2694	0	79588
10253	419	1893	113	79932	0	82357
10254	392	600	115	80307	0	81414
10255	408	444	75551	2680	0	79083
10256	399	354	72826	1043	0	74622
10257	305	225	2116	74644	0	77290
10258	74425	186	760	2248	0	77619
10259	1890	72876	439	1055	0	76260
10260	74671	1868	273	702	0	77514
10261	2286	660	75142	576	0	78664
10262	870	499	74042	765	0	76176
10263	552	72999	2085	506	0	76142
10264	1329	2567	1260	74339	0	79495
10265	299	578	74674	1668	0	77219
10266	279	385	75632	642	0	76938
10267	187	186	1835	75865	0	78073
10268	77608	126	720	2003	0	80457
10269	78331	119	391	703	0	79544
10270	1887	138	228	77000	0	79253
10271	794	193	82281	1726	0	84994
10272	478	143	1450	82842	0	84913
10273	301	177	557	82070	0	83105
10274	227	81379	430	1808	0	83844
10275	83024	1427	289	842	0	85582
10276	82729	481	246	572	0	84028
10277	1835	81375	261	998	0	84469
10278	789	1454	194	80507	0	82944
10279	497	80898	262	1500	0	83157
10280	83056	1607	253	598	0	85514
10281	1719	647	80443	500	0	83309
10282	698	501	76184	342	0	77725
10283	471	310	75258	277	0	76316
10284	262	161	1624	74790	0	76837
10285	213	157	719	76123	0	77212
10286	76685	131	429	1623	0	78868
10287	1248	140	257	75428	0	77073
10288	556	185	201	79355	0	80297
10289	460	143	83375	1760	0	85738
10290	332	258	78297	862	0	79749
10291	77653	143	1498	599	0	79893
10292	1236	79490	722	618	0	82066
10293	85153	1164	403	375	0	87095
10294	1470	480	284	84341	0	86575
10295	646	360	257	84339	0	85602
10296	544	82954	284	1600	0	85382
10297	387	1258	274	86141	0	88060
10298	84687	525	247	1629	0	87088
10299	1352	421	220	84105	0	86098
10300	668	312	82429	1708	0	85117
10301	520	77521	1323	909	0	80273
10302	81007	1223	551	691	0	83472
10303	82537	486	415	606	0	84044
10304	81857	413	311	540	0	83121
10305	83714	267	232	556	0	84769
10306	1942	264	245	81331	0	83782
10307	1004	248	238	83350	0	84840
10308	751	287	82197	1952	0	85187
10309	562	238	1206	80637	0	82643
10310	567	227	81226	1889	0	83909
10311	476	203	1363	80882	0	82924
10312	81320	260	598	1850	0	84028
10313	1344	82898	458	1132	0	85832
10314	709	1232	317	85149	0	87407
10315	554	614	317	87041	0	88526
10316	86280	408	373	1935	0	88996
10317	79116	283	391	1128	0	80918
10318	1827	268	78807	886	0	81788
10319	849	77313	1407	722	0	80291
10320	580	1291	649	78899	0	81419
10321	483	577	533	79393	0	80986
10322	78963	392	497	1855	0	81707
10323	76767	305	449	1053	0	78574
10324	1871	278	80000	759	0	82908
10325	958	292	78945	559	0	80754
10326	635	252	1779	75107	0	77773
10327	491	226	894	78714	0	80325
10328	516	275	77738	1896	0	80425
10329	73184	204	1518	1035	0	75941
10330	1521	204	726	79071	0	81522
10331	78806	203	588	1688	0	81285
10332	1595	76136	449	1082	0	79262
10333	80330	1233	359	825	0	82747
10334	1770	591	85199	699	0	88259
10335	818	80961	1390	798	0	83967
10336	515	80113	496	438	0	81562
10337	77370	1066	803	285	0	79524
10338	74172	214	127	187	0	74700
10339	631	144	124	72376	0	73275
10340	263	71589	166	558	0	72576
10341	195	73667	134	285	0	74281
10342	171	612	82	75811	0	76676
10343	75539	218	103	544	0	76404
10344	72432	147	114	270	0	72963
10345	616	151	68505	172	0	69444
10346	64150	85	353	124	0	64712
10347	449	68798	198	165	0	69610
10348	70393	612	96	108	0	71209
10349	894	88740	125	152	0	89911
10350	253	100745	154	151	0	101303
10351	1063	3688	65	121755	0	126571
10352	132046	1610	74	4014	0	137744
10353	136236	904	63	1733	0	138936
10354	6256	606	128511	1240	0	136613
10355	3120	320	4256	131175	0	138871
10356	134075	203	1714	5103	0	141095
10357	5730	114	1237	135173	0	142254
10358	136410	89	741	6026	0	143266
10359	137873	113	643	2648	0	141277
10360	7359	208	131982	2068	0	141617
10361	3955	142	4540	129027	0	137664
10362	2543	126	1849	135618	0	140136
10363	1778	92	1314	138311	0	141495
10364	1367	204	127316	7850	0	136737
10365	878	124	4913	129013	0	134928
10366	641	167	2095	127468	0	130371
10367	453	124213	1611	7616	0	133893
10368	713	4613	118078	4210	0	127614
10369	310	125973	4785	2871	0	133939
10370	126181	5744	1996	1947	0	135868
10371	4804	2591	1446	119675	0	128516
10372	2169	2076	940	117424	0	122609
10373	1739	120249	753	6186	0	128927
10374	119873	5384	543	3200	0	129000
10375	122847	2316	415	2304	0	127882
10376	6820	117846	418	1867	0	126951
10377	3725	123309	303	2064	0	129401
10378	124236	6642	294	1052	0	132224
10379	6494	3412	119214	857	0	129977
10380	3366	2369	119292	814	0	125841
10381	115775	1654	6159	692	0	124280
10382	5675	120178	3211	862	0	129926
10383	124156	5268	2135	770	0	132329
10384	6733	2634	121789	831	0	131987
10385	121752	1916	5451	866	0	129985
10386	7007	126508	2599	961	0	137075
10387	3572	5563	1899	128602	0	139636
10388	3085	2544	1271	130640	0	137540
10389	2244	1907	1135	126172	0	131458
10390	2011	1218	838	128376	0	132443
10391	1555	1194	763	124621	0	128133
10392	1528	120104	639	9749	0	132020
10393	123693	5122	631	5612	0	135058
10394	6063	2524	119248	4148	0	131983
10395	3233	1890	4944	125150	0	135217
10396	2589	1411	122679	7275	0	133954
10397	1923	1378	6415	124036	0	133752
10398	1866	998	3183	129058	0	135105
10399	124160	869	2706	8717	0	136452
10400	5951	992	121327	5311	0	133581
10401	2904	119651	6098	4481	0	133134
10402	2478	5348	2881	123203	0	133910
10403	1951	2666	2331	130287	0	137235
10404	1875	2290	123921	8076	0	136162
10405	1662	1647	5842	124777	0	133928
10406	1457	1766	2739	131708	0	137670
10407	120984	1282	2038	9299	0	133603
10408	5404	122286	1513	5769	0	134972
10409	125251	5656	1220	4214	0	136341
10410	128610	2916	883	3392	0	135801
10411	8215	2412	833	124809	0	136269
10412	4939	1990	121190	6891	0	135010
10413	3707	1983	123019	3717	0	132426
10414	3032	1692	7163	122063	0	133950
10415	2612	1342	4014	119048	0	127016
10416	1975	120682	3179	7989	0	133825
10417	121041	5493	2421	4659	0	133614
10418	6265	120034	2284	3701	0	132284
10419	3511	126307	1704	3096	0	134618
10420	124765	7826	1495	2625	0	136711
10421	6941	4648	1117	122470	0	135176
10422	4051	131242	1009	6872	0	143174
10423	3084	6960	1074	134891	0	146009
10424	2265	3707	126204	8414	0	140590
10425	2025	2946	128920	5104	0	138995
10426	1532	2569	7001	131303	0	142405
10427	1488	1756	130998	8607	0	142849
10428	1318	1462	7350	131371	0	141501
10429	1294	1277	3973	133743	0	140287
10430	1217	1142	3333	138636	0	144328
10431	127874	1144	2500	10605	0	142123
10432	5572	122639	2243	6399	0	136853
10433	2921	127857	1649	5128	0	137555
10434	121388	7041	1382	3984	0	133795
10435	125925	3900	1175	3462	0	134462
10436	7790	3102	1130	123170	0	135192
10437	4455	2566	121432	6929	0	135382
10438	3347	2160	5234	124540	0	135281
10439	2642	1808	122632	7855	0	134937
10440	2109	122168	6400	4596	0	135273
10441	1838	5636	3172	129535	0	140181
10442	131297	2893	2704	7580	0	144474
10443	5933	2510	2021	134947	0	145411
10444	3389	1897	128185	7852	0	141323
10445	124220	1711	6783	4531	0	137245
10446	6769	1515	130479	3782	0	142545
10447	4511	1336	131007	2864	0	139718
10448	2868	126334	8085	2966	0	140253
10449	1629	108099	3301	1873	0	114902
10450	1149	101741	2227	1789	0	106906
10451	75264	2761	2665	2043	0	82733
10452	68639	161	504	210	0	69514
10453	355	126	79	70578	0	71138
10454	156	92	86	71599	0	71933
10455	141	93	56	73899	0	74189
10456	125	70526	104	502	0	71257
10457	75012	339	71	223	0	75645
10458	381	71478	126	225	0	72210
10459	169	373	86	75764	0	76392
10460	74749	135	86	447	0	75417
10461	372	128	106	72873	0	73479
10462	163	110	105	74716	0	75094
10463	76220	94	115	530	0	76959
10464	71220	98	141	301	0	71760
10465	532	124	73768	190	0	74614
10466	258	148	71200	152	0	71758
10467	199	167	74132	167	0	74665
10468	138	131	611	72012	0	72892
10469	147	131	198	75323	0	75799
10470	104	74564	203	630	0	75501
10471	79909	583	136	258	0	80886
10472	581	196	100	79351	0	80228
10473	199	154	106	80468	0	80927
10474	173	79900	142	840	0	81055
10475	113	84517	144	430	0	85204
10476	138	742	99	88244	0	89223
10477	138	293	69	97988	0	98488
10478	98080	198	89	1617	0	99984
10479	95798	152	88	674	0	96712
10480	1785	146	67	96098	0	98096
10481	777	165	95790	1651	0	98383
10482	496	254	91817	676	0	93243
10483	334	121	1746	94376	0	96577
10484	298	103	665	92797	0	93863
10485	215	90724	478	2305	0	93722
10486	91972	1383	300	787	0	94442
10487	1463	464	223	92058	0	94208
10488	561	347	91451	1763	0	94122
10489	348	226	1467	91569	0	93610
10490	310	230	91967	1970	0	94477
10491	334	244	90510	769	0	91857
10492	449	142	2203	91646	0	94440
10493	93564	66	721	1761	0	96112
10494	1531	110	92226	745	0	94612
10495	500	86	1560	89089	0	91235
10496	406	99	95860	1643	0	98008
10497	215	79	1605	94181	0	96080
10498	203	126	590	95541	0	96460
10499	321	135	94968	2096	0	97520
10500	334	174	90114	938	0	91560
10501	267	125	1896	84397	0	86685
10502	174	83	797	93493	0	94547
10503	159	74	649	95005	0	95887
10504	131	84	461	93849	0	94525
10505	92554	58	426	2306	0	95344
10506	92064	107	368	1090	0	93629
10507	1767	88673	426	1011	0	91877
10508	94979	1301	290	681	0	97251
10509	1666	442	379	93595	0	96082
10510	95017	264	361	1827	0	97469
10511	1772	217	91166	933	0	94088
10512	90333	145	1596	728	0	92802
10513	1729	169	689	90310	0	92897
10514	797	102	478	94081	0	95458
10515	94085	80	410	2281	0	96856
10516	1769	105	351	99225	0	101450
10517	759	163	107192	2745	0	110859
10518	105325	120	2222	1331	0	108998
10519	2462	109371	973	1118	0	113924
10520	934	2205	565	121826	0	125530
10521	884	810	131986	3339	0	137019
10522	529	502	3517	130605	0	135153
10523	531	415	128623	4635	0	134204
10524	428	224	4086	130221	0	134959
10525	414	127942	1518	4575	0	134449
10526	414	3618	925	132163	0	137120
10527	450	134914	714	4703	0	140781
10528	458	4712	509	136537	0	142216
10529	493	1436	428	148180	0	150537
10530	534	819	477	149875	0	151705
10531	656	508	523	149522	0	151209
10532	684	363	549	152334	0	153930
10533	685	536	139334	7660	0	148215
10534	500	378	4688	143928	0	149494
10535	366	342	1830	147635	0	150173
10536	142125	315	1371	7273	0	151084
10537	4511	137574	996	3812	0	146893
10538	141161	4784	784	2579	0	149308
10539	5568	1727	714	142680	0	150689
10540	2112	1405	134319	6306	0	144142
10541	1156	137947	4853	3349	0	147305
10542	135072	5004	1885	2538	0	144499
10543	4850	133730	1447	2268	0	142295
10544	1662	139438	1024	2138	0	144262
10545	136304	6299	700	2117	0	145420
10546	5194	2620	666	146627	0	155107
10547	144972	1527	763	6935	0	154197
10548	6204	901	790	142988	0	150883
10549	2377	754	139294	7913	0	150338
10550	1559	793	138616	3836	0	144804
10551	133043	664	6751	3095	0	143553
10552	141976	633	2851	2338	0	147798
10553	7252	685	1861	135555	0	145353
10554	3033	760	1231	140361	0	145385
10555	132231	738	973	8297	0	142239
10556	6104	128263	851	4277	0	139495
10557	2647	135176	775	3101	0	141699
10558	132353	6940	711	2278	0	142282
10559	134150	2885	778	1951	0	139764
10560	7531	131844	848	1825	0	142048
10561	3609	6103	657	134242	0	144611
10562	2601	2584	128717	6670	0	140572
10563	1898	1893	131325	3239	0	138355
10564	129073	1185	7173	2421	0	139852
10565	6744	1030	131278	2107	0	141159
10566	3064	896	6383	126316	0	136659
10567	2280	859	2600	127529	0	133268
10568	1823	128214	1817	7676	0	139530
10569	130004	5754	1352	3775	0	140885
10570	6492	2421	1120	129231	0	139264
10571	3171	1947	121361	7622	0	134101
10572	2348	124794	5399	3745	0	136286
10573	1884	5866	2075	127023	0	136848
10574	1728	2578	121528	7030	0	132864
10575	1650	1980	118528	3638	0	125796
10576	1301	118013	6929	3057	0	129300
10577	107603	5096	2633	1985	0	117317
10578	5013	110926	1869	1890	0	119698
10579	112340	5535	1378	1775	0	121028
10580	5838	2359	107818	1954	0	117969
10581	106268	1660	4858	1996	0	114782
10582	5559	107788	2190	1887	0	117424
10583	2510	5132	1552	108540	0	117734
10584	1836	2353	1237	114671	0	120097
10585	110889	1715	1218	7054	0	120876
10586	5366	1432	106694	3704	0	117196
10587	108871	1374	4940	2846	0	118031
10588	113043	1325	2210	2372	0	118950
10589	6697	1261	105753	2267	0	115978
10590	3115	1237	107989	2149	0	114490
10591	2267	1329	6295	106263	0	116154
10592	107159	1379	2855	6054	0	117447
10593	108232	1315	1948	3137	0	114632
10594	6649	106157	1530	2607	0	116943
10595	3399	5354	1311	109103	0	119167
10596	2554	2340	1186	109769	0	115849
10597	2162	1792	1158	111156	0	116268
10598	1935	1493	1129	113733	0	118290
10599	107121	1328	1186	8001	0	117636
10600	5973	1263	1198	111401	0	119835
10601	3187	1324	104394	6892	0	115797
10602	2759	1334	104630	3231	0	111954
10603	101183	1217	6122	2533	0	111055
10604	6179	101828	2955	1981	0	112943
10605	3310	107323	2176	1745	0	114554
10606	2807	6190	1740	106125	0	116862
10607	2351	2778	1494	110456	0	117079
10608	2173	1854	1336	109282	0	114645
10609	2007	1509	1261	113286	0	118063
10610	1985	1343	104951	8160	0	116439
10611	1901	1208	4944	108700	0	116753
10612	1966	1386	2176	112539	0	118067
10613	1916	1290	102374	7683	0	113263
10614	98750	1074	5241	4031	0	109096
10615	5617	103435	2557	3214	0	114823
10616	97931	4221	1743	2346	0	106241
10617	5244	1639	88574	1902	0	97359
10618	2332	1141	85697	1718	0	90888
10619	1726	81663	4610	1486	0	89485
10620	69440	5195	7237	1232	0	83104
10621	61143	1086	1419	792	0	64440
10622	61538	823	603	769	0	63733
10623	3162	58580	507	899	0	63148
10624	59159	2158	444	735	0	62496
10625	2821	991	57819	657	0	62288
10626	1196	55843	2052	1635	0	60726
10627	54085	1648	831	566	0	57130
10628	1856	54449	669	542	0	57516
10629	51545	1536	343	361	0	53785
10630	50775	580	343	317	0	52015
10631	1922	489	49542	271	0	52224
10632	939	49968	1418	341	0	52666
10633	50782	1347	622	306	0	53057
10634	1687	596	50475	289	0	53047
10635	773	49768	1442	361	0	52344
10636	585	1510	500	50278	0	52873
10637	486	569	50512	1336	0	52903
10638	438	462	48619	515	0	50034
10639	366	926	1403	47682	0	50377
10640	47431	241	618	1287	0	49577
10641	1245	44782	425	1029	0	47481
10642	573	983	46429	447	0	48432
10643	486	466	46072	300	0	47324
10644	43393	605	1510	250	0	45758
10645	1213	47166	714	247	0	49340
10646	39683	451	176	73	0	40383
10647	539	37895	136	110	0	38680
10648	40015	480	135	86	0	40716
10649	38477	188	105	81	0	38851
10650	601	37364	124	115	0	38204
10651	282	457	110	38889	0	39738
10652	41135	185	299	464	0	42083
10653	581	158	123	41335	0	42197
10654	213	122	156	45719	0	46210
10655	45924	96	157	877	0	47054
10656	814	44694	164	327	0	45999
10657	47820	827	122	211	0	48980
10658	987	277	45893	118	0	47275
10659	288	176	829	46312	0	47605
10660	234	135	241	45824	0	46434
10661	45119	127	181	970	0	46397
10662	45685	156	123	339	0	46303
10663	1020	122	137	45389	0	46668
10664	374	182	45976	900	0	47432
10665	301	133	797	45623	0	46854
10666	250	137	206	46553	0	47146
10667	284	161	172	46833	0	47450
10668	204	217	102	46878	0	47401
10669	46154	133	98	1135	0	47520
10670	1047	140	44867	395	0	46449
10671	341	43729	859	335	0	45264
10672	309	870	225	44739	0	46143
10673	290	250	195	46666	0	47401
10674	290	208	45593	1132	0	47223
10675	223	226	45185	466	0	46100
10676	215	132	1013	46531	0	47891
10677	220	122	358	47633	0	48333
10678	294	134	45961	1261	0	47650
10679	237	139	1031	45634	0	47041
10680	45439	133	324	1240	0	47136
10681	1050	46930	318	978	0	49276
10682	415	974	48043	424	0	49856
10683	345	48362	1022	325	0	50054
10684	347	1225	307	49756	0	51635
10685	322	376	49719	1074	0	51491
10686	317	48717	1043	490	0	50567
10687	205	918	322	50429	0	51874
10688	280	275	50486	1063	0	52104
10689	246	245	928	49813	0	51232
10690	249	158	303	51742	0	52452
10691	51539	140	257	1328	0	53264
10692	1087	169	176	51901	0	53333
10693	52457	149	195	1308	0	54109
10694	49779	135	231	538	0	50683
10695	49771	171	219	461	0	50622
10696	1257	187	208	48307	0	49959
10697	507	152	47342	1174	0	49175
10698	312	207	45502	539	0	46560
10699	46152	99	1153	494	0	47898
10700	1044	155	46612	382	0	48193
10701	44375	107	981	366	0	45829
10702	1098	45490	447	377	0	47412
10703	47541	1260	302	353	0	49456
10704	1142	306	48232	360	0	50040
10705	465	224	50866	362	0	51917
10706	332	651	1181	49172	0	51336
10707	265	173	53385	1467	0	55290
10708	241	149	53929	590	0	54909
10709	281	127	1538	57539	0	59485
10710	225	170	616	58611	0	59622
10711	213	170	343	60869	0	61595
10712	216	60692	318	2346	0	63572
10713	258	1683	225	60271	0	62437
10714	212	61984	324	1973	0	64493
10715	62098	1775	313	811	0	64997
10716	61218	598	273	636	0	62725
10717	2134	348	265	59236	0	61983
10718	825	58096	388	1929	0	61238
10719	500	1729	60422	797	0	63448
10720	61146	472	1944	590	0	64152
10721	2029	358	749	61652	0	64788
10722	690	210	511	62229	0	63640
10723	420	239	365	65081	0	66105
10724	61761	213	330	2782	0	65086
10725	2064	59042	319	1178	0	62603
10726	716	61983	324	730	0	63753
10727	59211	2314	275	444	0	62244
10728	1933	60108	262	448	0	62751
10729	60011	2134	292	393	0	62830
10730	60159	772	281	367	0	61579
10731	2381	58671	294	480	0	61826
10732	908	1980	273	57554	0	60715
10733	485	58563	282	2107	0	61437
10734	386	2074	249	58933	0	61642
10735	382	728	188	63084	0	64382
10736	61930	489	176	2953	0	65548
10737	64773	351	228	1191	0	66543
10738	2952	346	183	64586	0	68067
10739	1279	367	61770	2660	0	66076
10740	60556	319	2203	1084	0	64162
10741	2547	61824	838	800	0	66009
10742	975	2282	560	62849	0	66666
10743	732	846	385	64560	0	66523
10744	543	613	357	65615	0	67128
10745	60705	411	264	3506	0	64886
10746	60965	420	253	1657	0	63295
10747	2946	57945	292	1144	0	62327
10748	1315	60297	292	797	0	62701
10749	865	2812	279	58664	0	62620
10750	697	1199	266	61081	0	63243
10751	612	754	58795	3135	0	63296
10752	473	506	2228	58378	0	61585
10753	517	394	56852	3131	0	60894
10754	431	322	52183	1276	0	54212
10755	402	50841	2495	1518	0	55256
10756	798	2047	969	52688	0	56502
10757	53250	816	519	2418	0	57003
10758	2199	574	300	53840	0	56913
10759	1042	473	52477	2604	0	56596
10760	51580	463	1917	1177	0	55137
10761	53915	359	723	849	0	55846
10762	2880	414	50596	651	0	54541
10763	1270	359	2000	52755	0	56384
10764	51890	273	826	2426	0	55415
10765	2408	51015	594	1151	0	55168
10766	53880	2136	406	948	0	57370
10767	55219	858	397	822	0	57296
10768	2955	630	336	53538	0	57459
10769	1382	451	291	56755	0	58879
10770	55985	466	341	3104	0	59896
10771	2683	362	305	57795	0	61145
10772	1249	399	55583	3096	0	60327
10773	54090	380	2259	1453	0	58182
10774	55978	349	835	1052	0	58214
10775	3067	53642	560	876	0	58145
10776	1295	55372	388	788	0	57843
10777	937	2757	308	53276	0	57278
10778	741	54505	287	2534	0	58067
10779	693	2613	234	56218	0	59758
10780	54601	1029	254	3052	0	58936
10781	52367	682	288	1419	0	54756
10782	3074	50520	324	1100	0	55018
10783	50218	2411	345	791	0	53765
10784	2904	51271	333	774	0	55282
10785	51129	2585	345	699	0	54758
10786	52588	1073	365	740	0	54766
10787	3363	757	49379	771	0	54270
10788	49708	570	2201	649	0	53128
10789	3021	47970	825	1021	0	52837
10790	1411	50866	517	718	0	53512
10791	51277	2861	374	646	0	55158
10792	3014	1214	271	50292	0	54791
10793	1422	820	48246	2627	0	53115
10794	1125	696	2141	49196	0	53158
10795	899	566	760	52184	0	54409
10796	861	530	48281	3248	0	52920
10797	46645	497	2265	1506	0	50913
10798	2743	48341	861	1120	0	53065
10799	48693	2330	563	804	0	52390
10800	2967	970	392	48183	0	52512
10801	49201	689	366	2603	0	52859
10802	2958	48552	292	1235	0	53037
10803	1465	2337	302	49044	0	53148
10804	48392	964	328	2736	0	52420
10805	2860	707	44095	1340	0	49002
10806	1272	560	42096	949	0	44877
10807	38871	596	2750	746	0	42963
10808	2335	39337	945	670	0	43287
10809	835	33916	432	557	0	35740
10810	734	1891	406	31649	0	34680
10811	600	32321	427	1548	0	34896
10812	568	1609	215	32584	0	34976
10813	546	666	226	33562	0	35000
10814	517	413	297	32762	0	33989
10815	508	31006	311	1974	0	33799
10816	481	1418	304	31548	0	33751
10817	567	620	29471	1722	0	32380
10818	555	29781	1236	739	0	32311
10819	466	1193	328	25541	0	27528
10820	414	26534	297	1127	0	28372
10821	26806	1255	198	527	0	28786
10822	27015	523	212	483	0	28233
10823	27099	398	223	433	0	28153
10824	1599	26443	240	360	0	28642
10825	797	1125	196	27224	0	29342
10826	672	525	26488	1190	0	28875
10827	530	506	26496	526	0	28058
10828	25592	423	1166	701	0	27882
10829	26841	393	617	397	0	28248
10830	1368	369	278	26742	0	28757
10831	737	309	191	29021	0	30258
10832	591	328	27746	1570	0	30235
10833	443	26776	1081	812	0	29112
10834	470	27996	480	659	0	29605
10835	430	1461	25854	386	0	28131
10836	365	827	1063	24348	0	26603
10837	367	344	251	23277	0	24239
10838	315	311	161	24849	0	25636
10839	344	280	159	25323	0	26106
10840	24882	288	137	1079	0	26386
10841	1028	289	23344	439	0	25100
10842	23767	315	768	276	0	25126
10843	1063	293	235	24155	0	25746
10844	24148	291	187	904	0	25530
10845	1034	293	175	24298	0	25800
10846	477	296	24241	996	0	26010
10847	398	248	777	24932	0	26355
10848	357	260	25147	1032	0	26796
10849	319	206	769	25270	0	26564
10850	359	205	25988	957	0	27509
10851	263	24410	684	432	0	25789
10852	242	726	266	25525	0	26759
10853	257	338	155	25243	0	25993
10854	196	25567	181	840	0	26784
10855	25933	737	180	420	0	27270
10856	727	317	150	26190	0	27384
10857	310	212	185	25470	0	26177
10858	25313	178	159	1002	0	26652
10859	25123	171	185	546	0	26025
10860	27211	191	194	299	0	27895
10861	27380	193	169	310	0	28052
10862	1089	207	25695	295	0	27286
10863	26395	186	668	283	0	27532
10864	27590	195	276	295	0	28356
10865	915	185	146	26582	0	27828
10866	420	122	152	26110	0	26804
10867	25551	132	142	980	0	26805
10868	739	24463	200	460	0	25862
10869	298	606	136	24897	0	25937
10870	172	226	25123	660	0	26181
10871	104	23693	438	281	0	24516
10872	23840	360	111	135	0	24446
10873	24123	145	46	133	0	24447
10874	23933	81	41	109	0	24164
10875	23708	41	45	94	0	23888
10876	490	50	41	23223	0	23804
10877	205	68	22822	398	0	23493
10878	138	72	23799	160	0	24169
10879	90	59	419	25961	0	26529
10880	27090	39	177	456	0	27762
10881	538	29	78	26930	0	27575
10882	216	39	26775	566	0	27596
10883	27197	20	499	210	0	27926
10884	26962	29	161	151	0	27303
10885	634	37	82	28129	0	28882
10886	491	37	28675	562	0	29765
10887	129	37	28417	175	0	28758
10888	27018	22	547	109	0	27696
10889	489	27393	199	139	0	28220
10890	202	440	28474	84	0	29200
10891	116	110	451	27643	0	28320
10892	28534	47	149	491	0	29221
10893	508	26987	115	208	0	27818
10894	178	27620	107	121	0	28026
10895	28364	514	80	105	0	29063
10896	503	155	94	28258	0	29010
10897	32093	83	65	514	0	32755
10898	710	49	80	32138	0	32977
10899	199	65	51	33203	0	33518
10900	171	73	31712	869	0	32825
10901	146	113	29021	269	0	29549
10902	152	89	32661	138	0	33040
10903	134	59	891	32340	0	33424
10904	33415	40	259	852	0	34566
10905	900	57	32808	299	0	34064
10906	294	36	803	32885	0	34018
10907	214	325	33060	893	0	34492
10908	139	33139	852	329	0	34459
10909	154	797	283	34110	0	35344
10910	135	203	181	34580	0	35099
10911	132	84	140	35007	0	35363
10912	34082	49	144	1163	0	35438
10913	901	62	150	34303	0	35416
10914	288	81	124	35062	0	35555
10915	34442	55	126	1146	0	35769
10916	943	86	33261	420	0	34710
10917	33274	59	865	296	0	34494
10918	34165	59	272	223	0	34719
10919	1130	100	33237	234	0	34701
10920	31323	83	883	226	0	32515
10921	1032	60	307	33036	0	34435
10922	387	51	34377	937	0	35752
10923	34756	43	857	364	0	36020
10924	37137	52	303	249	0	37741
10925	1163	35	178	36021	0	37397
10926	457	29	164	37227	0	37877
10927	287	34	163	37897	0	38381
10928	36507	40	164	1230	0	37941
10929	998	35709	171	515	0	37393
10930	35822	802	173	323	0	37120
10931	1000	33339	208	256	0	34803
10932	340	33276	211	264	0	34091
10933	251	1219	167	33881	0	35518
10934	236	319	653	34226	0	35434
10935	231	112	125	33671	0	34139
10936	226	85	157	33999	0	34467
10937	222	110	32962	1153	0	34447
10938	32126	78	812	446	0	33462
10939	906	115	270	34343	0	35634
10940	388	104	34640	969	0	36101
10941	237	103	816	35056	0	36212
10942	231	103	268	36259	0	36861
10943	233	122	37142	1145	0	38642
10944	238	105	794	36618	0	37755
10945	200	96	288	37437	0	38021
10946	36465	69	202	1402	0	38138
10947	1066	99	36097	513	0	37775
10948	33874	68	803	372	0	35117
10949	892	36155	355	382	0	37784
10950	36577	798	243	359	0	37977
10951	36421	201	235	300	0	37157
10952	1050	95	198	35239	0	36582
10953	407	78	35041	1093	0	36619
10954	301	36334	912	446	0	37993
10955	237	943	304	37102	0	38586
10956	245	40089	224	1011	0	41569
10957	41422	1227	194	453	0	43296
10958	1408	304	40332	366	0	42410
10959	460	209	41083	313	0	42065
10960	248	149	1282	39092	0	40771
10961	279	138	41562	1396	0	43375
10962	267	145	1186	42279	0	43877
10963	208	160	336	43002	0	43706
10964	42631	107	230	1596	0	44564
10965	1247	42161	236	617	0	44261
10966	400	1162	250	44027	0	45839
10967	320	249	234	44886	0	45689
10968	225	181	276	44796	0	45478
10969	257	41280	288	1630	0	43455
10970	234	42130	251	615	0	43230
10971	41936	1309	231	465	0	43941
10972	42864	323	233	434	0	43854
10973	42803	198	183	390	0	43574
10974	1611	166	41389	381	0	43547
10975	425	146	1193	41201	0	42965
10976	323	200	41204	1550	0	43277
10977	294	40290	1174	624	0	42382
10978	40848	1193	421	379	0	42841
10979	1383	280	39452	334	0	41449
10980	427	168	1060	38993	0	40648
10981	313	159	40813	1260	0	42545
10982	38248	115	1076	420	0	39859
10983	40568	121	336	357	0	41382
10984	40751	131	227	281	0	41390
10985	39202	149	232	252	0	39835
10986	1366	132	40170	298	0	41966
10987	38822	133	1023	275	0	40253
10988	40700	127	339	246	0	41412
10989	1249	38991	236	318	0	40794
10990	40511	986	213	240	0	41950
10991	40799	237	183	298	0	41517
10992	1355	164	192	38212	0	39923
10993	476	39899	213	1005	0	41593
10994	42126	1012	140	400	0	43678
10995	44794	255	170	312	0	45531
10996	1606	222	51110	309	0	53247
10997	521	129	49084	150	0	49884
10998	346	151	50863	177	0	51537
10999	245	213	1996	49593	0	52047
11000	50137	1073	780	1547	0	53537
11001	1567	51087	420	639	0	53713
11002	49941	1425	219	347	0	51932
11003	1648	50480	199	222	0	52549
11004	50666	1627	158	141	0	52592
11005	1629	50036	204	191	0	52060
11006	616	52372	191	179	0	53358
11007	51799	1734	141	97	0	53771
11008	1455	51223	139	130	0	52947
11009	548	1620	126	52123	0	54417
11010	486	593	52107	1374	0	54560
11011	355	418	52201	463	0	53437
11012	208	270	1773	50872	0	53123
11013	205	188	684	54334	0	55411
11014	236	196	53332	1882	0	55646
11015	217	203	1445	52111	0	53976
11016	221	157	472	56029	0	56879
11017	54824	169	385	1977	0	57355
11018	1523	53583	262	928	0	56296
11019	524	1549	240	52489	0	54802
11020	397	56241	300	1438	0	58376
11021	57251	1730	247	533	0	59761
11022	1512	55515	266	487	0	57780
11023	56510	1749	196	289	0	58744
11024	56191	627	150	261	0	57229
11025	2111	480	138	54606	0	57335
11026	901	332	145	54998	0	56376
11027	611	279	189	56228	0	57307
11028	334	275	230	56683	0	57522
11029	320	329	53488	2367	0	56504
11030	48602	268	1549	1001	0	51420
11031	1629	52631	585	643	0	55488
11032	694	1635	375	55702	0	58406
11033	565	590	262	56495	0	57912
11034	397	55313	269	2091	0	58070
11035	55842	1721	297	914	0	58774
11036	1694	55366	275	697	0	58032
11037	690	1905	247	56387	0	59229
11038	545	742	220	57803	0	59310
11039	430	550	166	58113	0	59259
11040	401	418	167	57505	0	58491
11041	55344	360	169	2570	0	58443
11042	1925	342	53262	1102	0	56631
11043	719	369	1651	52399	0	55138
11044	592	321	706	54269	0	55888
11045	410	341	596	55201	0	56548
11046	392	268	423	55410	0	56493
11047	52619	242	320	2788	0	55969
11048	2009	306	51763	1281	0	55359
11049	820	283	1548	49993	0	52644
11050	656	49289	605	1939	0	52489
11051	495	52678	430	930	0	54533
11052	52006	2063	247	764	0	55080
11053	1908	1007	51548	541	0	55004
11054	48131	728	1370	404	0	50633
11055	2036	533	51169	429	0	54167
11056	715	313	1259	47849	0	50136
11057	50119	273	548	1471	0	52411
11058	1240	50020	531	913	0	52704
11059	532	1253	390	48438	0	50613
11060	443	48368	397	1374	0	50582
11061	49590	1435	262	796	0	52083
11062	48648	576	329	735	0	50288
11063	1621	414	249	48101	0	50385
11064	915	344	47311	1661	0	50231
11065	672	361	46463	920	0	48416
11066	452	383	1415	47129	0	49379
11067	351	47188	734	1443	0	49716
11068	345	1483	376	50568	0	52772
11069	393	788	170	49865	0	51216
11070	409	652	120	50233	0	51414
11071	480	438	48399	2174	0	51491
11072	430	268	1135	48230	0	50063
11073	289	245	544	49559	0	50637
11074	227	46932	527	2106	0	49792
11075	166	1440	309	48171	0	50086
11076	170	483	251	51062	0	51966
11077	236	362	280	51619	0	52497
11078	301	216	281	51479	0	52277
11079	277	209	213	50699	0	51398
11080	255	248	195	51017	0	51715
11081	234	299	177	49412	0	50122
11082	237	379	123	49251	0	49990
11083	325	441	45548	2249	0	48563
11084	360	420	1086	46993	0	48859
11085	46210	315	460	2012	0	48997
11086	1392	190	362	45829	0	47773
11087	732	194	46920	2041	0	49887
11088	44064	187	1261	1174	0	46686
11089	47701	189	553	969	0	49412
11090	47917	227	443	725	0	49312
11091	48189	238	261	737	0	49425
11092	1979	173	204	48546	0	50902
11093	990	189	45292	1875	0	48346
11094	656	42704	1228	1144	0	45732
11095	393	42721	558	1007	0	44679
11096	276	1014	984	34305	0	36579
11097	67	147	64	34314	0	34592
11098	92	105	59	33640	0	33896
11099	71	81	49	34701	0	34902
11100	67	57	53	40086	0	40263
11101	45031	50	44	1099	0	46224
11102	1161	43635	72	545	0	45413
11103	482	45539	82	314	0	46417
11104	303	2122	77	47042	0	49544
11105	150	727	66	48704	0	49647
11106	122	319	56	47541	0	48038
11107	121	118	40	47107	0	47386
11108	141	160	42404	2432	0	45137
11109	122	41489	1320	1193	0	44124
11110	121	1241	485	44103	0	45950
11111	42356	530	277	1555	0	44718
11112	1276	347	107	43475	0	45205
11113	610	221	42680	1835	0	45346
11114	373	258	41135	883	0	42649
11115	195	243	43309	678	0	44425
11116	119	145	1879	42765	0	44908
11117	44832	130	835	1673	0	47470
11118	1271	128	389	45442	0	47230
11119	583	110	206	46524	0	47423
11120	44032	126	195	2144	0	46497
11121	1399	125	168	44243	0	45935
11122	661	109	182	45240	0	46192
11123	454	158	45432	2136	0	48180
11124	207	44384	1406	1183	0	47180
11125	171	1266	678	48895	0	51010
11126	47578	523	461	1762	0	50324
11127	1360	303	286	49020	0	50969
11128	705	151	47022	2040	0	49918
11129	469	255	1366	47386	0	49476
11130	240	46906	655	2031	0	49832
11131	276	1306	383	50460	0	52425
11132	298	640	47758	2049	0	50745
11133	174	49843	1407	1147	0	52571
11134	163	1580	612	52549	0	54904
11135	147	766	420	60220	0	61553
11136	126	479	251	62062	0	62918
11137	145	211	191	63465	0	64012
11138	210	238	57464	3833	0	61745
11139	126	57701	2182	1844	0	61853
11140	60610	2198	905	1121	0	64834
11141	62670	913	537	757	0	64877
11142	2967	587	290	62098	0	65942
11143	1255	330	60773	2787	0	65145
11144	59726	251	2358	1328	0	63663
11145	2468	251	996	63192	0	66907
11146	1036	236	65005	2926	0	69203
11147	644	159	2399	65940	0	69142
11148	923	171	1020	67306	0	69420
11149	319	147	630	69347	0	70443
11150	362	226	63630	4105	0	68323
11151	594	222	2274	61922	0	65012
11152	396	64102	1025	3149	0	68672
11153	65916	2304	678	1469	0	70367
11154	66034	998	471	1122	0	68625
11155	65949	629	415	851	0	67844
11156	3638	62369	372	952	0	67331
11157	64279	2323	361	947	0	67910
11158	3007	943	413	62127	0	66490
11159	62612	565	415	3088	0	66680
11160	62803	385	356	1721	0	65265
11161	3440	387	58896	1332	0	64055
11162	1611	59009	2367	1094	0	64081
11163	61327	2341	1052	890	0	65610
11164	2768	1096	716	62770	0	67350
11165	1418	756	60003	2846	0	65023
11166	1091	59585	2368	1466	0	64510
11167	61026	2508	1441	1107	0	66082
11168	2848	1122	655	61771	0	66396
11169	1517	727	378	64636	0	67258
11170	1081	502	335	64833	0	66751
11171	860	59902	325	4031	0	65118
11172	800	2399	332	63585	0	67116
11173	659	60276	445	3649	0	65029
11174	667	2753	465	63703	0	67588
11175	708	1332	61070	3435	0	66545
11176	637	925	2468	63185	0	67215
11177	680	634	1160	66378	0	68852
11178	683	473	784	69060	0	71000
11179	601	458	63016	4665	0	68740
11180	568	377	2616	65392	0	68953
11181	581	399	1232	68322	0	70534
11182	493	450	850	69102	0	70895
11183	461	433	672	68869	0	70435
11184	521	445	526	70014	0	71506
11185	532	562	63147	5012	0	69253
11186	505	522	2494	65596	0	69117
11187	576	430	1193	65797	0	67996
11188	60908	391	802	4686	0	66787
11189	2701	58034	639	2744	0	64118
11190	1443	61830	568	2086	0	65927
11191	1056	3091	546	63545	0	68238
11192	783	1432	471	63933	0	66619
11193	669	60085	544	4313	0	65611
11194	711	2586	448	63877	0	67622
11195	628	60804	443	4176	0	66051
11196	748	2809	456	63822	0	67835
11197	721	1420	484	65665	0	68290
11198	611	952	58379	4473	0	64415
11199	588	57682	2447	2669	0	63386
11200	606	56497	888	1718	0	59709
11201	46501	2060	645	1055	0	50261
11202	1523	47800	378	829	0	50530
11203	797	1852	250	48148	0	51047
11204	623	877	44825	1954	0	48279
11205	439	679	1315	45266	0	47699
11206	45133	468	504	2318	0	48423
11207	1586	545	43630	1319	0	47080
11208	670	44689	1461	996	0	47816
11209	497	1657	617	45366	0	48137
11210	408	740	447	49314	0	50909
11211	49632	485	426	2545	0	53088
11212	1462	412	361	51382	0	53617
11213	590	369	329	51372	0	52660
11214	394	467	242	51700	0	52803
11215	325	429	248	51990	0	52992
11216	47986	354	295	2793	0	51428
11217	48265	351	234	1755	0	50605
11218	1804	265	279	49108	0	51456
11219	48588	276	295	2436	0	51595
11220	1751	274	304	47710	0	50039
11221	761	316	45991	2458	0	49526
11222	570	325	44465	1392	0	46752
11223	452	395	1469	41462	0	43778
11224	388	40652	644	2036	0	43720
11225	383	1285	333	43639	0	45640
11226	42460	549	271	2173	0	45453
11227	1209	449	246	43348	0	45252
11228	43612	287	260	2257	0	46416
11229	1405	301	169	45195	0	47070
11230	672	334	42359	2148	0	45513
11231	553	40138	1165	1223	0	43079
11232	429	42498	429	1068	0	44424
11233	281	2082	190	40271	0	42824
11234	259	542	40600	1617	0	43018
11235	61	32135	401	349	0	32946
11236	328	581	301	32897	0	34107
11237	32583	74	36	276	0	32969
11238	193	103	31552	150	0	31998
11239	60	59	182	31128	0	31429
11240	50	41	58	33604	0	33753
11241	61	61	32237	355	0	32714
11242	63	98	29969	186	0	30316
11243	46	55	32423	131	0	32655
11244	23	56	305	32030	0	32414
11245	36	51	34484	298	0	34869
11246	29854	51	428	149	0	30482
11247	479	54	143	36817	0	37493
11248	220	81	42493	586	0	43380
11249	102	39961	603	359	0	41025
11250	107	547	43303	206	0	44163
11251	47	218	647	43107	0	44019
11252	45778	103	294	718	0	46893
11253	612	83	166	45701	0	46562
11254	234	72	115	47112	0	47533
11255	50579	63	86	1016	0	51744
11256	1019	45	63	50551	0	51678
11257	351	70	50305	1286	0	52012
11258	49852	33	1003	479	0	51367
11259	1078	49849	375	332	0	51634
11260	53617	1035	201	224	0	55077
11261	1193	313	145	53187	0	54838
11262	451	194	51799	1173	0	53617
11263	266	154	51675	444	0	52539
11264	189	706	1358	49119	0	51372
11265	128	55	431	50538	0	51152
11266	129	77	50539	1351	0	52096
11267	133	136	48151	514	0	48934
11268	50292	32	1351	330	0	52005
11269	1140	36	550	49585	0	51311
11270	51055	46	277	1165	0	52543
11271	1232	72	216	50794	0	52314
11272	493	62	53207	1357	0	55119
11273	305	122	54963	531	0	55921
11274	220	59	1437	56095	0	57811
11275	160	46	555	57317	0	58078
11276	177	73	56932	1611	0	58793
11277	53936	37	1310	642	0	55925
11278	1377	23	474	58156	0	60030
11279	60576	23	282	1567	0	62448
11280	1692	68876	310	668	0	71546
11281	541	2140	214	73875	0	76770
11282	75260	599	194	2532	0	78585
11283	2492	281	73763	888	0	77424
11284	821	171	2309	75141	0	78442
11285	371	190	763	76724	0	78048
11286	299	71	381	80301	0	81052
11287	309	135	75619	3504	0	79567
11288	205	71	2558	74816	0	77650
11289	217	74344	898	2991	0	78450
11290	183	2315	447	78786	0	81731
11291	218	717	75694	3051	0	79680
11292	241	357	75830	1216	0	77644
11293	209	220	3172	74780	0	78381
11294	238	231	1075	76059	0	77603
11295	209	126	626	79501	0	80462
11296	225	106	515	80756	0	81602
11297	77861	92	488	3893	0	82334
11298	78393	78	367	1652	0	80490
11299	3379	142	74518	1052	0	79091
11300	1133	75080	2612	911	0	79736
11301	634	2459	864	79958	0	83915
11302	82516	734	517	3081	0	86848
11303	79902	387	536	1262	0	82087
11304	83963	294	484	801	0	85542
11305	84401	253	382	777	0	85813
11306	3826	244	80173	771	0	85014
11307	79712	149	2818	677	0	83356
11308	3328	77487	1003	772	0	82590
11309	1342	2602	585	81851	0	86380
11310	858	793	80533	3186	0	85370
11311	608	420	3002	79862	0	83892
11312	633	376	78608	3560	0	83177
11313	453	309	3056	79610	0	83428
11314	491	231	1166	83911	0	85799
11315	81850	182	759	4183	0	86974
11316	3070	160	611	83292	0	87133
11317	1200	211	81104	3770	0	86285
11318	690	212	2930	83707	0	87539
11319	83023	202	1141	3963	0	88329
11320	3265	195	719	85341	0	89520
11321	1296	227	82479	3881	0	87883
11322	792	79506	3153	1848	0	85299
11323	86400	2754	1167	1309	0	91630
11324	3242	906	768	81519	0	86435
11325	1223	85301	716	3195	0	90435
11326	87196	2948	633	1489	0	92266
11327	3401	1110	84688	1074	0	90273
11328	1360	79496	3135	1125	0	85116
11329	871	2929	1222	85127	0	90149
11330	824	1074	84169	3414	0	89481
11331	726	526	3256	82501	0	87009
11332	83833	441	1311	3879	0	89464
11333	3246	463	80170	1880	0	85759
11334	1336	330	3162	80968	0	85796
11335	910	298	80962	3800	0	85970
11336	821	316	3273	80482	0	84892
11337	808	306	1359	85540	0	88013
11338	83529	288	964	4518	0	89299
11339	3165	83605	842	2424	0	90036
11340	1270	2724	668	88299	0	92961
11341	86286	865	680	3965	0	91796
11342	86109	531	643	1937	0	89220
11343	3933	423	561	83074	0	87991
11344	1564	79884	670	3669	0	85787
11345	975	84033	572	1737	0	87317
11346	782	3717	539	81842	0	86880
11347	597	1041	462	81282	0	83382
11348	72958	543	424	3854	0	77779
11349	2785	434	488	74106	0	77813
11350	971	407	71357	3398	0	76133
11351	66448	308	2415	1654	0	70825
11352	2647	68466	839	1267	0	73219
11353	72097	2319	524	974	0	75914
11354	2930	770	70616	976	0	75292
11355	1070	67665	2211	945	0	71891
11356	73850	2153	741	592	0	77336
11357	73380	1323	504	758	0	75965
11358	2987	423	70756	542	0	74708
11359	70006	403	2175	484	0	73068
11360	73205	327	768	578	0	74878
11361	3029	70211	493	527	0	74260
11362	1314	2133	382	75814	0	79643
11363	882	788	73124	2526	0	77320
11364	801	413	2269	73881	0	77364
11365	624	393	75277	2681	0	78975
11366	442	395	2322	74627	0	77786
11367	76959	310	905	2860	0	81034
11368	2464	234	571	80017	0	83286
11369	925	260	85454	3057	0	89696
11370	88600	211	3074	1344	0	93229
11371	3557	185	1069	94687	0	99498
11372	1355	229	90198	3847	0	95629
11373	85607	170	3558	1621	0	90956
11374	3632	177	1284	89722	0	94815
11375	1502	305	87627	3894	0	93328
11376	934	286	86087	2019	0	89326
11377	638	806	3837	84826	0	90107
11378	711	281	86699	3589	0	91280
11379	455	79618	3453	1613	0	85139
11380	205	1844	908	72955	0	75912
11381	72252	607	697	2143	0	75699
11382	2431	442	70266	874	0	74013
11383	772	204	70535	643	0	72154
11384	65387	132	2550	377	0	68446
11385	2179	103	70994	319	0	73595
11386	65499	63	2400	272	0	68234
11387	2315	76	69215	250	0	71856
11388	1361	52	2363	67038	0	70814
11389	698	80	69847	1940	0	72565
11390	349	71	2374	67503	0	70297
11391	324	108	70302	2344	0	73078
11392	226	135	68725	930	0	70016
11393	62467	92	2597	725	0	65881
11394	1848	66884	1351	467	0	70550
11395	69972	1673	763	307	0	72715
11396	2069	68725	575	283	0	71652
11397	856	1986	468	69480	0	72790
11398	655	728	412	72394	0	74189
11399	71838	487	436	2328	0	75089
11400	1950	222	378	71768	0	74318
11401	861	202	70582	2273	0	73918
11402	66727	113	1915	984	0	69739
11403	69523	90	931	720	0	71264
11404	2498	118	691	69083	0	72390
11405	1191	145	69207	2038	0	72581
11406	716	137	1906	67999	0	70758
11407	464	67060	909	2180	0	70613
11408	349	1695	655	68572	0	71271
11409	305	678	430	71228	0	72641
11410	364	484	67255	2523	0	70626
11411	58534	289	1876	1347	0	62046
11412	1812	65651	843	894	0	69200
11413	67163	1692	625	556	0	70036
11414	2053	68298	431	571	0	71353
11415	913	2226	376	67029	0	70544
11416	707	66833	343	1881	0	69764
11417	483	2071	65810	918	0	69282
11418	402	766	1851	63103	0	66122
11419	358	558	841	66396	0	68153
11420	308	253	658	68378	0	69597
11421	65415	216	483	2750	0	68864
11422	1853	225	453	65795	0	68326
11423	64285	203	469	2529	0	67486
11424	65929	221	366	1204	0	67720
11425	65571	234	462	981	0	67248
11426	2928	231	62184	676	0	66019
11427	1455	226	1931	62754	0	66366
11428	919	210	1058	66754	0	68941
11429	718	222	840	69135	0	70915
11430	71244	237	670	3187	0	75338
11431	2425	223	654	71463	0	74765
11432	1099	244	704	74262	0	76309
11433	77050	234	657	3582	0	81523
11434	3009	223	641	79430	0	83303
11435	1352	269	81958	3746	0	87325
11436	1007	315	82353	1744	0	85419
11437	762	196	3986	84176	0	89120
11438	81939	176	1730	3854	0	87699
11439	76713	190	1340	1570	0	79813
11440	4379	146	871	78409	0	83805
11441	1906	184	76688	3783	0	82561
11442	1301	75499	3503	1626	0	81929
11443	884	2953	1463	78585	0	83885
11444	735	931	1111	81421	0	84198
11445	712	637	879	82475	0	84703
11446	79352	324	790	5081	0	85547
11447	3619	347	77098	2274	0	83338
11448	77363	304	3389	1539	0	82595
11449	4066	247	1332	75502	0	81147
11450	1634	75145	1008	3531	0	81318
11451	77148	3096	656	1633	0	82533
11452	76953	1099	641	1385	0	80078
11453	4635	825	75494	1013	0	81967
11454	2002	71910	3300	1296	0	78508
11455	1295	74883	1188	963	0	78329
11456	72141	3803	835	907	0	77686
11457	3674	1369	593	71987	0	77623
11458	1462	918	581	74657	0	77618
11459	1227	525	514	73775	0	76041
11460	846	67923	445	4898	0	74112
11461	693	72271	434	2166	0	75564
11462	68229	3822	359	1513	0	73923
11463	3404	1469	355	68424	0	73652
11464	1298	900	71818	3873	0	77889
11465	1023	551	3391	74614	0	79579
11466	779	578	81595	4647	0	87599
11467	790	581	81886	1751	0	85008
11468	776	657	79617	1280	0	82330
11469	448	68655	4469	723	0	74295
11470	433	3321	2050	62842	0	68646
11471	276	64713	1216	2747	0	68952
11472	228	3348	684	62247	0	66507
11473	232	1191	455	67817	0	69695
11474	64958	789	313	4214	0	70274
11475	3041	508	308	65831	0	69688
11476	64327	341	249	4145	0	69062
11477	67103	266	193	1694	0	69256
11478	4142	234	219	62244	0	66839
11479	1720	63038	267	3485	0	68510
11480	1201	2972	262	63053	0	67488
11481	742	63825	290	3743	0	68600
11482	537	3523	228	65612	0	69900
11483	467	1352	61184	4131	0	67134
11484	366	882	2936	63735	0	67919
11485	432	570	1014	67066	0	69082
11486	61012	420	780	4745	0	66957
11487	3047	61461	572	2730	0	67810
11488	1234	3095	403	63732	0	68464
11489	929	1107	316	64530	0	66882
11490	694	61800	326	4475	0	67295
11491	546	3315	337	64107	0	68305
11492	59644	1255	356	4544	0	65799
11493	62333	929	300	2025	0	65587
11494	3980	60097	295	1572	0	65944
11495	1777	3320	227	62658	0	67982
11496	59464	1192	260	3924	0	64840
11497	3561	60733	267	1830	0	66391
11498	1431	3618	287	57810	0	63146
11499	1155	59826	343	3734	0	65058
11500	59494	3782	408	1723	0	65407
11501	3625	1580	57428	1427	0	64060
11502	1492	1135	58931	1154	0	62712
11503	1176	827	3972	58632	0	64607
11504	973	615	57821	3842	0	63251
11505	721	577	3973	57811	0	63082
11506	57546	593	1715	4274	0	64128
11507	3436	590	60045	2107	0	66178
11508	1425	611	3504	61556	0	67096
11509	1107	608	1311	66406	0	69432
11510	63847	607	1008	4883	0	70345
11511	3423	63124	703	2499	0	69749
11512	64640	3229	488	2027	0	70384
11513	65674	1300	463	1485	0	68922
11514	4560	61058	453	1526	0	67597
11515	2194	3424	442	63623	0	69683
11516	1667	1525	61164	3711	0	68067
11517	1181	1154	2989	62329	0	67653
11518	902	62711	1153	4083	0	68849
11519	65632	3582	940	1955	0	72109
11520	3418	1505	737	67704	0	73364
11521	1419	1268	69585	4221	0	76493
11522	1077	918	3196	71770	0	76961
11523	816	762	1295	75401	0	78274
11524	732	705	947	75856	0	78240
11525	720	627	672	76610	0	78629
11526	664	681	497	75257	0	77099
11527	552	734	68814	5979	0	76079
11528	1592	686	66090	3314	0	71682
11529	624	64022	3475	2409	0	70530
11530	540	65598	1463	2077	0	69678
11531	65356	3324	1014	1392	0	71086
11532	3122	1388	65441	1130	0	71081
11533	59891	998	2954	886	0	64729
11534	2871	813	58503	857	0	63044
11535	1125	492	53434	685	0	55736
11536	992	385	2560	51735	0	55672
11537	57729	401	1551	2150	0	61831
11538	1896	298	971	59088	0	62253
11539	908	392	660	59614	0	61574
11540	773	306	65155	2939	0	69173
11541	530	294	1830	67224	0	69878
11542	474	243	838	70123	0	71678
11543	354	260	665	71763	0	73042
11544	440	229	527	71501	0	72697
11545	394	228	362	72115	0	73099
11546	69718	223	344	3430	0	73715
11547	1800	232	294	71024	0	73350
11548	884	240	67860	3106	0	72090
11549	736	354	1559	69020	0	71669
11550	682	287	68040	2833	0	71842
11551	506	864	1983	67330	0	70683
11552	452	306	69513	2683	0	72954
11553	291	241	2075	66062	0	68669
11554	229	216	1053	74754	0	76252
11555	234	255	72252	3008	0	75749
11556	63074	199	1950	1850	0	67073
11557	1674	277	75695	1420	0	79066
11558	899	202	1904	75195	0	78200
11559	77842	152	1107	2178	0	81279
11560	1858	189	821	76667	0	79535
11561	987	107	575	78375	0	80044
11562	821	192	76599	2905	0	80517
11563	542	72366	1577	2002	0	76487
11564	286	69661	753	1386	0	72086
11565	305	71322	594	1058	0	73279
11566	891	841	250	63632	0	65614
11567	65741	199	86	479	0	66505
11568	928	104	86	63917	0	65035
11569	142	63	65	65032	0	65302
11570	94	37	51	66121	0	66303
11571	53	35	55	65907	0	66050
11572	61	62371	80	717	0	63229
11573	44	263	29	65827	0	66163
11574	24	127	35	65679	0	65865
11575	26	62708	58	472	0	63264
11576	68193	281	32	236	0	68742
11577	267	128	25	66842	0	67262
11578	67920	86	13	379	0	68398
11579	66865	51	22	239	0	67177
11580	390	67653	70	216	0	68329
11581	176	355	10	72992	0	73533
11582	123	145	70959	282	0	71509
11583	85	152	68801	153	0	69191
11584	59	61	312	70592	0	71024
11585	74265	32	184	320	0	74801
11586	75215	34	110	192	0	75551
11587	382	24	57	75225	0	75688
11588	77048	13	48	385	0	77494
11589	374	72557	85	241	0	73257
11590	75667	275	41	168	0	76151
11591	376	79969	110	144	0	80599
11592	172	372	24	84553	0	85121
11593	136	187	25	83815	0	84163
11594	101	81535	58	409	0	82103
11595	83687	299	54	251	0	84291
11596	367	201	80378	174	0	81120
11597	162	135	286	81391	0	81974
11598	183	97	84793	346	0	85419
11599	99	76	362	81656	0	82193
11600	86411	51	178	422	0	87062
11601	328	38	130	85235	0	85731
11602	85440	44	75	467	0	86026
11603	84247	39	59	252	0	84597
11604	464	40	48	83979	0	84531
11605	288	76	87547	437	0	88348
11606	215	84056	408	280	0	84959
11607	138	304	117	90591	0	91150
11608	89672	145	88	417	0	90322
11609	392	201	85518	234	0	86345
11610	191	99	290	83892	0	84472
11611	167	87	165	85766	0	86185
11612	118	69	114	89006	0	89307
11613	89966	53	83	582	0	90684
11614	394	62	80	86900	0	87436
11615	197	57	71	89088	0	89413
11616	209	90	86291	635	0	87225
11617	141	57	373	84739	0	85310
11618	122	46	212	87595	0	87975
11619	119	38	138	89225	0	89520
11620	124	83582	149	730	0	84585
11621	136	392	80	84934	0	85542
11622	99	175	57	83628	0	83959
11623	82003	128	68	838	0	83037
11624	662	187	81775	447	0	83071
11625	294	199	76706	335	0	77534
11626	216	76811	738	264	0	78029
11627	121	509	295	86626	0	87551
11628	86508	192	182	684	0	87566
11629	539	190	114	82201	0	83044
11630	244	102	76	83467	0	83889
11631	204	74	71	84775	0	85124
11632	126	62	59	82388	0	82635
11633	104	58	71	82253	0	82486
11634	127	66	80350	1029	0	81572
11635	101	60	489	79344	0	79994
11636	81454	43	198	911	0	82606
11637	506	76675	258	511	0	77950
11638	232	494	98	81219	0	82043
11639	189	199	77	82857	0	83322
11640	181	182	74918	899	0	76180
11641	136	110	533	72057	0	72836
11642	91	332	220	77850	0	78493
11643	79536	66	176	1115	0	80893
11644	722	78745	164	651	0	80282
11645	306	870	109	82461	0	83746
11646	222	302	88	84284	0	84896
11647	146	209	97	85218	0	85670
11648	187	204	82911	1854	0	85156
11649	191	256	77674	908	0	79029
11650	104	77434	1463	719	0	79720
11651	89	83198	621	538	0	84446
11652	428	1633	291	84311	0	86663
11653	62	83203	377	1498	0	85140
11654	100	1869	171	92205	0	94345
11655	88	747	142	99340	0	100317
11656	70	482	103	106143	0	106798
11657	66	300	99	125015	0	125480
11658	127	394	117138	6130	0	123789
11659	105	196	3673	127316	0	131290
11660	85	187	1911	129468	0	131651
11661	85	160	1041	134549	0	135835
11662	124453	190	708	8691	0	134042
11663	4117	126492	803	5099	0	136511
11664	2163	4624	582	119415	0	126784
11665	1163	127718	551	6203	0	135635
11666	121665	5757	440	4112	0	131974
11667	106037	3423	467	3281	0	113208
11668	5627	125258	289	2601	0	133775
11669	3046	130910	331	2218	0	136505
11670	2075	8039	115449	1869	0	127432
11671	1532	128018	4298	1768	0	135616
11672	1334	6939	2230	129390	0	139893
11673	127415	4128	1351	6125	0	139019
11674	5186	134147	992	3784	0	144109
11675	2879	6545	879	136587	0	146890
11676	1846	4394	738	139689	0	146667
11677	1379	2939	746	146195	0	151259
11678	138182	2327	641	10077	0	151227
11679	6139	2295	129700	6147	0	144281
11680	129136	1909	4773	4471	0	140289
11681	7104	131356	2615	3441	0	144516
11682	3935	6499	1498	136032	0	147964
11683	2779	4030	127508	7482	0	141799
11684	122813	2820	5625	4673	0	135931
11685	6850	131189	3118	3112	0	144269
11686	4016	6834	1900	128957	0	141707
11687	2648	130759	1445	7064	0	141916
11688	1931	7532	1248	136023	0	146734
11689	1864	4351	1114	140853	0	148182
11690	1635	3142	128692	10014	0	143483
11691	1583	2521	124804	6309	0	135217
11692	1465	2612	7513	129502	0	141092
11693	1455	2375	127065	9034	0	139929
11694	1081	1800	7173	130823	0	140877
11695	1217	1377	4341	132160	0	139095
11696	1460	1380	3218	138536	0	144594
11697	128392	1239	2753	11794	0	144178
11698	6246	1316	2766	133640	0	143968
11699	3814	1687	124616	10608	0	140725
11700	126613	1753	6086	7577	0	142029
11701	6515	1314	3872	132998	0	144699
11702	4294	1229	3014	137140	0	145677
11703	127633	1527	2133	11454	0	142747
11704	6715	127248	2256	7677	0	143896
11705	4125	6178	1980	131202	0	143485
11706	2737	3766	1934	133919	0	142356
11707	124868	2262	1762	12753	0	141645
11708	7073	1915	118430	8368	0	135786
11709	4133	1868	6398	126838	0	139237
11710	2920	1640	3969	130625	0	139154
11711	2405	1561	2716	128517	0	135199
11712	2335	119930	2378	13037	0	137680
11713	2053	5707	2084	130208	0	140052
11714	120539	3257	1812	12173	0	137781
11715	6812	120918	1648	8654	0	138032
11716	121211	6540	1779	6940	0	136470
11717	7419	123481	1624	6263	0	138787
11718	125926	7580	1644	5563	0	140713
11719	8836	4619	118647	5267	0	137369
11720	5469	3522	119241	5333	0	133565
11721	120069	2656	7770	4769	0	135264
11722	8540	2829	119795	4238	0	135402
11723	5340	2647	7296	119360	0	134643
11724	3777	2058	4616	119999	0	130450
11725	3418	1758	3479	127730	0	136385
11726	119747	1736	3116	12430	0	137029
11727	7425	2127	114430	7976	0	131958
11728	118478	1810	6561	6921	0	133770
11729	8233	1863	3898	123849	0	137843
11730	123680	2136	2767	10132	0	138715
11731	9111	2080	2442	126090	0	139723
11732	126617	1839	2323	10372	0	141151
11733	10039	1861	2190	131250	0	145340
11734	6256	1972	125070	10490	0	143788
11735	130703	1971	6877	6911	0	146462
11736	136259	1796	4093	5796	0	147944
11737	11809	1324	3225	129781	0	146139
11738	6964	1355	3111	129218	0	140648
11739	5396	123534	3011	11934	0	143875
11740	121787	6209	2493	7575	0	138064
11741	9179	123147	2374	6193	0	140893
11742	124221	7061	2068	5935	0	139285
11743	9987	3764	117490	5510	0	136751
11744	6464	2741	117559	5000	0	131764
11745	5412	1933	116927	4187	0	128459
11746	112138	1817	10303	3901	0	128159
11747	9030	113386	5428	3995	0	131839
11748	6150	6023	3756	116277	0	132206
11749	113797	3389	3154	8312	0	128652
11750	8570	114293	2852	5876	0	131591
11751	5751	8351	2342	109184	0	125628
11752	4175	109281	2226	8125	0	123807
11753	3786	106062	2108	5492	0	117448
11754	3963	105344	1499	3682	0	114488
11755	86517	6975	2548	3496	0	99536
11756	5214	88022	1161	2619	0	97016
11757	2022	67256	802	1411	0	71491
11758	1419	63325	644	1959	0	67347
11759	61214	2640	574	1083	0	65511
11760	62506	1164	552	1059	0	65281
11761	3586	781	57000	1472	0	62839
11762	56753	422	1906	854	0	59935
11763	59658	417	811	885	0	61771
11764	2902	448	520	56997	0	60867
11765	59231	429	438	2391	0	62489
11766	2811	515	54797	1155	0	59278
11767	1333	59068	1835	888	0	63124
11768	60218	2029	871	709	0	63827
11769	2528	938	673	62741	0	66880
11770	63719	700	495	2504	0	67418
11771	2987	592	57566	1242	0	62387
11772	60235	506	2025	907	0	63673
11773	2821	533	882	61526	0	65762
11774	1410	609	56559	2357	0	60935
11775	959	55081	2095	1203	0	59338
11776	813	59438	851	889	0	61991
11777	437	2787	368	52227	0	55819
11778	363	998	184	50678	0	52223
11779	328	52558	128	2036	0	55050
11780	52805	1736	117	686	0	55344
11781	52829	615	107	325	0	53876
11782	52138	388	97	188	0	52811
11783	2363	53791	120	371	0	56645
11784	938	1653	86	50423	0	53100
11785	479	52751	150	1417	0	54797
11786	53713	1780	108	483	0	56084
11787	53683	632	118	296	0	54729
11788	2196	50889	129	282	0	53496
11789	54304	1699	90	194	0	56287
11790	2038	627	118	54142	0	56925
11791	833	383	127	55513	0	56856
11792	55245	269	172	2121	0	57807
11793	53526	219	164	827	0	54736
11794	54445	215	156	430	0	55246
11795	2430	253	162	53086	0	55931
11796	1025	227	149	55338	0	56739
11797	603	293	52196	2329	0	55421
11798	502	323	1611	52258	0	54694
11799	447	317	533	52919	0	54216
11800	507	318	49786	2292	0	52903
11801	462	353	48569	900	0	50284
11802	410	339	50950	524	0	52223
11803	416	310	2366	49502	0	52594
11804	470	409	48802	1857	0	51538
11805	453	398	1881	47763	0	50495
11806	450	346	671	49899	0	51366
11807	482	419	48054	2381	0	51336
11808	498	405	48660	966	0	50529
11809	436	422	2143	48015	0	51016
11810	461	448	52631	2026	0	55566
11811	501	455	51889	827	0	53672
11812	443	50898	2181	619	0	54141
11813	53214	1946	1161	372	0	56693
11814	53878	828	487	356	0	55549
11815	53996	587	289	430	0	55302
11816	2495	51721	300	419	0	54935
11817	1189	51374	297	398	0	53258
11818	807	2306	275	50970	0	54358
11819	632	923	306	52279	0	54140
11820	629	546	49138	2421	0	52734
11821	566	372	1768	50297	0	53003
11822	51628	310	727	2258	0	54923
11823	2092	335	508	47030	0	49965
11824	999	50189	418	1915	0	53521
11825	53834	1812	371	876	0	56893
11826	54200	763	357	608	0	55928
11827	54519	491	324	566	0	55900
11828	2826	347	50917	545	0	54635
11829	1174	256	1514	49700	0	52644
11830	54064	260	742	1892	0	56958
11831	2296	293	54108	925	0	57622
11832	976	52628	1897	683	0	56184
11833	611	53161	751	480	0	55003
11834	46226	2075	478	360	0	49139
11835	1522	46925	279	331	0	49057
11836	607	1632	227	46686	0	49152
11837	392	644	46822	1610	0	49468
11838	309	666	1458	46784	0	49217
11839	47010	230	548	1720	0	49508
11840	1528	46061	336	788	0	48713
11841	47506	1466	242	439	0	49653
11842	1734	596	47424	340	0	50094
11843	681	780	1474	44620	0	47555
11844	354	48318	556	1432	0	50660
11845	309	1389	308	50852	0	52858
11846	50752	506	283	1591	0	53132
11847	52038	307	194	671	0	53210
11848	51910	202	229	377	0	52718
11849	52353	165	222	327	0	53067
11850	2023	193	179	49986	0	52381
11851	837	205	49681	1581	0	52304
11852	483	182	1358	48729	0	50752
11853	393	48772	528	1527	0	51220
11854	51734	1361	334	649	0	54078
11855	1580	551	50676	429	0	53236
11856	48638	244	1375	346	0	50603
11857	1497	170	551	50823	0	53041
11858	674	199	52152	1490	0	54515
11859	395	166	1298	51459	0	53318
11860	52812	137	513	1563	0	55025
11861	52790	139	344	663	0	53936
11862	51971	136	269	407	0	52783
11863	1791	157	50282	273	0	52503
11864	740	136	1202	50448	0	52526
11865	423	156	52278	1374	0	54231
11866	352	51029	1338	594	0	53313
11867	49239	1019	458	301	0	51017
11868	1165	49144	290	242	0	50841
11869	47014	831	130	135	0	48110
11870	907	278	124	44783	0	46092
11871	357	45290	132	727	0	46506
11872	47172	812	89	279	0	48352
11873	918	304	46392	185	0	47799
11874	327	164	680	44903	0	46074
11875	46408	126	224	750	0	47508
11876	841	97	45879	315	0	47132
11877	354	87	718	45531	0	46690
11878	268	46220	299	736	0	47523
11879	251	725	179	48638	0	49793
11880	193	314	121	48392	0	49020
11881	47353	212	70	946	0	48581
11882	808	46689	117	451	0	48065
11883	338	768	116	45853	0	47075
11884	258	45831	122	819	0	47030
11885	215	810	141	47067	0	48233
11886	213	46192	119	863	0	47387
11887	46920	855	138	329	0	48242
11888	947	353	45946	231	0	47477
11889	410	208	763	44772	0	46153
11890	277	163	304	44755	0	45499
11891	234	127	204	45352	0	45917
11892	203	147	133	45170	0	45653
11893	294	146	44303	1146	0	45889
11894	251	44502	782	507	0	46042
11895	46529	755	253	302	0	47839
11896	46280	279	168	213	0	46940
11897	932	45587	169	253	0	46941
11898	47283	792	124	226	0	48425
11899	46633	303	144	219	0	47299
11900	1011	45940	128	218	0	47297
11901	497	845	105	45748	0	47195
11902	357	47108	145	705	0	48315
11903	47723	850	168	315	0	49056
11904	922	334	46015	295	0	47566
11905	41906	220	813	262	0	43201
11906	966	191	47495	254	0	48906
11907	443	151	832	46335	0	47761
11908	48805	138	297	846	0	50086
11909	1014	159	46459	351	0	47983
11910	41996	122	783	271	0	43172
11911	45297	99	300	297	0	45993
11912	1069	132	208	44447	0	45856
11913	470	44251	220	862	0	45803
11914	46934	791	125	342	0	48192
11915	960	339	112	46008	0	47419
11916	427	44755	154	858	0	46194
11917	47684	807	119	313	0	48923
11918	919	335	108	49037	0	50399
11919	384	50846	194	869	0	52293
11920	299	796	121	54173	0	55389
11921	53873	290	154	933	0	55250
11922	52796	217	131	448	0	53592
11923	53175	175	131	291	0	53772
11924	1024	121	177	50394	0	51716
11925	401	138	138	50778	0	51455
11926	355	160	51148	1016	0	52679
11927	255	131	772	50711	0	51869
11928	273	166	53689	1087	0	55215
11929	281	153	50815	436	0	51685
11930	118	105	49037	187	0	49447
11931	75	49769	588	168	0	50600
11932	118	730	564	49310	0	50722
11933	39	52973	123	703	0	53838
11934	57866	583	72	184	0	58705
11935	58015	213	79	86	0	58393
11936	887	88	43	61304	0	62322
11937	341	86	62829	1084	0	64340
11938	128	50	1111	62908	0	64197
11939	126	118	64328	1395	0	65967
11940	94	75	1182	62503	0	63854
11941	78	62251	370	1226	0	63925
11942	61	64154	159	375	0	64749
11943	63075	1413	162	174	0	64824
11944	1277	422	62626	182	0	64507
11945	346	175	1242	61295	0	63058
11946	162	148	295	63562	0	64167
11947	64189	155	145	1540	0	66029
11948	1249	62636	172	544	0	64601
11949	64787	1300	98	287	0	66472
11950	1290	64826	274	225	0	66615
11951	65422	1383	108	319	0	67232
11952	69814	399	173	228	0	70614
11953	1633	227	99	70046	0	72005
11954	513	337	69670	1467	0	71987
11955	66533	225	1316	419	0	68493
11956	1495	69752	381	635	0	72263
11957	72056	1419	274	198	0	73947
11958	1628	386	144	68768	0	70926
11959	486	240	264	69589	0	70579
11960	357	68615	348	1807	0	71127
11961	328	1531	289	69846	0	71994
11962	293	69669	303	1698	0	71963
11963	327	1689	136	70476	0	72628
11964	314	758	115	69658	0	70845
11965	67029	499	109	1952	0	69589
11966	1775	421	65950	664	0	68810
11967	584	64410	1485	641	0	67120
11968	431	1477	411	67743	0	70062
11969	68634	482	240	1878	0	71234
11970	69389	413	181	727	0	70710
11971	71031	414	164	522	0	72131
11972	2273	470	68091	396	0	71230
11973	68894	563	1541	336	0	71334
11974	2262	310	426	72458	0	75456
11975	71734	327	252	2099	0	74412
11976	2080	69420	373	950	0	72823
11977	894	1742	321	71464	0	74421
11978	70298	702	275	1959	0	73234
11979	2153	71590	291	726	0	74760
11980	905	2092	154	74435	0	77586
11981	683	663	72988	2516	0	76850
11982	71406	570	1797	944	0	74717
11983	77823	475	487	752	0	79537
11984	3018	553	75070	564	0	79205
11985	968	73999	2087	598	0	77652
11986	736	79265	600	802	0	81403
11987	712	2678	414	79075	0	82879
11988	757	867	442	79143	0	81209
11989	549	763	388	81215	0	82915
11990	486	608	78466	3242	0	82802
11991	78020	505	2122	1323	0	81970
11992	85133	498	615	793	0	87039
11993	87306	349	383	734	0	88772
11994	85830	346	501	607	0	87284
11995	87364	318	448	600	0	88730
11996	88283	322	435	641	0	89681
11997	3661	364	435	89675	0	94135
11998	1684	594	86971	2819	0	92068
11999	1088	667	88678	1185	0	91618
12000	1019	449	2692	91671	0	95831
12001	932	544	879	91839	0	94194
12002	850	530	511	92091	0	93982
12003	737	91401	615	3650	0	96403
12004	93320	2805	523	1393	0	98041
12005	3470	96049	457	990	0	100966
12006	1591	3274	475	97061	0	102401
12007	94847	1100	480	3576	0	100003
12008	3397	94509	454	1421	0	99781
12009	1407	3546	344	96223	0	101520
12010	1093	1206	247	98907	0	101453
12011	874	789	349	99357	0	101369
12012	663	93340	576	4843	0	99422
12013	898	3139	566	97681	0	102284
12014	1051	1168	93797	4222	0	100238
12015	1105	734	2944	97327	0	102110
12016	1148	715	809	99484	0	102156
12017	1212	583	478	106066	0	108339
12018	1188	814	411	107761	0	110174
12019	1190	681	98367	5729	0	105967
12020	838	101547	3539	2790	0	108714
12021	771	3911	1370	105068	0	111120
12022	835	1287	899	110770	0	113791
12023	689	1098	707	107738	0	110232
12024	768	101758	675	6464	0	109665
12025	666	110023	601	3193	0	114483
12026	106847	5056	443	2351	0	114697
12027	4402	2012	414	105877	0	112705
12028	1577	1482	100723	5387	0	109169
12029	1093	101964	3687	2700	0	109444
12030	102278	4354	1186	2011	0	109829
12031	4376	1805	98336	1909	0	106426
12032	1684	1215	99584	1768	0	104251
12033	1036	1021	99159	1820	0	103036
12034	744	1061	4986	96222	0	103013
12035	800	971	94830	4718	0	101319
12036	719	88635	4061	2508	0	95923
12037	653	3164	2002	89403	0	95222
12038	789	1263	89087	4079	0	95218
12039	642	988	3783	88034	0	93447
12040	87561	862	1779	4481	0	94683
12041	3317	651	87411	2396	0	93775
12042	85698	642	3707	1973	0	92020
12043	3552	91090	1550	1964	0	98156
12044	92967	3632	1074	1511	0	99184
12045	3991	1457	968	92575	0	98991
12046	95316	1272	915	3906	0	101409
12047	94938	833	985	1964	0	98720
12048	92311	960	929	1407	0	95607
12049	4418	91299	744	1586	0	98047
12050	92785	3358	923	1253	0	98319
12051	93676	1523	941	1305	0	97445
12052	4732	942	85029	1580	0	92283
12053	2243	84682	3362	1814	0	92101
12054	1620	3314	1716	85714	0	92364
12055	1415	1674	1239	88063	0	92391
12056	1196	1132	1081	90082	0	93491
12057	1222	849	84674	4948	0	91693
12058	963	806	3421	86691	0	91881
12059	1098	743	85762	4931	0	92534
12060	87244	636	3728	2723	0	94331
12061	91574	781	1827	1989	0	96171
12062	4520	873	89788	1742	0	96923
12063	90076	966	3488	1638	0	96168
12064	93511	772	1588	1763	0	97634
12065	94677	792	1145	1646	0	98260
12066	5241	907	1030	90528	0	97706
12067	2892	951	89141	3853	0	96837
12068	2105	90297	3321	2187	0	97910
12069	1939	3287	1630	92008	0	98864
12070	1756	1587	91274	4235	0	98852
12071	1534	1206	87573	2104	0	92417
12072	83642	1133	4146	1616	0	90537
12073	3502	88994	2185	1764	0	96445
12074	90894	3062	1843	1527	0	97326
12075	92024	1300	1528	1690	0	96542
12076	3998	90681	1572	1571	0	97822
12077	92984	3265	1441	1473	0	99163
12078	4192	1469	93146	1357	0	100164
12079	2261	1200	91128	1257	0	95846
12080	1948	827	90265	1385	0	94425
12081	1814	86895	3876	1205	0	93790
12082	86988	2564	3190	1083	0	93825
12083	88045	1215	1575	834	0	91669
12084	3760	83699	1565	949	0	89973
12085	2271	86714	1332	992	0	91309
12086	1675	3148	1237	85514	0	91574
12087	1702	1571	1055	87678	0	92006
12088	86568	1309	912	3364	0	92153
12089	3465	85823	965	1629	0	91882
12090	86605	2905	994	1231	0	91735
12091	83355	1511	936	1047	0	86849
12092	3784	1264	81563	1014	0	87625
12093	2318	79963	2572	886	0	85739
12094	2411	3434	1332	81541	0	88718
12095	79977	1258	863	2217	0	84315
12096	3230	916	893	78074	0	83113
12097	75873	727	945	2388	0	79933
12098	3317	681	72376	1051	0	77425
12099	1639	70597	2495	897	0	75628
12100	1346	73693	1075	859	0	76973
12101	1878	2449	1162	67271	0	72760
12102	1125	72625	787	1609	0	76146
12103	73626	2264	930	893	0	77713
12104	2560	1291	69994	1014	0	74859
12105	66461	924	1641	676	0	69702
12106	2015	877	69670	736	0	73298
12107	1322	720	1631	69195	0	72868
12108	1162	710	879	70713	0	73464
12109	1293	518	699	72295	0	74805
12110	71836	504	766	1945	0	75051
12111	2103	485	69360	1043	0	72991
12112	1278	473	1540	70445	0	73736
12113	950	453	873	71016	0	73292
12114	993	68258	672	2088	0	72011
12115	847	68602	562	1231	0	71242
12116	995	70366	566	1397	0	73324
12117	632	1302	349	64182	0	66465
12118	441	1023	479	60239	0	62182
12119	272	56118	198	795	0	57383
12120	211	56691	161	384	0	57447
12121	56800	583	541	460	0	58384
12122	502	210	92	56192	0	56996
12123	244	54187	141	411	0	54983
12124	56244	401	287	202	0	57134
12125	445	130	92	54555	0	55222
12126	61244	62	110	379	0	61795
12127	656	78	100	62006	0	62840
12128	280	172	62648	727	0	63827
12129	190	62440	578	356	0	63564
12130	62833	529	191	215	0	63768
12131	683	302	63723	149	0	64857
12132	225	62096	630	133	0	63084
12133	85	354	516	63073	0	64028
12134	14	110	56	63151	0	63331
12135	24	84	13	61542	0	61663
12136	13	32	22	61938	0	62005
12137	24	97	61046	529	0	61696
12138	6	59512	384	262	0	60164
12139	13	346	88	62828	0	63275
12140	60850	117	57	368	0	61392
12141	344	60356	43	233	0	60976
12142	99	362	25	64266	0	64752
12143	131	211	61201	527	0	62070
12144	25	62113	568	287	0	62993
12145	113	620	184	60491	0	61408
12146	25	63392	164	366	0	63947
12147	65964	738	31	147	0	66880
12148	66888	220	29	133	0	67270
12149	954	189	64961	47	0	66151
12150	64121	48	683	74	0	64926
12151	66443	42	212	72	0	66769
12152	1024	116	64473	37	0	65650
12153	379	63599	793	75	0	64846
12154	202	711	224	67059	0	68196
12155	97	251	138	68693	0	69179
12156	67623	153	63	995	0	68834
12157	792	50	58	67493	0	68393
12158	284	76	66828	926	0	68114
12159	61624	63	797	329	0	62813
12160	905	100	62318	225	0	63548
12161	292	61204	950	159	0	62605
12162	60940	774	261	97	0	62072
12163	880	280	61915	95	0	63170
12164	363	243	58679	63	0	59348
12165	204	58293	1054	360	0	59911
12166	107	813	360	62315	0	63595
12167	180	304	60246	806	0	61536
12168	123	212	903	54875	0	56113
12169	95	84	297	59541	0	60017
12170	117	118	57773	1065	0	59073
12171	111	55571	910	904	0	57496
12172	90	795	311	60214	0	61410
12173	57119	279	230	916	0	58544
12174	56263	197	104	355	0	56919
12175	1056	103	112	56936	0	58207
12176	427	149	55948	952	0	57476
12177	277	147	58861	362	0	59647
12178	139	80	1063	58217	0	59499
12179	143	100	57887	963	0	59093
12180	55147	117	994	367	0	56625
12181	941	94	357	58051	0	59443
12182	367	95	250	58956	0	59668
12183	256	56952	185	1195	0	58588
12184	152	902	157	60560	0	61771
12185	177	328	57926	1110	0	59541
12186	55088	238	950	460	0	56736
12187	58353	93	356	364	0	59166
12188	1237	121	57021	217	0	58596
12189	518	94	949	60435	0	61996
12190	262	92	371	63151	0	63876
12191	205	114	62780	1611	0	64710
12192	178	116	1254	63103	0	64651
12193	162	99	483	65581	0	66325
12194	163	65489	366	1921	0	67939
12195	228	1452	191	69776	0	71647
12196	157	433	182	72689	0	73461
12197	73930	266	197	2413	0	76806
12198	75361	365	207	871	0	76804
12199	77106	140	198	724	0	78168
12200	75675	122	256	521	0	76574
12201	75705	148	188	353	0	76394
12202	2968	187	70102	341	0	73598
12203	1253	146	1860	70292	0	73551
12204	849	130	579	73997	0	75555
12205	635	150	71548	2568	0	74901
12206	68587	116	2189	1013	0	71905
12207	72611	138	664	859	0	74272
12208	2625	196	67943	622	0	71386
12209	70619	130	2092	421	0	73262
12210	73302	124	676	403	0	74505
12211	2896	176	70768	397	0	74237
12212	1205	318	2225	68169	0	71917
12213	953	72962	850	1927	0	76692
12214	744	1932	545	76845	0	80066
12215	520	590	527	78391	0	80028
12216	512	391	307	78597	0	79807
12217	471	368	75188	3124	0	79151
12218	72995	166	2251	1428	0	76840
12219	77582	143	807	998	0	79530
12220	2832	112	598	76441	0	79983
12221	1228	154	74204	2526	0	78112
12222	967	150	2306	74325	0	77748
12223	707	137	75881	2842	0	79567
12224	571	225	77587	1330	0	79713
12225	439	77200	3165	993	0	81797
12226	618	1958	1005	76034	0	79615
12227	75069	533	802	2416	0	78820
12228	73147	369	621	972	0	75109
12229	74704	380	381	761	0	76226
12230	3254	177	383	72277	0	76091
12231	1494	77327	340	2543	0	81704
12232	1007	2501	384	81440	0	85332
12233	786	709	82427	3278	0	87200
12234	91502	466	2952	1363	0	96283
12235	100626	398	978	1016	0	103018
12236	4394	256	696	100251	0	105597
12237	1747	264	619	102954	0	105584
12238	1375	319	428	104998	0	107120
12239	1072	200	96549	5522	0	103343
12240	86336	264	3710	2826	0	93136
12241	4008	94537	1413	1889	0	101847
12242	1521	96318	1058	1232	0	100129
12243	1378	3568	93953	1044	0	99943
12244	1043	1331	3555	93173	0	99102
12245	696	917	93218	4110	0	98941
12246	88556	827	3865	1460	0	94708
12247	3537	418	1533	94332	0	99820
12248	1768	565	90216	3864	0	96413
12249	1735	92831	3750	1762	0	100078
12250	93489	3207	1287	1692	0	99675
12251	4029	998	94952	1916	0	101895
12252	2095	92787	3644	1570	0	100096
12253	1839	98980	1850	1429	0	104098
12254	99326	4015	1493	1059	0	105893
12255	3973	2081	922	99357	0	106333
12256	1520	2057	99410	4273	0	107260
12257	1284	100093	4275	2189	0	107841
12258	101410	3769	2061	1550	0	108790
12259	103038	1582	1346	1504	0	107470
12260	4876	100698	1415	1075	0	108064
12261	2345	4133	104417	1617	0	112512
12262	1486	1348	4558	106930	0	114322
12263	106737	1476	2012	4328	0	114553
12264	109400	1283	1583	1499	0	113765
12265	5753	826	106427	1349	0	114355
12266	2140	1356	4413	103635	0	111544
12267	1858	1602	1876	110898	0	116234
12268	1867	1203	108217	4900	0	116187
12269	1868	754	106078	2500	0	111200
12270	107492	872	5334	1967	0	115665
12271	114200	1377	2403	1118	0	119098
12272	116004	1313	1719	1200	0	120236
12273	117466	680	1466	1207	0	120819
12274	5913	1157	109738	1192	0	118000
12275	110719	1118	4713	847	0	117397
12276	5666	900	2088	109249	0	117903
12277	3589	780	110736	4468	0	119573
12278	2938	887	110572	2019	0	116416
12279	2072	108363	5316	1925	0	117676
12280	1289	3670	2941	110430	0	118330
12281	1853	1426	110541	4884	0	118704
12282	105411	1235	4834	2059	0	113539
12283	4888	1380	2888	93902	0	103058
12284	2479	109171	2436	3347	0	117433
12285	112724	3866	1480	2150	0	120220
12286	114920	1190	1776	1769	0	119655
12287	6190	945	110500	1261	0	118896
12288	3545	108573	4804	1171	0	118093
12289	2980	3239	2155	108421	0	116795
12290	109063	1484	1587	4221	0	116355
12291	4696	1141	1798	107670	0	115305
12292	2424	1148	103368	4129	0	111069
12293	92025	1120	4388	1669	0	99202
12294	4258	99269	1793	1915	0	107235
12295	2017	95114	1938	1747	0	100816
12296	2270	100444	2376	1417	0	106507
12297	101704	3606	1581	1382	0	108273
12298	101287	2146	1162	1236	0	105831
12299	101754	1393	1309	959	0	105415
12300	5315	937	1112	98137	0	105501
12301	2753	945	97499	3802	0	104999
12302	1595	1509	3523	99716	0	106343
12303	101443	1354	1380	3788	0	107965
12304	4496	669	1165	101949	0	108279
12305	105254	623	1171	3749	0	110797
12306	104160	735	1612	2018	0	108525
12307	104811	980	1244	1496	0	108531
12308	4555	103207	920	1712	0	110394
12309	106125	3696	926	1076	0	111823
12310	4216	1784	102831	1156	0	109987
12311	2944	1425	102759	628	0	107756
12312	2862	99487	3351	712	0	106412
12313	2420	3246	2281	97293	0	105240
12314	99382	1480	910	2992	0	104764
12315	3770	1084	96458	1302	0	102614
12316	93418	544	3137	1212	0	98311
12317	4377	578	1360	94464	0	100779
12318	2271	95960	1225	3077	0	102533
12319	1648	2592	1218	101116	0	106574
12320	1995	1067	97970	3145	0	104177
12321	92800	805	2885	1749	0	98239
12322	3980	1013	99503	1212	0	105708
12323	2311	873	95485	1032	0	99701
12324	91461	518	3353	591	0	95923
12325	3220	90698	2143	776	0	96837
12326	95633	2916	1379	493	0	100421
12327	96818	1439	874	597	0	99728
12328	4097	639	92038	473	0	97247
12329	90256	625	3255	490	0	94626
12330	3456	686	90352	722	0	95216
12331	1684	727	83553	672	0	86636
12332	1654	671	83787	685	0	86797
12333	1141	77248	2552	855	0	81796
12334	71212	1617	1555	905	0	75289
12335	68357	821	251	170	0	69599
12336	67697	133	186	123	0	68139
12337	68730	74	197	113	0	69114
12338	1120	112	67162	108	0	68502
12339	483	95	784	66022	0	67384
12340	314	87	317	68458	0	69176
12341	67694	90	236	902	0	68922
12342	830	65014	237	361	0	66442
12343	351	747	163	66579	0	67840
12344	66116	236	170	803	0	67325
12345	944	168	64948	254	0	66314
12346	416	138	769	62799	0	64122
12347	321	163	62826	802	0	64112
12348	239	60224	829	345	0	61637
12349	274	667	225	60220	0	61386
12350	60346	229	189	736	0	61500
12351	749	130	139	58335	0	59353
12352	400	144	58572	742	0	59858
12353	199	55682	719	674	0	57274
12354	57130	624	219	161	0	58134
12355	762	209	57102	129	0	58202
12356	52549	109	939	96	0	53693
12357	606	53839	285	134	0	54864
12358	58955	519	559	66	0	60099
12359	59339	190	70	61	0	59660
12360	739	97	70	58533	0	59439
12361	335	94	56540	617	0	57586
12362	168	54718	646	260	0	55792
12363	133	583	233	58550	0	59499
12364	144	229	121	59838	0	60332
12365	157	102	96	63556	0	63911
12366	166	75	93	65528	0	65862
12367	131	74449	123	1603	0	76306
12368	78054	1471	97	504	0	80126
12369	1689	78627	128	336	0	80780
12370	562	1890	97	86179	0	88728
12371	85231	565	102	2250	0	88148
12372	2254	259	91	85583	0	88187
12373	809	277	83352	2541	0	86979
12374	423	83732	2134	907	0	87196
12375	327	2274	655	84500	0	87756
12376	261	788	431	88899	0	90379
12377	82509	392	284	3022	0	86207
12378	2464	279	80364	1125	0	84232
12379	79817	222	2228	683	0	82950
12380	82087	225	779	451	0	83542
12381	83118	267	403	437	0	84225
12382	3403	311	79940	478	0	84132
12383	1319	366	2320	78257	0	82262
12384	791	306	809	81728	0	83634
12385	625	311	80375	3220	0	84531
12386	559	335	80761	1395	0	83050
12387	79914	211	2989	891	0	84005
12388	2706	226	1155	80663	0	84750
12389	84721	220	700	2804	0	88445
12390	87625	365	495	1221	0	89706
12391	3584	316	415	86273	0	90588
12392	1568	344	90233	3071	0	95216
12393	86912	298	3212	1476	0	91898
12394	3679	182	1158	93049	0	98068
12395	1600	256	88846	3741	0	94443
12396	1179	89059	3213	1462	0	94913
12397	88190	3138	1152	993	0	93473
12398	3562	89318	834	872	0	94586
12399	1626	3594	629	77731	0	83580
12400	1261	90679	574	2952	0	95466
12401	87787	3547	722	1342	0	93398
12402	89131	1143	702	1049	0	92025
12403	4473	87750	591	1052	0	93866
12404	88550	3298	605	912	0	93365
12405	88407	1239	674	991	0	91311
12406	4645	85045	582	1449	0	91721
12407	85863	3314	614	1155	0	90946
12408	4212	1216	752	83001	0	89181
12409	2009	866	757	86506	0	90138
12410	84762	642	576	4379	0	90359
12411	4253	578	643	76891	0	82365
12412	2178	82935	592	3563	0	89268
12413	83171	3405	532	1564	0	88672
12414	82369	1374	616	1200	0	85559
12415	4375	83012	717	1140	0	89244
12416	84915	3488	595	942	0	89940
12417	86205	1370	632	1026	0	89233
12418	5016	933	638	82802	0	89389
12419	2656	946	78730	3763	0	86095
12420	2046	80970	3121	1757	0	87894
12421	82513	3557	1131	1227	0	88428
12422	85460	1499	723	1219	0	88901
12423	5129	1201	80345	1204	0	87879
12424	83718	813	3239	1145	0	88915
12425	4910	847	79382	1251	0	86390
12426	81543	913	3462	1139	0	87057
12427	4858	918	1340	82558	0	89674
12428	2635	1024	81368	3856	0	88883
12429	2044	1153	82781	1780	0	87758
12430	1973	1257	3879	80124	0	87233
12431	1786	1059	1504	82835	0	87184
12432	1838	1002	77891	4437	0	85168
12433	2121	917	3302	79723	0	86063
12434	2008	1141	78070	4236	0	85455
12435	1969	1097	3679	78554	0	85299
12436	2276	1006	1534	77318	0	82134
12437	2163	76137	1207	4214	0	83721
12438	2131	76487	1055	2594	0	82267
12439	2098	79923	1051	1753	0	84825
12440	2071	4188	999	77397	0	84655
12441	1853	1702	1140	80850	0	85545
12442	1755	1149	75438	4860	0	83202
12443	75120	1057	3475	2500	0	82152
12444	79287	989	1628	1888	0	83792
12445	5120	77027	1351	1632	0	85130
12446	80777	3496	1193	1464	0	86930
12447	4866	1554	1055	79769	0	87244
12448	80642	1071	1319	4128	0	87160
12449	82603	960	1110	2190	0	86863
12450	5242	961	1082	80220	0	87505
12451	76417	1089	1300	4199	0	83005
12452	4494	75376	1137	2257	0	83264
12453	2446	79086	932	1885	0	84349
12454	2091	4435	1176	71750	0	79452
12455	2121	77790	1129	3543	0	84583
12456	2093	4169	916	75343	0	82521
12457	2158	1852	983	79959	0	84952
12458	74061	1262	899	4549	0	80771
12459	4466	73017	905	2381	0	80769
12460	71958	3662	882	1638	0	78140
12461	70161	1719	923	1375	0	74178
12462	4657	70745	789	1549	0	77740
12463	71018	3516	809	1554	0	76897
12464	4900	1560	65149	1663	0	73272
12465	2060	62403	2676	1482	0	68621
12466	59512	2749	980	1343	0	64584
12467	3373	1017	46934	938	0	52262
12468	1226	42880	1814	918	0	46838
12469	1035	45082	750	813	0	47680
12470	36928	1637	345	436	0	39346
12471	36136	647	259	494	0	37536
12472	36230	487	238	447	0	37402
12473	1830	33512	249	437	0	36028
12474	862	1286	265	34956	0	37369
12475	34806	590	280	1381	0	37057
12476	36143	473	265	620	0	37501
12477	1734	417	268	34589	0	37008
12478	831	429	34827	1356	0	37443
12479	739	448	34802	567	0	36556
12480	652	825	1382	34043	0	36902
12481	605	351	569	36028	0	37553
12482	619	290	34577	1607	0	37093
12483	635	291	1303	32885	0	35114
12484	563	33418	564	1398	0	35943
12485	33780	1215	425	608	0	36028
12486	1444	470	335	33503	0	35752
12487	32952	310	333	1430	0	35025
12488	1402	33291	371	749	0	35813
12489	568	33132	359	521	0	34580
12490	32493	1124	256	457	0	34330
12491	1173	408	31222	469	0	33272
12492	23434	126	388	186	0	24134
12493	427	23034	820	185	0	24466
12494	122	216	76	22437	0	22851
12495	22675	87	54	247	0	23063
12496	221	75	49	22301	0	22646
12497	24332	48	55	259	0	24694
12498	23677	54	57	140	0	23928
12499	282	24540	72	135	0	25029
12500	24909	159	24	59	0	25151
12501	178	23567	40	70	0	23855
12502	24797	157	27	60	0	25041
12503	191	87	31	24581	0	24890
12504	25291	58	32	173	0	25554
12505	169	31	4	24863	0	25067
12506	27063	29	12	147	0	27251
12507	27970	33	12	56	0	28071
12508	27892	23	11	34	0	27960
12509	27903	27	6	42	0	27978
12510	27541	26	10	22	0	27599
12511	205	19	11	27795	0	28030
12512	26911	18	14	152	0	27095
12513	182	25192	22	74	0	25470
12514	92	148	26360	45	0	26645
12515	72	48	120	25595	0	25835
12516	69	33	27886	174	0	28162
12517	44	40	161	27314	0	27559
12518	68	117	28332	233	0	28750
12519	27215	19	210	103	0	27547
12520	227	25	73	27989	0	28314
12521	109	28	28151	226	0	28514
12522	64	39	28558	101	0	28762
12523	38	19	245	28849	0	29151
12524	31426	11	98	221	0	31756
12525	240	30532	67	135	0	30974
12526	32680	236	33	49	0	32998
12527	31666	107	25	34	0	31832
12528	347	30023	35	38	0	30443
12529	31170	255	16	31	0	31472
12530	308	109	22	31253	0	31692
12531	126	58	20	31212	0	31416
12532	64	37	23	31565	0	31689
12533	31559	22	11	367	0	31959
12534	262	30615	30	169	0	31076
12535	131	299	17	31893	0	32340
12536	57	134	12	32120	0	32323
12537	31990	60	19	457	0	32526
12538	349	42	9	31868	0	32268
12539	175	48	33095	458	0	33776
12540	76	33905	415	225	0	34621
12541	35354	500	136	92	0	36082
12542	554	207	480	33758	0	34999
12543	212	34684	58	491	0	35445
12544	35615	536	38	186	0	36375
12545	636	230	34439	105	0	35410
12546	224	33211	510	91	0	34036
12547	35607	547	182	54	0	36390
12548	565	202	62	34777	0	35606
12549	226	91	50	35341	0	35708
12550	128	87	35069	723	0	36007
12551	83	44	508	34091	0	34726
12552	82	53	38656	656	0	39447
12553	72	80	36471	285	0	36908
12554	78	59	39192	120	0	39449
12555	39053	20	648	94	0	39815
12556	39405	31	266	52	0	39754
12557	41102	26	119	46	0	41293
12558	699	27	78	39744	0	40548
12559	284	39366	66	461	0	40177
12560	156	40560	46	208	0	40970
12561	41771	599	31	100	0	42501
12562	42943	244	39	81	0	43307
12563	601	41638	55	85	0	42379
12564	43322	483	74	51	0	43930
12565	604	220	41802	49	0	42675
12566	281	135	41716	45	0	42177
12567	130	96	622	38436	0	39284
12568	95	53	223	43472	0	43843
12569	94	39	43758	641	0	44532
12570	71	40	530	41640	0	42281
12571	44106	39	218	589	0	44952
12572	528	44	43521	256	0	44349
12573	41909	37	524	123	0	42593
12574	566	45	204	46985	0	47800
12575	320	44	48430	513	0	49307
12576	147	46862	559	264	0	47832
12577	50942	468	209	133	0	51752
12578	558	194	48984	115	0	49851
12579	47915	110	538	77	0	48640
12580	582	91	205	48849	0	49727
12581	49307	52	103	523	0	49985
12582	628	73	52966	225	0	53892
12583	281	57	508	53412	0	54258
12584	56552	49	211	573	0	57385
12585	56262	48	133	257	0	56700
12586	58209	49	120	158	0	58536
12587	58733	42	78	137	0	58990
12588	901	54	82	54807	0	55844
12589	384	66	66	55153	0	55669
12590	267	62	55979	834	0	57142
12591	174	70	617	54534	0	55395
12592	158	66	232	55553	0	56009
12593	136	55919	140	852	0	57047
12594	57927	701	109	335	0	59072
12595	58883	235	87	224	0	59429
12596	1037	61568	90	196	0	62891
12597	382	993	72	61967	0	63414
12598	270	304	69	63672	0	64315
12599	61084	137	74	1383	0	62678
12600	1197	131	62474	495	0	64297
12601	391	73	1039	64197	0	65700
12602	257	67	64541	1266	0	66131
12603	61388	69	1165	436	0	63058
12604	65143	69	387	240	0	65839
12605	65065	56	193	208	0	65522
12606	1492	85	144	61778	0	63499
12607	590	82	89	62189	0	62950
12608	62700	66	91	1437	0	64294
12609	1286	113	60668	496	0	62563
12610	448	89	1071	61442	0	63050
12611	61757	70	346	1253	0	63426
12612	1230	61	178	62270	0	63739
12613	490	73	66718	1283	0	68564
12614	315	123	64292	477	0	65207
12615	62219	62	1291	297	0	63869
12616	1095	64208	481	275	0	66059
12617	70787	1000	225	196	0	72208
12618	72168	268	160	178	0	72774
12619	1395	154	116	71368	0	73033
12620	501	317	119	71626	0	72563
12621	344	70037	123	1424	0	71928
12622	71513	1035	129	443	0	73120
12623	1185	70352	148	341	0	72026
12624	400	71734	119	287	0	72540
12625	273	1272	92	71761	0	73398
12626	71211	365	105	1158	0	72839
12627	72149	222	101	391	0	72863
12628	1410	138	112	70290	0	71950
12629	522	111	94	70963	0	71690
12630	381	91	70	71261	0	71803
12631	69992	90	92	1516	0	71690
12632	1290	85	69467	609	0	71451
12633	452	68634	1101	463	0	70650
12634	71030	955	303	321	0	72609
12635	1198	633	201	69997	0	72029
12636	502	198	70563	1197	0	72460
12637	448	203	69840	445	0	70936
12638	346	68487	1157	374	0	70364
12639	271	73149	361	349	0	74130
12640	506	975	170	72202	0	73853
12641	273	69631	200	905	0	71009
12642	263	895	103	72877	0	74138
12643	236	251	109	74109	0	74705
12644	74459	172	109	1165	0	75905
12645	1000	139	108	73861	0	75108
12646	363	135	142	75028	0	75668
12647	340	160	73359	1180	0	75039
12648	303	145	835	74482	0	75765
12649	76407	144	242	1164	0	77957
12650	75916	146	190	456	0	76708
12651	1202	75834	203	392	0	77631
12652	75784	999	111	334	0	77228
12653	1348	430	73834	353	0	75965
12654	487	74143	1015	385	0	76030
12655	363	1129	286	77869	0	79647
12656	313	374	213	78845	0	79745
12657	344	259	168	79014	0	79785
12658	78954	209	178	1524	0	80865
12659	74569	198	251	638	0	75656
12660	1448	189	76320	488	0	78445
12661	625	239	75010	395	0	76269
12662	531	313	74107	387	0	75338
12663	398	73116	1302	480	0	75296
12664	399	73855	485	418	0	75157
12665	78112	1303	236	420	0	80071
12666	78321	388	217	466	0	79392
12667	1388	281	211	80696	0	82576
12668	539	230	201	80482	0	81452
12669	431	79843	268	1549	0	82091
12670	357	1196	270	83132	0	84955
12671	417	475	79907	1506	0	82305
12672	339	79421	1255	707	0	81722
12673	372	1223	368	82517	0	84480
12674	377	502	79216	1346	0	81441
12675	387	397	1166	74822	0	76772
12676	342	75705	370	1318	0	77735
12677	80110	1288	202	645	0	82245
12678	79622	439	173	559	0	80793
12679	81441	333	183	524	0	82481
12680	1675	289	191	82236	0	84391
12681	646	303	168	85077	0	86194
12682	83753	300	198	1786	0	86037
12683	1594	82616	292	780	0	85282
12684	85978	1435	268	530	0	88211
12685	1825	541	92040	442	0	94848
12686	95623	337	1877	427	0	98264
12687	98493	281	619	453	0	99846
12688	2676	236	317	97391	0	100620
12689	99064	267	257	2255	0	101843
12690	98981	290	299	988	0	100558
12691	2760	296	259	101649	0	104964
12692	1061	349	96971	2325	0	100706
12693	92052	239	1986	977	0	95254
12694	2324	551	95240	685	0	98800
12695	782	99198	1976	996	0	102952
12696	388	1999	1446	99243	0	103076
12697	319	591	462	104886	0	106258
12698	111606	251	227	2534	0	114618
12699	2539	484	109066	865	0	112954
12700	801	278	2339	107875	0	111293
12701	406	111071	823	2487	0	114787
12702	316	112818	436	868	0	114438
12703	351	3077	271	114790	0	118489
12704	418	953	110594	2884	0	114849
12705	374	439	2548	113255	0	116616
12706	353	314	761	114198	0	115626
12707	434	1603	102089	3429	0	107555
12708	343	111408	2327	1229	0	115307
12709	109665	2789	728	656	0	113838
12710	2635	113851	435	609	0	117530
12711	919	2933	292	114824	0	118968
12712	108461	919	327	2971	0	112678
12713	2588	107293	464	1099	0	111444
12714	1019	2769	105181	608	0	109577
12715	105426	887	2504	518	0	109335
12716	2726	108368	900	612	0	112606
12717	110345	2699	431	463	0	113938
12718	3208	948	103716	482	0	108354
12719	104779	451	2561	403	0	108194
12720	3047	398	837	104432	0	108714
12721	1149	460	103379	2780	0	107768
12722	704	367	2538	101576	0	105185
12723	522	103066	884	2834	0	107306
12724	540	2650	432	105165	0	108787
12725	566	865	326	106667	0	108424
12726	595	537	101494	3530	0	106156
12727	563	342	2537	104847	0	108289
12728	694	1060	88453	3282	0	93489
12729	534	102343	2147	1455	0	106479
12730	566	2759	753	105486	0	109564
12731	701	1009	102997	3001	0	107708
12732	564	103349	2808	1281	0	108002
12733	580	108907	1020	837	0	111344
12734	723	3435	106454	684	0	111296
12735	771	1156	105144	636	0	107707
12736	662	612	3302	105134	0	109710
12737	105510	447	1039	3211	0	110207
12738	3162	103790	597	1450	0	108999
12739	1285	3042	457	102566	0	107350
12740	103804	1013	453	3169	0	108439
12741	3274	102129	491	1370	0	107264
12742	103090	2974	479	888	0	107431
12743	3513	104047	430	850	0	108840
12744	105890	3100	509	759	0	110258
12745	106310	1080	522	844	0	108756
12746	106689	663	499	762	0	108613
12747	4357	107639	567	873	0	113436
12748	1765	3136	837	109408	0	115146
12749	1382	1199	103934	3519	0	110034
12750	1206	105707	3145	1660	0	111718
12751	1109	3130	1158	106041	0	111438
12752	1146	1176	809	108018	0	111149
12753	1161	778	99357	4152	0	105448
12754	1076	97070	3131	1806	0	103083
12755	97866	3139	1223	1188	0	103416
12756	3567	97146	776	1179	0	102668
12757	1700	3200	602	99906	0	105408
12758	1111	1291	97871	3719	0	103992
12759	93023	864	3309	1631	0	98827
12760	3389	684	1210	100536	0	105819
12761	1203	802	97446	3776	0	103227
12762	92655	768	3336	1698	0	98457
12763	3225	95765	1327	1368	0	101685
12764	98230	3419	892	1137	0	103678
12765	99456	1538	586	1244	0	102824
12766	3845	927	661	97643	0	103076
12767	1513	915	92762	3758	0	98948
12768	1019	91699	3196	1670	0	97584
12769	706	3435	92029	1185	0	97355
12770	576	1626	3157	91902	0	97261
12771	542	1246	1314	96682	0	99784
12772	93882	955	873	4160	0	99870
12773	3219	861	90851	1948	0	96879
12774	1309	91221	3279	1189	0	96998
12775	956	3444	1137	92264	0	97801
12776	844	1482	784	96623	0	99733
12777	92047	1126	679	3799	0	97651
12778	3335	92283	544	1652	0	97814
12779	1514	3285	490	91490	0	96779
12780	86141	1548	526	3348	0	91563
12781	2892	86804	571	1485	0	91752
12782	85293	2936	401	779	0	89409
12783	82821	1303	531	554	0	85209
12784	3530	80698	618	727	0	85573
12785	68250	2032	228	302	0	70812
12786	2163	68314	266	352	0	71095
12787	69257	2028	256	304	0	71845
12788	68903	598	284	355	0	70140
12789	2315	66686	257	432	0	69690
12790	66117	1853	191	364	0	68525
12791	68194	565	208	354	0	69321
12792	69128	500	226	351	0	70205
12793	2503	441	65429	373	0	68746
12794	881	341	62031	374	0	63627
12795	572	334	61953	259	0	63118
12796	62750	387	2583	234	0	65954
12797	1843	352	59624	322	0	62141
12798	561	417	50543	144	0	51665
12799	689	143	1207	44887	0	46926
12800	46354	145	868	900	0	48267
12801	1021	156	46902	382	0	48461
12802	480	184	49463	252	0	50379
12803	348	166	1225	48111	0	49850
12804	262	147	534	50442	0	51385
12805	253	140	301	51425	0	52119
12806	248	171	49469	1406	0	51294
12807	215	151	994	50050	0	51410
12808	49634	156	414	1203	0	51407
12809	1060	48955	316	603	0	50934
12810	496	986	221	49773	0	51476
12811	349	423	197	50728	0	51697
12812	326	320	48271	1356	0	50273
12813	242	45612	1003	671	0	47528
12814	47454	998	425	403	0	49280
12815	1038	46916	371	365	0	48690
12816	495	1108	242	48063	0	49908
12817	429	497	47335	1117	0	49378
12818	319	341	1062	53053	0	54775
12819	273	206	491	54738	0	55708
12820	53905	182	377	1830	0	56294
12821	1513	190	283	52680	0	54666
12822	568	51781	328	1713	0	54390
12823	392	56291	313	709	0	57705
12824	368	1748	56430	471	0	59017
12825	56604	584	1562	783	0	59533
12826	1653	341	573	57639	0	60206
12827	638	247	355	58252	0	59492
12828	409	207	250	60147	0	61013
12829	60409	181	233	2248	0	63071
12830	1726	59004	268	992	0	61990
12831	60413	1622	287	572	0	62894
12832	1905	561	55555	412	0	58433
12833	662	371	55611	325	0	56969
12834	57085	242	1969	320	0	59616
12835	1776	213	918	57354	0	60261
12836	676	195	480	59738	0	61089
12837	467	191	351	61030	0	62039
12838	356	206	57464	2321	0	60347
12839	58542	184	1604	959	0	61289
12840	58739	188	595	673	0	60195
12841	58300	190	491	505	0	59486
12842	2255	193	360	56850	0	59658
12843	949	200	54602	1966	0	57717
12844	644	284	53273	889	0	55090
12845	461	276	53735	689	0	55161
12846	410	52991	1999	583	0	55983
12847	577	1304	1017	50070	0	52968
12848	49653	485	709	1569	0	52416
12849	1422	356	48326	733	0	50837
12850	49230	163	1431	596	0	51420
12851	1574	175	646	50429	0	52824
12852	663	245	443	50128	0	51479
12853	544	47657	388	1844	0	50433
12854	417	48906	407	932	0	50662
12855	420	50709	414	688	0	52231
12856	456	1606	405	51003	0	53470
12857	49526	553	386	1659	0	52124
12858	50589	337	355	923	0	52204
12859	1832	264	48336	688	0	51120
12860	48649	209	1418	657	0	50933
12861	1716	224	47853	618	0	50411
12862	812	260	1549	49080	0	51701
12863	599	226	48257	1647	0	50729
12864	48266	237	1592	805	0	50900
12865	1607	215	729	50145	0	52696
12866	775	228	52561	1635	0	55199
12867	595	251	50473	841	0	52160
12868	50851	222	1801	700	0	53574
12869	52409	219	774	625	0	54027
12870	1767	53166	615	564	0	56112
12871	797	1282	542	55549	0	58170
12872	563	550	54432	1595	0	57140
12873	530	404	53592	805	0	55331
12874	458	282	1634	54169	0	56543
12875	54217	253	786	1889	0	57145
12876	1497	52767	505	872	0	55641
12877	723	1385	349	55786	0	58243
12878	56661	579	338	1724	0	59302
12879	1610	470	305	55693	0	58078
12880	815	55368	394	1687	0	58264
12881	608	1368	416	57779	0	60171
12882	57110	545	466	1682	0	59803
12883	1699	385	445	57253	0	59782
12884	56912	303	485	1838	0	59538
12885	1660	56607	527	968	0	59762
12886	57426	1354	537	800	0	60117
12887	1908	501	54767	699	0	57875
12888	54500	367	1673	642	0	57182
12889	57381	331	837	593	0	59142
12890	2112	56268	638	687	0	59705
12891	940	1660	483	54351	0	57434
12892	672	527	53314	1523	0	56036
12893	575	354	51024	791	0	52744
12894	48567	683	1872	578	0	51700
12895	49200	207	644	509	0	50560
12896	1346	48916	445	735	0	51442
12897	746	51117	370	507	0	52740
12898	50478	1232	443	453	0	52606
12899	1259	49560	440	494	0	51753
12900	700	51971	405	494	0	53570
12901	521	1129	322	51204	0	53176
12902	429	458	299	50061	0	51247
12903	464	286	49407	1488	0	51645
12904	475	228	988	49147	0	50838
12905	49794	191	454	1409	0	51848
12906	1312	271	48695	613	0	50891
12907	729	274	49490	483	0	50976
12908	587	278	1128	48337	0	50330
12909	513	265	520	51352	0	52650
12910	552	229	395	51757	0	52933
12911	524	279	50140	1290	0	52233
12912	464	337	1100	49647	0	51548
12913	438	246	528	52893	0	54105
12914	50318	213	379	1164	0	52074
12915	1122	49249	428	509	0	51308
12916	51122	970	304	1140	0	53536
12917	1265	319	51032	410	0	53026
12918	42410	161	629	183	0	43383
12919	672	45815	363	221	0	47071
12920	43312	339	155	139	0	43945
12921	365	41802	103	170	0	42440
12922	41623	299	94	108	0	42124
12923	238	38939	46	53	0	39276
12924	78	38127	30	43	0	38278
12925	105	167	145	39524	0	39941
12926	39506	48	54	126	0	39734
12927	38970	30	11	55	0	39066
12928	39152	22	17	42	0	39233
12929	177	42	37305	40	0	37564
12930	86	43	37876	26	0	38031
12931	38	22	190	39220	0	39470
12932	29	38954	95	193	0	39271
12933	25	39618	51	87	0	39781
12934	32	241	18	39971	0	40262
12935	39545	79	14	195	0	39833
12936	39126	41	19	77	0	39263
12937	39406	21	14	44	0	39485
12938	297	50	38802	35	0	39184
12939	115	26	203	39367	0	39711
12940	64	41	40183	236	0	40524
12941	39972	23	236	90	0	40321
12942	40625	27	96	48	0	40796
12943	316	37	40059	45	0	40457
12944	125	34	224	39878	0	40261
12945	41806	37	79	263	0	42185
12946	258	40	41	42017	0	42356
12947	117	30	23	42819	0	42989
12948	71	41	34	46204	0	46350
12949	48858	37	29	552	0	49476
12950	503	25	31	51253	0	51812
12951	53079	30	33	690	0	53832
12952	770	56144	88	205	0	57207
12953	239	848	40	60507	0	61634
12954	155	248	33	61288	0	61724
12955	101	123	44	61134	0	61402
12956	60407	44	51	1389	0	61891
12957	1118	45	39	60015	0	61217
12958	309	52	37	59933	0	60331
12959	61344	36	40	1275	0	62695
12960	61996	41	43	466	0	62546
12961	62533	43	35	233	0	62844
12962	1523	68	58340	125	0	60056
12963	531	103	55156	130	0	55920
12964	59362	48	1222	112	0	60744
12965	1201	40	369	59032	0	60642
12966	396	46	156	56534	0	57132
12967	58615	34	82	1384	0	60115
12968	57302	48	64	512	0	57926
12969	55989	72	74	260	0	56395
12970	1422	52875	79	184	0	54560
12971	54656	1050	46	166	0	55918
12972	52107	284	77	154	0	52622
12973	1395	51411	90	184	0	53080
12974	507	51002	101	157	0	51767
12975	309	1129	57	52966	0	54461
12976	55114	325	55	1159	0	56653
12977	55479	136	66	363	0	56044
12978	53568	62	68	265	0	53963
12979	1601	72	68	52630	0	54371
12980	53036	45	80	1271	0	54432
12981	1444	109	50842	420	0	52815
12982	52101	82	1111	289	0	53583
12983	1448	92	52404	192	0	54136
12984	559	107	50854	204	0	51724
12985	361	61	1209	51620	0	53251
12986	51646	59	373	1281	0	53359
12987	1192	59	187	53335	0	54773
12988	467	70	52855	1453	0	54845
12989	351	102	52450	524	0	53427
12990	281	79	1272	51328	0	52960
12991	50913	109	414	1246	0	52682
12992	1224	52273	244	520	0	54261
12993	549	1029	144	53874	0	55596
12994	479	296	125	55847	0	56747
12995	381	171	54474	1595	0	56621
12996	399	116	52281	650	0	53446
12997	325	246	1306	54154	0	56031
12998	54345	53	482	1433	0	56313
12999	1449	116	52516	633	0	54714
13000	669	112	1092	53171	0	55044
13001	551	122	360	54106	0	55139
13002	464	140	219	54662	0	55485
13003	52000	140	158	1838	0	54136
13004	1562	432	43837	901	0	46732
13005	684	51064	818	824	0	53390
13006	639	1128	272	53125	0	55164
13007	628	348	50875	1680	0	53531
13008	662	49348	1212	910	0	52132
13009	774	52009	432	723	0	53938
13010	51390	1421	346	841	0	53998
13011	1800	51028	247	620	0	53695
13012	53517	1364	289	701	0	55871
13013	1873	476	51220	774	0	54343
13014	939	337	1278	52717	0	55271
13015	53143	208	456	2013	0	55820
13016	1833	51935	325	1306	0	55399
13017	1191	1286	51908	1089	0	55474
13018	1183	475	1313	46117	0	49088
13019	1135	52317	516	1556	0	55524
13020	1097	1454	401	54153	0	57105
13021	53026	592	375	1914	0	55907
13022	2031	53006	393	1113	0	56543
13023	53665	1352	394	1018	0	56429
13024	54706	489	363	869	0	56427
13025	2441	365	51938	891	0	55635
13026	1517	53166	1494	834	0	57011
13027	1425	1427	554	57760	0	61166
13028	1364	519	59327	2031	0	63241
13029	1434	431	65326	834	0	68025
13030	1142	655	2568	65576	0	69941
13031	68714	284	1039	2399	0	72436
13032	69449	331	712	977	0	71469
13033	3477	339	485	69371	0	73672
13034	1695	427	68249	2824	0	73195
13035	1288	69566	2350	1301	0	74505
13036	72464	2411	742	913	0	76530
13037	73176	828	504	646	0	75154
13038	3551	71491	428	701	0	76171
13039	74349	2521	520	553	0	77943
13040	3414	984	69578	679	0	74655
13041	71206	662	2494	502	0	74864
13042	72086	449	947	509	0	73991
13043	3440	464	70600	535	0	75039
13044	1520	339	2636	70608	0	75103
13045	1237	264	68880	2826	0	73207
13046	994	67717	2853	1138	0	72702
13047	871	70379	1153	1018	0	73421
13048	747	3558	714	64720	0	69739
13049	523	907	61670	2415	0	65515
13050	382	59024	2122	953	0	62481
13051	197	58144	751	678	0	59770
13052	51471	2052	783	267	0	54573
13053	52234	650	402	234	0	53520
13054	1661	346	293	51888	0	54188
13055	746	253	234	51289	0	52522
13056	550	52120	162	1693	0	54525
13057	51602	1499	124	735	0	53960
13058	53189	478	259	414	0	54340
13059	1762	52276	189	436	0	54663
13060	743	1476	138	52979	0	55336
13061	584	589	51575	1516	0	54264
13062	393	530	1280	52356	0	54559
13063	53329	231	655	1605	0	55820
13064	1577	230	379	53011	0	55197
13065	690	170	182	54900	0	55942
13066	54500	122	206	1908	0	56736
13067	1639	144	299	53274	0	55356
13068	640	52975	169	1789	0	55573
13069	431	1396	319	54692	0	56838
13070	273	606	158	55787	0	56824
13071	234	480	153	54131	0	54998
13072	215	53570	180	2034	0	55999
13073	184	1558	250	55054	0	57046
13074	186	702	52639	1897	0	55424
13075	167	519	1375	52190	0	54251
13076	357	362	50715	1859	0	53293
13077	392	49506	1427	780	0	52105
13078	253	1486	467	52599	0	54805
13079	219	522	317	53385	0	54443
13080	223	483	245	53358	0	54309
13081	377	264	203	53188	0	54032
13082	463	353	49472	2209	0	52497
13083	301	49076	1395	1043	0	51815
13084	292	1464	441	51802	0	53999
13085	295	575	51967	1864	0	54701
13086	281	355	1586	52939	0	55161
13087	53500	295	680	1984	0	56459
13088	1726	342	50330	995	0	53393
13089	50466	240	1508	826	0	53040
13090	2026	200	596	52403	0	55225
13091	844	224	51207	2078	0	54353
13092	666	49578	1684	962	0	52890
13093	547	1630	619	51308	0	54104
13094	554	668	51097	2073	0	54392
13095	415	49625	1729	1104	0	52873
13096	345	1920	647	52431	0	55343
13097	52006	766	496	2118	0	55386
13098	52885	583	492	846	0	54806
13099	54053	412	379	832	0	55676
13100	2434	428	51380	565	0	54807
13101	1035	52019	1716	559	0	55329
13102	743	1772	690	53516	0	56721
13103	580	738	466	57865	0	59649
13104	57388	502	374	2680	0	60944
13105	2043	58726	437	1323	0	62529
13106	61064	2217	490	853	0	64624
13107	60818	1015	308	771	0	62912
13108	62561	678	326	758	0	64323
13109	2993	583	59710	596	0	63882
13110	60810	441	2114	709	0	64074
13111	2801	442	782	61475	0	65500
13112	1115	406	619	62181	0	64321
13113	60751	336	370	2943	0	64400
13114	2555	309	353	59265	0	62482
13115	1114	57597	440	3228	0	62379
13116	772	2294	225	59584	0	62875
13117	57495	767	264	3043	0	61569
13118	2394	645	55011	1510	0	59560
13119	981	54529	1977	1028	0	58515
13120	674	2156	687	56439	0	59956
13121	56077	861	426	2554	0	59918
13122	2507	544	54683	1228	0	58962
13123	1315	644	2128	54556	0	58643
13124	764	379	54734	2584	0	58461
13125	704	477	53289	1907	0	56377
13126	560	324	53504	1102	0	55490
13127	415	217	52283	711	0	53626
13128	328	204	47796	540	0	48868
13129	38302	628	2201	353	0	41484
13130	998	39614	589	325	0	41526
13131	38059	761	284	188	0	39292
13132	37525	260	217	160	0	38162
13133	1048	35801	194	179	0	37222
13134	416	35706	190	185	0	36497
13135	36113	895	520	155	0	37683
13136	36403	325	128	136	0	36992
13137	1029	225	131	33933	0	35318
13138	453	34197	138	841	0	35629
13139	35048	761	101	307	0	36217
13140	899	33855	142	252	0	35148
13141	403	836	132	34833	0	36204
13142	35286	336	127	810	0	36559
13143	35160	199	143	349	0	35851
13144	1046	168	136	34661	0	36011
13145	464	135	109	35661	0	36369
13146	360	148	34098	1034	0	35640
13147	267	142	768	33604	0	34781
13148	274	137	34224	975	0	35610
13149	223	132	826	32623	0	33804
13150	253	98	349	34462	0	35162
13151	34336	114	246	1081	0	35777
13152	33954	131	215	486	0	34786
13153	1048	140	32710	349	0	34247
13154	32505	101	817	268	0	33691
13155	1008	120	363	33211	0	34702
13156	454	129	32833	897	0	34313
13157	367	120	875	32333	0	33695
13158	348	106	345	34891	0	35690
13159	300	140	33810	1140	0	35390
13160	293	130	917	33661	0	35001
13161	315	126	34319	1102	0	35862
13162	244	149	1019	35097	0	36509
13163	38047	136	393	1201	0	39777
13164	1188	38702	299	602	0	40791
13165	40645	1119	236	346	0	42346
13166	1326	41021	203	405	0	42955
13167	40563	1282	174	284	0	42303
13168	1437	39791	185	293	0	41706
13169	39562	1333	155	275	0	41325
13170	1429	39673	178	323	0	41603
13171	749	1380	123	40261	0	42513
13172	574	613	39587	1286	0	42060
13173	542	440	39118	607	0	40707
13174	477	308	1483	39478	0	41746
13175	39757	256	641	1391	0	42045
13176	1421	39453	422	746	0	42042
13177	688	1240	323	40699	0	42950
13178	516	531	39602	1487	0	42136
13179	399	366	39835	783	0	41383
13180	376	375	1520	37350	0	39621
13181	308	39585	728	1347	0	41968
13182	40140	1225	465	718	0	42548
13183	1386	561	41518	523	0	43988
13184	650	402	41183	450	0	42685
13185	412	41245	1616	417	0	43690
13186	41872	1318	782	339	0	44311
13187	42627	550	520	311	0	44008
13188	1976	353	442	42230	0	45001
13189	43365	288	404	1254	0	45311
13190	42506	251	392	612	0	43761
13191	1633	42263	414	467	0	44777
13192	43506	1150	437	287	0	45380
13193	1547	552	43161	306	0	45566
13194	775	363	1259	42229	0	44626
13195	605	287	607	42924	0	44423
13196	41549	263	404	1471	0	43687
13197	1362	40966	305	740	0	43373
13198	41034	1252	271	393	0	42950
13199	1397	41407	243	357	0	43404
13200	764	41664	221	342	0	42991
13201	518	1447	40194	256	0	42415
13202	453	665	39471	220	0	40809
13203	35194	571	900	177	0	36842
13204	37209	259	380	166	0	38014
13205	1002	250	34342	129	0	35723
13206	455	32606	693	123	0	33877
13207	271	33967	350	129	0	34717
13208	35509	790	199	96	0	36594
13209	35760	402	176	70	0	36408
13210	866	239	178	36800	0	38083
13211	38331	205	156	604	0	39296
13212	784	190	160	37570	0	38704
13213	448	176	38127	690	0	39441
13214	317	223	35067	339	0	35946
13215	36920	145	810	227	0	38102
13216	769	161	376	36349	0	37655
13217	419	40046	257	563	0	41285
13218	42353	642	226	294	0	43515
13219	41939	304	218	206	0	42667
13220	992	217	42756	152	0	44117
13221	42161	143	651	205	0	43160
13222	44479	175	353	126	0	45133
13223	1040	152	205	43012	0	44409
13224	572	42539	266	631	0	44008
13225	392	44375	231	305	0	45303
13226	376	928	176	45442	0	46922
13227	365	466	138	44160	0	45129
13228	347	295	136	44640	0	45418
13229	360	223	43356	1111	0	45050
13230	324	297	41052	516	0	42189
13231	331	200	965	41849	0	43345
13232	298	253	42905	896	0	44352
13233	317	211	42720	467	0	43715
13234	234	236	1119	41309	0	42898
13235	335	177	43088	873	0	44473
13236	245	42495	948	523	0	44211
13237	46024	812	517	346	0	47699
13238	853	422	414	45198	0	46887
13239	503	44978	340	845	0	46666
13240	359	844	46989	633	0	48825
13241	288	543	876	46680	0	48387
13242	298	322	50097	937	0	51654
13243	240	199	1055	49820	0	51314
13244	262	200	520	52585	0	53567
13245	276	204	53120	1366	0	54966
13246	254	205	1087	51224	0	52770
13247	219	53264	590	1172	0	55245
13248	309	1037	365	56553	0	58264
13249	295	480	56128	1283	0	58186
13250	288	304	1095	54981	0	56668
13251	54472	229	510	1333	0	56544
13252	1081	54687	379	731	0	56878
13253	671	1020	310	56507	0	58508
13254	455	805	55756	1226	0	58242
13255	323	53896	1098	713	0	56030
13256	296	56210	481	458	0	57445
13257	443	1490	54043	335	0	56311
13258	229	762	953	51420	0	53364
13259	239	316	493	53308	0	54356
13260	242	256	54155	1252	0	55905
13261	160	51093	981	696	0	52930
13262	188	54817	540	423	0	55968
13263	50623	783	396	175	0	51977
13264	602	50847	170	181	0	51800
13265	52113	624	75	115	0	52927
13266	766	239	78	49864	0	50947
13267	53756	155	71	599	0	54581
13268	657	125	52702	257	0	53741
13269	51477	97	581	164	0	52319
13270	665	82	217	53993	0	54957
13271	258	53510	168	649	0	54585
13272	56221	571	87	247	0	57126
13273	583	327	99	56235	0	57244
13274	215	57366	127	606	0	58314
13275	124	60424	124	274	0	60946
13276	62396	719	75	168	0	63358
13277	63143	282	84	150	0	63659
13278	63332	155	104	123	0	63714
13279	820	117	86	60978	0	62001
13280	310	58775	131	657	0	59873
13281	171	60814	137	293	0	61415
13282	126	729	98	61982	0	62935
13283	60621	273	341	687	0	61922
13284	59189	157	102	301	0	59749
13285	58321	114	106	193	0	58734
13286	859	161	58529	145	0	59694
13287	554	241	55958	137	0	56890
13288	61713	105	743	142	0	62703
13289	681	104	298	62078	0	63161
13290	284	101	169	62474	0	63028
13291	167	122	99	62056	0	62444
13292	117	140	118	62734	0	63109
13293	125	141	61753	990	0	63009
13294	115	98	642	60781	0	61636
13295	113	125	62284	883	0	63405
13296	57428	101	757	409	0	58695
13297	642	60508	362	318	0	61830
13298	266	630	234	64862	0	65992
13299	167	271	195	64409	0	65042
13300	63802	175	141	918	0	65036
13301	62616	153	153	426	0	63348
13302	62285	153	139	293	0	62870
13303	62102	124	149	254	0	62629
13304	975	162	62820	214	0	64171
13305	429	153	60827	200	0	61609
13306	243	113	801	60796	0	61953
13307	62970	92	363	763	0	64188
13308	60746	118	445	373	0	61682
13309	860	138	60525	305	0	61828
13310	364	105	642	57775	0	58886
13311	59550	103	307	788	0	60748
13312	725	94	208	58971	0	59998
13313	362	126	63806	876	0	65170
13314	275	155	615	63358	0	64403
13315	64577	137	288	853	0	65855
13316	678	65021	261	468	0	66428
13317	66219	695	148	287	0	67349
13318	66981	299	119	271	0	67670
13319	66899	215	129	227	0	67470
13320	943	169	104	65527	0	66743
13321	65303	161	120	704	0	66288
13322	780	68888	156	368	0	70192
13323	355	71513	155	297	0	72320
13324	212	1350	94	70697	0	72353
13325	71941	527	84	1030	0	73582
13326	1111	72983	107	519	0	74720
13327	87832	1260	68	250	0	89410
13328	94419	564	109	235	0	95327
13329	2915	99086	144	234	0	102379
13330	1102	2581	85	100898	0	104666
13331	663	871	64	103767	0	105365
13332	517	574	99415	3413	0	103919
13333	517	312	2490	97899	0	101218
13334	507	397	98337	3308	0	102549
13335	392	96015	2843	1531	0	100781
13336	335	2687	889	101883	0	105794
13337	97784	976	576	3281	0	102617
13338	99839	521	459	1466	0	102285
13339	3397	361	417	100483	0	104658
13340	1281	425	96749	3228	0	101683
13341	88464	364	2654	1430	0	92912
13342	2845	92435	1050	942	0	97272
13343	1156	92514	546	747	0	94963
13344	868	95469	376	826	0	97539
13345	663	3420	322	92657	0	97062
13346	597	1280	94386	2738	0	99001
13347	437	743	2545	93480	0	97205
13348	464	656	94922	2981	0	99023
13349	379	654	94415	1158	0	96606
13350	316	635	96677	726	0	98354
13351	275	499	3572	90400	0	94746
13352	239	411	1489	96349	0	98488
13353	188	361	966	98977	0	100492
13354	164	302	799	98797	0	100062
13355	97300	208	743	3963	0	102214
13356	2487	94852	788	1803	0	99930
13357	97687	2476	588	1239	0	101990
13358	2769	98240	528	1068	0	102605
13359	1049	2849	357	100316	0	104571
13360	642	1099	306	106376	0	108423
13361	103903	690	263	3809	0	108665
13362	103593	543	210	1680	0	106026
13363	105101	538	214	1070	0	106923
13364	103672	518	218	822	0	105230
13365	103539	475	167	785	0	104966
13366	4028	99358	195	805	0	104386
13367	99128	2696	192	662	0	102678
13368	3466	97089	220	654	0	101429
13369	99401	2861	264	529	0	103055
13370	3737	1155	97105	494	0	102491
13371	1828	769	2447	94458	0	99502
13372	1350	98818	920	2412	0	103500
13373	1100	2849	730	101063	0	105742
13374	1024	1345	97822	2993	0	103184
13375	860	1370	2581	96413	0	101224
13376	94108	667	1099	3286	0	99160
13377	2693	93138	806	1812	0	98449
13378	1105	96456	608	1380	0	99549
13379	976	3479	96520	1070	0	102045
13380	656	1620	2681	94486	0	99443
13381	619	99130	1225	2977	0	103951
13382	651	2965	805	104132	0	108553
13383	676	1429	101426	3413	0	106944
13384	608	96297	2930	1933	0	101768
13385	678	3086	100186	1115	0	105065
13386	790	1572	99685	905	0	102952
13387	637	1101	3440	99085	0	104263
13388	101036	907	1517	3089	0	106549
13389	2850	854	1059	102180	0	106943
13390	1311	763	101329	3447	0	106850
13391	843	787	3215	103515	0	108360
13392	714	800	106444	3631	0	111589
13393	699	729	104791	1801	0	108020
13394	103805	586	4216	1412	0	110019
13395	111038	577	1875	1271	0	114761
13396	111178	488	1353	1350	0	114369
13397	4094	396	107595	1281	0	113366
13398	1798	435	108122	1143	0	111498
13399	1244	441	4519	104282	0	110486
13400	1132	478	2024	110170	0	113804
13401	108539	536	1253	4079	0	114407
13402	3534	511	1012	109188	0	114245
13403	1692	525	109679	3951	0	115847
13404	1178	552	107540	2047	0	111317
13405	955	105908	4022	1607	0	112492
13406	1052	2960	1707	111335	0	117054
13407	1169	1269	112269	3674	0	118381
13408	946	829	3534	110726	0	116035
13409	112434	633	1729	4033	0	118829
13410	3432	630	113783	2003	0	119848
13411	1592	567	3563	113988	0	119710
13412	1214	592	1662	118166	0	121634
13413	1160	574	109809	4519	0	116062
13414	1029	483	3594	108919	0	114025
13415	985	498	108577	4178	0	114238
13416	101046	516	4140	2077	0	107779
13417	3368	520	1714	103060	0	108662
13418	1546	102765	1294	3726	0	109331
13419	104928	3004	1026	1945	0	110903
13420	104014	1167	992	1455	0	107628
13421	4103	103153	1006	1324	0	109586
13422	1415	6423	757	91770	0	100365
13423	1083	94644	738	2715	0	99180
13424	986	96666	599	1487	0	99738
13425	2131	3404	88926	1006	0	95467
13426	1009	89108	2478	882	0	93477
13427	725	2993	74437	619	0	78774
13428	56499	814	814	218	0	58345
13429	57943	148	323	170	0	58584
13430	705	61772	203	242	0	62922
13431	277	62597	202	222	0	63298
13432	182	63264	179	165	0	63790
13433	65396	741	273	162	0	66572
13434	662	265	143	64492	0	65562
13435	322	198	68204	684	0	69408
13436	138	67398	759	376	0	68671
13437	139	719	267	71548	0	72673
13438	163	301	195	69233	0	69892
13439	124	81041	210	938	0	82313
13440	89166	1410	143	352	0	91071
13441	1883	400	88385	221	0	90889
13442	548	289	1849	108787	0	111473
13443	198	122877	512	2917	0	126504
13444	123952	3552	264	690	0	128458
13445	3840	1003	119402	496	0	124741
13446	846	117500	3613	524	0	122483
13447	555	3839	786	120941	0	126121
13448	519	1008	118566	3664	0	123757
13449	114744	607	3942	870	0	120163
13450	3753	483	906	118308	0	123450
13451	1014	366	115471	4051	0	120902
13452	572	115146	3997	1339	0	121054
13453	114793	3701	956	650	0	120100
13454	3599	116376	672	615	0	121262
13455	117552	4147	488	368	0	122555
13456	120202	1248	305	439	0	122194
13457	4648	937	296	114056	0	119937
13458	1599	111160	502	3849	0	117110
13459	1136	3531	110494	984	0	116145
13460	699	1039	3779	111340	0	116857
13461	510	887	1095	109452	0	111944
13462	437	510	802	115498	0	117247
13463	506	422	590	115847	0	117365
13464	468	362	398	117427	0	118655
13465	111257	336	474	6231	0	118298
13466	111715	430	464	2075	0	114684
13467	109813	550	375	1415	0	112153
13468	4749	105547	540	1182	0	112018
13469	1961	3672	109061	705	0	115399
13470	1496	1138	110552	569	0	113755
13471	947	925	111619	809	0	114300
13472	556	824	5203	103255	0	109838
13473	546	678	1959	108749	0	111932
13474	581	401	1214	110903	0	113099
13475	497	531	104111	5526	0	110665
13476	557	101295	4228	2629	0	108709
13477	696	3901	105016	1719	0	111332
13478	728	1309	107409	1303	0	110749
13479	807	1038	4963	102717	0	109525
13480	1014	902	105372	4240	0	111528
13481	873	690	4843	102610	0	109016
13482	101562	702	1766	4958	0	108988
13483	103221	680	1313	1785	0	106999
13484	5468	554	98365	1499	0	105886
13485	1722	596	4489	98952	0	105759
13486	1479	700	97059	4879	0	104117
13487	1091	97425	4550	2168	0	105234
13488	98532	4198	1714	1595	0	106039
13489	4541	1502	95642	1255	0	102940
13490	1604	95186	4594	1154	0	102538
13491	1213	96106	1707	1205	0	100231
13492	1199	95621	1356	977	0	99153
13493	1111	5186	87926	965	0	95188
13494	764	2859	4446	82690	0	90759
13495	745	87631	1721	4055	0	94152
13496	887	4474	1404	87760	0	94525
13497	994	1536	1137	91990	0	95657
13498	86511	1057	1188	5579	0	94335
13499	4067	87004	1120	2596	0	94787
13500	85086	4160	1004	1962	0	92212
13501	4324	84783	1103	1634	0	91844
13502	1831	88600	1011	1212	0	92654
13503	1661	4939	82702	1137	0	90439
13504	1167	2145	4492	83072	0	90876
13505	973	1711	82279	4384	0	89347
13506	896	80542	4523	2236	0	88197
13507	1011	3961	80667	1597	0	87236
13508	1000	1487	82156	1604	0	86247
13509	992	81870	4838	1528	0	89228
13510	77656	4251	2069	1437	0	85413
13511	3803	79999	1623	1629	0	87054
13512	80438	4564	1545	1286	0	87833
13513	4521	1930	79215	1319	0	86985
13514	1829	1327	79950	1299	0	84405
13515	1315	78731	4857	1288	0	86191
13516	77298	4527	1902	1218	0	84945
13517	4028	78020	1919	1525	0	85492
13518	1405	4370	1663	79080	0	86518
13519	79310	1825	1450	4276	0	86861
13520	4361	1566	77551	1662	0	85140
13521	1415	1229	4640	80168	0	87452
13522	77556	1051	1905	4821	0	85333
13523	4304	78370	1618	1956	0	86248
13524	1596	4325	1458	79976	0	87355
13525	1402	1699	77571	4773	0	85445
13526	78666	1499	4471	1748	0	86384
13527	4114	1353	1958	80150	0	87575
13528	1227	1118	78965	4777	0	86087
13529	987	1023	4909	76893	0	83812
13530	997	78700	1961	4724	0	86382
13531	1053	4198	78590	2087	0	85928
13532	936	1601	4621	79507	0	86665
13533	76726	1287	1825	4601	0	84439
13534	4250	1163	1576	76573	0	83562
13535	71015	1080	1254	4436	0	77785
13536	4519	71922	1045	1676	0	79162
13537	70913	4057	1119	1172	0	77261
13538	4280	1639	67690	1171	0	74780
13539	1409	1310	59225	795	0	62739
13540	1149	1150	51578	562	0	54439
13541	869	49511	3994	804	0	55178
13542	1020	892	2117	15644	0	19673
13543	634	100	88	13901	0	14723
13544	37	67	69	13969	0	14142
13545	31	61	70	14299	0	14461
13546	49	68	13744	327	0	14188
13547	12589	51	251	129	0	13020
13548	257	14250	116	94	0	14717
13549	13767	235	55	64	0	14121
13550	260	96	40	13943	0	14339
13551	96	13920	48	232	0	14296
13552	74	250	59	14569	0	14952
13553	14467	99	59	257	0	14882
13554	232	14446	53	111	0	14842
13555	14749	229	52	67	0	15097
13556	14713	93	53	70	0	14929
13557	279	68	43	14993	0	15383
13558	106	43	13482	228	0	13859
13559	13064	35	205	97	0	13401
13560	218	25	75	13828	0	14146
13561	14247	32	64	244	0	14587
13562	15584	37	43	97	0	15761
13563	15592	32	53	67	0	15744
13564	335	41	15575	64	0	16015
13565	103	38	246	15031	0	15418
13566	15471	20	72	282	0	15845
13567	279	31	15561	96	0	15967
13568	93	15959	243	61	0	16356
13569	64	252	62	16073	0	16451
13570	75	82	16565	246	0	16968
13571	49	72	16121	77	0	16319
13572	52	34	282	15940	0	16308
13573	48	27	330	16438	0	16843
13574	43	23	43	16629	0	16738
13575	54	32	38	16293	0	16417
13576	69	31	16015	312	0	16427
13577	58	15573	225	134	0	15990
13578	59	210	78	16854	0	17201
13579	17189	56	48	249	0	17542
13580	16318	39	32	84	0	16473
13581	16626	28	42	61	0	16757
13582	327	24	19	16430	0	16800
13583	118	23	31	16497	0	16669
13584	79	15504	53	274	0	15910
13585	57	16179	50	109	0	16395
13586	35	218	32	16254	0	16539
13587	16359	64	42	236	0	16701
13588	16312	36	42	81	0	16471
13589	16412	26	24	80	0	16542
13590	17212	27	32	70	0	17341
13591	17295	22	39	59	0	17415
13592	255	16863	38	81	0	17237
13593	86	204	36	17679	0	18005
13594	18549	47	23	232	0	18851
13595	18642	32	14	95	0	18783
13596	257	27	20	17970	0	18274
13597	89	14	26	18687	0	18816
13598	85	31	18295	264	0	18675
13599	47	23	191	17575	0	17836
13600	52	30	47	18498	0	18627
13601	78	42	18949	260	0	19329
13602	57	286	176	18002	0	18521
13603	54	18802	54	225	0	19135
13604	76	213	19144	84	0	19517
13605	64	19395	184	71	0	19714
13606	59	203	57	19744	0	20063
13607	55	63	20	19900	0	20038
13608	68	19520	31	209	0	19828
13609	60	18937	27	94	0	19118
13610	20253	197	29	61	0	20540
13611	20111	51	15	53	0	20230
13612	273	49	20280	55	0	20657
13613	21325	25	180	64	0	21594
13614	23601	20	59	69	0	23749
13615	23799	20	50	63	0	23932
13616	23393	23	142	74	0	23632
13617	267	40	22742	94	0	23143
13618	107	64	21186	54	0	21411
13619	22856	25	178	61	0	23120
13620	206	22415	111	77	0	22809
13621	62	116	23213	46	0	23437
13622	22788	24	375	60	0	23247
13623	23384	13	38	40	0	23475
13624	139	38	23096	27	0	23300
13625	21896	33	120	45	0	22094
13626	151	31	39	26332	0	26553
13627	59	16	26697	143	0	26915
13628	23632	25	169	65	0	23891
13629	130	25747	60	97	0	26034
13630	27366	120	44	76	0	27606
13631	29164	37	28	65	0	29294
13632	151	33	20	28472	0	28676
13633	55	20	49	28114	0	28238
13634	47	37	30	29118	0	29232
13635	29054	16	19	216	0	29305
13636	30076	10	15	77	0	30178
13637	245	16	11	30976	0	31248
13638	113	15	10	30776	0	30914
13639	229	28	29531	321	0	30109
13640	28148	30	274	137	0	28589
13641	309	46	57	31843	0	32255
13642	89	43	37	32077	0	32246
13643	72	30697	36	538	0	31343
13644	81	391	18	32132	0	32622
13645	82	113	13	32301	0	32509
13646	31136	73	16	553	0	31778
13647	445	31209	27	211	0	31892
13648	155	391	12	32366	0	32924
13649	110	111	8	32137	0	32366
13650	78	76	9	32473	0	32636
13651	127	36	31487	553	0	32203
13652	85	38	365	30813	0	31301
13653	30899	14	106	570	0	31589
13654	450	34	31293	231	0	32008
13655	127	31	400	31436	0	31994
13656	93	31	122	32826	0	33072
13657	32973	17	93	627	0	33710
13658	32722	19	79	279	0	33099
13659	527	55	33407	192	0	34181
13660	30527	54	412	176	0	31169
13661	518	75	34153	156	0	34902
13662	31706	38	395	134	0	32273
13663	453	34819	158	305	0	35735
13664	37097	398	84	139	0	37718
13665	485	36586	64	144	0	37279
13666	38552	484	40	139	0	39215
13667	476	38491	47	316	0	39330
13668	161	503	31	39857	0	40552
13669	143	153	38	39790	0	40124
13670	75	121	46	39902	0	40144
13671	79	38551	61	702	0	39393
13672	72	703	53	39756	0	40584
13673	68	38830	76	625	0	39599
13674	91	482	50	40485	0	41108
13675	40811	155	56	599	0	41621
13676	39773	119	59	224	0	40175
13677	598	39233	81	220	0	40132
13678	285	491	51	40410	0	41237
13679	39759	166	47	543	0	40515
13680	583	38773	64	223	0	39643
13681	241	40072	63	159	0	40535
13682	41091	641	52	104	0	41888
13683	41221	263	51	113	0	41648
13684	683	39707	67	343	0	40800
13685	41494	586	25	107	0	42212
13686	662	249	26	41309	0	42246
13687	279	209	43668	604	0	44760
13688	43584	125	468	261	0	44438
13689	44236	155	142	217	0	44750
13690	754	127	43572	189	0	44642
13691	43203	109	489	208	0	44009
13692	45331	120	148	176	0	45775
13693	46696	125	83	172	0	47076
13694	792	44822	74	186	0	45874
13695	47956	607	44	144	0	48751
13696	48341	259	32	153	0	48785
13697	953	245	26	46785	0	48009
13698	519	211	39	49024	0	49793
13699	376	189	40	50092	0	50697
13700	49899	156	73	971	0	51099
13701	847	118	103	49109	0	50177
13702	50131	137	81	870	0	51219
13703	50851	133	120	376	0	51480
13704	1043	154	113	49833	0	51143
13705	699	103	113	50351	0	51266
13706	522	148	95	51489	0	52254
13707	51468	152	91	976	0	52687
13708	1019	49054	123	525	0	50721
13709	608	743	104	51780	0	53235
13710	581	300	104	52963	0	53948
13711	52247	213	69	1260	0	53789
13712	50804	169	135	718	0	51826
13713	1287	197	48432	574	0	50490
13714	750	213	47310	495	0	48768
13715	51512	140	950	447	0	53049
13716	1390	194	362	53062	0	55008
13717	770	147	189	66848	0	67954
13718	673	196	66306	2777	0	69952
13719	441	186	1964	64965	0	67556
13720	447	66964	517	2586	0	70514
13721	450	71205	316	1000	0	72971
13722	69494	2603	180	715	0	72992
13723	2507	881	67347	639	0	71374
13724	817	70340	1855	686	0	73698
13725	767	2346	432	74079	0	77624
13726	670	687	70589	2961	0	74907
13727	580	448	2286	69241	0	72555
13728	472	361	697	72668	0	74198
13729	563	329	69580	3080	0	73552
13730	441	69001	2254	1506	0	73202
13731	427	2343	677	70800	0	74247
13732	70450	643	455	2819	0	74367
13733	71258	514	382	1045	0	73199
13734	71925	409	316	727	0	73377
13735	3041	69180	325	823	0	73369
13736	69771	2327	351	476	0	72925
13737	2633	671	274	69331	0	72909
13738	930	492	67782	2566	0	71770
13739	65692	389	2048	955	0	69084
13740	2316	67193	674	706	0	70889
13741	673	1996	366	67860	0	70895
13742	490	584	322	68694	0	70090
13743	384	66425	386	2576	0	69771
13744	446	2188	259	68766	0	71659
13745	420	729	267	70166	0	71582
13746	490	568	267	71778	0	73103
13747	69016	465	306	3026	0	72813
13748	68799	412	345	1250	0	70806
13749	2646	520	68151	1000	0	72317
13750	954	553	2091	68265	0	71863
13751	769	372	711	71764	0	73616
13752	616	442	632	73166	0	74856
13753	70880	524	422	3160	0	74986
13754	2490	488	67937	1395	0	72310
13755	67796	395	2149	1082	0	71422
13756	71883	420	654	994	0	73951
13757	2803	385	471	70168	0	73827
13758	70592	320	515	2736	0	74163
13759	2844	440	67377	1262	0	71923
13760	64786	384	2068	1146	0	68384
13761	2879	68487	757	1130	0	73253
13762	1260	2275	68973	774	0	73282
13763	993	758	70226	805	0	72782
13764	807	612	2584	68428	0	72431
13765	865	512	69523	2755	0	73655
13766	66822	409	2415	1301	0	70947
13767	2525	66570	893	1063	0	71051
13768	69856	2337	779	894	0	73866
13769	2770	805	464	71602	0	75641
13770	1131	534	70428	2902	0	74995
13771	951	477	70401	1366	0	73195
13772	766	595	2576	71652	0	75589
13773	72874	369	978	2940	0	77161
13774	2480	69390	724	1571	0	74165
13775	997	73158	617	1240	0	76012
13776	73199	2611	576	1041	0	77427
13777	2612	72555	580	1171	0	76918
13778	75001	2494	571	927	0	78993
13779	2897	896	541	74187	0	78521
13780	75280	543	494	2765	0	79082
13781	3026	517	591	75162	0	79296
13782	75520	419	483	2884	0	79306
13783	2879	303	541	74123	0	77846
13784	1186	72157	561	2908	0	76812
13785	74118	2183	521	1177	0	77999
13786	2570	73162	533	1222	0	77487
13787	1287	2518	68767	810	0	73382
13788	1005	842	2461	66522	0	70830
13789	887	71399	842	2391	0	75519
13790	71668	2451	676	927	0	75722
13791	70767	831	659	802	0	73059
13792	2978	70195	612	789	0	74574
13793	1212	2450	69374	829	0	73865
13794	960	804	2338	68028	0	72130
13795	853	69219	1004	2435	0	73511
13796	763	2423	801	71947	0	75934
13797	833	852	604	73920	0	76209
13798	70809	718	461	2954	0	74942
13799	2554	68785	486	1208	0	73033
13800	1045	2460	465	72024	0	75994
13801	71896	869	390	2746	0	75901
13802	72034	698	379	1077	0	74188
13803	71600	622	440	877	0	73539
13804	3125	537	393	69486	0	73541
13805	69730	472	323	2540	0	73065
13806	2791	67398	409	1118	0	71716
13807	68916	2299	328	854	0	72397
13808	2675	68975	327	947	0	72924
13809	70511	2460	478	677	0	74126
13810	70341	786	255	714	0	72096
13811	2851	1028	404	66878	0	71161
13812	1309	524	67312	2347	0	71492
13813	1160	647	64980	967	0	67754
13814	977	65932	1955	893	0	69757
13815	65167	2152	724	552	0	68595
13816	2249	766	63724	437	0	67176
13817	44378	282	677	168	0	45505
13818	498	45865	240	192	0	46795
13819	319	48781	133	258	0	49491
13820	216	552	61	49713	0	50542
13821	249	50872	114	486	0	51721
13822	220	854	52440	278	0	53792
13823	278	847	734	50939	0	52798
13824	244	54658	244	781	0	55927
13825	167	1001	101	56817	0	58086
13826	56371	314	106	1074	0	57865
13827	1120	219	95	57209	0	58643
13828	488	243	56096	1286	0	58113
13829	277	55360	1077	564	0	57278
13830	252	1384	345	57937	0	59918
13831	222	509	188	59249	0	60168
13832	229	310	113	61067	0	61719
13833	59224	283	108	1700	0	61315
13834	58755	156	100	683	0	59694
13835	1682	226	59121	368	0	61397
13836	615	223	58074	308	0	59220
13837	314	56729	1603	322	0	58968
13838	60532	1333	560	218	0	62643
13839	1385	476	263	59805	0	61929
13840	556	276	177	60820	0	61829
13841	318	224	179	61253	0	61974
13842	321	195	106	61468	0	62090
13843	261	287	57235	1932	0	59715
13844	55564	217	1241	807	0	57829
13845	1424	169	442	65717	0	67752
13846	584	227	64124	1872	0	66807
13847	65107	190	1739	727	0	67763
13848	72869	119	622	582	0	74192
13849	2722	224	80144	320	0	83410
13850	1221	208	84062	344	0	85835
13851	734	168	3591	82736	0	87229
13852	83742	146	1212	3305	0	88405
13853	86107	113	725	1069	0	88014
13854	3856	217	404	79691	0	84168
13855	1308	125	399	85923	0	87755
13856	792	181	81792	4118	0	86883
13857	543	135	3081	82342	0	86101
13858	564	155	81488	3895	0	86102
13859	78268	126	3303	1399	0	83096
13860	3254	81289	1303	926	0	86772
13861	83169	2932	545	614	0	87260
13862	3554	81868	461	541	0	86424
13863	82704	3465	409	407	0	86985
13864	3822	1051	304	78726	0	83903
13865	1336	545	319	82367	0	84567
13866	80442	341	249	4160	0	85192
13867	82000	331	226	1493	0	84050
13868	82646	223	215	851	0	83935
13869	81763	267	200	859	0	83089
13870	5022	212	74995	536	0	80765
13871	77513	167	3086	527	0	81293
13872	80131	157	947	536	0	81771
13873	79904	137	594	387	0	81022
13874	5103	123	371	76368	0	81965
13875	74067	122	381	3614	0	78184
13876	4152	72927	410	1263	0	78752
13877	1803	3179	348	75110	0	80440
13878	1349	948	297	78680	0	81274
13879	1121	628	71349	4541	0	77639
13880	977	348	3118	71754	0	76197
13881	792	72301	1074	4081	0	78248
13882	72394	3366	669	1727	0	78156
13883	3700	73469	547	1232	0	78948
13884	74533	3767	416	1035	0	79751
13885	4261	1285	408	74411	0	80365
13886	72897	721	468	3979	0	78065
13887	4141	70691	428	1733	0	76993
13888	73508	3583	414	1034	0	78539
13889	75156	1246	382	846	0	77630
13890	4981	828	362	71428	0	77599
13891	2302	558	348	75485	0	78693
13892	1604	543	69972	4811	0	76930
13893	1407	459	3192	71222	0	76280
13894	1194	460	1033	74524	0	77211
13895	1203	345	69327	5155	0	76030
13896	1050	316	3518	71641	0	76525
13897	1028	303	69499	4769	0	75599
13898	69081	269	3860	2049	0	75259
13899	4173	286	1457	70295	0	76211
13900	1924	351	67448	4262	0	73985
13901	68434	301	3605	1848	0	74188
13902	4351	337	1364	69640	0	75692
13903	2005	325	68874	4341	0	75545
13904	70417	296	3617	1915	0	76245
13905	4343	297	1367	71373	0	77380
13906	1936	290	912	74534	0	77672
13907	72034	317	688	5172	0	78211
13908	4391	325	576	70688	0	75980
13909	1936	269	565	73510	0	76280
13910	1408	326	592	71088	0	73414
13911	1314	68337	499	5241	0	75391
13912	69180	3441	568	2471	0	75660
13913	72047	1185	517	1680	0	75429
13914	5172	709	437	69556	0	75874
13915	70556	483	469	4598	0	76106
13916	71988	408	442	2124	0	74962
13917	72620	405	426	1680	0	75131
13918	67671	468	551	1519	0	70209
13919	70426	335	665	1289	0	72715
13920	5748	331	62485	1335	0	69899
13921	2575	361	60149	1277	0	64362
13922	58035	314	3622	1014	0	62985
13923	4079	55824	1761	1148	0	62812
13924	1891	2746	875	54830	0	60342
13925	1492	939	53447	3493	0	59371
13926	1270	995	55366	1586	0	59217
13927	996	871	3332	54759	0	59958
13928	56314	372	2433	3322	0	62441
13929	3370	370	809	56960	0	61509
13930	1588	433	54958	3474	0	60453
13931	56772	257	2652	1690	0	61371
13932	3401	274	1161	57523	0	62359
13933	1668	151	817	59281	0	61917
13934	1367	152	552	60311	0	62382
13935	1227	161	491	58611	0	60490
13936	1169	171	53395	4431	0	59166
13937	1108	161	2621	55537	0	59427
13938	55021	184	1050	3794	0	60049
13939	3286	228	52449	1989	0	57952
13940	53439	203	2646	1579	0	57867
13941	56759	244	977	1306	0	59286
13942	56185	277	743	1123	0	58328
13943	55503	192	612	1105	0	57412
13944	4134	51985	518	1154	0	57791
13945	1675	45949	439	722	0	48785
13946	1270	48159	413	717	0	50559
13947	43587	3811	743	692	0	48833
13948	2616	694	39721	639	0	43670
13949	27893	544	1343	911	0	30691
13950	922	95	244	26931	0	28192
13951	27085	71	187	798	0	28141
13952	833	49	120	27324	0	28326
13953	28199	47	124	896	0	29266
13954	828	43	103	28098	0	29072
13955	376	41	108	31421	0	31946
13956	24377	84	161	1003	0	25625
13957	790	33724	121	505	0	35140
13958	445	562	33420	318	0	34745
13959	373	32473	585	306	0	33737
13960	270	504	31199	193	0	32166
13961	134	725	337	27274	0	28470
13962	29668	69	193	325	0	30255
13963	312	41	81	28987	0	29421
13964	29361	36	71	360	0	29828
13965	339	31383	81	246	0	32049
13966	242	228	32764	157	0	33391
13967	172	31768	261	147	0	32348
13968	141	32398	124	119	0	32782
13969	32039	241	383	78	0	32741
13970	31591	81	51	92	0	31815
13971	226	30902	58	78	0	31264
13972	120	162	43	32006	0	32331
13973	91	65	35	32603	0	32794
13974	32711	55	47	253	0	33066
13975	217	54	32748	135	0	33154
13976	128	57	33356	90	0	33631
13977	89	46	280	32620	0	33035
13978	123	48	34403	268	0	34842
13979	31205	48	258	179	0	31690
13980	34448	40	127	110	0	34725
13981	328	33475	105	125	0	34033
13982	210	230	36113	83	0	36636
13983	140	117	226	35362	0	35845
13984	132	81	38971	266	0	39450
13985	101	52	267	37891	0	38311
13986	38163	57	117	304	0	38641
13987	280	38526	118	259	0	39183
13988	221	267	40939	130	0	41557
13989	131	39418	287	128	0	39964
13990	109	41192	176	132	0	41609
13991	42948	321	104	103	0	43476
13992	40706	184	78	127	0	41095
13993	389	117	41425	114	0	42045
13994	220	41270	329	154	0	41973
13995	161	264	135	42654	0	43214
13996	116	156	100	42297	0	42669
13997	113	126	79	42040	0	42358
13998	143	92	42699	440	0	43374
13999	130	83	268	41619	0	42100
14000	115	84	169	44593	0	44961
14001	46269	62	99	435	0	46865
14002	45307	71	83	267	0	45728
14003	44662	81	90	181	0	45014
14004	43783	75	70	150	0	44078
14005	44061	89	87	126	0	44363
14006	470	42512	124	132	0	43238
14007	43941	309	73	116	0	44439
14008	462	187	42649	99	0	43397
14009	259	128	263	42215	0	42865
14010	43390	71	132	284	0	43877
14011	328	41541	136	180	0	42185
14012	44497	253	60	143	0	44953
14013	45238	141	55	124	0	45558
14014	404	110	57	45212	0	45783
14015	228	84	82	45510	0	45904
14016	162	48824	109	404	0	49499
14017	141	289	59	52196	0	52685
14018	126	200	52795	382	0	53503
14019	134	133	295	52805	0	53367
14020	140	103	53346	434	0	54023
14021	47819	110	467	278	0	48674
14022	476	79	167	55053	0	55775
14023	264	111	56583	517	0	57475
14024	178	52601	514	315	0	53608
14025	149	55086	232	231	0	55698
14026	54953	579	151	116	0	55799
14027	416	243	72	53206	0	53937
14028	223	157	54277	469	0	55126
14029	149	51890	495	294	0	52828
14030	96	413	53415	145	0	54069
14031	52261	148	428	61	0	52898
14032	53398	106	160	69	0	53733
14033	54511	53	108	60	0	54732
14034	543	64	144	54734	0	55485
14035	253	76	55321	391	0	56041
14036	140	53216	431	211	0	53998
14037	97	346	157	56956	0	57556
14038	130	184	55035	395	0	55744
14039	137	208	53068	183	0	53596
14040	82	59	470	55742	0	56353
14041	58570	44	241	415	0	59270
14042	383	81	133	58064	0	58661
14043	192	54	92	59300	0	59638
14044	159	71	60420	535	0	61185
14045	106	62	395	58975	0	59538
14046	83	65	192	60161	0	60501
14047	109	90	61150	558	0	61907
14048	116	102	59407	295	0	59920
14049	94	67	505	59072	0	59738
14050	132	53	61381	489	0	62055
14051	84	57	472	60204	0	60817
14052	61459	51	203	529	0	62242
14053	383	59750	206	359	0	60698
14054	193	382	111	62351	0	63037
14055	149	182	58890	487	0	59708
14056	48258	159	492	339	0	49248
14057	407	52908	244	213	0	53772
14058	55745	384	150	147	0	56426
14059	482	176	103	55000	0	55761
14060	224	130	89	54661	0	55104
14061	56878	69	114	577	0	57638
14062	488	83	56099	311	0	56981
14063	54136	71	413	221	0	54841
14064	504	62	188	56184	0	56938
14065	53930	63	150	502	0	54645
14066	54246	43	126	272	0	54687
14067	583	66	100	54560	0	55309
14068	289	55219	138	504	0	56150
14069	59371	472	99	241	0	60183
14070	59491	187	95	245	0	60018
14071	963	147	59620	170	0	60900
14072	58202	83	664	156	0	59105
14073	923	78	294	59455	0	60750
14074	387	59841	268	729	0	61225
14075	317	617	145	59801	0	60880
14076	196	58287	134	738	0	59355
14077	60187	731	114	295	0	61327
14078	58785	263	105	256	0	59409
14079	857	225	75	61987	0	63144
14080	440	141	62026	827	0	63434
14081	371	146	61377	339	0	62233
14082	189	67	985	62923	0	64164
14083	63296	48	469	943	0	64756
14084	68044	60	309	389	0	68802
14085	1363	68577	204	360	0	70504
14086	688	1158	107	70920	0	72873
14087	482	508	70229	1334	0	72553
14088	261	368	71975	612	0	73216
14089	212	428	2203	78742	0	81585
14090	90188	111	943	2581	0	93823
14091	2877	89	441	93870	0	97277
14092	1142	117	90427	3592	0	95278
14093	91162	85	2992	1291	0	95530
14094	3100	67	1096	92108	0	96371
14095	1263	70	782	95225	0	97340
14096	851	72	513	92768	0	94204
14097	392	89112	378	4464	0	94346
14098	394	2717	90208	2000	0	95319
14099	292	1102	92723	1207	0	95324
14100	215	690	3971	92631	0	97507
14101	338	358	91461	3400	0	95557
14102	89799	228	3819	1446	0	95292
14103	3156	152	1496	92621	0	97425
14104	1274	144	1009	93716	0	96143
14105	879	539	548	94673	0	96639
14106	453	92483	497	4824	0	98257
14107	97838	3084	391	2215	0	103528
14108	3356	1163	344	98756	0	103619
14109	97669	786	439	3919	0	102813
14110	3862	96748	382	1803	0	102795
14111	97691	3324	338	1320	0	102673
14112	95271	1293	403	825	0	97792
14113	96329	869	314	818	0	98330
14114	4990	89920	412	770	0	96092
14115	2312	94853	345	705	0	98215
14116	88111	4169	299	649	0	93228
14117	3641	88967	380	664	0	93652
14118	1710	4031	83966	625	0	90332
14119	1150	83773	3043	679	0	88645
14120	768	88419	1311	643	0	91141
14121	87013	4219	869	475	0	92576
14122	3531	2077	84636	410	0	90654
14123	1609	1339	84373	413	0	87734
14124	1246	781	4083	81593	0	87703
14125	85531	575	1890	3325	0	91321
14126	3603	518	85807	1452	0	91380
14127	1605	444	3459	86721	0	92229
14128	1209	518	84094	3576	0	89397
14129	833	536	83550	2006	0	86925
14130	80020	497	4328	1293	0	86138
14131	3600	496	83866	743	0	88705
14132	1693	456	3988	79868	0	86005
14133	1242	481	1806	83089	0	86618
14134	878	81145	1370	4035	0	87428
14135	832	86520	875	2197	0	90424
14136	804	4053	832	85930	0	91619
14137	806	1952	84200	3757	0	90715
14138	727	1288	3389	84585	0	89989
14139	606	819	1711	88669	0	91805
14140	640	674	85854	4828	0	91996
14141	594	569	3588	87226	0	91977
14142	86998	518	1845	4710	0	94071
14143	3468	611	84953	2310	0	91342
14144	85000	588	3729	1805	0	91122
14145	4151	509	1917	84854	0	91431
14146	2021	419	1491	88331	0	92262
14147	1506	85586	1046	5112	0	93250
14148	1108	3335	1034	89689	0	95166
14149	981	1479	829	93458	0	96747
14150	90856	1190	956	5654	0	98656
14151	3970	746	952	92434	0	98102
14152	1895	662	883	95024	0	98464
14153	91157	691	926	5930	0	98704
14154	4018	610	1019	93163	0	98810
14155	2058	777	1001	89567	0	93403
14156	1478	89013	1065	5496	0	97052
14157	90305	3558	1093	3267	0	98223
14158	3971	1683	843	91773	0	98270
14159	1937	1329	851	94827	0	98944
14160	1865	863	88180	5792	0	96700
14161	1211	727	3468	89879	0	95285
14162	947	666	1675	94407	0	97695
14163	88368	664	1258	6195	0	96485
14164	90345	817	872	3525	0	95559
14165	5106	702	819	91479	0	98106
14166	2753	737	85144	4894	0	93528
14167	2058	82246	3584	2587	0	90475
14168	1487	86839	1699	2128	0	92153
14169	1729	4660	1125	85082	0	92596
14170	84016	2115	673	4202	0	91006
14171	3764	1431	621	85203	0	91019
14172	85129	1128	439	4722	0	91418
14173	4268	1041	492	85287	0	91088
14174	2239	773	562	87158	0	90732
14175	82815	827	627	5270	0	89539
14176	80852	859	726	2866	0	85303
14177	4679	81372	570	1985	0	88606
14178	2529	86285	590	1714	0	91118
14179	1659	4252	586	78880	0	85377
14180	1164	2099	664	81769	0	85696
14181	1081	1373	75410	4538	0	82402
14182	68114	911	3305	2629	0	74959
14183	3458	74113	1493	2026	0	81090
14184	1185	69843	1041	1310	0	73379
14185	67323	3109	835	1226	0	72493
14186	3052	1390	66270	936	0	71648
14187	1387	980	66156	824	0	69347
14188	1102	787	61914	665	0	64468
14189	656	52505	2671	474	0	56306
14190	834	584	442	43493	0	45353
14191	144	237	164	42691	0	43236
14192	149	152	125	43551	0	43977
14193	42405	121	87	865	0	43478
14194	41166	129	82	443	0	41820
14195	696	41895	98	374	0	43063
14196	302	560	64	43346	0	44272
14197	302	251	43595	717	0	44865
14198	214	43836	560	394	0	45004
14199	44729	622	227	272	0	45850
14200	640	304	44489	225	0	45658
14201	39508	189	550	225	0	40472
14202	647	325	43643	181	0	44796
14203	256	122	521	41884	0	42783
14204	196	43121	270	534	0	44121
14205	44983	494	160	274	0	45911
14206	528	44455	133	311	0	45427
14207	42783	460	77	197	0	43517
14208	522	200	52	42062	0	42836
14209	280	172	43196	539	0	44187
14210	217	116	384	43167	0	43884
14211	168	111	142	49501	0	49922
14212	131	152	48383	1131	0	49797
14213	43881	111	892	575	0	45459
14214	916	48618	361	357	0	50252
14215	50192	938	170	232	0	51532
14216	1085	50598	130	273	0	52086
14217	452	1092	73	51595	0	53212
14218	280	437	50192	1081	0	51990
14219	59297	229	963	485	0	60974
14220	1628	61831	365	1171	0	64995
14221	726	1671	166	61557	0	64120
14222	403	715	119	65677	0	66914
14223	66056	385	90	2263	0	68794
14224	69604	225	97	1024	0	70950
14225	2531	70183	142	576	0	73432
14226	78077	2034	115	316	0	80542
14227	78021	875	108	254	0	79258
14228	81208	494	107	246	0	82055
14229	4195	416	78135	239	0	82985
14230	1874	78357	2526	384	0	83141
14231	936	84202	1172	387	0	86697
14232	687	3766	601	76359	0	81413
14233	513	1752	330	82646	0	85241
14234	80203	943	260	3684	0	85090
14235	3002	78370	241	1758	0	83371
14236	80405	3029	151	875	0	84460
14237	3530	1454	150	78010	0	83144
14238	1716	797	196	81758	0	84467
14239	78769	584	189	4094	0	83636
14240	79108	510	183	1917	0	81718
14241	4320	489	74716	1094	0	80619
14242	2165	386	2667	76338	0	81556
14243	1294	367	74813	3155	0	79629
14244	890	486	74555	1557	0	77488
14245	775	420	75028	886	0	77109
14246	71055	346	4325	807	0	76533
14247	2981	513	1844	70145	0	75483
14248	1660	377	934	70200	0	73171
14249	971	397	601	75220	0	77189
14250	786	365	69484	4307	0	74942
14251	688	333	2716	70681	0	74418
14252	689	343	1350	73983	0	76365
14253	68787	300	1077	4327	0	74491
14254	70901	329	526	2216	0	73972
14255	72482	276	410	1221	0	74389
14256	72841	313	415	942	0	74511
14257	4847	308	375	69313	0	74843
14258	70517	319	404	3358	0	74598
14259	3973	412	432	70455	0	75272
14260	2280	398	65163	3735	0	71576
14261	67405	366	2686	2051	0	72508
14262	3737	67226	1421	1296	0	73680
14263	2234	2737	809	66829	0	72609
14264	1583	1497	578	67678	0	71336
14265	1154	67929	585	4069	0	73737
14266	67278	3018	490	2314	0	73100
14267	3537	66129	399	1721	0	71786
14268	2108	3135	64634	1254	0	71131
14269	1553	1588	66990	1124	0	71255
14270	66408	961	3736	1027	0	72132
14271	70162	784	1868	975	0	73789
14272	4888	616	66415	989	0	72908
14273	68123	572	3139	983	0	72817
14274	4352	647	66761	963	0	72723
14275	68354	564	3403	1000	0	73321
14276	4367	653	66542	1123	0	72685
14277	2630	575	66855	1158	0	71218
14278	1779	632	4321	60811	0	67543
14279	1613	569	2304	66917	0	71403
14280	65552	614	1490	4463	0	72119
14281	66778	598	1181	2595	0	71152
14282	67911	551	922	1659	0	71043
14283	68031	618	819	1426	0	70894
14284	5490	63097	915	1395	0	70897
14285	3322	2816	875	61877	0	68890
14286	2312	62934	1043	3448	0	69737
14287	1942	3088	1017	64765	0	70812
14288	1756	1661	989	64486	0	68892
14289	1969	1039	951	65290	0	69249
14290	1905	802	59154	5158	0	67019
14291	58722	627	3129	3104	0	65582
14292	4091	56778	1879	2215	0	64963
14293	2566	60966	1320	1914	0	66766
14294	2150	3847	59750	1706	0	67453
14295	1804	2022	3274	60199	0	67299
14296	1642	1204	2040	63727	0	68613
14297	60072	866	1516	4986	0	67440
14298	4088	829	1004	60217	0	66138
14299	2766	713	1010	62293	0	66782
14300	2125	642	903	63255	0	66925
14301	1848	731	947	64061	0	67587
14302	59384	580	1023	5549	0	66536
14303	60955	545	1198	3213	0	65911
14304	61277	538	1098	2239	0	65152
14305	5289	457	1148	59500	0	66394
14306	59366	386	1114	4248	0	65114
14307	4530	367	1075	59971	0	65943
14308	2826	390	1165	63471	0	67852
14309	2283	383	56801	5293	0	64760
14310	1825	426	56749	3144	0	62144
14311	1652	399	52968	1855	0	56874
14312	52100	309	4119	1573	0	58101
14313	3451	351	2332	47835	0	53969
14314	2291	50852	1400	3549	0	58092
14315	53488	2192	1079	2155	0	58914
14316	3740	1152	50061	1794	0	56747
14317	51063	662	2705	1469	0	55899
14318	3969	49889	1779	1308	0	56945
14319	40532	1629	706	812	0	43679
14320	2828	917	552	39305	0	43602
14321	39296	503	515	2196	0	42510
14322	2742	36500	510	1824	0	41576
14323	1683	37724	509	1110	0	41026
14324	31684	1880	332	783	0	34679
14325	1808	31885	368	797	0	34858
14326	646	22384	187	475	0	23692
14327	507	22782	206	406	0	23901
14328	20668	824	777	528	0	22797
14329	18007	280	62	72	0	18421
14330	18031	152	42	59	0	18284
14331	608	123	35	17518	0	18284
14332	276	105	38	18009	0	18428
14333	204	118	17635	556	0	18513
14334	165	74	393	17762	0	18394
14335	172	68	17680	504	0	18424
14336	136	51	425	17729	0	18341
14337	118	51	168	18463	0	18800
14338	18269	53	110	630	0	19062
14339	17984	58	86	308	0	18436
14340	553	17651	93	210	0	18507
14341	263	428	73	18377	0	19141
14342	177	207	19512	484	0	20380
14343	150	144	400	18941	0	19635
14344	137	117	165	19406	0	19825
14345	148	102	100	20124	0	20474
14346	169	99	19449	638	0	20355
14347	144	94	18203	330	0	18771
14348	19273	59	539	212	0	20083
14349	455	42	242	20231	0	20970
14350	228	58	19984	578	0	20848
14351	19019	50	447	317	0	19833
14352	452	20369	263	238	0	21322
14353	21504	387	175	182	0	22248
14354	534	184	21542	175	0	22435
14355	20854	100	407	151	0	21512
14356	479	92	198	21229	0	21998
14357	313	80	21700	426	0	22519
14358	191	21246	415	238	0	22090
14359	21925	400	193	156	0	22674
14360	425	186	150	21327	0	22088
14361	242	93	128	22082	0	22545
14362	158	22102	115	565	0	22940
14363	125	358	103	22575	0	23161
14364	141	184	21991	493	0	22809
14365	110	21390	402	293	0	22195
14366	22512	368	201	190	0	23271
14367	419	189	129	22062	0	22799
14368	231	134	103	22401	0	22869
14369	176	131	22051	527	0	22885
14370	158	107	362	21852	0	22479
14371	192	118	22206	479	0	22995
14372	157	21778	408	244	0	22587
14373	22856	404	308	185	0	23753
14374	22792	197	131	181	0	23301
14375	22600	113	119	155	0	22987
14376	542	24918	150	165	0	25775
14377	271	380	102	26055	0	26808
14378	191	197	72	26191	0	26651
14379	152	137	90	25869	0	26248
14380	26290	94	91	578	0	27053
14381	26050	111	60	315	0	26536
14382	519	87	67	26175	0	26848
14383	277	100	28657	509	0	29543
14384	188	94	348	28532	0	29162
14385	161	91	155	29215	0	29622
14386	154	56	121	29595	0	29926
14387	132	70	112	29690	0	30004
14388	29559	79	105	671	0	30414
14389	409	73	102	29487	0	30071
14390	218	65	102	29556	0	29941
14391	166	28856	73	605	0	29700
14392	168	378	53	30729	0	31328
14393	143	30479	82	644	0	31348
14394	121	497	67	31497	0	32182
14395	30883	231	54	676	0	31844
14396	496	30536	77	432	0	31541
14397	30574	501	73	293	0	31441
14398	625	277	30705	220	0	31827
14399	310	145	463	30387	0	31305
14400	221	112	31089	657	0	32079
14401	146	76	542	31533	0	32297
14402	121	72	259	31897	0	32349
14403	112	30381	164	842	0	31499
14404	106	31958	142	460	0	32666
14405	85	32571	102	239	0	32997
14406	33039	549	120	229	0	33937
14407	437	31934	75	217	0	32663
14408	124	30917	42	135	0	31218
14409	67	407	35	31146	0	31655
14410	31275	133	32	361	0	31801
14411	288	33714	70	187	0	34259
14412	35778	322	37	102	0	36239
14413	35335	118	23	113	0	35589
14414	433	91	35064	82	0	35670
14415	138	89	331	33424	0	33982
14416	94	64	110	35746	0	36014
14417	67	62	60	35860	0	36049
14418	57	52	51	35281	0	35441
14419	70	88	34793	493	0	35444
14420	55	142	30115	186	0	30498
14421	30679	46	296	100	0	31121
14422	244	32480	108	72	0	32904
14423	90	33330	47	69	0	33536
14424	34454	292	22	27	0	34795
14425	249	32982	49	48	0	33328
14426	76	275	33	34329	0	34713
14427	34675	89	30	270	0	35064
14428	264	85	33602	110	0	34061
14429	92	41	222	33649	0	34004
14430	73	46	33766	289	0	34174
14431	32325	45	286	120	0	32776
14432	272	56	36829	87	0	37244
14433	36216	49	265	54	0	36584
14434	37105	54	74	55	0	37288
14435	37299	51	48	54	0	37452
14436	37532	54	50	41	0	37677
14437	37481	46	36	67	0	37630
14438	374	46	37	36945	0	37402
14439	39674	44	39	292	0	40049
14440	305	39	55	39225	0	39624
14441	128	39	44	38659	0	38870
14442	77	47	50	39455	0	39629
14443	90	57	38702	367	0	39216
14444	81	56	272	37091	0	37500
14445	72	58	86	39455	0	39671
14446	90	72	38448	360	0	38970
14447	33681	59	298	181	0	34219
14448	309	61	91	39528	0	39989
14449	154	59	39821	384	0	40418
14450	151	52	38429	140	0	38772
14451	93	57	364	38060	0	38574
14452	110	45	41560	424	0	42139
14453	85	37	351	42245	0	42718
14454	67	56	124	42586	0	42833
14455	77	41506	108	463	0	42154
14456	67	42275	98	226	0	42666
14457	43893	374	62	149	0	44478
14458	372	108	63	44064	0	44607
14459	143	83	57	43369	0	43652
14460	90	50	72	44680	0	44892
14461	113	57	45066	490	0	45726
14462	79	59	355	44070	0	44563
14463	45814	51	118	452	0	46435
14464	414	59	46265	187	0	46925
14465	145	44	357	47493	0	48039
14466	87	53	138	47574	0	47852
14467	107	46	89	48728	0	48970
14468	78	48554	119	466	0	49217
14469	50314	417	66	206	0	51003
14470	50344	128	79	618	0	51169
14471	707	53994	106	148	0	54955
14472	213	554	78	60352	0	61197
14473	214	170	60270	835	0	61489
14474	159	173	57547	313	0	58192
14475	59479	60	998	223	0	60760
14476	927	47	356	61518	0	62848
14477	65882	37	233	1118	0	67270
14478	1376	65167	181	523	0	67247
14479	506	67058	136	358	0	68058
14480	67140	1662	140	210	0	69152
14481	1367	69210	148	239	0	70964
14482	518	1517	81	71016	0	73132
14483	324	559	98	67695	0	68676
14484	216	70579	134	1696	0	72625
14485	73564	1514	98	608	0	75784
14486	1622	615	72582	337	0	75156
14487	68990	385	1516	299	0	71190
14488	1883	275	73781	261	0	76200
14489	65250	244	1824	306	0	67624
14490	1919	242	72972	231	0	75364
14491	787	70124	1798	265	0	72974
14492	740	1756	641	72790	0	75927
14493	73329	555	425	1485	0	75794
14494	1708	305	71492	552	0	74057
14495	705	225	72090	305	0	73325
14496	469	148	1893	69075	0	71585
14497	364	150	75002	1550	0	77066
14498	267	149	1787	72658	0	74861
14499	242	132	708	74214	0	75296
14500	296	148	74296	2084	0	76824
14501	245	118	1651	73347	0	75361
14502	76989	123	761	1882	0	79755
14503	1517	74716	533	921	0	77687
14504	78364	1460	355	548	0	80727
14505	1746	570	289	76103	0	78708
14506	77276	312	282	1782	0	79652
14507	78626	197	276	796	0	79895
14508	2128	191	280	76104	0	78703
14509	967	75758	323	1554	0	78602
14510	79241	1477	271	706	0	81695
14511	1891	579	73663	463	0	76596
14512	818	382	73099	416	0	74715
14513	71307	391	1921	384	0	74003
14514	1749	192	790	74328	0	77059
14515	831	355	74399	1660	0	77245
14516	550	184	1601	74590	0	76925
14517	75824	181	718	1845	0	78568
14518	78310	161	483	767	0	79721
14519	77827	148	402	544	0	78921
14520	2276	77404	334	446	0	80460
14521	1073	1479	254	79805	0	82611
14522	669	592	257	80895	0	82413
14523	80036	373	254	2148	0	82811
14524	1873	77553	265	1014	0	80705
14525	79900	1590	220	605	0	82315
14526	2051	682	256	78427	0	81416
14527	78802	467	261	1796	0	81326
14528	2124	415	74237	869	0	77645
14529	1037	74575	1563	659	0	77834
14530	790	1672	662	75278	0	78402
14531	605	78887	455	1460	0	81407
14532	555	1804	321	78679	0	81359
14533	78667	765	300	1888	0	81620
14534	1987	529	75227	855	0	78598
14535	74300	374	1661	587	0	76922
14536	1981	77083	838	532	0	80434
14537	969	1630	500	80348	0	83447
14538	681	750	385	81886	0	83702
14539	79353	501	413	2260	0	82527
14540	1977	422	76061	1128	0	79588
14541	1007	295	1636	78142	0	81080
14542	767	278	782	78095	0	79922
14543	617	301	521	78962	0	80401
14544	556	304	410	80050	0	81320
14545	78020	321	381	2633	0	81355
14546	77208	272	354	1366	0	79200
14547	2430	324	76592	918	0	80264
14548	1197	374	73644	746	0	75961
14549	77903	228	1988	721	0	80840
14550	81476	243	916	677	0	83312
14551	2367	243	582	79304	0	82496
14552	1255	221	447	78255	0	80178
14553	76473	211	414	2285	0	79383
14554	1990	72974	510	1389	0	76863
14555	1055	1402	451	75936	0	78844
14556	817	654	405	77305	0	79181
14557	744	399	73888	2405	0	77436
14558	633	299	1555	74055	0	76542
14559	628	269	74960	2309	0	78166
14560	622	239	1783	75544	0	78188
14561	72862	223	815	2261	0	76161
14562	1948	219	532	74153	0	76852
14563	1037	223	71712	2326	0	75298
14564	745	66395	1762	1404	0	70306
14565	575	1493	758	74131	0	76957
14566	667	653	72923	2144	0	76387
14567	594	71676	1695	1331	0	75296
14568	553	1718	678	74093	0	77042
14569	555	712	71210	1999	0	74476
14570	53384	486	1749	1320	0	56939
14571	1559	65990	804	861	0	69214
14572	733	63293	460	638	0	65124
14573	533	63838	495	641	0	65507
14574	465	2006	424	61893	0	64788
14575	632	756	62370	1641	0	65399
14576	502	60924	1260	974	0	63660
14577	246	1546	591	61307	0	63690
14578	65880	613	386	1200	0	68079
14579	1452	427	243	86794	0	88916
14580	692	567	101437	3491	0	106187
14581	453	103641	3388	1469	0	108951
14582	101842	3827	1316	1037	0	108022
14583	3620	104479	1041	1077	0	110217
14584	1750	4516	97152	540	0	103958
14585	920	100362	3552	1455	0	106289
14586	518	5472	1550	99688	0	107228
14587	807	2595	97166	3606	0	104174
14588	582	98200	3858	1714	0	104354
14589	574	4567	1824	97632	0	104597
14590	405	2596	1383	99259	0	103643
14591	258	99494	1034	4960	0	105746
14592	366	4589	1047	102556	0	108558
14593	487	2229	97593	5227	0	105536
14594	277	1973	99667	2462	0	104379
14595	229	1750	4812	100576	0	107367
14596	98532	1507	2022	5368	0	107429
14597	98174	1193	1373	2778	0	103518
14598	4392	1155	1386	94921	0	101854
14599	1808	95106	1387	4607	0	102908
14600	1205	4035	1302	99119	0	105661
14601	96424	1642	1315	5270	0	104651
14602	4269	1420	971	95835	0	102495
14603	2241	1082	848	99216	0	103387
14604	94797	1366	543	6177	0	102883
14605	4544	92899	631	3505	0	101579
14606	1906	4813	548	94566	0	101833
14607	94044	1891	910	5473	0	102318
14608	4602	1659	89257	3099	0	98617
14609	91850	977	3753	2969	0	99549
14610	5187	1021	1577	94067	0	101852
14611	94318	1176	972	5276	0	101742
14612	95384	1031	867	3029	0	100311
14613	92045	1028	769	2714	0	96556
14614	6292	89753	863	1982	0	98890
14615	3670	3978	85026	1913	0	94587
14616	2719	89182	3983	1678	0	97562
14617	88881	4422	1680	1682	0	96665
14618	5502	87567	1085	1566	0	95720
14619	3459	4982	737	87799	0	96977
14620	86703	2459	733	4426	0	94321
14621	4976	86057	790	2448	0	94271
14622	2701	5322	83305	1613	0	92941
14623	2159	2710	3887	86589	0	95345
14624	2133	2208	84124	5010	0	93475
14625	1745	86630	4239	3003	0	95617
14626	1762	4984	1810	85609	0	94165
14627	1936	2496	1426	88720	0	94578
14628	1277	2435	1234	89877	0	94823
14629	1052	1629	1484	86852	0	91017
14630	1317	83930	1312	6549	0	93108
14631	83035	4896	1370	3727	0	93028
14632	4850	2611	81070	3001	0	91532
14633	2029	1950	4177	84743	0	92899
14634	83229	1440	1735	6179	0	92583
14635	5291	1706	80887	3400	0	91284
14636	2746	79892	4461	2591	0	89690
14637	1968	5383	2291	80854	0	90496
14638	1720	2618	80626	5199	0	90163
14639	1423	82315	4920	2952	0	91610
14640	78666	5080	2424	2715	0	88885
14641	4505	82492	1909	2294	0	91200
14642	2161	5711	1492	80959	0	90323
14643	1799	3051	1336	86636	0	92822
14644	80984	2912	1272	6681	0	91849
14645	4788	81547	1814	3578	0	91727
14646	2361	5480	1545	84118	0	93504
14647	79914	2892	1751	5894	0	90451
14648	79563	2678	1156	3655	0	87052
14649	5981	77340	1049	3425	0	87795
14650	79404	5417	819	2835	0	88475
14651	82026	2951	639	2773	0	88389
14652	6601	2536	655	79008	0	88800
14653	3878	2356	74767	5711	0	86712
14654	3573	1733	4063	77789	0	87158
14655	2829	1661	2019	81412	0	87921
14656	2567	1569	73210	7183	0	84529
14657	2698	73566	4271	4435	0	84970
14658	2298	4704	2226	75972	0	85200
14659	1607	2339	1675	79660	0	85281
14660	1358	1696	1609	80604	0	85267
14661	1440	1343	1592	78880	0	83255
14662	1527	74462	1290	7837	0	85116
14663	76811	4612	1094	4405	0	86922
14664	77860	2499	794	3693	0	84846
14665	76454	1710	530	3559	0	82253
14666	6401	71218	542	3408	0	81569
14667	3338	4889	571	72868	0	81666
14668	2583	2752	67980	5905	0	79220
14669	2510	2265	3722	69424	0	77921
14670	2805	70984	1396	5361	0	80546
14671	70340	4676	993	2888	0	78897
14672	70865	2660	700	2494	0	76719
14673	70648	2037	854	2243	0	75782
14674	6256	67623	1065	2238	0	77182
14675	3023	65709	1296	2113	0	72141
14676	2460	67129	1296	1872	0	72757
14677	2233	5833	60817	1804	0	70687
14678	2390	3447	55260	1895	0	62992
14679	1958	8743	2072	26116	0	38889
14680	15032	146	886	550	0	16614
14681	14573	72	65	164	0	14874
14682	499	68	42	15568	0	16177
14683	186	71	60	15838	0	16155
14684	94	66	35	16338	0	16533
14685	80	55	60	16476	0	16671
14686	15947	72	59	542	0	16620
14687	16448	72	32	222	0	16774
14688	538	16154	32	147	0	16871
14689	16823	445	52	113	0	17433
14690	17105	192	35	113	0	17445
14691	17209	106	25	108	0	17448
14692	637	106	15937	94	0	16774
14693	16126	65	353	98	0	16642
14694	530	16682	133	109	0	17454
14695	236	478	55	17454	0	18223
14696	130	224	43	17800	0	18197
14697	111	17360	44	679	0	18194
14698	125	489	36	18525	0	19175
14699	18230	193	63	592	0	19078
14700	525	112	48	18274	0	18959
14701	280	60	16825	631	0	17796
14702	16162	71	463	263	0	16959
14703	496	16508	169	192	0	17365
14704	216	489	87	17268	0	18060
14705	131	200	40	17370	0	17741
14706	105	104	38	17608	0	17855
14707	142	70	16495	754	0	17461
14708	132	15704	448	331	0	16615
14709	120	467	136	16078	0	16801
14710	135	201	15601	520	0	16457
14711	114	88	379	15137	0	15718
14712	108	69	15078	510	0	15765
14713	86	72	400	14743	0	15301
14714	88	14066	204	454	0	14812
14715	85	409	92	15610	0	16196
14716	15344	177	44	517	0	16082
14717	15390	112	52	238	0	15792
14718	573	67	14761	172	0	15573
14719	231	77	13248	97	0	13653
14720	95	58	15724	80	0	15957
14721	63	38	425	15673	0	16199
14722	66	35	277	17722	0	18100
14723	46	27	92	18154	0	18319
14724	46	17803	51	530	0	18430
14725	55	345	37	18765	0	19202
14726	46	162	39	20029	0	20276
14727	36	92	40	20576	0	20744
14728	20012	55	46	692	0	20805
14729	19620	54	44	337	0	20055
14730	596	45	19874	200	0	20715
14731	284	58	20569	151	0	21062
14732	20761	39	629	123	0	21552
14733	22676	31	305	115	0	23127
14734	779	41	23783	122	0	24725
14735	346	61	23447	128	0	23982
14736	23197	46	887	124	0	24254
14737	24141	49	340	104	0	24634
14738	1005	48	23192	106	0	24351
14739	384	40	762	22745	0	23931
14740	220	44	308	23306	0	23878
14741	179	23880	215	893	0	25167
14742	149	747	131	26123	0	27150
14743	136	244	26892	1032	0	28304
14744	147	141	982	27067	0	28337
14745	148	75	373	28096	0	28692
14746	155	80	26485	1352	0	28072
14747	25656	51	1028	616	0	27351
14748	27713	48	436	376	0	28573
14749	1306	67	288	26468	0	28129
14750	599	54	158	28228	0	29039
14751	27450	48	186	1350	0	29034
14752	27502	44	185	634	0	28365
14753	27009	79	176	413	0	27677
14754	28026	66	156	294	0	28542
14755	1448	26575	172	284	0	28479
14756	26758	943	143	236	0	28080
14757	1185	26681	192	276	0	28334
14758	501	1071	160	27015	0	28747
14759	393	353	149	27159	0	28054
14760	280	25853	165	1361	0	27659
14761	281	929	150	26510	0	27870
14762	271	356	146	26241	0	27014
14763	233	24982	136	1402	0	26753
14764	232	1505	130	25194	0	27061
14765	263	417	152	26319	0	27151
14766	260	257	132	26765	0	27414
14767	283	134	24416	1608	0	26441
14768	274	24060	972	821	0	26127
14769	266	998	409	22836	0	24509
14770	270	24748	304	1097	0	26419
14771	25202	1127	194	582	0	27105
14772	1179	445	24399	479	0	26502
14773	553	318	24105	415	0	25391
14774	23150	623	1127	383	0	25283
14775	1067	167	432	23935	0	25601
14776	516	158	22928	1115	0	24717
14777	394	180	22733	544	0	23851
14778	306	170	1091	22715	0	24282
14779	22409	173	451	1136	0	24169
14780	22670	159	310	594	0	23733
14781	1159	192	249	21799	0	23399
14782	584	203	20003	1144	0	21934
14783	373	21064	860	673	0	22970
14784	257	951	364	21744	0	23316
14785	303	376	21135	1169	0	22983
14786	262	21181	954	665	0	23062
14787	260	893	402	20932	0	22487
14788	20889	348	314	1124	0	22675
14789	943	266	232	20031	0	21472
14790	442	20131	262	1146	0	21981
14791	20443	858	290	556	0	22147
14792	978	388	19970	545	0	21881
14793	518	19610	912	442	0	21482
14794	434	852	20103	382	0	21771
14795	19499	370	979	368	0	21216
14796	978	264	505	19717	0	21464
14797	526	197	393	20583	0	21699
14798	20338	199	308	1170	0	22015
14799	988	175	357	20201	0	21721
14800	512	188	19443	1166	0	21309
14801	18745	174	942	644	0	20505
14802	1036	19814	460	556	0	21866
14803	549	818	383	20731	0	22481
14804	20326	354	296	1152	0	22128
14805	995	20196	269	623	0	22083
14806	596	887	239	21021	0	22743
14807	21407	428	272	1140	0	23247
14808	948	345	294	20850	0	22437
14809	519	21155	277	1181	0	23132
14810	439	934	21398	679	0	23450
14811	322	410	859	22736	0	24327
14812	402	328	391	23156	0	24277
14813	23196	250	310	1353	0	25109
14814	1049	239	212	23563	0	25063
14815	22952	229	235	1228	0	24644
14816	23311	263	216	640	0	24430
14817	1260	242	189	21840	0	23531
14818	661	22129	223	1075	0	24088
14819	483	925	207	21935	0	23550
14820	19090	421	175	1131	0	20817
14821	955	19873	160	616	0	21604
14822	455	20142	157	480	0	21234
14823	19611	946	137	454	0	21148
14824	19613	451	186	388	0	20638
14825	924	19063	168	412	0	20567
14826	18795	775	147	338	0	20055
14827	18940	318	156	344	0	19758
14828	927	276	121	18656	0	19980
14829	460	230	18678	924	0	20292
14830	364	787	669	18681	0	20501
14831	227	161	17916	958	0	19262
14832	194	109	646	17819	0	18768
14833	208	131	17361	836	0	18536
14834	15624	73	540	355	0	16592
14835	498	79	252	16020	0	16849
14836	16643	54	167	536	0	17400
14837	600	62	90	16481	0	17233
14838	258	17202	92	626	0	18178
14839	18088	445	66	276	0	18875
14840	587	227	17362	230	0	18406
14841	15698	672	695	138	0	17203
14842	431	15746	164	105	0	16446
14843	14301	169	38	28	0	14536
14844	14323	72	18	25	0	14438
14845	247	13929	23	38	0	14237
14846	130	180	17	15025	0	15352
14847	14860	86	17	191	0	15154
14848	201	14499	32	94	0	14826
14849	115	164	15	15414	0	15708
14850	15201	88	20	195	0	15504
14851	214	62	10	15121	0	15407
14852	117	29	11	14781	0	14938
14853	87	47	13	15221	0	15368
14854	58	26	14607	312	0	15003
14855	57	32	171	14432	0	14692
14856	14868	37	73	258	0	15236
14857	226	41	14403	126	0	14796
14858	134	27	182	14488	0	14831
14859	96	44	83	14757	0	14980
14860	67	43	14624	296	0	15030
14861	13656	32	188	179	0	14055
14862	14856	40	97	104	0	15097
14863	296	37	14767	86	0	15186
14864	173	28	189	14635	0	15025
14865	114	31	105	15617	0	15867
14866	84	30	15913	325	0	16352
14867	72	30	200	15627	0	15929
14868	49	29	109	16259	0	16446
14869	83	31	17185	373	0	17672
14870	16555	23	268	221	0	17067
14871	317	22	134	18024	0	18497
14872	18129	19	85	381	0	18614
14873	17992	17	47	213	0	18269
14874	426	42	18711	149	0	19328
14875	214	14	290	18145	0	18663
14876	19173	19	124	380	0	19696
14877	333	19127	130	201	0	19791
14878	173	545	68	20823	0	21609
14879	143	92	66	21017	0	21318
14880	86	75	63	21561	0	21785
14881	99	37	20899	572	0	21607
14882	17590	51	369	289	0	18299
14883	368	23	154	20567	0	21112
14884	167	14	121	20838	0	21140
14885	159	36	20386	534	0	21115
14886	86	31	367	20176	0	20660
14887	103	14	148	21268	0	21533
14888	20552	16	124	569	0	21261
14889	377	19483	111	318	0	20289
14890	204	321	20003	227	0	20755
14891	20338	106	366	183	0	20993
14892	408	85	156	20791	0	21440
14893	211	51	20867	467	0	21596
14894	193	51	20916	240	0	21400
14895	113	38	474	21008	0	21633
14896	131	38	21114	487	0	21770
14897	127	62	22402	287	0	22878
14898	82	20516	587	255	0	21440
14899	96	320	226	23674	0	24316
14900	119	126	23974	481	0	24700
14901	94	105	418	22916	0	23533
14902	24033	49	196	514	0	24792
14903	369	52	159	24495	0	25075
14904	173	35	120	25157	0	25485
14905	24218	36	117	564	0	24935
14906	24697	45	103	339	0	25184
14907	476	40	118	25878	0	26512
14908	248	52	26909	543	0	27752
14909	165	25106	538	309	0	26118
14910	136	443	229	27052	0	27860
14911	26510	152	175	624	0	27461
14912	26745	117	133	342	0	27337
14913	680	25711	166	273	0	26830
14914	298	26679	150	238	0	27365
14915	27227	604	117	230	0	28178
14916	26642	243	148	194	0	27227
14917	732	158	27482	182	0	28554
14918	330	131	539	27337	0	28337
14919	245	28482	252	670	0	29649
14920	30417	574	190	304	0	31485
14921	721	212	141	29287	0	30361
14922	315	28526	160	747	0	29748
14923	255	624	28574	379	0	29832
14924	200	260	627	27024	0	28111
14925	170	30184	293	703	0	31350
14926	30409	619	170	322	0	31520
14927	30352	263	122	260	0	30997
14928	768	29791	138	503	0	31200
14929	30004	580	93	208	0	30885
14930	30397	229	94	205	0	30925
14931	771	29602	94	183	0	30650
14932	335	31525	89	215	0	32164
14933	208	699	77	32256	0	33240
14934	32835	278	79	627	0	33819
14935	665	190	32421	293	0	33569
14936	29744	136	512	227	0	30619
14937	580	31818	226	186	0	32810
14938	32464	514	133	158	0	33269
14939	32684	228	126	141	0	33179
14940	34252	155	100	148	0	34655
14941	721	118	75	32429	0	33343
14942	308	32430	123	507	0	33368
14943	33692	494	80	234	0	34500
14944	592	241	33643	163	0	34639
14945	255	33761	538	156	0	34710
14946	179	535	190	36052	0	36956
14947	163	236	35052	561	0	36012
14948	190	161	35482	219	0	36052
14949	145	134	633	34037	0	34949
14950	167	131	240	36318	0	36856
14951	147	113	162	38199	0	38621
14952	156	100	118	37438	0	37812
14953	140	36313	123	829	0	37405
14954	167	37882	113	344	0	38506
14955	39798	722	78	241	0	40839
14956	644	294	90	39544	0	40572
14957	325	206	78	39894	0	40503
14958	228	158	88	40783	0	41257
14959	40512	135	91	817	0	41555
14960	40530	123	95	368	0	41116
14961	784	136	74	40300	0	41294
14962	41503	117	77	739	0	42436
14963	41124	112	81	357	0	41674
14964	41895	120	93	253	0	42361
14965	853	135	101	40776	0	41865
14966	402	158	39236	674	0	40470
14967	300	183	37308	309	0	38100
14968	272	139	38431	234	0	39076
14969	245	115	39426	183	0	39969
14970	159	114	601	37977	0	38851
14971	39249	93	237	534	0	40113
14972	37977	97	135	241	0	38450
14973	704	115	38798	163	0	39780
14974	356	139	39674	128	0	40297
14975	228	43114	648	158	0	44148
14976	220	524	260	46145	0	47149
14977	47506	198	156	554	0	48414
14978	571	102	45385	219	0	46277
14979	43443	74	450	153	0	44120
14980	504	46426	230	140	0	47300
14981	242	434	108	49611	0	50395
14982	176	185	85	51120	0	51566
14983	159	124	91	50581	0	50955
14984	50925	98	80	752	0	51855
14985	579	85	89	50963	0	51716
14986	258	109	78	51466	0	51911
14987	51095	82	92	749	0	52018
14988	603	62	88	50386	0	51139
14989	302	96	52023	690	0	53111
14990	49207	65	521	338	0	50131
14991	632	71	203	51996	0	52902
14992	292	88	120	51157	0	51657
14993	208	50196	103	725	0	51232
14994	52188	522	70	337	0	53117
14995	52507	204	94	229	0	53034
14996	758	127	78	51871	0	52834
14997	339	117	51403	649	0	52508
14998	46049	91	544	341	0	47025
14999	689	83	51914	246	0	52932
15000	328	76	607	49928	0	50939
15001	258	58	232	53414	0	53962
15002	53675	45	140	875	0	54735
15003	727	54	134	55206	0	56121
15004	361	184	54262	819	0	55626
15005	51967	72	660	395	0	53094
15006	828	86	56430	269	0	57613
15007	388	143	54309	204	0	55044
15008	54894	40	831	180	0	55945
15009	777	82	362	56773	0	57994
15010	294	58358	213	587	0	59452
15011	60310	587	162	254	0	61313
15012	59411	206	140	191	0	59948
15013	920	111	60010	177	0	61218
15014	59616	70	675	173	0	60534
15015	803	59	262	63229	0	64353
15016	427	77	68405	713	0	69622
15017	261	65816	716	385	0	67178
15018	68199	533	256	198	0	69186
15019	671	67524	192	198	0	68585
15020	293	534	96	67587	0	68510
15021	207	199	92	67867	0	68365
15022	174	129	99	67425	0	67827
15023	362	109	70	65510	0	66051
15024	138	65749	123	1767	0	67777
15025	187	538	64625	390	0	65740
15026	93	65045	545	319	0	66002
15027	67392	573	211	219	0	68395
15028	585	230	118	67265	0	68198
15029	67667	125	109	667	0	68568
15030	682	124	98	68237	0	69141
15031	71318	74	105	709	0	72206
15032	641	69538	143	340	0	70662
15033	71642	547	110	207	0	72506
15034	71065	203	109	200	0	71577
15035	70415	125	95	186	0	70821
15036	71039	104	83	181	0	71407
15037	864	67116	97	1259	0	69336
15038	458	565	70081	160	0	71264
15039	322	198	514	70254	0	71288
15040	70703	124	199	625	0	71651
15041	70240	101	158	278	0	70777
15042	808	72	118	70156	0	71154
15043	400	98	71854	702	0	73054
15044	264	72	590	71072	0	71998
15045	226	70209	267	727	0	71429
15046	74042	586	163	334	0	75125
15047	659	213	117	73535	0	74524
15048	324	69179	180	691	0	70374
15049	228	74854	114	337	0	75533
15050	125	75349	84	241	0	75799
15051	118	884	66	76541	0	77609
15052	77041	344	59	776	0	78220
15053	744	75275	75	328	0	76422
15054	274	814	45	77817	0	78950
15055	77019	273	49	834	0	78175
15056	828	185	38	76770	0	77821
15057	77068	129	39	930	0	78166
15058	77457	99	60	352	0	77968
15059	1009	80408	90	297	0	81804
15060	460	772	77	80509	0	81818
15061	290	81460	84	659	0	82493
15062	83354	855	54	261	0	84524
15063	85534	309	66	212	0	86121
15064	87613	187	64	153	0	88017
15065	1110	171	92	88022	0	89395
15066	529	150	87688	835	0	89202
15067	85266	141	773	312	0	86492
15068	89952	101	253	226	0	90532
15069	1080	142	152	87490	0	88864
15070	520	87738	140	815	0	89213
15071	383	808	67	90992	0	92250
15072	289	309	96	92330	0	93024
15073	92735	214	114	1063	0	94126
15074	89216	184	79	488	0	89967
15075	1112	153	84690	291	0	86246
15076	479	169	748	83237	0	84633
15077	84738	125	255	911	0	86029
15078	919	164	145	86006	0	87234
15079	454	172	85524	992	0	87142
15080	282	78914	785	512	0	80493
15081	258	83582	250	365	0	84455
15082	93425	1043	129	270	0	94867
15083	1530	506	73	98048	0	100157
15084	543	280	105	118537	0	119465
15085	117507	212	112	3268	0	121099
15086	3111	238	115749	1214	0	120312
15087	1065	157	2617	117752	0	121591
15088	787	284	115462	3106	0	119639
15089	466	113833	2960	1230	0	118489
15090	125022	2775	998	667	0	129462
15091	128106	935	542	530	0	130113
15092	131934	537	374	396	0	133241
15093	4396	407	124520	371	0	129694
15094	129619	277	2866	334	0	133096
15095	135604	214	1040	288	0	137146
15096	4258	266	543	132257	0	137324
15097	128785	223	605	3055	0	132668
15098	3733	319	129737	1118	0	134907
15099	125477	205	2865	715	0	129262
15100	3949	595	126623	511	0	131678
15101	1635	130580	3168	485	0	135868
15102	1155	4424	1261	118445	0	125285
15103	871	131446	754	2353	0	135424
15104	863	3361	127431	892	0	132547
15105	624	133376	2851	693	0	137544
15106	128248	3104	943	365	0	132660
15107	2781	128114	712	388	0	131995
15108	1145	128451	590	360	0	130546
15109	889	3438	125228	311	0	129866
15110	538	1542	2709	123495	0	128284
15111	127276	840	985	2771	0	131872
15112	2954	777	123403	993	0	128127
15113	1198	122815	2869	768	0	127650
15114	823	2831	1065	124595	0	129314
15115	711	1135	125850	2903	0	130599
15116	667	740	121026	1148	0	123581
15117	545	586	3680	123869	0	128680
15118	655	550	121086	3244	0	125535
15119	625	668	3490	110962	0	115745
15120	604	120454	1524	2779	0	125361
15121	728	2996	985	118985	0	123694
15122	760	122484	842	3018	0	127104
15123	884	3190	656	125636	0	130366
15124	120555	1170	685	3404	0	125814
15125	3389	800	588	120156	0	124933
15126	1510	119725	613	3391	0	125239
15127	1104	2932	554	125284	0	129874
15128	1088	1275	120971	3605	0	126939
15129	897	882	3012	123261	0	128052
15130	123221	589	1373	3733	0	128916
15131	3416	684	116612	1579	0	122291
15132	1486	689	3252	117437	0	122864
15133	117566	630	1320	3442	0	122958
15134	3347	116109	1034	1659	0	122149
15135	1696	3249	864	117955	0	123764
15136	120698	1411	730	3425	0	126264
15137	3755	1010	734	121957	0	127456
15138	1899	987	116067	3643	0	122596
15139	114837	920	3217	1680	0	120654
15140	3635	118414	1627	1299	0	124975
15141	1682	122126	1223	1209	0	126240
15142	125262	3834	994	887	0	130977
15143	125351	1715	962	885	0	128913
15144	4176	1377	863	120417	0	126833
15145	123665	1021	977	3760	0	129423
15146	4119	1129	117658	1634	0	124540
15147	119197	964	3553	1392	0	125106
15148	3829	117793	1731	1432	0	124785
15149	122588	3151	1402	1326	0	128467
15150	4157	1862	121012	1441	0	128472
15151	2307	1249	3406	122729	0	129691
15152	1745	1164	2068	125129	0	130106
15153	1679	1256	1600	118117	0	122652
15154	1587	122608	1606	3847	0	129648
15155	126164	3418	1181	2193	0	132956
15156	4318	1640	1263	113853	0	121074
15157	2653	114729	1320	3272	0	121974
15158	128901	3162	1316	1985	0	135364
15159	123994	1617	1393	1689	0	128693
15160	126818	1208	1115	1638	0	130779
15161	126005	1236	1229	1616	0	130086
15162	123627	1061	1362	1641	0	127691
15163	5241	1105	1361	118144	0	125851
15164	2970	1230	1357	119286	0	124843
15165	115716	1297	1186	4516	0	122715
15166	3853	1500	1313	115108	0	121774
15167	2376	1698	1137	116733	0	121944
15168	1763	1631	105853	4843	0	114090
15169	109786	1816	3413	2479	0	117494
15170	115479	1628	1950	2125	0	121182
15171	116147	2034	1286	1830	0	121297
15172	4819	1697	1416	104995	0	112927
15173	2589	107390	1325	4223	0	115527
15174	120125	3603	1368	2198	0	127294
15175	117536	1973	1421	2298	0	123228
15176	5091	1522	1280	123245	0	131138
15177	124325	1316	1648	4505	0	131794
15178	5573	2723	105258	3082	0	116636
15179	2775	125555	3740	2496	0	134566
15180	2335	131941	2325	3136	0	139737
15181	2077	4898	126533	2173	0	135681
15182	1372	116328	4240	2142	0	124082
15183	1352	115543	1979	2297	0	121171
15184	94206	2143	948	1048	0	98345
15185	1654	92456	757	1153	0	96020
15186	2664	1905	610	92911	0	98090
15187	96031	1125	423	2176	0	99755
15188	2079	983	92528	1276	0	96866
15189	92884	889	1426	1267	0	96466
15190	2094	944	92003	1084	0	96125
15191	1370	574	90210	1240	0	93394
15192	86498	553	1998	902	0	89951
15193	1871	353	90302	1455	0	93981
15194	1258	83145	2112	632	0	87147
15195	610	1695	1007	85535	0	88847
15196	85289	671	538	1444	0	87942
15197	1707	81789	504	871	0	84871
15198	911	1419	396	85108	0	87834
15199	798	736	83033	1651	0	86218
15200	906	432	1220	83241	0	85799
15201	82821	388	762	1741	0	85712
15202	1745	381	80937	963	0	84026
15203	1269	399	1300	79911	0	82879
15204	80103	519	761	1511	0	82894
15205	81094	385	456	932	0	82867
15206	2433	333	338	78269	0	81373
15207	1423	276	341	80424	0	82464
15208	958	305	80211	1977	0	83451
15209	979	366	77626	1052	0	80023
15210	76135	273	1800	661	0	78869
15211	81308	281	832	510	0	82931
15212	2026	77757	573	1149	0	81505
15213	81596	1127	467	357	0	83547
15214	84925	578	402	430	0	86335
15215	2284	410	87375	530	0	90599
15216	1119	86850	1620	525	0	90114
15217	91276	1556	666	181	0	93679
15218	90889	673	423	164	0	92149
15219	93012	391	291	132	0	93826
15220	2565	300	245	88994	0	92104
15221	1235	277	185	90426	0	92123
15222	816	88623	235	2055	0	91729
15223	579	1626	183	93531	0	95919
15224	92092	738	213	2080	0	95123
15225	1885	470	154	93191	0	95700
15226	926	376	91409	2138	0	94849
15227	678	379	89039	1003	0	91099
15228	484	270	2204	90105	0	93063
15229	466	240	92918	2076	0	95700
15230	430	294	91594	1019	0	93337
15231	372	256	2615	84812	0	88055
15232	331	188	1195	93305	0	95019
15233	397	206	92714	2444	0	95761
15234	494	237	91189	1192	0	93112
15235	357	89896	2630	787	0	93670
15236	93981	1730	1261	518	0	97490
15237	1825	96414	854	534	0	99627
15238	97547	2012	646	375	0	100580
15239	98193	937	537	290	0	99957
15240	2533	96130	468	418	0	99549
15241	99797	2211	350	345	0	102703
15242	2625	999	362	97499	0	101485
15243	1292	740	100961	2172	0	105165
15244	873	482	2116	99491	0	102962
15245	676	378	896	105489	0	107439
15246	98247	325	595	3015	0	102182
15247	98096	305	497	1387	0	100285
15248	100028	252	397	911	0	101588
15249	99708	256	410	708	0	101082
15250	94412	206	340	601	0	95559
15251	3333	88157	445	595	0	92530
15252	1640	1956	387	93627	0	97610
15253	1125	834	93635	2373	0	97967
15254	827	464	2214	93660	0	97165
15255	789	391	949	96117	0	98246
15256	700	274	664	99860	0	101498
15257	104219	262	516	3361	0	108358
15258	2961	261	490	105301	0	109013
15259	105469	262	435	3474	0	109640
15260	3482	361	104212	1562	0	109617
15261	1604	278	2897	122847	0	127626
15262	1207	331	124471	4210	0	130219
15263	124770	252	3978	1954	0	130954
15264	4253	236	1596	127166	0	133251
15265	1929	331	126872	4366	0	133498
15266	1221	244	4083	129181	0	134729
15267	129285	233	1813	4894	0	136225
15268	4421	315	127810	2345	0	134891
15269	127368	204	4187	1544	0	133303
15270	133807	204	1926	1322	0	137259
15271	131754	189	1276	1130	0	134349
15272	129620	197	1065	1087	0	131969
15273	5996	123604	1018	1080	0	131698
15274	2639	118695	868	877	0	123079
15275	1845	121767	753	912	0	125277
15276	1334	6124	1940	103882	0	113280
15277	1044	108381	625	3003	0	113053
15278	104484	3393	803	1191	0	109871
15279	3144	101226	578	813	0	105761
15280	1515	103975	465	758	0	106713
15281	1137	3806	424	102843	0	108210
15282	978	1611	483	106419	0	109491
15283	102811	994	500	3915	0	108220
15284	3418	797	421	104027	0	108663
15285	1576	745	98167	3815	0	104303
15286	1239	745	94239	1864	0	98087
15287	1186	525	98278	1340	0	101329
15288	1178	450	3921	92886	0	98435
15289	1220	422	1596	103229	0	106467
15290	1185	490	99222	4165	0	105062
15291	1168	617	98644	1844	0	102273
15292	1073	636	99622	1225	0	102556
15293	99742	612	4428	1063	0	105845
15294	3522	744	1905	101096	0	107267
15295	1652	706	1208	104893	0	108459
15296	102558	682	1105	4672	0	109017
15297	3730	684	918	101581	0	106913
15298	1819	96904	853	4106	0	103682
15299	1190	102824	701	2375	0	107090
15300	997	4069	608	103028	0	108702
15301	102024	1662	604	4257	0	108547
15302	103040	913	672	2334	0	106959
15303	105305	764	769	1555	0	108393
15304	4913	648	805	103198	0	109564
15305	2343	536	99519	4189	0	106587
15306	1602	395	3604	101609	0	107210
15307	1428	426	99809	4349	0	106012
15308	92339	366	4000	2502	0	99207
15309	3898	387	2078	101334	0	107697
15310	100527	370	1569	4349	0	106815
15311	4290	318	99692	2482	0	106782
15312	92857	345	4028	1770	0	99000
15313	4871	411	103044	1474	0	109800
15314	2657	95002	3637	1517	0	102813
15315	1794	96519	1739	1387	0	101439
15316	92800	3623	1058	1593	0	99074
15317	3781	1629	808	91740	0	97958
15318	2132	1118	89927	3465	0	96642
15319	1445	88576	2938	1918	0	94877
15320	1363	93810	1422	1461	0	98056
15321	1552	4306	830	92437	0	99125
15322	92617	1692	889	3442	0	98640
15323	93090	1081	735	1952	0	96858
15324	4179	92159	816	1885	0	99039
15325	95062	3238	880	1350	0	100530
15326	3943	1586	859	94163	0	100551
15327	2313	980	91438	3654	0	98385
15328	1600	92143	3285	2120	0	99148
15329	1453	3066	1800	94221	0	100540
15330	1337	1559	1152	96646	0	100694
15331	94658	922	1105	4443	0	101128
15332	3757	808	90697	2215	0	97477
15333	90943	761	3275	1480	0	96459
15334	94082	816	1682	1297	0	97877
15335	4392	823	1189	91043	0	97447
15336	2416	863	948	93924	0	98151
15337	89289	855	946	4227	0	95317
15338	3794	877	868	90896	0	96435
15339	2151	979	87750	4012	0	94892
15340	1410	907	85561	2215	0	90093
15341	1216	84776	3586	1640	0	91218
15342	1301	90528	1574	1385	0	94788
15343	1246	3745	937	78908	0	84836
15344	1185	83075	811	2997	0	88068
15345	84481	3291	707	1826	0	90305
15346	3070	86144	727	1514	0	91455
15347	1669	3384	724	86622	0	92399
15348	1085	1873	682	89561	0	93201
15349	1030	1235	85025	4447	0	91737
15350	1026	936	3038	86337	0	91337
15351	1148	699	1579	89301	0	92727
15352	1155	88952	1077	4619	0	95803
15353	1101	3079	978	88072	0	93230
15354	951	1354	977	92552	0	95834
15355	1615	865	86523	5210	0	94213
15356	914	86920	3569	2850	0	94253
15357	809	6564	1423	74372	0	83168
15358	749	78851	874	3483	0	83957
15359	785	3123	75082	2085	0	81075
15360	592	75245	2758	1327	0	79922
15361	57707	3052	1009	855	0	62623
15362	55270	784	383	351	0	56788
15363	55120	817	251	300	0	56488
15364	1912	54775	233	313	0	57233
15365	55538	1651	133	292	0	57614
15366	1738	756	173	55290	0	57957
15367	53963	407	198	1605	0	56173
15368	1646	52532	190	785	0	55153
15369	53942	1595	173	465	0	56175
15370	53970	682	166	489	0	55307
15371	1974	53386	245	413	0	56018
15372	959	1711	53167	372	0	56209
15373	540	802	1499	57782	0	60623
15374	598	484	60417	2037	0	63536
15375	372	395	2137	64160	0	67064
15376	365	364	828	70320	0	71877
15377	374	379	68875	3286	0	72914
15378	298	386	2577	69648	0	72909
15379	69727	297	987	3192	0	74203
15380	2786	398	68345	1284	0	72813
15381	1003	69091	2659	765	0	73518
15382	644	2718	904	68590	0	72856
15383	534	1002	468	73312	0	75316
15384	474	641	68588	3602	0	73305
15385	431	632	2482	65987	0	69532
15386	391	69211	938	2935	0	73475
15387	67055	2728	541	1323	0	71647
15388	2378	69656	479	906	0	73419
15389	64711	2792	315	618	0	68436
15390	2453	65333	383	571	0	68740
15391	679	66651	328	462	0	68120
15392	568	3066	63493	406	0	67533
15393	309	1018	2425	64256	0	68008
15394	291	1034	739	65601	0	67665
15395	287	493	402	67124	0	68306
15396	274	66123	404	3353	0	70154
15397	253	2837	321	69101	0	72512
15398	67926	899	255	3556	0	72636
15399	2836	578	362	69857	0	73633
15400	69424	412	375	3732	0	73943
15401	3351	409	68839	1425	0	74024
15402	69505	379	2898	1047	0	73829
15403	3270	502	961	70483	0	75216
15404	1065	469	603	76357	0	78494
15405	76604	488	439	4162	0	81693
15406	3302	510	73803	1700	0	79315
15407	1000	72943	2870	1218	0	78031
15408	682	3431	944	76063	0	81120
15409	73991	1108	632	3394	0	79125
15410	76039	870	400	1341	0	78650
15411	3772	678	347	74268	0	79065
15412	1399	704	72715	3534	0	78352
15413	68951	647	2984	1455	0	74037
15414	3357	608	69382	1041	0	74388
15415	1145	565	3232	70250	0	75192
15416	860	503	69417	3728	0	74508
15417	652	698	3195	70964	0	75509
15418	671	521	67819	4033	0	73044
15419	587	67418	3087	2693	0	73785
15420	718	3074	1085	60167	0	65044
15421	666	69525	792	3001	0	73984
15422	71408	3204	585	1397	0	76594
15423	73403	1106	612	1128	0	76249
15424	4041	746	69003	927	0	74717
15425	1698	637	3040	68899	0	74274
15426	70390	532	1109	3576	0	75607
15427	3561	542	775	69870	0	74748
15428	1511	542	673	71816	0	74542
15429	1186	534	66975	4193	0	72888
15430	64867	523	3148	1946	0	70484
15431	3636	506	66865	1480	0	72487
15432	1598	419	3393	67463	0	72873
15433	1300	446	67468	3928	0	73142
15434	67532	420	3510	1918	0	73380
15435	69640	379	1502	1513	0	73034
15436	70032	449	1223	1228	0	72932
15437	4290	437	1085	67271	0	73083
15438	1801	446	64620	3797	0	70664
15439	1242	442	64465	1847	0	67996
15440	997	444	3804	56937	0	62182
15441	856	61484	1748	3294	0	67382
15442	61755	2919	1197	1723	0	67594
15443	3398	1224	921	62551	0	68094
15444	1672	868	61478	3685	0	67703
15445	1429	886	3072	63114	0	68501
15446	1314	592	63685	3875	0	69466
15447	1177	513	3502	65147	0	70339
15448	1174	477	64477	4108	0	70236
15449	1114	457	63004	2079	0	66654
15450	1079	59818	3710	1794	0	66401
15451	948	2539	61569	1565	0	66621
15452	1063	900	61191	1423	0	64577
15453	1006	573	3587	48490	0	53656
15454	996	816	1734	50999	0	54545
15455	958	55334	1327	3042	0	60661
15456	56268	2333	1132	1617	0	61350
15457	3047	55532	1106	1233	0	60918
15458	1677	2572	1000	56396	0	61645
15459	56902	926	1016	3000	0	61844
15460	3107	641	990	57071	0	61809
15461	56973	481	1156	3337	0	61947
15462	3151	399	1107	57480	0	62137
15463	1462	480	55216	3516	0	60674
15464	1224	556	2814	56955	0	61549
15465	1057	500	1433	59389	0	62379
15466	56684	500	1261	3818	0	62263
15467	56511	366	1249	2166	0	60292
15468	55278	372	1323	1623	0	58596
15469	3283	52138	1450	1529	0	58400
15470	1436	52994	1261	1743	0	57434
15471	52720	2543	1377	1215	0	57855
15472	2798	1099	53187	1186	0	58270
15473	2104	781	50257	1108	0	54250
15474	1005	1972	2587	46669	0	52233
15475	882	435	44632	2074	0	48023
15476	766	282	41068	1108	0	43224
15477	37408	233	1891	909	0	40441
15478	39054	242	993	838	0	41127
15479	1730	39741	763	831	0	43065
15480	890	41311	661	855	0	43717
15481	819	1519	722	33687	0	36747
15482	665	41249	721	1355	0	43990
15483	43085	1265	742	834	0	45926
15484	1610	583	671	39503	0	42367
15485	888	41218	640	1465	0	44211
15486	43863	1226	638	814	0	46541
15487	1722	530	42367	703	0	45322
15488	947	431	41601	727	0	43706
15489	41330	320	1705	662	0	44017
15490	1563	384	39447	753	0	42147
15491	38047	288	1861	622	0	40818
15492	1370	241	786	39567	0	41964
15493	768	311	39677	1278	0	42034
15494	572	37419	1338	823	0	40152
15495	553	39504	886	660	0	41603
15496	36432	1057	684	515	0	38688
15497	846	37042	673	517	0	39078
15498	35373	628	781	414	0	37196
15499	35464	292	567	368	0	36691
15500	835	35106	559	320	0	36820
15501	734	554	369	33643	0	35300
15502	277	265	33938	614	0	35094
15503	173	34550	759	226	0	35708
15504	737	1757	265	33993	0	36752
15505	37	132	85	36344	0	36598
15506	34698	104	88	901	0	35791
15507	734	82	76	34918	0	35810
15508	203	91	33996	927	0	35217
15509	131	33418	751	387	0	34687
15510	107	727	225	35477	0	36536
15511	34756	200	198	917	0	36071
15512	35974	156	140	364	0	36634
15513	914	127	183	35943	0	37167
15514	36196	109	180	912	0	37397
15515	979	164	35833	346	0	37322
15516	358	79	872	36124	0	37433
15517	290	130	36260	962	0	37642
15518	221	91	926	39484	0	40722
15519	193	110	321	39349	0	39973
15520	182	136	219	40480	0	41017
15521	164	79	177	39114	0	39534
15522	121	101	133	40271	0	40626
15523	38610	65	124	1758	0	40557
15524	39215	93	103	735	0	40146
15525	1400	38084	131	563	0	40178
15526	38399	1153	101	406	0	40059
15527	1350	322	88	38729	0	40489
15528	533	196	107	39724	0	40560
15529	463	132	85	39481	0	40161
15530	373	151	37846	1707	0	40077
15531	360	151	1109	36446	0	38066
15532	278	37083	356	2134	0	39851
15533	38230	1190	243	632	0	40295
15534	38344	323	205	522	0	39394
15535	1548	253	36243	430	0	38474
15536	539	36536	1197	484	0	38756
15537	322	1252	368	37393	0	39335
15538	334	417	36866	1439	0	39056
15539	315	279	1214	34241	0	36049
15540	319	36098	421	1425	0	38263
15541	35264	1273	310	618	0	37465
15542	1295	35969	228	559	0	38051
15543	510	1358	37252	420	0	39540
15544	414	519	36678	373	0	37984
15545	266	34441	1311	386	0	36404
15546	240	34186	411	348	0	35185
15547	33785	1330	278	337	0	35730
15548	34729	506	230	312	0	35777
15549	1362	356	240	34458	0	36416
15550	542	282	33891	1289	0	36004
15551	394	290	1125	33785	0	35594
15552	321	267	341	35572	0	36501
15553	34410	212	278	1530	0	36430
15554	33884	211	237	679	0	35011
15555	1409	198	236	36722	0	38565
15556	551	222	35266	1585	0	37624
15557	373	36473	1228	724	0	38798
15558	37128	1345	417	546	0	39436
15559	1446	38650	322	416	0	40834
15560	639	1560	261	39544	0	42004
15561	470	627	218	42508	0	43823
15562	332	474	287	42957	0	44050
15563	305	367	289	43022	0	43983
15564	40911	332	230	2285	0	43758
15565	1575	357	191	41514	0	43637
15566	683	40253	189	2097	0	43222
15567	523	1495	182	42349	0	44549
15568	40024	492	227	2168	0	42911
15569	1525	40419	281	1081	0	43306
15570	674	1547	212	41971	0	44404
15571	583	641	39913	2009	0	43146
15572	40120	494	1437	963	0	43014
15573	1820	684	468	40781	0	43753
15574	806	329	38933	1968	0	42036
15575	608	313	39224	990	0	41135
15576	885	478	1816	38769	0	41948
15577	39090	269	774	1935	0	42068
15578	39391	260	450	1009	0	41110
15579	1837	38882	351	1303	0	42373
15580	39340	1377	266	831	0	41814
15581	39595	486	317	776	0	41174
15582	38740	394	259	806	0	40199
15583	38647	284	258	711	0	39900
15584	2142	372	228	37486	0	40228
15585	1051	319	204	38449	0	40023
15586	781	341	34628	2242	0	37992
15587	621	34180	1292	1241	0	37334
15588	574	36375	484	1005	0	38438
15589	559	1651	35248	819	0	38277
15590	35345	627	1438	807	0	38217
15591	1627	506	620	36320	0	39073
15592	36536	365	711	1831	0	39443
15593	36858	372	327	873	0	38430
15594	2031	426	34560	695	0	37712
15595	1045	317	1419	34877	0	37658
15596	35528	301	592	1794	0	38215
15597	1844	278	436	35496	0	38054
15598	938	324	33733	1951	0	36946
15599	756	281	1439	32073	0	34549
15600	630	33396	645	1739	0	36410
15601	622	35291	427	901	0	37241
15602	697	1674	32101	657	0	35129
15603	491	31550	1145	499	0	33685
15604	28670	1433	441	957	0	31501
15605	28165	366	284	320	0	29135
15606	1188	259	213	27523	0	29183
15607	594	197	204	28061	0	29056
15608	467	189	169	28820	0	29645
15609	27654	173	157	1324	0	29308
15610	1065	27486	153	649	0	29353
15611	28179	903	215	438	0	29735
15612	27593	379	140	304	0	28416
15613	1218	27267	180	297	0	28962
15614	26678	854	185	286	0	28003
15615	1135	25941	150	292	0	27518
15616	27014	925	120	377	0	28436
15617	1147	354	25756	347	0	27604
15618	22077	281	558	264	0	23180
15619	722	22179	315	274	0	23490
15620	346	549	166	22056	0	23117
15621	382	231	103	22684	0	23400
15622	256	176	79	22631	0	23142
15623	22508	113	128	992	0	23741
15624	717	110	72	22338	0	23237
15625	400	171	21809	878	0	23258
15626	21939	197	608	439	0	23183
15627	801	178	22296	350	0	23625
15628	376	231	674	22175	0	23456
15629	491	176	22404	810	0	23881
15630	264	139	701	21988	0	23092
15631	180	22167	295	751	0	23393
15632	176	608	255	22139	0	23178
15633	190	22182	207	747	0	23326
15634	230	646	187	22900	0	23963
15635	22704	280	125	816	0	23925
15636	737	208	121	24523	0	25589
15637	24597	115	122	814	0	25648
15638	855	157	22798	371	0	24181
15639	23611	134	518	337	0	24600
15640	24660	128	228	225	0	25241
15641	24456	118	194	184	0	24952
15642	1027	141	102	23894	0	25164
15643	22690	102	119	725	0	23636
15644	877	145	21024	333	0	22379
15645	21552	157	609	284	0	22602
15646	871	162	21151	212	0	22396
15647	21378	172	628	190	0	22368
15648	860	127	276	21632	0	22895
15649	470	139	22706	656	0	23971
15650	407	103	584	22044	0	23138
15651	290	126	299	23026	0	23741
15652	324	80	22107	877	0	23388
15653	19967	93	598	517	0	21175
15654	697	21813	313	426	0	23249
15655	20508	428	176	225	0	21337
15656	622	20703	177	223	0	21725
15657	20259	411	124	154	0	20948
15658	511	133	19249	149	0	20042
15659	16540	93	336	132	0	17101
15660	454	16755	141	119	0	17469
15661	429	189	62	15690	0	16370
15662	79	55	33	15669	0	15836
15663	69	42	29	15690	0	15830
15664	91	22	15705	268	0	16086
15665	56	21	214	15105	0	15396
15666	65	20	15838	249	0	16172
15667	17322	20	221	101	0	17664
15668	18697	21	86	83	0	18887
15669	425	19	50	18616	0	19110
15670	131	31	19219	402	0	19783
15671	17597	15	371	135	0	18118
15672	439	41	23275	79	0	23834
15673	122	24	443	23496	0	24085
15674	107	25	103	25317	0	25552
15675	80	17	74	25944	0	26115
15676	61	16	60	26808	0	26945
15677	24948	28	46	699	0	25721
15678	528	24935	80	232	0	25775
15679	173	547	24808	128	0	25656
15680	117	25073	502	116	0	25808
15681	26120	564	119	88	0	26891
15682	580	130	68	26028	0	26806
15683	26670	63	62	627	0	27422
15684	637	58	58	27235	0	27988
15685	183	41	71	27378	0	27673
15686	102	52	66	27881	0	28101
15687	117	70	26831	752	0	27770
15688	85	25883	540	302	0	26810
15689	114	510	27307	197	0	28128
15690	104	112	589	27560	0	28365
15691	29251	63	161	661	0	30136
15692	29110	70	110	247	0	29537
15693	29984	53	102	176	0	30315
15694	704	29063	85	169	0	30021
15695	31463	573	87	137	0	32260
15696	668	136	84	31521	0	32409
15697	217	84	66	31820	0	32187
15698	171	67	46	32575	0	32859
15699	177	31897	82	759	0	32915
15700	193	604	66	30966	0	31829
15701	137	31303	93	636	0	32169
15702	32844	618	93	258	0	33813
15703	32633	171	88	225	0	33117
15704	760	87	61	32489	0	33397
15705	275	86	31061	725	0	32147
15706	30372	78	556	300	0	31306
15707	660	90	142	32543	0	33435
15708	247	103	32114	738	0	33202
15709	30350	82	604	295	0	31331
15710	672	91	165	33914	0	34842
15711	33770	75	135	729	0	34709
15712	674	32567	117	314	0	33672
15713	263	573	62	33164	0	34062
15714	197	34241	104	705	0	35247
15715	213	1240	52	35913	0	37418
15716	195	35674	73	646	0	36588
15717	155	585	70	37807	0	38617
15718	171	196	37107	704	0	38178
15719	27735	174	585	402	0	28896
15720	556	36334	147	238	0	37275
15721	222	561	37243	192	0	38218
15722	35619	266	502	189	0	36576
15723	574	297	106	38061	0	39038
15724	245	93	37647	592	0	38577
15725	175	37817	501	288	0	38781
15726	145	434	128	40827	0	41534
15727	173	159	40874	558	0	41764
15728	113	97	484	40068	0	40762
15729	113	105	115	41433	0	41766
15730	156	94	41867	655	0	42772
15731	123	96	487	41653	0	42359
15732	144	131	43305	634	0	44214
15733	118	114	492	42809	0	43533
15734	156	135	46967	656	0	47914
15735	133	97	487	47727	0	48444
15736	148	103	152	47479	0	47882
15737	142	118	129	47557	0	47946
15738	162	45728	161	674	0	46725
15739	47709	512	132	335	0	48688
15740	47003	147	160	261	0	47571
15741	663	114	142	47409	0	48328
15742	48158	114	149	677	0	49098
15743	625	120	47162	330	0	48237
15744	223	48551	550	304	0	49628
15745	51226	496	135	331	0	52188
15746	535	51182	196	303	0	52216
15747	218	551	123	53445	0	54337
15748	153	209	135	53778	0	54275
15749	51720	152	141	706	0	52719
15750	578	154	127	51335	0	52194
15751	258	127	52212	730	0	53327
15752	213	50359	529	367	0	51468
15753	52375	534	149	280	0	53338
15754	574	175	128	52254	0	53131
15755	206	52591	119	706	0	53622
15756	172	558	129	54141	0	55000
15757	152	53490	190	605	0	54437
15758	56727	594	102	291	0	57714
15759	55387	178	156	280	0	56001
15760	710	161	54679	245	0	55795
15761	317	178	53573	243	0	54311
15762	237	122	581	54536	0	55476
15763	194	55717	239	639	0	56789
15764	169	543	125	58710	0	59547
15765	58714	144	135	686	0	59679
15766	599	159	57522	339	0	58619
15767	151	93	332	52998	0	53574
15768	125	80	54525	439	0	55169
15769	134	124	51817	208	0	52283
15770	89	53509	427	224	0	54249
15771	200	522	139	56515	0	57376
15772	52047	633	390	490	0	53560
15773	248	45	53129	91	0	53513
15774	48	49959	201	84	0	50292
15775	52547	114	28	29	0	52718
15776	101	41	17	52431	0	52590
15777	56332	18	12	122	0	56484
15778	56655	18	10	45	0	56728
15779	55563	14	24	43	0	55644
15780	147	27	57164	20	0	57358
15781	51981	20	129	40	0	52170
15782	57346	10	26	25	0	57407
15783	119	55679	81	46	0	55925
15784	35	98	18	58174	0	58325
15785	29	33	20	57186	0	57268
15786	15	24	10	58249	0	58298
15787	57942	11	13	156	0	58122
15788	54688	15	23	78	0	54804
15789	159	41	56256	34	0	56490
15790	45	21	99	54832	0	54997
15791	38	53037	82	121	0	53278
15792	56366	102	34	56	0	56558
15793	158	48	55081	18	0	55305
15794	51	25	124	53395	0	53595
15795	40	17	26	54894	0	54977
15796	19	53492	77	159	0	53747
15797	30	140	15	55783	0	55968
15798	44	50	32	53316	0	53442
15799	19	40	24	54566	0	54649
15800	54798	8	14	211	0	55031
15801	154	18	14	54040	0	54226
15802	42	32	13	53778	0	53865
15803	54615	13	20	195	0	54843
15804	180	25	13	55346	0	55564
15805	52	58263	57	194	0	58566
15806	62322	364	20	63	0	62769
15807	62474	152	23	76	0	62725
15808	63815	72	26	67	0	63980
15809	73262	40	30	62	0	73394
15810	1462	73935	77	643	0	76117
15811	88593	1435	26	97	0	90151
15812	90581	441	43	79	0	91144
15813	2858	317	19	88400	0	91594
15814	898	194	86118	3038	0	90248
15815	578	64	2182	86452	0	89276
15816	270	57	452	88657	0	89436
15817	182	45	333	87634	0	88194
15818	160	43	161	88238	0	88602
15819	130	58	49	89589	0	89826
15820	84686	63	76	3525	0	88350
15821	2521	63	25	85383	0	87992
15822	674	100	85674	3148	0	89596
15823	524	51	2295	84756	0	87626
15824	286	83667	582	3000	0	87535
15825	191	2329	381	86116	0	89017
15826	246	542	83905	2972	0	87665
15827	70493	428	2551	1059	0	74531
15828	78027	197	1093	704	0	80021
15829	3044	133	83688	481	0	87346
15830	959	81253	2479	377	0	85068
15831	86463	2382	513	324	0	89682
15832	86716	528	436	289	0	87969
15833	87326	430	210	290	0	88256
15834	84510	212	114	274	0	85110
15835	3639	146	123	79882	0	83790
15836	1356	187	79852	2696	0	84091
15837	943	129	2414	79763	0	83249
15838	642	124	575	84724	0	86065
15839	539	204	81224	3439	0	85406
15840	520	286	80801	1221	0	82828
15841	77876	168	2968	947	0	81959
15842	2969	79789	1046	745	0	84549
15843	1073	2601	715	83078	0	87467
15844	851	622	79343	3266	0	84082
15845	73463	457	2858	1365	0	78143
15846	3012	305	77205	1204	0	81726
15847	73232	131	2984	1133	0	77480
15848	3188	75970	924	1261	0	81343
15849	1106	2618	604	78196	0	82524
15850	923	665	76035	3371	0	80994
15851	69842	538	2778	1294	0	74452
15852	3027	73866	992	1095	0	78980
15853	1036	79690	793	857	0	82376
15854	864	3367	593	77903	0	82727
15855	642	1227	502	82286	0	84657
15856	83207	872	500	3687	0	88266
15857	3814	82233	475	1594	0	88116
15858	1498	3434	543	86019	0	91494
15859	84592	1033	469	4118	0	90212
15860	88506	733	483	1486	0	91208
15861	92316	508	505	1284	0	94613
15862	5737	417	89403	1051	0	96608
15863	2405	532	91201	899	0	95037
15864	97449	329	4531	1148	0	103457
15865	5252	97952	1695	1318	0	106217
15866	1811	103733	1185	1265	0	107994
15867	1527	5511	757	96120	0	103915
15868	1005	100572	907	5436	0	107920
15869	101543	5357	930	1850	0	109680
15870	5334	1574	875	101803	0	109586
15871	1926	1397	97418	5412	0	106153
15872	99093	967	4751	1838	0	106649
15873	102896	782	1617	1559	0	106854
15874	6378	1005	1189	98840	0	107412
15875	2898	768	1015	102341	0	107022
15876	2108	775	937	103863	0	107683
15877	1761	741	857	102338	0	105697
15878	1815	780	89375	7118	0	99088
15879	1668	91224	4564	2998	0	100454
15880	1608	5097	1630	82419	0	90754
15881	1360	93636	1284	5166	0	101446
15882	1384	5794	973	83676	0	91827
15883	1300	92410	755	5935	0	100400
15884	91471	5808	879	2720	0	100878
15885	94623	2097	812	2226	0	99758
15886	6348	92497	893	1973	0	101711
15887	94952	5562	901	1506	0	102921
15888	6676	2011	826	93716	0	103229
15889	93099	1827	925	5737	0	101588
15890	6571	91989	884	2370	0	101814
15891	94509	5398	865	1817	0	102589
15892	98306	2271	958	1331	0	102866
15893	7416	1668	944	92357	0	102385
15894	3212	1491	89165	5745	0	99613
15895	2616	90083	4822	2222	0	99743
15896	1952	5452	1589	93041	0	102034
15897	92817	2417	1288	5863	0	102385
15898	6245	1997	89392	2302	0	99936
15899	2676	1540	4655	90605	0	99476
15900	2292	1337	1660	94887	0	100176
15901	93779	1216	1217	6842	0	103054
15902	96263	1122	1037	3448	0	101870
15903	95318	1082	934	2504	0	99838
15904	7212	89578	993	2181	0	99964
15905	88073	5015	799	1956	0	95843
15906	6376	1789	80467	2113	0	90745
15907	2622	1477	82307	2050	0	88456
15908	2228	1196	82476	1708	0	87608
15909	1715	4362	4668	66984	0	77729
15910	1544	1040	66561	3937	0	73082
15911	55026	645	2559	1210	0	59440
15912	3056	692	1026	56232	0	61006
15913	1549	727	56797	2918	0	61991
15914	57773	639	2583	1377	0	62372
15915	3208	556	1087	58344	0	63195
15916	1658	622	889	60606	0	63775
15917	60135	592	728	3427	0	64882
15918	3342	576	601	61376	0	65895
15919	1694	628	60879	3314	0	66515
15920	1445	554	2632	63150	0	67781
15921	1328	605	61366	3396	0	66695
15922	1162	592	2874	60749	0	65377
15923	58656	477	1143	3552	0	63828
15924	3188	56843	973	1851	0	62855
15925	1611	60158	843	1476	0	64088
15926	1295	2997	734	59107	0	64133
15927	1139	1177	845	59114	0	62275
15928	1164	56633	742	3705	0	62244
15929	1205	57429	729	1884	0	61247
15930	1067	3088	748	56200	0	61103
15931	1004	1349	708	58127	0	61188
15932	54126	863	773	3905	0	59667
15933	2798	52749	748	2316	0	58611
15934	1310	54150	764	1651	0	57875
15935	1081	56606	706	1340	0	59733
15936	54015	3321	620	1443	0	59399
15937	3031	1463	52597	1231	0	58322
15938	52256	910	2518	1190	0	56874
15939	3001	742	1135	52796	0	57674
15940	1451	49762	933	3030	0	55176
15941	1230	54607	589	1622	0	58048
15942	53400	3121	523	1260	0	58304
15943	2945	1470	643	49937	0	54995
15944	1417	54921	617	2905	0	59860
15945	56181	2745	726	1589	0	61241
15946	57456	1259	666	1312	0	60693
15947	3519	1061	54343	1190	0	60113
15948	55523	932	2481	1091	0	60027
15949	57840	971	899	1081	0	60791
15950	3605	916	641	54265	0	59427
15951	1676	53494	555	2944	0	58669
15952	1287	56418	462	1610	0	59777
15953	1015	3163	437	54758	0	59373
15954	53230	1463	767	3030	0	58490
15955	2959	1085	50049	1428	0	55521
15956	1240	642	47135	924	0	49941
15957	1365	592	44907	737	0	47601
15958	1154	568	43791	600	0	46113
15959	615	42584	2150	655	0	46004
15960	544	43139	1020	592	0	45295
15961	923	2341	37934	701	0	41899
15962	426	1158	37029	378	0	38991
15963	296	32903	1745	313	0	35257
15964	217	507	313	25608	0	26645
15965	102	284	27940	478	0	28804
15966	77	157	472	25813	0	26519
15967	80	81	254	28587	0	29002
15968	76	84	129	30001	0	30290
15969	73	85	82	32193	0	32433
15970	112	78	30917	1011	0	32118
15971	95	49	696	30235	0	31075
15972	30665	62	313	881	0	31921
15973	747	85	30178	405	0	31415
15974	30544	80	729	258	0	31611
15975	863	62	296	31299	0	32520
15976	384	69	31237	790	0	32480
15977	30094	72	812	343	0	31321
15978	791	68	347	31056	0	32262
15979	31501	87	218	1232	0	33038
15980	848	117	166	30821	0	31952
15981	359	30155	162	915	0	31591
15982	262	777	31380	396	0	32815
15983	143	323	809	32146	0	33421
15984	32686	209	357	917	0	34169
15985	32650	161	256	438	0	33505
15986	32933	143	183	345	0	33604
15987	32923	154	155	251	0	33483
15988	32204	180	141	248	0	32773
15989	1116	31336	154	282	0	32888
15990	32980	779	146	258	0	34163
15991	1021	378	31765	228	0	33392
15992	31824	278	785	207	0	33094
15993	1005	284	470	26272	0	28031
15994	486	179	31399	603	0	32667
15995	355	163	31439	337	0	32294
15996	265	153	1028	31422	0	32868
15997	32317	158	463	884	0	33822
15998	860	31334	354	460	0	33008
15999	32064	851	201	315	0	33431
16000	1028	32410	191	264	0	33893
16001	548	911	205	33463	0	35127
16002	412	427	168	34366	0	35373
16003	33940	290	143	1156	0	35529
16004	977	224	171	33967	0	35339
16005	565	188	33266	1043	0	35062
16006	33109	130	820	526	0	34585
16007	1036	140	383	34198	0	35757
16008	529	160	267	34111	0	35067
16009	431	197	33245	1156	0	35029
16010	30638	184	932	537	0	32291
16011	33387	148	462	354	0	34351
16012	1250	32284	342	315	0	34191
16013	572	729	31229	210	0	32740
16014	442	315	29605	198	0	30560
16015	334	223	970	28647	0	30174
16016	285	746	1025	27427	0	29483
16017	234	28500	295	907	0	29936
16018	247	673	27771	408	0	29099
16019	186	707	693	25783	0	27369
16020	188	138	27442	740	0	28508
16021	174	88	715	26810	0	27787
16022	159	27648	363	810	0	28980
16023	164	635	246	29005	0	30050
16024	185	211	222	29265	0	29883
16025	203	151	163	29763	0	30280
16026	29050	125	169	990	0	30334
16027	779	121	28136	468	0	29504
16028	353	28473	701	755	0	30282
16029	244	716	318	32005	0	33283
16030	33320	265	222	953	0	34760
16031	972	176	179	34423	0	35750
16032	34732	118	181	1150	0	36181
16033	1148	122	34793	476	0	36539
16034	35479	89	985	378	0	36931
16035	1232	89	333	36947	0	38601
16036	528	123	36891	1204	0	38746
16037	377	36078	1060	523	0	38038
16038	341	985	369	36536	0	38231
16039	295	315	254	38065	0	38929
16040	36150	238	221	1343	0	37952
16041	1159	35558	218	577	0	37512
16042	446	35508	220	438	0	36612
16043	333	36661	169	310	0	37473
16044	33863	1152	122	232	0	35369
16045	957	33865	139	207	0	35168
16046	516	1028	173	33662	0	35379
16047	716	351	145	34652	0	35864
16048	33648	233	142	1193	0	35216
16049	951	32437	159	508	0	34055
16050	356	916	117	33647	0	35036
16051	33675	310	118	1104	0	35207
16052	33467	200	110	472	0	34249
16053	33782	159	101	335	0	34377
16054	1262	32693	137	275	0	34367
16055	33078	898	120	219	0	34315
16056	1091	339	105	32110	0	33645
16057	444	31083	97	984	0	32608
16058	331	32541	115	411	0	33398
16059	270	1514	100	32161	0	34045
16060	31876	313	98	961	0	33248
16061	32718	221	102	345	0	33386
16062	1038	153	93	31282	0	32566
16063	381	29859	119	941	0	31300
16064	31388	819	108	341	0	32656
16065	953	293	28997	261	0	30504
16066	349	240	28708	243	0	29540
16067	27980	256	886	177	0	29299
16068	870	149	27235	136	0	28390
16069	198	72	550	24126	0	24946
16070	25015	72	167	553	0	25807
16071	559	57	80	25447	0	26143
16072	215	59	25091	610	0	25975
16073	144	24287	502	242	0	25175
16074	101	484	119	25859	0	26563
16075	118	149	25363	547	0	26177
16076	23290	111	487	194	0	24082
16077	549	65	144	25405	0	26163
16078	202	81	26189	564	0	27036
16079	143	63	489	25882	0	26577
16080	122	26072	169	592	0	26955
16081	103	551	92	27532	0	28278
16082	100	186	58	26921	0	27265
16083	95	127	58	26324	0	26604
16084	88	25512	77	738	0	26415
16085	26776	541	60	290	0	27667
16086	577	178	50	27474	0	28279
16087	213	132	57	27835	0	28237
16088	154	88	65	28291	0	28598
16089	150	86	27036	825	0	28097
16090	106	81	535	27294	0	28016
16091	27873	72	170	752	0	28867
16092	595	27663	129	308	0	28695
16093	218	606	74	29547	0	30445
16094	155	235	55	30204	0	30649
16095	29205	159	48	901	0	30313
16096	675	28448	63	507	0	29693
16097	29842	733	58	245	0	30878
16098	30780	242	42	215	0	31279
16099	1004	154	57	29913	0	31128
16100	29983	136	41	871	0	31031
16101	922	27867	57	347	0	29193
16102	28919	811	55	226	0	30011
16103	946	252	49	28631	0	29878
16104	30920	178	61	900	0	32059
16105	32192	153	41	309	0	32695
16106	1201	164	31165	258	0	32788
16107	31839	93	785	203	0	32920
16108	33408	110	173	171	0	33862
16109	36288	127	126	172	0	36713
16110	1568	145	35675	171	0	37559
16111	520	35833	1208	197	0	37758
16112	393	1215	277	37039	0	38924
16113	37085	361	216	1297	0	38959
16114	1385	36396	137	464	0	38382
16115	37579	1321	95	322	0	39317
16116	1546	390	71	37410	0	39417
16117	552	268	36095	1426	0	38341
16118	38126	157	1239	425	0	39947
16119	1541	139	342	39466	0	41488
16120	625	111	37950	1466	0	40152
16121	38583	99	1357	516	0	40555
16122	1688	111	38798	327	0	40924
16123	665	105	1552	39493	0	41815
16124	461	104	503	42680	0	43748
16125	41295	87	336	2027	0	43745
16126	41174	104	203	804	0	42285
16127	2127	40748	196	542	0	43613
16128	41696	1467	162	340	0	43665
16129	1981	472	38277	251	0	40981
16130	751	330	37010	179	0	38270
16131	36081	161	1634	161	0	38037
16132	1592	35981	649	203	0	38425
16133	34923	1213	333	144	0	36613
16134	1537	34244	251	150	0	36182
16135	34687	1373	203	135	0	36398
16136	1638	480	181	32782	0	35081
16137	728	343	33395	1283	0	35749
16138	564	161	1260	33549	0	35534
16139	371	163	484	35648	0	36666
16140	34818	101	321	1744	0	36984
16141	1487	156	33558	750	0	35951
16142	33391	108	1332	476	0	35307
16143	1619	32824	510	326	0	35279
16144	34544	1279	343	237	0	36403
16145	1710	468	238	34084	0	36500
16146	749	336	33371	1390	0	35846
16147	598	217	1304	33803	0	35922
16148	34693	206	517	1594	0	37010
16149	1592	160	346	34708	0	36806
16150	727	184	246	34878	0	36035
16151	581	33021	258	1754	0	35614
16152	444	1250	205	34893	0	36792
16153	446	463	33368	1725	0	36002
16154	402	286	1356	34030	0	36074
16155	385	201	531	35691	0	36808
16156	34267	197	360	1980	0	36804
16157	1608	160	256	34411	0	36435
16158	745	218	32490	1810	0	35263
16159	592	32444	1356	867	0	35259
16160	504	1356	540	33050	0	35450
16161	503	498	380	34254	0	35635
16162	33712	351	324	1931	0	36318
16163	1585	32883	323	913	0	35704
16164	789	1374	230	34333	0	36726
16165	33085	545	260	1722	0	35612
16166	34737	394	244	851	0	36226
16167	1977	302	238	34623	0	37140
16168	935	267	33069	1828	0	36099
16169	34166	206	1392	944	0	36708
16170	1786	187	571	36286	0	38830
16171	35779	198	387	1892	0	38256
16172	36391	159	320	968	0	37838
16173	2082	34127	308	743	0	37260
16174	34735	1367	273	591	0	36966
16175	1920	35340	286	582	0	38128
16176	940	1531	260	35633	0	38364
16177	785	599	280	35716	0	37380
16178	573	34211	280	1963	0	37027
16179	35000	1375	263	957	0	37595
16180	34988	617	272	763	0	36640
16181	2019	460	32319	644	0	35442
16182	1001	376	32814	585	0	34776
16183	750	296	1561	33400	0	36007
16184	33838	239	676	1711	0	36464
16185	1687	238	476	33957	0	36358
16186	854	184	364	34640	0	36042
16187	648	252	32575	2114	0	35589
16188	628	181	32851	1095	0	34755
16189	572	270	33375	768	0	34985
16190	31173	245	1846	673	0	33937
16191	32503	223	778	572	0	34076
16192	1854	30471	553	516	0	33394
16193	878	31561	353	568	0	33360
16194	656	1557	289	31637	0	34139
16195	621	718	30929	1493	0	33761
16196	30424	427	1233	796	0	32880
16197	1478	343	31327	650	0	33798
16198	757	241	1272	31148	0	33418
16199	556	214	568	32667	0	34005
16200	474	199	415	32959	0	34047
16201	443	187	338	33611	0	34579
16202	32396	187	334	1983	0	34900
16203	1385	188	251	32984	0	34808
16204	613	150	30535	1672	0	32970
16205	27957	120	1051	852	0	29980
16206	1265	138	28523	608	0	30534
16207	650	149	28101	444	0	29344
16208	475	26812	1310	792	0	29389
16209	315	667	377	23963	0	25322
16210	23430	264	567	751	0	25012
16211	679	166	178	23410	0	24433
16212	371	152	23496	782	0	24801
16213	239	94	569	23417	0	24319
16214	23206	72	304	754	0	24336
16215	638	23260	191	495	0	24584
16216	23802	500	173	329	0	24804
16217	682	23724	151	265	0	24822
16218	22799	503	81	235	0	23618
16219	580	21788	113	201	0	22682
16220	267	21557	84	168	0	22076
16221	261	502	20007	102	0	20872
16222	170	19941	374	112	0	20597
16223	17958	156	51	9	0	18174
16224	140	64	39	17873	0	18116
16225	18207	37	30	158	0	18432
16226	177	18040	23	74	0	18314
16227	17762	160	18	47	0	17987
16228	206	59	18632	33	0	18930
16229	76	45	159	18580	0	18860
16230	51	19023	73	166	0	19313
16231	35	164	43	19546	0	19788
16232	30	61	23	19611	0	19725
16233	24560	49	30	238	0	24877
16234	515	24209	40	120	0	24884
16235	25192	510	40	62	0	25804
16236	692	251	24760	39	0	25742
16237	313	186	23626	36	0	24161
16238	188	23620	771	80	0	24659
16239	73	550	394	24672	0	25689
16240	103	240	24770	562	0	25675
16241	55	186	648	23084	0	23973
16242	54	81	291	25549	0	25975
16243	52	74	24822	843	0	25791
16244	63	55	23869	453	0	24440
16245	72	63	25174	217	0	25526
16246	97	52	25320	136	0	25605
16247	52	24938	984	305	0	26279
16248	59	596	483	25365	0	26503
16249	50	334	253	26458	0	27095
16250	68	204	25585	899	0	26756
16251	52	92	675	25383	0	26202
16252	57	106	27244	850	0	28257
16253	35	56	790	26697	0	27578
16254	41	53	400	26929	0	27423
16255	44	26622	280	919	0	27865
16256	43	610	141	27599	0	28393
16257	44	319	144	27378	0	27885
16258	38	215	100	28089	0	28442
16259	68	111	26292	1134	0	27605
16260	34	26198	629	626	0	27487
16261	26941	649	352	336	0	28278
16262	26664	332	218	220	0	27434
16263	856	209	139	25764	0	26968
16264	459	114	109	25771	0	26453
16265	241	27204	102	919	0	28466
16266	27650	656	89	479	0	28874
16267	628	27572	109	331	0	28640
16268	27962	752	106	222	0	29042
16269	751	391	26447	198	0	27787
16270	24798	247	642	156	0	25843
16271	759	26702	351	180	0	27992
16272	377	644	218	28043	0	29282
16273	259	345	125	28037	0	28766
16274	120	27665	145	899	0	28829
16275	27313	686	110	495	0	28604
16276	662	393	123	27488	0	28666
16277	367	225	115	28358	0	29065
16278	28744	172	109	993	0	30018
16279	28800	151	98	557	0	29606
16280	1040	109	27927	352	0	29428
16281	28726	95	717	238	0	29776
16282	922	145	368	29715	0	31150
16283	522	81	29576	844	0	31023
16284	307	100	764	29463	0	30634
16285	162	127	29884	981	0	31154
16286	193	131	29896	506	0	30726
16287	99	124	1014	30010	0	31247
16288	128	105	31317	894	0	32444
16289	111	30812	931	615	0	32469
16290	123	675	487	31535	0	32820
16291	108	358	359	32872	0	33697
16292	174	247	31591	1113	0	33125
16293	127	31190	812	660	0	32789
16294	32296	768	447	403	0	33914
16295	744	398	281	33352	0	34775
16296	33305	254	205	967	0	34731
16297	903	32291	233	570	0	33997
16298	532	876	33538	394	0	35340
16299	323	408	932	33395	0	35058
16300	33745	296	559	1005	0	35605
16301	908	202	34128	602	0	35840
16302	32173	193	949	472	0	33787
16303	1020	33020	596	343	0	34979
16304	452	33374	345	355	0	34526
16305	33992	1048	237	278	0	35555
16306	823	515	332	33642	0	35312
16307	490	294	305	33862	0	34951
16308	286	34447	213	1202	0	36148
16309	186	834	223	35567	0	36810
16310	208	467	221	35786	0	36682
16311	35238	271	132	1426	0	37067
16312	820	162	196	35259	0	36437
16313	490	186	34489	1151	0	36316
16314	311	128	871	34735	0	36045
16315	169	157	538	36153	0	37017
16316	245	144	35332	1334	0	37055
16317	127	197	833	35320	0	36477
16318	34890	141	459	1287	0	36777
16319	33978	166	286	793	0	35223
16320	35215	135	226	613	0	36189
16321	1213	113	194	35097	0	36617
16322	669	180	35609	1076	0	37534
16323	456	35784	762	713	0	37715
16324	324	782	402	37336	0	38844
16325	323	464	37488	1037	0	39312
16326	264	242	776	37118	0	38400
16327	222	162	443	38876	0	39703
16328	36759	174	284	1327	0	38544
16329	817	36913	244	834	0	38808
16330	524	838	36694	461	0	38517
16331	33935	394	800	354	0	35483
16332	967	37185	506	392	0	39050
16333	215	33151	136	168	0	33670
16334	34286	473	90	152	0	35001
16335	428	208	97	33945	0	34678
16336	233	143	39292	483	0	40151
16337	138	97	475	39158	0	39868
16338	102	39084	212	630	0	40028
16339	41860	522	127	265	0	42774
16340	544	215	91	43012	0	43862
16341	44539	144	78	622	0	45383
16342	631	95	75	44805	0	45606
16343	248	46534	103	658	0	47543
16344	48297	601	122	292	0	49312
16345	47061	224	73	206	0	47564
16346	805	46708	86	204	0	47803
16347	47874	593	59	139	0	48665
16348	685	213	56	46913	0	47867
16349	265	45738	79	599	0	46681
16350	47989	598	70	233	0	48890
16351	633	46154	79	206	0	47072
16352	46858	627	45	146	0	47676
16353	671	215	56	46148	0	47090
16354	46882	144	42	631	0	47699
16355	47033	122	46	243	0	47444
16356	46595	106	54	175	0	46930
16357	785	109	41	46157	0	47092
16358	318	128	37	47062	0	47545
16359	47061	79	30	774	0	47944
16360	711	131	46377	319	0	47538
16361	306	98	503	46504	0	47411
16362	236	46234	171	918	0	47559
16363	206	631	86	48525	0	49448
16364	209	480	54	48155	0	48898
16365	211	179	48077	841	0	49308
16366	188	155	561	50427	0	51331
16367	175	53274	249	950	0	54648
16368	159	1067	111	57128	0	58465
16369	232	492	61595	1283	0	63602
16370	225	264	1383	61470	0	63342
16371	187	175	621	65457	0	66440
16372	62230	100	277	2372	0	64979
16373	61834	107	185	1142	0	63268
16374	2282	108	137	61569	0	64096
16375	1075	59294	163	1851	0	62383
16376	587	60943	153	957	0	62640
16377	593	2057	59159	717	0	62526
16378	298	998	1416	59939	0	62651
16379	60788	443	700	1879	0	63810
16380	1609	292	336	61754	0	63991
16381	833	216	61386	1965	0	64400
16382	379	211	1531	60972	0	63093
16383	312	186	752	62304	0	63554
16384	272	155	361	64274	0	65062
16385	268	206	59816	2621	0	62911
16386	245	59942	1496	1432	0	63115
16387	61969	1512	710	769	0	64960
16388	60962	799	342	533	0	62636
16389	2217	395	242	60284	0	63138
16390	1103	329	59232	1770	0	62434
16391	584	59145	1513	1085	0	62327
16392	458	1699	733	59691	0	62581
16393	326	60586	409	1578	0	62899
16394	281	62844	279	876	0	64280
16395	61562	2150	202	542	0	64456
16396	1674	1069	61302	433	0	64478
16397	887	615	60953	350	0	62805
16398	469	397	2009	59234	0	62109
16399	411	261	964	63793	0	65429
16400	385	272	63806	2188	0	66651
16401	316	254	1589	61303	0	63462
16402	342	216	62951	2073	0	65582
16403	57667	181	1765	1218	0	60831
16404	1584	177	924	63047	0	65732
16405	889	201	66886	1900	0	69876
16406	526	244	1605	63228	0	65603
16407	416	68476	925	1786	0	71603
16408	70867	1510	467	1065	0	73909
16409	1540	69491	413	771	0	72215
16410	72326	1704	336	583	0	74949
16411	1823	975	69698	527	0	73023
16412	69959	506	1536	474	0	72475
16413	1875	413	819	73417	0	76524
16414	1093	326	73691	1807	0	76917
16415	613	253	1678	73060	0	75604
16416	493	291	71817	2127	0	74728
16417	65382	239	1784	1314	0	68719
16418	1680	71401	1079	1036	0	75196
16419	966	1547	580	71072	0	74165
16420	573	73666	476	1646	0	76361
16421	74785	1810	373	1022	0	77990
16422	73352	985	371	707	0	75415
16423	2214	72907	380	697	0	76198
16424	1200	2012	302	74624	0	78138
16425	751	988	306	75586	0	77631
16426	530	576	310	75693	0	77109
16427	74583	453	386	2780	0	78202
16428	1604	71997	380	1681	0	75662
16429	916	1670	373	74220	0	77179
16430	527	891	408	74970	0	76796
16431	73015	534	411	2759	0	76719
16432	1802	448	69849	1603	0	73702
16433	1050	378	67679	1181	0	70288
16434	66760	289	2236	928	0	70213
16435	1927	298	70239	797	0	73261
16436	1033	368	63824	632	0	65857
16437	623	300	2171	61409	0	64503
16438	65317	275	1226	1603	0	68421
16439	1579	323	696	64035	0	66633
16440	1019	299	62818	1833	0	65969
16441	58222	310	1594	1158	0	61284
16442	1709	317	60272	791	0	63089
16443	968	58940	1715	603	0	62226
16444	696	1351	1209	62731	0	65987
16445	64145	785	618	1721	0	67269
16446	1411	410	550	63813	0	66184
16447	850	345	502	64757	0	66454
16448	64843	478	401	2299	0	68021
16449	1504	187	402	64782	0	66875
16450	912	243	387	66618	0	68160
16451	611	225	65708	2404	0	68948
16452	459	234	1325	66396	0	68414
16453	67882	244	810	1981	0	70917
16454	67232	248	492	1313	0	69285
16455	68028	294	434	714	0	69470
16456	2239	311	291	65982	0	68823
16457	1323	64674	304	1543	0	67844
16458	66842	1299	319	942	0	69402
16459	1565	66529	340	732	0	69166
16460	68768	1467	317	533	0	71085
16461	1692	898	316	68106	0	71012
16462	68055	446	300	1516	0	70317
16463	66414	349	323	1040	0	68126
16464	66145	243	360	642	0	67390
16465	2206	63168	350	579	0	66303
16466	988	60407	288	473	0	62156
16467	57789	931	171	246	0	59137
16468	931	57625	192	322	0	59070
16469	230	50751	80	143	0	51204
16470	125	50445	55	89	0	50714
16471	51616	151	18	41	0	51826
16472	105	67	7	49758	0	49937
16473	51	31	9	50489	0	50580
16474	51310	18	13	165	0	51506
16475	148	51	51083	58	0	51340
16476	61	17	100	57349	0	57527
16477	41	24	43	58806	0	58914
16478	39	25	21	65545	0	65630
16479	35	36	25	68092	0	68188
16480	43	66936	98	1603	0	68680
16481	27	84756	78	614	0	85475
16482	87968	2384	244	291	0	90887
16483	2199	937	30	88155	0	91321
16484	785	462	31	91395	0	92673
16485	512	278	86756	3246	0	90792
16486	223	187	2229	88358	0	90997
16487	261	160	88611	3232	0	92264
16488	109	108	2767	90281	0	93265
16489	172	153	91462	3382	0	95169
16490	84	88352	3224	1513	0	93173
16491	86	2671	1042	95720	0	99519
16492	93282	899	655	3294	0	98130
16493	93010	591	358	1338	0	95297
16494	3633	319	260	93032	0	97244
16495	1486	307	91444	3389	0	96626
16496	816	276	90879	1445	0	93416
16497	85556	169	3660	989	0	90374
16498	2866	87148	1532	720	0	92266
16499	91645	2862	873	582	0	95962
16500	91492	1002	554	576	0	93624
16501	4054	694	86158	543	0	91449
16502	1706	397	3089	84718	0	89910
16503	1034	308	1132	90146	0	92620
16504	659	227	792	92074	0	93752
16505	534	227	524	87318	0	88603
16506	428	183	539	87610	0	88760
16507	412	288	77704	5124	0	83528
16508	430	221	79014	2322	0	81987
16509	472	202	4541	79112	0	84327
16510	512	207	1614	82446	0	84779
16511	435	214	1020	84556	0	86225
16512	80083	170	745	5035	0	86033
16513	3376	243	604	80621	0	84844
16514	79392	208	461	4544	0	84605
16515	3909	258	375	81054	0	85596
16516	80571	180	398	4583	0	85732
16517	83107	146	416	2193	0	85862
16518	81406	113	515	1625	0	83659
16519	81718	149	485	1299	0	83651
16520	81306	118	474	1210	0	83108
16521	5280	169	421	78324	0	84194
16522	77411	181	381	4124	0	82097
16523	4348	74260	411	2061	0	81080
16524	76445	3068	480	1459	0	81452
16525	4327	1084	448	77705	0	83564
16526	1941	682	74909	4333	0	81865
16527	1365	415	3379	78192	0	83351
16528	1138	362	76019	4803	0	82322
16529	1117	228	3810	76681	0	81836
16530	959	217	1495	81060	0	83731
16531	1038	333	75727	5324	0	82422
16532	982	214	76674	2729	0	80599
16533	931	185	4539	77607	0	83262
16534	76912	230	1925	4599	0	83666
16535	4165	234	74544	2261	0	81204
16536	1897	73532	3815	1824	0	81068
16537	1513	3168	78449	1370	0	84500
16538	78157	1109	4087	1318	0	84671
16539	4165	722	1766	79456	0	86109
16540	80087	484	1198	4291	0	86060
16541	81930	326	852	2096	0	85204
16542	5171	276	807	80194	0	86448
16543	2546	289	75228	4574	0	82637
16544	1651	244	3836	77282	0	83013
16545	1254	219	1702	79392	0	82567
16546	73697	226	1140	5802	0	80865
16547	4049	74478	956	3185	0	82668
16548	1812	3375	924	77891	0	84002
16549	1375	1241	73685	4924	0	81225
16550	72625	748	3813	2422	0	79608
16551	4342	73334	1635	2369	0	81680
16552	1941	3844	1253	75450	0	82488
16553	1530	1331	842	77787	0	81490
16554	1155	789	907	80184	0	83035
16555	75216	478	743	6136	0	82573
16556	78328	379	714	3111	0	82532
16557	5405	318	602	77281	0	83606
16558	2628	339	73275	5103	0	81345
16559	1686	74116	3689	2658	0	82149
16560	74556	3615	1559	1905	0	81635
16561	78659	1279	1071	1616	0	82625
16562	5391	809	762	75621	0	82583
16563	2670	500	647	79628	0	83445
16564	1801	538	74205	5747	0	82291
16565	1359	75591	3816	3014	0	83780
16566	78111	3765	1625	1982	0	85483
16567	78649	1434	1051	1580	0	82714
16568	5208	77204	748	1661	0	84821
16569	79733	4036	598	1311	0	85678
16570	5232	1498	560	78945	0	86235
16571	2453	929	76560	4868	0	84810
16572	1772	570	3891	79717	0	85950
16573	1376	473	76199	5338	0	83386
16574	75698	421	4330	2607	0	83056
16575	4413	75729	1865	1909	0	83916
16576	1728	3494	917	71661	0	77800
16577	1442	1157	69777	4324	0	76700
16578	1076	744	66340	1806	0	69966
16579	60005	411	3368	1361	0	65145
16580	2954	59601	1619	1189	0	65363
16581	42522	1671	1086	457	0	45736
16582	41173	460	472	405	0	42510
16583	41430	268	252	383	0	42333
16584	2058	180	493	39667	0	42398
16585	805	208	39379	1710	0	42102
16586	546	38820	1380	607	0	41353
16587	404	1350	433	39779	0	41966
16588	345	443	38800	1551	0	41139
16589	301	253	34754	516	0	35824
16590	256	195	1156	33762	0	35369
16591	260	121	33435	1136	0	34952
16592	32030	122	1054	496	0	33702
16593	1051	105	415	35060	0	36631
16594	431	110	305	36216	0	37062
16595	35798	143	247	1271	0	37459
16596	1062	34450	233	575	0	36320
16597	36837	927	232	362	0	38358
16598	1169	344	242	36741	0	38496
16599	520	234	181	37881	0	38816
16600	369	147	205	38184	0	38905
16601	303	150	204	38163	0	38820
16602	37042	160	186	1431	0	38819
16603	1153	141	36628	615	0	38537
16604	482	36217	965	423	0	38087
16605	369	936	375	37844	0	39524
16606	37002	336	274	1146	0	38758
16607	37654	191	209	563	0	38617
16608	1223	37546	231	455	0	39455
16609	37079	839	185	344	0	38447
16610	971	36761	200	315	0	38247
16611	374	38408	184	320	0	39286
16612	310	1042	133	38529	0	40014
16613	265	348	37605	983	0	39201
16614	254	235	791	37276	0	38556
16615	38233	145	250	1026	0	39654
16616	960	37232	168	427	0	38787
16617	357	879	112	38658	0	40006
16618	301	259	41583	1032	0	43175
16619	41637	179	852	376	0	43044
16620	43815	142	244	316	0	44517
16621	43868	141	168	269	0	44446
16622	1228	140	42152	210	0	43730
16623	40916	136	768	204	0	42024
16624	958	41564	275	233	0	43030
16625	269	775	171	40115	0	41330
16626	237	41073	150	705	0	42165
16627	42174	786	108	269	0	43337
16628	40591	227	117	187	0	41122
16629	988	175	41178	184	0	42525
16630	323	40735	690	206	0	41954
16631	210	755	191	42383	0	43539
16632	203	224	114	42978	0	43519
16633	181	168	125	42122	0	42596
16634	191	119	116	42434	0	42860
16635	194	116	105	43405	0	43820
16636	213	117	40341	1109	0	41780
16637	162	38637	754	442	0	39995
16638	39478	771	219	235	0	40703
16639	949	228	38871	177	0	40225
16640	315	39806	780	194	0	41095
16641	41910	803	193	157	0	43063
16642	934	253	43282	169	0	44638
16643	41305	135	815	136	0	42391
16644	42129	135	217	123	0	42604
16645	41211	117	131	147	0	41606
16646	977	41429	124	211	0	42741
16647	365	855	40264	148	0	41632
16648	200	40859	843	147	0	42049
16649	270	934	234	37733	0	39171
16650	195	40715	168	713	0	41791
16651	40217	874	161	222	0	41474
16652	41125	270	208	191	0	41794
16653	41259	166	157	185	0	41767
16654	1323	208	41182	134	0	42847
16655	495	41988	842	192	0	43517
16656	254	1136	261	45681	0	47332
16657	51229	354	247	1082	0	52912
16658	1438	51199	182	356	0	53175
16659	494	1410	98	52518	0	54520
16660	378	566	52252	1391	0	54587
16661	52752	326	1441	395	0	54914
16662	1952	216	56407	277	0	58852
16663	878	182	61118	155	0	62333
16664	56234	209	2378	116	0	58937
16665	1950	322	58709	180	0	61161
16666	55887	123	1932	215	0	58157
16667	2057	55696	726	141	0	58620
16668	58344	1760	480	165	0	60749
16669	1978	636	373	57066	0	60053
16670	893	396	343	57469	0	59101
16671	690	215	292	58301	0	59498
16672	56311	174	367	2295	0	59147
16673	56255	188	402	927	0	57772
16674	56921	196	232	522	0	57871
16675	2501	54500	382	446	0	57829
16676	1281	1631	272	55921	0	59105
16677	852	810	52817	1879	0	56358
16678	776	391	1640	52065	0	54872
16679	579	51626	686	2156	0	55047
16680	513	1722	476	51950	0	54661
16681	426	727	413	53991	0	55557
16682	52677	487	370	2372	0	55906
16683	2167	361	263	53213	0	56004
16684	1038	360	51791	2264	0	55453
16685	815	464	51819	943	0	54041
16686	627	301	2232	53653	0	56813
16687	53144	197	1101	2204	0	56646
16688	2075	327	643	52831	0	55876
16689	893	434	376	55768	0	57471
16690	778	282	53019	2838	0	56917
16691	639	54318	1877	1425	0	58259
16692	665	1760	751	56870	0	60046
16693	54367	697	629	2350	0	58043
16694	2060	54154	645	1101	0	57960
16695	963	1858	525	55545	0	58891
16696	773	729	54375	2356	0	58233
16697	658	561	1958	54528	0	57705
16698	52743	385	899	2659	0	56686
16699	2002	51693	741	1382	0	55818
16700	1029	1972	52605	898	0	56504
16701	797	964	1879	52490	0	56130
16702	677	587	53111	2540	0	56915
16703	51927	414	2184	1285	0	55810
16704	53992	392	957	1085	0	56426
16705	2849	396	52319	973	0	56537
16706	1358	292	2191	52347	0	56188
16707	1040	348	53062	2428	0	56878
16708	880	51577	2283	1276	0	56016
16709	674	2038	1097	53464	0	57273
16710	608	887	52344	2416	0	56255
16711	530	539	2284	48934	0	52287
16712	618	50686	1225	2304	0	54833
16713	724	2000	763	52706	0	56193
16714	688	885	51304	2651	0	55528
16715	48967	586	2203	1368	0	53124
16716	1997	49875	1127	1248	0	54247
16717	51420	1880	903	872	0	55075
16718	2318	1012	46943	781	0	51054
16719	46921	602	2134	904	0	50561
16720	2426	457	47016	825	0	50724
16721	46572	398	2210	819	0	49999
16722	48629	506	1111	820	0	51066
16723	2736	355	833	46796	0	50720
16724	1394	435	891	48588	0	51308
16725	47274	446	570	2725	0	51015
16726	2315	46107	634	1486	0	50542
16727	48716	1933	606	1058	0	52313
16728	2451	872	711	46844	0	50878
16729	1319	46768	744	2265	0	51096
16730	917	1858	687	49146	0	52608
16731	914	829	521	49501	0	51765
16732	814	642	550	48852	0	50858
16733	700	46857	613	3065	0	51235
16734	47353	1787	499	1701	0	51340
16735	2023	884	543	47813	0	51263
16736	1196	670	46031	2390	0	50287
16737	1196	475	45472	1378	0	48521
16738	884	464	46247	1186	0	48781
16739	45694	474	2557	1039	0	49764
16740	46657	321	1301	1082	0	49361
16741	2448	404	45117	1036	0	49005
16742	1181	339	1643	40087	0	43250
16743	747	331	865	42876	0	44819
16744	519	293	43617	2323	0	46752
16745	451	353	44177	1293	0	46274
16746	403	319	2302	44352	0	47376
16747	44216	267	1117	1910	0	47510
16748	43878	248	705	1135	0	45966
16749	44080	272	589	858	0	45799
16750	2204	42768	526	761	0	46259
16751	1107	44532	523	730	0	46892
16752	751	1718	513	44393	0	47375
16753	43495	827	465	1721	0	46508
16754	1633	542	40929	954	0	44058
16755	36868	324	1332	732	0	39256
16756	1490	37005	694	610	0	39799
16757	564	31338	334	314	0	32550
16758	30394	992	264	288	0	31938
16759	886	30098	262	292	0	31538
16760	448	29288	222	260	0	30218
16761	27668	1414	415	216	0	29713
16762	473	27891	130	188	0	28682
16763	92	236	28	24688	0	25044
16764	55	82	41	24706	0	24884
16765	24729	51	31	293	0	25104
16766	24237	36	40	128	0	24441
16767	282	23862	50	91	0	24285
16768	112	23945	57	140	0	24254
16769	84	277	24306	50	0	24717
16770	24620	108	219	43	0	24990
16771	25717	66	80	40	0	25903
16772	26803	46	50	52	0	26951
16773	368	25	38	26735	0	27166
16774	136	35	48	27750	0	27969
16775	28304	32	48	407	0	28791
16776	408	41	36	28247	0	28732
16777	133	56	28958	401	0	29548
16778	98	32	316	28367	0	28813
16779	71	29123	115	398	0	29707
16780	75	360	42	30077	0	30554
16781	76	112	43	30089	0	30320
16782	52	77	21	30767	0	30917
16783	30442	61	29	532	0	31064
16784	370	29530	69	284	0	30253
16785	158	342	20	30385	0	30905
16786	120	109	29280	464	0	29973
16787	67	93	28133	176	0	28469
16788	51	51	437	28191	0	28730
16789	54	93	134	29357	0	29638
16790	28722	63	61	497	0	29343
16791	330	27	37	26478	0	26872
16792	111	26405	49	496	0	27061
16793	143	330	28056	195	0	28724
16794	90	167	313	28334	0	28904
16795	79	90	29044	451	0	29664
16796	48	47	404	28749	0	29248
16797	29058	21	230	472	0	29781
16798	29213	32	105	294	0	29644
16799	461	29701	108	486	0	30756
16800	415	334	99	31100	0	31948
16801	32155	142	71	784	0	33152
16802	31594	190	217	435	0	32436
16803	31729	129	233	472	0	32563
16804	31753	250	177	411	0	32591
16805	31908	178	118	490	0	32694
16806	544	30525	114	793	0	31976
16807	31683	400	35	566	0	32684
16808	715	156	31363	392	0	32626
16809	334	316	404	31363	0	32417
16810	32954	231	211	658	0	34054
16811	32268	150	292	435	0	33145
16812	31864	58	377	302	0	32601
16813	633	61	32018	376	0	33088
16814	314	73	405	34611	0	35403
16815	36362	90	162	597	0	37211
16816	515	34181	157	510	0	35363
16817	38653	541	124	309	0	39627
16818	37699	223	351	257	0	38530
16819	37544	141	252	416	0	38353
16820	621	80	336	38847	0	39884
16821	40006	68	203	714	0	40991
16822	829	137	39460	345	0	40771
16823	635	119	39065	275	0	40094
16824	39914	250	465	230	0	40859
16825	773	166	40967	345	0	42251
16826	37856	188	339	230	0	38613
16827	1003	115	42091	168	0	43377
16828	865	88	335	40632	0	41920
16829	42363	105	150	368	0	42986
16830	957	40458	181	237	0	41833
16831	42699	517	154	177	0	43547
16832	785	41491	165	204	0	42645
16833	480	42304	389	159	0	43332
16834	443	411	225	43711	0	44790
16835	513	149	232	43236	0	44130
16836	547	98	174	43156	0	43975
16837	641	94	41773	554	0	43062
16838	39912	86	592	336	0	40926
16839	43286	111	276	394	0	44067
16840	43346	129	196	271	0	43942
16841	44477	281	78	212	0	45048
16842	44216	242	145	156	0	44759
16843	1072	266	42286	150	0	43774
16844	804	160	41234	169	0	42367
16845	491	44	563	41182	0	42280
16846	553	56	42551	660	0	43820
16847	38904	41	815	323	0	40083
16848	806	42845	682	154	0	44487
16849	648	472	389	48142	0	49651
16850	48956	168	457	666	0	50247
16851	1164	92	271	49364	0	50891
16852	677	114	51055	708	0	52554
16853	427	162	50182	476	0	51247
16854	451	136	991	51987	0	53565
16855	393	339	52256	870	0	53858
16856	49492	300	798	388	0	50978
16857	931	371	344	52333	0	53979
16858	477	455	52091	874	0	53897
16859	221	50757	758	730	0	52466
16860	258	729	335	55180	0	56502
16861	380	275	53927	1319	0	55901
16862	335	109	1002	50971	0	52417
16863	511	87	487	52435	0	53520
16864	688	69	53301	1134	0	55192
16865	701	43	943	52611	0	54298
16866	697	50	502	52209	0	53458
16867	640	37	319	54860	0	55856
16868	53307	49	434	1239	0	55029
16869	1003	51934	596	551	0	54084
16870	426	52343	448	524	0	53741
16871	310	1101	52056	400	0	53867
16872	49325	383	1005	336	0	51049
16873	1096	396	51529	312	0	53333
16874	348	140	50358	141	0	50987
16875	165	76	931	49368	0	50540
16876	50586	50	392	776	0	51804
16877	729	49653	251	388	0	51021
16878	51817	704	173	222	0	52916
16879	50999	240	148	195	0	51582
16880	933	52839	149	207	0	54128
16881	54384	1183	98	168	0	55833
16882	53469	260	126	124	0	53979
16883	850	53407	104	136	0	54497
16884	329	708	110	55155	0	56302
16885	176	271	110	57407	0	57964
16886	59298	124	115	870	0	60407
16887	803	58156	160	377	0	59496
16888	61032	791	114	226	0	62163
16889	60850	292	92	194	0	61428
16890	64181	146	111	163	0	64601
16891	1223	114	79	63069	0	64485
16892	462	102	94	64587	0	65245
16893	63319	71	87	1200	0	64677
16894	64027	83	95	475	0	64680
16895	65288	104	83	268	0	65743
16896	1333	97	73	66600	0	68103
16897	570	115	68142	1159	0	69986
16898	310	113	1101	69782	0	71306
16899	226	73	419	76071	0	76789
16900	240	114	73550	1841	0	75745
16901	263	169	80692	749	0	81873
16902	227	95	2333	84979	0	87634
16903	264	114	84598	2235	0	87211
16904	86151	66	2304	1095	0	89616
16905	2093	86	1017	88916	0	92112
16906	993	78	505	90891	0	92467
16907	91587	87	281	3066	0	95021
16908	2249	95	302	91989	0	94635
16909	1115	107	220	92585	0	94027
16910	546	82	257	94467	0	95352
16911	419	88	205	95225	0	95937
16912	421	137	89473	3630	0	93661
16913	288	89	2030	91065	0	93472
16914	375	198	84864	2976	0	88413
16915	297	85620	2264	1727	0	89908
16916	293	2317	1006	89395	0	93011
16917	351	931	85180	2683	0	89145
16918	78510	386	2369	1514	0	82779
16919	2224	84929	1197	901	0	89251
16920	87125	2060	552	675	0	90412
16921	2517	948	428	81834	0	85727
16922	1154	83927	391	2223	0	87695
16923	85158	2128	283	1275	0	88844
16924	2285	85448	363	904	0	89000
16925	87258	2387	284	674	0	90603
16926	2559	1147	285	84840	0	88831
16927	86086	565	272	2337	0	89260
16928	2573	85791	303	1616	0	90283
16929	87645	2292	307	801	0	91045
16930	2915	1092	85362	697	0	90066
16931	1348	568	2211	87629	0	91756
16932	86004	351	1078	2639	0	90072
16933	87455	308	529	1519	0	89811
16934	3395	254	405	85867	0	89921
16935	1623	342	84658	2758	0	89381
16936	935	80748	2282	1675	0	85640
16937	722	86967	1193	1030	0	89912
16938	90571	2842	632	818	0	94863
16939	2635	1236	454	89485	0	93810
16940	1404	598	481	92096	0	94579
16941	89310	393	442	3629	0	93774
16942	87475	378	516	1886	0	90255
16943	3548	392	89424	1196	0	94560
16944	1744	376	2304	91497	0	95921
16945	1143	370	90165	2999	0	94677
16946	921	89921	2520	1957	0	95319
16947	87242	2146	1233	1363	0	91984
16948	2310	88741	773	1189	0	93013
16949	1298	89089	538	1019	0	91944
16950	777	3009	533	89156	0	93475
16951	85810	1296	498	2738	0	90342
16952	2263	85616	576	2036	0	90491
16953	85687	2283	553	1230	0	89753
16954	2538	84790	575	1066	0	88969
16955	1439	2390	492	87556	0	91877
16956	86832	1244	569	2693	0	91338
16957	2576	891	87128	1788	0	92383
16958	1619	648	2126	87572	0	91965
16959	1165	679	86045	2859	0	90748
16960	995	80061	2257	1917	0	85230
16961	877	87283	1227	1411	0	90798
16962	85631	2666	751	1486	0	90534
16963	2315	86242	637	1517	0	90711
16964	89652	2516	830	1138	0	94136
16965	91446	1343	579	1190	0	94558
16966	3151	1025	88712	1100	0	93988
16967	87212	707	2256	1072	0	91247
16968	2934	869	89839	1084	0	94726
16969	1875	88464	2415	1031	0	93785
16970	92368	2324	1286	1035	0	97013
16971	2745	90795	944	1089	0	95573
16972	1805	2487	639	93125	0	98056
16973	93722	1381	635	2693	0	98431
16974	2883	936	505	93228	0	97552
16975	1841	838	94757	2993	0	100429
16976	1295	872	2055	93853	0	98075
16977	1126	884	1199	97298	0	100507
16978	96477	979	741	3417	0	101614
16979	2761	914	94100	2031	0	99806
16980	92926	798	2279	1281	0	97284
16981	98381	798	1187	1189	0	101555
16982	3742	726	855	96204	0	101527
16983	2226	802	670	98036	0	101734
16984	96652	748	642	3516	0	101558
16985	3131	94303	699	2667	0	100800
16986	1969	2360	556	95705	0	100590
16987	1481	1499	92150	2653	0	97783
16988	1378	1121	88540	1635	0	92674
16989	1163	91447	2739	1227	0	96576
16990	1032	2951	1657	90141	0	95781
16991	1052	1529	723	92693	0	95997
16992	91178	1079	556	3172	0	95985
16993	2697	1068	535	90721	0	95021
16994	86536	760	901	2792	0	90989
16995	2831	84702	590	1778	0	89901
16996	1569	85796	491	1645	0	89501
16997	1197	87704	443	983	0	90327
16998	85015	2672	753	831	0	89271
16999	79131	1037	821	683	0	81672
17000	2408	78441	451	765	0	82065
17001	69738	758	114	222	0	70832
17002	834	66360	154	230	0	67578
17003	391	813	81	66461	0	67746
17004	266	64603	131	657	0	65657
17005	66538	742	119	316	0	67715
17006	66602	347	92	223	0	67264
17007	923	266	73	63627	0	64889
17008	63563	161	69	662	0	64455
17009	782	160	55	63061	0	64058
17010	371	62664	108	730	0	63873
17011	284	673	49	65043	0	66049
17012	237	62765	113	773	0	63888
17013	65243	726	84	322	0	66375
17014	801	358	61745	233	0	63137
17015	59331	225	577	200	0	60333
17016	751	194	192	63032	0	64169
17017	379	196	62138	687	0	63400
17018	60030	167	621	330	0	61148
17019	809	197	63719	209	0	64934
17020	384	144	637	60753	0	61918
17021	257	139	229	63625	0	64250
17022	224	162	132	63681	0	64199
17023	211	125	98	63953	0	64387
17024	179	61346	196	1006	0	62727
17025	207	775	96	66182	0	67260
17026	65274	292	122	949	0	66637
17027	881	205	62561	403	0	64050
17028	363	64068	733	325	0	65489
17029	67856	959	244	214	0	69273
17030	69667	410	137	222	0	70436
17031	1391	227	122	80712	0	82452
17032	620	247	80932	1791	0	83590
17033	364	175	1566	81203	0	83308
17034	281	285	787	91393	0	92746
17035	348	252	87581	3006	0	91187
17036	243	90614	2313	1441	0	94611
17037	97005	2863	1633	512	0	102013
17038	95531	1292	337	477	0	97637
17039	97847	442	326	392	0	99007
17040	4227	323	257	94228	0	99035
17041	2032	241	168	101325	0	103766
17042	100698	155	219	4383	0	105455
17043	3615	254	204	94405	0	98478
17044	1865	94975	247	3470	0	100557
17045	101422	2934	196	1823	0	106375
17046	104155	1519	277	923	0	106874
17047	109132	605	203	736	0	110676
17048	110342	411	206	707	0	111666
17049	6326	466	99911	554	0	107257
17050	3198	321	101935	525	0	105979
17051	1685	327	4868	99291	0	106171
17052	1367	244	2081	104749	0	108441
17053	1188	287	99838	5411	0	106724
17054	1023	352	101243	2491	0	105109
17055	1020	294	5080	100636	0	107030
17056	100700	260	2350	4281	0	107591
17057	4309	260	1214	99355	0	105138
17058	2632	286	95433	4576	0	102927
17059	1489	96501	3907	2602	0	104499
17060	98751	3521	2120	1393	0	105785
17061	100963	1695	1213	1152	0	105023
17062	102366	671	1036	1130	0	105203
17063	103073	498	941	995	0	105507
17064	6556	459	92867	1008	0	100890
17065	3244	372	3978	94602	0	102196
17066	94978	353	2220	4318	0	101869
17067	5014	342	1228	95323	0	101907
17068	3028	307	1022	91177	0	95534
17069	1918	90777	867	5708	0	99270
17070	1724	3570	737	94975	0	101006
17071	91220	1789	837	5015	0	98861
17072	4549	91642	779	3030	0	100000
17073	91052	4006	639	1698	0	97395
17074	5227	91875	689	1527	0	99318
17075	3154	4189	645	83724	0	91712
17076	2081	86236	769	4223	0	93309
17077	1773	91910	692	2655	0	97030
17078	89121	5332	722	1733	0	96908
17079	5070	2844	85226	1620	0	94760
17080	3207	1513	85411	1530	0	91661
17081	2146	1207	83674	1370	0	88397
17082	79299	1033	5560	1451	0	87343
17083	4748	81784	2805	1481	0	90818
17084	3023	85864	1730	1395	0	92012
17085	78283	5435	1221	1457	0	86396
17086	4998	80058	1059	1424	0	87539
17087	3043	83566	1034	1487	0	89130
17088	2115	5880	902	82603	0	91500
17089	2091	3175	80188	4746	0	90200
17090	2041	2044	82321	3044	0	89450
17091	2151	1779	5456	82130	0	91516
17092	79639	1595	2975	4873	0	89082
17093	5182	80630	1839	3014	0	90665
17094	3516	4703	1439	82046	0	91704
17095	2698	2858	78353	5399	0	89308
17096	2569	2041	78665	3137	0	86412
17097	2408	1907	5627	78150	0	88092
17098	77794	1598	3009	5311	0	87712
17099	81359	1609	2132	3317	0	88417
17100	7295	1363	76438	2248	0	87344
17101	79759	1334	4953	2258	0	88304
17102	6716	1328	77160	1996	0	87200
17103	4556	1325	5321	70613	0	81815
17104	2986	76235	3562	4723	0	87506
17105	79057	4396	2280	2996	0	88729
17106	5926	2810	1993	78477	0	89206
17107	3945	1749	2073	80660	0	88427
17108	2922	1504	2016	82983	0	89425
17109	2766	1272	2137	83427	0	89602
17110	2812	1058	73732	7541	0	85143
17111	2728	73855	5082	4486	0	86151
17112	2852	4247	3273	77031	0	87403
17113	74535	2720	2430	5707	0	85392
17114	5345	1793	2162	76989	0	86289
17115	3764	1480	2172	79576	0	86992
17116	2733	1679	71416	7274	0	83102
17117	2819	1533	71262	4681	0	80295
17118	2841	71606	6012	3354	0	83813
17119	2480	75815	3681	3190	0	85166
17120	2252	5551	2773	74998	0	85574
17121	74533	3114	2245	5671	0	85563
17122	5387	2242	71559	4204	0	83392
17123	3829	73385	4393	3300	0	84907
17124	2853	5027	2721	67437	0	78038
17125	2583	73048	1711	5227	0	82569
17126	2238	5336	1504	68413	0	77491
17127	1841	72672	1527	5533	0	81573
17128	1802	4696	1476	70150	0	78124
17129	64266	3216	1579	5271	0	74332
17130	4237	62802	1636	3615	0	72290
17131	2091	4062	922	52406	0	59481
17132	48260	2355	911	3902	0	55428
17133	3430	48947	912	2664	0	55953
17134	1342	38999	775	1921	0	43037
17135	1199	40447	947	1416	0	44009
17136	1208	2998	794	33930	0	38930
17137	604	1308	452	33839	0	36203
17138	840	32367	383	2144	0	35734
17139	718	1952	555	32802	0	36027
17140	746	1116	30883	1948	0	34693
17141	777	29474	1275	878	0	32404
17142	714	4067	788	23926	0	29495
17143	357	26057	346	1019	0	27779
17144	525	1305	23353	558	0	25741
17145	463	23415	687	557	0	25122
17146	17434	454	108	562	0	18558
17147	186	125	50	17141	0	17502
17148	17498	74	64	231	0	17867
17149	221	82	18412	144	0	18859
17150	133	57	193	18530	0	18913
17151	82	80	19834	249	0	20245
17152	72	70	204	19564	0	19910
17153	21979	65	133	248	0	22425
17154	194	67	80	21688	0	22029
17155	21859	63	77	283	0	22282
17156	222	21847	60	185	0	22314
17157	22136	210	42	137	0	22525
17158	243	120	23498	161	0	24022
17159	127	25487	239	122	0	25975
17160	73	216	118	27136	0	27543
17161	385	124	76	26819	0	27404
17162	90	103	26742	273	0	27208
17163	60	26381	212	197	0	26850
17164	76	201	71	27192	0	27540
17165	56	26512	74	223	0	26865
17166	49	217	50	27303	0	27619
17167	47	26392	61	385	0	26885
17168	26633	215	54	134	0	27036
17169	158	146	44	27000	0	27348
17170	88	106	27764	206	0	28164
17171	51	26580	152	161	0	26944
17172	73	27560	69	102	0	27804
17173	114	248	27818	87	0	28267
17174	27	27579	182	111	0	27899
17175	16	102	44	27913	0	28075
17176	28	70	27689	81	0	27868
17177	8	51	77	26190	0	26326
17178	12	41	44	27311	0	27408
17179	24	33	28060	111	0	28228
17180	24923	31	140	70	0	25164
17181	116	20	50	28016	0	28202
17182	59	21	29772	126	0	29978
17183	14	29022	135	69	0	29240
17184	31660	99	42	23	0	31824
17185	109	30048	54	48	0	30259
17186	37	132	18	31866	0	32053
17187	31383	45	14	119	0	31561
17188	118	24	8	30694	0	30844
17189	51	30	32790	136	0	33007
17190	22	19	153	32123	0	32317
17191	27	19	32529	160	0	32735
17192	31255	10	184	92	0	31541
17193	183	16	33591	35	0	33825
17194	33537	12	192	32	0	33773
17195	34663	6	100	25	0	34794
17196	265	18	35133	21	0	35437
17197	128	31	33133	20	0	33312
17198	57	33535	267	27	0	33886
17199	37058	152	107	13	0	37330
17200	173	79	62	38234	0	38548
17201	91	41	45	37881	0	38058
17202	45508	24	22	236	0	45790
17203	45581	15	23	112	0	45731
17204	46054	10	16	73	0	46153
17205	46623	10	18	45	0	46696
17206	274	18	15	45734	0	46041
17207	46843	5	21	177	0	47046
17208	213	7	17	46634	0	46871
17209	114	16	21	46264	0	46415
17210	69	10	20	46986	0	47085
17211	72	15	45867	296	0	46250
17212	44	42987	184	172	0	43387
17213	36	44807	107	105	0	45055
17214	36	245	35	47440	0	47756
17215	47076	103	466	196	0	47841
17216	173	70	26	46422	0	46691
17217	47464	35	25	234	0	47758
17218	227	30	48619	137	0	49013
17219	45597	24	173	83	0	45877
17220	224	37	97	49688	0	50046
17221	52961	15	44	211	0	53231
17222	51934	24	47	114	0	52119
17223	53258	14	31	76	0	53379
17224	315	17	24	53048	0	53404
17225	192	24	52891	216	0	53323
17226	96	27	186	51631	0	51940
17227	53909	7	108	238	0	54262
17228	277	62	60718	147	0	61204
17229	130	36	283	60915	0	61364
17230	66806	17	171	381	0	67375
17231	503	77	65697	195	0	66472
17232	67213	18	464	113	0	67808
17233	72273	22	194	79	0	72568
17234	764	24	100	73511	0	74399
17235	314	24	69	75523	0	75930
17236	76941	11	82	932	0	77966
17237	764	17	44	77451	0	78276
17238	77089	20	67	974	0	78150
17239	819	75398	108	467	0	76792
17240	339	77241	66	270	0	77916
17241	215	952	39	79451	0	80657
17242	200	418	78262	864	0	79744
17243	122	77852	822	430	0	79226
17244	79526	870	286	211	0	80893
17245	807	76804	228	276	0	78115
17246	386	965	78788	118	0	80257
17247	184	354	853	75824	0	77215
17248	213	217	80997	919	0	82346
17249	83	78737	1002	916	0	80738
17250	104	885	344	82143	0	83476
17251	84	78460	277	876	0	79697
17252	186	946	80179	303	0	81614
17253	93	374	890	76899	0	78256
17254	144	223	81654	964	0	82985
17255	92	133	956	79357	0	80538
17256	82041	98	370	1044	0	83553
17257	953	122	79494	437	0	81006
17258	74210	81	946	283	0	75520
17259	1055	105	77129	191	0	78480
17260	420	79	995	75501	0	76995
17261	287	93	81328	1011	0	82719
17262	202	226	1001	79706	0	81135
17263	172	80	380	81345	0	81977
17264	157	85	239	80780	0	81261
17265	116	67	183	81951	0	82317
17266	166	106	85310	1431	0	87013
17267	77872	96	948	681	0	79597
17268	952	85	365	90309	0	91711
17269	90106	77	245	1117	0	91545
17270	89876	85	183	520	0	90664
17271	92038	85	153	346	0	92622
17272	1403	98	147	92706	0	94354
17273	609	113	135	92899	0	93756
17274	355	100482	233	1417	0	102487
17275	116306	1612	174	622	0	118714
17276	125325	726	149	1119	0	127319
17277	128411	442	163	361	0	129377
17278	4381	348	127147	440	0	132316
17279	2091	188	2619	127149	0	132047
17280	1338	216	127686	2857	0	132097
17281	125214	130	3080	1369	0	129793
17282	130722	127	1502	822	0	133173
17283	4018	135	923	127708	0	132784
17284	2037	203	627	124178	0	127045
17285	1298	127159	544	3597	0	132598
17286	131058	2643	362	1788	0	135851
17287	131799	1165	301	1122	0	134387
17288	4241	128144	372	898	0	133655
17289	132384	2881	276	667	0	136208
17290	3788	1374	289	129307	0	134758
17291	2052	804	290	131494	0	134640
17292	132485	549	263	3974	0	137271
17293	3595	471	126831	2039	0	132936
17294	127782	311	2537	1355	0	131985
17295	131357	319	1183	1023	0	133882
17296	4328	124837	795	928	0	130888
17297	132679	2699	512	637	0	136527
17298	4285	1361	127420	466	0	133532
17299	2509	785	2762	128365	0	134421
17300	130173	548	1300	3023	0	135044
17301	3798	462	860	129904	0	135024
17302	2217	392	121820	3681	0	128110
17303	1422	308	3081	119167	0	123978
17304	1194	130855	1627	3708	0	137384
17305	1162	2695	974	137415	0	142246
17306	988	1287	699	139522	0	142496
17307	908	843	512	138300	0	140563
17308	740	654	442	140427	0	142263
17309	828	633	133552	5351	0	140364
17310	842	485	2715	136982	0	141024
17311	135857	405	1364	4665	0	142291
17312	3249	131922	951	2782	0	138904
17313	1806	2896	635	139151	0	144488
17314	1447	1375	135992	4047	0	142861
17315	1095	842	2894	138298	0	143129
17316	140517	597	1505	4279	0	146898
17317	139120	514	972	2498	0	143104
17318	135129	406	830	1760	0	138125
17319	5274	394	655	135927	0	142250
17320	3290	391	132231	3798	0	139710
17321	2318	129739	3069	2261	0	137387
17322	136124	2847	1630	1592	0	142193
17323	4048	1396	1127	133536	0	140107
17324	2373	845	902	136415	0	140535
17325	1937	679	131807	4874	0	139297
17326	1618	126745	3118	3015	0	134496
17327	1478	135057	1652	2129	0	140316
17328	1371	4655	1194	127974	0	135194
17329	1268	2016	123991	3991	0	131266
17330	113897	1316	3002	2489	0	120704
17331	3639	1098	119527	1744	0	126008
17332	111373	896	3131	1513	0	116913
17333	3893	120266	1783	1588	0	127530
17334	2373	2624	119630	1355	0	125982
17335	114751	1403	2943	1227	0	120324
17336	3679	116329	1764	1792	0	123564
17337	127842	2865	1154	949	0	132810
17338	4019	1666	124139	967	0	130791
17339	2610	121952	2772	1023	0	128357
17340	129980	2909	1500	871	0	135260
17341	4113	1628	124161	923	0	130825
17342	125872	1037	2926	898	0	130733
17343	3942	894	1808	125924	0	132568
17344	128649	755	1286	3062	0	133752
17345	4008	672	1075	126948	0	132703
17346	127594	655	846	3720	0	132815
17347	4029	617	122359	2467	0	129472
17348	2284	562	2768	124167	0	129781
17349	1655	623	1597	125620	0	129495
17350	1371	704	121268	4606	0	127949
17351	1152	632	2861	121947	0	126592
17352	1025	114375	2295	4125	0	121820
17353	981	2564	1293	130629	0	135467
17354	1004	1426	1066	135661	0	139157
17355	1092	1007	810	149941	0	152850
17356	1126	882	144341	5836	0	152185
17357	143549	733	3644	3506	0	151432
17358	4363	644	1904	157219	0	164130
17359	2441	652	159568	5445	0	168106
17360	159169	454	4665	3166	0	167454
17361	163538	504	2411	2064	0	168517
17362	167706	564	1451	1690	0	171411
17363	8046	575	1169	162980	0	172770
17364	3885	581	909	182425	0	187800
17365	2584	608	906	178182	0	182280
17366	1914	173428	926	9171	0	185439
17367	177947	5512	983	4433	0	188875
17368	179450	2440	859	3131	0	185880
17369	8367	1504	1027	177011	0	187909
17370	4120	1093	171078	7208	0	183499
17371	2963	1012	171480	3849	0	179304
17372	2023	162423	8030	2865	0	175341
17373	1715	174241	3608	2161	0	181725
17374	156572	8279	2392	1442	0	168685
17375	4860	151753	1274	1098	0	158985
17376	146597	4362	711	682	0	152352
17377	145118	1766	413	716	0	148013
17378	143847	840	361	779	0	145827
17379	6182	707	371	138590	0	145850
17380	2832	535	349	150630	0	154346
17381	151671	432	324	6074	0	158501
17382	5570	421	369	155217	0	161577
17383	2556	501	149520	6051	0	158628
17384	152850	441	4901	2547	0	160739
17385	5822	567	1813	151717	0	159919
17386	2601	694	887	156954	0	161136
17387	1715	613	550	162015	0	164893
17388	1498	1079	151319	7972	0	161868
17389	145477	653	5183	4000	0	155313
17390	6796	589	151062	2728	0	161175
17391	3043	1012	5799	152393	0	162247
17392	2498	851	152553	6219	0	162121
17393	2208	512	6380	150185	0	159285
17394	1632	935	2655	157924	0	163146
17395	1400	1140	154645	8200	0	165385
17396	1699	840	6597	144988	0	154124
17397	1545	153550	2781	6180	0	164056
17398	155884	5972	1332	3036	0	166224
17399	159469	2382	990	2255	0	165096
17400	8559	1417	823	156105	0	166904
17401	4220	1035	151227	7123	0	163605
17402	3064	143991	5723	3957	0	156735
17403	2830	154699	2481	2581	0	162591
17404	144402	6520	1566	2937	0	155425
17405	6329	2563	139422	2780	0	151094
17406	142321	1205	5894	2276	0	151696
17407	7065	753	2565	142840	0	153223
17408	3052	611	2162	148308	0	154133
17409	139400	548	1882	8851	0	150681
17410	6396	138542	1611	4837	0	151386
17411	3507	5236	138659	3466	0	150868
17412	2159	2117	6325	139204	0	149805
17413	1846	1283	140274	7604	0	151007
17414	1842	137041	7397	3656	0	149936
17415	1664	5500	3489	142588	0	153241
17416	139053	2378	2313	7948	0	151692
17417	142226	1444	2389	4082	0	150141
17418	8039	1398	135611	3383	0	148431
17419	3883	137137	5990	3004	0	150014
17420	138901	5699	3067	2460	0	150127
17421	7187	138023	2085	2489	0	149784
17422	3609	6847	1389	139051	0	150896
17423	139059	3238	1576	6682	0	150555
17424	7593	2204	1312	140337	0	151446
17425	3787	1872	134943	7857	0	148459
17426	2778	1378	6475	139420	0	150051
17427	2290	1793	135756	7542	0	147381
17428	2485	1919	6563	137795	0	148762
17429	136651	1311	3059	8098	0	149119
17430	7147	133710	2515	4508	0	147880
17431	136890	5763	2005	2966	0	147624
17432	7475	3154	1534	134336	0	146499
17433	3495	1956	1745	138259	0	145455
17434	2926	1771	126536	9259	0	140492
17435	2424	1993	131785	4396	0	140598
17436	2167	129764	7923	3261	0	143115
17437	2202	6030	126479	3367	0	138078
17438	116653	2688	7533	2830	0	129704
17439	6985	124430	3740	2368	0	137523
17440	3434	130587	2596	2578	0	139195
17441	2934	133084	1779	2726	0	140523
17442	3291	8476	1434	128901	0	142102
17443	2572	4349	126975	6934	0	140830
17444	1961	130091	6605	4224	0	142881
17445	2716	7085	2796	118130	0	130727
17446	2178	130561	2067	7469	0	142275
17447	129832	7059	2226	4136	0	143253
17448	134149	3021	1919	3613	0	142702
17449	8201	2142	2075	130634	0	143052
17450	3696	1673	2235	133874	0	141478
17451	122520	1485	2021	9305	0	135331
17452	6715	121368	2043	4883	0	135009
17453	3551	127588	1832	3477	0	136448
17454	2592	8058	1239	117602	0	129491
17455	2005	3503	101002	6805	0	113315
17456	1680	102490	5586	3353	0	113109
17457	93392	5013	3107	2367	0	103879
17458	4514	93384	1752	2536	0	102186
17459	1805	89624	2147	1654	0	95230
17460	84652	5511	2021	1077	0	93261
17461	4194	86952	1322	1393	0	93861
17462	2182	5621	80352	1084	0	89239
17463	1734	83869	3885	1525	0	91013
17464	65322	2832	1311	582	0	70047
17465	2492	64129	670	615	0	67906
17466	63508	2728	458	495	0	67189
17467	2521	1284	376	62590	0	66771
17468	1085	939	357	65291	0	67672
17469	858	824	61947	2812	0	66441
17470	632	61910	1964	1378	0	65884
17471	567	2270	742	65629	0	69208
17472	63856	983	530	2484	0	67853
17473	65650	742	447	1082	0	67921
17474	2662	65380	425	876	0	69343
17475	1069	2375	365	66009	0	69818
17476	67364	1039	296	2514	0	71213
17477	68844	852	314	988	0	70998
17478	3063	753	65203	776	0	69795
17479	1289	737	63508	531	0	66065
17480	795	514	60796	454	0	62559
17481	460	57756	1874	360	0	60450
17482	54454	1392	715	250	0	56811
17483	1388	53312	425	286	0	55411
17484	53819	1427	305	209	0	55760
17485	1420	56776	278	227	0	58701
17486	530	1410	217	58218	0	60375
17487	59913	559	219	1218	0	61909
17488	1492	448	58701	419	0	61060
17489	58344	371	1205	291	0	60211
17490	61241	354	385	252	0	62232
17491	1722	58426	311	248	0	60707
17492	723	60560	224	212	0	61719
17493	63490	1480	654	208	0	65832
17494	1548	620	63524	143	0	65835
17495	61036	400	1514	129	0	63079
17496	63422	301	544	118	0	64385
17497	1673	274	706	61696	0	64349
17498	63407	246	197	1120	0	64970
17499	1562	277	143	65597	0	67579
17500	719	262	123	68779	0	69883
17501	542	283	127	67959	0	68911
17502	479	65364	151	1588	0	67582
17503	69180	1166	186	664	0	71196
17504	69956	432	185	475	0	71048
17505	1661	315	186	68605	0	70767
17506	784	306	217	68241	0	69548
17507	601	67101	201	1457	0	69360
17508	70496	1279	214	618	0	72607
17509	1511	613	68146	476	0	70746
17510	713	423	1179	69334	0	71649
17511	647	420	68257	1354	0	70678
17512	535	362	1208	67789	0	69894
17513	551	362	68807	1479	0	71199
17514	529	313	1299	66720	0	68861
17515	68688	280	525	1578	0	71071
17516	1475	303	70638	714	0	73130
17517	68410	260	1314	543	0	70527
17518	1583	71272	647	446	0	73948
17519	788	1262	453	74319	0	76822
17520	681	551	360	76190	0	77782
17521	78770	401	321	1616	0	81108
17522	1543	404	257	78326	0	80530
17523	853	396	79402	1591	0	82242
17524	76899	309	1209	787	0	79204
17525	82208	271	437	645	0	83561
17526	82575	252	340	573	0	83740
17527	82949	216	238	603	0	84006
17528	2033	78384	355	550	0	81322
17529	982	1213	264	82943	0	85402
17530	83306	441	227	1487	0	85461
17531	1729	359	234	82101	0	84423
17532	81382	335	258	1526	0	83501
17533	1841	362	78270	693	0	81166
17534	998	300	79235	585	0	81118
17535	786	530	1405	73489	0	76210
17536	671	75641	642	1410	0	78364
17537	603	79274	476	793	0	81146
17538	77174	1877	379	622	0	80052
17539	1439	1339	77674	486	0	80938
17540	71315	295	1030	504	0	73144
17541	1253	77167	540	807	0	79767
17542	79460	853	308	393	0	81014
17543	1211	410	268	78499	0	80388
17544	690	321	80287	1136	0	82434
17545	615	251	904	79370	0	81140
17546	504	240	377	79879	0	81000
17547	461	78307	328	1312	0	80408
17548	404	82966	288	1068	0	84726
17549	455	1128	251	83018	0	84852
17550	423	82469	283	1155	0	84330
17551	501	1109	80734	541	0	82885
17552	505	523	77911	492	0	79431
17553	72887	336	1243	451	0	74917
17554	81629	232	572	392	0	82825
17555	1380	78818	399	437	0	81034
17556	724	997	272	80288	0	82281
17557	598	445	251	81928	0	83222
17558	558	367	80046	1326	0	82297
17559	459	281	971	74624	0	76335
17560	364	78301	477	1275	0	80417
17561	388	998	77596	644	0	79626
17562	468	493	78430	482	0	79873
17563	423	71797	1435	547	0	74202
17564	487	1061	77456	359	0	79363
17565	434	448	1136	76728	0	78746
17566	438	439	564	74208	0	75649
17567	455	355	79830	1287	0	81927
17568	475	737	996	77234	0	79442
17569	374	76659	560	1314	0	78907
17570	386	80564	417	757	0	82124
17571	289	1228	292	80136	0	81945
17572	420	626	79396	1252	0	81694
17573	269	77863	1166	658	0	79956
17574	220	1730	341	82430	0	84721
17575	194	337	80137	1016	0	81684
17576	73308	171	751	308	0	74538
17577	79679	146	250	216	0	80291
17578	79545	155	163	191	0	80054
17579	888	124	159	76461	0	77632
17580	324	106	164	79365	0	79959
17581	283	145	80028	972	0	81428
17582	183	135	812	78330	0	79460
17583	157	124	266	82208	0	82755
17584	172	171	80665	1038	0	82046
17585	64368	144	910	520	0	65942
17586	770	72664	348	402	0	74184
17587	75064	709	148	204	0	76125
17588	706	72678	198	254	0	73836
17589	204	766	86	75259	0	76315
17590	184	280	74331	766	0	75561
17591	139	358	687	71566	0	72750
17592	137	149	73498	793	0	74577
17593	57691	125	756	395	0	58967
17594	611	85	67942	170	0	68808
17595	188	89	602	63618	0	64497
17596	182	84	67423	631	0	68320
17597	169	63968	695	289	0	65121
17598	158	519	225	69200	0	70102
17599	151	160	181	68502	0	68994
17600	159	87	121	69876	0	70243
17601	163	124	68846	1006	0	70139
17602	140	128	69462	448	0	70178
17603	97	94	862	69162	0	70215
17604	100	102	348	80583	0	81133
17605	120	90	263	91525	0	91998
17606	93062	95	186	2155	0	95498
17607	1691	97	151	98037	0	99976
17608	779	185	104088	2264	0	107316
17609	114754	107	2271	1026	0	118158
17610	2937	115	938	119397	0	123387
17611	125745	76	541	3225	0	129587
17612	128818	80	353	1370	0	130621
17613	4418	70	275	127850	0	132613
17614	128290	77	354	3657	0	132378
17615	129645	69	251	1678	0	131643
17616	4816	190	121425	921	0	127352
17617	2056	122862	3169	706	0	128793
17618	1168	3104	1560	117217	0	123049
17619	688	1217	655	127171	0	129731
17620	124831	578	443	4488	0	130340
17621	122954	296	342	2078	0	125670
17622	125669	183	330	1293	0	127475
17623	5283	265	113836	953	0	120337
17624	2370	116120	3366	883	0	122739
17625	119105	3167	1421	661	0	124354
17626	3942	119681	877	695	0	125195
17627	121466	3749	469	691	0	126375
17628	4342	1492	398	120137	0	126369
17629	120512	783	319	3783	0	125397
17630	121735	433	327	1853	0	124348
17631	123601	314	317	1191	0	125423
17632	5844	378	117656	871	0	124749
17633	120396	301	3386	829	0	124912
17634	4900	118770	1450	833	0	125953
17635	124273	3425	782	786	0	129266
17636	126255	1431	545	774	0	129005
17637	128316	829	454	753	0	130352
17638	6191	538	440	118845	0	126014
17639	3151	118478	482	4104	0	126215
17640	121482	3540	468	1722	0	127212
17641	5101	1629	116498	1149	0	124377
17642	2810	119959	3467	1026	0	127262
17643	2293	3956	1396	108618	0	116263
17644	1906	118540	874	3803	0	125123
17645	120872	4229	581	1448	0	127130
17646	124815	1907	530	976	0	128228
17647	6142	1135	427	122052	0	129756
17648	3344	1382	114851	4301	0	123878
17649	2361	117730	3646	2163	0	125900
17650	2460	4316	2045	99171	0	107992
17651	1944	1861	1065	120858	0	125728
17652	1825	1150	763	129391	0	133129
17653	127065	809	650	5980	0	134504
17654	129930	787	561	2763	0	134041
17655	131298	738	537	1693	0	134266
17656	133220	842	490	1250	0	135802
17657	7605	739	488	127508	0	136340
17658	3946	885	128124	4917	0	137872
17659	2770	795	4051	132320	0	139936
17660	2389	739	1701	134295	0	139124
17661	2267	691	1049	135581	0	139588
17662	2399	733	794	137382	0	141308
17663	132961	683	766	7307	0	141717
17664	5943	750	955	134915	0	142563
17665	133234	679	900	6083	0	140896
17666	136546	742	867	3425	0	141580
17667	7953	757	129575	2634	0	140919
17668	4878	691	128766	2412	0	136747
17669	3937	645	133706	2261	0	140549
17670	3658	855	6044	130779	0	141336
17671	3512	677	132124	5608	0	141921
17672	3270	706	5096	130450	0	139522
17673	3023	891	2502	133399	0	139815
17674	131546	910	1565	7078	0	141099
17675	6646	821	1254	127041	0	135762
17676	4504	128410	1180	6119	0	140213
17677	132373	4338	1203	3527	0	141441
17678	6653	131690	1174	3117	0	142634
17679	4338	4884	130163	2617	0	142002
17680	3411	131843	4574	2382	0	142210
17681	132277	5252	2246	1946	0	141721
17682	7065	2827	1550	130094	0	141536
17683	4487	1950	127133	5380	0	138950
17684	129714	1517	4648	3224	0	139103
17685	6926	1534	2275	130887	0	141622
17686	4862	1308	127939	5524	0	139633
17687	3915	1193	4685	129916	0	139709
17688	3624	948	2646	132677	0	139895
17689	3372	992	1863	130755	0	136982
17690	3421	127732	1482	6790	0	139425
17691	131923	4535	1362	3631	0	141451
17692	6864	2360	1317	128389	0	138930
17693	4521	129838	1258	5628	0	141245
17694	3724	5093	842	133944	0	143603
17695	3512	2887	128272	6145	0	140816
17696	3431	129752	4368	3602	0	141153
17697	131645	5067	2421	2637	0	141770
17698	131913	2946	1694	2233	0	138786
17699	6902	2160	1300	126405	0	136767
17700	4006	1948	1295	130951	0	138200
17701	128354	1542	1335	6536	0	137767
17702	124133	1392	1355	3918	0	130798
17703	6737	124464	1257	3248	0	135706
17704	115620	3948	1091	2286	0	122945
17705	5141	1804	104968	1733	0	113646
17706	3009	1276	103109	1649	0	109043
17707	1977	97016	3881	1773	0	104647
17708	1566	91411	1920	1487	0	96384
17709	78015	2268	2021	778	0	83082
17710	1863	78117	802	778	0	81560
17711	76691	1652	563	529	0	79435
17712	75212	786	341	524	0	76863
17713	75275	480	323	558	0	76636
17714	2131	427	320	72986	0	75864
17715	74989	358	397	1740	0	77484
17716	2002	377	71789	960	0	75128
17717	1082	390	72632	722	0	74826
17718	793	72741	1799	811	0	76144
17719	929	1353	74451	630	0	77363
17720	797	756	1609	69728	0	72890
17721	640	352	74865	1736	0	77593
17722	684	420	74185	900	0	76189
17723	592	345	1825	73739	0	76501
17724	76228	341	1009	1628	0	79206
17725	76681	388	663	856	0	78588
17726	2020	353	79730	674	0	82777
17727	78403	337	1602	608	0	80950
17728	1909	359	82163	556	0	84987
17729	80854	340	1697	589	0	83480
17730	87247	343	870	509	0	88969
17731	2202	293	557	84793	0	87845
17732	1116	269	444	82957	0	84786
17733	830	79565	465	1786	0	82646
17734	682	82424	421	1217	0	84744
17735	600	1584	454	82660	0	85298
17736	548	706	408	82068	0	83730
17737	79889	443	392	1720	0	82444
17738	1469	77820	431	942	0	80662
17739	79353	1340	387	610	0	81690
17740	1486	77746	451	590	0	80273
17741	920	1491	75816	429	0	78656
17742	545	673	1195	73830	0	76243
17743	74287	387	577	1294	0	76545
17744	76453	310	365	703	0	77831
17745	1890	77801	349	563	0	80603
17746	865	80873	300	408	0	82446
17747	642	82653	298	329	0	83922
17748	492	1833	283	92458	0	95066
17749	543	777	90572	2233	0	94125
17750	345	90200	2117	752	0	93414
17751	300	2151	573	93795	0	96819
17752	216	588	246	95709	0	96759
17753	249	352	93136	2454	0	96191
17754	262	343	91719	794	0	93118
17755	87464	234	2517	483	0	90698
17756	2265	239	94930	308	0	97742
17757	93894	187	2172	285	0	96538
17758	92583	189	685	222	0	93679
17759	92695	184	357	228	0	93464
17760	92054	189	309	235	0	92787
17761	2935	260	86772	244	0	90211
17762	981	86105	2056	861	0	90003
17763	580	2061	599	90650	0	93890
17764	496	695	88412	2115	0	91718
17765	340	602	2058	85906	0	88906
17766	311	83651	894	2111	0	86967
17767	321	1980	397	88919	0	91617
17768	330	660	318	89513	0	90821
17769	325	396	242	88155	0	89118
17770	87036	294	233	2785	0	90348
17771	2159	263	305	87174	0	89901
17772	769	284	294	87894	0	89241
17773	469	226	340	87668	0	88703
17774	404	81412	368	2786	0	84970
17775	82827	2037	343	990	0	86197
17776	2167	78684	380	713	0	81944
17777	678	80801	303	480	0	82262
17778	521	2312	351	81394	0	84578
17779	439	774	314	83893	0	85420
17780	81835	385	279	2651	0	85150
17781	2231	300	307	82948	0	85786
17782	82521	243	269	2479	0	85512
17783	99768	254	336	990	0	101348
17784	4017	309	304	98510	0	103140
17785	1627	286	290	99993	0	102196
17786	830	100000	368	4560	0	105758
17787	103158	3467	308	1911	0	108844
17788	3701	104461	348	1191	0	109701
17789	106531	4131	357	689	0	111708
17790	4544	1768	101339	657	0	108308
17791	102264	825	3713	681	0	107483
17792	107750	546	1420	646	0	110362
17793	5398	406	670	103264	0	109738
17794	2358	513	102218	4282	0	109371
17795	1269	103657	3923	2070	0	110919
17796	810	4841	1733	108696	0	116080
17797	947	1857	107158	4864	0	114826
17798	761	1268	4388	109732	0	116149
17799	107655	612	1802	5422	0	115491
17800	4933	623	104247	2379	0	112182
17801	2163	104040	4408	1513	0	112124
17802	1315	111486	1932	1139	0	115872
17803	1288	6049	979	93978	0	102294
17804	957	109701	719	3592	0	114969
17805	110562	4970	572	1646	0	117750
17806	111992	2128	535	1134	0	115789
17807	114062	1180	448	993	0	116683
17808	6626	1006	103524	834	0	111990
17809	107561	764	4303	878	0	113506
17810	5465	866	1715	105073	0	113119
17811	2534	719	950	107660	0	111863
17812	1495	652	787	109531	0	112465
17813	1170	731	833	110344	0	113078
17814	1258	702	102489	7017	0	111466
17815	1126	675	103807	3288	0	108896
17816	1017	706	102823	2062	0	106608
17817	96055	635	6040	1489	0	104219
17818	4926	98697	2479	1596	0	107698
17819	2265	4531	1335	99903	0	108034
17820	98280	2015	935	5145	0	106375
17821	5010	99495	752	2633	0	107890
17822	2446	103743	845	1979	0	109013
17823	100007	6069	678	1183	0	107937
17824	101666	2641	666	1139	0	106112
17825	6247	100281	716	1264	0	108508
17826	2940	4944	601	91583	0	100068
17827	1786	95486	618	4713	0	102603
17828	94260	4990	654	2541	0	102445
17829	95159	2307	661	1487	0	99614
17830	94227	1516	568	1244	0	97555
17831	6865	88886	648	1288	0	97687
17832	3059	4605	600	91155	0	99419
17833	1969	2305	88193	5184	0	97651
17834	1630	1400	4276	90280	0	97586
17835	1411	1113	1792	95171	0	99487
17836	1421	1199	88076	6468	0	97164
17837	88053	977	4550	2972	0	96552
17838	5165	906	2030	91661	0	99762
17839	2618	1019	1219	92216	0	97072
17840	1868	90929	786	6285	0	99868
17841	91691	4842	762	2965	0	100260
17842	5398	2294	755	89435	0	97882
17843	2713	90149	625	5354	0	98841
17844	86873	4768	697	2682	0	95020
17845	4962	85540	704	1841	0	93047
17846	81640	4828	540	1399	0	88407
17847	5351	2115	78701	1408	0	87575
17848	2264	1248	67560	1030	0	72102
17849	1560	866	66676	901	0	70003
17850	1017	65359	4642	999	0	72017
17851	1043	3586	2067	56531	0	63227
17852	1171	62527	1045	2805	0	67548
17853	62843	3578	773	1712	0	68906
17854	3611	1904	61117	1487	0	68119
17855	61059	1275	3167	944	0	66445
17856	63292	1014	1720	793	0	66819
17857	4710	920	1094	59430	0	66154
17858	61637	863	729	3306	0	66535
17859	4232	731	768	60767	0	66498
17860	2269	809	58351	3751	0	65180
17861	58773	736	3124	1975	0	64608
17862	3734	58462	1721	1256	0	65173
17863	2047	3218	1065	60143	0	66473
17864	60239	1927	718	3332	0	66216
17865	3816	1175	600	60718	0	66309
17866	2255	855	57453	3922	0	64485
17867	1503	719	3072	59032	0	64326
17868	1242	58682	1635	3766	0	65325
17869	60097	3182	939	1999	0	66217
17870	3616	1726	734	59530	0	65606
17871	60753	1066	701	3688	0	66208
17872	4045	780	592	60746	0	66163
17873	2091	714	562	59797	0	63164
17874	1434	58877	593	4521	0	65425
17875	57687	3258	534	2302	0	63781
17876	3607	60915	460	1630	0	66612
17877	1854	3515	577	54330	0	60276
17878	1295	56939	551	3272	0	62057
17879	56324	3435	396	1900	0	62055
17880	55357	1798	418	1407	0	58980
17881	56500	1098	380	1172	0	59150
17882	4601	53602	486	1117	0	59806
17883	970	37046	243	488	0	38747
17884	36683	1741	176	424	0	39024
17885	1682	36866	191	451	0	39190
17886	809	1737	129	35220	0	37895
17887	780	532	34773	1240	0	37325
17888	32624	285	767	420	0	34096
17889	34174	232	265	316	0	34987
17890	33595	218	154	211	0	34178
17891	1143	33319	105	206	0	34773
17892	34320	897	70	197	0	35484
17893	1150	448	34758	150	0	36506
17894	485	33298	651	178	0	34612
17895	208	1258	150	30586	0	32202
17896	118	30289	66	320	0	30793
17897	29087	324	39	97	0	29547
17898	342	29214	50	104	0	29710
17899	110	269	23	29115	0	29517
17900	97	28545	44	249	0	28935
17901	90	292	30	29963	0	30375
17902	80	121	28	28995	0	29224
17903	92	93	29195	344	0	29724
17904	60	69	276	26693	0	27098
17905	27385	54	81	356	0	27876
17906	26846	57	61	121	0	27085
17907	368	90	44	26943	0	27445
17908	157	65	27226	347	0	27795
17909	100	84	290	26929	0	27403
17910	27793	56	85	367	0	28301
17911	30855	47	80	137	0	31119
17912	31070	34	56	96	0	31256
17913	418	30339	67	110	0	30934
17914	31688	297	32	90	0	32107
17915	412	139	29518	340	0	30409
17916	31504	67	299	80	0	31950
17917	399	61	91	34172	0	34723
17918	165	58	62	34272	0	34557
17919	122	66	39	35121	0	35348
17920	34481	73	26	536	0	35116
17921	33235	56	33	211	0	33535
17922	514	57	40	33425	0	34036
17923	245	63	35076	455	0	35839
17924	167	57	372	34676	0	35272
17925	141	73	86	34257	0	34557
17926	142	75	34601	545	0	35363
17927	107	34830	410	287	0	35634
17928	119	382	108	37811	0	38420
17929	38496	114	73	493	0	39176
17930	469	92	70	38750	0	39381
17931	195	86	29	39377	0	39687
17932	40987	88	42	603	0	41720
17933	510	38262	61	310	0	39143
17934	223	39627	61	204	0	40115
17935	40496	550	45	159	0	41250
17936	503	205	39234	106	0	40048
17937	37219	135	397	107	0	37858
17938	540	117	43520	121	0	44298
17939	189	42626	405	125	0	43345
17940	45772	359	127	103	0	46361
17941	46314	136	58	96	0	46604
17942	46582	86	43	112	0	46823
17943	47094	69	45	96	0	47304
17944	567	99	47062	94	0	47822
17945	275	61	375	45415	0	46126
17946	47724	72	134	402	0	48332
17947	494	87	49868	186	0	50635
17948	236	107	48730	109	0	49182
17949	167	46351	511	125	0	47154
17950	49241	285	257	69	0	49852
17951	355	102	69	48298	0	48824
17952	49438	66	62	320	0	49886
17953	390	49943	60	163	0	50556
17954	173	598	56	54190	0	55017
17955	141	119	40	54430	0	54730
17956	112	79	36	56472	0	56699
17957	150	71	56647	762	0	57630
17958	84	55098	635	344	0	56161
17959	63193	626	193	149	0	64161
17960	874	215	109	63418	0	64616
17961	63445	120	102	933	0	64600
17962	62348	57	78	327	0	62810
17963	1177	68	45	62430	0	63720
17964	539	526	63344	965	0	65374
17965	263	79	829	63521	0	64692
17966	161	62649	344	1018	0	64172
17967	146	834	172	66049	0	67201
17968	168	324	64220	1070	0	65782
17969	62979	169	887	417	0	64452
17970	928	93	309	65955	0	67285
17971	65684	90	205	998	0	66977
17972	1118	106	64625	411	0	66260
17973	60671	47	923	287	0	61928
17974	1138	92	64832	176	0	66238
17975	60629	76	992	164	0	61861
17976	1086	62320	405	176	0	63987
17977	421	65651	241	186	0	66499
17978	318	1105	142	66832	0	68397
17979	206	476	135	64842	0	65659
17980	188	246	81	67519	0	68034
17981	67903	123	86	1363	0	69475
17982	976	99	101	67974	0	69150
17983	459	103	67017	1181	0	68760
17984	64038	77	926	521	0	65562
17985	987	67664	383	372	0	69406
17986	71030	900	228	226	0	72384
17987	66904	366	134	221	0	67625
17988	1351	221	68533	199	0	70304
17989	632	123	953	65197	0	66905
17990	366	142	370	71069	0	71947
17991	346	140	69918	1400	0	71804
17992	208	66353	1188	710	0	68459
17993	69563	1101	432	371	0	71467
17994	69823	397	251	317	0	70788
17995	1424	286	171	69591	0	71472
17996	653	172	155	70005	0	70985
17997	398	130	123	73583	0	74234
17998	71646	108	155	1756	0	73665
17999	1290	70387	181	803	0	72661
18000	72754	1147	157	460	0	74518
18001	71588	451	154	329	0	72522
18002	1752	348	74901	270	0	77271
18003	812	190	1284	71981	0	74267
18004	472	76150	551	1405	0	78578
18005	403	1309	298	78681	0	80691
18006	322	612	193	81858	0	82985
18007	328	316	82955	2086	0	85685
18008	85622	194	1677	968	0	88461
18009	96135	201	681	578	0	97595
18010	101077	145	374	437	0	102033
18011	3339	175	235	97803	0	101552
18012	1321	204	235	96113	0	97873
18013	746	95917	285	3113	0	100061
18014	490	101123	260	1384	0	103257
18015	100029	3197	214	752	0	104192
18016	2753	98650	306	644	0	102353
18017	1183	2810	96911	470	0	101374
18018	780	1061	2554	101182	0	105577
18019	103828	545	1014	2990	0	108377
18020	3117	437	101886	1269	0	106709
18021	1402	458	101561	903	0	104324
18022	103757	286	3572	588	0	108203
18023	105097	354	1396	527	0	107374
18024	3931	288	699	102835	0	107753
18025	1788	373	103644	3123	0	108928
18026	1010	765	2868	104766	0	109409
18027	914	478	104176	3489	0	109057
18028	875	452	103966	1507	0	106800
18029	724	104274	3650	1027	0	109675
18030	106903	2762	1506	681	0	111852
18031	107305	1131	930	681	0	110047
18032	3876	104073	729	914	0	109592
18033	1840	2913	570	106276	0	111599
18034	1179	1276	596	107442	0	110493
18035	936	1380	578	109705	0	112599
18036	107440	462	549	4226	0	112677
18037	3152	103877	616	2042	0	109687
18038	104243	2861	612	1231	0	108947
18039	104199	1251	579	952	0	106981
18040	4300	862	98328	759	0	104249
18041	2016	98050	3013	723	0	103802
18042	1271	2985	1319	102853	0	108428
18043	1132	1326	102311	3161	0	107930
18044	100296	784	3030	1563	0	105673
18045	105573	576	1439	1105	0	108693
18046	106153	536	883	974	0	108546
18047	104483	447	729	862	0	106521
18048	4627	467	688	101544	0	107326
18049	2280	546	100341	3300	0	106467
18050	1578	502	2915	103570	0	108565
18051	105164	508	1391	3608	0	110671
18052	105428	376	956	1772	0	108532
18053	4178	100537	764	1297	0	106776
18054	102231	2700	660	874	0	106465
18055	3868	1186	99668	818	0	105540
18056	2017	827	99857	699	0	103400
18057	96465	527	3307	655	0	100954
18058	3521	99721	1468	712	0	105422
18059	1704	2680	664	93877	0	98925
18060	1214	94735	559	2307	0	98815
18061	1066	2477	458	98019	0	102020
18062	999	1151	457	98146	0	100753
18063	974	734	508	101307	0	103523
18064	98145	572	491	3439	0	102647
18065	98977	581	478	1538	0	101574
18066	99411	520	500	940	0	101371
18067	3907	591	94799	751	0	100048
18068	89720	532	2582	738	0	93572
18069	3288	448	1241	97585	0	102562
18070	1796	407	809	100824	0	103836
18071	1455	437	98600	3469	0	103961
18072	1245	508	2679	104845	0	109277
18073	112441	412	1204	3682	0	117739
18074	3896	447	109752	1713	0	115808
18075	1852	374	3233	112078	0	117537
18076	113357	317	1455	3665	0	118794
18077	112804	405	1007	1734	0	115950
18078	4685	461	111929	1257	0	118332
18079	2425	509	112826	1034	0	116794
18080	1630	485	4012	114252	0	120379
18081	118390	459	1817	3558	0	124224
18082	120133	454	1159	1765	0	123511
18083	4721	519	818	111710	0	117768
18084	2291	114817	855	3419	0	121382
18085	117597	3079	754	1689	0	123119
18086	3947	116382	804	1429	0	122562
18087	1990	3354	714	119251	0	125309
18088	1661	1319	115112	3829	0	121921
18089	1496	879	113088	1810	0	117273
18090	1422	606	116093	1276	0	119397
18091	1297	447	4409	111161	0	117314
18092	1202	401	1931	117216	0	120750
18093	115148	374	1260	4372	0	121154
18094	3713	112799	943	2283	0	119738
18095	117697	2967	817	1377	0	122858
18096	4203	1245	740	110893	0	117081
18097	2085	113976	770	3194	0	120025
18098	1563	119757	744	1630	0	123694
18099	1330	3836	682	120887	0	126735
18100	118824	1505	686	3689	0	124704
18101	3641	118460	725	1880	0	124706
18102	113915	2958	667	1210	0	118750
18103	3622	115497	660	1062	0	120841
18104	115889	3228	688	794	0	120599
18105	3897	1354	111845	814	0	117910
18106	1956	972	109456	772	0	113156
18107	1281	107523	3203	1135	0	113142
18108	98697	3072	3464	1127	0	106360
18109	2097	94996	695	862	0	98650
18110	861	90221	482	462	0	92026
18111	1177	2812	349	92567	0	96905
18112	93412	879	356	1607	0	96254
18113	1762	91857	393	751	0	94763
18114	91018	1565	326	455	0	93364
18115	1774	90279	334	459	0	92846
18116	89826	1979	262	288	0	92355
18117	1713	88436	509	261	0	90919
18118	593	88091	170	244	0	89098
18119	493	1710	123	85448	0	87774
18120	329	85610	147	1127	0	87213
18121	85661	1518	146	400	0	87725
18122	1378	635	82450	341	0	84804
18123	500	432	1186	83601	0	85719
18124	461	374	86013	1306	0	88154
18125	280	289	1369	82728	0	84666
18126	317	236	446	85205	0	86204
18127	347	279	79111	1695	0	81432
18128	67841	258	1410	814	0	70323
18129	1427	75373	613	595	0	78008
18130	80504	1286	419	419	0	82628
18131	1629	79397	365	379	0	81770
18132	730	1506	266	80843	0	83345
18133	81141	563	292	1442	0	83438
18134	80642	493	315	588	0	82038
18135	81860	354	273	546	0	83033
18136	2002	332	245	78540	0	81119
18137	1025	388	224	80753	0	82390
18138	802	80431	294	1624	0	83151
18139	84199	1441	300	802	0	86742
18140	84423	599	268	591	0	85881
18141	83516	533	348	409	0	84806
18142	82699	448	316	463	0	83926
18143	2076	77096	441	392	0	80005
18144	944	1443	400	80456	0	83243
18145	798	684	77348	1445	0	80275
18146	75087	531	1447	680	0	77745
18147	80520	467	509	723	0	82219
18148	2068	528	77316	461	0	80373
18149	1107	543	77148	406	0	79204
18150	808	508	1673	74611	0	77600
18151	584	585	700	78512	0	80381
18152	539	517	487	80065	0	81608
18153	77898	604	378	2134	0	81014
18154	1729	527	322	78253	0	80831
18155	866	462	75073	1989	0	78390
18156	641	490	1489	75996	0	78616
18157	670	407	76393	1961	0	79431
18158	521	472	1674	73018	0	75685
18159	557	419	618	80560	0	82154
18160	521	468	78804	2119	0	81912
18161	71086	470	1698	1042	0	74296
18162	1767	78919	666	740	0	82092
18163	83511	1943	461	476	0	86391
18164	2123	941	276	87963	0	91303
18165	86223	796	262	2133	0	89414
18166	2356	90629	255	1102	0	94342
18167	1179	98477	242	741	0	100639
18168	820	4305	196	111075	0	116396
18169	832	1740	114830	3677	0	121079
18170	691	1326	112362	1448	0	115827
18171	581	115168	5032	1089	0	121870
18172	104436	3957	1685	1082	0	111160
18173	3569	1367	1032	104393	0	110361
18174	102231	811	760	3991	0	107793
18175	4046	100051	754	1504	0	106355
18176	1618	105694	613	952	0	108877
18177	1060	5097	476	103246	0	109879
18178	101332	2111	333	4001	0	107777
18179	103117	1398	244	1643	0	106402
18180	5430	1004	98060	1125	0	105619
18181	2313	885	94907	779	0	98884
18182	92852	773	4375	572	0	98572
18183	4229	94448	1818	627	0	101122
18184	96542	3841	1144	464	0	101991
18185	4756	1432	833	94961	0	101982
18186	2121	1025	90229	3768	0	97143
18187	86797	738	3867	1410	0	92812
18188	4180	88064	1658	969	0	94871
18189	1784	93475	1095	727	0	97081
18190	1457	4673	746	92238	0	99114
18191	92628	2015	659	3962	0	99264
18192	4080	1322	713	93251	0	99366
18193	95133	997	740	4415	0	101285
18194	4682	1095	88851	1867	0	96495
18195	88957	981	3406	1313	0	94657
18196	94165	784	1268	1191	0	97408
18197	5826	726	85237	998	0	92787
18198	84327	637	3640	1313	0	89917
18199	5192	86610	1612	814	0	94228
18200	2691	3693	1193	84707	0	92284
18201	2123	88379	979	3469	0	94950
18202	90244	4169	865	1325	0	96603
18203	4783	1851	902	85410	0	92946
18204	2364	85522	868	3882	0	92636
18205	1751	4212	730	86043	0	92736
18206	1443	85153	548	4976	0	92120
18207	1224	4631	405	88785	0	95045
18208	87648	2204	393	4832	0	95077
18209	4246	1492	457	89118	0	95313
18210	2101	1257	84911	4961	0	93230
18211	83384	1120	3529	2492	0	90525
18212	4412	1142	1376	86299	0	93229
18213	2139	943	83373	4898	0	91353
18214	1844	803	81852	2505	0	87004
18215	1672	664	85069	1903	0	89308
18216	1427	586	5514	81733	0	89260
18217	1468	549	2733	86491	0	91241
18218	1280	606	1933	87851	0	91670
18219	1239	637	1612	89967	0	93455
18220	85985	638	1407	6163	0	94193
18221	89206	665	1306	3212	0	94389
18222	89962	719	1075	2456	0	94212
18223	91483	823	852	2121	0	95279
18224	6342	788	675	88009	0	95814
18225	3359	873	88631	5143	0	98006
18226	91796	755	3670	2637	0	98858
18227	96967	825	1504	1993	0	101289
18228	6417	881	1099	92219	0	100616
18229	3473	842	949	96737	0	102001
18230	95852	787	908	6032	0	103579
18231	5551	674	954	88996	0	96175
18232	3031	88939	1001	5503	0	98474
18233	93735	3825	1072	2980	0	101612
18234	94905	1659	1110	2353	0	100027
18235	6463	1248	93335	2057	0	103103
18236	3417	1091	4381	93619	0	102508
18237	2580	1018	2060	100301	0	105959
18238	98091	905	1606	6406	0	107008
18239	100936	858	1337	3248	0	106379
18240	6984	858	992	99417	0	108251
18241	3723	952	95043	6109	0	105827
18242	2979	757	96530	3673	0	103939
18243	2543	616	5433	97244	0	105836
18244	2561	653	2377	101999	0	107590
18245	97466	648	1652	6727	0	106493
18246	6027	94839	1525	3559	0	105950
18247	3188	97108	1486	2646	0	104428
18248	2592	101075	1348	2103	0	107118
18249	2407	5774	1235	98764	0	108180
18250	99526	2413	1111	5542	0	108592
18251	100071	1704	810	2878	0	105463
18252	6440	98644	632	2324	0	108040
18253	102992	5126	550	1898	0	110566
18254	6231	2408	554	101734	0	110927
18255	3105	1816	100716	5516	0	111153
18256	2663	1354	4138	101367	0	109522
18257	2553	1078	1545	106408	0	111584
18258	2086	1041	1202	108038	0	112367
18259	100742	773	971	7064	0	109550
18260	5263	616	867	98448	0	105194
18261	2746	96136	854	6386	0	106122
18262	93621	4119	1300	3351	0	102391
18263	4867	91190	906	2634	0	99597
18264	1944	88095	786	2245	0	93070
18265	2122	90118	833	1741	0	94814
18266	1880	4185	78547	1464	0	86076
18267	902	75904	2749	1236	0	80791
18268	1137	2250	61031	814	0	65232
18269	51360	1071	983	309	0	53723
18270	55991	170	244	309	0	56714
18271	1159	166	57633	287	0	59245
18272	57419	134	892	275	0	58720
18273	63878	138	236	258	0	64510
18274	1168	185	63586	259	0	65198
18275	423	64603	866	272	0	66164
18276	263	912	178	67794	0	69147
18277	68902	294	140	956	0	70292
18278	1011	209	134	67142	0	68496
18279	72328	177	106	1031	0	73642
18280	70753	170	127	399	0	71449
18281	1226	213	70902	288	0	72629
18282	70090	199	876	246	0	71411
18283	1055	72459	286	274	0	74074
18284	76475	1019	126	247	0	77867
18285	1119	328	110	75832	0	77389
18286	492	216	77128	1088	0	78924
18287	364	197	913	75018	0	76492
18288	76703	204	259	1144	0	78310
18289	1029	72869	210	536	0	74644
18290	469	1001	74046	344	0	75860
18291	328	350	985	69771	0	71434
18292	360	228	76042	1133	0	77763
18293	272	77355	1009	503	0	79139
18294	81503	1026	317	332	0	83178
18295	1119	355	192	80514	0	82180
18296	491	302	80991	1070	0	82854
18297	391	387	75723	413	0	76914
18298	79803	247	1170	285	0	81505
18299	1161	259	381	79478	0	81279
18300	468	276	243	80764	0	81751
18301	391	257	81885	1273	0	83806
18302	390	295	80347	403	0	81435
18303	355	81291	1280	365	0	83291
18304	377	1127	439	84097	0	86040
18305	390	374	307	83447	0	84518
18306	376	82285	311	1173	0	84145
18307	439	1153	82974	472	0	85038
18308	76395	369	1219	357	0	78340
18309	1325	248	394	84969	0	86936
18310	540	251	89335	1280	0	91406
18311	379	257	1214	83677	0	85527
18312	1244	84730	509	1174	0	87657
18313	386	1218	88043	521	0	90168
18314	83791	401	1221	433	0	85846
18315	1383	334	90958	340	0	93015
18316	543	351	87986	254	0	89134
18317	422	277	87258	264	0	88221
18318	393	229	93339	248	0	94209
18319	297	210	1417	89225	0	91149
18320	388	213	100267	1290	0	102158
18321	316	224	1341	95335	0	97216
18322	211	96813	561	1344	0	98929
18323	107307	1259	339	478	0	109383
18324	1692	399	275	105227	0	107593
18325	601	324	101903	1791	0	104619
18326	362	99149	1801	1464	0	102776
18327	234	1582	559	105336	0	107711
18328	104681	471	394	1762	0	107308
18329	1616	102003	372	604	0	104595
18330	1030	1699	296	107107	0	110132
18331	110510	515	307	1771	0	113103
18332	1780	392	105649	591	0	108412
18333	104964	244	1779	383	0	107370
18334	1936	264	108104	319	0	110623
18335	100705	144	1826	254	0	102929
18336	103697	130	573	271	0	104671
18337	1702	187	101261	196	0	103346
18338	541	96856	1221	207	0	98825
18339	287	1018	422	101275	0	103002
18340	239	339	101984	1068	0	103630
18341	168	175	1195	96757	0	98295
18342	109	146	383	101383	0	102021
18343	203	120	103164	1474	0	104961
18344	231	155	100499	547	0	101432
18345	122	80	1428	102043	0	103673
18346	104865	72	517	1190	0	106644
18347	1175	98654	442	558	0	100829
18348	432	102376	277	369	0	103454
18349	107601	1409	158	203	0	109371
18350	106502	486	181	186	0	107355
18351	1515	253	146	104510	0	106424
18352	559	155	176	105821	0	106711
18353	320	137	161	107866	0	108484
18354	104812	102	179	1766	0	106859
18355	1278	97915	241	720	0	100154
18356	466	100370	213	406	0	101455
18357	302	1536	199	101195	0	103232
18358	206	516	173	101363	0	102258
18359	177	283	148	102561	0	103169
18360	101559	180	169	2089	0	103997
18361	1318	102015	221	939	0	104493
18362	106283	1431	157	478	0	108349
18363	1758	596	102504	369	0	105227
18364	684	104486	1642	341	0	107153
18365	362	2084	588	107364	0	110398
18366	108182	753	328	1883	0	111146
18367	1935	435	106957	742	0	110069
18368	743	365	106592	502	0	108202
18369	450	249	2267	105050	0	108016
18370	336	233	860	109221	0	110650
18371	281	232	460	108097	0	109070
18372	268	254	299	103865	0	104686
18373	278	236	259	102573	0	103346
18374	272	96194	309	2959	0	99734
18375	260	1672	206	100955	0	103093
18376	98309	661	376	2281	0	101627
18377	1690	96771	246	1874	0	100581
18378	98443	1776	267	672	0	101158
18379	2065	778	94614	533	0	97990
18380	889	490	94394	504	0	96277
18381	557	311	2236	94621	0	97725
18382	450	346	122845	2213	0	125854
18383	380	216	3681	121041	0	125318
18384	334	300	1635	125538	0	127807
18385	125724	247	844	5185	0	132000
18386	124089	269	464	2391	0	127213
18387	5075	127978	496	1201	0	134750
18388	2178	136250	399	755	0	139582
18389	1084	5440	344	136342	0	143210
18390	136823	2318	400	4389	0	143930
18391	4320	1149	134554	2045	0	142068
18392	1837	586	4144	136073	0	142640
18393	1033	381	1813	137002	0	140229
18394	655	452	128967	6379	0	136453
18395	453	129177	4485	3153	0	137268
18396	487	4268	1887	135081	0	141723
18397	619	1933	132397	5192	0	140141
18398	446	1048	4538	133474	0	139506
18399	125249	558	2002	5728	0	133537
18400	4217	126357	1179	2714	0	134467
18401	1928	131658	694	1568	0	135848
18402	1072	5907	576	130579	0	138134
18403	125171	2550	533	5031	0	133285
18404	4334	127940	593	2632	0	135499
18405	131308	4672	657	1700	0	138337
18406	5396	2212	127608	1365	0	136581
18407	2481	1249	130402	1390	0	135522
18408	1630	905	6400	117823	0	126758
18409	1097	744	2779	135124	0	139744
18410	127698	846	1402	6842	0	136788
18411	5364	983	770	127274	0	134391
18412	2736	928	122718	6154	0	132536
18413	1638	1070	4773	122109	0	129590
18414	1114	928	2251	130340	0	134633
18415	1036	852	118860	7592	0	128340
18416	114550	865	5102	3991	0	124508
18417	4936	1264	2615	124430	0	133245
18418	118947	757	1532	6210	0	127446
18419	5375	112043	1231	3528	0	122177
18420	111076	4675	1148	2262	0	119161
18421	5236	109014	1027	1968	0	117245
18422	2407	112675	1006	1855	0	117943
18423	1351	5804	866	104470	0	112491
18424	103126	2797	1917	5151	0	112991
18425	105880	1585	644	2761	0	110870
18426	5890	1325	647	102527	0	110389
18427	103466	1167	740	5147	0	110520
18428	103845	950	710	3051	0	108556
18429	6618	951	782	102685	0	111036
18430	98661	952	909	5209	0	105731
18431	5590	98367	965	3177	0	108099
18432	103115	4469	1010	2120	0	110714
18433	5577	2332	96201	1771	0	105881
18434	103092	1304	4268	1986	0	110650
18435	5632	788	2288	102345	0	111053
18436	2973	619	1554	107387	0	112533
18437	1790	684	1135	108490	0	112099
18438	1421	615	1197	108428	0	111661
18439	1347	698	1037	105458	0	108540
18440	1218	93148	1152	7700	0	103218
18441	1465	101674	1010	4179	0	108328
18442	102391	5430	878	2662	0	111361
18443	5400	2807	98213	1952	0	108372
18444	100216	1879	4207	1731	0	108033
18445	5833	1670	98106	1675	0	107284
18446	3314	1362	4755	96845	0	106276
18447	2326	1418	2087	104481	0	110312
18448	100014	1193	1185	6982	0	109374
18449	5979	1162	96158	3813	0	107112
18450	3779	1071	4262	100666	0	109778
18451	2803	978	98597	5917	0	108295
18452	2149	100324	4869	3692	0	111034
18453	2257	4620	2186	105645	0	114708
18454	104703	2331	1364	6091	0	114489
18455	101820	1474	1066	3568	0	107928
18456	107183	1125	1098	2559	0	111965
18457	7622	104124	1095	2222	0	115063
18458	3992	111445	1175	2201	0	118813
18459	96553	6464	1220	2369	0	106606
18460	5320	106614	1110	2966	0	116010
18461	2665	107256	1024	2627	0	113572
18462	2046	6314	98941	2675	0	109976
18463	1566	100899	4368	2417	0	109250
18464	1383	101978	2090	1979	0	107430
18465	1488	6422	1145	99464	0	108519
18466	1483	3384	98586	5277	0	108730
18467	1697	2186	98150	2785	0	104818
18468	95679	1366	5942	2118	0	105105
18469	5615	1075	100859	1653	0	109202
18470	103215	975	5369	1516	0	111075
18471	6037	915	2770	98157	0	107879
18472	3450	99846	1625	5430	0	110351
18473	106594	4499	1188	3041	0	115322
18474	112366	2363	1158	2143	0	118030
18475	6887	1843	1186	107823	0	117739
18476	3663	1120	1213	111289	0	117285
18477	2589	1022	1179	114503	0	119293
18478	109053	999	980	7783	0	118815
18479	108256	998	894	3934	0	114082
18480	110357	1199	714	2442	0	114712
18481	7577	103488	708	2033	0	113806
18482	76786	2513	430	850	0	80579
18483	3247	75142	411	818	0	79618
18484	1613	75713	397	731	0	78454
18485	1964	4542	1115	67999	0	75620
18486	672	69752	249	2105	0	72778
18487	65895	2087	519	878	0	69379
18488	2038	914	187	65426	0	68565
18489	63178	497	194	1908	0	65777
18490	2021	60354	185	1334	0	63894
18491	931	66591	228	504	0	68254
18492	65774	1924	149	364	0	68211
18493	1770	66615	206	375	0	68966
18494	849	1710	186	69786	0	72531
18495	765	754	972	70594	0	73085
18496	69745	400	168	2020	0	72333
18497	1760	290	133	70133	0	72316
18498	829	356	69626	1866	0	72677
18499	494	331	1546	71564	0	73935
18500	73780	313	561	2056	0	76710
18501	2010	74381	342	834	0	77567
18502	80826	2050	230	489	0	83595
18503	80869	828	254	393	0	82344
18504	82107	585	211	406	0	83309
18505	3320	521	79019	325	0	83185
18506	1400	499	76616	799	0	79314
18507	74068	316	2408	262	0	77054
18508	2230	75915	1021	292	0	79458
18509	1012	2082	549	77894	0	81537
18510	616	947	406	77820	0	79789
18511	516	73662	409	2488	0	77075
18512	481	78806	329	1128	0	80744
18513	426	2719	261	79837	0	83243
18514	464	1144	254	81805	0	83667
18515	503	759	77284	2928	0	81474
18516	523	653	74459	1328	0	76963
18517	75669	483	2606	786	0	79544
18518	80846	419	1066	593	0	82924
18519	2929	401	602	79864	0	83796
18520	1383	421	79571	2375	0	83750
18521	918	433	2173	79466	0	82990
18522	79368	417	897	2614	0	83296
18523	2639	521	80150	1184	0	84494
18524	1254	473	2303	81662	0	85692
18525	905	488	81678	2448	0	85519
18526	703	76413	2511	1275	0	80902
18527	757	2184	80864	773	0	84578
18528	565	1552	2425	79885	0	84427
18529	82307	639	1052	2426	0	86424
18530	2299	530	728	83517	0	87074
18531	82738	493	486	2581	0	86298
18532	84137	413	487	1256	0	86293
18533	84122	455	373	909	0	85859
18534	3416	446	78753	693	0	83308
18535	80500	426	2063	708	0	83697
18536	3026	346	1004	81666	0	86042
18537	1557	357	679	83338	0	85931
18538	1230	397	80251	3065	0	84943
18539	892	345	2140	81690	0	85067
18540	82705	341	944	2829	0	86819
18541	2518	79464	691	1603	0	84276
18542	83309	1997	415	1078	0	86799
18543	84337	831	425	824	0	86417
18544	85728	587	333	823	0	87471
18545	3430	433	392	82984	0	87239
18546	1645	462	83895	2601	0	88603
18547	1171	340	2044	85365	0	88920
18548	887	364	1055	88252	0	90558
18549	87046	436	800	3147	0	91429
18550	84003	452	680	1584	0	86719
18551	3390	364	84206	1205	0	89165
18552	1699	479	2030	83810	0	88018
18553	1230	355	85166	2828	0	89579
18554	83932	229	2903	1342	0	88406
18555	3132	94279	1185	994	0	99590
18556	95848	2456	699	1026	0	100029
18557	3216	96893	681	711	0	101501
18558	97916	2937	577	590	0	102020
18559	3372	97878	441	794	0	102485
18560	1415	3085	537	97601	0	102638
18561	1065	1176	470	102223	0	104934
18562	100274	708	508	3844	0	105334
18563	100372	490	384	1715	0	102961
18564	101659	511	348	1138	0	103656
18565	99805	425	440	800	0	101470
18566	100415	361	324	691	0	101791
18567	4792	304	452	95319	0	100867
18568	2287	93967	433	3134	0	99821
18569	1550	2719	490	92005	0	96764
18570	1196	91181	449	3446	0	96272
18571	1075	3058	303	90615	0	95051
18572	1068	90475	330	3497	0	95370
18573	1139	3030	283	90709	0	95161
18574	1087	1248	83895	3429	0	89659
18575	80190	799	2619	1675	0	85283
18576	3132	85245	1136	1275	0	90788
18577	88021	2807	702	855	0	92385
18578	3702	1282	84226	818	0	90028
18579	83583	881	2618	835	0	87917
18580	3758	787	87207	729	0	92481
18581	1777	694	3001	87421	0	92893
18582	1393	91510	1249	3138	0	97290
18583	1126	3163	94082	1453	0	99824
18584	994	1258	3348	95466	0	101066
18585	95485	817	1403	3954	0	101659
18586	3786	559	995	97860	0	103200
18587	1910	527	611	99994	0	103042
18588	1478	543	514	102690	0	105225
18589	1369	540	94878	5175	0	101962
18590	1117	521	3204	94705	0	99547
18591	936	89972	1368	4405	0	96681
18592	874	3304	846	92374	0	97398
18593	813	1484	669	94210	0	97176
18594	89327	969	486	5051	0	95833
18595	3662	874	495	92198	0	97229
18596	1792	640	88225	4578	0	95235
18597	1305	581	88484	2218	0	92588
18598	1138	470	87763	1519	0	90890
18599	927	86397	4322	1290	0	92936
18600	84948	3080	2347	1240	0	91615
18601	3311	83937	1153	843	0	89244
18602	82189	3137	530	585	0	86441
18603	3414	1266	415	82469	0	87564
18604	1580	875	82252	3126	0	87833
18605	1119	698	80255	1416	0	83488
18606	803	83005	3602	1048	0	88458
18607	697	3187	1428	83551	0	88863
18608	639	1282	830	86603	0	89354
18609	575	971	578	89940	0	92064
18610	605	703	84862	4615	0	90785
18611	80535	604	3188	2226	0	86553
18612	3549	565	84851	1452	0	90417
18613	1642	540	3509	82425	0	88116
18614	1245	482	1408	88518	0	91653
18615	1012	609	83340	4550	0	89511
18616	80276	482	3440	2205	0	86403
18617	3483	83808	1577	1626	0	90494
18618	86501	3355	979	1167	0	92002
18619	3901	1467	723	82251	0	88342
18620	1646	84117	675	3678	0	90116
18621	1183	3534	592	87627	0	92936
18622	86145	1462	599	4249	0	92455
18623	3723	1019	639	85810	0	91191
18624	1833	747	81853	4379	0	88812
18625	82655	675	3426	2104	0	88860
18626	86352	625	1448	1675	0	90100
18627	4710	672	81770	1389	0	88541
18628	2149	624	3495	83839	0	90107
18629	86335	579	1609	4129	0	92652
18630	3997	607	1168	83848	0	89620
18631	1856	537	803	84860	0	88056
18632	1342	591	758	85993	0	88684
18633	1082	484	714	86530	0	88810
18634	988	577	79255	5646	0	86466
18635	914	462	3464	82305	0	87145
18636	871	505	78988	4947	0	85311
18637	78930	474	3921	2551	0	85876
18638	82895	574	1746	1958	0	87173
18639	83212	493	1253	1612	0	86570
18640	83089	493	998	1559	0	86139
18641	5130	471	865	80100	0	86566
18642	80392	501	888	4375	0	86156
18643	4531	396	77248	2397	0	84572
18644	2173	447	77442	1767	0	81829
18645	73080	371	4054	1544	0	79049
18646	3569	71959	2080	1502	0	79110
18647	1734	73567	1275	1339	0	77915
18648	1987	3635	1070	72136	0	78828
18649	1056	1508	70283	3670	0	76517
18650	66330	881	3677	2007	0	72895
18651	3588	674	69032	1452	0	74746
18652	1681	65061	3093	1392	0	71227
18653	1339	2548	63631	1248	0	68766
18654	1007	61368	3006	1148	0	66529
18655	52715	2353	1185	816	0	57069
18656	2165	50973	888	757	0	54783
18657	1001	49456	544	684	0	51685
18658	921	2248	514	49033	0	52716
18659	668	1042	47476	2095	0	51281
18660	548	655	1878	46408	0	49489
18661	512	445	965	48864	0	50786
18662	566	391	46502	2631	0	50090
18663	551	342	1963	45172	0	48028
18664	607	45097	1062	2139	0	48905
18665	580	1793	726	47630	0	50729
18666	46784	811	562	2331	0	50488
18667	2000	550	545	47738	0	50833
18668	1072	414	46321	2401	0	50208
18669	756	431	1907	47758	0	50852
18670	630	383	46557	2449	0	50019
18671	46456	408	2077	1260	0	50201
18672	1968	375	1008	48263	0	51614
18673	48388	339	793	2309	0	51829
18674	2255	363	47356	1240	0	51214
18675	45118	302	1955	1009	0	48384
18676	2162	46689	1024	1365	0	51240
18677	1102	1744	47338	812	0	50996
18678	804	1012	1963	46826	0	50605
18679	866	545	47054	2102	0	50567
18680	610	43402	2009	1195	0	47216
18681	559	45624	1012	837	0	48032
18682	38024	1542	479	573	0	40618
18683	1352	40876	423	566	0	43217
18684	41432	1475	397	486	0	43790
18685	1681	584	349	41696	0	44310
18686	740	432	40459	1684	0	43315
18687	512	40697	1457	815	0	43481
18688	474	1372	648	41080	0	43574
18689	428	595	439	42717	0	44179
18690	404	440	346	44478	0	45668
18691	396	321	325	43923	0	44965
18692	385	41464	402	2136	0	44387
18693	324	44522	379	1019	0	46244
18694	41724	1673	341	587	0	44325
18695	1419	42259	334	532	0	44544
18696	552	1534	323	43052	0	45461
18697	421	698	41665	1618	0	44402
18698	342	41910	1438	796	0	44486
18699	505	1451	489	40932	0	43377
18700	242	879	355	40825	0	42301
18701	234	40551	251	1680	0	42716
18702	39063	1342	229	721	0	41355
18703	1265	551	36967	519	0	39302
18704	33970	368	1061	382	0	35781
18705	1204	35546	434	340	0	37524
18706	31631	1039	175	186	0	33031
18707	1002	32964	166	164	0	34296
18708	438	1145	108	34386	0	36077
18709	238	484	112	35667	0	36501
18710	34392	293	110	1425	0	36220
18711	1040	267	101	34869	0	36277
18712	439	240	34175	1254	0	36108
18713	227	33081	954	637	0	34899
18714	187	34303	379	329	0	35198
18715	154	1271	180	34648	0	36253
18716	210	539	34304	1062	0	36115
18717	138	335	886	33518	0	34877
18718	132	240	360	35371	0	36103
18719	162	207	33799	1351	0	35519
18720	157	229	32901	632	0	33919
18721	122	33315	1118	424	0	34979
18722	35173	982	446	309	0	36910
18723	929	483	213	34174	0	35799
18724	388	33358	210	998	0	34954
18725	34871	1019	137	521	0	36548
18726	954	524	141	34076	0	35695
18727	408	324	134	33988	0	34854
18728	203	32627	160	1414	0	34404
18729	162	992	164	33078	0	34396
18730	32212	466	152	1258	0	34088
18731	932	322	154	32747	0	34155
18732	434	263	137	33513	0	34347
18733	255	256	31446	1438	0	33395
18734	223	285	30342	696	0	31546
18735	32308	241	1167	461	0	34177
18736	961	236	471	32992	0	34660
18737	455	195	269	33290	0	34209
18738	280	258	180	34093	0	34811
18739	238	268	32088	1567	0	34161
18740	31892	220	934	814	0	33860
18741	1008	248	396	32838	0	34490
18742	480	256	245	33476	0	34457
18743	31971	227	220	1556	0	33974
18744	1034	31427	217	875	0	33553
18745	533	1030	31168	604	0	33335
18746	287	650	910	30508	0	32355
18747	265	31955	501	1140	0	33861
18748	239	944	288	33521	0	34992
18749	32452	454	259	1292	0	34457
18750	995	314	229	33054	0	34592
18751	32389	267	190	1336	0	34182
18752	32260	227	186	820	0	33493
18753	1270	231	203	30909	0	32613
18754	592	30118	236	1235	0	32181
18755	350	31651	199	802	0	33002
18756	324	1174	30489	571	0	32558
18757	285	564	958	29103	0	30910
18758	222	395	434	31041	0	32092
18759	278	329	278	31774	0	32659
18760	30469	246	246	1620	0	32581
18761	1019	284	190	31067	0	32560
18762	580	257	30844	1418	0	33099
18763	30515	191	888	930	0	32524
18764	1079	216	409	31878	0	33582
18765	563	276	265	33408	0	34512
18766	422	223	31624	1576	0	33845
18767	30510	240	936	911	0	32597
18768	1036	252	445	32743	0	34476
18769	544	241	32155	1432	0	34372
18770	384	215	990	31961	0	33550
18771	335	226	548	28867	0	29976
18772	325	31370	336	1384	0	33415
18773	31995	910	286	881	0	34072
18774	31332	426	250	698	0	32706
18775	1247	30537	236	677	0	32697
18776	31241	959	278	594	0	33072
18777	31870	448	236	559	0	33113
18778	1325	258	184	31089	0	32856
18779	650	188	30069	1296	0	32203
18780	450	200	30630	799	0	32079
18781	354	195	30797	551	0	31897
18782	313	182	31772	566	0	32833
18783	423	744	1161	27282	0	29610
18784	187	154	431	28633	0	29405
18785	221	105	257	28261	0	28844
18786	249	112	146	28334	0	28841
18787	28466	101	172	1168	0	29907
18788	800	27929	194	695	0	29618
18789	30595	632	185	393	0	31805
18790	852	322	29220	313	0	30707
18791	457	214	30481	328	0	31480
18792	312	129	863	30016	0	31320
18793	30856	93	446	882	0	32277
18794	26152	114	344	538	0	27148
18795	942	29024	248	439	0	30653
18796	397	29370	204	287	0	30258
18797	249	609	105	29438	0	30401
18798	29091	303	97	628	0	30119
18799	543	28883	115	398	0	29939
18800	29893	524	91	254	0	30762
18801	29867	290	107	230	0	30494
18802	30351	174	114	198	0	30837
18803	893	144	30953	160	0	32150
18804	473	30406	519	195	0	31593
18805	31197	402	224	131	0	31954
18806	30925	211	169	145	0	31450
18807	694	29080	135	164	0	30073
18808	237	27054	67	85	0	27443
18809	27611	413	39	47	0	28110
18810	426	202	33	27307	0	27968
18811	239	163	26932	315	0	27649
18812	26259	105	265	133	0	26762
18813	376	87	118	28206	0	28787
18814	204	29001	100	316	0	29621
18815	163	342	54	30417	0	30976
18816	169	165	30122	378	0	30834
18817	125	123	313	29667	0	30228
18818	33224	80	135	407	0	33846
18819	402	85	87	32965	0	33539
18820	197	77	56	32825	0	33155
18821	188	68	32902	533	0	33691
18822	136	74	345	30809	0	31364
18823	100	31136	158	473	0	31867
18824	32322	379	117	240	0	33058
18825	30528	158	73	184	0	30943
18826	525	107	31626	375	0	32633
18827	256	96	380	30595	0	31327
18828	175	30682	161	412	0	31430
18829	141	31883	140	199	0	32363
18830	33287	487	88	161	0	34023
18831	440	199	53	33586	0	34278
18832	208	149	33190	476	0	34023
18833	213	113	32341	223	0	32890
18834	102	81	538	32845	0	33566
18835	32697	67	229	527	0	33520
18836	32504	54	173	238	0	32969
18837	577	56	119	33108	0	33860
18838	289	76	34282	525	0	35172
18839	200	32889	458	255	0	33802
18840	34744	424	170	181	0	35519
18841	476	34061	175	145	0	34857
18842	35671	501	105	108	0	36385
18843	560	216	81	35254	0	36111
18844	262	182	35037	499	0	35980
18845	204	131	454	34194	0	34983
18846	34992	90	193	595	0	35870
18847	542	96	35044	277	0	35959
18848	240	33812	522	240	0	34814
18849	204	462	211	35896	0	36773
18850	36095	186	160	563	0	37004
18851	591	161	36044	235	0	37031
18852	265	125	503	36423	0	37316
18853	235	65	234	38101	0	38635
18854	186	114	37616	693	0	38609
18855	175	99	559	36557	0	37390
18856	184	101	37673	684	0	38642
18857	34544	102	609	321	0	35576
18858	575	98	251	38690	0	39614
18859	287	119	42271	622	0	43299
18860	196	40831	655	358	0	42040
18861	44768	569	238	258	0	45833
18862	49417	212	218	205	0	50052
18863	1207	214	175	56675	0	58271
18864	473	59354	204	1361	0	61392
18865	61319	1507	197	489	0	63512
18866	1685	518	122	62394	0	64719
18867	652	397	61963	1695	0	64707
18868	59685	231	1495	663	0	62074
18869	1691	60583	491	565	0	63330
18870	1212	1514	369	62474	0	65569
18871	63389	485	268	1710	0	65852
18872	1779	390	62227	659	0	65055
18873	708	277	63633	483	0	65101
18874	571	241	1905	58219	0	60936
18875	377	229	64240	1621	0	66467
18876	310	149	1933	61463	0	63855
18877	258	61676	856	1643	0	64433
18878	220	1493	595	66410	0	68718
18879	64551	512	388	2018	0	67469
18880	1680	413	63295	816	0	66204
18881	576	64724	1667	727	0	67694
18882	462	1611	551	66440	0	69064
18883	393	622	67263	1819	0	70097
18884	354	498	1672	64029	0	66553
18885	331	65164	722	1814	0	68031
18886	284	69547	557	815	0	71203
18887	66735	1903	311	615	0	69564
18888	1339	68074	371	508	0	70292
18889	500	1822	66961	343	0	69626
18890	61384	673	1513	332	0	63902
18891	1597	558	69391	208	0	71754
18892	637	351	1663	63547	0	66198
18893	501	311	69980	2114	0	72906
18894	327	67758	1760	651	0	70496
18895	325	1573	698	71780	0	74376
18896	214	460	559	72096	0	73329
18897	190	391	411	71148	0	72140
18898	185	306	70876	2200	0	73567
18899	168	296	1549	68661	0	70674
18900	164	226	491	72884	0	73765
18901	69838	242	461	2163	0	72704
18902	68957	173	337	1091	0	70558
18903	1875	212	69467	679	0	72233
18904	744	66097	1651	588	0	69080
18905	580	1482	69785	440	0	72287
18906	413	506	1724	69425	0	72068
18907	422	429	72488	1595	0	74934
18908	277	303	1813	70543	0	72936
18909	189	315	745	74951	0	76200
18910	195	308	73081	2047	0	75631
18911	64988	214	1782	1040	0	68024
18912	1474	72651	711	838	0	75674
18913	501	1427	605	74819	0	77352
18914	483	552	75705	1803	0	78543
18915	315	469	72214	748	0	73746
18916	70126	455	1926	610	0	73117
18917	1504	72934	903	487	0	75828
18918	482	1531	526	75462	0	78001
18919	75371	486	423	1756	0	78036
18920	1586	393	430	76115	0	78524
18921	646	287	308	80530	0	81771
18922	490	335	78746	2224	0	81795
18923	75031	226	1649	1185	0	78091
18924	81241	182	644	811	0	82878
18925	2151	164	535	81243	0	84093
18926	81611	159	399	2029	0	84198
18927	2096	197	469	80621	0	83383
18928	928	75036	458	2117	0	78539
18929	747	79037	387	1157	0	81328
18930	652	1936	300	80943	0	83831
18931	79563	759	268	2009	0	82599
18932	1687	529	238	80469	0	82923
18933	80982	405	207	2248	0	83842
18934	81283	393	265	953	0	82894
18935	2236	255	239	80525	0	83255
18936	1081	235	236	82316	0	83868
18937	776	211	79118	2430	0	82535
18938	619	235	77621	1123	0	79598
18939	522	190	2126	80435	0	83273
18940	417	176	84088	2207	0	86888
18941	80222	229	2170	1098	0	83719
18942	1772	157	962	91938	0	94829
18943	783	589	95142	2299	0	98813
18944	93149	171	2292	1179	0	96791
18945	102321	150	993	868	0	104332
18946	3204	105579	753	620	0	110156
18947	1498	2335	393	109532	0	113758
18948	984	941	109387	2654	0	113966
18949	108879	594	2501	1185	0	113159
18950	115241	337	1038	823	0	117439
18951	3486	404	112101	618	0	116609
18952	113812	300	2614	613	0	117339
18953	3226	256	1167	112569	0	117218
18954	1474	224	682	116833	0	119213
18955	115242	204	508	3459	0	119413
18956	115157	153	487	1641	0	117438
18957	3696	619	399	114396	0	119110
18958	1876	221	112465	3092	0	117654
18959	1054	104884	2533	1648	0	110119
18960	994	2283	108419	934	0	112630
18961	754	941	107118	705	0	109518
18962	930	100452	2933	718	0	105033
18963	861	2028	1320	90212	0	94421
18964	359	692	601	95207	0	96859
18965	439	410	93384	2229	0	96462
18966	393	252	1780	91040	0	93465
18967	93716	204	885	2101	0	96906
18968	1890	252	94947	1089	0	98178
18969	96015	155	1854	790	0	98814
18970	99573	146	1004	563	0	101286
18971	100081	125	679	526	0	101411
18972	3046	184	96310	464	0	100004
18973	1603	258	97936	457	0	100254
18974	1043	204	2325	96249	0	99821
18975	839	262	1251	92316	0	94668
18976	739	96527	770	2075	0	100111
18977	99004	1617	618	1120	0	102359
18978	97743	728	647	783	0	99901
18979	2558	97699	604	737	0	101598
18980	100684	1693	523	669	0	103569
18981	2255	96542	566	737	0	100100
18982	99809	1909	508	586	0	102812
18983	2381	888	488	95780	0	99537
18984	1362	584	96610	2020	0	100576
18985	1000	484	94652	1082	0	97218
18986	786	376	2776	94156	0	98094
18987	674	282	1346	95892	0	98194
18988	712	292	93694	2471	0	97169
18989	631	321	2115	89921	0	92988
18990	645	298	1232	95406	0	97581
18991	92614	260	909	2786	0	96569
18992	93728	275	727	2253	0	96983
18993	92578	252	632	1054	0	94516
18994	2930	288	89653	840	0	93711
18995	1626	86710	1948	814	0	91098
18996	1239	1618	1069	90568	0	94494
18997	1184	854	90904	1843	0	94785
18998	1050	89492	2023	1086	0	93651
18999	95181	1760	1188	769	0	98898
19000	2276	909	876	94050	0	98111
19001	1415	580	712	96216	0	98923
19002	96265	453	706	2620	0	100044
19003	2340	476	645	94508	0	97969
19004	1487	413	599	95819	0	98318
19005	95886	407	582	3011	0	99886
19006	2523	461	93032	1716	0	97732
19007	1543	90813	2067	1235	0	95658
19008	94819	1855	1165	973	0	98812
19009	2503	974	94822	939	0	99238
19010	92284	638	2129	949	0	96000
19011	2540	94746	1396	1202	0	99884
19012	96963	1854	1034	883	0	100734
19013	96818	938	842	920	0	99518
19014	94837	622	781	882	0	97122
19015	3267	477	766	92321	0	96831
19016	1845	1137	755	92391	0	96128
19017	1410	89887	789	2871	0	94957
19018	1277	91057	702	1533	0	94569
19019	1441	94204	633	1177	0	97455
19020	93675	2250	643	915	0	97483
19021	2371	1132	89746	868	0	94117
19022	1427	703	1739	89657	0	93526
19023	1069	553	933	90000	0	92555
19024	921	89357	791	2504	0	93573
19025	935	1841	638	91434	0	94848
19026	910	969	595	90485	0	92959
19027	811	92172	633	2594	0	96210
19028	91397	1921	662	1300	0	95280
19029	2047	93651	609	1133	0	97440
19030	1288	2044	91683	893	0	95908
19031	89922	1294	1715	878	0	93809
19032	2163	92653	925	1058	0	96799
19033	92009	1795	664	788	0	95256
19034	2310	993	557	92669	0	96529
19035	1455	693	563	93108	0	95819
19036	1233	579	92691	2340	0	96843
19037	1173	648	90563	1183	0	93567
19038	945	928	1936	93002	0	96811
19039	91494	501	874	1897	0	94766
19040	86292	464	639	946	0	88341
19041	2260	84473	559	793	0	88085
19042	1018	82094	437	645	0	84194
19043	692	79833	331	521	0	81377
19044	530	2901	387	76634	0	80452
19045	74452	438	1095	1778	0	77763
19046	69876	223	101	329	0	70529
19047	69632	188	78	232	0	70130
19048	1144	242	65274	201	0	66861
19049	406	76315	820	229	0	77770
19050	318	804	241	93669	0	95032
19051	95935	315	157	1018	0	97425
19052	1719	201	150	96856	0	98926
19053	388	173	102	103477	0	104140
19054	102508	135	116	2134	0	104893
19055	112239	133	131	660	0	113163
19056	2847	239	111358	395	0	114839
19057	1123	130	2257	113868	0	117378
19058	586	213	112094	2495	0	115388
19059	386	132	2435	113676	0	116629
19060	416	260	110744	2691	0	114111
19061	280	564	2515	113598	0	116957
19062	107571	152	1016	2833	0	111572
19063	2201	108280	535	1328	0	112344
19064	884	113655	356	704	0	115599
19065	630	3111	276	100144	0	104161
19066	387	113181	212	2132	0	115912
19067	113470	2733	222	998	0	117423
19068	107543	1152	164	496	0	109355
19069	3334	676	103875	380	0	108265
19070	1280	105684	2330	490	0	109784
19071	707	2346	874	110729	0	114656
19072	592	950	107469	2640	0	111651
19073	105693	417	2548	1148	0	109806
19074	2636	296	1032	108570	0	112534
19075	1182	326	107461	2769	0	111738
19076	603	223	2634	109471	0	112931
19077	110095	255	1165	3000	0	114515
19078	2792	258	107166	1436	0	111652
19079	105589	223	2654	821	0	109287
19080	109390	241	1132	592	0	111355
19081	3529	299	552	106033	0	110413
19082	1539	376	105820	2716	0	110451
19083	901	440	104465	1261	0	107067
19084	103298	371	3322	748	0	107739
19085	108614	311	1357	692	0	110974
19086	3755	333	104187	645	0	108920
19087	1672	317	2817	103553	0	108359
19088	1084	292	1279	99729	0	102384
19089	817	104662	806	3337	0	109622
19090	756	2733	610	107106	0	111205
19091	105278	1021	624	3496	0	110419
19092	3118	498	515	106289	0	110420
19093	1496	404	101786	3618	0	107304
19094	98610	324	3016	1786	0	103736
19095	3304	261	1293	102885	0	107743
19096	1665	418	100245	3313	0	105641
19097	1021	98882	3112	1786	0	104801
19098	96165	2761	1470	1243	0	101639
19099	3083	100480	970	1265	0	105798
19100	101295	3022	771	1112	0	106200
19101	3778	1351	96549	1134	0	102812
19102	1845	94130	2962	1098	0	100035
19103	1451	100951	1425	971	0	104798
19104	1230	3630	981	97007	0	102848
19105	1289	1511	914	100933	0	104647
19106	1088	879	97044	4243	0	103254
19107	959	673	3161	99691	0	104484
19108	97277	590	1728	4128	0	103723
19109	3506	571	93376	2349	0	99802
19110	1778	623	3385	95301	0	101087
19111	1419	692	92519	3869	0	98499
19112	89097	831	3498	2187	0	95613
19113	3426	92313	1877	1764	0	99380
19114	93696	3051	1745	1714	0	100206
19115	95608	1522	1115	1693	0	99938
19116	96772	980	1154	1464	0	100370
19117	5045	1002	88462	1517	0	96026
19118	2782	89687	3310	1331	0	97110
19119	2097	3176	1852	89461	0	96586
19120	1732	1641	1471	96509	0	101353
19121	98581	1011	1464	4724	0	105780
19122	4450	891	1426	99910	0	106677
19123	99723	797	1503	4975	0	106998
19124	100402	807	1650	2747	0	105606
19125	101124	787	1340	2264	0	105515
19126	102165	773	1512	1898	0	106348
19127	5858	848	1327	97293	0	105326
19128	98956	913	1236	4620	0	105725
19129	5272	873	92162	2609	0	100916
19130	95110	934	3913	2015	0	101972
19131	98993	930	2110	1600	0	103633
19132	6095	1056	90176	1900	0	99227
19133	94746	1006	3972	1384	0	101108
19134	98576	861	2281	1287	0	103005
19135	5943	816	1602	94067	0	102428
19136	3398	775	1543	97248	0	102964
19137	94820	1254	1564	5202	0	102840
19138	5032	803	1293	95236	0	102364
19139	3010	696	1400	93560	0	98666
19140	2365	89651	1371	5615	0	99002
19141	2319	2949	1210	93544	0	100022
19142	90148	1202	1399	4843	0	97592
19143	4721	833	1155	91475	0	98184
19144	2813	674	1230	90471	0	95188
19145	2261	84712	1360	5335	0	93668
19146	2210	3165	1139	85777	0	92291
19147	2329	1456	1337	87326	0	92448
19148	83616	861	1242	4979	0	90698
19149	4333	608	751	69836	0	75528
19150	1817	421	52883	3646	0	58767
19151	1038	46674	2217	1859	0	51788
19152	907	48196	1086	1118	0	51307
19153	42607	2279	480	707	0	46073
19154	2194	43863	378	733	0	47168
19155	33235	1212	220	395	0	35062
19156	1296	31400	123	784	0	33603
19157	33361	1278	105	324	0	35068
19158	1489	490	73	33358	0	35410
19159	639	307	64	34130	0	35140
19160	417	33038	111	1731	0	35297
19161	344	1266	52	34414	0	36076
19162	320	479	32771	1641	0	35211
19163	31834	277	1140	714	0	33965
19164	1379	34313	385	512	0	36589
19165	33462	1176	164	334	0	35136
19166	33358	429	120	288	0	34195
19167	34353	286	98	241	0	34978
19168	1804	207	97	32716	0	34824
19169	719	181	85	33145	0	34130
19170	476	32469	89	1556	0	34590
19171	32728	1266	53	655	0	34702
19172	1396	32965	72	432	0	34865
19173	33325	1350	61	288	0	35024
19174	1613	528	32288	347	0	34776
19175	35036	269	1207	356	0	36868
19176	1852	226	400	35620	0	38098
19177	863	223	34181	1731	0	36998
19178	592	207	35111	727	0	36637
19179	445	167	1923	34997	0	37532
19180	436	212	34999	1720	0	37367
19181	438	137	1708	35143	0	37426
19182	32844	144	656	1876	0	35520
19183	1796	122	362	33798	0	36078
19184	876	163	31982	1956	0	34977
19185	557	30860	1444	905	0	33766
19186	434	33178	598	617	0	34827
19187	434	1854	344	32340	0	34972
19188	31744	794	181	1608	0	34327
19189	1597	376	148	32673	0	34794
19190	812	244	197	33515	0	34768
19191	618	200	202	34248	0	35268
19192	383	228	182	34704	0	35497
19193	416	225	32748	2333	0	35722
19194	367	194	32646	1198	0	34405
19195	32479	153	1885	761	0	35278
19196	34333	164	847	616	0	35960
19197	2027	156	444	33494	0	36121
19198	989	200	296	34920	0	36405
19199	623	218	32591	2248	0	35680
19200	415	32991	1488	1153	0	36047
19201	33556	1454	663	695	0	36368
19202	34787	686	397	541	0	36411
19203	2053	445	215	34259	0	36972
19204	1023	285	33304	1849	0	36461
19205	565	267	1385	32523	0	34740
19206	441	32920	662	1826	0	35849
19207	424	1479	33319	965	0	36187
19208	33059	664	1478	703	0	35904
19209	1656	426	696	34199	0	36977
19210	34752	260	471	1855	0	37338
19211	1865	258	32406	1045	0	35574
19212	33361	246	1502	762	0	35871
19213	1845	284	727	33865	0	36721
19214	33525	285	487	1811	0	36108
19215	1994	266	343	32543	0	35146
19216	1020	30916	326	1911	0	34173
19217	767	32656	329	1191	0	34943
19218	576	1920	296	33168	0	35960
19219	457	801	29741	1666	0	32665
19220	343	29293	1333	883	0	31852
19221	387	988	433	25537	0	27345
19222	23961	430	269	1336	0	25996
19223	24479	254	184	618	0	25535
19224	1274	158	187	24724	0	26343
19225	703	141	177	24652	0	25673
19226	433	22669	197	1498	0	24797
19227	314	24469	193	755	0	25731
19228	23350	1152	168	515	0	25185
19229	948	581	168	22972	0	24669
19230	537	333	182	23947	0	24999
19231	365	192	22388	1489	0	24434
19232	272	194	928	23034	0	24428
19233	250	180	514	24053	0	24997
19234	286	150	339	24642	0	25417
19235	538	159	23866	1593	0	26156
19236	268	170	917	25017	0	26372
19237	24643	141	521	1399	0	26704
19238	1012	154	23695	810	0	25671
19239	27802	160	956	634	0	29552
19240	1125	181	515	28959	0	30780
19241	614	156	329	29786	0	30885
19242	409	159	218	30726	0	31512
19243	312	136	28062	1697	0	30207
19244	25719	112	1003	950	0	27784
19245	1000	28955	546	645	0	31146
19246	29878	920	342	488	0	31628
19247	1112	29337	217	522	0	31188
19248	567	1023	203	30290	0	32083
19249	30273	443	224	1297	0	32237
19250	1117	292	29108	760	0	31277
19251	28547	163	975	589	0	30274
19252	1280	150	30551	440	0	32421
19253	637	127	1130	30487	0	32381
19254	456	131	30435	1212	0	32234
19255	324	29468	1102	767	0	31661
19256	277	776	457	29665	0	31175
19257	27504	350	320	1392	0	29566
19258	787	238	199	26669	0	27893
19259	478	26297	198	942	0	27915
19260	369	710	158	27769	0	29006
19261	26908	393	163	971	0	28435
19262	26115	230	147	584	0	27076
19263	1072	25158	181	464	0	26875
19264	451	24540	141	248	0	25380
19265	263	636	115	24831	0	25845
19266	287	318	390	25299	0	26294
19267	24417	210	108	755	0	25490
19268	23423	122	103	447	0	24095
19269	671	23422	111	524	0	24728
19270	378	938	96	23084	0	24496
19271	272	247	70	24152	0	24741
19272	185	206	23132	739	0	24262
19273	194	22784	443	498	0	23919
19274	142	23028	199	273	0	23642
19275	73	221	41	20523	0	20858
19276	61	92	19846	222	0	20221
19277	57	58	19648	98	0	19861
19278	53	56	195	19835	0	20139
19279	35	50	235	20295	0	20615
19280	87	46	20230	241	0	20604
19281	35	29	210	19850	0	20124
19282	57	44	20402	250	0	20753
19283	20326	39	225	105	0	20695
19284	282	44	55	21801	0	22182
19285	88	43	22049	349	0	22529
19286	82	48	21814	112	0	22056
19287	54	27	381	23575	0	24037
19288	75	64	26312	501	0	26952
19289	85	70	26461	208	0	26824
19290	47	24564	752	174	0	25537
19291	27298	507	197	84	0	28086
19292	591	137	28717	73	0	29518
19293	125	108	573	27180	0	27986
19294	86	53	184	28761	0	29084
19295	47	62	124	30091	0	30324
19296	67	51	28783	801	0	29702
19297	45	45	618	28303	0	29011
19298	28468	42	182	786	0	29478
19299	600	39	132	27984	0	28755
19300	170	44	27637	769	0	28620
19301	116	35	626	27714	0	28491
19302	28902	30	191	800	0	29923
19303	29153	33	149	285	0	29620
19304	28815	28	104	246	0	29193
19305	800	23	120	28368	0	29311
19306	28634	22	107	712	0	29475
19307	28341	21	85	262	0	28709
19308	28351	25	83	215	0	28674
19309	865	27305	120	165	0	28455
19310	28326	575	89	157	0	29147
19311	800	140	101	28166	0	29207
19312	326	161	27257	671	0	28415
19313	238	27223	629	293	0	28383
19314	27797	624	209	208	0	28838
19315	674	187	166	27953	0	28980
19316	262	151	121	27400	0	27934
19317	192	27295	134	753	0	28374
19318	132	28240	121	350	0	28843
19319	27327	746	103	250	0	28426
19320	662	27369	118	234	0	28383
19321	27201	705	91	180	0	28177
19322	732	26907	95	174	0	27908
19323	26643	733	72	163	0	27611
19324	748	26907	90	198	0	27943
19325	270	28395	91	185	0	28941
19326	28603	760	71	151	0	29585
19327	760	340	26727	138	0	27965
19328	300	27544	586	155	0	28585
19329	257	819	159	28024	0	29259
19330	199	642	159	28655	0	29655
19331	195	215	111	28721	0	29242
19332	194	140	102	29270	0	29706
19333	178	151	27550	922	0	28801
19334	26877	114	633	420	0	28044
19335	716	108	186	28237	0	29247
19336	28779	99	184	799	0	29861
19337	29920	99	130	324	0	30473
19338	30297	123	137	300	0	30857
19339	27381	112	104	220	0	27817
19340	1092	126	25488	224	0	26930
19341	425	95	758	25689	0	26967
19342	346	152	25428	901	0	26827
19343	256	25637	868	314	0	27075
19344	506	830	287	26299	0	27922
19345	179	230	214	26443	0	27066
19346	156	188	160	26742	0	27246
19347	165	134	169	26863	0	27331
19348	165	151	25308	1231	0	26855
19349	172	122	833	26004	0	27131
19350	185	126	255	27597	0	28163
19351	27079	113	231	1251	0	28674
19352	27481	110	164	577	0	28332
19353	1228	98	182	27440	0	28948
19354	517	103	178	28663	0	29461
19355	393	100	178	29451	0	30122
19356	28018	94	152	1538	0	29802
19357	28750	93	189	667	0	29699
19358	27870	111	173	521	0	28675
19359	27755	91	168	464	0	28478
19360	1419	26782	136	422	0	28759
19361	27761	948	134	358	0	29201
19362	28152	284	124	397	0	28957
19363	1466	188	105	27344	0	29103
19364	683	140	103	27900	0	28826
19365	26364	123	123	1402	0	28012
19366	1289	25039	139	636	0	27103
19367	657	26860	82	490	0	28089
19368	27420	1135	76	409	0	29040
19369	1294	438	89	27294	0	29115
19370	619	283	96	28309	0	29307
19371	530	236	66	28689	0	29521
19372	455	214	83	28809	0	29561
19373	430	196	69	28045	0	28740
19374	397	27121	86	1598	0	29202
19375	364	1005	65	27830	0	29264
19376	27557	382	73	1444	0	29456
19377	1192	285	60	27616	0	29153
19378	513	231	84	28515	0	29343
19379	27142	236	67	1544	0	28989
19380	1176	27617	83	804	0	29680
19381	525	1523	92	27301	0	29441
19382	459	27884	82	1262	0	29687
19383	382	1254	34	27669	0	29339
19384	319	424	25064	1214	0	27021
19385	23578	271	1083	732	0	25664
19386	977	24471	249	476	0	26173
19387	22759	723	329	359	0	24170
19388	826	271	21148	338	0	22583
19389	357	160	523	19396	0	20436
19390	270	19508	202	692	0	20672
19391	252	20202	120	379	0	20953
19392	18744	595	75	286	0	19700
19393	586	219	54	18362	0	19221
19394	262	126	18459	691	0	19538
19395	234	119	472	19335	0	20160
19396	225	97	18962	714	0	19998
19397	18144	101	550	380	0	19175
19398	616	96	19132	332	0	20176
19399	280	108	525	18790	0	19703
19400	227	19009	181	669	0	20086
19401	222	540	116	19426	0	20304
19402	212	18825	97	736	0	19870
19403	20612	561	158	397	0	21728
19404	697	242	62	21021	0	22022
19405	329	171	20827	779	0	22106
19406	303	166	20383	392	0	21244
19407	20704	123	641	348	0	21816
19408	22385	127	183	342	0	23037
19409	22058	121	115	289	0	22583
19410	21631	108	106	332	0	22177
19411	843	20884	117	319	0	22163
19412	21828	590	75	314	0	22807
19413	22064	239	87	286	0	22676
19414	968	150	20818	248	0	22184
19415	538	171	547	20526	0	21782
19416	21144	149	451	800	0	22544
19417	799	174	20380	411	0	21764
19418	389	128	572	20816	0	21905
19419	308	149	21224	844	0	22525
19420	300	143	581	20530	0	21554
19421	276	21119	214	785	0	22394
19422	22418	596	154	405	0	23573
19423	771	264	21180	285	0	22500
19424	21097	185	567	301	0	22150
19425	799	154	196	20908	0	22057
19426	22143	125	113	788	0	23169
19427	754	142	104	22043	0	23043
19428	24879	153	106	817	0	25955
19429	769	197	23386	410	0	24762
19430	25548	176	569	311	0	26604
19431	753	144	214	25830	0	26941
19432	358	127	164	26452	0	27101
19433	25725	102	138	922	0	26887
19434	718	126	131	25745	0	26720
19435	364	155	24944	808	0	26271
19436	176	142	427	24409	0	25154
19437	23147	89	211	612	0	24059
19438	516	22281	124	370	0	23291
19439	241	22641	122	250	0	23254
19440	22980	471	112	218	0	23781
19441	537	24709	112	186	0	25544
19442	489	349	68	24285	0	25191
19443	24252	156	586	400	0	25394
19444	24032	94	59	196	0	24381
19445	24203	91	46	145	0	24485
19446	440	71	23601	126	0	24238
19447	218	264	273	23392	0	24147
19448	138	24224	159	321	0	24842
19449	134	369	77	24288	0	24868
19450	133	96	24563	268	0	25060
19451	107	23169	251	138	0	23665
19452	60	168	53	23750	0	24031
19453	23131	35	35	179	0	23380
19454	147	22137	36	73	0	22393
19455	73	157	23497	46	0	23773
19456	50	37	174	23095	0	23356
19457	49	26	24231	218	0	24524
19458	43	42	212	23067	0	23364
19459	25202	22	60	233	0	25517
19460	224	25	41	24930	0	25220
19461	26059	24	39	230	0	26352
19462	26079	26	30	160	0	26295
19463	266	26446	53	63	0	26828
19464	27816	201	28	43	0	28088
19465	273	26513	60	67	0	26913
19466	122	228	26712	49	0	27111
19467	94	89	248	25194	0	25625
19468	77	40	70	29078	0	29265
19469	80	45	28137	352	0	28614
19470	61	26708	321	171	0	27261
19471	29100	275	97	94	0	29566
19472	31385	83	62	75	0	31605
19473	360	73	48	31443	0	31924
19474	157	41	35	31300	0	31533
19475	96	33	51	32474	0	32654
19476	31795	24	43	407	0	32269
19477	330	66	30523	163	0	31082
19478	167	63	31016	93	0	31339
19479	102	45	358	31418	0	31923
19480	105	45	31618	358	0	32126
19481	96	55	31371	168	0	31690
19482	91	51	366	30039	0	30547
19483	120	43	32893	398	0	33454
19484	92	31534	351	221	0	32198
19485	74	297	124	34083	0	34578
19486	110	103	34476	363	0	35052
19487	83	75	339	33420	0	33917
19488	72	32098	151	392	0	32713
19489	82	303	111	34108	0	34604
19490	87	104	34545	399	0	35135
19491	76	88	346	32367	0	32877
19492	33761	57	144	423	0	34385
19493	382	73	33914	160	0	34529
19494	31323	54	322	150	0	31849
19495	365	33483	148	133	0	34129
19496	34945	302	98	103	0	35448
19497	352	133	75	34745	0	35305
19498	124	34109	108	373	0	34714
19499	36171	320	84	161	0	36736
19500	380	122	79	36026	0	36607
19501	159	106	35991	428	0	36684
19502	100	34927	430	221	0	35678
19503	61	323	105	36153	0	36642
19504	35986	121	93	383	0	36583
19505	34826	103	91	146	0	35166
19506	431	49	51	34848	0	35379
19507	203	62	34577	395	0	35237
19508	31462	61	363	196	0	32082
19509	399	57	34519	173	0	35148
19510	158	68	401	33560	0	34187
19511	35280	46	218	386	0	35930
19512	366	33896	281	224	0	34767
19513	35965	328	96	146	0	36535
19514	465	159	34939	101	0	35664
19515	35286	107	365	124	0	35882
19516	444	64	163	36023	0	36694
19517	192	76	112	37651	0	38031
19518	183	70	37311	487	0	38051
19519	132	79	359	36012	0	36582
19520	38072	61	167	476	0	38776
19521	416	80	141	38004	0	38641
19522	210	37418	114	793	0	38535
19523	188	368	87	38835	0	39478
19524	135	37768	127	536	0	38566
19525	174	489	37523	241	0	38427
19526	34487	150	461	219	0	35317
19527	504	108	177	38285	0	39074
19528	201	93	35372	516	0	36182
19529	173	34021	456	266	0	34916
19530	131	445	155	35007	0	35738
19531	105	199	147	35350	0	35801
19532	35573	127	110	608	0	36418
19533	486	94	125	36504	0	37209
19534	37918	63	117	630	0	38728
19535	38107	86	111	268	0	38572
19536	651	37741	124	310	0	38826
19537	39720	594	111	196	0	40621
19538	766	177	84	42933	0	43960
19539	291	143	41694	873	0	43001
19540	41830	84	773	315	0	43002
19541	871	82	195	41059	0	42207
19542	291	110	40345	872	0	41618
19543	38665	103	753	318	0	39839
19544	876	88	216	41680	0	42860
19545	294	42271	228	900	0	43693
19546	301	769	135	42090	0	43295
19547	202	42258	157	912	0	43529
19548	43371	857	146	334	0	44708
19549	924	229	42977	330	0	44460
19550	292	41263	805	301	0	42661
19551	266	738	211	43105	0	44320
19552	251	241	42710	876	0	44078
19553	254	256	40949	361	0	41820
19554	197	40961	930	318	0	42406
19555	196	749	262	40935	0	42142
19556	181	223	213	41400	0	42017
19557	172	210	163	48961	0	49506
19558	49994	116	164	1607	0	51881
19559	1519	199	53990	471	0	56179
19560	379	54697	1829	427	0	57332
19561	304	1900	435	53927	0	56566
19562	215	460	363	58632	0	59670
19563	237	398	55989	2385	0	59009
19564	185	190	1908	56610	0	58893
19565	211	186	55726	2407	0	58530
19566	227	207	55286	672	0	56392
19567	267	171	56262	549	0	57249
19568	222	155	2349	50800	0	53526
19569	182	197	696	54052	0	55127
19570	149	140	461	56985	0	57735
19571	55282	114	304	2465	0	58165
19572	1879	52784	270	809	0	55742
19573	54788	1898	244	583	0	57513
19574	54467	451	201	396	0	55515
19575	55065	355	191	370	0	55981
19576	2443	53609	217	593	0	56862
19577	55531	1999	179	279	0	57988
19578	56021	492	185	308	0	57006
19579	2398	432	197	53589	0	56616
19580	881	233	163	55027	0	56304
19581	547	190	237	57165	0	58139
19582	382	243	52194	2990	0	55809
19583	51248	171	2015	1041	0	54475
19584	2134	203	550	53880	0	56767
19585	52127	127	503	2417	0	55174
19586	2239	52451	321	847	0	55858
19587	613	1982	343	53686	0	56624
19588	499	464	271	55734	0	56968
19589	53317	388	320	2698	0	56723
19590	2140	252	218	53409	0	56019
19591	52895	228	256	2666	0	56045
19592	54284	245	181	845	0	55555
19593	2520	51494	203	790	0	55007
19594	889	54198	225	514	0	55826
19595	678	2444	209	51012	0	54343
19596	406	52604	241	2221	0	55472
19597	443	2519	193	53711	0	56866
19598	356	648	51074	2658	0	54736
19599	384	498	50084	814	0	51780
19600	48084	320	2281	679	0	51364
19601	51223	213	650	480	0	52566
19602	2502	49688	453	517	0	53160
19603	51236	2088	282	474	0	54080
19604	2431	52441	313	488	0	55673
19605	719	2365	270	53231	0	56585
19606	557	594	321	54838	0	56310
19607	466	439	303	54679	0	55887
19608	304	283	323	55586	0	56496
19609	52774	206	341	3083	0	56404
19610	2133	52148	341	1239	0	55861
19611	53246	2113	349	912	0	56620
19612	55977	577	307	696	0	57557
19613	2799	501	52433	583	0	56316
19614	51701	405	1988	541	0	54635
19615	2678	51658	524	514	0	55374
19616	869	2275	398	53554	0	57096
19617	757	717	277	53257	0	55008
19618	553	52336	328	2460	0	55677
19619	54227	2239	346	1030	0	57842
19620	2464	726	51412	746	0	55348
19621	51115	496	2097	684	0	54392
19622	2673	354	51603	660	0	55290
19623	951	268	2326	51847	0	55392
19624	792	318	710	54237	0	56057
19625	584	310	593	55771	0	57258
19626	53515	416	454	3205	0	57590
19627	2434	349	52276	1449	0	56508
19628	53004	351	2132	1213	0	56700
19629	55703	279	944	1046	0	57972
19630	55635	310	685	904	0	57534
19631	56037	248	599	790	0	57674
19632	3030	277	565	53523	0	57395
19633	1256	257	51994	2507	0	56014
19634	891	292	2040	51098	0	54321
19635	765	226	50299	2717	0	54007
19636	714	804	47997	1042	0	50557
19637	693	47702	2046	876	0	51317
19638	671	1883	548	44429	0	47531
19639	660	642	329	47022	0	48653
19640	712	577	221	43820	0	45330
19641	703	366	210	46980	0	48259
19642	45614	329	234	2432	0	48609
19643	46267	237	183	1002	0	47689
19644	2474	228	203	45110	0	48015
19645	1128	184	43199	2323	0	46834
19646	712	201	1603	44622	0	47138
19647	544	191	462	46573	0	47770
19648	543	182	43136	2560	0	46421
19649	545	172	1656	43907	0	46280
19650	44918	212	461	2378	0	47969
19651	45661	245	362	978	0	47246
19652	47077	285	171	830	0	48363
19653	2467	259	166	45404	0	48296
19654	46256	239	150	2200	0	48845
19655	46758	202	235	874	0	48069
19656	2501	178	44494	772	0	47945
19657	791	157	36060	356	0	37364
19658	635	131	37372	308	0	38446
19659	29885	36	441	133	0	30495
19660	438	29525	202	160	0	30325
19661	30669	345	479	119	0	31612
19662	370	33275	77	136	0	33858
19663	141	323	58	33962	0	34484
19664	117	91	43	33944	0	34195
19665	105	48	45	34098	0	34296
19666	120	43	32963	441	0	33567
19667	29889	34	327	194	0	30444
19668	369	28	118	33229	0	33744
19669	144	34	33278	395	0	33851
19670	118	66	30504	143	0	30831
19671	30559	26	357	113	0	31055
19672	331	31418	170	98	0	32017
19673	32691	570	63	75	0	33399
19674	33367	67	31	75	0	33540
19675	293	32287	65	100	0	32745
19676	33211	229	78	64	0	33582
19677	304	82	34355	82	0	34823
19678	132	66	33453	56	0	33707
19679	93	40	34762	52	0	34947
19680	54	19	205	34379	0	34657
19681	67	25	35123	197	0	35412
19682	32586	16	183	78	0	32863
19683	33870	11	59	65	0	34005
19684	241	19	35088	54	0	35402
19685	79	10	175	34046	0	34310
19686	35345	8	72	183	0	35608
19687	202	34725	69	94	0	35090
19688	78	35916	58	58	0	36110
19689	38388	187	28	44	0	38647
19690	228	75	38941	40	0	39284
19691	54	244	453	36047	0	36798
19692	14	9	20	36791	0	36834
19693	9	7	11	37600	0	37627
19694	5	35650	29	87	0	35771
19695	13	70	2	36990	0	37075
19696	38749	14	7	107	0	38877
19697	119	16	7	39327	0	39469
19698	47	38951	34	205	0	39237
19699	42965	187	6	77	0	43235
19700	246	68	5	42402	0	42721
19701	75	42	4	43162	0	43283
19702	44003	27	7	338	0	44375
19703	43329	16	12	124	0	43481
19704	438	10	4	44374	0	44826
19705	45347	3	10	497	0	45857
19706	45478	15	10	165	0	45668
19707	618	45349	39	116	0	46122
19708	47500	490	9	74	0	48073
19709	609	45874	32	79	0	46594
19710	233	558	6	47455	0	48252
19711	165	210	47647	552	0	48574
19712	115	117	499	45890	0	46621
19713	83	64	152	46713	0	47012
19714	58	56	71	48670	0	48855
19715	48053	36	43	826	0	48958
19716	632	46566	68	388	0	47654
19717	50413	586	18	221	0	51238
19718	852	50831	65	163	0	51911
19719	53825	829	22	123	0	54799
19720	53789	279	31	95	0	54194
19721	54262	168	28	112	0	54570
19722	53969	115	36	110	0	54230
19723	1207	126	51741	114	0	53188
19724	482	94	823	51288	0	52687
19725	303	491	205	55627	0	56626
19726	243	110	54338	1288	0	55979
19727	52721	72	1066	418	0	54277
19728	1154	61	271	56305	0	57791
19729	392	105	54668	1339	0	56504
19730	327	122	54014	344	0	54807
19731	203	85	1338	55978	0	57604
19732	280	102	58989	1340	0	60711
19733	186	74	1318	57726	0	59304
19734	185	64	356	59932	0	60537
19735	214	67	58497	1556	0	60334
19736	54013	65	1294	535	0	55907
19737	1323	58	357	59866	0	61604
19738	452	73	60826	1423	0	62774
19739	299	62	1309	61434	0	63104
19740	62431	50	375	1533	0	64389
19741	1410	68	61205	510	0	63193
19742	58606	52	1336	419	0	60413
19743	63575	57	422	322	0	64376
19744	1591	40	318	62769	0	64718
19745	575	58	246	62468	0	63347
19746	447	78	61134	1649	0	63308
19747	311	77	1300	61315	0	63003
19748	299	90	434	60418	0	61241
19749	286	60	317	63493	0	64156
19750	255	104	60500	1848	0	62707
19751	58694	48	1325	754	0	60821
19752	60970	56	853	590	0	62469
19753	62928	80	346	478	0	63832
19754	64496	74	288	389	0	65247
19755	1845	117	256	64173	0	66391
19756	63983	85	208	1589	0	65865
19757	65546	88	251	623	0	66508
19758	60030	132	336	583	0	61081
19759	64614	56	244	471	0	65385
19760	1816	61255	278	543	0	63892
19761	65680	1169	231	437	0	67517
19762	62996	299	237	477	0	64009
19763	2035	62306	276	456	0	65073
19764	64515	1570	238	376	0	66699
19765	2119	410	215	63808	0	66552
19766	888	242	214	65425	0	66769
19767	63778	147	258	2100	0	66283
19768	1984	61493	249	1181	0	64907
19769	856	63020	269	637	0	64782
19770	670	1789	229	65999	0	68687
19771	600	545	65593	1967	0	68705
19772	547	338	1676	63723	0	66284
19773	524	220	524	67818	0	69086
19774	65708	192	388	2380	0	68668
19775	66191	166	308	912	0	67577
19776	2358	179	273	65816	0	68626
19777	1005	182	64668	2177	0	68032
19778	723	154	1781	66505	0	69163
19779	67203	151	570	2293	0	70217
19780	2389	185	68517	942	0	72033
19781	860	68946	2235	796	0	72837
19782	74995	2102	663	651	0	78411
19783	2568	575	439	73989	0	77571
19784	1005	350	364	74471	0	76190
19785	701	255	300	77395	0	78651
19786	659	252	71686	3200	0	75797
19787	63393	187	2284	1420	0	67284
19788	2686	187	68929	929	0	72731
19789	1056	67086	2421	770	0	71333
19790	830	1957	753	69817	0	73357
19791	735	555	483	71998	0	73771
19792	647	344	403	76604	0	77998
19793	607	605	72315	3787	0	77314
19794	594	280	73175	1474	0	75523
19795	551	283	74886	1066	0	76786
19796	540	75486	3227	843	0	80096
19797	533	2726	931	78276	0	82466
19798	77864	687	1420	3120	0	83091
19799	82951	420	482	1078	0	84931
19800	3965	338	83421	1146	0	88870
19801	1360	86666	3209	930	0	92165
19802	1046	3375	85028	659	0	90108
19803	701	89445	3481	704	0	94331
19804	88133	3714	1066	825	0	93738
19805	89265	997	707	489	0	91458
19806	4084	85407	525	554	0	90570
19807	88014	3488	445	521	0	92468
19808	4037	1016	422	85553	0	91028
19809	1333	677	378	89421	0	91809
19810	87384	439	374	4199	0	92396
19811	85749	399	327	1416	0	87891
19812	85671	363	320	968	0	87322
19813	4401	80998	385	815	0	86599
19814	1658	86389	312	781	0	89140
19815	85793	3932	322	632	0	90679
19816	4073	1293	82438	546	0	88350
19817	1463	768	3025	81591	0	86847
19818	79444	572	820	3479	0	84315
19819	3625	74980	661	1606	0	80872
19820	1365	81189	450	876	0	83880
19821	81798	3703	411	623	0	86535
19822	3985	1313	77242	520	0	83060
19823	78370	906	3133	477	0	82886
19824	3997	789	77403	475	0	82664
19825	1413	767	78318	389	0	80887
19826	1143	572	3487	75513	0	80715
19827	994	453	78353	3089	0	82889
19828	76897	425	3219	977	0	81518
19829	81576	445	1153	666	0	83840
19830	81815	595	805	526	0	83741
19831	81219	819	645	542	0	83225
19832	4568	485	613	75568	0	81234
19833	76084	404	518	3444	0	80450
19834	3952	73853	578	1443	0	79826
19835	2110	2933	529	72272	0	77844
19836	1698	74147	474	2835	0	79154
19837	78043	3188	490	985	0	82706
19838	77118	1443	459	787	0	79807
19839	4067	1142	480	74505	0	80194
19840	77110	644	502	3167	0	81423
19841	77606	551	852	1175	0	80184
19842	4219	617	461	74782	0	80079
19843	2361	607	498	76067	0	79533
19844	1517	931	496	77989	0	80933
19845	1420	893	72452	4091	0	78856
19846	1595	616	71141	1639	0	74991
19847	1302	594	74336	1119	0	77351
19848	1588	471	3873	72975	0	78907
19849	1192	501	76032	3514	0	81239
19850	1156	492	4005	74057	0	79710
19851	1260	474	80471	4144	0	86349
19852	1240	541	79269	1588	0	82638
19853	74811	506	3974	1274	0	80565
19854	4026	75024	1594	1176	0	81820
19855	77968	3147	1151	931	0	83197
19856	4314	1104	974	75753	0	82145
19857	1901	803	884	77788	0	81376
19858	1810	801	74317	4075	0	81003
19859	1293	74542	3130	1873	0	80838
19860	1224	3273	1131	77445	0	83073
19861	1192	1529	74674	3609	0	81004
19862	1485	72384	3133	1670	0	78672
19863	1367	2943	1217	74186	0	79713
19864	72955	1083	1008	3527	0	78573
19865	75216	842	832	1315	0	78205
19866	4114	700	775	73713	0	79302
19867	73958	630	742	3857	0	79187
19868	3654	73072	915	1849	0	79490
19869	1640	3010	841	76453	0	81944
19870	1485	1120	74108	3315	0	80028
19871	1353	820	3474	74808	0	80455
19872	1281	686	75763	3751	0	81481
19873	73067	688	3347	1892	0	78994
19874	3736	551	1536	76325	0	82148
19875	1770	77000	996	3776	0	83542
19876	1421	3199	1082	82010	0	87712
19877	1456	1041	80058	3671	0	86226
19878	1585	1035	80171	1644	0	84435
19879	1409	1053	79130	1298	0	82890
19880	73167	632	3145	1479	0	78423
19881	2798	72957	1324	1408	0	78487
19882	1203	2479	1049	72766	0	77497
19883	73741	917	1223	2741	0	78622
19884	2784	72288	907	1313	0	77292
19885	76944	2569	799	1468	0	81780
19886	78516	1012	1035	974	0	81537
19887	81392	1121	707	901	0	84121
19888	82913	585	806	1129	0	85433
19889	4062	505	78008	814	0	83389
19890	77741	435	2606	791	0	81573
19891	3398	466	77423	1064	0	82351
19892	69574	410	2367	719	0	73070
19893	2642	612	1169	75365	0	79788
19894	1369	345	72923	2400	0	77037
19895	1151	71322	2458	1077	0	76008
19896	1054	3644	1106	67699	0	73503
19897	1015	69366	1029	1550	0	72960
19898	1195	71529	571	973	0	74268
19899	63362	1358	338	781	0	65839
19900	1147	727	60200	455	0	62529
19901	402	56415	720	564	0	58101
19902	58039	556	651	147	0	59393
19903	559	60196	689	153	0	61597
19904	63742	490	102	73	0	64407
19905	548	216	110	62150	0	63024
19906	63774	121	98	456	0	64449
19907	556	97	82	62256	0	62991
19908	64626	88	104	518	0	65336
19909	542	107	84	64003	0	64736
19910	226	67157	135	549	0	68067
19911	178	460	82	71968	0	72688
19912	71635	219	95	520	0	72469
19913	502	71766	106	262	0	72636
19914	226	481	75	73900	0	74682
19915	75211	205	99	507	0	76022
19916	553	179	61	74831	0	75624
19917	247	126	66	74608	0	75047
19918	252	118	74938	653	0	75961
19919	216	155	72958	307	0	73636
19920	176	94	535	71740	0	72545
19921	188	421	78358	589	0	79556
19922	144	121	508	77085	0	77858
19923	164	112	216	73470	0	73962
19924	125	116	151	78772	0	79164
19925	160	131	79345	735	0	80371
19926	161	102	493	75299	0	76055
19927	153	112	170	78833	0	79268
19928	121	78322	167	709	0	79319
19929	131	493	113	82042	0	82779
19930	81332	173	121	648	0	82274
19931	516	145	105	80927	0	81693
19932	265	112	91436	709	0	92522
19933	83312	92	1183	378	0	84965
19934	1189	95212	579	1038	0	98018
19935	596	1410	366	99721	0	102093
19936	481	649	97536	1573	0	100239
19937	91680	446	1456	793	0	94375
19938	1527	97463	729	662	0	100381
19939	102450	1544	470	360	0	104824
19940	1847	654	274	101354	0	104129
19941	101704	446	223	1650	0	104023
19942	2073	343	100489	750	0	103655
19943	907	96443	1515	641	0	99506
19944	609	104463	702	419	0	106193
19945	109644	1842	421	242	0	112149
19946	108546	860	780	275	0	110461
19947	2141	574	107560	184	0	110459
19948	102370	315	1398	164	0	104247
19949	107357	232	642	171	0	108402
19950	112115	183	442	155	0	112895
19951	2322	104472	299	199	0	107292
19952	1168	107118	216	207	0	108709
19953	109829	1834	163	137	0	111963
19954	110987	917	129	149	0	112182
19955	2073	111759	143	187	0	114162
19956	1049	1583	106	114597	0	117335
19957	748	808	113993	1409	0	116958
19958	110273	517	1366	670	0	112826
19959	113267	342	711	487	0	114807
19960	119942	255	468	272	0	120937
19961	2154	113883	358	1194	0	117589
19962	1187	1537	116473	217	0	119414
19963	122126	634	1397	205	0	124362
19964	1814	516	651	125632	0	128613
19965	928	306	429	124168	0	125831
19966	695	284	254	129276	0	130509
19967	573	272	125644	2308	0	128797
19968	412	201	1378	122153	0	124144
19969	469	262	126095	2055	0	128881
19970	251	121271	1631	1199	0	124352
19971	123191	1332	643	605	0	125771
19972	1228	120542	531	422	0	122723
19973	913	122558	304	344	0	124119
19974	124774	1764	195	192	0	126925
19975	1354	123341	267	239	0	125201
19976	799	1651	95	122991	0	125536
19977	609	118883	148	1131	0	120771
19978	121377	1643	79	466	0	123565
19979	1409	120365	138	484	0	122396
19980	810	1756	90	124401	0	127057
19981	641	973	121144	1464	0	124222
19982	365	641	1308	122194	0	124508
19983	340	120330	775	1798	0	123243
19984	297	1938	438	127635	0	130308
19985	237	885	304	126011	0	127437
19986	294	514	242	125579	0	126629
19987	293	313	248	126279	0	127133
19988	301	318	156	127767	0	128542
19989	298	304	181	129886	0	130669
19990	347	328	123404	3143	0	127222
19991	116108	278	1795	1786	0	119967
19992	1872	235	870	134378	0	137355
19993	1043	312	131440	2716	0	135511
19994	755	449	129990	1484	0	132678
19995	487	342	2990	134448	0	138267
19996	139100	262	1621	2746	0	143729
19997	2541	422	132441	1462	0	136866
19998	131183	293	2757	1219	0	135452
19999	3115	398	139178	714	0	143405
20000	1654	383	3059	136830	0	141926
20001	1253	437	1498	143784	0	146972
20002	1102	465	139624	3924	0	145115
20003	126686	412	2916	1895	0	131909
20004	2904	374	1447	137178	0	141903
20005	1550	437	135698	3048	0	140733
20006	1285	418	134184	1770	0	137657
20007	976	644	3605	127813	0	133038
20008	838	130452	2164	3190	0	136644
20009	138763	2389	1327	1415	0	143894
20010	132641	1155	1034	1185	0	136015
20011	3791	924	136008	799	0	141522
20012	2047	1013	2949	129294	0	135303
20013	135321	592	1904	3050	0	140867
20014	3415	524	133358	1705	0	139002
20015	128043	351	3011	1320	0	132725
20016	3557	127862	1822	1180	0	134421
20017	1887	2448	1330	136122	0	141787
20018	1483	1145	1057	138152	0	141837
20019	138865	789	910	3953	0	144517
20020	3379	579	901	139137	0	143996
20021	1885	540	746	137313	0	140484
20022	1285	513	691	139943	0	142432
20023	135643	356	749	5085	0	141833
20024	3339	424	131864	2892	0	138519
20025	129833	324	2882	2186	0	135225
20026	133452	324	1473	1824	0	137073
20027	135430	358	1257	1468	0	138513
20028	4671	384	871	131170	0	137096
20029	2673	458	131527	3526	0	138184
20030	1841	125079	3505	2073	0	132498
20031	1596	130978	1686	1665	0	135925
20032	1122	125059	973	1599	0	128753
20033	1110	3411	124356	1023	0	129900
20034	695	1312	2734	151830	0	156571
20035	158905	787	1327	4851	0	165870
20036	172374	621	839	2447	0	176281
20037	6582	571	620	179522	0	187295
20038	3084	551	176907	6674	0	187216
20039	1969	493	177816	2856	0	183134
20040	1249	294	6992	179848	0	188383
20041	1240	360	179502	6613	0	187715
20042	975	1235	6620	178188	0	187018
20043	877	319	3067	175080	0	179343
20044	938	176172	2259	8386	0	187755
20045	1089	5328	1459	181066	0	188942
20046	908	2034	1177	190252	0	194371
20047	181060	1246	1373	8891	0	192570
20048	6078	720	1261	183987	0	192046
20049	2568	589	1135	187625	0	191917
20050	175681	563	1176	9337	0	186757
20051	6218	172312	1154	5188	0	184872
20052	178968	5493	1023	3484	0	188968
20053	7463	2482	171025	2493	0	183463
20054	172497	1494	6010	2507	0	182508
20055	176290	919	2806	2335	0	182350
20056	9166	827	167948	2019	0	179960
20057	4601	775	167384	2148	0	174908
20058	3309	588	8208	163316	0	175421
20059	167313	449	4224	7168	0	179154
20060	7501	722	162545	3775	0	174543
20061	3945	835	7470	163446	0	175696
20062	2772	583	162122	7601	0	173078
20063	2246	511	8190	157778	0	168725
20064	1953	432	4048	165781	0	172214
20065	160537	579	3052	9728	0	173896
20066	163011	614	2260	5707	0	171592
20067	167923	718	1757	4539	0	174937
20068	10045	785	160171	3504	0	174505
20069	5051	745	159600	3626	0	169022
20070	3561	673	8258	158175	0	170667
20071	3024	682	4478	161305	0	169489
20072	2546	725	2950	168803	0	175024
20073	156887	709	2316	10511	0	170423
20074	7647	155806	2272	6251	0	171976
20075	154363	6004	2045	4005	0	166417
20076	155488	2623	2034	3120	0	163265
20077	9672	152382	2237	3006	0	167297
20078	5453	158601	2199	2830	0	169083
20079	152890	7386	2139	2908	0	165323
20080	7620	3398	2053	149112	0	162183
20081	4586	150002	1947	8503	0	165038
20082	4493	6337	1599	155620	0	168049
20083	3940	3154	147682	9281	0	164057
20084	3471	2058	6893	152203	0	164625
20085	151077	1491	4540	9847	0	166955
20086	8011	1373	146983	5980	0	162347
20087	4455	1354	146758	5222	0	157789
20088	3859	2948	9491	130999	0	147297
20089	3199	134643	5603	8493	0	151938
20090	2993	141249	3716	5902	0	153860
20091	2835	147283	2816	5408	0	158342
20092	140242	7942	2390	5187	0	155761
20093	140998	3549	1953	4867	0	151367
20094	135516	2139	1942	4706	0	144303
20095	9072	132052	1890	5098	0	148112
20096	136687	5561	1860	4424	0	148532
20097	136590	2948	1751	3888	0	145177
20098	9928	2949	127089	3385	0	143351
20099	6514	125108	6264	2764	0	140650
20100	5272	6377	3790	127324	0	142763
20101	128431	3547	3187	6900	0	142065
20102	8859	2614	122685	4301	0	138459
20103	5396	1582	7310	120394	0	134682
20104	4122	123162	4746	8310	0	140340
20105	3812	5647	3848	125159	0	138466
20106	4211	2647	3289	130370	0	140517
20107	125301	1912	3424	10234	0	140871
20108	127496	1881	3191	6494	0	139062
20109	8657	1731	3085	126324	0	139797
20110	5299	1992	120694	9013	0	136998
20111	4575	1902	117155	5994	0	129626
20112	119105	1976	7315	5192	0	133588
20113	9443	2182	116288	3798	0	131711
20114	6431	2165	7123	106259	0	121978
20115	5597	113072	4510	6530	0	129709
20116	116193	5544	3902	4187	0	129826
20117	8493	114117	3594	3996	0	130200
20118	119041	6205	3115	4279	0	132640
20119	8731	3094	2983	116652	0	131460
20120	5650	2688	2671	120101	0	131110
20121	117495	2509	2553	8889	0	131446
20122	119813	2444	2381	5042	0	129680
20123	10262	2675	2245	116098	0	131280
20124	6654	2936	2038	119269	0	130897
20125	5398	2986	110795	8532	0	127711
20126	4391	2843	111319	5333	0	123886
20127	113137	2610	7124	4704	0	127575
20128	7818	2506	106534	4542	0	121400
20129	109788	1999	6293	4812	0	122892
20130	114159	1538	3846	4659	0	124202
20131	9378	1558	105597	4238	0	120771
20132	5990	98731	6054	4065	0	114840
20133	5058	103666	4504	2929	0	116157
20134	2645	2698	71042	1570	0	77955
20135	4636	8582	4226	52714	0	70158
20136	46492	2137	2970	3302	0	54901
20137	44889	331	252	537	0	46009
20138	51641	272	171	544	0	52628
20139	65899	233	172	495	0	66799
20140	68614	196	195	487	0	69492
20141	3380	68351	302	426	0	72459
20142	68562	2809	237	343	0	71951
20143	3189	68310	359	299	0	72157
20144	66774	2840	173	819	0	70606
20145	3046	830	62364	117	0	66357
20146	945	280	2338	62382	0	65945
20147	609	194	598	60194	0	61595
20148	367	61239	299	2764	0	64669
20149	63431	2645	128	781	0	66985
20150	65475	854	74	304	0	66707
20151	3399	438	78	62227	0	66142
20152	1100	214	163	66462	0	67939
20153	63637	137	171	3413	0	67358
20154	2775	116	108	64487	0	67486
20155	866	200	78	67190	0	68334
20156	64466	200	74	3522	0	68262
20157	2983	157	41	64800	0	67981
20158	64602	112	61	3192	0	67967
20159	66148	95	73	1137	0	67453
20160	3662	107	61560	605	0	65934
20161	63410	94	2424	489	0	66417
20162	63904	83	630	451	0	65068
20163	64437	98	261	390	0	65186
20164	3824	125	58251	383	0	62583
20165	1423	101	2503	57102	0	61129
20166	863	90	684	60688	0	62325
20167	654	94	56558	3412	0	60718
20168	56201	93	2669	1056	0	60019
20169	3069	85	761	57149	0	61064
20170	1239	106	55216	2903	0	59464
20171	774	102	57451	937	0	59264
20172	523	66	3206	57044	0	60839
20173	496	113	57016	3141	0	60766
20174	419	102	2908	57197	0	60626
20175	498	82	952	60400	0	61932
20176	557	131	55225	3735	0	59648
20177	470	151	2731	52580	0	55932
20178	428	53269	1022	2899	0	57618
20179	405	57545	583	1128	0	59661
20180	55300	3317	476	637	0	59730
20181	55642	975	404	568	0	57589
20182	3309	54663	319	660	0	58951
20183	55822	2811	326	561	0	59520
20184	57180	874	311	545	0	58910
20185	3794	506	280	54513	0	59093
20186	1457	509	232	57859	0	60057
20187	53919	454	205	3672	0	58250
20188	3348	52763	213	1321	0	57645
20189	1461	55253	235	747	0	57696
20190	1100	3532	233	53409	0	58274
20191	976	1148	51406	3150	0	56680
20192	51263	559	2660	1339	0	55821
20193	54008	386	818	1012	0	56224
20194	51768	377	415	810	0	53370
20195	4010	50920	293	676	0	55899
20196	1822	3111	263	48883	0	54079
20197	1259	1106	261	54081	0	56707
20198	51160	613	371	3942	0	56086
20199	3633	50513	366	1606	0	56118
20200	1833	3009	344	50766	0	55952
20201	1629	1013	296	53287	0	56225
20202	1465	734	261	54010	0	56470
20203	50565	635	316	4400	0	55916
20204	3937	50169	329	1974	0	56409
20205	2008	3641	356	47343	0	53348
20206	1598	50626	427	3359	0	56010
20207	51480	3487	479	1598	0	57044
20208	4152	1260	48999	1412	0	55823
20209	50417	688	3037	1482	0	55624
20210	4092	579	48381	1468	0	54520
20211	1909	598	3041	48932	0	54480
20212	48889	563	1077	3818	0	54347
20213	3928	581	48065	1887	0	54461
20214	50396	404	2898	1486	0	55184
20215	52742	324	1162	1451	0	55679
20216	53064	271	815	1711	0	55861
20217	4598	261	764	49356	0	54979
20218	2138	279	693	51237	0	54347
20219	1648	230	656	52632	0	55166
20220	47926	209	636	4712	0	53483
20221	3807	47742	700	2162	0	54411
20222	50124	2689	738	1404	0	54955
20223	52064	861	673	1076	0	54674
20224	4633	517	46656	1067	0	52873
20225	49255	414	2974	1077	0	53720
20226	51696	329	1163	1157	0	54345
20227	4415	339	876	49077	0	54707
20228	2061	444	823	51049	0	54377
20229	1446	437	765	52193	0	54841
20230	48481	384	780	4352	0	53997
20231	49290	361	800	2006	0	52457
20232	46943	314	814	1316	0	49387
20233	3927	43678	780	1186	0	49571
20234	1455	43452	720	1081	0	46708
20235	836	44981	699	1199	0	47715
20236	43356	3303	990	1301	0	48950
20237	3148	1089	42108	1226	0	47571
20238	1165	512	35261	976	0	37914
20239	17830	110	950	310	0	19200
20240	611	81	16564	167	0	17423
20241	48	21	279	11231	0	11579
20242	35	11344	37	135	0	11551
20243	12577	135	14	37	0	12763
20244	12910	26	11	23	0	12970
20245	13357	10	12	26	0	13405
20246	169	13	5	14169	0	14356
20247	53	21	14376	134	0	14584
20248	42	37	13659	25	0	13763
20249	14025	17	139	17	0	14198
20250	14739	18	23	12	0	14792
20251	14706	14	13	22	0	14755
20252	154	13	22	14617	0	14806
20253	59	6	16	14876	0	14957
20254	39	13	14453	160	0	14665
20255	14090	15	137	37	0	14279
20256	167	9	28	15091	0	15295
20257	44	15	13	14865	0	14937
20258	33	9	11	14839	0	14892
20259	37	14417	23	152	0	14629
20260	47	127	12	15060	0	15246
20261	34	28	15	15065	0	15142
20262	15019	8	18	173	0	15218
20263	161	16	14558	51	0	14786
20264	14114	11	135	35	0	14295
20265	15069	12	29	39	0	15149
20266	177	13	10	14897	0	15097
20267	65	13	12	14944	0	15034
20268	14980	14	19	177	0	15190
20269	170	20	14442	48	0	14680
20270	57	14060	151	36	0	14304
20271	37	132	34	14880	0	15083
20272	15055	23	18	159	0	15255
20273	168	15	13	14495	0	14691
20274	58	17	14203	166	0	14444
20275	37	26	13276	51	0	13390
20276	13663	14	126	28	0	13831
20277	134	9	37	14881	0	15061
20278	60	7	14698	122	0	14887
20279	14814	6	93	36	0	14949
20280	16204	6	24	37	0	16271
20281	131	12	14	15839	0	15996
20282	42	10	15	16008	0	16075
20283	31	15250	32	124	0	15437
20284	17107	91	16	40	0	17254
20285	127	30	12	16903	0	17072
20286	43	10	17	17323	0	17393
20287	35	20	17124	130	0	17309
20288	15574	17	112	53	0	15756
20289	17252	10	26	30	0	17318
20290	125	16230	45	47	0	16447
20291	48	83	16549	25	0	16705
20292	44	22	16646	25	0	16737
20293	23	13	89	16476	0	16601
20294	18039	1	26	102	0	18168
20295	103	7	13	18318	0	18441
20296	19202	5	5	103	0	19315
20297	19064	13	12	40	0	19129
20298	19220	17	8	27	0	19272
20299	108	14	18	19212	0	19352
20300	35	16	16	19265	0	19332
20301	20195	3	12	117	0	20327
20302	106	8	20167	26	0	20307
20303	18086	6	31	11	0	18134
20304	18726	7	4	11	0	18748
20305	36	8	19884	15	0	19943
20306	23	9	19209	11	0	19252
20307	12	18668	73	29	0	18782
20308	212	34	13	20016	0	20275
20309	17506	49	206	58	0	17819
20310	25	5	4	19785	0	19819
20311	16	10	19540	26	0	19592
20312	5	18086	44	36	0	18171
20313	6	18648	20	27	0	18701
20314	9	26	9	20349	0	20393
20315	4	9	7	19743	0	19763
20316	9	18943	17	45	0	19014
20317	12	54	19160	12	0	19238
20318	17653	13	38	21	0	17725
20319	20586	8	10	8	0	20612
20320	47	19825	26	10	0	19908
20321	20284	34	1	8	0	20327
20322	39	13	3	19783	0	19838
20323	19769	3	8	41	0	19821
20324	48	6	5	19062	0	19121
20325	20	18987	12	55	0	19074
20326	22	49	18751	18	0	18840
20327	15	12	40	19905	0	19972
20328	15	18	17	19454	0	19504
20329	11	5	4	21200	0	21220
20330	21821	4	3	86	0	21914
20331	103	6	3	21917	0	22029
20332	49	13	24240	107	0	24409
20333	30	49	23950	48	0	24077
20334	24580	5	317	37	0	24939
20335	163	30	24906	27	0	25126
20336	24292	3	169	22	0	24486
20337	168	9	39	27287	0	27503
20338	233	11	31	27924	0	28199
20339	40	2	29	30747	0	30818
20340	30	8	26	31466	0	31530
20341	30843	4	31	571	0	31449
20342	466	35	30297	179	0	30977
20343	114	14	429	29957	0	30514
20344	54	30347	134	488	0	31023
20345	30680	471	53	151	0	31355
20346	509	103	39	29967	0	30618
20347	29799	46	44	553	0	30442
20348	582	50	28904	155	0	29691
20349	166	44	497	27335	0	28042
20350	90	28202	149	511	0	28952
20351	29166	478	64	160	0	29868
20352	583	128	28503	115	0	29329
20353	158	68	522	28124	0	28872
20354	93	30	132	29365	0	29620
20355	28742	33	83	668	0	29526
20356	580	41	28751	222	0	29594
20357	177	47	28870	160	0	29254
20358	124	31	628	28700	0	29483
20359	123	24	29692	600	0	30439
20360	101	41	29804	213	0	30159
20361	85	33	689	28838	0	29645
20362	100	47	242	28724	0	29113
20363	90	24	160	31125	0	31399
20364	30612	26	137	768	0	31543
20365	604	30464	119	316	0	31503
20366	31230	540	118	220	0	32108
20367	678	144	97	30961	0	31880
20368	209	31166	103	686	0	32164
20369	152	562	83	33257	0	34054
20370	33554	154	94	820	0	34622
20371	786	35221	115	355	0	36477
20372	268	827	94	36610	0	37799
20373	194	248	36263	1000	0	37705
20374	35371	140	893	399	0	36803
20375	924	109	273	36815	0	38121
20376	327	99	171	37953	0	38550
20377	265	85	35780	1261	0	37391
20378	208	94	35437	500	0	36239
20379	34392	88	1119	348	0	35947
20380	993	34581	438	323	0	36335
20381	359	927	251	35482	0	37019
20382	35683	288	217	1073	0	37261
20383	1058	170	35356	461	0	37045
20384	381	34924	1007	357	0	36669
20385	247	947	349	35946	0	37489
20386	35890	291	251	1160	0	37592
20387	35697	187	228	460	0	36572
20388	36181	127	222	371	0	36901
20389	1261	34840	204	371	0	36676
20390	524	946	34414	300	0	36184
20391	357	300	981	35276	0	36914
20392	310	234	362	34653	0	35559
20393	274	137	252	35987	0	36650
20394	207	159	243	36918	0	37527
20395	35304	128	221	1528	0	37181
20396	35067	125	199	723	0	36114
20397	1310	126	33756	505	0	35697
20398	554	122	33355	456	0	34487
20399	32629	102	1226	436	0	34393
20400	33809	113	506	373	0	34801
20401	1351	119	395	31804	0	33669
20402	592	32983	312	1119	0	35006
20403	32793	971	271	535	0	34570
20404	1154	32219	276	465	0	34114
20405	508	32853	227	456	0	34044
20406	540	1370	188	33351	0	35449
20407	305	430	175	34613	0	35523
20408	309	267	212	34580	0	35368
20409	321	207	228	34764	0	35520
20410	314	241	32567	1522	0	34644
20411	32404	188	991	707	0	34290
20412	34103	198	364	540	0	35205
20413	1386	188	261	31786	0	33621
20414	580	154	269	32276	0	33279
20415	31837	183	231	1419	0	33670
20416	1216	182	29793	674	0	31865
20417	31079	142	957	497	0	32675
20418	32055	179	388	429	0	33051
20419	1376	166	29946	409	0	31897
20420	32490	139	1008	386	0	34023
20421	1371	117	439	32856	0	34783
20422	557	126	301	33540	0	34524
20423	484	106	261	34010	0	34861
20424	374	117	278	34417	0	35186
20425	32815	132	257	1484	0	34688
20426	1166	150	246	32986	0	34548
20427	443	109	162	31150	0	31864
20428	327	28808	187	1379	0	30701
20429	274	30307	154	672	0	31407
20430	277	1101	120	30124	0	31622
20431	29649	337	115	1166	0	31267
20432	995	189	99	27088	0	28371
20433	371	146	24697	1065	0	26279
20434	270	135	23601	446	0	24452
20435	23620	76	938	355	0	24989
20436	938	24010	340	283	0	25571
20437	22049	661	370	229	0	23309
20438	949	234	22543	187	0	23913
20439	616	802	537	19746	0	21701
20440	20284	80	199	574	0	21137
20441	590	19623	163	264	0	20640
20442	19837	445	106	193	0	20581
20443	606	164	21850	153	0	22773
20444	254	92	416	21661	0	22423
20445	167	61	180	22386	0	22794
20446	22324	87	125	591	0	23127
20447	22198	59	110	277	0	22644
20448	23766	63	80	179	0	24088
20449	23522	71	46	176	0	23815
20450	23944	63	45	163	0	24215
20451	643	22228	89	148	0	23108
20452	320	419	64	23764	0	24567
20453	24378	159	54	490	0	25081
20454	555	100	39	24055	0	24749
20455	296	57	37	24500	0	24890
20456	222	61	50	24064	0	24397
20457	165	22984	60	658	0	23867
20458	23889	415	64	297	0	24665
20459	461	156	66	23335	0	24018
20460	22958	88	73	586	0	23705
20461	22721	50	38	304	0	23113
20462	591	23270	51	250	0	24162
20463	24653	390	56	165	0	25264
20464	588	160	23733	131	0	24612
20465	23859	80	390	94	0	24423
20466	532	507	430	22968	0	24437
20467	220	91	24404	400	0	25115
20468	205	23616	404	245	0	24470
20469	207	313	23519	136	0	24175
20470	96	21421	199	82	0	21798
20471	21737	107	38	191	0	22073
20472	21710	41	18	25	0	21794
20473	21075	25	14	23	0	21137
20474	108	20744	28	29	0	20909
20475	21460	52	10	16	0	21538
20476	73	44	20423	13	0	20553
20477	31	47	20633	142	0	20853
20478	24	14	42	20074	0	20154
20479	14	184	54	21782	0	22034
20480	11	21043	23	55	0	21132
20481	22650	20	5	18	0	22693
20482	30	8	7	22498	0	22543
20483	11	21478	34	39	0	21562
20484	18	33	4	23603	0	23658
20485	23526	10	9	42	0	23587
20486	22520	11	4	22	0	22557
20487	60	24	21605	16	0	21705
20488	23	10	34	21537	0	21604
20489	30	26	22068	38	0	22162
20490	13	7	35	22433	0	22488
20491	36	20	23269	58	0	23383
20492	12	5	51	22924	0	22992
20493	21	16	23292	72	0	23401
20494	18	8	58	22359	0	22443
20495	42	17	23546	75	0	23680
20496	12	14	77	22874	0	22977
20497	19	5	23	24554	0	24601
20498	11	25280	54	126	0	25471
20499	14	95	7	27350	0	27466
20500	26	31	26726	121	0	26904
20501	15	28	96	26275	0	26414
20502	10	8	32	27333	0	27383
20503	27775	5	26	129	0	27935
20504	95	8	13	27600	0	27716
20505	29	5	12	27497	0	27543
20506	36	25	26282	133	0	26476
20507	25315	15	99	70	0	25499
20508	93	8	25	27713	0	27839
20509	29	11	29	27610	0	27679
20510	22	13	11	28037	0	28083
20511	28034	4	10	155	0	28203
20512	97	14	12	27820	0	27943
20513	30	8	13	28147	0	28198
20514	28183	4	8	156	0	28351
20515	105	27466	25	91	0	27687
20516	39	100	11	28142	0	28292
20517	31	33	7	28392	0	28463
20518	22	33	27450	157	0	27662
20519	19538	66	211	187	0	20002
20520	113	4	31	26528	0	26676
20521	43	13	25859	135	0	26050
20522	25372	5	101	77	0	25555
20523	114	7	35	26396	0	26552
20524	38	11	25	26452	0	26526
20525	28	6	18	26898	0	26950
20526	24	12	7	27949	0	27992
20527	25	21	29458	228	0	29732
20528	28	14	298	29218	0	29558
20529	18	7	56	36546	0	36627
20530	38	49	43555	842	0	44484
20531	45276	11	1146	295	0	46728
20532	48125	5	447	230	0	48807
20533	48909	8	308	102	0	49327
20534	2135	10	163	47700	0	50008
20535	48744	16	93	1436	0	50289
20536	49922	11	56	546	0	50535
20537	2177	10	38	48735	0	50960
20538	48493	11	35	1617	0	50156
20539	48572	10	63	666	0	49311
20540	48363	14	38	457	0	48872
20541	49005	9	36	306	0	49356
20542	2449	12	40	46405	0	48906
20543	1212	43574	58	1472	0	46316
20544	784	44332	81	578	0	45775
20545	521	45463	90	437	0	46511
20546	44651	2081	44	305	0	47081
20547	45915	945	45	206	0	47111
20548	2102	647	42674	169	0	45592
20549	43964	352	1353	195	0	45864
20550	2111	186	513	44224	0	47034
20551	1041	107	351	45000	0	46499
20552	721	86	209	46213	0	47229
20553	44179	65	112	2358	0	46714
20554	1746	65	76	44571	0	46458
20555	848	42363	74	2151	0	45436
20556	644	1405	35	44876	0	46960
20557	481	610	43796	2063	0	46950
20558	343	447	1380	45007	0	47177
20559	45518	342	542	2034	0	48436
20560	1722	273	44029	929	0	46953
20561	872	143	1533	44504	0	47052
20562	656	129	648	43178	0	44611
20563	514	98	421	44352	0	45385
20564	381	42518	303	2334	0	45536
20565	327	1437	167	45259	0	47190
20566	43816	543	105	2307	0	46771
20567	43831	375	109	1125	0	45440
20568	2228	255	41500	777	0	44760
20569	1154	214	43009	555	0	44932
20570	801	173	1919	42168	0	45061
20571	545	145	898	44651	0	46239
20572	392	175	42708	2400	0	45675
20573	369	178	1828	40253	0	42628
20574	341	41724	796	2065	0	44926
20575	43859	1625	511	1016	0	47011
20576	44014	592	348	755	0	45709
20577	44279	390	261	632	0	45562
20578	2712	316	43004	517	0	46549
20579	1380	202	1655	44071	0	47308
20580	1018	164	43185	2013	0	46380
20581	41876	115	1962	950	0	44903
20582	2076	42400	907	772	0	46155
20583	960	1770	594	43346	0	46670
20584	43603	631	422	2026	0	46682
20585	2085	474	279	43524	0	46362
20586	1004	320	270	46015	0	47609
20587	838	239	42774	2679	0	46530
20588	41231	213	1752	1389	0	44585
20589	2187	42520	788	1014	0	46509
20590	1242	1612	541	44345	0	47740
20591	44318	619	343	2169	0	47449
20592	2396	463	295	44422	0	47576
20593	44130	341	236	2467	0	47174
20594	2481	43234	247	1363	0	47325
20595	45976	1742	205	1016	0	48939
20596	2740	744	43619	717	0	47820
20597	44485	524	1728	636	0	47373
20598	44366	378	738	579	0	46061
20599	44703	294	604	564	0	46165
20600	3202	255	424	41822	0	45703
20601	1797	338	324	42237	0	44696
20602	1360	356	238	42711	0	44665
20603	1045	40302	194	2836	0	44377
20604	42091	1851	193	1566	0	45701
20605	2471	724	211	41511	0	44917
20606	1325	533	257	43348	0	45463
20607	1097	362	268	43804	0	45531
20608	41485	310	265	3134	0	45194
20609	2358	299	230	42432	0	45319
20610	1267	302	39290	3006	0	43865
20611	949	40966	1709	1653	0	45277
20612	765	1923	671	43333	0	46692
20613	683	923	506	44341	0	46453
20614	601	673	417	45728	0	47419
20615	603	468	41362	3436	0	45869
20616	668	315	42546	1906	0	45435
20617	563	235	2499	43878	0	47175
20618	633	253	44346	2877	0	48109
20619	560	199	2361	46726	0	49846
20620	45466	195	1050	3210	0	49921
20621	48240	226	690	1871	0	51027
20622	49227	245	457	1423	0	51352
20623	3207	310	45701	1075	0	50293
20624	46306	272	2029	882	0	49489
20625	2929	256	927	47617	0	51729
20626	1486	195	45404	2439	0	49524
20627	1068	193	46156	1266	0	48683
20628	774	43909	2462	1175	0	48320
20629	457	39681	892	739	0	41769
20630	30186	1486	657	1018	0	33347
20631	669	217	74	29812	0	30772
20632	241	115	30277	764	0	31397
20633	139	50	622	30926	0	31737
20634	31513	44	206	882	0	32645
20635	800	70	32632	271	0	33773
20636	32754	41	780	225	0	33800
20637	37521	53	218	158	0	37950
20638	37837	45	158	152	0	38192
20639	1175	36771	105	192	0	38243
20640	39453	920	93	160	0	40626
20641	1120	228	98	39128	0	40574
20642	372	137	96	38979	0	39584
20643	259	58	105	39725	0	40147
20644	175	56	102	39954	0	40287
20645	38592	52	89	1307	0	40040
20646	1014	36867	104	521	0	38506
20647	294	36524	114	305	0	37237
20648	215	39043	106	228	0	39592
20649	39593	1144	71	188	0	40996
20650	40873	305	63	195	0	41436
20651	40604	173	77	187	0	41041
20652	40317	92	113	160	0	40682
20653	1277	95	82	39842	0	41296
20654	435	95	74	40510	0	41114
20655	40560	65	87	1196	0	41908
20656	1003	38954	102	457	0	40516
20657	39305	937	80	234	0	40556
20658	39922	229	72	178	0	40401
20659	1218	184	49	38061	0	39512
20660	463	38131	107	1041	0	39742
20661	295	967	84	40358	0	41704
20662	39415	260	79	1267	0	41021
20663	1225	223	39068	343	0	40859
20664	382	120	942	37351	0	38795
20665	321	38025	256	1006	0	39608
20666	39239	1012	185	305	0	40741
20667	38562	269	68	320	0	39219
20668	1335	228	38659	172	0	40394
20669	480	36926	992	213	0	38611
20670	382	1011	38486	194	0	40073
20671	221	266	941	36247	0	37675
20672	250	203	37544	1000	0	38997
20673	215	127	36474	310	0	37126
20674	194	35339	991	269	0	36793
20675	37369	858	312	141	0	38680
20676	38193	276	186	153	0	38808
20677	1066	37579	136	206	0	38987
20678	453	37349	125	201	0	38128
20679	330	1057	35664	192	0	37243
20680	243	407	35975	181	0	36806
20681	255	257	37099	181	0	37792
20682	218	142	1077	35869	0	37306
20683	275	140	36787	976	0	38178
20684	209	137	978	34809	0	36133
20685	223	143	317	35331	0	36014
20686	272	186	34930	1093	0	36481
20687	271	34082	871	450	0	35674
20688	277	896	289	35883	0	37345
20689	36149	306	223	974	0	37652
20690	1057	250	128	35996	0	37431
20691	451	157	35528	1156	0	37292
20692	384	33584	888	441	0	35297
20693	279	35741	321	318	0	36659
20694	258	1123	199	35635	0	37215
20695	34674	438	122	979	0	36213
20696	35954	274	129	358	0	36715
20697	1222	208	130	34156	0	35716
20698	520	35400	144	954	0	37018
20699	384	972	137	36446	0	37939
20700	297	317	126	37665	0	38405
20701	306	268	133	38087	0	38794
20702	38941	175	135	1370	0	40621
20703	1146	39012	131	564	0	40853
20704	39955	1038	133	336	0	41462
20705	40943	401	117	271	0	41732
20706	40738	295	129	277	0	41439
20707	42315	180	110	256	0	42861
20708	1520	222	125	40579	0	42446
20709	679	244	39455	1213	0	41591
20710	422	39114	1052	534	0	41122
20711	40537	1008	736	372	0	42653
20712	41505	368	211	240	0	42324
20713	41936	275	119	229	0	42559
20714	1515	640	39100	175	0	41430
20715	39419	192	916	157	0	40684
20716	41117	179	323	157	0	41776
20717	1314	175	223	40014	0	41726
20718	641	199	38045	1025	0	39910
20719	427	36746	1002	428	0	38603
20720	321	930	331	39161	0	40743
20721	37975	334	272	1034	0	39615
20722	1088	246	150	37649	0	39133
20723	443	179	164	38764	0	39550
20724	38463	176	161	1256	0	40056
20725	1124	202	36108	524	0	37958
20726	37014	143	967	340	0	38464
20727	36397	138	353	231	0	37119
20728	36393	150	291	246	0	37080
20729	37109	157	193	230	0	37689
20730	1410	195	34502	193	0	36300
20731	614	128	936	34348	0	36026
20732	451	150	34004	988	0	35593
20733	262	126	907	32724	0	34019
20734	284	142	32212	975	0	33613
20735	28742	107	879	756	0	30484
20736	895	28350	397	299	0	29941
20737	353	26648	210	179	0	27390
20738	273	691	134	26971	0	28069
20739	421	296	120	26061	0	26898
20740	189	26694	118	821	0	27822
20741	27561	684	89	315	0	28649
20742	29621	274	90	212	0	30197
20743	31739	159	108	165	0	32171
20744	34169	97	117	124	0	34507
20745	1434	85	107	33145	0	34771
20746	635	81	90	34827	0	35633
20747	34694	71	97	1396	0	36258
20748	1230	83	83	34019	0	35415
20749	592	92	32255	1325	0	34264
20750	395	114	32201	558	0	33268
20751	266	81	1314	33864	0	35525
20752	295	101	32990	1223	0	34609
20753	32649	53	1187	576	0	34465
20754	1229	66	473	33399	0	35167
20755	33173	56	292	1179	0	34700
20756	1382	86	32411	558	0	34437
20757	585	70	1143	33595	0	35393
20758	465	83	32363	1271	0	34182
20759	302	32466	1276	600	0	34644
20760	32264	1052	922	376	0	34614
20761	32767	375	412	240	0	33794
20762	1514	31661	186	285	0	33646
20763	32602	1047	164	243	0	34056
20764	1375	420	173	31830	0	33798
20765	651	224	137	32958	0	33970
20766	31840	128	139	1487	0	33594
20767	1297	31120	164	669	0	33250
20768	658	32400	135	431	0	33624
20769	485	1354	154	32398	0	34391
20770	31836	592	148	1228	0	33804
20771	32895	280	136	583	0	33894
20772	33567	172	148	366	0	34253
20773	1896	191	31255	285	0	33627
20774	936	180	30791	297	0	32204
20775	600	30846	1349	304	0	33099
20776	30722	1114	563	277	0	32676
20777	1451	464	290	30253	0	32458
20778	30721	279	234	1262	0	32496
20779	31011	195	266	604	0	32076
20780	1828	167	201	30082	0	32278
20781	986	160	29362	1291	0	31799
20782	30017	155	1159	659	0	31990
20783	1515	130	544	30272	0	32461
20784	837	131	29475	1402	0	31845
20785	29495	142	1214	738	0	31589
20786	30839	124	563	558	0	32084
20787	1772	116	379	30016	0	32283
20788	938	143	28785	1470	0	31336
20789	632	139	1186	28095	0	30052
20790	553	28902	603	1370	0	31428
20791	609	1074	28599	695	0	30977
20792	503	29286	1238	532	0	31559
20793	29958	1222	591	386	0	32157
20794	30566	483	465	372	0	31886
20795	30768	308	315	410	0	31801
20796	30667	206	353	363	0	31589
20797	1926	222	296	29200	0	31644
20798	28276	213	248	1308	0	30045
20799	1627	177	263	28125	0	30192
20800	26651	175	239	1459	0	28524
20801	1557	26815	249	733	0	29354
20802	783	1147	181	24471	0	26582
20803	562	24232	201	1082	0	26077
20804	24881	1034	181	567	0	26663
20805	24609	409	166	429	0	25613
20806	1502	23543	184	376	0	25605
20807	895	921	174	23171	0	25161
20808	567	414	22004	1070	0	24055
20809	476	716	866	22345	0	24403
20810	489	237	22096	1150	0	23972
20811	434	186	910	19931	0	21461
20812	406	20813	410	922	0	22551
20813	21647	797	284	477	0	23205
20814	22074	357	226	330	0	22987
20815	1280	244	229	21412	0	23165
20816	22522	156	200	973	0	23851
20817	1170	187	183	22018	0	23558
20818	640	173	180	22383	0	23376
20819	499	166	165	22492	0	23322
20820	21560	144	147	1315	0	23166
20821	21628	147	139	672	0	22586
20822	21240	140	137	461	0	21978
20823	1407	20444	162	357	0	22370
20824	21218	871	149	347	0	22585
20825	1206	20571	162	327	0	22266
20826	21388	967	185	252	0	22792
20827	1280	392	132	20398	0	22202
20828	713	275	162	21487	0	22637
20829	20589	201	124	1170	0	22084
20830	20766	184	139	570	0	21659
20831	1322	19904	138	404	0	21768
20832	21832	868	115	309	0	23124
20833	1207	359	110	21303	0	22979
20834	640	285	86	22099	0	23110
20835	21525	178	115	1206	0	23024
20836	1186	188	20785	572	0	22731
20837	674	20818	749	403	0	22644
20838	533	723	262	20350	0	21868
20839	391	296	19156	863	0	20706
20840	386	682	556	18169	0	19793
20841	18456	110	259	858	0	19683
20842	715	15966	159	403	0	17243
20843	286	14152	104	239	0	14781
20844	167	12532	52	142	0	12893
20845	134	663	45	12180	0	13022
20846	11916	98	300	345	0	12659
20847	251	74	18	11271	0	11614
20848	11703	39	16	258	0	12016
20849	12285	29	23	104	0	12441
20850	304	26	29	12014	0	12373
20851	12097	33	17	272	0	12419
20852	304	31	20	12418	0	12773
20853	127	46	11888	299	0	12360
20854	12093	34	229	117	0	12473
20855	333	28	13329	106	0	13796
20856	12100	34	189	67	0	12390
20857	276	25	12788	40	0	13129
20858	99	29	171	12396	0	12695
20859	70	37	46	12998	0	13151
20860	13644	25	38	247	0	13954
20861	207	24	22	13961	0	14214
20862	14443	25	15	207	0	14690
20863	232	12811	26	101	0	13170
20864	14101	175	18	69	0	14363
20865	239	72	13	14404	0	14728
20866	108	37	18	14520	0	14683
20867	86	34	24	14210	0	14354
20868	54	33	17	14267	0	14371
20869	59	29	13687	267	0	14042
20870	63	32	13548	105	0	13748
20871	45	20	215	13895	0	14175
20872	51	15	13576	221	0	13863
20873	45	13029	213	107	0	13394
20874	46	180	59	13840	0	14125
20875	49	61	15160	234	0	15504
20876	51	61	15336	97	0	15545
20877	45	16	319	15355	0	15735
20878	44	24	76	16016	0	16160
20879	39	15830	75	371	0	16315
20880	54	348	42	16879	0	17323
20881	50	63	16429	409	0	16951
20882	15896	37	381	116	0	16430
20883	383	25	80	16899	0	17387
20884	17624	25	53	456	0	18158
20885	17651	32	45	134	0	17862
20886	17995	36	63	106	0	18200
20887	475	41	17538	105	0	18159
20888	132	42	17892	74	0	18140
20889	16166	40	438	87	0	16731
20890	428	33	18033	119	0	18613
20891	123	24	416	17249	0	17812
20892	99	30	94	18008	0	18231
20893	94	26	17629	488	0	18237
20894	77	17399	430	157	0	18063
20895	17750	376	131	103	0	18360
20896	426	17388	107	112	0	18033
20897	117	18359	90	108	0	18674
20898	18623	417	92	113	0	19245
20899	450	99	18675	118	0	19342
20900	131	72	18894	94	0	19191
20901	99	54	493	17806	0	18452
20902	18644	47	130	510	0	19331
20903	451	18282	145	158	0	19036
20904	18854	463	88	112	0	19517
20905	533	101	18535	105	0	19274
20906	125	19605	481	107	0	20318
20907	94	515	130	20522	0	21261
20908	128	109	19827	856	0	20920
20909	105	89	538	20119	0	20851
20910	123	97	162	19691	0	20073
20911	105	59	119	21117	0	21400
20912	99	79	121	21249	0	21548
20913	20592	83	110	686	0	21471
20914	20421	49	110	254	0	20834
20915	678	61	20148	156	0	21043
20916	19234	73	556	184	0	20047
20917	621	19291	174	186	0	20272
20918	19511	486	140	119	0	20256
20919	600	112	19450	140	0	20302
20920	163	62	501	19169	0	19895
20921	141	63	19666	533	0	20403
20922	150	74	19658	182	0	20064
20923	121	61	607	18770	0	19559
20924	128	76	195	18895	0	19294
20925	127	81	18753	636	0	19597
20926	129	17758	535	245	0	18667
20927	102	18827	202	193	0	19324
20928	145	581	146	19056	0	19928
20929	18269	157	149	615	0	19190
20930	493	19022	154	306	0	19975
20931	202	521	19362	181	0	20266
20932	155	157	18342	153	0	18807
20933	131	127	18753	159	0	19170
20934	145	113	622	18041	0	18921
20935	18551	79	224	635	0	19489
20936	564	17331	204	246	0	18345
20937	251	552	17285	186	0	18274
20938	142	17330	625	191	0	18288
20939	116	547	250	17741	0	18654
20940	150	180	17522	616	0	18468
20941	146	17497	619	255	0	18517
20942	127	553	236	17604	0	18520
20943	123	190	177	18519	0	19009
20944	165	120	17833	702	0	18820
20945	142	130	622	16785	0	17679
20946	177	17477	225	591	0	18470
20947	170	555	17722	250	0	18697
20948	17182	192	565	160	0	18099
20949	563	141	206	17066	0	17976
20950	209	121	203	16989	0	17522
20951	154	16814	210	614	0	17792
20952	17021	509	216	227	0	17973
20953	566	169	16615	222	0	17572
20954	16373	130	556	170	0	17229
20955	530	120	182	15524	0	16356
20956	152	15778	148	538	0	16616
20957	107	509	154	15840	0	16610
20958	107	175	157	16364	0	16803
20959	16419	124	143	656	0	17342
20960	16441	108	152	228	0	16929
20961	628	94	141	16728	0	17591
20962	191	78	15762	655	0	16686
20963	14739	110	570	262	0	15681
20964	538	15730	224	179	0	16671
20965	182	540	154	15632	0	16508
20966	144	167	118	16743	0	17172
20967	119	102	151	17179	0	17551
20968	134	120	16117	757	0	17128
20969	100	137	565	15792	0	16594
20970	97	16495	236	621	0	17449
20971	85	573	155	16378	0	17191
20972	93	16993	150	635	0	17871
20973	80	590	137	17465	0	18272
20974	100	222	16852	698	0	17872
20975	14295	117	436	257	0	15105
20976	401	73	178	15786	0	16438
20977	146	75	15440	469	0	16130
20978	75	14663	357	208	0	15303
20979	15261	337	157	112	0	15867
20980	346	135	14592	113	0	15186
20981	14502	61	319	119	0	15001
20982	339	54	133	15304	0	15830
20983	131	66	99	15054	0	15350
20984	71	14311	83	407	0	14872
20985	15104	310	76	162	0	15652
20986	14882	110	77	102	0	15171
20987	394	15713	55	117	0	16279
20988	134	329	48	15825	0	16336
20989	68	145	56	16044	0	16313
20990	75	93	62	15858	0	16088
20991	88	65	15574	450	0	16177
20992	15065	51	317	205	0	15638
20993	330	54	131	15905	0	16420
20994	123	50	82	16197	0	16452
20995	72	83	15433	461	0	16049
20996	73	56	15391	208	0	15728
20997	62	54	393	15478	0	15987
20998	84	55	15307	424	0	15870
20999	14450	37	299	181	0	14967
21000	259	29	155	15078	0	15521
21001	118	31	101	15430	0	15680
21002	83	42	15345	394	0	15864
21003	39	54	274	16561	0	16928
21004	56	44	16864	375	0	17339
21005	45	15927	319	202	0	16493
21006	15131	241	111	122	0	15605
21007	14926	92	85	59	0	15162
21008	298	15027	44	96	0	15465
21009	118	258	38	15313	0	15727
21010	98	132	15323	268	0	15821
21011	65	56	204	15287	0	15612
21012	15402	29	91	287	0	15809
21013	224	15126	61	147	0	15558
21014	15623	225	33	103	0	15984
21015	262	104	34	15470	0	15870
21016	15475	48	35	268	0	15826
21017	265	15079	30	157	0	15531
21018	15577	232	27	87	0	15923
21019	295	117	14731	71	0	15214
21020	142	14726	229	82	0	15179
21021	86	199	75	14978	0	15338
21022	15265	97	63	215	0	15640
21023	15270	67	32	121	0	15490
21024	277	46	48	15490	0	15861
21025	15736	40	47	240	0	16063
21026	15585	35	28	139	0	15787
21027	15900	32	25	98	0	16055
21028	341	36	26	15928	0	16331
21029	171	40	15825	255	0	16291
21030	137	39	14869	133	0	15178
21031	89	46	15489	88	0	15712
21032	15642	30	312	66	0	16050
21033	253	22	151	15887	0	16313
21034	122	16282	109	247	0	16760
21035	84	235	65	16531	0	16915
21036	82	16578	57	260	0	16977
21037	18255	254	43	128	0	18680
21038	273	124	35	18072	0	18504
21039	129	364	29	18269	0	18791
21040	18900	68	36	336	0	19340
21041	285	55	36	18632	0	19008
21042	151	50	29	19230	0	19460
21043	19798	36	35	373	0	20242
21044	349	46	19573	196	0	20164
21045	161	28	312	19920	0	20421
21046	121	42	19794	386	0	20343
21047	19297	26	338	187	0	19848
21048	375	35	132	20386	0	20928
21049	20311	27	87	400	0	20825
21050	380	33	60	20325	0	20798
21051	192	29	20737	414	0	21372
21052	135	28	321	21513	0	21997
21053	21804	26	126	435	0	22391
21054	379	21381	101	250	0	22111
21055	149	304	20895	114	0	21462
21056	19848	96	305	120	0	20369
21057	357	20672	138	131	0	21298
21058	147	21644	102	92	0	21985
21059	110	22592	74	96	0	22872
21060	348	388	58	23723	0	24517
21061	24188	148	35	466	0	24837
21062	24905	83	30	166	0	25184
21063	662	83	23799	110	0	24654
21064	23998	53	451	89	0	24591
21065	617	23779	158	83	0	24637
21066	176	486	90	24415	0	25167
21067	26472	121	69	505	0	27167
21068	26968	99	43	181	0	27291
21069	27476	69	69	118	0	27732
21070	26677	50	54	92	0	26873
21071	26996	63	54	85	0	27198
21072	759	59	54	26229	0	27101
21073	324	70	26099	572	0	27065
21074	241	61	483	26330	0	27115
21075	207	54	122	27138	0	27521
21076	26774	48	96	655	0	27573
21077	678	25704	95	256	0	26733
21078	26621	546	72	174	0	27413
21079	27099	142	66	124	0	27431
21080	28254	114	72	155	0	28595
21081	28891	85	63	146	0	29185
21082	912	85	27328	120	0	28445
21083	27464	77	778	133	0	28452
21084	28883	56	157	116	0	29212
21085	26974	75	131	110	0	27290
21086	28340	61	73	124	0	28598
21087	927	41	76	26963	0	28007
21088	411	73	25742	644	0	26870
21089	26080	53	565	225	0	26923
21090	810	26029	182	193	0	27214
21091	370	548	127	25631	0	26676
21092	326	25750	99	598	0	26773
21093	279	581	88	26821	0	27769
21094	26913	168	86	693	0	27860
21095	27525	111	71	255	0	27962
21096	27724	101	78	195	0	28098
21097	932	119	25878	155	0	27084
21098	26690	98	571	155	0	27514
21099	857	106	25569	160	0	26692
21100	422	116	25749	126	0	26413
21101	360	108	26201	133	0	26802
21102	363	788	717	24113	0	25981
21103	284	71	204	25544	0	26103
21104	261	72	151	25416	0	25900
21105	257	68	126	25533	0	25984
21106	256	85	122	25539	0	26002
21107	263	72	120	25552	0	26007
21108	242	25044	145	708	0	26139
21109	25554	561	117	256	0	26488
21110	693	26108	109	247	0	27157
21111	289	596	84	26713	0	27682
21112	246	171	73	27265	0	27755
21113	26830	105	79	769	0	27783
21114	702	25976	88	348	0	27114
21115	26846	574	101	224	0	27745
21116	789	173	89	26929	0	27980
21117	362	152	90	27256	0	27860
21118	296	124	100	27713	0	28233
21119	318	108	26352	792	0	27570
21120	267	105	564	26840	0	27776
21121	306	102	26475	741	0	27624
21122	332	107	26070	304	0	26813
21123	333	117	27154	438	0	28042
21124	318	74	647	26564	0	27603
21125	316	87	216	28242	0	28861
21126	279	95	187	28843	0	29404
21127	28775	73	149	886	0	29883
21128	771	370	163	28422	0	29726
21129	29695	92	161	908	0	30856
21130	884	29140	155	397	0	30576
21131	31172	695	115	285	0	32267
21132	31647	181	114	268	0	32210
21133	1017	31417	106	266	0	32806
21134	31548	746	91	250	0	32635
21135	31314	194	97	243	0	31848
21136	31464	134	92	251	0	31941
21137	30927	101	136	230	0	31394
21138	1210	97	29441	200	0	30948
21139	501	29040	734	211	0	30486
21140	447	729	204	29872	0	31252
21141	29906	183	159	876	0	31124
21142	997	154	29124	331	0	30606
21143	398	27884	705	301	0	29288
21144	341	811	169	27495	0	28816
21145	295	28114	155	713	0	29277
21146	306	739	111	28542	0	29698
21147	308	245	97	29264	0	29914
21148	336	175	28191	824	0	29526
21149	324	181	27669	287	0	28461
21150	25546	107	814	253	0	26720
21151	891	134	27842	193	0	29060
21152	383	120	26867	203	0	27573
21153	333	110	781	25134	0	26358
21154	254	121	425	25393	0	26193
21155	239	25106	237	753	0	26335
21156	236	27967	206	334	0	28743
21157	206	857	27869	272	0	29204
21158	199	384	826	28439	0	29848
21159	179	193	27924	913	0	29209
21160	116	130	25307	275	0	25828
21161	95	24616	688	212	0	25611
21162	95	560	199	24536	0	25390
21163	24680	160	157	543	0	25540
21164	569	122	124	24592	0	25407
21165	24796	74	122	645	0	25637
21166	25223	63	88	226	0	25600
21167	24701	51	110	161	0	25023
21168	760	80	23105	102	0	24047
21169	23113	76	524	79	0	23792
21170	689	61	156	23775	0	24681
21171	24707	51	128	608	0	25494
21172	25102	48	100	193	0	25443
21173	705	23517	107	344	0	24673
21174	24770	554	94	115	0	25533
21175	719	161	24465	75	0	25420
21176	23389	108	552	89	0	24138
21177	24089	66	158	86	0	24399
21178	688	23399	146	108	0	24341
21179	24354	555	69	66	0	25044
21180	660	150	75	22628	0	23513
21181	243	117	85	22735	0	23180
21182	191	22376	91	631	0	23289
21183	153	518	98	23083	0	23852
21184	130	146	82	23403	0	23761
21185	159	121	22870	694	0	23844
21186	159	112	22402	252	0	22925
21187	21063	72	611	175	0	21921
21188	22770	81	201	128	0	23180
21189	733	51	143	22705	0	23632
21190	361	46	22888	593	0	23888
21191	234	22544	579	209	0	23566
21192	198	560	184	23454	0	24396
21193	170	171	23374	624	0	24339
21194	22178	156	571	219	0	23124
21195	670	85	172	23639	0	24566
21196	231	23898	166	640	0	24935
21197	224	640	107	24375	0	25346
21198	169	170	135	25137	0	25611
21199	171	135	122	25954	0	26382
21200	24978	102	119	877	0	26076
21201	763	86	136	25139	0	26124
21202	25257	81	103	847	0	26288
21203	24782	93	200	322	0	25397
21204	926	83	24613	260	0	25882
21205	358	24477	675	225	0	25735
21206	300	703	230	22827	0	24060
21207	204	26832	159	637	0	27832
21208	27349	872	153	234	0	28608
21209	891	265	142	27087	0	28385
21210	347	185	27289	932	0	28753
21211	291	144	27250	330	0	28015
21212	236	121	27706	266	0	28329
21213	26810	108	1062	217	0	28197
21214	903	27566	387	236	0	29092
21215	27686	862	220	191	0	28959
21216	991	27741	211	197	0	29140
21217	392	958	159	27035	0	28544
21218	347	284	169	26627	0	27427
21219	246	28010	178	997	0	29431
21220	274	908	27242	413	0	28837
21221	213	27748	831	347	0	29139
21222	27717	968	269	268	0	29222
21223	908	329	199	27128	0	28564
21224	361	224	26866	941	0	28392
21225	293	186	26891	361	0	27731
21226	266	146	991	26466	0	27869
21227	238	130	26123	895	0	27386
21228	237	179	25904	315	0	26635
21229	23288	112	1034	235	0	24669
21230	723	23637	341	216	0	24917
21231	23133	661	216	166	0	24176
21232	828	243	23254	176	0	24501
21233	294	21925	723	171	0	23113
21234	235	24053	279	147	0	24714
21235	183	806	210	24439	0	25638
21236	140	288	188	25089	0	25705
21237	137	211	144	26235	0	26727
21238	148	148	24857	1052	0	26205
21239	162	141	752	25383	0	26438
21240	159	112	244	26452	0	26967
21241	25725	110	163	1061	0	27059
21242	810	24507	149	476	0	25942
21243	275	790	130	25760	0	26955
21244	25546	252	143	912	0	26853
21245	26131	202	124	348	0	26805
21246	1000	154	117	25784	0	27055
21247	370	123	25229	915	0	26637
21248	240	119	794	25736	0	26889
21249	176	99	25388	1006	0	26669
21250	25534	109	897	375	0	26915
21251	27128	82	355	291	0	27856
21252	1073	97	234	28496	0	29900
21253	414	109	28452	1107	0	30082
21254	284	30024	1009	429	0	31746
21255	256	1216	32405	253	0	34130
21256	298	289	1238	27994	0	29819
21257	116	30543	349	1070	0	32078
21258	29540	1174	166	267	0	31147
21259	1185	323	123	27631	0	29262
21260	266	29012	119	1105	0	30502
21261	29538	1215	111	300	0	31164
21262	1215	299	108	28793	0	30415
21263	304	28770	117	1222	0	30413
21264	178	1215	135	29858	0	31386
21265	145	343	28763	1360	0	30611
21266	27688	200	1198	384	0	29470
21267	29236	187	315	233	0	29971
21268	1405	178	28024	232	0	29839
21269	409	27778	1106	226	0	29519
21270	28829	1214	289	159	0	30491
21271	1221	326	207	27910	0	29664
21272	375	210	148	29370	0	30103
21273	226	245	123	29487	0	30081
21274	258	164	123	29194	0	29739
21275	157	159	89	29576	0	29981
21276	28142	187	115	1568	0	30012
21277	29123	100	125	663	0	30011
21278	1406	101	204	28618	0	30329
21279	495	152	162	29283	0	30092
21280	308	134	27213	1555	0	29210
21281	236	137	27404	550	0	28327
21282	26937	184	1299	387	0	28807
21283	1366	125	363	27765	0	29619
21284	434	125	27150	1448	0	29157
21285	270	160	1179	27449	0	29058
21286	28319	124	343	1491	0	30277
21287	29400	125	210	617	0	30352
21288	1467	139	170	28677	0	30453
21289	508	132	172	29799	0	30611
21290	28551	112	188	1647	0	30498
21291	1305	90	186	27518	0	29099
21292	518	27954	191	1442	0	30105
21293	373	1100	225	28270	0	29968
21294	258	574	202	28924	0	29958
21295	342	221	27780	1587	0	29930
21296	247	182	27132	684	0	28245
21297	215	27297	1261	526	0	29299
21298	26841	1079	520	426	0	28866
21299	26663	301	190	405	0	27559
21300	27318	151	207	402	0	28078
21301	1382	25599	191	420	0	27592
21302	566	26691	164	342	0	27763
21303	26279	1246	281	289	0	28095
21304	1146	26032	146	433	0	27757
21305	402	1200	25271	356	0	27229
21306	301	24546	1173	466	0	26486
21307	232	980	22540	1033	0	24785
21308	22935	367	978	288	0	24568
21309	24284	193	378	294	0	25149
21310	1095	22951	209	331	0	24586
21311	24087	946	158	255	0	25446
21312	25609	306	133	243	0	26291
21313	26368	231	150	256	0	27005
21314	1495	208	134	25347	0	27184
21315	26194	208	113	1250	0	27765
21316	1520	164	24268	488	0	26440
21317	25753	270	1073	331	0	27427
21318	1373	202	423	26013	0	28011
21319	641	215	24831	1286	0	26973
21320	437	171	25221	561	0	26390
21321	411	145	1392	24895	0	26843
21322	582	225	510	25998	0	27315
21323	25451	195	334	1485	0	27465
21324	1396	126	209	25383	0	27114
21325	648	131	24420	1464	0	26663
21326	483	166	1114	24209	0	25972
21327	334	26056	371	1421	0	28182
21328	26516	1099	251	594	0	28460
21329	1296	383	237	26371	0	28287
21330	560	243	25559	1366	0	27728
21331	371	25522	1120	681	0	27694
21332	24735	1052	487	381	0	26655
21333	1214	362	324	24974	0	26874
21334	609	214	24445	1215	0	26483
21335	386	24111	1004	556	0	26057
21336	25367	962	394	326	0	27049
21337	24961	337	241	375	0	25914
21338	25373	215	216	299	0	26103
21339	1416	148	138	24164	0	25866
21340	626	147	148	25438	0	26359
21341	24847	109	220	1274	0	26450
21342	1151	24166	147	631	0	26095
21343	25695	932	150	439	0	27216
21344	1207	339	149	25360	0	27055
21345	26628	184	201	1132	0	28145
21346	1175	188	173	25903	0	27439
21347	555	172	155	26529	0	27411
21348	464	195	111	26833	0	27603
21349	441	115	114	26873	0	27543
21350	303	101	24439	1477	0	26320
21351	305	140	23912	639	0	24996
21352	21297	78	782	368	0	22525
21353	761	87	24930	271	0	26049
21354	268	70	22204	181	0	22723
21355	19296	12	448	105	0	19861
21356	20581	32	284	85	0	20982
21357	434	18	188	21394	0	22034
21358	23666	13	122	319	0	24120
21359	405	23037	113	192	0	23747
21360	24264	250	78	161	0	24753
21361	24006	132	51	122	0	24311
21362	26383	88	58	117	0	26646
21363	528	87	46	26029	0	26690
21364	346	24837	76	311	0	25570
21365	258	26135	63	194	0	26650
21366	26999	594	57	153	0	27803
21367	26968	194	63	121	0	27346
21368	433	132	78	25656	0	26299
21369	270	114	59	25714	0	26157
21370	212	25245	77	400	0	25934
21371	26185	276	61	243	0	26765
21372	394	138	25230	207	0	25969
21373	252	111	243	24362	0	24968
21374	199	80	141	25651	0	26071
21375	160	89	25937	456	0	26642
21376	154	66	294	24668	0	25182
21377	130	23053	223	464	0	23870
21378	106	268	138	26161	0	26673
21379	113	167	96	25620	0	25996
21380	117	24505	103	496	0	25221
21381	111	25678	79	323	0	26191
21382	98	360	71	26299	0	26828
21383	26972	224	61	414	0	27671
21384	294	152	75	26276	0	26797
21385	204	106	71	27166	0	27547
21386	160	25929	92	459	0	26640
21387	155	256	74	27694	0	28179
21388	129	147	78	26912	0	27266
21389	134	91	70	27155	0	27450
21390	27488	86	57	522	0	28153
21391	326	73	41	27163	0	27603
21392	224	65	38	26225	0	26552
21393	189	72	39	26794	0	27094
21394	177	79	25664	547	0	26467
21395	22934	70	235	374	0	23613
21396	379	24311	166	290	0	25146
21397	26158	270	96	235	0	26759
21398	409	152	84	25819	0	26464
21399	257	127	25220	389	0	25993
21400	23742	90	296	229	0	24357
21401	411	110	33198	184	0	33903
21402	248	93	348	32985	0	33674
21403	35404	57	188	372	0	36021
21404	34718	56	157	223	0	35154
21405	36784	49	108	192	0	37133
21406	552	59	71	36363	0	37045
21407	308	79	66	36853	0	37306
21408	260	56	43	37826	0	38185
21409	222	35727	65	523	0	36537
21410	178	35815	61	318	0	36372
21411	145	35477	45	268	0	35935
21412	87	36472	57	140	0	36756
21413	258	115	22	37287	0	37682
21414	27	30	14	36850	0	36921
21415	37525	33	16	96	0	37670
21416	35946	36	11	71	0	36064
21417	37258	14	17	51	0	37340
21418	122	26	14	36910	0	37072
21419	45	29	9	37548	0	37631
21420	38590	31	7	154	0	38782
21421	35961	27	31	93	0	36112
21422	144	38	37433	67	0	37682
21423	80	83	35236	56	0	35455
21424	61	60	36242	67	0	36430
21425	59	39	38962	65	0	39125
21426	39	23	132	38133	0	38327
21427	39572	21	37	157	0	39787
21428	96	36797	57	103	0	37053
21429	43	114	15	40085	0	40257
21430	50	68	39864	150	0	40132
21431	17	38945	143	132	0	39237
21432	27	109	34	42536	0	42706
21433	74	60	41153	138	0	41425
21434	43	30	97	39496	0	39666
21435	23	35	31	40429	0	40518
21436	41344	15	34	183	0	41576
21437	104	24	27	40907	0	41062
21438	68	29	41539	157	0	41793
21439	44	28	98	40573	0	40743
21440	45	45406	59	170	0	45680
21441	43	98	30	48186	0	48357
21442	36	44	31	47744	0	47855
21443	38	23	30	47725	0	47816
21444	48582	18	34	361	0	48995
21445	47617	21	34	108	0	47780
21446	47738	30	20	75	0	47863
21447	47221	38	26	56	0	47341
21448	182	41	47401	72	0	47696
21449	45270	34	115	94	0	45513
21450	48230	23	53	77	0	48383
21451	161	43	47196	54	0	47454
21452	84	49	50616	69	0	50818
21453	53	28	118	49472	0	49671
21454	70	50005	84	129	0	50288
21455	54216	86	21	73	0	54396
21456	54171	28	21	63	0	54283
21457	56492	15	20	79	0	56606
21458	139	20	26	54068	0	54253
21459	60	55423	81	122	0	55686
21460	60411	87	22	49	0	60569
21461	60239	27	17	35	0	60318
21462	128	16	10	58043	0	58197
21463	84	38	57645	113	0	57880
21464	56800	13	105	53	0	56971
21465	104	18	43	60801	0	60966
21466	62523	17	23	107	0	62670
21467	114	9	22	63110	0	63255
21468	92	237	62850	131	0	63310
21469	68422	15	93	50	0	68580
21470	104	17	35	70880	0	71036
21471	46	17	20	70077	0	70160
21472	33	15	15	71477	0	71540
21473	34	22	10	71097	0	71163
21474	72540	7	15	127	0	72689
21475	91	12	16	71497	0	71616
21476	42	69267	61	141	0	69511
21477	27	115	5	73468	0	73615
21478	32	72126	53	150	0	72361
21479	21	294	14	75617	0	75946
21480	23	35	14	75642	0	75714
21481	18	73343	45	273	0	73679
21482	28	120	15	77119	0	77282
21483	23	41	12	75125	0	75201
21484	75795	16	12	173	0	75996
21485	161	62	75068	69	0	75360
21486	56	11	124	77452	0	77643
21487	79322	11	44	180	0	79557
21488	76642	16	27	94	0	76779
21489	77398	11	24	51	0	77484
21490	248	38	78272	32	0	78590
21491	134	77	76979	30	0	77220
21492	56	42	250	77317	0	77665
21493	83135	4	92	249	0	83480
21494	274	48	80565	95	0	80982
21495	77139	12	204	71	0	77426
21496	205	81112	197	348	0	81862
21497	100	168	40	94192	0	94500
21498	57	88	32	97184	0	97361
21499	99038	32	35	270	0	99375
21500	250	39	16	97631	0	97936
21501	93190	27	27	277	0	93521
21502	94462	12	30	150	0	94654
21503	308	28	16	93981	0	94333
21504	154	34	25	94742	0	94955
21505	95719	7	28	354	0	96108
21506	374	59	101380	151	0	101964
21507	99283	20	275	114	0	99692
21508	366	33	107739	74	0	108212
21509	106199	26	265	96	0	106586
21510	116629	16	111	240	0	116996
21511	115766	13	82	89	0	115950
21512	112980	16	53	73	0	113122
21513	467	111335	144	125	0	112071
21514	118836	279	90	72	0	119277
21515	118929	91	43	93	0	119156
21516	521	122681	131	129	0	123462
21517	127833	290	31	75	0	128229
21518	526	176	123614	62	0	124378
21519	118941	51	334	76	0	119402
21520	539	360	123228	368	0	124495
21521	234	67	387	121248	0	121936
21522	159	33	159	124628	0	124979
21523	234	73	125243	468	0	126018
21524	169	65	380	120211	0	120825
21525	251	367	470	107411	0	108499
21526	129819	29	85	554	0	130487
21527	486	49	69	129188	0	129792
21528	253	50	69	127641	0	128013
21529	179	28	62	129803	0	130072
21530	170	122793	164	678	0	123805
21531	178	420	69	129701	0	130368
21532	128483	141	63	609	0	129296
21533	658	129	129351	489	0	130627
21534	276	74	590	129442	0	130382
21535	302	328	130823	758	0	132211
21536	122696	44	706	350	0	123796
21537	770	65	227	135559	0	136621
21538	424	135	173480	1036	0	175075
21539	252	51	3570	175040	0	178913
21540	256	52	2095	174858	0	177261
21541	220	173761	1742	6449	0	182172
21542	223	3859	1003	188193	0	193278
21543	214	2162	295	203542	0	206213
21544	344	1755	193851	8756	0	204706
21545	255	1062	5033	196885	0	203235
21546	238	410	2585	206175	0	209408
21547	195958	292	1892	9377	0	207519
21548	192750	209	1384	5446	0	199789
21549	7454	191835	824	4010	0	204123
21550	200868	5151	721	2672	0	209412
21551	200509	2728	782	1983	0	206002
21552	9164	200135	755	2068	0	212122
21553	5223	6497	515	204063	0	216298
21554	206318	3241	415	6797	0	216771
21555	204355	2245	443	4246	0	211289
21556	203404	1692	571	3158	0	208825
21557	10538	193265	780	2575	0	207158
21558	6925	5802	196113	1891	0	210731
21559	202070	3157	5509	1727	0	212463
21560	211367	2566	2801	1655	0	218389
21561	10486	205646	2211	1751	0	220094
21562	214094	7268	1408	1488	0	224258
21563	218272	3655	884	1377	0	224188
21564	12287	2841	761	210033	0	225922
21565	7189	2240	209378	7848	0	226655
21566	5505	1270	6756	215621	0	229152
21567	4307	1144	3315	220434	0	229200
21568	3297	1215	2355	224975	0	231842
21569	3078	1446	202618	12762	0	219904
21570	2853	1184	7119	206736	0	217892
21571	2744	1006	3757	216208	0	223715
21572	2520	947	2527	218839	0	224833
21573	2291	983	1976	219299	0	224549
21574	2240	871	1150	218998	0	223259
21575	2215	201700	1165	15079	0	220159
21576	1960	7080	1112	214982	0	225134
21577	1654	3459	1251	220792	0	227156
21578	1781	2666	200940	14616	0	220003
21579	1706	1721	7108	228474	0	239009
21580	1712	1173	3623	236064	0	242572
21581	1620	1085	2693	247350	0	252748
21582	1658	1070	2177	254625	0	259530
21583	238414	1004	1459	20467	0	261344
21584	10506	1029	1281	249294	0	262110
21585	5335	1229	1066	257166	0	264796
21586	4379	1568	224722	19860	0	250529
21587	3283	217647	9039	13169	0	243138
21588	2017	238448	4841	10307	0	255613
21589	232099	12475	4041	7597	0	256212
21590	9911	236862	2997	6993	0	256763
21591	5323	12976	1624	239195	0	259118
21592	234453	6360	1392	15254	0	257459
21593	12096	4521	224457	10069	0	251143
21594	6112	3408	9626	231406	0	250552
21595	4927	226957	5157	15200	0	252241
21596	3715	10790	3568	230414	0	248487
21597	2472	225561	2694	16859	0	247586
21598	2700	12765	1621	232590	0	249676
21599	225908	6968	1429	16924	0	251229
21600	12376	5060	222405	10611	0	250452
21601	6879	3979	10444	219745	0	241047
21602	5363	222429	5637	15068	0	248497
21603	226611	11864	4101	9330	0	251906
21604	12957	6295	218851	8212	0	246315
21605	7153	5016	11082	223084	0	246335
21606	6024	3914	211083	15384	0	236405
21607	5219	2642	13122	217699	0	238682
21608	3863	2707	206485	17519	0	230574
21609	2995	2651	14000	206489	0	226135
21610	2805	2594	7878	215408	0	228685
21611	201468	2426	5168	20042	0	229104
21612	208353	2517	4111	12055	0	227036
21613	16392	2546	2854	197984	0	219776
21614	9337	194227	2771	16594	0	222929
21615	6886	11341	2248	202971	0	223446
21616	4641	5745	2550	206048	0	218984
21617	186164	4045	2624	21377	0	214210
21618	12076	187049	2394	14325	0	215844
21619	191036	11844	2102	10693	0	215675
21620	194338	6500	2055	8482	0	211375
21621	16506	181324	2147	7622	0	207599
21622	9130	197807	1894	7890	0	216721
21623	193481	14822	2124	7843	0	218270
21624	14775	7989	179942	8091	0	210797
21625	189426	5685	11037	7855	0	214003
21626	194758	4362	5621	7391	0	212132
21627	18743	183781	4312	7134	0	213970
21628	11004	12326	3444	167893	0	194667
21629	7838	186501	2985	14881	0	212205
21630	186244	14498	3316	9835	0	213893
21631	193122	8387	3223	8374	0	213106
21632	17572	6465	2783	181749	0	208569
21633	10694	5475	2278	194580	0	213027
21634	178518	4493	1899	19610	0	204520
21635	15291	176255	1805	13248	0	206599
21636	9664	179257	2043	10710	0	201674
21637	7923	182385	2522	8014	0	200844
21638	3878	135164	1568	5253	0	145863
21639	3320	137201	2174	5321	0	148016
21640	3362	12707	1183	129667	0	146919
21641	2988	6164	115417	10917	0	135486
21642	3176	121041	6177	6156	0	136550
21643	108320	8084	2392	3895	0	122691
21644	8171	4056	1968	108260	0	122455
21645	106757	3448	1559	7973	0	119737
21646	8231	106312	1489	4612	0	120644
21647	108631	7341	1809	3516	0	121297
21648	8498	108390	2035	3236	0	122159
21649	4769	7764	2084	109440	0	124057
21650	108706	3831	2074	8300	0	122911
21651	112693	2910	2038	4782	0	122423
21652	8828	2610	1765	109592	0	122795
21653	4731	2417	1747	111662	0	120557
21654	3988	104479	1353	10029	0	119849
21655	3783	6769	1214	109079	0	120845
21656	3531	3495	909	112634	0	120569
21657	3367	3538	908	111386	0	119199
21658	2929	101523	785	11098	0	116335
21659	91837	6033	771	6039	0	104680
21660	6106	93891	686	4788	0	105471
21661	90357	6551	681	3409	0	100998
21662	6960	90812	736	2832	0	101340
21663	4438	6999	84685	2454	0	98576
21664	4005	3853	4594	87196	0	99648
21665	3353	3215	83536	6129	0	96233
21666	2942	2839	84596	3081	0	93458
21667	2882	2342	6483	83103	0	94810
21668	3026	1998	83241	6233	0	94498
21669	2960	1673	6379	84129	0	95141
21670	2980	1754	3067	87350	0	95151
21671	2620	1867	2088	90197	0	96772
21672	84013	2165	1536	8509	0	96223
21673	6546	1934	1032	86785	0	96297
21674	4052	1973	843	89681	0	96549
21675	83297	1622	578	8694	0	94191
21676	6981	80030	554	5330	0	92895
21677	4123	80920	520	4392	0	89955
21678	3410	83282	480	3351	0	90523
21679	1913	7044	303	59957	0	69217
21680	1874	2241	57983	4657	0	66755
21681	44476	1509	3005	1906	0	50896
21682	2699	47145	739	1234	0	51817
21683	43852	2342	397	696	0	47287
21684	44815	1180	672	550	0	47217
21685	44729	889	260	531	0	46409
21686	2907	852	41891	525	0	46175
21687	1432	805	1697	42303	0	46237
21688	1175	613	775	44565	0	47128
21689	1099	524	508	45719	0	47850
21690	976	602	450	44609	0	46637
21691	859	42700	343	2590	0	46492
21692	43156	2099	276	1336	0	46867
21693	2149	922	41031	966	0	45068
21694	39088	585	1755	946	0	42374
21695	2214	1133	477	38908	0	42732
21696	1089	38278	289	1999	0	41655
21697	797	40573	171	1088	0	42629
21698	615	2416	552	38772	0	42355
21699	516	37813	176	1586	0	40091
21700	33780	987	102	403	0	35272
21701	974	361	32359	281	0	33975
21702	268	238	735	31904	0	33145
21703	177	186	192	33583	0	34138
21704	158	183	129	34127	0	34597
21705	176	188	115	33743	0	34222
21706	33571	187	82	1144	0	34984
21707	905	31832	146	371	0	33254
21708	37571	828	126	226	0	38751
21709	1030	244	114	38214	0	39602
21710	365	178	138	41482	0	42163
21711	195	42172	138	1432	0	43937
21712	44580	1291	80	608	0	46559
21713	45689	369	90	442	0	46590
21714	1746	44457	84	341	0	46628
21715	546	1503	95	44035	0	46179
21716	398	44913	122	1387	0	46820
21717	45029	1575	145	514	0	47263
21718	1630	506	43572	427	0	46135
21719	530	383	42974	383	0	44270
21720	39697	269	1412	274	0	41652
21721	1304	41039	434	253	0	43030
21722	434	1379	275	41879	0	43967
21723	322	415	176	43092	0	44005
21724	268	323	41370	1670	0	43631
21725	227	211	1230	40581	0	42249
21726	224	210	346	42683	0	43463
21727	228	40647	256	1655	0	42786
21728	251	1352	178	41883	0	43664
21729	208	421	165	43121	0	43915
21730	41310	321	146	1836	0	43613
21731	1311	39868	164	786	0	42129
21732	380	41303	182	558	0	42423
21733	333	1482	117	42263	0	44195
21734	226	456	118	43413	0	44213
21735	170	326	109	42405	0	43010
21736	225	40443	109	1829	0	42606
21737	171	1187	76	41557	0	42991
21738	175	379	70	42443	0	43067
21739	180	287	51	43741	0	44259
21740	142	246	76	43469	0	43933
21741	148	38667	143	2805	0	41763
21742	138	43041	94	790	0	44063
21743	42836	1498	61	554	0	44949
21744	43845	512	70	453	0	44880
21745	1573	352	64	43773	0	45762
21746	561	311	43463	1623	0	45958
21747	342	269	1162	43234	0	45007
21748	288	290	289	43722	0	44589
21749	42754	266	195	1836	0	45051
21750	1416	43196	162	749	0	45523
21751	498	1400	130	43943	0	45971
21752	429	436	134	45416	0	46415
21753	343	338	42488	1926	0	45095
21754	278	290	43734	874	0	45176
21755	219	292	1450	43914	0	45875
21756	202	325	462	44319	0	45308
21757	229	42531	335	1819	0	44914
21758	216	44471	275	845	0	45807
21759	43634	1613	270	639	0	46156
21760	1406	583	227	44189	0	46405
21761	499	472	42686	1708	0	45365
21762	281	40939	896	715	0	42831
21763	207	1061	332	43848	0	45448
21764	42894	455	220	1341	0	44910
21765	960	346	151	42016	0	43473
21766	41365	316	145	1786	0	43612
21767	1029	41048	133	815	0	43025
21768	40210	1085	100	665	0	42060
21769	1196	484	93	41626	0	43399
21770	533	430	43443	1390	0	45796
21771	353	377	1094	43573	0	45397
21772	292	44957	391	1720	0	47360
21773	260	1506	271	46592	0	48629
21774	258	47651	232	1808	0	49949
21775	237	1757	184	51203	0	53381
21776	298	735	48006	2157	0	51196
21777	306	588	46426	1078	0	48398
21778	286	463	46964	894	0	48607
21779	46209	356	1954	822	0	49341
21780	1547	46434	790	778	0	49549
21781	590	49288	502	705	0	51085
21782	48216	2013	331	622	0	51182
21783	48711	858	276	600	0	50445
21784	2025	622	224	47111	0	49982
21785	879	448	47160	2080	0	50567
21786	609	441	45658	971	0	47679
21787	400	348	1912	46223	0	48883
21788	46999	316	760	2164	0	50239
21789	1632	45055	507	1065	0	48259
21790	602	1740	306	46982	0	49630
21791	46408	711	280	2183	0	49582
21792	46865	534	288	1161	0	48848
21793	2018	398	45624	944	0	48984
21794	42191	369	1720	847	0	45127
21795	1973	372	45859	766	0	48970
21796	816	428	45442	669	0	47355
21797	614	431	1908	43979	0	46932
21798	530	387	790	44903	0	46610
21799	516	375	546	45911	0	47348
21800	490	398	42775	2508	0	46171
21801	41722	409	1666	1255	0	45052
21802	1742	382	677	46485	0	49286
21803	44674	300	528	2357	0	47859
21804	44686	390	376	1206	0	46658
21805	2081	43688	416	1054	0	47239
21806	967	45893	462	819	0	48141
21807	717	48377	478	849	0	50421
21808	519	2088	418	44901	0	47926
21809	510	934	42891	2416	0	46751
21810	364	1823	1560	40501	0	44248
21811	396	40723	657	1810	0	43586
21812	377	40490	425	712	0	42004
21813	343	1735	294	39444	0	41816
21814	37949	691	290	1614	0	40544
21815	1428	36918	308	728	0	39382
21816	531	38236	315	652	0	39734
21817	39682	1630	273	499	0	42084
21818	1508	713	230	39807	0	42258
21819	669	507	205	39675	0	41056
21820	536	363	195	40949	0	42043
21821	38742	336	212	2087	0	41377
21822	39605	289	229	1011	0	41134
21823	1879	240	304	39461	0	41884
21824	924	221	36515	1606	0	39266
21825	36801	183	1400	778	0	39162
21826	1563	195	589	38416	0	40763
21827	694	217	36763	1689	0	39363
21828	539	240	36684	816	0	38279
21829	365	178	1664	37951	0	40158
21830	367	189	37997	1980	0	40533
21831	396	155	1613	41113	0	43277
21832	310	255	692	41539	0	42796
21833	399	207	504	43858	0	44968
21834	41617	233	330	2636	0	44816
21835	1742	302	293	42574	0	44911
21836	795	331	297	43542	0	44965
21837	539	387	273	43856	0	45055
21838	390	382	298	44293	0	45363
21839	378	433	37757	2757	0	41325
21840	287	39109	1560	1485	0	42441
21841	266	1693	619	40111	0	42689
21842	252	782	458	38615	0	40107
21843	244	36279	425	2278	0	39226
21844	317	39088	414	1114	0	40933
21845	38094	1984	307	877	0	41262
21846	1672	35853	275	1169	0	38969
21847	717	1879	228	36540	0	39364
21848	621	823	36168	1991	0	39603
21849	35733	583	1418	1009	0	38743
21850	1833	411	34778	948	0	37970
21851	35041	303	1724	709	0	37777
21852	36335	239	662	702	0	37938
21853	2262	232	34883	738	0	38115
21854	1135	479	1711	32942	0	36267
21855	786	35529	736	1877	0	38928
21856	565	1566	651	37419	0	40201
21857	39295	562	464	2266	0	42587
21858	40759	406	455	1157	0	42777
21859	2438	39146	472	1026	0	43082
21860	41119	1930	462	835	0	44346
21861	2465	585	389	39831	0	43270
21862	39848	637	416	2574	0	43475
21863	42099	353	392	1281	0	44125
21864	2724	309	284	41047	0	44364
21865	40782	295	306	2708	0	44091
21866	41591	338	264	1408	0	43601
21867	2635	386	38799	1205	0	43025
21868	39393	379	1888	1039	0	42699
21869	2591	400	38423	894	0	42308
21870	930	354	35065	737	0	37086
21871	706	33896	1930	717	0	37249
21872	709	1493	729	33375	0	36306
21873	449	576	33704	1760	0	36489
21874	399	427	31357	1204	0	33387
21875	30543	244	1597	575	0	32959
21876	1440	275	665	30816	0	33196
21877	584	305	452	34201	0	35542
21878	459	327	341	34638	0	35765
21879	362	351	280	34647	0	35640
21880	416	322	252	35085	0	36075
21881	439	366	32257	2093	0	35155
21882	490	324	32752	995	0	34561
21883	474	287	1472	33744	0	35977
21884	33272	274	612	1795	0	35953
21885	1453	31954	449	973	0	34829
21886	725	1242	312	33592	0	35871
21887	33808	367	310	1848	0	36333
21888	1621	32896	331	1263	0	36111
21889	830	1234	300	35074	0	37438
21890	747	430	280	36136	0	37593
21891	569	302	324	36599	0	37794
21892	35019	174	359	2190	0	37742
21893	1602	180	33112	1115	0	36009
21894	33400	208	1414	871	0	35893
21895	1669	160	609	34547	0	36985
21896	677	188	539	34378	0	35782
21897	541	32642	467	2059	0	35709
21898	471	1269	32076	1130	0	34946
21899	31333	421	1293	974	0	34021
21900	33418	326	533	1407	0	35684
21901	1781	206	32446	832	0	35265
21902	30391	224	1272	795	0	32682
21903	1664	32208	559	806	0	35237
21904	719	32272	486	694	0	34171
21905	590	33199	383	676	0	34848
21906	30273	2359	373	529	0	33534
21907	1459	580	30149	459	0	32647
21908	562	1182	1016	26778	0	29538
21909	389	26763	380	1011	0	28543
21910	278	26189	173	395	0	27035
21911	275	26275	143	326	0	27019
21912	596	1088	164	22808	0	24656
21913	24860	317	115	948	0	26240
21914	889	24330	103	431	0	25753
21915	411	837	92	24973	0	26313
21916	352	271	116	25740	0	26479
21917	24119	180	151	1078	0	25528
21918	977	158	166	24012	0	25313
21919	416	136	134	25302	0	25988
21920	302	152	25611	1172	0	27237
21921	287	150	780	25842	0	27059
21922	298	142	294	27182	0	27916
21923	26177	90	255	1134	0	27656
21924	26469	97	216	454	0	27236
21925	1120	82	188	26258	0	27648
21926	25728	128	169	1044	0	27069
21927	25948	148	146	480	0	26722
21928	1051	25147	188	384	0	26770
21929	456	806	24785	279	0	26326
21930	359	24269	813	246	0	25687
21931	1250	1090	438	21426	0	24204
21932	20736	152	471	611	0	21970
21933	553	19808	113	239	0	20713
21934	167	501	71	20950	0	21689
21935	20862	161	75	591	0	21689
21936	21008	141	80	212	0	21441
21937	579	112	77	20519	0	21287
21938	175	100	21072	644	0	21991
21939	146	84	402	21654	0	22286
21940	99	85	103	22750	0	23037
21941	119	95	21938	717	0	22869
21942	129	47	446	21625	0	22247
21943	157	54	132	22624	0	22967
21944	23085	65	102	691	0	23943
21945	515	63	73	23099	0	23750
21946	146	64	64	23507	0	23781
21947	23462	77	65	692	0	24296
21948	22797	65	105	245	0	23212
21949	22979	38	81	211	0	23309
21950	758	77	21961	165	0	22961
21951	270	63	514	21631	0	22478
21952	171	21660	135	574	0	22540
21953	177	583	71	22954	0	23785
21954	199	392	22464	600	0	23655
21955	157	118	400	20156	0	20831
21956	119	104	21459	483	0	22165
21957	18103	28	149	103	0	18383
21958	19125	21	61	60	0	19267
21959	188	23	19	19315	0	19545
21960	86	21	13	19353	0	19473
21961	50	14	13	19641	0	19718
21962	41	18856	28	200	0	19125
21963	19620	115	14	94	0	19843
21964	19519	52	22	52	0	19645
21965	181	22	25	19086	0	19314
21966	73	13	18	18938	0	19042
21967	39	23	23	19359	0	19444
21968	39	5	17	19551	0	19612
21969	43	22	18839	241	0	19145
21970	35	10	123	19053	0	19221
21971	19698	13	63	200	0	19974
21972	18871	17	24	106	0	19018
21973	210	14	19	18442	0	18685
21974	110	16	18352	172	0	18650
21975	18128	18	130	86	0	18362
21976	177	16	67	18715	0	18975
21977	84	16924	46	166	0	17220
21978	36	17747	40	101	0	17924
21979	18576	191	16	56	0	18839
21980	162	81	19	18655	0	18917
21981	79	25	26	19243	0	19373
21982	39	19	29	19512	0	19599
21983	47	18	21	19535	0	19621
21984	53	6	24	22187	0	22270
21985	51	14	21527	586	0	22178
21986	46	18	21310	289	0	21663
21987	40	27	21115	204	0	21386
21988	35	18	691	20445	0	21189
21989	74	28	21352	508	0	21962
21990	61	15	579	20861	0	21516
21991	51	13	264	21327	0	21655
21992	41	18	154	22509	0	22722
21993	23361	18	96	864	0	24339
21994	471	19	100	23395	0	23985
21995	222	11	115	24190	0	24538
21996	23842	13	138	811	0	24804
21997	511	22911	152	451	0	24025
21998	266	24154	143	585	0	25148
21999	25625	684	87	254	0	26650
22000	583	26000	106	227	0	26916
22001	25687	626	46	173	0	26532
22002	25967	236	34	187	0	26424
22003	26119	167	23	180	0	26489
22004	26048	78	34	158	0	26318
22005	26278	72	27	134	0	26511
22006	888	24996	26	172	0	26082
22007	26062	556	26	108	0	26752
22008	26033	297	33	93	0	26456
22009	861	24899	58	92	0	25910
22010	26752	600	59	87	0	27498
22011	27569	281	69	83	0	28002
22012	30436	201	42	113	0	30792
22013	33007	111	41	112	0	33271
22014	1805	121	35428	97	0	37451
22015	772	127	1425	38061	0	40385
22016	552	123	393	40638	0	41706
22017	431	153	38912	2030	0	41526
22018	346	175	39342	810	0	40673
22019	38751	89	1978	514	0	41332
22020	1848	122	766	39911	0	42647
22021	818	109	39968	1679	0	42574
22022	682	106	40305	523	0	41616
22023	39536	87	2091	438	0	42152
22024	41676	113	849	272	0	42910
22025	41996	65	560	229	0	42850
22026	2557	105	40274	215	0	43151
22027	1148	67	1728	40027	0	42970
22028	812	53	40643	1771	0	43279
22029	39577	65	2065	643	0	42350
22030	2039	79	40578	504	0	43200
22031	858	66	2038	39203	0	42165
22032	680	100	849	39009	0	40638
22033	490	40550	630	1894	0	43564
22034	42046	1680	416	895	0	45037
22035	2111	541	41449	607	0	44708
22036	41826	348	1957	404	0	44535
22037	2417	183	42669	275	0	45544
22038	993	91	2213	40996	0	44293
22039	786	68	947	42641	0	44442
22040	532	79	750	43531	0	44892
22041	41592	95	529	2692	0	44908
22042	2112	114	410	41710	0	44346
22043	965	124	324	42488	0	43901
22044	814	39597	394	2514	0	43319
22045	647	1684	404	42004	0	44739
22046	40636	515	483	2505	0	44139
22047	2217	411	39271	1052	0	42951
22048	944	188	1908	39605	0	42645
22049	834	275	38325	2265	0	41699
22050	595	36349	2182	1184	0	40310
22051	581	1659	38746	910	0	41896
22052	39223	608	2248	740	0	42819
22053	41357	439	995	629	0	43420
22054	2529	261	843	39653	0	43286
22055	40181	195	683	2198	0	43257
22056	40770	163	619	1080	0	42632
22057	2824	130	545	39490	0	42989
22058	1410	146	588	40792	0	42936
22059	1092	193	39538	2731	0	43554
22060	804	39320	2072	1380	0	43576
22061	40283	1793	940	982	0	43998
22062	2238	39029	774	1357	0	43398
22063	1228	2017	590	40040	0	43875
22064	1146	760	460	41721	0	44087
22065	891	528	472	42117	0	44008
22066	797	299	466	42749	0	44311
22067	724	273	39330	3079	0	43406
22068	38450	252	2046	1605	0	42353
22069	41810	217	1009	1122	0	44158
22070	2689	301	774	40410	0	44174
22071	40812	249	581	2369	0	44011
22072	2661	267	466	40651	0	44045
22073	1366	278	38483	2696	0	42823
22074	1059	247	1950	38977	0	42233
22075	845	37801	891	2648	0	42185
22076	728	1729	744	37922	0	41123
22077	633	37968	590	2581	0	41772
22078	672	2062	487	35836	0	39057
22079	704	37411	464	2502	0	41081
22080	36987	2139	406	1355	0	40887
22081	2184	793	35268	1350	0	39595
22082	1015	34404	1881	1091	0	38391
22083	810	36589	914	968	0	39281
22084	809	2005	602	33432	0	36848
22085	538	731	530	34504	0	36303
22086	581	482	459	34752	0	36274
22087	640	285	447	34954	0	36326
22088	593	32316	459	2417	0	35785
22089	593	1474	396	33245	0	35708
22090	532	559	417	34448	0	35956
22091	32398	424	429	2331	0	35582
22092	1835	343	315	33454	0	35947
22093	791	240	30249	2214	0	33494
22094	736	285	29719	1069	0	31809
22095	28461	259	1668	960	0	31348
22096	1581	29021	662	860	0	32124
22097	662	30424	461	755	0	32302
22098	899	1800	454	28550	0	31703
22099	394	772	274	29523	0	30963
22100	384	579	26374	2036	0	29373
22101	26151	391	1401	1023	0	28966
22102	27964	320	513	905	0	29702
22103	1818	254	28341	811	0	31224
22104	762	216	28587	819	0	30384
22105	28094	189	1609	764	0	30656
22106	29832	184	672	735	0	31423
22107	29911	230	466	643	0	31250
22108	29839	208	262	664	0	30973
22109	2066	27826	227	606	0	30725
22110	28770	1349	212	576	0	30907
22111	1768	541	26263	771	0	29343
22112	582	362	23882	402	0	25228
22113	375	208	23205	304	0	24092
22114	288	1712	734	15333	0	18067
22115	15705	19	72	189	0	15985
22116	15615	30	34	117	0	15796
22117	233	32	32	16384	0	16681
22118	107	46	33	16790	0	16976
22119	70	37	31	17260	0	17398
22120	53	16956	46	253	0	17308
22121	19209	171	27	130	0	19537
22122	18861	99	23	92	0	19075
22123	19404	38	25	94	0	19561
22124	19389	28	16	113	0	19546
22125	19391	23	29	87	0	19530
22126	270	24	27	18438	0	18759
22127	139	17734	41	204	0	18118
22128	85	144	28	18190	0	18447
22129	79	69	25	18183	0	18356
22130	18336	37	23	234	0	18630
22131	211	46	18035	132	0	18424
22132	109	44	16470	71	0	16694
22133	51	54	15768	49	0	15922
22134	16500	15	93	38	0	16646
22135	16642	8	206	24	0	16880
22136	80	26	25	17098	0	17229
22137	48	16	22	17372	0	17458
22138	32	10	23	18122	0	18187
22139	27	6	18123	185	0	18341
22140	23	7	115	17030	0	17175
22141	38	17	18748	147	0	18950
22142	21	6	124	18284	0	18435
22143	10	6	74	18459	0	18549
22144	12	7	28	19959	0	20006
22145	19911	4	19	193	0	20127
22146	19306	4	20	113	0	19443
22147	178	15	19215	62	0	19470
22148	18860	4	121	56	0	19041
22149	19698	7	59	49	0	19813
22150	184	8	33	19574	0	19799
22151	19924	10	17	141	0	20092
22152	158	3	18	19336	0	19515
22153	93	4	12	19394	0	19503
22154	62	15	18791	192	0	19060
22155	17176	15	123	108	0	17422
22156	142	8	62	19282	0	19494
22157	86	9	21010	154	0	21259
22158	59	20	22640	102	0	22821
22159	40	96	189	20395	0	20720
22160	23	3	95	20992	0	21113
22161	21530	9	47	220	0	21806
22162	159	7	32	21065	0	21263
22163	86	8	32	21645	0	21771
22164	60	6	41	21946	0	22053
22165	48	4	41	22677	0	22770
22166	23594	2	44	327	0	23967
22167	23530	2	55	200	0	23787
22168	25256	6	44	137	0	25443
22169	26480	2	27	117	0	26626
22170	510	5	30	26550	0	27095
22171	27101	1	21	442	0	27565
22172	448	4	32	26800	0	27284
22173	27283	5	37	436	0	27761
22174	502	7	34	26716	0	27259
22175	231	7	35	26748	0	27021
22176	156	26986	35	529	0	27706
22177	111	362	14	28574	0	29061
22178	27830	128	24	518	0	28500
22179	26552	55	41	243	0	26891
22180	595	44	27424	140	0	28203
22181	229	27099	382	150	0	27860
22182	28158	371	148	88	0	28765
22183	428	28864	93	115	0	29500
22184	28982	409	46	87	0	29524
22185	455	29474	69	96	0	30094
22186	224	436	29645	94	0	30399
22187	122	30096	395	116	0	30729
22188	97	30776	155	117	0	31145
22189	95	526	68	32064	0	32753
22190	33253	192	31	493	0	33969
22191	446	84	23	32782	0	33335
22192	211	52	30	32817	0	33110
22193	33092	39	27	636	0	33794
22194	33530	43	24	267	0	33864
22195	608	36	19	33507	0	34170
22196	272	37	21	33635	0	33965
22197	164	37	20	34716	0	34937
22198	34575	28	32	670	0	35305
22199	517	38	33921	277	0	34753
22200	266	38	386	33781	0	34471
22201	169	70	34913	518	0	35670
22202	119	32862	467	292	0	33740
22203	157	437	32819	173	0	33586
22204	117	191	447	32036	0	32791
22205	140	104	32939	519	0	33702
22206	31946	59	475	250	0	32730
22207	494	61	180	35095	0	35830
22208	223	35407	127	551	0	36308
22209	176	461	58	36600	0	37295
22210	148	35916	62	546	0	36672
22211	123	35931	65	295	0	36414
22212	126	34670	67	191	0	35054
22213	128	615	46	33427	0	34216
22214	134	33694	74	481	0	34383
22215	33726	457	49	210	0	34442
22216	497	216	32007	175	0	32895
22217	258	174	30012	154	0	30598
22218	196	91	31194	143	0	31624
22219	162	69	529	31758	0	32518
22220	137	74	205	30974	0	31390
22221	137	59	111	30751	0	31058
22222	142	80	65	31213	0	31500
22223	151	86	48	30104	0	30389
22224	164	30123	57	681	0	31025
22225	229	439	29855	315	0	30838
22226	215	245	29349	227	0	30036
22227	197	30185	569	187	0	31138
22228	182	481	229	32031	0	32923
22229	183	237	117	32487	0	33024
22230	209	162	75	32193	0	32639
22231	31949	124	78	764	0	32915
22232	578	120	31330	415	0	32443
22233	31069	145	450	289	0	31953
22234	31605	138	216	257	0	32216
22235	670	29503	204	240	0	30617
22236	280	31347	102	194	0	31923
22237	31584	509	102	168	0	32363
22238	498	224	96	31152	0	31970
22239	268	153	81	33130	0	33632
22240	224	149	33255	754	0	34382
22241	212	179	32086	649	0	33126
22242	155	157	697	33401	0	34410
22243	34376	167	312	688	0	35543
22244	632	191	34017	334	0	35174
22245	35211	177	653	247	0	36288
22246	757	161	270	36913	0	38101
22247	327	155	168	39930	0	40580
22248	202	120	119	41723	0	42164
22249	188	139	40303	1304	0	41934
22250	171	38565	878	568	0	40182
22251	159	42321	318	393	0	43191
22252	43263	1158	181	303	0	44905
22253	43147	385	159	899	0	44590
22254	1261	224	114	43200	0	44799
22255	44672	142	123	1265	0	46202
22256	1282	167	42783	533	0	44765
22257	455	156	41306	407	0	42324
22258	263	127	1244	39652	0	41286
22259	41344	124	488	1186	0	43142
22260	1077	135	318	41314	0	42844
22261	350	118	254	43168	0	43890
22262	42058	122	215	1450	0	43845
22263	42712	120	204	622	0	43658
22264	1315	45134	200	466	0	47115
22265	47147	1178	170	300	0	48795
22266	1518	305	143	44827	0	46793
22267	440	44330	142	1422	0	46334
22268	44027	1187	104	413	0	45731
22269	1263	43212	142	295	0	44912
22270	364	1194	103	43946	0	45607
22271	43938	329	80	1285	0	45632
22272	1357	222	42854	370	0	44803
22273	422	177	42889	247	0	43735
22274	279	101	1242	41705	0	43327
22275	210	81	342	43836	0	44469
22276	160	108	171	42948	0	43387
22277	173	42313	164	1369	0	44019
22278	44064	1208	102	463	0	45837
22279	43825	368	88	320	0	44601
22280	43905	212	67	226	0	44410
22281	1586	45312	100	411	0	47409
22282	571	1388	82	50368	0	52409
22283	380	335	87	51308	0	52110
22284	267	240	121	51870	0	52498
22285	47363	173	146	2252	0	49934
22286	1586	46393	131	772	0	48882
22287	514	1595	69	47246	0	49424
22288	348	450	59	48712	0	49569
22289	310	327	44052	2145	0	46834
22290	276	44092	1412	760	0	46540
22291	290	1623	346	44987	0	47246
22292	285	483	206	46437	0	47411
22293	327	335	131	47007	0	47800
22294	44512	233	115	2341	0	47201
22295	1711	43643	109	975	0	46438
22296	44898	1710	99	662	0	47369
22297	1936	561	111	44959	0	47567
22298	44750	391	111	2096	0	47348
22299	1962	350	42976	881	0	46169
22300	44544	215	1618	766	0	47143
22301	46446	245	457	666	0	47814
22302	2226	314	44661	647	0	47848
22303	840	298	1589	45682	0	48409
22304	553	283	441	47677	0	48954
22305	49231	308	291	2482	0	52312
22306	1917	282	246	49571	0	52016
22307	776	276	230	49737	0	51019
22308	589	289	206	49663	0	50747
22309	540	295	45722	2674	0	49231
22310	41700	255	1590	1239	0	44784
22311	2004	45917	502	904	0	49327
22312	846	1770	308	46893	0	49817
22313	741	46447	282	2101	0	49571
22314	622	49256	287	968	0	51133
22315	552	2123	248	49456	0	52379
22316	566	723	47453	2388	0	51130
22317	598	475	47860	1032	0	49965
22318	538	356	2087	48215	0	51196
22319	567	302	47832	2500	0	51201
22320	46938	280	1975	1137	0	50330
22321	2119	321	637	49554	0	52631
22322	829	306	393	50377	0	51905
22323	620	48787	351	2800	0	52558
22324	462	1964	350	50996	0	53772
22325	410	670	292	51028	0	52400
22326	442	48285	364	2831	0	51922
22327	458	2197	374	50718	0	53747
22328	452	727	329	51465	0	52973
22329	473	49172	354	2880	0	52879
22330	50564	2133	394	1324	0	54415
22331	2244	834	48936	1079	0	53093
22332	841	633	49228	944	0	51646
22333	681	645	2285	48295	0	51906
22334	476	463	837	51805	0	53581
22335	524	386	48906	3050	0	52866
22336	454	438	48115	1510	0	50517
22337	43860	567	2370	1169	0	47966
22338	2070	49943	880	1069	0	53962
22339	49955	2035	437	943	0	53370
22340	2232	698	48113	1000	0	52043
22341	739	48752	1916	941	0	52348
22342	520	2194	1245	50715	0	54674
22343	438	709	51432	2554	0	55133
22344	397	553	51196	1146	0	53292
22345	696	1131	2349	52349	0	56525
22346	466	496	53862	2775	0	57599
22347	359	52367	2180	1199	0	56105
22348	396	2036	872	54007	0	57311
22349	464	818	53630	2471	0	57383
22350	342	54230	2252	1216	0	58040
22351	54509	2009	905	813	0	58236
22352	2096	776	53521	721	0	57114
22353	833	53932	2046	667	0	57478
22354	968	2078	908	54438	0	58392
22355	459	830	628	57375	0	59292
22356	55709	587	513	2717	0	59526
22357	2010	453	473	55571	0	58507
22358	784	385	472	57363	0	59004
22359	55227	387	527	2928	0	59069
22360	1990	392	443	55952	0	58777
22361	775	330	53276	2764	0	57145
22362	469	335	2066	53801	0	56671
22363	375	333	56262	2708	0	59678
22364	337	325	52372	1217	0	54251
22365	282	369	52816	790	0	54257
22366	363	355	2251	47770	0	50739
22367	288	256	1266	53840	0	55650
22368	54052	281	633	2180	0	57146
22369	1662	317	448	51854	0	54281
22370	758	53555	427	2141	0	56881
22371	475	1554	401	57500	0	59930
22372	316	661	405	56880	0	58262
22373	272	56344	424	2450	0	59490
22374	56779	1625	405	1324	0	60133
22375	55738	652	436	944	0	57770
22376	1905	54950	471	858	0	58184
22377	764	57122	418	740	0	59044
22378	1276	1908	889	56179	0	60252
22379	57326	796	544	1845	0	60511
22380	1649	552	56811	1025	0	60037
22381	626	346	52216	706	0	53894
22382	46389	454	1339	319	0	48501
22383	1054	50231	674	300	0	52259
22384	486	1028	373	51496	0	53383
22385	358	496	292	52256	0	53402
22386	224	363	265	53732	0	54584
22387	208	254	210	53539	0	54211
22388	163	51322	261	1731	0	53477
22389	168	1046	227	54896	0	56337
22390	54026	464	205	1565	0	56260
22391	1082	331	222	53919	0	55554
22392	561	251	227	55031	0	56070
22393	54988	243	219	1713	0	57163
22394	54682	201	268	951	0	56102
22395	55408	192	289	649	0	56538
22396	55814	179	256	544	0	56793
22397	1671	163	296	54410	0	56540
22398	55155	202	289	1317	0	56963
22399	1434	169	279	54751	0	56633
22400	54415	206	278	1459	0	56358
22401	53800	179	225	828	0	55032
22402	1596	177	228	53502	0	55503
22403	1224	209	51377	1403	0	54213
22404	51680	186	1107	845	0	53818
22405	53483	210	580	641	0	54914
22406	53145	221	448	515	0	54329
22407	52618	206	302	501	0	53627
22408	1763	158	321	54457	0	56699
22409	918	242	54473	1333	0	56966
22410	589	276	53493	781	0	55139
22411	52419	221	1704	602	0	54946
22412	56548	238	687	443	0	57916
22413	1542	54597	477	492	0	57108
22414	777	56077	338	433	0	57625
22415	58227	1287	238	364	0	60116
22416	1279	620	241	56563	0	58703
22417	688	408	218	57891	0	59205
22418	57473	241	226	1588	0	59528
22419	1233	55641	196	984	0	58054
22420	57771	963	170	667	0	59571
22421	1392	464	55608	584	0	58048
22422	55652	261	975	547	0	57435
22423	1377	208	458	57104	0	59147
22424	739	179	57286	1364	0	59568
22425	528	56901	1122	875	0	59426
22426	446	845	520	60525	0	62336
22427	466	405	63949	1275	0	66095
22428	368	361	1097	62448	0	64274
22429	65096	134	583	1368	0	67181
22430	1267	174	63602	786	0	65829
22431	60321	112	1125	578	0	62136
22432	1390	62942	659	464	0	65455
22433	751	993	430	66314	0	68488
22434	643	522	65590	1585	0	68340
22435	415	325	1054	65237	0	67031
22436	434	227	67272	1418	0	69351
22437	401	64608	1196	828	0	67033
22438	63641	919	499	477	0	65536
22439	1046	64050	375	376	0	65847
22440	631	1125	208	63816	0	65780
22441	458	594	186	64348	0	65586
22442	382	392	61189	1364	0	63327
22443	47184	286	885	844	0	49199
22444	875	56970	550	496	0	58891
22445	354	53356	216	227	0	54153
22446	220	54365	142	225	0	54952
22447	126	589	417	51404	0	52536
22448	101	50974	102	390	0	51567
22449	116	438	70	49842	0	50466
22450	91	48777	80	455	0	49403
22451	115	470	63	49087	0	49735
22452	110	48937	91	445	0	49583
22453	49610	472	94	236	0	50412
22454	393	299	47941	173	0	48806
22455	45854	176	629	154	0	46813
22456	47701	120	181	131	0	48133
22457	49512	102	121	143	0	49878
22458	547	48605	112	101	0	49365
22459	50647	354	83	93	0	51177
22460	50030	198	85	100	0	50413
22461	50601	144	82	96	0	50923
22462	669	106	49631	95	0	50501
22463	376	86	363	46966	0	47791
22464	260	121	49586	422	0	50389
22465	197	86	438	48125	0	48846
22466	48893	88	244	499	0	49724
22467	463	46583	187	312	0	47545
22468	302	427	50804	169	0	51702
22469	190	257	770	49966	0	51183
22470	110	146	269	57251	0	57776
22471	149	125	64688	1603	0	66565
22472	64154	117	1901	384	0	66556
22473	68511	111	521	257	0	69400
22474	70226	79	256	147	0	70708
22475	2902	101	155	69083	0	72241
22476	948	66677	220	2169	0	70014
22477	496	71781	156	697	0	73130
22478	310	2621	117	70915	0	73963
22479	262	862	121	70260	0	71505
22480	207	68671	147	3239	0	72264
22481	69627	2224	101	971	0	72923
22482	2257	69380	136	529	0	72302
22483	718	2420	110	69158	0	72406
22484	447	840	66828	2404	0	70519
22485	257	518	2115	67937	0	70827
22486	68113	310	657	2647	0	71727
22487	2420	272	66051	913	0	69656
22488	67026	272	2231	518	0	70047
22489	70184	195	728	385	0	71492
22490	70641	217	406	309	0	71573
22491	71454	186	230	337	0	72207
22492	71994	171	360	284	0	72809
22493	3413	193	66299	242	0	70147
22494	1439	251	68194	223	0	70107
22495	74449	145	2882	210	0	77686
22496	78448	189	967	183	0	79787
22497	3884	201	446	77814	0	82345
22498	1528	79255	332	2845	0	83960
22499	841	2976	260	82576	0	86653
22500	82309	1062	228	3469	0	87068
22501	3374	601	199	78607	0	82781
22502	1327	81741	229	3302	0	86599
22503	83347	3150	172	1246	0	87915
22504	82743	1221	182	707	0	84853
22505	82310	643	177	612	0	83742
22506	4412	79937	258	507	0	85114
22507	1838	3089	217	80870	0	86014
22508	1192	1151	193	79382	0	81918
22509	975	75394	215	3978	0	80562
22510	1076	3165	186	78077	0	82504
22511	76456	1197	165	3818	0	81636
22512	76870	766	132	1702	0	79470
22513	4380	73832	187	1239	0	79638
22514	1958	3347	182	74910	0	80397
22515	1329	1221	275	77178	0	80003
22516	1103	762	303	79118	0	81286
22517	75338	685	324	4935	0	81282
22518	4223	701	71699	2086	0	78709
22519	73104	477	3024	1432	0	78037
22520	4733	655	72500	1109	0	78997
22521	2345	698	3297	69565	0	75905
22522	1850	69752	1287	3935	0	76824
22523	1550	75935	729	2292	0	80506
22524	72019	4477	472	1803	0	78771
22525	71966	2290	355	1324	0	75935
22526	4896	69434	401	1582	0	76313
22527	2681	68713	248	994	0	72636
22528	68418	4538	272	1172	0	74400
22529	70133	2333	279	1329	0	74074
22530	4754	69513	328	1974	0	76569
22531	72773	3919	334	1409	0	78435
22532	5019	1737	68257	1306	0	76319
22533	70567	1330	3260	1029	0	76186
22534	72349	1031	1395	1145	0	75920
22535	5384	861	951	68642	0	75838
22536	2782	66697	838	3982	0	74299
22537	2211	3639	539	70123	0	76512
22538	69322	1765	555	4223	0	75865
22539	5332	1067	481	68162	0	75042
22540	3035	1011	592	71535	0	76173
22541	2445	1035	67149	5052	0	75681
22542	2065	1028	3377	70181	0	76651
22543	1928	839	1450	73472	0	77689
22544	71500	875	914	5057	0	78346
22545	4624	1120	68898	2455	0	77097
22546	71130	1083	3440	1692	0	77345
22547	5064	957	1601	70774	0	78396
22548	2698	1036	891	73604	0	78229
22549	2329	1161	515	72525	0	76530
22550	2096	67130	512	5233	0	74971
22551	2057	71169	485	2937	0	76648
22552	2053	4710	418	69932	0	77113
22553	69668	2035	457	4560	0	76720
22554	72059	1513	543	2258	0	76373
22555	5824	1080	436	69839	0	77179
22556	70615	867	590	4512	0	76584
22557	4999	1090	704	69901	0	76694
22558	3005	954	344	72671	0	76974
22559	66925	836	661	5566	0	73988
22560	4899	67652	574	2912	0	76037
22561	69492	3656	510	2163	0	75821
22562	70483	1472	343	2425	0	74723
22563	67536	1196	490	2239	0	71461
22564	5025	64143	423	2502	0	72093
22565	2802	4223	379	65483	0	72887
22566	2017	2251	515	68778	0	73561
22567	1785	1179	61999	5756	0	70719
22568	1841	2902	2961	60399	0	68103
22569	2025	849	57633	4380	0	64887
22570	1489	51355	2480	2604	0	57928
22571	1307	41703	894	1647	0	45551
22572	902	40668	671	1241	0	43482
22573	1101	2071	362	41124	0	44658
22574	1164	1090	254	41716	0	44224
22575	782	907	162	39288	0	41139
22576	778	781	137	39827	0	41523
22577	973	643	36027	2506	0	40149
22578	1138	681	42936	1351	0	46106
22579	814	584	1841	46113	0	49352
22580	836	488	45510	2747	0	49581
22581	45472	280	1901	1720	0	49373
22582	47400	368	1059	1545	0	50372
22583	2813	336	45275	1210	0	49634
22584	1490	313	1877	45792	0	49472
22585	1067	594	896	47369	0	49926
22586	1163	728	522	48182	0	50595
22587	971	863	403	47319	0	49556
22588	999	566	415	48536	0	50516
22589	41155	469	507	3351	0	45482
22590	44900	308	362	2292	0	47862
22591	2294	43985	406	1804	0	48489
22592	1187	1804	42330	1525	0	46846
22593	800	42421	1919	1385	0	46525
22594	629	42625	1228	1055	0	45537
22595	36294	1544	346	609	0	38793
22596	1335	35690	322	650	0	37997
22597	513	32552	214	429	0	33708
22598	31146	1543	201	307	0	33197
22599	1115	559	29983	272	0	31929
22600	29520	346	864	308	0	31038
22601	1039	280	381	29480	0	31180
22602	527	238	231	28738	0	29734
22603	385	196	199	29612	0	30392
22604	339	204	26930	1424	0	28897
22605	311	27050	864	804	0	29029
22606	28310	804	338	649	0	30101
22607	982	320	244	28296	0	29842
22608	406	27792	238	1387	0	29823
22609	254	982	238	29577	0	31051
22610	323	491	28509	1248	0	30571
22611	338	355	939	28832	0	30464
22612	319	389	381	30222	0	31311
22613	309	312	234	30032	0	30887
22614	29463	297	215	1576	0	31551
22615	1093	241	231	29997	0	31562
22616	552	207	28672	1542	0	30973
22617	378	29421	1020	895	0	31714
22618	371	961	383	30477	0	32192
22619	369	430	262	31635	0	32696
22620	361	293	29022	1644	0	31320
22621	357	280	28409	826	0	29872
22622	27938	281	1353	680	0	30252
22623	28066	289	604	607	0	29566
22624	1325	27782	435	620	0	30162
22625	28158	1041	374	583	0	30156
22626	1261	495	27407	519	0	29682
22627	683	280	27525	553	0	29041
22628	26429	451	1253	520	0	28653
22629	26269	215	1476	565	0	28525
22630	1251	161	24701	556	0	26669
22631	24976	142	931	489	0	26538
22632	1141	129	24789	424	0	26483
22633	24890	150	1037	349	0	26426
22634	25391	248	544	300	0	26483
22635	1263	263	378	23833	0	25737
22636	666	26515	404	951	0	28536
22637	26003	958	375	509	0	27845
22638	1103	496	27024	325	0	28948
22639	673	26614	993	339	0	28619
22640	27581	1031	407	332	0	29351
22641	26098	507	305	337	0	27247
22642	1280	25327	376	386	0	27369
22643	731	923	367	26077	0	28098
22644	578	438	25158	1115	0	27289
22645	496	319	1012	25336	0	27163
22646	510	330	25153	1201	0	27194
22647	433	255	1096	24898	0	26682
22648	366	244	656	26018	0	27284
22649	422	261	24582	1330	0	26595
22650	395	23733	1113	821	0	26062
22651	403	877	563	24540	0	26383
22652	391	473	23132	1236	0	25232
22653	24150	317	988	745	0	26200
22654	1061	314	542	25282	0	27199
22655	573	291	424	26038	0	27326
22656	25142	252	419	1439	0	27252
22657	1218	267	326	24187	0	25998
22658	782	233	280	23879	0	25174
22659	533	24786	341	1337	0	26997
22660	478	988	303	25564	0	27333
22661	390	457	24181	1461	0	26489
22662	406	269	1086	23322	0	25083
22663	381	23637	582	1280	0	25880
22664	361	24925	470	794	0	26550
22665	335	1245	406	25099	0	27085
22666	24891	628	361	1279	0	27159
22667	1101	447	425	24952	0	26925
22668	25803	478	401	1265	0	27947
22669	1298	308	403	25610	0	27619
22670	25585	287	431	1323	0	27626
22671	26399	260	335	838	0	27832
22672	1637	446	276	26194	0	28553
22673	895	564	364	25640	0	27463
22674	725	23105	351	2072	0	26253
22675	644	25542	335	936	0	27457
22676	645	1092	24136	809	0	26682
22677	518	25161	971	702	0	27352
22678	18445	789	512	277	0	20023
22679	501	245	200	18409	0	19355
22680	286	17445	161	630	0	18522
22681	19162	448	138	303	0	20051
22682	522	230	134	18864	0	19750
22683	327	165	138	18829	0	19459
22684	252	89	136	19426	0	19903
22685	200	127	155	19259	0	19741
22686	227	18724	137	731	0	19819
22687	195	19946	153	423	0	20717
22688	20478	551	119	274	0	21422
22689	562	20130	128	268	0	21088
22690	258	535	113	20494	0	21400
22691	210	249	119	20800	0	21378
22692	202	203	89	20784	0	21278
22693	157	168	102	21071	0	21498
22694	20491	157	89	795	0	21532
22695	20519	148	87	415	0	21169
22696	710	133	19527	340	0	20710
22697	339	128	453	19981	0	20901
22698	255	124	20101	719	0	21199
22699	224	125	526	20898	0	21773
22700	187	115	231	21638	0	22171
22701	22494	139	173	874	0	23680
22702	639	151	149	22667	0	23606
22703	306	158	22627	852	0	23943
22704	218	166	21559	476	0	22419
22705	22338	162	756	462	0	23718
22706	727	146	22685	336	0	23894
22707	316	89	687	22390	0	23482
22708	233	124	22383	892	0	23632
22709	193	458	626	21555	0	22832
22710	204	21123	325	798	0	22450
22711	152	564	203	21554	0	22473
22712	127	20696	352	790	0	21965
22713	183	21591	245	550	0	22569
22714	134	569	207	21065	0	21975
22715	20590	219	237	716	0	21762
22716	509	20696	298	563	0	22066
22717	269	497	280	21139	0	22185
22718	21557	190	317	825	0	22889
22719	21977	161	189	399	0	22726
22720	22070	135	313	389	0	22907
22721	674	168	368	21588	0	22798
22722	278	219	387	22336	0	23220
22723	22153	130	140	1241	0	23664
22724	22351	315	225	473	0	23364
22725	23000	263	95	761	0	24119
22726	717	323	350	22744	0	24134
22727	402	309	21654	716	0	23081
22728	21400	308	480	465	0	22653
22729	836	128	343	21172	0	22479
22730	418	22465	123	923	0	23929
22731	343	608	230	22645	0	23826
22732	453	21766	109	983	0	23311
22733	526	696	54	23031	0	24307
22734	490	321	22828	923	0	24562
22735	330	22302	384	650	0	23666
22736	358	642	339	20940	0	22279
22737	464	223	85	20922	0	21694
22738	611	143	75	20676	0	21505
22739	21533	332	117	705	0	22687
22740	626	21202	72	798	0	22698
22741	540	511	179	22820	0	24050
22742	23188	255	100	705	0	24248
22743	23198	144	127	540	0	24009
22744	716	348	65	23149	0	24278
22745	302	175	24026	1162	0	25665
22746	464	280	583	24285	0	25612
22747	394	24318	177	1074	0	25963
22748	453	699	233	25666	0	27051
22749	25155	365	116	1170	0	26806
22750	635	251	306	26772	0	27964
22751	565	171	27977	1062	0	29775
22752	257	28267	650	833	0	30007
22753	30109	938	186	492	0	31725
22754	838	420	29401	632	0	31291
22755	30125	393	682	523	0	31723
22756	884	219	248	32703	0	34054
22757	593	130	383	32687	0	33793
22758	307	32647	169	1216	0	34339
22759	33506	789	263	739	0	35297
22760	886	245	182	34558	0	35871
22761	453	318	125	34991	0	35887
22762	443	161	114	36772	0	37490
22763	399	369	35549	1142	0	37459
22764	263	196	750	35648	0	36857
22765	36468	169	381	1148	0	38166
22766	36527	245	236	623	0	37631
22767	1293	171	137	36003	0	37604
22768	427	155	434	35906	0	36922
22769	35639	106	247	1414	0	37406
22770	967	448	33595	688	0	35698
22771	33992	127	774	813	0	35706
22772	1133	268	33370	501	0	35272
22773	653	155	34497	646	0	35951
22774	388	114	1111	34532	0	36145
22775	352	297	35319	1221	0	37189
22776	36347	193	842	734	0	38116
22777	1087	78	621	38430	0	40216
22778	663	66	36799	1259	0	38787
22779	35690	71	894	812	0	37467
22780	37772	64	299	739	0	38874
22781	1214	287	38396	479	0	40376
22782	683	110	888	36668	0	38349
22783	628	37664	344	1110	0	39746
22784	39809	717	467	632	0	41625
22785	1165	235	40315	668	0	42383
22786	36773	141	1145	430	0	38489
22787	1014	38182	566	505	0	40267
22788	40058	627	330	386	0	41401
22789	40384	185	320	261	0	41150
22790	40824	84	342	414	0	41664
22791	998	96	260	40494	0	41848
22792	649	40287	242	869	0	42047
22793	496	705	39970	328	0	41499
22794	711	40498	753	252	0	42214
22795	361	708	565	39285	0	40919
22796	306	40100	964	699	0	42069
22797	274	42267	302	559	0	43402
22798	41884	826	164	225	0	43099
22799	745	311	40473	172	0	41701
22800	356	180	41348	173	0	42057
22801	233	128	40319	171	0	40851
22802	176	39523	714	201	0	40614
22803	41812	509	223	163	0	42707
22804	41650	187	128	121	0	42086
22805	41229	105	102	134	0	41570
22806	709	40000	114	175	0	40998
22807	281	502	84	43193	0	44060
22808	200	183	42896	638	0	43917
22809	167	208	42196	314	0	42885
22810	45335	118	619	226	0	46298
22811	47203	120	234	196	0	47753
22812	47284	83	154	200	0	47721
22813	773	83	45772	258	0	46886
22814	45004	74	589	268	0	45935
22815	682	86	233	46511	0	47512
22816	355	90	178	47514	0	48137
22817	300	142	48830	766	0	50038
22818	293	46856	568	405	0	48122
22819	221	489	249	50066	0	51025
22820	227	189	48461	779	0	49656
22821	44051	132	665	440	0	45288
22822	690	115	329	49413	0	50547
22823	391	82	236	50110	0	50819
22824	49914	68	230	830	0	51042
22825	804	49	184	49584	0	50621
22826	49745	51	209	880	0	50885
22827	49340	68	226	508	0	50142
22828	893	95	215	49832	0	51035
22829	511	74	236	50815	0	51636
22830	52500	53	253	840	0	53646
22831	789	56	274	52235	0	53354
22832	53505	75	296	768	0	54644
22833	52799	91	267	396	0	53553
22834	51467	79	263	261	0	52070
22835	973	90	257	51380	0	52700
22836	510	90	235	52336	0	53171
22837	52608	95	289	773	0	53765
22838	812	49539	320	332	0	51003
22839	411	49153	238	209	0	50011
22840	51309	527	264	186	0	52286
22841	691	226	50376	184	0	51477
22842	51209	159	680	167	0	52215
22843	879	125	237	55524	0	56765
22844	381	163	55773	503	0	56820
22845	55084	93	376	166	0	55719
22846	490	150	145	57604	0	58389
22847	341	126	129	58050	0	58646
22848	317	104	128	58901	0	59450
22849	301	109	102	59001	0	59513
22850	59193	127	116	462	0	59898
22851	419	55832	158	267	0	56676
22852	55052	246	122	97	0	55517
22853	330	115	54548	68	0	55061
22854	211	119	52465	60	0	52855
22855	149	52650	261	98	0	53158
22856	130	529	580	53491	0	54730
22857	88	97	53465	134	0	53784
22858	38	47516	143	145	0	47842
22859	44	60	51096	16	0	51216
22860	10	11	13	49519	0	49553
22861	5	14	4	51721	0	51744
22862	52529	0	3	18	0	52550
22863	13	9	2	50775	0	50799
22864	51594	1	9	20	0	51624
22865	31	40	51987	24	0	52082
22866	7	51875	76	39	0	51997
22867	6	19	3	55745	0	55773
22868	3	42	2	58694	0	58741
22869	25	22	58515	12	0	58574
22870	32	88	53542	13	0	53675
22871	53115	15	29	28	0	53187
22872	59792	0	7	10	0	59809
22873	11	14	3	59099	0	59127
22874	8	5	1	59195	0	59209
22875	4	57080	31	42	0	57157
22876	0	18	2	61610	0	61630
22877	62116	1	9	22	0	62148
22878	61445	3	5	38	0	61491
22879	41	59624	42	38	0	59745
22880	62413	38	4	15	0	62470
22881	59658	33	14	15	0	59720
22882	73	14	5	66302	0	66394
22883	28	65281	55	172	0	65536
22884	24	148	1	68108	0	68281
22885	15	33	3	67352	0	67403
22886	37	63	65200	211	0	65511
22887	63276	14	198	67	0	63555
22888	211	19	24	68985	0	69239
22889	69	27	19	75017	0	75132
22890	28	86231	74	734	0	87067
22891	49	1553	7	97131	0	98740
22892	97423	416	35	2020	0	99894
22893	104009	253	52	648	0	104962
22894	3022	259	102767	391	0	106439
22895	927	238	104167	267	0	105599
22896	577	153	3090	104599	0	108419
22897	366	85	868	113803	0	115122
22898	407	123	110838	3593	0	114961
22899	341	134	111139	1165	0	112779
22900	217	56	3729	107112	0	111114
22901	224	100	113284	3329	0	116937
22902	204	133	113675	1153	0	115165
22903	137	57	3862	108870	0	112926
22904	113478	54	1452	3309	0	118293
22905	116026	63	958	1138	0	118185
22906	3547	109	646	114249	0	118551
22907	1175	79	541	116963	0	118758
22908	114619	58	485	4008	0	119170
22909	3333	45	409	112353	0	116140
22910	111621	53	417	3772	0	115863
22911	113582	59	358	1504	0	115503
22912	3892	67	331	112853	0	117143
22913	1484	100	334	116255	0	118173
22914	111461	86	354	4287	0	116188
22915	3384	108733	377	1896	0	114390
22916	1402	111967	381	1316	0	115066
22917	994	3534	400	110484	0	115412
22918	750	1157	107817	3841	0	113565
22919	640	657	3078	107806	0	112181
22920	108647	436	1147	4089	0	114319
22921	3257	400	742	108903	0	113302
22922	110561	335	597	4199	0	115692
22923	3729	344	107831	1945	0	113849
22924	104873	318	3226	1491	0	109908
22925	3790	250	1127	109627	0	114794
22926	1604	210	791	116258	0	118863
22927	1300	221	115253	4521	0	121295
22928	1097	184	3170	114298	0	118749
22929	882	224	1234	117393	0	119733
22930	771	249	813	119737	0	121570
22931	115215	334	625	5253	0	121427
22932	3712	303	113454	2620	0	120089
22933	1662	344	112275	1862	0	116143
22934	111010	207	4064	1725	0	117006
22935	115469	178	1738	1635	0	119020
22936	4619	245	116225	1468	0	122557
22937	2105	235	3746	111727	0	117813
22938	1523	115495	1970	3795	0	122783
22939	1299	3081	1513	122771	0	128664
22940	120388	917	1358	4605	0	127268
22941	121194	566	1406	2439	0	125605
22942	4436	376	1491	117345	0	123648
22943	2018	113346	1520	4727	0	121611
22944	1611	3088	1342	112190	0	118231
22945	1558	113116	1355	4594	0	120623
22946	115437	3367	1275	2573	0	122652
22947	112964	1135	1325	2268	0	117692
22948	113056	696	1222	2261	0	117235
22949	5116	106323	1212	2439	0	115090
22950	2555	111467	1262	2253	0	117537
22951	2138	3882	1120	112749	0	119889
22952	1920	1392	1074	114474	0	118860
22953	1891	895	978	114067	0	117831
22954	1824	733	895	116877	0	120329
22955	1807	753	108382	6201	0	117143
22956	104274	738	3566	3535	0	112113
22957	4710	692	112588	2865	0	120855
22958	115546	655	4043	2603	0	122847
22959	5319	722	119397	2399	0	127837
22960	119384	674	4344	2492	0	126894
22961	5509	999	121643	2286	0	130437
22962	119408	603	4570	2316	0	126897
22963	5701	577	2108	124249	0	132635
22964	126625	563	1661	5399	0	134248
22965	5703	587	1284	126216	0	133790
22966	3058	585	1358	127752	0	132753
22967	2449	544	1328	124661	0	128982
22968	2107	116479	1337	6633	0	126556
22969	119546	3586	1097	3907	0	128136
22970	119834	1372	1055	3173	0	125434
22971	5760	119017	1158	2888	0	128823
22972	3051	3946	1026	122929	0	130952
22973	2487	1658	116123	5735	0	126003
22974	116447	1079	3974	3386	0	124886
22975	122253	737	1892	2756	0	127638
22976	120459	620	1535	2495	0	125109
22977	6233	695	1290	113831	0	122049
22978	3369	111823	1235	5143	0	121570
22979	2686	3856	1212	117350	0	125104
22980	116969	1463	1188	5426	0	125046
22981	5488	1035	1104	111946	0	119573
22982	2620	107167	1006	4894	0	115687
22983	108105	3661	1074	2650	0	115490
22984	5436	1623	107178	2077	0	116314
22985	3288	1124	107645	1827	0	113884
22986	2216	103693	4413	1786	0	112108
22987	2001	106774	1971	1655	0	112401
22988	3239	4552	102040	1511	0	111342
22989	2281	2228	95413	1787	0	101709
22990	2032	4708	3205	74855	0	84800
22991	78120	601	1817	1785	0	82323
22992	1964	603	75755	911	0	79233
22993	702	66745	1387	528	0	69362
22994	70773	955	534	334	0	72596
22995	1055	67934	430	362	0	69781
22996	64660	762	191	110	0	65723
22997	760	63066	195	180	0	64201
22998	441	64977	171	189	0	65778
22999	331	828	158	65375	0	66692
23000	261	469	132	65217	0	66079
23001	319	292	61306	796	0	62713
23002	279	216	557	59929	0	60981
23003	62070	182	308	746	0	63306
23004	61920	189	176	419	0	62704
23005	881	212	95	60605	0	61793
23006	563	189	59061	743	0	60556
23007	313	227	57569	515	0	58624
23008	227	150	790	58534	0	59701
23009	270	155	60283	806	0	61514
23010	216	141	772	58764	0	59893
23011	263	117	445	56882	0	57707
23012	244	152	60555	890	0	61841
23013	56208	153	891	547	0	57799
23014	61284	123	556	347	0	62310
23015	1048	152	59945	256	0	61401
23016	592	176	60887	261	0	61916
23017	399	121	1253	59974	0	61747
23018	294	134	627	65328	0	66383
23019	296	135	371	66988	0	67790
23020	290	174	284	67033	0	67781
23021	66285	149	258	1517	0	68209
23022	70556	154	220	757	0	71687
23023	1630	205	260	75446	0	77541
23024	881	176	219	81760	0	83036
23025	536	213	87345	2323	0	90417
23026	426	153	2133	92119	0	94831
23027	306	116	1088	101179	0	102689
23028	101266	114	533	4754	0	106667
23029	3550	112937	374	2142	0	119003
23030	1488	3964	291	114337	0	120080
23031	765	1391	217	118901	0	121274
23032	496	711	279	116683	0	118169
23033	447	104359	391	6327	0	111524
23034	377	115160	320	2695	0	118552
23035	366	5135	309	113319	0	119129
23036	359	1970	274	112884	0	115487
23037	350	1012	299	115891	0	117552
23038	105063	609	258	6701	0	112631
23039	3972	107126	284	3068	0	114450
23040	109458	4362	255	1734	0	115809
23041	112652	1747	230	1325	0	115954
23042	5826	1022	206	106070	0	113124
23043	2361	105823	264	4944	0	113392
23044	106858	4499	174	2335	0	113866
23045	4799	1814	156	108578	0	115347
23046	107613	1053	263	5336	0	114265
23047	5141	716	222	110176	0	116255
23048	2153	773	106612	5710	0	115248
23049	1373	703	110821	2661	0	115558
23050	869	598	5153	111156	0	117776
23051	717	587	2071	114186	0	117561
23052	733	569	998	113227	0	115527
23053	748	106339	723	6783	0	114593
23054	700	114914	566	3281	0	119461
23055	109184	5586	444	1969	0	117183
23056	105363	2303	476	1576	0	109718
23057	5524	107709	473	1423	0	115129
23058	2099	104337	281	1143	0	107860
23059	1146	108000	206	1208	0	110560
23060	97998	5614	180	1014	0	104806
23061	3898	99723	258	1018	0	104897
23062	1617	4804	205	100581	0	107207
23063	98759	1906	247	4561	0	105473
23064	100342	1098	251	2049	0	103740
23065	5271	800	231	97067	0	103369
23066	2147	766	93534	4743	0	101190
23067	1274	771	95526	2106	0	99677
23068	911	681	4643	96562	0	102797
23069	872	681	96981	4803	0	103337
23070	756	653	4276	96702	0	102387
23071	711	658	1608	98383	0	101360
23072	790	693	94726	5821	0	102030
23073	766	711	96546	2693	0	100716
23074	678	650	5045	93915	0	100288
23075	604	678	2048	100810	0	104140
23076	95011	684	1059	6137	0	102891
23077	4159	93209	770	3019	0	101157
23078	1752	100183	661	2034	0	104630
23079	94128	5371	531	1698	0	101728
23080	99359	2238	489	1629	0	103715
23081	5339	96222	602	1578	0	103741
23082	2292	100409	553	1547	0	104801
23083	97655	5745	477	1540	0	105417
23084	4701	2469	521	96553	0	104244
23085	94321	1506	548	5298	0	101673
23086	4963	93521	537	2817	0	101838
23087	95848	4676	537	2073	0	103134
23088	5434	2083	91555	1776	0	100848
23089	93146	1380	4017	1792	0	100335
23090	5470	1130	91893	1726	0	100219
23091	2510	1014	4409	92641	0	100574
23092	92121	987	1851	5395	0	100354
23093	5068	989	88486	3061	0	97604
23094	2486	973	4241	92218	0	99918
23095	92091	1021	1898	5623	0	100633
23096	5123	1127	89691	3200	0	99141
23097	2546	1091	4203	93332	0	101172
23098	90298	1109	1815	5688	0	98910
23099	4701	89752	1178	3249	0	98880
23100	2388	4952	729	92653	0	100722
23101	1785	2308	686	95594	0	100373
23102	1475	1678	681	94928	0	98762
23103	1482	91486	600	6730	0	100298
23104	1576	4834	557	96482	0	103449
23105	1555	2224	609	98487	0	102875
23106	1614	1594	581	99262	0	103051
23107	1712	1322	565	101268	0	104867
23108	1717	1452	91294	7215	0	101678
23109	90589	1238	4170	3630	0	99627
23110	96644	1025	1798	2531	0	101998
23111	6276	94720	1188	2240	0	104424
23112	2869	4613	829	94106	0	102417
23113	2074	2083	803	95769	0	100729
23114	1580	92200	871	6663	0	101314
23115	1270	4389	902	95906	0	102467
23116	88334	1917	1041	6050	0	97342
23117	4231	89431	1014	3416	0	98092
23118	88186	4449	1017	2358	0	96010
23119	4720	2021	847	88886	0	96474
23120	2160	1492	83946	5705	0	93303
23121	1501	86656	3843	4047	0	96047
23122	79814	4692	1551	2073	0	88130
23123	3898	76228	914	1474	0	82514
23124	1724	76611	596	1286	0	80217
23125	63622	3263	1811	944	0	69640
23126	2880	1197	58804	745	0	63626
23127	833	50771	1429	580	0	53613
23128	42343	3043	2307	1655	0	49348
23129	33974	217	636	112	0	34939
23130	627	34440	93	126	0	35286
23131	294	513	38	37838	0	38683
23132	189	230	37596	570	0	38585
23133	109	173	475	36726	0	37483
23134	86	105	182	36846	0	37219
23135	84	106	127	40030	0	40347
23136	109	119	39722	781	0	40731
23137	112	96	487	37509	0	38204
23138	129	96	39560	687	0	40472
23139	107	133	36791	278	0	37309
23140	31976	114	613	225	0	32928
23141	474	37093	313	148	0	38028
23142	247	38570	163	125	0	39105
23143	181	636	65	41072	0	41954
23144	44557	311	65	584	0	45517
23145	44408	217	60	279	0	44964
23146	43832	119	63	230	0	44244
23147	43403	188	80	159	0	43830
23148	40152	94	90	145	0	40481
23149	953	99	38463	137	0	39652
23150	451	76	591	38061	0	39179
23151	247	37791	281	779	0	39098
23152	163	602	190	39896	0	40851
23153	39970	268	124	753	0	41115
23154	637	38450	101	366	0	39554
23155	315	679	57	40131	0	41182
23156	40901	296	67	718	0	41982
23157	43252	206	85	328	0	43871
23158	914	133	69	42083	0	43199
23159	460	105	72	41010	0	41647
23160	299	98	82	42325	0	42804
23161	231	106	41007	999	0	42343
23162	193	157	40848	459	0	41657
23163	151	115	772	41660	0	42698
23164	161	97	367	42539	0	43164
23165	42256	100	210	943	0	43509
23166	41578	106	120	495	0	42299
23167	45442	91	90	353	0	45976
23168	46173	112	99	239	0	46623
23169	45476	101	92	229	0	45898
23170	1030	43365	128	241	0	44764
23171	46726	662	93	238	0	47719
23172	46525	296	86	234	0	47141
23173	45999	210	95	241	0	46545
23174	1055	159	85	46411	0	47710
23175	567	141	45910	926	0	47544
23176	379	93	733	46008	0	47213
23177	334	119	48378	1040	0	49871
23178	299	704	862	45454	0	47319
23179	276	46239	367	929	0	47811
23180	47457	686	152	303	0	48598
23181	50620	234	106	243	0	51203
23182	958	176	78	51503	0	52715
23183	427	116	108	53775	0	54426
23184	313	106	68	54615	0	55102
23185	240	53416	98	1023	0	54777
23186	55886	740	72	427	0	57125
23187	55326	262	76	270	0	55934
23188	1057	54222	96	262	0	55637
23189	470	800	88	56371	0	57729
23190	334	267	99	55945	0	56645
23191	219	55737	101	959	0	57016
23192	58083	815	80	416	0	59394
23193	56881	269	98	288	0	57536
23194	1158	199	76	57004	0	58437
23195	540	146	56306	985	0	57977
23196	392	159	53625	414	0	54590
23197	254	108	984	56183	0	57529
23198	234	116	370	55702	0	56422
23199	214	122	189	58450	0	58975
23200	56926	121	119	1309	0	58475
23201	56915	105	94	567	0	57681
23202	1209	59417	130	440	0	61196
23203	61466	803	172	269	0	62710
23204	1361	290	59670	242	0	61563
23205	508	269	59996	233	0	61006
23206	351	61533	1106	271	0	63261
23207	63273	1496	342	203	0	65314
23208	824	60933	182	202	0	62141
23209	62786	857	153	155	0	63951
23210	1007	289	62775	161	0	64232
23211	396	229	64053	157	0	64835
23212	297	149	952	60829	0	62227
23213	262	133	66426	906	0	67727
23214	207	106	843	66459	0	67615
23215	248	134	308	63930	0	64620
23216	185	66704	240	1065	0	68194
23217	191	839	135	69881	0	71046
23218	188	268	141	70914	0	71511
23219	73209	173	139	1140	0	74661
23220	995	70739	164	517	0	72415
23221	348	978	115	75165	0	76606
23222	312	287	73497	1232	0	75328
23223	63186	245	1121	511	0	65063
23224	1240	193	72133	341	0	73907
23225	421	125	1059	70444	0	72049
23226	289	75624	374	1117	0	77404
23227	236	1316	234	78360	0	80146
23228	80848	393	176	1524	0	82941
23229	80758	229	155	569	0	81711
23230	1958	79814	172	408	0	82352
23231	82321	1574	166	269	0	84330
23232	83542	549	132	307	0	84530
23233	86178	293	146	247	0	86864
23234	86848	204	133	226	0	87411
23235	83512	177	171	258	0	84118
23236	2362	206	80918	232	0	83718
23237	921	204	1572	80577	0	83274
23238	541	173	552	82862	0	84128
23239	385	205	291	82980	0	83861
23240	355	82125	254	2194	0	84928
23241	321	1574	195	84864	0	86954
23242	399	658	81173	1946	0	84176
23243	302	80623	1492	807	0	83224
23244	300	81025	568	526	0	82419
23245	557	1804	271	81133	0	83765
23246	309	606	208	81668	0	82791
23247	284	378	191	80162	0	81015
23248	303	77813	223	2116	0	80455
23249	323	79397	251	966	0	80937
23250	80068	2233	208	490	0	82999
23251	79978	701	185	381	0	81245
23252	1900	79731	232	401	0	82264
23253	84575	1574	191	361	0	86701
23254	86458	613	187	370	0	87628
23255	2041	372	209	86225	0	88847
23256	876	314	218	88802	0	90210
23257	516	301	206	88341	0	89364
23258	543	355	84593	2195	0	87686
23259	570	415	82692	913	0	84590
23260	428	88374	1844	706	0	91352
23261	94317	1675	719	484	0	97195
23262	2169	730	94456	461	0	97816
23263	91362	419	1960	521	0	94262
23264	2434	432	97263	471	0	100600
23265	100612	370	2110	421	0	103513
23266	2739	105664	938	497	0	109838
23267	104680	2527	510	483	0	108200
23268	2859	968	395	103871	0	108093
23269	1157	567	317	106871	0	108912
23270	892	746	100654	3439	0	105731
23271	597	107124	2038	1514	0	111273
23272	565	2663	760	111367	0	115355
23273	615	1106	108041	2952	0	112714
23274	95687	660	2464	1269	0	100080
23275	2609	107648	990	816	0	112063
23276	108646	2539	492	647	0	112324
23277	2711	105874	401	725	0	109711
23278	1106	2733	306	107911	0	112056
23279	107034	1095	317	2779	0	111225
23280	2574	105631	389	1675	0	110269
23281	1157	2600	326	106096	0	110179
23282	760	1197	101400	2831	0	106188
23283	93851	1115	2431	1230	0	98627
23284	2728	637	841	102871	0	107077
23285	1355	617	100084	2843	0	104899
23286	864	98839	2446	1471	0	103620
23287	878	2487	890	101938	0	106193
23288	806	1118	99852	2816	0	104592
23289	785	1052	2444	95671	0	99952
23290	749	99048	1085	2693	0	103575
23291	828	102631	599	1252	0	105310
23292	887	3144	100070	783	0	104884
23293	783	1232	2340	99753	0	104108
23294	605	763	101991	2797	0	106156
23295	93332	678	2761	1403	0	98174
23296	2661	546	1047	99506	0	103760
23297	1179	98888	690	2560	0	103317
23298	793	104606	501	1223	0	107123
23299	102230	3150	443	746	0	106569
23300	2517	104555	427	772	0	108271
23301	103933	2879	438	552	0	107802
23302	2864	1255	98665	662	0	103446
23303	90903	726	2313	592	0	94534
23304	2691	95832	957	631	0	100111
23305	96867	2503	497	602	0	100469
23306	2502	95371	511	662	0	99046
23307	1083	2704	342	94787	0	98916
23308	633	1293	298	100010	0	102234
23309	594	754	96330	3187	0	100865
23310	91129	714	2315	1360	0	95518
23311	2439	647	94043	926	0	98055
23312	93806	614	2594	619	0	97633
23313	2678	606	974	94431	0	98689
23314	1110	607	616	94561	0	96894
23315	714	93775	492	3221	0	98202
23316	575	2700	437	99893	0	103605
23317	545	1192	402	103119	0	105258
23318	561	760	98732	3744	0	103797
23319	89385	599	2775	1663	0	94422
23320	2931	96322	1209	1016	0	101478
23321	96639	2831	583	637	0	100690
23322	3068	1297	483	96399	0	101247
23323	1345	703	382	99403	0	101833
23324	97121	644	423	3780	0	101968
23325	3163	97329	436	1704	0	102632
23326	92265	2721	342	789	0	96117
23327	2997	90758	412	998	0	95165
23328	1148	89992	341	408	0	91889
23329	89714	3094	250	393	0	93451
23330	2681	1299	363	87146	0	91489
23331	1127	772	85932	2600	0	90431
23332	650	607	2224	85310	0	88791
23333	572	430	856	86334	0	88192
23334	540	83562	535	3302	0	87939
23335	497	2481	451	86525	0	89954
23336	541	1036	303	88582	0	90462
23337	425	643	301	89037	0	90406
23338	378	542	288	91442	0	92650
23339	401	525	84994	3937	0	89857
23340	382	573	87186	1783	0	89924
23341	381	513	2977	90926	0	94797
23342	437	437	90471	3376	0	94721
23343	551	474	89190	1489	0	91704
23344	472	524	3516	90194	0	94706
23345	598	543	92111	3352	0	96604
23346	562	558	3073	86113	0	90306
23347	442	91165	1311	3088	0	96006
23348	95776	2863	731	1552	0	100922
23349	3118	1247	103236	1032	0	108633
23350	1313	786	3192	102740	0	108031
23351	862	737	106300	3556	0	111455
23352	672	650	3434	113846	0	118602
23353	570	565	1391	118774	0	121300
23354	116581	541	935	5416	0	123473
23355	3965	509	757	122413	0	127644
23356	114776	510	685	5334	0	121305
23357	118363	366	745	2668	0	122142
23358	5368	116511	716	1808	0	124403
23359	115602	4064	566	1249	0	121481
23360	4594	112330	633	1166	0	118723
23361	1827	116153	573	1126	0	119679
23362	112937	5349	732	1081	0	120099
23363	4440	2058	110930	986	0	118414
23364	2015	1092	110060	893	0	114060
23365	99725	666	5488	740	0	106619
23366	102407	755	1914	689	0	105765
23367	4447	100498	1071	774	0	106790
23368	104949	3381	757	667	0	109754
23369	107148	1500	699	687	0	110034
23370	106794	843	571	717	0	108925
23371	5199	604	563	102268	0	108634
23372	101651	559	582	3756	0	106548
23373	4527	100822	563	1978	0	107890
23374	2223	3323	523	106626	0	112695
23375	1507	1473	511	107784	0	111275
23376	1197	104228	578	4915	0	110918
23377	1206	3846	521	107942	0	113515
23378	104230	1697	540	4808	0	111275
23379	106111	1063	482	2294	0	109950
23380	4973	99971	599	1559	0	107102
23381	2477	105438	568	1245	0	109728
23382	106763	4415	435	1172	0	112785
23383	4530	2064	102201	1095	0	109890
23384	2446	1291	102621	1137	0	107495
23385	1788	1036	4377	98970	0	106171
23386	1660	1137	1948	105696	0	110441
23387	1577	937	101212	4913	0	108639
23388	1477	98077	3666	2547	0	105767
23389	1563	3631	1743	100980	0	107917
23390	1560	2003	101467	4164	0	109194
23391	1504	1190	3727	100801	0	107222
23392	1316	1095	1930	100380	0	104721
23393	1375	103537	1210	4834	0	110956
23394	1324	3866	970	103718	0	109878
23395	1241	1978	976	105903	0	110098
23396	1303	1307	842	108739	0	112191
23397	104022	1114	832	5649	0	111617
23398	4274	948	827	99575	0	105624
23399	2514	99843	809	4994	0	108160
23400	103630	3624	823	2600	0	110677
23401	4512	2010	99157	1901	0	107580
23402	2561	1361	98176	1698	0	103796
23403	98876	962	4451	1662	0	105951
23404	4354	969	2201	102444	0	109968
23405	2504	1004	102898	4454	0	110860
23406	1824	809	3849	103315	0	109797
23407	1448	1007	1997	107981	0	112433
23408	102856	1024	1354	5683	0	110917
23409	101572	935	1214	3166	0	106887
23410	5171	100644	1082	3153	0	110050
23411	2795	3698	1035	103757	0	111285
23412	2112	1914	100031	4656	0	108713
23413	1609	106254	3589	2872	0	114324
23414	106856	3941	1864	2072	0	114733
23415	4243	108334	1305	1971	0	115853
23416	106385	3807	984	1587	0	112763
23417	4499	1954	103808	1574	0	111835
23418	101161	1198	3172	1531	0	107062
23419	108320	1161	1663	1356	0	112500
23420	5180	2064	106221	1402	0	114867
23421	2629	1791	3457	102666	0	110543
23422	1948	107461	1928	3608	0	114945
23423	1669	110519	1302	3007	0	116497
23424	1399	113231	1058	1814	0	117502
23425	1417	4822	811	110696	0	117746
23426	1462	2393	110320	3990	0	118165
23427	1317	1645	3205	108878	0	115045
23428	1447	1198	1499	114595	0	118739
23429	1596	1010	110340	4900	0	117846
23430	1431	109355	3403	2694	0	116883
23431	1690	3533	1727	112328	0	119278
23432	112013	1746	1470	4259	0	119488
23433	3721	1464	1172	112200	0	118557
23434	2027	1463	962	113149	0	117601
23435	1681	110255	780	5796	0	118512
23436	114266	3737	742	2917	0	121662
23437	3899	1848	857	120177	0	126781
23438	2146	1287	114475	4438	0	122346
23439	1611	114588	3148	2974	0	122321
23440	115035	3313	1685	2037	0	122070
23441	3941	1893	111447	1294	0	118575
23442	108385	1608	3322	1346	0	114661
23443	3809	1678	1649	110380	0	117516
23444	2262	110592	1242	3285	0	117381
23445	112624	3533	1104	2098	0	119359
23446	111689	2100	869	1856	0	116514
23447	4086	114125	920	1535	0	120666
23448	2195	3157	1506	112183	0	119041
23449	1179	1678	720	108998	0	112575
23450	103737	1062	950	4189	0	109938
23451	2927	102387	1235	2131	0	108680
23452	1271	2967	473	94383	0	99094
23453	817	91203	724	2696	0	95440
23454	1034	89937	503	1162	0	92636
23455	333	1860	454	87195	0	89842
23456	85651	1013	184	2019	0	88867
23457	1724	84847	233	724	0	87528
23458	997	1436	227	85900	0	88560
23459	441	796	173	87094	0	88504
23460	373	662	83750	2004	0	86789
23461	599	792	77028	1115	0	79534
23462	899	79328	1326	889	0	82442
23463	384	1566	80216	511	0	82677
23464	584	735	1203	80660	0	83182
23465	492	794	84712	1563	0	87561
23466	260	938	1394	82248	0	84840
23467	842	337	447	85474	0	87100
23468	831	415	360	86489	0	88095
23469	83611	1081	265	1684	0	86641
23470	1319	319	213	82936	0	84787
23471	603	251	301	83735	0	84890
23472	735	80885	597	1644	0	83861
23473	410	1582	382	83066	0	85440
23474	81153	806	272	2035	0	84266
23475	1258	80233	462	897	0	82850
23476	83244	1779	219	992	0	86234
23477	1401	675	81131	1073	0	84280
23478	932	812	84121	850	0	86715
23479	516	929	1338	85812	0	88595
23480	431	401	590	91060	0	92482
23481	901	87876	513	2166	0	91456
23482	253	1602	630	90963	0	93448
23483	90177	631	634	2261	0	93703
23484	87872	1169	313	1101	0	90455
23485	1614	485	729	91570	0	94398
23486	975	487	94357	2024	0	97843
23487	665	786	1587	94918	0	97956
23488	675	289	1203	99805	0	101972
23489	318	325	830	101650	0	103123
23490	241	332	762	100491	0	101826
23491	599	296	271	99051	0	100217
23492	260	95518	324	3087	0	99189
23493	96250	1830	287	1865	0	100232
23494	96686	861	303	1323	0	99173
23495	97359	501	288	1343	0	99491
23496	2693	97802	296	1066	0	101857
23497	99089	2274	285	976	0	102624
23498	2288	97495	535	904	0	101222
23499	1047	2088	96573	877	0	100585
23500	667	901	2019	93111	0	96698
23501	814	618	99845	2749	0	104026
23502	445	98720	2109	1539	0	102813
23503	101208	2370	782	1053	0	105413
23504	2117	1087	104711	1275	0	109190
23505	1478	749	106572	688	0	109487
23506	1316	108477	2469	686	0	112948
23507	677	2171	1031	116131	0	120010
23508	748	1226	118387	2645	0	123006
23509	618	785	2428	117509	0	121340
23510	406	726	969	131821	0	133922
23511	313	396	920	142332	0	143961
23512	150266	356	470	5530	0	156622
23513	150716	381	599	2455	0	154151
23514	5427	908	286	149527	0	156148
23515	153648	272	456	5665	0	160041
23516	6112	392	149499	2302	0	158305
23517	2356	522	147327	1531	0	151736
23518	1857	875	148053	1289	0	152074
23519	1272	327	146232	935	0	148766
23520	904	139821	5620	1026	0	147371
23521	1625	4153	2183	141397	0	149358
23522	972	1146	142609	4035	0	148762
23523	131553	696	4814	1565	0	138628
23524	145014	483	2037	1078	0	148612
23525	5049	141068	1723	1068	0	148908
23526	143288	4039	1546	700	0	149573
23527	4999	1323	1511	142215	0	150048
23528	2037	937	142738	4233	0	149945
23529	1443	795	4803	135976	0	143017
23530	1130	142814	2192	4329	0	150465
23531	144591	4308	1552	1831	0	152282
23532	144480	1548	1153	1446	0	148627
23533	5301	143576	1049	1227	0	151153
23534	147556	4429	873	973	0	153831
23535	147246	1648	751	930	0	150575
23536	6021	145297	723	1507	0	153548
23537	3005	4581	695	140432	0	148713
23538	2127	140835	760	4733	0	148455
23539	145017	4958	828	1856	0	152659
23540	5258	2448	850	142620	0	151176
23541	144823	1591	825	4762	0	152001
23542	5647	1382	658	145443	0	153130
23543	2943	1244	140225	5093	0	149505
23544	139492	1196	4095	2158	0	146941
23545	5783	1125	142554	1654	0	151116
23546	3396	945	4694	141206	0	150241
23547	2299	1054	142154	4941	0	150448
23548	1850	897	4811	142229	0	149787
23549	1705	882	142465	5649	0	150701
23550	137737	734	5071	2690	0	146232
23551	5098	141077	2286	2286	0	150747
23552	145719	4228	1807	1789	0	153543
23553	5604	1523	1612	144156	0	152895
23554	141780	1149	1541	5131	0	149601
23555	5487	141747	1526	2494	0	151254
23556	2741	142318	1585	1763	0	148407
23557	2051	149861	1350	1685	0	154947
23558	149401	5822	1298	1396	0	157917
23559	5249	2570	1065	147257	0	156141
23560	2498	1926	975	151800	0	157199
23561	2214	1739	144751	5968	0	154672
23562	2093	1602	143523	2770	0	149988
23563	1966	1585	5047	146285	0	154883
23564	1866	1460	148052	5608	0	156986
23565	1649	143015	5186	3069	0	152919
23566	145785	5133	2409	2089	0	155416
23567	5316	2294	149265	1819	0	158694
23568	2602	1815	150676	1602	0	156695
23569	2042	1374	6200	145670	0	155286
23570	152549	1001	3131	5673	0	162354
23571	5410	941	2450	152003	0	160804
23572	151048	817	2280	6123	0	160268
23573	5763	842	2288	152259	0	161152
23574	2815	988	153305	6009	0	163117
23575	2271	147292	5660	2991	0	158214
23576	2106	4787	151872	2193	0	160958
23577	1804	150377	5939	2284	0	160404
23578	1674	5310	3143	148487	0	158614
23579	146688	2122	2202	5306	0	156318
23580	5485	1546	144932	2792	0	154755
23581	2826	1337	4921	143716	0	152800
23582	2235	1154	2273	149618	0	155280
23583	149130	1090	1842	6532	0	158594
23584	5384	1171	1663	145851	0	154069
23585	2485	145988	1808	6353	0	156634
23586	145158	4989	1690	2845	0	154682
23587	5434	2370	141497	2347	0	151648
23588	134575	1720	4631	1927	0	142853
23589	5646	139149	2165	1790	0	148750
23590	3017	4703	1408	135255	0	144383
23591	2282	141174	1382	4655	0	149493
23592	143211	4999	1229	2415	0	151854
23593	5520	2291	140469	2219	0	150499
23594	138020	2025	4212	1827	0	146084
23595	5575	141337	1937	2019	0	150868
23596	2823	4628	1422	145037	0	153910
23597	146331	2141	1248	4766	0	154486
23598	147976	1584	1411	2218	0	153189
23599	6035	1426	1254	144103	0	152818
23600	3108	1785	1161	146487	0	152541
23601	2406	140350	1175	5712	0	149643
23602	1964	4916	1141	141351	0	149372
23603	2006	159160	1227	5536	0	167929
23604	1771	168865	1255	2788	0	174679
23605	1706	6219	1000	156074	0	164999
23606	1512	159065	1270	5202	0	167049
23607	2197	5544	160580	2499	0	170820
23608	1864	2615	167749	2012	0	174240
23609	1376	164436	5915	2867	0	174594
23610	1605	5062	170760	1349	0	178776
23611	892	2008	168571	1307	0	172778
23612	549	1241	151146	496	0	153432
23613	281	148156	4646	535	0	153618
23614	145382	3822	2958	322	0	152484
23615	2762	143140	1160	390	0	147452
23616	1162	3451	143589	211	0	148413
23617	553	1372	3185	141767	0	146877
23618	145254	723	1216	3088	0	150281
23619	3169	670	143456	1074	0	148369
23620	1114	402	3372	142752	0	147640
23621	718	383	145017	3231	0	149349
23622	461	325	3650	144126	0	148562
23623	143099	248	1646	3571	0	148564
23624	3207	704	139745	1432	0	145088
23625	1168	140722	3483	1295	0	146668
23626	695	3219	1380	140774	0	146068
23627	144074	1194	886	3178	0	149332
23628	3356	876	138271	1408	0	143911
23629	1354	642	3367	128545	0	133908
23630	781	137645	1476	3003	0	142905
23631	142058	3168	974	1187	0	147387
23632	144822	1218	849	799	0	147688
23633	4394	794	664	140953	0	146805
23634	1801	143555	723	3872	0	149951
23635	1024	150507	518	1518	0	153567
23636	151803	4427	509	811	0	157550
23637	4188	1866	520	146010	0	152584
23638	1536	149567	594	4084	0	155781
23639	149334	4337	516	1510	0	155697
23640	4332	1585	510	152180	0	158607
23641	1550	986	524	156229	0	159289
23642	1125	1338	134808	5471	0	142742
23643	814	145788	3400	2380	0	152382
23644	708	154967	1321	1415	0	158411
23645	609	5100	799	153289	0	159797
23646	153045	2053	612	4534	0	160244
23647	4133	152021	583	1850	0	158587
23648	152581	4717	503	1133	0	158934
23649	4742	150664	493	941	0	156840
23650	1854	4877	516	151663	0	158910
23651	151592	2039	464	4420	0	158515
23652	4731	1320	478	151200	0	157729
23653	1929	1250	148317	4925	0	156421
23654	1150	1024	4163	143597	0	149934
23655	1014	146514	1683	4654	0	153865
23656	146210	4772	1007	2017	0	154006
23657	4364	146227	916	1360	0	152867
23658	1886	4986	771	141918	0	149561
23659	1145	2202	755	149567	0	153669
23660	1041	1504	141041	5813	0	149399
23661	1041	1866	141703	2348	0	146958
23662	813	1193	5549	143251	0	150806
23663	933	1259	139537	5186	0	146915
23664	793	137915	4944	2558	0	146210
23665	142301	4746	2114	1598	0	150759
23666	4653	2183	144626	1333	0	152795
23667	142326	1814	4975	1343	0	150458
23668	149591	1350	2055	1014	0	154010
23669	149600	1043	1495	1217	0	153355
23670	150612	1098	1452	1143	0	154305
23671	6268	970	1299	145222	0	153759
23672	2752	907	1249	143388	0	148296
23673	1890	141897	1241	5822	0	150850
23674	140699	4580	1272	2473	0	149024
23675	5835	2244	135189	1676	0	144944
23676	2223	1626	4443	136399	0	144691
23677	1620	1374	2117	140441	0	145552
23678	1481	1310	132938	5837	0	141566
23679	1380	135393	4731	2738	0	144242
23680	1472	4610	2222	134971	0	143275
23681	1278	2122	1494	142877	0	147771
23682	137038	1528	1281	6102	0	145949
23683	4701	135118	1032	3248	0	144099
23684	2387	4648	888	135728	0	143651
23685	1651	134047	1067	5500	0	142265
23686	1608	4906	899	140903	0	148316
23687	137822	2295	807	5664	0	146588
23688	139921	1558	879	2908	0	145266
23689	5927	1254	836	140248	0	148265
23690	139323	1211	869	5728	0	147131
23691	138613	1160	872	2790	0	143435
23692	6124	135527	816	2097	0	144564
23693	3078	4587	676	132653	0	140994
23694	2294	135755	779	4733	0	143561
23695	1773	5152	604	138046	0	145575
23696	136552	2419	613	5492	0	145076
23697	5070	1792	614	136634	0	144110
23698	2569	1648	554	140233	0	145004
23699	2068	1463	130933	6540	0	141004
23700	1815	126535	3658	3939	0	135947
23701	1707	136525	1396	2462	0	142090
23702	134383	5368	966	2270	0	142987
23703	3888	2361	582	110772	0	117603
23704	101614	1371	467	3948	0	107400
23705	3827	97283	453	2264	0	103827
23706	1932	91144	404	1553	0	95033
23707	1173	92619	416	1287	0	95495
23708	77046	2925	1135	919	0	82025
23709	2030	77740	831	1238	0	81839
23710	73764	1760	1090	510	0	77124
23711	72570	649	145	425	0	73789
23712	77397	401	164	395	0	78357
23713	1868	384	115	80896	0	83263
23714	775	336	136	83669	0	84916
23715	473	319	151	85129	0	86072
23716	409	285	139	85388	0	86221
23717	84596	297	152	2414	0	87459
23718	1818	79614	193	1704	0	83329
23719	782	1674	155	84321	0	86932
23720	85353	592	149	2030	0	88124
23721	1874	335	144	84030	0	86383
23722	760	301	130	84361	0	85552
23723	83682	275	158	2365	0	86480
23724	1883	373	80731	960	0	83947
23725	770	280	1450	82124	0	84624
23726	557	298	83073	2038	0	85966
23727	406	235	1592	82242	0	84475
23728	417	246	505	84596	0	85764
23729	81989	201	292	2445	0	84927
23730	1741	78343	269	1161	0	81514
23731	653	77412	188	617	0	78870
23732	77702	1554	142	442	0	79840
23733	1449	79071	160	450	0	81130
23734	80909	1258	98	410	0	82675
23735	1497	452	78123	427	0	80499
23736	71382	139	601	261	0	72383
23737	74249	70	199	235	0	74753
23738	74998	69	105	218	0	75390
23739	951	72	82	72231	0	73336
23740	366	114	67	72898	0	73445
23741	174	71555	120	973	0	72822
23742	175	878	35	74552	0	75640
23743	74672	250	52	845	0	75819
23744	691	72037	89	456	0	73273
23745	273	72268	53	207	0	72801
23746	72622	743	64	120	0	73549
23747	718	335	71494	138	0	72685
23748	270	168	508	67818	0	68764
23749	195	111	72419	618	0	73343
23750	135	61	547	70506	0	71249
23751	164	69704	275	562	0	70705
23752	155	560	77	74317	0	75109
23753	73637	234	62	618	0	74551
23754	577	136	29	72875	0	73617
23755	283	154	73493	681	0	74611
23756	64951	131	544	363	0	65989
23757	624	71653	323	488	0	73088
23758	326	80322	146	174	0	80968
23759	84539	856	73	104	0	85572
23760	85742	367	79	126	0	86314
23761	1416	237	87098	157	0	88908
23762	82101	120	1084	217	0	83522
23763	1247	85328	431	242	0	87248
23764	90268	1108	182	215	0	91773
23765	1364	448	103	86355	0	88270
23766	569	79779	139	1076	0	81563
23767	83451	1166	94	441	0	85152
23768	1436	518	81023	243	0	83220
23769	594	268	1138	79612	0	81612
23770	83054	184	405	1300	0	84943
23771	1411	231	82012	542	0	84196
23772	81995	222	1158	357	0	83732
23773	1453	215	407	81845	0	83920
23774	642	177	247	84737	0	85803
23775	486	166	84680	1687	0	87019
23776	372	136	1223	82219	0	83950
23777	85797	112	510	1543	0	87962
23778	1311	81470	359	758	0	83898
23779	86095	1202	182	481	0	87960
23780	86340	536	149	396	0	87421
23781	1749	332	126	84931	0	87138
23782	821	205	88797	1489	0	91312
23783	509	178	1226	86335	0	88248
23784	89757	168	492	1567	0	91984
23785	1457	83899	394	774	0	86524
23786	89715	1228	201	433	0	91577
23787	1676	997	129	88121	0	90923
23788	747	328	174	90138	0	91387
23789	537	194	200	91333	0	92264
23790	427	202	88292	2147	0	91068
23791	365	208	1325	87693	0	89591
23792	473	245	87566	1803	0	90087
23793	459	344	86738	823	0	88364
23794	467	239	1734	96668	0	99108
23795	462	255	98579	2146	0	101442
23796	101472	200	2046	1221	0	104939
23797	2435	175	984	110626	0	114220
23798	1336	190	586	110291	0	112403
23799	736	110429	499	3552	0	115216
23800	115242	2534	374	1709	0	119859
23801	119221	1259	323	922	0	121725
23802	4154	118468	360	833	0	123815
23803	1965	3003	253	122965	0	128186
23804	1116	1443	119004	3310	0	124873
23805	113771	714	2965	1788	0	119238
23806	123131	408	1409	984	0	125932
23807	4483	436	708	118026	0	123653
23808	2251	480	113539	3426	0	119696
23809	1238	110851	2995	1932	0	117016
23810	112264	3097	1414	1034	0	117809
23811	3693	1630	110327	850	0	116500
23812	1900	106654	3115	855	0	112524
23813	105974	2821	1544	535	0	110874
23814	106942	1388	682	535	0	109547
23815	4121	749	497	103657	0	109024
23816	2088	106674	527	2878	0	112167
23817	1254	2859	393	114077	0	118583
23818	939	1978	431	115668	0	119016
23819	856	782	439	114895	0	116972
23820	784	582	415	117362	0	119143
23821	833	597	110436	5205	0	117071
23822	868	667	2831	113143	0	117509
23823	1048	573	1370	117523	0	120514
23824	1200	623	110545	4713	0	117081
23825	731	109745	3007	2679	0	116162
23826	114131	3127	1528	1806	0	120592
23827	115687	1536	1100	1304	0	119627
23828	4642	836	610	114954	0	121042
23829	116063	559	586	3832	0	121040
23830	3885	619	550	116903	0	121957
23831	2093	632	114078	4325	0	121128
23832	1489	859	110633	2425	0	115406
23833	1223	106510	4134	1826	0	113693
23834	111248	3121	2124	1424	0	117917
23835	3759	1921	117920	1312	0	124912
23836	2478	1003	3875	109864	0	117220
23837	1722	660	2112	125740	0	130234
23838	1157	905	1221	132332	0	135615
23839	979	841	928	133562	0	136310
23840	992	697	883	135323	0	137895
23841	1135	686	123873	7808	0	133502
23842	1070	554	4066	129234	0	134924
23843	126087	559	2266	6280	0	135192
23844	4442	124342	1559	3892	0	134235
23845	127182	4023	1014	2732	0	134951
23846	4747	127150	1072	2328	0	135297
23847	129621	4782	1084	1748	0	137235
23848	132268	2683	858	1618	0	137427
23849	6770	1351	874	126521	0	135516
23850	3818	848	776	131718	0	137160
23851	127896	791	714	7163	0	136564
23852	123656	766	803	4033	0	129258
23853	125786	780	844	2705	0	130115
23854	6576	118851	1110	2617	0	129154
23855	3502	123035	1134	2651	0	130322
23856	2284	5741	117862	1916	0	127803
23857	1953	3541	4302	116851	0	126647
23858	1578	1461	111865	5356	0	120260
23859	1331	109531	4297	3844	0	119003
23860	1064	3739	2289	108884	0	115976
23861	1138	2212	1100	109694	0	114144
23862	1197	1237	825	113876	0	117135
23863	108297	891	798	6710	0	116696
23864	108375	861	918	3939	0	114093
23865	5584	106555	759	2709	0	115607
23866	3349	3649	679	109889	0	117566
23867	2105	2481	105662	4648	0	114896
23868	1780	1482	104548	3144	0	110954
23869	105623	1321	4996	2065	0	114005
23870	110533	1075	2660	1697	0	115965
23871	6036	744	1376	107199	0	115355
23872	109696	721	1094	5027	0	116538
23873	5038	814	103259	3451	0	112562
23874	3345	102627	3781	2234	0	111987
23875	2302	3573	2237	106567	0	114679
23876	1854	2343	104455	4677	0	113329
23877	1421	1602	3939	106895	0	113857
23878	1395	1194	2480	110417	0	115486
23879	1346	975	104884	6532	0	113737
23880	99578	728	3969	4455	0	108730
23881	107463	867	2520	2886	0	113736
23882	5356	110718	1499	2605	0	120178
23883	115271	4051	1060	2519	0	122901
23884	118850	2355	1033	2393	0	124631
23885	6882	1354	112634	2399	0	123269
23886	112332	966	4251	2025	0	119574
23887	6000	116625	2489	1947	0	127061
23888	119773	4634	1348	1770	0	127525
23889	122621	2658	1148	1767	0	128194
23890	127184	1502	1266	1538	0	131490
23891	123824	1083	1223	1510	0	127640
23892	125577	987	869	1615	0	129048
23893	8400	119572	894	1860	0	130726
23894	111314	4045	1045	1511	0	117915
23895	5658	109670	865	1344	0	117537
23896	2593	99962	895	952	0	104402
23897	1492	103681	538	929	0	106640
23898	101371	4499	846	839	0	107555
23899	102747	2285	752	883	0	106667
23900	4914	1101	98738	783	0	105536
23901	102281	688	2772	749	0	106490
23902	108038	597	1443	686	0	110764
23903	5185	690	103008	710	0	109593
23904	2573	529	3422	102960	0	109484
23905	1544	544	1642	106780	0	110510
23906	1230	553	762	109868	0	112413
23907	1236	543	473	111643	0	113895
23908	1215	498	487	113586	0	115786
23909	1174	644	103926	5738	0	111482
23910	1169	105158	3592	2688	0	112607
23911	105127	3713	1661	1243	0	111744
23912	4240	106306	805	1139	0	112490
23913	107873	4144	610	844	0	113471
23914	107899	1977	540	857	0	111273
23915	5968	1143	100790	782	0	108683
23916	2872	1039	3486	90526	0	97923
23917	1583	97073	1753	3419	0	103828
23918	99700	3699	912	1835	0	106146
23919	100858	1804	717	1175	0	104554
23920	101750	1002	677	906	0	104335
23921	5723	98407	564	915	0	105609
23922	101248	3642	550	750	0	106190
23923	102314	1811	498	771	0	105394
23924	102142	1036	475	738	0	104391
23925	6010	761	506	96337	0	103614
23926	3109	714	449	99439	0	103711
23927	2048	722	444	102486	0	105700
23928	97191	762	452	5253	0	103658
23929	4635	97775	454	2384	0	105248
23930	99620	3694	443	1140	0	104897
23931	100014	1868	458	762	0	103102
23932	99514	1060	432	654	0	101660
23933	99968	814	396	584	0	101762
23934	6352	94235	398	703	0	101688
23935	84850	3103	250	486	0	88689
23936	4439	83180	302	502	0	88423
23937	2181	80745	226	482	0	83634
23938	76927	3263	494	387	0	81071
23939	3338	73721	209	440	0	77708
23940	1879	77406	185	468	0	79938
23941	77460	3294	124	393	0	81271
23942	79014	1553	177	414	0	81158
23943	4008	956	151	74902	0	80017
23944	2088	852	140	78494	0	81574
23945	78791	768	180	3159	0	82898
23946	80191	786	190	1239	0	82406
23947	81220	766	219	653	0	82858
23948	4442	922	73768	497	0	79629
23949	78247	744	2243	507	0	81741
23950	3805	715	885	77841	0	83246
23951	2196	682	457	79667	0	83002
23952	1621	718	357	80623	0	83319
23953	1410	645	324	81694	0	84073
23954	1357	748	75129	3867	0	81101
23955	1453	701	77052	1755	0	80961
23956	1411	692	2944	78594	0	83641
23957	1438	676	78040	3169	0	83323
23958	1436	653	77281	1655	0	81025
23959	1506	641	3253	77503	0	82903
23960	1477	594	1380	81513	0	84964
23961	1372	654	813	84169	0	87008
23962	1417	641	595	83961	0	86614
23963	81770	616	611	4304	0	87301
23964	85223	600	599	2142	0	88564
23965	4339	543	594	82818	0	88294
23966	2376	573	597	83942	0	87488
23967	1678	599	590	85033	0	87900
23968	1618	504	552	84419	0	87093
23969	1543	516	588	82805	0	85452
23970	1510	79307	627	4590	0	86034
23971	80715	2778	540	2546	0	86579
23972	3426	80112	607	2008	0	86153
23973	82180	3039	520	1753	0	87492
23974	82634	1377	403	1738	0	86152
23975	83528	911	413	1618	0	86470
23976	4759	853	391	79881	0	85884
23977	80725	721	314	3713	0	85473
23978	4211	848	351	78595	0	84005
23979	2611	806	346	79942	0	83705
23980	78036	803	256	4079	0	83174
23981	4123	73807	340	2116	0	80386
23982	1936	68988	235	1296	0	72455
23983	68701	2688	172	1115	0	72676
23984	3292	1202	64118	1025	0	69637
23985	61072	812	1705	946	0	64535
23986	3085	1165	497	63308	0	68055
23987	1767	58930	311	2241	0	63249
23988	1564	61444	179	1568	0	64755
23989	60160	2496	386	921	0	63963
23990	2595	1444	127	56493	0	60659
23991	1500	60207	140	2072	0	63919
23992	60522	1744	456	1090	0	63812
23993	60765	797	103	903	0	62568
23994	59921	605	119	784	0	61429
23995	60298	556	80	671	0	61605
23996	2525	52931	160	762	0	56378
23997	1212	53320	109	979	0	55620
23998	55557	1724	81	348	0	57710
23999	55571	788	107	388	0	56854
24000	2158	500	50184	351	0	53193
24001	776	45897	772	278	0	47723
24002	43331	585	226	142	0	44284
24003	48059	208	68	129	0	48464
24004	1162	192	47120	126	0	48600
24005	43524	162	923	156	0	44765
24006	1260	133	48655	104	0	50152
24007	304	96	54302	81	0	54783
24008	210	105	1289	48165	0	49769
24009	153	51317	411	1075	0	52956
24010	54716	1177	199	263	0	56355
24011	1307	278	57	54104	0	55746
24012	374	198	81	54975	0	55628
24013	246	90	70	56604	0	57010
24014	55375	108	45	1723	0	57251
24015	1353	67	56	55307	0	56783
24016	413	55	59	57829	0	58356
24017	294	76	55792	1717	0	57879
24018	53495	71	1312	648	0	55526
24019	57304	65	341	371	0	58081
24020	1915	104	56187	227	0	58433
24021	55150	85	1449	187	0	56871
24022	1818	85	380	55189	0	57472
24023	535	55662	251	1514	0	57962
24024	388	1473	131	58016	0	60008
24025	56132	357	119	1828	0	58436
24026	1600	56786	157	551	0	59094
24027	539	1521	96	58184	0	60340
24028	367	413	121	59183	0	60084
24029	253	247	135	59195	0	59830
24030	296	158	113	55895	0	56462
24031	303	56773	131	1971	0	59178
24032	57941	1600	140	721	0	60402
24033	58552	443	149	514	0	59658
24034	2066	59335	139	473	0	62013
24035	68136	1890	103	382	0	70511
24036	72677	553	85	387	0	73702
24037	73499	367	118	395	0	74379
24038	3464	276	69468	399	0	73607
24039	1372	196	2240	70332	0	74140
24040	892	277	67515	2557	0	71241
24041	67706	130	2451	1020	0	71307
24042	2678	68446	824	798	0	72746
24043	67926	2385	557	422	0	71290
24044	2833	67909	283	467	0	71492
24045	1207	2718	259	63673	0	67857
24046	856	920	263	67869	0	69908
24047	750	649	64020	3036	0	68455
24048	566	65347	2363	1370	0	69646
24049	66775	2620	838	795	0	71028
24050	2889	911	65440	601	0	69841
24051	65869	672	2597	531	0	69669
24052	3112	473	916	66844	0	71345
24053	1312	417	65376	2884	0	69989
24054	954	65415	2628	1208	0	70205
24055	742	2520	886	66933	0	71081
24056	659	916	65221	2831	0	69627
24057	664	702	64685	1117	0	67168
24058	647	64407	3004	921	0	68979
24059	589	2560	1155	62712	0	67016
24060	591	893	745	61896	0	64125
24061	595	62581	577	2964	0	66717
24062	63671	2653	464	1325	0	68113
24063	2880	947	456	61728	0	66011
24064	1168	61363	541	2662	0	65734
24065	63755	2593	405	1196	0	67949
24066	63659	998	469	944	0	66070
24067	65104	756	558	677	0	67095
24068	3631	62670	438	770	0	67509
24069	65075	2640	474	726	0	68915
24070	66424	1099	528	673	0	68724
24071	3663	873	396	63676	0	68608
24072	64755	688	319	3022	0	68784
24073	3382	626	388	65659	0	70055
24074	1621	566	62829	3356	0	68372
24075	1263	607	65046	1569	0	68485
24076	968	504	3074	65941	0	70487
24077	989	503	65230	3218	0	69940
24078	64140	548	2939	1540	0	69167
24079	3186	417	1230	66571	0	71404
24080	1483	465	925	68797	0	71670
24081	1272	555	64104	3719	0	69650
24082	1045	61932	2775	1824	0	67576
24083	954	67053	1186	1332	0	70525
24084	901	3265	879	64638	0	69683
24085	884	1332	607	66968	0	69791
24086	863	946	62981	3721	0	68511
24087	826	823	64130	1694	0	67473
24088	867	696	3181	65102	0	69846
24089	932	621	64415	3376	0	69344
24090	63123	670	3074	1567	0	68434
24091	3210	656	1261	62827	0	67954
24092	62773	567	895	3484	0	67719
24093	3500	582	683	62447	0	67212
24094	1536	634	672	66063	0	68905
24095	1428	624	60583	3978	0	66613
24096	1138	61967	2818	2058	0	67981
24097	991	2903	1239	64445	0	69578
24098	1051	1160	61838	3386	0	67435
24099	911	61351	2927	1733	0	66922
24100	846	2712	1410	63919	0	68887
24101	63571	1166	1065	3394	0	69196
24102	3144	811	61516	1740	0	67211
24103	55675	563	2874	1173	0	60285
24104	3060	534	55334	897	0	59825
24105	51557	420	2631	878	0	55486
24106	2640	52916	1347	931	0	57834
24107	951	48098	734	691	0	50474
24108	646	2123	600	45817	0	49186
24109	556	46342	545	1807	0	49250
24110	46383	1909	511	980	0	49783
24111	1794	833	500	46507	0	49634
24112	803	666	406	47868	0	49743
24113	567	533	320	48880	0	50300
24114	429	429	44567	2685	0	48110
24115	408	707	1701	45250	0	48066
24116	404	432	44118	2271	0	47225
24117	404	42845	1890	1192	0	46331
24118	41256	1431	789	823	0	44299
24119	1515	41914	581	648	0	44658
24120	43309	1524	539	622	0	45994
24121	43740	664	363	576	0	45343
24122	44019	514	326	541	0	45400
24123	43703	391	314	504	0	44912
24124	2220	352	41824	525	0	44921
24125	1085	334	1418	41831	0	44668
24126	733	371	709	42151	0	43964
24127	564	320	494	43672	0	45050
24128	40203	294	458	2168	0	43123
24129	40728	302	401	1126	0	42557
24130	2560	42817	358	874	0	46609
24131	950	1234	42678	603	0	45465
24132	772	503	43341	528	0	45144
24133	513	42441	1645	608	0	45207
24134	442	42804	795	533	0	44574
24135	2008	1033	1638	32005	0	36684
24136	149	259	234	31459	0	32101
24137	32207	140	118	639	0	33104
24138	517	31330	143	702	0	32692
24139	250	484	110	33227	0	34071
24140	185	243	33295	573	0	34296
24141	142	151	496	33695	0	34484
24142	132	115	198	34294	0	34739
24143	119	95	158	34878	0	35250
24144	152	76	94	34976	0	35298
24145	184	79	33711	773	0	34747
24146	174	31546	507	398	0	32625
24147	131	33772	251	270	0	34424
24148	33339	536	138	198	0	34211
24149	360	32243	115	159	0	32877
24150	180	34987	108	141	0	35416
24151	118	519	76	35210	0	35923
24152	103	226	75	34951	0	35355
24153	108	138	93	35217	0	35556
24154	143	134	34983	592	0	35852
24155	122	33536	396	330	0	34384
24156	105	424	148	34873	0	35550
24157	105	34200	132	508	0	34945
24158	35671	424	105	276	0	36476
24159	379	34681	132	219	0	35411
24160	35599	438	94	215	0	36346
24161	468	210	34363	197	0	35238
24162	34036	164	414	144	0	34758
24163	464	154	150	35251	0	36019
24164	232	153	34903	455	0	35743
24165	33281	114	395	203	0	33993
24166	34211	139	176	153	0	34679
24167	34423	116	120	132	0	34791
24168	557	120	101	33514	0	34292
24169	240	149	34150	482	0	35021
24170	33115	103	413	291	0	33922
24171	465	123	171	35433	0	36192
24172	224	114	97	36070	0	36505
24173	195	136	36424	605	0	37360
24174	133	35320	451	529	0	36433
24175	141	434	149	35511	0	36235
24176	118	35413	150	453	0	36134
24177	35726	890	85	211	0	36912
24178	35575	155	71	161	0	35962
24179	465	455	93	34947	0	35960
24180	36424	96	70	456	0	37046
24181	441	35056	92	647	0	36236
24182	36660	360	59	147	0	37226
24183	439	36199	75	131	0	36844
24184	205	384	73	37909	0	38571
24185	151	147	53	37575	0	37926
24186	140	37526	77	482	0	38225
24187	128	353	64	38870	0	39415
24188	148	170	37558	476	0	38352
24189	71	35217	305	194	0	35787
24190	35910	185	77	78	0	36250
24191	201	35310	60	109	0	35680
24192	66	185	22	36445	0	36718
24193	73	89	36531	223	0	36916
24194	42	55	184	36337	0	36618
24195	47	47	52	37031	0	37177
24196	36304	30	26	381	0	36741
24197	309	50	36247	137	0	36743
24198	82	35479	329	175	0	36065
24199	79	319	39658	61	0	40117
24200	58	97	39633	54	0	39842
24201	57	72	40496	51	0	40676
24202	283	58	402	39737	0	40480
24203	42734	30	97	410	0	43271
24204	372	41154	97	174	0	41797
24205	43599	418	41	61	0	44119
24206	44993	108	39	49	0	45189
24207	492	63	36	44104	0	44695
24208	120	44064	64	426	0	44674
24209	44724	432	43	116	0	45315
24210	403	44702	69	88	0	45262
24211	114	458	38	46175	0	46785
24212	76	128	32	46951	0	47187
24213	68	46065	67	519	0	46719
24214	58	454	51	47789	0	48352
24215	102	152	45738	511	0	46503
24216	72	120	44497	165	0	44854
24217	72	88	510	45374	0	46044
24218	76	71	130	46486	0	46763
24219	105	85	45051	548	0	45789
24220	98	110	43835	176	0	44219
24221	40039	71	522	169	0	40801
24222	431	42269	197	130	0	43027
24223	147	46163	134	124	0	46568
24224	96	560	104	44307	0	45067
24225	95	178	71	44711	0	45055
24226	83	112	51	45741	0	45987
24227	95	125	44748	587	0	45555
24228	100	98	43307	201	0	43706
24229	81	60	523	44708	0	45372
24230	116	100	42478	548	0	43242
24231	74	40544	564	288	0	41470
24232	41680	496	289	127	0	42592
24233	518	178	40739	121	0	41556
24234	167	126	40896	155	0	41344
24235	101	99	580	40938	0	41718
24236	111	116	45405	632	0	46264
24237	78	45060	751	352	0	46241
24238	83	721	245	48304	0	49353
24239	128	294	47283	884	0	48589
24240	91	46585	840	379	0	47895
24241	47627	856	309	231	0	49023
24242	788	315	240	47154	0	48497
24243	284	216	181	48329	0	49010
24244	48080	141	138	1088	0	49447
24245	822	47349	169	514	0	48854
24246	49242	872	114	319	0	50547
24247	49101	321	137	268	0	49827
24248	49493	243	159	203	0	50098
24249	1179	190	148	48356	0	49873
24250	46233	123	166	916	0	47438
24251	975	44258	184	427	0	45844
24252	428	46850	165	329	0	47772
24253	47606	1071	151	217	0	49045
24254	1051	461	129	48069	0	49710
24255	471	300	113	48659	0	49543
24256	334	212	162	49563	0	50271
24257	251	254	46289	1463	0	48257
24258	232	46631	930	717	0	48510
24259	202	987	351	49219	0	50759
24260	48563	428	263	1249	0	50503
24261	1073	274	188	48845	0	50380
24262	463	255	47092	1305	0	49115
24263	319	46192	1050	635	0	48196
24264	48289	1037	403	470	0	50199
24265	48212	427	301	369	0	49309
24266	48938	327	235	313	0	49813
24267	1501	292	188	49029	0	51010
24268	737	266	49688	1208	0	51899
24269	499	279	51298	583	0	52659
24270	387	52548	1683	478	0	55096
24271	306	1522	732	53806	0	56366
24272	279	553	346	55521	0	56699
24273	51834	379	245	2018	0	54476
24274	1543	294	204	54159	0	56200
24275	55974	256	204	2004	0	58438
24276	1943	227	53685	873	0	56728
24277	731	217	54819	654	0	56421
24278	530	239	1951	53855	0	56575
24279	386	190	769	55467	0	56812
24280	375	229	483	57450	0	58537
24281	57475	193	378	2447	0	60493
24282	60957	199	396	1039	0	62591
24283	2404	229	300	62030	0	64963
24284	987	178	58616	2450	0	62231
24285	600	227	59729	1054	0	61610
24286	458	196	2541	59776	0	62971
24287	60586	168	991	2479	0	64224
24288	2279	187	608	59445	0	62519
24289	892	178	469	62970	0	64509
24290	630	201	60509	3106	0	64446
24291	501	178	60883	1385	0	62947
24292	58624	204	2741	933	0	62502
24293	2532	205	59377	703	0	62817
24294	1017	153	2389	56766	0	60325
24295	713	124	984	59317	0	61138
24296	58204	96	758	2896	0	61954
24297	2315	56523	607	1353	0	60798
24298	57608	1947	532	890	0	60977
24299	2339	53875	471	747	0	57432
24300	54004	2063	801	684	0	57552
24301	2508	735	51899	664	0	55806
24302	49102	595	2150	633	0	52480
24303	50801	291	854	554	0	52500
24304	2727	389	627	49808	0	53551
24305	1292	259	48429	2211	0	52191
24306	830	196	2107	47358	0	50491
24307	679	200	903	47941	0	49723
24308	614	46360	631	2767	0	50372
24309	603	1871	503	45345	0	48322
24310	591	46162	495	2382	0	49630
24311	631	2060	408	46310	0	49409
24312	45313	806	410	2626	0	49155
24313	2240	493	432	46177	0	49342
24314	1100	371	44084	2667	0	48222
24315	44978	349	2047	1332	0	48706
24316	2496	306	45096	1000	0	48898
24317	45590	240	2237	889	0	48956
24318	46969	260	1008	817	0	49054
24319	2939	44601	742	851	0	49133
24320	1399	48702	623	762	0	51486
24321	47611	2635	577	721	0	51544
24322	49989	991	574	745	0	52299
24323	49391	571	437	774	0	51173
24324	49570	380	452	872	0	51274
24325	49313	337	481	765	0	50896
24326	3487	339	464	46708	0	50998
24327	1708	318	517	49425	0	51968
24328	1220	389	45234	3152	0	49995
24329	45925	266	2261	1554	0	50006
24330	2738	335	1048	47203	0	51324
24331	1441	337	681	49247	0	51706
24332	1205	396	45316	3328	0	50245
24333	1034	44583	2343	1699	0	49659
24334	1051	47549	1097	1188	0	50885
24335	46400	2542	735	925	0	50602
24336	42476	870	582	743	0	44671
24337	3027	39574	614	709	0	43924
24338	1331	39822	491	649	0	42293
24339	39200	2284	477	652	0	42613
24340	40572	842	441	708	0	42563
24341	2781	471	413	39053	0	42718
24342	1403	378	368	41197	0	43346
24343	1018	362	384	42674	0	44438
24344	40185	386	380	2944	0	43895
24345	41438	377	433	1384	0	43632
24346	2860	358	409	41485	0	45112
24347	42857	345	409	2623	0	46234
24348	2937	373	40162	1306	0	44778
24349	1496	343	2086	42476	0	46401
24350	1112	410	40255	2721	0	44498
24351	945	40462	2323	1341	0	45071
24352	885	2463	1016	40507	0	44871
24353	39449	795	654	2441	0	43339
24354	2537	466	512	39523	0	43038
24355	1272	387	429	41317	0	43405
24356	964	366	37891	3074	0	42295
24357	891	425	38755	1491	0	41562
24358	855	40049	2376	950	0	44230
24359	40822	2078	862	761	0	44523
24360	42470	824	555	738	0	44587
24361	43057	502	477	661	0	44697
24362	43353	401	399	734	0	44887
24363	3269	331	448	41276	0	45324
24364	1632	354	386	40760	0	43132
24365	1184	41111	387	2654	0	45336
24366	41346	2048	352	1254	0	45000
24367	42416	792	402	920	0	44530
24368	3054	452	37956	691	0	42153
24369	32789	319	1486	470	0	35064
24370	2075	33216	654	440	0	36385
24371	1129	1825	343	31737	0	35034
24372	768	33342	333	1595	0	36038
24373	33186	1556	250	814	0	35806
24374	1787	32404	244	529	0	34964
24375	893	1461	177	30524	0	33055
24376	624	642	172	31486	0	32924
24377	534	340	165	30774	0	31813
24378	486	29026	177	2050	0	31739
24379	507	1918	188	29667	0	32280
24380	510	922	193	29467	0	31092
24381	391	25701	185	1803	0	28080
24382	285	23966	121	703	0	25075
24383	21770	1168	86	400	0	23424
24384	1043	22296	105	327	0	23771
24385	21583	988	85	212	0	22868
24386	1113	452	20203	207	0	21975
24387	475	20072	696	203	0	21446
24388	20184	809	237	195	0	21425
24389	20307	374	150	178	0	21009
24390	1090	243	19964	195	0	21492
24391	511	201	675	19810	0	21197
24392	372	151	20177	834	0	21534
24393	267	19961	776	477	0	21481
24394	20168	748	325	311	0	21552
24395	777	20474	174	287	0	21712
24396	390	834	134	20334	0	21692
24397	296	422	96	21886	0	22700
24398	274	281	21084	1002	0	22641
24399	251	212	20840	491	0	21794
24400	20011	349	922	328	0	21610
24401	21520	211	369	234	0	22334
24402	21631	181	203	225	0	22240
24403	21576	155	166	203	0	22100
24404	1113	20888	136	220	0	22357
24405	588	732	101	21164	0	22585
24406	378	364	121	21270	0	22133
24407	272	21339	117	957	0	22685
24408	22085	784	93	499	0	23461
24409	22424	360	126	315	0	23225
24410	1054	278	21696	288	0	23316
24411	22162	220	738	236	0	23356
24412	1007	201	333	22242	0	23783
24413	563	184	21820	857	0	23424
24414	403	178	787	22048	0	23416
24415	334	162	21988	932	0	23416
24416	299	189	22434	480	0	23402
24417	256	221	874	20842	0	22193
24418	231	21642	442	695	0	23010
24419	22480	652	265	404	0	23801
24420	21305	385	165	287	0	22142
24421	917	22064	164	289	0	23434
24422	455	22311	143	238	0	23147
24423	22067	757	132	197	0	23153
24424	22379	399	130	183	0	23091
24425	22936	275	126	155	0	23492
24426	22975	210	139	141	0	23465
24427	986	168	93	21844	0	23091
24428	546	167	21929	632	0	23274
24429	373	21859	601	378	0	23211
24430	21132	549	230	214	0	22125
24431	640	21726	145	187	0	22698
24432	21627	574	121	121	0	22443
24433	21627	292	103	134	0	22156
24434	800	214	22126	128	0	23268
24435	423	23085	512	88	0	24108
24436	335	559	200	23313	0	24407
24437	244	289	142	23726	0	24401
24438	210	191	119	23504	0	24024
24439	23766	183	82	764	0	24795
24440	23290	135	92	400	0	23917
24441	23735	130	87	277	0	24229
24442	784	22643	88	193	0	23708
24443	22465	484	65	148	0	23162
24444	617	22117	83	165	0	22982
24445	325	568	22451	150	0	23494
24446	185	22124	376	108	0	22793
24447	73	274	257	20595	0	21199
24448	63	124	49	20492	0	20728
24449	75	81	20316	287	0	20759
24450	67	50	215	19584	0	19916
24451	57	59	97	20709	0	20922
24452	20598	54	58	311	0	21021
24453	19935	59	48	167	0	20209
24454	20310	45	40	99	0	20494
24455	357	20082	44	80	0	20563
24456	20604	191	31	52	0	20878
24457	19961	111	28	50	0	20150
24458	305	20245	53	62	0	20665
24459	185	260	36	20601	0	21082
24460	124	114	36	20806	0	21080
24461	20652	77	34	326	0	21089
24462	307	68	20172	159	0	20706
24463	144	19162	243	129	0	19678
24464	110	248	95	19035	0	19488
24465	99	19511	76	233	0	19919
24466	87	20253	42	118	0	20500
24467	20443	255	43	380	0	21121
24468	21033	127	33	63	0	21256
24469	289	82	33	20791	0	21195
24470	146	73	17	20854	0	21090
24471	126	62	34	21099	0	21321
24472	103	56	26	21085	0	21270
24473	112	61	20401	320	0	20894
24474	111	80	19444	146	0	19781
24475	79	56	240	20426	0	20801
24476	109	74	21192	269	0	21644
24477	76	20698	287	152	0	21213
24478	22205	252	90	96	0	22643
24479	23001	106	65	77	0	23249
24480	407	64	62	22637	0	23170
24481	164	59	37	22569	0	22829
24482	101	51	49	22952	0	23153
24483	91	22001	65	654	0	22811
24484	23031	308	64	171	0	23574
24485	22953	126	50	132	0	23261
24486	458	97	22907	108	0	23570
24487	200	67	318	24178	0	24763
24488	174	84	25220	500	0	25978
24489	132	71	458	25837	0	26498
24490	99	81	96	25389	0	25665
24491	88	79	75	25052	0	25294
24492	95	73	61	25628	0	25857
24493	25376	79	49	693	0	26197
24494	25298	61	44	270	0	25673
24495	25774	58	43	174	0	26049
24496	740	61	48	25464	0	26313
24497	252	67	24135	633	0	25087
24498	22510	64	511	206	0	23291
24499	610	50	134	23883	0	24677
24500	23869	42	90	621	0	24622
24501	627	48	62	23651	0	24388
24502	210	22546	88	684	0	23528
24503	175	23661	72	285	0	24193
24504	113	558	63	24479	0	25213
24505	122	189	48	24507	0	24866
24506	106	91	40	24548	0	24785
24507	101	23236	51	827	0	24215
24508	23812	606	41	279	0	24738
24509	683	24227	49	233	0	25192
24510	199	672	23839	125	0	24835
24511	129	154	608	23828	0	24719
24512	76	24801	156	737	0	25770
24513	91	710	98	24938	0	25837
24514	66	185	65	25431	0	25747
24515	104	110	24592	930	0	25736
24516	22434	76	1072	351	0	23933
24517	714	25437	176	242	0	26569
24518	26236	709	88	181	0	27214
24519	26470	170	59	181	0	26880
24520	26426	109	68	160	0	26763
24521	956	86	24635	164	0	25841
24522	297	80	698	24243	0	25318
24523	213	81	150	25953	0	26397
24524	146	93	24678	921	0	25838
24525	22617	86	764	315	0	23782
24526	828	94	24569	247	0	25738
24527	237	90	23829	204	0	24360
24528	134	22763	765	214	0	23876
24529	117	667	192	23408	0	24384
24530	123	164	23509	753	0	24549
24531	22187	98	668	246	0	23199
24532	23186	106	176	187	0	23655
24533	824	85	23120	163	0	24192
24534	246	92	664	22416	0	23418
24535	215	86	22088	713	0	23102
24536	149	22472	700	247	0	23568
24537	23946	666	201	189	0	25002
24538	24149	149	130	191	0	24619
24539	23746	107	132	190	0	24175
24540	873	76	114	22902	0	23965
24541	302	94	105	24241	0	24742
24542	236	82	22706	859	0	23883
24543	22204	81	683	288	0	23256
24544	774	64	194	23151	0	24183
24545	22448	78	174	796	0	23496
24546	849	64	22231	305	0	23449
24547	286	78	22855	237	0	23456
24548	231	57	795	21339	0	22422
24549	168	79	260	23238	0	23745
24550	191	91	22436	877	0	23595
24551	21385	94	754	331	0	22564
24552	803	102	226	21480	0	22611
24553	261	22972	201	728	0	24162
24554	23677	693	141	298	0	24809
24555	757	23841	169	263	0	25030
24556	24727	758	188	226	0	25899
24557	961	200	25525	232	0	26918
24558	332	150	24675	185	0	25342
24559	230	24890	829	243	0	26192
24560	25592	771	246	177	0	26786
24561	900	197	25031	194	0	26322
24562	24385	139	831	190	0	25545
24563	918	25714	245	205	0	27082
24564	298	768	196	27287	0	28549
24565	271	207	173	26473	0	27124
24566	212	26704	170	840	0	27926
24567	28027	779	179	293	0	29278
24568	27768	213	185	243	0	28409
24569	28096	148	160	241	0	28645
24570	1031	168	27289	183	0	28671
24571	359	125	816	27130	0	28430
24572	267	122	282	27795	0	28466
24573	222	113	251	28558	0	29144
24574	228	142	27257	1062	0	28689
24575	197	26600	832	424	0	28053
24576	26549	787	274	259	0	27869
24577	929	241	25893	177	0	27240
24578	24998	157	739	147	0	26041
24579	840	24913	253	378	0	26384
24580	26202	760	226	134	0	27322
24581	899	199	188	26026	0	27312
24582	27396	165	197	805	0	28563
24583	938	109	145	27770	0	28962
24584	342	106	28686	854	0	29988
24585	287	97	732	28616	0	29732
24586	235	101	27747	839	0	28922
24587	24784	71	611	261	0	25727
24588	642	25427	254	211	0	26534
24589	242	513	152	24142	0	25049
24590	177	25271	150	491	0	26089
24591	25465	531	137	188	0	26321
24592	25432	136	127	154	0	25849
24593	596	25824	174	156	0	26750
24594	26846	786	111	118	0	27861
24595	27512	163	109	106	0	27890
24596	691	104	104	26729	0	27628
24597	248	106	98	27418	0	27870
24598	28078	93	72	630	0	28873
24599	27915	90	93	201	0	28299
24600	703	94	95	27349	0	28241
24601	284	87	80	31605	0	32056
24602	32731	69	114	791	0	33705
24603	852	87	31939	257	0	33135
24604	29969	73	646	196	0	30884
24605	791	93	30717	152	0	31753
24606	247	30262	690	146	0	31345
24607	225	600	199	30816	0	31840
24608	210	174	32063	639	0	33086
24609	121	34036	608	179	0	34944
24610	34232	509	144	116	0	35001
24611	595	167	34565	69	0	35396
24612	33245	101	490	80	0	33916
24613	35232	66	122	71	0	35491
24614	35454	74	110	67	0	35705
24615	670	93	84	33090	0	33937
24616	222	34836	109	393	0	35560
24617	34914	481	68	148	0	35611
24618	601	147	34476	120	0	35344
24619	32127	100	496	90	0	32813
24620	635	132	34126	78	0	34971
24621	212	33056	513	93	0	33874
24622	177	461	140	34260	0	35038
24623	157	127	110	34065	0	34459
24624	134	33679	113	553	0	34479
24625	119	514	95	34507	0	35235
24626	162	169	33744	571	0	34646
24627	119	33299	526	231	0	34175
24628	126	515	152	34493	0	35286
24629	34301	171	102	558	0	35132
24630	34499	144	101	171	0	34915
24631	712	97	90	35667	0	36566
24632	275	37348	92	626	0	38341
24633	238	626	57	37841	0	38762
24634	195	190	77	39232	0	39694
24635	232	214	36334	860	0	37640
24636	172	37173	616	373	0	38334
24637	161	702	183	38486	0	39532
24638	181	254	37028	788	0	38251
24639	166	36076	705	846	0	37793
24640	157	703	214	38532	0	39606
24641	38417	230	166	806	0	39619
24642	761	39157	142	351	0	40411
24643	274	801	108	42139	0	43322
24644	42937	269	115	851	0	44172
24645	43153	213	90	326	0	43782
24646	43399	172	107	258	0	43936
24647	43103	156	126	215	0	43600
24648	1098	148	114	42300	0	43660
24649	470	165	42267	925	0	43827
24650	351	155	731	40808	0	42045
24651	270	41236	280	880	0	42666
24652	43219	799	219	386	0	44623
24653	893	287	40727	318	0	42225
24654	39580	227	791	261	0	40859
24655	971	213	40437	248	0	41869
24656	342	140	726	39311	0	40519
24657	340	174	39379	743	0	40636
24658	278	161	707	38376	0	39522
24659	283	125	38668	871	0	39947
24660	261	141	715	37874	0	38991
24661	39255	108	245	877	0	40485
24662	783	41023	252	397	0	42455
24663	394	631	152	41807	0	42984
24664	298	223	146	41499	0	42166
24665	305	200	43029	929	0	44463
24666	295	154	41398	441	0	42288
24667	39645	153	815	330	0	40943
24668	779	41315	380	309	0	42783
24669	42972	653	286	287	0	44198
24670	44011	224	260	254	0	44749
24671	942	210	252	41048	0	42452
24672	463	42775	231	701	0	44170
24673	45081	690	236	319	0	46326
24674	44879	257	208	328	0	45672
24675	45507	197	240	285	0	46229
24676	45368	160	214	302	0	46044
24677	45389	173	199	270	0	46031
24678	1090	186	43202	267	0	44745
24679	43328	127	682	229	0	44366
24680	939	151	44045	228	0	45363
24681	458	122	751	42871	0	44202
24682	393	131	320	44537	0	45381
24683	368	142	43234	841	0	44585
24684	41238	140	715	391	0	42484
24685	820	133	302	42887	0	44142
24686	401	147	256	43893	0	44697
24687	379	116	199	44491	0	45185
24688	335	158	194	43812	0	44499
24689	340	153	151	44845	0	45489
24690	369	142	43637	1021	0	45169
24691	343	227	679	43139	0	44388
24692	370	113	44159	941	0	45583
24693	371	156	41245	407	0	42179
24694	41323	113	865	349	0	42650
24695	44946	95	410	323	0	45774
24696	47002	81	922	292	0	48297
24697	1432	108	49177	322	0	51039
24698	638	122	50360	318	0	51438
24699	468	134	51814	301	0	52717
24700	593	52252	1639	383	0	54867
24701	829	1231	1279	52401	0	55740
24702	55476	352	355	1358	0	57541
24703	1474	215	254	56095	0	58038
24704	570	57440	272	1732	0	60014
24705	60253	1538	229	720	0	62740
24706	1763	522	226	59180	0	61691
24707	719	58842	264	1775	0	61600
24708	515	1560	238	60644	0	62957
24709	368	584	271	59255	0	60478
24710	57181	316	289	2271	0	60057
24711	1780	204	294	57227	0	59505
24712	784	277	54880	2082	0	58023
24713	512	203	1630	55303	0	57648
24714	419	53187	686	1999	0	56291
24715	410	56285	452	990	0	58137
24716	350	2048	354	54379	0	57131
24717	331	800	313	54672	0	56116
24718	304	53522	323	2266	0	56415
24719	305	54888	299	1160	0	56652
24720	338	55988	246	766	0	57338
24721	357	2399	189	51299	0	54244
24722	321	54945	211	1802	0	57279
24723	54585	1984	223	942	0	57734
24724	1783	911	54202	748	0	57644
24725	719	629	1613	53532	0	56493
24726	481	56164	639	1884	0	59168
24727	56473	1900	411	955	0	59739
24728	1914	942	55750	738	0	59344
24729	758	56782	1632	754	0	59926
24730	56818	1902	691	588	0	59999
24731	1647	55659	428	559	0	58293
24732	662	56740	307	495	0	58204
24733	426	2282	1061	54602	0	58371
24734	287	55598	192	1625	0	57702
24735	56386	1819	487	722	0	59414
24736	1457	916	172	55726	0	58271
24737	646	671	55053	1639	0	58009
24738	437	571	55272	780	0	57060
24739	296	682	1684	55635	0	58297
24740	360	542	56314	1667	0	58883
24741	308	464	1543	56248	0	58563
24742	54964	421	639	1816	0	57840
24743	1540	447	53253	826	0	56066
24744	639	427	1428	51862	0	54356
24745	415	51816	653	1553	0	54437
24746	318	1544	416	53591	0	55869
24747	293	773	307	53478	0	54851
24748	315	52643	344	1952	0	55254
24749	265	1614	341	54135	0	56355
24750	246	805	369	54919	0	56339
24751	223	596	52818	2153	0	55790
24752	200	51689	1458	1107	0	54454
24753	53777	1661	624	758	0	56820
24754	1410	835	412	54443	0	57100
24755	669	606	54327	1819	0	57421
24756	424	490	1481	54188	0	56583
24757	377	474	54104	1954	0	56909
24758	52002	481	1606	1042	0	55131
24759	1443	54364	724	826	0	57357
24760	748	1619	476	56053	0	58896
24761	486	833	406	57674	0	59399
24762	53357	616	412	2253	0	56638
24763	1608	505	419	53735	0	56267
24764	758	1157	51264	2124	0	55303
24765	537	532	1506	49054	0	51629
24766	365	48401	731	2034	0	51531
24767	356	51016	532	1217	0	53121
24768	416	51912	378	1079	0	53785
24769	359	2377	372	51601	0	54709
24770	380	1151	49357	2027	0	52915
24771	329	49569	1548	1244	0	52690
24772	49038	1945	697	951	0	52631
24773	1441	49217	535	1456	0	52649
24774	52181	2047	359	826	0	55413
24775	52766	996	381	853	0	54996
24776	2063	743	49686	788	0	53280
24777	51205	702	1571	755	0	54233
24778	53750	650	753	725	0	55878
24779	53440	624	548	765	0	55377
24780	53288	652	422	652	0	55014
24781	2325	727	50772	604	0	54428
24782	49764	610	1653	598	0	52625
24783	52060	631	745	640	0	54076
24784	2131	53009	467	572	0	56179
24785	1085	2021	353	52681	0	56140
24786	756	1091	335	53107	0	55289
24787	653	52727	384	2163	0	55927
24788	52054	1983	385	1001	0	55423
24789	1827	52520	416	661	0	55424
24790	52169	2047	430	537	0	55183
24791	51986	1004	403	520	0	53913
24792	2347	52085	369	564	0	55365
24793	1172	1762	378	52835	0	56147
24794	909	872	52231	1835	0	55847
24795	686	50138	1520	975	0	53319
24796	560	1775	577	47061	0	49973
24797	537	47639	424	1260	0	49860
24798	426	52399	294	635	0	53754
24799	578	2425	1171	48540	0	52714
24800	407	766	49242	1496	0	51911
24801	279	46300	1293	754	0	48626
24802	154	46818	518	305	0	47795
24803	41710	1306	899	131	0	44046
24804	781	545	69	42670	0	44065
24805	371	222	57	42283	0	42933
24806	142	140	41	43742	0	44065
24807	119	151	42369	1406	0	44045
24808	93	122	841	42434	0	43490
24809	81	42957	409	1680	0	45127
24810	46156	969	178	501	0	47804
24811	1082	475	67	46417	0	48041
24812	503	233	46058	1155	0	47949
24813	46033	153	1069	527	0	47782
24814	1232	151	445	48927	0	50755
24815	567	140	51461	1267	0	53435
24816	272	171	51236	575	0	52254
24817	52435	100	1812	283	0	54630
24818	55382	124	661	153	0	56320
24819	54910	143	250	157	0	55460
24820	56051	116	160	165	0	56492
24821	2258	203	52441	168	0	55070
24822	838	52671	1441	661	0	55611
24823	54418	1526	519	177	0	56640
24824	1609	53423	267	235	0	55534
24825	53134	1672	146	178	0	55130
24826	1680	53738	159	202	0	55779
24827	660	1711	116	54357	0	56844
24828	332	649	131	54477	0	55589
24829	248	317	150	53853	0	54568
24830	247	51082	198	2137	0	53664
24831	230	52916	161	1187	0	54494
24832	236	1999	144	49577	0	51956
24833	235	50884	180	1552	0	52851
24834	301	1743	49693	611	0	52348
24835	247	692	1551	48461	0	50951
24836	284	423	48780	1690	0	51177
24837	47498	283	1689	719	0	50189
24838	49509	291	681	392	0	50873
24839	2256	300	48698	267	0	51521
24840	956	325	48814	279	0	50374
24841	502	304	2013	48280	0	51099
24842	396	336	48909	1763	0	51404
24843	330	323	1738	45727	0	48118
24844	285	47036	781	1746	0	49848
24845	255	1783	407	49475	0	51920
24846	276	843	246	50361	0	51726
24847	245	589	255	51830	0	52919
24848	296	488	48488	2569	0	51841
24849	274	409	1671	48138	0	50492
24850	277	458	802	48224	0	49761
24851	324	474	454	46551	0	47803
24852	332	47990	369	2188	0	50879
24853	49036	1777	341	1051	0	52205
24854	49088	774	342	808	0	51012
24855	49354	429	376	740	0	50899
24856	2384	347	448	47934	0	51113
24857	1040	381	46556	2033	0	50010
24858	695	415	46173	1068	0	48351
24859	533	46180	2150	760	0	49623
24860	45423	1797	955	665	0	48840
24861	1733	46126	650	728	0	49237
24862	46749	1916	539	627	0	49831
24863	1989	45748	470	1474	0	49681
24864	46560	1952	474	683	0	49669
24865	1954	48096	546	612	0	51208
24866	1164	2012	466	48583	0	52225
24867	874	974	46553	2108	0	50509
24868	811	626	47432	1128	0	49997
24869	714	537	2200	46569	0	50020
24870	665	499	1094	47960	0	50218
24871	604	552	682	49855	0	51693
24872	730	505	47347	2652	0	51234
24873	704	468	1729	48034	0	50935
24874	46211	487	923	2342	0	49963
24875	47328	477	619	1230	0	49654
24876	2386	46493	556	986	0	50421
24877	46293	1854	505	828	0	49480
24878	2145	45568	462	834	0	49009
24879	46486	2069	478	726	0	49759
24880	47424	1113	524	644	0	49705
24881	47098	749	518	658	0	49023
24882	2679	642	44627	698	0	48646
24883	1329	608	44613	678	0	47228
24884	43460	477	2325	646	0	46908
24885	46827	420	1203	636	0	49086
24886	2651	452	741	44976	0	48820
24887	1641	420	482	47261	0	49804
24888	1030	470	593	48014	0	50107
24889	717	518	701	48528	0	50464
24890	604	516	602	50346	0	52068
24891	47722	591	532	2929	0	51774
24892	2027	598	438	48818	0	51881
24893	1143	631	45777	2503	0	50054
24894	43825	587	1705	1435	0	47552
24895	46041	488	880	1154	0	48563
24896	2399	45337	602	1113	0	49451
24897	968	46072	427	941	0	48408
24898	39405	1390	269	414	0	41478
24899	1214	40187	305	430	0	42136
24900	39557	1312	452	389	0	41710
24901	42179	452	578	384	0	43593
24902	42556	241	293	392	0	43482
24903	1756	176	313	39424	0	41669
24904	748	38879	326	1355	0	41308
24905	40403	1137	261	611	0	42412
24906	1399	441	257	40461	0	42558
24907	605	240	247	40404	0	41496
24908	38061	177	183	1782	0	40203
24909	1186	36516	227	1227	0	39156
24910	460	1015	126	37079	0	38680
24911	36827	395	90	1315	0	38627
24912	1152	36353	120	637	0	38262
24913	36550	1011	60	341	0	37962
24914	1254	430	33381	301	0	35366
24915	31964	169	676	189	0	32998
24916	1012	34040	257	208	0	35517
24917	32968	754	102	93	0	33917
24918	33385	296	46	92	0	33819
24919	1054	33762	50	123	0	34989
24920	34650	774	22	86	0	35532
24921	918	32856	33	102	0	33909
24922	34847	858	21	87	0	35813
24923	945	324	34	34137	0	35440
24924	397	232	25	34742	0	35396
24925	300	141	27	35676	0	36144
24926	252	142	32540	1083	0	34017
24927	221	121	703	32948	0	33993
24928	219	157	33167	943	0	34486
24929	216	112	808	32743	0	33879
24930	200	32552	288	880	0	33920
24931	213	816	136	34801	0	35966
24932	264	344	33905	924	0	35437
24933	221	265	33940	741	0	35167
24934	217	171	955	34353	0	35696
24935	34243	147	365	932	0	35687
24936	34509	144	200	424	0	35277
24937	1090	33931	140	390	0	35551
24938	499	948	120	34976	0	36543
24939	382	348	34924	966	0	36620
24940	253	226	798	34664	0	35941
24941	237	165	34554	1082	0	36038
24942	32869	145	901	478	0	34393
24943	960	160	354	34786	0	36260
24944	490	160	34487	1023	0	36160
24945	342	164	870	34769	0	36145
24946	261	179	343	36306	0	37089
24947	298	146	35199	1239	0	36882
24948	248	135	883	35532	0	36798
24949	36146	127	376	1188	0	37837
24950	36613	141	267	534	0	37555
24951	1239	150	170	37426	0	38985
24952	37987	142	178	1113	0	39420
24953	1195	171	38589	525	0	40480
24954	768	189	37378	618	0	38953
24955	38573	133	1142	345	0	40193
24956	40530	102	547	329	0	41508
24957	1273	132	296	38782	0	40483
24958	604	121	235	40139	0	41099
24959	462	129	38803	1356	0	40750
24960	338	150	930	36174	0	37592
24961	310	38696	438	1050	0	40494
24962	40727	909	312	529	0	42477
24963	42428	362	225	439	0	43454
24964	1499	42122	244	370	0	44235
24965	41289	1114	191	345	0	42939
24966	41345	376	214	317	0	42252
24967	1495	40396	223	1057	0	43171
24968	42191	1135	216	307	0	43849
24969	1335	41757	236	346	0	43674
24970	42823	1228	209	330	0	44590
24971	1456	449	41734	296	0	43935
24972	595	300	1134	41230	0	43259
24973	447	211	420	42419	0	43497
24974	364	157	318	44318	0	45157
24975	43309	153	231	1750	0	45443
24976	1418	193	198	44701	0	46510
24977	690	173	43162	1654	0	45679
24978	45087	199	1283	659	0	47228
24979	1567	196	435	45112	0	47310
24980	685	43054	347	1522	0	45608
24981	473	46444	262	685	0	47864
24982	405	1556	245	46495	0	48701
24983	360	593	251	45944	0	47148
24984	373	363	199	46940	0	47875
24985	413	238	42950	2042	0	45643
24986	338	42545	1308	926	0	45117
24987	42774	1214	401	614	0	45003
24988	41991	413	344	463	0	43211
24989	1519	41229	262	462	0	43472
24990	653	43518	224	413	0	44808
24991	450	1366	190	43495	0	45501
24992	368	504	41901	1390	0	44163
24993	40847	445	1075	598	0	42965
24994	42608	184	389	455	0	43636
24995	1299	170	299	42068	0	43836
24996	536	145	200	42595	0	43476
24997	40654	155	163	1466	0	42438
24998	1248	181	40071	688	0	42188
24999	38878	147	941	501	0	40467
25000	1173	39739	385	350	0	41647
25001	342	790	164	37516	0	38812
25002	253	36988	166	885	0	38292
25003	38351	866	99	341	0	39657
25004	929	242	122	37379	0	38672
25005	349	178	117	37361	0	38005
25006	291	36648	132	1018	0	38089
25007	37964	813	116	411	0	39304
25008	38187	253	135	310	0	38885
25009	1098	234	36856	251	0	38439
25010	417	233	35090	227	0	35967
25011	35903	111	824	190	0	37028
25012	886	127	35823	201	0	37037
25013	365	146	34660	188	0	35359
25014	35185	90	935	229	0	36439
25015	767	107	38795	154	0	39823
25016	290	84	869	37398	0	38641
25017	218	84	300	39699	0	40301
25018	43529	80	244	1184	0	45037
25019	1370	112	44347	500	0	46329
25020	46158	97	1383	307	0	47945
25021	1765	90	471	46684	0	49010
25022	48083	94	321	1572	0	50070
25023	48953	81	257	583	0	49874
25024	49370	79	208	435	0	50092
25025	2520	83	202	47605	0	50410
25026	48560	78	160	1744	0	50542
25027	2356	74	141	47844	0	50415
25028	1194	122	115	48292	0	49723
25029	928	91	136	48648	0	49803
25030	728	89	120	49672	0	50609
25031	47221	94	132	2635	0	50082
25032	47895	106	149	1331	0	49481
25033	2304	108	46364	1043	0	49819
25034	47749	76	1536	789	0	50150
25035	49451	63	562	712	0	50788
25036	2522	181	384	46895	0	49982
25037	1272	46392	257	1919	0	49840
25038	48528	1539	262	787	0	51116
25039	2304	534	245	46748	0	49831
25040	47163	345	227	1917	0	49652
25041	2338	45807	241	885	0	49271
25042	47723	1675	151	685	0	50234
25043	2366	691	106	45826	0	48989
25044	1111	45618	147	1925	0	48801
25045	47600	1781	120	897	0	50398
25046	2145	45845	134	756	0	48880
25047	990	47877	151	948	0	49966
25048	48659	2128	128	558	0	51473
25049	2126	1049	45411	512	0	49098
25050	47510	696	1492	423	0	50121
25051	2361	469	572	46537	0	49939
25052	1211	466	45792	1750	0	49219
25053	1015	393	1721	44026	0	47155
25054	878	302	715	46789	0	48684
25055	786	297	44404	2440	0	47927
25056	45220	173	1851	1222	0	48466
25057	2199	154	774	46835	0	49962
25058	1203	164	534	48123	0	50024
25059	976	159	355	48223	0	49713
25060	46549	144	346	3055	0	50094
25061	2271	172	44681	1687	0	48811
25062	1226	183	45029	1221	0	47659
25063	844	128	1913	43108	0	45993
25064	740	143	42892	2249	0	46024
25065	42242	146	1856	1287	0	45531
25066	1945	42110	943	980	0	45978
25067	43553	1398	716	671	0	46338
25068	2286	599	553	41221	0	44659
25069	1196	41195	560	1719	0	44670
25070	1065	1906	473	41119	0	44563
25071	925	41547	330	1945	0	44747
25072	763	1827	271	42593	0	45454
25073	829	913	40785	2159	0	44686
25074	754	745	39527	1196	0	42222
25075	643	39515	1752	1090	0	43000
25076	39165	1520	774	838	0	42297
25077	1644	842	530	38759	0	41775
25078	958	597	396	38792	0	40743
25079	38485	452	417	2074	0	41428
25080	38499	457	388	1143	0	40487
25081	2205	355	342	37847	0	40749
25082	1308	375	36413	1787	0	39883
25083	1017	36507	1367	1063	0	39954
25084	878	1362	670	36714	0	39624
25085	816	635	548	36919	0	38918
25086	751	37430	414	1974	0	40569
25087	38557	1467	375	1201	0	41600
25088	1726	764	37442	902	0	40834
25089	901	615	1447	36915	0	39878
25090	670	465	680	37322	0	39137
25091	587	467	36044	2274	0	39372
25092	619	423	1523	36918	0	39483
25093	36644	327	747	2231	0	39949
25094	36828	323	664	1321	0	39136
25095	37854	261	518	1143	0	39776
25096	2263	35660	504	992	0	39419
25097	38279	1372	528	765	0	40944
25098	2192	648	452	36210	0	39502
25099	1292	505	415	36100	0	38312
25100	1045	39067	408	2003	0	42523
25101	44452	1683	277	1158	0	47570
25102	46864	909	289	880	0	48942
25103	48042	688	314	738	0	49782
25104	50136	548	266	773	0	51723
25105	50585	484	278	789	0	52136
25106	3401	443	45917	747	0	50508
25107	48818	444	1928	616	0	51806
25108	49815	411	872	579	0	51677
25109	49336	262	738	543	0	50879
25110	3499	238	539	46053	0	50329
25111	1969	409	435	47993	0	50806
25112	1503	274	43911	2763	0	48451
25113	40516	301	1963	1542	0	44322
25114	2376	43020	943	1264	0	47603
25115	1261	39461	596	791	0	42109
25116	1005	1771	38232	669	0	41677
25117	701	38831	1586	659	0	41777
25118	488	36108	564	451	0	37611
25119	457	1773	833	28970	0	32033
25120	213	31562	159	829	0	32763
25121	31669	1029	86	329	0	33113
25122	31908	461	84	224	0	32677
25123	1189	266	55	31236	0	32746
25124	605	192	30429	896	0	32122
25125	30379	130	848	393	0	31750
25126	1093	136	30970	286	0	32485
25127	554	102	31287	193	0	32136
25128	388	123	1171	27983	0	29665
25129	310	71	509	30931	0	31821
25130	294	77	30474	1088	0	31933
25131	236	29081	926	569	0	30812
25132	217	32436	415	411	0	33479
25133	33026	1181	267	216	0	34690
25134	33316	644	166	149	0	34275
25135	1275	315	31946	135	0	33671
25136	31893	458	862	143	0	33356
25137	34439	108	307	115	0	34969
25138	1267	139	208	33262	0	34876
25139	644	123	132	33955	0	34854
25140	464	132	80	34827	0	35503
25141	34339	137	76	1250	0	35802
25142	35598	102	98	553	0	36351
25143	36257	100	77	334	0	36768
25144	1606	81	101	34241	0	36029
25145	958	110	32167	876	0	34111
25146	32394	91	843	385	0	33713
25147	32904	77	404	292	0	33677
25148	1431	95	311	31453	0	33290
25149	880	31479	189	894	0	33442
25150	729	833	140	31852	0	33554
25151	516	31944	147	1327	0	33934
25152	410	976	202	31950	0	33538
25153	421	33273	215	1095	0	35004
25154	32450	1043	181	414	0	34088
25155	1176	522	149	31779	0	33626
25156	599	31347	183	964	0	33093
25157	489	990	30602	413	0	32494
25158	29856	473	898	315	0	31542
25159	1069	405	359	30809	0	32642
25160	532	31296	285	959	0	33072
25161	492	950	189	30261	0	31892
25162	472	29796	187	988	0	31443
25163	431	31536	200	470	0	32637
25164	30665	1113	204	635	0	32617
25165	31571	522	228	304	0	32625
25166	1266	412	31184	206	0	33068
25167	31430	268	969	200	0	32867
25168	31684	261	477	237	0	32659
25169	1205	30959	378	273	0	32815
25170	684	906	277	32023	0	33890
25171	549	434	241	32715	0	33939
25172	446	422	31126	1094	0	33088
25173	446	342	30550	544	0	31882
25174	31203	226	1085	407	0	32921
25175	32765	156	578	290	0	33789
25176	33075	124	445	243	0	33887
25177	1514	153	31250	247	0	33164
25178	835	133	923	31223	0	33114
25179	32090	128	404	1062	0	33684
25180	1087	130	336	32459	0	34012
25181	560	158	31176	1224	0	33118
25182	30361	165	876	561	0	31963
25183	1300	177	31365	378	0	33220
25184	661	30622	993	341	0	32617
25185	32036	866	426	307	0	33635
25186	1171	381	31322	283	0	33157
25187	694	285	928	30883	0	32790
25188	31964	202	358	972	0	33496
25189	1155	185	256	31846	0	33442
25190	32319	211	183	1182	0	33895
25191	1141	221	142	31639	0	33143
25192	31830	224	138	1216	0	33408
25193	32174	218	135	644	0	33171
25194	32050	198	152	463	0	32863
25195	31183	196	140	309	0	31828
25196	1431	387	144	29802	0	31764
25197	736	233	28551	942	0	30462
25198	540	214	28646	437	0	29837
25199	392	27546	1064	415	0	29417
25200	246	23928	306	180	0	24660
25201	20120	350	263	76	0	20809
25202	340	107	44	19269	0	19760
25203	132	67	18753	322	0	19274
25204	105	57	18386	104	0	18652
25205	61	42	255	17839	0	18197
25206	18622	24	67	260	0	18973
25207	264	19076	67	85	0	19492
25208	20344	221	36	62	0	20663
25209	280	52	42	20733	0	21107
25210	103	33	35	20821	0	20992
25211	94	28	45	20734	0	20901
25212	75	37	20527	306	0	20945
25213	82	40	19587	103	0	19812
25214	64	19042	297	93	0	19496
25215	56	236	77	20738	0	21107
25216	20520	63	57	285	0	20925
25217	281	64	19538	89	0	19972
25218	102	56	20538	75	0	20771
25219	76	40	274	20236	0	20626
25220	62	34	96	20870	0	21062
25221	71	35	68	22270	0	22444
25222	68	44	45	23720	0	23877
25223	23893	35	51	575	0	24554
25224	522	37	37	23912	0	24508
25225	23795	18	39	608	0	24460
25226	561	33	23668	186	0	24448
25227	156	23419	523	153	0	24251
25228	119	496	124	24046	0	24785
25229	116	116	23865	572	0	24669
25230	124	85	23956	179	0	24344
25231	113	23581	634	153	0	24481
25232	73	452	147	22547	0	23219
25233	57	107	95	22667	0	22926
25234	70	64	22634	568	0	23336
25235	21767	49	506	173	0	22495
25236	502	44	154	23196	0	23896
25237	129	41	101	22652	0	22923
25238	106	63	23384	636	0	24189
25239	64	22754	582	232	0	23632
25240	77	26875	170	151	0	27273
25241	27008	786	98	127	0	28019
25242	755	196	86	26272	0	27309
25243	28257	117	91	846	0	29311
25244	1003	81	27252	273	0	28609
25245	260	76	891	27913	0	29140
25246	27805	64	258	972	0	29099
25247	28236	77	168	317	0	28798
25248	1123	70	88	27751	0	29032
25249	396	56	27758	1008	0	29218
25250	241	46	28699	347	0	29333
25251	159	35	1103	28175	0	29472
25252	161	67	27949	1034	0	29211
25253	25841	38	953	367	0	27199
25254	908	25959	317	313	0	27497
25255	27082	819	355	168	0	28424
25256	28580	236	159	195	0	29170
25257	1076	168	153	27839	0	29236
25258	370	111	168	28807	0	29456
25259	28187	99	146	1140	0	29572
25260	927	78	173	28241	0	29419
25261	344	124	27136	1057	0	28661
25262	245	28957	871	450	0	30523
25263	175	830	287	29596	0	30888
25264	209	232	202	29987	0	30630
25265	160	163	161	30434	0	30918
25266	174	104	27880	1282	0	29440
25267	203	27451	897	605	0	29156
25268	169	831	330	28965	0	30295
25269	149	273	28471	1092	0	29985
25270	155	218	963	28059	0	29395
25271	28636	167	322	1133	0	30258
25272	962	132	223	29389	0	30706
25273	396	111	28906	1182	0	30595
25274	29111	100	940	504	0	30655
25275	973	29472	386	417	0	31248
25276	352	31277	318	352	0	32299
25277	32587	994	231	308	0	34120
25278	1069	368	32381	284	0	34102
25279	407	213	922	31357	0	32899
25280	327	134	362	33442	0	34265
25281	225	159	33516	1235	0	35135
25282	220	32696	1044	621	0	34581
25283	238	932	374	33232	0	34776
25284	258	316	33430	1129	0	35133
25285	259	230	1017	33426	0	34932
25286	33871	171	388	1220	0	35650
25287	1061	188	33629	548	0	35426
25288	411	166	998	34020	0	35595
25289	311	146	382	35234	0	36073
25290	281	186	33539	1499	0	35505
25291	290	181	998	31802	0	33271
25292	236	32207	478	1295	0	34216
25293	290	1003	415	30716	0	32424
25294	205	33646	320	1121	0	35292
25295	34401	1011	308	607	0	36327
25296	33826	340	329	535	0	35030
25297	1202	279	33821	515	0	35817
25298	497	242	34329	447	0	35515
25299	359	261	34419	405	0	35444
25300	287	33599	1353	511	0	35750
25301	262	958	554	36009	0	37783
25302	322	338	36502	1161	0	38323
25303	366	290	1211	35338	0	37205
25304	315	210	463	36496	0	37484
25305	342	184	35778	1369	0	37673
25306	319	220	1078	35515	0	37132
25307	284	236	455	34383	0	35358
25308	300	34270	425	1398	0	36393
25309	315	982	342	34934	0	36573
25310	216	358	362	35974	0	36910
25311	255	267	35348	1534	0	37404
25312	254	233	1119	35207	0	36813
25313	235	211	36533	1517	0	38496
25314	235	231	35480	749	0	36695
25315	34418	195	1288	692	0	36593
25316	1016	223	639	34695	0	36573
25317	386	35185	475	1283	0	37329
25318	337	36159	429	733	0	37658
25319	250	1151	436	36367	0	38204
25320	274	472	35291	1410	0	37447
25321	246	33765	1025	757	0	35793
25322	182	764	370	34034	0	35350
25323	230	288	34809	917	0	36244
25324	187	35280	765	502	0	36734
25325	37269	800	557	416	0	39042
25326	37646	314	302	337	0	38599
25327	38839	232	218	378	0	39667
25328	925	198	244	40235	0	41602
25329	383	176	248	41138	0	41945
25330	262	162	234	41925	0	42583
25331	145	164	39556	1376	0	41241
25332	38307	186	987	658	0	40138
25333	880	147	402	40950	0	42379
25334	325	167	40301	1081	0	41874
25335	38902	170	954	531	0	40557
25336	40443	139	439	440	0	41461
25337	1086	317	37232	357	0	38992
25338	37764	164	1073	396	0	39397
25339	904	39195	433	366	0	40898
25340	492	577	36750	220	0	38039
25341	35123	185	918	262	0	36488
25342	574	36978	328	267	0	38147
25343	144	413	152	35357	0	36066
25344	81	36454	118	481	0	37134
25345	84	424	123	37798	0	38429
25346	89	154	37249	541	0	38033
25347	33058	96	550	270	0	33974
25348	494	102	37915	194	0	38705
25349	128	36101	525	198	0	36952
25350	85	37413	200	281	0	37979
25351	37832	509	126	157	0	38624
25352	486	187	37693	132	0	38498
25353	144	90	476	36561	0	37271
25354	102	97	37822	493	0	38514
25355	68	37814	481	264	0	38627
25356	95	484	181	35882	0	36642
25357	64	37385	143	425	0	38017
25358	39986	482	116	167	0	40751
25359	40232	141	130	140	0	40643
25360	40045	111	134	116	0	40406
25361	577	110	39229	126	0	40042
25362	184	152	36174	115	0	36625
25363	36211	71	606	107	0	36995
25364	500	66	38610	138	0	39314
25365	182	57	546	36267	0	37052
25366	75	37498	267	481	0	38321
25367	40065	473	145	217	0	40900
25368	39518	170	140	164	0	39992
25369	40704	101	113	161	0	41079
25370	651	88	90	39916	0	40745
25371	221	57	72	40412	0	40762
25372	39933	48	69	717	0	40767
25373	535	38417	100	328	0	39380
25374	39004	502	94	183	0	39783
25375	578	166	93	38330	0	39167
25376	222	69	61	38083	0	38435
25377	36945	57	73	681	0	37756
25378	522	35871	74	274	0	36741
25379	36541	518	68	135	0	37262
25380	572	35286	85	141	0	36084
25381	35000	465	31	63	0	35559
25382	526	170	36	38954	0	39686
25383	40078	75	38	495	0	40686
25384	41944	76	41	183	0	42244
25385	46460	77	35	98	0	46670
25386	1028	47661	73	110	0	48872
25387	386	961	47638	88	0	49073
25388	47677	288	912	79	0	48956
25389	50027	115	287	80	0	50509
25390	1262	48623	159	73	0	50117
25391	468	972	75	49896	0	51411
25392	244	332	97	50916	0	51589
25393	50265	158	92	1283	0	51798
25394	1114	94	79	51212	0	52499
25395	487	124	50436	1166	0	52213
25396	264	126	49500	493	0	50383
25397	50286	77	1273	267	0	51903
25398	1143	89	411	50564	0	52207
25399	476	59	189	51326	0	52050
25400	254	44	157	53124	0	53579
25401	228	79	52717	1511	0	54535
25402	214	64	1098	52242	0	53618
25403	184	74	387	54385	0	55030
25404	178	55	179	55114	0	55526
25405	53576	71	113	1639	0	55399
25406	1213	89	132	54906	0	56340
25407	476	104	54227	1392	0	56199
25408	55417	94	1183	588	0	57282
25409	1504	131	57583	351	0	59569
25410	58670	112	1420	277	0	60479
25411	55110	177	598	328	0	56213
25412	2001	107	232	60315	0	62655
25413	791	60593	189	1683	0	63256
25414	487	1513	178	62266	0	64444
25415	374	484	176	62482	0	63516
25416	300	62884	229	2031	0	65444
25417	63934	1579	210	805	0	66528
25418	1684	63528	206	520	0	65938
25419	65441	1723	162	425	0	67751
25420	65880	645	145	411	0	67081
25421	2225	355	138	63857	0	66575
25422	880	242	126	64402	0	65650
25423	579	226	60544	2368	0	63717
25424	440	208	58075	1010	0	59733
25425	57087	136	1952	625	0	59800
25426	59129	129	1184	526	0	60968
25427	2115	56323	437	524	0	59399
25428	855	1345	289	56829	0	59318
25429	651	481	60842	1645	0	63619
25430	469	266	1503	61229	0	63467
25431	61655	160	608	1803	0	64226
25432	60317	178	376	772	0	61643
25433	1955	58739	264	625	0	61583
25434	858	1429	194	60127	0	62608
25435	538	588	331	60926	0	62383
25436	461	365	154	61729	0	62709
25437	458	324	58024	2243	0	61049
25438	51143	286	1450	1083	0	53962
25439	58023	260	531	718	0	59532
25440	2231	273	55877	598	0	58979
25441	995	55601	1513	567	0	58676
25442	57443	1438	631	521	0	60033
25443	58057	557	420	528	0	59562
25444	2230	350	54493	496	0	57569
25445	1044	293	56073	461	0	57871
25446	700	256	1897	54806	0	57659
25447	680	236	54276	1648	0	56840
25448	55873	236	1714	763	0	58586
25449	57295	211	780	584	0	58870
25450	60564	223	555	477	0	61819
25451	2322	195	391	55427	0	58335
25452	1112	60587	421	1545	0	63665
25453	63937	1381	341	857	0	66516
25454	63831	567	332	637	0	65367
25455	2320	384	63990	606	0	67300
25456	1197	356	61828	546	0	63927
25457	57753	285	1919	616	0	60573
25458	1996	248	798	64734	0	67776
25459	1152	278	64675	1776	0	67881
25460	846	63208	1643	954	0	66651
25461	702	1494	793	65340	0	68329
25462	64772	633	555	1763	0	67723
25463	1861	64078	538	1636	0	68113
25464	973	1544	462	64768	0	67747
25465	829	63632	517	1695	0	66673
25466	677	66819	494	969	0	68959
25467	719	1750	389	65737	0	68595
25468	659	944	439	65613	0	67655
25469	635	64015	462	2041	0	67153
25470	66953	1614	387	979	0	69933
25471	2046	733	66203	668	0	69650
25472	63560	551	1566	596	0	66273
25473	2101	434	640	67930	0	71105
25474	1170	368	499	68614	0	70651
25475	924	376	465	69488	0	71253
25476	771	301	524	68934	0	70530
25477	782	320	68544	2276	0	71922
25478	790	309	1676	67327	0	70102
25479	749	694	771	67182	0	69396
25480	724	69803	590	2172	0	73289
25481	714	1649	69609	1144	0	73116
25482	611	73231	1612	1019	0	76473
25483	658	1750	74177	817	0	77402
25484	541	73721	1677	772	0	76711
25485	490	2148	820	67931	0	71389
25486	68796	504	419	1253	0	70972
25487	1414	69283	362	727	0	71786
25488	763	1381	344	71210	0	73698
25489	722	683	69993	1510	0	72908
25490	515	71478	2300	916	0	75209
25491	73732	1397	681	664	0	76474
25492	73794	693	603	547	0	75637
25493	1687	73999	531	525	0	76742
25494	992	1454	72989	426	0	75861
25495	70088	723	1315	394	0	72520
25496	1622	545	675	76500	0	79342
25497	79599	451	889	1518	0	82457
25498	1642	80654	509	896	0	83701
25499	882	82835	427	706	0	84850
25500	814	1797	80656	601	0	83868
25501	76857	938	1326	468	0	79589
25502	1601	590	682	82222	0	85095
25503	82631	506	554	1447	0	85138
25504	1693	82819	451	822	0	85785
25505	84997	1487	388	639	0	87511
25506	82961	794	408	546	0	84709
25507	2129	713	83425	469	0	86736
25508	1105	80722	1232	368	0	83427
25509	807	84296	648	366	0	86117
25510	536	1406	891	78879	0	81712
25511	456	80191	366	887	0	81900
25512	79726	1293	296	519	0	81834
25513	1052	78251	262	911	0	80476
25514	588	2136	222	77343	0	80289
25515	531	76884	206	962	0	78583
25516	378	74862	172	500	0	75912
25517	378	76280	164	348	0	77170
25518	356	1239	173	75919	0	77687
25519	673	657	145	75291	0	76766
25520	328	482	138	74500	0	75448
25521	326	71992	206	1764	0	74288
25522	332	990	72863	615	0	74800
25523	337	651	72237	396	0	73621
25524	70115	530	978	276	0	71899
25525	860	477	512	73545	0	75394
25526	533	469	75632	831	0	77465
25527	411	544	74562	460	0	75977
25528	261	74857	1010	451	0	76579
25529	280	1113	479	72418	0	74290
25530	258	702	292	74949	0	76201
25531	75116	571	194	1164	0	77045
25532	841	465	154	73699	0	75159
25533	432	459	151	75088	0	76130
25534	393	456	76326	1300	0	78475
25535	287	413	834	75028	0	76562
25536	272	355	467	80279	0	81373
25537	279	371	81416	1362	0	83428
25538	330	378	79964	768	0	81440
25539	221	77325	1227	637	0	79410
25540	314	1048	80062	408	0	81832
25541	240	613	1156	76883	0	78892
25542	338	748	766	68773	0	70625
25543	358	411	80860	1339	0	82968
25544	246	78055	1043	910	0	80254
25545	79587	1007	516	722	0	81832
25546	794	79437	453	700	0	81384
25547	427	1129	353	81636	0	83545
25548	337	662	386	80429	0	81814
25549	297	79235	374	1475	0	81381
25550	237	1046	402	79116	0	80801
25551	208	641	456	78980	0	80285
25552	311	578	75585	1526	0	78000
25553	219	72738	1100	1084	0	75141
25554	197	1127	669	76812	0	78805
25555	299	694	74307	1324	0	76624
25556	264	666	1125	72841	0	74896
25557	262	598	661	73077	0	74598
25558	270	488	546	74896	0	76200
25559	313	459	450	73849	0	75071
25560	297	522	362	72534	0	73715
25561	353	72175	399	2687	0	75614
25562	73503	1082	416	1112	0	76113
25563	980	739	72323	862	0	74904
25564	60171	630	1169	848	0	62818
25565	1099	555	75254	763	0	77671
25566	485	72700	1440	862	0	75487
25567	507	1154	74792	693	0	77146
25568	256	75508	1224	861	0	77849
25569	252	1666	741	75329	0	77988
25570	292	767	590	75713	0	77362
25571	310	77385	427	1559	0	79681
25572	299	80064	386	1193	0	81942
25573	81967	1520	346	905	0	84738
25574	83962	922	369	823	0	86076
25575	84073	655	366	751	0	85845
25576	85863	517	389	729	0	87498
25577	1664	567	425	84303	0	86959
25578	899	84955	424	1375	0	87653
25579	88444	1453	376	925	0	91198
25580	1170	862	373	85446	0	87851
25581	82844	579	434	1394	0	85251
25582	76054	464	296	854	0	77668
25583	1344	75327	310	626	0	77607
25584	648	75389	284	445	0	76766
25585	410	79925	239	395	0	80969
25586	187	1649	120	76264	0	78220
25587	155	76783	149	919	0	78006
25588	78713	783	113	397	0	80006
25589	79708	378	117	278	0	80481
25590	79649	240	134	240	0	80263
25591	80428	145	107	273	0	80953
25592	80339	160	143	212	0	80854
25593	1406	205	82966	179	0	84756
25594	82290	147	1177	221	0	83835
25595	1492	170	83692	157	0	85511
25596	81345	118	1337	143	0	82943
25597	1547	302	523	75792	0	78164
25598	658	168	78406	1082	0	80314
25599	449	184	78721	451	0	79805
25600	240	79605	1545	339	0	81729
25601	81817	1243	517	137	0	83714
25602	82922	448	301	130	0	83801
25603	1954	94312	238	190	0	96694
25604	779	1914	135	110912	0	113740
25605	123879	695	138	2677	0	127389
25606	3460	686	121320	1000	0	126466
25607	1275	123440	3036	1170	0	128921
25608	122269	3212	1099	334	0	126914
25609	3371	124185	683	323	0	128562
25610	1511	3791	395	118772	0	124469
25611	951	125951	377	2800	0	130079
25612	641	4073	256	122172	0	127142
25613	541	122436	309	3372	0	126658
25614	480	128820	236	1344	0	130880
25615	124999	4685	183	878	0	130745
25616	127820	2161	191	615	0	130787
25617	4629	1377	125625	545	0	132176
25618	2163	1032	124176	430	0	127801
25619	1374	913	127257	364	0	129908
25620	992	764	4892	124435	0	131083
25621	957	718	130380	3459	0	135514
25622	666	720	4372	125844	0	131602
25623	610	736	1944	128786	0	132076
25624	558	127141	1338	4753	0	133790
25625	128916	3744	834	2239	0	135733
25626	3508	130069	794	1477	0	135848
25627	1642	4465	626	135251	0	141984
25628	1216	1980	570	136904	0	140670
25629	975	1418	571	138393	0	141357
25630	1022	1095	132098	5471	0	139686
25631	900	890	3738	131882	0	137410
25632	762	861	1731	134898	0	138252
25633	669	829	1201	138460	0	141159
25634	786	890	127634	6082	0	135392
25635	590	126365	3670	3251	0	133876
25636	126623	3882	1584	2200	0	134289
25637	122791	1940	1124	1719	0	127574
25638	4513	128557	811	1616	0	135497
25639	2242	4157	760	129094	0	136253
25640	1551	2136	714	135280	0	139681
25641	1384	1533	128237	5436	0	136590
25642	1020	126912	3856	3388	0	135176
25643	867	3976	1805	133483	0	140131
25644	860	2013	131587	4988	0	139448
25645	705	1427	4134	129884	0	136150
25646	701	1175	2015	132528	0	136419
25647	868	1162	131208	6020	0	139258
25648	892	1071	4096	129873	0	135932
25649	949	1054	1970	133123	0	137096
25650	1037	1106	132292	5982	0	140417
25651	940	1002	4128	133948	0	140018
25652	856	907	2121	132856	0	136740
25653	636	865	1646	138843	0	141990
25654	666	845	131267	6926	0	139704
25655	569	801	4218	134044	0	139632
25656	130486	745	2243	6132	0	139606
25657	131983	763	1632	3567	0	137945
25658	4769	129370	1348	3272	0	138759
25659	136035	3775	1239	2288	0	143337
25660	4844	1866	137741	2097	0	146548
25661	2318	1293	4166	138894	0	146671
25662	1643	1005	2129	138547	0	143324
25663	1109	926	1604	146666	0	150305
25664	138581	821	1176	6772	0	147350
25665	3856	136103	1228	4319	0	145506
25666	1765	3878	1071	135678	0	142392
25667	1239	136172	1004	5512	0	143927
25668	135039	4337	878	3117	0	143371
25669	3929	133907	1230	2588	0	141654
25670	133112	4529	864	2098	0	140603
25671	4344	130676	854	2104	0	137978
25672	2049	134041	875	2001	0	138966
25673	1721	5173	898	133736	0	141528
25674	1095	2503	865	134203	0	138666
25675	1019	1712	846	133846	0	137423
25676	872	1364	837	134752	0	137825
25677	922	1421	125870	6681	0	134894
25678	843	125108	3557	3937	0	133445
25679	815	4054	1547	124806	0	131222
25680	907	126763	1239	4930	0	133839
25681	933	4603	124629	2929	0	133094
25682	876	2206	3712	123792	0	130586
25683	812	1786	1768	132070	0	136436
25684	931	1413	125780	5846	0	133970
25685	744	121247	3862	3689	0	129542
25686	590	4585	1884	124134	0	131193
25687	684	1900	121817	5261	0	129662
25688	474	120095	4010	3602	0	128181
25689	465	3722	1895	120634	0	126716
25690	585	1958	117198	5026	0	124767
25691	637	1670	115076	3018	0	120401
25692	594	113437	4367	2455	0	120853
25693	628	117578	2007	1721	0	121934
25694	564	4547	1314	122686	0	129111
25695	509	2341	1091	133690	0	137631
25696	504	1631	129426	5811	0	137372
25697	122840	1259	4103	3352	0	131554
25698	128367	1175	1794	2545	0	133881
25699	5019	1206	125907	2131	0	134263
25700	2125	122316	4185	1962	0	130588
25701	1379	126671	1971	1753	0	131774
25702	1080	123124	1415	1467	0	127086
25703	1055	108184	1198	1256	0	111693
25704	2126	6545	956	92768	0	102395
25705	216	958	740	103249	0	105163
25706	156	682	167	107047	0	108052
25707	184	566	115	109780	0	110645
25708	126	107871	184	5003	0	113184
25709	152	3354	130	110806	0	114442
25710	112	107606	185	4643	0	112546
25711	115	3766	114	113058	0	117053
25712	108604	1701	118	4444	0	114867
25713	3191	1073	135	110677	0	115076
25714	1408	106712	209	4529	0	112858
25715	802	3428	167	112155	0	116552
25716	549	1593	153	115124	0	117419
25717	450	1113	137	116935	0	118635
25718	108788	874	151	6608	0	116421
25719	3414	1015	146	114294	0	118869
25720	1541	1170	103908	5796	0	112415
25721	820	106718	3055	3603	0	114196
25722	690	4048	1290	114463	0	120491
25723	771	2003	672	118878	0	122324
25724	652	1428	441	121198	0	123719
25725	114168	1279	350	7575	0	123372
25726	4142	1290	106049	4397	0	115878
25727	1846	976	3507	106887	0	113216
25728	1152	107023	1461	6144	0	115780
25729	1011	4423	760	112073	0	118267
25730	103474	2131	574	6690	0	112869
25731	3819	108435	632	4143	0	117029
25732	1776	4737	460	110962	0	117935
25733	1102	2441	333	113450	0	117326
25734	814	106882	352	8014	0	116062
25735	902	4577	349	112836	0	118664
25736	866	2296	446	115993	0	119601
25737	894	1803	101356	8049	0	112102
25738	634	103949	3794	5117	0	113494
25739	106247	4805	1635	4196	0	116883
25740	4490	2528	103418	3439	0	113875
25741	103400	1749	4196	3196	0	112541
25742	5239	1511	103320	3095	0	113165
25743	2448	1430	4588	107240	0	115706
25744	105971	1217	2131	6908	0	116227
25745	4842	1443	1331	109428	0	117044
25746	107730	1325	1004	7403	0	117462
25747	108306	1287	931	4817	0	115341
25748	106971	1432	870	3836	0	113109
25749	6755	102107	971	3250	0	113083
25750	3673	4796	790	103805	0	113064
25751	2544	2559	940	107207	0	113250
25752	1991	1784	1018	108692	0	113485
25753	1864	1427	98306	8539	0	110136
25754	1613	1339	4424	105537	0	112913
25755	102397	1191	2285	7721	0	113594
25756	105808	1118	1536	4944	0	113406
25757	7013	1141	98768	3778	0	110700
25758	102811	1224	4682	3069	0	111786
25759	105225	1204	2317	2955	0	111701
25760	7556	1323	1606	96092	0	106577
25761	96149	1228	1242	6825	0	105444
25762	98109	1034	1074	4670	0	104887
25763	7599	1074	1152	95831	0	105656
25764	96072	1025	1203	7139	0	105439
25765	97010	1084	1113	4633	0	103840
25766	7978	1182	1057	94343	0	104560
25767	5090	1149	82915	7163	0	96317
25768	90698	1051	4424	4289	0	100462
25769	6943	1034	90185	3508	0	101670
25770	4637	919	89254	3273	0	98083
25771	3634	86263	6000	3765	0	99662
25772	3315	4238	3044	87680	0	98277
25773	3351	2025	1878	90977	0	98231
25774	3235	1230	1546	92849	0	98860
25775	3404	1081	85141	8334	0	97960
25776	3562	1053	84479	4933	0	94027
25777	3125	85661	5800	4088	0	98674
25778	3056	4362	3124	84856	0	95398
25779	3156	1989	2237	89629	0	97011
25780	2852	1251	2051	92360	0	98514
25781	2891	1045	83640	8250	0	95826
25782	2773	83632	5025	5228	0	96658
25783	2617	4231	2734	86846	0	96428
25784	2841	1997	85571	6945	0	97354
25785	2775	1302	86182	4539	0	94798
25786	85735	1080	6644	3615	0	97074
25787	86843	1065	3883	3070	0	94861
25788	90665	1118	2599	3063	0	97445
25789	7641	1094	2127	80229	0	91091
25790	4333	885	80346	6455	0	92019
25791	3228	80515	5092	4481	0	93316
25792	2630	86117	3108	3767	0	95622
25793	2571	5238	76838	3015	0	87662
25794	2303	3333	4416	68426	0	78478
25795	1743	2514	2986	62064	0	69307
25796	1851	58433	2432	5209	0	67925
25797	2372	63447	1800	3292	0	70911
25798	60869	4060	1737	2515	0	69181
25799	62362	2036	1458	2007	0	67863
25800	63453	1239	1388	2159	0	68239
25801	62353	970	1445	2102	0	66870
25802	60469	1182	1475	1863	0	64989
25803	5558	56238	1403	1931	0	65130
25804	2377	47763	1283	1795	0	53218
25805	1063	36094	819	1015	0	38991
25806	30197	1639	2114	852	0	34802
25807	1600	1064	620	28065	0	31349
25808	714	264	442	26975	0	28395
25809	26116	220	453	1472	0	28261
25810	1239	25547	494	781	0	28061
25811	671	976	507	26296	0	28450
25812	575	506	474	27209	0	28764
25813	530	315	510	27320	0	28675
25814	26447	281	462	1480	0	28670
25815	1191	281	405	27603	0	29480
25816	670	340	25583	1344	0	27937
25817	24489	332	957	656	0	26434
25818	1225	269	493	25529	0	27516
25819	688	251	24216	1066	0	26221
25820	614	23621	995	565	0	25795
25821	384	22580	309	350	0	23623
25822	21082	1002	496	224	0	22804
25823	18665	149	494	84	0	19392
25824	466	19571	69	86	0	20192
25825	199	345	28	21490	0	22062
25826	22671	123	24	549	0	23367
25827	592	60	23	24088	0	24763
25828	275	48	42	26155	0	26520
25829	166	39	56	26596	0	26857
25830	116	36	65	26278	0	26495
25831	77	24529	75	1133	0	25814
25832	63	636	66	25316	0	26081
25833	58	282	41	25738	0	26119
25834	50	151	45	25903	0	26149
25835	82	133	23782	1225	0	25222
25836	40	23650	672	675	0	25037
25837	57	672	302	25256	0	26287
25838	67	353	24318	946	0	25684
25839	111	241	23291	537	0	24180
25840	63	24589	986	378	0	26016
25841	25010	814	420	291	0	26535
25842	749	382	239	24742	0	26112
25843	24192	204	154	954	0	25504
25844	885	23604	142	530	0	25161
25845	395	856	90	24364	0	25705
25846	23499	393	121	993	0	25006
25847	24868	227	98	540	0	25733
25848	1178	160	82	24641	0	26061
25849	534	143	76	25158	0	25911
25850	331	121	23576	1365	0	25393
25851	213	129	825	24301	0	25468
25852	185	108	385	25550	0	26228
25853	23994	138	254	1409	0	25795
25854	882	23910	178	777	0	25747
25855	380	802	23003	473	0	24658
25856	22760	336	749	365	0	24210
25857	872	23366	344	314	0	24896
25858	458	864	180	24303	0	25805
25859	23974	396	136	968	0	25474
25860	887	232	118	23409	0	24646
25861	448	166	102	23906	0	24622
25862	307	182	22407	1332	0	24228
25863	214	120	759	23579	0	24672
25864	23191	121	333	1278	0	24923
25865	890	92	231	23915	0	25128
25866	23197	123	153	1240	0	24713
25867	957	22070	144	989	0	24160
25868	520	23342	151	483	0	24496
25869	327	1120	98	23363	0	24908
25870	245	522	90	24236	0	25093
25871	22880	325	96	1332	0	24633
25872	866	22431	122	797	0	24216
25873	23132	894	104	586	0	24716
25874	23373	422	89	490	0	24374
25875	1202	288	114	22884	0	24488
25876	23290	205	92	1144	0	24731
25877	1154	196	21546	625	0	23521
25878	619	156	815	22204	0	23794
25879	447	193	21985	1117	0	23742
25880	339	155	932	22681	0	24107
25881	21691	158	437	1210	0	23496
25882	21843	170	283	762	0	23058
25883	1218	21424	193	561	0	23396
25884	651	878	144	21870	0	23543
25885	446	431	106	22368	0	23351
25886	417	21373	117	1363	0	23270
25887	303	955	107	22306	0	23671
25888	282	469	124	22285	0	23160
25889	311	21501	115	1428	0	23355
25890	21113	946	117	865	0	23041
25891	21711	430	99	700	0	22940
25892	1247	305	141	21422	0	23115
25893	670	258	115	22025	0	23068
25894	459	265	20052	1480	0	22256
25895	381	179	769	20150	0	21479
25896	365	19869	389	1281	0	21904
25897	19271	848	246	751	0	21116
25898	944	475	170	19535	0	21124
25899	568	298	150	19642	0	20658
25900	18346	242	116	1462	0	20166
25901	969	18766	140	846	0	20721
25902	561	847	119	19250	0	20777
25903	425	441	101	19292	0	20259
25904	382	18201	125	1378	0	20086
25905	18506	891	143	824	0	20364
25906	1033	480	17423	644	0	19580
25907	566	336	18057	529	0	19488
25908	412	278	1008	18309	0	20007
25909	360	227	17854	1126	0	19567
25910	17594	208	926	767	0	19495
25911	954	230	457	18241	0	19882
25912	579	176	17425	1137	0	19317
25913	447	191	17693	737	0	19068
25914	374	17416	1058	578	0	19426
25915	16861	736	472	452	0	18521
25916	872	17195	328	387	0	18782
25917	17934	839	240	437	0	19450
25918	17615	439	200	417	0	18671
25919	1079	17045	223	356	0	18703
25920	16744	757	156	374	0	18031
25921	16562	415	156	328	0	17461
25922	1134	300	14809	272	0	16515
25923	655	1986	610	13306	0	16557
25924	399	13033	332	696	0	14460
25925	298	11918	157	338	0	12711
25926	505	912	92	10260	0	11769
25927	8783	544	587	420	0	10334
25928	220	60	32	7730	0	8042
25929	103	84	35	7814	0	8036
25930	109	52	30	8573	0	8764
25931	63	9176	71	334	0	9644
25932	71	253	47	10236	0	10607
25933	93	119	11411	424	0	12047
25934	10988	113	376	202	0	11679
25935	12093	50	155	137	0	12435
25936	583	11903	104	104	0	12694
25937	12115	382	53	59	0	12609
25938	473	161	48	12003	0	12685
25939	206	121	11773	424	0	12524
25940	11116	38	336	183	0	11673
25941	375	11985	146	123	0	12629
25942	185	346	87	12451	0	13069
25943	12560	162	40	377	0	13139
25944	372	11966	47	195	0	12580
25945	202	12367	42	139	0	12750
25946	12035	482	637	91	0	13245
25947	330	200	11291	30	0	11851
25948	11503	99	271	35	0	11908
25949	362	55	146	11408	0	11971
25950	171	53	74	11926	0	12224
25951	136	37	11621	409	0	12203
25952	87	48	11680	207	0	12022
25953	88	44	424	11799	0	12355
25954	97	32	11524	336	0	11989
25955	85	41	11302	182	0	11610
25956	81	34	442	10906	0	11463
25957	68	42	231	11308	0	11649
25958	11463	43	131	420	0	12057
25959	337	40	85	11630	0	12092
25960	11592	51	70	399	0	12112
25961	377	11123	61	237	0	11798
25962	212	315	48	11552	0	12127
25963	143	183	11362	349	0	12037
25964	11454	102	301	208	0	12065
25965	12130	57	170	133	0	12490
25966	12388	53	117	98	0	12656
25967	12277	52	83	97	0	12509
25968	12375	43	79	101	0	12598
25969	539	29	78	11840	0	12486
25970	290	27	11559	374	0	12250
25971	173	26	11612	217	0	12028
25972	123	28	11804	160	0	12115
25973	11335	33	524	112	0	12004
25974	12076	32	276	109	0	12493
25975	475	43	164	11246	0	11928
25976	288	11673	123	344	0	12428
25977	182	301	103	12305	0	12891
25978	138	172	11965	433	0	12708
25979	140	93	11735	252	0	12220
25980	11321	65	466	156	0	12008
25981	418	60	12732	135	0	13345
25982	261	46	432	12736	0	13475
25983	13285	46	230	374	0	13935
25984	12865	48	170	223	0	13306
25985	13435	39	111	163	0	13748
25986	13793	29	99	116	0	14037
25987	644	46	12966	107	0	13763
25988	12880	56	392	100	0	13428
25989	531	12524	240	96	0	13391
25990	331	343	169	12958	0	13801
25991	227	182	12836	402	0	13647
25992	222	103	435	12842	0	13602
25993	197	96	13507	507	0	14307
25994	186	79	477	13393	0	14135
25995	193	63	248	14023	0	14527
25996	188	78	13489	617	0	14372
25997	169	70	478	13647	0	14364
25998	13920	68	295	560	0	14843
25999	483	63	209	14036	0	14791
26000	286	54	180	14900	0	15420
26001	13953	68	145	670	0	14836
26002	516	14109	149	363	0	15137
26003	14544	391	137	225	0	15297
26004	573	14231	131	180	0	15115
26005	15300	457	121	179	0	16057
26006	590	232	15133	171	0	16126
26007	337	137	463	14915	0	15852
26008	249	95	250	15543	0	16137
26009	15252	77	205	639	0	16173
26010	487	14665	171	372	0	15695
26011	289	399	148	15193	0	16029
26012	204	188	173	15200	0	15765
26013	169	14376	156	652	0	15353
26014	14457	403	156	392	0	15408
26015	476	14454	162	283	0	15375
26016	296	419	115	14229	0	15059
26017	242	188	115	13778	0	14323
26018	175	13779	97	619	0	14670
26019	14001	423	95	362	0	14881
26020	507	214	13649	268	0	14638
26021	13699	161	441	195	0	14496
26022	574	13723	251	187	0	14735
26023	333	419	182	14515	0	15449
26024	14735	215	131	514	0	15595
26025	553	138	118	14966	0	15775
26026	343	96	92	15263	0	15794
26027	14398	79	94	677	0	15248
26028	552	13595	111	391	0	14649
26029	320	14855	113	275	0	15563
26030	14118	444	93	186	0	14841
26031	409	168	13649	121	0	14347
26032	203	13136	292	207	0	13838
26033	123	148	51	11859	0	12181
26034	59	62	13372	174	0	13667
26035	33	266	247	12720	0	13266
26036	13433	21	105	261	0	13820
26037	248	13032	45	153	0	13478
26038	115	261	35	12680	0	13091
26039	45	12960	31	212	0	13248
26040	13283	259	16	117	0	13675
26041	12743	133	19	47	0	12942
26042	361	12396	18	70	0	12845
26043	133	281	16	12339	0	12769
26044	73	13006	25	263	0	13367
26045	13402	348	27	110	0	13887
26046	13496	154	29	51	0	13730
26047	459	71	26	13134	0	13690
26048	181	63	21	13831	0	14096
26049	117	62	13136	489	0	13804
26050	12373	30	339	204	0	12946
26051	416	56	13195	103	0	13770
26052	174	40	378	13023	0	13615
26053	13222	37	150	395	0	13804
26054	391	13144	84	169	0	13788
26055	13378	378	61	93	0	13910
26056	412	154	12931	89	0	13586
26057	12266	69	351	86	0	12772
26058	427	13355	158	64	0	14004
26059	13663	391	59	84	0	14197
26060	428	13649	71	67	0	14215
26061	190	405	66	13816	0	14477
26062	136	177	13515	403	0	14231
26063	111	111	13054	160	0	13436
26064	100	80	459	13151	0	13790
26065	95	88	13507	423	0	14113
26066	96	67	410	13190	0	13763
26067	92	71	190	13130	0	13483
26068	86	57	13188	558	0	13889
26069	10811	67	440	256	0	11574
26070	13263	62	180	135	0	13640
26071	509	12866	90	129	0	13594
26072	13342	402	88	85	0	13917
26073	463	158	76	13747	0	14444
26074	239	94	14897	418	0	15648
26075	125	75	387	14756	0	15343
26076	117	67	165	15549	0	15898
26077	15053	57	99	545	0	15754
26078	390	14569	84	268	0	15311
26079	186	14905	82	150	0	15323
26080	105	476	47	15005	0	15633
26081	112	191	55	13975	0	14333
26082	100	13982	57	498	0	14637
26083	95	422	48	14112	0	14677
26084	79	200	50	14183	0	14512
26085	82	13795	51	568	0	14496
26086	14065	360	70	235	0	14730
26087	400	159	62	14045	0	14666
26088	159	14118	58	510	0	14845
26089	110	420	54	14723	0	15307
26090	14338	200	170	488	0	15196
26091	400	14022	41	247	0	14710
26092	14409	407	40	128	0	14984
26093	14468	187	30	132	0	14817
26094	527	97	28	14101	0	14753
26095	14469	123	45	423	0	15060
26096	15349	81	29	232	0	15691
26097	15357	87	31	133	0	15608
26098	15334	68	35	109	0	15546
26099	587	68	29	14697	0	15381
26100	264	79	33	14680	0	15056
26101	181	75	13999	559	0	14814
26102	168	84	354	13759	0	14365
26103	142	68	139	14410	0	14759
26104	114	67	13839	624	0	14644
26105	13200	57	407	303	0	13967
26106	493	61	173	14075	0	14802
26107	247	60	14127	547	0	14981
26108	13261	46	475	269	0	14051
26109	556	78	16161	146	0	16941
26110	281	16580	510	159	0	17530
26111	164	18247	223	144	0	18778
26112	152	661	114	19566	0	20493
26113	142	221	21404	663	0	22430
26114	21189	118	745	275	0	22327
26115	24327	106	255	173	0	24861
26116	1012	94	23698	154	0	24958
26117	23267	68	793	142	0	24270
26118	24968	68	293	119	0	25448
26119	1045	24105	160	162	0	25472
26120	24808	712	147	105	0	25772
26121	892	243	140	24358	0	25633
26122	410	134	25328	795	0	26667
26123	209	149	732	24473	0	25563
26124	166	25790	266	778	0	27000
26125	164	27329	172	318	0	27983
26126	27547	898	140	215	0	28800
26127	27602	310	135	156	0	28203
26128	27181	158	127	154	0	27620
26129	1056	144	111	26651	0	27962
26130	472	208	103	26761	0	27544
26131	305	25430	100	1178	0	27013
26132	25850	768	101	355	0	27074
26133	862	25962	113	288	0	27225
26134	24358	638	88	123	0	25207
26135	763	23991	88	111	0	24953
26136	24204	665	75	99	0	25043
26137	25181	213	103	99	0	25596
26138	849	152	85	24228	0	25314
26139	421	26423	91	584	0	27519
26140	325	630	25264	195	0	26414
26141	24168	227	549	162	0	25106
26142	726	26438	181	201	0	27546
26143	340	577	27604	112	0	28633
26144	247	216	28176	104	0	28743
26145	208	164	560	25872	0	26804
26146	177	144	163	26496	0	26980
26147	159	27695	114	594	0	28562
26148	30737	569	63	225	0	31594
26149	607	240	34	29588	0	30469
26150	263	32581	81	492	0	33417
26151	250	35249	66	210	0	35775
26152	258	632	34768	127	0	35785
26153	229	254	34671	123	0	35277
26154	33748	192	569	115	0	34624
26155	636	163	35782	119	0	36700
26156	288	161	551	34210	0	35210
26157	227	163	198	35788	0	36376
26158	230	169	35774	628	0	36801
26159	172	180	546	33702	0	34600
26160	187	155	202	34849	0	35393
26161	34829	119	155	653	0	35756
26162	36006	144	133	259	0	36542
26163	669	143	142	35834	0	36788
26164	262	34259	185	580	0	35286
26165	229	36450	173	238	0	37090
26166	37441	626	167	182	0	38416
26167	621	292	36872	152	0	37937
26168	245	209	595	36583	0	37632
26169	37679	155	242	622	0	38698
26170	37865	157	192	285	0	38499
26171	713	155	154	37618	0	38640
26172	311	171	37896	651	0	39029
26173	256	219	35245	291	0	36011
26174	34300	164	701	225	0	35390
26175	38302	150	295	192	0	38939
26176	746	36625	234	202	0	37807
26177	371	37807	252	197	0	38627
26178	40273	638	190	198	0	41299
26179	41664	237	187	213	0	42301
26180	785	179	165	41720	0	42849
26181	396	168	154	42333	0	43051
26182	337	149	142	43117	0	43745
26183	42861	144	169	786	0	43960
26184	779	158	135	42398	0	43470
26185	462	181	43789	711	0	45143
26186	41482	174	537	300	0	42493
26187	730	142	203	44068	0	45143
26188	387	172	44397	653	0	45609
26189	40630	207	560	287	0	41684
26190	42629	187	233	219	0	43268
26191	679	45151	195	223	0	46248
26192	377	46448	183	201	0	47209
26193	411	653	45297	178	0	46539
26194	42305	293	520	197	0	43315
26195	696	46993	249	809	0	48747
26196	401	599	46785	210	0	47995
26197	42637	272	556	247	0	43712
26198	734	50451	222	238	0	51645
26199	402	663	50909	220	0	52194
26200	47126	288	602	230	0	48246
26201	760	51056	232	208	0	52256
26202	358	638	137	52373	0	53506
26203	52866	231	123	673	0	53893
26204	730	52064	153	357	0	53304
26205	291	533	125	52498	0	53447
26206	52363	184	147	672	0	53366
26207	666	134	51429	920	0	53149
26208	280	50963	553	254	0	52050
26209	230	517	50656	295	0	51698
26210	128	446	489	49426	0	50489
26211	178	119	50035	485	0	50817
26212	118	46234	449	231	0	47032
26213	65	45967	114	84	0	46230
26214	154	312	115	46866	0	47447
26215	23	64	27	43301	0	43415
26216	18	28	20	45185	0	45251
26217	49	33	49727	183	0	49992
26218	23	33	195	49864	0	50115
26219	50451	27	69	233	0	50780
26220	47361	28	55	69	0	47513
26221	304	37	50925	44	0	51310
26222	59	48444	244	61	0	48808
26223	50681	207	420	37	0	51345
26224	210	48209	65	47	0	48531
26225	50318	213	49	32	0	50612
26226	49515	58	26	41	0	49640
26227	278	54	49715	40	0	50087
26228	69	50098	258	72	0	50497
26229	52	212	48	52739	0	53051
26230	75	63	52056	221	0	52415
26231	48629	41	244	60	0	48974
26232	237	38	54	52508	0	52837
26233	98	35	52081	218	0	52432
26234	48052	36	256	83	0	48427
26235	292	56	53067	43	0	53458
26236	71	43	241	52774	0	53129
26237	56084	18	58	305	0	56465
26238	290	55831	90	147	0	56358
26239	141	305	57093	59	0	57598
26240	55785	87	316	48	0	56236
26241	61609	45	103	48	0	61805
26242	588	61025	113	641	0	62367
26243	195	511	45	63497	0	64248
26244	125	174	46	63126	0	63471
26245	63040	95	50	765	0	63950
26246	651	67	46	63747	0	64511
26247	254	72	64132	744	0	65202
26248	110	54	630	62030	0	62824
26249	62745	61	190	774	0	63770
26250	654	58633	145	374	0	59806
26251	215	711	78	59269	0	60273
26252	132	60199	109	794	0	61234
26253	62120	933	72	243	0	63368
26254	929	274	62	66422	0	67687
26255	286	157	60	67784	0	68287
26256	144	67153	101	1566	0	68964
26257	189	1334	66862	534	0	68919
26258	118	436	1269	66582	0	68405
26259	100	229	382	68900	0	69611
26260	115	141	196	69125	0	69577
26261	89	66532	205	1678	0	68504
26262	190	1261	67276	596	0	69323
26263	168	504	68438	329	0	69439
26264	66922	214	1672	281	0	69089
26265	70791	169	521	252	0	71733
26266	1841	136	71522	213	0	73712
26267	69065	122	1462	230	0	70879
26268	1650	153	72662	214	0	74679
26269	69728	123	1546	241	0	71638
26270	1557	72079	612	259	0	74507
26271	75788	1392	331	243	0	77754
26272	1734	495	75856	236	0	78321
26273	685	294	75188	272	0	76439
26274	377	223	1872	76426	0	78898
26275	80264	162	676	1925	0	83027
26276	1913	82609	506	795	0	85823
26277	875	2199	97012	361	0	100447
26278	478	630	3226	98237	0	102571
26279	356	312	1080	104022	0	105770
26280	101064	206	461	4076	0	105807
26281	102769	210	381	1311	0	104671
26282	4247	233	310	101731	0	106521
26283	105011	236	273	3613	0	109133
26284	3910	255	99620	1233	0	105018
26285	1453	183	3233	98990	0	103859
26286	757	191	1032	104513	0	106493
26287	102061	178	531	4392	0	107162
26288	103084	213	422	1534	0	105253
26289	4351	210	361	101267	0	106189
26290	101470	196	342	3819	0	105827
26291	4014	301	96712	1454	0	102481
26292	1470	96819	3258	1361	0	102908
26293	915	3222	98428	682	0	103247
26294	757	1279	3544	99789	0	105369
26295	98525	412	1211	3845	0	103993
26296	3709	95988	691	1780	0	102168
26297	1295	3404	513	94949	0	100161
26298	744	1076	517	94198	0	96535
26299	642	92948	451	4409	0	98450
26300	634	3542	425	96041	0	100642
26301	691	1556	420	97749	0	100416
26302	688	662	402	98915	0	100667
26303	674	423	402	98506	0	100005
26304	743	301	466	97373	0	98883
26305	728	91361	502	5151	0	97742
26306	706	3291	493	95339	0	99829
26307	747	1091	451	97092	0	99381
26308	867	628	88379	5081	0	94955
26309	712	88307	3422	2259	0	94700
26310	720	3429	1124	91777	0	97050
26311	779	1187	647	93041	0	95654
26312	786	659	620	92453	0	94518
26313	728	87849	668	5238	0	94483
26314	808	3428	86349	2431	0	93016
26315	837	1192	3547	91283	0	96859
26316	790	765	88603	5044	0	95202
26317	805	639	86449	2235	0	90128
26318	707	512	4374	87577	0	93170
26319	89589	505	1589	4605	0	96288
26320	3836	588	904	90469	0	95797
26321	1491	505	765	90735	0	93496
26322	981	91143	655	5251	0	98030
26323	863	3417	587	95345	0	100212
26324	808	1282	508	97374	0	99972
26325	816	726	91040	5682	0	98264
26326	705	91563	3471	2756	0	98495
26327	615	3538	1348	95193	0	100694
26328	90858	1335	901	4741	0	97835
26329	3658	859	90081	2366	0	96964
26330	1337	679	3657	91962	0	97635
26331	842	572	1359	95915	0	98688
26332	91202	599	857	5725	0	98383
26333	3605	90311	679	2738	0	97333
26334	90897	3605	580	2110	0	97192
26335	3687	90387	627	2064	0	96765
26336	1323	3686	555	90766	0	96330
26337	89592	1482	596	4780	0	96450
26338	3731	888	87182	2593	0	94394
26339	1479	85557	3391	2061	0	92488
26340	889	89178	1396	1945	0	93408
26341	82638	3948	828	1628	0	89042
26342	3288	1485	737	81303	0	86813
26343	1386	80160	662	4341	0	86549
26344	925	85801	642	2351	0	89719
26345	1280	3929	907	84907	0	91023
26346	1054	1586	461	86483	0	89584
26347	81923	935	451	5108	0	88417
26348	3341	80775	569	2616	0	87301
26349	1315	3572	670	82694	0	88251
26350	918	1490	79167	4195	0	85770
26351	747	79787	3168	2345	0	86047
26352	749	3405	77169	1645	0	82968
26353	729	77790	3181	1884	0	83584
26354	904	3043	1149	75711	0	80807
26355	1026	1035	453	74210	0	76724
26356	661	71429	457	3553	0	76100
26357	678	2717	70754	1700	0	75849
26358	69090	1222	2379	1324	0	74015
26359	2526	933	902	73550	0	77911
26360	888	798	610	76143	0	78439
26361	627	757	72161	3805	0	77350
26362	535	794	2543	72896	0	76768
26363	495	852	72231	3525	0	77103
26364	454	786	2522	72793	0	76555
26365	474	725	71407	3470	0	76076
26366	347	68902	2475	2099	0	73823
26367	418	2766	71688	1497	0	76369
26368	345	1743	2659	72287	0	77034
26369	72041	764	816	3727	0	77348
26370	2632	70389	530	1950	0	75501
26371	954	3565	464	72312	0	77295
26372	580	1343	69269	3440	0	74632
26373	405	72258	2762	1768	0	77193
26374	269	2773	952	70209	0	74203
26375	378	1181	68921	2882	0	73362
26376	239	60926	2124	1053	0	64342
26377	47551	1709	518	371	0	50149
26378	43863	190	255	147	0	44455
26379	701	106	84	45251	0	46142
26380	45955	116	93	742	0	46906
26381	704	91	98	44854	0	45747
26382	199	91	79	46416	0	46785
26383	142	109	46031	857	0	47139
26384	125	97	637	45096	0	45955
26385	100	94	168	47096	0	47458
26386	46130	101	114	891	0	47236
26387	44329	83	87	311	0	44810
26388	760	44303	111	229	0	45403
26389	238	693	45364	174	0	46469
26390	116	201	649	45245	0	46211
26391	148	121	44163	775	0	45207
26392	39127	79	592	254	0	40052
26393	685	90	41725	460	0	42960
26394	219	71	542	40952	0	41784
26395	116	41230	192	631	0	42169
26396	121	561	106	42386	0	43174
26397	85	163	117	42253	0	42618
26398	113	78	43993	789	0	44973
26399	68	81	577	43238	0	43964
26400	43688	46	189	718	0	44641
26401	42746	65	122	301	0	43234
26402	42742	78	115	177	0	43112
26403	43694	69	100	194	0	44057
26404	660	41840	163	207	0	42870
26405	223	42729	146	219	0	43317
26406	177	653	383	42301	0	43514
26407	126	178	123	43424	0	43851
26408	126	40911	154	759	0	41950
26409	116	541	109	43614	0	44380
26410	120	179	67	43576	0	43942
26411	116	134	77	43505	0	43832
26412	107	107	105	43344	0	43663
26413	104	112	83	44074	0	44373
26414	42896	86	95	884	0	43961
26415	621	40491	118	420	0	41650
26416	293	624	40330	280	0	41527
26417	179	192	572	40675	0	41618
26418	138	192	214	41067	0	41611
26419	127	162	131	39652	0	40072
26420	38446	124	122	900	0	39592
26421	599	41122	134	477	0	42332
26422	234	1093	130	39475	0	40932
26423	175	40070	128	1292	0	41665
26424	176	1392	97	40563	0	42228
26425	194	39278	100	1490	0	41062
26426	207	1432	46267	573	0	48479
26427	161	429	2027	49844	0	52461
26428	203	264	60495	2620	0	63582
26429	171	188	2967	60955	0	64281
26430	155	167	781	69775	0	70878
26431	67098	162	540	4374	0	72174
26432	69271	150	294	1521	0	71236
26433	70863	137	217	979	0	72196
26434	70696	188	234	565	0	71683
26435	70586	139	204	559	0	71488
26436	4792	167	209	64768	0	69936
26437	1588	64771	250	3644	0	70253
26438	1017	3465	162	66480	0	71124
26439	658	957	61971	4275	0	67861
26440	61799	635	3266	1310	0	67010
26441	66405	338	836	947	0	68526
26442	4466	218	602	64136	0	69422
26443	1619	215	281	64627	0	66742
26444	1014	60060	279	4478	0	65831
26445	606	3314	215	63852	0	67987
26446	551	901	214	64646	0	66312
26447	535	60410	274	4602	0	65821
26448	553	3464	192	64448	0	68657
26449	61743	929	242	4672	0	67586
26450	4416	712	58746	1649	0	65523
26451	58749	425	3284	1291	0	63749
26452	4378	375	57948	1102	0	63803
26453	1506	332	3715	57952	0	63505
26454	1231	310	995	57620	0	60156
26455	894	55720	732	4391	0	61737
26456	836	61422	387	1908	0	64553
26457	795	4370	333	58407	0	63905
26458	672	1482	55090	4426	0	61670
26459	55036	904	3395	1499	0	60834
26460	3785	448	944	56444	0	61621
26461	1241	56088	871	4061	0	62261
26462	1109	3632	372	57897	0	63010
26463	748	1841	277	58597	0	61463
26464	619	55574	244	4901	0	61338
26465	656	3667	256	57035	0	61614
26466	702	1244	50565	4690	0	57201
26467	603	949	50879	1828	0	54259
26468	613	463	3304	49832	0	54212
26469	559	51587	1152	3467	0	56765
26470	636	3287	998	53229	0	58150
26471	53218	972	384	4039	0	58613
26472	55118	779	516	1396	0	57809
26473	51261	416	364	1372	0	53413
26474	4192	48102	504	890	0	53688
26475	1506	3268	47223	1047	0	53044
26476	48692	1148	3211	875	0	53926
26477	51755	1532	903	867	0	55057
26478	4104	49349	738	821	0	55012
26479	1563	3371	352	50486	0	55772
26480	51360	1093	454	3926	0	56833
26481	53503	1081	436	1364	0	56384
26482	54305	511	438	1443	0	56697
26483	4717	490	476	49834	0	55517
26484	51600	576	431	4005	0	56612
26485	4245	390	396	51687	0	56718
26486	1863	504	439	54421	0	57227
26487	50825	457	626	4826	0	56734
26488	4288	390	498	51671	0	56847
26489	50561	481	695	4593	0	56330
26490	4456	427	408	51113	0	56404
26491	1970	533	362	54381	0	57246
26492	50705	635	323	5300	0	56963
26493	4637	612	46736	2506	0	54491
26494	2360	474	3060	50668	0	56562
26495	2158	433	1159	53417	0	57167
26496	1890	530	752	52786	0	55958
26497	1473	503	551	54701	0	57228
26498	1354	705	460	52337	0	54856
26499	1250	47930	418	5764	0	55362
26500	1191	3569	440	51370	0	56570
26501	1321	1353	47054	5195	0	54923
26502	1511	928	3186	50899	0	56524
26503	1500	560	1106	52678	0	55844
26504	1445	563	867	54332	0	57207
26505	1073	996	48478	6169	0	56716
26506	1075	853	49886	2990	0	54804
26507	49019	677	3846	2539	0	56081
26508	52303	531	1550	2110	0	56494
26509	4714	53264	1015	1735	0	60728
26510	2237	3611	586	56420	0	62854
26511	1562	1439	550	59728	0	63279
26512	1172	962	826	61342	0	64302
26513	58140	628	762	5823	0	65353
26514	60290	540	661	2837	0	64328
26515	4550	728	685	58726	0	64689
26516	1831	713	473	60979	0	63996
26517	1419	799	398	61556	0	64172
26518	1004	728	434	62085	0	64251
26519	56182	708	546	6101	0	63537
26520	3763	611	53144	3289	0	60807
26521	1485	47007	2809	2193	0	53494
26522	1024	49688	954	1962	0	53628
26523	47177	3003	710	1865	0	52755
26524	3035	1473	819	47187	0	52514
26525	1481	1029	46019	3991	0	52520
26526	860	581	37900	1512	0	40853
26527	520	38414	1866	1490	0	42290
26528	27232	673	727	560	0	29192
26529	913	272	26150	353	0	27688
26530	19369	52	151	107	0	19679
26531	267	28	87	21488	0	21870
26532	109	22	51	21562	0	21744
26533	59	21079	50	236	0	21424
26534	47	21581	38	145	0	21811
26535	21955	161	29	112	0	22257
26536	21431	93	29	98	0	21651
26537	200	22107	31	104	0	22442
26538	75	107	21886	33	0	22101
26539	55	70	21723	42	0	21890
26540	28	33	118	21425	0	21604
26541	23339	12	62	101	0	23514
26542	79	21823	49	94	0	22045
26543	59	83	24	23306	0	23472
26544	24223	41	31	103	0	24398
26545	98	29	25	24329	0	24481
26546	68	18	10	24692	0	24788
26547	24854	13	7	169	0	25043
26548	111	24263	23	118	0	24515
26549	59	26129	19	85	0	26292
26550	60	157	25717	53	0	25987
26551	29	67	99	25843	0	26038
26552	50	42	53	25152	0	25297
26553	46	31	26411	152	0	26640
26554	19819	57	154	150	0	20180
26555	23050	20	68	85	0	23223
26556	152	17	26063	74	0	26306
26557	19747	45	192	89	0	20073
26558	243	25	27141	41	0	27450
26559	344	28284	155	39	0	28822
26560	51	117	56	30826	0	31050
26561	31	72	42	31855	0	32000
26562	32347	40	23	154	0	32564
26563	32245	27	26	118	0	32416
26564	31906	23	40	72	0	32041
26565	32036	25	37	48	0	32146
26566	31440	31	38	51	0	31560
26567	218	38	31482	36	0	31774
26568	109	30735	164	56	0	31064
26569	79	109	64	32947	0	33199
26570	57	31777	64	129	0	32027
26571	18	31765	34	38	0	31855
26572	18	99	17	32709	0	32843
26573	15	53	14	32724	0	32806
26574	29	32	32810	103	0	32974
26575	29100	22	88	51	0	29261
26576	33135	14	21	27	0	33197
26577	99	31295	50	37	0	31481
26578	32939	67	17	17	0	33040
26579	34289	29	54	12	0	34384
26580	101	23	14	33568	0	33706
26581	72	27	34865	78	0	35042
26582	37	37	33767	43	0	33884
26583	33777	16	88	27	0	33908
26584	34287	7	35	19	0	34348
26585	104	32441	63	35	0	32643
26586	43	34220	30	40	0	34333
26587	39	107	14	36307	0	36467
26588	36700	44	12	95	0	36851
26589	122	42	36161	38	0	36363
26590	52	25	112	36119	0	36308
26591	38519	21	40	132	0	38712
26592	38511	21	30	76	0	38638
26593	187	25	17	39113	0	39342
26594	40200	13	43	153	0	40409
26595	183	49	37103	73	0	37408
26596	95	38	38799	46	0	38978
26597	63	23	201	36962	0	37249
26598	31	20	68	41128	0	41247
26599	40	19	37	41042	0	41138
26600	40	39722	45	219	0	40026
26601	36	41851	21	115	0	42023
26602	35	208	22	42220	0	42485
26603	42726	76	32	167	0	43001
26604	151	41	31	42687	0	42910
26605	82	23	17	42179	0	42301
26606	51	40452	41	242	0	40786
26607	42	41587	32	151	0	41812
26608	49	205	19	42790	0	43063
26609	34	105	16	38710	0	38865
26610	38510	42	21	235	0	38808
26611	171	37258	48	130	0	37607
26612	38793	142	15	67	0	39017
26613	175	63	8	38083	0	38329
26614	88	57	37239	183	0	37567
26615	66	74	35178	328	0	35646
26616	36459	25	188	63	0	36735
26617	161	29	76	40002	0	40268
26618	65	23	29	39895	0	40012
26619	43	22	23	40674	0	40762
26620	54	44	40873	262	0	41233
26621	26	19	169	40496	0	40710
26622	23	39914	116	496	0	40549
26623	33	201	45	42892	0	43171
26624	37	79	20	42491	0	42627
26625	35	40782	40	467	0	41324
26626	25	247	15	43118	0	43405
26627	40777	79	13	342	0	41211
26628	275	38842	56	159	0	39332
26629	41186	295	17	93	0	41591
26630	40795	95	21	78	0	40989
26631	421	72	18	40890	0	41401
26632	171	41	26	40435	0	40673
26633	109	30	8	41903	0	42050
26634	98	62	39756	542	0	40458
26635	56	38383	360	262	0	39061
26636	42	40667	122	171	0	41002
26637	38	446	60	40491	0	41035
26638	39478	141	41	400	0	40060
26639	351	84	30	38994	0	39459
26640	162	72	39252	463	0	39949
26641	74	36900	348	237	0	37559
26642	53	38778	110	159	0	39100
26643	39934	421	50	92	0	40497
26644	39704	168	39	87	0	39998
26645	447	42503	95	106	0	43151
26646	44518	373	44	69	0	45004
26647	474	184	43367	76	0	44101
26648	186	211	42525	78	0	43000
26649	46005	68	627	80	0	46780
26650	49155	51	205	68	0	49479
26651	786	60	86	48809	0	49741
26652	49763	47	67	711	0	50588
26653	801	104	49583	229	0	50717
26654	311	108	52222	123	0	52764
26655	190	90	1020	61262	0	62562
26656	134	42	335	72906	0	73417
26657	105	45	187	78170	0	78507
26658	117	85	125	82570	0	82897
26659	113	62	88	88342	0	88605
26660	143	105	82328	4806	0	87382
26661	97	65	3217	83908	0	87287
26662	83920	40	963	4705	0	89628
26663	3466	30	485	85667	0	89648
26664	84261	54	337	4862	0	89514
26665	3924	57	207	85771	0	89959
26666	86158	48	315	4906	0	91427
26667	90041	52	274	2056	0	92423
26668	4731	68	241	86987	0	92027
26669	1654	56	364	91139	0	93213
26670	87530	48	298	5353	0	93229
26671	89598	52	214	2250	0	92114
26672	5136	108	86096	1710	0	93050
26673	2245	82	3249	87532	0	93108
26674	1619	57	745	93338	0	95759
26675	89604	57	506	5337	0	95504
26676	92268	61	376	2140	0	94845
26677	5117	47	282	91534	0	96980
26678	2013	56	350	94471	0	96890
26679	1596	61	310	94480	0	96447
26680	1248	57	314	92977	0	94596
26681	984	83323	484	5968	0	90759
26682	953	88356	360	2789	0	92458
26683	865	4099	258	89081	0	94303
26684	860	86706	318	5270	0	93154
26685	820	4026	212	90704	0	95762
26686	699	1194	85305	5858	0	93056
26687	642	966	83440	2800	0	87848
26688	541	84492	3875	2445	0	91353
26689	490	3988	1172	87349	0	92999
26690	540	1440	84657	5280	0	91917
26691	501	1162	3802	83886	0	89351
26692	499	856	1265	89919	0	92539
26693	84339	752	1066	5938	0	92095
26694	4019	684	793	87573	0	93069
26695	1432	542	84900	5770	0	92644
26696	1251	464	85103	2633	0	89451
26697	1036	81144	4380	2310	0	88870
26698	938	89401	1644	2228	0	94211
26699	90367	4270	1295	1808	0	97740
26700	4456	1358	92793	1972	0	100579
26701	1673	889	4065	93132	0	99759
26702	94509	568	1461	5180	0	101718
26703	94936	501	1109	2473	0	99019
26704	4968	94199	1118	1999	0	102284
26705	2187	3938	922	96909	0	103956
26706	1636	1367	836	101511	0	105350
26707	1274	1137	723	101919	0	105053
26708	97794	852	618	6206	0	105470
26709	4759	732	95020	2954	0	103465
26710	1789	96586	3746	3199	0	105320
26711	1531	4086	1121	100894	0	107632
26712	1251	1345	864	105336	0	108796
26713	969	1267	97580	6261	0	106077
26714	914	993	3749	98712	0	104368
26715	830	779	1342	104112	0	107063
26716	745	857	1064	104495	0	107161
26717	780	753	930	103945	0	106408
26718	700	683	95998	7188	0	104569
26719	623	858	4168	98365	0	104014
26720	616	688	95250	6684	0	103238
26721	570	92627	4410	3758	0	101365
26722	593	3831	1873	97147	0	103444
26723	624	1305	1360	101542	0	104831
26724	719	866	93651	7022	0	102258
26725	727	91712	4063	4107	0	100609
26726	810	3893	1665	95404	0	101772
26727	970	1342	94333	5646	0	102291
26728	838	92952	4197	3216	0	101203
26729	799	4072	1677	98494	0	105042
26730	968	1553	96588	5385	0	104494
26731	994	1240	4120	96519	0	102873
26732	971	966	1551	98519	0	102007
26733	880	810	1470	102710	0	105870
26734	96907	974	1117	6283	0	105281
26735	3968	94723	977	3557	0	103225
26736	98008	3990	1057	2749	0	105804
26737	4513	1539	96195	2483	0	104730
26738	98859	1145	3834	2660	0	106498
26739	107810	805	1509	2552	0	112676
26740	4952	675	1190	105682	0	112499
26741	107455	813	937	5651	0	114856
26742	109287	755	821	3057	0	113920
26743	111225	771	804	2596	0	115396
26744	5392	931	724	107425	0	114472
26745	2580	804	760	107405	0	111549
26746	1834	670	100180	5980	0	108664
26747	1588	690	96508	3001	0	101787
26748	95207	550	3901	2341	0	101999
26749	4175	525	1682	97683	0	104065
26750	1736	98322	1322	4611	0	105991
26751	99975	3321	1110	2365	0	106771
26752	3759	97514	1055	2120	0	104448
26753	1389	99436	1058	2043	0	103926
26754	1499	4312	96397	1956	0	104164
26755	1588	1030	94464	1318	0	98400
26756	476	1275	2563	85951	0	90265
26757	474	379	90311	2008	0	93172
26758	247	210	78809	537	0	79803
26759	73186	280	313	141	0	73920
26760	77474	39	144	107	0	77764
26761	266	61	90	78148	0	78565
26762	162	50	80	78647	0	78939
26763	166	72	80966	304	0	81508
26764	88	78310	270	241	0	78909
26765	83	203	105	83802	0	84193
26766	86368	88	84	245	0	86785
26767	289	63	53	85880	0	86285
26768	132	86169	104	419	0	86824
26769	197	278	85470	172	0	86117
26770	79	84519	395	170	0	85163
26771	88961	347	130	112	0	89550
26772	84941	135	82	110	0	85268
26773	452	79	55	83873	0	84459
26774	230	64	86632	389	0	87315
26775	166	115	81637	193	0	82111
26776	63	84248	668	154	0	85133
26777	78	474	235	84226	0	85013
26778	45	166	107	87747	0	88065
26779	105	105	87187	585	0	87982
26780	63	50	442	84956	0	85511
26781	54	89907	240	572	0	90773
26782	60	730	113	93646	0	94549
26783	57	251	45	93599	0	93952
26784	124	122	94421	1027	0	95694
26785	53	72	816	90508	0	91449
26786	92187	51	329	932	0	93499
26787	844	83	92716	330	0	93973
26788	342	90	91974	180	0	92586
26789	129	89248	1252	173	0	90802
26790	78	912	314	96695	0	97999
26791	65	308	125	102464	0	102962
26792	149	164	99618	1465	0	101396
26793	93008	81	1274	504	0	94867
26794	1169	90	421	101616	0	103296
26795	458	1217	99262	1263	0	102200
26796	197	134	1160	96808	0	98299
26797	152	98	101764	1452	0	103466
26798	219	128	98220	537	0	99104
26799	80	95318	1692	322	0	97412
26800	88	1207	563	93505	0	95363
26801	55	96848	324	1053	0	98280
26802	95888	1308	201	395	0	97792
26803	1285	476	97260	292	0	99313
26804	400	92722	1323	297	0	94742
26805	210	1230	466	96644	0	98550
26806	96460	427	412	1312	0	98611
26807	1155	93363	301	664	0	95483
26808	393	1256	216	96986	0	98851
26809	189	468	180	96246	0	97083
26810	111	92909	227	1622	0	94869
26811	94811	1370	193	630	0	97004
26812	1280	503	169	103690	0	105642
26813	434	279	147	111250	0	112110
26814	316	288	106512	2982	0	110098
26815	136	109254	2290	1276	0	112956
26816	141	2548	1058	113360	0	117107
26817	151	882	536	129384	0	130953
26818	127	130409	307	3980	0	134823
26819	159	3690	198	132725	0	136772
26820	136	1265	178	138969	0	140548
26821	104	701	208	140776	0	141789
26822	96	135830	275	5702	0	141903
26823	137344	3983	207	2192	0	143726
26824	4267	1447	134640	1217	0	141571
26825	131198	799	4115	758	0	136870
26826	4679	135013	1533	619	0	141844
26827	1533	4205	832	136866	0	143436
26828	976	1539	136099	4470	0	143084
26829	442	885	4216	136361	0	141904
26830	301	511	1496	138222	0	140530
26831	261	420	882	142347	0	143910
26832	349	492	134449	6338	0	141628
26833	217	131076	4297	3050	0	138640
26834	370	4026	133922	1616	0	139934
26835	248	135288	4928	1262	0	141726
26836	482	4691	140217	924	0	146314
26837	220	1856	4890	139735	0	146701
26838	135347	1124	1822	4875	0	143168
26839	3994	137051	1961	2428	0	145434
26840	1451	4512	139677	1578	0	147218
26841	845	139702	4480	1332	0	146359
26842	665	5031	143197	1162	0	150055
26843	371	2006	5116	136974	0	144467
26844	488	1437	1995	135985	0	139905
26845	399	137977	1424	5740	0	145540
26846	400	145703	932	2691	0	149726
26847	144906	5860	754	1724	0	153244
26848	4628	2587	760	147484	0	155459
26849	1898	1649	145395	5580	0	154522
26850	1077	1091	4955	145114	0	152237
26851	793	916	146823	6642	0	155174
26852	646	1028	147342	2919	0	151935
26853	511	910	6409	138906	0	146736
26854	485	139352	2803	5325	0	147965
26855	137144	5058	1686	2585	0	146473
26856	4740	2143	1215	135444	0	143542
26857	1749	1640	1078	136097	0	140564
26858	1074	136230	1049	6903	0	145256
26859	136823	5310	962	3087	0	146182
26860	139954	2260	1087	2264	0	145565
26861	6306	1580	1129	132633	0	141648
26862	2580	130089	1231	5772	0	139672
26863	1430	139833	1445	2733	0	145441
26864	138238	6322	1340	2171	0	148071
26865	5100	3042	133844	1795	0	143781
26866	129557	2039	5414	1499	0	138509
26867	134920	1454	2223	1600	0	140197
26868	133533	1254	1585	1637	0	138009
26869	6800	130359	1155	1869	0	140183
26870	2758	5493	1068	134464	0	143783
26871	134502	2447	1039	5704	0	143692
26872	136004	1836	1111	2653	0	141604
26873	6344	132732	1285	2149	0	142510
26874	136055	5120	902	1777	0	143854
26875	5630	2601	1011	136398	0	145640
26876	2597	1814	1178	136472	0	142061
26877	1682	132476	1101	6742	0	142001
26878	1485	5002	1209	137509	0	145205
26879	1385	2347	1208	138147	0	143087
26880	1466	132427	932	7070	0	141895
26881	1427	5290	757	127806	0	135280
26882	1449	128795	806	6639	0	137689
26883	131516	5394	827	3113	0	140850
26884	126298	2650	856	2431	0	132235
26885	5940	126785	735	2473	0	135933
26886	3932	4999	122196	1771	0	132898
26887	2276	2917	4074	126847	0	136114
26888	1885	1969	125243	5503	0	134600
26889	1407	121866	4659	3059	0	130991
26890	1402	126666	1925	2718	0	132711
26891	119501	5227	1247	1727	0	127702
26892	4568	124044	1110	1605	0	131327
26893	2628	4991	872	119731	0	128222
26894	1963	120419	861	4477	0	127720
26895	2085	124766	624	2429	0	129904
26896	123971	5887	666	1890	0	132414
26897	4670	2846	720	122260	0	130496
26898	2681	2101	118299	4654	0	127735
26899	2011	1766	117018	2695	0	123490
26900	1414	118036	4840	2166	0	126456
26901	118439	4829	2180	1752	0	127200
26902	4213	119117	1551	1723	0	126604
26903	2083	5650	968	122187	0	130888
26904	122076	3087	859	4723	0	130745
26905	4765	2091	713	124060	0	131629
26906	2149	2061	753	124559	0	129522
26907	1752	120503	709	6926	0	129890
26908	1519	4979	631	125888	0	133017
26909	1230	2935	120864	5516	0	130545
26910	119000	1921	4338	2716	0	127975
26911	4875	127174	1963	2202	0	136214
26912	1806	128613	1331	1408	0	133158
26913	122064	5116	975	1025	0	129180
26914	4232	2454	119683	1343	0	127712
26915	113474	2017	3569	925	0	119985
26916	4095	127399	1381	1210	0	134085
26917	1220	134978	636	804	0	137638
26918	1288	5089	130158	732	0	137267
26919	635	138980	4326	755	0	144696
26920	552	4965	1382	129336	0	136235
26921	506	2111	832	130265	0	133714
26922	560	131321	531	5117	0	137529
26923	646	4351	388	134535	0	139920
26924	135936	1934	263	4781	0	142914
26925	4426	1392	130438	1737	0	137993
26926	131528	982	4320	1056	0	137886
26927	137755	959	1513	698	0	140925
26928	137401	920	859	633	0	139813
26929	6194	1111	130517	714	0	138536
26930	2464	858	4207	131320	0	138849
26931	1731	958	130888	4452	0	138029
26932	128206	705	4670	2128	0	135709
26933	128669	863	1804	2034	0	133370
26934	5410	130253	1044	951	0	137658
26935	2416	4372	688	128859	0	136335
26936	1653	128260	890	4161	0	134964
26937	1450	4774	126645	1741	0	134610
26938	946	2594	4361	130775	0	138676
26939	128383	1641	1824	4778	0	136626
26940	128961	1374	1069	1843	0	133247
26941	6195	703	988	116714	0	124600
26942	2869	117857	884	4221	0	125831
26943	1618	4354	121936	1747	0	129655
26944	1083	2022	125601	1244	0	129950
26945	117666	1153	6137	950	0	125906
26946	5117	1134	122249	827	0	129327
26947	2018	119416	5058	855	0	127347
26948	1338	4229	1860	120117	0	127544
26949	1116	1714	121830	4329	0	128989
26950	787	1059	4627	119499	0	125972
26951	800	737	117763	5001	0	124301
26952	110950	612	5226	1985	0	118773
26953	4657	558	2208	112848	0	120271
26954	1991	112141	1438	4429	0	119999
26955	1246	117646	982	2035	0	121909
26956	907	5667	819	114536	0	121929
26957	803	2307	714	114628	0	118452
26958	753	110604	902	5871	0	118130
26959	945	4450	110602	2450	0	118447
26960	856	1836	4647	113656	0	120995
26961	994	1260	113532	5036	0	120822
26962	920	1004	113794	2181	0	117899
26963	104963	877	6001	1478	0	113319
26964	4722	108068	2647	1264	0	116701
26965	111002	4705	1500	1023	0	118230
26966	5312	2161	1101	105318	0	113892
26967	2279	109832	1125	4554	0	117790
26968	1486	5072	1172	110930	0	118660
26969	993	2336	1214	110354	0	114897
26970	956	106635	1119	6191	0	114901
26971	1040	5368	104669	2892	0	113969
26972	1077	2379	4769	108368	0	116593
26973	107043	1692	2186	5540	0	116461
26974	5128	1288	1436	107485	0	115337
26975	2346	1173	1277	109605	0	114401
26976	1703	1201	100340	6826	0	110070
26977	1367	101343	5034	3404	0	111148
26978	1297	4984	2304	104006	0	112591
26979	1305	2445	102875	5647	0	112272
26980	1131	1955	103859	2847	0	109792
26981	98537	1465	6516	2297	0	108815
26982	5076	101497	3183	2127	0	111883
26983	100350	5186	2111	1730	0	109377
26984	5549	100258	1731	1867	0	109405
26985	2726	104561	1368	1794	0	110449
26986	101458	6631	1399	1714	0	111202
26987	5487	3098	1512	96994	0	107091
26988	2813	98894	1614	5351	0	108672
26989	2236	5157	1403	102640	0	111436
26990	101635	2329	1296	6050	0	111310
26991	6027	1809	98769	3015	0	109620
26992	2988	1667	98269	2186	0	105110
26993	94757	1483	6467	1810	0	104517
26994	5500	95862	3447	1934	0	106743
26995	2853	5057	95423	1475	0	104808
26996	2184	95194	5566	1711	0	104655
26997	1801	5685	2676	93654	0	103816
26998	1676	2755	95504	5395	0	105330
26999	1308	1931	5507	96953	0	105699
27000	1219	1565	94339	6281	0	103404
27001	91144	1439	6017	3037	0	101637
27002	5238	94430	3054	2243	0	104965
27003	94320	5112	1987	1696	0	103115
27004	5496	2783	1605	84309	0	94193
27005	2462	95284	1638	4734	0	104118
27006	95558	5397	1578	2574	0	105107
27007	98157	2550	1714	2173	0	104594
27008	6433	2012	93551	1816	0	103812
27009	3021	1521	93389	1525	0	99456
27010	81975	1512	5970	1336	0	90793
27011	4471	83078	3022	2187	0	92758
27012	1814	81665	2155	1363	0	86997
27013	1930	5939	2356	76641	0	86866
27014	1643	2255	75334	4117	0	83349
27015	1238	74367	4005	2041	0	81651
27016	1171	66669	1935	1158	0	70933
27017	1009	2061	496	38995	0	42561
27018	38132	507	261	1080	0	39980
27019	37393	337	207	470	0	38407
27020	37823	253	232	307	0	38615
27021	1342	268	36707	234	0	38551
27022	36688	238	1007	252	0	38185
27023	38147	224	417	247	0	39035
27024	37466	259	247	199	0	38171
27025	1336	278	205	35632	0	37451
27026	539	35154	212	990	0	36895
27027	35999	957	194	374	0	37524
27028	1031	35144	233	252	0	36660
27029	401	963	192	36364	0	37920
27030	332	425	39189	1044	0	40990
27031	252	418	1044	38591	0	40305
27032	267	212	351	39962	0	40792
27033	263	232	39333	1327	0	41155
27034	226	38475	1060	548	0	40309
27035	192	884	280	37192	0	38548
27036	36404	361	180	964	0	37909
27037	917	36547	186	393	0	38043
27038	35122	757	106	195	0	36180
27039	803	266	88	33798	0	34955
27040	315	34689	101	711	0	35816
27041	35132	683	89	239	0	36143
27042	742	34709	127	352	0	35930
27043	196	585	32867	79	0	33727
27044	33171	190	499	76	0	33936
27045	34316	123	127	73	0	34639
27046	739	33432	124	106	0	34401
27047	287	631	32276	76	0	33270
27048	157	35006	605	95	0	35863
27049	122	889	789	30187	0	31987
27050	82	233	108	36979	0	37402
27051	85	163	61	37356	0	37665
27052	77	36606	71	1028	0	37782
27053	103	832	39	37575	0	38549
27054	96	274	30	37994	0	38394
27055	36960	204	31	1069	0	38264
27056	873	99	42	37107	0	38121
27057	284	88	31	38857	0	39260
27058	37780	89	43	1097	0	39009
27059	877	36157	65	454	0	37553
27060	37844	841	44	278	0	39007
27061	38131	276	55	143	0	38605
27062	38988	212	47	124	0	39371
27063	1247	125	51	37740	0	39163
27064	444	103	67	38567	0	39181
27065	261	128	37076	1189	0	38654
27066	168	154	36403	461	0	37186
27067	169	142	36077	302	0	36690
27068	33658	124	1194	196	0	35172
27069	1025	141	35550	179	0	36895
27070	345	35608	1031	216	0	37200
27071	263	976	293	35672	0	37204
27072	186	330	196	35038	0	35750
27073	147	36729	157	1069	0	38102
27074	213	1017	37785	453	0	39468
27075	206	37889	947	329	0	39371
27076	39215	1102	469	177	0	40963
27077	1128	408	38326	178	0	40040
27078	411	37622	1002	253	0	39288
27079	347	1021	38832	209	0	40409
27080	222	387	1074	38601	0	40284
27081	207	285	39047	1111	0	40650
27082	175	218	1089	37640	0	39122
27083	39018	147	405	1212	0	40782
27084	1121	180	38386	465	0	40152
27085	403	38127	1017	397	0	39944
27086	39598	1008	385	323	0	41314
27087	1109	401	42706	270	0	44486
27088	438	319	43098	308	0	44163
27089	309	176	1961	41059	0	43505
27090	255	209	42517	1209	0	44190
27091	39708	211	1185	559	0	41663
27092	1100	41853	448	468	0	43869
27093	488	1121	298	42271	0	44178
27094	346	44429	265	1106	0	46146
27095	45894	1230	253	518	0	47895
27096	1225	468	44952	405	0	47050
27097	511	373	45733	314	0	46931
27098	409	383	1871	44923	0	47586
27099	297	230	592	47116	0	48235
27100	283	232	381	48107	0	49003
27101	274	249	297	48968	0	49788
27102	286	244	47842	1674	0	50046
27103	244	46745	1209	803	0	49001
27104	240	1059	476	46462	0	48237
27105	251	477	42470	1152	0	44350
27106	223	42083	1118	537	0	43961
27107	42610	1086	449	403	0	44548
27108	1247	455	318	42534	0	44554
27109	42605	324	232	1159	0	44320
27110	1102	42273	217	623	0	44215
27111	41989	1055	233	1408	0	44685
27112	1191	511	43949	320	0	45971
27113	495	329	1024	41601	0	43449
27114	371	42979	468	1302	0	45120
27115	318	1026	42558	498	0	44400
27116	224	42852	1056	437	0	44569
27117	478	1209	486	38744	0	40917
27118	43162	433	326	1118	0	45039
27119	1029	44477	287	537	0	46330
27120	45349	1046	282	381	0	47058
27121	1238	458	44973	343	0	47012
27122	529	334	43887	295	0	45045
27123	43976	228	1289	265	0	45758
27124	1061	215	585	44624	0	46485
27125	465	183	456	45574	0	46678
27126	354	197	46079	1262	0	47892
27127	284	224	44547	563	0	45618
27128	211	44751	1308	408	0	46678
27129	44869	945	1160	329	0	47303
27130	42187	370	311	174	0	43042
27131	1024	41458	228	229	0	42939
27132	446	878	215	43073	0	44612
27133	43342	353	220	870	0	44785
27134	817	265	225	42907	0	44214
27135	44648	164	211	975	0	45998
27136	45341	142	225	450	0	46158
27137	47378	164	194	302	0	48038
27138	1144	185	197	46378	0	47904
27139	483	151	192	48323	0	49149
27140	46709	165	176	1159	0	48209
27141	45926	158	205	534	0	46823
27142	46438	150	187	303	0	47078
27143	1287	44910	191	220	0	46608
27144	44259	762	128	172	0	45321
27145	882	43735	172	178	0	44967
27146	44123	841	175	185	0	45324
27147	957	311	43794	162	0	45224
27148	37920	440	598	157	0	39115
27149	701	39855	273	154	0	40983
27150	198	38458	113	97	0	38866
27151	40185	517	95	81	0	40878
27152	479	190	76	39581	0	40326
27153	207	83	76	40496	0	40862
27154	135	39500	90	549	0	40274
27155	137	42540	72	195	0	42944
27156	44265	552	52	119	0	44988
27157	528	217	45990	113	0	46848
27158	225	108	450	49404	0	50187
27159	51291	109	164	518	0	52082
27160	657	115	49878	201	0	50851
27161	206	52524	468	381	0	53579
27162	56299	853	158	95	0	57405
27163	1206	214	56825	69	0	58314
27164	325	158	1113	57487	0	59083
27165	214	134	59232	1236	0	60816
27166	56240	93	1216	350	0	57899
27167	1183	60007	397	246	0	61833
27168	62102	1273	483	147	0	64005
27169	62963	325	141	115	0	63544
27170	1535	211	69	62614	0	64429
27171	64264	152	83	1276	0	65775
27172	1426	94	62	63921	0	65503
27173	470	107	55	64898	0	65530
27174	310	143	60381	1595	0	62429
27175	203	59651	1096	534	0	61484
27176	142	1179	271	62286	0	63878
27177	161	301	156	63026	0	63644
27178	140	200	138	63250	0	63728
27179	163	205	60653	1642	0	62663
27180	128	58930	1150	618	0	60826
27181	169	1208	283	62438	0	64098
27182	151	326	182	63781	0	64440
27183	191	224	61496	1534	0	63445
27184	148	184	1150	60542	0	62024
27185	61688	112	321	1510	0	63631
27186	1244	60101	246	1430	0	63021
27187	59294	1185	166	282	0	60927
27188	1461	322	58978	707	0	61468
27189	453	201	1147	60226	0	62027
27190	61318	164	297	1317	0	63096
27191	60582	126	235	369	0	61312
27192	1553	127	60280	265	0	62225
27193	550	114	1174	59453	0	61291
27194	396	108	58554	1317	0	60375
27195	54999	80	1306	450	0	56835
27196	1230	57852	435	406	0	59923
27197	60283	1222	267	275	0	62047
27198	59905	360	260	206	0	60731
27199	1525	60437	226	283	0	62471
27200	63413	1271	208	211	0	65103
27201	1553	393	60938	225	0	63109
27202	61030	282	1173	263	0	62748
27203	1471	242	414	62189	0	64316
27204	636	236	63503	1371	0	65746
27205	519	181	1293	64407	0	66400
27206	513	176	486	65363	0	66538
27207	452	199	382	65312	0	66345
27208	481	64325	336	1683	0	66825
27209	65562	1310	301	763	0	67936
27210	1548	548	283	64819	0	67198
27211	678	63867	361	1687	0	66593
27212	582	1382	348	62475	0	64787
27213	545	62722	343	1773	0	65383
27214	570	1509	63889	833	0	66801
27215	476	559	1360	62386	0	64781
27216	456	425	561	65735	0	67177
27217	514	402	64344	1935	0	67195
27218	56705	416	1468	1057	0	59646
27219	1528	61591	596	1019	0	64734
27220	739	1385	520	63087	0	65731
27221	633	550	472	61050	0	62705
27222	692	464	440	60817	0	62413
27223	626	60629	450	2066	0	63771
27224	62024	1501	486	1272	0	65283
27225	1792	550	61400	1033	0	64775
27226	806	495	59288	942	0	61531
27227	656	458	1649	59255	0	62018
27228	729	381	775	62403	0	64288
27229	61468	398	640	2157	0	64663
27230	1615	59058	653	1317	0	62643
27231	773	1456	570	61952	0	64751
27232	61962	583	512	2067	0	65124
27233	1875	544	466	60981	0	63866
27234	62580	541	492	2040	0	65653
27235	2035	459	58097	1120	0	61711
27236	1049	58009	1552	1027	0	61637
27237	60543	1593	692	820	0	63648
27238	2061	662	58583	860	0	62166
27239	57195	491	1631	822	0	60139
27240	1945	483	57728	853	0	61009
27241	58022	406	1726	796	0	60950
27242	1985	432	780	58596	0	61793
27243	60198	399	699	1914	0	63210
27244	1976	349	541	59694	0	62560
27245	938	425	498	60940	0	62801
27246	59862	438	504	2296	0	63100
27247	1897	57184	469	1209	0	60759
27248	921	1591	449	60116	0	63077
27249	60757	663	485	2018	0	63923
27250	62980	643	457	1047	0	65127
27251	2074	544	464	60845	0	63927
27252	1045	483	481	63492	0	65501
27253	63767	491	438	2274	0	66970
27254	2075	435	469	64394	0	67373
27255	897	445	497	64223	0	66062
27256	61907	439	435	2405	0	65186
27257	1911	783	374	57509	0	60577
27258	673	292	52464	2002	0	55431
27259	49636	210	1405	952	0	52203
27260	1823	293	52238	675	0	55029
27261	507	201	46376	381	0	47465
27262	43734	135	938	266	0	45073
27263	830	43346	406	244	0	44826
27264	273	584	328	43931	0	45116
27265	609	121	366	43570	0	44666
27266	180	98	94	44867	0	45239
27267	166	61	49	46949	0	47225
27268	46705	64	76	1118	0	47963
27269	48176	72	59	389	0	48696
27270	50567	50	71	342	0	51030
27271	1380	77	53907	214	0	55578
27272	469	60	1391	58507	0	60427
27273	338	75	528	60305	0	61246
27274	275	74	313	57278	0	57940
27275	227	56033	230	2440	0	58930
27276	227	60042	163	1118	0	61550
27277	58940	2223	136	723	0	62022
27278	1858	903	77	60067	0	62905
27279	803	442	97	65536	0	66878
27280	506	249	101	68350	0	69206
27281	364	259	63105	3346	0	67074
27282	382	261	61866	1498	0	64007
27283	62389	147	2657	977	0	66170
27284	66813	166	1099	654	0	68732
27285	2913	185	617	63317	0	67032
27286	1179	64438	429	2329	0	68375
27287	784	2131	294	65252	0	68461
27288	529	767	212	66332	0	67840
27289	480	495	61367	3242	0	65584
27290	59690	241	2115	1624	0	63670
27291	2308	197	827	65892	0	69224
27292	1002	139	544	65955	0	67640
27293	61707	113	358	3574	0	65752
27294	2607	62577	326	1768	0	67278
27295	65510	2469	279	1166	0	69424
27296	3089	1022	236	63520	0	67867
27297	1235	61533	197	2929	0	65894
27298	63309	2618	199	1347	0	67473
27299	3137	1039	191	62738	0	67105
27300	61485	621	173	3190	0	65469
27301	61082	364	199	1569	0	63214
27302	60723	316	227	1071	0	62337
27303	3900	57769	229	842	0	62740
27304	1844	58870	232	756	0	61702
27305	1194	3202	190	55647	0	60233
27306	882	57628	198	2868	0	61576
27307	58728	3057	161	1322	0	63268
27308	2984	1252	213	58816	0	63265
27309	59131	837	213	3085	0	63266
27310	61095	530	222	1541	0	63388
27311	3936	442	209	57735	0	62322
27312	1890	430	211	61159	0	63690
27313	59437	465	165	4067	0	64134
27314	59892	463	198	2096	0	62649
27315	62202	481	196	1458	0	64337
27316	62329	453	158	1220	0	64160
27317	62824	440	148	1175	0	64587
27318	4602	414	142	59806	0	64964
27319	2369	471	177	61721	0	64738
27320	1713	474	181	63505	0	65873
27321	60513	374	202	4574	0	65663
27322	3638	365	202	59521	0	63726
27323	1994	58224	195	4016	0	64429
27324	1483	2744	187	61619	0	66033
27325	59608	1164	259	4039	0	65070
27326	61636	842	312	1972	0	64762
27327	4348	614	56748	1465	0	63175
27328	2303	521	2479	54996	0	60299
27329	1641	57282	975	3267	0	63165
27330	58268	2753	559	2226	0	63806
27331	3430	59406	335	1662	0	64833
27332	1776	3121	324	59335	0	64556
27333	59859	1297	277	3536	0	64969
27334	60161	852	247	1906	0	63166
27335	4408	58098	210	1493	0	64209
27336	2488	2831	160	59483	0	64962
27337	1831	1285	57147	3523	0	63786
27338	57098	894	2462	1824	0	62278
27339	3840	728	57922	1498	0	63988
27340	59087	603	2718	1236	0	63644
27341	61427	551	1056	1227	0	64261
27342	4345	562	558	58906	0	64371
27343	61584	585	312	3426	0	65907
27344	63772	623	275	1827	0	66497
27345	64278	633	243	1357	0	66511
27346	4867	560	213	61138	0	66778
27347	63024	532	273	3406	0	67235
27348	4132	529	311	62519	0	67491
27349	2262	562	360	62616	0	65800
27350	1906	59509	346	4062	0	65823
27351	1671	2709	279	58641	0	63300
27352	1586	58396	207	3430	0	63619
27353	58243	2820	138	1760	0	62961
27354	58401	1240	95	1435	0	61171
27355	4054	855	134	56698	0	61741
27356	2254	640	169	58804	0	61867
27357	57879	540	186	3998	0	62603
27358	3697	454	54280	2193	0	60624
27359	56538	429	2179	1441	0	60587
27360	3848	415	881	56228	0	61372
27361	2200	427	52703	3229	0	58559
27362	52746	398	2216	1800	0	57160
27363	56099	370	930	1472	0	58871
27364	4167	423	52438	1250	0	58278
27365	53737	301	2168	1130	0	57336
27366	3763	413	52599	1027	0	57802
27367	2149	51386	2242	964	0	56741
27368	52605	2227	1002	998	0	56832
27369	50593	1291	761	824	0	53469
27370	3288	47312	466	748	0	51814
27371	1518	42966	509	562	0	45555
27372	38876	1289	796	429	0	41390
27373	38704	464	135	369	0	39672
27374	1614	378	145	38103	0	40240
27375	863	291	36257	1245	0	38656
27376	709	281	34299	574	0	35863
27377	36924	223	1131	466	0	38744
27378	1529	242	36406	382	0	38559
27379	32958	643	828	590	0	35019
27380	1083	113	325	32703	0	34224
27381	635	96	202	33823	0	34756
27382	639	97	32894	1025	0	34655
27383	32785	100	746	612	0	34243
27384	1032	58	341	34024	0	35455
27385	624	70	245	35399	0	36338
27386	33983	105	191	1206	0	35485
27387	33683	96	172	532	0	34483
27388	33775	95	155	405	0	34430
27389	1187	33627	187	344	0	35345
27390	677	660	32695	270	0	34302
27391	31513	297	540	202	0	32552
27392	33185	153	257	218	0	33813
27393	929	31746	170	225	0	33070
27394	31218	357	103	134	0	31812
27395	484	130	66	30308	0	30988
27396	295	113	31050	411	0	31869
27397	30329	72	355	181	0	30937
27398	31287	82	229	132	0	31730
27399	31808	70	99	141	0	32118
27400	31692	54	95	134	0	31975
27401	611	67	88	31479	0	32245
27402	323	45	92	31906	0	32366
27403	32130	42	93	527	0	32792
27404	544	42	88	32124	0	32798
27405	317	44	87	32155	0	32603
27406	242	30426	132	536	0	31336
27407	289	341	72	31875	0	32577
27408	245	122	77	31746	0	32190
27409	236	79	71	32117	0	32503
27410	259	60	66	31887	0	32272
27411	227	30641	65	580	0	31513
27412	163	335	77	30915	0	31490
27413	170	146	51	29984	0	30351
27414	195	102	29031	528	0	29856
27415	187	90	26718	251	0	27246
27416	172	27143	346	190	0	27851
27417	32432	302	131	154	0	33019
27418	634	32213	120	191	0	33158
27419	238	640	83	35601	0	36562
27420	246	193	39068	809	0	40316
27421	41621	127	821	259	0	42828
27422	992	65	246	43852	0	45155
27423	43708	78	167	1049	0	45002
27424	44015	63	150	346	0	44574
27425	1167	44012	99	327	0	45605
27426	44662	922	101	242	0	45927
27427	1145	45787	101	211	0	47244
27428	419	1088	74	47109	0	48690
27429	312	47193	90	1190	0	48785
27430	297	1350	45315	379	0	47341
27431	192	47401	1089	293	0	48975
27432	209	1352	306	47689	0	49556
27433	45752	424	150	1181	0	47507
27434	1031	47593	156	442	0	49222
27435	369	1277	74	47666	0	49386
27436	233	447	54	50513	0	51247
27437	220	291	48391	1720	0	50622
27438	155	299	1304	48694	0	50452
27439	190	174	49062	1642	0	51068
27440	46291	123	1503	636	0	48553
27441	1573	141	48821	370	0	50905
27442	550	49201	1466	302	0	51519
27443	360	1440	460	49385	0	51645
27444	306	434	258	49238	0	50236
27445	268	294	177	50586	0	51325
27446	49421	234	137	1987	0	51779
27447	1550	229	96	48526	0	50401
27448	489	48773	139	1711	0	51112
27449	47957	1571	117	683	0	50328
27450	1491	46996	147	505	0	49139
27451	526	1674	101	48264	0	50565
27452	47720	590	117	1710	0	50137
27453	1617	46504	147	682	0	48950
27454	566	49179	118	482	0	50345
27455	49070	1865	130	395	0	51460
27456	50204	657	130	432	0	51423
27457	1969	428	48412	378	0	51187
27458	49592	303	1546	346	0	51787
27459	1911	309	51342	310	0	53872
27460	724	293	1735	52077	0	54829
27461	529	260	51656	1769	0	54214
27462	398	264	1754	51899	0	54315
27463	388	246	52128	2026	0	54788
27464	353	237	1728	50616	0	52934
27465	284	246	622	52606	0	53758
27466	50349	285	360	2557	0	53551
27467	1794	257	49564	1006	0	52621
27468	48240	282	1736	663	0	50921
27469	1979	298	49392	544	0	52213
27470	808	297	49641	395	0	51141
27471	477	399	1928	48112	0	50916
27472	49293	276	695	1781	0	52045
27473	1720	48164	438	800	0	51122
27474	48495	1634	353	544	0	51026
27475	49394	587	324	490	0	50795
27476	2126	48300	341	432	0	51199
27477	48889	1710	316	366	0	51281
27478	2088	677	49915	342	0	53022
27479	863	397	1701	50025	0	52986
27480	50850	297	645	1821	0	53613
27481	1804	49961	501	788	0	53054
27482	720	1672	352	49789	0	52533
27483	533	591	334	50923	0	52381
27484	486	388	303	51338	0	52515
27485	449	321	353	52211	0	53334
27486	50627	258	302	2423	0	53610
27487	51950	247	369	1056	0	53622
27488	52067	288	331	742	0	53428
27489	51092	233	357	635	0	52317
27490	2492	286	48883	523	0	52184
27491	48415	271	1680	523	0	50889
27492	50597	268	625	465	0	51955
27493	2408	48340	423	730	0	51901
27494	1161	51221	359	466	0	53207
27495	844	2007	307	49603	0	52761
27496	727	763	351	50416	0	52257
27497	615	529	47605	2393	0	51142
27498	575	48403	1651	1033	0	51662
27499	512	1708	669	47679	0	50568
27500	488	48455	471	1843	0	51257
27501	479	1746	337	49626	0	52188
27502	478	688	315	49528	0	51009
27503	539	49505	330	2675	0	53049
27504	526	1794	278	51255	0	53853
27505	547	653	50766	2194	0	54160
27506	599	423	51016	1008	0	53046
27507	48562	308	2192	745	0	51807
27508	52439	292	830	637	0	54198
27509	2289	51102	611	509	0	54511
27510	52955	1737	430	494	0	55616
27511	2228	715	385	52136	0	55464
27512	52057	504	289	1973	0	54823
27513	2126	51804	312	1163	0	55405
27514	1319	1762	51477	713	0	55271
27515	50983	709	2022	616	0	54330
27516	2202	578	55959	547	0	59286
27517	872	394	51980	449	0	53695
27518	656	342	51960	429	0	53387
27519	501	48883	1725	458	0	51567
27520	44616	1579	2026	335	0	48556
27521	43954	455	443	304	0	45156
27522	1351	296	259	44012	0	45918
27523	642	467	237	43392	0	44738
27524	458	45350	254	1267	0	47329
27525	46574	907	230	570	0	48281
27526	1116	45452	278	383	0	47229
27527	516	44575	235	297	0	45623
27528	44244	876	481	223	0	45824
27529	865	560	525	42891	0	44841
27530	405	222	192	43462	0	44281
27531	330	184	135	45425	0	46074
27532	276	44280	144	1017	0	45717
27533	44822	686	132	402	0	46042
27534	830	316	119	43764	0	45029
27535	405	42369	121	785	0	43680
27536	262	41913	104	305	0	42584
27537	204	666	105	41701	0	42676
27538	190	41594	107	613	0	42504
27539	189	630	67	41283	0	42169
27540	40589	237	79	559	0	41464
27541	540	177	40620	280	0	41617
27542	236	41455	423	236	0	42350
27543	144	484	124	42878	0	43630
27544	179	199	43558	496	0	44432
27545	40784	248	515	237	0	41784
27546	567	125	215	45164	0	46071
27547	44108	87	93	546	0	44834
27548	43626	98	83	274	0	44081
27549	715	46548	134	300	0	47697
27550	48872	501	81	146	0	49600
27551	47610	242	74	130	0	48056
27552	48433	146	62	100	0	48741
27553	800	130	50	46793	0	47773
27554	374	132	52	46876	0	47434
27555	233	108	45	47846	0	48232
27556	223	116	46801	789	0	47929
27557	166	45889	494	407	0	46956
27558	46551	474	181	204	0	47410
27559	494	45424	104	190	0	46212
27560	216	570	59	46058	0	46903
27561	165	227	45562	481	0	46435
27562	39035	152	587	295	0	40069
27563	444	46382	183	137	0	47146
27564	221	461	68	47279	0	48029
27565	145	198	61	47620	0	48024
27566	159	128	46978	610	0	47875
27567	102	45524	416	618	0	46660
27568	82	452	156	48286	0	48976
27569	99	192	82	48143	0	48516
27570	96	132	59	47516	0	47803
27571	46583	99	81	666	0	47429
27572	495	119	46054	324	0	46992
27573	217	45427	430	279	0	46353
27574	47079	431	169	168	0	47847
27575	448	46029	107	173	0	46757
27576	231	504	75	46716	0	47526
27577	135	45746	98	933	0	46912
27578	45306	469	34	234	0	46043
27579	45602	219	71	152	0	46044
27580	610	174	67	45387	0	46238
27581	285	131	46	46295	0	46757
27582	175	123	48	48025	0	48371
27583	178	105	46939	758	0	47980
27584	143	48268	499	390	0	49300
27585	136	511	190	56022	0	56859
27586	107	241	87	57716	0	58151
27587	112	142	80	58730	0	59064
27588	112	112	80	58834	0	59138
27589	148	221	57493	1497	0	59359
27590	130	62450	943	731	0	64254
27591	148	1308	359	66468	0	68283
27592	112	590	144	72637	0	73483
27593	144	373	70060	2131	0	72708
27594	131	223	1397	68462	0	70213
27595	122	67973	662	1819	0	70576
27596	111	71043	333	1139	0	72626
27597	127	1983	204	71218	0	73532
27598	159	903	68032	1892	0	70986
27599	58922	524	1563	1205	0	62214
27600	1383	67144	769	801	0	70097
27601	637	1603	66987	561	0	69788
27602	375	896	66090	841	0	68202
27603	220	64838	2112	602	0	67772
27604	344	1606	66530	462	0	68942
27605	157	918	1773	65776	0	68624
27606	66114	495	952	1592	0	69153
27607	65381	402	599	898	0	67280
27608	64639	401	481	580	0	66101
27609	68893	318	462	456	0	70129
27610	2287	68519	351	618	0	71775
27611	70498	1703	322	408	0	72931
27612	2205	70120	333	556	0	73214
27613	1224	2076	67845	435	0	71580
27614	777	945	1819	66495	0	70036
27615	560	69752	829	2106	0	73247
27616	502	2130	525	68418	0	71575
27617	65287	1163	429	2161	0	69040
27618	1861	694	433	63652	0	66640
27619	891	65519	436	2188	0	69034
27620	66931	2019	347	1171	0	70468
27621	2105	1122	64646	814	0	68687
27622	1137	633	1887	63751	0	67408
27623	704	552	907	66074	0	68237
27624	62247	559	559	2592	0	65957
27625	2032	61127	525	1490	0	65174
27626	1054	2027	60234	917	0	64232
27627	779	1148	1918	61105	0	64950
27628	635	711	61251	2331	0	64928
27629	608	59176	2112	1364	0	63260
27630	508	62532	991	975	0	65006
27631	60930	2474	655	1017	0	65076
27632	2044	1252	60446	757	0	64499
27633	61858	898	2034	673	0	65463
27634	2137	743	1074	59109	0	63063
27635	1102	61341	764	1965	0	65172
27636	61890	2186	604	1085	0	65765
27637	2176	1150	61534	907	0	65767
27638	1242	752	1948	61680	0	65622
27639	792	633	1062	62806	0	65293
27640	703	751	645	62329	0	64428
27641	697	60298	600	2821	0	64416
27642	58177	2043	627	1625	0	62472
27643	1962	58669	562	1258	0	62451
27644	972	58387	579	1277	0	61215
27645	999	2514	499	58608	0	62620
27646	58364	1494	715	2176	0	62749
27647	57725	965	532	1272	0	60494
27648	58283	886	500	943	0	60612
27649	2638	53754	563	823	0	57778
27650	1366	2166	448	54751	0	58731
27651	1086	1245	53107	2085	0	57523
27652	1013	823	1865	52794	0	56495
27653	871	798	1006	52843	0	55518
27654	863	53878	698	2750	0	58189
27655	54231	2137	541	1639	0	58548
27656	2116	1261	572	53011	0	56960
27657	1298	54247	575	2356	0	58476
27658	55432	2167	562	1441	0	59602
27659	2336	1396	53580	1119	0	58431
27660	52971	1043	1755	980	0	56749
27661	2355	55954	964	1014	0	60287
27662	57192	2251	648	822	0	60913
27663	56612	1285	567	793	0	59257
27664	2879	1130	54672	731	0	59412
27665	55678	994	1907	647	0	59226
27666	2645	863	56982	755	0	61245
27667	1700	805	57724	636	0	60865
27668	56039	723	2492	613	0	59867
27669	58040	726	1303	654	0	60723
27670	3086	761	57372	636	0	61855
27671	1808	541	2251	56048	0	60648
27672	1313	626	1310	56951	0	60200
27673	1152	59773	888	2467	0	64280
27674	62143	1985	737	1409	0	66274
27675	63206	1231	631	940	0	66008
27676	3050	866	61694	864	0	66474
27677	62037	783	1942	871	0	65633
27678	63827	827	964	767	0	66385
27679	3089	61832	797	687	0	66405
27680	1813	2048	654	61698	0	66213
27681	1490	1164	580	61997	0	65231
27682	1192	845	638	62479	0	65154
27683	60245	678	583	2607	0	64113
27684	2404	57300	499	1493	0	61696
27685	1165	2233	410	50854	0	54662
27686	985	50255	352	1714	0	53306
27687	702	2862	378	45971	0	49913
27688	716	47078	389	1393	0	49576
27689	692	48533	355	802	0	50382
27690	41513	1049	399	592	0	43553
27691	40554	423	340	315	0	41632
27692	805	606	120	35627	0	37158
27693	378	147	90	37225	0	37840
27694	266	141	95	38577	0	39079
27695	202	114	84	38365	0	38765
27696	182	97	102	38405	0	38786
27697	187	37054	103	923	0	38267
27698	194	608	88	39264	0	40154
27699	191	254	62	39716	0	40223
27700	38022	169	87	875	0	39153
27701	737	143	72	38933	0	39885
27702	318	127	64	40551	0	41060
27703	281	142	41780	940	0	43143
27704	162	151	598	40596	0	41507
27705	214	103	159	43887	0	44363
27706	192	106	42949	983	0	44230
27707	176	42288	687	539	0	43690
27708	166	797	45296	341	0	46600
27709	143	193	42788	176	0	43300
27710	72	39421	778	184	0	40455
27711	42450	484	399	91	0	43424
27712	42777	123	62	84	0	43046
27713	559	88	53	41080	0	41780
27714	44310	46	60	512	0	44928
27715	624	63	48175	200	0	49062
27716	206	38	530	47940	0	48714
27717	148	65	53369	650	0	54232
27718	75	45	600	52990	0	53710
27719	73	56	184	55112	0	55425
27720	61	51	110	56219	0	56441
27721	55269	29	55	924	0	56277
27722	649	48	63	55885	0	56645
27723	55533	44	84	795	0	56456
27724	55563	35	57	333	0	55988
27725	766	54691	126	274	0	55857
27726	57685	616	71	189	0	58561
27727	701	56442	89	201	0	57433
27728	273	673	98	56373	0	57417
27729	164	220	87	56831	0	57302
27730	146	139	86	57960	0	58331
27731	187	111	56562	1002	0	57862
27732	120	53695	697	510	0	55022
27733	139	749	241	54456	0	55585
27734	173	284	131	55078	0	55666
27735	109	55643	108	990	0	56850
27736	57822	702	84	351	0	58959
27737	781	55916	114	271	0	57082
27738	56097	768	65	199	0	57129
27739	798	56436	84	230	0	57548
27740	293	801	64	56374	0	57532
27741	175	56561	63	720	0	57519
27742	59619	767	55	342	0	60783
27743	60605	257	50	258	0	61170
27744	60115	155	58	214	0	60542
27745	59596	127	75	204	0	60002
27746	1060	134	57998	177	0	59369
27747	57293	137	670	174	0	58274
27748	59862	128	194	197	0	60381
27749	59416	128	132	198	0	59874
27750	1034	158	58159	224	0	59575
27751	57719	125	661	214	0	58719
27752	849	58445	255	260	0	59809
27753	61518	673	130	196	0	62517
27754	865	265	65859	195	0	67184
27755	65756	178	635	185	0	66754
27756	67705	98	195	204	0	68202
27757	902	128	135	66051	0	67216
27758	441	114	64643	786	0	65984
27759	64120	107	615	342	0	65184
27760	806	82	200	65547	0	66635
27761	362	80	147	65296	0	65885
27762	331	112	65888	909	0	67240
27763	58245	103	696	428	0	59472
27764	65644	77	240	280	0	66241
27765	857	64269	237	272	0	65635
27766	417	654	140	67968	0	69179
27767	291	265	108	67756	0	68420
27768	224	161	149	67412	0	67946
27769	228	65159	187	989	0	66563
27770	67407	684	142	387	0	68620
27771	809	229	122	66582	0	67742
27772	404	170	96	66759	0	67429
27773	65331	95	136	938	0	66500
27774	62989	105	115	434	0	63643
27775	933	107	157	63466	0	64663
27776	410	106	132	62920	0	63568
27777	334	134	60484	961	0	61913
27778	54939	106	693	534	0	56272
27779	864	59783	305	356	0	61308
27780	352	726	125	65172	0	66375
27781	358	224	86	67042	0	67710
27782	231	70519	159	1200	0	72109
27783	260	1230	68	74555	0	76113
27784	81217	501	114	1535	0	83367
27785	1770	303	94	100664	0	102831
27786	892	183	68	103520	0	104663
27787	484	234	57	108268	0	109043
27788	464	199	101078	5632	0	107373
27789	328	142	2929	103670	0	107069
27790	354	268	99336	4924	0	104882
27791	288	96471	3527	2661	0	102947
27792	210	2926	2350	101524	0	107010
27793	239	1382	1148	102928	0	105697
27794	206	822	544	105022	0	106594
27795	184	521	442	104566	0	105713
27796	181	372	275	106354	0	107182
27797	98557	214	246	6333	0	105350
27798	3137	295	95119	3492	0	102043
27799	1529	92990	2938	2310	0	99767
27800	873	101063	1454	1697	0	105087
27801	567	4226	857	100593	0	106243
27802	454	2122	560	102690	0	105826
27803	255	1220	502	101324	0	103301
27804	224	96850	317	5551	0	102942
27805	226	3295	275	101623	0	105419
27806	265	1745	94251	4889	0	101150
27807	145	93528	2765	2959	0	99397
27808	121	3245	1362	98386	0	103114
27809	94443	1732	819	4259	0	101253
27810	2853	963	513	97283	0	101612
27811	1500	671	428	98122	0	100721
27812	910	90446	372	5213	0	96941
27813	614	96555	328	3082	0	100579
27814	462	3976	223	95709	0	100370
27815	264	2137	156	94590	0	97147
27816	248	1285	87610	5429	0	94572
27817	218	851	2647	87367	0	91083
27818	154	692	1427	89521	0	91794
27819	149	475	954	88977	0	90555
27820	124	506	671	91077	0	92378
27821	85058	398	623	6141	0	92220
27822	85477	441	359	3865	0	90142
27823	4114	328	281	87707	0	92430
27824	2252	266	264	92508	0	95290
27825	87303	276	244	6304	0	94127
27826	3750	308	249	91884	0	96191
27827	2068	399	85632	5919	0	94018
27828	1180	86243	3089	3855	0	94367
27829	879	3038	1770	90536	0	96223
27830	735	1672	1121	93567	0	97095
27831	89461	1164	861	6239	0	97725
27832	3174	877	704	93205	0	97960
27833	1692	804	344	96702	0	99542
27834	93953	471	300	7040	0	101764
27835	3880	517	329	96095	0	100821
27836	2213	92793	359	6094	0	101459
27837	1307	3430	351	101029	0	106117
27838	1051	2335	358	104560	0	108304
27839	947	1255	387	103406	0	105995
27840	665	955	390	105513	0	107523
27841	572	1143	95462	7792	0	104969
27842	480	847	94688	4951	0	100966
27843	330	788	4685	97628	0	103431
27844	319	732	2330	98662	0	102043
27845	262	95447	1465	7227	0	104401
27846	346	3810	1126	97444	0	102726
27847	404	96041	1010	6308	0	103763
27848	94435	4500	671	4585	0	104191
27849	3643	100943	636	3225	0	108447
27850	1912	4979	472	103554	0	110917
27851	1195	2583	293	106688	0	110759
27852	970	1792	97035	7390	0	107187
27853	91661	1125	3468	4667	0	100921
27854	93823	1155	1821	3385	0	100184
27855	5142	92926	1179	3226	0	102473
27856	2746	3947	990	92506	0	100189
27857	1759	2194	94836	5126	0	103915
27858	1251	97273	3782	3662	0	105968
27859	97306	4382	1919	2863	0	106470
27860	99869	2536	1149	2470	0	106024
27861	5854	1443	92268	2625	0	102190
27862	97380	1115	3852	2144	0	104491
27863	5683	1102	1823	96437	0	105045
27864	3245	95066	1233	5293	0	104837
27865	96823	4069	940	3291	0	105123
27866	4898	2139	852	95621	0	103510
27867	95785	1462	589	5604	0	103440
27868	99227	1098	594	3737	0	104656
27869	6303	1123	497	97235	0	105158
27870	3542	827	92558	6015	0	102942
27871	95243	747	3645	4058	0	103693
27872	100195	708	1894	2763	0	105560
27873	99623	695	1164	2519	0	104001
27874	6637	98448	923	2495	0	108503
27875	3826	3979	816	100033	0	108654
27876	2489	2174	518	106764	0	111945
27877	2015	1559	98594	7185	0	109353
27878	1476	1436	3712	101161	0	107785
27879	1134	99373	2032	6510	0	109049
27880	96847	4155	1168	4078	0	106248
27881	4312	97767	962	3262	0	106303
27882	2265	4251	89945	2251	0	98712
27883	1515	93514	3781	2083	0	100893
27884	1051	90939	1812	1671	0	95473
27885	1212	2212	466	68045	0	71935
27886	66679	1118	1292	2318	0	71407
27887	66289	453	313	925	0	67980
27888	64799	483	203	648	0	66133
27889	2181	64640	249	556	0	67626
27890	1079	1730	63591	599	0	66999
27891	64807	760	1447	510	0	67524
27892	67865	459	614	445	0	69383
27893	2368	66004	329	531	0	69232
27894	68626	1822	259	524	0	71231
27895	2256	730	410	68116	0	71512
27896	1240	567	70305	1855	0	73967
27897	71312	353	1609	855	0	74129
27898	73482	551	653	554	0	75240
27899	75692	455	385	476	0	77008
27900	2440	363	282	73268	0	76353
27901	1299	370	364	75328	0	77361
27902	896	405	271	79250	0	80822
27903	743	76709	296	2906	0	80654
27904	808	2262	216	83511	0	86797
27905	697	922	226	89975	0	91820
27906	711	736	86128	3541	0	91116
27907	655	462	2552	87815	0	91484
27908	582	630	841	91126	0	93179
27909	653	442	506	90401	0	92002
27910	629	387	336	90176	0	91528
27911	693	85667	495	4017	0	90872
27912	719	2787	307	89387	0	93200
27913	642	1019	317	91044	0	93022
27914	87587	703	435	4402	0	93127
27915	3191	569	85238	2077	0	91075
27916	1396	659	83810	1435	0	87300
27917	82213	443	3346	1328	0	87330
27918	88475	555	1188	1147	0	91365
27919	4040	620	733	74953	0	80346
27920	1532	84459	614	2751	0	89356
27921	87189	2873	648	1250	0	91960
27922	3579	1003	434	84315	0	89331
27923	1682	85463	484	3256	0	90885
27924	85526	2595	377	1301	0	89799
27925	2952	84626	387	1117	0	89082
27926	84318	2804	307	923	0	88352
27927	82980	1033	260	884	0	85157
27928	3440	79614	347	815	0	84216
27929	1604	2666	260	81461	0	85991
27930	1204	1135	78518	3019	0	83876
27931	882	768	2436	78127	0	82213
27932	78817	637	736	3312	0	83502
27933	3053	672	74760	1539	0	80024
27934	1225	72419	2193	1293	0	77130
27935	915	2642	769	73891	0	78217
27936	854	1106	70649	2737	0	75346
27937	640	69921	2203	1402	0	74166
27938	69900	2270	781	1019	0	73970
27939	2398	900	628	69717	0	73643
27940	1041	627	609	70334	0	72611
27941	796	577	515	69427	0	71315
27942	721	68644	433	3157	0	72955
27943	69685	2195	394	1499	0	73773
27944	2204	68784	396	1280	0	72664
27945	958	70469	348	988	0	72763
27946	71730	2501	295	807	0	75333
27947	71766	1102	240	768	0	73876
27948	2798	866	68177	711	0	72552
27949	64803	677	1898	649	0	68027
27950	66676	682	635	626	0	68619
27951	3086	575	482	64638	0	68781
27952	1518	632	63482	2267	0	67899
27953	1085	625	1879	63985	0	67574
27954	65157	434	708	2783	0	69082
27955	2640	470	64203	1104	0	68417
27956	1265	401	2039	68377	0	72082
27957	1165	413	838	73456	0	75872
27958	811	436	664	84155	0	86066
27959	82599	467	414	4670	0	88150
27960	3723	83898	498	2100	0	90219
27961	85796	3718	505	1311	0	91330
27962	4372	1152	81991	1048	0	88563
27963	1486	680	3560	81051	0	86777
27964	980	84578	1130	4010	0	90698
27965	86766	3770	662	1631	0	92829
27966	4075	1188	474	87456	0	93193
27967	1519	867	83270	4485	0	90141
27968	999	613	3431	85807	0	90850
27969	82281	562	1263	4641	0	88747
27970	3797	81610	787	2198	0	88392
27971	1432	3812	517	76101	0	81862
27972	958	81451	504	3921	0	86834
27973	81050	3926	441	1721	0	87138
27974	79918	1292	371	1275	0	82856
27975	4448	78072	429	1113	0	84062
27976	78266	3628	381	906	0	83181
27977	4226	1346	371	72646	0	78589
27978	1532	74920	371	3632	0	80455
27979	75741	3726	368	1277	0	81112
27980	78124	1329	330	960	0	80743
27981	4565	71371	363	812	0	77111
27982	1861	73528	321	671	0	76381
27983	72608	3938	271	567	0	77384
27984	4020	1446	257	71777	0	77500
27985	72547	1005	268	3542	0	77362
27986	4177	795	189	72107	0	77268
27987	1674	775	68462	3872	0	74783
27988	1304	686	2868	72001	0	76859
27989	71459	670	744	3996	0	76869
27990	4074	704	71042	1377	0	77197
27991	1556	637	3176	71323	0	76692
27992	1162	626	883	76596	0	79267
27993	1009	580	71241	4483	0	77313
27994	68451	472	3299	1781	0	74003
27995	3831	546	1044	71827	0	77248
27996	1453	628	65274	3966	0	71321
27997	60452	483	3360	1488	0	65783
27998	3385	64254	1132	1322	0	70093
27999	1255	64999	857	1090	0	68201
28000	1010	66397	684	999	0	69090
28001	905	3902	60187	937	0	65931
28002	714	1392	2739	59229	0	64074
28003	597	783	56990	3358	0	61728
28004	739	1714	2511	51760	0	56724
28005	425	48899	1144	2850	0	53318
28006	471	50779	497	1027	0	52774
28007	370	2626	309	49344	0	52649
28008	48952	923	297	2667	0	52839
28009	2254	605	293	49909	0	53061
28010	782	423	274	50358	0	51837
28011	538	48487	334	2877	0	52236
28012	47902	2148	249	1138	0	51437
28013	2243	48282	232	788	0	51545
28014	891	2418	230	49525	0	53064
28015	608	955	232	50015	0	51810
28016	521	48694	255	2886	0	52356
28017	512	2388	252	50453	0	53605
28018	49342	858	237	3011	0	53448
28019	2531	771	207	50188	0	53697
28020	1163	753	217	50855	0	52988
28021	989	48909	303	2969	0	53170
28022	876	2430	391	52306	0	56003
28023	50210	1078	338	3013	0	54639
28024	51159	821	293	1425	0	53698
28025	52310	743	273	1156	0	54482
28026	3333	701	265	50697	0	54996
28027	1512	717	47622	2972	0	52823
28028	1251	651	48617	1375	0	51894
28029	1093	671	2418	50627	0	54809
28030	51128	810	822	2953	0	55713
28031	2787	820	448	51615	0	55670
28032	53812	784	322	3147	0	58065
28033	3235	675	306	53871	0	58087
28034	1655	593	316	57155	0	59719
28035	55807	696	331	3318	0	60152
28036	3181	677	51969	1562	0	57389
28037	53802	694	2219	1190	0	57905
28038	3171	716	53321	1028	0	58236
28039	1613	540	2356	54195	0	58704
28040	54952	501	865	2937	0	59255
28041	3163	549	53829	1368	0	58909
28042	1533	630	54731	981	0	57875
28043	53794	582	2891	925	0	58192
28044	3143	534	53594	996	0	58267
28045	1465	53029	2701	1021	0	58216
28046	1120	2419	1052	57681	0	62272
28047	64329	856	836	3226	0	69247
28048	2962	559	62129	1575	0	67225
28049	63242	382	2744	1283	0	67651
28050	66216	342	1276	1086	0	68920
28051	66341	354	910	1147	0	68752
28052	66384	383	777	1129	0	68673
28053	3568	467	768	61466	0	66269
28054	1541	61821	701	2996	0	67059
28055	62604	2507	654	1503	0	67268
28056	3011	833	56425	1085	0	61354
28057	949	47309	1489	631	0	50378
28058	42832	883	365	382	0	44462
28059	920	38177	331	289	0	39717
28060	364	40501	171	200	0	41236
28061	977	732	301	40373	0	42383
28062	475	234	370	40288	0	41367
28063	190	150	129	40487	0	40956
28064	40992	101	109	813	0	42015
28065	40935	91	80	363	0	41469
28066	931	79	122	41557	0	42689
28067	409	64	123	43996	0	44592
28068	316	87	44185	1171	0	45759
28069	42727	70	988	617	0	44402
28070	46993	84	357	243	0	47677
28071	1352	80	188	46482	0	48102
28072	546	56	160	47814	0	48576
28073	362	75	46719	1432	0	48588
28074	291	57	1063	46486	0	47897
28075	316	67	47378	1301	0	49062
28076	274	44365	1173	608	0	46420
28077	306	974	47318	305	0	48903
28078	221	326	1179	44979	0	46705
28079	238	200	50096	1163	0	51697
28080	228	172	48397	464	0	49261
28081	48843	129	1834	260	0	51066
28082	1394	155	514	54008	0	56071
28083	516	109	54210	1269	0	56104
28084	49041	108	1402	520	0	51071
28085	1462	142	54786	330	0	56720
28086	627	146	61298	281	0	62352
28087	382	60751	1645	298	0	63076
28088	275	1219	669	62944	0	65107
28089	279	412	63344	1392	0	65427
28090	297	233	60997	489	0	62016
28091	255	145	1581	59549	0	61530
28092	252	116	591	60346	0	61305
28093	235	60615	398	1468	0	62716
28094	275	1223	292	63585	0	65375
28095	65595	377	264	1523	0	67759
28096	65438	208	262	700	0	66608
28097	66630	164	246	474	0	67514
28098	1846	265	251	65294	0	67656
28099	759	66217	312	1509	0	68797
28100	67401	1281	286	625	0	69593
28101	1441	67120	334	439	0	69334
28102	559	67008	294	400	0	68261
28103	379	69298	321	360	0	70358
28104	71264	1611	319	320	0	73514
28105	1410	597	329	68726	0	71062
28106	615	351	284	69242	0	70492
28107	369	67958	299	2375	0	71001
28108	68890	1340	344	677	0	71251
28109	1528	490	68758	473	0	71249
28110	594	287	1376	69101	0	71358
28111	70598	240	608	1501	0	72947
28112	1466	70314	456	670	0	72906
28113	76294	1368	339	445	0	78446
28114	1553	467	302	75498	0	77820
28115	614	75912	404	1400	0	78330
28116	492	1411	74650	617	0	77170
28117	73281	472	1338	487	0	75578
28118	1486	349	511	78346	0	80692
28119	80372	293	336	1556	0	82557
28120	1555	227	310	78781	0	80873
28121	698	76666	330	1610	0	79304
28122	535	1317	80570	696	0	83118
28123	491	580	79802	524	0	81397
28124	331	716	1553	79983	0	82583
28125	83153	250	559	1433	0	85395
28126	82896	215	386	592	0	84089
28127	1625	205	322	81334	0	83486
28128	661	192	269	82407	0	83529
28129	84838	189	277	1726	0	87030
28130	1500	198	266	85529	0	87493
28131	86372	166	293	1702	0	88533
28132	1482	81984	324	770	0	84560
28133	83069	1290	310	496	0	85165
28134	1644	513	83612	466	0	86235
28135	654	324	1523	83102	0	85603
28136	482	263	560	84731	0	86036
28137	442	213	474	85547	0	86676
28138	378	81360	429	1895	0	84062
28139	433	81788	376	982	0	83579
28140	363	1610	305	85563	0	87841
28141	294	613	83847	1862	0	86616
28142	268	369	1421	83359	0	85417
28143	295	506	591	85312	0	86704
28144	291	82530	482	1821	0	85124
28145	82297	1354	417	727	0	84795
28146	1312	79258	365	625	0	81560
28147	514	77986	350	509	0	79359
28148	438	1604	367	79218	0	81627
28149	408	535	470	79406	0	80819
28150	354	395	254	78546	0	79549
28151	356	293	236	79919	0	80804
28152	78729	230	293	1858	0	81110
28153	1296	76817	327	830	0	79270
28154	80015	1271	300	570	0	82156
28155	82231	478	326	477	0	83512
28156	1557	406	236	81013	0	83212
28157	649	352	164	81752	0	82917
28158	81708	251	216	1737	0	83912
28159	82035	264	245	813	0	83357
28160	1598	261	155	79920	0	81934
28161	706	285	80	80783	0	81854
28162	560	275	80376	1752	0	82963
28163	418	75729	1088	894	0	78129
28164	403	81152	310	609	0	82474
28165	80697	1202	168	411	0	82478
28166	1270	483	81611	365	0	83729
28167	365	405	76917	301	0	77988
28168	71024	323	1323	287	0	72957
28169	75388	115	320	163	0	75986
28170	711	79254	235	216	0	80416
28171	316	82760	129	200	0	83405
28172	251	748	45	85824	0	86868
28173	89419	281	46	686	0	90432
28174	88692	199	55	300	0	89246
28175	90121	135	47	280	0	90583
28176	825	121	52	88250	0	89248
28177	359	112	36	89869	0	90376
28178	479	165	87762	811	0	89217
28179	231	228	80636	399	0	81494
28180	220	146	85508	311	0	86185
28181	141	1513	541	80414	0	82609
28182	82049	67	150	446	0	82712
28183	434	93	82779	201	0	83507
28184	168	85	352	81363	0	81968
28185	154	82423	204	470	0	83251
28186	142	388	101	81764	0	82395
28187	116	108	65	80768	0	81057
28188	132	111	81808	593	0	82644
28189	88	79	450	79399	0	80016
28190	86326	73	161	664	0	87224
28191	991	141	91851	263	0	93246
28192	356	281	953	91192	0	92782
28193	298	129	96383	1104	0	97914
28194	201	92950	1429	555	0	95135
28195	290	1298	96262	341	0	98191
28196	134	417	1518	90609	0	92678
28197	102	271	540	97134	0	98047
28198	147	231	100436	1766	0	102580
28199	112	176	1417	97463	0	99168
28200	126	162	575	98554	0	99417
28201	102	96690	463	1929	0	99184
28202	170	1427	99629	916	0	102142
28203	106	461	1510	98770	0	100847
28204	123	332	557	101640	0	102652
28205	93	100461	468	1993	0	103015
28206	96	1595	276	105338	0	107305
28207	105376	493	268	1965	0	108102
28208	1504	370	203	105215	0	107292
28209	514	271	105799	2043	0	108627
28210	104248	212	1611	888	0	106959
28211	114196	176	577	708	0	115657
28212	2486	200	117257	496	0	120439
28213	110351	140	2001	481	0	112973
28214	2312	113691	926	513	0	117442
28215	1006	1858	544	119957	0	123365
28216	631	701	352	139470	0	141154
28217	424	481	320	139296	0	140521
28218	340	297	264	142063	0	142964
28219	275	253	219	144338	0	145085
28220	141120	156	208	5278	0	146762
28221	3415	242	135834	2405	0	141896
28222	131313	129	3281	1680	0	136403
28223	3869	210	134532	1394	0	140005
28224	1604	152	3582	135225	0	140563
28225	136414	158	1507	4066	0	142145
28226	3845	152	939	134978	0	139914
28227	1778	136023	834	3981	0	142616
28228	144707	3121	764	1903	0	150495
28229	3892	1185	545	150424	0	156046
28230	1733	638	145748	4289	0	152408
28231	136497	436	3296	2342	0	142571
28232	3880	150701	1384	2059	0	158024
28233	1854	3348	155512	1462	0	162176
28234	1325	1360	3853	153167	0	159705
28235	1134	1033	1820	152092	0	156079
28236	983	152708	1238	5068	0	159997
28237	970	3615	153652	2441	0	160678
28238	813	1416	3915	153655	0	159799
28239	763	939	159913	5046	0	166661
28240	679	686	4263	157660	0	163288
28241	627	700	1863	162963	0	166153
28242	811	595	158111	6451	0	165968
28243	738	499	4297	159198	0	164732
28244	895	652	2430	150089	0	154066
28245	1114	458	1586	170629	0	173787
28246	852	464	1653	172960	0	175929
28247	165668	375	1272	7513	0	174828
28248	4559	481	160372	4187	0	169599
28249	167158	497	4592	3245	0	175492
28250	5589	537	2261	175172	0	183559
28251	2426	470	1754	180250	0	184900
28252	1867	746	1346	179431	0	183390
28253	1835	172456	1279	7417	0	182987
28254	177518	4364	1125	5125	0	188132
28255	5035	1898	1453	187821	0	196207
28256	2701	184625	1173	6375	0	194874
28257	1374	4768	1214	193746	0	201102
28258	192420	2074	1398	6947	0	202839
28259	187547	1454	1020	4438	0	194459
28260	189036	1251	1221	3478	0	194986
28261	6393	185017	1419	2941	0	195770
28262	3053	4451	187038	2987	0	197529
28263	185716	2140	4771	2935	0	195562
28264	196524	1283	2727	2661	0	203195
28265	6496	191074	1737	3356	0	202663
28266	196616	4729	1385	3011	0	205741
28267	194783	2139	1560	2583	0	201065
28268	198949	1361	993	3031	0	204334
28269	7438	199772	1262	3466	0	211938
28270	3890	4790	1101	209547	0	219328
28271	212915	2174	833	6760	0	222682
28272	218375	1394	851	3730	0	224350
28273	215874	1065	1021	3075	0	221035
28274	218743	1082	657	2662	0	223144
28275	8605	1148	886	212094	0	222733
28276	4779	1178	207042	6790	0	219789
28277	3609	996	4773	209795	0	219173
28278	3073	212197	1988	7033	0	224291
28279	3068	5318	1197	223787	0	233370
28280	2844	2514	220195	7764	0	233317
28281	225102	1928	5427	3815	0	236272
28282	7372	1300	2251	234697	0	245620
28283	234583	1590	1525	7220	0	244918
28284	236278	1345	1329	4095	0	243047
28285	9903	1086	1129	241226	0	253344
28286	5309	1334	245716	7146	0	259505
28287	4397	1411	226920	3581	0	236309
28288	223204	1132	6540	2646	0	233522
28289	7878	237988	3039	2620	0	251525
28290	4205	239501	1931	2162	0	247799
28291	3698	242368	1492	2236	0	249794
28292	3218	248781	1481	2150	0	255630
28293	244492	6823	2859	1805	0	255979
28294	248203	2970	1089	1665	0	253927
28295	248212	1798	858	1909	0	252777
28296	250103	1776	802	1719	0	254400
28297	7783	1613	801	239828	0	250025
28298	4632	237859	949	5171	0	248611
28299	243246	4609	877	2712	0	251444
28300	6758	2305	239859	2380	0	251302
28301	3931	236585	4697	2347	0	247560
28302	3234	4486	240068	2409	0	250197
28303	235894	2427	4781	1924	0	245026
28304	246074	1641	2304	2211	0	252230
28305	243681	1708	1793	1726	0	248908
28306	7390	1437	1278	245401	0	255506
28307	4005	1252	244864	5440	0	255561
28308	3605	239801	4620	2743	0	250769
28309	240977	4248	2070	2570	0	249865
28310	6094	240036	1384	2271	0	249785
28311	3611	234197	1248	1842	0	240898
28312	2745	237950	1184	1637	0	243516
28313	2613	238505	1103	1668	0	243889
28314	2469	5955	224404	1121	0	233949
28315	2244	229679	3758	1366	0	237047
28316	213203	2769	1314	903	0	218189
28317	2928	1182	510	212104	0	216724
28318	1541	892	390	216469	0	219292
28319	215828	677	493	2815	0	219813
28320	2923	207929	567	1458	0	212877
28321	1736	2599	213703	841	0	218879
28322	1287	1148	2195	211091	0	215721
28323	1196	890	849	217615	0	220550
28324	1145	779	594	219787	0	222305
28325	1139	821	217598	2995	0	222553
28326	1127	864	214654	1234	0	217879
28327	1176	1479	2616	211950	0	217221
28328	1332	621	215019	2501	0	219473
28329	1186	791	199257	1113	0	202347
28330	162127	830	3491	1163	0	167611
28331	2699	195109	1334	847	0	199989
28332	1177	192269	697	695	0	194838
28333	1199	210828	591	705	0	213323
28334	955	2753	473	209254	0	213435
28335	878	210904	614	1847	0	214243
28336	217400	2742	652	893	0	221687
28337	2538	1172	211595	733	0	216038
28338	207967	814	2305	663	0	211749
28339	2841	666	870	217785	0	222162
28340	1278	654	682	220561	0	223175
28341	961	223508	693	3669	0	228831
28342	229803	2707	666	1295	0	234471
28343	227809	1123	1119	847	0	230898
28344	3921	248620	663	1854	0	255058
28345	1453	3543	357	247592	0	252945
28346	1066	1454	251406	3830	0	257756
28347	964	1159	251878	1451	0	255452
28348	758	253202	5220	1269	0	260449
28349	259610	4053	1770	882	0	266315
28350	4972	1895	260786	400	0	268053
28351	1899	976	4557	257259	0	264691
28352	263974	766	1818	4469	0	271027
28353	266786	670	1137	1679	0	270272
28354	6183	325473	1137	1066	0	333859
28355	2532	344542	931	891	0	348896
28356	347800	10036	775	529	0	359140
28357	9184	4400	341084	563	0	355231
28358	342421	2485	8585	601	0	354092
28359	352453	1271	3045	603	0	357372
28360	11767	1204	2083	344532	0	359586
28361	5141	1139	344727	8923	0	359930
28362	3261	1128	342791	2934	0	350114
28363	326236	802	11875	2156	0	341069
28364	10452	1223	342264	1074	0	355013
28365	321489	977	10869	850	0	334185
28366	341008	966	4045	750	0	346769
28367	11999	332855	3149	1224	0	349227
28368	6067	8984	330676	726	0	346453
28369	3809	327448	9967	890	0	342114
28370	329447	10086	4367	729	0	344629
28371	10640	4272	325109	609	0	340630
28372	5019	3227	9910	311570	0	329726
28373	3862	2041	324917	8637	0	339457
28374	2918	1272	325743	3136	0	333069
28375	3127	1175	327214	1977	0	333493
28376	2864	1272	322421	1324	0	327881
28377	2332	302118	14547	1497	0	320494
28378	2541	9169	306355	860	0	318925
28379	2666	295985	12241	1178	0	312070
28380	2709	10316	301454	956	0	315435
28381	293082	4097	12124	706	0	310009
28382	11224	3476	5550	262364	0	282614
28383	4849	296373	4701	7158	0	313081
28384	299992	9349	3902	2607	0	315850
28385	298097	4448	4154	1886	0	308585
28386	287502	3625	3799	1281	0	296207
28387	290281	2537	4313	817	0	297948
28388	14135	283458	4049	1939	0	303581
28389	283221	9414	3736	1130	0	297501
28390	286161	4580	4211	1172	0	296124
28391	13273	270672	4129	2363	0	290437
28392	6932	10374	261093	1032	0	279431
28393	4980	5256	11690	256157	0	278083
28394	3945	268516	6885	7982	0	287328
28395	3627	10678	269485	3323	0	287113
28396	4149	5373	268936	2506	0	280964
28397	4070	261477	14632	1689	0	281868
28398	4082	268701	7814	1792	0	282389
28399	4202	283247	6035	1516	0	295000
28400	4336	288832	4349	1377	0	298894
28401	276160	15844	4292	1118	0	297414
28402	279218	8626	4004	1222	0	293070
28403	16525	5846	279476	1423	0	303270
28404	9720	4599	285099	1171	0	300589
28405	7467	4114	14674	270112	0	296367
28406	6179	4444	8311	279008	0	297942
28407	6050	4314	6177	287448	0	303989
28408	278099	4147	5338	13946	0	301530
28409	14052	274322	5217	7022	0	300613
28410	8315	289505	5211	4032	0	307063
28411	7014	301521	5283	2938	0	316756
28412	288160	18593	5247	2149	0	314149
28413	295900	9741	5689	2007	0	313337
28414	18166	7320	5811	284863	0	316160
28415	295329	5656	6303	11529	0	318817
28416	298400	6109	5409	5194	0	315112
28417	19702	5807	5198	294012	0	324719
28418	293923	5534	5765	13325	0	318547
28419	18061	286984	6973	6255	0	318273
28420	10830	14233	6820	293549	0	325432
28421	9171	7988	278651	13266	0	309076
28422	7749	280941	16359	6512	0	311561
28423	8224	15720	282566	5167	0	311677
28424	7823	9200	17156	260501	0	294680
28425	7816	287994	10073	11987	0	317870
28426	8358	15400	8819	281517	0	314094
28427	7483	9059	7627	296218	0	320387
28428	8268	7204	284546	16586	0	316604
28429	7576	6030	299951	8609	0	322166
28430	6851	5855	19421	296302	0	328429
28431	7336	5838	11879	276686	0	301739
28432	7127	298220	9227	15541	0	330115
28433	272426	16533	7413	8238	0	304610
28434	17084	285915	7109	6064	0	316172
28435	9649	298132	6609	4592	0	318982
28436	8124	21349	270898	4663	0	305034
28437	5869	283315	16239	4953	0	310376
28438	6374	18826	9651	251567	0	286418
28439	6266	277427	8103	13969	0	305765
28440	5696	17605	6593	264831	0	294725
28441	5709	272381	6281	14932	0	299303
28442	265437	18416	5926	7218	0	296997
28443	15667	269469	5965	7392	0	298493
28444	7050	16459	4479	223449	0	251437
28445	6202	241219	4450	12046	0	263917
28446	234575	15588	4574	5893	0	260630
28447	229435	9117	3271	4649	0	246472
28448	15444	227544	3324	4024	0	250336
28449	223061	14327	2590	3112	0	243090
28450	14078	12059	2410	209742	0	238289
28451	7182	6989	208093	11438	0	233702
28452	6683	5617	212587	5448	0	230335
28453	4468	212877	13630	5612	0	236587
28454	137993	7701	4547	1922	0	152163
28455	136538	2899	1374	1686	0	142497
28456	7177	2348	133124	1500	0	144149
28457	3140	1961	132447	1428	0	138976
28458	124629	1876	6131	1435	0	134071
28459	133123	1719	2465	1460	0	138767
28460	6666	2102	127088	1361	0	137217
28461	122554	1888	5225	1354	0	131021
28462	5977	124468	2211	1467	0	134123
28463	2404	134375	1638	1370	0	139787
28464	1865	7396	2200	129454	0	140915
28465	1485	3279	1216	134687	0	140667
28466	131066	2423	1292	6426	0	141207
28467	129171	2010	1313	2895	0	135389
28468	130542	1933	1270	2154	0	135899
28469	6904	2011	1194	127525	0	137634
28470	3389	2357	1109	128730	0	135585
28471	2539	120416	1173	6468	0	130596
28472	1928	124934	1760	3035	0	131657
28473	1912	130177	1236	2786	0	136111
28474	2793	8329	1168	119566	0	131856
28475	1927	124133	1136	5795	0	132991
28476	2053	6288	120883	2390	0	131614
28477	116770	3139	4731	1984	0	126624
28478	6107	2663	122550	1617	0	132937
28479	2838	2336	123665	1556	0	130395
28480	116503	2272	5846	1456	0	126077
28481	5756	122092	2501	1489	0	131838
28482	125384	6071	1609	1639	0	134703
28483	127038	3042	1364	1679	0	133123
28484	7190	2655	122740	1527	0	134112
28485	3642	2245	124368	1465	0	131720
28486	2744	123365	6035	1749	0	133893
28487	2572	6105	125278	1545	0	135500
28488	2293	2982	5818	124481	0	135574
28489	2310	2541	2716	115974	0	123541
28490	2147	123142	2246	5854	0	133389
28491	2071	131597	1961	2615	0	138244
28492	128397	7476	1653	2045	0	139571
28493	134069	3783	1528	1820	0	141200
28494	7266	3103	1624	129666	0	141659
28495	3693	2485	1724	136637	0	144539
28496	131190	2249	1742	6801	0	141982
28497	130681	2198	1845	2989	0	137713
28498	7167	130717	1836	2333	0	142053
28499	120533	5609	1382	1313	0	128837
28500	6164	111348	1229	1167	0	119908
28501	2931	118708	1100	1142	0	123881
28502	118228	6058	1072	1244	0	126602
28503	119354	2919	1034	1256	0	124563
28504	6394	2228	979	113228	0	122829
28505	115328	1908	1005	4759	0	123000
28506	6409	1610	108451	1723	0	118193
28507	2977	110406	4126	1595	0	119104
28508	112172	4826	1526	1493	0	120017
28509	5527	2089	111788	1291	0	120695
28510	2198	1329	3472	98811	0	105810
28511	2072	99939	1478	3035	0	106524
28512	1936	104519	1120	1286	0	108861
28513	106559	4102	903	1043	0	112607
28514	4352	2509	102385	809	0	110055
28515	97652	1323	3107	552	0	102634
28516	4077	1077	1352	99197	0	105703
28517	2035	949	95830	2777	0	101591
28518	94568	881	3410	1111	0	99970
28519	3664	96870	1386	985	0	102905
28520	1655	101695	1153	732	0	105235
28521	104959	3401	960	578	0	109898
28522	105779	1679	594	766	0	108818
28523	108014	1178	435	805	0	110432
28524	4285	808	551	103828	0	109472
28525	2273	657	558	105618	0	109106
28526	1739	764	102793	3193	0	108489
28527	1343	788	100020	1457	0	103608
28528	1153	99143	2978	1262	0	104536
28529	800	3273	818	92110	0	97001
28530	91215	710	1048	1904	0	94877
28531	2000	88532	374	1132	0	92038
28532	798	1997	337	92597	0	95729
28533	91831	753	328	2019	0	94931
28534	2003	88917	318	860	0	92098
28535	1002	93947	315	614	0	95878
28536	968	2197	91157	408	0	94730
28537	91621	833	1646	416	0	94516
28538	97632	646	624	506	0	99408
28539	2277	1224	93351	472	0	97324
28540	84657	359	1289	255	0	86560
28541	1633	358	89777	203	0	91971
28542	680	86609	1315	247	0	88851
28543	496	1323	1042	89995	0	92856
28544	89792	504	337	1133	0	91766
28545	1378	87556	318	424	0	89676
28546	622	88573	248	327	0	89770
28547	89793	1319	198	216	0	91526
28548	1361	607	91712	223	0	93903
28549	89805	363	997	216	0	91381
28550	1232	93416	453	252	0	95353
28551	433	1799	88200	157	0	90589
28552	89219	295	708	109	0	90331
28553	93127	216	220	92	0	93655
28554	984	190	167	91355	0	92696
28555	383	183	127	93260	0	93953
28556	283	88244	159	871	0	89557
28557	314	884	90820	315	0	92333
28558	251	279	807	90399	0	91736
28559	301	229	97502	950	0	98982
28560	273	233	97039	305	0	97850
28561	206	153	1225	100776	0	102360
28562	273	167	105110	1384	0	106934
28563	298	222	101193	405	0	102118
28564	207	193	1844	98002	0	100246
28565	245	157	104808	1536	0	106746
28566	91115	179	1795	486	0	93575
28567	1481	98364	735	513	0	101093
28568	522	1397	108731	241	0	110891
28569	501	492	115288	209	0	116490
28570	271	320	1730	113076	0	115397
28571	120517	171	664	1438	0	122790
28572	120274	160	455	451	0	121340
28573	118802	185	322	328	0	119637
28574	119622	168	333	203	0	120326
28575	1981	162	288	116172	0	118603
28576	808	205	116741	1471	0	119225
28577	116324	140	1467	475	0	118406
28578	121260	134	497	379	0	122270
28579	122002	123	374	303	0	122802
28580	2130	180	117937	194	0	120441
28581	106843	185	1460	265	0	108753
28582	1735	136	572	122376	0	124819
28583	668	122953	549	1495	0	125665
28584	556	2357	378	122256	0	125547
28585	454	124112	395	1656	0	126617
28586	128535	1748	377	522	0	131182
28587	2072	482	128905	446	0	131905
28588	560	300	1869	124819	0	127548
28589	428	124670	802	1727	0	127627
28590	322	129153	580	603	0	130658
28591	132242	2138	448	382	0	135210
28592	132890	686	409	277	0	134262
28593	2407	500	124581	260	0	127748
28594	125355	264	2082	225	0	127926
28595	2336	208	713	127465	0	130722
28596	890	230	134429	1994	0	137543
28597	804	283	131458	588	0	133133
28598	636	188	2227	139264	0	142315
28599	152199	156	783	2390	0	155528
28600	2867	173	534	149870	0	153444
28601	1165	137	429	150826	0	152557
28602	805	155	397	150746	0	152103
28603	654	147487	451	3457	0	152049
28604	619	2447	393	155219	0	158678
28605	149437	821	434	3256	0	153948
28606	2732	149473	467	1595	0	154267
28607	1118	3141	346	154711	0	159316
28608	151776	968	341	3204	0	156289
28609	2934	145725	448	1278	0	150385
28610	1126	150768	455	895	0	153244
28611	731	3582	380	150430	0	155123
28612	148796	1293	382	3167	0	153638
28613	3249	799	146709	1253	0	152010
28614	1291	654	142706	851	0	145502
28615	142449	462	3645	654	0	147210
28616	152079	417	1412	570	0	154478
28617	4127	152595	913	616	0	158251
28618	1753	3210	596	152866	0	158425
28619	1180	1220	152103	3380	0	157883
28620	943	810	148330	1377	0	151460
28621	869	565	160519	1037	0	162990
28622	734	155439	5099	827	0	162099
28623	651	162095	2020	776	0	165542
28624	163040	4468	1145	996	0	169649
28625	4298	1621	162827	733	0	169479
28626	158360	973	4099	747	0	164179
28627	164748	738	1959	717	0	168162
28628	5319	800	166259	753	0	173131
28629	2172	167991	4115	810	0	175088
28630	1396	4101	1618	171136	0	178251
28631	1178	1611	173155	4210	0	180154
28632	1137	1251	167542	1598	0	171528
28633	154393	854	5276	1106	0	161629
28634	4359	168254	2105	880	0	175598
28635	1805	4446	1194	161465	0	168910
28636	1263	1792	1006	162666	0	166727
28637	1017	162504	1102	4692	0	169315
28638	1049	168034	1074	1916	0	172073
28639	1096	170697	1028	1280	0	174101
28640	1081	5787	831	176234	0	183933
28641	180742	2246	831	5066	0	188885
28642	5400	1440	877	184332	0	192049
28643	2212	1258	180137	5834	0	189441
28644	1476	1186	180216	2275	0	185153
28645	1156	994	6762	184694	0	193606
28646	1166	1450	181874	5763	0	190253
28647	1111	179393	6092	2612	0	189208
28648	1373	5460	2507	190334	0	199674
28649	197344	2156	2049	6331	0	207880
28650	198419	1401	1246	2497	0	203563
28651	8126	197727	1270	1791	0	208914
28652	200728	6779	1433	1368	0	210308
28653	203571	2767	1045	1473	0	208856
28654	205335	1619	1081	1697	0	209732
28655	8977	1777	186785	1713	0	199252
28656	187983	1256	6404	1329	0	196972
28657	7844	188621	2444	2221	0	201130
28658	3543	6748	190932	1146	0	202369
28659	2667	2498	188962	1437	0	195564
28660	1689	188636	7664	1655	0	199644
28661	186933	7527	3480	1202	0	199142
28662	6621	2774	1563	179316	0	190274
28663	2496	180930	1433	6045	0	190904
28664	184802	6395	1250	2654	0	195101
28665	7007	2552	1206	185208	0	195973
28666	188952	1660	1206	7288	0	199106
28667	7213	1240	1531	191935	0	201919
28668	3135	1400	183029	7299	0	194863
28669	2126	1471	180954	3170	0	187721
28670	2044	2224	182058	1925	0	188251
28671	1898	1652	8274	169918	0	181742
28672	1682	1508	3186	184361	0	190737
28673	2306	1583	174878	8038	0	186805
28674	2178	174720	6910	3271	0	187079
28675	179457	7072	2824	1857	0	191210
28676	180288	2692	2210	1499	0	186689
28677	8823	180258	2019	1605	0	192705
28678	4228	7495	1876	182601	0	196200
28679	2831	2843	185731	6925	0	198330
28680	182395	1994	7716	2636	0	194741
28681	8194	1981	187991	1960	0	200126
28682	3492	1563	182773	1496	0	189324
28683	2364	1566	182199	1471	0	187600
28684	169732	1855	9869	1346	0	182802
28685	8028	1616	171428	1204	0	182276
28686	3202	165206	8117	1689	0	178214
28687	2721	173006	3533	1377	0	180637
28688	2660	7772	2492	161812	0	174736
28689	2159	3088	2166	170192	0	177605
28690	2496	1806	163234	8099	0	175635
28691	158210	1571	7186	3430	0	170397
28692	169743	2074	3597	1939	0	177353
28693	8203	1375	2918	167579	0	180075
28694	167030	1267	2875	6743	0	177915
28695	7328	163894	2400	3772	0	177394
28696	159806	6447	2166	2379	0	170798
28697	7615	156277	2406	2124	0	168422
28698	3004	157723	1735	1782	0	164244
28699	148255	6739	1589	1505	0	158088
28700	150502	2693	1624	1353	0	156172
28701	154983	2079	1480	1318	0	159860
28702	157539	1508	1779	1543	0	162369
28703	8283	1578	143631	1276	0	154768
28704	144925	1399	6122	1242	0	153688
28705	7203	1707	3141	140376	0	152427
28706	3210	143802	2501	5452	0	154965
28707	144191	5622	2206	2093	0	154112
28708	6944	144635	1896	1503	0	154978
28709	146518	5904	1940	1314	0	155676
28710	7023	2687	1484	141714	0	152908
28711	3673	2059	1507	147569	0	154808
28712	2805	1708	138858	7157	0	150528
28713	2599	1681	140393	2935	0	147608
28714	2323	142112	6730	2042	0	153207
28715	138241	5508	2516	1565	0	147830
28716	6487	137387	1869	1570	0	147313
28717	3221	134327	1601	1728	0	140877
28718	3001	139527	1441	1218	0	145187
28719	2987	6998	128017	1058	0	139060
28720	2884	133758	5005	998	0	142645
28721	119609	5217	2541	1072	0	128439
28722	121353	2061	1332	872	0	125618
28723	5973	1635	1152	112470	0	121230
28724	2676	114648	1226	4421	0	122971
28725	2089	119378	1226	1644	0	124337
28726	1869	5516	1190	116321	0	124896
28727	1963	2355	113968	4461	0	122747
28728	1879	109901	4358	1830	0	117968
28729	2149	5596	1901	106311	0	115957
28730	102703	2123	1194	4293	0	110313
28731	105499	1580	1091	1747	0	109917
28732	5050	107008	1033	1464	0	114555
28733	108246	4701	1021	1223	0	115191
28734	111453	2045	1175	1120	0	115793
28735	5587	1592	1143	105338	0	113660
28736	2696	1367	102266	4255	0	110584
28737	1848	103628	4356	1858	0	111690
28738	1695	5908	1799	102455	0	111857
28739	2101	2118	101044	4032	0	109295
28740	1422	95477	3641	1545	0	102085
28741	88137	3660	1643	1251	0	94691
28742	89980	1803	1057	750	0	93590
28743	4260	1367	774	86402	0	92803
28744	2115	88912	766	3007	0	94800
28745	1646	3388	87533	1267	0	93834
28746	1361	1602	3032	88171	0	94166
28747	1303	1353	90211	3242	0	96109
28748	1069	83104	2781	1352	0	88306
28749	1886	2696	913	71067	0	76562
28750	70433	1001	621	1666	0	73721
28751	1738	68039	439	1254	0	71470
28752	69087	1813	309	618	0	71827
28753	67044	998	336	471	0	68849
28754	2200	69161	351	505	0	72217
28755	1267	1796	306	69576	0	72945
28756	925	965	303	69133	0	71326
28757	843	66492	388	1963	0	69686
28758	703	69384	378	1014	0	71479
28759	609	2127	312	65004	0	68052
28760	650	66155	321	1428	0	68554
28761	66495	1793	305	625	0	69218
28762	66086	942	290	438	0	67756
28763	2175	763	63931	369	0	67238
28764	1027	649	61263	414	0	63353
28765	57827	525	1307	375	0	60034
28766	58719	483	582	323	0	60107
28767	1481	60388	472	381	0	62722
28768	60020	1452	316	337	0	62125
28769	60069	750	302	306	0	61427
28770	1722	58743	197	392	0	61054
28771	62013	1546	202	367	0	64128
28772	1674	907	191	71696	0	74468
28773	798	666	217	75549	0	77230
28774	708	598	75753	2719	0	79778
28775	481	73481	2111	888	0	76961
28776	427	79959	561	563	0	81510
28777	74746	3974	871	724	0	80315
28778	78672	690	150	666	0	80178
28779	78806	373	159	283	0	79621
28780	79930	261	237	228	0	80656
28781	2797	347	78077	162	0	81383
28782	837	379	78871	164	0	80251
28783	508	79189	2286	236	0	82219
28784	432	2295	602	80332	0	83661
28785	452	665	315	79477	0	80909
28786	459	82283	235	2215	0	85192
28787	461	2429	240	81943	0	85073
28788	80475	652	250	2446	0	83823
28789	2462	79602	293	700	0	83057
28790	850	2481	79868	444	0	83643
28791	503	81308	2171	409	0	84391
28792	83645	2575	591	328	0	87139
28793	2551	839	82207	331	0	85928
28794	80744	888	2376	409	0	84417
28795	84864	449	623	336	0	86272
28796	2973	481	82300	318	0	86072
28797	983	469	82295	274	0	84021
28798	703	488	80523	227	0	81941
28799	74012	368	3276	222	0	77878
28800	2797	347	78829	255	0	82228
28801	901	76229	2490	320	0	79940
28802	78872	2280	829	168	0	82149
28803	2591	612	78173	169	0	81545
28804	74511	412	2562	170	0	77655
28805	2702	349	77916	147	0	81114
28806	998	369	81319	154	0	82840
28807	719	77850	2829	281	0	81679
28808	639	2339	80393	154	0	83525
28809	771	656	79763	211	0	81401
28810	614	71866	3038	369	0	75887
28811	78211	2360	1125	163	0	81859
28812	2505	799	80361	171	0	83836
28813	871	665	2612	72100	0	76248
28814	679	77473	1070	1824	0	81046
28815	79052	2398	871	512	0	82833
28816	79560	831	712	407	0	81510
28817	2974	604	78549	323	0	82450
28818	1055	74470	2705	301	0	78531
28819	775	80598	1182	308	0	82863
28820	737	3001	856	76222	0	80816
28821	805	78604	708	2037	0	82154
28822	866	2877	687	76340	0	80770
28823	853	1057	692	80186	0	82788
28824	876	78864	741	2735	0	83216
28825	822	2776	730	78364	0	82692
28826	857	78077	754	2465	0	82153
28827	789	2983	75446	887	0	80105
28828	727	1238	2665	75798	0	80428
28829	712	1080	1070	76726	0	79588
28830	709	76159	948	2810	0	80626
28831	791	80168	753	1116	0	82828
28832	803	3358	714	74030	0	78905
28833	763	76684	841	2538	0	80826
28834	76031	3115	837	1036	0	81019
28835	2822	1332	781	75077	0	80012
28836	1116	76426	867	2660	0	81069
28837	75789	3031	782	950	0	80552
28838	2822	74936	902	829	0	79489
28839	1266	3182	72968	738	0	78154
28840	1035	1399	2773	73702	0	78909
28841	75635	1209	1282	2735	0	80861
28842	3032	991	75113	1027	0	80163
28843	1256	1133	2972	71067	0	76428
28844	1174	73333	1330	2493	0	78330
28845	1168	3048	72025	899	0	77140
28846	1028	73001	3040	728	0	77797
28847	71424	2988	1445	594	0	76451
28848	71253	1307	1413	491	0	74464
28849	3246	70276	1293	584	0	75399
28850	71425	3028	1281	583	0	76317
28851	3128	1669	68863	549	0	74209
28852	1221	1166	3209	67367	0	72963
28853	1037	1162	1479	68082	0	71760
28854	1097	69563	1301	2597	0	74558
28855	77518	3024	1226	897	0	82665
28856	82272	1377	1057	630	0	85336
28857	3221	1232	79692	546	0	84691
28858	80807	1001	2859	529	0	85196
28859	82985	1020	1322	519	0	85846
28860	83059	960	1246	504	0	85769
28861	3504	1017	998	80805	0	86324
28862	1506	990	1018	81769	0	85283
28863	1248	80483	1023	2720	0	85474
28864	81005	2903	1037	1054	0	85999
28865	81397	1258	826	927	0	84408
28866	3155	80556	881	733	0	85325
28867	1228	2998	683	77569	0	82478
28868	1049	77642	637	2606	0	81934
28869	857	82592	666	934	0	85049
28870	79167	3017	1518	809	0	84511
28871	2708	1366	77687	739	0	82500
28872	1106	693	64776	423	0	66998
28873	520	63401	1266	477	0	65664
28874	59039	1057	1032	266	0	61394
28875	936	523	58655	253	0	60367
28876	387	51891	918	332	0	53528
28877	53652	475	131	90	0	54348
28878	492	239	50224	111	0	51066
28879	201	179	380	47726	0	48486
28880	51382	172	162	444	0	52160
28881	530	189	51815	183	0	52717
28882	217	171	54867	181	0	55436
28883	169	197	58342	160	0	58868
28884	147	229	57929	143	0	58448
28885	53159	156	1161	128	0	54604
28886	59045	62	100	50	0	59257
28887	420	56753	87	452	0	57712
28888	112	426	43	60221	0	60802
28889	76	104	42	63072	0	63294
28890	70	61287	55	859	0	62271
28891	77	690	44	64036	0	64847
28892	45	65995	79	739	0	66858
28893	55	68507	53	255	0	68870
28894	66	1124	50	68364	0	69604
28895	99	442	67534	942	0	69017
28896	55	65759	938	372	0	67124
28897	59	1012	270	68975	0	70316
28898	69470	367	164	965	0	70966
28899	954	271	68016	337	0	69578
28900	66850	182	991	198	0	68221
28901	69224	154	336	143	0	69857
28902	1295	139	189	71201	0	72824
28903	483	150	74406	1370	0	76409
28904	340	167	73414	431	0	74352
28905	213	74991	1920	310	0	77434
28906	190	1554	631	75337	0	77712
28907	188	508	77349	1671	0	79716
28908	196	341	77348	540	0	78425
28909	124	75330	2179	446	0	78079
28910	79452	1711	753	201	0	82117
28911	80383	557	455	176	0	81571
28912	2024	336	308	82303	0	84971
28913	758	256	85071	1979	0	88064
28914	478	255	85896	668	0	87297
28915	272	85134	2690	587	0	88683
28916	281	1980	89320	260	0	91841
28917	281	726	90754	237	0	91998
28918	203	1205	2907	81402	0	85717
28919	168	285	89841	2136	0	92430
28920	83603	214	2543	748	0	87108
28921	1966	203	1063	90629	0	93861
28922	746	246	92168	2189	0	95349
28923	400	90446	2388	942	0	94176
28924	254	2113	954	96321	0	99642
28925	296	782	97099	2343	0	100520
28926	223	98019	2682	996	0	101920
28927	213	3180	1013	98729	0	103135
28928	238	102091	696	2459	0	105484
28929	229	2890	559	103395	0	107073
28930	153	1030	1265	104036	0	106484
28931	205	678	100548	3518	0	104949
28932	181	100469	2833	1406	0	104889
28933	184	2994	1098	102847	0	107123
28934	194	1027	712	104189	0	106122
28935	172	593	596	107728	0	109089
28936	240	483	101187	3845	0	105755
28937	187	98112	2923	1693	0	102915
28938	217	2794	1135	103429	0	107575
28939	298	1080	100929	3109	0	105416
28940	138	99445	3055	1554	0	104192
28941	133	2944	1222	103738	0	108037
28942	234	1246	106498	3135	0	111113
28943	154	104981	3060	1525	0	109720
28944	165	3031	1279	105497	0	109972
28945	147	1332	815	110820	0	113114
28946	221	869	113672	3769	0	118531
28947	102732	654	3090	1750	0	108226
28948	2517	111703	1367	1210	0	116797
28949	116799	2968	906	962	0	121635
28950	2925	1289	118292	868	0	123374
28951	117141	882	3182	832	0	122037
28952	3009	717	1376	115748	0	120850
28953	1067	637	983	123107	0	125794
28954	620	657	117912	3784	0	122973
28955	105305	633	3266	1702	0	110906
28956	110259	638	1405	1168	0	113470
28957	3326	107707	1077	1055	0	113165
28958	1255	113878	940	1022	0	117095
28959	114247	3621	839	850	0	119557
28960	3110	1872	111964	925	0	117871
28961	1219	119945	3227	948	0	125339
28962	786	3203	1492	124800	0	130281
28963	595	1416	1074	129307	0	132392
28964	640	960	126887	3960	0	132447
28965	120975	805	3483	1787	0	127050
28966	3340	768	130852	1245	0	136205
28967	127622	647	4284	1046	0	133599
28968	3839	685	136174	938	0	141636
28969	1402	135953	4163	1009	0	142527
28970	142753	3497	1762	923	0	148935
28971	143929	1444	1228	959	0	147560
28972	142831	905	1161	915	0	145812
28973	144495	817	1104	740	0	147156
28974	4723	835	943	140712	0	147213
28975	1954	820	141304	3782	0	147860
28976	1187	749	3719	138812	0	144467
28977	900	140936	1790	3913	0	147539
28978	851	3529	1251	147234	0	152865
28979	831	1535	144268	4090	0	150724
28980	807	1081	147505	1932	0	151325
28981	707	961	4603	144050	0	150321
28982	144088	725	2728	4002	0	151543
28983	140890	696	1422	1769	0	144777
28984	141503	743	1151	1297	0	144694
28985	4753	754	144200	1166	0	150873
28986	2082	779	143333	1163	0	147357
28987	1311	141045	4511	1057	0	147924
28988	1079	145938	1972	1056	0	150045
28989	144522	3808	1292	915	0	150537
28990	143431	1638	1798	821	0	147688
28991	3822	145800	868	889	0	151379
28992	147187	2939	650	691	0	151467
28993	146497	1253	653	691	0	149094
28994	3606	145239	671	811	0	150327
28995	153866	2987	598	695	0	158146
28996	152694	1277	621	671	0	155263
28997	3719	152125	735	1025	0	157604
28998	157853	2895	680	632	0	162060
28999	154396	1226	678	704	0	157004
29000	4082	883	155551	618	0	161134
29001	1855	754	154804	531	0	157944
29002	1034	148186	3154	578	0	152952
29003	769	153784	1291	482	0	156326
29004	157679	3008	1152	353	0	162192
29005	153021	1027	811	309	0	155168
29006	152116	592	485	267	0	153460
29007	2950	152056	540	385	0	155931
29008	1273	2047	396	161701	0	165417
29009	973	971	159742	1926	0	163612
29010	850	996	1948	155646	0	159440
29011	764	158079	952	1975	0	161770
29012	160827	1805	408	553	0	163593
29013	2078	153532	371	669	0	156650
29014	950	1843	229	157476	0	160498
29015	164928	703	268	1624	0	167523
29016	163592	409	238	611	0	164850
29017	2602	450	158903	291	0	162246
29018	160155	339	2045	243	0	162782
29019	171639	296	675	232	0	172842
29020	175629	346	390	211	0	176576
29021	3120	365	318	168955	0	172758
29022	1379	165086	452	1997	0	168914
29023	817	2037	340	173522	0	176716
29024	768	1138	169803	2222	0	173931
29025	672	171375	2192	1584	0	175823
29026	1291	2190	664	173495	0	177640
29027	590	993	169271	2077	0	172931
29028	529	167033	2113	910	0	170585
29029	573	2300	759	167961	0	171593
29030	646	975	171041	2109	0	174771
29031	139862	686	2663	1208	0	144419
29032	2610	451	174422	518	0	178001
29033	1272	608	169964	325	0	172169
29034	878	168012	2913	464	0	172267
29035	642	2443	1085	173408	0	177578
29036	674	1172	575	171942	0	174363
29037	655	167917	632	2666	0	171870
29038	721	2496	458	179859	0	183534
29039	180643	1036	438	2634	0	184751
29040	177560	590	470	1043	0	179663
29041	3444	635	174019	582	0	178680
29042	168430	536	2421	515	0	171902
29043	177770	486	1005	561	0	179822
29044	3539	703	177447	553	0	182242
29045	1495	175473	2744	891	0	180603
29046	920	178277	1116	527	0	180840
29047	998	3822	722	161342	0	166884
29048	817	176161	667	2073	0	179718
29049	943	3342	170454	839	0	175578
29050	993	1552	163931	563	0	167039
29051	854	170189	3713	498	0	175254
29052	182393	3094	1359	419	0	187265
29053	184865	1372	752	445	0	187434
29054	187846	934	588	434	0	189802
29055	186625	827	522	463	0	188437
29056	183210	838	483	490	0	185021
29057	4113	178012	569	554	0	183248
29058	1983	3258	175049	366	0	180656
29059	1269	1646	2827	178262	0	184004
29060	176872	920	1142	2943	0	181877
29061	3372	168630	776	1239	0	174017
29062	1601	3372	519	170280	0	175772
29063	1280	1341	167061	2796	0	172478
29064	937	158027	2994	1177	0	163135
29065	845	168490	1179	689	0	171203
29066	164196	3938	688	1177	0	169999
29067	2811	160815	511	950	0	165087
29068	1307	2865	388	156384	0	160944
29069	155317	996	420	2399	0	159132
29070	154430	730	356	853	0	156369
29071	156203	546	381	515	0	157645
29072	3531	635	147974	343	0	152483
29073	1446	148014	2337	375	0	152172
29074	158307	2629	793	293	0	162022
29075	2786	1122	483	154418	0	158809
29076	157569	774	378	2512	0	161233
29077	2986	151439	569	1048	0	156042
29078	162601	2853	370	570	0	166394
29079	179422	1166	364	403	0	181355
29080	4539	753	373	174802	0	180467
29081	1968	744	179469	3680	0	185861
29082	1255	593	3729	185796	0	191373
29083	184674	570	1305	4451	0	191000
29084	186678	648	714	1562	0	189602
29085	5341	176853	737	1493	0	184424
29086	174426	4047	459	596	0	179528
29087	4556	175116	506	702	0	180880
29088	179743	4241	474	519	0	184977
29089	178990	1565	580	675	0	181810
29090	5485	1234	171045	681	0	178445
29091	2354	169900	3866	610	0	176730
29092	1668	4145	1279	173985	0	181077
29093	1266	1717	753	179360	0	183096
29094	1303	1600	834	170980	0	174717
29095	1054	167015	719	6477	0	175265
29096	1531	4358	164666	2019	0	172574
29097	1771	1807	167808	1121	0	172507
29098	1189	207443	5395	1188	0	215215
29099	215508	6387	1876	899	0	224670
29100	6829	2737	209946	923	0	220435
29101	205364	1627	6326	927	0	214244
29102	7555	205372	2380	1138	0	216445
29103	3520	6448	207550	707	0	218225
29104	2045	2759	6781	208517	0	220102
29105	1646	1935	212359	6792	0	222732
29106	1801	1482	216786	2685	0	222754
29107	1847	1661	8153	187082	0	198743
29108	1574	197716	3478	5337	0	208105
29109	1736	209798	2147	2062	0	215743
29110	209432	8112	1721	1232	0	220497
29111	7246	3624	200982	946	0	212798
29112	207467	2188	6631	1014	0	217300
29113	213810	1336	3169	827	0	219142
29114	8686	210003	2180	969	0	221838
29115	209804	7088	1174	865	0	218931
29116	209764	2855	1359	829	0	214807
29117	203127	1950	1185	1153	0	207415
29118	9177	196486	1373	1203	0	208239
29119	3616	181647	1680	742	0	187685
29120	2454	193430	1370	779	0	198033
29121	195384	8271	1027	658	0	205340
29122	199621	3470	1031	920	0	205042
29123	8708	2094	185698	548	0	197048
29124	3838	1598	178151	1087	0	184674
29125	184075	1219	6895	445	0	192634
29126	189032	1195	2833	572	0	193632
29127	190915	1370	1714	803	0	194802
29128	8071	1205	1517	181971	0	192764
29129	4057	988	1150	187278	0	193473
29130	3082	988	954	191029	0	196053
29131	1913	1618	1168	192529	0	197228
29132	1928	1625	179364	7436	0	190353
29133	2427	1455	181317	2899	0	188098
29134	2397	1222	182982	1596	0	188197
29135	2739	1105	178769	977	0	183590
29136	175262	1035	7650	948	0	184895
29137	6826	174112	3559	984	0	185481
29138	3616	183563	1942	1110	0	190231
29139	184270	6705	1341	1158	0	193474
29140	7247	3071	181368	966	0	192652
29141	3482	2323	177337	1768	0	184910
29142	177680	2095	7053	1539	0	188367
29143	184834	1358	3462	1488	0	191142
29144	7703	177391	2425	1563	0	189082
29145	4122	5512	1967	178565	0	190166
29146	181442	2325	2016	5181	0	190964
29147	185151	1948	1933	2059	0	191091
29148	8217	1655	1746	172922	0	184540
29149	4675	180679	1595	4899	0	191848
29150	187141	6071	1320	2191	0	196723
29151	7425	3012	174172	1915	0	186524
29152	172189	2074	5926	1467	0	181656
29153	6917	173910	3202	1710	0	185739
29154	179647	5808	2498	1592	0	189545
29155	180995	2716	2144	1493	0	187348
29156	8173	2037	179294	1599	0	191103
29157	4023	2324	177654	1221	0	185222
29158	175713	1671	8343	1289	0	187016
29159	183052	1513	3936	969	0	189470
29160	8062	181208	2640	901	0	192811
29161	4221	6482	2093	187516	0	200312
29162	3594	3013	183021	5388	0	195016
29163	182235	2147	6500	1966	0	192848
29164	7378	2104	3668	184326	0	197476
29165	4410	1577	2849	190208	0	199044
29166	186212	1949	2369	6723	0	197253
29167	7608	187211	2033	3223	0	200075
29168	194192	6174	2170	2039	0	204575
29169	193611	2597	2413	1615	0	200236
29170	194906	2199	2121	1685	0	200911
29171	9150	187421	1904	2176	0	200651
29172	194232	6100	1611	1229	0	203172
29173	8267	3111	1757	189906	0	203041
29174	4808	2442	1671	191396	0	200317
29175	4783	2023	185949	6676	0	199431
29176	4144	1822	183384	2831	0	192181
29177	3550	183958	6814	2259	0	196581
29178	3706	189712	2909	1615	0	197942
29179	3172	5742	167160	838	0	176912
29180	2565	173696	4750	806	0	181817
29181	173212	6063	2441	744	0	182460
29182	173346	1889	1144	537	0	176916
29183	176788	1377	856	604	0	179625
29184	6328	1316	801	169116	0	177561
29185	3107	1097	835	174153	0	179192
29186	2510	1064	170643	5272	0	179489
29187	1839	167437	4155	2717	0	176148
29188	169191	4296	1768	1326	0	176581
29189	4599	170313	1455	1119	0	177486
29190	173210	4631	1117	645	0	179603
29191	174896	1846	896	573	0	178211
29192	6441	1138	761	171398	0	179738
29193	3323	841	808	174786	0	179758
29194	2164	727	623	178480	0	181994
29195	1719	899	166307	6276	0	175201
29196	1398	165782	3947	3274	0	174401
29197	1268	167128	1809	2032	0	172237
29198	608	124035	378	926	0	125947
29199	567	123383	350	495	0	124795
29200	512	124360	298	475	0	125645
29201	117495	2216	273	368	0	120352
29202	2001	1061	118448	338	0	121848
29203	880	117404	1716	819	0	120819
29204	657	1820	111835	319	0	114631
29205	586	118259	1494	441	0	120780
29206	622	1867	571	109462	0	112522
29207	501	795	326	114118	0	115740
29208	444	115649	350	2063	0	118506
29209	115956	1651	364	682	0	118653
29210	1668	891	114912	475	0	117946
29211	765	114484	1444	519	0	117212
29212	671	1816	113722	327	0	116536
29213	497	910	1484	112225	0	115116
29214	533	691	632	106960	0	108816
29215	528	111160	449	1641	0	113778
29216	548	1705	304	114977	0	117534
29217	510	766	317	114773	0	116366
29218	451	115349	364	1961	0	118125
29219	537	1734	114721	813	0	117805
29220	530	964	114128	524	0	116146
29221	109957	619	1727	494	0	112797
29222	117028	562	629	447	0	118666
29223	1807	607	432	114536	0	117382
29224	869	590	114777	1582	0	117818
29225	614	508	1450	109424	0	111996
29226	488	113594	664	1688	0	116434
29227	560	1609	114042	827	0	117038
29228	412	110663	1566	754	0	113395
29229	518	1866	111381	1081	0	114846
29230	378	111663	1486	592	0	114119
29231	113377	1753	686	511	0	116327
29232	1430	957	500	111943	0	114830
29233	714	764	405	110818	0	112701
29234	555	707	112931	1750	0	115943
29235	688	711	108154	771	0	110324
29236	477	109742	1808	687	0	112714
29237	114028	1690	743	535	0	116996
29238	1413	825	510	112522	0	115270
29239	660	698	114443	1439	0	117240
29240	433	811	106852	738	0	108834
29241	99893	674	2062	560	0	103189
29242	105701	669	795	463	0	107628
29243	1757	611	107354	466	0	110188
29244	774	562	1425	102484	0	105245
29245	522	105971	755	1374	0	108622
29246	110356	1478	517	728	0	113079
29247	1446	107058	509	670	0	109683
29248	104222	1432	544	472	0	106670
29249	1263	102572	445	496	0	104776
29250	496	103658	391	446	0	104991
29251	435	1546	325	105490	0	107796
29252	398	696	317	105240	0	106651
29253	348	104409	318	2296	0	107371
29254	359	1330	101717	781	0	104187
29255	348	724	101245	418	0	102735
29256	344	499	100695	320	0	101858
29257	91703	436	1457	343	0	93939
29258	100914	411	545	298	0	102168
29259	1263	103128	445	431	0	105267
29260	536	1697	102698	293	0	105224
29261	290	694	1257	100062	0	102303
29262	262	566	108030	1314	0	110172
29263	246	515	110102	536	0	111399
29264	168	522	1760	115985	0	118435
29265	210	463	740	124068	0	125481
29266	245	488	137809	2718	0	141260
29267	131854	445	2924	1480	0	136703
29268	3100	148969	1394	995	0	154458
29269	1398	160542	1014	673	0	163627
29270	892	5241	643	157322	0	164098
29271	161950	2368	622	3496	0	168436
29272	4026	164819	606	1733	0	171184
29273	165461	4847	436	1014	0	171758
29274	4690	167039	490	861	0	173080
29275	177192	5256	448	706	0	183602
29276	6470	2519	171272	630	0	180891
29277	2967	1804	175625	1115	0	181511
29278	1836	1354	6047	171248	0	180485
29279	1320	1237	172005	4987	0	179549
29280	1029	161294	5858	1875	0	170056
29281	812	166579	2586	1182	0	171159
29282	170669	6376	1904	648	0	179597
29283	5009	2899	1328	162358	0	171594
29284	1948	171165	1142	4671	0	178926
29285	178805	5612	864	1792	0	187073
29286	174940	2717	832	1077	0	179566
29287	182322	1910	674	922	0	185828
29288	8099	1268	561	175744	0	185672
29289	3788	1154	645	181994	0	187581
29290	2694	1115	175403	7057	0	186269
29291	1957	1032	174681	3205	0	180875
29292	171337	707	6820	2021	0	180885
29293	6099	855	3045	169553	0	179552
29294	2932	894	170949	5894	0	180669
29295	168467	844	5918	2732	0	177961
29296	6156	176257	3047	1911	0	187371
29297	182685	5486	2150	1201	0	191522
29298	185784	2557	1392	1262	0	190995
29299	187593	1649	1183	1222	0	191647
29300	9328	1059	175144	1534	0	187065
29301	174813	1105	5651	923	0	182492
29302	8343	1031	2413	166751	0	178538
29303	4273	163983	2062	5028	0	175346
29304	3398	179057	1503	2334	0	186292
29305	178532	6730	1427	1532	0	188221
29306	180749	2940	1344	1141	0	186174
29307	184256	1885	1108	1164	0	188413
29308	9465	1484	885	174846	0	186680
29309	4863	1443	896	181356	0	188558
29310	3785	1352	799	173386	0	179322
29311	3195	173282	837	7701	0	185015
29312	177073	5882	904	3615	0	187474
29313	180406	2642	764	2616	0	186428
29314	183394	1968	788	2211	0	188361
29315	9839	1549	174560	1984	0	187932
29316	181330	1577	5735	1533	0	190175
29317	9462	1680	2332	169436	0	182910
29318	5242	174361	1685	5701	0	186989
29319	180005	6510	1112	2488	0	190115
29320	180151	2778	1184	1935	0	186048
29321	10322	2143	174704	1528	0	188697
29322	5640	1435	6137	170867	0	184079
29323	3948	174702	2723	6888	0	188261
29324	184270	6717	1927	3015	0	195929
29325	8768	3153	1315	182551	0	195787
29326	4932	2368	1343	186407	0	195050
29327	3999	1664	1276	191468	0	198407
29328	3206	1664	1213	198268	0	204351
29329	3271	1650	183248	11115	0	199284
29330	3019	184587	6863	5569	0	200038
29331	2979	7602	2772	191449	0	204802
29332	2863	3500	187944	9341	0	203648
29333	187312	2774	7398	4752	0	202236
29334	197355	2122	3342	3678	0	206497
29335	10749	2076	2605	193871	0	209301
29336	195904	1970	2032	9020	0	208926
29337	207348	1874	1799	4488	0	215509
29338	12041	1978	192540	3607	0	210166
29339	6657	193318	7468	3366	0	210809
29340	200770	7769	3286	2845	0	214670
29341	10373	3276	2744	201213	0	217606
29342	205010	2450	2348	9019	0	218827
29343	10997	1810	2242	200369	0	215418
29344	5528	2078	2108	208834	0	218548
29345	4760	2058	194138	11233	0	212189
29346	173509	1925	7678	6006	0	189118
29347	9704	195772	3286	4657	0	213419
29348	5829	7966	194882	3688	0	212365
29349	4790	198351	7612	3470	0	214223
29350	199251	8824	3493	2994	0	214562
29351	10516	3826	2634	195711	0	212687
29352	196080	2714	1998	8973	0	209765
29353	10562	192791	2032	5284	0	210669
29354	201855	8302	1904	3690	0	215751
29355	207138	3458	1871	3054	0	215521
29356	208021	2542	1760	3028	0	215351
29357	206925	1740	1683	2840	0	213188
29358	13073	195520	1749	2822	0	213164
29359	200475	7911	1614	2359	0	212359
29360	12075	3768	1581	194211	0	211635
29361	7343	3905	1313	194874	0	207435
29362	6076	177738	1378	9631	0	194823
29363	5300	181193	1333	4573	0	192399
29364	4685	180305	1041	2970	0	189001
29365	167786	8211	1004	2386	0	179387
29366	7547	151269	887	2066	0	161769
29367	3300	139656	1278	1432	0	145666
29368	136979	5454	2200	1420	0	146053
29369	134960	2080	765	1290	0	139095
29370	6488	130736	588	1442	0	139254
29371	134632	4800	575	1119	0	141126
29372	6098	1927	122965	1299	0	132289
29373	124269	1596	3618	1187	0	130670
29374	6664	1950	121584	1214	0	131412
29375	2348	108021	3046	934	0	114349
29376	1745	113718	1018	958	0	117439
29377	2686	5117	713	109822	0	118338
29378	112173	1247	1278	3614	0	118312
29379	114846	892	392	1330	0	117460
29380	115235	859	417	1224	0	117735
29381	115150	853	478	1158	0	117639
29382	109613	896	771	945	0	112225
29383	4152	956	102471	867	0	108446
29384	2020	1226	96180	863	0	100289
29385	101764	996	2771	884	0	106415
29386	3459	101261	1099	931	0	106750
29387	103780	2577	542	738	0	107637
29388	108057	1026	405	918	0	110406
29389	110551	842	416	807	0	112616
29390	109480	924	525	731	0	111660
29391	109800	959	580	758	0	112097
29392	4173	845	102615	839	0	108472
29393	106373	955	2251	945	0	110524
29394	109257	934	818	989	0	111998
29395	3802	1063	103504	978	0	109347
29396	100025	884	2086	1027	0	104022
29397	104266	865	836	1090	0	107057
29398	4085	795	104517	1115	0	110512
29399	2381	1089	104119	758	0	108347
29400	2112	105416	2774	632	0	110934
29401	2025	2927	1080	108653	0	114685
29402	2154	1299	107759	2434	0	113646
29403	107607	1170	2487	956	0	112220
29404	3756	1129	1003	114719	0	120607
29405	2480	944	116883	2650	0	122957
29406	115188	853	2513	1038	0	119592
29407	119080	1053	971	802	0	121906
29408	119805	989	728	688	0	122210
29409	4474	116718	769	2007	0	123968
29410	2646	2889	745	115206	0	121486
29411	2068	117723	945	2539	0	123275
29412	122191	3294	841	974	0	127300
29413	120567	1665	808	833	0	123873
29414	4429	1233	116675	788	0	123125
29415	2113	109997	2216	532	0	114858
29416	1806	112840	883	422	0	115951
29417	1803	2922	572	108557	0	113854
29418	1866	1247	431	111894	0	115438
29419	110433	937	456	2492	0	114318
29420	3516	108424	629	1921	0	114490
29421	2031	109539	605	785	0	112960
29422	2322	2997	104954	447	0	110720
29423	1728	110404	2043	443	0	114618
29424	110809	2751	721	380	0	114661
29425	3566	1189	105675	402	0	110832
29426	89039	769	1780	332	0	91920
29427	2613	631	99232	264	0	102740
29428	79918	549	1632	420	0	82519
29429	1979	98986	817	270	0	102052
29430	107434	1778	552	192	0	109956
29431	2779	805	109760	216	0	113560
29432	109807	849	2258	145	0	113059
29433	112372	426	659	155	0	113612
29434	2734	437	110461	136	0	113768
29435	109307	315	1710	145	0	111477
29436	113507	367	615	137	0	114626
29437	107062	286	407	118	0	107873
29438	2656	102927	403	240	0	106226
29439	106516	1853	328	100	0	108797
29440	2594	842	102941	89	0	106466
29441	1095	107786	1792	275	0	110948
29442	111904	2039	1173	108	0	115224
29443	108977	684	464	114	0	110239
29444	110872	456	333	97	0	111758
29445	2926	107066	395	263	0	110650
29446	1258	2145	322	127116	0	130841
29447	994	836	124433	2858	0	129121
29448	746	508	3004	126145	0	130403
29449	790	458	130740	3366	0	135354
29450	122809	376	3620	1070	0	127875
29451	3744	132152	1304	1040	0	138240
29452	1926	3564	773	128654	0	134917
29453	1129	133382	493	3321	0	138325
29454	840	4028	430	133739	0	139037
29455	851	1532	393	133082	0	135858
29456	763	136286	442	4683	0	142174
29457	799	4249	378	136758	0	142184
29458	748	1783	447	142214	0	145192
29459	742	141117	548	5577	0	147984
29460	762	147437	642	2844	0	151685
29461	809	5822	1103	146490	0	154224
29462	1039	2727	140705	5618	0	150089
29463	896	145543	5100	2454	0	153993
29464	1350	5290	1848	146783	0	155271
29465	1407	2826	148231	5145	0	157609
29466	971	152533	4823	2737	0	161064
29467	153967	6143	1826	1769	0	163705
29468	5446	2688	150860	1814	0	160808
29469	146865	1768	5175	1927	0	155735
29470	5764	1776	1954	150059	0	159553
29471	2250	1591	1165	154605	0	159611
29472	1465	1445	1030	157670	0	161610
29473	1267	1868	149166	8161	0	160462
29474	1081	2195	150310	3224	0	156810
29475	140149	1729	6521	2807	0	151206
29476	5436	1687	3201	152036	0	162360
29477	2415	1763	152031	6512	0	162721
29478	148564	1884	5734	3200	0	159382
29479	5828	1505	2743	151463	0	161539
29480	2655	2222	1914	155210	0	162001
29481	2283	1841	1456	153474	0	159054
29482	1830	153097	1697	8090	0	164714
29483	2032	5960	1438	148556	0	157986
29484	1628	148450	1280	7236	0	158594
29485	1351	157054	1249	4067	0	163721
29486	153113	7055	1288	3420	0	164876
29487	146877	3253	2093	2340	0	154563
29488	152018	2143	2095	2125	0	158381
29489	7896	146184	1885	2011	0	157976
29490	147767	5933	1609	2249	0	157558
29491	150508	2661	1638	2315	0	157122
29492	8104	1826	1521	145514	0	156965
29493	3601	1599	1517	152087	0	158804
29494	2655	1486	141213	8807	0	154161
29495	1648	145832	5461	5190	0	158131
29496	144126	6238	2269	3220	0	155853
29497	143450	3075	1682	3015	0	151222
29498	6713	146472	1582	2505	0	157272
29499	145549	6568	1387	2304	0	155808
29500	145792	3021	1043	2088	0	151944
29501	7926	2042	1112	140397	0	151477
29502	4439	138737	1305	5852	0	150333
29503	3058	146495	1029	3521	0	154103
29504	141624	6845	1116	2885	0	152470
29505	6924	3379	860	138960	0	150123
29506	3209	2305	132975	7446	0	145935
29507	130765	2040	5052	4164	0	142021
29508	6177	1986	136328	3195	0	147686
29509	3070	136151	5378	2303	0	146902
29510	137969	6115	2619	2292	0	148995
29511	7021	3085	134912	2083	0	147101
29512	3570	2834	4900	136668	0	147972
29513	3396	2080	136508	6157	0	148141
29514	2790	138471	5332	3367	0	149960
29515	2673	5771	2210	140817	0	151471
29516	2350	3538	137272	6310	0	149470
29517	124755	2957	5137	3782	0	136631
29518	6081	140559	2355	2934	0	151929
29519	3260	5787	1940	135156	0	146143
29520	2833	141943	1968	5886	0	152630
29521	142229	6092	1752	3224	0	153297
29522	140855	3191	1854	2764	0	148664
29523	6596	138701	1720	2489	0	149506
29524	4176	6086	1554	134880	0	146696
29525	2804	139249	1824	5708	0	149585
29526	138769	5957	1920	3860	0	150506
29527	6112	3325	135418	2758	0	147613
29528	3031	3296	133277	2404	0	142008
29529	2538	132002	5627	2570	0	142737
29530	2001	131657	3037	2279	0	138974
29531	2576	6027	2256	126212	0	137071
29532	124757	3455	1598	5098	0	134908
29533	126266	2309	1892	2699	0	133166
29534	123077	2491	1312	2145	0	129025
29535	6932	127368	1425	2092	0	137817
29536	3739	4979	1564	125198	0	135480
29537	2981	130128	1191	4887	0	139187
29538	131923	5378	1599	2591	0	141491
29539	5229	3187	1224	131892	0	141532
29540	3388	2161	127647	5134	0	138330
29541	2307	125883	4637	2676	0	135503
29542	125881	4390	2629	1774	0	134674
29543	4896	3195	122628	1337	0	132056
29544	119036	2598	3742	1701	0	127077
29545	5088	121404	1717	2154	0	130363
29546	1836	107859	734	858	0	111287
29547	104555	3424	509	745	0	109233
29548	3077	107046	460	1241	0	111824
29549	100951	2677	679	608	0	104915
29550	2563	100448	368	614	0	103993
29551	102253	2429	331	472	0	105485
29552	102197	1082	334	456	0	104069
29553	2812	884	101499	445	0	105640
29554	1286	857	99484	322	0	101949
29555	968	96817	1884	379	0	100048
29556	97726	1956	497	291	0	100470
29557	1787	820	93270	329	0	96206
29558	87744	555	1356	240	0	89895
29559	1073	665	1060	87328	0	90126
29560	527	315	90198	743	0	91783
29561	423	382	84621	307	0	85733
29562	581	301	87891	212	0	88985
29563	285	86331	785	188	0	87589
29564	2483	1044	1012	83994	0	88533
29565	83416	140	279	308	0	84143
29566	316	58	53	82223	0	82650
29567	83530	47	62	304	0	83943
29568	333	49	50	82614	0	83046
29569	86584	60	41	325	0	87010
29570	89600	55	70	132	0	89857
29571	98526	65	64	87	0	98742
29572	961	98025	131	139	0	99256
29573	458	963	98416	64	0	99901
29574	203	349	880	99117	0	100549
29575	407	958	714	76816	0	78895
29576	143	123	145	101867	0	102278
29577	123	132	100	96874	0	97229
29578	130	94926	131	1592	0	96779
29579	225	1090	91178	1062	0	93555
29580	94	92293	1061	1008	0	94456
29581	117	1175	423	93446	0	95161
29582	102	525	171	96064	0	96862
29583	129	249	112	97121	0	97611
29584	118	190	106	96727	0	97141
29585	99	91768	174	1643	0	93684
29586	91	92791	156	800	0	93838
29587	185	1469	90629	405	0	92688
29588	115	588	1083	91903	0	93689
29589	117	354	451	94639	0	95561
29590	146	249	196	98879	0	99470
29591	99658	238	137	1777	0	101810
29592	1290	97063	182	904	0	99439
29593	584	1372	98117	431	0	100504
29594	98780	563	1253	324	0	100920
29595	1354	348	467	102216	0	104385
29596	104535	268	209	1480	0	106492
29597	1555	213	165	104949	0	106882
29598	105135	217	157	1640	0	107149
29599	1631	213	157	103411	0	105412
29600	103454	208	188	1674	0	105524
29601	1738	237	104451	740	0	107166
29602	779	185	1324	103173	0	105461
29603	480	106582	595	1411	0	109068
29604	359	1420	272	113588	0	115639
29605	112771	636	210	1832	0	115449
29606	1743	110386	266	920	0	113315
29607	731	1867	195	116135	0	118928
29608	474	110025	240	2207	0	112946
29609	345	2336	157	114640	0	117478
29610	329	959	178	115698	0	117164
29611	346	566	110674	3083	0	114669
29612	303	372	2088	107942	0	110705
29613	301	476	106364	2774	0	109915
29614	229	102619	2341	1393	0	106582
29615	106457	2111	880	890	0	110338
29616	2341	858	105164	630	0	108993
29617	102522	495	2317	487	0	105821
29618	112765	389	934	409	0	114497
29619	3129	307	566	113063	0	117065
29620	1605	363	118783	2692	0	123443
29621	115961	227	2787	1203	0	120178
29622	129264	219	1102	871	0	131456
29623	3899	248	664	125926	0	130737
29624	1725	247	433	128940	0	131345
29625	1005	125113	387	4209	0	130714
29626	688	2939	325	127687	0	131639
29627	519	126906	379	3740	0	131544
29628	558	3497	124937	1792	0	130784
29629	346	1399	2719	127628	0	132092
29630	125465	763	1132	3507	0	130867
29631	127212	505	621	1771	0	130109
29632	3880	125903	475	1194	0	131452
29633	1683	3028	353	127802	0	132866
29634	127703	1325	320	3363	0	132711
29635	3210	119935	355	1782	0	125282
29636	124005	3232	229	1149	0	128615
29637	3669	1582	246	127045	0	132542
29638	137457	880	256	3910	0	142503
29639	4694	985	147982	1856	0	155517
29640	1949	152093	4368	1340	0	159750
29641	155275	4793	1476	1003	0	162547
29642	4807	158558	988	981	0	165334
29643	166084	5456	575	940	0	173055
29644	172622	2093	440	932	0	176087
29645	7380	1410	167851	870	0	177511
29646	3085	958	5171	164549	0	173763
29647	173630	880	1766	5840	0	182116
29648	6563	794	167357	2201	0	176915
29649	168910	742	5707	1469	0	176828
29650	6865	627	1949	170804	0	180245
29651	2905	648	166555	6200	0	176308
29652	1935	521	5747	166167	0	174370
29653	164982	535	2092	6920	0	174529
29654	6507	757	171935	2694	0	181893
29655	2714	618	5639	174090	0	183061
29656	1989	597	2204	182163	0	186953
29657	179209	442	1477	7862	0	188990
29658	179318	493	1076	3508	0	184395
29659	7664	176101	1139	2456	0	187360
29660	3858	5886	900	178178	0	188822
29661	2674	2113	1062	181785	0	187634
29662	2210	1522	1097	183699	0	188528
29663	177868	915	1148	8689	0	188620
29664	179948	1250	942	3978	0	186118
29665	8892	931	870	176185	0	186878
29666	4467	173397	832	7574	0	186270
29667	3329	5770	1009	174249	0	184357
29668	2795	176211	1120	7365	0	187491
29669	174782	6373	1063	3745	0	185963
29670	7335	169091	1391	3006	0	180823
29671	162776	5816	984	2104	0	171680
29672	7808	2638	1077	158141	0	169664
29673	159308	1613	1192	6439	0	168552
29674	7554	1334	151278	3523	0	163689
29675	3684	157062	5182	2940	0	168868
29676	163132	5487	2201	2388	0	173208
29677	166347	2412	1404	2637	0	172800
29678	8080	1593	1309	157100	0	168082
29679	4204	158885	1222	6457	0	170768
29680	3488	5091	917	169738	0	179234
29681	2885	2315	971	171638	0	177809
29682	2917	1715	898	174111	0	179641
29683	169579	1603	833	8837	0	180852
29684	171557	1461	918	4822	0	178758
29685	8319	1160	798	167291	0	177568
29686	4504	165443	823	7391	0	178161
29687	173227	5291	864	4086	0	183468
29688	7896	2425	168235	3241	0	181797
29689	4060	1847	4976	173985	0	184868
29690	3409	1796	172396	7512	0	185113
29691	2929	1534	5553	175094	0	185110
29692	2719	1907	174937	8011	0	187574
29693	3023	1703	5644	176117	0	186487
29694	176061	1619	2222	7956	0	187858
29695	177408	1593	1521	4285	0	184807
29696	8356	168288	1333	3695	0	181672
29697	179970	5704	1066	3079	0	189819
29698	8214	2543	1168	175810	0	187735
29699	4483	2326	1126	181159	0	189094
29700	179836	1844	1061	8278	0	191019
29701	8186	1690	172908	4494	0	187278
29702	4443	1624	172978	3961	0	183006
29703	3642	1911	172906	3467	0	181926
29704	164046	1580	7028	3486	0	176140
29705	7334	1433	176644	3465	0	188876
29706	4274	1325	172259	3356	0	181214
29707	165762	1136	6012	3213	0	176123
29708	7041	176003	3019	2903	0	188966
29709	4167	4819	2119	183475	0	194580
29710	3366	2502	1785	190236	0	197889
29711	3344	1902	186190	7301	0	198737
29712	186939	1351	5380	4136	0	197806
29713	194331	1246	2668	3792	0	202037
29714	194056	1145	2427	3384	0	201012
29715	7439	1092	190064	3583	0	202178
29716	183688	1016	5429	3437	0	193570
29717	7739	1271	182728	3128	0	194866
29718	4396	178486	4989	3188	0	191059
29719	3985	184461	2442	2815	0	193703
29720	177856	5051	1600	2497	0	187004
29721	5843	173514	1325	2653	0	183335
29722	3240	172722	1646	2632	0	180240
29723	171922	4590	1546	2650	0	180708
29724	5313	171117	1544	2850	0	180824
29725	175596	4411	1758	2025	0	183790
29726	5770	1764	1885	174684	0	184103
29727	3152	1491	2004	178065	0	184712
29728	2847	1236	1892	179785	0	185760
29729	2661	1349	1760	177137	0	182907
29730	2571	171801	1771	5773	0	181916
29731	176848	4256	1576	2935	0	185615
29732	5360	186627	1432	2617	0	196036
29733	2893	193777	1624	3472	0	201766
29734	3016	5913	195612	2407	0	206948
29735	187005	2493	5687	2356	0	197541
29736	6745	1773	209629	1758	0	219905
29737	3730	1697	215055	1513	0	221995
29738	2604	211989	6368	1432	0	222393
29739	1266	212241	1710	1072	0	216289
29740	209227	5984	2449	986	0	218646
29741	5229	221335	1373	1237	0	229174
29742	2196	5459	218357	740	0	226752
29743	1172	205200	7211	693	0	214276
29744	779	4839	222214	286	0	228118
29745	609	1631	220447	225	0	222912
29746	208353	940	6608	255	0	216156
29747	4805	718	218191	174	0	223888
29748	1482	482	5556	213240	0	220760
29749	210153	392	2194	4400	0	217139
29750	4344	202521	1859	1795	0	210519
29751	1755	4009	210909	1312	0	217985
29752	209064	1219	4982	520	0	215785
29753	4970	815	1912	197625	0	205322
29754	1796	187224	1848	3963	0	194831
29755	1192	3843	199723	1291	0	206049
29756	200192	1266	4840	691	0	206989
29757	4911	863	204130	435	0	210339
29758	1775	437	5345	200032	0	207589
29759	1253	489	199106	4526	0	205374
29760	633	365	5325	202027	0	208350
29761	196122	345	2050	5190	0	203707
29762	4486	197084	1526	2753	0	205849
29763	203247	4281	934	1120	0	209582
29764	5472	1449	200733	716	0	208370
29765	1940	834	4945	200376	0	208095
29766	1268	631	200989	4811	0	207699
29767	198754	486	5448	1647	0	206335
29768	204443	489	1950	942	0	207824
29769	6071	203024	1486	723	0	211304
29770	209620	4815	960	446	0	215841
29771	210131	1579	930	444	0	213084
29772	6827	1020	709	203273	0	211829
29773	2946	838	197393	4790	0	205967
29774	1821	189063	5039	2139	0	198062
29775	1306	4701	1629	200525	0	208161
29776	200819	1680	1177	5082	0	208758
29777	5609	1121	198953	1813	0	207496
29778	2087	871	199815	1206	0	203979
29779	1390	751	195011	971	0	198123
29780	189654	644	7119	681	0	198098
29781	5610	742	192777	515	0	199644
29782	188463	560	6351	438	0	195812
29783	6152	890	173641	343	0	181026
29784	2243	186036	5834	592	0	194705
29785	1790	4856	2620	187691	0	196957
29786	1343	1810	185564	4735	0	193452
29787	1061	179644	5895	2478	0	189078
29788	979	187618	2602	1166	0	192365
29789	887	6277	1757	185267	0	194188
29790	181941	2730	1287	5022	0	190980
29791	5078	1771	1239	182023	0	190111
29792	176024	1382	1192	5679	0	184277
29793	5798	1349	1142	177513	0	185802
29794	2411	1231	174384	5826	0	183852
29795	1837	1219	175486	2280	0	180822
29796	170707	957	6921	1675	0	180260
29797	174947	899	3264	1252	0	180362
29798	7143	957	167653	1005	0	176758
29799	166064	1049	6324	916	0	174353
29800	6767	2210	164020	773	0	173770
29801	3129	157141	6992	785	0	168047
29802	2519	161789	3400	778	0	168486
29803	2105	160496	2815	759	0	166175
29804	1944	7296	2298	156009	0	167547
29805	154189	3244	2281	5056	0	164770
29806	157646	2434	2106	2028	0	164214
29807	7217	2014	1924	155018	0	166173
29808	3618	2125	141942	5502	0	153187
29809	2572	1740	6144	144430	0	154886
29810	2305	1452	140237	6192	0	150186
29811	2036	1358	7017	137238	0	147649
29812	134977	954	3845	6525	0	146301
29813	138988	969	3064	2965	0	145986
29814	138408	790	2770	2366	0	144334
29815	139162	920	2441	1815	0	144338
29816	8447	866	2269	131395	0	142977
29817	4347	848	2037	136979	0	144211
29818	133312	965	1945	7184	0	143406
29819	137448	1054	1699	3233	0	143434
29820	8184	1054	1868	132181	0	143287
29821	4425	877	1637	135737	0	142676
29822	3357	921	1524	134088	0	139890
29823	2474	1078	1591	136274	0	141417
29824	130356	903	1709	8244	0	141212
29825	6852	796	124852	4051	0	136551
29826	3524	744	5747	126916	0	136931
29827	126237	789	2899	6881	0	136806
29828	6866	881	121059	3712	0	132518
29829	3677	1104	6008	125378	0	136167
29830	3260	959	121700	6422	0	132341
29831	2785	118475	6544	2994	0	130798
29832	2878	4199	3249	104511	0	114837
29833	97514	1580	2323	4763	0	106180
29834	5433	1889	1970	85592	0	94884
29835	2741	84168	1737	4904	0	93550
29836	2267	78180	1562	2044	0	84053
29837	1415	56650	912	1172	0	60149
29838	1308	54123	835	1018	0	57284
29839	30553	4982	2008	2368	0	39911
29840	3308	1322	2218	18161	0	25009
29841	270	127	11403	789	0	12589
29842	184	85	562	10428	0	11259
29843	247	75	9952	613	0	10887
29844	10308	82	523	250	0	11163
29845	704	56	180	10179	0	11119
29846	350	50	153	10586	0	11139
29847	262	77	135	10608	0	11082
29848	229	91	112	10824	0	11256
29849	10259	109	93	680	0	11141
29850	10677	93	77	322	0	11169
29851	626	73	98	10373	0	11170
29852	10254	81	69	733	0	11137
29853	595	84	9617	371	0	10667
29854	209	9871	433	370	0	10883
29855	244	442	147	9985	0	10818
29856	196	112	184	9812	0	10304
29857	188	9992	103	707	0	10990
29858	220	454	111	10146	0	10931
29859	165	324	194	10444	0	11127
29860	10164	86	164	746	0	11160
29861	592	80	9882	325	0	10879
29862	234	95	9385	222	0	9936
29863	9313	60	499	259	0	10131
29864	552	50	8699	177	0	9478
29865	4112	42	499	78	0	4731
29866	3051	32	51	79	0	3213
29867	176	17	36	2530	0	2759
29868	46	15	1421	89	0	1571
29869	696	10	29	21	0	756
29870	36	711	7	18	0	772
29871	392	16	5	11	0	424
29872	138	4	271	11	0	424
29873	5	0	1	0	0	6
29874	0	0	4	0	0	4
29875	0	0	0	4	0	4
29876	2	0	3	0	0	5
29877	0	3	1	0	0	4
