Pos	A	C	G	T	Other	Total
1	0	0	0	0	0	0
2	0	0	0	0	0	0
3	0	0	0	0	0	0
4	0	0	0	0	0	0
5	0	0	0	0	0	0
6	0	0	0	0	0	0
7	0	0	0	0	0	0
8	0	0	0	0	0	0
9	0	0	0	0	0	0
10	0	0	0	0	0	0
11	0	0	0	0	0	0
12	0	0	0	0	0	0
13	0	0	0	0	0	0
14	1248	0	0	0	0	1248
15	0	2304	4	2	0	2310
16	0	6445	8	5	0	6458
17	2	3	2	23320	0	23327
18	0	1	1	22824	0	22826
19	0	24761	18	11	0	24790
20	0	26485	9	14	0	26508
21	0	31783	14	14	0	31811
22	34946	2	24	5	0	34977
23	20	6	36377	11	0	36414
24	29	31	36020	1	0	36081
25	2	11	22	39130	0	39165
26	41880	0	8	14	0	41902
27	41831	1	5	5	0	41842
28	19	41641	23	27	0	41710
29	50736	15	5	4	0	50760
30	51375	9	12	6	0	51402
31	52767	4	4	6	0	52781
32	18	52154	25	22	0	52219
33	6	53986	20	41	0	54053
34	56033	15	2	6	0	56056
35	57224	5	8	6	0	57243
36	15	56886	23	34	0	56958
37	10	60425	33	37	0	60505
38	62743	17	5	2	0	62767
39	62185	7	3	7	0	62202
40	23	60871	27	26	0	60947
41	13	24	1	62646	0	62684
42	4	12	0	63313	0	63329
43	11	12	3	62319	0	62345
44	7	62485	18	54	0	62564
45	48	67	60350	10	0	60475
46	53599	41	88	26	0	53754
47	21	13	4	63704	0	63742
48	9	62270	32	48	0	62359
49	10	535	3	64697	0	65245
50	10	62684	26	40	0	62760
51	5	34	4	64498	0	64541
52	5	12	1	64076	0	64094
53	33	23	63867	32	0	63955
54	2	20	25	62037	0	62084
55	64676	4	18	38	0	64736
56	45	29	63225	15	0	63314
57	59332	10	46	26	0	59414
58	18	8	3	64244	0	64273
59	6	62929	39	51	0	63025
60	10	25	2	65336	0	65373
61	53	30	64131	29	0	64243
62	6	14	30	61141	0	61191
63	4	9	6	64204	0	64223
64	10	63739	26	52	0	63827
65	4	25	3	66567	0	66599
66	6	64015	27	58	0	64106
67	5	27	6	66420	0	66458
68	65098	11	6	42	0	65157
69	61886	10	28	26	0	61950
70	63792	8	14	25	0	63839
71	34	62848	39	42	0	62963
72	26	97	61512	19	0	61654
73	59222	24	64	32	0	59342
74	65091	10	14	13	0	65128
75	46	63163	54	38	0	63301
76	27	59	7	59964	0	60057
77	16	24	12	60831	0	60883
78	12	21	6	59281	0	59320
79	61959	8	12	172	0	62151
80	60131	14	22	87	0	60254
81	60216	18	18	60	0	60312
82	61442	11	12	35	0	61500
83	202	9	6	60765	0	60982
84	78	59372	33	164	0	59647
85	50	141	9	62087	0	62287
86	77	57	60413	167	0	60714
87	39	34	132	63025	0	63230
88	71	48	64822	539	0	65480
89	39	25	505	62846	0	63415
90	54	46	68218	638	0	68956
91	79	88	66633	230	0	67030
92	18	65723	892	188	0	66821
93	38	634	260	70366	0	71298
94	99	232	70688	714	0	71733
95	38	112	700	68695	0	69545
96	28	67859	305	747	0	68939
97	71409	666	119	260	0	72454
98	655	71105	128	148	0	72036
99	209	1433	49	70938	0	72629
100	103	72333	95	642	0	73173
101	70	847	68584	253	0	69754
102	136	394	68560	190	0	69280
103	34	68182	1019	222	0	69457
104	52	753	590	72571	0	73966
105	176	659	71414	798	0	73047
106	49	68613	931	744	0	70337
107	71254	811	626	206	0	72897
108	739	349	176	71457	0	72721
109	330	590	71975	760	0	73655
110	453	69650	902	378	0	71383
111	73	1251	284	72958	0	74566
112	64	375	275	73340	0	74054
113	70651	618	1605	1017	0	73891
114	774	1723	72450	537	0	75484
115	265	869	1151	71554	0	73839
116	251	559	69486	1568	0	71864
117	96	52941	1610	2285	0	56932
118	54125	2380	675	887	0	58067
119	2196	54907	230	301	0	57634
120	1231	2438	291	52972	0	56932
121	174	49322	277	2372	0	52145
122	46509	2572	512	876	0	50469
123	805	47504	1697	441	0	50447
124	341	1091	45828	569	0	47829
125	207	45026	1579	605	0	47417
126	44230	1622	462	1663	0	47977
127	907	519	46838	899	0	49163
128	401	1813	1639	44189	0	48042
129	40906	929	706	999	0	43540
130	1612	608	283	39425	0	41928
131	41604	244	1609	1847	0	45304
132	41801	2065	796	556	0	45218
133	1570	862	255	41431	0	44118
134	693	615	146	43198	0	44652
135	41526	228	306	2242	0	44302
136	39259	638	1622	752	0	42271
137	1696	233	1117	37946	0	40992
138	36632	655	1644	1929	0	40860
139	37282	1683	822	683	0	40470
140	3055	36682	535	378	0	40650
141	1438	2722	101	37928	0	42189
142	37052	1228	156	2709	0	41145
143	38144	1854	201	1520	0	41719
144	3543	953	150	36926	0	41572
145	1815	1698	188	38365	0	42066
146	37324	803	1640	2033	0	41800
147	1524	37994	766	1171	0	41455
148	2664	1724	173	37178	0	41739
149	1582	492	37322	1580	0	40976
150	691	220	1702	37600	0	40213
151	2371	35422	430	2178	0	40401
152	1469	1069	35672	2410	0	40620
153	2075	754	1111	36627	0	40567
154	2706	266	429	36235	0	39636
155	1538	225	35393	3349	0	40505
156	33791	188	1157	3170	0	38306
157	3103	35880	482	1665	0	41130
158	39407	1226	320	937	0	41890
159	2682	621	36465	2077	0	41845
160	2449	678	37003	1221	0	41351
161	37452	319	1512	869	0	40152
162	2238	37988	919	614	0	41759
163	36853	1882	366	2458	0	41559
164	3154	36236	327	1234	0	40951
165	2981	1350	35697	636	0	40664
166	35873	694	1252	2405	0	40224
167	1693	427	35893	2953	0	40966
168	2325	403	1735	36493	0	40956
169	36436	1841	620	1620	0	40517
170	35531	1304	541	2298	0	39674
171	2109	34662	1950	1302	0	40023
172	887	1406	1276	35920	0	39489
173	635	35806	725	2104	0	39270
174	948	1942	35736	850	0	39476
175	566	1559	1918	33489	0	37532
176	796	33217	706	3384	0	38103
177	601	1509	1903	32392	0	36405
178	28956	650	1434	2143	0	33183
179	2368	1837	445	30128	0	34778
180	2335	30064	727	1367	0	34493
181	1223	1153	1756	30897	0	35029
182	666	610	2324	30620	0	34220
183	1951	29546	989	1613	0	34099
184	1185	2914	406	30684	0	35189
185	1578	1259	29398	1677	0	33912
186	890	32077	1310	853	0	35130
187	26353	1216	2055	491	0	30115
188	2563	447	27919	614	0	31543
189	1235	620	27942	402	0	30199
190	589	23572	1505	2152	0	27818
191	380	628	355	22289	0	23652
192	361	346	21753	732	0	23192
193	349	20774	614	490	0	22227
194	371	602	339	21467	0	22779
195	360	364	230	22185	0	23139
196	21518	264	212	878	0	22872
197	708	21086	202	605	0	22601
198	496	652	20383	371	0	21902
199	332	417	21252	390	0	22391
200	297	305	717	19930	0	21249
201	298	271	356	23510	0	24435
202	250	295	279	23928	0	24752
203	243	28871	248	1302	0	30664
204	280	1275	28281	735	0	30571
205	288	739	1213	31271	0	33511
206	236	32285	713	1625	0	34859
207	258	33703	462	882	0	35305
208	257	2094	40915	531	0	43797
209	216	1001	2406	42348	0	45971
210	223	508	46290	2685	0	49706
211	192	410	3040	46474	0	50116
212	186	375	1485	48645	0	50691
213	279	374	44848	3973	0	49474
214	199	45156	2804	2001	0	50160
215	44648	2650	1418	1062	0	49778
216	2610	1431	44100	661	0	48802
217	1209	44970	2913	658	0	49750
218	670	48029	1578	557	0	50834
219	478	3810	45107	518	0	49913
220	44707	1798	2974	481	0	49960
221	2702	1129	1611	38205	0	43647
222	1274	44428	909	2212	0	48823
223	44869	2918	648	1190	0	49625
224	2817	1560	527	41796	0	46700
225	1464	43853	508	2682	0	48507
226	46967	2916	565	1425	0	51873
227	2879	1564	41892	868	0	47203
228	1438	43997	2770	585	0	48790
229	43155	2842	1417	624	0	48038
230	2723	44176	809	531	0	48239
231	40455	2915	488	370	0	44228
232	2766	1534	495	37207	0	42002
233	1375	38485	490	2289	0	42639
234	749	2599	430	40260	0	44038
235	39432	1382	437	2926	0	44177
236	2550	883	38001	1531	0	42965
237	1330	718	40446	908	0	43402
238	859	648	3465	38827	0	43799
239	590	571	1824	40634	0	43619
240	531	622	1019	40283	0	42455
241	420	38698	768	3863	0	43749
242	420	2730	37483	1953	0	42586
243	467	1529	2634	36683	0	41313
244	500	37306	1504	2789	0	42099
245	588	39588	1003	1512	0	42691
246	552	3530	38473	1000	0	43555
247	511	1998	40180	689	0	43378
248	503	1331	41068	627	0	43529
249	532	941	4000	38862	0	44335
250	572	855	39857	2720	0	44004
251	558	771	3342	40245	0	44916
252	564	789	39417	3175	0	43945
253	37481	805	3168	1724	0	43178
254	2657	38854	1741	1139	0	44391
255	1530	43310	1122	822	0	46784
256	987	3927	46786	838	0	52538
257	46201	2081	3519	762	0	52563
258	50017	1240	1823	741	0	53821
259	51041	941	1236	715	0	53933
260	4973	830	46082	689	0	52574
261	2413	717	48706	807	0	52643
262	1266	747	4628	47200	0	53841
263	47696	769	2268	3759	0	54492
264	50551	802	1475	2064	0	54892
265	4610	816	47572	1337	0	54335
266	48921	728	4034	966	0	54649
267	4108	738	2266	47805	0	54917
268	2035	773	48528	3793	0	55129
269	1265	730	50150	2129	0	54274
270	47501	774	5114	1492	0	54881
271	3690	686	49782	1102	0	55260
272	48447	641	4810	1107	0	55005
273	4040	744	49894	1006	0	55684
274	2060	46456	4767	1019	0	54302
275	1419	51146	2746	1065	0	56376
276	1254	4492	2148	48685	0	56579
277	1112	2356	1764	52517	0	57749
278	1091	1528	48792	4795	0	56206
279	1104	1202	4199	48526	0	55031
280	1103	47193	2682	4168	0	55146
281	1348	50592	1993	2222	0	56155
282	1582	53112	1634	1465	0	57793
283	1491	5136	1623	49987	0	58237
284	1353	2872	49281	3664	0	57170
285	1245	1824	51699	2009	0	56777
286	1286	1398	5037	48362	0	56083
287	1440	1135	2739	50945	0	56259
288	1594	991	1860	46172	0	50617
289	1576	47974	1496	4719	0	55765
290	48601	3508	1491	2553	0	56153
291	49006	2085	1486	1739	0	54316
292	4932	49696	1330	1464	0	57422
293	2774	3804	50185	1147	0	57910
294	51946	2213	3965	1028	0	59152
295	4437	1423	51861	1046	0	58767
296	51571	1123	4435	1074	0	58203
297	53709	1136	2634	1171	0	58650
298	53710	1082	1933	1213	0	57938
299	52243	1061	1387	1430	0	56121
300	5292	50228	1470	1407	0	58397
301	46648	3297	1140	1306	0	52391
302	4111	47705	1373	1226	0	54415
303	40326	3141	1181	798	0	45446
304	3283	40728	1096	924	0	46031
305	1512	2973	35019	836	0	40340
306	1103	8160	2567	27601	0	39431
307	864	35544	1709	1979	0	40096
308	626	28799	699	915	0	31039
309	27240	1408	551	554	0	29753
310	23888	529	383	292	0	25092
311	1424	23710	375	315	0	25824
312	781	1131	366	23150	0	25428
313	587	24598	368	932	0	26485
314	25364	1167	354	391	0	27276
315	1461	501	24589	257	0	26808
316	863	325	1131	23892	0	26211
317	600	296	674	24547	0	26117
318	561	272	502	25410	0	26745
319	617	236	24001	1362	0	26216
320	515	23413	1183	562	0	25673
321	640	25521	562	310	0	27033
322	622	1273	387	25593	0	27875
323	576	649	25593	1050	0	27868
324	476	538	1187	25481	0	27682
325	433	499	621	26410	0	27963
326	486	507	451	25243	0	26687
327	518	459	391	25637	0	27005
328	24492	373	407	1534	0	26806
329	1110	24516	434	857	0	26917
330	24859	1167	519	633	0	27178
331	1186	682	24501	554	0	26923
332	696	570	24574	483	0	26323
333	566	562	1289	22599	0	25016
334	468	471	621	23501	0	25061
335	370	24267	494	1362	0	26493
336	372	1138	23768	811	0	26089
337	266	23604	1231	722	0	25823
338	302	1261	23585	578	0	25726
339	21525	599	1236	605	0	23965
340	1148	23685	581	572	0	25986
341	482	1110	22719	412	0	24723
342	454	572	1064	22669	0	24759
343	394	480	22847	1123	0	24844
344	295	21853	1145	599	0	23892
345	322	1088	522	21866	0	23798
346	340	22130	400	1213	0	24083
347	383	1070	21754	670	0	23877
348	425	516	1024	22227	0	24192
349	22115	457	377	1221	0	24170
350	1160	22155	329	529	0	24173
351	577	1155	21225	371	0	23328
352	452	1731	936	19921	0	23040
353	414	535	21047	923	0	22919
354	348	447	20349	412	0	21556
355	256	17796	802	321	0	19175
356	31	140	47	12184	0	12402
357	30	43	36	12259	0	12368
358	22	36	39	12156	0	12253
359	24	39	12135	167	0	12365
360	33	40	13093	61	0	13227
361	11628	37	169	44	0	11878
362	145	50	13320	23	0	13538
363	12127	18	131	27	0	12303
364	114	12356	48	41	0	12559
365	24	112	35	13336	0	13507
366	16	14872	31	120	0	15039
367	3	16101	36	77	0	16217
368	17	132	15339	41	0	15529
369	12	51	117	14861	0	15041
370	18	41	15559	126	0	15744
371	17	58	14508	46	0	14629
372	15651	35	151	40	0	15877
373	120	24	15593	39	0	15776
374	34	31	15125	44	0	15234
375	14187	22	158	53	0	14420
376	119	21	15142	50	0	15332
377	39	32	15783	48	0	15902
378	21	32	153	14434	0	14640
379	21	14974	69	128	0	15192
380	26	121	50	15715	0	15912
381	17	51	52	15397	0	15517
382	15765	29	46	153	0	15993
383	119	29	29	15673	0	15850
384	35	15752	47	155	0	15989
385	15708	147	55	66	0	15976
386	152	67	15491	56	0	15766
387	14970	38	180	45	0	15233
388	222	45	16529	38	0	16834
389	77	44	16391	30	0	16542
390	37	16179	297	44	0	16557
391	17042	218	101	46	0	17407
392	230	15700	87	71	0	16088
393	81	258	15831	32	0	16202
394	58	91	250	14263	0	14662
395	20	15457	107	208	0	15792
396	15872	239	74	69	0	16254
397	15618	83	51	49	0	15801
398	287	15499	60	38	0	15884
399	15923	256	40	34	0	16253
400	261	82	51	14992	0	15386
401	85	15298	66	237	0	15686
402	54	236	50	15946	0	16286
403	30	89	64	17216	0	17399
404	18425	65	44	325	0	18859
405	18143	55	51	110	0	18359
406	18050	58	59	66	0	18233
407	436	38	17766	62	0	18302
408	19268	36	325	48	0	19677
409	363	290	122	20285	0	21060
410	138	62	20379	309	0	20888
411	90	50	18877	113	0	19130
412	62	19224	390	78	0	19754
413	18398	217	102	32	0	18749
414	227	17939	62	41	0	18269
415	105	220	28	18948	0	19301
416	87	93	18	19372	0	19570
417	77	45	20260	272	0	20654
418	61	36	231	18069	0	18397
419	60	32	20403	259	0	20754
420	66	43	19204	117	0	19430
421	44	19656	313	70	0	20083
422	49	200	128	20303	0	20680
423	44	91	71	20352	0	20558
424	20440	56	54	265	0	20815
425	242	50	19891	112	0	20295
426	106	41	217	20751	0	21115
427	20916	35	117	257	0	21325
428	228	38	20685	128	0	21079
429	19782	37	246	90	0	20155
430	20853	32	136	58	0	21079
431	321	39	22653	51	0	23064
432	150	62	244	21537	0	21993
433	84	40	122	22850	0	23096
434	89	42	22501	318	0	22950
435	22605	39	274	158	0	23076
436	25679	28	152	111	0	25970
437	25282	50	102	88	0	25522
438	26005	43	89	72	0	26209
439	26634	46	127	83	0	26890
440	382	80	27316	67	0	27845
441	188	61	27757	84	0	28090
442	123	27550	330	122	0	28125
443	133	219	28386	101	0	28839
444	116	105	293	27468	0	27982
445	139	161	214	24252	0	24766
446	131	54	106	28628	0	28919
447	137	53	86	28853	0	29129
448	141	46	29593	348	0	30128
449	125	27896	268	239	0	28528
450	138	29096	172	132	0	29538
451	122	288	129	29191	0	29730
452	107	29372	128	241	0	29848
453	30118	245	119	128	0	30610
454	28405	137	111	118	0	28771
455	359	29692	101	128	0	30280
456	185	220	100	30374	0	30879
457	136	124	98	31315	0	31673
458	126	84	30804	413	0	31427
459	27770	77	370	216	0	28433
460	30351	90	173	141	0	30755
461	481	30356	142	141	0	31120
462	31322	386	112	125	0	31945
463	546	192	33215	140	0	34093
464	251	32000	453	160	0	32864
465	164	32407	226	148	0	32945
466	148	31294	157	148	0	31747
467	142	592	133	30854	0	31721
468	30869	236	134	502	0	31741
469	532	165	88	31978	0	32763
470	287	118	31771	573	0	32749
471	213	92	504	31283	0	32092
472	229	104	32494	591	0	33418
473	174	107	639	30761	0	31681
474	174	131	295	30839	0	31439
475	152	32031	202	599	0	32984
476	32918	599	171	273	0	33961
477	629	239	148	31436	0	32452
478	283	31394	139	636	0	32452
479	32090	595	144	297	0	33126
480	28833	290	193	239	0	29555
481	31175	177	153	208	0	31713
482	740	31391	158	228	0	32517
483	308	580	32245	189	0	33322
484	212	200	545	32758	0	33715
485	186	160	203	32175	0	32724
486	182	32245	212	705	0	33344
487	150	529	31618	320	0	32617
488	131	202	32119	215	0	32667
489	30991	145	607	173	0	31916
490	563	134	206	32913	0	33816
491	263	120	32788	551	0	33722
492	212	32877	522	260	0	33871
493	220	513	172	32460	0	33365
494	171	33082	171	467	0	33891
495	166	561	34627	230	0	35584
496	32562	213	544	190	0	33509
497	35434	181	222	178	0	36015
498	607	35259	183	215	0	36264
499	282	526	122	36226	0	37156
500	256	200	35525	569	0	36550
501	186	35542	522	288	0	36538
502	35853	588	219	229	0	36889
503	519	34154	181	175	0	35029
504	125	33862	92	119	0	34198
505	135	543	73	33664	0	34415
506	92	33453	83	457	0	34085
507	34265	531	73	135	0	35004
508	485	186	63	32301	0	33035
509	136	148	30804	500	0	31588
510	119	141	29925	147	0	30332
511	102	108	480	30209	0	30899
512	73	30479	197	446	0	31195
513	31738	506	114	127	0	32485
514	483	156	89	31208	0	31936
515	160	169	31157	495	0	31981
516	132	114	453	30717	0	31416
517	76	136	133	31127	0	31472
518	30721	123	100	582	0	31526
519	480	84	98	29403	0	30065
520	150	114	31132	514	0	31910
521	161	115	29475	184	0	29935
522	96	87	539	29187	0	29909
523	87	109	201	29303	0	29700
524	95	116	29944	590	0	30745
525	25869	121	525	275	0	26790
526	494	148	29747	180	0	30569
527	178	29547	542	167	0	30434
528	160	491	142	32032	0	32825
529	147	187	32178	523	0	33035
530	123	166	31220	218	0	31727
531	97	109	571	29211	0	29988
532	30907	125	239	543	0	31814
533	515	140	30531	254	0	31440
534	167	29153	618	238	0	30176
535	30723	524	214	150	0	31611
536	545	212	29512	187	0	30456
537	27834	143	517	209	0	28703
538	28862	130	236	173	0	29401
539	601	27321	208	184	0	28314
540	241	493	191	25281	0	26206
541	172	26421	183	473	0	27249
542	140	583	26286	237	0	27246
543	26262	212	568	200	0	27242
544	27754	196	237	159	0	28346
545	656	147	27756	169	0	28728
546	304	168	28584	147	0	29203
547	223	30796	741	138	0	31898
548	31455	763	270	141	0	32629
549	787	266	207	30485	0	31745
550	288	206	190	29654	0	30338
551	198	30552	192	815	0	31757
552	30954	751	209	309	0	32223
553	799	284	30672	213	0	31968
554	247	197	758	32020	0	33222
555	34563	178	320	860	0	35921
556	1124	33359	304	360	0	35147
557	476	1062	39662	209	0	41409
558	288	422	41312	152	0	42174
559	159	1122	1810	35893	0	38984
560	141	37955	591	1374	0	40061
561	156	1587	40369	356	0	42468
562	120	422	1625	39059	0	41226
563	39068	219	429	1723	0	41439
564	1681	180	41292	431	0	43584
565	421	137	1853	40723	0	43134
566	297	148	41316	1923	0	43684
567	230	141	43363	472	0	44206
568	144	1240	2180	40897	0	44461
569	156	184	42353	1790	0	44483
570	36762	139	2006	512	0	39419
571	1797	138	41818	278	0	44031
572	38165	85	1799	182	0	40231
573	1720	39129	594	182	0	41625
574	41252	1693	313	151	0	43409
575	1711	41906	289	153	0	44059
576	503	1795	227	44221	0	46746
577	279	481	190	46467	0	47417
578	196	255	44678	2088	0	47217
579	177	197	45530	623	0	46527
580	137	129	2082	46493	0	48841
581	194	127	45973	1899	0	48193
582	152	156	1933	43994	0	46235
583	140	42480	733	1782	0	45135
584	193	45620	425	587	0	46825
585	173	2098	411	44986	0	47668
586	179	607	338	46973	0	48097
587	200	382	44055	2186	0	46823
588	191	224	1793	42685	0	44893
589	182	42327	590	1941	0	45040
590	160	43154	444	688	0	44446
591	130	45098	383	474	0	46085
592	159	2185	315	40948	0	43607
593	136	42063	419	1727	0	44345
594	42513	1898	336	605	0	45352
595	1702	594	370	41049	0	43715
596	533	342	39963	1945	0	42783
597	284	325	1865	40120	0	42594
598	253	278	40247	2077	0	42855
599	232	285	40982	766	0	42265
600	190	308	40770	525	0	41793
601	223	36979	2198	491	0	39891
602	199	1811	39727	347	0	42084
603	39455	561	1986	367	0	42369
604	41357	419	680	412	0	42868
605	41900	375	558	333	0	43166
606	2106	333	466	40175	0	43080
607	40120	301	451	1991	0	42863
608	1787	37929	525	763	0	41004
609	561	40653	448	582	0	42244
610	40596	2077	497	495	0	43665
611	1875	759	40034	451	0	43119
612	639	465	1931	39840	0	42875
613	430	407	41570	1989	0	44396
614	368	410	42540	772	0	44090
615	215	41271	2289	578	0	44353
616	310	1924	920	39409	0	42563
617	235	731	732	43488	0	45186
618	41726	476	625	2270	0	45097
619	1764	41094	514	1002	0	44374
620	655	42034	615	627	0	43931
621	595	2199	39953	626	0	43373
622	385	40778	1983	493	0	43639
623	40627	2087	859	496	0	44069
624	41183	864	727	565	0	43339
625	2192	549	41509	474	0	44724
626	691	492	42116	615	0	43914
627	497	400	2555	37963	0	41415
628	431	500	1169	38674	0	40774
629	408	38016	941	2251	0	41616
630	452	2003	726	39012	0	42193
631	479	787	689	39347	0	41302
632	517	38330	625	2411	0	41883
633	454	2067	606	39012	0	42139
634	405	832	683	38649	0	40569
635	348	38384	715	2839	0	42286
636	386	1982	37795	1158	0	41321
637	411	786	2127	39764	0	43088
638	39612	564	983	2227	0	43386
639	40796	599	797	910	0	43102
640	2380	592	38972	548	0	42492
641	38494	592	1970	679	0	41735
642	40555	670	759	580	0	42564
643	2111	37089	583	662	0	40445
644	768	1995	37242	745	0	40750
645	486	793	38383	782	0	40444
646	332	474	2106	37112	0	40024
647	35655	412	800	1840	0	38707
648	38969	412	614	771	0	40766
649	2045	456	544	41958	0	45003
650	45508	449	414	2227	0	48598
651	47298	481	402	800	0	48981
652	47200	470	380	604	0	48654
653	2592	466	44261	604	0	47923
654	920	423	43399	521	0	45263
655	40140	165	1818	412	0	42535
656	1737	239	40803	420	0	43199
657	328	35996	959	133	0	37416
658	230	861	317	37131	0	38539
659	186	299	37052	908	0	38445
660	169	185	36929	292	0	37575
661	134	1378	971	33058	0	35541
662	141	122	36247	771	0	37281
663	150	121	36030	255	0	36556
664	110	29674	811	154	0	30749
665	121	34283	233	94	0	34731
666	35154	663	135	49	0	36001
667	646	211	84	33641	0	34582
668	32813	97	114	1874	0	34898
669	660	56	32969	133	0	33818
670	191	34	676	32125	0	33026
671	110	33	197	34824	0	35164
672	33427	31	130	817	0	34405
673	626	32709	109	279	0	33723
674	174	686	30777	125	0	31762
675	92	212	30658	79	0	31041
676	175	29240	817	117	0	30349
677	64	688	30314	81	0	31147
678	69	29795	694	55	0	30613
679	73	30057	247	71	0	30448
680	145	842	28281	37	0	29305
681	27745	241	706	38	0	28730
682	733	97	206	29403	0	30439
683	245	29476	151	602	0	30474
684	146	639	135	30637	0	31557
685	30330	176	111	737	0	31354
686	30659	107	99	245	0	31110
687	30336	72	120	139	0	30667
688	870	90	29673	95	0	30728
689	270	76	712	29090	0	30148
690	120	29458	350	638	0	30566
691	30598	656	204	198	0	31656
692	655	252	156	30586	0	31649
693	197	191	129	30864	0	31381
694	144	469	105	31656	0	32374
695	142	117	29788	903	0	30950
696	28105	77	690	327	0	29199
697	751	29708	259	218	0	30936
698	293	668	168	30317	0	31446
699	207	213	123	31319	0	31862
700	31305	140	152	878	0	32475
701	844	117	30215	304	0	31480
702	328	93	30426	189	0	31036
703	206	28563	961	168	0	29898
704	164	746	30265	145	0	31320
705	27418	269	914	141	0	28742
706	695	30427	380	176	0	31678
707	244	801	32375	144	0	33564
708	29490	287	873	162	0	30812
709	785	193	32660	155	0	33793
710	288	31512	903	185	0	32888
711	205	808	336	31991	0	33340
712	210	327	198	33181	0	33916
713	218	221	31856	954	0	33249
714	226	143	30940	402	0	31711
715	237	32063	963	279	0	33542
716	31944	762	417	192	0	33315
717	714	33687	324	210	0	34935
718	327	888	221	33764	0	35200
719	273	341	33672	842	0	35128
720	31419	232	857	337	0	32845
721	877	167	382	32750	0	34176
722	312	32112	350	776	0	33550
723	219	34201	348	334	0	35102
724	175	946	289	34060	0	35470
725	160	478	225	34960	0	35823
726	34280	321	185	1004	0	35790
727	804	238	199	35734	0	36975
728	345	165	34968	1003	0	36481
729	34057	153	899	411	0	35520
730	35404	180	418	277	0	36279
731	971	208	34473	254	0	35906
732	33420	203	846	206	0	34675
733	975	223	348	35490	0	37036
734	419	218	259	35963	0	36859
735	308	182	269	35106	0	35865
736	273	179	243	34129	0	34824
737	188	33467	252	1109	0	35016
738	35361	899	217	489	0	36966
739	35933	368	187	378	0	36866
740	1147	275	34616	350	0	36388
741	34748	177	995	311	0	36231
742	38813	178	431	243	0	39665
743	39727	213	300	240	0	40480
744	40691	222	262	219	0	41394
745	1542	38886	220	270	0	40918
746	556	1144	186	38426	0	40312
747	403	405	37660	1204	0	39672
748	258	270	33144	1025	0	34697
749	27991	1034	1512	210	0	30747
750	28329	510	248	93	0	29180
751	722	26892	143	93	0	27850
752	29009	581	91	68	0	29749
753	723	28849	82	72	0	29726
754	290	617	56	30938	0	31901
755	33933	201	66	621	0	34821
756	33374	122	72	221	0	33789
757	32587	69	78	152	0	32886
758	851	32258	96	113	0	33318
759	33834	675	89	111	0	34709
760	819	210	83	34488	0	35600
761	34805	126	116	745	0	35792
762	867	110	31954	237	0	33168
763	357	32893	684	165	0	34099
764	34977	685	216	85	0	35963
765	845	264	33142	98	0	34349
766	327	162	631	33394	0	34514
767	250	101	34738	703	0	35792
768	210	123	35072	236	0	35641
769	157	67	751	33582	0	34557
770	183	82	35171	663	0	36099
771	177	60	704	34160	0	35101
772	173	67	211	35376	0	35827
773	35000	79	150	790	0	36019
774	731	34847	94	310	0	35982
775	263	38716	134	189	0	39302
776	214	39595	127	129	0	40065
777	253	951	37235	120	0	38559
778	178	281	731	36135	0	37325
779	172	182	37621	764	0	38739
780	34745	104	811	249	0	35909
781	37326	102	271	185	0	37884
782	853	37117	212	179	0	38361
783	395	733	122	36803	0	38053
784	241	38102	140	707	0	39190
785	38535	807	134	248	0	39724
786	802	274	128	38199	0	39403
787	323	234	37649	795	0	39001
788	280	35976	784	299	0	37339
789	254	782	36790	217	0	38043
790	211	266	830	36404	0	37711
791	222	233	37203	820	0	38478
792	34732	162	884	287	0	36065
793	878	188	39810	264	0	41140
794	341	39101	903	184	0	40529
795	288	824	303	39847	0	41262
796	244	284	270	41567	0	42365
797	40713	233	199	973	0	42118
798	40587	169	233	383	0	41372
799	940	38724	220	324	0	40208
800	422	773	38896	220	0	40311
801	291	314	38540	213	0	39358
802	38814	244	954	209	0	40221
803	887	200	40163	199	0	41449
804	413	192	39216	192	0	40013
805	341	229	38883	190	0	39643
806	273	211	38227	219	0	38930
807	246	36222	1099	254	0	37821
808	38022	818	494	201	0	39535
809	908	323	359	37530	0	39120
810	38126	273	318	851	0	39568
811	1003	37178	330	376	0	38887
812	37499	876	287	283	0	38945
813	983	38581	294	241	0	40099
814	414	970	318	37738	0	39440
815	322	37277	345	809	0	38753
816	368	1015	36361	358	0	38102
817	314	37652	1023	292	0	39281
818	277	1140	448	43671	0	45536
819	43870	426	360	1211	0	45867
820	1282	378	322	44030	0	46012
821	634	336	43350	1345	0	45665
822	427	304	1306	41348	0	43385
823	325	42396	660	1283	0	44664
824	369	1270	42746	591	0	44976
825	41888	561	1381	432	0	44262
826	1369	394	631	44370	0	46764
827	43122	304	472	1365	0	45263
828	42624	355	397	618	0	43994
829	1552	42877	405	500	0	45334
830	43819	1308	437	340	0	45904
831	43639	574	417	378	0	45008
832	1580	44512	480	342	0	46914
833	721	1245	394	45602	0	47962
834	514	593	415	45494	0	47016
835	370	45309	425	1639	0	47743
836	409	1292	320	47727	0	49748
837	362	668	45988	1519	0	48537
838	379	467	1207	45797	0	47850
839	391	373	45578	1490	0	47832
840	372	378	43427	714	0	44891
841	416	42027	1437	546	0	44426
842	266	41811	626	395	0	43098
843	284	43420	379	328	0	44411
844	251	1237	269	42081	0	43838
845	246	614	41150	959	0	42969
846	40161	356	990	509	0	42016
847	972	283	479	44549	0	46283
848	467	315	45878	1071	0	47731
849	348	332	45210	536	0	46426
850	254	45931	1252	406	0	47843
851	256	1071	549	47301	0	49177
852	46173	552	382	942	0	48049
853	913	45429	321	599	0	47262
854	435	45926	327	410	0	47098
855	305	44285	273	399	0	45262
856	214	1318	969	42439	0	44940
857	227	45247	347	1011	0	46832
858	159	1023	291	46989	0	48462
859	152	533	320	48140	0	49145
860	150	361	45004	1452	0	46967
861	40109	352	1216	751	0	42428
862	1095	369	48527	388	0	50379
863	450	378	1253	47189	0	49270
864	297	434	46845	1306	0	48882
865	222	46752	1275	637	0	48886
866	48643	1303	548	431	0	50925
867	1119	564	365	45604	0	47652
868	449	361	278	48082	0	49170
869	47294	279	298	1520	0	49391
870	46987	273	312	669	0	48241
871	50116	273	311	445	0	51145
872	1601	294	47594	402	0	49891
873	44560	256	1163	343	0	46322
874	1268	47546	474	348	0	49636
875	514	46483	336	299	0	47632
876	358	1516	222	44981	0	47077
877	313	697	198	44821	0	46029
878	274	45004	174	1534	0	46986
879	289	1269	177	46267	0	48002
880	45094	578	200	1462	0	47334
881	1263	424	43673	723	0	46083
882	634	44366	1161	501	0	46662
883	43170	1240	541	474	0	45425
884	1135	43802	444	475	0	45856
885	509	1332	43557	474	0	45872
886	364	664	1217	43976	0	46221
887	364	496	44392	1394	0	46646
888	408	43560	1247	706	0	45921
889	368	1596	551	45308	0	47823
890	424	655	44470	1392	0	46941
891	459	553	44054	660	0	45726
892	391	465	1414	45213	0	47483
893	42872	441	639	1364	0	45316
894	43225	394	451	696	0	44766
895	43755	452	337	559	0	45103
896	1643	415	42811	521	0	45390
897	773	42919	1238	494	0	45424
898	435	1361	639	43350	0	45785
899	358	760	420	42927	0	44465
900	364	43881	402	1551	0	46198
901	44093	1447	376	800	0	46716
902	1217	719	393	43933	0	46262
903	620	520	42490	1557	0	45187
904	468	42596	1253	796	0	45113
905	42372	1409	639	586	0	45006
906	1234	43689	539	558	0	46020
907	614	1407	554	43235	0	45810
908	404	719	504	43958	0	45585
909	401	531	526	44149	0	45607
910	429	531	42386	1707	0	45053
911	423	533	1301	41596	0	43853
912	424	41775	724	1503	0	44426
913	409	41182	559	955	0	43105
914	508	1484	39348	685	0	42025
915	38339	719	1239	604	0	40901
916	39149	1365	583	604	0	41701
917	1463	38761	472	578	0	41274
918	34518	871	264	392	0	36045
919	34401	385	293	427	0	35506
920	1053	33642	283	420	0	35398
921	491	866	263	34159	0	35779
922	493	393	34406	886	0	36178
923	405	492	32796	408	0	34101
924	34536	419	886	436	0	36277
925	952	34566	406	463	0	36387
926	391	1012	296	35892	0	37591
927	371	472	334	36425	0	37602
928	370	386	272	36652	0	37680
929	35276	382	258	1238	0	37154
930	1045	392	317	35330	0	37084
931	528	389	299	36415	0	37631
932	410	275	31567	1066	0	33318
933	29178	313	845	448	0	30784
934	995	30973	363	356	0	32687
935	31441	1000	262	313	0	33016
936	922	29770	298	356	0	31346
937	361	967	279	30800	0	32407
938	30942	410	290	992	0	32634
939	31136	367	247	489	0	32239
940	951	338	29788	414	0	31491
941	31509	290	875	376	0	33050
942	981	319	30758	363	0	32421
943	444	343	29994	333	0	31114
944	407	340	30111	371	0	31229
945	396	305	35062	384	0	36147
946	355	290	1140	33959	0	35744
947	331	297	32927	1196	0	34751
948	284	268	1196	31049	0	32797
949	30765	279	468	1308	0	32820
950	1074	300	399	30991	0	32764
951	28765	303	355	1356	0	30779
952	1156	29410	332	574	0	31472
953	426	1158	297	30065	0	31946
954	444	531	26995	1261	0	29231
955	362	30168	970	586	0	32086
956	385	1066	347	30666	0	32464
957	334	434	28657	1237	0	30662
958	309	28548	947	494	0	30298
959	236	29323	351	431	0	30341
960	253	1203	29063	365	0	30884
961	147	1439	1431	25538	0	28555
962	116	278	26501	855	0	27750
963	24980	128	1004	321	0	26433
964	28423	85	385	275	0	29168
965	1244	27710	304	182	0	29440
966	27982	1071	141	153	0	29347
967	1286	439	122	27785	0	29632
968	464	320	26642	1190	0	28616
969	26795	175	1084	512	0	28566
970	1224	156	25929	432	0	27741
971	392	24073	1077	159	0	25701
972	25781	950	371	106	0	27208
973	1115	344	251	25712	0	27422
974	471	289	24942	1057	0	26759
975	25495	143	1063	403	0	27104
976	25509	117	423	293	0	26342
977	25726	89	331	163	0	26309
978	1488	103	192	25227	0	27010
979	627	99	158	26430	0	27314
980	395	119	25154	1385	0	27053
981	220	25703	1042	620	0	27585
982	192	1026	405	25350	0	26973
983	184	367	293	27487	0	28331
984	204	261	26070	1395	0	27930
985	196	174	26443	617	0	27430
986	182	111	1340	25812	0	27445
987	24321	109	633	1219	0	26282
988	1015	26142	391	524	0	28072
989	26007	1044	251	389	0	27691
990	1243	26947	247	311	0	28748
991	506	1213	26825	207	0	28751
992	407	489	27108	202	0	28206
993	25738	326	1480	219	0	27763
994	31561	190	684	218	0	32653
995	1708	31459	485	269	0	33921
996	824	1389	30083	286	0	32582
997	586	555	1509	30211	0	32861
998	410	459	642	29842	0	31353
999	357	31074	532	1832	0	33795
1000	301	1513	362	32990	0	35166
1001	267	613	32756	1932	0	35568
1002	32564	492	1580	891	0	35527
1003	34370	328	721	673	0	36092
1004	34043	324	560	442	0	35369
1005	35416	252	456	397	0	36521
1006	2489	269	32493	340	0	35591
1007	33885	237	1600	324	0	36046
1008	2227	248	32366	244	0	35085
1009	1059	32523	1884	319	0	35785
1010	860	1458	884	33151	0	36353
1011	33234	652	721	1578	0	36185
1012	1835	513	512	34137	0	36997
1013	915	391	32892	1972	0	36170
1014	33423	330	1680	886	0	36319
1015	35952	301	833	751	0	37837
1016	2309	313	700	34698	0	38020
1017	1273	238	525	37045	0	39081
1018	930	298	33806	2296	0	37330
1019	630	35043	1650	1268	0	38591
1020	35911	1666	793	884	0	39254
1021	2004	785	34202	652	0	37643
1022	33994	617	1741	464	0	36816
1023	2229	35303	895	458	0	38885
1024	34389	1620	713	389	0	37111
1025	2267	34017	550	385	0	37219
1026	1202	35544	535	420	0	37701
1027	1043	2169	495	34099	0	37806
1028	781	1131	484	35971	0	38367
1029	706	841	491	36243	0	38281
1030	675	583	421	37276	0	38955
1031	721	413	33856	2749	0	37739
1032	34559	409	1707	1517	0	38192
1033	36444	326	957	1075	0	38802
1034	37107	339	757	781	0	38984
1035	2819	360	576	35058	0	38813
1036	1600	355	486	36820	0	39261
1037	36048	317	467	2510	0	39342
1038	36192	354	506	1364	0	38416
1039	36884	378	468	1003	0	38733
1040	2836	360	512	34891	0	38599
1041	1730	264	473	34748	0	37215
1042	1373	299	31976	2349	0	35997
1043	1040	344	31708	1336	0	34428
1044	889	32705	2106	1036	0	36736
1045	28413	1338	852	656	0	31259
1046	28696	693	598	566	0	30553
1047	29323	478	486	583	0	30870
1048	2183	380	27281	565	0	30409
1049	27608	892	1408	589	0	30497
1050	28491	286	706	539	0	30022
1051	29316	243	561	506	0	30626
1052	2372	224	464	27783	0	30843
1053	1397	255	422	28521	0	30595
1054	1109	204	410	28700	0	30423
1055	845	219	24043	2118	0	27225
1056	23638	213	1159	1188	0	26198
1057	1649	24856	628	823	0	27956
1058	22959	1085	429	521	0	24994
1059	1670	22348	394	424	0	24836
1060	1017	22872	319	431	0	24639
1061	789	2305	286	21777	0	25157
1062	570	692	248	21639	0	23149
1063	555	21512	245	1443	0	23755
1064	19190	929	166	652	0	20937
1065	19539	474	161	530	0	20704
1066	1270	315	177	18993	0	20755
1067	823	214	19887	1029	0	21953
1068	660	181	19974	581	0	21396
1069	599	198	20314	431	0	21542
1070	557	167	19897	377	0	20998
1071	18049	444	2038	317	0	20848
1072	19040	149	545	316	0	20050
1073	1154	96	388	18411	0	20049
1074	758	88	18635	919	0	20400
1075	570	116	798	18235	0	19719
1076	539	17925	466	850	0	19780
1077	529	20358	326	484	0	21697
1078	20656	897	243	419	0	22215
1079	20896	518	208	409	0	22031
1080	20261	379	225	377	0	21242
1081	1199	288	201	19507	0	21195
1082	760	226	169	20044	0	21199
1083	691	208	197	20547	0	21643
1084	677	178	108	20611	0	21574
1085	592	152	19472	1238	0	21454
1086	458	154	702	20213	0	21527
1087	21150	142	424	1201	0	22917
1088	893	155	384	20417	0	21849
1089	568	157	306	20744	0	21775
1090	565	143	288	19718	0	20714
1091	526	18268	228	1240	0	20262
1092	517	18793	179	760	0	20249
1093	420	21048	205	680	0	22353
1094	814	384	107	15132	0	16437
1095	169	156	102	15274	0	15701
1096	15164	74	94	471	0	15803
1097	14926	75	87	289	0	15377
1098	15186	62	80	220	0	15548
1099	495	56	75	14480	0	15106
1100	238	52	50	13450	0	13790
1101	169	11846	55	377	0	12447
1102	150	12466	56	209	0	12881
1103	12343	274	34	112	0	12763
1104	325	123	45	12189	0	12682
1105	12384	49	48	296	0	12777
1106	12395	48	42	213	0	12698
1107	332	49	46	11961	0	12388
1108	162	13472	61	293	0	13988
1109	14689	234	55	157	0	15135
1110	16172	141	55	87	0	16455
1111	396	82	17434	100	0	18012
1112	16093	49	138	52	0	16332
1113	246	15925	83	67	0	16321
1114	454	163	34	16982	0	17633
1115	19329	92	34	221	0	19676
1116	197	41	39	21466	0	21743
1117	124	28	53	20860	0	21065
1118	85	20472	53	271	0	20881
1119	20969	165	26	137	0	21297
1120	20795	97	24	87	0	21003
1121	279	20114	38	95	0	20526
1122	57	21450	28	25	0	21560
1123	21881	107	19	24	0	22031
1124	21434	50	16	29	0	21529
1125	139	37	20856	40	0	21072
1126	70	41	19971	33	0	20115
1127	31	38	21007	23	0	21099
1128	19	17	130	21302	0	21468
1129	18	21	38	22056	0	22133
1130	29	29	21920	128	0	22106
1131	20997	12	95	61	0	21165
1132	22659	13	34	23	0	22729
1133	22574	15	21	26	0	22636
1134	22391	10	12	31	0	22444
1135	153	21	27070	32	0	27276
1136	27553	11	105	35	0	27704
1137	28608	16	46	29	0	28699
1138	28571	11	32	15	0	28629
1139	28479	11	15	26	0	28531
1140	28149	14	25	29	0	28217
1141	167	18	29557	25	0	29767
1142	73	28474	135	47	0	28729
1143	22	48	16	29969	0	30055
1144	17	14	9	30264	0	30304
1145	25	22	29800	70	0	29917
1146	26985	6	62	29	0	27082
1147	59	7	21	29833	0	29920
1148	37	21	33569	60	0	33687
1149	26	46	31764	34	0	31870
1150	19	33246	106	35	0	33406
1151	22	46	21	36762	0	36851
1152	14	22	12	36855	0	36903
1153	11	29	8	36519	0	36567
1154	37370	6	21	74	0	37471
1155	53	5	4	36857	0	36919
1156	39	25	36104	67	0	36235
1157	33	53	33146	42	0	33274
1158	41	40	37388	23	0	37492
1159	10	27	81	37796	0	37914
1160	40985	9	29	59	0	41082
1161	65	24	40667	28	0	40784
1162	39085	11	61	26	0	39183
1163	48015	6	21	31	0	48073
1164	68	9	17	47667	0	47761
1165	44	6	6	47496	0	47552
1166	23	46096	31	95	0	46245
1167	43	108	45098	35	0	45284
1168	43210	28	96	21	0	43355
1169	88	18	27	47223	0	47356
1170	39	45899	30	116	0	46084
1171	21	102	4	47824	0	47951
1172	31	40	47496	108	0	47675
1173	23	19	101	46061	0	46204
1174	29	44588	61	122	0	44800
1175	14	90	17	47019	0	47140
1176	46483	22	9	95	0	46609
1177	78	23	12	45220	0	45333
1178	30	43655	23	104	0	43812
1179	23	44081	24	78	0	44206
1180	43417	102	22	23	0	43564
1181	126	53	44187	11	0	44377
1182	32	393	76	43165	0	43666
1183	5	8	13	44695	0	44721
1184	18	21	43930	80	0	44049
1185	12	41684	89	83	0	41868
1186	57	88	44271	18	0	44434
1187	11	18	56	43480	0	43565
1188	2	45582	48	91	0	45723
1189	49636	66	7	21	0	49730
1190	62	46855	49	53	0	47019
1191	22	48275	34	41	0	48372
1192	50668	70	10	13	0	50761
1193	47297	26	7	19	0	47349
1194	48068	13	11	16	0	48108
1195	82	12	4	47728	0	47826
1196	38	27	47918	75	0	48058
1197	45515	18	83	31	0	45647
1198	50262	10	28	20	0	50320
1199	179	9	9	52248	0	52445
1200	54	35	52662	331	0	53082
1201	10	50061	327	78	0	50476
1202	52700	313	26	24	0	53063
1203	55823	26	25	14	0	55888
1204	317	54510	30	65	0	54922
1205	40	55749	35	45	0	55869
1206	58797	358	11	15	0	59181
1207	59606	46	10	15	0	59677
1208	56474	20	1976	18	0	58488
1209	378	18	5	56872	0	57273
1210	69	50	56911	372	0	57402
1211	37	23	338	54100	0	54498
1212	64	32	55049	395	0	55540
1213	44	51760	359	80	0	52243
1214	50	53871	54	64	0	54039
1215	39	367	30	54002	0	54438
1216	40	59	27	52893	0	53019
1217	53	50	19	52121	0	52243
1218	48	51433	43	401	0	51925
1219	52851	365	45	57	0	53318
1220	51177	80	26	53	0	51336
1221	396	52508	38	119	0	53061
1222	94	380	29	51542	0	52045
1223	65	51112	30	380	0	51587
1224	67	430	18	53100	0	53615
1225	78	52148	31	386	0	52643
1226	54926	397	40	69	0	55432
1227	396	88	29	53947	0	54460
1228	110	76	52232	420	0	52838
1229	51018	46	363	87	0	51514
1230	52809	53	46	99	0	53007
1231	429	94	52253	78	0	52854
1232	79	65	362	51869	0	52375
1233	93	92	54192	423	0	54800
1234	55	69	384	54912	0	55420
1235	78	102	50768	445	0	51393
1236	46893	78	375	123	0	47469
1237	406	105	46	50035	0	50592
1238	108	47685	85	420	0	48298
1239	50802	423	34	109	0	51368
1240	419	123	32	51700	0	52274
1241	108	98	34	51121	0	51361
1242	140	92	49659	444	0	50335
1243	92	79	372	48762	0	49305
1244	110	112	50715	1020	0	51957
1245	129	108	51968	124	0	52329
1246	102	75	446	53200	0	53823
1247	117	88	59131	491	0	59827
1248	57047	84	677	156	0	57964
1249	70019	71	186	142	0	70418
1250	74133	127	136	115	0	74511
1251	1754	77116	133	181	0	79184
1252	712	1715	95	79398	0	81920
1253	423	592	88	77619	0	78722
1254	243	80372	135	1958	0	82708
1255	80930	1809	139	739	0	83617
1256	1793	611	93	80851	0	83348
1257	647	411	81623	1982	0	84663
1258	508	330	75500	771	0	77109
1259	253	74735	2234	534	0	77756
1260	78632	1717	795	327	0	81471
1261	1974	617	76106	260	0	78957
1262	70465	369	1991	286	0	73111
1263	1954	66109	920	336	0	69319
1264	748	1703	70142	252	0	72845
1265	522	630	71490	226	0	72868
1266	356	407	71188	210	0	72161
1267	305	67833	2621	267	0	71026
1268	309	1805	71266	205	0	73585
1269	69675	576	2267	179	0	72697
1270	1846	398	890	71091	0	74225
1271	723	290	584	73309	0	74906
1272	535	278	358	74585	0	75756
1273	394	254	307	75363	0	76318
1274	442	273	73018	2724	0	76457
1275	351	251	1849	73199	0	75650
1276	328	237	724	76866	0	78155
1277	74700	250	569	2659	0	78178
1278	75974	293	445	1189	0	77901
1279	75195	269	448	808	0	76720
1280	2644	493	71418	611	0	75166
1281	1183	74543	1931	591	0	78248
1282	743	79931	858	530	0	82062
1283	74223	2558	607	497	0	77885
1284	1999	79902	560	492	0	82953
1285	874	2438	526	79321	0	83159
1286	612	997	475	83316	0	85400
1287	503	723	79357	2765	0	83348
1288	497	75151	2349	1217	0	79214
1289	461	2211	76156	755	0	79583
1290	73518	869	2553	585	0	77525
1291	78278	557	1182	485	0	80502
1292	2700	434	863	76908	0	80905
1293	1145	434	684	78492	0	80755
1294	742	400	605	79344	0	81091
1295	603	344	520	80748	0	82215
1296	522	336	76859	3370	0	81087
1297	446	289	2154	77995	0	80884
1298	492	317	77862	3172	0	81843
1299	460	368	73313	1490	0	75631
1300	441	74656	2833	1144	0	79074
1301	77744	2196	1782	833	0	82555
1302	2441	78030	873	810	0	82154
1303	980	2726	595	76321	0	80622
1304	810	1008	78837	2630	0	83285
1305	77490	752	2637	1189	0	82068
1306	2953	555	77668	894	0	82070
1307	79155	515	2944	717	0	83331
1308	80751	496	1271	612	0	83130
1309	3598	467	923	80051	0	85039
1310	1571	525	776	80499	0	83371
1311	1091	525	686	82525	0	84827
1312	918	615	75935	3937	0	81405
1313	76035	567	2840	1753	0	81195
1314	3031	76695	1296	1322	0	82344
1315	1393	2817	974	78550	0	83734
1316	79119	1111	805	3366	0	84401
1317	81286	830	833	1517	0	84466
1318	82113	678	740	1268	0	84799
1319	4392	738	77376	1172	0	83678
1320	79480	691	3138	1260	0	84569
1321	81505	814	1366	1400	0	85085
1322	4257	682	75062	1499	0	81500
1323	1965	723	81596	1278	0	85562
1324	1438	707	4119	79750	0	86014
1325	1352	559	80250	3779	0	85940
1326	944	75726	4318	1768	0	82756
1327	932	83021	2432	1124	0	87509
1328	79046	4059	1732	814	0	85651
1329	3757	82122	1276	868	0	88023
1330	1959	3805	1247	82651	0	89662
1331	77385	1573	1286	3619	0	83863
1332	3704	82246	1026	1778	0	88754
1333	1576	3693	1220	82060	0	88549
1334	1177	1404	1423	84409	0	88413
1335	1030	1060	79039	4875	0	86004
1336	971	812	3764	80948	0	86495
1337	1066	884	79279	4739	0	85968
1338	1150	596	80080	2540	0	84366
1339	1264	545	4100	78803	0	84712
1340	1091	519	1843	81724	0	85177
1341	77849	574	1221	5215	0	84859
1342	3838	87678	1171	2704	0	95391
1343	1845	3873	1042	87348	0	94108
1344	1481	2843	959	90229	0	95512
1345	83289	1173	727	5854	0	91043
1346	4627	82399	841	2872	0	90739
1347	2180	78851	819	1801	0	83651
1348	1587	73907	775	1363	0	77632
1349	773	64905	580	1864	0	68122
1350	51879	3362	3378	635	0	59254
1351	52301	1160	288	533	0	54282
1352	49936	709	265	391	0	51301
1353	50693	406	235	434	0	51768
1354	3084	372	223	48421	0	52100
1355	1179	361	46193	2444	0	50177
1356	779	46505	2135	924	0	50343
1357	540	2222	644	47590	0	50996
1358	445	770	47289	2377	0	50881
1359	447	570	2259	47384	0	50660
1360	454	358	753	49462	0	51027
1361	465	348	47083	2964	0	50860
1362	460	339	2281	47400	0	50480
1363	426	375	789	49099	0	50689
1364	48493	325	628	3047	0	52493
1365	48485	394	428	1234	0	50541
1366	48802	412	306	961	0	50481
1367	48383	362	333	742	0	49820
1368	3658	382	316	44483	0	48839
1369	1509	359	276	47878	0	50022
1370	1043	404	327	49319	0	51093
1371	46226	412	363	3702	0	50703
1372	3028	450	298	47022	0	50798
1373	1182	441	308	49266	0	51197
1374	1071	396	43560	3645	0	48672
1375	797	432	2529	43593	0	47351
1376	808	42684	801	3161	0	47454
1377	735	46489	653	1367	0	49244
1378	44130	2957	496	1040	0	48623
1379	3045	1095	42266	865	0	47271
1380	1140	42087	2446	849	0	46522
1381	42097	2549	829	657	0	46132
1382	2862	837	609	42542	0	46850
1383	1110	673	40836	3030	0	45649
1384	900	842	2555	38286	0	42583
1385	618	40875	802	3048	0	45343
1386	38609	2594	668	1288	0	43159
1387	2601	39309	494	1137	0	43541
1388	40842	2964	394	955	0	45155
1389	42554	1020	386	902	0	44862
1390	3501	812	384	40329	0	45026
1391	1446	550	323	41022	0	43341
1392	1007	40997	347	3495	0	45846
1393	42138	2776	362	1581	0	46857
1394	3143	1034	40675	1249	0	46101
1395	40753	801	3107	1032	0	45693
1396	43111	592	825	968	0	45496
1397	3594	580	39713	922	0	44809
1398	1418	1245	2314	36278	0	41255
1399	37412	549	854	2833	0	41648
1400	2733	520	35624	1288	0	40165
1401	1072	521	34377	1042	0	37012
1402	32528	871	2604	858	0	36861
1403	2365	31493	1096	744	0	35698
1404	1032	31255	589	548	0	33424
1405	829	2510	341	29272	0	32952
1406	694	1117	28764	2137	0	32712
1407	26469	712	1879	869	0	29929
1408	2176	519	27394	732	0	30821
1409	1039	27440	1978	536	0	30993
1410	27761	1925	722	590	0	30998
1411	2137	779	567	27756	0	31239
1412	28429	626	371	2163	0	31589
1413	2423	492	26429	1032	0	30376
1414	1092	434	1880	26209	0	29615
1415	900	27436	729	1922	0	30987
1416	673	2665	574	26234	0	30146
1417	695	869	477	28839	0	30880
1418	764	707	26241	2497	0	30209
1419	821	24982	1791	1228	0	28822
1420	695	25825	822	856	0	28198
1421	1103	2038	24819	684	0	28644
1422	22623	867	1765	578	0	25833
1423	24502	618	838	581	0	26539
1424	2239	1508	637	22638	0	27022
1425	22329	339	467	1778	0	24913
1426	1945	20817	475	933	0	24170
1427	815	21318	446	827	0	23406
1428	21836	1779	385	647	0	24647
1429	1787	916	390	21811	0	24904
1430	21497	580	364	1745	0	24186
1431	22528	344	320	896	0	24088
1432	2204	358	311	20456	0	23329
1433	1154	402	19511	1752	0	22819
1434	20133	326	1509	790	0	22758
1435	21304	406	641	627	0	22978
1436	2165	359	531	19612	0	22667
1437	1124	20168	411	1709	0	23412
1438	795	1546	347	21113	0	23801
1439	668	674	19736	1997	0	23075
1440	614	588	20212	929	0	22343
1441	541	20102	1920	808	0	23371
1442	250	858	350	9710	0	11168
1443	302	287	237	11048	0	11874
1444	314	194	10359	992	0	11859
1445	9971	195	854	392	0	11412
1446	11119	174	296	264	0	11853
1447	10881	185	232	206	0	11504
1448	11163	191	204	187	0	11745
1449	1157	9582	188	193	0	11120
1450	492	10434	154	230	0	11310
1451	10524	991	154	210	0	11879
1452	999	337	159	11129	0	12624
1453	426	237	192	11566	0	12421
1454	346	10876	204	1073	0	12499
1455	328	921	181	11319	0	12749
1456	301	339	151	11565	0	12356
1457	287	10863	176	1111	0	12437
1458	279	916	10615	498	0	12308
1459	262	347	867	11255	0	12731
1460	11123	245	368	1045	0	12781
1461	11839	223	236	397	0	12695
1462	1177	207	9703	1486	0	12573
1463	473	233	11670	380	0	12756
1464	384	177	11691	250	0	12502
1465	320	161	1121	11157	0	12759
1466	327	188	11249	1031	0	12795
1467	232	147	10793	299	0	11471
1468	193	192	1004	9990	0	11379
1469	580	11071	317	575	0	12543
1470	234	528	11788	316	0	12866
1471	191	12177	534	258	0	13160
1472	12617	623	244	215	0	13699
1473	551	12609	189	229	0	13578
1474	294	585	161	12387	0	13427
1475	12307	279	145	620	0	13351
1476	644	168	191	12235	0	13238
1477	329	158	154	12670	0	13311
1478	255	146	11788	779	0	12968
1479	219	11504	571	421	0	12715
1480	181	12382	313	294	0	13170
1481	141	529	157	10746	0	11573
1482	134	222	142	10986	0	11484
1483	106	142	114	11342	0	11704
1484	121	119	10695	649	0	11584
1485	105	100	10256	294	0	10755
1486	9429	85	429	184	0	10127
1487	385	105	9910	151	0	10551
1488	122	62	8567	105	0	8856
1489	84	8674	314	118	0	9190
1490	92	912	166	9196	0	10366
1491	68	97	9139	287	0	9591
1492	42	34	233	8448	0	8757
1493	50	32	8562	269	0	8913
1494	39	30	243	8620	0	8932
1495	45	41	8821	264	0	9171
1496	36	35	249	8707	0	9027
1497	23	44	91	8820	0	8978
1498	26	8637	67	300	0	9030
1499	19	221	68	9130	0	9438
1500	25	9035	59	301	0	9420
1501	28	256	59	9363	0	9706
1502	21	76	65	9531	0	9693
1503	9204	53	68	341	0	9666
1504	245	57	58	9310	0	9670
1505	79	45	9097	313	0	9534
1506	42	33	256	9153	0	9484
1507	42	33	93	9488	0	9656
1508	33	33	8138	386	0	8590
1509	42	43	8037	155	0	8277
1510	41	37	308	7879	0	8265
1511	27	31	123	8416	0	8597
1512	38	52	7904	373	0	8367
1513	12	7216	299	168	0	7695
1514	16	7793	106	153	0	8068
1515	7704	295	75	132	0	8206
1516	241	103	58	7862	0	8264
1517	7813	58	80	321	0	8272
1518	7746	54	74	156	0	8030
1519	293	7568	88	122	0	8071
1520	7804	259	73	134	0	8270
1521	7947	94	66	107	0	8214
1522	301	64	7590	117	0	8072
1523	105	39	299	7649	0	8092
1524	62	50	7629	336	0	8077
1525	51	33	302	7830	0	8216
1526	44	56	7554	335	0	7989
1527	49	7307	326	155	0	7837
1528	40	6756	89	84	0	6969
1529	47	213	59	6818	0	7137
1530	7276	64	72	228	0	7640
1531	193	57	47	7749	0	8046
1532	63	34	69	7935	0	8101
1533	61	43	7733	271	0	8108
1534	44	42	7796	126	0	8008
1535	58	60	7029	107	0	7254
1536	60	44	217	6899	0	7220
1537	29	58	99	6991	0	7177
1538	38	6939	81	278	0	7336
1539	39	7299	79	133	0	7550
1540	7024	229	83	115	0	7451
1541	189	7082	70	132	0	7473
1542	68	247	7073	97	0	7485
1543	30	79	234	7124	0	7467
1544	48	59	7061	269	0	7437
1545	54	7183	222	133	0	7592
1546	24	197	101	7466	0	7788
1547	7213	57	106	285	0	7661
1548	195	51	7189	126	0	7561
1549	47	6958	243	145	0	7393
1550	46	215	7092	103	0	7456
1551	28	6869	253	122	0	7272
1552	19	160	46	6303	0	6528
1553	6308	55	43	187	0	6593
1554	6261	44	44	80	0	6429
1555	130	6171	37	89	0	6427
1556	6293	151	54	71	0	6569
1557	145	38	45	6243	0	6471
1558	6298	31	56	194	0	6579
1559	162	37	6180	83	0	6462
1560	46	30	6150	73	0	6299
1561	35	51	157	5802	0	6045
1562	41	28	50	6702	0	6821
1563	43	48	5922	178	0	6191
1564	26	38	159	5950	0	6173
1565	5965	45	47	196	0	6253
1566	5977	36	48	83	0	6144
1567	154	5768	51	81	0	6054
1568	56	5727	47	70	0	5900
1569	5003	172	37	69	0	5281
1570	167	39	48	4492	0	4746
1571	4398	37	39	207	0	4681
1572	164	3925	47	62	0	4198
1573	4035	142	47	58	0	4282
1574	135	41	3514	43	0	3733
1575	44	24	3578	53	0	3699
1576	37	24	136	3541	0	3738
1577	34	38	3565	136	0	3773
1578	39	42	132	4209	0	4422
1579	31	46	34	4304	0	4415
1580	45	42	4442	145	0	4674
1581	35	38	130	4388	0	4591
1582	39	38	40	4682	0	4799
1583	46	30	4575	149	0	4800
1584	33	33	5241	69	0	5376
1585	5114	28	137	63	0	5342
1586	148	28	5367	55	0	5598
1587	6608	30	153	51	0	6842
1588	6910	28	65	61	0	7064
1589	247	15	8007	41	0	8310
1590	72	11	8260	13	0	8356
1591	35	10	273	7889	0	8207
1592	22	14	107	7936	0	8079
1593	23	8221	64	249	0	8557
1594	17	8575	39	112	0	8743
1595	26	273	8217	61	0	8577
1596	7932	99	236	40	0	8307
1597	8410	56	98	38	0	8602
1598	291	36	8316	33	0	8676
1599	120	42	8314	24	0	8500
1600	58	25	272	8046	0	8401
1601	38	8965	133	177	0	9313
1602	43	190	69	8984	0	9286
1603	35	77	48	9412	0	9572
1604	9292	50	33	277	0	9652
1605	9314	35	35	114	0	9498
1606	266	19	38	10530	0	10853
1607	133	28	10225	228	0	10614
1608	9657	15	193	113	0	9978
1609	216	10283	88	76	0	10663
1610	10757	191	49	55	0	11052
1611	10795	84	29	41	0	10949
1612	296	10723	36	32	0	11087
1613	142	11160	30	34	0	11366
1614	82	296	28	10954	0	11360
1615	56	129	36	10965	0	11186
1616	47	10914	32	285	0	11278
1617	44	241	28	11429	0	11742
1618	34	107	22	11695	0	11858
1619	34	91	11236	348	0	11709
1620	11129	56	233	167	0	11585
1621	11711	34	108	102	0	11955
1622	11887	25	65	72	0	12049
1623	370	31	51	11549	0	12001
1624	11654	21	47	281	0	12003
1625	319	11254	47	156	0	11776
1626	174	251	40	10911	0	11376
1627	122	11040	39	227	0	11428
1628	85	11465	29	136	0	11715
1629	11664	309	27	88	0	12088
1630	11204	140	23	48	0	11415
1631	10809	84	19	45	0	10957
1632	10813	51	35	37	0	10936
1633	10851	54	28	40	0	10973
1634	424	47	10066	36	0	10573
1635	10342	40	218	28	0	10628
1636	362	53	10414	30	0	10859
1637	10036	30	269	24	0	10359
1638	10288	29	142	18	0	10477
1639	10196	31	90	39	0	10356
1640	421	39	12426	45	0	12931
1641	217	47	241	11692	0	12197
1642	126	12818	136	196	0	13276
1643	13307	241	73	102	0	13723
1644	13274	114	63	70	0	13521
1645	374	13005	54	59	0	13492
1646	13626	241	51	39	0	13957
1647	337	126	62	12802	0	13327
1648	184	12835	47	220	0	13286
1649	13571	245	30	122	0	13968
1650	13507	151	28	96	0	13782
1651	402	92	45	13297	0	13836
1652	13582	73	60	278	0	13993
1653	354	59	76	13324	0	13813
1654	221	49	64	13580	0	13914
1655	151	76	13052	402	0	13681
1656	138	65	235	12945	0	13383
1657	134	89	116	13425	0	13764
1658	129	97	13083	373	0	13682
1659	143	85	13730	209	0	14167
1660	154	47	353	13833	0	14387
1661	122	71	13985	308	0	14486
1662	12783	51	348	185	0	13367
1663	279	14701	210	151	0	15341
1664	161	256	125	15144	0	15686
1665	127	158	77	15503	0	15865
1666	101	94	65	15568	0	15828
1667	15879	53	56	439	0	16427
1668	15573	46	59	247	0	15925
1669	15692	50	52	151	0	15945
1670	459	15167	58	120	0	15804
1671	278	234	47	15711	0	16270
1672	214	146	45	15972	0	16377
1673	15956	113	23	349	0	16441
1674	15826	104	17	192	0	16139
1675	436	110	14	15679	0	16239
1676	264	122	15251	293	0	15930
1677	15080	103	224	201	0	15608
1678	15036	91	107	170	0	15404
1679	430	66	14650	157	0	15303
1680	13940	57	231	140	0	14368
1681	395	58	15513	130	0	16096
1682	17135	25	305	110	0	17575
1683	378	20	180	17161	0	17739
1684	282	18727	137	260	0	19406
1685	265	203	19286	140	0	19894
1686	215	18933	280	120	0	19548
1687	133	18132	103	83	0	18451
1688	21559	680	72	58	0	22369
1689	108	57	26	19689	0	19880
1690	46	26	16	18742	0	18830
1691	21136	23	17	135	0	21311
1692	107	14	16	21196	0	21333
1693	48	22	18	21033	0	21121
1694	34	17	9	21472	0	21532
1695	30	19	10	21223	0	21282
1696	42	9	21613	141	0	21805
1697	29	24	20589	75	0	20717
1698	25	20188	117	63	0	20393
1699	21999	78	40	39	0	22156
1700	101	37	25	22688	0	22851
1701	55	21089	54	104	0	21302
1702	29	119	17	24081	0	24246
1703	24	41	18	23813	0	23896
1704	19	26	19	23695	0	23759
1705	27	19	3	23959	0	24008
1706	27	17	12	23034	0	23090
1707	27	22058	13	145	0	22243
1708	13	93	11	23307	0	23424
1709	34	45	22471	125	0	22675
1710	27	21635	88	105	0	21855
1711	18	64	25	22429	0	22536
1712	14	33	15	22475	0	22537
1713	9	21664	16	109	0	21798
1714	12	21923	25	57	0	22017
1715	22430	84	13	31	0	22558
1716	67	21424	27	38	0	21556
1717	21955	41	4	4	0	22004
1718	21408	11	0	7	0	21426
1719	56	15	21917	4	0	21992
1720	16	13	49	20489	0	20567
1721	18	9	22765	43	0	22835
1722	2	21733	61	36	0	21832
1723	8	51	14	22730	0	22803
1724	5	14	2	23587	0	23608
1725	2	7	1	23680	0	23690
1726	2	3	1	23865	0	23871
1727	14	8	23827	87	0	23936
1728	3	1	71	23385	0	23460
1729	18	11	24767	86	0	24882
1730	15	23	24094	21	0	24153
1731	22071	13	121	24	0	22229
1732	24167	4	28	16	0	24215
1733	24684	1	14	15	0	24714
1734	108	23399	34	27	0	23568
1735	36	98	6	25109	0	25249
1736	41	39	26054	97	0	26231
1737	12	15	103	25139	0	25269
1738	15	16	26191	109	0	26331
1739	25062	6	104	40	0	25212
1740	23902	1	28	21	0	23952
1741	24144	12	15	20	0	24191
1742	136	18	23175	22	0	23351
1743	44	39	22365	11	0	22459
1744	22	7	124	23259	0	23412
1745	12	10	42	23748	0	23812
1746	13	5	16	24606	0	24640
1747	23	15	24298	140	0	24476
1748	27	46	22724	53	0	22850
1749	23336	4	138	32	0	23510
1750	108	9	35	25362	0	25514
1751	31	5	28	25398	0	25462
1752	26423	3	22	148	0	26596
1753	114	0	11	26090	0	26215
1754	27883	8	14	129	0	28034
1755	27874	7	18	60	0	27959
1756	26906	21	18	44	0	26989
1757	164	11	28302	26	0	28503
1758	48	26594	129	41	0	26812
1759	28042	97	31	19	0	28189
1760	122	21	18	27484	0	27645
1761	42	10	14	27465	0	27531
1762	24	26642	30	130	0	26826
1763	26814	102	18	43	0	26977
1764	26204	21	21	37	0	26283
1765	26422	16	24	30	0	26492
1766	141	26567	39	42	0	26789
1767	29899	103	15	25	0	30042
1768	29682	24	10	29	0	29745
1769	29624	14	13	27	0	29678
1770	157	21	15	28352	0	28545
1771	58	6	8	29325	0	29397
1772	54	14	29441	157	0	29666
1773	38	18	114	27762	0	27932
1774	30	13	26	29163	0	29232
1775	36	19	29331	157	0	29543
1776	27520	12	121	61	0	27714
1777	29929	6	41	41	0	30017
1778	149	11	20	29176	0	29356
1779	59	28541	34	134	0	28768
1780	89	28941	24	63	0	29117
1781	40	150	15	28929	0	29134
1782	49	51	26626	131	0	26857
1783	41	21	98	25525	0	25685
1784	46	21	25977	143	0	26187
1785	50	111	24811	58	0	25030
1786	34	14	86	27139	0	27273
1787	29198	8	31	97	0	29334
1788	27597	11	34	58	0	27700
1789	107	8	25	28045	0	28185
1790	52	17	29	28262	0	28360
1791	37	6	19	27439	0	27501
1792	26	14	29	27045	0	27114
1793	28418	8	33	121	0	28580
1794	27220	8	34	73	0	27335
1795	27285	8	28	60	0	27381
1796	122	13	27073	44	0	27252
1797	67	13	81	26688	0	26849
1798	50	14	27	27605	0	27696
1799	27270	7	30	122	0	27429
1800	95	24625	55	74	0	24849
1801	25727	66	26	57	0	25876
1802	24438	19	29	49	0	24535
1803	24350	14	25	41	0	24430
1804	24245	18	35	42	0	24340
1805	140	48	25321	38	0	25547
1806	80	76	23326	38	0	23520
1807	27268	10	92	41	0	27411
1808	28052	14	39	43	0	28148
1809	27652	10	38	38	0	27738
1810	28852	12	27	41	0	28932
1811	225	23	31694	48	0	31990
1812	92	31450	251	51	0	31844
1813	75	225	87	38566	0	38953
1814	40205	95	38	394	0	40732
1815	40633	42	26	172	0	40873
1816	43884	23	30	120	0	44057
1817	45598	19	31	69	0	45717
1818	45535	13	24	73	0	45645
1819	44781	24	88	68	0	44961
1820	1092	59	41367	58	0	42576
1821	528	54	41659	30	0	42271
1822	358	32	772	41962	0	43124
1823	250	39	42970	603	0	43862
1824	203	40414	721	261	0	41599
1825	190	41507	322	173	0	42192
1826	148	780	218	42690	0	43836
1827	164	340	43896	626	0	45026
1828	127	228	41289	289	0	41933
1829	40577	99	1156	177	0	42009
1830	45757	98	408	100	0	46363
1831	1002	104	248	45889	0	47243
1832	47235	77	169	811	0	48292
1833	977	64	170	46450	0	47661
1834	445	50	144	47846	0	48485
1835	349	38	47481	1116	0	48984
1836	240	78	45360	506	0	46184
1837	189	52	1048	45638	0	46927
1838	229	69	46064	955	0	47317
1839	42603	41	1014	499	0	44157
1840	46865	40	441	316	0	47662
1841	1146	47050	358	594	0	49148
1842	50081	836	229	196	0	51342
1843	1219	303	48409	177	0	50108
1844	48114	159	998	139	0	49410
1845	49855	83	409	128	0	50475
1846	50118	78	278	143	0	50617
1847	1581	90	212	46860	0	48743
1848	767	47359	245	884	0	49255
1849	49792	889	220	361	0	51262
1850	49692	339	200	250	0	50481
1851	1452	230	228	49573	0	51483
1852	49764	126	190	1097	0	51177
1853	1347	48858	196	535	0	50936
1854	696	1023	156	49073	0	50948
1855	578	437	47642	1132	0	49789
1856	41849	270	1065	559	0	43743
1857	1330	168	47004	378	0	48880
1858	725	115	1178	47178	0	49196
1859	564	47644	504	1199	0	49911
1860	506	52133	353	544	0	53536
1861	434	1529	268	51424	0	53655
1862	399	54298	322	1391	0	56410
1863	377	1698	314	72460	0	74849
1864	402	589	285	77956	0	79232
1865	387	448	275	79467	0	80577
1866	74568	317	227	3656	0	78768
1867	2813	307	195	74698	0	78013
1868	1164	367	70291	3345	0	75167
1869	800	71124	2516	1427	0	75867
1870	72615	2505	796	888	0	76804
1871	3099	854	464	71699	0	76116
1872	1320	532	351	74174	0	76377
1873	888	367	349	76180	0	77784
1874	854	449	69978	3833	0	75114
1875	702	71018	2622	1657	0	75999
1876	72369	2690	948	1074	0	77081
1877	2942	1018	631	68018	0	72609
1878	1153	72034	513	2942	0	76642
1879	73293	2833	490	1353	0	77969
1880	3113	1152	70754	976	0	75995
1881	71599	718	2818	849	0	75984
1882	3401	560	73101	737	0	77799
1883	1411	631	73323	704	0	76069
1884	1047	71569	3488	755	0	76859
1885	808	2769	1387	72341	0	77305
1886	886	1033	69746	3078	0	74743
1887	739	67463	3141	1442	0	72785
1888	634	2802	1325	65763	0	70524
1889	501	66698	963	3025	0	71187
1890	585	3024	66939	1307	0	71855
1891	490	1234	3040	67445	0	72209
1892	554	882	67438	3374	0	72248
1893	496	708	3189	67262	0	71655
1894	561	603	1312	70060	0	72536
1895	594	563	66025	4027	0	71209
1896	626	502	3124	67990	0	72242
1897	64678	454	1357	3761	0	70250
1898	2894	65145	1036	1940	0	71015
1899	1298	2897	64702	1439	0	70336
1900	65404	1122	3035	1173	0	70734
1901	3301	785	1262	63233	0	68581
1902	1470	65856	893	3681	0	71900
1903	68678	2909	716	1559	0	73862
1904	71506	1270	757	1110	0	74643
1905	3933	916	638	66548	0	72035
1906	1738	718	557	69104	0	72117
1907	1136	627	573	69446	0	71782
1908	916	629	584	68197	0	70326
1909	893	64891	638	4519	0	70941
1910	788	3144	620	62561	0	67113
1911	772	59834	520	3674	0	64800
1912	749	61411	616	2017	0	64793
1913	546	58345	560	1485	0	60936
1914	700	3465	50775	1168	0	56108
1915	533	54390	2548	1146	0	58617
1916	48776	3059	1572	1023	0	54430
1917	2325	49161	628	1278	0	53392
1918	906	2703	560	45442	0	49611
1919	718	49321	519	2843	0	53401
1920	619	2767	536	49119	0	53041
1921	644	1280	616	51631	0	54171
1922	605	996	47593	3472	0	52666
1923	46459	890	2430	1749	0	51528
1924	49538	932	919	1371	0	52760
1925	50379	719	702	1354	0	53154
1926	2908	48865	696	1521	0	53990
1927	1176	2480	763	49584	0	54003
1928	990	1166	47239	3134	0	52529
1929	779	47928	2577	1605	0	52889
1930	781	3064	1028	41106	0	45979
1931	708	45384	746	2328	0	49166
1932	45402	2489	682	1183	0	49756
1933	46530	1289	673	850	0	49342
1934	46264	887	749	832	0	48732
1935	46412	748	813	820	0	48793
1936	2943	684	851	43324	0	47802
1937	1225	722	847	43644	0	46438
1938	918	45576	770	2840	0	50104
1939	790	2470	624	47204	0	51088
1940	693	1110	44766	3080	0	49649
1941	497	891	2237	44597	0	48222
1942	508	811	42088	3031	0	46438
1943	434	42200	2412	1609	0	46655
1944	473	2359	42577	1122	0	46531
1945	412	1048	2654	43246	0	47360
1946	434	791	43581	2823	0	47629
1947	418	703	2561	44175	0	47857
1948	438	745	1112	44748	0	47043
1949	582	612	891	44896	0	46981
1950	576	686	730	45081	0	47073
1951	42014	640	555	3245	0	46454
1952	2224	42143	528	1661	0	46556
1953	42162	2317	504	1309	0	46292
1954	2376	1029	40524	1191	0	45120
1955	40895	820	2046	1151	0	44912
1956	43154	625	772	1129	0	45680
1957	2839	743	40578	1001	0	45161
1958	1456	615	39094	895	0	42060
1959	958	38120	2280	1034	0	42392
1960	681	37832	883	1018	0	40414
1961	1127	2384	34525	990	0	39026
1962	403	31852	1599	854	0	34708
1963	80	1203	142	14711	0	16136
1964	12128	51	38	174	0	12391
1965	162	57	17	12116	0	12352
1966	12446	36	10	214	0	12706
1967	12399	27	18	57	0	12501
1968	197	12974	38	72	0	13281
1969	13539	160	18	23	0	13740
1970	13591	47	18	22	0	13678
1971	211	68	27	13211	0	13517
1972	14292	28	14	170	0	14504
1973	208	14306	28	73	0	14615
1974	57	203	23	14855	0	15138
1975	14918	66	28	244	0	15256
1976	224	86	14494	86	0	14890
1977	14751	39	247	76	0	15113
1978	326	20	75	14986	0	15407
1979	94	38	15003	278	0	15413
1980	101	52	14380	70	0	14603
1981	14271	439	290	79	0	15079
1982	14015	22	89	47	0	14173
1983	300	16	71	12938	0	13325
1984	109	18	18	13170	0	13315
1985	78	23	22	12681	0	12804
1986	47	12800	27	322	0	13196
1987	13186	242	20	123	0	13571
1988	267	13264	34	97	0	13662
1989	13551	296	30	37	0	13914
1990	336	76	13038	40	0	13490
1991	106	53	247	13319	0	13725
1992	13571	26	69	293	0	13959
1993	280	25	87	13467	0	13859
1994	97	28	56	13343	0	13524
1995	88	13601	57	321	0	14067
1996	13999	251	52	115	0	14417
1997	259	13792	56	102	0	14209
1998	98	297	42	14118	0	14555
1999	79	96	13571	304	0	14050
2000	12431	74	261	115	0	12881
2001	297	48	13491	103	0	13939
2002	11767	60	295	84	0	12206
2003	328	12148	91	64	0	12631
2004	102	276	72	10994	0	11444
2005	99	11195	45	280	0	11619
2006	12378	289	34	86	0	12787
2007	290	95	23	12189	0	12597
2008	112	71	34	12593	0	12810
2009	144	51	11724	324	0	12243
2010	11223	57	251	147	0	11678
2011	316	42	59	12356	0	12773
2012	113	50	11280	310	0	11753
2013	108	11010	279	117	0	11514
2014	90	264	80	11600	0	12034
2015	11594	74	97	299	0	12064
2016	285	96	67	11581	0	12029
2017	129	55	11265	330	0	11779
2018	13326	43	268	111	0	13748
2019	522	53	73	13845	0	14493
2020	137	45	16010	535	0	16727
2021	133	37	597	16246	0	17013
2022	76	72	126	15953	0	16227
2023	95	16118	128	686	0	17027
2024	15269	632	65	237	0	16203
2025	622	15280	42	208	0	16152
2026	15379	723	60	89	0	16251
2027	730	185	45	14221	0	15181
2028	198	15173	55	589	0	16015
2029	197	638	45	15421	0	16301
2030	103	160	14859	787	0	15909
2031	14907	154	605	222	0	15888
2032	673	90	136	15386	0	16285
2033	190	57	155	15816	0	16218
2034	191	70	90	16067	0	16418
2035	145	68	14919	922	0	16054
2036	110	75	14879	363	0	15427
2037	98	14896	715	264	0	15973
2038	75	511	161	12391	0	13138
2039	12133	127	114	552	0	12926
2040	514	13057	67	176	0	13814
2041	138	540	49	13390	0	14117
2042	14510	143	52	614	0	15319
2043	13981	130	45	186	0	14342
2044	661	13571	63	183	0	14478
2045	16251	609	50	110	0	17020
2046	18508	147	48	126	0	18829
2047	964	145	61	18221	0	19391
2048	335	18102	76	917	0	19430
2049	230	785	57	19276	0	20348
2050	18734	219	65	1075	0	20093
2051	963	212	18555	338	0	20068
2052	353	135	829	19208	0	20525
2053	309	143	208	20190	0	20850
2054	240	167	18765	1245	0	20417
2055	154	165	886	19731	0	20936
2056	19248	126	228	1293	0	20895
2057	19210	154	274	473	0	20111
2058	1114	84	201	19723	0	21122
2059	480	139	18229	1297	0	20145
2060	328	172	17435	615	0	18550
2061	264	18306	1004	566	0	20140
2062	327	20168	393	560	0	21448
2063	646	1088	348	19534	0	21616
2064	19001	367	234	1363	0	20965
2065	1064	19475	233	636	0	21408
2066	19317	989	393	551	0	21250
2067	1182	356	277	19444	0	21259
2068	482	380	245	19400	0	20507
2069	17959	264	241	1497	0	19961
2070	1123	18116	182	839	0	20260
2071	18757	1049	281	665	0	20752
2072	1376	462	17381	662	0	19881
2073	631	545	17270	459	0	18905
2074	518	351	1065	17054	0	18988
2075	596	220	16915	1357	0	19088
2076	386	313	17105	600	0	18404
2077	366	361	1120	16631	0	18478
2078	459	330	16635	1332	0	18756
2079	435	260	1369	16390	0	18454
2080	324	229	485	17622	0	18660
2081	641	195	17254	1385	0	19475
2082	495	304	1221	17449	0	19469
2083	335	294	546	17760	0	18935
2084	401	17140	754	1349	0	19644
2085	17499	997	667	853	0	20016
2086	1157	571	17963	793	0	20484
2087	403	587	1211	18197	0	20398
2088	487	224	705	19355	0	20771
2089	445	264	17909	1649	0	20267
2090	16605	415	1241	960	0	19221
2091	1219	18182	596	860	0	20857
2092	478	941	524	18838	0	20781
2093	477	362	583	18861	0	20283
2094	528	18158	486	1608	0	20780
2095	310	1132	17084	1005	0	19531
2096	482	17625	1167	898	0	20172
2097	18006	1116	768	692	0	20582
2098	1045	494	18571	702	0	20812
2099	452	430	1102	18708	0	20692
2100	467	376	18489	1468	0	20800
2101	371	411	18566	828	0	20176
2102	403	18043	1323	988	0	20757
2103	418	1094	885	18394	0	20791
2104	18296	459	646	1601	0	21002
2105	18799	405	504	1121	0	20829
2106	1134	18631	738	756	0	21259
2107	664	1051	547	19379	0	21641
2108	18439	597	563	1534	0	21133
2109	19066	750	463	788	0	21067
2110	1395	18603	527	870	0	21395
2111	19227	1126	681	628	0	21662
2112	1363	515	483	19444	0	21805
2113	630	19489	555	1329	0	22003
2114	664	1070	590	20095	0	22419
2115	705	561	438	20535	0	22239
2116	527	685	727	20858	0	22797
2117	562	474	19656	1688	0	22380
2118	441	487	16882	1042	0	18852
2119	479	17741	891	692	0	19803
2120	16439	686	552	546	0	18223
2121	799	16466	290	594	0	18149
2122	617	692	349	16900	0	18558
2123	385	392	17497	936	0	19210
2124	353	364	792	16720	0	18229
2125	282	438	639	17550	0	18909
2126	442	408	540	18291	0	19681
2127	17858	506	301	1107	0	19772
2128	657	421	304	18312	0	19694
2129	502	237	19160	1082	0	20981
2130	18419	386	780	631	0	20216
2131	18626	435	383	764	0	20208
2132	19604	327	365	762	0	21058
2133	19899	205	303	589	0	20996
2134	19722	335	335	567	0	20959
2135	855	18992	414	499	0	20760
2136	687	654	354	18702	0	20397
2137	522	18988	231	963	0	20704
2138	19636	833	279	572	0	21320
2139	19644	303	249	654	0	20850
2140	18317	225	344	578	0	19464
2141	797	18213	323	588	0	19921
2142	493	17026	445	346	0	18310
2143	392	17456	328	378	0	18554
2144	547	777	16576	270	0	18170
2145	580	1310	296	12671	0	14857
2146	208	11652	104	166	0	12130
2147	1	11138	5	11	0	11155
2148	1	2	2	11429	0	11434
2149	0	2	0	11056	0	11058
2150	1	9	10948	5	0	10963
2151	9889	1	2	6	0	9898
2152	0	0	0	11671	0	11671
2153	0	2	0	11429	0	11431
2154	4	6	11294	5	0	11309
2155	5	12	10346	9	0	10372
2156	1	12186	9	8	0	12204
2157	0	2	0	13029	0	13031
2158	0	2	0	12996	0	12998
2159	6	8	12556	0	0	12570
2160	11532	5	6	4	0	11547
2161	12228	0	0	5	0	12233
2162	3	12	11503	0	0	11518
2163	11269	1	5	4	0	11279
2164	8	8	11780	1	0	11797
2165	11874	1	3	1	0	11879
2166	12220	1	0	1	0	12222
2167	3	8	12236	0	0	12247
2168	2	0	2	11900	0	11904
2169	3	9	6	12197	0	12215
2170	2	1	0	12761	0	12764
2171	12897	0	3	2	0	12902
2172	12509	2	9	6	0	12526
2173	6	13	13171	0	0	13190
2174	8	63	11540	4	0	11615
2175	13287	0	28	2	0	13317
2176	13855	0	4	1	0	13860
2177	44	18	13187	3	0	13252
2178	7	19	12806	1	0	12833
2179	3	0	26	13338	0	13367
2180	17	9	14486	27	0	14539
2181	2	0	28	13203	0	13233
2182	14158	2	15	30	0	14205
2183	57	10	16379	1	0	16447
2184	15187	5	101	6	0	15299
2185	103	12	18774	4	0	18893
2186	24	6	203	17258	0	17491
2187	6	0	35	18119	0	18160
2188	4	1	18	18467	0	18490
2189	0	17684	30	294	0	18008
2190	8	275	5	19913	0	20201
2191	5	37	5	20022	0	20069
2192	20005	24	7	309	0	20345
2193	274	32	20049	64	0	20419
2194	19053	3	253	48	0	19357
2195	292	21	21610	15	0	21938
2196	19308	12	279	32	0	19631
2197	262	20648	74	33	0	21017
2198	56	258	20856	293	0	21463
2199	39	71	20677	20	0	20807
2200	27	34	305	20892	0	21258
2201	7	15	69	22367	0	22458
2202	12	28	23516	299	0	23855
2203	12	70	25998	77	0	26157
2204	23	83	26706	48	0	26860
2205	32244	1	314	31	0	32590
2206	32309	10	77	15	0	32411
2207	33627	5	60	19	0	33711
2208	321	4	30	33101	0	33456
2209	86	8	21	33422	0	33537
2210	57	15	37917	328	0	38317
2211	34	19	291	36091	0	36435
2212	15	20	68	36868	0	36971
2213	37837	11	41	360	0	38249
2214	36672	14	31	114	0	36831
2215	37659	18	21	81	0	37779
2216	334	24	24	37135	0	37517
2217	86	5	29	37332	0	37452
2218	76	8	23	37791	0	37898
2219	37747	8	46	348	0	38149
2220	295	5	57	36062	0	36419
2221	81	34222	53	305	0	34661
2222	66	275	52	36090	0	36483
2223	56	35168	48	292	0	35564
2224	36679	307	47	75	0	37108
2225	35326	57	69	79	0	35531
2226	246	34918	72	94	0	35330
2227	84	35857	57	101	0	36099
2228	57	351	60	36557	0	37025
2229	54	89	35462	316	0	35921
2230	54	60	308	32993	0	33415
2231	82	39	36207	332	0	36660
2232	69	34551	330	146	0	35096
2233	73	282	65	36425	0	36845
2234	58	62	65	36627	0	36812
2235	60	50	37485	387	0	37982
2236	49	48	315	35491	0	35903
2237	56	488	37424	372	0	38340
2238	36912	29	323	138	0	37402
2239	38759	18	89	109	0	38975
2240	39122	21	72	82	0	39297
2241	428	21	71	38297	0	38817
2242	149	19	55	38840	0	39063
2243	95	28	38615	439	0	39177
2244	60	32	313	36836	0	37241
2245	69	36519	132	415	0	37135
2246	77	290	37857	128	0	38352
2247	81	113	35649	1015	0	36858
2248	88	970	418	32399	0	33875
2249	103	58	37605	387	0	38153
2250	88	104	36327	152	0	36671
2251	32868	49	429	175	0	33521
2252	319	35763	193	166	0	36441
2253	38890	345	116	125	0	39476
2254	38701	97	66	152	0	39016
2255	39292	76	83	139	0	39590
2256	432	43	99	38142	0	38716
2257	181	39	81	39874	0	40175
2258	141	55	39079	436	0	39711
2259	92	56	336	37974	0	38458
2260	87	37946	142	433	0	38608
2261	39654	315	144	157	0	40270
2262	324	39001	133	153	0	39611
2263	106	39778	124	165	0	40173
2264	116	455	116	40492	0	41179
2265	114	151	41244	408	0	41917
2266	92	100	359	40064	0	40615
2267	117	82	41107	417	0	41723
2268	98	37724	461	199	0	38482
2269	41619	314	140	155	0	42228
2270	41451	83	115	118	0	41767
2271	43411	77	91	135	0	43714
2272	456	90	43879	120	0	44545
2273	190	157	39649	132	0	40128
2274	45374	40	370	148	0	45932
2275	47096	33	149	151	0	47429
2276	48294	38	122	123	0	48577
2277	445	42	66	46794	0	47347
2278	198	50	57	48604	0	48909
2279	49048	59	58	418	0	49583
2280	47228	41	62	203	0	47534
2281	450	51	47175	175	0	47851
2282	200	95	43710	133	0	44138
2283	42700	31	236	159	0	43126
2284	268	81	44520	116	0	44985
2285	41674	13	115	31	0	41833
2286	113	29	42546	26	0	42714
2287	24	7	37	41025	0	41093
2288	34	30	44579	27	0	44670
2289	11	19	47	43308	0	43385
2290	9	5	23	43506	0	43543
2291	15	42640	74	68	0	42797
2292	45241	23	16	32	0	45312
2293	43	35	43855	21	0	43954
2294	41177	23	37	36	0	41273
2295	46	41934	75	37	0	42092
2296	45667	22	14	5	0	45708
2297	45	30	10	45102	0	45187
2298	27	19	16	44896	0	44958
2299	21	46154	53	89	0	46317
2300	10	56	15	48904	0	48985
2301	15	23	13	50539	0	50590
2302	12	19	15	49863	0	49909
2303	45046	6	18	329	0	45399
2304	43323	20	13	148	0	43504
2305	307	51	40375	74	0	40807
2306	114	40033	264	81	0	40492
2307	70	210	76	42960	0	43316
2308	45	81	36	44659	0	44821
2309	57	50	44248	482	0	44837
2310	45	33	365	39768	0	40211
2311	41038	15	107	496	0	41656
2312	41022	14	65	186	0	41287
2313	42646	19	46	114	0	42825
2314	542	30	33	44149	0	44754
2315	46361	28	27	505	0	46921
2316	46261	22	44	208	0	46535
2317	46435	12	45	142	0	46634
2318	599	17	33	45912	0	46561
2319	254	17	19	46357	0	46647
2320	180	16	21	46781	0	46998
2321	133	24	36	45900	0	46093
2322	115	20	33	46245	0	46413
2323	142	48	43585	696	0	44471
2324	140	63	42646	294	0	43143
2325	106	41314	562	241	0	42223
2326	93	395	151	44290	0	44929
2327	110	113	71	45388	0	45682
2328	111	61	47	46742	0	46961
2329	119	46	45186	762	0	46113
2330	88	21	504	45073	0	45686
2331	99	48	44286	690	0	45123
2332	87	41	506	44495	0	45129
2333	133	82	44972	735	0	45922
2334	78	43578	517	440	0	44613
2335	65	488	179	45537	0	46269
2336	94	165	43894	677	0	44830
2337	39470	105	560	383	0	40518
2338	551	43029	284	284	0	44148
2339	164	516	125	44567	0	45372
2340	93	43399	180	676	0	44348
2341	77	617	94	45431	0	46219
2342	45553	182	102	728	0	46565
2343	578	104	104	44724	0	45510
2344	214	43728	158	718	0	44818
2345	46315	546	112	306	0	47279
2346	591	199	86	47478	0	48354
2347	222	137	62	48674	0	49095
2348	50664	85	102	1008	0	51859
2349	982	83	81	52238	0	53384
2350	348	79	75	72888	0	73390
2351	278	142	74399	2549	0	77368
2352	256	186	74372	929	0	75743
2353	178	87	2900	75303	0	78468
2354	231	134	75326	2693	0	78384
2355	203	190	73130	1007	0	74530
2356	69639	101	3173	870	0	73783
2357	2551	147	74105	516	0	77319
2358	821	73449	2924	502	0	77696
2359	607	2300	988	76211	0	80106
2360	77713	697	693	2682	0	81785
2361	80602	515	439	1051	0	82607
2362	80043	210	389	892	0	81534
2363	3649	77585	401	592	0	82227
2364	1516	2518	390	75333	0	79757
2365	889	849	306	79883	0	81927
2366	76581	637	418	3535	0	81171
2367	79003	284	374	1663	0	81324
2368	80206	192	323	1162	0	81883
2369	3932	267	76300	721	0	81220
2370	1676	74934	2899	718	0	80227
2371	1102	86267	1141	683	0	89193
2372	660	3786	965	82569	0	87980
2373	561	1681	581	91620	0	94443
2374	615	1011	86598	4863	0	93087
2375	86013	545	3877	2267	0	92702
2376	90171	380	1511	1504	0	93566
2377	5057	399	1108	87783	0	94347
2378	2423	454	591	90300	0	93768
2379	1676	365	410	92830	0	95281
2380	89427	312	453	5980	0	96172
2381	4658	370	84828	4030	0	93886
2382	2124	416	90961	1951	0	95452
2383	1508	488	4848	89911	0	96755
2384	1013	432	88698	4839	0	94982
2385	87512	285	4781	2461	0	95039
2386	90765	272	2056	1868	0	94961
2387	92079	229	1530	1257	0	95095
2388	6095	85034	1089	1192	0	93410
2389	87632	3744	907	1094	0	93377
2390	5214	1555	758	84913	0	92440
2391	2412	1183	735	86798	0	91128
2392	1872	583	729	90653	0	93837
2393	1374	508	81924	6577	0	90383
2394	1220	409	4314	81431	0	87374
2395	1321	82329	1959	5457	0	91066
2396	80117	3761	1574	2740	0	88192
2397	4280	83404	1116	2559	0	91359
2398	2285	4571	80378	1949	0	89183
2399	1851	82326	4317	1775	0	90269
2400	79250	4601	2089	1312	0	87252
2401	4378	78162	1746	1375	0	85661
2402	2241	4719	1443	66009	0	74412
2403	1632	77898	1256	3892	0	84678
2404	77996	4678	1120	2137	0	85931
2405	80421	1984	1077	1703	0	85185
2406	79488	1650	1066	1337	0	83541
2407	6395	1275	75336	1194	0	84200
2408	3248	1205	77256	1132	0	82841
2409	2434	1060	77130	1269	0	81893
2410	75325	1138	5576	1373	0	83412
2411	4973	826	2808	74690	0	83297
2412	2717	1123	1967	77885	0	83692
2413	2232	931	72360	5347	0	80870
2414	1537	1113	4255	74441	0	81346
2415	69880	1057	2134	5387	0	78458
2416	4713	69399	1646	2917	0	78675
2417	73207	4015	1354	2149	0	80725
2418	5719	1927	69697	1493	0	78836
2419	72240	1713	4339	1318	0	79610
2420	74924	1202	2270	1322	0	79718
2421	75654	1264	1781	1487	0	80186
2422	6716	1065	70609	1529	0	79919
2423	3901	1413	4214	71807	0	81335
2424	3219	758	71622	4488	0	80087
2425	2555	746	4975	73482	0	81758
2426	2358	744	71652	5139	0	79893
2427	1976	809	4999	71830	0	79614
2428	1793	768	2648	74898	0	80107
2429	71159	645	2035	5932	0	79771
2430	72668	624	1530	3356	0	78178
2431	75337	587	1466	2546	0	79936
2432	6611	652	1443	67515	0	76221
2433	3681	64140	1580	4664	0	74065
2434	2766	72067	1223	3006	0	79062
2435	71942	4524	1236	2392	0	80094
2436	5292	2413	69413	1841	0	78959
2437	71270	1588	4243	1630	0	78731
2438	5655	1160	69248	1574	0	77637
2439	73855	1052	4739	1462	0	81108
2440	76822	919	2370	1604	0	81715
2441	6344	804	73160	1528	0	81836
2442	75501	682	4511	1662	0	82356
2443	76225	796	2407	1568	0	80996
2444	76472	807	2101	1324	0	80704
2445	6796	72110	1383	1563	0	81852
2446	3812	3926	1348	71758	0	80844
2447	2989	1870	68768	4542	0	78169
2448	2792	1425	67741	2287	0	74245
2449	2419	65713	4727	1809	0	74668
2450	1510	48615	1897	894	0	52916
2451	1949	2256	1301	42566	0	48072
2452	41292	1165	987	2128	0	45572
2453	2442	42323	845	1300	0	46910
2454	1743	2098	716	41622	0	46179
2455	1613	42495	597	2618	0	47323
2456	41761	2306	604	1217	0	45888
2457	2526	1247	625	40602	0	45000
2458	1583	1008	38657	2169	0	43417
2459	1380	38760	1903	1326	0	43369
2460	1037	39762	1164	952	0	42915
2461	992	2233	869	33691	0	37785
2462	998	37700	746	1598	0	41042
2463	960	2125	661	38019	0	41765
2464	37222	1294	552	2046	0	41114
2465	37366	1142	560	1107	0	40175
2466	37581	895	546	983	0	40005
2467	37884	747	582	835	0	40048
2468	2912	749	35240	720	0	39621
2469	1751	33855	1513	612	0	37731
2470	1369	34635	870	631	0	37505
2471	746	26954	403	389	0	28492
2472	600	26859	308	325	0	28092
2473	21406	702	1505	166	0	23779
2474	20577	205	107	83	0	20972
2475	20199	115	94	71	0	20479
2476	20290	100	78	63	0	20531
2477	476	139	19756	72	0	20443
2478	21166	75	278	69	0	21588
2479	21873	85	125	68	0	22151
2480	21957	71	81	75	0	22184
2481	448	86	98	21070	0	21702
2482	266	78	71	19479	0	19894
2483	19636	75	83	354	0	20148
2484	378	100	68	19156	0	19702
2485	207	19002	75	344	0	19628
2486	149	315	69	20144	0	20677
2487	156	144	69	20047	0	20416
2488	144	19266	80	398	0	19888
2489	143	336	54	20093	0	20626
2490	173	156	46	20285	0	20660
2491	20024	96	63	425	0	20608
2492	423	121	18463	175	0	19182
2493	18570	110	280	144	0	19104
2494	422	139	18426	137	0	19124
2495	196	179	16433	117	0	16925
2496	179	149	16774	103	0	17205
2497	16936	132	329	108	0	17505
2498	389	121	18542	86	0	19138
2499	18527	100	315	87	0	19029
2500	18892	125	150	82	0	19249
2501	18872	78	128	102	0	19180
2502	464	18108	122	109	0	18803
2503	18769	310	102	87	0	19268
2504	389	18433	107	94	0	19023
2505	280	316	84	18584	0	19264
2506	253	182	63	18629	0	19127
2507	226	18012	67	367	0	18672
2508	113	16731	39	140	0	17023
2509	110	16952	45	127	0	17234
2510	17132	252	73	83	0	17540
2511	266	17268	83	70	0	17687
2512	17782	285	66	67	0	18200
2513	265	166	16530	79	0	17040
2514	17030	125	199	81	0	17435
2515	17825	114	69	77	0	18085
2516	318	136	17012	64	0	17530
2517	169	98	222	16585	0	17074
2518	187	103	17041	218	0	17549
2519	189	78	223	16904	0	17394
2520	139	70	120	17374	0	17703
2521	17480	63	106	269	0	17918
2522	16147	88	86	96	0	16417
2523	329	15380	73	103	0	15885
2524	16327	254	57	93	0	16731
2525	336	137	15226	79	0	15778
2526	16037	96	219	116	0	16468
2527	369	102	17825	89	0	18385
2528	228	106	17056	89	0	17479
2529	17952	69	244	102	0	18367
2530	18680	80	95	91	0	18946
2531	303	37	18376	73	0	18789
2532	135	51	218	17154	0	17558
2533	120	44	65	18801	0	19030
2534	80	48	17570	283	0	17981
2535	87	45	225	16930	0	17287
2536	84	16641	117	247	0	17089
2537	107	208	72	18255	0	18642
2538	109	63	79	18053	0	18304
2539	105	52	15955	260	0	16372
2540	13528	38	227	122	0	13915
2541	14399	34	129	71	0	14633
2542	14522	32	92	70	0	14716
2543	14467	34	95	47	0	14643
2544	339	13628	80	67	0	14114
2545	176	200	61	14121	0	14558
2546	136	77	13749	222	0	14184
2547	140	78	15180	86	0	15484
2548	93	52	221	14596	0	14962
2549	103	60	15623	230	0	16016
2550	14364	14	101	46	0	14525
2551	90	20	52	15152	0	15314
2552	58	25	35	15075	0	15193
2553	47	17	34	15771	0	15869
2554	15177	15	30	137	0	15359
2555	100	16039	39	102	0	16280
2556	16564	119	32	63	0	16778
2557	16180	38	22	36	0	16276
2558	175	15661	34	33	0	15903
2559	77	15997	44	33	0	16151
2560	17025	142	27	23	0	17217
2561	160	55	28	17258	0	17501
2562	68	38	34	16171	0	16311
2563	16413	20	36	163	0	16632
2564	169	31	15814	66	0	16080
2565	15575	14	135	53	0	15777
2566	16186	8	55	38	0	16287
2567	165	16754	49	53	0	17021
2568	17802	207	23	31	0	18063
2569	18124	56	31	40	0	18251
2570	344	21542	36	65	0	21987
2571	127	22379	29	281	0	22816
2572	62	542	3	23059	0	23666
2573	22948	257	18	438	0	23661
2574	437	23718	28	196	0	24379
2575	171	535	10	26139	0	26855
2576	26588	201	15	605	0	27409
2577	629	160	24379	222	0	25390
2578	239	73	542	24846	0	25700
2579	180	70	24518	642	0	25410
2580	23977	37	661	241	0	24916
2581	25046	26	259	184	0	25515
2582	788	51	24003	88	0	24930
2583	370	23814	602	93	0	24879
2584	913	544	221	24274	0	25952
2585	152	211	24072	585	0	25020
2586	93	195	619	24735	0	25642
2587	78	101	228	25907	0	26314
2588	101	90	24868	868	0	25927
2589	23455	59	661	428	0	24603
2590	25396	80	255	264	0	25995
2591	842	92	24432	167	0	25533
2592	408	24324	653	156	0	25541
2593	262	606	276	23218	0	24362
2594	143	23803	247	605	0	24798
2595	124	25177	130	259	0	25690
2596	25674	813	108	209	0	26804
2597	665	372	92	25913	0	27042
2598	298	248	101	25667	0	26314
2599	233	168	24829	866	0	26096
2600	169	128	24694	447	0	25438
2601	140	112	825	24341	0	25418
2602	114	101	402	25750	0	26367
2603	148	113	24937	914	0	26112
2604	121	137	24982	454	0	25694
2605	126	156	848	25364	0	26494
2606	25019	129	433	815	0	26396
2607	673	25858	336	442	0	27309
2608	25961	740	187	345	0	27233
2609	850	25860	206	283	0	27199
2610	416	26571	169	249	0	27405
2611	26506	929	149	199	0	27783
2612	831	485	25967	193	0	27476
2613	417	307	787	25593	0	27104
2614	331	224	372	26263	0	27190
2615	292	192	332	28544	0	29360
2616	271	211	27398	1357	0	29237
2617	205	214	1023	28183	0	29625
2618	27768	194	453	1358	0	29773
2619	1007	201	389	28351	0	29948
2620	470	159	302	30468	0	31399
2621	29298	161	260	1589	0	31308
2622	28341	174	236	832	0	29583
2623	1335	27736	264	636	0	29971
2624	710	1007	28450	422	0	30589
2625	491	446	28805	369	0	30111
2626	362	355	29777	367	0	30861
2627	346	27222	1525	367	0	29460
2628	310	1171	743	26952	0	29176
2629	329	487	490	28959	0	30265
2630	28196	395	377	1545	0	30513
2631	1191	299	337	27822	0	29649
2632	551	264	27221	1613	0	29649
2633	430	211	1288	27924	0	29853
2634	325	246	608	28891	0	30070
2635	323	226	26962	1804	0	29315
2636	292	26528	1290	1056	0	29166
2637	340	1143	634	23271	0	25388
2638	324	26083	545	1293	0	28245
2639	307	1319	26436	720	0	28782
2640	26378	559	1345	620	0	28902
2641	27431	471	669	524	0	29095
2642	27648	354	552	499	0	29053
2643	1753	393	414	25792	0	28352
2644	809	26667	387	1382	0	29245
2645	26772	1298	337	773	0	29180
2646	27408	577	462	631	0	29078
2647	26441	448	402	629	0	27920
2648	1748	330	24665	630	0	27373
2649	24290	252	1248	642	0	26432
2650	1523	24373	687	638	0	27221
2651	23988	1171	600	569	0	26328
2652	1460	25639	495	560	0	28154
2653	26024	1345	395	569	0	28333
2654	1591	622	25785	546	0	28544
2655	24618	479	1237	494	0	26828
2656	26018	378	588	445	0	27429
2657	24683	395	489	385	0	25952
2658	26462	397	346	387	0	27592
2659	1865	369	24179	406	0	26819
2660	1011	357	1199	24540	0	27107
2661	23871	337	575	1292	0	26075
2662	1472	23520	479	734	0	26205
2663	787	1185	423	25454	0	27849
2664	684	500	24925	1475	0	27584
2665	594	360	1215	25974	0	28143
2666	574	308	25352	1624	0	27858
2667	510	23351	1313	893	0	26067
2668	466	23450	633	745	0	25294
2669	542	23390	461	540	0	24933
2670	687	930	204	18571	0	20392
2671	396	384	220	19252	0	20252
2672	351	250	17408	966	0	18975
2673	326	16975	735	447	0	18483
2674	16185	683	335	305	0	17508
2675	612	14004	273	186	0	15075
2676	244	14536	183	197	0	15160
2677	230	694	170	14533	0	15627
2678	14471	272	145	654	0	15542
2679	15402	182	160	338	0	16082
2680	687	163	156	15287	0	16293
2681	15449	127	137	693	0	16406
2682	709	140	124	15367	0	16340
2683	313	160	14697	697	0	15867
2684	14680	175	581	353	0	15789
2685	650	144	270	15260	0	16324
2686	227	150	13672	620	0	14669
2687	186	159	13442	286	0	14073
2688	169	132	597	13969	0	14867
2689	14238	134	196	591	0	15159
2690	14014	127	156	265	0	14562
2691	610	13568	174	203	0	14555
2692	14977	549	142	179	0	15847
2693	15351	222	103	186	0	15862
2694	16285	161	133	148	0	16727
2695	668	15605	131	157	0	16561
2696	15171	529	120	183	0	16003
2697	15547	229	91	158	0	16025
2698	741	148	97	15027	0	16013
2699	14962	142	125	547	0	15776
2700	694	14725	107	228	0	15754
2701	357	14627	97	908	0	15989
2702	266	593	132	15077	0	16068
2703	223	256	101	15268	0	15848
2704	248	15687	89	598	0	16622
2705	15747	542	94	223	0	16606
2706	652	15630	111	191	0	16584
2707	14743	463	84	107	0	15397
2708	572	15148	97	110	0	15927
2709	274	480	69	14481	0	15304
2710	246	15170	49	389	0	15854
2711	15760	545	59	130	0	16494
2712	15803	186	59	115	0	16163
2713	15768	138	79	143	0	16128
2714	685	115	14851	102	0	15753
2715	157	92	13288	55	0	13592
2716	148	13489	240	66	0	13943
2717	138	251	13404	51	0	13844
2718	100	104	13341	68	0	13613
2719	66	55	153	11602	0	11876
2720	73	59	12464	129	0	12725
2721	70	12307	127	75	0	12579
2722	12838	167	40	54	0	13099
2723	159	12366	54	49	0	12628
2724	60	12645	48	63	0	12816
2725	14192	169	34	46	0	14441
2726	13044	32	9	11	0	13096
2727	77	12894	14	16	0	13001
2728	13883	80	8	13	0	13984
2729	13606	31	18	16	0	13671
2730	13644	28	6	26	0	13704
2731	99	28	12993	16	0	13136
2732	39	39	11827	12	0	11917
2733	25	23	76	12230	0	12354
2734	26	20	26	12672	0	12744
2735	13091	26	9	87	0	13213
2736	84	12347	17	48	0	12496
2737	34	86	15	12917	0	13052
2738	34	31	18	13198	0	13281
2739	29	23	13	13066	0	13131
2740	36	9	19	12954	0	13018
2741	27	32	12780	93	0	12932
2742	32	48	13206	38	0	13324
2743	36	14	140	14214	0	14404
2744	39	25	14232	144	0	14440
2745	13423	18	155	68	0	13664
2746	157	26	55	14275	0	14513
2747	80	20	14156	152	0	14408
2748	12673	20	155	75	0	12923
2749	160	13553	83	53	0	13849
2750	14378	148	33	29	0	14588
2751	176	14482	39	46	0	14743
2752	74	154	32	13810	0	14070
2753	71	63	13511	147	0	13792
2754	49	43	152	12398	0	12642
2755	54	32	12805	175	0	13066
2756	12623	34	174	68	0	12899
2757	177	37	49	13622	0	13885
2758	13793	29	42	154	0	14018
2759	210	44	13502	73	0	13829
2760	13831	38	162	47	0	14078
2761	14969	36	70	38	0	15113
2762	264	34	14800	35	0	15133
2763	97	38	179	13634	0	13948
2764	76	23	13921	186	0	14206
2765	52	13410	207	85	0	13754
2766	14064	175	324	59	0	14622
2767	13615	77	79	562	0	14333
2768	231	27	13411	35	0	13704
2769	100	18	13532	26	0	13676
2770	50	16	218	13137	0	13421
2771	36	15	85	14006	0	14142
2772	14211	16	40	203	0	14470
2773	186	13965	54	78	0	14283
2774	14796	153	35	28	0	15012
2775	14728	54	43	34	0	14859
2776	225	33	13910	32	0	14200
2777	13610	16	168	43	0	13837
2778	192	34	14233	26	0	14485
2779	93	27	172	13571	0	13863
2780	76	20	14444	174	0	14714
2781	64	11	181	14250	0	14506
2782	46	24	14446	179	0	14695
2783	14113	10	189	79	0	14391
2784	14603	10	87	51	0	14751
2785	217	19	65	14501	0	14802
2786	15216	7	40	186	0	15449
2787	187	18	63	14842	0	15110
2788	100	14393	65	187	0	14745
2789	15144	137	50	85	0	15416
2790	199	15230	64	65	0	15558
2791	109	157	45	15751	0	16062
2792	71	66	41	15263	0	15441
2793	52	43	37	14739	0	14871
2794	60	23	41	13890	0	14014
2795	73	40	13602	247	0	13962
2796	12540	36	181	128	0	12885
2797	13833	34	73	80	0	14020
2798	240	13332	61	93	0	13726
2799	107	158	57	13808	0	14130
2800	80	70	46	13805	0	14001
2801	76	38	13248	254	0	13616
2802	12357	28	190	111	0	12686
2803	216	24	90	12957	0	13287
2804	113	39	12257	194	0	12603
2805	12845	24	197	119	0	13185
2806	13346	30	92	94	0	13562
2807	13371	19	70	80	0	13540
2808	267	16	12440	74	0	12797
2809	136	36	12944	71	0	13187
2810	12818	16	198	45	0	13077
2811	188	18	81	13360	0	13647
2812	120	18	46	13462	0	13646
2813	104	18	13275	183	0	13580
2814	12595	16	162	94	0	12867
2815	177	12	97	13360	0	13646
2816	14401	14	65	198	0	14678
2817	14432	13	56	113	0	14614
2818	14321	19	52	77	0	14469
2819	284	33	14550	56	0	14923
2820	128	19	204	14736	0	15087
2821	15698	15	103	231	0	16047
2822	244	15195	88	126	0	15653
2823	155	189	55	15713	0	16112
2824	96	69	63	16020	0	16248
2825	15204	29	40	320	0	15593
2826	14826	23	47	151	0	15047
2827	333	23	44	15383	0	15783
2828	167	30	14497	258	0	14952
2829	14627	19	230	124	0	15000
2830	317	28	15490	61	0	15896
2831	15596	24	254	66	0	15940
2832	15783	16	114	79	0	15992
2833	354	18	15523	82	0	15977
2834	167	25	235	15516	0	15943
2835	109	28	16261	293	0	16691
2836	92	17400	290	182	0	17964
2837	121	242	137	16984	0	17484
2838	106	17144	96	275	0	17621
2839	112	258	65	17994	0	18429
2840	119	124	17300	351	0	17894
2841	104	17545	314	172	0	18135
2842	61	17428	92	80	0	17661
2843	47	325	43	17376	0	17791
2844	17536	130	36	272	0	17974
2845	265	59	29	19073	0	19426
2846	18986	41	54	403	0	19484
2847	375	19103	40	174	0	19692
2848	24241	399	41	79	0	24760
2849	660	143	24532	72	0	25407
2850	203	71	654	24273	0	25201
2851	127	47	194	24461	0	24829
2852	111	73	23827	853	0	24864
2853	22975	45	672	309	0	24001
2854	23982	48	226	155	0	24411
2855	807	23440	156	134	0	24537
2856	329	698	102	20662	0	21791
2857	175	22911	113	587	0	23786
2858	135	752	22633	213	0	23733
2859	181	246	22776	168	0	23371
2860	107	172	829	22466	0	23574
2861	22004	98	291	747	0	23140
2862	672	21337	205	311	0	22525
2863	22923	689	132	185	0	23929
2864	846	230	22088	133	0	23297
2865	23121	160	733	114	0	24128
2866	23816	134	225	112	0	24287
2867	964	148	22532	106	0	23750
2868	369	114	754	22405	0	23642
2869	22775	107	295	732	0	23909
2870	23983	74	188	283	0	24528
2871	23805	84	141	183	0	24213
2872	1022	89	115	23463	0	24689
2873	444	92	22335	772	0	23643
2874	22782	88	745	268	0	23883
2875	940	83	22750	182	0	23955
2876	395	78	819	22940	0	24232
2877	295	80	302	22553	0	23230
2878	233	22412	227	913	0	23785
2879	243	722	22371	358	0	23694
2880	231	21582	797	233	0	22843
2881	255	22475	300	200	0	23230
2882	221	922	212	22540	0	23895
2883	216	345	22229	849	0	23639
2884	201	210	837	22436	0	23684
2885	211	154	22431	925	0	23721
2886	204	139	898	22123	0	23364
2887	185	140	335	23081	0	23741
2888	218	140	21675	1054	0	23087
2889	169	140	855	21789	0	22953
2890	214	161	22124	984	0	23483
2891	201	168	21603	423	0	22395
2892	193	21533	1022	346	0	23094
2893	22521	772	443	280	0	24016
2894	892	306	21894	260	0	23352
2895	21363	209	927	279	0	22778
2896	952	143	412	22469	0	23976
2897	404	185	21297	941	0	22827
2898	305	21457	913	497	0	23172
2899	229	799	456	22162	0	23646
2900	226	323	22017	943	0	23509
2901	231	261	945	20062	0	21499
2902	212	21675	487	887	0	23261
2903	22404	881	352	368	0	24005
2904	902	370	289	22509	0	24070
2905	22050	279	288	931	0	23548
2906	22446	223	290	460	0	23419
2907	23536	205	265	385	0	24391
2908	23766	207	288	310	0	24571
2909	22013	186	287	347	0	22833
2910	1219	20970	291	355	0	22835
2911	566	835	287	21506	0	23194
2912	427	337	272	22270	0	23306
2913	424	240	252	22540	0	23456
2914	425	221	20699	1234	0	22579
2915	394	20644	897	590	0	22525
2916	21801	822	393	430	0	23446
2917	21889	360	358	352	0	22959
2918	1256	21399	330	359	0	23344
2919	578	22051	342	321	0	23292
2920	22075	1020	232	338	0	23665
2921	1112	453	20601	335	0	22501
2922	520	341	942	20776	0	22579
2923	21036	254	398	1005	0	22693
2924	1009	248	357	19555	0	21169
2925	464	20887	306	983	0	22640
2926	402	860	295	21702	0	23259
2927	335	366	20386	1089	0	22176
2928	20027	285	951	857	0	22120
2929	21362	216	422	412	0	22412
2930	1124	233	279	20080	0	21716
2931	580	178	219	20927	0	21904
2932	19812	179	256	1100	0	21347
2933	1004	19761	295	524	0	21584
2934	475	750	250	20539	0	22014
2935	420	262	219	21101	0	22002
2936	18501	208	157	1145	0	20011
2937	864	19163	185	558	0	20770
2938	19108	804	172	407	0	20491
2939	986	18750	212	289	0	20237
2940	440	19856	177	281	0	20754
2941	18564	791	162	238	0	19755
2942	764	18545	158	824	0	20291
2943	324	1066	346	19133	0	20869
2944	297	287	19001	822	0	20407
2945	176	250	18112	322	0	18860
2946	178	177	18285	337	0	18977
2947	185	18089	696	250	0	19220
2948	13123	1163	140	85	0	14511
2949	218	68	56	12926	0	13268
2950	70	74	29	13231	0	13404
2951	87	35	12612	266	0	13000
2952	12912	48	206	121	0	13287
2953	254	33	44	13751	0	14082
2954	85	40	63	13924	0	14112
2955	92	40	22	14183	0	14337
2956	13980	43	37	298	0	14358
2957	237	72	13745	118	0	14172
2958	13915	45	209	94	0	14263
2959	283	48	57	14426	0	14814
2960	100	59	14098	246	0	14503
2961	13751	47	202	89	0	14089
2962	263	65	14132	100	0	14560
2963	68	54	193	13174	0	13489
2964	81	48	13579	182	0	13890
2965	62	43	12779	68	0	12952
2966	12369	33	212	86	0	12700
2967	204	23	13136	72	0	13435
2968	74	22	214	12936	0	13246
2969	13288	28	65	204	0	13585
2970	201	37	63	12795	0	13096
2971	86	40	12680	235	0	13041
2972	103	40	12219	90	0	12452
2973	67	13240	200	124	0	13631
2974	57	144	75	13707	0	13983
2975	13826	50	63	181	0	14120
2976	179	12756	25	84	0	13044
2977	14333	147	41	90	0	14611
2978	182	65	33	14222	0	14502
2979	14328	53	32	179	0	14592
2980	197	13580	64	85	0	13926
2981	76	150	44	14225	0	14495
2982	14344	38	53	171	0	14606
2983	165	13595	53	91	0	13904
2984	68	152	58	14203	0	14481
2985	81	52	53	14125	0	14311
2986	15275	61	45	188	0	15569
2987	160	26	58	15098	0	15342
2988	68	19	51	15229	0	15367
2989	94	23	57	15434	0	15608
2990	60	32	13933	241	0	14266
2991	13426	25	181	124	0	13756
2992	208	27	47	17246	0	17528
2993	69	49	17721	389	0	18228
2994	17650	27	421	123	0	18221
2995	513	51	18474	113	0	19151
2996	117	49	516	18131	0	18813
2997	135	18994	133	511	0	19773
2998	68	504	124	20485	0	21181
2999	83	108	19796	639	0	20626
3000	73	135	19750	157	0	20115
3001	59	55	617	20172	0	20903
3002	77	49	19800	624	0	20550
3003	19274	44	635	167	0	20120
3004	587	60	19803	171	0	20621
3005	137	39	600	19182	0	19958
3006	131	37	144	20037	0	20349
3007	61	45	133	19493	0	19732
3008	19172	19	79	746	0	20016
3009	19275	24	68	265	0	19632
3010	19238	22	68	192	0	19520
3011	683	25	61	18871	0	19640
3012	213	23	65	19570	0	19871
3013	159	26	18094	671	0	18950
3014	109	56	17587	236	0	17988
3015	86	18382	570	199	0	19237
3016	847	430	135	16985	0	18397
3017	50	81	91	16955	0	17177
3018	44	16971	63	476	0	17554
3019	17464	430	40	150	0	18084
3020	438	17090	52	117	0	17697
3021	17800	474	32	80	0	18386
3022	496	104	46	18151	0	18797
3023	18135	72	68	484	0	18759
3024	507	37	34	18264	0	18842
3025	119	46	17376	545	0	18086
3026	87	22	421	17924	0	18454
3027	18102	23	95	545	0	18765
3028	459	29	80	18140	0	18708
3029	110	21	43	18510	0	18684
3030	93	42	17106	584	0	17825
3031	61	17	411	17561	0	18050
3032	62	26	95	17765	0	17948
3033	51	17179	86	568	0	17884
3034	44	414	48	17300	0	17806
3035	48	90	47	17483	0	17668
3036	50	63	32	17256	0	17401
3037	35	15746	39	591	0	16411
3038	27	427	27	16601	0	17082
3039	15583	84	28	563	0	16258
3040	416	15320	38	196	0	15970
3041	85	15553	33	153	0	15824
3042	86	15242	40	128	0	15496
3043	45	541	61	14638	0	15285
3044	58	13575	112	512	0	14257
3045	97	13647	118	176	0	14038
3046	13602	497	127	150	0	14376
3047	521	187	12814	159	0	13681
3048	14104	148	492	164	0	14908
3049	534	121	150	14501	0	15306
3050	140	95	14057	607	0	14899
3051	14008	62	631	251	0	14952
3052	518	81	13597	234	0	14430
3053	162	76	13475	208	0	13921
3054	14110	66	697	198	0	15071
3055	599	63	371	14356	0	15389
3056	229	51	14089	696	0	15065
3057	13610	50	666	366	0	14692
3058	14282	40	237	366	0	14925
3059	771	55	13376	286	0	14488
3060	13849	47	602	229	0	14727
3061	14468	30	215	226	0	14939
3062	818	45	13434	266	0	14563
3063	13769	36	594	303	0	14702
3064	14226	38	280	278	0	14822
3065	775	62	13243	218	0	14298
3066	326	100	14607	211	0	15244
3067	219	93	690	14432	0	15434
3068	170	112	14394	736	0	15412
3069	14451	117	642	343	0	15553
3070	661	153	229	14140	0	15183
3071	299	176	168	14671	0	15314
3072	317	144	13859	759	0	15079
3073	236	128	549	13142	0	14055
3074	255	96	12778	776	0	13905
3075	12932	105	605	376	0	14018
3076	13573	93	240	312	0	14218
3077	772	82	12038	289	0	13181
3078	12396	66	600	275	0	13337
3079	12991	56	197	326	0	13570
3080	792	64	12401	311	0	13568
3081	13024	52	608	334	0	14018
3082	13519	49	277	350	0	14195
3083	768	65	12750	317	0	13900
3084	12957	99	573	342	0	13971
3085	699	99	12748	343	0	13889
3086	251	72	611	12237	0	13171
3087	209	70	211	12693	0	13183
3088	149	117	170	13076	0	13512
3089	166	118	11830	943	0	13057
3090	11513	118	519	457	0	12607
3091	649	163	11587	362	0	12761
3092	185	8826	378	196	0	9585
3093	112	8241	116	125	0	8594
3094	6940	208	71	93	0	7312
3095	233	84	46	7321	0	7684
3096	126	7407	43	213	0	7789
3097	6309	84	42	68	0	6503
3098	6142	33	46	29	0	6250
3099	158	6049	40	50	0	6297
3100	86	85	73	5732	0	5976
3101	79	6018	52	87	0	6236
3102	6290	99	51	46	0	6486
3103	6288	40	65	37	0	6430
3104	166	25	46	6193	0	6430
3105	6110	18	37	137	0	6302
3106	142	7	66	6094	0	6309
3107	125	15	5913	112	0	6165
3108	5902	10	117	71	0	6100
3109	140	14	5892	37	0	6083
3110	125	19	116	5841	0	6101
3111	6097	15	85	108	0	6305
3112	149	13	79	6058	0	6299
3113	144	16	5965	122	0	6247
3114	119	16	5798	75	0	6008
3115	75	9	168	5416	0	5668
3116	5063	12	96	79	0	5250
3117	142	6611	82	68	0	6903
3118	99	132	79	6946	0	7256
3119	117	48	6787	157	0	7109
3120	6405	207	164	98	0	6874
3121	7759	12	98	67	0	7936
3122	238	9	7041	44	0	7332
3123	7060	17	185	57	0	7319
3124	205	10	111	7685	0	8011
3125	141	22	7140	162	0	7465
3126	7096	15	157	86	0	7354
3127	189	20	108	7045	0	7362
3128	131	14	80	7065	0	7290
3129	7270	4	57	208	0	7539
3130	198	6814	80	109	0	7201
3131	122	7864	80	49	0	8115
3132	8131	207	48	64	0	8450
3133	7805	67	96	41	0	8009
3134	315	26	7973	49	0	8363
3135	132	21	7798	59	0	8010
3136	74	12	251	7884	0	8221
3137	8142	14	88	246	0	8490
3138	7956	13	57	115	0	8141
3139	8010	18	95	55	0	8178
3140	319	7554	75	36	0	7984
3141	142	7864	72	49	0	8127
3142	94	242	71	7954	0	8361
3143	92	78	59	7917	0	8146
3144	94	43	51	8396	0	8584
3145	89	17	8824	319	0	9249
3146	110	56	8180	101	0	8447
3147	8731	38	356	63	0	9188
3148	8123	20	97	15	0	8255
3149	328	14	38	7990	0	8370
3150	91	17	26	7945	0	8079
3151	44	8	25	8358	0	8435
3152	36	12	7707	368	0	8123
3153	48	12	7862	112	0	8034
3154	16	7	238	8206	0	8467
3155	21	21	8738	271	0	9051
3156	15	8550	255	82	0	8902
3157	16	8992	70	53	0	9131
3158	8808	306	50	40	0	9204
3159	254	9066	35	35	0	9390
3160	56	300	34	9788	0	10178
3161	48	73	46	9837	0	10004
3162	33	9630	36	329	0	10028
3163	32	291	24	10014	0	10361
3164	34	76	9472	341	0	9923
3165	20	9472	266	119	0	9877
3166	16	297	75	8749	0	9137
3167	25	80	8621	313	0	9039
3168	36	9123	298	101	0	9558
3169	40	301	86	8800	0	9227
3170	20	9251	92	279	0	9642
3171	42	332	47	9361	0	9782
3172	38	116	28	9037	0	9219
3173	33	9238	59	327	0	9657
3174	9116	317	39	133	0	9605
3175	8816	107	41	112	0	9076
3176	321	9025	47	103	0	9496
3177	131	9382	53	89	0	9655
3178	72	390	43	9336	0	9841
3179	46	178	9000	347	0	9571
3180	8560	101	307	123	0	9091
3181	8810	103	102	90	0	9105
3182	365	114	9053	90	0	9622
3183	8975	72	304	81	0	9432
3184	9521	97	98	90	0	9806
3185	407	77	9131	99	0	9714
3186	8991	64	315	93	0	9463
3187	391	102	9009	68	0	9570
3188	148	8863	350	95	0	9456
3189	9384	322	127	84	0	9917
3190	9595	145	80	69	0	9889
3191	412	110	9391	112	0	10025
3192	9692	88	330	93	0	10203
3193	10020	108	123	90	0	10341
3194	431	82	9372	95	0	9980
3195	9595	78	330	71	0	10074
3196	10037	67	124	81	0	10309
3197	457	58	9465	89	0	10069
3198	9579	75	344	75	0	10073
3199	438	88	130	9628	0	10284
3200	204	53	118	10051	0	10426
3201	160	78	9687	393	0	10318
3202	154	88	9492	166	0	9900
3203	129	59	374	9556	0	10118
3204	118	80	186	9947	0	10331
3205	10526	74	125	408	0	11133
3206	462	49	10294	178	0	10983
3207	10541	71	404	131	0	11147
3208	460	57	147	11602	0	12266
3209	201	49	11557	402	0	12209
3210	11614	98	410	139	0	12261
3211	461	44	137	12416	0	13058
3212	191	50	12070	424	0	12735
3213	12609	81	388	176	0	13254
3214	439	37	153	13321	0	13950
3215	13403	51	164	428	0	14046
3216	447	81	14462	171	0	15161
3217	183	465	322	11723	0	12693
3218	163	13296	146	273	0	13878
3219	14504	298	135	136	0	15073
3220	14410	93	91	132	0	14726
3221	480	13272	65	86	0	13903
3222	14653	341	107	87	0	15188
3223	14574	95	87	84	0	14840
3224	14176	89	75	102	0	14442
3225	492	13474	101	116	0	14183
3226	227	326	88	14007	0	14648
3227	176	123	13759	388	0	14446
3228	125	80	371	13331	0	13907
3229	123	360	154	13445	0	14082
3230	149	51	13852	487	0	14539
3231	99	59	12588	191	0	12937
3232	120	44	373	11717	0	12254
3233	97	12404	174	278	0	12953
3234	13384	279	114	108	0	13885
3235	13285	110	66	79	0	13540
3236	399	12973	58	96	0	13526
3237	13539	308	69	64	0	13980
3238	13366	120	65	54	0	13605
3239	448	88	12939	85	0	13560
3240	12389	65	310	66	0	12830
3241	399	12571	136	85	0	13191
3242	180	304	12711	91	0	13286
3243	174	135	12405	70	0	12784
3244	131	12128	377	79	0	12715
3245	12139	210	109	57	0	12515
3246	271	85	12102	39	0	12497
3247	141	68	227	11861	0	12297
3248	107	59	12206	213	0	12585
3249	11356	42	226	92	0	11716
3250	263	57	12612	75	0	13007
3251	144	48	12577	72	0	12841
3252	12895	45	273	56	0	13269
3253	312	13302	149	70	0	13833
3254	13198	205	60	14	0	13477
3255	12420	55	39	30	0	12544
3256	258	35	38	11892	0	12223
3257	88	12716	54	176	0	13034
3258	12637	192	42	58	0	12929
3259	221	66	12200	38	0	12525
3260	11280	46	207	30	0	11563
3261	225	11573	88	33	0	11919
3262	12439	193	49	28	0	12709
3263	12483	57	61	21	0	12622
3264	269	12011	55	32	0	12367
3265	109	202	45	12400	0	12756
3266	12464	69	47	196	0	12776
3267	252	12100	56	52	0	12460
3268	109	210	38	11863	0	12220
3269	12810	61	52	191	0	13114
3270	246	53	42	12816	0	13157
3271	111	41	36	12677	0	12865
3272	75	12604	57	221	0	12957
3273	13461	202	41	68	0	13772
3274	13484	75	53	43	0	13655
3275	13606	32	55	36	0	13729
3276	279	13064	65	28	0	13436
3277	14219	219	46	29	0	14513
3278	14323	61	41	23	0	14448
3279	302	53	30	13892	0	14277
3280	112	53	31	14178	0	14374
3281	105	51	14101	254	0	14511
3282	106	52	196	13744	0	14098
3283	81	55	64	14394	0	14594
3284	97	43	14495	257	0	14892
3285	12767	49	231	93	0	13140
3286	273	53	14612	73	0	15011
3287	142	59	15943	54	0	16198
3288	112	63	234	15502	0	15911
3289	119	55	69	15623	0	15866
3290	115	16394	51	230	0	16790
3291	16761	239	34	84	0	17118
3292	16279	69	34	80	0	16462
3293	302	16347	48	55	0	16752
3294	119	19019	39	79	0	19256
3295	123	364	35	17835	0	18357
3296	104	18377	61	265	0	18807
3297	19101	332	50	116	0	19599
3298	19036	115	40	100	0	19291
3299	418	63	54	18562	0	19097
3300	169	56	54	18818	0	19097
3301	19065	36	48	408	0	19557
3302	376	72	18116	139	0	18703
3303	18398	49	310	101	0	18858
3304	408	58	18048	73	0	18587
3305	17765	47	273	43	0	18128
3306	317	36	82	18036	0	18471
3307	152	32	17993	284	0	18461
3308	95	69	16434	106	0	16704
3309	16492	48	301	80	0	16921
3310	16863	31	117	62	0	17073
3311	341	17738	77	53	0	18209
3312	148	261	38	18850	0	19297
3313	92	107	42	18576	0	18817
3314	18189	56	44	356	0	18645
3315	317	17552	42	185	0	18096
3316	17358	244	32	78	0	17712
3317	294	16311	61	59	0	16725
3318	168	16031	49	69	0	16317
3319	16299	214	26	43	0	16582
3320	261	90	15615	34	0	16000
3321	102	49	198	15689	0	16038
3322	92	32	71	15587	0	15782
3323	91	451	16163	267	0	16972
3324	80	49	195	16248	0	16572
3325	76	56	71	16014	0	16217
3326	74	16441	45	256	0	16816
3327	17724	220	31	98	0	18073
3328	285	82	17328	69	0	17764
3329	16536	62	192	62	0	16852
3330	259	16839	77	84	0	17259
3331	114	236	30	17932	0	18312
3332	20416	99	29	256	0	20800
3333	287	63	29	20163	0	20542
3334	138	40	35	20189	0	20402
3335	100	64	19429	345	0	19938
3336	18663	51	231	159	0	19104
3337	20161	48	76	105	0	20390
3338	379	44	20444	90	0	20957
3339	161	41	253	20468	0	20923
3340	116	49	20675	294	0	21134
3341	19939	45	277	138	0	20399
3342	21183	39	94	116	0	21432
3343	332	40	78	20788	0	21238
3344	20985	37	70	296	0	21388
3345	336	52	21604	113	0	22105
3346	150	43	302	21281	0	21776
3347	109	46	114	21501	0	21770
3348	57	49	69	22144	0	22319
3349	68	58	69	22113	0	22308
3350	21455	45	66	392	0	21958
3351	343	51	20231	145	0	20770
3352	126	20	211	19956	0	20313
3353	87	30	19428	257	0	19802
3354	72	51	18723	124	0	18970
3355	62	26	270	19214	0	19572
3356	70	29	94	19738	0	19931
3357	19212	26	57	305	0	19600
3358	253	34	47	19645	0	19979
3359	135	17	47	19831	0	20030
3360	79	24	55	20246	0	20404
3361	20945	25	58	340	0	21368
3362	20544	19	55	155	0	20773
3363	21059	21	51	97	0	21228
3364	21118	26	44	89	0	21277
3365	322	20757	57	99	0	21235
3366	132	220	45	21673	0	22070
3367	83	93	37	21991	0	22204
3368	22366	38	48	355	0	22807
3369	264	22074	38	166	0	22542
3370	121	382	16	24466	0	24985
3371	80	164	24455	466	0	25165
3372	25134	51	489	213	0	25887
3373	708	26905	165	118	0	27896
3374	28036	757	70	63	0	28926
3375	28657	214	42	64	0	28977
3376	1067	79	35	28582	0	29763
3377	344	68	28124	874	0	29410
3378	142	31	789	29149	0	30111
3379	29086	16	242	965	0	30309
3380	870	28	83	29177	0	30158
3381	28856	17	57	969	0	29899
3382	939	27718	74	366	0	29097
3383	29724	839	27	155	0	30745
3384	984	258	44	28993	0	30279
3385	352	89	38	31154	0	31633
3386	31148	68	31	1187	0	32434
3387	29643	47	27	411	0	30128
3388	30158	28	26	202	0	30414
3389	29992	30	32	169	0	30223
3390	29614	37	41	123	0	29815
3391	1359	41	43	28279	0	29722
3392	502	59	26802	983	0	28346
3393	250	26567	841	398	0	28056
3394	25943	791	243	162	0	27139
3395	955	294	25706	128	0	27083
3396	26042	114	785	101	0	27042
3397	1007	25626	271	102	0	27006
3398	27067	817	85	100	0	28069
3399	1025	272	67	26535	0	27899
3400	442	109	59	27463	0	28073
3401	268	99	26959	1120	0	28446
3402	227	69	813	26770	0	27879
3403	200	65	28189	999	0	29453
3404	205	103	26846	420	0	27574
3405	27913	65	1056	208	0	29242
3406	29196	68	320	182	0	29766
3407	1228	94	27850	153	0	29325
3408	27968	62	880	154	0	29064
3409	30044	61	303	167	0	30575
3410	1285	71	28461	146	0	29963
3411	527	26414	837	173	0	27951
3412	359	796	282	29655	0	31092
3413	30081	278	149	927	0	31435
3414	31858	130	121	411	0	32520
3415	31931	98	138	250	0	32417
3416	31464	88	140	203	0	31895
3417	31310	94	368	177	0	31949
3418	1468	126	30034	157	0	31785
3419	726	114	30256	125	0	31221
3420	482	203	1042	30647	0	32374
3421	31453	97	415	955	0	32920
3422	31956	86	216	417	0	32675
3423	31596	84	175	286	0	32141
3424	30790	83	167	289	0	31329
3425	1359	28937	179	294	0	30769
3426	689	33348	158	258	0	34453
3427	33303	1043	163	238	0	34747
3428	33927	363	158	235	0	34683
3429	1375	32546	154	263	0	34338
3430	34072	922	141	224	0	35359
3431	1347	368	32250	207	0	34172
3432	721	156	851	30453	0	32181
3433	547	158	31497	967	0	33169
3434	588	141	31000	386	0	32115
3435	539	96	1072	31172	0	32879
3436	490	99	436	33389	0	34414
3437	517	128	33868	1168	0	35681
3438	453	129	939	32442	0	33963
3439	457	127	405	34667	0	35656
3440	34149	117	258	1221	0	35745
3441	35305	138	238	487	0	36168
3442	1510	145	217	34437	0	36309
3443	760	144	33616	1072	0	35592
3444	564	33123	937	542	0	35166
3445	33345	860	412	330	0	34947
3446	1220	330	33707	335	0	35592
3447	658	32390	1002	295	0	34345
3448	460	34988	474	280	0	36202
3449	35847	1044	323	257	0	37471
3450	36500	395	269	250	0	37414
3451	1419	229	270	35315	0	37233
3452	752	173	36033	996	0	37954
3453	603	125	1014	36306	0	38048
3454	564	125	457	37134	0	38280
3455	505	149	312	37889	0	38855
3456	36798	118	279	1360	0	38555
3457	1268	35230	301	572	0	37371
3458	671	38301	248	400	0	39620
3459	550	1182	212	37882	0	39826
3460	489	432	219	39325	0	40465
3461	37894	251	226	1316	0	39687
3462	36787	213	217	576	0	37793
3463	37436	136	232	347	0	38151
3464	1557	35927	252	322	0	38058
3465	37073	934	225	277	0	38509
3466	1383	529	225	36236	0	38373
3467	724	241	35586	1105	0	37656
3468	542	218	32983	506	0	34249
3469	32988	92	900	275	0	34255
3470	913	107	31922	215	0	33157
3471	430	117	30139	199	0	30885
3472	27609	57	720	114	0	28500
3473	423	73	27550	132	0	28178
3474	274	62	28082	116	0	28534
3475	170	241	346	26570	0	27327
3476	141	66	28112	264	0	28583
3477	112	50	285	26464	0	26911
3478	105	41	142	27889	0	28177
3479	162	39	29499	305	0	30005
3480	111	28709	279	198	0	29297
3481	30171	191	174	111	0	30647
3482	315	111	30709	100	0	31235
3483	177	81	29963	73	0	30294
3484	25556	68	1212	97	0	26933
3485	233	41	29484	68	0	29826
3486	102	27972	239	88	0	28401
3487	99	28108	168	69	0	28444
3488	106	200	97	29747	0	30150
3489	67	97	64	29611	0	29839
3490	30694	57	85	223	0	31059
3491	30002	54	59	140	0	30255
3492	31201	41	64	97	0	31403
3493	251	54	50	31058	0	31413
3494	31526	60	56	197	0	31839
3495	30067	67	58	130	0	30322
3496	260	62	30780	107	0	31209
3497	165	74	29464	85	0	29788
3498	107	29543	245	123	0	30018
3499	104	161	125	31382	0	31772
3500	31632	73	648	198	0	32551
3501	227	30694	103	132	0	31156
3502	115	179	82	32861	0	33237
3503	32175	73	83	199	0	32530
3504	31715	69	70	149	0	32003
3505	319	31204	112	117	0	31752
3506	32200	204	76	106	0	32586
3507	31673	113	71	105	0	31962
3508	376	79	84	31151	0	31690
3509	229	69	30818	257	0	31373
3510	187	28997	267	159	0	29610
3511	143	30571	170	131	0	31015
3512	29893	256	99	89	0	30337
3513	246	154	83	30040	0	30523
3514	145	83	28810	175	0	29213
3515	82	27610	206	142	0	28040
3516	29172	189	112	68	0	29541
3517	29095	102	53	62	0	29312
3518	291	73	28761	62	0	29187
3519	169	56	192	27319	0	27736
3520	85	63	107	29117	0	29372
3521	101	43	31207	278	0	31629
3522	31455	44	341	172	0	32012
3523	37988	41	170	97	0	38296
3524	875	45	106	45539	0	46565
3525	348	45989	121	1255	0	47713
3526	243	1216	68	46896	0	48423
3527	208	469	45344	1554	0	47575
3528	44810	239	1360	609	0	47018
3529	1468	169	484	46621	0	48742
3530	543	155	45827	1617	0	48142
3531	44258	151	1511	684	0	46604
3532	1529	127	590	45944	0	48190
3533	617	92	388	46492	0	47589
3534	45638	60	269	1950	0	47917
3535	1647	44965	243	897	0	47752
3536	45021	1356	209	544	0	47130
3537	1825	481	170	44177	0	46653
3538	43955	260	131	1653	0	45999
3539	1838	246	41385	781	0	44250
3540	853	41632	1359	567	0	44411
3541	491	1417	464	43281	0	45653
3542	42576	619	316	1600	0	45111
3543	1573	42697	253	854	0	45377
3544	762	1495	247	44626	0	47130
3545	44445	594	249	1762	0	47050
3546	43900	405	223	827	0	45355
3547	2082	318	235	43118	0	45753
3548	1128	244	40656	1896	0	43924
3549	732	346	40017	974	0	42069
3550	40856	282	1864	829	0	43831
3551	1883	40448	830	666	0	43827
3552	980	41703	510	557	0	43750
3553	40865	1850	385	586	0	43686
3554	1948	41844	393	560	0	44745
3555	1010	1924	380	41486	0	44800
3556	954	808	345	43729	0	45836
3557	42399	819	272	2288	0	45778
3558	40801	659	293	1291	0	43044
3559	42035	446	226	941	0	43648
3560	2795	820	39618	610	0	43843
3561	1424	519	1509	40940	0	44392
3562	1490	677	40288	2081	0	44536
3563	967	715	40442	1348	0	43472
3564	1330	423	41283	1104	0	44140
3565	1118	796	2383	39777	0	44074
3566	1050	663	40499	2292	0	44504
3567	1304	430	40770	1402	0	43906
3568	1054	592	2672	39545	0	43863
3569	40222	456	1624	2457	0	44759
3570	2369	299	40256	1309	0	44233
3571	1284	651	2387	39022	0	43344
3572	1322	661	1210	40988	0	44181
3573	1293	943	39714	2526	0	44476
3574	848	995	2210	39576	0	43629
3575	1401	387	38934	2871	0	43593
3576	810	973	2280	38465	0	42528
3577	968	432	1369	39758	0	42527
3578	1309	320	1074	39636	0	42339
3579	1604	342	959	38710	0	41615
3580	36064	255	1266	3399	0	40984
3581	36803	220	1327	2079	0	40429
3582	2300	272	34695	1545	0	38812
3583	1669	32349	2335	1704	0	38057
3584	1099	1753	35175	1003	0	39030
3585	772	937	34882	1434	0	38025
3586	33066	436	3096	1295	0	37893
3587	2034	34344	2017	1309	0	39704
3588	34456	1692	1618	1680	0	39446
3589	2431	35905	1514	1364	0	41214
3590	36433	1899	1398	1317	0	41047
3591	37912	855	1025	1365	0	41157
3592	2987	610	1231	34302	0	39130
3593	1422	34393	1299	2832	0	39946
3594	1178	1825	884	35973	0	39860
3595	1160	925	1556	36816	0	40457
3596	871	596	33491	3617	0	38575
3597	868	33517	2662	2075	0	39122
3598	841	1850	1288	35518	0	39497
3599	32474	954	1408	3211	0	38047
3600	35486	568	1194	1848	0	39096
3601	35397	651	810	1818	0	38676
3602	3470	33001	1094	1188	0	38753
3603	33501	2303	1003	893	0	37700
3604	2451	36473	1311	1288	0	41523
3605	1636	2460	1012	38133	0	43241
3606	1486	1036	36807	2498	0	41827
3607	1031	1180	2485	36222	0	40918
3608	1458	37081	1395	2557	0	42491
3609	830	2797	861	37161	0	41649
3610	1350	1089	779	37888	0	41106
3611	1127	37779	638	3202	0	42746
3612	37768	2328	574	2257	0	42927
3613	3024	1387	555	37724	0	42690
3614	1651	1029	35415	3226	0	41321
3615	1183	1009	2332	37433	0	41957
3616	922	923	1313	39102	0	42260
3617	927	1026	35862	3591	0	41406
3618	824	835	2754	33402	0	37815
3619	1211	37130	954	2995	0	42290
3620	1174	2409	36856	1934	0	42373
3621	1936	1116	35924	1228	0	40204
3622	1038	34338	2284	1109	0	38769
3623	1358	29076	1020	790	0	32244
3624	654	21757	340	535	0	23286
3625	19497	1207	655	947	0	22306
3626	18906	997	545	307	0	20755
3627	18413	247	216	1169	0	20045
3628	898	466	651	18260	0	20275
3629	321	295	17605	1380	0	19601
3630	165	731	780	17945	0	19621
3631	151	557	484	18806	0	19998
3632	18229	251	269	1259	0	20008
3633	18185	737	157	684	0	19763
3634	1520	17660	431	343	0	19954
3635	17690	1025	226	814	0	19755
3636	18253	531	460	261	0	19505
3637	18474	565	406	529	0	19974
3638	978	391	17208	600	0	19177
3639	586	476	18097	302	0	19461
3640	172	140	774	17146	0	18232
3641	146	136	16937	721	0	17940
3642	17561	140	681	270	0	18652
3643	17520	112	221	138	0	17991
3644	852	103	16055	108	0	17118
3645	16397	64	597	104	0	17162
3646	731	16464	208	124	0	17527
3647	16697	640	125	143	0	17605
3648	717	208	116	16704	0	17745
3649	740	122	91	15660	0	16613
3650	214	16232	69	712	0	17227
3651	17146	608	87	252	0	18093
3652	17273	204	70	168	0	17715
3653	790	17009	72	124	0	17995
3654	360	637	89	16438	0	17524
3655	255	216	78	16773	0	17322
3656	192	16435	130	743	0	17500
3657	182	675	117	16498	0	17472
3658	155	625	122	16990	0	17892
3659	16218	176	111	843	0	17348
3660	16053	136	95	313	0	16597
3661	873	109	15286	203	0	16471
3662	15515	121	633	179	0	16448
3663	771	158	15327	138	0	16394
3664	324	115	641	15523	0	16603
3665	220	119	15113	737	0	16189
3666	195	15131	657	333	0	16316
3667	191	625	224	15016	0	16056
3668	177	248	129	15927	0	16481
3669	15973	175	98	796	0	17042
3670	802	139	80	16097	0	17118
3671	345	151	15066	845	0	16407
3672	15503	127	678	351	0	16659
3673	16384	147	249	279	0	17059
3674	17097	180	159	239	0	17675
3675	17049	135	160	196	0	17540
3676	1053	135	120	16888	0	18196
3677	433	148	103	17485	0	18169
3678	324	115	110	19684	0	20233
3679	273	114	124	20245	0	20756
3680	19013	103	147	1283	0	20546
3681	19764	67	160	538	0	20529
3682	1240	77	117	17730	0	19164
3683	501	18826	171	926	0	20424
3684	19340	858	173	425	0	20796
3685	1076	348	18250	317	0	19991
3686	470	18889	863	295	0	20517
3687	17026	774	287	197	0	18284
3688	905	18054	197	199	0	19355
3689	424	860	17145	182	0	18611
3690	17424	338	801	149	0	18712
3691	18291	174	309	179	0	18953
3692	1209	162	17205	172	0	18748
3693	583	123	778	18535	0	20019
3694	386	78	314	18584	0	19362
3695	301	18263	204	1150	0	19918
3696	279	815	157	19097	0	20348
3697	17920	281	113	1094	0	19408
3698	1011	18353	121	488	0	19973
3699	445	782	128	17330	0	18685
3700	328	314	70	18191	0	18903
3701	292	219	16308	1109	0	17928
3702	270	17144	741	471	0	18626
3703	15654	756	258	848	0	17516
3704	716	12591	125	189	0	13621
3705	297	12490	96	148	0	13031
3706	12358	732	89	137	0	13316
3707	699	284	88	12140	0	13211
3708	328	152	107	12877	0	13464
3709	12385	94	86	788	0	13353
3710	705	87	79	12496	0	13367
3711	301	113	73	13031	0	13518
3712	12301	85	56	886	0	13328
3713	693	102	42	12055	0	12892
3714	334	11921	52	733	0	13040
3715	12444	569	45	320	0	13378
3716	719	256	11589	253	0	12817
3717	323	10919	529	252	0	12023
3718	212	594	192	11597	0	12595
3719	138	203	9634	608	0	10583
3720	105	136	9267	273	0	9781
3721	86	408	466	7977	0	8937
3722	8004	67	185	430	0	8686
3723	393	68	85	8111	0	8657
3724	229	50	81	8324	0	8684
3725	153	74	43	8222	0	8492
3726	120	63	63	8177	0	8423
3727	106	88	51	8304	0	8549
3728	101	77	7422	633	0	8233
3729	93	100	7541	317	0	8051
3730	120	80	457	7800	0	8457
3731	113	82	7443	464	0	8102
3732	102	7457	403	280	0	8242
3733	113	377	190	7807	0	8487
3734	119	189	7496	484	0	8288
3735	6908	100	410	284	0	7702
3736	397	7396	188	204	0	8185
3737	222	7480	115	192	0	8009
3738	146	7913	75	167	0	8301
3739	121	539	83	7711	0	8454
3740	7693	252	63	463	0	8471
3741	445	146	63	7826	0	8480
3742	7052	115	79	518	0	7764
3743	453	6986	60	349	0	7848
3744	7211	393	79	244	0	7927
3745	467	238	68	7133	0	7906
3746	278	124	52	7292	0	7746
3747	201	8964	64	600	0	9829
3748	141	420	45	9561	0	10167
3749	151	223	57	9739	0	10170
3750	137	151	60	9859	0	10207
3751	8453	111	99	690	0	9353
3752	8607	125	82	389	0	9203
3753	561	118	9081	257	0	10017
3754	9556	119	405	213	0	10293
3755	490	123	9559	201	0	10373
3756	301	101	413	9573	0	10388
3757	167	114	210	10035	0	10526
3758	162	88	131	10357	0	10738
3759	145	97	9517	673	0	10432
3760	93	126	396	9721	0	10336
3761	117	126	10111	611	0	10965
3762	101	95	426	10359	0	10981
3763	10337	103	231	587	0	11258
3764	412	130	10061	380	0	10983
3765	10152	78	396	272	0	10898
3766	433	97	218	10334	0	11082
3767	10318	113	118	555	0	11104
3768	455	10048	120	396	0	11019
3769	181	307	80	9754	0	10322
3770	131	179	10433	462	0	11205
3771	101	96	322	11489	0	12008
3772	106	92	175	11369	0	11742
3773	83	11669	107	582	0	12441
3774	128	250	11066	259	0	11703
3775	63	11181	268	234	0	11746
3776	10820	248	127	178	0	11373
3777	260	10708	99	176	0	11243
3778	8711	90	38	50	0	8889
3779	8545	43	18	46	0	8652
3780	8497	11	14	42	0	8564
3781	118	8	24	8424	0	8574
3782	47	9	8377	111	0	8544
3783	20	10	75	9405	0	9510
3784	20	9332	46	108	0	9506
3785	10	74	29	9809	0	9922
3786	9735	36	16	117	0	9904
3787	78	9324	28	62	0	9492
3788	43	83	12	9138	0	9276
3789	26	43	16	9036	0	9121
3790	9123	25	16	122	0	9286
3791	93	24	8798	67	0	8982
3792	47	8199	95	64	0	8405
3793	1	0	1	7973	0	7975
3794	4	8	7768	0	0	7780
3795	2	0	0	7362	0	7364
3796	0	7290	10	6	0	7306
3797	2	0	1	7999	0	8002
3798	1	2	0	7827	0	7830
3799	0	3	1	7768	0	7772
3800	1	6	7747	1	0	7755
3801	6871	1	5	4	0	6881
3802	0	0	0	7916	0	7916
3803	7845	0	1	2	0	7848
3804	8136	1	1	4	0	8142
3805	8561	0	2	1	0	8564
3806	8591	0	0	5	0	8596
3807	8873	0	1	2	0	8876
3808	48	0	1	8852	0	8901
3809	23	8457	3	35	0	8518
3810	6	23	0	8926	0	8955
3811	4	8489	9	27	0	8529
3812	1	24	0	8915	0	8940
3813	8888	16	3	28	0	8935
3814	23	4	1	8736	0	8764
3815	18	8	9146	27	0	9199
3816	8471	4	26	27	0	8528
3817	29	8857	28	11	0	8925
3818	9489	24	3	6	0	9522
3819	9334	16	3	4	0	9357
3820	9288	4	1	2	0	9295
3821	45	9593	13	8	0	9659
3822	26	25	1	9860	0	9912
3823	10	22	1	9865	0	9898
3824	10	6	9868	44	0	9928
3825	9	13	28	8801	0	8851
3826	7	7	19	9432	0	9465
3827	10	3	2	9912	0	9927
3828	5	9634	12	45	0	9696
3829	10033	21	5	23	0	10082
3830	9291	19	4	14	0	9328
3831	47	12	11261	8	0	11328
3832	26	10790	45	12	0	10873
3833	15	29	16	11545	0	11605
3834	14	17	5	11497	0	11533
3835	7	13	4	12571	0	12595
3836	3	9	4	12406	0	12422
3837	6	6	2	12589	0	12603
3838	10	10	12038	51	0	12109
3839	16	48	10461	42	0	10567
3840	12168	1	50	22	0	12241
3841	12876	5	20	14	0	12915
3842	12825	9	12	12	0	12858
3843	94	11	5	12782	0	12892
3844	42	17	13406	78	0	13543
3845	13205	7	72	27	0	13311
3846	13857	8	25	30	0	13920
3847	93	10	11659	20	0	11782
3848	11329	6	74	15	0	11424
3849	83	14	11796	13	0	11906
3850	33	9	67	11479	0	11588
3851	18	16	11743	84	0	11861
3852	11289	5	77	26	0	11397
3853	11005	6	33	20	0	11064
3854	10707	4	11	15	0	10737
3855	11184	6	13	19	0	11222
3856	108	12	11157	12	0	11289
3857	42	10609	80	27	0	10758
3858	11533	68	30	10	0	11641
3859	11356	20	13	14	0	11403
3860	108	10	11408	10	0	11536
3861	45	8	72	9949	0	10074
3862	28	6	28	10863	0	10925
3863	30	9	10781	89	0	10909
3864	9700	13	76	40	0	9829
3865	12198	6	33	23	0	12260
3866	223	13987	29	30	0	14269
3867	15039	201	15	16	0	15271
3868	15027	70	8	18	0	15123
3869	14918	35	12	18	0	14983
3870	14370	18	23	18	0	14429
3871	371	25	13144	7	0	13547
3872	12458	8	235	13	0	12714
3873	307	11	68	12275	0	12661
3874	108	12567	45	229	0	12949
3875	74	252	12220	72	0	12618
3876	41	12607	227	54	0	12929
3877	40	273	68	13121	0	13502
3878	24	82	13200	254	0	13560
3879	12065	48	256	79	0	12448
3880	276	33	13533	48	0	13890
3881	13311	17	278	32	0	13638
3882	296	5	90	13743	0	14134
3883	103	13	54	12643	0	12813
3884	71	12271	27	314	0	12683
3885	40	13499	46	109	0	13694
3886	47	309	17	13767	0	14140
3887	15691	100	18	274	0	16083
3888	15407	52	22	93	0	15574
3889	15326	31	17	53	0	15427
3890	378	33	15627	36	0	16074
3891	15288	17	238	33	0	15576
3892	344	15	15795	20	0	16174
3893	124	31	14890	22	0	15067
3894	15267	12	330	15	0	15624
3895	16061	10	126	18	0	16215
3896	357	15	15756	20	0	16148
3897	127	10	268	14756	0	15161
3898	86	14	95	16240	0	16435
3899	16106	14	49	319	0	16488
3900	15421	11	37	125	0	15594
3901	363	20	17543	70	0	17996
3902	139	16827	249	46	0	17261
3903	88	17555	93	38	0	17774
3904	18627	279	33	9	0	18948
3905	246	88	19	18006	0	18359
3906	83	47	20	18128	0	18278
3907	53	35	17	18507	0	18612
3908	14014	37	50	331	0	14432
3909	276	10	14	18379	0	18679
3910	18416	20	18	286	0	18740
3911	18792	12	16	89	0	18909
3912	348	19603	35	68	0	20054
3913	143	271	17	23415	0	23846
3914	94	70	23072	339	0	23575
3915	21048	60	314	125	0	21547
3916	22195	24	121	75	0	22415
3917	22372	34	73	49	0	22528
3918	525	24	22504	56	0	23109
3919	205	25	363	21947	0	22540
3920	23052	27	120	357	0	23556
3921	21875	21	90	132	0	22118
3922	21884	18	58	81	0	22041
3923	508	21329	59	60	0	21956
3924	234	22454	50	72	0	22810
3925	159	425	32	23155	0	23771
3926	105	163	26	22854	0	23148
3927	90	22452	28	432	0	23002
3928	22999	368	29	167	0	23563
3929	396	164	22750	96	0	23406
3930	178	105	326	22473	0	23082
3931	123	71	120	21492	0	21806
3932	129	64	21314	446	0	21953
3933	19292	36	380	195	0	19903
3934	22081	37	159	105	0	22382
3935	524	19785	115	94	0	20518
3936	21116	333	81	71	0	21601
3937	489	131	21593	64	0	22277
3938	21647	82	359	64	0	22152
3939	529	71	22111	49	0	22760
3940	21057	62	361	49	0	21529
3941	22140	33	165	64	0	22402
3942	22689	40	144	57	0	22930
3943	22585	42	82	57	0	22766
3944	552	20363	103	62	0	21080
3945	23182	315	69	44	0	23610
3946	23090	134	66	68	0	23358
3947	525	102	21933	79	0	22639
3948	22123	69	308	68	0	22568
3949	474	73	127	22494	0	23168
3950	270	49	21943	364	0	22626
3951	21837	65	301	161	0	22364
3952	441	53	141	22596	0	23231
3953	23590	41	88	383	0	24102
3954	23929	54	91	200	0	24274
3955	534	49	25370	115	0	26068
3956	25583	21	331	93	0	26028
3957	26351	33	176	74	0	26634
3958	26501	31	107	61	0	26700
3959	26577	23	100	59	0	26759
3960	574	30	94	25693	0	26391
3961	362	25932	77	318	0	26689
3962	27585	296	89	139	0	28109
3963	26938	136	64	100	0	27238
3964	27610	92	61	88	0	27851
3965	363	56	25421	44	0	25884
3966	227	22969	201	56	0	23453
3967	176	171	107	24331	0	24785
3968	179	84	62	25094	0	25419
3969	191	57	25165	271	0	25684
3970	141	33	220	23722	0	24116
3971	134	41	24975	266	0	25416
3972	103	42	258	24241	0	24644
3973	119	31	126	25252	0	25528
3974	121	48	30074	319	0	30562
3975	28419	32	253	172	0	28876
3976	30625	32	119	120	0	30896
3977	354	49	32578	101	0	33082
3978	31379	37	264	79	0	31759
3979	32585	25	121	75	0	32806
3980	413	40	33810	78	0	34341
3981	248	28	252	32476	0	33004
3982	180	21	133	34498	0	34832
3983	35077	18	111	318	0	35524
3984	329	34593	93	180	0	35195
3985	34190	223	79	116	0	34608
3986	34232	89	48	92	0	34461
3987	386	32379	76	75	0	32916
3988	33670	247	50	67	0	34034
3989	33135	116	52	52	0	33355
3990	391	31779	63	69	0	32302
3991	237	253	44	33025	0	33559
3992	184	33215	75	250	0	33724
3993	172	287	60	34297	0	34816
3994	160	155	33449	324	0	34088
3995	124	147	32838	165	0	33274
3996	32120	57	357	134	0	32668
3997	33898	65	183	94	0	34240
3998	448	51	33902	85	0	34486
3999	33166	34	337	66	0	33603
4000	34123	32	151	87	0	34393
4001	32569	16	136	67	0	32788
4002	498	32546	142	66	0	33252
4003	298	248	73	34143	0	34762
4004	33585	98	62	289	0	34034
4005	32607	87	79	131	0	32904
4006	493	64	32618	113	0	33288
4007	283	48	264	31772	0	32367
4008	216	49	132	32644	0	33041
4009	190	32434	98	345	0	33067
4010	160	38054	88	203	0	38505
4011	105	424	51	37172	0	37752
4012	107	37470	46	265	0	37888
4013	35321	185	16	51	0	35573
4014	200	37148	34	55	0	37437
4015	38563	329	13	27	0	38932
4016	372	123	38294	27	0	38816
4017	39253	63	318	28	0	39662
4018	42072	23	111	24	0	42230
4019	41750	11	74	23	0	41858
4020	41642	18	45	21	0	41726
4021	621	39139	54	39	0	39853
4022	263	406	26	41786	0	42481
4023	160	141	16	42025	0	42342
4024	134	113	40922	559	0	41728
4025	75	82	411	39514	0	40082
4026	59	66	132	41561	0	41818
4027	41940	44	78	642	0	42704
4028	454	40488	90	285	0	41317
4029	200	439	52	41354	0	42045
4030	139	157	50	41715	0	42061
4031	128	97	47	42484	0	42756
4032	42621	91	38	690	0	43440
4033	551	59	30	42324	0	42964
4034	42479	48	43	654	0	43224
4035	631	50	43	41883	0	42607
4036	290	46	50	42640	0	43026
4037	240	63	39959	723	0	40985
4038	35446	558	474	352	0	36830
4039	598	39502	215	235	0	40550
4040	44631	472	129	169	0	45401
4041	734	176	90	43626	0	44626
4042	357	136	60	43960	0	44513
4043	45383	92	47	819	0	46341
4044	44511	93	65	391	0	45060
4045	1039	71	78	44479	0	45667
4046	516	85	46642	972	0	48215
4047	357	110	46426	406	0	47299
4048	270	48121	1026	299	0	49716
4049	52434	929	320	264	0	53947
4050	51573	323	218	265	0	52379
4051	1360	234	124	51537	0	53255
4052	548	47338	113	1103	0	49102
4053	415	1111	52	48521	0	50099
4054	303	367	75	47470	0	48215
4055	277	43757	101	1415	0	45550
4056	44369	1138	78	593	0	46178
4057	1230	371	107	43401	0	45109
4058	503	42660	135	1171	0	44469
4059	414	45606	105	522	0	46647
4060	46640	1347	125	367	0	48479
4061	1340	541	44690	317	0	46888
4062	45417	340	1101	234	0	47092
4063	1487	555	364	46982	0	49388
4064	711	190	251	47833	0	48985
4065	556	47359	193	1529	0	49637
4066	490	1790	150	48000	0	50430
4067	506	512	46119	1597	0	48734
4068	431	44042	1123	684	0	46280
4069	363	47193	354	551	0	48461
4070	46696	1465	227	479	0	48867
4071	1288	47433	219	455	0	49395
4072	574	1453	138	47886	0	50051
4073	495	47505	180	1499	0	49679
4074	451	1409	177	47578	0	49615
4075	378	617	144	48124	0	49263
4076	342	468	45626	1889	0	48325
4077	379	331	1167	43464	0	45341
4078	372	331	332	46266	0	47301
4079	45087	335	265	1855	0	47542
4080	1510	331	43945	875	0	46661
4081	601	296	1197	45050	0	47144
4082	494	340	43412	1754	0	46000
4083	44231	364	1298	831	0	46724
4084	1633	46712	500	768	0	49613
4085	50927	1543	342	628	0	53440
4086	1881	677	272	52920	0	55750
4087	778	520	200	56255	0	57753
4088	622	485	53387	2548	0	57042
4089	48550	440	1672	1270	0	51932
4090	2004	54445	544	1028	0	58021
4091	50257	1914	429	821	0	53421
4092	2229	740	333	53690	0	56992
4093	914	53827	298	2269	0	57308
4094	54189	2111	312	1042	0	57654
4095	2160	56446	320	846	0	59772
4096	917	2299	293	57508	0	61017
4097	839	870	301	58929	0	60939
4098	640	675	304	58411	0	60030
4099	579	55962	282	3003	0	59826
4100	596	2159	268	58292	0	61315
4101	587	913	247	60845	0	62592
4102	57475	733	251	3037	0	61496
4103	58403	666	301	1463	0	60833
4104	59290	608	275	1154	0	61327
4105	2883	738	54647	1002	0	59270
4106	56524	631	1906	903	0	59964
4107	58870	630	666	857	0	61023
4108	58615	650	494	881	0	60640
4109	2980	671	53604	941	0	58196
4110	53377	590	1786	950	0	56703
4111	2699	577	659	56029	0	59964
4112	1315	555	52194	2681	0	56745
4113	1015	51608	1966	1287	0	55876
4114	809	2421	594	48033	0	51857
4115	686	47188	608	2187	0	50669
4116	719	49638	457	1075	0	51889
4117	46810	2216	369	816	0	50211
4118	2053	900	325	46783	0	50061
4119	47174	698	297	2125	0	50294
4120	2279	547	260	47199	0	50285
4121	47175	591	261	2342	0	50369
4122	2270	550	324	47230	0	50374
4123	47189	557	287	2373	0	50406
4124	2291	540	43765	1130	0	47726
4125	1109	576	1636	45477	0	48798
4126	955	577	43929	2290	0	47751
4127	846	577	42120	1125	0	44668
4128	663	551	44814	1030	0	47058
4129	749	490	2115	44071	0	47425
4130	716	530	44216	2347	0	47809
4131	43750	434	1853	1105	0	47142
4132	1997	389	719	44782	0	47887
4133	929	392	45193	2362	0	48876
4134	793	385	1815	45616	0	48609
4135	735	376	702	47474	0	49287
4136	723	403	48227	2516	0	51869
4137	766	321	1872	47960	0	50919
4138	739	320	779	48455	0	50293
4139	804	47789	736	2252	0	51581
4140	48189	1580	540	1094	0	51403
4141	49357	574	442	927	0	51300
4142	2321	467	46391	876	0	50055
4143	45406	311	1599	780	0	48096
4144	2045	296	44705	810	0	47856
4145	929	337	44008	716	0	45990
4146	778	358	43200	734	0	45070
4147	582	292	1608	40139	0	42621
4148	659	252	39080	1613	0	41604
4149	487	247	1228	37421	0	39383
4150	461	238	572	39528	0	40799
4151	502	210	447	38610	0	39769
4152	455	202	410	38891	0	39958
4153	37195	187	389	1749	0	39520
4154	36938	217	414	849	0	38418
4155	1484	36447	394	782	0	39107
4156	756	1000	416	38716	0	40888
4157	638	343	37749	1535	0	40265
4158	570	39762	1276	810	0	42418
4159	602	1352	572	41558	0	44084
4160	518	437	40392	1746	0	43093
4161	491	318	1525	38962	0	41296
4162	446	241	39321	1867	0	41875
4163	440	229	37145	793	0	38607
4164	410	186	1557	37254	0	39407
4165	312	223	789	38679	0	40003
4166	37961	176	559	1858	0	40554
4167	1329	145	467	38668	0	40609
4168	37390	147	456	1853	0	39846
4169	1290	35342	405	854	0	37891
4170	572	36571	383	762	0	38288
4171	431	1399	333	36972	0	39135
4172	36222	565	321	1563	0	38671
4173	1334	34796	348	824	0	37302
4174	587	1231	376	36722	0	38916
4175	36569	451	378	1591	0	38989
4176	38333	372	390	752	0	39847
4177	38060	289	399	638	0	39386
4178	38236	225	378	606	0	39445
4179	38661	180	405	551	0	39797
4180	1876	208	34206	515	0	36805
4181	831	205	34372	616	0	36024
4182	662	35175	1556	526	0	37919
4183	415	1013	1063	34462	0	36953
4184	411	362	32846	1116	0	34735
4185	352	247	31066	560	0	32225
4186	285	127	950	26572	0	27934
4187	212	114	29108	806	0	30240
4188	158	96	26806	334	0	27394
4189	139	41791	1071	272	0	43273
4190	42282	1975	372	1406	0	46035
4191	1791	48219	239	176	0	50425
4192	345	2381	173	48226	0	51125
4193	49520	523	117	2133	0	52293
4194	2196	50729	226	499	0	53650
4195	445	2394	182	50274	0	53295
4196	345	611	48550	2380	0	51886
4197	49961	387	2151	579	0	53078
4198	52161	226	475	424	0	53286
4199	54200	146	338	281	0	54965
4200	3091	127	191	53512	0	56921
4201	918	216	50118	2664	0	53916
4202	544	49976	2401	655	0	53576
4203	349	2485	506	52245	0	55585
4204	51908	537	327	2666	0	55438
4205	2743	497	49911	610	0	53761
4206	666	48109	2440	843	0	52058
4207	529	2398	51727	341	0	54995
4208	49936	662	2722	245	0	53565
4209	55021	471	659	294	0	56445
4210	55802	276	500	215	0	56793
4211	3503	318	49908	225	0	53954
4212	1110	49766	2489	294	0	53659
4213	762	2535	697	50634	0	54628
4214	534	614	489	54648	0	56285
4215	413	456	354	55879	0	57102
4216	433	325	51284	3390	0	55432
4217	51543	269	2625	1121	0	55558
4218	2959	303	51508	724	0	55494
4219	52538	275	2847	507	0	56167
4220	55219	297	829	461	0	56806
4221	55786	315	589	422	0	57112
4222	55348	323	443	355	0	56469
4223	3786	541	51682	323	0	56332
4224	1527	381	2638	52915	0	57461
4225	1188	539	50612	2788	0	55127
4226	881	49686	2705	947	0	54219
4227	858	54704	786	828	0	57176
4228	55433	3354	662	665	0	60114
4229	55344	1272	518	658	0	57792
4230	3393	55561	651	765	0	60370
4231	57564	3144	543	610	0	61861
4232	3901	1167	52882	616	0	58566
4233	55223	757	2678	673	0	59331
4234	3825	55879	1026	660	0	61390
4235	57659	3119	859	641	0	62278
4236	57016	1162	675	557	0	59410
4237	4388	830	687	54225	0	60130
4238	2051	746	561	56124	0	59482
4239	54188	619	870	3711	0	59388
4240	3825	802	661	54536	0	59824
4241	54048	675	852	3697	0	59272
4242	4243	643	617	55010	0	60513
4243	54268	427	861	3664	0	59220
4244	54895	632	656	1194	0	57377
4245	4168	51493	945	1020	0	57626
4246	2020	56036	775	812	0	59643
4247	51595	3602	739	867	0	56803
4248	3797	53941	677	971	0	59386
4249	1819	3528	836	52322	0	58505
4250	1538	1289	865	55332	0	59024
4251	50730	1039	800	3939	0	56508
4252	3653	51894	946	1670	0	58163
4253	1986	52263	793	1375	0	56417
4254	1805	53235	964	1061	0	57065
4255	2002	3906	50603	938	0	57449
4256	1824	1501	51849	847	0	56021
4257	1928	1211	53553	919	0	57611
4258	1522	876	3276	41592	0	47266
4259	1538	47880	1405	2571	0	53394
4260	50372	3081	927	1212	0	55592
4261	3700	1181	48963	1017	0	54861
4262	1999	997	49596	997	0	53589
4263	1861	801	51724	755	0	55141
4264	1736	892	3404	47589	0	53621
4265	1787	891	1419	51200	0	55297
4266	1705	865	1098	52639	0	56307
4267	51327	762	804	3460	0	56353
4268	51987	971	866	1319	0	55143
4269	53036	808	762	1136	0	55742
4270	4111	896	957	50264	0	56228
4271	2236	808	48650	3117	0	54811
4272	1773	999	50159	1301	0	54232
4273	1893	784	3056	49945	0	55678
4274	1748	846	1147	52691	0	56432
4275	51197	747	908	3393	0	56245
4276	3759	48722	711	1739	0	54931
4277	50048	2835	664	1286	0	54833
4278	3872	48855	572	1429	0	54728
4279	2091	3067	538	49936	0	55632
4280	1623	1235	48407	3449	0	54714
4281	1704	1004	2588	49826	0	55122
4282	49449	952	887	3632	0	54920
4283	3811	717	47068	1626	0	53222
4284	48258	856	2652	1307	0	53073
4285	4998	668	46071	1193	0	52930
4286	2114	990	47873	879	0	51856
4287	44742	759	2673	985	0	49159
4288	3445	908	44965	888	0	50206
4289	918	435	28912	503	0	30768
4290	765	26726	1856	471	0	29818
4291	22393	626	186	143	0	23348
4292	21373	235	114	183	0	21905
4293	22069	173	130	189	0	22561
4294	556	144	19883	152	0	20735
4295	18802	128	402	139	0	19471
4296	506	19296	164	125	0	20091
4297	19508	456	89	125	0	20178
4298	521	213	20291	119	0	21144
4299	129	998	207	17717	0	19051
4300	69	43	18032	138	0	18282
4301	56	17896	174	78	0	18204
4302	51	137	62	18997	0	19247
4303	62	45	47	19293	0	19447
4304	20437	39	44	177	0	20697
4305	20184	33	34	81	0	20332
4306	19758	30	40	55	0	19883
4307	19852	32	37	60	0	19981
4308	19610	13	45	56	0	19724
4309	177	37	19325	53	0	19592
4310	77	30	134	18769	0	19010
4311	79	34	20834	137	0	21084
4312	57	35	184	20552	0	20828
4313	20830	30	74	194	0	21128
4314	20838	22	59	68	0	20987
4315	20632	27	44	64	0	20767
4316	21595	27	39	62	0	21723
4317	369	34	22109	47	0	22559
4318	111	39	294	22012	0	22456
4319	80	40	21961	306	0	22387
4320	65	20730	333	109	0	21237
4321	65	21583	111	84	0	21843
4322	76	320	81	23295	0	23772
4323	64	71	62	23944	0	24141
4324	77	53	54	26119	0	26303
4325	71	25	56	28189	0	28341
4326	27621	30	50	812	0	28513
4327	614	27219	69	289	0	28191
4328	25229	482	19	106	0	25836
4329	536	158	16	24809	0	25519
4330	180	61	24	24525	0	24790
4331	79	24802	24	601	0	25506
4332	58	482	22	24701	0	25263
4333	24142	160	11	579	0	24892
4334	534	22421	23	592	0	23570
4335	181	23801	18	127	0	24127
4336	23862	688	5	87	0	24642
4337	599	212	6	22479	0	23296
4338	188	23329	27	593	0	24137
4339	101	571	12	24550	0	25234
4340	24220	183	10	653	0	25066
4341	593	96	10	24088	0	24787
4342	198	67	6	24218	0	24489
4343	23680	38	10	789	0	24517
4344	604	46	5	23484	0	24139
4345	198	23067	25	680	0	23970
4346	116	541	7	23112	0	23776
4347	79	22254	24	645	0	23002
4348	65	600	7	23444	0	24116
4349	23068	203	9	677	0	23957
4350	23226	100	12	271	0	23609
4351	741	65	8	23072	0	23886
4352	275	75	22134	668	0	23152
4353	21851	57	555	281	0	22744
4354	671	72	22218	163	0	23124
4355	22054	48	624	130	0	22856
4356	22822	62	182	101	0	23167
4357	836	59	20830	116	0	21841
4358	300	20574	596	129	0	21599
4359	21656	597	169	88	0	22510
4360	21955	210	76	98	0	22339
4361	830	115	21214	91	0	22250
4362	21511	70	578	97	0	22256
4363	20802	52	187	118	0	21159
4364	21069	51	109	108	0	21337
4365	893	66	62	19982	0	21003
4366	356	80	53	20489	0	20978
4367	207	19689	57	815	0	20768
4368	166	593	46	20355	0	21160
4369	162	208	38	20758	0	21166
4370	152	124	19793	864	0	20933
4371	169	109	18719	367	0	19364
4372	17693	57	763	231	0	18744
4373	18749	92	253	183	0	19277
4374	840	17990	152	161	0	19143
4375	356	659	78	18998	0	20091
4376	240	252	18990	774	0	20256
4377	184	156	636	20428	0	21404
4378	152	111	220	20822	0	21305
4379	160	113	115	21051	0	21439
4380	162	20149	95	1061	0	21467
4381	188	724	48	20859	0	21819
4382	174	290	59	21624	0	22147
4383	181	155	20397	1062	0	21795
4384	170	132	20758	452	0	21512
4385	19600	96	882	331	0	20909
4386	21413	116	315	244	0	22088
4387	1013	104	154	22477	0	23748
4388	395	110	95	22906	0	23506
4389	244	136	74	22943	0	23397
4390	207	114	20938	1356	0	22615
4391	170	20439	902	568	0	22079
4392	168	931	21502	350	0	22951
4393	21543	290	989	257	0	23079
4394	1075	152	21483	264	0	22974
4395	21749	136	966	222	0	23073
4396	22346	100	315	242	0	23003
4397	23115	103	181	243	0	23642
4398	1303	97	155	20939	0	22494
4399	484	98	19873	1058	0	21513
4400	291	20458	918	433	0	22100
4401	234	901	293	20735	0	22163
4402	211	294	163	21515	0	22183
4403	267	148	20541	1256	0	22212
4404	217	19929	961	524	0	21631
4405	20519	975	345	326	0	22165
4406	1097	21146	200	226	0	22669
4407	23319	1114	163	225	0	24821
4408	1686	324	128	22985	0	25123
4409	513	185	22577	1583	0	24858
4410	392	23032	1459	522	0	25405
4411	24172	1477	375	348	0	26372
4412	1808	376	24704	270	0	27158
4413	25299	292	1754	239	0	27584
4414	27129	144	464	195	0	27932
4415	2191	158	25360	197	0	27906
4416	24815	86	1611	184	0	26696
4417	25484	98	447	175	0	26204
4418	25080	82	360	168	0	25690
4419	2082	23598	207	187	0	26074
4420	23968	1606	183	165	0	25922
4421	1863	24458	179	215	0	26715
4422	530	1590	22543	156	0	24819
4423	424	23035	1387	206	0	25052
4424	20098	1440	617	454	0	22609
4425	20704	313	204	122	0	21343
4426	20945	215	139	90	0	21389
4427	1650	139	124	19567	0	21480
4428	522	103	116	21208	0	21949
4429	19812	98	101	1487	0	21498
4430	21005	109	132	382	0	21628
4431	1595	89	90	19555	0	21329
4432	540	115	19132	1337	0	21124
4433	362	18053	1168	306	0	19889
4434	226	19844	251	276	0	20597
4435	227	1321	211	18906	0	20665
4436	222	375	18892	1242	0	20731
4437	193	226	1199	17826	0	19444
4438	216	17699	254	1155	0	19324
4439	228	1213	212	18069	0	19722
4440	248	280	17900	1300	0	19728
4441	214	219	1210	17987	0	19630
4442	212	166	18543	1367	0	20288
4443	202	149	1309	18721	0	20381
4444	192	138	19066	1415	0	20811
4445	188	127	19515	361	0	20191
4446	18356	129	1373	283	0	20141
4447	19908	130	406	190	0	20634
4448	20102	114	282	175	0	20673
4449	1587	18334	188	165	0	20274
4450	513	1209	170	19021	0	20913
4451	18692	275	181	1323	0	20471
4452	19262	198	138	331	0	19929
4453	19236	137	144	272	0	19789
4454	1577	123	17624	183	0	19507
4455	533	16625	1163	154	0	18475
4456	386	18774	310	150	0	19620
4457	18199	1410	237	139	0	19985
4458	1378	370	167	18225	0	20140
4459	18498	276	180	1274	0	20228
4460	1537	169	17655	287	0	19648
4461	487	154	1175	17735	0	19551
4462	445	141	317	18699	0	19602
4463	337	153	260	18068	0	18818
4464	318	18821	203	1336	0	20678
4465	19219	1260	174	437	0	21090
4466	20021	313	196	255	0	20785
4467	1480	19013	168	235	0	20896
4468	588	1289	183	19440	0	21500
4469	19657	308	181	1280	0	21426
4470	1488	279	146	19471	0	21384
4471	19536	177	135	1411	0	21259
4472	1506	18858	160	412	0	20936
4473	19717	1301	121	324	0	21463
4474	1625	370	18499	212	0	20706
4475	564	17841	1183	216	0	19804
4476	464	1271	18185	183	0	20103
4477	358	304	1193	17354	0	19209
4478	17298	275	322	1205	0	19100
4479	18210	188	231	354	0	18983
4480	18273	169	185	287	0	18914
4481	1579	162	153	17010	0	18904
4482	17570	161	144	1244	0	19119
4483	1474	132	137	17237	0	18980
4484	17270	143	154	1380	0	18947
4485	17650	146	743	431	0	18970
4486	1445	141	16149	358	0	18093
4487	455	107	15084	200	0	15846
4488	337	107	15127	178	0	15749
4489	224	105	1139	14910	0	16378
4490	15367	97	337	1028	0	16829
4491	1066	95	253	16587	0	18001
4492	318	93	162	16647	0	17220
4493	16105	107	154	1134	0	17500
4494	16527	81	133	416	0	17157
4495	16777	67	125	289	0	17258
4496	16547	55	141	228	0	16971
4497	1299	79	127	15539	0	17044
4498	15684	76	142	1052	0	16954
4499	1145	14906	142	304	0	16497
4500	15142	924	100	285	0	16451
4501	15934	213	123	198	0	16468
4502	1240	195	14221	167	0	15823
4503	14251	136	850	153	0	15390
4504	1197	85	13817	162	0	15261
4505	376	65	13196	151	0	13788
4506	358	139	13447	170	0	14114
4507	134	39	313	10278	0	10764
4508	117	32	10543	347	0	11039
4509	102	21	255	9714	0	10092
4510	102	19	10051	309	0	10481
4511	58	32	10679	79	0	10848
4512	31	4	51	9476	0	9562
4513	26	4	34	10099	0	10163
4514	27	13	10045	57	0	10142
4515	9178	7	33	34	0	9252
4516	48	6	25	9739	0	9818
4517	42	4	16	9742	0	9804
4518	9868	5	15	52	0	9940
4519	46	7	14	11113	0	11180
4520	57	4	10969	41	0	11071
4521	40	17	9501	32	0	9590
4522	28	8	45	9386	0	9467
4523	43	6	10234	49	0	10332
4524	20	9923	60	45	0	10048
4525	22	26	37	10336	0	10421
4526	10101	22	28	464	0	10615
4527	31	11	9824	32	0	9898
4528	9163	5	34	17	0	9219
4529	26	4	32	10804	0	10866
4530	30	5	12	10673	0	10720
4531	13	1	17	10848	0	10879
4532	14	0	14	10828	0	10856
4533	10819	0	15	47	0	10881
4534	23	12517	18	49	0	12607
4535	25	66	14	13078	0	13183
4536	16	17	11	12728	0	12772
4537	13	17	18	12710	0	12758
4538	15	6	14	12708	0	12743
4539	12738	7	9	131	0	12885
4540	76	12098	20	71	0	12265
4541	12652	69	12	45	0	12778
4542	96	11601	17	25	0	11739
4543	35	11719	16	32	0	11802
4544	11625	92	16	22	0	11755
4545	99	47	11470	30	0	11646
4546	43	22	77	11584	0	11726
4547	12400	8	31	97	0	12536
4548	13484	12	32	51	0	13579
4549	13199	14	15	53	0	13281
4550	13702	10	19	23	0	13754
4551	135	13296	20	34	0	13485
4552	13908	104	13	26	0	14051
4553	14560	30	9	26	0	14625
4554	208	15438	26	32	0	15704
4555	81	250	11	16927	0	17269
4556	59	81	16698	306	0	17144
4557	31	51	276	16381	0	16739
4558	16706	21	81	345	0	17153
4559	325	33	16980	111	0	17449
4560	110	16286	320	89	0	16805
4561	77	313	17041	48	0	17479
4562	59	98	326	16127	0	16610
4563	41	16290	131	270	0	16732
4564	16954	308	54	93	0	17409
4565	306	16998	44	66	0	17414
4566	119	359	37	17261	0	17776
4567	75	124	19	17791	0	18009
4568	17456	77	35	388	0	17956
4569	338	50	30	17003	0	17421
4570	112	16748	36	339	0	17235
4571	17937	313	33	118	0	18401
4572	17946	109	31	74	0	18160
4573	401	18484	30	71	0	18986
4574	19080	331	25	47	0	19483
4575	362	18542	26	78	0	19008
4576	18519	326	7	36	0	18888
4577	350	18048	11	46	0	18455
4578	106	361	8	17407	0	17882
4579	72	105	14	18453	0	18644
4580	19326	80	8	336	0	19750
4581	19445	40	12	109	0	19606
4582	465	18418	36	82	0	19001
4583	159	419	17986	34	0	18598
4584	18587	123	374	30	0	19114
4585	422	76	112	18807	0	19417
4586	141	18221	53	856	0	19271
4587	80	388	24	19034	0	19526
4588	18910	138	15	421	0	19484
4589	19279	58	12	147	0	19496
4590	21375	51	16	74	0	21516
4591	547	53	6	19897	0	20503
4592	212	43	20071	426	0	20752
4593	19477	53	374	149	0	20053
4594	21382	39	103	87	0	21611
4595	22370	42	53	72	0	22537
4596	564	21639	53	72	0	22328
4597	225	415	25	22478	0	23143
4598	135	22589	27	985	0	23736
4599	102	450	29	23566	0	24147
4600	90	141	34	23797	0	24062
4601	101	102	23569	606	0	24378
4602	106	54	436	23930	0	24526
4603	99	57	132	25843	0	26131
4604	25261	55	74	690	0	26080
4605	558	24444	73	244	0	25319
4606	25361	549	50	120	0	26080
4607	27853	183	22	127	0	28185
4608	915	130	30	28203	0	29278
4609	290	121	28063	815	0	29289
4610	152	26815	721	270	0	27958
4611	127	27511	151	184	0	27973
4612	27063	848	78	148	0	28137
4613	745	27935	60	150	0	28890
4614	238	830	54	28284	0	29406
4615	183	234	49	29229	0	29695
4616	169	162	28031	967	0	29329
4617	179	149	27268	277	0	27873
4618	141	27055	890	183	0	28269
4619	137	871	213	27457	0	28678
4620	27276	281	108	829	0	28494
4621	812	194	93	27785	0	28884
4622	236	169	28747	931	0	30083
4623	131	158	778	28580	0	29647
4624	27805	135	202	988	0	29130
4625	28366	126	122	342	0	28956
4626	934	27594	115	262	0	28905
4627	28452	862	103	222	0	29639
4628	901	27738	124	234	0	28997
4629	28005	880	115	186	0	29186
4630	965	284	101	27338	0	28688
4631	338	215	26549	944	0	28046
4632	275	192	25589	325	0	26381
4633	264	27018	920	227	0	28429
4634	227	791	220	26210	0	27448
4635	180	259	134	27488	0	28061
4636	27326	155	109	1003	0	28593
4637	27550	146	93	330	0	28119
4638	27729	141	81	204	0	28155
4639	1044	170	99	26659	0	27972
4640	370	157	90	27323	0	27940
4641	242	175	96	27886	0	28399
4642	214	155	26298	1081	0	27748
4643	212	171	25437	406	0	26226
4644	25111	142	921	301	0	26475
4645	26691	141	287	247	0	27366
4646	1011	137	26962	298	0	28408
4647	26087	115	780	290	0	27272
4648	25965	107	248	329	0	26649
4649	1067	156	25012	262	0	26497
4650	458	24515	822	242	0	26037
4651	306	792	255	25037	0	26390
4652	313	274	24911	891	0	26389
4653	251	25227	739	394	0	26611
4654	228	659	223	23722	0	24832
4655	215	24484	198	928	0	25825
4656	247	708	24219	261	0	25435
4657	585	286	24803	204	0	25878
4658	229	156	790	24973	0	26148
4659	25777	148	303	790	0	27018
4660	785	151	201	25638	0	26775
4661	25895	124	176	856	0	27051
4662	812	152	181	25747	0	26892
4663	370	150	25234	848	0	26602
4664	23765	156	744	419	0	25084
4665	861	182	23808	246	0	25097
4666	24558	192	734	255	0	25739
4667	873	199	267	24286	0	25625
4668	370	24244	227	806	0	25647
4669	248	734	228	24863	0	26073
4670	259	24499	236	871	0	25865
4671	248	752	237	23513	0	24750
4672	277	25198	214	787	0	26476
4673	24818	740	192	405	0	26155
4674	25020	297	191	304	0	25812
4675	24879	188	208	310	0	25585
4676	1064	154	24132	282	0	25632
4677	494	151	751	24379	0	25775
4678	373	166	25381	883	0	26803
4679	328	24337	766	413	0	25844
4680	254	24674	261	322	0	25511
4681	24201	750	215	259	0	25425
4682	780	291	23946	256	0	25273
4683	353	23193	744	226	0	24516
4684	284	702	296	25130	0	26412
4685	25171	256	232	741	0	26400
4686	783	25018	233	320	0	26354
4687	26402	722	214	258	0	27596
4688	874	293	24994	218	0	26379
4689	377	210	711	26379	0	27677
4690	300	155	326	25876	0	26657
4691	293	184	232	26754	0	27463
4692	277	25017	233	1027	0	26554
4693	284	822	185	25294	0	26585
4694	289	320	24405	947	0	25961
4695	248	176	799	23538	0	24761
4696	192	184	318	24090	0	24784
4697	236	146	243	23796	0	24421
4698	224	21976	207	947	0	23354
4699	250	710	175	22924	0	24059
4700	255	236	164	23106	0	23761
4701	187	21597	206	971	0	22961
4702	21014	637	153	388	0	22192
4703	627	21671	148	317	0	22763
4704	283	22493	159	249	0	23184
4705	185	786	154	22695	0	23820
4706	209	326	22779	771	0	24085
4707	19245	88	359	224	0	19916
4708	427	84	143	20561	0	21215
4709	163	77	20212	750	0	21202
4710	72	20529	424	263	0	21288
4711	64	450	168	21830	0	22512
4712	79	209	22738	563	0	23589
4713	74	80	459	21558	0	22171
4714	56	87	169	21952	0	22264
4715	21702	48	78	705	0	22533
4716	479	21107	85	302	0	21973
4717	21592	483	61	166	0	22302
4718	564	210	20848	136	0	21758
4719	220	21515	496	150	0	22381
4720	145	489	22398	105	0	23137
4721	90	196	501	22782	0	23569
4722	22010	105	216	562	0	22893
4723	529	103	114	21808	0	22554
4724	21980	67	103	617	0	22767
4725	22340	81	90	269	0	22780
4726	658	90	73	22386	0	23207
4727	276	81	25809	644	0	26810
4728	177	76	26018	306	0	26577
4729	135	85	629	27084	0	27933
4730	110	75	261	28923	0	29369
4731	29074	66	161	816	0	30117
4732	631	91	110	28966	0	29798
4733	274	27866	134	753	0	29027
4734	157	591	112	28979	0	29839
4735	127	290	100	29491	0	30008
4736	28178	133	88	1055	0	29454
4737	702	27899	114	505	0	29220
4738	330	692	80	30053	0	31155
4739	208	303	78	30168	0	30757
4740	184	29037	120	1052	0	30393
4741	138	716	88	30373	0	31315
4742	131	324	98	30398	0	30951
4743	108	29033	131	1120	0	30392
4744	122	739	93	30351	0	31305
4745	98	331	88	30366	0	30883
4746	127	27959	116	1157	0	29359
4747	94	759	83	29545	0	30481
4748	28682	368	72	1080	0	30202
4749	28786	228	77	590	0	29681
4750	28702	191	72	420	0	29385
4751	29118	150	79	384	0	29731
4752	1075	27037	73	372	0	28557
4753	26629	701	60	297	0	27687
4754	813	26714	60	360	0	27947
4755	386	26037	81	272	0	26776
4756	232	822	65	26544	0	27663
4757	199	388	25935	834	0	27356
4758	24612	212	579	460	0	25863
4759	25988	170	256	335	0	26749
4760	879	169	25822	320	0	27190
4761	25574	164	647	317	0	26702
4762	27500	161	237	287	0	28185
4763	982	25943	147	303	0	27375
4764	29146	730	97	265	0	30238
4765	933	346	92	28791	0	30162
4766	433	250	84	29352	0	30119
4767	313	175	79	29651	0	30218
4768	267	203	81	29787	0	30338
4769	29404	179	56	1198	0	30837
4770	837	200	92	29181	0	30310
4771	435	179	74	29865	0	30553
4772	326	181	27152	1181	0	28840
4773	24652	163	704	646	0	26165
4774	27578	191	278	424	0	28471
4775	27623	151	175	366	0	28315
4776	1088	26367	193	362	0	28010
4777	586	27500	113	346	0	28545
4778	26792	926	104	347	0	28169
4779	950	447	102	26491	0	27990
4780	532	26313	95	907	0	27847
4781	420	782	83	27114	0	28399
4782	347	27038	133	988	0	28506
4783	26996	899	84	554	0	28533
4784	906	26415	99	463	0	27883
4785	479	833	95	26348	0	27755
4786	359	451	83	27095	0	27988
4787	341	278	25340	1181	0	27140
4788	326	27621	697	657	0	29301
4789	322	826	197	29712	0	31057
4790	309	402	32069	1077	0	33857
4791	307	353	33168	581	0	34409
4792	283	230	1194	34263	0	35970
4793	256	229	526	34338	0	35349
4794	253	32715	341	1571	0	34880
4795	287	35159	195	827	0	36468
4796	213	1454	170	35946	0	37783
4797	34981	671	180	1439	0	37271
4798	1218	422	122	38087	0	39849
4799	40342	329	84	1656	0	42411
4800	41585	286	81	810	0	42762
4801	41773	278	87	629	0	42767
4802	2080	253	40301	513	0	43147
4803	38746	263	1173	457	0	40639
4804	1706	248	529	39445	0	41928
4805	917	215	348	40394	0	41874
4806	624	229	37356	1820	0	40029
4807	390	207	36537	962	0	38096
4808	319	182	1470	36309	0	38280
4809	303	34720	789	1381	0	37193
4810	285	36092	396	734	0	37507
4811	1062	1408	219	36051	0	38740
4812	34523	702	180	1264	0	36669
4813	1145	371	151	35361	0	37028
4814	653	230	132	36070	0	37085
4815	472	35259	174	1569	0	37474
4816	333	1056	145	37181	0	38715
4817	309	541	35099	1481	0	37430
4818	278	390	34513	824	0	36005
4819	32862	231	1391	599	0	35083
4820	1087	34722	707	475	0	36991
4821	36168	1063	386	394	0	38011
4822	36924	542	261	326	0	38053
4823	1533	389	214	33535	0	35671
4824	815	36274	190	1048	0	38327
4825	530	1123	145	39631	0	41429
4826	39392	600	161	1342	0	41495
4827	1168	35364	183	780	0	37495
4828	35244	1095	142	510	0	36991
4829	1260	35271	126	402	0	37059
4830	35691	1221	127	372	0	37411
4831	35212	617	123	295	0	36247
4832	1438	33151	165	356	0	35110
4833	778	1183	157	34132	0	36250
4834	34542	473	168	1014	0	36197
4835	1170	365	32255	550	0	34340
4836	654	261	32644	432	0	33991
4837	471	209	1041	32811	0	34532
4838	33415	193	519	1048	0	35175
4839	1023	185	314	33494	0	35016
4840	33870	184	207	1246	0	35507
4841	1211	202	33933	649	0	35995
4842	34571	188	876	466	0	36101
4843	39475	186	416	354	0	40431
4844	1474	196	282	38142	0	40094
4845	835	162	223	38924	0	40144
4846	579	164	177	39134	0	40054
4847	433	37233	190	1501	0	39357
4848	374	879	146	38709	0	40108
4849	299	411	191	39800	0	40701
4850	38903	314	220	1542	0	40979
4851	39828	220	230	910	0	41188
4852	1341	226	38351	643	0	40561
4853	38421	223	953	476	0	40073
4854	1340	251	37825	464	0	39880
4855	35297	234	1115	437	0	37083
4856	1388	226	37905	440	0	39959
4857	815	227	37148	412	0	38602
4858	585	255	1292	36262	0	38394
4859	469	183	37469	1329	0	39450
4860	37106	215	1133	734	0	39188
4861	977	234	617	38896	0	40724
4862	39126	224	432	1188	0	40970
4863	38901	278	278	760	0	40217
4864	37778	233	253	561	0	38825
4865	37203	205	249	462	0	38119
4866	1827	162	35431	395	0	37815
4867	1123	150	866	35305	0	37444
4868	827	156	35867	1080	0	37930
4869	667	159	1048	35810	0	37684
4870	36629	170	624	1206	0	38629
4871	1107	159	509	37447	0	39222
4872	37303	193	403	1277	0	39176
4873	1202	180	333	37243	0	38958
4874	726	213	273	37708	0	38920
4875	38584	228	279	1460	0	40551
4876	1160	36699	276	928	0	39063
4877	38035	895	205	641	0	39776
4878	1276	37199	204	564	0	39243
4879	828	994	184	38098	0	40104
4880	39428	527	229	1140	0	41324
4881	1231	343	37583	791	0	39948
4882	793	249	855	37724	0	39621
4883	38226	258	518	1166	0	40168
4884	37972	207	400	791	0	39370
4885	1527	214	285	37678	0	39704
4886	978	37020	310	1114	0	39422
4887	786	37844	261	712	0	39603
4888	481	1111	145	35814	0	37551
4889	34281	381	439	830	0	35931
4890	726	29585	103	406	0	30820
4891	266	27682	65	208	0	28221
4892	27867	485	41	117	0	28510
4893	426	27296	39	108	0	27869
4894	28647	453	49	96	0	29245
4895	513	213	50	28000	0	28776
4896	290	132	45	28223	0	28690
4897	162	27587	63	576	0	28388
4898	125	26830	42	347	0	27344
4899	23854	329	31	73	0	24287
4900	288	23304	45	63	0	23700
4901	116	26562	36	60	0	26774
4902	80	536	21	26821	0	27458
4903	28405	228	9	479	0	29121
4904	634	101	27774	199	0	28708
4905	26855	74	562	101	0	27592
4906	641	46	235	31578	0	32500
4907	290	71	32066	847	0	33274
4908	152	62	31705	385	0	32304
4909	76	42	1089	32774	0	33981
4910	101	62	34725	869	0	35757
4911	32739	52	1035	444	0	34270
4912	34980	52	483	203	0	35718
4913	1341	58	34752	138	0	36289
4914	594	40	1027	32905	0	34566
4915	276	41	500	34579	0	35396
4916	34595	39	255	1378	0	36267
4917	1089	65	147	33181	0	34482
4918	536	32499	166	1065	0	34266
4919	33459	919	125	554	0	35057
4920	1038	32270	115	313	0	33736
4921	517	32971	124	255	0	33867
4922	308	1290	114	32070	0	33782
4923	260	576	79	32274	0	33189
4924	242	270	91	32423	0	33026
4925	202	209	28208	1545	0	30164
4926	25754	181	938	770	0	27643
4927	1029	27378	460	442	0	29309
4928	28884	1000	244	318	0	30446
4929	29731	497	138	297	0	30663
4930	1487	282	131	28217	0	30117
4931	729	28348	142	1618	0	30837
4932	406	1026	99	31636	0	33167
4933	294	529	112	32568	0	33503
4934	32661	263	108	1549	0	34581
4935	32553	200	95	814	0	33662
4936	1552	213	31263	469	0	33497
4937	31443	128	905	311	0	32787
4938	1221	31152	426	295	0	33094
4939	32314	990	213	249	0	33766
4940	1242	33577	137	270	0	35226
4941	678	1103	134	31842	0	33757
4942	414	576	125	32146	0	33261
4943	334	28661	101	1469	0	30565
4944	284	1050	104	30372	0	31810
4945	294	592	91	30770	0	31747
4946	302	312	94	30272	0	30980
4947	257	28946	128	1639	0	30970
4948	262	1079	102	31370	0	32813
4949	245	580	102	31574	0	32501
4950	269	351	84	32415	0	33119
4951	220	274	28894	1797	0	31185
4952	27586	283	944	960	0	29773
4953	1125	238	29303	665	0	31331
4954	29024	220	1122	521	0	30887
4955	1297	227	29473	485	0	31482
4956	29008	223	1158	465	0	30854
4957	30448	210	568	422	0	31648
4958	1678	213	28916	379	0	31186
4959	849	205	1129	28683	0	30866
4960	562	227	27610	1261	0	29660
4961	26586	185	1183	803	0	28757
4962	1340	175	28471	531	0	30517
4963	767	175	28018	437	0	29397
4964	27188	189	1581	452	0	29410
4965	1351	27319	871	409	0	29950
4966	832	1081	482	28499	0	30894
4967	28734	592	400	1331	0	31057
4968	1420	302	386	28395	0	30503
4969	854	228	338	29531	0	30951
4970	28181	208	354	1823	0	30566
4971	28478	206	328	1009	0	30021
4972	1820	206	27619	654	0	30299
4973	1004	206	29565	564	0	31339
4974	632	195	1630	29775	0	32232
4975	555	179	29799	1460	0	31993
4976	495	245	1392	29579	0	31711
4977	441	219	775	29901	0	31336
4978	485	195	452	31474	0	32606
4979	29830	184	330	2064	0	32408
4980	1337	30848	409	1183	0	33777
4981	32298	1142	258	786	0	34484
4982	32430	629	308	646	0	34013
4983	1811	31233	276	652	0	33972
4984	32145	1155	253	559	0	34112
4985	1614	673	30357	539	0	33183
4986	880	394	1089	30783	0	33146
4987	32600	274	608	1403	0	34885
4988	1416	317	30385	881	0	32999
4989	30215	226	1046	585	0	32072
4990	1426	32612	594	533	0	35165
4991	37133	1022	360	461	0	38976
4992	37232	541	288	412	0	38473
4993	2147	36239	265	414	0	39065
4994	37684	1337	272	340	0	39633
4995	1851	740	220	37168	0	39979
4996	1117	452	233	38501	0	40303
4997	37643	296	222	1964	0	40125
4998	34217	307	211	1072	0	35807
4999	1986	37807	252	697	0	40742
5000	1129	39374	202	589	0	41294
5001	579	1453	171	34908	0	37111
5002	474	35293	194	2029	0	37990
5003	424	36644	152	713	0	37933
5004	35620	1345	133	445	0	37543
5005	1169	35631	124	358	0	37282
5006	31831	893	82	165	0	32971
5007	948	30946	76	191	0	32161
5008	584	878	30230	175	0	31867
5009	372	30421	639	202	0	31634
5010	30010	684	233	118	0	31045
5011	28879	320	149	76	0	29424
5012	849	187	28322	94	0	29452
5013	443	114	508	26679	0	27744
5014	253	101	263	29114	0	29731
5015	221	79	28279	736	0	29315
5016	169	111	537	27442	0	28259
5017	170	107	28673	723	0	29673
5018	166	147	27064	354	0	27731
5019	27070	104	743	234	0	28151
5020	612	27832	391	160	0	28995
5021	29569	580	196	127	0	30472
5022	767	308	90	29257	0	30422
5023	428	260	31051	581	0	32320
5024	284	182	528	29543	0	30537
5025	187	30469	289	601	0	31546
5026	31877	636	158	316	0	32987
5027	32140	349	99	195	0	32783
5028	829	269	85	32806	0	33989
5029	475	207	31058	629	0	32369
5030	29746	189	534	324	0	30793
5031	715	29910	285	258	0	31168
5032	30418	729	176	161	0	31484
5033	960	401	145	29887	0	31393
5034	29694	269	116	600	0	30679
5035	948	266	93	28990	0	30297
5036	638	242	29109	770	0	30759
5037	466	160	27796	582	0	29004
5038	27324	109	815	512	0	28760
5039	764	28978	458	368	0	30568
5040	28846	595	459	215	0	30115
5041	28681	491	174	196	0	29542
5042	826	28527	146	221	0	29720
5043	29561	791	115	266	0	30733
5044	880	540	29089	205	0	30714
5045	541	527	537	30307	0	31912
5046	502	411	271	30494	0	31678
5047	444	340	171	31780	0	32735
5048	406	324	29076	950	0	30756
5049	371	364	28694	533	0	29962
5050	335	321	845	28473	0	29974
5051	308	28776	515	610	0	30209
5052	466	30868	251	395	0	31980
5053	31605	931	220	291	0	33047
5054	31073	548	310	252	0	32183
5055	993	32440	307	329	0	34069
5056	622	838	188	33609	0	35257
5057	489	541	238	34181	0	35449
5058	34901	358	251	1111	0	36621
5059	953	292	303	34976	0	36524
5060	638	310	625	35083	0	36656
5061	604	277	585	35447	0	36913
5062	751	351	33473	1205	0	35780
5063	563	665	30600	736	0	32564
5064	32705	280	800	561	0	34346
5065	1000	190	533	35729	0	37452
5066	574	511	36050	955	0	38090
5067	682	480	34687	482	0	36331
5068	36259	353	1212	426	0	38250
5069	1133	353	40438	579	0	42503
5070	628	39938	1020	703	0	42289
5071	438	914	498	44499	0	46349
5072	438	573	42433	1138	0	44582
5073	41969	468	1306	561	0	44304
5074	1311	314	611	45933	0	48169
5075	706	485	43624	1396	0	46211
5076	559	532	1090	44766	0	46947
5077	662	272	558	46158	0	47650
5078	45842	142	528	1759	0	48271
5079	1372	44533	510	853	0	47268
5080	774	1205	351	44064	0	46394
5081	44103	618	297	1701	0	46719
5082	44899	391	228	863	0	46381
5083	46177	209	229	842	0	47457
5084	47259	250	355	704	0	48568
5085	2033	223	321	46179	0	48756
5086	47183	177	649	1459	0	49468
5087	46298	158	672	833	0	47961
5088	45433	183	320	752	0	46688
5089	45848	152	278	954	0	47232
5090	1711	40973	539	496	0	43719
5091	483	37763	436	165	0	38847
5092	491	898	162	38340	0	39891
5093	299	37767	392	782	0	39240
5094	38487	1073	144	388	0	40092
5095	853	340	64	37620	0	38877
5096	37384	171	305	912	0	38772
5097	37172	101	120	435	0	37828
5098	1149	89	60	38637	0	39935
5099	568	72	316	36742	0	37698
5100	361	35855	158	1271	0	37645
5101	37197	668	84	762	0	38711
5102	1151	35581	84	387	0	37203
5103	37253	1047	66	258	0	38624
5104	1010	341	76	39091	0	40518
5105	813	204	37700	878	0	39595
5106	38348	116	664	383	0	39511
5107	39705	138	258	298	0	40399
5108	1551	164	38699	214	0	40628
5109	650	170	38439	495	0	39754
5110	669	146	920	36929	0	38664
5111	41283	133	330	924	0	42670
5112	44518	137	185	436	0	45276
5113	47044	96	102	339	0	47581
5114	47009	376	105	264	0	47754
5115	1664	44768	152	282	0	46866
5116	47637	1112	67	502	0	49318
5117	1430	679	62	46850	0	49021
5118	941	323	67	48345	0	49676
5119	565	186	87	49121	0	49959
5120	700	184	84	49542	0	50510
5121	48238	121	65	1627	0	50051
5122	1408	134	60	49061	0	50663
5123	651	172	45098	1759	0	47680
5124	462	360	1065	46401	0	48288
5125	621	185	354	47813	0	48973
5126	509	391	172	47674	0	48746
5127	660	190	120	47479	0	48449
5128	45226	122	140	1749	0	47237
5129	1394	43518	147	809	0	45868
5130	683	44878	143	503	0	46207
5131	541	1486	91	45863	0	47981
5132	45424	536	119	1384	0	47463
5133	46576	281	124	618	0	47599
5134	1722	205	121	46033	0	48081
5135	773	222	44280	1437	0	46712
5136	44043	150	1065	688	0	45946
5137	1507	154	370	45886	0	47917
5138	742	165	43973	1517	0	46397
5139	41689	135	1157	749	0	43730
5140	1504	44461	453	543	0	46961
5141	52494	1228	231	437	0	54390
5142	2173	53131	204	490	0	55998
5143	1105	1969	129	54388	0	57591
5144	716	53965	150	2116	0	56947
5145	544	2222	117	56350	0	59233
5146	52046	890	134	2594	0	55664
5147	2108	52144	151	1859	0	56262
5148	1093	2027	52179	839	0	56138
5149	727	870	1861	54307	0	57765
5150	630	703	53657	2489	0	57479
5151	555	335	2126	51811	0	54827
5152	492	249	876	55460	0	57077
5153	473	268	52769	3040	0	56550
5154	46452	235	2084	1618	0	50389
5155	2299	250	51392	924	0	54865
5156	1218	294	50124	642	0	52278
5157	738	48886	2649	626	0	52899
5158	542	2005	1104	50397	0	54048
5159	462	947	570	52266	0	54245
5160	392	587	327	51766	0	53072
5161	417	363	246	53707	0	54733
5162	426	347	49860	3392	0	54025
5163	46292	292	2020	1747	0	50351
5164	2321	253	50313	1071	0	53958
5165	1067	210	2116	49355	0	52748
5166	47724	190	980	2332	0	51226
5167	2012	47591	628	1403	0	51634
5168	934	1796	395	46925	0	50050
5169	43373	791	315	2203	0	46682
5170	2010	41852	276	1237	0	45375
5171	888	44901	290	689	0	46768
5172	44622	2191	202	536	0	47551
5173	1721	43040	205	416	0	45382
5174	41453	1857	162	329	0	43801
5175	1810	43463	178	406	0	45857
5176	43318	1908	154	320	0	45700
5177	43593	781	160	361	0	44895
5178	2308	43180	213	316	0	46017
5179	1044	1833	184	43765	0	46826
5180	681	797	41575	1918	0	44971
5181	41515	494	1706	843	0	44558
5182	1845	384	669	41861	0	44759
5183	840	39384	456	1948	0	42628
5184	523	41777	294	977	0	43571
5185	359	2191	214	42235	0	44999
5186	40430	937	192	2108	0	43667
5187	1845	609	39946	975	0	43375
5188	883	370	1704	42131	0	45088
5189	582	278	732	43138	0	44730
5190	398	282	498	44222	0	45400
5191	352	262	280	43149	0	44043
5192	289	41198	277	2818	0	44582
5193	306	1780	222	43811	0	46119
5194	332	833	41400	2489	0	45054
5195	310	618	41917	1221	0	44066
5196	332	460	43049	799	0	44640
5197	320	417	2526	42191	0	45454
5198	41136	345	1152	2100	0	44733
5199	1971	390	41004	1036	0	44401
5200	1008	356	41367	749	0	43480
5201	633	394	2406	40057	0	43490
5202	39976	359	1097	2201	0	43633
5203	1927	39630	727	1162	0	43446
5204	38944	1980	472	901	0	42297
5205	2228	937	376	38895	0	42436
5206	1127	694	38569	2151	0	42541
5207	759	576	1817	35441	0	38593
5208	548	37603	938	2056	0	41145
5209	42437	1982	634	1103	0	46156
5210	2102	999	41851	914	0	45866
5211	991	42762	1813	721	0	46287
5212	42041	1878	825	669	0	45413
5213	2665	878	621	40315	0	44479
5214	916	590	510	42617	0	44633
5215	41918	371	483	2477	0	45249
5216	42648	310	440	1403	0	44801
5217	47273	360	450	881	0	48964
5218	2843	340	341	43033	0	46557
5219	1408	44568	407	2131	0	48514
5220	45740	1870	330	1241	0	49181
5221	2155	45561	356	962	0	49034
5222	45514	2078	384	683	0	48659
5223	2258	43958	416	595	0	47227
5224	1220	2124	330	44852	0	48526
5225	44657	1063	312	2173	0	48205
5226	45086	762	265	1263	0	47376
5227	45971	573	248	972	0	47764
5228	46579	458	298	731	0	48066
5229	46638	370	356	639	0	48003
5230	3191	453	43092	567	0	47303
5231	1689	473	1811	43464	0	47437
5232	1215	449	43913	2035	0	47612
5233	942	447	43653	1102	0	46144
5234	44399	469	2509	785	0	48162
5235	44991	414	1261	630	0	47296
5236	45627	493	733	536	0	47389
5237	3198	493	423	44107	0	48221
5238	43660	518	340	2080	0	46598
5239	2783	41706	390	1588	0	46467
5240	1505	41609	389	869	0	44372
5241	842	36268	209	471	0	37790
5242	33388	1340	170	366	0	35264
5243	1211	34235	216	383	0	36045
5244	35653	1160	185	330	0	37328
5245	35451	563	224	267	0	36505
5246	1783	377	33594	359	0	36113
5247	1042	312	1058	32849	0	35261
5248	796	253	485	35752	0	37286
5249	36130	227	383	1531	0	38271
5250	36672	259	290	799	0	38020
5251	1937	244	245	36749	0	39175
5252	1123	277	35143	1463	0	38006
5253	856	305	35113	837	0	37111
5254	749	280	1442	35518	0	37989
5255	707	254	692	36264	0	37917
5256	667	290	402	37907	0	39266
5257	36089	278	288	1889	0	38544
5258	36009	327	245	980	0	37561
5259	1936	34912	259	674	0	37781
5260	1161	1284	227	35936	0	38608
5261	976	631	251	36002	0	37860
5262	813	35442	273	1676	0	38204
5263	760	1264	303	36649	0	38976
5264	36409	647	321	1627	0	39004
5265	1679	370	352	36159	0	38560
5266	1121	286	334	37210	0	38951
5267	35798	234	281	1965	0	38278
5268	35591	226	270	1101	0	37188
5269	36274	246	288	760	0	37568
5270	2191	296	250	35080	0	37817
5271	1172	230	31143	1471	0	34016
5272	1221	246	30197	837	0	32501
5273	780	252	31655	620	0	33307
5274	701	30266	1382	500	0	32849
5275	29723	860	602	386	0	31571
5276	1281	525	29064	405	0	31275
5277	28235	288	859	387	0	29769
5278	1273	262	538	29024	0	31097
5279	30783	281	324	1002	0	32390
5280	30787	240	237	733	0	31997
5281	1511	31080	222	536	0	33349
5282	32459	843	223	445	0	33970
5283	32251	466	251	501	0	33469
5284	1573	31100	269	481	0	33423
5285	1030	836	252	32285	0	34403
5286	822	523	31004	1047	0	33396
5287	733	279	829	30406	0	32247
5288	625	241	539	31282	0	32687
5289	31016	261	338	1500	0	33115
5290	1241	198	318	30787	0	32544
5291	847	31096	354	1194	0	33491
5292	614	990	252	31121	0	32977
5293	538	591	229	32509	0	33867
5294	622	397	29982	1613	0	32614
5295	627	29521	831	1035	0	32014
5296	639	31246	489	699	0	33073
5297	29557	1271	301	585	0	31714
5298	1179	32155	249	624	0	34207
5299	864	1157	220	32260	0	34501
5300	696	724	31250	1234	0	33904
5301	582	31662	954	871	0	34069
5302	32722	1053	610	631	0	35016
5303	1198	683	442	32446	0	34769
5304	831	401	340	33622	0	35194
5305	625	320	31676	1630	0	34251
5306	551	325	1021	31205	0	33102
5307	576	311	571	32870	0	34328
5308	31878	305	378	1727	0	34288
5309	26997	226	263	944	0	28430
5310	1419	25569	291	674	0	27953
5311	23270	777	229	483	0	24759
5312	982	22463	169	442	0	24056
5313	651	1152	117	20981	0	22901
5314	480	21703	131	758	0	23072
5315	427	23187	125	568	0	24307
5316	21570	846	90	339	0	22845
5317	18698	430	107	278	0	19513
5318	889	18103	106	316	0	19414
5319	18302	644	85	291	0	19322
5320	18212	363	100	293	0	18968
5321	19848	250	102	257	0	20457
5322	1015	201	126	19223	0	20565
5323	19406	190	121	757	0	20474
5324	810	166	18100	537	0	19613
5325	18548	172	562	378	0	19660
5326	852	194	19102	271	0	20419
5327	586	203	590	18845	0	20224
5328	407	192	324	19957	0	20880
5329	315	228	19124	860	0	20527
5330	18503	187	572	543	0	19805
5331	19796	194	344	335	0	20669
5332	985	198	19968	234	0	21385
5333	582	206	565	19950	0	21303
5334	420	173	319	20789	0	21701
5335	311	128	245	21651	0	22335
5336	20919	147	174	1014	0	22254
5337	21094	112	181	626	0	22013
5338	939	127	179	20004	0	21249
5339	554	19632	145	772	0	21103
5340	405	20718	147	529	0	21799
5341	20180	737	164	309	0	21390
5342	700	20003	132	344	0	21179
5343	396	18882	144	226	0	19648
5344	155	458	64	16528	0	17205
5345	144	258	17131	450	0	17983
5346	156	17048	313	303	0	17820
5347	172	350	152	17440	0	18114
5348	159	17457	114	398	0	18128
5349	40	240	38	16564	0	16882
5350	16517	91	29	245	0	16882
5351	199	15908	39	116	0	16262
5352	16707	211	30	94	0	17042
5353	16955	97	22	71	0	17145
5354	312	102	16114	58	0	16586
5355	16323	74	204	65	0	16666
5356	273	52	79	17656	0	18060
5357	119	72	17305	267	0	17763
5358	94	16704	209	147	0	17154
5359	84	328	66	18169	0	18647
5360	84	132	63	18515	0	18794
5361	18438	112	32	297	0	18879
5362	274	74	17	18201	0	18566
5363	121	64	47	18461	0	18693
5364	19018	80	25	310	0	19433
5365	307	18349	31	165	0	18852
5366	18957	283	31	114	0	19385
5367	374	143	18339	77	0	18933
5368	16941	102	277	89	0	17409
5369	378	71	18150	89	0	18688
5370	152	17396	320	93	0	17961
5371	18519	286	105	78	0	18988
5372	18332	104	93	83	0	18612
5373	409	103	17307	83	0	17902
5374	208	88	16640	79	0	17015
5375	190	78	17232	60	0	17560
5376	116	17778	391	87	0	18372
5377	122	300	155	18616	0	19193
5378	118	130	18289	326	0	18863
5379	110	120	16225	149	0	16604
5380	120	52	368	16247	0	16787
5381	98	58	16387	341	0	16884
5382	15950	77	454	133	0	16614
5383	20494	52	135	126	0	20807
5384	757	80	20325	70	0	21232
5385	341	20332	593	80	0	21346
5386	244	605	227	21151	0	22227
5387	160	246	21734	647	0	22787
5388	104	21406	606	248	0	22364
5389	104	638	243	22451	0	23436
5390	21877	213	152	615	0	22857
5391	21794	149	70	245	0	22258
5392	717	21520	70	193	0	22500
5393	347	570	56	22178	0	23151
5394	208	197	47	22499	0	22951
5395	99	177	54	22604	0	22934
5396	66	80	47	23064	0	23257
5397	68	56	21573	961	0	22658
5398	59	58	552	21192	0	21861
5399	69	66	20379	788	0	21302
5400	58	20195	629	311	0	21193
5401	20582	549	250	222	0	21603
5402	520	20772	168	140	0	21600
5403	216	681	74	21357	0	22328
5404	169	252	42	21980	0	22443
5405	21802	159	52	809	0	22822
5406	585	95	48	21465	0	22193
5407	227	20842	79	756	0	21904
5408	182	551	46	22071	0	22850
5409	94	221	71	22470	0	22856
5410	21953	202	67	806	0	23028
5411	624	168	19954	430	0	21176
5412	237	19501	482	291	0	20511
5413	226	21279	197	167	0	21869
5414	71	602	100	20417	0	21190
5415	19661	281	57	532	0	20531
5416	472	20736	57	281	0	21546
5417	173	504	44	21631	0	22352
5418	171	196	20619	576	0	21562
5419	65	153	463	21935	0	22616
5420	22305	94	167	636	0	23202
5421	20839	66	151	256	0	21312
5422	650	76	68	21091	0	21885
5423	22319	64	52	578	0	23013
5424	21987	66	62	280	0	22395
5425	701	77	21300	226	0	22304
5426	20678	71	483	133	0	21365
5427	610	21121	222	150	0	22103
5428	22637	500	150	108	0	23395
5429	667	206	21630	99	0	22602
5430	247	165	503	22135	0	23050
5431	22987	75	198	575	0	23835
5432	627	81	19945	257	0	20910
5433	271	72	20651	212	0	21206
5434	218	77	673	20164	0	21132
5435	118	88	21599	618	0	22423
5436	21442	38	696	246	0	22422
5437	618	80	21889	197	0	22784
5438	262	64	704	21559	0	22589
5439	224	72	267	22610	0	23173
5440	22756	72	209	813	0	23850
5441	717	70	22799	394	0	23980
5442	292	79	24732	267	0	25370
5443	208	61	914	26528	0	27711
5444	149	68	27327	962	0	28506
5445	26005	58	1042	361	0	27466
5446	922	60	347	26200	0	27529
5447	337	46	26410	983	0	27776
5448	250	48	958	26039	0	27295
5449	151	52	328	27337	0	27868
5450	26927	61	239	1198	0	28425
5451	978	70	25788	486	0	27322
5452	24722	554	952	326	0	26554
5453	1080	75	25383	197	0	26735
5454	24957	53	1008	176	0	26194
5455	25948	66	387	149	0	26550
5456	25118	37	256	192	0	25603
5457	1177	24238	226	186	0	25827
5458	25770	820	108	194	0	26892
5459	25329	234	130	210	0	25903
5460	1199	159	125	25068	0	26551
5461	511	92	24396	995	0	25994
5462	24178	52	923	371	0	25524
5463	1024	50	25357	302	0	26733
5464	401	42	951	24096	0	25490
5465	311	65	385	25770	0	26531
5466	24929	47	242	1089	0	26307
5467	891	25175	191	483	0	26740
5468	388	773	121	25738	0	27020
5469	296	246	154	26747	0	27443
5470	261	193	25147	1141	0	26742
5471	208	83	863	25397	0	26551
5472	200	72	379	26590	0	27241
5473	211	43	268	25458	0	25980
5474	212	25250	230	1162	0	26854
5475	25580	785	142	500	0	27007
5476	25662	253	115	359	0	26389
5477	1099	25530	118	266	0	27013
5478	25899	859	99	242	0	27099
5479	1046	272	136	26325	0	27779
5480	508	186	26442	1008	0	28144
5481	255	26326	882	434	0	27897
5482	213	27996	388	318	0	28915
5483	25351	851	553	142	0	26897
5484	25992	238	106	105	0	26441
5485	948	131	86	25627	0	26792
5486	379	82	74	27688	0	28223
5487	236	73	70	27258	0	27637
5488	26547	59	89	1128	0	27823
5489	912	83	25130	446	0	26571
5490	25211	37	791	283	0	26322
5491	932	54	319	25335	0	26640
5492	372	60	173	25657	0	26262
5493	227	24902	158	1074	0	26361
5494	217	767	114	25861	0	26959
5495	200	262	110	26633	0	27205
5496	264	164	26492	1108	0	28028
5497	209	26954	778	495	0	28436
5498	28377	773	307	314	0	29771
5499	27114	273	214	269	0	27870
5500	28630	150	170	224	0	29174
5501	28990	109	138	241	0	29478
5502	1204	143	27097	222	0	28666
5503	27242	110	818	219	0	28389
5504	1128	115	27924	216	0	29383
5505	536	84	875	26908	0	28403
5506	364	27361	371	910	0	29006
5507	307	819	232	28273	0	29631
5508	323	302	214	28820	0	29659
5509	320	194	27622	1220	0	29356
5510	26071	158	890	575	0	27694
5511	27724	153	338	424	0	28639
5512	1134	25950	263	864	0	28211
5513	567	819	26768	349	0	28503
5514	390	306	898	27243	0	28837
5515	348	208	27035	1103	0	28694
5516	356	164	25808	520	0	26848
5517	330	152	1066	26098	0	27646
5518	382	182	26094	1090	0	27748
5519	403	162	922	26283	0	27770
5520	417	171	26559	1129	0	28276
5521	395	182	910	26927	0	28414
5522	27220	130	414	1193	0	28957
5523	26789	156	304	591	0	27840
5524	26751	166	257	486	0	27660
5525	26321	137	237	472	0	27167
5526	1217	25338	234	445	0	27234
5527	599	924	222	25159	0	26904
5528	516	366	156	26221	0	27259
5529	454	246	24720	1291	0	26711
5530	380	188	872	24553	0	25993
5531	393	166	24476	1190	0	26225
5532	313	192	24003	642	0	25150
5533	23444	169	1080	525	0	25218
5534	956	24768	501	461	0	26686
5535	25528	881	289	386	0	27084
5536	25870	345	259	342	0	26816
5537	1177	25162	203	419	0	26961
5538	25828	859	214	398	0	27299
5539	1163	347	25229	396	0	27135
5540	561	25398	856	374	0	27189
5541	26025	778	373	330	0	27506
5542	911	293	23466	273	0	24943
5543	21137	161	573	220	0	22091
5544	618	21420	257	209	0	22504
5545	21518	546	179	194	0	22437
5546	21284	214	157	180	0	21835
5547	669	20805	174	198	0	21846
5548	317	21196	156	199	0	21868
5549	214	22125	186	166	0	22691
5550	191	697	145	23239	0	24272
5551	196	271	146	23739	0	24352
5552	23527	161	158	748	0	24594
5553	23445	104	149	367	0	24065
5554	774	116	22781	256	0	23927
5555	383	118	22682	225	0	23408
5556	267	96	23795	182	0	24340
5557	214	77	921	22917	0	24129
5558	233	88	23577	748	0	24646
5559	212	78	782	23304	0	24376
5560	23398	102	345	821	0	24666
5561	785	85	23786	353	0	25009
5562	23499	109	751	240	0	24599
5563	24055	111	336	162	0	24664
5564	1022	132	22929	182	0	24265
5565	445	22514	779	173	0	23911
5566	291	675	320	23851	0	25137
5567	242	284	23535	724	0	24785
5568	218	175	778	23646	0	24817
5569	232	127	341	26796	0	27496
5570	26348	144	279	1042	0	27813
5571	934	123	164	26290	0	27511
5572	423	121	25634	947	0	27125
5573	286	133	855	25935	0	27209
5574	26453	122	341	974	0	27890
5575	954	26315	265	377	0	27911
5576	26683	810	166	191	0	27850
5577	987	939	144	25799	0	27869
5578	364	251	25947	784	0	27346
5579	259	150	25017	284	0	25710
5580	246	1215	23727	186	0	25374
5581	123	22307	735	115	0	23280
5582	22484	550	473	95	0	23602
5583	541	20716	129	61	0	21447
5584	20607	494	51	34	0	21186
5585	507	20142	50	47	0	20746
5586	138	493	66	19015	0	19712
5587	76	127	66	19292	0	19561
5588	50	69	54	19428	0	19601
5589	39	18590	85	564	0	19278
5590	68	458	54	19307	0	19887
5591	57	128	43	22493	0	22721
5592	23211	72	59	757	0	24099
5593	731	56	46	25968	0	26801
5594	203	75	26461	814	0	27553
5595	26204	62	763	233	0	27262
5596	26913	49	201	122	0	27285
5597	985	25496	114	133	0	26728
5598	26535	856	96	81	0	27568
5599	26885	200	83	131	0	27299
5600	1081	105	90	25780	0	27056
5601	343	96	81	26846	0	27366
5602	216	58	88	28523	0	28885
5603	27415	92	89	1214	0	28810
5604	27661	64	75	364	0	28164
5605	1221	108	25950	209	0	27488
5606	26326	85	889	195	0	27495
5607	27253	80	229	146	0	27708
5608	27641	62	144	178	0	28025
5609	1267	85	26080	164	0	27596
5610	419	91	26487	176	0	27173
5611	290	67	1096	26435	0	27888
5612	288	76	26449	1034	0	27847
5613	226	58	1073	25522	0	26879
5614	252	106	352	23024	0	23734
5615	229	26517	238	957	0	27941
5616	27274	935	212	334	0	28755
5617	1152	242	27443	269	0	29106
5618	27472	154	1085	236	0	28947
5619	1265	123	329	27432	0	29149
5620	26497	111	210	1196	0	28014
5621	1235	26877	236	436	0	28784
5622	448	29776	188	381	0	30793
5623	379	1350	154	28904	0	30787
5624	328	375	158	30899	0	31760
5625	350	227	28992	1585	0	31154
5626	342	140	1202	30058	0	31742
5627	28395	125	359	1552	0	30431
5628	1349	28515	276	584	0	30724
5629	527	1171	29219	393	0	31310
5630	447	315	1275	29402	0	31439
5631	419	218	29386	1407	0	31430
5632	359	198	1330	29505	0	31392
5633	352	147	28626	1511	0	30636
5634	284	147	28200	516	0	29147
5635	230	133	1426	27567	0	29356
5636	27704	100	494	1459	0	29757
5637	28280	129	416	482	0	29307
5638	27845	150	275	408	0	28678
5639	1497	26169	269	374	0	28309
5640	27019	1191	248	301	0	28759
5641	27655	308	263	304	0	28530
5642	1602	227	25885	301	0	28015
5643	570	26188	1222	348	0	28328
5644	469	1182	343	26158	0	28152
5645	26007	343	218	1327	0	27895
5646	1277	26801	231	508	0	28817
5647	28793	1221	214	394	0	30622
5648	29451	350	227	393	0	30421
5649	28894	270	235	318	0	29717
5650	28059	230	223	337	0	28849
5651	1593	199	229	27052	0	29073
5652	27141	223	230	1351	0	28945
5653	1487	213	230	26308	0	28238
5654	588	25613	276	1417	0	27894
5655	396	1007	218	26173	0	27794
5656	26053	250	236	1277	0	27816
5657	1271	158	24954	515	0	26898
5658	491	145	1068	25917	0	27621
5659	25426	132	350	1258	0	27166
5660	1238	25112	276	515	0	27141
5661	24788	983	236	350	0	26357
5662	25270	257	222	308	0	26057
5663	1361	26972	222	318	0	28873
5664	28286	1057	193	273	0	29809
5665	1431	281	26670	221	0	28603
5666	578	245	26843	250	0	27916
5667	26032	209	1132	279	0	27652
5668	1308	206	25367	255	0	27136
5669	529	196	862	23719	0	25306
5670	462	24907	278	815	0	26462
5671	25793	907	193	246	0	27139
5672	1125	24924	179	214	0	26442
5673	558	26417	179	239	0	27393
5674	462	942	166	26395	0	27965
5675	386	257	163	26529	0	27335
5676	360	203	152	25936	0	26651
5677	340	187	165	26417	0	27109
5678	309	195	25018	1131	0	26653
5679	292	185	763	25049	0	26289
5680	297	182	240	26015	0	26734
5681	25364	176	211	1106	0	26857
5682	963	168	189	25384	0	26704
5683	403	176	24319	1075	0	25973
5684	23821	174	796	400	0	25191
5685	1013	168	233	25262	0	26676
5686	459	167	27202	987	0	28815
5687	392	166	794	26637	0	27989
5688	371	26936	271	884	0	28462
5689	27842	803	269	323	0	29237
5690	1063	274	30540	275	0	32152
5691	358	27060	684	256	0	28358
5692	27199	573	251	220	0	28243
5693	597	23259	205	164	0	24225
5694	193	23479	144	143	0	23959
5695	23619	472	452	118	0	24661
5696	408	21704	79	120	0	22311
5697	177	23212	94	118	0	23601
5698	165	434	75	23117	0	23791
5699	183	119	22687	392	0	23381
5700	177	22686	359	152	0	23374
5701	140	358	88	23429	0	24015
5702	114	21796	82	303	0	22295
5703	23125	298	55	150	0	23628
5704	365	104	22178	136	0	22783
5705	126	76	257	22337	0	22796
5706	23264	69	59	391	0	23783
5707	350	72	43	23295	0	23760
5708	133	63	23068	423	0	23687
5709	21438	63	324	155	0	21980
5710	22810	62	95	138	0	23105
5711	384	22912	80	144	0	23520
5712	148	342	79	24413	0	24982
5713	127	107	55	24791	0	25080
5714	24505	73	66	392	0	25036
5715	22931	90	89	91	0	23201
5716	430	106	23772	102	0	24410
5717	126	21989	273	69	0	22457
5718	23967	293	90	38	0	24388
5719	326	84	80	25035	0	25525
5720	105	94	24813	312	0	25324
5721	35	53	21723	25	0	21836
5722	21	28	121	21592	0	21762
5723	22406	25	640	118	0	23189
5724	72	20497	34	33	0	20636
5725	23103	75	9	8	0	23195
5726	76	16	8	23037	0	23137
5727	18	13	4	23133	0	23168
5728	14	2	2	23485	0	23503
5729	23451	9	6	98	0	23564
5730	74	22295	15	32	0	22416
5731	24	72	0	23511	0	23607
5732	12	15	4	23978	0	24009
5733	8	24	24777	103	0	24912
5734	14	9	75	23875	0	23973
5735	13	10	25413	91	0	25527
5736	5	23063	92	52	0	23212
5737	6	69	16	25234	0	25325
5738	24858	16	19	82	0	24975
5739	83	27	25027	24	0	25161
5740	18	5	77	24887	0	24987
5741	15	23	24101	83	0	24222
5742	22437	9	85	36	0	22567
5743	90	13	24460	22	0	24585
5744	22	11	96	23162	0	23291
5745	24570	3	19	94	0	24686
5746	81	20173	88	46	0	20388
5747	22200	75	12	18	0	22305
5748	86	19280	94	25	0	19485
5749	20	91	10	21661	0	21782
5750	23	51	20908	96	0	21078
5751	27	97	21044	39	0	21207
5752	17	24	97	21526	0	21664
5753	24188	16	23	100	0	24327
5754	23137	8	18	43	0	23206
5755	108	15	21	23024	0	23168
5756	32	9	15	23723	0	23779
5757	24235	5	20	115	0	24375
5758	98	23386	62	71	0	23617
5759	42	24524	30	56	0	24652
5760	26115	110	4	21	0	26250
5761	104	95	24718	36	0	24953
5762	37	34	98	25982	0	26151
5763	34	36	26403	111	0	26584
5764	23	19	102	25218	0	25362
5765	32	24	26246	112	0	26414
5766	27	76	24454	43	0	24600
5767	27	24	124	24921	0	25096
5768	21	22719	161	116	0	23017
5769	25812	98	31	56	0	25997
5770	109	23607	79	52	0	23847
5771	41	110	43	25008	0	25202
5772	25236	35	33	118	0	25422
5773	118	41	26	24187	0	24372
5774	24581	32	17	139	0	24769
5775	24241	19	36	68	0	24364
5776	24470	30	19	78	0	24597
5777	173	22324	73	50	0	22620
5778	26064	111	18	75	0	26268
5779	170	52	31	27764	0	28017
5780	28335	47	33	222	0	28637
5781	208	26	38	27735	0	28007
5782	28130	30	44	254	0	28458
5783	27929	29	52	134	0	28144
5784	272	27652	47	115	0	28086
5785	138	184	37	30158	0	30517
5786	92	94	18	28517	0	28721
5787	54	28351	57	362	0	28824
5788	65	280	26	31266	0	31637
5789	30778	129	38	385	0	31330
5790	29266	66	38	191	0	29561
5791	28842	40	40	122	0	29044
5792	493	87	29304	82	0	29966
5793	31813	36	332	102	0	32283
5794	33598	20	154	86	0	33858
5795	34325	34	83	75	0	34517
5796	601	33862	65	85	0	34613
5797	288	353	45	35543	0	36229
5798	159	178	44	36045	0	36426
5799	114	88	35	36030	0	36267
5800	104	76	34192	599	0	34971
5801	80	53	381	34441	0	34955
5802	35022	37	179	522	0	35760
5803	431	24	97	34871	0	35423
5804	262	24	56	35969	0	36311
5805	189	52	34639	673	0	35553
5806	150	34186	487	339	0	35162
5807	37442	418	157	128	0	38145
5808	478	184	68	37713	0	38443
5809	37734	315	55	495	0	38599
5810	523	112	37270	246	0	38151
5811	34889	66	441	171	0	35567
5812	506	37796	228	181	0	38711
5813	301	430	38807	112	0	39650
5814	177	207	39093	130	0	39607
5815	713	90	583	37025	0	38411
5816	85	64	40994	459	0	41602
5817	70	38429	476	218	0	39193
5818	68	367	178	42082	0	42695
5819	58	175	90	42139	0	42462
5820	66	85	58	42822	0	43031
5821	42576	55	44	611	0	43286
5822	406	41446	73	306	0	42231
5823	203	373	36	43484	0	44096
5824	132	163	53	43787	0	44135
5825	42969	78	52	565	0	43664
5826	432	40594	60	319	0	41405
5827	44435	378	68	177	0	45058
5828	43135	186	62	163	0	43546
5829	42566	99	56	140	0	42861
5830	650	93	41668	129	0	42540
5831	322	83	381	40870	0	41656
5832	190	39819	212	475	0	40696
5833	145	41552	120	285	0	42102
5834	125	561	63	44326	0	45075
5835	118	42802	108	468	0	43496
5836	47340	458	60	242	0	48100
5837	489	268	46078	159	0	46994
5838	44616	114	393	157	0	45280
5839	48455	103	205	134	0	48897
5840	677	82	97	48013	0	48869
5841	48975	78	87	469	0	49609
5842	601	50716	119	291	0	51727
5843	55602	427	79	176	0	56284
5844	55517	230	93	196	0	56036
5845	61332	143	89	253	0	61817
5846	1209	129	60959	195	0	62492
5847	573	185	59859	191	0	60808
5848	432	85	1156	61130	0	62803
5849	278	56403	606	3089	0	60376
5850	262	62550	329	508	0	63649
5851	232	1167	138	63366	0	64903
5852	62930	543	131	1079	0	64683
5853	1033	353	99	61893	0	63378
5854	479	136	97	64587	0	65299
5855	65653	126	77	1457	0	67313
5856	1125	61593	156	1493	0	64367
5857	534	1005	62594	440	0	64573
5858	459	527	59215	304	0	60505
5859	64791	297	1248	186	0	66522
5860	1108	146	620	63156	0	65030
5861	533	141	65731	1135	0	67540
5862	369	119	1082	61950	0	63520
5863	207	173	446	62710	0	63536
5864	197	134	307	64697	0	65335
5865	183	138	149	64153	0	64623
5866	206	61128	164	1651	0	63149
5867	195	978	146	65066	0	66385
5868	64175	407	136	1354	0	66072
5869	1055	61181	212	647	0	63095
5870	64571	1035	191	438	0	66235
5871	66766	439	169	332	0	67706
5872	67057	324	157	295	0	67833
5873	1615	278	63701	240	0	65834
5874	65380	177	1011	257	0	66825
5875	68500	136	432	252	0	69320
5876	68034	148	311	241	0	68734
5877	68142	123	175	300	0	68740
5878	1569	64324	172	338	0	66403
5879	65248	1000	94	184	0	66526
5880	1270	454	62808	217	0	64749
5881	533	294	898	62484	0	64209
5882	442	162	331	64246	0	65181
5883	66157	143	240	1255	0	67795
5884	1135	62247	180	639	0	64201
5885	63650	909	95	338	0	64992
5886	1205	65385	153	255	0	66998
5887	67704	993	124	146	0	68967
5888	66492	324	73	134	0	67023
5889	1140	68491	100	193	0	69924
5890	71144	971	81	88	0	72284
5891	76216	389	91	134	0	76830
5892	1899	70203	185	147	0	72434
5893	629	71602	158	165	0	72554
5894	75465	1766	136	123	0	77490
5895	1902	603	76	76641	0	79222
5896	75748	419	62	1912	0	78141
5897	78828	217	73	615	0	79733
5898	78110	169	61	443	0	78783
5899	77454	154	75	246	0	77929
5900	2730	71181	206	778	0	74895
5901	1129	75444	179	256	0	77008
5902	79064	2299	120	169	0	81652
5903	2302	981	75795	134	0	79212
5904	889	449	1799	75210	0	78347
5905	542	266	678	79593	0	81079
5906	76539	209	376	2531	0	79655
5907	2014	74956	218	1117	0	78305
5908	864	1914	156	77243	0	80177
5909	548	728	107	80639	0	82022
5910	78465	453	123	2888	0	81929
5911	2318	292	95	80225	0	82930
5912	79510	278	139	2668	0	82595
5913	79951	326	151	1022	0	81450
5914	80833	290	138	702	0	81963
5915	3324	278	150	78406	0	82158
5916	1462	273	138	79784	0	81657
5917	1062	270	82422	2929	0	86683
5918	812	359	80803	1316	0	83290
5919	81868	227	3315	758	0	86168
5920	3037	238	1354	84865	0	89494
5921	1517	264	91464	3002	0	96247
5922	1054	323	92490	1329	0	95196
5923	775	264	4554	93302	0	98895
5924	864	366	92906	3742	0	97878
5925	671	350	4023	91480	0	96524
5926	672	314	1878	97086	0	99950
5927	698	1081	92682	5207	0	99668
5928	690	301	3570	94170	0	98731
5929	685	306	1847	97255	0	100093
5930	720	289	956	101696	0	103661
5931	795	367	94245	6135	0	101542
5932	767	340	3598	101315	0	106020
5933	98439	295	1673	5347	0	105754
5934	4223	94467	1120	2732	0	102542
5935	101564	3625	646	1722	0	107557
5936	5122	1743	94679	1159	0	102703
5937	98832	901	3868	1047	0	104648
5938	101264	526	1976	914	0	104680
5939	102427	520	1302	895	0	105144
5940	6787	459	859	98309	0	106414
5941	3351	505	831	102934	0	107621
5942	2065	566	87903	6209	0	96743
5943	85343	281	3842	3178	0	92644
5944	4675	86877	2146	2000	0	95698
5945	2221	81816	1162	1456	0	86655
5946	1485	86643	877	1276	0	90281
5947	1109	4959	735	84232	0	91035
5948	82839	2204	705	4429	0	90177
5949	84710	1164	848	2475	0	89197
5950	5481	735	79354	1700	0	87270
5951	2922	676	3659	80498	0	87755
5952	1786	598	1913	84930	0	89227
5953	1503	640	79376	5753	0	87272
5954	1393	641	77138	3261	0	82433
5955	75274	418	4981	2116	0	82789
5956	4151	75276	2478	1821	0	83726
5957	78420	3394	1391	1679	0	84884
5958	80227	1722	1228	1434	0	84611
5959	5794	1039	964	75563	0	83360
5960	3236	681	851	80233	0	85001
5961	76334	670	905	5572	0	83481
5962	4855	618	861	76803	0	83137
5963	2872	619	826	79598	0	83915
5964	76218	503	942	6040	0	83703
5965	4822	484	899	79061	0	85266
5966	77862	452	889	5443	0	84646
5967	80248	442	980	3338	0	85008
5968	5947	499	73303	2424	0	82173
5969	76406	491	3943	2087	0	82927
5970	78623	534	2320	1967	0	83444
5971	78757	575	1610	1730	0	82672
5972	6595	685	66591	1763	0	75634
5973	71239	550	3742	1749	0	77280
5974	5357	70188	2061	1816	0	79422
5975	73890	3357	1469	1792	0	80508
5976	75929	1576	1299	1719	0	80523
5977	6321	835	1083	72203	0	80442
5978	3713	514	1010	73225	0	78462
5979	2538	69995	1085	6046	0	79664
5980	2326	3389	1003	75268	0	81986
5981	2057	1804	958	78436	0	83255
5982	74690	1091	1046	6343	0	83170
5983	5234	797	856	74917	0	81804
5984	3467	702	825	76795	0	81789
5985	2598	617	924	75807	0	79946
5986	2359	67918	889	6672	0	77838
5987	66299	3587	986	3790	0	74662
5988	5016	67503	882	2922	0	76323
5989	65464	3919	844	2156	0	72383
5990	5353	1895	59745	2029	0	69022
5991	56972	1153	3173	1895	0	63193
5992	4914	781	56132	1898	0	63725
5993	3064	55525	3422	1762	0	63773
5994	54992	2731	1890	1472	0	61085
5995	51201	1660	1148	1400	0	55409
5996	4514	49985	839	1470	0	56808
5997	2823	49935	725	1347	0	54830
5998	49771	3476	627	1211	0	55085
5999	51787	1891	695	1234	0	55607
6000	4595	1157	612	48899	0	55263
6001	3055	981	496	51920	0	56452
6002	2270	880	46619	4114	0	53883
6003	48432	822	2318	2529	0	54101
6004	3807	756	1423	47105	0	53091
6005	2647	48252	954	3248	0	55101
6006	2108	2406	540	50196	0	55250
6007	1687	1536	511	52085	0	55819
6008	1543	1054	45972	4450	0	53019
6009	1375	673	2287	49841	0	54176
6010	46008	750	1328	3660	0	51746
6011	3143	44101	779	2422	0	50445
6012	2143	45836	559	1747	0	50285
6013	45420	3320	486	1199	0	50425
6014	45089	1980	446	1276	0	48791
6015	45671	1201	500	1019	0	48391
6016	4538	42083	643	1023	0	48287
6017	2841	37558	404	817	0	41620
6018	38737	2589	646	658	0	42630
6019	39359	1509	451	673	0	41992
6020	3625	37855	461	777	0	42718
6021	841	29980	130	503	0	31454
6022	29375	1579	120	449	0	31523
6023	1526	683	89	28849	0	31147
6024	29957	455	97	1465	0	31974
6025	1688	376	95	28952	0	31111
6026	871	27956	123	1459	0	30409
6027	717	28680	146	655	0	30198
6028	28208	1736	952	461	0	31357
6029	28705	710	501	276	0	30192
6030	29232	465	109	271	0	30077
6031	1964	26959	111	214	0	29248
6032	586	1144	22757	124	0	24611
6033	337	24220	909	115	0	25581
6034	23926	1221	892	89	0	26128
6035	23200	422	134	370	0	24126
6036	1417	279	21505	72	0	23273
6037	459	20671	768	74	0	21972
6038	277	914	241	20875	0	22307
6039	204	363	128	19209	0	19904
6040	187	17495	81	1909	0	19672
6041	261	914	18534	358	0	20067
6042	19389	359	836	168	0	20752
6043	994	229	274	20028	0	21525
6044	20135	166	129	966	0	21396
6045	21967	142	107	383	0	22599
6046	1249	174	82	23181	0	24686
6047	522	191	103	24684	0	25500
6048	355	190	90	25290	0	25925
6049	293	197	64	25698	0	26252
6050	24233	203	71	1688	0	26195
6051	24966	174	85	622	0	25847
6052	1655	172	23437	362	0	25626
6053	714	187	1065	23851	0	25817
6054	413	193	348	25275	0	26229
6055	296	205	175	25879	0	26555
6056	320	189	23614	1705	0	25828
6057	366	146	1100	24584	0	26196
6058	24293	131	402	1465	0	26291
6059	1342	170	231	24859	0	26602
6060	557	220	23715	1491	0	25983
6061	360	244	1121	24669	0	26394
6062	335	238	24242	1510	0	26325
6063	24932	193	1233	663	0	27021
6064	1410	159	434	25594	0	27597
6065	24826	174	229	1444	0	26673
6066	25335	192	167	711	0	26405
6067	1706	184	160	24597	0	26647
6068	27464	186	127	1515	0	29292
6069	1588	206	169	26160	0	28123
6070	774	27000	184	1394	0	29352
6071	29868	1255	154	661	0	31938
6072	30572	492	148	437	0	31649
6073	30691	285	137	408	0	31521
6074	2032	228	114	29678	0	32052
6075	849	203	150	30657	0	31859
6076	510	218	152	31586	0	32466
6077	486	226	27899	2170	0	30781
6078	537	27953	1264	968	0	30722
6079	510	1275	391	29239	0	31415
6080	448	461	26501	1590	0	29000
6081	27429	251	1269	780	0	29729
6082	1531	152	465	28718	0	30866
6083	662	162	27401	1765	0	29990
6084	28890	152	1307	820	0	31169
6085	1617	168	453	30288	0	32526
6086	733	122	303	31141	0	32299
6087	508	137	224	32197	0	33066
6088	31195	130	198	2108	0	33631
6089	31474	132	219	1010	0	32835
6090	31284	116	260	654	0	32314
6091	1924	28546	246	578	0	31294
6092	670	28363	215	512	0	29760
6093	29095	1344	145	500	0	31084
6094	1560	412	27416	502	0	29890
6095	710	185	1169	27969	0	30033
6096	504	113	363	29813	0	30793
6097	29733	121	244	1844	0	31942
6098	29568	163	162	796	0	30689
6099	1678	28140	187	594	0	30599
6100	808	1187	183	30094	0	32272
6101	605	351	28959	1617	0	31532
6102	468	220	30780	829	0	32297
6103	442	131	1446	30939	0	32958
6104	400	116	483	33263	0	34262
6105	30898	150	310	1943	0	33301
6106	1499	178	234	31504	0	33415
6107	32374	147	248	1774	0	34543
6108	32925	114	269	784	0	34092
6109	1795	114	32040	661	0	34610
6110	31790	95	1243	623	0	33751
6111	32683	113	455	563	0	33814
6112	32971	92	312	552	0	33927
6113	1763	30916	261	579	0	33519
6114	787	32008	206	568	0	33569
6115	537	1330	195	32563	0	34625
6116	586	424	30979	1642	0	33631
6117	447	30428	930	631	0	32436
6118	359	750	274	29818	0	31201
6119	346	273	179	29417	0	30215
6120	374	28877	164	1011	0	30426
6121	30140	766	140	496	0	31542
6122	30404	261	129	418	0	31212
6123	1187	165	29452	373	0	31177
6124	30447	127	707	344	0	31625
6125	1079	121	30040	302	0	31542
6126	27056	124	641	266	0	28087
6127	933	149	27892	270	0	29244
6128	462	27287	683	285	0	28717
6129	652	524	260	27380	0	28816
6130	232	167	175	29057	0	29631
6131	28873	90	190	810	0	29963
6132	28906	96	125	394	0	29521
6133	28479	86	92	408	0	29065
6134	824	91	28084	309	0	29308
6135	448	84	515	27975	0	29022
6136	325	75	236	29504	0	30140
6137	28740	87	225	742	0	29794
6138	700	27483	151	401	0	28735
6139	29346	507	147	300	0	30300
6140	753	227	110	29000	0	30090
6141	417	142	81	29705	0	30345
6142	337	118	95	29990	0	30540
6143	302	131	100	29954	0	30487
6144	267	146	99	29863	0	30375
6145	264	26824	126	882	0	28096
6146	129	24513	67	295	0	25004
6147	139	23744	76	146	0	24105
6148	159	297	68	24790	0	25314
6149	162	110	23626	310	0	24208
6150	21427	92	256	154	0	21929
6151	330	24875	100	116	0	25421
6152	197	295	87	26102	0	26681
6153	147	141	96	26349	0	26733
6154	26161	82	89	452	0	26784
6155	24876	59	111	224	0	25270
6156	25235	59	100	167	0	25561
6157	496	55	46	27005	0	27602
6158	235	58	27091	464	0	27848
6159	216	73	27715	217	0	28221
6160	159	37	419	28605	0	29220
6161	179	52	28666	422	0	29319
6162	26523	48	412	210	0	27193
6163	432	38	153	28372	0	28995
6164	245	42	28929	443	0	29659
6165	188	56	344	27992	0	28580
6166	203	66	31234	477	0	31980
6167	185	96	33054	196	0	33531
6168	99	80	440	31758	0	32377
6169	103	83	35587	580	0	36353
6170	70	67	32531	190	0	32858
6171	30	28496	782	157	0	29465
6172	9	511	197	34385	0	35102
6173	35043	165	82	533	0	35823
6174	531	81	50	34335	0	34997
6175	166	43	27	36454	0	36690
6176	93	54	34817	770	0	35734
6177	30677	27	598	310	0	31612
6178	588	10	164	35657	0	36419
6179	198	10	70	37165	0	37443
6180	36077	5	66	807	0	36955
6181	622	5	57	36545	0	37229
6182	36156	63	39	735	0	36993
6183	35913	5	55	348	0	36321
6184	35547	12	37	155	0	35751
6185	877	32531	59	186	0	33653
6186	34962	570	26	141	0	35699
6187	703	34267	108	94	0	35172
6188	331	705	28	35028	0	36092
6189	35299	257	43	761	0	36360
6190	697	34521	59	377	0	35654
6191	36254	651	36	186	0	37127
6192	710	34749	64	282	0	35805
6193	35230	699	82	121	0	36132
6194	867	33220	117	114	0	34318
6195	376	35170	38	139	0	35723
6196	194	37795	22	186	0	38197
6197	227	952	27	35066	0	36272
6198	376	35827	48	655	0	36906
6199	170	769	29	36899	0	37867
6200	209	308	22	36530	0	37069
6201	147	234	285	36417	0	37083
6202	400	147	44	35712	0	36303
6203	34428	177	43	1262	0	35910
6204	34659	108	35	711	0	35513
6205	1161	198	32690	315	0	34364
6206	34630	117	621	457	0	35825
6207	36623	189	218	168	0	37198
6208	37834	125	115	171	0	38245
6209	1548	219	34975	113	0	36855
6210	549	425	34749	186	0	35909
6211	35551	164	1105	192	0	37012
6212	1263	437	36377	202	0	38279
6213	469	36226	1160	494	0	38349
6214	545	1110	351	39096	0	41102
6215	41012	664	194	1205	0	43075
6216	41278	230	210	499	0	42217
6217	40358	388	147	345	0	41238
6218	1857	145	141	38818	0	40961
6219	675	326	112	40945	0	42058
6220	448	362	38534	1520	0	40864
6221	377	384	1104	39275	0	41140
6222	340	116	412	41630	0	42498
6223	40151	349	319	1631	0	42450
6224	1358	38525	192	902	0	40977
6225	40861	1186	169	712	0	42928
6226	1456	387	195	40748	0	42786
6227	40546	212	224	1660	0	42642
6228	41234	147	167	525	0	42073
6229	38786	154	188	409	0	39537
6230	1614	37654	426	392	0	40086
6231	903	39960	235	346	0	41444
6232	761	1396	141	40742	0	43040
6233	40800	469	145	1356	0	42770
6234	1519	279	392	39667	0	41857
6235	577	278	393	41021	0	42269
6236	743	197	38699	1742	0	41381
6237	376	180	1384	41059	0	42999
6238	407	422	402	41398	0	42629
6239	382	183	182	42349	0	43096
6240	723	135	40180	1852	0	42890
6241	670	273	39079	781	0	40803
6242	678	38800	1370	570	0	41418
6243	40829	1194	432	771	0	43226
6244	1511	440	246	40811	0	43008
6245	733	262	40613	1483	0	43091
6246	556	216	1189	40546	0	42507
6247	450	249	416	42873	0	43988
6248	41686	231	224	1753	0	43894
6249	41252	475	209	824	0	42760
6250	1919	40082	216	568	0	42785
6251	40424	1202	249	687	0	42562
6252	40418	403	248	423	0	41492
6253	1916	347	239	39269	0	41771
6254	1079	290	39804	1363	0	42536
6255	514	39437	1073	735	0	41759
6256	40155	1394	420	435	0	42404
6257	40323	444	253	623	0	41643
6258	1780	38755	266	468	0	41269
6259	757	1207	151	42352	0	44467
6260	44638	423	138	1924	0	47123
6261	45332	284	404	763	0	46783
6262	2015	178	222	44739	0	47154
6263	45693	194	198	2021	0	48106
6264	47297	171	154	1036	0	48658
6265	46960	181	450	578	0	48169
6266	2297	292	43707	450	0	46746
6267	901	41958	1389	442	0	44690
6268	925	44035	367	370	0	45697
6269	40266	1606	157	561	0	42590
6270	1636	39897	406	445	0	42384
6271	556	1363	38541	202	0	40662
6272	446	348	1096	39005	0	40895
6273	39901	212	252	1393	0	41758
6274	1470	172	192	39872	0	41706
6275	41966	187	146	1494	0	43793
6276	43113	177	121	488	0	43899
6277	44673	181	137	383	0	45374
6278	1707	42128	187	370	0	44392
6279	517	48217	217	386	0	49337
6280	49951	1408	144	350	0	51853
6281	49262	399	148	347	0	50156
6282	49779	241	125	342	0	50487
6283	1711	193	145	49002	0	51051
6284	48794	147	148	1421	0	50510
6285	1497	46300	173	525	0	48495
6286	619	48477	167	407	0	49670
6287	455	1417	123	48464	0	50459
6288	490	429	46499	1425	0	48843
6289	489	335	45904	479	0	47207
6290	464	218	1259	46512	0	48453
6291	437	239	46428	1420	0	48524
6292	459	212	1206	46660	0	48537
6293	47604	230	291	1454	0	49579
6294	1518	249	182	47370	0	49319
6295	47362	197	187	1460	0	49206
6296	1511	44200	212	523	0	46446
6297	684	1328	45631	316	0	47959
6298	454	457	1208	43738	0	45857
6299	391	309	332	47228	0	48260
6300	395	250	44969	1634	0	47248
6301	422	225	1206	43579	0	45432
6302	450	44993	338	1428	0	47209
6303	446	1265	208	47691	0	49610
6304	466	393	169	51571	0	52599
6305	488	279	151	56983	0	57901
6306	538	208	55122	2409	0	58277
6307	444	246	49997	729	0	51416
6308	48012	162	1938	433	0	50545
6309	1911	180	49340	285	0	51716
6310	529	48966	1715	297	0	51507
6311	50886	1469	352	222	0	52929
6312	1561	48949	294	266	0	51070
6313	50639	1588	233	203	0	52663
6314	52439	367	198	168	0	53172
6315	50614	239	224	154	0	51231
6316	51512	209	172	204	0	52097
6317	1812	47658	210	239	0	49919
6318	602	50105	178	226	0	51111
6319	51050	1642	141	192	0	53025
6320	1834	474	49651	175	0	52134
6321	609	286	1344	48106	0	50345
6322	495	207	346	51099	0	52147
6323	447	239	49102	1685	0	51473
6324	44568	241	1445	493	0	46747
6325	50027	238	374	309	0	50948
6326	49667	227	287	247	0	50428
6327	1951	47205	278	307	0	49741
6328	50417	1497	228	276	0	52418
6329	1827	455	271	48293	0	50846
6330	678	50968	277	1433	0	53356
6331	53729	1687	239	422	0	56077
6332	54506	529	194	315	0	55544
6333	58901	389	241	265	0	59796
6334	2363	346	197	56393	0	59299
6335	1059	267	167	57357	0	58850
6336	689	54379	242	2073	0	57383
6337	655	1711	56061	782	0	59209
6338	600	624	1525	56750	0	59499
6339	618	373	549	57950	0	59490
6340	561	321	286	61198	0	62366
6341	538	294	58127	2379	0	61338
6342	54824	262	1707	1009	0	57802
6343	1997	249	583	59730	0	62559
6344	868	274	61133	2001	0	64276
6345	597	262	1928	60728	0	63515
6346	62879	257	646	2366	0	66148
6347	2260	63135	460	979	0	66834
6348	914	2070	319	68058	0	71361
6349	637	729	65979	2416	0	69761
6350	61743	404	2134	959	0	65240
6351	67440	298	761	724	0	69223
6352	2803	274	65363	563	0	69003
6353	1117	281	2072	60940	0	64410
6354	734	61750	784	1959	0	65227
6355	65908	2061	538	783	0	69290
6356	2432	718	63535	643	0	67328
6357	63025	441	2236	590	0	66292
6358	2744	359	63769	525	0	67397
6359	1015	304	58837	458	0	60614
6360	55787	267	2227	475	0	58756
6361	1972	58311	928	543	0	61754
6362	1998	1780	57582	437	0	61797
6363	644	56787	1850	427	0	59708
6364	582	1779	56079	376	0	58816
6365	449	56965	1866	368	0	59648
6366	58193	1819	833	379	0	61224
6367	1897	702	57700	383	0	60682
6368	871	447	57841	356	0	59515
6369	613	408	56835	332	0	58188
6370	57690	254	2084	253	0	60281
6371	59842	248	902	269	0	61261
6372	2033	279	565	58443	0	61320
6373	935	271	59097	1611	0	61914
6374	615	281	57009	700	0	58605
6375	57245	211	2142	418	0	60016
6376	1836	222	981	60244	0	63283
6377	59840	176	679	1671	0	62366
6378	60288	170	535	684	0	61677
6379	2399	272	437	53022	0	56130
6380	1047	52569	529	1622	0	55767
6381	733	1629	448	55573	0	58383
6382	576	652	392	57682	0	59302
6383	552	419	54720	2236	0	57927
6384	532	51638	1760	1004	0	54934
6385	552	54965	860	596	0	56973
6386	526	2024	585	54784	0	57919
6387	430	821	54210	1760	0	57221
6388	449	52729	1908	839	0	55925
6389	517	1752	54825	562	0	57656
6390	53566	692	2040	489	0	56787
6391	57646	457	994	457	0	59554
6392	2224	401	55557	484	0	58666
6393	55724	323	1967	402	0	58416
6394	2164	327	926	56515	0	59932
6395	1033	54987	775	1691	0	58486
6396	790	1709	622	58710	0	61831
6397	56905	678	552	1970	0	60105
6398	57208	420	606	877	0	59111
6399	57278	381	542	548	0	58749
6400	58396	367	489	536	0	59788
6401	2481	54680	592	498	0	58251
6402	1191	56676	547	466	0	58880
6403	56063	2031	1512	415	0	60021
6404	2131	886	53576	424	0	57017
6405	807	966	1274	47553	0	50600
6406	536	49672	665	1158	0	52031
6407	482	1235	463	50048	0	52228
6408	357	50522	456	1276	0	52611
6409	378	1449	406	51888	0	54121
6410	422	713	50137	1448	0	52720
6411	48660	432	1360	703	0	51155
6412	52506	297	769	460	0	54032
6413	1819	372	52297	311	0	54799
6414	51065	330	1492	285	0	53172
6415	53468	309	769	298	0	54844
6416	2065	287	51154	261	0	53767
6417	1027	261	1576	49898	0	52762
6418	52305	222	852	1423	0	54802
6419	1693	300	52092	622	0	54707
6420	905	290	1579	50047	0	52821
6421	679	282	52407	1465	0	54833
6422	607	342	49894	737	0	51580
6423	52321	221	1888	471	0	54901
6424	55704	305	910	320	0	57239
6425	55204	246	602	357	0	56409
6426	56962	313	489	307	0	58071
6427	2317	279	399	53970	0	56965
6428	1128	50925	509	1483	0	54045
6429	720	54976	459	669	0	56824
6430	510	1662	335	53321	0	55828
6431	52263	680	369	1453	0	54765
6432	1603	49374	376	709	0	52062
6433	554	49360	277	358	0	50549
6434	50343	1599	302	241	0	52485
6435	1590	547	266	49350	0	51753
6436	50585	305	216	1523	0	52629
6437	1732	46698	294	529	0	49253
6438	49414	1469	213	377	0	51473
6439	1943	486	51945	310	0	54684
6440	59642	340	1761	306	0	62049
6441	64973	305	598	269	0	66145
6442	69717	272	376	313	0	70678
6443	3583	385	63752	298	0	68018
6444	63586	226	2071	254	0	66137
6445	2873	62521	795	262	0	66451
6446	1062	2037	62429	210	0	65738
6447	773	659	2198	59531	0	63161
6448	594	457	778	58566	0	60395
6449	561	58664	542	2517	0	62284
6450	507	2129	389	60792	0	63817
6451	452	710	319	63419	0	64900
6452	440	568	59400	2859	0	63267
6453	56082	347	2259	1205	0	59893
6454	2446	338	60145	735	0	63664
6455	878	229	2453	59036	0	62596
6456	666	216	59774	2309	0	62965
6457	470	195	2495	61603	0	64763
6458	62318	202	942	2615	0	66077
6459	64000	184	648	1001	0	65833
6460	2966	175	427	62951	0	66519
6461	1270	204	62639	2624	0	66737
6462	835	186	2314	64179	0	67514
6463	625	250	62032	2877	0	65784
6464	61059	188	2547	1120	0	64914
6465	64368	191	925	791	0	66275
6466	62845	199	670	597	0	64311
6467	60931	231	494	489	0	62145
6468	3432	55495	510	484	0	59921
6469	1556	2222	356	58496	0	62630
6470	56447	800	416	2476	0	60139
6471	2748	55397	442	1008	0	59595
6472	1146	57467	394	756	0	59763
6473	953	2620	54449	479	0	58501
6474	56899	960	2249	442	0	60550
6475	59866	585	816	439	0	61706
6476	3212	417	54443	391	0	58463
6477	1452	343	2283	54007	0	58085
6478	1038	274	880	58069	0	60261
6479	864	217	55283	2921	0	59285
6480	757	242	2469	55863	0	59331
6481	55833	236	1001	2860	0	59930
6482	2793	279	52644	1118	0	56834
6483	1177	289	54238	847	0	56551
6484	54138	249	2967	681	0	58035
6485	2876	238	53793	557	0	57464
6486	53891	282	2807	557	0	57537
6487	3036	52646	1179	613	0	57474
6488	53971	2282	902	540	0	57695
6489	3054	805	621	52939	0	57419
6490	1369	583	557	55430	0	57939
6491	53937	406	548	3148	0	58039
6492	2899	381	476	54169	0	57925
6493	55345	384	480	3032	0	59241
6494	3036	54269	496	1309	0	59110
6495	1391	2376	477	53430	0	57674
6496	1136	879	419	57673	0	60107
6497	55883	616	490	3191	0	60180
6498	56307	402	473	1469	0	58651
6499	56148	410	448	1097	0	58103
6500	3661	50814	550	848	0	55873
6501	1738	53589	469	806	0	56602
6502	54588	2633	427	683	0	58331
6503	3261	1093	50616	586	0	55556
6504	1468	50608	2222	712	0	55010
6505	51980	2142	843	609	0	55574
6506	51172	829	665	544	0	53210
6507	51688	563	476	559	0	53286
6508	3358	397	464	48747	0	52966
6509	50461	413	516	2199	0	53589
6510	50335	378	415	992	0	52120
6511	3365	356	403	47706	0	51830
6512	48888	401	476	2308	0	52073
6513	2997	413	43374	1028	0	47812
6514	1477	433	1904	44580	0	48394
6515	1087	451	851	46847	0	49236
6516	951	303	663	48813	0	50730
6517	46130	256	432	3206	0	50024
6518	47826	289	435	1586	0	50136
6519	47752	300	381	1183	0	49616
6520	47265	165	445	1074	0	48949
6521	46479	170	502	861	0	48012
6522	3431	198	500	43343	0	47472
6523	1886	166	517	44956	0	47525
6524	42582	169	510	2778	0	46039
6525	2655	40848	439	1457	0	45399
6526	42767	1749	441	1037	0	45994
6527	2870	657	38798	818	0	43143
6528	41294	495	1783	613	0	44185
6529	43738	362	671	620	0	45391
6530	3235	331	47756	633	0	51955
6531	53997	323	2605	526	0	57451
6532	3773	317	53621	631	0	58342
6533	1975	218	57790	442	0	60425
6534	1683	555	3713	56166	0	62117
6535	1291	261	1985	60990	0	64527
6536	1074	271	57602	3926	0	62873
6537	903	340	57273	1917	0	60433
6538	842	56007	3819	1413	0	62081
6539	655	54553	1596	829	0	57633
6540	43164	3632	1528	463	0	48787
6541	2049	46198	626	404	0	49277
6542	41643	2153	361	315	0	44472
6543	1963	41523	397	309	0	44192
6544	42865	2159	343	236	0	45603
6545	2261	919	39241	209	0	42630
6546	40511	674	1796	168	0	43149
6547	2311	488	699	38988	0	42486
6548	1060	39159	511	1647	0	42377
6549	761	1897	305	43424	0	46387
6550	42365	754	221	2192	0	45532
6551	43994	578	193	820	0	45585
6552	2666	389	194	42698	0	45947
6553	1266	290	41191	2141	0	44888
6554	913	307	40408	875	0	42503
6555	560	41036	2249	691	0	44536
6556	482	2788	935	41966	0	46171
6557	410	715	40197	1980	0	43302
6558	373	37594	1955	774	0	40696
6559	335	1844	704	40148	0	43031
6560	261	669	566	42819	0	44315
6561	38088	469	426	2432	0	41415
6562	1821	348	322	38792	0	41283
6563	694	308	37461	2368	0	40831
6564	501	251	1816	38771	0	41339
6565	37677	232	740	2377	0	41026
6566	1943	259	36983	1060	0	40245
6567	37047	165	1862	783	0	39857
6568	2144	37314	805	607	0	40870
6569	39455	1792	573	437	0	42257
6570	40556	645	464	441	0	42106
6571	2638	462	410	38078	0	41588
6572	1228	294	344	38622	0	40488
6573	874	36490	355	2470	0	40189
6574	642	1824	314	39947	0	42727
6575	38697	704	313	2483	0	42197
6576	2139	589	36790	1123	0	40641
6577	916	364	1694	37125	0	40099
6578	681	37189	703	1990	0	40563
6579	497	1794	510	37854	0	40655
6580	386	805	352	40371	0	41914
6581	38329	674	254	2504	0	41761
6582	1889	37367	229	1273	0	40758
6583	910	1816	241	39230	0	42197
6584	38402	742	332	2188	0	41664
6585	2058	584	236	39344	0	42222
6586	907	402	264	41234	0	42807
6587	39883	301	297	2819	0	43300
6588	40872	269	216	1508	0	42865
6589	2523	274	38300	1075	0	42172
6590	39249	273	1742	769	0	42033
6591	40876	251	747	658	0	42532
6592	40423	311	545	598	0	41877
6593	2797	35620	456	599	0	39472
6594	1495	37332	329	552	0	39708
6595	1124	2205	280	37499	0	41108
6596	37470	1072	342	1966	0	40850
6597	38688	733	313	920	0	40654
6598	2698	505	235	37281	0	40719
6599	1457	364	36491	2170	0	40482
6600	38038	363	1692	1025	0	41118
6601	40158	379	632	888	0	42057
6602	2627	397	508	38092	0	41624
6603	1467	298	380	39623	0	41768
6604	38970	234	267	2612	0	42083
6605	2493	264	275	37654	0	40686
6606	1223	36505	296	2449	0	40473
6607	1022	1750	296	38906	0	41974
6608	38884	729	288	2392	0	42293
6609	2275	608	37103	1265	0	41251
6610	37058	375	1664	1116	0	40213
6611	2497	308	37279	852	0	40936
6612	1242	335	1940	38046	0	41563
6613	39086	289	814	2340	0	42529
6614	2287	258	578	38861	0	41984
6615	1208	247	417	39684	0	41556
6616	38637	224	395	2866	0	42122
6617	2266	230	37742	1496	0	41734
6618	1183	228	38950	1121	0	41482
6619	906	211	2213	38519	0	41849
6620	768	209	1080	40480	0	42537
6621	675	227	693	41471	0	43066
6622	625	254	38721	3034	0	42634
6623	37967	159	1833	1634	0	41593
6624	41180	150	814	1103	0	43247
6625	41061	141	664	962	0	42828
6626	40641	121	463	865	0	42090
6627	2941	37299	377	791	0	41408
6628	1568	38146	307	849	0	40870
6629	1106	37629	314	639	0	39688
6630	504	2062	210	26012	0	28788
6631	452	146	154	25074	0	25826
6632	473	81	22268	1007	0	23829
6633	123	16729	309	208	0	17369
6634	87	139	95	15864	0	16185
6635	15191	66	70	255	0	15582
6636	164	14849	83	173	0	15269
6637	126	139	54	14964	0	15283
6638	95	14520	57	237	0	14909
6639	15424	150	40	151	0	15765
6640	249	69	50	14826	0	15194
6641	120	44	13424	213	0	13801
6642	86	62	12884	152	0	13184
6643	73	48	190	13380	0	13691
6644	69	31	83	13147	0	13330
6645	60	29	75	13960	0	14124
6646	13790	22	74	288	0	14174
6647	254	52	13250	131	0	13687
6648	160	13372	197	111	0	13840
6649	27	46	25	12261	0	12359
6650	49	31	12824	61	0	12965
6651	44	12454	71	59	0	12628
6652	51	54	31	14379	0	14515
6653	10	9	14251	25	0	14295
6654	7	7	25	14027	0	14066
6655	5	10	3	14111	0	14129
6656	14387	1	4	30	0	14422
6657	14121	6	12	16	0	14155
6658	48	7	7	14318	0	14380
6659	14361	1	6	70	0	14438
6660	58	12	14271	15	0	14356
6661	5	4	72	14424	0	14505
6662	14	5	14377	93	0	14489
6663	13	5	74	14297	0	14389
6664	11	13534	33	100	0	13678
6665	10	13976	27	34	0	14047
6666	18	13629	20	15	0	13682
6667	12	99	16	14481	0	14608
6668	2	15	10	18675	0	18702
6669	12	21	17648	462	0	18143
6670	19	41	17133	45	0	17238
6671	4	34	18435	29	0	18502
6672	19800	15	189	19	0	20023
6673	185	14	31	22743	0	22973
6674	21902	9	21	413	0	22345
6675	391	23055	36	72	0	23554
6676	59	523	22	24314	0	24918
6677	23722	105	26	598	0	24451
6678	559	68	29	23848	0	24504
6679	23758	33	32	672	0	24495
6680	678	66	22552	196	0	23492
6681	176	23133	504	136	0	23949
6682	109	575	112	24256	0	25052
6683	23721	127	91	618	0	24557
6684	24272	100	56	169	0	24597
6685	675	57	26	23939	0	24697
6686	228	27	43	24630	0	24928
6687	23426	24	61	774	0	24285
6688	638	20	85	23321	0	24064
6689	179	38	22454	742	0	23413
6690	136	22364	612	233	0	23345
6691	131	558	175	23773	0	24637
6692	23650	131	104	701	0	24586
6693	24151	105	65	245	0	24566
6694	824	116	23459	185	0	24584
6695	280	22373	575	211	0	23439
6696	261	24762	174	183	0	25380
6697	176	758	118	24668	0	25720
6698	141	255	96	27834	0	28326
6699	137	182	115	26983	0	27417
6700	114	130	110	26738	0	27092
6701	157	26413	76	1217	0	27863
6702	189	786	73	27148	0	28196
6703	216	256	68	28334	0	28874
6704	27034	157	68	1232	0	28491
6705	26545	137	74	557	0	27313
6706	1081	26193	78	368	0	27720
6707	27058	812	66	328	0	28264
6708	27409	260	81	290	0	28040
6709	27507	183	92	240	0	28022
6710	1243	177	26049	274	0	27743
6711	561	108	808	26531	0	28008
6712	391	114	262	28092	0	28859
6713	294	130	26597	1192	0	28213
6714	220	137	889	27075	0	28321
6715	187	193	305	27988	0	28673
6716	27366	126	190	1337	0	29019
6717	985	122	25670	656	0	27433
6718	400	120	848	26523	0	27891
6719	25562	137	302	1193	0	27194
6720	937	26823	216	586	0	28562
6721	27445	913	125	459	0	28942
6722	27123	299	83	498	0	28003
6723	1230	26388	100	401	0	28119
6724	591	949	89	27088	0	28717
6725	26903	390	84	1110	0	28487
6726	1074	26690	107	547	0	28418
6727	553	949	98	27499	0	29099
6728	27360	348	108	1172	0	28988
6729	27445	245	154	552	0	28396
6730	1231	26578	177	454	0	28440
6731	27392	920	121	498	0	28931
6732	1196	339	171	27434	0	29140
6733	27533	219	186	1201	0	29139
6734	1195	173	26129	667	0	28164
6735	606	154	872	26927	0	28559
6736	463	142	335	27945	0	28885
6737	26879	110	267	1486	0	28742
6738	1144	25804	186	727	0	27861
6739	25014	934	206	494	0	26648
6740	1197	24696	186	439	0	26518
6741	669	974	24581	399	0	26623
6742	574	401	25566	384	0	26925
6743	437	322	1044	25704	0	27507
6744	422	277	25445	1133	0	27277
6745	384	277	917	25703	0	27281
6746	360	233	330	26152	0	27075
6747	419	186	219	27261	0	28085
6748	25487	178	158	1524	0	27347
6749	24935	261	130	805	0	26131
6750	24743	273	118	605	0	25739
6751	1398	24525	131	574	0	26628
6752	728	26041	116	526	0	27411
6753	692	1257	26789	381	0	29119
6754	481	517	1113	27554	0	29665
6755	487	388	27810	1483	0	30168
6756	476	325	1163	27895	0	29859
6757	507	266	504	29267	0	30544
6758	395	225	348	29391	0	30359
6759	419	219	26735	1892	0	29265
6760	310	241	1185	27989	0	29725
6761	27051	169	526	1814	0	29560
6762	1281	26348	375	1268	0	29272
6763	611	1145	348	28568	0	30672
6764	28857	521	253	1633	0	31264
6765	29268	348	222	859	0	30697
6766	1628	270	238	28522	0	30658
6767	838	199	217	28616	0	29870
6768	23704	151	169	1625	0	25649
6769	1305	105	131	24289	0	25830
6770	23718	128	129	1552	0	25527
6771	1339	113	89	22832	0	24373
6772	570	120	19635	1414	0	21739
6773	340	17137	699	676	0	18852
6774	322	18615	334	448	0	19719
6775	214	715	771	17676	0	19376
6776	182	296	106	18229	0	18813
6777	18116	177	80	901	0	19274
6778	638	170	78	18191	0	19077
6779	318	153	59	18622	0	19152
6780	204	122	61	18098	0	18485
6781	219	16697	67	952	0	17935
6782	169	526	45	18013	0	18753
6783	190	206	74	18270	0	18740
6784	132	124	62	18507	0	18825
6785	16275	129	57	1079	0	17540
6786	592	16582	68	597	0	17839
6787	289	599	53	17841	0	18782
6788	202	266	52	18194	0	18714
6789	181	168	53	18504	0	18906
6790	17370	155	73	1000	0	18598
6791	659	86	82	17949	0	18776
6792	284	93	62	18039	0	18478
6793	167	73	15614	1057	0	16911
6794	155	15373	512	605	0	16645
6795	117	506	180	16782	0	17585
6796	15448	206	97	860	0	16611
6797	595	15387	100	506	0	16588
6798	13017	362	36	258	0	13673
6799	13229	145	53	220	0	13647
6800	474	125	34	12969	0	13602
6801	224	92	28	12872	0	13216
6802	208	82	13051	539	0	13880
6803	144	80	290	13100	0	13614
6804	129	57	14550	565	0	15301
6805	111	41	359	14582	0	15093
6806	14767	32	156	578	0	15533
6807	335	14080	116	352	0	14883
6808	128	325	123	16117	0	16693
6809	100	149	64	16163	0	16476
6810	96	108	90	15730	0	16024
6811	89	97	26	15874	0	16086
6812	15280	59	38	670	0	16047
6813	356	14547	50	410	0	15363
6814	153	334	37	16421	0	16945
6815	16021	113	55	625	0	16814
6816	400	109	15293	369	0	16171
6817	14916	102	313	314	0	15645
6818	15881	75	140	247	0	16343
6819	533	104	15393	195	0	16225
6820	278	104	361	14489	0	15232
6821	15963	59	161	538	0	16721
6822	514	14989	143	294	0	15940
6823	16234	401	98	251	0	16984
6824	16323	135	64	255	0	16777
6825	16117	96	81	218	0	16512
6826	648	97	26	15476	0	16247
6827	360	69	36	15969	0	16434
6828	271	16830	32	599	0	17732
6829	249	470	41	17718	0	18478
6830	17459	173	36	680	0	18348
6831	594	116	16893	344	0	17947
6832	15861	108	446	283	0	16698
6833	17727	95	129	270	0	18221
6834	709	90	101	16908	0	17808
6835	301	67	92	17769	0	18229
6836	18409	57	63	696	0	19225
6837	18398	45	79	343	0	18865
6838	18390	52	43	302	0	18787
6839	757	62	17418	271	0	18508
6840	370	17174	445	258	0	18247
6841	18529	468	120	242	0	19359
6842	668	161	96	17467	0	18392
6843	309	17125	89	577	0	18100
6844	263	530	62	17985	0	18840
6845	18424	193	75	636	0	19328
6846	627	155	46	18990	0	19818
6847	336	120	18989	811	0	20256
6848	204	18494	491	481	0	19670
6849	198	19613	168	343	0	20322
6850	179	708	18217	296	0	19400
6851	14718	555	786	189	0	16248
6852	418	16314	165	173	0	17070
6853	92	252	42	14572	0	14958
6854	14666	88	16	254	0	15024
6855	260	13555	29	102	0	13946
6856	116	253	21	14161	0	14551
6857	14172	95	33	264	0	14564
6858	289	64	11	13760	0	14124
6859	14878	27	13	300	0	15218
6860	316	47	15626	116	0	16105
6861	120	15359	238	102	0	15819
6862	16756	248	63	45	0	17112
6863	15900	85	46	55	0	16086
6864	16013	56	28	44	0	16141
6865	384	57	15164	26	0	15631
6866	14888	53	230	26	0	15197
6867	16731	25	88	33	0	16877
6868	366	34	59	16595	0	17054
6869	16959	49	29	276	0	17313
6870	329	15542	44	128	0	16043
6871	152	266	29	16492	0	16939
6872	112	119	16852	296	0	17379
6873	66	82	262	16326	0	16736
6874	75	55	90	17388	0	17608
6875	16563	56	61	362	0	17042
6876	16341	40	39	179	0	16599
6877	381	49	15627	104	0	16161
6878	15462	55	246	77	0	15840
6879	374	55	15662	58	0	16149
6880	173	23	288	15639	0	16123
6881	154	52	15822	288	0	16316
6882	85	23	295	15492	0	15895
6883	119	14885	119	308	0	15431
6884	100	264	16023	118	0	16505
6885	104	102	16724	93	0	17023
6886	112	91	375	14340	0	14918
6887	17079	54	143	295	0	17571
6888	17037	32	99	121	0	17289
6889	17201	25	64	94	0	17384
6890	436	49	57	16470	0	17012
6891	210	27	49	17040	0	17326
6892	159	36	35	17165	0	17395
6893	124	31	33	17189	0	17377
6894	95	46	16501	457	0	17099
6895	91	45	266	16329	0	16731
6896	68	15649	135	385	0	16237
6897	69	267	91	17076	0	17503
6898	16723	94	66	385	0	17268
6899	326	98	16358	165	0	16947
6900	14474	44	267	180	0	14965
6901	408	54	18519	77	0	19058
6902	173	51	18216	87	0	18527
6903	123	17877	579	119	0	18698
6904	123	388	234	18439	0	19184
6905	96	166	131	18981	0	19374
6906	102	18635	143	542	0	19422
6907	22035	475	87	223	0	22820
6908	623	232	77	24189	0	25121
6909	354	107	67	26588	0	27116
6910	213	51	63	28497	0	28824
6911	31845	49	68	1631	0	33593
6912	33235	41	54	756	0	34086
6913	1930	59	50	32062	0	34101
6914	729	45	43	32990	0	33807
6915	31124	36	65	2188	0	33413
6916	1704	41	58	31596	0	33399
6917	609	60	62	32831	0	33562
6918	479	48	62	33660	0	34249
6919	387	70	29813	2481	0	32751
6920	29338	50	1352	1086	0	31826
6921	31296	34	401	805	0	32536
6922	2176	79	28371	591	0	31217
6923	906	47	1417	27595	0	29965
6924	628	28998	496	1755	0	31877
6925	28847	1429	347	820	0	31443
6926	1591	28937	300	689	0	31517
6927	750	30003	233	540	0	31526
6928	559	1850	198	28766	0	31373
6929	29280	666	216	1840	0	32002
6930	30579	413	150	861	0	32003
6931	2100	287	165	29612	0	32164
6932	999	237	149	31243	0	32628
6933	741	285	83	31703	0	32812
6934	574	288	94	31697	0	32653
6935	543	232	88	31243	0	32106
6936	488	27981	99	2628	0	31196
6937	489	1465	77	30194	0	32225
6938	28980	503	73	2554	0	32110
6939	29801	347	96	1340	0	31584
6940	30107	227	98	1128	0	31560
6941	2307	27783	168	1027	0	31285
6942	1119	1468	159	29450	0	32196
6943	839	578	28562	2153	0	32132
6944	28516	421	2012	1146	0	32095
6945	1916	1004	437	28941	0	32298
6946	29058	311	264	1935	0	31568
6947	28820	268	180	939	0	30207
6948	29164	332	120	728	0	30344
6949	2309	333	142	27572	0	30356
6950	28250	260	182	1850	0	30542
6951	2137	262	152	27840	0	30391
6952	1103	177	131	29096	0	30507
6953	27934	170	130	2325	0	30559
6954	2006	176	66	28241	0	30489
6955	27931	181	76	2308	0	30496
6956	28750	183	75	1225	0	30233
6957	2272	162	47	27937	0	30418
6958	1184	169	44	28813	0	30210
6959	939	136	41	28960	0	30076
6960	942	128	23342	2591	0	27003
6961	836	158	23990	1408	0	26392
6962	815	93	1475	25071	0	27454
6963	747	136	568	25986	0	27437
6964	645	141	334	26660	0	27780
6965	606	110	255	26608	0	27579
6966	598	123	237	27317	0	28275
6967	24138	102	259	2753	0	27252
6968	1852	23196	331	1400	0	26779
6969	966	1315	245	25044	0	27570
6970	24579	401	243	2241	0	27464
6971	1908	282	204	24840	0	27234
6972	883	211	152	25386	0	26632
6973	23623	204	161	2668	0	26656
6974	24476	168	140	1537	0	26321
6975	2280	225	22232	1182	0	25919
6976	1170	188	1252	23704	0	26314
6977	983	166	22459	2297	0	25905
6978	825	136	1394	23857	0	26212
6979	743	68	484	24718	0	26013
6980	716	89	337	25313	0	26455
6981	628	114	21852	2813	0	25407
6982	520	21433	1455	1671	0	25079
6983	479	23340	626	1361	0	25806
6984	453	1576	487	23148	0	25664
6985	21811	570	390	2363	0	25134
6986	1671	361	20930	1475	0	24437
6987	800	244	24585	1217	0	26846
6988	574	234	1858	24528	0	27194
6989	513	257	802	24748	0	26320
6990	438	24100	544	2332	0	27414
6991	438	1546	401	25371	0	27756
6992	471	611	350	27239	0	28671
6993	488	396	344	27933	0	29161
6994	25537	249	354	2880	0	29020
6995	26410	247	331	1439	0	28427
6996	2195	238	286	25735	0	28454
6997	1008	24830	303	2393	0	28534
6998	729	1538	232	26728	0	29227
6999	25043	527	272	2655	0	28497
7000	1758	25152	275	1579	0	28764
7001	739	1484	186	22816	0	25225
7002	655	22331	184	2227	0	25397
7003	21769	1686	192	1252	0	24899
7004	20189	658	501	998	0	22346
7005	1837	20060	247	924	0	23068
7006	801	20481	245	790	0	22317
7007	616	1664	17212	682	0	20174
7008	334	14141	1693	583	0	16751
7009	212	993	215	13253	0	14673
7010	245	307	11881	1090	0	13523
7011	39	6599	187	58	0	6883
7012	24	209	36	6668	0	6937
7013	15	62	8	6879	0	6964
7014	12	42	13	6926	0	6993
7015	6766	29	14	263	0	7072
7016	229	31	6345	75	0	6680
7017	51	36	6470	45	0	6602
7018	29	35	230	6368	0	6662
7019	23	46	7165	224	0	7458
7020	18	26	201	7198	0	7443
7021	12	27	52	7214	0	7305
7022	22	24	29	7479	0	7554
7023	22	25	22	7604	0	7673
7024	7351	20	31	276	0	7678
7025	7332	23	18	99	0	7472
7026	242	14	24	7418	0	7698
7027	74	35	10617	255	0	10981
7028	39	29	208	10447	0	10723
7029	24	11554	78	254	0	11910
7030	13	200	30	12762	0	13005
7031	12673	53	34	261	0	13021
7032	12080	33	33	97	0	12243
7033	253	26	21	11699	0	11999
7034	67	31	28	11916	0	12042
7035	28	20	25	12248	0	12321
7036	11985	30	19	304	0	12338
7037	243	34	11423	132	0	11832
7038	84	25	11410	93	0	11612
7039	60	11308	223	78	0	11669
7040	12104	222	62	83	0	12471
7041	241	70	38	14250	0	14599
7042	75	49	14882	301	0	15307
7043	64	13352	196	141	0	13753
7044	63	14466	66	84	0	14679
7045	54	255	38	14643	0	14990
7046	49	85	28	15385	0	15547
7047	46	14982	38	306	0	15372
7048	70	229	22	15609	0	15930
7049	57	64	36	15489	0	15646
7050	15600	59	35	303	0	15997
7051	224	15610	35	147	0	16016
7052	80	249	30	16124	0	16483
7053	69	91	15807	289	0	16256
7054	47	55	208	15048	0	15358
7055	16195	62	53	281	0	16591
7056	199	17017	60	133	0	17409
7057	68	230	34	17921	0	18253
7058	50	93	17685	301	0	18129
7059	58	91	18817	127	0	19093
7060	42	58	277	18867	0	19244
7061	38	50	94	20249	0	20431
7062	20889	42	49	347	0	21327
7063	239	20896	47	166	0	21348
7064	21629	282	48	112	0	22071
7065	308	91	22147	114	0	22660
7066	19782	56	320	100	0	20258
7067	341	58	23601	95	0	24095
7068	21543	58	312	100	0	22013
7069	23070	23	96	114	0	23303
7070	368	65	27122	99	0	27654
7071	143	70	25889	97	0	26199
7072	72	25476	361	110	0	26019
7073	70	287	97	28009	0	28463
7074	28106	73	78	331	0	28588
7075	316	56	62	27630	0	28064
7076	124	51	49	27382	0	27606
7077	74	36	57	28331	0	28498
7078	77	43	27346	436	0	27902
7079	22734	61	328	174	0	23297
7080	26326	36	90	124	0	26576
7081	364	28747	97	108	0	29316
7082	139	258	69	30372	0	30838
7083	105	30718	75	337	0	31235
7084	69	374	55	31757	0	32255
7085	32202	101	56	449	0	32808
7086	410	32860	86	169	0	33525
7087	93	249	53	31577	0	31972
7088	31620	55	49	308	0	32032
7089	30594	49	47	108	0	30798
7090	345	28	33	30860	0	31266
7091	132	51	30641	306	0	31130
7092	49	19	168	28992	0	29228
7093	30	29289	62	197	0	29578
7094	30527	170	35	56	0	30788
7095	174	30179	38	66	0	30457
7096	57	259	34	31195	0	31545
7097	31334	105	20	302	0	31761
7098	278	55	13	32546	0	32892
7099	123	265	20	32901	0	33309
7100	87	76	35138	368	0	35669
7101	56	33582	239	190	0	34067
7102	34641	223	92	60	0	35016
7103	32238	134	66	84	0	32522
7104	263	33863	45	68	0	34239
7105	123	34783	41	59	0	35006
7106	61	332	25	35294	0	35712
7107	35307	125	31	257	0	35720
7108	251	35357	49	179	0	35836
7109	131	259	17	36582	0	36989
7110	100	143	35640	271	0	36154
7111	72	68	233	34155	0	34528
7112	37008	26	100	322	0	37456
7113	235	35558	90	194	0	36077
7114	106	226	42	38806	0	39180
7115	81	147	37604	277	0	38109
7116	82	125	36942	153	0	37302
7117	78	81	320	36547	0	37026
7118	58	72	151	38782	0	39063
7119	58	38471	74	390	0	38993
7120	78	279	31	40123	0	40511
7121	40479	147	39	316	0	40981
7122	287	105	37	39527	0	39956
7123	40288	56	58	334	0	40736
7124	312	38400	99	189	0	39000
7125	210	40915	68	118	0	41311
7126	137	373	73	42831	0	43414
7127	112	169	84	40170	0	40535
7128	120	120	41160	420	0	41820
7129	68	101	318	37370	0	37857
7130	40369	88	164	377	0	40998
7131	341	127	39695	232	0	40395
7132	204	74	283	38785	0	39346
7133	139	85	42483	370	0	43077
7134	95	73	308	42225	0	42701
7135	110	86	173	41468	0	41837
7136	130	67	99	43738	0	44034
7137	153	91	45527	475	0	46246
7138	120	102	316	42344	0	42882
7139	94	43166	204	388	0	43852
7140	63	346	73	46742	0	47224
7141	68	194	45	43882	0	44189
7142	44296	127	47	488	0	44958
7143	338	107	42712	336	0	43493
7144	192	83	264	41947	0	42486
7145	132	99	42575	439	0	43245
7146	114	125	38672	302	0	39213
7147	140	89	370	39552	0	40151
7148	124	108	208	39829	0	40269
7149	80	90	79	44534	0	44783
7150	44693	90	104	546	0	45433
7151	321	142	41498	312	0	42273
7152	42943	107	309	244	0	43603
7153	359	95	162	47538	0	48154
7154	178	112	88	47978	0	48356
7155	130	49849	95	1487	0	51561
7156	130	207	66	52589	0	52992
7157	119	92	63	51787	0	52061
7158	99	91	94	52899	0	53183
7159	49440	47	57	464	0	50008
7160	263	77	48458	248	0	49046
7161	40804	55	279	212	0	41350
7162	276	46680	178	200	0	47334
7163	48507	200	50	107	0	48864
7164	218	46288	63	129	0	46698
7165	152	45140	60	105	0	45457
7166	60	284	54	47710	0	48108
7167	48358	120	51	271	0	48800
7168	211	48	57	46735	0	47051
7169	108	44502	66	316	0	44992
7170	51	42963	48	212	0	43274
7171	33	253	32	44576	0	44894
7172	42	131	33	43906	0	44112
7173	47	44131	65	351	0	44594
7174	43	197	39	46784	0	47063
7175	66	116	34	45701	0	45917
7176	46	42	39	46760	0	46887
7177	46124	36	39	371	0	46570
7178	219	101	44884	179	0	45383
7179	43778	44	214	145	0	44181
7180	48789	42	115	106	0	49052
7181	47314	36	56	130	0	47536
7182	310	44496	91	119	0	45016
7183	104	130	25	47072	0	47331
7184	47080	80	18	181	0	47359
7185	131	36	17	46917	0	47101
7186	47876	15	24	156	0	48071
7187	130	49139	71	138	0	49478
7188	56253	101	14	72	0	56440
7189	55940	78	23	60	0	56101
7190	55661	28	15	66	0	55770
7191	196	33	12	53941	0	54182
7192	96	24	11	55684	0	55815
7193	58857	12	18	224	0	59111
7194	133	55982	77	152	0	56344
7195	13	55206	28	24	0	55271
7196	62407	18	3	15	0	62443
7197	16	19	3	60473	0	60511
7198	13	24	3	57443	0	57483
7199	6	7	2	60005	0	60020
7200	3	56065	43	114	0	56225
7201	58333	121	4	47	0	58505
7202	126	42	3	58923	0	59094
7203	47	59056	49	146	0	59298
7204	21	150	6	63823	0	64000
7205	11	54	4	62523	0	62592
7206	13	30	5	61935	0	61983
7207	10	17	2	63058	0	63087
7208	62187	12	3	213	0	62415
7209	60341	11	6	95	0	60453
7210	60585	9	9	53	0	60656
7211	184	17	3	63348	0	63552
7212	99	42	61781	151	0	62073
7213	65	86	55663	90	0	55904
7214	53	111	55952	46	0	56162
7215	58675	13	183	41	0	58912
7216	134	13	61	60733	0	60941
7217	55	17	28	59443	0	59543
7218	26	7	16	61729	0	61778
7219	60981	6	10	209	0	61206
7220	58740	6	16	93	0	58855
7221	168	57971	55	74	0	58268
7222	52	109	4	60800	0	60965
7223	64	74	58798	131	0	59067
7224	20	55425	167	95	0	55707
7225	28	119	36	58775	0	58958
7226	16	50	18	58740	0	58824
7227	15	29	14	57142	0	57200
7228	18	24	14	53814	0	53870
7229	27	43	54612	195	0	54877
7230	36	81	50540	103	0	50760
7231	20	50433	223	88	0	50764
7232	27	114	41	55737	0	55919
7233	19	41	16	54987	0	55063
7234	53915	24	30	174	0	54143
7235	162	46	55106	81	0	55395
7236	51	28	127	53445	0	53651
7237	25	18	49	54286	0	54378
7238	112	31	54432	194	0	54769
7239	19	50538	204	135	0	50896
7240	56016	112	49	62	0	56239
7241	152	82	54186	59	0	54479
7242	52192	22	128	40	0	52382
7243	179	43	55289	29	0	55540
7244	64	29	132	54703	0	54928
7245	62	57	57269	145	0	57533
7246	49	83	55199	73	0	55404
7247	21	31	157	55671	0	55880
7248	63	139	175	52420	0	52797
7249	18	15	31	59987	0	60051
7250	29	28	29	57588	0	57674
7251	16	24	50	57922	0	58012
7252	49	50	56340	206	0	56645
7253	59	86	51238	127	0	51510
7254	18	50689	312	88	0	51107
7255	54676	131	46	65	0	54918
7256	243	71	44	54318	0	54676
7257	55509	23	38	276	0	55846
7258	277	27	24	53439	0	53767
7259	55363	17	23	335	0	55738
7260	286	21	20	56281	0	56608
7261	139	11	20	56661	0	56831
7262	54	54418	77	439	0	54988
7263	37	240	29	59647	0	59953
7264	36	111	23	58849	0	59019
7265	29	43	27	58736	0	58835
7266	28	26	24	58752	0	58830
7267	23	53766	62	500	0	54351
7268	57639	248	31	229	0	58147
7269	255	54584	86	139	0	55064
7270	122	298	21	57583	0	58024
7271	58084	126	19	368	0	58597
7272	335	113	53787	205	0	54440
7273	174	100	52304	131	0	52709
7274	69	68	379	50900	0	51416
7275	62	32	138	55427	0	55659
7276	35	41	68	55405	0	55549
7277	39	47	75	53279	0	53440
7278	37	43	37	54685	0	54802
7279	47	50246	94	464	0	50851
7280	27	264	46	53031	0	53368
7281	52307	101	38	417	0	52863
7282	284	56	25	53105	0	53470
7283	162	53	53085	406	0	53706
7284	58	43	267	51789	0	52157
7285	52160	15	122	412	0	52709
7286	280	49997	130	261	0	50668
7287	124	283	49	51819	0	52275
7288	79	145	24	53321	0	53569
7289	82	69	52651	981	0	53783
7290	113	156	88558	309	0	89136
7291	115112	64	3146	197	0	118519
7292	5011	58	1106	119290	0	125465
7293	1878	57	934	126605	0	129474
7294	1546	164	124613	7400	0	133723
7295	899	338	123900	3726	0	128863
7296	316	122575	7429	2642	0	132962
7297	162	5647	3442	127158	0	136409
7298	357	2209	122099	6319	0	130984
7299	94	124485	6803	2527	0	133909
7300	127266	6488	2442	1904	0	138100
7301	133703	2397	1872	1188	0	139160
7302	8043	1901	1118	123817	0	134879
7303	3812	126717	705	6018	0	137252
7304	128899	6348	578	2438	0	138263
7305	7561	2720	901	103489	0	114671
7306	3010	2198	121014	5263	0	131485
7307	2280	125782	6209	2258	0	136529
7308	125859	6630	2269	1789	0	136547
7309	130615	2546	1799	1240	0	136200
7310	8521	2102	1135	127642	0	139400
7311	4154	1271	651	133281	0	139357
7312	2883	901	119374	9075	0	132233
7313	1667	639	6216	127738	0	136260
7314	1060	577	2308	128956	0	132901
7315	928	464	1817	131641	0	134850
7316	810	451	1121	133629	0	136011
7317	727	430	677	128505	0	130339
7318	687	119335	707	11534	0	132263
7319	123651	6135	565	5974	0	136325
7320	6928	2456	115943	4288	0	129615
7321	2777	118754	6299	3857	0	131687
7322	2199	6790	2490	126598	0	138077
7323	122518	2598	2043	8091	0	135250
7324	6802	2174	1407	127437	0	137820
7325	2860	1444	972	131383	0	136659
7326	2344	980	804	133593	0	137721
7327	1448	860	868	135904	0	139080
7328	1374	865	115068	12683	0	129990
7329	1120	119755	6472	6932	0	134279
7330	123813	6710	2497	5022	0	138042
7331	7478	2706	120977	3510	0	134671
7332	2975	2190	7717	125204	0	138086
7333	123053	1716	3040	8625	0	136434
7334	7919	121386	2412	4340	0	136057
7335	122526	7135	1760	3647	0	135068
7336	8938	3171	1235	121077	0	134421
7337	4201	2626	1083	128503	0	136413
7338	3321	1709	926	129592	0	135548
7339	2344	1049	746	132294	0	136433
7340	118887	1002	860	13222	0	133971
7341	7571	1022	817	124678	0	134088
7342	3471	767	694	131008	0	135940
7343	119400	728	815	12281	0	133224
7344	8470	962	109893	6714	0	126039
7345	3698	880	6537	119494	0	130609
7346	115008	765	2534	10104	0	128411
7347	119843	644	2162	5077	0	127726
7348	9882	700	1475	115269	0	127326
7349	5194	684	1138	117003	0	124019
7350	3889	106869	1056	11015	0	122829
7351	2438	6612	800	115941	0	125791
7352	1759	2468	746	120160	0	125133
7353	1674	2107	102425	12708	0	118914
7354	1387	1307	106189	7951	0	116834
7355	1105	104822	8367	5961	0	120255
7356	1335	6797	4111	106147	0	118390
7357	1308	2736	3189	114874	0	122107
7358	106973	2534	2128	11011	0	122646
7359	7416	1807	1429	111625	0	122277
7360	3427	1160	101637	11298	0	117522
7361	3020	1023	7105	109885	0	121033
7362	2086	1084	100655	11289	0	115114
7363	1736	1000	104157	5896	0	112789
7364	1432	1039	9599	100826	0	112896
7365	1287	1071	4785	110686	0	117829
7366	102910	1209	3258	11143	0	118520
7367	108940	920	1946	6519	0	118325
7368	9722	749	1642	107173	0	119286
7369	106196	907	1329	10083	0	118515
7370	111371	652	1094	5129	0	118246
7371	11064	834	1012	104514	0	117424
7372	5632	804	1027	111446	0	118909
7373	104852	756	931	11319	0	117858
7374	109151	449	1065	6703	0	117368
7375	10173	440	915	103716	0	115244
7376	5673	98846	916	10194	0	115629
7377	4468	6441	703	104993	0	116605
7378	3074	2324	637	112049	0	118084
7379	2106	2018	94397	12679	0	111200
7380	1698	1353	6325	108490	0	117866
7381	95148	782	2736	12047	0	110713
7382	6967	98858	2443	6553	0	114821
7383	101898	6672	1426	5288	0	115284
7384	105654	2654	956	4201	0	113465
7385	109151	2324	717	3570	0	115762
7386	11529	1521	665	102517	0	116232
7387	7624	1158	88121	9339	0	106242
7388	5080	1110	89476	4747	0	100413
7389	3046	89475	8062	4534	0	105117
7390	1854	50800	2136	2207	0	56997
7391	686	23232	778	747	0	25443
7392	575	20707	1685	696	0	23663
7393	2940	1486	16627	636	0	21689
7394	9479	1812	1742	397	0	13430
7395	480	98	81	8713	0	9372
7396	165	91	88	9450	0	9794
7397	133	53	92	9430	0	9708
7398	140	8757	98	568	0	9563
7399	8800	423	124	200	0	9547
7400	531	114	8514	153	0	9312
7401	169	7255	315	123	0	7862
7402	165	350	53	7863	0	8431
7403	8873	89	42	439	0	9443
7404	433	63	82	8869	0	9447
7405	113	67	8652	486	0	9318
7406	25	22	7059	50	0	7156
7407	33	10	112	7406	0	7561
7408	19	5	42	7528	0	7594
7409	7601	7	33	139	0	7780
7410	110	13	7447	51	0	7621
7411	7263	8	97	33	0	7401
7412	7285	5	21	31	0	7342
7413	153	6	8	7344	0	7511
7414	45	6	7331	123	0	7505
7415	39	16	100	7312	0	7467
7416	7451	1	20	118	0	7590
7417	107	7016	17	55	0	7195
7418	7469	103	22	15	0	7609
7419	109	22	13	7301	0	7445
7420	34	8704	23	117	0	8878
7421	16	116	9	8401	0	8542
7422	23	25	13	8345	0	8406
7423	13	8004	18	144	0	8179
7424	21	99	9	8435	0	8564
7425	20	22	11	8873	0	8926
7426	20	7	9	9137	0	9173
7427	22	27	9630	188	0	9867
7428	26	9613	187	78	0	9904
7429	10502	197	47	57	0	10803
7430	224	43	31	10207	0	10505
7431	62	10197	44	220	0	10523
7432	10816	219	23	62	0	11120
7433	258	52	9	10735	0	11054
7434	68	33	10	10837	0	10948
7435	38	22	31	10524	0	10615
7436	37	26	20	10602	0	10685
7437	10350	16	10	321	0	10697
7438	229	24	12	10388	0	10653
7439	64	28	27	10589	0	10708
7440	10377	19	25	326	0	10747
7441	253	22	11	10455	0	10741
7442	85	34	10040	293	0	10452
7443	45	24	210	10395	0	10674
7444	10042	16	59	301	0	10418
7445	247	35	32	10152	0	10466
7446	67	30	10238	315	0	10650
7447	51	41	9661	132	0	9885
7448	10138	24	243	102	0	10507
7449	10725	17	71	95	0	10908
7450	10727	27	44	75	0	10873
7451	11310	15	40	81	0	11446
7452	359	37	10705	67	0	11168
7453	127	36	253	10758	0	11174
7454	89	14	60	11332	0	11495
7455	11041	14	41	395	0	11491
7456	290	17	35	11167	0	11509
7457	97	24	10832	354	0	11307
7458	61	19	249	12183	0	12512
7459	83	22	11917	351	0	12373
7460	54	11440	271	168	0	11933
7461	12277	272	76	108	0	12733
7462	309	52	57	12269	0	12687
7463	104	37	11952	333	0	12426
7464	66	36	279	12935	0	13316
7465	79	26	60	13049	0	13214
7466	70	18	12538	534	0	13160
7467	47	18	379	12807	0	13251
7468	12783	31	137	510	0	13461
7469	407	38	12180	232	0	12857
7470	11705	17	351	177	0	12250
7471	416	11727	150	153	0	12446
7472	207	333	12188	108	0	12836
7473	149	791	11603	94	0	12637
7474	96	103	392	9830	0	10421
7475	68	49	154	11103	0	11374
7476	69	28	11239	399	0	11735
7477	57	23	316	11333	0	11729
7478	11980	14	124	435	0	12553
7479	12331	24	99	240	0	12694
7480	373	21	81	11854	0	12329
7481	180	20	61	11925	0	12186
7482	136	11931	63	416	0	12546
7483	12591	275	56	223	0	13145
7484	340	104	54	13154	0	13652
7485	149	13096	58	374	0	13677
7486	13619	307	52	186	0	14164
7487	13765	105	66	154	0	14090
7488	429	13744	65	150	0	14388
7489	204	349	41	14197	0	14791
7490	166	112	53	14681	0	15012
7491	134	76	12657	478	0	13345
7492	84	65	332	12843	0	13324
7493	12907	52	137	499	0	13595
7494	371	27	123	13120	0	13641
7495	167	35	12621	479	0	13302
7496	12247	38	350	228	0	12863
7497	416	17	133	12638	0	13204
7498	169	22	12301	462	0	12954
7499	134	24	388	12549	0	13095
7500	130	34	12789	492	0	13445
7501	96	37	401	12881	0	13415
7502	65	20	161	13865	0	14111
7503	12398	19	127	527	0	13071
7504	375	12059	101	267	0	12802
7505	13350	316	74	211	0	13951
7506	13073	103	58	153	0	13387
7507	13152	97	52	111	0	13412
7508	645	12501	75	101	0	13322
7509	300	411	13359	106	0	14176
7510	203	152	409	13657	0	14421
7511	14031	103	160	490	0	14784
7512	14240	76	153	230	0	14699
7513	557	48	118	13473	0	14196
7514	13990	38	84	543	0	14655
7515	588	42	13193	251	0	14074
7516	13273	44	423	198	0	13938
7517	586	41	13141	173	0	13941
7518	289	13276	469	148	0	14182
7519	13899	378	196	127	0	14600
7520	12371	132	150	148	0	12801
7521	550	12492	134	149	0	13325
7522	13003	443	115	167	0	13728
7523	13221	154	81	171	0	13627
7524	681	115	12654	140	0	13590
7525	11991	95	386	143	0	12615
7526	606	70	11853	127	0	12656
7527	243	51	356	9988	0	10638
7528	182	10334	183	323	0	11022
7529	190	280	10334	147	0	10951
7530	10109	130	350	114	0	10703
7531	10476	102	156	97	0	10831
7532	467	76	100	10109	0	10752
7533	274	63	10051	327	0	10715
7534	212	53	298	10148	0	10711
7535	10181	34	140	400	0	10755
7536	372	10704	134	221	0	11431
7537	11137	282	110	130	0	11659
7538	11319	103	78	122	0	11622
7539	478	10191	80	644	0	11393
7540	272	331	62	11146	0	11811
7541	11287	156	56	340	0	11839
7542	446	113	85	11304	0	11948
7543	255	125	61	11505	0	11946
7544	263	76	10987	454	0	11780
7545	221	63	294	11026	0	11604
7546	160	80	157	11155	0	11552
7547	10946	51	121	512	0	11630
7548	11504	48	109	251	0	11912
7549	559	68	83	11435	0	12145
7550	345	61	10932	468	0	11806
7551	306	80	10241	173	0	10800
7552	220	61	407	10695	0	11383
7553	193	71	12192	422	0	12878
7554	195	68	411	12070	0	12744
7555	182	50	206	12380	0	12818
7556	12609	43	174	504	0	13330
7557	431	64	12215	297	0	13007
7558	11160	52	358	250	0	11820
7559	11623	48	191	175	0	12037
7560	573	62	10988	161	0	11784
7561	368	93	11799	112	0	12372
7562	291	86	429	11395	0	12201
7563	251	11193	267	364	0	12075
7564	193	10690	96	153	0	11132
7565	147	274	91	11200	0	11712
7566	134	116	111	11545	0	11906
7567	158	51	83	11781	0	12073
7568	145	40	90	12021	0	12296
7569	11862	43	84	361	0	12350
7570	345	29	88	11837	0	12299
7571	189	49	11422	325	0	11985
7572	172	57	258	11312	0	11799
7573	152	11096	158	289	0	11695
7574	178	204	113	11845	0	12340
7575	11731	71	101	336	0	12239
7576	295	87	89	11811	0	12282
7577	170	52	11468	341	0	12031
7578	152	10520	255	206	0	11133
7579	146	222	113	11196	0	11677
7580	11163	78	81	317	0	11639
7581	12558	75	76	151	0	12860
7582	384	55	96	12192	0	12727
7583	159	39	10875	270	0	11343
7584	107	60	10179	136	0	10482
7585	11396	33	248	135	0	11812
7586	317	43	11664	113	0	12137
7587	83	27	10868	112	0	11090
7588	82	21	243	10585	0	10931
7589	10920	13	85	268	0	11286
7590	10728	20	55	123	0	10926
7591	10720	28	49	91	0	10888
7592	314	22	10460	78	0	10874
7593	117	33	10459	68	0	10677
7594	67	10633	250	102	0	11052
7595	47	188	123	11020	0	11378
7596	53	50	94	11253	0	11450
7597	50	36	73	10672	0	10831
7598	69	13	59	11314	0	11455
7599	75	20	10903	291	0	11289
7600	81	10033	217	137	0	10468
7601	11839	181	97	92	0	12209
7602	13954	43	65	43	0	14105
7603	14395	22	40	49	0	14506
7604	557	14490	60	54	0	15161
7605	67	395	8	14741	0	15211
7606	14783	57	11	483	0	15334
7607	475	14950	22	114	0	15561
7608	14960	490	8	72	0	15530
7609	511	14135	23	32	0	14701
7610	14350	530	11	30	0	14921
7611	14557	109	11	25	0	14702
7612	593	81	13	14452	0	15139
7613	168	24	9	15111	0	15312
7614	90	26	14190	610	0	14916
7615	46	40	13926	172	0	14184
7616	14217	21	544	99	0	14881
7617	14817	21	156	41	0	15035
7618	611	26	68	14314	0	15019
7619	202	25	26	14986	0	15239
7620	150	37	15307	613	0	16107
7621	90	34	467	15187	0	15778
7622	72	51	15280	616	0	16019
7623	86	31	536	15357	0	16010
7624	79	43	127	16199	0	16448
7625	15611	42	84	661	0	16398
7626	15861	40	38	226	0	16165
7627	679	59	35	15612	0	16385
7628	264	38	27	16205	0	16534
7629	171	46	14664	1304	0	16185
7630	102	42	482	15715	0	16341
7631	124	40	15337	669	0	16170
7632	15096	50	578	202	0	15926
7633	607	34	165	15751	0	16557
7634	15581	32	116	612	0	16341
7635	653	15143	81	242	0	16119
7636	14941	522	64	205	0	15732
7637	657	144	87	14818	0	15706
7638	210	96	85	14942	0	15333
7639	169	14494	83	694	0	15440
7640	154	524	70	15130	0	15878
7641	158	154	14432	709	0	15453
7642	119	92	504	14702	0	15417
7643	130	57	14220	711	0	15118
7644	129	13862	569	300	0	14860
7645	115	499	185	15668	0	16467
7646	122	128	15260	656	0	16166
7647	112	106	15421	291	0	15930
7648	107	38	588	15201	0	15934
7649	15375	29	214	623	0	16241
7650	587	40	14887	270	0	15784
7651	220	27	510	15065	0	15822
7652	15338	30	182	637	0	16187
7653	552	14462	147	286	0	15447
7654	16987	484	85	232	0	17788
7655	624	139	74	16915	0	17752
7656	216	120	65	17255	0	17656
7657	184	67	66	17637	0	17954
7658	16945	69	84	801	0	17899
7659	560	71	85	17143	0	17859
7660	208	53	91	17622	0	17974
7661	16203	54	116	762	0	17135
7662	586	71	15611	375	0	16643
7663	225	57	541	16039	0	16862
7664	182	67	15742	649	0	16640
7665	15118	56	581	317	0	16072
7666	623	58	204	15412	0	16297
7667	276	85	15109	630	0	16100
7668	14711	80	526	312	0	15629
7669	15209	83	197	271	0	15760
7670	727	93	16632	220	0	17672
7671	293	97	524	16468	0	17382
7672	233	63	202	18007	0	18505
7673	152	93	17226	801	0	18272
7674	161	16516	542	410	0	17629
7675	179	494	17208	300	0	18181
7676	16494	157	607	251	0	17509
7677	624	122	17300	260	0	18306
7678	16552	51	618	272	0	17493
7679	658	47	17110	261	0	18076
7680	16418	27	646	278	0	17369
7681	633	15671	284	255	0	16843
7682	261	481	212	16056	0	17010
7683	228	138	129	17087	0	17582
7684	204	96	16115	798	0	17213
7685	174	56	487	14688	0	15405
7686	182	15084	207	619	0	16092
7687	15556	427	161	345	0	16489
7688	497	16187	159	294	0	17137
7689	237	552	118	17044	0	17951
7690	16985	151	139	732	0	18007
7691	644	16611	141	353	0	17749
7692	17271	561	152	261	0	18245
7693	744	170	17124	209	0	18247
7694	277	116	615	17545	0	18553
7695	212	72	277	17822	0	18383
7696	180	61	215	18510	0	18966
7697	17831	53	169	875	0	18928
7698	19141	64	167	352	0	19724
7699	19142	85	155	251	0	19633
7700	19272	61	152	217	0	19702
7701	833	88	16984	181	0	18086
7702	13786	31	294	64	0	14175
7703	378	13599	137	82	0	14196
7704	129	13708	60	75	0	13972
7705	13411	172	18	26	0	13627
7706	13465	46	21	27	0	13559
7707	186	15	11	13072	0	13284
7708	13294	12	14	154	0	13474
7709	12876	15	15	61	0	12967
7710	13118	18	17	28	0	13181
7711	205	13	11	12911	0	13140
7712	61	12850	21	145	0	13077
7713	36	13440	18	61	0	13555
7714	38	251	10	13706	0	14005
7715	13577	83	15	220	0	13895
7716	216	13309	23	104	0	13652
7717	90	222	10	13599	0	13921
7718	49	90	13094	238	0	13471
7719	11810	41	195	96	0	12142
7720	242	11705	80	52	0	12079
7721	98	13179	43	58	0	13378
7722	13235	232	20	43	0	13530
7723	249	78	12813	34	0	13174
7724	105	35	192	12612	0	12944
7725	65	12760	61	200	0	13086
7726	68	204	24	13289	0	13585
7727	64	69	24	13166	0	13323
7728	53	11997	56	275	0	12381
7729	53	217	14	13313	0	13597
7730	55	77	9	13443	0	13584
7731	13318	55	10	269	0	13652
7732	233	12839	15	104	0	13191
7733	14146	211	17	51	0	14425
7734	258	86	11	13647	0	14002
7735	105	13929	27	234	0	14295
7736	90	232	13874	80	0	14276
7737	67	80	190	13897	0	14234
7738	59	54	56	14608	0	14777
7739	47	59	14308	289	0	14703
7740	13373	49	211	110	0	13743
7741	222	49	63	14592	0	14926
7742	15019	43	30	244	0	15336
7743	275	56	14407	93	0	14831
7744	105	55	212	16245	0	16617
7745	78	52	16466	353	0	16949
7746	68	52	388	16401	0	16909
7747	49	55	161	16912	0	17177
7748	16757	41	66	563	0	17427
7749	401	16872	62	262	0	17597
7750	17766	479	30	123	0	18398
7751	553	195	17184	99	0	18031
7752	207	93	454	18094	0	18848
7753	137	71	19217	534	0	19959
7754	16148	61	510	233	0	16952
7755	18116	53	181	119	0	18469
7756	697	59	17879	92	0	18727
7757	18078	44	504	92	0	18718
7758	18987	48	204	82	0	19321
7759	691	51	88	18606	0	19436
7760	303	53	18188	550	0	19094
7761	187	54	18414	239	0	18894
7762	125	44	640	18472	0	19281
7763	132	55	248	18334	0	18769
7764	118	17884	140	631	0	18773
7765	127	19080	85	297	0	19589
7766	19102	624	93	158	0	19977
7767	567	253	77	19301	0	20198
7768	245	18710	79	568	0	19602
7769	151	19739	64	258	0	20212
7770	17457	624	77	163	0	18321
7771	579	254	81	17753	0	18667
7772	271	16475	63	1390	0	18199
7773	170	552	71	17844	0	18637
7774	141	236	66	18263	0	18706
7775	136	138	86	18412	0	18772
7776	17817	110	88	829	0	18844
7777	587	17677	75	391	0	18730
7778	292	566	85	18107	0	19050
7779	201	244	89	18522	0	19056
7780	171	147	92	18847	0	19257
7781	171	104	17599	838	0	18712
7782	16839	87	566	384	0	17876
7783	645	84	233	17959	0	18921
7784	17885	82	172	671	0	18810
7785	17931	78	124	320	0	18453
7786	18176	80	125	237	0	18618
7787	831	104	17280	202	0	18417
7788	334	16011	479	166	0	16990
7789	178	421	195	16460	0	17254
7790	124	207	16232	506	0	17069
7791	144	128	15816	251	0	16339
7792	134	104	568	15354	0	16160
7793	95	14435	222	453	0	15205
7794	15564	454	115	228	0	16361
7795	16956	215	74	172	0	17417
7796	17242	148	83	147	0	17620
7797	17161	93	98	146	0	17498
7798	651	92	15418	197	0	16358
7799	15270	109	409	209	0	15997
7800	552	15336	205	182	0	16275
7801	302	446	115	16022	0	16885
7802	189	220	81	16561	0	17051
7803	16224	151	92	674	0	17141
7804	539	101	82	16245	0	16967
7805	288	89	15472	618	0	16467
7806	14890	74	447	324	0	15735
7807	16451	74	237	220	0	16982
7808	16849	76	151	198	0	17274
7809	761	48	16070	194	0	17073
7810	15916	57	447	181	0	16601
7811	632	15927	272	178	0	17009
7812	16105	352	156	134	0	16747
7813	539	162	127	15681	0	16509
7814	288	79	135	15847	0	16349
7815	186	15258	154	530	0	16128
7816	171	372	118	15922	0	16583
7817	163	15532	117	480	0	16292
7818	149	446	104	15817	0	16516
7819	153	15530	98	475	0	16256
7820	166	444	92	15637	0	16339
7821	159	14274	102	463	0	14998
7822	154	464	87	14681	0	15386
7823	187	14776	76	436	0	15475
7824	16120	494	47	228	0	16889
7825	562	222	56	16111	0	16951
7826	280	158	60	16436	0	16934
7827	193	119	51	17977	0	18340
7828	148	115	54	19194	0	19511
7829	153	115	18602	950	0	19820
7830	160	118	544	19877	0	20699
7831	154	110	227	20757	0	21248
7832	20052	82	94	993	0	21221
7833	19175	71	95	526	0	19867
7834	865	19922	104	299	0	21190
7835	402	597	93	19618	0	20710
7836	276	601	94	20907	0	21878
7837	21862	128	91	1020	0	23101
7838	996	122	20251	508	0	21877
7839	20302	122	718	250	0	21392
7840	950	20946	311	224	0	22431
7841	21734	833	132	221	0	22920
7842	21012	348	81	224	0	21665
7843	1095	20637	123	227	0	22082
7844	363	20305	109	160	0	20937
7845	147	729	33	19198	0	20107
7846	122	263	18478	633	0	19496
7847	17990	113	533	228	0	18864
7848	636	93	18341	129	0	19199
7849	17186	50	516	63	0	17815
7850	581	50	17268	70	0	17969
7851	215	16836	531	69	0	17651
7852	131	460	180	17038	0	17809
7853	15484	180	95	511	0	16270
7854	15765	86	54	202	0	16107
7855	744	60	56	16253	0	17113
7856	17758	49	45	605	0	18457
7857	17501	64	43	263	0	17871
7858	892	16827	47	160	0	17926
7859	17715	590	45	114	0	18464
7860	770	17437	57	84	0	18348
7861	351	663	53	17457	0	18524
7862	17732	265	41	666	0	18704
7863	18034	150	49	279	0	18512
7864	18537	88	49	140	0	18814
7865	1012	90	17070	82	0	18254
7866	441	114	17154	83	0	17792
7867	256	65	786	16464	0	17571
7868	193	62	309	18073	0	18637
7869	163	19613	144	903	0	20823
7870	19963	762	88	379	0	21192
7871	909	360	82	19862	0	21213
7872	452	169	71	20715	0	21407
7873	313	135	19078	1155	0	20681
7874	197	18457	737	545	0	19936
7875	229	19729	326	265	0	20549
7876	250	1009	142	19891	0	21292
7877	19425	484	101	922	0	20932
7878	900	212	103	19236	0	20451
7879	469	150	120	20364	0	21103
7880	19512	176	92	1193	0	20973
7881	20034	135	80	593	0	20842
7882	1252	133	92	19716	0	21193
7883	653	147	18837	983	0	20620
7884	336	106	763	19762	0	20967
7885	302	98	371	20413	0	21184
7886	19419	115	171	1312	0	21017
7887	964	113	137	19990	0	21204
7888	19841	94	145	1143	0	21223
7889	1093	120	18851	675	0	20739
7890	582	115	797	21177	0	22671
7891	405	142	401	21770	0	22718
7892	305	176	206	22331	0	23018
7893	314	159	125	22091	0	22689
7894	332	124	156	22186	0	22798
7895	290	124	19062	1746	0	21222
7896	19212	126	933	933	0	21204
7897	1120	119	445	20081	0	21765
7898	633	155	18906	1326	0	21020
7899	442	142	19247	837	0	20668
7900	317	139	1264	19927	0	21647
7901	20568	134	590	1330	0	22622
7902	20900	119	322	825	0	22166
7903	23270	149	249	538	0	24206
7904	1657	147	251	20773	0	22828
7905	864	21588	230	1241	0	23923
7906	22794	883	251	734	0	24662
7907	22787	467	241	516	0	24011
7908	22753	287	178	529	0	23747
7909	22952	232	165	490	0	23839
7910	1725	203	176	21875	0	23979
7911	967	157	20804	1348	0	23276
7912	644	122	978	21942	0	23686
7913	538	136	21011	1444	0	23129
7914	21491	126	1095	842	0	23554
7915	22561	117	558	636	0	23872
7916	1612	120	21128	596	0	23456
7917	21561	90	1099	571	0	23321
7918	23634	97	587	600	0	24918
7919	1691	91	367	21961	0	24110
7920	1080	21953	286	1263	0	24582
7921	23123	893	260	831	0	25107
7922	1438	452	286	22429	0	24605
7923	965	21881	244	1300	0	24390
7924	570	888	217	22104	0	23779
7925	549	447	20839	1370	0	23205
7926	571	21320	906	815	0	23612
7927	20414	1036	411	627	0	22488
7928	19672	976	287	469	0	21404
7929	19563	233	236	405	0	20437
7930	18983	99	233	386	0	19701
7931	1323	115	180	17397	0	19015
7932	775	17455	194	899	0	19323
7933	17623	680	211	533	0	19047
7934	1090	355	16225	438	0	18108
7935	728	15961	812	336	0	17837
7936	573	601	15488	315	0	16977
7937	368	281	619	13742	0	15010
7938	373	13924	362	631	0	15290
7939	347	567	225	14920	0	16059
7940	322	348	15165	772	0	16607
7941	346	216	571	14997	0	16130
7942	361	156	324	15609	0	16450
7943	341	147	199	16354	0	17041
7944	14988	140	174	984	0	16286
7945	761	14958	176	606	0	16501
7946	503	525	163	15801	0	16992
7947	15015	304	156	832	0	16307
7948	739	15161	172	587	0	16659
7949	15634	563	155	458	0	16810
7950	841	348	15057	366	0	16612
7951	566	234	585	14702	0	16087
7952	497	15151	337	700	0	16685
7953	15000	537	202	366	0	16105
7954	780	307	14373	277	0	15737
7955	504	13020	552	232	0	14308
7956	297	468	243	12548	0	13556
7957	282	281	160	13130	0	13853
7958	12834	167	140	688	0	13829
7959	528	145	138	12588	0	13399
7960	356	167	11742	576	0	12841
7961	294	136	415	12024	0	12869
7962	246	136	11387	553	0	12322
7963	258	121	436	10600	0	11415
7964	250	11093	241	496	0	12080
7965	11481	396	172	342	0	12391
7966	10968	221	133	275	0	11597
7967	624	11146	146	234	0	12150
7968	219	9695	74	145	0	10133
7969	129	211	55	8710	0	9105
7970	8646	89	56	261	0	9052
7971	270	79	51	8507	0	8907
7972	8635	76	40	260	0	9011
7973	299	8713	46	128	0	9186
7974	196	200	29	9179	0	9604
7975	135	126	8777	230	0	9268
7976	115	97	189	8670	0	9071
7977	105	71	81	9193	0	9450
7978	9133	60	63	320	0	9576
7979	227	10155	59	150	0	10591
7980	118	200	51	10793	0	11162
7981	10695	88	79	272	0	11134
7982	237	133	10385	146	0	10901
7983	9818	78	204	139	0	10239
7984	282	54	93	10360	0	10789
7985	168	10042	72	236	0	10518
7986	10501	196	54	151	0	10902
7987	283	92	10087	126	0	10588
7988	164	99	10316	116	0	10695
7989	157	10146	271	109	0	10683
7990	8697	59	11	21	0	8788
7991	64	24	11	8482	0	8581
7992	26	26	13	8392	0	8457
7993	9203	19	20	62	0	9304
7994	99	33	8937	12	0	9081
7995	22	21	104	9036	0	9183
7996	29	31	10915	114	0	11089
7997	26	29	105	10685	0	10845
7998	11	10623	53	125	0	10812
7999	13	92	32	11535	0	11672
8000	21	29	10985	130	0	11165
8001	9914	23	99	63	0	10099
8002	102	20	23	10735	0	10880
8003	39	15	9126	117	0	9297
8004	30	25	107	8711	0	8873
8005	28	22	23	9151	0	9224
8006	34	17	8921	124	0	9096
8007	25	39	8643	41	0	8748
8008	20	22	105	8806	0	8953
8009	29	12	8990	117	0	9148
8010	9470	19	127	40	0	9656
8011	169	19	33	10046	0	10267
8012	10080	16	39	176	0	10311
8013	197	15	10031	87	0	10330
8014	82	31	154	9943	0	10210
8015	50	16	10884	192	0	11142
8016	29	10083	210	116	0	10438
8017	35	153	10781	59	0	11028
8018	22	65	9764	62	0	9913
8019	9497	29	245	41	0	9812
8020	10206	23	111	41	0	10381
8021	228	21	10406	42	0	10697
8022	92	8	129	9473	0	9702
8023	42	9	69	11357	0	11477
8024	44	13	11429	169	0	11655
8025	18	10582	137	104	0	10841
8026	11016	108	73	48	0	11245
8027	138	58	10994	28	0	11218
8028	72	31	131	11740	0	11974
8029	41	18	88	11941	0	12088
8030	12222	7	45	181	0	12455
8031	12129	10	34	102	0	12275
8032	12095	5	33	54	0	12187
8033	12221	6	26	28	0	12281
8034	225	4	26	12443	0	12698
8035	126	14	13149	151	0	13440
8036	56	7	142	13034	0	13239
8037	32	9	88	13340	0	13469
8038	23	6	51	14044	0	14124
8039	31	17	13480	262	0	13790
8040	12893	10	184	116	0	13203
8041	208	12	83	13914	0	14217
8042	108	26	15691	229	0	16054
8043	73	16306	214	120	0	16713
8044	44	173	101	17127	0	17445
8045	44	79	68	17000	0	17191
8046	16820	49	44	288	0	17201
8047	213	16562	45	167	0	16987
8048	110	184	16620	107	0	17021
8049	73	71	207	16341	0	16692
8050	49	52	100	17114	0	17315
8051	17279	22	72	300	0	17673
8052	17021	18	49	178	0	17266
8053	312	18	37	18520	0	18887
8054	18528	11	45	275	0	18859
8055	294	17742	44	162	0	18242
8056	144	231	21583	114	0	22072
8057	98	92	233	21234	0	21657
8058	59	57	111	22485	0	22712
8059	54	30	72	22643	0	22799
8060	52	21	56	22380	0	22509
8061	53	22540	41	430	0	23064
8062	23375	298	45	213	0	23931
8063	329	132	45	23670	0	24176
8064	170	22969	57	352	0	23548
8065	24509	295	36	186	0	25026
8066	23837	126	50	134	0	24147
8067	448	25866	50	108	0	26472
8068	212	314	41	26817	0	27384
8069	113	140	51	27099	0	27403
8070	81	97	39	26518	0	26735
8071	73	47	47	26957	0	27124
8072	26351	47	48	538	0	26984
8073	25430	33	54	299	0	25816
8074	421	26043	45	226	0	26735
8075	231	348	26286	154	0	27019
8076	136	171	316	26404	0	27027
8077	27159	93	149	410	0	27811
8078	392	25860	112	253	0	26617
8079	207	25041	74	175	0	25497
8080	26385	457	56	127	0	27025
8081	26122	216	45	114	0	26497
8082	537	125	42	26634	0	27338
8083	279	82	27561	514	0	28436
8084	183	157	26045	282	0	26667
8085	28740	60	503	198	0	29501
8086	30734	63	232	147	0	31176
8087	30571	64	125	138	0	30898
8088	30482	70	77	148	0	30777
8089	30572	59	64	135	0	30830
8090	663	28781	72	143	0	29659
8091	346	436	56	29705	0	30543
8092	216	32081	83	425	0	32805
8093	33171	429	52	217	0	33869
8094	32419	195	47	347	0	33008
8095	32090	110	47	141	0	32388
8096	31254	80	34	144	0	31512
8097	641	29582	65	147	0	30435
8098	31781	396	47	103	0	32327
8099	500	30439	97	119	0	31155
8100	283	429	55	31461	0	32228
8101	31647	176	54	455	0	32332
8102	517	143	33454	248	0	34362
8103	289	116	337	32576	0	33318
8104	230	97	144	33886	0	34357
8105	196	106	33667	545	0	34514
8106	167	32388	391	306	0	33252
8107	34838	425	181	174	0	35618
8108	34346	199	111	164	0	34820
8109	632	33251	87	169	0	34139
8110	253	362	41	33075	0	33731
8111	270	168	34287	347	0	35072
8112	182	34644	319	180	0	35325
8113	36859	335	133	138	0	37465
8114	442	197	36606	103	0	37348
8115	32826	130	320	127	0	33403
8116	35702	92	120	94	0	36008
8117	499	123	35828	104	0	36554
8118	278	34131	333	118	0	34860
8119	215	341	127	35717	0	36400
8120	183	156	35557	367	0	36263
8121	32954	133	305	189	0	33581
8122	34956	85	130	114	0	35285
8123	432	33817	107	111	0	34467
8124	241	345	55	34798	0	35439
8125	207	138	58	35354	0	35757
8126	197	126	34648	409	0	35380
8127	149	33353	321	216	0	34039
8128	35210	338	138	128	0	35814
8129	34768	167	100	94	0	35129
8130	36288	137	51	93	0	36569
8131	540	115	35457	74	0	36186
8132	35223	90	314	91	0	35718
8133	36815	97	122	78	0	37112
8134	451	81	78	36503	0	37113
8135	257	87	35392	310	0	36046
8136	177	86	273	34894	0	35430
8137	188	71	35185	344	0	35788
8138	144	558	274	33044	0	34020
8139	149	32875	164	285	0	33473
8140	124	35555	78	135	0	35892
8141	113	291	67	37578	0	38049
8142	103	138	59	34536	0	34836
8143	34027	86	53	318	0	34484
8144	320	82	33372	139	0	33913
8145	31622	89	229	88	0	32028
8146	315	32239	128	81	0	32763
8147	34267	238	61	77	0	34643
8148	34003	116	62	72	0	34253
8149	373	69	51	33625	0	34118
8150	204	70	34886	240	0	35400
8151	145	68	203	34436	0	34852
8152	136	34592	126	234	0	35088
8153	127	264	75	36255	0	36721
8154	127	118	49	36437	0	36731
8155	36270	75	63	375	0	36783
8156	327	65	49	32295	0	32736
8157	175	30813	67	349	0	31404
8158	126	274	48	32764	0	33212
8159	32592	138	54	349	0	33133
8160	330	31322	46	203	0	31901
8161	107	208	39	31798	0	32152
8162	76	85	39	31802	0	32002
8163	67	75	25	31508	0	31675
8164	57	52	25	31609	0	31743
8165	31915	42	26	339	0	32322
8166	301	43	22	31922	0	32288
8167	110	27	36	30068	0	30241
8168	83	53	39	30669	0	30844
8169	79	30186	44	466	0	30775
8170	30925	418	35	185	0	31563
8171	483	145	30243	122	0	30993
8172	149	29240	412	158	0	29959
8173	30505	445	123	82	0	31155
8174	462	127	29331	72	0	29992
8175	127	29249	401	78	0	29855
8176	99	420	541	30259	0	31319
8177	61	30118	112	379	0	30670
8178	64	426	29461	111	0	30062
8179	57	173	29214	89	0	29533
8180	35	28344	487	79	0	28945
8181	30056	401	780	58	0	31295
8182	29517	113	84	51	0	29765
8183	417	108	27119	54	0	27698
8184	160	94	24799	49	0	25102
8185	93	69	27932	36	0	28130
8186	60	37	454	26770	0	27321
8187	42	31	152	27699	0	27924
8188	33	42	81	29215	0	29371
8189	63	33	29060	492	0	29648
8190	32	36	373	27937	0	28378
8191	30	43	120	29073	0	29266
8192	51	43	27194	503	0	27791
8193	24823	43	446	188	0	25500
8194	425	46	124	29606	0	30201
8195	142	41	100	29316	0	29599
8196	106	28667	95	587	0	29455
8197	29899	467	112	253	0	30731
8198	530	188	28407	158	0	29283
8199	28465	107	500	132	0	29204
8200	565	85	191	29137	0	29978
8201	238	87	29044	583	0	29952
8202	151	82	525	26529	0	27287
8203	27588	64	206	606	0	28464
8204	568	65	26864	250	0	27747
8205	26184	53	554	200	0	26991
8206	27173	47	243	159	0	27622
8207	26938	48	190	136	0	27312
8208	728	25357	161	146	0	26392
8209	325	482	114	27799	0	28720
8210	28435	171	118	584	0	29308
8211	27119	120	116	232	0	27587
8212	27409	92	120	185	0	27806
8213	899	117	24704	152	0	25872
8214	26095	72	580	146	0	26893
8215	796	62	254	27598	0	28710
8216	405	62	26942	770	0	28179
8217	272	63	741	29869	0	30945
8218	213	65	316	32045	0	32639
8219	215	67	31289	1221	0	32792
8220	181	58	916	32331	0	33486
8221	166	49	451	37653	0	38319
8222	176	81	42442	1746	0	44445
8223	46745	60	1628	932	0	49365
8224	52802	61	845	582	0	54290
8225	2701	52	576	54470	0	57799
8226	1383	111	52530	2406	0	56430
8227	981	74	2220	52258	0	55533
8228	754	52124	951	2732	0	56561
8229	728	2060	705	52857	0	56350
8230	530	769	501	54970	0	56770
8231	52672	575	453	3515	0	57215
8232	51587	331	463	1982	0	54363
8233	53520	352	362	1466	0	55700
8234	3494	321	324	52176	0	56315
8235	1807	232	248	55287	0	57574
8236	1419	287	48996	3673	0	54375
8237	1192	141	2111	50427	0	53871
8238	1035	50887	921	3328	0	56171
8239	51929	2141	707	1806	0	56583
8240	2680	49892	518	1609	0	54699
8241	50416	2663	553	1235	0	54867
8242	3094	1147	532	45689	0	50462
8243	1518	48726	438	2779	0	53461
8244	49771	2684	413	1402	0	54270
8245	50555	1296	341	1246	0	53438
8246	3628	1032	306	48625	0	53591
8247	2074	48902	364	2944	0	54284
8248	1508	2655	323	50752	0	55238
8249	1295	1246	47116	3503	0	53160
8250	46957	937	2300	1792	0	51986
8251	3044	47384	995	1643	0	53066
8252	48336	2589	773	1326	0	53024
8253	3211	1222	595	48107	0	53135
8254	48809	955	644	3135	0	53543
8255	3648	698	47822	1628	0	53796
8256	51165	643	2522	1442	0	55772
8257	53042	611	1210	1142	0	56005
8258	4507	543	48837	1287	0	55174
8259	2722	511	2733	49202	0	55168
8260	2139	433	1480	52567	0	56619
8261	49535	471	1188	4070	0	55264
8262	3574	48797	864	2515	0	55750
8263	2064	2559	749	50933	0	56305
8264	1839	1193	48923	3892	0	55847
8265	1577	979	47735	2428	0	52719
8266	1572	47554	3096	2038	0	54260
8267	1566	2658	48697	1612	0	54533
8268	47741	1319	3434	1571	0	54065
8269	3053	1070	1703	47444	0	53270
8270	48968	776	1490	3253	0	54487
8271	3352	879	47013	1919	0	53163
8272	1992	830	2885	47342	0	53049
8273	1789	816	1551	49708	0	53864
8274	1647	829	46581	3778	0	52835
8275	1586	724	2676	48402	0	53388
8276	46495	687	1426	3783	0	52391
8277	48382	633	1234	2342	0	52591
8278	3965	589	905	47887	0	53346
8279	47707	574	940	3692	0	52913
8280	48576	511	841	2382	0	52310
8281	4291	45306	787	2125	0	52509
8282	2892	2450	743	47539	0	53624
8283	48377	1194	782	3590	0	53943
8284	3991	1011	744	49214	0	54960
8285	46962	824	660	3938	0	52384
8286	4225	823	742	46302	0	52092
8287	2663	714	42854	4075	0	50306
8288	2312	44126	2490	2523	0	51451
8289	2093	2540	1443	37534	0	43610
8290	1926	44579	1183	3217	0	50905
8291	43399	2911	986	2176	0	49472
8292	3401	42561	1047	1881	0	48890
8293	2070	43683	954	1668	0	48375
8294	1642	3414	777	42208	0	48041
8295	41487	2041	749	3436	0	47713
8296	3168	1628	715	42542	0	48053
8297	41746	1400	682	3768	0	47596
8298	41492	1278	721	2199	0	45690
8299	3844	40832	792	1924	0	47392
8300	42137	2873	771	1650	0	47431
8301	43448	1531	770	1467	0	47216
8302	44250	1147	790	1357	0	47544
8303	4817	976	38325	1325	0	45443
8304	3113	937	2370	39630	0	46050
8305	2632	787	1249	42176	0	46844
8306	2104	692	38395	3970	0	45161
8307	40376	668	2563	2450	0	46057
8308	42308	608	1494	2031	0	46441
8309	42079	565	1230	1767	0	45641
8310	40414	550	928	1709	0	43601
8311	4777	37690	789	1594	0	44850
8312	38723	2343	665	1391	0	43122
8313	4510	1101	585	37474	0	43670
8314	3168	969	33444	2888	0	40469
8315	35155	789	1968	1633	0	39545
8316	3790	35226	1009	1507	0	41532
8317	32298	2267	676	1220	0	36461
8318	3496	30956	588	1219	0	36259
8319	2062	30979	625	1203	0	34869
8320	1765	30363	590	1142	0	33860
8321	1272	27483	521	1446	0	30722
8322	2633	1737	18148	559	0	23077
8323	504	1941	692	13378	0	16515
8324	815	274	10431	709	0	12229
8325	8374	106	395	249	0	9124
8326	429	8971	187	189	0	9776
8327	240	9557	91	180	0	10068
8328	179	507	85	9267	0	10038
8329	189	272	41	9705	0	10207
8330	168	179	9181	528	0	10056
8331	143	171	9264	248	0	9826
8332	166	124	449	9281	0	10020
8333	151	109	9303	494	0	10057
8334	175	8571	369	229	0	9344
8335	192	321	173	8675	0	9361
8336	214	189	85	9128	0	9616
8337	206	103	8677	450	0	9436
8338	220	89	296	8513	0	9118
8339	8617	57	139	398	0	9211
8340	403	63	132	8633	0	9231
8341	194	63	114	8878	0	9249
8342	152	51	8285	527	0	9015
8343	8513	72	315	273	0	9173
8344	450	8805	177	180	0	9612
8345	301	342	79	9269	0	9991
8346	276	148	8962	394	0	9780
8347	249	108	322	9205	0	9884
8348	9301	125	113	431	0	9970
8349	510	116	8913	228	0	9767
8350	276	108	320	9100	0	9804
8351	196	96	9423	464	0	10179
8352	184	9609	379	253	0	10425
8353	198	389	9531	157	0	10275
8354	183	9605	384	166	0	10338
8355	70	282	7598	69	0	8019
8356	36	77	178	6234	0	6525
8357	38	6677	58	175	0	6948
8358	6896	191	38	81	0	7206
8359	176	59	44	7203	0	7482
8360	7295	42	30	205	0	7572
8361	232	48	24	7122	0	7426
8362	108	37	24	7382	0	7551
8363	7192	37	26	244	0	7499
8364	6868	50	33	81	0	7032
8365	291	28	29	6876	0	7224
8366	133	25	6620	254	0	7032
8367	93	6405	223	96	0	6817
8368	81	217	6532	63	0	6893
8369	60	6672	228	73	0	7033
8370	7402	215	78	70	0	7765
8371	231	83	7250	56	0	7620
8372	117	51	7314	43	0	7525
8373	79	41	252	7005	0	7377
8374	7383	31	94	237	0	7745
8375	256	44	8041	96	0	8437
8376	102	7823	239	56	0	8220
8377	8492	226	73	50	0	8841
8378	8480	78	55	50	0	8663
8379	8506	65	52	45	0	8668
8380	8652	58	38	41	0	8789
8381	8566	59	35	41	0	8701
8382	326	55	8149	55	0	8585
8383	110	28	147	7124	0	7409
8384	85	7343	71	133	0	7632
8385	7642	146	48	68	0	7904
8386	167	8144	43	48	0	8402
8387	7883	139	30	25	0	8077
8388	7923	63	16	18	0	8020
8389	189	7611	27	18	0	7845
8390	8328	139	31	15	0	8513
8391	171	48	19	8188	0	8426
8392	76	35	30	8291	0	8432
8393	71	32	8012	162	0	8277
8394	54	8238	148	71	0	8511
8395	58	138	51	8710	0	8957
8396	57	52	39	8762	0	8910
8397	64	44	32	8920	0	9060
8398	55	42	8577	176	0	8850
8399	8057	27	136	81	0	8301
8400	177	29	55	8985	0	9246
8401	9043	24	49	169	0	9285
8402	185	341	37	8677	0	9240
8403	92	54	9090	151	0	9387
8404	80	46	8694	69	0	8889
8405	8023	37	160	43	0	8263
8406	8926	31	52	46	0	9055
8407	170	8335	66	48	0	8619
8408	89	123	8570	41	0	8823
8409	81	41	131	8294	0	8547
8410	66	54	64	7985	0	8169
8411	8843	32	37	167	0	9079
8412	8751	25	50	75	0	8901
8413	8849	30	33	70	0	8982
8414	197	30	8646	48	0	8921
8415	8523	39	141	35	0	8738
8416	178	32	55	8754	0	9019
8417	82	34	42	8768	0	8926
8418	74	26	42	8875	0	9017
8419	64	8455	48	178	0	8745
8420	8357	125	38	75	0	8595
8421	161	50	33	7477	0	7721
8422	85	41	7284	170	0	7580
8423	72	23	139	7174	0	7408
8424	64	7070	78	157	0	7369
8425	7440	134	47	75	0	7696
8426	171	52	38	6502	0	6763
8427	90	40	32	6612	0	6774
8428	76	39	6382	193	0	6690
8429	74	25	141	6250	0	6490
8430	61	6299	64	174	0	6598
8431	59	128	52	6608	0	6847
8432	69	51	6767	176	0	7063
8433	6446	33	150	88	0	6717
8434	6963	48	76	55	0	7142
8435	222	6930	50	68	0	7270
8436	7198	151	39	51	0	7439
8437	7212	75	30	57	0	7374
8438	222	6992	45	62	0	7321
8439	132	170	29	7146	0	7477
8440	8422	63	36	179	0	8700
8441	203	8002	53	102	0	8360
8442	112	173	8104	71	0	8460
8443	7356	57	95	52	0	7560
8444	8076	42	57	40	0	8215
8445	8065	34	38	43	0	8180
8446	8152	22	27	38	0	8239
8447	182	7756	27	50	0	8015
8448	8262	95	19	48	0	8424
8449	8504	62	27	41	0	8634
8450	8525	42	19	50	0	8636
8451	198	28	29	8037	0	8292
8452	7160	14	23	120	0	7317
8453	139	9430	19	85	0	9673
8454	87	216	9613	33	0	9949
8455	71	61	208	9762	0	10102
8456	9964	44	60	242	0	10310
8457	251	34	9814	75	0	10174
8458	89	14	224	9887	0	10214
8459	74	46	9766	252	0	10138
8460	55	9471	243	92	0	9861
8461	50	228	67	10036	0	10381
8462	74	64	9707	245	0	10090
8463	54	9486	242	87	0	9869
8464	27	175	36	9566	0	9804
8465	10253	47	42	192	0	10534
8466	10206	48	29	49	0	10332
8467	10909	22	16	60	0	11007
8468	10922	16	17	22	0	10977
8469	10895	20	30	24	0	10969
8470	246	27	9541	47	0	9861
8471	9717	14	185	21	0	9937
8472	10061	21	39	23	0	10144
8473	232	22	31	9901	0	10186
8474	10032	14	37	199	0	10282
8475	8926	27	16	45	0	9014
8476	222	8620	34	59	0	8935
8477	115	181	28	8857	0	9181
8478	102	44	14	9135	0	9295
8479	8973	37	22	235	0	9267
8480	248	8649	32	88	0	9017
8481	109	9734	26	589	0	10458
8482	82	241	45	10627	0	10995
8483	66	67	15	10754	0	10902
8484	69	42	28	11149	0	11288
8485	74	26	30	11544	0	11674
8486	10695	44	12	347	0	11098
8487	10625	31	21	118	0	10795
8488	340	55	11315	87	0	11797
8489	134	28	229	10835	0	11226
8490	93	17	59	11416	0	11585
8491	104	35	11229	320	0	11688
8492	10703	36	245	118	0	11102
8493	285	11725	84	104	0	12198
8494	11928	247	55	61	0	12291
8495	314	77	27	11708	0	12126
8496	100	61	11568	319	0	12048
8497	107	21	238	11462	0	11828
8498	111	43	13762	317	0	14233
8499	87	13571	257	119	0	14034
8500	13906	226	76	93	0	14301
8501	14006	66	65	83	0	14220
8502	318	13547	56	80	0	14001
8503	123	245	52	13850	0	14270
8504	13921	75	48	260	0	14304
8505	281	13369	32	113	0	13795
8506	146	251	29	13860	0	14286
8507	13909	85	24	291	0	14309
8508	296	87	13187	116	0	13686
8509	12927	45	241	130	0	13343
8510	317	13128	91	90	0	13626
8511	13952	259	71	65	0	14347
8512	13894	78	44	80	0	14096
8513	354	73	13542	77	0	14046
8514	157	61	254	12665	0	13137
8515	122	55	57	13820	0	14054
8516	108	55	13417	316	0	13896
8517	100	65	241	12724	0	13130
8518	98	67	87	13158	0	13410
8519	13769	32	94	339	0	14234
8520	14528	34	63	183	0	14808
8521	393	38	60	14257	0	14748
8522	189	68	14874	341	0	15472
8523	153	32	287	14855	0	15327
8524	114	45	122	15383	0	15664
8525	115	56	15020	393	0	15584
8526	113	24	291	15067	0	15495
8527	15030	41	115	399	0	15585
8528	15151	46	101	184	0	15482
8529	395	15529	62	190	0	16176
8530	17540	290	57	126	0	18013
8531	17404	99	56	108	0	17667
8532	417	17061	44	126	0	17648
8533	18921	274	38	77	0	19310
8534	18786	82	44	79	0	18991
8535	18891	84	44	86	0	19105
8536	430	53	17827	89	0	18399
8537	17958	35	266	110	0	18369
8538	350	236	89	18331	0	19006
8539	18787	27	72	325	0	19211
8540	385	28	18032	117	0	18562
8541	150	17709	304	105	0	18268
8542	19019	270	99	76	0	19464
8543	341	19231	77	88	0	19737
8544	147	352	48	20261	0	20808
8545	135	125	49	22181	0	22490
8546	22040	93	36	503	0	22672
8547	21868	69	44	203	0	22184
8548	537	59	21213	145	0	21954
8549	219	93	19049	126	0	19487
8550	154	58	20296	112	0	20620
8551	122	37	477	20387	0	21023
8552	124	47	20998	431	0	21600
8553	65	26	17715	125	0	17931
8554	166	24	326	17596	0	18112
8555	19647	15	158	247	0	20067
8556	19281	15	92	121	0	19509
8557	19311	16	71	72	0	19470
8558	18930	15	52	47	0	19044
8559	381	28	36	19021	0	19466
8560	186	13	41	19942	0	20182
8561	109	38	21269	350	0	21766
8562	91	16	242	20780	0	21129
8563	84	28	108	21336	0	21556
8564	22222	5	67	385	0	22679
8565	21280	5	61	193	0	21539
8566	360	11	48	21428	0	21847
8567	21331	15	44	302	0	21692
8568	21059	16	50	166	0	21291
8569	374	18	54	20715	0	21161
8570	187	10	56	20895	0	21148
8571	130	33	19866	405	0	20434
8572	103	53	19191	197	0	19544
8573	106	10	326	20120	0	20562
8574	80	13	150	21103	0	21346
8575	103	19	20591	369	0	21082
8576	19933	13	263	197	0	20406
8577	20559	14	142	135	0	20850
8578	398	19	20369	93	0	20879
8579	205	19692	313	121	0	20331
8580	21927	194	125	95	0	22341
8581	311	113	22855	80	0	23359
8582	178	49	258	22160	0	22645
8583	119	29	140	23406	0	23694
8584	24249	11	83	303	0	24646
8585	24336	17	69	169	0	24591
8586	360	18	56	23568	0	24002
8587	208	14	56	24042	0	24320
8588	23355	16	69	354	0	23794
8589	22949	12	66	197	0	23224
8590	22534	11	62	136	0	22743
8591	407	28	23050	108	0	23593
8592	215	17	262	22836	0	23330
8593	150	9	127	23706	0	23992
8594	23904	4	68	416	0	24392
8595	324	22561	90	244	0	23219
8596	24779	218	63	124	0	25184
8597	461	23714	89	108	0	24372
8598	209	362	87	24631	0	25289
8599	120	143	68	26763	0	27094
8600	122	65	26251	731	0	27169
8601	102	36	514	26069	0	26721
8602	144	46	26166	683	0	27039
8603	118	38	566	26417	0	27139
8604	129	42	234	26663	0	27068
8605	140	24535	172	761	0	25608
8606	119	26683	118	428	0	27348
8607	115	637	80	27326	0	28158
8608	120	245	60	27935	0	28360
8609	100	124	88	27956	0	28268
8610	99	79	78	27794	0	28050
8611	82	65	89	29129	0	29365
8612	122	52	27744	985	0	28903
8613	100	53	541	27419	0	28113
8614	128	42	219	28732	0	29121
8615	116	75	27039	915	0	28145
8616	112	25815	589	538	0	27054
8617	92	522	247	28154	0	29015
8618	109	221	27411	763	0	28504
8619	84	27233	643	440	0	28400
8620	79	529	236	28787	0	29631
8621	29612	196	154	699	0	30661
8622	530	124	106	28889	0	29649
8623	226	89	84	28931	0	29330
8624	170	80	89	29512	0	29851
8625	121	88	77	29194	0	29480
8626	104	27090	93	931	0	28218
8627	83	481	83	29590	0	30237
8628	29659	200	76	870	0	30805
8629	519	138	98	28882	0	29637
8630	235	85	101	27905	0	28326
8631	148	77	83	28639	0	28947
8632	25835	65	100	1022	0	27022
8633	25619	64	68	597	0	26348
8634	708	90	93	26233	0	27124
8635	25753	97	78	829	0	26757
8636	25519	85	78	511	0	26193
8637	697	25162	102	433	0	26394
8638	25862	526	75	374	0	26837
8639	612	24972	117	372	0	26073
8640	239	23896	105	337	0	24577
8641	187	629	71	24767	0	25654
8642	161	277	23588	752	0	24778
8643	126	904	427	21410	0	22867
8644	82	119	177	22099	0	22477
8645	97	20378	118	671	0	21264
8646	21046	426	74	396	0	21942
8647	411	183	99	21111	0	21804
8648	199	174	22842	621	0	23836
8649	120	114	379	22897	0	23510
8650	118	22760	164	603	0	23645
8651	23736	436	90	367	0	24629
8652	427	190	72	23877	0	24566
8653	218	159	22970	662	0	24009
8654	150	99	388	23015	0	23652
8655	125	21696	160	675	0	22656
8656	112	423	96	23254	0	23885
8657	23229	194	103	683	0	24209
8658	24435	184	78	439	0	25136
8659	25305	116	95	415	0	25931
8660	631	24005	118	304	0	25058
8661	23292	477	85	322	0	24176
8662	587	210	85	23218	0	24100
8663	22994	144	105	695	0	23938
8664	577	22487	83	453	0	23600
8665	274	513	91	23416	0	24294
8666	214	264	22820	729	0	24027
8667	21013	196	444	444	0	22097
8668	529	23175	171	360	0	24235
8669	225	559	109	24018	0	24911
8670	205	243	91	24442	0	24981
8671	146	182	85	23916	0	24329
8672	141	147	90	23132	0	23510
8673	138	22481	102	875	0	23596
8674	23715	498	75	542	0	24830
8675	23641	236	100	384	0	24361
8676	684	196	24276	372	0	25528
8677	336	166	447	24565	0	25514
8678	274	155	24468	692	0	25589
8679	23423	179	1132	426	0	25160
8680	24714	146	220	354	0	25434
8681	22075	125	154	344	0	22698
8682	722	166	100	20618	0	21606
8683	385	20108	101	675	0	21269
8684	21579	475	75	382	0	22511
8685	563	218	76	21568	0	22425
8686	21666	167	80	685	0	22598
8687	626	177	20328	407	0	21538
8688	343	156	20103	329	0	20931
8689	22148	150	471	262	0	23031
8690	621	115	211	22311	0	23258
8691	21200	100	124	617	0	22041
8692	608	20351	111	400	0	21470
8693	20974	457	84	281	0	21796
8694	20992	196	86	324	0	21598
8695	730	187	19854	243	0	21014
8696	355	154	18378	194	0	19081
8697	258	18552	401	217	0	19428
8698	575	220	543	16881	0	18219
8699	16205	73	53	216	0	16547
8700	204	57	49	15133	0	15443
8701	133	58	45	16101	0	16337
8702	131	74	15371	213	0	15789
8703	14835	62	138	115	0	15150
8704	214	64	63	16142	0	16483
8705	152	90	15713	197	0	16152
8706	135	102	15218	123	0	15578
8707	116	65	128	16018	0	16327
8708	131	94	15973	145	0	16343
8709	133	81	15609	120	0	15943
8710	127	75	168	14995	0	15365
8711	87	38	17054	124	0	17303
8712	83	51	97	16560	0	16791
8713	57	15698	77	146	0	15978
8714	17155	96	44	99	0	17394
8715	120	16153	60	101	0	16434
8716	84	114	34	16866	0	17098
8717	57	17372	59	138	0	17626
8718	65	142	17320	106	0	17633
8719	97	67	214	21896	0	22274
8720	102	71	26917	733	0	27823
8721	26429	46	918	316	0	27709
8722	1109	29642	447	153	0	31351
8723	30536	1219	213	108	0	32076
8724	1397	458	118	29780	0	31753
8725	30657	253	121	1214	0	32245
8726	1544	164	28552	498	0	30758
8727	650	29254	1184	285	0	31373
8728	29675	1267	459	185	0	31586
8729	1434	525	278	26712	0	28949
8730	624	29550	173	1096	0	31443
8731	395	1349	147	30837	0	32728
8732	29647	552	181	1470	0	31850
8733	1367	33265	149	656	0	35437
8734	34456	1665	108	380	0	36609
8735	1877	741	33026	250	0	35894
8736	33919	426	1597	216	0	36158
8737	2070	248	613	33991	0	36922
8738	33473	216	373	1703	0	35765
8739	1930	33266	256	703	0	36155
8740	863	1662	209	34355	0	37089
8741	557	671	169	36291	0	37688
8742	380	438	32840	2385	0	36043
8743	351	252	1589	33510	0	35702
8744	294	246	644	35337	0	36521
8745	296	246	308	36782	0	37632
8746	284	188	207	37627	0	38306
8747	289	167	33849	2825	0	37130
8748	247	31540	1729	1273	0	34789
8749	248	1764	681	34118	0	36811
8750	33357	697	392	2179	0	36625
8751	34035	391	287	1058	0	35771
8752	2366	33122	247	771	0	36506
8753	34708	1896	275	543	0	37422
8754	35302	762	239	537	0	36840
8755	35218	474	216	529	0	36437
8756	2791	33457	231	523	0	37002
8757	34396	1943	206	496	0	37041
8758	2361	794	212	32210	0	35577
8759	1057	507	29808	2069	0	33441
8760	720	29994	1689	1003	0	33406
8761	525	1887	631	31835	0	34878
8762	515	841	29892	2187	0	33435
8763	30059	514	1813	1018	0	33404
8764	2098	367	748	30987	0	34200
8765	1010	383	458	32559	0	34410
8766	771	352	271	32236	0	33630
8767	602	350	218	33193	0	34363
8768	608	320	28948	2934	0	32810
8769	27527	307	1745	1434	0	31013
8770	2066	29272	740	953	0	33031
8771	30259	1906	485	629	0	33279
8772	2263	30270	325	645	0	33503
8773	30855	2210	311	621	0	33997
8774	2427	909	308	30037	0	33681
8775	1157	636	30438	2275	0	34506
8776	832	494	30547	1184	0	33057
8777	621	409	2939	30115	0	34084
8778	568	421	1024	32504	0	34517
8779	579	373	601	33628	0	35181
8780	31415	290	463	3109	0	35277
8781	2220	387	30019	1590	0	34216
8782	1128	340	1902	28365	0	31735
8783	817	30230	827	2248	0	34122
8784	30822	2045	522	1235	0	34624
8785	2340	916	29554	917	0	33727
8786	1210	29016	2020	803	0	33049
8787	899	2048	30127	702	0	33776
8788	701	969	2155	30595	0	34420
8789	675	670	29702	2420	0	33467
8790	667	500	30537	1311	0	33015
8791	597	453	2598	30406	0	34054
8792	633	420	29827	2509	0	33389
8793	609	431	30698	1372	0	33110
8794	577	363	2659	29979	0	33578
8795	29840	391	1266	2632	0	34129
8796	2288	412	28107	2093	0	32900
8797	1102	437	2218	28750	0	32507
8798	796	414	1170	30756	0	33136
8799	29032	420	823	3015	0	33290
8800	2269	408	616	30536	0	33829
8801	28729	359	648	2801	0	32537
8802	2412	27902	603	1567	0	32484
8803	1190	1966	560	29420	0	33136
8804	28572	851	608	2694	0	32725
8805	29732	550	607	1506	0	32395
8806	2824	417	530	28172	0	31943
8807	1396	397	26003	2688	0	30484
8808	25776	394	2086	1432	0	29688
8809	2274	27481	961	1256	0	31972
8810	27316	1957	703	1073	0	31049
8811	28630	873	569	989	0	31061
8812	29295	539	525	975	0	31334
8813	3149	425	25978	869	0	30421
8814	1587	27506	2013	889	0	31995
8815	1105	2242	926	27665	0	31938
8816	936	1443	692	29634	0	32705
8817	913	626	26112	2872	0	30523
8818	722	25376	1928	1561	0	29587
8819	553	20112	699	824	0	22188
8820	426	15886	768	469	0	17549
8821	14721	1638	878	429	0	17666
8822	830	332	201	12580	0	13943
8823	427	209	178	13334	0	14148
8824	322	153	12199	1011	0	13685
8825	11834	210	656	514	0	13214
8826	804	165	315	12686	0	13970
8827	463	134	216	13276	0	14089
8828	335	136	12226	1003	0	13700
8829	286	11831	698	493	0	13308
8830	250	657	298	11537	0	12742
8831	1188	292	10067	848	0	12395
8832	273	10281	468	478	0	11500
8833	8166	308	101	168	0	8743
8834	347	98	9366	153	0	9964
8835	89	61	167	8178	0	8495
8836	77	8346	60	183	0	8666
8837	8718	200	48	86	0	9052
8838	227	74	34	8638	0	8973
8839	9965	48	34	226	0	10273
8840	9889	34	41	103	0	10067
8841	245	9396	42	70	0	9753
8842	9938	203	50	57	0	10248
8843	10633	61	37	85	0	10816
8844	243	63	11752	79	0	12137
8845	10712	12	48	23	0	10795
8846	79	23	10760	21	0	10883
8847	10848	12	60	19	0	10939
8848	11135	10	27	15	0	11187
8849	72	11	10218	13	0	10314
8850	25	9	53	9930	0	10017
8851	22	18	10930	50	0	11020
8852	18	24	10220	42	0	10304
8853	9	16	10111	2	0	10138
8854	3	6	8	10062	0	10079
8855	2	1	1	11347	0	11351
8856	3	2	0	11477	0	11482
8857	2	3	1	12839	0	12845
8858	6	7	14184	98	0	14295
8859	13	15	95	13844	0	13967
8860	3	14406	46	126	0	14581
8861	16	112	14969	47	0	15144
8862	3	51	116	14281	0	14451
8863	18	18	15213	122	0	15371
8864	1	14442	146	72	0	14661
8865	3	16046	62	24	0	16135
8866	1	218	20	16725	0	16964
8867	11	106	16471	187	0	16775
8868	7	43	15954	108	0	16112
8869	1	16	275	16031	0	16323
8870	2	24	125	15850	0	16001
8871	0	11	40	16757	0	16808
8872	15	21	16167	298	0	16501
8873	0	15506	214	149	0	15869
8874	0	16252	117	75	0	16444
8875	2	267	39	15023	0	15331
8876	9	126	14748	206	0	15089
8877	10	61	13238	111	0	13420
8878	2	14095	275	62	0	14434
8879	15246	202	127	30	0	15605
8880	151	14605	79	51	0	14886
8881	82	217	17166	29	0	17494
8882	17114	107	310	24	0	17555
8883	304	55	164	18366	0	18889
8884	18372	24	59	357	0	18812
8885	368	30	41	18312	0	18751
8886	187	24	29	18706	0	18946
8887	18287	22	23	544	0	18876
8888	371	18009	31	283	0	18694
8889	209	369	17812	94	0	18484
8890	65	18610	339	72	0	19086
8891	18671	412	175	56	0	19314
8892	369	18661	72	60	0	19162
8893	20351	429	49	42	0	20871
8894	20213	221	46	40	0	20520
8895	537	20383	37	43	0	21000
8896	239	394	31	21131	0	21795
8897	20958	226	38	388	0	21610
8898	21146	77	28	226	0	21477
8899	565	57	34	20866	0	21522
8900	264	56	20081	417	0	20818
8901	115	56	19795	261	0	20227
8902	78	51	533	20319	0	20981
8903	74	61	20163	440	0	20738
8904	18883	61	449	252	0	19645
8905	384	19249	278	119	0	20030
8906	206	376	100	20105	0	20787
8907	90	201	75	20721	0	21087
8908	56	100	67	20513	0	20736
8909	69	78	60	19730	0	19937
8910	66	81	45	20340	0	20532
8911	60	100	19001	679	0	19840
8912	48	18702	407	365	0	19522
8913	19693	390	246	174	0	20503
8914	413	221	122	18606	0	19362
8915	230	111	77	18909	0	19327
8916	124	70	92	19111	0	19397
8917	78	18292	79	677	0	19126
8918	68	416	80	19097	0	19661
8919	73	255	76	19278	0	19682
8920	18578	126	69	678	0	19451
8921	402	17636	81	400	0	18519
8922	219	18176	113	243	0	18751
8923	113	547	102	18708	0	19470
8924	19422	303	82	533	0	20340
8925	443	166	19240	349	0	20198
8926	18307	119	423	212	0	19061
8927	484	157	20145	151	0	20937
8928	282	118	464	21067	0	21931
8929	156	119	251	22063	0	22589
8930	103	105	140	22399	0	22747
8931	108	85	101	22187	0	22481
8932	90	97	127	23788	0	24102
8933	23300	101	106	777	0	24284
8934	474	120	21559	432	0	22585
8935	280	98	435	23051	0	23864
8936	181	106	23515	581	0	24383
8937	117	25517	546	425	0	26605
8938	26628	492	278	256	0	27654
8939	573	282	27051	230	0	28136
8940	283	152	626	27037	0	28098
8941	158	115	310	28447	0	29030
8942	157	145	28246	917	0	29465
8943	166	141	28394	399	0	29100
8944	141	138	810	26453	0	27542
8945	27494	96	321	804	0	28715
8946	27506	83	166	420	0	28175
8947	832	26682	138	297	0	27949
8948	27840	616	114	245	0	28815
8949	789	278	111	26896	0	28074
8950	360	29546	129	738	0	30773
8951	217	626	87	30545	0	31475
8952	186	341	29352	835	0	30714
8953	191	142	612	28982	0	29927
8954	134	149	272	31113	0	31668
8955	30100	98	168	1003	0	31369
8956	719	29353	138	513	0	30723
8957	28325	613	120	210	0	29268
8958	635	28704	109	208	0	29656
8959	27765	608	92	148	0	28613
8960	631	27667	99	183	0	28580
8961	259	28285	93	207	0	28844
8962	28830	691	101	168	0	29790
8963	1545	272	104	26393	0	28314
8964	314	28251	99	554	0	29218
8965	28093	479	74	203	0	28849
8966	27492	164	61	137	0	27854
8967	28138	91	52	148	0	28429
8968	28035	74	78	118	0	28305
8969	612	27778	77	159	0	28626
8970	227	468	60	30002	0	30757
8971	140	172	70	30729	0	31111
8972	31750	109	51	669	0	32579
8973	532	89	76	31435	0	32132
8974	31719	98	65	622	0	32504
8975	583	99	30454	282	0	31418
8976	29579	89	437	213	0	30318
8977	596	108	31183	172	0	32059
8978	249	90	467	31594	0	32400
8979	31633	116	169	691	0	32609
8980	688	30310	112	268	0	31378
8981	29184	477	38	99	0	29798
8982	499	27511	74	104	0	28188
8983	125	455	31	29114	0	29725
8984	105	122	28310	464	0	29001
8985	25609	88	403	123	0	26223
8986	445	28116	100	87	0	28748
8987	124	417	42	28912	0	29495
8988	99	86	36	29110	0	29331
8989	97	64	28	28824	0	29013
8990	120	96	28292	477	0	28985
8991	94	27322	345	144	0	27905
8992	28961	424	51	88	0	29524
8993	27795	79	41	100	0	28015
8994	461	27112	57	103	0	27733
8995	30024	448	42	82	0	30596
8996	492	92	44	29395	0	30023
8997	136	28294	74	457	0	28961
8998	29736	424	46	112	0	30318
8999	497	119	28135	124	0	28875
9000	153	27250	410	109	0	27922
9001	131	439	74	29283	0	29927
9002	131	114	37	30056	0	30338
9003	145	100	29061	482	0	29788
9004	117	112	400	27333	0	27962
9005	122	89	28906	496	0	29613
9006	118	80	391	28286	0	28875
9007	105	91	84	29249	0	29529
9008	120	86	62	29342	0	29610
9009	110	81	54	29395	0	29640
9010	139	83	28010	520	0	28752
9011	132	124	27124	162	0	27542
9012	108	27588	472	156	0	28324
9013	124	525	80	32853	0	33582
9014	168	163	31788	652	0	32771
9015	129	29951	605	261	0	30946
9016	114	659	138	34625	0	35536
9017	125	210	34298	714	0	35347
9018	31437	134	679	276	0	32526
9019	37340	86	168	186	0	37780
9020	961	113	109	36607	0	37790
9021	351	97	36258	894	0	37600
9022	213	123	774	36113	0	37223
9023	36666	95	238	1005	0	38004
9024	835	34323	210	345	0	35713
9025	36853	847	98	246	0	38044
9026	37331	253	93	194	0	37871
9027	1061	180	83	35268	0	36592
9028	389	126	86	35201	0	35802
9029	272	98	96	35492	0	35958
9030	159	106	97	35287	0	35649
9031	175	119	86	35393	0	35773
9032	32993	59	68	1188	0	34308
9033	33364	52	88	438	0	33942
9034	33683	73	71	296	0	34123
9035	1129	84	30875	220	0	32308
9036	30248	43	677	202	0	31170
9037	890	80	198	28771	0	29939
9038	320	88	27551	926	0	28885
9039	222	25375	664	358	0	26619
9040	146	611	212	26518	0	27487
9041	152	186	151	26271	0	26760
9042	132	25550	117	824	0	26623
9043	143	620	101	27336	0	28200
9044	160	208	26108	869	0	27345
9045	156	157	26461	388	0	27162
9046	138	83	839	28060	0	29120
9047	27825	80	350	889	0	29144
9048	27599	83	219	395	0	28296
9049	998	121	26900	303	0	28322
9050	476	22363	730	941	0	24510
9051	278	24933	321	265	0	25797
9052	24409	838	206	270	0	25723
9053	845	353	24524	287	0	26009
9054	342	209	673	24222	0	25446
9055	24568	132	266	856	0	25822
9056	781	23118	209	492	0	24600
9057	411	24258	141	365	0	25175
9058	22576	831	106	261	0	23774
9059	841	366	104	22569	0	23880
9060	24181	184	120	855	0	25340
9061	1042	115	114	32252	0	33523
9062	504	116	99	34690	0	35409
9063	428	128	32490	1335	0	34381
9064	280	140	827	35180	0	36427
9065	266	112	406	37467	0	38251
9066	36335	108	307	1615	0	38365
9067	1141	137	158	37193	0	38629
9068	565	148	34699	1559	0	36971
9069	34592	120	1058	795	0	36565
9070	1137	101	487	34839	0	36564
9071	35459	84	363	1420	0	37326
9072	1447	32030	241	820	0	34538
9073	673	34654	243	651	0	36221
9074	34749	1456	235	444	0	36884
9075	35064	714	232	442	0	36452
9076	1769	405	190	34481	0	36845
9077	984	264	32838	1437	0	35523
9078	568	212	1100	33753	0	35633
9079	32325	187	542	1485	0	34539
9080	1282	32110	395	801	0	34588
9081	764	1121	209	33367	0	35461
9082	33660	625	222	1381	0	35888
9083	1338	492	31578	890	0	34298
9084	31992	244	1138	731	0	34105
9085	32851	220	582	615	0	34268
9086	1766	193	32790	647	0	35396
9087	1171	222	32521	532	0	34446
9088	726	190	1547	31369	0	33832
9089	586	187	907	31937	0	33617
9090	599	32978	514	1769	0	35860
9091	515	1146	306	34712	0	36679
9092	569	586	33195	1827	0	36177
9093	475	497	1322	34072	0	36366
9094	542	284	652	36840	0	38318
9095	606	237	31602	2166	0	34611
9096	554	31789	1365	1405	0	35113
9097	442	1251	784	32976	0	35453
9098	468	609	586	34577	0	36240
9099	33237	447	343	2304	0	36331
9100	1631	337	337	35012	0	37317
9101	954	339	32565	2084	0	35942
9102	33206	283	1373	1182	0	36044
9103	35130	309	700	978	0	37117
9104	35789	296	599	700	0	37384
9105	2444	317	32632	683	0	36076
9106	1355	291	1436	33270	0	36352
9107	881	243	938	34735	0	36797
9108	637	181	721	36033	0	37572
9109	33132	208	422	2559	0	36321
9110	1605	33214	474	1641	0	36934
9111	992	1330	31369	1161	0	34852
9112	818	31800	1354	1014	0	34986
9113	557	29505	837	822	0	31721
9114	628	30341	613	846	0	32428
9115	1511	1681	542	29355	0	33089
9116	533	838	26781	1529	0	29681
9117	24867	578	1288	1085	0	27818
9118	1202	26874	752	1017	0	29845
9119	24857	955	484	716	0	27012
9120	1253	26364	338	695	0	28650
9121	26428	1179	361	743	0	28711
9122	1399	26060	401	627	0	28487
9123	938	1329	25613	585	0	28465
9124	785	697	1055	26287	0	28824
9125	636	514	631	27899	0	29680
9126	27150	321	549	1748	0	29768
9127	1408	291	379	32085	0	34163
9128	826	359	30137	2001	0	33323
9129	784	256	1366	31940	0	34346
9130	616	371	30014	2071	0	33072
9131	535	30173	1636	1118	0	33462
9132	539	1403	777	28290	0	31009
9133	516	31018	655	1562	0	33751
9134	31101	1719	437	877	0	34134
9135	1568	822	470	31657	0	34517
9136	897	603	30514	1813	0	33827
9137	740	458	30665	981	0	32844
9138	30526	411	1845	952	0	33734
9139	1570	456	956	30744	0	33726
9140	881	483	30242	1723	0	33329
9141	681	588	29142	951	0	31362
9142	530	29772	1841	822	0	32965
9143	453	1510	977	25735	0	28675
9144	467	28399	695	1539	0	31100
9145	382	1585	537	29086	0	31590
9146	27791	688	574	1871	0	30924
9147	1492	551	509	28391	0	30943
9148	709	407	439	31316	0	32871
9149	29548	351	473	2206	0	32578
9150	1538	399	432	30307	0	32676
9151	804	392	452	29159	0	30807
9152	658	31117	435	2081	0	34291
9153	31775	1378	386	1280	0	34819
9154	32483	806	361	897	0	34547
9155	1881	607	411	32050	0	34949
9156	989	415	399	33005	0	34808
9157	718	396	457	32654	0	34225
9158	597	29379	443	2370	0	32789
9159	591	31886	416	1460	0	34353
9160	418	1466	477	31171	0	33532
9161	21292	500	225	1340	0	23357
9162	20341	287	161	609	0	21398
9163	1254	20087	164	503	0	22008
9164	17351	928	149	280	0	18708
9165	900	16663	127	280	0	17970
9166	315	17233	129	268	0	17945
9167	243	1028	100	17325	0	18696
9168	16700	409	102	981	0	18192
9169	878	15994	139	430	0	17441
9170	354	17642	144	338	0	18478
9171	212	754	66	16079	0	17111
9172	151	296	53	16865	0	17365
9173	184	228	15562	865	0	16839
9174	15341	172	629	382	0	16524
9175	16306	185	165	291	0	16947
9176	808	163	15852	256	0	17079
9177	307	162	15769	250	0	16488
9178	238	152	695	17084	0	18169
9179	179	128	224	17641	0	18172
9180	188	17009	163	1031	0	18391
9181	140	843	93	17819	0	18895
9182	160	275	17594	1059	0	19088
9183	183	232	722	18186	0	19323
9184	144	157	206	19220	0	19727
9185	18494	180	177	1075	0	19926
9186	895	169	16827	553	0	18444
9187	17031	171	852	392	0	18446
9188	966	173	16931	384	0	18454
9189	247	168	853	16344	0	17612
9190	255	195	15925	931	0	17306
9191	206	179	16004	447	0	16836
9192	179	240	838	16017	0	17274
9193	14921	924	393	976	0	17214
9194	14423	152	306	414	0	15295
9195	725	15956	271	367	0	17319
9196	16599	694	222	316	0	17831
9197	16439	276	211	279	0	17205
9198	808	16080	225	304	0	17417
9199	364	691	256	16449	0	17760
9200	258	242	286	16261	0	17047
9201	191	252	221	15938	0	16602
9202	205	173	197	16359	0	16934
9203	215	250	15000	1022	0	16487
9204	14280	153	674	581	0	15688
9205	770	130	287	15762	0	16949
9206	299	186	262	15651	0	16398
9207	297	15809	159	996	0	17261
9208	298	677	118	17061	0	18154
9209	211	269	15790	1070	0	17340
9210	15741	251	634	547	0	17173
9211	847	168	16620	540	0	18175
9212	358	177	694	17285	0	18514
9213	18319	176	198	1017	0	19710
9214	788	18054	204	589	0	19635
9215	390	714	120	19321	0	20545
9216	360	314	18540	1002	0	20216
9217	262	315	664	18964	0	20205
9218	18919	231	199	1065	0	20414
9219	910	227	18242	503	0	19882
9220	330	200	17004	479	0	18013
9221	307	17221	733	377	0	18638
9222	17121	749	275	315	0	18460
9223	727	16850	200	331	0	18108
9224	323	860	16692	312	0	18187
9225	270	296	15863	264	0	16693
9226	259	15986	651	295	0	17191
9227	11597	264	193	87	0	12141
9228	259	11773	123	98	0	12253
9229	136	288	82	11685	0	12191
9230	102	115	98	12202	0	12517
9231	81	83	11958	352	0	12474
9232	56	66	315	11640	0	12077
9233	71	48	11950	377	0	12446
9234	11242	80	329	158	0	11809
9235	11859	65	137	162	0	12223
9236	12173	54	129	109	0	12465
9237	384	75	11626	111	0	12196
9238	11629	62	284	137	0	12112
9239	359	81	143	11257	0	11840
9240	124	11464	156	324	0	12068
9241	11974	248	130	176	0	12528
9242	288	121	11818	116	0	12343
9243	11517	73	306	157	0	12053
9244	12136	63	186	109	0	12494
9245	395	50	11673	110	0	12228
9246	194	11857	335	132	0	12518
9247	171	286	142	12652	0	13251
9248	56	77	10644	250	0	11027
9249	59	91	10600	81	0	10831
9250	72	30	270	10478	0	10850
9251	70	54	11681	245	0	12050
9252	79	42	258	9373	0	9752
9253	56	43	118	9265	0	9482
9254	59	63	83	10004	0	10209
9255	79	32	9678	312	0	10101
9256	56	53	240	9575	0	9924
9257	74	29	9759	274	0	10136
9258	45	40	266	9770	0	10121
9259	10903	37	120	275	0	11335
9260	240	36	85	11029	0	11390
9261	113	10850	101	242	0	11306
9262	90	217	64	11393	0	11764
9263	11161	71	89	289	0	11610
9264	246	10812	84	136	0	11278
9265	101	231	81	11294	0	11707
9266	11320	86	96	260	0	11762
9267	265	68	10847	124	0	11304
9268	124	58	231	10695	0	11108
9269	114	49	10946	266	0	11375
9270	69	46	10236	137	0	10488
9271	76	61	297	10138	0	10572
9272	10737	56	144	275	0	11212
9273	251	83	10144	136	0	10614
9274	10207	65	267	111	0	10650
9275	287	47	137	10505	0	10976
9276	123	50	10409	281	0	10863
9277	120	67	9985	145	0	10317
9278	60	45	8874	98	0	9077
9279	55	44	172	8436	0	8707
9280	9252	39	113	164	0	9568
9281	115	8781	115	118	0	9129
9282	90	100	83	8210	0	8483
9283	72	46	91	8403	0	8612
9284	8374	46	86	164	0	8670
9285	8218	27	98	105	0	8448
9286	146	7980	90	97	0	8313
9287	8416	108	63	87	0	8674
9288	8368	48	76	55	0	8547
9289	144	68	78	8250	0	8540
9290	87	60	8109	148	0	8404
9291	7956	43	120	108	0	8227
9292	159	49	94	8238	0	8540
9293	89	47	78	8268	0	8482
9294	8450	44	66	152	0	8712
9295	151	31	82	6760	0	7024
9296	99	40	71	6912	0	7122
9297	6799	43	65	188	0	7095
9298	109	7043	101	129	0	7382
9299	7410	88	85	114	0	7697
9300	164	37	7063	104	0	7368
9301	6966	30	154	95	0	7245
9302	163	30	102	7081	0	7376
9303	107	6978	89	151	0	7325
9304	86	95	58	7410	0	7649
9305	87	38	73	7329	0	7527
9306	69	47	86	7347	0	7549
9307	6816	30	70	165	0	7081
9308	110	5876	57	131	0	6174
9309	84	5953	69	84	0	6190
9310	5555	37	9	15	0	5616
9311	37	16	5155	16	0	5224
9312	15	25	4809	14	0	4863
9313	4739	8	41	14	0	4802
9314	50	13	4813	12	0	4888
9315	3	3	6	4319	0	4331
9316	10	9	4	4289	0	4312
9317	8	0	1	4480	0	4489
9318	4	4	9	4438	0	4455
9319	0	4219	13	11	0	4243
9320	6	3	6	4610	0	4625
9321	4	7	4452	9	0	4472
9322	6	0	6	4356	0	4368
9323	7	12	4366	11	0	4396
9324	8	10	4186	9	0	4213
9325	4	1	4	4402	0	4411
9326	8	7	5247	8	0	5270
9327	4	1	87	5093	0	5185
9328	5222	3	15	92	0	5332
9329	103	2	5154	15	0	5274
9330	4756	3	87	9	0	4855
9331	88	1	14	5193	0	5296
9332	22	3	5573	96	0	5694
9333	6	5431	86	26	0	5549
9334	6	87	14	5666	0	5773
9335	178	17	5698	100	0	5993
9336	18	6	80	5704	0	5808
9337	6033	4	14	96	0	6147
9338	5924	3	12	23	0	5962
9339	5902	0	9	12	0	5923
9340	104	10	2	7114	0	7230
9341	20	3	10	7274	0	7307
9342	12	2	13	7143	0	7170
9343	8314	2	3	168	0	8487
9344	242	8379	14	42	0	8677
9345	86	255	3	8715	0	9059
9346	33	78	2	8578	0	8691
9347	8213	31	10	352	0	8606
9348	243	8451	8	140	0	8842
9349	91	270	5	8881	0	9247
9350	8767	95	6	306	0	9174
9351	8010	39	10	108	0	8167
9352	374	16	5	7931	0	8326
9353	7970	15	8	323	0	8316
9354	333	11	8	8019	0	8371
9355	121	19	7958	354	0	8452
9356	69	16	270	8205	0	8560
9357	41	19	82	8503	0	8645
9358	26	6	30	8752	0	8814
9359	7161	12	14	440	0	7627
9360	292	6915	14	158	0	7379
9361	6765	298	9	110	0	7182
9362	326	7172	14	66	0	7578
9363	113	7519	11	69	0	7712
9364	7239	374	12	58	0	7683
9365	314	7841	9	52	0	8216
9366	130	342	4	7974	0	8450
9367	7889	110	13	342	0	8354
9368	8018	56	9	150	0	8233
9369	398	38	7	7944	0	8387
9370	165	20	8	7846	0	8039
9371	86	8737	20	401	0	9244
9372	9180	308	15	184	0	9687
9373	8596	108	14	116	0	8834
9374	355	9667	13	82	0	10117
9375	137	10203	10	94	0	10444
9376	95	496	4	10379	0	10974
9377	10064	189	8	426	0	10687
9378	411	107	8	10104	0	10630
9379	154	51	7	10699	0	10911
9380	126	70	9830	551	0	10577
9381	76	66	9882	224	0	10248
9382	68	40	453	10085	0	10646
9383	89	65	9706	495	0	10355
9384	83	9710	424	213	0	10430
9385	80	410	122	11350	0	11962
9386	80	159	63	11758	0	12060
9387	69	119	32	11942	0	12162
9388	78	89	11159	668	0	11994
9389	96	87	10781	252	0	11216
9390	10769	80	472	188	0	11509
9391	455	11016	150	182	0	11803
9392	11629	450	82	123	0	12284
9393	510	173	52	11452	0	12187
9394	11634	92	46	555	0	12327
9395	532	70	59	10980	0	11641
9396	186	11205	54	568	0	12013
9397	11566	434	61	242	0	12303
9398	507	191	10374	192	0	11264
9399	180	10442	402	203	0	11227
9400	10936	452	142	189	0	11719
9401	501	175	90	10598	0	11364
9402	192	10204	64	534	0	10994
9403	174	454	42	11547	0	12217
9404	11321	194	50	600	0	12165
9405	532	156	44	11470	0	12202
9406	11554	99	34	624	0	12311
9407	613	121	10862	289	0	11885
9408	251	141	426	11223	0	12041
9409	11343	84	142	678	0	12247
9410	591	106	10682	332	0	11711
9411	256	10598	450	271	0	11575
9412	228	487	144	11187	0	12046
9413	201	231	10087	601	0	11120
9414	159	205	10845	332	0	11541
9415	162	129	560	10887	0	11738
9416	187	131	10866	618	0	11802
9417	153	162	10817	342	0	11474
9418	194	138	565	10815	0	11712
9419	11127	110	232	657	0	12126
9420	565	118	125	11144	0	11952
9421	306	79	87	11616	0	12088
9422	214	91	10715	765	0	11785
9423	185	124	495	13987	0	14791
9424	13935	91	200	743	0	14969
9425	543	147	13308	341	0	14339
9426	217	12360	406	284	0	13267
9427	208	418	179	13229	0	14034
9428	13244	225	149	493	0	14111
9429	450	170	103	12624	0	13347
9430	243	12665	98	529	0	13535
9431	205	419	12506	258	0	13388
9432	129	229	395	13882	0	14635
9433	14182	160	181	544	0	15067
9434	478	115	13724	297	0	14614
9435	258	123	389	15301	0	16071
9436	15564	80	183	635	0	16462
9437	15800	83	156	358	0	16397
9438	705	15465	109	307	0	16586
9439	15853	548	91	274	0	16766
9440	583	218	74	14468	0	15343
9441	256	126	13978	602	0	14962
9442	188	13666	482	307	0	14643
9443	75	12810	136	147	0	13168
9444	71	425	87	12804	0	13387
9445	64	147	74	12945	0	13230
9446	56	89	12149	467	0	12761
9447	64	11579	350	217	0	12210
9448	40	11839	155	138	0	12172
9449	76	364	92	12165	0	12697
9450	12139	139	66	341	0	12685
9451	293	12056	66	179	0	12594
9452	149	309	38	12812	0	13308
9453	14334	106	51	389	0	14880
9454	327	92	33	14237	0	14689
9455	141	59	58	14004	0	14262
9456	84	58	49	14280	0	14471
9457	72	59	47	14323	0	14501
9458	13977	50	50	489	0	14566
9459	324	67	55	14079	0	14525
9460	137	59	13335	416	0	13947
9461	12923	62	311	213	0	13509
9462	326	52	12592	126	0	13096
9463	139	53	13838	103	0	14133
9464	78	50	345	13746	0	14219
9465	68	41	126	14006	0	14241
9466	63	33	73	14415	0	14584
9467	14237	30	55	434	0	14756
9468	326	37	13825	212	0	14400
9469	13790	36	284	124	0	14234
9470	14501	22	114	125	0	14762
9471	428	56	14117	91	0	14692
9472	13618	39	295	91	0	14043
9473	353	58	15450	113	0	15974
9474	117	14026	196	58	0	14397
9475	52	157	92	14937	0	15238
9476	47	73	53	15076	0	15249
9477	49	38	49	14824	0	14960
9478	34	37	34	14790	0	14895
9479	42	30	14805	276	0	15153
9480	43	31	14377	151	0	14602
9481	19	19	237	15011	0	15286
9482	36	23	15427	230	0	15716
9483	14220	32	189	140	0	14581
9484	15517	21	105	78	0	15721
9485	256	22	40	14336	0	14654
9486	14554	21	43	209	0	14827
9487	216	14020	49	130	0	14415
9488	14664	172	37	69	0	14942
9489	215	87	14178	64	0	14544
9490	105	37	170	14116	0	14428
9491	54	13806	98	218	0	14176
9492	14806	169	43	119	0	15137
9493	207	78	35	15809	0	16129
9494	120	38	15543	320	0	16021
9495	56	30	263	15423	0	15772
9496	15722	23	136	327	0	16208
9497	297	34	17106	167	0	17604
9498	151	33	279	16758	0	17221
9499	89	26	120	18243	0	18478
9500	87	46	17766	452	0	18351
9501	83	16580	323	262	0	17248
9502	81	17389	214	140	0	17824
9503	52	595	60	18973	0	19680
9504	66	177	43	18930	0	19216
9505	42	74	59	19421	0	19596
9506	18922	50	44	690	0	19706
9507	18934	56	47	238	0	19275
9508	616	37	49	18888	0	19590
9509	19052	51	43	571	0	19717
9510	501	19528	61	222	0	20312
9511	149	486	32	22078	0	22745
9512	76	158	27	22272	0	22533
9513	57	66	33	22676	0	22832
9514	21290	57	31	728	0	22106
9515	486	20396	60	279	0	21221
9516	167	481	35	21678	0	22361
9517	21499	152	34	610	0	22295
9518	520	67	45	21357	0	21989
9519	198	38	33	21387	0	21656
9520	94	19668	53	716	0	20531
9521	86	20927	39	298	0	21350
9522	81	600	31	21452	0	22164
9523	72	190	43	19432	0	19737
9524	18838	55	50	748	0	19691
9525	541	48	43	18950	0	19582
9526	190	60	18394	646	0	19290
9527	96	55	501	18325	0	18977
9528	83	17709	164	759	0	18715
9529	18790	470	76	301	0	19637
9530	540	156	55	18086	0	18837
9531	210	81	32	18295	0	18618
9532	112	16837	53	688	0	17690
9533	17249	506	38	284	0	18077
9534	525	18143	52	207	0	18927
9535	104	437	13	18019	0	18573
9536	70	145	17814	503	0	18532
9537	49	65	410	17809	0	18333
9538	18050	32	93	646	0	18821
9539	504	17291	53	252	0	18100
9540	167	531	16	17945	0	18659
9541	109	18070	42	536	0	18757
9542	68	542	19	19358	0	19987
9543	57	170	19129	664	0	20020
9544	60	102	472	19014	0	19648
9545	58	86	109	19754	0	20007
9546	33	78	54	20495	0	20660
9547	19267	50	47	805	0	20169
9548	19330	55	30	348	0	19763
9549	666	19021	45	224	0	19956
9550	19336	559	38	191	0	20124
9551	572	18082	52	181	0	18887
9552	169	18750	36	207	0	19162
9553	17627	681	23	194	0	18525
9554	605	256	16480	199	0	17540
9555	164	148	499	16680	0	17491
9556	105	102	139	17755	0	18101
9557	93	105	65	18339	0	18602
9558	17281	77	27	873	0	18258
9559	600	16696	48	358	0	17702
9560	210	591	40	17221	0	18062
9561	178	16920	64	678	0	17840
9562	18403	668	39	315	0	19425
9563	675	246	31	17756	0	18708
9564	289	174	39	21553	0	22055
9565	147	21647	57	1142	0	22993
9566	119	831	40	26466	0	27456
9567	114	359	36	27272	0	27781
9568	25090	193	56	1801	0	27140
9569	1099	23614	77	875	0	25665
9570	479	25850	87	552	0	26968
9571	286	1438	55	25869	0	27648
9572	241	667	23671	1442	0	26021
9573	206	358	23072	759	0	24395
9574	189	260	1410	24042	0	25901
9575	156	268	23253	1485	0	25162
9576	122	243	1203	24064	0	25632
9577	131	196	542	24241	0	25110
9578	146	186	245	25779	0	26356
9579	23629	174	203	2028	0	26034
9580	1160	157	153	24681	0	26151
9581	539	190	133	24450	0	25312
9582	305	22801	107	2000	0	25213
9583	260	1213	129	25239	0	26841
9584	182	615	23658	1762	0	26217
9585	165	329	1119	25319	0	26932
9586	155	302	504	26682	0	27643
9587	24398	231	250	2124	0	27003
9588	1260	211	198	25256	0	26925
9589	528	221	163	25994	0	26906
9590	256	199	171	26888	0	27514
9591	23234	158	167	2271	0	25830
9592	1156	23793	156	1225	0	26330
9593	521	1116	132	24155	0	25924
9594	260	539	123	25310	0	26232
9595	228	296	22344	2006	0	24874
9596	160	278	1069	23929	0	25436
9597	20971	177	439	1812	0	23399
9598	1116	21452	233	1043	0	23844
9599	470	1138	165	21172	0	22945
9600	270	510	136	22619	0	23535
9601	214	288	19864	2028	0	22394
9602	18241	187	806	910	0	20144
9603	841	19159	428	631	0	21059
9604	19870	878	201	562	0	21511
9605	991	472	169	20334	0	21966
9606	528	250	108	21026	0	21912
9607	278	217	136	21548	0	22179
9608	265	176	113	21851	0	22405
9609	20175	199	119	1800	0	22293
9610	963	155	117	19392	0	20627
9611	516	16831	140	1486	0	18973
9612	258	874	156	18194	0	19482
9613	211	452	148	18941	0	19752
9614	17228	243	155	1749	0	19375
9615	993	16775	152	1000	0	18920
9616	524	877	126	18199	0	19726
9617	17343	481	96	1452	0	19372
9618	18126	266	92	1003	0	19487
9619	1295	236	115	18103	0	19749
9620	688	188	16410	1467	0	18753
9621	17532	187	781	936	0	19436
9622	1102	207	393	18560	0	20262
9623	622	199	17160	1412	0	19393
9624	348	145	881	18706	0	20080
9625	311	104	463	19493	0	20371
9626	263	155	226	19296	0	19940
9627	273	17603	179	1789	0	19844
9628	241	846	127	19548	0	20762
9629	277	441	107	19916	0	20741
9630	201	232	98	20321	0	20852
9631	220	216	122	20232	0	20790
9632	243	228	76	20268	0	20815
9633	255	202	113	20545	0	21115
9634	17455	179	116	1913	0	19663
9635	931	210	15564	1135	0	17840
9636	510	15305	740	830	0	17385
9637	15490	680	389	664	0	17223
9638	845	15471	231	548	0	17095
9639	16016	819	160	569	0	17564
9640	895	478	173	15911	0	17457
9641	15434	229	157	1094	0	16914
9642	950	218	137	15401	0	16706
9643	588	157	117	15177	0	16039
9644	341	14527	84	1419	0	16371
9645	15225	723	79	909	0	16936
9646	850	418	14884	759	0	16911
9647	530	211	654	15946	0	17341
9648	309	178	15144	1250	0	16881
9649	272	151	14930	879	0	16232
9650	15278	153	971	633	0	17035
9651	829	134	455	16090	0	17508
9652	531	156	15202	1139	0	17028
9653	311	149	15999	827	0	17286
9654	292	115	1009	16290	0	17706
9655	256	147	471	17112	0	17986
9656	16425	148	261	1361	0	18195
9657	870	167	207	17225	0	18469
9658	567	135	15826	1249	0	17777
9659	334	109	713	17067	0	18223
9660	310	89	433	17935	0	18767
9661	250	18336	246	1369	0	20201
9662	17528	623	184	819	0	19154
9663	686	17144	162	593	0	18585
9664	13984	459	91	275	0	14809
9665	509	12521	117	320	0	13467
9666	43	9064	28	83	0	9218
9667	43	103	24	9399	0	9569
9668	29	47	22	9360	0	9458
9669	51	331	27	9026	0	9435
9670	8089	5	5	68	0	8167
9671	56	3	8011	18	0	8088
9672	7	3	40	7837	0	7887
9673	7653	6	4	58	0	7721
9674	48	7670	13	16	0	7747
9675	11	8005	4	19	0	8039
9676	12	56	7	8580	0	8655
9677	4	8	6	8589	0	8607
9678	6	7	8	9748	0	9769
9679	6	9620	11	64	0	9701
9680	7	48	4	9967	0	10026
9681	18	15	9695	65	0	9793
9682	4	11	8418	1	0	8434
9683	8329	4	3	1	0	8337
9684	0	2	3	8777	0	8782
9685	8899	0	1	0	0	8900
9686	8642	0	2	0	0	8644
9687	0	8515	7	3	0	8525
9688	8924	0	1	0	0	8925
9689	10905	4	3	1	0	10913
9690	0	2	1	10654	0	10657
9691	1	4	1	10819	0	10825
9692	6	8	11756	3	0	11773
9693	0	12355	10	7	0	12372
9694	2	4	3	12670	0	12679
9695	0	0	0	13074	0	13074
9696	13402	0	1	3	0	13406
9697	1	2	0	12974	0	12977
9698	13675	0	0	1	0	13676
9699	42	0	0	13788	0	13830
9700	2	14351	10	59	0	14422
9701	15262	78	4	17	0	15361
9702	80	22	0	17602	0	17704
9703	29	12	1	18638	0	18680
9704	4	6	0	21343	0	21353
9705	9	14	20144	604	0	20771
9706	9	12	425	20009	0	20455
9707	20531	5	172	624	0	21332
9708	472	7	96	21176	0	21751
9709	177	5	49	22541	0	22772
9710	104	6	32	22994	0	23136
9711	56	21320	50	928	0	22354
9712	36	22673	30	409	0	23148
9713	22535	757	7	247	0	23546
9714	594	22422	14	160	0	23190
9715	23295	763	17	121	0	24196
9716	23077	297	21	91	0	23486
9717	23533	176	13	82	0	23804
9718	987	136	23710	81	0	24914
9719	407	23765	564	97	0	24833
9720	25787	659	191	75	0	26712
9721	745	248	100	25975	0	27068
9722	295	168	59	25913	0	26435
9723	201	130	45	26518	0	26894
9724	157	24974	59	990	0	26180
9725	127	652	28	26175	0	26982
9726	25421	245	19	914	0	26599
9727	685	158	20	25397	0	26260
9728	268	114	22	25859	0	26263
9729	183	103	24698	1044	0	26028
9730	149	119	24781	509	0	25558
9731	146	68	765	25260	0	26239
9732	111	59	321	26108	0	26599
9733	95	25845	211	1074	0	27225
9734	103	649	136	26915	0	27803
9735	117	279	88	27107	0	27591
9736	110	188	77	27441	0	27816
9737	26276	146	57	1235	0	27714
9738	725	151	27105	655	0	28636
9739	300	154	620	27962	0	29036
9740	28582	130	223	946	0	29881
9741	28519	118	150	475	0	29262
9742	981	134	109	28182	0	29406
9743	496	109	96	28460	0	29161
9744	27923	110	79	1086	0	29198
9745	855	26492	110	600	0	28057
9746	408	28246	90	476	0	29220
9747	317	903	85	29203	0	30508
9748	28953	415	74	959	0	30401
9749	28813	261	67	566	0	29707
9750	28733	173	41	514	0	29461
9751	1116	169	27960	406	0	29651
9752	25893	173	683	408	0	27157
9753	1027	188	28130	373	0	29718
9754	27383	127	786	344	0	28640
9755	948	27972	352	404	0	29676
9756	517	712	29138	361	0	30728
9757	353	320	803	28198	0	29674
9758	291	251	29763	989	0	31294
9759	281	180	808	28845	0	30114
9760	28798	180	355	1112	0	30445
9761	842	221	28343	675	0	30081
9762	431	169	757	28172	0	29529
9763	336	28081	383	1046	0	29846
9764	333	732	251	30582	0	31898
9765	321	313	209	30061	0	30904
9766	303	252	173	30223	0	30951
9767	30178	170	174	1341	0	31863
9768	29978	145	140	784	0	31047
9769	1088	157	160	30219	0	31624
9770	561	188	29577	1181	0	31507
9771	440	179	29987	689	0	31295
9772	345	152	897	31130	0	32524
9773	351	204	32600	1135	0	34290
9774	302	201	846	32443	0	33792
9775	317	177	406	31874	0	32774
9776	323	142	285	32861	0	33611
9777	362	30140	245	1300	0	32047
9778	359	31279	251	776	0	32665
9779	321	888	217	32911	0	34337
9780	276	393	229	32724	0	33622
9781	292	278	239	32858	0	33667
9782	32276	219	193	1390	0	34078
9783	912	212	32678	816	0	34618
9784	444	182	753	33372	0	34751
9785	33884	151	370	1194	0	35599
9786	869	32135	300	752	0	34056
9787	447	735	252	33982	0	35416
9788	365	346	210	34424	0	35345
9789	301	236	217	32623	0	33377
9790	282	174	199	32566	0	33221
9791	267	150	30438	1482	0	32337
9792	28094	140	734	893	0	29861
9793	30760	144	343	730	0	31977
9794	1075	139	30200	595	0	32009
9795	29982	122	807	508	0	31419
9796	31267	134	362	477	0	32240
9797	1160	163	30838	464	0	32625
9798	588	30996	816	453	0	32853
9799	425	607	404	32561	0	33997
9800	328	220	31006	1385	0	32939
9801	304	29835	761	566	0	31466
9802	265	552	28887	364	0	30068
9803	173	27169	468	299	0	28109
9804	66	181	80	26484	0	26811
9805	87	68	26204	227	0	26586
9806	85	35	213	25035	0	25368
9807	98	31	26955	243	0	27327
9808	65	24848	204	148	0	25265
9809	25663	61	29	39	0	25792
9810	19	24028	27	15	0	24089
9811	3	25310	15	24	0	25352
9812	5	85	8	25995	0	26093
9813	2	18	0	25710	0	25730
9814	3	13	2	25366	0	25384
9815	1	7	11	24851	0	24870
9816	0	7	1	25633	0	25641
9817	20	23	31263	69	0	31375
9818	7	17	59	29365	0	29448
9819	6	5	14	31489	0	31514
9820	32059	6	11	116	0	32192
9821	31777	11	15	20	0	31823
9822	33445	3	3	18	0	33469
9823	138	9	4	33175	0	33326
9824	36059	8	6	143	0	36216
9825	38584	4	10	42	0	38640
9826	39190	6	6	33	0	39235
9827	393	29	37792	12	0	38226
9828	37726	11	306	20	0	38063
9829	38972	9	70	483	0	39534
9830	40444	7	58	20	0	40529
9831	479	10	13	39435	0	39937
9832	167	20	39760	381	0	40328
9833	93	8	341	38638	0	39080
9834	41654	3	68	421	0	42146
9835	399	10	55	43256	0	43720
9836	117	42883	60	403	0	43463
9837	99	340	14	46706	0	47159
9838	46759	64	23	434	0	47280
9839	46530	43	25	137	0	46735
9840	45913	21	36	88	0	46058
9841	520	32	46370	72	0	46994
9842	182	39	359	44991	0	45571
9843	102	25	75	47533	0	47735
9844	97	47	47043	476	0	47663
9845	67	43000	449	218	0	43734
9846	115	374	45178	105	0	45772
9847	83	80	376	44752	0	45291
9848	47178	57	96	424	0	47755
9849	438	56	46409	670	0	47573
9850	124	24	374	46506	0	47028
9851	121	47	48469	445	0	49082
9852	45773	25	574	138	0	46510
9853	595	24	130	47616	0	48365
9854	183	46	48832	632	0	49693
9855	125	35	566	46859	0	47585
9856	126	46	49448	687	0	50307
9857	104	47291	639	267	0	48301
9858	131	562	130	50836	0	51659
9859	51439	104	114	662	0	52319
9860	661	71	94	50636	0	51462
9861	199	28	68	49975	0	50270
9862	50105	22	91	779	0	50997
9863	660	47043	119	297	0	48119
9864	209	49184	95	234	0	49722
9865	163	676	69	50315	0	51223
9866	148	48621	100	707	0	49576
9867	167	625	56	50349	0	51197
9868	168	143	61	50649	0	51021
9869	50550	112	66	849	0	51577
9870	680	47663	124	415	0	48882
9871	298	653	47934	258	0	49143
9872	218	48295	567	229	0	49309
9873	50824	686	146	198	0	51854
9874	51611	199	118	187	0	52115
9875	926	136	90	50423	0	51575
9876	52184	101	90	806	0	53181
9877	944	61	85	51445	0	52535
9878	50992	96	103	882	0	52073
9879	51126	84	111	349	0	51670
9880	1007	70	94	54031	0	55202
9881	54900	58	116	902	0	55976
9882	1000	107	52571	336	0	54014
9883	50429	79	730	308	0	51546
9884	986	86	255	51838	0	53165
9885	53010	80	157	914	0	54161
9886	1024	51754	189	401	0	53368
9887	442	699	132	53824	0	55097
9888	367	218	143	54188	0	54916
9889	54153	120	166	1082	0	55521
9890	1031	129	52435	442	0	54037
9891	460	49928	775	395	0	51558
9892	363	757	246	53557	0	54923
9893	299	51563	209	896	0	52967
9894	292	814	139	55220	0	56465
9895	294	275	135	53711	0	54415
9896	294	208	103	54773	0	55378
9897	54687	161	112	1198	0	56158
9898	913	155	110	52889	0	54067
9899	54492	184	103	1166	0	55945
9900	53621	147	138	532	0	54438
9901	1077	189	115	53388	0	54769
9902	53390	134	140	1028	0	54692
9903	51944	149	125	536	0	52754
9904	1131	160	51628	410	0	53329
9905	494	160	758	49925	0	51337
9906	52968	105	260	1040	0	54373
9907	937	50131	272	481	0	51821
9908	53920	754	172	378	0	55224
9909	53643	247	453	340	0	54683
9910	1106	216	50719	322	0	52363
9911	557	133	750	47273	0	48713
9912	56181	89	298	951	0	57519
9913	977	123	232	55462	0	56794
9914	475	129	184	55683	0	56471
9915	391	139	164	56395	0	57089
9916	331	112	165	60481	0	61089
9917	57557	126	169	1526	0	59378
9918	1512	116	57472	723	0	59823
9919	643	124	1276	59972	0	62015
9920	431	141	65344	1689	0	67605
9921	350	192	67711	859	0	69112
9922	69061	108	2887	546	0	72602
9923	2673	190	72374	414	0	75651
9924	1254	69470	2776	400	0	73900
9925	71221	2382	1748	297	0	75648
9926	73408	1062	536	289	0	75295
9927	3733	442	277	70485	0	74937
9928	1669	226	71493	2558	0	75946
9929	789	240	71465	1176	0	73670
9930	70793	123	3550	536	0	75002
9931	2844	149	1530	72620	0	77143
9932	73471	109	697	2715	0	76992
9933	3104	72887	467	1263	0	77721
9934	74322	2504	346	632	0	77804
9935	72530	1107	327	383	0	74347
9936	3871	69471	361	367	0	74070
9937	1839	2624	260	70137	0	74860
9938	69600	1194	248	2830	0	73872
9939	3209	589	67895	1354	0	73047
9940	1626	68062	2708	726	0	73122
9941	1314	2728	1345	69119	0	74506
9942	68263	1211	746	2943	0	73163
9943	3080	69504	493	1439	0	74516
9944	72667	2869	419	763	0	76718
9945	3673	1407	69489	497	0	75066
9946	70918	712	2967	406	0	75003
9947	3821	514	71836	345	0	76516
9948	71353	382	3277	396	0	75408
9949	74350	286	1581	428	0	76645
9950	4603	377	70204	460	0	75644
9951	2191	69307	2924	456	0	74878
9952	1216	2614	1558	70897	0	76285
9953	1069	1299	70724	2780	0	75872
9954	891	69345	2954	1487	0	74677
9955	863	2874	1512	71066	0	76315
9956	872	1453	880	73152	0	76357
9957	864	785	70274	3978	0	75901
9958	914	560	3007	68619	0	73100
9959	850	474	1702	73107	0	76133
9960	860	472	69452	4373	0	75157
9961	791	519	3269	67783	0	72362
9962	784	69917	1960	3478	0	76139
9963	72821	2880	1215	1860	0	78776
9964	3283	1514	1091	70350	0	76238
9965	2024	71192	1071	3198	0	77485
9966	1494	3088	1038	66752	0	72372
9967	1411	72029	1050	2952	0	77442
9968	1451	3356	69243	1684	0	75734
9969	1276	71849	3253	1153	0	77531
9970	71569	3759	2001	876	0	78205
9971	71468	1812	1361	870	0	75511
9972	73031	1927	1125	973	0	77056
9973	5047	916	73302	924	0	80189
9974	2781	918	72154	1316	0	77169
9975	1979	75029	4569	925	0	82502
9976	1622	3601	2362	71491	0	79076
9977	1613	78456	1431	3238	0	84738
9978	1590	4142	1218	68254	0	75204
9979	1603	78516	1038	3291	0	84448
9980	77221	4137	1108	1908	0	84374
9981	82742	2310	1065	1304	0	87421
9982	5540	1543	978	84118	0	92179
9983	3299	1228	81215	4370	0	90112
9984	80184	1183	3968	2440	0	87775
9985	4877	84236	2262	1640	0	93015
9986	2816	4217	1627	83383	0	92043
9987	2334	2359	1199	82563	0	88455
9988	1904	83760	1228	5097	0	91989
9989	85623	4431	1100	2715	0	93869
9990	5035	2595	82713	1571	0	91914
9991	3207	1705	4223	84453	0	93588
9992	85177	1391	2448	4270	0	93286
9993	84949	1357	1705	2490	0	90501
9994	6194	82844	1390	1841	0	92269
9995	3477	4230	1460	80359	0	89526
9996	2287	84845	1414	4163	0	92709
9997	86579	4850	1364	2579	0	95372
9998	4841	2735	84458	1972	0	94006
9999	2876	2088	84772	1686	0	91422
10000	2092	1506	5329	83185	0	92112
10001	1624	1438	2941	84781	0	90784
10002	1609	84825	2026	5681	0	94141
10003	1432	4554	1613	88378	0	95977
10004	1579	2436	83917	5646	0	93578
10005	83180	1769	4445	3346	0	92740
10006	4524	1545	2445	87582	0	96096
10007	2521	1561	83967	5303	0	93352
10008	1837	1553	4314	87075	0	94779
10009	1446	1382	2573	85582	0	90983
10010	1321	85185	1822	6133	0	94461
10011	1437	4568	1369	88122	0	95496
10012	1374	2709	1292	86399	0	91774
10013	1381	1839	1251	88228	0	92699
10014	80701	1524	1247	6899	0	90371
10015	4604	79106	1304	3789	0	88803
10016	2454	79371	1022	2409	0	85256
10017	74090	4537	898	1700	0	81225
10018	69994	2355	923	1498	0	74770
10019	4529	68118	1003	1297	0	74947
10020	1894	62987	771	996	0	66648
10021	53417	2562	1116	689	0	57784
10022	2080	53470	441	658	0	56649
10023	846	54443	350	663	0	56302
10024	51287	2281	864	589	0	55021
10025	1741	51466	268	577	0	54052
10026	51626	1936	236	448	0	54246
10027	51201	934	962	472	0	53569
10028	49928	698	273	485	0	51384
10029	2172	49819	285	510	0	52786
10030	1073	51075	247	526	0	52921
10031	808	2072	217	50277	0	53374
10032	629	50607	222	1628	0	53086
10033	616	2012	194	52721	0	55543
10034	54146	1022	208	2012	0	57388
10035	1958	802	251	52899	0	55910
10036	1012	52974	354	2192	0	56532
10037	53744	1957	337	1045	0	57083
10038	2000	52875	256	863	0	55994
10039	946	54259	160	671	0	56036
10040	706	2554	150	51969	0	55379
10041	538	53936	229	1733	0	56436
10042	54249	2031	267	795	0	57342
10043	1880	1099	50386	666	0	54031
10044	906	51115	1572	654	0	54247
10045	691	1750	648	53259	0	56348
10046	644	1012	52004	1894	0	55554
10047	567	811	1488	50618	0	53484
10048	491	698	729	53242	0	55160
10049	515	669	526	52559	0	54269
10050	537	510	429	52499	0	53975
10051	586	533	49074	2645	0	52838
10052	487	48288	1599	1621	0	51995
10053	49911	1769	769	1204	0	53653
10054	1750	979	48159	1009	0	51897
10055	47554	809	1608	979	0	50950
10056	2011	709	49457	810	0	52987
10057	1010	663	1813	49006	0	52492
10058	903	563	48667	2050	0	52183
10059	717	576	50187	1112	0	52592
10060	666	606	2084	49382	0	52738
10061	589	647	1112	49237	0	51585
10062	535	653	744	51251	0	53183
10063	535	594	565	50559	0	52253
10064	49178	573	513	2811	0	53075
10065	1846	594	48258	1636	0	52334
10066	49039	591	1601	1307	0	52538
10067	52708	600	723	1048	0	55079
10068	52353	619	563	944	0	54479
10069	52306	669	385	807	0	54167
10070	52892	652	374	751	0	54669
10071	2915	572	298	50764	0	54549
10072	1686	569	47749	1990	0	51994
10073	1176	503	43484	1030	0	46193
10074	951	44797	1556	832	0	48136
10075	44771	1386	941	628	0	47726
10076	1378	844	437	43280	0	45939
10077	878	923	365	42101	0	44267
10078	737	41748	332	1727	0	44544
10079	691	42143	268	996	0	44098
10080	678	41989	222	703	0	43592
10081	37511	1148	166	1242	0	40067
10082	857	1124	129	33827	0	35937
10083	375	35428	153	820	0	36776
10084	489	841	105	36902	0	38337
10085	242	430	35785	979	0	37436
10086	249	287	36435	514	0	37485
10087	251	215	924	37389	0	38779
10088	39926	204	411	959	0	41500
10089	42177	233	210	514	0	43134
10090	42417	225	171	361	0	43174
10091	1494	233	41830	318	0	43875
10092	672	264	970	40841	0	42747
10093	433	240	451	43604	0	44728
10094	399	255	40670	1380	0	42704
10095	37409	257	1041	723	0	39430
10096	1209	245	40052	503	0	42009
10097	602	237	40607	395	0	41841
10098	389	247	43252	350	0	44238
10099	326	197	1431	40066	0	42020
10100	267	177	627	42781	0	43852
10101	267	184	43342	1466	0	45259
10102	211	208	1218	43688	0	45325
10103	44241	161	640	1451	0	46493
10104	1177	123	450	47162	0	48912
10105	549	146	47627	1588	0	49910
10106	407	172	48071	793	0	49443
10107	303	122	1589	47776	0	49790
10108	49237	128	761	1491	0	51617
10109	1376	49636	572	1950	0	53534
10110	54353	1401	428	588	0	56770
10111	54308	595	441	453	0	55797
10112	2428	322	55309	427	0	58486
10113	1138	144	1837	55362	0	58481
10114	56545	121	966	1979	0	59611
10115	55098	126	673	1037	0	56934
10116	2214	54917	586	743	0	58460
10117	1144	1549	425	55584	0	58702
10118	727	644	425	58209	0	60005
10119	568	1173	54626	2542	0	58909
10120	521	251	1781	55211	0	57764
10121	551	201	55769	2311	0	58832
10122	514	210	53366	1208	0	55298
10123	478	134	2242	52433	0	55287
10124	52387	111	1095	1981	0	55574
10125	1844	51183	737	1069	0	54833
10126	52495	1496	535	700	0	55226
10127	53080	629	451	605	0	54765
10128	2333	51841	522	584	0	55280
10129	1107	1516	479	50199	0	53301
10130	50854	669	443	1678	0	53644
10131	1926	50511	382	859	0	53678
10132	51306	1624	338	620	0	53888
10133	1915	49002	341	480	0	51738
10134	856	2239	321	46158	0	49574
10135	577	626	304	48888	0	50395
10136	47957	369	315	1941	0	50582
10137	45986	266	269	966	0	47487
10138	1841	45784	347	677	0	48649
10139	937	1258	45952	497	0	48644
10140	604	640	46173	545	0	47962
10141	457	322	1837	43132	0	45748
10142	403	45345	965	1453	0	48166
10143	418	1253	677	47166	0	49514
10144	454	583	479	46562	0	48078
10145	409	425	444	47135	0	48413
10146	503	293	44968	2160	0	47924
10147	530	356	45238	1147	0	47271
10148	492	46204	1771	692	0	49159
10149	491	1316	907	46599	0	49313
10150	500	672	588	50414	0	52174
10151	519	476	48261	1958	0	51214
10152	39645	447	1528	1182	0	42802
10153	1581	323	776	49611	0	52291
10154	942	344	48629	1680	0	51595
10155	44640	306	1605	1018	0	47569
10156	1545	45100	891	865	0	48401
10157	977	1330	47540	698	0	50545
10158	723	675	1533	47435	0	50366
10159	48123	466	856	1728	0	51173
10160	1589	414	47572	1046	0	50621
10161	850	279	1638	48598	0	51365
10162	638	345	983	50684	0	52650
10163	513	303	819	54289	0	55924
10164	54551	316	612	2359	0	57838
10165	1674	52354	509	1472	0	56009
10166	882	1534	542	54716	0	57674
10167	748	755	53146	2147	0	56796
10168	620	613	1661	51670	0	54564
10169	567	51126	1003	2037	0	54733
10170	546	54243	709	1244	0	56742
10171	53763	2032	572	988	0	57355
10172	54813	1002	461	886	0	57162
10173	2351	690	52884	776	0	56701
10174	51654	537	1679	712	0	54582
10175	2056	51257	950	742	0	55005
10176	54434	1707	728	700	0	57569
10177	2143	931	530	53882	0	57486
10178	1257	758	53355	1994	0	57364
10179	976	552	1684	52923	0	56135
10180	837	517	52990	2205	0	56549
10181	51480	423	1870	1266	0	55039
10182	1755	447	1051	53245	0	56498
10183	958	51586	711	2045	0	55300
10184	713	1575	495	54736	0	57519
10185	648	860	52086	2190	0	55784
10186	487	51105	1544	1357	0	54493
10187	50357	1717	857	990	0	53921
10188	1505	48535	607	758	0	51405
10189	620	49013	480	511	0	50624
10190	519	1754	375	47531	0	50179
10191	384	47568	366	1400	0	49718
10192	371	1728	271	48918	0	51288
10193	476	737	47079	1717	0	50009
10194	43372	583	1278	831	0	46064
10195	47418	462	615	561	0	49056
10196	1939	397	46690	441	0	49467
10197	43761	372	1215	383	0	45731
10198	1486	41997	625	458	0	44566
10199	43225	1202	415	429	0	45271
10200	1482	638	331	42311	0	44762
10201	728	513	43740	1343	0	46324
10202	515	42994	1150	759	0	45418
10203	882	2381	593	42628	0	46484
10204	241	476	323	43042	0	44082
10205	40338	369	254	1379	0	42340
10206	38383	253	190	774	0	39600
10207	1227	38007	272	518	0	40024
10208	508	36777	209	319	0	37813
10209	244	35873	99	183	0	36399
10210	119	940	63	34128	0	35250
10211	34300	243	69	462	0	35074
10212	31531	107	48	148	0	31834
10213	457	83	43	31361	0	31944
10214	197	47	37	31848	0	32129
10215	31852	63	24	468	0	32407
10216	431	68	27	31716	0	32242
10217	163	71	31016	471	0	31721
10218	31828	78	344	165	0	32415
10219	32552	64	113	138	0	32867
10220	501	72	32854	99	0	33526
10221	32734	62	325	68	0	33189
10222	505	57	90	34404	0	35056
10223	188	62	81	34958	0	35289
10224	134	83	63	35507	0	35787
10225	35068	68	63	576	0	35775
10226	392	34669	102	287	0	35450
10227	163	417	53	35018	0	35651
10228	148	33804	71	445	0	34468
10229	34771	494	56	160	0	35481
10230	461	190	53	34461	0	35165
10231	225	118	73	34818	0	35234
10232	197	33355	82	537	0	34171
10233	199	449	32534	225	0	33407
10234	162	183	363	33397	0	34105
10235	34885	153	122	470	0	35630
10236	36301	122	126	211	0	36760
10237	1036	120	37665	182	0	39003
10238	388	98	904	39939	0	41329
10239	210	40781	403	1124	0	42518
10240	185	1149	164	43077	0	44575
10241	43246	376	109	1394	0	45125
10242	43777	235	89	536	0	44637
10243	1508	173	81	42668	0	44430
10244	582	41452	124	1312	0	43470
10245	47153	1205	71	474	0	48903
10246	1407	451	65	46449	0	48372
10247	46123	295	58	1388	0	47864
10248	48076	231	82	536	0	48925
10249	1708	193	42	47503	0	49446
10250	707	133	48	47812	0	48700
10251	412	111	59	48968	0	49550
10252	326	46528	83	1955	0	48892
10253	306	1351	67	48706	0	50430
10254	276	514	73	49461	0	50324
10255	302	310	46157	2019	0	48788
10256	282	271	45526	889	0	46968
10257	247	185	1602	46344	0	48378
10258	45613	146	593	1738	0	48090
10259	1406	45023	337	856	0	47622
10260	46023	1380	229	550	0	48182
10261	1706	568	44045	466	0	46785
10262	766	363	41112	423	0	42664
10263	433	40525	1632	403	0	42993
10264	846	1259	770	41117	0	43992
10265	274	483	41048	1381	0	43186
10266	212	268	41772	587	0	42839
10267	171	158	1509	40344	0	42182
10268	40521	116	595	1442	0	42674
10269	41010	104	323	656	0	42093
10270	1574	133	228	40456	0	42391
10271	675	136	41871	1456	0	44138
10272	361	125	1203	42490	0	44179
10273	292	140	528	42040	0	43000
10274	200	42002	340	1624	0	44166
10275	42704	1150	264	721	0	44839
10276	42038	470	236	449	0	43193
10277	1518	41712	202	424	0	43856
10278	685	1291	174	40352	0	42502
10279	443	41924	207	1170	0	43744
10280	43178	1356	216	587	0	45337
10281	1396	602	40864	424	0	43286
10282	646	372	40066	363	0	41447
10283	399	261	40184	349	0	41193
10284	277	185	1526	38041	0	40029
10285	265	164	1030	39461	0	40920
10286	39209	143	376	1586	0	41314
10287	1224	157	267	39028	0	40676
10288	628	163	218	41837	0	42846
10289	416	177	43219	1746	0	45558
10290	380	238	41464	871	0	42953
10291	41727	172	1399	583	0	43881
10292	1190	42099	693	544	0	44526
10293	44676	1130	376	382	0	46564
10294	1404	512	302	44314	0	46532
10295	749	293	241	44113	0	45396
10296	526	43450	276	1585	0	45837
10297	434	1190	244	45648	0	47516
10298	44784	556	235	1646	0	47221
10299	1313	351	274	45320	0	47258
10300	739	275	43834	1644	0	46492
10301	495	40281	1214	1003	0	42993
10302	43100	1158	607	712	0	45577
10303	43803	560	370	669	0	45402
10304	43683	368	317	609	0	44977
10305	44094	292	267	627	0	45280
10306	1908	290	237	42784	0	45219
10307	1010	294	271	44684	0	46259
10308	717	270	43673	1949	0	46609
10309	591	269	1192	43688	0	45740
10310	590	246	43638	1798	0	46272
10311	480	247	1303	44237	0	46267
10312	43559	269	659	1779	0	46266
10313	1358	43899	436	1183	0	46876
10314	763	1173	359	44833	0	47128
10315	542	636	392	46310	0	47880
10316	45254	359	368	2070	0	48051
10317	44217	333	372	1145	0	46067
10318	1709	287	42773	896	0	45665
10319	856	41834	1385	783	0	44858
10320	599	1199	738	42087	0	44623
10321	535	582	530	44173	0	45820
10322	43086	413	440	1827	0	45766
10323	42191	344	430	999	0	43964
10324	1830	318	41863	712	0	44723
10325	941	292	41325	621	0	43179
10326	627	316	1697	39283	0	41923
10327	514	268	860	41634	0	43276
10328	506	250	40281	1871	0	42908
10329	38674	273	1461	1038	0	41446
10330	1438	207	771	41454	0	43870
10331	40483	240	546	1651	0	42920
10332	1491	39281	432	1114	0	42318
10333	43329	1199	370	792	0	45690
10334	1719	603	46991	740	0	50053
10335	795	42792	1149	651	0	45387
10336	439	42055	493	360	0	43347
10337	38440	780	2596	363	0	42179
10338	36332	207	127	152	0	36818
10339	546	114	124	36169	0	36953
10340	296	35786	132	458	0	36672
10341	162	35927	142	327	0	36558
10342	155	472	83	36937	0	37647
10343	37345	258	100	441	0	38144
10344	37644	152	102	330	0	38228
10345	408	97	36126	103	0	36734
10346	34576	62	295	83	0	35016
10347	354	35665	190	114	0	36323
10348	36957	339	49	56	0	37401
10349	553	46280	75	80	0	46988
10350	161	52455	80	47	0	52743
10351	76	1773	11	62917	0	64777
10352	68740	856	25	2059	0	71680
10353	70522	498	27	931	0	71978
10354	3319	338	66797	714	0	71168
10355	1690	163	2240	68824	0	72917
10356	70432	71	924	2724	0	74151
10357	3049	43	688	71186	0	74966
10358	73083	42	512	3237	0	76874
10359	74269	53	375	1428	0	76125
10360	3928	97	70170	1191	0	75386
10361	2176	68	2398	68958	0	73600
10362	1390	52	1012	73295	0	75749
10363	970	55	739	75178	0	76942
10364	763	121	68941	4183	0	74008
10365	446	74	2608	68758	0	71886
10366	342	84	1105	68578	0	70109
10367	243	67044	896	4008	0	72191
10368	303	2430	64838	2341	0	69912
10369	181	68243	2526	1585	0	72535
10370	69147	3052	1073	1054	0	74326
10371	2529	1403	815	66915	0	71662
10372	1190	1180	514	66668	0	69552
10373	992	66419	446	3764	0	71621
10374	66169	2872	305	1880	0	71226
10375	67417	1266	223	1368	0	70274
10376	3570	65365	271	1083	0	70289
10377	2996	68682	218	860	0	72756
10378	69563	3635	181	616	0	73995
10379	3473	1878	65867	537	0	71755
10380	1788	1427	65301	512	0	69028
10381	64704	1144	3297	424	0	69569
10382	3067	67278	1809	522	0	72676
10383	70591	2793	1224	529	0	75137
10384	3702	1465	69048	530	0	74745
10385	68204	1103	2922	602	0	72831
10386	3816	69978	1417	677	0	75888
10387	1981	3074	1131	71925	0	78111
10388	1757	1427	799	72764	0	76747
10389	1294	1405	685	68066	0	71450
10390	1251	844	654	69681	0	72430
10391	963	897	494	67746	0	70100
10392	1089	65105	395	5241	0	71830
10393	67452	2840	375	3319	0	73986
10394	3311	1446	64379	2529	0	71665
10395	1880	1315	2587	67246	0	73028
10396	1681	980	66681	3732	0	73074
10397	1358	878	3399	67044	0	72679
10398	1224	759	1731	69968	0	73682
10399	67537	788	1620	4604	0	74549
10400	3344	598	67833	2904	0	74679
10401	1767	66570	3428	2151	0	73916
10402	1510	2854	1782	69102	0	75248
10403	1399	1469	1330	73067	0	77265
10404	1173	1512	71447	4329	0	78461
10405	1151	1040	3027	71660	0	76878
10406	862	1080	1660	76082	0	79684
10407	69793	755	1212	5087	0	76847
10408	2788	70436	827	3370	0	77421
10409	72119	3083	683	2667	0	78552
10410	73808	1542	502	2255	0	78107
10411	4296	1387	540	71582	0	77805
10412	2758	1155	69818	3844	0	77575
10413	2181	1131	70087	2222	0	75621
10414	1706	1009	3809	70353	0	76877
10415	1654	812	2255	69208	0	73929
10416	1170	70289	2018	4401	0	77878
10417	71959	2879	1441	2940	0	79219
10418	3338	70558	1381	2273	0	77550
10419	1965	73954	1050	2004	0	78973
10420	73302	4129	881	1767	0	80079
10421	3887	2591	707	71305	0	78490
10422	2244	74075	775	3808	0	80902
10423	1751	3884	684	76290	0	82609
10424	1339	2083	72206	4739	0	80367
10425	1207	1610	72460	3192	0	78469
10426	950	1143	3902	74590	0	80585
10427	956	1028	73833	4704	0	80521
10428	828	898	3929	74409	0	80064
10429	1018	744	2310	75046	0	79118
10430	799	828	1925	78293	0	81845
10431	72676	688	1373	5909	0	80646
10432	3116	71581	1371	3570	0	79638
10433	1572	73723	1046	3060	0	79401
10434	70406	3761	1037	2307	0	77511
10435	71733	2332	903	1956	0	76924
10436	4237	1887	667	71164	0	77955
10437	2578	1614	70065	3825	0	78082
10438	1955	1576	2789	71559	0	77879
10439	1774	1270	70160	4304	0	77508
10440	1330	68348	3513	2630	0	75821
10441	1029	3397	1851	72915	0	79192
10442	71535	1728	1667	4103	0	79033
10443	3221	1465	1178	72263	0	78127
10444	1880	1202	67429	4287	0	74798
10445	63519	985	3583	2694	0	70781
10446	3616	803	66872	2248	0	73539
10447	2964	742	67265	1676	0	72647
10448	1542	61181	3903	1681	0	68307
10449	861	51624	1684	902	0	55071
10450	591	50769	1069	796	0	53225
10451	38274	1156	2338	838	0	42606
10452	34514	109	25	73	0	34721
10453	250	58	21	34446	0	34775
10454	110	57	23	34631	0	34821
10455	74	48	18	34922	0	35062
10456	68	32819	71	316	0	33274
10457	34685	178	50	139	0	35052
10458	196	31580	53	110	0	31939
10459	78	202	55	33358	0	33693
10460	32962	91	19	247	0	33319
10461	197	50	14	31810	0	32071
10462	104	34	18	32067	0	32223
10463	32746	20	39	279	0	33084
10464	30805	41	29	141	0	31016
10465	266	33	31797	104	0	32200
10466	157	49	30282	60	0	30548
10467	110	47	32179	32	0	32368
10468	37	29	295	30922	0	31283
10469	35	50	138	32483	0	32706
10470	34	31967	78	278	0	32357
10471	34400	225	45	105	0	34775
10472	216	111	21	33968	0	34316
10473	124	60	13	35442	0	35639
10474	78	34219	54	466	0	34817
10475	48	36030	48	252	0	36378
10476	33	451	31	39476	0	39991
10477	31	211	16	46098	0	46356
10478	46349	91	37	1061	0	47538
10479	45624	59	30	432	0	46145
10480	1210	60	15	45842	0	47127
10481	564	60	45658	1033	0	47315
10482	350	123	42293	432	0	43198
10483	160	39	1120	43754	0	45073
10484	121	35	471	42997	0	43624
10485	112	41646	324	1258	0	43340
10486	42296	861	163	604	0	43924
10487	931	367	97	42478	0	43873
10488	389	247	43270	1105	0	45011
10489	272	129	931	43952	0	45284
10490	207	91	44078	1299	0	45675
10491	154	147	43258	598	0	44157
10492	148	84	1263	44408	0	45903
10493	45113	41	592	1181	0	46927
10494	1022	74	44548	561	0	46205
10495	411	61	1068	43465	0	45005
10496	348	107	49377	1171	0	51003
10497	204	85	1210	48680	0	50179
10498	145	71	496	49782	0	50494
10499	207	79	48897	1576	0	50759
10500	196	136	44694	795	0	45821
10501	197	86	1385	42044	0	43712
10502	135	62	671	46160	0	47028
10503	118	75	515	47048	0	47756
10504	114	82	301	44969	0	45466
10505	43765	65	279	1794	0	45903
10506	43959	88	245	962	0	45254
10507	1321	42391	264	703	0	44679
10508	44676	930	173	511	0	46290
10509	1302	369	244	44710	0	46625
10510	46094	250	259	1293	0	47896
10511	1327	153	44514	721	0	46715
10512	44686	82	1237	564	0	46569
10513	1344	117	562	44314	0	46337
10514	645	72	411	47221	0	48349
10515	46324	52	323	1767	0	48466
10516	1415	41	230	50704	0	52390
10517	608	75	49663	2159	0	52505
10518	52603	73	1620	1027	0	55323
10519	2021	53569	765	877	0	57232
10520	690	1736	460	61177	0	64063
10521	640	582	65771	2507	0	69500
10522	364	425	2550	66935	0	70274
10523	392	272	64820	3349	0	68833
10524	306	168	2881	64970	0	68325
10525	278	64868	1034	3310	0	69490
10526	306	2519	651	71109	0	74585
10527	354	71880	511	3698	0	76443
10528	354	3367	361	73631	0	77713
10529	372	957	319	78403	0	80051
10530	439	613	333	78958	0	80343
10531	437	375	359	78873	0	80044
10532	500	231	439	78412	0	79582
10533	531	356	70681	5314	0	76882
10534	359	266	3224	73414	0	77263
10535	284	238	1166	76358	0	78046
10536	71576	261	955	5043	0	77835
10537	3220	70177	651	2508	0	76556
10538	72181	3358	565	1838	0	77942
10539	3832	1066	529	73250	0	78677
10540	1335	919	69026	4436	0	75716
10541	750	71385	3353	2243	0	77731
10542	71582	3473	1154	1783	0	77992
10543	3383	70639	951	1610	0	76583
10544	1072	75001	725	1504	0	78302
10545	71598	4210	495	1453	0	77756
10546	3545	1597	436	77274	0	82852
10547	76914	966	481	4788	0	83149
10548	4125	591	561	77498	0	82775
10549	1429	507	75879	5361	0	83176
10550	987	498	74183	2645	0	78313
10551	72078	414	4412	2158	0	79062
10552	77436	512	1711	1756	0	81415
10553	4781	386	1202	74676	0	81045
10554	1897	484	773	78414	0	81568
10555	74074	549	669	5454	0	80746
10556	4147	71605	569	2694	0	79015
10557	1653	76046	536	2095	0	80330
10558	75176	4508	533	1519	0	81736
10559	76754	1861	472	1315	0	80402
10560	5043	75414	562	1163	0	82182
10561	2297	4184	463	76981	0	83925
10562	1727	1631	74280	4540	0	82178
10563	1322	1227	75729	2137	0	80415
10564	74144	802	4568	1755	0	81269
10565	4513	668	75661	1493	0	82335
10566	2000	623	4332	73657	0	80612
10567	1571	577	1593	75207	0	78948
10568	1213	74291	1183	5238	0	81925
10569	75984	3846	852	2582	0	83264
10570	4523	1385	763	76809	0	83480
10571	1985	1252	71867	4964	0	80068
10572	1619	72958	3747	2445	0	80769
10573	1259	3815	1263	74350	0	80687
10574	1181	1610	71994	4622	0	79407
10575	1144	1354	71202	2158	0	75858
10576	943	70129	4413	2043	0	77528
10577	62858	3229	1416	1268	0	68771
10578	3149	63462	1042	1236	0	68889
10579	65021	3510	834	1069	0	70434
10580	3666	1308	62008	1161	0	68143
10581	60719	996	3184	1227	0	66126
10582	3549	60969	1297	2255	0	68070
10583	1471	3328	945	62930	0	68674
10584	1097	1259	775	68099	0	71230
10585	65646	1004	739	4464	0	71853
10586	3397	887	63545	2158	0	69987
10587	63876	846	3193	1685	0	69600
10588	65844	797	1253	1450	0	69344
10589	4097	818	60836	1360	0	67111
10590	1715	825	62474	1311	0	66325
10591	1257	875	3791	61512	0	67435
10592	62526	816	1598	3921	0	68861
10593	63466	876	1141	1761	0	67244
10594	4112	60727	979	1501	0	67319
10595	1815	3314	838	62384	0	68351
10596	1592	1315	785	61070	0	64762
10597	1292	1135	737	62944	0	66108
10598	1196	874	715	64812	0	67597
10599	60754	774	742	4859	0	67129
10600	3868	811	697	62975	0	68351
10601	1890	836	59193	4265	0	66184
10602	1618	810	59957	1925	0	64310
10603	57880	713	3792	1470	0	63855
10604	3986	57914	1707	1178	0	64785
10605	1910	61584	1303	1036	0	65833
10606	1701	3861	1419	60486	0	67467
10607	1451	1560	888	63441	0	67340
10608	1333	982	875	62662	0	65852
10609	1252	851	842	64242	0	67187
10610	1277	753	57692	4950	0	64672
10611	1202	705	3075	59333	0	64315
10612	1203	692	1223	63149	0	66267
10613	1136	706	57743	4770	0	64355
10614	54084	618	3296	2373	0	60371
10615	3500	57128	1413	2007	0	64048
10616	54261	2636	806	1495	0	59198
10617	3304	861	51672	1247	0	57084
10618	1269	632	47000	998	0	49899
10619	859	44970	2533	914	0	49276
10620	36232	3394	4549	766	0	44941
10621	33537	540	376	537	0	34990
10622	33792	311	301	564	0	34968
10623	1652	32388	358	552	0	34950
10624	33744	1320	365	470	0	35899
10625	1568	464	32863	415	0	35310
10626	396	26981	646	256	0	28279
10627	27700	693	308	219	0	28920
10628	723	28232	249	226	0	29430
10629	28520	655	166	190	0	29531
10630	28039	299	168	157	0	28663
10631	914	208	26915	130	0	28167
10632	428	26870	639	158	0	28095
10633	27571	602	305	120	0	28598
10634	726	301	27242	144	0	28413
10635	385	26719	652	159	0	27915
10636	272	564	238	27247	0	28321
10637	258	595	26778	576	0	28207
10638	215	212	26119	264	0	26810
10639	154	144	664	28052	0	29014
10640	27524	114	310	630	0	28578
10641	596	26045	187	360	0	27188
10642	313	523	27174	209	0	28219
10643	249	257	27631	161	0	28298
10644	26176	168	722	107	0	27173
10645	666	29768	422	137	0	30993
10646	26783	252	61	16	0	27112
10647	278	25859	88	41	0	26266
10648	27146	258	73	39	0	27516
10649	24857	128	43	43	0	25071
10650	350	23826	74	66	0	24316
10651	151	254	63	24920	0	25388
10652	26227	127	67	260	0	26681
10653	435	85	66	27343	0	27929
10654	154	61	89	28758	0	29062
10655	27782	67	95	595	0	28539
10656	516	26716	88	209	0	27529
10657	28033	507	58	113	0	28711
10658	570	198	28009	78	0	28855
10659	185	94	510	29272	0	30061
10660	142	80	141	29477	0	29840
10661	29323	85	107	637	0	30152
10662	29372	90	65	221	0	29748
10663	674	74	52	29172	0	29972
10664	237	115	28397	607	0	29356
10665	195	80	493	28297	0	29065
10666	166	75	145	28839	0	29225
10667	146	86	105	29141	0	29478
10668	120	95	73	29310	0	29598
10669	28257	59	92	742	0	29150
10670	641	102	27277	298	0	28318
10671	216	26410	528	241	0	27395
10672	198	507	147	27779	0	28631
10673	160	159	116	28717	0	29152
10674	179	123	27259	763	0	28324
10675	164	94	26759	330	0	27347
10676	155	60	604	28850	0	29669
10677	162	88	191	29655	0	30096
10678	226	86	29206	984	0	30502
10679	161	108	791	29338	0	30398
10680	29374	67	291	1020	0	30752
10681	814	28302	237	501	0	29854
10682	364	786	28689	360	0	30199
10683	258	28824	813	292	0	30187
10684	215	892	273	29547	0	30927
10685	238	341	28723	981	0	30283
10686	201	28034	913	467	0	29615
10687	173	834	388	29409	0	30804
10688	190	333	29124	1059	0	30706
10689	182	213	921	28523	0	29839
10690	182	131	356	29534	0	30203
10691	29079	119	272	1273	0	30743
10692	960	161	203	29249	0	30573
10693	29211	135	222	1201	0	30769
10694	28885	165	210	544	0	29804
10695	29016	156	209	473	0	29854
10696	1232	125	214	28359	0	29930
10697	484	118	26855	1050	0	28507
10698	271	141	26254	520	0	27186
10699	26140	75	1058	364	0	27637
10700	910	119	26710	313	0	28052
10701	25581	83	1741	352	0	27757
10702	856	26060	351	323	0	27590
10703	27293	683	249	261	0	28486
10704	918	247	26890	295	0	28350
10705	389	158	26863	278	0	27688
10706	280	126	983	25896	0	27285
10707	206	96	26852	1009	0	28163
10708	216	113	27474	484	0	28287
10709	198	105	1051	29887	0	31241
10710	216	98	452	31640	0	32406
10711	193	127	332	32412	0	33064
10712	192	30791	280	1621	0	32884
10713	203	1081	249	30140	0	31673
10714	185	31082	243	1387	0	32897
10715	31272	1200	247	686	0	33405
10716	32350	476	257	493	0	33576
10717	1446	321	226	31760	0	33753
10718	669	31357	287	1311	0	33624
10719	434	1087	32307	631	0	34459
10720	33117	395	1266	554	0	35332
10721	1315	285	549	33919	0	36068
10722	574	170	429	34312	0	35485
10723	444	223	299	35880	0	36846
10724	33830	137	269	1986	0	36222
10725	1374	31414	278	980	0	34046
10726	583	33357	320	709	0	34969
10727	31428	1495	276	501	0	33700
10728	1321	31571	301	492	0	33685
10729	32065	1454	277	433	0	34229
10730	32075	570	319	429	0	33393
10731	1722	31457	285	462	0	33926
10732	819	1311	298	30885	0	33313
10733	483	31511	311	1488	0	33793
10734	366	1416	290	31850	0	33922
10735	347	611	249	34587	0	35794
10736	34063	445	243	2058	0	36809
10737	35335	340	254	996	0	36925
10738	2040	288	226	35146	0	37700
10739	991	329	31550	1861	0	34731
10740	32155	307	1477	894	0	34833
10741	1733	33016	663	713	0	36125
10742	713	1484	522	33364	0	36083
10743	598	615	356	33943	0	35512
10744	447	457	352	34703	0	35959
10745	30309	335	290	2473	0	33407
10746	30475	354	257	1348	0	32434
10747	1976	27978	271	991	0	31216
10748	975	29638	308	726	0	31647
10749	770	1868	263	29030	0	31931
10750	678	879	273	30613	0	32443
10751	576	681	28864	2144	0	32265
10752	407	771	1259	28640	0	31077
10753	411	297	26647	1786	0	29141
10754	357	243	25292	915	0	26807
10755	334	25132	1503	746	0	27715
10756	323	1167	757	26242	0	28489
10757	25950	548	426	1572	0	28496
10758	1334	437	276	24963	0	27010
10759	726	339	22558	1611	0	25234
10760	22985	340	1067	853	0	25245
10761	24070	265	474	631	0	25440
10762	1756	349	22601	461	0	25167
10763	905	293	1145	25294	0	27637
10764	25246	254	569	1467	0	27536
10765	1558	24795	392	787	0	27532
10766	25668	1290	316	674	0	27948
10767	26544	589	277	610	0	28020
10768	1894	495	244	25369	0	28002
10769	959	338	178	27089	0	28564
10770	26082	370	228	1914	0	28594
10771	1660	253	208	28281	0	30402
10772	838	275	26249	2144	0	29506
10773	26507	241	1458	1025	0	29231
10774	27774	239	559	792	0	29364
10775	2040	26564	433	660	0	29697
10776	783	25591	265	519	0	27158
10777	605	1621	1016	23506	0	26748
10778	428	24235	146	1487	0	26296
10779	449	1439	132	24960	0	26980
10780	24241	563	159	1730	0	26693
10781	24677	406	176	858	0	26117
10782	1683	23938	212	634	0	26467
10783	23018	1221	184	444	0	24867
10784	1481	23077	161	468	0	25187
10785	23450	1321	200	405	0	25376
10786	24285	528	183	424	0	25420
10787	1682	389	22333	455	0	24859
10788	22733	310	1160	349	0	24552
10789	1531	21943	444	368	0	24286
10790	740	24440	310	408	0	25898
10791	24338	1528	224	367	0	26457
10792	1592	690	131	25342	0	27755
10793	823	473	24810	1457	0	27563
10794	731	406	1124	25311	0	27572
10795	638	345	398	26883	0	28264
10796	513	314	24778	1813	0	27418
10797	23285	317	1252	874	0	25728
10798	1499	23969	473	752	0	26693
10799	24793	1323	352	580	0	27048
10800	1718	508	281	23969	0	26476
10801	23304	427	207	1395	0	25333
10802	1673	23874	155	698	0	26400
10803	830	1373	160	24632	0	26995
10804	24662	564	131	1551	0	26908
10805	1583	436	23349	829	0	26197
10806	761	323	23086	627	0	24797
10807	22416	279	1377	523	0	24595
10808	1533	22083	642	466	0	24724
10809	466	18905	266	232	0	19869
10810	409	1103	590	17470	0	19572
10811	378	17791	157	901	0	19227
10812	363	1007	118	17991	0	19479
10813	346	396	119	19955	0	20816
10814	303	306	156	19714	0	20479
10815	251	18874	183	1198	0	20506
10816	291	909	181	19568	0	20949
10817	299	369	17358	1100	0	19126
10818	283	17234	769	512	0	18798
10819	309	804	219	15647	0	16979
10820	295	16415	152	758	0	17620
10821	16638	900	146	315	0	17999
10822	16700	359	113	279	0	17451
10823	16746	277	87	323	0	17433
10824	1019	16128	136	283	0	17566
10825	519	757	133	16594	0	18003
10826	401	307	15736	855	0	17299
10827	388	284	15492	319	0	16483
10828	14918	313	764	257	0	16252
10829	15423	290	251	248	0	16212
10830	949	262	176	15108	0	16495
10831	400	227	132	17431	0	18190
10832	363	204	16548	1021	0	18136
10833	290	15978	668	507	0	17443
10834	275	16686	280	470	0	17711
10835	244	698	15062	273	0	16277
10836	218	224	473	13770	0	14685
10837	193	251	140	13361	0	13945
10838	217	183	105	14623	0	15128
10839	185	196	98	14749	0	15228
10840	14002	147	69	699	0	14917
10841	608	205	12996	260	0	14069
10842	13190	162	474	247	0	14073
10843	684	135	126	13491	0	14436
10844	13563	163	131	546	0	14403
10845	608	190	146	13487	0	14431
10846	341	156	13156	595	0	14248
10847	211	186	485	13483	0	14365
10848	207	209	14466	628	0	15510
10849	219	145	478	15147	0	15989
10850	195	127	15283	695	0	16300
10851	168	14849	529	353	0	15899
10852	214	518	186	15204	0	16122
10853	181	232	143	15595	0	16151
10854	191	15753	136	586	0	16666
10855	16606	603	97	301	0	17607
10856	583	250	156	16404	0	17393
10857	212	227	108	17070	0	17617
10858	16549	150	104	864	0	17667
10859	17483	141	131	369	0	18124
10860	18342	117	148	286	0	18893
10861	18432	107	144	265	0	18948
10862	825	134	16460	225	0	17644
10863	15507	152	389	138	0	16186
10864	16349	122	131	203	0	16805
10865	576	112	127	15881	0	16696
10866	233	121	137	16367	0	16858
10867	16166	96	86	575	0	16923
10868	537	15581	85	306	0	16509
10869	194	417	121	16347	0	17079
10870	168	159	15663	640	0	16630
10871	94	15260	177	168	0	15699
10872	16076	207	107	119	0	16509
10873	16704	115	60	107	0	16986
10874	16148	64	53	68	0	16333
10875	16222	60	49	67	0	16398
10876	247	51	29	15945	0	16272
10877	149	43	15740	203	0	16135
10878	106	58	15458	126	0	15748
10879	96	39	185	16651	0	16971
10880	17798	36	84	262	0	18180
10881	290	33	67	17710	0	18100
10882	133	34	17674	335	0	18176
10883	17414	33	301	175	0	17923
10884	17812	34	97	111	0	18054
10885	404	22	76	17578	0	18080
10886	199	24	19464	342	0	20029
10887	167	32	19373	124	0	19696
10888	18626	28	358	105	0	19117
10889	327	18505	151	148	0	19131
10890	97	199	18091	47	0	18434
10891	71	40	206	18023	0	18340
10892	17493	29	65	255	0	17842
10893	223	16011	72	114	0	16420
10894	82	16283	61	77	0	16503
10895	17000	240	52	49	0	17341
10896	258	65	42	16780	0	17145
10897	17621	49	40	243	0	17953
10898	259	41	52	17380	0	17732
10899	99	32	56	17555	0	17742
10900	98	33	16878	271	0	17280
10901	86	72	15433	117	0	15708
10902	81	57	16375	90	0	16603
10903	55	35	298	16568	0	16956
10904	17426	26	104	278	0	17834
10905	327	47	17415	111	0	17900
10906	130	42	275	17324	0	17771
10907	126	40	17593	318	0	18077
10908	99	18242	296	163	0	18800
10909	89	249	120	19290	0	19748
10910	106	70	89	19274	0	19539
10911	91	38	73	19666	0	19868
10912	19533	37	82	440	0	20092
10913	322	29	113	18427	0	18891
10914	119	36	112	18609	0	18876
10915	18558	32	95	432	0	19117
10916	349	57	17454	181	0	18041
10917	17443	30	325	141	0	17939
10918	17931	45	121	120	0	18217
10919	415	55	19392	124	0	19986
10920	17781	53	317	113	0	18264
10921	374	62	102	20493	0	21031
10922	182	35	22246	356	0	22819
10923	21874	31	291	194	0	22390
10924	24455	30	111	136	0	24732
10925	398	24	99	24595	0	25116
10926	186	22	75	24981	0	25264
10927	178	16	75	25341	0	25610
10928	24990	9	96	434	0	25529
10929	381	24461	106	213	0	25161
10930	25327	257	90	175	0	25849
10931	371	22437	79	134	0	23021
10932	149	22350	120	134	0	22753
10933	128	313	98	23278	0	23817
10934	129	94	83	23393	0	23699
10935	131	74	69	22915	0	23189
10936	125	40	64	23238	0	23467
10937	108	52	22314	453	0	22927
10938	21267	43	313	247	0	21870
10939	371	36	111	23340	0	23858
10940	161	78	22824	377	0	23440
10941	135	43	307	22494	0	22979
10942	141	55	103	23822	0	24121
10943	142	73	24240	418	0	24873
10944	127	91	292	24748	0	25258
10945	107	83	112	25431	0	25733
10946	25729	45	101	457	0	26332
10947	354	56	25785	271	0	26466
10948	23227	39	306	226	0	23798
10949	334	24937	179	198	0	25648
10950	26028	413	107	188	0	26736
10951	25253	118	138	150	0	25659
10952	558	72	113	25052	0	25795
10953	212	45	24555	539	0	25351
10954	136	23634	462	260	0	24492
10955	115	428	147	24952	0	25642
10956	79	26296	157	446	0	26978
10957	27230	618	87	222	0	28157
10958	662	175	26697	175	0	27709
10959	205	139	25404	112	0	25860
10960	125	75	680	24841	0	25721
10961	131	63	26731	709	0	27634
10962	98	76	619	26137	0	26930
10963	113	59	172	26852	0	27196
10964	27871	54	123	816	0	28864
10965	633	26831	108	331	0	27903
10966	203	605	87	28274	0	29169
10967	126	154	117	29543	0	29940
10968	105	103	87	29454	0	29749
10969	124	27170	115	916	0	28325
10970	102	28646	134	358	0	29240
10971	27101	822	91	242	0	28256
10972	27166	250	96	189	0	27701
10973	26644	142	101	171	0	27058
10974	986	88	26782	174	0	28030
10975	354	51	687	26654	0	27746
10976	215	78	26873	875	0	28041
10977	152	26200	766	355	0	27473
10978	27294	736	515	238	0	28783
10979	765	201	26258	144	0	27368
10980	231	109	611	25578	0	26529
10981	174	90	26767	676	0	27707
10982	25885	57	613	210	0	26765
10983	27775	38	203	156	0	28172
10984	27882	55	110	113	0	28160
10985	27199	51	88	112	0	27450
10986	812	76	28678	95	0	29661
10987	28072	61	556	84	0	28773
10988	29809	49	177	98	0	30133
10989	712	28080	147	99	0	29038
10990	29453	564	357	71	0	30445
10991	30758	172	71	82	0	31083
10992	798	117	69	29059	0	30043
10993	309	29160	106	500	0	30075
10994	31096	566	91	179	0	31932
10995	34472	171	94	130	0	34867
10996	1097	151	39177	153	0	40578
10997	445	115	40125	95	0	40780
10998	300	131	41004	101	0	41536
10999	182	469	1731	39886	0	42268
11000	41355	107	675	1308	0	43445
11001	1365	40545	330	547	0	42787
11002	40720	1294	160	262	0	42436
11003	1520	40906	143	190	0	42759
11004	41688	1422	131	79	0	43320
11005	1468	40220	178	115	0	41981
11006	578	41425	149	135	0	42287
11007	39697	1692	480	92	0	41961
11008	1272	42312	108	125	0	43817
11009	554	1443	88	43253	0	45338
11010	369	642	42793	1276	0	45080
11011	373	343	43307	468	0	44491
11012	267	236	1710	42386	0	44599
11013	481	193	683	45355	0	46712
11014	412	225	44229	2125	0	46991
11015	323	445	1465	44032	0	46265
11016	571	262	606	46564	0	48003
11017	45901	191	476	2035	0	48603
11018	1693	44311	641	893	0	47538
11019	718	1474	715	41383	0	44290
11020	426	43045	696	1439	0	45606
11021	42565	1701	401	830	0	45497
11022	1827	41401	221	557	0	44006
11023	42641	2046	148	291	0	45126
11024	42128	939	122	209	0	43398
11025	2318	842	106	39583	0	42849
11026	1223	568	143	40490	0	42424
11027	693	674	202	41440	0	43009
11028	415	716	250	41681	0	43062
11029	549	551	37897	2378	0	41375
11030	35418	548	1506	1083	0	38555
11031	1579	38074	778	844	0	41275
11032	759	1532	684	42496	0	45471
11033	530	621	684	43126	0	44961
11034	409	41162	470	2444	0	44485
11035	41738	1564	363	1430	0	45095
11036	1505	41542	530	919	0	44496
11037	778	1766	333	42789	0	45666
11038	585	841	259	44038	0	45723
11039	674	633	165	44239	0	45711
11040	596	725	143	44355	0	45819
11041	42654	590	164	2646	0	46054
11042	1952	642	40210	1223	0	44027
11043	1130	545	1547	40785	0	44007
11044	803	569	751	41063	0	43186
11045	788	422	562	41617	0	43389
11046	813	268	402	41916	0	43399
11047	39274	204	309	3012	0	42799
11048	1899	349	37670	1790	0	41708
11049	828	274	1353	36815	0	39270
11050	575	35213	642	2139	0	38569
11051	483	38142	631	1031	0	40287
11052	37560	1925	353	681	0	40519
11053	1647	1339	36324	545	0	39855
11054	35552	821	1228	668	0	38269
11055	1827	612	35639	837	0	38915
11056	814	658	1204	34002	0	36678
11057	35243	477	602	1620	0	37942
11058	1401	34283	483	1073	0	37240
11059	642	1379	470	33511	0	36002
11060	416	33244	415	2835	0	36910
11061	34893	1245	340	1557	0	38035
11062	35426	576	364	1266	0	37632
11063	1990	351	315	35086	0	37742
11064	1047	318	33583	1753	0	36701
11065	639	364	32827	1348	0	35178
11066	433	1338	1388	32128	0	35287
11067	316	32259	608	1728	0	34911
11068	401	1374	284	34928	0	36987
11069	350	801	128	33216	0	34495
11070	387	516	101	33792	0	34796
11071	405	364	31842	1904	0	34515
11072	342	261	1107	32570	0	34280
11073	260	215	560	33317	0	34352
11074	234	31220	392	1921	0	33767
11075	184	1131	257	33540	0	35112
11076	151	471	254	34659	0	35535
11077	205	255	278	35118	0	35856
11078	237	198	238	35083	0	35756
11079	298	195	158	35123	0	35774
11080	259	274	148	35286	0	35967
11081	207	288	152	34234	0	34881
11082	208	341	107	33390	0	34046
11083	305	417	30116	2032	0	32870
11084	327	370	993	31571	0	33261
11085	31200	294	435	1736	0	33665
11086	1300	234	290	28593	0	30417
11087	706	142	27703	1823	0	30374
11088	26219	154	1151	1119	0	28643
11089	28632	173	522	821	0	30148
11090	28927	183	314	681	0	30105
11091	29200	171	249	684	0	30304
11092	1793	123	201	28303	0	30420
11093	831	184	26514	1710	0	29239
11094	473	26342	1096	1103	0	29014
11095	263	24414	466	678	0	25821
11096	471	903	76	19291	0	20741
11097	55	213	36	18892	0	19196
11098	66	86	31	18905	0	19088
11099	54	53	36	19457	0	19600
11100	44	35	36	24687	0	24802
11101	24991	32	39	1363	0	26425
11102	1026	24144	65	640	0	25875
11103	434	25864	65	323	0	26686
11104	241	1405	56	25511	0	27213
11105	107	636	57	26587	0	27387
11106	102	245	34	26705	0	27086
11107	96	98	32	26995	0	27221
11108	110	102	21313	2027	0	23552
11109	118	22415	1072	991	0	24596
11110	54	929	415	23810	0	25208
11111	22346	492	164	1243	0	24245
11112	1012	230	78	23285	0	24605
11113	503	163	22059	1371	0	24096
11114	243	158	21761	744	0	22906
11115	92	126	22022	435	0	22675
11116	56	75	1438	21673	0	23242
11117	24145	55	631	1198	0	26029
11118	925	71	302	24599	0	25897
11119	465	81	166	25397	0	26109
11120	24230	67	126	1619	0	26042
11121	1012	70	122	24649	0	25853
11122	525	76	105	24573	0	25279
11123	288	73	22854	1671	0	24886
11124	146	22520	979	909	0	24554
11125	136	903	504	24471	0	26014
11126	24908	443	314	1249	0	26914
11127	998	194	189	25954	0	27335
11128	540	121	24544	1408	0	26613
11129	294	89	950	25146	0	26479
11130	184	24211	497	1434	0	26326
11131	175	920	269	26174	0	27538
11132	173	503	22385	1459	0	24520
11133	127	24698	998	858	0	26681
11134	107	1193	508	26155	0	27963
11135	91	596	289	30524	0	31500
11136	99	359	204	31026	0	31688
11137	105	168	152	31704	0	32129
11138	119	173	27747	2658	0	30697
11139	107	28314	1448	1302	0	31171
11140	29385	1485	614	833	0	32317
11141	30891	655	385	563	0	32494
11142	1988	379	206	30374	0	32947
11143	869	245	29160	1884	0	32158
11144	29040	155	1574	979	0	31748
11145	1642	148	690	30584	0	33064
11146	718	169	29887	1991	0	32765
11147	443	115	1576	31042	0	33176
11148	274	103	693	31853	0	32923
11149	207	126	452	32847	0	33632
11150	239	166	30056	2800	0	33261
11151	259	155	1546	29967	0	31927
11152	279	30362	676	2176	0	33493
11153	31497	1495	470	1117	0	34579
11154	32336	669	349	804	0	34158
11155	32894	436	273	685	0	34288
11156	2457	30829	288	657	0	34231
11157	31925	1571	205	687	0	34388
11158	2025	675	281	31556	0	34537
11159	31671	392	296	2113	0	34472
11160	31816	260	275	1151	0	33502
11161	2357	290	28528	936	0	32111
11162	1115	29065	1581	775	0	32536
11163	30103	1574	744	636	0	33057
11164	1894	739	479	29398	0	32510
11165	997	518	28252	1987	0	31754
11166	721	30214	1627	1104	0	33666
11167	30383	1586	665	779	0	33413
11168	1824	765	442	30628	0	33659
11169	984	505	263	32744	0	34496
11170	731	324	239	32801	0	34095
11171	604	30953	247	2697	0	34501
11172	524	1584	231	32866	0	35205
11173	427	31038	335	2399	0	34199
11174	373	1799	327	32045	0	34544
11175	471	830	30687	2339	0	34327
11176	410	580	1544	32393	0	34927
11177	410	375	784	33590	0	35159
11178	357	345	586	34606	0	35894
11179	424	354	31662	2990	0	35430
11180	382	258	1572	33408	0	35620
11181	364	258	786	34983	0	36391
11182	315	281	541	35497	0	36634
11183	336	316	408	35327	0	36387
11184	350	315	325	36126	0	37116
11185	381	291	31786	3168	0	35626
11186	335	314	1536	34027	0	36212
11187	370	276	751	35077	0	36474
11188	32016	245	540	2994	0	35795
11189	1689	30439	422	1860	0	34410
11190	915	32667	379	1335	0	35296
11191	700	1955	386	33234	0	36275
11192	477	962	340	35964	0	37743
11193	415	33778	348	2798	0	37339
11194	452	1524	263	34337	0	36576
11195	381	32863	312	2516	0	36072
11196	374	1438	283	32737	0	34832
11197	328	703	301	34495	0	35827
11198	396	537	31129	2426	0	34488
11199	336	30625	1231	1631	0	33823
11200	302	27562	448	854	0	29166
11201	24396	990	275	515	0	26176
11202	805	24923	188	488	0	26404
11203	365	923	141	24727	0	26156
11204	357	378	23574	983	0	25292
11205	217	363	629	23686	0	24895
11206	24359	277	231	1142	0	26009
11207	797	294	23823	571	0	25485
11208	283	24791	703	576	0	26353
11209	279	813	270	24088	0	25450
11210	196	329	269	26167	0	26961
11211	26141	261	199	1197	0	27798
11212	706	240	191	27303	0	28440
11213	270	205	173	27546	0	28194
11214	253	234	142	27291	0	27920
11215	182	207	123	27658	0	28170
11216	26224	185	154	1356	0	27919
11217	24978	173	115	840	0	26106
11218	840	162	125	25462	0	26589
11219	25160	146	156	1238	0	26700
11220	862	176	170	25155	0	26363
11221	329	167	24253	1275	0	26024
11222	322	169	23102	722	0	24315
11223	266	128	723	22829	0	23946
11224	197	22766	347	1045	0	24355
11225	963	728	226	24161	0	26078
11226	22937	248	146	1111	0	24442
11227	622	241	110	23325	0	24298
11228	22868	158	118	1198	0	24342
11229	772	165	88	23255	0	24280
11230	320	158	22209	1158	0	23845
11231	285	20794	584	649	0	22312
11232	195	22087	225	609	0	23116
11233	107	785	92	19725	0	20709
11234	92	185	19277	704	0	20258
11235	30	14892	99	109	0	15130
11236	28	88	22	15946	0	16084
11237	15865	56	32	105	0	16058
11238	65	61	17210	87	0	17423
11239	20	31	81	17343	0	17475
11240	24	44	21	18331	0	18420
11241	37	35	17319	147	0	17538
11242	48	59	15212	96	0	15415
11243	22	54	18021	75	0	18172
11244	23	26	93	17931	0	18073
11245	35	16	18492	131	0	18674
11246	17079	10	64	36	0	17189
11247	44	213	18	21072	0	21347
11248	26	26	24309	55	0	24416
11249	7	22270	97	58	0	22432
11250	21	62	23632	20	0	23735
11251	11	28	65	23444	0	23548
11252	25683	9	26	186	0	25904
11253	160	6	22	25067	0	25255
11254	19	23	17	26654	0	26713
11255	28544	8	33	186	0	28771
11256	237	13	13	27792	0	28055
11257	43	27	27726	262	0	28058
11258	27481	9	222	51	0	27763
11259	259	27731	73	55	0	28118
11260	30372	260	21	37	0	30690
11261	272	48	17	29963	0	30300
11262	70	37	28844	301	0	29252
11263	51	65	28620	82	0	28818
11264	40	28	310	29540	0	29918
11265	38	21	61	29706	0	29826
11266	42	33	28441	320	0	28836
11267	37	65	27391	82	0	27575
11268	29900	12	322	44	0	30278
11269	282	4	65	29783	0	30134
11270	30303	9	37	308	0	30657
11271	288	17	43	29212	0	29560
11272	77	26	34023	320	0	34446
11273	60	55	35437	95	0	35647
11274	39	14	400	36454	0	36907
11275	32	20	93	36925	0	37070
11276	45	36	36257	457	0	36795
11277	33340	14	402	139	0	33895
11278	392	7	99	36880	0	37378
11279	37430	3	61	436	0	37930
11280	482	39351	111	126	0	40070
11281	91	687	56	43025	0	43859
11282	43058	148	61	850	0	44117
11283	847	103	42076	262	0	43288
11284	244	50	786	42433	0	43513
11285	126	51	224	42833	0	43234
11286	95	19	124	44869	0	45107
11287	108	55	42958	1129	0	44250
11288	66	38	828	41700	0	42632
11289	84	43096	293	967	0	44440
11290	56	747	129	46158	0	47090
11291	85	210	44391	1010	0	45696
11292	85	154	41421	346	0	42006
11293	83	68	970	41572	0	42693
11294	100	57	296	42812	0	43265
11295	78	41	194	44108	0	44421
11296	83	47	159	44482	0	44771
11297	43451	31	157	1205	0	44844
11298	42298	27	112	484	0	42921
11299	1008	51	41252	303	0	42614
11300	319	42049	831	287	0	43486
11301	165	754	243	45662	0	46824
11302	46310	196	178	970	0	47654
11303	44552	118	186	391	0	45247
11304	45980	74	153	279	0	46486
11305	45809	84	111	264	0	46268
11306	1159	82	43532	244	0	45017
11307	42037	48	885	229	0	43199
11308	989	41101	323	258	0	42671
11309	369	770	159	44003	0	45301
11310	268	236	43305	977	0	44786
11311	193	124	888	42248	0	43453
11312	201	122	42866	1088	0	44277
11313	184	99	914	43414	0	44611
11314	170	75	319	45460	0	46024
11315	44909	56	254	1316	0	46535
11316	967	60	188	44828	0	46043
11317	353	73	46197	1244	0	47867
11318	236	61	948	47254	0	48499
11319	47611	72	343	1253	0	49279
11320	1003	80	257	47586	0	48926
11321	430	73	47320	1219	0	49042
11322	284	44479	1062	578	0	46403
11323	47976	843	384	449	0	49652
11324	993	274	280	46264	0	47811
11325	381	46619	224	1039	0	48263
11326	47878	885	220	530	0	49513
11327	1098	336	47485	403	0	49322
11328	461	45176	1049	395	0	47081
11329	320	900	379	51882	0	53481
11330	292	318	51329	1119	0	53058
11331	266	227	1033	48787	0	50313
11332	51528	142	387	1302	0	53359
11333	1058	159	49616	595	0	51428
11334	452	115	985	50153	0	51705
11335	364	106	51495	1233	0	53198
11336	305	107	1060	50000	0	51472
11337	264	135	451	52343	0	53193
11338	50044	116	356	1411	0	51927
11339	980	46782	300	766	0	48828
11340	422	892	250	49776	0	51340
11341	49878	269	279	1335	0	51761
11342	48512	180	291	636	0	49619
11343	1240	130	246	47272	0	48888
11344	516	45403	264	1267	0	47450
11345	359	47957	221	694	0	49231
11346	331	1067	218	47447	0	49063
11347	293	424	181	46839	0	47737
11348	42779	254	178	1415	0	44626
11349	1037	184	219	43219	0	44659
11350	439	181	41083	1300	0	43003
11351	36833	130	825	669	0	38457
11352	873	38689	388	553	0	40503
11353	40637	753	229	444	0	42063
11354	1045	320	38743	445	0	40553
11355	457	37475	809	372	0	39113
11356	41913	750	335	318	0	43316
11357	41959	308	272	295	0	42834
11358	1025	204	39411	258	0	40898
11359	37869	186	777	274	0	39106
11360	39787	149	322	315	0	40573
11361	1023	38873	277	308	0	40481
11362	523	712	156	41341	0	42732
11363	458	291	38848	927	0	40524
11364	315	208	789	38661	0	39973
11365	289	170	40098	1015	0	41572
11366	254	151	902	39633	0	40940
11367	40987	114	306	1016	0	42423
11368	863	104	225	42864	0	44056
11369	343	97	46623	1239	0	48302
11370	47372	94	1411	515	0	49392
11371	1643	51	494	49115	0	51303
11372	587	67	44168	1547	0	46369
11373	40039	36	1439	681	0	42195
11374	1543	43	559	42506	0	44651
11375	651	81	41036	1644	0	43412
11376	1053	123	40481	709	0	42366
11377	257	92	1808	40942	0	43099
11378	233	96	42116	1618	0	44063
11379	168	38685	1689	699	0	41241
11380	68	1664	534	36894	0	39160
11381	37223	337	343	1046	0	38949
11382	1046	248	36457	467	0	38218
11383	423	120	35342	348	0	36233
11384	33001	57	1374	194	0	34626
11385	1136	47	36285	140	0	37608
11386	33696	22	1365	141	0	35224
11387	1280	39	35765	135	0	37219
11388	529	29	1340	34882	0	36780
11389	387	43	34545	1086	0	36061
11390	192	49	1319	33292	0	34852
11391	162	58	34798	1306	0	36324
11392	140	77	34120	583	0	34920
11393	31665	39	1475	446	0	33625
11394	1076	33901	828	237	0	36042
11395	35934	1018	511	160	0	37623
11396	1282	36361	356	164	0	38163
11397	578	1237	259	36751	0	38825
11398	406	493	256	38308	0	39463
11399	37586	302	236	1470	0	39594
11400	1170	140	258	35643	0	37211
11401	539	101	35243	1457	0	37340
11402	34200	62	1171	634	0	36067
11403	35736	51	610	436	0	36833
11404	1544	54	475	35074	0	37147
11405	757	91	34530	1205	0	36583
11406	473	85	1170	34251	0	35979
11407	260	34131	562	1394	0	36347
11408	230	1069	397	35299	0	36995
11409	194	477	248	36819	0	37738
11410	205	342	34154	1652	0	36353
11411	29416	180	1169	873	0	31638
11412	1174	32631	534	569	0	34908
11413	32723	1051	352	339	0	34465
11414	1269	32442	261	286	0	34258
11415	617	1231	184	33096	0	35128
11416	424	33289	200	1198	0	35111
11417	282	1335	30959	615	0	33191
11418	221	566	1202	29260	0	31249
11419	202	351	580	31227	0	32360
11420	184	184	405	33015	0	33788
11421	30781	122	340	1890	0	33133
11422	1247	120	265	31449	0	33081
11423	31029	145	290	1663	0	33127
11424	31895	151	209	860	0	33115
11425	31967	184	257	648	0	33056
11426	1991	167	30681	483	0	33322
11427	1044	165	1280	30090	0	32579
11428	642	141	729	33513	0	35025
11429	447	144	578	34466	0	35635
11430	34225	170	462	2522	0	37379
11431	1869	151	427	34549	0	36996
11432	753	164	407	36412	0	37736
11433	36326	163	396	2725	0	39610
11434	2176	162	364	38315	0	41017
11435	950	167	37535	2719	0	41371
11436	730	168	38173	1149	0	40220
11437	522	126	2737	38888	0	42273
11438	38116	88	1189	2584	0	41977
11439	38099	96	850	1050	0	40095
11440	2900	81	613	38362	0	41956
11441	1262	96	37556	2585	0	41499
11442	839	36773	2289	1132	0	41033
11443	557	1994	955	38427	0	41933
11444	488	629	706	40493	0	42316
11445	430	380	587	41528	0	42925
11446	39094	199	535	3433	0	43261
11447	2448	175	38311	1515	0	42449
11448	38926	239	2315	996	0	42476
11449	2822	208	861	37311	0	41202
11450	1136	38220	644	2444	0	42444
11451	39503	2172	408	1131	0	43214
11452	39809	702	379	934	0	41824
11453	3013	512	38352	771	0	42648
11454	1333	36213	2196	745	0	40487
11455	874	38085	833	748	0	40540
11456	36156	2590	603	699	0	40048
11457	2584	903	431	36158	0	40076
11458	1097	560	334	38292	0	40283
11459	850	366	385	37736	0	39337
11460	608	33932	371	3359	0	38270
11461	479	36564	271	1511	0	38825
11462	36095	2619	271	1074	0	40059
11463	2329	992	270	36495	0	40086
11464	946	626	42221	2741	0	46534
11465	795	403	2835	46639	0	50672
11466	578	444	50832	3843	0	55697
11467	607	448	51277	1603	0	53935
11468	612	482	49789	1059	0	51942
11469	328	43416	4050	614	0	48408
11470	278	2687	1656	39162	0	43783
11471	275	43724	1002	2511	0	47512
11472	235	3105	555	42027	0	45922
11473	201	1222	415	45611	0	47449
11474	42288	776	307	3993	0	47364
11475	2788	443	247	44507	0	47985
11476	42819	325	242	3834	0	47220
11477	46286	216	202	1774	0	48478
11478	3985	238	222	42191	0	46636
11479	1741	45954	279	3300	0	51274
11480	1107	2769	249	46311	0	50436
11481	747	46720	254	3469	0	51190
11482	494	3281	242	49010	0	53027
11483	482	1383	45243	3851	0	50959
11484	404	812	2700	47727	0	51643
11485	354	507	1061	50573	0	52495
11486	44854	389	749	4480	0	50472
11487	2826	45918	497	2252	0	51493
11488	1274	2882	393	47322	0	51871
11489	929	1103	289	48667	0	50988
11490	651	48638	315	4371	0	53975
11491	553	3077	292	50280	0	54202
11492	46322	1277	322	4216	0	52137
11493	48991	938	269	2029	0	52227
11494	3792	46722	270	1553	0	52337
11495	1759	2970	263	48655	0	53647
11496	44882	1221	316	3712	0	50131
11497	3210	46126	367	1824	0	51527
11498	1488	3167	346	43318	0	48319
11499	1088	46278	396	3307	0	51069
11500	46844	3468	391	1729	0	52432
11501	3333	1597	44565	1343	0	50838
11502	1501	1085	46109	1133	0	49828
11503	1083	776	3772	45761	0	51392
11504	796	701	45765	3604	0	50866
11505	655	565	3752	46638	0	51610
11506	46046	661	1706	4057	0	52470
11507	3281	539	46126	2215	0	52161
11508	1566	623	3157	46655	0	52001
11509	1105	618	1369	50233	0	53325
11510	46830	556	890	4814	0	53090
11511	3281	50955	624	2526	0	57386
11512	53797	3106	451	1889	0	59243
11513	54367	1460	475	1425	0	57727
11514	4404	51266	536	1316	0	57522
11515	2091	3120	437	52492	0	58140
11516	1452	1491	48933	3473	0	55349
11517	993	1083	2802	49700	0	54578
11518	804	50123	1215	3844	0	55986
11519	51776	3287	890	1987	0	57940
11520	3072	1535	619	52961	0	58187
11521	1349	1196	52822	3978	0	59345
11522	1023	898	2870	54484	0	59275
11523	742	744	1275	58173	0	60934
11524	730	704	844	58762	0	61040
11525	733	673	598	58883	0	60887
11526	709	622	490	57396	0	59217
11527	634	666	51499	5596	0	58395
11528	501	576	47897	2887	0	51861
11529	533	45065	2895	2060	0	50553
11530	494	49295	1433	1462	0	52684
11531	49507	2937	934	1190	0	54568
11532	2538	1606	48682	1048	0	53874
11533	46208	987	2266	956	0	50417
11534	2605	790	46029	861	0	50285
11535	1345	563	44665	819	0	47392
11536	903	542	2845	44030	0	48320
11537	51250	514	1564	2385	0	55713
11538	2108	440	995	51117	0	54660
11539	1140	451	748	52421	0	54760
11540	859	379	52474	3394	0	57106
11541	587	371	2006	54160	0	57124
11542	589	327	1089	57682	0	59687
11543	561	322	710	59011	0	60604
11544	612	327	585	58919	0	60443
11545	605	303	389	59618	0	60915
11546	56788	300	382	3933	0	61403
11547	2064	344	329	57965	0	60702
11548	1140	391	54531	3346	0	59408
11549	928	451	1708	55968	0	59055
11550	690	409	54680	3054	0	58833
11551	568	412	2195	54821	0	57996
11552	472	354	55567	3101	0	59494
11553	374	335	2372	53951	0	57032
11554	339	325	1220	57251	0	59135
11555	358	349	54036	3415	0	58158
11556	48332	313	2105	2212	0	52962
11557	1938	365	54434	1607	0	58344
11558	1097	257	2275	54681	0	58310
11559	55527	226	1267	2725	0	59745
11560	2160	260	878	54664	0	57962
11561	1275	1123	547	55541	0	58486
11562	854	328	52033	3224	0	56439
11563	659	49040	1843	2183	0	53725
11564	308	43963	738	1174	0	46183
11565	195	40926	763	819	0	42703
11566	53	273	563	35915	0	36804
11567	38457	81	48	303	0	38889
11568	150	43	31	36278	0	36502
11569	46	19	28	35705	0	35798
11570	35	13	21	36221	0	36290
11571	22	5	27	36062	0	36116
11572	14	33918	38	217	0	34187
11573	39	115	5	38039	0	38198
11574	12	38	6	37727	0	37783
11575	13	35867	35	211	0	36126
11576	38047	53	5	45	0	38150
11577	46	29	3	36719	0	36797
11578	36516	14	5	76	0	36611
11579	32299	15	9	40	0	32363
11580	75	32504	40	33	0	32652
11581	37	53	7	38772	0	38869
11582	49	47	37358	58	0	37512
11583	31	53	35892	34	0	36010
11584	8	21	88	37189	0	37306
11585	39286	9	54	92	0	39441
11586	38316	3	43	44	0	38406
11587	84	15	15	38115	0	38229
11588	39166	2	14	92	0	39274
11589	101	36782	36	65	0	36984
11590	36602	68	2	38	0	36710
11591	95	42957	106	49	0	43207
11592	39	89	8	47528	0	47664
11593	32	46	5	47285	0	47368
11594	17	45372	45	97	0	45531
11595	47776	71	7	63	0	47917
11596	82	92	45268	45	0	45487
11597	31	33	67	45991	0	46122
11598	52	38	46960	76	0	47126
11599	26	23	92	44968	0	45109
11600	48018	6	46	105	0	48175
11601	78	19	47	46915	0	47059
11602	47401	6	16	127	0	47550
11603	46649	5	16	60	0	46730
11604	114	21	15	46863	0	47013
11605	100	44	47607	94	0	47845
11606	54	44145	192	73	0	44464
11607	32	68	28	48764	0	48892
11608	48654	33	32	102	0	48821
11609	89	92	47727	64	0	47972
11610	60	37	73	46554	0	46724
11611	44	29	45	44470	0	44588
11612	36	18	27	45416	0	45497
11613	45600	15	23	124	0	45762
11614	76	16	31	44249	0	44372
11615	43	12	22	45237	0	45314
11616	53	33	43538	141	0	43765
11617	46	12	79	42647	0	42784
11618	45	13	43	45834	0	45935
11619	25	3	41	46847	0	46916
11620	30	43749	64	157	0	44000
11621	33	79	11	44990	0	45113
11622	28	38	15	44493	0	44574
11623	43874	44	25	237	0	44180
11624	240	98	42158	121	0	42617
11625	103	115	39358	111	0	39687
11626	66	41821	363	88	0	42338
11627	38	230	103	47654	0	48025
11628	49069	68	59	257	0	49453
11629	211	69	37	47358	0	47675
11630	77	28	23	46723	0	46851
11631	56	22	36	47446	0	47560
11632	37	22	16	45947	0	46022
11633	25	23	17	45803	0	45868
11634	51	40	44332	390	0	44813
11635	44	19	191	43974	0	44228
11636	45611	9	78	350	0	46048
11637	208	38220	93	175	0	38696
11638	83	219	35	41082	0	41419
11639	50	81	32	41251	0	41414
11640	56	72	38064	328	0	38520
11641	38	51	208	35175	0	35472
11642	25	24	79	39999	0	40127
11643	40408	17	61	601	0	41087
11644	439	41676	62	362	0	42539
11645	222	707	35	43446	0	44410
11646	118	249	19	43886	0	44272
11647	87	118	16	43742	0	43963
11648	73	127	41108	1130	0	42438
11649	65	151	39431	499	0	40146
11650	28	39267	875	326	0	40496
11651	29	41516	338	235	0	42118
11652	15	873	144	42500	0	43532
11653	26	40135	182	740	0	41083
11654	28	867	64	45465	0	46424
11655	26	323	75	50700	0	51124
11656	23	154	47	53209	0	53433
11657	21	100	47	70233	0	70401
11658	53	197	65204	2871	0	68325
11659	23	89	1762	69369	0	71243
11660	38	64	1013	71423	0	72538
11661	38	50	440	74543	0	75071
11662	68095	60	373	4440	0	72968
11663	1980	68977	466	2608	0	74031
11664	1182	2196	372	65938	0	69688
11665	488	70666	343	3120	0	74617
11666	67286	2720	217	2238	0	72461
11667	57825	1898	209	1527	0	61459
11668	2873	66892	109	1184	0	71058
11669	1531	70534	129	937	0	73131
11670	986	4189	61847	775	0	67797
11671	768	68855	1992	842	0	72457
11672	705	3352	1172	69571	0	74800
11673	68824	2219	649	2812	0	74504
11674	2518	70396	506	1973	0	75393
11675	1432	3322	477	71774	0	77005
11676	790	2324	420	74009	0	77543
11677	721	1367	423	76630	0	79141
11678	72351	1153	333	5166	0	79003
11679	3003	1109	67861	3280	0	75253
11680	66711	916	2332	2201	0	72160
11681	3388	65454	1374	1893	0	72109
11682	2057	3105	630	68277	0	74069
11683	1267	2078	63855	3709	0	70909
11684	60494	1240	2795	2289	0	66818
11685	3368	65781	1678	1259	0	72086
11686	2044	3329	913	65888	0	72174
11687	1288	66654	680	3364	0	71986
11688	968	3621	662	68176	0	73427
11689	819	2293	550	70935	0	74597
11690	677	1515	64620	4987	0	71799
11691	714	1221	57640	3134	0	62709
11692	648	1113	3737	59756	0	65254
11693	627	937	57969	4366	0	63899
11694	446	786	3473	59143	0	63848
11695	572	614	2297	59595	0	63078
11696	404	671	1509	63346	0	65930
11697	58036	393	1343	5972	0	65744
11698	2950	465	1263	61832	0	66510
11699	1820	576	56813	5199	0	64408
11700	57703	597	2900	3686	0	64886
11701	3238	659	1805	60543	0	66245
11702	2197	597	1077	62943	0	66814
11703	58371	623	954	5840	0	65788
11704	3512	57558	1130	3582	0	65782
11705	2214	2898	1058	60374	0	66544
11706	1320	1818	907	62858	0	66903
11707	58779	1175	768	6122	0	66844
11708	3479	921	56217	4158	0	64775
11709	2150	1060	2723	58976	0	64909
11710	1325	879	1766	61045	0	65015
11711	1224	849	1075	59554	0	62702
11712	1135	55955	1010	6235	0	64335
11713	915	2808	1141	61075	0	65939
11714	56487	1711	996	5667	0	64861
11715	3222	56811	911	4246	0	65190
11716	57388	3266	711	3397	0	64762
11717	3628	58100	632	2997	0	65357
11718	57489	3843	605	2691	0	64628
11719	4381	2603	56005	2209	0	65198
11720	2848	1814	56714	2359	0	63735
11721	57343	1332	3917	2093	0	64685
11722	4317	1375	56871	1761	0	64324
11723	2810	1215	3534	57318	0	64877
11724	1713	1032	2511	59293	0	64549
11725	1619	818	1800	64848	0	69085
11726	59255	837	1532	5892	0	67516
11727	3657	832	56309	3872	0	64670
11728	57582	839	3312	3066	0	64799
11729	4053	798	2163	63261	0	70275
11730	64958	947	1308	5398	0	72611
11731	4686	816	1089	67026	0	73617
11732	66438	851	1126	5368	0	73783
11733	5162	763	1072	71997	0	78994
11734	3144	921	66347	5708	0	76120
11735	69460	785	3701	3858	0	77804
11736	75080	719	2054	2937	0	80790
11737	6418	746	1403	73904	0	82471
11738	3687	663	1231	73393	0	78974
11739	2509	71254	1443	6447	0	81653
11740	69333	3587	1238	3956	0	78114
11741	5084	71365	1206	2940	0	80595
11742	69236	3765	1173	2600	0	76774
11743	5262	2038	66039	2514	0	75853
11744	2963	1302	63691	2513	0	70469
11745	2297	1041	63148	2260	0	68746
11746	61521	1014	4920	1847	0	69302
11747	4656	63181	2742	1877	0	72456
11748	2951	3380	2000	65224	0	73555
11749	62432	1769	1775	4363	0	70339
11750	4450	63999	1569	2898	0	72916
11751	3039	3600	1209	63185	0	71033
11752	2170	62597	1064	4580	0	70411
11753	1964	61765	905	3260	0	67894
11754	1906	65535	818	2201	0	70460
11755	53955	4592	680	1784	0	61011
11756	3547	55355	768	1601	0	61271
11757	988	37145	395	634	0	39162
11758	769	40032	389	604	0	41794
11759	38706	1946	1133	594	0	42379
11760	39379	1128	304	579	0	41390
11761	2172	453	36122	542	0	39289
11762	37075	336	1418	566	0	39395
11763	39791	378	518	496	0	41183
11764	2187	359	331	39499	0	42376
11765	40615	304	311	1836	0	43066
11766	2099	389	36935	753	0	40176
11767	978	40145	1540	530	0	43193
11768	42036	1715	630	454	0	44835
11769	2052	727	433	47346	0	50558
11770	48483	518	303	2251	0	51555
11771	2587	518	43289	1045	0	47439
11772	45399	451	1714	627	0	48191
11773	2373	416	671	44872	0	48332
11774	1242	431	42268	2136	0	46077
11775	650	40693	1687	935	0	43965
11776	545	44478	729	571	0	46323
11777	395	2194	284	41385	0	44258
11778	374	908	164	40651	0	42097
11779	339	44286	191	1972	0	46788
11780	45414	1813	183	794	0	48204
11781	46032	809	157	342	0	47340
11782	45507	353	177	325	0	46362
11783	2568	44209	180	379	0	47336
11784	1188	1809	156	41229	0	44382
11785	642	45104	197	1598	0	47541
11786	46186	1878	135	728	0	48927
11787	46756	832	132	421	0	48141
11788	2517	45076	201	324	0	48118
11789	46098	1764	146	282	0	48290
11790	2152	782	155	44858	0	47947
11791	1026	393	169	46403	0	47991
11792	45941	336	256	2344	0	48877
11793	45783	310	210	917	0	47220
11794	46780	312	167	500	0	47759
11795	2595	316	162	44730	0	47803
11796	1187	317	189	46939	0	48632
11797	727	431	44339	2343	0	47840
11798	659	387	1618	44859	0	47523
11799	494	455	668	46729	0	48346
11800	632	358	44231	2518	0	47739
11801	574	469	42852	1016	0	44911
11802	547	414	45606	522	0	47089
11803	536	381	2351	44037	0	47305
11804	625	484	45996	1901	0	49006
11805	495	500	1816	44246	0	47057
11806	477	446	767	47279	0	48969
11807	597	468	45344	2502	0	48911
11808	617	542	45883	1057	0	48099
11809	544	476	2201	44823	0	48044
11810	576	505	47544	2032	0	50657
11811	617	533	46510	966	0	48626
11812	534	44932	2282	668	0	48416
11813	47648	1900	940	472	0	50960
11814	48110	939	479	461	0	49989
11815	48593	599	391	448	0	50031
11816	2595	46184	380	482	0	49641
11817	1379	51926	345	486	0	54136
11818	927	2290	337	52234	0	55788
11819	764	914	408	51687	0	53773
11820	764	516	48519	2523	0	52322
11821	723	444	1773	49021	0	51961
11822	50265	415	830	2301	0	53811
11823	2149	387	533	45392	0	48461
11824	1122	46168	464	1903	0	49657
11825	46696	1840	421	1032	0	49989
11826	46729	866	401	672	0	48668
11827	48482	449	376	720	0	50027
11828	2891	386	45526	640	0	49443
11829	1098	284	1330	41993	0	44705
11830	43520	263	746	1631	0	46160
11831	1911	284	42773	1049	0	46017
11832	1013	42384	1720	654	0	45771
11833	469	39825	618	449	0	41361
11834	38152	1604	283	404	0	40443
11835	1342	38454	278	357	0	40431
11836	618	1166	198	35938	0	37920
11837	353	634	35878	1206	0	38071
11838	300	298	1038	35516	0	37152
11839	36670	218	541	1352	0	38781
11840	1151	35557	282	748	0	37738
11841	36812	1088	228	390	0	38518
11842	1373	522	36388	318	0	38601
11843	702	258	1075	35279	0	37314
11844	375	40587	531	1140	0	42633
11845	295	1089	280	42695	0	44359
11846	42278	497	265	1346	0	44386
11847	43638	269	232	736	0	44875
11848	43527	172	238	388	0	44325
11849	43771	239	262	317	0	44589
11850	1702	168	199	41561	0	43630
11851	804	180	41915	1264	0	44163
11852	453	178	1040	41347	0	43018
11853	378	40810	547	1256	0	42991
11854	43087	1021	319	696	0	45123
11855	1227	504	41913	424	0	44068
11856	41116	220	1194	399	0	42929
11857	1207	176	603	42541	0	44527
11858	627	211	43322	1281	0	45441
11859	361	136	1167	43359	0	45023
11860	44538	122	595	1417	0	46672
11861	44479	141	338	756	0	45714
11862	45149	175	324	428	0	46076
11863	1577	141	44472	297	0	46487
11864	688	125	961	42584	0	44358
11865	392	119	45457	1101	0	47069
11866	302	44057	1099	620	0	46078
11867	44575	848	507	315	0	46245
11868	998	43720	324	313	0	45355
11869	38633	457	58	35	0	39183
11870	476	121	36	37354	0	37987
11871	145	36811	52	396	0	37404
11872	38488	438	44	104	0	39074
11873	495	118	37445	61	0	38119
11874	141	52	430	36644	0	37267
11875	37977	47	96	481	0	38601
11876	499	63	37068	134	0	37764
11877	144	38	392	35556	0	36130
11878	115	35417	160	396	0	36088
11879	92	411	64	36348	0	36915
11880	90	153	52	36109	0	36404
11881	35924	86	44	499	0	36553
11882	446	35092	47	194	0	35779
11883	140	435	55	35996	0	36626
11884	114	36631	97	464	0	37306
11885	96	445	61	36566	0	37168
11886	89	35599	69	445	0	36202
11887	36348	444	68	129	0	36989
11888	482	163	35544	103	0	36292
11889	172	94	385	36374	0	37025
11890	114	58	132	37039	0	37343
11891	80	73	83	37636	0	37872
11892	122	72	49	37363	0	37606
11893	132	72	37030	561	0	37795
11894	127	35365	417	209	0	36118
11895	37534	414	123	130	0	38201
11896	37167	129	90	95	0	37481
11897	498	35859	82	150	0	36589
11898	36953	459	64	119	0	37595
11899	36503	146	75	101	0	36825
11900	529	38477	69	151	0	39226
11901	206	489	56	39009	0	39760
11902	168	38766	56	409	0	39399
11903	39486	473	84	157	0	40200
11904	519	168	37130	131	0	37948
11905	33394	89	457	154	0	34094
11906	501	84	37650	132	0	38367
11907	201	76	414	36292	0	36983
11908	37283	56	144	479	0	37962
11909	553	86	35763	172	0	36574
11910	32899	51	445	135	0	33530
11911	35203	64	157	138	0	35562
11912	542	82	88	33991	0	34703
11913	209	33269	120	451	0	34049
11914	35366	469	52	151	0	36038
11915	512	180	29	34146	0	34867
11916	198	33225	105	456	0	33984
11917	32405	455	56	165	0	33081
11918	493	183	52	32031	0	32759
11919	194	30672	95	447	0	31408
11920	139	458	68	32737	0	33402
11921	31235	132	74	512	0	31953
11922	32420	79	64	213	0	32776
11923	32385	71	65	143	0	32664
11924	545	57	94	30988	0	31684
11925	195	82	65	32302	0	32644
11926	161	84	31964	556	0	32765
11927	108	106	425	30451	0	31090
11928	182	79	33355	564	0	34180
11929	150	109	31176	181	0	31616
11930	71	68	30400	58	0	30597
11931	46	30958	183	64	0	31251
11932	68	182	56	30803	0	31109
11933	39	31492	75	113	0	31719
11934	34057	188	51	49	0	34345
11935	34117	63	52	43	0	34275
11936	249	51	45	34995	0	35340
11937	113	52	34963	344	0	35472
11938	76	42	412	34403	0	34933
11939	89	65	35975	490	0	36619
11940	56	47	440	34829	0	35372
11941	53	35454	160	470	0	36137
11942	54	36412	121	168	0	36755
11943	36058	496	66	122	0	36742
11944	491	180	32345	82	0	33098
11945	149	92	423	32333	0	32997
11946	102	77	124	33435	0	33738
11947	32958	76	77	551	0	33662
11948	457	31837	88	251	0	32633
11949	32782	474	65	134	0	33455
11950	478	34426	107	138	0	35149
11951	34659	493	74	120	0	35346
11952	34342	163	81	101	0	34687
11953	559	120	93	34121	0	34893
11954	235	103	33899	556	0	34793
11955	32775	92	480	213	0	33560
11956	632	34811	197	172	0	35812
11957	37284	670	96	118	0	38168
11958	719	215	80	33589	0	34603
11959	247	148	105	33896	0	34396
11960	194	33940	110	741	0	34985
11961	151	665	86	34214	0	35116
11962	108	33674	55	659	0	34496
11963	124	690	45	33389	0	34248
11964	131	212	40	32932	0	33315
11965	31027	175	47	787	0	32036
11966	702	153	31303	267	0	32425
11967	222	29977	544	213	0	30956
11968	168	618	150	32313	0	33249
11969	33551	176	115	704	0	34546
11970	34262	129	103	272	0	34766
11971	34949	113	106	202	0	35370
11972	847	138	33686	154	0	34825
11973	33773	117	615	175	0	34680
11974	754	125	169	35503	0	36551
11975	35637	102	123	754	0	36616
11976	708	34577	107	307	0	35699
11977	278	679	79	36007	0	37043
11978	35378	239	71	749	0	36437
11979	739	37912	102	309	0	39062
11980	299	1023	99	39641	0	41062
11981	286	288	38362	1104	0	40040
11982	38195	209	974	369	0	39747
11983	41470	201	242	291	0	42204
11984	1518	215	40548	235	0	42516
11985	560	38338	1086	207	0	40191
11986	422	41599	311	197	0	42529
11987	374	1367	221	41260	0	43222
11988	278	458	197	41396	0	42329
11989	278	344	174	41527	0	42323
11990	298	244	40108	1691	0	42341
11991	38826	233	1201	637	0	40897
11992	42076	250	326	455	0	43107
11993	42353	273	227	387	0	43240
11994	45493	279	227	351	0	46350
11995	46567	241	198	327	0	47333
11996	47159	263	220	392	0	48034
11997	2190	215	246	52551	0	55202
11998	927	268	51385	1859	0	54439
11999	667	302	52574	703	0	54246
12000	508	297	1920	51814	0	54539
12001	504	297	612	51728	0	53141
12002	505	280	379	51100	0	52264
12003	536	51989	262	2219	0	55006
12004	52563	1808	235	941	0	55547
12005	2013	55116	271	699	0	58099
12006	850	2000	297	55682	0	58829
12007	53324	638	293	2190	0	56445
12008	2122	54300	265	911	0	57598
12009	910	1967	274	55819	0	58970
12010	712	755	212	58447	0	60126
12011	598	576	191	58143	0	59508
12012	520	56596	306	2843	0	60265
12013	502	2124	309	59619	0	62554
12014	480	771	56486	2937	0	60674
12015	463	578	2001	59088	0	62130
12016	522	452	649	59677	0	61300
12017	552	507	390	62269	0	63718
12018	554	507	323	65415	0	66799
12019	616	624	60081	3758	0	65079
12020	552	62317	2168	1905	0	66942
12021	641	2512	769	63318	0	67240
12022	534	1001	521	66697	0	68753
12023	537	774	425	64070	0	65806
12024	540	60593	560	3845	0	65538
12025	521	65793	396	2116	0	68826
12026	64490	3107	377	1643	0	69617
12027	2663	1190	318	65151	0	69322
12028	1005	936	61917	3481	0	67339
12029	701	62891	2281	1980	0	67853
12030	63405	2768	838	1537	0	68548
12031	2675	1155	60716	1378	0	65924
12032	1160	942	60796	1364	0	64262
12033	745	709	62448	1344	0	65246
12034	1214	1924	3180	59172	0	65490
12035	573	754	59558	3253	0	64138
12036	393	57261	2741	1753	0	62148
12037	362	2404	1079	58367	0	62212
12038	475	1009	57221	2961	0	61666
12039	362	774	2548	57404	0	61088
12040	56565	677	1145	3252	0	61639
12041	2334	650	54875	1797	0	59656
12042	53944	589	2575	1419	0	58527
12043	2490	57180	1194	1291	0	62155
12044	59084	2485	904	1241	0	63714
12045	2587	1097	887	58771	0	63342
12046	59911	789	826	3077	0	64603
12047	60531	679	786	1672	0	63668
12048	58435	704	821	1366	0	61326
12049	3067	59607	814	1272	0	64760
12050	59000	2453	774	1151	0	63378
12051	60056	987	816	1137	0	62996
12052	3401	844	57162	1074	0	62481
12053	1712	58383	2502	1071	0	63668
12054	1359	2469	2417	58448	0	64693
12055	1053	1108	981	59952	0	63094
12056	959	920	777	61574	0	64230
12057	943	764	57350	3453	0	62510
12058	969	604	2421	58485	0	62479
12059	865	636	57985	3392	0	62878
12060	57002	645	2609	1798	0	62054
12061	59789	706	1284	1569	0	63348
12062	3239	637	58271	1439	0	63586
12063	58545	755	2515	1258	0	63073
12064	60777	638	1320	1274	0	64009
12065	61835	640	969	1329	0	64773
12066	3503	673	963	59478	0	64617
12067	2000	746	58476	2992	0	64214
12068	1511	59048	2386	1863	0	64808
12069	1304	2334	1265	60608	0	65511
12070	1271	1255	60342	3112	0	65980
12071	1254	1011	58391	1852	0	62508
12072	56561	817	3007	1596	0	61981
12073	2677	60404	1582	1502	0	66165
12074	62310	2419	1178	1465	0	67372
12075	62259	1139	1046	1451	0	65895
12076	3165	62560	1121	1465	0	68311
12077	64305	2453	1146	1257	0	69161
12078	3305	1260	63422	1314	0	69301
12079	1721	765	60563	1025	0	64074
12080	1456	703	59743	1128	0	63030
12081	1297	58311	2760	1082	0	63450
12082	57311	1755	1472	890	0	61428
12083	57526	892	1118	1000	0	60536
12084	2558	55354	1179	902	0	59993
12085	1571	57696	1018	959	0	61244
12086	1291	2188	921	56046	0	60446
12087	1096	1287	969	57270	0	60622
12088	56339	986	777	2320	0	60422
12089	2378	55931	801	1336	0	60446
12090	56375	2047	887	961	0	60270
12091	54878	1174	869	850	0	57771
12092	2891	913	54643	798	0	59245
12093	1824	54636	2020	749	0	59229
12094	1409	1859	1033	52864	0	57165
12095	52533	924	882	1331	0	55670
12096	2117	828	827	51544	0	55316
12097	45646	491	628	1349	0	48114
12098	1690	459	42963	696	0	45808
12099	1057	41298	1375	579	0	44309
12100	798	43269	730	524	0	45321
12101	750	1378	545	40377	0	43050
12102	808	42913	500	950	0	45171
12103	43899	1237	746	597	0	46479
12104	1318	741	41538	514	0	44111
12105	38782	594	990	412	0	40778
12106	1277	518	41840	442	0	44077
12107	908	444	966	41487	0	43805
12108	779	440	585	41895	0	43699
12109	839	369	497	42973	0	44678
12110	41701	320	383	1122	0	43526
12111	1279	295	40887	600	0	43061
12112	737	220	778	39826	0	41561
12113	550	236	495	40026	0	41307
12114	515	38055	397	1059	0	40026
12115	411	38233	256	608	0	39508
12116	412	39772	298	450	0	40932
12117	305	1861	211	37260	0	39637
12118	210	195	141	35631	0	36177
12119	71	33195	57	284	0	33607
12120	71	34189	53	133	0	34446
12121	35188	206	53	94	0	35541
12122	190	534	45	34704	0	35473
12123	100	33800	67	168	0	34135
12124	35250	165	43	83	0	35541
12125	202	86	34	34606	0	34928
12126	41242	48	65	190	0	41545
12127	472	39	46	42281	0	42838
12128	217	134	40287	480	0	41118
12129	115	40839	465	229	0	41648
12130	41484	399	127	139	0	42149
12131	501	240	42122	78	0	42941
12132	175	42041	477	121	0	42814
12133	102	359	114	43776	0	44351
12134	38	139	75	43993	0	44245
12135	45	119	24	43072	0	43260
12136	31	41	38	43591	0	43701
12137	39	120	42432	600	0	43191
12138	31	41840	414	284	0	42569
12139	44	413	93	44001	0	44551
12140	41909	136	79	443	0	42567
12141	406	42325	58	239	0	43028
12142	137	405	45	45847	0	46434
12143	160	244	42714	636	0	43754
12144	65	43968	731	304	0	45068
12145	251	813	268	40225	0	41557
12146	60	45762	213	399	0	46434
12147	48859	976	65	197	0	50097
12148	48995	282	44	187	0	49508
12149	1305	239	45175	101	0	46820
12150	46085	100	895	129	0	47209
12151	48284	80	297	121	0	48782
12152	1376	179	43974	98	0	45627
12153	496	44013	1023	126	0	45658
12154	281	979	301	46518	0	48079
12155	174	358	154	48085	0	48771
12156	46756	211	89	1402	0	48458
12157	1094	88	84	47822	0	49088
12158	376	131	46822	1298	0	48627
12159	44208	116	1123	448	0	45895
12160	1224	166	44870	317	0	46577
12161	413	44830	1259	204	0	46706
12162	44860	1147	346	167	0	46520
12163	1283	408	45537	147	0	47375
12164	512	353	42768	126	0	43759
12165	292	42937	1321	135	0	44685
12166	175	1087	450	45358	0	47070
12167	200	394	43889	1130	0	45613
12168	137	282	1209	40704	0	42332
12169	130	124	373	43869	0	44496
12170	142	138	40562	1493	0	42335
12171	152	39021	1211	629	0	41013
12172	132	1084	418	41908	0	43542
12173	41097	358	299	1248	0	43002
12174	40663	249	181	471	0	41564
12175	1431	133	167	40345	0	42076
12176	572	174	38271	1266	0	40283
12177	354	184	39327	468	0	40333
12178	192	116	1464	39449	0	41221
12179	190	165	38527	1246	0	40128
12180	37211	148	1329	502	0	39190
12181	1270	109	483	38705	0	40567
12182	489	117	369	40884	0	41859
12183	334	39682	260	1563	0	41839
12184	181	1166	248	41994	0	43589
12185	213	427	40521	1501	0	42662
12186	39445	295	1266	628	0	41634
12187	42268	141	526	467	0	43402
12188	1657	185	43629	282	0	45753
12189	719	143	1332	44563	0	46757
12190	390	134	540	47352	0	48416
12191	274	158	46199	1890	0	48521
12192	254	151	1465	47919	0	49789
12193	239	116	647	49797	0	50799
12194	255	49195	481	1991	0	51922
12195	291	1586	302	52187	0	54366
12196	213	558	289	54935	0	55995
12197	53932	323	265	2466	0	56986
12198	54740	225	274	1053	0	56292
12199	55658	182	264	712	0	56816
12200	55369	169	289	457	0	56284
12201	55454	191	277	444	0	56366
12202	2755	218	51444	464	0	54881
12203	1142	170	1877	51801	0	54990
12204	646	140	706	54941	0	56433
12205	443	168	51794	2629	0	55034
12206	49618	172	1961	1166	0	52917
12207	52713	207	790	737	0	54447
12208	2574	238	49193	534	0	52539
12209	51240	175	1860	499	0	53774
12210	54050	154	777	470	0	55451
12211	2684	189	51795	465	0	55133
12212	1221	160	2045	49503	0	52929
12213	792	55206	875	1989	0	58862
12214	644	2358	562	57538	0	61102
12215	604	709	356	58951	0	60620
12216	573	405	323	59286	0	60587
12217	584	196	55378	3152	0	59310
12218	54075	195	2259	1297	0	57826
12219	57978	146	900	866	0	59890
12220	2851	125	618	56028	0	59622
12221	1272	150	54129	2455	0	58006
12222	803	121	2281	54926	0	58131
12223	585	150	54855	2752	0	58342
12224	558	168	57402	1172	0	59300
12225	500	58063	2890	886	0	62339
12226	1664	1786	956	53135	0	57541
12227	52431	547	530	2082	0	55590
12228	52297	302	371	921	0	53891
12229	52645	172	365	630	0	53812
12230	2722	164	301	49853	0	53040
12231	1101	51077	328	2107	0	54613
12232	638	1912	324	53675	0	56549
12233	437	640	55088	2601	0	58766
12234	60690	350	2198	1114	0	64352
12235	66243	177	784	766	0	67970
12236	3373	124	538	64639	0	68674
12237	1381	136	379	66595	0	68491
12238	880	161	350	68359	0	69750
12239	645	177	62346	3855	0	67023
12240	54362	160	2764	1793	0	59079
12241	2824	59870	1090	1056	0	64840
12242	1061	60216	681	772	0	62730
12243	785	2432	59255	576	0	63048
12244	610	821	2323	58493	0	62247
12245	619	483	58894	2635	0	62631
12246	56737	303	2678	1020	0	60738
12247	2290	478	778	57901	0	61447
12248	992	222	55954	2372	0	59540
12249	714	57582	2062	1131	0	61489
12250	57272	1835	786	781	0	60674
12251	2373	658	57440	627	0	61098
12252	1000	55867	2144	597	0	59608
12253	771	59159	820	560	0	61310
12254	58562	2337	597	502	0	61998
12255	2237	875	449	58524	0	62085
12256	941	545	59814	2301	0	63601
12257	652	59081	2105	1065	0	62903
12258	59898	2077	822	700	0	63497
12259	60092	716	586	586	0	61980
12260	2503	58254	542	592	0	61891
12261	1098	2101	60799	516	0	64514
12262	789	788	2162	61784	0	65523
12263	62037	518	876	2300	0	65731
12264	63301	364	693	906	0	65264
12265	2842	371	60457	773	0	64443
12266	1240	355	2254	58648	0	62497
12267	905	327	854	62689	0	64775
12268	708	359	60628	2777	0	64472
12269	587	417	59597	1212	0	61813
12270	61320	401	2678	799	0	65198
12271	64326	346	1095	659	0	66426
12272	64798	351	811	610	0	66570
12273	64813	355	661	561	0	66390
12274	3249	364	60314	574	0	64501
12275	61832	300	2288	560	0	64980
12276	2978	294	927	61312	0	65511
12277	1374	355	65219	2476	0	69424
12278	1001	386	66217	1179	0	68783
12279	823	64238	3480	1026	0	69567
12280	747	2107	1198	66408	0	70460
12281	804	820	66239	2806	0	70669
12282	63050	627	2409	1051	0	67137
12283	2564	642	1109	54821	0	59136
12284	1165	63625	929	1841	0	67560
12285	65534	2077	762	934	0	69307
12286	66329	688	814	782	0	68613
12287	3012	520	63793	674	0	67999
12288	1408	60367	2241	696	0	64712
12289	1057	1893	972	61976	0	65898
12290	61811	746	836	2110	0	65503
12291	2436	555	663	61261	0	64915
12292	1080	438	57114	2289	0	60921
12293	50399	845	1862	887	0	53993
12294	2015	53334	891	1084	0	57324
12295	860	51848	678	588	0	53974
12296	630	55004	547	533	0	56714
12297	55269	1759	531	431	0	57990
12298	55353	737	467	374	0	56931
12299	55242	526	459	322	0	56549
12300	2199	442	373	54525	0	57539
12301	1020	412	53806	1546	0	56784
12302	735	357	1566	54659	0	57317
12303	55430	307	610	1785	0	58132
12304	1887	306	483	55201	0	57877
12305	56757	261	492	1695	0	59205
12306	58058	289	466	732	0	59545
12307	57043	324	473	626	0	58466
12308	1917	55812	464	619	0	58812
12309	58093	1474	502	471	0	60540
12310	2011	511	54992	375	0	57889
12311	1000	421	54193	271	0	55885
12312	900	54134	1582	308	0	56924
12313	667	1109	509	52310	0	54595
12314	52826	383	396	1137	0	54742
12315	1524	333	51020	387	0	53264
12316	49706	214	1258	374	0	51552
12317	1508	204	505	50237	0	52454
12318	635	50729	492	1181	0	53037
12319	519	1125	495	54157	0	56296
12320	488	480	52395	1303	0	54666
12321	49025	360	1257	568	0	51210
12322	1535	272	53145	427	0	55379
12323	761	318	50540	313	0	51932
12324	47981	236	1320	290	0	49827
12325	1365	46414	647	345	0	48771
12326	49571	1146	415	191	0	51323
12327	50106	369	376	281	0	51132
12328	1724	301	47536	201	0	49762
12329	46700	267	1294	296	0	48557
12330	1498	310	46730	400	0	48938
12331	664	207	43015	386	0	44272
12332	615	193	44001	357	0	45166
12333	493	39648	1206	300	0	41647
12334	35237	924	1206	82	0	37449
12335	35675	100	85	73	0	35933
12336	35810	60	98	69	0	36037
12337	35696	46	134	64	0	35940
12338	536	57	34874	64	0	35531
12339	242	57	333	34419	0	35051
12340	156	44	181	36015	0	36396
12341	36574	57	153	392	0	37176
12342	380	35171	145	165	0	35861
12343	158	308	94	35894	0	36454
12344	35688	92	132	319	0	36231
12345	406	73	35818	107	0	36404
12346	198	73	303	32899	0	33473
12347	139	122	34180	324	0	34765
12348	188	32507	365	145	0	33205
12349	206	268	102	32995	0	33571
12350	33062	91	128	274	0	33555
12351	329	94	93	32873	0	33389
12352	181	90	32528	342	0	33141
12353	143	30994	324	172	0	31633
12354	32570	270	136	113	0	33089
12355	370	127	32263	96	0	32856
12356	29779	36	204	36	0	30055
12357	282	30753	105	61	0	31201
12358	33947	238	54	23	0	34262
12359	35417	112	50	38	0	35617
12360	407	54	54	36211	0	36726
12361	203	88	35615	351	0	36257
12362	107	35279	419	183	0	35988
12363	110	380	146	37474	0	38110
12364	109	144	79	37642	0	37974
12365	83	72	64	41767	0	41986
12366	110	58	53	42263	0	42484
12367	79	45654	94	973	0	46800
12368	50142	846	83	300	0	51371
12369	1071	48939	87	216	0	50313
12370	285	1170	76	52562	0	54093
12371	52390	289	64	1304	0	54047
12372	1280	132	51	52530	0	53993
12373	412	855	49920	1413	0	52600
12374	226	50233	1148	467	0	52074
12375	205	1246	306	51410	0	53167
12376	167	397	151	53530	0	54245
12377	48317	196	135	1583	0	50231
12378	1382	222	45591	544	0	47739
12379	45205	136	1235	456	0	47032
12380	46545	158	380	293	0	47376
12381	47227	203	195	320	0	47945
12382	1761	176	46593	323	0	48853
12383	691	255	1246	45637	0	47829
12384	451	181	411	47717	0	48760
12385	394	209	46575	1784	0	48962
12386	402	241	47249	740	0	48632
12387	47994	162	1611	552	0	50319
12388	1575	160	567	49443	0	51745
12389	49457	187	429	1688	0	51761
12390	50400	175	310	744	0	51629
12391	1835	227	295	50577	0	52934
12392	770	212	52675	1752	0	55409
12393	50417	182	1671	746	0	53016
12394	1976	171	583	54295	0	57025
12395	866	176	51206	1996	0	54244
12396	776	51414	1618	820	0	54628
12397	52233	1627	606	667	0	55133
12398	1928	52500	487	600	0	55515
12399	910	1850	404	46200	0	49364
12400	629	51583	360	1742	0	54314
12401	51348	1783	424	754	0	54309
12402	52134	586	399	627	0	53746
12403	2237	51267	370	694	0	54568
12404	52371	1766	405	553	0	55095
12405	51797	641	348	593	0	53379
12406	2423	48896	356	608	0	52283
12407	50117	1824	383	623	0	52947
12408	2287	593	413	49090	0	52383
12409	1126	510	397	50792	0	52825
12410	50497	390	388	2276	0	53551
12411	2368	346	423	46014	0	49151
12412	1122	46978	378	1933	0	50411
12413	47137	1810	318	928	0	50193
12414	47288	690	359	712	0	49049
12415	2331	46781	378	1408	0	50898
12416	48443	1851	351	676	0	51321
12417	49331	725	389	615	0	51060
12418	2663	575	309	47404	0	50951
12419	1444	520	44954	2000	0	48918
12420	1167	46523	1626	912	0	50228
12421	48245	1928	530	744	0	51447
12422	49308	790	405	674	0	51177
12423	2821	616	46050	672	0	50159
12424	46889	524	1606	700	0	49719
12425	2498	504	44363	731	0	48096
12426	46048	521	1729	658	0	48956
12427	2489	507	621	46074	0	49691
12428	1380	558	44877	2032	0	48847
12429	1184	655	45928	881	0	48648
12430	1168	971	1922	44391	0	48452
12431	1089	644	768	47675	0	50176
12432	1090	554	44721	2287	0	48652
12433	1145	493	1694	45505	0	48837
12434	1131	547	44640	2212	0	48530
12435	1120	520	1949	43977	0	47566
12436	1180	581	776	42877	0	45414
12437	1172	43149	664	2226	0	47211
12438	1236	43404	618	1136	0	46394
12439	1109	44822	615	1012	0	47558
12440	1130	2124	579	43878	0	47711
12441	1128	806	644	45453	0	48031
12442	981	637	43055	2624	0	47297
12443	42695	560	1940	1242	0	46437
12444	45170	512	880	1028	0	47590
12445	2584	43276	709	1007	0	47576
12446	45456	1910	654	822	0	48842
12447	2751	803	619	45512	0	49685
12448	45900	617	726	2359	0	49602
12449	47223	537	643	1163	0	49566
12450	2992	484	614	45706	0	49796
12451	43206	586	681	2405	0	46878
12452	2615	43385	609	1190	0	47799
12453	1411	46961	550	988	0	49910
12454	1160	2570	627	43109	0	47466
12455	1251	47153	552	2098	0	51054
12456	1111	2281	512	44547	0	48451
12457	1108	919	470	46827	0	49324
12458	44116	633	483	2475	0	47707
12459	2520	41165	481	2027	0	46193
12460	40641	1927	418	939	0	43925
12461	38600	767	456	721	0	40544
12462	2378	38620	414	739	0	42151
12463	39087	1905	352	787	0	42131
12464	2397	821	36939	795	0	40952
12465	1015	34325	1311	646	0	37297
12466	33325	1667	408	712	0	36112
12467	1668	579	30577	465	0	33289
12468	619	27060	898	367	0	28944
12469	537	28885	357	432	0	30211
12470	25640	956	167	190	0	26953
12471	25767	429	143	189	0	26528
12472	26453	293	110	190	0	27046
12473	1110	25262	114	200	0	26686
12474	493	855	130	26044	0	27522
12475	25783	357	132	850	0	27122
12476	26300	256	145	331	0	27032
12477	1143	232	109	25685	0	27169
12478	525	231	25813	886	0	27455
12479	427	213	25606	340	0	26586
12480	360	199	892	26945	0	28396
12481	313	203	334	28046	0	28896
12482	380	137	26275	1017	0	27809
12483	322	149	826	24805	0	26102
12484	312	26436	331	907	0	27986
12485	27658	821	250	375	0	29104
12486	875	287	213	26826	0	28201
12487	25463	167	121	855	0	26606
12488	860	25625	145	394	0	27024
12489	371	26865	148	251	0	27635
12490	27290	876	148	246	0	28560
12491	795	295	25528	209	0	26827
12492	20697	114	860	124	0	21795
12493	502	21114	164	134	0	21914
12494	234	409	88	21597	0	22328
12495	21390	192	60	454	0	22096
12496	458	107	54	21308	0	21927
12497	21583	76	62	459	0	22180
12498	21256	94	58	220	0	21628
12499	557	23594	56	145	0	24352
12500	24878	451	58	115	0	25502
12501	496	23727	59	118	0	24400
12502	24971	475	42	98	0	25586
12503	507	221	56	24471	0	25255
12504	25017	132	61	443	0	25653
12505	536	125	55	26515	0	27231
12506	28022	125	34	464	0	28645
12507	27853	117	29	214	0	28213
12508	27800	119	40	143	0	28102
12509	27943	93	45	113	0	28194
12510	27488	105	40	128	0	27761
12511	730	107	39	27117	0	27993
12512	27489	102	42	503	0	28136
12513	552	26107	69	235	0	26963
12514	315	447	27163	104	0	28029
12515	212	211	366	26607	0	27396
12516	209	112	28318	516	0	29155
12517	190	129	390	28472	0	29181
12518	194	115	29202	603	0	30114
12519	28923	113	481	275	0	29792
12520	659	111	164	29409	0	30343
12521	347	119	29468	576	0	30510
12522	255	118	31067	276	0	31716
12523	224	110	592	33397	0	34323
12524	37393	108	217	588	0	38306
12525	744	35972	133	308	0	37157
12526	37540	661	120	150	0	38471
12527	37625	324	101	154	0	38204
12528	1027	36349	113	115	0	37604
12529	38435	706	96	147	0	39384
12530	894	332	106	37491	0	38823
12531	494	207	69	37844	0	38614
12532	281	183	78	38720	0	39262
12533	37958	106	98	1018	0	39180
12534	785	36026	92	509	0	37412
12535	418	716	97	37339	0	38570
12536	279	341	100	38901	0	39621
12537	38486	201	75	1023	0	39785
12538	837	146	75	37702	0	38760
12539	468	128	37775	918	0	39289
12540	304	37876	646	479	0	39305
12541	39198	693	286	281	0	40458
12542	744	320	115	36513	0	37692
12543	385	37193	110	680	0	38368
12544	38260	686	86	358	0	39390
12545	847	326	36792	245	0	38210
12546	366	35277	486	164	0	36293
12547	36593	558	249	140	0	37540
12548	609	305	110	36047	0	37071
12549	368	167	86	36489	0	37110
12550	218	137	35887	815	0	37057
12551	193	98	506	34286	0	35083
12552	165	128	40635	703	0	41631
12553	168	113	37949	424	0	38654
12554	143	101	39242	217	0	39703
12555	38902	82	712	157	0	39853
12556	38828	68	350	132	0	39378
12557	41524	57	198	105	0	41884
12558	761	89	131	40183	0	41164
12559	434	39299	129	466	0	40328
12560	253	40162	93	305	0	40813
12561	41084	622	85	182	0	41973
12562	40440	332	80	156	0	41008
12563	680	40810	83	173	0	41746
12564	41346	446	114	147	0	42053
12565	601	262	41047	120	0	42030
12566	343	167	40174	106	0	40790
12567	231	131	622	34368	0	35352
12568	177	79	326	40892	0	41474
12569	198	83	41452	622	0	42355
12570	160	70	499	39017	0	39746
12571	41189	61	276	585	0	42111
12572	491	71	40080	303	0	40945
12573	38082	61	469	194	0	38806
12574	528	76	256	41390	0	42250
12575	365	98	45659	463	0	46585
12576	233	43519	488	301	0	44541
12577	46931	411	248	169	0	47759
12578	516	250	44713	163	0	45642
12579	43842	151	496	134	0	44623
12580	569	114	300	43589	0	44572
12581	44344	76	196	513	0	45129
12582	605	91	47746	804	0	49246
12583	362	98	464	47486	0	48410
12584	51126	63	292	561	0	52042
12585	52570	64	219	321	0	53174
12586	54635	95	176	224	0	55130
12587	55350	89	147	187	0	55773
12588	889	83	132	52494	0	53598
12589	495	96	112	52459	0	53162
12590	378	116	53596	776	0	54866
12591	311	106	500	51209	0	52126
12592	262	156	276	51463	0	52157
12593	266	52010	186	765	0	53227
12594	54032	511	174	417	0	55134
12595	54291	310	114	310	0	55025
12596	872	56379	142	279	0	57672
12597	481	817	143	58326	0	59767
12598	324	392	134	59348	0	60198
12599	55814	186	126	1330	0	57456
12600	1117	158	57153	681	0	59109
12601	525	125	992	57951	0	59593
12602	366	119	58405	1246	0	60136
12603	55077	86	1108	586	0	56857
12604	58666	108	498	391	0	59663
12605	57857	104	307	274	0	58542
12606	1560	123	223	55081	0	56987
12607	720	133	157	55960	0	56970
12608	56643	137	168	1406	0	58354
12609	1285	160	55469	665	0	57579
12610	597	96	957	55936	0	57586
12611	56903	109	457	1181	0	58650
12612	1132	123	300	55961	0	57516
12613	608	93	59903	1245	0	61849
12614	432	128	56296	596	0	57452
12615	53644	81	1297	424	0	55446
12616	1102	55926	635	387	0	58050
12617	60083	823	301	267	0	61474
12618	60087	308	228	208	0	60831
12619	1289	173	188	57783	0	59433
12620	611	120	178	57403	0	58312
12621	436	55840	184	1244	0	57704
12622	56828	864	147	562	0	58401
12623	1070	55417	152	434	0	57073
12624	343	53754	120	1281	0	55498
12625	250	861	105	55836	0	57052
12626	55714	270	105	827	0	56916
12627	55971	144	102	310	0	56527
12628	990	91	111	54881	0	56073
12629	412	81	124	53647	0	54264
12630	280	59	106	54465	0	54910
12631	53786	64	100	1077	0	55027
12632	907	99	53038	454	0	54498
12633	386	51752	740	354	0	53232
12634	55705	702	237	298	0	56942
12635	900	666	186	54200	0	55952
12636	454	140	53932	995	0	55521
12637	340	162	54563	397	0	55462
12638	262	53412	1012	344	0	55030
12639	217	59781	383	285	0	60666
12640	281	1157	415	58759	0	60612
12641	247	55896	217	809	0	57169
12642	253	855	109	59200	0	60417
12643	222	276	85	60170	0	60753
12644	59897	192	92	1154	0	61335
12645	930	138	80	59688	0	60836
12646	406	119	100	60658	0	61283
12647	321	135	58849	1175	0	60480
12648	236	118	761	59957	0	61072
12649	61342	109	276	1148	0	62875
12650	61057	90	216	470	0	61833
12651	1133	61051	213	356	0	62753
12652	58517	964	125	281	0	59887
12653	1227	423	54044	259	0	55953
12654	495	52073	939	296	0	53803
12655	344	972	270	55511	0	57097
12656	268	368	151	56664	0	57451
12657	242	243	141	56101	0	56727
12658	55402	182	151	1488	0	57223
12659	52613	181	221	598	0	53613
12660	1302	190	53807	417	0	55716
12661	549	226	53037	346	0	54158
12662	491	273	53191	274	0	54229
12663	399	51567	1216	343	0	53525
12664	375	52719	481	325	0	53900
12665	55522	1219	217	374	0	57332
12666	55515	452	150	442	0	56559
12667	1331	259	146	55492	0	57228
12668	566	193	160	54396	0	55315
12669	419	52227	193	1467	0	54306
12670	336	985	155	55103	0	56579
12671	373	393	52705	1400	0	54871
12672	276	52981	1102	728	0	55087
12673	283	1019	461	56330	0	58093
12674	336	500	57089	1165	0	59090
12675	352	377	1174	50744	0	52647
12676	344	51700	414	1252	0	53710
12677	56875	1228	232	570	0	58905
12678	56506	456	175	534	0	57671
12679	58283	312	174	485	0	59254
12680	1673	306	159	57078	0	59216
12681	674	324	139	59533	0	60670
12682	54844	322	167	1816	0	57149
12683	1520	52947	227	811	0	55505
12684	57281	1406	226	542	0	59455
12685	1780	497	59679	462	0	62418
12686	61548	310	1704	418	0	63980
12687	63239	260	576	416	0	64491
12688	2478	228	316	62305	0	65327
12689	63423	239	234	2052	0	65948
12690	63766	235	260	891	0	65152
12691	2538	261	228	64117	0	67144
12692	1034	317	60996	2171	0	64518
12693	59870	289	1853	981	0	62993
12694	2188	509	59792	600	0	63089
12695	820	63133	2005	455	0	66413
12696	405	1665	1434	61867	0	65371
12697	248	486	244	65942	0	66920
12698	69799	211	494	2208	0	72712
12699	2223	356	66049	751	0	69379
12700	705	229	1919	64901	0	67754
12701	388	67384	632	1983	0	70387
12702	349	68066	396	694	0	69505
12703	255	2472	220	70431	0	73378
12704	321	814	66498	2351	0	69984
12705	314	393	1983	69125	0	71815
12706	294	291	538	70001	0	71124
12707	366	671	61204	2817	0	65058
12708	327	68165	1823	1016	0	71331
12709	66154	2224	549	629	0	69556
12710	2190	69190	394	503	0	72277
12711	718	2354	254	70505	0	73831
12712	66154	706	236	2427	0	69523
12713	2136	63478	369	880	0	66863
12714	842	2193	61572	548	0	65155
12715	62205	669	2021	446	0	65341
12716	2280	65091	643	437	0	68451
12717	66818	2186	361	404	0	69769
12718	2654	768	62914	379	0	66715
12719	64339	422	2107	388	0	67256
12720	2570	327	679	65094	0	68670
12721	972	378	64629	2472	0	68451
12722	598	310	2090	64343	0	67341
12723	469	62889	718	2508	0	66584
12724	468	2165	415	65182	0	68230
12725	499	701	318	66634	0	68152
12726	555	484	61305	3006	0	65350
12727	511	300	2184	64657	0	67652
12728	640	817	51605	2772	0	55834
12729	542	64090	1833	1112	0	67577
12730	529	2396	624	65196	0	68745
12731	629	872	63333	2556	0	67390
12732	569	63896	2391	1031	0	67887
12733	607	68161	822	765	0	70355
12734	605	2854	65142	617	0	69218
12735	678	980	65233	560	0	67451
12736	592	570	2753	66253	0	70168
12737	64010	397	942	2829	0	68178
12738	2754	63474	599	1196	0	68023
12739	1040	2506	355	60204	0	64105
12740	60412	748	328	2703	0	64191
12741	2793	61166	396	1069	0	65424
12742	61862	2461	387	790	0	65500
12743	2956	63239	403	687	0	67285
12744	64803	2643	436	647	0	68529
12745	64733	913	401	778	0	66825
12746	65728	599	398	649	0	67374
12747	3593	69325	441	762	0	74121
12748	1543	2710	480	70885	0	75618
12749	1157	978	65315	3096	0	70546
12750	997	69018	2700	1391	0	74106
12751	977	2712	938	68961	0	73588
12752	1008	994	784	71580	0	74366
12753	1034	787	65931	3632	0	71384
12754	968	67237	2710	1673	0	72588
12755	66776	2749	993	1241	0	71759
12756	3150	66648	767	1096	0	71661
12757	1322	2969	624	68622	0	73537
12758	1028	1205	66380	3275	0	71888
12759	64395	907	2842	1411	0	69555
12760	3041	754	1054	68542	0	73391
12761	1087	777	65330	3377	0	70571
12762	63010	746	2923	1544	0	68223
12763	2900	65043	1135	1385	0	70463
12764	65982	3027	880	1134	0	71023
12765	66357	1358	588	1183	0	69486
12766	3434	961	645	65655	0	70695
12767	1351	976	64483	3353	0	70163
12768	1020	64022	2858	1576	0	69476
12769	715	3159	64448	1262	0	69584
12770	526	1481	3014	64007	0	69028
12771	555	1176	1225	67799	0	70755
12772	64243	983	872	3806	0	69904
12773	2982	858	64376	1876	0	70092
12774	1114	63452	2734	1231	0	68531
12775	891	2931	996	63123	0	67941
12776	786	1286	741	67728	0	70541
12777	63090	1041	617	3369	0	68117
12778	2916	63255	509	1458	0	68138
12779	1172	2863	407	62674	0	67116
12780	59286	1211	502	2997	0	63996
12781	2544	60032	444	1201	0	64221
12782	60354	2730	419	772	0	64275
12783	61467	1158	524	622	0	63771
12784	3146	57312	597	694	0	61749
12785	47112	1979	271	373	0	49735
12786	2162	47131	292	447	0	50032
12787	47938	2027	284	400	0	50649
12788	47702	651	331	419	0	49103
12789	2248	47149	288	422	0	50107
12790	46385	1921	200	455	0	48961
12791	47675	641	234	379	0	48929
12792	48106	599	220	489	0	49414
12793	2417	484	43323	480	0	46704
12794	961	416	42750	353	0	44480
12795	689	389	44172	370	0	45620
12796	44456	285	2714	294	0	47749
12797	1937	312	42596	358	0	45203
12798	603	222	36365	216	0	37406
12799	1164	207	1443	33995	0	36809
12800	35237	226	609	1169	0	37241
12801	1337	239	35230	487	0	37293
12802	578	234	36998	397	0	38207
12803	468	237	1506	35499	0	37710
12804	443	189	641	37667	0	38940
12805	343	221	469	38542	0	39575
12806	354	223	36519	1746	0	38842
12807	382	208	1232	37420	0	39242
12808	36072	265	491	1573	0	38401
12809	1335	35975	422	722	0	38454
12810	629	1254	321	36645	0	38849
12811	523	532	262	37781	0	39098
12812	477	469	36380	1675	0	39001
12813	382	36361	1360	832	0	38935
12814	36764	1429	497	607	0	39297
12815	1495	36944	439	541	0	39419
12816	653	1549	380	37583	0	40165
12817	603	650	36486	1504	0	39243
12818	480	472	1435	38336	0	40723
12819	393	328	631	40430	0	41782
12820	39236	266	550	2016	0	42068
12821	1609	224	486	36368	0	38687
12822	649	36885	481	1871	0	39886
12823	577	39464	403	781	0	41225
12824	533	1771	38366	596	0	41266
12825	38696	733	1610	542	0	41581
12826	1652	525	648	39627	0	42452
12827	743	355	536	40362	0	41996
12828	571	275	482	41884	0	43212
12829	38888	225	359	2321	0	41793
12830	1702	39972	334	1568	0	43576
12831	41314	1541	374	821	0	44050
12832	1879	594	38233	598	0	41304
12833	778	516	38309	520	0	40123
12834	38576	357	1838	481	0	41252
12835	1788	303	1524	39397	0	43012
12836	703	298	597	40592	0	42190
12837	565	273	485	41658	0	42981
12838	499	271	38898	2250	0	41918
12839	39194	291	1604	1051	0	42140
12840	40508	282	718	825	0	42333
12841	39613	257	607	639	0	41116
12842	2126	266	457	38115	0	40964
12843	1051	248	35776	1855	0	38930
12844	814	272	35616	922	0	37624
12845	638	259	37656	816	0	39369
12846	480	35257	2368	707	0	38812
12847	784	1007	535	30995	0	33321
12848	30907	350	434	1248	0	32939
12849	1131	247	31466	646	0	33490
12850	30224	174	1169	534	0	32101
12851	1264	180	510	30566	0	32520
12852	549	219	433	30409	0	31610
12853	441	28550	379	1494	0	30864
12854	323	29290	369	850	0	30832
12855	355	30810	409	638	0	32212
12856	344	1262	385	32997	0	34988
12857	32413	503	370	1303	0	34589
12858	33289	355	320	719	0	34683
12859	1440	281	31566	642	0	33929
12860	32147	223	1166	617	0	34153
12861	1305	198	31927	666	0	34096
12862	632	229	1291	33317	0	35469
12863	561	229	32829	1399	0	35018
12864	32547	258	1244	697	0	34746
12865	1284	294	589	33812	0	35979
12866	626	274	35141	1363	0	37404
12867	543	286	32388	699	0	33916
12868	33089	203	1419	673	0	35384
12869	34906	187	729	613	0	36435
12870	1348	35273	560	641	0	37822
12871	671	997	439	37418	0	39525
12872	565	493	35975	1345	0	38378
12873	485	453	34122	756	0	35816
12874	510	342	1240	34987	0	37079
12875	34448	265	1371	1319	0	37403
12876	1107	33136	542	708	0	35493
12877	618	937	386	35162	0	37103
12878	34996	461	290	1357	0	37104
12879	1119	368	290	34200	0	35977
12880	599	33348	393	1308	0	35648
12881	587	931	396	35462	0	37376
12882	34817	455	461	1220	0	36953
12883	1274	386	392	34217	0	36269
12884	34212	260	403	1313	0	36188
12885	1238	33702	454	764	0	36158
12886	36428	909	464	746	0	38547
12887	1261	363	35013	654	0	37291
12888	34742	274	1106	648	0	36770
12889	35735	265	548	498	0	37046
12890	1374	34567	418	479	0	36838
12891	754	856	380	35534	0	37524
12892	663	394	34711	990	0	36758
12893	535	342	33414	592	0	34883
12894	31140	779	870	438	0	33227
12895	30453	140	400	392	0	31385
12896	712	29978	314	411	0	31415
12897	405	30737	222	447	0	31811
12898	31289	614	254	334	0	32491
12899	762	30194	300	273	0	31529
12900	481	31040	239	325	0	32085
12901	1089	534	218	29965	0	31806
12902	289	232	150	29469	0	30140
12903	286	170	28376	698	0	29530
12904	267	138	486	28228	0	29119
12905	28739	119	278	689	0	29825
12906	603	185	28038	318	0	29144
12907	361	170	27753	307	0	28591
12908	415	142	531	27226	0	28314
12909	337	144	277	29234	0	29992
12910	367	118	224	28930	0	29639
12911	304	142	28061	656	0	29163
12912	188	88	356	26023	0	26655
12913	154	113	230	27027	0	27524
12914	27099	102	186	383	0	27770
12915	346	25855	146	257	0	26604
12916	27111	267	150	147	0	27675
12917	404	150	26636	136	0	27326
12918	23743	97	240	110	0	24190
12919	236	25969	159	96	0	26460
12920	25556	46	16	25	0	25643
12921	55	24855	33	46	0	24989
12922	23548	22	8	17	0	23595
12923	0	22367	15	12	0	22394
12924	2	22266	18	13	0	22299
12925	0	10	0	23971	0	23981
12926	24034	1	1	4	0	24040
12927	23556	2	4	3	0	23565
12928	23800	1	4	13	0	23818
12929	10	29	22718	5	0	22762
12930	15	29	20471	4	0	20519
12931	1	3	4	21384	0	21392
12932	2	20664	23	10	0	20699
12933	2	22161	18	9	0	22190
12934	4	274	1	22781	0	23060
12935	22256	3	2	12	0	22273
12936	21811	2	3	14	0	21830
12937	21826	0	2	12	0	21840
12938	31	16	21402	2	0	21451
12939	5	2	17	21683	0	21707
12940	5	10	21665	8	0	21688
12941	21788	0	15	13	0	21816
12942	22073	10	5	8	0	22096
12943	37	19	21828	3	0	21887
12944	14	3	22	21179	0	21218
12945	21708	2	5	65	0	21780
12946	66	3	3	21593	0	21665
12947	20	2	2	22138	0	22162
12948	13	5	12	24918	0	24948
12949	25211	1	5	298	0	25515
12950	273	3	16	27683	0	27975
12951	28999	17	15	484	0	29515
12952	545	30692	36	127	0	31400
12953	144	548	12	33243	0	33947
12954	75	143	5	33705	0	33928
12955	54	61	3	33104	0	33222
12956	31273	17	16	889	0	32195
12957	684	25	18	30847	0	31574
12958	184	11	14	30895	0	31104
12959	31764	20	12	801	0	32597
12960	31671	24	18	271	0	31984
12961	31972	17	18	143	0	32150
12962	968	44	28949	88	0	30049
12963	307	54	26914	65	0	27340
12964	29419	11	719	66	0	30215
12965	735	13	210	29643	0	30601
12966	265	6	92	28453	0	28816
12967	28641	5	75	865	0	29586
12968	28315	11	81	279	0	28686
12969	27404	28	63	153	0	27648
12970	879	25288	54	109	0	26330
12971	26282	664	28	94	0	27068
12972	24912	179	32	102	0	25225
12973	882	23414	48	89	0	24433
12974	347	23455	51	91	0	23944
12975	237	714	26	24219	0	25196
12976	25494	210	39	682	0	26425
12977	25558	96	38	227	0	25919
12978	25151	51	55	154	0	25411
12979	1008	49	32	24908	0	25997
12980	25279	47	41	775	0	26142
12981	935	52	24321	249	0	25557
12982	24986	45	687	202	0	25920
12983	893	49	25286	144	0	26372
12984	352	59	24238	183	0	24832
12985	220	45	816	24664	0	25745
12986	23112	34	261	881	0	24288
12987	824	31	126	24249	0	25230
12988	323	59	24205	949	0	25536
12989	280	75	23282	349	0	23986
12990	190	71	848	21849	0	22958
12991	23043	56	245	843	0	24187
12992	815	24009	172	358	0	25354
12993	348	690	97	24623	0	25758
12994	337	178	111	25956	0	26582
12995	261	120	25216	1088	0	26685
12996	286	80	24604	451	0	25421
12997	278	75	855	25809	0	27017
12998	25741	55	289	968	0	27053
12999	997	87	24585	452	0	26121
13000	421	87	740	25320	0	26568
13001	427	94	264	25817	0	26602
13002	341	90	159	26463	0	27053
13003	25901	93	108	1283	0	27385
13004	1042	253	20958	645	0	22898
13005	541	25057	529	573	0	26700
13006	493	775	174	26241	0	27683
13007	482	264	24673	1190	0	26609
13008	519	23891	797	695	0	25902
13009	560	25485	274	593	0	26912
13010	25919	961	179	605	0	27664
13011	1254	25828	179	575	0	27836
13012	26685	974	184	606	0	28449
13013	1337	377	25486	678	0	27878
13014	796	320	889	26518	0	28523
13015	26795	232	329	1566	0	28922
13016	1473	25808	243	1070	0	28594
13017	890	846	25355	1058	0	28149
13018	933	336	908	21747	0	23924
13019	1008	23811	383	1230	0	26432
13020	987	950	278	24947	0	27162
13021	24403	388	313	1447	0	26551
13022	1579	24170	393	841	0	26983
13023	25801	900	388	762	0	27851
13024	26351	350	389	730	0	27820
13025	1900	292	24924	750	0	27866
13026	1248	26133	1175	668	0	29224
13027	1169	1067	488	28377	0	31101
13028	1081	370	28114	1595	0	31160
13029	1211	280	32375	656	0	34522
13030	1130	269	1884	36414	0	39697
13031	37272	259	745	2113	0	40389
13032	37542	333	594	757	0	39226
13033	2925	378	410	35983	0	39696
13034	1508	375	34143	2379	0	38405
13035	1125	35083	1845	1077	0	39130
13036	38294	2069	590	766	0	41719
13037	39028	734	451	616	0	40829
13038	3062	37283	393	570	0	41308
13039	39334	2167	379	570	0	42450
13040	3100	778	36945	482	0	41305
13041	38066	561	2152	463	0	41242
13042	38753	406	816	546	0	40521
13043	2957	393	36857	500	0	40707
13044	1342	864	2297	36186	0	40689
13045	1144	205	35258	2341	0	38948
13046	920	34607	2470	964	0	38961
13047	772	36551	1064	892	0	39279
13048	581	1927	611	33227	0	36346
13049	425	597	30831	2098	0	33951
13050	292	28184	1616	722	0	30814
13051	130	27768	527	364	0	28789
13052	23761	1528	246	218	0	25753
13053	24939	471	123	112	0	25645
13054	1322	283	96	24548	0	26249
13055	405	210	87	24208	0	24910
13056	279	24086	82	1293	0	25740
13057	23843	1198	80	413	0	25534
13058	24922	323	65	291	0	25601
13059	1377	24637	49	260	0	26323
13060	489	1240	46	25458	0	27233
13061	364	392	24352	1247	0	26355
13062	255	274	1068	25222	0	26819
13063	25538	193	273	1352	0	27356
13064	1253	168	173	25848	0	27442
13065	403	119	126	27543	0	28191
13066	26348	82	113	1632	0	28175
13067	1348	96	103	25462	0	27009
13068	449	24966	107	1443	0	26965
13069	312	1141	95	26288	0	27836
13070	249	311	72	27355	0	27987
13071	204	224	88	26303	0	26819
13072	133	25063	127	1654	0	26977
13073	137	1220	101	26782	0	28240
13074	136	411	25282	1603	0	27432
13075	121	295	1119	26062	0	27597
13076	149	259	24531	1624	0	26563
13077	127	24517	1246	666	0	26556
13078	167	1242	372	26130	0	27911
13079	201	398	255	26922	0	27776
13080	228	280	208	27116	0	27832
13081	225	208	158	27640	0	28231
13082	220	220	24742	1994	0	27176
13083	181	24563	1263	867	0	26874
13084	228	1359	369	25976	0	27932
13085	285	453	25607	1673	0	28018
13086	283	331	1434	26280	0	28328
13087	26063	278	494	1757	0	28592
13088	1512	278	23745	670	0	26205
13089	24946	214	1340	503	0	27003
13090	1748	178	470	25232	0	27628
13091	722	162	24295	1678	0	26857
13092	543	23420	1500	760	0	26223
13093	463	1446	496	24324	0	26729
13094	437	507	24726	1708	0	27378
13095	399	24543	1512	686	0	27140
13096	296	1605	535	26586	0	29022
13097	26057	630	444	1753	0	28884
13098	27332	510	348	705	0	28895
13099	28639	429	294	555	0	29917
13100	2140	394	26191	420	0	29145
13101	950	26655	1448	412	0	29465
13102	692	1569	502	26367	0	29130
13103	528	532	438	27812	0	29310
13104	27839	424	338	1894	0	30495
13105	1614	28107	341	802	0	30864
13106	28459	1710	276	654	0	31099
13107	28879	645	224	626	0	30374
13108	30511	503	251	584	0	31849
13109	2126	442	28059	568	0	31195
13110	28751	370	1524	489	0	31134
13111	2005	345	505	28864	0	31719
13112	874	300	358	30310	0	31842
13113	29276	300	287	2125	0	31988
13114	1857	245	235	28692	0	31029
13115	769	27423	233	2099	0	30524
13116	600	1559	161	28745	0	31065
13117	27877	555	167	2178	0	30777
13118	1776	425	26452	1045	0	29698
13119	671	26838	1429	831	0	29769
13120	530	1630	408	28349	0	30917
13121	28067	621	323	1950	0	30961
13122	1683	453	27174	962	0	30272
13123	625	309	1534	27678	0	30146
13124	1526	297	25902	2010	0	29735
13125	498	245	26226	1010	0	27979
13126	403	234	25985	770	0	27392
13127	385	178	25700	718	0	26981
13128	312	176	24378	629	0	25495
13129	16793	359	3249	429	0	20830
13130	413	15930	310	182	0	16835
13131	15138	276	146	106	0	15666
13132	15023	127	140	105	0	15395
13133	401	14488	112	134	0	15135
13134	212	14879	103	130	0	15324
13135	15125	362	108	125	0	15720
13136	13986	173	101	85	0	14345
13137	395	123	79	12936	0	13533
13138	233	13804	102	287	0	14426
13139	14974	295	104	143	0	15516
13140	352	14412	118	125	0	15007
13141	176	322	100	15012	0	15610
13142	15546	157	85	351	0	16139
13143	15547	104	85	187	0	15923
13144	432	81	88	15296	0	15897
13145	228	88	104	15647	0	16067
13146	187	100	15092	415	0	15794
13147	145	98	308	14882	0	15433
13148	180	76	14921	391	0	15568
13149	155	72	354	14499	0	15080
13150	152	86	168	15109	0	15515
13151	14933	82	121	446	0	15582
13152	14786	84	92	233	0	15195
13153	499	70	13799	169	0	14537
13154	13828	64	318	152	0	14362
13155	457	72	158	14173	0	14860
13156	259	86	15097	378	0	15820
13157	228	84	324	14905	0	15541
13158	189	55	179	15978	0	16401
13159	188	88	15071	490	0	15837
13160	166	71	344	15430	0	16011
13161	203	83	16039	495	0	16820
13162	170	70	449	17429	0	18118
13163	19933	82	200	639	0	20854
13164	677	19944	178	317	0	21116
13165	19553	624	123	216	0	20516
13166	760	20666	120	211	0	21757
13167	21833	682	125	188	0	22828
13168	783	21601	131	171	0	22686
13169	21533	703	146	147	0	22529
13170	762	21617	153	158	0	22690
13171	388	712	129	22026	0	23255
13172	306	329	22212	682	0	23529
13173	264	231	21298	329	0	22122
13174	243	166	849	21394	0	22652
13175	21634	172	392	740	0	22938
13176	750	21816	268	419	0	23253
13177	433	715	177	22952	0	24277
13178	294	380	22463	831	0	23968
13179	225	266	24841	461	0	25793
13180	224	1135	970	22413	0	24742
13181	106	24979	385	634	0	26104
13182	25656	564	225	331	0	26776
13183	641	298	28112	219	0	29270
13184	329	182	27149	179	0	27839
13185	185	28119	824	166	0	29294
13186	29395	608	418	110	0	30531
13187	29573	288	249	126	0	30236
13188	835	177	206	29244	0	30462
13189	30956	151	178	605	0	31890
13190	30510	113	162	328	0	31113
13191	874	29580	188	198	0	30840
13192	30545	594	176	123	0	31438
13193	811	338	29975	151	0	31275
13194	466	207	620	29035	0	30328
13195	292	157	365	29228	0	30042
13196	28281	103	183	774	0	29341
13197	634	27602	127	414	0	28777
13198	27975	574	104	199	0	28852
13199	671	28006	98	160	0	28935
13200	362	28453	116	155	0	29086
13201	255	762	28090	116	0	29223
13202	207	392	27182	768	0	28549
13203	26167	218	760	688	0	27833
13204	27459	144	339	84	0	28026
13205	783	150	27799	97	0	28829
13206	451	27456	568	100	0	28575
13207	251	28783	275	98	0	29407
13208	29276	700	151	70	0	30197
13209	29391	378	137	54	0	29960
13210	760	206	118	29392	0	30476
13211	30297	149	119	544	0	31109
13212	701	136	127	30230	0	31194
13213	404	120	30757	617	0	31898
13214	287	169	28213	321	0	28990
13215	28977	144	714	186	0	30021
13216	668	168	340	28965	0	30141
13217	375	32358	228	489	0	33450
13218	34128	561	173	218	0	35080
13219	33631	296	134	189	0	34250
13220	856	192	32878	128	0	34054
13221	32236	123	576	134	0	33069
13222	34487	127	350	94	0	35058
13223	884	101	237	32990	0	34212
13224	462	32598	195	565	0	33820
13225	331	33582	159	296	0	34368
13226	269	733	107	33623	0	34732
13227	258	345	126	32537	0	33266
13228	229	233	117	33299	0	33878
13229	257	185	32380	870	0	33692
13230	276	204	30751	406	0	31637
13231	258	164	790	31340	0	32552
13232	243	136	32233	653	0	33265
13233	213	174	31331	344	0	32062
13234	204	161	832	30362	0	31559
13235	294	164	33304	678	0	34440
13236	215	32143	734	405	0	33497
13237	34560	587	375	238	0	35760
13238	756	327	681	33332	0	35096
13239	430	33018	222	684	0	34354
13240	359	683	34850	365	0	36257
13241	220	356	759	33523	0	34858
13242	246	188	35060	770	0	36264
13243	200	152	821	33948	0	35121
13244	208	132	429	35774	0	36543
13245	209	163	35382	1004	0	36758
13246	197	159	791	33906	0	35053
13247	196	34273	429	860	0	35758
13248	227	718	258	36240	0	37443
13249	244	379	35516	854	0	36993
13250	197	215	752	34799	0	35963
13251	34554	146	444	911	0	36055
13252	737	35604	333	545	0	37219
13253	442	676	233	37464	0	38815
13254	334	365	37829	800	0	39328
13255	177	35760	762	534	0	37233
13256	202	36648	391	715	0	37956
13257	249	935	36277	259	0	37720
13258	209	427	749	34545	0	35930
13259	203	255	438	35796	0	36692
13260	196	176	35954	1051	0	37377
13261	170	33332	749	568	0	34819
13262	136	34215	398	357	0	35106
13263	31564	431	124	134	0	32253
13264	308	31218	122	122	0	31770
13265	32426	402	82	107	0	33017
13266	377	227	83	30551	0	31238
13267	30624	127	87	388	0	31226
13268	409	108	29740	259	0	30516
13269	29142	82	398	157	0	29779
13270	438	72	213	30873	0	31596
13271	244	30439	158	412	0	31253
13272	31311	321	91	190	0	31913
13273	375	175	81	30700	0	31331
13274	185	31627	102	388	0	32302
13275	128	32480	84	240	0	32932
13276	34242	358	62	125	0	34787
13277	33915	158	39	71	0	34183
13278	33882	108	49	59	0	34098
13279	407	68	41	30525	0	31041
13280	196	29780	69	283	0	30328
13281	125	29556	61	150	0	29892
13282	73	300	46	30322	0	30741
13283	27629	138	35	308	0	28110
13284	26958	113	61	153	0	27285
13285	26649	71	51	123	0	26894
13286	423	81	27071	97	0	27672
13287	224	90	25729	73	0	26116
13288	27821	48	328	76	0	28273
13289	314	53	150	26931	0	27448
13290	143	64	109	27017	0	27333
13291	120	78	67	27073	0	27338
13292	87	64	44	27489	0	27684
13293	98	57	27166	448	0	27769
13294	86	62	268	26261	0	26677
13295	77	55	26867	415	0	27414
13296	24555	53	339	206	0	25153
13297	284	27017	190	158	0	27649
13298	158	264	122	28375	0	28919
13299	113	127	110	27056	0	27406
13300	27071	106	70	397	0	27644
13301	26308	72	78	248	0	26706
13302	26177	55	85	205	0	26522
13303	27214	83	90	136	0	27523
13304	464	66	27469	123	0	28122
13305	266	78	25757	132	0	26233
13306	167	77	356	25187	0	25787
13307	26254	55	194	358	0	26861
13308	25423	50	144	243	0	25860
13309	384	75	25541	191	0	26191
13310	202	67	298	24145	0	24712
13311	25295	65	149	369	0	25878
13312	345	57	110	24242	0	24754
13313	196	68	24661	355	0	25280
13314	130	71	261	23898	0	24360
13315	24948	58	160	372	0	25538
13316	307	28886	135	223	0	29551
13317	28589	273	71	143	0	29076
13318	28373	136	53	118	0	28680
13319	27985	109	76	106	0	28276
13320	426	90	59	28038	0	28613
13321	27726	67	59	263	0	28115
13322	334	27497	54	171	0	28056
13323	192	30246	65	145	0	30648
13324	143	456	33	30961	0	31593
13325	31811	231	54	352	0	32448
13326	405	32856	50	252	0	33563
13327	40696	513	46	138	0	41393
13328	40814	256	39	128	0	41237
13329	1392	42778	65	103	0	44338
13330	623	1136	31	43243	0	45033
13331	397	515	27	44695	0	45634
13332	324	306	45043	1586	0	47259
13333	274	191	1101	44231	0	45797
13334	274	209	45773	1515	0	47771
13335	225	43297	1269	777	0	45568
13336	157	2025	518	45316	0	48016
13337	44224	458	296	1411	0	46389
13338	44245	234	233	739	0	45451
13339	1448	212	219	44644	0	46523
13340	638	204	42350	1407	0	44599
13341	39027	162	1157	733	0	41079
13342	1282	41356	535	444	0	43617
13343	628	42152	282	396	0	43458
13344	453	44175	226	309	0	45163
13345	333	1543	180	43410	0	45466
13346	321	676	43824	1228	0	46049
13347	245	404	1123	43434	0	45206
13348	243	360	43680	1328	0	45611
13349	182	321	43388	643	0	44534
13350	175	299	43804	409	0	44687
13351	134	273	1685	40233	0	42325
13352	94	199	782	42129	0	43204
13353	86	162	539	42764	0	43551
13354	94	159	433	41968	0	42654
13355	41307	126	388	1868	0	43689
13356	1067	40162	397	970	0	42596
13357	41083	1049	274	627	0	43033
13358	1216	41246	242	566	0	43270
13359	549	1205	195	41430	0	43379
13360	359	560	152	43002	0	44073
13361	41924	358	126	1705	0	44113
13362	42567	268	123	831	0	43789
13363	44550	279	105	519	0	45453
13364	44701	239	79	462	0	45481
13365	44799	226	91	389	0	45505
13366	1828	42555	102	378	0	44863
13367	43335	1102	78	333	0	44848
13368	1596	42461	100	282	0	44439
13369	42861	1183	109	247	0	44400
13370	1634	565	41917	235	0	44351
13371	945	369	1027	41062	0	43403
13372	659	42147	476	1013	0	44295
13373	517	1221	231	43267	0	45236
13374	550	623	40537	1258	0	42968
13375	417	416	1104	40694	0	42631
13376	38961	314	544	1462	0	41281
13377	1215	38474	363	879	0	40931
13378	592	39596	309	678	0	41175
13379	454	1570	38672	510	0	41206
13380	327	773	1176	37995	0	40271
13381	312	39214	622	1324	0	41472
13382	310	1264	389	41139	0	43102
13383	350	695	39359	1488	0	41892
13384	270	37098	1307	996	0	39671
13385	324	1363	38554	609	0	40850
13386	379	755	37651	462	0	39247
13387	346	534	1563	37542	0	39985
13388	38684	469	792	1351	0	41296
13389	1232	413	524	38897	0	41066
13390	654	386	39171	1499	0	41710
13391	387	394	1426	41651	0	43858
13392	343	354	44693	1735	0	47125
13393	341	381	44071	945	0	45738
13394	43322	325	2034	686	0	46367
13395	46983	239	1038	670	0	48930
13396	47922	220	801	645	0	49588
13397	2055	175	45670	650	0	48550
13398	1007	212	46117	531	0	47867
13399	670	187	2115	44452	0	47424
13400	566	226	1092	46801	0	48685
13401	46093	211	674	2033	0	49011
13402	1658	226	553	46229	0	48666
13403	879	242	44626	1958	0	47705
13404	602	252	44134	1123	0	46111
13405	510	43162	1989	802	0	46463
13406	505	1421	884	45233	0	48043
13407	570	637	45895	1726	0	48828
13408	457	429	1663	45070	0	47619
13409	45826	299	889	1930	0	48944
13410	1578	334	45920	1042	0	48874
13411	908	881	1644	45207	0	48640
13412	621	273	843	47574	0	49311
13413	654	214	45049	2175	0	48092
13414	547	270	1699	44669	0	47185
13415	515	243	45079	1980	0	47817
13416	39030	244	1793	1055	0	42122
13417	1596	226	912	39542	0	42276
13418	848	39540	651	1748	0	42787
13419	40582	1325	540	1074	0	43521
13420	40394	624	566	728	0	42312
13421	2012	39852	442	695	0	43001
13422	915	3816	384	35899	0	41014
13423	585	36366	380	1365	0	38696
13424	520	36442	329	806	0	38097
13425	2039	2324	31572	513	0	36448
13426	539	32497	1020	437	0	34493
13427	197	663	25438	185	0	26483
13428	22033	220	509	146	0	22908
13429	21043	85	174	90	0	21392
13430	375	22762	134	105	0	23376
13431	177	22982	116	73	0	23348
13432	117	21755	81	81	0	22034
13433	22188	422	81	68	0	22759
13434	355	165	83	21806	0	22409
13435	172	122	22554	406	0	23254
13436	127	22633	384	196	0	23340
13437	94	357	151	23823	0	24425
13438	67	161	118	23204	0	23550
13439	60	30284	87	487	0	30918
13440	32993	821	82	219	0	34115
13441	1012	240	34355	126	0	35733
13442	306	176	1116	43327	0	44925
13443	147	48973	311	1500	0	50931
13444	48841	1847	143	398	0	51229
13445	1957	561	46889	271	0	49678
13446	485	46881	1832	235	0	49433
13447	314	2095	459	48191	0	51059
13448	362	642	47514	1913	0	50431
13449	46711	334	2128	508	0	49681
13450	1929	363	589	48179	0	51060
13451	586	265	47682	2209	0	50742
13452	352	48497	2113	746	0	51708
13453	47785	1956	637	368	0	50746
13454	1940	49081	397	462	0	51880
13455	49277	2142	428	299	0	52146
13456	50644	816	302	183	0	51945
13457	2607	543	182	47512	0	50844
13458	938	45974	273	1903	0	49088
13459	742	1934	46676	558	0	49910
13460	583	571	1979	48678	0	51811
13461	369	475	684	48565	0	50093
13462	252	453	505	50597	0	51807
13463	322	294	485	49749	0	50850
13464	311	213	317	50138	0	50979
13465	47267	416	259	3088	0	51030
13466	47726	297	295	1278	0	49596
13467	46164	313	524	960	0	47961
13468	2520	44750	409	827	0	48506
13469	1223	1976	47752	726	0	51677
13470	880	892	48706	494	0	50972
13471	1093	656	49702	488	0	51939
13472	514	524	3120	46380	0	50538
13473	387	607	1564	50012	0	52570
13474	387	537	951	51886	0	53761
13475	538	421	48417	3205	0	52581
13476	604	46424	2535	2006	0	51569
13477	692	2328	48853	1312	0	53185
13478	814	829	50414	888	0	52945
13479	546	849	2961	49386	0	53742
13480	765	888	49874	2502	0	54029
13481	535	785	3005	49305	0	53630
13482	48937	450	1260	3071	0	53718
13483	50997	493	856	1455	0	53801
13484	2913	360	48138	1480	0	52891
13485	1088	590	2489	49074	0	53241
13486	992	562	47822	3118	0	52494
13487	1029	49468	2637	1546	0	54680
13488	50264	2490	1184	1210	0	55148
13489	2910	1017	48612	1179	0	53718
13490	1277	47848	2665	1018	0	52808
13491	855	47414	1249	858	0	50376
13492	991	45425	973	624	0	48013
13493	873	2852	42969	534	0	47228
13494	708	1514	2593	40729	0	45544
13495	509	43454	1017	2458	0	47438
13496	479	2601	1030	42618	0	46728
13497	500	967	1202	45120	0	47789
13498	42005	796	1000	3246	0	47047
13499	2201	42595	897	1746	0	47439
13500	41593	2356	903	1404	0	46256
13501	2352	41525	710	1549	0	46136
13502	1121	43767	1114	892	0	46894
13503	934	3032	42409	971	0	47346
13504	980	1219	2558	42883	0	47640
13505	950	1058	42696	2504	0	47208
13506	686	41766	2771	1612	0	46835
13507	708	2274	42090	1300	0	46372
13508	773	903	42649	1318	0	45643
13509	772	44345	3056	1019	0	49192
13510	42544	2626	1315	957	0	47442
13511	2278	43934	1531	890	0	48633
13512	44189	2866	1240	1032	0	49327
13513	2610	1481	43843	887	0	48821
13514	1178	1379	44078	955	0	47590
13515	1041	43932	3113	885	0	48971
13516	42873	2655	1450	1041	0	48019
13517	2455	43917	1278	856	0	48506
13518	944	2843	1305	44092	0	49184
13519	44082	1581	912	2823	0	49398
13520	2835	1054	44414	1153	0	49456
13521	1007	1112	2706	45661	0	50486
13522	45072	999	1159	2889	0	50119
13523	2664	45204	1039	1449	0	50356
13524	1024	2779	1038	46366	0	51207
13525	1061	1132	44920	2860	0	49973
13526	45047	1216	2602	1456	0	50321
13527	2491	1029	1497	46374	0	51391
13528	823	1116	44969	2923	0	49831
13529	664	884	3014	44194	0	48756
13530	678	44437	1834	2742	0	49691
13531	690	2590	44779	1684	0	49743
13532	794	1028	3057	45128	0	50007
13533	44273	1250	1287	2701	0	49511
13534	2671	1048	1117	44215	0	49051
13535	41785	797	1301	2509	0	46392
13536	2519	42405	1068	1199	0	47191
13537	42279	2642	1185	856	0	46962
13538	2674	1331	41342	764	0	46111
13539	1155	1028	34914	614	0	37711
13540	1120	939	32977	482	0	35518
13541	798	30224	2122	466	0	33610
13542	665	755	1142	15631	0	18193
13543	80	175	157	15599	0	16011
13544	84	140	134	15401	0	15759
13545	74	106	111	15455	0	15746
13546	94	111	14843	482	0	15530
13547	13566	80	362	234	0	14242
13548	314	14888	209	155	0	15566
13549	14930	341	122	139	0	15532
13550	354	187	121	14866	0	15528
13551	189	13802	103	330	0	14424
13552	110	362	99	14328	0	14899
13553	13938	193	92	378	0	14601
13554	310	13769	119	199	0	14397
13555	14264	367	101	135	0	14867
13556	14326	210	121	99	0	14756
13557	439	154	102	14911	0	15606
13558	214	151	15269	350	0	15984
13559	14916	124	347	202	0	15589
13560	349	116	184	15635	0	16284
13561	15639	108	145	415	0	16307
13562	15872	104	116	212	0	16304
13563	15955	96	102	171	0	16324
13564	507	127	15427	150	0	16211
13565	260	101	357	15340	0	16058
13566	15666	97	181	393	0	16337
13567	406	111	15177	210	0	15904
13568	200	14540	322	127	0	15189
13569	123	255	137	14189	0	14704
13570	107	169	14636	264	0	15176
13571	84	89	13509	127	0	13809
13572	77	78	235	13584	0	13974
13573	88	56	142	13482	0	13768
13574	76	46	103	13577	0	13802
13575	93	51	88	13459	0	13691
13576	72	59	13214	307	0	13652
13577	85	12289	180	190	0	12744
13578	71	165	136	13074	0	13446
13579	13137	109	73	232	0	13551
13580	12972	59	73	162	0	13266
13581	13174	57	60	106	0	13397
13582	308	32	47	13031	0	13418
13583	178	50	68	12972	0	13268
13584	119	12230	81	267	0	12697
13585	88	12961	69	188	0	13306
13586	81	455	87	14003	0	14626
13587	12913	67	30	137	0	13147
13588	12562	26	32	88	0	12708
13589	12638	27	45	52	0	12762
13590	12739	22	32	69	0	12862
13591	13145	17	29	65	0	13256
13592	153	13445	51	67	0	13716
13593	79	106	27	12967	0	13179
13594	13270	60	28	137	0	13495
13595	13323	19	31	87	0	13460
13596	160	27	19	12938	0	13144
13597	82	21	23	13139	0	13265
13598	65	17	12936	164	0	13182
13599	48	35	102	12182	0	12367
13600	49	29	58	12861	0	12997
13601	58	23	15287	159	0	15527
13602	45	825	107	14043	0	15020
13603	34	14902	38	110	0	15084
13604	50	75	14864	74	0	15063
13605	37	14809	71	64	0	14981
13606	36	80	40	15099	0	15255
13607	49	40	29	15261	0	15379
13608	39	14708	47	107	0	14901
13609	19	13655	19	37	0	13730
13610	14291	56	14	23	0	14384
13611	14429	20	11	14	0	14474
13612	80	27	13876	21	0	14004
13613	13742	5	45	41	0	13833
13614	14420	5	18	27	0	14470
13615	14444	3	18	29	0	14494
13616	14228	7	72	35	0	14342
13617	89	18	13648	41	0	13796
13618	45	39	13036	24	0	13144
13619	14191	8	70	29	0	14298
13620	65	12777	56	39	0	12937
13621	51	51	13448	22	0	13572
13622	12785	7	34	16	0	12842
13623	13828	9	15	10	0	13862
13624	47	14	13391	18	0	13470
13625	13545	8	37	11	0	13601
13626	87	9	22	15576	0	15694
13627	31	10	15824	98	0	15963
13628	13989	10	89	43	0	14131
13629	86	14610	39	41	0	14776
13630	15637	79	16	30	0	15762
13631	17255	23	13	27	0	17318
13632	114	14	15	16901	0	17044
13633	50	12	11	16715	0	16788
13634	29	9	13	17255	0	17306
13635	17189	4	13	126	0	17332
13636	17623	14	9	44	0	17690
13637	160	13	7	17493	0	17673
13638	71	8	4	17157	0	17240
13639	40	15	16685	182	0	16922
13640	15082	17	112	92	0	15303
13641	128	13	35	17906	0	18082
13642	66	12	13	18010	0	18101
13643	57	17211	18	290	0	17576
13644	40	168	14	18215	0	18437
13645	33	97	8	18208	0	18346
13646	17717	45	14	339	0	18115
13647	205	17401	20	172	0	17798
13648	128	194	3	18373	0	18698
13649	69	107	9	18181	0	18366
13650	43	54	5	18443	0	18545
13651	56	40	18114	356	0	18566
13652	24	29	186	18038	0	18277
13653	17875	14	112	317	0	18318
13654	245	33	18410	191	0	18879
13655	119	30	201	18727	0	19077
13656	60	9	124	21210	0	21403
13657	21397	14	56	398	0	21865
13658	20198	10	37	217	0	20462
13659	331	29	20396	116	0	20872
13660	19330	17	215	117	0	19679
13661	327	53	21989	92	0	22461
13662	21709	18	285	81	0	22093
13663	357	24467	158	127	0	25109
13664	27373	306	67	89	0	27835
13665	427	26122	47	89	0	26685
13666	28292	386	43	103	0	28824
13667	408	28545	62	103	0	29118
13668	194	408	24	30912	0	31538
13669	118	174	37	30437	0	30766
13670	82	100	29	30285	0	30496
13671	84	29072	48	657	0	29861
13672	61	402	37	30466	0	30966
13673	45	29284	54	563	0	29946
13674	75	438	32	30719	0	31264
13675	30641	196	44	546	0	31427
13676	29889	126	48	268	0	30331
13677	562	29873	52	231	0	30718
13678	282	439	38	31091	0	31850
13679	30728	199	48	488	0	31463
13680	474	31452	59	287	0	32272
13681	251	32516	55	173	0	32995
13682	33476	651	39	101	0	34267
13683	33373	311	47	94	0	33825
13684	678	32568	52	90	0	33388
13685	33866	559	28	75	0	34528
13686	633	298	21	32396	0	33348
13687	339	214	33212	513	0	34278
13688	33022	144	442	264	0	33872
13689	33705	165	193	196	0	34259
13690	817	135	32756	165	0	33873
13691	33794	118	479	169	0	34560
13692	35595	118	219	157	0	36089
13693	35900	91	105	188	0	36284
13694	855	33611	105	182	0	34753
13695	35880	556	73	113	0	36622
13696	35783	287	54	139	0	36263
13697	877	186	45	34831	0	35939
13698	494	144	33	35042	0	35713
13699	318	140	39	36050	0	36547
13700	35689	112	39	857	0	36697
13701	689	136	22	33139	0	33986
13702	33284	147	43	751	0	34225
13703	35205	114	44	412	0	35775
13704	875	104	36	34472	0	35487
13705	502	117	59	35098	0	35776
13706	371	113	42	35948	0	36474
13707	35109	95	51	942	0	36197
13708	700	33795	77	527	0	35099
13709	437	541	66	34830	0	35874
13710	357	272	57	36469	0	37155
13711	35664	192	69	905	0	36830
13712	35466	149	62	511	0	36188
13713	945	183	34279	341	0	35748
13714	563	156	35137	324	0	36180
13715	39763	137	891	276	0	41067
13716	1113	160	388	41310	0	42971
13717	653	133	204	45771	0	46761
13718	513	180	45232	1912	0	47837
13719	342	183	1262	44712	0	46499
13720	320	45201	501	1701	0	47723
13721	312	47769	290	819	0	49190
13722	46780	1801	168	564	0	49313
13723	1596	844	44374	383	0	47197
13724	758	46220	1182	395	0	48555
13725	487	1459	416	47319	0	49681
13726	401	653	45448	1537	0	48039
13727	369	385	1353	44357	0	46464
13728	314	248	532	46762	0	47856
13729	362	295	44994	1962	0	47613
13730	306	44785	1407	964	0	47462
13731	347	1446	532	45884	0	48209
13732	45604	603	321	1652	0	48180
13733	46321	400	215	732	0	47668
13734	46788	225	165	560	0	47738
13735	2153	44692	220	412	0	47477
13736	45132	1375	226	317	0	47050
13737	1821	572	169	45191	0	47753
13738	843	400	43343	1608	0	46194
13739	42744	261	1268	801	0	45074
13740	1639	43420	575	623	0	46257
13741	659	1295	313	43308	0	45575
13742	533	530	179	43548	0	44790
13743	393	42708	215	1825	0	45141
13744	429	1766	142	43981	0	46318
13745	392	561	202	44955	0	46110
13746	368	404	161	45984	0	46917
13747	44717	363	218	2141	0	47439
13748	44497	288	222	1103	0	46110
13749	1976	295	43853	796	0	46920
13750	884	329	1422	44386	0	47021
13751	651	259	523	46379	0	47812
13752	450	315	421	47270	0	48456
13753	45652	318	338	2235	0	48543
13754	1716	295	42873	1182	0	46066
13755	42765	228	1390	835	0	45218
13756	44153	242	571	636	0	45602
13757	2015	259	360	42601	0	45235
13758	43268	181	359	1871	0	45679
13759	2018	260	40832	955	0	44065
13760	39590	211	1410	805	0	42016
13761	1941	43569	609	759	0	46878
13762	912	1481	43793	528	0	46714
13763	826	580	42196	563	0	44165
13764	676	461	1693	40689	0	43519
13765	606	346	41575	1686	0	44213
13766	39395	273	1615	902	0	42185
13767	1652	40721	686	768	0	43827
13768	41912	1450	394	651	0	44407
13769	1721	582	278	41826	0	44407
13770	795	437	39550	1798	0	42580
13771	598	321	40650	986	0	42555
13772	397	333	1619	42041	0	44390
13773	42174	230	677	1925	0	45006
13774	1588	39847	493	1082	0	43010
13775	768	42060	343	814	0	43985
13776	42244	1697	361	678	0	44980
13777	1724	41905	315	627	0	44571
13778	43448	1606	353	577	0	45984
13779	2549	649	291	42185	0	45674
13780	42031	326	239	1664	0	44260
13781	1775	211	357	41197	0	43540
13782	41651	197	286	1821	0	43955
13783	1808	172	287	40836	0	43103
13784	789	39383	329	1788	0	42289
13785	40738	1343	277	749	0	43107
13786	1536	39948	351	755	0	42590
13787	876	1478	36814	411	0	39579
13788	663	582	1361	35411	0	38017
13789	524	38293	592	1287	0	40696
13790	38439	1434	572	519	0	40964
13791	36978	542	395	516	0	38431
13792	1707	35811	424	450	0	38392
13793	789	1442	35797	443	0	38471
13794	582	565	1407	35630	0	38184
13795	520	36102	612	1429	0	38663
13796	396	1470	408	37497	0	39771
13797	455	561	348	38714	0	40078
13798	37664	447	296	1894	0	40301
13799	1548	36351	281	915	0	39095
13800	800	1394	269	38128	0	40591
13801	37970	598	206	1701	0	40475
13802	38438	459	244	701	0	39842
13803	36673	361	263	540	0	37837
13804	2004	400	245	35372	0	38021
13805	35371	268	222	1611	0	37472
13806	1754	34158	253	780	0	36945
13807	36009	1453	210	554	0	38226
13808	1775	36083	202	578	0	38638
13809	37544	1556	218	451	0	39769
13810	37393	581	187	437	0	38598
13811	1962	447	182	35352	0	37943
13812	1007	308	34885	1578	0	37778
13813	708	385	34452	711	0	36256
13814	542	33526	1230	451	0	35749
13815	30817	928	266	290	0	32301
13816	1051	711	29764	243	0	31769
13817	23231	151	448	113	0	23943
13818	459	23173	128	83	0	23843
13819	204	26465	101	86	0	26856
13820	144	389	42	29969	0	30544
13821	142	30470	60	377	0	31049
13822	145	506	30233	154	0	31038
13823	136	165	400	28954	0	29655
13824	120	31897	136	482	0	32635
13825	132	621	91	33570	0	34414
13826	33402	229	62	661	0	34354
13827	621	187	76	33133	0	34017
13828	259	168	32145	710	0	33282
13829	193	31853	589	279	0	32914
13830	178	638	183	33204	0	34203
13831	157	266	136	33509	0	34068
13832	127	215	131	34692	0	35165
13833	33280	170	105	904	0	34459
13834	32761	143	92	381	0	33377
13835	809	160	31997	271	0	33237
13836	377	184	31276	220	0	32057
13837	254	31091	744	557	0	32646
13838	34611	725	263	177	0	35776
13839	785	248	185	34319	0	35537
13840	242	199	152	35757	0	36350
13841	253	157	109	35946	0	36465
13842	211	140	67	36322	0	36740
13843	236	145	33597	1156	0	35134
13844	32836	144	725	483	0	34188
13845	901	110	204	39094	0	40309
13846	382	119	37827	1155	0	39483
13847	37549	132	949	472	0	39102
13848	41764	89	359	348	0	42560
13849	1600	143	47310	228	0	49281
13850	740	154	48821	211	0	49926
13851	447	89	2153	48419	0	51108
13852	49317	108	717	1953	0	52095
13853	50684	87	451	606	0	51828
13854	2310	119	301	47512	0	50242
13855	816	102	302	51032	0	52252
13856	549	141	48049	2401	0	51140
13857	358	95	1851	48116	0	50420
13858	370	126	46934	2353	0	49783
13859	44876	92	1963	871	0	47802
13860	1911	45525	717	683	0	48836
13861	42747	1659	398	523	0	45327
13862	2000	41827	333	443	0	44603
13863	43464	1828	296	351	0	45939
13864	2127	551	600	41410	0	44688
13865	739	347	241	43678	0	45005
13866	42958	241	211	2279	0	45689
13867	42552	222	179	846	0	43799
13868	42542	181	174	578	0	43475
13869	42880	197	170	387	0	43634
13870	2764	216	39873	378	0	43231
13871	40585	128	1654	431	0	42798
13872	42098	116	490	400	0	43104
13873	42469	79	391	345	0	43284
13874	2817	74	257	40549	0	43697
13875	39186	81	248	1999	0	41514
13876	2418	39321	314	669	0	42722
13877	1097	1665	279	40590	0	43631
13878	917	470	231	42576	0	44194
13879	758	352	38166	2423	0	41699
13880	647	223	1679	38243	0	40792
13881	589	39402	609	2377	0	42977
13882	39419	1811	450	1011	0	42691
13883	2143	39859	344	848	0	43194
13884	40695	2030	299	742	0	43766
13885	2342	681	298	40614	0	43935
13886	39781	462	334	2305	0	42882
13887	2330	39491	338	1022	0	43181
13888	42058	1939	292	757	0	45046
13889	43411	669	320	606	0	45006
13890	2785	543	337	41345	0	45010
13891	1370	428	266	43630	0	45694
13892	1132	367	40101	2575	0	44175
13893	1004	344	1705	40889	0	43942
13894	893	324	544	42971	0	44732
13895	864	223	40021	2842	0	43950
13896	777	234	1895	41585	0	44491
13897	776	227	40001	2751	0	43755
13898	40250	182	2123	1256	0	43811
13899	2373	173	845	41390	0	44781
13900	1131	203	39620	2525	0	43479
13901	40209	237	2015	1120	0	43581
13902	2512	218	783	41222	0	44735
13903	1192	255	41027	2470	0	44944
13904	41834	202	1994	1119	0	45149
13905	2509	203	752	43140	0	46604
13906	1175	219	590	44905	0	46889
13907	43125	234	495	2765	0	46619
13908	2560	231	381	42162	0	45334
13909	1203	181	413	44061	0	45858
13910	1007	227	439	41784	0	43457
13911	914	40249	382	2973	0	44518
13912	40917	1920	373	1475	0	44685
13913	42338	612	343	1140	0	44433
13914	2909	448	276	41206	0	44839
13915	41422	336	312	2708	0	44778
13916	42196	271	289	1343	0	44099
13917	42467	332	282	1099	0	44180
13918	39676	335	398	938	0	41347
13919	39438	265	420	916	0	41039
13920	3111	228	31574	788	0	35701
13921	1485	260	31916	773	0	34434
13922	32343	153	2107	699	0	35302
13923	2595	31598	804	778	0	35775
13924	1086	1853	521	30476	0	33936
13925	973	486	29658	2241	0	33358
13926	844	355	30887	912	0	32998
13927	659	651	2187	30628	0	34125
13928	31237	353	883	2211	0	34684
13929	2299	338	539	30650	0	33826
13930	911	306	29292	2402	0	32911
13931	32320	205	1809	1009	0	35343
13932	2291	223	681	32541	0	35736
13933	987	111	508	33903	0	35509
13934	820	112	409	34451	0	35792
13935	801	106	333	34706	0	35946
13936	772	120	31457	2839	0	35188
13937	784	92	1705	31964	0	34545
13938	31516	104	558	2477	0	34655
13939	2135	137	29867	1230	0	33369
13940	29597	122	1639	1029	0	32387
13941	30983	150	1292	895	0	33320
13942	31187	162	478	785	0	32612
13943	30464	141	385	744	0	31734
13944	2447	28250	336	765	0	31798
13945	885	25007	302	508	0	26702
13946	771	26134	300	449	0	27654
13947	24507	1676	593	450	0	27226
13948	1735	274	23409	406	0	25824
13949	15137	56	764	113	0	16070
13950	379	20	69	15348	0	15816
13951	15541	30	82	377	0	16030
13952	415	26	47	15472	0	15960
13953	16224	27	54	446	0	16751
13954	388	28	37	17147	0	17600
13955	80	26	43	17481	0	17630
13956	13371	54	102	452	0	13979
13957	346	16955	65	171	0	17537
13958	113	327	17496	143	0	18079
13959	128	16932	346	104	0	17510
13960	134	339	17216	98	0	17787
13961	134	37	341	16401	0	16913
13962	16997	43	1057	405	0	18502
13963	290	17	27	16833	0	17167
13964	16718	24	51	280	0	17073
13965	267	16731	39	99	0	17136
13966	121	250	16478	67	0	16916
13967	53	16087	260	82	0	16482
13968	55	16786	54	79	0	16974
13969	17164	249	43	58	0	17514
13970	15786	26	37	66	0	15915
13971	263	15353	46	60	0	15722
13972	89	230	26	15943	0	16288
13973	77	30	34	16111	0	16252
13974	16233	20	45	281	0	16579
13975	290	41	15860	83	0	16274
13976	81	41	14688	74	0	14884
13977	68	48	256	14493	0	14865
13978	73	52	14995	293	0	15413
13979	13830	59	275	77	0	14241
13980	14947	41	60	71	0	15119
13981	276	14409	65	91	0	14841
13982	133	237	14923	54	0	15347
13983	101	27	272	14356	0	14756
13984	114	23	15034	307	0	15478
13985	108	37	237	14963	0	15345
13986	15176	34	69	312	0	15591
13987	285	14760	62	127	0	15234
13988	100	310	13833	92	0	14335
13989	53	13644	283	121	0	14101
13990	84	15436	89	96	0	15705
13991	15662	294	83	97	0	16136
13992	15309	63	68	96	0	15536
13993	325	48	15893	105	0	16371
13994	110	17468	302	104	0	17984
13995	128	245	82	18549	0	19004
13996	120	51	62	18552	0	18785
13997	126	55	41	18424	0	18646
13998	110	82	18645	356	0	19193
13999	94	76	268	18184	0	18622
14000	86	86	74	20221	0	20467
14001	21071	89	80	329	0	21569
14002	20708	81	64	110	0	20963
14003	19754	61	55	109	0	19979
14004	19456	44	74	96	0	19670
14005	19285	43	68	88	0	19484
14006	356	18322	60	116	0	18854
14007	18959	277	46	104	0	19386
14008	382	80	18392	87	0	18941
14009	94	69	234	17511	0	17908
14010	18224	55	66	257	0	18602
14011	275	17062	63	87	0	17487
14012	18250	246	55	70	0	18621
14013	18338	70	54	60	0	18522
14014	277	78	43	18088	0	18486
14015	94	60	55	18115	0	18324
14016	95	20215	65	259	0	20634
14017	87	313	54	22573	0	23027
14018	78	88	22636	373	0	23175
14019	82	53	368	22457	0	22960
14020	97	70	23236	444	0	23847
14021	20006	25	260	113	0	20404
14022	255	14	87	22543	0	22899
14023	102	42	24007	272	0	24423
14024	54	22317	280	130	0	22781
14025	40	23244	101	73	0	23458
14026	23697	245	39	40	0	24021
14027	200	95	29	23246	0	23570
14028	95	84	24289	217	0	24685
14029	44	23637	239	143	0	24063
14030	57	222	24889	44	0	25212
14031	23138	75	230	47	0	23490
14032	23581	46	99	30	0	23756
14033	23886	36	58	27	0	24007
14034	289	31	36	24795	0	25151
14035	144	35	24480	222	0	24881
14036	65	23445	235	109	0	23854
14037	34	198	94	25178	0	25504
14038	65	96	24212	228	0	24601
14039	64	80	23277	107	0	23528
14040	34	34	297	24064	0	24429
14041	25097	20	119	251	0	25487
14042	219	26	89	24674	0	25008
14043	99	31	48	25424	0	25602
14044	75	24	26245	322	0	26666
14045	48	27	249	25424	0	25748
14046	30	27	90	26136	0	26283
14047	41	34	26326	328	0	26729
14048	43	52	24137	129	0	24361
14049	32	498	284	23864	0	24678
14050	61	24	26013	270	0	26368
14051	41	30	277	25672	0	26020
14052	26281	13	126	310	0	26730
14053	229	25730	99	176	0	26234
14054	92	225	74	26031	0	26422
14055	78	77	25404	282	0	25841
14056	21400	68	274	162	0	21904
14057	226	24061	144	101	0	24532
14058	25204	224	72	84	0	25584
14059	273	94	56	24797	0	25220
14060	106	63	50	24730	0	24949
14061	25459	32	71	348	0	25910
14062	267	42	25009	158	0	25476
14063	24225	29	252	125	0	24631
14064	289	21	119	25326	0	25755
14065	24806	14	78	279	0	25177
14066	25685	25	70	147	0	25927
14067	344	47	65	25541	0	25997
14068	169	27546	84	353	0	28152
14069	28810	470	60	135	0	29475
14070	28630	156	62	107	0	28955
14071	694	89	28383	106	0	29272
14072	27983	64	517	66	0	28630
14073	625	61	188	28288	0	29162
14074	246	27970	117	520	0	28853
14075	180	507	78	27843	0	28608
14076	133	27938	67	487	0	28625
14077	28891	551	66	201	0	29709
14078	28803	190	72	115	0	29180
14079	710	103	52	31235	0	32100
14080	294	86	31516	698	0	32594
14081	179	108	30782	278	0	31347
14082	120	37	844	32612	0	33613
14083	32896	49	341	791	0	34077
14084	33893	48	204	308	0	34453
14085	951	33022	142	212	0	34327
14086	384	701	74	34370	0	35529
14087	235	277	35118	813	0	36443
14088	161	161	36647	367	0	37336
14089	113	507	1175	38141	0	39936
14090	42209	64	430	1269	0	43972
14091	1389	65	215	42974	0	44643
14092	559	89	41398	1643	0	43689
14093	40627	40	1421	652	0	42740
14094	1488	67	565	39634	0	41754
14095	571	47	314	41425	0	42357
14096	341	51	202	41104	0	41698
14097	253	39144	197	1952	0	41546
14098	190	1329	39522	870	0	41911
14099	183	522	40504	469	0	41678
14100	196	241	1831	39704	0	41972
14101	191	185	38625	1615	0	40616
14102	37773	111	1676	689	0	40249
14103	1501	60	671	39495	0	41727
14104	620	87	390	40292	0	41389
14105	377	91	287	40556	0	41311
14106	303	39211	258	2237	0	42009
14107	40978	1532	198	1010	0	43718
14108	1679	531	203	41419	0	43832
14109	40634	289	198	1940	0	43061
14110	1830	40347	192	855	0	43224
14111	41103	1665	209	552	0	43529
14112	40220	597	224	464	0	41505
14113	41038	349	206	406	0	41999
14114	2353	37796	267	373	0	40789
14115	993	40933	256	425	0	42607
14116	36790	1890	185	346	0	39211
14117	1684	37158	191	376	0	39409
14118	749	1741	35401	387	0	38278
14119	529	35247	1425	344	0	37545
14120	407	36958	517	307	0	38189
14121	36601	1902	339	291	0	39133
14122	1625	831	35618	254	0	38328
14123	773	526	34658	258	0	36215
14124	555	364	1896	33982	0	36797
14125	35339	266	779	1626	0	38010
14126	1772	276	34952	689	0	37689
14127	797	282	1592	35015	0	37686
14128	572	290	33196	1737	0	35795
14129	508	292	32710	779	0	34289
14130	31300	297	1963	573	0	34133
14131	1689	324	32167	464	0	34644
14132	803	298	1814	31771	0	34686
14133	572	359	815	33204	0	34950
14134	473	31883	589	1962	0	34907
14135	486	34066	515	915	0	35982
14136	428	1902	479	34289	0	37098
14137	424	844	33266	1838	0	36372
14138	418	504	1692	33762	0	36376
14139	402	330	784	35521	0	37037
14140	360	354	34900	2306	0	37920
14141	353	285	1732	35969	0	38339
14142	35872	326	857	2178	0	39233
14143	1716	310	34129	1089	0	37244
14144	33942	296	1881	772	0	36891
14145	1908	255	928	33937	0	37028
14146	955	257	675	34779	0	36666
14147	717	33855	592	2292	0	37456
14148	552	1629	516	35884	0	38581
14149	529	717	501	37622	0	39369
14150	34531	452	557	2606	0	38146
14151	1815	403	515	35246	0	37979
14152	860	343	478	36603	0	38284
14153	33850	337	531	2718	0	37436
14154	1841	336	565	34626	0	37368
14155	906	356	570	32899	0	34731
14156	657	33241	525	2506	0	36929
14157	33912	1656	562	1412	0	37542
14158	1916	739	472	35083	0	38210
14159	921	514	408	36639	0	38482
14160	768	443	33457	2681	0	37349
14161	570	357	1630	34605	0	37162
14162	464	374	781	36445	0	38064
14163	33845	385	564	2770	0	37564
14164	34992	383	499	1512	0	37386
14165	2383	368	463	35147	0	38361
14166	1158	370	32359	2289	0	36176
14167	862	30903	1618	1207	0	34590
14168	580	31328	665	853	0	33426
14169	598	1730	396	31756	0	34480
14170	31321	789	307	1853	0	34270
14171	1636	616	316	32263	0	34831
14172	32841	437	201	2028	0	35507
14173	1768	443	236	33227	0	35674
14174	974	320	293	34498	0	36085
14175	32824	343	230	2295	0	35692
14176	32401	369	310	1141	0	34221
14177	1991	31940	279	801	0	35011
14178	1100	34866	274	706	0	36946
14179	552	1607	205	30671	0	33035
14180	443	724	216	31591	0	32974
14181	397	451	29276	1767	0	31891
14182	26504	306	1169	928	0	28907
14183	1265	28611	508	688	0	31072
14184	484	28405	379	540	0	29808
14185	28108	1348	308	445	0	30209
14186	1337	565	27388	436	0	29726
14187	609	357	26206	354	0	27526
14188	406	266	23906	305	0	24883
14189	237	20351	858	922	0	22368
14190	100	356	154	17110	0	17720
14191	86	144	84	17504	0	17818
14192	94	93	56	17843	0	18086
14193	17233	77	50	540	0	17900
14194	17081	69	59	278	0	17487
14195	435	16824	53	225	0	17537
14196	178	364	37	16608	0	17187
14197	168	143	15969	454	0	16734
14198	122	15916	328	245	0	16611
14199	16392	377	143	176	0	17088
14200	415	177	16083	139	0	16814
14201	15001	134	379	139	0	15653
14202	452	116	16230	130	0	16928
14203	153	894	240	13809	0	15096
14204	113	14938	160	198	0	15409
14205	15312	251	87	141	0	15791
14206	254	16024	76	152	0	16506
14207	15608	214	49	84	0	15955
14208	238	84	34	15764	0	16120
14209	120	67	16364	269	0	16820
14210	90	68	181	15826	0	16165
14211	79	51	70	16987	0	17187
14212	79	64	16885	337	0	17365
14213	16782	70	269	201	0	17322
14214	377	18983	94	166	0	19620
14215	19389	436	64	117	0	20006
14216	480	19181	57	148	0	19866
14217	176	480	55	19773	0	20484
14218	156	173	19198	516	0	20043
14219	24862	139	412	198	0	25611
14220	815	26085	127	199	0	27226
14221	308	847	105	25413	0	26673
14222	242	319	77	27310	0	27948
14223	27978	221	80	1060	0	29339
14224	28484	152	57	480	0	29173
14225	1214	29358	91	321	0	30984
14226	32569	955	68	221	0	33813
14227	33754	380	61	187	0	34382
14228	34436	272	70	170	0	34948
14229	1941	229	31287	133	0	33590
14230	929	31037	1078	207	0	33251
14231	528	33946	473	199	0	35146
14232	368	1593	274	30049	0	32284
14233	282	761	158	32395	0	33596
14234	31069	439	136	1582	0	33226
14235	1328	30656	115	766	0	32865
14236	31302	1319	66	412	0	33099
14237	1559	653	73	30377	0	32662
14238	761	388	94	32064	0	33307
14239	30704	260	88	1765	0	32817
14240	29896	262	119	849	0	31126
14241	1822	216	28076	496	0	30610
14242	939	206	1135	28949	0	31229
14243	603	196	29544	1412	0	31755
14244	478	209	29699	672	0	31058
14245	415	223	29954	400	0	30992
14246	29324	255	1809	273	0	31661
14247	1312	194	765	28591	0	30862
14248	705	187	400	28649	0	29941
14249	515	170	256	30379	0	31320
14250	388	141	28048	1922	0	30499
14251	353	164	1170	28564	0	30251
14252	330	159	596	30140	0	31225
14253	28224	180	352	1899	0	30655
14254	29193	183	254	960	0	30590
14255	29598	136	186	574	0	30494
14256	29789	173	163	426	0	30551
14257	2173	168	191	27976	0	30508
14258	28222	190	188	1403	0	30003
14259	1770	239	177	28015	0	30201
14260	973	217	25751	1652	0	28593
14261	26594	205	1133	909	0	28841
14262	1676	26566	564	635	0	29441
14263	1029	1178	344	26472	0	29023
14264	757	663	219	26720	0	28359
14265	567	26924	251	1701	0	29443
14266	26501	1313	217	998	0	29029
14267	1528	26214	204	780	0	28726
14268	938	1370	24901	587	0	27796
14269	765	655	25553	501	0	27474
14270	25525	465	1581	430	0	28001
14271	26304	346	841	433	0	27924
14272	1997	266	24774	464	0	27501
14273	25771	249	1359	515	0	27894
14274	1853	259	25203	513	0	27828
14275	25698	262	1487	500	0	27947
14276	1978	283	24927	498	0	27686
14277	1174	244	25298	514	0	27230
14278	867	320	1806	22320	0	25313
14279	745	227	1012	24585	0	26569
14280	23921	242	661	1975	0	26799
14281	24449	239	496	1165	0	26349
14282	24909	222	395	761	0	26287
14283	24961	294	392	625	0	26272
14284	2416	23180	417	573	0	26586
14285	1495	1189	394	22617	0	25695
14286	1073	23253	462	1476	0	26264
14287	881	1329	424	24177	0	26811
14288	790	749	411	24850	0	26800
14289	902	498	384	25628	0	27412
14290	846	399	22954	2302	0	26501
14291	22745	302	1313	1393	0	25753
14292	1865	21858	777	1039	0	25539
14293	1151	23173	570	1512	0	26406
14294	1035	1570	24105	794	0	27504
14295	786	895	1354	24305	0	27340
14296	787	558	833	25783	0	27961
14297	25231	373	592	2124	0	28320
14298	1866	353	524	25459	0	28202
14299	1226	276	554	25918	0	27974
14300	919	288	472	27122	0	28801
14301	792	353	492	27447	0	29084
14302	25921	247	541	2457	0	29166
14303	26486	246	605	1450	0	28787
14304	27358	212	542	1066	0	29178
14305	2346	199	634	26190	0	29369
14306	25399	157	512	1772	0	27840
14307	1958	161	470	25937	0	28526
14308	1200	174	549	26387	0	28310
14309	1042	169	23432	2196	0	26839
14310	809	177	23466	1388	0	25840
14311	881	145	24932	942	0	26900
14312	23393	154	2508	819	0	26874
14313	1534	158	1439	20386	0	23517
14314	1071	21211	501	1347	0	24130
14315	22444	889	383	948	0	24664
14316	1591	489	21045	771	0	23896
14317	20361	276	1056	684	0	22377
14318	1619	20046	745	578	0	22988
14319	15348	519	219	275	0	16361
14320	901	340	196	15067	0	16504
14321	14608	139	143	727	0	15617
14322	836	13704	180	576	0	15296
14323	531	12988	131	358	0	14008
14324	11817	498	114	262	0	12691
14325	507	10972	162	265	0	11906
14326	95	8890	57	58	0	9100
14327	47	8548	44	36	0	8675
14328	8746	92	33	20	0	8891
14329	8636	46	16	19	0	8717
14330	8632	26	12	23	0	8693
14331	119	47	11	8410	0	8587
14332	71	34	2	8555	0	8662
14333	52	39	9355	97	0	9543
14334	58	30	70	9066	0	9224
14335	54	40	9988	96	0	10178
14336	52	27	74	9799	0	9952
14337	35	20	24	10243	0	10322
14338	10277	25	18	127	0	10447
14339	9838	20	27	54	0	9939
14340	103	9776	32	48	0	9959
14341	49	86	24	10191	0	10350
14342	45	53	10252	99	0	10449
14343	37	32	74	8899	0	9042
14344	42	31	33	9001	0	9107
14345	47	20	17	9391	0	9475
14346	45	20	9231	127	0	9423
14347	36	30	8259	71	0	8396
14348	8664	11	104	66	0	8845
14349	86	10	38	9350	0	9484
14350	39	10	9253	129	0	9431
14351	8640	10	91	89	0	8830
14352	97	9630	65	63	0	9855
14353	10335	66	38	49	0	10488
14354	112	32	10765	48	0	10957
14355	10658	19	91	41	0	10809
14356	113	19	41	10825	0	10998
14357	60	27	11088	104	0	11279
14358	36	10582	94	75	0	10787
14359	12327	75	60	44	0	12506
14360	99	27	46	12175	0	12347
14361	54	16	44	13508	0	13622
14362	38	13250	47	135	0	13470
14363	39	85	45	13708	0	13877
14364	58	51	13295	108	0	13512
14365	48	12666	103	66	0	12883
14366	13602	82	38	46	0	13768
14367	101	45	33	13429	0	13608
14368	69	28	24	13546	0	13667
14369	54	48	14090	125	0	14317
14370	44	37	88	14197	0	14366
14371	70	33	15423	111	0	15637
14372	48	15172	108	67	0	15395
14373	15636	38	18	37	0	15729
14374	15367	21	22	39	0	15449
14375	15259	18	23	46	0	15346
14376	43	14947	40	48	0	15078
14377	31	45	24	15653	0	15753
14378	22	31	23	15522	0	15598
14379	36	36	22	14914	0	15008
14380	15824	26	9	58	0	15917
14381	15411	17	16	40	0	15484
14382	53	30	13	15665	0	15761
14383	42	23	17824	62	0	17951
14384	27	18	41	17336	0	17422
14385	27	14	21	18348	0	18410
14386	35	14	21	18579	0	18649
14387	35	13	15	18526	0	18589
14388	18983	7	22	73	0	19085
14389	43	13	24	18404	0	18484
14390	35	15	17	18472	0	18539
14391	22	18264	15	81	0	18382
14392	31	45	8	18949	0	19033
14393	30	18834	27	96	0	18987
14394	29	96	10	18535	0	18670
14395	18910	29	15	134	0	19088
14396	128	18178	19	84	0	18409
14397	18249	149	20	61	0	18479
14398	181	38	18700	43	0	18962
14399	44	30	128	18583	0	18785
14400	44	27	18277	185	0	18533
14401	31	19	150	17890	0	18090
14402	25	29	36	18258	0	18348
14403	31	17997	49	190	0	18267
14404	16	18140	34	73	0	18263
14405	16	20805	26	55	0	20902
14406	21431	148	18	43	0	21640
14407	106	20059	9	21	0	20195
14408	16	20400	9	19	0	20444
14409	18	157	2	21073	0	21250
14410	22072	27	6	113	0	22218
14411	106	22500	30	35	0	22671
14412	23746	118	8	20	0	23892
14413	23158	19	12	20	0	23209
14414	140	43	25071	15	0	25269
14415	35	17	110	23475	0	23637
14416	18	14	19	25726	0	25777
14417	5	14	15	25743	0	25777
14418	8	10	9	25032	0	25059
14419	21	28	23881	152	0	24082
14420	17	117	19975	60	0	20169
14421	21773	17	124	34	0	21948
14422	119	23008	33	37	0	23197
14423	25	23342	22	20	0	23409
14424	24438	148	1	8	0	24595
14425	123	23146	20	24	0	23313
14426	31	139	11	22910	0	23091
14427	23099	31	15	126	0	23271
14428	139	37	22833	37	0	23046
14429	29	12	117	22982	0	23140
14430	26	26	24178	149	0	24379
14431	23087	19	168	42	0	23316
14432	181	34	25526	33	0	25774
14433	25552	16	176	30	0	25774
14434	26191	26	35	29	0	26281
14435	25840	35	25	24	0	25924
14436	26068	24	15	26	0	26133
14437	26266	23	16	14	0	26319
14438	210	33	15	26547	0	26805
14439	28314	18	18	178	0	28528
14440	180	20	19	27735	0	27954
14441	48	23	20	27482	0	27573
14442	33	23	19	27792	0	27867
14443	42	26	27342	224	0	27634
14444	30	30	161	25893	0	26114
14445	26	18	49	27443	0	27536
14446	42	40	26550	204	0	26836
14447	23053	34	190	84	0	23361
14448	190	14	42	26798	0	27044
14449	83	30	27083	176	0	27372
14450	64	53	27061	59	0	27237
14451	44	27	185	26764	0	27020
14452	81	32	29135	180	0	29428
14453	41	40	186	28440	0	28707
14454	44	31	42	28242	0	28359
14455	41	27411	56	239	0	27747
14456	27	27891	45	98	0	28061
14457	29039	198	22	77	0	29336
14458	187	53	24	28742	0	29006
14459	62	29	34	27308	0	27433
14460	53	22	22	28257	0	28354
14461	50	36	27319	253	0	27658
14462	42	21	204	26503	0	26770
14463	27461	15	60	241	0	27777
14464	211	36	27221	90	0	27558
14465	62	18	190	27813	0	28083
14466	53	10	57	27790	0	27910
14467	31	23	41	28418	0	28513
14468	27	28036	49	257	0	28369
14469	28926	234	33	96	0	29289
14470	28200	58	47	70	0	28375
14471	378	28685	60	91	0	29214
14472	118	323	24	32494	0	32959
14473	94	105	33027	533	0	33759
14474	75	92	30970	191	0	31328
14475	32359	29	749	139	0	33276
14476	633	21	324	34653	0	35631
14477	35400	27	161	705	0	36293
14478	763	35168	109	345	0	36385
14479	299	36036	92	215	0	36642
14480	36186	905	73	119	0	37283
14481	748	36675	77	131	0	37631
14482	304	807	72	37636	0	38819
14483	211	305	65	35802	0	36383
14484	130	36537	75	938	0	37680
14485	37229	827	87	374	0	38517
14486	934	348	37432	204	0	38918
14487	35530	248	889	165	0	36832
14488	1122	160	37594	144	0	39020
14489	34524	127	1053	175	0	35879
14490	1200	155	37952	176	0	39483
14491	461	36424	1097	174	0	38156
14492	273	917	1111	38391	0	40692
14493	38743	355	230	945	0	40273
14494	1055	206	37841	405	0	39507
14495	479	137	37434	225	0	38275
14496	285	102	1229	36298	0	37914
14497	225	122	37683	946	0	38976
14498	179	83	1097	36302	0	37661
14499	182	114	492	36771	0	37559
14500	194	123	37710	1279	0	39306
14501	170	81	996	37546	0	38793
14502	39253	97	481	1155	0	40986
14503	933	37158	379	547	0	39017
14504	39324	903	222	356	0	40805
14505	1099	410	198	36527	0	38234
14506	36822	242	214	1053	0	38331
14507	38061	144	196	560	0	38961
14508	1381	139	178	35398	0	37096
14509	647	35277	238	1293	0	37455
14510	36966	837	201	464	0	38468
14511	1152	395	33377	359	0	35283
14512	602	287	33311	235	0	34435
14513	33238	146	1270	254	0	34908
14514	1115	128	567	32168	0	33978
14515	577	147	32918	1083	0	34725
14516	445	124	1037	33345	0	34951
14517	33351	129	550	1254	0	35284
14518	35328	146	424	576	0	36474
14519	34820	106	320	408	0	35654
14520	1483	34926	274	394	0	37077
14521	759	921	248	35951	0	37879
14522	525	433	189	36950	0	38097
14523	36443	305	203	1426	0	38377
14524	1163	35828	220	736	0	37947
14525	37171	987	181	442	0	38781
14526	1339	519	172	37110	0	39140
14527	37550	317	215	1137	0	39219
14528	1379	276	34319	641	0	36615
14529	775	34360	968	458	0	36561
14530	540	955	469	32776	0	34740
14531	486	35879	351	871	0	37587
14532	416	1093	269	35848	0	37626
14533	35036	515	270	1138	0	36959
14534	1211	336	33277	597	0	35421
14535	33102	262	1005	455	0	34824
14536	1234	35242	562	382	0	37420
14537	689	964	382	36676	0	38711
14538	543	470	314	37158	0	38485
14539	35629	351	301	1424	0	37705
14540	1213	312	33789	787	0	36101
14541	722	217	974	35238	0	37151
14542	582	243	535	35674	0	37034
14543	456	237	388	36249	0	37330
14544	437	235	324	35990	0	36986
14545	34895	259	282	1630	0	37066
14546	35984	228	286	927	0	37425
14547	1491	265	35150	682	0	37588
14548	905	301	34136	472	0	35814
14549	35782	198	1294	488	0	37762
14550	36759	171	651	519	0	38100
14551	1567	195	443	35664	0	37869
14552	861	178	315	35164	0	36518
14553	34247	157	346	1530	0	36280
14554	1230	32417	331	850	0	34828
14555	751	841	344	33859	0	35795
14556	580	370	350	34984	0	36284
14557	494	274	33082	1536	0	35386
14558	505	203	972	33467	0	35147
14559	452	181	33326	1460	0	35419
14560	427	165	1056	34241	0	35889
14561	33264	147	576	1417	0	35404
14562	1256	408	346	33418	0	35428
14563	726	154	32225	1414	0	34519
14564	541	30329	977	941	0	32788
14565	451	845	493	32838	0	34627
14566	465	402	32622	1296	0	34785
14567	406	32566	1000	843	0	34815
14568	453	1365	455	33396	0	35669
14569	423	459	32004	1197	0	34083
14570	24640	336	961	839	0	26776
14571	1009	31654	518	608	0	33789
14572	473	29509	251	387	0	30620
14573	308	29197	179	326	0	30010
14574	277	821	160	28954	0	30212
14575	255	413	28763	825	0	30256
14576	232	28169	698	452	0	29551
14577	163	679	302	29723	0	30867
14578	28560	307	166	818	0	29851
14579	716	204	147	42024	0	43091
14580	426	234	49566	1980	0	52206
14581	262	50662	1949	913	0	53786
14582	49771	2120	756	529	0	53176
14583	1958	49899	459	414	0	52730
14584	864	2416	47370	307	0	50957
14585	490	49701	2047	341	0	52579
14586	268	2494	803	49110	0	52675
14587	334	1252	47711	1935	0	51232
14588	320	48158	2119	799	0	51396
14589	296	2401	844	47062	0	50603
14590	169	1277	665	48129	0	50240
14591	97	47928	564	2505	0	51094
14592	75	2427	425	49526	0	52453
14593	82	1202	46588	2713	0	50585
14594	90	919	47742	1293	0	50044
14595	65	715	2474	48602	0	51856
14596	47480	559	1054	2667	0	51760
14597	50209	491	724	1445	0	52869
14598	2364	485	591	49026	0	52466
14599	1026	48573	607	2511	0	52717
14600	1099	2047	677	49438	0	53261
14601	48393	873	603	2700	0	52569
14602	2294	656	373	48080	0	51403
14603	1269	468	262	50259	0	52258
14604	47823	503	223	3219	0	51768
14605	2271	46814	278	1846	0	51209
14606	1068	2248	214	48661	0	52191
14607	47794	995	189	2895	0	51873
14608	2474	680	45414	1621	0	50189
14609	46750	496	1847	1335	0	50428
14610	2669	452	742	48057	0	51920
14611	49019	442	497	2681	0	52639
14612	49799	508	374	1391	0	52072
14613	48347	358	368	1167	0	50240
14614	3520	46789	446	809	0	51564
14615	1907	2120	43915	682	0	48624
14616	1410	46465	2050	756	0	50681
14617	46537	2500	777	659	0	50473
14618	2975	45556	512	541	0	49584
14619	1618	2691	376	45420	0	50105
14620	43866	1375	374	2279	0	47894
14621	2534	43939	417	1118	0	48008
14622	1342	2739	42315	770	0	47166
14623	1049	1498	2053	43753	0	48353
14624	891	1090	42386	2650	0	47017
14625	779	43013	2363	2126	0	48281
14626	682	2702	986	42531	0	46901
14627	685	1308	762	44397	0	47152
14628	532	1104	661	45081	0	47378
14629	457	742	762	43887	0	45848
14630	466	42342	610	3619	0	47037
14631	41670	2554	573	2038	0	46835
14632	2336	1366	40610	1674	0	45986
14633	1071	932	2293	42664	0	46960
14634	41832	828	1000	3253	0	46913
14635	2659	840	40686	1804	0	45989
14636	1312	39837	2418	1396	0	44963
14637	1027	2745	1209	40150	0	45131
14638	937	1385	39434	2768	0	44524
14639	736	40425	2680	1641	0	45482
14640	38053	2668	1335	1426	0	43482
14641	2487	40228	1032	1040	0	44787
14642	1125	3172	840	39035	0	44172
14643	808	1666	711	42254	0	45439
14644	39266	1384	644	3622	0	44916
14645	2460	39739	764	2025	0	44988
14646	1261	3002	704	40000	0	44967
14647	37700	1550	693	3242	0	43185
14648	38415	1340	559	1959	0	42273
14649	3378	37826	422	1742	0	43368
14650	38931	2834	365	1398	0	43528
14651	40380	1558	355	1271	0	43564
14652	3751	1414	364	38410	0	43939
14653	2105	1052	36312	3154	0	42623
14654	1839	898	2235	38653	0	43625
14655	1489	802	951	40528	0	43770
14656	1374	844	35941	3788	0	41947
14657	1341	36524	2330	2211	0	42406
14658	1173	2644	1073	38182	0	43072
14659	796	1327	929	40129	0	43181
14660	817	934	889	41036	0	43676
14661	780	746	848	40061	0	42435
14662	853	37663	754	4275	0	43545
14663	38342	2674	586	2634	0	44236
14664	39380	1315	416	2143	0	43254
14665	39771	950	272	1968	0	42961
14666	3696	36101	274	1853	0	41924
14667	1873	2784	324	37079	0	42060
14668	1540	1518	34569	3259	0	40886
14669	1415	1275	2225	35422	0	40337
14670	1530	36440	845	3190	0	42005
14671	35787	2672	577	1563	0	40599
14672	35945	1379	414	1414	0	39152
14673	35665	1111	497	1272	0	38545
14674	3454	33849	631	1178	0	39112
14675	1660	32852	791	987	0	36290
14676	1344	34555	617	1067	0	37583
14677	1212	3107	31553	800	0	36672
14678	1523	2553	30319	1635	0	36030
14679	1637	5790	880	12261	0	20568
14680	8743	99	81	400	0	9323
14681	8651	74	47	138	0	8910
14682	426	71	23	8373	0	8893
14683	162	64	36	8607	0	8869
14684	139	64	28	8753	0	8984
14685	121	75	33	8909	0	9138
14686	7756	66	37	472	0	8331
14687	7818	76	36	142	0	8072
14688	453	7653	43	117	0	8266
14689	7740	374	53	98	0	8265
14690	7864	87	50	111	0	8112
14691	8056	73	49	138	0	8316
14692	470	94	6955	118	0	7637
14693	7347	74	315	119	0	7855
14694	396	7484	86	133	0	8099
14695	149	391	74	7652	0	8266
14696	124	112	69	8395	0	8700
14697	114	7422	62	556	0	8154
14698	103	477	52	7897	0	8529
14699	7654	122	55	585	0	8416
14700	499	130	40	7883	0	8552
14701	217	101	7361	550	0	8229
14702	7414	84	407	205	0	8110
14703	551	8791	85	184	0	9611
14704	209	441	67	9238	0	9955
14705	177	120	56	9146	0	9499
14706	155	121	52	9367	0	9695
14707	131	111	8442	639	0	9323
14708	179	8424	382	276	0	9261
14709	193	472	90	9006	0	9761
14710	194	145	8670	577	0	9586
14711	116	82	327	7613	0	8138
14712	113	75	7777	420	0	8385
14713	80	53	285	7322	0	7740
14714	86	7240	118	357	0	7801
14715	67	300	73	7835	0	8275
14716	7630	86	83	385	0	8184
14717	7860	74	63	179	0	8176
14718	364	79	8715	143	0	9301
14719	130	70	8634	137	0	8971
14720	104	82	9952	115	0	10253
14721	78	48	387	9941	0	10454
14722	72	46	142	10727	0	10987
14723	67	48	94	10718	0	10927
14724	76	10396	98	468	0	11038
14725	75	344	71	11040	0	11530
14726	84	128	70	11320	0	11602
14727	73	86	67	11596	0	11822
14728	11521	75	64	542	0	12202
14729	11689	57	77	259	0	12082
14730	431	70	11311	194	0	12006
14731	176	78	11131	161	0	11546
14732	11168	64	416	145	0	11793
14733	13108	67	157	151	0	13483
14734	491	61	12593	151	0	13296
14735	182	52	12339	131	0	12704
14736	13195	47	423	138	0	13803
14737	13780	55	191	136	0	14162
14738	473	61	14011	148	0	14693
14739	213	57	364	13942	0	14576
14740	156	46	155	14181	0	14538
14741	127	16010	140	479	0	16756
14742	126	481	109	16713	0	17429
14743	142	130	17409	643	0	18324
14744	139	81	558	17470	0	18248
14745	133	73	173	18245	0	18624
14746	144	65	17276	752	0	18237
14747	16748	51	580	292	0	17671
14748	18100	48	205	231	0	18584
14749	691	41	188	17535	0	18455
14750	265	42	129	18324	0	18760
14751	17876	57	103	770	0	18806
14752	17737	51	128	325	0	18241
14753	17358	71	122	240	0	17791
14754	17927	64	93	227	0	18311
14755	752	17157	125	216	0	18250
14756	17112	516	104	211	0	17943
14757	636	16965	109	190	0	17900
14758	263	550	101	17411	0	18325
14759	199	163	99	17571	0	18032
14760	176	16463	124	723	0	17486
14761	153	549	131	17179	0	18012
14762	175	145	103	17052	0	17475
14763	150	16496	132	737	0	17515
14764	142	549	127	17103	0	17921
14765	162	156	114	17486	0	17918
14766	177	124	94	17595	0	17990
14767	166	118	16345	851	0	17480
14768	111	14985	461	409	0	15966
14769	137	451	172	14795	0	15555
14770	151	16026	169	550	0	16896
14771	16149	465	118	247	0	16979
14772	527	156	15602	221	0	16506
14773	192	124	15160	238	0	15714
14774	15578	118	474	179	0	16349
14775	524	78	163	17123	0	17888
14776	176	51	15863	507	0	16597
14777	167	78	15752	159	0	16156
14778	137	61	446	15654	0	16298
14779	15631	56	161	495	0	16343
14780	15618	51	106	165	0	15940
14781	456	61	65	15410	0	15992
14782	172	62	16052	475	0	16761
14783	140	15730	355	258	0	16483
14784	105	367	97	17282	0	17851
14785	128	102	16875	472	0	17577
14786	100	17224	386	197	0	17907
14787	94	402	112	18252	0	18860
14788	18170	105	104	491	0	18870
14789	392	105	100	17703	0	18300
14790	147	17609	77	478	0	18311
14791	17927	366	88	216	0	18597
14792	425	139	18175	188	0	18927
14793	145	17417	353	203	0	18118
14794	151	409	18069	165	0	18794
14795	16967	110	1057	193	0	18327
14796	346	69	138	17167	0	17720
14797	146	60	128	18064	0	18398
14798	18045	31	99	461	0	18636
14799	400	55	95	17963	0	18513
14800	155	59	17578	444	0	18236
14801	16205	58	381	184	0	16828
14802	391	17083	128	190	0	17792
14803	166	328	112	16591	0	17197
14804	16466	99	96	415	0	17076
14805	425	15732	101	191	0	16449
14806	159	365	96	17344	0	17964
14807	17817	127	71	451	0	18466
14808	403	114	62	17356	0	17935
14809	128	16805	110	461	0	17504
14810	132	381	17398	203	0	18114
14811	111	117	336	17964	0	18528
14812	122	94	116	17540	0	17872
14813	18219	81	96	472	0	18868
14814	402	81	65	18160	0	18708
14815	18267	77	55	481	0	18880
14816	18269	73	86	208	0	18636
14817	451	83	58	17858	0	18450
14818	151	16838	69	412	0	17470
14819	148	350	46	17269	0	17813
14820	15985	102	38	404	0	16529
14821	315	15689	46	188	0	16238
14822	122	17243	49	117	0	17531
14823	18084	338	37	124	0	18583
14824	18162	102	50	106	0	18420
14825	335	17058	58	85	0	17536
14826	17859	331	32	80	0	18302
14827	17809	82	41	85	0	18017
14828	366	69	36	17821	0	18292
14829	114	82	17896	370	0	18462
14830	88	49	291	18110	0	18538
14831	92	49	18059	386	0	18586
14832	67	25	311	18527	0	18930
14833	71	67	17341	405	0	17884
14834	17328	38	340	145	0	17851
14835	337	41	95	17478	0	17951
14836	17588	33	58	395	0	18074
14837	450	19	50	17209	0	17728
14838	125	16986	44	440	0	17595
14839	17893	408	34	131	0	18466
14840	506	105	17029	97	0	17737
14841	14614	37	204	38	0	14893
14842	254	15028	56	59	0	15397
14843	14294	192	22	26	0	14534
14844	14368	40	20	23	0	14451
14845	211	13768	28	40	0	14047
14846	59	194	10	15495	0	15758
14847	15419	42	22	284	0	15767
14848	271	14841	28	92	0	15232
14849	91	276	24	14503	0	14894
14850	14437	81	13	294	0	14825
14851	306	37	15	14450	0	14808
14852	123	34	7	14492	0	14656
14853	65	36	7	14856	0	14964
14854	68	40	14109	392	0	14609
14855	73	28	272	14972	0	15345
14856	15405	43	67	342	0	15857
14857	339	35	14925	133	0	15432
14858	122	36	272	14993	0	15423
14859	89	38	73	15424	0	15624
14860	79	36	14891	394	0	15400
14861	13921	33	284	159	0	14397
14862	15194	32	92	96	0	15414
14863	381	40	14876	98	0	15395
14864	140	39	287	14324	0	14790
14865	89	27	93	15275	0	15484
14866	83	34	15296	414	0	15827
14867	85	28	281	15760	0	16154
14868	62	24	102	16200	0	16388
14869	75	27	15944	552	0	16598
14870	14499	23	387	196	0	15105
14871	417	26	115	15753	0	16311
14872	15707	15	73	485	0	16280
14873	15794	18	58	175	0	16045
14874	500	40	17492	142	0	18174
14875	164	13	394	16948	0	17519
14876	17678	16	107	505	0	18306
14877	417	18424	101	198	0	19140
14878	163	369	65	19700	0	20297
14879	99	80	75	19551	0	19805
14880	92	38	67	19961	0	20158
14881	106	33	18393	570	0	19102
14882	15066	38	439	219	0	15762
14883	447	19	122	17830	0	18418
14884	150	21	83	17497	0	17751
14885	108	32	16899	571	0	17610
14886	110	19	416	15998	0	16543
14887	125	21	108	16823	0	17077
14888	16269	28	99	572	0	16968
14889	450	16144	87	259	0	16940
14890	176	377	16673	181	0	17407
14891	18762	77	415	166	0	19420
14892	452	43	118	18868	0	19481
14893	156	44	19373	536	0	20109
14894	124	46	19227	221	0	19618
14895	96	33	464	19270	0	19863
14896	125	24	19357	553	0	20059
14897	116	31	19233	230	0	19610
14898	102	18411	507	182	0	19202
14899	97	361	158	21250	0	21866
14900	118	82	21123	509	0	21832
14901	84	48	414	20074	0	20620
14902	23058	27	144	530	0	23759
14903	395	44	105	21973	0	22517
14904	148	29	96	22578	0	22851
14905	22743	31	104	534	0	23412
14906	22879	52	93	226	0	23250
14907	459	31	120	23802	0	24412
14908	158	53	25200	618	0	26029
14909	104	24042	701	268	0	25115
14910	93	668	224	25190	0	26175
14911	24822	151	160	824	0	25957
14912	24786	75	119	307	0	25287
14913	880	23711	125	207	0	24923
14914	256	24861	135	188	0	25440
14915	24838	821	108	171	0	25938
14916	24459	198	122	184	0	24963
14917	895	113	25465	191	0	26664
14918	272	67	764	25149	0	26252
14919	170	26655	244	852	0	27921
14920	28242	842	120	317	0	29521
14921	916	224	101	27231	0	28472
14922	302	27912	123	917	0	29254
14923	226	846	27981	337	0	29390
14924	144	235	815	26552	0	27746
14925	113	28443	282	878	0	29716
14926	29102	856	144	332	0	30434
14927	29384	258	94	224	0	29960
14928	983	28255	86	197	0	29521
14929	28367	843	71	191	0	29472
14930	28262	262	80	156	0	28760
14931	1019	27946	97	139	0	29201
14932	305	28828	86	166	0	29385
14933	188	976	86	29350	0	30600
14934	29226	295	98	936	0	30555
14935	939	170	30971	357	0	32437
14936	28001	101	736	172	0	29010
14937	844	29834	211	123	0	31012
14938	30729	768	95	112	0	31704
14939	30998	261	92	83	0	31434
14940	31154	145	73	87	0	31459
14941	1047	93	76	29221	0	30437
14942	360	29467	90	734	0	30651
14943	30663	775	60	274	0	31772
14944	864	277	31819	164	0	33124
14945	325	31023	792	136	0	32276
14946	146	701	186	32143	0	33176
14947	143	233	31426	701	0	32503
14948	146	157	31254	213	0	31770
14949	121	99	796	30607	0	31623
14950	143	75	227	32511	0	32956
14951	161	58	94	33124	0	33437
14952	148	70	46	32435	0	32699
14953	130	30662	76	880	0	31748
14954	142	32403	67	266	0	32878
14955	33014	829	57	129	0	34029
14956	732	266	58	32640	0	33696
14957	271	138	62	33191	0	33662
14958	153	100	65	34184	0	34502
14959	33221	99	90	944	0	34354
14960	33619	82	68	342	0	34111
14961	904	70	69	33161	0	34204
14962	35348	75	89	809	0	36321
14963	35304	99	82	320	0	35805
14964	35387	123	72	207	0	35789
14965	953	131	63	34107	0	35254
14966	361	134	32489	773	0	33757
14967	205	112	30168	292	0	30777
14968	162	109	31758	178	0	32207
14969	155	89	35787	152	0	36183
14970	148	76	741	34598	0	35563
14971	35963	96	263	636	0	36958
14972	35308	83	95	262	0	35748
14973	845	66	35325	179	0	36415
14974	361	81	32842	120	0	33404
14975	184	34364	767	155	0	35470
14976	156	579	230	37582	0	38547
14977	36474	199	133	679	0	37485
14978	684	132	35438	278	0	36532
14979	34214	93	641	173	0	35121
14980	675	35097	294	145	0	36211
14981	303	620	150	37145	0	38218
14982	222	213	102	40207	0	40744
14983	182	124	101	40191	0	40598
14984	40198	87	93	1047	0	41425
14985	803	82	102	39940	0	40927
14986	383	79	96	40670	0	41228
14987	40320	87	108	1036	0	41551
14988	826	113	97	39718	0	40754
14989	413	115	40147	906	0	41581
14990	39087	81	699	397	0	40264
14991	843	70	287	39503	0	40703
14992	358	86	153	38979	0	39576
14993	230	38442	148	961	0	39781
14994	40345	701	82	442	0	41570
14995	41190	259	111	246	0	41806
14996	1037	128	87	40082	0	41334
14997	457	101	39192	887	0	40637
14998	35095	79	700	411	0	36285
14999	883	74	37843	297	0	39097
15000	387	59	846	36955	0	38247
15001	248	64	331	39126	0	39769
15002	40572	55	197	1119	0	41943
15003	866	46	146	40559	0	41617
15004	398	90	39646	986	0	41120
15005	38331	71	808	428	0	39638
15006	1012	77	40435	275	0	41799
15007	406	123	38714	174	0	39417
15008	41586	37	699	190	0	42512
15009	696	75	324	46072	0	47167
15010	331	47042	228	544	0	48145
15011	48873	540	158	276	0	49847
15012	48503	223	115	253	0	49094
15013	883	107	48038	215	0	49243
15014	47923	60	638	170	0	48791
15015	783	47	314	50820	0	51964
15016	427	64	50446	679	0	51616
15017	273	47976	656	423	0	49328
15018	48268	424	217	221	0	49130
15019	523	47476	130	171	0	48300
15020	275	500	84	47874	0	48733
15021	210	225	71	48016	0	48522
15022	184	104	64	46148	0	46500
15023	131	73	82	45328	0	45614
15024	120	44111	118	771	0	45120
15025	179	425	43428	388	0	44420
15026	97	43734	462	272	0	44565
15027	44327	479	186	1142	0	46134
15028	512	245	112	45067	0	45936
15029	45443	115	97	549	0	46204
15030	593	100	79	45278	0	46050
15031	47539	68	94	588	0	48289
15032	578	46020	116	356	0	47070
15033	46613	432	73	146	0	47264
15034	46536	165	79	132	0	46912
15035	43752	105	74	126	0	44057
15036	43898	77	45	122	0	44142
15037	664	45186	73	150	0	46073
15038	384	403	45453	90	0	46330
15039	221	195	404	45869	0	46689
15040	46809	91	204	432	0	47536
15041	47173	91	127	232	0	47623
15042	635	48	97	47152	0	47932
15043	354	63	51516	550	0	52483
15044	207	68	471	48710	0	49456
15045	159	49827	229	549	0	50764
15046	51381	485	120	263	0	52249
15047	514	183	85	50561	0	51343
15048	234	52313	115	557	0	53219
15049	169	55953	58	265	0	56445
15050	140	56719	72	181	0	57112
15051	110	800	51	59035	0	59996
15052	59421	378	63	792	0	60654
15053	833	57137	69	1870	0	59909
15054	309	836	57	60056	0	61258
15055	60360	275	72	867	0	61574
15056	856	179	46	60370	0	61451
15057	60903	124	41	925	0	61993
15058	61771	102	54	405	0	62332
15059	1154	65488	83	237	0	66962
15060	519	892	58	65141	0	66610
15061	283	66434	80	687	0	67484
15062	66382	951	55	246	0	67634
15063	65915	338	55	238	0	66546
15064	69516	203	74	146	0	69939
15065	1246	146	95	68084	0	69571
15066	566	168	67151	919	0	68804
15067	66141	115	835	382	0	67473
15068	69622	135	290	261	0	70308
15069	1253	119	151	65275	0	66798
15070	577	67014	131	899	0	68621
15071	387	916	59	69699	0	71061
15072	277	384	73	70754	0	71488
15073	70098	227	123	1187	0	71635
15074	69652	172	77	540	0	70441
15075	1277	178	67481	309	0	69245
15076	585	152	834	66090	0	67661
15077	66907	168	282	1028	0	68385
15078	1087	134	157	67543	0	68921
15079	507	186	69165	1123	0	70981
15080	346	64477	883	557	0	66263
15081	288	67488	313	386	0	68475
15082	71064	928	118	258	0	72368
15083	1194	338	76	73068	0	74676
15084	484	213	86	83626	0	84409
15085	83194	199	101	2248	0	85742
15086	2126	271	80800	874	0	84071
15087	770	170	1742	82021	0	84703
15088	654	218	81119	2169	0	84160
15089	478	78342	1962	888	0	81670
15090	84731	1877	668	578	0	87854
15091	88164	646	401	455	0	89666
15092	89876	452	301	336	0	90965
15093	2954	328	84071	355	0	87708
15094	86815	260	1852	274	0	89201
15095	91395	198	666	264	0	92523
15096	2918	230	399	92203	0	95750
15097	90304	215	418	2115	0	93052
15098	2585	303	89604	829	0	93321
15099	88289	207	1914	571	0	90981
15100	2783	499	88943	425	0	92650
15101	1272	95555	2042	417	0	99286
15102	865	2595	819	85125	0	89404
15103	1246	93130	591	1736	0	96703
15104	807	2245	90472	718	0	94242
15105	551	93688	1937	580	0	96756
15106	89017	2671	643	320	0	92651
15107	1895	89691	522	310	0	92418
15108	808	86683	509	324	0	88324
15109	756	2250	84066	292	0	87364
15110	495	926	1763	82993	0	86177
15111	85023	644	632	1861	0	88160
15112	2027	534	82704	701	0	85966
15113	908	82971	1880	572	0	86331
15114	712	1875	747	84019	0	87353
15115	602	777	85400	1995	0	88774
15116	637	564	84108	845	0	86154
15117	489	448	2393	86345	0	89675
15118	606	448	84691	2207	0	87952
15119	519	554	2341	76881	0	80295
15120	509	84460	1044	1973	0	87986
15121	644	1973	758	84018	0	87393
15122	549	85174	621	2087	0	88431
15123	723	2151	464	88342	0	91680
15124	85856	811	536	2321	0	89524
15125	2253	618	491	85953	0	89315
15126	1037	86568	488	2290	0	90383
15127	808	2033	407	91443	0	94691
15128	842	807	87354	2398	0	91401
15129	735	698	1961	89071	0	92465
15130	90235	478	934	2463	0	94110
15131	2343	445	84059	1130	0	87977
15132	1207	546	2114	86662	0	90529
15133	87056	422	979	2413	0	90870
15134	2295	84614	795	1232	0	88936
15135	1297	2064	688	86951	0	91000
15136	88733	941	631	2341	0	92646
15137	2591	674	675	85959	0	89899
15138	1342	700	82193	2530	0	86765
15139	81182	708	2128	1273	0	85291
15140	2512	82419	1171	998	0	87100
15141	1143	84637	1006	891	0	87677
15142	87522	2503	827	763	0	91615
15143	83986	1229	779	738	0	86732
15144	2768	1116	729	80783	0	85396
15145	84021	874	762	2188	0	87845
15146	2712	1050	79169	1099	0	84030
15147	79775	845	2256	1090	0	83966
15148	2611	75966	1178	1098	0	80853
15149	79387	2151	1033	909	0	83480
15150	2734	1113	75853	1002	0	80702
15151	1498	974	2085	76765	0	81322
15152	1287	770	1408	77720	0	81185
15153	1106	900	1294	72137	0	75437
15154	1092	76723	1110	2545	0	81470
15155	79542	2023	985	1501	0	84051
15156	2516	1113	1075	70877	0	75581
15157	1690	72044	1011	2103	0	76848
15158	83151	1869	946	1309	0	87275
15159	78598	1035	1043	1190	0	81866
15160	81661	964	848	1183	0	84656
15161	81240	890	821	1280	0	84231
15162	79836	725	944	1205	0	82710
15163	3003	981	929	79329	0	84242
15164	1952	965	964	78476	0	82357
15165	77886	922	967	2764	0	82539
15166	2372	1123	877	77751	0	82123
15167	1641	1218	876	78125	0	81860
15168	1262	1262	69682	2949	0	75155
15169	73598	1295	2114	1870	0	78877
15170	75300	1083	1295	1773	0	79451
15171	75172	1348	1201	1288	0	79009
15172	2759	1216	1180	68092	0	73247
15173	1708	71804	1021	2526	0	77059
15174	80722	2067	1171	1571	0	85531
15175	77439	1371	1126	1799	0	81735
15176	3141	1145	961	83927	0	89174
15177	83954	1090	1121	3108	0	89273
15178	3354	2247	68658	2259	0	76518
15179	2063	81329	2328	1881	0	87601
15180	1774	84716	1400	1985	0	89875
15181	2177	3262	81524	1671	0	88634
15182	2082	75995	2733	1755	0	82565
15183	1221	78341	1389	1671	0	82622
15184	69551	1604	1209	1098	0	73462
15185	1466	68033	572	1193	0	71264
15186	1237	1499	541	70315	0	73592
15187	71940	1019	546	1818	0	75323
15188	1796	840	67556	1386	0	71578
15189	68005	882	1032	1237	0	71156
15190	1734	880	66355	1306	0	70275
15191	1310	543	61958	1154	0	64965
15192	60536	540	1354	882	0	63312
15193	1458	374	62527	1122	0	65481
15194	1113	57583	1228	668	0	60592
15195	3999	877	791	57443	0	63110
15196	57573	679	356	1024	0	59632
15197	1291	54699	384	634	0	57008
15198	843	884	346	57562	0	59635
15199	682	556	54994	1286	0	57518
15200	801	321	751	54666	0	56539
15201	50657	323	571	1110	0	52661
15202	1174	291	49459	779	0	51703
15203	1060	336	778	49847	0	52021
15204	50840	458	506	998	0	52802
15205	50514	251	464	663	0	51892
15206	1618	280	309	50223	0	52430
15207	923	329	227	51167	0	52646
15208	726	254	50816	1327	0	53123
15209	617	258	48201	548	0	49624
15210	48895	164	971	396	0	50426
15211	51916	173	461	414	0	52964
15212	1253	50238	361	277	0	52129
15213	52344	746	387	154	0	53631
15214	51888	368	224	286	0	52766
15215	1454	363	53601	254	0	55672
15216	808	52226	999	249	0	54282
15217	55725	819	431	108	0	57083
15218	57751	365	251	161	0	58528
15219	59409	236	208	180	0	60033
15220	1431	198	158	56270	0	58057
15221	729	164	103	57313	0	58309
15222	516	55576	137	1157	0	57386
15223	328	949	102	58887	0	60266
15224	57972	409	112	1233	0	59726
15225	1041	273	86	58110	0	59510
15226	530	218	55359	1234	0	57341
15227	395	216	54270	581	0	55462
15228	266	140	1215	55396	0	57017
15229	282	122	58814	1169	0	60387
15230	241	193	57063	557	0	58054
15231	225	116	1475	53865	0	55681
15232	226	93	673	58903	0	59895
15233	205	112	58232	1442	0	59991
15234	262	142	56894	672	0	57970
15235	169	55455	1503	536	0	57663
15236	59931	997	711	341	0	61980
15237	991	60135	537	291	0	61954
15238	61549	1189	396	190	0	63324
15239	64444	566	237	204	0	65451
15240	1470	63331	237	229	0	65267
15241	65544	1288	226	176	0	67234
15242	1549	591	203	63919	0	66262
15243	762	389	62529	1251	0	64931
15244	555	294	1154	61346	0	63349
15245	400	248	503	64108	0	65259
15246	61774	148	328	1709	0	63959
15247	61239	164	288	764	0	62455
15248	61659	161	292	538	0	62650
15249	61434	174	212	445	0	62265
15250	59752	124	221	379	0	60476
15251	1963	55129	265	315	0	57672
15252	985	1160	185	58554	0	60884
15253	757	474	56942	1378	0	59551
15254	571	311	1260	56639	0	58781
15255	495	245	563	57899	0	59202
15256	421	195	434	61216	0	62266
15257	60855	150	346	2696	0	64047
15258	1789	170	273	59971	0	62203
15259	59156	157	265	2134	0	61712
15260	2020	169	56946	987	0	60122
15261	960	142	1731	72175	0	75008
15262	723	206	70624	2833	0	74386
15263	70962	168	2663	1356	0	75149
15264	2921	152	1114	74564	0	78751
15265	1331	215	73819	3093	0	78458
15266	839	147	2809	75788	0	79583
15267	76945	171	1365	3391	0	81872
15268	3064	194	77712	1754	0	82724
15269	77711	144	2924	1103	0	81882
15270	82268	119	1391	956	0	84734
15271	82655	111	879	901	0	84546
15272	80468	137	816	839	0	82260
15273	4281	76865	785	763	0	82694
15274	2475	73807	629	659	0	77570
15275	1566	76044	592	644	0	78846
15276	905	2751	494	64586	0	68736
15277	806	66696	379	2111	0	69992
15278	66666	2378	384	937	0	70365
15279	2401	63801	474	665	0	67341
15280	1256	66598	406	652	0	68912
15281	993	2907	394	65898	0	70192
15282	879	1348	401	68565	0	71193
15283	64634	858	460	2942	0	68894
15284	2622	751	347	65738	0	69458
15285	1340	727	62413	2898	0	67378
15286	1065	638	60001	1550	0	63254
15287	1017	554	62759	1202	0	65532
15288	1093	510	2958	59491	0	64052
15289	1108	387	1338	65985	0	68818
15290	1121	499	63083	3196	0	67899
15291	1103	592	62663	1482	0	65840
15292	1034	577	65410	1087	0	68108
15293	64667	646	3204	935	0	69452
15294	2641	622	1506	66235	0	71004
15295	1249	680	1059	67745	0	70733
15296	67371	663	963	3415	0	72412
15297	2697	637	845	66413	0	70592
15298	1406	65022	816	3080	0	70324
15299	1070	70317	662	1881	0	73930
15300	852	2974	601	71639	0	76066
15301	70723	1332	625	3174	0	75854
15302	71324	837	634	1972	0	74767
15303	72247	764	725	1428	0	75164
15304	3663	591	729	71309	0	76292
15305	1853	507	70151	3323	0	75834
15306	1441	431	2758	70974	0	75604
15307	1346	459	69108	3378	0	74291
15308	64160	465	2985	2083	0	69693
15309	2991	465	1665	67581	0	72702
15310	66561	407	1401	3408	0	71777
15311	3305	331	65638	2120	0	71394
15312	59372	342	2882	1716	0	64312
15313	3468	347	66754	1410	0	71979
15314	2287	63523	2712	1444	0	69966
15315	1706	64235	1518	1368	0	68827
15316	63683	2643	1516	1214	0	69056
15317	3213	1332	778	64853	0	70176
15318	1939	980	61269	2977	0	67165
15319	1426	59172	2335	1640	0	64573
15320	1397	62445	1145	1344	0	66331
15321	1341	2986	890	63572	0	68789
15322	63564	1454	778	2910	0	68706
15323	63670	1032	817	1775	0	67294
15324	3336	62298	784	1499	0	67917
15325	64011	2661	828	1368	0	68868
15326	3262	1354	846	63851	0	69313
15327	2009	961	61336	3102	0	67408
15328	1559	62017	2596	1795	0	67967
15329	1356	2393	1493	61340	0	66582
15330	1255	1347	1073	63274	0	66949
15331	62162	834	1072	3489	0	67557
15332	2986	751	59166	2029	0	64932
15333	59839	760	2605	1391	0	64595
15334	61979	768	1470	1255	0	65472
15335	3546	800	1096	60317	0	65759
15336	2170	774	1027	61632	0	65603
15337	59680	797	929	3333	0	64739
15338	3111	953	862	60802	0	65728
15339	1664	818	54622	3099	0	60203
15340	1149	751	53638	1854	0	57392
15341	1068	52935	2653	1422	0	58078
15342	1108	59238	1269	1250	0	62865
15343	1162	2924	875	53545	0	58506
15344	1071	57272	734	2468	0	61545
15345	56246	3347	667	1703	0	61963
15346	2475	58072	652	1292	0	62491
15347	1465	2720	566	58258	0	63009
15348	990	1647	577	60624	0	63838
15349	983	1172	56560	3509	0	62224
15350	854	826	2309	57786	0	61775
15351	982	691	1379	59338	0	62390
15352	991	59754	919	3557	0	65221
15353	914	2287	878	59218	0	63297
15354	896	1174	747	63357	0	66174
15355	852	806	58880	3965	0	64503
15356	788	57682	2489	2518	0	63477
15357	728	2770	1167	52102	0	56767
15358	721	56157	855	2716	0	60449
15359	598	2272	53524	1869	0	58263
15360	592	54083	2089	1215	0	57979
15361	40309	1169	911	386	0	42775
15362	39581	478	284	351	0	40694
15363	38445	350	208	1628	0	40631
15364	954	36788	94	132	0	37968
15365	38054	722	47	114	0	38937
15366	866	362	55	37554	0	38837
15367	35596	238	73	719	0	36626
15368	783	31847	78	394	0	33102
15369	33327	711	70	254	0	34362
15370	32786	370	65	202	0	33423
15371	895	31349	79	238	0	32561
15372	504	770	33205	142	0	34621
15373	296	371	646	37755	0	39068
15374	237	265	41463	1216	0	43181
15375	166	204	1551	41052	0	42973
15376	141	190	538	44929	0	45798
15377	140	178	43809	2270	0	46397
15378	104	167	1720	45436	0	47427
15379	46236	132	599	2160	0	49127
15380	1792	199	44570	854	0	47415
15381	620	44752	1737	490	0	47599
15382	337	1795	600	44462	0	47194
15383	275	624	308	47918	0	49125
15384	255	360	44951	2392	0	47958
15385	219	287	1653	42914	0	45073
15386	196	45072	626	1978	0	47872
15387	43004	1844	344	875	0	46067
15388	1626	44719	302	582	0	47229
15389	42870	1986	202	401	0	45459
15390	1724	42497	229	374	0	44824
15391	602	45059	202	275	0	46138
15392	350	2329	41676	295	0	44650
15393	298	878	1737	42680	0	45593
15394	261	518	624	43663	0	45066
15395	214	432	366	44685	0	45697
15396	214	45847	405	2608	0	49074
15397	182	2266	323	48293	0	51064
15398	46636	803	296	2905	0	50640
15399	2309	460	329	47033	0	50131
15400	46674	373	289	3054	0	50390
15401	2711	357	44550	1366	0	48984
15402	46086	390	2341	841	0	49658
15403	2693	372	849	46518	0	50432
15404	1065	348	502	50208	0	52123
15405	48741	340	461	3538	0	53080
15406	2665	451	45895	1563	0	50574
15407	1012	46218	2366	1068	0	50664
15408	605	2537	896	48448	0	52486
15409	47236	1057	557	2909	0	51759
15410	49064	757	397	1322	0	51540
15411	3257	709	370	48376	0	52712
15412	1378	623	47244	2986	0	52231
15413	45124	641	2503	1325	0	49593
15414	2912	590	45910	971	0	50383
15415	1267	507	2704	46960	0	51438
15416	849	532	46290	3165	0	50836
15417	625	451	2574	47073	0	50723
15418	594	496	44303	3369	0	48762
15419	618	45393	2636	1912	0	50559
15420	796	2446	1114	40852	0	45208
15421	629	45703	741	2568	0	49641
15422	46760	2632	573	1402	0	51367
15423	48541	1133	558	1018	0	51250
15424	3469	726	45476	949	0	50620
15425	1669	622	2460	46096	0	50847
15426	46741	497	1099	3018	0	51355
15427	2964	528	769	46116	0	50377
15428	1511	496	665	47625	0	50297
15429	1062	473	44388	3739	0	49662
15430	43833	495	2567	1965	0	48860
15431	2991	472	44776	1489	0	49728
15432	1607	387	2801	45460	0	50255
15433	1169	388	44770	3251	0	49578
15434	45273	396	2898	1777	0	50344
15435	46369	324	1546	1398	0	49637
15436	47378	477	1129	1116	0	50100
15437	3656	374	1018	45610	0	50658
15438	1722	381	44013	3252	0	49368
15439	1135	476	43842	1822	0	47275
15440	1096	535	3391	35617	0	40639
15441	909	42675	1742	2583	0	47909
15442	40697	2382	995	1664	0	45738
15443	2934	1036	852	41019	0	45841
15444	1588	716	40298	3033	0	45635
15445	1411	576	2552	41884	0	46423
15446	1131	566	41942	3243	0	46882
15447	1182	461	2793	43004	0	47440
15448	1172	438	42675	3442	0	47727
15449	1081	395	42325	1961	0	45762
15450	1044	39026	4285	1642	0	45997
15451	889	2200	41455	1417	0	45961
15452	1006	912	41160	1332	0	44410
15453	1053	840	3217	33031	0	38141
15454	1018	445	1616	35035	0	38114
15455	1045	37922	1215	2930	0	43112
15456	38738	2155	1155	1521	0	43569
15457	2944	38074	1162	1161	0	43341
15458	1626	2221	1058	37598	0	42503
15459	37724	912	1177	2848	0	42661
15460	2817	511	1090	38391	0	42809
15461	38114	490	1238	2986	0	42828
15462	2800	496	1023	38820	0	43139
15463	1473	558	36864	3186	0	42081
15464	1153	679	2588	38469	0	42889
15465	1170	484	1419	40408	0	43481
15466	38189	574	1275	3530	0	43568
15467	38840	348	1261	2107	0	42556
15468	38728	415	1250	1631	0	42024
15469	3205	35071	1500	1427	0	41203
15470	1612	37559	1268	1502	0	41941
15471	36285	2468	1372	1367	0	41492
15472	2737	1135	35061	1367	0	40300
15473	1302	635	31249	1146	0	34332
15474	841	2210	1984	24074	0	29109
15475	759	447	26949	1694	0	29849
15476	752	325	25052	1094	0	27223
15477	23162	296	1689	1027	0	26174
15478	22839	327	1047	729	0	24942
15479	1680	22378	654	742	0	25454
15480	1025	23863	654	758	0	26300
15481	821	1262	749	19479	0	22311
15482	661	23529	715	1272	0	26177
15483	23896	1025	744	888	0	26553
15484	1354	654	637	21653	0	24298
15485	994	22618	490	1375	0	25477
15486	24090	1078	556	878	0	26602
15487	1465	564	23145	694	0	25868
15488	889	431	22899	789	0	25008
15489	23222	265	1678	698	0	25863
15490	1339	300	22052	783	0	24474
15491	21042	232	1403	677	0	23354
15492	1402	239	889	21828	0	24358
15493	840	330	21354	1250	0	23774
15494	655	20069	1498	801	0	23023
15495	635	21675	1011	683	0	24004
15496	16314	596	524	351	0	17785
15497	599	16638	494	371	0	18102
15498	14694	328	317	262	0	15601
15499	14584	145	367	237	0	15333
15500	465	14432	357	221	0	15475
15501	319	791	331	14778	0	16219
15502	152	168	16113	305	0	16738
15503	134	17648	549	161	0	18492
15504	92	522	248	20015	0	20877
15505	24	141	115	22035	0	22315
15506	21147	115	87	866	0	22215
15507	645	104	62	21483	0	22294
15508	233	96	20288	918	0	21535
15509	163	20074	629	442	0	21308
15510	136	631	232	21657	0	22656
15511	20520	224	214	886	0	21844
15512	21085	168	148	440	0	21841
15513	874	136	170	21203	0	22383
15514	20800	108	167	869	0	21944
15515	962	135	20010	388	0	21495
15516	440	99	761	20676	0	21976
15517	345	71	20076	899	0	21391
15518	276	76	844	23158	0	24354
15519	191	64	400	22494	0	23149
15520	157	93	282	22700	0	23232
15521	149	49	219	21947	0	22364
15522	107	100	164	22589	0	22960
15523	20897	62	118	1857	0	22934
15524	21460	55	114	875	0	22504
15525	1273	20683	83	712	0	22751
15526	21152	991	100	553	0	22796
15527	1332	337	87	21562	0	23318
15528	595	253	73	22457	0	23378
15529	496	170	47	22673	0	23386
15530	472	137	20463	1705	0	22777
15531	391	133	1004	19799	0	21327
15532	293	21667	342	1487	0	23789
15533	22346	1037	271	707	0	24361
15534	22590	382	255	581	0	23808
15535	1383	269	20777	526	0	22955
15536	620	21446	1035	468	0	23569
15537	418	1126	383	21458	0	23385
15538	338	449	21983	1434	0	24204
15539	353	307	1159	21614	0	23433
15540	296	23223	484	1393	0	25396
15541	22383	1197	379	706	0	24665
15542	1256	23124	293	578	0	25251
15543	546	1308	22942	490	0	25286
15544	423	620	22805	442	0	24290
15545	425	22718	1283	424	0	24850
15546	233	22856	473	445	0	24007
15547	21774	1405	396	408	0	23983
15548	22279	583	338	363	0	23563
15549	1382	472	294	22118	0	24266
15550	607	367	21329	1372	0	23675
15551	530	324	1104	21503	0	23461
15552	492	246	417	23181	0	24336
15553	22721	211	333	1719	0	24984
15554	22796	209	359	833	0	24197
15555	1460	213	280	23128	0	25081
15556	645	214	21782	1649	0	24290
15557	524	22038	1130	793	0	24485
15558	22191	1162	373	700	0	24426
15559	1337	24140	358	568	0	26403
15560	649	1371	315	24698	0	27033
15561	442	637	314	26121	0	27514
15562	380	447	348	26243	0	27418
15563	324	415	350	26285	0	27374
15564	24684	441	202	2072	0	27399
15565	1427	360	231	25082	0	27100
15566	662	24001	223	2000	0	26886
15567	506	1236	205	25216	0	27163
15568	23123	482	274	2175	0	26054
15569	1403	23655	293	1236	0	26587
15570	715	1362	227	25096	0	27400
15571	633	633	23215	2048	0	26529
15572	23724	489	1201	1078	0	26492
15573	1696	437	447	24196	0	26776
15574	839	344	23327	2028	0	26538
15575	716	410	23203	982	0	25311
15576	563	410	1585	24290	0	26848
15577	23933	351	737	1877	0	26898
15578	23546	354	652	1025	0	25577
15579	1676	23198	460	1134	0	26468
15580	23907	1187	457	1062	0	26613
15581	24316	444	445	1004	0	26209
15582	24035	399	363	1051	0	25848
15583	24711	346	345	983	0	26385
15584	2000	318	273	24230	0	26821
15585	1072	377	221	25290	0	26960
15586	941	402	22316	2144	0	25803
15587	870	22007	1111	1254	0	25242
15588	667	23760	431	1136	0	25994
15589	694	1432	22355	1007	0	25488
15590	22661	655	1331	870	0	25517
15591	1463	589	600	23657	0	26309
15592	23790	474	496	1793	0	26553
15593	25278	452	537	887	0	27154
15594	1904	428	23511	822	0	26665
15595	1004	403	1263	24285	0	26955
15596	24727	322	658	1669	0	27376
15597	1775	356	451	24824	0	27406
15598	943	416	24004	1783	0	27146
15599	940	1328	1237	22603	0	26108
15600	860	23899	610	1525	0	26894
15601	776	26576	553	908	0	28813
15602	587	1229	22410	560	0	24786
15603	388	21118	908	525	0	22939
15604	18619	648	287	320	0	19874
15605	16424	144	151	168	0	16887
15606	587	131	135	16045	0	16898
15607	188	145	99	16071	0	16503
15608	168	118	96	16803	0	17185
15609	16362	108	78	652	0	17200
15610	597	16693	84	250	0	17624
15611	17350	530	78	164	0	18122
15612	17473	148	61	145	0	17827
15613	700	16689	91	178	0	17658
15614	16703	484	76	171	0	17434
15615	592	16089	79	162	0	16922
15616	16683	506	64	208	0	17461
15617	567	160	16334	161	0	17222
15618	12839	28	147	31	0	13045
15619	175	13287	57	29	0	13548
15620	68	158	21	13955	0	14202
15621	44	56	13	14025	0	14138
15622	56	27	10	14030	0	14123
15623	14407	10	17	260	0	14694
15624	209	18	17	14966	0	15210
15625	89	24	14384	278	0	14775
15626	14768	18	149	102	0	15037
15627	272	24	15020	91	0	15407
15628	121	17	263	16194	0	16595
15629	75	33	16315	287	0	16710
15630	29	36	286	16043	0	16394
15631	42	16183	121	261	0	16607
15632	37	258	69	15684	0	16048
15633	32	15351	47	277	0	15707
15634	47	279	48	16005	0	16379
15635	15932	99	41	314	0	16386
15636	255	65	38	16507	0	16865
15637	18143	19	35	332	0	18529
15638	331	59	17088	138	0	17616
15639	16658	38	245	90	0	17031
15640	17557	25	96	55	0	17733
15641	17455	29	51	56	0	17591
15642	418	34	33	17174	0	17659
15643	17685	22	35	285	0	18027
15644	345	50	16384	124	0	16903
15645	16149	28	241	98	0	16516
15646	356	37	16236	55	0	16684
15647	15996	28	285	65	0	16374
15648	346	36	98	15727	0	16207
15649	151	38	16297	284	0	16770
15650	120	27	261	15915	0	16323
15651	72	20	121	16573	0	16786
15652	106	26	16012	365	0	16509
15653	13868	13	257	193	0	14331
15654	305	17058	150	114	0	17627
15655	17783	242	594	90	0	18709
15656	296	19245	115	102	0	19758
15657	20153	271	83	83	0	20590
15658	340	126	19459	68	0	19993
15659	16115	74	583	68	0	16840
15660	201	17843	69	45	0	18158
15661	92	129	50	19183	0	19454
15662	90	77	29	19095	0	19291
15663	56	40	42	19088	0	19226
15664	73	23	18975	272	0	19343
15665	56	28	184	18243	0	18511
15666	88	21	19049	233	0	19391
15667	19709	25	214	97	0	20045
15668	20399	15	70	95	0	20579
15669	348	29	68	20259	0	20704
15670	176	24	21615	311	0	22126
15671	20696	25	299	120	0	21140
15672	412	25	24461	80	0	24978
15673	159	27	377	23376	0	23939
15674	139	19	120	24378	0	24656
15675	66	14	113	25010	0	25203
15676	79	8	58	24666	0	24811
15677	23898	7	71	615	0	24591
15678	372	23055	92	301	0	23820
15679	174	360	22499	178	0	23211
15680	131	22425	380	132	0	23068
15681	23707	442	129	99	0	24377
15682	455	126	96	23480	0	24157
15683	23484	119	67	437	0	24107
15684	507	43	67	23205	0	23822
15685	169	54	79	23274	0	23576
15686	162	32	44	23871	0	24109
15687	99	58	22595	637	0	23389
15688	98	21588	365	329	0	22380
15689	102	393	23507	226	0	24228
15690	86	117	448	23700	0	24351
15691	25969	98	143	517	0	26727
15692	25563	52	154	227	0	25996
15693	24978	58	88	189	0	25313
15694	600	24007	91	146	0	24844
15695	25263	369	71	149	0	25852
15696	536	133	66	24887	0	25622
15697	217	106	65	24707	0	25095
15698	183	47	72	24540	0	24842
15699	107	23611	88	626	0	24432
15700	136	405	72	23544	0	24157
15701	111	22336	78	541	0	23066
15702	23208	461	73	272	0	24014
15703	23167	141	52	251	0	23611
15704	576	127	51	23639	0	24393
15705	267	90	22849	520	0	23726
15706	22206	77	402	212	0	22897
15707	509	94	139	23789	0	24531
15708	258	78	23185	491	0	24012
15709	21797	72	411	281	0	22561
15710	497	64	148	23530	0	24239
15711	23368	53	111	561	0	24093
15712	534	22474	64	308	0	23380
15713	208	410	78	23275	0	23971
15714	193	23510	81	529	0	24313
15715	124	683	63	26578	0	27448
15716	142	26010	102	548	0	26802
15717	123	440	65	27649	0	28277
15718	156	146	25811	525	0	26638
15719	19176	147	429	313	0	20065
15720	483	25004	135	210	0	25832
15721	233	418	25051	147	0	25849
15722	24178	141	382	187	0	24888
15723	473	131	130	25828	0	26562
15724	212	70	24511	472	0	25265
15725	123	24175	393	275	0	24966
15726	87	281	102	25171	0	25641
15727	117	109	24579	354	0	25159
15728	92	80	276	22935	0	23383
15729	85	75	93	24910	0	25163
15730	117	70	25092	408	0	25687
15731	94	67	328	24833	0	25322
15732	103	66	25359	476	0	26004
15733	83	58	384	25057	0	25582
15734	87	102	28877	520	0	29586
15735	82	62	405	29060	0	29609
15736	82	73	128	30762	0	31045
15737	110	73	115	29607	0	29905
15738	91	28271	126	541	0	29029
15739	29628	353	111	260	0	30352
15740	29168	103	102	214	0	29587
15741	463	92	93	29945	0	30593
15742	30238	62	118	509	0	30927
15743	451	88	29551	232	0	30322
15744	158	28943	373	262	0	29736
15745	30541	369	131	199	0	31240
15746	414	29334	117	199	0	30064
15747	165	421	76	30512	0	31174
15748	124	147	97	30833	0	31201
15749	29576	129	91	511	0	30307
15750	414	102	78	29280	0	29874
15751	196	99	28834	504	0	29633
15752	162	27728	372	269	0	28531
15753	28767	384	101	224	0	29476
15754	415	117	100	26799	0	27431
15755	155	26428	91	486	0	27160
15756	150	390	76	25012	0	25628
15757	115	24677	94	459	0	25345
15758	25590	439	88	184	0	26301
15759	25122	131	91	201	0	25545
15760	494	145	24588	190	0	25417
15761	202	122	24177	136	0	24637
15762	170	91	356	24563	0	25180
15763	118	24646	153	411	0	25328
15764	108	350	106	26155	0	26719
15765	25995	112	88	450	0	26645
15766	392	116	24987	225	0	25720
15767	105	54	251	22766	0	23176
15768	95	58	23784	292	0	24229
15769	75	78	22431	157	0	22741
15770	76	21722	277	150	0	22225
15771	240	144	44	21441	0	21869
15772	20231	26	33	139	0	20429
15773	147	22	20447	60	0	20676
15774	33	19594	150	48	0	19825
15775	20406	88	36	32	0	20562
15776	91	27	29	20321	0	20468
15777	21919	27	22	107	0	22075
15778	21522	20	11	52	0	21605
15779	21028	14	12	32	0	21086
15780	119	33	22758	20	0	22930
15781	21035	31	90	29	0	21185
15782	23037	9	15	28	0	23089
15783	115	24431	49	45	0	24640
15784	55	85	14	25886	0	26040
15785	53	19	18	26283	0	26373
15786	42	25	23	26755	0	26845
15787	26829	12	20	120	0	26981
15788	25368	20	20	45	0	25453
15789	123	31	25215	34	0	25403
15790	34	21	68	24864	0	24987
15791	30	22741	50	127	0	22948
15792	24295	83	15	57	0	24450
15793	125	30	23482	39	0	23676
15794	45	23	94	22876	0	23038
15795	40	21	29	23914	0	24004
15796	29	22996	64	119	0	23208
15797	18	103	22	24342	0	24485
15798	37	39	24	23575	0	23675
15799	29	28	16	24856	0	24929
15800	24899	20	33	195	0	25147
15801	169	18	17	24307	0	24511
15802	43	21	21	24620	0	24705
15803	24511	20	26	218	0	24775
15804	178	326	20	23938	0	24462
15805	54	29089	32	186	0	29361
15806	32486	343	17	87	0	32933
15807	32134	184	17	64	0	32399
15808	33465	94	17	56	0	33632
15809	37155	36	31	57	0	37279
15810	1272	41164	57	67	0	42560
15811	45965	1132	24	49	0	47170
15812	47718	382	26	47	0	48173
15813	1890	265	10	46688	0	48853
15814	730	160	45050	1513	0	47453
15815	474	97	1367	43886	0	45824
15816	256	78	341	45138	0	45813
15817	218	55	242	43958	0	44473
15818	178	52	119	44502	0	44851
15819	149	60	72	45469	0	45750
15820	43001	55	78	2359	0	45493
15821	1598	47	37	44082	0	45764
15822	518	76	42653	2117	0	45364
15823	404	39	1428	42034	0	43905
15824	220	41826	436	1839	0	44321
15825	183	2270	276	42731	0	45460
15826	188	412	41813	1965	0	44378
15827	37795	321	1562	800	0	40478
15828	41456	149	441	583	0	42629
15829	1980	152	42808	349	0	45289
15830	752	41957	1448	294	0	44451
15831	44475	1432	621	223	0	46751
15832	45139	404	317	188	0	46048
15833	45130	325	170	213	0	45838
15834	41987	169	148	187	0	42491
15835	2344	141	106	39864	0	42455
15836	1050	200	37914	1599	0	40763
15837	790	129	1390	38257	0	40566
15838	598	100	428	40249	0	41375
15839	479	139	37941	2129	0	40688
15840	438	195	37688	957	0	39278
15841	36559	140	1838	758	0	39295
15842	1752	37261	766	641	0	40420
15843	763	1449	490	38605	0	41307
15844	626	441	37768	2034	0	40869
15845	36053	333	1662	1062	0	39110
15846	1812	198	37475	929	0	40414
15847	36187	147	1763	844	0	38941
15848	1946	37024	691	785	0	40446
15849	830	1487	543	38437	0	41297
15850	749	563	36837	2019	0	40168
15851	35640	434	1618	942	0	38634
15852	1897	36199	739	796	0	39631
15853	950	38848	607	598	0	41003
15854	818	2001	428	37248	0	40495
15855	595	886	426	40495	0	42402
15856	42298	642	423	2230	0	45593
15857	2460	41352	369	1127	0	45308
15858	1220	2048	379	42879	0	46526
15859	41603	725	364	2435	0	45127
15860	43464	514	392	1095	0	45465
15861	44577	357	342	994	0	46270
15862	3271	364	42103	828	0	46566
15863	1571	297	43443	891	0	46202
15864	46366	243	2649	931	0	50189
15865	3060	46568	1117	932	0	51677
15866	1266	49533	882	912	0	52593
15867	1033	3051	652	47040	0	51776
15868	796	48697	630	2922	0	53045
15869	50337	3029	644	1363	0	55373
15870	3042	1103	754	50785	0	55684
15871	1408	875	49227	3145	0	54655
15872	50411	669	2844	1261	0	55185
15873	52801	609	1087	1063	0	55560
15874	3857	666	858	50765	0	56146
15875	1873	594	715	52748	0	55930
15876	1524	518	686	53532	0	56260
15877	1301	547	621	53071	0	55540
15878	1258	659	46774	4223	0	52914
15879	1104	48288	2607	2143	0	54142
15880	1055	2876	1103	43614	0	48648
15881	1019	47325	895	4201	0	53440
15882	1060	3166	697	43422	0	48345
15883	870	46182	605	3350	0	51007
15884	45607	3306	667	1863	0	51443
15885	46207	1294	591	1557	0	49649
15886	3790	45307	627	1299	0	51023
15887	46605	3097	690	1101	0	51493
15888	3838	1369	697	46478	0	52382
15889	46238	1144	626	3362	0	51370
15890	3848	45741	615	1567	0	51771
15891	47037	3166	650	1241	0	52094
15892	49105	1482	695	947	0	52229
15893	4294	1139	672	46333	0	52438
15894	2176	1034	44062	3238	0	50510
15895	1732	44838	2791	1545	0	50906
15896	1421	3248	1069	46716	0	52454
15897	46640	1584	855	3522	0	52601
15898	3621	1372	45161	1682	0	51836
15899	1869	1024	2602	44910	0	50405
15900	1565	887	1002	47869	0	51323
15901	47017	691	872	4005	0	52585
15902	48113	690	744	2169	0	51716
15903	47753	716	683	1716	0	50868
15904	4234	44975	710	1433	0	51352
15905	41554	2742	468	1286	0	46050
15906	3262	926	37043	1289	0	42520
15907	1522	802	38408	1184	0	41916
15908	1234	696	38894	1002	0	41826
15909	1431	3221	2328	30568	0	37548
15910	763	433	28343	1787	0	31326
15911	25343	372	1207	628	0	27550
15912	1493	316	427	24995	0	27231
15913	777	363	24975	1441	0	27556
15914	25605	351	1238	709	0	27903
15915	1663	256	543	25713	0	28175
15916	844	318	418	26662	0	28242
15917	26509	265	391	1700	0	28865
15918	1610	284	340	26683	0	28917
15919	823	322	25834	1623	0	28602
15920	708	290	1307	26524	0	28829
15921	701	343	25778	1615	0	28437
15922	608	286	1416	26020	0	28330
15923	25179	242	608	1731	0	27760
15924	1537	24408	463	950	0	27358
15925	830	26670	374	779	0	28653
15926	742	1480	367	26208	0	28797
15927	681	638	369	26399	0	28087
15928	580	25066	411	1761	0	27818
15929	628	23766	406	973	0	25773
15930	558	1490	420	23528	0	25996
15931	512	596	406	24608	0	26122
15932	22712	444	408	1939	0	25503
15933	1475	22642	356	1112	0	25585
15934	708	23442	384	895	0	25429
15935	615	24711	335	756	0	26417
15936	24068	1697	372	709	0	26846
15937	1498	794	23218	645	0	26155
15938	23599	526	1331	654	0	26110
15939	1539	388	603	23946	0	26476
15940	807	22387	458	1640	0	25292
15941	693	25124	314	905	0	27036
15942	24344	1664	303	712	0	27023
15943	1552	846	362	22579	0	25339
15944	766	24207	368	1488	0	26829
15945	25164	1403	427	839	0	27833
15946	25773	700	347	748	0	27568
15947	1855	579	24510	634	0	27578
15948	25432	546	1235	600	0	27813
15949	26474	562	512	567	0	28115
15950	1826	531	381	24781	0	27519
15951	938	24340	388	1530	0	27196
15952	713	25998	291	921	0	27923
15953	626	1671	252	25841	0	28390
15954	25380	808	267	1596	0	28051
15955	1617	608	23260	855	0	26340
15956	641	417	20257	518	0	21833
15957	512	362	22009	528	0	23411
15958	2123	342	21102	425	0	23992
15959	477	22058	1104	410	0	24049
15960	424	22725	549	406	0	24104
15961	383	1120	20725	319	0	22547
15962	348	525	20146	315	0	21334
15963	582	18045	635	195	0	19457
15964	49	224	146	15171	0	15590
15965	69	130	15965	190	0	16354
15966	79	886	195	14236	0	15396
15967	25	33	86	16015	0	16159
15968	25	29	45	16256	0	16355
15969	36	15	34	16409	0	16494
15970	32	14	16137	309	0	16492
15971	27	24	219	14867	0	15137
15972	15571	22	109	269	0	15971
15973	217	37	15027	151	0	15432
15974	14849	35	239	108	0	15231
15975	265	42	120	15413	0	15840
15976	129	45	15203	251	0	15628
15977	14823	30	278	137	0	15268
15978	231	35	148	15520	0	15934
15979	15610	48	99	263	0	16020
15980	260	53	63	15061	0	15437
15981	133	14692	77	294	0	15196
15982	114	231	15734	174	0	16253
15983	48	131	244	15825	0	16248
15984	16307	89	125	318	0	16839
15985	16115	60	98	196	0	16469
15986	16064	74	78	153	0	16369
15987	16293	73	63	114	0	16543
15988	15499	49	51	140	0	15739
15989	357	15015	80	118	0	15570
15990	15816	236	55	101	0	16208
15991	312	159	15126	96	0	15693
15992	15184	110	272	93	0	15659
15993	319	98	181	13311	0	13909
15994	218	72	16165	184	0	16639
15995	145	80	15855	121	0	16201
15996	111	75	309	16220	0	16715
15997	16934	71	175	267	0	17447
15998	274	15612	118	175	0	16179
15999	16910	261	83	115	0	17369
16000	332	16192	82	109	0	16715
16001	223	280	69	17313	0	17885
16002	165	193	61	17513	0	17932
16003	17646	129	63	325	0	18163
16004	352	83	84	17439	0	17958
16005	224	72	17532	318	0	18146
16006	17199	79	275	174	0	17727
16007	336	77	164	18051	0	18628
16008	221	80	116	17505	0	17922
16009	167	86	17085	424	0	17762
16010	15292	91	330	222	0	15935
16011	16656	64	194	166	0	17080
16012	430	16852	165	160	0	17607
16013	208	272	16436	86	0	17002
16014	138	141	16367	92	0	16738
16015	115	95	357	16704	0	17271
16016	124	455	197	16359	0	17135
16017	75	16836	87	387	0	17385
16018	91	287	16879	162	0	17419
16019	82	95	327	16620	0	17124
16020	81	70	18045	379	0	18575
16021	92	30	389	17339	0	17850
16022	79	17525	187	359	0	18150
16023	85	313	113	19352	0	19863
16024	67	131	99	19546	0	19843
16025	58	109	122	19479	0	19768
16026	19258	50	129	640	0	20077
16027	509	97	18367	242	0	19215
16028	193	18190	458	185	0	19026
16029	132	476	184	21287	0	22079
16030	21983	135	148	567	0	22833
16031	573	80	117	22423	0	23193
16032	22690	68	99	751	0	23608
16033	715	74	20903	284	0	21976
16034	20915	51	578	222	0	21766
16035	754	39	176	21937	0	22906
16036	258	65	21791	733	0	22847
16037	182	21839	640	279	0	22940
16038	159	610	207	22034	0	23010
16039	155	152	138	23002	0	23447
16040	22071	105	109	856	0	23141
16041	700	21119	109	326	0	22254
16042	253	21105	115	244	0	21717
16043	229	22097	117	173	0	22616
16044	20898	763	98	193	0	21952
16045	670	21247	94	160	0	22171
16046	264	732	94	21274	0	22364
16047	208	205	101	21709	0	22223
16048	20963	144	77	807	0	21991
16049	692	20342	102	312	0	21448
16050	243	625	83	21475	0	22426
16051	21578	179	92	751	0	22600
16052	21788	125	86	303	0	22302
16053	21710	128	109	217	0	22164
16054	832	21072	75	182	0	22161
16055	21778	669	79	171	0	22697
16056	768	239	96	21669	0	22772
16057	243	18927	55	632	0	19857
16058	172	20249	48	254	0	20723
16059	149	707	36	20470	0	21362
16060	20234	249	61	678	0	21222
16061	20763	135	54	233	0	21185
16062	730	120	46	19788	0	20684
16063	268	18862	48	674	0	19852
16064	19976	592	52	268	0	20888
16065	723	201	18613	194	0	19731
16066	271	183	18452	153	0	19059
16067	17764	117	654	168	0	18703
16068	720	147	18018	140	0	19025
16069	218	103	508	16940	0	17769
16070	17381	78	153	581	0	18193
16071	573	83	93	18230	0	18979
16072	237	93	17640	634	0	18604
16073	161	17020	463	263	0	17907
16074	127	541	125	18203	0	18996
16075	151	187	17777	609	0	18724
16076	16874	128	507	241	0	17750
16077	595	102	156	18141	0	18994
16078	252	124	18296	600	0	19272
16079	186	96	499	17942	0	18723
16080	133	18440	182	613	0	19368
16081	156	537	114	20372	0	21179
16082	126	218	85	20164	0	20593
16083	128	158	102	19860	0	20248
16084	147	18898	106	759	0	19910
16085	19862	575	88	303	0	20828
16086	607	199	73	19912	0	20791
16087	245	144	75	20223	0	20687
16088	190	138	72	20990	0	21390
16089	165	149	19622	894	0	20830
16090	157	132	583	20154	0	21026
16091	19856	109	162	884	0	21011
16092	667	20201	141	354	0	21363
16093	289	671	91	21402	0	22453
16094	201	236	92	21457	0	21986
16095	20606	186	91	922	0	21805
16096	758	20443	83	411	0	21695
16097	21270	780	84	322	0	22456
16098	21757	251	79	275	0	22362
16099	946	183	81	20520	0	21730
16100	20658	146	107	910	0	21821
16101	884	19249	94	352	0	20579
16102	19902	797	91	268	0	21058
16103	901	253	106	19852	0	21112
16104	22354	195	83	957	0	23589
16105	22795	184	83	398	0	23460
16106	1043	213	20145	300	0	21701
16107	20749	187	637	261	0	21834
16108	21647	154	150	246	0	22197
16109	23325	189	123	245	0	23882
16110	1287	204	22709	225	0	24425
16111	497	22871	974	224	0	24566
16112	364	1038	283	23244	0	24929
16113	23015	364	197	1113	0	24689
16114	1187	22163	95	487	0	23932
16115	21686	983	84	301	0	23054
16116	1169	318	96	21697	0	23280
16117	474	244	21075	1082	0	22875
16118	22674	159	856	392	0	24081
16119	1260	147	266	24181	0	25854
16120	574	131	22911	1142	0	24758
16121	23345	130	1043	440	0	24958
16122	1383	126	24292	332	0	26133
16123	522	100	1017	23746	0	25385
16124	348	99	360	26195	0	27002
16125	25038	77	215	1469	0	26799
16126	25238	111	150	615	0	26114
16127	1504	24618	152	362	0	26636
16128	25943	1069	132	293	0	27437
16129	1394	402	22505	232	0	24533
16130	624	218	21693	161	0	22696
16131	21216	137	1186	125	0	22664
16132	1137	21251	503	146	0	23037
16133	21372	942	665	132	0	23111
16134	1163	21345	230	152	0	22890
16135	21872	1020	218	152	0	23262
16136	1262	424	140	20440	0	22266
16137	646	255	21324	982	0	23207
16138	453	144	932	21859	0	23388
16139	321	150	405	23087	0	23963
16140	22398	101	246	1362	0	24107
16141	1170	98	21266	661	0	23195
16142	21496	90	1010	388	0	22984
16143	1268	21380	474	270	0	23392
16144	22427	948	269	232	0	23876
16145	1325	426	222	21938	0	23911
16146	704	295	21307	1010	0	23316
16147	508	224	983	21995	0	23710
16148	21565	190	424	1161	0	23340
16149	1246	183	288	22382	0	24099
16150	642	164	248	22231	0	23285
16151	470	20895	230	1445	0	23040
16152	367	929	227	22355	0	23878
16153	420	397	21097	1311	0	23225
16154	374	233	985	21691	0	23283
16155	356	194	459	22830	0	23839
16156	21265	180	301	1528	0	23274
16157	1210	157	254	22210	0	23831
16158	721	156	20882	1381	0	23140
16159	531	21019	1017	751	0	23318
16160	508	984	481	21365	0	23338
16161	480	462	321	22489	0	23752
16162	21865	317	285	1495	0	23962
16163	1266	21021	259	809	0	23355
16164	696	1045	282	22650	0	24673
16165	21817	518	257	1311	0	23903
16166	23009	325	226	810	0	24370
16167	1550	248	219	23271	0	25288
16168	845	248	22110	1399	0	24602
16169	22674	194	1022	806	0	24696
16170	1351	185	501	24142	0	26179
16171	23125	165	379	1474	0	25143
16172	23439	183	289	882	0	24793
16173	1648	22309	311	665	0	24933
16174	22953	1065	284	554	0	24856
16175	1514	22492	252	516	0	24774
16176	864	1192	273	22808	0	25137
16177	680	568	223	22467	0	23938
16178	570	21754	253	1581	0	24158
16179	22636	1142	225	857	0	24860
16180	22313	567	274	699	0	23853
16181	1658	394	19914	596	0	22562
16182	916	272	19805	620	0	21613
16183	662	250	1276	20535	0	22723
16184	20595	208	612	1396	0	22811
16185	1367	208	381	20988	0	22944
16186	835	232	323	21774	0	23164
16187	638	226	20890	1780	0	23534
16188	516	215	20830	991	0	22552
16189	523	218	21094	728	0	22563
16190	20197	230	1397	625	0	22449
16191	21151	256	686	554	0	22647
16192	1466	19076	421	531	0	21494
16193	802	19654	331	512	0	21299
16194	618	1227	237	20122	0	22204
16195	510	657	19699	1201	0	22067
16196	19484	352	864	789	0	21489
16197	1097	294	19485	616	0	21492
16198	697	223	960	20008	0	21888
16199	523	150	559	20898	0	22130
16200	426	154	400	21210	0	22190
16201	449	152	323	21868	0	22792
16202	20900	168	289	1640	0	22997
16203	1102	165	263	21881	0	23411
16204	646	140	19257	1302	0	21345
16205	18255	161	884	821	0	20121
16206	1089	163	19053	599	0	20904
16207	674	179	18388	443	0	19684
16208	460	17833	1168	406	0	19867
16209	248	885	369	15876	0	17378
16210	15920	278	189	621	0	17008
16211	608	150	147	16054	0	16959
16212	379	133	15423	698	0	16633
16213	253	67	504	16041	0	16865
16214	15712	54	319	709	0	16794
16215	580	15957	187	518	0	17242
16216	16160	483	163	309	0	17115
16217	664	15698	150	274	0	16786
16218	15822	433	90	221	0	16566
16219	464	15289	74	158	0	15985
16220	223	14973	70	100	0	15366
16221	156	467	14532	82	0	15237
16222	128	13848	367	74	0	14417
16223	12980	163	46	15	0	13204
16224	186	58	26	12728	0	12998
16225	12860	35	19	183	0	13097
16226	201	12251	14	77	0	12543
16227	12349	184	16	37	0	12586
16228	213	73	13140	29	0	13455
16229	69	40	176	13043	0	13328
16230	38	13159	53	182	0	13432
16231	38	195	28	14210	0	14471
16232	27	65	14	14368	0	14474
16233	17220	32	23	316	0	17591
16234	426	16858	22	104	0	17410
16235	17919	446	23	45	0	18433
16236	585	186	17401	32	0	18204
16237	237	126	15828	28	0	16219
16238	137	15788	629	53	0	16607
16239	55	478	262	16522	0	17317
16240	79	197	17227	489	0	17992
16241	56	114	536	16309	0	17015
16242	32	66	213	18330	0	18641
16243	56	62	17646	684	0	18448
16244	43	58	17203	314	0	17618
16245	56	49	19167	167	0	19439
16246	59	55	19131	98	0	19343
16247	44	19199	779	105	0	20127
16248	47	497	353	19727	0	20624
16249	33	233	196	19989	0	20451
16250	64	128	19289	704	0	20185
16251	25	73	552	18885	0	19535
16252	50	69	20032	654	0	20805
16253	35	51	587	19695	0	20368
16254	33	38	272	20056	0	20399
16255	34	19563	185	709	0	20491
16256	42	496	104	20350	0	20992
16257	28	209	110	19466	0	19813
16258	39	136	79	19736	0	19990
16259	42	98	18549	828	0	19517
16260	35	18316	515	381	0	19247
16261	19017	513	216	224	0	19970
16262	19095	215	131	162	0	19603
16263	648	134	100	18646	0	19528
16264	277	72	93	18175	0	18617
16265	160	19774	83	667	0	20684
16266	20131	538	62	311	0	21042
16267	527	19572	78	228	0	20405
16268	19388	588	68	140	0	20184
16269	603	258	18745	135	0	19741
16270	17101	159	472	115	0	17847
16271	568	19548	229	116	0	20461
16272	234	489	144	20164	0	21031
16273	170	211	97	20249	0	20727
16274	89	19708	99	650	0	20546
16275	20447	508	64	303	0	21322
16276	495	239	75	20684	0	21493
16277	225	151	68	21280	0	21724
16278	22910	108	101	770	0	23889
16279	22801	102	82	358	0	23343
16280	768	118	22011	213	0	23110
16281	23702	76	530	161	0	24469
16282	678	77	251	24420	0	25426
16283	316	76	24422	618	0	25432
16284	199	69	581	23884	0	24733
16285	129	66	24002	729	0	24926
16286	108	93	23786	338	0	24325
16287	72	78	742	23699	0	24591
16288	109	81	24532	675	0	25397
16289	71	25012	696	389	0	26168
16290	79	522	316	25677	0	26594
16291	60	236	228	26640	0	27164
16292	90	164	25677	834	0	26765
16293	77	25173	581	441	0	26272
16294	25357	545	273	268	0	26443
16295	554	257	193	25447	0	26451
16296	25331	158	140	675	0	26304
16297	633	24170	165	357	0	25325
16298	320	575	24877	259	0	26031
16299	188	272	646	24759	0	25865
16300	25195	198	338	762	0	26493
16301	684	132	24430	392	0	25638
16302	22400	139	681	317	0	23537
16303	768	23552	353	227	0	24900
16304	263	23222	203	219	0	23907
16305	24295	681	335	164	0	25475
16306	561	315	201	23706	0	24783
16307	272	199	172	24105	0	24748
16308	190	24134	135	784	0	25243
16309	125	572	149	25180	0	26026
16310	132	252	123	26559	0	27066
16311	26570	167	94	905	0	27736
16312	580	101	136	26811	0	27628
16313	283	112	27553	739	0	28687
16314	195	74	616	27164	0	28049
16315	87	89	309	27772	0	28257
16316	144	105	26904	882	0	28035
16317	77	132	541	26904	0	27654
16318	28028	80	261	888	0	29257
16319	26234	86	198	491	0	27009
16320	27271	87	145	367	0	27870
16321	805	79	121	27291	0	28296
16322	384	84	27775	727	0	28970
16323	242	26220	473	452	0	27387
16324	176	490	238	27855	0	28759
16325	212	241	27644	666	0	28763
16326	148	141	512	27100	0	27901
16327	142	80	266	28408	0	28896
16328	27607	123	176	796	0	28702
16329	573	27772	152	455	0	28952
16330	344	539	27789	283	0	28955
16331	23580	244	452	202	0	24478
16332	493	26574	281	242	0	27590
16333	103	23976	84	96	0	24259
16334	26280	242	57	93	0	26672
16335	335	83	29	25636	0	26083
16336	185	75	31326	355	0	31941
16337	75	53	360	30748	0	31236
16338	27	30912	171	461	0	31571
16339	32433	397	83	156	0	33069
16340	412	145	41	31909	0	32507
16341	32246	96	52	444	0	32838
16342	467	56	32	31001	0	31556
16343	167	32303	41	464	0	32975
16344	33961	448	37	170	0	34616
16345	32029	133	31	117	0	32310
16346	624	31719	47	116	0	32506
16347	32225	528	48	83	0	32884
16348	589	159	43	31737	0	32528
16349	187	30752	51	572	0	31562
16350	32492	530	47	184	0	33253
16351	546	31130	57	161	0	31894
16352	33018	553	34	114	0	33719
16353	614	160	42	32445	0	33261
16354	33000	119	33	559	0	33711
16355	33313	77	44	203	0	33637
16356	33037	60	39	127	0	33263
16357	692	83	15	32509	0	33299
16358	271	84	15	32917	0	33287
16359	32890	75	29	657	0	33651
16360	580	106	33371	260	0	34317
16361	212	70	468	33432	0	34182
16362	162	33681	161	585	0	34589
16363	120	553	69	35442	0	36184
16364	132	166	51	35370	0	35719
16365	133	95	33144	764	0	34136
16366	127	85	471	34222	0	34905
16367	135	35046	178	760	0	36119
16368	131	746	74	37716	0	38667
16369	158	293	39537	899	0	40887
16370	139	166	900	38543	0	39748
16371	117	111	341	40283	0	40852
16372	38858	76	157	1374	0	40465
16373	38444	62	113	590	0	39209
16374	1320	325	71	37853	0	39569
16375	550	36838	96	1043	0	38527
16376	275	37539	71	453	0	38338
16377	319	1150	36768	241	0	38478
16378	163	482	831	35672	0	37148
16379	36587	217	333	1079	0	38216
16380	972	155	159	36824	0	38110
16381	455	135	35477	1136	0	37203
16382	247	90	881	35266	0	36484
16383	191	100	324	35520	0	36135
16384	207	88	143	36359	0	36797
16385	194	117	35451	1454	0	37216
16386	145	35395	890	700	0	37130
16387	37169	930	319	390	0	38808
16388	36418	398	165	290	0	37271
16389	1270	218	112	35078	0	36678
16390	586	188	34326	1041	0	36141
16391	312	34109	895	558	0	35874
16392	213	953	338	34214	0	35718
16393	179	34441	207	948	0	35775
16394	151	35962	165	496	0	36774
16395	35598	1239	141	325	0	37303
16396	1064	542	35467	284	0	37357
16397	504	309	35633	276	0	36722
16398	271	214	1418	33931	0	35834
16399	265	128	441	36490	0	37324
16400	248	137	36143	1242	0	37770
16401	221	116	881	35181	0	36399
16402	222	108	36288	1210	0	37828
16403	33144	131	991	610	0	34876
16404	955	130	412	36481	0	37978
16405	474	154	37735	1086	0	39449
16406	290	164	904	36321	0	37679
16407	233	38599	430	1038	0	40300
16408	40139	903	215	527	0	41784
16409	934	38863	203	422	0	40422
16410	39337	980	171	341	0	40829
16411	1055	499	37371	327	0	39252
16412	36854	282	908	274	0	38318
16413	1069	212	398	37545	0	39224
16414	552	162	37186	1050	0	38950
16415	330	124	914	37263	0	38631
16416	316	150	36811	1201	0	38478
16417	33688	121	983	688	0	35480
16418	979	34921	498	515	0	36913
16419	486	924	266	34806	0	36482
16420	286	35765	240	947	0	37238
16421	37045	1052	198	519	0	38814
16422	37777	495	191	373	0	38836
16423	1220	36599	184	402	0	38405
16424	599	967	171	37384	0	39121
16425	364	465	170	37900	0	38899
16426	269	259	181	37943	0	38652
16427	37320	225	199	1525	0	39269
16428	902	35995	215	835	0	37947
16429	421	934	258	36696	0	38309
16430	236	455	248	37471	0	38410
16431	36129	267	243	1499	0	38138
16432	1074	221	34578	813	0	36686
16433	541	202	33961	594	0	35298
16434	31737	113	990	434	0	33274
16435	896	113	33480	373	0	34862
16436	427	168	27443	269	0	28307
16437	250	151	957	26563	0	27921
16438	28553	115	502	772	0	29942
16439	732	155	285	28220	0	29392
16440	426	125	27625	849	0	29025
16441	25949	143	752	492	0	27336
16442	816	139	27304	346	0	28605
16443	407	25954	713	273	0	27347
16444	206	590	701	28790	0	30287
16445	30631	283	245	629	0	31788
16446	555	179	230	30190	0	31154
16447	319	125	203	30705	0	31352
16448	31785	80	146	895	0	32906
16449	614	77	139	32585	0	33415
16450	343	98	161	32761	0	33363
16451	248	90	32264	955	0	33557
16452	181	92	534	31522	0	32329
16453	32198	85	311	803	0	33397
16454	31805	123	192	489	0	32609
16455	32242	140	185	257	0	32824
16456	881	117	130	31407	0	32535
16457	476	30609	137	608	0	31830
16458	32308	534	129	359	0	33330
16459	655	31417	138	269	0	32479
16460	32601	597	134	183	0	33515
16461	651	321	153	32309	0	33434
16462	31837	172	103	619	0	32731
16463	31457	116	123	396	0	32092
16464	31063	87	156	231	0	31537
16465	862	30174	156	263	0	31455
16466	291	28457	133	167	0	29048
16467	29054	308	63	80	0	29505
16468	364	30089	76	136	0	30665
16469	10	26838	18	21	0	26887
16470	6	27149	16	17	0	27188
16471	28551	134	4	8	0	28697
16472	92	74	2	27641	0	27809
16473	46	35	2	27936	0	28019
16474	28484	17	5	143	0	28649
16475	113	30	28546	79	0	28768
16476	59	20	82	34013	0	34174
16477	43	19	50	35178	0	35290
16478	15	11	22	40478	0	40526
16479	23	27	12	42588	0	42650
16480	15	39927	88	1678	0	41708
16481	10	49276	46	711	0	50043
16482	50720	1893	38	317	0	52968
16483	1708	806	9	51224	0	53747
16484	633	361	6	54590	0	55590
16485	409	208	50203	2486	0	53306
16486	151	100	1715	51188	0	53154
16487	127	101	49575	2453	0	52256
16488	44	48	2046	51241	0	53379
16489	68	95	50023	2513	0	52699
16490	33	48503	2271	1090	0	51897
16491	31	1826	831	51533	0	54221
16492	51532	735	499	2217	0	54983
16493	52003	469	228	941	0	53641
16494	2697	211	131	52064	0	55103
16495	1144	194	50577	2459	0	54374
16496	669	140	50552	1094	0	52455
16497	47385	87	2704	719	0	50895
16498	2032	48894	1221	496	0	52643
16499	51702	2082	706	368	0	54858
16500	52308	797	355	359	0	53819
16501	2994	558	49112	297	0	52961
16502	1341	300	2096	48629	0	52366
16503	759	186	854	51820	0	53619
16504	449	152	582	53096	0	54279
16505	345	99	356	51079	0	51879
16506	232	131	310	51407	0	52080
16507	238	168	44505	3778	0	48689
16508	273	172	45531	1806	0	47782
16509	318	135	2772	46313	0	49538
16510	302	188	1285	48116	0	49891
16511	312	141	755	50628	0	51836
16512	47864	148	486	3770	0	52268
16513	2445	169	409	48735	0	51758
16514	48472	130	261	3451	0	52314
16515	2971	153	298	50116	0	53538
16516	51685	134	296	3442	0	55557
16517	54036	99	311	1695	0	56141
16518	53430	102	332	1303	0	55167
16519	53449	108	371	926	0	54854
16520	53560	104	317	907	0	54888
16521	4022	138	307	50685	0	55152
16522	49718	149	290	3123	0	53280
16523	3293	48002	311	1626	0	53232
16524	50122	2353	346	1174	0	53995
16525	3242	883	307	51512	0	55944
16526	1544	578	49416	3267	0	54805
16527	1071	299	2570	51743	0	55683
16528	879	273	51541	3715	0	56408
16529	791	182	3003	52065	0	56041
16530	718	189	1220	55827	0	57954
16531	765	179	51755	4148	0	56847
16532	725	206	52368	2239	0	55538
16533	659	139	3446	53371	0	57615
16534	52742	168	1575	3557	0	58042
16535	3150	216	50641	1827	0	55834
16536	1485	50079	2955	1493	0	56012
16537	1172	2473	52989	1102	0	57736
16538	52867	898	3232	1023	0	58020
16539	3133	655	1429	54033	0	59250
16540	55365	395	1061	3291	0	60112
16541	57331	257	655	1809	0	60052
16542	4151	201	625	55939	0	60916
16543	2042	204	52740	4093	0	59079
16544	1356	168	2955	53887	0	58366
16545	924	156	1346	55143	0	57569
16546	50315	167	948	4591	0	56021
16547	3094	50189	728	2543	0	56554
16548	1549	2636	622	52654	0	57461
16549	1217	1002	48114	3865	0	54198
16550	48138	651	2943	1970	0	53702
16551	3368	48270	1353	1588	0	54579
16552	1664	2725	970	49915	0	55274
16553	1302	1028	657	52207	0	55194
16554	988	690	669	53967	0	56314
16555	49911	397	566	5003	0	55877
16556	52457	269	493	2630	0	55849
16557	4248	243	503	52944	0	57938
16558	2262	263	48619	4013	0	55157
16559	1454	50251	2834	2186	0	56725
16560	49957	2758	1264	1665	0	55644
16561	52421	999	932	1353	0	55705
16562	4248	709	592	50530	0	56079
16563	2132	430	580	53577	0	56719
16564	1551	388	48576	4551	0	55066
16565	1047	49892	2929	2530	0	56398
16566	53214	2828	1298	1723	0	59063
16567	52290	1141	961	1249	0	55641
16568	4095	50121	617	1199	0	56032
16569	51665	3059	554	1092	0	56370
16570	4074	1174	494	50895	0	56637
16571	1925	817	49532	3808	0	56082
16572	1494	445	2989	52162	0	57090
16573	1151	407	49448	4277	0	55283
16574	48907	298	3424	2156	0	54785
16575	3396	48767	1528	1668	0	55359
16576	1304	3249	699	43619	0	48871
16577	1101	896	42296	3065	0	47358
16578	828	575	40607	1259	0	43269
16579	36169	598	2109	955	0	39831
16580	1947	37266	1083	844	0	41140
16581	30925	1636	904	420	0	33885
16582	30589	328	269	370	0	31556
16583	31070	288	212	380	0	31950
16584	1574	209	205	28949	0	30937
16585	675	178	27938	1285	0	30076
16586	516	27667	1084	517	0	29784
16587	418	1453	359	28700	0	30930
16588	354	326	28004	1283	0	29967
16589	320	252	27156	457	0	28185
16590	281	182	1132	27246	0	28841
16591	306	156	27041	1229	0	28732
16592	24751	142	962	446	0	26301
16593	944	155	370	26809	0	28278
16594	396	124	298	27935	0	28753
16595	27654	106	273	1147	0	29180
16596	925	26721	250	566	0	28462
16597	28301	809	252	399	0	29761
16598	1090	300	223	28005	0	29618
16599	486	233	213	28535	0	29467
16600	417	169	196	28782	0	29564
16601	321	180	223	28625	0	29349
16602	27759	129	193	1305	0	29386
16603	1060	152	27366	588	0	29166
16604	443	27464	861	460	0	29228
16605	403	865	319	28924	0	30511
16606	28331	292	313	1107	0	30043
16607	29090	231	249	497	0	30067
16608	1168	28938	234	484	0	30824
16609	28574	898	228	390	0	30090
16610	1066	28126	236	396	0	29824
16611	343	28510	217	391	0	29461
16612	310	939	183	28977	0	30409
16613	320	299	28811	1049	0	30479
16614	286	229	756	28390	0	29661
16615	28070	146	753	1019	0	29988
16616	845	25979	221	383	0	27428
16617	334	761	137	26299	0	27531
16618	314	240	27035	936	0	28525
16619	26903	205	746	371	0	28225
16620	28278	168	216	366	0	29028
16621	28427	141	211	313	0	29092
16622	962	154	25708	234	0	27058
16623	25748	133	678	208	0	26767
16624	877	26916	214	295	0	28302
16625	290	620	149	25844	0	26903
16626	284	25513	165	1054	0	27016
16627	26745	634	151	239	0	27769
16628	24537	266	123	213	0	25139
16629	801	201	24804	222	0	26028
16630	251	24337	543	241	0	25372
16631	202	595	199	25280	0	26276
16632	211	171	155	25678	0	26215
16633	228	131	193	25454	0	26006
16634	229	152	138	27326	0	27845
16635	214	152	135	28667	0	29168
16636	216	157	26483	1072	0	27928
16637	212	26456	807	413	0	27888
16638	26841	773	236	287	0	28137
16639	979	228	25989	204	0	27400
16640	320	25520	721	204	0	26765
16641	26317	725	209	176	0	27427
16642	898	229	26808	187	0	28122
16643	25317	162	757	179	0	26415
16644	25749	155	207	181	0	26292
16645	25049	143	175	176	0	25543
16646	934	25456	156	189	0	26735
16647	372	813	24819	188	0	26192
16648	130	24990	720	126	0	25966
16649	164	771	208	22629	0	23772
16650	130	25052	147	632	0	25961
16651	26351	729	143	174	0	27397
16652	27615	177	89	188	0	28069
16653	27052	116	98	188	0	27454
16654	1033	172	26099	167	0	27471
16655	338	26650	790	184	0	27962
16656	205	859	219	29360	0	30643
16657	32912	242	131	929	0	34214
16658	1299	32312	119	369	0	34099
16659	469	1224	112	33193	0	34998
16660	374	477	34114	1308	0	36273
16661	34706	291	1318	509	0	36824
16662	1596	175	34693	296	0	36760
16663	692	183	36823	174	0	37872
16664	34861	201	1797	162	0	37021
16665	1654	215	35633	160	0	37662
16666	32063	68	1408	76	0	33615
16667	1438	31830	608	67	0	33943
16668	34555	1194	310	112	0	36171
16669	1452	485	216	34581	0	36734
16670	679	256	188	35314	0	36437
16671	408	139	167	35239	0	35953
16672	34787	108	181	1790	0	36866
16673	35228	97	173	735	0	36233
16674	35638	117	148	377	0	36280
16675	1835	33832	165	236	0	36068
16676	873	1177	102	36404	0	38556
16677	540	542	34720	1294	0	37096
16678	339	268	1178	32904	0	34689
16679	275	32833	529	1466	0	35103
16680	267	1231	269	34166	0	35933
16681	255	492	191	34713	0	35651
16682	33652	296	160	1734	0	35842
16683	1402	199	123	34139	0	35863
16684	641	214	32850	1602	0	35307
16685	480	204	32242	708	0	33634
16686	319	173	1621	33515	0	35628
16687	33104	142	764	1455	0	35465
16688	1364	161	398	33193	0	35116
16689	656	159	265	34599	0	35679
16690	460	136	31957	1924	0	34477
16691	346	31638	1295	990	0	34269
16692	347	1186	622	33577	0	35732
16693	32801	509	423	1530	0	35263
16694	1390	32692	322	794	0	35198
16695	711	1256	268	33448	0	35683
16696	532	615	32320	1539	0	35006
16697	375	375	1301	32999	0	35050
16698	32237	225	628	1728	0	34818
16699	1365	31778	412	887	0	34442
16700	759	1247	32730	577	0	35313
16701	524	597	1272	32375	0	34768
16702	428	365	32891	1605	0	35289
16703	31698	236	1442	784	0	34160
16704	32886	275	673	552	0	34386
16705	1814	195	31810	485	0	34304
16706	905	197	1348	31330	0	33780
16707	613	244	31933	1441	0	34231
16708	415	31036	1507	874	0	33832
16709	358	1211	829	32093	0	34491
16710	363	620	32531	1572	0	35086
16711	354	348	1419	30911	0	33032
16712	375	30164	822	2814	0	34175
16713	375	1237	476	32413	0	34501
16714	371	586	31092	1673	0	33722
16715	29585	360	1403	901	0	32249
16716	1330	31163	760	639	0	33892
16717	34065	1238	498	484	0	36285
16718	1558	636	31125	495	0	33814
16719	31488	406	1378	466	0	33738
16720	1636	271	32345	508	0	34760
16721	32516	272	1497	453	0	34738
16722	34820	214	780	437	0	36251
16723	1928	239	537	33329	0	36033
16724	1054	234	413	34143	0	35844
16725	33325	249	374	1950	0	35898
16726	1521	32972	375	1151	0	36019
16727	34658	1267	416	722	0	37063
16728	1692	653	363	33714	0	36422
16729	935	32733	425	1535	0	35628
16730	692	1261	378	34558	0	36889
16731	548	678	355	35029	0	36610
16732	481	380	365	34616	0	35842
16733	420	32699	370	2240	0	35729
16734	31358	1049	283	1035	0	33725
16735	1230	557	256	31617	0	33660
16736	730	382	29182	1448	0	31742
16737	518	302	28271	920	0	30011
16738	407	232	28876	729	0	30244
16739	28977	215	1634	530	0	31356
16740	30224	212	834	504	0	31774
16741	1598	234	29394	519	0	31745
16742	865	205	1084	26326	0	28480
16743	517	213	641	28279	0	29650
16744	362	202	29719	1573	0	31856
16745	296	212	29121	998	0	30627
16746	294	193	1409	29770	0	31666
16747	29964	180	783	1234	0	32161
16748	29787	165	498	839	0	31289
16749	29931	163	443	566	0	31103
16750	1553	28731	375	507	0	31166
16751	819	29068	335	425	0	30647
16752	529	1067	287	28813	0	30696
16753	28664	619	266	1080	0	30629
16754	1008	400	27569	691	0	29668
16755	24977	245	839	566	0	26627
16756	988	24674	544	432	0	26638
16757	278	20141	136	142	0	20697
16758	20461	439	141	130	0	21171
16759	383	20133	136	147	0	20799
16760	111	17926	63	72	0	18172
16761	18289	187	43	48	0	18567
16762	154	17733	67	67	0	18021
16763	97	179	34	16627	0	16937
16764	46	91	31	16816	0	16984
16765	16838	47	37	216	0	17138
16766	16459	28	29	110	0	16626
16767	214	15974	55	72	0	16315
16768	112	14994	42	63	0	15211
16769	78	203	14427	47	0	14755
16770	15027	86	155	46	0	15314
16771	16002	57	72	56	0	16187
16772	15228	35	52	61	0	15376
16773	207	33	14	14192	0	14446
16774	93	27	18	15134	0	15272
16775	15629	25	15	209	0	15878
16776	197	26	13	15208	0	15444
16777	84	36	15950	212	0	16282
16778	59	17	168	16558	0	16802
16779	36	16729	69	266	0	17100
16780	34	259	36	17271	0	17600
16781	41	114	12	19029	0	19196
16782	36	51	15	19352	0	19454
16783	18636	26	26	553	0	19241
16784	327	18210	41	274	0	18852
16785	171	314	27	19148	0	19660
16786	88	175	18764	402	0	19429
16787	65	113	18809	202	0	19189
16788	53	42	465	18973	0	19533
16789	43	35	216	20108	0	20402
16790	20029	23	89	556	0	20697
16791	368	37	52	19414	0	19871
16792	194	19037	71	413	0	19715
16793	105	349	20147	238	0	20839
16794	53	159	335	20572	0	21119
16795	82	79	21045	420	0	21626
16796	54	49	388	21809	0	22300
16797	21886	49	177	465	0	22577
16798	22212	49	86	259	0	22606
16799	514	22135	70	160	0	22879
16800	256	343	68	22337	0	23004
16801	22743	172	46	409	0	23370
16802	24229	94	52	237	0	24612
16803	25708	43	53	136	0	25940
16804	25655	60	38	112	0	25865
16805	25821	45	46	103	0	26015
16806	621	24407	65	95	0	25188
16807	25259	305	46	64	0	25674
16808	432	158	24266	61	0	24917
16809	228	70	299	24229	0	24826
16810	24644	33	146	361	0	25184
16811	24067	31	70	205	0	24373
16812	25235	32	39	124	0	25430
16813	559	56	24392	62	0	25069
16814	258	52	290	25553	0	26153
16815	26942	36	157	359	0	27494
16816	384	24859	126	210	0	25579
16817	28290	330	34	109	0	28763
16818	29814	171	41	79	0	30105
16819	29672	86	36	90	0	29884
16820	664	53	41	28789	0	29547
16821	29657	53	61	472	0	30243
16822	563	63	28704	251	0	29581
16823	289	61	28399	150	0	28899
16824	28467	36	489	109	0	29101
16825	495	60	29635	100	0	30290
16826	26814	43	435	110	0	27402
16827	546	47	29182	116	0	29891
16828	251	53	417	27972	0	28693
16829	29549	31	187	442	0	30209
16830	455	29188	153	265	0	30061
16831	30547	389	77	156	0	31169
16832	510	29308	91	144	0	30053
16833	265	29643	92	138	0	30138
16834	197	497	66	30649	0	31409
16835	133	245	94	30541	0	31013
16836	152	119	85	30441	0	30797
16837	123	83	29768	659	0	30633
16838	27538	65	432	345	0	28380
16839	31031	60	229	185	0	31505
16840	31992	61	126	171	0	32350
16841	32223	64	92	139	0	32518
16842	32016	61	166	129	0	32372
16843	855	86	30181	143	0	31265
16844	420	94	29170	136	0	29820
16845	271	73	612	29360	0	30316
16846	223	66	30612	537	0	31438
16847	27777	89	588	288	0	28742
16848	660	31199	284	204	0	32347
16849	369	527	158	34621	0	35675
16850	35300	214	87	689	0	36290
16851	829	139	92	36398	0	37458
16852	550	79	36573	754	0	37956
16853	391	96	35941	339	0	36767
16854	314	69	899	36770	0	38052
16855	288	82	36927	748	0	38045
16856	34976	68	829	369	0	36242
16857	832	37	412	36735	0	38016
16858	491	80	36407	761	0	37739
16859	358	35264	769	453	0	36844
16860	255	622	386	37151	0	38414
16861	278	291	38242	795	0	39606
16862	268	174	778	36980	0	38200
16863	225	99	408	38162	0	38894
16864	252	86	38446	1109	0	39893
16865	237	83	804	38468	0	39592
16866	239	82	417	38118	0	38856
16867	240	58	270	39921	0	40489
16868	38818	66	190	1198	0	40272
16869	820	37342	211	657	0	39030
16870	484	37441	221	363	0	38509
16871	340	1004	37251	231	0	38826
16872	34679	434	852	271	0	36236
16873	929	221	39480	197	0	40827
16874	506	161	38269	216	0	39152
16875	281	107	1018	37423	0	38829
16876	38931	73	585	796	0	40385
16877	784	37668	310	550	0	39312
16878	37987	573	153	295	0	39008
16879	37038	284	163	197	0	37682
16880	930	37562	138	214	0	38844
16881	37032	527	74	132	0	37765
16882	36154	230	87	99	0	36570
16883	662	36689	135	134	0	37620
16884	348	551	85	37334	0	38318
16885	178	233	119	37994	0	38524
16886	38956	143	111	718	0	39928
16887	606	40209	122	368	0	41305
16888	42144	609	89	178	0	43020
16889	41032	266	105	142	0	41545
16890	41523	123	97	131	0	41874
16891	953	88	103	41454	0	42598
16892	416	97	97	43443	0	44053
16893	43197	84	85	841	0	44207
16894	43495	93	72	396	0	44056
16895	44500	119	57	228	0	44904
16896	993	80	62	46663	0	47798
16897	461	117	45389	902	0	46869
16898	294	106	752	46082	0	47234
16899	233	112	306	51695	0	52346
16900	260	114	49934	1332	0	51640
16901	256	143	52106	572	0	53077
16902	218	67	1455	56175	0	57915
16903	228	100	54079	1425	0	55832
16904	54078	62	1376	703	0	56219
16905	1365	81	589	55852	0	57887
16906	667	71	371	57486	0	58595
16907	59014	86	241	1855	0	61196
16908	1479	86	227	58847	0	60639
16909	685	81	231	59248	0	60245
16910	459	64	178	60344	0	61045
16911	302	76	187	60864	0	61429
16912	321	117	55880	2182	0	58500
16913	280	62	1294	57875	0	59511
16914	255	145	53249	1947	0	55596
16915	214	54035	1426	1084	0	56759
16916	236	1223	824	55570	0	57853
16917	243	499	51579	1743	0	54064
16918	46693	221	1346	884	0	49144
16919	1325	50107	659	602	0	52693
16920	51006	1195	404	506	0	53111
16921	1470	525	326	47340	0	49661
16922	698	49998	289	1453	0	52438
16923	51005	1233	210	853	0	53301
16924	1392	50710	248	600	0	52950
16925	51864	1365	198	528	0	53955
16926	1507	611	180	51858	0	54156
16927	52757	355	216	1495	0	54823
16928	1504	51977	204	888	0	54573
16929	52086	1281	195	531	0	54093
16930	1594	588	49603	496	0	52281
16931	787	307	1253	51230	0	53577
16932	50275	231	604	1527	0	52637
16933	51521	219	336	875	0	52951
16934	1848	195	316	50652	0	53011
16935	909	229	49242	1644	0	52024
16936	595	46920	1289	900	0	49704
16937	502	50881	600	644	0	52627
16938	53786	1571	377	567	0	56301
16939	1457	682	312	51829	0	54280
16940	784	356	299	53343	0	54782
16941	52287	267	288	2013	0	54855
16942	50509	260	312	1071	0	52152
16943	1969	226	52268	749	0	55212
16944	977	194	1289	53507	0	55967
16945	660	221	52797	1798	0	55476
16946	604	52088	1400	1081	0	55173
16947	51185	1232	700	806	0	53923
16948	1333	50451	501	778	0	53063
16949	698	51416	379	668	0	53161
16950	447	1493	317	51519	0	53776
16951	48531	680	346	1586	0	51143
16952	1315	48137	357	990	0	50799
16953	47769	1263	361	764	0	50157
16954	1433	47780	416	639	0	50268
16955	810	1350	319	49102	0	51581
16956	48717	637	303	1628	0	51285
16957	1530	510	48078	988	0	51106
16958	937	523	1146	48972	0	51578
16959	1182	391	48348	1676	0	51597
16960	656	47024	1336	1105	0	50121
16961	521	49470	614	879	0	51484
16962	48674	1455	501	783	0	51413
16963	1296	49946	436	786	0	52464
16964	50022	1435	953	704	0	53114
16965	50772	738	395	678	0	52583
16966	1756	621	50041	636	0	53054
16967	49869	463	1187	654	0	52173
16968	1687	509	51150	629	0	53975
16969	1045	51125	1327	619	0	54116
16970	53275	1270	669	616	0	55830
16971	1571	51876	501	652	0	54600
16972	994	1366	342	53610	0	56312
16973	53382	747	338	1539	0	56006
16974	1711	539	308	53145	0	55703
16975	994	549	53783	1746	0	57072
16976	707	545	1286	53530	0	56068
16977	676	495	631	56512	0	58314
16978	55490	558	428	1962	0	58438
16979	1675	530	53320	1133	0	56658
16980	52608	476	1331	762	0	55177
16981	55183	426	658	668	0	56935
16982	2050	453	493	53716	0	56712
16983	1205	439	362	54165	0	56171
16984	53466	402	393	1759	0	56020
16985	1699	53155	369	980	0	56203
16986	1062	1295	293	53644	0	56294
16987	818	765	50524	1444	0	53551
16988	734	704	48424	828	0	50690
16989	684	50314	1390	654	0	53042
16990	649	1390	624	49913	0	52576
16991	562	843	424	50243	0	52072
16992	48434	571	362	1706	0	51073
16993	1518	484	320	47917	0	50239
16994	45822	459	288	1550	0	48119
16995	1598	44786	308	948	0	47640
16996	792	42816	266	598	0	44472
16997	631	44485	290	554	0	45960
16998	43065	1125	243	871	0	45304
16999	37710	407	168	608	0	38893
17000	1013	37195	162	330	0	38700
17001	34666	394	52	94	0	35206
17002	450	30231	72	113	0	30866
17003	230	422	51	30392	0	31095
17004	118	29682	88	399	0	30287
17005	30239	408	629	171	0	31447
17006	30227	168	45	106	0	30546
17007	482	96	37	27703	0	28318
17008	28160	78	52	390	0	28680
17009	428	65	56	27732	0	28281
17010	213	27283	62	384	0	27942
17011	157	335	46	28224	0	28762
17012	118	27264	68	371	0	27821
17013	28416	356	51	178	0	29001
17014	400	217	26880	121	0	27618
17015	25232	105	278	99	0	25714
17016	341	76	105	27332	0	27854
17017	199	74	26434	316	0	27023
17018	25828	79	289	158	0	26354
17019	339	84	27064	98	0	27585
17020	176	78	303	26583	0	27140
17021	100	68	122	27585	0	27875
17022	111	65	61	26039	0	26276
17023	124	57	35	26244	0	26460
17024	92	25183	79	491	0	25845
17025	101	340	27	28815	0	29283
17026	27201	147	35	458	0	27841
17027	432	99	25586	200	0	26317
17028	186	27887	372	118	0	28563
17029	29273	519	124	78	0	29994
17030	31797	255	59	81	0	32192
17031	838	95	43	34574	0	35550
17032	341	126	34523	808	0	35798
17033	185	72	740	35287	0	36284
17034	136	60	332	38990	0	39518
17035	165	95	36895	1369	0	38524
17036	124	40950	1053	642	0	42769
17037	44014	1183	436	228	0	45861
17038	42871	637	155	224	0	43887
17039	44448	275	158	169	0	45050
17040	2135	222	104	42352	0	44813
17041	1110	132	79	47353	0	48674
17042	46531	90	82	2323	0	49026
17043	1941	130	98	41528	0	43697
17044	944	41587	118	1864	0	44513
17045	44503	1430	99	933	0	46965
17046	45965	702	138	492	0	47297
17047	48258	326	98	390	0	49072
17048	49380	261	80	321	0	50042
17049	3336	227	43697	255	0	47515
17050	1671	177	45232	327	0	47407
17051	1038	162	2403	44106	0	47709
17052	827	105	1049	47663	0	49644
17053	615	179	44759	2760	0	48313
17054	589	205	45475	1317	0	47586
17055	553	153	2560	46167	0	49433
17056	47037	149	1198	2430	0	50814
17057	2291	193	750	46440	0	49674
17058	1446	255	45661	2542	0	49904
17059	1082	48340	2100	1526	0	53048
17060	49585	1894	1292	766	0	53537
17061	52720	1050	675	819	0	55264
17062	53700	394	669	734	0	55497
17063	53445	355	587	773	0	55160
17064	3744	276	48586	857	0	53463
17065	1980	229	2102	49952	0	54263
17066	49190	280	1139	2775	0	53384
17067	3095	273	842	49279	0	53489
17068	1831	303	668	46923	0	49725
17069	1579	46106	560	3092	0	51337
17070	1673	1974	501	48471	0	52619
17071	47190	957	643	2824	0	51614
17072	3028	46611	692	1729	0	52060
17073	46371	2115	648	1122	0	50256
17074	2915	45673	792	1185	0	50565
17075	1820	2142	770	41197	0	45929
17076	1309	41940	708	2554	0	46511
17077	1200	44497	748	1774	0	48219
17078	45314	2693	827	1231	0	50065
17079	2797	1359	43198	1239	0	48593
17080	1837	941	43576	1275	0	47629
17081	1550	840	43261	997	0	46648
17082	41218	724	2965	1187	0	46094
17083	2853	42769	1806	869	0	48297
17084	2047	45373	1050	893	0	49363
17085	43402	2816	825	941	0	47984
17086	3206	45624	814	880	0	50524
17087	2104	49143	779	964	0	52990
17088	1734	3163	670	49236	0	54803
17089	1494	1747	48020	2860	0	54121
17090	1410	1293	48007	2037	0	52747
17091	1515	1145	2930	48529	0	54119
17092	47560	923	1687	3232	0	53402
17093	3056	47414	1183	1971	0	53624
17094	2198	2743	1000	49157	0	55098
17095	1950	1632	46500	3088	0	53170
17096	2059	1418	45780	1664	0	50921
17097	1605	1494	2897	47042	0	53038
17098	47549	1257	1573	3120	0	53499
17099	48983	1403	1215	1881	0	53482
17100	4003	1135	45957	1632	0	52727
17101	47282	1221	2796	1406	0	52705
17102	3763	949	47222	1369	0	53303
17103	2739	727	3300	43019	0	49785
17104	1867	46451	2365	2653	0	53336
17105	48932	2475	1728	1680	0	54815
17106	3316	1755	1549	49377	0	55997
17107	2547	1287	1259	49806	0	54899
17108	1940	1372	1171	51504	0	55987
17109	1816	1116	1217	52101	0	56250
17110	1860	1024	47203	4173	0	54260
17111	1559	47367	2968	2658	0	54552
17112	1749	2467	2097	49863	0	56176
17113	48375	1384	1753	3571	0	55083
17114	3256	1013	1678	49342	0	55289
17115	2291	969	1544	50634	0	55438
17116	1799	990	46994	4244	0	54027
17117	1833	1023	46189	2663	0	51708
17118	1573	46010	3405	2249	0	53237
17119	1494	48950	2000	2351	0	54795
17120	1407	3083	1709	49618	0	55817
17121	48943	1785	1519	3557	0	55804
17122	3115	1289	47691	2577	0	54672
17123	2411	48950	2666	1809	0	55836
17124	2032	2679	1675	48446	0	54832
17125	1550	48685	1258	2793	0	54286
17126	1559	2897	1070	47173	0	52699
17127	1248	48855	1147	3057	0	54307
17128	1190	2661	780	47500	0	52131
17129	45203	1821	785	3099	0	50908
17130	2299	42903	747	2050	0	47999
17131	1149	2177	629	41314	0	45269
17132	37746	1434	694	2478	0	42352
17133	1990	38026	702	1767	0	42485
17134	950	34655	444	1025	0	37074
17135	949	37542	478	815	0	39784
17136	549	1227	300	32690	0	34766
17137	186	576	145	31390	0	32297
17138	231	30871	181	1111	0	32394
17139	221	1090	208	31400	0	32919
17140	669	597	30196	1032	0	32494
17141	137	28774	416	371	0	29698
17142	147	1294	197	28906	0	30544
17143	230	29337	185	522	0	30274
17144	237	688	26915	272	0	28112
17145	120	27396	343	222	0	28081
17146	25682	516	66	61	0	26325
17147	72	89	21	25454	0	25636
17148	25793	59	24	103	0	25979
17149	87	83	24852	47	0	25069
17150	39	33	88	25411	0	25571
17151	55	37	26137	133	0	26362
17152	37	43	91	25284	0	25455
17153	27092	12	49	137	0	27290
17154	96	31	61	26606	0	26794
17155	27303	40	28	106	0	27477
17156	74	24846	47	102	0	25069
17157	25077	103	32	46	0	25258
17158	114	77	24895	55	0	25141
17159	56	23027	101	74	0	23258
17160	50	99	34	24156	0	24339
17161	770	37	18	22899	0	23724
17162	95	38	23288	77	0	23498
17163	41	22195	121	85	0	22442
17164	22	82	59	23713	0	23876
17165	27	22790	61	103	0	22981
17166	28	87	33	23840	0	23988
17167	54	22994	29	94	0	23171
17168	22455	88	20	86	0	22649
17169	63	55	14	23478	0	23610
17170	51	53	23697	77	0	23878
17171	34	22824	59	77	0	22994
17172	11	24190	55	56	0	24312
17173	62	108	24243	39	0	24452
17174	19	23877	51	86	0	24033
17175	54	53	29	24695	0	24831
17176	27	61	24494	61	0	24643
17177	31	58	34	22798	0	22921
17178	17	38	27	23529	0	23611
17179	23	63	23604	60	0	23750
17180	20874	42	73	61	0	21050
17181	34	60	28	24268	0	24390
17182	39	48	27480	72	0	27639
17183	36	26210	59	58	0	26363
17184	28006	54	32	36	0	28128
17185	47	26217	45	43	0	26352
17186	14	42	3	26027	0	26086
17187	25757	13	7	34	0	25811
17188	126	17	3	25869	0	26015
17189	35	21	27512	140	0	27708
17190	20	11	129	26915	0	27075
17191	19	17	27352	147	0	27535
17192	26106	6	152	33	0	26297
17193	147	20	29343	31	0	29541
17194	28795	8	151	21	0	28975
17195	29737	5	31	21	0	29794
17196	183	21	30819	15	0	31038
17197	77	38	28850	24	0	28989
17198	33	29494	187	23	0	29737
17199	31645	145	48	8	0	31846
17200	159	29	31	31088	0	31307
17201	33	31	23	30984	0	31071
17202	35353	17	29	175	0	35574
17203	34996	16	20	55	0	35087
17204	35265	11	18	43	0	35337
17205	35448	9	26	35	0	35518
17206	202	12	31	33822	0	34067
17207	34065	13	26	159	0	34263
17208	190	14	33	34616	0	34853
17209	64	17	34	34329	0	34444
17210	55	538	27	34496	0	35116
17211	67	31	33952	224	0	34274
17212	49	32043	180	96	0	32368
17213	42	33108	63	76	0	33289
17214	60	181	41	35798	0	36080
17215	35941	50	24	193	0	36208
17216	192	50	30	35135	0	35407
17217	36683	21	34	218	0	36956
17218	217	34	36546	100	0	36897
17219	34284	19	164	82	0	34549
17220	213	22	50	35857	0	36142
17221	38423	31	42	192	0	38688
17222	36829	26	26	87	0	36968
17223	37155	21	34	74	0	37284
17224	313	33	26	35485	0	35857
17225	140	42	35726	279	0	36187
17226	104	33	265	35022	0	35424
17227	37240	18	73	317	0	37648
17228	371	41	37511	96	0	38019
17229	123	32	304	39406	0	39865
17230	42264	20	114	398	0	42796
17231	492	47	40860	141	0	41540
17232	45656	20	408	104	0	46188
17233	48474	38	126	64	0	48702
17234	925	28	89	47433	0	48475
17235	255	35	67	48001	0	48358
17236	48084	22	77	949	0	49132
17237	860	31	69	47999	0	48959
17238	47210	26	94	947	0	48277
17239	859	47139	110	298	0	48406
17240	268	48021	91	214	0	48594
17241	205	892	75	49090	0	50262
17242	236	238	47833	906	0	49213
17243	167	48040	800	279	0	49286
17244	48716	872	139	212	0	49939
17245	879	47179	174	256	0	48488
17246	289	951	47986	169	0	49395
17247	245	222	847	46383	0	47697
17248	228	182	49169	987	0	50566
17249	177	48220	950	336	0	49683
17250	229	914	223	48318	0	49684
17251	201	46642	235	895	0	47973
17252	241	982	47803	232	0	49258
17253	166	243	892	46660	0	47961
17254	212	203	48784	1031	0	50230
17255	151	151	955	47881	0	49138
17256	49784	98	257	1134	0	51273
17257	999	158	48002	351	0	49510
17258	45355	115	958	273	0	46701
17259	1144	115	45297	1329	0	47885
17260	366	103	987	46072	0	47528
17261	313	114	46476	1073	0	47976
17262	292	94	980	45745	0	47111
17263	224	99	311	47328	0	47962
17264	229	113	256	46882	0	47480
17265	229	99	174	47834	0	48336
17266	255	126	49242	1322	0	50945
17267	45760	104	947	500	0	47311
17268	1055	122	283	52288	0	53748
17269	52346	128	262	1143	0	53879
17270	52982	118	217	435	0	53752
17271	53228	98	168	409	0	53903
17272	1327	107	190	52443	0	54067
17273	518	106	184	52884	0	53692
17274	368	57401	244	1285	0	59298
17275	63947	1434	214	540	0	66135
17276	68201	431	201	451	0	69284
17277	69432	317	176	413	0	70338
17278	2958	295	66575	307	0	70135
17279	1334	177	1852	66905	0	70268
17280	893	217	67306	2160	0	70576
17281	66344	120	2156	903	0	69523
17282	66475	125	916	636	0	68152
17283	2761	143	575	64408	0	67887
17284	1256	185	431	62785	0	64657
17285	867	63784	372	2530	0	67553
17286	65121	1856	1203	1156	0	69336
17287	66668	650	285	754	0	68357
17288	2741	63734	316	588	0	67379
17289	64288	1974	266	516	0	67044
17290	2557	822	275	62734	0	66388
17291	1294	536	265	64383	0	66478
17292	64581	362	247	2718	0	67908
17293	2406	275	58895	1236	0	62812
17294	59831	224	1676	915	0	62646
17295	60793	216	692	689	0	62390
17296	2773	57270	504	533	0	61080
17297	61083	1780	340	421	0	63624
17298	2783	765	57710	380	0	61638
17299	1444	497	1791	58692	0	62424
17300	60264	385	734	2027	0	63410
17301	2517	271	501	59677	0	62966
17302	1259	240	56013	2391	0	59903
17303	864	217	1918	55215	0	58214
17304	747	59346	928	2341	0	63362
17305	703	1789	578	62911	0	65981
17306	673	743	417	65195	0	67028
17307	637	463	346	65587	0	67033
17308	542	355	315	66062	0	67274
17309	507	338	61719	3453	0	66017
17310	510	281	1851	64084	0	66726
17311	63158	239	767	3035	0	67199
17312	2207	61187	553	1616	0	65563
17313	1065	1946	397	64837	0	68245
17314	858	810	62019	2669	0	66356
17315	712	505	1936	63515	0	66668
17316	64195	345	875	2863	0	68278
17317	63473	297	624	1522	0	65916
17318	62451	253	543	1085	0	64332
17319	3432	228	403	62023	0	66086
17320	1916	268	60056	2571	0	64811
17321	1414	58175	1923	1348	0	62860
17322	61544	1890	919	1058	0	65411
17323	2518	823	684	60111	0	64136
17324	1488	497	572	61971	0	64528
17325	1229	451	58597	3044	0	63321
17326	1116	56522	1979	1704	0	61321
17327	990	59861	915	1247	0	63013
17328	867	2470	635	59167	0	63139
17329	827	1093	54977	2491	0	59388
17330	51729	746	1889	1408	0	55772
17331	2429	672	53958	1046	0	58105
17332	47131	422	1539	814	0	49906
17333	2091	50000	921	798	0	53810
17334	1374	1440	50594	744	0	54152
17335	48213	757	1637	663	0	51270
17336	2067	49109	965	634	0	52775
17337	52610	1642	610	522	0	55384
17338	2372	939	49475	535	0	53321
17339	1493	48113	1490	598	0	51694
17340	51119	1574	862	559	0	54114
17341	2240	897	47677	545	0	51359
17342	49705	608	1603	551	0	52467
17343	2210	506	956	49378	0	53050
17344	50609	437	703	1717	0	53466
17345	2173	405	616	50406	0	53600
17346	51265	368	500	2035	0	54168
17347	2127	365	49358	1434	0	53284
17348	1302	324	1532	50462	0	53620
17349	908	338	919	51884	0	54049
17350	820	369	48942	2600	0	52731
17351	680	342	1604	48631	0	51257
17352	551	44906	1179	2352	0	48988
17353	565	1375	687	52241	0	54868
17354	624	753	574	54523	0	56474
17355	672	531	454	62366	0	64023
17356	695	491	57905	3272	0	62363
17357	59226	393	1832	2029	0	63480
17358	2268	360	1068	65680	0	69376
17359	1330	309	63326	3049	0	68014
17360	63332	273	2382	1794	0	67781
17361	66077	294	1208	1261	0	68840
17362	70203	312	805	1038	0	72358
17363	3723	312	639	68722	0	73396
17364	2047	373	503	82013	0	84936
17365	1375	371	517	79528	0	81791
17366	1033	78302	571	4907	0	84813
17367	79223	3149	536	2682	0	85590
17368	80113	1481	557	1887	0	84038
17369	4752	851	483	78590	0	84676
17370	2392	666	74575	3997	0	81630
17371	1627	554	76044	2128	0	80353
17372	1151	72214	4542	1564	0	79471
17373	999	77247	2172	1307	0	81725
17374	65677	4456	1395	2091	0	73619
17375	2870	66338	495	608	0	70311
17376	65446	2773	288	449	0	68956
17377	65315	1141	284	416	0	67156
17378	66072	626	289	373	0	67360
17379	3841	435	256	64687	0	69219
17380	1812	364	238	68430	0	70844
17381	68251	347	220	3719	0	72537
17382	3343	309	229	71079	0	74960
17383	1582	352	67722	3603	0	73259
17384	71028	324	2814	1549	0	75715
17385	3529	322	1042	70312	0	75205
17386	1645	373	562	73804	0	76384
17387	1114	401	337	75842	0	77694
17388	937	351	70164	4797	0	76249
17389	67447	303	3073	2232	0	73055
17390	3618	270	71460	1406	0	76754
17391	1705	260	3554	71824	0	77343
17392	1217	317	72063	3646	0	77243
17393	902	336	3584	71006	0	75828
17394	771	364	1534	74466	0	77135
17395	880	342	74280	4769	0	80271
17396	826	398	3451	69245	0	73920
17397	890	73632	1541	3790	0	79853
17398	76682	3036	960	1878	0	82556
17399	78892	1212	697	1481	0	82282
17400	4550	655	589	77671	0	83465
17401	2185	442	76239	4121	0	82987
17402	1367	71339	3441	2202	0	78349
17403	997	77279	1535	1539	0	81350
17404	73416	3884	1058	1233	0	79591
17405	3731	1686	70699	1146	0	77262
17406	71215	847	3317	1175	0	76554
17407	4026	482	1573	71151	0	77232
17408	1895	396	1049	74892	0	78232
17409	69883	400	895	4841	0	76019
17410	3696	69421	751	2555	0	76423
17411	1879	3099	70054	1643	0	76675
17412	1316	1379	3401	69489	0	75585
17413	1099	825	72086	4037	0	78047
17414	965	70871	3881	2253	0	77970
17415	874	3190	1745	74306	0	80115
17416	72340	1466	1269	4227	0	79302
17417	74552	956	978	2278	0	78764
17418	4770	783	70953	1623	0	78129
17419	2455	72419	3504	1402	0	79780
17420	75560	3319	1731	1209	0	81819
17421	3850	75700	1193	1322	0	82065
17422	2060	3834	952	76055	0	82901
17423	76088	1866	771	3900	0	82625
17424	4058	1200	764	77216	0	83238
17425	2232	876	73892	4419	0	81419
17426	1641	734	3568	76041	0	81984
17427	1435	817	74091	4560	0	80903
17428	1269	766	3827	75989	0	81851
17429	74556	683	1877	4675	0	81791
17430	3935	73745	1259	2654	0	81593
17431	74883	3471	1072	1834	0	81260
17432	4280	1700	975	72581	0	79536
17433	2092	1156	953	75890	0	80091
17434	1602	1022	69657	5230	0	77511
17435	1393	953	72203	2763	0	77312
17436	1309	70445	4387	2571	0	78712
17437	1432	4055	70997	1692	0	78176
17438	65072	1767	4212	1565	0	72616
17439	3820	71007	2239	1459	0	78525
17440	2118	74880	1535	1421	0	79954
17441	1616	77020	1195	1403	0	81234
17442	1398	5142	942	74342	0	81824
17443	1377	2509	74781	4210	0	82877
17444	1298	75163	3710	2476	0	82647
17445	1301	3944	1872	68776	0	75893
17446	1290	76595	1462	3711	0	83058
17447	76020	4082	1203	2261	0	83566
17448	79589	2037	1123	1921	0	84670
17449	4753	1435	1048	77431	0	84667
17450	2478	1144	1025	80813	0	85460
17451	75386	1063	1092	5317	0	82858
17452	3878	74056	1075	3038	0	82047
17453	2098	77838	1045	2072	0	83053
17454	1395	4302	829	73812	0	80338
17455	1038	1995	65147	3918	0	72098
17456	884	66329	3284	2328	0	72825
17457	61091	3713	1896	1446	0	68146
17458	2736	61049	1142	1219	0	66146
17459	1635	63562	875	1075	0	67147
17460	60866	3779	757	863	0	66265
17461	2717	62457	663	917	0	66754
17462	1581	3430	57264	915	0	63190
17463	977	60502	2599	959	0	65037
17464	48704	1645	578	423	0	51350
17465	1319	47504	404	433	0	49660
17466	46649	1525	275	333	0	48782
17467	1354	756	235	45592	0	47937
17468	701	521	250	47398	0	48870
17469	477	520	44585	1626	0	47208
17470	396	43725	1176	792	0	46089
17471	324	1156	418	45601	0	47499
17472	44549	544	294	1259	0	46646
17473	44730	463	240	621	0	46054
17474	1271	44625	261	501	0	46658
17475	567	1298	213	46614	0	48692
17476	46063	646	212	1270	0	48191
17477	45460	460	266	560	0	46746
17478	1431	432	42065	439	0	44367
17479	539	330	37874	279	0	39022
17480	363	363	38792	194	0	39712
17481	223	37719	749	167	0	38858
17482	37436	664	275	162	0	38537
17483	1013	35797	204	168	0	37182
17484	35934	501	115	109	0	36659
17485	512	38021	144	129	0	38806
17486	199	546	95	40012	0	40852
17487	40931	225	92	490	0	41738
17488	580	194	41334	176	0	42284
17489	40299	152	469	113	0	41033
17490	42733	138	156	116	0	43143
17491	623	40287	119	115	0	41144
17492	193	43904	108	103	0	44308
17493	46560	583	60	82	0	47285
17494	640	241	47006	81	0	47968
17495	43299	124	476	63	0	43962
17496	45087	124	143	44	0	45398
17497	602	96	47	44167	0	44912
17498	43856	101	49	460	0	44466
17499	558	90	34	43303	0	43985
17500	213	77	43	46282	0	46615
17501	137	68	61	45034	0	45300
17502	139	42895	93	573	0	43700
17503	45298	494	58	208	0	46058
17504	45301	167	42	138	0	45648
17505	626	104	50	44787	0	45567
17506	220	99	64	44493	0	44876
17507	171	44071	90	572	0	44904
17508	45431	517	85	177	0	46210
17509	573	228	43659	120	0	44580
17510	246	122	447	44819	0	45634
17511	185	139	43626	545	0	44495
17512	198	78	486	44834	0	45596
17513	168	128	43606	565	0	44467
17514	145	109	476	42236	0	42966
17515	43337	127	167	560	0	44191
17516	602	129	43651	228	0	44610
17517	42051	57	496	172	0	42776
17518	570	44341	237	822	0	45970
17519	231	518	110	48396	0	49255
17520	186	211	109	47626	0	48132
17521	50876	128	110	635	0	51749
17522	609	135	97	52217	0	53058
17523	298	116	50967	606	0	51987
17524	49606	124	465	242	0	50437
17525	52416	117	142	184	0	52859
17526	52830	111	98	195	0	53234
17527	53054	93	76	208	0	53431
17528	735	48781	144	189	0	49849
17529	273	460	102	54114	0	54949
17530	54341	167	112	562	0	55182
17531	651	127	75	53495	0	54348
17532	54106	124	125	569	0	54924
17533	733	98	51546	240	0	52617
17534	366	109	51458	177	0	52110
17535	241	277	541	48368	0	49427
17536	255	50388	204	568	0	51415
17537	207	54074	132	327	0	54740
17538	53462	485	108	877	0	54932
17539	593	146	53490	183	0	54412
17540	46806	82	388	193	0	47469
17541	448	51250	192	184	0	52074
17542	52312	360	87	143	0	52902
17543	488	134	92	49311	0	50025
17544	257	100	51874	470	0	52701
17545	217	94	355	50752	0	51418
17546	159	89	150	50945	0	51343
17547	166	49315	115	541	0	50137
17548	136	50413	113	258	0	50920
17549	170	433	75	52058	0	52736
17550	149	50249	128	468	0	50994
17551	177	443	49055	177	0	49852
17552	181	262	46137	210	0	46790
17553	47105	102	504	171	0	47882
17554	51898	68	143	197	0	52306
17555	569	49294	148	194	0	50205
17556	247	444	90	50944	0	51725
17557	224	170	87	51716	0	52197
17558	224	119	50093	568	0	51004
17559	204	109	385	48188	0	48886
17560	153	48861	204	533	0	49751
17561	180	459	47719	251	0	48609
17562	221	211	46818	168	0	47418
17563	182	41240	626	290	0	42338
17564	206	483	46372	148	0	47209
17565	205	181	464	45039	0	45889
17566	226	211	234	41957	0	42628
17567	173	118	49696	563	0	50550
17568	207	125	417	49348	0	50097
17569	160	48382	246	631	0	49419
17570	202	53605	163	304	0	54274
17571	185	875	151	54758	0	55969
17572	252	332	52791	878	0	54253
17573	131	53472	877	424	0	54904
17574	138	719	194	58802	0	59853
17575	144	280	56035	754	0	57213
17576	52288	151	677	249	0	53365
17577	58492	80	224	193	0	58989
17578	58939	80	153	150	0	59322
17579	831	116	120	55849	0	56916
17580	308	77	96	58500	0	58981
17581	227	107	57456	800	0	58590
17582	122	124	627	55692	0	56565
17583	110	101	203	59053	0	59467
17584	103	111	56543	819	0	57576
17585	44561	114	646	397	0	45718
17586	566	49294	259	236	0	50355
17587	51713	555	137	110	0	52515
17588	589	48400	131	165	0	49285
17589	175	686	67	50385	0	51313
17590	159	277	48039	595	0	49070
17591	115	187	529	46793	0	47624
17592	107	183	47215	719	0	48224
17593	35701	150	715	346	0	36912
17594	506	109	44032	231	0	44878
17595	195	141	604	41060	0	42000
17596	272	89	44886	588	0	45835
17597	214	42999	684	265	0	44162
17598	270	555	202	46717	0	47744
17599	196	187	167	47307	0	47857
17600	141	107	95	46012	0	46355
17601	99	78	46011	943	0	47131
17602	92	98	46102	490	0	46782
17603	121	71	796	45340	0	46328
17604	107	67	373	55115	0	55662
17605	173	75	197	64668	0	65113
17606	64871	125	191	1828	0	67015
17607	1474	121	113	68063	0	69771
17608	627	238	71690	1772	0	74327
17609	76476	104	1676	827	0	79083
17610	1928	127	732	79324	0	82111
17611	84830	77	446	2214	0	87567
17612	84795	46	371	960	0	86172
17613	2947	75	252	84693	0	87967
17614	86132	48	346	2372	0	88898
17615	87041	75	261	1164	0	88541
17616	3153	171	85062	726	0	89112
17617	1403	86446	2143	614	0	90606
17618	792	1979	980	83252	0	87003
17619	450	861	528	89320	0	91159
17620	88431	427	341	3178	0	92377
17621	85816	177	350	1587	0	87930
17622	88622	128	328	1030	0	90108
17623	3638	196	81330	770	0	85934
17624	1771	82974	2317	658	0	87720
17625	86414	2123	968	677	0	90182
17626	2632	85458	644	641	0	89375
17627	87713	2494	377	598	0	91182
17628	3014	1028	359	86685	0	91086
17629	86071	554	292	2639	0	89556
17630	86887	278	320	1389	0	88874
17631	88251	204	262	965	0	89682
17632	4096	266	83601	774	0	88737
17633	85747	228	2165	677	0	88817
17634	3389	84329	1105	679	0	89502
17635	91754	2263	679	655	0	95351
17636	92682	1071	468	637	0	94858
17637	94705	662	379	668	0	96414
17638	4258	402	379	88411	0	93450
17639	2338	88556	389	2562	0	93845
17640	91525	2359	298	1405	0	95587
17641	3588	1131	89104	999	0	94822
17642	2226	90317	2358	761	0	95662
17643	1883	2605	1068	84700	0	90256
17644	1527	91272	695	2212	0	95706
17645	93203	2892	564	1092	0	97751
17646	95850	1465	395	888	0	98598
17647	4527	848	335	94720	0	100430
17648	2675	680	90492	3088	0	96935
17649	2058	90778	2539	1692	0	97067
17650	1827	3047	1619	76876	0	83369
17651	1648	1484	826	91194	0	95152
17652	1515	957	608	98502	0	101582
17653	97125	726	522	4139	0	102512
17654	98142	703	521	2056	0	101422
17655	99029	668	409	1278	0	101384
17656	100368	633	413	978	0	102392
17657	5323	678	440	97576	0	104017
17658	3209	683	95378	3411	0	102681
17659	2161	660	2850	97476	0	103147
17660	1891	663	1399	98818	0	102771
17661	1710	659	918	99332	0	102619
17662	1893	639	661	101107	0	104300
17663	98370	551	704	5264	0	104889
17664	4295	676	644	99635	0	105250
17665	97999	521	620	4391	0	103531
17666	99907	552	684	2569	0	103712
17667	5766	598	91811	2053	0	100228
17668	3739	537	88749	1628	0	94653
17669	3032	568	93644	1694	0	98938
17670	2465	425	3724	89275	0	95889
17671	2499	516	91992	3374	0	98381
17672	2612	577	3347	90234	0	96770
17673	2050	708	1735	92791	0	97284
17674	89708	608	1115	4654	0	96085
17675	4339	662	776	87450	0	93227
17676	3135	87302	895	4190	0	95522
17677	91971	2751	829	2554	0	98105
17678	4476	92103	856	2042	0	99477
17679	3220	3341	93506	1717	0	101784
17680	2401	95411	3051	1647	0	102510
17681	97011	3597	1794	1544	0	103946
17682	4585	2166	1122	96655	0	104528
17683	3443	1361	93650	3748	0	102202
17684	95385	1069	3104	2479	0	102037
17685	4939	951	1889	96736	0	104515
17686	3561	932	96298	3839	0	104630
17687	2878	902	3248	97935	0	104963
17688	2523	831	1962	98475	0	103791
17689	2522	896	1316	97213	0	101947
17690	2627	96091	952	5016	0	104686
17691	100594	3033	931	3093	0	107651
17692	4754	1891	898	96897	0	104440
17693	3619	97242	832	3930	0	105623
17694	2693	3496	736	102040	0	108965
17695	2556	2074	97362	4280	0	106272
17696	2440	96890	3108	2734	0	105172
17697	98358	3433	1925	2073	0	105789
17698	98895	2181	1414	1881	0	104371
17699	5090	1510	997	95190	0	102787
17700	3297	1209	914	101283	0	106703
17701	98544	969	929	4833	0	105275
17702	94636	1078	923	2957	0	99594
17703	5201	94475	927	2350	0	102953
17704	88452	2622	808	1540	0	93422
17705	3177	1318	78425	1131	0	84051
17706	3216	838	76704	1134	0	81892
17707	1321	74900	2603	1200	0	80024
17708	933	71815	1220	865	0	74833
17709	66356	1899	912	694	0	69861
17710	1578	65396	597	1881	0	69452
17711	64747	1351	336	491	0	66925
17712	63735	823	291	609	0	65458
17713	63409	472	297	584	0	64762
17714	1994	426	256	60783	0	63459
17715	62675	301	310	1470	0	64756
17716	1712	366	55347	952	0	58377
17717	1124	339	54501	702	0	56666
17718	735	54719	1586	716	0	57756
17719	636	1195	56494	614	0	58939
17720	519	681	1236	51910	0	54346
17721	546	427	56033	1317	0	58323
17722	539	403	52403	892	0	54237
17723	501	422	1517	52082	0	54522
17724	53873	333	870	1237	0	56313
17725	53805	284	565	893	0	55547
17726	1672	364	55784	596	0	58416
17727	54787	293	1210	627	0	56917
17728	1524	287	57234	547	0	59592
17729	57178	280	1310	488	0	59256
17730	60196	358	824	493	0	61871
17731	1840	283	593	59063	0	61779
17732	1104	284	457	57105	0	58950
17733	705	55911	505	1620	0	58741
17734	663	58247	459	949	0	60318
17735	615	1357	413	55956	0	58341
17736	508	830	357	55639	0	57334
17737	52319	485	375	1513	0	54692
17738	1278	51431	403	953	0	54065
17739	52305	1079	439	598	0	54421
17740	1312	51481	432	582	0	53807
17741	956	1276	49328	461	0	52021
17742	1770	720	1026	47430	0	50946
17743	47401	466	767	1061	0	49695
17744	49518	379	411	760	0	51068
17745	1799	54292	390	581	0	57062
17746	913	55294	304	400	0	56911
17747	561	56231	246	414	0	57452
17748	476	2248	238	59299	0	62261
17749	503	800	57619	1512	0	60434
17750	387	58544	1545	753	0	61229
17751	379	1669	663	61840	0	64551
17752	308	756	316	63120	0	64500
17753	297	437	60933	2079	0	63746
17754	302	383	59958	909	0	61552
17755	57672	288	2100	530	0	60590
17756	1814	302	62191	373	0	64680
17757	59693	254	1722	301	0	61970
17758	60271	316	830	261	0	61678
17759	60793	337	739	330	0	62199
17760	60453	600	350	435	0	61838
17761	2395	308	56646	709	0	60058
17762	1094	56840	1882	666	0	60482
17763	740	1743	1153	59450	0	63086
17764	638	758	58361	1885	0	61642
17765	894	516	1823	56965	0	60198
17766	593	55530	1512	1805	0	59440
17767	1055	1667	729	60980	0	64431
17768	1158	865	528	61419	0	63970
17769	938	538	713	61124	0	63313
17770	60158	466	442	2491	0	63557
17771	2095	534	818	60717	0	64164
17772	1339	703	470	62055	0	64567
17773	978	401	1048	61176	0	63603
17774	614	58810	1036	2648	0	63108
17775	58693	1962	476	2148	0	63279
17776	1929	57387	618	1708	0	61642
17777	723	55144	1021	1048	0	57936
17778	622	1795	784	55693	0	58894
17779	1087	864	467	54686	0	57104
17780	53204	433	847	2574	0	57058
17781	2244	451	288	54307	0	57290
17782	54001	361	360	2627	0	57349
17783	68660	411	302	1449	0	70822
17784	3824	789	313	67849	0	72775
17785	1963	508	795	67730	0	70996
17786	879	67067	279	4232	0	72457
17787	69049	3419	302	2691	0	75461
17788	3489	71060	810	1734	0	77093
17789	72915	3956	309	1791	0	78971
17790	4439	2484	68558	932	0	76413
17791	69376	1032	3019	1889	0	75316
17792	74746	847	1391	1589	0	78573
17793	5440	498	724	72119	0	78781
17794	2916	740	69073	4647	0	77376
17795	1716	70688	3313	3109	0	78826
17796	1199	3938	1503	76022	0	82662
17797	1427	2003	73980	4801	0	82211
17798	1128	1879	3680	76972	0	83659
17799	76984	837	1807	4802	0	84430
17800	4703	1137	71757	2405	0	80002
17801	2813	72493	3656	1553	0	80515
17802	2192	76692	1825	1844	0	82553
17803	1413	5170	1291	63025	0	70899
17804	1872	75111	1047	3341	0	81371
17805	74911	4720	827	2434	0	82892
17806	76159	2217	725	1884	0	80985
17807	77375	1338	1019	1288	0	81020
17808	5964	1203	69856	1993	0	79016
17809	73943	948	3827	1680	0	80398
17810	4843	1733	2188	71799	0	80563
17811	2907	1264	1010	74184	0	79365
17812	1726	1788	868	75003	0	79385
17813	1876	951	916	77090	0	80833
17814	1586	1366	69677	6254	0	78883
17815	2352	980	70521	3259	0	77112
17816	2135	924	70812	2256	0	76127
17817	67480	1041	5404	2037	0	75962
17818	4749	68654	3319	1683	0	78405
17819	2941	4556	1306	69578	0	78381
17820	68450	2086	936	5486	0	76958
17821	4418	69382	1496	3255	0	78551
17822	2710	73345	874	2920	0	79849
17823	70666	5302	1179	1926	0	79073
17824	72014	2561	1894	1534	0	78003
17825	5734	71934	1382	1665	0	80715
17826	3297	4725	1215	64765	0	74002
17827	2525	68983	932	4800	0	77240
17828	68050	5276	897	2698	0	76921
17829	68816	2419	1042	2110	0	74387
17830	69616	1891	725	1522	0	73754
17831	6781	64518	875	1481	0	73655
17832	3521	4474	1237	66319	0	75551
17833	3316	2613	62295	4639	0	72863
17834	2113	1802	3840	66139	0	73894
17835	1832	1672	1948	69474	0	74926
17836	1821	1635	62596	6489	0	72541
17837	63609	1635	3875	3737	0	72856
17838	4854	1314	2552	65256	0	73976
17839	3295	1399	1708	64799	0	71201
17840	2431	64446	1373	5814	0	74064
17841	65339	4371	921	3305	0	73936
17842	4964	3130	973	63177	0	72244
17843	3069	64261	1134	5424	0	73888
17844	58944	4037	769	2921	0	66671
17845	3989	57169	697	2316	0	64171
17846	54901	4315	745	1506	0	61467
17847	4926	1938	52648	1642	0	61154
17848	2813	1368	49713	1562	0	55456
17849	1538	955	49161	1042	0	52696
17850	1151	50309	4169	1051	0	56680
17851	1080	3081	1971	43929	0	50061
17852	1291	49413	1074	2684	0	54462
17853	50815	3460	806	1718	0	56799
17854	3427	1943	49592	1312	0	56274
17855	50585	1278	3027	1010	0	55900
17856	52389	1086	1743	856	0	56074
17857	4508	908	1183	50491	0	57090
17858	52734	883	849	3204	0	57670
17859	4100	798	828	52802	0	58528
17860	2208	900	50194	3623	0	56925
17861	50767	904	2862	1989	0	56522
17862	3552	50404	1741	1314	0	57011
17863	2094	2985	1195	52037	0	58311
17864	52506	1819	812	3092	0	58229
17865	3679	1249	653	52333	0	57914
17866	2219	947	49161	3740	0	56067
17867	1664	764	2833	50575	0	55836
17868	1261	50336	1664	3637	0	56898
17869	51128	2938	1033	2003	0	57102
17870	3344	1725	824	52174	0	58067
17871	53624	1159	690	3348	0	58821
17872	3814	797	534	53427	0	58572
17873	2106	637	525	52485	0	55753
17874	1501	51681	622	4104	0	57908
17875	51993	2860	587	2132	0	57572
17876	3451	53214	482	2648	0	59795
17877	2001	3480	546	49580	0	55607
17878	1315	53347	483	3275	0	58420
17879	53162	3528	376	2044	0	59110
17880	53392	1801	476	1532	0	57201
17881	53509	1199	504	1317	0	56529
17882	4724	50427	659	1180	0	56990
17883	1161	37661	248	502	0	39572
17884	37219	1871	239	433	0	39762
17885	1848	36653	218	470	0	39189
17886	826	2827	163	35302	0	39118
17887	519	574	32639	1362	0	35094
17888	30929	452	873	520	0	32774
17889	32676	350	271	436	0	33733
17890	32954	348	189	273	0	33764
17891	1428	32269	123	292	0	34112
17892	32330	988	67	232	0	33617
17893	1256	467	31733	178	0	33634
17894	494	30962	678	197	0	32331
17895	354	708	718	29981	0	31761
17896	126	28186	110	445	0	28867
17897	25914	607	35	123	0	26679
17898	520	26911	47	128	0	27606
17899	119	542	19	26732	0	27412
17900	132	25988	34	473	0	26627
17901	90	516	21	26964	0	27591
17902	94	130	14	26916	0	27154
17903	99	149	26954	534	0	27736
17904	82	92	405	26733	0	27312
17905	27524	89	78	558	0	28249
17906	27497	87	97	141	0	27822
17907	523	72	52	28519	0	29166
17908	216	89	27801	478	0	28584
17909	175	76	416	27606	0	28273
17910	29653	81	80	559	0	30373
17911	31735	69	97	157	0	32058
17912	32048	71	63	165	0	32347
17913	618	31560	85	121	0	32384
17914	33876	483	54	105	0	34518
17915	624	186	32182	100	0	33092
17916	36902	134	475	102	0	37613
17917	638	92	120	38551	0	39401
17918	241	92	125	38887	0	39345
17919	222	99	64	39795	0	40180
17920	39332	102	53	768	0	40255
17921	38283	116	45	310	0	38754
17922	694	94	52	38437	0	39277
17923	312	78	38356	652	0	39398
17924	289	77	509	37658	0	38533
17925	227	338	110	37382	0	38057
17926	227	89	36495	694	0	37505
17927	190	34915	505	358	0	35968
17928	153	556	145	38178	0	39032
17929	38381	149	135	647	0	39312
17930	578	175	71	38009	0	38833
17931	229	156	50	38507	0	38942
17932	38739	126	42	760	0	39667
17933	648	37145	81	368	0	38242
17934	272	38400	66	263	0	39001
17935	39195	647	58	211	0	40111
17936	653	296	38082	171	0	39202
17937	35329	242	525	161	0	36257
17938	749	192	40742	152	0	41835
17939	273	39328	607	204	0	40412
17940	41941	562	156	174	0	42833
17941	41899	192	140	180	0	42411
17942	42196	303	69	181	0	42749
17943	43252	135	62	169	0	43618
17944	918	166	41478	143	0	42705
17945	419	152	548	39475	0	40594
17946	41766	140	193	666	0	42765
17947	770	130	42190	239	0	43329
17948	329	179	41321	195	0	42024
17949	302	39103	763	177	0	40345
17950	39990	454	157	87	0	40688
17951	519	102	93	38399	0	39113
17952	39088	105	65	465	0	39723
17953	526	37036	71	159	0	37792
17954	164	444	44	39327	0	39979
17955	175	109	53	39092	0	39429
17956	121	95	40	42070	0	42326
17957	142	79	40597	761	0	41579
17958	105	38830	602	266	0	39803
17959	45650	644	133	178	0	46605
17960	850	151	118	45553	0	46672
17961	45592	119	81	878	0	46670
17962	45417	72	73	282	0	45844
17963	1039	72	51	44906	0	46068
17964	405	88	44842	898	0	46233
17965	228	44	733	45315	0	46320
17966	163	44247	238	911	0	45559
17967	147	753	143	47034	0	48077
17968	121	212	45456	981	0	46770
17969	44640	155	794	329	0	45918
17970	816	77	205	46208	0	47306
17971	43724	69	166	907	0	44866
17972	977	84	42063	293	0	43417
17973	40702	58	792	209	0	41761
17974	1025	98	43533	140	0	44796
17975	38829	36	627	125	0	39617
17976	709	39888	260	114	0	40971
17977	231	42095	159	94	0	42579
17978	147	611	79	43258	0	44095
17979	110	257	88	41535	0	41990
17980	91	125	52	43178	0	43446
17981	43419	82	45	754	0	44300
17982	565	61	46	43078	0	43750
17983	236	61	42050	689	0	43036
17984	38881	54	504	290	0	39729
17985	549	41401	212	234	0	42396
17986	43299	508	107	136	0	44050
17987	42693	183	97	135	0	43108
17988	751	129	45616	110	0	46606
17989	349	105	533	43100	0	44087
17990	207	68	196	47615	0	48086
17991	167	91	47633	776	0	48667
17992	171	44224	728	351	0	45474
17993	47011	681	241	221	0	48154
17994	46192	221	145	192	0	46750
17995	877	141	87	45810	0	46915
17996	386	99	89	46289	0	46863
17997	216	83	76	49363	0	49738
17998	47621	65	86	1055	0	48827
17999	749	47224	140	476	0	48589
18000	49780	782	101	276	0	50939
18001	49195	289	90	197	0	49771
18002	1188	219	50359	160	0	51926
18003	530	121	908	47521	0	49080
18004	338	50067	372	987	0	51764
18005	253	940	189	52522	0	53904
18006	223	399	118	54262	0	55002
18007	207	247	53431	1436	0	55321
18008	53604	138	1094	639	0	55475
18009	60587	113	409	388	0	61497
18010	61412	121	250	317	0	62100
18011	2072	117	165	59750	0	62104
18012	872	142	163	58004	0	59181
18013	560	56778	194	1964	0	59496
18014	339	59520	180	910	0	60949
18015	58333	1904	132	449	0	60818
18016	1650	55874	183	344	0	58051
18017	733	1792	54368	281	0	57174
18018	486	687	1618	55769	0	58560
18019	57231	383	680	1836	0	60130
18020	1943	289	55532	807	0	58571
18021	836	311	55625	518	0	57290
18022	56988	168	2191	400	0	59747
18023	59398	207	872	360	0	60837
18024	2520	232	462	58276	0	61490
18025	1171	235	57600	2036	0	61042
18026	730	199	1823	58448	0	61200
18027	595	310	59683	2246	0	62834
18028	563	315	59580	992	0	61450
18029	481	61013	2235	697	0	64426
18030	63039	1779	962	484	0	66264
18031	62629	720	631	448	0	64428
18032	2448	60793	479	452	0	64172
18033	1198	1904	385	60638	0	64125
18034	830	808	362	61678	0	63678
18035	605	548	427	63376	0	64956
18036	61499	343	425	2727	0	64994
18037	2038	59728	432	1342	0	63540
18038	60137	1855	365	802	0	63159
18039	60808	844	383	596	0	62631
18040	2749	574	56707	534	0	60564
18041	1386	56783	1886	492	0	60547
18042	880	1847	823	58738	0	62288
18043	710	843	56311	2025	0	59889
18044	55644	531	1905	1009	0	59089
18045	58997	400	865	736	0	60998
18046	59646	377	580	639	0	61242
18047	60776	339	478	524	0	62117
18048	2978	337	376	58829	0	62520
18049	1462	358	57376	2164	0	61360
18050	1026	307	1906	58467	0	61706
18051	58799	335	873	2372	0	62379
18052	60586	301	576	1132	0	62595
18053	2770	60272	492	861	0	64395
18054	61811	1807	461	624	0	64703
18055	2667	843	58642	542	0	62694
18056	1309	570	56651	448	0	58978
18057	55146	379	2157	447	0	58129
18058	2280	56310	1004	492	0	60086
18059	1148	1503	501	51138	0	54290
18060	873	52111	430	1531	0	54945
18061	752	1672	311	53681	0	56416
18062	672	746	322	53875	0	55615
18063	685	495	368	55616	0	57164
18064	53543	397	306	2344	0	56590
18065	53405	379	346	1057	0	55187
18066	53653	358	318	697	0	55026
18067	2537	399	50873	540	0	54349
18068	48781	333	1651	547	0	51312
18069	2181	331	794	53001	0	56307
18070	1154	280	601	55344	0	57379
18071	953	270	53162	2353	0	56738
18072	851	364	1799	60132	0	63146
18073	65677	291	817	2696	0	69481
18074	2781	325	62809	1212	0	67127
18075	1274	258	2391	64895	0	68818
18076	65019	233	999	2730	0	68981
18077	64343	245	775	1291	0	66654
18078	3359	283	62071	974	0	66687
18079	1795	316	62471	745	0	65327
18080	1279	331	2842	63196	0	67648
18081	64264	289	1345	2646	0	68544
18082	65352	335	881	1203	0	67771
18083	3326	323	625	59873	0	64147
18084	1707	64343	547	2531	0	69128
18085	65867	2235	538	1142	0	69782
18086	2880	65586	591	1033	0	70090
18087	1490	2535	504	66204	0	70733
18088	1283	997	62652	2789	0	67721
18089	1048	703	61905	1283	0	64939
18090	975	434	61930	1005	0	64344
18091	844	311	3147	58861	0	63163
18092	834	267	1393	62203	0	64697
18093	59727	260	1006	3049	0	64042
18094	2586	59304	696	1675	0	64261
18095	60612	2174	555	1084	0	64425
18096	3132	869	580	54938	0	59519
18097	1506	58143	544	2187	0	62380
18098	1174	62302	520	1093	0	65089
18099	872	2717	792	60518	0	64899
18100	60028	1137	446	2600	0	64211
18101	2587	60357	434	1278	0	64656
18102	56888	2213	682	881	0	60664
18103	2658	58735	429	738	0	62560
18104	58860	2473	462	518	0	62313
18105	2879	1021	54898	535	0	59333
18106	1335	786	54683	505	0	57309
18107	1026	53798	2462	528	0	57814
18108	48934	2139	1737	420	0	53230
18109	1798	46480	607	335	0	49220
18110	1123	45038	353	329	0	46843
18111	645	1906	223	44837	0	47611
18112	44737	808	251	1525	0	47321
18113	1664	44341	278	609	0	46892
18114	43384	1530	258	457	0	45629
18115	1764	43559	234	327	0	45884
18116	41196	1598	147	222	0	43163
18117	1672	41350	179	214	0	43415
18118	596	42175	177	246	0	43194
18119	557	1695	184	38939	0	41375
18120	352	40838	203	1178	0	42571
18121	39819	1620	172	389	0	42000
18122	1465	665	38509	398	0	41037
18123	512	486	1150	39044	0	41192
18124	456	358	39868	1288	0	41970
18125	304	268	1405	38712	0	40689
18126	278	238	464	41299	0	42279
18127	299	278	35635	1652	0	37864
18128	32303	257	1268	873	0	34701
18129	1447	33596	468	598	0	36109
18130	35138	1298	444	392	0	37272
18131	1656	34379	301	383	0	36719
18132	708	1542	262	36670	0	39182
18133	37240	593	272	1382	0	39487
18134	37444	538	322	589	0	38893
18135	37968	351	319	564	0	39202
18136	1970	331	279	36110	0	38690
18137	1051	354	252	35366	0	37023
18138	856	37424	249	1520	0	40049
18139	38926	1357	292	877	0	41452
18140	39999	633	277	614	0	41523
18141	39615	565	357	455	0	40992
18142	40039	457	345	421	0	41262
18143	2098	37342	390	393	0	40223
18144	1016	1367	424	38813	0	41620
18145	804	689	37022	1436	0	39951
18146	37843	612	1314	652	0	40421
18147	39417	452	465	679	0	41013
18148	1931	484	38947	453	0	41815
18149	1120	457	38969	407	0	40953
18150	823	550	1657	38607	0	41637
18151	592	581	787	41157	0	43117
18152	514	499	499	40948	0	42460
18153	37598	559	364	2164	0	40685
18154	1644	478	325	38635	0	41082
18155	857	432	37279	1987	0	40555
18156	725	436	1492	38240	0	40893
18157	579	435	37359	1988	0	40361
18158	523	436	1693	36487	0	39139
18159	529	447	688	39402	0	41066
18160	592	460	36790	2056	0	39898
18161	34846	473	1544	1127	0	37990
18162	1707	37116	716	773	0	40312
18163	39155	1750	526	550	0	41981
18164	2041	934	307	39484	0	42766
18165	40703	891	258	1773	0	43625
18166	2202	44084	229	928	0	47443
18167	1073	46539	255	763	0	48630
18168	942	3258	202	47987	0	52389
18169	781	1453	51033	2286	0	55553
18170	640	1075	49544	976	0	52235
18171	641	51280	2693	844	0	55458
18172	40539	1788	938	1228	0	44493
18173	1561	734	537	39273	0	42105
18174	38729	513	391	1656	0	41289
18175	1790	37740	367	767	0	40664
18176	814	40091	321	541	0	41767
18177	602	2210	241	39639	0	42692
18178	42673	1071	195	1696	0	45635
18179	43456	770	135	837	0	45198
18180	2395	527	41324	612	0	44858
18181	1190	485	40129	453	0	42257
18182	40247	386	1965	328	0	42926
18183	1846	40867	988	350	0	44051
18184	40256	1615	594	284	0	42749
18185	2051	749	403	39643	0	42846
18186	1013	522	37266	1573	0	40374
18187	35115	324	1539	739	0	37717
18188	1658	36168	849	537	0	39212
18189	856	38843	585	398	0	40682
18190	657	1954	402	38747	0	41760
18191	40042	981	322	1655	0	43000
18192	1693	628	324	40241	0	42886
18193	42117	444	361	1905	0	44827
18194	2027	459	39158	919	0	42563
18195	39201	461	1377	689	0	41728
18196	41834	383	622	560	0	43399
18197	2479	348	37743	514	0	41084
18198	36263	288	1451	442	0	38444
18199	2201	38614	804	366	0	41985
18200	1140	1339	561	37726	0	40766
18201	908	38888	447	1300	0	41543
18202	40156	1530	402	628	0	42716
18203	1770	763	411	38036	0	40980
18204	1003	37485	393	1446	0	40327
18205	746	1557	313	38676	0	41292
18206	604	37887	251	1720	0	40462
18207	483	1789	178	39826	0	42276
18208	39102	898	186	1884	0	42070
18209	1524	704	212	39607	0	42047
18210	860	540	37803	1936	0	41139
18211	37029	460	1302	1104	0	39895
18212	1657	479	612	39012	0	41760
18213	969	400	38749	1881	0	41999
18214	833	365	37049	1107	0	39354
18215	724	274	40584	857	0	42439
18216	666	265	2149	38667	0	41747
18217	654	300	1193	42227	0	44374
18218	531	258	880	43124	0	44793
18219	518	282	706	44046	0	45552
18220	43012	263	634	2494	0	46403
18221	43424	315	622	1390	0	45751
18222	43861	373	466	1060	0	45760
18223	47583	346	361	896	0	49186
18224	2536	346	294	46467	0	49643
18225	1519	381	47100	2016	0	51016
18226	48274	358	1349	1182	0	51163
18227	50820	368	644	928	0	52760
18228	2537	385	477	49058	0	52457
18229	1613	383	372	50567	0	52935
18230	50661	339	387	2333	0	53720
18231	2172	294	448	48114	0	51028
18232	1315	45917	504	2123	0	49859
18233	48686	1429	543	1232	0	51890
18234	48113	789	493	950	0	50345
18235	2534	608	50452	829	0	54423
18236	1511	464	1747	50074	0	53796
18237	1087	420	888	54064	0	56459
18238	51284	387	702	2630	0	55003
18239	51558	458	533	1471	0	54020
18240	2722	460	375	50749	0	54306
18241	1676	384	49452	2398	0	53910
18242	1369	333	48922	1379	0	52003
18243	1080	247	2160	50184	0	53671
18244	1107	287	1057	52152	0	54603
18245	50379	266	737	2696	0	54078
18246	2374	47241	625	1570	0	51810
18247	1454	49187	625	1145	0	52411
18248	1019	51063	554	796	0	53432
18249	823	1975	536	51178	0	54512
18250	51542	910	425	1948	0	54825
18251	51039	615	290	1086	0	53030
18252	2116	52501	246	964	0	55827
18253	54333	1781	182	708	0	57004
18254	2204	906	188	53405	0	56703
18255	1105	726	51217	1851	0	54899
18256	1003	521	1368	50769	0	53661
18257	893	403	565	53496	0	55357
18258	728	369	451	54484	0	56032
18259	53614	267	412	2544	0	56837
18260	1934	788	329	52466	0	55517
18261	1018	50794	365	2303	0	54480
18262	51240	1403	874	1295	0	54812
18263	1670	49314	383	1090	0	52457
18264	817	49897	391	954	0	52059
18265	709	48057	375	692	0	49833
18266	439	1363	40708	546	0	43056
18267	351	43181	995	525	0	45052
18268	212	703	38600	1793	0	41308
18269	34061	95	371	190	0	34717
18270	36769	76	75	214	0	37134
18271	512	103	37090	169	0	37874
18272	34652	96	372	181	0	35301
18273	37927	100	101	172	0	38300
18274	528	128	36752	161	0	37569
18275	207	36904	412	171	0	37694
18276	192	395	99	40723	0	41409
18277	44422	133	79	479	0	45113
18278	504	129	80	41530	0	42243
18279	45975	147	81	477	0	46680
18280	44808	130	83	233	0	45254
18281	535	135	44154	213	0	45037
18282	43669	91	372	195	0	44327
18283	493	43716	127	221	0	44557
18284	46972	473	60	154	0	47659
18285	556	192	47	46039	0	46834
18286	270	147	46047	532	0	46996
18287	194	138	430	44779	0	45541
18288	45967	113	166	558	0	46804
18289	509	42186	140	1858	0	44693
18290	257	487	44411	226	0	45381
18291	221	177	458	39796	0	40652
18292	280	148	44498	531	0	45457
18293	188	43783	521	284	0	44776
18294	47323	486	179	183	0	48171
18295	561	185	123	46527	0	47396
18296	277	165	48742	506	0	49690
18297	221	245	44678	210	0	45354
18298	48388	191	523	176	0	49278
18299	532	159	181	50176	0	51048
18300	232	197	139	50556	0	51124
18301	215	185	52719	575	0	53694
18302	268	187	51444	195	0	52094
18303	265	52270	576	223	0	53334
18304	258	499	214	55910	0	56881
18305	286	166	195	55280	0	55927
18306	275	52474	192	536	0	53477
18307	259	545	52832	245	0	53881
18308	48287	192	516	237	0	49232
18309	603	144	170	55477	0	56394
18310	283	132	57782	643	0	58840
18311	232	135	516	54293	0	55176
18312	227	54806	294	543	0	55870
18313	262	558	55803	280	0	56903
18314	51714	211	514	234	0	52673
18315	649	239	56000	202	0	57090
18316	245	250	53604	143	0	54242
18317	196	161	52024	149	0	52530
18318	211	120	56881	158	0	57370
18319	154	121	560	54311	0	55146
18320	211	122	61982	533	0	62848
18321	183	155	588	58876	0	59802
18322	107	59302	288	584	0	60281
18323	62182	579	207	196	0	63164
18324	672	163	167	61732	0	62734
18325	269	166	60358	758	0	61551
18326	154	59123	800	345	0	60422
18327	129	682	279	63392	0	64482
18328	62141	228	221	811	0	63401
18329	688	60372	239	287	0	61586
18330	237	739	180	63861	0	65017
18331	64826	239	160	812	0	66037
18332	795	209	62999	346	0	64349
18333	62060	161	814	240	0	63275
18334	874	180	63719	175	0	64948
18335	57687	75	507	102	0	58371
18336	59252	48	171	114	0	59585
18337	638	109	58461	115	0	59323
18338	189	56360	595	146	0	57290
18339	144	468	220	59293	0	60125
18340	157	187	60115	542	0	61001
18341	125	109	512	55651	0	56397
18342	119	97	174	58529	0	58919
18343	140	81	60901	618	0	61740
18344	162	114	59626	241	0	60143
18345	86	88	652	61319	0	62145
18346	63664	76	236	555	0	64531
18347	536	58069	244	301	0	59150
18348	910	58430	178	213	0	59731
18349	63570	611	136	137	0	64454
18350	64161	209	151	176	0	64697
18351	686	124	138	63921	0	64869
18352	272	84	178	62568	0	63102
18353	185	104	156	65773	0	66218
18354	64029	99	164	752	0	65044
18355	619	61450	195	323	0	62587
18356	299	64892	175	225	0	65591
18357	218	623	156	65863	0	66860
18358	157	249	146	68163	0	68715
18359	160	147	126	66879	0	67312
18360	66746	134	140	793	0	67813
18361	546	67237	198	451	0	68432
18362	69882	673	143	303	0	71001
18363	2029	340	65615	280	0	68264
18364	338	68001	771	347	0	69457
18365	232	757	332	72070	0	73391
18366	72567	349	232	978	0	74126
18367	976	282	68333	483	0	70074
18368	503	302	68208	334	0	69347
18369	347	249	1100	67707	0	69403
18370	255	232	470	70803	0	71760
18371	301	210	249	71382	0	72142
18372	248	231	248	70013	0	70740
18373	284	189	236	70247	0	70956
18374	269	66701	290	1409	0	68669
18375	243	894	218	70656	0	72011
18376	68246	458	249	1291	0	70244
18377	908	67164	276	850	0	69198
18378	68345	893	248	601	0	70087
18379	1133	513	66464	499	0	68609
18380	616	368	66178	468	0	67630
18381	462	272	1235	70947	0	72916
18382	446	310	87423	1301	0	89480
18383	408	259	1989	86279	0	88935
18384	410	258	993	90688	0	92349
18385	92825	246	641	3105	0	96817
18386	91318	293	482	1579	0	93672
18387	3175	94984	499	968	0	99626
18388	1436	101686	463	733	0	104318
18389	765	3455	373	101209	0	105802
18390	101388	1554	401	2972	0	106315
18391	2741	766	100720	1603	0	105830
18392	1299	486	2726	101037	0	105548
18393	743	428	1285	102690	0	105146
18394	642	467	96276	4173	0	101558
18395	557	95905	2845	2178	0	101485
18396	601	2746	1305	98334	0	102986
18397	648	1380	96197	3289	0	101514
18398	551	778	2909	96776	0	101014
18399	87675	515	1453	4728	0	94371
18400	2723	89364	1006	2001	0	95094
18401	1355	91565	700	1382	0	95002
18402	850	3637	649	91989	0	97125
18403	85828	1716	613	3531	0	91688
18404	2809	88492	603	2193	0	94097
18405	92492	3026	590	1592	0	97700
18406	3450	1658	90105	1408	0	96621
18407	1750	1061	95235	1428	0	99474
18408	1287	854	4153	86920	0	93214
18409	1037	806	1889	99567	0	103299
18410	95228	839	1062	4702	0	101831
18411	3771	930	740	94073	0	99514
18412	2107	1035	91633	4266	0	99041
18413	1367	1052	3280	90858	0	96557
18414	1133	918	1698	97680	0	101429
18415	985	905	90088	5277	0	97255
18416	87495	834	3580	3190	0	95099
18417	3408	763	2069	95670	0	101910
18418	90106	635	1330	4470	0	96541
18419	3469	84279	1022	2668	0	91438
18420	84084	3088	932	1869	0	89973
18421	3423	82772	916	1590	0	88701
18422	1666	85193	935	1555	0	89349
18423	1140	4058	1150	83849	0	90197
18424	82507	2125	1034	3732	0	89398
18425	83284	1330	700	2185	0	87499
18426	4120	1132	649	80228	0	86129
18427	80638	1016	612	3797	0	86063
18428	81261	846	646	2331	0	85084
18429	4603	869	682	80582	0	86736
18430	79280	819	849	3667	0	84615
18431	3875	78797	912	2404	0	85988
18432	81335	3112	881	1829	0	87157
18433	4006	1632	76965	1675	0	84278
18434	84844	955	3024	1742	0	90565
18435	4003	668	1750	82851	0	89272
18436	2300	589	1283	85871	0	90043
18437	1566	636	1013	88519	0	91734
18438	1323	597	1058	88306	0	91284
18439	1223	713	937	86279	0	89152
18440	1269	77033	992	5610	0	84904
18441	1358	83696	913	3968	0	89935
18442	86275	3899	773	2274	0	93221
18443	3998	2237	81371	1766	0	89372
18444	83245	1637	2975	1677	0	89534
18445	4367	1421	81290	1601	0	88679
18446	2680	1322	3280	79975	0	87257
18447	2157	1271	1458	86893	0	91779
18448	83599	1129	981	5077	0	90786
18449	4640	1099	80035	2889	0	88663
18450	3055	1005	3050	82029	0	89139
18451	2311	963	81869	4431	0	89574
18452	2108	82532	3434	2979	0	91053
18453	2059	3303	1631	86449	0	93442
18454	86253	1660	1207	4622	0	93742
18455	83440	1189	998	2964	0	88591
18456	82912	990	990	2349	0	87241
18457	5451	81402	1028	2186	0	90067
18458	3025	84820	1044	2186	0	91075
18459	72554	4546	2176	2258	0	81534
18460	3988	82414	1042	2408	0	89852
18461	2093	81258	1025	2463	0	86839
18462	1726	4521	75554	2431	0	84232
18463	1411	77726	3181	2263	0	84581
18464	1380	79058	1681	1925	0	84044
18465	1342	4733	1031	80050	0	87156
18466	1500	2506	79031	4156	0	87193
18467	1617	1713	79126	2375	0	84831
18468	76093	1257	4214	1910	0	83474
18469	4333	1113	78389	1522	0	85357
18470	81455	1059	3930	1548	0	87992
18471	4590	960	2037	76587	0	84174
18472	2821	78796	1478	3923	0	87018
18473	84702	3338	1101	2437	0	91578
18474	89538	1783	1132	1920	0	94373
18475	5148	1262	1094	87107	0	94611
18476	3018	998	1173	88591	0	93780
18477	2164	919	1108	89514	0	93705
18478	86304	927	819	5557	0	93607
18479	84231	1036	766	2952	0	88985
18480	85933	1095	628	2047	0	89703
18481	5042	75432	555	1540	0	82569
18482	61992	1959	408	742	0	65101
18483	2539	60518	376	753	0	64186
18484	1196	59317	324	701	0	61538
18485	2029	4110	237	52620	0	58996
18486	533	53981	178	1408	0	56100
18487	50621	1246	163	620	0	52650
18488	1098	497	135	48423	0	50153
18489	48467	345	156	1115	0	50083
18490	1162	45571	194	480	0	47407
18491	500	49638	222	344	0	50704
18492	51012	1085	185	258	0	52540
18493	1133	53138	234	315	0	54820
18494	574	1103	169	56251	0	58097
18495	455	411	172	57572	0	58610
18496	57659	278	156	1461	0	59554
18497	1306	212	171	59133	0	60822
18498	631	287	58014	1610	0	60542
18499	448	268	1233	58767	0	60716
18500	60450	285	386	1613	0	62734
18501	1574	59569	281	620	0	62044
18502	64274	1621	178	451	0	66524
18503	64555	607	198	338	0	65698
18504	64588	436	146	320	0	65490
18505	2299	373	58026	289	0	60987
18506	938	434	57455	290	0	59117
18507	53178	201	1489	218	0	55086
18508	1451	54413	564	225	0	56653
18509	636	1426	295	56201	0	58558
18510	409	509	263	55923	0	57104
18511	348	52630	302	1583	0	54863
18512	366	56025	226	618	0	57235
18513	302	1694	199	56496	0	58691
18514	356	632	175	57624	0	58787
18515	357	455	54146	1840	0	56798
18516	375	469	50827	781	0	52452
18517	52554	310	1589	528	0	54981
18518	58060	278	608	411	0	59357
18519	1901	253	379	57216	0	59749
18520	888	295	57079	1603	0	59865
18521	593	326	1435	56664	0	59018
18522	57292	310	519	1792	0	59913
18523	1772	352	56246	743	0	59113
18524	796	339	1448	55653	0	58236
18525	625	377	56594	1711	0	59307
18526	515	52064	1675	1658	0	55912
18527	595	1547	56436	567	0	59145
18528	480	1167	1694	54856	0	58197
18529	57506	440	636	1641	0	60223
18530	1604	318	476	56935	0	59333
18531	57249	313	372	1665	0	59599
18532	58056	306	394	719	0	59475
18533	56728	281	311	594	0	57914
18534	2134	313	50772	492	0	53711
18535	52262	262	1395	498	0	54417
18536	1885	235	571	53355	0	56046
18537	907	259	421	54326	0	55913
18538	784	292	52110	1945	0	55131
18539	606	284	1432	52251	0	54573
18540	52696	257	631	1872	0	55456
18541	1614	50744	486	982	0	53826
18542	54373	1328	368	700	0	56769
18543	54969	463	343	641	0	56416
18544	54860	301	315	600	0	56076
18545	2106	276	320	52369	0	55071
18546	1034	289	51810	1658	0	54791
18547	744	227	1354	50346	0	52671
18548	696	221	536	52911	0	54364
18549	52125	205	469	1825	0	54624
18550	49444	209	409	947	0	51009
18551	1815	202	46747	675	0	49439
18552	874	198	1301	48312	0	50685
18553	688	209	48034	1966	0	50897
18554	50026	157	2082	785	0	53050
18555	2103	54422	680	601	0	57806
18556	57448	1836	460	506	0	60250
18557	2455	57999	429	495	0	61378
18558	58353	2118	377	481	0	61329
18559	2501	58201	366	497	0	61565
18560	974	2250	326	59771	0	63321
18561	839	687	305	62615	0	64446
18562	61722	499	338	2658	0	65217
18563	61692	342	307	1102	0	63443
18564	62829	317	310	802	0	64258
18565	59386	272	300	690	0	60648
18566	59572	273	300	550	0	60695
18567	3208	290	288	56048	0	59834
18568	1493	55475	358	2223	0	59549
18569	1165	2014	244	55508	0	58931
18570	935	54454	264	2424	0	58077
18571	859	2266	245	54568	0	57938
18572	843	54162	300	2502	0	57807
18573	813	2266	233	54380	0	57692
18574	845	764	48632	2665	0	52906
18575	46887	599	1963	1076	0	50525
18576	2432	50103	681	935	0	54151
18577	52324	2170	486	689	0	55669
18578	2754	773	49216	700	0	53443
18579	49244	600	2035	647	0	52526
18580	2805	489	52941	622	0	56857
18581	1184	501	2360	52501	0	56546
18582	1000	57268	843	2500	0	61611
18583	849	2501	59859	951	0	64160
18584	799	865	2690	60281	0	64635
18585	59452	693	1021	3023	0	64189
18586	2918	475	694	61162	0	65249
18587	1317	452	500	64111	0	66380
18588	1111	410	405	65665	0	67591
18589	907	441	59827	4044	0	65219
18590	833	416	2659	59757	0	63665
18591	812	58335	1003	3545	0	63695
18592	706	2631	640	59036	0	63013
18593	635	843	423	59214	0	61115
18594	55056	596	285	3633	0	59570
18595	2886	398	263	58081	0	61628
18596	1092	387	55622	3590	0	60691
18597	776	301	54383	1394	0	56854
18598	592	274	55059	1116	0	57041
18599	532	55638	3115	900	0	60185
18600	54030	2432	1674	698	0	58834
18601	2523	54036	709	654	0	57922
18602	54382	2578	410	541	0	57911
18603	2781	828	316	52911	0	56836
18604	1036	641	52490	2633	0	56800
18605	805	507	51407	991	0	53710
18606	532	52868	2769	835	0	57004
18607	471	2530	1098	53350	0	57449
18608	480	934	695	55786	0	57895
18609	480	799	460	58047	0	59786
18610	546	580	54573	3560	0	59259
18611	51587	475	2559	1573	0	56194
18612	2898	471	55471	1107	0	59947
18613	1203	401	2812	54311	0	58727
18614	920	460	1045	59378	0	61803
18615	720	468	55434	3558	0	60180
18616	53503	428	2787	1729	0	58447
18617	2722	55544	1121	1332	0	60719
18618	56061	2640	830	1062	0	60593
18619	3012	1090	590	53396	0	58088
18620	1247	54325	593	2952	0	59117
18621	988	2756	576	56728	0	61048
18622	55786	1036	523	3451	0	60796
18623	3017	723	583	55806	0	60129
18624	1333	579	53505	3522	0	58939
18625	53223	527	2706	1663	0	58119
18626	55975	536	1136	1322	0	58969
18627	3562	564	52223	1086	0	57435
18628	1556	516	2705	54054	0	58831
18629	54322	596	1097	3304	0	59319
18630	3094	457	889	53676	0	58116
18631	1375	496	647	54573	0	57091
18632	1105	426	663	55236	0	57430
18633	779	392	729	56022	0	57922
18634	889	408	50857	4254	0	56408
18635	723	408	2842	53053	0	57026
18636	766	449	50670	3832	0	55717
18637	50655	420	3067	1931	0	56073
18638	53902	466	1296	1494	0	57158
18639	54330	433	914	1432	0	57109
18640	54450	432	799	1283	0	56964
18641	3872	380	710	52150	0	57112
18642	50868	332	807	3483	0	55490
18643	3419	324	48555	1812	0	54110
18644	1495	297	48579	1492	0	51863
18645	46476	302	3295	1197	0	51270
18646	2958	46404	1573	1191	0	52126
18647	1419	50036	1118	1156	0	53729
18648	1199	3003	869	48698	0	53769
18649	1011	1151	47022	3312	0	52496
18650	46220	740	2811	1688	0	51459
18651	3140	523	47539	1559	0	52761
18652	1300	43212	2660	1226	0	48398
18653	1108	2143	44045	1156	0	48452
18654	748	38025	2098	900	0	41771
18655	33455	2299	1021	1195	0	37970
18656	1717	34021	705	725	0	37168
18657	845	32924	539	664	0	34972
18658	700	1794	433	32801	0	35728
18659	603	763	31544	1783	0	34693
18660	548	513	1539	29905	0	32505
18661	552	390	793	31965	0	33700
18662	533	401	30082	2131	0	33147
18663	572	329	1631	28876	0	31408
18664	548	29411	897	1757	0	32613
18665	559	1443	661	31184	0	33847
18666	30690	660	551	1915	0	33816
18667	1668	476	558	31289	0	33991
18668	897	393	30624	1971	0	33885
18669	647	416	1562	31906	0	34531
18670	605	336	30529	2031	0	33501
18671	30436	318	1677	1146	0	33577
18672	1604	374	857	31550	0	34385
18673	31854	328	674	1953	0	34809
18674	1839	358	30563	1038	0	33798
18675	28305	349	1616	851	0	31121
18676	1702	29759	849	771	0	33081
18677	942	1433	29923	748	0	33046
18678	706	626	1666	29674	0	32672
18679	663	418	29408	1823	0	32312
18680	516	26840	1552	947	0	29855
18681	515	29106	764	680	0	31065
18682	23203	1211	383	402	0	25199
18683	1156	23369	269	413	0	25207
18684	23953	1180	285	365	0	25783
18685	1298	442	314	23795	0	25849
18686	591	295	23151	1324	0	25361
18687	385	23438	1060	578	0	25461
18688	304	1147	491	23855	0	25797
18689	308	463	274	25812	0	26857
18690	307	281	264	27147	0	27999
18691	328	254	253	25137	0	25972
18692	305	23099	288	1645	0	25337
18693	274	25666	261	717	0	26918
18694	23747	1432	853	436	0	26468
18695	1123	23755	191	293	0	25362
18696	451	1204	174	24931	0	26760
18697	285	522	24001	1349	0	26157
18698	202	24119	1134	641	0	26096
18699	123	1129	352	22571	0	24175
18700	115	462	166	22675	0	23418
18701	98	22767	130	1389	0	24384
18702	21881	1099	96	544	0	23620
18703	1043	515	21067	298	0	22923
18704	20546	291	940	233	0	22010
18705	1106	21728	357	217	0	23408
18706	19756	973	107	153	0	20989
18707	904	20164	83	187	0	21338
18708	327	1023	79	21637	0	23066
18709	159	447	71	22855	0	23532
18710	21654	247	75	1385	0	23361
18711	1006	224	67	22150	0	23447
18712	466	246	19807	1176	0	21695
18713	266	19598	950	515	0	21329
18714	172	19918	341	257	0	20688
18715	136	1198	165	19807	0	21306
18716	152	516	19381	1022	0	21071
18717	149	301	875	19642	0	20967
18718	122	220	308	20756	0	21406
18719	124	203	19158	1391	0	20876
18720	172	215	19007	607	0	20001
18721	163	20339	1100	354	0	21956
18722	20697	1039	421	290	0	22447
18723	962	474	235	19576	0	21247
18724	370	20061	159	949	0	21539
18725	20637	1094	128	514	0	22373
18726	974	470	153	20754	0	22351
18727	374	284	162	21255	0	22075
18728	200	20089	139	1491	0	21919
18729	152	1033	136	21566	0	22887
18730	20795	501	183	1235	0	22714
18731	1010	358	186	21228	0	22782
18732	478	300	143	21967	0	22888
18733	301	803	19616	1494	0	22214
18734	181	256	19974	729	0	21140
18735	20477	287	1191	431	0	22386
18736	1027	247	442	20926	0	22642
18737	458	202	214	21630	0	22504
18738	263	243	142	22302	0	22950
18739	243	268	20188	1599	0	22298
18740	20500	230	976	751	0	22457
18741	1093	231	426	21004	0	22754
18742	463	258	228	22499	0	23448
18743	21085	250	200	1573	0	23108
18744	1060	20639	224	848	0	22771
18745	489	1047	20243	592	0	22371
18746	314	444	992	20359	0	22109
18747	260	20661	468	1300	0	22689
18748	244	1051	303	21867	0	23465
18749	21071	513	282	1435	0	23301
18750	1112	347	275	21649	0	23383
18751	20937	331	186	1448	0	22902
18752	21963	267	166	904	0	23300
18753	1423	240	205	21260	0	23128
18754	677	20275	223	1306	0	22481
18755	367	21870	193	853	0	23283
18756	305	1295	20952	655	0	23207
18757	235	653	1066	20889	0	22843
18758	254	422	468	22172	0	23316
18759	332	304	290	23779	0	24705
18760	22331	239	202	1848	0	24620
18761	1127	279	183	23473	0	25062
18762	628	304	21933	1520	0	24385
18763	22362	258	1025	841	0	24486
18764	1229	228	458	24290	0	26205
18765	551	310	276	26094	0	27231
18766	394	296	24242	1788	0	26720
18767	23913	243	1088	962	0	26206
18768	1213	220	486	24841	0	26760
18769	606	244	24390	1569	0	26809
18770	430	212	1074	25050	0	26766
18771	346	273	560	21559	0	22738
18772	391	24351	398	1458	0	26598
18773	24294	1086	304	918	0	26602
18774	24799	506	246	743	0	26294
18775	1381	24241	227	758	0	26607
18776	24988	1119	283	657	0	27047
18777	25435	532	272	598	0	26837
18778	1633	282	218	25052	0	27185
18779	763	216	24525	1629	0	27133
18780	518	206	24554	916	0	26194
18781	333	182	24943	613	0	26071
18782	251	154	24003	429	0	24837
18783	212	419	974	22874	0	24479
18784	223	142	503	25077	0	25945
18785	242	110	275	25686	0	26313
18786	230	110	196	25326	0	25862
18787	23905	81	161	1243	0	25390
18788	774	24110	175	706	0	25765
18789	25113	585	169	339	0	26206
18790	775	286	23769	295	0	25125
18791	440	172	26172	248	0	27032
18792	257	116	858	25881	0	27112
18793	25668	69	413	814	0	26964
18794	23011	79	242	495	0	23827
18795	877	23929	190	371	0	25367
18796	383	23483	120	238	0	24224
18797	172	602	67	23541	0	24382
18798	23265	266	106	512	0	24149
18799	472	23012	105	307	0	23896
18800	23455	472	98	204	0	24229
18801	22855	246	95	204	0	23400
18802	23486	135	84	180	0	23885
18803	787	106	22986	163	0	24042
18804	415	22761	438	143	0	23757
18805	22988	463	229	146	0	23826
18806	22549	252	151	169	0	23121
18807	735	21396	118	168	0	22417
18808	277	20416	73	103	0	20869
18809	20765	479	55	86	0	21385
18810	494	239	52	20552	0	21337
18811	306	154	20079	387	0	20926
18812	19992	103	337	186	0	20618
18813	434	106	171	21528	0	22239
18814	257	21842	126	408	0	22633
18815	179	437	68	22937	0	23621
18816	200	239	22876	484	0	23799
18817	175	169	368	22698	0	23410
18818	25024	118	177	507	0	25826
18819	474	101	116	24914	0	25605
18820	278	74	102	25096	0	25550
18821	227	93	24364	623	0	25307
18822	157	92	396	23493	0	24138
18823	168	23915	209	492	0	24784
18824	24687	397	133	279	0	25496
18825	23639	224	101	183	0	24147
18826	594	154	24036	168	0	24952
18827	332	90	399	23085	0	23906
18828	196	22708	233	448	0	23585
18829	175	23628	143	268	0	24214
18830	24141	518	116	194	0	24969
18831	447	277	78	24267	0	25069
18832	261	168	23840	483	0	24752
18833	204	137	23329	274	0	23944
18834	156	103	530	24147	0	24936
18835	24379	84	276	487	0	25226
18836	24199	80	158	294	0	24731
18837	564	116	121	26903	0	27704
18838	321	107	26897	512	0	27837
18839	227	25994	419	315	0	26955
18840	27268	440	223	203	0	28134
18841	482	27015	170	182	0	27849
18842	27791	449	104	160	0	28504
18843	514	216	116	27488	0	28334
18844	305	157	27164	471	0	28097
18845	212	122	421	26627	0	27382
18846	27220	121	186	538	0	28065
18847	514	127	26912	258	0	27811
18848	260	26046	438	240	0	26984
18849	208	387	230	27372	0	28197
18850	27483	218	163	478	0	28342
18851	529	169	27300	270	0	28268
18852	295	148	405	27124	0	27972
18853	227	110	204	28007	0	28548
18854	195	111	27407	629	0	28342
18855	175	99	470	26679	0	27423
18856	168	120	27557	578	0	28423
18857	25825	129	477	301	0	26732
18858	521	127	230	31076	0	31954
18859	311	124	30357	464	0	31256
18860	186	30102	502	323	0	31113
18861	34922	462	238	218	0	35840
18862	36958	208	165	188	0	37519
18863	858	151	143	40780	0	41932
18864	406	39758	122	927	0	41213
18865	40711	953	124	350	0	42138
18866	1053	363	112	40577	0	42105
18867	436	276	39961	1096	0	41769
18868	37808	163	961	473	0	39405
18869	1064	39333	383	355	0	41135
18870	430	911	246	41345	0	42932
18871	41531	349	147	1054	0	43081
18872	1084	255	41182	437	0	42958
18873	463	187	41248	299	0	42197
18874	308	165	1217	38142	0	39832
18875	256	112	41835	1054	0	43257
18876	226	89	1159	39569	0	41043
18877	155	39512	522	1043	0	41232
18878	137	942	348	43143	0	44570
18879	41928	348	186	1232	0	43694
18880	1057	289	40135	478	0	41959
18881	388	38693	991	455	0	40527
18882	290	921	329	41002	0	42542
18883	212	336	41963	1068	0	43579
18884	159	218	856	38375	0	39608
18885	91	39690	384	976	0	41141
18886	120	43486	279	417	0	44302
18887	43038	1014	153	341	0	44546
18888	733	42297	206	229	0	43465
18889	263	970	41419	181	0	42833
18890	36827	398	790	103	0	38118
18891	802	258	39718	92	0	40870
18892	291	152	846	37582	0	38871
18893	215	133	41646	744	0	42738
18894	135	40266	884	288	0	41573
18895	120	679	295	42456	0	43550
18896	79	251	248	43154	0	43732
18897	82	184	132	41553	0	41951
18898	84	152	42074	1070	0	43380
18899	70	134	742	41073	0	42019
18900	66	94	257	44855	0	45272
18901	43810	95	232	1145	0	45282
18902	42314	73	150	534	0	43071
18903	988	112	46417	344	0	47861
18904	393	44501	837	287	0	46018
18905	336	763	47030	191	0	48320
18906	186	279	936	47117	0	48518
18907	174	218	48958	883	0	50233
18908	109	140	1005	46922	0	48176
18909	78	141	387	49281	0	49887
18910	87	106	48289	1128	0	49610
18911	42340	117	905	584	0	43946
18912	793	49121	416	380	0	50710
18913	236	698	206	50030	0	51170
18914	214	307	49808	850	0	51179
18915	166	254	47250	336	0	48006
18916	46061	121	927	278	0	47387
18917	729	47339	495	223	0	48786
18918	257	738	275	50585	0	51855
18919	50633	258	217	843	0	51951
18920	784	211	196	50197	0	51388
18921	317	153	112	52456	0	53038
18922	222	179	51662	1088	0	53151
18923	48085	110	863	582	0	49640
18924	52920	94	325	369	0	53708
18925	1043	98	260	52952	0	54353
18926	53997	74	204	1026	0	55301
18927	1108	90	203	53489	0	54890
18928	424	49821	244	1115	0	51604
18929	376	52217	210	490	0	53293
18930	230	1028	187	54249	0	55694
18931	53299	394	155	1092	0	54940
18932	900	284	129	53488	0	54801
18933	53454	195	156	1226	0	55031
18934	53447	172	164	541	0	54324
18935	1142	150	164	52453	0	53909
18936	549	122	142	53289	0	54102
18937	426	124	50625	1298	0	52473
18938	358	166	49846	565	0	50935
18939	283	147	1131	50350	0	51911
18940	226	143	54276	1273	0	55918
18941	53442	124	1264	519	0	55349
18942	1059	108	479	57354	0	59000
18943	376	145	59604	1295	0	61420
18944	57443	112	1313	602	0	59470
18945	63515	102	522	480	0	64619
18946	1710	64057	401	453	0	66621
18947	750	1312	264	68751	0	71077
18948	541	484	71358	1501	0	73884
18949	71974	325	1429	611	0	74339
18950	75978	190	568	500	0	77236
18951	1911	239	74928	375	0	77453
18952	75781	145	1470	370	0	77766
18953	1798	155	599	75322	0	77874
18954	745	135	398	77858	0	79136
18955	76795	134	306	1905	0	79140
18956	75971	142	347	883	0	77343
18957	1945	87	331	76041	0	78404
18958	949	142	72546	1754	0	75391
18959	669	68407	1440	983	0	71499
18960	588	1245	72606	623	0	75062
18961	564	464	69888	456	0	71372
18962	408	67905	1604	459	0	70376
18963	261	875	456	63399	0	64991
18964	296	272	396	65822	0	66786
18965	392	214	64346	1119	0	66071
18966	360	157	959	62092	0	63568
18967	65588	94	501	1203	0	67386
18968	1120	201	65170	528	0	67019
18969	64936	119	985	488	0	66528
18970	66815	113	523	402	0	67853
18971	66554	137	438	356	0	67485
18972	1545	115	64264	348	0	66272
18973	847	181	63009	320	0	64357
18974	629	133	1145	63123	0	65030
18975	501	127	674	62097	0	63399
18976	509	63327	493	1506	0	65835
18977	65495	861	379	584	0	67319
18978	64143	281	444	531	0	65399
18979	1349	63025	407	441	0	65222
18980	65788	899	359	436	0	67482
18981	1273	62387	365	522	0	64547
18982	63560	1003	427	368	0	65358
18983	1315	413	354	60939	0	63021
18984	728	311	61658	1175	0	63872
18985	567	304	60644	568	0	62083
18986	532	273	1228	58811	0	60844
18987	488	223	651	59956	0	61318
18988	502	203	58763	1333	0	60801
18989	467	217	1192	57002	0	58878
18990	385	232	688	59228	0	60533
18991	59868	193	540	1428	0	62029
18992	58234	191	494	712	0	59631
18993	57618	221	403	608	0	58850
18994	1618	201	55161	481	0	57461
18995	889	53262	1145	556	0	55852
18996	667	924	525	55581	0	57697
18997	716	345	55190	1069	0	57320
18998	682	53571	1134	574	0	55961
18999	56329	895	550	470	0	58244
19000	1229	367	485	54853	0	56934
19001	702	353	433	55777	0	57265
19002	55973	217	399	1244	0	57833
19003	1191	275	408	51066	0	52940
19004	713	256	333	51203	0	52505
19005	51504	231	409	1344	0	53488
19006	1223	274	48802	723	0	51022
19007	704	47590	925	757	0	49976
19008	49770	876	566	509	0	51721
19009	1297	426	49260	464	0	51447
19010	47699	313	1025	597	0	49634
19011	1202	48769	620	570	0	51161
19012	48554	932	537	478	0	50501
19013	48340	397	444	516	0	49697
19014	47632	342	422	554	0	48950
19015	1489	263	457	46779	0	48988
19016	849	248	433	47019	0	48549
19017	762	45272	400	1335	0	47769
19018	678	44553	458	785	0	46474
19019	695	46394	408	640	0	48137
19020	46883	1021	304	552	0	48760
19021	1240	440	43785	591	0	46056
19022	735	373	799	43622	0	45529
19023	667	292	460	43686	0	45105
19024	599	43246	412	1146	0	45403
19025	509	883	334	44703	0	46429
19026	520	414	352	43110	0	44396
19027	497	43330	344	1143	0	45314
19028	43937	934	355	656	0	45882
19029	1036	44350	299	619	0	46304
19030	723	959	43687	443	0	45812
19031	43209	466	811	539	0	45025
19032	1098	45288	383	554	0	47323
19033	44790	884	403	456	0	46533
19034	1150	461	310	45664	0	47585
19035	791	403	269	45976	0	47439
19036	660	393	45729	1104	0	47886
19037	713	309	44236	524	0	45782
19038	556	323	865	46252	0	47996
19039	46236	306	457	918	0	47917
19040	41313	206	241	391	0	42151
19041	939	42033	247	368	0	43587
19042	517	40877	241	299	0	41934
19043	299	38742	165	190	0	39396
19044	608	617	960	37234	0	39419
19045	35569	175	367	971	0	37082
19046	34072	72	25	135	0	34304
19047	33316	34	26	85	0	33461
19048	638	77	29720	61	0	30496
19049	199	39617	545	69	0	40430
19050	108	511	122	52870	0	53611
19051	51424	122	73	811	0	52430
19052	1043	91	53	50842	0	52029
19053	238	65	31	55157	0	55491
19054	53823	73	42	1258	0	55196
19055	59859	61	43	309	0	60272
19056	1683	122	58773	162	0	60740
19057	519	65	1855	59994	0	62433
19058	281	101	58011	1499	0	59892
19059	192	60	1495	59984	0	61731
19060	210	121	54743	1695	0	56769
19061	143	57	1444	57439	0	59083
19062	53374	73	527	1682	0	55656
19063	1356	54255	306	694	0	56611
19064	475	57739	183	405	0	58802
19065	356	1849	193	48022	0	50420
19066	221	57499	143	1218	0	59081
19067	57525	1592	126	465	0	59708
19068	54598	606	136	296	0	55636
19069	1945	380	51043	284	0	53652
19070	652	52315	1421	368	0	54756
19071	375	1421	508	55198	0	57502
19072	423	513	53362	1645	0	55943
19073	53931	226	1520	726	0	56403
19074	1676	200	578	55280	0	57734
19075	722	232	53731	1661	0	56346
19076	345	170	1577	55641	0	57733
19077	55396	166	694	1828	0	58084
19078	1692	180	53494	829	0	56195
19079	53860	106	1651	512	0	56129
19080	55621	142	694	409	0	56866
19081	2091	221	347	55078	0	57737
19082	856	295	54415	1734	0	57300
19083	521	297	54394	818	0	56030
19084	52934	298	1951	487	0	55670
19085	54858	232	732	540	0	56362
19086	2214	258	52005	504	0	54981
19087	1034	239	1687	52643	0	55603
19088	738	231	761	49904	0	51634
19089	636	53111	547	2040	0	56334
19090	585	1618	480	54869	0	57552
19091	53871	608	416	2178	0	57073
19092	1923	293	409	55412	0	58037
19093	938	255	52628	2200	0	56021
19094	52629	227	1789	1181	0	55826
19095	2066	200	872	54085	0	57223
19096	1081	367	51465	2047	0	54960
19097	705	52358	1876	1191	0	56130
19098	49873	1660	911	935	0	53379
19099	1969	53938	626	1004	0	57537
19100	54152	1801	583	954	0	57490
19101	2394	863	50604	952	0	54813
19102	1361	49922	1849	954	0	54086
19103	1097	54210	985	808	0	57100
19104	917	2220	776	52539	0	56452
19105	996	968	769	55486	0	58219
19106	986	581	52144	2784	0	56495
19107	784	524	2129	54718	0	58155
19108	53273	460	1236	2774	0	57743
19109	2268	496	52035	1711	0	56510
19110	1346	534	2203	53507	0	57590
19111	1090	641	51372	2539	0	55642
19112	49828	634	2215	1611	0	54288
19113	2279	53080	1345	1378	0	58082
19114	53200	2027	973	1386	0	57586
19115	54243	1063	845	1372	0	57523
19116	55383	684	938	1278	0	58283
19117	3351	767	50187	1195	0	55500
19118	2043	51809	2226	1117	0	57195
19119	1588	2117	1321	50493	0	55519
19120	1365	1128	1143	55717	0	59353
19121	57232	769	1166	3238	0	62405
19122	3058	678	1158	57946	0	62840
19123	57578	635	1250	3425	0	62888
19124	58103	593	1257	1958	0	61911
19125	58652	635	1099	1705	0	62091
19126	60870	577	1223	1476	0	64146
19127	3942	651	1072	58413	0	64078
19128	58594	709	978	3241	0	63522
19129	3533	747	54506	1891	0	60677
19130	56230	829	2763	1444	0	61266
19131	59537	695	1549	1277	0	63058
19132	4285	779	52704	1024	0	58792
19133	55727	732	2815	1001	0	60275
19134	58270	690	1711	996	0	61667
19135	4108	677	1174	55637	0	61596
19136	2290	679	1133	58230	0	62332
19137	55131	608	1127	3573	0	60439
19138	3403	606	958	55467	0	60434
19139	2041	529	1075	54688	0	58333
19140	1658	52090	1025	3879	0	58652
19141	1640	1844	951	53537	0	57972
19142	52318	738	1009	3089	0	57154
19143	3152	495	856	53082	0	57585
19144	1883	513	992	53040	0	56428
19145	1583	50796	955	3440	0	56774
19146	1568	2037	832	50556	0	54993
19147	1671	1157	927	50759	0	54514
19148	47357	582	939	2978	0	51856
19149	2651	2695	535	33468	0	39349
19150	814	195	22903	1710	0	25622
19151	401	20017	993	827	0	22238
19152	389	21704	498	481	0	23072
19153	20470	1262	221	358	0	22311
19154	1350	21653	201	391	0	23595
19155	15558	719	41	146	0	16464
19156	795	15606	40	143	0	16584
19157	16543	795	60	134	0	17532
19158	956	282	28	17860	0	19126
19159	365	137	22	18429	0	18953
19160	227	17601	45	1092	0	18965
19161	181	836	24	19774	0	20815
19162	183	303	20162	1024	0	21672
19163	19775	144	811	409	0	21139
19164	978	20488	216	272	0	21954
19165	22014	893	86	225	0	23218
19166	22123	269	72	224	0	22688
19167	23139	154	70	149	0	23512
19168	1359	131	76	22839	0	24405
19169	495	131	65	23153	0	23844
19170	337	23342	62	1232	0	24973
19171	23297	1035	36	440	0	24808
19172	1106	23547	36	280	0	24969
19173	24582	1095	60	212	0	25949
19174	1300	386	23684	244	0	25614
19175	24379	215	1001	254	0	25849
19176	1321	160	281	25784	0	27546
19177	547	196	25297	1281	0	27321
19178	409	166	26095	465	0	27135
19179	280	170	1410	26109	0	27969
19180	348	135	25886	1340	0	27709
19181	326	134	1324	26192	0	27976
19182	24667	126	421	1459	0	26673
19183	1414	110	245	25327	0	27096
19184	577	165	24942	1472	0	27156
19185	442	24261	1198	592	0	26493
19186	331	25952	415	435	0	27133
19187	546	1401	238	25703	0	27888
19188	25025	491	157	1379	0	27052
19189	1362	288	134	25447	0	27231
19190	552	219	162	26327	0	27260
19191	428	200	180	26403	0	27211
19192	350	231	169	26844	0	27594
19193	337	213	25121	1853	0	27524
19194	334	209	24746	785	0	26074
19195	24622	146	1467	595	0	26830
19196	26288	146	548	529	0	27511
19197	1600	160	334	25245	0	27339
19198	667	177	241	26543	0	27628
19199	468	187	23718	1795	0	26168
19200	401	24359	1239	804	0	26803
19201	24822	1262	483	532	0	27099
19202	25863	471	325	475	0	27134
19203	1686	339	199	25470	0	27694
19204	728	283	24714	1581	0	27306
19205	509	238	1213	23402	0	25362
19206	387	24508	472	1514	0	26881
19207	420	1285	24712	715	0	27132
19208	24358	506	1318	602	0	26784
19209	1494	334	512	25485	0	27825
19210	25862	245	401	1654	0	28162
19211	1585	246	24651	822	0	27304
19212	25103	244	1322	660	0	27329
19213	1568	285	563	24670	0	27086
19214	24566	255	466	1644	0	26931
19215	1688	269	337	23884	0	26178
19216	783	22631	392	1655	0	25461
19217	646	25391	369	838	0	27244
19218	589	1719	322	24986	0	27616
19219	584	637	24771	1644	0	27636
19220	463	23992	1166	847	0	26468
19221	353	883	368	22082	0	23686
19222	20805	354	324	1114	0	22597
19223	21455	326	264	592	0	22637
19224	1154	259	249	21415	0	23077
19225	597	234	248	21283	0	22362
19226	473	18334	321	1220	0	20348
19227	428	20311	330	690	0	21759
19228	19569	981	292	625	0	21467
19229	1014	412	275	19758	0	21459
19230	545	331	283	20471	0	21630
19231	494	250	18753	1329	0	20826
19232	401	237	947	19283	0	20868
19233	408	266	413	19739	0	20826
19234	409	286	370	20216	0	21281
19235	451	240	18628	1403	0	20722
19236	400	235	948	19499	0	21082
19237	19210	251	469	1379	0	21309
19238	1022	255	18428	776	0	20481
19239	19100	247	938	740	0	21025
19240	1087	258	427	19636	0	21408
19241	524	205	443	20473	0	21645
19242	436	236	422	21405	0	22499
19243	414	237	19342	1612	0	21605
19244	18572	195	1057	915	0	20739
19245	1125	19600	484	806	0	22015
19246	19741	923	464	735	0	21863
19247	1151	21431	418	682	0	23682
19248	507	1033	348	22278	0	24166
19249	22194	385	289	1463	0	24331
19250	1175	334	21272	789	0	23570
19251	21082	267	1024	800	0	23173
19252	1270	246	21812	690	0	24018
19253	501	1070	903	20000	0	22474
19254	480	269	19920	1071	0	21740
19255	368	19777	890	700	0	21735
19256	376	695	898	19281	0	21250
19257	18378	237	338	1570	0	20523
19258	686	180	206	16720	0	17792
19259	369	17102	207	775	0	18453
19260	334	573	173	18099	0	19179
19261	16429	193	208	885	0	17715
19262	14594	159	142	330	0	15225
19263	672	13842	139	303	0	14956
19264	336	14245	133	246	0	14960
19265	240	422	91	13718	0	14471
19266	215	158	100	14076	0	14549
19267	13725	108	96	590	0	14519
19268	12218	83	88	234	0	12623
19269	399	12356	127	161	0	13043
19270	184	386	64	11877	0	12511
19271	156	120	78	12324	0	12678
19272	147	120	11513	503	0	12283
19273	106	11327	345	268	0	12046
19274	118	11343	84	182	0	11727
19275	67	570	61	10586	0	11284
19276	92	67	9717	253	0	10129
19277	62	27	9174	56	0	9319
19278	42	35	173	9061	0	9311
19279	39	27	48	9480	0	9594
19280	32	34	9713	213	0	9992
19281	35	42	177	9913	0	10167
19282	48	41	10292	243	0	10624
19283	10764	30	185	104	0	11083
19284	274	39	54	9789	0	10156
19285	70	47	9651	304	0	10072
19286	58	57	9506	96	0	9717
19287	63	24	282	10227	0	10596
19288	50	46	12325	347	0	12768
19289	55	61	12938	116	0	13170
19290	31	12560	461	118	0	13170
19291	14605	417	126	97	0	15245
19292	462	86	15542	45	0	16135
19293	134	55	468	15411	0	16068
19294	67	43	148	16217	0	16475
19295	37	33	88	16889	0	17047
19296	35	24	16028	710	0	16797
19297	22	22	495	16260	0	16799
19298	16262	31	152	636	0	17081
19299	499	33	92	16384	0	17008
19300	151	41	16042	620	0	16854
19301	96	19	524	16285	0	16924
19302	16260	20	188	628	0	17096
19303	16979	21	117	258	0	17375
19304	16902	16	97	177	0	17192
19305	650	20	104	16607	0	17381
19306	16675	18	74	603	0	17370
19307	16756	16	89	227	0	17088
19308	16725	20	102	159	0	17006
19309	689	15975	87	173	0	16924
19310	17162	489	91	131	0	17873
19311	632	130	108	17075	0	17945
19312	249	103	16204	598	0	17154
19313	150	16400	501	255	0	17306
19314	16874	518	175	179	0	17746
19315	549	156	140	16785	0	17630
19316	237	105	103	16402	0	16847
19317	182	15521	114	647	0	16464
19318	130	16355	100	304	0	16889
19319	14875	619	91	211	0	15796
19320	548	15071	94	227	0	15940
19321	15078	595	90	172	0	15935
19322	627	15620	111	180	0	16538
19323	15401	634	81	167	0	16283
19324	677	15284	85	201	0	16247
19325	275	15980	114	171	0	16540
19326	15721	711	94	165	0	16691
19327	718	286	14592	140	0	15736
19328	273	15241	527	174	0	16215
19329	248	633	206	15393	0	16480
19330	173	224	143	16546	0	17086
19331	205	164	125	16246	0	16740
19332	186	129	99	16663	0	17077
19333	181	124	16755	934	0	17994
19334	16862	99	578	445	0	17984
19335	728	82	209	18347	0	19366
19336	18842	94	167	794	0	19897
19337	19171	104	131	320	0	19726
19338	19317	103	104	245	0	19769
19339	18918	115	86	212	0	19331
19340	985	135	17566	203	0	18889
19341	390	85	517	16845	0	17837
19342	279	135	16942	642	0	17998
19343	213	16993	655	304	0	18165
19344	188	610	243	17266	0	18307
19345	187	264	164	18048	0	18663
19346	215	223	140	18299	0	18877
19347	221	205	94	16961	0	17481
19348	222	183	15876	962	0	17243
19349	200	181	600	16289	0	17270
19350	207	181	267	16984	0	17639
19351	16470	153	210	969	0	17802
19352	17937	116	205	475	0	18733
19353	959	163	171	17724	0	19017
19354	490	120	149	18188	0	18947
19355	318	107	152	18766	0	19343
19356	17978	91	148	1319	0	19536
19357	18483	123	167	691	0	19464
19358	18222	137	195	487	0	19041
19359	19176	114	139	406	0	19835
19360	1241	18064	117	417	0	19839
19361	19085	700	118	346	0	20249
19362	19364	283	121	345	0	20113
19363	1243	199	110	18666	0	20218
19364	705	134	132	19367	0	20338
19365	17611	124	146	1127	0	19008
19366	994	16725	149	623	0	18491
19367	536	18443	131	470	0	19580
19368	19134	944	115	380	0	20573
19369	1017	401	70	18914	0	20402
19370	548	260	67	19318	0	20193
19371	474	174	76	19719	0	20443
19372	404	171	60	19851	0	20486
19373	361	116	120	19382	0	19979
19374	330	18182	86	1331	0	19929
19375	345	757	66	19512	0	20680
19376	19006	356	54	1127	0	20543
19377	967	264	74	19131	0	20436
19378	481	204	53	19754	0	20492
19379	18817	178	79	1329	0	20403
19380	945	17943	71	774	0	19733
19381	536	751	71	18045	0	19403
19382	447	17372	50	963	0	18832
19383	326	742	50	17326	0	18444
19384	360	367	15922	896	0	17545
19385	15040	291	547	479	0	16357
19386	829	16408	208	392	0	17837
19387	16254	620	98	311	0	17283
19388	779	270	16004	337	0	17390
19389	316	1231	394	13807	0	15748
19390	285	15053	182	511	0	16031
19391	197	14522	100	256	0	15075
19392	13555	471	44	197	0	14267
19393	435	205	33	12943	0	13616
19394	236	119	13499	470	0	14324
19395	148	91	281	14210	0	14730
19396	133	87	14073	573	0	14866
19397	12916	82	336	369	0	13703
19398	364	74	14221	317	0	14976
19399	207	96	347	13985	0	14635
19400	176	15423	160	482	0	16241
19401	168	331	90	16025	0	16614
19402	188	15506	78	499	0	16271
19403	16523	367	66	322	0	17278
19404	454	173	41	16785	0	17453
19405	257	192	16340	451	0	17240
19406	180	147	15356	324	0	16007
19407	15111	139	372	289	0	15911
19408	16871	107	166	255	0	17399
19409	16702	89	126	221	0	17138
19410	16423	64	108	181	0	16776
19411	591	15374	84	171	0	16220
19412	16695	356	53	171	0	17275
19413	16609	170	60	137	0	16976
19414	574	127	15670	128	0	16499
19415	293	120	299	15205	0	15917
19416	16315	107	104	467	0	16993
19417	459	98	15539	285	0	16381
19418	263	65	309	15594	0	16231
19419	189	77	15779	480	0	16525
19420	180	78	340	15493	0	16091
19421	181	15331	174	460	0	16146
19422	15773	273	90	195	0	16331
19423	402	159	14843	174	0	15578
19424	14097	99	248	159	0	14603
19425	395	84	119	14549	0	15147
19426	15731	86	56	397	0	16270
19427	414	66	58	15455	0	15993
19428	17452	90	78	408	0	18028
19429	411	95	16049	242	0	16797
19430	17556	70	239	175	0	18040
19431	349	64	136	18333	0	18882
19432	214	47	80	18751	0	19092
19433	17402	49	53	383	0	17887
19434	272	51	62	17196	0	17581
19435	165	66	17283	346	0	17860
19436	81	51	175	16528	0	16835
19437	16442	37	118	309	0	16906
19438	238	15924	73	191	0	16426
19439	132	16204	56	157	0	16549
19440	16814	241	53	96	0	17204
19441	256	18175	66	124	0	18621
19442	113	138	25	18061	0	18337
19443	18145	102	29	172	0	18448
19444	17735	76	29	105	0	17945
19445	17696	44	19	77	0	17836
19446	242	65	17883	78	0	18268
19447	147	39	122	17761	0	18069
19448	84	18347	93	171	0	18695
19449	57	127	68	18975	0	19227
19450	80	99	18898	168	0	19245
19451	80	18060	200	136	0	18476
19452	1	73	1	18296	0	18371
19453	18439	30	2	76	0	18547
19454	78	17817	14	54	0	17963
19455	47	102	18748	15	0	18912
19456	16	42	119	18339	0	18516
19457	17	28	20087	152	0	20284
19458	5	12	152	19133	0	19302
19459	20115	5	47	171	0	20338
19460	137	3	19	19944	0	20103
19461	20804	2	6	181	0	20993
19462	20687	5	6	62	0	20760
19463	186	20196	22	41	0	20445
19464	21137	147	6	20	0	21310
19465	161	19842	29	28	0	20060
19466	64	180	19543	17	0	19804
19467	46	77	153	18009	0	18285
19468	22	26	46	21717	0	21811
19469	39	37	21050	331	0	21457
19470	15	19968	283	120	0	20386
19471	21815	261	66	76	0	22218
19472	22103	78	47	41	0	22269
19473	327	48	15	21687	0	22077
19474	130	25	17	21607	0	21779
19475	70	26	13	22522	0	22631
19476	22229	25	15	388	0	22657
19477	303	35	21735	151	0	22224
19478	108	35	21746	77	0	21966
19479	55	22	337	22455	0	22869
19480	52	18	23051	321	0	23442
19481	49	32	22689	119	0	22889
19482	25	24	347	21423	0	21819
19483	77	30	23743	300	0	24150
19484	38	22426	317	154	0	22935
19485	37	285	106	23933	0	24361
19486	36	91	25680	321	0	26128
19487	32	63	294	24860	0	25249
19488	29	22778	114	374	0	23295
19489	44	276	83	24614	0	25017
19490	43	80	23501	375	0	23999
19491	41	58	312	21991	0	22402
19492	22826	25	138	393	0	23382
19493	310	62	22795	138	0	23305
19494	20372	34	309	128	0	20843
19495	330	21424	132	85	0	21971
19496	22429	285	102	72	0	22888
19497	352	117	46	22538	0	23053
19498	115	21496	65	372	0	22048
19499	22999	336	72	140	0	23547
19500	393	148	37	22288	0	22866
19501	157	110	22058	502	0	22827
19502	93	21236	457	237	0	22023
19503	52	458	157	22703	0	23370
19504	22098	153	85	560	0	22896
19505	21763	83	76	220	0	22142
19506	630	56	52	22808	0	23546
19507	278	49	22783	535	0	23645
19508	21139	45	500	244	0	21928
19509	559	35	22931	161	0	23686
19510	206	52	540	22348	0	23146
19511	23138	45	198	545	0	23926
19512	523	22167	160	258	0	23108
19513	23331	477	92	165	0	24065
19514	584	196	23111	118	0	24009
19515	22941	106	525	132	0	23704
19516	612	50	233	23332	0	24227
19517	246	63	133	24127	0	24569
19518	175	74	23494	686	0	24429
19519	134	61	489	23268	0	23952
19520	23951	53	205	630	0	24839
19521	548	38	120	24354	0	25060
19522	234	23549	120	615	0	24518
19523	149	487	102	24261	0	24999
19524	122	23419	97	585	0	24223
19525	115	575	23284	246	0	24220
19526	21757	190	523	191	0	22661
19527	535	115	203	24184	0	25037
19528	255	89	22462	571	0	23377
19529	170	21852	524	264	0	22810
19530	121	502	192	22372	0	23187
19531	96	210	139	22629	0	23074
19532	22266	128	86	746	0	23226
19533	530	111	92	22924	0	23657
19534	23495	72	85	696	0	24348
19535	22980	81	89	297	0	23447
19536	649	21888	117	265	0	22919
19537	23023	527	94	164	0	23808
19538	644	190	101	25383	0	26318
19539	330	118	24595	644	0	25687
19540	24280	78	545	294	0	25197
19541	662	68	219	23366	0	24315
19542	304	82	22753	651	0	23790
19543	21386	74	571	307	0	22338
19544	653	58	230	23099	0	24040
19545	303	24222	169	639	0	25333
19546	228	571	97	23744	0	24640
19547	167	23768	141	653	0	24729
19548	23618	620	125	305	0	24668
19549	668	234	22929	240	0	24071
19550	306	22306	570	193	0	23375
19551	199	486	176	22882	0	23743
19552	168	192	22382	601	0	23343
19553	160	161	21049	252	0	21622
19554	115	20942	616	243	0	21916
19555	592	466	231	20557	0	21846
19556	86	167	117	20739	0	21109
19557	74	128	94	27887	0	28183
19558	28524	84	81	1279	0	29968
19559	1188	100	30362	355	0	32005
19560	281	31138	1320	261	0	33000
19561	184	1433	333	30958	0	32908
19562	97	395	222	34647	0	35361
19563	134	243	32514	1907	0	34798
19564	87	107	1527	33396	0	35117
19565	100	110	32759	1923	0	34892
19566	113	93	33641	554	0	34401
19567	123	99	34537	393	0	35152
19568	100	70	1765	30738	0	32673
19569	90	70	522	33937	0	34619
19570	103	69	273	35433	0	35878
19571	33963	58	157	1931	0	36109
19572	1425	33222	125	646	0	35418
19573	35492	1452	122	355	0	37421
19574	35270	343	109	225	0	35947
19575	35772	226	109	198	0	36305
19576	1824	34807	118	187	0	36936
19577	35802	1478	106	171	0	37557
19578	35817	381	104	168	0	36470
19579	1901	236	97	33689	0	35923
19580	605	145	100	35067	0	35917
19581	349	127	112	36709	0	37297
19582	229	141	33535	2166	0	36071
19583	32969	108	1529	706	0	35312
19584	1648	132	398	34491	0	36669
19585	33793	85	300	1819	0	35997
19586	1708	31808	202	603	0	34321
19587	479	1579	215	32555	0	34828
19588	316	379	155	36249	0	37099
19589	34036	251	193	2079	0	36559
19590	1636	136	160	34802	0	36734
19591	34195	137	145	2036	0	36513
19592	34862	117	135	664	0	35778
19593	1904	32868	156	495	0	35423
19594	614	35416	140	369	0	36539
19595	467	1878	102	32671	0	35118
19596	269	33995	162	1581	0	36007
19597	283	1784	117	34413	0	36597
19598	253	520	33902	1925	0	36600
19599	248	358	33039	619	0	34264
19600	31254	196	1543	473	0	33466
19601	33861	124	489	312	0	34786
19602	1748	32183	357	300	0	34588
19603	32676	1462	194	284	0	34616
19604	1625	34950	215	324	0	37114
19605	465	1567	157	36005	0	38194
19606	343	397	230	36948	0	37918
19607	266	319	173	36853	0	37611
19608	187	168	210	37566	0	38131
19609	35741	119	200	2127	0	38187
19610	1456	35036	203	827	0	37522
19611	36222	1393	190	613	0	38418
19612	37192	402	179	432	0	38205
19613	1918	355	34757	372	0	37402
19614	34009	248	1342	382	0	35981
19615	1777	33805	352	348	0	36282
19616	599	1504	289	34745	0	37137
19617	483	493	198	34624	0	35798
19618	359	34047	241	1726	0	36373
19619	35456	1527	268	695	0	37946
19620	1700	503	33823	470	0	36496
19621	33531	316	1460	550	0	35857
19622	1904	253	33718	510	0	36385
19623	694	211	1673	34208	0	36786
19624	581	269	525	35985	0	37360
19625	394	282	481	38211	0	39368
19626	37705	287	298	2318	0	40608
19627	1763	239	36881	1114	0	39997
19628	38357	267	1543	890	0	41057
19629	40456	239	567	750	0	42012
19630	39375	214	521	645	0	40755
19631	39671	184	490	574	0	40919
19632	2176	163	445	38165	0	40949
19633	917	189	36398	1899	0	39403
19634	654	181	1496	36345	0	38676
19635	631	174	35724	2081	0	38610
19636	571	355	35148	819	0	36893
19637	583	34785	1562	697	0	37627
19638	664	1584	436	33030	0	35714
19639	644	603	281	35003	0	36531
19640	667	502	197	32977	0	34343
19641	648	333	215	34946	0	36142
19642	34921	300	217	2031	0	37469
19643	36025	198	169	865	0	37257
19644	2216	198	198	34966	0	37578
19645	906	193	31688	2028	0	34815
19646	575	161	1450	32809	0	34995
19647	473	180	408	34411	0	35472
19648	461	154	31768	2259	0	34642
19649	476	142	1423	32778	0	34819
19650	33285	213	360	2094	0	35952
19651	34113	221	282	832	0	35448
19652	34361	231	149	742	0	35483
19653	2195	257	138	32862	0	35452
19654	33701	186	126	1976	0	35989
19655	34202	211	179	728	0	35320
19656	2242	217	32771	665	0	35895
19657	586	140	24609	314	0	25649
19658	427	147	24961	259	0	25794
19659	20887	52	492	131	0	21562
19660	477	20824	182	122	0	21605
19661	21573	279	61	81	0	21994
19662	287	21907	57	81	0	22332
19663	116	261	39	22756	0	23172
19664	78	62	38	22837	0	23015
19665	66	33	35	23729	0	23863
19666	71	30	22554	374	0	23029
19667	20029	38	283	166	0	20516
19668	325	21	92	22328	0	22766
19669	139	22	20854	333	0	21348
19670	103	56	19598	135	0	19892
19671	19944	23	372	103	0	20442
19672	359	19712	140	961	0	21172
19673	20794	305	62	82	0	21243
19674	21470	94	55	72	0	21691
19675	436	20594	58	77	0	21165
19676	20840	287	50	57	0	21234
19677	394	93	20493	56	0	21036
19678	146	55	19079	32	0	19312
19679	94	50	20020	36	0	20200
19680	54	10	279	19286	0	19629
19681	46	13	20019	232	0	20310
19682	18562	13	241	81	0	18897
19683	19357	9	104	48	0	19518
19684	275	19	19712	30	0	20036
19685	113	22	212	18936	0	19283
19686	19996	10	81	206	0	20293
19687	236	19352	61	89	0	19738
19688	100	18553	38	55	0	18746
19689	19343	241	30	46	0	19660
19690	233	89	18760	40	0	19122
19691	95	40	222	17634	0	17991
19692	54	27	97	18091	0	18269
19693	55	9	62	18463	0	18589
19694	60	17512	68	252	0	17892
19695	58	202	41	18090	0	18391
19696	18648	69	40	246	0	19003
19697	225	40	48	20298	0	20611
19698	116	18891	56	378	0	19441
19699	19880	311	39	159	0	20389
19700	361	113	46	19552	0	20072
19701	166	78	40	20118	0	20402
19702	21299	57	52	473	0	21881
19703	21013	23	55	210	0	21301
19704	612	31	51	21314	0	22008
19705	21189	23	45	640	0	21897
19706	21078	27	56	255	0	21416
19707	761	20449	51	184	0	21445
19708	21150	511	51	107	0	21819
19709	690	20536	70	91	0	21387
19710	308	580	52	21716	0	22656
19711	230	242	21809	579	0	22860
19712	193	142	512	21633	0	22480
19713	134	104	207	22333	0	22778
19714	120	78	138	24306	0	24642
19715	23691	44	101	930	0	24766
19716	692	23169	78	486	0	24425
19717	23947	624	55	297	0	24923
19718	793	23917	80	183	0	24973
19719	25363	757	52	145	0	26317
19720	25427	325	66	158	0	25976
19721	25687	220	71	152	0	26130
19722	25771	127	79	151	0	26128
19723	1124	148	24105	124	0	25501
19724	583	115	688	23746	0	25132
19725	365	105	271	24469	0	25210
19726	259	104	22929	1022	0	24314
19727	21976	100	796	476	0	23348
19728	865	96	285	21927	0	23173
19729	419	110	21186	918	0	22633
19730	322	134	21042	384	0	21882
19731	301	79	952	21485	0	22817
19732	253	109	22448	889	0	23699
19733	236	94	920	21967	0	23217
19734	235	87	385	23075	0	23782
19735	233	72	22301	1111	0	23717
19736	21097	64	832	546	0	22539
19737	922	74	344	22865	0	24205
19738	481	103	22427	923	0	23934
19739	345	101	852	22646	0	23944
19740	22882	89	377	1064	0	24412
19741	959	57	22262	499	0	23777
19742	20847	42	740	335	0	21964
19743	22835	41	304	276	0	23456
19744	991	49	248	22319	0	23607
19745	485	51	179	22797	0	23512
19746	368	69	22006	968	0	23411
19747	284	67	710	22227	0	23288
19748	257	74	318	23260	0	23909
19749	238	69	239	24742	0	25288
19750	222	73	23344	1282	0	24921
19751	22907	65	781	674	0	24427
19752	25716	71	370	465	0	26622
19753	27065	107	277	346	0	27795
19754	27258	77	190	305	0	27830
19755	1324	109	161	26411	0	28005
19756	25675	71	158	984	0	26888
19757	24839	78	196	494	0	25607
19758	23768	107	227	489	0	24591
19759	26461	52	145	415	0	27073
19760	1282	25176	165	382	0	27005
19761	26694	727	156	310	0	27887
19762	25318	344	171	260	0	26093
19763	1416	24260	143	279	0	26098
19764	26203	896	128	271	0	27498
19765	1334	318	145	24947	0	26744
19766	704	224	149	25842	0	26919
19767	24846	118	155	1232	0	26351
19768	1184	23974	175	623	0	25956
19769	602	25094	195	494	0	26385
19770	480	934	154	27597	0	29165
19771	396	397	27465	1043	0	29301
19772	351	272	882	26568	0	28073
19773	415	147	328	28751	0	29641
19774	27357	122	286	1268	0	29033
19775	27703	118	222	639	0	28682
19776	1254	100	204	27519	0	29077
19777	648	114	26873	1123	0	28758
19778	518	124	894	27495	0	29031
19779	28775	97	362	1261	0	30495
19780	1147	128	29253	647	0	31175
19781	559	29912	1189	547	0	32207
19782	31184	1110	433	423	0	33150
19783	1465	386	323	30646	0	32820
19784	673	301	244	31135	0	32353
19785	544	207	195	32673	0	33619
19786	448	134	30145	1931	0	32658
19787	27116	94	1295	966	0	29471
19788	1519	114	29179	668	0	31480
19789	724	29114	1378	498	0	31714
19790	589	1116	499	30310	0	32514
19791	468	395	349	31565	0	32777
19792	380	272	293	32741	0	33686
19793	354	188	30645	2098	0	33285
19794	328	164	29968	1061	0	31521
19795	370	132	30636	743	0	31881
19796	399	30250	1777	518	0	32944
19797	350	1137	620	29327	0	31434
19798	30187	393	365	1318	0	32263
19799	30965	269	242	640	0	32116
19800	1777	160	33425	537	0	35899
19801	824	33775	1295	505	0	36399
19802	473	1253	32271	312	0	34309
19803	322	34121	1352	298	0	36093
19804	32119	1325	372	219	0	34035
19805	32584	414	296	196	0	33490
19806	1462	32227	228	244	0	34161
19807	34857	1276	164	222	0	36519
19808	1532	403	181	35120	0	37236
19809	584	318	166	36430	0	37498
19810	35556	207	140	1577	0	37480
19811	34207	194	176	630	0	35207
19812	34234	183	125	477	0	35019
19813	1723	34163	169	380	0	36435
19814	620	38224	155	303	0	39302
19815	39228	1377	136	258	0	40999
19816	1407	498	39237	232	0	41374
19817	554	690	1109	39046	0	41399
19818	39090	244	348	1234	0	40916
19819	1270	36407	293	462	0	38432
19820	500	39108	214	362	0	40184
19821	40300	1354	166	266	0	42086
19822	1407	536	37977	220	0	40140
19823	37392	365	1093	188	0	39038
19824	1413	324	38425	179	0	40341
19825	594	271	38496	171	0	39532
19826	446	239	1291	38844	0	40820
19827	420	250	43866	1101	0	45637
19828	42704	229	1241	398	0	44572
19829	45848	228	479	329	0	46884
19830	45768	208	366	300	0	46642
19831	45422	215	273	308	0	46218
19832	1651	206	225	43618	0	45700
19833	44626	164	216	1195	0	46201
19834	1484	42012	263	492	0	44251
19835	689	1153	209	42261	0	44312
19836	540	43243	251	1065	0	45099
19837	45771	1244	211	482	0	47708
19838	46607	484	187	408	0	47686
19839	1493	360	221	46015	0	48089
19840	48788	245	251	1289	0	50573
19841	48628	241	272	495	0	49636
19842	1561	267	237	47253	0	49318
19843	792	255	232	47013	0	48292
19844	630	234	233	48594	0	49691
19845	587	272	45076	1567	0	47502
19846	601	238	42445	705	0	43989
19847	490	248	45200	531	0	46469
19848	398	252	1297	43301	0	45248
19849	468	243	45140	1174	0	47025
19850	410	212	1281	43480	0	45383
19851	473	207	46779	1312	0	48771
19852	480	223	43967	558	0	45228
19853	40730	208	1316	491	0	42745
19854	1227	43174	597	451	0	45449
19855	45748	1058	425	425	0	47656
19856	1338	392	397	44780	0	46907
19857	705	292	333	46229	0	47559
19858	554	257	43411	1234	0	45456
19859	450	42033	986	601	0	44070
19860	369	998	380	45429	0	47176
19861	397	427	44246	1136	0	46206
19862	383	42651	928	446	0	44408
19863	378	909	418	45420	0	47125
19864	44169	372	318	1022	0	45881
19865	43562	296	247	489	0	44594
19866	1216	268	252	43716	0	45452
19867	44450	224	264	1074	0	46012
19868	1156	42780	288	500	0	44724
19869	599	945	285	44940	0	46769
19870	538	372	42769	1004	0	44683
19871	422	313	1073	42644	0	44452
19872	452	219	43524	1304	0	45499
19873	41383	200	1216	535	0	43334
19874	1273	188	434	44015	0	45910
19875	596	44141	371	1198	0	46306
19876	536	1424	265	47310	0	49535
19877	479	370	45938	1347	0	48134
19878	449	320	44245	624	0	45638
19879	391	267	43608	398	0	44664
19880	40388	189	1853	303	0	42733
19881	744	41425	376	266	0	42811
19882	325	680	263	43491	0	44759
19883	44024	198	276	753	0	45251
19884	733	42330	253	377	0	43693
19885	49307	703	222	282	0	50514
19886	50089	243	183	249	0	50764
19887	50731	228	207	275	0	51441
19888	52207	174	213	204	0	52798
19889	1017	168	50295	226	0	51706
19890	49487	142	821	217	0	50667
19891	971	128	51554	240	0	52893
19892	42794	176	822	206	0	43998
19893	826	84	305	51973	0	53188
19894	381	117	51636	684	0	52818
19895	380	49590	702	302	0	50974
19896	376	1874	265	49951	0	52466
19897	317	50392	243	604	0	51556
19898	334	51333	209	299	0	52175
19899	50501	543	165	241	0	51450
19900	549	174	48991	127	0	49841
19901	170	46032	336	95	0	46633
19902	49286	280	133	81	0	49780
19903	345	47051	130	81	0	47607
19904	49549	278	72	58	0	49957
19905	367	80	54	49345	0	49846
19906	50677	92	70	315	0	51154
19907	358	61	78	48447	0	48944
19908	49569	77	59	312	0	50017
19909	357	81	58	48862	0	49358
19910	149	49808	105	306	0	50368
19911	141	310	79	52708	0	53238
19912	52463	86	69	346	0	52964
19913	315	49215	113	117	0	49760
19914	124	328	68	48332	0	48852
19915	47618	98	63	325	0	48104
19916	303	137	70	47303	0	47813
19917	154	99	65	46783	0	47101
19918	147	119	48010	387	0	48663
19919	169	128	46509	152	0	46958
19920	135	93	297	46720	0	47245
19921	172	102	48647	356	0	49277
19922	104	93	308	47777	0	48282
19923	147	151	105	44940	0	45343
19924	122	92	82	47740	0	48036
19925	139	111	47285	419	0	47954
19926	133	101	286	43653	0	44173
19927	127	58	95	42897	0	43177
19928	142	44002	111	373	0	44628
19929	105	313	76	48454	0	48948
19930	48720	86	86	443	0	49335
19931	348	94	95	50362	0	50899
19932	140	88	53386	539	0	54153
19933	47658	80	584	277	0	48599
19934	563	53944	283	266	0	55056
19935	252	578	164	56672	0	57666
19936	238	232	54373	748	0	55591
19937	50379	167	665	395	0	51606
19938	690	52603	326	326	0	53945
19939	55378	687	208	276	0	56549
19940	812	234	168	53430	0	54644
19941	53521	194	157	815	0	54687
19942	912	150	53347	379	0	54788
19943	381	51376	697	328	0	52782
19944	275	63826	307	312	0	64720
19945	66760	799	211	228	0	67998
19946	66103	311	156	249	0	66819
19947	937	264	64797	202	0	66200
19948	62070	167	696	212	0	63145
19949	65090	188	276	181	0	65735
19950	64975	126	173	186	0	65460
19951	965	60858	204	229	0	62256
19952	537	63157	150	234	0	64078
19953	65382	799	138	219	0	66538
19954	65577	339	138	204	0	66258
19955	930	64802	144	240	0	66116
19956	450	748	85	67363	0	68646
19957	351	379	65766	783	0	67279
19958	62317	290	652	363	0	63622
19959	66233	241	323	309	0	67106
19960	68980	195	222	237	0	69634
19961	1003	65348	242	290	0	66883
19962	572	775	66604	247	0	68198
19963	67535	305	696	236	0	68772
19964	886	284	279	69783	0	71232
19965	472	219	245	68675	0	69611
19966	391	217	205	71769	0	72582
19967	351	213	71122	1060	0	72746
19968	308	204	722	69361	0	70595
19969	387	171	70738	1028	0	72324
19970	220	67113	642	569	0	68544
19971	69317	525	261	372	0	70475
19972	506	67094	262	264	0	68126
19973	321	68334	152	266	0	69073
19974	70305	652	126	188	0	71271
19975	586	66436	143	224	0	67389
19976	336	658	77	66908	0	67979
19977	286	64625	153	486	0	65550
19978	68533	567	78	247	0	69425
19979	673	66579	136	241	0	67629
19980	447	721	69	71104	0	72341
19981	347	450	68578	815	0	70190
19982	197	292	706	70518	0	71713
19983	225	68825	422	974	0	70446
19984	238	868	225	74533	0	75864
19985	204	434	132	69995	0	70765
19986	237	284	133	67727	0	68381
19987	198	199	135	68309	0	68841
19988	236	166	147	69398	0	69947
19989	204	179	169	69855	0	70407
19990	244	260	66486	1738	0	68728
19991	64124	195	1267	893	0	66479
19992	1399	180	544	77211	0	79334
19993	734	205	75495	1929	0	78363
19994	512	260	75125	949	0	76846
19995	377	182	2248	78369	0	81176
19996	80576	208	1107	2104	0	83995
19997	1914	281	77978	1162	0	81335
19998	76222	265	2140	875	0	79502
19999	2293	279	80657	613	0	83842
20000	1177	290	2393	79222	0	83082
20001	978	244	1092	84531	0	86845
20002	781	302	81275	2688	0	85046
20003	75514	255	2351	1425	0	79545
20004	2262	282	1175	82241	0	85960
20005	1033	229	79138	2449	0	82849
20006	812	236	80006	1325	0	82379
20007	669	261	2748	73743	0	77421
20008	604	77788	1566	1927	0	81885
20009	82221	1783	1005	1109	0	86118
20010	80022	737	855	937	0	82551
20011	2824	553	79452	646	0	83475
20012	1424	377	2360	75952	0	80113
20013	80063	395	1140	2362	0	83960
20014	2596	391	78136	1231	0	82354
20015	77303	200	2345	935	0	80783
20016	2747	75423	1465	874	0	80509
20017	1362	1817	1079	79948	0	84206
20018	1105	771	861	81178	0	83915
20019	81584	515	755	3060	0	85914
20020	2627	392	712	80711	0	84442
20021	1353	463	646	81929	0	84391
20022	1034	379	534	83828	0	85775
20023	81203	275	644	3863	0	85985
20024	2652	263	78033	2185	0	83133
20025	78322	256	2294	1615	0	82487
20026	80336	236	1198	1355	0	83125
20027	83044	271	894	1197	0	85406
20028	3806	310	695	78820	0	83631
20029	2019	306	76982	2743	0	82050
20030	1453	72035	2682	1545	0	77715
20031	1215	73267	1231	1317	0	77030
20032	1020	74901	827	996	0	77744
20033	915	2950	75460	1049	0	80374
20034	701	1734	2735	94653	0	99823
20035	97211	835	1677	4317	0	104040
20036	104262	649	793	2280	0	107984
20037	5461	561	605	106174	0	112801
20038	2689	437	104093	5035	0	112254
20039	1723	379	105859	2548	0	110509
20040	1170	286	5504	108144	0	115104
20041	1140	294	106931	5273	0	113638
20042	1001	253	5203	109543	0	116000
20043	820	338	2634	106608	0	110400
20044	820	98808	1929	6331	0	107888
20045	917	4145	1339	102143	0	108544
20046	858	1692	1106	108178	0	111834
20047	102354	1027	1214	7160	0	111755
20048	4782	643	1113	104719	0	111257
20049	2285	585	964	109007	0	112841
20050	102656	546	1058	7432	0	111692
20051	4935	101502	1058	4825	0	112320
20052	105854	4213	1041	2960	0	114068
20053	5892	1910	100835	2173	0	110810
20054	102610	1174	4847	2233	0	110864
20055	105862	740	2518	2132	0	111252
20056	7192	705	100116	1744	0	109757
20057	3776	649	100464	1931	0	106820
20058	2682	545	6710	98732	0	108669
20059	99169	453	3581	5772	0	108975
20060	5975	610	95478	4225	0	106288
20061	3325	444	5923	98272	0	107964
20062	2304	511	95304	6228	0	104347
20063	1826	474	6369	95182	0	103851
20064	1862	399	3352	100666	0	106279
20065	95832	483	2606	7834	0	106755
20066	97178	510	1929	4817	0	104434
20067	99579	614	1604	3670	0	105467
20068	8117	632	93298	2966	0	105013
20069	4349	533	95436	2979	0	103297
20070	3059	613	6736	93126	0	103534
20071	2591	641	3737	96972	0	103941
20072	2306	652	2582	101943	0	107483
20073	92122	563	2119	8593	0	103397
20074	5922	92890	2032	5017	0	105861
20075	93581	4647	1864	3581	0	103673
20076	93387	2122	1673	2889	0	100071
20077	7744	89377	1819	2705	0	101645
20078	4604	94293	1668	2483	0	103048
20079	92489	5914	1725	2553	0	102681
20080	6077	2750	1546	86956	0	97329
20081	4007	87328	1500	6669	0	99504
20082	3739	4780	1266	90506	0	100291
20083	3252	2542	86326	7206	0	99326
20084	2844	1644	5204	90116	0	99808
20085	88926	1098	3670	7404	0	101098
20086	6066	1048	87244	4744	0	99102
20087	3702	986	87409	3985	0	96082
20088	3087	3257	7098	75832	0	89274
20089	2646	78807	4297	6351	0	92101
20090	2329	81858	2699	4532	0	91418
20091	2314	84730	2116	4172	0	93332
20092	77996	5236	1623	3675	0	88530
20093	78796	2383	1408	3487	0	86074
20094	74370	1334	1348	3434	0	80486
20095	6224	72268	1344	3591	0	83427
20096	75867	3540	1367	3188	0	83962
20097	75894	2132	1313	2843	0	82182
20098	6871	2002	69653	2388	0	80914
20099	4447	66929	4202	2399	0	77977
20100	3387	4073	2829	68957	0	79246
20101	69743	2248	2257	4781	0	79029
20102	5709	1510	66031	3286	0	76536
20103	3610	1026	4687	65303	0	74626
20104	2674	66478	3201	5610	0	77963
20105	2589	3710	2336	67610	0	76245
20106	2678	1984	2119	69720	0	76501
20107	67591	1379	2202	6568	0	77740
20108	68770	1289	2190	4275	0	76524
20109	5887	1232	2113	68838	0	78070
20110	3735	1413	64833	5984	0	75965
20111	3224	1302	66243	4116	0	74885
20112	68636	1322	5139	3335	0	78432
20113	6702	1408	68013	2454	0	78577
20114	4460	1772	5016	60790	0	72038
20115	3634	65249	3398	4478	0	76759
20116	67247	3712	2885	3063	0	76907
20117	5560	66392	2459	3025	0	77436
20118	68905	4273	2065	3171	0	78414
20119	5944	2103	1950	67658	0	77655
20120	3928	1862	1686	71114	0	78590
20121	69004	1842	1611	6056	0	78513
20122	71935	1791	1504	3351	0	78581
20123	7090	1903	1514	68445	0	78952
20124	4595	2020	1395	71049	0	79059
20125	3710	2025	66058	5879	0	77672
20126	2993	1879	66576	3920	0	75368
20127	66496	1790	4882	3202	0	76370
20128	5315	1773	62824	3135	0	73047
20129	64496	1398	4389	3227	0	73510
20130	67333	1099	2781	3039	0	74252
20131	6461	1158	61441	2768	0	71828
20132	4158	56595	4158	2690	0	67601
20133	3396	60074	3013	1935	0	68418
20134	1378	1805	38826	906	0	42915
20135	1456	3972	3042	31114	0	39584
20136	30577	367	1021	1143	0	33108
20137	31001	267	283	647	0	32198
20138	36052	207	282	507	0	37048
20139	42655	170	214	382	0	43421
20140	42197	162	213	387	0	42959
20141	2626	43226	311	333	0	46496
20142	40730	2076	139	141	0	43086
20143	2245	40929	197	135	0	43506
20144	41462	2121	82	63	0	43728
20145	2418	532	40348	56	0	43354
20146	748	221	1875	40577	0	43421
20147	496	198	426	38659	0	39779
20148	352	39347	230	2097	0	42026
20149	40419	2158	149	518	0	43244
20150	41733	590	90	263	0	42676
20151	2657	320	113	38287	0	41377
20152	800	210	143	41193	0	42346
20153	39246	128	121	2644	0	42139
20154	2303	145	103	39872	0	42423
20155	672	180	73	42000	0	42925
20156	39861	155	68	2752	0	42836
20157	2428	142	82	40352	0	43004
20158	39998	84	78	2562	0	42722
20159	41738	84	83	845	0	42750
20160	2826	116	38349	510	0	41801
20161	39482	70	1989	454	0	41995
20162	41500	81	468	367	0	42416
20163	41652	62	241	369	0	42324
20164	2946	135	37953	322	0	41356
20165	1100	117	2021	37286	0	40524
20166	743	99	530	41721	0	43093
20167	594	129	38588	2605	0	41916
20168	38176	83	2126	739	0	41124
20169	2493	102	535	38801	0	41931
20170	931	85	36972	2352	0	40340
20171	657	123	38676	707	0	40163
20172	497	88	2395	38404	0	41384
20173	467	97	38082	2519	0	41165
20174	484	90	2298	38398	0	41270
20175	513	80	640	40667	0	41900
20176	476	135	37232	2855	0	40698
20177	427	146	2187	35712	0	38472
20178	398	35527	719	2331	0	38975
20179	367	38992	472	831	0	40662
20180	37542	2502	409	527	0	40980
20181	38415	637	336	548	0	39936
20182	2607	37864	289	554	0	41314
20183	38476	2264	293	498	0	41531
20184	39956	633	275	424	0	41288
20185	2980	458	220	37618	0	41276
20186	1127	388	192	40124	0	41831
20187	37085	327	197	2855	0	40464
20188	2623	36221	213	1019	0	40076
20189	1070	38161	219	704	0	40154
20190	875	2684	233	37343	0	41135
20191	814	794	36313	2622	0	40543
20192	35692	427	2165	1000	0	39284
20193	37882	327	604	818	0	39631
20194	36572	311	342	643	0	37868
20195	3105	35636	340	518	0	39599
20196	1355	2443	292	34429	0	38519
20197	1047	755	267	38282	0	40351
20198	36384	462	316	3051	0	40213
20199	2947	35906	360	1189	0	40402
20200	1481	2358	254	35970	0	40063
20201	1317	792	253	37926	0	40288
20202	1215	590	270	38935	0	41010
20203	36264	503	267	3416	0	40450
20204	3109	34668	265	2547	0	40589
20205	1489	2584	343	34686	0	39102
20206	1283	36885	379	2707	0	41254
20207	37064	2700	409	1265	0	41438
20208	3188	897	35113	1171	0	40369
20209	35242	578	2316	1184	0	39320
20210	3153	526	34402	1123	0	39204
20211	1407	1396	2452	33560	0	38815
20212	34147	494	756	2776	0	38173
20213	2952	422	31550	1368	0	36292
20214	31634	299	2086	1098	0	35117
20215	33174	223	762	1127	0	35286
20216	33429	195	561	998	0	35183
20217	3152	202	529	31015	0	34898
20218	1470	179	490	33223	0	35362
20219	1292	128	449	34192	0	36061
20220	31087	147	455	3254	0	34943
20221	2702	30366	545	1487	0	35100
20222	31154	1890	499	967	0	34510
20223	33293	584	501	856	0	35234
20224	3248	379	29876	810	0	34313
20225	31374	304	2104	825	0	34607
20226	32962	240	781	848	0	34831
20227	3092	270	713	31367	0	35442
20228	1474	286	651	33010	0	35421
20229	1151	309	536	34012	0	36008
20230	31783	307	645	3066	0	35801
20231	32611	261	650	1366	0	34888
20232	31359	249	590	1058	0	33256
20233	2739	28610	656	997	0	33002
20234	1103	28676	639	894	0	31312
20235	730	29351	522	1090	0	31693
20236	28410	2329	570	1038	0	32347
20237	2318	793	25971	916	0	29998
20238	650	331	21101	599	0	22681
20239	13341	138	669	232	0	14380
20240	798	89	13823	273	0	14983
20241	61	12	157	8339	0	8569
20242	45	8214	55	150	0	8464
20243	8413	151	580	54	0	9198
20244	8375	28	15	24	0	8442
20245	8303	18	6	19	0	8346
20246	163	24	8	9079	0	9274
20247	68	20	9585	118	0	9791
20248	51	30	8947	38	0	9066
20249	9394	9	127	20	0	9550
20250	9859	14	38	24	0	9935
20251	9662	10	25	19	0	9716
20252	166	13	16	9573	0	9768
20253	67	13	8	10074	0	10162
20254	47	23	9816	143	0	10029
20255	9572	11	106	49	0	9738
20256	133	8	37	10230	0	10408
20257	61	12	21	10211	0	10305
20258	36	19	13	10330	0	10398
20259	32	9724	23	156	0	9935
20260	30	115	6	10296	0	10447
20261	39	31	14	10295	0	10379
20262	10257	14	19	146	0	10436
20263	148	31	9806	49	0	10034
20264	9733	13	108	39	0	9893
20265	10314	12	30	38	0	10394
20266	170	12	20	9614	0	9816
20267	58	15	29	9697	0	9799
20268	9710	9	17	155	0	9891
20269	149	12	9324	55	0	9540
20270	63	8928	124	53	0	9168
20271	28	78	32	9272	0	9410
20272	9275	23	23	98	0	9419
20273	109	12	19	8950	0	9090
20274	64	17	9077	104	0	9262
20275	50	28	9093	50	0	9221
20276	9570	3	101	34	0	9708
20277	98	7	37	10046	0	10188
20278	49	7	9958	113	0	10127
20279	9490	6	93	42	0	9631
20280	11291	9	27	26	0	11353
20281	134	10	15	10957	0	11116
20282	57	7	19	10644	0	10727
20283	44	9702	19	115	0	9880
20284	11071	84	5	39	0	11199
20285	105	24	12	10986	0	11127
20286	43	9	11	11083	0	11146
20287	31	16	10780	134	0	10961
20288	10007	15	89	54	0	10165
20289	10913	13	27	34	0	10987
20290	127	10249	28	55	0	10459
20291	43	68	10204	15	0	10330
20292	33	29	10723	13	0	10798
20293	28	11	68	10536	0	10643
20294	11592	10	25	67	0	11694
20295	73	4	13	11432	0	11522
20296	12121	2	13	84	0	12220
20297	12041	2	10	38	0	12091
20298	12340	2	8	20	0	12370
20299	100	10	6	12479	0	12595
20300	30	10	10	12878	0	12928
20301	13427	18	11	84	0	13540
20302	79	21	13273	26	0	13399
20303	12398	9	66	21	0	12494
20304	12820	7	28	25	0	12880
20305	63	6	12719	8	0	12796
20306	8	9	12461	1	0	12479
20307	1	12005	43	15	0	12064
20308	5	24	9	12953	0	12991
20309	10989	47	44	38	0	11118
20310	21	7	1	12866	0	12895
20311	22	5	12386	25	0	12438
20312	6	11554	36	22	0	11618
20313	1	11750	15	17	0	11783
20314	6	35	7	12469	0	12517
20315	2	25	0	12348	0	12375
20316	3	11840	13	44	0	11900
20317	17	36	11876	19	0	11948
20318	11572	18	28	16	0	11634
20319	13184	8	10	5	0	13207
20320	36	12642	14	14	0	12706
20321	13348	23	1	5	0	13377
20322	28	19	2	13056	0	13105
20323	12833	6	2	21	0	12862
20324	32	3	1	12424	0	12460
20325	18	14690	16	40	0	14764
20326	20	51	14798	16	0	14885
20327	10	18	29	15140	0	15197
20328	7	13	16	15121	0	15157
20329	6	3	8	17159	0	17176
20330	17557	3	5	146	0	17711
20331	130	3	1	17493	0	17627
20332	56	19	18347	144	0	18566
20333	23	36	18329	54	0	18442
20334	19109	3	195	31	0	19338
20335	178	19	20242	8	0	20447
20336	20104	3	169	11	0	20287
20337	179	4	55	22322	0	22560
20338	67	3	31	23152	0	23253
20339	37	8	12	25557	0	25614
20340	18	5	17	26107	0	26147
20341	25667	3	21	503	0	26194
20342	394	26	25258	148	0	25826
20343	100	8	384	24937	0	25429
20344	53	25302	125	406	0	25886
20345	25990	377	55	120	0	26542
20346	407	98	28	25434	0	25967
20347	25161	38	26	443	0	25668
20348	458	43	24931	148	0	25580
20349	149	29	390	23610	0	24178
20350	61	24517	150	415	0	25143
20351	25556	388	59	150	0	26153
20352	483	124	24972	104	0	25683
20353	157	49	434	24327	0	24967
20354	94	28	137	25080	0	25339
20355	24867	33	88	574	0	25562
20356	491	46	24314	221	0	25072
20357	185	57	24696	142	0	25080
20358	126	26	542	24566	0	25260
20359	101	20	24832	511	0	25464
20360	90	38	24365	220	0	24713
20361	74	34	578	23736	0	24422
20362	126	41	233	23940	0	24340
20363	101	34	152	25440	0	25727
20364	24990	13	101	664	0	25768
20365	457	24673	142	301	0	25573
20366	25077	410	87	221	0	25795
20367	521	133	92	24376	0	25122
20368	215	24362	107	556	0	25240
20369	135	402	104	25481	0	26122
20370	26673	126	115	589	0	27503
20371	590	27327	139	308	0	28364
20372	228	619	97	28249	0	29193
20373	192	225	27792	807	0	29016
20374	26446	125	696	377	0	27644
20375	725	78	234	27396	0	28433
20376	288	84	163	27871	0	28406
20377	262	93	26975	962	0	28292
20378	193	103	26383	462	0	27141
20379	26057	88	839	321	0	27305
20380	715	25192	372	290	0	26569
20381	299	675	242	26016	0	27232
20382	26343	226	171	841	0	27581
20383	825	169	25364	367	0	26725
20384	314	24601	762	331	0	26008
20385	250	662	318	25505	0	26735
20386	25146	242	236	872	0	26496
20387	25151	143	179	458	0	25931
20388	25404	106	193	348	0	26051
20389	926	24367	227	342	0	25862
20390	429	671	23966	310	0	25376
20391	294	247	738	24831	0	26110
20392	286	190	319	24388	0	25183
20393	248	132	239	25529	0	26148
20394	230	126	226	25960	0	26542
20395	25188	136	226	1186	0	26736
20396	24939	96	237	594	0	25866
20397	1006	134	24046	474	0	25660
20398	502	123	23297	410	0	24332
20399	23224	99	910	405	0	24638
20400	23723	123	428	344	0	24618
20401	1020	126	347	22122	0	23615
20402	528	17719	250	5950	0	24447
20403	22613	620	236	592	0	24061
20404	882	22150	229	509	0	23770
20405	424	22873	227	468	0	23992
20406	353	847	195	23064	0	24459
20407	317	339	195	23857	0	24708
20408	296	232	211	23823	0	24562
20409	309	176	235	24173	0	24893
20410	287	185	21916	1177	0	23565
20411	22084	139	779	584	0	23586
20412	23170	178	354	469	0	24171
20413	1024	182	242	22391	0	23839
20414	492	171	236	23060	0	23959
20415	22872	155	216	1081	0	24324
20416	934	207	21322	551	0	23014
20417	22482	175	715	472	0	23844
20418	22346	171	354	403	0	23274
20419	1050	161	20362	430	0	22003
20420	21387	148	788	407	0	22730
20421	982	141	377	21505	0	23005
20422	458	121	335	21895	0	22809
20423	425	124	222	22139	0	22910
20424	396	108	199	22468	0	23171
20425	19056	132	226	1156	0	20570
20426	881	136	256	19294	0	20567
20427	398	107	216	18058	0	18779
20428	350	16570	175	1048	0	18143
20429	250	16398	138	486	0	17272
20430	211	627	111	16372	0	17321
20431	16083	220	114	799	0	17216
20432	689	151	88	14969	0	15897
20433	277	99	12952	746	0	14074
20434	234	98	12525	325	0	13182
20435	11736	80	610	280	0	12706
20436	652	12039	245	261	0	13197
20437	10916	432	443	196	0	11987
20438	571	156	10652	168	0	11547
20439	653	507	279	7749	0	9188
20440	8221	95	134	321	0	8771
20441	359	7982	106	162	0	8609
20442	7923	244	85	127	0	8379
20443	351	92	9466	110	0	10019
20444	674	67	264	9319	0	10324
20445	88	38	94	9831	0	10051
20446	11907	32	104	336	0	12379
20447	11550	39	76	152	0	11817
20448	11515	45	42	105	0	11707
20449	11402	55	31	83	0	11571
20450	11550	44	31	87	0	11712
20451	391	11134	60	101	0	11686
20452	176	241	44	11908	0	12369
20453	12655	96	29	287	0	13067
20454	332	60	25	12974	0	13391
20455	188	35	27	13071	0	13321
20456	158	30	24	13240	0	13452
20457	116	12167	37	368	0	12688
20458	12724	242	38	195	0	13199
20459	268	84	38	12798	0	13188
20460	12820	54	22	368	0	13264
20461	12768	38	20	194	0	13020
20462	341	12080	25	162	0	12608
20463	12870	232	21	112	0	13235
20464	382	78	12141	71	0	12672
20465	12382	61	246	61	0	12750
20466	332	672	605	11349	0	12958
20467	164	74	13893	187	0	14318
20468	134	13266	248	149	0	13797
20469	156	226	13980	113	0	14475
20470	32	11530	104	44	0	11710
20471	11492	16	10	6	0	11524
20472	12675	11	7	11	0	12704
20473	12733	5	4	5	0	12747
20474	57	12576	22	18	0	12673
20475	13299	49	9	8	0	13365
20476	63	28	12815	12	0	12918
20477	23	24	12250	6	0	12303
20478	14	14	63	11357	0	11448
20479	9	2	16	12510	0	12537
20480	7	12022	19	47	0	12095
20481	12848	39	5	2	0	12894
20482	54	3	0	12750	0	12807
20483	2	13315	25	59	0	13401
20484	3	52	3	15417	0	15475
20485	15399	4	0	67	0	15470
20486	15112	5	6	14	0	15137
20487	64	16	14471	4	0	14555
20488	10	3	51	14489	0	14553
20489	13	7	14683	62	0	14765
20490	7	4	56	14652	0	14719
20491	14	13	15161	67	0	15255
20492	4	4	55	14799	0	14862
20493	14	4	15061	63	0	15142
20494	4	4	57	14622	0	14687
20495	13	13	15779	64	0	15869
20496	8	4	60	15146	0	15218
20497	4	3	5	15941	0	15953
20498	4	16040	35	67	0	16146
20499	2	55	4	17470	0	17531
20500	12	13	16843	66	0	16934
20501	2	8	55	16408	0	16473
20502	4	7	7	17150	0	17168
20503	17408	2	8	68	0	17486
20504	59	4	8	16994	0	17065
20505	7	9	4	16826	0	16846
20506	13	19	16164	69	0	16265
20507	15107	7	64	18	0	15196
20508	60	4	9	16558	0	16631
20509	4	6	9	16535	0	16554
20510	7	8	5	17332	0	17352
20511	17768	3	9	77	0	17857
20512	83	3	5	17534	0	17625
20513	8	2	6	17651	0	17667
20514	17674	2	5	102	0	17783
20515	83	17022	13	36	0	17154
20516	11	77	3	17445	0	17536
20517	8	14	1	17524	0	17547
20518	15	11	16911	89	0	17026
20519	12763	30	124	71	0	12988
20520	79	4	12	17659	0	17754
20521	16	9	17457	105	0	17587
20522	18372	6	75	25	0	18478
20523	89	5	5	19113	0	19212
20524	10	7	8	18925	0	18950
20525	8	6	7	19199	0	19220
20526	16	4	8	19440	0	19468
20527	20	8	19678	105	0	19811
20528	8	8	109	18899	0	19024
20529	10	9	15	24068	0	24102
20530	26	31	27816	421	0	28294
20531	29823	4	574	132	0	30533
20532	31897	3	210	177	0	32287
20533	32426	2	210	74	0	32712
20534	1505	5	88	31574	0	33172
20535	32535	6	54	827	0	33422
20536	32672	4	37	319	0	33032
20537	1332	6	27	31585	0	32950
20538	31285	4	42	990	0	32321
20539	31350	12	25	384	0	31771
20540	31248	11	21	346	0	31626
20541	31847	4	24	210	0	32085
20542	1570	11	19	29886	0	31486
20543	804	27648	32	907	0	29391
20544	570	28793	54	357	0	29774
20545	364	30037	57	325	0	30783
20546	27897	1293	23	189	0	29402
20547	29479	632	27	119	0	30257
20548	1341	490	27628	128	0	29587
20549	30486	259	878	124	0	31747
20550	1416	146	302	30770	0	32634
20551	664	104	256	30770	0	31794
20552	550	71	138	31493	0	32252
20553	29955	50	79	1554	0	31638
20554	1169	38	50	29502	0	30759
20555	544	28021	47	1469	0	30081
20556	466	884	27	29936	0	31313
20557	304	355	28328	1401	0	30388
20558	222	340	877	29106	0	30545
20559	29044	240	335	1379	0	30998
20560	1104	181	27996	582	0	29863
20561	533	103	982	28383	0	30001
20562	482	75	388	28115	0	29060
20563	345	75	333	28998	0	29751
20564	246	28359	217	1522	0	30344
20565	218	985	110	30329	0	31642
20566	29421	338	91	1613	0	31463
20567	28658	287	85	763	0	29793
20568	1493	177	27389	575	0	29634
20569	779	133	27572	404	0	28888
20570	619	106	1258	27090	0	29073
20571	376	84	591	28472	0	29523
20572	273	92	25759	1533	0	27657
20573	274	95	1098	23711	0	25178
20574	255	25001	480	1340	0	27076
20575	26783	1005	356	641	0	28785
20576	27037	385	236	545	0	28203
20577	27401	305	189	436	0	28331
20578	1756	221	25711	326	0	28014
20579	941	138	1048	26568	0	28695
20580	758	125	25881	1237	0	28001
20581	25422	78	1236	603	0	27339
20582	1323	25300	533	551	0	27707
20583	639	967	430	25257	0	27293
20584	24671	383	296	1289	0	26639
20585	1314	361	160	24654	0	26489
20586	628	226	184	28835	0	29873
20587	608	163	26616	1686	0	29073
20588	25759	132	1052	942	0	27885
20589	1368	26462	518	693	0	29041
20590	762	1016	391	28018	0	30187
20591	27665	399	230	1392	0	29686
20592	1483	350	199	27724	0	29756
20593	27659	239	164	1618	0	29680
20594	1534	27228	157	886	0	29805
20595	29436	1064	149	667	0	31316
20596	1823	484	27748	453	0	30508
20597	28765	387	1054	424	0	30630
20598	28831	235	498	404	0	29968
20599	29078	151	451	400	0	30080
20600	2077	187	284	27558	0	30106
20601	1228	206	232	27617	0	29283
20602	961	229	157	28052	0	29399
20603	712	27174	133	1840	0	29859
20604	28251	1171	140	1093	0	30655
20605	1524	502	153	28216	0	30395
20606	868	404	143	29060	0	30475
20607	744	249	195	29714	0	30902
20608	28309	211	183	2023	0	30726
20609	1501	194	171	28816	0	30682
20610	824	188	26737	1909	0	29658
20611	664	27265	1022	1078	0	30029
20612	523	1108	397	28973	0	31001
20613	494	546	369	29424	0	30833
20614	406	486	298	30091	0	31281
20615	419	330	27400	2077	0	30226
20616	451	198	27524	1239	0	29412
20617	381	157	1429	28805	0	30772
20618	429	174	31364	1657	0	33624
20619	404	135	1407	32472	0	34418
20620	31797	131	629	1959	0	34516
20621	32702	155	478	1230	0	34565
20622	32057	145	321	1016	0	33539
20623	1881	221	30109	727	0	32938
20624	30403	209	1144	593	0	32349
20625	1783	213	575	30854	0	33425
20626	941	160	29732	1423	0	32256
20627	786	133	31215	838	0	32972
20628	593	30107	1528	897	0	33125
20629	381	26299	561	465	0	27706
20630	20622	1312	1167	506	0	23607
20631	298	97	58	19717	0	20170
20632	144	63	19549	350	0	20106
20633	99	36	225	19780	0	20140
20634	20963	33	107	326	0	21429
20635	268	36	21834	177	0	22315
20636	21200	29	276	110	0	21615
20637	22444	36	119	104	0	22703
20638	22530	37	70	120	0	22757
20639	364	21514	91	121	0	22090
20640	23702	265	57	112	0	24136
20641	355	101	63	23368	0	23887
20642	184	63	58	23022	0	23327
20643	157	54	50	23565	0	23826
20644	118	31	90	23694	0	23933
20645	22917	12	87	385	0	23401
20646	325	21983	91	202	0	22601
20647	119	20724	65	96	0	21004
20648	96	22190	68	99	0	22453
20649	21807	244	39	89	0	22179
20650	21780	77	43	82	0	21982
20651	21656	61	40	80	0	21837
20652	21564	45	42	68	0	21719
20653	303	30	42	21476	0	21851
20654	114	26	45	21603	0	21788
20655	21783	32	48	309	0	22172
20656	260	20488	81	145	0	20974
20657	21864	215	56	85	0	22220
20658	22141	72	53	67	0	22333
20659	319	53	35	21749	0	22156
20660	139	21497	48	271	0	21955
20661	116	202	41	22597	0	22956
20662	22217	65	43	303	0	22628
20663	293	74	21798	145	0	22310
20664	109	36	166	20915	0	21226
20665	111	20849	84	209	0	21253
20666	21709	155	69	126	0	22059
20667	20047	79	52	97	0	20275
20668	283	85	21094	78	0	21540
20669	170	19821	195	80	0	20266
20670	1016	193	20010	95	0	21314
20671	162	67	150	20006	0	20385
20672	141	64	21318	205	0	21728
20673	137	62	20510	123	0	20832
20674	111	19132	168	94	0	19505
20675	19795	114	60	58	0	20027
20676	19231	64	49	86	0	19430
20677	167	19664	77	112	0	20020
20678	121	19842	75	88	0	20126
20679	132	166	18799	64	0	19161
20680	109	99	18555	70	0	18833
20681	114	82	19858	80	0	20134
20682	93	60	133	19478	0	19764
20683	133	64	20258	132	0	20587
20684	103	78	122	18969	0	19272
20685	130	68	59	18749	0	19006
20686	106	71	17448	153	0	17778
20687	101	16473	146	117	0	16837
20688	106	129	56	17734	0	18025
20689	17729	55	59	144	0	17987
20690	175	71	65	17434	0	17745
20691	128	67	17368	152	0	17715
20692	97	16232	144	129	0	16602
20693	121	17133	89	105	0	17448
20694	94	194	55	17334	0	17677
20695	16298	79	62	165	0	16604
20696	16642	75	49	81	0	16847
20697	211	68	49	16057	0	16385
20698	135	16432	55	190	0	16812
20699	104	170	40	17058	0	17372
20700	127	91	39	17107	0	17364
20701	104	97	54	17128	0	17383
20702	18674	75	59	215	0	19023
20703	280	17447	55	110	0	17892
20704	18349	251	34	101	0	18735
20705	18302	121	30	89	0	18542
20706	18172	58	42	89	0	18361
20707	18426	60	44	82	0	18612
20708	360	69	49	17733	0	18211
20709	175	77	17352	299	0	17903
20710	119	15920	253	599	0	16891
20711	17582	263	105	85	0	18035
20712	17707	120	55	90	0	17972
20713	18424	72	60	68	0	18624
20714	506	89	17669	65	0	18329
20715	17691	77	342	66	0	18176
20716	18416	71	137	72	0	18696
20717	512	69	96	18060	0	18737
20718	175	34	14498	326	0	15033
20719	96	13603	336	119	0	14154
20720	68	302	92	14724	0	15186
20721	14384	97	51	341	0	14873
20722	350	44	28	14302	0	14724
20723	123	37	36	15436	0	15632
20724	17524	32	30	449	0	18035
20725	597	45	16649	151	0	17442
20726	18186	27	504	77	0	18794
20727	16835	23	190	52	0	17100
20728	16972	18	118	46	0	17154
20729	17097	21	53	37	0	17208
20730	836	37	15995	42	0	16910
20731	327	26	520	16103	0	16976
20732	182	42	17237	546	0	18007
20733	91	31	628	16638	0	17388
20734	89	27	15701	701	0	16518
20735	13534	18	605	274	0	14431
20736	545	14069	262	156	0	15032
20737	264	15056	115	94	0	15529
20738	180	718	57	16275	0	17230
20739	126	295	57	17991	0	18469
20740	117	17805	43	900	0	18865
20741	18870	765	51	369	0	20055
20742	22206	309	32	152	0	22699
20743	22487	135	48	81	0	22751
20744	23375	53	65	70	0	23563
20745	1418	37	54	22169	0	23678
20746	596	44	87	25361	0	26088
20747	24917	38	85	1373	0	26413
20748	1199	25	89	25419	0	26732
20749	583	58	23832	1303	0	25776
20750	403	100	24515	501	0	25519
20751	270	63	1353	25180	0	26866
20752	237	76	24467	1228	0	26008
20753	24380	60	1270	576	0	26286
20754	1143	61	547	25147	0	26898
20755	26615	46	371	1261	0	28293
20756	1434	86	25302	590	0	27412
20757	678	58	1166	26248	0	28150
20758	486	118	24592	1305	0	26501
20759	345	25260	1252	631	0	27488
20760	25375	1090	520	414	0	27399
20761	25946	466	330	329	0	27071
20762	1614	25533	226	315	0	27688
20763	26723	1152	202	258	0	28335
20764	1538	493	195	25837	0	28063
20765	790	291	173	27246	0	28500
20766	26153	154	206	1585	0	28098
20767	1427	25058	168	820	0	27473
20768	764	26605	190	516	0	28075
20769	582	1466	148	26362	0	28558
20770	25824	629	197	1396	0	28046
20771	27207	347	179	739	0	28472
20772	27759	264	236	480	0	28739
20773	1953	283	25416	357	0	28009
20774	1024	238	25386	374	0	27022
20775	729	25740	1485	366	0	28320
20776	26300	1215	671	352	0	28538
20777	1649	522	385	25922	0	28478
20778	26457	344	311	1379	0	28491
20779	27241	223	244	776	0	28484
20780	2044	188	296	26256	0	28784
20781	1115	237	24726	1497	0	27575
20782	25652	226	1285	833	0	27996
20783	1730	213	576	25745	0	28264
20784	1054	221	24841	1534	0	27650
20785	25210	183	1329	861	0	27583
20786	26441	155	706	637	0	27939
20787	2019	185	530	25612	0	28346
20788	1110	179	24444	1617	0	27350
20789	781	208	1403	23774	0	26166
20790	691	24944	735	1618	0	27988
20791	877	1245	24192	842	0	27156
20792	763	25732	1392	629	0	28516
20793	25960	1395	706	548	0	28609
20794	26782	619	534	500	0	28435
20795	26999	416	426	490	0	28331
20796	26991	328	450	455	0	28224
20797	2274	302	378	25636	0	28590
20798	25617	319	396	1470	0	27802
20799	1966	297	293	25486	0	28042
20800	24596	270	320	1698	0	26884
20801	1944	23828	284	1034	0	27090
20802	1067	1099	282	21883	0	24331
20803	832	22439	327	1400	0	24998
20804	23214	1300	300	804	0	25618
20805	23605	618	311	676	0	25210
20806	1906	22461	310	526	0	25203
20807	1223	1212	297	23287	0	26019
20808	999	609	22099	1410	0	25117
20809	852	464	1187	23522	0	26025
20810	915	296	22270	1534	0	25015
20811	768	289	1223	19908	0	22188
20812	742	21773	711	1362	0	24588
20813	21844	1096	488	822	0	24250
20814	22517	608	372	661	0	24158
20815	1824	452	360	21758	0	24394
20816	22963	326	341	1348	0	24978
20817	1747	306	324	22967	0	25344
20818	1110	291	308	23530	0	25239
20819	925	275	321	24210	0	25731
20820	23122	309	315	1765	0	25511
20821	23409	272	265	1135	0	25081
20822	23350	308	315	766	0	24739
20823	1906	21397	249	713	0	24265
20824	19894	788	237	506	0	21425
20825	1312	19385	257	480	0	21434
20826	19077	942	213	415	0	20647
20827	1330	476	249	18340	0	20395
20828	916	393	242	19263	0	20814
20829	18910	349	171	1219	0	20649
20830	18988	278	161	706	0	20133
20831	1459	18191	172	560	0	20382
20832	17879	792	143	433	0	19247
20833	1293	366	131	17399	0	19189
20834	840	278	156	18171	0	19445
20835	17734	270	159	1184	0	19347
20836	1203	220	15491	628	0	17542
20837	753	16027	641	492	0	17913
20838	611	570	236	14782	0	16199
20839	469	259	12036	634	0	13398
20840	468	922	412	11771	0	13573
20841	11781	133	231	648	0	12793
20842	489	8795	123	335	0	9742
20843	345	8318	115	266	0	9044
20844	238	8040	110	232	0	8620
20845	1398	852	639	5619	0	8508
20846	5469	84	85	187	0	5825
20847	168	43	30	5451	0	5692
20848	4620	43	20	145	0	4828
20849	4694	18	15	79	0	4806
20850	171	41	39	4519	0	4770
20851	4676	42	31	121	0	4870
20852	148	21	14	4630	0	4813
20853	80	35	4677	147	0	4939
20854	4657	27	87	130	0	4901
20855	55	1	3386	16	0	3458
20856	3149	3	36	15	0	3203
20857	56	5	3698	5	0	3764
20858	24	4	35	3524	0	3587
20859	13	8	14	3721	0	3756
20860	3840	3	3	62	0	3908
20861	47	4	6	3702	0	3759
20862	3847	5	3	47	0	3902
20863	43	2634	13	22	0	2712
20864	2800	44	4	6	0	2854
20865	50	12	4	2727	0	2793
20866	23	3	1	2764	0	2791
20867	11	5	3	2800	0	2819
20868	14	4	1	2787	0	2806
20869	10	4	2633	65	0	2712
20870	17	7	2535	18	0	2577
20871	11	6	45	2653	0	2715
20872	17	7	2651	47	0	2722
20873	7	2512	46	22	0	2587
20874	10	41	13	2704	0	2768
20875	7	19	2641	53	0	2720
20876	9	12	3587	28	0	3636
20877	0	3	2	3051	0	3056
20878	0	1	0	3283	0	3284
20879	0	3870	3	4	0	3877
20880	0	3	0	4386	0	4389
20881	0	3	4616	2	0	4621
20882	5447	1	30	3	0	5481
20883	41	0	2	5901	0	5944
20884	5904	0	3	41	0	5948
20885	5799	1	3	10	0	5813
20886	5737	0	1	2	0	5740
20887	49	3	5761	1	0	5814
20888	10	4	5599	1	0	5614
20889	4923	4	51	6	0	4984
20890	46	1	5370	1	0	5418
20891	9	2	39	5107	0	5157
20892	5	0	8	5341	0	5354
20893	12	7	6249	45	0	6313
20894	6	6107	43	16	0	6172
20895	6270	39	11	5	0	6325
20896	53	6065	9	13	0	6140
20897	22	6187	3	20	0	6232
20898	6396	43	12	3	0	6454
20899	67	14	6238	3	0	6322
20900	28	11	6191	3	0	6233
20901	6	5	72	6055	0	6138
20902	6382	4	26	44	0	6456
20903	57	6946	11	27	0	7041
20904	7218	38	20	12	0	7288
20905	45	19	7391	25	0	7480
20906	16	7927	50	24	0	8017
20907	6	64	24	8859	0	8953
20908	25	38	8683	77	0	8823
20909	23	12	80	8482	0	8597
20910	12	28	32	8299	0	8371
20911	15	21	16	8846	0	8898
20912	25	2	16	9002	0	9045
20913	8886	3	34	108	0	9031
20914	8549	9	18	42	0	8618
20915	116	12	9159	36	0	9323
20916	8521	10	91	9	0	8631
20917	98	8193	29	20	0	8340
20918	8660	78	20	17	0	8775
20919	102	31	8444	12	0	8589
20920	38	26	79	8434	0	8577
20921	30	7	9132	113	0	9282
20922	27	10	9003	37	0	9077
20923	20	8	185	8785	0	8998
20924	27	6	65	9043	0	9141
20925	34	20	8909	201	0	9164
20926	27	8577	153	94	0	8851
20927	49	9794	58	40	0	9941
20928	35	189	48	10001	0	10273
20929	9787	59	29	162	0	10037
20930	156	9557	36	71	0	9820
20931	53	162	9634	50	0	9899
20932	54	60	9598	25	0	9737
20933	34	34	9819	24	0	9911
20934	18	27	226	9321	0	9592
20935	9864	20	86	180	0	10150
20936	166	9533	69	81	0	9849
20937	75	162	9574	60	0	9871
20938	60	9497	169	46	0	9772
20939	32	173	79	9821	0	10105
20940	47	81	9725	165	0	10018
20941	49	9967	157	88	0	10261
20942	60	150	79	10177	0	10466
20943	38	65	72	10500	0	10675
20944	36	74	11096	213	0	11419
20945	34	22	190	10565	0	10811
20946	30	10798	111	207	0	11146
20947	43	172	11020	105	0	11340
20948	10850	53	189	84	0	11176
20949	170	66	84	11844	0	12164
20950	67	52	63	11649	0	11831
20951	70	11672	64	210	0	12016
20952	11989	187	60	103	0	12339
20953	183	80	11397	77	0	11737
20954	11055	51	198	67	0	11371
20955	201	59	79	11500	0	11839
20956	83	11183	77	209	0	11552
20957	75	161	63	11246	0	11545
20958	42	80	51	12593	0	12766
20959	12341	60	76	279	0	12756
20960	12351	54	64	133	0	12602
20961	291	32	67	12441	0	12831
20962	132	42	12068	294	0	12536
20963	11268	43	242	159	0	11712
20964	232	12016	102	114	0	12464
20965	109	242	84	12497	0	12932
20966	81	98	63	13006	0	13248
20967	68	66	62	13106	0	13302
20968	58	74	12533	383	0	13048
20969	57	49	267	12500	0	12873
20970	48	12371	137	322	0	12878
20971	62	235	105	12503	0	12905
20972	44	12607	68	344	0	13063
20973	73	297	55	12977	0	13402
20974	76	122	12503	336	0	13037
20975	11828	97	295	168	0	12388
20976	279	56	124	11861	0	12320
20977	111	59	12001	329	0	12500
20978	71	11813	297	190	0	12371
20979	11585	289	124	142	0	12140
20980	293	113	11058	137	0	11601
20981	10685	83	254	116	0	11138
20982	241	35	93	10027	0	10396
20983	90	33	65	10160	0	10348
20984	72	10017	62	274	0	10425
20985	10334	194	67	120	0	10715
20986	10351	75	26	106	0	10558
20987	265	10408	42	88	0	10803
20988	140	218	36	11466	0	11860
20989	81	115	36	11548	0	11780
20990	54	72	38	11739	0	11903
20991	44	34	11110	349	0	11537
20992	10761	38	219	170	0	11188
20993	217	36	92	10524	0	10869
20994	86	47	72	10712	0	10917
20995	66	56	10172	334	0	10628
20996	53	52	10119	174	0	10398
20997	47	41	267	10998	0	11353
20998	63	45	10717	282	0	11107
20999	10517	25	267	150	0	10959
21000	240	34	121	10887	0	11282
21001	104	33	78	11137	0	11352
21002	84	46	10699	333	0	11162
21003	54	43	213	10144	0	10454
21004	74	57	10135	311	0	10577
21005	51	9535	264	162	0	10012
21006	8915	428	102	120	0	9565
21007	8528	55	50	80	0	8713
21008	214	8549	46	87	0	8896
21009	98	183	34	8708	0	9023
21010	84	92	8572	211	0	8959
21011	61	38	173	8632	0	8904
21012	8583	31	90	236	0	8940
21013	180	8473	64	133	0	8850
21014	8779	164	28	114	0	9085
21015	210	77	43	8228	0	8558
21016	8242	53	36	222	0	8553
21017	230	8115	38	131	0	8514
21018	8397	180	27	117	0	8721
21019	222	67	7949	93	0	8331
21020	93	8478	210	104	0	8885
21021	59	104	65	8271	0	8499
21022	8871	51	51	162	0	9135
21023	8896	40	48	88	0	9072
21024	166	20	31	8794	0	9011
21025	8942	27	27	156	0	9152
21026	8844	26	23	108	0	9001
21027	8160	18	46	82	0	8306
21028	176	22	44	8135	0	8377
21029	97	25	8014	156	0	8292
21030	74	43	7654	92	0	7863
21031	65	32	7804	64	0	7965
21032	7994	29	159	63	0	8245
21033	135	34	68	8049	0	8286
21034	59	7876	58	159	0	8152
21035	71	117	56	7990	0	8234
21036	57	7857	44	171	0	8129
21037	8771	128	27	71	0	8997
21038	135	79	23	9327	0	9564
21039	90	54	36	9401	0	9581
21040	9441	34	31	175	0	9681
21041	147	41	29	8878	0	9095
21042	99	32	33	9046	0	9210
21043	8980	24	33	193	0	9230
21044	160	24	8607	125	0	8916
21045	82	42	118	8714	0	8956
21046	81	35	8706	166	0	8988
21047	8557	23	138	110	0	8828
21048	163	23	67	8997	0	9250
21049	8649	25	48	153	0	8875
21050	152	23	31	8826	0	9032
21051	96	6	9207	165	0	9474
21052	72	21	124	9427	0	9644
21053	9438	11	63	204	0	9716
21054	146	9042	70	108	0	9366
21055	89	129	9286	67	0	9571
21056	8739	40	162	67	0	9008
21057	176	9095	76	71	0	9418
21058	42	8598	30	45	0	8715
21059	40	10882	24	43	0	10989
21060	37	133	23	12721	0	12914
21061	13271	34	23	245	0	13573
21062	13990	24	30	48	0	14092
21063	354	38	13297	44	0	13733
21064	13546	30	288	34	0	13898
21065	349	12985	69	42	0	13445
21066	85	266	37	13338	0	13726
21067	13984	43	25	302	0	14354
21068	14158	53	27	75	0	14313
21069	14183	32	16	61	0	14292
21070	13981	28	35	43	0	14087
21071	14196	29	33	55	0	14313
21072	441	28	31	13940	0	14440
21073	173	48	14430	319	0	14970
21074	139	37	267	14568	0	15011
21075	142	47	48	15155	0	15392
21076	15261	36	46	363	0	15706
21077	430	14100	43	134	0	14707
21078	14886	297	31	98	0	15312
21079	14835	49	43	94	0	15021
21080	14517	57	47	84	0	14705
21081	15715	32	55	97	0	15899
21082	499	55	14520	115	0	15189
21083	14637	38	306	110	0	15091
21084	15299	43	67	79	0	15488
21085	14403	51	69	76	0	14599
21086	15220	46	41	64	0	15371
21087	574	34	38	14442	0	15088
21088	264	38	13005	331	0	13638
21089	13352	7	289	85	0	13733
21090	474	13193	84	93	0	13844
21091	218	283	78	13849	0	14428
21092	214	13707	58	319	0	14298
21093	185	317	45	14387	0	14934
21094	14441	77	34	369	0	14921
21095	14546	68	32	112	0	14758
21096	14630	36	40	96	0	14802
21097	524	63	12912	74	0	13573
21098	13391	53	305	73	0	13822
21099	501	62	12958	67	0	13588
21100	228	61	12735	83	0	13107
21101	223	60	13191	74	0	13548
21102	211	41	370	12675	0	13297
21103	195	38	109	13514	0	13856
21104	196	28	110	13403	0	13737
21105	182	46	97	13440	0	13765
21106	182	46	104	13195	0	13527
21107	159	57	97	13146	0	13459
21108	136	12885	103	423	0	13547
21109	13076	312	90	177	0	13655
21110	381	13122	87	163	0	13753
21111	176	347	56	13437	0	14016
21112	161	96	58	13754	0	14069
21113	13386	75	46	487	0	13994
21114	417	12972	67	246	0	13702
21115	13471	346	72	184	0	14073
21116	468	104	90	13322	0	13984
21117	212	111	87	13439	0	13849
21118	204	103	73	13668	0	14048
21119	175	102	13026	513	0	13816
21120	206	78	324	12801	0	13409
21121	204	106	12440	512	0	13262
21122	230	79	13469	252	0	14030
21123	263	83	13956	224	0	14526
21124	262	69	490	13557	0	14378
21125	234	84	167	14365	0	14850
21126	223	74	159	15072	0	15528
21127	14667	66	152	731	0	15616
21128	606	63	139	15960	0	16768
21129	15631	74	162	766	0	16633
21130	707	15615	159	340	0	16821
21131	16846	533	116	297	0	17792
21132	17241	130	103	269	0	17743
21133	749	16873	96	304	0	18022
21134	17305	546	75	278	0	18204
21135	17287	161	88	281	0	17817
21136	17507	123	97	245	0	17972
21137	17404	111	97	202	0	17814
21138	962	116	15556	155	0	16789
21139	485	15474	569	180	0	16708
21140	420	556	174	16185	0	17335
21141	16389	152	159	673	0	17373
21142	833	128	15633	270	0	16864
21143	399	15626	560	258	0	16843
21144	374	576	176	14847	0	15973
21145	361	15272	149	635	0	16417
21146	342	632	135	15518	0	16627
21147	304	220	109	16070	0	16703
21148	349	191	15350	742	0	16632
21149	328	143	15073	306	0	15850
21150	14004	153	665	246	0	15068
21151	772	140	14521	221	0	15654
21152	342	139	14297	172	0	14950
21153	315	118	674	13841	0	14948
21154	282	125	254	14334	0	14995
21155	232	14202	259	682	0	15375
21156	225	14898	217	328	0	15668
21157	221	636	15129	304	0	16290
21158	210	646	648	15030	0	16534
21159	162	150	13566	622	0	14500
21160	107	96	11603	170	0	11976
21161	57	10969	500	137	0	11663
21162	32	338	140	10603	0	11113
21163	11254	104	106	354	0	11818
21164	326	61	82	11302	0	11771
21165	11362	44	79	394	0	11879
21166	11478	44	86	129	0	11737
21167	11831	42	72	102	0	12047
21168	459	40	11154	84	0	11737
21169	12129	35	344	73	0	12581
21170	404	27	114	12440	0	12985
21171	12519	28	78	376	0	13001
21172	12592	31	65	131	0	12819
21173	430	11124	68	108	0	11730
21174	11719	330	60	70	0	12179
21175	436	98	11440	76	0	12050
21176	11100	64	314	60	0	11538
21177	11504	49	102	51	0	11706
21178	412	11693	88	42	0	12235
21179	12210	325	51	29	0	12615
21180	400	101	46	11797	0	12344
21181	175	64	37	11283	0	11559
21182	137	11386	52	349	0	11924
21183	113	307	39	11726	0	12185
21184	111	97	38	12234	0	12480
21185	94	79	11774	409	0	12356
21186	101	68	11575	144	0	11888
21187	11199	48	375	122	0	11744
21188	12015	38	130	88	0	12271
21189	423	37	93	11866	0	12419
21190	210	44	12383	350	0	12987
21191	126	11519	350	144	0	12139
21192	120	311	132	12008	0	12571
21193	109	101	11707	387	0	12304
21194	11154	73	342	167	0	11736
21195	380	60	136	11783	0	12359
21196	162	11553	114	357	0	12186
21197	145	313	78	12203	0	12739
21198	112	119	78	12253	0	12562
21199	102	106	76	12507	0	12791
21200	12235	67	79	487	0	12868
21201	408	70	59	12170	0	12707
21202	12026	68	72	461	0	12627
21203	12069	54	88	182	0	12393
21204	487	64	11659	153	0	12363
21205	233	11503	333	149	0	12218
21206	207	347	138	10572	0	11264
21207	122	12129	118	318	0	12687
21208	12370	398	90	139	0	12997
21209	417	148	84	12316	0	12965
21210	208	101	12026	420	0	12755
21211	154	84	11878	173	0	12289
21212	160	82	11927	147	0	12316
21213	11630	57	452	151	0	12290
21214	413	11828	187	123	0	12551
21215	11954	360	119	119	0	12552
21216	431	12016	112	125	0	12684
21217	216	391	109	11806	0	12522
21218	179	126	104	11643	0	12052
21219	172	11857	72	432	0	12533
21220	163	390	11522	179	0	12254
21221	115	11780	389	165	0	12449
21222	9255	269	109	108	0	9741
21223	274	113	67	9400	0	9854
21224	129	82	9897	290	0	10398
21225	133	96	10482	117	0	10828
21226	91	34	225	9956	0	10306
21227	91	42	10097	224	0	10454
21228	60	44	9267	86	0	9457
21229	9022	39	217	66	0	9344
21230	180	9572	99	78	0	9929
21231	9316	144	64	51	0	9575
21232	207	86	10599	64	0	10956
21233	95	10136	291	60	0	10582
21234	63	11358	112	63	0	11596
21235	59	336	80	11165	0	11640
21236	49	132	64	11862	0	12107
21237	74	80	29	12314	0	12497
21238	61	48	11600	469	0	12178
21239	48	58	321	11859	0	12286
21240	61	34	125	12288	0	12508
21241	11952	42	58	460	0	12512
21242	333	11645	60	219	0	12257
21243	138	306	52	11884	0	12380
21244	11710	119	40	390	0	12259
21245	11966	71	45	161	0	12243
21246	438	66	48	11859	0	12411
21247	166	49	11543	384	0	12142
21248	75	67	337	12458	0	12937
21249	73	39	12139	408	0	12659
21250	12828	62	377	181	0	13448
21251	13118	42	162	119	0	13441
21252	458	38	98	13886	0	14480
21253	186	55	13320	510	0	14071
21254	104	13871	477	222	0	14674
21255	99	551	14081	101	0	14832
21256	94	196	555	12788	0	13633
21257	73	13854	188	444	0	14559
21258	13111	514	70	129	0	13824
21259	511	143	53	12301	0	13008
21260	138	12853	45	477	0	13513
21261	13059	510	59	168	0	13796
21262	512	154	53	12701	0	13420
21263	136	12214	70	555	0	12975
21264	84	528	65	12714	0	13391
21265	78	182	12169	586	0	13015
21266	12047	89	496	237	0	12869
21267	12331	71	150	140	0	12692
21268	626	92	11398	141	0	12257
21269	189	10944	519	151	0	11803
21270	11197	506	143	121	0	11967
21271	527	169	80	11120	0	11896
21272	176	83	89	11593	0	11941
21273	121	80	74	11651	0	11926
21274	116	77	67	11576	0	11836
21275	118	65	58	11694	0	11935
21276	10984	62	72	728	0	11846
21277	11418	71	68	297	0	11854
21278	623	63	94	10600	0	11380
21279	223	51	108	11107	0	11489
21280	154	70	10341	727	0	11292
21281	125	57	10569	269	0	11020
21282	10218	51	614	184	0	11067
21283	567	93	183	10393	0	11236
21284	216	73	9672	596	0	10557
21285	149	61	532	10118	0	10860
21286	9826	93	178	642	0	10739
21287	11445	68	127	268	0	11908
21288	611	88	114	10912	0	11725
21289	233	90	101	11599	0	12023
21290	10603	53	86	725	0	11467
21291	604	71	91	10227	0	10993
21292	236	10266	76	616	0	11194
21293	167	518	78	10551	0	11314
21294	130	178	97	11085	0	11490
21295	145	139	10931	745	0	11960
21296	163	98	11171	304	0	11736
21297	117	11556	570	270	0	12513
21298	11615	558	176	200	0	12549
21299	11701	172	116	196	0	12185
21300	12068	104	111	186	0	12469
21301	686	11997	85	215	0	12983
21302	290	12692	94	225	0	13301
21303	12152	656	90	215	0	13113
21304	566	12992	117	253	0	13928
21305	259	575	12815	230	0	13879
21306	187	14242	567	233	0	15229
21307	187	545	14022	238	0	14992
21308	13765	208	559	220	0	14752
21309	14620	115	212	249	0	15196
21310	689	14544	153	219	0	15605
21311	15291	552	106	217	0	16166
21312	15455	196	115	198	0	15964
21313	15541	112	110	239	0	16002
21314	751	109	128	14937	0	15925
21315	15335	102	120	686	0	16243
21316	712	125	14022	300	0	15159
21317	14857	92	543	254	0	15746
21318	686	134	189	14979	0	15988
21319	350	93	14445	651	0	15539
21320	245	126	14824	333	0	15528
21321	239	115	612	14928	0	15894
21322	199	115	227	15799	0	16340
21323	15596	128	129	788	0	16641
21324	649	100	107	14956	0	15812
21325	260	89	13851	717	0	14917
21326	174	100	540	13673	0	14487
21327	198	14643	198	624	0	15663
21328	15306	517	120	301	0	16244
21329	655	175	128	15081	0	16039
21330	246	115	14010	609	0	14980
21331	203	14020	526	244	0	14993
21332	12295	358	109	151	0	12913
21333	424	101	89	13417	0	14031
21334	169	54	14110	413	0	14746
21335	122	13656	369	173	0	14320
21336	13912	284	97	125	0	14418
21337	13947	78	72	110	0	14207
21338	13812	44	64	113	0	14033
21339	420	46	53	13453	0	13972
21340	155	31	56	13875	0	14117
21341	13987	43	58	407	0	14495
21342	352	13015	65	194	0	13626
21343	14840	309	39	140	0	15328
21344	384	89	52	14591	0	15116
21345	14858	50	58	402	0	15368
21346	348	64	61	14711	0	15184
21347	167	49	63	15061	0	15340
21348	114	64	50	14703	0	14931
21349	123	61	50	14628	0	14862
21350	87	45	13021	418	0	13571
21351	100	67	12246	138	0	12551
21352	10840	34	168	68	0	11110
21353	192	27	14084	59	0	14362
21354	20	13	11946	6	0	11985
21355	11760	7	45	4	0	11816
21356	12759	7	14	2	0	12782
21357	42	8	8	17404	0	17462
21358	17963	3	9	23	0	17998
21359	38	17917	26	28	0	18009
21360	19310	22	8	15	0	19355
21361	18924	13	1	18	0	18956
21362	19447	7	3	4	0	19461
21363	41	15	5	19392	0	19453
21364	28	18734	21	39	0	18822
21365	16	19243	17	30	0	19306
21366	20326	33	4	5	0	20368
21367	20079	12	5	22	0	20118
21368	37	9	4	20372	0	20422
21369	17	9	5	20415	0	20446
21370	12	19854	12	52	0	19930
21371	20864	21	13	15	0	20913
21372	37	18	20530	11	0	20596
21373	21	11	34	19448	0	19514
21374	10	14	22	20112	0	20158
21375	25	14	21846	39	0	21924
21376	21	5	33	20294	0	20353
21377	8	18746	90	54	0	18898
21378	9	25	3	22392	0	22429
21379	16	17	4	21860	0	21897
21380	11	20468	19	57	0	20555
21381	20	21221	12	30	0	21283
21382	12	37	2	22307	0	22358
21383	22384	11	5	35	0	22435
21384	30	13	1	21736	0	21780
21385	15	16	5	21866	0	21902
21386	10	22655	35	55	0	22755
21387	19	26	4	23647	0	23696
21388	12	13	3	22960	0	22988
21389	9	5	3	23218	0	23235
21390	23725	9	2	49	0	23785
21391	33	12	3	23198	0	23246
21392	22	5	5	22898	0	22930
21393	4	4	7	23329	0	23344
21394	20	15	22508	47	0	22590
21395	19203	8	36	41	0	19288
21396	28	20531	46	24	0	20629
21397	21913	1	1	1	0	21916
21398	0	8	1	21581	0	21590
21399	8	9	21029	1	0	21047
21400	18831	2	11	15	0	18859
21401	10	28	25751	6	0	25795
21402	2	13	6	26714	0	26735
21403	29798	0	4	3	0	29805
21404	28300	1	3	5	0	28309
21405	30129	3	4	3	0	30139
21406	0	7	2	29995	0	30004
21407	2	8	2	30497	0	30509
21408	0	5	1	31001	0	31007
21409	2	29027	21	21	0	29071
21410	1	29268	9	27	0	29305
21411	0	29438	8	16	0	29462
21412	1	29063	19	10	0	29093
21413	0	11	0	30354	0	30365
21414	0	9	0	30208	0	30217
21415	30867	0	0	14	0	30881
21416	29446	9	9	11	0	29475
21417	30063	2	6	5	0	30076
21418	14	10	2	30984	0	31010
21419	8	7	1	31651	0	31667
21420	31820	0	2	14	0	31836
21421	29745	2	22	14	0	29783
21422	25	28	29761	14	0	29828
21423	25	78	26707	21	0	26831
21424	16	66	28831	7	0	28920
21425	24	20	31378	4	0	31426
21426	6	9	23	30310	0	30348
21427	32038	0	7	10	0	32055
21428	9	30263	41	42	0	30355
21429	3	15	3	33956	0	33977
21430	20	26	32939	20	0	33005
21431	2	31497	75	48	0	31622
21432	1	11	3	34634	0	34649
21433	15	27	33976	14	0	34032
21434	0	9	18	31978	0	32005
21435	1	11	5	33043	0	33060
21436	34142	0	4	20	0	34166
21437	8	4	2	33688	0	33702
21438	20	5	34073	21	0	34119
21439	1	4	8	33383	0	33396
21440	4	33818	33	1352	0	35207
21441	2	11	3	37599	0	37615
21442	2	10	1	36992	0	37005
21443	0	7	1	36207	0	36215
21444	36991	2	1	19	0	37013
21445	35993	3	5	21	0	36022
21446	39466	2	5	18	0	39491
21447	38827	2	5	14	0	38848
21448	31	35	38126	3	0	38195
21449	36908	7	20	7	0	36942
21450	38974	4	16	8	0	39002
21451	37	31	39392	8	0	39468
21452	20	32	42345	9	0	42406
21453	11	10	26	41525	0	41572
21454	8	40930	57	38	0	41033
21455	46210	19	7	15	0	46251
21456	50074	5	6	10	0	50095
21457	47940	4	9	8	0	47961
21458	29	5	2	46931	0	46967
21459	10	45158	61	38	0	45267
21460	49934	19	5	10	0	49968
21461	48800	6	7	7	0	48820
21462	25	12	8	47851	0	47896
21463	23	25	47049	32	0	47129
21464	46379	2	33	18	0	46432
21465	22	9	16	49182	0	49229
21466	50435	3	8	30	0	50476
21467	26	8	7	51224	0	51265
21468	38	35	50187	34	0	50294
21469	52751	3	27	24	0	52805
21470	32	6	11	57194	0	57243
21471	9	13	6	57863	0	57891
21472	6	10	4	59106	0	59126
21473	7	10	1	58933	0	58951
21474	60234	1	5	39	0	60279
21475	27	3	7	57944	0	57981
21476	554	53918	52	562	0	55086
21477	7	24	2	58546	0	58579
21478	10	57344	40	56	0	57450
21479	8	29	2	62296	0	62335
21480	10	11	2	61619	0	61642
21481	7	59025	32	68	0	59132
21482	9	35	5	62422	0	62471
21483	10	17	4	61153	0	61184
21484	62182	5	22	63	0	62272
21485	65	47	61690	21	0	61823
21486	14	9	50	60296	0	60369
21487	62566	8	11	66	0	62651
21488	60222	5	19	35	0	60281
21489	61511	18	16	33	0	61578
21490	173	39	61824	23	0	62059
21491	58	79	61215	19	0	61371
21492	48	106	265	60509	0	60928
21493	65750	6	42	165	0	65963
21494	181	47	63696	36	0	63960
21495	60166	18	163	48	0	60395
21496	154	62115	125	61	0	62455
21497	46	143	28	68278	0	68495
21498	31	35	14	68594	0	68674
21499	69595	22	14	181	0	69812
21500	168	15	1466	66819	0	68468
21501	63567	6	12	198	0	63783
21502	63163	10	25	54	0	63252
21503	178	10	19	61885	0	62092
21504	57	16	13	62497	0	62583
21505	62211	4	17	188	0	62420
21506	200	30	61429	57	0	61716
21507	57582	12	155	60	0	57809
21508	216	27	63000	29	0	63272
21509	59783	13	166	45	0	60007
21510	66862	8	30	45	0	66945
21511	66055	7	35	62	0	66159
21512	66648	5	22	38	0	66713
21513	219	64582	80	66	0	64947
21514	71268	135	21	34	0	71458
21515	71281	17	26	55	0	71379
21516	196	72915	78	102	0	73291
21517	76989	145	26	37	0	77197
21518	258	65	73567	31	0	73921
21519	70830	39	188	49	0	71106
21520	283	903	73917	39	0	75142
21521	107	27	210	72506	0	72850
21522	96	28	59	75782	0	75965
21523	122	39	75187	257	0	75605
21524	76	38	223	71651	0	71988
21525	141	251	218	65547	0	66157
21526	79562	21	39	460	0	80082
21527	473	26	25	78456	0	78980
21528	163	39	29	76853	0	77084
21529	115	23	37	77335	0	77510
21530	93	72283	103	1426	0	73905
21531	95	435	41	77794	0	78365
21532	79309	97	46	589	0	80041
21533	605	79	76621	246	0	77551
21534	235	47	492	77350	0	78124
21535	192	65	77874	654	0	78785
21536	74071	41	580	273	0	74965
21537	738	37	193	81885	0	82853
21538	367	107	102542	915	0	103931
21539	200	63	2011	101296	0	103570
21540	206	39	1139	101445	0	102829
21541	165	98804	919	3169	0	103057
21542	154	1984	556	105968	0	108662
21543	162	1100	200	113674	0	115136
21544	224	815	110191	4435	0	115665
21545	208	508	2563	110324	0	113603
21546	139	174	1371	113291	0	114975
21547	108908	113	920	4725	0	114666
21548	107191	120	679	2667	0	110657
21549	3809	107033	423	1898	0	113163
21550	111404	2663	309	1342	0	115718
21551	109628	1409	397	1006	0	112440
21552	4577	106092	426	1027	0	112122
21553	2526	3224	315	108919	0	114984
21554	109876	1593	226	3633	0	115328
21555	107095	1013	351	2202	0	110661
21556	103561	812	293	1610	0	106276
21557	5257	97460	399	1455	0	104571
21558	3478	2951	98691	896	0	106016
21559	103267	1616	2798	856	0	108537
21560	107004	1294	1439	935	0	110672
21561	5239	103852	1060	1014	0	111165
21562	108963	3588	694	845	0	114090
21563	111466	1837	425	788	0	114516
21564	6174	1315	353	106851	0	114693
21565	3552	1078	106636	3915	0	115181
21566	2615	647	3428	110288	0	116978
21567	2108	518	1766	113185	0	117577
21568	1610	609	1121	117222	0	120562
21569	1487	774	107479	6443	0	116183
21570	1385	664	3633	107790	0	113472
21571	1421	480	1795	111468	0	115164
21572	1280	438	1231	113170	0	116119
21573	1244	482	970	113197	0	115893
21574	1161	446	576	114215	0	116398
21575	1103	107109	607	7691	0	116510
21576	1002	3659	644	114721	0	120026
21577	832	1767	730	120591	0	123920
21578	855	1277	109573	7692	0	119397
21579	914	819	4000	121848	0	127581
21580	938	575	1896	125218	0	128627
21581	947	509	1308	132090	0	134854
21582	964	572	1089	138380	0	141005
21583	127903	594	794	10875	0	140166
21584	5978	640	623	132845	0	140086
21585	2933	689	523	136839	0	140984
21586	2302	913	120287	10295	0	133797
21587	1768	115558	5036	6221	0	128583
21588	1104	127608	2606	4854	0	136172
21589	123203	6880	1982	3831	0	135896
21590	5496	126139	1545	3581	0	136761
21591	2933	6688	730	127243	0	137594
21592	125188	3235	703	8381	0	137507
21593	6745	2144	120579	5237	0	134705
21594	3288	1687	5447	123980	0	134402
21595	2459	123641	2725	8325	0	137150
21596	1973	6050	1739	124628	0	134390
21597	1417	127087	1364	9030	0	138898
21598	1466	7150	818	132902	0	142336
21599	128709	3789	791	9375	0	142664
21600	7097	2558	128723	5692	0	144070
21601	3808	1986	6250	125762	0	137806
21602	2726	131193	3201	8697	0	145817
21603	134945	7049	2135	5367	0	149496
21604	7714	3605	129902	4574	0	145795
21605	4000	2550	6588	134102	0	147240
21606	3158	2212	128491	9340	0	143201
21607	2741	1570	7670	133362	0	145343
21608	2112	1533	125622	10355	0	139622
21609	1560	1484	8157	127134	0	138335
21610	1575	1365	4315	133700	0	140955
21611	124278	1464	2737	11883	0	140362
21612	128807	1405	2125	6867	0	139204
21613	9869	1500	1534	121244	0	134147
21614	5098	118760	1526	9628	0	135012
21615	3561	7142	1249	125951	0	137903
21616	2514	3360	1491	128478	0	135843
21617	116202	2110	1654	12920	0	132886
21618	7324	117422	1623	7819	0	134188
21619	118467	7396	1326	6139	0	133328
21620	118252	3897	1350	5087	0	128586
21621	9956	111795	1404	4871	0	128026
21622	5132	121267	1101	5134	0	132634
21623	117529	9177	1883	5192	0	133781
21624	9057	4403	109197	5171	0	127828
21625	113599	3122	6783	4900	0	128404
21626	115947	2520	3207	4631	0	126305
21627	10882	109333	2485	4447	0	127147
21628	6199	7519	2055	97737	0	113510
21629	4385	110520	1816	9754	0	126475
21630	110204	8791	1898	6078	0	126971
21631	114498	4960	1906	5209	0	126573
21632	10374	3698	1799	106217	0	122088
21633	6105	3191	1583	116156	0	127035
21634	103552	2886	1318	11816	0	119572
21635	9233	104126	1300	7418	0	122077
21636	5417	103836	1404	5854	0	116511
21637	4290	104242	1530	4928	0	114990
21638	2513	79441	1136	3518	0	86608
21639	2381	83698	1126	3641	0	90846
21640	2859	7992	1052	81047	0	92950
21641	2154	4100	72352	7642	0	86248
21642	2454	78295	4448	4293	0	89490
21643	71370	5971	1828	2780	0	81949
21644	6220	3075	1346	70425	0	81066
21645	69743	2504	1317	6104	0	79668
21646	5849	70191	1367	3632	0	81039
21647	69715	5186	1693	2829	0	79423
21648	5907	69034	1627	2708	0	79276
21649	3400	5419	1564	69980	0	80363
21650	70098	2613	1492	6149	0	80352
21651	72770	2115	1609	3682	0	80176
21652	6354	1986	1448	70756	0	80544
21653	3479	2042	1243	72329	0	79093
21654	2917	67316	1183	7325	0	78741
21655	2829	5126	977	71190	0	80122
21656	2550	2764	789	73292	0	79395
21657	3149	2119	684	72936	0	78888
21658	2763	65554	1117	7775	0	77209
21659	60143	4728	656	4320	0	69847
21660	4972	62769	584	3288	0	71613
21661	62140	5483	616	2752	0	70991
21662	5658	62024	1097	2549	0	71328
21663	3563	5244	57157	2724	0	68688
21664	2995	3216	4570	59970	0	70751
21665	2922	2558	56413	5295	0	67188
21666	2814	2307	57196	2560	0	64877
21667	2777	2042	4695	56991	0	66505
21668	2677	2112	56253	5239	0	66281
21669	3115	1829	4363	55380	0	64687
21670	3097	1776	2372	57417	0	64662
21671	2632	1553	1603	59920	0	65708
21672	55445	2195	1327	6477	0	65444
21673	5384	1765	891	57202	0	65242
21674	3059	1798	793	59048	0	64698
21675	51481	1548	552	6811	0	60392
21676	5487	50424	517	3934	0	60362
21677	3460	45389	368	2928	0	52145
21678	3054	47029	350	2540	0	52973
21679	1691	3850	215	38101	0	43857
21680	1669	2388	35472	4019	0	43548
21681	27363	1759	2610	1775	0	33507
21682	2190	27131	1007	1004	0	31332
21683	28180	2057	398	789	0	31424
21684	29343	1262	310	656	0	31571
21685	29411	1441	304	513	0	31669
21686	2639	1114	27198	780	0	31731
21687	1534	1329	1420	27893	0	32176
21688	1649	853	706	29472	0	32680
21689	1659	673	475	29696	0	32503
21690	1141	669	491	29339	0	31640
21691	1093	27865	325	2712	0	31995
21692	28084	1753	310	1397	0	31544
21693	1877	969	24515	908	0	28269
21694	23960	586	1131	872	0	26549
21695	1792	995	402	22728	0	25917
21696	1039	21872	218	1729	0	24858
21697	715	22781	154	1051	0	24701
21698	543	1358	114	20940	0	22955
21699	535	20407	126	1411	0	22479
21700	15524	612	107	316	0	16559
21701	656	309	14981	240	0	16186
21702	193	152	260	12793	0	13398
21703	181	83	143	13174	0	13581
21704	174	103	75	13403	0	13755
21705	165	102	42	13534	0	13843
21706	13688	130	64	354	0	14236
21707	366	15479	61	204	0	16110
21708	17910	461	59	207	0	18637
21709	553	227	58	18058	0	18896
21710	276	129	70	19109	0	19584
21711	155	20212	70	880	0	21317
21712	20994	672	36	481	0	22183
21713	20851	271	53	311	0	21486
21714	955	20889	53	210	0	22107
21715	383	712	52	17547	0	18694
21716	301	18790	49	571	0	19711
21717	18782	809	70	223	0	19884
21718	756	345	18419	212	0	19732
21719	259	282	17409	154	0	18104
21720	16780	172	668	113	0	17733
21721	625	17624	314	98	0	18661
21722	284	621	179	18241	0	19325
21723	219	269	105	18818	0	19411
21724	161	219	17657	860	0	18897
21725	90	114	554	17806	0	18564
21726	104	110	221	18535	0	18970
21727	127	17508	145	899	0	18679
21728	129	600	115	18151	0	18995
21729	112	274	88	18697	0	19171
21730	17922	199	49	873	0	19043
21731	608	17068	61	424	0	18161
21732	278	17937	66	340	0	18621
21733	220	749	58	18335	0	19362
21734	154	385	58	18681	0	19278
21735	142	264	41	18538	0	18985
21736	123	17648	44	965	0	18780
21737	141	660	44	18715	0	19560
21738	121	326	66	18906	0	19419
21739	127	230	78	19031	0	19466
21740	138	174	82	18703	0	19097
21741	114	16062	121	1047	0	17344
21742	112	17587	108	547	0	18354
21743	17835	728	72	432	0	19067
21744	18836	411	61	356	0	19664
21745	861	250	40	18740	0	19891
21746	380	208	16880	910	0	18378
21747	270	176	593	19496	0	20535
21748	187	193	253	20369	0	21002
21749	19114	159	175	1385	0	20833
21750	926	18372	109	693	0	20100
21751	429	982	63	19573	0	21047
21752	291	488	59	20534	0	21372
21753	260	326	18571	1527	0	20684
21754	250	260	19445	797	0	20752
21755	153	236	1197	19689	0	21275
21756	179	218	520	19700	0	20617
21757	157	18393	313	1475	0	20338
21758	124	19931	235	867	0	21157
21759	19418	1219	189	711	0	21537
21760	954	605	187	20024	0	21770
21761	464	419	17885	1327	0	20095
21762	250	18151	789	828	0	20018
21763	231	1035	356	19447	0	21069
21764	18597	563	211	1316	0	20687
21765	925	393	180	19286	0	20784
21766	18827	345	120	1315	0	20607
21767	1075	18481	106	799	0	20461
21768	18052	1073	102	587	0	19814
21769	1124	592	87	19193	0	20996
21770	611	386	18731	1313	0	21041
21771	404	313	894	19005	0	20616
21772	305	18722	432	1315	0	20774
21773	262	1093	255	20194	0	21804
21774	244	21353	226	1415	0	23238
21775	213	1187	160	25112	0	26672
21776	229	588	22839	1659	0	25315
21777	176	465	22386	976	0	24003
21778	177	414	22662	725	0	23978
21779	22243	335	1407	635	0	24620
21780	1110	21926	698	579	0	24313
21781	565	23703	458	568	0	25294
21782	22915	1486	359	540	0	25300
21783	22689	730	316	507	0	24242
21784	1521	544	246	22033	0	24344
21785	770	427	21351	1435	0	23983
21786	526	377	21084	843	0	22830
21787	415	337	1444	21441	0	23637
21788	21338	310	689	1619	0	23956
21789	1182	21187	455	949	0	23773
21790	581	1175	388	22274	0	24418
21791	21700	588	324	1700	0	24312
21792	22233	403	288	1076	0	24000
21793	1551	366	21137	789	0	23843
21794	20703	424	1149	699	0	22975
21795	1511	355	21388	625	0	23879
21796	865	320	21525	574	0	23284
21797	584	328	1542	20641	0	23095
21798	545	304	763	21832	0	23444
21799	460	330	492	22935	0	24217
21800	448	284	20644	1905	0	23281
21801	20393	277	1203	1172	0	23045
21802	1324	256	612	22123	0	24315
21803	21447	261	420	1742	0	23870
21804	21236	316	374	1068	0	22994
21805	1668	20355	344	865	0	23232
21806	844	23300	370	833	0	25347
21807	453	21434	233	529	0	22649
21808	374	1331	233	19377	0	21315
21809	331	676	18095	1276	0	20378
21810	244	1141	929	16597	0	18911
21811	228	16305	527	996	0	18056
21812	223	16551	321	555	0	17650
21813	193	1171	290	16505	0	18159
21814	15931	656	237	981	0	17805
21815	833	15681	175	598	0	17287
21816	478	16199	195	412	0	17284
21817	16652	1197	195	394	0	18438
21818	962	611	182	16826	0	18581
21819	539	435	218	17062	0	18254
21820	317	384	236	17863	0	18800
21821	15643	296	195	1437	0	17571
21822	16202	261	191	807	0	17461
21823	1223	252	153	16843	0	18471
21824	710	239	15662	1193	0	17804
21825	16085	203	792	710	0	17790
21826	1172	196	434	16941	0	18743
21827	730	198	16017	1103	0	18048
21828	475	199	16339	707	0	17720
21829	423	153	1237	17457	0	19270
21830	355	131	18090	1295	0	19871
21831	273	135	1194	19369	0	20971
21832	291	141	722	20123	0	21277
21833	282	108	444	21091	0	21925
21834	19477	116	398	1774	0	21765
21835	1092	144	336	20198	0	21770
21836	630	157	258	20760	0	21805
21837	441	164	271	21049	0	21925
21838	397	174	289	21197	0	22057
21839	341	259	17971	1866	0	20437
21840	244	18759	941	1158	0	21102
21841	242	1039	477	20027	0	21785
21842	241	578	345	19579	0	20743
21843	227	17839	392	1739	0	20197
21844	253	18758	299	869	0	20179
21845	18080	1207	221	748	0	20256
21846	932	17338	272	1642	0	20184
21847	337	809	139	16616	0	17901
21848	302	468	16574	861	0	18205
21849	16329	326	612	511	0	17778
21850	782	262	16851	438	0	18333
21851	16293	225	661	397	0	17576
21852	16690	137	356	395	0	17578
21853	958	130	16846	378	0	18312
21854	547	144	664	15887	0	17242
21855	402	16535	376	816	0	18129
21856	360	619	276	17829	0	19084
21857	17537	268	240	898	0	18943
21858	17671	181	252	626	0	18730
21859	928	16997	238	535	0	18698
21860	18929	617	232	448	0	20226
21861	882	275	275	18646	0	20078
21862	18316	227	269	854	0	19666
21863	18485	170	264	617	0	19536
21864	952	151	190	18331	0	19624
21865	18318	141	139	997	0	19595
21866	17991	170	141	717	0	19019
21867	997	208	17200	573	0	18978
21868	18504	196	607	486	0	19793
21869	930	199	18660	494	0	20283
21870	559	181	17763	387	0	18890
21871	374	18123	804	427	0	19728
21872	270	655	454	18845	0	20224
21873	284	475	18033	778	0	19570
21874	216	356	14175	2630	0	17377
21875	14642	158	669	284	0	15753
21876	543	150	336	15142	0	16171
21877	314	150	227	15941	0	16632
21878	257	177	151	17430	0	18015
21879	201	158	115	17467	0	17941
21880	263	129	109	17734	0	18235
21881	204	157	16354	1155	0	17870
21882	178	195	16215	641	0	17229
21883	210	89	820	17043	0	18162
21884	16864	80	450	908	0	18302
21885	729	16101	272	575	0	17677
21886	440	585	159	16599	0	17783
21887	16331	283	142	871	0	17627
21888	831	15703	113	529	0	17176
21889	474	604	136	16131	0	17345
21890	293	312	183	16683	0	17471
21891	261	171	166	16986	0	17584
21892	16252	96	205	1189	0	17742
21893	704	95	15547	709	0	17055
21894	15583	63	734	472	0	16852
21895	798	93	412	16138	0	17441
21896	437	69	299	16192	0	16997
21897	313	15590	208	1078	0	17189
21898	244	610	15305	707	0	16866
21899	14785	335	577	562	0	16259
21900	16149	175	326	470	0	17120
21901	967	158	15513	429	0	17067
21902	14895	107	668	398	0	16068
21903	804	15649	430	374	0	17257
21904	499	16083	290	347	0	17219
21905	317	16842	250	325	0	17734
21906	14152	625	81	172	0	15030
21907	543	310	13931	148	0	14932
21908	275	153	386	14453	0	15267
21909	178	14796	225	482	0	15681
21910	137	15491	146	290	0	16064
21911	118	15407	73	181	0	15779
21912	99	845	84	13720	0	14748
21913	14785	234	62	466	0	15547
21914	412	14781	65	276	0	15534
21915	236	396	65	15222	0	15919
21916	140	205	63	15561	0	15969
21917	14682	117	60	585	0	15444
21918	431	73	52	14677	0	15233
21919	267	68	49	15045	0	15429
21920	170	60	14214	611	0	15055
21921	147	67	368	14424	0	15006
21922	130	55	190	14959	0	15334
21923	14021	63	105	612	0	14801
21924	13927	71	75	319	0	14392
21925	589	65	76	14054	0	14784
21926	13755	83	74	450	0	14362
21927	13693	80	77	245	0	14095
21928	579	14036	88	160	0	14863
21929	216	331	13106	89	0	13742
21930	106	12219	250	86	0	12661
21931	49	264	124	13627	0	14064
21932	12973	145	63	352	0	13533
21933	318	12446	48	174	0	12986
21934	128	322	26	13050	0	13526
21935	12990	137	21	377	0	13525
21936	13082	92	19	177	0	13370
21937	444	50	16	12894	0	13404
21938	206	50	13036	384	0	13676
21939	107	38	289	13416	0	13850
21940	57	35	116	13878	0	14086
21941	52	24	13211	495	0	13782
21942	66	29	297	13181	0	13573
21943	62	27	123	13734	0	13946
21944	14354	18	79	501	0	14952
21945	370	25	41	15389	0	15825
21946	174	27	25	15676	0	15902
21947	15671	28	34	512	0	16245
21948	15463	43	39	254	0	15799
21949	15547	41	53	139	0	15780
21950	560	50	14835	99	0	15544
21951	259	34	350	14444	0	15087
21952	145	15067	162	352	0	15726
21953	67	370	45	15430	0	15912
21954	107	142	14803	415	0	15467
21955	56	104	339	14362	0	14861
21956	51	55	14365	474	0	14945
21957	14080	38	371	171	0	14660
21958	14870	41	128	120	0	15159
21959	472	29	62	14494	0	15057
21960	178	28	50	14048	0	14304
21961	107	35	23	13872	0	14037
21962	81	15082	54	538	0	15755
21963	16199	356	37	221	0	16813
21964	16336	113	16	147	0	16612
21965	487	68	33	16075	0	16663
21966	208	33	32	16357	0	16630
21967	131	21	31	16606	0	16789
21968	84	26	62	15623	0	15795
21969	103	27	13728	576	0	14434
21970	76	37	328	14062	0	14503
21971	13651	39	132	493	0	14315
21972	14606	34	69	201	0	14910
21973	494	44	40	14099	0	14677
21974	205	47	13706	463	0	14421
21975	12858	27	284	160	0	13329
21976	371	26	115	12985	0	13497
21977	172	12131	87	373	0	12763
21978	44	11233	35	75	0	11387
21979	11990	189	13	60	0	12252
21980	197	53	19	12020	0	12289
21981	54	32	8	12285	0	12379
21982	56	15	13	14146	0	14230
21983	43	15	13	14059	0	14130
21984	35	18	15	14192	0	14260
21985	45	11	13592	368	0	14016
21986	55	15	13422	114	0	13606
21987	53	16	13591	111	0	13771
21988	47	11	280	13528	0	13866
21989	87	30	14912	342	0	15371
21990	51	24	324	15279	0	15678
21991	66	10	84	16039	0	16199
21992	79	17	67	16637	0	16800
21993	16849	7	52	499	0	17407
21994	398	15	55	16603	0	17071
21995	89	13	65	17596	0	17763
21996	16882	14	51	532	0	17479
21997	406	17076	63	203	0	17748
21998	99	17866	51	170	0	18186
21999	17934	518	21	129	0	18602
22000	485	17856	32	157	0	18530
22001	18338	485	35	143	0	19001
22002	18904	104	28	143	0	19179
22003	20052	77	47	101	0	20277
22004	19916	48	52	102	0	20118
22005	19955	42	41	127	0	20165
22006	618	19005	61	163	0	19847
22007	19613	479	44	151	0	20287
22008	19928	117	32	165	0	20242
22009	644	18511	50	154	0	19359
22010	20360	468	45	165	0	21038
22011	20611	119	51	145	0	20926
22012	21237	104	41	132	0	21514
22013	22130	100	33	116	0	22379
22014	975	115	22249	99	0	23438
22015	388	96	713	23121	0	24318
22016	283	82	197	24498	0	25060
22017	271	81	23510	1033	0	24895
22018	276	116	23036	381	0	23809
22019	23489	67	932	215	0	24703
22020	955	74	338	25691	0	27058
22021	426	82	26013	915	0	27436
22022	322	114	25852	348	0	26636
22023	25660	77	1002	311	0	27050
22024	27026	63	385	205	0	27679
22025	27062	60	238	180	0	27540
22026	1349	55	25476	133	0	27013
22027	610	60	848	27345	0	28863
22028	439	63	26900	926	0	28328
22029	25673	54	984	390	0	27101
22030	1032	66	26937	306	0	28341
22031	398	52	853	24657	0	25960
22032	312	64	345	24920	0	25641
22033	246	25408	287	967	0	26908
22034	26467	755	210	421	0	27853
22035	1008	227	25636	308	0	27179
22036	25327	133	923	246	0	26629
22037	1074	73	25832	209	0	27188
22038	447	64	1008	24901	0	26420
22039	382	61	418	25864	0	26725
22040	334	50	281	26580	0	27245
22041	25969	53	242	1206	0	27470
22042	1054	55	229	25569	0	26907
22043	478	50	245	26077	0	26850
22044	354	24014	242	1128	0	25738
22045	327	759	213	24391	0	25690
22046	23615	236	215	1090	0	25156
22047	1031	171	22926	477	0	24605
22048	460	105	860	22705	0	24130
22049	354	108	23199	1001	0	24662
22050	296	21748	1012	516	0	23572
22051	311	747	23158	362	0	24578
22052	22547	238	976	296	0	24057
22053	23574	140	443	330	0	24487
22054	1112	97	310	23176	0	24695
22055	23453	88	274	1018	0	24833
22056	23620	83	266	522	0	24491
22057	1187	89	274	22968	0	24518
22058	641	93	260	23635	0	24629
22059	454	123	23567	1177	0	25321
22060	383	23330	881	609	0	25203
22061	24352	724	415	448	0	25939
22062	1002	21974	341	356	0	23673
22063	560	826	276	22500	0	24162
22064	441	310	268	23190	0	24209
22065	364	216	260	23271	0	24111
22066	334	178	271	23395	0	24178
22067	359	141	22011	1290	0	23801
22068	21329	129	886	637	0	22981
22069	23311	96	425	490	0	24322
22070	1209	108	334	22768	0	24419
22071	23135	130	271	1078	0	24614
22072	1138	124	218	22478	0	23958
22073	617	123	21447	1186	0	23373
22074	489	120	859	21598	0	23066
22075	414	21170	415	1152	0	23151
22076	376	766	336	21588	0	23066
22077	376	22719	251	1139	0	24485
22078	334	863	247	22630	0	24074
22079	312	22539	224	1197	0	24272
22080	22128	848	245	711	0	23932
22081	951	355	21693	637	0	23636
22082	482	19523	819	465	0	21289
22083	433	20624	435	384	0	21876
22084	385	888	324	20675	0	22272
22085	388	363	244	20923	0	21918
22086	317	229	275	21023	0	21844
22087	319	151	223	21309	0	22002
22088	310	19945	306	1277	0	21838
22089	343	619	213	19771	0	20946
22090	332	298	228	19646	0	20504
22091	18361	223	153	1038	0	19775
22092	752	160	150	18977	0	20039
22093	442	143	17565	1023	0	19173
22094	346	180	16892	587	0	18005
22095	15482	151	722	490	0	16845
22096	654	16616	406	423	0	18099
22097	290	16173	215	399	0	17077
22098	240	673	152	15877	0	16942
22099	183	400	111	16261	0	16955
22100	207	226	15112	905	0	16450
22101	13845	190	524	575	0	15134
22102	15085	123	249	446	0	15903
22103	724	140	16773	413	0	18050
22104	403	156	17615	389	0	18563
22105	17730	111	626	402	0	18869
22106	19308	123	311	380	0	20122
22107	20289	115	208	378	0	20990
22108	19742	134	157	287	0	20320
22109	755	18415	116	319	0	19605
22110	18393	445	83	226	0	19147
22111	540	196	16976	285	0	17997
22112	259	170	17151	230	0	17810
22113	170	115	18207	210	0	18702
22114	79	52	200	16092	0	16423
22115	16324	26	48	176	0	16574
22116	16061	31	40	96	0	16228
22117	173	38	34	15712	0	15957
22118	81	50	34	15211	0	15376
22119	60	39	30	16078	0	16207
22120	51	18299	51	184	0	18585
22121	18839	132	25	67	0	19063
22122	18391	43	30	72	0	18536
22123	18536	41	18	83	0	18678
22124	18612	37	31	62	0	18742
22125	18571	27	28	61	0	18687
22126	195	26	34	18412	0	18667
22127	93	16525	37	158	0	16813
22128	87	127	16	17111	0	17341
22129	73	62	20	17205	0	17360
22130	17376	57	31	187	0	17651
22131	174	75	16532	106	0	16887
22132	47	58	15785	29	0	15919
22133	66	65	15246	28	0	15405
22134	17011	10	63	6	0	17090
22135	17946	2	43	8	0	17999
22136	90	8	31	18823	0	18952
22137	66	22	23	18572	0	18683
22138	49	23	6	19262	0	19340
22139	43	25	19144	230	0	19442
22140	36	19	119	18064	0	18238
22141	37	13	21050	194	0	21294
22142	33	7	171	21881	0	22092
22143	27	5	121	22185	0	22338
22144	30	8	70	23412	0	23520
22145	23381	3	51	210	0	23645
22146	23663	2	27	130	0	23822
22147	213	18	23331	101	0	23663
22148	23106	4	138	87	0	23335
22149	23383	5	80	76	0	23544
22150	211	5	55	23365	0	23636
22151	24850	1	57	182	0	25090
22152	170	3	48	24334	0	24555
22153	90	8	26	24569	0	24693
22154	54	18	23769	262	0	24103
22155	21727	11	143	170	0	22051
22156	189	8	74	24509	0	24780
22157	144	7	24831	189	0	25171
22158	138	27	25037	97	0	25299
22159	106	11	242	25158	0	25517
22160	95	9	112	25635	0	25851
22161	26587	10	58	292	0	26947
22162	240	13	35	26314	0	26602
22163	125	10	28	26266	0	26429
22164	90	2	44	26563	0	26699
22165	79	15	61	28181	0	28336
22166	30522	8	65	491	0	31086
22167	29901	9	105	251	0	30266
22168	30204	9	83	180	0	30476
22169	30551	7	85	161	0	30804
22170	540	9	68	31870	0	32487
22171	32591	4	56	568	0	33219
22172	615	7	50	32621	0	33293
22173	32949	4	55	638	0	33646
22174	610	11	53	32119	0	32793
22175	290	21	45	32162	0	32518
22176	177	31414	57	743	0	32391
22177	171	418	43	31720	0	32352
22178	30852	160	39	657	0	31708
22179	29395	61	56	340	0	29852
22180	745	72	30092	208	0	31117
22181	375	29505	478	207	0	30565
22182	31045	439	207	160	0	31851
22183	627	30780	129	167	0	31703
22184	31401	509	90	155	0	32155
22185	618	30344	71	245	0	31278
22186	332	545	31988	203	0	33068
22187	213	31962	501	208	0	32884
22188	179	32791	212	240	0	33422
22189	191	699	95	34108	0	35093
22190	34225	242	103	664	0	35234
22191	615	118	76	33500	0	34309
22192	326	121	83	34448	0	34978
22193	34650	67	89	854	0	35660
22194	35993	81	59	377	0	36510
22195	843	75	63	35696	0	36677
22196	418	81	87	35856	0	36442
22197	275	101	79	36882	0	37337
22198	36306	103	76	922	0	37407
22199	685	114	35432	456	0	36687
22200	385	92	492	35718	0	36687
22201	275	127	35127	759	0	36288
22202	230	32911	632	464	0	34237
22203	257	523	32397	323	0	33500
22204	252	252	584	30934	0	32022
22205	238	136	32332	753	0	33459
22206	30519	115	609	424	0	31667
22207	691	90	258	31483	0	32522
22208	391	31672	168	784	0	33015
22209	299	587	121	32809	0	33816
22210	260	31639	118	821	0	32838
22211	231	31913	115	480	0	32739
22212	211	31281	143	351	0	31986
22213	219	792	112	29426	0	30549
22214	229	29752	124	683	0	30788
22215	30295	638	126	415	0	31474
22216	722	364	28236	305	0	29627
22217	430	228	27706	338	0	28702
22218	328	226	28360	304	0	29218
22219	298	526	769	29253	0	30846
22220	193	99	282	26226	0	26800
22221	191	133	139	26836	0	27299
22222	236	115	107	27712	0	28170
22223	234	158	89	27015	0	27496
22224	288	26497	113	864	0	27762
22225	267	619	26081	492	0	27459
22226	292	312	25939	340	0	26883
22227	250	26125	729	302	0	27406
22228	234	607	286	27654	0	28781
22229	244	282	184	28110	0	28820
22230	206	217	131	28194	0	28748
22231	28154	198	131	949	0	29432
22232	671	187	25958	587	0	27403
22233	25808	181	549	433	0	26971
22234	26307	204	263	361	0	27135
22235	792	24052	274	373	0	25491
22236	323	24914	163	279	0	25679
22237	25782	607	139	258	0	26786
22238	571	334	152	25462	0	26519
22239	346	217	165	25537	0	26265
22240	273	226	26305	699	0	27503
22241	227	221	24140	357	0	24945
22242	199	230	574	24791	0	25794
22243	25301	237	267	683	0	26488
22244	590	218	25157	409	0	26374
22245	25390	214	618	299	0	26521
22246	740	214	293	25354	0	26601
22247	333	202	189	26355	0	27079
22248	267	223	162	27722	0	28374
22249	266	200	26093	1091	0	27650
22250	202	24966	736	598	0	26502
22251	191	27301	282	485	0	28259
22252	28179	926	197	422	0	29724
22253	28742	334	192	370	0	29638
22254	1113	205	200	28374	0	29892
22255	28765	154	205	1115	0	30239
22256	1037	167	27145	591	0	28940
22257	405	191	27415	417	0	28428
22258	247	166	993	26525	0	27931
22259	26940	124	457	1059	0	28580
22260	832	147	326	28004	0	29309
22261	371	152	260	28829	0	29612
22262	27780	152	246	1265	0	29443
22263	29515	188	234	571	0	30508
22264	1071	30037	235	433	0	31776
22265	30564	819	205	314	0	31902
22266	996	222	153	28056	0	29427
22267	380	28711	143	1005	0	30239
22268	29341	985	116	454	0	30896
22269	1031	29318	158	333	0	30840
22270	252	837	119	28277	0	29485
22271	28213	265	93	898	0	29469
22272	904	195	26833	280	0	28212
22273	325	149	27886	203	0	28563
22274	212	98	877	27932	0	29119
22275	183	90	249	29157	0	29679
22276	177	89	154	28705	0	29125
22277	125	31005	142	982	0	32254
22278	33370	1033	105	371	0	34879
22279	33361	386	96	267	0	34110
22280	35570	214	88	230	0	36102
22281	1521	35067	100	1163	0	37851
22282	621	1130	87	37318	0	39156
22283	350	403	112	38730	0	39595
22284	263	227	96	39432	0	40018
22285	36475	201	128	2024	0	38828
22286	1319	34210	67	766	0	36362
22287	521	1367	43	35404	0	37335
22288	337	459	48	36617	0	37461
22289	263	334	33482	1891	0	35970
22290	220	34560	1204	773	0	36757
22291	197	1385	397	35763	0	37742
22292	186	499	204	36294	0	37183
22293	271	282	126	37030	0	37709
22294	33428	232	81	2147	0	35888
22295	1459	32971	65	1030	0	35525
22296	34166	1459	65	638	0	36328
22297	1639	582	117	34042	0	36380
22298	34120	365	91	1779	0	36355
22299	1733	301	32458	844	0	35336
22300	33769	248	1362	627	0	36006
22301	37805	229	404	630	0	39068
22302	1993	232	35662	533	0	38420
22303	813	264	1369	36437	0	38883
22304	562	244	445	38144	0	39395
22305	36267	248	255	2151	0	38921
22306	1664	258	180	37003	0	39105
22307	734	197	186	37330	0	38447
22308	530	214	126	37220	0	38090
22309	535	233	33313	2335	0	36416
22310	30934	179	1410	1096	0	33619
22311	1649	36105	476	793	0	39023
22312	808	1496	351	37318	0	39973
22313	589	36781	341	1788	0	39499
22314	548	39173	204	990	0	40915
22315	506	1978	185	39501	0	42170
22316	480	810	37662	2115	0	41067
22317	447	540	37377	1110	0	39474
22318	498	337	1878	38362	0	41075
22319	482	349	37044	2158	0	40033
22320	36639	316	1796	1104	0	39855
22321	1870	377	625	39904	0	42776
22322	786	383	410	40031	0	41610
22323	596	38568	304	2579	0	42047
22324	480	1770	303	40347	0	42900
22325	414	743	350	39799	0	41306
22326	358	38519	372	2639	0	41888
22327	374	1723	395	40735	0	43227
22328	419	720	314	41221	0	42674
22329	391	38995	307	2712	0	42405
22330	39970	1790	370	1360	0	43490
22331	1996	818	39718	1062	0	43594
22332	977	578	41179	919	0	43653
22333	678	519	2011	40657	0	43865
22334	569	467	777	43394	0	45207
22335	502	363	41085	2813	0	44763
22336	485	424	39802	1560	0	42271
22337	36082	460	1989	1254	0	39785
22338	1703	39573	811	1213	0	43300
22339	40768	1826	538	1051	0	44183
22340	2012	820	38119	1060	0	42011
22341	904	38529	1727	1070	0	42230
22342	573	1858	768	41021	0	44220
22343	531	843	39805	2325	0	43504
22344	472	615	38865	1308	0	41260
22345	495	436	1901	42107	0	44939
22346	551	415	41971	2409	0	45346
22347	533	42570	1975	1401	0	46479
22348	542	1889	947	43554	0	46932
22349	548	1073	41868	2431	0	45920
22350	516	41474	1905	1589	0	45484
22351	41313	1786	1032	1084	0	45215
22352	1935	1024	38944	881	0	42784
22353	1066	39898	1828	881	0	43673
22354	757	1847	1124	40023	0	43751
22355	518	998	799	43959	0	46274
22356	42178	678	629	2946	0	46431
22357	1928	510	640	42169	0	45247
22358	958	491	434	44150	0	46033
22359	41589	342	533	3250	0	45714
22360	1899	431	513	42054	0	44897
22361	1047	462	39522	2930	0	43961
22362	758	360	1932	41395	0	44445
22363	500	419	38177	2711	0	41807
22364	494	382	37423	1524	0	39823
22365	421	354	41829	1158	0	43762
22366	416	954	2442	38095	0	41907
22367	430	241	1219	41944	0	43834
22368	41611	233	806	2440	0	45090
22369	1545	304	594	40663	0	43106
22370	887	42393	542	2242	0	46064
22371	584	1411	469	45886	0	48350
22372	360	789	525	45111	0	46785
22373	341	42789	485	2562	0	46177
22374	42713	1503	571	1618	0	46405
22375	41734	818	502	1137	0	44191
22376	1831	41502	575	1018	0	44926
22377	785	40526	404	675	0	42390
22378	471	1599	328	40249	0	42647
22379	39364	802	351	1570	0	42087
22380	1230	545	35918	856	0	38549
22381	549	388	33260	679	0	34876
22382	31999	226	1917	396	0	34538
22383	816	34055	649	298	0	35818
22384	457	805	363	36679	0	38304
22385	343	516	245	36577	0	37681
22386	208	387	230	37217	0	38042
22387	194	227	187	37103	0	37711
22388	160	35071	183	1441	0	36855
22389	159	785	147	36979	0	38070
22390	36146	451	163	1254	0	38014
22391	826	330	144	36239	0	37539
22392	460	216	167	36918	0	37761
22393	36248	183	159	1403	0	37993
22394	36029	138	147	929	0	37243
22395	37498	146	168	601	0	38413
22396	37935	120	148	484	0	38687
22397	1522	135	184	37052	0	38893
22398	37637	117	154	1162	0	39070
22399	1257	109	178	37043	0	38587
22400	36478	111	164	1327	0	38080
22401	34903	97	162	769	0	35931
22402	1418	87	135	35505	0	37145
22403	880	104	34155	1156	0	36295
22404	33555	124	842	749	0	35270
22405	35822	108	462	577	0	36969
22406	36652	100	325	426	0	37503
22407	37705	124	209	394	0	38432
22408	1633	135	183	37247	0	39198
22409	936	128	36210	1110	0	38384
22410	635	222	34409	684	0	35950
22411	32576	165	1122	560	0	34423
22412	33998	147	612	337	0	35094
22413	1262	34151	363	355	0	36131
22414	780	35198	231	307	0	36516
22415	37244	1084	218	263	0	38809
22416	1070	608	175	36361	0	38214
22417	689	368	167	37830	0	39054
22418	37631	220	158	1280	0	39289
22419	977	39074	190	801	0	41042
22420	41104	783	139	570	0	42596
22421	1173	469	37617	454	0	39713
22422	37956	320	773	379	0	39428
22423	1153	189	406	39119	0	40867
22424	698	177	38438	1011	0	40324
22425	518	37398	817	730	0	39463
22426	367	766	494	39516	0	41143
22427	396	438	39859	1067	0	41760
22428	332	270	857	39261	0	40720
22429	41652	150	515	1208	0	43525
22430	1023	170	40394	725	0	42312
22431	38311	121	897	555	0	39884
22432	1169	38879	560	411	0	41019
22433	692	815	353	40765	0	42625
22434	582	491	40553	991	0	42617
22435	370	337	866	40060	0	41633
22436	367	212	40971	1252	0	42802
22437	307	38839	1021	752	0	40919
22438	40173	871	497	543	0	42084
22439	969	40645	377	362	0	42353
22440	639	1073	197	40906	0	42815
22441	490	576	201	41895	0	43162
22442	428	414	38514	1305	0	40661
22443	31077	290	976	886	0	33229
22444	1050	37457	611	525	0	39643
22445	363	33687	249	277	0	34576
22446	295	35734	182	263	0	36474
22447	116	538	79	33639	0	34372
22448	120	32999	76	472	0	33667
22449	116	433	81	33817	0	34447
22450	115	32729	82	480	0	33406
22451	147	447	57	33851	0	34502
22452	132	33687	62	448	0	34329
22453	34571	444	96	196	0	35307
22454	477	220	33255	156	0	34108
22455	31071	77	257	88	0	31493
22456	32797	51	131	60	0	33039
22457	33181	35	54	69	0	33339
22458	380	31712	69	60	0	32221
22459	33505	250	29	41	0	33825
22460	33175	129	43	54	0	33401
22461	34337	91	63	61	0	34552
22462	500	75	33066	42	0	33683
22463	269	46	309	34353	0	34977
22464	184	65	35643	386	0	36278
22465	111	70	376	31521	0	32078
22466	31683	86	191	425	0	32385
22467	402	31286	98	256	0	32042
22468	267	447	34316	114	0	35144
22469	149	254	854	33839	0	35096
22470	93	122	251	39064	0	39530
22471	83	101	43206	1482	0	44872
22472	43773	86	1515	356	0	45730
22473	47212	55	420	177	0	47864
22474	48704	42	192	118	0	49056
22475	2267	75	115	46674	0	49131
22476	671	45338	141	1677	0	47827
22477	299	50077	131	508	0	51015
22478	169	2064	119	49329	0	51681
22479	157	570	109	49512	0	50348
22480	158	48922	128	2046	0	51254
22481	49746	1772	95	652	0	52265
22482	1800	48714	140	823	0	51477
22483	568	1851	106	49214	0	51739
22484	314	602	46394	1898	0	49208
22485	172	278	1685	47394	0	49529
22486	48153	198	483	2088	0	50922
22487	1906	184	46784	654	0	49528
22488	47624	205	1720	336	0	49885
22489	49863	169	489	287	0	50808
22490	50098	190	252	235	0	50775
22491	51759	190	161	265	0	52375
22492	54338	167	262	229	0	54996
22493	2693	200	49973	242	0	53108
22494	1024	227	50178	226	0	51655
22495	54546	101	2181	145	0	56973
22496	57420	122	698	131	0	58371
22497	3068	130	280	57153	0	60631
22498	1164	58413	232	2248	0	62057
22499	605	2368	154	61055	0	64182
22500	60791	875	179	2718	0	64563
22501	2671	403	180	57551	0	60805
22502	1132	58141	201	2527	0	62001
22503	59851	2447	167	1050	0	63515
22504	59809	978	222	534	0	61543
22505	59902	452	194	540	0	61088
22506	3532	57517	234	416	0	61699
22507	1486	2403	200	57460	0	61549
22508	878	986	220	58075	0	60159
22509	678	56190	239	3240	0	60347
22510	655	2583	161	58890	0	62289
22511	57374	1013	184	3008	0	61579
22512	57953	574	155	1360	0	60042
22513	3573	53671	232	775	0	58251
22514	1650	2540	202	54628	0	59020
22515	1039	1085	257	55859	0	58240
22516	766	605	323	57706	0	59400
22517	54416	486	287	3945	0	59134
22518	3169	474	51448	1793	0	56884
22519	50523	428	2388	1107	0	54446
22520	3425	474	49074	921	0	53894
22521	1754	497	2629	46587	0	51467
22522	1156	47096	1100	2867	0	52219
22523	1072	51458	548	1538	0	54616
22524	49330	3505	403	1095	0	54333
22525	49709	1595	324	991	0	52619
22526	3805	47562	400	946	0	52713
22527	1806	49585	330	952	0	52673
22528	48881	3570	360	804	0	53615
22529	51801	1698	380	829	0	54708
22530	3867	50720	398	961	0	55946
22531	52941	3062	389	788	0	57180
22532	3777	1504	48874	852	0	55007
22533	51209	955	2504	811	0	55479
22534	52540	766	1146	814	0	55266
22535	4356	674	694	49596	0	55320
22536	2356	48047	630	3008	0	54041
22537	1901	2694	473	51241	0	56309
22538	51293	1303	531	3259	0	56386
22539	3960	832	422	50743	0	55957
22540	2405	643	505	53163	0	56716
22541	1768	704	48691	3994	0	55157
22542	1623	700	2493	51123	0	55939
22543	1488	656	1206	53409	0	56759
22544	51424	695	706	4211	0	57036
22545	3631	812	49250	2064	0	55757
22546	50886	794	2636	1391	0	55707
22547	3863	826	1158	50612	0	56459
22548	2249	723	566	52657	0	56195
22549	1594	844	497	51983	0	54918
22550	1549	47838	449	4179	0	54015
22551	1593	51012	437	2121	0	55163
22552	1565	3488	428	50749	0	56230
22553	50234	1634	453	3498	0	55819
22554	52199	948	418	1891	0	55456
22555	4504	807	363	50631	0	56305
22556	51105	809	408	3460	0	55782
22557	4019	709	401	51573	0	56702
22558	2310	749	356	53786	0	57201
22559	48924	682	382	4398	0	54386
22560	3571	49889	429	2351	0	56240
22561	50241	2750	334	1630	0	54955
22562	51062	1311	349	1441	0	54163
22563	48456	746	378	1481	0	51061
22564	4060	46048	357	1369	0	51834
22565	2095	2691	345	46924	0	52055
22566	1556	1959	306	48771	0	52592
22567	1388	844	43313	3959	0	49504
22568	1141	710	1788	42873	0	46512
22569	1197	523	39001	2862	0	43583
22570	989	33728	1582	1574	0	37873
22571	1926	26885	756	949	0	30516
22572	636	27113	344	712	0	28805
22573	620	1545	269	27442	0	29876
22574	1937	886	185	26316	0	29324
22575	368	510	149	26452	0	27479
22576	410	471	129	26717	0	27727
22577	379	393	23524	2046	0	26342
22578	427	356	28462	1333	0	30578
22579	464	343	1483	29652	0	31942
22580	459	287	28685	1792	0	31223
22581	28582	221	1353	1182	0	31338
22582	29991	243	756	807	0	31797
22583	1882	273	27988	838	0	30981
22584	1140	171	1303	28906	0	31520
22585	737	217	766	30039	0	31759
22586	621	297	443	30716	0	32077
22587	656	284	384	29750	0	31074
22588	546	258	364	30846	0	32014
22589	25707	345	375	2429	0	28856
22590	28230	347	303	1509	0	30389
22591	1818	26802	219	1137	0	29976
22592	847	1078	23703	782	0	26410
22593	590	23847	1049	726	0	26212
22594	470	25058	606	654	0	26788
22595	20243	965	252	431	0	21891
22596	801	20608	243	439	0	22091
22597	270	16338	118	197	0	16923
22598	16385	608	83	129	0	17205
22599	582	326	15610	129	0	16647
22600	15504	205	445	155	0	16309
22601	570	148	252	15455	0	16425
22602	333	132	123	15640	0	16228
22603	234	94	106	16006	0	16440
22604	210	98	14620	802	0	15730
22605	161	15098	487	496	0	16242
22606	15675	387	219	378	0	16659
22607	492	827	159	15898	0	17376
22608	209	15607	123	628	0	16567
22609	129	469	157	17064	0	17819
22610	146	335	16623	617	0	17721
22611	157	246	474	16836	0	17713
22612	151	191	201	17493	0	18036
22613	174	161	132	18527	0	18994
22614	17816	149	123	841	0	18929
22615	537	98	137	18696	0	19468
22616	282	94	17651	846	0	18873
22617	196	17745	563	524	0	19028
22618	183	515	216	18472	0	19386
22619	201	234	162	19140	0	19737
22620	171	181	17637	889	0	18878
22621	220	136	17299	454	0	18109
22622	17247	166	724	374	0	18511
22623	17855	158	354	343	0	18710
22624	728	17292	264	378	0	18662
22625	17965	571	186	358	0	19080
22626	709	286	17349	330	0	18674
22627	419	170	17291	319	0	18199
22628	16990	155	756	362	0	18263
22629	13923	113	282	260	0	14578
22630	759	101	13157	307	0	14324
22631	13378	75	612	264	0	14329
22632	724	80	13294	235	0	14333
22633	13853	87	654	199	0	14793
22634	14746	161	318	179	0	15404
22635	812	136	229	13700	0	14877
22636	409	15991	243	596	0	17239
22637	15227	715	229	308	0	16479
22638	775	317	15141	205	0	16438
22639	460	15929	689	235	0	17313
22640	16530	748	301	214	0	17793
22641	16425	361	200	216	0	17202
22642	960	16137	215	214	0	17526
22643	512	685	243	16454	0	17894
22644	348	361	15942	769	0	17420
22645	314	217	713	16409	0	17653
22646	345	200	16164	848	0	17557
22647	250	160	818	16166	0	17394
22648	231	189	456	16842	0	17718
22649	267	185	15497	1009	0	16958
22650	216	15153	794	598	0	16761
22651	256	671	407	15857	0	17191
22652	249	358	15094	879	0	16580
22653	15972	194	733	524	0	17423
22654	785	188	371	16701	0	18045
22655	410	168	255	17346	0	18179
22656	16656	181	244	1061	0	18142
22657	877	157	206	15463	0	16703
22658	530	131	207	15323	0	16191
22659	299	15486	239	992	0	17016
22660	330	700	170	16160	0	17360
22661	269	350	15292	996	0	16907
22662	254	178	746	14945	0	16123
22663	251	15052	407	852	0	16562
22664	225	15922	329	551	0	17027
22665	259	896	267	16025	0	17447
22666	15920	448	241	887	0	17496
22667	775	301	267	16177	0	17520
22668	16119	287	251	868	0	17525
22669	872	226	274	16215	0	17587
22670	16025	180	302	968	0	17475
22671	18126	157	207	638	0	19128
22672	1124	121	212	17690	0	19147
22673	608	703	266	17536	0	19113
22674	487	16411	260	1143	0	18301
22675	367	17079	230	617	0	18293
22676	584	808	16111	468	0	17971
22677	368	16839	668	458	0	18333
22678	11376	429	203	199	0	12207
22679	437	191	176	11224	0	12028
22680	282	11035	128	421	0	11866
22681	11598	384	114	302	0	12398
22682	468	191	95	11920	0	12674
22683	304	135	78	12132	0	12649
22684	174	87	113	12420	0	12794
22685	146	106	110	12270	0	12632
22686	140	12553	111	679	0	13483
22687	144	14091	103	387	0	14725
22688	14012	536	117	201	0	14866
22689	492	13838	97	168	0	14595
22690	220	498	88	14302	0	15108
22691	172	226	62	14622	0	15082
22692	169	156	65	14655	0	15045
22693	157	111	55	14927	0	15250
22694	14328	113	81	722	0	15244
22695	14401	102	71	385	0	14959
22696	610	103	13662	282	0	14657
22697	277	99	431	13982	0	14789
22698	189	118	14241	622	0	15170
22699	170	106	473	14350	0	15099
22700	136	133	217	15042	0	15528
22701	14450	145	133	722	0	15450
22702	516	146	131	14563	0	15356
22703	265	126	14596	669	0	15656
22704	209	143	13940	370	0	14662
22705	14179	122	580	313	0	15194
22706	564	118	14830	310	0	15822
22707	239	120	509	14219	0	15087
22708	173	114	14019	717	0	15023
22709	106	44	440	13284	0	13874
22710	81	14272	212	577	0	15142
22711	80	348	124	14717	0	15269
22712	80	14260	134	562	0	15036
22713	75	14239	114	304	0	14732
22714	70	1116	94	13737	0	15017
22715	13562	212	70	459	0	14303
22716	381	13280	69	274	0	14004
22717	152	362	40	13607	0	14161
22718	13553	137	34	501	0	14225
22719	13486	62	30	297	0	13875
22720	13825	60	29	198	0	14112
22721	520	69	28	13278	0	13895
22722	233	79	27	13771	0	14110
22723	13543	64	58	538	0	14203
22724	13551	67	64	273	0	13955
22725	14638	74	74	186	0	14972
22726	469	76	73	14390	0	15008
22727	197	118	14658	448	0	15421
22728	14932	84	302	223	0	15541
22729	440	50	113	15526	0	16129
22730	224	15757	76	466	0	16523
22731	157	340	91	16183	0	16771
22732	156	16341	57	453	0	17007
22733	134	347	60	16814	0	17355
22734	122	151	15850	507	0	16630
22735	120	15552	351	315	0	16338
22736	69	192	45	14287	0	14593
22737	50	69	35	14342	0	14496
22738	42	52	34	14407	0	14535
22739	14016	45	30	296	0	14387
22740	240	13321	32	136	0	13729
22741	90	233	22	15142	0	15487
22742	15288	85	24	329	0	15726
22743	15287	56	28	149	0	15520
22744	389	50	32	15285	0	15756
22745	126	64	14774	413	0	15377
22746	99	32	298	14762	0	15191
22747	89	14563	68	390	0	15110
22748	76	329	44	15510	0	15959
22749	15173	75	46	447	0	15741
22750	347	72	42	16062	0	16523
22751	109	61	16625	451	0	17246
22752	91	16337	312	187	0	16927
22753	17418	356	59	147	0	17980
22754	408	100	16898	132	0	17538
22755	16639	64	375	123	0	17201
22756	410	51	114	17271	0	17846
22757	141	68	81	17864	0	18154
22758	109	17465	57	516	0	18147
22759	19072	405	54	196	0	19727
22760	509	114	47	19176	0	19846
22761	170	78	57	19278	0	19583
22762	118	71	67	20993	0	21249
22763	113	73	19808	717	0	20711
22764	85	49	471	20033	0	20638
22765	21010	41	138	685	0	21874
22766	21129	29	99	296	0	21553
22767	588	49	71	20871	0	21579
22768	212	63	63	21306	0	21644
22769	21132	56	39	694	0	21921
22770	601	67	19880	283	0	20831
22771	19162	42	474	229	0	19907
22772	610	55	18846	191	0	19702
22773	234	50	18787	165	0	19236
22774	162	42	579	18739	0	19522
22775	145	54	19898	560	0	20657
22776	19764	25	535	215	0	20539
22777	551	30	203	21437	0	22221
22778	229	26	21304	588	0	22147
22779	20463	23	507	279	0	21272
22780	21540	29	201	185	0	21955
22781	701	56	24689	164	0	25610
22782	275	35	463	23095	0	23868
22783	212	23934	205	443	0	24794
22784	25065	409	140	214	0	25828
22785	538	150	24448	177	0	25313
22786	21185	79	400	139	0	21803
22787	421	23071	174	127	0	23793
22788	23979	359	111	116	0	24565
22789	24489	129	86	134	0	24838
22790	24377	79	71	120	0	24647
22791	628	62	90	24263	0	25043
22792	330	24045	99	482	0	24956
22793	227	385	23787	269	0	24668
22794	181	24173	386	243	0	24983
22795	169	478	175	23203	0	24025
22796	165	23854	160	429	0	24608
22797	170	24669	141	278	0	25258
22798	24574	496	142	239	0	25451
22799	481	257	23755	194	0	24687
22800	272	231	24347	173	0	25023
22801	276	171	24297	180	0	24924
22802	249	24126	578	189	0	25142
22803	25014	337	254	182	0	25787
22804	24846	153	173	241	0	25413
22805	24525	139	136	254	0	25054
22806	531	23544	129	231	0	24435
22807	326	391	89	26901	0	27707
22808	273	193	26824	535	0	27825
22809	211	181	25112	397	0	25901
22810	25826	110	448	361	0	26745
22811	26982	100	288	298	0	27668
22812	27077	82	242	268	0	27669
22813	677	82	26138	240	0	27137
22814	25885	57	438	241	0	26621
22815	581	50	219	26821	0	27671
22816	357	73	177	27990	0	28597
22817	347	90	27137	633	0	28207
22818	306	26361	467	358	0	27492
22819	273	331	258	28267	0	29129
22820	251	148	27354	555	0	28308
22821	24947	118	568	355	0	25988
22822	493	92	334	28513	0	29432
22823	323	66	320	28702	0	29411
22824	28746	53	247	631	0	29677
22825	595	57	235	28342	0	29229
22826	28430	45	228	703	0	29406
22827	27304	67	225	428	0	28024
22828	749	59	244	27084	0	28136
22829	472	74	261	27270	0	28077
22830	28244	90	237	689	0	29260
22831	658	121	252	28138	0	29169
22832	28766	104	255	591	0	29716
22833	28479	87	290	351	0	29207
22834	28041	118	259	278	0	28696
22835	809	150	211	27428	0	28598
22836	554	137	243	27889	0	28823
22837	28506	98	229	566	0	29399
22838	756	26527	270	323	0	27876
22839	428	26583	257	267	0	27535
22840	27971	490	235	240	0	28936
22841	484	217	26802	156	0	27659
22842	26455	109	307	109	0	26980
22843	383	76	194	29811	0	30464
22844	298	83	29379	272	0	30032
22845	28879	74	295	137	0	29385
22846	429	80	157	31464	0	32130
22847	245	88	145	30957	0	31435
22848	234	90	108	35641	0	36073
22849	220	122	88	35554	0	35984
22850	35766	96	102	380	0	36344
22851	320	33025	136	229	0	33710
22852	33161	256	81	126	0	33624
22853	345	167	33108	87	0	33707
22854	284	134	31727	67	0	32212
22855	197	33333	281	89	0	33900
22856	189	895	134	34481	0	35699
22857	75	109	34079	161	0	34424
22858	79	30223	197	131	0	30630
22859	20	53	32622	20	0	32715
22860	10	18	35	31532	0	31595
22861	3	18	12	32794	0	32827
22862	33014	3	1	42	0	33060
22863	36	7	4	32011	0	32058
22864	32659	2	5	40	0	32706
22865	53	31	31601	13	0	31698
22866	11	31880	65	27	0	31983
22867	8	42	11	35820	0	35881
22868	4	41	4	38298	0	38347
22869	14	24	40935	43	0	41016
22870	14	79	36848	32	0	36973
22871	37284	11	75	27	0	37397
22872	41209	1	13	7	0	41230
22873	41	9	4	40565	0	40619
22874	12	4	2	40446	0	40464
22875	5	38573	45	58	0	38681
22876	4	44	5	42118	0	42171
22877	40774	12	4	42	0	40832
22878	39764	6	8	19	0	39797
22879	45	38871	42	24	0	38982
22880	41097	38	6	8	0	41149
22881	37011	12	6	5	0	37034
22882	51	6	4	37326	0	37387
22883	16	38982	49	72	0	39119
22884	11	46	2	41687	0	41746
22885	8	12	0	41351	0	41371
22886	23	17	40142	66	0	40248
22887	37152	4	63	30	0	37249
22888	144	9	12	40942	0	41107
22889	51	13	9	41897	0	41970
22890	32	44685	37	319	0	45073
22891	20	557	5	48126	0	48708
22892	48335	146	20	733	0	49234
22893	49047	104	30	237	0	49418
22894	1107	86	49371	153	0	50717
22895	328	126	47785	94	0	48333
22896	195	54	1136	51640	0	53025
22897	124	29	313	55123	0	55589
22898	118	29	54087	1437	0	55671
22899	113	55	53487	487	0	54142
22900	81	23	1498	50448	0	52050
22901	69	42	56473	1327	0	57911
22902	67	616	54761	465	0	55909
22903	60	53	1616	53382	0	55111
22904	56443	20	625	1386	0	58474
22905	56429	21	389	492	0	57331
22906	1583	38	242	55522	0	57385
22907	553	31	162	54925	0	55671
22908	53732	17	184	1758	0	55691
22909	1420	14	176	53898	0	55508
22910	53632	30	138	1688	0	55488
22911	53431	24	144	661	0	54260
22912	1712	27	130	53004	0	54873
22913	660	36	110	54242	0	55048
22914	52782	28	129	1863	0	54802
22915	1432	52165	160	768	0	54525
22916	587	53866	128	555	0	55136
22917	382	1571	119	54789	0	56861
22918	289	537	53471	1584	0	55881
22919	211	277	1379	52383	0	54250
22920	53712	157	461	1784	0	56114
22921	1415	132	292	52854	0	54693
22922	54064	110	221	1765	0	56160
22923	1640	130	52850	760	0	55380
22924	50159	66	1406	546	0	52177
22925	1681	80	487	52666	0	54914
22926	686	83	297	54701	0	55767
22927	515	91	54495	2006	0	57107
22928	398	76	1381	54080	0	55935
22929	310	78	489	56165	0	57042
22930	290	69	332	56609	0	57300
22931	54722	99	219	2242	0	57282
22932	1654	114	53519	1059	0	56346
22933	706	162	53891	747	0	55506
22934	52734	86	1772	621	0	55213
22935	55008	77	736	576	0	56397
22936	2046	124	57742	541	0	60453
22937	864	70	1600	55406	0	57940
22938	588	56798	809	1571	0	59766
22939	462	1306	580	60945	0	63293
22940	60159	403	531	1926	0	63019
22941	60039	227	515	937	0	61718
22942	1944	148	483	58121	0	60696
22943	814	55305	564	1953	0	58636
22944	642	1345	458	56091	0	58536
22945	569	56316	458	1898	0	59241
22946	56809	1514	456	1045	0	59824
22947	55776	536	472	847	0	57631
22948	52097	333	435	788	0	53653
22949	2140	49293	445	848	0	52726
22950	1064	51351	461	767	0	53643
22951	886	1703	371	54163	0	57123
22952	731	634	351	54576	0	56292
22953	703	404	368	53698	0	55173
22954	686	309	359	55399	0	56753
22955	641	328	50783	2593	0	54345
22956	47792	298	1546	1428	0	51064
22957	1955	281	52740	1092	0	56068
22958	51868	239	1766	996	0	54869
22959	2156	283	53245	948	0	56632
22960	52917	243	1797	969	0	55926
22961	2223	282	54375	902	0	57782
22962	51959	242	1943	871	0	55015
22963	2364	238	827	55386	0	58815
22964	55895	199	682	2169	0	58945
22965	2361	199	527	56024	0	59111
22966	1251	228	519	56486	0	58484
22967	993	216	458	54012	0	55679
22968	870	50626	453	2671	0	54620
22969	49326	1545	404	1569	0	52844
22970	49422	619	378	1279	0	51698
22971	2399	48260	434	1175	0	52268
22972	1239	1588	409	50353	0	53589
22973	943	667	47851	2422	0	51883
22974	47548	421	1598	1371	0	50938
22975	50147	340	790	1064	0	52341
22976	48912	303	613	1001	0	50829
22977	2640	260	537	47646	0	51083
22978	1379	46510	555	2068	0	50512
22979	1081	1589	503	48984	0	52157
22980	48482	603	496	2274	0	51855
22981	2237	459	456	46154	0	49306
22982	1181	47010	469	2267	0	50927
22983	44763	1662	486	1304	0	48215
22984	2254	767	44154	1052	0	48227
22985	1278	581	44001	923	0	46783
22986	1045	42679	2085	905	0	46714
22987	820	42207	887	704	0	44618
22988	852	1866	41428	665	0	44811
22989	762	826	39971	619	0	42178
22990	553	1857	1320	34498	0	38228
22991	36315	334	1574	1090	0	39313
22992	1144	305	35349	577	0	37375
22993	589	31853	829	418	0	33689
22994	32591	622	703	367	0	34283
22995	800	32354	316	369	0	33839
22996	29410	444	183	232	0	30269
22997	458	28985	189	257	0	29889
22998	347	29542	147	1457	0	31493
22999	344	567	126	30234	0	31271
23000	336	344	146	30432	0	31258
23001	183	183	27845	321	0	28532
23002	160	167	259	27280	0	27866
23003	28051	146	144	339	0	28680
23004	28647	108	109	236	0	29100
23005	379	92	103	28379	0	28953
23006	236	120	27921	378	0	28655
23007	203	119	26898	258	0	27478
23008	171	93	337	27848	0	28449
23009	185	88	28103	349	0	28725
23010	173	92	333	27289	0	27887
23011	147	123	246	26954	0	27470
23012	190	125	29223	395	0	29933
23013	27178	105	438	276	0	27997
23014	29624	119	293	209	0	30245
23015	523	133	28047	190	0	28893
23016	267	100	27781	163	0	28311
23017	182	75	549	30543	0	31349
23018	173	95	315	35678	0	36261
23019	168	89	198	37853	0	38308
23020	163	107	195	39641	0	40106
23021	38717	80	172	1020	0	39989
23022	41611	123	152	541	0	42427
23023	1168	92	141	44510	0	45911
23024	551	85	121	48542	0	49299
23025	333	161	54718	1727	0	56939
23026	270	94	1730	55995	0	58089
23027	231	101	830	61003	0	62165
23028	61001	67	363	3197	0	64628
23029	2369	67659	285	1496	0	71809
23030	1120	2574	226	70672	0	74592
23031	465	1056	180	74474	0	76175
23032	336	478	164	72887	0	73865
23033	295	63264	312	4464	0	68335
23034	246	71255	266	1969	0	73736
23035	264	3617	198	69996	0	74075
23036	220	1449	239	69049	0	70957
23037	199	719	201	71325	0	72444
23038	63765	499	211	4844	0	69319
23039	2802	64247	237	2969	0	70255
23040	66121	2995	186	1411	0	70713
23041	68641	1285	225	1029	0	71180
23042	4156	1853	177	62884	0	69070
23043	1710	63926	175	3436	0	69247
23044	64046	3125	171	1810	0	69152
23045	3378	1440	154	65880	0	70852
23046	66239	695	167	3824	0	70925
23047	3574	590	133	67971	0	72268
23048	1685	633	63480	4038	0	69836
23049	963	571	64845	2122	0	68501
23050	698	442	3685	65131	0	69956
23051	560	455	1451	65725	0	68191
23052	559	467	663	65082	0	66771
23053	568	60087	516	4915	0	66086
23054	572	66096	403	2533	0	69604
23055	63088	3990	305	1655	0	69038
23056	62645	1719	329	1404	0	66097
23057	4019	61691	361	1121	0	67192
23058	1730	62264	331	1094	0	65419
23059	981	66007	256	1142	0	68386
23060	59023	4438	190	1060	0	64711
23061	3056	61533	207	1116	0	65912
23062	1490	3737	181	63397	0	68805
23063	61525	1780	218	3636	0	67159
23064	63825	998	246	1987	0	67056
23065	4280	816	258	61894	0	67248
23066	1975	700	58110	3958	0	64743
23067	1140	705	59818	2086	0	63749
23068	891	677	3724	60078	0	65370
23069	848	646	62174	4018	0	67686
23070	802	644	3295	62246	0	66987
23071	747	651	1406	65484	0	68288
23072	787	662	61621	4940	0	68010
23073	758	711	62737	2529	0	66735
23074	681	638	4013	61650	0	66982
23075	704	672	1775	66801	0	69952
23076	61368	699	968	5116	0	68151
23077	3200	60526	746	2821	0	67293
23078	1582	66870	651	1989	0	71092
23079	61554	4391	538	1784	0	68267
23080	65360	2010	502	1647	0	69519
23081	4358	63256	569	1691	0	69874
23082	2020	66476	496	1564	0	70556
23083	64877	4521	459	1618	0	71475
23084	3868	2034	456	65283	0	71641
23085	64050	1305	498	4511	0	70364
23086	3950	63652	558	2640	0	70800
23087	66144	3729	519	2031	0	72423
23088	4341	1854	62224	1890	0	70309
23089	64282	1134	3195	1878	0	70489
23090	4367	1072	62458	1877	0	69774
23091	2276	997	3535	63563	0	70371
23092	63520	1016	1666	4628	0	70830
23093	4161	911	60470	2999	0	68541
23094	2214	926	3422	65437	0	71999
23095	64704	1054	1640	4829	0	72227
23096	4191	1165	61100	2940	0	69396
23097	2288	1171	3363	63940	0	70762
23098	60614	1119	1559	4863	0	68155
23099	3978	60745	966	3009	0	68698
23100	2111	3831	735	62332	0	69009
23101	1595	2195	655	64285	0	68730
23102	1574	1565	667	63548	0	67354
23103	1472	60016	567	5606	0	67661
23104	1519	3849	530	63069	0	68967
23105	1559	1968	577	64674	0	68778
23106	1676	1466	521	65342	0	69005
23107	1715	1299	609	66537	0	70160
23108	1828	1263	59801	5755	0	68647
23109	59904	1178	3346	3103	0	67531
23110	63502	1016	1565	2347	0	68430
23111	5103	62198	1096	2076	0	70473
23112	2404	3762	912	61320	0	68398
23113	1686	1859	786	62224	0	66555
23114	1591	59197	884	5540	0	67212
23115	1202	3552	971	62929	0	68654
23116	56971	1666	958	5023	0	64618
23117	3468	55584	989	2912	0	62953
23118	51971	3230	935	1746	0	57882
23119	3386	1463	705	51323	0	56877
23120	1540	1067	46799	4040	0	53446
23121	1051	48792	2751	2373	0	54967
23122	42425	3602	1628	1551	0	49206
23123	2710	42932	690	1216	0	47548
23124	1241	43344	535	1058	0	46178
23125	32748	1956	346	677	0	35727
23126	2045	800	31288	661	0	34794
23127	674	28718	1263	568	0	31223
23128	23813	1686	525	512	0	26536
23129	15936	158	1767	395	0	18256
23130	390	15542	44	57	0	16033
23131	107	400	26	15579	0	16112
23132	107	101	17439	387	0	18034
23133	71	97	335	17220	0	17723
23134	70	94	49	17278	0	17491
23135	75	88	35	18304	0	18502
23136	78	87	19301	443	0	19909
23137	90	61	340	18573	0	19064
23138	108	70	19200	430	0	19808
23139	91	94	18524	100	0	18809
23140	16554	79	376	123	0	17132
23141	398	18293	105	99	0	18895
23142	97	18941	97	92	0	19227
23143	91	423	60	19392	0	19966
23144	21919	119	59	417	0	22514
23145	21722	100	71	119	0	22012
23146	20246	80	54	123	0	20503
23147	20447	55	65	123	0	20690
23148	19936	76	85	94	0	20191
23149	493	83	19518	94	0	20188
23150	182	69	355	19235	0	19841
23151	134	19333	115	374	0	19956
23152	105	415	63	20223	0	20806
23153	21034	100	75	461	0	21670
23154	412	20663	80	190	0	21345
23155	136	432	56	21670	0	22294
23156	22239	119	47	501	0	22906
23157	24590	107	86	130	0	24913
23158	512	100	60	25376	0	26048
23159	199	83	86	24764	0	25132
23160	161	91	72	25576	0	25900
23161	141	100	24828	555	0	25624
23162	130	121	25377	245	0	25873
23163	133	105	417	26169	0	26824
23164	109	106	117	27030	0	27362
23165	26871	77	107	595	0	27650
23166	27127	80	97	212	0	27516
23167	27244	87	91	169	0	27591
23168	27272	81	74	195	0	27622
23169	24431	96	77	160	0	24764
23170	544	23211	90	196	0	24041
23171	24610	451	81	192	0	25334
23172	25545	149	80	182	0	25956
23173	25519	134	93	165	0	25911
23174	710	110	81	26285	0	27186
23175	303	128	25333	653	0	26417
23176	223	96	540	25555	0	26414
23177	255	105	28482	726	0	29568
23178	196	81	467	25715	0	26459
23179	175	26434	157	517	0	27283
23180	27981	481	97	215	0	28774
23181	27601	150	84	172	0	28007
23182	611	112	88	28636	0	29447
23183	234	97	88	30087	0	30506
23184	200	84	76	31959	0	32319
23185	189	32450	85	659	0	33383
23186	34283	473	66	238	0	35060
23187	33868	144	72	182	0	34266
23188	633	33754	90	202	0	34679
23189	263	516	79	34951	0	35809
23190	229	153	72	34437	0	34891
23191	177	33773	82	545	0	34577
23192	35320	504	53	250	0	36127
23193	34992	161	67	197	0	35417
23194	665	109	62	33775	0	34611
23195	285	96	33201	604	0	34186
23196	228	124	31519	239	0	32110
23197	207	77	497	34543	0	35324
23198	217	94	173	34678	0	35162
23199	209	82	108	37146	0	37545
23200	36820	108	100	700	0	37728
23201	36936	86	95	313	0	37430
23202	693	36162	108	277	0	37240
23203	38715	519	140	244	0	39618
23204	802	178	38634	237	0	39851
23205	331	174	38478	220	0	39203
23206	252	40284	836	235	0	41607
23207	40381	758	833	194	0	42166
23208	703	38304	116	170	0	39293
23209	40532	701	115	142	0	41490
23210	802	191	39217	158	0	40368
23211	259	150	38923	140	0	39472
23212	203	96	750	38171	0	39220
23213	218	112	42342	780	0	43452
23214	179	101	679	42234	0	43193
23215	207	124	195	40298	0	40824
23216	190	42042	162	828	0	43222
23217	169	721	106	44593	0	45589
23218	170	209	98	45823	0	46300
23219	46556	129	134	909	0	47728
23220	769	45013	164	348	0	46294
23221	252	772	109	47936	0	49069
23222	243	216	46572	952	0	47983
23223	40592	156	814	369	0	41931
23224	892	134	45803	252	0	47081
23225	254	90	759	44762	0	45865
23226	177	44943	295	774	0	46189
23227	136	728	152	46885	0	47901
23228	49428	197	118	882	0	50625
23229	49184	162	100	328	0	49774
23230	1137	48798	139	280	0	50354
23231	53649	884	125	188	0	54846
23232	55374	315	134	208	0	56031
23233	55661	179	128	226	0	56194
23234	56121	122	124	212	0	56579
23235	54340	127	157	202	0	54826
23236	1360	158	51777	200	0	53495
23237	538	141	968	51411	0	53058
23238	367	148	313	52836	0	53664
23239	304	130	207	53106	0	53747
23240	262	52235	181	1352	0	54030
23241	275	991	137	54977	0	56380
23242	288	419	52055	1251	0	54013
23243	277	51904	958	499	0	53638
23244	279	52283	350	384	0	53296
23245	286	1188	224	53214	0	54912
23246	272	438	170	53582	0	54462
23247	277	277	135	52797	0	53486
23248	260	50774	173	1474	0	52681
23249	297	52850	176	596	0	53919
23250	53790	1236	162	384	0	55572
23251	53424	458	169	327	0	54378
23252	1317	52354	194	374	0	54239
23253	54836	1087	149	318	0	56390
23254	54461	394	144	362	0	55361
23255	1315	273	157	55323	0	57068
23256	545	223	160	54829	0	55757
23257	334	244	165	54142	0	54885
23258	355	267	49803	1464	0	51889
23259	370	360	48285	580	0	49595
23260	379	52712	1224	445	0	54760
23261	55774	1239	494	393	0	57900
23262	1464	565	54073	352	0	56454
23263	52647	344	1354	380	0	54725
23264	1676	340	57109	336	0	59461
23265	56257	279	1505	351	0	58392
23266	1766	58685	677	342	0	61470
23267	59612	1600	386	371	0	61969
23268	1827	647	357	59622	0	62453
23269	832	408	311	61166	0	62717
23270	646	521	55931	2201	0	59299
23271	469	59778	1381	1103	0	62731
23272	412	1628	530	61342	0	63912
23273	435	734	58935	1873	0	61977
23274	53334	357	1530	858	0	56079
23275	1567	57939	706	580	0	60792
23276	58606	1529	371	474	0	60980
23277	1679	55441	341	516	0	57977
23278	760	1605	260	56332	0	58957
23279	55648	706	310	1730	0	58394
23280	1577	54833	330	898	0	57638
23281	764	1568	265	57726	0	60323
23282	572	765	54208	1772	0	57317
23283	49758	500	1440	858	0	52556
23284	1664	415	577	53555	0	56211
23285	925	403	50233	1806	0	53367
23286	666	50809	1486	902	0	53863
23287	564	1603	585	51317	0	54069
23288	576	759	49337	1792	0	52464
23289	577	529	1453	48088	0	50647
23290	552	50616	598	1689	0	53455
23291	564	53117	416	892	0	54989
23292	667	1976	51057	559	0	54259
23293	589	881	1495	51475	0	54440
23294	539	551	51786	1871	0	54747
23295	50431	473	1641	894	0	53439
23296	1838	441	667	50969	0	53915
23297	861	48403	467	2003	0	51734
23298	664	51892	383	853	0	53792
23299	49720	1955	344	601	0	52620
23300	1517	52587	331	585	0	55020
23301	51796	1748	324	522	0	54390
23302	1788	848	50366	539	0	53541
23303	45486	521	2643	510	0	49160
23304	1501	47851	1323	396	0	51071
23305	48749	1309	385	335	0	50778
23306	1381	47272	319	346	0	49318
23307	644	1540	212	46882	0	49278
23308	1472	765	203	47671	0	50111
23309	323	441	45512	1689	0	47965
23310	43005	402	1238	798	0	45443
23311	1359	305	46848	511	0	49023
23312	46476	314	1384	322	0	48496
23313	1455	377	567	45118	0	47517
23314	699	332	356	45264	0	46651
23315	460	45956	283	1751	0	48450
23316	358	1403	235	46958	0	48954
23317	305	694	237	47422	0	48658
23318	326	460	43804	1908	0	46498
23319	39200	336	1277	873	0	41686
23320	1355	42687	580	547	0	45169
23321	42240	1286	322	347	0	44195
23322	1402	616	245	41832	0	44095
23323	631	379	252	43055	0	44317
23324	41471	292	271	1721	0	43755
23325	1305	40640	309	884	0	43138
23326	41221	1264	260	533	0	43278
23327	1440	40734	320	426	0	42920
23328	577	38776	220	285	0	39858
23329	40161	1335	217	305	0	42018
23330	1207	642	1232	37294	0	40375
23331	583	391	35887	1042	0	37903
23332	432	293	920	32612	0	34257
23333	332	285	443	33201	0	34261
23334	320	32197	324	1346	0	34187
23335	310	1032	193	33529	0	35064
23336	288	590	168	33751	0	34797
23337	276	380	162	33950	0	34768
23338	216	326	170	34428	0	35140
23339	244	317	33262	1655	0	35478
23340	249	348	33192	806	0	34595
23341	297	341	1230	33059	0	34927
23342	315	290	33361	1355	0	35321
23343	338	305	33862	687	0	35192
23344	350	346	1320	34219	0	36235
23345	320	344	36630	1367	0	38661
23346	313	311	1164	34288	0	36076
23347	230	35347	563	1313	0	37453
23348	37431	1157	342	739	0	39669
23349	1258	575	37907	503	0	40243
23350	593	420	1220	37349	0	39582
23351	366	352	40751	1466	0	42935
23352	318	277	1394	46074	0	48063
23353	287	263	661	47772	0	48983
23354	46405	237	457	2474	0	49573
23355	1569	233	331	48095	0	50228
23356	46916	249	273	2275	0	49713
23357	47893	222	250	1199	0	49564
23358	2397	47733	303	778	0	51211
23359	47992	1675	242	543	0	50452
23360	1931	47951	270	504	0	50656
23361	870	50451	254	438	0	52013
23362	48115	1979	264	410	0	50768
23363	1708	880	46712	387	0	49687
23364	749	455	43131	277	0	44612
23365	41296	243	2465	279	0	44283
23366	42813	191	771	214	0	43989
23367	1776	42134	420	275	0	44605
23368	46169	1269	245	222	0	47905
23369	46268	613	235	214	0	47330
23370	46178	386	194	208	0	46966
23371	2078	252	163	45046	0	47539
23372	45249	221	195	1394	0	47059
23373	1636	44649	200	759	0	47244
23374	856	1261	171	47683	0	49971
23375	623	590	178	47991	0	49382
23376	450	46467	224	1887	0	49028
23377	453	1295	178	48725	0	50651
23378	47070	654	168	1718	0	49610
23379	47770	417	165	867	0	49219
23380	1949	45073	213	605	0	47840
23381	1024	46805	152	467	0	48448
23382	47682	1700	172	386	0	49940
23383	1699	878	45632	461	0	48670
23384	928	555	44565	474	0	46522
23385	758	361	1611	43296	0	46026
23386	555	323	782	46102	0	47762
23387	626	346	44081	1900	0	46953
23388	630	41895	1345	1025	0	44895
23389	602	1392	693	43549	0	46236
23390	668	794	43907	1531	0	46900
23391	611	578	1290	42872	0	45351
23392	568	481	699	43312	0	45060
23393	615	44312	475	1798	0	47200
23394	544	1471	356	45522	0	47893
23395	537	784	397	45658	0	47376
23396	538	606	355	46894	0	48393
23397	46808	387	312	2167	0	49674
23398	1610	415	290	44658	0	46973
23399	1045	44674	344	1754	0	47817
23400	45808	1377	308	978	0	48471
23401	1809	836	43214	738	0	46597
23402	1142	619	42800	669	0	45230
23403	42595	387	1586	558	0	45126
23404	1582	445	841	45546	0	48414
23405	1072	391	44562	1599	0	47624
23406	741	304	1313	44222	0	46580
23407	541	392	782	46583	0	48298
23408	45056	403	504	2111	0	48074
23409	44212	391	363	1321	0	46287
23410	2060	44658	413	967	0	48098
23411	1139	1392	349	44676	0	47556
23412	900	781	43261	1709	0	46651
23413	690	43151	1203	1109	0	46153
23414	44538	1381	732	812	0	47463
23415	1468	45727	544	651	0	48390
23416	47320	1422	344	676	0	49762
23417	1706	834	45871	660	0	49071
23418	44646	582	1311	592	0	47131
23419	49347	518	759	551	0	51175
23420	2334	569	49950	580	0	53433
23421	1267	497	1730	48984	0	52478
23422	905	50006	961	1854	0	53726
23423	727	55173	665	1077	0	57642
23424	637	56983	543	815	0	58978
23425	695	2825	457	56840	0	60817
23426	737	1402	57266	2243	0	61648
23427	619	871	1875	56955	0	60320
23428	738	643	868	60218	0	62467
23429	780	526	56686	2902	0	60894
23430	681	55491	1975	1539	0	59686
23431	684	2016	898	58133	0	61731
23432	57205	971	651	2420	0	61247
23433	2119	719	544	58161	0	61543
23434	1113	577	456	59206	0	61352
23435	842	57677	363	3024	0	61906
23436	59644	2126	394	1621	0	63785
23437	2206	1113	394	61311	0	65024
23438	1227	763	59843	2679	0	64512
23439	957	57996	1787	1508	0	62248
23440	59712	2091	965	996	0	63764
23441	2281	1194	58587	809	0	62871
23442	57064	822	1985	839	0	60710
23443	2392	622	1143	56658	0	60815
23444	1252	56370	816	2076	0	60514
23445	56110	2085	599	1188	0	59982
23446	56314	1176	514	974	0	58978
23447	2621	58211	572	807	0	62211
23448	1199	2158	475	57554	0	61386
23449	906	1091	442	58777	0	61216
23450	56411	728	489	2701	0	60329
23451	1953	55058	482	1480	0	58973
23452	714	1395	235	50248	0	52592
23453	502	47873	296	1565	0	50236
23454	379	49031	240	823	0	50473
23455	1103	1339	152	46318	0	48912
23456	45763	532	121	1215	0	47631
23457	1013	45580	141	554	0	47288
23458	326	1075	91	45774	0	47266
23459	269	438	95	45946	0	46748
23460	247	390	43494	1322	0	45453
23461	239	352	39903	611	0	41105
23462	164	40552	1146	531	0	42393
23463	233	1047	41128	348	0	42756
23464	181	437	1107	41109	0	42834
23465	213	382	42621	1138	0	44354
23466	180	278	1117	41613	0	43188
23467	227	251	440	42865	0	43783
23468	159	267	303	42489	0	43218
23469	40861	248	237	1580	0	42926
23470	1089	241	179	40651	0	42160
23471	440	236	156	41016	0	41848
23472	296	39271	185	1521	0	41273
23473	273	1045	134	40563	0	42015
23474	39413	475	129	1496	0	41513
23475	1052	38524	168	720	0	40464
23476	39774	1217	134	558	0	41683
23477	1267	548	37864	497	0	40176
23478	535	510	38356	415	0	39816
23479	364	373	1232	38765	0	40734
23480	328	294	487	41400	0	42509
23481	258	40107	403	1509	0	42277
23482	223	1250	275	41379	0	43127
23483	40902	513	219	1577	0	43211
23484	41046	410	262	796	0	42514
23485	1367	361	234	41698	0	43660
23486	607	355	44898	1512	0	47372
23487	447	316	1071	44778	0	46612
23488	380	282	460	46484	0	47606
23489	278	266	363	48349	0	49256
23490	272	279	323	47303	0	48177
23491	242	301	250	46567	0	47360
23492	213	44037	302	2373	0	46925
23493	45402	1235	230	1091	0	47958
23494	47697	501	248	869	0	49315
23495	48257	391	232	762	0	49642
23496	1669	47555	227	751	0	50202
23497	47316	1417	190	670	0	49593
23498	1546	46594	230	597	0	48967
23499	738	1607	45949	531	0	48825
23500	564	648	1238	44228	0	46678
23501	585	454	46545	1614	0	49198
23502	404	46057	1456	882	0	48799
23503	46837	1555	929	715	0	50036
23504	1519	650	47377	634	0	50180
23505	675	571	50796	594	0	52636
23506	503	51477	1799	606	0	54385
23507	425	1599	780	55377	0	58181
23508	496	740	57317	1810	0	60363
23509	401	516	1581	55133	0	57631
23510	359	415	692	61506	0	62972
23511	345	281	539	66909	0	68074
23512	68492	307	318	2877	0	71994
23513	70415	334	250	1406	0	72405
23514	2890	293	201	69376	0	72760
23515	68488	223	268	2871	0	71850
23516	2972	323	66664	1312	0	71271
23517	1187	331	66492	985	0	68995
23518	886	261	67510	859	0	69516
23519	647	192	65810	540	0	67189
23520	499	61995	2526	526	0	65546
23521	479	1690	1474	64127	0	67770
23522	526	546	65279	1909	0	68260
23523	57414	314	1954	707	0	60389
23524	64066	205	868	508	0	65647
23525	2136	61099	734	473	0	64442
23526	60970	1592	649	388	0	63599
23527	2046	605	637	60104	0	63392
23528	891	414	61524	1800	0	64629
23529	597	325	1997	58578	0	61497
23530	501	62273	1003	1821	0	65598
23531	63473	1770	713	799	0	66755
23532	63840	715	532	665	0	65752
23533	2256	62307	505	577	0	65645
23534	64160	1723	423	440	0	66746
23535	63620	726	353	415	0	65114
23536	2439	61058	348	489	0	64334
23537	1301	1834	340	60090	0	63565
23538	943	59241	364	1801	0	62349
23539	61393	1924	362	840	0	64519
23540	2065	859	399	60498	0	63821
23541	61374	641	430	1885	0	64330
23542	2268	610	344	61072	0	64294
23543	1225	576	58564	2016	0	62381
23544	58858	524	1616	885	0	61883
23545	2303	546	59486	680	0	63015
23546	1203	456	1824	58554	0	62037
23547	987	470	58227	1966	0	61650
23548	852	433	1877	57908	0	61070
23549	743	432	58339	2235	0	61749
23550	56266	364	1935	1092	0	59657
23551	2083	56013	905	1001	0	60002
23552	58031	1621	755	828	0	61235
23553	2256	657	627	58559	0	62099
23554	57922	445	668	2081	0	61116
23555	2149	56183	691	1475	0	60498
23556	1205	56743	713	781	0	59442
23557	933	61019	656	703	0	63311
23558	61512	2300	593	665	0	65070
23559	2146	969	547	61231	0	64893
23560	1066	737	453	61659	0	63915
23561	932	691	58384	2279	0	62286
23562	846	694	57723	1160	0	60423
23563	874	631	1912	60084	0	63501
23564	886	594	62128	2069	0	65677
23565	738	61636	1986	1165	0	65525
23566	63384	2099	883	866	0	67232
23567	2190	968	63387	706	0	67251
23568	1075	761	63585	685	0	66106
23569	875	531	2536	63058	0	67000
23570	66416	446	1261	2380	0	70503
23571	2255	451	956	66584	0	70246
23572	66143	372	856	2593	0	69964
23573	2373	373	973	67171	0	70890
23574	1184	397	65500	2507	0	69588
23575	913	65097	2399	1259	0	69668
23576	842	2068	67784	927	0	71621
23577	777	67715	2505	840	0	71837
23578	738	2407	1207	68318	0	72670
23579	67245	854	929	2273	0	71301
23580	2348	643	66374	1173	0	70538
23581	1190	566	2116	65778	0	69650
23582	1051	499	980	68901	0	71431
23583	67915	432	812	2819	0	71978
23584	2272	516	745	65866	0	69399
23585	1012	65721	786	2523	0	70042
23586	63488	2086	780	1202	0	67556
23587	2257	1005	61357	1009	0	65628
23588	59777	765	2036	860	0	63438
23589	2463	60919	951	822	0	65155
23590	2413	2395	685	57523	0	63016
23591	1172	61958	569	1910	0	65609
23592	62933	2185	601	1083	0	66802
23593	2479	998	61894	1043	0	66414
23594	57995	729	1660	803	0	61187
23595	2321	60713	756	737	0	64527
23596	1204	1883	582	64051	0	67720
23597	64312	860	499	2048	0	67719
23598	65066	672	598	976	0	67312
23599	2517	604	529	65191	0	68841
23600	1327	628	511	66191	0	68657
23601	1061	64492	510	2362	0	68425
23602	896	1889	494	66212	0	69491
23603	865	74554	547	2313	0	78279
23604	807	81099	600	1256	0	83762
23605	671	2684	454	75083	0	78892
23606	670	77237	583	2434	0	80924
23607	780	2638	77403	1084	0	81905
23608	769	1213	80996	1001	0	83979
23609	705	80995	2868	1073	0	85641
23610	605	2547	85320	712	0	89184
23611	469	949	87364	566	0	89348
23612	272	595	80167	302	0	81336
23613	158	78744	2657	265	0	81824
23614	77776	1833	1970	212	0	81791
23615	1582	77815	760	230	0	80387
23616	676	1987	77033	105	0	79801
23617	382	799	1851	75480	0	78512
23618	77547	547	736	1753	0	80583
23619	1804	372	75665	684	0	78525
23620	715	260	1937	75180	0	78092
23621	503	219	76895	1834	0	79451
23622	278	189	2153	75693	0	78313
23623	74959	155	970	2117	0	78201
23624	1805	300	73874	864	0	76843
23625	747	75354	1999	614	0	78714
23626	503	1952	866	75666	0	78987
23627	78519	793	623	1907	0	81842
23628	2096	671	73439	754	0	76960
23629	870	403	2111	69313	0	72697
23630	587	72954	1023	1851	0	76415
23631	74218	1972	747	820	0	77757
23632	74093	767	598	597	0	76055
23633	2542	535	508	73146	0	76731
23634	1235	76087	461	2126	0	79909
23635	826	80636	399	1056	0	82917
23636	82030	2672	422	706	0	85830
23637	2489	1249	391	81317	0	85446
23638	1018	83119	468	2370	0	86975
23639	83802	2550	434	1048	0	87834
23640	2452	1088	456	84713	0	88709
23641	1061	791	421	86703	0	88976
23642	819	880	77208	3224	0	82131
23643	574	83117	2030	1580	0	87301
23644	557	88270	932	1033	0	90792
23645	493	2958	678	88939	0	93068
23646	88307	1363	489	2750	0	92909
23647	2489	87615	494	1236	0	91834
23648	88355	2769	429	896	0	92449
23649	2862	86203	464	699	0	90228
23650	1297	2942	417	87123	0	91779
23651	88112	1339	365	2557	0	92373
23652	2788	999	396	87946	0	92129
23653	1309	841	85583	2964	0	90697
23654	906	750	2406	82935	0	86997
23655	688	84844	1112	2823	0	89467
23656	85475	2746	801	1219	0	90241
23657	2568	83532	665	1017	0	87782
23658	1187	3016	557	83044	0	87804
23659	944	1481	519	87253	0	90197
23660	864	1103	82821	3307	0	88095
23661	731	853	82714	1668	0	85966
23662	649	1583	3067	83202	0	88501
23663	659	881	81068	2986	0	85594
23664	555	79242	2868	1544	0	84209
23665	80012	2455	1197	1073	0	84737
23666	2439	1229	80727	864	0	85259
23667	79732	909	2414	770	0	83825
23668	83390	822	2054	747	0	87013
23669	81496	611	884	579	0	83570
23670	82041	581	681	612	0	83915
23671	3283	534	656	79417	0	83890
23672	1609	499	657	77920	0	80685
23673	1080	77898	716	2777	0	82471
23674	79224	2245	724	1452	0	83645
23675	2519	1225	74621	993	0	79358
23676	1215	949	2275	74398	0	78837
23677	989	730	1169	76552	0	79440
23678	784	708	73938	2958	0	78388
23679	740	74457	2401	1613	0	79211
23680	777	2335	1191	74503	0	78806
23681	740	1109	927	78936	0	81712
23682	76666	893	653	3135	0	81347
23683	2354	74853	603	1855	0	79665
23684	1256	2395	481	76111	0	80243
23685	1002	75065	553	2660	0	79280
23686	830	2570	514	78317	0	82231
23687	76674	1211	464	2950	0	81299
23688	77055	918	487	1602	0	80062
23689	3063	666	440	76730	0	80899
23690	77482	631	476	2856	0	81445
23691	76819	636	476	1540	0	79471
23692	3151	74306	440	1299	0	79196
23693	1769	2365	349	73136	0	77619
23694	1306	74989	398	2461	0	79154
23695	953	2693	341	74851	0	78838
23696	73258	1294	315	2883	0	77750
23697	2520	1105	348	72583	0	76556
23698	1404	860	262	74726	0	77252
23699	1202	834	67699	3283	0	73018
23700	978	64928	1831	1980	0	69717
23701	942	70248	780	1443	0	73413
23702	68552	2611	500	1226	0	72889
23703	2535	1432	282	55820	0	60069
23704	51927	793	269	1909	0	54898
23705	1922	51019	234	1176	0	54351
23706	971	46373	214	875	0	48433
23707	689	49818	203	743	0	51453
23708	39780	1836	627	406	0	42649
23709	907	41295	173	470	0	42845
23710	39036	737	90	309	0	40172
23711	35727	236	57	142	0	36162
23712	36787	174	65	163	0	37189
23713	869	152	53	38679	0	39753
23714	319	157	57	40220	0	40753
23715	197	125	75	40769	0	41166
23716	177	117	68	40728	0	41090
23717	40571	96	67	1128	0	41862
23718	794	38474	126	418	0	39812
23719	306	752	62	41248	0	42368
23720	43082	238	74	905	0	44299
23721	836	160	73	40512	0	41581
23722	295	161	49	40927	0	41432
23723	41129	120	66	1073	0	42388
23724	877	142	38424	408	0	39851
23725	280	120	578	37927	0	38905
23726	220	90	38445	831	0	39586
23727	162	77	585	38385	0	39209
23728	164	67	190	39383	0	39804
23729	38761	68	113	889	0	39831
23730	644	36771	129	397	0	37941
23731	243	36721	94	249	0	37307
23732	37846	697	46	188	0	38777
23733	657	36780	74	166	0	37677
23734	37206	517	42	148	0	37913
23735	587	182	36849	170	0	37788
23736	37392	59	302	126	0	37879
23737	36818	40	90	106	0	37054
23738	36662	66	52	98	0	36878
23739	545	51	42	35473	0	36111
23740	198	73	44	35639	0	35954
23741	97	34475	53	548	0	35173
23742	110	393	33	35081	0	35617
23743	34066	148	38	494	0	34746
23744	435	34143	63	247	0	34888
23745	98	34168	29	79	0	34374
23746	34902	391	8	43	0	35344
23747	369	130	34433	50	0	34982
23748	125	68	300	32953	0	33446
23749	79	49	34611	352	0	35091
23750	62	28	317	33529	0	33936
23751	57	33988	119	331	0	34495
23752	48	343	37	36389	0	36817
23753	35338	86	19	365	0	35808
23754	335	56	24	34842	0	35257
23755	113	52	35340	396	0	35901
23756	31116	44	398	155	0	31713
23757	407	34776	184	88	0	35455
23758	166	36028	89	88	0	36371
23759	38796	517	45	57	0	39415
23760	40338	207	23	59	0	40627
23761	758	158	40054	66	0	41036
23762	37954	50	592	96	0	38692
23763	723	41280	252	94	0	42349
23764	44319	629	94	78	0	45120
23765	728	262	58	42582	0	43630
23766	323	39227	72	566	0	40188
23767	40955	644	46	231	0	41876
23768	765	1212	39993	130	0	42100
23769	356	131	594	40561	0	41642
23770	43164	105	236	707	0	44212
23771	779	96	42381	290	0	43546
23772	42199	74	640	184	0	43097
23773	768	94	255	41845	0	42962
23774	377	65	129	43616	0	44187
23775	246	86	44300	1000	0	45632
23776	177	75	709	43272	0	44233
23777	45850	59	269	933	0	47111
23778	796	42577	201	443	0	44017
23779	45105	779	87	230	0	46201
23780	45112	301	81	188	0	45682
23781	1097	175	74	44114	0	45460
23782	501	143	46768	917	0	48329
23783	271	102	794	46018	0	47185
23784	47866	75	297	1001	0	49239
23785	889	45022	215	462	0	46588
23786	49964	788	115	246	0	51113
23787	1125	307	88	49138	0	50658
23788	466	176	89	49681	0	50412
23789	260	112	115	51042	0	51529
23790	231	124	47537	1405	0	49297
23791	200	93	923	48057	0	49273
23792	225	157	48739	1207	0	50328
23793	257	162	48413	478	0	49310
23794	210	129	1203	56016	0	57558
23795	238	125	56745	1584	0	58692
23796	58643	107	1502	776	0	61028
23797	1760	113	676	62758	0	65307
23798	960	98	432	62191	0	63681
23799	534	62123	320	2547	0	65524
23800	64694	1694	260	1245	0	67893
23801	65668	900	195	694	0	67457
23802	2703	64284	211	535	0	67733
23803	1425	1961	137	66146	0	69669
23804	794	1036	64288	2086	0	68204
23805	60620	511	1869	1218	0	64218
23806	66323	304	969	747	0	68343
23807	2910	273	514	64286	0	67983
23808	1536	310	61412	2214	0	65472
23809	933	59376	1927	1248	0	63484
23810	61410	1985	952	801	0	65148
23811	2345	1103	60027	585	0	64060
23812	1258	58527	1922	502	0	62209
23813	59418	1805	1022	407	0	62652
23814	59517	965	579	426	0	61487
23815	2844	624	412	57318	0	61198
23816	1609	57887	411	1920	0	61827
23817	1005	1989	330	60900	0	64224
23818	715	1130	313	63861	0	66019
23819	690	612	331	62805	0	64438
23820	531	484	323	63614	0	64952
23821	623	407	58354	3631	0	63015
23822	597	333	1939	61053	0	63922
23823	573	356	1048	63740	0	65717
23824	595	362	59987	3536	0	64480
23825	465	59548	2137	2053	0	64203
23826	62433	2107	1155	1336	0	67031
23827	62537	1164	735	1007	0	65443
23828	3101	700	486	62466	0	66753
23829	63142	436	494	2689	0	66761
23830	2881	425	419	62902	0	66627
23831	1633	367	61552	3170	0	66722
23832	1128	481	59521	1850	0	62980
23833	764	59688	2945	1427	0	64824
23834	59944	2214	1504	1043	0	64705
23835	2702	1295	61321	1066	0	66384
23836	1678	786	2564	56377	0	61405
23837	1154	551	1534	66930	0	70169
23838	919	460	919	69599	0	71897
23839	808	430	696	70386	0	72320
23840	748	464	708	71055	0	72975
23841	809	571	64042	5431	0	70853
23842	888	486	2774	69725	0	73873
23843	66810	510	1675	4344	0	73339
23844	3093	64426	1087	2844	0	71450
23845	65312	2828	830	1909	0	70879
23846	3420	65979	791	1644	0	71834
23847	67999	3283	725	1342	0	73349
23848	69455	1829	673	1313	0	73270
23849	4700	1084	685	67032	0	73501
23850	2780	764	665	70512	0	74721
23851	67551	717	620	4922	0	73810
23852	64771	700	657	2998	0	69126
23853	67605	690	658	2053	0	71006
23854	4798	62661	765	1670	0	69894
23855	2700	65706	666	1494	0	70566
23856	1867	3749	61576	1519	0	68711
23857	1399	2040	2703	63138	0	69280
23858	1230	1181	60312	4010	0	66733
23859	1110	59195	3149	2854	0	66308
23860	949	2718	1589	57785	0	63041
23861	1058	1624	935	59260	0	62877
23862	963	1101	721	62237	0	65022
23863	56585	811	664	4971	0	63031
23864	56793	763	678	3064	0	61298
23865	4018	55315	756	2234	0	62323
23866	2434	2722	688	57163	0	63007
23867	1677	1808	54508	3551	0	61544
23868	1417	1209	53436	2476	0	58538
23869	53753	960	3627	1727	0	60067
23870	56160	758	1996	1571	0	60485
23871	4401	676	1181	54281	0	60539
23872	55650	675	934	3691	0	60950
23873	3799	725	51378	2734	0	58636
23874	2387	51002	2814	1873	0	58076
23875	1701	2610	1808	52001	0	58120
23876	1399	1742	51889	3486	0	58516
23877	1239	1118	2847	52525	0	57729
23878	1130	864	1839	54481	0	58314
23879	1136	808	50480	4780	0	57204
23880	49319	683	2698	3462	0	56162
23881	51870	720	1788	2507	0	56885
23882	3755	50228	1141	2298	0	57422
23883	53611	2664	933	2132	0	59340
23884	57068	1637	898	2035	0	61638
23885	4796	1047	52692	1888	0	60423
23886	53875	876	2662	1691	0	59104
23887	4039	56933	1711	1604	0	64287
23888	60750	2931	1097	1423	0	66201
23889	60656	1990	979	1857	0	65482
23890	63933	1323	837	1303	0	67396
23891	61444	941	878	1352	0	64615
23892	62191	902	817	1433	0	65343
23893	6187	58309	712	1579	0	66787
23894	51286	2440	1177	1091	0	55994
23895	3501	50710	619	1068	0	55898
23896	1763	44027	480	758	0	47028
23897	1187	47827	423	718	0	50155
23898	47775	2888	406	759	0	51828
23899	49390	1345	464	719	0	51918
23900	3207	795	45807	759	0	50568
23901	48365	576	1955	699	0	51595
23902	49445	550	1121	600	0	51716
23903	3333	625	47483	654	0	52095
23904	1957	461	2011	47734	0	52163
23905	1254	529	1135	49488	0	52406
23906	1148	421	597	51344	0	53510
23907	1085	479	491	52260	0	54315
23908	1047	458	408	53226	0	55139
23909	1045	507	48150	3608	0	53310
23910	960	49171	2188	1899	0	54218
23911	48978	2306	1154	1077	0	53515
23912	2820	50456	669	888	0	54833
23913	49828	2491	498	715	0	53532
23914	50801	1267	432	777	0	53277
23915	3628	810	46291	682	0	51411
23916	1843	620	1972	42621	0	47056
23917	1195	46889	1094	1981	0	51159
23918	47672	2021	568	1102	0	51363
23919	48061	1103	553	826	0	50543
23920	48432	650	447	638	0	50167
23921	3359	47762	419	603	0	52143
23922	48632	1997	425	469	0	51523
23923	48746	1000	325	460	0	50531
23924	48156	674	324	427	0	49581
23925	3303	513	371	45074	0	49261
23926	1889	449	303	47276	0	49917
23927	1332	417	331	48840	0	50920
23928	46551	434	337	2813	0	50135
23929	2525	46368	317	1367	0	50577
23930	47839	2022	264	816	0	50941
23931	47213	1121	267	529	0	49130
23932	47028	610	274	426	0	48338
23933	46530	541	269	335	0	47675
23934	3577	44128	270	397	0	48372
23935	40028	1730	176	328	0	42262
23936	2624	39392	190	359	0	42565
23937	1087	36064	102	271	0	37524
23938	35812	1587	127	222	0	37748
23939	1748	34308	108	269	0	36433
23940	1113	36062	89	224	0	37488
23941	36274	1706	95	192	0	38267
23942	35358	744	54	175	0	36331
23943	1913	525	61	33454	0	35953
23944	1058	424	78	34513	0	36073
23945	34444	377	79	1474	0	36374
23946	34889	399	95	664	0	36047
23947	35623	384	84	382	0	36473
23948	2099	425	32575	262	0	35361
23949	34332	408	1011	253	0	36004
23950	1892	399	450	34859	0	37600
23951	1086	408	283	35296	0	37073
23952	926	371	188	35756	0	37241
23953	807	321	199	36305	0	37632
23954	759	299	33463	1850	0	36371
23955	709	329	34191	963	0	36192
23956	649	315	1393	34999	0	37356
23957	751	285	34959	1541	0	37536
23958	702	318	34540	825	0	36385
23959	725	310	1548	34446	0	37029
23960	682	341	725	36417	0	38165
23961	733	277	477	37342	0	38829
23962	710	347	368	37238	0	38663
23963	36424	320	322	2064	0	39130
23964	37960	308	319	1108	0	39695
23965	1987	325	313	36910	0	39535
23966	1197	267	288	37783	0	39535
23967	908	289	315	38406	0	39918
23968	808	279	299	38254	0	39640
23969	765	276	275	37747	0	39063
23970	724	35670	309	2134	0	38837
23971	36395	1273	244	1174	0	39086
23972	1664	36039	239	945	0	38887
23973	37476	1485	201	804	0	39966
23974	37801	705	180	728	0	39414
23975	38182	522	154	712	0	39570
23976	2301	411	188	35187	0	38087
23977	36106	400	177	1640	0	38323
23978	2024	397	191	35299	0	37911
23979	1276	378	158	36071	0	37883
23980	36304	411	119	1933	0	38767
23981	1987	35245	126	1088	0	38446
23982	1153	36081	109	764	0	38107
23983	35009	1282	88	515	0	36894
23984	1619	657	30467	467	0	33210
23985	27712	472	863	449	0	29496
23986	1616	327	273	28400	0	30616
23987	968	24645	197	1110	0	26920
23988	675	24506	107	580	0	25868
23989	24527	1002	70	487	0	26086
23990	1018	514	49	23809	0	25390
23991	685	24553	57	878	0	26173
23992	24063	681	34	364	0	25142
23993	24111	323	41	306	0	24781
23994	24210	268	36	250	0	24764
23995	24058	251	35	267	0	24611
23996	1099	22217	100	260	0	23676
23997	373	21191	44	148	0	21756
23998	21775	506	34	127	0	22442
23999	19839	154	19	94	0	20106
24000	468	128	20021	85	0	20702
24001	150	20341	249	88	0	20828
24002	21502	337	29	66	0	21934
24003	20998	103	36	63	0	21200
24004	492	129	21358	67	0	22046
24005	22221	99	477	79	0	22876
24006	903	67	24193	46	0	25209
24007	105	22	26102	5	0	26234
24008	73	24	756	22854	0	23707
24009	33	25522	237	609	0	26401
24010	27345	709	109	130	0	28293
24011	686	150	41	26428	0	27305
24012	161	85	30	27047	0	27323
24013	88	39	19	27978	0	28124
24014	27839	29	20	983	0	28871
24015	745	19	20	27447	0	28231
24016	166	7	25	28798	0	28996
24017	104	23	26636	947	0	27710
24018	25224	18	722	300	0	26264
24019	27337	14	160	165	0	27676
24020	977	34	26585	92	0	27688
24021	25188	24	771	81	0	26064
24022	894	16	189	25552	0	26651
24023	243	25448	127	734	0	26552
24024	142	757	56	26721	0	27676
24025	25855	169	46	895	0	26965
24026	751	28167	66	265	0	29249
24027	223	772	47	29595	0	30637
24028	150	195	38	29762	0	30145
24029	121	112	42	30035	0	30310
24030	111	59	64	28709	0	28943
24031	97	28676	74	947	0	29794
24032	29618	803	41	373	0	30835
24033	29767	198	54	232	0	30251
24034	1009	29655	54	197	0	30915
24035	36864	849	28	157	0	37898
24036	39085	254	35	151	0	39525
24037	38178	133	60	149	0	38520
24038	1920	100	36570	137	0	38727
24039	657	76	1294	36792	0	38819
24040	426	109	36007	1437	0	37979
24041	35710	56	1429	487	0	37682
24042	1515	36572	456	335	0	38878
24043	36405	1340	277	225	0	38247
24044	1572	37697	213	190	0	39672
24045	697	1508	131	35608	0	37944
24046	508	490	137	38874	0	40009
24047	419	335	36821	1675	0	39250
24048	305	36493	1405	739	0	38942
24049	37634	1473	487	447	0	40041
24050	1641	540	36879	321	0	39381
24051	36539	366	1530	316	0	38751
24052	1816	255	517	37435	0	40023
24053	806	272	36508	1643	0	39229
24054	530	36105	1573	693	0	38901
24055	403	1496	568	37248	0	39715
24056	413	527	37576	1742	0	40258
24057	375	445	36969	682	0	38471
24058	411	36590	1897	545	0	39443
24059	400	1594	817	37275	0	40086
24060	423	636	483	36976	0	38518
24061	379	37178	362	1979	0	39898
24062	37888	1633	361	908	0	40790
24063	1775	659	336	36780	0	39550
24064	789	36491	339	1781	0	39400
24065	37487	1669	407	805	0	40368
24066	36759	663	354	629	0	38405
24067	37881	529	421	461	0	39292
24068	2374	36108	388	532	0	39402
24069	37666	1699	347	603	0	40315
24070	38480	776	325	541	0	40122
24071	2403	641	298	36879	0	40221
24072	37587	454	229	2050	0	40320
24073	2249	482	224	37450	0	40405
24074	1138	505	35646	2123	0	39412
24075	928	441	37190	1102	0	39661
24076	771	329	1960	37755	0	40815
24077	673	398	37063	2147	0	40281
24078	35615	391	1891	1040	0	38937
24079	2112	359	773	37191	0	40435
24080	1116	295	641	37754	0	39806
24081	922	394	33949	2389	0	37654
24082	793	32388	1775	1239	0	36195
24083	698	36555	859	888	0	39000
24084	642	2070	619	35437	0	38768
24085	577	933	500	38224	0	40234
24086	625	594	36063	2409	0	39691
24087	557	563	36790	1182	0	39092
24088	592	559	2131	37214	0	40496
24089	657	469	36202	2300	0	39628
24090	35330	431	1936	1214	0	38911
24091	2040	565	849	37036	0	40490
24092	36846	534	628	2245	0	40253
24093	2191	493	466	36806	0	39956
24094	1058	464	490	38872	0	40884
24095	915	500	35947	2531	0	39893
24096	887	36547	1878	1305	0	40617
24097	820	1771	854	38511	0	41956
24098	762	859	36947	2154	0	40722
24099	758	37854	1952	1147	0	41711
24100	700	1739	896	40769	0	44104
24101	39056	725	740	2240	0	42761
24102	2169	602	39478	1139	0	43388
24103	39624	468	1952	1017	0	43061
24104	2136	395	39038	792	0	42361
24105	34177	313	1703	546	0	36739
24106	1633	35090	904	704	0	38331
24107	675	33816	633	482	0	35606
24108	499	1479	503	32166	0	34647
24109	395	31803	363	1371	0	33932
24110	32154	1339	403	751	0	34647
24111	1326	580	472	32202	0	34580
24112	633	590	316	33248	0	34787
24113	424	428	313	34089	0	35254
24114	374	345	30670	1930	0	33319
24115	301	403	1209	31710	0	33623
24116	402	383	31410	1630	0	33825
24117	333	31085	1415	948	0	33781
24118	30883	1226	624	710	0	33443
24119	1304	33115	477	535	0	35431
24120	34124	1263	375	492	0	36254
24121	34592	516	255	595	0	35958
24122	35314	411	301	532	0	36558
24123	34995	346	294	496	0	36131
24124	1794	283	32714	576	0	35367
24125	818	309	1255	32286	0	34668
24126	605	397	610	30928	0	32540
24127	468	294	422	31895	0	33079
24128	28772	338	441	1719	0	31270
24129	29497	318	357	894	0	31066
24130	1628	29427	275	795	0	32125
24131	915	1057	30038	508	0	32518
24132	744	424	29840	477	0	31485
24133	536	29222	1428	525	0	31711
24134	502	30570	773	503	0	32348
24135	1425	690	218	22182	0	24515
24136	133	350	108	22237	0	22828
24137	22335	208	125	729	0	23397
24138	528	21286	119	414	0	22347
24139	304	516	117	23111	0	24048
24140	263	246	24201	618	0	25328
24141	156	182	522	24859	0	25719
24142	170	112	238	25431	0	25951
24143	132	97	194	25757	0	26180
24144	149	109	155	25606	0	26019
24145	161	125	23843	884	0	25013
24146	152	22615	527	453	0	23747
24147	153	23472	198	283	0	24106
24148	23197	580	173	197	0	24147
24149	499	23028	146	187	0	23860
24150	247	26096	119	145	0	26607
24151	213	553	107	27038	0	27911
24152	151	270	95	26996	0	27512
24153	163	182	115	27730	0	28190
24154	155	148	26878	756	0	27937
24155	142	26256	449	462	0	27309
24156	97	423	138	27355	0	28013
24157	97	27904	144	504	0	28649
24158	28950	487	112	262	0	29811
24159	420	27445	107	268	0	28240
24160	28371	503	126	204	0	29204
24161	483	233	27693	194	0	28603
24162	27609	211	413	190	0	28423
24163	474	212	154	28255	0	29095
24164	214	175	27999	517	0	28905
24165	28194	178	413	237	0	29022
24166	29126	179	145	218	0	29668
24167	29446	143	125	196	0	29910
24168	607	135	100	28866	0	29708
24169	312	135	29771	553	0	30771
24170	28937	110	440	302	0	29789
24171	498	115	178	30577	0	31368
24172	232	124	182	30779	0	31317
24173	243	146	31464	604	0	32457
24174	171	31708	436	344	0	32659
24175	190	499	154	31726	0	32569
24176	195	31826	148	454	0	32623
24177	33746	519	104	216	0	34585
24178	33775	228	101	202	0	34306
24179	607	205	109	33368	0	34289
24180	34284	124	140	540	0	35088
24181	535	33008	153	351	0	34047
24182	34094	462	122	277	0	34955
24183	557	32516	109	251	0	33433
24184	297	827	95	32527	0	33746
24185	243	224	108	32213	0	32788
24186	214	31648	131	528	0	32521
24187	192	510	95	32571	0	33368
24188	214	215	31431	583	0	32443
24189	158	30792	455	326	0	31731
24190	31748	454	180	281	0	32663
24191	422	30101	135	244	0	30902
24192	183	455	89	31380	0	32107
24193	221	210	30667	513	0	31611
24194	152	178	386	30725	0	31441
24195	150	142	121	31207	0	31620
24196	31470	102	113	623	0	32308
24197	511	122	30652	298	0	31583
24198	186	29017	446	336	0	29985
24199	189	463	31452	225	0	32329
24200	103	152	29391	181	0	29827
24201	88	126	30091	162	0	30467
24202	570	1045	351	25840	0	27806
24203	27822	54	100	293	0	28269
24204	242	26201	100	125	0	26668
24205	27797	275	46	77	0	28195
24206	29533	93	47	72	0	29745
24207	320	75	35	28887	0	29317
24208	107	28602	64	295	0	29068
24209	29868	255	38	110	0	30271
24210	244	29420	67	109	0	29840
24211	97	294	45	29311	0	29747
24212	81	94	38	30124	0	30337
24213	67	29980	54	330	0	30431
24214	54	288	35	31253	0	31630
24215	82	124	29758	297	0	30261
24216	60	147	27782	88	0	28077
24217	63	68	284	28858	0	29273
24218	52	39	110	29720	0	29921
24219	71	71	27842	327	0	28311
24220	79	80	27662	139	0	27960
24221	25228	59	311	108	0	25706
24222	271	26399	127	86	0	26883
24223	98	27651	82	95	0	27926
24224	87	312	53	27524	0	27976
24225	54	120	42	27615	0	27831
24226	49	69	51	27952	0	28121
24227	74	61	27261	320	0	27716
24228	55	81	26033	124	0	26293
24229	48	61	289	28361	0	28759
24230	68	62	28812	460	0	29402
24231	40	26027	509	151	0	26727
24232	28006	430	156	94	0	28686
24233	455	89	27573	96	0	28213
24234	120	90	27021	89	0	27320
24235	78	66	470	26522	0	27136
24236	96	57	29363	473	0	29989
24237	65	29262	557	151	0	30035
24238	48	580	116	32145	0	32889
24239	72	126	30468	618	0	31284
24240	50	28219	581	183	0	29033
24241	29547	614	144	121	0	30426
24242	577	190	115	29203	0	30085
24243	139	122	79	30833	0	31173
24244	31374	74	97	723	0	32268
24245	598	30282	104	270	0	31254
24246	31681	604	54	162	0	32501
24247	31281	170	64	131	0	31646
24248	31321	121	51	127	0	31620
24249	812	457	57	29709	0	31035
24250	27832	118	69	623	0	28642
24251	723	25619	92	211	0	26645
24252	242	26834	71	171	0	27318
24253	27233	694	53	98	0	28078
24254	662	224	53	27313	0	28252
24255	245	147	64	27577	0	28033
24256	157	139	59	26861	0	27216
24257	136	127	24329	859	0	25451
24258	124	24213	583	313	0	25233
24259	117	650	162	25735	0	26664
24260	25399	190	106	765	0	26460
24261	659	147	78	25061	0	25945
24262	219	126	24218	784	0	25347
24263	165	24455	588	293	0	25501
24264	25986	653	176	247	0	27062
24265	25689	197	137	212	0	26235
24266	26066	150	104	183	0	26503
24267	881	156	107	26226	0	27370
24268	349	177	25453	770	0	26749
24269	296	159	28064	275	0	28794
24270	220	29151	1135	242	0	30748
24271	228	1164	294	30463	0	32149
24272	186	286	183	32064	0	32719
24273	28943	213	156	1448	0	30760
24274	1190	182	109	30147	0	31628
24275	31091	147	113	1422	0	32773
24276	1455	151	30047	462	0	32115
24277	445	149	30012	366	0	30972
24278	345	116	1372	29502	0	31335
24279	258	114	430	30473	0	31275
24280	258	103	283	31600	0	32244
24281	30299	146	217	1700	0	32362
24282	33134	133	202	621	0	34090
24283	1610	141	184	32882	0	34817
24284	559	144	31528	1646	0	33877
24285	379	134	32472	642	0	33627
24286	324	115	1582	34112	0	36133
24287	34126	93	530	1669	0	36418
24288	1502	106	344	34048	0	36000
24289	480	123	302	35945	0	36850
24290	353	126	34064	1978	0	36521
24291	340	137	34239	755	0	35471
24292	33172	135	1701	596	0	35604
24293	1651	133	33452	533	0	35769
24294	572	96	1519	32178	0	34365
24295	440	105	578	33662	0	34785
24296	32305	90	430	1808	0	34633
24297	1582	31578	376	769	0	34305
24298	32229	1330	374	536	0	34469
24299	1544	30045	321	521	0	32431
24300	30118	1374	695	507	0	32694
24301	1617	413	30522	498	0	33050
24302	29398	295	1304	469	0	31466
24303	31393	199	483	389	0	32464
24304	1757	214	384	31023	0	33378
24305	792	173	30184	1536	0	32685
24306	539	153	1409	28717	0	30818
24307	475	172	577	28857	0	30081
24308	428	27836	430	1858	0	30552
24309	435	1266	319	27335	0	29355
24310	434	27658	303	1684	0	30079
24311	446	1340	285	28836	0	30907
24312	28205	437	300	1781	0	30723
24313	1537	321	313	28020	0	30191
24314	717	254	26605	1776	0	29352
24315	27992	262	1396	819	0	30469
24316	1711	204	28803	720	0	31438
24317	29712	188	1502	682	0	32084
24318	30624	159	607	663	0	32053
24319	1964	28808	490	641	0	31903
24320	911	32012	434	591	0	33948
24321	30736	1814	451	524	0	33525
24322	32073	608	400	581	0	33662
24323	32821	330	400	576	0	34127
24324	32727	285	343	646	0	34001
24325	32721	251	348	623	0	33943
24326	2321	242	363	31070	0	33996
24327	1037	221	435	32754	0	34447
24328	888	247	29957	2158	0	33250
24329	29376	191	1430	933	0	31930
24330	1847	218	627	29744	0	32436
24331	949	208	501	31744	0	33402
24332	790	255	29872	2151	0	33068
24333	727	29108	1491	1059	0	32385
24334	760	31604	722	811	0	33897
24335	31246	1676	529	657	0	34108
24336	29771	597	397	556	0	31321
24337	1971	26416	359	524	0	29270
24338	932	26682	336	423	0	28373
24339	26742	1459	344	423	0	28968
24340	27534	568	267	436	0	28805
24341	1872	369	260	26523	0	29024
24342	955	255	270	27256	0	28736
24343	761	235	283	27456	0	28735
24344	24738	253	292	1910	0	27193
24345	25880	241	280	943	0	27344
24346	1833	234	285	25804	0	28156
24347	26480	266	302	1783	0	28831
24348	1810	267	25313	921	0	28311
24349	947	246	1338	26834	0	29365
24350	777	291	25127	1755	0	27950
24351	679	25433	1392	828	0	28332
24352	624	1323	598	26317	0	28862
24353	25599	508	493	1629	0	28229
24354	1778	349	362	25703	0	28192
24355	895	356	275	27037	0	28563
24356	711	302	24752	1990	0	27755
24357	699	344	25239	902	0	27184
24358	709	26102	1463	680	0	28954
24359	27033	1423	574	530	0	29560
24360	28073	539	375	529	0	29516
24361	28419	326	329	518	0	29592
24362	28419	320	287	559	0	29585
24363	2161	212	309	26002	0	28684
24364	1071	282	269	25242	0	26864
24365	883	25492	263	1815	0	28453
24366	26161	1340	253	809	0	28563
24367	26625	461	299	695	0	28080
24368	2015	333	24839	597	0	27784
24369	19147	214	859	445	0	20665
24370	1203	19388	416	435	0	21442
24371	728	879	254	18539	0	20400
24372	578	20057	283	934	0	21852
24373	20228	935	210	526	0	21899
24374	1096	18691	187	334	0	20308
24375	555	758	110	17711	0	19134
24376	375	388	92	17875	0	18730
24377	367	214	115	17768	0	18464
24378	351	16915	113	1050	0	18429
24379	380	707	119	17593	0	18799
24380	385	339	95	17372	0	18191
24381	353	15877	133	1055	0	17418
24382	287	15170	93	491	0	16041
24383	14633	764	126	351	0	15874
24384	766	14908	120	279	0	16073
24385	15303	715	101	250	0	16369
24386	782	342	12806	197	0	14127
24387	431	13348	501	191	0	14471
24388	13260	630	172	203	0	14265
24389	13524	297	128	219	0	14168
24390	821	215	12787	238	0	14061
24391	394	203	493	14053	0	15143
24392	301	182	13949	696	0	15128
24393	271	13912	516	391	0	15090
24394	14068	589	211	322	0	15190
24395	675	14158	155	264	0	15252
24396	377	660	138	13989	0	15164
24397	289	339	98	14652	0	15378
24398	312	217	14830	762	0	16121
24399	274	239	14745	370	0	15628
24400	14268	218	625	323	0	15434
24401	14219	192	270	261	0	14942
24402	14170	205	195	217	0	14787
24403	14154	166	128	265	0	14713
24404	878	13451	126	246	0	14701
24405	453	614	142	14332	0	15541
24406	339	294	125	14606	0	15364
24407	302	14494	165	704	0	15665
24408	14927	665	141	365	0	16098
24409	15312	321	115	291	0	16039
24410	875	235	14383	259	0	15752
24411	14871	215	528	238	0	15852
24412	783	170	232	14953	0	16138
24413	439	180	14516	690	0	15825
24414	330	927	1433	13110	0	15800
24415	314	209	14135	596	0	15254
24416	284	164	14035	327	0	14810
24417	273	141	550	12414	0	13378
24418	244	12964	255	544	0	14007
24419	12967	442	174	266	0	13849
24420	11401	172	108	155	0	11836
24421	527	10891	88	150	0	11656
24422	265	10763	97	718	0	11843
24423	11352	478	90	132	0	12052
24424	11560	206	92	137	0	11995
24425	11616	157	87	136	0	11996
24426	11683	123	102	121	0	12029
24427	592	105	83	11675	0	12455
24428	306	137	11983	452	0	12878
24429	222	11465	294	211	0	12192
24430	11640	341	137	179	0	12297
24431	352	11121	93	104	0	11670
24432	10350	271	42	51	0	10714
24433	10361	90	37	61	0	10549
24434	331	89	9953	42	0	10415
24435	155	10009	233	52	0	10449
24436	137	265	68	10797	0	11267
24437	95	107	64	11034	0	11300
24438	89	96	47	11087	0	11319
24439	11055	63	31	317	0	11466
24440	11202	82	49	131	0	11464
24441	11370	51	52	114	0	11587
24442	324	11128	49	97	0	11598
24443	11188	229	48	74	0	11539
24444	259	10527	40	61	0	10887
24445	106	228	10417	59	0	10810
24446	68	10980	152	64	0	11264
24447	575	101	38	9958	0	10672
24448	14	27	15	9936	0	9992
24449	29	19	9891	99	0	10038
24450	21	28	72	9595	0	9716
24451	29	21	23	10010	0	10083
24452	9979	16	16	97	0	10108
24453	9663	18	20	32	0	9733
24454	9812	13	18	21	0	9864
24455	115	9666	23	29	0	9833
24456	9974	79	16	25	0	10094
24457	9319	21	16	25	0	9381
24458	101	10810	27	27	0	10965
24459	25	64	24	10978	0	11091
24460	20	19	8	10951	0	10998
24461	11069	24	7	81	0	11181
24462	96	18	10892	25	0	11031
24463	40	10505	62	31	0	10638
24464	30	85	8	10901	0	11024
24465	24	11031	14	71	0	11140
24466	32	11342	15	19	0	11408
24467	11671	77	7	17	0	11772
24468	11540	20	7	19	0	11586
24469	105	19	12	12089	0	12225
24470	35	18	16	12102	0	12171
24471	30	25	17	12240	0	12312
24472	28	34	13	11684	0	11759
24473	46	33	11331	88	0	11498
24474	49	49	11358	22	0	11478
24475	40	38	75	11962	0	12115
24476	59	23	12046	85	0	12213
24477	43	11334	96	32	0	11505
24478	12289	83	19	27	0	12418
24479	12159	31	17	38	0	12245
24480	103	20	12	12041	0	12176
24481	32	17	15	12924	0	12988
24482	34	20	23	13159	0	13236
24483	37	12752	20	143	0	12952
24484	13382	128	18	35	0	13563
24485	12368	39	12	32	0	12451
24486	164	42	12083	26	0	12315
24487	61	34	114	12563	0	12772
24488	50	34	12680	175	0	12939
24489	31	42	167	12978	0	13218
24490	32	40	32	12999	0	13103
24491	40	21	32	12799	0	12892
24492	38	22	36	13171	0	13267
24493	13009	28	29	318	0	13384
24494	13789	28	20	122	0	13959
24495	14164	25	19	88	0	14296
24496	413	34	16	14016	0	14479
24497	195	39	13597	322	0	14153
24498	12707	36	274	130	0	13147
24499	347	35	105	13742	0	14229
24500	15914	32	65	354	0	16365
24501	345	41	37	15723	0	16146
24502	162	14949	51	406	0	15568
24503	134	16268	45	201	0	16648
24504	102	337	36	16639	0	17114
24505	107	128	42	16964	0	17241
24506	74	65	18	16502	0	16659
24507	65	16085	28	463	0	16641
24508	16249	312	17	219	0	16797
24509	303	16175	31	168	0	16677
24510	155	374	17615	96	0	18240
24511	99	139	342	17346	0	17926
24512	71	18064	132	429	0	18696
24513	76	397	86	18314	0	18873
24514	60	172	42	18712	0	18986
24515	64	93	17619	581	0	18357
24516	15531	59	339	275	0	16204
24517	364	19157	157	165	0	19843
24518	20201	355	79	119	0	20754
24519	21027	169	36	105	0	21337
24520	21058	109	55	91	0	21313
24521	586	71	21760	129	0	22546
24522	250	78	411	21111	0	21850
24523	170	69	144	22490	0	22873
24524	136	68	21795	648	0	22647
24525	19422	89	478	299	0	20288
24526	521	70	21955	197	0	22743
24527	232	75	21328	160	0	21795
24528	142	19742	572	143	0	20599
24529	107	411	251	20652	0	21421
24530	110	188	20774	499	0	21571
24531	19682	121	487	253	0	20543
24532	20773	77	199	214	0	21263
24533	594	111	21343	144	0	22192
24534	288	73	465	22045	0	22871
24535	238	93	23485	498	0	24314
24536	178	22466	500	266	0	23410
24537	25248	450	238	192	0	26128
24538	26069	183	176	161	0	26589
24539	26418	128	139	164	0	26849
24540	770	81	169	25203	0	26223
24541	364	86	96	26347	0	26893
24542	238	76	25419	771	0	26504
24543	24264	70	597	350	0	25281
24544	633	110	277	25818	0	26838
24545	25904	76	244	687	0	26911
24546	705	92	25609	352	0	26758
24547	384	96	26023	257	0	26760
24548	299	73	720	23796	0	24888
24549	211	102	360	26392	0	27065
24550	247	102	25656	768	0	26773
24551	23621	111	713	370	0	24815
24552	652	126	321	26042	0	27141
24553	328	27702	248	656	0	28934
24554	29138	589	189	342	0	30258
24555	730	28880	179	301	0	30090
24556	29546	703	213	251	0	30713
24557	817	274	29905	281	0	31277
24558	388	211	27808	265	0	28672
24559	330	28616	821	296	0	30063
24560	29683	710	360	243	0	30996
24561	920	279	28943	204	0	30346
24562	27669	165	779	226	0	28839
24563	855	28429	404	249	0	29937
24564	399	678	314	29666	0	31057
24565	304	278	288	29586	0	30456
24566	273	28760	274	847	0	30154
24567	30524	676	236	405	0	31841
24568	31203	312	242	301	0	32058
24569	30489	208	259	278	0	31234
24570	1044	179	29894	246	0	31363
24571	445	243	733	29576	0	30997
24572	416	160	339	30146	0	31061
24573	369	156	288	31220	0	32033
24574	367	167	29848	955	0	31337
24575	291	28995	788	518	0	30592
24576	30052	712	404	332	0	31500
24577	815	348	29864	237	0	31264
24578	28853	231	820	221	0	30125
24579	942	29197	433	215	0	30787
24580	30815	736	343	239	0	32133
24581	840	265	231	29331	0	30667
24582	30366	243	245	746	0	31600
24583	831	152	216	30227	0	31426
24584	478	201	29656	750	0	31085
24585	454	152	651	29984	0	31241
24586	374	121	30095	777	0	31367
24587	27597	146	676	386	0	28805
24588	717	29395	356	329	0	30797
24589	345	575	345	29020	0	30285
24590	295	29747	273	655	0	30970
24591	29372	563	232	315	0	30482
24592	29118	240	236	240	0	29834
24593	749	28502	288	209	0	29748
24594	29193	486	172	164	0	30015
24595	30319	228	175	157	0	30879
24596	679	196	151	29483	0	30509
24597	349	170	128	29971	0	30618
24598	30383	159	149	600	0	31291
24599	29802	106	163	291	0	30362
24600	677	124	186	27394	0	28381
24601	375	129	157	30718	0	31379
24602	31261	110	199	740	0	32310
24603	802	136	30715	324	0	31977
24604	29324	156	663	297	0	30440
24605	695	99	29388	178	0	30360
24606	242	28898	610	190	0	29940
24607	222	533	184	29763	0	30702
24608	242	186	31447	567	0	32442
24609	182	31622	622	215	0	32641
24610	31819	466	142	127	0	32554
24611	549	171	30980	102	0	31802
24612	29786	130	470	104	0	30490
24613	31800	104	108	116	0	32128
24614	30713	94	104	108	0	31019
24615	674	123	82	29385	0	30264
24616	301	30956	104	372	0	31733
24617	30769	435	93	159	0	31456
24618	580	149	31564	144	0	32437
24619	28655	106	471	161	0	29393
24620	632	123	30463	122	0	31340
24621	214	28691	424	130	0	29459
24622	158	377	157	29902	0	30594
24623	159	156	88	29761	0	30164
24624	138	29182	105	453	0	29878
24625	121	403	109	30756	0	31389
24626	161	180	29822	474	0	30637
24627	171	29856	428	168	0	30623
24628	153	481	134	31522	0	32290
24629	31145	169	92	525	0	31931
24630	32749	138	76	200	0	33163
24631	707	104	47	33411	0	34269
24632	306	35065	79	586	0	36036
24633	233	534	85	35639	0	36491
24634	202	177	79	34954	0	35412
24635	222	182	31490	760	0	32654
24636	169	31375	550	370	0	32464
24637	116	490	149	31880	0	32635
24638	156	209	29860	588	0	30813
24639	113	29082	493	252	0	29940
24640	149	480	145	30429	0	31203
24641	31549	194	147	511	0	32401
24642	654	33105	89	229	0	34077
24643	230	624	91	34929	0	35874
24644	35091	190	99	647	0	36027
24645	35220	153	76	258	0	35707
24646	34901	124	83	204	0	35312
24647	34583	101	81	193	0	34958
24648	805	107	77	34093	0	35082
24649	347	109	33840	702	0	34998
24650	245	131	597	32769	0	33742
24651	197	33068	206	697	0	34168
24652	33867	600	155	278	0	34900
24653	640	226	31160	168	0	32194
24654	29531	136	472	164	0	30303
24655	646	97	30422	105	0	31270
24656	248	89	530	31110	0	31977
24657	217	104	31692	524	0	32537
24658	176	63	526	30678	0	31443
24659	177	95	30698	608	0	31578
24660	144	82	540	30033	0	30799
24661	30849	67	175	622	0	31713
24662	537	30507	145	271	0	31460
24663	259	473	102	31532	0	32366
24664	210	146	110	31495	0	31961
24665	222	136	29888	658	0	30904
24666	204	109	29085	305	0	29703
24667	27891	90	639	258	0	28878
24668	565	28697	270	300	0	29832
24669	30634	481	176	203	0	31494
24670	31252	148	173	165	0	31738
24671	732	154	159	29770	0	30815
24672	342	30952	162	605	0	32061
24673	32445	581	150	268	0	33444
24674	32561	204	146	226	0	33137
24675	32899	143	111	218	0	33371
24676	32731	118	143	172	0	33164
24677	32670	101	162	180	0	33113
24678	912	103	31256	176	0	32447
24679	31419	109	608	151	0	32287
24680	855	109	31393	143	0	32500
24681	394	97	667	30498	0	31656
24682	317	84	245	32533	0	33179
24683	300	136	31475	752	0	32663
24684	31039	73	661	300	0	32073
24685	741	101	220	32587	0	33649
24686	343	109	190	32881	0	33523
24687	293	112	153	33178	0	33736
24688	263	78	144	32020	0	32505
24689	229	95	158	32658	0	33140
24690	288	108	32260	918	0	33574
24691	248	108	667	31681	0	32704
24692	257	102	32153	874	0	33386
24693	244	138	31402	407	0	32191
24694	31247	83	882	309	0	32521
24695	33759	65	322	276	0	34422
24696	37981	80	269	260	0	38590
24697	1564	120	36798	270	0	38752
24698	675	117	38553	254	0	39599
24699	446	108	39450	276	0	40280
24700	312	39333	1798	309	0	41752
24701	811	1186	590	37768	0	40355
24702	39396	416	313	1329	0	41454
24703	1431	220	248	41960	0	43859
24704	626	43442	239	1735	0	46042
24705	45113	1610	210	735	0	47668
24706	1845	590	213	44101	0	46749
24707	794	44112	239	1796	0	46941
24708	500	1685	261	44065	0	46511
24709	341	667	248	44818	0	46074
24710	42218	350	254	2498	0	45320
24711	1838	239	249	43435	0	45761
24712	838	244	40689	2290	0	44061
24713	571	201	1707	41472	0	43951
24714	377	40185	757	2202	0	43521
24715	342	43127	474	1085	0	45028
24716	333	2224	292	41139	0	43988
24717	292	981	239	40837	0	42349
24718	323	38147	257	2510	0	41237
24719	348	39494	232	1270	0	41344
24720	324	41099	250	852	0	42525
24721	340	2597	235	36533	0	39705
24722	263	39849	247	1886	0	42245
24723	39323	2228	249	1006	0	42806
24724	1926	1047	39028	825	0	42826
24725	857	727	1681	37973	0	41238
24726	518	39992	726	2025	0	43261
24727	39496	1917	469	1051	0	42933
24728	1895	1023	38427	769	0	42114
24729	806	39599	1720	688	0	42813
24730	37787	1972	721	605	0	41085
24731	1742	36947	472	552	0	39713
24732	728	36638	321	544	0	38231
24733	511	2415	234	35004	0	38164
24734	414	36208	204	1803	0	38629
24735	35617	2173	238	925	0	38953
24736	1684	1134	218	36077	0	39113
24737	838	821	34944	1960	0	38563
24738	604	678	35822	994	0	38098
24739	403	660	1991	36105	0	39159
24740	384	661	35914	2045	0	39004
24741	333	527	1706	35246	0	37812
24742	32802	511	784	2051	0	36148
24743	1687	527	31451	1053	0	34718
24744	822	527	1599	31236	0	34184
24745	541	31094	817	1785	0	34237
24746	358	1760	560	31993	0	34671
24747	364	1002	378	32336	0	34080
24748	360	33936	423	2314	0	37033
24749	328	1766	402	35582	0	38078
24750	331	978	399	36617	0	38325
24751	327	753	34691	2478	0	38249
24752	227	34869	1669	1384	0	38149
24753	35431	1929	807	934	0	39101
24754	1589	1057	492	36044	0	39182
24755	852	772	35153	2085	0	38862
24756	553	601	1673	35304	0	38131
24757	383	538	33161	2345	0	36427
24758	32097	610	1876	1258	0	35841
24759	1632	33926	919	969	0	37446
24760	797	1838	616	34506	0	37757
24761	626	1074	476	36411	0	38587
24762	34395	670	417	2675	0	38157
24763	1766	666	446	35271	0	38149
24764	942	543	33810	2461	0	37756
24765	520	560	1738	34690	0	37508
24766	479	34660	945	2230	0	38314
24767	412	35531	639	2237	0	38819
24768	403	37651	446	1258	0	39758
24769	417	2521	448	36141	0	39527
24770	424	1351	34074	2290	0	38139
24771	376	34275	1637	1406	0	37694
24772	32792	1991	870	1038	0	36691
24773	1581	33735	609	935	0	36860
24774	33534	2136	420	891	0	36981
24775	34523	1108	479	854	0	36964
24776	2234	854	32443	884	0	36415
24777	33514	743	1688	801	0	36746
24778	36098	605	890	876	0	38469
24779	36612	662	677	789	0	38740
24780	37458	681	463	742	0	39344
24781	2560	1398	34471	738	0	39167
24782	35330	735	1607	647	0	38319
24783	38449	698	848	662	0	40657
24784	2395	38029	608	682	0	41714
24785	1244	2101	410	37334	0	41089
24786	879	1178	369	38004	0	40430
24787	700	37981	385	2361	0	41427
24788	37204	2114	421	1187	0	40926
24789	1960	38367	478	816	0	41621
24790	37547	2202	454	561	0	40764
24791	37427	1138	460	497	0	39522
24792	2552	37235	412	582	0	40781
24793	1403	1914	305	36357	0	39979
24794	1049	951	35973	1876	0	39849
24795	759	34768	1544	1084	0	38155
24796	600	1260	630	29915	0	32405
24797	564	32079	497	1235	0	34375
24798	479	33825	248	593	0	35145
24799	435	2347	211	31504	0	34497
24800	449	691	31132	1383	0	33655
24801	410	30250	1123	642	0	32425
24802	266	30997	513	463	0	32239
24803	23815	978	645	142	0	25580
24804	586	314	53	23857	0	24810
24805	213	183	38	24368	0	24802
24806	134	122	21	25154	0	25431
24807	102	96	24368	1010	0	25576
24808	87	72	661	24076	0	24896
24809	76	24273	241	845	0	25435
24810	25647	746	126	291	0	26810
24811	765	267	72	25601	0	26705
24812	293	168	25013	804	0	26278
24813	24822	132	720	305	0	25979
24814	840	112	232	26474	0	27658
24815	325	123	26104	867	0	27419
24816	201	116	26302	337	0	26956
24817	26469	88	1014	219	0	27790
24818	28711	119	404	125	0	29359
24819	28503	122	187	138	0	28950
24820	28862	130	125	139	0	29256
24821	1286	159	26980	157	0	28582
24822	519	26547	809	913	0	28788
24823	28128	864	310	191	0	29493
24824	931	27388	173	177	0	28669
24825	27449	999	127	123	0	28698
24826	989	28024	93	154	0	29260
24827	413	1004	83	28112	0	29612
24828	260	396	94	29092	0	29842
24829	178	244	98	28715	0	29235
24830	164	27528	135	1261	0	29088
24831	171	28660	112	519	0	29462
24832	160	1132	100	27759	0	29151
24833	145	27735	132	930	0	28942
24834	186	1058	27148	370	0	28762
24835	195	432	864	27415	0	28906
24836	207	299	27608	961	0	29075
24837	26887	218	968	399	0	28472
24838	28078	167	406	257	0	28908
24839	1268	173	27527	240	0	29208
24840	590	186	27453	233	0	28462
24841	383	193	1142	27176	0	28894
24842	285	190	27427	994	0	28896
24843	226	222	999	26194	0	27641
24844	241	27813	493	977	0	29524
24845	234	1000	224	29945	0	31403
24846	204	508	180	30343	0	31235
24847	220	363	172	30746	0	31501
24848	222	394	26751	1448	0	28815
24849	183	244	936	26266	0	27629
24850	160	271	516	26469	0	27416
24851	190	333	273	24768	0	25564
24852	224	25084	223	1169	0	26700
24853	26138	913	163	612	0	27826
24854	26204	404	169	520	0	27297
24855	26639	274	204	451	0	27568
24856	1263	246	236	25665	0	27410
24857	583	251	25714	1020	0	27568
24858	368	306	25236	588	0	26498
24859	339	25060	1071	424	0	26894
24860	25201	943	517	392	0	27053
24861	884	25316	379	467	0	27046
24862	26301	1033	342	387	0	28063
24863	1085	25930	247	450	0	27712
24864	25391	1078	267	449	0	27185
24865	1064	25818	370	344	0	27596
24866	557	1039	263	25381	0	27240
24867	538	536	24815	1063	0	26952
24868	470	345	24909	577	0	26301
24869	435	234	1183	24954	0	26806
24870	353	274	652	25588	0	26867
24871	302	289	459	26678	0	27728
24872	399	331	25146	1340	0	27216
24873	408	220	910	25797	0	27335
24874	25412	308	471	1247	0	27438
24875	25887	224	327	674	0	27112
24876	1230	24891	310	516	0	26947
24877	25735	913	247	481	0	27376
24878	1125	24345	198	446	0	26114
24879	24310	1124	214	376	0	26024
24880	24794	654	251	301	0	26000
24881	24052	464	241	355	0	25112
24882	1382	340	23154	408	0	25284
24883	604	339	20710	286	0	21939
24884	21634	155	1142	326	0	23257
24885	23293	154	591	335	0	24373
24886	1235	180	408	23286	0	25109
24887	868	193	185	24315	0	25561
24888	575	186	265	24653	0	25679
24889	337	207	390	24872	0	25806
24890	233	226	345	26209	0	27013
24891	25002	260	259	1567	0	27088
24892	1001	263	258	26042	0	27564
24893	599	316	26127	1352	0	28394
24894	24546	348	918	719	0	26531
24895	25572	213	447	594	0	26826
24896	1316	25770	333	599	0	28018
24897	479	26811	221	502	0	28013
24898	24261	701	109	127	0	25198
24899	564	23994	115	140	0	24813
24900	23870	627	76	128	0	24701
24901	24375	275	92	128	0	24870
24902	24950	134	86	142	0	25312
24903	935	76	94	23573	0	24678
24904	411	23958	174	640	0	25183
24905	24576	504	83	289	0	25452
24906	654	239	81	24330	0	25304
24907	306	109	72	24112	0	24599
24908	23590	75	72	825	0	24562
24909	587	22928	94	438	0	24047
24910	276	785	48	23253	0	24362
24911	25021	231	34	655	0	25941
24912	654	25591	46	371	0	26662
24913	26426	617	21	203	0	27267
24914	769	319	23903	167	0	25158
24915	25242	145	482	152	0	26021
24916	787	27116	215	137	0	28255
24917	27288	722	80	87	0	28177
24918	26956	265	47	62	0	27330
24919	940	27272	55	113	0	28380
24920	28425	745	31	70	0	29271
24921	861	28092	47	95	0	29095
24922	29866	803	23	72	0	30764
24923	860	337	20	30651	0	31868
24924	419	189	20	30918	0	31546
24925	255	144	23	31724	0	32146
24926	236	136	29658	1025	0	31055
24927	198	122	647	29752	0	30719
24928	235	120	29028	878	0	30261
24929	189	133	718	28743	0	29783
24930	185	28312	270	831	0	29598
24931	202	748	120	29957	0	31027
24932	206	337	29038	866	0	30447
24933	230	222	29310	355	0	30117
24934	199	181	874	29519	0	30773
24935	29472	132	326	841	0	30771
24936	29693	145	164	401	0	30403
24937	1007	29278	135	322	0	30742
24938	468	764	102	30232	0	31566
24939	339	326	29672	871	0	31208
24940	221	206	717	29584	0	30728
24941	230	146	29446	959	0	30781
24942	28458	140	780	457	0	29835
24943	853	178	309	30171	0	31511
24944	439	149	28982	921	0	30491
24945	284	171	761	29011	0	30227
24946	237	153	355	30186	0	30931
24947	277	120	29073	1167	0	30637
24948	217	133	776	29500	0	30626
24949	29700	109	323	1069	0	31201
24950	30326	141	239	510	0	31216
24951	1069	111	175	29982	0	31337
24952	30467	132	187	1001	0	31787
24953	1029	163	29072	519	0	30783
24954	506	172	28159	382	0	29219
24955	29029	139	962	327	0	30457
24956	30877	92	447	357	0	31773
24957	1118	106	313	29532	0	31069
24958	508	110	228	30515	0	31361
24959	412	112	29686	1208	0	31418
24960	321	142	844	27747	0	29054
24961	270	29869	423	969	0	31531
24962	31005	760	265	515	0	32545
24963	32797	326	210	381	0	33714
24964	1182	32845	201	416	0	34644
24965	32578	936	214	334	0	34062
24966	32533	359	240	277	0	33409
24967	1309	32165	242	319	0	34035
24968	33600	996	192	294	0	35082
24969	1244	32914	227	302	0	34687
24970	34611	1076	207	326	0	36220
24971	1276	457	33192	321	0	35246
24972	591	287	1041	33370	0	35289
24973	465	194	380	34384	0	35423
24974	393	183	275	35893	0	36744
24975	34756	186	223	1597	0	36762
24976	1261	151	175	36802	0	38389
24977	612	195	34633	1470	0	36910
24978	36837	172	1141	639	0	38789
24979	1394	167	400	36881	0	38842
24980	652	35025	380	1332	0	37389
24981	515	37672	255	685	0	39127
24982	375	1404	232	37248	0	39259
24983	430	575	228	37173	0	38406
24984	341	334	228	37445	0	38348
24985	338	249	34422	1835	0	36844
24986	339	33175	1003	854	0	35371
24987	34085	1050	393	601	0	36129
24988	33331	436	314	426	0	34507
24989	1372	33683	278	420	0	35753
24990	592	34212	240	424	0	35468
24991	429	1177	562	34251	0	36419
24992	327	488	33632	1185	0	35632
24993	31881	303	789	517	0	33490
24994	33532	194	323	438	0	34487
24995	1118	172	290	33011	0	34591
24996	518	158	193	32833	0	33702
24997	30284	156	177	1289	0	31906
24998	1012	186	28833	653	0	30684
24999	28397	169	803	516	0	29885
25000	1093	28632	371	386	0	30482
25001	415	739	198	28342	0	29694
25002	308	28469	168	927	0	29872
25003	29500	840	151	450	0	30941
25004	889	297	145	28323	0	29654
25005	408	240	162	28132	0	28942
25006	371	27603	136	981	0	29091
25007	28766	787	117	489	0	30159
25008	28965	296	118	394	0	29773
25009	1042	265	27820	332	0	29459
25010	502	253	26383	293	0	27431
25011	25613	119	688	230	0	26650
25012	795	147	24815	228	0	25985
25013	354	154	24120	228	0	24856
25014	25455	112	790	220	0	26577
25015	840	105	28549	206	0	29700
25016	231	63	861	25851	0	27006
25017	208	72	300	27138	0	27718
25018	27817	62	273	1036	0	29188
25019	988	82	28012	462	0	29544
25020	29914	93	991	297	0	31295
25021	1361	81	339	28912	0	30693
25022	29016	97	282	1137	0	30532
25023	29210	92	130	423	0	29855
25024	29386	70	111	380	0	29947
25025	1758	76	111	28233	0	30178
25026	28491	85	126	1242	0	29944
25027	1724	79	89	28014	0	29906
25028	810	74	95	28783	0	29762
25029	718	95	119	28843	0	29775
25030	576	93	115	29500	0	30284
25031	28161	96	110	1843	0	30210
25032	28754	117	130	937	0	29938
25033	1691	102	27627	726	0	30146
25034	28657	87	1117	540	0	30401
25035	29719	53	440	543	0	30755
25036	1700	67	373	27929	0	30069
25037	939	27185	182	1483	0	29789
25038	28703	1100	156	674	0	30633
25039	1694	362	187	28296	0	30539
25040	28386	302	213	1400	0	30301
25041	1799	27542	210	637	0	30188
25042	29452	1198	157	608	0	31415
25043	1852	454	138	28001	0	30445
25044	813	26948	142	1464	0	29367
25045	27940	1309	128	699	0	30076
25046	1529	26828	152	746	0	29255
25047	767	29777	160	604	0	31308
25048	30192	1513	158	537	0	32400
25049	1642	764	27954	1005	0	31365
25050	29361	534	1147	434	0	31476
25051	1916	331	415	29412	0	32074
25052	950	321	28927	1376	0	31574
25053	898	318	1232	28801	0	31249
25054	679	314	479	31285	0	32757
25055	734	266	29261	1830	0	32091
25056	28860	180	1347	955	0	31342
25057	1837	134	546	29852	0	32369
25058	951	165	444	30627	0	32187
25059	889	117	240	30789	0	32035
25060	29700	145	270	2441	0	32556
25061	1764	176	28224	1337	0	31501
25062	937	162	28745	989	0	30833
25063	789	126	1516	26853	0	29284
25064	622	141	25759	1709	0	28231
25065	25574	106	1455	928	0	28063
25066	1552	25463	666	854	0	28535
25067	25802	1120	482	540	0	27944
25068	1785	423	372	23841	0	26421
25069	876	25027	422	1368	0	27693
25070	826	1200	369	24696	0	27091
25071	718	25771	301	1602	0	28392
25072	649	1407	250	26658	0	28964
25073	702	584	25303	1688	0	28277
25074	579	599	24511	879	0	26568
25075	538	25255	1303	869	0	27965
25076	23838	1152	515	678	0	26183
25077	1291	605	367	23261	0	25524
25078	719	503	276	23971	0	25469
25079	23573	373	282	1546	0	25774
25080	23728	307	324	864	0	25223
25081	1638	228	351	23020	0	25237
25082	982	285	22010	1344	0	24621
25083	800	22140	1074	758	0	24772
25084	636	1075	491	22553	0	24755
25085	575	455	484	22416	0	23930
25086	593	22766	310	1538	0	25207
25087	23679	1089	279	959	0	26006
25088	1426	538	22877	706	0	25547
25089	733	455	1097	22127	0	24412
25090	549	327	510	23122	0	24508
25091	430	357	21731	1809	0	24327
25092	464	348	1150	21851	0	23813
25093	21727	286	579	1662	0	24254
25094	22482	291	557	892	0	24222
25095	23215	239	438	854	0	24746
25096	1748	21930	388	788	0	24854
25097	23252	1116	399	635	0	25402
25098	1703	481	336	22700	0	25220
25099	860	448	385	22547	0	24240
25100	816	22685	346	1603	0	25450
25101	25394	1184	267	965	0	27810
25102	27277	573	262	755	0	28867
25103	27682	565	314	605	0	29166
25104	27924	459	255	597	0	29235
25105	27945	348	289	714	0	29296
25106	2227	345	25185	656	0	28413
25107	26818	397	1290	579	0	29084
25108	27586	362	572	554	0	29074
25109	27866	234	551	550	0	29201
25110	2436	209	406	26352	0	29403
25111	1422	217	401	27563	0	29603
25112	1192	227	24988	1915	0	28322
25113	21869	693	1234	1005	0	24801
25114	1610	23942	655	859	0	27066
25115	730	20124	343	487	0	21684
25116	687	923	21016	461	0	23087
25117	527	21698	840	485	0	23550
25118	440	21729	1030	446	0	23645
25119	282	1145	588	18047	0	20062
25120	151	17893	120	508	0	18672
25121	18392	618	110	233	0	19353
25122	18436	289	99	179	0	19003
25123	735	198	82	17674	0	18689
25124	362	191	17201	571	0	18325
25125	16967	117	525	278	0	17887
25126	711	109	17301	227	0	18348
25127	388	92	17398	198	0	18076
25128	293	103	666	16838	0	17900
25129	274	68	299	18062	0	18703
25130	228	76	19217	680	0	20201
25131	244	18195	618	369	0	19426
25132	196	19634	260	300	0	20390
25133	19496	656	166	166	0	20484
25134	20922	247	94	170	0	21433
25135	823	203	20017	121	0	21164
25136	19905	145	527	104	0	20681
25137	21121	93	194	123	0	21531
25138	797	115	146	20277	0	21335
25139	449	81	93	20703	0	21326
25140	357	68	80	21111	0	21616
25141	20845	88	67	792	0	21792
25142	20499	78	82	335	0	20994
25143	22517	79	66	210	0	22872
25144	1021	82	76	21844	0	23023
25145	581	91	20860	638	0	22170
25146	21009	83	524	289	0	21905
25147	20520	90	224	245	0	21079
25148	913	74	207	19646	0	20840
25149	550	19426	141	609	0	20726
25150	481	548	105	19912	0	21046
25151	388	20184	109	706	0	21387
25152	363	658	123	20172	0	21316
25153	286	20148	157	790	0	21381
25154	19850	616	121	277	0	20864
25155	744	252	117	19424	0	20537
25156	418	19392	124	579	0	20513
25157	367	637	19096	265	0	20365
25158	18529	259	979	199	0	19966
25159	645	199	216	19224	0	20284
25160	310	19217	181	595	0	20303
25161	260	559	101	18513	0	19433
25162	240	17932	109	531	0	18812
25163	230	18817	87	260	0	19394
25164	18749	605	86	210	0	19650
25165	18922	266	101	190	0	19479
25166	695	209	18293	128	0	19325
25167	18391	180	505	112	0	19188
25168	18732	161	221	107	0	19221
25169	727	18038	211	137	0	19113
25170	393	510	158	18488	0	19549
25171	302	214	140	18063	0	18719
25172	284	190	17016	631	0	18121
25173	256	181	16290	299	0	17026
25174	17093	143	585	251	0	18072
25175	17766	122	236	180	0	18304
25176	17891	72	208	176	0	18347
25177	814	71	16848	137	0	17870
25178	417	92	527	16268	0	17304
25179	16768	76	228	537	0	17609
25180	610	72	159	16725	0	17566
25181	292	105	16191	615	0	17203
25182	15520	100	458	314	0	16392
25183	677	107	17399	207	0	18390
25184	334	16683	489	188	0	17694
25185	17738	486	188	143	0	18555
25186	633	181	17201	166	0	18181
25187	324	147	454	17026	0	17951
25188	17651	98	198	519	0	18466
25189	629	90	132	17875	0	18726
25190	17998	97	87	580	0	18762
25191	599	98	80	17915	0	18692
25192	18225	120	87	610	0	19042
25193	18337	92	110	340	0	18879
25194	17941	121	89	214	0	18365
25195	17284	86	58	154	0	17582
25196	681	91	47	16587	0	17406
25197	342	91	16134	500	0	17067
25198	230	99	16293	236	0	16858
25199	195	16019	510	172	0	16896
25200	185	16743	228	145	0	17301
25201	15364	319	39	60	0	15782
25202	202	51	19	13750	0	14022
25203	82	36	14073	197	0	14388
25204	49	25	13632	63	0	13769
25205	47	19	249	13878	0	14193
25206	14386	12	69	239	0	14706
25207	259	13607	44	81	0	13991
25208	14442	218	24	57	0	14741
25209	246	68	27	13542	0	13883
25210	86	21	31	13682	0	13820
25211	60	25	31	13577	0	13693
25212	61	34	13392	295	0	13782
25213	80	37	12952	87	0	13156
25214	48	13265	289	75	0	13677
25215	39	234	83	14646	0	15002
25216	13868	59	52	248	0	14227
25217	257	41	14184	87	0	14569
25218	72	70	14871	68	0	15081
25219	68	34	318	15369	0	15789
25220	49	44	96	16084	0	16273
25221	54	34	54	17583	0	17725
25222	46	28	36	20922	0	21032
25223	21165	15	39	776	0	21995
25224	625	21	37	21397	0	22080
25225	21413	19	55	725	0	22212
25226	712	47	20668	226	0	21653
25227	214	20634	620	161	0	21629
25228	132	596	173	20365	0	21266
25229	109	180	20150	703	0	21142
25230	78	94	18672	223	0	19067
25231	72	18437	716	155	0	19380
25232	71	544	220	18151	0	18986
25233	48	169	122	19422	0	19761
25234	55	96	17510	738	0	18399
25235	16834	58	600	278	0	17770
25236	559	50	216	17560	0	18385
25237	172	40	137	17923	0	18272
25238	107	63	16909	776	0	17855
25239	65	16206	598	334	0	17203
25240	64	17468	197	210	0	17939
25241	17305	670	120	166	0	18261
25242	590	218	110	18115	0	19033
25243	17575	97	121	685	0	18478
25244	705	96	16924	300	0	18025
25245	225	59	665	17491	0	18440
25246	17209	65	238	765	0	18277
25247	17709	91	142	328	0	18270
25248	851	83	82	17445	0	18461
25249	344	58	17169	800	0	18371
25250	204	62	16869	352	0	17487
25251	167	48	740	16351	0	17306
25252	162	65	16139	745	0	17111
25253	15672	67	660	393	0	16792
25254	669	15229	319	327	0	16544
25255	17156	568	244	235	0	18203
25256	17296	215	209	254	0	17974
25257	820	150	234	16871	0	18075
25258	305	130	210	17502	0	18147
25259	17003	136	171	902	0	18212
25260	669	90	229	17174	0	18162
25261	336	106	16367	774	0	17583
25262	223	16182	657	435	0	17497
25263	199	615	255	16923	0	17992
25264	200	213	192	17342	0	17947
25265	162	143	197	18699	0	19201
25266	243	112	17162	1000	0	18517
25267	240	17012	674	533	0	18459
25268	177	635	276	18838	0	19926
25269	187	266	17878	869	0	19200
25270	164	224	771	18261	0	19420
25271	18678	218	320	914	0	20130
25272	767	160	232	19119	0	20278
25273	433	111	18146	979	0	19669
25274	18038	100	763	541	0	19442
25275	736	18183	404	409	0	19732
25276	343	19058	327	413	0	20141
25277	19168	744	253	393	0	20558
25278	809	290	18706	363	0	20168
25279	413	184	749	18624	0	19970
25280	265	166	396	19504	0	20331
25281	232	181	18509	1011	0	19933
25282	246	19455	832	661	0	21194
25283	271	653	357	18565	0	19846
25284	308	295	18796	869	0	20268
25285	313	217	731	19001	0	20262
25286	20600	167	383	974	0	22124
25287	861	174	20050	536	0	21621
25288	387	173	732	20283	0	21575
25289	228	173	378	20900	0	21679
25290	267	154	19750	1145	0	21316
25291	274	136	784	18977	0	20171
25292	215	19492	441	991	0	21139
25293	202	714	385	18454	0	19755
25294	199	20131	324	894	0	21548
25295	20434	733	297	572	0	22036
25296	20454	317	269	569	0	21609
25297	891	239	19980	468	0	21578
25298	391	259	19431	415	0	20496
25299	288	257	19141	389	0	20075
25300	256	18690	959	447	0	20352
25301	269	658	466	20070	0	21463
25302	333	319	20090	903	0	21645
25303	335	231	733	19486	0	20785
25304	263	144	452	20420	0	21279
25305	243	170	19650	961	0	21024
25306	234	199	740	19786	0	20959
25307	181	261	402	19726	0	20570
25308	223	19491	311	960	0	20985
25309	204	624	309	20100	0	21237
25310	152	266	327	21186	0	21931
25311	183	191	20741	1113	0	22228
25312	186	150	756	20927	0	22019
25313	165	176	21041	985	0	22367
25314	154	207	19449	617	0	20427
25315	19272	148	876	546	0	20842
25316	657	842	455	18125	0	20079
25317	307	17570	287	802	0	18966
25318	244	17513	328	464	0	18549
25319	131	640	318	19488	0	20577
25320	151	287	19010	912	0	20360
25321	118	17461	516	420	0	18515
25322	612	184	117	14526	0	15439
25323	90	105	14129	211	0	14535
25324	56	14140	194	130	0	14520
25325	15320	198	127	96	0	15741
25326	15169	98	92	264	0	15623
25327	17256	71	75	65	0	17467
25328	281	73	80	17311	0	17745
25329	110	52	67	17441	0	17670
25330	84	34	71	17903	0	18092
25331	69	39	16864	408	0	17380
25332	17867	22	303	218	0	18410
25333	317	19	117	18946	0	19399
25334	92	36	18923	387	0	19438
25335	18433	36	312	188	0	18969
25336	19215	49	142	114	0	19520
25337	409	149	18496	132	0	19186
25338	19557	46	258	132	0	19993
25339	342	20587	141	115	0	21185
25340	165	280	21282	104	0	21831
25341	19880	92	369	641	0	20982
25342	328	20587	159	86	0	21160
25343	88	270	68	19803	0	20229
25344	47	22391	70	235	0	22743
25345	48	294	49	23091	0	23482
25346	67	90	22560	284	0	23001
25347	19428	62	306	114	0	19910
25348	262	57	22450	76	0	22845
25349	79	21294	320	84	0	21777
25350	50	22511	126	80	0	22767
25351	22896	317	79	60	0	23352
25352	285	119	22503	77	0	22984
25353	77	78	288	21813	0	22256
25354	82	58	24152	319	0	24611
25355	55	22850	301	144	0	23350
25356	70	280	111	22198	0	22659
25357	35	22965	111	201	0	23312
25358	24576	285	63	101	0	25025
25359	24933	104	63	83	0	25183
25360	24781	78	57	78	0	24994
25361	346	69	24112	74	0	24601
25362	139	84	22981	67	0	23271
25363	22997	60	340	57	0	23454
25364	316	47	24446	69	0	24878
25365	101	34	262	22052	0	22449
25366	61	22622	103	172	0	22958
25367	23862	217	68	61	0	24208
25368	22674	70	46	48	0	22838
25369	23418	45	41	35	0	23539
25370	294	44	43	22813	0	23194
25371	127	33	35	22697	0	22892
25372	23887	27	44	272	0	24230
25373	345	23121	61	114	0	23641
25374	23463	327	38	56	0	23884
25375	370	107	37	23116	0	23630
25376	134	53	30	23479	0	23696
25377	23496	53	42	385	0	23976
25378	370	22987	32	142	0	23531
25379	23504	328	42	84	0	23958
25380	392	23030	42	78	0	23542
25381	23429	367	33	58	0	23887
25382	415	127	41	22562	0	23145
25383	21864	66	27	377	0	22334
25384	22322	69	31	140	0	22562
25385	26015	51	48	110	0	26224
25386	644	25301	54	95	0	26094
25387	268	573	25683	72	0	26596
25388	25672	172	573	55	0	26472
25389	27377	116	146	52	0	27691
25390	732	26907	95	80	0	27814
25391	290	573	70	27740	0	28673
25392	241	163	37	28387	0	28828
25393	28014	114	53	743	0	28924
25394	690	107	57	28905	0	29759
25395	290	95	28370	722	0	29477
25396	230	108	27960	236	0	28534
25397	28558	94	773	135	0	29560
25398	718	108	235	29156	0	30217
25399	315	86	129	30539	0	31069
25400	195	77	114	30817	0	31203
25401	227	75	30084	923	0	31309
25402	173	65	665	30144	0	31047
25403	169	62	247	31911	0	32389
25404	189	78	161	32628	0	33056
25405	31865	97	126	1007	0	33095
25406	852	100	114	32045	0	33111
25407	353	99	31873	925	0	33250
25408	33000	96	771	393	0	34260
25409	1008	136	34189	275	0	35608
25410	32361	80	978	297	0	33716
25411	29102	172	441	285	0	30000
25412	1165	114	160	33881	0	35320
25413	427	33460	145	1071	0	35103
25414	310	930	129	34803	0	36172
25415	251	244	164	35327	0	35986
25416	249	34912	174	1213	0	36548
25417	35256	961	182	447	0	36846
25418	1053	35099	201	348	0	36701
25419	33487	978	120	249	0	34834
25420	33605	307	114	285	0	34311
25421	1195	201	102	32569	0	34067
25422	421	149	117	33232	0	33919
25423	297	125	32660	1306	0	34388
25424	272	179	31457	496	0	32404
25425	30671	128	917	360	0	32076
25426	32745	116	307	313	0	33481
25427	1114	29800	201	305	0	31420
25428	508	759	166	30614	0	32047
25429	395	247	31443	941	0	33026
25430	320	884	845	31231	0	33280
25431	32034	128	361	1023	0	33546
25432	30162	86	208	438	0	30894
25433	1037	29430	148	356	0	30971
25434	453	752	110	30735	0	32050
25435	290	306	122	31177	0	31895
25436	251	194	121	31561	0	32127
25437	276	166	28880	1156	0	30478
25438	25140	169	758	588	0	26655
25439	30666	134	249	405	0	31454
25440	1149	149	30440	326	0	32064
25441	482	29985	786	313	0	31566
25442	31661	751	302	290	0	33004
25443	31858	261	186	318	0	32623
25444	1116	163	28662	357	0	30298
25445	522	146	29403	280	0	30351
25446	389	129	965	29155	0	30638
25447	357	132	29501	953	0	30943
25448	28852	141	937	391	0	30321
25449	30087	151	356	307	0	30901
25450	30651	137	256	306	0	31350
25451	1216	144	208	27942	0	29510
25452	561	32663	215	895	0	34334
25453	34708	789	239	464	0	36200
25454	33449	284	243	372	0	34348
25455	1251	189	32627	363	0	34430
25456	613	194	31405	333	0	32545
25457	29119	186	975	352	0	30632
25458	1088	141	362	34664	0	36255
25459	523	171	33981	1042	0	35717
25460	462	32983	848	528	0	34821
25461	444	796	358	34618	0	36216
25462	34201	302	306	1001	0	35810
25463	1034	36090	316	454	0	37894
25464	556	833	265	36591	0	38245
25465	474	35711	287	985	0	37457
25466	423	36919	293	520	0	38155
25467	388	946	289	40796	0	42419
25468	373	418	258	40289	0	41338
25469	380	38922	308	1160	0	40770
25470	40302	885	255	529	0	41971
25471	1145	418	40084	391	0	42038
25472	35275	247	724	317	0	36563
25473	960	204	324	40419	0	41907
25474	519	206	238	40925	0	41888
25475	452	160	216	41531	0	42359
25476	381	145	252	41158	0	41936
25477	387	196	40930	1036	0	42549
25478	433	154	803	39601	0	40991
25479	391	159	371	40465	0	41386
25480	369	42517	264	1068	0	44218
25481	339	817	41969	538	0	43663
25482	308	43233	834	483	0	44858
25483	372	933	44494	387	0	46186
25484	292	47336	820	338	0	48786
25485	210	786	272	44134	0	45402
25486	43362	323	165	781	0	44631
25487	839	42805	179	459	0	44282
25488	421	793	161	45248	0	46623
25489	317	354	44301	877	0	45849
25490	229	43442	781	476	0	44928
25491	44170	830	388	272	0	45660
25492	43745	412	246	220	0	44623
25493	1036	44834	265	230	0	46365
25494	482	804	44845	177	0	46308
25495	41293	389	783	176	0	42641
25496	853	246	341	47204	0	48644
25497	48077	197	266	974	0	49514
25498	979	47889	203	523	0	49594
25499	409	48087	205	379	0	49080
25500	350	1199	46854	315	0	48718
25501	44513	512	1805	262	0	47092
25502	1070	299	332	48713	0	50414
25503	48627	240	222	1005	0	50094
25504	1054	47921	213	449	0	49637
25505	48696	1039	198	291	0	50224
25506	48122	446	194	236	0	48998
25507	1366	379	49927	192	0	51864
25508	562	47058	812	199	0	48631
25509	403	48604	349	166	0	49522
25510	277	1501	219	46701	0	48698
25511	299	48011	170	746	0	49226
25512	47645	1002	131	326	0	49104
25513	857	47800	144	277	0	49078
25514	374	1487	148	46408	0	48417
25515	316	45479	166	699	0	46660
25516	273	45315	122	331	0	46041
25517	322	47460	138	217	0	48137
25518	318	1016	101	47897	0	49332
25519	300	527	103	48271	0	49201
25520	315	339	124	48170	0	48948
25521	284	46151	197	992	0	47624
25522	283	886	45784	436	0	47389
25523	298	555	44918	250	0	46021
25524	43594	466	841	243	0	45144
25525	792	423	344	46179	0	47738
25526	429	441	47634	782	0	49286
25527	318	547	47487	353	0	48705
25528	233	49396	896	347	0	50872
25529	257	1047	348	50110	0	51762
25530	212	614	208	52158	0	53192
25531	52116	521	132	1024	0	53793
25532	848	403	134	51110	0	52495
25533	399	370	151	52506	0	53426
25534	351	377	51603	1160	0	53491
25535	267	413	774	49660	0	51114
25536	210	388	400	52219	0	53217
25537	270	357	52013	1115	0	53755
25538	300	370	50500	585	0	51755
25539	272	48067	1018	503	0	49860
25540	298	960	48831	382	0	50471
25541	219	562	1033	46421	0	48235
25542	297	638	590	41234	0	42759
25543	287	436	48632	1205	0	50560
25544	240	47036	858	746	0	48880
25545	47604	982	411	600	0	49597
25546	779	49654	337	623	0	51393
25547	368	1029	270	50609	0	52276
25548	283	565	352	51362	0	52562
25549	231	50712	394	1312	0	52649
25550	240	993	373	52141	0	53747
25551	202	565	432	52251	0	53450
25552	268	514	47269	1352	0	49403
25553	224	45534	1079	857	0	47694
25554	204	1083	630	49231	0	51148
25555	286	609	47812	1246	0	49953
25556	288	558	1002	47863	0	49711
25557	256	540	595	48153	0	49544
25558	281	464	471	48019	0	49235
25559	348	509	398	48386	0	49641
25560	347	531	358	47224	0	48460
25561	370	47196	353	1493	0	49412
25562	47191	1040	361	931	0	49523
25563	880	664	46308	807	0	48659
25564	40623	524	1049	823	0	43019
25565	972	474	49108	724	0	51278
25566	398	49040	1106	825	0	51369
25567	383	1105	47071	674	0	49233
25568	233	46904	1121	789	0	49047
25569	209	1131	667	46724	0	48731
25570	280	617	573	46082	0	47552
25571	306	46841	439	1417	0	49003
25572	281	50839	385	1037	0	52542
25573	49462	1206	360	846	0	51874
25574	50130	724	357	794	0	52005
25575	49883	572	360	701	0	51516
25576	52058	517	377	703	0	53655
25577	1128	523	467	51585	0	53703
25578	576	51277	432	1199	0	53484
25579	55682	1139	403	816	0	58040
25580	857	641	362	53422	0	55282
25581	53155	563	454	1132	0	55304
25582	49226	429	366	679	0	50700
25583	885	49163	324	571	0	50943
25584	279	46435	246	406	0	47366
25585	247	50200	232	380	0	51059
25586	137	1158	160	48989	0	50444
25587	126	48611	212	693	0	49642
25588	49230	604	141	377	0	50352
25589	49237	273	115	367	0	49992
25590	49375	263	121	317	0	50076
25591	50774	158	138	321	0	51391
25592	50397	140	137	292	0	50966
25593	805	206	49890	243	0	51144
25594	48617	186	722	253	0	49778
25595	918	213	49850	266	0	51247
25596	47116	137	673	176	0	48102
25597	700	150	267	47115	0	48232
25598	270	115	48134	546	0	49065
25599	259	123	46419	227	0	47028
25600	141	48814	640	239	0	49834
25601	51307	566	199	68	0	52140
25602	51563	179	133	69	0	51944
25603	836	58577	102	103	0	59618
25604	342	940	49	67482	0	68813
25605	73024	334	61	1416	0	74835
25606	1881	373	72633	539	0	75426
25607	611	71047	1669	385	0	73712
25608	72243	1836	535	256	0	74870
25609	1970	73592	396	238	0	76196
25610	799	2177	227	71764	0	74967
25611	525	74549	219	1668	0	76961
25612	392	2354	154	72851	0	75751
25613	321	72673	212	1960	0	75166
25614	258	77282	157	753	0	78450
25615	75155	2638	123	520	0	78436
25616	75701	1192	131	388	0	77412
25617	2551	861	74804	328	0	78544
25618	1130	602	73048	247	0	75027
25619	805	540	74926	173	0	76444
25620	560	413	2702	74113	0	77788
25621	542	457	76596	1943	0	79538
25622	386	402	2505	73594	0	76887
25623	346	447	1036	75383	0	77212
25624	321	74127	762	2713	0	77923
25625	75619	2149	495	1183	0	79446
25626	1972	74242	436	869	0	77519
25627	861	2451	345	76550	0	80207
25628	669	1046	328	76671	0	78714
25629	558	825	322	76474	0	78179
25630	513	647	73314	3102	0	77576
25631	454	549	2130	72508	0	75641
25632	407	514	910	74125	0	75956
25633	347	473	703	76533	0	78056
25634	403	569	72083	3435	0	76490
25635	326	71818	2148	1782	0	76074
25636	73265	2259	799	1328	0	77651
25637	71201	1023	660	1031	0	73915
25638	2505	73306	523	905	0	77239
25639	1202	2459	474	73805	0	77940
25640	870	1134	425	76690	0	79119
25641	813	842	72139	3118	0	76912
25642	556	70951	2272	1749	0	75528
25643	518	2322	974	75247	0	79061
25644	494	1102	74384	2921	0	78901
25645	413	854	2419	72692	0	76378
25646	374	734	1107	73184	0	75399
25647	469	689	71919	3508	0	76585
25648	465	658	2393	70969	0	74485
25649	487	658	1047	72335	0	74527
25650	557	649	73611	3533	0	78350
25651	513	604	2376	73638	0	77131
25652	429	592	1163	73835	0	76019
25653	375	513	951	77705	0	79544
25654	373	555	71130	5143	0	77201
25655	355	476	2447	74216	0	77494
25656	71030	472	1209	3662	0	76373
25657	71072	446	985	2090	0	74593
25658	2638	71256	846	1771	0	76511
25659	74144	2230	719	1528	0	78621
25660	2771	1048	77002	1376	0	82197
25661	1240	754	2417	77566	0	81977
25662	924	669	1174	78407	0	81174
25663	695	567	902	81015	0	83179
25664	75020	516	779	3912	0	80227
25665	2220	73562	735	2514	0	79031
25666	950	2290	634	72969	0	76843
25667	732	73622	642	3339	0	78335
25668	74479	2594	615	1970	0	79658
25669	2273	73537	595	1731	0	78136
25670	74135	2727	567	1420	0	78849
25671	2586	72737	564	1407	0	77294
25672	1262	73510	637	1371	0	76780
25673	999	3101	567	74033	0	78700
25674	736	1470	618	74829	0	77653
25675	676	1115	577	74369	0	76737
25676	596	896	552	73957	0	76001
25677	664	906	68750	4080	0	74400
25678	606	68494	2204	2451	0	73755
25679	517	2513	898	66268	0	70196
25680	551	66939	811	3120	0	71421
25681	557	2715	65394	1857	0	70523
25682	534	1306	2203	64813	0	68856
25683	533	1071	1005	69990	0	72599
25684	658	837	66041	3526	0	71062
25685	476	62799	2340	2231	0	67846
25686	411	2351	1138	64961	0	68861
25687	457	1103	63779	3288	0	68627
25688	370	62141	2423	2244	0	67178
25689	336	2395	1093	64555	0	68379
25690	425	1200	62594	3317	0	67536
25691	787	1029	60066	1870	0	63752
25692	454	59582	2627	1639	0	64302
25693	460	66770	1204	1292	0	69726
25694	513	3091	899	67036	0	71539
25695	408	1516	769	73314	0	76007
25696	368	1157	69139	3979	0	74643
25697	64592	943	2650	2282	0	70467
25698	66951	823	1242	1827	0	70843
25699	3181	844	65773	1572	0	71370
25700	1310	62836	2529	1311	0	67986
25701	889	63549	1266	1225	0	66929
25702	658	63333	865	1093	0	65949
25703	492	55111	750	1140	0	57493
25704	927	3398	3977	53728	0	62030
25705	135	1550	151	67253	0	69089
25706	88	433	136	67224	0	67881
25707	140	349	140	67106	0	67735
25708	121	67243	152	4094	0	71610
25709	123	2818	134	67954	0	71029
25710	88	66596	220	3566	0	70470
25711	125	3231	172	70054	0	73582
25712	66987	1500	171	3776	0	72434
25713	2814	839	175	69798	0	73626
25714	1291	65538	208	3895	0	70932
25715	674	2914	136	70112	0	73836
25716	398	1515	154	72387	0	74454
25717	290	1045	140	72712	0	74187
25718	65746	804	143	5972	0	72665
25719	2886	1002	151	70390	0	74429
25720	1315	1032	60697	4978	0	68022
25721	711	65550	2495	3162	0	71918
25722	565	3326	1141	69726	0	74758
25723	681	1820	493	71559	0	74553
25724	560	1241	251	75495	0	77547
25725	69541	1158	190	6305	0	77194
25726	3289	1065	66026	3841	0	74221
25727	1685	710	2739	67663	0	72797
25728	980	67385	1217	5193	0	74775
25729	872	3377	619	71596	0	76464
25730	64696	1804	454	5654	0	72608
25731	2976	67992	550	3774	0	75292
25732	1560	3832	406	69936	0	75734
25733	859	2003	265	72179	0	75306
25734	659	65671	318	6998	0	73646
25735	757	3582	378	70718	0	75435
25736	913	2030	412	72748	0	76103
25737	728	1533	61331	6780	0	70372
25738	538	64641	2997	4531	0	72707
25739	66083	3916	1393	3533	0	74925
25740	3724	2272	65090	3118	0	74204
25741	66673	1484	3331	3064	0	74552
25742	4283	1411	65317	2975	0	73986
25743	2060	1413	3661	69064	0	76198
25744	66491	1181	1809	6187	0	75668
25745	3893	1486	938	69851	0	76168
25746	69714	1391	741	6517	0	78363
25747	71670	1143	723	4641	0	78177
25748	70847	1371	873	3333	0	76424
25749	5554	67696	885	2877	0	77012
25750	3247	3915	769	67879	0	75810
25751	2009	2277	994	71272	0	76552
25752	1721	1528	1020	72467	0	76736
25753	1724	1176	63946	7212	0	74058
25754	1578	1013	3709	70353	0	76653
25755	67478	988	2074	6336	0	76876
25756	70687	1020	1255	4288	0	77250
25757	6004	966	64617	3370	0	74957
25758	68089	1100	3668	2684	0	75541
25759	70361	1132	1941	2672	0	76106
25760	6159	1226	1242	62099	0	70726
25761	62572	1088	915	6002	0	70577
25762	65188	950	877	4379	0	71394
25763	6228	1008	997	63592	0	71825
25764	63425	1017	1210	5918	0	71570
25765	64934	952	964	4266	0	71116
25766	6599	1098	944	63509	0	72150
25767	4254	1057	54511	5636	0	65458
25768	61061	869	3704	3728	0	69362
25769	5719	925	60028	3038	0	69710
25770	4243	676	58765	2890	0	66574
25771	3321	57717	4878	2792	0	68708
25772	3014	3475	2583	58607	0	67679
25773	3163	1753	1474	61905	0	68295
25774	2991	1011	1144	63744	0	68890
25775	3053	889	56975	7003	0	67920
25776	3336	870	56832	4218	0	65256
25777	2827	58013	4951	3324	0	69115
25778	2664	3417	2898	56398	0	65377
25779	2994	1721	1936	60691	0	67342
25780	2534	999	1825	63615	0	68973
25781	2409	784	56231	7046	0	66470
25782	2508	56156	4147	4377	0	67188
25783	2343	3366	2442	58606	0	66757
25784	2437	1769	57696	5841	0	67743
25785	2395	1134	58308	3949	0	65786
25786	58612	1004	5662	3120	0	68398
25787	59504	1010	3352	2771	0	66637
25788	62389	1050	2074	2892	0	68405
25789	6131	910	1654	55664	0	64359
25790	3551	669	53865	5815	0	63900
25791	2525	53894	4301	4115	0	64835
25792	2197	58929	2844	3329	0	67299
25793	2154	4124	48958	2345	0	57581
25794	2684	2393	4159	45692	0	54928
25795	1651	1099	2664	43846	0	49260
25796	1893	40706	2748	4437	0	49784
25797	2060	45824	1605	2859	0	52348
25798	45322	3568	1487	2226	0	52603
25799	48116	1849	1497	1767	0	53229
25800	48513	1109	1388	2066	0	53076
25801	47883	968	1378	2110	0	52339
25802	43350	1177	1237	1686	0	47450
25803	4949	41340	1366	1814	0	49469
25804	1633	28928	935	1354	0	32850
25805	675	17861	508	547	0	19591
25806	16300	1020	671	504	0	18495
25807	987	3019	1446	12836	0	18288
25808	367	151	211	13050	0	13779
25809	12808	145	206	644	0	13803
25810	534	12246	242	406	0	13428
25811	357	351	208	12889	0	13805
25812	312	194	277	13676	0	14459
25813	250	151	200	12275	0	12876
25814	11726	123	161	569	0	12579
25815	423	86	200	12806	0	13515
25816	274	122	12139	539	0	13074
25817	12755	108	431	364	0	13658
25818	623	91	222	13349	0	14285
25819	373	158	12814	556	0	13901
25820	282	11755	510	384	0	12931
25821	220	10834	197	205	0	11456
25822	10809	391	164	144	0	11508
25823	10011	188	1051	182	0	11432
25824	250	10087	44	85	0	10466
25825	149	228	35	11757	0	12169
25826	11528	89	40	358	0	12015
25827	350	83	49	14241	0	14723
25828	180	45	47	14530	0	14802
25829	135	56	42	14736	0	14969
25830	70	45	39	14510	0	14664
25831	59	13494	78	732	0	14363
25832	64	352	52	14703	0	15171
25833	58	185	50	14755	0	15048
25834	50	142	22	15004	0	15218
25835	59	106	13390	791	0	14346
25836	46	13528	370	452	0	14396
25837	48	388	174	14867	0	15477
25838	72	201	13951	576	0	14800
25839	87	179	13329	356	0	13951
25840	24	13648	508	268	0	14448
25841	13904	419	286	156	0	14765
25842	361	205	154	14210	0	14930
25843	14818	172	105	498	0	15593
25844	483	14845	101	300	0	15729
25845	217	434	66	15532	0	16249
25846	13062	223	46	519	0	13850
25847	13490	171	47	339	0	14047
25848	574	103	36	13518	0	14231
25849	337	114	51	13454	0	13956
25850	220	101	12887	699	0	13907
25851	144	71	372	13379	0	13966
25852	135	69	194	14047	0	14445
25853	13216	77	162	749	0	14204
25854	404	12881	91	561	0	13937
25855	236	399	12777	391	0	13803
25856	12805	196	405	280	0	13686
25857	457	12937	212	262	0	13868
25858	285	425	143	13590	0	14443
25859	13464	257	91	556	0	14368
25860	474	203	93	13588	0	14358
25861	278	126	83	13922	0	14409
25862	245	133	12250	751	0	13379
25863	128	112	380	13159	0	13779
25864	12777	90	214	756	0	13837
25865	479	88	189	13164	0	13920
25866	12342	86	96	819	0	13343
25867	563	11400	127	470	0	12560
25868	301	12003	118	433	0	12855
25869	279	575	73	12138	0	13065
25870	191	360	54	12612	0	13217
25871	11976	238	82	786	0	13082
25872	477	11877	75	560	0	12989
25873	12219	513	74	452	0	13258
25874	12458	268	86	355	0	13167
25875	665	228	54	12344	0	13291
25876	12516	113	90	662	0	13381
25877	690	175	11030	415	0	12310
25878	378	139	440	11570	0	12527
25879	381	123	11123	640	0	12267
25880	254	117	547	11640	0	12558
25881	11256	107	282	789	0	12434
25882	11353	135	239	465	0	12192
25883	651	11183	159	432	0	12425
25884	432	486	120	11478	0	12516
25885	382	266	97	11511	0	12256
25886	295	11164	87	789	0	12335
25887	280	517	56	11691	0	12544
25888	226	303	100	11501	0	12130
25889	192	11035	104	872	0	12203
25890	10741	511	64	681	0	11997
25891	11082	295	90	537	0	12004
25892	691	251	70	11051	0	12063
25893	441	171	73	11443	0	12128
25894	364	178	10140	846	0	11528
25895	276	168	430	10503	0	11377
25896	249	10354	254	803	0	11660
25897	10837	458	199	525	0	12019
25898	512	314	146	11026	0	11998
25899	354	243	121	10846	0	11564
25900	10083	183	128	823	0	11217
25901	547	9967	103	608	0	11225
25902	416	470	65	10416	0	11367
25903	369	266	92	10528	0	11255
25904	269	10156	66	915	0	11406
25905	10558	531	89	602	0	11780
25906	629	346	9903	459	0	11337
25907	401	287	10119	404	0	11211
25908	323	155	612	10602	0	11692
25909	252	174	10059	737	0	11222
25910	10289	163	596	511	0	11559
25911	595	119	330	10711	0	11755
25912	378	111	9529	652	0	10670
25913	302	137	10109	511	0	11059
25914	252	10092	622	451	0	11417
25915	9260	380	315	213	0	10168
25916	453	9199	209	264	0	10125
25917	8715	380	127	220	0	9442
25918	8443	212	146	204	0	9005
25919	467	8503	93	209	0	9272
25920	8787	345	88	203	0	9423
25921	8919	212	91	202	0	9424
25922	562	213	8105	166	0	9046
25923	409	1474	303	6891	0	9077
25924	259	6617	175	295	0	7346
25925	130	6048	84	173	0	6435
25926	155	734	50	5821	0	6760
25927	3525	34	7	62	0	3628
25928	55	9	12	3511	0	3587
25929	31	10	8	3534	0	3583
25930	15	8	9	3603	0	3635
25931	9	3817	9	93	0	3928
25932	13	67	5	4667	0	4752
25933	16	42	5176	122	0	5356
25934	5003	22	147	49	0	5221
25935	5453	17	60	27	0	5557
25936	214	5272	36	24	0	5546
25937	5166	135	12	10	0	5323
25938	169	53	12	5153	0	5387
25939	69	30	4929	146	0	5174
25940	4806	12	127	58	0	5003
25941	140	4931	54	37	0	5162
25942	62	140	25	5159	0	5386
25943	4542	54	14	150	0	4760
25944	153	4006	13	63	0	4235
25945	65	4167	14	45	0	4291
25946	4290	183	12	19	0	4504
25947	160	84	3996	13	0	4253
25948	4120	46	132	16	0	4314
25949	180	23	44	4101	0	4348
25950	72	27	37	4022	0	4158
25951	66	18	4088	205	0	4377
25952	40	22	4230	83	0	4375
25953	45	29	196	4583	0	4853
25954	61	20	4575	163	0	4819
25955	31	35	5124	96	0	5286
25956	43	20	205	4975	0	5243
25957	47	17	89	5402	0	5555
25958	5301	31	56	217	0	5605
25959	186	22	29	5385	0	5622
25960	5356	34	24	193	0	5607
25961	194	5125	25	100	0	5444
25962	90	164	20	5143	0	5417
25963	66	85	5364	180	0	5695
25964	5464	56	158	89	0	5767
25965	5792	39	71	58	0	5960
25966	5843	30	57	49	0	5979
25967	5801	29	44	49	0	5923
25968	5835	29	43	41	0	5948
25969	249	17	47	5694	0	6007
25970	122	19	5463	189	0	5793
25971	87	16	5384	90	0	5577
25972	55	22	5402	86	0	5565
25973	5314	22	230	68	0	5634
25974	5648	26	121	56	0	5851
25975	209	29	72	5328	0	5638
25976	109	5939	59	175	0	6282
25977	93	152	44	6245	0	6534
25978	67	77	6338	198	0	6680
25979	81	39	6181	103	0	6404
25980	6172	32	200	76	0	6480
25981	203	32	6732	74	0	7041
25982	115	29	196	6774	0	7114
25983	8471	19	98	187	0	8775
25984	8337	21	84	97	0	8539
25985	8572	22	58	66	0	8718
25986	8620	21	47	60	0	8748
25987	299	26	8201	61	0	8587
25988	8072	20	172	65	0	8329
25989	239	7988	115	60	0	8402
25990	140	156	76	8408	0	8780
25991	123	71	8208	190	0	8592
25992	99	49	197	8197	0	8542
25993	98	45	8986	222	0	9351
25994	86	51	194	8797	0	9128
25995	76	47	116	9282	0	9521
25996	84	28	9044	272	0	9428
25997	113	19	198	8961	0	9291
25998	9235	35	129	238	0	9637
25999	229	26	76	9170	0	9501
26000	137	34	80	9262	0	9513
26001	9260	28	76	274	0	9638
26002	239	9297	74	159	0	9769
26003	9439	142	53	66	0	9700
26004	203	9055	61	96	0	9415
26005	9499	143	41	60	0	9743
26006	211	74	9187	66	0	9538
26007	121	54	144	9165	0	9484
26008	85	50	89	9464	0	9688
26009	9401	31	82	215	0	9729
26010	177	9005	85	120	0	9387
26011	92	124	74	9286	0	9576
26012	74	49	76	9318	0	9517
26013	64	8475	65	230	0	8834
26014	8701	126	64	158	0	9049
26015	172	8497	62	103	0	8834
26016	87	146	49	8690	0	8972
26017	97	49	46	8664	0	8856
26018	71	8475	50	220	0	8816
26019	8676	146	36	147	0	9005
26020	189	66	8331	99	0	8685
26021	8065	71	140	68	0	8344
26022	207	8188	59	78	0	8532
26023	107	142	60	8668	0	8977
26024	8502	67	40	178	0	8787
26025	196	41	48	8206	0	8491
26026	117	30	45	8390	0	8582
26027	8703	36	39	219	0	8997
26028	194	8446	41	135	0	8816
26029	111	8608	46	82	0	8847
26030	8813	163	45	72	0	9093
26031	157	68	9041	73	0	9339
26032	82	8448	82	57	0	8669
26033	2	19	7	8173	0	8201
26034	13	12	10490	22	0	10537
26035	6	7	163	10262	0	10438
26036	10566	6	121	189	0	10882
26037	167	10556	55	147	0	10925
26038	123	189	23	10454	0	10789
26039	42	10744	21	166	0	10973
26040	10879	220	7	117	0	11223
26041	10789	137	7	42	0	10975
26042	302	10681	9	34	0	11026
26043	170	204	4	10864	0	11242
26044	68	11087	17	178	0	11350
26045	11326	255	12	124	0	11717
26046	11322	168	20	56	0	11566
26047	358	78	13	11065	0	11514
26048	205	45	9	11441	0	11700
26049	106	47	10833	389	0	11375
26050	10156	37	213	215	0	10621
26051	272	42	10801	103	0	11218
26052	187	28	252	10624	0	11091
26053	10500	32	161	247	0	10940
26054	253	10457	74	188	0	10972
26055	10058	238	45	77	0	10418
26056	291	182	9660	55	0	10188
26057	9274	78	214	43	0	9609
26058	319	9740	142	36	0	10237
26059	10053	232	68	52	0	10405
26060	301	9919	51	333	0	10604
26061	186	268	50	10221	0	10725
26062	118	181	10014	259	0	10572
26063	83	96	9441	161	0	9781
26064	56	60	377	9420	0	9913
26065	64	59	9669	277	0	10069
26066	70	50	299	9535	0	9954
26067	77	53	194	10369	0	10693
26068	64	39	10559	421	0	11083
26069	8695	51	289	250	0	9285
26070	10488	53	182	120	0	10843
26071	401	10343	81	87	0	10912
26072	10800	249	63	50	0	11162
26073	335	161	49	10612	0	11157
26074	217	86	11422	281	0	12006
26075	104	57	268	11239	0	11668
26076	82	29	184	11378	0	11673
26077	11052	41	100	430	0	11623
26078	258	10349	77	276	0	10960
26079	188	10673	60	158	0	11079
26080	116	368	40	11094	0	11618
26081	87	232	53	10744	0	11116
26082	88	10633	41	400	0	11162
26083	85	271	34	9599	0	9989
26084	65	203	46	9485	0	9799
26085	63	9270	38	447	0	9818
26086	9385	268	50	262	0	9965
26087	258	175	46	9335	0	9814
26088	195	9134	48	337	0	9714
26089	109	268	49	9659	0	10085
26090	9347	202	46	342	0	9937
26091	278	10467	46	247	0	11038
26092	12023	299	37	158	0	12517
26093	11865	211	22	134	0	12232
26094	424	135	21	11714	0	12294
26095	11966	101	45	321	0	12433
26096	11907	87	36	241	0	12271
26097	11889	74	23	154	0	12140
26098	12078	79	49	102	0	12308
26099	506	71	22	12048	0	12647
26100	306	65	33	12356	0	12760
26101	169	95	11817	505	0	12586
26102	167	54	263	11748	0	12232
26103	138	50	196	12141	0	12525
26104	134	80	12083	542	0	12839
26105	11277	65	316	367	0	12025
26106	373	53	218	12512	0	13156
26107	302	65	13207	402	0	13976
26108	11917	50	367	321	0	12655
26109	442	66	14367	169	0	15044
26110	306	13970	454	167	0	14897
26111	178	15479	271	150	0	16078
26112	122	571	164	16227	0	17084
26113	131	269	18198	524	0	19122
26114	17516	144	489	352	0	18501
26115	20645	99	296	207	0	21247
26116	753	77	21052	164	0	22046
26117	20362	66	518	144	0	21090
26118	21812	83	315	112	0	22322
26119	780	20754	194	126	0	21854
26120	21927	458	156	125	0	22666
26121	633	284	139	21552	0	22608
26122	392	156	21565	545	0	22658
26123	220	124	504	21835	0	22683
26124	178	22062	309	543	0	23092
26125	164	23999	203	340	0	24706
26126	24415	664	136	201	0	25416
26127	25239	352	131	164	0	25886
26128	24479	194	128	136	0	24937
26129	870	158	105	25522	0	26655
26130	480	428	117	25263	0	26288
26131	304	24635	109	697	0	25745
26132	24755	529	111	395	0	25790
26133	601	24299	110	297	0	25307
26134	22234	316	69	76	0	22695
26135	393	21732	74	85	0	22284
26136	22181	329	76	69	0	22655
26137	23736	158	64	66	0	24024
26138	480	129	55	23193	0	23857
26139	269	24605	60	302	0	25236
26140	204	339	23492	161	0	24196
26141	20938	182	289	134	0	21543
26142	363	23794	143	150	0	24450
26143	213	287	24457	90	0	25047
26144	179	170	24110	79	0	24538
26145	150	162	310	21796	0	22418
26146	155	119	130	22398	0	22802
26147	162	23780	64	319	0	24325
26148	26854	290	46	173	0	27363
26149	336	182	43	25894	0	26455
26150	224	27618	58	284	0	28184
26151	179	29586	73	145	0	29983
26152	183	382	28512	109	0	29186
26153	171	235	28186	70	0	28662
26154	27526	137	340	83	0	28086
26155	369	134	29444	85	0	30032
26156	202	115	304	27935	0	28556
26157	164	114	147	28994	0	29419
26158	143	135	29499	371	0	30148
26159	127	138	312	27555	0	28132
26160	141	121	187	28332	0	28781
26161	28469	133	129	400	0	29131
26162	29035	113	127	220	0	29495
26163	391	97	146	29036	0	29670
26164	222	27784	157	354	0	28517
26165	143	30093	139	216	0	30591
26166	31270	379	132	163	0	31944
26167	370	215	29689	152	0	30426
26168	212	146	338	29503	0	30199
26169	30504	141	219	348	0	31212
26170	29669	134	189	227	0	30219
26171	413	143	165	30078	0	30799
26172	286	128	30172	373	0	30959
26173	210	184	27020	250	0	27664
26174	26031	128	439	177	0	26775
26175	29312	118	251	162	0	29843
26176	478	28006	211	361	0	29056
26177	320	29666	215	193	0	30394
26178	31408	368	152	174	0	32102
26179	33767	220	144	205	0	34336
26180	512	199	117	32701	0	33529
26181	368	141	122	33243	0	33874
26182	276	137	132	34038	0	34583
26183	34032	133	153	473	0	34791
26184	511	144	112	33582	0	34349
26185	354	183	33834	401	0	34772
26186	32368	164	340	223	0	33095
26187	500	165	158	34004	0	34827
26188	404	171	35324	356	0	36255
26189	32139	159	316	268	0	32882
26190	33927	144	193	247	0	34511
26191	439	34111	161	244	0	34955
26192	337	35093	136	206	0	35772
26193	323	475	33649	176	0	34623
26194	31045	301	314	180	0	31840
26195	516	34222	178	205	0	35121
26196	402	413	33934	185	0	34934
26197	29755	249	306	209	0	30519
26198	486	34194	177	272	0	35129
26199	254	357	35036	206	0	35853
26200	31864	198	288	180	0	32530
26201	424	34908	180	194	0	35706
26202	236	290	109	35490	0	36125
26203	35942	162	93	343	0	36540
26204	346	36220	129	190	0	36885
26205	206	264	107	37625	0	38202
26206	37103	111	353	348	0	37915
26207	265	64	36204	142	0	36675
26208	121	35564	251	133	0	36069
26209	109	176	36343	52	0	36680
26210	47	47	139	36101	0	36334
26211	52	48	36375	139	0	36614
26212	41	33907	171	81	0	34200
26213	25	33301	55	38	0	33419
26214	32	87	200	33662	0	33981
26215	8	27	5	30005	0	30045
26216	3	12	3	30755	0	30773
26217	19	8	31470	63	0	31560
26218	3	12	56	31254	0	31325
26219	31849	6	28	58	0	31941
26220	29447	7	23	26	0	29503
26221	96	23	31352	30	0	31501
26222	16	29632	96	32	0	29776
26223	30767	59	14	7	0	30847
26224	45	30172	30	22	0	30269
26225	30839	60	27	16	0	30942
26226	30280	18	12	23	0	30333
26227	76	38	28867	24	0	29005
26228	14	28168	80	36	0	28298
26229	13	54	12	29088	0	29167
26230	32	23	28862	65	0	28982
26231	26766	14	74	23	0	26877
26232	65	10	18	29423	0	29516
26233	32	21	29687	59	0	29799
26234	26524	18	76	38	0	26656
26235	100	19	31054	23	0	31196
26236	27	20	66	31128	0	31241
26237	32576	13	21	141	0	32751
26238	138	32352	49	128	0	32667
26239	92	172	32932	31	0	33227
26240	32086	71	161	22	0	32340
26241	37850	27	76	24	0	37977
26242	482	38947	61	43	0	39533
26243	187	416	23	40352	0	40978
26244	89	181	19	40841	0	41130
26245	40801	82	29	588	0	41500
26246	453	53	13	40919	0	41438
26247	197	53	41695	539	0	42484
26248	81	20	426	39728	0	40255
26249	40178	14	168	551	0	40911
26250	450	36951	101	263	0	37765
26251	187	450	45	36978	0	37660
26252	97	36537	36	528	0	37198
26253	37383	561	43	175	0	38162
26254	515	210	26	38889	0	39640
26255	209	104	27	40501	0	40841
26256	115	39573	57	989	0	40734
26257	105	796	39107	356	0	40364
26258	71	273	735	38828	0	39907
26259	65	133	244	40584	0	41026
26260	49	106	115	40637	0	40907
26261	56	38782	137	1078	0	40053
26262	93	758	39465	412	0	40728
26263	100	283	41147	243	0	41773
26264	40103	150	1004	214	0	41471
26265	41960	114	360	147	0	42581
26266	1083	112	41253	146	0	42594
26267	39863	84	864	147	0	40958
26268	999	91	41092	158	0	42340
26269	40188	89	916	164	0	41357
26270	998	41354	377	198	0	42927
26271	42709	876	218	161	0	43964
26272	1106	325	43092	178	0	44701
26273	449	203	43004	200	0	43856
26274	264	174	1182	46733	0	48353
26275	49309	110	447	1518	0	51384
26276	1490	52707	337	1283	0	55817
26277	661	1878	59738	334	0	62611
26278	363	524	2347	63552	0	66786
26279	253	294	743	66689	0	67979
26280	64929	196	388	3197	0	68710
26281	67300	151	270	1085	0	68806
26282	3275	158	216	66242	0	69891
26283	68070	183	205	2792	0	71250
26284	3097	186	64181	1003	0	68467
26285	1116	179	2451	64482	0	68228
26286	647	144	815	68350	0	69956
26287	66309	137	452	3401	0	70299
26288	66402	148	357	1280	0	68187
26289	3417	146	277	64532	0	68372
26290	66033	105	281	2930	0	69349
26291	3200	206	62078	1134	0	66618
26292	1189	60759	2468	737	0	65153
26293	747	2421	61632	532	0	65332
26294	593	766	2709	63231	0	67299
26295	62544	356	1205	2898	0	67003
26296	2863	61371	572	1191	0	65997
26297	1132	2574	426	63924	0	68056
26298	731	906	388	64561	0	66586
26299	593	60387	427	3534	0	64941
26300	547	2630	373	63951	0	67501
26301	585	867	366	65606	0	67424
26302	660	475	310	66322	0	67767
26303	632	333	344	66162	0	67471
26304	725	214	348	63938	0	65225
26305	704	57938	384	4173	0	63199
26306	686	2430	366	61939	0	65421
26307	647	898	351	63156	0	65052
26308	716	547	55959	4095	0	61317
26309	655	55840	2551	1969	0	61015
26310	724	2574	922	58465	0	62685
26311	724	940	557	59317	0	61538
26312	731	532	503	59120	0	60886
26313	684	55172	511	4209	0	60576
26314	766	2595	54538	2011	0	59910
26315	711	986	2684	60350	0	64731
26316	723	659	57903	3694	0	62979
26317	746	560	58965	1910	0	62181
26318	607	491	3385	60014	0	64497
26319	61684	439	1250	3779	0	67152
26320	2972	501	749	62374	0	66596
26321	1265	437	520	63074	0	65296
26322	780	63169	489	4472	0	68910
26323	706	2686	429	67315	0	71136
26324	594	1062	428	68551	0	70635
26325	595	661	66318	4758	0	72332
26326	527	66735	2634	2542	0	72438
26327	483	2791	1109	70692	0	75075
26328	68071	1155	718	4013	0	73957
26329	2807	799	67692	2204	0	73502
26330	1115	637	2775	69372	0	73899
26331	703	574	1144	72954	0	75375
26332	68981	606	747	4590	0	74924
26333	2814	67757	599	2586	0	73756
26334	68653	2862	459	2097	0	74071
26335	2989	67512	521	1874	0	72896
26336	1082	2981	465	68398	0	72926
26337	65323	1213	550	4041	0	71127
26338	2892	765	62414	2273	0	68344
26339	1134	61461	2736	1913	0	67244
26340	802	64326	1241	1682	0	68051
26341	57949	3005	707	1472	0	63133
26342	2457	1168	641	56021	0	60287
26343	1188	54002	546	3306	0	59042
26344	737	58164	554	2025	0	61480
26345	690	2994	409	58504	0	62597
26346	1543	1294	423	58824	0	62084
26347	55304	866	424	4064	0	60658
26348	2565	54960	525	2203	0	60253
26349	1088	3005	580	57886	0	62559
26350	871	1197	55042	3440	0	60550
26351	713	54927	2553	1967	0	60160
26352	743	2629	54779	1553	0	59704
26353	725	55003	2658	1512	0	59898
26354	650	2390	2283	54557	0	59880
26355	704	1076	483	54018	0	56281
26356	663	52075	462	3302	0	56502
26357	652	2409	51537	1829	0	56427
26358	52063	1200	2052	1419	0	56734
26359	2207	992	865	54371	0	58435
26360	921	832	582	56852	0	59187
26361	632	837	53281	3387	0	58137
26362	569	822	2131	55617	0	59139
26363	509	819	53166	3306	0	57800
26364	486	831	2237	54748	0	58302
26365	452	800	52341	3305	0	56898
26366	395	52236	2245	2114	0	56990
26367	415	2510	53306	1614	0	57845
26368	426	2126	2195	53494	0	58241
26369	52558	881	833	3119	0	57391
26370	2109	51955	520	1923	0	56507
26371	897	2420	515	54133	0	57965
26372	611	1254	51641	2974	0	56480
26373	428	52077	2297	1678	0	56480
26374	258	2488	791	48522	0	52059
26375	1328	1024	46459	2114	0	50925
26376	190	39629	1136	808	0	41763
26377	30592	1936	886	1841	0	35255
26378	27844	97	73	47	0	28061
26379	301	80	40	28591	0	29012
26380	29185	52	45	291	0	29573
26381	275	51	47	27663	0	28036
26382	109	46	31	28079	0	28265
26383	94	42	27429	350	0	27915
26384	66	44	243	27232	0	27585
26385	46	28	90	28257	0	28421
26386	27974	23	57	371	0	28425
26387	26658	32	45	180	0	26915
26388	304	26654	55	143	0	27156
26389	136	242	27441	99	0	27918
26390	64	89	253	26835	0	27241
26391	87	57	26514	299	0	26957
26392	24302	48	288	148	0	24786
26393	295	49	25772	110	0	26226
26394	134	44	286	25451	0	25915
26395	92	25378	138	303	0	25911
26396	67	273	78	26353	0	26771
26397	50	113	94	25268	0	25525
26398	61	68	27348	391	0	27868
26399	37	58	281	27089	0	27465
26400	27444	38	119	386	0	27987
26401	26479	46	86	190	0	26801
26402	26518	53	79	134	0	26784
26403	27172	46	79	122	0	27419
26404	354	25876	104	144	0	26478
26405	165	26138	91	160	0	26554
26406	144	323	70	26564	0	27101
26407	104	124	71	27004	0	27303
26408	92	25841	98	394	0	26425
26409	85	282	66	27488	0	27921
26410	74	147	44	27398	0	27663
26411	75	92	53	27295	0	27515
26412	73	77	75	27266	0	27491
26413	74	95	63	27609	0	27841
26414	27185	73	48	481	0	27787
26415	302	23991	79	315	0	24687
26416	154	312	24026	209	0	24701
26417	111	134	283	24992	0	25520
26418	104	90	131	25480	0	25805
26419	77	91	96	24077	0	24341
26420	22984	80	82	486	0	23632
26421	287	25221	100	312	0	25920
26422	151	633	68	24503	0	25355
26423	129	24151	87	787	0	25154
26424	119	837	80	24021	0	25057
26425	96	20240	83	897	0	21316
26426	115	834	22860	351	0	24160
26427	99	279	1125	28592	0	30095
26428	128	167	36149	1774	0	38218
26429	125	134	2024	35796	0	38079
26430	89	132	635	41415	0	42271
26431	41016	120	332	3038	0	44506
26432	42379	93	190	1091	0	43753
26433	43750	84	133	599	0	44566
26434	43601	106	127	383	0	44217
26435	42985	107	163	322	0	43577
26436	3485	101	164	38899	0	42649
26437	1175	39639	159	2581	0	43554
26438	676	2466	111	41225	0	44478
26439	458	776	38261	3042	0	42537
26440	39520	392	2315	1006	0	43233
26441	42429	221	655	593	0	43898
26442	3351	131	354	40901	0	44737
26443	1279	122	163	41981	0	43545
26444	710	38824	189	3262	0	42985
26445	439	2463	108	41268	0	44278
26446	359	750	151	41767	0	43027
26447	359	39123	180	3398	0	43060
26448	341	2411	158	41239	0	44149
26449	38650	749	145	3183	0	42727
26450	2670	464	37076	1243	0	41453
26451	38373	293	2314	834	0	41814
26452	2939	261	37202	654	0	41056
26453	988	211	2604	37677	0	41480
26454	639	195	768	37480	0	39082
26455	427	35961	448	3244	0	40080
26456	431	39104	229	1345	0	41109
26457	435	3088	217	37299	0	41039
26458	412	1054	35630	2893	0	39989
26459	36951	519	2421	1062	0	40953
26460	2692	263	771	37313	0	41039
26461	951	37152	504	2856	0	41463
26462	594	2419	240	37649	0	40902
26463	424	839	181	38250	0	39694
26464	380	36068	147	3344	0	39939
26465	394	3095	179	37273	0	40941
26466	442	869	33441	3011	0	37763
26467	433	564	34427	1102	0	36526
26468	318	323	2526	33930	0	37097
26469	238	35405	815	2513	0	38971
26470	200	2384	410	36990	0	39984
26471	36195	794	226	2972	0	40187
26472	37224	541	213	1111	0	39089
26473	36413	341	203	804	0	37761
26474	3013	34232	285	601	0	38131
26475	1034	2326	33746	574	0	37680
26476	34885	842	2321	540	0	38588
26477	37154	580	698	583	0	39015
26478	2988	34652	457	602	0	38699
26479	1368	2488	240	35421	0	39517
26480	35701	845	222	2762	0	39530
26481	37291	594	238	1086	0	39209
26482	38000	389	330	774	0	39493
26483	3498	290	355	35034	0	39177
26484	36316	252	345	2862	0	39775
26485	3139	271	281	36087	0	39778
26486	1279	309	227	38321	0	40136
26487	36011	352	230	3564	0	40157
26488	3082	321	285	36809	0	40497
26489	37773	305	311	3323	0	41712
26490	3318	321	321	39718	0	43678
26491	1506	321	301	41912	0	44040
26492	39446	353	227	3944	0	43970
26493	3288	365	36568	1870	0	42091
26494	1673	333	2255	39267	0	43528
26495	1440	315	760	40902	0	43417
26496	1291	312	486	40576	0	42665
26497	1107	342	328	41638	0	43415
26498	1008	373	325	39281	0	40987
26499	938	35905	306	4238	0	41387
26500	951	2583	347	38463	0	42344
26501	1003	973	35374	3698	0	41048
26502	1007	688	2399	38392	0	42486
26503	1031	424	776	41025	0	43256
26504	935	431	499	42424	0	44289
26505	842	470	37761	4369	0	43442
26506	702	527	38086	2245	0	41560
26507	37239	540	2903	1657	0	42339
26508	39971	457	1149	1455	0	43032
26509	3361	39853	698	1337	0	45249
26510	1505	2684	426	44444	0	49059
26511	983	1074	379	47146	0	49582
26512	738	730	474	48243	0	50185
26513	44926	475	555	4295	0	50251
26514	46625	410	533	2119	0	49687
26515	3431	455	488	45736	0	50110
26516	1403	576	388	47111	0	49478
26517	890	619	335	47289	0	49133
26518	598	533	383	47524	0	49038
26519	43470	522	449	4453	0	48894
26520	2812	480	41442	2300	0	47034
26521	1035	36470	2016	1740	0	41261
26522	668	39101	715	1290	0	41774
26523	37955	2330	437	1243	0	41965
26524	2362	1505	284	37650	0	41801
26525	835	759	36357	2843	0	40794
26526	580	1635	33112	1395	0	36722
26527	298	32343	1270	873	0	34784
26528	25152	529	112	292	0	26085
26529	573	182	24465	233	0	25453
26530	17404	55	1839	102	0	19400
26531	19	2	11	20346	0	20378
26532	12	4	7	20715	0	20738
26533	3	20193	7	33	0	20236
26534	5	19547	8	14	0	19574
26535	20236	20	3	9	0	20268
26536	19552	8	6	12	0	19578
26537	24	21251	19	30	0	21324
26538	7	78	20564	2	0	20651
26539	16	59	20818	0	0	20893
26540	2	35	93	20836	0	20966
26541	23148	3	62	54	0	23267
26542	52	21299	53	58	0	21462
26543	31	60	4	22747	0	22842
26544	24409	29	2	59	0	24499
26545	56	34	1	23690	0	23781
26546	36	7	0	24331	0	24374
26547	24988	4	3	123	0	25118
26548	85	23594	17	97	0	23793
26549	48	24504	7	54	0	24613
26550	62	152	24393	13	0	24620
26551	14	92	88	24193	0	24387
26552	6	57	56	23639	0	23758
26553	18	22	24970	141	0	25151
26554	18543	47	168	135	0	18893
26555	21329	17	79	59	0	21484
26556	146	10	24322	22	0	24500
26557	17796	35	184	58	0	18073
26558	146	26	24621	14	0	24807
26559	75	25469	152	22	0	25718
26560	58	101	66	27959	0	28184
26561	22	58	39	28035	0	28154
26562	28315	41	17	146	0	28519
26563	27631	20	15	96	0	27762
26564	27499	15	20	59	0	27593
26565	27557	12	8	25	0	27602
26566	27126	8	16	20	0	27170
26567	204	26	26400	18	0	26648
26568	116	25329	119	24	0	25588
26569	66	98	64	27409	0	27637
26570	27	26402	64	93	0	26586
26571	25	27293	23	75	0	27416
26572	18	146	21	27741	0	27926
26573	23	99	12	27889	0	28023
26574	34	74	28564	151	0	28823
26575	25543	32	117	112	0	25804
26576	29026	16	57	61	0	29160
26577	150	27507	67	46	0	27770
26578	29622	96	19	22	0	29759
26579	31870	61	14	22	0	31967
26580	174	52	12	31217	0	31455
26581	129	40	31836	98	0	32103
26582	73	40	30827	61	0	31001
26583	31146	17	160	57	0	31380
26584	32155	17	97	32	0	32301
26585	155	30229	82	45	0	30511
26586	103	30952	32	37	0	31124
26587	61	152	11	32226	0	32450
26588	32425	93	21	109	0	32648
26589	128	83	30715	68	0	30994
26590	91	34	125	29962	0	30212
26591	31957	23	85	158	0	32223
26592	32508	18	72	97	0	32695
26593	222	25	31	33488	0	33766
26594	34471	8	40	189	0	34708
26595	263	35	31767	106	0	32171
26596	143	44	35032	98	0	35317
26597	116	40	245	33316	0	33717
26598	62	26	156	36583	0	36827
26599	46	17	94	36492	0	36649
26600	55	35085	78	310	0	35528
26601	48	37739	58	220	0	38065
26602	48	255	26	38484	0	38813
26603	38225	151	24	220	0	38620
26604	184	98	23	37902	0	38207
26605	125	52	38	37714	0	37929
26606	96	36041	84	295	0	36516
26607	55	36999	71	220	0	37345
26608	47	244	42	38176	0	38509
26609	50	186	29	35823	0	36088
26610	34022	121	11	300	0	34454
26611	181	31845	41	229	0	32296
26612	33401	207	25	138	0	33771
26613	251	112	21	33687	0	34071
26614	153	113	33124	247	0	33637
26615	127	112	31546	168	0	31953
26616	33468	57	240	134	0	33899
26617	201	60	146	35155	0	35562
26618	126	63	96	34951	0	35236
26619	111	45	42	35756	0	35954
26620	81	53	34939	352	0	35425
26621	62	38	182	34070	0	34352
26622	63	33138	136	303	0	33640
26623	59	159	100	35780	0	36098
26624	68	100	65	35231	0	35464
26625	79	34131	59	289	0	34558
26626	67	215	48	34533	0	34863
26627	31700	130	29	322	0	32181
26628	218	30163	55	219	0	30655
26629	32620	219	39	175	0	33053
26630	32343	119	54	114	0	32630
26631	375	108	38	32460	0	32981
26632	256	49	28	31793	0	32126
26633	174	58	21	33484	0	33737
26634	127	90	31444	544	0	32205
26635	70	30396	324	351	0	31141
26636	84	32362	143	213	0	32802
26637	39	335	59	30880	0	31313
26638	31990	120	52	325	0	32487
26639	264	95	38	30128	0	30525
26640	150	72	30323	370	0	30915
26641	99	28260	267	209	0	28835
26642	75	29625	106	159	0	29965
26643	30442	327	65	123	0	30957
26644	29313	155	65	102	0	29635
26645	343	30324	89	116	0	30872
26646	31209	257	47	80	0	31593
26647	331	167	28759	66	0	29323
26648	137	177	27527	73	0	27914
26649	29653	65	293	57	0	30068
26650	30625	49	121	57	0	30852
26651	348	54	90	29909	0	30401
26652	30754	42	61	302	0	31159
26653	368	87	31109	149	0	31713
26654	176	89	33948	107	0	34320
26655	130	78	487	43627	0	44322
26656	79	58	183	48806	0	49126
26657	73	46	130	49964	0	50213
26658	80	57	97	51474	0	51708
26659	87	30	68	56303	0	56488
26660	92	93	51768	3177	0	55130
26661	79	55	2089	53285	0	55508
26662	53340	51	470	3182	0	57043
26663	2287	44	369	54571	0	57271
26664	53748	32	245	3284	0	57309
26665	2596	40	166	54662	0	57464
26666	55227	36	196	3277	0	58736
26667	58463	37	132	1363	0	59995
26668	3030	48	153	57339	0	60570
26669	1005	53	266	60401	0	61725
26670	58156	38	165	3524	0	61883
26671	58759	36	121	1474	0	60390
26672	3345	95	56628	1172	0	61240
26673	1435	55	2119	58301	0	61910
26674	987	51	480	61306	0	62824
26675	58907	44	357	3472	0	62780
26676	61791	47	240	1350	0	63428
26677	3225	51	171	60985	0	64432
26678	1292	47	200	63030	0	64569
26679	1112	59	134	62042	0	63347
26680	873	41	152	61210	0	62276
26681	631	54579	308	3992	0	59510
26682	552	58293	201	1935	0	60981
26683	505	2696	161	58343	0	61705
26684	580	57285	207	3405	0	61477
26685	571	2739	120	61020	0	64450
26686	415	801	58772	3937	0	63925
26687	357	723	57758	1859	0	60697
26688	339	59894	2572	1655	0	64460
26689	268	2600	1126	60757	0	64751
26690	336	945	58699	3359	0	63339
26691	294	787	2515	57344	0	60940
26692	267	507	751	61447	0	62972
26693	57150	481	658	3839	0	62128
26694	2588	419	492	58401	0	61900
26695	864	330	61859	3714	0	66767
26696	760	349	61606	1538	0	64253
26697	638	59737	2795	1397	0	64567
26698	523	66852	1057	1432	0	69864
26699	66782	2823	849	1091	0	71545
26700	2904	868	67717	1217	0	72706
26701	1066	580	2677	66702	0	71025
26702	67826	392	895	3269	0	72382
26703	67431	348	724	1514	0	70017
26704	3197	65584	719	1233	0	70733
26705	1362	2579	606	66574	0	71121
26706	1046	876	501	70360	0	72783
26707	774	748	414	70716	0	72652
26708	68062	523	383	4029	0	72997
26709	3002	439	66306	1886	0	71633
26710	1035	65978	2462	1648	0	71123
26711	1040	2738	651	68863	0	73292
26712	809	893	554	72442	0	74698
26713	582	899	67288	3982	0	72751
26714	532	581	2461	66395	0	69969
26715	445	497	824	70553	0	72319
26716	433	521	699	70919	0	72572
26717	533	486	593	71417	0	73029
26718	402	467	66185	4689	0	71743
26719	325	573	2722	67291	0	70911
26720	373	364	67040	4560	0	72337
26721	319	65232	3029	2390	0	70970
26722	454	2557	1216	69117	0	73344
26723	478	729	909	72439	0	74555
26724	534	604	66637	4549	0	72324
26725	471	65518	2770	2733	0	71492
26726	584	2559	1093	68649	0	72885
26727	711	881	67089	3824	0	72505
26728	631	65945	2786	2237	0	71599
26729	581	2750	1111	69317	0	73759
26730	725	993	68074	3687	0	73479
26731	672	808	2668	66932	0	71080
26732	681	597	1068	68109	0	70455
26733	565	573	1044	71227	0	73409
26734	67492	700	677	4187	0	73056
26735	2640	65704	653	2408	0	71405
26736	68644	2560	740	1850	0	73794
26737	3054	1000	67423	1688	0	73165
26738	67115	708	2539	1896	0	72258
26739	72057	571	988	1631	0	75247
26740	3265	502	778	70653	0	75198
26741	72105	630	543	3843	0	77121
26742	73352	531	560	2077	0	76520
26743	74304	543	516	1809	0	77172
26744	3538	675	517	73219	0	77949
26745	1676	551	477	74806	0	77510
26746	1178	486	69227	3939	0	74830
26747	1053	550	66758	1987	0	70348
26748	65443	435	2874	1683	0	70435
26749	2823	458	1211	68879	0	73371
26750	1159	70030	992	3214	0	75395
26751	71556	2438	846	1668	0	76508
26752	2745	69286	753	1682	0	74466
26753	1003	69094	790	1696	0	72583
26754	1664	2940	65137	1491	0	71232
26755	397	554	59454	633	0	61038
26756	331	1779	1717	56728	0	60555
26757	369	335	64747	1424	0	66875
26758	229	234	57144	532	0	58139
26759	51398	122	236	208	0	51964
26760	55156	90	133	188	0	55567
26761	242	116	131	54608	0	55097
26762	164	85	116	55410	0	55775
26763	165	87	57197	305	0	57754
26764	118	53926	285	252	0	54581
26765	125	204	142	59143	0	59614
26766	58194	106	149	277	0	58726
26767	211	80	132	58615	0	59038
26768	135	56968	137	400	0	57640
26769	211	185	56131	244	0	56771
26770	119	55474	254	229	0	56076
26771	59066	174	99	176	0	59515
26772	56153	117	101	164	0	56535
26773	245	122	77	54989	0	55433
26774	181	72	55444	277	0	55974
26775	172	142	52037	197	0	52548
26776	129	53510	292	202	0	54133
26777	98	159	120	53148	0	53525
26778	122	63	66	55721	0	55972
26779	190	72	54922	200	0	55384
26780	124	56	132	52457	0	52769
26781	101	54288	168	224	0	54781
26782	67	240	116	56530	0	56953
26783	62	133	121	56459	0	56775
26784	90	103	56238	390	0	56821
26785	82	85	304	52827	0	53298
26786	53195	33	141	257	0	53626
26787	264	46	54333	102	0	54745
26788	119	70	53435	61	0	53685
26789	37	53300	492	85	0	53914
26790	27	499	121	58682	0	59329
26791	20	121	67	60819	0	61027
26792	51	100	59345	773	0	60269
26793	54032	80	690	225	0	55027
26794	611	67	188	60550	0	61416
26795	197	74	54308	676	0	55255
26796	115	52	660	50030	0	50857
26797	107	71	54794	757	0	55729
26798	113	81	51582	255	0	52031
26799	50	50391	822	194	0	51457
26800	74	661	303	49607	0	50645
26801	46	51047	175	616	0	51884
26802	51467	684	132	248	0	52531
26803	669	204	51137	196	0	52206
26804	164	48508	743	173	0	49588
26805	82	684	249	51719	0	52734
26806	51178	224	161	736	0	52299
26807	588	50699	147	386	0	51820
26808	159	676	141	52429	0	53405
26809	101	214	146	51188	0	51649
26810	84	51055	146	815	0	52100
26811	51584	834	134	287	0	52839
26812	806	265	132	57600	0	58803
26813	192	148	145	64412	0	64897
26814	165	181	62025	2005	0	64376
26815	77	63807	1628	846	0	66358
26816	98	1891	582	65671	0	68242
26817	110	620	295	72135	0	73160
26818	105	71646	215	2718	0	74684
26819	124	2393	163	75700	0	78380
26820	109	881	162	79604	0	80756
26821	73	457	176	81655	0	82361
26822	86	78358	236	4095	0	82775
26823	79099	2839	214	1603	0	83755
26824	2977	1057	77800	910	0	82744
26825	75259	546	2890	626	0	79321
26826	3207	79157	1080	552	0	83996
26827	1112	2994	563	80718	0	85387
26828	639	1162	79384	3222	0	84407
26829	359	673	2996	79322	0	83350
26830	268	432	1111	80904	0	82715
26831	250	353	608	83549	0	84760
26832	294	451	76916	4559	0	82220
26833	217	76107	3040	2168	0	81532
26834	281	3032	77625	1244	0	82182
26835	222	77720	3373	1014	0	82329
26836	325	3412	79153	863	0	83753
26837	229	1350	3465	79215	0	84259
26838	76359	883	1438	3711	0	82391
26839	2814	78775	898	1818	0	84305
26840	1068	3361	77613	1265	0	83307
26841	597	77314	3167	1209	0	82287
26842	472	3615	80037	1065	0	85189
26843	281	1523	3590	76785	0	82179
26844	394	1072	1497	75024	0	77987
26845	347	74161	1110	4059	0	79677
26846	326	80199	804	2057	0	83386
26847	78726	4174	631	1406	0	84937
26848	3169	1857	729	80372	0	86127
26849	1343	1259	78502	4001	0	85105
26850	814	971	3441	79053	0	84279
26851	575	895	78085	4547	0	84102
26852	508	862	78478	2313	0	82161
26853	422	783	4403	74636	0	80244
26854	452	74516	1990	3947	0	80905
26855	70767	3638	1268	2131	0	77804
26856	3264	1650	1036	69085	0	75035
26857	1270	1259	992	67249	0	70770
26858	765	67924	986	4584	0	74259
26859	67592	3713	884	2373	0	74562
26860	70802	1782	895	1664	0	75143
26861	4201	1236	959	66024	0	72420
26862	1739	64833	970	3909	0	71451
26863	1020	69328	993	2004	0	73345
26864	67481	4527	929	1607	0	74544
26865	3539	2183	64404	1388	0	71514
26866	64670	1491	3641	1328	0	71130
26867	66670	1156	1629	1204	0	70659
26868	66858	1016	1141	1156	0	70171
26869	4591	64366	856	1214	0	71027
26870	1899	3629	861	65982	0	72371
26871	65538	1679	929	3928	0	72074
26872	66748	1263	792	1995	0	70798
26873	4256	64786	960	1483	0	71485
26874	67267	3742	808	1349	0	73166
26875	3998	1824	821	66697	0	73340
26876	1812	1255	841	66901	0	70809
26877	1227	64406	775	4871	0	71279
26878	953	3760	731	67462	0	72906
26879	944	1806	684	68552	0	71986
26880	891	65607	683	5151	0	72332
26881	918	3609	685	63564	0	68776
26882	850	66286	666	4310	0	72112
26883	67463	4044	725	2195	0	74427
26884	65162	2030	706	1730	0	69628
26885	4302	65452	676	1535	0	71965
26886	2098	3824	61949	1861	0	69732
26887	1404	1853	3113	65686	0	72056
26888	1331	1449	63147	3908	0	69835
26889	1158	59465	3277	2084	0	65984
26890	1078	62446	1457	1562	0	66543
26891	59100	3846	905	1213	0	65064
26892	3342	60858	784	1045	0	66029
26893	1952	3665	667	57452	0	63736
26894	1355	58232	735	3055	0	63377
26895	1261	62372	527	1660	0	65820
26896	60348	4108	543	1277	0	66276
26897	3269	2089	510	57671	0	63539
26898	1786	1492	55229	3509	0	62016
26899	1271	1295	55005	2030	0	59601
26900	1042	55992	3381	1574	0	61989
26901	54639	3564	1521	1189	0	60913
26902	3122	56359	1068	1091	0	61640
26903	1517	3817	691	56992	0	63017
26904	57124	2021	678	3384	0	63207
26905	3416	1465	515	57567	0	62963
26906	1704	1272	538	58094	0	61608
26907	1326	54913	499	4264	0	61002
26908	1115	3426	521	57200	0	62262
26909	829	1991	53648	3987	0	60455
26910	53222	1320	2766	1961	0	59269
26911	3113	55952	1300	1447	0	61812
26912	1360	54949	766	1102	0	58177
26913	48694	2854	397	707	0	52652
26914	2396	1446	45712	708	0	50262
26915	42957	913	2917	514	0	47301
26916	2292	51610	852	581	0	55335
26917	720	56806	412	395	0	58333
26918	598	3226	55936	329	0	60089
26919	360	58732	2358	312	0	61762
26920	199	2430	742	52711	0	56082
26921	127	964	414	52993	0	54498
26922	117	53515	234	2563	0	56429
26923	130	2298	107	56965	0	59500
26924	56495	938	104	2593	0	60130
26925	2225	681	54024	1027	0	57957
26926	54771	427	2088	635	0	57921
26927	57196	345	847	363	0	58751
26928	57367	336	485	327	0	58515
26929	3376	349	54246	331	0	58302
26930	1476	328	2172	54671	0	58647
26931	863	358	55007	2384	0	58612
26932	54597	317	2578	1028	0	58520
26933	54387	307	1062	649	0	56405
26934	3041	53448	684	405	0	57578
26935	1501	2292	347	52851	0	56991
26936	894	53984	338	2235	0	57451
26937	598	2635	53117	940	0	57290
26938	424	1073	2303	56010	0	59810
26939	54945	648	945	2655	0	59193
26940	56956	405	630	1084	0	59075
26941	3403	373	389	51937	0	56102
26942	1604	51021	363	2370	0	55358
26943	985	2404	51782	1046	0	56217
26944	627	1103	53345	728	0	55803
26945	52119	749	3224	550	0	56642
26946	2711	561	53571	470	0	57313
26947	1301	53303	2963	544	0	58111
26948	913	2452	1217	53277	0	57859
26949	735	1132	54308	2480	0	58655
26950	561	774	2637	53990	0	57962
26951	558	576	53410	3025	0	57569
26952	51602	447	3074	1293	0	56416
26953	2695	438	1413	51603	0	56149
26954	1282	50865	1038	2612	0	55797
26955	905	55389	692	1298	0	58284
26956	674	3252	543	54017	0	58486
26957	592	1523	524	54350	0	56989
26958	579	52884	562	3399	0	57424
26959	648	2684	52110	1677	0	57119
26960	598	1268	2675	53587	0	58128
26961	657	870	52917	2993	0	57437
26962	610	657	53338	1459	0	56064
26963	50393	568	3484	1057	0	55502
26964	2733	51992	1731	831	0	57287
26965	53223	2721	1055	723	0	57722
26966	3144	1373	789	49752	0	55058
26967	1516	50824	763	2640	0	55743
26968	1074	2962	774	51124	0	55934
26969	763	1474	769	51294	0	54300
26970	655	49902	722	3723	0	55002
26971	655	3004	49300	1981	0	54940
26972	717	1487	2759	51562	0	56525
26973	50663	1211	1410	3256	0	56540
26974	2949	841	1083	51923	0	56796
26975	1546	835	879	53415	0	56675
26976	1209	836	47962	4059	0	54066
26977	945	48854	2796	2263	0	54858
26978	820	2954	1482	50209	0	55465
26979	807	1658	49131	3325	0	54921
26980	673	1372	49619	1924	0	53588
26981	47193	1032	3740	1612	0	53577
26982	2856	47930	2095	1368	0	54249
26983	46581	2979	1405	1220	0	52185
26984	3187	46318	1116	1300	0	51921
26985	1685	49059	961	1211	0	52916
26986	47456	3758	925	1261	0	53400
26987	3135	1983	990	43914	0	50022
26988	1830	48542	1097	3063	0	54532
26989	1615	2892	919	50898	0	56324
26990	50410	1511	858	3506	0	56285
26991	3500	1242	48191	1917	0	54850
26992	1929	1042	48755	1519	0	53245
26993	46513	996	3676	1207	0	52392
26994	3136	46388	2180	1173	0	52877
26995	1798	2896	46170	1036	0	51900
26996	1496	46818	3164	1117	0	52595
26997	1161	3326	1728	47270	0	53485
26998	1121	1794	46464	3192	0	52571
26999	963	1327	3451	47470	0	53211
27000	810	1120	46619	3657	0	52206
27001	44232	958	3446	2068	0	50704
27002	2994	46513	1923	1567	0	52997
27003	47019	2932	1438	1214	0	52603
27004	3272	1763	1134	42658	0	48827
27005	1667	48781	1078	2866	0	54392
27006	49433	3286	1081	1701	0	55501
27007	50643	1672	1204	1521	0	55040
27008	3863	1302	48363	1263	0	54791
27009	2049	1088	48028	1090	0	52255
27010	42967	877	3703	1026	0	48573
27011	2818	44473	2120	1141	0	50552
27012	1221	43746	1424	949	0	47340
27013	927	4825	2051	38563	0	46366
27014	887	1575	39871	2506	0	44839
27015	802	38532	2447	1327	0	43108
27016	662	33550	1172	841	0	36225
27017	1898	2208	321	19611	0	24038
27018	21041	615	167	667	0	22490
27019	21425	206	118	288	0	22037
27020	21824	171	135	198	0	22328
27021	804	173	21701	159	0	22837
27022	21398	165	585	155	0	22303
27023	22081	172	256	142	0	22651
27024	24268	156	183	123	0	24730
27025	813	158	134	22945	0	24050
27026	368	22629	143	597	0	23737
27027	23328	578	133	263	0	24302
27028	681	22989	147	168	0	23985
27029	273	560	121	22868	0	23822
27030	197	272	24097	583	0	25149
27031	160	163	445	22603	0	23371
27032	179	161	193	23269	0	23802
27033	159	146	23205	594	0	24104
27034	156	22787	476	298	0	23717
27035	147	426	203	22878	0	23654
27036	22651	204	132	481	0	23468
27037	457	21943	103	261	0	22764
27038	21145	370	70	119	0	21704
27039	409	180	55	19732	0	20376
27040	220	21489	63	354	0	22126
27041	23057	353	77	166	0	23653
27042	394	23537	98	122	0	24151
27043	228	408	23299	93	0	24028
27044	23948	219	374	90	0	24631
27045	24674	126	110	68	0	24978
27046	616	23654	59	72	0	24401
27047	266	487	23074	37	0	23864
27048	134	24801	479	59	0	25473
27049	118	736	220	22618	0	23692
27050	99	267	102	26353	0	26821
27051	86	180	41	26706	0	27013
27052	80	26011	60	902	0	27053
27053	109	695	42	26755	0	27601
27054	90	276	44	26872	0	27282
27055	26120	151	32	922	0	27225
27056	734	79	44	26119	0	26976
27057	302	76	33	26753	0	27164
27058	26331	50	32	950	0	27363
27059	739	25422	50	393	0	26604
27060	26899	718	42	177	0	27836
27061	26865	269	36	140	0	27310
27062	27203	147	35	134	0	27519
27063	1013	104	48	26244	0	27409
27064	409	106	46	27434	0	27995
27065	263	113	25430	980	0	26786
27066	186	167	24370	393	0	25116
27067	159	138	25491	237	0	26025
27068	23613	105	1244	206	0	25168
27069	830	129	26189	190	0	27338
27070	324	25995	798	211	0	27328
27071	219	742	293	25869	0	27123
27072	169	355	177	25507	0	26208
27073	180	26054	122	859	0	27215
27074	211	817	27459	379	0	28866
27075	188	28414	711	221	0	29534
27076	29071	817	302	174	0	30364
27077	861	362	29633	204	0	31060
27078	380	29123	733	203	0	30439
27079	299	777	30173	172	0	31421
27080	185	387	812	29775	0	31159
27081	224	233	30385	835	0	31677
27082	203	173	852	28691	0	29919
27083	30310	171	325	957	0	31763
27084	874	172	29607	442	0	31095
27085	354	29008	786	359	0	30507
27086	30531	796	310	311	0	31948
27087	868	342	30945	302	0	32457
27088	394	269	29633	300	0	30596
27089	265	154	2107	27908	0	30434
27090	246	181	29633	963	0	31023
27091	28201	178	846	475	0	29700
27092	849	28335	392	343	0	29919
27093	424	841	233	29899	0	31397
27094	318	30212	196	866	0	31592
27095	32039	882	216	436	0	33573
27096	996	376	31107	358	0	32837
27097	448	276	31416	297	0	32437
27098	309	206	1116	31498	0	33129
27099	232	218	472	32808	0	33730
27100	254	163	308	34584	0	35309
27101	224	145	294	35146	0	35809
27102	230	236	35519	1488	0	37473
27103	198	35130	1093	763	0	37184
27104	166	793	363	33883	0	35205
27105	178	370	32385	861	0	33794
27106	150	31610	795	419	0	32974
27107	32955	828	345	282	0	34410
27108	839	347	234	32923	0	34343
27109	33048	238	153	936	0	34375
27110	874	32386	193	474	0	33927
27111	32878	806	192	316	0	34192
27112	963	376	32657	229	0	34225
27113	411	220	882	30738	0	32251
27114	305	32575	392	738	0	34010
27115	260	818	31869	356	0	33303
27116	164	33420	899	327	0	34810
27117	152	948	412	29065	0	30577
27118	32212	343	237	817	0	33609
27119	744	31329	221	437	0	32731
27120	32122	756	220	280	0	33378
27121	865	385	31298	238	0	32786
27122	387	274	30382	195	0	31238
27123	32291	158	995	179	0	33623
27124	769	165	496	31479	0	32909
27125	350	136	308	32170	0	32964
27126	253	163	32092	985	0	33493
27127	199	182	30945	459	0	31785
27128	182	30940	997	295	0	32414
27129	32501	753	470	204	0	33928
27130	31189	340	272	189	0	31990
27131	966	29863	219	189	0	31237
27132	412	770	209	31804	0	33195
27133	31855	340	201	849	0	33245
27134	778	208	254	31371	0	32611
27135	31994	174	246	895	0	33309
27136	31954	154	220	424	0	32752
27137	33620	142	205	300	0	34267
27138	1116	168	180	32667	0	34131
27139	467	181	182	33793	0	34623
27140	31850	177	159	1087	0	33273
27141	30459	131	187	514	0	31291
27142	30157	154	183	300	0	30794
27143	1168	28931	201	204	0	30504
27144	28023	558	95	119	0	28795
27145	656	27191	125	127	0	28099
27146	27488	583	129	130	0	28330
27147	652	215	26400	152	0	27419
27148	23066	81	985	113	0	24245
27149	352	22701	142	78	0	23273
27150	152	23353	86	69	0	23660
27151	24112	366	56	43	0	24577
27152	325	176	44	23311	0	23856
27153	152	84	33	23698	0	23967
27154	107	23133	71	416	0	23727
27155	76	27022	56	180	0	27334
27156	27861	403	30	104	0	28398
27157	413	187	26879	75	0	27554
27158	177	85	306	28413	0	28981
27159	29934	58	128	358	0	30478
27160	527	73	28494	143	0	29237
27161	185	30201	440	106	0	30932
27162	32236	649	140	49	0	33074
27163	865	197	32196	49	0	33307
27164	239	112	843	33473	0	34667
27165	152	95	33953	885	0	35085
27166	31789	64	888	241	0	32982
27167	868	33459	257	164	0	34748
27168	35110	890	134	83	0	36217
27169	34461	238	78	70	0	34847
27170	1105	148	62	33821	0	35136
27171	34712	85	59	915	0	35771
27172	1025	71	49	34446	0	35591
27173	311	67	39	35307	0	35724
27174	195	91	30642	1126	0	32054
27175	118	29809	829	334	0	31090
27176	121	831	206	32435	0	33593
27177	106	222	124	31872	0	32324
27178	100	139	79	32240	0	32558
27179	115	121	30384	1155	0	31775
27180	106	29552	846	387	0	30891
27181	115	880	217	31371	0	32583
27182	122	219	125	32320	0	32786
27183	152	155	30715	1105	0	32127
27184	118	117	831	30588	0	31654
27185	31044	72	222	1060	0	32398
27186	946	30687	168	323	0	32124
27187	30562	861	78	231	0	31732
27188	1081	225	28655	145	0	30106
27189	359	142	850	29098	0	30449
27190	29587	128	222	949	0	30886
27191	29564	126	145	277	0	30112
27192	1205	130	29642	199	0	31176
27193	446	86	915	28413	0	29860
27194	310	78	28501	1042	0	29931
27195	26050	90	925	326	0	27391
27196	933	28001	342	247	0	29523
27197	30015	847	213	155	0	31230
27198	29926	306	159	167	0	30558
27199	1092	30486	187	198	0	31963
27200	29812	780	194	140	0	30926
27201	945	271	30173	169	0	31558
27202	28687	152	793	152	0	29784
27203	943	162	271	29328	0	30704
27204	413	207	31106	875	0	32601
27205	434	112	809	31107	0	32462
27206	336	149	320	31886	0	32691
27207	333	136	225	31749	0	32443
27208	343	31024	281	1039	0	32687
27209	32177	810	266	514	0	33767
27210	968	289	223	31799	0	33279
27211	421	30984	285	925	0	32615
27212	364	880	205	30436	0	31885
27213	368	30815	204	1059	0	32446
27214	404	890	31542	462	0	33298
27215	334	346	834	30881	0	32395
27216	309	292	357	31739	0	32697
27217	369	242	30666	1231	0	32508
27218	27255	215	918	730	0	29118
27219	958	29942	388	648	0	31936
27220	486	849	342	30955	0	32632
27221	383	337	245	29187	0	30152
27222	401	316	270	29097	0	30084
27223	357	28215	334	1214	0	30120
27224	28939	938	328	738	0	30943
27225	1015	358	28674	607	0	30654
27226	502	338	27510	567	0	28917
27227	447	206	1029	27475	0	29157
27228	370	205	482	30124	0	31181
27229	29380	237	420	1473	0	31510
27230	1199	28110	407	756	0	30472
27231	565	1090	335	29709	0	31699
27232	29177	375	335	1389	0	31276
27233	1311	286	267	28972	0	30836
27234	29345	265	355	1349	0	31314
27235	1405	335	27126	656	0	29522
27236	714	27790	1017	561	0	30082
27237	28700	1041	464	454	0	30659
27238	1351	337	27692	505	0	29885
27239	27659	281	1107	560	0	29607
27240	1328	217	27524	554	0	29623
27241	28289	226	1119	521	0	30155
27242	1323	295	397	28281	0	30296
27243	28931	256	418	1283	0	30888
27244	1305	299	317	28695	0	30616
27245	589	332	271	29693	0	30885
27246	28874	252	293	1479	0	30898
27247	1253	28158	294	705	0	30410
27248	613	1165	255	30240	0	32273
27249	31198	392	334	1374	0	33298
27250	32169	407	366	630	0	33572
27251	1343	290	281	31838	0	33752
27252	585	247	334	33145	0	34311
27253	32202	279	349	1555	0	34385
27254	1354	312	294	32394	0	34354
27255	404	195	160	30072	0	30831
27256	29120	174	195	1383	0	30872
27257	1157	179	197	29225	0	30758
27258	326	117	26122	1255	0	27820
27259	24029	117	791	427	0	25364
27260	988	128	25817	308	0	27241
27261	268	144	22827	170	0	23409
27262	21587	70	395	98	0	22150
27263	405	21158	177	87	0	21827
27264	125	283	72	20626	0	21106
27265	102	56	59	21004	0	21221
27266	99	34	43	22401	0	22577
27267	86	31	28	22921	0	23066
27268	22792	43	27	529	0	23391
27269	24340	30	27	214	0	24611
27270	27668	27	24	156	0	27875
27271	736	50	29920	103	0	30809
27272	266	45	817	31785	0	32913
27273	153	43	344	32717	0	33257
27274	147	45	185	31497	0	31874
27275	130	32125	141	1456	0	33852
27276	98	34182	112	714	0	35106
27277	33853	1359	68	420	0	35700
27278	1107	609	62	34384	0	36162
27279	528	251	63	36294	0	37136
27280	274	151	46	37509	0	37980
27281	198	166	34229	1954	0	36547
27282	222	132	33531	920	0	34805
27283	33879	113	1528	544	0	36064
27284	36209	133	674	375	0	37391
27285	1706	129	327	34027	0	36189
27286	778	34762	234	1345	0	37119
27287	427	1199	177	35319	0	37122
27288	312	528	122	36875	0	37837
27289	279	281	34173	1906	0	36639
27290	33147	146	1253	989	0	35535
27291	1386	137	554	36129	0	38206
27292	690	111	331	36697	0	37829
27293	34974	96	221	2093	0	37384
27294	1425	34614	215	1132	0	37386
27295	38021	1284	177	687	0	40169
27296	1620	619	158	36310	0	38707
27297	751	34214	117	1931	0	37013
27298	35819	1390	120	823	0	38152
27299	1568	626	95	35421	0	37710
27300	35120	368	87	1815	0	37390
27301	33201	212	109	1039	0	34561
27302	33196	230	164	629	0	34219
27303	2143	31704	213	456	0	34516
27304	1131	30871	162	444	0	32608
27305	732	1793	163	29523	0	32211
27306	557	31171	131	1602	0	33461
27307	31719	1611	119	884	0	34333
27308	1718	738	152	31829	0	34437
27309	31918	442	162	1805	0	34327
27310	32822	294	186	1010	0	34312
27311	2283	308	134	31380	0	34105
27312	1130	319	137	34124	0	35710
27313	32586	351	163	2357	0	35457
27314	32401	350	129	1286	0	34166
27315	34562	347	136	871	0	35916
27316	35514	299	148	800	0	36761
27317	35891	320	105	770	0	37086
27318	2708	351	80	34181	0	37320
27319	1449	311	95	35051	0	36906
27320	1024	301	106	36198	0	37629
27321	34230	267	98	2782	0	37377
27322	2281	232	118	33965	0	36596
27323	1368	33294	186	2275	0	37123
27324	1097	1648	182	35282	0	38209
27325	34309	762	189	2391	0	37651
27326	35487	516	193	1374	0	37570
27327	2653	440	33205	1042	0	37340
27328	1398	379	1293	32025	0	35095
27329	1001	33361	565	1975	0	36902
27330	34238	1471	306	1268	0	37283
27331	1985	34519	215	998	0	37717
27332	1143	1750	196	34730	0	37819
27333	34751	850	177	2052	0	37830
27334	35203	517	157	1291	0	37168
27335	2565	35273	163	943	0	38944
27336	1596	1545	157	35716	0	39014
27337	1256	830	34027	2026	0	38139
27338	34524	575	1338	1239	0	37676
27339	2258	462	34590	1008	0	38318
27340	35415	434	1474	983	0	38306
27341	36588	417	652	968	0	38625
27342	2757	404	321	35957	0	39439
27343	37408	475	211	2024	0	40118
27344	38122	547	180	1253	0	40102
27345	38532	517	196	990	0	40235
27346	2882	423	204	37047	0	40556
27347	37049	390	239	2066	0	39744
27348	2422	383	268	36204	0	39277
27349	1574	384	268	35717	0	37943
27350	1279	34761	255	2431	0	38726
27351	1217	1525	209	33300	0	36251
27352	1233	34125	141	2009	0	37508
27353	35076	1652	115	1279	0	38122
27354	35119	833	95	1060	0	37107
27355	2530	593	109	33921	0	37153
27356	1621	436	143	35242	0	37442
27357	34652	376	176	2490	0	37694
27358	2259	393	32405	1495	0	36552
27359	34870	343	1248	1038	0	37499
27360	2416	353	570	34413	0	37752
27361	1627	410	32295	2034	0	36366
27362	32965	342	1256	1321	0	35884
27363	35023	327	621	1067	0	37038
27364	2752	372	33607	996	0	37727
27365	36937	334	1285	966	0	39522
27366	2418	302	33841	930	0	37491
27367	1734	34105	1437	839	0	38115
27368	36282	1231	668	823	0	39004
27369	35353	661	455	805	0	37274
27370	2170	30945	296	570	0	33981
27371	938	28513	196	447	0	30094
27372	27465	689	145	364	0	28663
27373	27431	294	152	362	0	28239
27374	1121	248	180	27099	0	28648
27375	524	177	23858	707	0	25266
27376	396	255	22464	397	0	23512
27377	23908	163	499	299	0	24869
27378	809	206	23395	259	0	24669
27379	23171	166	435	226	0	23998
27380	771	169	157	23162	0	24259
27381	507	134	146	23772	0	24559
27382	500	124	23698	662	0	24984
27383	24188	81	482	365	0	25116
27384	747	60	262	24975	0	26044
27385	478	51	214	26271	0	27014
27386	25664	80	218	710	0	26672
27387	25150	82	191	401	0	25824
27388	24344	88	157	327	0	24916
27389	829	24168	135	301	0	25433
27390	485	419	24204	304	0	25412
27391	23797	587	501	217	0	25102
27392	24938	128	209	249	0	25524
27393	750	23855	207	210	0	25022
27394	25192	451	152	216	0	26011
27395	399	128	48	22384	0	22959
27396	202	101	23536	341	0	24180
27397	23365	79	618	150	0	24212
27398	24451	63	89	109	0	24712
27399	24426	71	63	85	0	24645
27400	24438	56	59	97	0	24650
27401	425	60	67	24037	0	24589
27402	250	25	57	24214	0	24546
27403	24586	26	86	354	0	25052
27404	370	33	72	24205	0	24680
27405	208	22	94	24251	0	24575
27406	179	22965	103	358	0	23605
27407	188	232	75	24229	0	24724
27408	185	79	67	24100	0	24431
27409	179	71	47	24135	0	24432
27410	163	42	50	24389	0	24644
27411	173	23536	77	397	0	24183
27412	162	254	69	23476	0	23961
27413	179	106	47	23545	0	23877
27414	161	95	22877	409	0	23542
27415	93	49	20412	124	0	20678
27416	86	20888	197	105	0	21276
27417	24539	122	96	48	0	24805
27418	376	23783	60	463	0	24682
27419	135	398	40	27040	0	27613
27420	107	103	27818	498	0	28526
27421	29788	64	461	148	0	30461
27422	601	50	119	31745	0	32515
27423	32619	36	100	726	0	33481
27424	32607	26	63	206	0	32902
27425	874	31890	60	179	0	33003
27426	32593	723	45	111	0	33472
27427	819	32227	43	124	0	33213
27428	236	829	26	32040	0	33131
27429	158	32344	54	787	0	33343
27430	166	928	30958	199	0	32251
27431	101	32142	722	173	0	33138
27432	82	924	149	32643	0	33798
27433	33529	248	119	894	0	34790
27434	843	33452	106	955	0	35356
27435	279	995	63	34024	0	35361
27436	201	306	46	35525	0	36078
27437	174	219	34981	1268	0	36642
27438	115	146	989	35519	0	36769
27439	164	121	35136	1270	0	36691
27440	33402	93	1131	420	0	35046
27441	1175	132	35678	278	0	37263
27442	371	35094	1077	230	0	36772
27443	283	1102	298	35284	0	36967
27444	245	303	205	35541	0	36294
27445	186	300	124	36425	0	37035
27446	36034	161	113	1523	0	37831
27447	1212	1127	103	34525	0	36967
27448	377	35911	116	1361	0	37765
27449	35292	1274	92	485	0	37143
27450	1209	34658	124	424	0	36415
27451	392	1348	96	35176	0	37012
27452	35414	456	114	1353	0	37337
27453	1253	33762	150	542	0	35707
27454	395	35463	134	471	0	36463
27455	35565	1438	145	348	0	37496
27456	36420	518	125	338	0	37401
27457	1510	383	34713	338	0	36944
27458	35590	259	1199	350	0	37398
27459	1548	281	36089	288	0	38206
27460	531	277	1376	36511	0	38695
27461	417	234	36158	1486	0	38295
27462	310	234	1367	36727	0	38638
27463	295	222	35984	1674	0	38175
27464	290	253	1348	34602	0	36493
27465	259	213	429	34839	0	35740
27466	33031	244	300	2418	0	35993
27467	1457	236	32757	725	0	35175
27468	31297	283	1316	552	0	33448
27469	1576	221	31417	486	0	33700
27470	598	248	31508	397	0	32751
27471	435	635	1522	30551	0	33143
27472	31007	230	525	1447	0	33209
27473	1362	31277	423	592	0	33654
27474	31618	1286	287	453	0	33644
27475	31587	435	290	374	0	32686
27476	1618	30793	259	368	0	33038
27477	31244	1333	540	340	0	33457
27478	1656	462	32848	338	0	35304
27479	623	355	1339	33470	0	35787
27480	33798	262	495	1476	0	36031
27481	1455	33085	425	604	0	35569
27482	598	1252	324	33059	0	35233
27483	486	446	337	34373	0	35642
27484	428	366	279	34485	0	35558
27485	387	262	338	35149	0	36136
27486	33894	236	270	1910	0	36310
27487	34421	249	336	855	0	35861
27488	34833	210	305	690	0	36038
27489	35279	230	355	574	0	36438
27490	2001	221	33543	474	0	36239
27491	33492	244	1324	432	0	35492
27492	34727	273	505	385	0	35890
27493	1890	33025	447	409	0	35771
27494	897	34825	353	435	0	36510
27495	671	1589	331	33988	0	36579
27496	577	608	318	33726	0	35229
27497	561	447	31276	1785	0	34069
27498	571	31540	1307	797	0	34215
27499	537	1414	486	31062	0	33499
27500	537	31634	437	1435	0	34043
27501	458	1371	361	33530	0	35720
27502	546	479	292	33496	0	34813
27503	483	33574	351	1777	0	36185
27504	477	1413	324	35158	0	37372
27505	520	502	35132	1805	0	37959
27506	511	424	36020	876	0	37831
27507	35187	319	1639	713	0	37858
27508	37343	268	686	617	0	38914
27509	1867	36232	530	527	0	39156
27510	37380	1388	351	473	0	39592
27511	1879	556	336	36685	0	39456
27512	36423	464	308	1617	0	38812
27513	1764	35016	339	1254	0	38373
27514	1155	1426	34802	660	0	38043
27515	35345	559	1353	579	0	37836
27516	1790	504	35525	477	0	38296
27517	688	387	32922	405	0	34402
27518	637	327	32953	428	0	34345
27519	474	30479	1280	434	0	32667
27520	29295	978	1478	383	0	32134
27521	27954	381	1050	355	0	29740
27522	1090	278	273	27184	0	28825
27523	570	220	243	26686	0	27719
27524	431	26902	273	1004	0	28610
27525	27430	769	228	510	0	28937
27526	937	27438	231	407	0	29013
27527	456	27040	219	307	0	28022
27528	26808	840	719	270	0	28637
27529	770	352	210	26526	0	27858
27530	454	242	183	26784	0	27663
27531	399	183	182	27025	0	27789
27532	332	26253	186	910	0	27681
27533	24991	529	123	326	0	25969
27534	682	251	133	24557	0	25623
27535	333	23150	127	557	0	24167
27536	265	23537	112	302	0	24216
27537	186	528	96	21941	0	22751
27538	184	22218	109	488	0	22999
27539	209	473	101	22689	0	23472
27540	22970	248	108	537	0	23863
27541	459	199	20691	240	0	21589
27542	240	22153	337	229	0	22959
27543	181	407	137	22737	0	23462
27544	175	201	23149	446	0	23971
27545	22057	160	874	261	0	23352
27546	455	126	366	23418	0	24365
27547	24209	104	105	439	0	24857
27548	23961	106	80	244	0	24391
27549	514	24999	126	187	0	25826
27550	26246	405	88	121	0	26860
27551	25899	212	91	128	0	26330
27552	26538	151	81	119	0	26889
27553	618	133	56	25638	0	26445
27554	347	136	53	26010	0	26546
27555	262	98	57	26499	0	26916
27556	216	136	25387	592	0	26331
27557	199	25078	370	338	0	25985
27558	25400	342	152	196	0	26090
27559	336	25492	94	134	0	26056
27560	222	337	40	26094	0	26693
27561	151	176	25568	371	0	26266
27562	22530	136	304	227	0	23197
27563	334	25565	154	176	0	26229
27564	161	300	78	25469	0	26008
27565	147	173	40	25814	0	26174
27566	132	100	25204	389	0	25825
27567	81	24687	267	239	0	25274
27568	87	282	130	25674	0	26173
27569	81	188	74	25694	0	26037
27570	89	127	51	25525	0	25792
27571	25015	97	66	446	0	25624
27572	312	96	24574	267	0	25249
27573	174	23558	273	186	0	24191
27574	24519	282	145	146	0	25092
27575	315	25172	93	163	0	25743
27576	193	351	61	25350	0	25955
27577	130	25187	80	316	0	25713
27578	23461	323	36	203	0	24023
27579	24241	174	64	150	0	24629
27580	409	148	56	24645	0	25258
27581	255	117	49	24576	0	24997
27582	152	128	56	24992	0	25328
27583	160	111	24328	472	0	25071
27584	127	24853	289	300	0	25569
27585	143	307	127	31520	0	32097
27586	126	189	92	31895	0	32302
27587	128	143	68	31917	0	32256
27588	114	112	63	31919	0	32208
27589	110	147	29875	1079	0	31211
27590	113	31262	565	581	0	32521
27591	125	699	293	34890	0	36007
27592	112	431	130	38629	0	39302
27593	129	225	36684	1297	0	38335
27594	105	175	771	35990	0	37041
27595	123	35879	439	1095	0	37536
27596	92	37945	223	713	0	38973
27597	114	1198	144	38025	0	39481
27598	149	632	36214	1141	0	38136
27599	32069	298	883	845	0	34095
27600	761	36191	501	618	0	38071
27601	392	883	35047	410	0	36732
27602	224	593	35773	356	0	36946
27603	135	35796	1132	397	0	37460
27604	226	913	38634	326	0	40099
27605	795	522	1490	36582	0	39389
27606	36448	315	549	859	0	38171
27607	35987	224	385	520	0	37116
27608	34995	266	303	341	0	35905
27609	36911	228	281	295	0	37715
27610	1148	36781	244	315	0	38488
27611	36944	865	194	318	0	38321
27612	1032	36627	233	370	0	38262
27613	715	948	36366	267	0	38296
27614	478	557	811	35129	0	36975
27615	339	37482	461	860	0	39142
27616	291	983	296	37629	0	39199
27617	35898	667	248	1032	0	37845
27618	851	409	277	34724	0	36261
27619	490	36074	285	1039	0	37888
27620	36962	943	232	640	0	38777
27621	975	616	35397	502	0	37490
27622	624	378	849	35305	0	37156
27623	417	297	481	36386	0	37581
27624	35426	314	286	1251	0	37277
27625	950	35013	251	785	0	36999
27626	582	974	33990	454	0	36000
27627	409	581	872	34594	0	36456
27628	335	379	34171	1064	0	35949
27629	295	32939	938	810	0	34982
27630	281	34932	500	597	0	36310
27631	35071	1235	343	475	0	37124
27632	956	688	34309	483	0	36436
27633	36645	482	1013	502	0	38642
27634	991	437	666	35511	0	37605
27635	570	36651	453	1045	0	38719
27636	37092	1099	359	682	0	39232
27637	1058	639	36835	586	0	39118
27638	719	446	941	36433	0	38539
27639	487	384	619	36559	0	38049
27640	389	426	424	36159	0	37398
27641	374	36314	354	1383	0	38425
27642	35042	1042	374	878	0	37336
27643	960	34971	376	709	0	37016
27644	545	35768	378	579	0	37270
27645	420	1151	346	36470	0	38387
27646	37885	777	377	1085	0	40124
27647	36279	591	348	727	0	37945
27648	36460	583	326	552	0	37921
27649	1257	34699	335	472	0	36763
27650	781	1056	319	35403	0	37559
27651	622	764	34438	1036	0	36860
27652	626	461	914	33238	0	35239
27653	578	419	613	33288	0	34898
27654	570	34952	385	1242	0	37149
27655	35365	1099	346	812	0	37622
27656	1015	746	403	34783	0	36947
27657	698	35889	387	1523	0	38497
27658	36652	1074	392	836	0	38954
27659	1139	732	34052	679	0	36602
27660	32877	567	814	600	0	34858
27661	1237	34685	504	571	0	36997
27662	35299	1093	342	524	0	37258
27663	35293	834	317	414	0	36858
27664	1402	685	34505	472	0	37064
27665	34867	602	951	412	0	36832
27666	1295	502	39862	506	0	42165
27667	904	555	39384	433	0	41276
27668	38249	506	1123	449	0	40327
27669	39448	486	681	474	0	41089
27670	1483	467	40343	451	0	42744
27671	971	420	1034	38309	0	40734
27672	748	401	762	40145	0	42056
27673	623	41856	567	1170	0	44216
27674	42894	963	493	694	0	45044
27675	42082	657	387	552	0	43678
27676	1537	464	41849	474	0	44324
27677	41078	466	877	541	0	42962
27678	42816	497	591	473	0	44377
27679	1478	42217	454	434	0	44583
27680	917	1055	434	42615	0	45021
27681	796	704	431	42452	0	44383
27682	666	515	410	43021	0	44612
27683	42401	434	427	1224	0	44486
27684	1247	40548	340	831	0	42966
27685	519	602	189	35833	0	37143
27686	456	34974	194	661	0	36285
27687	377	1143	185	35071	0	36776
27688	415	34734	185	660	0	35994
27689	402	35584	227	423	0	36636
27690	33821	432	186	891	0	35330
27691	31735	175	102	637	0	32649
27692	167	38	12	29140	0	29357
27693	77	122	14	29203	0	29416
27694	53	26	19	29993	0	30091
27695	27	15	17	29671	0	29730
27696	12	17	20	29259	0	29308
27697	22	28950	28	191	0	29191
27698	39	126	16	30352	0	30533
27699	38	42	12	29549	0	29641
27700	28472	41	22	161	0	28696
27701	156	22	16	28937	0	29131
27702	64	23	12	28494	0	28593
27703	74	39	28538	162	0	28813
27704	22	40	123	24966	0	25151
27705	36	22	21	27695	0	27774
27706	48	23	27734	226	0	28031
27707	32	25707	183	136	0	26058
27708	50	193	27594	74	0	27911
27709	47	45	26420	19	0	26531
27710	14	23000	204	706	0	23924
27711	29700	61	48	54	0	29863
27712	29559	23	30	28	0	29640
27713	138	23	12	28595	0	28768
27714	30295	6	10	179	0	30490
27715	271	22	31330	78	0	31701
27716	117	14	231	30313	0	30675
27717	73	31	36309	266	0	36679
27718	34	11	300	35221	0	35566
27719	25	11	110	35792	0	35938
27720	19	8	56	36807	0	36890
27721	37064	14	25	439	0	37542
27722	288	20	16	36969	0	37293
27723	36985	13	18	373	0	37389
27724	36860	13	17	147	0	37037
27725	379	35209	38	113	0	35739
27726	37335	267	14	62	0	37678
27727	338	37321	55	57	0	37771
27728	130	325	21	38242	0	38718
27729	88	125	12	38210	0	38435
27730	56	73	32	39023	0	39184
27731	46	67	37518	593	0	38224
27732	42	34727	420	296	0	35485
27733	55	410	148	35767	0	36380
27734	57	180	60	36107	0	36404
27735	48	35648	55	440	0	36191
27736	37240	400	29	197	0	37866
27737	395	35623	39	165	0	36222
27738	36391	441	20	98	0	36950
27739	448	35640	39	102	0	36229
27740	196	461	20	35553	0	36230
27741	104	35339	34	364	0	35841
27742	37855	427	21	197	0	38500
27743	37558	188	20	140	0	37906
27744	36420	90	26	123	0	36659
27745	35975	67	28	122	0	36192
27746	623	77	33773	107	0	34580
27747	33558	68	362	99	0	34087
27748	35518	54	133	99	0	35804
27749	35272	63	77	99	0	35511
27750	621	85	33822	88	0	34616
27751	33305	62	370	101	0	33838
27752	490	34178	214	110	0	34992
27753	36481	410	93	109	0	37093
27754	511	212	36157	100	0	36980
27755	35866	93	393	109	0	36461
27756	37059	70	158	97	0	37384
27757	586	65	75	35396	0	36122
27758	315	78	34952	432	0	35777
27759	35309	68	401	201	0	35979
27760	491	72	172	37506	0	38241
27761	262	64	96	38062	0	38484
27762	202	72	38175	580	0	39029
27763	33463	65	404	281	0	34213
27764	38335	49	164	154	0	38702
27765	584	37056	151	136	0	37927
27766	301	403	71	34935	0	35710
27767	186	184	65	34784	0	35219
27768	135	99	66	34551	0	34851
27769	128	33437	76	595	0	34236
27770	34025	397	52	262	0	34736
27771	490	189	44	33665	0	34388
27772	278	103	53	33072	0	33506
27773	32251	78	55	581	0	32965
27774	31942	67	60	273	0	32342
27775	622	71	55	32444	0	33192
27776	327	86	53	31904	0	32370
27777	225	77	30604	585	0	31491
27778	27386	75	390	305	0	28156
27779	477	29311	197	205	0	30190
27780	266	390	88	32403	0	33147
27781	185	184	82	33916	0	34367
27782	159	37385	96	770	0	38410
27783	126	754	45	39829	0	40754
27784	44226	347	48	1029	0	45650
27785	1358	180	31	52615	0	54184
27786	637	120	44	54945	0	55746
27787	333	107	41	58111	0	58592
27788	270	107	53127	3271	0	56775
27789	195	66	1787	55188	0	57236
27790	203	159	52133	2842	0	55337
27791	158	51049	2120	1469	0	54796
27792	137	1784	975	53958	0	56854
27793	151	833	551	55357	0	56892
27794	132	461	328	57102	0	58023
27795	130	276	250	56986	0	57642
27796	133	201	169	58236	0	58739
27797	53452	131	166	3875	0	57624
27798	2072	221	52003	2031	0	56327
27799	957	51209	1883	1370	0	55419
27800	550	55536	881	956	0	57923
27801	357	2690	485	54665	0	58197
27802	268	1278	337	55925	0	57808
27803	188	728	264	55719	0	56899
27804	197	53054	200	3501	0	56952
27805	171	2093	174	55143	0	57581
27806	188	1104	50623	3069	0	54984
27807	148	51756	1870	1776	0	55550
27808	131	2116	848	55225	0	58320
27809	52876	1054	463	2787	0	57180
27810	1938	600	319	55688	0	58545
27811	944	416	246	53978	0	55584
27812	579	48767	272	3413	0	53031
27813	379	54132	240	1869	0	56620
27814	289	2896	122	53614	0	56921
27815	190	1209	128	54627	0	56154
27816	200	721	50755	3487	0	55163
27817	115	456	1716	48894	0	51181
27818	126	371	880	51086	0	52463
27819	103	354	590	50953	0	52000
27820	103	324	429	53163	0	54019
27821	48558	294	386	3897	0	53135
27822	50428	316	249	2385	0	53378
27823	2663	243	171	51257	0	54334
27824	1342	198	160	53813	0	55513
27825	51095	178	174	4123	0	55570
27826	2410	181	210	53887	0	56688
27827	1216	295	48881	3775	0	54167
27828	754	49069	2022	2304	0	54149
27829	485	1972	1035	51796	0	55288
27830	363	1055	704	53897	0	56019
27831	52576	727	492	3901	0	57696
27832	2052	504	357	54664	0	57577
27833	1010	449	202	57214	0	58875
27834	53913	312	220	4338	0	58783
27835	2329	390	199	56478	0	59396
27836	1235	54250	298	3849	0	59632
27837	813	2192	276	59180	0	62461
27838	601	1183	273	61847	0	63904
27839	547	768	257	61889	0	63461
27840	411	609	260	62955	0	64235
27841	379	660	56602	4925	0	62566
27842	296	610	55705	3089	0	59700
27843	245	554	2887	58221	0	61907
27844	224	515	1397	59568	0	61704
27845	260	56452	860	4549	0	62121
27846	265	2380	668	57789	0	61102
27847	261	56378	580	4040	0	61259
27848	55030	2739	461	2604	0	60834
27849	2283	58260	392	2099	0	63034
27850	1146	2971	294	62309	0	66720
27851	776	1532	198	64173	0	66679
27852	627	1072	58270	4606	0	64575
27853	55075	694	2193	3022	0	60984
27854	58398	603	1090	2301	0	62392
27855	3201	58585	757	2080	0	64623
27856	1631	2423	645	58506	0	63205
27857	1073	1326	60359	3397	0	66155
27858	728	62407	2414	2381	0	67930
27859	62882	2735	1121	1974	0	68712
27860	63650	1457	696	1795	0	67598
27861	3626	951	58711	1714	0	65002
27862	60872	658	2333	1534	0	65397
27863	3458	568	1110	60990	0	66126
27864	1918	59824	799	3399	0	65940
27865	61453	2495	593	2155	0	66696
27866	2989	1407	510	62628	0	67534
27867	62821	951	408	3667	0	67847
27868	66946	780	354	2440	0	70520
27869	4159	692	324	65806	0	70981
27870	2077	600	62688	4256	0	69621
27871	64375	506	2654	2506	0	70041
27872	67900	491	1180	1933	0	71504
27873	66688	398	807	1760	0	69653
27874	4331	65692	575	1617	0	72215
27875	2284	2780	474	66674	0	72212
27876	1459	1392	358	70544	0	73753
27877	1112	987	63279	4760	0	70138
27878	892	788	2554	65029	0	69263
27879	789	63965	1165	4342	0	70261
27880	62911	2810	764	2549	0	69034
27881	2885	62020	642	1988	0	67535
27882	1302	2615	57607	1449	0	62973
27883	852	57463	2370	1328	0	62013
27884	592	54752	853	860	0	57057
27885	1277	1449	245	45273	0	48244
27886	44205	514	881	1386	0	46986
27887	43152	291	118	526	0	44087
27888	41889	225	111	449	0	42674
27889	1354	40722	191	432	0	42699
27890	578	1043	40390	357	0	42368
27891	41003	364	983	375	0	42725
27892	43391	240	331	392	0	44354
27893	1396	41672	239	366	0	43673
27894	42392	1057	146	324	0	43919
27895	1244	427	154	41773	0	43598
27896	522	323	44698	1195	0	46738
27897	46950	248	954	525	0	48677
27898	48240	234	331	436	0	49241
27899	50504	196	199	366	0	51265
27900	1509	236	170	49365	0	51280
27901	626	236	199	50805	0	51866
27902	483	242	146	53564	0	54435
27903	443	54537	203	1840	0	57023
27904	404	1494	140	61056	0	63094
27905	357	574	143	64896	0	65970
27906	409	454	60971	2680	0	64514
27907	405	300	1915	61764	0	64384
27908	390	285	513	64414	0	65602
27909	407	281	402	63968	0	65058
27910	392	253	205	62334	0	63184
27911	364	59705	246	2978	0	63293
27912	359	2072	239	62450	0	65120
27913	405	565	225	62115	0	63310
27914	59700	429	237	3065	0	63431
27915	2381	327	58014	1311	0	62033
27916	823	342	56405	1018	0	58588
27917	55051	273	2339	819	0	58482
27918	59290	285	748	750	0	61073
27919	2799	434	516	49805	0	53554
27920	1110	55981	304	1786	0	59181
27921	58764	2022	308	823	0	61917
27922	2484	600	380	55917	0	59381
27923	948	57123	372	2305	0	60748
27924	58065	1959	264	834	0	61122
27925	2282	57329	262	711	0	60584
27926	57333	2242	197	607	0	60379
27927	57480	694	178	658	0	59010
27928	2569	56166	213	645	0	59593
27929	982	2076	214	57499	0	60771
27930	811	732	55406	2353	0	59302
27931	580	616	1820	54422	0	57438
27932	55362	461	468	2484	0	58775
27933	2343	543	52149	959	0	55994
27934	828	52378	1871	995	0	56072
27935	1127	2796	449	51721	0	56093
27936	506	700	49718	2185	0	53109
27937	395	49341	1758	1048	0	52542
27938	50347	1739	512	735	0	53333
27939	2380	515	488	49708	0	53091
27940	667	451	374	50688	0	52180
27941	537	398	357	49875	0	51167
27942	426	48161	376	2811	0	51774
27943	49841	1707	269	1042	0	52859
27944	1917	47316	312	743	0	50288
27945	672	49404	248	657	0	50981
27946	49996	2001	156	652	0	52805
27947	49652	695	175	704	0	51226
27948	2194	634	46670	613	0	50111
27949	46740	493	1512	498	0	49243
27950	47423	494	394	432	0	48743
27951	2372	504	346	45773	0	48995
27952	1027	500	44745	2041	0	48313
27953	860	435	1598	45164	0	48057
27954	47470	334	486	2271	0	50561
27955	2265	374	47697	772	0	51108
27956	908	313	1803	48994	0	52018
27957	845	272	516	55282	0	56915
27958	588	302	503	61370	0	62763
27959	57886	293	404	3995	0	62578
27960	3193	57405	399	1483	0	62480
27961	58665	3129	365	1029	0	63188
27962	3645	733	57629	940	0	62947
27963	962	585	3069	56374	0	60990
27964	694	58724	711	3574	0	63703
27965	61357	3241	525	1250	0	66373
27966	3505	794	380	60927	0	65606
27967	1101	753	58018	3839	0	63711
27968	730	504	2611	57184	0	61029
27969	55789	425	695	3534	0	60443
27970	2878	57252	527	1334	0	61991
27971	922	3338	366	54173	0	58799
27972	736	57331	293	2968	0	61328
27973	58167	3126	308	1133	0	62734
27974	57414	801	267	1040	0	59522
27975	3411	55448	290	857	0	60006
27976	56864	2995	308	663	0	60830
27977	3446	858	290	53801	0	58395
27978	1087	54760	328	2861	0	59036
27979	55635	3025	259	919	0	59838
27980	56143	875	251	712	0	57981
27981	3600	52838	299	592	0	57329
27982	1382	55906	241	584	0	58113
27983	55490	3271	247	517	0	59525
27984	3358	1047	208	55222	0	59835
27985	56118	813	228	3106	0	60265
27986	3475	668	175	55866	0	60184
27987	1301	602	53189	3321	0	58413
27988	1016	594	2454	54712	0	58776
27989	55461	567	496	3405	0	59929
27990	3393	585	53532	1015	0	58525
27991	1171	467	2680	54050	0	58368
27992	900	422	616	57609	0	59547
27993	760	425	53540	3708	0	58433
27994	52213	377	2792	1255	0	56637
27995	3214	373	754	55333	0	59674
27996	1075	334	49633	3414	0	54456
27997	44118	431	2917	1067	0	48533
27998	2865	47833	796	1018	0	52512
27999	876	48400	585	884	0	50745
28000	788	49351	562	742	0	51443
28001	723	3043	44667	736	0	49169
28002	551	1321	2357	45108	0	49337
28003	407	550	42770	2912	0	46639
28004	276	1273	1749	36448	0	39746
28005	236	35185	461	2034	0	37916
28006	249	37727	299	597	0	38872
28007	172	2011	209	37232	0	39624
28008	37384	511	173	1974	0	40042
28009	1770	345	173	38161	0	40449
28010	434	257	150	39131	0	39972
28011	303	37548	153	2225	0	40229
28012	38051	1774	158	703	0	40686
28013	1851	38668	122	529	0	41170
28014	494	2027	130	40572	0	43223
28015	406	615	136	41020	0	42177
28016	343	39378	187	2232	0	42140
28017	287	1955	160	41220	0	43622
28018	40282	592	137	2521	0	43532
28019	2089	489	135	40520	0	43233
28020	774	585	127	40931	0	42417
28021	676	38484	228	2323	0	41711
28022	606	1951	325	40955	0	43837
28023	38808	623	262	2453	0	42146
28024	40639	609	148	961	0	42357
28025	41028	590	136	745	0	42499
28026	2612	443	194	40137	0	43386
28027	1008	407	37160	2484	0	41059
28028	807	465	36456	978	0	38706
28029	741	535	1950	37940	0	41166
28030	38714	573	463	2470	0	42220
28031	2214	543	329	38809	0	41895
28032	38731	585	266	2518	0	42100
28033	2612	437	184	39252	0	42485
28034	1204	382	191	41765	0	43542
28035	40285	538	185	2800	0	43808
28036	2679	512	37653	1076	0	41920
28037	39192	447	1866	839	0	42344
28038	2595	523	38271	814	0	42203
28039	1242	393	1952	38989	0	42576
28040	39446	339	677	2378	0	42840
28041	2653	424	39200	876	0	43153
28042	978	571	40637	719	0	42905
28043	39210	433	2347	641	0	42631
28044	2662	290	39963	703	0	43618
28045	1023	38758	2175	829	0	42785
28046	727	2062	733	41242	0	44764
28047	42915	575	664	2675	0	46829
28048	2498	377	42676	1141	0	46692
28049	42754	287	2150	932	0	46123
28050	45244	227	879	813	0	47163
28051	45389	209	665	866	0	47129
28052	44844	299	566	917	0	46626
28053	2830	301	619	41234	0	44984
28054	1203	40719	537	2353	0	44812
28055	39409	1983	867	1034	0	43293
28056	2520	575	36850	834	0	40779
28057	533	27797	871	441	0	29642
28058	25854	642	595	257	0	27348
28059	721	24207	178	258	0	25364
28060	382	28138	207	242	0	28969
28061	936	713	885	27139	0	29673
28062	207	210	134	27375	0	27926
28063	184	116	109	27488	0	27897
28064	29783	86	95	685	0	30649
28065	30148	66	95	350	0	30659
28066	1016	67	122	33341	0	34546
28067	453	89	113	36167	0	36822
28068	284	100	35646	1775	0	37805
28069	34728	80	1502	571	0	36881
28070	36124	92	459	318	0	36993
28071	1964	86	205	34856	0	37111
28072	639	75	196	36554	0	37464
28073	418	106	34435	2017	0	36976
28074	350	45	1477	34646	0	36518
28075	312	58	35527	1886	0	37783
28076	275	34994	1631	760	0	37660
28077	325	1410	37431	352	0	39518
28078	244	420	1678	35814	0	38156
28079	207	216	39547	1694	0	41664
28080	216	209	39695	594	0	40714
28081	40937	109	2054	298	0	43398
28082	1870	123	669	44684	0	47346
28083	684	132	44508	1977	0	47301
28084	41392	97	1959	671	0	44119
28085	2100	99	44037	453	0	46689
28086	761	124	47496	353	0	48734
28087	403	46086	2242	362	0	49093
28088	340	1756	803	47756	0	50655
28089	319	562	47749	1962	0	50592
28090	276	312	47348	715	0	48651
28091	303	211	2360	45335	0	48209
28092	311	144	896	47720	0	49071
28093	346	49340	562	2192	0	52440
28094	316	1853	380	52027	0	54576
28095	51597	547	285	2364	0	54793
28096	51636	261	319	1044	0	53260
28097	55099	215	334	662	0	56310
28098	2618	170	359	52430	0	55577
28099	1076	53236	417	2060	0	56789
28100	55455	1854	349	758	0	58416
28101	2005	54535	443	607	0	57590
28102	678	53394	333	475	0	54880
28103	437	54789	398	383	0	56007
28104	55198	2218	364	319	0	58099
28105	1916	729	327	53881	0	56853
28106	619	417	354	55336	0	56726
28107	419	54075	380	2235	0	57109
28108	54233	1822	384	840	0	57279
28109	1966	596	52718	574	0	55854
28110	626	358	1946	52929	0	55859
28111	53466	265	719	1957	0	56407
28112	1925	52253	502	832	0	55512
28113	56069	1821	430	565	0	58885
28114	2077	567	379	54910	0	57933
28115	802	54673	336	1874	0	57685
28116	578	1858	53296	741	0	56473
28117	53093	650	1793	533	0	56069
28118	2034	374	610	56456	0	59474
28119	57162	299	444	2069	0	59974
28120	2159	238	382	56176	0	58955
28121	815	54071	438	2149	0	57473
28122	623	1827	54861	862	0	58173
28123	484	745	57367	562	0	59158
28124	321	411	2028	55563	0	58323
28125	57676	299	1027	1935	0	60937
28126	58292	233	461	750	0	59736
28127	2198	213	341	56717	0	59469
28128	883	217	291	59019	0	60410
28129	59260	242	268	2332	0	62102
28130	2076	232	312	58846	0	61466
28131	58955	262	300	2266	0	61783
28132	2007	57113	370	1035	0	60525
28133	57976	1718	325	635	0	60654
28134	2211	575	58260	538	0	61584
28135	876	395	1728	58096	0	61095
28136	639	285	672	59596	0	61192
28137	500	269	527	60230	0	61526
28138	457	56290	450	2554	0	59751
28139	394	57344	435	1227	0	59400
28140	359	2086	379	59512	0	62336
28141	366	766	56719	2276	0	60127
28142	348	492	1842	55463	0	58145
28143	308	367	752	57841	0	59268
28144	323	55367	633	2426	0	58749
28145	55834	1772	565	952	0	59123
28146	1806	55080	518	681	0	58085
28147	768	56134	475	619	0	57996
28148	640	2171	409	55014	0	58234
28149	601	762	385	56024	0	57772
28150	559	494	371	55489	0	56913
28151	453	374	385	56652	0	57864
28152	54550	327	447	2617	0	57941
28153	1805	54264	451	1133	0	57653
28154	56695	1819	473	782	0	59769
28155	57394	667	458	624	0	59143
28156	2250	497	345	56420	0	59512
28157	921	365	299	58183	0	59768
28158	57190	316	284	2592	0	60382
28159	56457	333	245	1172	0	58207
28160	2281	345	141	53377	0	56144
28161	1053	350	108	54769	0	56280
28162	829	403	53124	2481	0	56837
28163	680	51082	1570	1150	0	54482
28164	542	52158	370	721	0	53791
28165	51145	1805	286	577	0	53813
28166	1154	472	47315	375	0	49316
28167	376	353	43935	254	0	44918
28168	40758	180	1159	193	0	42290
28169	43787	129	286	119	0	44321
28170	748	44033	233	172	0	45186
28171	381	46254	141	201	0	46977
28172	285	695	63	47794	0	48837
28173	49615	290	29	725	0	50659
28174	49026	230	31	358	0	49645
28175	47983	133	31	320	0	48467
28176	889	122	53	44989	0	46053
28177	424	123	75	46134	0	46756
28178	310	141	47190	847	0	48488
28179	225	163	42990	414	0	43792
28180	173	139	45601	289	0	46202
28181	99	1481	527	41238	0	43345
28182	41870	28	108	279	0	42285
28183	296	52	43933	122	0	44403
28184	128	34	238	42953	0	43353
28185	86	44009	145	289	0	44529
28186	58	247	58	43415	0	43778
28187	46	89	38	43555	0	43728
28188	73	78	48087	413	0	48651
28189	45	45	645	46985	0	47720
28190	54114	40	246	766	0	55166
28191	1116	54	52815	298	0	54283
28192	443	40	1061	52109	0	53653
28193	235	94	53708	1161	0	55198
28194	152	51224	1311	553	0	53240
28195	171	1172	54718	269	0	56330
28196	97	463	1418	52474	0	54452
28197	72	217	604	54734	0	55627
28198	129	180	56806	1702	0	58817
28199	94	117	1319	54007	0	55537
28200	97	106	535	53977	0	54715
28201	92	51985	317	1826	0	54220
28202	137	1198	52631	810	0	54776
28203	124	455	1297	53465	0	55341
28204	142	249	562	57298	0	58251
28205	128	56030	353	1995	0	58506
28206	108	1517	249	58933	0	60807
28207	57977	527	194	1943	0	60641
28208	1446	316	184	58931	0	60877
28209	546	216	57290	1908	0	59960
28210	55327	121	1500	908	0	57856
28211	58336	102	621	597	0	59656
28212	2079	128	59511	431	0	62149
28213	55106	105	1640	368	0	57219
28214	1845	56593	756	342	0	59536
28215	737	1551	457	60467	0	63212
28216	414	624	309	67657	0	69004
28217	284	352	273	67651	0	68560
28218	228	255	224	68521	0	69228
28219	225	173	204	70205	0	70807
28220	67872	158	187	3353	0	71570
28221	2164	193	66951	1551	0	70859
28222	65603	144	2077	1078	0	68902
28223	2476	159	65597	844	0	69076
28224	1047	151	2345	66413	0	69956
28225	67002	178	1000	2563	0	70743
28226	2432	166	648	66689	0	69935
28227	1115	66584	564	2567	0	70830
28228	72335	1941	493	1246	0	76015
28229	2353	752	447	73861	0	77413
28230	1058	450	70781	2692	0	74981
28231	66134	335	2090	1397	0	69956
28232	2247	72518	902	1122	0	76789
28233	1011	1926	75169	886	0	78992
28234	707	811	2165	73157	0	76840
28235	574	490	961	73431	0	75456
28236	529	73268	719	2851	0	77367
28237	577	1950	73340	1517	0	77384
28238	473	836	2210	73521	0	77040
28239	507	550	79946	2712	0	83715
28240	418	402	2449	78185	0	81454
28241	423	345	1119	82137	0	84024
28242	506	320	81895	3340	0	86061
28243	448	353	2323	81344	0	84468
28244	496	411	1271	78014	0	80192
28245	458	263	850	89957	0	91528
28246	437	231	741	92085	0	93494
28247	88322	234	684	4301	0	93541
28248	2583	294	85304	2338	0	90519
28249	86133	271	2638	1671	0	90713
28250	2949	278	1338	91425	0	95990
28251	1448	280	1021	93437	0	96186
28252	908	328	796	93549	0	95581
28253	719	86854	827	4819	0	93219
28254	92137	2400	697	2520	0	97754
28255	2791	1043	661	96917	0	101412
28256	1347	93518	711	3680	0	99256
28257	818	2564	564	99371	0	103317
28258	101503	1131	639	3962	0	107235
28259	102331	755	611	2403	0	106100
28260	103037	541	657	1841	0	106076
28261	3840	99527	699	1654	0	105720
28262	1905	2666	99472	1541	0	105584
28263	97745	1185	2625	1329	0	102884
28264	103579	694	1222	1424	0	106919
28265	3709	99319	908	1343	0	105279
28266	103895	2641	640	1369	0	108545
28267	103015	1233	638	1212	0	106098
28268	105016	763	566	1188	0	107533
28269	4221	105388	668	1172	0	111449
28270	2216	2668	560	110862	0	116306
28271	112610	1225	468	3369	0	117672
28272	114673	844	452	1992	0	117961
28273	114220	627	360	1592	0	116799
28274	116356	530	367	1416	0	118669
28275	4689	515	379	112360	0	117943
28276	2498	556	110457	3589	0	117100
28277	1835	448	2650	111491	0	116424
28278	1573	109278	1238	3655	0	115744
28279	1406	2735	849	119373	0	124363
28280	1464	1258	118209	4049	0	124980
28281	118050	803	3221	2187	0	124261
28282	4081	617	1320	124289	0	130307
28283	122789	598	859	4182	0	128428
28284	126262	645	692	2265	0	129864
28285	5124	604	535	126367	0	132630
28286	2726	509	126085	4343	0	133663
28287	2130	800	113827	2221	0	118978
28288	109252	449	3439	1438	0	114578
28289	3771	116070	1541	1410	0	122792
28290	1727	112683	752	931	0	116093
28291	1330	117414	610	992	0	120346
28292	1150	124368	565	961	0	127044
28293	121312	3135	920	803	0	126170
28294	121649	1278	984	734	0	124645
28295	121366	859	365	685	0	123275
28296	121564	765	370	664	0	123363
28297	3600	722	332	116025	0	120679
28298	1909	114186	370	2394	0	118859
28299	117618	2330	379	1122	0	121449
28300	3341	1115	112561	797	0	117814
28301	1918	110460	2115	950	0	115443
28302	1552	2250	112549	784	0	117135
28303	109791	995	2982	701	0	114469
28304	116065	674	936	717	0	118392
28305	113913	691	654	663	0	115921
28306	3386	647	513	113914	0	118460
28307	1867	622	112061	2320	0	116870
28308	1445	108666	2040	1185	0	113336
28309	110347	2160	934	771	0	114212
28310	2899	109527	629	839	0	113894
28311	1723	109765	480	780	0	112748
28312	1393	109483	394	758	0	112028
28313	1267	109944	429	834	0	112474
28314	1254	2901	99204	683	0	104042
28315	1144	102434	1891	659	0	106128
28316	102019	1798	594	958	0	105369
28317	1811	940	341	100261	0	103353
28318	1038	668	325	103027	0	105058
28319	102766	508	303	1870	0	105447
28320	1940	98399	359	944	0	101642
28321	1222	1684	99976	574	0	103456
28322	973	779	1442	99074	0	102268
28323	959	572	647	102860	0	105038
28324	900	534	407	104613	0	106454
28325	769	613	101655	1968	0	105005
28326	691	705	99665	892	0	101953
28327	756	598	1754	100657	0	103765
28328	830	594	102859	1626	0	105909
28329	909	650	96697	749	0	99005
28330	79893	638	2067	704	0	83302
28331	1877	94103	880	705	0	97565
28332	1135	94974	571	581	0	97261
28333	1022	98271	522	1717	0	101532
28334	903	2045	452	99356	0	102756
28335	816	102535	526	1377	0	105254
28336	106775	1785	631	760	0	109951
28337	2034	1112	103686	587	0	107419
28338	104584	779	1844	582	0	107789
28339	2328	753	844	107516	0	111441
28340	1190	662	606	108685	0	111143
28341	929	109274	612	2429	0	113244
28342	110140	2284	557	1074	0	114055
28343	110714	1018	579	748	0	113059
28344	3194	116911	562	728	0	121395
28345	1338	2264	288	115897	0	119787
28346	918	1055	116215	2426	0	120614
28347	854	796	112688	1016	0	115354
28348	695	113754	3060	875	0	118384
28349	120705	2796	1118	473	0	125092
28350	2887	1073	120018	330	0	124308
28351	1267	664	2645	117421	0	121997
28352	122966	499	1123	2642	0	127230
28353	122163	470	718	1070	0	124421
28354	3590	153257	736	734	0	158317
28355	1536	164011	637	631	0	166815
28356	165994	5561	578	434	0	172567
28357	5245	2533	163971	388	0	172137
28358	160521	1828	4865	435	0	167649
28359	164159	921	1699	326	0	167105
28360	6554	1302	1146	160221	0	169223
28361	2836	846	163885	4915	0	172482
28362	1812	747	163381	1620	0	167560
28363	160421	506	6652	1175	0	168754
28364	6216	675	169322	593	0	176806
28365	159892	529	6295	587	0	167303
28366	169838	510	2257	542	0	173147
28367	6977	163589	1826	725	0	173117
28368	3344	5390	162839	398	0	171971
28369	2110	160936	5780	460	0	169286
28370	163137	6055	2191	473	0	171856
28371	6314	2321	160791	405	0	169831
28372	2823	1563	5810	154616	0	164812
28373	2253	928	161429	5229	0	169839
28374	1598	847	162618	1758	0	166821
28375	2266	747	160984	1189	0	165186
28376	1612	1677	156839	762	0	160890
28377	1364	146846	8593	810	0	157613
28378	1479	5451	149331	578	0	156839
28379	1522	142611	7152	727	0	152012
28380	1455	5831	142385	405	0	150076
28381	139872	2132	6825	378	0	149207
28382	6285	1721	2853	124042	0	134901
28383	2632	142493	2546	3805	0	151476
28384	141094	5256	2010	1477	0	149837
28385	143537	2221	2097	1095	0	148950
28386	139701	1851	1950	714	0	144216
28387	141456	1243	2219	479	0	145397
28388	7619	138610	2219	710	0	149158
28389	138134	5447	1919	583	0	146083
28390	140692	2383	2226	567	0	145868
28391	7454	133462	2092	766	0	143774
28392	3791	5773	125245	581	0	135390
28393	2762	2826	6157	120932	0	132677
28394	2185	129332	3541	4575	0	139633
28395	1968	6030	130025	1770	0	139793
28396	2385	2787	130540	1425	0	137137
28397	2183	125575	8115	812	0	136685
28398	2285	129274	4085	915	0	136559
28399	2141	137584	3220	883	0	143828
28400	2278	140717	2484	737	0	146216
28401	133860	8518	2515	597	0	145490
28402	138351	4416	2298	769	0	145834
28403	8780	3147	135086	808	0	147821
28404	4789	2431	138874	697	0	146791
28405	3786	2297	8074	131302	0	145459
28406	3174	2105	4684	136007	0	145970
28407	3279	2348	3246	141107	0	149980
28408	138031	2214	2890	7535	0	150670
28409	7655	137645	2816	3397	0	151513
28410	4413	149760	2724	2095	0	158992
28411	3757	156653	2871	1330	0	164611
28412	150149	10345	2737	1080	0	164311
28413	155450	5037	2923	1103	0	164513
28414	10356	3903	2801	150518	0	167578
28415	154554	2913	3278	6789	0	167534
28416	154240	2978	3061	2685	0	162964
28417	10985	2998	2754	149756	0	166493
28418	152475	2928	3141	7349	0	165893
28419	10278	148821	3596	3212	0	165907
28420	5716	8255	3658	151836	0	169465
28421	4981	4548	144073	7487	0	161089
28422	4303	145819	9320	3276	0	162718
28423	5391	9064	147378	2615	0	164448
28424	4282	4886	9929	132362	0	151459
28425	4189	149862	5637	6441	0	166129
28426	4396	8842	4982	147291	0	165511
28427	4137	4631	4528	154620	0	167916
28428	4543	3752	145421	9308	0	163024
28429	4312	3122	154917	4401	0	166752
28430	3779	3236	11262	152152	0	170429
28431	3862	3525	6627	141373	0	155387
28432	4050	153512	5399	8657	0	171618
28433	143326	9779	4057	4403	0	161565
28434	9838	152286	4267	3169	0	169560
28435	5376	158092	3815	2352	0	169635
28436	4519	11382	142172	2501	0	160574
28437	3161	148317	9382	2568	0	163428
28438	3594	9755	6452	131459	0	151260
28439	3434	145856	4543	7350	0	161183
28440	3055	10484	3648	136298	0	153485
28441	2790	142498	3820	7950	0	157058
28442	140050	9861	3315	3773	0	156999
28443	8615	144162	3336	3159	0	159272
28444	3949	9291	2956	123374	0	139570
28445	3481	133339	2783	6605	0	146208
28446	130091	9249	2446	2933	0	144719
28447	130590	5186	1982	2654	0	140412
28448	9303	128640	2187	2080	0	142210
28449	126309	8514	1629	1733	0	138185
28450	8364	5951	1592	119703	0	135610
28451	4413	4012	116307	6861	0	131593
28452	3586	3199	118789	3205	0	128779
28453	2930	121278	7629	3023	0	134860
28454	79542	4231	1604	1151	0	86528
28455	78398	1833	2303	1024	0	83558
28456	4395	1534	76275	964	0	83168
28457	1641	1271	72954	853	0	76719
28458	70806	1330	3629	829	0	76594
28459	76186	1213	1434	852	0	79685
28460	3878	1278	71620	876	0	77652
28461	65131	1200	3078	813	0	70222
28462	3248	66188	1368	861	0	71665
28463	1065	66464	798	763	0	69090
28464	873	3600	1463	62240	0	68176
28465	735	1549	528	65247	0	68059
28466	63388	1144	544	3371	0	68447
28467	63710	891	673	1352	0	66626
28468	62682	868	699	974	0	65223
28469	3465	893	605	60974	0	65937
28470	1472	845	583	62064	0	64964
28471	1172	58318	576	3183	0	63249
28472	945	61333	574	1294	0	64146
28473	817	65163	541	984	0	67505
28474	828	3822	558	59678	0	64886
28475	871	64151	600	2605	0	68227
28476	878	3479	61614	1094	0	67065
28477	59479	1572	2643	967	0	64661
28478	3158	1344	64172	823	0	69497
28479	1358	1239	63770	785	0	67152
28480	62460	1083	2918	762	0	67223
28481	3173	66005	1070	783	0	71031
28482	68814	3230	785	731	0	73560
28483	69214	1489	664	818	0	72185
28484	3608	1501	71166	774	0	77049
28485	1746	1227	73177	766	0	76916
28486	1388	73564	3169	937	0	79058
28487	1255	3312	73266	796	0	78629
28488	1252	1360	3027	74521	0	80160
28489	1137	1267	1352	70997	0	74753
28490	1037	74056	1200	3297	0	79590
28491	1024	78831	1024	1391	0	82270
28492	79788	4039	748	980	0	85555
28493	83861	1867	785	791	0	87304
28494	3886	1573	838	81297	0	87594
28495	1686	1332	903	85283	0	89204
28496	81973	1203	957	3696	0	87829
28497	82499	1106	950	1440	0	85995
28498	3898	82287	1029	1165	0	88379
28499	79065	3282	936	791	0	84074
28500	3711	76325	780	722	0	81538
28501	1661	80973	678	655	0	83967
28502	80963	3901	2162	697	0	87723
28503	84535	1744	536	805	0	87620
28504	3856	1357	526	80677	0	86416
28505	82548	1129	591	2951	0	87219
28506	4051	1014	77234	1097	0	83396
28507	1880	78512	2646	1062	0	84100
28508	77961	2770	820	976	0	82527
28509	3227	1244	75314	826	0	80611
28510	1861	726	1786	63941	0	68314
28511	852	64224	680	1520	0	67276
28512	886	67268	516	577	0	69247
28513	68595	2056	416	444	0	71511
28514	2271	898	66091	351	0	69611
28515	65185	636	1787	320	0	67928
28516	2350	496	675	67364	0	70885
28517	1079	554	66243	1729	0	69605
28518	61594	436	1574	508	0	64112
28519	1899	63052	686	452	0	66089
28520	846	68905	559	375	0	70685
28521	70202	1868	391	306	0	72767
28522	72681	841	297	446	0	74265
28523	72397	678	265	443	0	73783
28524	2543	423	261	69709	0	72936
28525	1399	986	269	71529	0	74183
28526	1026	413	68927	1906	0	72272
28527	806	430	67234	897	0	69367
28528	699	67508	1846	716	0	70769
28529	383	2315	416	63846	0	66960
28530	65548	398	267	1082	0	67295
28531	1139	63459	217	400	0	65215
28532	440	1119	215	65889	0	67663
28533	66158	376	212	1145	0	67891
28534	1183	61017	241	422	0	62863
28535	502	63548	205	379	0	64634
28536	516	1291	60677	264	0	62748
28537	59756	501	968	237	0	61462
28538	63588	366	293	225	0	64472
28539	1312	374	60913	196	0	62795
28540	57450	292	910	179	0	58831
28541	1223	299	61787	193	0	63502
28542	429	58971	856	222	0	60478
28543	356	856	261	60389	0	61862
28544	60631	296	183	834	0	61944
28545	982	58495	245	294	0	60016
28546	462	59874	176	242	0	60754
28547	61416	1011	157	196	0	62780
28548	1044	532	65358	165	0	67099
28549	63996	330	780	185	0	65291
28550	995	66549	315	218	0	68077
28551	508	971	66618	186	0	68283
28552	67061	348	784	186	0	68379
28553	70300	281	276	154	0	71011
28554	1053	294	242	67729	0	69318
28555	503	228	217	70622	0	71570
28556	377	66873	213	879	0	68342
28557	362	880	67958	344	0	69544
28558	351	335	775	67246	0	68707
28559	376	319	72281	902	0	73878
28560	372	302	71144	369	0	72187
28561	348	210	1080	72597	0	74235
28562	339	242	75363	1117	0	77061
28563	369	260	74059	427	0	75115
28564	270	236	1354	71033	0	72893
28565	322	253	76527	1184	0	78286
28566	67619	225	1362	432	0	69638
28567	1180	70263	696	426	0	72565
28568	555	1168	75980	257	0	77960
28569	526	469	79222	232	0	80449
28570	365	346	1372	76814	0	78897
28571	82173	263	552	1162	0	84150
28572	81806	217	412	463	0	82898
28573	80754	266	340	330	0	81690
28574	81165	245	344	258	0	82012
28575	1602	246	303	77167	0	79318
28576	710	276	78772	1143	0	80901
28577	79753	219	1137	430	0	81539
28578	82532	208	457	338	0	83535
28579	83541	180	438	298	0	84457
28580	1607	153	78283	201	0	80244
28581	71807	152	1149	242	0	73350
28582	1352	153	500	81695	0	83700
28583	562	82220	453	1272	0	84507
28584	413	1254	296	79920	0	81883
28585	294	78001	313	1346	0	79954
28586	80123	1477	278	408	0	82286
28587	1745	444	79545	329	0	82063
28588	467	230	1309	75103	0	77109
28589	365	74592	500	1235	0	76692
28590	240	78006	367	448	0	79061
28591	79872	1507	323	256	0	81958
28592	80667	513	247	235	0	81662
28593	1700	365	74377	221	0	76663
28594	76211	175	1401	195	0	77982
28595	1621	144	487	77496	0	79748
28596	667	163	79315	1410	0	81555
28597	527	222	77328	450	0	78527
28598	377	157	1556	81826	0	83916
28599	84236	122	593	1712	0	86663
28600	1772	144	406	82338	0	84660
28601	679	131	286	86076	0	87172
28602	534	105	315	85037	0	85991
28603	420	81056	349	2130	0	83955
28604	365	1641	278	83901	0	86185
28605	81238	487	318	2011	0	84054
28606	1730	80682	314	766	0	83492
28607	666	1756	221	83222	0	85865
28608	81619	561	273	1910	0	84363
28609	1827	82637	302	745	0	85511
28610	660	86731	302	548	0	88241
28611	475	2309	241	88362	0	91387
28612	87330	875	254	2111	0	90570
28613	2140	558	86310	816	0	89824
28614	913	482	83231	517	0	85143
28615	82333	329	2292	468	0	85422
28616	87343	279	899	337	0	88858
28617	2574	86948	614	416	0	90552
28618	1089	2015	435	87780	0	91319
28619	767	773	86357	2132	0	90029
28620	608	517	82278	910	0	84313
28621	580	394	87281	620	0	88875
28622	450	81511	2633	491	0	85085
28623	399	85583	1106	482	0	87570
28624	86921	2296	609	482	0	90308
28625	2210	909	85646	417	0	89182
28626	82708	540	2077	460	0	85785
28627	86005	367	870	471	0	87713
28628	2794	427	84053	420	0	87694
28629	1182	84853	2151	495	0	88681
28630	799	2225	841	85713	0	89578
28631	705	961	87510	2278	0	91454
28632	595	732	85387	945	0	87659
28633	77691	573	2848	637	0	81749
28634	2368	85638	1166	1091	0	90263
28635	1117	2433	757	84142	0	88449
28636	739	1085	652	85845	0	88321
28637	672	85505	609	2681	0	89467
28638	670	88219	625	1133	0	90647
28639	730	90165	648	749	0	92292
28640	726	3179	564	90067	0	94536
28641	92639	1318	538	2664	0	97159
28642	2965	812	487	95092	0	99356
28643	1266	698	92961	3197	0	98122
28644	760	675	92364	1329	0	95128
28645	635	571	3490	95204	0	99900
28646	719	685	93242	3128	0	97774
28647	604	91022	3254	1502	0	96382
28648	603	2871	1329	95529	0	100332
28649	103872	1237	846	3677	0	109632
28650	104730	828	737	1496	0	107791
28651	4542	103631	744	1080	0	109997
28652	106410	4074	602	937	0	112023
28653	108573	1556	612	899	0	111640
28654	110212	1060	633	908	0	112813
28655	5408	986	96948	838	0	104180
28656	99511	756	3730	802	0	104799
28657	4611	101708	1574	921	0	108814
28658	1796	3797	103125	743	0	109461
28659	1319	1464	102541	753	0	106077
28660	1046	102074	4614	856	0	108590
28661	101866	3909	2425	680	0	108880
28662	4674	1445	1095	96098	0	103312
28663	1789	97779	909	3522	0	103999
28664	100577	4001	675	1347	0	106600
28665	4202	1606	671	100072	0	106551
28666	100797	969	817	4166	0	106749
28667	4445	828	764	101932	0	107969
28668	1948	851	97656	4357	0	104812
28669	1329	873	97912	1747	0	101861
28670	1295	939	99675	1095	0	103004
28671	1149	910	5058	93893	0	101010
28672	1068	916	1991	102990	0	106965
28673	1241	915	97214	4966	0	104336
28674	1247	97212	4265	2019	0	104743
28675	102049	4123	1756	1170	0	109098
28676	101317	1731	1330	983	0	105361
28677	5454	104102	1272	920	0	111748
28678	2312	4551	1125	104075	0	112063
28679	1651	1765	105041	4494	0	112951
28680	103302	1178	4928	1726	0	111134
28681	5172	993	105943	1256	0	113364
28682	2227	951	104315	845	0	108338
28683	1567	917	103465	846	0	106795
28684	95799	840	5435	785	0	102859
28685	4588	884	96735	805	0	103012
28686	1972	92260	4752	824	0	99808
28687	1622	98358	2082	793	0	102855
28688	1408	4845	1575	92506	0	100334
28689	1336	1961	1320	98471	0	103088
28690	1236	1270	94472	4766	0	101744
28691	91690	1004	4398	2002	0	99094
28692	97387	915	2152	1244	0	101698
28693	5225	860	1646	98029	0	105760
28694	96336	857	1529	4146	0	102868
28695	4851	96249	1385	1859	0	104344
28696	95061	4192	1359	1287	0	101899
28697	4814	92512	1364	1137	0	99827
28698	2116	92787	1119	1100	0	97122
28699	88895	4645	1105	1003	0	95648
28700	89850	1987	1205	987	0	94029
28701	91449	1209	1157	930	0	94745
28702	94643	1014	1197	961	0	97815
28703	5922	993	85890	852	0	93657
28704	87952	1015	4310	850	0	94127
28705	5161	981	1999	84034	0	92175
28706	2486	87629	1509	3799	0	95423
28707	88243	4055	1248	1630	0	95176
28708	4859	89389	1179	1258	0	96685
28709	87393	4110	1041	922	0	93466
28710	4969	1662	1060	84064	0	91755
28711	2476	1233	995	88037	0	92741
28712	2059	1079	82603	4583	0	90324
28713	1936	1150	83465	1796	0	88347
28714	1771	84956	4425	1410	0	92562
28715	81680	3987	1866	1036	0	88569
28716	4522	83031	1424	991	0	89968
28717	2429	84166	1120	965	0	88680
28718	2241	89773	1005	915	0	93934
28719	2174	4785	82807	787	0	90553
28720	2014	87488	3701	777	0	93980
28721	82282	5303	1545	737	0	89867
28722	83628	1750	1224	735	0	87337
28723	4908	1420	1029	77399	0	84756
28724	2279	79432	1077	3369	0	86157
28725	1808	83213	1076	1460	0	87557
28726	1673	4329	990	81388	0	88380
28727	1737	2103	79834	3573	0	87247
28728	1809	78683	3431	1501	0	85424
28729	1623	3771	1371	77850	0	84615
28730	74014	1810	1122	3523	0	80469
28731	75435	1539	1016	1540	0	79530
28732	4103	77443	980	1345	0	83871
28733	77476	3834	1026	1004	0	83340
28734	79820	1831	1060	914	0	83625
28735	4500	1633	1047	75530	0	82710
28736	2408	1308	74894	3258	0	81868
28737	1834	77134	3440	1537	0	83945
28738	1600	3945	1580	77861	0	84986
28739	1609	1968	76104	3248	0	82929
28740	1463	76076	3362	1453	0	82354
28741	71141	3501	1227	1026	0	76895
28742	72885	1742	916	897	0	76440
28743	3918	1533	865	68650	0	74966
28744	2095	72051	823	2749	0	77718
28745	1735	3218	69712	1363	0	76028
28746	1495	1689	2961	70873	0	77018
28747	1483	1442	71819	3069	0	77813
28748	1280	66049	2733	1447	0	71509
28749	2292	2042	947	55838	0	61119
28750	53027	1074	1329	1750	0	57180
28751	1798	54434	492	942	0	57666
28752	54962	1851	447	668	0	57928
28753	53086	1158	443	569	0	55256
28754	2299	54173	388	580	0	57440
28755	1420	1897	414	54224	0	57955
28756	1114	1090	452	54317	0	56973
28757	950	50718	487	1878	0	54033
28758	938	53185	476	1073	0	55672
28759	909	1991	374	48786	0	52060
28760	846	51243	417	1411	0	53917
28761	52824	1965	383	720	0	55892
28762	52591	1263	375	668	0	54897
28763	2143	1015	50793	646	0	54597
28764	1254	912	51910	549	0	54625
28765	50721	898	1544	559	0	53722
28766	53062	768	843	578	0	55251
28767	1936	52525	591	588	0	55640
28768	54405	1778	629	577	0	57389
28769	54323	1141	387	514	0	56365
28770	2053	51673	329	571	0	54626
28771	50272	1689	280	497	0	52738
28772	1728	1601	349	53787	0	57465
28773	867	940	433	58381	0	60621
28774	883	874	58079	2205	0	62041
28775	555	53875	1600	957	0	56987
28776	532	55649	540	633	0	57354
28777	51335	2430	281	346	0	54392
28778	54061	718	217	389	0	55385
28779	53349	483	231	347	0	54410
28780	54355	430	308	416	0	55509
28781	2031	557	53120	341	0	56049
28782	796	529	52556	266	0	54147
28783	564	52883	1698	402	0	55547
28784	534	1819	609	53715	0	56677
28785	621	818	369	52354	0	54162
28786	643	54374	232	1663	0	56912
28787	709	2538	284	54490	0	58021
28788	54125	784	322	1697	0	56928
28789	1934	54031	337	667	0	56969
28790	936	1814	57463	504	0	60717
28791	658	58888	1578	487	0	61611
28792	60246	1862	576	503	0	63187
28793	1643	700	56146	319	0	58808
28794	54081	416	1506	334	0	56337
28795	56694	417	426	290	0	57827
28796	1861	479	55260	262	0	57862
28797	719	405	55492	289	0	56905
28798	613	368	56498	231	0	57710
28799	51368	381	1753	234	0	53736
28800	1775	336	58672	245	0	61028
28801	661	55967	1449	263	0	58340
28802	57283	1235	522	150	0	59190
28803	1413	439	56493	111	0	58456
28804	53797	283	1434	175	0	55689
28805	1582	236	56360	145	0	58323
28806	614	269	57690	122	0	58695
28807	512	55639	1598	200	0	57949
28808	437	1264	57399	108	0	59208
28809	503	436	57217	128	0	58284
28810	425	49152	1952	239	0	51768
28811	54553	1266	659	100	0	56578
28812	1423	446	55610	95	0	57574
28813	538	403	1481	50162	0	52584
28814	482	55101	647	938	0	57168
28815	57345	1246	552	302	0	59445
28816	56493	451	527	226	0	57697
28817	1570	349	54651	169	0	56739
28818	555	49849	1648	176	0	52228
28819	438	53490	722	209	0	54859
28820	408	1653	546	52182	0	54789
28821	493	52453	475	1138	0	54559
28822	576	1626	413	50956	0	53571
28823	583	578	442	54217	0	55820
28824	544	52992	541	1476	0	55553
28825	486	1561	507	53238	0	55792
28826	553	52440	482	1375	0	54850
28827	547	1700	50639	518	0	53404
28828	535	746	1559	50973	0	53813
28829	501	650	659	52491	0	54301
28830	506	51556	551	1591	0	54204
28831	569	54503	454	603	0	56129
28832	507	1892	480	50839	0	53718
28833	410	51972	584	1422	0	54388
28834	53093	1845	500	606	0	56044
28835	1588	769	513	52441	0	55311
28836	637	50248	549	1531	0	52965
28837	51877	1775	439	582	0	54673
28838	1599	52419	561	523	0	55102
28839	722	1861	52352	490	0	55425
28840	627	864	1631	51807	0	54929
28841	53502	736	780	1589	0	56607
28842	1744	613	53025	634	0	56016
28843	731	803	1683	50078	0	53295
28844	730	50485	779	1432	0	53426
28845	747	1781	49311	527	0	52366
28846	666	50021	1776	407	0	52870
28847	51591	1625	900	412	0	54528
28848	50809	809	841	291	0	52750
28849	1835	50348	795	345	0	53323
28850	51572	1729	794	356	0	54451
28851	1768	852	50060	299	0	52979
28852	750	628	1888	48201	0	51467
28853	653	703	877	48378	0	50611
28854	733	50460	826	1389	0	53408
28855	55424	1712	825	537	0	58498
28856	58507	888	630	389	0	60414
28857	1813	766	57122	290	0	59991
28858	57291	621	1729	333	0	59974
28859	59531	632	800	339	0	61302
28860	59555	594	766	342	0	61257
28861	2042	706	574	56357	0	59679
28862	892	634	644	57068	0	59238
28863	739	55827	668	1620	0	58854
28864	54764	1761	604	644	0	57773
28865	54107	710	525	547	0	55889
28866	1814	53046	509	418	0	55787
28867	823	1652	457	52543	0	55475
28868	703	51956	410	1430	0	54499
28869	591	54871	461	615	0	56538
28870	53258	1846	812	548	0	56464
28871	1721	984	54373	553	0	57631
28872	498	432	49164	299	0	50393
28873	331	47713	857	362	0	49263
28874	46036	704	234	217	0	47191
28875	692	398	45909	197	0	47196
28876	353	40412	739	225	0	41729
28877	42549	198	45	39	0	42831
28878	227	127	39646	41	0	40041
28879	86	86	185	38553	0	38910
28880	42334	52	67	204	0	42657
28881	249	101	41520	85	0	41955
28882	90	94	41826	64	0	42074
28883	74	88	42794	46	0	43002
28884	52	76	43441	29	0	43598
28885	40556	38	265	21	0	40880
28886	46225	37	87	23	0	46372
28887	364	44807	96	49	0	45316
28888	102	388	46	47338	0	47874
28889	79	84	28	50306	0	50497
28890	44	45695	44	643	0	46426
28891	45	674	33	46542	0	47294
28892	50	49091	61	679	0	49881
28893	51	50978	56	232	0	51317
28894	45	1084	43	50746	0	51918
28895	82	460	49152	872	0	50566
28896	49	47493	856	362	0	48760
28897	36	919	280	50512	0	51747
28898	51195	336	153	886	0	52570
28899	866	238	49767	326	0	51197
28900	47866	133	893	186	0	49078
28901	49432	127	325	118	0	50002
28902	1158	114	186	50074	0	51532
28903	519	109	55318	1074	0	57020
28904	289	113	56094	424	0	56920
28905	164	59968	1679	278	0	62089
28906	136	1398	657	60870	0	63061
28907	134	513	62362	1452	0	64461
28908	126	375	61275	545	0	62321
28909	105	59263	1983	376	0	61727
28910	62749	1499	805	198	0	65251
28911	65903	596	436	190	0	67125
28912	1811	365	312	74761	0	77249
28913	793	247	80631	2144	0	83815
28914	1313	300	77316	869	0	79798
28915	331	78438	2928	684	0	82381
28916	283	2056	83265	302	0	85906
28917	260	884	83303	227	0	84674
28918	179	595	3197	74566	0	78537
28919	182	364	82767	2203	0	85516
28920	76015	249	2723	959	0	79946
28921	2027	252	1316	82773	0	86368
28922	946	290	87287	2312	0	90835
28923	544	90115	2571	1116	0	94346
28924	297	2134	1279	95235	0	98945
28925	349	1025	94203	2327	0	97904
28926	231	90338	2731	1161	0	94461
28927	251	2290	1385	91600	0	95526
28928	222	93859	981	2221	0	97283
28929	225	2589	778	95465	0	99057
28930	250	1105	716	95583	0	97654
28931	214	781	92704	3263	0	96962
28932	233	91591	2589	1617	0	96030
28933	247	2364	1350	94696	0	98657
28934	215	1114	978	94026	0	96333
28935	208	768	853	97121	0	98950
28936	234	574	91779	3578	0	96165
28937	199	87361	2614	1993	0	92167
28938	176	2457	1455	91899	0	95987
28939	282	1218	88478	2807	0	92785
28940	183	86146	2714	1716	0	90759
28941	165	2626	1502	90031	0	94324
28942	280	1363	89608	2760	0	94011
28943	205	88726	2740	1762	0	93433
28944	156	2646	1556	88709	0	93067
28945	234	1463	1051	93633	0	96381
28946	262	984	95271	3639	0	100156
28947	84990	736	2866	2051	0	90643
28948	2073	92460	1596	1483	0	97612
28949	96742	2669	1143	1146	0	101700
28950	2578	1464	96255	1082	0	101379
28951	93466	1100	2979	994	0	98539
28952	2616	854	1667	93408	0	98545
28953	1088	825	1246	100042	0	103201
28954	743	782	96628	3605	0	101758
28955	88502	785	3008	2026	0	94321
28956	94033	713	1685	1481	0	97912
28957	2974	90497	1280	1294	0	96045
28958	1408	97473	1158	1165	0	101204
28959	97933	3406	1044	985	0	103368
28960	2695	1820	94735	1114	0	100364
28961	1357	96494	3007	1043	0	101901
28962	909	2894	1740	105366	0	110909
28963	723	1485	1312	109341	0	112861
28964	708	1074	105718	3694	0	111194
28965	97998	961	3163	2007	0	104129
28966	2757	933	109540	1499	0	114729
28967	107510	813	3659	1249	0	113231
28968	3505	865	113035	1115	0	118520
28969	1710	110584	4027	1131	0	117452
28970	118665	3228	2086	1040	0	125019
28971	118526	1762	1611	1105	0	123004
28972	116365	1238	1405	1098	0	120106
28973	117820	989	1347	956	0	121112
28974	4549	983	1170	114329	0	121031
28975	2328	926	115739	3478	0	122471
28976	1434	887	3505	114463	0	120289
28977	1079	114720	2125	3725	0	121649
28978	1046	3043	1567	121776	0	127432
28979	907	1685	117997	3863	0	124452
28980	969	1358	120531	2142	0	125000
28981	957	891	4302	118634	0	124784
28982	120493	813	2553	3629	0	127488
28983	119284	951	1766	2019	0	124020
28984	119762	882	1356	1593	0	123593
28985	4594	884	117634	1351	0	124463
28986	2381	875	116797	1272	0	121325
28987	1559	113585	4267	1212	0	120623
28988	1155	117565	2340	1249	0	122309
28989	116569	3312	2151	1113	0	123145
28990	116829	1854	1176	1042	0	120901
28991	3371	117638	1073	1153	0	123235
28992	118231	2549	921	971	0	122672
28993	117365	1412	935	969	0	120681
28994	3313	114780	985	958	0	120036
28995	121358	2622	787	959	0	125726
28996	119397	1534	851	962	0	122744
28997	3400	116364	986	995	0	121745
28998	121326	2641	912	870	0	125749
28999	118649	1465	919	885	0	121918
29000	3610	1248	114629	800	0	120287
29001	2184	1724	112051	737	0	116696
29002	1356	109771	3141	688	0	114956
29003	1042	111514	1508	689	0	114753
29004	113891	2341	862	424	0	117518
29005	107066	1238	541	315	0	109160
29006	107752	732	488	341	0	109313
29007	2780	104799	635	386	0	108600
29008	1525	1735	532	108243	0	112035
29009	1287	999	107867	1585	0	111738
29010	865	819	1743	105892	0	109319
29011	877	105504	1518	1785	0	109684
29012	100329	859	297	318	0	101803
29013	1095	89877	281	244	0	91497
29014	667	1059	178	92988	0	94892
29015	95328	459	189	873	0	96849
29016	93799	360	204	386	0	94749
29017	1590	272	90375	218	0	92455
29018	91473	229	915	170	0	92787
29019	100281	247	438	135	0	101101
29020	101317	224	291	161	0	101993
29021	2022	246	267	96645	0	99180
29022	965	89794	396	1176	0	92331
29023	624	1255	265	88740	0	90884
29024	548	832	88947	1430	0	91757
29025	492	90448	1578	732	0	93250
29026	529	1796	686	94325	0	97336
29027	567	885	91584	1737	0	94773
29028	532	91658	1777	761	0	94728
29029	602	1914	677	92797	0	95990
29030	608	848	93694	1768	0	96918
29031	76626	561	2116	895	0	80198
29032	2231	403	97632	450	0	100716
29033	1164	528	95737	305	0	97734
29034	838	94654	2573	347	0	98412
29035	677	2225	974	98272	0	102148
29036	628	1022	615	96477	0	98742
29037	692	94027	618	2244	0	97581
29038	720	2222	400	100919	0	104261
29039	100407	997	340	2451	0	104195
29040	100520	530	372	952	0	102374
29041	3125	544	96550	518	0	100737
29042	95695	453	2101	497	0	98746
29043	100427	464	947	483	0	102321
29044	2978	687	97850	488	0	102003
29045	1389	94071	2293	505	0	98258
29046	936	96442	1018	399	0	98795
29047	810	3060	672	86422	0	90964
29048	703	95449	617	1569	0	98338
29049	847	2807	91539	612	0	95805
29050	884	1319	88822	491	0	91516
29051	777	88441	2998	402	0	92618
29052	95563	2475	1159	317	0	99514
29053	97316	1237	641	324	0	99518
29054	97142	856	508	381	0	98887
29055	96769	782	420	390	0	98361
29056	93705	661	389	404	0	95159
29057	3304	91287	486	438	0	95515
29058	1591	2649	87979	282	0	92501
29059	1045	1193	2287	90290	0	94815
29060	89748	796	946	2397	0	93887
29061	2752	87532	577	993	0	91854
29062	1427	3153	417	83365	0	88362
29063	1033	1084	82839	2295	0	87251
29064	819	78522	2412	918	0	82671
29065	700	86085	1050	609	0	88444
29066	77911	3969	1387	341	0	83608
29067	2068	77020	1028	291	0	80407
29068	771	2037	273	76988	0	80069
29069	75898	749	278	1871	0	78796
29070	75443	466	250	623	0	76782
29071	76310	380	256	342	0	77288
29072	2655	423	70389	237	0	73704
29073	1056	70130	1788	234	0	73208
29074	74924	1950	569	205	0	77648
29075	2126	844	315	70605	0	73890
29076	72561	521	248	1971	0	75301
29077	2235	72447	330	725	0	75737
29078	82472	2292	260	408	0	85432
29079	92425	883	285	317	0	93910
29080	3774	522	275	87584	0	92155
29081	1400	552	88900	3014	0	93866
29082	819	371	3014	96383	0	100587
29083	95235	393	975	3547	0	100150
29084	97205	434	516	1104	0	99259
29085	4124	94428	429	660	0	99641
29086	89895	3225	286	401	0	93807
29087	3575	89735	334	398	0	94042
29088	96121	3449	310	385	0	100265
29089	95731	1119	312	449	0	97611
29090	4348	818	89824	356	0	95346
29091	1552	89171	3076	428	0	94227
29092	1003	3384	985	92346	0	97718
29093	799	1217	548	95988	0	98552
29094	693	823	425	91711	0	93652
29095	710	89823	400	3990	0	94923
29096	813	3377	90705	1417	0	96312
29097	814	1307	94750	701	0	97572
29098	727	125025	4010	652	0	130414
29099	128367	5153	1425	491	0	135436
29100	5409	1726	127171	577	0	134883
29101	124017	1190	5029	520	0	130756
29102	5901	123390	1750	542	0	131583
29103	2276	5026	124729	485	0	132516
29104	1448	1749	5235	126192	0	134624
29105	910	1374	127151	5261	0	134696
29106	904	901	132073	1780	0	135658
29107	1069	788	6494	110874	0	119225
29108	931	121253	2579	4226	0	128989
29109	951	129842	1389	1404	0	133586
29110	129217	6303	848	918	0	137286
29111	5830	2510	121854	662	0	130856
29112	128056	1443	5066	570	0	135135
29113	131420	838	2026	497	0	134781
29114	6695	128446	1414	633	0	137188
29115	128457	5430	828	462	0	135177
29116	129469	2045	694	475	0	132683
29117	126614	1437	594	547	0	129192
29118	7232	121142	767	489	0	129630
29119	2706	110033	773	1451	0	114963
29120	1786	121497	617	488	0	124388
29121	121606	6179	635	346	0	128766
29122	125770	2267	711	418	0	129166
29123	6793	1480	115773	410	0	124456
29124	2685	1049	112615	343	0	116692
29125	112700	770	6282	358	0	120110
29126	116873	680	2081	535	0	120169
29127	117142	683	1384	537	0	119746
29128	6150	615	949	109146	0	116860
29129	2656	692	752	112507	0	116607
29130	1788	789	648	115431	0	118656
29131	1229	935	654	117156	0	119974
29132	1284	915	107523	5947	0	115669
29133	1292	780	110257	2293	0	114622
29134	1377	661	110961	1232	0	114231
29135	1407	732	110778	649	0	113566
29136	108057	707	5888	505	0	115157
29137	4918	108490	2410	588	0	116406
29138	2385	115107	1362	679	0	119533
29139	115472	5314	859	673	0	122318
29140	5318	2372	112525	756	0	120971
29141	2407	1703	111292	827	0	116229
29142	109861	1183	5501	814	0	117359
29143	113638	899	2613	849	0	117999
29144	5983	109811	1826	781	0	118401
29145	3243	4361	1296	112911	0	121811
29146	113865	1826	1256	4193	0	121140
29147	115533	1624	1153	1566	0	119876
29148	6558	1392	960	105662	0	114572
29149	3562	110394	915	3864	0	118735
29150	114765	4592	920	1626	0	121903
29151	5641	1990	109039	1439	0	118109
29152	107937	1505	4578	1072	0	115092
29153	5323	109529	2214	1164	0	118230
29154	113064	4488	1646	1197	0	120395
29155	114501	1962	1478	1166	0	119107
29156	6010	1700	112412	1075	0	121197
29157	2878	1259	111427	901	0	116465
29158	110268	1040	5810	791	0	117909
29159	115122	1188	2776	662	0	119748
29160	5776	113228	1864	625	0	121493
29161	3086	4751	1516	115849	0	125202
29162	2568	2050	113426	3971	0	122015
29163	112729	1660	4980	1433	0	120802
29164	5452	1489	2460	113942	0	123343
29165	3182	1243	1906	117956	0	124287
29166	114487	1264	1809	5112	0	122672
29167	5396	114946	1582	2445	0	124369
29168	117480	4719	1437	1543	0	125179
29169	118481	1987	1570	1056	0	123094
29170	118393	1742	1347	1153	0	122635
29171	6900	114671	1261	985	0	123817
29172	118112	4648	1397	831	0	124988
29173	6373	2012	1214	115182	0	124781
29174	3529	1720	1131	117840	0	124220
29175	4288	1545	111183	5248	0	122264
29176	2918	1264	111078	2299	0	117559
29177	2458	106911	4891	1608	0	115868
29178	2475	108907	2126	911	0	114419
29179	2037	3887	96481	484	0	102889
29180	1671	101495	3354	592	0	107112
29181	102350	4915	1368	1349	0	109982
29182	100476	1407	974	412	0	103269
29183	101662	1100	683	536	0	103981
29184	4821	1043	662	95873	0	102399
29185	2450	717	703	99217	0	103087
29186	1700	876	95269	4011	0	101856
29187	1316	94373	3211	1993	0	100893
29188	92391	3207	1270	1131	0	97999
29189	3553	93369	1157	666	0	98745
29190	95601	3581	831	433	0	100446
29191	98393	1289	642	380	0	100704
29192	4765	866	567	93198	0	99396
29193	2542	675	575	95459	0	99251
29194	1805	526	389	99729	0	102449
29195	1245	670	91405	4805	0	98125
29196	1030	89731	2931	2473	0	96165
29197	947	91671	1326	1699	0	95643
29198	277	57011	161	240	0	57689
29199	250	57151	166	216	0	57783
29200	280	57004	136	206	0	57626
29201	54615	1231	114	183	0	56143
29202	1059	521	54331	163	0	56074
29203	400	54402	950	233	0	55985
29204	306	913	50380	130	0	51729
29205	214	52223	735	178	0	53350
29206	225	918	216	46637	0	47996
29207	197	309	121	49510	0	50137
29208	173	50468	139	842	0	51622
29209	50984	871	136	282	0	52273
29210	825	426	48965	189	0	50405
29211	290	50802	753	203	0	52048
29212	286	981	48153	111	0	49531
29213	264	378	793	48425	0	49860
29214	236	330	239	47425	0	48230
29215	226	48378	200	847	0	49651
29216	215	881	167	49952	0	51215
29217	198	329	135	49997	0	50659
29218	178	49377	199	1010	0	50764
29219	224	957	48415	357	0	49953
29220	248	405	47732	251	0	48636
29221	46251	384	890	181	0	47706
29222	49861	299	237	201	0	50598
29223	941	256	219	49333	0	50749
29224	376	287	48476	918	0	50057
29225	327	231	794	47124	0	48476
29226	234	51312	278	946	0	52770
29227	246	899	54224	422	0	55791
29228	167	51586	851	964	0	53568
29229	220	1047	53622	264	0	55153
29230	148	52776	765	223	0	53912
29231	54528	909	214	202	0	55853
29232	730	414	198	52507	0	53849
29233	261	343	189	51973	0	52766
29234	221	315	51727	857	0	53120
29235	277	321	48241	303	0	49142
29236	183	48978	859	284	0	50304
29237	51696	809	305	231	0	53041
29238	725	302	225	50249	0	51501
29239	253	299	55040	727	0	56319
29240	202	379	53061	284	0	53926
29241	49959	269	863	230	0	51321
29242	53488	323	307	192	0	54310
29243	843	313	55872	193	0	57221
29244	347	267	769	53632	0	55015
29245	267	55257	297	703	0	56524
29246	57052	805	210	336	0	58403
29247	762	55896	250	371	0	57279
29248	56218	814	177	345	0	57554
29249	719	54976	263	294	0	56252
29250	265	57246	247	324	0	58082
29251	255	1012	223	57648	0	59138
29252	234	454	221	57173	0	58082
29253	221	56517	248	904	0	57890
29254	249	960	55271	345	0	56825
29255	275	445	54984	276	0	55980
29256	270	363	53663	260	0	54556
29257	48921	1270	998	281	0	51470
29258	52760	249	338	216	0	53563
29259	749	51954	289	260	0	53252
29260	284	943	52173	226	0	53626
29261	191	389	814	50821	0	52215
29262	164	349	54886	883	0	56282
29263	135	419	56683	288	0	57525
29264	132	335	1152	60727	0	62346
29265	153	328	408	69156	0	70045
29266	178	344	75755	2008	0	78285
29267	74868	342	1932	950	0	78092
29268	1999	83771	907	684	0	87361
29269	909	89397	665	508	0	91479
29270	561	3415	513	86871	0	91360
29271	88318	1580	461	2326	0	92685
29272	2627	89378	453	1162	0	93620
29273	89902	3188	353	678	0	94121
29274	2937	91625	368	588	0	95518
29275	97302	3362	364	582	0	101610
29276	3864	1676	93014	432	0	98986
29277	1795	2282	95022	374	0	99473
29278	1165	1514	3590	89073	0	95342
29279	864	879	88846	2785	0	93374
29280	608	81687	3252	1114	0	86661
29281	470	83858	1590	714	0	86632
29282	84635	3526	1134	393	0	89688
29283	2673	1667	736	81052	0	86128
29284	1156	84160	652	2478	0	88446
29285	87058	3121	491	1072	0	91742
29286	86315	1581	424	672	0	88992
29287	88359	1089	434	421	0	90303
29288	4438	731	341	85813	0	91323
29289	2180	723	443	88870	0	92216
29290	1621	665	84084	3716	0	90086
29291	1165	608	82731	1879	0	86383
29292	83320	438	3642	1149	0	88549
29293	3214	520	1685	83865	0	89284
29294	1629	548	81609	3165	0	86951
29295	80678	480	3121	1524	0	85803
29296	3249	86636	1707	1105	0	92697
29297	90884	2802	1137	689	0	95512
29298	92372	1258	819	762	0	95211
29299	93438	891	740	705	0	95774
29300	5126	584	87613	570	0	93893
29301	88634	620	2982	556	0	92792
29302	4440	559	1781	83968	0	90748
29303	2473	82402	1522	2686	0	89083
29304	1854	90732	925	1684	0	95195
29305	92027	3646	1171	888	0	97732
29306	93355	2166	710	715	0	96946
29307	94333	1501	965	664	0	97463
29308	5575	979	860	89710	0	97124
29309	2974	966	583	93438	0	97961
29310	2314	1132	867	90200	0	94513
29311	2191	90798	551	4402	0	97942
29312	93036	3615	569	2273	0	99493
29313	94901	1820	509	1645	0	98875
29314	96768	1317	441	2030	0	100556
29315	5646	1373	92523	1524	0	101066
29316	97417	1072	3430	949	0	102868
29317	5785	1081	1860	90595	0	99321
29318	4031	93900	1076	3217	0	102224
29319	96592	3621	731	2338	0	103282
29320	96459	1763	1128	1600	0	100950
29321	6212	1287	92972	1050	0	101521
29322	3401	1316	3825	89564	0	98106
29323	3071	92694	1854	3598	0	101217
29324	97130	3800	1224	2157	0	104311
29325	5212	2025	1257	95205	0	103699
29326	3298	1512	1199	93003	0	99012
29327	2782	1377	772	93750	0	98681
29328	2375	1084	715	98003	0	102177
29329	2417	1377	90474	6227	0	100495
29330	2197	91392	3650	3594	0	100833
29331	2127	4155	2136	94679	0	103097
29332	2510	2119	93308	5111	0	103048
29333	93015	1729	4012	3166	0	101922
29334	97895	1689	2122	2505	0	104211
29335	5997	1695	1520	96797	0	106009
29336	98350	1226	1254	5251	0	106081
29337	102103	1451	1139	2765	0	107458
29338	7590	1240	97728	2124	0	108682
29339	4504	95107	3971	2177	0	105759
29340	98021	4190	2093	2057	0	106361
29341	5795	2099	1935	97927	0	107756
29342	99392	1820	1611	4664	0	107487
29343	6377	1123	1462	95752	0	104714
29344	3865	1645	1251	99451	0	106212
29345	3700	1289	91348	6152	0	102489
29346	83659	1208	4254	3634	0	92755
29347	5785	92191	2286	2687	0	102949
29348	3576	4136	91685	2817	0	102214
29349	2926	93982	3911	2121	0	102940
29350	93811	4688	2121	1848	0	102468
29351	6097	2421	1515	92458	0	102491
29352	92586	1783	1523	5123	0	101015
29353	5755	91049	1279	3464	0	101547
29354	97155	4707	1066	2720	0	105648
29355	101699	2052	1407	2002	0	107160
29356	101602	1749	1166	2311	0	106828
29357	101225	1139	1085	2234	0	105683
29358	7363	95345	1437	2110	0	106255
29359	101078	4160	979	1863	0	108080
29360	7005	2330	1354	97441	0	108130
29361	4563	2110	868	98703	0	106244
29362	4124	89047	844	5435	0	99450
29363	3442	91712	1113	2890	0	99157
29364	3239	91944	823	1986	0	97992
29365	82846	4206	554	1414	0	89020
29366	3869	73060	522	1602	0	79053
29367	2081	64983	370	2028	0	69462
29368	65152	2571	1294	816	0	69833
29369	64424	1160	491	963	0	67038
29370	2867	63988	367	728	0	67950
29371	65309	2090	412	653	0	68464
29372	2674	1100	60448	1068	0	65290
29373	60102	892	1571	736	0	63301
29374	2676	714	59746	1108	0	64244
29375	1167	53171	1251	551	0	56140
29376	1043	57663	564	597	0	59867
29377	901	2128	334	57218	0	60581
29378	57137	759	277	1369	0	59542
29379	58499	531	326	792	0	60148
29380	58921	489	288	680	0	60378
29381	58753	504	337	615	0	60209
29382	57015	515	397	698	0	58625
29383	2038	537	53261	596	0	56432
29384	1191	605	50834	625	0	53255
29385	54835	534	1280	592	0	57241
29386	1671	54628	728	597	0	57624
29387	59014	1357	408	523	0	61302
29388	58198	758	361	423	0	59740
29389	60000	514	338	455	0	61307
29390	60647	535	289	402	0	61873
29391	60418	498	338	486	0	61740
29392	2264	499	55680	492	0	58935
29393	57583	523	1129	463	0	59698
29394	58858	527	550	513	0	60448
29395	2156	536	56377	526	0	59595
29396	51676	561	1889	538	0	54664
29397	54353	527	529	483	0	55892
29398	2208	497	53812	498	0	57015
29399	1441	546	52191	428	0	54606
29400	1314	52576	1376	405	0	55671
29401	1183	1362	656	54755	0	57956
29402	1220	1876	54050	1220	0	58366
29403	54502	542	1135	423	0	56602
29404	1974	478	483	56642	0	59577
29405	1159	507	58146	1326	0	61138
29406	57299	479	1289	522	0	59589
29407	59948	499	522	397	0	61366
29408	60272	482	368	326	0	61448
29409	2364	61492	279	384	0	64519
29410	1201	1523	212	58890	0	61826
29411	991	59098	280	1271	0	61640
29412	60816	1597	314	454	0	63181
29413	60780	603	395	401	0	62179
29414	2086	492	58303	262	0	61143
29415	760	54406	1072	165	0	56403
29416	582	56332	388	199	0	57501
29417	430	1305	209	54770	0	56714
29418	457	495	121	56487	0	57560
29419	55548	316	136	1240	0	57240
29420	1386	54819	140	477	0	56822
29421	659	56338	121	223	0	57341
29422	796	1362	53551	144	0	55853
29423	556	54739	976	149	0	56420
29424	56067	1287	339	133	0	57826
29425	1526	502	54006	150	0	56184
29426	46372	385	1043	199	0	47999
29427	1423	307	52783	178	0	54691
29428	42363	259	982	189	0	43793
29429	1144	54643	286	129	0	56202
29430	57265	1300	192	100	0	58857
29431	1506	468	56116	81	0	58171
29432	56565	313	1241	94	0	58213
29433	58031	235	368	122	0	58756
29434	2333	235	56199	90	0	58857
29435	56335	189	1213	78	0	57815
29436	57464	197	374	92	0	58127
29437	55612	220	289	76	0	56197
29438	1711	49875	237	126	0	51949
29439	51400	1375	178	100	0	53053
29440	1724	522	50251	93	0	52590
29441	686	52934	1252	136	0	55008
29442	56903	1471	419	78	0	58871
29443	55820	463	336	103	0	56722
29444	56770	350	272	84	0	57476
29445	2162	54237	249	171	0	56819
29446	911	1576	231	67527	0	70245
29447	670	557	67108	2081	0	70416
29448	556	413	2151	68008	0	71128
29449	596	331	69046	2421	0	72394
29450	65142	282	2561	699	0	68684
29451	2622	67519	868	1812	0	72821
29452	1193	2436	457	67102	0	71188
29453	807	69842	412	2101	0	73162
29454	717	2746	279	68358	0	72100
29455	602	1024	294	66862	0	68782
29456	564	70341	405	2953	0	74263
29457	619	2724	307	71130	0	74780
29458	686	1063	282	75070	0	77101
29459	681	72916	430	3386	0	77413
29460	648	76418	410	1302	0	78778
29461	666	3636	370	75335	0	80007
29462	672	1502	72274	3071	0	77519
29463	690	74610	2817	1193	0	79310
29464	697	3330	942	73086	0	78055
29465	860	1333	72925	3252	0	78370
29466	694	75391	3079	1251	0	80415
29467	75769	3544	1032	970	0	81315
29468	3506	1458	73422	752	0	79138
29469	72905	1143	3305	617	0	77970
29470	3747	864	1097	72834	0	78542
29471	1490	799	777	76064	0	79130
29472	1068	840	535	77847	0	80290
29473	807	921	72650	4600	0	78978
29474	778	841	73011	1924	0	76554
29475	68510	875	4025	1176	0	74586
29476	3503	836	1625	72533	0	78497
29477	1516	784	71271	3803	0	77374
29478	70303	852	3482	1576	0	76213
29479	3772	845	1452	73098	0	79167
29480	1628	837	990	76131	0	79586
29481	1329	809	852	75051	0	78041
29482	1072	73500	785	4692	0	80049
29483	941	3649	704	71285	0	76579
29484	949	70733	780	3980	0	76442
29485	930	75529	745	1842	0	79046
29486	71869	4287	739	1399	0	78294
29487	69655	1826	848	1180	0	73509
29488	74113	1278	748	1030	0	77169
29489	4565	70668	759	1070	0	77062
29490	71094	3540	733	1053	0	76420
29491	74366	1567	705	1069	0	77707
29492	4515	1161	778	71541	0	77995
29493	2040	887	769	75034	0	78730
29494	1438	887	68554	4779	0	75658
29495	1113	74229	3331	2365	0	81038
29496	74265	3710	1424	1667	0	81066
29497	72708	1604	1015	1155	0	76482
29498	4032	73145	818	1196	0	79191
29499	75099	3667	673	1315	0	80754
29500	75262	1559	676	1389	0	78886
29501	4471	1335	676	71563	0	78045
29502	2223	69845	640	3755	0	76463
29503	1432	73459	567	1898	0	77356
29504	71629	3937	593	1626	0	77785
29505	3502	1898	532	70576	0	76508
29506	1573	1421	67113	3969	0	74076
29507	65501	1046	3008	2057	0	71612
29508	3415	1183	67873	1606	0	74077
29509	1501	65661	3027	1284	0	71473
29510	67003	3187	1300	1193	0	72683
29511	3364	1642	65110	1280	0	71396
29512	1604	1342	3741	65338	0	72025
29513	1322	1063	65873	3550	0	71808
29514	1066	67312	3067	1949	0	73394
29515	1105	3314	1374	68936	0	74729
29516	1108	1668	67152	3640	0	73568
29517	61020	1303	2908	1956	0	67187
29518	3141	68957	1274	1673	0	75045
29519	1569	3269	1094	65978	0	71910
29520	1321	69595	885	3682	0	75483
29521	69512	3512	807	1813	0	75644
29522	69118	1704	743	1703	0	73268
29523	3657	68792	845	1562	0	74856
29524	1818	3342	895	67359	0	73414
29525	1260	70153	809	3386	0	75608
29526	70323	3452	919	1852	0	76546
29527	3346	1856	68352	1567	0	75121
29528	1692	1512	67559	1367	0	72130
29529	1221	63818	2783	1188	0	69010
29530	993	67601	1433	1018	0	71045
29531	1531	3242	969	66617	0	72359
29532	66039	1532	770	2588	0	70929
29533	66185	1070	774	1351	0	69380
29534	65064	950	614	1117	0	67745
29535	3447	69130	665	1133	0	74375
29536	1792	2478	687	68741	0	73698
29537	1511	69564	617	2575	0	74267
29538	71034	2601	756	1466	0	75857
29539	2814	1290	657	70732	0	75493
29540	1600	980	68100	2778	0	73458
29541	1218	67029	2234	1405	0	71886
29542	66538	2271	1047	1062	0	70918
29543	2592	1215	66002	807	0	70616
29544	63310	1050	1954	989	0	67303
29545	2854	65727	892	1026	0	70499
29546	861	56250	378	392	0	57881
29547	54313	1531	236	365	0	56445
29548	1419	55634	226	376	0	57655
29549	53503	1222	143	296	0	55164
29550	1364	52372	186	297	0	54219
29551	53475	1221	375	237	0	55308
29552	52966	570	162	193	0	53891
29553	1397	481	55190	161	0	57229
29554	730	439	55132	158	0	56459
29555	578	58363	992	231	0	60164
29556	56555	891	1238	185	0	58869
29557	940	373	54225	163	0	55701
29558	51234	638	509	102	0	52483
29559	557	668	199	51865	0	53289
29560	307	218	53389	398	0	54312
29561	229	273	50544	168	0	51214
29562	245	207	53506	151	0	54109
29563	177	53513	448	116	0	54254
29564	843	1048	146	53842	0	55879
29565	54972	64	44	144	0	55224
29566	158	57	29	55204	0	55448
29567	55896	34	27	175	0	56132
29568	190	38	35	55462	0	55725
29569	59970	43	439	186	0	60638
29570	62817	53	23	78	0	62971
29571	69478	52	31	62	0	69623
29572	715	71363	84	87	0	72249
29573	339	706	72028	33	0	73106
29574	169	279	667	73045	0	74160
29575	265	632	514	59291	0	60702
29576	117	91	130	75987	0	76325
29577	113	92	84	74113	0	74402
29578	99	73452	118	1233	0	74902
29579	136	864	68785	554	0	70339
29580	71	72463	819	341	0	73694
29581	81	900	305	74379	0	75665
29582	60	390	155	77178	0	77783
29583	66	217	92	77862	0	78237
29584	73	137	94	78032	0	78336
29585	69	74289	158	1301	0	75817
29586	61	75661	143	602	0	76467
29587	161	1122	74082	350	0	75715
29588	74	464	802	74450	0	75790
29589	65	238	351	76328	0	76982
29590	98	160	160	80345	0	80763
29591	80848	197	114	1338	0	82497
29592	907	79351	164	697	0	81119
29593	384	1009	80418	374	0	82185
29594	81438	396	924	273	0	83031
29595	1005	203	358	81285	0	82851
29596	83449	144	174	1126	0	84893
29597	1149	148	95	83254	0	84646
29598	85312	136	133	1163	0	86744
29599	1156	143	115	84128	0	85542
29600	84438	91	127	1233	0	85889
29601	1264	196	87644	575	0	89679
29602	554	112	902	87554	0	89122
29603	364	88863	409	1035	0	90671
29604	297	1021	182	94267	0	95767
29605	93542	462	155	1342	0	95501
29606	1161	91276	242	678	0	93357
29607	521	1197	146	95698	0	97562
29608	275	91932	180	1463	0	93850
29609	229	1422	105	97000	0	98756
29610	193	620	90	97531	0	98434
29611	289	389	94155	1983	0	96816
29612	193	262	1288	93505	0	95248
29613	250	259	92497	1794	0	94800
29614	145	88626	1494	987	0	91252
29615	91654	1372	931	633	0	94590
29616	1439	580	90794	494	0	93307
29617	85975	335	1450	417	0	88177
29618	93713	240	634	345	0	94932
29619	1854	266	396	94904	0	97420
29620	822	272	97602	1742	0	100438
29621	93367	221	1675	861	0	96124
29622	101863	159	673	632	0	103327
29623	2318	167	393	99304	0	102182
29624	1073	166	269	101063	0	102571
29625	597	100074	310	2398	0	103379
29626	408	1617	267	103778	0	106070
29627	349	101366	270	2112	0	104097
29628	434	1921	99518	1073	0	102946
29629	316	738	1534	101596	0	104184
29630	98933	415	615	2102	0	102065
29631	99382	312	332	1103	0	101129
29632	2167	98482	282	823	0	101754
29633	1293	1724	261	101232	0	104510
29634	101093	751	250	1964	0	104058
29635	1834	94600	281	1090	0	97805
29636	98550	1731	177	791	0	101249
29637	2069	787	194	100011	0	103061
29638	107600	544	195	2282	0	110621
29639	2580	636	110757	1161	0	115134
29640	1064	113304	2464	898	0	117730
29641	117190	2678	853	671	0	121392
29642	2653	116540	647	781	0	120621
29643	122792	2901	385	715	0	126793
29644	123747	1162	309	745	0	125963
29645	3705	892	117830	671	0	123098
29646	1685	522	2609	115062	0	119878
29647	122072	557	951	2951	0	126531
29648	3215	540	116775	1306	0	121836
29649	119268	478	2768	959	0	123473
29650	3414	469	1006	121391	0	126280
29651	1571	392	119515	3265	0	124743
29652	1059	412	2817	118182	0	122470
29653	116452	367	1157	3595	0	121571
29654	3313	468	121278	1561	0	126620
29655	1488	453	2758	119721	0	124420
29656	1105	376	1181	124068	0	126730
29657	122888	337	855	4071	0	128151
29658	121255	348	574	1989	0	124166
29659	3875	122410	607	1429	0	128321
29660	2010	2768	540	125277	0	130595
29661	1456	1225	526	125807	0	129014
29662	1226	836	559	126547	0	129168
29663	122138	517	610	4399	0	127664
29664	122404	638	574	2097	0	125713
29665	4389	644	419	121038	0	126490
29666	2350	116308	517	3511	0	122686
29667	1726	2897	493	118993	0	124109
29668	1515	117734	557	3669	0	123475
29669	115759	3147	605	1882	0	121393
29670	3658	110494	737	1583	0	116472
29671	106187	2522	464	1003	0	110176
29672	3258	938	586	101194	0	105976
29673	101772	740	590	2776	0	105878
29674	3400	619	96916	1464	0	102399
29675	1610	99559	2293	1371	0	104833
29676	105337	2308	964	937	0	109546
29677	106718	1018	678	1081	0	109495
29678	3513	805	595	102035	0	106948
29679	1888	101697	633	2830	0	107048
29680	1563	2140	476	107738	0	111917
29681	1387	888	529	107328	0	110132
29682	1466	705	458	109977	0	112606
29683	108804	590	487	3976	0	113857
29684	108168	674	490	2073	0	111405
29685	3650	563	363	105740	0	110316
29686	2040	104050	466	3281	0	109837
29687	109422	2379	456	1809	0	114066
29688	3646	994	104279	1516	0	110435
29689	1822	872	2278	107376	0	112348
29690	1513	719	105409	3427	0	111068
29691	1254	742	2412	106495	0	110903
29692	1368	761	104536	3450	0	110115
29693	1268	759	2522	105018	0	109567
29694	106450	809	872	3434	0	111565
29695	107264	752	700	1792	0	110508
29696	3658	100629	560	1558	0	106405
29697	106164	2501	451	1413	0	110529
29698	3667	1140	477	101498	0	106782
29699	1972	973	561	104402	0	107908
29700	103671	796	528	3849	0	108844
29701	3708	856	95437	2061	0	102062
29702	2142	829	94040	1748	0	98759
29703	1734	1016	95464	1582	0	99796
29704	92994	823	2907	1588	0	98312
29705	3483	759	97098	1528	0	102868
29706	2033	707	93129	1547	0	97416
29707	89350	619	2705	1463	0	94137
29708	3276	90624	1337	1374	0	96611
29709	1851	2156	949	93429	0	98385
29710	1597	1033	759	95794	0	99183
29711	1479	952	94607	3242	0	100280
29712	95119	578	2272	1864	0	99833
29713	98591	663	1174	1690	0	102118
29714	97962	555	953	1670	0	101140
29715	3352	537	96435	1698	0	102022
29716	93407	427	2303	1787	0	97924
29717	3308	583	93173	1674	0	98738
29718	1989	90213	2254	1586	0	96042
29719	1834	92470	889	1399	0	96592
29720	90050	2253	711	1261	0	94275
29721	2628	87997	621	1354	0	92600
29722	1578	88703	604	1345	0	92230
29723	89668	2198	719	1334	0	93919
29724	2574	89972	818	1277	0	94641
29725	89716	2130	852	1090	0	93788
29726	2774	827	927	91037	0	95565
29727	1527	831	941	92302	0	95601
29728	1462	578	906	93005	0	95951
29729	1335	821	835	91838	0	94829
29730	1429	89597	895	2929	0	94850
29731	92217	2239	694	1505	0	96655
29732	2713	102414	658	1380	0	107165
29733	1370	105560	857	1883	0	109670
29734	2083	3390	112264	1256	0	118993
29735	108694	2135	3395	1279	0	115503
29736	4439	958	122553	1386	0	129336
29737	2499	1309	126465	787	0	131060
29738	1254	126379	4363	695	0	132691
29739	262	131500	1008	1115	0	133885
29740	129936	4260	568	267	0	135031
29741	3635	134695	813	460	0	139603
29742	1382	4365	133984	199	0	139930
29743	721	125315	5021	335	0	131392
29744	575	3899	141837	180	0	146491
29745	484	1490	142581	183	0	144738
29746	136991	843	5757	202	0	143793
29747	4451	678	141244	152	0	146525
29748	1418	440	5167	139275	0	146300
29749	134274	404	2182	4047	0	140907
29750	4139	129796	1778	1632	0	137345
29751	1741	4477	135017	755	0	141990
29752	137739	1231	4440	489	0	143899
29753	4559	828	1805	126250	0	133442
29754	1748	117580	1601	3723	0	124652
29755	1160	3517	128160	1202	0	134039
29756	129784	1322	4499	669	0	136274
29757	4615	769	131960	466	0	137810
29758	1731	428	4903	131226	0	138288
29759	1077	491	125368	4329	0	131265
29760	651	352	5045	129670	0	135718
29761	122666	274	2069	4840	0	129849
29762	4216	125451	1369	1913	0	132949
29763	130546	4028	900	1086	0	136560
29764	5069	1478	127708	724	0	134979
29765	1965	839	4580	125638	0	133022
29766	1296	633	126327	4332	0	132588
29767	128214	549	4947	1533	0	135243
29768	129229	476	1966	863	0	132534
29769	5704	128338	1463	701	0	136206
29770	133227	4382	1087	501	0	139197
29771	133432	1554	957	575	0	136518
29772	6485	981	873	129037	0	137376
29773	2909	870	124052	5091	0	132922
29774	1892	118983	5053	1874	0	127802
29775	1506	4411	1735	127438	0	135090
29776	127873	1902	1315	4772	0	135862
29777	5403	1652	126391	2020	0	135466
29778	2648	919	128415	1244	0	133226
29779	1398	892	126305	927	0	129522
29780	122942	775	6900	1141	0	131758
29781	5647	679	123269	558	0	130153
29782	121285	575	5874	529	0	128263
29783	6190	1135	104892	345	0	112562
29784	2754	117759	5341	502	0	126356
29785	2578	4452	2504	118654	0	128188
29786	1959	2028	116866	4467	0	125320
29787	1287	113607	5524	2303	0	122721
29788	1176	121133	3093	1210	0	126612
29789	898	6410	1831	120072	0	129211
29790	117456	2712	1675	5241	0	127084
29791	5191	1964	1731	118324	0	127210
29792	115734	1509	2251	5318	0	124812
29793	5682	1491	2056	116496	0	125725
29794	2852	1314	113434	5503	0	123103
29795	2603	1147	115618	2383	0	121751
29796	112965	987	7420	1711	0	123083
29797	118793	1149	3727	1320	0	124989
29798	6807	1360	114129	1143	0	123439
29799	113815	1749	6227	1156	0	122947
29800	6255	1432	111641	1322	0	120650
29801	3283	106042	7079	808	0	117212
29802	2689	110318	3474	978	0	117459
29803	2339	109448	3132	1015	0	115934
29804	2324	6973	2552	105864	0	117713
29805	106069	3514	2436	4988	0	117007
29806	109480	2547	2268	2880	0	117175
29807	7596	2223	2120	106904	0	118843
29808	3758	2099	104382	5862	0	116101
29809	2930	1723	6672	107361	0	118686
29810	2853	1445	105817	5983	0	116098
29811	2953	1327	7137	103735	0	115152
29812	102339	1057	4284	6231	0	113911
29813	105922	1052	4000	3062	0	114036
29814	106637	977	3253	2409	0	113276
29815	106296	1214	3195	1979	0	112684
29816	8311	1847	2381	99253	0	111792
29817	4464	1792	2358	104848	0	113462
29818	101667	1777	2090	6861	0	112395
29819	105603	1255	1912	3794	0	112564
29820	8667	1195	2047	100859	0	112768
29821	5075	987	1920	104320	0	112302
29822	3432	976	1983	105109	0	111500
29823	2861	1194	2393	105796	0	112244
29824	99414	1025	2079	8664	0	111182
29825	6566	976	94456	4326	0	106324
29826	3829	926	5569	95920	0	106244
29827	95490	840	3107	6669	0	106106
29828	7401	936	90596	3893	0	102826
29829	4929	785	5557	93732	0	105003
29830	4184	904	90340	6119	0	101547
29831	3101	88615	6208	3787	0	101711
29832	2764	3540	2987	77535	0	86826
29833	72462	1508	3355	5227	0	82552
29834	4836	1252	2328	59620	0	68036
29835	2748	57445	1697	5120	0	67010
29836	2307	51421	1333	2783	0	57844
29837	1519	36468	773	2061	0	40821
29838	1812	36192	756	1804	0	40564
29839	16100	5110	1819	2202	0	25231
29840	711	1329	1341	8779	0	12160
29841	314	103	6711	439	0	7567
29842	167	71	423	6576	0	7237
29843	219	68	6172	400	0	6859
29844	6202	38	308	220	0	6768
29845	437	41	103	6200	0	6781
29846	243	40	103	6379	0	6765
29847	123	45	141	6432	0	6741
29848	149	35	102	6520	0	6806
29849	6207	52	109	390	0	6758
29850	6363	56	78	197	0	6694
29851	385	35	62	6265	0	6747
29852	5911	35	59	424	0	6429
29853	370	45	5479	218	0	6112
29854	176	5636	244	208	0	6264
29855	181	253	92	5757	0	6283
29856	98	69	121	5739	0	6027
29857	107	4538	52	361	0	5058
29858	135	229	38	4685	0	5087
29859	90	59	66	4940	0	5155
29860	4657	28	62	423	0	5170
29861	285	23	4534	200	0	5042
29862	132	41	4398	135	0	4706
29863	4063	15	254	114	0	4446
29864	288	24	4004	85	0	4401
29865	2408	16	148	71	0	2643
29866	2526	21	49	63	0	2659
29867	156	15	62	2279	0	2512
29868	76	20	2203	166	0	2465
29869	1382	16	64	48	0	1510
29870	54	1402	32	45	0	1533
29871	1139	38	11	45	0	1233
29872	1241	18	12	38	0	1309
29873	4	0	1	0	0	5
29874	12	0	0	0	0	12
29875	12	0	0	0	0	12
29876	11	0	0	1	0	12
29877	12	0	0	0	0	12
29878	12	0	0	0	0	12
29879	12	0	0	0	0	12
29880	12	0	0	0	0	12
29881	12	0	0	0	0	12
29882	12	0	0	0	0	12
29883	12	0	0	0	0	12
29884	12	0	0	0	0	12
29885	12	0	0	0	0	12
29886	12	0	0	0	0	12
29887	12	0	0	0	0	12
29888	12	0	0	0	0	12
29889	12	0	0	0	0	12
29890	12	0	0	0	0	12
29891	12	0	0	0	0	12
29892	12	0	0	0	0	12
29893	12	0	0	0	0	12
29894	12	0	0	0	0	12
29895	12	0	0	0	0	12
29896	11	0	0	0	0	11
29897	11	0	0	0	0	11
29898	11	0	0	0	0	11
29899	11	0	0	0	0	11
29900	11	0	0	0	0	11
29901	11	0	0	0	0	11
29902	10	0	1	0	0	11
29903	10	0	0	0	0	10
