Pos	A	C	G	T	Other	Total
1	0	0	0	0	0	0
2	0	0	0	0	0	0
3	0	0	0	0	0	0
4	0	0	0	0	0	0
5	2	0	0	0	0	2
6	2	0	0	0	0	2
7	0	0	2	0	0	2
8	0	0	2	0	0	2
9	0	0	0	2	0	2
10	0	0	0	2	0	2
11	0	0	0	2	0	2
12	2	0	0	0	0	2
13	0	0	0	2	0	2
14	13	0	0	1	0	14
15	0	28	0	0	0	28
16	0	29	0	0	0	29
17	0	0	0	89	0	89
18	0	0	0	119	0	119
19	0	181	0	0	0	181
20	1	192	0	0	0	193
21	0	224	0	0	0	224
22	245	1	0	3	0	249
23	1	1	251	0	0	253
24	0	0	252	0	0	252
25	1	0	1	258	0	260
26	286	1	0	1	0	288
27	293	0	0	1	0	294
28	1	288	0	0	0	289
29	365	1	0	4	0	370
30	430	0	0	4	0	434
31	435	0	0	3	0	438
32	1	446	0	0	0	447
33	0	461	1	0	0	462
34	474	1	0	3	0	478
35	499	0	0	0	0	499
36	2	496	0	5	0	503
37	0	525	0	0	0	525
38	529	1	1	4	0	535
39	535	1	0	7	0	543
40	1	532	1	1	0	535
41	1	1	0	557	0	559
42	2	0	0	564	0	566
43	0	0	0	564	0	564
44	0	558	0	1	0	559
45	0	1	549	0	0	550
46	504	1	1	2	0	508
47	1	0	0	571	0	572
48	0	564	0	1	0	565
49	0	1	0	580	0	581
50	0	578	0	1	0	579
51	0	1	0	583	0	584
52	0	0	0	592	0	592
53	0	0	593	1	0	594
54	0	0	1	577	0	578
55	593	0	0	2	0	595
56	1	1	584	0	0	586
57	556	0	1	0	0	557
58	0	0	0	597	0	597
59	0	592	0	2	0	594
60	0	1	0	607	0	608
61	0	1	601	1	0	603
62	2	0	0	590	0	592
63	0	1	0	613	0	614
64	0	630	1	1	0	632
65	0	1	0	637	0	638
66	0	627	0	1	0	628
67	0	1	0	641	0	642
68	635	0	0	4	0	639
69	614	0	0	1	0	615
70	632	0	0	3	0	635
71	1	666	0	1	0	668
72	0	1	668	0	0	669
73	632	0	0	3	0	635
74	691	0	0	2	0	693
75	2	716	0	0	0	718
76	0	3	0	705	0	708
77	1	0	1	712	0	714
78	1	2	0	698	0	701
79	702	1	1	9	0	713
80	714	2	0	1	0	717
81	705	0	0	6	0	711
82	720	0	0	5	0	725
83	10	0	0	714	0	724
84	7	713	0	3	0	723
85	3	6	0	744	0	753
86	1	2	745	5	0	753
87	3	0	5	757	0	765
88	6	0	794	7	0	807
89	1	2	7	786	0	796
90	0	0	808	10	0	818
91	0	1	803	8	0	812
92	0	836	13	10	0	859
93	3	8	3	884	0	898
94	2	4	906	12	0	924
95	6	0	13	879	0	898
96	2	910	5	9	0	926
97	904	10	1	14	0	929
98	8	1003	4	2	0	1017
99	6	9	2	985	0	1002
100	6	998	5	8	0	1017
101	4	11	975	7	0	997
102	2	9	974	1	0	986
103	2	1008	14	8	0	1032
104	3	13	7	1020	0	1043
105	1	5	1025	9	0	1040
106	1	1010	16	4	0	1031
107	1011	15	8	5	0	1039
108	11	6	5	1016	0	1038
109	4	1	1063	17	0	1085
110	0	1064	11	7	0	1082
111	9	14	5	1066	0	1094
112	5	10	2	1075	0	1092
113	1041	1	5	20	0	1067
114	10	10	1045	5	0	1070
115	7	2	14	1044	0	1067
116	0	4	1049	13	0	1066
117	4	1017	12	9	0	1042
118	982	11	10	14	0	1017
119	9	971	6	6	0	992
120	4	14	9	959	0	986
121	4	954	2	10	0	970
122	935	11	3	11	0	960
123	13	963	3	2	0	981
124	7	21	933	5	0	966
125	2	956	14	8	0	980
126	925	16	8	9	0	958
127	19	10	952	4	0	985
128	9	4	21	951	0	985
129	910	7	9	18	0	944
130	16	4	8	860	0	888
131	862	6	7	16	0	891
132	871	5	2	15	0	893
133	26	5	3	866	0	900
134	10	3	2	873	0	888
135	855	6	2	21	0	884
136	855	5	0	13	0	873
137	26	5	3	846	0	880
138	844	6	5	21	0	876
139	854	6	2	12	0	874
140	28	862	4	5	0	899
141	10	15	7	860	0	892
142	877	7	4	22	0	910
143	894	4	3	14	0	915
144	24	5	3	875	0	907
145	14	4	2	897	0	917
146	883	3	2	25	0	913
147	20	880	2	12	0	914
148	11	13	5	888	0	917
149	7	9	880	20	0	916
150	12	3	12	878	0	905
151	6	882	6	18	0	912
152	8	15	883	12	0	918
153	8	10	16	878	0	912
154	10	4	9	841	0	864
155	4	8	905	25	0	942
156	835	2	21	13	0	871
157	20	918	7	8	0	953
158	912	15	3	17	0	947
159	15	7	924	12	0	958
160	16	3	915	4	0	938
161	868	11	19	9	0	907
162	19	941	9	11	0	980
163	914	17	12	8	0	951
164	18	959	6	7	0	990
165	11	18	954	6	0	989
166	926	13	16	12	0	967
167	22	4	978	6	0	1010
168	13	9	14	967	0	1003
169	977	2	10	20	0	1009
170	967	3	5	14	0	989
171	24	939	10	3	0	976
172	15	30	2	897	0	944
173	7	933	4	20	0	964
174	9	12	921	9	0	951
175	15	17	13	850	0	895
176	9	832	7	13	0	861
177	7	13	3	835	0	858
178	810	7	2	13	0	832
179	17	3	2	814	0	836
180	6	838	6	8	0	858
181	7	8	2	841	0	858
182	10	6	2	842	0	860
183	4	827	3	19	0	853
184	10	18	1	829	0	858
185	9	7	811	10	0	837
186	5	812	7	7	0	831
187	764	6	3	7	0	780
188	8	3	792	2	0	805
189	5	3	777	0	0	785
190	0	782	8	3	0	793
191	4	4	11	741	0	760
192	2	2	744	5	0	753
193	3	576	4	4	0	587
194	2	3	1	679	0	685
195	1	1	0	687	0	689
196	667	0	0	8	0	675
197	2	667	0	5	0	674
198	1	3	591	2	0	597
199	1	3	632	0	0	636
200	1	1	6	629	0	637
201	3	2	2	794	0	801
202	1	0	2	787	0	790
203	1	859	1	27	0	888
204	2	32	869	6	0	909
205	2	7	32	888	0	929
206	1	891	7	29	0	928
207	0	980	1	4	0	985
208	2	41	990	2	0	1035
209	7	7	37	944	0	995
210	0	5	1045	38	0	1088
211	7	3	43	1026	0	1079
212	2	3	13	1106	0	1124
213	1	0	1080	48	0	1129
214	1	1053	41	22	0	1117
215	1030	42	14	15	0	1101
216	43	13	1062	8	0	1126
217	11	1044	40	6	0	1101
218	7	1113	15	3	0	1138
219	5	53	1059	1	0	1118
220	1016	20	45	8	0	1089
221	48	10	16	978	0	1052
222	10	1051	9	26	0	1096
223	1046	43	6	15	0	1110
224	50	14	4	1016	0	1084
225	13	1049	5	38	0	1105
226	1077	38	4	23	0	1142
227	41	15	1057	11	0	1124
228	13	1068	43	4	0	1128
229	1044	42	14	11	0	1111
230	43	1058	9	5	0	1115
231	1038	49	7	8	0	1102
232	48	18	7	998	0	1071
233	14	1012	4	38	0	1068
234	13	41	8	1027	0	1089
235	1001	18	3	47	0	1069
236	43	11	994	16	0	1064
237	14	5	1028	12	0	1059
238	17	6	49	975	0	1047
239	6	6	18	1004	0	1034
240	6	6	11	977	0	1000
241	6	939	11	55	0	1011
242	4	52	931	25	0	1012
243	4	19	42	905	0	970
244	8	888	14	45	0	955
245	4	965	12	14	0	995
246	6	51	934	10	0	1001
247	9	22	951	7	0	989
248	6	18	966	5	0	995
249	8	11	53	931	0	1003
250	5	13	950	42	0	1010
251	8	10	52	942	0	1012
252	8	3	958	50	0	1019
253	873	3	51	25	0	952
254	38	954	17	17	0	1026
255	13	1001	14	10	0	1038
256	12	56	1013	11	0	1092
257	992	22	48	6	0	1068
258	1051	19	16	8	0	1094
259	1038	15	10	7	0	1070
260	64	10	982	8	0	1064
261	26	7	1029	9	0	1071
262	22	11	59	966	0	1058
263	1005	8	25	47	0	1085
264	1016	4	19	23	0	1062
265	56	10	962	19	0	1047
266	967	8	57	17	0	1049
267	60	9	23	949	0	1041
268	18	9	960	51	0	1038
269	16	9	985	22	0	1032
270	886	13	68	21	0	988
271	47	9	958	19	0	1033
272	942	9	67	16	0	1034
273	59	13	960	13	0	1045
274	24	914	75	7	0	1020
275	18	977	27	18	0	1040
276	17	64	27	908	0	1016
277	14	22	19	995	0	1050
278	7	18	961	61	0	1047
279	18	12	58	934	0	1022
280	10	905	27	59	0	1001
281	14	944	21	21	0	1000
282	14	971	16	19	0	1020
283	20	64	16	926	0	1026
284	10	35	935	51	0	1031
285	21	19	938	15	0	993
286	11	13	69	906	0	999
287	16	18	27	929	0	990
288	16	11	21	878	0	926
289	15	882	17	55	0	969
290	882	53	10	27	0	972
291	904	19	13	24	0	960
292	58	903	8	18	0	987
293	31	51	896	16	0	994
294	892	20	51	13	0	976
295	60	25	910	6	0	1001
296	922	12	60	11	0	1005
297	955	13	26	9	0	1003
298	951	11	24	15	0	1001
299	919	5	16	18	0	958
300	63	883	17	20	0	983
301	725	27	12	13	0	777
302	43	713	13	13	0	782
303	627	26	6	8	0	667
304	30	616	6	6	0	658
305	8	27	577	3	0	615
306	11	48	16	504	0	579
307	8	541	5	11	0	565
308	2	533	11	5	0	551
309	507	22	7	9	0	545
310	455	8	4	2	0	469
311	15	471	3	0	0	489
312	16	8	2	445	0	471
313	5	503	5	8	0	521
314	505	13	1	3	0	522
315	14	5	500	3	0	522
316	10	4	12	481	0	507
317	6	7	3	482	0	498
318	6	1	7	482	0	496
319	1	4	476	20	0	501
320	2	462	14	8	0	486
321	0	484	5	4	0	493
322	4	13	7	492	0	516
323	3	7	488	13	0	511
324	4	8	12	473	0	497
325	3	2	5	485	0	495
326	5	6	4	446	0	461
327	5	4	1	457	0	467
328	434	4	3	22	0	463
329	12	453	3	11	0	479
330	453	12	3	13	0	481
331	18	2	451	8	0	479
332	5	5	460	3	0	473
333	5	5	15	439	0	464
334	5	4	6	443	0	458
335	1	453	8	17	0	479
336	3	15	461	8	0	487
337	1	476	17	9	0	503
338	2	14	481	6	0	503
339	452	4	19	11	0	486
340	12	488	3	9	0	512
341	6	16	489	6	0	517
342	8	5	15	472	0	500
343	7	7	482	14	0	510
344	3	497	17	5	0	522
345	4	13	5	479	0	501
346	2	503	8	13	0	526
347	3	16	503	7	0	529
348	5	7	12	489	0	513
349	487	7	5	16	0	515
350	14	492	7	5	0	518
351	8	11	496	7	0	522
352	8	8	13	492	0	521
353	5	6	517	15	0	543
354	2	3	446	7	0	458
355	2	451	21	6	0	480
356	2	12	4	419	0	437
357	3	3	5	414	0	425
358	0	5	2	415	0	422
359	1	1	419	13	0	434
360	2	4	422	6	0	434
361	391	2	13	4	0	410
362	9	1	431	2	0	443
363	377	7	11	2	0	397
364	8	400	5	2	0	415
365	3	5	4	396	0	408
366	2	402	2	10	0	416
367	1	418	2	6	0	427
368	1	8	431	4	0	444
369	2	7	6	420	0	435
370	2	4	435	7	0	448
371	0	2	409	6	0	417
372	401	1	12	4	0	418
373	6	2	421	5	0	434
374	4	0	426	2	0	432
375	398	3	9	6	0	416
376	7	1	421	4	0	433
377	5	2	461	1	0	469
378	4	4	11	432	0	451
379	4	456	6	8	0	474
380	1	9	7	460	0	477
381	3	3	3	475	0	484
382	475	3	3	15	0	496
383	8	1	4	479	0	492
384	3	488	1	8	0	500
385	483	8	5	5	0	501
386	11	5	484	1	0	501
387	458	4	10	4	0	476
388	12	2	529	2	0	545
389	4	3	557	2	0	566
390	2	559	11	2	0	574
391	558	7	7	4	0	576
392	9	559	4	3	0	575
393	3	12	550	0	0	565
394	5	3	10	521	0	539
395	3	557	6	6	0	572
396	583	8	7	5	0	603
397	582	3	4	6	0	595
398	11	579	1	4	0	595
399	601	13	2	3	0	619
400	14	1	5	580	0	600
401	5	604	0	11	0	620
402	4	9	5	620	0	638
403	5	3	2	659	0	669
404	659	8	2	14	0	683
405	658	1	1	11	0	671
406	640	2	1	11	0	654
407	15	3	632	4	0	654
408	609	1	11	2	0	623
409	11	0	8	625	0	644
410	8	2	616	8	0	634
411	4	1	596	6	0	607
412	5	597	12	4	0	618
413	548	5	3	0	0	556
414	6	550	1	0	0	557
415	4	5	1	553	0	563
416	3	2	1	564	0	570
417	1	1	558	6	0	566
418	2	0	4	526	0	532
419	1	0	572	5	0	578
420	0	1	537	1	0	539
421	1	555	4	3	0	563
422	3	5	2	530	0	540
423	1	2	1	536	0	540
424	538	1	0	8	0	547
425	4	0	539	3	0	546
426	4	0	5	541	0	550
427	544	0	2	8	0	554
428	4	1	547	1	0	553
429	513	1	5	5	0	524
430	540	2	2	2	0	546
431	7	0	556	2	0	565
432	6	1	4	547	0	558
433	3	0	3	567	0	573
434	2	1	565	6	0	574
435	542	0	5	5	0	552
436	562	1	2	6	0	571
437	534	1	6	2	0	543
438	551	0	2	2	0	555
439	539	4	3	1	0	547
440	11	0	442	6	0	459
441	4	3	549	4	0	560
442	4	560	8	1	0	573
443	4	6	566	2	0	578
444	3	4	6	549	0	562
445	12	3	5	352	0	372
446	7	2	2	536	0	547
447	6	1	1	549	0	557
448	7	1	546	8	0	562
449	4	530	7	4	0	545
450	4	552	3	3	0	562
451	5	7	4	527	0	543
452	2	536	3	6	0	547
453	541	7	0	7	0	555
454	529	1	3	7	0	540
455	10	584	2	4	0	600
456	6	5	2	574	0	587
457	9	2	2	583	0	596
458	3	3	582	9	0	597
459	509	3	10	7	0	529
460	558	4	3	6	0	571
461	8	571	6	1	0	586
462	572	8	4	9	0	593
463	10	6	582	3	0	601
464	4	579	10	5	0	598
465	4	600	2	5	0	611
466	2	589	6	4	0	601
467	3	12	2	580	0	597
468	579	5	3	12	0	599
469	14	3	17	578	0	612
470	7	3	606	14	0	630
471	11	0	14	599	0	624
472	2	5	637	12	0	656
473	4	4	12	614	0	634
474	3	3	5	608	0	619
475	3	623	6	13	0	645
476	635	10	4	5	0	654
477	14	5	3	592	0	614
478	10	594	7	14	0	625
479	598	12	2	4	0	616
480	500	3	4	5	0	512
481	586	1	5	7	0	599
482	14	581	5	4	0	604
483	5	12	576	4	0	597
484	5	4	12	583	0	604
485	5	2	6	559	0	572
486	5	577	4	11	0	597
487	7	6	564	8	0	585
488	1	2	543	7	0	553
489	465	2	13	1	0	481
490	12	1	6	475	0	494
491	4	2	477	12	0	495
492	5	498	7	5	0	515
493	2	11	5	477	0	495
494	5	506	0	4	0	515
495	3	10	493	3	0	509
496	468	5	13	1	0	487
497	493	2	2	6	0	503
498	13	489	2	8	0	512
499	2	9	5	483	0	499
500	4	3	485	9	0	501
501	3	465	10	4	0	482
502	453	11	3	2	0	469
503	9	424	0	0	0	433
504	2	434	1	1	0	438
505	0	11	0	426	0	437
506	0	437	2	7	0	446
507	438	8	0	2	0	448
508	9	2	0	421	0	432
509	2	1	407	8	0	418
510	0	0	383	3	0	386
511	1	0	10	394	0	405
512	0	395	2	6	0	403
513	399	8	0	2	0	409
514	8	3	0	390	0	401
515	2	2	390	6	0	400
516	0	1	7	398	0	406
517	0	1	2	407	0	410
518	399	1	0	11	0	411
519	8	0	0	393	0	401
520	2	0	388	8	0	398
521	1	0	386	2	0	389
522	0	0	9	392	0	401
523	0	1	2	410	0	413
524	1	2	409	9	0	421
525	361	0	6	5	0	372
526	7	1	399	1	0	408
527	2	403	6	1	0	412
528	0	6	2	409	0	417
529	2	2	407	8	0	419
530	1	0	395	2	0	398
531	1	0	9	380	0	390
532	374	0	3	8	0	385
533	7	0	397	2	0	406
534	2	395	8	1	0	406
535	391	7	2	3	0	403
536	7	2	396	0	0	405
537	384	1	6	1	0	392
538	406	0	4	0	0	410
539	8	432	1	1	0	442
540	3	8	0	399	0	410
541	1	421	1	5	0	428
542	0	7	421	2	0	430
543	421	2	6	3	0	432
544	431	1	2	0	0	434
545	9	0	437	0	0	446
546	2	1	430	0	0	433
547	1	446	10	1	0	458
548	449	8	4	2	0	463
549	8	2	1	440	0	451
550	3	0	1	418	0	422
551	1	430	0	8	0	439
552	431	7	0	7	0	445
553	7	3	439	0	0	449
554	4	1	9	473	0	487
555	463	0	3	12	0	478
556	14	465	0	3	0	482
557	4	12	555	0	0	571
558	1	5	560	1	0	567
559	2	2	16	541	0	561
560	1	574	6	15	0	596
561	2	14	573	6	0	595
562	4	4	13	553	0	574
563	567	3	5	13	0	588
564	15	1	605	4	0	625
565	6	2	16	613	0	637
566	4	1	622	16	0	643
567	1	0	682	7	0	690
568	4	9	25	633	0	671
569	1	3	672	14	0	690
570	573	0	14	8	0	595
571	15	1	669	3	0	688
572	620	0	15	1	0	636
573	16	645	5	1	0	667
574	668	14	2	4	0	688
575	16	680	3	0	0	699
576	5	13	3	670	0	691
577	3	3	3	694	0	703
578	4	3	689	19	0	715
579	1	1	730	4	0	736
580	5	0	16	732	0	753
581	2	2	740	16	0	760
582	5	1	17	712	0	735
583	1	708	7	16	0	732
584	2	751	4	6	0	763
585	0	20	3	740	0	763
586	2	7	2	751	0	762
587	0	3	741	21	0	765
588	3	2	20	700	0	725
589	2	702	7	18	0	729
590	2	720	7	5	0	734
591	2	747	6	3	0	758
592	3	28	3	655	0	689
593	4	699	4	16	0	723
594	691	19	4	6	0	720
595	15	6	5	694	0	720
596	5	4	697	20	0	726
597	3	2	26	685	0	716
598	5	3	703	24	0	735
599	0	6	712	4	0	722
600	3	3	724	5	0	735
601	1	701	21	5	0	728
602	7	19	727	2	0	755
603	710	9	20	6	0	745
604	718	3	7	6	0	734
605	729	3	8	6	0	746
606	20	1	8	727	0	756
607	712	4	9	23	0	748
608	18	694	12	7	0	731
609	4	741	9	6	0	760
610	729	18	6	10	0	763
611	17	11	767	7	0	802
612	9	10	21	767	0	807
613	10	5	800	21	0	836
614	4	7	805	9	0	825
615	4	816	18	10	0	848
616	6	21	11	764	0	802
617	3	13	12	819	0	847
618	809	10	10	24	0	853
619	16	806	6	11	0	839
620	5	829	7	9	0	850
621	9	23	820	6	0	858
622	6	841	19	9	0	875
623	821	21	8	12	0	862
624	822	9	11	10	0	852
625	16	7	842	17	0	882
626	8	8	853	5	0	874
627	4	7	30	813	0	854
628	6	12	15	812	0	845
629	2	821	18	22	0	863
630	6	24	13	819	0	862
631	9	11	10	812	0	842
632	12	833	10	19	0	874
633	14	17	7	811	0	849
634	9	8	10	816	0	843
635	7	801	13	27	0	848
636	6	19	797	17	0	839
637	9	8	26	799	0	842
638	805	10	10	24	0	849
639	782	6	20	11	0	819
640	28	4	783	14	0	829
641	745	9	30	4	0	788
642	775	9	8	11	0	803
643	22	787	9	7	0	825
644	10	18	770	13	0	811
645	7	14	764	15	0	800
646	8	7	20	826	0	861
647	825	7	15	28	0	875
648	879	13	10	7	0	909
649	26	7	12	922	0	967
650	971	8	9	29	0	1017
651	999	12	11	9	0	1031
652	955	13	10	10	0	988
653	29	16	923	10	0	978
654	12	6	973	11	0	1002
655	901	3	28	14	0	946
656	16	3	950	11	0	980
657	5	853	13	6	0	877
658	16	15	5	860	0	896
659	2	4	900	12	0	918
660	3	6	886	5	0	900
661	4	2	17	869	0	892
662	1	2	891	13	0	907
663	2	3	871	3	0	879
664	1	772	10	6	0	789
665	2	839	2	4	0	847
666	831	8	25	4	0	868
667	12	4	1	810	0	827
668	817	4	4	6	0	831
669	14	1	809	0	0	824
670	7	2	8	796	0	813
671	7	2	2	844	0	855
672	822	2	6	10	0	840
673	6	856	6	4	0	872
674	1	8	785	7	0	801
675	5	2	816	3	0	826
676	4	867	6	7	0	884
677	4	8	868	3	0	883
678	6	866	9	3	0	884
679	3	787	1	3	0	794
680	1	6	807	1	0	815
681	780	1	8	3	0	792
682	8	2	0	838	0	848
683	1	845	2	5	0	853
684	2	6	1	856	0	865
685	849	0	1	11	0	861
686	860	1	1	1	0	863
687	848	0	3	1	0	852
688	6	2	841	2	0	851
689	1	0	7	824	0	832
690	2	840	3	18	0	863
691	907	8	2	5	0	922
692	7	1	1	910	0	919
693	5	0	2	888	0	895
694	3	1	1	918	0	923
695	2	3	901	7	0	913
696	795	1	7	5	0	808
697	7	895	1	4	0	907
698	4	6	1	887	0	898
699	6	0	0	906	0	912
700	873	2	2	10	0	887
701	6	1	843	2	0	852
702	1	0	879	3	0	883
703	3	887	5	1	0	896
704	1	7	911	1	0	920
705	834	1	7	2	0	844
706	7	893	2	0	0	902
707	0	7	883	2	0	892
708	793	1	6	2	0	802
709	9	2	915	1	0	927
710	0	944	10	1	0	955
711	4	6	2	941	0	953
712	4	1	3	950	0	958
713	3	2	919	8	0	932
714	4	1	889	3	0	897
715	2	908	7	6	0	923
716	886	6	4	7	0	903
717	9	926	4	3	0	942
718	8	9	0	938	0	955
719	6	2	932	7	0	947
720	828	4	10	4	0	846
721	11	1	6	928	0	946
722	3	916	9	6	0	934
723	6	952	4	1	0	963
724	2	11	3	957	0	973
725	1	4	1	967	0	973
726	958	4	4	10	0	976
727	9	2	6	966	0	983
728	1	2	957	12	0	972
729	924	0	11	7	0	942
730	950	2	6	10	0	968
731	8	2	976	2	0	988
732	937	3	10	0	0	950
733	11	4	3	1008	0	1026
734	6	2	4	1008	0	1020
735	11	2	2	1008	0	1023
736	3	2	3	977	0	985
737	1	1020	3	10	0	1034
738	1029	7	2	10	0	1048
739	1077	1	1	19	0	1098
740	12	9	1120	5	0	1146
741	1150	7	11	4	0	1172
742	1233	3	5	4	0	1245
743	1257	3	7	5	0	1272
744	1280	5	3	2	0	1290
745	21	1261	6	2	0	1290
746	8	14	3	1200	0	1225
747	9	6	1204	12	0	1231
748	5	6	1118	2	0	1131
749	997	9	21	6	0	1033
750	1049	0	6	4	0	1059
751	11	1046	6	0	0	1063
752	1038	10	0	4	0	1052
753	15	1060	1	3	0	1079
754	6	14	2	1059	0	1081
755	1083	1	1	17	0	1102
756	1073	5	1	6	0	1085
757	1069	1	0	7	0	1077
758	17	1055	1	1	0	1074
759	1063	10	0	4	0	1077
760	18	3	0	1085	0	1106
761	1098	3	0	16	0	1117
762	17	2	1066	3	0	1088
763	4	1076	9	6	0	1095
764	1096	10	2	9	0	1117
765	12	3	1108	2	0	1125
766	6	4	10	1070	0	1090
767	9	3	1094	12	0	1118
768	6	7	1043	1	0	1057
769	4	3	11	1047	0	1065
770	4	1	1073	9	0	1087
771	4	2	15	1019	0	1040
772	8	1	3	1042	0	1054
773	1033	0	4	14	0	1051
774	13	1020	4	6	0	1043
775	5	1043	3	7	0	1058
776	7	1111	2	3	0	1123
777	4	17	1123	3	0	1147
778	9	9	12	1106	0	1136
779	8	7	1136	12	0	1163
780	1056	2	19	6	0	1083
781	1121	6	4	9	0	1140
782	19	1122	8	1	0	1150
783	20	13	3	1098	0	1134
784	9	1147	4	13	0	1173
785	1155	17	3	5	0	1180
786	21	3	4	1141	0	1169
787	11	10	1147	12	0	1180
788	15	1138	9	5	0	1167
789	6	14	1186	9	0	1215
790	8	6	16	1166	0	1196
791	9	9	1138	11	0	1167
792	1058	4	19	10	0	1091
793	16	3	1157	10	0	1186
794	8	1155	17	4	0	1184
795	15	12	7	1149	0	1183
796	8	3	6	1186	0	1203
797	1160	10	6	16	0	1192
798	1163	3	5	10	0	1181
799	16	1154	5	9	0	1184
800	13	12	1152	3	0	1180
801	11	4	1141	2	0	1158
802	1123	7	15	11	0	1156
803	20	1	1144	6	0	1171
804	6	2	1104	5	0	1117
805	10	7	1095	5	0	1117
806	6	3	1113	5	0	1127
807	3	1136	24	3	0	1166
808	1138	13	14	7	0	1172
809	17	5	10	1117	0	1149
810	1117	5	7	15	0	1144
811	21	1095	8	6	0	1130
812	1120	14	7	5	0	1146
813	17	1157	7	5	0	1186
814	9	17	8	1137	0	1171
815	13	1211	6	17	0	1247
816	9	20	1186	4	0	1219
817	8	1213	17	12	0	1250
818	12	24	8	1314	0	1358
819	1327	12	8	21	0	1368
820	30	10	4	1323	0	1367
821	7	13	1287	25	0	1332
822	16	4	22	1258	0	1300
823	7	1283	9	24	0	1323
824	9	21	1279	6	0	1315
825	1282	7	23	12	0	1324
826	27	14	6	1319	0	1366
827	1295	5	14	27	0	1341
828	1305	6	11	15	0	1337
829	31	1308	7	13	0	1359
830	1251	23	15	10	0	1299
831	1352	11	7	9	0	1379
832	31	1353	9	8	0	1401
833	18	22	11	1337	0	1388
834	14	8	3	1326	0	1351
835	10	1325	10	23	0	1368
836	13	23	8	1341	0	1385
837	7	8	1317	31	0	1363
838	11	28	26	1276	0	1341
839	6	5	1259	26	0	1296
840	4	7	1116	12	0	1139
841	8	1100	20	11	0	1139
842	2	1087	12	9	0	1110
843	6	1101	11	5	0	1123
844	9	23	5	1078	0	1115
845	5	10	1092	12	0	1119
846	1054	7	13	14	0	1088
847	15	4	10	1106	0	1135
848	8	4	1126	12	0	1150
849	7	8	1104	4	0	1123
850	4	1151	15	6	0	1176
851	6	14	11	1124	0	1155
852	1108	6	19	16	0	1149
853	11	1093	9	8	0	1121
854	9	1085	6	8	0	1108
855	4	1055	7	9	0	1075
856	7	19	8	1079	0	1113
857	3	1129	6	17	0	1155
858	6	24	5	1220	0	1255
859	6	10	4	1250	0	1270
860	10	6	1175	23	0	1214
861	1033	11	20	15	0	1079
862	19	9	1188	9	0	1225
863	12	7	23	1216	0	1258
864	9	5	1223	24	0	1261
865	3	1244	27	9	0	1283
866	1253	18	13	15	0	1299
867	27	9	10	1237	0	1283
868	12	4	9	1285	0	1310
869	1269	5	8	30	0	1312
870	1271	2	11	14	0	1298
871	1292	5	4	13	0	1314
872	32	3	1267	4	0	1306
873	1214	10	22	6	0	1252
874	35	1243	5	5	0	1288
875	10	1246	4	7	0	1267
876	15	27	10	1143	0	1195
877	11	11	3	1122	0	1147
878	9	1110	7	30	0	1156
879	10	25	7	1119	0	1161
880	1103	8	11	36	0	1158
881	28	12	1098	7	0	1145
882	10	1105	24	10	0	1149
883	1057	28	10	10	0	1105
884	22	1090	6	15	0	1133
885	8	34	1087	7	0	1136
886	11	33	23	1058	0	1125
887	8	11	1073	29	0	1121
888	4	1075	28	14	0	1121
889	3	26	10	1044	0	1083
890	14	11	1029	27	0	1081
891	8	9	1036	13	0	1066
892	13	8	30	1050	0	1101
893	1020	3	21	27	0	1071
894	1024	6	11	14	0	1055
895	1028	9	12	7	0	1056
896	29	11	1024	11	0	1075
897	15	1015	28	11	0	1069
898	11	26	11	1026	0	1074
899	11	15	7	1005	0	1038
900	12	1025	7	33	0	1077
901	1039	26	4	18	0	1087
902	31	12	11	1008	0	1062
903	15	14	1001	30	0	1060
904	15	1004	28	13	0	1060
905	970	33	14	13	0	1030
906	25	1017	13	13	0	1068
907	10	31	11	1010	0	1062
908	11	14	9	1031	0	1065
909	11	12	6	1018	0	1047
910	9	12	991	42	0	1054
911	15	5	32	954	0	1006
912	9	933	14	35	0	991
913	13	934	11	20	0	978
914	15	33	888	12	0	948
915	801	15	26	15	0	857
916	873	10	13	21	0	917
917	26	860	12	18	0	916
918	747	23	9	8	0	787
919	737	11	6	17	0	771
920	23	752	10	13	0	798
921	12	25	6	768	0	811
922	18	12	811	21	0	862
923	11	17	773	16	0	817
924	801	13	31	13	0	858
925	27	800	10	9	0	846
926	18	19	6	792	0	835
927	11	18	7	814	0	850
928	14	7	7	817	0	845
929	790	7	5	35	0	837
930	24	9	10	787	0	830
931	14	9	7	771	0	801
932	15	4	726	29	0	774
933	688	12	22	15	0	737
934	25	709	13	9	0	756
935	728	24	6	11	0	769
936	26	721	8	10	0	765
937	14	29	7	733	0	783
938	739	9	7	32	0	787
939	753	8	9	17	0	787
940	30	9	720	10	0	769
941	743	7	19	13	0	782
942	27	14	741	9	0	791
943	10	9	715	9	0	743
944	11	6	702	6	0	725
945	9	8	742	6	0	765
946	11	9	28	774	0	822
947	7	4	771	32	0	814
948	9	5	33	756	0	803
949	758	10	11	30	0	809
950	29	4	11	755	0	799
951	734	6	7	34	0	781
952	25	744	9	14	0	792
953	10	22	8	756	0	796
954	17	4	734	33	0	788
955	9	809	26	9	0	853
956	15	32	2	766	0	815
957	7	6	766	22	0	801
958	5	663	17	11	0	696
959	7	676	4	8	0	695
960	5	19	685	6	0	715
961	4	22	18	635	0	679
962	5	4	654	16	0	679
963	595	1	18	5	0	619
964	613	1	6	4	0	624
965	16	587	6	2	0	611
966	581	15	4	0	0	600
967	19	1	5	583	0	608
968	4	4	567	16	0	591
969	549	2	18	4	0	573
970	18	2	567	5	0	592
971	2	569	15	5	0	591
972	571	13	16	2	0	602
973	15	1	3	574	0	593
974	3	3	577	14	0	597
975	577	1	14	2	0	594
976	569	2	1	6	0	578
977	576	2	2	7	0	587
978	15	0	4	571	0	590
979	6	3	3	584	0	596
980	5	3	573	14	0	595
981	3	569	13	5	0	590
982	2	14	3	563	0	582
983	3	1	3	591	0	598
984	4	4	572	14	0	594
985	5	2	565	8	0	580
986	5	5	14	566	0	590
987	561	2	5	19	0	587
988	14	563	7	3	0	587
989	564	14	5	9	0	592
990	18	561	7	1	0	587
991	5	15	570	3	0	593
992	4	3	567	10	0	584
993	574	4	19	4	0	601
994	617	1	3	5	0	626
995	16	618	6	5	0	645
996	7	16	609	5	0	637
997	9	2	16	606	0	633
998	7	5	1	584	0	597
999	3	605	5	20	0	633
1000	5	15	3	602	0	625
1001	3	5	605	17	0	630
1002	593	6	15	8	0	622
1003	622	2	5	4	0	633
1004	609	5	2	8	0	624
1005	644	3	6	4	0	657
1006	19	1	629	4	0	653
1007	605	1	15	6	0	627
1008	20	4	615	2	0	641
1009	10	607	14	1	0	632
1010	6	14	6	628	0	654
1011	630	4	6	16	0	656
1012	20	5	5	668	0	698
1013	6	3	675	22	0	706
1014	684	4	16	3	0	707
1015	703	8	3	7	0	721
1016	23	1	8	684	0	716
1017	11	7	4	702	0	724
1018	11	2	683	21	0	717
1019	7	692	16	10	0	725
1020	674	20	9	8	0	711
1021	21	6	635	7	0	669
1022	596	3	17	7	0	623
1023	23	611	8	5	0	647
1024	608	17	7	2	0	634
1025	24	594	1	5	0	624
1026	13	611	7	5	0	636
1027	7	18	7	599	0	631
1028	9	5	7	612	0	633
1029	10	7	3	616	0	636
1030	6	4	6	620	0	636
1031	7	5	596	22	0	630
1032	588	2	17	15	0	622
1033	609	3	9	9	0	630
1034	615	1	9	9	0	634
1035	26	3	7	595	0	631
1036	14	3	3	612	0	632
1037	597	2	6	23	0	628
1038	605	3	3	14	0	625
1039	600	3	7	9	0	619
1040	24	5	5	586	0	620
1041	12	3	4	574	0	593
1042	11	4	564	23	0	602
1043	8	4	536	11	0	559
1044	6	550	19	6	0	581
1045	483	14	29	10	0	536
1046	476	5	9	6	0	496
1047	463	4	2	11	0	480
1048	14	2	482	7	0	505
1049	480	6	12	5	0	503
1050	498	5	6	8	0	517
1051	505	3	6	6	0	520
1052	22	2	2	487	0	513
1053	17	2	5	474	0	498
1054	9	4	7	473	0	493
1055	10	3	375	17	0	405
1056	362	0	6	9	0	377
1057	16	382	3	3	0	404
1058	375	11	2	7	0	395
1059	13	372	3	6	0	394
1060	7	367	5	5	0	384
1061	9	12	5	351	0	377
1062	16	5	4	338	0	363
1063	6	352	2	9	0	369
1064	340	10	0	4	0	354
1065	341	8	1	3	0	353
1066	9	4	3	336	0	352
1067	5	0	342	14	0	361
1068	2	1	340	10	0	353
1069	5	2	345	3	0	355
1070	9	0	351	4	0	364
1071	341	0	10	3	0	354
1072	328	0	4	6	0	338
1073	13	0	2	326	0	341
1074	8	1	318	8	0	335
1075	5	1	6	312	0	324
1076	5	317	7	5	0	334
1077	8	353	1	6	0	368
1078	364	8	2	4	0	378
1079	362	3	1	7	0	373
1080	364	3	5	5	0	377
1081	7	2	4	374	0	387
1082	7	3	2	378	0	390
1083	3	7	2	386	0	398
1084	7	1	1	380	0	389
1085	9	1	379	11	0	400
1086	6	1	5	382	0	394
1087	405	1	7	6	0	419
1088	11	0	3	423	0	437
1089	11	1	1	428	0	441
1090	6	0	2	432	0	440
1091	4	396	4	15	0	419
1092	3	407	3	11	0	424
1093	3	401	2	5	0	411
1094	4	8	1	384	0	397
1095	4	7	0	389	0	400
1096	395	1	0	12	0	408
1097	389	4	1	5	0	399
1098	394	5	2	3	0	404
1099	9	4	1	399	0	413
1100	4	2	1	396	0	403
1101	1	396	1	12	0	410
1102	7	412	1	4	0	424
1103	409	8	2	2	0	421
1104	13	4	0	402	0	419
1105	387	0	2	10	0	399
1106	384	0	3	9	0	396
1107	10	0	2	380	0	392
1108	3	448	4	9	0	464
1109	450	7	3	7	0	467
1110	516	3	0	6	0	525
1111	14	1	552	3	0	570
1112	502	0	6	5	0	513
1113	6	521	3	3	0	533
1114	2	6	0	503	0	511
1115	576	1	0	11	0	588
1116	7	0	0	590	0	597
1117	3	1	0	600	0	604
1118	2	597	0	7	0	606
1119	613	7	0	6	0	626
1120	615	2	0	2	0	619
1121	10	605	1	0	0	616
1122	3	653	0	0	0	656
1123	652	6	0	6	0	664
1124	651	3	0	1	0	655
1125	8	0	644	1	0	653
1126	4	1	607	1	0	613
1127	2	1	644	0	0	647
1128	2	0	8	652	0	662
1129	1	0	3	659	0	663
1130	0	2	681	7	0	690
1131	660	1	5	5	0	671
1132	704	0	2	2	0	708
1133	712	0	1	3	0	716
1134	709	0	1	1	0	711
1135	9	1	775	0	0	785
1136	759	0	6	2	0	767
1137	767	0	2	3	0	772
1138	765	0	1	7	0	773
1139	784	0	1	1	0	786
1140	772	0	0	0	0	772
1141	8	0	775	0	0	783
1142	5	764	5	1	0	775
1143	2	4	3	740	0	749
1144	3	2	2	785	0	792
1145	1	2	785	7	0	795
1146	716	1	8	4	0	729
1147	7	0	2	783	0	792
1148	3	0	763	7	0	773
1149	3	1	721	4	0	729
1150	1	811	8	2	0	822
1151	3	6	3	839	0	851
1152	3	2	1	845	0	851
1153	3	2	0	859	0	864
1154	861	1	0	9	0	871
1155	6	1	0	861	0	868
1156	4	1	862	7	0	874
1157	2	1	802	3	0	808
1158	1	0	925	1	0	927
1159	8	1	9	929	0	947
1160	965	0	4	8	0	977
1161	6	1	983	4	0	994
1162	970	0	5	3	0	978
1163	1119	0	2	6	0	1127
1164	9	0	3	1135	0	1147
1165	6	0	1	1141	0	1148
1166	2	1125	2	7	0	1136
1167	3	5	1117	4	0	1129
1168	1087	2	4	6	0	1099
1169	6	1	2	1145	0	1154
1170	3	1137	2	9	0	1151
1171	5	5	0	1157	0	1167
1172	4	2	1144	7	0	1157
1173	2	1	6	1128	0	1137
1174	0	1151	2	7	0	1160
1175	0	7	1	1159	0	1167
1176	1161	1	1	8	0	1171
1177	8	1	0	1146	0	1155
1178	2	1121	2	6	0	1131
1179	1	1141	1	4	0	1147
1180	1063	7	2	7	0	1079
1181	5	3	1147	1	0	1156
1182	2	1	7	1117	0	1127
1183	2	1	2	1153	0	1158
1184	1	1	1153	8	0	1163
1185	2	1154	5	3	0	1164
1186	3	5	1156	2	0	1166
1187	1	1	6	1135	0	1143
1188	0	1143	5	3	0	1151
1189	1164	3	2	7	0	1176
1190	3	1166	2	3	0	1174
1191	1	1195	1	2	0	1199
1192	1187	10	0	10	0	1207
1193	1223	2	1	6	0	1232
1194	1245	1	1	8	0	1255
1195	9	0	0	1257	0	1266
1196	3	3	1268	5	0	1279
1197	1240	0	4	6	0	1250
1198	1348	1	1	7	0	1357
1199	8	0	2	1373	0	1383
1200	4	0	1369	6	0	1379
1201	1	1362	7	2	0	1372
1202	1363	6	1	9	0	1379
1203	1375	1	2	4	0	1382
1204	5	1377	1	2	0	1385
1205	2	1437	2	2	0	1443
1206	1451	9	1	4	0	1465
1207	1438	4	0	7	0	1449
1208	1375	1	1	4	0	1381
1209	8	0	0	1380	0	1388
1210	2	1	1338	6	0	1347
1211	6	0	6	1277	0	1289
1212	1	2	1289	7	0	1299
1213	1	1254	9	1	0	1265
1214	2	1306	3	2	0	1313
1215	5	4	0	1232	0	1241
1216	9	0	1	1256	0	1266
1217	5	1	1	1216	0	1223
1218	0	1246	3	5	0	1254
1219	1218	4	2	1	0	1225
1220	1213	2	0	3	0	1218
1221	8	1235	0	1	0	1244
1222	2	6	1	1196	0	1205
1223	1	1201	1	3	0	1206
1224	5	5	0	1195	0	1205
1225	4	1211	1	5	0	1221
1226	1206	4	1	6	0	1217
1227	6	2	1	1211	0	1220
1228	3	1	1216	7	0	1227
1229	1156	1	6	8	0	1171
1230	1170	2	0	4	0	1176
1231	6	4	1167	2	0	1179
1232	6	1	6	1155	0	1168
1233	2	2	1173	7	0	1184
1234	5	1	6	1175	0	1187
1235	2	3	1129	7	0	1141
1236	1083	2	6	5	0	1096
1237	8	4	0	1141	0	1153
1238	3	1139	1	5	0	1148
1239	1158	6	0	8	0	1172
1240	8	7	0	1183	0	1198
1241	5	0	0	1202	0	1207
1242	2	3	1205	8	0	1218
1243	3	1	5	1277	0	1286
1244	1	4	1333	9	0	1347
1245	4	4	1347	4	0	1359
1246	7	2	11	1401	0	1421
1247	1	5	1456	9	0	1471
1248	1468	1	14	13	0	1496
1249	1708	4	1	9	0	1722
1250	1787	2	8	11	0	1808
1251	34	1855	0	5	0	1894
1252	25	30	3	1841	0	1899
1253	20	11	2	1768	0	1801
1254	5	1873	5	34	0	1917
1255	1872	33	3	19	0	1927
1256	35	10	1	1870	0	1916
1257	12	9	1895	36	0	1952
1258	9	4	1781	14	0	1808
1259	3	1801	40	14	0	1858
1260	1819	35	15	10	0	1879
1261	42	12	1783	3	0	1840
1262	1702	3	37	11	0	1753
1263	40	1643	16	7	0	1706
1264	12	40	1677	5	0	1734
1265	11	12	1563	9	0	1595
1266	10	7	1663	6	0	1686
1267	10	1625	45	7	0	1687
1268	8	34	1637	8	0	1687
1269	1598	16	41	9	0	1664
1270	40	9	18	1546	0	1613
1271	17	7	11	1685	0	1720
1272	19	4	7	1680	0	1710
1273	19	6	7	1698	0	1730
1274	13	3	1643	58	0	1717
1275	18	4	36	1646	0	1704
1276	20	3	18	1688	0	1729
1277	1651	4	10	54	0	1719
1278	1702	11	7	23	0	1743
1279	1567	7	10	21	0	1605
1280	43	11	1621	16	0	1691
1281	24	1653	38	11	0	1726
1282	15	1736	15	11	0	1777
1283	1636	49	9	16	0	1710
1284	45	1692	8	9	0	1754
1285	18	45	14	1651	0	1728
1286	20	19	10	1695	0	1744
1287	11	13	1668	56	0	1748
1288	10	1643	40	22	0	1715
1289	12	32	1614	17	0	1675
1290	1601	16	47	13	0	1677
1291	1651	10	25	11	0	1697
1292	56	5	24	1634	0	1719
1293	25	8	16	1619	0	1668
1294	18	9	13	1628	0	1668
1295	19	6	15	1623	0	1663
1296	17	9	1610	56	0	1692
1297	14	25	43	1564	0	1646
1298	7	7	1579	52	0	1645
1299	7	2	1560	31	0	1600
1300	4	1537	54	34	0	1629
1301	1543	39	24	24	0	1630
1302	42	1595	19	12	0	1668
1303	29	43	8	1547	0	1627
1304	13	19	1608	56	0	1696
1305	1552	8	50	27	0	1637
1306	50	7	1587	12	0	1656
1307	1605	5	49	18	0	1677
1308	1622	9	32	13	0	1676
1309	70	7	14	1646	0	1737
1310	41	10	12	1649	0	1712
1311	26	10	16	1673	0	1725
1312	16	13	1625	73	0	1727
1313	1575	6	49	41	0	1671
1314	57	1598	23	21	0	1699
1315	36	55	16	1560	0	1667
1316	1585	24	14	63	0	1686
1317	1624	15	12	38	0	1689
1318	1652	7	15	20	0	1694
1319	83	14	1542	20	0	1659
1320	1615	14	51	24	0	1704
1321	1626	13	27	35	0	1701
1322	71	13	1394	33	0	1511
1323	39	14	1625	22	0	1700
1324	29	15	74	1591	0	1709
1325	27	8	1636	62	0	1733
1326	12	1538	73	33	0	1656
1327	12	1640	48	15	0	1715
1328	1569	67	24	14	0	1674
1329	62	1632	23	10	0	1727
1330	41	56	24	1616	0	1737
1331	1550	34	24	64	0	1672
1332	63	1644	23	30	0	1760
1333	36	62	26	1619	0	1743
1334	26	25	27	1658	0	1736
1335	21	13	1623	80	0	1737
1336	17	17	57	1620	0	1711
1337	16	9	1615	77	0	1717
1338	23	9	1605	49	0	1686
1339	23	12	71	1559	0	1665
1340	21	3	32	1618	0	1674
1341	1541	11	14	96	0	1662
1342	63	1643	17	47	0	1770
1343	42	52	16	1559	0	1669
1344	32	29	10	1565	0	1636
1345	1471	12	6	86	0	1575
1346	69	1417	8	43	0	1537
1347	36	1360	12	19	0	1427
1348	21	1254	10	18	0	1303
1349	11	1093	10	9	0	1123
1350	858	35	22	8	0	923
1351	860	12	2	10	0	884
1352	840	5	2	10	0	857
1353	840	6	3	5	0	854
1354	37	4	2	806	0	849
1355	16	1	794	27	0	838
1356	6	785	26	11	0	828
1357	14	24	11	754	0	803
1358	7	14	757	24	0	802
1359	4	10	26	756	0	796
1360	5	6	9	778	0	798
1361	4	6	773	33	0	816
1362	11	3	25	755	0	794
1363	7	7	16	701	0	731
1364	749	1	4	37	0	791
1365	763	2	6	13	0	784
1366	756	3	3	13	0	775
1367	763	2	4	13	0	782
1368	38	3	4	737	0	782
1369	14	4	7	755	0	780
1370	9	1	2	768	0	780
1371	732	5	6	38	0	781
1372	29	0	3	750	0	782
1373	21	2	2	743	0	768
1374	10	2	722	34	0	768
1375	8	1	19	713	0	741
1376	7	687	8	25	0	727
1377	11	724	3	14	0	752
1378	692	25	4	6	0	727
1379	25	10	680	7	0	722
1380	12	655	20	12	0	699
1381	648	17	10	7	0	682
1382	22	9	5	654	0	690
1383	10	8	648	21	0	687
1384	6	14	20	619	0	659
1385	9	669	8	17	0	703
1386	631	22	4	13	0	670
1387	20	653	3	9	0	685
1388	655	23	3	2	0	683
1389	659	14	0	10	0	683
1390	29	5	3	655	0	692
1391	16	5	4	646	0	671
1392	6	654	5	23	0	688
1393	652	16	2	14	0	684
1394	21	9	652	5	0	687
1395	627	5	21	7	0	660
1396	606	3	8	11	0	628
1397	25	4	590	8	0	627
1398	14	2	17	545	0	578
1399	544	7	10	24	0	585
1400	23	1	545	12	0	581
1401	10	3	520	7	0	540
1402	471	1	18	7	0	497
1403	14	463	7	7	0	491
1404	7	446	11	2	0	466
1405	15	24	4	418	0	461
1406	4	7	420	11	0	442
1407	405	4	13	6	0	428
1408	14	5	422	2	0	443
1409	7	379	10	4	0	400
1410	370	9	4	7	0	390
1411	11	5	4	375	0	395
1412	372	2	3	14	0	391
1413	12	2	371	6	0	391
1414	8	6	10	360	0	384
1415	7	372	5	9	0	393
1416	4	12	3	366	0	385
1417	7	6	3	369	0	385
1418	5	3	363	15	0	386
1419	4	351	8	11	0	374
1420	5	348	5	5	0	363
1421	7	7	344	6	0	364
1422	329	5	6	5	0	345
1423	341	3	6	3	0	353
1424	13	10	3	327	0	353
1425	315	4	1	10	0	330
1426	12	306	3	5	0	326
1427	6	329	1	7	0	343
1428	328	6	1	8	0	343
1429	9	6	3	342	0	360
1430	342	4	3	10	0	359
1431	368	2	0	7	0	377
1432	8	5	2	339	0	354
1433	8	2	348	7	0	365
1434	345	1	6	4	0	356
1435	355	0	4	3	0	362
1436	11	3	3	344	0	361
1437	6	341	5	8	0	360
1438	5	14	3	338	0	360
1439	7	2	344	9	0	362
1440	4	2	329	5	0	340
1441	2	334	7	8	0	351
1442	13	6	1	213	0	233
1443	1	2	0	218	0	221
1444	0	1	217	3	0	221
1445	206	0	4	2	0	212
1446	221	1	2	0	0	224
1447	218	1	1	2	0	222
1448	220	1	1	2	0	224
1449	3	219	1	1	0	224
1450	3	224	0	1	0	228
1451	222	2	1	1	0	226
1452	4	0	1	226	0	231
1453	3	1	0	226	0	230
1454	1	231	0	2	0	234
1455	1	4	0	234	0	239
1456	2	0	1	230	0	233
1457	1	229	1	4	0	235
1458	0	4	230	0	0	234
1459	0	2	2	236	0	240
1460	234	2	1	4	0	241
1461	229	0	1	1	0	231
1462	4	1	223	1	0	229
1463	3	0	224	1	0	228
1464	2	1	227	2	0	232
1465	3	2	4	227	0	236
1466	2	2	230	4	0	238
1467	2	1	224	1	0	228
1468	2	0	5	216	0	223
1469	2	213	2	4	0	221
1470	3	3	232	2	0	240
1471	2	231	5	1	0	239
1472	220	3	2	1	0	226
1473	5	224	1	2	0	232
1474	1	4	1	222	0	228
1475	229	1	1	5	0	236
1476	3	2	1	228	0	234
1477	3	1	1	226	0	231
1478	1	1	230	4	0	236
1479	0	217	3	1	0	221
1480	2	232	2	1	0	237
1481	0	3	1	222	0	226
1482	0	0	2	218	0	220
1483	1	1	3	218	0	223
1484	2	2	215	5	0	224
1485	2	1	198	0	0	201
1486	188	0	4	1	0	193
1487	3	2	204	2	0	211
1488	1	1	192	1	0	195
1489	0	190	5	3	0	198
1490	2	4	2	192	0	200
1491	3	0	191	3	0	197
1492	1	1	3	176	0	181
1493	0	0	182	4	0	186
1494	2	0	3	182	0	187
1495	1	0	184	4	0	189
1496	0	0	3	181	0	184
1497	0	1	1	172	0	174
1498	0	181	0	5	0	186
1499	0	4	1	178	0	183
1500	0	177	0	4	0	181
1501	1	5	0	182	0	188
1502	2	0	0	185	0	187
1503	181	0	1	4	0	186
1504	3	0	2	182	0	187
1505	2	1	175	3	0	181
1506	1	0	4	176	0	181
1507	1	0	1	179	0	181
1508	1	2	175	3	0	181
1509	0	1	174	1	0	176
1510	0	1	4	173	0	178
1511	2	0	0	176	0	178
1512	0	0	175	4	0	179
1513	0	168	3	1	0	172
1514	1	175	1	0	0	177
1515	171	3	0	3	0	177
1516	4	0	0	179	0	183
1517	182	3	0	3	0	188
1518	183	1	1	4	0	189
1519	4	184	0	1	0	189
1520	192	3	0	5	0	200
1521	195	0	0	2	0	197
1522	4	1	202	0	0	207
1523	0	0	4	192	0	196
1524	0	0	199	4	0	203
1525	1	1	3	198	0	203
1526	0	0	189	4	0	193
1527	0	175	4	1	0	180
1528	1	172	1	0	0	174
1529	1	2	0	158	0	161
1530	156	0	1	4	0	161
1531	2	0	3	140	0	145
1532	0	1	2	142	0	145
1533	1	1	138	3	0	143
1534	1	0	132	0	0	133
1535	0	0	138	1	0	139
1536	1	1	3	137	0	142
1537	2	1	0	132	0	135
1538	0	129	3	2	0	134
1539	1	140	1	1	0	143
1540	136	3	1	0	0	140
1541	2	139	1	2	0	144
1542	0	2	140	2	0	144
1543	1	0	4	139	0	144
1544	2	1	152	4	0	159
1545	0	153	5	2	0	160
1546	1	3	1	145	0	150
1547	140	2	1	5	0	148
1548	2	0	143	4	0	149
1549	1	143	3	1	0	148
1550	1	2	142	4	0	149
1551	0	141	4	2	0	147
1552	0	2	3	139	0	144
1553	139	0	3	5	0	147
1554	134	0	2	3	0	139
1555	2	132	3	2	0	139
1556	135	3	2	2	0	142
1557	2	1	0	140	0	143
1558	135	3	1	4	0	143
1559	3	0	138	3	0	144
1560	0	2	137	1	0	140
1561	3	1	3	131	0	138
1562	1	0	1	141	0	143
1563	1	0	132	3	0	136
1564	1	0	1	128	0	130
1565	133	2	1	2	0	138
1566	126	1	1	3	0	131
1567	2	131	1	2	0	136
1568	2	132	0	2	0	136
1569	132	1	2	2	0	137
1570	3	1	1	116	0	121
1571	117	1	1	3	0	122
1572	2	117	1	1	0	121
1573	113	2	2	3	0	120
1574	1	2	110	3	0	116
1575	2	0	109	0	0	111
1576	1	0	2	114	0	117
1577	2	0	112	1	0	115
1578	1	0	1	113	0	115
1579	1	1	1	105	0	108
1580	1	1	114	2	0	118
1581	2	1	2	116	0	121
1582	1	0	3	117	0	121
1583	0	0	128	6	0	134
1584	1	1	124	0	0	126
1585	118	0	0	1	0	119
1586	0	0	121	0	0	121
1587	141	0	0	1	0	142
1588	191	0	0	0	0	191
1589	5	0	201	0	0	206
1590	4	0	218	0	0	222
1591	4	0	8	208	0	220
1592	3	0	7	199	0	209
1593	0	207	4	4	0	215
1594	1	218	1	5	0	225
1595	0	8	209	4	0	221
1596	204	5	5	1	0	215
1597	209	5	3	2	0	219
1598	8	0	204	0	0	212
1599	5	0	203	0	0	208
1600	6	0	8	185	0	199
1601	1	193	7	3	0	204
1602	0	5	4	201	0	210
1603	0	3	1	205	0	209
1604	200	3	0	10	0	213
1605	204	0	0	7	0	211
1606	9	0	0	202	0	211
1607	7	0	209	6	0	222
1608	205	0	5	4	0	214
1609	6	221	3	4	0	234
1610	226	5	3	2	0	236
1611	223	3	1	0	0	227
1612	9	230	1	0	0	240
1613	6	234	2	1	0	243
1614	3	8	0	228	0	239
1615	2	6	0	238	0	246
1616	0	244	0	7	0	251
1617	0	6	0	239	0	245
1618	2	3	0	241	0	246
1619	0	3	239	9	0	251
1620	225	1	5	9	0	240
1621	238	0	3	4	0	245
1622	229	0	4	2	0	235
1623	12	0	0	225	0	237
1624	227	0	0	6	0	233
1625	9	221	1	3	0	234
1626	4	7	1	208	0	220
1627	4	222	0	6	0	232
1628	1	259	0	2	0	262
1629	249	9	0	6	0	264
1630	262	6	0	4	0	272
1631	270	4	0	1	0	275
1632	269	1	0	3	0	273
1633	267	0	0	0	0	267
1634	13	0	246	0	0	259
1635	246	0	6	0	0	252
1636	10	0	256	1	0	267
1637	242	1	9	3	0	255
1638	253	0	3	1	0	257
1639	252	0	4	1	0	257
1640	11	0	259	0	0	270
1641	10	0	4	251	0	265
1642	5	267	3	6	0	281
1643	272	5	4	3	0	284
1644	269	3	1	4	0	277
1645	7	276	0	2	0	285
1646	289	6	0	0	0	295
1647	9	3	0	277	0	289
1648	3	287	0	5	0	295
1649	295	7	0	3	0	305
1650	298	3	0	6	0	307
1651	11	3	1	294	0	309
1652	309	2	3	5	0	319
1653	11	0	2	306	0	319
1654	3	0	2	312	0	317
1655	4	1	301	12	0	318
1656	3	3	5	313	0	324
1657	1	3	4	316	0	324
1658	2	3	325	9	0	339
1659	3	2	323	7	0	335
1660	4	0	10	333	0	347
1661	3	1	342	6	0	352
1662	308	0	12	5	0	325
1663	5	368	7	4	0	384
1664	4	8	4	366	0	382
1665	6	4	1	376	0	387
1666	3	6	0	370	0	379
1667	374	1	0	13	0	388
1668	377	0	0	8	0	385
1669	378	0	1	7	0	386
1670	16	373	4	2	0	395
1671	9	6	1	378	0	394
1672	6	4	2	383	0	395
1673	383	4	0	9	0	396
1674	380	1	0	7	0	388
1675	11	2	0	381	0	394
1676	9	2	394	7	0	412
1677	381	2	5	10	0	398
1678	392	4	3	7	0	406
1679	9	2	397	4	0	412
1680	376	1	5	6	0	388
1681	10	3	403	3	0	419
1682	418	0	10	5	0	433
1683	13	14	5	401	0	433
1684	8	434	5	5	0	452
1685	10	5	464	4	0	483
1686	6	472	4	5	0	487
1687	4	447	4	4	0	459
1688	452	1	5	5	0	463
1689	1	0	0	453	0	454
1690	1	0	0	439	0	440
1691	452	0	0	1	0	453
1692	2	0	0	476	0	478
1693	1	0	1	467	0	469
1694	1	0	0	479	0	480
1695	0	1	0	474	0	475
1696	1	0	501	0	0	502
1697	2	0	479	0	0	481
1698	0	498	0	0	0	498
1699	507	0	0	0	0	507
1700	0	0	0	515	0	515
1701	0	508	1	0	0	509
1702	1	0	0	542	0	543
1703	1	0	1	536	0	538
1704	1	0	0	543	0	544
1705	4	0	0	540	0	544
1706	0	0	0	546	0	546
1707	0	532	0	1	0	533
1708	0	0	1	531	0	532
1709	0	1	522	0	0	523
1710	0	519	0	0	0	519
1711	0	0	1	526	0	527
1712	0	0	1	521	0	522
1713	0	518	0	1	0	519
1714	0	520	1	0	0	521
1715	513	0	0	0	0	513
1716	0	502	0	0	0	502
1717	501	0	0	1	0	502
1718	491	0	0	2	0	493
1719	1	0	559	1	0	561
1720	1	0	0	518	0	519
1721	1	0	569	0	0	570
1722	2	568	0	0	0	570
1723	1	2	1	486	0	490
1724	1	0	0	561	0	562
1725	0	0	0	575	0	575
1726	1	0	0	586	0	587
1727	1	0	594	1	0	596
1728	2	0	1	578	0	581
1729	0	1	594	2	0	597
1730	2	0	575	0	0	577
1731	563	0	1	0	0	564
1732	612	0	2	1	0	615
1733	615	0	0	0	0	615
1734	1	614	1	0	0	616
1735	1	1	0	618	0	620
1736	0	1	637	1	0	639
1737	3	1	1	616	0	621
1738	1	1	660	1	0	663
1739	640	0	1	4	0	645
1740	640	0	0	1	0	641
1741	639	0	0	3	0	642
1742	1	1	635	0	0	637
1743	2	0	608	0	0	610
1744	0	0	1	641	0	642
1745	3	0	0	596	0	599
1746	0	0	0	649	0	649
1747	0	0	641	2	0	643
1748	0	1	604	0	0	605
1749	600	0	1	1	0	602
1750	1	0	0	637	0	638
1751	1	0	0	651	0	652
1752	652	0	0	4	0	656
1753	2	0	0	654	0	656
1754	716	0	0	9	0	725
1755	723	0	0	4	0	727
1756	716	0	0	3	0	719
1757	1	1	721	0	0	723
1758	0	706	1	0	0	707
1759	709	1	0	4	0	714
1760	1	0	0	733	0	734
1761	1	0	0	718	0	719
1762	0	721	0	0	0	721
1763	747	1	0	1	0	749
1764	723	0	0	4	0	727
1765	734	0	0	2	0	736
1766	2	747	0	0	0	749
1767	815	1	0	5	0	821
1768	826	0	0	3	0	829
1769	846	0	0	1	0	847
1770	3	0	0	829	0	832
1771	0	0	0	841	0	841
1772	0	0	870	1	0	871
1773	3	0	1	844	0	848
1774	3	0	0	838	0	841
1775	0	0	860	1	0	861
1776	801	0	1	2	0	804
1777	852	0	0	1	0	853
1778	2	0	0	849	0	851
1779	0	850	0	1	0	851
1780	1	846	0	0	0	847
1781	1	1	0	863	0	865
1782	0	1	834	2	0	837
1783	3	8	1	808	0	820
1784	1	0	841	2	0	844
1785	2	1	842	1	0	846
1786	3	0	2	871	0	876
1787	860	1	0	5	0	866
1788	850	0	0	6	0	856
1789	2	1	0	911	0	914
1790	1	0	1	933	0	935
1791	2	1	0	947	0	950
1792	2	0	0	928	0	930
1793	940	1	0	4	0	945
1794	918	0	0	2	0	920
1795	913	1	0	2	0	916
1796	2	0	927	0	0	929
1797	2	1	1	922	0	926
1798	2	0	0	926	0	928
1799	932	1	0	2	0	935
1800	3	943	0	0	0	946
1801	934	1	0	3	0	938
1802	920	0	0	3	0	923
1803	928	0	0	2	0	930
1804	933	0	0	3	0	936
1805	1	0	1028	1	0	1030
1806	4	0	950	1	0	955
1807	1045	0	1	9	0	1055
1808	1075	0	1	4	0	1080
1809	1089	0	1	2	0	1092
1810	1103	1	0	5	0	1109
1811	4	1	1173	1	0	1179
1812	3	1172	11	2	0	1188
1813	6	12	5	1257	0	1280
1814	1425	2	1	21	0	1449
1815	1443	1	2	7	0	1453
1816	1516	0	0	3	0	1519
1817	1532	0	2	6	0	1540
1818	1538	0	1	4	0	1543
1819	1476	0	0	4	0	1480
1820	29	1	1324	7	0	1361
1821	11	1	1411	0	0	1423
1822	16	0	17	1402	0	1435
1823	3	1	1458	16	0	1478
1824	2	1395	19	17	0	1433
1825	4	1395	8	9	0	1416
1826	12	17	2	1482	0	1513
1827	4	16	1559	12	0	1591
1828	9	3	1456	11	0	1479
1829	1476	3	22	8	0	1509
1830	1646	1	23	6	0	1676
1831	39	2	4	1625	0	1670
1832	1658	0	8	22	0	1688
1833	26	3	8	1642	0	1679
1834	25	0	1	1663	0	1689
1835	15	0	1705	30	0	1750
1836	13	3	1613	12	0	1641
1837	18	1	30	1678	0	1727
1838	10	0	1688	20	0	1718
1839	1572	6	25	25	0	1628
1840	1699	1	12	15	0	1727
1841	39	1704	21	6	0	1770
1842	1714	21	18	5	0	1758
1843	48	10	1687	10	0	1755
1844	1670	2	31	8	0	1711
1845	1765	3	11	7	0	1786
1846	1788	0	4	6	0	1798
1847	45	6	22	1698	0	1771
1848	26	1731	13	24	0	1794
1849	1782	21	8	25	0	1836
1850	1814	8	9	14	0	1845
1851	62	10	4	1771	0	1847
1852	1786	11	5	35	0	1837
1853	41	1802	5	26	0	1874
1854	33	28	15	1749	0	1825
1855	24	11	1732	32	0	1799
1856	1499	5	40	21	0	1565
1857	40	3	1734	15	0	1792
1858	30	3	28	1738	0	1799
1859	17	1730	31	26	0	1804
1860	16	1870	7	25	0	1918
1861	23	53	11	1881	0	1968
1862	20	1719	12	49	0	1800
1863	27	45	31	2508	0	2611
1864	21	20	15	2672	0	2728
1865	33	20	13	2717	0	2783
1866	2625	14	4	91	0	2734
1867	90	10	6	2611	0	2717
1868	48	14	2522	88	0	2672
1869	26	2529	63	64	0	2682
1870	2536	62	32	47	0	2677
1871	96	27	19	2552	0	2694
1872	57	13	24	2583	0	2677
1873	39	10	14	2651	0	2714
1874	27	20	2542	100	0	2689
1875	36	2555	61	48	0	2700
1876	2581	70	32	37	0	2720
1877	92	43	12	2493	0	2640
1878	44	2596	19	91	0	2750
1879	2564	80	25	42	0	2711
1880	92	50	2533	22	0	2697
1881	2529	22	71	34	0	2656
1882	92	18	2554	35	0	2699
1883	50	27	2531	23	0	2631
1884	30	2517	88	23	0	2658
1885	46	66	43	2383	0	2538
1886	34	28	2454	82	0	2598
1887	30	2290	89	45	0	2454
1888	22	77	48	2311	0	2458
1889	16	2384	24	84	0	2508
1890	15	80	2316	57	0	2468
1891	25	38	90	2289	0	2442
1892	13	29	2363	95	0	2500
1893	31	22	81	2317	0	2451
1894	23	21	42	2413	0	2499
1895	14	21	2380	107	0	2522
1896	22	21	80	2335	0	2458
1897	2292	10	47	103	0	2452
1898	73	2297	26	72	0	2468
1899	43	74	2321	46	0	2484
1900	2259	36	85	40	0	2420
1901	98	18	50	2233	0	2399
1902	52	2337	22	85	0	2496
1903	2361	89	31	50	0	2531
1904	2429	44	26	34	0	2533
1905	126	23	26	2240	0	2415
1906	56	31	10	2318	0	2415
1907	41	26	22	2323	0	2412
1908	39	31	13	2278	0	2361
1909	39	2191	23	129	0	2382
1910	34	109	14	2131	0	2288
1911	22	2024	21	114	0	2181
1912	15	2018	15	88	0	2136
1913	15	1988	26	56	0	2085
1914	19	94	1811	53	0	1977
1915	20	1906	67	58	0	2051
1916	1773	85	32	50	0	1940
1917	64	1814	27	52	0	1957
1918	41	86	24	1675	0	1826
1919	28	1823	36	90	0	1977
1920	39	85	30	1804	0	1958
1921	48	52	24	1851	0	1975
1922	32	45	1785	110	0	1972
1923	1694	48	69	71	0	1882
1924	1792	37	38	63	0	1930
1925	1743	23	33	83	0	1882
1926	84	1711	27	82	0	1904
1927	51	75	36	1682	0	1844
1928	42	43	1632	103	0	1820
1929	50	1608	77	61	0	1796
1930	54	78	35	1379	0	1546
1931	30	1557	29	82	0	1698
1932	1534	90	29	60	0	1713
1933	1552	42	47	42	0	1683
1934	1588	36	39	33	0	1696
1935	1552	32	35	55	0	1674
1936	87	45	44	1484	0	1660
1937	63	29	42	1460	0	1594
1938	42	1480	30	85	0	1637
1939	39	73	28	1529	0	1669
1940	35	44	1471	93	0	1643
1941	23	34	70	1503	0	1630
1942	26	30	1454	102	0	1612
1943	17	1427	80	60	0	1584
1944	25	68	1453	61	0	1607
1945	20	40	86	1444	0	1590
1946	22	36	1437	99	0	1594
1947	25	26	91	1437	0	1579
1948	25	39	48	1452	0	1564
1949	32	24	51	1438	0	1545
1950	29	36	34	1448	0	1547
1951	1387	22	44	100	0	1553
1952	65	1394	19	74	0	1552
1953	1342	64	32	64	0	1502
1954	78	42	1269	57	0	1446
1955	1299	30	54	62	0	1445
1956	1340	37	27	40	0	1444
1957	98	39	1268	44	0	1449
1958	70	19	1235	38	0	1362
1959	32	1194	74	56	0	1356
1960	40	1094	27	47	0	1208
1961	39	54	1003	50	0	1146
1962	26	855	47	55	0	983
1963	22	21	48	306	0	397
1964	275	1	13	12	0	301
1965	10	0	1	280	0	291
1966	284	4	0	9	0	297
1967	290	0	3	6	0	299
1968	6	311	2	2	0	321
1969	309	4	0	2	0	315
1970	310	3	0	1	0	314
1971	7	0	1	304	0	312
1972	303	0	0	5	0	308
1973	4	323	0	4	0	331
1974	0	11	1	327	0	339
1975	316	2	0	6	0	324
1976	4	1	323	3	0	331
1977	335	2	5	1	0	343
1978	4	0	0	353	0	357
1979	0	1	363	3	0	367
1980	0	1	336	0	0	337
1981	324	0	3	2	0	329
1982	350	0	0	2	0	352
1983	2	0	1	344	0	347
1984	0	0	0	357	0	357
1985	1	0	0	354	0	355
1986	0	354	0	3	0	357
1987	358	2	0	2	0	362
1988	3	354	0	0	0	357
1989	350	3	0	4	0	357
1990	5	0	353	0	0	358
1991	0	0	2	353	0	355
1992	365	0	8	3	0	376
1993	4	0	0	371	0	375
1994	2	0	2	368	0	372
1995	0	354	1	2	0	357
1996	354	2	0	2	0	358
1997	3	378	0	0	0	381
1998	0	3	1	380	0	384
1999	0	1	371	4	0	376
2000	317	1	3	4	0	325
2001	4	1	366	1	0	372
2002	326	0	3	3	0	332
2003	4	346	1	0	0	351
2004	3	6	0	328	0	337
2005	0	332	1	4	0	337
2006	334	5	0	1	0	340
2007	6	0	1	338	0	345
2008	1	1	0	344	0	346
2009	3	0	336	5	0	344
2010	317	2	4	2	0	325
2011	7	0	0	341	0	348
2012	2	1	338	5	0	346
2013	1	333	7	2	0	343
2014	6	5	1	334	0	346
2015	341	2	2	8	0	353
2016	5	1	3	347	0	356
2017	2	0	353	7	0	362
2018	378	0	6	3	0	387
2019	11	1	0	406	0	418
2020	0	1	461	13	0	475
2021	5	0	10	459	0	474
2022	1	2	0	466	0	469
2023	1	456	3	11	0	471
2024	465	7	1	2	0	475
2025	7	464	1	6	0	478
2026	466	8	3	5	0	482
2027	12	0	3	451	0	466
2028	0	468	1	13	0	482
2029	6	9	3	462	0	480
2030	4	2	455	12	0	473
2031	447	2	8	8	0	465
2032	10	4	3	457	0	474
2033	5	2	1	466	0	474
2034	2	5	0	471	0	478
2035	3	2	454	13	0	472
2036	3	1	441	4	0	449
2037	5	458	8	3	0	474
2038	4	9	1	437	0	451
2039	428	1	2	14	0	445
2040	9	446	4	2	0	461
2041	2	6	2	453	0	463
2042	460	2	2	19	0	483
2043	472	4	0	6	0	482
2044	13	464	2	5	0	484
2045	492	14	1	9	0	516
2046	576	2	2	6	0	586
2047	19	1	3	610	0	633
2048	4	610	1	21	0	636
2049	3	18	2	623	0	646
2050	624	3	3	21	0	651
2051	22	3	632	3	0	660
2052	6	4	16	625	0	651
2053	8	2	0	648	0	658
2054	5	2	627	24	0	658
2055	9	6	19	629	0	663
2056	627	0	3	30	0	660
2057	599	5	6	5	0	615
2058	20	0	5	636	0	661
2059	6	1	620	28	0	655
2060	4	5	612	8	0	629
2061	5	590	20	10	0	625
2062	6	636	4	10	0	656
2063	12	17	5	630	0	664
2064	621	4	3	30	0	658
2065	22	625	6	6	0	659
2066	623	19	7	4	0	653
2067	23	4	5	644	0	676
2068	8	8	1	635	0	652
2069	603	7	3	24	0	637
2070	24	608	1	10	0	643
2071	614	21	5	4	0	644
2072	22	6	601	7	0	636
2073	8	5	575	5	0	593
2074	4	3	17	556	0	580
2075	9	1	565	22	0	597
2076	8	3	561	4	0	576
2077	6	6	19	512	0	543
2078	7	1	529	22	0	559
2079	2	2	25	513	0	542
2080	5	1	9	528	0	543
2081	4	0	534	21	0	559
2082	3	3	24	506	0	536
2083	4	1	8	511	0	524
2084	1	511	5	22	0	539
2085	508	18	11	4	0	541
2086	19	1	508	14	0	542
2087	4	3	20	512	0	539
2088	3	1	7	525	0	536
2089	4	1	502	28	0	535
2090	479	7	21	7	0	514
2091	20	510	2	8	0	540
2092	6	15	5	496	0	522
2093	4	3	9	503	0	519
2094	4	492	1	25	0	522
2095	3	17	494	8	0	522
2096	5	496	22	6	0	529
2097	483	17	4	8	0	512
2098	15	4	484	6	0	509
2099	4	8	17	478	0	507
2100	3	6	480	21	0	510
2101	3	8	479	3	0	493
2102	3	468	19	8	0	498
2103	5	18	6	449	0	478
2104	457	2	8	18	0	485
2105	464	2	8	5	0	479
2106	16	463	7	7	0	493
2107	3	13	8	455	0	479
2108	451	1	6	19	0	477
2109	472	6	4	4	0	486
2110	17	455	2	7	0	481
2111	462	17	2	4	0	485
2112	21	1	2	448	0	472
2113	4	480	1	16	0	501
2114	6	16	1	486	0	509
2115	8	3	2	485	0	498
2116	8	3	2	485	0	498
2117	2	6	474	17	0	499
2118	7	2	425	5	0	439
2119	2	413	10	10	0	435
2120	356	12	4	3	0	375
2121	10	352	3	9	0	374
2122	3	11	2	358	0	374
2123	1	13	349	16	0	379
2124	2	0	16	342	0	360
2125	1	5	7	364	0	377
2126	1	5	2	374	0	382
2127	367	2	3	10	0	382
2128	9	8	0	361	0	378
2129	1	0	392	17	0	410
2130	375	2	15	3	0	395
2131	379	1	0	7	0	387
2132	393	0	2	8	0	403
2133	396	1	1	9	0	407
2134	394	0	1	4	0	399
2135	11	384	3	5	0	403
2136	6	11	4	360	0	381
2137	8	387	1	9	0	405
2138	394	9	4	0	0	407
2139	404	1	2	1	0	408
2140	380	2	1	2	0	385
2141	10	359	2	2	0	373
2142	4	353	1	3	0	361
2143	3	349	1	5	0	358
2144	10	11	340	1	0	362
2145	12	26	4	277	0	319
2146	3	234	1	5	0	243
2147	0	209	0	1	0	210
2148	0	0	0	220	0	220
2149	0	1	0	216	0	217
2150	1	0	222	3	0	226
2151	211	1	3	2	0	217
2152	2	0	1	238	0	241
2153	3	1	0	235	0	239
2154	1	0	234	2	0	237
2155	1	1	221	2	0	225
2156	0	235	2	1	0	238
2157	0	0	3	232	0	235
2158	3	0	0	232	0	235
2159	0	1	235	4	0	240
2160	214	0	1	5	0	220
2161	234	1	3	1	0	239
2162	3	0	229	1	0	233
2163	221	2	2	0	0	225
2164	3	0	228	2	0	233
2165	230	0	2	1	0	233
2166	226	0	4	2	0	232
2167	4	0	207	0	0	211
2168	3	0	1	202	0	206
2169	0	0	3	188	0	191
2170	2	0	0	214	0	216
2171	216	0	2	3	0	221
2172	218	0	0	3	0	221
2173	4	0	216	1	0	221
2174	2	0	218	0	0	220
2175	220	0	2	5	0	227
2176	228	0	1	2	0	231
2177	2	0	226	3	0	231
2178	3	0	229	0	0	232
2179	2	0	3	229	0	234
2180	0	1	251	1	0	253
2181	2	0	0	226	0	228
2182	248	0	1	3	0	252
2183	4	0	253	1	0	258
2184	239	0	4	2	0	245
2185	3	0	296	0	0	299
2186	1	0	3	289	0	293
2187	3	0	3	314	0	320
2188	1	0	1	319	0	321
2189	3	313	0	3	0	319
2190	1	2	2	280	0	285
2191	2	1	1	311	0	315
2192	309	0	2	5	0	316
2193	2	0	306	3	0	311
2194	297	0	2	3	0	302
2195	4	0	305	3	0	312
2196	291	2	3	1	0	297
2197	2	305	1	2	0	310
2198	1	2	305	2	0	310
2199	3	1	297	2	0	303
2200	3	0	6	262	0	271
2201	3	0	3	307	0	313
2202	1	0	317	3	0	321
2203	2	1	310	3	0	316
2204	1	1	342	1	0	345
2205	383	0	6	3	0	392
2206	388	0	5	4	0	397
2207	396	0	1	4	0	401
2208	4	0	0	393	0	397
2209	1	1	5	395	0	402
2210	1	0	410	6	0	417
2211	1	1	5	395	0	402
2212	4	1	2	380	0	387
2213	399	1	1	6	0	407
2214	393	0	3	3	0	399
2215	398	0	1	5	0	404
2216	6	1	1	399	0	407
2217	2	1	4	387	0	394
2218	4	0	2	388	0	394
2219	392	0	4	7	0	403
2220	6	1	0	393	0	400
2221	4	397	2	4	0	407
2222	3	3	3	393	0	402
2223	1	394	2	3	0	400
2224	394	2	1	7	0	404
2225	390	1	1	7	0	399
2226	8	387	2	1	0	398
2227	2	391	4	1	0	398
2228	3	4	1	397	0	405
2229	2	1	366	3	0	372
2230	4	2	3	352	0	361
2231	4	1	370	4	0	379
2232	1	356	5	3	0	365
2233	1	3	3	366	0	373
2234	1	3	1	371	0	376
2235	0	0	385	9	0	394
2236	2	1	4	378	0	385
2237	3	0	387	6	0	396
2238	373	0	5	4	0	382
2239	391	2	1	1	0	395
2240	390	0	2	5	0	397
2241	5	1	0	390	0	396
2242	3	0	3	387	0	393
2243	2	1	400	7	0	410
2244	2	2	4	384	0	392
2245	4	389	2	6	0	401
2246	2	3	397	5	0	407
2247	6	4	379	1	0	390
2248	2	0	1	355	0	358
2249	1	2	381	5	0	389
2250	1	1	398	3	0	403
2251	363	0	3	5	0	371
2252	2	460	1	1	0	464
2253	485	1	1	8	0	495
2254	482	0	1	4	0	487
2255	493	2	1	2	0	498
2256	1	0	2	498	0	501
2257	2	1	2	508	0	513
2258	2	0	511	2	0	515
2259	4	0	1	494	0	499
2260	1	504	2	1	0	508
2261	508	2	2	2	0	514
2262	1	504	2	2	0	509
2263	2	512	1	1	0	516
2264	1	1	0	519	0	521
2265	1	1	518	2	0	522
2266	2	2	3	508	0	515
2267	0	0	510	3	0	513
2268	1	516	2	2	0	521
2269	515	1	3	2	0	521
2270	498	0	1	6	0	505
2271	506	0	1	6	0	513
2272	4	1	564	1	0	570
2273	3	0	531	0	0	534
2274	568	0	1	4	0	573
2275	575	1	1	6	0	583
2276	591	0	0	5	0	596
2277	3	0	1	588	0	592
2278	3	0	0	589	0	592
2279	589	0	0	4	0	593
2280	576	0	0	7	0	583
2281	1	1	605	1	0	608
2282	0	1	580	0	0	581
2283	576	0	1	1	0	578
2284	1	1	618	0	0	620
2285	559	1	1	2	0	563
2286	1	1	582	1	0	585
2287	1	0	1	556	0	558
2288	1	1	608	1	0	611
2289	0	0	1	610	0	611
2290	1	0	0	625	0	626
2291	0	628	0	1	0	629
2292	650	1	0	6	0	657
2293	1	0	681	0	0	682
2294	655	0	1	3	0	659
2295	1	716	0	0	0	717
2296	769	1	0	2	0	772
2297	4	1	1	762	0	768
2298	1	0	0	778	0	779
2299	0	798	0	3	0	801
2300	4	3	0	815	0	822
2301	6	0	0	812	0	818
2302	2	0	0	827	0	829
2303	810	0	0	10	0	820
2304	770	0	0	2	0	772
2305	4	1	752	0	0	757
2306	1	765	4	1	0	771
2307	0	3	0	802	0	805
2308	0	0	0	855	0	855
2309	3	0	857	5	0	865
2310	5	0	5	829	0	839
2311	851	0	1	7	0	859
2312	837	0	2	5	0	844
2313	847	0	0	4	0	851
2314	8	0	0	870	0	878
2315	920	0	0	12	0	932
2316	925	0	0	8	0	933
2317	936	0	1	5	0	942
2318	9	1	0	940	0	950
2319	2	0	0	945	0	947
2320	5	0	0	940	0	945
2321	3	0	0	918	0	921
2322	1	0	0	919	0	920
2323	3	0	923	7	0	933
2324	1	3	900	2	0	906
2325	1	899	6	5	0	911
2326	1	4	2	922	0	929
2327	1	1	1	940	0	943
2328	1	2	1	938	0	942
2329	1	1	931	8	0	941
2330	2	0	7	925	0	934
2331	1	0	932	8	0	941
2332	2	0	8	918	0	928
2333	2	1	979	9	0	991
2334	0	986	7	8	0	1001
2335	1	6	2	984	0	993
2336	3	1	976	6	0	986
2337	840	3	7	7	0	857
2338	7	967	5	2	0	981
2339	5	8	0	1004	0	1017
2340	4	1008	1	7	0	1020
2341	2	6	1	1003	0	1012
2342	1024	2	2	12	0	1040
2343	7	3	0	1015	0	1025
2344	5	1027	1	7	0	1040
2345	1017	5	9	8	0	1039
2346	10	2	1	1080	0	1093
2347	7	9	0	1075	0	1091
2348	1095	0	0	14	0	1109
2349	10	0	2	1183	0	1195
2350	6	1	1	1399	0	1407
2351	2	0	1411	28	0	1441
2352	2	1	1355	11	0	1369
2353	8	0	30	1329	0	1367
2354	2	2	1347	27	0	1378
2355	6	2	1317	8	0	1333
2356	1256	0	28	17	0	1301
2357	24	2	1337	4	0	1367
2358	6	1351	34	4	0	1395
2359	17	21	7	1329	0	1374
2360	1380	3	9	38	0	1430
2361	1394	6	4	14	0	1418
2362	1384	2	6	17	0	1409
2363	38	1376	6	6	0	1426
2364	18	26	8	1369	0	1421
2365	17	8	7	1399	0	1431
2366	1317	9	8	45	0	1379
2367	1401	4	4	19	0	1428
2368	1392	0	8	24	0	1424
2369	39	8	1394	6	0	1447
2370	20	1395	29	12	0	1456
2371	15	1605	12	12	0	1644
2372	16	39	15	1533	0	1603
2373	19	25	6	1603	0	1653
2374	14	14	1602	58	0	1688
2375	1555	6	45	34	0	1640
2376	1624	6	21	26	0	1677
2377	63	8	16	1584	0	1671
2378	44	7	1	1622	0	1674
2379	37	1	4	1636	0	1678
2380	1604	2	7	73	0	1686
2381	52	7	1571	31	0	1661
2382	28	8	1587	21	0	1644
2383	23	7	57	1538	0	1625
2384	5	5	1563	57	0	1630
2385	1505	4	55	32	0	1596
2386	1538	0	25	25	0	1588
2387	1572	1	19	13	0	1605
2388	70	1481	16	10	0	1577
2389	1494	40	9	18	0	1561
2390	58	18	9	1461	0	1546
2391	37	16	7	1466	0	1526
2392	27	4	13	1495	0	1539
2393	16	3	1413	72	0	1504
2394	20	3	48	1372	0	1443
2395	13	1374	32	60	0	1479
2396	1327	38	21	26	0	1412
2397	49	1349	7	33	0	1438
2398	29	48	1332	20	0	1429
2399	23	1336	42	15	0	1416
2400	1300	51	26	17	0	1394
2401	49	1307	27	18	0	1401
2402	35	56	14	1166	0	1271
2403	27	1307	8	48	0	1390
2404	1295	50	15	36	0	1396
2405	1303	27	10	34	0	1374
2406	1194	25	13	19	0	1251
2407	80	14	1261	10	0	1365
2408	37	17	1219	13	0	1286
2409	25	9	1232	16	0	1282
2410	1197	15	68	19	0	1299
2411	59	7	42	1188	0	1296
2412	44	10	17	1222	0	1293
2413	30	15	1189	60	0	1294
2414	29	9	44	1178	0	1260
2415	1117	13	29	55	0	1214
2416	57	1106	23	34	0	1220
2417	1123	48	11	29	0	1211
2418	59	25	1114	17	0	1215
2419	1107	18	52	22	0	1199
2420	1151	10	32	14	0	1207
2421	1164	14	23	12	0	1213
2422	86	13	1089	15	0	1203
2423	52	13	47	1089	0	1201
2424	32	11	1109	49	0	1201
2425	26	7	60	1112	0	1205
2426	26	8	1109	58	0	1201
2427	26	12	57	1096	0	1191
2428	25	12	31	1128	0	1196
2429	1097	7	28	68	0	1200
2430	1110	6	13	47	0	1176
2431	1138	8	16	30	0	1192
2432	87	6	13	1064	0	1170
2433	48	966	24	42	0	1080
2434	28	1033	19	35	0	1115
2435	1033	54	12	28	0	1127
2436	53	32	1013	20	0	1118
2437	1036	13	47	20	0	1116
2438	61	8	1017	24	0	1110
2439	1044	6	47	30	0	1127
2440	953	10	37	19	0	1019
2441	71	9	1042	18	0	1140
2442	1053	9	50	12	0	1124
2443	1062	4	29	22	0	1117
2444	1054	12	20	12	0	1098
2445	72	1021	17	17	0	1127
2446	57	69	15	951	0	1092
2447	39	20	981	39	0	1079
2448	33	14	975	33	0	1055
2449	24	858	54	16	0	952
2450	14	637	21	8	0	680
2451	26	27	23	577	0	653
2452	576	16	9	25	0	626
2453	26	572	6	20	0	624
2454	26	20	9	568	0	623
2455	16	594	3	23	0	636
2456	577	23	4	20	0	624
2457	31	16	2	571	0	620
2458	21	11	571	22	0	625
2459	11	548	20	23	0	602
2460	9	549	18	5	0	581
2461	14	33	7	501	0	555
2462	12	549	4	20	0	585
2463	14	16	5	543	0	578
2464	550	15	5	18	0	588
2465	540	7	3	16	0	566
2466	568	9	3	9	0	589
2467	572	6	5	5	0	588
2468	36	3	546	7	0	592
2469	25	514	18	4	0	561
2470	12	490	14	4	0	520
2471	7	320	2	2	0	331
2472	4	289	3	1	0	297
2473	280	3	5	3	0	291
2474	251	0	1	1	0	253
2475	244	0	0	0	0	244
2476	237	0	2	0	0	239
2477	4	1	242	1	0	248
2478	305	0	4	5	0	314
2479	317	1	0	1	0	319
2480	325	1	1	0	0	327
2481	4	0	0	316	0	320
2482	1	0	1	317	0	319
2483	329	0	0	3	0	332
2484	4	0	1	325	0	330
2485	2	326	0	3	0	331
2486	0	3	1	336	0	340
2487	1	0	1	334	0	336
2488	1	336	0	4	0	341
2489	2	3	0	340	0	345
2490	1	0	1	342	0	344
2491	337	0	0	3	0	340
2492	3	0	324	0	0	327
2493	330	0	4	0	0	334
2494	4	0	329	0	0	333
2495	0	1	312	0	0	313
2496	2	1	326	0	0	329
2497	331	0	5	1	0	337
2498	6	0	345	0	0	351
2499	342	3	4	0	0	349
2500	346	1	1	0	0	348
2501	352	1	0	0	0	353
2502	5	348	1	0	0	354
2503	341	4	0	0	0	345
2504	5	358	0	0	0	363
2505	1	3	0	360	0	364
2506	0	1	1	357	0	359
2507	2	337	0	4	0	343
2508	1	348	0	0	0	349
2509	2	360	0	1	0	363
2510	361	5	0	3	0	369
2511	5	384	0	1	0	390
2512	392	4	0	0	0	396
2513	4	1	374	1	0	380
2514	374	1	3	2	0	380
2515	394	1	1	1	0	397
2516	5	0	381	1	0	387
2517	1	1	5	378	0	385
2518	2	0	382	5	0	389
2519	1	0	4	384	0	389
2520	1	0	1	382	0	384
2521	401	0	1	5	0	407
2522	397	0	1	4	0	402
2523	4	392	1	1	0	398
2524	402	4	1	4	0	411
2525	5	0	406	1	0	412
2526	397	1	3	1	0	402
2527	4	0	419	1	0	424
2528	1	0	435	1	0	437
2529	439	0	4	2	0	445
2530	457	0	1	2	0	460
2531	5	1	491	0	0	497
2532	1	0	6	463	0	470
2533	1	0	1	498	0	500
2534	1	1	496	5	0	503
2535	1	0	5	475	0	481
2536	0	460	2	4	0	466
2537	2	4	1	514	0	521
2538	1	2	1	510	0	514
2539	2	0	484	5	0	491
2540	429	5	4	2	0	440
2541	473	0	0	3	0	476
2542	469	1	0	3	0	473
2543	467	0	2	3	0	472
2544	8	461	1	1	0	471
2545	2	5	1	434	0	442
2546	3	1	434	4	0	442
2547	2	2	432	1	0	437
2548	3	1	4	434	0	442
2549	1	1	441	7	0	450
2550	421	0	5	2	0	428
2551	6	1	2	431	0	440
2552	2	1	0	433	0	436
2553	2	0	0	436	0	438
2554	426	1	2	8	0	437
2555	5	427	0	3	0	435
2556	432	5	2	6	0	445
2557	440	0	1	5	0	446
2558	5	431	1	2	0	439
2559	3	443	1	0	0	447
2560	446	4	3	2	0	455
2561	7	1	1	446	0	455
2562	2	0	4	441	0	447
2563	462	1	2	4	0	469
2564	6	0	447	1	0	454
2565	444	0	6	1	0	451
2566	459	0	2	5	0	466
2567	10	468	0	1	0	479
2568	487	6	3	2	0	498
2569	501	1	1	4	0	507
2570	8	532	0	1	0	541
2571	4	552	1	2	0	559
2572	6	11	0	549	0	566
2573	576	10	1	9	0	596
2574	8	606	2	7	0	623
2575	9	11	0	619	0	639
2576	637	7	1	13	0	658
2577	13	4	628	6	0	651
2578	11	2	10	577	0	600
2579	5	2	587	12	0	606
2580	559	2	14	12	0	587
2581	589	1	8	6	0	604
2582	17	2	578	4	0	601
2583	9	568	12	2	0	591
2584	10	8	7	565	0	590
2585	3	5	583	11	0	602
2586	2	4	11	592	0	609
2587	8	1	6	602	0	617
2588	3	0	594	17	0	614
2589	561	3	10	11	0	585
2590	600	1	7	7	0	615
2591	20	2	615	2	0	639
2592	8	610	11	6	0	635
2593	7	10	5	579	0	601
2594	6	597	6	8	0	617
2595	3	607	3	9	0	622
2596	610	15	2	6	0	633
2597	16	10	2	611	0	639
2598	9	5	3	615	0	632
2599	9	1	615	17	0	642
2600	5	3	605	9	0	622
2601	1	3	17	609	0	630
2602	6	4	9	614	0	633
2603	2	2	616	21	0	641
2604	4	3	600	12	0	619
2605	4	3	18	602	0	627
2606	624	1	9	16	0	650
2607	13	630	5	10	0	658
2608	635	10	4	5	0	654
2609	12	645	6	5	0	668
2610	10	661	5	3	0	679
2611	630	18	3	2	0	653
2612	12	8	639	4	0	663
2613	9	5	13	639	0	666
2614	10	2	9	665	0	686
2615	6	1	3	722	0	732
2616	4	2	728	20	0	754
2617	8	2	15	736	0	761
2618	746	4	6	17	0	773
2619	14	2	9	745	0	770
2620	11	3	2	776	0	792
2621	744	1	2	30	0	777
2622	751	3	6	16	0	776
2623	18	745	1	12	0	776
2624	16	12	746	6	0	780
2625	4	8	745	3	0	760
2626	3	6	748	6	0	763
2627	6	731	23	5	0	765
2628	5	10	12	694	0	721
2629	5	6	5	718	0	734
2630	708	4	3	20	0	735
2631	15	2	3	688	0	708
2632	10	4	686	19	0	719
2633	9	3	17	686	0	715
2634	5	1	9	690	0	705
2635	1	4	688	20	0	713
2636	4	675	13	11	0	703
2637	7	12	6	604	0	629
2638	4	677	5	13	0	699
2639	2	16	667	9	0	694
2640	657	6	14	6	0	683
2641	686	3	8	8	0	705
2642	692	1	9	4	0	706
2643	24	3	3	668	0	698
2644	13	690	2	24	0	729
2645	689	12	3	12	0	716
2646	701	11	2	10	0	724
2647	700	5	5	4	0	714
2648	24	4	678	3	0	709
2649	674	3	13	5	0	695
2650	21	679	9	4	0	713
2651	681	11	9	6	0	707
2652	18	695	4	6	0	723
2653	696	17	2	7	0	722
2654	16	8	698	5	0	727
2655	699	8	15	5	0	727
2656	703	1	9	8	0	721
2657	533	4	8	12	0	557
2658	711	5	3	4	0	723
2659	27	4	689	5	0	725
2660	10	3	16	678	0	707
2661	685	5	7	18	0	715
2662	15	671	6	10	0	702
2663	16	11	4	666	0	697
2664	8	7	657	14	0	686
2665	6	5	16	658	0	685
2666	8	3	651	16	0	678
2667	5	636	15	10	0	666
2668	6	597	5	9	0	617
2669	8	608	6	3	0	625
2670	23	14	3	531	0	571
2671	5	6	1	545	0	557
2672	5	3	546	6	0	560
2673	3	509	5	4	0	521
2674	475	5	2	4	0	486
2675	5	449	4	1	0	459
2676	3	453	5	0	0	461
2677	5	15	9	428	0	457
2678	428	3	2	3	0	436
2679	442	3	1	1	0	447
2680	7	0	1	437	0	445
2681	446	1	2	5	0	454
2682	8	0	1	442	0	451
2683	2	3	448	6	0	459
2684	452	1	5	2	0	460
2685	7	1	3	447	0	458
2686	2	1	428	5	0	436
2687	3	1	415	1	0	420
2688	1	2	3	424	0	430
2689	440	3	2	4	0	449
2690	427	4	3	4	0	438
2691	4	429	1	6	0	440
2692	439	4	0	2	0	445
2693	438	1	2	2	0	443
2694	441	2	2	3	0	448
2695	4	464	3	1	0	472
2696	455	7	0	1	0	463
2697	460	2	1	2	0	465
2698	6	4	1	454	0	465
2699	436	1	1	5	0	443
2700	9	436	1	1	0	447
2701	3	449	1	2	0	455
2702	6	4	0	448	0	458
2703	4	7	1	448	0	460
2704	3	473	2	4	0	482
2705	471	4	3	4	0	482
2706	6	444	1	2	0	453
2707	433	5	1	2	0	441
2708	4	445	2	3	0	454
2709	2	2	2	421	0	427
2710	1	453	2	5	0	461
2711	453	4	0	6	0	463
2712	453	2	1	1	0	457
2713	454	1	0	3	0	458
2714	6	2	420	1	0	429
2715	3	1	378	0	0	382
2716	2	362	3	1	0	368
2717	3	4	351	0	0	358
2718	2	1	340	0	0	343
2719	3	2	3	308	0	316
2720	0	0	338	4	0	342
2721	1	337	4	0	0	342
2722	330	5	0	1	0	336
2723	3	322	1	0	0	326
2724	0	328	0	1	0	329
2725	330	3	0	1	0	334
2726	336	1	1	1	0	339
2727	4	339	0	8	0	351
2728	345	3	0	5	0	353
2729	344	1	0	3	0	348
2730	342	2	0	2	0	346
2731	5	0	336	1	0	342
2732	1	2	338	0	0	341
2733	2	1	3	351	0	357
2734	3	0	0	344	0	347
2735	357	0	0	5	0	362
2736	4	368	1	0	0	373
2737	0	3	1	373	0	377
2738	0	1	1	374	0	376
2739	1	0	1	382	0	384
2740	0	0	1	377	0	378
2741	1	0	369	5	0	375
2742	0	0	365	0	0	365
2743	1	0	4	371	0	376
2744	0	0	362	5	0	367
2745	346	0	5	2	0	353
2746	5	0	0	375	0	380
2747	0	0	381	4	0	385
2748	348	0	5	3	0	356
2749	4	384	0	1	0	389
2750	385	4	1	1	0	391
2751	5	396	0	0	0	401
2752	0	4	0	391	0	395
2753	0	0	393	4	0	397
2754	1	1	4	374	0	380
2755	0	2	366	4	0	372
2756	371	0	4	4	0	379
2757	5	0	0	381	0	386
2758	389	0	0	6	0	395
2759	4	0	388	0	0	392
2760	386	0	4	2	0	392
2761	450	0	1	2	0	453
2762	6	0	445	0	0	451
2763	4	0	5	432	0	441
2764	2	1	449	5	0	457
2765	2	447	6	1	0	456
2766	447	6	2	0	0	455
2767	447	0	0	2	0	449
2768	5	0	451	0	0	456
2769	2	1	441	2	0	446
2770	3	1	8	437	0	449
2771	3	1	2	449	0	455
2772	454	0	1	9	0	464
2773	7	452	2	1	0	462
2774	458	6	2	0	0	466
2775	466	1	1	2	0	470
2776	9	0	456	1	0	466
2777	436	1	7	2	0	446
2778	6	0	461	1	0	468
2779	2	1	6	468	0	477
2780	1	1	524	6	0	532
2781	8	0	5	517	0	530
2782	2	2	532	5	0	541
2783	510	0	6	5	0	521
2784	534	1	5	1	0	541
2785	7	0	1	528	0	536
2786	537	1	2	8	0	548
2787	9	0	1	545	0	555
2788	2	553	1	6	0	562
2789	547	5	1	3	0	556
2790	8	551	2	1	0	562
2791	2	5	1	551	0	559
2792	5	2	1	535	0	543
2793	3	0	2	530	0	535
2794	1	2	0	534	0	537
2795	2	0	509	6	0	517
2796	456	1	5	7	0	469
2797	507	1	2	2	0	512
2798	9	506	0	1	0	516
2799	4	5	4	505	0	518
2800	2	1	1	513	0	517
2801	2	1	500	7	0	510
2802	468	3	4	6	0	481
2803	6	1	1	486	0	494
2804	4	1	478	5	0	488
2805	465	1	7	1	0	474
2806	484	0	3	2	0	489
2807	482	1	1	3	0	487
2808	7	0	481	3	0	491
2809	4	0	468	2	0	474
2810	468	2	5	1	0	476
2811	7	0	2	482	0	491
2812	3	0	1	512	0	516
2813	0	1	516	6	0	523
2814	497	0	4	4	0	505
2815	9	0	4	524	0	537
2816	549	0	1	7	0	557
2817	552	0	4	3	0	559
2818	554	0	1	5	0	560
2819	8	1	571	1	0	581
2820	6	0	4	567	0	577
2821	573	1	2	7	0	583
2822	7	574	1	5	0	587
2823	5	5	1	589	0	600
2824	2	2	1	591	0	596
2825	578	2	0	7	0	587
2826	578	1	2	5	0	586
2827	9	2	0	572	0	583
2828	4	1	572	7	0	584
2829	562	2	4	7	0	575
2830	8	0	596	4	0	608
2831	597	1	7	6	0	611
2832	593	0	7	2	0	602
2833	12	0	594	2	0	608
2834	6	0	6	601	0	613
2835	2	3	634	8	0	647
2836	4	659	6	4	0	673
2837	3	10	4	638	0	655
2838	3	649	2	6	0	660
2839	6	6	2	667	0	681
2840	3	3	678	8	0	692
2841	4	677	9	9	0	699
2842	2	700	4	8	0	714
2843	4	12	1	724	0	741
2844	726	6	5	13	0	750
2845	13	4	3	761	0	781
2846	782	1	3	14	0	800
2847	13	798	0	9	0	820
2848	917	10	0	5	0	932
2849	11	5	967	6	0	989
2850	13	3	13	952	0	981
2851	7	4	5	944	0	960
2852	5	1	955	18	0	979
2853	897	2	16	7	0	922
2854	941	1	5	11	0	958
2855	14	946	5	7	0	972
2856	10	13	5	857	0	885
2857	10	919	1	11	0	941
2858	5	13	913	5	0	936
2859	1	15	926	3	0	945
2860	7	30	15	874	0	926
2861	853	5	7	10	0	875
2862	11	852	5	5	0	873
2863	867	11	4	1	0	883
2864	12	5	852	4	0	873
2865	853	3	11	3	0	870
2866	872	6	6	3	0	887
2867	20	1	868	1	0	890
2868	10	1	16	851	0	878
2869	883	1	5	14	0	903
2870	872	0	3	8	0	883
2871	875	1	4	4	0	884
2872	23	2	0	862	0	887
2873	12	2	856	11	0	881
2874	839	1	10	13	0	863
2875	18	1	856	5	0	880
2876	6	0	17	837	0	860
2877	9	1	9	835	0	854
2878	9	851	5	14	0	879
2879	4	13	834	7	0	858
2880	5	771	12	8	0	796
2881	4	800	7	6	0	817
2882	7	19	6	785	0	817
2883	5	5	785	12	0	807
2884	6	9	11	786	0	812
2885	6	4	788	16	0	814
2886	5	6	13	771	0	795
2887	6	5	11	776	0	798
2888	4	2	758	22	0	786
2889	5	2	20	743	0	770
2890	5	3	749	22	0	779
2891	3	4	749	17	0	773
2892	4	753	26	6	0	789
2893	761	13	8	14	0	796
2894	16	6	766	1	0	789
2895	726	6	19	6	0	757
2896	18	7	7	767	0	799
2897	12	5	772	13	0	802
2898	5	771	18	9	0	803
2899	12	11	10	772	0	805
2900	5	9	774	19	0	807
2901	8	3	18	729	0	758
2902	5	782	9	12	0	808
2903	775	11	9	16	0	811
2904	13	8	10	779	0	810
2905	761	7	3	22	0	793
2906	777	8	6	13	0	804
2907	779	5	8	11	0	803
2908	781	3	2	16	0	802
2909	773	5	4	4	0	786
2910	30	748	4	5	0	787
2911	19	12	5	736	0	772
2912	14	5	9	730	0	758
2913	16	3	6	715	0	740
2914	12	6	694	16	0	728
2915	5	690	16	16	0	727
2916	677	13	7	16	0	713
2917	675	8	6	10	0	699
2918	21	644	13	6	0	684
2919	10	670	6	6	0	692
2920	661	15	5	10	0	691
2921	18	10	649	4	0	681
2922	16	10	16	631	0	673
2923	637	8	8	17	0	670
2924	23	8	7	619	0	657
2925	10	633	7	16	0	666
2926	13	14	5	639	0	671
2927	13	7	641	16	0	677
2928	605	4	16	12	0	637
2929	632	5	7	11	0	655
2930	18	1	11	602	0	632
2931	14	4	9	599	0	626
2932	592	3	2	17	0	614
2933	20	571	6	6	0	603
2934	15	10	4	569	0	598
2935	14	3	2	572	0	591
2936	519	3	6	15	0	543
2937	11	539	5	9	0	564
2938	545	12	4	9	0	570
2939	14	537	3	12	0	566
2940	16	553	3	7	0	579
2941	526	15	2	6	0	549
2942	13	520	3	11	0	547
2943	18	32	9	470	0	529
2944	5	7	502	13	0	527
2945	7	4	448	5	0	464
2946	7	1	424	5	0	437
2947	2	406	13	3	0	424
2948	289	7	12	2	0	310
2949	7	2	2	259	0	270
2950	3	0	3	262	0	268
2951	0	0	255	9	0	264
2952	268	2	7	4	0	281
2953	10	1	2	272	0	285
2954	3	0	0	281	0	284
2955	1	2	0	281	0	284
2956	274	0	2	9	0	285
2957	10	0	268	2	0	280
2958	268	0	7	3	0	278
2959	8	0	2	277	0	287
2960	1	1	269	10	0	281
2961	261	1	7	4	0	273
2962	10	1	272	1	0	284
2963	5	0	6	270	0	281
2964	1	0	268	11	0	280
2965	2	1	268	3	0	274
2966	253	0	9	2	0	264
2967	9	2	266	0	0	277
2968	2	0	7	268	0	277
2969	263	0	6	7	0	276
2970	9	0	3	272	0	284
2971	5	1	273	7	0	286
2972	1	1	273	4	0	279
2973	1	275	10	3	0	289
2974	3	7	2	266	0	278
2975	266	3	0	8	0	277
2976	7	254	4	4	0	269
2977	265	7	1	4	0	277
2978	8	3	1	265	0	277
2979	264	2	0	12	0	278
2980	9	264	1	4	0	278
2981	4	11	0	266	0	281
2982	265	4	1	7	0	277
2983	8	263	0	5	0	276
2984	5	9	0	267	0	281
2985	1	4	1	272	0	278
2986	270	2	1	10	0	283
2987	9	0	2	276	0	287
2988	4	3	2	273	0	282
2989	0	4	2	284	0	290
2990	2	0	266	13	0	281
2991	252	2	9	4	0	267
2992	13	1	4	287	0	305
2993	2	1	297	17	0	317
2994	284	0	14	8	0	306
2995	13	1	301	3	0	318
2996	7	2	14	279	0	302
2997	3	270	4	13	0	290
2998	1	13	2	293	0	309
2999	2	4	295	15	0	316
3000	6	0	307	2	0	315
3001	2	2	16	308	0	328
3002	2	1	306	14	0	323
3003	285	1	13	8	0	307
3004	14	0	305	2	0	321
3005	5	2	14	285	0	306
3006	1	3	7	305	0	316
3007	4	0	3	305	0	312
3008	293	1	4	18	0	316
3009	295	0	6	3	0	304
3010	301	0	3	4	0	308
3011	19	1	3	290	0	313
3012	5	0	1	302	0	308
3013	3	0	288	19	0	310
3014	5	0	295	8	0	308
3015	3	290	15	1	0	309
3016	8	11	4	269	0	292
3017	4	4	1	276	0	285
3018	3	274	3	17	0	297
3019	281	10	3	4	0	298
3020	11	284	5	1	0	301
3021	289	12	3	3	0	307
3022	11	5	2	285	0	303
3023	289	1	2	15	0	307
3024	13	4	3	283	0	303
3025	6	4	277	13	0	300
3026	6	1	11	282	0	300
3027	271	2	5	15	0	293
3028	16	1	1	278	0	296
3029	4	2	3	289	0	298
3030	5	0	285	16	0	306
3031	2	1	14	278	0	295
3032	4	2	4	282	0	292
3033	3	273	1	17	0	294
3034	4	10	2	277	0	293
3035	8	4	1	276	0	289
3036	7	0	2	270	0	279
3037	1	230	1	14	0	246
3038	0	7	2	231	0	240
3039	214	2	3	8	0	227
3040	7	201	1	4	0	213
3041	2	189	2	2	0	195
3042	1	203	0	2	0	206
3043	1	10	1	187	0	199
3044	1	186	1	9	0	197
3045	3	192	2	2	0	199
3046	187	7	0	1	0	195
3047	6	3	169	2	0	180
3048	170	0	5	4	0	179
3049	5	0	3	186	0	194
3050	3	0	178	7	0	188
3051	171	0	9	3	0	183
3052	6	0	168	2	0	176
3053	2	0	169	3	0	174
3054	173	0	7	2	0	182
3055	6	1	2	175	0	184
3056	2	0	175	8	0	185
3057	171	1	7	6	0	185
3058	180	0	3	3	0	186
3059	8	0	173	4	0	185
3060	173	1	7	0	0	181
3061	181	0	1	4	0	186
3062	7	0	170	4	0	181
3063	167	0	5	7	0	179
3064	177	1	3	1	0	182
3065	7	1	162	3	0	173
3066	2	1	180	2	0	185
3067	2	2	7	183	0	194
3068	1	2	183	10	0	196
3069	182	2	6	3	0	193
3070	6	3	1	176	0	186
3071	4	3	0	182	0	189
3072	1	2	172	10	0	185
3073	3	1	6	173	0	183
3074	1	2	173	9	0	185
3075	173	0	7	4	0	184
3076	177	2	1	3	0	183
3077	11	1	170	1	0	183
3078	169	2	6	3	0	180
3079	177	1	2	2	0	182
3080	6	0	159	6	0	171
3081	179	0	7	2	0	188
3082	171	1	2	6	0	180
3083	9	1	172	2	0	184
3084	174	0	6	3	0	183
3085	9	2	175	3	0	189
3086	2	0	7	173	0	182
3087	0	1	1	180	0	182
3088	2	1	1	181	0	185
3089	1	2	175	7	0	185
3090	153	0	4	4	0	161
3091	3	2	160	1	0	166
3092	0	123	1	0	0	124
3093	0	123	0	0	0	123
3094	132	1	0	0	0	133
3095	1	0	0	129	0	130
3096	0	130	0	1	0	131
3097	126	1	0	1	0	128
3098	128	0	0	0	0	128
3099	1	134	0	0	0	135
3100	0	1	0	114	0	115
3101	0	116	1	1	0	118
3102	124	1	0	1	0	126
3103	126	0	0	0	0	126
3104	2	0	0	123	0	125
3105	120	0	0	3	0	123
3106	3	0	0	120	0	123
3107	0	0	119	2	0	121
3108	117	0	2	0	0	119
3109	2	0	121	0	0	123
3110	0	0	2	116	0	118
3111	116	0	0	3	0	119
3112	3	0	0	117	0	120
3113	1	0	112	3	0	116
3114	0	0	109	0	0	109
3115	1	0	3	108	0	112
3116	111	0	0	3	0	114
3117	2	111	0	0	0	113
3118	0	3	0	102	0	105
3119	0	0	101	3	0	104
3120	96	0	3	0	0	99
3121	101	0	0	1	0	102
3122	3	0	98	0	0	101
3123	100	0	2	0	0	102
3124	4	0	0	104	0	108
3125	0	0	105	2	0	107
3126	100	0	4	0	0	104
3127	4	0	0	101	0	105
3128	0	0	1	102	0	103
3129	100	0	0	4	0	104
3130	4	91	0	0	0	95
3131	0	94	1	0	0	95
3132	95	3	1	0	0	99
3133	94	0	0	1	0	95
3134	3	0	107	0	0	110
3135	1	0	108	0	0	109
3136	0	0	3	113	0	116
3137	119	0	0	4	0	123
3138	124	0	1	0	0	125
3139	124	0	0	4	0	128
3140	3	120	2	0	0	125
3141	2	131	0	0	0	133
3142	2	3	0	126	0	131
3143	1	1	1	123	0	126
3144	1	1	0	135	0	137
3145	1	0	141	4	0	146
3146	0	0	132	0	0	132
3147	139	0	4	1	0	144
3148	139	0	1	0	0	140
3149	5	0	2	128	0	135
3150	2	0	0	131	0	133
3151	1	0	1	131	0	133
3152	1	0	123	5	0	129
3153	1	0	128	2	0	131
3154	0	0	4	141	0	145
3155	0	0	139	2	0	141
3156	0	136	5	0	0	141
3157	0	146	0	1	0	147
3158	142	4	1	0	0	147
3159	4	146	0	0	0	150
3160	0	5	0	150	0	155
3161	1	0	0	154	0	155
3162	0	152	0	3	0	155
3163	0	4	0	153	0	157
3164	0	0	144	5	0	149
3165	0	153	4	0	0	157
3166	0	4	0	130	0	134
3167	0	0	129	3	0	132
3168	0	132	3	0	0	135
3169	0	2	0	129	0	131
3170	0	131	1	2	0	134
3171	0	3	0	131	0	134
3172	0	0	0	131	0	131
3173	0	133	0	2	0	135
3174	130	3	0	1	0	134
3175	135	0	0	1	0	136
3176	3	135	2	0	0	140
3177	1	137	0	1	0	139
3178	2	2	0	138	0	142
3179	0	1	135	4	0	140
3180	133	1	3	0	0	137
3181	126	0	1	1	0	128
3182	3	0	126	1	0	130
3183	124	0	3	0	0	127
3184	129	1	0	0	0	130
3185	3	0	127	1	0	131
3186	115	0	4	0	0	119
3187	5	0	126	0	0	131
3188	1	130	3	0	0	134
3189	130	3	1	0	0	134
3190	134	0	1	0	0	135
3191	3	0	131	1	0	135
3192	130	0	4	0	0	134
3193	141	0	0	0	0	141
3194	3	0	133	1	0	137
3195	134	0	2	1	0	137
3196	140	0	0	0	0	140
3197	3	1	137	0	0	141
3198	136	0	3	2	0	141
3199	5	0	0	137	0	142
3200	1	0	1	140	0	142
3201	2	0	136	3	0	141
3202	0	1	131	1	0	133
3203	0	0	2	131	0	133
3204	1	0	1	132	0	134
3205	147	0	1	2	0	150
3206	6	0	144	1	0	151
3207	144	1	5	3	0	153
3208	6	1	0	153	0	160
3209	0	0	158	5	0	163
3210	160	0	3	1	0	164
3211	4	0	0	177	0	181
3212	0	1	177	4	0	182
3213	171	0	4	0	0	175
3214	4	0	0	181	0	185
3215	182	0	1	4	0	187
3216	5	0	185	0	0	190
3217	1	0	5	180	0	186
3218	1	187	1	5	0	194
3219	191	5	1	1	0	198
3220	201	1	0	2	0	204
3221	4	201	2	0	0	207
3222	202	5	0	2	0	209
3223	215	0	1	1	0	217
3224	210	1	2	0	0	213
3225	9	219	0	0	0	228
3226	2	4	1	230	0	237
3227	4	1	233	4	0	242
3228	1	1	6	226	0	234
3229	0	0	2	238	0	240
3230	1	1	235	5	0	242
3231	1	1	228	2	0	232
3232	0	1	5	223	0	229
3233	1	238	2	3	0	244
3234	224	5	1	1	0	231
3235	227	1	1	0	0	229
3236	8	228	1	0	0	237
3237	236	5	0	2	0	243
3238	234	1	1	1	0	237
3239	7	0	239	0	0	246
3240	228	0	6	2	0	236
3241	5	252	2	2	0	261
3242	2	6	245	0	0	253
3243	1	1	229	1	0	232
3244	2	240	5	1	0	248
3245	238	6	2	0	0	246
3246	6	1	234	0	0	241
3247	4	0	4	234	0	242
3248	1	2	232	5	0	240
3249	216	1	4	2	0	223
3250	6	2	313	2	0	323
3251	3	1	301	0	0	305
3252	307	0	6	3	0	316
3253	5	329	2	1	0	337
3254	335	4	2	3	0	344
3255	341	2	3	2	0	348
3256	6	1	1	337	0	345
3257	3	375	0	5	0	383
3258	376	4	2	4	0	386
3259	7	2	370	1	0	380
3260	353	1	5	1	0	360
3261	7	378	1	1	0	387
3262	378	5	2	3	0	388
3263	383	2	1	1	0	387
3264	9	379	0	0	0	388
3265	3	6	0	380	0	389
3266	391	2	1	4	0	398
3267	7	385	1	1	0	394
3268	5	5	0	387	0	397
3269	409	3	1	5	0	418
3270	7	0	1	418	0	426
3271	2	1	1	413	0	417
3272	1	412	2	8	0	423
3273	407	6	1	3	0	417
3274	409	2	2	1	0	414
3275	412	0	1	4	0	417
3276	7	426	2	0	0	435
3277	427	6	1	4	0	438
3278	434	1	1	1	0	437
3279	8	2	0	428	0	438
3280	2	0	0	438	0	440
3281	2	1	429	7	0	439
3282	2	2	5	414	0	423
3283	5	1	2	403	0	411
3284	4	1	420	5	0	430
3285	371	1	3	2	0	377
3286	9	1	427	1	0	438
3287	5	1	438	0	0	444
3288	2	2	7	443	0	454
3289	2	0	2	452	0	456
3290	3	455	0	5	0	463
3291	458	7	1	2	0	468
3292	451	1	1	3	0	456
3293	10	449	1	3	0	463
3294	2	482	2	2	0	488
3295	5	8	0	472	0	485
3296	2	491	3	6	0	502
3297	494	8	2	2	0	506
3298	495	3	1	2	0	501
3299	13	1	0	482	0	496
3300	6	2	0	501	0	509
3301	492	0	0	12	0	504
3302	9	2	486	4	0	501
3303	470	2	7	2	0	481
3304	10	1	477	1	0	489
3305	471	0	6	1	0	478
3306	4	2	3	477	0	486
3307	6	0	484	6	0	496
3308	3	1	466	3	0	473
3309	471	0	7	2	0	480
3310	489	0	4	3	0	496
3311	8	490	1	0	0	499
3312	4	4	1	521	0	530
3313	2	4	0	528	0	534
3314	521	1	2	8	0	532
3315	8	520	1	3	0	532
3316	510	3	0	3	0	516
3317	3	505	1	1	0	510
3318	2	514	1	1	0	518
3319	512	4	0	2	0	518
3320	4	2	500	0	0	506
3321	5	1	3	489	0	498
3322	2	0	3	496	0	501
3323	4	0	495	6	0	505
3324	4	1	3	489	0	497
3325	4	2	4	404	0	414
3326	1	470	1	3	0	475
3327	468	5	1	5	0	479
3328	8	3	466	5	0	482
3329	429	1	3	2	0	435
3330	2	471	3	2	0	478
3331	2	3	0	483	0	488
3332	501	2	0	6	0	509
3333	4	1	2	496	0	503
3334	4	0	0	501	0	505
3335	0	0	511	6	0	517
3336	471	1	3	6	0	481
3337	488	0	3	3	0	494
3338	6	2	493	0	0	501
3339	6	0	4	487	0	497
3340	1	3	485	5	0	494
3341	467	0	4	8	0	479
3342	488	1	3	7	0	499
3343	6	0	0	492	0	498
3344	483	2	0	8	0	493
3345	8	1	526	3	0	538
3346	7	1	4	537	0	549
3347	6	1	3	535	0	545
3348	1	3	1	563	0	568
3349	1	1	1	563	0	566
3350	476	1	1	9	0	487
3351	5	1	465	4	0	475
3352	5	0	4	473	0	482
3353	1	1	465	8	0	475
3354	2	0	452	5	0	459
3355	5	0	8	452	0	465
3356	1	0	6	463	0	470
3357	437	1	0	10	0	448
3358	6	0	1	441	0	448
3359	5	0	1	450	0	456
3360	4	0	0	465	0	469
3361	455	1	2	10	0	468
3362	456	0	2	9	0	467
3363	477	0	1	5	0	483
3364	477	0	2	4	0	483
3365	8	525	1	3	0	537
3366	5	3	1	523	0	532
3367	4	2	0	537	0	543
3368	559	0	0	8	0	567
3369	6	587	2	5	0	600
3370	7	7	0	614	0	628
3371	0	4	655	9	0	668
3372	709	0	10	9	0	728
3373	14	749	6	1	0	770
3374	787	14	1	2	0	804
3375	829	5	2	2	0	838
3376	27	2	1	804	0	834
3377	8	2	820	19	0	849
3378	10	0	18	859	0	887
3379	871	1	6	24	0	902
3380	22	1	2	867	0	892
3381	880	0	2	22	0	904
3382	22	862	3	8	0	895
3383	909	20	0	4	0	933
3384	25	8	1	897	0	931
3385	18	2	2	975	0	997
3386	1007	3	0	33	0	1043
3387	1008	2	1	12	0	1023
3388	1016	1	2	8	0	1027
3389	1021	2	0	5	0	1028
3390	1027	1	0	5	0	1033
3391	45	0	1	986	0	1032
3392	15	2	956	27	0	1000
3393	10	983	19	8	0	1020
3394	962	21	5	9	0	997
3395	30	4	940	6	0	980
3396	925	7	24	9	0	965
3397	33	936	4	3	0	976
3398	962	23	3	2	0	990
3399	34	6	3	939	0	982
3400	17	3	1	954	0	975
3401	10	4	931	31	0	976
3402	19	2	23	924	0	968
3403	8	1	956	30	0	995
3404	11	2	948	15	0	976
3405	958	3	29	8	0	998
3406	993	5	12	8	0	1018
3407	37	4	951	10	0	1002
3408	941	5	26	14	0	986
3409	957	2	8	13	0	980
3410	40	5	935	8	0	988
3411	15	919	28	16	0	978
3412	22	25	12	955	0	1014
3413	992	5	4	33	0	1034
3414	1009	9	9	13	0	1040
3415	1005	5	8	7	0	1025
3416	1009	4	3	13	0	1029
3417	1018	4	5	10	0	1037
3418	44	1	987	5	0	1037
3419	26	2	1004	10	0	1042
3420	25	3	30	998	0	1056
3421	1011	4	16	30	0	1061
3422	1037	3	9	16	0	1065
3423	1040	7	7	13	0	1067
3424	965	3	9	16	0	993
3425	46	975	2	11	0	1034
3426	24	1035	6	13	0	1078
3427	1025	26	8	9	0	1068
3428	1045	9	6	17	0	1077
3429	48	1032	7	9	0	1096
3430	1049	28	8	15	0	1100
3431	54	5	1023	13	0	1095
3432	26	8	27	1016	0	1077
3433	23	6	1022	30	0	1081
3434	24	6	1013	13	0	1056
3435	22	3	34	1006	0	1065
3436	20	6	12	1027	0	1065
3437	30	5	1023	34	0	1092
3438	31	6	26	977	0	1040
3439	28	7	8	1039	0	1082
3440	1039	7	6	35	0	1087
3441	1050	5	9	20	0	1084
3442	44	5	13	1026	0	1088
3443	23	6	1026	36	0	1091
3444	26	1045	31	11	0	1113
3445	1022	25	18	13	0	1078
3446	43	4	1038	14	0	1099
3447	24	994	36	5	0	1059
3448	16	1052	18	13	0	1099
3449	1072	26	12	10	0	1120
3450	1097	7	13	13	0	1130
3451	44	7	11	1061	0	1123
3452	22	11	1091	33	0	1157
3453	26	2	29	1096	0	1153
3454	26	6	13	1100	0	1145
3455	24	6	14	1120	0	1164
3456	1112	3	8	38	0	1161
3457	48	1054	12	15	0	1129
3458	22	1115	12	14	0	1163
3459	28	24	10	1085	0	1147
3460	25	7	17	1132	0	1181
3461	1111	13	12	39	0	1175
3462	1118	8	12	16	0	1154
3463	1113	5	8	17	0	1143
3464	51	1075	8	13	0	1147
3465	1058	23	7	9	0	1097
3466	45	17	9	1030	0	1101
3467	18	9	1022	32	0	1081
3468	18	7	945	10	0	980
3469	889	4	26	18	0	937
3470	28	2	887	14	0	931
3471	10	1	841	11	0	863
3472	751	0	13	9	0	773
3473	22	1	751	3	0	777
3474	8	8	715	2	0	733
3475	7	5	17	654	0	683
3476	1	1	703	6	0	711
3477	4	1	7	659	0	671
3478	2	0	0	654	0	656
3479	2	0	694	6	0	702
3480	2	692	5	1	0	700
3481	683	5	0	4	0	692
3482	6	0	706	1	0	713
3483	1	1	688	0	0	690
3484	596	1	3	3	0	603
3485	3	7	633	1	0	644
3486	0	605	2	0	0	607
3487	2	526	3	2	0	533
3488	1	1	0	629	0	631
3489	2	0	1	619	0	622
3490	637	0	0	2	0	639
3491	631	0	0	5	0	636
3492	648	0	1	1	0	650
3493	2	0	0	656	0	658
3494	652	0	0	5	0	657
3495	647	0	0	4	0	651
3496	3	0	658	1	0	662
3497	1	3	622	0	0	626
3498	1	662	1	0	0	664
3499	0	2	1	665	0	668
3500	669	0	0	5	0	674
3501	2	660	3	0	0	665
3502	1	1	1	669	0	672
3503	661	1	0	6	0	668
3504	655	1	1	2	0	659
3505	3	653	1	1	0	658
3506	653	1	0	5	0	659
3507	659	0	2	4	0	665
3508	4	0	1	651	0	656
3509	3	1	677	2	0	683
3510	0	653	2	3	0	658
3511	1	665	1	0	0	667
3512	629	2	0	4	0	635
3513	2	5	1	619	0	627
3514	1	0	634	2	0	637
3515	1	638	1	0	0	640
3516	641	2	1	3	0	647
3517	639	0	0	5	0	644
3518	1	1	662	1	0	665
3519	1	0	2	661	0	664
3520	1	0	2	684	0	687
3521	1	0	773	4	0	778
3522	775	0	5	4	0	784
3523	963	0	2	5	0	970
3524	11	1	0	1118	0	1130
3525	2	1135	7	14	0	1158
3526	7	16	3	1205	0	1231
3527	5	8	1189	21	0	1223
3528	1169	3	16	11	0	1199
3529	23	3	7	1199	0	1232
3530	8	3	1198	26	0	1235
3531	1170	1	24	11	0	1206
3532	25	2	7	1198	0	1232
3533	16	0	5	1208	0	1229
3534	1197	0	7	31	0	1235
3535	22	1196	4	10	0	1232
3536	1204	19	4	12	0	1239
3537	29	7	2	1193	0	1231
3538	1193	3	2	26	0	1224
3539	29	5	1196	13	0	1243
3540	15	1186	20	8	0	1229
3541	11	22	4	1188	0	1225
3542	1226	7	5	27	0	1265
3543	26	1213	7	12	0	1258
3544	15	22	3	1195	0	1235
3545	1221	7	4	34	0	1266
3546	1214	5	3	16	0	1238
3547	45	5	2	1175	0	1227
3548	16	4	1164	32	0	1216
3549	14	2	1141	13	0	1170
3550	1119	5	27	11	0	1162
3551	29	1133	12	12	0	1186
3552	14	1139	6	7	0	1166
3553	1102	28	12	9	0	1151
3554	27	1136	7	7	0	1177
3555	20	24	6	1115	0	1165
3556	13	18	3	1141	0	1175
3557	1140	7	2	32	0	1181
3558	1113	8	1	18	0	1140
3559	1111	5	1	14	0	1131
3560	37	8	1068	13	0	1126
3561	26	4	23	1068	0	1121
3562	19	1	1070	29	0	1119
3563	20	2	1056	18	0	1096
3564	11	2	1090	8	0	1111
3565	14	3	39	1057	0	1113
3566	7	6	1090	28	0	1131
3567	9	6	1103	17	0	1135
3568	11	8	40	1073	0	1132
3569	1087	7	17	34	0	1145
3570	33	7	1108	20	0	1168
3571	19	4	33	1081	0	1137
3572	17	4	14	1109	0	1144
3573	15	2	1108	43	0	1168
3574	10	3	34	1101	0	1148
3575	20	4	1133	31	0	1188
3576	12	6	32	1109	0	1159
3577	14	7	17	1127	0	1165
3578	18	3	11	1129	0	1161
3579	11	9	11	1132	0	1163
3580	1101	4	13	52	0	1170
3581	1104	4	10	35	0	1153
3582	45	7	1083	22	0	1157
3583	23	1050	35	19	0	1127
3584	22	29	1090	12	0	1153
3585	17	14	1092	14	0	1137
3586	1074	7	45	15	0	1141
3587	34	1094	23	11	0	1162
3588	1087	28	21	17	0	1153
3589	37	1106	20	11	0	1174
3590	1099	33	13	15	0	1160
3591	1123	17	13	18	0	1171
3592	54	9	14	1074	0	1151
3593	23	1074	11	39	0	1147
3594	24	29	9	1087	0	1149
3595	19	18	13	1111	0	1161
3596	16	12	1095	49	0	1172
3597	14	1099	35	32	0	1180
3598	17	32	22	1095	0	1166
3599	1071	19	15	46	0	1151
3600	1110	10	17	29	0	1166
3601	1126	9	14	21	0	1170
3602	47	1111	12	21	0	1191
3603	1128	31	9	20	0	1188
3604	45	1148	11	16	0	1220
3605	34	36	11	1185	0	1266
3606	28	16	1166	38	0	1248
3607	20	9	40	1146	0	1215
3608	15	1169	21	37	0	1242
3609	12	34	16	1168	0	1230
3610	12	20	20	1158	0	1210
3611	9	1167	16	53	0	1245
3612	1161	39	10	34	0	1244
3613	50	18	4	1164	0	1236
3614	25	14	1135	46	0	1220
3615	23	13	30	1142	0	1208
3616	29	6	20	1165	0	1220
3617	17	7	1138	61	0	1223
3618	16	8	41	1078	0	1143
3619	12	1104	22	46	0	1184
3620	15	36	1108	34	0	1193
3621	7	16	1032	20	0	1075
3622	8	939	48	16	0	1011
3623	8	800	15	14	0	837
3624	5	650	5	7	0	667
3625	585	21	12	19	0	637
3626	563	5	3	8	0	579
3627	574	5	3	4	0	586
3628	24	6	5	559	0	594
3629	8	6	557	15	0	586
3630	5	4	13	544	0	566
3631	6	6	7	556	0	575
3632	539	3	4	21	0	567
3633	547	1	5	14	0	567
3634	15	530	7	17	0	569
3635	541	13	1	11	0	566
3636	548	11	3	9	0	571
3637	561	2	5	8	0	576
3638	20	1	531	10	0	562
3639	8	7	520	4	0	539
3640	12	0	18	517	0	547
3641	4	3	517	17	0	541
3642	459	5	14	10	0	488
3643	471	1	6	8	0	486
3644	18	2	457	7	0	484
3645	445	3	12	7	0	467
3646	12	450	8	4	0	474
3647	448	10	4	6	0	468
3648	17	3	7	441	0	468
3649	9	5	5	435	0	454
3650	9	441	3	13	0	466
3651	440	14	3	8	0	465
3652	441	6	4	4	0	455
3653	17	441	3	5	0	466
3654	18	12	1	434	0	465
3655	6	6	5	431	0	448
3656	7	436	5	18	0	466
3657	4	15	3	439	0	461
3658	5	7	2	450	0	464
3659	439	5	1	18	0	463
3660	450	3	2	8	0	463
3661	16	7	440	6	0	469
3662	425	4	13	7	0	449
3663	18	5	437	8	0	468
3664	9	12	13	420	0	454
3665	7	6	424	14	0	451
3666	5	419	14	12	0	450
3667	9	11	10	401	0	431
3668	8	5	6	409	0	428
3669	403	4	5	16	0	428
3670	12	5	4	395	0	416
3671	6	4	382	14	0	406
3672	380	5	10	9	0	404
3673	391	6	3	7	0	407
3674	389	6	3	6	0	404
3675	379	4	2	8	0	393
3676	17	5	3	394	0	419
3677	14	0	4	390	0	408
3678	10	4	4	416	0	434
3679	13	4	4	409	0	430
3680	391	1	6	17	0	415
3681	386	5	2	15	0	408
3682	18	5	2	358	0	383
3683	11	369	3	18	0	401
3684	378	11	2	12	0	403
3685	15	4	360	6	0	385
3686	12	362	12	6	0	392
3687	348	10	4	7	0	369
3688	15	350	3	5	0	373
3689	11	8	340	3	0	362
3690	344	5	9	4	0	362
3691	354	7	5	3	0	369
3692	15	0	332	3	0	350
3693	10	3	12	325	0	350
3694	9	4	4	324	0	341
3695	9	324	4	14	0	351
3696	8	5	7	302	0	322
3697	302	6	2	9	0	319
3698	11	301	5	9	0	326
3699	10	8	3	288	0	309
3700	11	6	1	295	0	313
3701	9	3	278	9	0	299
3702	7	281	8	6	0	302
3703	249	6	3	8	0	266
3704	10	204	2	4	0	220
3705	3	192	2	4	0	201
3706	183	6	5	3	0	197
3707	11	3	2	173	0	189
3708	7	3	2	179	0	191
3709	176	2	3	8	0	189
3710	8	1	0	174	0	183
3711	5	2	2	176	0	185
3712	191	2	0	10	0	203
3713	10	2	2	186	0	200
3714	6	184	1	7	0	198
3715	181	6	1	6	0	194
3716	7	2	179	7	0	195
3717	5	174	5	5	0	189
3718	3	6	2	172	0	183
3719	5	3	154	4	0	166
3720	2	1	157	5	0	165
3721	3	2	8	154	0	167
3722	154	1	2	5	0	162
3723	4	0	2	150	0	156
3724	2	3	3	146	0	154
3725	2	0	1	156	0	159
3726	3	1	2	150	0	156
3727	3	2	1	156	0	162
3728	1	0	150	9	0	160
3729	2	2	150	5	0	159
3730	2	0	6	151	0	159
3731	3	1	146	7	0	157
3732	2	150	3	6	0	161
3733	2	3	6	152	0	163
3734	2	3	149	6	0	160
3735	139	1	3	5	0	148
3736	2	151	3	1	0	157
3737	2	144	0	10	0	156
3738	3	159	3	2	0	167
3739	3	7	1	156	0	167
3740	156	2	0	7	0	165
3741	4	4	2	159	0	169
3742	151	1	8	5	0	165
3743	3	159	1	6	0	169
3744	165	4	1	1	0	171
3745	5	4	0	169	0	178
3746	5	2	0	172	0	179
3747	3	164	2	6	0	175
3748	2	5	1	168	0	176
3749	4	3	0	172	0	179
3750	1	1	2	176	0	180
3751	162	1	1	9	0	173
3752	149	1	1	8	0	159
3753	6	1	161	5	0	173
3754	161	2	2	4	0	169
3755	6	1	172	3	0	182
3756	6	1	4	164	0	175
3757	2	1	4	166	0	173
3758	3	2	1	172	0	178
3759	2	1	166	6	0	175
3760	1	2	3	161	0	167
3761	1	0	160	6	0	167
3762	1	0	4	164	0	169
3763	158	0	4	5	0	167
3764	2	0	161	6	0	169
3765	159	1	3	3	0	166
3766	3	0	4	158	0	165
3767	161	0	0	6	0	167
3768	3	159	0	5	0	167
3769	3	3	2	162	0	170
3770	2	2	154	5	0	163
3771	2	0	4	155	0	161
3772	2	1	3	150	0	156
3773	1	151	0	5	0	157
3774	1	2	151	3	0	157
3775	0	147	4	0	0	151
3776	118	2	1	1	0	122
3777	2	120	2	0	0	124
3778	98	1	0	2	0	101
3779	117	2	0	1	0	120
3780	118	1	0	0	0	119
3781	3	1	0	118	0	122
3782	1	0	115	3	0	119
3783	1	0	1	101	0	103
3784	0	107	1	3	0	111
3785	1	2	0	112	0	115
3786	102	0	0	2	0	104
3787	2	99	0	0	0	101
3788	2	2	0	100	0	104
3789	0	0	0	101	0	101
3790	102	0	0	2	0	104
3791	2	0	101	0	0	103
3792	0	100	2	0	0	102
3793	1	2	0	101	0	104
3794	1	0	101	2	0	104
3795	1	0	2	96	0	99
3796	0	103	0	3	0	106
3797	0	1	1	97	0	99
3798	0	0	0	99	0	99
3799	0	1	0	99	0	100
3800	0	0	96	3	0	99
3801	89	0	1	0	0	90
3802	2	1	0	97	0	100
3803	107	0	0	3	0	110
3804	113	0	0	1	0	114
3805	111	0	0	0	0	111
3806	111	0	1	0	0	112
3807	115	1	0	0	0	116
3808	3	1	0	112	0	116
3809	1	112	1	9	0	123
3810	0	3	0	119	0	122
3811	0	123	0	2	0	125
3812	0	2	0	105	0	107
3813	104	0	0	3	0	107
3814	4	0	0	104	0	108
3815	1	0	107	2	0	110
3816	103	0	2	0	0	105
3817	3	106	0	1	0	110
3818	99	2	0	1	0	102
3819	99	1	0	1	0	101
3820	99	0	0	1	0	100
3821	3	113	0	0	0	116
3822	2	2	0	113	0	117
3823	1	0	0	117	0	118
3824	0	2	114	3	0	119
3825	1	0	3	113	0	117
3826	1	1	0	107	0	109
3827	1	1	0	107	0	109
3828	3	111	0	2	0	116
3829	112	2	0	3	0	117
3830	109	0	2	2	0	113
3831	2	1	109	0	0	112
3832	0	114	1	1	0	116
3833	2	2	0	116	0	120
3834	1	0	1	115	0	117
3835	2	0	0	111	0	113
3836	1	2	0	112	0	115
3837	1	0	0	116	0	117
3838	0	1	106	4	0	111
3839	1	0	104	0	0	105
3840	104	0	1	2	0	107
3841	113	0	1	2	0	116
3842	112	1	0	2	0	115
3843	2	2	0	115	0	119
3844	2	0	112	3	0	117
3845	104	0	2	1	0	107
3846	108	0	2	1	0	111
3847	2	2	109	1	0	114
3848	118	0	3	2	0	123
3849	3	0	133	1	0	137
3850	1	0	2	133	0	136
3851	1	0	133	3	0	137
3852	130	0	2	2	0	134
3853	136	0	2	1	0	139
3854	133	0	3	0	0	136
3855	138	0	0	2	0	140
3856	4	0	141	0	0	145
3857	2	143	3	0	0	148
3858	149	1	0	2	0	152
3859	150	0	3	0	0	153
3860	4	0	146	1	0	151
3861	2	0	3	145	0	150
3862	1	0	2	148	0	151
3863	3	0	143	2	0	148
3864	139	0	4	0	0	143
3865	148	0	0	2	0	150
3866	1	145	3	0	0	149
3867	148	3	1	0	0	152
3868	149	0	0	1	0	150
3869	152	0	1	0	0	153
3870	149	0	1	1	0	151
3871	2	0	147	1	0	150
3872	147	2	2	1	0	152
3873	5	0	1	143	0	149
3874	4	154	1	2	0	161
3875	1	2	151	0	0	154
3876	0	158	3	2	0	163
3877	2	3	0	155	0	160
3878	2	0	159	2	0	163
3879	132	0	1	0	0	133
3880	3	0	141	0	0	144
3881	139	1	2	1	0	143
3882	4	0	0	142	0	146
3883	1	0	1	143	0	145
3884	2	137	0	1	0	140
3885	1	138	1	2	0	142
3886	0	3	1	140	0	144
3887	144	0	0	2	0	146
3888	141	0	1	1	0	143
3889	140	1	0	0	0	141
3890	2	0	151	0	0	153
3891	147	1	2	0	0	150
3892	1	0	164	2	0	167
3893	1	0	153	2	0	156
3894	155	2	1	0	0	158
3895	165	1	1	1	0	168
3896	7	1	164	1	0	173
3897	1	0	2	164	0	167
3898	1	0	1	168	0	170
3899	168	1	1	2	0	172
3900	160	1	2	0	0	163
3901	3	0	183	1	0	187
3902	0	181	1	2	0	184
3903	0	181	0	1	0	182
3904	172	1	0	0	0	173
3905	0	1	0	173	0	174
3906	0	0	0	170	0	170
3907	1	0	0	183	0	184
3908	180	0	0	1	0	181
3909	2	0	0	175	0	177
3910	173	0	1	1	0	175
3911	176	0	0	0	0	176
3912	1	188	1	1	0	191
3913	0	0	2	207	0	209
3914	1	0	212	0	0	213
3915	202	0	0	2	0	204
3916	206	0	2	1	0	209
3917	205	0	2	1	0	208
3918	2	0	218	0	0	220
3919	1	0	3	220	0	224
3920	224	0	1	1	0	226
3921	202	0	2	1	0	205
3922	206	0	0	0	0	206
3923	3	205	0	1	0	209
3924	3	208	0	0	0	211
3925	2	0	1	212	0	215
3926	0	1	2	211	0	214
3927	1	209	0	1	0	211
3928	214	0	0	0	0	214
3929	2	1	226	1	0	230
3930	1	0	2	227	0	230
3931	1	0	0	230	0	231
3932	0	1	227	2	0	230
3933	214	0	2	2	0	218
3934	228	0	1	0	0	229
3935	3	231	0	0	0	234
3936	236	2	0	0	0	238
3937	4	0	247	0	0	251
3938	275	0	1	5	0	281
3939	3	0	298	1	0	302
3940	293	0	4	1	0	298
3941	302	0	1	0	0	303
3942	300	0	0	2	0	302
3943	289	0	1	1	0	291
3944	0	298	0	1	0	299
3945	295	0	0	2	0	297
3946	307	0	0	2	0	309
3947	1	0	305	0	0	306
3948	285	1	0	2	0	288
3949	0	1	0	293	0	294
3950	0	0	285	1	0	286
3951	291	0	0	1	0	292
3952	1	1	0	299	0	301
3953	306	0	0	1	0	307
3954	326	0	1	2	0	329
3955	0	0	316	1	0	317
3956	303	0	0	1	0	304
3957	307	0	0	1	0	308
3958	313	0	0	2	0	315
3959	313	0	0	1	0	314
3960	0	1	0	312	0	313
3961	1	309	0	0	0	310
3962	303	0	1	1	0	305
3963	311	0	0	1	0	312
3964	324	0	1	0	0	325
3965	1	0	314	0	0	315
3966	1	324	0	1	0	326
3967	1	0	1	328	0	330
3968	2	0	0	328	0	330
3969	1	1	371	0	0	373
3970	2	0	3	375	0	380
3971	1	0	385	3	0	389
3972	1	0	3	379	0	383
3973	2	0	0	408	0	410
3974	1	1	397	4	0	403
3975	386	0	4	2	0	392
3976	405	1	0	2	0	408
3977	3	1	404	1	0	409
3978	395	0	2	3	0	400
3979	427	0	1	1	0	429
3980	3	2	455	1	0	461
3981	3	0	3	447	0	453
3982	1	0	1	452	0	454
3983	462	0	0	4	0	466
3984	3	464	1	1	0	469
3985	434	4	2	5	0	445
3986	473	1	0	1	0	475
3987	6	477	1	1	0	485
3988	485	3	2	0	0	490
3989	477	0	0	4	0	481
3990	2	477	4	1	0	484
3991	3	4	0	479	0	486
3992	1	487	2	7	0	497
3993	3	2	1	491	0	497
3994	4	0	489	3	0	496
3995	4	1	470	1	0	476
3996	484	0	5	0	0	489
3997	493	1	0	3	0	497
3998	5	2	493	1	0	501
3999	478	0	4	3	0	485
4000	497	1	1	5	0	504
4001	480	1	0	3	0	484
4002	3	528	2	1	0	534
4003	4	4	2	531	0	541
4004	539	0	0	5	0	544
4005	527	1	2	3	0	533
4006	4	2	538	1	0	545
4007	6	0	3	535	0	544
4008	4	0	1	534	0	539
4009	2	543	1	3	0	549
4010	1	576	0	2	0	579
4011	4	11	1	553	0	569
4012	3	574	0	7	0	584
4013	559	7	1	5	0	572
4014	8	564	3	1	0	576
4015	592	7	0	3	0	602
4016	10	0	619	1	0	630
4017	627	0	6	1	0	634
4018	656	1	0	2	0	659
4019	660	0	0	1	0	661
4020	645	0	2	1	0	648
4021	11	654	0	1	0	666
4022	2	9	0	661	0	672
4023	7	0	0	655	0	662
4024	3	1	664	8	0	676
4025	3	2	11	650	0	666
4026	2	0	0	666	0	668
4027	670	1	0	13	0	684
4028	11	675	2	0	0	688
4029	4	11	1	673	0	689
4030	2	1	1	699	0	703
4031	4	2	1	702	0	709
4032	690	4	2	14	0	710
4033	10	2	0	702	0	714
4034	689	0	2	18	0	709
4035	11	1	3	694	0	709
4036	9	1	0	704	0	714
4037	4	1	684	15	0	704
4038	601	0	13	6	0	620
4039	13	647	1	4	0	665
4040	659	10	1	9	0	679
4041	11	1	4	652	0	668
4042	6	1	0	670	0	677
4043	679	2	2	14	0	697
4044	699	2	0	6	0	707
4045	17	1	1	727	0	746
4046	10	2	720	20	0	752
4047	7	4	727	3	0	741
4048	5	792	18	5	0	820
4049	784	17	3	10	0	814
4050	787	4	5	4	0	800
4051	22	4	3	771	0	800
4052	5	782	1	18	0	806
4053	9	17	0	783	0	809
4054	6	5	2	767	0	780
4055	5	753	3	21	0	782
4056	767	22	2	8	0	799
4057	30	2	1	792	0	825
4058	6	832	2	22	0	862
4059	9	878	1	5	0	893
4060	860	21	3	5	0	889
4061	24	4	841	7	0	876
4062	852	5	18	4	0	879
4063	25	13	4	851	0	893
4064	12	0	1	852	0	865
4065	5	843	3	27	0	878
4066	12	18	3	836	0	869
4067	5	9	855	24	0	893
4068	5	827	19	21	0	872
4069	3	843	4	7	0	857
4070	824	16	1	12	0	853
4071	19	839	6	2	0	866
4072	8	19	2	827	0	856
4073	6	813	0	19	0	838
4074	11	15	0	830	0	856
4075	9	9	2	833	0	853
4076	4	6	797	24	0	831
4077	5	3	13	797	0	818
4078	8	4	3	821	0	836
4079	792	4	4	26	0	826
4080	16	5	771	12	0	804
4081	10	2	16	780	0	808
4082	8	4	775	21	0	808
4083	764	6	15	7	0	792
4084	21	771	8	7	0	807
4085	827	15	3	13	0	858
4086	21	7	5	837	0	870
4087	14	8	1	849	0	872
4088	5	9	862	26	0	902
4089	786	6	17	21	0	830
4090	21	866	6	13	0	906
4091	844	19	8	10	0	881
4092	23	10	3	836	0	872
4093	14	843	1	24	0	882
4094	837	26	3	6	0	872
4095	23	877	4	9	0	913
4096	10	24	3	888	0	925
4097	9	6	4	899	0	918
4098	13	6	1	898	0	918
4099	8	877	4	24	0	913
4100	7	22	2	883	0	914
4101	9	6	5	908	0	928
4102	832	6	6	32	0	876
4103	831	11	5	13	0	860
4104	830	6	2	12	0	850
4105	27	5	850	12	0	894
4106	844	11	18	13	0	886
4107	873	8	6	13	0	900
4108	863	4	5	14	0	886
4109	20	8	807	9	0	844
4110	820	6	8	8	0	842
4111	27	2	6	827	0	862
4112	11	6	806	21	0	844
4113	6	789	14	13	0	822
4114	11	36	7	780	0	834
4115	5	775	4	14	0	798
4116	5	764	4	9	0	782
4117	723	16	4	8	0	751
4118	15	8	2	729	0	754
4119	732	6	0	16	0	754
4120	17	7	1	732	0	757
4121	726	1	3	18	0	748
4122	13	3	0	730	0	746
4123	723	1	3	17	0	744
4124	20	0	692	6	0	718
4125	10	8	10	693	0	721
4126	11	2	715	14	0	742
4127	4	2	671	9	0	686
4128	5	3	720	6	0	734
4129	6	1	16	711	0	734
4130	4	1	718	11	0	734
4131	690	3	11	12	0	716
4132	14	1	3	725	0	743
4133	6	2	768	14	0	790
4134	7	5	10	766	0	788
4135	5	3	4	783	0	795
4136	1	3	846	17	0	867
4137	6	1	10	831	0	848
4138	7	3	3	840	0	853
4139	5	870	5	17	0	897
4140	883	13	2	11	0	909
4141	902	3	1	13	0	919
4142	18	3	883	4	0	908
4143	841	0	9	11	0	861
4144	13	3	834	3	0	853
4145	7	1	791	1	0	800
4146	4	1	802	4	0	811
4147	4	1	8	773	0	786
4148	2	2	751	4	0	759
4149	2	0	7	749	0	758
4150	2	1	4	744	0	751
4151	2	0	3	759	0	764
4152	3	0	1	763	0	767
4153	753	2	1	12	0	768
4154	747	0	1	9	0	757
4155	7	775	2	3	0	787
4156	6	4	0	775	0	785
4157	3	3	797	4	0	807
4158	0	805	7	3	0	815
4159	1	8	2	841	0	852
4160	0	2	860	10	0	872
4161	2	4	7	847	0	860
4162	3	3	860	9	0	875
4163	3	2	839	5	0	849
4164	4	1	10	846	0	861
4165	6	0	5	861	0	872
4166	870	0	5	10	0	885
4167	9	1	0	849	0	859
4168	851	0	3	13	0	867
4169	9	846	4	3	0	862
4170	1	873	2	4	0	880
4171	2	8	1	907	0	918
4172	898	4	1	12	0	915
4173	8	924	1	4	0	937
4174	8	8	0	992	0	1008
4175	1035	3	0	13	0	1051
4176	1056	3	0	8	0	1067
4177	1029	2	1	5	0	1037
4178	1020	2	2	8	0	1032
4179	1075	1	0	2	0	1078
4180	12	1	1039	3	0	1055
4181	6	1	1027	1	0	1035
4182	4	1044	11	0	0	1059
4183	3	6	4	1036	0	1049
4184	1	4	1109	7	0	1121
4185	2	1	1072	3	0	1078
4186	2	9	13	1044	0	1068
4187	2	2	1117	11	0	1132
4188	2	2	1100	5	0	1109
4189	0	1365	16	5	0	1386
4190	1349	12	4	6	0	1371
4191	13	1489	6	1	0	1509
4192	8	21	4	1561	0	1594
4193	1596	5	3	20	0	1624
4194	14	1631	5	9	0	1659
4195	16	13	2	1588	0	1619
4196	3	5	1607	18	0	1633
4197	1596	2	17	12	0	1627
4198	1634	2	6	9	0	1651
4199	1668	3	3	9	0	1683
4200	32	3	3	1648	0	1686
4201	10	3	1661	22	0	1696
4202	6	1624	20	11	0	1661
4203	16	21	6	1635	0	1678
4204	1634	6	2	22	0	1664
4205	23	4	1623	8	0	1658
4206	10	1563	18	8	0	1599
4207	8	21	1588	3	0	1620
4208	1579	5	19	11	0	1614
4209	1620	3	5	9	0	1637
4210	1622	3	4	4	0	1633
4211	27	3	1600	2	0	1632
4212	10	1577	18	4	0	1609
4213	12	19	11	1579	0	1621
4214	11	5	8	1590	0	1614
4215	12	2	7	1591	0	1612
4216	5	5	1587	27	0	1624
4217	1527	2	23	17	0	1569
4218	19	3	1626	10	0	1658
4219	1625	4	24	7	0	1660
4220	1636	3	9	11	0	1659
4221	1651	8	7	7	0	1673
4222	1626	0	10	15	0	1651
4223	32	6	1615	4	0	1657
4224	14	7	16	1610	0	1647
4225	7	6	1588	25	0	1626
4226	10	1540	20	13	0	1583
4227	13	1617	8	9	0	1647
4228	1607	22	8	8	0	1645
4229	1563	10	7	11	0	1591
4230	27	1605	7	10	0	1649
4231	1616	23	11	4	0	1654
4232	31	15	1368	9	0	1423
4233	1528	7	14	12	0	1561
4234	33	1576	7	7	0	1623
4235	1592	22	8	12	0	1634
4236	1536	12	10	6	0	1564
4237	33	6	8	1490	0	1537
4238	22	8	7	1496	0	1533
4239	1463	6	8	35	0	1512
4240	37	9	6	1464	0	1516
4241	1469	5	8	27	0	1509
4242	32	8	8	1464	0	1512
4243	1443	3	10	33	0	1489
4244	1439	2	9	22	0	1472
4245	34	1427	8	9	0	1478
4246	23	1459	10	6	0	1498
4247	1404	30	9	12	0	1455
4248	26	1441	10	14	0	1491
4249	20	27	9	1411	0	1467
4250	23	15	5	1453	0	1496
4251	1427	5	3	38	0	1473
4252	32	1420	18	12	0	1482
4253	19	1400	12	10	0	1441
4254	19	1419	10	11	0	1459
4255	21	23	1379	11	0	1434
4256	16	12	1355	8	0	1391
4257	16	10	1322	7	0	1355
4258	17	31	23	1130	0	1201
4259	14	1216	23	14	0	1267
4260	1208	21	5	15	0	1249
4261	28	9	1208	7	0	1252
4262	22	3	1198	14	0	1237
4263	11	7	1253	9	0	1280
4264	23	8	25	1235	0	1291
4265	23	6	9	1239	0	1277
4266	19	3	13	1257	0	1292
4267	1255	3	11	23	0	1292
4268	1226	8	13	9	0	1256
4269	1237	10	4	9	0	1260
4270	34	6	7	1202	0	1249
4271	15	3	1156	15	0	1189
4272	11	10	1165	6	0	1192
4273	13	3	19	1159	0	1194
4274	18	2	11	1110	0	1141
4275	1065	6	7	27	0	1105
4276	24	1059	5	11	0	1099
4277	1040	13	9	7	0	1069
4278	24	1051	8	7	0	1090
4279	20	15	3	1046	0	1084
4280	17	4	1040	18	0	1079
4281	15	29	18	1015	0	1077
4282	1066	6	7	22	0	1101
4283	21	3	1065	14	0	1103
4284	997	4	12	10	0	1023
4285	20	2	988	10	0	1020
4286	25	5	971	5	0	1006
4287	933	6	12	8	0	959
4288	18	6	972	2	0	998
4289	9	6	660	2	0	677
4290	7	659	22	4	0	692
4291	558	6	22	5	0	591
4292	460	1	1	3	0	465
4293	450	1	2	2	0	455
4294	5	1	436	2	0	444
4295	413	0	4	1	0	418
4296	13	417	2	0	0	432
4297	402	3	0	3	0	408
4298	3	1	412	2	0	418
4299	4	1	4	394	0	403
4300	0	1	408	3	0	412
4301	0	390	5	2	0	397
4302	1	3	2	393	0	399
4303	1	1	0	400	0	402
4304	404	0	1	4	0	409
4305	391	0	1	6	0	398
4306	404	0	1	0	0	405
4307	403	0	0	1	0	404
4308	397	0	0	1	0	398
4309	4	1	398	2	0	405
4310	2	0	3	387	0	392
4311	1	0	399	2	0	402
4312	3	0	2	397	0	402
4313	403	0	1	6	0	410
4314	419	0	0	1	0	420
4315	416	1	1	0	0	418
4316	411	0	0	2	0	413
4317	3	3	404	0	0	410
4318	3	0	1	367	0	371
4319	1	0	379	2	0	382
4320	1	388	2	2	0	393
4321	2	371	2	0	0	375
4322	2	2	3	373	0	380
4323	2	1	1	407	0	411
4324	2	0	2	389	0	393
4325	2	2	1	421	0	426
4326	426	1	0	4	0	431
4327	3	416	2	3	0	424
4328	398	3	2	3	0	406
4329	5	1	1	401	0	408
4330	3	1	0	395	0	399
4331	3	399	0	4	0	406
4332	4	3	0	401	0	408
4333	406	1	1	3	0	411
4334	5	393	0	2	0	400
4335	1	386	1	2	0	390
4336	392	2	0	1	0	395
4337	3	1	2	378	0	384
4338	2	383	0	1	0	386
4339	4	2	1	385	0	392
4340	374	1	1	4	0	380
4341	5	2	0	370	0	377
4342	0	1	1	381	0	383
4343	374	1	0	6	0	381
4344	3	1	1	373	0	378
4345	3	379	1	3	0	386
4346	4	1	1	380	0	386
4347	3	380	0	4	0	387
4348	8	2	1	383	0	394
4349	377	0	3	6	0	386
4350	379	2	2	2	0	385
4351	3	0	2	393	0	398
4352	2	1	385	2	0	390
4353	374	0	1	4	0	379
4354	4	2	382	1	0	389
4355	362	1	1	5	0	369
4356	367	1	2	8	0	378
4357	1	1	379	3	0	384
4358	2	383	2	3	0	390
4359	376	1	1	3	0	381
4360	367	1	1	3	0	372
4361	4	2	377	1	0	384
4362	366	1	1	4	0	372
4363	350	2	0	4	0	356
4364	342	3	2	5	0	352
4365	6	0	0	349	0	355
4366	2	1	1	338	0	342
4367	2	352	0	4	0	358
4368	6	4	0	375	0	385
4369	3	1	0	375	0	379
4370	0	4	366	5	0	375
4371	2	2	341	1	0	346
4372	314	7	2	4	0	327
4373	344	1	1	2	0	348
4374	2	341	1	5	0	349
4375	2	4	1	341	0	348
4376	4	0	346	6	0	356
4377	2	2	2	346	0	352
4378	1	4	0	343	0	348
4379	2	1	1	363	0	367
4380	2	358	0	6	0	366
4381	1	4	1	366	0	372
4382	2	4	0	357	0	363
4383	4	2	334	6	0	346
4384	3	3	335	5	0	346
4385	322	3	4	5	0	334
4386	347	1	1	5	0	354
4387	6	1	3	369	0	379
4388	7	2	1	326	0	336
4389	7	2	3	338	0	350
4390	4	4	329	7	0	344
4391	4	326	5	8	0	343
4392	4	4	333	6	0	347
4393	331	2	6	4	0	343
4394	6	2	335	5	0	348
4395	331	2	7	3	0	343
4396	319	2	3	1	0	325
4397	331	2	5	1	0	339
4398	14	3	2	342	0	361
4399	8	0	340	8	0	356
4400	4	346	7	5	0	362
4401	5	9	2	336	0	352
4402	4	2	1	355	0	362
4403	3	2	359	9	0	373
4404	1	370	9	6	0	386
4405	390	7	2	5	0	404
4406	11	398	2	4	0	415
4407	437	8	3	3	0	451
4408	11	4	3	426	0	444
4409	4	3	454	11	0	472
4410	7	454	11	6	0	478
4411	463	12	2	8	0	485
4412	14	1	500	7	0	522
4413	492	4	18	2	0	516
4414	501	2	5	6	0	514
4415	16	2	502	2	0	522
4416	497	0	13	3	0	513
4417	501	5	2	2	0	510
4418	501	0	3	5	0	509
4419	16	487	6	4	0	513
4420	469	11	3	4	0	487
4421	15	481	5	4	0	505
4422	5	14	501	1	0	521
4423	6	506	13	0	0	525
4424	497	11	1	2	0	511
4425	486	3	3	6	0	498
4426	496	2	7	1	0	506
4427	16	5	2	475	0	498
4428	11	2	2	492	0	507
4429	463	1	3	15	0	482
4430	486	2	4	5	0	497
4431	19	2	1	474	0	496
4432	9	2	483	13	0	507
4433	10	447	12	2	0	471
4434	6	487	3	4	0	500
4435	7	11	6	477	0	501
4436	8	7	475	11	0	501
4437	9	7	13	445	0	474
4438	7	477	2	14	0	500
4439	7	11	8	476	0	502
4440	6	5	477	14	0	502
4441	9	6	10	475	0	500
4442	7	3	492	17	0	519
4443	8	2	16	491	0	517
4444	7	2	502	19	0	530
4445	6	4	499	7	0	516
4446	481	4	15	8	0	508
4447	500	3	10	4	0	517
4448	507	4	6	6	0	523
4449	20	501	6	2	0	529
4450	9	15	3	513	0	540
4451	475	3	5	14	0	497
4452	507	3	4	10	0	524
4453	503	4	5	9	0	521
4454	22	2	488	9	0	521
4455	10	462	13	7	0	492
4456	7	503	6	8	0	524
4457	495	16	14	4	0	529
4458	16	8	4	494	0	522
4459	487	5	6	20	0	518
4460	18	3	492	7	0	520
4461	7	2	17	487	0	513
4462	10	8	3	495	0	516
4463	10	5	6	461	0	482
4464	8	484	7	15	0	514
4465	483	14	2	9	0	508
4466	489	6	3	7	0	505
4467	12	480	9	8	0	509
4468	11	15	3	464	0	493
4469	466	4	6	12	0	488
4470	24	7	4	456	0	491
4471	458	6	7	15	0	486
4472	22	461	3	6	0	492
4473	463	15	3	6	0	487
4474	21	8	444	8	0	481
4475	11	450	13	7	0	481
4476	15	14	463	6	0	498
4477	22	12	26	436	0	496
4478	449	12	7	12	0	480
4479	453	9	7	7	0	476
4480	448	5	8	10	0	471
4481	21	6	6	437	0	470
4482	460	6	2	13	0	481
4483	24	6	3	448	0	481
4484	449	3	4	15	0	471
4485	455	5	4	15	0	479
4486	22	5	446	12	0	485
4487	7	5	395	6	0	413
4488	11	3	388	4	0	406
4489	6	7	14	375	0	402
4490	394	3	7	12	0	416
4491	15	5	6	408	0	434
4492	11	3	3	417	0	434
4493	462	3	4	14	0	483
4494	452	3	2	15	0	472
4495	463	0	0	11	0	474
4496	480	0	3	9	0	492
4497	20	0	3	467	0	490
4498	444	3	1	10	0	458
4499	11	437	3	4	0	455
4500	436	8	2	7	0	453
4501	444	5	0	5	0	454
4502	9	4	426	4	0	443
4503	399	2	4	5	0	410
4504	11	0	390	2	0	403
4505	1	1	350	0	0	352
4506	4	0	356	3	0	363
4507	2	0	10	297	0	309
4508	1	1	335	2	0	339
4509	4	1	2	306	0	313
4510	0	0	323	3	0	326
4511	2	1	355	0	0	358
4512	2	0	2	329	0	333
4513	1	0	1	372	0	374
4514	1	0	396	0	0	397
4515	385	0	1	1	0	387
4516	3	0	0	394	0	397
4517	1	0	2	401	0	404
4518	405	0	0	1	0	406
4519	3	0	0	413	0	416
4520	1	0	414	4	0	419
4521	3	0	382	0	0	385
4522	0	0	3	366	0	369
4523	0	0	368	2	0	370
4524	0	360	4	0	0	364
4525	0	2	0	362	0	364
4526	367	0	1	2	0	370
4527	2	1	363	1	0	367
4528	357	0	2	3	0	362
4529	4	0	0	368	0	372
4530	0	0	1	370	0	371
4531	3	0	0	365	0	368
4532	1	0	0	361	0	362
4533	359	0	0	6	0	365
4534	3	370	1	1	0	375
4535	1	3	0	374	0	378
4536	2	0	0	378	0	380
4537	1	1	0	383	0	385
4538	0	0	1	383	0	384
4539	377	0	1	6	0	384
4540	3	376	2	1	0	382
4541	374	3	1	3	0	381
4542	4	355	1	1	0	361
4543	0	356	0	2	0	358
4544	356	3	2	1	0	362
4545	4	1	366	1	0	372
4546	0	1	5	360	0	366
4547	372	0	1	6	0	379
4548	368	0	1	3	0	372
4549	306	2	1	5	0	314
4550	369	1	2	1	0	373
4551	5	406	1	0	0	412
4552	406	7	0	5	0	418
4553	408	0	1	2	0	411
4554	7	459	0	0	0	466
4555	6	8	0	454	0	468
4556	2	2	461	8	0	473
4557	3	1	8	465	0	477
4558	450	0	0	12	0	462
4559	8	1	467	1	0	477
4560	0	458	8	2	0	468
4561	1	7	478	1	0	487
4562	2	1	9	447	0	459
4563	2	470	0	6	0	478
4564	490	9	2	3	0	504
4565	8	493	0	4	0	505
4566	3	8	2	486	0	499
4567	4	0	1	494	0	499
4568	477	2	0	12	0	491
4569	9	0	1	472	0	482
4570	2	491	1	7	0	501
4571	481	10	1	2	0	494
4572	488	2	0	6	0	496
4573	9	495	2	0	0	506
4574	487	8	1	5	0	501
4575	10	489	2	1	0	502
4576	466	9	1	6	0	482
4577	9	470	1	4	0	484
4578	4	10	3	452	0	469
4579	5	2	0	478	0	485
4580	474	3	1	14	0	492
4581	473	4	1	6	0	484
4582	12	460	2	2	0	476
4583	4	12	458	4	0	478
4584	455	7	9	3	0	474
4585	13	5	1	459	0	478
4586	3	467	4	14	0	488
4587	3	14	1	469	0	487
4588	471	0	1	14	0	486
4589	478	4	2	4	0	488
4590	453	3	13	6	0	475
4591	17	2	2	453	0	474
4592	7	3	465	11	0	486
4593	406	2	11	4	0	423
4594	416	4	0	3	0	423
4595	432	4	2	3	0	441
4596	14	414	0	3	0	431
4597	2	11	2	411	0	426
4598	9	428	1	10	0	448
4599	2	14	0	435	0	451
4600	4	2	4	460	0	470
4601	4	4	499	15	0	522
4602	9	1	14	556	0	580
4603	4	4	2	578	0	588
4604	569	3	3	20	0	595
4605	16	582	3	6	0	607
4606	575	17	1	8	0	601
4607	589	7	2	6	0	604
4608	22	4	1	560	0	587
4609	11	5	567	17	0	600
4610	9	555	13	7	0	584
4611	4	541	3	8	0	556
4612	525	18	4	6	0	553
4613	13	516	3	6	0	538
4614	12	15	0	494	0	521
4615	7	7	2	505	0	521
4616	5	3	498	17	0	523
4617	5	6	492	6	0	509
4618	5	493	16	5	0	519
4619	2	18	3	487	0	510
4620	487	4	2	14	0	507
4621	22	5	1	487	0	515
4622	6	5	488	17	0	516
4623	6	2	14	494	0	516
4624	485	2	3	19	0	509
4625	497	2	4	6	0	509
4626	16	489	4	5	0	514
4627	492	19	2	4	0	517
4628	18	510	1	4	0	533
4629	528	14	2	12	0	556
4630	18	7	5	523	0	553
4631	9	2	519	16	0	546
4632	3	7	516	7	0	533
4633	7	528	13	7	0	555
4634	10	16	8	522	0	556
4635	6	4	3	542	0	555
4636	537	3	2	14	0	556
4637	545	2	2	8	0	557
4638	545	2	4	9	0	560
4639	16	2	1	540	0	559
4640	8	3	3	544	0	558
4641	13	2	2	547	0	564
4642	3	5	536	15	0	559
4643	4	4	527	8	0	543
4644	519	1	13	10	0	543
4645	520	1	7	7	0	535
4646	16	1	527	1	0	545
4647	520	3	11	5	0	539
4648	507	1	3	5	0	516
4649	12	1	524	6	0	543
4650	6	531	12	3	0	552
4651	3	11	3	487	0	504
4652	3	3	506	12	0	524
4653	6	543	10	4	0	563
4654	2	15	2	476	0	495
4655	2	510	3	8	0	523
4656	5	6	495	3	0	509
4657	1	6	497	5	0	509
4658	4	2	11	492	0	509
4659	501	4	5	7	0	517
4660	8	3	3	502	0	516
4661	493	2	2	7	0	504
4662	10	5	0	492	0	507
4663	5	4	492	8	0	509
4664	480	3	5	12	0	500
4665	9	2	497	3	0	511
4666	494	1	11	3	0	509
4667	9	3	5	492	0	509
4668	4	493	4	11	0	512
4669	6	7	2	502	0	517
4670	2	522	2	11	0	537
4671	4	7	5	492	0	508
4672	2	529	2	11	0	544
4673	526	5	2	8	0	541
4674	524	4	1	7	0	536
4675	526	3	3	4	0	536
4676	14	2	520	3	0	539
4677	8	2	6	522	0	538
4678	6	3	523	5	0	537
4679	4	503	8	6	0	521
4680	3	517	6	3	0	529
4681	510	9	5	3	0	527
4682	5	10	512	1	0	528
4683	4	508	5	4	0	521
4684	2	7	4	517	0	530
4685	518	4	4	6	0	532
4686	7	519	5	5	0	536
4687	529	6	2	5	0	542
4688	9	2	528	5	0	544
4689	6	2	5	534	0	547
4690	7	2	4	542	0	555
4691	7	3	1	551	0	562
4692	2	540	9	11	0	562
4693	7	6	3	516	0	532
4694	2	5	548	8	0	563
4695	4	0	7	536	0	547
4696	3	3	5	539	0	550
4697	8	2	1	535	0	546
4698	3	519	3	8	0	533
4699	5	5	4	515	0	529
4700	8	8	2	501	0	519
4701	2	438	4	12	0	456
4702	381	5	5	3	0	394
4703	1	391	0	9	0	401
4704	1	376	4	11	0	392
4705	1	8	0	384	0	393
4706	1	7	369	9	0	386
4707	351	2	4	10	0	367
4708	1	7	3	384	0	395
4709	4	5	365	9	0	383
4710	3	361	1	10	0	375
4711	2	11	4	366	0	383
4712	3	6	363	7	0	379
4713	4	1	2	347	0	354
4714	6	6	5	339	0	356
4715	350	3	0	10	0	363
4716	4	356	4	5	0	369
4717	356	8	4	7	0	375
4718	0	8	364	9	0	381
4719	3	353	9	7	0	372
4720	5	2	363	3	0	373
4721	6	2	1	379	0	388
4722	388	1	7	7	0	403
4723	3	9	3	382	0	397
4724	382	6	1	11	0	400
4725	386	3	7	4	0	400
4726	4	4	6	390	0	404
4727	5	6	393	6	0	410
4728	7	3	389	8	0	407
4729	9	6	1	406	0	422
4730	12	2	4	406	0	424
4731	411	1	6	7	0	425
4732	9	4	3	408	0	424
4733	5	386	10	3	0	404
4734	2	1	5	401	0	409
4735	6	3	6	396	0	411
4736	384	0	3	12	0	399
4737	6	376	5	10	0	397
4738	10	4	2	389	0	405
4739	7	1	1	391	0	400
4740	3	385	6	10	0	404
4741	6	5	7	388	0	406
4742	3	3	5	398	0	409
4743	3	381	5	13	0	402
4744	8	3	1	397	0	409
4745	2	5	1	391	0	399
4746	5	389	1	11	0	406
4747	1	8	1	395	0	405
4748	382	6	0	15	0	403
4749	376	3	2	18	0	399
4750	373	9	0	12	0	394
4751	378	7	2	13	0	400
4752	1	363	2	17	0	383
4753	320	7	0	14	0	341
4754	2	324	2	10	0	338
4755	5	314	1	12	0	332
4756	6	8	0	330	0	344
4757	5	4	328	11	0	348
4758	324	4	2	11	0	341
4759	340	7	0	8	0	355
4760	4	8	343	7	0	362
4761	349	3	3	7	0	362
4762	361	8	1	4	0	374
4763	15	340	0	3	0	358
4764	399	6	3	6	0	414
4765	11	7	4	379	0	401
4766	12	3	2	387	0	404
4767	9	8	3	386	0	406
4768	6	8	4	389	0	407
4769	400	5	1	14	0	420
4770	11	4	5	396	0	416
4771	11	5	2	388	0	406
4772	13	0	380	9	0	402
4773	341	2	7	9	0	359
4774	378	2	3	7	0	390
4775	371	1	5	9	0	386
4776	13	373	2	7	0	395
4777	14	376	3	4	0	397
4778	381	8	0	13	0	402
4779	11	1	3	393	0	408
4780	4	387	4	15	0	410
4781	10	4	0	397	0	411
4782	11	403	1	12	0	427
4783	415	7	0	12	0	434
4784	8	416	1	11	0	436
4785	7	8	5	412	0	432
4786	7	4	3	402	0	416
4787	8	6	411	9	0	434
4788	10	452	5	3	0	470
4789	8	11	1	474	0	494
4790	8	9	482	10	0	509
4791	0	4	474	5	0	483
4792	7	4	9	472	0	492
4793	5	2	1	471	0	479
4794	1	451	2	13	0	467
4795	1	480	2	3	0	486
4796	1	11	1	480	0	493
4797	482	4	0	11	0	497
4798	13	2	0	511	0	526
4799	505	4	1	11	0	521
4800	518	8	1	8	0	535
4801	526	7	0	4	0	537
4802	16	0	520	9	0	545
4803	528	5	10	1	0	544
4804	14	2	3	530	0	549
4805	11	3	3	537	0	554
4806	10	1	523	14	0	548
4807	7	4	525	10	0	546
4808	3	1	20	504	0	528
4809	11	492	6	10	0	519
4810	2	516	3	13	0	534
4811	4	14	2	523	0	543
4812	520	3	7	13	0	543
4813	14	3	6	516	0	539
4814	7	2	3	521	0	533
4815	6	535	3	15	0	559
4816	5	15	2	542	0	564
4817	1	6	526	23	0	556
4818	10	3	511	7	0	531
4819	508	3	17	13	0	541
4820	12	523	5	16	0	556
4821	528	18	7	4	0	557
4822	535	7	3	13	0	558
4823	18	2	6	512	0	538
4824	7	531	7	8	0	553
4825	12	11	2	533	0	558
4826	529	9	1	19	0	558
4827	21	538	1	6	0	566
4828	522	12	0	6	0	540
4829	11	500	2	6	0	519
4830	514	19	2	1	0	536
4831	511	5	0	10	0	526
4832	21	504	2	3	0	530
4833	6	17	1	509	0	533
4834	516	5	1	16	0	538
4835	13	9	486	4	0	512
4836	12	4	494	1	0	511
4837	11	0	13	498	0	522
4838	513	6	5	13	0	537
4839	11	4	3	521	0	539
4840	525	2	1	14	0	542
4841	13	3	511	6	0	533
4842	519	2	17	3	0	541
4843	553	0	5	12	0	570
4844	23	7	2	546	0	578
4845	7	1	2	565	0	575
4846	11	2	0	553	0	566
4847	3	551	7	12	0	573
4848	7	10	1	552	0	570
4849	12	2	1	561	0	576
4850	548	2	3	22	0	575
4851	553	2	2	12	0	569
4852	17	2	538	11	0	568
4853	537	6	12	4	0	559
4854	13	1	549	9	0	572
4855	507	0	11	12	0	530
4856	16	1	530	4	0	551
4857	14	0	516	3	0	533
4858	3	3	19	501	0	526
4859	8	2	508	13	0	531
4860	524	1	17	9	0	551
4861	15	0	6	567	0	588
4862	578	0	6	11	0	595
4863	580	0	8	7	0	595
4864	545	1	1	8	0	555
4865	537	2	8	3	0	550
4866	21	0	542	2	0	565
4867	9	0	9	548	0	566
4868	9	1	544	9	0	563
4869	10	0	8	532	0	550
4870	534	1	7	9	0	551
4871	17	0	4	537	0	558
4872	543	1	8	8	0	560
4873	11	2	0	548	0	561
4874	7	2	7	552	0	568
4875	546	0	2	22	0	570
4876	17	538	2	6	0	563
4877	542	8	2	11	0	563
4878	15	544	1	6	0	566
4879	7	10	0	553	0	570
4880	563	2	2	17	0	584
4881	17	2	577	4	0	600
4882	7	7	8	566	0	588
4883	566	1	4	12	0	583
4884	579	7	0	3	0	589
4885	18	2	2	571	0	593
4886	11	572	2	13	0	598
4887	3	583	7	5	0	598
4888	6	17	0	531	0	554
4889	532	2	0	11	0	545
4890	16	497	1	3	0	517
4891	3	482	0	5	0	490
4892	483	11	0	4	0	498
4893	7	491	1	1	0	500
4894	484	7	0	3	0	494
4895	8	0	0	484	0	492
4896	4	0	1	498	0	503
4897	0	476	0	9	0	485
4898	1	475	0	2	0	478
4899	455	6	0	2	0	463
4900	6	467	0	0	0	473
4901	1	498	0	0	0	499
4902	2	7	4	487	0	500
4903	493	1	0	9	0	503
4904	7	3	527	2	0	539
4905	530	2	11	1	0	544
4906	15	1	1	597	0	614
4907	2	2	601	15	0	620
4908	1	3	613	3	0	620
4909	5	0	16	614	0	635
4910	1	0	642	16	0	659
4911	629	0	21	4	0	654
4912	658	0	4	2	0	664
4913	19	2	656	3	0	680
4914	5	0	20	642	0	667
4915	7	1	3	647	0	658
4916	639	1	5	26	0	671
4917	20	0	4	621	0	645
4918	5	633	0	23	0	661
4919	654	17	5	5	0	681
4920	19	647	2	3	0	671
4921	6	681	0	5	0	692
4922	6	21	3	660	0	690
4923	9	2	0	672	0	683
4924	5	3	0	685	0	693
4925	4	4	646	21	0	675
4926	615	1	16	11	0	643
4927	18	645	3	6	0	672
4928	650	15	1	5	0	671
4929	674	5	2	7	0	688
4930	24	7	0	663	0	694
4931	6	667	1	18	0	692
4932	7	19	1	682	0	709
4933	4	7	1	707	0	719
4934	711	3	2	27	0	743
4935	711	3	0	12	0	726
4936	20	3	655	7	0	685
4937	681	1	18	10	0	710
4938	26	700	1	4	0	731
4939	700	19	2	7	0	728
4940	21	740	4	3	0	768
4941	11	18	2	754	0	785
4942	4	4	4	761	0	773
4943	6	734	2	21	0	763
4944	6	23	1	762	0	792
4945	6	4	4	781	0	795
4946	8	1	4	769	0	782
4947	5	747	0	27	0	779
4948	5	17	3	753	0	778
4949	8	8	2	765	0	783
4950	5	8	0	764	0	777
4951	4	4	733	28	0	769
4952	701	3	18	15	0	737
4953	21	3	736	12	0	772
4954	713	4	20	13	0	750
4955	24	5	726	10	0	765
4956	715	7	18	11	0	751
4957	750	2	7	8	0	767
4958	29	3	728	7	0	767
4959	11	5	22	715	0	753
4960	8	4	651	26	0	689
4961	653	3	17	11	0	684
4962	23	2	711	10	0	746
4963	10	5	713	5	0	733
4964	706	1	28	2	0	737
4965	25	711	9	5	0	750
4966	11	19	6	712	0	748
4967	732	5	6	23	0	766
4968	29	2	4	735	0	770
4969	11	5	5	759	0	780
4970	740	2	6	28	0	776
4971	752	3	3	14	0	772
4972	27	3	733	7	0	770
4973	13	2	743	8	0	766
4974	10	5	27	725	0	767
4975	7	3	728	28	0	766
4976	11	5	25	720	0	761
4977	9	4	6	745	0	764
4978	4	4	3	770	0	781
4979	722	1	4	31	0	758
4980	23	707	3	16	0	749
4981	694	21	5	15	0	735
4982	705	4	6	13	0	728
4983	29	694	2	9	0	734
4984	678	19	7	9	0	713
4985	25	7	686	5	0	723
4986	12	9	17	670	0	708
4987	671	9	8	24	0	712
4988	22	2	636	10	0	670
4989	635	2	16	17	0	670
4990	21	681	3	8	0	713
4991	790	14	5	5	0	814
4992	786	8	3	9	0	806
4993	32	788	3	3	0	826
4994	828	24	6	4	0	862
4995	28	7	4	826	0	865
4996	17	4	4	841	0	866
4997	823	4	5	29	0	861
4998	817	4	6	14	0	841
4999	30	813	1	13	0	857
5000	10	826	7	10	0	853
5001	17	21	2	776	0	816
5002	11	777	1	16	0	805
5003	9	822	2	3	0	836
5004	747	17	0	14	0	778
5005	16	763	2	3	0	784
5006	703	13	0	6	0	722
5007	13	708	2	5	0	728
5008	5	15	710	3	0	733
5009	3	711	8	4	0	726
5010	700	11	2	5	0	718
5011	700	5	1	1	0	707
5012	11	3	693	0	0	707
5013	3	3	12	670	0	688
5014	9	2	2	696	0	709
5015	3	0	690	10	0	703
5016	6	0	11	668	0	685
5017	2	1	691	12	0	706
5018	1	2	671	7	0	681
5019	644	0	12	5	0	661
5020	8	659	8	3	0	678
5021	661	8	2	8	0	679
5022	13	2	4	660	0	679
5023	5	3	677	8	0	693
5024	5	5	7	641	0	658
5025	3	676	4	11	0	694
5026	680	8	2	11	0	701
5027	700	3	2	5	0	710
5028	12	3	4	696	0	715
5029	8	2	659	9	0	678
5030	625	7	8	6	0	646
5031	16	650	3	2	0	671
5032	646	11	2	7	0	666
5033	12	6	3	654	0	675
5034	643	4	2	7	0	656
5035	14	5	0	645	0	664
5036	8	6	658	9	0	681
5037	5	4	634	7	0	650
5038	632	1	7	9	0	649
5039	10	680	4	6	0	700
5040	671	7	4	7	0	689
5041	657	4	3	6	0	670
5042	14	666	6	1	0	687
5043	656	10	0	7	0	673
5044	15	11	687	3	0	716
5045	13	6	8	690	0	717
5046	10	4	2	701	0	717
5047	5	8	2	723	0	738
5048	8	3	711	12	0	734
5049	7	4	709	6	0	726
5050	3	7	9	700	0	719
5051	6	699	6	9	0	720
5052	6	728	5	8	0	747
5053	719	10	5	6	0	740
5054	717	9	7	6	0	739
5055	12	757	2	5	0	776
5056	7	16	2	764	0	789
5057	10	6	4	781	0	801
5058	820	4	1	19	0	844
5059	13	7	6	842	0	868
5060	11	5	7	840	0	863
5061	9	7	2	847	0	865
5062	10	5	776	14	0	805
5063	7	4	736	11	0	758
5064	760	1	10	15	0	786
5065	12	2	5	815	0	834
5066	11	0	818	12	0	841
5067	4	6	799	9	0	818
5068	807	5	12	10	0	834
5069	11	3	898	9	0	921
5070	7	912	12	9	0	940
5071	4	11	11	1004	0	1030
5072	11	7	1002	12	0	1032
5073	996	8	13	9	0	1026
5074	21	5	10	1057	0	1093
5075	12	5	1053	17	0	1087
5076	10	6	11	1048	0	1075
5077	13	2	9	1062	0	1086
5078	1068	2	6	20	0	1096
5079	16	1095	8	10	0	1129
5080	13	11	10	1092	0	1126
5081	1101	10	4	18	0	1133
5082	1107	7	3	16	0	1133
5083	1120	4	8	7	0	1139
5084	1136	4	5	11	0	1156
5085	27	7	3	1106	0	1143
5086	1103	3	7	20	0	1133
5087	1106	4	5	13	0	1128
5088	1078	2	4	12	0	1096
5089	1090	2	4	11	0	1107
5090	23	1043	4	9	0	1079
5091	7	945	1	6	0	959
5092	7	9	3	939	0	958
5093	5	939	1	10	0	955
5094	927	6	2	7	0	942
5095	12	4	0	940	0	956
5096	938	3	0	6	0	947
5097	935	1	0	12	0	948
5098	15	0	1	946	0	962
5099	10	1	0	939	0	950
5100	4	945	2	12	0	963
5101	946	7	0	8	0	961
5102	8	948	3	4	0	963
5103	975	6	2	2	0	985
5104	12	4	1	981	0	998
5105	6	2	984	10	0	1002
5106	965	3	7	7	0	982
5107	939	3	5	8	0	955
5108	15	6	949	2	0	972
5109	11	2	937	4	0	954
5110	6	4	8	916	0	934
5111	958	1	5	10	0	974
5112	969	2	2	7	0	980
5113	976	0	0	7	0	983
5114	989	2	1	8	0	1000
5115	18	981	3	6	0	1008
5116	1021	6	2	10	0	1039
5117	15	8	2	1017	0	1042
5118	19	1	0	1010	0	1030
5119	8	3	0	1033	0	1044
5120	7	2	4	1056	0	1069
5121	1033	5	4	18	0	1060
5122	20	1	1	1073	0	1095
5123	11	3	1046	14	0	1074
5124	12	4	9	1077	0	1102
5125	9	0	7	1101	0	1117
5126	11	1	7	1090	0	1109
5127	13	0	0	1084	0	1097
5128	1066	3	1	24	0	1094
5129	16	1051	7	13	0	1087
5130	8	1068	2	12	0	1090
5131	13	17	1	1070	0	1101
5132	1060	8	2	17	0	1087
5133	1059	8	2	13	0	1082
5134	24	1	2	1070	0	1097
5135	13	3	1041	15	0	1072
5136	1036	3	14	19	0	1072
5137	21	2	7	1076	0	1106
5138	18	1	1072	18	0	1109
5139	1011	2	16	20	0	1049
5140	22	1030	10	12	0	1074
5141	1149	13	4	9	0	1175
5142	30	1184	4	6	0	1224
5143	23	20	1	1191	0	1235
5144	18	1190	4	22	0	1234
5145	16	31	4	1207	0	1258
5146	1166	22	2	34	0	1224
5147	28	1163	2	23	0	1216
5148	23	20	1170	17	0	1230
5149	15	16	19	1176	0	1226
5150	16	10	1196	27	0	1249
5151	17	9	28	1177	0	1231
5152	16	6	16	1210	0	1248
5153	10	10	1174	36	0	1230
5154	1060	4	24	33	0	1121
5155	25	5	1143	27	0	1200
5156	27	5	1136	16	0	1184
5157	23	1114	34	12	0	1183
5158	16	26	18	1092	0	1152
5159	16	16	17	1099	0	1148
5160	11	15	8	1070	0	1104
5161	15	8	9	1124	0	1156
5162	6	6	1078	57	0	1147
5163	1007	7	27	34	0	1075
5164	29	0	1092	29	0	1150
5165	23	2	35	1067	0	1127
5166	1055	2	21	32	0	1110
5167	33	1039	16	17	0	1105
5168	22	30	8	1003	0	1063
5169	946	13	7	37	0	1003
5170	26	914	4	25	0	969
5171	15	883	4	17	0	919
5172	855	29	2	15	0	901
5173	26	877	3	3	0	909
5174	840	26	4	4	0	874
5175	26	851	3	6	0	886
5176	851	31	2	4	0	888
5177	864	15	2	8	0	889
5178	31	861	0	7	0	899
5179	22	20	1	823	0	866
5180	17	14	807	18	0	856
5181	800	13	16	16	0	845
5182	26	7	13	810	0	856
5183	19	788	9	19	0	835
5184	14	811	5	13	0	843
5185	7	28	3	815	0	853
5186	806	16	3	24	0	849
5187	22	10	800	18	0	850
5188	19	6	16	822	0	863
5189	12	7	13	841	0	873
5190	9	3	11	857	0	880
5191	9	1	9	830	0	849
5192	6	811	6	41	0	864
5193	5	17	5	840	0	867
5194	2	17	812	31	0	862
5195	8	9	776	22	0	815
5196	5	6	810	17	0	838
5197	8	5	29	786	0	828
5198	777	3	23	21	0	824
5199	16	5	781	20	0	822
5200	15	2	775	16	0	808
5201	13	4	27	769	0	813
5202	765	3	18	22	0	808
5203	15	766	14	15	0	810
5204	756	14	9	18	0	797
5205	23	11	7	745	0	786
5206	16	9	762	19	0	806
5207	13	12	17	731	0	773
5208	11	756	12	23	0	802
5209	800	16	11	12	0	839
5210	22	17	801	7	0	847
5211	12	794	20	10	0	836
5212	804	26	9	8	0	847
5213	39	11	10	794	0	854
5214	12	12	3	805	0	832
5215	798	6	4	35	0	843
5216	818	3	6	24	0	851
5217	861	2	6	13	0	882
5218	41	4	5	833	0	883
5219	22	830	5	25	0	882
5220	837	25	4	12	0	878
5221	28	835	3	12	0	878
5222	802	27	2	7	0	838
5223	33	797	3	7	0	840
5224	18	27	1	774	0	820
5225	780	12	4	25	0	821
5226	794	8	3	14	0	819
5227	808	6	0	9	0	823
5228	813	7	0	8	0	828
5229	812	5	1	7	0	825
5230	42	6	770	4	0	822
5231	25	3	21	763	0	812
5232	15	2	773	21	0	811
5233	9	3	776	16	0	804
5234	764	3	29	15	0	811
5235	773	2	17	9	0	801
5236	788	2	12	2	0	804
5237	38	4	7	749	0	798
5238	765	3	4	22	0	794
5239	35	744	2	15	0	796
5240	17	733	4	9	0	763
5241	9	665	1	11	0	686
5242	596	16	3	8	0	623
5243	19	595	1	9	0	624
5244	572	13	2	0	0	587
5245	571	2	2	2	0	577
5246	18	0	555	3	0	576
5247	7	3	14	547	0	571
5248	6	1	4	583	0	594
5249	584	2	4	15	0	605
5250	582	0	2	6	0	590
5251	19	3	2	571	0	595
5252	7	1	569	15	0	592
5253	7	4	577	3	0	591
5254	8	1	15	570	0	594
5255	10	2	4	573	0	589
5256	2	3	1	579	0	585
5257	556	1	0	15	0	572
5258	568	2	2	3	0	575
5259	21	559	0	3	0	583
5260	8	12	3	560	0	583
5261	7	5	3	571	0	586
5262	10	566	3	13	0	592
5263	4	14	3	575	0	596
5264	571	3	0	19	0	593
5265	17	3	3	565	0	588
5266	11	1	2	578	0	592
5267	569	3	2	16	0	590
5268	572	3	2	6	0	583
5269	577	3	2	4	0	586
5270	23	1	2	553	0	579
5271	13	6	518	16	0	553
5272	6	2	521	8	0	537
5273	7	3	510	4	0	524
5274	6	489	18	7	0	520
5275	486	14	3	7	0	510
5276	20	6	484	5	0	515
5277	479	1	15	3	0	498
5278	20	6	3	480	0	509
5279	432	2	2	21	0	457
5280	488	2	3	8	0	501
5281	20	475	3	4	0	502
5282	476	14	0	10	0	500
5283	490	6	1	6	0	503
5284	25	467	4	5	0	501
5285	10	14	4	486	0	514
5286	8	4	493	19	0	524
5287	5	1	13	492	0	511
5288	6	2	7	500	0	515
5289	485	0	3	23	0	511
5290	15	8	3	478	0	504
5291	8	486	3	16	0	513
5292	12	14	2	472	0	500
5293	10	6	1	491	0	508
5294	6	3	473	22	0	504
5295	8	460	16	8	0	492
5296	10	476	4	7	0	497
5297	461	17	1	9	0	488
5298	14	467	1	7	0	489
5299	14	13	3	460	0	490
5300	10	6	463	14	0	493
5301	6	466	14	8	0	494
5302	470	14	4	8	0	496
5303	20	3	5	458	0	486
5304	6	2	4	478	0	490
5305	5	4	456	24	0	489
5306	11	0	14	448	0	473
5307	6	3	3	453	0	465
5308	434	4	1	24	0	463
5309	398	3	3	11	0	415
5310	17	387	5	2	0	411
5311	363	5	3	5	0	376
5312	5	344	0	5	0	354
5313	6	6	1	313	0	326
5314	5	308	2	4	0	319
5315	3	323	1	6	0	333
5316	296	3	6	14	0	319
5317	279	4	1	6	0	290
5318	7	259	0	2	0	268
5319	269	4	0	3	0	276
5320	273	3	0	3	0	279
5321	278	1	3	5	0	287
5322	4	2	1	280	0	287
5323	266	3	2	7	0	278
5324	4	2	258	5	0	269
5325	261	1	4	2	0	268
5326	3	4	298	2	0	307
5327	3	3	3	318	0	327
5328	7	0	1	325	0	333
5329	3	2	326	5	0	336
5330	307	1	2	5	0	315
5331	326	1	2	5	0	334
5332	4	2	383	2	0	391
5333	5	0	5	380	0	390
5334	2	2	2	381	0	387
5335	1	3	1	398	0	403
5336	389	0	0	7	0	396
5337	381	1	2	5	0	389
5338	3	0	1	382	0	386
5339	5	370	0	2	0	377
5340	4	360	0	1	0	365
5341	333	4	1	1	0	339
5342	3	337	0	1	0	341
5343	2	320	0	1	0	323
5344	1	0	0	308	0	309
5345	0	1	306	0	0	307
5346	0	308	0	0	0	308
5347	2	0	0	301	0	303
5348	0	297	1	0	0	298
5349	1	0	0	290	0	291
5350	297	0	0	0	0	297
5351	0	315	0	0	0	315
5352	318	0	0	0	0	318
5353	310	0	1	0	0	311
5354	0	0	306	0	0	306
5355	304	0	0	2	0	306
5356	0	0	0	310	0	310
5357	0	0	324	0	0	324
5358	0	321	0	0	0	321
5359	0	0	3	317	0	320
5360	0	0	0	318	0	318
5361	318	0	0	1	0	319
5362	0	0	0	321	0	321
5363	0	0	0	324	0	324
5364	327	0	0	0	0	327
5365	0	322	0	1	0	323
5366	314	0	0	2	0	316
5367	0	1	324	0	0	325
5368	293	0	0	4	0	297
5369	0	0	366	0	0	366
5370	0	370	0	1	0	371
5371	367	0	0	1	0	368
5372	354	0	0	2	0	356
5373	0	0	362	1	0	363
5374	2	0	346	0	0	348
5375	0	0	356	0	0	356
5376	0	380	0	0	0	380
5377	0	1	0	385	0	386
5378	0	0	428	0	0	428
5379	0	0	415	1	0	416
5380	2	0	3	426	0	431
5381	1	0	443	2	0	446
5382	431	0	2	1	0	434
5383	504	0	1	1	0	506
5384	6	0	497	0	0	503
5385	2	494	3	0	0	499
5386	4	3	3	482	0	492
5387	0	2	486	3	0	491
5388	0	479	4	2	0	485
5389	1	3	1	481	0	486
5390	490	2	1	5	0	498
5391	479	1	2	6	0	488
5392	6	494	0	0	0	500
5393	6	3	0	493	0	502
5394	1	2	3	498	0	504
5395	0	4	1	496	0	501
5396	1	0	0	501	0	502
5397	2	1	493	4	0	500
5398	3	1	3	487	0	494
5399	1	2	490	5	0	498
5400	1	483	4	3	0	491
5401	478	4	2	1	0	485
5402	4	508	1	1	0	514
5403	2	4	1	514	0	521
5404	3	3	1	513	0	520
5405	510	1	0	10	0	521
5406	4	0	1	514	0	519
5407	3	507	1	3	0	514
5408	2	3	0	523	0	528
5409	0	3	2	519	0	524
5410	512	2	1	7	0	522
5411	5	0	509	5	0	519
5412	3	511	3	2	0	519
5413	3	526	3	4	0	536
5414	3	5	1	526	0	535
5415	517	3	2	7	0	529
5416	2	519	0	3	0	524
5417	5	4	0	518	0	527
5418	1	3	514	4	0	522
5419	1	2	3	514	0	520
5420	518	1	2	7	0	528
5421	514	0	2	5	0	521
5422	7	1	0	519	0	527
5423	534	4	0	4	0	542
5424	514	1	0	9	0	524
5425	7	0	519	3	0	529
5426	475	2	4	2	0	483
5427	5	466	4	2	0	477
5428	473	5	4	3	0	485
5429	4	4	475	3	0	486
5430	4	2	5	493	0	504
5431	497	1	2	6	0	506
5432	6	1	424	3	0	434
5433	4	3	438	1	0	446
5434	3	1	8	438	0	450
5435	2	0	444	7	0	453
5436	429	1	7	7	0	444
5437	6	2	446	4	0	458
5438	4	2	7	458	0	471
5439	4	0	5	467	0	476
5440	490	0	4	12	0	506
5441	8	2	497	6	0	513
5442	8	1	508	3	0	520
5443	4	3	11	528	0	546
5444	2	1	546	9	0	558
5445	538	1	14	9	0	562
5446	10	0	7	561	0	578
5447	6	1	560	8	0	575
5448	4	2	10	556	0	572
5449	4	0	6	567	0	577
5450	563	1	1	15	0	580
5451	10	2	546	5	0	563
5452	519	3	8	4	0	534
5453	8	1	563	9	0	581
5454	556	1	11	6	0	574
5455	566	1	5	5	0	577
5456	571	0	5	7	0	583
5457	15	546	5	3	0	569
5458	551	7	2	8	0	568
5459	561	3	3	3	0	570
5460	13	4	2	553	0	572
5461	11	0	552	10	0	573
5462	520	0	7	9	0	536
5463	9	1	552	8	0	570
5464	10	2	11	541	0	564
5465	11	1	4	564	0	580
5466	566	0	7	11	0	584
5467	10	584	2	7	0	603
5468	10	7	4	575	0	596
5469	11	5	1	547	0	564
5470	5	2	542	11	0	560
5471	5	1	6	542	0	554
5472	8	1	5	545	0	559
5473	6	1	6	527	0	540
5474	2	542	5	15	0	564
5475	546	6	2	15	0	569
5476	536	3	4	5	0	548
5477	14	542	2	1	0	559
5478	496	6	3	6	0	511
5479	7	3	2	506	0	518
5480	5	1	514	10	0	530
5481	4	520	8	5	0	537
5482	2	544	4	4	0	554
5483	525	5	2	5	0	537
5484	562	2	4	4	0	572
5485	12	3	6	564	0	585
5486	8	2	1	579	0	590
5487	6	0	3	579	0	588
5488	552	5	2	12	0	571
5489	12	2	549	8	0	571
5490	551	0	9	8	0	568
5491	13	2	6	558	0	579
5492	8	2	3	550	0	563
5493	7	559	6	13	0	585
5494	6	6	5	578	0	595
5495	5	3	6	583	0	597
5496	5	4	591	15	0	615
5497	7	600	8	8	0	623
5498	598	10	4	5	0	617
5499	581	4	3	8	0	596
5500	609	3	1	8	0	621
5501	598	2	5	6	0	611
5502	20	1	575	4	0	600
5503	573	1	12	6	0	592
5504	14	1	586	3	0	604
5505	9	4	8	576	0	597
5506	8	591	5	12	0	616
5507	10	9	2	594	0	615
5508	1	6	1	616	0	624
5509	6	3	597	17	0	623
5510	575	2	11	10	0	598
5511	589	3	9	6	0	607
5512	15	583	4	9	0	611
5513	9	10	589	6	0	614
5514	10	7	9	594	0	620
5515	7	3	604	14	0	628
5516	9	3	592	11	0	615
5517	7	5	12	600	0	624
5518	8	3	604	11	0	626
5519	10	3	11	595	0	619
5520	7	4	593	18	0	622
5521	9	3	10	590	0	612
5522	593	2	4	18	0	617
5523	588	1	4	14	0	607
5524	581	3	5	10	0	599
5525	584	6	5	7	0	602
5526	16	584	0	8	0	608
5527	8	8	5	576	0	597
5528	9	7	5	576	0	597
5529	5	5	563	17	0	590
5530	3	4	11	547	0	565
5531	8	2	549	15	0	574
5532	6	3	533	10	0	552
5533	499	4	11	9	0	523
5534	13	535	8	7	0	563
5535	542	12	4	8	0	566
5536	554	4	5	7	0	570
5537	17	556	6	5	0	584
5538	540	10	3	8	0	561
5539	16	3	548	6	0	573
5540	7	541	12	7	0	567
5541	537	14	4	4	0	559
5542	17	4	495	8	0	524
5543	486	2	8	8	0	504
5544	11	514	6	7	0	538
5545	500	7	2	13	0	522
5546	497	4	2	6	0	509
5547	13	482	4	2	0	501
5548	8	479	4	4	0	495
5549	6	500	5	6	0	517
5550	6	12	4	518	0	540
5551	3	6	4	538	0	551
5552	545	3	2	18	0	568
5553	544	2	7	7	0	560
5554	14	1	566	6	0	587
5555	5	2	566	5	0	578
5556	6	3	584	2	0	595
5557	8	2	15	569	0	594
5558	9	4	585	15	0	613
5559	11	2	14	585	0	612
5560	595	2	7	14	0	618
5561	17	6	592	9	0	624
5562	594	3	16	6	0	619
5563	609	3	6	8	0	626
5564	22	5	607	4	0	638
5565	7	623	12	8	0	650
5566	8	11	7	615	0	641
5567	2	5	626	16	0	649
5568	6	0	18	603	0	627
5569	7	4	10	663	0	684
5570	654	3	5	25	0	687
5571	21	1	5	662	0	689
5572	6	6	661	19	0	692
5573	5	3	18	656	0	682
5574	655	1	7	21	0	684
5575	18	654	4	8	0	684
5576	648	17	4	4	0	673
5577	19	7	7	645	0	678
5578	11	2	656	16	0	685
5579	8	7	644	6	0	665
5580	4	5	659	6	0	674
5581	8	615	19	3	0	645
5582	589	18	27	7	0	641
5583	17	571	4	1	0	593
5584	528	11	2	4	0	545
5585	16	534	1	0	0	551
5586	4	13	1	538	0	556
5587	3	2	2	563	0	570
5588	3	2	1	561	0	567
5589	2	553	3	14	0	572
5590	2	14	3	574	0	593
5591	3	1	1	693	0	698
5592	701	0	1	20	0	722
5593	19	2	1	742	0	764
5594	7	3	783	20	0	813
5595	768	1	19	13	0	801
5596	783	0	6	9	0	798
5597	25	779	5	5	0	814
5598	788	20	2	6	0	816
5599	805	7	1	5	0	818
5600	28	2	1	779	0	810
5601	12	3	2	799	0	816
5602	9	1	1	810	0	821
5603	788	1	2	26	0	817
5604	782	2	2	12	0	798
5605	26	0	775	5	0	806
5606	774	2	18	9	0	803
5607	794	1	6	5	0	806
5608	800	2	2	2	0	806
5609	29	2	765	2	0	798
5610	10	2	775	3	0	790
5611	8	0	23	770	0	801
5612	5	4	785	22	0	816
5613	7	0	23	772	0	802
5614	5	3	11	714	0	733
5615	3	768	4	20	0	795
5616	770	20	4	15	0	809
5617	22	6	778	6	0	812
5618	793	3	20	4	0	820
5619	23	3	8	803	0	837
5620	796	3	2	27	0	828
5621	27	791	3	11	0	832
5622	14	824	2	4	0	844
5623	11	25	3	809	0	848
5624	12	8	2	837	0	859
5625	6	5	812	33	0	856
5626	11	6	20	814	0	851
5627	795	2	11	30	0	838
5628	27	801	6	14	0	848
5629	15	21	807	7	0	850
5630	11	6	25	802	0	844
5631	12	3	817	24	0	856
5632	15	3	25	804	0	847
5633	9	2	824	27	0	862
5634	2	3	794	17	0	816
5635	5	0	33	788	0	826
5636	786	0	12	34	0	832
5637	797	1	7	16	0	821
5638	793	3	10	7	0	813
5639	34	764	7	6	0	811
5640	765	20	5	6	0	796
5641	769	7	3	7	0	786
5642	36	2	742	8	0	788
5643	17	732	23	5	0	777
5644	9	26	14	718	0	767
5645	710	10	4	29	0	753
5646	27	702	7	30	0	766
5647	729	24	6	8	0	767
5648	740	8	7	13	0	768
5649	736	7	3	11	0	757
5650	725	7	5	8	0	745
5651	40	4	6	686	0	736
5652	692	3	6	27	0	728
5653	33	5	6	671	0	715
5654	19	638	8	27	0	692
5655	13	15	4	642	0	674
5656	633	12	7	21	0	673
5657	21	5	630	21	0	677
5658	13	4	19	635	0	671
5659	630	4	14	23	0	671
5660	31	618	6	16	0	671
5661	624	18	9	11	0	662
5662	622	11	7	9	0	649
5663	31	639	5	14	0	689
5664	642	22	2	8	0	674
5665	29	14	595	6	0	644
5666	20	7	601	6	0	634
5667	576	4	29	7	0	616
5668	30	13	591	8	0	642
5669	19	4	16	552	0	591
5670	16	560	10	20	0	606
5671	580	17	6	7	0	610
5672	25	565	7	8	0	605
5673	17	555	8	7	0	587
5674	15	22	5	586	0	628
5675	20	8	7	582	0	617
5676	11	7	6	589	0	613
5677	16	6	6	588	0	616
5678	10	8	567	27	0	612
5679	10	5	18	556	0	589
5680	12	3	9	557	0	581
5681	543	5	5	25	0	578
5682	26	6	5	541	0	578
5683	16	8	529	20	0	573
5684	529	5	16	12	0	562
5685	23	6	9	533	0	571
5686	14	1	556	21	0	592
5687	17	7	13	534	0	571
5688	7	568	9	19	0	603
5689	561	15	6	13	0	595
5690	21	10	540	4	0	575
5691	13	436	14	3	0	466
5692	408	9	6	4	0	427
5693	10	366	2	6	0	384
5694	3	332	3	2	0	340
5695	325	10	1	3	0	339
5696	6	316	1	2	0	325
5697	3	321	1	3	0	328
5698	2	7	4	315	0	328
5699	3	0	329	7	0	339
5700	1	334	5	5	0	345
5701	3	7	2	338	0	350
5702	1	345	0	6	0	352
5703	342	5	2	3	0	352
5704	6	1	335	2	0	344
5705	2	2	5	328	0	337
5706	348	0	3	5	0	356
5707	7	1	1	356	0	365
5708	1	0	356	5	0	362
5709	332	0	4	4	0	340
5710	355	2	1	5	0	363
5711	5	373	2	2	0	382
5712	2	5	0	388	0	395
5713	1	3	1	386	0	391
5714	399	0	2	6	0	407
5715	382	1	1	5	0	389
5716	6	2	382	2	0	392
5717	2	380	2	3	0	387
5718	384	1	2	1	0	388
5719	2	0	0	386	0	388
5720	1	0	407	2	0	410
5721	0	0	372	2	0	374
5722	5	0	2	381	0	388
5723	388	1	1	1	0	391
5724	2	389	0	2	0	393
5725	401	1	2	2	0	406
5726	3	2	0	401	0	406
5727	2	0	0	410	0	412
5728	1	0	1	428	0	430
5729	435	1	1	4	0	441
5730	2	455	0	1	0	458
5731	2	2	0	457	0	461
5732	1	1	1	460	0	463
5733	0	1	468	3	0	472
5734	0	0	0	462	0	462
5735	0	0	475	0	0	475
5736	0	465	0	1	0	466
5737	0	0	2	470	0	472
5738	469	1	0	1	0	471
5739	0	0	477	1	0	478
5740	1	0	0	500	0	501
5741	0	0	503	0	0	503
5742	464	0	0	3	0	467
5743	0	1	511	0	0	512
5744	1	0	0	510	0	511
5745	516	0	1	2	0	519
5746	2	448	0	1	0	451
5747	508	0	0	0	0	508
5748	0	465	2	0	0	467
5749	0	0	0	538	0	538
5750	0	1	520	0	0	521
5751	1	0	514	2	0	517
5752	1	0	1	533	0	535
5753	540	0	1	2	0	543
5754	539	0	0	1	0	540
5755	4	0	0	555	0	559
5756	0	0	0	565	0	565
5757	557	0	0	3	0	560
5758	2	513	0	2	0	517
5759	1	552	0	0	0	553
5760	548	2	0	3	0	553
5761	1	1	544	0	0	546
5762	0	0	1	538	0	539
5763	0	0	531	2	0	533
5764	0	0	1	538	0	539
5765	1	0	546	1	0	548
5766	2	0	522	2	0	526
5767	1	0	3	537	0	541
5768	0	500	2	1	0	503
5769	532	1	0	1	0	534
5770	1	528	0	0	0	529
5771	1	1	1	538	0	541
5772	544	1	1	3	0	549
5773	3	1	1	563	0	568
5774	565	0	0	3	0	568
5775	553	1	0	1	0	555
5776	560	0	0	2	0	562
5777	2	541	0	1	0	544
5778	564	1	0	2	0	567
5779	1	1	0	593	0	595
5780	617	0	0	3	0	620
5781	2	0	0	623	0	625
5782	622	0	0	6	0	628
5783	637	0	0	3	0	640
5784	7	634	1	2	0	644
5785	5	6	0	674	0	685
5786	2	2	1	658	0	663
5787	0	657	1	10	0	668
5788	1	8	0	675	0	684
5789	669	2	0	12	0	683
5790	689	2	1	4	0	696
5791	679	0	0	6	0	685
5792	13	0	739	0	0	752
5793	746	0	10	1	0	757
5794	787	0	3	1	0	791
5795	797	0	2	6	0	805
5796	16	822	0	1	0	839
5797	7	10	0	827	0	844
5798	2	5	0	846	0	853
5799	2	2	0	843	0	847
5800	1	0	830	17	0	848
5801	3	0	11	827	0	841
5802	828	0	5	13	0	846
5803	9	0	3	850	0	862
5804	6	0	0	862	0	868
5805	5	0	829	15	0	849
5806	1	814	10	8	0	833
5807	881	10	4	7	0	902
5808	12	4	2	891	0	909
5809	885	2	0	12	0	899
5810	13	2	860	6	0	881
5811	814	0	11	5	0	830
5812	15	900	5	2	0	922
5813	7	13	903	1	0	924
5814	4	4	880	3	0	891
5815	2	3	14	831	0	850
5816	1	0	902	13	0	916
5817	0	886	12	7	0	905
5818	6	13	2	867	0	888
5819	4	3	3	902	0	912
5820	5	2	0	897	0	904
5821	881	0	2	20	0	903
5822	13	882	2	6	0	903
5823	5	14	0	893	0	912
5824	4	3	3	907	0	917
5825	881	3	2	20	0	906
5826	12	895	0	8	0	915
5827	900	14	3	6	0	923
5828	884	4	0	7	0	895
5829	866	3	1	5	0	875
5830	21	0	843	5	0	869
5831	10	1	13	844	0	868
5832	8	833	4	11	0	856
5833	5	865	4	4	0	878
5834	5	16	1	849	0	871
5835	3	825	2	12	0	842
5836	875	18	1	5	0	899
5837	17	5	869	8	0	899
5838	837	4	13	7	0	861
5839	878	3	3	3	0	887
5840	20	0	4	891	0	915
5841	893	2	4	17	0	916
5842	21	970	1	9	0	1001
5843	977	20	3	11	0	1011
5844	983	6	0	10	0	999
5845	1107	6	0	9	0	1122
5846	32	3	1118	6	0	1159
5847	14	1	1144	7	0	1166
5848	11	2	28	1116	0	1157
5849	12	1101	11	28	0	1152
5850	12	1161	4	12	0	1189
5851	11	29	3	1146	0	1189
5852	1164	16	2	28	0	1210
5853	34	7	3	1153	0	1197
5854	12	3	1	1172	0	1188
5855	1147	4	3	31	0	1185
5856	25	1147	8	13	0	1193
5857	10	22	1159	14	0	1205
5858	11	7	1165	6	0	1189
5859	1178	7	32	16	0	1233
5860	26	6	8	1182	0	1222
5861	18	7	1199	26	0	1250
5862	11	7	23	1180	0	1221
5863	11	3	5	1209	0	1228
5864	5	1	9	1238	0	1253
5865	10	4	4	1214	0	1232
5866	9	1189	5	36	0	1239
5867	11	23	3	1215	0	1252
5868	1197	13	2	34	0	1246
5869	29	1197	10	13	0	1249
5870	1234	24	6	17	0	1281
5871	1271	9	1	11	0	1292
5872	1265	11	8	5	0	1289
5873	37	7	1224	11	0	1279
5874	1230	4	24	12	0	1270
5875	1277	6	10	7	0	1300
5876	1263	7	9	7	0	1286
5877	1278	7	3	10	0	1298
5878	46	1251	5	11	0	1313
5879	1229	25	1	13	0	1268
5880	31	16	1195	11	0	1253
5881	19	8	21	1184	0	1232
5882	12	8	5	1235	0	1260
5883	1235	3	6	27	0	1271
5884	29	1205	6	25	0	1265
5885	1180	15	4	17	0	1216
5886	22	1214	6	7	0	1249
5887	1236	20	2	14	0	1272
5888	1226	8	2	13	0	1249
5889	27	1339	5	5	0	1376
5890	1355	21	1	7	0	1384
5891	1444	9	8	7	0	1468
5892	31	1329	4	4	0	1368
5893	13	1405	0	6	0	1424
5894	1462	28	5	7	0	1502
5895	36	13	0	1469	0	1518
5896	1472	10	0	29	0	1511
5897	1516	4	1	13	0	1534
5898	1539	2	1	10	0	1552
5899	1517	1	4	12	0	1534
5900	48	1474	3	3	0	1528
5901	21	1517	1	3	0	1542
5902	1513	37	2	6	0	1558
5903	33	21	1527	1	0	1582
5904	26	5	24	1479	0	1534
5905	12	1	16	1536	0	1565
5906	1533	5	4	45	0	1587
5907	33	1500	0	20	0	1553
5908	25	30	0	1495	0	1550
5909	14	19	2	1551	0	1586
5910	1564	9	0	50	0	1623
5911	43	1	0	1577	0	1621
5912	1533	4	2	39	0	1578
5913	1556	2	1	24	0	1583
5914	1551	4	1	14	0	1570
5915	61	4	2	1503	0	1570
5916	31	3	3	1545	0	1582
5917	14	5	1674	46	0	1739
5918	5	7	1650	26	0	1688
5919	1702	3	56	12	0	1773
5920	48	2	27	1780	0	1857
5921	29	4	1931	42	0	2006
5922	14	1	1922	32	0	1969
5923	17	6	62	1926	0	2011
5924	10	6	1935	47	0	1998
5925	21	5	47	1932	0	2005
5926	19	2	30	1927	0	1978
5927	9	6	1937	67	0	2019
5928	20	2	42	1951	0	2015
5929	19	5	29	1894	0	1947
5930	17	4	8	1991	0	2020
5931	7	5	1935	72	0	2019
5932	14	2	43	1967	0	2026
5933	1938	3	26	62	0	2029
5934	43	1956	16	38	0	2053
5935	2001	41	10	23	0	2075
5936	58	28	1953	13	0	2052
5937	1974	8	45	14	0	2041
5938	2002	5	31	14	0	2052
5939	2002	4	8	15	0	2029
5940	83	3	8	1919	0	2013
5941	43	3	13	1957	0	2016
5942	20	5	1809	75	0	1909
5943	1730	3	38	50	0	1821
5944	43	1763	36	19	0	1861
5945	39	1612	8	17	0	1676
5946	22	1669	9	14	0	1714
5947	18	57	9	1601	0	1685
5948	1592	30	4	41	0	1667
5949	1588	10	6	42	0	1646
5950	68	5	1549	20	0	1642
5951	47	7	38	1535	0	1627
5952	26	5	29	1564	0	1624
5953	20	13	1525	60	0	1618
5954	19	12	1498	38	0	1567
5955	1514	8	54	26	0	1602
5956	41	1537	34	22	0	1634
5957	1567	31	14	30	0	1642
5958	1570	28	7	21	0	1626
5959	70	15	10	1528	0	1623
5960	48	9	9	1559	0	1625
5961	1523	11	6	81	0	1621
5962	55	4	8	1552	0	1619
5963	40	9	13	1543	0	1605
5964	1522	7	9	67	0	1605
5965	62	9	6	1535	0	1612
5966	1564	9	6	51	0	1630
5967	1557	1	10	55	0	1623
5968	72	4	1524	30	0	1630
5969	1534	3	39	30	0	1606
5970	1527	5	40	24	0	1596
5971	1527	4	22	20	0	1573
5972	69	6	1117	29	0	1221
5973	1457	8	32	23	0	1520
5974	52	1423	29	17	0	1521
5975	1472	33	12	24	0	1541
5976	1476	27	14	25	0	1542
5977	76	7	13	1447	0	1543
5978	52	5	8	1478	0	1543
5979	21	1442	13	81	0	1557
5980	28	32	10	1489	0	1559
5981	26	26	13	1504	0	1569
5982	1457	8	12	91	0	1568
5983	54	7	11	1483	0	1555
5984	45	7	8	1471	0	1531
5985	26	5	15	1466	0	1512
5986	23	1403	12	70	0	1508
5987	1381	32	5	47	0	1465
5988	44	1389	13	26	0	1472
5989	1263	33	12	15	0	1323
5990	51	23	1203	17	0	1294
5991	1130	8	26	16	0	1180
5992	40	4	1139	22	0	1205
5993	37	1078	28	22	0	1165
5994	1026	25	30	23	0	1104
5995	1005	19	13	17	0	1054
5996	46	952	10	8	0	1016
5997	25	941	8	15	0	989
5998	935	31	4	15	0	985
5999	960	16	5	8	0	989
6000	44	6	11	928	0	989
6001	31	4	2	943	0	980
6002	19	4	920	35	0	978
6003	908	5	21	20	0	954
6004	29	4	15	910	0	958
6005	26	916	5	27	0	974
6006	13	23	3	900	0	939
6007	17	11	3	899	0	930
6008	13	6	869	36	0	924
6009	6	6	17	891	0	920
6010	821	2	12	31	0	866
6011	23	818	5	19	0	865
6012	11	841	5	14	0	871
6013	827	29	1	12	0	869
6014	856	19	0	7	0	882
6015	843	10	4	10	0	867
6016	35	813	4	6	0	858
6017	16	698	1	5	0	720
6018	718	24	9	2	0	753
6019	712	7	5	6	0	730
6020	33	651	1	3	0	688
6021	8	523	0	2	0	533
6022	488	15	1	3	0	507
6023	17	5	0	490	0	512
6024	521	2	0	14	0	537
6025	15	3	1	521	0	540
6026	9	521	0	15	0	545
6027	4	523	0	10	0	537
6028	550	25	0	8	0	583
6029	553	10	0	5	0	568
6030	567	2	0	3	0	572
6031	22	551	0	3	0	576
6032	8	17	542	0	0	567
6033	5	561	14	1	0	581
6034	530	14	10	3	0	557
6035	498	8	0	6	0	512
6036	21	1	507	0	0	529
6037	7	496	14	1	0	518
6038	4	14	5	496	0	519
6039	3	8	0	496	0	507
6040	3	444	2	20	0	469
6041	4	14	494	7	0	519
6042	496	10	12	2	0	520
6043	17	1	6	505	0	529
6044	510	1	2	17	0	530
6045	520	1	1	12	0	534
6046	23	0	4	545	0	572
6047	10	3	0	571	0	584
6048	3	0	1	596	0	600
6049	6	2	0	597	0	605
6050	566	4	1	26	0	597
6051	583	3	0	12	0	598
6052	25	1	564	3	0	593
6053	16	1	14	559	0	590
6054	3	1	11	570	0	585
6055	5	0	1	581	0	587
6056	3	4	550	23	0	580
6057	6	3	13	552	0	574
6058	553	3	7	18	0	581
6059	20	5	1	551	0	577
6060	10	2	538	17	0	567
6061	1	3	15	532	0	551
6062	2	2	538	15	0	557
6063	526	3	13	11	0	553
6064	19	1	9	537	0	566
6065	544	3	1	14	0	562
6066	531	4	1	12	0	548
6067	28	2	1	521	0	552
6068	549	2	0	19	0	570
6069	19	2	0	547	0	568
6070	13	564	1	16	0	594
6071	581	18	1	12	0	612
6072	592	12	0	5	0	609
6073	598	2	1	2	0	603
6074	29	2	1	572	0	604
6075	11	7	1	598	0	617
6076	8	1	2	607	0	618
6077	5	3	576	29	0	613
6078	4	558	18	13	0	593
6079	5	14	10	557	0	586
6080	1	9	543	18	0	571
6081	533	2	13	14	0	562
6082	16	0	11	542	0	569
6083	11	1	529	17	0	558
6084	566	1	13	14	0	594
6085	17	0	10	568	0	595
6086	14	0	2	577	0	593
6087	1	1	0	596	0	598
6088	567	0	2	27	0	596
6089	571	0	5	15	0	591
6090	576	0	2	6	0	584
6091	26	553	1	2	0	582
6092	12	550	0	6	0	568
6093	546	19	1	3	0	569
6094	16	7	535	3	0	561
6095	15	0	13	541	0	569
6096	4	0	7	564	0	575
6097	550	1	2	24	0	577
6098	530	1	0	13	0	544
6099	26	529	1	3	0	559
6100	13	13	1	524	0	551
6101	1	10	521	15	0	547
6102	3	0	509	16	0	528
6103	4	0	24	520	0	548
6104	2	2	8	541	0	553
6105	522	2	1	27	0	552
6106	16	0	2	551	0	569
6107	576	0	4	16	0	596
6108	557	1	0	17	0	575
6109	23	0	523	6	0	552
6110	562	0	13	6	0	581
6111	561	1	8	6	0	576
6112	568	0	2	1	0	571
6113	26	541	0	3	0	570
6114	7	550	2	6	0	565
6115	7	20	0	539	0	566
6116	5	6	541	18	0	570
6117	5	489	8	8	0	510
6118	9	7	5	460	0	481
6119	5	7	0	453	0	465
6120	4	448	1	18	0	471
6121	456	7	1	9	0	473
6122	464	4	0	6	0	474
6123	14	0	463	4	0	481
6124	429	0	8	1	0	438
6125	8	1	419	2	0	430
6126	401	2	6	1	0	410
6127	6	2	423	2	0	433
6128	3	372	6	7	0	388
6129	0	2	5	365	0	372
6130	1	2	0	373	0	376
6131	367	0	6	8	0	381
6132	371	0	0	1	0	372
6133	354	1	0	3	0	358
6134	7	0	360	2	0	369
6135	4	0	4	359	0	367
6136	0	0	3	366	0	369
6137	370	0	0	6	0	376
6138	7	380	0	2	0	389
6139	388	4	0	1	0	393
6140	4	2	0	397	0	403
6141	3	2	0	405	0	410
6142	3	0	0	410	0	413
6143	0	0	4	405	0	409
6144	3	2	0	404	0	409
6145	1	385	0	8	0	394
6146	0	361	0	1	0	362
6147	0	343	0	0	0	343
6148	2	2	0	342	0	346
6149	2	0	332	3	0	337
6150	304	0	4	0	0	308
6151	5	345	0	0	0	350
6152	0	4	2	343	0	349
6153	3	0	0	369	0	372
6154	373	0	1	4	0	378
6155	367	2	0	3	0	372
6156	369	0	0	3	0	372
6157	4	0	0	433	0	437
6158	3	0	431	4	0	438
6159	2	0	451	1	0	454
6160	3	0	5	462	0	470
6161	1	0	462	4	0	467
6162	435	1	5	4	0	445
6163	3	0	1	459	0	463
6164	3	0	457	4	0	464
6165	1	2	4	451	0	458
6166	4	0	491	3	0	498
6167	0	0	514	4	0	518
6168	1	0	5	514	0	520
6169	0	1	554	5	0	560
6170	0	0	519	2	0	521
6171	0	496	11	1	0	508
6172	3	4	7	540	0	554
6173	574	5	0	9	0	588
6174	6	2	0	569	0	577
6175	9	2	0	595	0	606
6176	1	0	582	12	0	595
6177	532	0	5	9	0	546
6178	7	0	6	582	0	595
6179	10	0	1	591	0	602
6180	583	1	0	13	0	597
6181	5	0	1	600	0	606
6182	596	0	1	7	0	604
6183	593	0	0	9	0	602
6184	568	0	0	3	0	571
6185	13	560	1	0	0	574
6186	563	5	0	4	0	572
6187	5	552	2	1	0	560
6188	7	6	0	566	0	579
6189	567	6	0	9	0	582
6190	5	566	1	8	0	580
6191	577	5	1	3	0	586
6192	7	573	1	0	0	581
6193	571	6	1	2	0	580
6194	6	570	0	0	0	576
6195	9	566	0	2	0	577
6196	3	608	0	1	0	612
6197	2	12	0	584	0	598
6198	1	611	2	6	0	620
6199	3	10	2	600	0	615
6200	2	5	2	622	0	631
6201	0	4	0	634	0	638
6202	2	1	0	641	0	644
6203	621	1	1	17	0	640
6204	622	1	0	12	0	635
6205	14	2	604	3	0	623
6206	617	0	6	2	0	625
6207	659	2	6	2	0	669
6208	685	2	2	4	0	693
6209	15	1	673	3	0	692
6210	9	2	668	4	0	683
6211	659	0	12	6	0	677
6212	11	2	689	1	0	703
6213	11	703	5	2	0	721
6214	7	4	9	705	0	725
6215	733	8	2	6	0	749
6216	733	3	1	11	0	748
6217	757	3	1	6	0	767
6218	16	4	2	754	0	776
6219	12	1	2	777	0	792
6220	4	2	778	17	0	801
6221	4	3	7	793	0	807
6222	2	3	8	808	0	821
6223	794	2	0	21	0	817
6224	11	811	1	21	0	844
6225	834	10	0	4	0	848
6226	14	7	1	837	0	859
6227	831	3	3	13	0	850
6228	831	3	2	13	0	849
6229	817	2	3	9	0	831
6230	21	811	0	3	0	835
6231	13	840	1	4	0	858
6232	5	13	4	853	0	875
6233	847	6	3	12	0	868
6234	17	2	3	841	0	863
6235	16	2	2	845	0	865
6236	6	4	832	26	0	868
6237	15	4	9	840	0	868
6238	11	11	9	815	0	846
6239	19	1	5	840	0	865
6240	5	4	822	29	0	860
6241	13	1	795	16	0	825
6242	13	808	23	5	0	849
6243	824	10	9	9	0	852
6244	10	19	3	820	0	852
6245	13	13	821	14	0	861
6246	15	4	8	821	0	848
6247	18	3	10	891	0	922
6248	885	3	1	36	0	925
6249	885	0	2	27	0	914
6250	21	878	14	7	0	920
6251	888	9	2	16	0	915
6252	889	10	5	17	0	921
6253	21	6	2	880	0	909
6254	14	2	870	13	0	899
6255	9	848	29	12	0	898
6256	859	18	8	12	0	897
6257	844	8	0	5	0	857
6258	24	841	1	13	0	879
6259	16	10	10	840	0	876
6260	860	9	3	25	0	897
6261	861	5	0	29	0	895
6262	30	2	3	888	0	923
6263	880	2	6	20	0	908
6264	906	15	2	21	0	944
6265	948	1	2	9	0	960
6266	31	3	926	9	0	969
6267	13	863	12	17	0	905
6268	5	894	19	10	0	928
6269	851	20	3	5	0	879
6270	21	875	4	5	0	905
6271	19	10	859	4	0	892
6272	5	16	10	855	0	886
6273	855	3	7	23	0	888
6274	21	4	2	853	0	880
6275	874	2	3	14	0	893
6276	866	3	3	24	0	896
6277	885	3	2	9	0	899
6278	27	847	5	5	0	884
6279	22	887	2	5	0	916
6280	881	12	11	10	0	914
6281	889	15	3	6	0	913
6282	900	14	1	9	0	924
6283	29	3	5	888	0	925
6284	883	14	2	19	0	918
6285	17	870	12	5	0	904
6286	14	898	4	15	0	931
6287	17	14	2	897	0	930
6288	10	6	886	22	0	924
6289	19	5	861	11	0	896
6290	19	6	13	887	0	925
6291	21	5	886	14	0	926
6292	7	14	11	889	0	921
6293	902	12	7	11	0	932
6294	26	2	3	891	0	922
6295	891	5	6	11	0	913
6296	21	850	3	11	0	885
6297	12	11	858	13	0	894
6298	18	8	11	830	0	867
6299	12	12	5	848	0	877
6300	6	19	856	16	0	897
6301	11	4	14	838	0	867
6302	9	888	14	16	0	927
6303	10	18	12	914	0	954
6304	9	4	4	950	0	967
6305	16	2	11	963	0	992
6306	12	3	955	31	0	1001
6307	15	2	888	11	0	916
6308	808	5	21	16	0	850
6309	25	2	843	9	0	879
6310	10	840	20	3	0	873
6311	840	15	20	5	0	880
6312	18	862	3	13	0	896
6313	836	14	5	17	0	872
6314	844	6	11	9	0	870
6315	826	2	1	13	0	842
6316	808	12	1	9	0	830
6317	23	777	3	12	0	815
6318	9	788	3	12	0	812
6319	775	15	4	14	0	808
6320	18	7	766	5	0	796
6321	10	4	12	729	0	755
6322	3	5	4	757	0	769
6323	9	1	759	14	0	783
6324	701	3	14	11	0	729
6325	747	2	6	6	0	761
6326	740	1	2	7	0	750
6327	18	727	4	2	0	751
6328	760	14	3	4	0	781
6329	16	6	2	716	0	740
6330	13	784	1	10	0	808
6331	802	13	2	11	0	828
6332	823	7	1	5	0	836
6333	877	3	2	8	0	890
6334	27	5	2	853	0	887
6335	20	4	1	855	0	880
6336	13	832	1	16	0	862
6337	8	10	835	10	0	863
6338	12	7	12	831	0	862
6339	7	4	8	816	0	835
6340	4	6	4	875	0	889
6341	6	2	861	22	0	891
6342	838	4	15	13	0	870
6343	25	0	8	876	0	909
6344	13	2	891	21	0	927
6345	11	0	21	867	0	899
6346	894	2	9	25	0	930
6347	19	871	3	13	0	906
6348	14	20	7	880	0	921
6349	8	10	886	25	0	929
6350	869	5	20	18	0	912
6351	886	3	12	14	0	915
6352	29	3	882	8	0	922
6353	25	3	21	804	0	853
6354	12	878	14	18	0	922
6355	886	16	7	17	0	926
6356	21	12	874	10	0	917
6357	854	7	20	8	0	889
6358	26	4	835	4	0	869
6359	13	2	815	3	0	833
6360	752	2	36	5	0	795
6361	23	804	17	3	0	847
6362	15	17	771	9	0	812
6363	9	789	21	1	0	820
6364	4	22	774	5	0	805
6365	4	754	21	3	0	782
6366	698	20	14	7	0	739
6367	21	10	708	1	0	740
6368	13	7	712	0	0	732
6369	6	1	709	1	0	717
6370	680	5	25	3	0	713
6371	704	2	14	0	0	720
6372	25	4	8	675	0	712
6373	15	0	690	15	0	720
6374	6	6	689	8	0	709
6375	664	0	27	8	0	699
6376	18	3	16	690	0	727
6377	686	1	5	18	0	710
6378	703	1	5	9	0	718
6379	24	1	6	658	0	689
6380	12	670	5	14	0	701
6381	11	17	3	672	0	703
6382	11	7	1	685	0	704
6383	1	5	685	26	0	717
6384	6	658	19	11	0	694
6385	1	681	14	16	0	712
6386	8	14	9	653	0	684
6387	5	13	669	18	0	705
6388	6	673	12	11	0	702
6389	5	18	670	6	0	699
6390	637	8	23	4	0	672
6391	673	9	12	1	0	695
6392	26	5	664	4	0	699
6393	675	0	19	5	0	699
6394	27	0	16	662	0	705
6395	11	697	8	14	0	730
6396	7	20	6	708	0	741
6397	688	8	3	25	0	724
6398	717	7	5	14	0	743
6399	725	5	6	10	0	746
6400	697	3	9	2	0	711
6401	30	667	6	2	0	705
6402	17	636	6	3	0	662
6403	618	19	6	6	0	649
6404	23	10	603	0	0	636
6405	8	18	20	557	0	603
6406	9	583	8	17	0	617
6407	7	17	9	565	0	598
6408	8	588	5	17	0	618
6409	8	19	6	584	0	617
6410	8	7	601	16	0	632
6411	580	7	20	12	0	619
6412	604	8	7	7	0	626
6413	26	3	600	7	0	636
6414	598	5	18	6	0	627
6415	617	7	8	4	0	636
6416	24	3	607	6	0	640
6417	20	3	22	590	0	635
6418	612	4	10	18	0	644
6419	25	6	610	8	0	649
6420	14	1	21	606	0	642
6421	9	4	616	22	0	651
6422	5	7	615	10	0	637
6423	610	8	22	14	0	654
6424	639	1	17	8	0	665
6425	661	4	12	5	0	682
6426	696	3	11	4	0	714
6427	30	4	10	648	0	692
6428	22	625	5	17	0	669
6429	12	653	6	9	0	680
6430	11	25	7	609	0	652
6431	626	7	4	17	0	654
6432	19	586	5	7	0	617
6433	9	589	5	7	0	610
6434	586	15	4	9	0	614
6435	18	10	3	579	0	610
6436	585	8	6	16	0	615
6437	19	595	5	8	0	627
6438	591	15	4	9	0	619
6439	24	6	644	6	0	680
6440	707	5	11	2	0	725
6441	733	2	9	2	0	746
6442	727	3	11	7	0	748
6443	24	3	642	5	0	674
6444	706	4	9	3	0	722
6445	18	720	7	3	0	748
6446	5	9	703	3	0	720
6447	18	4	12	651	0	685
6448	7	1	2	636	0	646
6449	2	671	4	13	0	690
6450	4	9	2	686	0	701
6451	4	1	1	703	0	709
6452	1	0	686	10	0	697
6453	639	1	7	8	0	655
6454	9	2	686	3	0	700
6455	14	2	7	672	0	695
6456	1	0	692	11	0	704
6457	3	1	10	685	0	699
6458	699	4	3	8	0	714
6459	718	0	3	5	0	726
6460	12	0	2	709	0	723
6461	4	1	722	9	0	736
6462	4	2	9	720	0	735
6463	4	0	702	11	0	717
6464	688	0	5	6	0	699
6465	709	0	5	3	0	717
6466	689	3	2	4	0	698
6467	703	0	3	2	0	708
6468	12	657	1	4	0	674
6469	10	6	2	660	0	678
6470	649	4	1	8	0	662
6471	13	646	0	4	0	663
6472	4	652	3	2	0	661
6473	6	11	624	2	0	643
6474	627	9	8	2	0	646
6475	650	1	4	4	0	659
6476	13	2	639	1	0	655
6477	6	14	9	611	0	640
6478	7	3	2	634	0	646
6479	7	0	639	10	0	656
6480	7	1	9	623	0	640
6481	623	2	7	11	0	643
6482	9	2	612	7	0	630
6483	4	0	623	3	0	630
6484	617	0	9	7	0	633
6485	10	0	640	2	0	652
6486	628	0	10	4	0	642
6487	12	629	6	1	0	648
6488	645	6	4	2	0	657
6489	11	2	3	639	0	655
6490	11	1	2	636	0	650
6491	644	2	2	9	0	657
6492	9	2	2	633	0	646
6493	626	2	1	8	0	637
6494	8	652	3	5	0	668
6495	7	6	0	644	0	657
6496	4	3	2	638	0	647
6497	627	4	0	10	0	641
6498	619	3	0	8	0	630
6499	619	2	1	3	0	625
6500	13	605	1	5	0	624
6501	7	618	1	2	0	628
6502	622	6	2	2	0	632
6503	10	4	609	1	0	624
6504	9	606	4	2	0	621
6505	585	8	3	3	0	599
6506	574	3	1	3	0	581
6507	595	3	3	0	0	601
6508	14	1	2	592	0	609
6509	611	2	3	5	0	621
6510	595	1	2	4	0	602
6511	13	0	0	580	0	593
6512	595	0	2	7	0	604
6513	8	2	570	4	0	584
6514	8	4	4	570	0	586
6515	5	1	4	566	0	576
6516	2	0	3	583	0	588
6517	580	1	2	10	0	593
6518	580	2	2	8	0	592
6519	585	1	1	8	0	595
6520	578	1	1	7	0	587
6521	568	3	2	8	0	581
6522	12	0	4	552	0	568
6523	7	1	3	553	0	564
6524	547	0	2	12	0	561
6525	8	518	2	9	0	537
6526	515	4	1	4	0	524
6527	12	3	486	3	0	504
6528	518	2	4	5	0	529
6529	524	1	2	5	0	532
6530	8	2	551	4	0	565
6531	542	1	7	6	0	556
6532	13	1	554	2	0	570
6533	9	2	551	0	0	562
6534	16	1	9	533	0	559
6535	11	1	6	555	0	573
6536	7	1	561	10	0	579
6537	4	2	557	9	0	572
6538	4	543	9	10	0	566
6539	7	492	8	2	0	509
6540	402	8	8	4	0	422
6541	9	387	3	1	0	400
6542	371	13	2	4	0	390
6543	11	370	1	4	0	386
6544	379	9	1	3	0	392
6545	9	8	355	2	0	374
6546	375	4	6	3	0	388
6547	14	2	4	369	0	389
6548	8	369	4	6	0	387
6549	9	5	2	364	0	380
6550	365	2	1	9	0	377
6551	364	2	0	6	0	372
6552	9	1	2	359	0	371
6553	12	1	352	7	0	372
6554	11	1	346	4	0	362
6555	5	365	6	6	0	382
6556	1	5	6	373	0	385
6557	5	2	370	7	0	384
6558	5	325	7	3	0	340
6559	5	7	3	347	0	362
6560	5	3	5	352	0	365
6561	327	4	5	7	0	343
6562	7	3	3	330	0	343
6563	4	1	327	13	0	345
6564	6	1	5	324	0	336
6565	316	3	2	10	0	331
6566	8	1	326	5	0	340
6567	321	4	7	7	0	339
6568	13	327	2	3	0	345
6569	335	4	3	2	0	344
6570	342	2	3	1	0	348
6571	12	4	2	324	0	342
6572	9	4	2	319	0	334
6573	9	323	2	8	0	342
6574	3	5	5	335	0	348
6575	324	3	1	12	0	340
6576	5	4	320	6	0	335
6577	5	3	5	323	0	336
6578	6	323	4	8	0	341
6579	3	4	8	332	0	347
6580	2	5	3	341	0	351
6581	333	6	0	12	0	351
6582	8	331	1	6	0	346
6583	4	6	4	333	0	347
6584	332	5	0	8	0	345
6585	8	7	0	318	0	333
6586	5	3	2	325	0	335
6587	332	1	1	9	0	343
6588	320	0	0	7	0	327
6589	5	1	315	10	0	331
6590	316	3	4	5	0	328
6591	326	0	2	3	0	331
6592	333	0	7	1	0	341
6593	13	318	2	3	0	336
6594	9	312	0	2	0	323
6595	8	5	2	318	0	333
6596	319	4	1	5	0	329
6597	322	7	1	3	0	333
6598	7	1	1	319	0	328
6599	6	2	343	6	0	357
6600	348	1	4	5	0	358
6601	368	1	2	5	0	376
6602	5	0	6	361	0	372
6603	7	1	1	362	0	371
6604	367	2	0	6	0	375
6605	8	0	1	361	0	370
6606	1	369	2	11	0	383
6607	9	2	0	368	0	379
6608	351	3	1	8	0	363
6609	6	4	340	5	0	355
6610	326	2	4	5	0	337
6611	10	1	332	3	0	346
6612	4	0	6	339	0	349
6613	355	2	3	4	0	364
6614	10	0	4	350	0	364
6615	5	1	3	371	0	380
6616	359	0	5	7	0	371
6617	7	0	355	6	0	368
6618	3	0	374	6	0	383
6619	4	1	5	374	0	384
6620	3	2	5	387	0	397
6621	1	0	5	396	0	402
6622	2	0	391	10	0	403
6623	363	1	1	7	0	372
6624	383	0	2	9	0	394
6625	385	0	4	3	0	392
6626	388	0	3	1	0	392
6627	11	375	0	2	0	388
6628	7	379	1	2	0	389
6629	5	368	1	1	0	375
6630	2	1	0	325	0	328
6631	2	0	0	338	0	340
6632	1	0	320	1	0	322
6633	1	305	1	0	0	307
6634	1	0	0	307	0	308
6635	309	0	0	0	0	309
6636	0	304	0	0	0	304
6637	2	0	0	310	0	312
6638	0	310	0	0	0	310
6639	334	0	0	2	0	336
6640	0	0	0	350	0	350
6641	0	0	351	1	0	352
6642	0	0	339	0	0	339
6643	1	1	1	374	0	377
6644	1	0	0	384	0	385
6645	0	0	0	396	0	396
6646	380	0	0	3	0	383
6647	3	0	375	0	0	378
6648	0	372	3	0	0	375
6649	0	3	0	374	0	377
6650	0	1	388	3	0	392
6651	0	385	3	0	0	388
6652	0	3	0	400	0	403
6653	0	0	390	3	0	393
6654	1	0	3	384	0	388
6655	0	0	0	396	0	396
6656	402	0	0	3	0	405
6657	399	0	0	2	0	401
6658	4	0	0	397	0	401
6659	399	0	0	3	0	402
6660	3	0	408	1	0	412
6661	2	0	3	414	0	419
6662	2	0	425	3	0	430
6663	1	0	3	422	0	426
6664	0	421	1	4	0	426
6665	1	426	0	1	0	428
6666	0	428	0	1	0	429
6667	3	5	1	436	0	445
6668	2	1	0	476	0	479
6669	1	1	472	5	0	479
6670	1	1	475	2	0	479
6671	0	1	511	0	0	512
6672	517	0	7	4	0	528
6673	7	0	0	530	0	537
6674	541	0	1	9	0	551
6675	7	560	1	1	0	569
6676	2	7	1	574	0	584
6677	588	1	0	7	0	596
6678	8	3	0	581	0	592
6679	576	0	0	11	0	587
6680	10	2	631	1	0	644
6681	1	645	8	5	0	659
6682	6	7	1	667	0	681
6683	671	0	3	11	0	685
6684	682	3	0	1	0	686
6685	9	0	2	678	0	689
6686	5	1	1	688	0	695
6687	674	0	1	10	0	685
6688	9	0	0	668	0	677
6689	3	0	677	11	0	691
6690	4	680	7	3	0	694
6691	0	7	1	697	0	705
6692	688	0	3	8	0	699
6693	689	4	0	3	0	696
6694	9	2	694	4	0	709
6695	5	676	8	1	0	690
6696	5	700	1	2	0	708
6697	2	9	3	703	0	717
6698	4	4	0	717	0	725
6699	3	3	1	704	0	711
6700	1	1	0	703	0	705
6701	2	694	1	13	0	710
6702	4	9	0	703	0	716
6703	1	1	0	718	0	720
6704	705	3	0	13	0	721
6705	702	1	1	8	0	712
6706	10	700	1	6	0	717
6707	705	12	0	4	0	721
6708	721	2	0	5	0	728
6709	712	4	0	7	0	723
6710	18	0	694	1	0	713
6711	9	2	11	699	0	721
6712	4	3	3	713	0	723
6713	3	1	704	11	0	719
6714	2	1	11	689	0	703
6715	5	1	2	617	0	625
6716	683	1	5	14	0	703
6717	10	1	681	8	0	700
6718	1	1	9	663	0	674
6719	663	0	3	13	0	679
6720	10	658	3	8	0	679
6721	669	10	0	9	0	688
6722	669	1	1	6	0	677
6723	11	667	2	3	0	683
6724	9	11	0	676	0	696
6725	688	1	0	11	0	700
6726	11	681	1	1	0	694
6727	6	10	0	686	0	702
6728	669	1	2	10	0	682
6729	659	5	1	4	0	669
6730	11	663	2	5	0	681
6731	671	9	2	5	0	687
6732	13	4	0	667	0	684
6733	667	4	1	15	0	687
6734	16	0	657	5	0	678
6735	5	2	11	658	0	676
6736	6	1	4	670	0	681
6737	659	1	5	15	0	680
6738	11	660	0	6	0	677
6739	627	9	0	7	0	643
6740	13	615	1	3	0	632
6741	3	13	604	4	0	624
6742	5	1	617	5	0	628
6743	13	8	10	580	0	611
6744	1	2	596	11	0	610
6745	6	0	9	592	0	607
6746	8	1	2	567	0	578
6747	4	1	6	593	0	604
6748	600	2	1	14	0	617
6749	599	2	0	8	0	609
6750	594	1	2	8	0	605
6751	14	632	3	4	0	653
6752	7	689	2	6	0	704
6753	9	8	794	5	0	816
6754	3	6	17	802	0	828
6755	5	4	819	16	0	844
6756	9	6	17	815	0	847
6757	4	5	6	830	0	845
6758	4	3	8	829	0	844
6759	4	1	809	26	0	840
6760	3	2	19	792	0	816
6761	777	2	11	30	0	820
6762	17	779	7	18	0	821
6763	8	13	5	808	0	834
6764	795	7	4	27	0	833
6765	801	5	3	12	0	821
6766	19	5	3	789	0	816
6767	19	3	2	760	0	784
6768	752	5	1	22	0	780
6769	23	2	0	745	0	770
6770	709	1	3	24	0	737
6771	25	1	2	697	0	725
6772	13	3	663	21	0	700
6773	13	624	13	15	0	665
6774	6	642	3	16	0	667
6775	11	11	2	637	0	661
6776	14	5	7	631	0	657
6777	613	0	3	26	0	642
6778	13	5	1	630	0	649
6779	8	4	2	634	0	648
6780	4	5	3	559	0	571
6781	12	541	0	21	0	574
6782	7	12	4	559	0	582
6783	2	6	3	566	0	577
6784	5	2	3	561	0	571
6785	526	5	0	25	0	556
6786	9	527	2	19	0	557
6787	9	11	0	543	0	563
6788	6	7	1	551	0	565
6789	9	4	3	549	0	565
6790	521	3	2	23	0	549
6791	16	3	0	529	0	548
6792	12	2	2	527	0	543
6793	4	3	479	25	0	511
6794	7	464	10	16	0	497
6795	3	7	4	493	0	507
6796	477	5	1	25	0	508
6797	18	481	6	10	0	515
6798	467	13	2	11	0	493
6799	464	5	1	10	0	480
6800	16	3	2	463	0	484
6801	8	8	4	466	0	486
6802	8	3	461	16	0	488
6803	8	3	7	480	0	498
6804	7	3	468	15	0	493
6805	4	2	9	482	0	497
6806	467	0	7	16	0	490
6807	12	464	3	15	0	494
6808	6	8	5	499	0	518
6809	2	5	2	509	0	518
6810	10	2	4	511	0	527
6811	4	6	2	514	0	526
6812	499	4	3	23	0	529
6813	11	493	2	17	0	523
6814	7	9	2	522	0	540
6815	510	7	4	22	0	543
6816	13	2	501	16	0	532
6817	493	3	8	14	0	518
6818	505	3	5	13	0	526
6819	20	2	485	11	0	518
6820	9	2	12	498	0	521
6821	486	3	9	13	0	511
6822	16	490	3	12	0	521
6823	499	10	5	8	0	522
6824	494	7	1	10	0	512
6825	501	2	2	7	0	512
6826	18	5	1	490	0	514
6827	15	2	1	509	0	527
6828	13	556	2	19	0	590
6829	12	12	2	563	0	589
6830	545	7	0	20	0	572
6831	14	2	531	14	0	561
6832	534	5	9	8	0	556
6833	558	2	7	11	0	578
6834	21	4	2	549	0	576
6835	11	3	6	560	0	580
6836	562	2	2	20	0	586
6837	560	0	0	14	0	574
6838	497	1	6	14	0	518
6839	20	3	543	11	0	577
6840	13	531	10	13	0	567
6841	548	11	5	10	0	574
6842	18	6	1	531	0	556
6843	11	528	5	16	0	560
6844	8	15	3	531	0	557
6845	530	7	2	16	0	555
6846	13	3	4	533	0	553
6847	10	6	518	18	0	552
6848	4	508	12	16	0	540
6849	9	531	5	9	0	554
6850	11	17	513	11	0	552
6851	410	26	17	10	0	463
6852	11	396	5	6	0	418
6853	1	6	0	292	0	299
6854	295	1	1	3	0	300
6855	5	280	1	1	0	287
6856	2	4	1	286	0	293
6857	286	1	0	5	0	292
6858	5	0	0	282	0	287
6859	286	2	1	3	0	292
6860	3	0	294	4	0	301
6861	5	299	2	1	0	307
6862	319	2	2	3	0	326
6863	316	1	0	1	0	318
6864	309	0	2	1	0	312
6865	4	2	291	2	0	299
6866	298	0	1	4	0	303
6867	329	0	2	1	0	332
6868	5	2	0	325	0	332
6869	324	0	2	4	0	330
6870	3	320	1	2	0	326
6871	2	4	0	326	0	332
6872	1	1	328	4	0	334
6873	2	1	2	322	0	327
6874	0	3	1	338	0	342
6875	333	0	2	8	0	343
6876	341	1	1	2	0	345
6877	3	3	334	2	0	342
6878	328	0	4	3	0	335
6879	5	1	334	0	0	340
6880	2	3	2	341	0	348
6881	0	0	338	4	0	342
6882	5	0	2	340	0	347
6883	0	346	2	3	0	351
6884	1	2	357	4	0	364
6885	2	1	371	0	0	374
6886	3	1	5	298	0	307
6887	381	1	1	3	0	386
6888	386	1	2	2	0	391
6889	384	1	1	1	0	387
6890	6	0	1	382	0	389
6891	4	0	1	385	0	390
6892	5	1	0	385	0	391
6893	2	0	1	387	0	390
6894	3	1	376	4	0	384
6895	2	1	2	376	0	381
6896	1	362	1	6	0	370
6897	4	2	1	381	0	388
6898	377	2	1	5	0	385
6899	3	0	365	6	0	374
6900	337	1	4	2	0	344
6901	3	0	389	4	0	396
6902	2	0	401	2	0	405
6903	2	389	8	1	0	400
6904	2	5	5	348	0	360
6905	1	4	2	385	0	392
6906	6	302	5	6	0	319
6907	408	5	2	7	0	422
6908	7	7	1	396	0	411
6909	7	0	3	458	0	468
6910	4	0	2	468	0	474
6911	507	1	0	18	0	526
6912	523	1	2	9	0	535
6913	17	0	2	517	0	536
6914	9	1	0	522	0	532
6915	511	1	2	16	0	530
6916	17	0	2	512	0	531
6917	7	0	2	525	0	534
6918	4	1	0	530	0	535
6919	7	2	505	17	0	531
6920	489	0	7	10	0	506
6921	516	2	6	10	0	534
6922	17	1	490	9	0	517
6923	11	1	11	473	0	496
6924	5	490	7	14	0	516
6925	494	8	0	12	0	514
6926	12	492	5	8	0	517
6927	6	464	4	5	0	479
6928	7	13	2	425	0	447
6929	429	4	2	10	0	445
6930	431	1	1	8	0	441
6931	15	3	2	428	0	448
6932	8	3	2	428	0	441
6933	8	2	0	430	0	440
6934	7	3	1	426	0	437
6935	5	3	1	419	0	428
6936	4	404	0	16	0	424
6937	3	6	1	420	0	430
6938	409	4	0	14	0	427
6939	434	1	0	13	0	448
6940	432	2	2	8	0	444
6941	19	412	0	9	0	440
6942	13	11	0	419	0	443
6943	3	8	419	23	0	453
6944	409	2	9	19	0	439
6945	15	6	6	427	0	454
6946	435	3	1	19	0	458
6947	422	2	1	15	0	440
6948	433	2	2	5	0	442
6949	21	2	3	420	0	446
6950	423	2	0	18	0	443
6951	18	2	2	416	0	438
6952	14	1	2	422	0	439
6953	414	2	2	26	0	444
6954	20	1	0	420	0	441
6955	419	0	2	18	0	439
6956	427	2	0	14	0	443
6957	26	5	0	409	0	440
6958	15	0	1	430	0	446
6959	12	0	0	437	0	449
6960	12	1	393	25	0	431
6961	7	0	397	21	0	425
6962	8	2	18	389	0	417
6963	9	1	7	402	0	419
6964	5	0	5	406	0	416
6965	10	0	3	392	0	405
6966	5	2	2	404	0	413
6967	366	0	0	33	0	399
6968	19	360	2	16	0	397
6969	14	11	4	369	0	398
6970	364	7	6	23	0	400
6971	22	2	2	373	0	399
6972	13	2	1	378	0	394
6973	357	2	3	30	0	392
6974	367	2	0	16	0	385
6975	22	1	350	15	0	388
6976	16	1	12	352	0	381
6977	12	2	351	16	0	381
6978	6	3	9	353	0	371
6979	5	0	8	360	0	373
6980	8	1	1	364	0	374
6981	4	1	342	27	0	374
6982	7	305	11	16	0	339
6983	10	327	8	8	0	353
6984	4	16	2	330	0	352
6985	313	7	5	20	0	345
6986	18	0	309	15	0	342
6987	8	3	327	12	0	350
6988	5	2	18	322	0	347
6989	6	3	7	312	0	328
6990	3	312	5	25	0	345
6991	5	13	7	317	0	342
6992	2	11	2	339	0	354
6993	2	2	2	347	0	353
6994	324	3	2	23	0	352
6995	337	2	3	12	0	354
6996	15	0	7	330	0	352
6997	12	317	2	19	0	350
6998	2	13	4	333	0	352
6999	325	8	1	20	0	354
7000	14	320	0	17	0	351
7001	6	12	0	282	0	300
7002	2	279	2	18	0	301
7003	290	10	0	8	0	308
7004	279	6	1	4	0	290
7005	16	277	2	9	0	304
7006	5	273	0	7	0	285
7007	7	12	246	1	0	266
7008	3	247	9	5	0	264
7009	3	17	3	179	0	202
7010	0	5	181	8	0	194
7011	1	128	4	2	0	135
7012	0	6	2	119	0	127
7013	1	2	0	125	0	128
7014	0	1	0	125	0	126
7015	123	0	0	7	0	130
7016	7	0	117	2	0	126
7017	2	0	116	1	0	119
7018	0	1	7	115	0	123
7019	0	0	138	6	0	144
7020	1	1	5	142	0	149
7021	0	1	2	138	0	141
7022	0	0	1	148	0	149
7023	0	2	0	145	0	147
7024	141	0	0	8	0	149
7025	144	0	0	3	0	147
7026	7	1	0	139	0	147
7027	3	0	139	5	0	147
7028	0	0	6	139	0	145
7029	0	139	2	5	0	146
7030	0	5	0	143	0	148
7031	135	2	2	5	0	144
7032	154	1	0	4	0	159
7033	7	0	0	149	0	156
7034	2	0	0	152	0	154
7035	0	0	0	159	0	159
7036	150	0	0	7	0	157
7037	6	0	148	2	0	156
7038	2	0	147	1	0	150
7039	0	128	3	4	0	135
7040	131	2	0	1	0	134
7041	3	0	0	131	0	134
7042	0	0	131	3	0	134
7043	0	138	3	0	0	141
7044	0	141	1	0	0	142
7045	0	2	0	141	0	143
7046	0	0	0	150	0	150
7047	0	149	0	2	0	151
7048	0	2	0	152	0	154
7049	0	0	0	147	0	147
7050	149	0	0	2	0	151
7051	2	152	0	0	0	154
7052	0	1	0	153	0	154
7053	0	1	151	1	0	153
7054	0	1	1	155	0	157
7055	154	0	0	2	0	156
7056	1	157	0	0	0	158
7057	0	1	0	160	0	161
7058	0	0	162	1	0	163
7059	0	1	164	0	0	165
7060	0	0	1	179	0	180
7061	0	0	0	186	0	186
7062	186	0	0	4	0	190
7063	3	192	0	1	0	196
7064	196	3	1	0	0	200
7065	3	0	195	0	0	198
7066	195	0	3	1	0	199
7067	3	0	202	0	0	205
7068	199	0	3	1	0	203
7069	207	0	0	1	0	208
7070	3	0	220	1	0	224
7071	0	0	223	1	0	224
7072	1	218	3	0	0	222
7073	2	4	0	223	0	229
7074	238	0	1	7	0	246
7075	4	0	2	244	0	250
7076	0	1	0	252	0	253
7077	0	1	0	257	0	258
7078	1	0	252	5	0	258
7079	236	0	4	2	0	242
7080	258	0	0	2	0	260
7081	4	266	0	2	0	272
7082	1	4	1	262	0	268
7083	1	284	0	6	0	291
7084	2	4	0	289	0	295
7085	283	1	1	5	0	290
7086	4	285	0	1	0	290
7087	1	6	1	275	0	283
7088	276	0	1	6	0	283
7089	279	1	0	1	0	281
7090	6	1	0	275	0	282
7091	1	1	279	5	0	286
7092	2	1	4	264	0	271
7093	1	280	0	6	0	287
7094	281	4	0	4	0	289
7095	4	277	2	0	0	283
7096	1	3	0	276	0	280
7097	283	0	0	6	0	289
7098	7	1	0	294	0	302
7099	1	2	0	299	0	302
7100	0	1	291	6	0	298
7101	1	291	5	1	0	298
7102	284	3	0	2	0	289
7103	236	1	0	9	0	246
7104	2	275	1	1	0	279
7105	1	292	0	0	0	293
7106	3	2	0	286	0	291
7107	283	0	0	4	0	287
7108	3	282	1	0	0	286
7109	1	3	0	285	0	289
7110	0	1	289	4	0	294
7111	3	0	2	279	0	284
7112	283	1	0	3	0	287
7113	3	288	0	2	0	293
7114	2	3	1	293	0	299
7115	0	0	300	5	0	305
7116	1	0	291	1	0	293
7117	1	1	3	292	0	297
7118	1	1	0	296	0	298
7119	1	285	1	3	0	290
7120	0	3	1	295	0	299
7121	298	1	0	4	0	303
7122	3	1	0	299	0	303
7123	294	2	0	5	0	301
7124	5	298	0	1	0	304
7125	0	315	0	0	0	315
7126	1	2	0	321	0	324
7127	0	0	1	325	0	326
7128	4	1	313	4	0	322
7129	2	1	2	319	0	324
7130	319	1	1	4	0	325
7131	3	1	332	2	0	338
7132	0	1	3	329	0	333
7133	0	0	346	5	0	351
7134	2	0	3	343	0	348
7135	1	0	1	339	0	341
7136	1	1	0	354	0	356
7137	0	0	346	5	0	351
7138	2	0	3	337	0	342
7139	1	346	0	5	0	352
7140	2	3	0	353	0	358
7141	0	2	1	354	0	357
7142	355	1	0	3	0	359
7143	5	2	348	1	0	356
7144	1	1	4	353	0	359
7145	1	1	346	6	0	354
7146	0	2	316	1	0	319
7147	2	0	4	349	0	355
7148	3	0	3	329	0	335
7149	1	1	1	356	0	359
7150	358	0	2	6	0	366
7151	5	0	356	2	0	363
7152	345	0	3	6	0	354
7153	4	1	0	366	0	371
7154	2	0	2	364	0	368
7155	0	379	0	4	0	383
7156	0	5	0	372	0	377
7157	2	0	0	377	0	379
7158	1	1	0	373	0	375
7159	321	0	0	6	0	327
7160	4	0	304	1	0	309
7161	285	1	2	1	0	289
7162	3	303	0	1	0	307
7163	303	1	1	0	0	305
7164	1	302	0	0	0	303
7165	1	305	0	0	0	306
7166	2	0	0	298	0	300
7167	302	1	0	1	0	304
7168	1	1	0	303	0	305
7169	0	297	0	2	0	299
7170	1	305	0	0	0	306
7171	1	2	0	306	0	309
7172	1	0	0	306	0	307
7173	0	306	1	0	0	307
7174	0	1	0	321	0	322
7175	2	0	0	315	0	317
7176	0	1	0	324	0	325
7177	320	0	0	3	0	323
7178	1	0	317	0	0	318
7179	303	0	2	1	0	306
7180	313	0	0	1	0	314
7181	299	0	0	0	0	299
7182	1	298	0	0	0	299
7183	0	1	0	294	0	295
7184	296	0	0	2	0	298
7185	2	0	0	301	0	303
7186	303	0	0	1	0	304
7187	1	320	0	0	0	321
7188	329	1	0	2	0	332
7189	331	0	0	0	0	331
7190	336	1	0	0	0	337
7191	1	0	0	336	0	337
7192	1	0	0	331	0	332
7193	332	0	0	2	0	334
7194	1	335	0	0	0	336
7195	0	327	0	0	0	327
7196	347	1	0	0	0	348
7197	1	0	0	333	0	334
7198	2	0	0	342	0	344
7199	0	0	0	346	0	346
7200	0	344	0	1	0	345
7201	356	1	0	0	0	357
7202	2	0	0	356	0	358
7203	1	363	0	1	0	365
7204	0	1	0	392	0	393
7205	1	0	0	380	0	381
7206	0	0	0	382	0	382
7207	0	0	0	381	0	381
7208	381	0	0	1	0	382
7209	380	0	0	0	0	380
7210	375	0	0	2	0	377
7211	1	1	0	375	0	377
7212	0	0	372	2	0	374
7213	0	1	331	1	0	333
7214	0	0	351	0	0	351
7215	397	0	2	1	0	400
7216	1	0	0	396	0	397
7217	0	1	0	392	0	393
7218	0	0	0	402	0	402
7219	394	0	0	2	0	396
7220	393	0	0	1	0	394
7221	4	432	0	1	0	437
7222	2	1	0	434	0	437
7223	2	1	428	1	0	432
7224	1	434	1	1	0	437
7225	2	0	1	434	0	437
7226	0	1	1	435	0	437
7227	0	0	1	428	0	429
7228	2	0	0	418	0	420
7229	0	0	420	3	0	423
7230	2	0	394	1	0	397
7231	0	422	2	1	0	425
7232	2	1	0	423	0	426
7233	2	0	0	420	0	422
7234	418	1	0	2	0	421
7235	1	0	422	2	0	425
7236	0	0	3	420	0	423
7237	1	1	0	431	0	433
7238	1	1	432	2	0	436
7239	0	436	2	1	0	439
7240	439	1	0	2	0	442
7241	1	0	430	3	0	434
7242	415	0	0	3	0	418
7243	0	0	469	2	0	471
7244	1	2	0	475	0	478
7245	1	0	482	3	0	486
7246	1	0	512	3	0	516
7247	2	0	1	522	0	525
7248	6	0	2	423	0	431
7249	1	0	0	563	0	564
7250	3	0	1	545	0	549
7251	0	1	0	538	0	539
7252	1	2	540	1	0	544
7253	3	0	492	0	0	495
7254	1	543	0	1	0	545
7255	545	0	0	5	0	550
7256	1	1	2	563	0	567
7257	559	0	1	4	0	564
7258	1	0	1	561	0	563
7259	601	0	1	2	0	604
7260	2	0	0	604	0	606
7261	0	0	0	610	0	610
7262	1	625	0	3	0	629
7263	1	2	0	640	0	643
7264	2	2	0	638	0	642
7265	0	0	1	636	0	637
7266	1	0	0	640	0	641
7267	0	626	0	7	0	633
7268	629	1	0	0	0	630
7269	1	631	0	1	0	633
7270	1	1	0	629	0	631
7271	621	0	0	5	0	626
7272	3	1	601	0	0	605
7273	0	0	578	1	0	579
7274	0	0	4	599	0	603
7275	1	1	0	616	0	618
7276	0	0	0	616	0	616
7277	1	0	0	562	0	563
7278	0	0	0	607	0	607
7279	0	603	0	2	0	605
7280	0	1	0	620	0	621
7281	619	0	0	2	0	621
7282	1	1	0	622	0	624
7283	0	0	626	2	0	628
7284	2	0	0	622	0	624
7285	624	0	0	2	0	626
7286	1	675	1	0	0	677
7287	4	1	0	721	0	726
7288	0	0	1	763	0	764
7289	2	0	744	6	0	752
7290	4	1	953	1	0	959
7291	1137	1	15	5	0	1158
7292	25	0	6	1186	0	1217
7293	14	0	10	1205	0	1229
7294	13	0	1245	33	0	1291
7295	7	2	1238	25	0	1272
7296	5	1237	39	19	0	1300
7297	4	28	17	1227	0	1276
7298	1	8	1238	36	0	1283
7299	0	1227	43	12	0	1282
7300	1242	33	21	13	0	1309
7301	1273	16	14	11	0	1314
7302	44	16	10	1226	0	1296
7303	22	1261	10	34	0	1327
7304	1249	36	7	18	0	1310
7305	50	16	6	1182	0	1254
7306	24	13	1241	38	0	1316
7307	15	1250	32	21	0	1318
7308	1244	39	14	22	0	1319
7309	1280	16	18	10	0	1324
7310	44	17	9	1271	0	1341
7311	32	10	10	1282	0	1334
7312	23	10	1238	43	0	1314
7313	24	6	34	1257	0	1321
7314	21	6	13	1193	0	1233
7315	17	4	12	1265	0	1298
7316	10	2	8	1273	0	1293
7317	9	3	13	1219	0	1244
7318	5	1208	5	64	0	1282
7319	1204	33	7	38	0	1282
7320	36	14	1205	31	0	1286
7321	15	1155	30	30	0	1230
7322	18	32	13	1206	0	1269
7323	1192	20	15	46	0	1273
7324	48	15	8	1200	0	1271
7325	21	6	8	1209	0	1244
7326	15	8	8	1219	0	1250
7327	9	7	8	1232	0	1256
7328	22	3	1161	72	0	1258
7329	7	1165	30	49	0	1251
7330	1177	33	13	44	0	1267
7331	38	16	1175	28	0	1257
7332	17	18	44	1177	0	1256
7333	1174	14	24	49	0	1261
7334	47	1169	21	22	0	1259
7335	1188	40	13	29	0	1270
7336	58	19	15	1106	0	1198
7337	28	14	6	1236	0	1284
7338	35	6	5	1238	0	1284
7339	16	14	5	1241	0	1276
7340	1174	15	4	75	0	1268
7341	50	4	5	1216	0	1275
7342	18	8	9	1247	0	1282
7343	1147	3	8	75	0	1233
7344	50	7	1104	43	0	1204
7345	31	6	37	1140	0	1214
7346	1064	6	12	67	0	1149
7347	1092	3	12	40	0	1147
7348	56	3	8	1053	0	1120
7349	32	6	13	1043	0	1094
7350	26	987	8	69	0	1090
7351	26	35	3	1034	0	1098
7352	24	10	6	1058	0	1098
7353	12	13	992	75	0	1092
7354	13	4	989	52	0	1058
7355	7	987	45	38	0	1077
7356	11	36	25	992	0	1064
7357	10	13	21	1030	0	1074
7358	989	20	18	55	0	1082
7359	43	8	15	973	0	1039
7360	23	10	945	70	0	1048
7361	27	9	35	981	0	1052
7362	14	5	923	77	0	1019
7363	17	3	955	44	0	1019
7364	9	7	56	943	0	1015
7365	3	5	39	979	0	1026
7366	937	14	25	61	0	1037
7367	971	7	17	41	0	1036
7368	52	2	25	962	0	1041
7369	974	7	6	65	0	1052
7370	1014	4	5	39	0	1062
7371	71	12	8	987	0	1078
7372	48	3	5	1005	0	1061
7373	971	4	4	71	0	1050
7374	977	5	13	40	0	1035
7375	56	3	7	971	0	1037
7376	36	929	9	68	0	1042
7377	36	37	8	962	0	1043
7378	29	8	4	995	0	1036
7379	23	13	930	72	0	1038
7380	22	10	33	982	0	1047
7381	914	9	15	71	0	1009
7382	40	932	12	46	0	1030
7383	916	34	6	44	0	1000
7384	933	11	12	32	0	988
7385	939	10	4	32	0	985
7386	80	10	4	856	0	950
7387	40	11	758	45	0	854
7388	29	9	745	26	0	809
7389	26	726	41	30	0	823
7390	21	478	13	14	0	526
7391	4	334	1	8	0	347
7392	1	304	2	4	0	311
7393	3	9	295	2	0	309
7394	213	3	12	1	0	229
7395	6	2	1	225	0	234
7396	0	0	2	229	0	231
7397	1	0	0	223	0	224
7398	1	222	0	8	0	231
7399	220	5	2	3	0	230
7400	7	1	225	1	0	234
7401	0	215	8	2	0	225
7402	1	6	2	217	0	226
7403	218	0	3	8	0	229
7404	6	1	2	216	0	225
7405	0	0	220	9	0	229
7406	2	0	205	2	0	209
7407	2	0	5	207	0	214
7408	3	0	1	207	0	211
7409	201	0	1	7	0	209
7410	8	0	205	2	0	215
7411	202	0	6	2	0	210
7412	209	0	0	2	0	211
7413	7	0	1	211	0	219
7414	3	0	222	7	0	232
7415	3	0	6	217	0	226
7416	223	1	0	7	0	231
7417	6	224	1	2	0	233
7418	223	7	0	3	0	233
7419	7	0	1	221	0	229
7420	0	233	1	7	0	241
7421	2	6	1	234	0	243
7422	1	1	0	246	0	248
7423	1	251	0	8	0	260
7424	2	7	0	260	0	269
7425	4	0	0	274	0	278
7426	4	1	1	278	0	284
7427	1	1	267	10	0	279
7428	0	269	8	3	0	280
7429	261	6	0	0	0	267
7430	9	0	0	265	0	274
7431	0	291	1	6	0	298
7432	301	7	1	1	0	310
7433	8	1	0	302	0	311
7434	3	0	0	309	0	312
7435	2	0	0	286	0	288
7436	1	0	1	269	0	271
7437	261	0	0	14	0	275
7438	10	0	1	267	0	278
7439	3	0	0	273	0	276
7440	269	0	1	10	0	280
7441	8	0	0	271	0	279
7442	3	1	267	9	0	280
7443	2	1	7	267	0	277
7444	269	0	2	10	0	281
7445	8	1	1	269	0	279
7446	2	1	268	9	0	280
7447	1	0	264	4	0	269
7448	270	1	10	4	0	285
7449	285	1	3	2	0	291
7450	297	0	1	4	0	302
7451	301	0	0	2	0	303
7452	12	0	300	3	0	315
7453	3	0	10	289	0	302
7454	3	1	3	308	0	315
7455	299	0	1	12	0	312
7456	10	0	0	305	0	315
7457	3	1	296	11	0	311
7458	3	0	11	301	0	315
7459	0	5	303	11	0	319
7460	2	300	10	4	0	316
7461	310	9	2	2	0	323
7462	10	2	1	306	0	319
7463	5	4	298	11	0	318
7464	1	2	12	303	0	318
7465	2	1	3	317	0	323
7466	4	1	313	18	0	336
7467	2	0	12	317	0	331
7468	313	1	5	15	0	334
7469	11	0	283	8	0	302
7470	287	1	8	5	0	301
7471	13	278	5	6	0	302
7472	6	10	280	2	0	298
7473	3	5	278	11	0	297
7474	3	6	15	242	0	266
7475	4	2	7	285	0	298
7476	4	0	284	16	0	304
7477	2	1	12	289	0	304
7478	291	2	7	11	0	311
7479	302	1	2	10	0	315
7480	16	0	2	285	0	303
7481	9	1	2	287	0	299
7482	5	290	0	13	0	308
7483	292	9	4	7	0	312
7484	12	5	2	292	0	311
7485	5	301	2	13	0	321
7486	304	9	1	9	0	323
7487	325	5	2	3	0	335
7488	11	324	1	7	0	343
7489	8	8	4	318	0	338
7490	5	6	2	332	0	345
7491	5	3	316	19	0	343
7492	4	0	11	320	0	335
7493	318	1	7	18	0	344
7494	13	2	3	324	0	342
7495	12	0	310	16	0	338
7496	312	2	9	12	0	335
7497	14	1	4	311	0	330
7498	10	0	308	15	0	333
7499	5	3	11	313	0	332
7500	6	2	306	17	0	331
7501	5	0	11	317	0	333
7502	3	1	8	321	0	333
7503	311	0	6	20	0	337
7504	12	306	2	15	0	335
7505	311	10	3	11	0	335
7506	306	6	2	8	0	322
7507	319	4	4	4	0	331
7508	20	306	3	7	0	336
7509	10	8	310	6	0	334
7510	7	6	12	312	0	337
7511	316	3	9	18	0	346
7512	325	0	7	12	0	344
7513	21	0	3	315	0	339
7514	309	0	2	17	0	328
7515	15	2	298	14	0	329
7516	287	1	9	10	0	307
7517	13	4	291	5	0	313
7518	13	292	14	5	0	324
7519	299	10	8	8	0	325
7520	298	8	6	4	0	316
7521	20	291	3	6	0	320
7522	288	8	4	7	0	307
7523	282	8	4	6	0	300
7524	18	4	264	7	0	293
7525	268	1	7	10	0	286
7526	10	0	259	4	0	273
7527	10	0	9	248	0	267
7528	9	249	6	7	0	271
7529	6	6	248	6	0	266
7530	215	16	14	11	0	256
7531	211	9	9	1	0	230
7532	11	1	1	192	0	205
7533	8	1	200	4	0	213
7534	2	4	3	204	0	213
7535	201	1	5	8	0	215
7536	6	198	1	7	0	212
7537	209	5	2	3	0	219
7538	202	4	1	2	0	209
7539	12	198	0	1	0	211
7540	6	4	2	197	0	209
7541	201	4	2	3	0	210
7542	7	1	0	198	0	206
7543	3	1	3	208	0	215
7544	2	3	200	7	0	212
7545	2	1	5	207	0	215
7546	4	0	5	211	0	220
7547	205	1	2	9	0	217
7548	192	1	0	10	0	203
7549	13	0	0	190	0	203
7550	5	3	183	5	0	196
7551	7	0	179	4	0	190
7552	5	1	8	177	0	191
7553	3	1	188	3	0	195
7554	3	3	3	186	0	195
7555	1	1	8	179	0	189
7556	175	0	0	10	0	185
7557	8	0	172	7	0	187
7558	177	0	4	3	0	184
7559	174	0	6	5	0	185
7560	9	0	167	3	0	179
7561	5	0	161	2	0	168
7562	3	7	4	148	0	162
7563	3	159	4	1	0	167
7564	2	159	1	0	0	162
7565	7	2	6	141	0	156
7566	1	1	1	132	0	135
7567	1	0	0	134	0	135
7568	0	1	0	136	0	137
7569	131	0	2	3	0	136
7570	1	0	1	135	0	137
7571	1	0	129	3	0	133
7572	2	0	1	128	0	131
7573	1	124	2	2	0	129
7574	4	1	0	121	0	126
7575	116	1	1	3	0	121
7576	2	0	1	116	0	119
7577	1	0	118	1	0	120
7578	0	110	1	2	0	113
7579	1	2	1	108	0	112
7580	109	1	0	4	0	114
7581	110	1	0	3	0	114
7582	4	0	0	104	0	108
7583	2	0	105	2	0	109
7584	1	0	99	2	0	102
7585	92	0	2	2	0	96
7586	1	1	95	1	0	98
7587	1	0	79	0	0	80
7588	0	0	0	70	0	70
7589	74	0	0	0	0	74
7590	71	0	0	0	0	71
7591	72	0	0	1	0	73
7592	0	1	85	0	0	86
7593	0	0	84	0	0	84
7594	0	97	0	0	0	97
7595	0	0	0	98	0	98
7596	0	0	0	97	0	97
7597	0	0	0	95	0	95
7598	0	0	0	97	0	97
7599	0	0	96	0	0	96
7600	0	96	0	0	0	96
7601	103	1	0	0	0	104
7602	131	0	0	0	0	131
7603	129	0	0	0	0	129
7604	2	130	0	0	0	132
7605	0	2	0	135	0	137
7606	147	0	0	2	0	149
7607	2	144	0	2	0	148
7608	148	2	0	0	0	150
7609	1	141	0	0	0	142
7610	136	1	0	1	0	138
7611	140	2	0	0	0	142
7612	5	0	0	137	0	142
7613	2	0	0	143	0	145
7614	1	0	139	4	0	144
7615	0	0	129	2	0	131
7616	141	0	4	0	0	145
7617	145	0	2	0	0	147
7618	4	0	0	133	0	137
7619	2	0	0	135	0	137
7620	0	0	135	4	0	139
7621	0	0	2	133	0	135
7622	0	0	135	2	0	137
7623	0	0	2	135	0	137
7624	0	0	2	136	0	138
7625	132	0	0	5	0	137
7626	134	0	0	2	0	136
7627	4	0	0	137	0	141
7628	3	0	0	139	0	142
7629	0	0	145	4	0	149
7630	0	0	2	147	0	149
7631	0	1	145	2	0	148
7632	145	0	2	2	0	149
7633	3	0	2	137	0	142
7634	140	0	1	2	0	143
7635	2	137	0	2	0	141
7636	138	2	0	1	0	141
7637	3	2	0	137	0	142
7638	3	1	1	138	0	143
7639	2	137	0	4	0	143
7640	0	3	0	140	0	143
7641	2	2	137	2	0	143
7642	1	1	2	140	0	144
7643	1	0	133	4	0	138
7644	0	132	2	4	0	138
7645	0	2	2	133	0	137
7646	0	3	132	2	0	137
7647	1	1	131	2	0	135
7648	1	3	4	130	0	138
7649	129	0	2	5	0	136
7650	2	0	131	3	0	136
7651	2	0	3	126	0	131
7652	137	0	2	4	0	143
7653	1	130	1	2	0	134
7654	143	2	1	2	0	148
7655	3	2	0	143	0	148
7656	4	0	0	152	0	156
7657	2	0	1	153	0	156
7658	152	0	0	5	0	157
7659	3	0	0	154	0	157
7660	2	1	1	152	0	156
7661	151	0	0	6	0	157
7662	1	0	150	3	0	154
7663	3	0	2	152	0	157
7664	0	0	153	3	0	156
7665	148	0	2	2	0	152
7666	2	1	2	151	0	156
7667	3	0	149	3	0	155
7668	144	0	2	3	0	149
7669	148	0	2	2	0	152
7670	4	1	153	1	0	159
7671	2	0	2	147	0	151
7672	1	0	3	154	0	158
7673	0	0	151	6	0	157
7674	0	148	4	2	0	154
7675	1	3	152	0	0	156
7676	158	1	2	2	0	163
7677	1	0	172	1	0	174
7678	169	0	4	1	0	174
7679	3	0	172	2	0	177
7680	167	0	2	1	0	170
7681	2	199	3	0	0	204
7682	2	4	0	197	0	203
7683	3	2	0	203	0	208
7684	0	2	196	5	0	203
7685	3	0	2	189	0	194
7686	0	196	2	3	0	201
7687	190	2	0	4	0	196
7688	2	198	0	1	0	201
7689	4	2	0	201	0	207
7690	200	3	1	3	0	207
7691	1	199	1	8	0	209
7692	190	2	0	2	0	194
7693	3	5	181	0	0	189
7694	3	0	3	176	0	182
7695	0	0	3	183	0	186
7696	2	0	0	187	0	189
7697	189	1	0	5	0	195
7698	188	0	1	3	0	192
7699	198	0	0	0	0	198
7700	192	1	1	1	0	195
7701	4	0	185	1	0	190
7702	147	0	0	2	0	149
7703	0	151	1	2	0	154
7704	3	156	0	1	0	160
7705	167	1	5	1	0	174
7706	162	0	0	2	0	164
7707	1	0	0	166	0	167
7708	173	0	1	0	0	174
7709	171	0	1	0	0	172
7710	179	0	0	1	0	180
7711	0	1	1	191	0	193
7712	2	198	0	0	0	200
7713	1	203	1	1	0	206
7714	0	1	0	204	0	205
7715	204	0	0	1	0	205
7716	3	201	0	0	0	204
7717	1	1	1	202	0	205
7718	0	0	203	3	0	206
7719	181	1	1	1	0	184
7720	1	204	1	0	0	206
7721	0	203	0	1	0	204
7722	203	1	1	0	0	205
7723	2	1	211	0	0	214
7724	1	0	3	205	0	209
7725	1	209	0	1	0	211
7726	1	1	1	218	0	221
7727	1	1	0	213	0	215
7728	0	185	0	1	0	186
7729	0	1	0	207	0	208
7730	0	0	0	211	0	211
7731	210	0	0	1	0	211
7732	1	208	0	0	0	209
7733	205	1	0	0	0	206
7734	2	0	0	208	0	210
7735	1	203	0	1	0	205
7736	0	2	205	0	0	207
7737	0	0	1	206	0	207
7738	0	0	1	216	0	217
7739	0	1	224	3	0	228
7740	208	0	3	0	0	211
7741	3	1	0	226	0	230
7742	224	0	0	5	0	229
7743	5	0	218	0	0	223
7744	0	1	4	222	0	227
7745	2	1	230	4	0	237
7746	0	1	3	239	0	243
7747	1	1	0	243	0	245
7748	240	1	1	5	0	247
7749	3	242	0	2	0	247
7750	242	4	1	2	0	249
7751	4	1	257	2	0	264
7752	1	1	5	246	0	253
7753	1	0	255	6	0	262
7754	219	0	5	3	0	227
7755	252	0	1	2	0	255
7756	6	0	244	1	0	251
7757	240	0	7	1	0	248
7758	243	2	0	3	0	248
7759	6	2	2	246	0	256
7760	3	0	242	8	0	253
7761	2	2	255	2	0	261
7762	2	1	5	252	0	260
7763	0	1	2	257	0	260
7764	1	253	3	8	0	265
7765	4	261	3	0	0	268
7766	258	6	0	3	0	267
7767	9	2	1	259	0	271
7768	4	253	3	5	0	265
7769	4	264	1	1	0	270
7770	253	7	3	2	0	265
7771	6	3	1	258	0	268
7772	2	255	2	10	0	269
7773	3	5	3	258	0	269
7774	0	3	1	269	0	273
7775	5	0	1	267	0	273
7776	244	2	2	8	0	256
7777	11	255	0	2	0	268
7778	2	8	2	256	0	268
7779	3	2	0	262	0	267
7780	3	1	3	262	0	269
7781	3	3	227	7	0	240
7782	221	0	8	1	0	230
7783	7	2	2	233	0	244
7784	231	2	1	10	0	244
7785	236	0	4	3	0	243
7786	235	1	1	4	0	241
7787	6	1	230	7	0	244
7788	4	213	9	3	0	229
7789	4	9	1	214	0	228
7790	3	2	214	11	0	230
7791	3	3	207	3	0	216
7792	2	3	7	203	0	215
7793	2	210	2	10	0	224
7794	214	6	1	5	0	226
7795	208	3	2	3	0	216
7796	229	3	0	4	0	236
7797	225	2	3	3	0	233
7798	9	1	223	5	0	238
7799	213	2	9	4	0	228
7800	10	217	1	5	0	233
7801	4	5	2	217	0	228
7802	2	1	4	219	0	226
7803	218	1	2	10	0	231
7804	11	2	1	217	0	231
7805	2	1	215	12	0	230
7806	205	0	9	3	0	217
7807	217	1	2	2	0	222
7808	206	2	2	4	0	214
7809	10	0	200	4	0	214
7810	173	0	10	3	0	186
7811	10	183	2	2	0	197
7812	181	7	7	2	0	197
7813	9	2	0	179	0	190
7814	0	3	1	185	0	189
7815	3	181	1	6	0	191
7816	2	9	2	186	0	199
7817	2	189	2	5	0	198
7818	1	7	3	185	0	196
7819	2	182	1	6	0	191
7820	4	7	0	179	0	190
7821	4	181	2	6	0	193
7822	4	5	1	189	0	199
7823	1	177	1	8	0	187
7824	195	5	0	2	0	202
7825	7	3	2	197	0	209
7826	5	1	0	201	0	207
7827	2	3	0	229	0	234
7828	2	0	0	230	0	232
7829	0	1	237	11	0	249
7830	4	0	7	231	0	242
7831	2	1	1	239	0	243
7832	234	0	1	8	0	243
7833	234	0	0	4	0	238
7834	10	242	1	0	0	253
7835	6	5	0	263	0	274
7836	1	2	3	285	0	291
7837	282	1	0	8	0	291
7838	7	1	271	2	0	281
7839	268	0	5	0	0	273
7840	6	277	2	1	0	286
7841	275	4	1	0	0	280
7842	273	3	0	1	0	277
7843	5	265	0	2	0	272
7844	3	287	0	1	0	291
7845	4	3	1	266	0	274
7846	1	3	266	4	0	274
7847	258	2	4	1	0	265
7848	4	1	264	2	0	271
7849	257	0	5	2	0	264
7850	5	2	261	0	0	268
7851	1	252	4	0	0	257
7852	1	3	1	255	0	260
7853	248	1	2	6	0	257
7854	254	1	0	2	0	257
7855	4	0	1	247	0	252
7856	255	0	0	4	0	259
7857	252	0	1	1	0	254
7858	3	251	0	1	0	255
7859	252	3	0	2	0	257
7860	5	264	0	0	0	269
7861	3	4	0	257	0	264
7862	249	1	0	4	0	254
7863	253	1	0	3	0	257
7864	243	0	0	4	0	247
7865	5	1	252	0	0	258
7866	3	0	274	1	0	278
7867	4	2	3	263	0	272
7868	1	1	3	294	0	299
7869	2	314	0	5	0	321
7870	315	5	0	4	0	324
7871	9	4	0	311	0	324
7872	4	5	1	320	0	330
7873	4	0	325	9	0	338
7874	1	315	6	5	0	327
7875	1	328	3	8	0	340
7876	3	10	3	328	0	344
7877	317	4	0	8	0	329
7878	7	2	1	318	0	328
7879	3	1	2	323	0	329
7880	317	2	3	11	0	333
7881	319	1	1	8	0	329
7882	11	2	0	316	0	329
7883	7	2	314	10	0	333
7884	7	3	7	314	0	331
7885	2	1	2	326	0	331
7886	313	2	4	14	0	333
7887	11	0	1	337	0	349
7888	334	3	3	9	0	349
7889	12	2	331	5	0	350
7890	4	2	9	342	0	357
7891	7	0	2	352	0	361
7892	5	0	5	355	0	365
7893	5	2	1	351	0	359
7894	2	2	2	350	0	356
7895	5	0	344	16	0	365
7896	332	1	9	8	0	350
7897	11	2	3	337	0	353
7898	3	1	327	15	0	346
7899	8	0	325	10	0	343
7900	4	0	11	332	0	347
7901	324	3	7	15	0	349
7902	331	1	5	7	0	344
7903	338	4	1	7	0	350
7904	18	0	1	322	0	341
7905	9	322	6	10	0	347
7906	332	10	4	8	0	354
7907	337	5	1	13	0	356
7908	340	5	0	10	0	355
7909	344	2	5	5	0	356
7910	20	1	2	333	0	356
7911	6	1	328	15	0	350
7912	8	3	9	319	0	339
7913	4	1	326	14	0	345
7914	324	1	12	7	0	344
7915	337	1	3	13	0	354
7916	17	0	320	7	0	344
7917	324	0	10	6	0	340
7918	337	0	3	7	0	347
7919	14	1	4	329	0	348
7920	14	331	2	9	0	356
7921	334	8	3	9	0	354
7922	16	1	2	328	0	347
7923	5	323	5	14	0	347
7924	10	9	1	321	0	341
7925	8	1	314	15	0	338
7926	5	312	8	9	0	334
7927	284	10	5	7	0	306
7928	303	1	6	3	0	313
7929	274	3	3	7	0	287
7930	274	2	4	5	0	285
7931	13	0	5	265	0	283
7932	8	258	5	12	0	283
7933	245	10	2	3	0	260
7934	13	3	257	6	0	279
7935	8	231	7	2	0	248
7936	7	4	223	7	0	241
7937	4	5	9	203	0	221
7938	4	197	3	7	0	211
7939	7	8	3	213	0	231
7940	9	3	227	7	0	246
7941	7	3	6	219	0	235
7942	5	2	2	233	0	242
7943	5	2	4	235	0	246
7944	221	2	1	12	0	236
7945	9	218	4	5	0	236
7946	7	6	1	223	0	237
7947	217	2	3	8	0	230
7948	8	217	3	7	0	235
7949	219	7	3	6	0	235
7950	12	2	215	5	0	234
7951	6	4	7	209	0	226
7952	6	215	4	8	0	233
7953	215	6	3	6	0	230
7954	8	5	214	6	0	233
7955	4	188	9	2	0	203
7956	5	5	4	205	0	219
7957	2	4	5	216	0	227
7958	206	6	1	12	0	225
7959	11	2	1	210	0	224
7960	6	3	199	10	0	218
7961	7	2	6	205	0	220
7962	4	4	202	10	0	220
7963	4	1	7	200	0	212
7964	5	203	2	8	0	218
7965	208	6	2	5	0	221
7966	181	2	2	2	0	187
7967	9	186	1	3	0	199
7968	4	155	2	2	0	163
7969	0	1	0	144	0	145
7970	149	1	1	1	0	152
7971	3	0	0	152	0	155
7972	155	0	0	1	0	156
7973	1	144	1	0	0	146
7974	1	2	0	147	0	150
7975	1	0	165	2	0	168
7976	2	0	1	158	0	161
7977	0	1	1	165	0	167
7978	176	0	0	4	0	180
7979	1	178	0	2	0	181
7980	1	1	0	179	0	181
7981	177	1	1	3	0	182
7982	1	0	180	2	0	183
7983	169	1	1	1	0	172
7984	4	6	1	172	0	183
7985	2	179	1	0	0	182
7986	181	0	0	2	0	183
7987	3	1	169	0	0	173
7988	1	0	167	1	0	169
7989	1	170	2	0	0	173
7990	170	0	8	1	0	179
7991	1	2	0	174	0	177
7992	2	0	0	179	0	181
7993	180	0	1	3	0	184
7994	2	0	176	1	0	179
7995	1	1	2	179	0	183
7996	1	0	183	3	0	187
7997	0	0	2	186	0	188
7998	1	176	1	7	0	185
7999	1	2	1	187	0	191
8000	0	1	183	3	0	187
8001	176	0	3	3	0	182
8002	3	0	2	190	0	195
8003	1	1	196	3	0	201
8004	0	1	2	198	0	201
8005	0	0	2	184	0	186
8006	1	0	177	3	0	181
8007	1	0	169	2	0	172
8008	1	0	4	170	0	175
8009	0	0	178	3	0	181
8010	169	0	2	4	0	175
8011	3	0	2	176	0	181
8012	172	0	2	4	0	178
8013	3	1	172	2	0	178
8014	1	0	4	171	0	176
8015	2	0	202	3	0	207
8016	1	199	5	2	0	207
8017	2	2	201	2	0	207
8018	2	2	189	0	0	193
8019	192	1	4	3	0	200
8020	193	0	3	0	0	196
8021	4	1	197	0	0	202
8022	1	0	4	188	0	193
8023	0	1	4	198	0	203
8024	2	1	205	5	0	213
8025	2	198	3	2	0	205
8026	198	3	2	3	0	206
8027	4	1	204	1	0	210
8028	4	0	5	209	0	218
8029	2	0	3	230	0	235
8030	227	1	1	6	0	235
8031	238	0	1	4	0	243
8032	243	2	1	0	0	246
8033	244	0	1	1	0	246
8034	6	0	3	234	0	243
8035	2	0	243	5	0	250
8036	2	1	3	241	0	247
8037	2	0	3	242	0	247
8038	2	1	1	256	0	260
8039	4	0	247	6	0	257
8040	236	0	5	1	0	242
8041	4	0	3	245	0	252
8042	1	0	263	7	0	271
8043	1	273	4	4	0	282
8044	3	3	3	282	0	291
8045	2	2	0	287	0	291
8046	285	0	1	8	0	294
8047	3	291	3	2	0	299
8048	2	5	297	3	0	307
8049	0	1	6	292	0	299
8050	1	2	1	297	0	301
8051	295	0	1	8	0	304
8052	292	1	2	3	0	298
8053	11	0	1	299	0	311
8054	303	1	0	7	0	311
8055	4	298	5	2	0	309
8056	2	5	329	3	0	339
8057	1	1	4	329	0	335
8058	1	0	2	341	0	344
8059	3	1	1	337	0	342
8060	3	2	0	337	0	342
8061	1	318	3	6	0	328
8062	336	5	1	6	0	348
8063	3	2	1	347	0	353
8064	3	355	0	7	0	365
8065	362	4	0	6	0	372
8066	369	2	0	3	0	374
8067	8	393	0	1	0	402
8068	1	5	1	419	0	426
8069	1	2	2	422	0	427
8070	1	1	0	401	0	403
8071	2	1	0	409	0	412
8072	410	1	0	7	0	418
8073	420	0	1	7	0	428
8074	9	434	0	1	0	444
8075	1	7	413	2	0	423
8076	3	1	7	414	0	425
8077	421	1	1	8	0	431
8078	8	399	0	3	0	410
8079	3	411	1	1	0	416
8080	420	8	1	2	0	431
8081	414	3	0	3	0	420
8082	9	1	1	414	0	425
8083	1	2	425	9	0	437
8084	2	2	416	2	0	422
8085	444	1	6	0	0	451
8086	471	1	0	2	0	474
8087	460	2	1	3	0	466
8088	469	0	3	1	0	473
8089	481	1	1	3	0	486
8090	10	466	2	1	0	479
8091	3	5	1	457	0	466
8092	4	464	0	5	0	473
8093	476	5	0	1	0	482
8094	471	3	0	1	0	475
8095	464	0	0	4	0	468
8096	472	0	1	0	0	473
8097	6	460	1	2	0	469
8098	477	4	1	5	0	487
8099	6	476	1	0	0	483
8100	4	7	0	476	0	487
8101	476	2	0	5	0	483
8102	8	0	471	1	0	480
8103	6	3	4	448	0	461
8104	3	1	0	473	0	477
8105	2	3	480	3	0	488
8106	1	474	6	2	0	483
8107	479	4	1	3	0	487
8108	480	1	0	2	0	483
8109	8	480	1	0	0	489
8110	3	6	0	481	0	490
8111	5	1	490	4	0	500
8112	2	502	6	1	0	511
8113	508	6	1	6	0	521
8114	7	3	510	1	0	521
8115	445	1	6	3	0	455
8116	480	1	1	1	0	483
8117	8	0	510	3	0	521
8118	2	512	6	2	0	522
8119	5	5	2	506	0	518
8120	5	1	520	3	0	529
8121	485	3	3	1	0	492
8122	526	1	1	1	0	529
8123	8	530	0	1	0	539
8124	4	3	2	526	0	535
8125	2	2	0	544	0	548
8126	2	1	543	5	0	551
8127	2	539	4	2	0	547
8128	547	4	1	2	0	554
8129	529	2	2	4	0	537
8130	547	2	0	1	0	550
8131	7	1	525	1	0	534
8132	525	1	5	2	0	533
8133	534	2	2	1	0	539
8134	7	0	1	541	0	549
8135	2	2	527	4	0	535
8136	5	2	4	520	0	531
8137	3	1	530	4	0	538
8138	3	2	4	516	0	525
8139	4	516	2	6	0	528
8140	1	552	0	2	0	555
8141	2	5	2	558	0	567
8142	2	4	1	534	0	541
8143	520	3	1	5	0	529
8144	7	1	517	2	0	527
8145	481	1	5	3	0	490
8146	5	521	3	2	0	531
8147	524	2	0	2	0	528
8148	522	2	4	0	0	528
8149	7	2	0	522	0	531
8150	3	2	527	4	0	536
8151	3	0	4	532	0	539
8152	3	562	2	3	0	570
8153	1	4	1	557	0	563
8154	1	3	2	562	0	568
8155	558	2	0	9	0	569
8156	5	1	1	527	0	534
8157	2	527	2	6	0	537
8158	6	5	0	536	0	547
8159	542	2	1	5	0	550
8160	5	547	1	2	0	555
8161	2	8	0	557	0	567
8162	3	1	2	553	0	559
8163	5	1	1	593	0	600
8164	3	2	2	581	0	588
8165	575	0	2	13	0	590
8166	8	1	1	576	0	586
8167	2	1	1	589	0	593
8168	1	1	3	578	0	583
8169	2	606	2	12	0	622
8170	591	11	0	8	0	610
8171	10	3	603	5	0	621
8172	2	610	8	3	0	623
8173	577	5	10	4	0	596
8174	6	0	586	7	0	599
8175	1	593	5	0	0	599
8176	5	5	0	573	0	583
8177	1	602	2	7	0	612
8178	0	11	613	0	0	624
8179	0	0	597	4	0	601
8180	0	610	7	1	0	618
8181	611	6	3	2	0	622
8182	611	0	3	2	0	616
8183	8	3	583	0	0	594
8184	4	0	548	1	0	553
8185	3	0	569	1	0	573
8186	1	0	11	560	0	572
8187	2	1	2	559	0	564
8188	1	0	3	584	0	588
8189	0	0	570	15	0	585
8190	3	2	9	549	0	563
8191	4	0	1	566	0	571
8192	0	0	567	12	0	579
8193	540	2	10	7	0	559
8194	13	0	1	591	0	605
8195	3	2	5	584	0	594
8196	5	583	1	12	0	601
8197	589	11	4	6	0	610
8198	11	4	583	0	0	598
8199	584	4	11	2	0	601
8200	15	0	3	584	0	602
8201	2	4	588	12	0	606
8202	3	1	13	591	0	608
8203	590	2	4	15	0	611
8204	10	0	592	3	0	605
8205	576	0	14	8	0	598
8206	606	2	4	5	0	617
8207	607	0	6	4	0	617
8208	20	592	1	5	0	618
8209	9	11	3	616	0	639
8210	621	1	4	16	0	642
8211	622	3	2	6	0	633
8212	629	2	0	9	0	640
8213	20	0	606	3	0	629
8214	623	2	12	5	0	642
8215	19	1	5	663	0	688
8216	8	0	663	15	0	686
8217	6	1	15	673	0	695
8218	4	2	6	687	0	699
8219	2	1	673	23	0	699
8220	4	4	14	678	0	700
8221	11	0	5	677	0	693
8222	2	2	780	19	0	803
8223	787	3	19	10	0	819
8224	869	0	15	10	0	894
8225	44	0	8	909	0	961
8226	22	2	901	29	0	954
8227	12	0	31	889	0	932
8228	8	875	20	32	0	935
8229	13	24	3	894	0	934
8230	6	14	4	908	0	932
8231	880	3	6	47	0	936
8232	888	2	2	26	0	918
8233	914	4	5	11	0	934
8234	46	3	3	873	0	925
8235	23	4	1	911	0	939
8236	15	0	878	47	0	940
8237	9	1	30	852	0	892
8238	11	872	13	35	0	931
8239	876	28	6	25	0	935
8240	33	844	8	12	0	897
8241	867	29	5	13	0	914
8242	34	14	4	812	0	864
8243	18	857	5	30	0	910
8244	857	25	2	25	0	909
8245	865	18	3	16	0	902
8246	52	5	7	828	0	892
8247	25	841	4	34	0	904
8248	15	30	3	846	0	894
8249	10	16	833	38	0	897
8250	802	9	22	22	0	855
8251	32	810	18	16	0	876
8252	811	32	7	7	0	857
8253	36	17	2	803	0	858
8254	823	10	4	34	0	871
8255	41	3	837	22	0	903
8256	870	3	30	10	0	913
8257	878	4	15	6	0	903
8258	46	7	857	12	0	922
8259	37	1	28	855	0	921
8260	15	2	22	881	0	920
8261	841	3	7	50	0	901
8262	33	834	9	24	0	900
8263	26	26	9	787	0	848
8264	14	21	770	31	0	836
8265	11	7	785	24	0	827
8266	11	771	37	19	0	838
8267	9	32	759	11	0	811
8268	725	13	38	10	0	786
8269	35	6	23	684	0	748
8270	716	2	8	35	0	761
8271	30	8	699	22	0	759
8272	23	3	29	691	0	746
8273	12	6	21	715	0	754
8274	13	4	687	49	0	753
8275	14	6	29	707	0	756
8276	689	6	24	31	0	750
8277	701	4	5	29	0	739
8278	43	4	11	674	0	732
8279	686	5	8	40	0	739
8280	684	5	5	28	0	722
8281	53	655	8	11	0	727
8282	27	26	10	665	0	728
8283	673	17	3	37	0	730
8284	37	7	5	683	0	732
8285	678	3	5	36	0	722
8286	38	9	3	672	0	722
8287	30	4	652	35	0	721
8288	18	648	28	24	0	718
8289	17	19	15	579	0	630
8290	19	648	9	25	0	701
8291	641	26	9	25	0	701
8292	31	638	10	11	0	690
8293	29	631	2	13	0	675
8294	18	41	7	605	0	671
8295	607	24	7	30	0	668
8296	35	6	4	626	0	671
8297	623	15	7	31	0	676
8298	623	12	7	23	0	665
8299	38	613	6	17	0	674
8300	642	22	8	17	0	689
8301	646	22	10	15	0	693
8302	653	10	5	16	0	684
8303	41	14	608	10	0	673
8304	31	11	19	607	0	668
8305	25	9	18	613	0	665
8306	21	7	580	40	0	648
8307	611	6	19	25	0	661
8308	618	6	21	18	0	663
8309	626	3	9	18	0	656
8310	591	1	10	21	0	623
8311	48	562	12	14	0	636
8312	571	21	7	12	0	611
8313	33	17	5	551	0	606
8314	28	6	490	29	0	553
8315	499	2	16	23	0	540
8316	34	500	12	9	0	555
8317	462	20	3	7	0	492
8318	27	451	6	12	0	496
8319	26	426	4	11	0	467
8320	17	436	3	12	0	468
8321	17	437	12	13	0	479
8322	15	11	353	1	0	380
8323	8	27	9	289	0	333
8324	7	4	248	5	0	264
8325	172	2	4	6	0	184
8326	6	191	1	4	0	202
8327	1	194	1	2	0	198
8328	3	4	2	194	0	203
8329	0	5	1	198	0	204
8330	1	4	197	5	0	207
8331	1	4	197	3	0	205
8332	5	2	4	193	0	204
8333	2	2	202	6	0	212
8334	4	199	5	3	0	211
8335	3	3	0	215	0	221
8336	4	2	2	233	0	241
8337	5	1	231	7	0	244
8338	7	1	3	230	0	241
8339	234	0	1	6	0	241
8340	6	2	4	231	0	243
8341	6	0	0	230	0	236
8342	5	1	221	5	0	232
8343	222	0	6	5	0	233
8344	6	234	2	4	0	246
8345	4	4	2	238	0	248
8346	5	1	241	5	0	252
8347	5	3	5	235	0	248
8348	243	2	0	7	0	252
8349	11	1	236	2	0	250
8350	3	2	4	239	0	248
8351	6	1	239	5	0	251
8352	3	230	5	4	0	242
8353	2	8	242	2	0	254
8354	2	228	4	4	0	238
8355	1	4	190	0	0	195
8356	1	7	3	165	0	176
8357	1	182	0	3	0	186
8358	166	3	1	1	0	171
8359	3	1	0	157	0	161
8360	159	2	1	5	0	167
8361	4	2	0	168	0	174
8362	1	1	1	171	0	174
8363	169	2	0	3	0	174
8364	170	0	1	1	0	172
8365	4	0	0	174	0	178
8366	3	1	181	2	0	187
8367	2	178	3	0	0	183
8368	1	3	179	2	0	185
8369	3	182	1	1	0	187
8370	179	2	1	1	0	183
8371	4	0	166	1	0	171
8372	2	0	167	1	0	170
8373	2	0	2	166	0	170
8374	175	0	1	4	0	180
8375	3	1	182	0	0	186
8376	3	197	2	0	0	202
8377	209	2	0	2	0	213
8378	214	1	0	0	0	215
8379	213	1	0	1	0	215
8380	214	2	1	0	0	217
8381	213	0	0	2	0	215
8382	2	1	212	2	0	217
8383	2	0	3	196	0	201
8384	1	195	1	2	0	199
8385	206	4	0	0	0	210
8386	4	209	0	0	0	213
8387	202	1	0	0	0	203
8388	202	0	0	0	0	202
8389	2	204	0	0	0	206
8390	211	1	0	0	0	212
8391	1	0	1	212	0	214
8392	0	0	0	216	0	216
8393	0	2	210	2	0	214
8394	1	216	1	1	0	219
8395	0	2	1	219	0	222
8396	2	0	0	222	0	224
8397	1	1	0	223	0	225
8398	1	1	216	1	0	219
8399	208	0	2	0	0	210
8400	1	0	0	215	0	216
8401	213	0	0	2	0	215
8402	1	0	2	212	0	215
8403	0	0	210	2	0	212
8404	0	1	209	1	0	211
8405	206	1	1	1	0	209
8406	217	0	1	3	0	221
8407	1	217	2	0	0	220
8408	1	2	224	1	0	228
8409	2	0	1	214	0	217
8410	3	1	0	162	0	166
8411	228	0	0	3	0	231
8412	228	0	2	3	0	233
8413	230	0	1	0	0	231
8414	2	1	224	1	0	228
8415	227	0	1	4	0	232
8416	2	1	1	234	0	238
8417	2	0	1	234	0	237
8418	1	0	0	236	0	237
8419	0	229	2	1	0	232
8420	223	2	0	2	0	227
8421	4	0	2	220	0	226
8422	1	2	223	1	0	227
8423	0	0	2	217	0	219
8424	1	223	1	1	0	226
8425	224	1	2	2	0	229
8426	1	0	0	218	0	219
8427	2	1	0	208	0	211
8428	1	1	210	1	0	213
8429	1	1	1	203	0	206
8430	1	207	0	2	0	210
8431	2	1	0	209	0	212
8432	0	0	208	3	0	211
8433	190	1	0	4	0	195
8434	215	0	0	1	0	216
8435	1	198	0	2	0	201
8436	184	0	0	1	0	185
8437	192	0	0	0	0	192
8438	0	203	0	0	0	203
8439	0	0	0	215	0	215
8440	216	0	0	0	0	216
8441	0	225	0	1	0	226
8442	0	0	223	0	0	223
8443	216	0	0	0	0	216
8444	221	0	0	0	0	221
8445	214	0	0	1	0	215
8446	215	0	0	1	0	216
8447	0	219	0	0	0	219
8448	218	0	0	0	0	218
8449	221	0	0	0	0	221
8450	224	0	0	2	0	226
8451	0	1	0	229	0	230
8452	226	0	0	2	0	228
8453	1	230	0	0	0	231
8454	0	1	241	1	0	243
8455	1	0	1	239	0	241
8456	245	1	0	0	0	246
8457	1	0	250	0	0	251
8458	1	0	0	251	0	252
8459	2	0	248	0	0	250
8460	0	251	1	0	0	252
8461	4	0	0	238	0	242
8462	2	0	239	0	0	241
8463	1	240	0	0	0	241
8464	2	0	0	239	0	241
8465	239	0	1	1	0	241
8466	235	2	0	1	0	238
8467	237	0	1	1	0	239
8468	237	0	0	2	0	239
8469	234	0	0	0	0	234
8470	1	1	234	0	0	236
8471	230	0	0	0	0	230
8472	245	0	1	0	0	246
8473	0	1	1	242	0	244
8474	235	0	0	3	0	238
8475	223	0	0	2	0	225
8476	0	227	0	1	0	228
8477	1	0	0	236	0	237
8478	2	0	0	234	0	236
8479	230	1	0	3	0	234
8480	2	229	0	1	0	232
8481	1	224	1	1	0	227
8482	3	0	0	234	0	237
8483	1	0	1	236	0	238
8484	1	1	0	235	0	237
8485	1	0	0	233	0	234
8486	231	0	0	3	0	234
8487	232	0	0	2	0	234
8488	1	0	234	1	0	236
8489	2	1	0	230	0	233
8490	1	0	0	235	0	236
8491	0	1	230	1	0	232
8492	215	0	0	1	0	216
8493	0	225	0	1	0	226
8494	220	0	1	1	0	222
8495	1	0	0	223	0	224
8496	1	0	218	1	0	220
8497	2	1	0	228	0	231
8498	0	0	234	3	0	237
8499	2	223	1	0	0	226
8500	227	1	0	2	0	230
8501	226	0	3	1	0	230
8502	1	226	0	1	0	228
8503	1	1	0	229	0	231
8504	220	0	1	1	0	222
8505	2	220	0	0	0	222
8506	0	1	0	219	0	220
8507	232	0	0	1	0	233
8508	1	1	223	1	0	226
8509	216	0	2	4	0	222
8510	2	226	0	2	0	230
8511	219	0	2	2	0	223
8512	216	3	0	2	0	221
8513	1	1	220	0	0	222
8514	3	0	0	217	0	220
8515	3	1	0	219	0	223
8516	0	1	220	2	0	223
8517	3	0	0	213	0	216
8518	0	1	2	193	0	196
8519	216	1	2	2	0	221
8520	214	0	0	4	0	218
8521	2	0	1	220	0	223
8522	2	2	217	0	0	221
8523	1	1	0	220	0	222
8524	2	0	1	221	0	224
8525	2	1	233	0	0	236
8526	1	0	1	235	0	237
8527	235	0	0	2	0	237
8528	231	1	0	2	0	234
8529	0	230	2	1	0	233
8530	250	0	0	1	0	251
8531	256	0	0	3	0	259
8532	2	255	0	1	0	258
8533	258	0	0	0	0	258
8534	245	0	0	1	0	246
8535	259	2	2	2	0	265
8536	2	0	253	2	0	257
8537	254	0	0	1	0	255
8538	1	0	0	252	0	253
8539	241	0	1	0	0	242
8540	1	0	238	0	0	239
8541	0	231	0	1	0	232
8542	236	2	0	1	0	239
8543	2	247	1	1	0	251
8544	1	3	0	240	0	244
8545	2	0	0	253	0	255
8546	254	0	0	2	0	256
8547	255	0	0	1	0	256
8548	2	0	258	1	0	261
8549	1	1	246	0	0	248
8550	1	2	259	2	0	264
8551	0	0	3	257	0	260
8552	2	1	262	2	0	267
8553	1	0	253	1	0	255
8554	6	2	3	229	0	240
8555	250	0	2	5	0	257
8556	254	1	1	3	0	259
8557	258	0	0	1	0	259
8558	256	1	0	1	0	258
8559	2	0	2	253	0	257
8560	0	0	1	266	0	267
8561	2	0	273	3	0	278
8562	3	0	5	271	0	279
8563	2	0	2	255	0	259
8564	272	0	2	7	0	281
8565	280	0	1	3	0	284
8566	7	0	1	276	0	284
8567	279	0	2	5	0	286
8568	282	0	1	2	0	285
8569	7	0	1	281	0	289
8570	4	0	0	285	0	289
8571	2	0	276	7	0	285
8572	3	0	271	1	0	275
8573	3	0	6	277	0	286
8574	2	1	0	282	0	285
8575	2	1	281	9	0	293
8576	266	1	7	1	0	275
8577	264	0	3	3	0	270
8578	7	0	261	1	0	269
8579	3	269	4	4	0	280
8580	278	5	2	3	0	288
8581	6	1	289	2	0	298
8582	3	2	7	277	0	289
8583	3	0	3	289	0	295
8584	313	1	2	8	0	324
8585	330	1	1	5	0	337
8586	8	0	5	331	0	344
8587	2	0	2	346	0	350
8588	341	1	2	10	0	354
8589	349	0	2	5	0	356
8590	349	1	3	0	0	353
8591	11	0	341	1	0	353
8592	3	0	6	348	0	357
8593	3	0	3	354	0	360
8594	355	1	1	7	0	364
8595	10	345	0	5	0	360
8596	404	5	2	4	0	415
8597	13	393	1	5	0	412
8598	7	9	0	408	0	424
8599	7	2	1	424	0	434
8600	4	1	413	13	0	431
8601	6	1	10	419	0	436
8602	4	1	420	14	0	439
8603	3	1	9	433	0	446
8604	2	1	4	434	0	441
8605	6	405	3	12	0	426
8606	3	429	3	6	0	441
8607	3	9	2	402	0	416
8608	3	3	2	426	0	434
8609	6	2	2	432	0	442
8610	4	2	2	433	0	441
8611	0	2	4	437	0	443
8612	1	4	442	17	0	464
8613	3	1	13	442	0	459
8614	1	1	5	452	0	459
8615	1	2	430	18	0	451
8616	1	432	13	9	0	455
8617	5	11	4	436	0	456
8618	6	2	431	13	0	452
8619	2	418	12	9	0	441
8620	4	11	3	437	0	455
8621	446	4	1	13	0	464
8622	12	2	1	448	0	463
8623	6	1	4	454	0	465
8624	0	1	4	470	0	475
8625	2	2	0	452	0	456
8626	4	432	1	16	0	453
8627	6	8	2	446	0	462
8628	460	5	1	16	0	482
8629	16	1	2	468	0	487
8630	5	5	2	456	0	468
8631	0	3	2	470	0	475
8632	454	2	2	21	0	479
8633	466	1	6	13	0	486
8634	15	1	3	474	0	493
8635	432	3	2	18	0	455
8636	453	1	0	12	0	466
8637	15	449	3	4	0	471
8638	454	12	1	5	0	472
8639	12	446	0	8	0	466
8640	5	463	2	8	0	478
8641	5	9	0	457	0	471
8642	4	4	453	12	0	473
8643	3	0	9	438	0	450
8644	1	3	2	444	0	450
8645	1	428	1	15	0	445
8646	428	8	1	10	0	447
8647	10	3	2	429	0	444
8648	3	3	462	11	0	479
8649	1	3	8	467	0	479
8650	2	468	2	10	0	482
8651	488	8	2	8	0	506
8652	10	3	1	488	0	502
8653	3	3	499	12	0	517
8654	3	1	7	515	0	526
8655	4	499	2	9	0	514
8656	2	9	0	514	0	525
8657	519	4	0	16	0	539
8658	538	1	2	14	0	555
8659	550	2	2	6	0	560
8660	11	549	0	6	0	566
8661	546	7	1	8	0	562
8662	7	3	2	555	0	567
8663	553	1	0	13	0	567
8664	7	565	1	6	0	579
8665	5	5	1	562	0	573
8666	3	6	559	11	0	579
8667	526	1	6	9	0	542
8668	9	581	2	3	0	595
8669	6	7	1	582	0	596
8670	1	4	2	594	0	601
8671	5	2	1	580	0	588
8672	3	5	1	576	0	585
8673	2	578	2	10	0	592
8674	579	4	2	9	0	594
8675	576	3	2	4	0	585
8676	9	4	580	4	0	597
8677	5	4	5	596	0	610
8678	3	2	592	11	0	608
8679	580	0	6	8	0	594
8680	592	2	4	6	0	604
8681	584	2	0	7	0	593
8682	10	3	1	584	0	598
8683	10	576	0	6	0	592
8684	584	8	2	7	0	601
8685	9	2	2	582	0	595
8686	570	4	2	11	0	587
8687	9	1	548	5	0	563
8688	5	3	533	3	0	544
8689	555	1	4	6	0	566
8690	11	1	1	563	0	576
8691	558	2	1	10	0	571
8692	11	558	2	3	0	574
8693	555	7	0	3	0	565
8694	560	1	0	7	0	568
8695	13	2	565	1	0	581
8696	2	1	508	1	0	512
8697	3	523	4	1	0	531
8698	3	7	1	528	0	539
8699	534	0	2	5	0	541
8700	5	1	1	524	0	531
8701	4	1	0	536	0	541
8702	4	0	515	3	0	522
8703	495	1	3	0	0	499
8704	5	0	2	527	0	534
8705	1	3	525	3	0	532
8706	4	4	498	1	0	507
8707	5	0	3	518	0	526
8708	5	0	525	5	0	535
8709	6	1	511	2	0	520
8710	4	2	3	497	0	506
8711	2	0	540	5	0	547
8712	5	2	4	514	0	525
8713	3	512	1	3	0	519
8714	541	3	2	5	0	551
8715	2	545	3	4	0	554
8716	1	2	1	552	0	556
8717	2	555	1	5	0	563
8718	1	3	579	4	0	587
8719	2	5	3	671	0	681
8720	3	1	761	12	0	777
8721	729	1	13	12	0	755
8722	9	778	13	3	0	803
8723	775	10	4	6	0	795
8724	16	13	2	765	0	796
8725	779	3	2	14	0	798
8726	17	1	777	10	0	805
8727	12	778	14	6	0	810
8728	771	11	13	8	0	803
8729	16	11	5	737	0	769
8730	16	756	0	9	0	781
8731	8	13	1	768	0	790
8732	798	10	0	20	0	828
8733	13	850	3	13	0	879
8734	864	18	4	7	0	893
8735	21	13	856	2	0	892
8736	849	5	17	5	0	876
8737	28	3	11	851	0	893
8738	863	3	5	20	0	891
8739	23	847	2	15	0	887
8740	21	17	2	846	0	886
8741	4	13	5	865	0	887
8742	4	5	848	28	0	885
8743	6	3	18	843	0	870
8744	8	1	11	868	0	888
8745	8	1	4	872	0	885
8746	10	2	2	876	0	890
8747	5	5	851	28	0	889
8748	5	797	19	16	0	837
8749	7	17	11	807	0	842
8750	782	11	7	25	0	825
8751	777	1	7	21	0	806
8752	30	776	3	10	0	819
8753	775	19	2	10	0	806
8754	771	13	3	10	0	797
8755	774	4	5	10	0	793
8756	27	759	5	7	0	798
8757	731	20	4	7	0	762
8758	26	19	4	706	0	755
8759	15	4	716	19	0	754
8760	4	712	17	15	0	748
8761	5	18	9	724	0	756
8762	5	11	716	19	0	751
8763	695	5	18	18	0	736
8764	23	3	12	702	0	740
8765	19	2	2	705	0	728
8766	12	3	0	714	0	729
8767	9	4	3	719	0	735
8768	8	2	685	32	0	727
8769	625	3	18	21	0	667
8770	23	667	14	7	0	711
8771	677	22	4	7	0	710
8772	24	684	2	6	0	716
8773	690	20	2	9	0	721
8774	23	12	3	682	0	720
8775	12	6	675	23	0	716
8776	8	0	689	16	0	713
8777	9	5	29	662	0	705
8778	10	3	12	672	0	697
8779	6	3	6	692	0	707
8780	675	3	1	31	0	710
8781	22	4	673	20	0	719
8782	15	9	20	638	0	682
8783	9	681	12	17	0	719
8784	649	21	6	14	0	690
8785	20	19	654	6	0	699
8786	13	643	25	10	0	691
8787	9	22	653	10	0	694
8788	7	12	23	651	0	693
8789	7	5	655	25	0	692
8790	6	6	657	19	0	688
8791	5	3	31	663	0	702
8792	5	4	667	28	0	704
8793	6	6	665	18	0	695
8794	6	7	29	644	0	686
8795	640	4	14	24	0	682
8796	25	5	614	16	0	660
8797	18	7	21	610	0	656
8798	11	7	15	616	0	649
8799	598	3	5	38	0	644
8800	26	3	8	609	0	646
8801	608	6	7	26	0	647
8802	22	601	8	20	0	651
8803	11	21	7	613	0	652
8804	601	13	9	26	0	649
8805	611	5	6	20	0	642
8806	32	3	5	608	0	648
8807	21	2	597	25	0	645
8808	575	3	24	19	0	621
8809	28	588	12	11	0	639
8810	568	23	8	7	0	606
8811	587	14	2	12	0	615
8812	591	6	3	12	0	612
8813	37	6	563	8	0	614
8814	16	543	26	8	0	593
8815	12	17	15	543	0	587
8816	13	17	6	561	0	597
8817	8	5	540	32	0	585
8818	6	492	22	17	0	537
8819	5	421	9	8	0	443
8820	3	353	2	7	0	365
8821	329	11	13	5	0	358
8822	20	0	2	323	0	345
8823	2	1	2	336	0	341
8824	2	1	325	12	0	340
8825	307	2	11	4	0	324
8826	15	2	0	305	0	322
8827	4	9	3	308	0	324
8828	11	1	294	11	0	317
8829	1	304	12	3	0	320
8830	7	10	2	301	0	320
8831	2	2	302	14	0	320
8832	3	255	10	4	0	272
8833	191	4	0	3	0	198
8834	4	0	206	0	0	210
8835	1	0	3	185	0	189
8836	0	192	0	4	0	196
8837	191	3	2	1	0	197
8838	4	0	1	197	0	202
8839	205	1	0	5	0	211
8840	212	1	2	1	0	216
8841	2	213	0	2	0	217
8842	203	3	1	0	0	207
8843	220	0	1	3	0	224
8844	3	0	225	2	0	230
8845	220	1	5	3	0	229
8846	4	1	230	0	0	235
8847	231	2	3	1	0	237
8848	241	0	0	0	0	241
8849	4	0	234	1	0	239
8850	2	0	3	234	0	239
8851	0	0	236	4	0	240
8852	2	1	219	0	0	222
8853	6	0	229	4	0	239
8854	0	0	3	230	0	233
8855	1	6	0	253	0	260
8856	0	0	0	259	0	259
8857	1	0	0	260	0	261
8858	0	0	275	3	0	278
8859	2	0	3	256	0	261
8860	1	235	1	4	0	241
8861	0	2	262	0	0	264
8862	0	0	3	261	0	264
8863	0	1	270	3	0	274
8864	0	262	4	2	0	268
8865	0	269	0	2	0	271
8866	0	3	1	270	0	274
8867	0	1	272	4	0	277
8868	0	2	280	0	0	282
8869	0	0	4	280	0	284
8870	0	0	2	291	0	293
8871	0	0	2	294	0	296
8872	0	1	297	4	0	302
8873	0	296	4	0	0	300
8874	0	313	0	2	0	315
8875	2	4	2	322	0	330
8876	0	1	313	4	0	318
8877	3	1	323	2	0	329
8878	0	341	4	3	0	348
8879	361	4	1	3	0	369
8880	6	353	2	1	0	362
8881	0	7	356	0	0	363
8882	354	2	6	2	0	364
8883	8	2	0	366	0	376
8884	370	0	2	7	0	379
8885	8	1	1	366	0	376
8886	1	1	2	375	0	379
8887	374	1	1	7	0	383
8888	7	380	1	2	0	390
8889	2	6	379	2	0	389
8890	2	382	8	1	0	393
8891	374	8	0	3	0	385
8892	8	380	1	1	0	390
8893	375	8	0	5	0	388
8894	372	0	2	4	0	378
8895	7	379	1	1	0	388
8896	6	7	0	372	0	385
8897	375	1	1	8	0	385
8898	382	2	1	2	0	387
8899	8	1	1	376	0	386
8900	2	2	374	6	0	384
8901	2	3	366	1	0	372
8902	3	0	6	374	0	383
8903	2	1	371	6	0	380
8904	354	1	8	3	0	366
8905	7	388	2	4	0	401
8906	4	5	2	390	0	401
8907	2	1	0	396	0	399
8908	1	1	2	392	0	396
8909	2	0	1	394	0	397
8910	3	1	1	398	0	403
8911	1	0	389	8	0	398
8912	1	394	6	3	0	404
8913	401	6	0	5	0	412
8914	7	1	1	408	0	417
8915	3	2	0	404	0	409
8916	1	0	1	413	0	415
8917	0	401	0	9	0	410
8918	2	5	0	417	0	424
8919	2	1	1	410	0	414
8920	388	1	2	5	0	396
8921	6	375	0	2	0	383
8922	2	376	0	2	0	380
8923	2	4	0	379	0	385
8924	377	1	0	9	0	387
8925	7	2	372	2	0	383
8926	356	2	4	3	0	365
8927	3	1	407	3	0	414
8928	1	0	5	406	0	412
8929	5	0	0	424	0	429
8930	0	1	1	415	0	417
8931	2	2	0	427	0	431
8932	3	1	1	414	0	419
8933	410	0	0	9	0	419
8934	5	1	415	2	0	423
8935	3	0	4	414	0	421
8936	0	0	431	6	0	437
8937	0	438	4	5	0	447
8938	421	3	1	3	0	428
8939	4	0	445	2	0	451
8940	3	0	5	436	0	444
8941	3	0	1	442	0	446
8942	5	1	434	6	0	446
8943	2	0	424	2	0	428
8944	1	3	10	391	0	405
8945	421	1	2	8	0	432
8946	419	1	0	3	0	423
8947	8	415	3	2	0	428
8948	422	7	3	3	0	435
8949	8	1	1	409	0	419
8950	1	440	1	12	0	454
8951	4	7	3	441	0	455
8952	0	2	441	8	0	451
8953	5	1	9	421	0	436
8954	4	9	1	436	0	450
8955	417	2	0	8	0	427
8956	7	424	0	2	0	433
8957	415	6	2	1	0	424
8958	8	410	0	3	0	421
8959	394	8	1	5	0	408
8960	8	397	0	2	0	407
8961	0	410	1	2	0	413
8962	414	5	1	4	0	424
8963	6	1	0	388	0	395
8964	2	412	1	6	0	421
8965	434	8	1	2	0	445
8966	435	2	1	6	0	444
8967	446	1	1	2	0	450
8968	426	1	3	3	0	433
8969	7	458	0	2	0	467
8970	4	7	0	447	0	458
8971	3	1	2	455	0	461
8972	454	0	0	12	0	466
8973	6	1	0	446	0	453
8974	441	2	2	8	0	453
8975	8	1	423	1	0	433
8976	411	3	5	3	0	422
8977	12	2	419	0	0	433
8978	5	1	5	418	0	429
8979	394	3	0	9	0	406
8980	6	398	2	4	0	410
8981	393	4	1	3	0	401
8982	5	389	3	2	0	399
8983	3	4	0	418	0	425
8984	3	0	408	6	0	417
8985	373	2	5	4	0	384
8986	6	398	2	3	0	409
8987	2	7	2	398	0	409
8988	5	2	0	395	0	402
8989	5	2	2	402	0	411
8990	2	3	398	6	0	409
8991	5	397	6	0	0	408
8992	393	7	1	5	0	406
8993	398	3	1	7	0	409
8994	8	400	2	2	0	412
8995	409	6	2	5	0	422
8996	7	4	0	412	0	423
8997	4	417	1	7	0	429
8998	416	6	1	2	0	425
8999	8	4	409	4	0	425
9000	2	416	7	2	0	427
9001	6	9	1	420	0	436
9002	6	3	0	427	0	436
9003	4	3	402	7	0	416
9004	6	1	9	396	0	412
9005	3	5	395	10	0	413
9006	3	1	7	393	0	404
9007	2	1	3	404	0	410
9008	4	0	2	398	0	404
9009	1	3	3	413	0	420
9010	5	1	407	7	0	420
9011	3	2	439	3	0	447
9012	3	475	6	4	0	488
9013	4	9	2	484	0	499
9014	2	4	501	9	0	516
9015	3	496	9	3	0	511
9016	2	8	3	511	0	524
9017	4	3	531	9	0	547
9018	516	2	9	7	0	534
9019	592	1	3	2	0	598
9020	13	3	2	592	0	610
9021	4	2	592	12	0	610
9022	2	1	13	581	0	597
9023	587	2	2	14	0	605
9024	16	604	2	3	0	625
9025	614	13	0	5	0	632
9026	621	3	2	5	0	631
9027	15	1	1	580	0	597
9028	8	0	1	592	0	601
9029	2	4	1	594	0	601
9030	4	1	1	590	0	596
9031	3	2	2	584	0	591
9032	577	1	0	17	0	595
9033	587	2	0	8	0	597
9034	577	1	1	7	0	586
9035	12	3	541	4	0	560
9036	547	2	10	5	0	564
9037	14	0	4	554	0	572
9038	5	1	546	13	0	565
9039	3	540	9	2	0	554
9040	4	11	9	524	0	548
9041	5	1	0	535	0	541
9042	1	552	2	12	0	567
9043	2	11	3	571	0	587
9044	1	4	570	14	0	589
9045	2	1	564	5	0	572
9046	5	1	14	577	0	597
9047	565	2	4	20	0	591
9048	565	0	5	10	0	580
9049	14	1	559	5	0	579
9050	5	520	17	3	0	545
9051	3	552	3	3	0	561
9052	533	14	2	1	0	550
9053	21	4	527	2	0	554
9054	4	4	15	522	0	545
9055	517	2	2	17	0	538
9056	13	504	3	4	0	524
9057	4	532	1	6	0	543
9058	517	14	3	6	0	540
9059	14	3	1	524	0	542
9060	564	1	0	15	0	580
9061	19	3	0	597	0	619
9062	5	2	2	613	0	622
9063	8	1	602	20	0	631
9064	5	0	15	605	0	625
9065	4	0	7	609	0	620
9066	575	3	4	27	0	609
9067	20	3	0	603	0	626
9068	5	0	592	22	0	619
9069	557	2	17	10	0	586
9070	21	2	4	576	0	603
9071	573	0	5	22	0	600
9072	19	545	4	7	0	575
9073	6	578	5	9	0	598
9074	565	21	3	5	0	594
9075	581	11	3	4	0	599
9076	28	6	1	555	0	590
9077	11	3	552	19	0	585
9078	10	5	19	552	0	586
9079	539	4	6	31	0	580
9080	21	535	5	8	0	569
9081	8	21	5	540	0	574
9082	528	7	4	24	0	563
9083	19	5	504	9	0	537
9084	521	6	15	11	0	553
9085	507	5	7	7	0	526
9086	23	2	531	7	0	563
9087	13	4	543	9	0	569
9088	9	3	26	523	0	561
9089	10	1	9	531	0	551
9090	9	535	7	24	0	575
9091	6	18	6	541	0	571
9092	2	6	539	27	0	574
9093	8	7	17	549	0	581
9094	6	2	6	568	0	582
9095	3	3	528	27	0	561
9096	7	522	19	15	0	563
9097	9	15	8	528	0	560
9098	4	7	6	551	0	568
9099	532	7	1	25	0	565
9100	21	3	4	529	0	557
9101	8	5	515	25	0	553
9102	513	2	18	10	0	543
9103	533	1	6	17	0	557
9104	542	1	6	8	0	557
9105	25	2	512	10	0	549
9106	14	3	21	504	0	542
9107	13	3	9	526	0	551
9108	7	4	7	534	0	552
9109	497	2	2	32	0	533
9110	19	486	7	13	0	525
9111	5	14	444	15	0	478
9112	9	412	17	5	0	443
9113	3	420	6	8	0	437
9114	7	407	6	8	0	428
9115	10	23	5	394	0	432
9116	5	7	387	25	0	424
9117	353	9	15	9	0	386
9118	17	346	4	10	0	377
9119	299	11	5	6	0	321
9120	17	314	3	3	0	337
9121	320	17	4	5	0	346
9122	17	332	1	6	0	356
9123	9	17	327	3	0	356
9124	9	6	12	315	0	342
9125	4	8	6	347	0	365
9126	343	1	7	20	0	371
9127	14	3	4	374	0	395
9128	9	0	360	18	0	387
9129	11	4	11	366	0	392
9130	3	3	366	21	0	393
9131	4	365	18	8	0	395
9132	4	14	8	344	0	370
9133	4	367	8	16	0	395
9134	367	19	4	8	0	398
9135	17	8	2	377	0	404
9136	9	7	388	12	0	416
9137	10	6	380	8	0	404
9138	371	4	19	13	0	407
9139	16	4	14	372	0	406
9140	11	2	368	18	0	399
9141	9	3	364	12	0	388
9142	1	354	19	9	0	383
9143	6	7	17	313	0	343
9144	5	334	6	13	0	358
9145	1	11	6	332	0	350
9146	334	6	5	13	0	358
9147	10	6	4	339	0	359
9148	11	5	2	344	0	362
9149	338	3	1	18	0	360
9150	10	3	1	353	0	367
9151	9	2	6	343	0	360
9152	8	340	6	15	0	369
9153	351	10	1	12	0	374
9154	364	6	2	8	0	380
9155	15	3	5	356	0	379
9156	10	1	5	354	0	370
9157	5	4	2	361	0	372
9158	3	334	0	19	0	356
9159	5	351	0	13	0	369
9160	7	14	2	302	0	325
9161	244	5	1	8	0	258
9162	244	4	0	10	0	258
9163	6	242	2	6	0	256
9164	226	5	0	3	0	234
9165	4	220	2	2	0	228
9166	4	222	0	6	0	232
9167	7	5	0	211	0	223
9168	213	3	1	3	0	220
9169	3	201	1	5	0	210
9170	5	207	1	3	0	216
9171	0	6	0	208	0	214
9172	0	5	1	203	0	209
9173	0	3	204	7	0	214
9174	201	1	2	5	0	209
9175	196	2	1	2	0	201
9176	5	2	210	1	0	218
9177	4	2	208	2	0	216
9178	2	1	4	208	0	215
9179	1	0	4	205	0	210
9180	2	208	1	6	0	217
9181	3	3	0	211	0	217
9182	1	3	211	4	0	219
9183	1	1	4	197	0	203
9184	0	1	3	196	0	200
9185	190	1	2	7	0	200
9186	2	2	187	5	0	196
9187	183	0	3	4	0	190
9188	4	0	180	1	0	185
9189	5	0	4	179	0	188
9190	2	0	180	3	0	185
9191	2	1	182	2	0	187
9192	0	0	7	173	0	180
9193	166	0	3	4	0	173
9194	172	1	3	3	0	179
9195	6	173	0	3	0	182
9196	171	2	3	5	0	181
9197	166	1	4	1	0	172
9198	4	174	0	4	0	182
9199	4	2	2	174	0	182
9200	6	4	0	176	0	186
9201	0	4	1	179	0	184
9202	4	2	0	179	0	185
9203	5	0	175	5	0	185
9204	168	2	2	7	0	179
9205	2	0	5	175	0	182
9206	2	0	3	175	0	180
9207	3	173	0	6	0	182
9208	1	3	0	179	0	183
9209	1	2	177	4	0	184
9210	166	2	2	3	0	173
9211	4	2	168	3	0	177
9212	4	0	3	169	0	176
9213	167	5	2	2	0	176
9214	2	173	1	8	0	184
9215	5	2	2	174	0	183
9216	3	2	176	4	0	185
9217	0	1	4	180	0	185
9218	176	0	4	5	0	185
9219	5	0	173	5	0	183
9220	2	2	164	3	0	171
9221	1	158	5	2	0	166
9222	148	2	4	0	0	154
9223	3	142	0	3	0	148
9224	4	1	145	2	0	152
9225	0	1	124	1	0	126
9226	0	122	5	1	0	128
9227	92	2	1	0	0	95
9228	0	94	0	1	0	95
9229	2	1	1	94	0	98
9230	1	1	0	93	0	95
9231	1	0	101	3	0	105
9232	0	0	3	102	0	105
9233	0	0	102	1	0	103
9234	95	1	1	2	0	99
9235	99	0	2	0	0	101
9236	82	1	1	0	0	84
9237	2	1	81	0	0	84
9238	80	0	2	1	0	83
9239	1	1	1	78	0	81
9240	2	82	1	0	0	85
9241	87	2	1	1	0	91
9242	2	2	82	1	0	87
9243	82	0	1	1	0	84
9244	85	1	2	0	0	88
9245	2	0	96	2	0	100
9246	1	95	2	1	0	99
9247	2	1	2	94	0	99
9248	1	1	105	2	0	109
9249	1	0	104	1	0	106
9250	1	0	3	91	0	95
9251	2	0	100	1	0	103
9252	2	0	1	100	0	103
9253	1	1	2	94	0	98
9254	3	0	0	92	0	95
9255	0	0	91	3	0	94
9256	1	1	1	89	0	92
9257	2	0	90	2	0	94
9258	0	1	3	88	0	92
9259	94	1	0	1	0	96
9260	3	0	1	97	0	101
9261	2	94	2	1	0	99
9262	1	2	1	97	0	101
9263	107	0	1	4	0	112
9264	2	107	2	3	0	114
9265	1	2	2	108	0	113
9266	108	1	1	6	0	116
9267	4	0	107	3	0	114
9268	1	1	3	109	0	114
9269	0	1	108	5	0	114
9270	1	0	116	4	0	121
9271	1	1	4	116	0	122
9272	115	1	1	5	0	122
9273	3	0	111	2	0	116
9274	108	1	2	2	0	113
9275	3	0	2	115	0	120
9276	2	0	115	5	0	122
9277	1	2	122	1	0	126
9278	0	0	121	4	0	125
9279	3	0	4	119	0	126
9280	125	2	3	5	0	135
9281	6	126	1	3	0	136
9282	3	5	1	136	0	145
9283	1	1	3	140	0	145
9284	132	0	3	6	0	141
9285	137	0	3	3	0	143
9286	5	133	3	1	0	142
9287	138	3	2	2	0	145
9288	141	2	2	1	0	146
9289	4	2	2	137	0	145
9290	4	0	136	5	0	145
9291	132	0	5	2	0	139
9292	5	0	3	135	0	143
9293	4	1	1	138	0	144
9294	136	3	2	4	0	145
9295	5	0	1	136	0	142
9296	2	1	1	140	0	144
9297	136	1	1	7	0	145
9298	4	131	0	4	0	139
9299	132	4	1	3	0	140
9300	4	1	128	4	0	137
9301	128	0	2	3	0	133
9302	5	1	1	127	0	134
9303	5	134	1	4	0	144
9304	4	3	0	152	0	159
9305	4	1	1	149	0	155
9306	3	9	1	144	0	157
9307	148	0	1	6	0	155
9308	3	149	3	4	0	159
9309	3	139	1	3	0	146
9310	137	4	2	2	0	145
9311	4	3	140	2	0	149
9312	2	1	135	3	0	141
9313	125	0	3	2	0	130
9314	4	1	131	1	0	137
9315	1	1	2	133	0	137
9316	1	2	2	117	0	122
9317	2	1	1	129	0	133
9318	1	0	1	126	0	128
9319	0	117	2	3	0	122
9320	2	2	1	128	0	133
9321	2	0	138	2	0	142
9322	1	0	3	137	0	141
9323	0	0	137	4	0	141
9324	1	0	128	2	0	131
9325	1	0	2	142	0	145
9326	0	2	137	2	0	141
9327	1	0	2	138	0	141
9328	136	0	1	1	0	138
9329	2	0	136	2	0	140
9330	137	0	4	1	0	142
9331	3	0	1	137	0	141
9332	0	0	139	4	0	143
9333	0	139	4	1	0	144
9334	1	2	0	141	0	144
9335	2	1	140	3	0	146
9336	1	1	3	142	0	147
9337	146	0	0	3	0	149
9338	145	1	0	2	0	148
9339	157	0	1	0	0	158
9340	4	1	1	157	0	163
9341	1	0	0	150	0	151
9342	2	0	1	154	0	157
9343	155	1	0	5	0	161
9344	5	161	0	3	0	169
9345	0	3	1	153	0	157
9346	3	0	0	157	0	160
9347	152	0	0	6	0	158
9348	4	144	0	2	0	150
9349	1	5	0	164	0	170
9350	168	0	0	5	0	173
9351	161	1	1	1	0	164
9352	5	0	1	159	0	165
9353	159	1	0	4	0	164
9354	6	0	1	158	0	165
9355	0	1	169	5	0	175
9356	0	0	5	168	0	173
9357	1	0	0	175	0	176
9358	1	1	0	175	0	177
9359	165	1	0	5	0	171
9360	5	167	0	2	0	174
9361	163	5	0	3	0	171
9362	7	165	0	1	0	173
9363	0	163	0	2	0	165
9364	163	7	1	2	0	173
9365	6	172	0	1	0	179
9366	0	6	1	177	0	184
9367	176	0	0	8	0	184
9368	187	0	1	0	0	188
9369	5	0	0	175	0	180
9370	1	0	0	176	0	177
9371	0	172	0	5	0	177
9372	180	5	0	1	0	186
9373	180	0	0	1	0	181
9374	6	186	0	0	0	192
9375	0	184	0	1	0	185
9376	2	5	0	182	0	189
9377	173	1	0	6	0	180
9378	5	0	0	174	0	179
9379	1	0	0	182	0	183
9380	1	1	169	6	0	177
9381	2	1	176	0	0	179
9382	0	0	6	173	0	179
9383	1	0	174	6	0	181
9384	1	171	5	0	0	177
9385	1	6	0	171	0	178
9386	2	0	0	176	0	178
9387	0	0	0	180	0	180
9388	0	2	171	7	0	180
9389	0	0	171	1	0	172
9390	160	0	7	1	0	168
9391	5	170	0	2	0	177
9392	173	6	1	1	0	181
9393	6	1	0	174	0	181
9394	174	0	0	5	0	179
9395	6	1	0	176	0	183
9396	0	182	0	7	0	189
9397	177	6	1	1	0	185
9398	5	2	176	1	0	184
9399	1	187	5	1	0	194
9400	187	7	0	1	0	195
9401	8	1	0	180	0	189
9402	0	195	1	7	0	203
9403	2	6	0	188	0	196
9404	185	1	0	7	0	193
9405	8	1	0	184	0	193
9406	186	0	0	9	0	195
9407	6	3	181	2	0	192
9408	1	2	6	185	0	194
9409	189	0	0	10	0	199
9410	10	2	190	0	0	202
9411	0	193	6	2	0	201
9412	1	6	0	189	0	196
9413	4	0	187	7	0	198
9414	3	1	189	2	0	195
9415	3	1	6	181	0	191
9416	2	1	185	7	0	195
9417	1	2	186	2	0	191
9418	2	0	7	182	0	191
9419	184	0	3	8	0	195
9420	7	2	0	182	0	191
9421	0	0	3	184	0	187
9422	1	0	181	8	0	190
9423	4	1	7	193	0	205
9424	194	1	1	8	0	204
9425	7	1	186	2	0	196
9426	2	186	8	2	0	198
9427	3	8	1	192	0	204
9428	193	2	0	9	0	204
9429	10	3	0	189	0	202
9430	3	202	0	6	0	211
9431	2	11	207	1	0	221
9432	0	3	7	210	0	220
9433	225	0	1	10	0	236
9434	8	1	221	3	0	233
9435	2	4	7	219	0	232
9436	239	0	2	10	0	251
9437	252	2	0	4	0	258
9438	12	248	1	1	0	262
9439	235	9	1	3	0	248
9440	10	1	1	234	0	246
9441	2	1	242	10	0	255
9442	3	238	8	3	0	252
9443	2	249	2	0	0	253
9444	3	7	0	244	0	254
9445	3	2	1	250	0	256
9446	1	1	243	9	0	254
9447	0	236	8	1	0	245
9448	0	249	2	2	0	253
9449	1	7	1	210	0	219
9450	210	2	2	8	0	222
9451	7	207	0	3	0	217
9452	1	7	1	214	0	223
9453	227	1	2	9	0	239
9454	8	0	0	233	0	241
9455	3	2	0	236	0	241
9456	1	1	0	242	0	244
9457	1	0	0	241	0	242
9458	231	1	1	9	0	242
9459	7	0	0	237	0	244
9460	2	0	221	4	0	227
9461	222	0	4	4	0	230
9462	6	0	217	1	0	224
9463	2	0	235	2	0	239
9464	1	0	5	227	0	233
9465	2	0	2	225	0	229
9466	1	0	1	231	0	233
9467	227	0	3	5	0	235
9468	5	1	220	1	0	227
9469	206	0	5	2	0	213
9470	218	0	2	2	0	222
9471	5	0	211	1	0	217
9472	202	0	5	0	0	207
9473	6	0	208	1	0	215
9474	4	215	4	0	0	223
9475	2	4	3	226	0	235
9476	3	1	1	234	0	239
9477	1	0	2	235	0	238
9478	1	2	2	232	0	237
9479	1	2	228	5	0	236
9480	1	1	227	3	0	232
9481	2	1	6	222	0	231
9482	2	0	222	7	0	231
9483	216	2	5	4	0	227
9484	234	1	5	1	0	241
9485	6	0	2	232	0	240
9486	230	0	3	6	0	239
9487	6	251	2	1	0	260
9488	250	6	0	4	0	260
9489	8	1	270	2	0	281
9490	4	0	4	266	0	274
9491	3	271	1	4	0	279
9492	276	8	0	3	0	287
9493	7	3	1	294	0	305
9494	3	1	294	7	0	305
9495	2	1	4	292	0	299
9496	291	3	4	4	0	302
9497	7	1	296	4	0	308
9498	2	2	6	298	0	308
9499	2	0	4	298	0	304
9500	1	0	303	9	0	313
9501	2	296	5	3	0	306
9502	2	207	4	7	0	220
9503	4	5	0	302	0	311
9504	0	1	3	309	0	313
9505	1	0	3	305	0	309
9506	302	3	0	9	0	314
9507	312	2	3	4	0	321
9508	7	1	1	313	0	322
9509	302	1	0	8	0	311
9510	5	306	1	3	0	315
9511	4	4	0	315	0	323
9512	2	1	1	327	0	331
9513	1	0	2	325	0	328
9514	316	1	0	7	0	324
9515	5	315	0	4	0	324
9516	2	4	0	328	0	334
9517	320	2	0	6	0	328
9518	5	0	2	319	0	326
9519	2	2	0	318	0	322
9520	1	304	0	8	0	313
9521	3	322	1	3	0	329
9522	4	6	0	313	0	323
9523	0	1	1	312	0	314
9524	302	2	1	6	0	311
9525	4	1	1	306	0	312
9526	1	1	318	8	0	328
9527	0	1	4	317	0	322
9528	2	308	1	5	0	316
9529	309	5	6	5	0	325
9530	3	0	1	311	0	315
9531	3	0	1	304	0	308
9532	0	308	0	4	0	312
9533	293	4	1	2	0	300
9534	4	313	0	5	0	322
9535	3	5	0	312	0	320
9536	0	2	287	4	0	293
9537	2	0	2	276	0	280
9538	282	0	1	2	0	285
9539	2	275	0	4	0	281
9540	2	2	0	290	0	294
9541	0	272	1	3	0	276
9542	0	2	0	295	0	297
9543	1	1	292	8	0	302
9544	1	1	3	286	0	291
9545	0	0	1	295	0	296
9546	2	1	0	294	0	297
9547	283	1	0	5	0	289
9548	291	0	1	3	0	295
9549	3	295	0	1	0	299
9550	296	2	0	3	0	301
9551	2	289	1	1	0	293
9552	2	295	0	1	0	298
9553	271	3	0	2	0	276
9554	2	1	274	2	0	279
9555	4	0	2	272	0	278
9556	1	1	1	279	0	282
9557	0	2	0	286	0	288
9558	293	0	0	4	0	297
9559	2	290	1	1	0	294
9560	3	3	0	293	0	299
9561	1	287	0	4	0	292
9562	308	4	1	2	0	315
9563	5	1	0	309	0	315
9564	2	1	0	370	0	373
9565	1	422	0	7	0	430
9566	2	4	1	448	0	455
9567	1	2	0	456	0	459
9568	446	0	0	9	0	455
9569	4	439	0	2	0	445
9570	3	459	0	1	0	463
9571	2	8	0	465	0	475
9572	0	1	451	9	0	461
9573	0	1	446	1	0	448
9574	0	0	6	450	0	456
9575	0	0	444	9	0	453
9576	2	0	6	442	0	450
9577	2	0	1	414	0	417
9578	2	1	0	451	0	454
9579	444	2	0	8	0	454
9580	7	1	2	445	0	455
9581	1	1	2	438	0	442
9582	1	432	1	8	0	442
9583	1	4	3	451	0	459
9584	0	2	438	9	0	449
9585	1	0	7	441	0	449
9586	2	0	1	447	0	450
9587	423	0	0	11	0	434
9588	7	1	0	429	0	437
9589	3	3	0	410	0	416
9590	1	2	0	416	0	419
9591	393	1	1	12	0	407
9592	7	395	3	2	0	407
9593	2	6	0	389	0	397
9594	1	2	2	396	0	401
9595	3	0	385	9	0	397
9596	0	1	7	382	0	390
9597	365	0	1	12	0	378
9598	8	382	2	5	0	397
9599	4	7	0	380	0	391
9600	2	5	0	383	0	390
9601	2	2	376	14	0	394
9602	365	0	6	8	0	379
9603	8	376	4	3	0	391
9604	374	8	0	8	0	390
9605	8	3	2	380	0	393
9606	5	4	0	385	0	394
9607	4	3	2	384	0	393
9608	1	4	1	387	0	393
9609	376	1	4	13	0	394
9610	10	0	3	363	0	376
9611	1	361	6	10	0	378
9612	3	7	1	370	0	381
9613	1	2	3	380	0	386
9614	364	1	3	11	0	379
9615	7	359	0	11	0	377
9616	2	5	0	373	0	380
9617	364	3	0	13	0	380
9618	375	2	1	12	0	390
9619	9	3	0	373	0	385
9620	3	4	363	13	0	383
9621	372	3	4	9	0	388
9622	8	3	4	379	0	394
9623	4	2	374	11	0	391
9624	3	1	6	390	0	400
9625	4	2	5	381	0	392
9626	5	0	1	370	0	376
9627	3	360	1	13	0	377
9628	5	6	3	357	0	371
9629	6	1	0	367	0	374
9630	1	2	3	371	0	377
9631	2	1	3	371	0	377
9632	8	1	0	361	0	370
9633	1	3	3	362	0	369
9634	325	3	2	10	0	340
9635	6	2	323	7	0	338
9636	1	327	5	5	0	338
9637	329	5	2	4	0	340
9638	5	327	0	7	0	339
9639	316	6	10	5	0	337
9640	9	0	1	324	0	334
9641	331	2	0	12	0	345
9642	8	2	1	324	0	335
9643	1	0	2	313	0	316
9644	4	314	0	8	0	326
9645	310	5	2	7	0	324
9646	4	4	325	6	0	339
9647	6	1	4	329	0	340
9648	1	2	321	12	0	336
9649	3	2	310	7	0	322
9650	318	3	3	5	0	329
9651	5	2	1	327	0	335
9652	4	2	316	9	0	331
9653	4	3	316	3	0	326
9654	2	2	4	326	0	334
9655	5	0	1	328	0	334
9656	327	2	3	7	0	339
9657	11	1	1	326	0	339
9658	3	0	337	9	0	349
9659	4	1	5	324	0	334
9660	5	1	1	329	0	336
9661	0	325	3	8	0	336
9662	316	2	2	4	0	324
9663	2	305	3	6	0	316
9664	256	2	0	2	0	260
9665	3	190	1	1	0	195
9666	2	170	0	1	0	173
9667	0	5	0	171	0	176
9668	0	0	0	171	0	171
9669	0	0	0	169	0	169
9670	153	0	0	1	0	154
9671	1	0	156	0	0	157
9672	0	0	0	154	0	154
9673	153	0	0	2	0	155
9674	0	153	0	1	0	154
9675	0	147	0	1	0	148
9676	1	0	0	149	0	150
9677	0	0	0	163	0	163
9678	0	0	0	162	0	162
9679	1	163	0	0	0	164
9680	1	0	0	164	0	165
9681	0	0	160	1	0	161
9682	0	0	149	0	0	149
9683	153	0	0	1	0	154
9684	0	0	0	166	0	166
9685	166	0	1	0	0	167
9686	163	0	0	1	0	164
9687	0	165	0	1	0	166
9688	165	0	0	1	0	166
9689	165	0	0	0	0	165
9690	0	0	0	171	0	171
9691	0	0	0	170	0	170
9692	0	0	188	1	0	189
9693	0	189	0	1	0	190
9694	0	0	0	166	0	166
9695	3	0	0	191	0	194
9696	191	0	0	0	0	191
9697	0	0	1	205	0	206
9698	193	0	0	2	0	195
9699	0	0	0	202	0	202
9700	0	204	0	0	0	204
9701	212	0	0	0	0	212
9702	0	0	0	244	0	244
9703	1	0	0	279	0	280
9704	0	0	0	292	0	292
9705	0	0	297	4	0	301
9706	1	0	4	299	0	304
9707	302	0	1	8	0	311
9708	9	0	1	318	0	328
9709	3	0	0	361	0	364
9710	1	0	1	358	0	360
9711	1	347	1	12	0	361
9712	1	355	0	3	0	359
9713	350	7	0	3	0	360
9714	9	353	0	2	0	364
9715	349	10	1	5	0	365
9716	354	2	0	3	0	359
9717	360	4	0	5	0	369
9718	14	1	345	0	0	360
9719	4	359	9	0	0	372
9720	381	12	1	2	0	396
9721	12	2	0	391	0	405
9722	5	1	0	397	0	403
9723	4	0	1	398	0	403
9724	1	389	2	11	0	403
9725	1	12	0	389	0	402
9726	410	0	0	14	0	424
9727	11	1	0	414	0	426
9728	1	0	0	428	0	429
9729	1	1	426	13	0	441
9730	0	1	445	4	0	450
9731	3	0	11	445	0	459
9732	5	0	1	455	0	461
9733	1	450	1	14	0	466
9734	1	9	1	453	0	464
9735	1	1	2	460	0	464
9736	0	2	3	465	0	470
9737	452	1	0	16	0	469
9738	12	1	453	6	0	472
9739	2	4	10	455	0	471
9740	454	1	2	17	0	474
9741	449	0	1	9	0	459
9742	12	2	0	443	0	457
9743	4	2	2	453	0	461
9744	440	2	2	13	0	457
9745	13	444	0	4	0	461
9746	6	457	1	1	0	465
9747	5	13	0	466	0	484
9748	470	1	0	16	0	487
9749	477	2	2	5	0	486
9750	469	1	0	3	0	473
9751	12	2	476	1	0	491
9752	449	3	10	4	0	466
9753	13	0	465	5	0	483
9754	454	1	10	4	0	469
9755	13	470	2	2	0	487
9756	2	10	481	4	0	497
9757	4	1	11	477	0	493
9758	2	1	473	13	0	489
9759	2	1	13	481	0	497
9760	482	1	1	15	0	499
9761	12	3	488	3	0	506
9762	3	0	11	493	0	507
9763	1	492	5	16	0	514
9764	0	11	3	528	0	542
9765	4	1	2	531	0	538
9766	5	3	1	503	0	512
9767	520	0	2	18	0	540
9768	525	2	0	10	0	537
9769	15	2	1	521	0	539
9770	5	1	511	17	0	534
9771	4	2	505	5	0	516
9772	6	1	10	521	0	538
9773	6	2	531	11	0	550
9774	5	2	10	530	0	547
9775	5	0	1	511	0	517
9776	2	1	4	532	0	539
9777	3	505	2	15	0	525
9778	1	460	3	4	0	468
9779	4	11	3	520	0	538
9780	6	4	0	522	0	532
9781	4	2	2	526	0	534
9782	511	1	1	20	0	533
9783	13	3	520	3	0	539
9784	2	2	13	519	0	536
9785	520	0	1	19	0	540
9786	11	520	5	5	0	541
9787	5	9	1	530	0	545
9788	4	2	2	534	0	542
9789	1	1	4	536	0	542
9790	3	1	1	533	0	538
9791	5	0	515	14	0	534
9792	460	1	12	9	0	482
9793	495	1	2	8	0	506
9794	11	1	498	7	0	517
9795	476	0	10	9	0	495
9796	504	1	3	8	0	516
9797	12	0	510	6	0	528
9798	7	543	12	1	0	563
9799	5	9	2	566	0	582
9800	3	2	564	14	0	583
9801	4	537	12	4	0	557
9802	4	8	505	3	0	520
9803	0	473	9	1	0	483
9804	1	10	5	460	0	476
9805	0	0	480	6	0	486
9806	3	0	4	452	0	459
9807	1	1	492	3	0	497
9808	0	472	3	0	0	475
9809	443	0	0	1	0	444
9810	0	439	1	0	0	440
9811	0	460	0	0	0	460
9812	1	8	0	449	0	458
9813	1	1	0	486	0	488
9814	2	0	0	490	0	492
9815	1	0	0	475	0	476
9816	0	0	0	490	0	490
9817	2	1	525	1	0	529
9818	0	0	2	519	0	521
9819	0	0	0	535	0	535
9820	524	0	0	7	0	531
9821	518	0	0	3	0	521
9822	522	0	0	1	0	523
9823	4	0	0	527	0	531
9824	574	0	0	7	0	581
9825	632	0	0	5	0	637
9826	632	0	0	2	0	634
9827	7	1	626	0	0	634
9828	619	0	5	1	0	625
9829	631	0	1	4	0	636
9830	612	0	0	2	0	614
9831	10	0	0	607	0	617
9832	1	0	618	6	0	625
9833	2	0	5	611	0	618
9834	632	0	1	9	0	642
9835	8	0	0	635	0	643
9836	1	699	0	6	0	706
9837	2	6	0	728	0	736
9838	725	1	1	10	0	737
9839	730	0	0	4	0	734
9840	719	0	1	4	0	724
9841	8	1	749	1	0	759
9842	6	0	6	751	0	763
9843	4	0	1	772	0	777
9844	1	2	770	8	0	781
9845	2	746	5	1	0	754
9846	2	6	756	1	0	765
9847	3	0	6	756	0	765
9848	774	0	2	9	0	785
9849	9	0	791	1	0	801
9850	6	0	6	789	0	801
9851	2	1	796	6	0	805
9852	780	0	5	7	0	792
9853	8	0	1	805	0	814
9854	1	0	850	8	0	859
9855	2	1	6	835	0	844
9856	0	0	880	7	0	887
9857	1	874	5	5	0	885
9858	1	7	1	887	0	896
9859	893	0	1	7	0	901
9860	10	0	0	890	0	900
9861	3	1	1	883	0	888
9862	884	0	1	11	0	896
9863	9	844	0	4	0	857
9864	2	870	2	1	0	875
9865	3	7	1	878	0	889
9866	0	885	2	8	0	895
9867	0	9	2	893	0	904
9868	2	1	1	892	0	896
9869	889	0	1	10	0	900
9870	8	883	2	4	0	897
9871	2	7	887	3	0	899
9872	2	903	10	1	0	916
9873	900	9	1	3	0	913
9874	915	2	1	2	0	920
9875	10	0	1	913	0	924
9876	925	1	1	16	0	943
9877	14	0	1	933	0	948
9878	921	0	2	14	0	937
9879	968	3	1	6	0	978
9880	11	0	3	992	0	1006
9881	994	0	0	16	0	1010
9882	14	2	993	3	0	1012
9883	990	1	9	2	0	1002
9884	13	2	4	1022	0	1041
9885	1042	1	1	12	0	1056
9886	17	1077	2	4	0	1100
9887	9	10	0	1074	0	1093
9888	5	2	2	1099	0	1108
9889	1088	2	5	21	0	1116
9890	14	1	1087	7	0	1109
9891	8	1066	8	2	0	1084
9892	5	10	2	1083	0	1100
9893	3	1082	2	7	0	1094
9894	1	8	3	1095	0	1107
9895	12	1	1	1073	0	1087
9896	10	0	1	1113	0	1124
9897	1076	2	0	15	0	1093
9898	11	3	4	1035	0	1053
9899	1036	0	0	21	0	1057
9900	1065	1	1	8	0	1075
9901	18	1	4	1088	0	1111
9902	1081	3	1	23	0	1108
9903	1055	1	5	7	0	1068
9904	14	1	1088	6	0	1109
9905	9	0	13	1038	0	1060
9906	1084	2	6	15	0	1107
9907	13	1063	3	6	0	1085
9908	1080	12	6	7	0	1105
9909	1087	4	1	8	0	1100
9910	17	1	1058	7	0	1083
9911	7	0	11	1030	0	1048
9912	1116	0	5	17	0	1138
9913	18	1	6	1117	0	1142
9914	6	3	1	1142	0	1152
9915	4	2	2	1145	0	1153
9916	8	1	3	1237	0	1249
9917	1229	1	2	33	0	1265
9918	28	3	1264	14	0	1309
9919	16	1	27	1328	0	1372
9920	5	2	1459	31	0	1497
9921	5	0	1475	14	0	1494
9922	1435	1	47	12	0	1495
9923	39	0	1543	6	0	1588
9924	15	1498	42	4	0	1559
9925	1491	37	20	3	0	1551
9926	1545	17	9	3	0	1574
9927	65	3	3	1482	0	1553
9928	26	4	1510	36	0	1576
9929	5	5	1501	20	0	1531
9930	1545	0	54	13	0	1612
9931	49	7	23	1584	0	1663
9932	1622	1	9	41	0	1673
9933	44	1638	5	19	0	1706
9934	1640	39	7	7	0	1693
9935	1661	20	0	10	0	1691
9936	57	1577	3	7	0	1644
9937	30	40	1	1570	0	1641
9938	1581	23	2	44	0	1650
9939	50	5	1581	20	0	1656
9940	23	1565	38	8	0	1634
9941	14	44	19	1565	0	1642
9942	1565	18	6	44	0	1633
9943	46	1590	5	21	0	1662
9944	1631	42	5	11	0	1689
9945	47	30	1616	5	0	1698
9946	1592	5	43	8	0	1648
9947	52	5	1620	2	0	1679
9948	1584	6	49	4	0	1643
9949	1590	4	20	7	0	1621
9950	67	1	1563	3	0	1634
9951	32	1559	43	6	0	1640
9952	15	41	25	1502	0	1583
9953	11	20	1581	39	0	1651
9954	8	1538	44	22	0	1612
9955	13	42	24	1518	0	1597
9956	10	26	10	1547	0	1593
9957	11	9	1506	63	0	1589
9958	16	5	47	1480	0	1548
9959	17	4	24	1526	0	1571
9960	3	6	1492	66	0	1567
9961	13	4	51	1440	0	1508
9962	12	1470	27	50	0	1559
9963	1479	43	11	31	0	1564
9964	53	21	11	1445	0	1530
9965	23	1477	14	45	0	1559
9966	23	48	9	1391	0	1471
9967	19	1523	10	36	0	1588
9968	18	50	1497	20	0	1585
9969	12	1523	51	21	0	1607
9970	1514	53	33	12	0	1612
9971	1533	27	19	12	0	1591
9972	1585	14	12	14	0	1625
9973	73	13	1545	13	0	1644
9974	46	10	1519	9	0	1584
9975	28	1589	73	10	0	1700
9976	33	55	37	1472	0	1597
9977	23	1633	25	41	0	1722
9978	34	64	15	1448	0	1561
9979	18	1620	15	47	0	1700
9980	1617	66	11	25	0	1719
9981	1756	29	16	23	0	1824
9982	93	24	16	1777	0	1910
9983	47	16	1713	72	0	1848
9984	1718	10	59	40	0	1827
9985	75	1774	39	25	0	1913
9986	55	66	20	1713	0	1854
9987	38	39	22	1681	0	1780
9988	29	1765	24	82	0	1900
9989	1774	77	15	53	0	1919
9990	83	45	1748	31	0	1907
9991	52	26	61	1771	0	1910
9992	1794	27	39	71	0	1931
9993	1812	21	32	46	0	1911
9994	109	1815	21	35	0	1980
9995	72	64	26	1781	0	1943
9996	45	1872	13	62	0	1992
9997	1899	74	19	44	0	2036
9998	79	42	1873	27	0	2021
9999	46	38	1882	16	0	1982
10000	41	19	91	1855	0	2006
10001	29	24	52	1819	0	1924
10002	24	1849	35	93	0	2001
10003	22	68	29	1877	0	1996
10004	20	41	1839	87	0	1987
10005	1812	22	64	64	0	1962
10006	63	21	46	1856	0	1986
10007	39	28	1851	79	0	1997
10008	30	12	66	1867	0	1975
10009	25	20	50	1830	0	1925
10010	16	1828	34	99	0	1977
10011	23	70	13	1877	0	1983
10012	24	38	24	1850	0	1936
10013	29	35	14	1845	0	1923
10014	1720	19	13	109	0	1861
10015	68	1689	17	64	0	1838
10016	42	1660	16	41	0	1759
10017	1574	63	13	30	0	1680
10018	1504	40	12	29	0	1585
10019	66	1410	13	12	0	1501
10020	33	1323	9	15	0	1380
10021	1238	49	10	10	0	1307
10022	42	1219	5	16	0	1282
10023	20	1229	8	13	0	1270
10024	1179	51	4	16	0	1250
10025	38	1185	3	9	0	1235
10026	1155	44	6	15	0	1220
10027	1138	20	10	14	0	1182
10028	1148	23	4	18	0	1193
10029	47	1132	6	9	0	1194
10030	29	1106	11	10	0	1156
10031	25	33	5	1075	0	1138
10032	16	1089	2	29	0	1136
10033	21	46	2	1117	0	1186
10034	1133	24	4	40	0	1201
10035	35	22	5	1113	0	1175
10036	20	1106	8	46	0	1180
10037	1098	33	6	19	0	1156
10038	40	1090	6	20	0	1156
10039	19	1140	8	18	0	1185
10040	23	48	3	1080	0	1154
10041	16	1105	5	36	0	1162
10042	1091	51	4	13	0	1159
10043	31	22	1045	24	0	1122
10044	18	1033	34	17	0	1102
10045	24	33	12	1040	0	1109
10046	17	25	1025	33	0	1100
10047	17	22	34	998	0	1071
10048	15	18	16	1015	0	1064
10049	15	18	14	1041	0	1088
10050	14	13	7	1045	0	1079
10051	13	13	994	51	0	1071
10052	7	994	30	41	0	1072
10053	986	30	15	43	0	1074
10054	34	22	970	20	0	1046
10055	964	24	28	30	0	1046
10056	44	18	986	17	0	1065
10057	24	10	41	990	0	1065
10058	30	12	978	40	0	1060
10059	19	14	1036	22	0	1091
10060	19	16	39	1017	0	1091
10061	17	13	29	945	0	1004
10062	10	11	20	1054	0	1095
10063	12	15	15	1052	0	1094
10064	1022	17	8	59	0	1106
10065	35	10	1042	44	0	1131
10066	1022	8	32	32	0	1094
10067	1054	13	10	29	0	1106
10068	1043	12	17	13	0	1085
10069	1042	20	6	14	0	1082
10070	1043	16	8	21	0	1088
10071	59	7	10	993	0	1069
10072	39	10	913	35	0	997
10073	29	14	917	19	0	979
10074	23	937	31	20	0	1011
10075	881	27	22	21	0	951
10076	27	22	21	859	0	929
10077	16	18	9	841	0	884
10078	22	828	7	34	0	891
10079	17	841	5	23	0	886
10080	15	811	5	18	0	849
10081	686	19	8	19	0	732
10082	16	3	2	612	0	633
10083	8	616	0	14	0	638
10084	7	14	2	617	0	640
10085	9	4	607	13	0	633
10086	6	2	603	8	0	619
10087	7	5	14	681	0	707
10088	691	7	4	19	0	721
10089	742	5	3	13	0	763
10090	748	5	4	5	0	762
10091	33	6	735	10	0	784
10092	13	8	22	730	0	773
10093	11	3	11	776	0	801
10094	9	6	689	30	0	734
10095	638	5	23	13	0	679
10096	29	3	695	10	0	737
10097	11	3	687	11	0	712
10098	5	6	685	8	0	704
10099	7	4	32	662	0	705
10100	7	4	20	677	0	708
10101	13	1	684	35	0	733
10102	5	1	39	686	0	731
10103	680	4	26	28	0	738
10104	26	4	13	718	0	761
10105	11	3	702	36	0	752
10106	2	4	748	27	0	781
10107	8	2	41	714	0	765
10108	781	2	12	45	0	840
10109	35	816	8	18	0	877
10110	861	26	17	17	0	921
10111	870	7	21	14	0	912
10112	40	3	879	12	0	934
10113	21	3	30	885	0	939
10114	887	3	18	41	0	949
10115	884	9	17	19	0	929
10116	51	846	11	27	0	935
10117	35	23	14	861	0	933
10118	22	11	14	914	0	961
10119	14	6	865	51	0	936
10120	25	4	33	850	0	912
10121	18	4	862	43	0	927
10122	9	14	863	21	0	907
10123	20	3	36	883	0	942
10124	868	2	28	43	0	941
10125	32	855	22	21	0	930
10126	860	24	15	23	0	922
10127	865	10	20	14	0	909
10128	38	843	17	15	0	913
10129	29	23	3	814	0	869
10130	820	17	8	26	0	871
10131	37	807	8	13	0	865
10132	772	23	2	15	0	812
10133	36	759	9	9	0	813
10134	15	33	7	737	0	792
10135	20	11	4	768	0	803
10136	758	7	5	31	0	801
10137	729	16	7	22	0	774
10138	34	733	7	18	0	792
10139	24	27	728	12	0	791
10140	11	13	726	18	0	768
10141	17	7	29	693	0	746
10142	16	744	22	22	0	804
10143	19	17	18	775	0	829
10144	5	21	12	785	0	823
10145	13	9	18	784	0	824
10146	12	7	773	39	0	831
10147	7	6	750	34	0	797
10148	8	780	36	19	0	843
10149	11	22	22	799	0	854
10150	15	10	13	858	0	896
10151	16	12	821	38	0	887
10152	747	10	42	26	0	825
10153	32	4	28	848	0	912
10154	16	15	843	37	0	911
10155	789	4	33	39	0	865
10156	33	832	14	39	0	918
10157	23	24	884	14	0	945
10158	29	13	28	887	0	957
10159	850	12	20	49	0	931
10160	26	4	891	27	0	948
10161	30	6	29	874	0	939
10162	20	12	21	916	0	969
10163	11	9	27	1030	0	1077
10164	1019	8	14	61	0	1102
10165	40	986	12	40	0	1078
10166	25	23	21	1016	0	1085
10167	15	22	997	43	0	1077
10168	27	9	26	975	0	1037
10169	23	951	19	41	0	1034
10170	20	1022	16	25	0	1083
10171	1001	40	5	34	0	1080
10172	1014	22	11	23	0	1070
10173	44	15	1002	13	0	1074
10174	990	16	26	28	0	1060
10175	43	1011	20	17	0	1091
10176	1022	42	20	21	0	1105
10177	50	20	6	1023	0	1099
10178	37	18	1026	37	0	1118
10179	26	14	35	1038	0	1113
10180	30	13	1023	37	0	1103
10181	1010	18	38	31	0	1097
10182	48	7	27	1031	0	1113
10183	26	1065	16	43	0	1150
10184	26	45	15	1083	0	1169
10185	25	18	1032	56	0	1131
10186	9	1052	39	28	0	1128
10187	956	22	19	32	0	1029
10188	29	916	15	23	0	983
10189	10	929	10	12	0	961
10190	18	30	3	891	0	942
10191	9	918	13	20	0	960
10192	10	36	8	904	0	958
10193	6	16	880	28	0	930
10194	816	13	17	19	0	865
10195	876	4	9	19	0	908
10196	24	6	878	7	0	915
10197	850	5	16	3	0	874
10198	24	866	11	4	0	905
10199	866	16	12	10	0	904
10200	25	8	5	855	0	893
10201	10	15	878	16	0	919
10202	14	885	12	10	0	921
10203	6	15	7	923	0	951
10204	3	7	9	905	0	924
10205	877	11	1	23	0	912
10206	840	4	2	19	0	865
10207	21	852	3	15	0	891
10208	16	762	5	4	0	787
10209	10	760	1	1	0	772
10210	4	14	1	734	0	753
10211	720	9	0	17	0	746
10212	708	3	3	5	0	719
10213	18	2	0	708	0	728
10214	7	1	1	711	0	720
10215	698	3	0	13	0	714
10216	10	1	1	728	0	740
10217	4	2	720	13	0	739
10218	696	2	7	10	0	715
10219	722	1	3	7	0	733
10220	12	3	737	3	0	755
10221	744	1	9	6	0	760
10222	15	4	13	763	0	795
10223	5	3	2	751	0	761
10224	5	2	3	759	0	769
10225	737	0	3	19	0	759
10226	11	770	0	10	0	791
10227	6	11	1	778	0	796
10228	7	765	3	6	0	781
10229	767	10	0	10	0	787
10230	13	4	3	771	0	791
10231	9	3	2	770	0	784
10232	8	755	1	12	0	776
10233	3	12	750	7	0	772
10234	3	4	9	767	0	783
10235	772	3	6	16	0	797
10236	829	0	5	18	0	852
10237	17	4	857	8	0	886
10238	12	1	14	878	0	905
10239	6	894	3	14	0	917
10240	4	16	5	912	0	937
10241	913	6	1	21	0	941
10242	899	4	1	9	0	913
10243	19	4	1	892	0	916
10244	11	869	3	15	0	898
10245	920	14	0	12	0	946
10246	19	8	2	941	0	970
10247	932	5	0	21	0	958
10248	972	2	1	9	0	984
10249	26	1	1	980	0	1008
10250	13	2	3	970	0	988
10251	9	3	1	1002	0	1015
10252	8	974	3	27	0	1012
10253	8	15	3	972	0	998
10254	9	4	1	974	0	988
10255	6	7	925	21	0	959
10256	3	2	915	10	0	930
10257	5	3	19	901	0	928
10258	899	0	8	26	0	933
10259	19	904	5	7	0	935
10260	881	19	1	13	0	914
10261	23	4	884	8	0	919
10262	8	5	820	4	0	837
10263	5	780	14	1	0	800
10264	4	14	9	787	0	814
10265	1	3	794	15	0	813
10266	2	3	830	1	0	836
10267	2	1	15	837	0	855
10268	837	0	5	23	0	865
10269	856	1	4	1	0	862
10270	16	2	1	844	0	863
10271	5	0	931	16	0	952
10272	5	1	16	944	0	966
10273	2	1	3	946	0	952
10274	1	954	3	15	0	973
10275	957	13	2	6	0	978
10276	944	1	2	8	0	955
10277	16	962	2	3	0	983
10278	6	13	2	939	0	960
10279	5	950	1	14	0	970
10280	959	16	0	8	0	983
10281	15	5	937	5	0	962
10282	2	4	900	2	0	908
10283	6	1	898	3	0	908
10284	1	2	12	906	0	921
10285	2	2	3	921	0	928
10286	917	2	2	15	0	936
10287	12	1	1	911	0	925
10288	2	1	1	934	0	938
10289	4	2	991	12	0	1009
10290	5	1	938	4	0	948
10291	921	2	10	11	0	944
10292	11	961	4	3	0	979
10293	991	12	4	3	0	1010
10294	14	1	2	993	0	1010
10295	6	2	1	986	0	995
10296	4	971	5	11	0	991
10297	5	11	2	977	0	995
10298	977	2	1	19	0	999
10299	16	4	1	977	0	998
10300	5	3	972	14	0	994
10301	7	928	8	5	0	948
10302	935	13	1	8	0	957
10303	946	3	5	9	0	963
10304	938	4	2	7	0	951
10305	950	3	0	8	0	961
10306	15	2	2	946	0	965
10307	7	1	4	944	0	956
10308	7	1	956	14	0	978
10309	9	1	11	955	0	976
10310	7	4	948	17	0	976
10311	3	2	13	951	0	969
10312	950	0	2	19	0	971
10313	13	972	6	6	0	997
10314	7	12	4	1036	0	1059
10315	6	1	3	1061	0	1071
10316	1038	4	2	20	0	1064
10317	995	3	2	12	0	1012
10318	14	5	1035	6	0	1060
10319	4	1045	11	7	0	1067
10320	8	14	4	1022	0	1048
10321	4	6	5	1035	0	1050
10322	1018	2	3	21	0	1044
10323	1008	2	5	10	0	1025
10324	15	0	1029	7	0	1051
10325	3	3	1010	6	0	1022
10326	9	2	10	1017	0	1038
10327	12	1	4	1019	0	1036
10328	4	2	1016	13	0	1035
10329	948	2	13	11	0	974
10330	13	2	5	1016	0	1036
10331	1009	2	7	22	0	1040
10332	15	1012	3	10	0	1040
10333	1015	13	2	11	0	1041
10334	17	3	1071	4	0	1095
10335	6	1039	13	5	0	1063
10336	2	992	3	2	0	999
10337	964	7	4	5	0	980
10338	935	4	2	6	0	947
10339	12	2	2	943	0	959
10340	3	940	3	11	0	957
10341	4	980	1	5	0	990
10342	1	12	2	1010	0	1025
10343	1025	5	1	10	0	1041
10344	1016	1	2	10	0	1029
10345	15	3	984	3	0	1005
10346	952	4	4	5	0	965
10347	10	1090	5	3	0	1108
10348	1105	11	2	6	0	1124
10349	15	1399	1	3	0	1418
10350	5	1535	1	4	0	1545
10351	13	39	0	1656	0	1708
10352	1778	18	5	43	0	1844
10353	1802	12	2	19	0	1835
10354	63	6	1761	13	0	1843
10355	39	2	40	1755	0	1836
10356	1803	2	18	50	0	1873
10357	64	1	15	1804	0	1884
10358	1829	1	6	57	0	1893
10359	1833	1	5	29	0	1868
10360	65	3	1806	18	0	1892
10361	49	3	42	1780	0	1874
10362	30	0	20	1835	0	1885
10363	14	0	15	1863	0	1892
10364	14	1	1773	73	0	1861
10365	11	1	47	1781	0	1840
10366	13	0	19	1705	0	1737
10367	10	1710	12	69	0	1801
10368	11	44	1680	34	0	1769
10369	2	1729	50	24	0	1805
10370	1701	59	22	21	0	1803
10371	50	23	13	1616	0	1702
10372	44	18	8	1589	0	1659
10373	20	1609	12	60	0	1701
10374	1600	46	3	39	0	1688
10375	1635	25	3	24	0	1687
10376	64	1588	4	19	0	1675
10377	40	1636	5	12	0	1693
10378	1615	64	1	7	0	1687
10379	55	37	1584	6	0	1682
10380	33	22	1587	12	0	1654
10381	1545	12	67	15	0	1639
10382	52	1593	34	5	0	1684
10383	1600	47	22	4	0	1673
10384	69	27	1566	6	0	1668
10385	1593	23	46	12	0	1674
10386	64	1623	23	13	0	1723
10387	46	48	15	1618	0	1727
10388	38	26	10	1645	0	1719
10389	29	15	15	1512	0	1571
10390	25	7	3	1597	0	1632
10391	15	11	6	1560	0	1592
10392	9	1537	6	95	0	1647
10393	1534	44	10	53	0	1641
10394	55	21	1538	33	0	1647
10395	35	18	50	1553	0	1656
10396	22	18	1561	57	0	1658
10397	19	11	63	1553	0	1646
10398	13	9	27	1605	0	1654
10399	1539	4	26	85	0	1654
10400	53	7	1542	52	0	1654
10401	24	1526	54	36	0	1640
10402	27	51	19	1551	0	1648
10403	21	25	21	1599	0	1666
10404	15	26	1538	73	0	1652
10405	18	14	50	1549	0	1631
10406	17	13	22	1605	0	1657
10407	1511	7	15	88	0	1621
10408	48	1513	15	49	0	1625
10409	1534	49	12	34	0	1629
10410	1566	33	7	18	0	1624
10411	83	24	6	1521	0	1634
10412	54	12	1515	56	0	1637
10413	37	14	1523	30	0	1604
10414	24	9	69	1448	0	1550
10415	22	7	44	1374	0	1447
10416	14	1421	31	75	0	1541
10417	1411	50	15	48	0	1524
10418	56	1387	10	41	0	1494
10419	36	1421	11	25	0	1493
10420	1415	64	12	24	0	1515
10421	59	42	16	1388	0	1505
10422	41	1456	7	65	0	1569
10423	32	59	8	1472	0	1571
10424	14	31	1435	80	0	1560
10425	18	21	1438	46	0	1523
10426	21	11	60	1455	0	1547
10427	9	13	1454	67	0	1543
10428	19	10	68	1457	0	1554
10429	16	11	43	1465	0	1535
10430	19	9	23	1494	0	1545
10431	1395	10	23	94	0	1522
10432	42	1356	16	66	0	1480
10433	22	1429	12	46	0	1509
10434	1365	63	11	22	0	1461
10435	1394	34	11	25	0	1464
10436	70	29	11	1348	0	1458
10437	42	24	1333	53	0	1452
10438	38	21	42	1361	0	1462
10439	27	6	1361	69	0	1463
10440	12	1345	56	40	0	1453
10441	21	46	33	1357	0	1457
10442	1323	24	22	56	0	1425
10443	52	25	13	1313	0	1403
10444	31	17	1274	59	0	1381
10445	1258	10	42	40	0	1350
10446	53	8	1287	30	0	1378
10447	37	8	1231	19	0	1295
10448	19	1157	64	14	0	1254
10449	25	840	32	4	0	901
10450	14	744	14	12	0	784
10451	487	27	32	31	0	577
10452	437	0	2	4	0	443
10453	1	0	2	447	0	450
10454	2	0	1	451	0	454
10455	3	2	1	469	0	475
10456	2	468	0	0	0	470
10457	470	1	0	2	0	473
10458	4	460	5	1	0	470
10459	1	0	1	470	0	472
10460	452	0	4	6	0	462
10461	1	0	4	457	0	462
10462	0	1	2	465	0	468
10463	471	2	1	7	0	481
10464	466	3	0	5	0	474
10465	3	1	468	1	0	473
10466	0	3	458	1	0	462
10467	3	4	481	1	0	489
10468	3	0	1	486	0	490
10469	0	0	1	496	0	497
10470	1	494	3	0	0	498
10471	503	1	1	4	0	509
10472	0	2	3	519	0	524
10473	1	0	3	529	0	533
10474	2	547	0	2	0	551
10475	1	576	2	3	0	582
10476	0	1	0	609	0	610
10477	1	1	0	718	0	720
10478	715	1	0	13	0	729
10479	720	1	1	4	0	726
10480	9	2	1	716	0	728
10481	3	3	721	12	0	739
10482	6	2	713	2	0	723
10483	5	0	10	754	0	769
10484	0	1	3	748	0	752
10485	2	744	5	8	0	759
10486	739	8	1	9	0	757
10487	8	1	3	745	0	757
10488	2	3	760	12	0	777
10489	7	3	8	754	0	772
10490	5	2	760	14	0	781
10491	0	2	751	8	0	761
10492	5	1	24	757	0	787
10493	761	0	3	15	0	779
10494	8	0	752	6	0	766
10495	1	1	12	760	0	774
10496	7	6	796	11	0	820
10497	11	1	11	796	0	819
10498	2	4	4	808	0	818
10499	3	2	803	13	0	821
10500	2	0	771	5	0	778
10501	5	4	15	706	0	730
10502	0	1	6	785	0	792
10503	4	2	6	774	0	786
10504	7	0	6	777	0	790
10505	776	1	2	22	0	801
10506	770	0	5	11	0	786
10507	10	769	2	11	0	792
10508	772	8	6	12	0	798
10509	16	1	8	774	0	799
10510	774	1	3	16	0	794
10511	15	2	795	5	0	817
10512	785	1	13	6	0	805
10513	12	1	5	801	0	819
10514	7	1	6	842	0	856
10515	857	1	4	20	0	882
10516	16	0	1	939	0	956
10517	5	3	973	19	0	1000
10518	962	2	14	9	0	987
10519	17	992	5	7	0	1021
10520	7	16	2	1012	0	1037
10521	7	2	1064	17	0	1090
10522	5	4	17	1018	0	1044
10523	8	2	1025	22	0	1057
10524	7	1	20	1041	0	1069
10525	3	1053	9	21	0	1086
10526	7	18	4	1059	0	1088
10527	2	1110	4	35	0	1151
10528	10	24	4	1042	0	1080
10529	6	7	5	1182	0	1200
10530	8	4	2	1188	0	1202
10531	5	5	4	1191	0	1205
10532	6	2	1	1195	0	1204
10533	6	1	1164	34	0	1205
10534	8	1	25	1162	0	1196
10535	3	1	11	1187	0	1202
10536	1184	1	9	38	0	1232
10537	23	1196	7	12	0	1238
10538	1191	27	0	18	0	1236
10539	34	11	5	1181	0	1231
10540	11	8	1167	38	0	1224
10541	5	1159	30	23	0	1217
10542	1160	29	9	15	0	1213
10543	28	1165	5	9	0	1207
10544	9	1221	7	12	0	1249
10545	1191	41	6	8	0	1246
10546	34	12	3	1272	0	1321
10547	1259	8	0	45	0	1312
10548	43	5	6	1219	0	1273
10549	18	6	1226	41	0	1291
10550	7	5	1235	20	0	1267
10551	1206	1	46	14	0	1267
10552	1246	3	14	13	0	1276
10553	46	3	10	1207	0	1266
10554	21	5	9	1231	0	1266
10555	1169	6	6	44	0	1225
10556	40	1171	3	18	0	1232
10557	14	1213	2	20	0	1249
10558	1194	37	7	15	0	1253
10559	1223	16	2	16	0	1257
10560	49	1195	8	5	0	1257
10561	16	41	4	1199	0	1260
10562	11	16	1189	35	0	1251
10563	15	5	1189	16	0	1225
10564	1136	8	46	18	0	1208
10565	44	2	1184	10	0	1240
10566	19	2	35	1162	0	1218
10567	15	2	18	1167	0	1202
10568	9	1159	8	48	0	1224
10569	1166	35	8	18	0	1227
10570	48	16	4	1156	0	1224
10571	15	10	1152	44	0	1221
10572	12	1140	33	24	0	1209
10573	20	40	13	1129	0	1202
10574	9	18	1101	40	0	1168
10575	4	11	1091	18	0	1124
10576	11	1045	50	9	0	1115
10577	909	29	14	11	0	963
10578	26	931	11	6	0	974
10579	935	26	6	15	0	982
10580	29	14	924	8	0	975
10581	912	5	32	7	0	956
10582	29	900	8	11	0	948
10583	16	31	4	889	0	940
10584	9	13	4	928	0	954
10585	913	5	5	41	0	964
10586	31	3	904	15	0	953
10587	901	7	31	10	0	949
10588	905	6	11	10	0	932
10589	37	6	871	5	0	919
10590	16	7	895	6	0	924
10591	14	6	34	855	0	909
10592	883	4	13	37	0	937
10593	899	4	6	16	0	925
10594	38	889	6	9	0	942
10595	22	26	6	901	0	955
10596	6	11	6	884	0	907
10597	12	4	2	893	0	911
10598	16	3	7	890	0	916
10599	871	8	2	43	0	924
10600	41	3	2	884	0	930
10601	13	4	867	40	0	924
10602	7	3	870	15	0	895
10603	839	5	36	10	0	890
10604	34	840	15	8	0	897
10605	14	881	8	4	0	907
10606	6	37	6	866	0	915
10607	8	15	7	889	0	919
10608	13	7	4	882	0	906
10609	7	9	2	898	0	916
10610	6	5	867	43	0	921
10611	8	3	30	838	0	879
10612	8	3	11	863	0	885
10613	7	2	815	44	0	868
10614	742	2	32	21	0	797
10615	30	760	16	12	0	818
10616	689	24	7	11	0	731
10617	27	10	669	6	0	712
10618	15	6	643	3	0	667
10619	8	637	29	3	0	677
10620	610	22	33	6	0	671
10621	586	9	3	6	0	604
10622	574	5	2	11	0	592
10623	24	570	2	9	0	605
10624	539	15	4	4	0	562
10625	21	8	535	4	0	568
10626	14	534	14	1	0	563
10627	509	14	8	6	0	537
10628	16	520	3	4	0	543
10629	478	13	5	5	0	501
10630	461	6	3	3	0	473
10631	24	5	486	2	0	517
10632	12	494	12	1	0	519
10633	471	12	8	4	0	495
10634	12	5	476	2	0	495
10635	10	482	9	5	0	506
10636	7	11	4	451	0	473
10637	6	5	445	7	0	463
10638	5	4	439	4	0	452
10639	1	3	11	444	0	459
10640	443	2	6	11	0	462
10641	6	437	5	6	0	454
10642	2	10	410	4	0	426
10643	6	2	415	3	0	426
10644	373	4	11	3	0	391
10645	9	415	4	2	0	430
10646	319	3	1	1	0	324
10647	3	322	2	0	0	327
10648	323	3	2	5	0	333
10649	320	2	0	2	0	324
10650	2	314	1	1	0	318
10651	2	1	1	319	0	323
10652	342	1	1	3	0	347
10653	3	1	0	352	0	356
10654	4	2	0	356	0	362
10655	363	0	2	3	0	368
10656	3	361	1	2	0	367
10657	375	2	0	3	0	380
10658	3	2	364	1	0	370
10659	3	1	2	367	0	373
10660	1	2	1	382	0	386
10661	384	2	1	4	0	391
10662	391	0	1	3	0	395
10663	3	1	0	390	0	394
10664	2	0	410	3	0	415
10665	2	1	1	402	0	406
10666	2	0	1	402	0	405
10667	2	0	2	407	0	411
10668	1	1	1	408	0	411
10669	400	2	0	6	0	408
10670	2	1	413	3	0	419
10671	2	416	4	4	0	426
10672	2	4	1	411	0	418
10673	3	2	2	437	0	444
10674	3	3	432	4	0	442
10675	5	1	412	3	0	421
10676	3	1	6	431	0	441
10677	2	2	3	425	0	432
10678	2	0	420	6	0	428
10679	6	1	6	412	0	425
10680	413	3	1	9	0	426
10681	7	438	2	4	0	451
10682	4	4	444	1	0	453
10683	1	427	6	5	0	439
10684	1	6	2	446	0	455
10685	3	4	442	5	0	454
10686	3	453	6	3	0	465
10687	1	6	4	467	0	478
10688	3	1	481	5	0	490
10689	2	3	5	469	0	479
10690	1	2	2	475	0	480
10691	471	2	2	11	0	486
10692	7	1	1	479	0	488
10693	477	0	0	9	0	486
10694	461	2	6	2	0	471
10695	459	2	2	3	0	466
10696	9	1	0	455	0	465
10697	6	0	446	9	0	461
10698	2	1	433	3	0	439
10699	425	1	7	5	0	438
10700	7	1	434	3	0	445
10701	427	2	8	2	0	439
10702	8	445	6	1	0	460
10703	446	5	3	6	0	460
10704	10	1	456	3	0	470
10705	5	5	487	2	0	499
10706	7	1	8	500	0	516
10707	6	2	528	7	0	543
10708	1	0	539	6	0	546
10709	3	0	13	590	0	606
10710	5	2	7	597	0	611
10711	9	0	5	607	0	621
10712	1	611	3	22	0	637
10713	5	9	4	607	0	625
10714	3	637	4	17	0	661
10715	639	12	1	9	0	661
10716	659	8	3	11	0	681
10717	20	3	2	622	0	647
10718	9	641	5	12	0	667
10719	12	10	639	6	0	667
10720	628	5	18	8	0	659
10721	16	1	11	634	0	662
10722	8	2	5	654	0	669
10723	8	2	8	648	0	666
10724	635	1	6	17	0	659
10725	15	602	2	11	0	630
10726	5	630	1	9	0	645
10727	600	14	1	8	0	623
10728	13	594	3	2	0	612
10729	601	16	2	4	0	623
10730	608	7	1	5	0	621
10731	17	596	3	2	0	618
10732	13	15	3	581	0	612
10733	4	598	3	16	0	621
10734	6	15	1	596	0	618
10735	4	6	4	630	0	644
10736	629	5	1	16	0	651
10737	639	3	2	14	0	658
10738	21	4	2	646	0	673
10739	10	2	631	19	0	662
10740	624	1	13	11	0	649
10741	19	638	6	6	0	669
10742	11	15	3	635	0	664
10743	11	7	6	644	0	668
10744	10	6	1	654	0	671
10745	619	6	1	26	0	652
10746	612	4	0	18	0	634
10747	17	584	3	10	0	614
10748	10	600	3	11	0	624
10749	11	20	0	599	0	630
10750	12	8	5	598	0	623
10751	8	8	587	19	0	622
10752	5	8	9	572	0	594
10753	8	2	561	18	0	589
10754	3	4	537	17	0	561
10755	2	541	22	11	0	576
10756	18	12	7	545	0	582
10757	535	11	7	18	0	571
10758	16	1	5	541	0	563
10759	11	5	528	17	0	561
10760	504	1	12	16	0	533
10761	519	3	5	11	0	538
10762	20	6	495	7	0	528
10763	12	5	13	521	0	551
10764	502	7	7	17	0	533
10765	22	498	6	12	0	538
10766	523	16	2	14	0	555
10767	548	9	5	8	0	570
10768	25	4	2	541	0	572
10769	11	7	5	562	0	585
10770	554	4	8	20	0	586
10771	19	8	1	547	0	575
10772	11	1	540	28	0	580
10773	506	1	15	19	0	541
10774	528	2	9	12	0	551
10775	22	511	6	10	0	549
10776	14	532	4	9	0	559
10777	12	18	3	521	0	554
10778	12	535	5	14	0	566
10779	10	18	0	536	0	564
10780	534	11	2	19	0	566
10781	525	11	2	14	0	552
10782	23	510	5	9	0	547
10783	521	12	3	9	0	545
10784	19	506	2	13	0	540
10785	506	13	5	9	0	533
10786	506	13	3	5	0	527
10787	28	5	471	11	0	515
10788	471	7	15	8	0	501
10789	23	455	6	6	0	490
10790	14	473	2	6	0	495
10791	477	20	6	4	0	507
10792	20	12	2	479	0	513
10793	15	9	481	13	0	518
10794	12	9	11	486	0	518
10795	12	5	9	497	0	523
10796	7	6	482	22	0	517
10797	471	6	14	15	0	506
10798	15	489	10	13	0	527
10799	502	14	1	10	0	527
10800	19	13	7	485	0	524
10801	494	4	4	20	0	522
10802	20	479	4	13	0	516
10803	21	15	2	471	0	509
10804	477	12	4	15	0	508
10805	20	2	433	17	0	472
10806	14	5	391	9	0	419
10807	378	4	17	8	0	407
10808	19	381	7	7	0	414
10809	8	327	6	5	0	346
10810	8	13	5	305	0	331
10811	6	315	2	11	0	334
10812	12	13	3	304	0	332
10813	6	6	0	308	0	320
10814	2	2	2	316	0	322
10815	2	306	4	9	0	321
10816	1	6	0	289	0	296
10817	2	7	274	11	0	294
10818	4	256	6	6	0	272
10819	1	6	4	251	0	262
10820	4	263	1	7	0	275
10821	260	8	1	4	0	273
10822	265	6	0	4	0	275
10823	269	0	2	1	0	272
10824	8	272	2	1	0	283
10825	9	4	0	270	0	283
10826	4	7	262	6	0	279
10827	6	3	262	4	0	275
10828	271	3	8	3	0	285
10829	274	0	4	7	0	285
10830	11	3	5	294	0	313
10831	5	3	2	299	0	309
10832	2	2	290	17	0	311
10833	3	284	11	6	0	304
10834	5	288	4	6	0	303
10835	3	11	270	3	0	287
10836	5	4	8	251	0	268
10837	3	5	7	233	0	248
10838	3	1	0	274	0	278
10839	1	3	1	274	0	279
10840	264	2	2	14	0	282
10841	12	1	254	4	0	271
10842	261	1	10	2	0	274
10843	11	2	4	264	0	281
10844	267	1	1	10	0	279
10845	11	2	2	267	0	282
10846	4	6	264	9	0	283
10847	1	3	9	267	0	280
10848	5	2	276	8	0	291
10849	2	2	9	279	0	292
10850	4	1	285	10	0	300
10851	3	281	8	11	0	303
10852	0	9	5	290	0	304
10853	5	4	3	293	0	305
10854	2	285	6	11	0	304
10855	303	13	2	3	0	321
10856	13	4	0	302	0	319
10857	4	4	1	319	0	328
10858	316	1	1	15	0	333
10859	329	2	1	6	0	338
10860	334	0	0	8	0	342
10861	340	3	3	4	0	350
10862	15	0	328	5	0	348
10863	320	1	10	1	0	332
10864	331	0	7	1	0	339
10865	17	2	1	319	0	339
10866	10	7	1	303	0	321
10867	290	2	1	13	0	306
10868	7	286	1	5	0	299
10869	3	6	2	271	0	282
10870	1	4	280	9	0	294
10871	1	276	6	4	0	287
10872	278	8	2	2	0	290
10873	280	3	0	6	0	289
10874	284	1	2	2	0	289
10875	292	3	0	2	0	297
10876	11	0	1	274	0	286
10877	5	2	268	7	0	282
10878	4	0	291	3	0	298
10879	4	1	8	299	0	312
10880	314	0	3	9	0	326
10881	12	0	3	316	0	331
10882	5	0	319	10	0	334
10883	313	1	11	3	0	328
10884	315	0	3	4	0	322
10885	12	0	2	330	0	344
10886	5	0	339	10	0	354
10887	2	1	332	4	0	339
10888	322	0	12	3	0	337
10889	7	335	6	5	0	353
10890	2	8	330	1	0	341
10891	4	1	9	328	0	342
10892	328	2	2	10	0	342
10893	12	312	2	1	0	327
10894	6	306	10	1	0	323
10895	314	10	0	4	0	328
10896	10	2	1	316	0	329
10897	326	1	3	11	0	341
10898	12	0	2	333	0	347
10899	3	1	0	340	0	344
10900	1	1	325	12	0	339
10901	1	0	314	3	0	318
10902	2	1	324	3	0	330
10903	2	1	12	325	0	340
10904	325	2	2	11	0	340
10905	11	1	334	2	0	348
10906	2	0	9	336	0	347
10907	2	0	342	12	0	356
10908	2	338	13	3	0	356
10909	1	10	3	348	0	362
10910	2	2	4	353	0	361
10911	3	1	2	345	0	351
10912	338	0	3	14	0	355
10913	12	1	1	340	0	354
10914	6	0	0	350	0	356
10915	341	2	3	13	0	359
10916	13	1	348	3	0	365
10917	336	1	10	7	0	354
10918	347	1	2	4	0	354
10919	12	2	339	4	0	357
10920	328	1	10	3	0	342
10921	16	1	3	350	0	370
10922	2	1	349	11	0	363
10923	345	0	10	5	0	360
10924	368	0	4	8	0	380
10925	18	0	1	364	0	383
10926	8	0	2	368	0	378
10927	3	1	4	368	0	376
10928	351	0	2	16	0	369
10929	12	356	2	8	0	378
10930	329	5	4	5	0	343
10931	10	323	5	3	0	341
10932	5	324	1	3	0	333
10933	4	8	4	327	0	343
10934	6	5	0	327	0	338
10935	4	1	3	326	0	334
10936	2	1	1	334	0	338
10937	4	1	305	13	0	323
10938	297	1	7	5	0	310
10939	8	3	2	313	0	326
10940	4	2	307	11	0	324
10941	5	1	7	313	0	326
10942	3	2	2	317	0	324
10943	4	2	319	12	0	337
10944	2	0	7	323	0	332
10945	2	1	4	327	0	334
10946	325	1	3	12	0	341
10947	7	1	335	7	0	350
10948	317	2	9	3	0	331
10949	11	333	3	5	0	352
10950	328	7	4	6	0	345
10951	333	1	3	7	0	344
10952	15	1	1	324	0	341
10953	4	1	322	13	0	340
10954	5	333	11	6	0	355
10955	4	7	3	305	0	319
10956	4	338	2	11	0	355
10957	333	10	1	3	0	347
10958	12	3	325	3	0	343
10959	5	5	313	4	0	327
10960	7	3	10	314	0	334
10961	3	3	318	11	0	335
10962	5	3	9	319	0	336
10963	4	3	4	320	0	331
10964	321	2	3	14	0	340
10965	12	321	2	7	0	342
10966	4	9	3	334	0	350
10967	2	3	4	341	0	350
10968	5	2	3	336	0	346
10969	2	319	5	17	0	343
10970	2	327	2	10	0	341
10971	324	10	3	5	0	342
10972	327	5	3	5	0	340
10973	326	2	2	6	0	336
10974	12	0	312	7	0	331
10975	4	2	10	306	0	322
10976	4	3	296	11	0	314
10977	3	304	10	5	0	322
10978	287	7	4	4	0	302
10979	11	5	282	2	0	300
10980	10	1	7	270	0	288
10981	4	0	278	8	0	290
10982	267	1	7	7	0	282
10983	280	1	5	3	0	289
10984	277	2	3	3	0	285
10985	266	3	0	4	0	273
10986	10	1	280	3	0	294
10987	279	1	7	2	0	289
10988	281	1	3	2	0	287
10989	8	281	3	3	0	295
10990	280	5	3	2	0	290
10991	282	2	1	2	0	287
10992	11	0	1	271	0	283
10993	3	291	4	5	0	303
10994	306	4	1	5	0	316
10995	351	3	1	3	0	358
10996	12	3	389	2	0	406
10997	4	0	392	1	0	397
10998	4	0	400	1	0	405
10999	2	0	18	392	0	412
11000	398	2	3	17	0	420
11001	17	398	2	3	0	420
11002	393	15	2	3	0	413
11003	14	398	1	3	0	416
11004	395	15	2	0	0	412
11005	17	382	1	0	0	400
11006	5	398	0	3	0	406
11007	366	17	0	0	0	383
11008	16	377	7	0	0	400
11009	4	13	1	367	0	385
11010	1	5	367	12	0	385
11011	3	0	373	3	0	379
11012	1	3	14	360	0	378
11013	2	1	3	379	0	385
11014	3	0	367	15	0	385
11015	1	1	12	361	0	375
11016	0	1	3	373	0	377
11017	362	0	1	18	0	381
11018	11	361	2	4	0	378
11019	4	13	1	340	0	358
11020	0	362	3	13	0	378
11021	344	13	4	3	0	364
11022	13	351	2	2	0	368
11023	348	12	0	7	0	367
11024	339	3	0	1	0	343
11025	17	3	1	326	0	347
11026	4	2	0	336	0	342
11027	3	3	0	341	0	347
11028	3	2	2	339	0	346
11029	1	4	312	14	0	331
11030	301	3	14	3	0	321
11031	18	310	1	2	0	331
11032	2	17	0	331	0	350
11033	1	3	1	340	0	345
11034	3	328	2	14	0	347
11035	327	15	2	4	0	348
11036	14	333	1	5	0	353
11037	2	15	1	347	0	365
11038	0	4	3	359	0	366
11039	2	2	0	362	0	366
11040	1	2	0	365	0	368
11041	345	2	2	18	0	367
11042	14	2	345	4	0	365
11043	2	2	14	351	0	369
11044	3	2	2	360	0	367
11045	5	2	2	355	0	364
11046	2	2	1	359	0	364
11047	331	1	1	18	0	351
11048	17	1	331	3	0	352
11049	5	2	12	317	0	336
11050	1	315	1	16	0	333
11051	3	337	0	4	0	344
11052	325	13	2	5	0	345
11053	13	3	325	3	0	344
11054	298	1	10	2	0	311
11055	12	5	305	1	0	323
11056	5	0	10	299	0	314
11057	306	0	2	13	0	321
11058	10	306	3	4	0	323
11059	3	10	2	295	0	310
11060	0	284	3	12	0	299
11061	322	11	2	6	0	341
11062	323	3	1	4	0	331
11063	11	2	1	314	0	328
11064	3	1	321	14	0	339
11065	3	3	319	3	0	328
11066	6	1	13	310	0	330
11067	1	317	1	14	0	333
11068	3	12	2	330	0	347
11069	0	3	1	319	0	323
11070	2	1	0	315	0	318
11071	2	2	326	15	0	345
11072	1	1	12	322	0	336
11073	1	0	3	333	0	337
11074	1	321	1	15	0	338
11075	0	11	2	306	0	319
11076	3	1	2	335	0	341
11077	0	1	3	338	0	342
11078	3	3	0	341	0	347
11079	5	0	2	329	0	336
11080	1	1	3	333	0	338
11081	3	1	0	324	0	328
11082	0	5	1	320	0	326
11083	3	2	301	12	0	318
11084	2	4	11	300	0	317
11085	301	0	1	13	0	315
11086	15	1	0	286	0	302
11087	1	1	296	14	0	312
11088	286	1	12	5	0	304
11089	311	1	4	2	0	318
11090	306	1	0	6	0	313
11091	304	2	3	4	0	313
11092	15	1	0	310	0	326
11093	4	1	317	15	0	337
11094	2	305	8	6	0	321
11095	1	268	5	2	0	276
11096	2	3	3	212	0	220
11097	0	0	0	220	0	220
11098	2	0	0	212	0	214
11099	0	0	0	227	0	227
11100	1	0	0	255	0	256
11101	274	0	0	3	0	277
11102	2	279	0	0	0	281
11103	0	282	0	0	0	282
11104	1	2	1	312	0	316
11105	0	0	0	322	0	322
11106	1	0	0	322	0	323
11107	1	0	0	320	0	321
11108	0	0	315	4	0	319
11109	0	310	4	2	0	316
11110	2	3	0	313	0	318
11111	316	0	0	5	0	321
11112	5	2	0	311	0	318
11113	1	0	320	6	0	327
11114	0	0	312	2	0	314
11115	1	2	316	1	0	320
11116	0	0	4	322	0	326
11117	317	0	8	6	0	331
11118	5	2	0	318	0	325
11119	0	0	0	326	0	326
11120	330	0	0	4	0	334
11121	5	0	0	333	0	338
11122	3	0	2	333	0	338
11123	0	0	391	4	0	395
11124	1	396	6	0	0	403
11125	0	5	0	417	0	422
11126	418	1	0	7	0	426
11127	8	0	0	419	0	427
11128	0	2	419	10	0	431
11129	4	0	7	413	0	424
11130	0	427	1	7	0	435
11131	1	7	0	432	0	440
11132	2	2	420	7	0	431
11133	0	470	6	3	0	479
11134	4	7	0	491	0	502
11135	4	0	0	525	0	529
11136	3	0	2	518	0	523
11137	2	1	3	512	0	518
11138	0	0	507	11	0	518
11139	1	506	7	5	0	519
11140	509	8	1	5	0	523
11141	513	1	3	4	0	521
11142	12	1	1	514	0	528
11143	2	0	505	10	0	517
11144	494	0	7	7	0	508
11145	8	1	2	511	0	522
11146	1	2	513	11	0	527
11147	2	1	10	513	0	526
11148	4	2	1	511	0	518
11149	6	0	0	520	0	526
11150	2	2	535	13	0	552
11151	2	0	8	506	0	516
11152	1	545	3	9	0	558
11153	545	9	1	5	0	560
11154	548	2	2	3	0	555
11155	545	1	3	5	0	554
11156	9	548	3	4	0	564
11157	549	7	0	7	0	563
11158	10	2	1	551	0	564
11159	548	0	5	10	0	563
11160	544	1	0	6	0	551
11161	9	4	530	3	0	546
11162	4	525	8	4	0	541
11163	525	8	3	4	0	540
11164	11	1	1	517	0	530
11165	1	4	511	11	0	527
11166	2	502	12	4	0	520
11167	508	11	1	6	0	526
11168	15	2	0	509	0	526
11169	7	1	3	504	0	515
11170	3	1	2	508	0	514
11171	3	500	1	14	0	518
11172	10	9	0	495	0	514
11173	1	486	2	19	0	508
11174	4	8	4	502	0	518
11175	3	6	511	12	0	532
11176	5	2	9	508	0	524
11177	6	2	1	518	0	527
11178	7	0	4	526	0	537
11179	2	3	512	16	0	533
11180	4	4	12	509	0	529
11181	7	3	4	509	0	523
11182	9	2	0	515	0	526
11183	5	1	4	519	0	529
11184	3	2	3	517	0	525
11185	4	2	505	17	0	528
11186	5	2	8	511	0	526
11187	4	3	4	510	0	521
11188	482	1	5	13	0	501
11189	10	480	2	10	0	502
11190	7	486	2	5	0	500
11191	9	9	1	484	0	503
11192	8	1	3	488	0	500
11193	1	449	2	16	0	468
11194	7	16	3	431	0	457
11195	7	438	2	13	0	460
11196	5	11	3	442	0	461
11197	8	5	1	444	0	458
11198	4	3	435	11	0	453
11199	1	418	7	9	0	435
11200	3	397	2	3	0	405
11201	357	7	6	6	0	376
11202	7	359	3	3	0	372
11203	3	9	2	354	0	368
11204	2	4	327	8	0	341
11205	3	1	3	325	0	332
11206	323	3	2	9	0	337
11207	6	2	328	7	0	343
11208	2	342	4	2	0	350
11209	3	5	3	292	0	303
11210	2	2	1	348	0	353
11211	355	1	1	12	0	369
11212	5	3	3	355	0	366
11213	4	2	1	366	0	373
11214	1	1	2	372	0	376
11215	0	1	0	375	0	376
11216	363	0	4	10	0	377
11217	362	0	2	8	0	372
11218	5	2	0	370	0	377
11219	366	0	0	10	0	376
11220	6	0	3	364	0	373
11221	2	1	349	10	0	362
11222	0	1	336	7	0	344
11223	4	5	6	280	0	295
11224	1	288	1	8	0	298
11225	4	4	0	278	0	286
11226	272	2	1	7	0	282
11227	5	2	2	272	0	281
11228	268	4	0	7	0	279
11229	5	5	0	267	0	277
11230	3	3	271	4	0	281
11231	0	262	3	4	0	269
11232	1	274	2	4	0	281
11233	1	3	1	206	0	211
11234	0	2	200	3	0	205
11235	0	154	2	0	0	156
11236	0	2	0	153	0	155
11237	151	0	3	2	0	156
11238	1	0	154	0	0	155
11239	1	0	1	155	0	157
11240	0	0	0	171	0	171
11241	0	0	172	2	0	174
11242	1	0	161	0	0	162
11243	0	0	189	0	0	189
11244	0	0	2	189	0	191
11245	0	0	196	2	0	198
11246	181	0	2	0	0	183
11247	3	0	0	182	0	185
11248	0	0	226	1	0	227
11249	0	225	3	0	0	228
11250	0	2	211	0	0	213
11251	0	0	3	213	0	216
11252	231	0	0	6	0	237
11253	3	0	0	235	0	238
11254	0	0	0	238	0	238
11255	257	0	0	5	0	262
11256	4	0	0	258	0	262
11257	1	0	263	4	0	268
11258	242	0	4	3	0	249
11259	4	269	1	0	0	274
11260	271	3	0	0	0	274
11261	3	1	0	272	0	276
11262	1	0	268	3	0	272
11263	0	0	294	1	0	295
11264	1	0	4	295	0	300
11265	0	0	1	306	0	307
11266	0	0	306	4	0	310
11267	0	1	287	1	0	289
11268	304	0	5	1	0	310
11269	4	0	1	313	0	318
11270	311	0	0	8	0	319
11271	6	0	0	313	0	319
11272	1	0	321	6	0	328
11273	0	2	340	1	0	343
11274	2	0	7	337	0	346
11275	0	0	1	348	0	349
11276	0	0	362	8	0	370
11277	350	0	7	3	0	360
11278	9	0	1	367	0	377
11279	376	0	1	12	0	389
11280	8	456	3	1	0	468
11281	2	11	2	469	0	484
11282	473	1	1	14	0	489
11283	14	0	500	2	0	516
11284	2	1	14	504	0	521
11285	2	0	2	512	0	516
11286	1	0	2	520	0	523
11287	0	1	506	14	0	521
11288	2	1	13	503	0	519
11289	0	518	3	13	0	534
11290	3	13	0	528	0	544
11291	1	2	533	16	0	552
11292	1	0	526	4	0	531
11293	2	2	15	528	0	547
11294	1	0	2	542	0	545
11295	2	0	3	534	0	539
11296	4	0	4	537	0	545
11297	527	1	1	16	0	545
11298	526	1	0	5	0	532
11299	15	0	518	2	0	535
11300	2	520	14	3	0	539
11301	2	12	4	537	0	555
11302	534	2	2	17	0	555
11303	470	1	1	6	0	478
11304	547	1	3	2	0	553
11305	544	0	4	5	0	553
11306	17	2	542	0	0	561
11307	514	0	14	7	0	535
11308	16	516	3	4	0	539
11309	8	12	1	524	0	545
11310	2	3	526	14	0	545
11311	3	0	16	510	0	529
11312	4	3	512	16	0	535
11313	1	2	16	506	0	525
11314	6	0	5	518	0	529
11315	509	3	1	16	0	529
11316	17	3	2	511	0	533
11317	5	1	514	17	0	537
11318	2	1	16	542	0	561
11319	544	1	6	17	0	568
11320	14	0	4	556	0	574
11321	5	2	547	18	0	572
11322	3	541	15	11	0	570
11323	559	14	9	3	0	585
11324	17	2	5	540	0	564
11325	4	581	3	17	0	605
11326	585	14	4	9	0	612
11327	21	3	581	5	0	610
11328	4	576	13	9	0	602
11329	3	15	6	600	0	624
11330	6	2	596	15	0	619
11331	3	1	17	580	0	601
11332	582	3	5	23	0	613
11333	18	0	580	8	0	606
11334	7	2	16	578	0	603
11335	3	1	586	25	0	615
11336	9	1	16	586	0	612
11337	5	3	6	604	0	618
11338	585	3	4	24	0	616
11339	17	587	5	13	0	622
11340	5	13	7	594	0	619
11341	581	2	2	20	0	605
11342	580	0	2	10	0	592
11343	15	2	1	556	0	574
11344	2	538	3	18	0	561
11345	5	569	0	8	0	582
11346	5	16	4	567	0	592
11347	4	1	3	585	0	593
11348	523	4	6	16	0	549
11349	12	2	4	531	0	549
11350	2	0	531	19	0	552
11351	496	1	13	7	0	517
11352	14	501	2	6	0	523
11353	498	11	1	8	0	518
11354	17	3	558	3	0	581
11355	7	555	15	1	0	578
11356	554	14	6	3	0	577
11357	573	4	1	2	0	580
11358	14	1	557	4	0	576
11359	534	2	14	2	0	552
11360	546	1	0	6	0	553
11361	16	541	2	2	0	561
11362	1	14	4	566	0	585
11363	4	0	546	14	0	564
11364	8	0	13	542	0	563
11365	0	5	564	15	0	584
11366	2	0	14	564	0	580
11367	566	1	5	15	0	587
11368	16	1	0	589	0	606
11369	1	0	619	15	0	635
11370	609	1	16	3	0	629
11371	19	2	1	621	0	643
11372	4	0	606	19	0	629
11373	578	0	16	9	0	603
11374	19	1	2	597	0	619
11375	3	0	581	18	0	602
11376	1	0	558	2	0	561
11377	4	1	13	562	0	580
11378	2	0	566	14	0	582
11379	1	566	15	1	0	583
11380	1	9	5	488	0	503
11381	486	0	0	12	0	498
11382	7	0	506	2	0	515
11383	2	1	473	0	0	476
11384	442	0	8	3	0	453
11385	8	0	475	1	0	484
11386	459	0	10	0	0	469
11387	7	0	472	1	0	480
11388	2	0	8	463	0	473
11389	0	0	457	7	0	464
11390	3	1	7	437	0	448
11391	1	0	464	8	0	473
11392	2	0	451	2	0	455
11393	425	0	7	3	0	435
11394	8	464	2	1	0	475
11395	458	6	2	0	0	466
11396	8	464	2	0	0	474
11397	2	7	1	474	0	484
11398	1	1	1	481	0	484
11399	472	0	3	11	0	486
11400	12	2	1	466	0	481
11401	1	1	468	9	0	479
11402	451	0	9	4	0	464
11403	477	0	3	0	0	480
11404	10	1	0	483	0	494
11405	3	1	476	7	0	487
11406	4	2	8	467	0	481
11407	1	468	1	13	0	483
11408	1	8	2	476	0	487
11409	2	0	0	485	0	487
11410	1	0	476	13	0	490
11411	402	1	10	7	0	420
11412	10	469	5	0	0	484
11413	463	9	0	7	0	479
11414	9	477	5	1	0	492
11415	2	9	1	472	0	484
11416	1	492	1	7	0	501
11417	2	10	478	3	0	493
11418	1	0	11	437	0	449
11419	2	0	3	453	0	458
11420	1	1	3	460	0	465
11421	452	0	4	9	0	465
11422	14	1	0	446	0	461
11423	435	1	3	12	0	451
11424	446	2	1	3	0	452
11425	421	1	2	5	0	429
11426	11	2	418	3	0	434
11427	2	1	12	415	0	430
11428	2	0	5	469	0	476
11429	3	0	1	469	0	473
11430	493	1	3	11	0	508
11431	17	0	2	490	0	509
11432	8	1	2	508	0	519
11433	537	1	3	18	0	559
11434	23	0	6	547	0	576
11435	11	0	565	21	0	597
11436	1	0	612	8	0	621
11437	3	3	28	606	0	640
11438	608	0	4	28	0	640
11439	602	1	1	14	0	618
11440	28	0	5	593	0	626
11441	6	1	597	21	0	625
11442	3	592	20	11	0	626
11443	5	21	9	591	0	626
11444	8	5	2	624	0	639
11445	2	1	5	619	0	627
11446	595	0	5	28	0	628
11447	23	1	595	8	0	627
11448	599	2	20	9	0	630
11449	28	0	8	583	0	619
11450	6	599	8	20	0	633
11451	602	20	2	8	0	632
11452	598	9	2	4	0	613
11453	30	2	624	3	0	659
11454	7	540	18	5	0	570
11455	0	556	7	6	0	569
11456	547	23	1	8	0	579
11457	28	5	1	536	0	570
11458	7	0	1	562	0	570
11459	3	0	7	558	0	568
11460	6	527	2	25	0	560
11461	7	562	1	4	0	574
11462	532	23	1	7	0	563
11463	18	4	4	524	0	550
11464	4	2	587	20	0	613
11465	4	4	24	598	0	630
11466	4	3	665	27	0	699
11467	3	0	687	14	0	704
11468	1	4	695	2	0	702
11469	3	633	32	1	0	669
11470	6	23	10	606	0	645
11471	3	647	4	15	0	669
11472	13	24	2	592	0	631
11473	1	13	2	665	0	681
11474	657	4	0	34	0	695
11475	20	4	0	666	0	690
11476	664	2	0	24	0	690
11477	659	1	0	19	0	679
11478	34	1	1	636	0	672
11479	13	619	0	24	0	656
11480	5	22	1	622	0	650
11481	3	632	1	18	0	654
11482	4	22	2	616	0	644
11483	1	16	604	24	0	645
11484	5	2	23	614	0	644
11485	3	3	13	639	0	658
11486	608	2	4	39	0	653
11487	22	618	3	18	0	661
11488	16	23	0	620	0	659
11489	4	14	0	630	0	648
11490	5	615	5	35	0	660
11491	4	26	2	614	0	646
11492	571	15	1	30	0	617
11493	614	2	1	20	0	637
11494	34	598	0	8	0	640
11495	16	25	1	602	0	644
11496	594	11	3	28	0	636
11497	25	597	3	15	0	640
11498	16	24	1	563	0	604
11499	3	606	0	22	0	631
11500	597	23	1	19	0	640
11501	28	14	586	3	0	631
11502	13	3	602	8	0	626
11503	6	3	32	577	0	618
11504	6	3	582	24	0	615
11505	6	6	24	584	0	620
11506	581	2	18	25	0	626
11507	24	4	594	21	0	643
11508	19	4	25	597	0	645
11509	5	4	14	633	0	656
11510	603	8	2	41	0	654
11511	27	609	6	16	0	658
11512	622	27	1	8	0	658
11513	631	14	3	11	0	659
11514	34	600	4	9	0	647
11515	16	26	4	605	0	651
11516	6	16	604	27	0	653
11517	8	6	26	603	0	643
11518	8	604	12	24	0	648
11519	605	26	6	17	0	654
11520	23	16	4	617	0	660
11521	14	5	627	30	0	676
11522	8	3	27	638	0	676
11523	5	2	17	652	0	676
11524	9	4	4	657	0	674
11525	6	5	6	663	0	680
11526	7	7	1	650	0	665
11527	3	2	614	47	0	666
11528	5	2	585	21	0	613
11529	6	553	26	14	0	599
11530	3	552	12	11	0	578
11531	547	23	4	7	0	581
11532	23	12	540	6	0	581
11533	489	3	15	15	0	522
11534	14	3	490	5	0	512
11535	14	4	457	5	0	480
11536	4	3	21	418	0	446
11537	435	4	9	16	0	464
11538	13	2	3	451	0	469
11539	9	0	8	447	0	464
11540	5	0	475	23	0	503
11541	4	2	12	492	0	510
11542	4	4	10	484	0	502
11543	4	1	2	495	0	502
11544	5	1	4	489	0	499
11545	4	1	3	494	0	502
11546	469	0	2	25	0	496
11547	10	3	3	486	0	502
11548	11	1	458	15	0	485
11549	4	1	9	479	0	493
11550	4	0	473	13	0	490
11551	4	0	10	483	0	497
11552	1	1	486	10	0	498
11553	2	2	13	458	0	475
11554	3	0	13	472	0	488
11555	1	0	462	21	0	484
11556	434	1	12	18	0	465
11557	11	1	460	7	0	479
11558	11	0	11	465	0	487
11559	469	1	13	15	0	498
11560	13	0	3	482	0	498
11561	12	0	2	481	0	495
11562	1	1	472	25	0	499
11563	3	454	10	15	0	482
11564	2	377	8	5	0	392
11565	0	382	3	8	0	393
11566	6	7	14	285	0	312
11567	288	1	1	8	0	298
11568	4	0	1	289	0	294
11569	4	0	1	284	0	289
11570	0	0	1	299	0	300
11571	1	0	1	300	0	302
11572	1	302	0	6	0	309
11573	0	3	1	310	0	314
11574	0	1	0	311	0	312
11575	0	316	1	3	0	320
11576	316	3	0	3	0	322
11577	3	1	0	320	0	324
11578	315	1	0	3	0	319
11579	318	0	0	1	0	319
11580	4	333	1	1	0	339
11581	3	3	0	378	0	384
11582	2	1	383	3	0	389
11583	0	1	385	2	0	388
11584	0	7	3	372	0	382
11585	380	1	2	4	0	387
11586	398	0	1	5	0	404
11587	6	0	0	416	0	422
11588	419	1	0	3	0	423
11589	4	417	0	2	0	423
11590	413	2	0	4	0	419
11591	5	435	2	2	0	444
11592	2	3	1	446	0	452
11593	3	3	0	441	0	447
11594	0	442	0	4	0	446
11595	440	3	1	2	0	446
11596	2	2	440	2	0	446
11597	3	1	1	444	0	449
11598	2	1	454	2	0	459
11599	3	0	4	447	0	454
11600	453	0	1	6	0	460
11601	5	0	1	454	0	460
11602	453	1	0	6	0	460
11603	449	1	0	2	0	452
11604	3	1	0	455	0	459
11605	2	0	447	3	0	452
11606	1	463	3	3	0	470
11607	1	2	1	453	0	457
11608	436	1	1	2	0	440
11609	2	1	437	2	0	442
11610	2	0	1	439	0	442
11611	2	0	2	438	0	442
11612	1	1	3	444	0	449
11613	444	0	0	5	0	449
11614	3	1	0	449	0	453
11615	1	0	1	456	0	458
11616	3	0	448	3	0	454
11617	0	1	2	453	0	456
11618	1	0	2	453	0	456
11619	1	1	3	452	0	457
11620	1	438	1	4	0	444
11621	4	1	2	417	0	424
11622	1	1	1	430	0	433
11623	412	2	0	5	0	419
11624	1	1	411	5	0	418
11625	2	2	403	2	0	409
11626	3	426	2	1	0	432
11627	2	1	2	431	0	436
11628	425	0	2	4	0	431
11629	1	2	1	424	0	428
11630	1	0	0	429	0	430
11631	2	0	0	430	0	432
11632	0	0	1	430	0	431
11633	0	1	0	430	0	431
11634	0	0	429	6	0	435
11635	0	1	1	428	0	430
11636	430	0	1	2	0	433
11637	1	412	2	3	0	418
11638	2	1	1	418	0	422
11639	3	1	1	414	0	419
11640	0	2	404	3	0	409
11641	1	0	1	392	0	394
11642	0	0	2	437	0	439
11643	449	1	2	5	0	457
11644	1	472	0	5	0	478
11645	2	1	0	476	0	479
11646	3	1	0	477	0	481
11647	0	2	2	471	0	475
11648	1	0	464	5	0	470
11649	1	3	435	2	0	441
11650	1	450	1	3	0	455
11651	1	449	2	2	0	454
11652	0	1	3	452	0	456
11653	0	441	1	3	0	445
11654	1	6	0	505	0	512
11655	0	2	1	540	0	543
11656	1	3	0	559	0	563
11657	1	3	1	637	0	642
11658	0	0	653	20	0	673
11659	1	1	7	654	0	663
11660	1	1	5	663	0	670
11661	0	0	7	677	0	684
11662	669	0	3	27	0	699
11663	6	687	7	17	0	717
11664	4	9	2	645	0	660
11665	5	672	1	16	0	694
11666	646	15	0	16	0	677
11667	569	11	1	17	0	598
11668	14	653	0	7	0	674
11669	10	659	0	10	0	679
11670	7	23	628	7	0	665
11671	8	656	11	6	0	681
11672	11	18	13	607	0	649
11673	627	15	6	10	0	658
11674	7	663	3	9	0	682
11675	6	18	4	667	0	695
11676	10	15	4	672	0	701
11677	8	11	4	697	0	720
11678	684	11	1	24	0	720
11679	13	9	664	19	0	705
11680	633	9	10	19	0	671
11681	15	649	5	14	0	683
11682	14	10	6	644	0	674
11683	14	12	624	14	0	664
11684	598	12	13	14	0	637
11685	20	627	8	9	0	664
11686	11	18	8	614	0	651
11687	11	613	3	18	0	645
11688	9	19	8	636	0	672
11689	14	11	8	640	0	673
11690	12	18	622	16	0	668
11691	8	14	589	19	0	630
11692	6	13	13	618	0	650
11693	6	11	629	20	0	666
11694	8	9	17	627	0	661
11695	6	5	19	614	0	644
11696	8	8	13	639	0	668
11697	617	9	9	33	0	668
11698	12	1	10	641	0	664
11699	7	5	632	33	0	677
11700	630	3	14	29	0	676
11701	14	3	11	649	0	677
11702	15	2	15	644	0	676
11703	635	2	11	27	0	675
11704	15	649	10	27	0	701
11705	16	11	7	679	0	713
11706	14	11	7	678	0	710
11707	661	8	5	32	0	706
11708	17	9	648	27	0	701
11709	16	8	15	658	0	697
11710	11	8	10	658	0	687
11711	9	6	12	654	0	681
11712	13	645	5	35	0	698
11713	9	13	12	659	0	693
11714	628	13	9	34	0	684
11715	11	640	7	35	0	693
11716	630	13	6	28	0	677
11717	20	653	7	21	0	701
11718	652	17	9	22	0	700
11719	23	15	657	18	0	713
11720	19	13	649	21	0	702
11721	664	10	14	20	0	708
11722	19	12	689	15	0	735
11723	28	7	16	678	0	729
11724	18	12	16	594	0	640
11725	14	5	15	698	0	732
11726	685	3	13	30	0	731
11727	20	11	677	17	0	725
11728	676	4	15	32	0	727
11729	19	5	12	732	0	768
11730	719	5	9	29	0	762
11731	29	6	10	724	0	769
11732	748	6	13	28	0	795
11733	29	3	8	822	0	862
11734	19	3	821	36	0	879
11735	831	5	16	28	0	880
11736	851	5	12	29	0	897
11737	34	7	12	846	0	899
11738	25	11	7	826	0	869
11739	21	830	13	29	0	893
11740	816	19	7	23	0	865
11741	33	818	7	20	0	878
11742	792	20	9	20	0	841
11743	25	14	776	16	0	831
11744	20	11	767	14	0	812
11745	21	7	747	15	0	790
11746	755	7	29	8	0	799
11747	27	777	18	14	0	836
11748	19	12	14	774	0	819
11749	773	8	15	28	0	824
11750	17	777	16	17	0	827
11751	28	29	7	736	0	800
11752	18	767	6	27	0	818
11753	12	730	7	20	0	769
11754	16	731	8	11	0	766
11755	681	22	6	8	0	717
11756	19	675	4	14	0	712
11757	5	587	5	6	0	603
11758	9	579	2	5	0	595
11759	579	14	3	6	0	602
11760	576	3	5	8	0	592
11761	11	9	547	3	0	570
11762	505	3	6	2	0	516
11763	546	1	1	4	0	552
11764	9	1	1	538	0	549
11765	565	1	1	8	0	575
11766	9	2	570	2	0	583
11767	3	605	5	3	0	616
11768	634	7	1	6	0	648
11769	9	3	1	638	0	651
11770	639	3	3	8	0	653
11771	7	0	629	3	0	639
11772	617	1	8	4	0	630
11773	14	2	1	637	0	654
11774	5	1	634	9	0	649
11775	4	600	7	4	0	615
11776	2	621	3	2	0	628
11777	6	9	5	590	0	610
11778	3	4	1	580	0	588
11779	1	612	3	8	0	624
11780	610	8	0	9	0	627
11781	586	3	0	8	0	597
11782	596	2	2	3	0	603
11783	12	620	1	2	0	635
11784	7	8	0	608	0	623
11785	6	637	1	6	0	650
11786	633	10	0	6	0	649
11787	634	5	0	2	0	641
11788	10	610	2	2	0	624
11789	630	9	1	5	0	645
11790	14	4	0	624	0	642
11791	9	2	3	625	0	639
11792	647	2	1	14	0	664
11793	634	2	3	8	0	647
11794	650	3	0	7	0	660
11795	15	1	0	644	0	660
11796	7	4	1	653	0	665
11797	9	1	670	12	0	692
11798	5	5	8	660	0	678
11799	8	1	3	664	0	676
11800	2	4	659	13	0	678
11801	5	2	617	7	0	631
11802	3	2	657	5	0	667
11803	5	0	15	660	0	680
11804	5	2	658	10	0	675
11805	7	4	11	633	0	655
11806	7	3	5	645	0	660
11807	3	3	645	15	0	666
11808	5	2	659	9	0	675
11809	7	4	11	660	0	682
11810	3	1	696	11	0	711
11811	4	4	676	6	0	690
11812	2	675	13	7	0	697
11813	674	12	8	7	0	701
11814	698	4	7	3	0	712
11815	694	5	3	3	0	705
11816	14	682	3	3	0	702
11817	8	677	3	5	0	693
11818	11	11	3	673	0	698
11819	8	4	4	668	0	684
11820	5	3	666	14	0	688
11821	4	4	11	664	0	683
11822	645	3	7	14	0	669
11823	11	4	5	632	0	652
11824	7	641	4	9	0	661
11825	653	9	4	7	0	673
11826	655	6	3	5	0	669
11827	671	4	1	3	0	679
11828	18	2	655	6	0	681
11829	14	4	8	676	0	702
11830	734	1	4	14	0	753
11831	16	1	765	5	0	787
11832	5	738	15	5	0	763
11833	4	681	7	1	0	693
11834	650	14	6	5	0	675
11835	14	655	2	1	0	672
11836	7	11	0	662	0	680
11837	5	5	677	8	0	695
11838	5	1	8	664	0	678
11839	688	3	5	10	0	706
11840	11	675	1	8	0	695
11841	676	11	2	5	0	694
11842	11	5	691	4	0	711
11843	9	2	10	656	0	677
11844	4	704	4	10	0	722
11845	3	9	1	719	0	732
11846	711	7	2	13	0	733
11847	714	1	1	6	0	722
11848	712	3	2	5	0	722
11849	717	1	0	6	0	724
11850	16	1	3	703	0	723
11851	9	1	729	13	0	752
11852	8	1	10	693	0	712
11853	1	718	8	10	0	737
11854	718	11	4	8	0	741
11855	11	7	733	3	0	754
11856	715	2	10	5	0	732
11857	14	4	4	721	0	743
11858	11	2	747	11	0	771
11859	7	0	15	740	0	762
11860	757	1	4	15	0	777
11861	753	2	1	9	0	765
11862	749	3	2	3	0	757
11863	17	2	735	4	0	758
11864	10	1	9	724	0	744
11865	5	3	727	11	0	746
11866	2	708	14	4	0	728
11867	672	8	4	5	0	689
11868	11	666	2	1	0	680
11869	668	8	1	1	0	678
11870	15	5	1	652	0	673
11871	5	647	1	10	0	663
11872	647	10	2	6	0	665
11873	11	3	652	3	0	669
11874	9	6	8	631	0	654
11875	653	3	4	9	0	669
11876	13	0	652	3	0	668
11877	5	0	12	643	0	660
11878	2	601	4	14	0	621
11879	3	13	2	657	0	675
11880	4	2	2	660	0	668
11881	650	3	1	13	0	667
11882	13	640	3	2	0	658
11883	5	9	2	616	0	632
11884	5	620	2	7	0	634
11885	3	9	1	630	0	643
11886	0	640	6	9	0	655
11887	622	10	1	7	0	640
11888	12	4	643	1	0	660
11889	8	2	7	614	0	631
11890	4	1	3	635	0	643
11891	3	0	3	636	0	642
11892	0	1	1	621	0	623
11893	2	0	617	9	0	628
11894	1	640	9	4	0	654
11895	643	8	2	7	0	660
11896	650	3	2	3	0	658
11897	12	615	1	2	0	630
11898	616	8	2	0	0	626
11899	625	4	0	4	0	633
11900	11	640	2	2	0	655
11901	1	10	2	626	0	639
11902	3	635	0	11	0	649
11903	619	10	0	4	0	633
11904	10	3	618	1	0	632
11905	575	1	9	4	0	589
11906	9	3	635	2	0	649
11907	6	1	9	629	0	645
11908	620	0	3	13	0	636
11909	11	0	610	3	0	624
11910	565	0	9	4	0	578
11911	601	1	2	2	0	606
11912	12	1	1	614	0	628
11913	1	627	1	11	0	640
11914	630	9	1	6	0	646
11915	10	3	1	627	0	641
11916	3	617	1	7	0	628
11917	627	11	0	4	0	642
11918	9	2	1	640	0	652
11919	5	692	0	10	0	707
11920	3	7	0	723	0	733
11921	725	4	2	12	0	743
11922	726	1	2	5	0	734
11923	730	1	2	3	0	736
11924	12	0	0	718	0	730
11925	6	2	1	722	0	731
11926	2	2	714	10	0	728
11927	4	1	8	717	0	730
11928	3	3	777	10	0	793
11929	2	1	681	3	0	687
11930	0	0	655	1	0	656
11931	2	674	9	0	0	685
11932	4	5	3	654	0	666
11933	0	707	1	6	0	714
11934	710	8	0	5	0	723
11935	701	3	1	4	0	709
11936	15	1	0	751	0	767
11937	4	1	758	10	0	773
11938	0	0	10	755	0	765
11939	0	1	803	12	0	816
11940	1	1	14	779	0	795
11941	2	782	7	9	0	800
11942	0	817	4	5	0	826
11943	798	15	0	5	0	818
11944	14	7	773	1	0	795
11945	7	3	10	762	0	782
11946	5	1	5	784	0	795
11947	782	0	3	20	0	805
11948	12	780	0	9	0	801
11949	789	12	1	5	0	807
11950	13	808	1	1	0	823
11951	787	15	1	5	0	808
11952	789	5	2	3	0	799
11953	20	3	2	798	0	823
11954	8	1	799	13	0	821
11955	752	1	12	9	0	774
11956	12	788	5	5	0	810
11957	810	13	4	3	0	830
11958	19	4	2	767	0	792
11959	10	3	2	771	0	786
11960	3	777	2	16	0	798
11961	2	12	0	779	0	793
11962	1	819	1	13	0	834
11963	3	16	0	808	0	827
11964	3	7	1	813	0	824
11965	801	4	0	21	0	826
11966	16	1	808	7	0	832
11967	7	798	12	5	0	822
11968	3	12	7	798	0	820
11969	801	7	4	12	0	824
11970	820	5	0	7	0	832
11971	826	4	1	7	0	838
11972	25	0	808	3	0	836
11973	836	3	14	2	0	855
11974	20	1	5	836	0	862
11975	834	2	6	14	0	856
11976	17	821	1	9	0	848
11977	8	13	4	829	0	854
11978	819	6	1	20	0	846
11979	15	832	1	7	0	855
11980	10	13	1	843	0	867
11981	5	7	834	13	0	859
11982	844	6	11	9	0	870
11983	891	3	5	9	0	908
11984	23	2	909	2	0	936
11985	14	874	13	4	0	905
11986	10	930	6	2	0	948
11987	8	20	5	928	0	961
11988	6	12	1	872	0	891
11989	8	6	2	933	0	949
11990	4	5	926	28	0	963
11991	939	3	15	22	0	979
11992	1017	3	7	8	0	1035
11993	1043	1	6	8	0	1058
11994	1034	7	2	7	0	1050
11995	1023	2	4	7	0	1036
11996	1036	2	3	6	0	1047
11997	37	3	6	1038	0	1084
11998	19	5	1015	19	0	1058
11999	11	3	1052	11	0	1077
12000	7	4	22	1073	0	1106
12001	6	3	11	1058	0	1078
12002	11	3	5	1072	0	1091
12003	6	1076	1	37	0	1120
12004	1094	19	7	19	0	1139
12005	25	1148	2	9	0	1184
12006	17	25	2	1121	0	1165
12007	1116	15	3	24	0	1158
12008	26	1112	5	13	0	1156
12009	19	22	2	1117	0	1160
12010	22	10	5	1116	0	1153
12011	16	14	2	1126	0	1158
12012	9	1114	4	43	0	1170
12013	11	21	6	1151	0	1189
12014	3	15	1125	42	0	1185
12015	14	12	21	1166	0	1213
12016	10	11	11	1196	0	1228
12017	6	5	10	1291	0	1312
12018	7	9	5	1337	0	1358
12019	6	4	1266	66	0	1342
12020	7	1268	30	36	0	1341
12021	19	27	16	1305	0	1367
12022	13	22	16	1333	0	1384
12023	9	17	8	1328	0	1362
12024	13	1265	3	67	0	1348
12025	9	1346	9	42	0	1406
12026	1343	46	3	28	0	1420
12027	34	25	5	1318	0	1382
12028	19	17	1260	41	0	1337
12029	15	1271	32	33	0	1351
12030	1225	34	19	29	0	1307
12031	33	23	1218	15	0	1289
12032	20	18	1176	18	0	1232
12033	14	11	1187	21	0	1233
12034	20	26	52	1161	0	1259
12035	6	15	1208	39	0	1268
12036	11	1130	39	34	0	1214
12037	28	27	31	1109	0	1195
12038	13	23	1140	31	0	1207
12039	6	13	36	1106	0	1161
12040	1079	12	20	41	0	1152
12041	26	5	1087	33	0	1151
12042	1063	11	28	30	0	1132
12043	26	1120	26	23	0	1195
12044	1144	28	20	13	0	1205
12045	38	19	14	1138	0	1209
12046	1148	12	17	33	0	1210
12047	1148	12	16	31	0	1207
12048	1130	11	9	23	0	1173
12049	43	1147	14	16	0	1220
12050	1138	24	10	12	0	1184
12051	1108	22	17	19	0	1166
12052	52	11	1098	20	0	1181
12053	34	1087	34	10	0	1165
12054	31	34	16	1084	0	1165
12055	23	22	17	1114	0	1176
12056	27	10	15	1129	0	1181
12057	16	10	1070	61	0	1157
12058	23	11	35	1092	0	1161
12059	17	16	1078	46	0	1157
12060	1080	5	36	43	0	1164
12061	1105	12	28	31	0	1176
12062	48	8	1084	25	0	1165
12063	1077	12	35	23	0	1147
12064	1106	10	21	29	0	1166
12065	1130	7	23	18	0	1178
12066	67	12	14	1096	0	1189
12067	41	13	1120	35	0	1209
12068	30	1129	33	30	0	1222
12069	35	26	25	1133	0	1219
12070	27	19	1122	40	0	1208
12071	19	19	1053	22	0	1113
12072	1049	9	49	29	0	1136
12073	32	1138	35	26	0	1231
12074	1151	28	30	22	0	1231
12075	1152	20	23	20	0	1215
12076	47	1146	22	21	0	1236
12077	1157	31	27	19	0	1234
12078	50	23	1171	16	0	1260
12079	36	21	1135	13	0	1205
12080	36	10	1155	13	0	1214
12081	30	1116	51	10	0	1207
12082	1105	27	39	5	0	1176
12083	1101	24	23	11	0	1159
12084	51	1059	19	11	0	1140
12085	38	1078	21	9	0	1146
12086	30	38	15	1047	0	1130
12087	29	31	13	1068	0	1141
12088	1066	24	12	40	0	1142
12089	39	1084	14	24	0	1161
12090	1103	28	10	18	0	1159
12091	1054	32	11	13	0	1110
12092	55	19	1019	11	0	1104
12093	36	1019	24	13	0	1092
12094	32	28	14	1003	0	1077
12095	1018	23	12	26	0	1079
12096	40	16	14	993	0	1063
12097	992	12	11	28	0	1043
12098	36	8	955	23	0	1022
12099	32	906	23	15	0	976
12100	27	913	20	15	0	975
12101	30	33	14	846	0	923
12102	19	929	12	24	0	984
12103	935	33	14	10	0	992
12104	26	19	894	16	0	955
12105	851	13	22	13	0	899
12106	34	8	877	17	0	936
12107	25	15	24	882	0	946
12108	19	9	21	885	0	934
12109	24	7	13	901	0	945
12110	898	8	17	30	0	953
12111	28	13	893	21	0	955
12112	19	8	23	865	0	915
12113	20	6	15	857	0	898
12114	13	828	9	34	0	884
12115	25	809	3	15	0	852
12116	10	814	16	12	0	852
12117	14	15	16	720	0	765
12118	8	3	5	694	0	710
12119	4	625	1	8	0	638
12120	4	623	2	3	0	632
12121	614	5	3	2	0	624
12122	6	6	1	599	0	612
12123	0	581	0	3	0	584
12124	590	5	0	1	0	596
12125	6	0	0	597	0	603
12126	660	0	0	5	0	665
12127	9	1	0	678	0	688
12128	5	0	722	6	0	733
12129	3	709	7	3	0	722
12130	707	7	3	4	0	721
12131	9	4	713	1	0	727
12132	3	720	8	1	0	732
12133	4	8	4	727	0	743
12134	1	2	7	738	0	748
12135	1	1	1	715	0	718
12136	1	0	1	694	0	696
12137	0	1	700	11	0	712
12138	0	697	7	5	0	709
12139	0	7	2	710	0	719
12140	690	3	2	8	0	703
12141	8	713	1	5	0	727
12142	3	9	2	755	0	769
12143	5	4	737	17	0	763
12144	4	741	15	5	0	765
12145	8	16	4	664	0	692
12146	1	758	4	4	0	767
12147	758	20	1	5	0	784
12148	769	8	1	4	0	782
12149	21	1	734	2	0	758
12150	738	2	15	9	0	764
12151	792	1	4	4	0	801
12152	25	1	755	2	0	783
12153	8	767	18	2	0	795
12154	7	17	6	773	0	803
12155	3	6	4	820	0	833
12156	797	3	1	23	0	824
12157	17	2	2	818	0	839
12158	8	4	810	15	0	837
12159	772	0	14	13	0	799
12160	14	2	815	5	0	836
12161	8	810	16	2	0	836
12162	786	16	6	4	0	812
12163	16	5	802	3	0	826
12164	9	3	765	0	0	777
12165	5	791	17	3	0	816
12166	4	15	8	783	0	810
12167	2	7	754	12	0	775
12168	6	3	18	665	0	692
12169	5	2	5	739	0	751
12170	2	3	735	21	0	761
12171	0	723	16	12	0	751
12172	1	14	8	736	0	759
12173	696	7	3	20	0	726
12174	695	2	4	9	0	710
12175	20	4	2	705	0	731
12176	9	1	697	17	0	724
12177	5	2	711	8	0	726
12178	4	1	22	702	0	729
12179	3	4	689	15	0	711
12180	668	1	19	10	0	698
12181	16	2	9	698	0	725
12182	8	1	5	710	0	724
12183	3	704	2	23	0	732
12184	2	17	3	719	0	741
12185	5	7	709	18	0	739
12186	673	3	16	12	0	704
12187	711	2	6	7	0	726
12188	21	2	694	3	0	720
12189	13	1	18	763	0	795
12190	8	1	6	806	0	821
12191	3	2	783	33	0	821
12192	5	1	28	808	0	842
12193	5	2	12	771	0	790
12194	4	814	6	31	0	855
12195	6	25	5	828	0	864
12196	3	8	5	863	0	879
12197	856	7	2	39	0	904
12198	891	2	2	21	0	916
12199	918	2	4	13	0	937
12200	921	2	1	9	0	933
12201	920	2	3	9	0	934
12202	50	4	875	6	0	935
12203	30	2	32	876	0	940
12204	22	0	11	909	0	942
12205	14	2	899	38	0	953
12206	854	7	32	27	0	920
12207	902	1	15	25	0	943
12208	43	3	828	11	0	885
12209	908	2	24	9	0	943
12210	944	5	12	10	0	971
12211	51	2	909	10	0	972
12212	38	4	27	870	0	939
12213	24	883	18	24	0	949
12214	11	29	15	948	0	1003
12215	17	11	4	964	0	996
12216	8	9	9	984	0	1010
12217	6	5	961	47	0	1019
12218	925	4	25	34	0	988
12219	973	6	16	25	0	1020
12220	40	2	17	950	0	1009
12221	28	4	934	38	0	1004
12222	23	3	31	947	0	1004
12223	16	1	973	38	0	1028
12224	19	4	977	24	0	1024
12225	11	991	41	21	0	1064
12226	9	22	21	927	0	979
12227	905	11	18	34	0	968
12228	870	7	11	33	0	921
12229	894	4	16	18	0	932
12230	50	4	10	865	0	929
12231	27	901	9	33	0	970
12232	24	24	6	927	0	981
12233	23	13	950	34	0	1020
12234	975	9	32	31	0	1047
12235	1027	4	19	20	0	1070
12236	41	14	13	1004	0	1072
12237	29	9	12	1030	0	1080
12238	24	1	16	1043	0	1084
12239	23	10	1005	48	0	1086
12240	889	4	29	36	0	958
12241	46	961	16	26	0	1049
12242	18	942	12	29	0	1001
12243	16	23	928	23	0	990
12244	12	12	36	918	0	978
12245	15	12	927	25	0	979
12246	898	9	26	15	0	948
12247	30	7	19	893	0	949
12248	21	10	877	27	0	935
12249	22	895	26	23	0	966
12250	904	18	14	31	0	967
12251	24	7	918	16	0	965
12252	22	883	24	15	0	944
12253	14	920	15	17	0	966
12254	909	31	15	6	0	961
12255	31	22	7	891	0	951
12256	18	14	932	30	0	994
12257	17	926	39	11	0	993
12258	938	27	12	20	0	997
12259	941	13	15	16	0	985
12260	38	926	13	12	0	989
12261	18	29	936	19	0	1002
12262	16	9	37	943	0	1005
12263	932	22	16	25	0	995
12264	959	11	11	12	0	993
12265	39	11	930	15	0	995
12266	28	14	25	909	0	976
12267	24	10	14	961	0	1009
12268	17	5	947	37	0	1006
12269	17	7	943	22	0	989
12270	948	7	36	18	0	1009
12271	968	14	23	11	0	1016
12272	973	7	14	13	0	1007
12273	996	3	12	14	0	1025
12274	45	7	941	9	0	1002
12275	966	4	30	8	0	1008
12276	50	5	9	944	0	1008
12277	32	4	911	29	0	976
12278	25	6	906	20	0	957
12279	18	898	34	14	0	964
12280	14	25	24	878	0	941
12281	19	10	893	28	0	950
12282	857	11	33	18	0	919
12283	33	9	27	796	0	865
12284	19	886	19	25	0	949
12285	913	27	9	17	0	966
12286	923	7	11	21	0	962
12287	43	8	902	7	0	960
12288	27	892	30	8	0	957
12289	21	11	11	812	0	855
12290	812	13	9	18	0	852
12291	27	5	12	800	0	844
12292	17	4	776	18	0	815
12293	705	8	18	17	0	748
12294	16	756	10	16	0	798
12295	8	719	14	15	0	756
12296	16	778	10	8	0	812
12297	758	14	8	14	0	794
12298	739	9	9	3	0	760
12299	750	5	3	2	0	760
12300	20	6	2	732	0	760
12301	5	8	734	11	0	758
12302	5	11	11	724	0	751
12303	735	2	4	18	0	759
12304	23	1	2	739	0	765
12305	737	0	5	16	0	758
12306	731	3	7	9	0	750
12307	717	2	8	8	0	735
12308	11	710	2	10	0	733
12309	715	13	2	5	0	735
12310	12	9	706	7	0	734
12311	16	4	680	1	0	701
12312	5	689	8	4	0	706
12313	11	10	5	644	0	670
12314	649	7	0	11	0	667
12315	15	1	653	3	0	672
12316	644	1	12	3	0	660
12317	14	3	5	619	0	641
12318	5	654	2	12	0	673
12319	4	8	3	651	0	666
12320	5	3	662	11	0	681
12321	615	4	8	9	0	636
12322	13	3	673	3	0	692
12323	9	1	639	2	0	651
12324	610	1	10	6	0	627
12325	8	597	10	2	0	617
12326	641	12	2	3	0	658
12327	651	5	1	5	0	662
12328	17	0	636	2	0	655
12329	612	9	15	2	0	638
12330	15	2	615	2	0	634
12331	7	2	563	7	0	579
12332	10	1	585	3	0	599
12333	4	553	7	5	0	569
12334	522	4	5	4	0	535
12335	518	2	2	6	0	528
12336	524	2	0	5	0	531
12337	518	0	1	7	0	526
12338	10	0	520	0	0	530
12339	10	0	5	507	0	522
12340	9	1	2	514	0	526
12341	517	0	3	8	0	528
12342	9	517	1	3	0	530
12343	4	5	4	517	0	530
12344	515	2	1	9	0	527
12345	5	5	529	2	0	541
12346	5	0	7	511	0	523
12347	6	0	528	5	0	539
12348	0	526	9	1	0	536
12349	6	5	3	499	0	513
12350	502	2	2	6	0	512
12351	7	4	0	506	0	517
12352	3	1	515	9	0	528
12353	2	516	6	2	0	526
12354	535	3	2	8	0	548
12355	5	3	552	2	0	562
12356	501	2	8	4	0	515
12357	7	532	1	1	0	541
12358	533	5	3	5	0	546
12359	540	3	0	2	0	545
12360	7	3	1	526	0	537
12361	5	0	535	6	0	546
12362	5	544	5	3	0	557
12363	4	4	4	558	0	570
12364	5	2	3	563	0	573
12365	7	2	3	616	0	628
12366	5	2	1	644	0	652
12367	4	687	2	13	0	706
12368	697	13	2	6	0	718
12369	15	700	1	1	0	717
12370	6	15	1	718	0	740
12371	720	3	2	14	0	739
12372	19	5	1	718	0	743
12373	4	2	717	18	0	741
12374	9	719	13	4	0	745
12375	5	17	2	720	0	744
12376	7	4	5	741	0	757
12377	721	6	2	19	0	748
12378	19	4	712	7	0	742
12379	702	0	15	11	0	728
12380	718	3	5	7	0	733
12381	719	4	6	8	0	737
12382	24	4	701	5	0	734
12383	11	1	14	697	0	723
12384	8	1	5	695	0	709
12385	4	6	713	18	0	741
12386	4	4	713	11	0	732
12387	713	3	17	12	0	745
12388	23	2	8	724	0	757
12389	725	3	10	19	0	757
12390	753	3	3	10	0	769
12391	26	2	1	756	0	785
12392	12	3	806	20	0	841
12393	790	3	20	8	0	821
12394	22	3	6	814	0	845
12395	7	3	807	26	0	843
12396	10	803	19	7	0	839
12397	784	20	6	12	0	822
12398	27	781	9	6	0	823
12399	13	25	5	740	0	783
12400	14	793	4	17	0	828
12401	780	20	5	11	0	816
12402	793	2	5	20	0	820
12403	23	782	10	11	0	826
12404	778	24	5	8	0	815
12405	790	5	7	9	0	811
12406	24	787	5	10	0	826
12407	768	21	4	16	0	809
12408	39	2	9	768	0	818
12409	16	8	6	786	0	816
12410	783	2	8	27	0	820
12411	32	9	8	734	0	783
12412	18	767	8	23	0	816
12413	773	16	6	16	0	811
12414	773	9	5	17	0	804
12415	26	761	11	11	0	809
12416	780	20	10	9	0	819
12417	814	5	6	10	0	835
12418	36	8	5	779	0	828
12419	19	8	779	25	0	831
12420	19	759	17	18	0	813
12421	774	24	5	16	0	819
12422	782	8	13	13	0	816
12423	32	15	750	6	0	803
12424	755	10	20	14	0	799
12425	39	5	743	16	0	803
12426	727	15	23	10	0	775
12427	37	8	7	719	0	771
12428	18	17	726	27	0	788
12429	16	12	734	12	0	774
12430	24	13	20	718	0	775
12431	25	11	4	727	0	767
12432	23	9	702	21	0	755
12433	23	11	21	693	0	748
12434	26	7	701	24	0	758
12435	25	9	20	697	0	751
12436	21	9	12	705	0	747
12437	21	679	9	27	0	736
12438	18	689	5	23	0	735
12439	17	720	8	21	0	766
12440	16	29	12	711	0	768
12441	21	11	9	725	0	766
12442	26	7	697	26	0	756
12443	676	12	18	20	0	726
12444	728	9	9	10	0	756
12445	35	697	10	12	0	754
12446	698	24	9	12	0	743
12447	40	7	7	686	0	740
12448	708	5	9	34	0	756
12449	719	11	14	13	0	757
12450	33	12	12	689	0	746
12451	677	6	9	22	0	714
12452	36	649	7	7	0	699
12453	19	665	13	10	0	707
12454	27	22	9	606	0	664
12455	20	634	10	19	0	683
12456	25	18	9	619	0	671
12457	13	10	11	633	0	667
12458	614	8	12	29	0	663
12459	31	610	10	12	0	663
12460	597	22	8	14	0	641
12461	589	10	8	19	0	626
12462	26	577	11	13	0	627
12463	572	18	9	17	0	616
12464	21	8	580	14	0	623
12465	12	539	13	11	0	575
12466	498	11	11	8	0	528
12467	13	8	459	5	0	485
12468	5	432	11	6	0	454
12469	7	454	6	5	0	472
12470	435	7	5	4	0	451
12471	440	5	1	7	0	453
12472	439	1	4	4	0	448
12473	10	429	2	3	0	444
12474	9	5	0	435	0	449
12475	443	4	2	8	0	457
12476	436	2	2	10	0	450
12477	11	3	2	447	0	463
12478	7	1	473	8	0	489
12479	4	4	461	7	0	476
12480	3	2	8	474	0	487
12481	3	4	3	484	0	494
12482	4	2	479	10	0	495
12483	6	3	6	462	0	477
12484	4	466	4	9	0	483
12485	444	7	0	7	0	458
12486	7	4	2	447	0	460
12487	441	1	1	6	0	449
12488	6	435	1	7	0	449
12489	6	438	1	1	0	446
12490	434	7	3	1	0	445
12491	5	5	418	2	0	430
12492	348	4	4	5	0	361
12493	4	369	8	0	0	381
12494	2	3	0	357	0	362
12495	359	3	0	4	0	366
12496	4	1	0	349	0	354
12497	356	2	0	4	0	362
12498	358	0	0	3	0	361
12499	7	369	1	1	0	378
12500	368	4	0	2	0	374
12501	4	362	1	1	0	368
12502	367	4	1	0	0	372
12503	4	4	0	371	0	379
12504	390	1	0	4	0	395
12505	2	0	0	391	0	393
12506	395	0	0	5	0	400
12507	412	0	0	5	0	417
12508	413	1	0	0	0	414
12509	415	0	0	0	0	415
12510	415	0	0	1	0	416
12511	5	1	0	416	0	422
12512	405	0	0	3	0	408
12513	2	389	1	2	0	394
12514	1	3	389	0	0	393
12515	3	2	8	373	0	386
12516	0	1	391	2	0	394
12517	0	1	2	386	0	389
12518	0	1	392	2	0	395
12519	394	0	2	2	0	398
12520	4	0	1	404	0	409
12521	2	0	403	2	0	407
12522	1	1	436	1	0	439
12523	2	0	4	430	0	436
12524	482	0	2	7	0	491
12525	6	529	1	1	0	537
12526	539	5	0	3	0	547
12527	544	0	1	1	0	546
12528	6	526	1	0	0	533
12529	565	5	0	10	0	580
12530	5	0	0	572	0	577
12531	4	1	1	567	0	573
12532	2	0	0	565	0	567
12533	565	0	0	7	0	572
12534	6	562	0	2	0	570
12535	3	9	0	574	0	586
12536	1	3	0	611	0	615
12537	597	3	0	11	0	611
12538	6	1	0	593	0	600
12539	5	3	611	6	0	625
12540	1	636	6	2	0	645
12541	644	6	3	3	0	656
12542	7	3	1	642	0	653
12543	3	654	0	6	0	663
12544	645	5	0	8	0	658
12545	6	3	654	2	0	665
12546	3	657	4	0	0	664
12547	654	4	3	2	0	663
12548	4	3	2	650	0	659
12549	6	2	0	647	0	655
12550	3	1	648	9	0	661
12551	1	0	5	642	0	648
12552	0	2	672	6	0	680
12553	1	0	639	4	0	644
12554	0	1	714	1	0	716
12555	720	2	12	3	0	737
12556	730	0	5	7	0	742
12557	739	1	2	6	0	748
12558	10	1	1	731	0	743
12559	6	726	2	4	0	738
12560	3	728	0	4	0	735
12561	729	8	1	7	0	745
12562	717	5	2	4	0	728
12563	11	733	1	2	0	747
12564	708	4	4	5	0	721
12565	7	5	713	0	0	725
12566	6	1	713	0	0	720
12567	4	0	8	685	0	697
12568	6	1	5	719	0	731
12569	2	1	712	7	0	722
12570	4	0	4	702	0	710
12571	714	1	4	7	0	726
12572	4	4	706	4	0	718
12573	691	1	7	4	0	703
12574	9	2	4	725	0	740
12575	6	3	752	3	0	764
12576	4	765	5	6	0	780
12577	767	6	3	8	0	784
12578	6	6	733	0	0	745
12579	732	3	6	3	0	744
12580	8	1	4	742	0	755
12581	729	0	3	7	0	739
12582	6	3	766	6	0	781
12583	8	0	4	773	0	785
12584	800	0	6	8	0	814
12585	798	1	4	7	0	810
12586	832	0	2	6	0	840
12587	829	0	3	8	0	840
12588	7	1	3	818	0	829
12589	10	0	2	813	0	825
12590	7	2	817	8	0	834
12591	5	0	6	806	0	817
12592	9	0	5	778	0	792
12593	4	845	1	9	0	859
12594	853	6	3	10	0	872
12595	883	6	0	5	0	894
12596	17	943	1	1	0	962
12597	9	12	2	933	0	956
12598	12	4	0	943	0	959
12599	910	2	3	19	0	934
12600	15	2	944	10	0	971
12601	8	0	13	955	0	976
12602	1	5	988	15	0	1009
12603	942	0	12	12	0	966
12604	959	0	6	8	0	973
12605	966	4	0	2	0	972
12606	19	0	3	946	0	968
12607	13	1	1	952	0	967
12608	943	3	1	23	0	970
12609	16	0	936	7	0	959
12610	7	2	12	929	0	950
12611	940	1	4	18	0	963
12612	17	2	6	949	0	974
12613	12	7	990	16	0	1025
12614	6	1	965	6	0	978
12615	961	3	17	9	0	990
12616	13	1012	6	9	0	1040
12617	1010	11	2	8	0	1031
12618	1034	5	4	9	0	1052
12619	23	1	3	1030	0	1057
12620	10	5	1	1024	0	1040
12621	3	1023	5	19	0	1050
12622	994	11	2	13	0	1020
12623	15	1014	5	2	0	1036
12624	9	992	1	7	0	1009
12625	3	15	3	942	0	963
12626	932	6	3	17	0	958
12627	958	3	1	9	0	971
12628	20	2	4	964	0	990
12629	11	2	1	943	0	957
12630	5	4	1	955	0	965
12631	941	0	0	23	0	964
12632	14	2	951	9	0	976
12633	9	954	13	3	0	979
12634	952	10	4	15	0	981
12635	16	8	1	940	0	965
12636	10	2	918	13	0	943
12637	3	1	898	11	0	913
12638	4	912	18	4	0	938
12639	4	923	5	4	0	936
12640	5	18	1	879	0	903
12641	4	802	4	15	0	825
12642	4	12	2	896	0	914
12643	5	8	2	925	0	940
12644	918	4	2	26	0	950
12645	16	5	2	932	0	955
12646	11	1	1	938	0	951
12647	1	3	932	20	0	956
12648	4	3	14	962	0	983
12649	976	3	7	20	0	1006
12650	993	4	1	9	0	1007
12651	25	1001	1	4	0	1031
12652	1004	17	0	12	0	1033
12653	20	9	985	6	0	1020
12654	8	972	15	8	0	1003
12655	7	18	6	967	0	998
12656	7	6	4	994	0	1011
12657	2	5	3	1028	0	1038
12658	1011	3	1	29	0	1044
12659	955	0	7	11	0	973
12660	24	4	1004	8	0	1040
12661	10	3	1016	5	0	1034
12662	7	2	1046	5	0	1060
12663	6	1064	22	5	0	1097
12664	6	1082	7	4	0	1099
12665	1071	22	5	7	0	1105
12666	1069	9	5	13	0	1096
12667	32	3	1	1069	0	1105
12668	12	2	2	1054	0	1070
12669	3	1068	5	25	0	1101
12670	8	19	5	1098	0	1130
12671	6	7	1097	23	0	1133
12672	5	1095	22	9	0	1131
12673	6	21	7	1107	0	1141
12674	7	6	1102	25	0	1140
12675	8	6	23	1017	0	1054
12676	2	1076	6	29	0	1113
12677	1092	23	2	15	0	1132
12678	1093	10	2	12	0	1117
12679	1150	2	0	15	0	1167
12680	30	4	5	1158	0	1197
12681	13	5	3	1186	0	1207
12682	1161	4	1	38	0	1204
12683	30	1151	7	11	0	1199
12684	1152	28	3	10	0	1193
12685	29	8	1200	5	0	1242
12686	1202	14	31	5	0	1252
12687	1243	4	6	8	0	1261
12688	41	2	3	1227	0	1273
12689	1246	2	3	30	0	1281
12690	1283	3	1	13	0	1300
12691	36	0	2	1279	0	1317
12692	16	4	1254	29	0	1303
12693	1188	4	24	12	0	1228
12694	31	2	1331	6	0	1370
12695	9	1320	27	4	0	1360
12696	9	19	6	1292	0	1326
12697	8	5	4	1339	0	1356
12698	1425	4	2	30	0	1461
12699	32	2	1450	9	0	1493
12700	13	2	30	1354	0	1399
12701	7	1405	8	28	0	1448
12702	5	1406	8	9	0	1428
12703	6	36	5	1415	0	1462
12704	10	11	1405	31	0	1457
12705	9	5	31	1409	0	1454
12706	3	6	7	1435	0	1451
12707	7	5	1383	35	0	1430
12708	6	1402	30	12	0	1450
12709	1373	27	6	15	0	1421
12710	29	1418	10	4	0	1461
12711	13	36	4	1411	0	1464
12712	1391	7	8	39	0	1445
12713	25	1385	10	7	0	1427
12714	11	32	1393	11	0	1447
12715	1355	8	30	11	0	1404
12716	34	1425	9	6	0	1474
12717	1424	31	3	11	0	1469
12718	41	28	1351	4	0	1424
12719	1361	8	28	15	0	1412
12720	40	4	9	1386	0	1439
12721	14	6	1378	34	0	1432
12722	9	9	30	1328	0	1376
12723	10	1332	14	32	0	1388
12724	12	28	8	1372	0	1420
12725	11	12	9	1382	0	1414
12726	14	9	1354	36	0	1413
12727	7	4	31	1338	0	1380
12728	21	6	1136	35	0	1198
12729	8	1317	25	17	0	1367
12730	13	28	12	1325	0	1378
12731	13	10	1310	37	0	1370
12732	11	1297	30	14	0	1352
12733	16	1328	8	16	0	1368
12734	6	35	1310	11	0	1362
12735	15	9	1306	10	0	1340
12736	13	9	32	1278	0	1332
12737	1272	7	11	34	0	1324
12738	35	1276	11	11	0	1333
12739	13	35	7	1269	0	1324
12740	1267	7	3	43	0	1320
12741	33	1271	7	13	0	1324
12742	1241	29	4	19	0	1293
12743	39	1287	7	10	0	1343
12744	1278	36	9	17	0	1340
12745	1289	8	5	22	0	1324
12746	1299	7	15	13	0	1334
12747	40	1326	6	13	0	1385
12748	15	36	5	1336	0	1392
12749	13	11	1288	32	0	1344
12750	8	1297	31	15	0	1351
12751	18	31	18	1241	0	1308
12752	16	12	18	1266	0	1312
12753	13	7	1237	33	0	1290
12754	9	1232	30	16	0	1287
12755	1215	31	9	16	0	1271
12756	34	1214	16	9	0	1273
12757	16	35	3	1185	0	1239
12758	11	8	1182	31	0	1232
12759	1131	12	27	21	0	1191
12760	34	6	7	1192	0	1239
12761	15	8	1161	27	0	1211
12762	1072	9	25	16	0	1122
12763	28	1104	13	10	0	1155
12764	1112	29	9	11	0	1161
12765	1121	14	4	14	0	1153
12766	35	8	8	1089	0	1140
12767	10	10	1116	32	0	1168
12768	11	1094	30	13	0	1148
12769	9	27	1098	12	0	1146
12770	8	16	28	1057	0	1109
12771	12	6	7	1108	0	1133
12772	1074	14	10	27	0	1125
12773	22	5	1046	17	0	1090
12774	9	1047	29	12	0	1097
12775	10	29	8	1020	0	1067
12776	10	5	9	1052	0	1076
12777	1027	8	5	27	0	1067
12778	22	1031	9	11	0	1073
12779	14	24	3	975	0	1016
12780	935	5	6	21	0	967
12781	19	934	4	8	0	965
12782	915	15	3	12	0	945
12783	914	7	10	4	0	935
12784	19	902	2	9	0	932
12785	807	15	2	6	0	830
12786	16	814	4	5	0	839
12787	808	16	0	7	0	831
12788	797	5	2	7	0	811
12789	20	787	3	1	0	811
12790	747	19	0	1	0	767
12791	753	6	3	6	0	768
12792	756	2	2	4	0	764
12793	20	5	726	2	0	753
12794	5	5	613	1	0	624
12795	4	2	628	5	0	639
12796	605	2	13	4	0	624
12797	17	4	571	0	0	592
12798	3	2	458	2	0	465
12799	2	2	7	413	0	424
12800	426	0	4	7	0	437
12801	7	1	416	4	0	428
12802	2	1	462	0	0	465
12803	3	4	7	456	0	470
12804	1	0	4	482	0	487
12805	4	0	3	488	0	495
12806	2	4	487	7	0	500
12807	3	1	6	475	0	485
12808	473	0	3	8	0	484
12809	5	481	5	4	0	495
12810	6	7	0	458	0	471
12811	2	4	2	462	0	470
12812	2	2	482	9	0	495
12813	4	480	6	4	0	494
12814	472	10	2	3	0	487
12815	12	481	1	1	0	495
12816	6	8	1	474	0	489
12817	4	2	480	7	0	493
12818	4	3	10	496	0	513
12819	4	2	6	516	0	528
12820	539	1	3	11	0	554
12821	9	1	3	513	0	526
12822	5	507	5	8	0	525
12823	4	539	5	6	0	554
12824	5	7	545	6	0	563
12825	542	5	11	1	0	559
12826	7	3	6	557	0	573
12827	4	0	6	559	0	569
12828	10	2	0	564	0	576
12829	578	0	5	18	0	601
12830	7	591	5	8	0	611
12831	592	7	2	11	0	612
12832	12	4	558	6	0	580
12833	6	7	552	3	0	568
12834	570	3	12	4	0	589
12835	11	1	7	564	0	583
12836	6	1	3	566	0	576
12837	4	4	5	566	0	579
12838	3	3	564	12	0	582
12839	545	1	7	10	0	563
12840	563	6	6	6	0	581
12841	556	4	6	5	0	571
12842	12	1	5	545	0	563
12843	27	2	498	12	0	539
12844	8	0	509	7	0	524
12845	8	4	531	7	0	550
12846	5	521	10	9	0	545
12847	18	7	5	450	0	480
12848	453	6	8	8	0	475
12849	8	3	456	3	0	470
12850	457	1	6	9	0	473
12851	10	3	5	459	0	477
12852	9	3	4	451	0	467
12853	7	447	0	14	0	468
12854	9	459	1	11	0	480
12855	6	467	7	5	0	485
12856	6	8	7	465	0	486
12857	467	6	5	7	0	485
12858	475	5	5	6	0	491
12859	7	2	464	10	0	483
12860	454	1	7	8	0	470
12861	10	1	459	10	0	480
12862	8	1	10	466	0	485
12863	12	3	472	6	0	493
12864	461	1	9	6	0	477
12865	9	3	4	477	0	493
12866	11	2	504	8	0	525
12867	7	2	459	6	0	474
12868	456	0	13	7	0	476
12869	476	3	10	9	0	498
12870	8	479	9	8	0	504
12871	7	6	5	488	0	506
12872	8	3	490	11	0	512
12873	8	6	494	5	0	513
12874	8	2	9	506	0	525
12875	511	3	6	11	0	531
12876	7	510	8	7	0	532
12877	4	6	5	520	0	535
12878	516	9	4	7	0	536
12879	7	8	4	509	0	528
12880	4	518	2	16	0	540
12881	8	6	3	532	0	549
12882	539	4	5	8	0	556
12883	14	5	2	541	0	562
12884	531	2	8	8	0	549
12885	13	529	5	6	0	553
12886	532	5	8	14	0	559
12887	13	1	524	6	0	544
12888	512	5	10	6	0	533
12889	545	2	5	9	0	561
12890	7	572	9	5	0	593
12891	10	5	6	566	0	587
12892	10	3	567	6	0	586
12893	9	6	542	3	0	560
12894	530	1	5	5	0	541
12895	502	3	8	5	0	518
12896	8	526	8	5	0	547
12897	5	535	3	8	0	551
12898	526	6	6	3	0	541
12899	4	531	2	5	0	542
12900	7	553	3	6	0	569
12901	10	7	2	558	0	577
12902	5	6	4	540	0	555
12903	6	6	529	7	0	548
12904	8	0	3	531	0	542
12905	521	6	5	8	0	540
12906	4	1	522	11	0	538
12907	8	2	512	5	0	527
12908	8	4	6	514	0	532
12909	9	1	4	539	0	553
12910	7	3	7	539	0	556
12911	9	2	550	8	0	569
12912	8	1	7	523	0	539
12913	10	1	5	524	0	540
12914	512	2	5	9	0	528
12915	5	537	1	7	0	550
12916	534	3	2	7	0	546
12917	8	4	528	1	0	541
12918	488	2	4	4	0	498
12919	7	513	4	3	0	527
12920	476	1	0	0	0	477
12921	1	473	1	0	0	475
12922	457	1	0	3	0	461
12923	2	449	1	1	0	453
12924	2	442	0	1	0	445
12925	5	3	0	437	0	445
12926	433	1	0	2	0	436
12927	426	0	1	3	0	430
12928	431	1	0	1	0	433
12929	3	0	427	1	0	431
12930	2	1	412	0	0	415
12931	2	0	2	430	0	434
12932	1	429	2	1	0	433
12933	1	453	0	1	0	455
12934	2	1	0	448	0	451
12935	454	2	1	4	0	461
12936	452	0	0	2	0	454
12937	451	0	1	2	0	454
12938	2	1	489	0	0	492
12939	3	0	2	482	0	487
12940	1	1	484	2	0	488
12941	474	2	2	2	0	480
12942	497	1	2	1	0	501
12943	6	0	507	0	0	513
12944	3	2	3	502	0	510
12945	514	3	1	5	0	523
12946	4	1	0	509	0	514
12947	2	1	1	504	0	508
12948	1	1	4	509	0	515
12949	552	0	0	7	0	559
12950	5	0	0	611	0	616
12951	651	1	2	11	0	665
12952	6	708	1	3	0	718
12953	6	9	0	740	0	755
12954	6	3	0	730	0	739
12955	1	3	1	741	0	746
12956	735	1	1	16	0	753
12957	11	0	0	728	0	739
12958	4	0	1	738	0	743
12959	743	0	1	16	0	760
12960	744	1	1	8	0	754
12961	757	0	1	2	0	760
12962	15	1	728	1	0	745
12963	6	3	683	3	0	695
12964	726	1	10	5	0	742
12965	14	0	5	722	0	741
12966	10	1	2	702	0	715
12967	728	1	2	18	0	749
12968	717	1	1	12	0	731
12969	708	2	0	4	0	714
12970	17	704	1	2	0	724
12971	716	12	0	3	0	731
12972	708	4	2	1	0	715
12973	15	702	2	2	0	721
12974	8	724	0	0	0	732
12975	8	14	0	728	0	750
12976	731	3	0	13	0	747
12977	738	2	0	4	0	744
12978	742	1	0	4	0	747
12979	17	2	0	719	0	738
12980	719	2	0	15	0	736
12981	17	2	703	5	0	727
12982	695	0	9	4	0	708
12983	18	2	686	1	0	707
12984	4	2	672	4	0	682
12985	5	0	12	669	0	686
12986	677	2	4	18	0	701
12987	16	0	1	681	0	698
12988	7	1	683	15	0	706
12989	3	1	703	9	0	716
12990	7	0	11	683	0	701
12991	678	0	5	15	0	698
12992	11	727	2	7	0	747
12993	8	11	3	734	0	756
12994	5	2	3	749	0	759
12995	7	2	759	14	0	782
12996	9	1	754	4	0	768
12997	5	1	13	799	0	818
12998	805	2	7	17	0	831
12999	14	1	795	10	0	820
13000	13	0	10	765	0	788
13001	7	5	3	771	0	786
13002	5	3	1	784	0	793
13003	764	2	1	18	0	785
13004	18	3	706	12	0	739
13005	13	750	8	5	0	776
13006	10	11	4	764	0	789
13007	6	4	753	16	0	779
13008	13	729	12	6	0	760
13009	8	766	5	6	0	785
13010	752	13	4	7	0	776
13011	19	743	4	7	0	773
13012	762	11	7	9	0	789
13013	23	4	761	6	0	794
13014	8	3	11	780	0	802
13015	749	1	6	19	0	775
13016	18	754	3	13	0	788
13017	14	12	747	7	0	780
13018	18	3	16	681	0	718
13019	3	756	6	16	0	781
13020	18	11	5	786	0	820
13021	793	7	5	23	0	828
13022	19	807	5	12	0	843
13023	808	15	4	12	0	839
13024	819	7	5	18	0	849
13025	32	3	819	8	0	862
13026	16	862	18	7	0	903
13027	12	16	10	904	0	942
13028	12	7	939	26	0	984
13029	13	4	989	13	0	1019
13030	15	3	37	1009	0	1064
13031	1058	5	14	27	0	1104
13032	1059	3	12	16	0	1090
13033	41	3	12	1049	0	1105
13034	15	4	1057	34	0	1110
13035	16	1051	25	16	0	1108
13036	1069	26	14	23	0	1132
13037	1099	12	7	13	0	1131
13038	38	1072	10	7	0	1127
13039	1101	28	11	10	0	1150
13040	36	14	1078	7	0	1135
13041	1076	9	28	3	0	1116
13042	1023	7	18	8	0	1056
13043	34	6	1053	8	0	1101
13044	29	4	32	1038	0	1103
13045	10	9	1054	24	0	1097
13046	11	1013	26	18	0	1068
13047	12	1042	19	6	0	1079
13048	6	35	9	993	0	1043
13049	13	12	1020	30	0	1075
13050	4	950	23	13	0	990
13051	2	931	12	6	0	951
13052	857	27	4	6	0	894
13053	852	10	3	4	0	869
13054	25	5	0	855	0	885
13055	14	3	1	836	0	854
13056	6	858	1	23	0	888
13057	842	15	0	14	0	871
13058	849	9	1	7	0	866
13059	26	849	2	4	0	881
13060	14	16	1	856	0	887
13061	5	11	855	16	0	887
13062	7	3	14	853	0	877
13063	879	3	9	22	0	913
13064	16	3	5	882	0	906
13065	12	1	5	905	0	923
13066	886	2	1	32	0	921
13067	27	1	3	864	0	895
13068	15	900	2	19	0	936
13069	7	18	0	918	0	943
13070	6	8	8	919	0	941
13071	1	4	4	919	0	928
13072	4	906	2	31	0	943
13073	10	15	1	906	0	932
13074	4	11	879	22	0	916
13075	2	5	18	905	0	930
13076	3	4	913	21	0	941
13077	2	899	20	14	0	935
13078	10	20	13	913	0	956
13079	8	10	5	919	0	942
13080	5	4	6	930	0	945
13081	6	5	7	924	0	942
13082	3	7	905	33	0	948
13083	7	889	19	23	0	938
13084	11	18	11	903	0	943
13085	4	9	910	22	0	945
13086	7	4	23	925	0	959
13087	910	8	16	24	0	958
13088	26	5	881	16	0	928
13089	861	6	20	11	0	898
13090	26	3	11	881	0	921
13091	14	5	886	26	0	931
13092	7	860	25	14	0	906
13093	10	24	10	857	0	901
13094	11	15	884	24	0	934
13095	10	871	24	13	0	918
13096	4	25	15	857	0	901
13097	842	10	6	29	0	887
13098	854	9	9	17	0	889
13099	873	7	3	8	0	891
13100	38	3	860	13	0	914
13101	20	895	26	7	0	948
13102	10	27	10	901	0	948
13103	10	18	8	970	0	1006
13104	994	9	8	45	0	1056
13105	27	1034	5	17	0	1083
13106	1030	28	3	19	0	1080
13107	1047	18	2	17	0	1084
13108	1084	8	1	12	0	1105
13109	46	10	1025	8	0	1089
13110	1053	2	29	14	0	1098
13111	37	3	15	1048	0	1103
13112	22	5	7	1061	0	1095
13113	1027	4	7	45	0	1083
13114	39	7	2	1015	0	1063
13115	18	1011	5	38	0	1072
13116	14	26	5	1018	0	1063
13117	988	17	6	40	0	1051
13118	29	4	980	30	0	1043
13119	21	971	29	7	0	1028
13120	8	25	11	952	0	996
13121	931	14	6	38	0	989
13122	26	4	921	23	0	974
13123	19	39	23	889	0	970
13124	9	17	905	31	0	962
13125	13	5	879	19	0	916
13126	7	5	855	10	0	877
13127	6	4	814	11	0	835
13128	5	0	780	5	0	790
13129	685	4	22	5	0	716
13130	15	692	11	6	0	724
13131	656	11	9	8	0	684
13132	658	7	6	8	0	679
13133	17	658	4	7	0	686
13134	11	678	2	6	0	697
13135	664	15	11	10	0	700
13136	672	7	3	8	0	690
13137	17	2	7	641	0	667
13138	9	666	3	12	0	690
13139	660	12	3	11	0	686
13140	14	669	4	6	0	693
13141	12	11	6	676	0	705
13142	676	9	2	14	0	701
13143	676	4	3	11	0	694
13144	21	4	3	672	0	700
13145	10	6	1	684	0	701
13146	8	5	664	17	0	694
13147	15	2	11	655	0	683
13148	9	4	670	15	0	698
13149	7	2	12	637	0	658
13150	6	3	13	644	0	666
13151	631	2	4	25	0	662
13152	629	2	5	16	0	652
13153	18	3	620	7	0	648
13154	619	1	12	6	0	638
13155	20	4	7	623	0	654
13156	10	5	627	15	0	657
13157	7	2	14	632	0	655
13158	11	2	10	657	0	680
13159	4	3	660	20	0	687
13160	7	3	12	659	0	681
13161	4	4	654	20	0	682
13162	11	2	15	679	0	707
13163	698	0	6	19	0	723
13164	19	708	4	12	0	743
13165	710	20	7	12	0	749
13166	20	737	9	8	0	774
13167	716	15	5	14	0	750
13168	19	690	11	5	0	725
13169	674	18	6	12	0	710
13170	26	679	2	4	0	711
13171	15	24	2	675	0	716
13172	11	12	677	20	0	720
13173	7	14	663	12	0	696
13174	17	7	24	653	0	701
13175	641	9	9	24	0	683
13176	26	669	6	11	0	712
13177	12	22	6	682	0	722
13178	6	11	688	28	0	733
13179	6	5	717	11	0	739
13180	12	4	29	655	0	700
13181	7	697	10	25	0	739
13182	695	19	4	12	0	730
13183	19	18	703	9	0	749
13184	11	1	705	11	0	728
13185	5	720	34	5	0	764
13186	708	23	16	9	0	756
13187	722	11	8	11	0	752
13188	29	9	4	715	0	757
13189	727	4	10	18	0	759
13190	725	3	12	16	0	756
13191	29	717	12	3	0	761
13192	702	28	4	4	0	738
13193	32	10	712	4	0	758
13194	19	6	19	688	0	732
13195	12	2	11	709	0	734
13196	690	5	4	28	0	727
13197	25	686	6	9	0	726
13198	691	27	2	6	0	726
13199	25	702	5	6	0	738
13200	10	674	9	8	0	701
13201	8	17	630	12	0	667
13202	9	12	619	9	0	649
13203	553	17	19	3	0	592
13204	559	10	13	2	0	584
13205	23	2	515	3	0	543
13206	7	497	14	2	0	520
13207	4	514	9	2	0	529
13208	499	12	11	4	0	526
13209	505	7	6	7	0	525
13210	25	3	0	517	0	545
13211	528	1	3	13	0	545
13212	12	6	9	520	0	547
13213	7	10	523	13	0	553
13214	6	8	498	4	0	516
13215	522	3	14	4	0	543
13216	24	0	6	523	0	553
13217	9	563	4	16	0	592
13218	591	12	4	8	0	615
13219	591	9	3	8	0	611
13220	17	5	602	0	0	624
13221	593	3	15	10	0	621
13222	623	2	6	7	0	638
13223	21	5	6	603	0	635
13224	13	590	3	14	0	620
13225	12	587	4	7	0	610
13226	14	18	6	633	0	671
13227	8	9	9	618	0	644
13228	15	5	3	643	0	666
13229	9	5	628	23	0	665
13230	8	6	596	13	0	623
13231	8	9	17	607	0	641
13232	6	9	603	15	0	633
13233	3	3	594	16	0	616
13234	8	1	20	579	0	608
13235	3	5	628	22	0	658
13236	4	618	25	9	0	656
13237	678	15	16	12	0	721
13238	20	10	8	683	0	721
13239	7	677	11	23	0	718
13240	8	18	702	9	0	737
13241	7	6	24	706	0	743
13242	6	6	754	23	0	789
13243	13	6	27	735	0	781
13244	12	3	8	780	0	803
13245	6	11	786	32	0	835
13246	6	7	26	757	0	796
13247	5	758	15	23	0	801
13248	5	25	10	822	0	862
13249	8	6	827	27	0	868
13250	6	8	21	829	0	864
13251	813	5	10	34	0	862
13252	25	809	10	9	0	853
13253	9	24	5	825	0	863
13254	8	5	858	27	0	898
13255	6	828	26	15	0	875
13256	2	863	16	10	0	891
13257	8	23	827	12	0	870
13258	7	11	22	797	0	837
13259	5	6	6	806	0	823
13260	6	1	803	23	0	833
13261	3	768	20	8	0	799
13262	4	790	4	7	0	805
13263	745	11	8	2	0	766
13264	12	732	2	8	0	754
13265	730	18	2	3	0	753
13266	18	7	1	706	0	732
13267	740	4	1	22	0	767
13268	15	2	753	6	0	776
13269	765	1	12	9	0	787
13270	17	2	6	792	0	817
13271	4	791	7	11	0	813
13272	810	9	3	7	0	829
13273	11	10	3	845	0	869
13274	5	860	2	11	0	878
13275	4	919	2	4	0	929
13276	881	13	12	7	0	913
13277	900	4	2	8	0	914
13278	903	4	0	5	0	912
13279	16	2	1	879	0	898
13280	7	855	2	13	0	877
13281	6	889	1	5	0	901
13282	2	11	2	899	0	914
13283	886	5	1	12	0	904
13284	841	3	0	16	0	860
13285	866	2	1	7	0	876
13286	16	3	834	4	0	857
13287	9	2	838	1	0	850
13288	890	2	12	3	0	907
13289	13	3	5	889	0	910
13290	5	1	3	912	0	921
13291	9	3	1	915	0	928
13292	3	2	2	923	0	930
13293	0	2	913	18	0	933
13294	3	3	12	902	0	920
13295	4	4	916	14	0	938
13296	858	1	14	8	0	881
13297	13	918	4	6	0	941
13298	3	10	7	943	0	963
13299	7	4	2	930	0	943
13300	914	6	3	17	0	940
13301	911	2	2	13	0	928
13302	921	4	1	9	0	935
13303	912	0	3	9	0	924
13304	18	3	910	5	0	936
13305	7	3	891	4	0	905
13306	6	3	16	932	0	957
13307	935	1	9	18	0	963
13308	924	2	7	11	0	944
13309	13	2	922	11	0	948
13310	7	3	13	894	0	917
13311	905	4	5	19	0	933
13312	13	1	5	915	0	934
13313	4	1	914	17	0	936
13314	10	2	12	890	0	914
13315	892	6	7	15	0	920
13316	13	992	7	6	0	1018
13317	977	16	1	12	0	1006
13318	964	5	2	11	0	982
13319	974	5	2	6	0	987
13320	24	3	1	972	0	1000
13321	966	3	2	15	0	986
13322	15	1023	4	3	0	1045
13323	5	1063	7	7	0	1082
13324	8	15	2	1056	0	1081
13325	1070	9	1	19	0	1099
13326	17	1114	1	7	0	1139
13327	1312	16	2	8	0	1338
13328	1404	8	1	8	0	1421
13329	29	1417	3	4	0	1453
13330	19	27	0	1427	0	1473
13331	16	6	2	1466	0	1490
13332	13	7	1474	34	0	1528
13333	18	6	25	1471	0	1520
13334	7	14	1501	36	0	1558
13335	9	1462	31	17	0	1519
13336	24	29	11	1468	0	1532
13337	1394	12	8	38	0	1452
13338	1405	5	6	24	0	1440
13339	40	4	5	1418	0	1467
13340	11	6	1385	30	0	1432
13341	1267	4	24	27	0	1322
13342	25	1308	15	13	0	1361
13343	17	1308	9	9	0	1343
13344	13	1329	6	19	0	1367
13345	22	39	6	1266	0	1333
13346	13	25	1340	23	0	1401
13347	17	10	20	1340	0	1387
13348	10	9	1377	21	0	1417
13349	8	12	1332	13	0	1365
13350	5	10	1368	10	0	1393
13351	10	8	30	1283	0	1331
13352	4	8	20	1376	0	1408
13353	9	4	14	1395	0	1422
13354	6	3	18	1339	0	1366
13355	1341	3	13	47	0	1404
13356	19	1341	14	22	0	1396
13357	1344	18	11	19	0	1392
13358	22	1394	9	14	0	1439
13359	16	21	5	1418	0	1460
13360	15	12	5	1440	0	1472
13361	1436	7	3	35	0	1481
13362	1439	9	1	27	0	1476
13363	1451	8	3	12	0	1474
13364	1455	14	0	13	0	1482
13365	1461	5	1	18	0	1485
13366	37	1438	2	10	0	1487
13367	1403	20	1	19	0	1443
13368	31	1414	4	11	0	1460
13369	1386	21	5	6	0	1418
13370	35	10	1375	9	0	1429
13371	31	8	19	1339	0	1397
13372	20	1399	8	15	0	1442
13373	24	25	3	1346	0	1398
13374	14	15	1329	25	0	1383
13375	20	10	21	1274	0	1325
13376	1242	14	14	33	0	1303
13377	25	1260	7	25	0	1317
13378	16	1293	15	13	0	1337
13379	9	34	1305	21	0	1369
13380	10	19	25	1277	0	1331
13381	8	1341	14	36	0	1399
13382	8	28	12	1372	0	1420
13383	6	14	1393	43	0	1456
13384	11	1356	31	22	0	1420
13385	8	33	1387	14	0	1442
13386	13	23	1374	16	0	1426
13387	16	11	36	1359	0	1422
13388	1379	15	15	39	0	1448
13389	28	14	13	1384	0	1439
13390	15	9	1409	31	0	1464
13391	11	13	32	1403	0	1459
13392	11	17	1450	29	0	1507
13393	6	10	1440	19	0	1475
13394	1454	10	43	23	0	1530
13395	1521	8	23	27	0	1579
13396	1525	3	20	26	0	1574
13397	28	5	1495	23	0	1551
13398	18	2	1489	16	0	1525
13399	16	1	47	1462	0	1526
13400	14	4	31	1515	0	1564
13401	1523	3	20	42	0	1588
13402	36	4	12	1517	0	1569
13403	20	4	1533	41	0	1598
13404	19	6	1477	29	0	1531
13405	17	1521	39	19	0	1596
13406	16	25	20	1549	0	1610
13407	19	15	1561	32	0	1627
13408	20	10	22	1552	0	1604
13409	1566	8	19	43	0	1636
13410	28	10	1582	31	0	1651
13411	24	5	33	1574	0	1636
13412	24	8	20	1599	0	1651
13413	22	12	1583	32	0	1649
13414	23	3	33	1551	0	1610
13415	16	7	1577	31	0	1631
13416	1442	6	31	30	0	1509
13417	36	6	24	1451	0	1517
13418	17	1471	18	32	0	1538
13419	1463	23	12	31	0	1529
13420	1456	10	16	28	0	1510
13421	31	1452	16	17	0	1516
13422	17	88	9	1280	0	1394
13423	10	1339	16	28	0	1393
13424	15	1356	7	17	0	1395
13425	26	28	1306	13	0	1373
13426	18	1226	28	10	0	1282
13427	10	26	991	2	0	1029
13428	832	3	8	8	0	851
13429	864	2	4	6	0	876
13430	4	903	1	2	0	910
13431	2	902	1	1	0	906
13432	0	952	3	1	0	956
13433	998	4	1	7	0	1010
13434	7	1	2	1018	0	1028
13435	3	1	1097	6	0	1107
13436	2	1101	8	2	0	1113
13437	1	11	1	1126	0	1139
13438	3	3	0	1110	0	1116
13439	2	1326	0	8	0	1336
13440	1375	18	0	5	0	1398
13441	24	2	1408	2	0	1436
13442	8	3	23	1600	0	1634
13443	0	1773	3	25	0	1801
13444	1764	27	4	14	0	1809
13445	30	8	1763	7	0	1808
13446	7	1725	27	2	0	1761
13447	11	28	6	1717	0	1762
13448	4	8	1708	30	0	1750
13449	1670	5	30	8	0	1713
13450	35	3	8	1691	0	1737
13451	6	2	1709	33	0	1750
13452	6	1709	36	6	0	1757
13453	1648	30	6	16	0	1700
13454	28	1701	9	5	0	1743
13455	1695	35	4	6	0	1740
13456	1713	6	4	11	0	1734
13457	37	8	7	1671	0	1723
13458	13	1604	5	40	0	1662
13459	12	28	1627	8	0	1675
13460	12	7	35	1627	0	1681
13461	24	14	17	1319	0	1374
13462	12	1	10	1643	0	1666
13463	14	4	7	1652	0	1677
13464	16	3	5	1663	0	1687
13465	1630	2	6	44	0	1682
13466	1582	5	5	30	0	1622
13467	1562	3	7	15	0	1587
13468	39	1571	8	9	0	1627
13469	15	29	1589	10	0	1643
13470	14	5	1578	12	0	1609
13471	4	8	1603	11	0	1626
13472	14	8	43	1536	0	1601
13473	20	5	18	1579	0	1622
13474	12	8	10	1596	0	1626
13475	6	8	1565	49	0	1628
13476	8	1528	39	22	0	1597
13477	6	32	1542	15	0	1595
13478	7	17	1572	18	0	1614
13479	12	6	47	1540	0	1605
13480	12	12	1591	38	0	1653
13481	16	6	48	1529	0	1599
13482	1529	15	12	43	0	1599
13483	1523	13	11	19	0	1566
13484	45	7	1506	12	0	1570
13485	21	5	41	1488	0	1555
13486	12	13	1491	48	0	1564
13487	11	1495	46	15	0	1567
13488	1500	40	13	22	0	1575
13489	40	13	1505	15	0	1573
13490	13	1432	38	13	0	1496
13491	18	1444	17	11	0	1490
13492	13	1428	19	22	0	1482
13493	9	44	1344	19	0	1416
13494	15	16	37	1256	0	1324
13495	13	1308	20	38	0	1379
13496	15	40	13	1321	0	1389
13497	18	14	12	1355	0	1399
13498	1316	14	15	50	0	1395
13499	42	1327	16	23	0	1408
13500	1290	41	8	20	0	1359
13501	47	1276	11	22	0	1356
13502	22	1332	14	12	0	1380
13503	24	43	1279	15	0	1361
13504	13	31	45	1243	0	1332
13505	9	19	1267	43	0	1338
13506	8	1257	51	20	0	1336
13507	16	39	1256	19	0	1330
13508	10	12	1254	28	0	1304
13509	15	1236	43	25	0	1319
13510	1201	46	20	20	0	1287
13511	47	1231	11	21	0	1310
13512	1243	48	15	16	0	1322
13513	49	16	1233	16	0	1314
13514	18	11	1252	17	0	1298
13515	8	1241	51	21	0	1321
13516	1222	43	24	23	0	1312
13517	44	1232	23	17	0	1316
13518	22	41	15	1242	0	1320
13519	1263	18	10	49	0	1340
13520	50	17	1253	21	0	1341
13521	14	9	60	1275	0	1358
13522	1245	14	31	49	0	1339
13523	43	1260	24	16	0	1343
13524	17	49	19	1252	0	1337
13525	12	8	1257	61	0	1338
13526	1246	19	47	24	0	1336
13527	50	21	16	1264	0	1351
13528	15	13	1261	55	0	1344
13529	20	9	61	1217	0	1307
13530	16	1233	17	56	0	1322
13531	11	50	1231	17	0	1309
13532	12	9	55	1174	0	1250
13533	1101	9	15	56	0	1181
13534	56	15	21	1056	0	1148
13535	988	10	16	45	0	1059
13536	44	968	16	18	0	1046
13537	959	42	14	16	0	1031
13538	38	21	922	8	0	989
13539	10	12	748	8	0	778
13540	11	4	669	8	0	692
13541	7	629	36	7	0	679
13542	40	15	22	239	0	316
13543	1	2	2	240	0	245
13544	3	0	2	229	0	234
13545	0	1	1	246	0	248
13546	1	2	237	8	0	248
13547	213	1	9	0	0	223
13548	9	237	0	1	0	247
13549	230	10	1	1	0	242
13550	9	1	1	236	0	247
13551	1	226	0	6	0	233
13552	3	10	0	229	0	242
13553	225	1	0	8	0	234
13554	8	229	1	1	0	239
13555	231	9	0	1	0	241
13556	234	0	2	0	0	236
13557	9	0	0	240	0	249
13558	1	0	233	9	0	243
13559	224	1	9	0	0	234
13560	9	1	0	247	0	257
13561	245	0	1	10	0	256
13562	253	1	0	0	0	254
13563	250	0	0	2	0	252
13564	9	0	246	0	0	255
13565	0	0	10	246	0	256
13566	245	2	0	10	0	257
13567	10	0	282	0	0	292
13568	0	285	10	1	0	296
13569	2	9	0	270	0	281
13570	1	0	288	10	0	299
13571	0	0	283	0	0	283
13572	1	1	9	265	0	276
13573	3	0	0	290	0	293
13574	0	1	1	294	0	296
13575	1	0	1	283	0	285
13576	0	0	281	9	0	290
13577	1	272	9	0	0	282
13578	0	10	0	268	0	278
13579	258	0	1	12	0	271
13580	252	0	0	0	0	252
13581	250	1	0	3	0	254
13582	10	0	2	237	0	249
13583	1	0	0	234	0	235
13584	1	213	0	9	0	223
13585	0	232	0	1	0	233
13586	4	9	0	223	0	236
13587	214	0	0	9	0	223
13588	215	0	0	1	0	216
13589	216	0	0	0	0	216
13590	212	0	0	0	0	212
13591	212	0	0	1	0	213
13592	8	205	0	0	0	213
13593	0	8	0	210	0	218
13594	206	0	0	8	0	214
13595	214	0	0	1	0	215
13596	8	0	0	207	0	215
13597	0	0	0	216	0	216
13598	0	0	221	8	0	229
13599	1	0	8	214	0	223
13600	1	0	0	226	0	227
13601	0	0	236	7	0	243
13602	0	6	6	221	0	233
13603	0	255	1	4	0	260
13604	0	6	260	0	0	266
13605	0	263	6	0	0	269
13606	0	4	0	240	0	244
13607	2	0	0	255	0	257
13608	0	251	0	4	0	255
13609	0	261	1	0	0	262
13610	266	4	0	0	0	270
13611	268	0	0	0	0	268
13612	5	0	255	0	0	260
13613	299	0	5	4	0	308
13614	330	0	0	2	0	332
13615	335	0	0	1	0	336
13616	335	0	0	0	0	335
13617	5	0	318	1	0	324
13618	0	0	280	0	0	280
13619	299	0	3	1	0	303
13620	3	330	1	0	0	334
13621	1	3	318	0	0	322
13622	318	0	3	0	0	321
13623	327	0	0	3	0	330
13624	4	0	331	0	0	335
13625	321	1	1	0	0	323
13626	2	0	0	363	0	365
13627	1	1	377	2	0	381
13628	340	1	2	1	0	344
13629	2	375	0	0	0	377
13630	399	2	0	0	0	401
13631	422	0	1	5	0	428
13632	2	0	0	423	0	425
13633	3	0	0	429	0	432
13634	0	0	0	441	0	441
13635	446	0	0	4	0	450
13636	458	0	2	0	0	460
13637	4	0	0	456	0	460
13638	1	0	0	466	0	467
13639	1	0	461	4	0	466
13640	441	0	3	1	0	445
13641	3	1	1	474	0	479
13642	1	0	0	474	0	475
13643	0	462	0	4	0	466
13644	1	3	0	476	0	480
13645	0	1	0	479	0	480
13646	467	0	0	6	0	473
13647	2	471	0	1	0	474
13648	1	3	0	484	0	488
13649	0	1	0	481	0	482
13650	2	0	0	499	0	501
13651	1	1	490	6	0	498
13652	0	0	5	486	0	491
13653	476	0	1	7	0	484
13654	6	0	492	1	0	499
13655	2	0	6	492	0	500
13656	0	0	1	510	0	511
13657	506	0	0	8	0	514
13658	492	0	0	5	0	497
13659	7	0	495	1	0	503
13660	452	0	7	4	0	463
13661	6	0	497	1	0	504
13662	495	0	6	0	0	501
13663	7	533	3	0	0	543
13664	556	7	0	3	0	566
13665	7	570	0	2	0	579
13666	625	8	0	3	0	636
13667	9	624	0	0	0	633
13668	1	8	1	629	0	639
13669	2	1	0	633	0	636
13670	3	0	1	644	0	648
13671	1	634	0	9	0	644
13672	1	9	0	633	0	643
13673	3	635	3	7	0	648
13674	3	10	0	641	0	654
13675	647	1	0	11	0	659
13676	648	1	2	4	0	655
13677	13	638	0	2	0	653
13678	2	11	1	648	0	662
13679	641	1	2	11	0	655
13680	13	644	0	3	0	660
13681	3	658	1	1	0	663
13682	652	13	0	4	0	669
13683	651	3	0	5	0	659
13684	14	658	1	1	0	674
13685	657	9	0	5	0	671
13686	10	4	0	663	0	677
13687	5	3	707	12	0	727
13688	690	4	10	7	0	711
13689	721	3	2	4	0	730
13690	12	4	719	4	0	739
13691	713	2	9	10	0	734
13692	752	2	2	5	0	761
13693	763	3	0	12	0	778
13694	12	768	1	7	0	788
13695	783	10	0	7	0	800
13696	780	3	2	3	0	788
13697	17	1	0	783	0	801
13698	11	2	0	797	0	810
13699	6	2	2	809	0	819
13700	797	2	3	14	0	816
13701	13	4	0	770	0	787
13702	802	1	1	17	0	821
13703	821	2	1	7	0	831
13704	13	4	2	805	0	824
13705	9	1	0	842	0	852
13706	5	1	2	847	0	855
13707	840	2	1	15	0	858
13708	10	834	3	7	0	854
13709	8	11	0	847	0	866
13710	6	4	1	872	0	883
13711	861	3	4	16	0	884
13712	862	3	1	8	0	874
13713	17	2	797	10	0	826
13714	9	4	798	5	0	816
13715	840	5	13	8	0	866
13716	19	2	4	861	0	886
13717	8	6	0	1034	0	1048
13718	10	2	1027	27	0	1066
13719	8	1	24	1001	0	1034
13720	6	1021	3	24	0	1054
13721	6	1075	2	12	0	1095
13722	1051	24	3	10	0	1088
13723	31	5	1040	6	0	1082
13724	9	1083	22	2	0	1116
13725	7	28	3	1093	0	1131
13726	7	3	1071	26	0	1107
13727	8	5	24	1047	0	1084
13728	13	4	4	1051	0	1072
13729	8	2	1071	27	0	1108
13730	3	1068	26	9	0	1106
13731	7	25	5	1050	0	1087
13732	1047	3	3	29	0	1082
13733	1059	2	7	9	0	1077
13734	1056	1	4	11	0	1072
13735	30	1036	5	6	0	1077
13736	1037	20	2	7	0	1066
13737	31	12	3	1027	0	1073
13738	6	6	1019	24	0	1055
13739	1010	3	23	7	0	1043
13740	27	1038	4	7	0	1076
13741	5	25	1	1038	0	1069
13742	7	4	2	1037	0	1050
13743	11	1010	6	25	0	1052
13744	7	34	2	1044	0	1087
13745	6	4	7	1049	0	1066
13746	7	6	7	1077	0	1097
13747	1051	5	5	32	0	1093
13748	1042	6	3	23	0	1074
13749	29	13	1055	12	0	1109
13750	15	6	26	1045	0	1092
13751	15	8	9	1074	0	1106
13752	9	14	5	1086	0	1114
13753	1065	4	5	41	0	1115
13754	28	6	1047	13	0	1094
13755	1012	6	26	17	0	1061
13756	1063	5	6	21	0	1095
13757	29	4	11	1032	0	1076
13758	1041	3	8	30	0	1082
13759	34	5	1002	19	0	1060
13760	957	9	19	18	0	1003
13761	31	1096	6	13	0	1146
13762	14	25	1090	11	0	1140
13763	14	6	1097	11	0	1128
13764	18	10	24	1083	0	1135
13765	15	7	1113	28	0	1163
13766	1038	6	26	10	0	1080
13767	26	1039	5	6	0	1076
13768	1039	23	4	18	0	1084
13769	28	6	6	1060	0	1100
13770	12	3	1073	31	0	1119
13771	7	8	1070	12	0	1097
13772	11	9	19	1089	0	1128
13773	1102	3	8	44	0	1157
13774	24	1092	7	18	0	1141
13775	12	1174	4	18	0	1208
13776	1176	20	6	20	0	1222
13777	29	1179	7	14	0	1229
13778	1185	23	5	16	0	1229
13779	33	6	4	1191	0	1234
13780	1195	5	7	30	0	1237
13781	29	2	9	1186	0	1226
13782	1204	2	10	34	0	1250
13783	33	3	4	1201	0	1241
13784	15	1182	7	29	0	1233
13785	1180	19	8	18	0	1225
13786	30	1176	4	13	0	1223
13787	15	25	1136	5	0	1181
13788	14	8	25	1091	0	1138
13789	12	1153	5	26	0	1196
13790	1108	21	13	10	0	1152
13791	1111	8	12	11	0	1142
13792	28	1116	8	8	0	1160
13793	8	24	1135	7	0	1174
13794	16	7	29	1089	0	1141
13795	12	1066	9	28	0	1115
13796	11	24	13	1124	0	1172
13797	15	6	7	1127	0	1155
13798	1098	10	7	32	0	1147
13799	31	1107	7	7	0	1152
13800	12	19	4	1131	0	1166
13801	1126	6	6	29	0	1167
13802	1108	13	6	7	0	1134
13803	1086	10	3	15	0	1114
13804	39	10	2	1078	0	1129
13805	1048	10	5	24	0	1087
13806	33	1041	5	7	0	1086
13807	1035	23	4	14	0	1076
13808	29	1043	4	14	0	1090
13809	1040	20	2	11	0	1073
13810	1042	8	2	17	0	1069
13811	37	7	0	1027	0	1071
13812	11	6	1044	31	0	1092
13813	15	8	1001	11	0	1035
13814	11	1005	23	14	0	1053
13815	975	23	6	12	0	1016
13816	25	7	974	8	0	1014
13817	728	4	7	5	0	744
13818	10	755	2	3	0	770
13819	3	783	2	0	0	788
13820	4	9	0	783	0	796
13821	2	823	0	8	0	833
13822	1	11	864	3	0	879
13823	5	2	13	828	0	848
13824	1	880	2	14	0	897
13825	5	13	3	899	0	920
13826	907	3	0	17	0	927
13827	14	6	0	931	0	951
13828	5	1	957	17	0	980
13829	6	951	12	3	0	972
13830	3	10	3	938	0	954
13831	3	2	4	961	0	970
13832	2	6	1	969	0	978
13833	947	0	2	21	0	970
13834	946	1	0	12	0	959
13835	14	2	927	6	0	949
13836	8	2	931	1	0	942
13837	6	943	14	5	0	968
13838	936	14	6	4	0	960
13839	15	3	4	923	0	945
13840	5	6	2	939	0	952
13841	11	0	1	942	0	954
13842	0	3	1	948	0	952
13843	2	0	926	23	0	951
13844	897	1	11	8	0	917
13845	18	0	2	1058	0	1078
13846	4	0	1052	17	0	1073
13847	1052	0	14	15	0	1081
13848	1181	1	7	12	0	1201
13849	25	2	1341	7	0	1375
13850	19	0	1400	2	0	1421
13851	17	2	35	1353	0	1407
13852	1392	0	18	24	0	1434
13853	1408	0	13	20	0	1441
13854	42	0	9	1382	0	1433
13855	30	1	8	1409	0	1448
13856	14	1	1406	38	0	1459
13857	14	2	28	1400	0	1444
13858	9	1	1406	33	0	1449
13859	1328	0	30	28	0	1386
13860	28	1427	16	14	0	1485
13861	1346	20	15	11	0	1392
13862	31	1337	2	9	0	1379
13863	1331	26	6	6	0	1369
13864	39	16	4	1290	0	1349
13865	21	10	3	1297	0	1331
13866	1290	4	2	37	0	1333
13867	1288	7	2	23	0	1320
13868	1321	1	3	17	0	1342
13869	1319	1	2	12	0	1334
13870	49	2	1267	9	0	1327
13871	1266	1	25	8	0	1300
13872	1286	2	13	8	0	1309
13873	1277	1	7	8	0	1293
13874	57	1	6	1216	0	1280
13875	1166	0	10	32	0	1208
13876	42	1158	6	20	0	1226
13877	32	22	6	1163	0	1223
13878	24	14	5	1197	0	1240
13879	18	8	1175	43	0	1244
13880	16	4	26	1153	0	1199
13881	10	1176	23	38	0	1247
13882	1156	25	11	31	0	1223
13883	37	1167	6	19	0	1229
13884	1166	29	11	18	0	1224
13885	38	18	7	1174	0	1237
13886	1168	14	11	33	0	1226
13887	47	1132	7	24	0	1210
13888	1150	32	7	20	0	1209
13889	1158	18	7	13	0	1196
13890	46	17	2	1129	0	1194
13891	40	11	6	1149	0	1206
13892	26	9	1107	49	0	1191
13893	27	7	26	1125	0	1185
13894	27	5	15	1131	0	1178
13895	17	6	1106	58	0	1187
13896	24	5	29	1128	0	1186
13897	25	6	1111	37	0	1179
13898	1110	6	31	35	0	1182
13899	42	2	21	1091	0	1156
13900	34	1	1081	35	0	1151
13901	1083	7	27	31	0	1148
13902	45	5	22	1073	0	1145
13903	37	3	1063	35	0	1138
13904	1062	6	26	36	0	1130
13905	40	5	21	1082	0	1148
13906	30	5	16	1090	0	1141
13907	1081	6	7	59	0	1153
13908	41	5	11	1081	0	1138
13909	38	5	12	1084	0	1139
13910	17	5	10	1058	0	1090
13911	17	1031	12	50	0	1110
13912	1030	27	3	29	0	1089
13913	1022	20	7	28	0	1077
13914	53	9	6	1017	0	1085
13915	1029	7	8	41	0	1085
13916	1029	7	7	35	0	1078
13917	1036	7	9	22	0	1074
13918	698	5	19	34	0	756
13919	1020	4	7	25	0	1056
13920	52	3	922	24	0	1001
13921	39	3	897	26	0	965
13922	868	5	32	22	0	927
13923	30	857	29	20	0	936
13924	28	18	12	823	0	881
13925	20	15	824	27	0	886
13926	20	7	809	29	0	865
13927	22	16	35	768	0	841
13928	755	8	29	27	0	819
13929	38	6	9	775	0	828
13930	32	4	774	33	0	843
13931	806	4	24	29	0	863
13932	32	4	14	807	0	857
13933	36	3	13	812	0	864
13934	26	1	10	829	0	866
13935	20	1	10	829	0	860
13936	22	3	786	47	0	858
13937	20	6	22	802	0	850
13938	789	2	18	41	0	850
13939	30	2	768	36	0	836
13940	786	1	23	23	0	833
13941	801	6	18	23	0	848
13942	806	4	10	18	0	838
13943	806	5	5	17	0	833
13944	44	768	12	18	0	842
13945	30	625	5	13	0	673
13946	20	669	7	11	0	707
13947	632	23	10	28	0	693
13948	22	10	534	10	0	576
13949	326	24	5	7	0	362
13950	4	0	6	302	0	312
13951	297	0	2	9	0	308
13952	9	0	1	301	0	311
13953	306	1	3	5	0	315
13954	10	0	3	303	0	316
13955	9	0	0	304	0	313
13956	283	1	1	5	0	290
13957	9	318	0	2	0	329
13958	7	8	325	1	0	341
13959	1	329	4	3	0	337
13960	1	4	279	0	0	284
13961	5	2	2	264	0	273
13962	266	1	10	4	0	281
13963	6	1	1	260	0	268
13964	257	1	0	4	0	262
13965	4	284	0	3	0	291
13966	2	2	291	0	0	295
13967	3	291	2	2	0	298
13968	2	282	1	2	0	287
13969	273	2	1	6	0	282
13970	260	0	0	6	0	266
13971	3	262	0	1	0	266
13972	2	3	0	267	0	272
13973	1	0	2	268	0	271
13974	269	1	1	3	0	274
13975	4	1	268	0	0	273
13976	2	2	258	0	0	262
13977	3	1	2	260	0	266
13978	1	0	257	3	0	261
13979	238	0	3	5	0	246
13980	247	2	1	5	0	255
13981	4	255	1	1	0	261
13982	1	5	261	3	0	270
13983	2	2	3	263	0	270
13984	2	0	283	4	0	289
13985	3	1	2	280	0	286
13986	275	1	0	5	0	281
13987	4	280	0	3	0	287
13988	2	2	304	3	0	311
13989	2	311	5	0	0	318
13990	1	325	2	2	0	330
13991	321	3	0	4	0	328
13992	329	0	1	0	0	330
13993	4	1	328	1	0	334
13994	3	332	4	1	0	340
13995	2	5	0	341	0	348
13996	2	1	3	340	0	346
13997	2	2	1	332	0	337
13998	2	2	341	3	0	348
13999	3	2	3	340	0	348
14000	1	0	0	359	0	360
14001	359	2	1	6	0	368
14002	365	1	1	3	0	370
14003	369	1	1	5	0	376
14004	366	2	1	3	0	372
14005	368	1	1	4	0	374
14006	7	366	3	1	0	377
14007	366	4	1	2	0	373
14008	3	0	380	2	0	385
14009	4	2	2	383	0	391
14010	385	1	2	4	0	392
14011	3	388	2	2	0	395
14012	387	4	2	4	0	397
14013	410	1	2	5	0	418
14014	3	1	2	414	0	420
14015	6	0	0	441	0	447
14016	2	452	2	3	0	459
14017	5	6	0	454	0	465
14018	1	3	488	4	0	496
14019	7	1	3	486	0	497
14020	1	1	489	4	0	495
14021	461	2	4	4	0	471
14022	7	0	1	495	0	503
14023	0	1	503	4	0	508
14024	1	489	4	2	0	496
14025	1	494	2	0	0	497
14026	488	6	0	1	0	495
14027	5	1	0	498	0	504
14028	1	0	533	2	0	536
14029	1	510	2	5	0	518
14030	0	3	507	0	0	510
14031	483	1	3	3	0	490
14032	501	0	1	2	0	504
14033	499	0	2	1	0	502
14034	3	2	2	502	0	509
14035	1	3	498	5	0	507
14036	2	501	4	2	0	509
14037	4	2	1	518	0	525
14038	0	1	514	4	0	519
14039	0	2	482	1	0	485
14040	0	2	5	521	0	528
14041	537	2	1	3	0	543
14042	7	0	0	536	0	543
14043	6	0	1	549	0	556
14044	0	0	565	6	0	571
14045	0	2	5	561	0	568
14046	1	2	3	550	0	556
14047	2	0	545	6	0	553
14048	4	0	527	1	0	532
14049	3	1	5	543	0	552
14050	1	2	551	6	0	560
14051	4	0	4	552	0	560
14052	554	2	1	7	0	564
14053	2	559	1	5	0	567
14054	1	3	4	588	0	596
14055	0	2	581	4	0	587
14056	520	0	2	7	0	529
14057	5	560	3	0	0	568
14058	566	2	2	5	0	575
14059	2	1	0	575	0	578
14060	1	0	5	569	0	575
14061	582	1	0	12	0	595
14062	5	0	587	4	0	596
14063	569	2	5	2	0	578
14064	4	0	4	591	0	599
14065	566	0	2	7	0	575
14066	562	0	2	3	0	567
14067	5	2	0	580	0	587
14068	4	580	0	4	0	588
14069	591	5	1	3	0	600
14070	583	1	0	7	0	591
14071	6	0	605	1	0	612
14072	593	0	6	1	0	600
14073	4	2	2	610	0	618
14074	3	622	0	3	0	628
14075	1	3	1	624	0	629
14076	1	625	0	5	0	631
14077	633	3	0	1	0	637
14078	643	2	2	2	0	649
14079	6	0	0	681	0	687
14080	4	0	680	4	0	688
14081	4	0	639	3	0	646
14082	4	2	5	683	0	694
14083	679	1	2	13	0	695
14084	754	4	0	6	0	764
14085	16	770	0	4	0	790
14086	11	11	0	784	0	806
14087	2	10	830	14	0	856
14088	2	2	810	10	0	824
14089	5	3	20	853	0	881
14090	933	0	7	17	0	957
14091	25	0	2	939	0	966
14092	10	1	935	21	0	967
14093	908	4	21	9	0	942
14094	21	1	12	916	0	950
14095	14	1	4	940	0	959
14096	12	1	6	933	0	952
14097	7	916	4	24	0	951
14098	4	17	915	12	0	948
14099	7	6	916	9	0	938
14100	4	1	29	922	0	956
14101	4	3	935	23	0	965
14102	912	3	20	15	0	950
14103	24	2	13	918	0	957
14104	13	2	6	929	0	950
14105	7	2	8	915	0	932
14106	6	914	8	29	0	957
14107	944	17	6	19	0	986
14108	20	9	4	942	0	975
14109	923	3	6	27	0	959
14110	20	933	8	14	0	975
14111	932	18	7	11	0	968
14112	917	9	6	16	0	948
14113	937	3	4	12	0	956
14114	28	897	4	7	0	936
14115	19	900	1	9	0	929
14116	866	22	5	18	0	911
14117	25	881	4	8	0	918
14118	14	24	852	10	0	900
14119	10	844	16	5	0	875
14120	13	865	12	5	0	895
14121	850	25	4	7	0	886
14122	23	14	834	4	0	875
14123	13	10	827	2	0	852
14124	12	5	23	827	0	867
14125	840	9	11	20	0	880
14126	23	7	846	10	0	886
14127	13	10	20	857	0	900
14128	8	10	822	16	0	856
14129	11	5	808	12	0	836
14130	792	6	27	7	0	832
14131	21	4	836	6	0	867
14132	14	7	21	822	0	864
14133	12	5	17	807	0	841
14134	9	802	13	23	0	847
14135	6	844	10	13	0	873
14136	8	23	9	810	0	850
14137	7	8	824	22	0	861
14138	10	7	19	833	0	869
14139	5	6	16	835	0	862
14140	4	4	854	31	0	893
14141	5	3	27	846	0	881
14142	849	6	17	25	0	897
14143	22	5	838	18	0	883
14144	814	4	26	15	0	859
14145	20	3	14	820	0	857
14146	17	5	5	824	0	851
14147	9	827	10	28	0	874
14148	7	20	11	834	0	872
14149	10	9	6	861	0	886
14150	842	5	8	36	0	891
14151	18	8	11	851	0	888
14152	16	4	7	865	0	892
14153	835	7	9	38	0	889
14154	30	2	11	831	0	874
14155	19	7	8	800	0	834
14156	8	813	6	41	0	868
14157	835	17	6	27	0	885
14158	25	10	9	833	0	877
14159	12	6	4	853	0	875
14160	9	9	813	38	0	869
14161	11	4	18	815	0	848
14162	10	5	14	830	0	859
14163	800	6	3	35	0	844
14164	804	3	7	27	0	841
14165	33	3	4	815	0	855
14166	18	7	782	30	0	837
14167	9	771	17	21	0	818
14168	16	795	9	11	0	831
14169	12	25	5	809	0	851
14170	795	13	9	32	0	849
14171	24	5	6	804	0	839
14172	794	10	3	24	0	831
14173	26	7	3	803	0	839
14174	18	5	3	799	0	825
14175	786	6	3	30	0	825
14176	791	10	3	20	0	824
14177	33	781	3	15	0	832
14178	17	792	7	12	0	828
14179	13	22	5	747	0	787
14180	6	12	2	769	0	789
14181	12	7	744	24	0	787
14182	675	7	18	14	0	714
14183	23	726	10	11	0	770
14184	4	655	7	8	0	674
14185	631	10	13	6	0	660
14186	18	6	624	2	0	650
14187	7	4	575	0	0	586
14188	3	3	547	3	0	556
14189	2	528	11	3	0	544
14190	1	4	4	471	0	480
14191	1	2	1	469	0	473
14192	1	2	2	463	0	468
14193	468	2	1	5	0	476
14194	467	1	0	4	0	472
14195	4	461	1	3	0	469
14196	4	2	0	476	0	482
14197	3	3	478	4	0	488
14198	2	478	2	2	0	484
14199	464	3	2	5	0	474
14200	5	2	456	2	0	465
14201	410	1	3	5	0	419
14202	4	2	462	1	0	469
14203	5	1	3	460	0	469
14204	2	477	3	2	0	484
14205	479	1	2	5	0	487
14206	3	488	2	2	0	495
14207	460	4	1	3	0	468
14208	5	3	0	459	0	467
14209	2	2	478	3	0	485
14210	5	1	2	494	0	502
14211	3	1	2	521	0	527
14212	1	1	515	8	0	525
14213	484	1	5	8	0	498
14214	6	522	3	3	0	534
14215	515	6	1	5	0	527
14216	7	530	1	2	0	540
14217	5	5	2	580	0	592
14218	2	5	577	7	0	591
14219	731	3	5	5	0	744
14220	12	778	1	4	0	795
14221	10	14	1	772	0	797
14222	7	5	2	795	0	809
14223	854	4	1	19	0	878
14224	904	3	0	11	0	918
14225	19	922	5	6	0	952
14226	966	16	1	7	0	990
14227	961	7	2	5	0	975
14228	960	5	1	5	0	971
14229	28	12	942	1	0	983
14230	15	907	16	6	0	944
14231	6	960	12	4	0	982
14232	11	20	2	916	0	949
14233	5	12	2	951	0	970
14234	943	9	1	26	0	979
14235	20	939	1	11	0	971
14236	952	18	0	8	0	978
14237	28	8	2	938	0	976
14238	18	5	2	954	0	979
14239	928	6	1	24	0	959
14240	913	5	1	12	0	931
14241	25	1	881	9	0	916
14242	13	4	16	889	0	922
14243	9	2	888	20	0	919
14244	6	3	870	11	0	890
14245	10	2	888	4	0	904
14246	888	2	26	7	0	923
14247	19	4	11	889	0	923
14248	14	4	7	888	0	913
14249	9	5	3	920	0	937
14250	6	2	908	31	0	947
14251	8	1	16	901	0	926
14252	10	3	10	923	0	946
14253	901	1	7	29	0	938
14254	902	3	5	18	0	928
14255	924	3	2	14	0	943
14256	933	0	7	8	0	948
14257	38	5	3	886	0	932
14258	887	3	5	25	0	920
14259	29	6	3	893	0	931
14260	17	7	831	26	0	881
14261	860	3	19	22	0	904
14262	26	870	12	13	0	921
14263	28	17	9	861	0	915
14264	16	14	2	868	0	900
14265	13	885	1	32	0	931
14266	883	22	3	27	0	935
14267	33	882	4	13	0	932
14268	21	22	856	10	0	909
14269	16	13	852	9	0	890
14270	854	7	28	8	0	897
14271	875	5	14	8	0	902
14272	35	4	859	9	0	907
14273	837	5	23	9	0	874
14274	31	3	842	7	0	883
14275	846	6	24	7	0	883
14276	27	5	827	17	0	876
14277	15	6	833	13	0	867
14278	11	4	34	794	0	843
14279	11	4	17	803	0	835
14280	824	4	9	30	0	867
14281	801	4	4	24	0	833
14282	818	4	6	15	0	843
14283	845	1	5	12	0	863
14284	41	787	11	10	0	849
14285	25	19	10	773	0	827
14286	16	792	7	28	0	843
14287	16	20	14	800	0	850
14288	16	12	8	782	0	818
14289	17	6	8	783	0	814
14290	22	7	738	36	0	803
14291	725	4	23	28	0	780
14292	30	712	11	22	0	775
14293	24	743	8	14	0	789
14294	13	30	730	15	0	788
14295	14	13	25	737	0	789
14296	19	8	14	749	0	790
14297	755	8	8	34	0	805
14298	35	2	6	748	0	791
14299	25	8	5	767	0	805
14300	21	3	10	780	0	814
14301	19	5	13	776	0	813
14302	739	6	8	39	0	792
14303	751	4	14	17	0	786
14304	754	2	9	15	0	780
14305	38	5	10	737	0	790
14306	734	2	8	34	0	778
14307	29	3	11	746	0	789
14308	25	2	7	756	0	790
14309	18	4	714	39	0	775
14310	19	5	698	21	0	743
14311	13	4	698	11	0	726
14312	682	2	31	10	0	725
14313	30	3	26	655	0	714
14314	24	668	11	32	0	735
14315	689	17	10	23	0	739
14316	30	12	668	19	0	729
14317	623	5	22	11	0	661
14318	33	578	18	10	0	639
14319	405	10	7	7	0	429
14320	17	16	3	383	0	419
14321	405	4	2	14	0	425
14322	14	383	6	13	0	416
14323	10	363	1	8	0	382
14324	300	12	0	4	0	316
14325	6	299	2	2	0	309
14326	7	255	1	1	0	264
14327	3	265	1	0	0	269
14328	255	14	2	0	0	271
14329	239	7	0	1	0	247
14330	246	4	0	1	0	251
14331	13	2	0	233	0	248
14332	10	2	1	242	0	255
14333	4	1	243	10	0	258
14334	2	1	3	249	0	255
14335	3	0	252	5	0	260
14336	3	0	5	254	0	262
14337	1	0	6	253	0	260
14338	243	1	3	11	0	258
14339	244	1	1	15	0	261
14340	12	249	2	4	0	267
14341	8	5	2	248	0	263
14342	2	9	248	4	0	263
14343	3	3	4	244	0	254
14344	5	2	7	238	0	252
14345	3	2	2	250	0	257
14346	1	3	237	11	0	252
14347	2	0	211	9	0	222
14348	225	0	8	4	0	237
14349	3	0	7	225	0	235
14350	6	1	235	4	0	246
14351	232	0	3	7	0	242
14352	2	232	6	4	0	244
14353	242	1	3	2	0	248
14354	5	7	241	1	0	254
14355	238	3	1	3	0	245
14356	5	1	4	245	0	255
14357	7	3	247	3	0	260
14358	4	241	2	5	0	252
14359	247	4	5	2	0	258
14360	3	6	3	245	0	257
14361	7	3	2	249	0	261
14362	5	253	2	8	0	268
14363	1	2	2	266	0	271
14364	2	6	256	5	0	269
14365	2	252	3	8	0	265
14366	246	0	7	6	0	259
14367	3	6	4	246	0	259
14368	5	5	0	247	0	257
14369	4	0	242	6	0	252
14370	3	1	1	250	0	255
14371	3	2	252	3	0	260
14372	3	252	1	7	0	263
14373	263	1	5	6	0	275
14374	263	7	4	1	0	275
14375	265	3	1	5	0	274
14376	7	289	3	3	0	302
14377	7	3	1	301	0	312
14378	5	7	1	298	0	311
14379	4	2	1	263	0	270
14380	301	0	2	6	0	309
14381	298	3	1	7	0	309
14382	7	1	1	301	0	310
14383	8	0	332	4	0	344
14384	2	2	1	341	0	346
14385	5	0	5	343	0	353
14386	3	1	3	344	0	351
14387	4	0	1	353	0	358
14388	345	1	3	13	0	362
14389	3	0	2	353	0	358
14390	6	2	1	353	0	362
14391	4	343	1	9	0	357
14392	1	3	0	370	0	374
14393	4	376	0	5	0	385
14394	3	4	0	394	0	401
14395	389	6	0	10	0	405
14396	2	396	2	6	0	406
14397	390	3	1	4	0	398
14398	6	5	397	2	0	410
14399	8	4	2	385	0	399
14400	4	0	389	5	0	398
14401	2	1	5	400	0	408
14402	1	2	5	394	0	402
14403	2	377	5	7	0	391
14404	0	371	1	8	0	380
14405	0	394	2	3	0	399
14406	385	4	1	5	0	395
14407	4	364	0	1	0	369
14408	1	357	0	1	0	359
14409	4	3	0	364	0	371
14410	360	1	0	4	0	365
14411	2	397	0	2	0	401
14412	412	3	0	1	0	416
14413	409	0	0	4	0	413
14414	4	0	424	0	0	428
14415	2	1	2	419	0	424
14416	2	0	0	423	0	425
14417	2	0	2	421	0	425
14418	0	0	0	418	0	418
14419	0	0	412	2	0	414
14420	1	2	358	2	0	363
14421	376	0	2	2	0	380
14422	3	412	1	0	0	416
14423	0	423	0	0	0	423
14424	422	2	0	0	0	424
14425	2	412	0	0	0	414
14426	0	2	0	410	0	412
14427	408	0	0	2	0	410
14428	2	0	408	1	0	411
14429	0	0	3	411	0	414
14430	0	0	423	3	0	426
14431	396	0	3	1	0	400
14432	2	0	483	1	0	486
14433	477	0	2	5	0	484
14434	525	1	0	2	0	528
14435	520	1	0	0	0	521
14436	519	1	0	2	0	522
14437	527	0	0	0	0	527
14438	2	0	0	528	0	530
14439	557	1	0	6	0	564
14440	2	1	0	583	0	586
14441	1	0	1	578	0	580
14442	0	1	0	596	0	597
14443	1	0	607	2	0	610
14444	1	0	2	587	0	590
14445	0	0	0	617	0	617
14446	1	1	603	3	0	608
14447	537	0	3	1	0	541
14448	2	0	0	620	0	622
14449	2	1	628	3	0	634
14450	0	0	594	0	0	594
14451	1	0	3	606	0	610
14452	2	0	618	2	0	622
14453	0	2	2	615	0	619
14454	3	1	0	625	0	629
14455	1	616	2	4	0	623
14456	0	629	0	0	0	629
14457	652	2	0	2	0	656
14458	6	0	0	647	0	653
14459	1	1	1	643	0	646
14460	0	0	0	671	0	671
14461	2	1	669	2	0	674
14462	1	1	2	654	0	658
14463	665	0	1	2	0	668
14464	3	0	678	0	0	681
14465	1	0	3	700	0	704
14466	2	0	1	698	0	701
14467	2	1	0	712	0	715
14468	1	728	0	6	0	735
14469	732	9	0	4	0	745
14470	769	1	0	3	0	773
14471	12	772	0	1	0	785
14472	1	11	0	807	0	819
14473	0	1	825	13	0	839
14474	2	3	795	0	0	800
14475	809	0	19	4	0	832
14476	17	1	1	843	0	862
14477	879	1	3	16	0	899
14478	20	892	2	1	0	915
14479	3	919	0	3	0	925
14480	904	19	2	1	0	926
14481	14	940	2	1	0	957
14482	5	18	2	929	0	954
14483	4	5	1	893	0	903
14484	2	982	0	21	0	1005
14485	958	18	1	10	0	987
14486	18	8	961	3	0	990
14487	908	5	16	3	0	932
14488	20	2	959	3	0	984
14489	879	4	21	4	0	908
14490	26	2	968	2	0	998
14491	5	949	23	2	0	979
14492	7	23	4	948	0	982
14493	938	4	5	22	0	969
14494	24	4	927	4	0	959
14495	6	1	928	3	0	938
14496	7	1	24	902	0	934
14497	1	1	929	18	0	949
14498	4	0	21	911	0	936
14499	6	1	7	898	0	912
14500	0	2	925	21	0	948
14501	3	0	17	902	0	922
14502	924	0	8	21	0	953
14503	19	926	4	7	0	956
14504	971	18	1	8	0	998
14505	23	4	3	966	0	996
14506	962	3	2	28	0	995
14507	982	1	1	9	0	993
14508	25	2	2	982	0	1011
14509	10	998	0	16	0	1024
14510	1004	16	1	11	0	1032
14511	21	6	964	3	0	994
14512	6	3	949	1	0	959
14513	945	1	21	9	0	976
14514	19	2	6	942	0	969
14515	8	0	956	20	0	984
14516	4	0	20	946	0	970
14517	947	1	5	26	0	979
14518	958	0	3	12	0	973
14519	969	1	2	8	0	980
14520	26	972	3	0	0	1001
14521	12	16	0	988	0	1016
14522	6	4	0	991	0	1001
14523	966	3	2	26	0	997
14524	19	977	0	9	0	1005
14525	981	22	0	8	0	1011
14526	27	4	0	969	0	1000
14527	959	5	1	23	0	988
14528	22	3	939	5	0	969
14529	7	943	18	9	0	977
14530	6	19	6	936	0	967
14531	5	985	6	17	0	1013
14532	5	21	2	927	0	955
14533	920	8	1	22	0	951
14534	20	7	869	6	0	902
14535	846	2	18	10	0	876
14536	23	918	8	1	0	950
14537	11	20	3	929	0	963
14538	9	5	4	954	0	972
14539	899	6	7	25	0	937
14540	23	5	900	10	0	938
14541	10	5	21	906	0	942
14542	10	1	6	910	0	927
14543	6	4	8	911	0	929
14544	5	4	7	914	0	930
14545	885	2	5	33	0	925
14546	879	2	6	16	0	903
14547	26	6	867	10	0	909
14548	10	1	854	9	0	874
14549	864	2	26	12	0	904
14550	895	1	11	7	0	914
14551	31	1	5	883	0	920
14552	12	4	6	899	0	921
14553	879	3	6	29	0	917
14554	25	865	1	12	0	903
14555	13	18	4	880	0	915
14556	9	5	7	899	0	920
14557	4	6	862	30	0	902
14558	8	4	20	877	0	909
14559	6	5	871	23	0	905
14560	2	0	26	873	0	901
14561	857	3	9	26	0	895
14562	25	1	9	850	0	885
14563	9	1	841	29	0	880
14564	6	820	21	11	0	858
14565	7	20	6	865	0	898
14566	8	5	886	21	0	920
14567	6	893	17	11	0	927
14568	6	13	7	881	0	907
14569	7	9	877	13	0	906
14570	732	5	10	16	0	763
14571	14	832	5	8	0	859
14572	8	823	4	2	0	837
14573	4	808	1	5	0	818
14574	8	17	2	769	0	796
14575	7	8	799	10	0	824
14576	4	796	9	6	0	815
14577	10	11	6	776	0	803
14578	833	5	0	14	0	852
14579	15	3	1	1155	0	1174
14580	6	3	1317	29	0	1355
14581	8	1329	34	11	0	1382
14582	1299	34	9	15	0	1357
14583	37	1333	11	5	0	1386
14584	8	42	1255	9	0	1314
14585	8	1276	45	9	0	1338
14586	5	47	20	1239	0	1311
14587	14	22	1243	28	0	1307
14588	13	1247	36	8	0	1304
14589	13	49	18	1228	0	1308
14590	8	28	16	1234	0	1286
14591	4	1258	12	40	0	1314
14592	9	43	18	1265	0	1335
14593	4	27	1262	46	0	1339
14594	1	23	1278	27	0	1329
14595	5	13	44	1281	0	1343
14596	1255	18	17	51	0	1341
14597	1274	15	13	37	0	1339
14598	42	11	21	1233	0	1307
14599	18	1240	25	45	0	1328
14600	19	38	17	1270	0	1344
14601	1259	13	12	60	0	1344
14602	59	15	12	1257	0	1343
14603	30	9	5	1305	0	1349
14604	1230	12	9	63	0	1314
14605	42	1226	11	33	0	1312
14606	25	42	1	1230	0	1298
14607	1225	12	3	66	0	1306
14608	44	12	1192	38	0	1286
14609	1188	12	32	33	0	1265
14610	56	15	7	1198	0	1276
14611	1202	14	11	53	0	1280
14612	1227	10	7	28	0	1272
14613	1156	7	14	34	0	1211
14614	63	1164	17	13	0	1257
14615	35	36	1157	20	0	1248
14616	36	1170	35	21	0	1262
14617	1185	45	15	17	0	1262
14618	67	1169	10	14	0	1260
14619	33	54	6	1148	0	1241
14620	1129	26	11	44	0	1210
14621	48	1146	16	17	0	1227
14622	31	53	1120	10	0	1214
14623	30	30	36	1122	0	1218
14624	13	23	1119	52	0	1207
14625	23	1139	46	20	0	1228
14626	20	53	15	1120	0	1208
14627	17	22	19	1140	0	1198
14628	18	18	18	1158	0	1212
14629	11	20	21	1117	0	1169
14630	13	1106	17	63	0	1199
14631	1079	49	11	41	0	1180
14632	39	26	1091	39	0	1195
14633	16	20	40	1114	0	1190
14634	1100	13	12	72	0	1197
14635	45	16	1103	32	0	1196
14636	25	1064	41	29	0	1159
14637	29	43	24	1043	0	1139
14638	24	19	1061	56	0	1160
14639	21	1071	44	32	0	1168
14640	1010	44	27	29	0	1110
14641	48	1040	23	20	0	1131
14642	23	57	22	1017	0	1119
14643	14	27	25	1066	0	1132
14644	1021	28	18	62	0	1129
14645	56	1039	10	29	0	1134
14646	31	58	18	1029	0	1136
14647	1012	36	12	63	0	1123
14648	1011	28	8	48	0	1095
14649	64	998	14	33	0	1109
14650	1007	54	11	26	0	1098
14651	1036	35	6	33	0	1110
14652	67	27	9	1003	0	1106
14653	39	18	981	57	0	1095
14654	41	26	35	968	0	1070
14655	37	19	14	980	0	1050
14656	31	18	955	60	0	1064
14657	28	921	39	43	0	1031
14658	32	39	24	934	0	1029
14659	23	23	26	966	0	1038
14660	17	14	12	997	0	1040
14661	21	7	23	968	0	1019
14662	16	926	24	65	0	1031
14663	928	53	12	53	0	1046
14664	934	20	9	48	0	1011
14665	897	16	9	45	0	967
14666	56	836	7	49	0	948
14667	29	54	8	837	0	928
14668	34	30	817	55	0	936
14669	41	22	33	813	0	909
14670	38	829	13	57	0	937
14671	818	53	13	23	0	907
14672	828	25	7	35	0	895
14673	831	23	16	26	0	896
14674	56	786	21	34	0	897
14675	34	757	8	21	0	820
14676	29	787	10	24	0	850
14677	39	55	722	12	0	828
14678	37	33	636	19	0	725
14679	24	100	27	186	0	337
14680	127	1	15	5	0	148
14681	118	0	3	9	0	130
14682	2	5	2	120	0	129
14683	3	2	3	115	0	123
14684	1	5	3	117	0	126
14685	0	2	0	121	0	123
14686	117	1	1	6	0	125
14687	116	3	1	2	0	122
14688	4	122	1	2	0	129
14689	122	2	2	3	0	129
14690	125	2	2	1	0	130
14691	128	2	0	3	0	133
14692	4	1	93	2	0	100
14693	117	2	2	4	0	125
14694	3	116	0	2	0	121
14695	1	3	1	122	0	127
14696	3	3	0	123	0	129
14697	3	113	0	4	0	120
14698	0	3	1	120	0	124
14699	118	1	1	5	0	125
14700	4	0	0	124	0	128
14701	1	2	121	2	0	126
14702	118	1	2	1	0	122
14703	4	136	1	1	0	142
14704	2	3	1	141	0	147
14705	0	3	2	142	0	147
14706	0	0	1	140	0	141
14707	0	0	136	5	0	141
14708	1	136	3	2	0	142
14709	1	4	1	136	0	142
14710	1	1	135	4	0	141
14711	2	0	2	135	0	139
14712	2	0	134	3	0	139
14713	1	2	2	138	0	143
14714	3	135	1	2	0	141
14715	1	4	0	137	0	142
14716	139	2	1	2	0	144
14717	134	0	2	1	0	137
14718	6	1	133	1	0	141
14719	3	1	133	1	0	138
14720	2	1	149	1	0	153
14721	1	0	3	153	0	157
14722	1	2	1	155	0	159
14723	2	0	0	161	0	163
14724	1	166	1	5	0	173
14725	1	3	1	166	0	171
14726	1	1	2	172	0	176
14727	2	1	0	181	0	184
14728	173	1	2	4	0	180
14729	172	0	1	3	0	176
14730	3	2	175	1	0	181
14731	1	1	176	2	0	180
14732	176	0	3	3	0	182
14733	180	0	0	3	0	183
14734	3	0	182	2	0	187
14735	2	1	180	0	0	183
14736	177	2	2	2	0	183
14737	169	1	4	1	0	175
14738	3	0	181	1	0	185
14739	2	1	3	176	0	182
14740	3	0	3	175	0	181
14741	1	187	1	4	0	193
14742	2	2	0	188	0	192
14743	3	1	188	2	0	194
14744	3	0	3	191	0	197
14745	1	1	3	188	0	193
14746	0	0	190	6	0	196
14747	178	1	4	11	0	194
14748	186	0	9	4	0	199
14749	4	1	1	196	0	202
14750	1	2	1	199	0	203
14751	194	0	8	6	0	208
14752	196	2	1	4	0	203
14753	184	0	0	3	0	187
14754	185	0	2	11	0	198
14755	6	189	1	10	0	206
14756	189	2	1	2	0	194
14757	14	184	2	1	0	201
14758	8	2	2	182	0	194
14759	10	2	3	184	0	199
14760	4	186	1	5	0	196
14761	12	5	0	182	0	199
14762	3	9	2	185	0	199
14763	4	181	4	11	0	200
14764	5	2	0	193	0	200
14765	1	10	3	185	0	199
14766	1	2	2	198	0	203
14767	1	2	180	13	0	196
14768	1	185	2	7	0	195
14769	0	3	3	177	0	183
14770	0	176	2	16	0	194
14771	171	2	3	16	0	192
14772	5	3	178	4	0	190
14773	4	9	168	4	0	185
14774	156	2	4	12	0	174
14775	5	8	2	170	0	185
14776	12	2	160	4	0	178
14777	5	1	164	3	0	173
14778	4	1	14	158	0	177
14779	169	0	5	4	0	178
14780	161	1	2	12	0	176
14781	8	0	11	158	0	177
14782	2	2	167	2	0	173
14783	5	159	4	10	0	178
14784	12	2	2	161	0	177
14785	10	2	155	5	0	172
14786	3	153	3	13	0	172
14787	3	0	11	152	0	166
14788	159	9	1	4	0	173
14789	1	1	1	159	0	162
14790	1	155	12	1	0	169
14791	155	9	1	4	0	169
14792	4	2	156	9	0	171
14793	8	152	0	6	0	166
14794	2	1	154	14	0	171
14795	154	9	1	3	0	167
14796	12	1	0	152	0	165
14797	4	1	8	155	0	168
14798	157	9	3	2	0	171
14799	2	4	9	155	0	170
14800	13	1	147	3	0	164
14801	143	2	0	11	0	156
14802	2	149	1	11	0	163
14803	9	1	2	138	0	150
14804	132	3	1	9	0	145
14805	2	131	8	4	0	145
14806	9	3	2	137	0	151
14807	139	9	1	3	0	152
14808	1	1	2	150	0	154
14809	9	146	2	3	0	160
14810	3	8	166	6	0	183
14811	1	0	4	180	0	185
14812	8	2	1	173	0	184
14813	170	1	1	12	0	184
14814	1	10	2	171	0	184
14815	175	0	8	3	0	186
14816	181	0	3	12	0	196
14817	1	0	3	194	0	198
14818	10	187	1	4	0	202
14819	3	2	0	191	0	196
14820	179	0	2	1	0	182
14821	9	174	3	1	0	187
14822	1	170	0	10	0	181
14823	167	8	0	2	0	177
14824	167	0	0	10	0	177
14825	9	167	0	2	0	178
14826	164	11	3	1	0	179
14827	160	9	0	1	0	170
14828	10	0	1	149	0	160
14829	9	2	162	1	0	174
14830	2	8	3	165	0	178
14831	10	0	165	2	0	177
14832	8	0	2	164	0	174
14833	0	0	165	11	0	176
14834	150	0	10	3	0	163
14835	2	0	2	159	0	163
14836	164	0	4	3	0	171
14837	5	3	1	160	0	169
14838	2	163	7	1	0	173
14839	193	2	0	3	0	198
14840	3	1	173	8	0	185
14841	183	0	2	0	0	185
14842	2	180	0	0	0	182
14843	174	2	0	2	0	178
14844	184	1	0	0	0	185
14845	4	180	0	1	0	185
14846	2	3	0	185	0	190
14847	184	1	0	3	0	188
14848	3	183	0	1	0	187
14849	1	3	0	187	0	191
14850	196	1	0	5	0	202
14851	3	0	0	197	0	200
14852	1	0	0	201	0	202
14853	0	0	0	204	0	204
14854	0	0	198	4	0	202
14855	0	0	3	199	0	202
14856	196	0	1	4	0	201
14857	3	0	199	1	0	203
14858	1	0	3	196	0	200
14859	1	0	1	201	0	203
14860	0	0	195	4	0	199
14861	191	0	3	2	0	196
14862	195	0	1	3	0	199
14863	4	0	207	0	0	211
14864	2	0	3	205	0	210
14865	1	0	1	210	0	212
14866	1	0	220	3	0	224
14867	1	0	2	224	0	227
14868	2	1	2	225	0	230
14869	0	0	242	5	0	247
14870	241	0	3	1	0	245
14871	4	0	1	248	0	253
14872	247	0	0	5	0	252
14873	250	0	0	2	0	252
14874	4	0	247	0	0	251
14875	1	0	3	238	0	242
14876	242	0	1	3	0	246
14877	3	251	1	1	0	256
14878	2	3	0	262	0	267
14879	0	2	0	266	0	268
14880	0	0	1	275	0	276
14881	2	0	271	4	0	277
14882	240	1	2	1	0	244
14883	3	0	2	267	0	272
14884	4	0	0	267	0	271
14885	0	0	266	7	0	273
14886	0	0	5	264	0	269
14887	1	0	1	275	0	277
14888	259	0	1	8	0	268
14889	3	265	1	3	0	272
14890	3	3	267	0	0	273
14891	260	1	4	2	0	267
14892	4	0	1	264	0	269
14893	3	0	259	4	0	266
14894	1	1	270	1	0	273
14895	4	0	5	268	0	277
14896	2	0	283	3	0	288
14897	1	1	298	2	0	302
14898	0	275	5	2	0	282
14899	1	3	2	309	0	315
14900	0	1	312	5	0	318
14901	2	1	5	297	0	305
14902	330	0	2	6	0	338
14903	5	1	1	332	0	339
14904	2	0	0	339	0	341
14905	328	1	2	8	0	339
14906	340	0	0	4	0	344
14907	8	0	0	340	0	348
14908	2	0	339	6	0	347
14909	0	323	3	4	0	330
14910	2	4	3	319	0	328
14911	317	1	1	5	0	324
14912	297	0	1	6	0	304
14913	6	298	2	2	0	308
14914	1	304	2	1	0	308
14915	304	6	1	5	0	316
14916	301	1	1	2	0	305
14917	9	0	319	2	0	330
14918	2	3	6	320	0	331
14919	1	344	3	7	0	355
14920	360	6	2	5	0	373
14921	10	2	1	353	0	366
14922	3	377	2	7	0	389
14923	0	7	399	3	0	409
14924	3	3	5	365	0	376
14925	4	429	2	4	0	439
14926	432	5	1	4	0	442
14927	432	3	1	1	0	437
14928	7	432	3	0	0	442
14929	421	5	1	4	0	431
14930	419	1	1	3	0	424
14931	8	436	0	1	0	445
14932	2	448	1	1	0	452
14933	2	5	0	445	0	452
14934	448	1	1	8	0	458
14935	7	0	481	2	0	490
14936	459	1	7	4	0	471
14937	4	499	2	4	0	509
14938	495	5	0	6	0	506
14939	483	1	0	2	0	486
14940	495	1	0	1	0	497
14941	8	1	1	480	0	490
14942	2	483	0	3	0	488
14943	485	5	1	2	0	493
14944	5	0	484	0	0	489
14945	2	477	5	1	0	485
14946	0	2	1	491	0	494
14947	1	1	476	3	0	481
14948	1	1	488	0	0	490
14949	3	1	5	475	0	484
14950	2	2	0	493	0	497
14951	1	1	1	495	0	498
14952	2	0	1	482	0	485
14953	2	478	1	5	0	486
14954	0	498	0	3	0	501
14955	512	5	0	4	0	521
14956	7	0	0	516	0	523
14957	3	1	1	524	0	529
14958	2	1	0	532	0	535
14959	528	1	1	5	0	535
14960	534	3	0	0	0	537
14961	5	1	1	540	0	547
14962	542	0	0	8	0	550
14963	535	1	0	2	0	538
14964	545	0	2	1	0	548
14965	6	0	0	539	0	545
14966	1	3	541	5	0	550
14967	4	2	495	0	0	501
14968	4	0	526	0	0	530
14969	2	1	545	1	0	549
14970	1	0	4	544	0	549
14971	537	1	1	16	0	555
14972	542	1	1	0	0	544
14973	5	1	540	0	0	546
14974	0	1	565	2	0	568
14975	3	603	3	2	0	611
14976	1	9	2	601	0	613
14977	602	0	1	12	0	615
14978	4	5	611	1	0	621
14979	574	0	5	3	0	582
14980	5	703	1	1	0	710
14981	3	4	1	742	0	750
14982	2	0	1	777	0	780
14983	0	1	0	767	0	768
14984	796	0	0	9	0	805
14985	9	0	1	802	0	812
14986	2	4	1	805	0	812
14987	803	0	0	9	0	812
14988	6	1	1	807	0	815
14989	2	0	804	7	0	813
14990	777	0	5	5	0	787
14991	5	0	3	804	0	812
14992	5	0	2	792	0	799
14993	2	803	0	5	0	810
14994	809	6	0	6	0	821
14995	826	3	0	8	0	837
14996	8	1	0	846	0	855
14997	6	0	823	7	0	836
14998	765	0	8	5	0	778
14999	7	0	821	4	0	832
15000	8	0	8	803	0	819
15001	3	0	2	832	0	837
15002	811	0	2	10	0	823
15003	7	0	0	838	0	845
15004	3	1	834	9	0	847
15005	817	0	5	3	0	825
15006	6	2	876	5	0	889
15007	2	0	874	0	0	876
15008	917	0	10	2	0	929
15009	10	0	6	930	0	946
15010	3	961	5	7	0	976
15011	974	6	0	2	0	982
15012	968	2	3	5	0	978
15013	10	4	968	0	0	982
15014	947	0	9	3	0	959
15015	12	0	3	963	0	978
15016	2	1	998	9	0	1010
15017	7	971	6	6	0	990
15018	962	6	2	8	0	978
15019	7	954	7	3	0	971
15020	7	9	0	953	0	969
15021	7	2	1	957	0	967
15022	3	4	2	947	0	956
15023	2	2	3	926	0	933
15024	6	891	2	13	0	912
15025	2	8	868	7	0	885
15026	1	867	6	10	0	884
15027	873	10	3	6	0	892
15028	10	4	5	880	0	899
15029	886	4	0	10	0	900
15030	12	3	1	886	0	902
15031	921	0	5	12	0	938
15032	12	936	2	3	0	953
15033	967	6	3	8	0	984
15034	966	3	1	11	0	981
15035	912	4	2	7	0	925
15036	948	1	0	6	0	955
15037	16	929	1	4	0	950
15038	6	7	931	3	0	947
15039	12	4	8	917	0	941
15040	936	4	4	7	0	951
15041	948	2	7	8	0	965
15042	16	0	3	982	0	1001
15043	9	5	993	11	0	1018
15044	11	2	12	978	0	1003
15045	6	993	4	13	0	1016
15046	1004	9	5	11	0	1029
15047	12	9	3	1013	0	1037
15048	9	1035	0	13	0	1057
15049	9	1075	3	8	0	1095
15050	2	1111	4	8	0	1125
15051	5	18	3	1145	0	1171
15052	1156	6	1	10	0	1173
15053	12	1176	3	7	0	1198
15054	4	15	1	1203	0	1223
15055	1194	4	0	16	0	1214
15056	17	8	1	1191	0	1217
15057	1174	1	1	27	0	1203
15058	1180	2	4	9	0	1195
15059	16	1278	4	9	0	1307
15060	10	13	4	1237	0	1264
15061	15	1278	0	11	0	1304
15062	1269	18	1	11	0	1299
15063	1297	3	4	12	0	1316
15064	1312	10	1	5	0	1328
15065	21	4	3	1312	0	1340
15066	12	4	1270	14	0	1300
15067	1234	4	12	10	0	1260
15068	1255	1	5	14	0	1275
15069	21	3	6	1249	0	1279
15070	13	1259	1	16	0	1289
15071	12	17	2	1272	0	1303
15072	7	4	3	1314	0	1328
15073	1297	7	2	18	0	1324
15074	1254	5	2	18	0	1279
15075	19	3	1228	10	0	1260
15076	12	6	13	1215	0	1246
15077	1238	2	6	18	0	1264
15078	19	5	6	1235	0	1265
15079	12	5	1253	21	0	1291
15080	14	1127	12	8	0	1161
15081	7	1171	4	11	0	1193
15082	1273	16	5	7	0	1301
15083	24	7	0	1357	0	1388
15084	11	5	0	1550	0	1566
15085	1524	3	2	35	0	1564
15086	34	2	1532	17	0	1585
15087	14	3	28	1534	0	1579
15088	12	2	1536	31	0	1581
15089	6	1557	34	16	0	1613
15090	1628	28	12	13	0	1681
15091	1680	10	8	11	0	1709
15092	1689	7	8	12	0	1716
15093	47	5	1645	10	0	1707
15094	1647	1	32	7	0	1687
15095	1689	5	15	3	0	1712
15096	47	5	8	1639	0	1699
15097	1309	5	19	45	0	1378
15098	39	5	1605	10	0	1659
15099	1577	2	29	18	0	1626
15100	42	2	1631	5	0	1680
15101	23	1620	28	4	0	1675
15102	16	27	17	1525	0	1585
15103	17	1623	4	31	0	1675
15104	10	31	1609	11	0	1661
15105	9	1628	29	14	0	1680
15106	1550	28	13	6	0	1597
15107	31	1545	11	3	0	1590
15108	16	1537	6	8	0	1567
15109	10	40	1490	1	0	1541
15110	7	19	28	1483	0	1537
15111	1497	12	13	31	0	1553
15112	33	11	1487	11	0	1542
15113	15	1484	32	7	0	1538
15114	11	34	12	1479	0	1536
15115	11	17	1506	27	0	1561
15116	9	12	1465	15	0	1501
15117	9	10	36	1464	0	1519
15118	9	5	1484	32	0	1530
15119	11	10	38	1368	0	1427
15120	11	1413	19	30	0	1473
15121	9	27	13	1438	0	1487
15122	9	1461	12	31	0	1513
15123	8	31	8	1467	0	1514
15124	1457	14	12	33	0	1516
15125	33	9	9	1460	0	1511
15126	16	1445	5	31	0	1497
15127	14	28	8	1477	0	1527
15128	8	13	1478	39	0	1538
15129	6	10	27	1493	0	1536
15130	1483	9	12	36	0	1540
15131	31	5	1418	20	0	1474
15132	15	8	32	1422	0	1477
15133	1385	4	15	44	0	1448
15134	29	1391	16	15	0	1451
15135	17	34	9	1385	0	1445
15136	1366	13	5	40	0	1424
15137	40	9	9	1362	0	1420
15138	15	13	1343	38	0	1409
15139	1313	6	25	23	0	1367
15140	36	1334	18	11	0	1399
15141	15	1361	7	22	0	1405
15142	1340	32	13	11	0	1396
15143	1330	17	11	12	0	1370
15144	41	9	9	1311	0	1370
15145	1330	9	12	31	0	1382
15146	31	10	1279	19	0	1339
15147	1289	12	26	16	0	1343
15148	35	1250	11	13	0	1309
15149	1247	30	10	8	0	1295
15150	27	15	1255	15	0	1312
15151	30	9	23	1233	0	1295
15152	16	10	19	1247	0	1292
15153	14	13	8	1155	0	1190
15154	11	1197	12	33	0	1253
15155	1204	26	4	16	0	1250
15156	36	11	9	1127	0	1183
15157	26	1172	8	26	0	1232
15158	1226	26	18	18	0	1288
15159	1147	18	9	18	0	1192
15160	1158	11	11	19	0	1199
15161	1158	10	13	16	0	1197
15162	1142	10	8	15	0	1175
15163	47	10	9	1110	0	1176
15164	34	8	11	1111	0	1164
15165	1105	13	9	44	0	1171
15166	41	16	4	1106	0	1167
15167	26	11	10	1133	0	1180
15168	14	17	1048	43	0	1122
15169	1082	9	24	27	0	1142
15170	1116	7	21	17	0	1161
15171	1112	12	8	22	0	1154
15172	42	13	7	1013	0	1075
15173	23	1066	9	36	0	1134
15174	1196	25	10	24	0	1255
15175	1137	12	6	30	0	1185
15176	52	12	16	1266	0	1346
15177	1288	9	12	43	0	1352
15178	75	17	934	38	0	1064
15179	28	1278	30	21	0	1357
15180	25	1307	14	28	0	1374
15181	42	41	1251	19	0	1353
15182	12	1134	33	17	0	1196
15183	14	1035	17	12	0	1078
15184	856	16	8	19	0	899
15185	22	861	5	10	0	898
15186	12	14	3	852	0	881
15187	864	20	1	23	0	908
15188	18	6	843	19	0	886
15189	822	6	12	13	0	853
15190	15	6	798	19	0	838
15191	21	4	780	5	0	810
15192	746	6	20	10	0	782
15193	20	4	775	10	0	809
15194	14	745	10	7	0	776
15195	9	15	8	746	0	778
15196	743	11	3	17	0	774
15197	16	730	4	16	0	766
15198	12	12	2	745	0	771
15199	7	9	755	15	0	786
15200	14	5	9	750	0	778
15201	751	5	9	19	0	784
15202	20	3	749	13	0	785
15203	22	9	11	738	0	780
15204	749	6	7	16	0	778
15205	769	2	2	19	0	792
15206	26	4	4	754	0	788
15207	20	2	3	765	0	790
15208	13	2	782	19	0	816
15209	9	4	772	12	0	797
15210	780	5	22	7	0	814
15211	810	4	20	7	0	841
15212	26	822	3	7	0	858
15213	821	15	11	10	0	857
15214	855	7	3	10	0	875
15215	23	2	886	6	0	917
15216	11	919	13	8	0	951
15217	919	12	8	10	0	949
15218	923	6	5	2	0	936
15219	930	2	1	6	0	939
15220	23	0	0	915	0	938
15221	9	2	1	907	0	919
15222	4	902	1	19	0	926
15223	5	11	0	922	0	938
15224	910	7	3	18	0	938
15225	14	4	1	921	0	940
15226	11	0	913	14	0	938
15227	5	1	896	7	0	909
15228	2	3	18	888	0	911
15229	2	1	896	15	0	914
15230	2	1	887	9	0	899
15231	0	3	19	890	0	912
15232	3	1	9	912	0	925
15233	3	1	911	18	0	933
15234	2	0	908	11	0	921
15235	4	922	20	2	0	948
15236	919	12	11	3	0	945
15237	14	953	2	5	0	974
15238	936	14	3	3	0	956
15239	948	7	4	4	0	963
15240	22	956	2	3	0	983
15241	957	17	0	6	0	980
15242	18	8	4	961	0	991
15243	7	3	970	14	0	994
15244	7	3	14	961	0	985
15245	4	2	8	984	0	998
15246	941	4	3	24	0	972
15247	958	3	1	12	0	974
15248	962	0	1	8	0	971
15249	971	3	2	2	0	978
15250	908	1	3	5	0	917
15251	24	874	2	5	0	905
15252	13	13	4	887	0	917
15253	5	10	902	15	0	932
15254	3	2	15	890	0	910
15255	4	1	11	905	0	921
15256	8	1	4	965	0	978
15257	997	1	2	29	0	1029
15258	21	1	4	1006	0	1032
15259	1009	0	3	20	0	1032
15260	19	4	1027	12	0	1062
15261	12	1	18	1133	0	1164
15262	8	1	1158	28	0	1195
15263	1139	1	29	18	0	1187
15264	31	3	13	1155	0	1202
15265	19	1	1181	27	0	1228
15266	10	2	28	1192	0	1232
15267	1188	3	13	38	0	1242
15268	32	1	1196	15	0	1244
15269	1226	0	31	7	0	1264
15270	1264	1	12	10	0	1287
15271	1262	2	6	11	0	1281
15272	1249	0	3	10	0	1262
15273	45	1198	2	8	0	1253
15274	14	1105	5	5	0	1129
15275	8	1065	3	3	0	1079
15276	10	32	2	965	0	1009
15277	6	979	6	18	0	1009
15278	944	24	5	15	0	988
15279	27	931	3	12	0	973
15280	12	947	5	5	0	969
15281	11	24	5	935	0	975
15282	3	9	4	972	0	988
15283	943	2	3	31	0	979
15284	28	2	3	950	0	983
15285	14	3	919	24	0	960
15286	11	4	866	12	0	893
15287	8	2	923	11	0	944
15288	10	2	30	918	0	960
15289	9	3	14	987	0	1013
15290	7	3	947	36	0	993
15291	6	3	937	12	0	958
15292	9	3	963	4	0	979
15293	971	4	31	9	0	1015
15294	27	5	14	990	0	1036
15295	16	5	4	1012	0	1037
15296	994	6	5	35	0	1040
15297	27	6	3	997	0	1033
15298	16	1002	4	27	0	1049
15299	6	1055	3	15	0	1079
15300	9	26	5	1047	0	1087
15301	1053	11	2	28	0	1094
15302	1041	5	4	21	0	1071
15303	1055	3	9	10	0	1077
15304	37	3	6	1033	0	1079
15305	14	3	1021	23	0	1061
15306	9	1	26	1025	0	1061
15307	8	1	1038	26	0	1073
15308	978	2	26	14	0	1020
15309	30	2	15	988	0	1035
15310	971	1	9	27	0	1008
15311	20	3	974	15	0	1012
15312	923	4	17	12	0	956
15313	28	4	978	6	0	1016
15314	18	919	22	8	0	967
15315	11	922	10	11	0	954
15316	886	27	3	6	0	922
15317	24	13	2	879	0	918
15318	13	5	890	24	0	932
15319	10	871	22	13	0	916
15320	5	915	12	9	0	941
15321	15	29	7	889	0	940
15322	904	12	1	26	0	943
15323	903	6	4	18	0	931
15324	30	901	6	9	0	946
15325	913	17	6	8	0	944
15326	29	11	3	899	0	942
15327	15	4	897	23	0	939
15328	10	922	21	13	0	966
15329	9	19	11	931	0	970
15330	13	12	7	941	0	973
15331	919	4	6	35	0	964
15332	22	6	900	17	0	945
15333	898	6	22	10	0	936
15334	919	6	14	6	0	945
15335	28	4	10	906	0	948
15336	18	4	7	910	0	939
15337	886	6	1	31	0	924
15338	20	4	3	916	0	943
15339	19	1	888	22	0	930
15340	8	4	856	14	0	882
15341	4	856	26	8	0	894
15342	4	910	12	5	0	931
15343	11	23	9	833	0	876
15344	7	839	0	23	0	869
15345	866	18	5	10	0	899
15346	20	869	4	11	0	904
15347	15	20	3	862	0	900
15348	9	12	3	879	0	903
15349	3	5	865	33	0	906
15350	8	3	22	868	0	901
15351	15	1	9	873	0	898
15352	7	884	5	31	0	927
15353	7	32	3	891	0	933
15354	12	8	7	933	0	960
15355	7	5	910	26	0	948
15356	4	866	23	18	0	911
15357	7	50	10	717	0	784
15358	5	792	2	15	0	814
15359	4	16	772	17	0	809
15360	5	752	17	7	0	781
15361	635	14	7	4	0	660
15362	612	6	4	6	0	628
15363	619	6	1	2	0	628
15364	13	610	3	4	0	630
15365	604	6	0	5	0	615
15366	14	8	0	582	0	604
15367	579	2	0	9	0	590
15368	9	571	2	19	0	601
15369	564	7	4	5	0	580
15370	553	6	3	5	0	567
15371	9	577	2	6	0	594
15372	7	8	579	3	0	597
15373	9	7	7	613	0	636
15374	4	4	678	11	0	697
15375	6	1	14	698	0	719
15376	6	4	6	752	0	768
15377	3	2	758	20	0	783
15378	3	4	14	756	0	777
15379	759	3	8	18	0	788
15380	18	3	750	8	0	779
15381	6	757	16	7	0	786
15382	10	13	8	738	0	769
15383	3	6	3	789	0	801
15384	3	6	782	19	0	810
15385	3	1	15	752	0	771
15386	2	776	4	19	0	801
15387	749	13	6	9	0	777
15388	15	768	1	5	0	789
15389	695	18	4	6	0	723
15390	16	704	1	6	0	727
15391	5	758	4	3	0	770
15392	6	18	728	2	0	754
15393	4	7	14	719	0	744
15394	9	4	4	711	0	728
15395	5	4	5	733	0	747
15396	0	797	3	20	0	820
15397	5	18	5	798	0	826
15398	793	10	4	28	0	835
15399	18	6	6	776	0	806
15400	774	1	3	30	0	808
15401	23	6	763	15	0	807
15402	761	3	20	11	0	795
15403	25	5	8	756	0	794
15404	12	7	4	803	0	826
15405	796	4	6	29	0	835
15406	20	5	794	16	0	835
15407	12	778	23	12	0	825
15408	10	18	10	789	0	827
15409	779	11	10	28	0	828
15410	803	8	3	14	0	828
15411	31	7	3	780	0	821
15412	16	8	777	22	0	823
15413	759	9	24	15	0	807
15414	25	8	756	13	0	802
15415	14	5	26	764	0	809
15416	9	3	766	28	0	806
15417	9	4	28	759	0	800
15418	10	4	740	35	0	789
15419	6	735	26	14	0	781
15420	14	22	4	654	0	694
15421	6	743	12	21	0	782
15422	743	26	4	17	0	790
15423	759	9	10	9	0	787
15424	30	9	744	8	0	791
15425	15	7	23	745	0	790
15426	754	7	8	29	0	798
15427	32	4	9	749	0	794
15428	16	4	1	743	0	764
15429	15	5	713	34	0	767
15430	682	4	25	19	0	730
15431	34	4	711	10	0	759
15432	11	2	28	718	0	759
15433	14	4	714	31	0	763
15434	706	2	28	17	0	753
15435	715	5	11	17	0	748
15436	732	5	13	11	0	761
15437	37	3	10	697	0	747
15438	18	3	673	28	0	722
15439	14	3	691	17	0	725
15440	12	10	32	619	0	673
15441	14	674	17	23	0	728
15442	665	22	10	22	0	719
15443	27	8	9	680	0	724
15444	23	10	665	28	0	726
15445	12	1	31	676	0	720
15446	11	9	671	33	0	724
15447	14	9	33	676	0	732
15448	14	8	673	36	0	731
15449	15	3	682	18	0	718
15450	8	658	33	23	0	722
15451	13	24	669	8	0	714
15452	11	10	675	15	0	711
15453	14	15	31	545	0	605
15454	13	2	15	575	0	605
15455	12	599	12	30	0	653
15456	602	17	12	18	0	649
15457	26	593	10	12	0	641
15458	14	22	15	584	0	635
15459	600	6	10	31	0	647
15460	27	5	13	613	0	658
15461	614	1	7	35	0	657
15462	26	4	19	612	0	661
15463	17	8	609	28	0	662
15464	10	3	29	626	0	668
15465	15	6	11	632	0	664
15466	614	3	11	36	0	664
15467	627	4	10	21	0	662
15468	587	3	11	15	0	616
15469	31	559	8	14	0	612
15470	17	579	14	4	0	614
15471	559	17	8	21	0	605
15472	13	6	559	17	0	595
15473	13	6	538	9	0	566
15474	16	33	19	442	0	510
15475	5	4	451	15	0	475
15476	4	1	415	14	0	434
15477	381	3	19	7	0	410
15478	390	1	9	6	0	406
15479	10	381	6	4	0	401
15480	11	410	5	3	0	429
15481	5	10	4	357	0	376
15482	5	390	5	15	0	415
15483	387	9	5	8	0	409
15484	13	6	3	374	0	396
15485	7	384	4	6	0	401
15486	395	6	3	7	0	411
15487	8	4	399	11	0	422
15488	8	2	387	5	0	402
15489	402	1	12	8	0	423
15490	13	1	403	2	0	419
15491	357	1	10	9	0	377
15492	12	0	10	362	0	384
15493	4	0	378	12	0	394
15494	7	360	11	5	0	383
15495	5	373	8	4	0	390
15496	286	3	3	1	0	293
15497	3	294	2	2	0	301
15498	262	3	0	2	0	267
15499	271	1	0	3	0	275
15500	4	272	0	0	0	276
15501	3	3	0	265	0	271
15502	1	0	275	2	0	278
15503	0	296	3	1	0	300
15504	1	5	0	286	0	292
15505	1	0	0	302	0	303
15506	299	0	0	3	0	302
15507	3	0	0	301	0	304
15508	0	0	312	2	0	314
15509	0	310	3	0	0	313
15510	2	2	0	319	0	323
15511	327	0	0	2	0	329
15512	333	0	0	0	0	333
15513	2	0	0	335	0	337
15514	384	0	0	2	0	386
15515	4	0	400	0	0	404
15516	1	0	4	393	0	398
15517	0	0	400	4	0	404
15518	1	1	4	418	0	424
15519	3	0	0	421	0	424
15520	0	0	1	424	0	425
15521	2	0	0	428	0	430
15522	1	0	1	429	0	431
15523	428	0	0	7	0	435
15524	428	0	0	4	0	432
15525	4	441	0	2	0	447
15526	448	3	0	1	0	452
15527	4	1	0	446	0	451
15528	1	0	2	452	0	455
15529	1	1	1	457	0	460
15530	0	1	454	6	0	461
15531	4	0	3	434	0	441
15532	2	454	1	4	0	461
15533	451	4	0	5	0	460
15534	451	0	1	5	0	457
15535	4	2	455	0	0	461
15536	0	453	3	5	0	461
15537	1	5	2	452	0	460
15538	1	0	469	7	0	477
15539	2	0	3	448	0	453
15540	1	465	1	4	0	471
15541	456	5	0	4	0	465
15542	3	464	0	4	0	471
15543	5	4	458	0	0	467
15544	2	0	470	2	0	474
15545	0	466	4	4	0	474
15546	3	478	0	1	0	482
15547	467	4	0	1	0	472
15548	458	0	1	5	0	464
15549	4	1	0	467	0	472
15550	1	0	463	4	0	468
15551	2	1	4	458	0	465
15552	1	2	2	464	0	469
15553	464	1	0	7	0	472
15554	452	0	0	2	0	454
15555	4	0	3	474	0	481
15556	1	2	479	7	0	489
15557	1	480	4	4	0	489
15558	481	4	3	2	0	490
15559	6	484	1	2	0	493
15560	1	7	2	483	0	493
15561	3	0	1	505	0	509
15562	2	3	0	494	0	499
15563	2	1	3	492	0	498
15564	488	1	2	8	0	499
15565	5	1	2	481	0	489
15566	1	486	0	6	0	493
15567	5	4	1	478	0	488
15568	476	1	0	10	0	487
15569	6	472	0	5	0	483
15570	5	4	2	477	0	488
15571	3	2	472	7	0	484
15572	471	0	6	6	0	483
15573	9	2	3	466	0	480
15574	3	2	458	6	0	469
15575	3	4	453	5	0	465
15576	4	1	7	462	0	474
15577	456	3	3	9	0	471
15578	467	0	3	5	0	475
15579	5	473	2	4	0	484
15580	449	6	0	9	0	464
15581	458	1	2	6	0	467
15582	456	1	0	8	0	465
15583	446	2	1	7	0	456
15584	8	1	1	444	0	454
15585	6	0	1	443	0	450
15586	1	4	424	8	0	437
15587	2	382	6	5	0	395
15588	4	404	1	3	0	412
15589	3	8	388	3	0	402
15590	393	1	3	6	0	403
15591	8	0	7	392	0	407
15592	395	2	3	8	0	408
15593	387	2	1	6	0	396
15594	6	2	386	2	0	396
15595	6	0	4	385	0	395
15596	385	2	0	11	0	398
15597	9	2	2	385	0	398
15598	5	1	382	7	0	395
15599	3	7	6	356	0	372
15600	4	378	0	10	0	392
15601	6	394	1	3	0	404
15602	6	4	364	4	0	378
15603	3	350	4	5	0	362
15604	332	6	1	7	0	346
15605	317	2	2	2	0	323
15606	3	2	1	320	0	326
15607	5	4	1	317	0	327
15608	2	1	0	319	0	322
15609	314	2	1	4	0	321
15610	5	303	2	2	0	312
15611	296	3	3	5	0	307
15612	289	1	1	4	0	295
15613	6	281	0	5	0	292
15614	228	2	0	3	0	233
15615	2	226	1	0	0	229
15616	228	1	1	0	0	230
15617	2	1	215	1	0	219
15618	185	0	4	0	0	189
15619	2	201	0	1	0	204
15620	0	3	4	196	0	203
15621	2	0	0	207	0	209
15622	1	1	0	206	0	208
15623	208	0	0	5	0	213
15624	4	0	0	212	0	216
15625	1	3	192	6	0	202
15626	182	1	3	3	0	189
15627	4	2	190	3	0	199
15628	1	1	4	187	0	193
15629	3	1	184	4	0	192
15630	2	1	5	181	0	189
15631	1	183	0	7	0	191
15632	0	3	4	180	0	187
15633	3	181	0	7	0	191
15634	3	5	1	184	0	193
15635	198	0	1	6	0	205
15636	3	3	2	205	0	213
15637	206	0	1	8	0	215
15638	5	1	192	1	0	199
15639	198	1	4	5	0	208
15640	210	2	0	2	0	214
15641	208	1	3	1	0	213
15642	8	1	0	206	0	215
15643	202	0	1	5	0	208
15644	8	1	188	0	0	197
15645	194	0	5	2	0	201
15646	8	0	194	2	0	204
15647	198	0	5	3	0	206
15648	7	1	0	201	0	209
15649	0	2	222	5	0	229
15650	7	0	4	212	0	223
15651	3	3	1	221	0	228
15652	3	0	227	5	0	235
15653	212	0	4	4	0	220
15654	5	224	0	5	0	234
15655	213	3	2	3	0	221
15656	6	221	1	2	0	230
15657	226	5	1	2	0	234
15658	7	1	224	3	0	235
15659	225	2	8	0	0	235
15660	6	221	0	2	0	229
15661	1	4	3	207	0	215
15662	3	0	0	213	0	216
15663	0	4	0	222	0	226
15664	1	0	228	5	0	234
15665	0	1	4	222	0	227
15666	1	0	237	6	0	244
15667	235	1	6	0	0	242
15668	244	0	0	5	0	249
15669	4	0	2	259	0	265
15670	2	1	257	3	0	263
15671	244	0	4	1	0	249
15672	5	0	321	3	0	329
15673	1	0	8	335	0	344
15674	3	0	2	348	0	353
15675	3	0	2	358	0	363
15676	1	0	0	365	0	366
15677	351	0	1	11	0	363
15678	7	355	0	6	0	368
15679	4	6	342	2	0	354
15680	2	345	6	3	0	356
15681	350	8	5	3	0	366
15682	7	2	3	357	0	369
15683	358	2	1	8	0	369
15684	10	0	1	356	0	367
15685	7	1	0	356	0	364
15686	2	1	1	364	0	368
15687	1	1	353	10	0	365
15688	1	361	6	6	0	374
15689	1	7	364	4	0	376
15690	2	3	9	357	0	371
15691	381	2	2	8	0	393
15692	381	1	3	6	0	391
15693	386	0	0	7	0	393
15694	10	383	2	2	0	397
15695	398	7	0	3	0	408
15696	7	2	3	395	0	407
15697	4	2	0	417	0	423
15698	4	2	1	427	0	434
15699	1	436	1	10	0	448
15700	1	8	0	415	0	424
15701	1	429	0	9	0	439
15702	433	8	1	6	0	448
15703	434	3	0	4	0	441
15704	10	2	1	430	0	443
15705	4	1	436	9	0	450
15706	425	1	6	5	0	437
15707	9	0	3	438	0	450
15708	4	1	441	7	0	453
15709	415	0	6	5	0	426
15710	10	1	3	447	0	461
15711	445	0	5	7	0	457
15712	10	445	0	4	0	459
15713	7	5	1	444	0	457
15714	2	488	0	9	0	499
15715	3	12	2	490	0	507
15716	2	511	0	9	0	522
15717	2	9	0	521	0	532
15718	1	4	506	10	0	521
15719	404	3	7	10	0	424
15720	7	507	3	3	0	520
15721	3	4	488	1	0	496
15722	487	3	4	4	0	498
15723	5	0	3	512	0	520
15724	2	0	501	7	0	510
15725	0	504	5	6	0	515
15726	3	4	4	513	0	524
15727	0	5	522	5	0	532
15728	1	0	7	518	0	526
15729	2	1	3	544	0	550
15730	2	0	552	8	0	562
15731	2	0	4	555	0	561
15732	2	2	568	4	0	576
15733	1	1	4	572	0	578
15734	3	1	599	5	0	608
15735	3	0	4	585	0	592
15736	0	2	3	599	0	604
15737	0	0	0	591	0	591
15738	1	585	1	7	0	594
15739	579	4	0	4	0	587
15740	575	7	0	5	0	587
15741	10	0	1	578	0	589
15742	589	0	0	5	0	594
15743	4	1	581	5	0	591
15744	4	575	6	0	0	585
15745	573	5	2	4	0	584
15746	4	573	1	2	0	580
15747	1	4	2	571	0	578
15748	1	4	0	571	0	576
15749	546	0	0	12	0	558
15750	6	1	1	560	0	568
15751	4	2	550	5	0	561
15752	1	545	5	3	0	554
15753	541	7	2	4	0	554
15754	4	3	1	553	0	561
15755	4	561	0	5	0	570
15756	1	5	0	549	0	555
15757	0	542	2	6	0	550
15758	543	5	0	6	0	554
15759	522	4	0	5	0	531
15760	8	1	522	0	0	531
15761	4	1	511	1	0	517
15762	2	0	7	517	0	526
15763	0	543	5	4	0	552
15764	1	5	1	541	0	548
15765	533	4	0	7	0	544
15766	4	1	535	3	0	543
15767	3	0	4	523	0	530
15768	0	1	531	6	0	538
15769	2	0	495	3	0	500
15770	0	531	8	2	0	541
15771	13	17	4	502	0	536
15772	448	0	1	6	0	455
15773	2	2	437	0	0	441
15774	0	431	2	1	0	434
15775	421	1	0	0	0	422
15776	2	0	0	429	0	431
15777	439	1	0	5	0	445
15778	442	0	0	1	0	443
15779	446	0	0	3	0	449
15780	3	0	464	0	0	467
15781	432	0	1	0	0	433
15782	470	0	0	0	0	470
15783	0	478	0	0	0	478
15784	2	6	0	476	0	484
15785	1	1	0	475	0	477
15786	0	0	0	490	0	490
15787	483	0	0	3	0	486
15788	466	0	0	4	0	470
15789	2	0	483	1	0	486
15790	3	0	1	477	0	481
15791	1	461	1	1	0	464
15792	471	1	1	3	0	476
15793	1	2	469	1	0	473
15794	3	1	1	453	0	458
15795	2	0	1	463	0	466
15796	1	458	0	1	0	460
15797	0	0	0	453	0	453
15798	0	0	0	415	0	415
15799	1	1	0	441	0	443
15800	425	0	0	6	0	431
15801	1	0	0	436	0	437
15802	1	0	0	432	0	433
15803	451	0	0	4	0	455
15804	3	0	0	458	0	461
15805	1	528	0	4	0	533
15806	544	5	0	5	0	554
15807	575	3	0	5	0	583
15808	593	2	0	2	0	597
15809	624	0	0	2	0	626
15810	14	651	0	0	0	665
15811	715	10	0	2	0	727
15812	726	3	0	4	0	733
15813	15	1	0	718	0	734
15814	4	1	676	14	0	695
15815	3	0	13	657	0	673
15816	0	0	3	663	0	666
15817	3	0	2	657	0	662
15818	2	1	0	664	0	667
15819	3	0	0	676	0	679
15820	644	0	1	18	0	663
15821	17	0	1	646	0	664
15822	2	1	649	16	0	668
15823	2	0	15	635	0	652
15824	1	657	3	16	0	677
15825	2	15	1	666	0	684
15826	3	3	690	15	0	711
15827	612	1	15	5	0	633
15828	658	0	5	4	0	667
15829	19	0	684	3	0	706
15830	5	676	15	1	0	697
15831	682	17	2	3	0	704
15832	688	2	1	4	0	695
15833	687	2	0	5	0	694
15834	668	0	2	3	0	673
15835	23	1	1	643	0	668
15836	7	4	657	17	0	685
15837	10	1	17	656	0	684
15838	6	1	4	672	0	683
15839	8	1	655	24	0	688
15840	9	2	644	9	0	664
15841	649	3	23	11	0	686
15842	23	654	9	3	0	689
15843	15	17	3	663	0	698
15844	10	6	652	25	0	693
15845	633	2	21	20	0	676
15846	20	1	676	13	0	710
15847	661	1	21	22	0	705
15848	25	679	8	9	0	721
15849	8	18	5	692	0	723
15850	11	7	671	32	0	721
15851	642	4	20	18	0	684
15852	28	681	10	9	0	728
15853	17	749	5	13	0	784
15854	17	26	8	767	0	818
15855	8	11	2	819	0	840
15856	837	9	9	29	0	884
15857	34	826	6	17	0	883
15858	15	23	9	843	0	890
15859	846	4	8	27	0	885
15860	880	7	6	17	0	910
15861	907	4	5	14	0	930
15862	43	4	899	8	0	954
15863	24	4	916	15	0	959
15864	974	5	30	14	0	1023
15865	44	978	11	15	0	1048
15866	20	1001	8	13	0	1042
15867	19	35	8	943	0	1005
15868	11	978	13	35	0	1037
15869	993	33	7	21	0	1054
15870	33	12	14	981	0	1040
15871	19	4	984	34	0	1041
15872	967	10	34	14	0	1025
15873	1016	6	13	11	0	1046
15874	41	8	14	986	0	1049
15875	26	9	8	1003	0	1046
15876	24	8	10	1007	0	1049
15877	20	10	10	998	0	1038
15878	12	12	949	42	0	1015
15879	21	938	26	22	0	1007
15880	13	38	12	867	0	930
15881	15	948	13	36	0	1012
15882	17	31	12	861	0	921
15883	17	920	9	34	0	980
15884	930	33	8	21	0	992
15885	914	16	11	19	0	960
15886	43	908	8	26	0	985
15887	930	36	6	20	0	992
15888	45	16	10	936	0	1007
15889	921	15	8	39	0	983
15890	44	922	10	19	0	995
15891	942	38	9	12	0	1001
15892	948	10	10	18	0	986
15893	51	14	12	909	0	986
15894	22	13	909	32	0	976
15895	22	913	31	15	0	981
15896	27	40	8	920	0	995
15897	933	25	8	41	0	1007
15898	36	24	911	22	0	993
15899	28	14	32	913	0	987
15900	21	17	17	942	0	997
15901	937	13	9	43	0	1002
15902	944	13	10	31	0	998
15903	925	13	9	23	0	970
15904	58	889	8	20	0	975
15905	806	34	3	22	0	865
15906	36	11	771	20	0	838
15907	24	8	732	23	0	787
15908	10	8	751	23	0	792
15909	24	7	44	685	0	760
15910	11	7	696	26	0	740
15911	624	4	19	21	0	668
15912	25	8	5	648	0	686
15913	17	6	675	19	0	717
15914	666	7	17	19	0	709
15915	28	7	8	675	0	718
15916	14	13	10	685	0	722
15917	687	5	8	26	0	726
15918	27	8	9	692	0	736
15919	13	8	682	28	0	731
15920	14	7	24	687	0	732
15921	19	4	685	25	0	733
15922	14	4	22	695	0	735
15923	669	7	16	25	0	717
15924	26	655	5	22	0	708
15925	12	675	11	18	0	716
15926	22	22	3	644	0	691
15927	13	15	4	648	0	680
15928	9	640	6	32	0	687
15929	14	636	10	14	0	674
15930	12	19	3	646	0	680
15931	13	7	11	644	0	675
15932	627	9	4	30	0	670
15933	21	621	6	17	0	665
15934	16	608	3	17	0	644
15935	13	630	8	13	0	664
15936	597	24	13	10	0	644
15937	17	13	588	10	0	628
15938	595	5	15	14	0	629
15939	23	8	10	583	0	624
15940	19	580	4	17	0	620
15941	6	608	10	13	0	637
15942	620	16	6	11	0	653
15943	19	12	8	589	0	628
15944	13	661	9	18	0	701
15945	648	22	10	14	0	694
15946	644	11	6	12	0	673
15947	19	5	622	15	0	661
15948	639	5	16	7	0	667
15949	645	4	10	14	0	673
15950	29	7	9	618	0	663
15951	14	589	6	21	0	630
15952	14	608	5	10	0	637
15953	8	18	4	575	0	605
15954	513	9	3	22	0	547
15955	15	8	468	16	0	507
15956	5	11	482	7	0	505
15957	23	3	467	9	0	502
15958	11	3	487	6	0	507
15959	2	475	25	7	0	509
15960	9	474	12	10	0	505
15961	10	18	436	10	0	474
15962	2	11	434	11	0	458
15963	1	349	10	4	0	364
15964	1	5	6	321	0	333
15965	0	4	354	4	0	362
15966	3	2	5	335	0	345
15967	1	1	4	360	0	366
15968	1	0	2	373	0	376
15969	1	0	1	377	0	379
15970	0	0	371	12	0	383
15971	1	0	6	373	0	380
15972	381	0	5	9	0	395
15973	5	0	382	5	0	392
15974	384	1	7	3	0	395
15975	8	1	5	391	0	405
15976	6	0	395	7	0	408
15977	386	0	8	7	0	401
15978	9	1	4	394	0	408
15979	398	0	2	10	0	410
15980	9	0	3	388	0	400
15981	6	390	1	12	0	409
15982	3	6	412	7	0	428
15983	3	3	7	418	0	431
15984	416	2	6	12	0	436
15985	418	2	3	11	0	434
15986	426	1	2	4	0	433
15987	409	3	0	2	0	414
15988	411	2	2	3	0	418
15989	13	407	0	4	0	424
15990	406	8	0	4	0	418
15991	9	9	396	1	0	415
15992	400	4	6	3	0	413
15993	9	1	4	401	0	415
15994	7	1	405	9	0	422
15995	4	3	394	4	0	405
15996	0	5	10	406	0	421
15997	411	3	6	10	0	430
15998	7	412	4	6	0	429
15999	417	6	1	2	0	426
16000	10	406	2	2	0	420
16001	8	9	0	417	0	434
16002	4	8	0	421	0	433
16003	423	5	0	10	0	438
16004	8	4	1	424	0	437
16005	8	2	407	13	0	430
16006	405	2	7	7	0	421
16007	12	2	4	428	0	446
16008	9	1	3	421	0	434
16009	5	0	410	10	0	425
16010	375	0	10	7	0	392
16011	404	1	4	4	0	413
16012	12	393	3	2	0	410
16013	6	5	352	1	0	364
16014	4	5	361	0	0	370
16015	0	4	8	362	0	374
16016	2	0	4	368	0	374
16017	2	365	5	8	0	380
16018	1	1	353	5	0	360
16019	1	3	3	349	0	356
16020	0	3	370	3	0	376
16021	1	0	5	362	0	368
16022	1	365	2	5	0	373
16023	0	3	3	372	0	378
16024	0	3	2	373	0	378
16025	1	2	1	368	0	372
16026	356	0	1	9	0	366
16027	3	2	360	6	0	371
16028	2	379	5	3	0	389
16029	3	4	4	424	0	435
16030	420	2	3	6	0	431
16031	3	3	0	445	0	451
16032	453	1	0	5	0	459
16033	7	0	467	3	0	477
16034	469	0	5	4	0	478
16035	8	0	4	496	0	508
16036	2	1	491	10	0	504
16037	3	501	7	5	0	516
16038	2	7	4	503	0	516
16039	0	4	2	510	0	516
16040	498	2	1	10	0	511
16041	8	503	1	6	0	518
16042	5	477	0	2	0	484
16043	3	496	0	1	0	500
16044	465	9	1	4	0	479
16045	9	467	0	0	0	476
16046	3	7	0	465	0	475
16047	4	4	0	470	0	478
16048	460	1	0	10	0	471
16049	8	459	2	4	0	473
16050	4	5	0	472	0	481
16051	485	3	1	8	0	497
16052	479	2	1	3	0	485
16053	483	0	0	3	0	486
16054	10	481	0	2	0	493
16055	460	6	0	2	0	468
16056	7	2	0	450	0	459
16057	2	449	0	6	0	457
16058	0	470	0	2	0	472
16059	1	7	0	467	0	475
16060	456	1	0	8	0	465
16061	479	0	0	1	0	480
16062	8	0	0	473	0	481
16063	1	484	0	6	0	491
16064	481	6	0	3	0	490
16065	6	1	454	1	0	462
16066	1	1	443	0	0	445
16067	423	0	6	3	0	432
16068	6	0	438	0	0	444
16069	1	0	5	415	0	421
16070	422	0	1	4	0	427
16071	4	0	0	440	0	444
16072	1	0	433	5	0	439
16073	0	448	4	2	0	454
16074	1	2	1	457	0	461
16075	0	1	467	5	0	473
16076	461	0	5	2	0	468
16077	4	0	1	472	0	477
16078	2	1	482	4	0	489
16079	1	1	5	471	0	478
16080	1	483	2	3	0	489
16081	2	5	1	542	0	550
16082	3	1	1	521	0	526
16083	0	1	1	517	0	519
16084	0	519	1	8	0	528
16085	534	4	0	4	0	542
16086	4	2	1	543	0	550
16087	4	0	2	542	0	548
16088	1	1	1	552	0	555
16089	0	2	547	7	0	556
16090	2	0	4	541	0	547
16091	540	1	0	9	0	550
16092	5	556	0	4	0	565
16093	2	6	0	563	0	571
16094	2	3	1	565	0	571
16095	565	2	1	7	0	575
16096	6	559	2	2	0	569
16097	572	5	0	4	0	581
16098	574	1	1	6	0	582
16099	7	0	1	580	0	588
16100	579	0	1	7	0	587
16101	6	580	0	3	0	589
16102	581	3	3	2	0	589
16103	7	3	1	581	0	592
16104	611	1	0	6	0	618
16105	645	0	2	3	0	650
16106	8	3	617	1	0	629
16107	639	0	5	5	0	649
16108	649	0	2	1	0	652
16109	654	1	0	3	0	658
16110	8	4	692	0	0	704
16111	1	701	7	2	0	711
16112	5	8	1	692	0	706
16113	713	1	0	8	0	722
16114	8	697	1	1	0	707
16115	704	10	0	3	0	717
16116	11	1	0	706	0	718
16117	4	1	708	9	0	722
16118	727	1	9	2	0	739
16119	13	0	1	744	0	758
16120	0	0	752	11	0	763
16121	742	0	10	3	0	755
16122	12	3	794	2	0	811
16123	4	0	11	840	0	855
16124	6	0	2	871	0	879
16125	866	1	2	13	0	882
16126	862	1	1	7	0	871
16127	12	861	1	5	0	879
16128	852	11	0	2	0	865
16129	16	4	777	3	0	800
16130	4	3	779	3	0	789
16131	765	4	12	4	0	785
16132	16	784	4	4	0	808
16133	752	12	4	7	0	775
16134	23	746	3	2	0	774
16135	745	8	3	2	0	758
16136	10	4	4	735	0	753
16137	8	4	730	6	0	748
16138	7	4	6	712	0	729
16139	6	0	2	752	0	760
16140	747	2	6	9	0	764
16141	9	5	736	3	0	753
16142	710	0	8	12	0	730
16143	11	737	3	3	0	754
16144	725	7	5	6	0	743
16145	13	0	3	725	0	741
16146	5	6	731	9	0	751
16147	7	5	9	726	0	747
16148	739	1	0	13	0	753
16149	11	4	4	736	0	755
16150	5	2	3	727	0	737
16151	10	711	2	10	0	733
16152	3	8	6	722	0	739
16153	5	0	712	12	0	729
16154	8	3	4	710	0	725
16155	3	2	3	720	0	728
16156	707	1	5	11	0	724
16157	11	4	4	705	0	724
16158	3	0	698	17	0	718
16159	5	694	9	7	0	715
16160	8	8	2	703	0	721
16161	5	1	6	695	0	707
16162	695	6	3	9	0	713
16163	11	680	4	6	0	701
16164	5	10	3	691	0	709
16165	673	3	4	13	0	693
16166	685	5	1	5	0	696
16167	15	3	4	682	0	704
16168	10	5	667	13	0	695
16169	679	3	9	5	0	696
16170	20	2	2	698	0	722
16171	681	2	6	15	0	704
16172	678	2	5	7	0	692
16173	11	641	5	10	0	667
16174	642	11	1	11	0	665
16175	20	644	3	8	0	675
16176	14	11	3	643	0	671
16177	14	7	4	624	0	649
16178	14	635	3	10	0	662
16179	635	17	2	13	0	667
16180	611	1	8	10	0	630
16181	15	8	561	8	0	592
16182	6	5	559	9	0	579
16183	15	1	12	565	0	593
16184	578	3	5	19	0	605
16185	18	2	7	572	0	599
16186	7	2	4	595	0	608
16187	7	5	595	19	0	626
16188	11	3	586	9	0	609
16189	9	3	594	12	0	618
16190	577	1	16	8	0	602
16191	595	2	10	10	0	617
16192	18	575	9	9	0	611
16193	10	585	7	6	0	608
16194	16	9	6	575	0	606
16195	5	13	575	17	0	610
16196	566	7	13	7	0	593
16197	10	4	604	13	0	631
16198	8	4	17	602	0	631
16199	12	3	5	619	0	639
16200	9	3	7	629	0	648
16201	10	2	6	643	0	661
16202	631	5	3	24	0	663
16203	19	1	6	641	0	667
16204	6	0	609	16	0	631
16205	548	3	8	12	0	571
16206	15	0	577	11	0	603
16207	4	4	562	10	0	580
16208	9	568	10	6	0	593
16209	9	8	6	533	0	556
16210	535	2	4	13	0	554
16211	13	3	1	527	0	544
16212	5	2	526	12	0	545
16213	5	1	10	524	0	540
16214	511	1	4	13	0	529
16215	9	512	5	6	0	532
16216	504	7	3	8	0	522
16217	11	505	1	7	0	524
16218	484	7	1	9	0	501
16219	11	487	3	2	0	503
16220	7	479	1	3	0	490
16221	2	9	473	1	0	485
16222	3	437	7	3	0	450
16223	377	6	1	2	0	386
16224	6	4	0	377	0	387
16225	381	0	0	5	0	386
16226	5	397	0	2	0	404
16227	403	5	2	1	0	411
16228	6	3	410	2	0	421
16229	5	1	6	396	0	408
16230	1	418	3	6	0	428
16231	3	7	0	428	0	438
16232	4	5	0	433	0	442
16233	508	0	1	11	0	520
16234	9	518	2	2	0	531
16235	541	12	1	0	0	554
16236	12	7	536	1	0	556
16237	8	4	524	2	0	538
16238	5	527	17	2	0	551
16239	8	10	8	512	0	538
16240	4	7	529	9	0	549
16241	4	3	11	504	0	522
16242	8	3	9	534	0	554
16243	0	2	516	17	0	535
16244	2	2	512	11	0	527
16245	0	4	535	7	0	546
16246	2	0	538	3	0	543
16247	0	554	18	6	0	578
16248	6	10	10	553	0	579
16249	2	11	4	574	0	591
16250	3	3	570	19	0	595
16251	1	2	17	568	0	588
16252	3	1	589	12	0	605
16253	4	5	13	577	0	599
16254	3	1	10	566	0	580
16255	2	578	4	17	0	601
16256	2	13	3	575	0	593
16257	3	7	1	583	0	594
16258	1	3	6	595	0	605
16259	1	2	568	23	0	594
16260	1	564	10	14	0	589
16261	567	11	10	6	0	594
16262	570	7	5	9	0	591
16263	16	2	3	569	0	590
16264	12	8	5	548	0	573
16265	5	564	3	19	0	591
16266	547	10	3	14	0	574
16267	11	578	7	6	0	602
16268	576	13	5	6	0	600
16269	11	12	574	8	0	605
16270	543	5	9	9	0	566
16271	10	575	11	5	0	601
16272	11	11	5	576	0	603
16273	8	10	3	567	0	588
16274	8	583	4	19	0	614
16275	569	13	6	12	0	600
16276	17	9	6	574	0	606
16277	13	9	6	587	0	615
16278	596	4	6	21	0	627
16279	599	2	3	20	0	624
16280	15	9	592	9	0	625
16281	596	5	11	9	0	621
16282	12	6	9	607	0	634
16283	17	2	600	16	0	635
16284	9	4	12	594	0	619
16285	11	1	600	13	0	625
16286	1	9	594	10	0	614
16287	9	5	17	583	0	614
16288	3	3	590	23	0	619
16289	0	602	15	19	0	636
16290	6	13	10	598	0	627
16291	5	13	5	613	0	636
16292	7	1	616	23	0	647
16293	7	599	14	15	0	635
16294	607	11	12	14	0	644
16295	14	14	8	613	0	649
16296	616	5	6	22	0	649
16297	13	616	4	20	0	653
16298	9	16	629	9	0	663
16299	8	11	12	615	0	646
16300	599	4	17	16	0	636
16301	14	4	583	15	0	616
16302	579	4	15	12	0	610
16303	11	567	8	12	0	598
16304	11	571	10	6	0	598
16305	559	16	4	11	0	590
16306	16	9	5	572	0	602
16307	10	4	7	557	0	578
16308	8	554	3	19	0	584
16309	6	14	5	562	0	587
16310	8	12	1	567	0	588
16311	559	3	4	19	0	585
16312	15	2	3	566	0	586
16313	7	3	565	22	0	597
16314	6	3	13	574	0	596
16315	4	5	8	610	0	627
16316	6	3	597	21	0	627
16317	9	3	12	597	0	621
16318	584	0	12	21	0	617
16319	570	5	11	12	0	598
16320	580	6	2	14	0	602
16321	19	1	5	576	0	601
16322	15	1	573	17	0	606
16323	7	560	11	15	0	593
16324	10	12	9	560	0	591
16325	10	5	569	15	0	599
16326	6	5	10	553	0	574
16327	9	2	8	556	0	575
16328	538	2	8	17	0	565
16329	8	566	6	10	0	590
16330	7	9	543	12	0	571
16331	528	5	12	4	0	549
16332	5	558	7	9	0	579
16333	3	480	3	6	0	492
16334	486	7	9	8	0	510
16335	5	4	1	483	0	493
16336	4	0	526	5	0	535
16337	3	1	7	520	0	531
16338	0	533	3	9	0	545
16339	539	10	1	3	0	553
16340	11	2	1	538	0	552
16341	549	0	1	15	0	565
16342	11	1	3	547	0	562
16343	4	577	0	9	0	590
16344	572	11	0	6	0	589
16345	563	2	1	2	0	568
16346	15	558	2	3	0	578
16347	540	9	0	7	0	556
16348	10	4	1	514	0	529
16349	4	524	0	8	0	536
16350	523	9	0	4	0	536
16351	9	531	0	1	0	541
16352	535	10	0	3	0	548
16353	10	3	1	534	0	548
16354	535	2	0	9	0	546
16355	562	2	0	3	0	567
16356	556	2	0	3	0	561
16357	14	1	0	555	0	570
16358	4	1	0	569	0	574
16359	563	0	1	12	0	576
16360	13	0	567	1	0	581
16361	5	2	7	584	0	598
16362	3	601	2	11	0	617
16363	1	8	0	613	0	622
16364	5	2	1	622	0	630
16365	2	1	623	11	0	637
16366	1	3	8	670	0	682
16367	1	718	2	10	0	731
16368	4	11	1	732	0	748
16369	1	7	782	13	0	803
16370	5	1	18	792	0	816
16371	10	2	4	812	0	828
16372	797	6	1	25	0	829
16373	805	5	1	13	0	824
16374	23	1	2	791	0	817
16375	6	769	6	19	0	800
16376	2	791	3	9	0	805
16377	4	17	798	5	0	824
16378	10	6	15	765	0	796
16379	782	1	4	22	0	809
16380	18	3	2	781	0	804
16381	6	3	806	19	0	834
16382	4	4	15	811	0	834
16383	4	4	7	822	0	837
16384	7	0	1	847	0	855
16385	5	4	821	22	0	852
16386	2	829	16	12	0	859
16387	808	16	6	14	0	844
16388	818	7	2	8	0	835
16389	21	4	1	814	0	840
16390	9	11	797	19	0	836
16391	4	802	19	7	0	832
16392	13	18	6	748	0	785
16393	5	804	2	19	0	830
16394	6	818	1	8	0	833
16395	806	16	2	5	0	829
16396	18	5	812	5	0	840
16397	5	3	774	7	0	789
16398	8	2	15	750	0	775
16399	9	2	7	779	0	797
16400	3	2	777	20	0	802
16401	9	4	14	760	0	787
16402	2	5	771	18	0	796
16403	724	1	14	15	0	754
16404	18	1	6	768	0	793
16405	8	1	806	19	0	834
16406	5	6	14	747	0	772
16407	5	818	8	16	0	847
16408	817	13	5	13	0	848
16409	13	831	4	9	0	857
16410	831	14	3	9	0	857
16411	15	6	832	6	0	859
16412	830	6	16	7	0	859
16413	21	4	4	832	0	861
16414	8	5	836	18	0	867
16415	9	1	15	805	0	830
16416	3	2	814	19	0	838
16417	762	4	18	8	0	792
16418	19	793	5	5	0	822
16419	9	16	3	766	0	794
16420	2	827	4	15	0	848
16421	818	17	4	15	0	854
16422	819	7	5	15	0	846
16423	23	826	2	9	0	860
16424	9	18	1	840	0	868
16425	6	8	3	844	0	861
16426	4	6	5	851	0	866
16427	814	4	2	31	0	851
16428	16	822	5	10	0	853
16429	7	16	3	807	0	833
16430	4	5	3	822	0	834
16431	790	3	3	27	0	823
16432	16	2	755	9	0	782
16433	8	4	752	6	0	770
16434	723	1	15	8	0	747
16435	15	5	732	8	0	760
16436	6	3	692	5	0	706
16437	14	1	15	681	0	711
16438	689	3	9	14	0	715
16439	16	2	2	687	0	707
16440	7	4	686	12	0	709
16441	642	0	14	9	0	665
16442	13	1	651	4	0	669
16443	7	653	10	4	0	674
16444	5	10	4	672	0	691
16445	702	5	4	20	0	731
16446	10	5	4	709	0	728
16447	11	3	2	707	0	723
16448	730	2	3	22	0	757
16449	12	6	3	740	0	761
16450	6	2	3	758	0	769
16451	4	1	757	17	0	779
16452	5	2	13	752	0	772
16453	753	0	7	16	0	776
16454	758	3	5	9	0	775
16455	744	3	2	10	0	759
16456	17	0	5	740	0	762
16457	8	729	3	14	0	754
16458	736	9	6	10	0	761
16459	10	735	4	4	0	753
16460	737	13	1	3	0	754
16461	17	3	3	714	0	737
16462	691	3	3	15	0	712
16463	676	3	3	11	0	693
16464	695	0	2	6	0	703
16465	15	684	3	4	0	706
16466	3	624	5	2	0	634
16467	583	8	3	5	0	599
16468	8	590	3	4	0	605
16469	1	521	0	2	0	524
16470	0	505	1	2	0	508
16471	505	2	2	3	0	512
16472	2	1	0	506	0	509
16473	4	1	0	503	0	508
16474	495	2	0	6	0	503
16475	3	1	512	2	0	518
16476	4	1	2	576	0	583
16477	4	2	2	587	0	595
16478	3	1	0	651	0	655
16479	2	3	0	702	0	707
16480	2	673	3	16	0	694
16481	0	773	0	14	0	787
16482	781	17	0	6	0	804
16483	17	8	0	780	0	805
16484	12	1	1	787	0	801
16485	2	3	755	22	0	782
16486	5	2	12	770	0	789
16487	1	0	784	20	0	805
16488	5	0	17	797	0	819
16489	0	1	811	20	0	832
16490	1	803	17	9	0	830
16491	4	14	8	809	0	835
16492	811	8	4	23	0	846
16493	814	4	3	13	0	834
16494	26	2	3	799	0	830
16495	9	2	798	19	0	828
16496	6	1	779	11	0	797
16497	765	1	22	9	0	797
16498	18	785	11	7	0	821
16499	788	16	7	7	0	818
16500	795	7	6	4	0	812
16501	25	3	791	2	0	821
16502	15	4	16	783	0	818
16503	9	2	7	794	0	812
16504	6	2	4	844	0	856
16505	4	0	4	791	0	799
16506	6	1	3	774	0	784
16507	4	2	755	31	0	792
16508	1	1	760	21	0	783
16509	5	0	22	743	0	770
16510	3	1	16	762	0	782
16511	5	0	8	767	0	780
16512	735	2	8	26	0	771
16513	18	2	2	739	0	761
16514	735	0	3	26	0	764
16515	23	2	2	742	0	769
16516	751	0	4	27	0	782
16517	757	2	2	19	0	780
16518	745	0	5	14	0	764
16519	743	2	1	11	0	757
16520	745	1	2	12	0	760
16521	35	1	2	725	0	763
16522	757	0	3	22	0	782
16523	25	741	2	12	0	780
16524	756	14	4	9	0	783
16525	26	8	1	752	0	787
16526	17	3	739	24	0	783
16527	12	3	15	759	0	789
16528	11	2	758	26	0	797
16529	8	0	20	755	0	783
16530	6	1	17	769	0	793
16531	7	3	745	30	0	785
16532	4	1	763	21	0	789
16533	10	1	25	767	0	803
16534	771	1	12	28	0	812
16535	21	3	773	16	0	813
16536	15	761	24	14	0	814
16537	8	18	789	10	0	825
16538	783	7	22	17	0	829
16539	23	5	14	796	0	838
16540	819	5	11	22	0	857
16541	832	2	6	15	0	855
16542	34	0	6	808	0	848
16543	22	0	784	22	0	828
16544	11	1	21	784	0	817
16545	11	2	12	756	0	781
16546	728	1	8	32	0	769
16547	23	744	6	20	0	793
16548	16	22	6	745	0	789
16549	12	8	736	24	0	780
16550	698	8	20	20	0	746
16551	23	704	12	11	0	750
16552	19	20	6	716	0	761
16553	15	9	6	733	0	763
16554	8	4	7	747	0	766
16555	712	3	7	33	0	755
16556	719	3	4	31	0	757
16557	30	0	8	721	0	759
16558	15	1	720	28	0	764
16559	11	723	16	25	0	775
16560	734	16	12	16	0	778
16561	746	13	9	11	0	779
16562	31	7	7	733	0	778
16563	23	5	4	749	0	781
16564	11	4	740	36	0	791
16565	11	758	17	23	0	809
16566	762	16	14	18	0	810
16567	755	11	5	14	0	785
16568	31	733	3	14	0	781
16569	747	21	3	7	0	778
16570	33	14	3	736	0	786
16571	23	6	717	27	0	773
16572	17	6	18	739	0	780
16573	12	5	738	25	0	780
16574	727	3	21	24	0	775
16575	22	729	17	16	0	784
16576	13	14	6	659	0	692
16577	7	9	650	20	0	686
16578	9	4	617	11	0	641
16579	554	7	14	9	0	584
16580	10	568	13	6	0	597
16581	475	6	4	6	0	491
16582	464	7	3	4	0	478
16583	460	2	3	4	0	469
16584	11	1	3	452	0	467
16585	10	1	439	7	0	457
16586	8	439	4	5	0	456
16587	8	3	7	444	0	462
16588	4	6	431	9	0	450
16589	3	2	392	7	0	404
16590	3	0	9	402	0	414
16591	2	4	402	6	0	414
16592	398	2	6	6	0	412
16593	5	2	5	402	0	414
16594	7	1	5	404	0	417
16595	409	0	3	9	0	421
16596	4	402	4	8	0	418
16597	432	5	2	8	0	447
16598	5	6	4	441	0	456
16599	5	2	4	452	0	463
16600	5	0	4	450	0	459
16601	5	2	1	443	0	451
16602	426	1	1	14	0	442
16603	6	1	428	7	0	442
16604	8	412	3	2	0	425
16605	3	3	5	417	0	428
16606	382	3	3	6	0	394
16607	403	3	1	7	0	414
16608	8	401	0	5	0	414
16609	407	3	2	2	0	414
16610	5	409	2	3	0	419
16611	3	423	2	5	0	433
16612	1	23	2	414	0	440
16613	5	19	422	6	0	452
16614	3	3	5	444	0	455
16615	431	2	5	6	0	444
16616	7	436	1	7	0	451
16617	5	5	1	461	0	472
16618	5	5	502	7	0	519
16619	514	0	7	12	0	533
16620	536	2	7	4	0	549
16621	533	1	2	2	0	538
16622	14	4	492	2	0	512
16623	481	2	7	7	0	497
16624	7	478	6	1	0	492
16625	6	6	1	462	0	475
16626	1	485	3	9	0	498
16627	483	5	1	4	0	493
16628	469	5	1	3	0	478
16629	11	3	474	1	0	489
16630	8	472	5	1	0	486
16631	0	7	9	476	0	492
16632	2	6	1	470	0	479
16633	1	2	1	473	0	477
16634	3	1	1	455	0	460
16635	1	1	0	463	0	465
16636	2	0	442	11	0	455
16637	2	440	6	6	0	454
16638	426	5	5	3	0	439
16639	6	6	423	1	0	436
16640	5	435	7	2	0	449
16641	432	5	10	2	0	449
16642	7	4	471	2	0	484
16643	459	1	7	1	0	468
16644	454	2	5	0	0	461
16645	469	2	0	2	0	473
16646	8	474	1	4	0	487
16647	5	7	463	3	0	478
16648	3	471	4	0	0	478
16649	4	7	6	393	0	410
16650	3	480	3	6	0	492
16651	491	8	0	2	0	501
16652	505	3	0	5	0	513
16653	497	2	2	4	0	505
16654	11	0	519	2	0	532
16655	5	559	8	3	0	575
16656	3	9	5	623	0	640
16657	675	3	4	14	0	696
16658	16	663	3	5	0	687
16659	9	18	0	648	0	675
16660	4	4	649	16	0	673
16661	620	6	16	6	0	648
16662	22	2	683	3	0	710
16663	6	0	720	3	0	729
16664	667	3	23	5	0	698
16665	20	3	701	3	0	727
16666	678	4	23	6	0	711
16667	25	686	7	4	0	722
16668	725	18	9	3	0	755
16669	24	3	5	715	0	747
16670	11	5	5	710	0	731
16671	12	4	5	740	0	761
16672	731	1	4	26	0	762
16673	730	4	3	13	0	750
16674	732	2	1	12	0	747
16675	26	697	4	5	0	732
16676	15	14	3	711	0	743
16677	11	5	705	24	0	745
16678	6	7	19	677	0	709
16679	8	677	4	23	0	712
16680	12	30	8	661	0	711
16681	8	5	6	686	0	705
16682	677	8	3	22	0	710
16683	20	7	3	678	0	708
16684	11	1	669	27	0	708
16685	10	5	659	9	0	683
16686	12	1	18	680	0	711
16687	658	5	13	26	0	702
16688	24	2	11	660	0	697
16689	9	4	5	685	0	703
16690	12	1	679	27	0	719
16691	10	680	20	11	0	721
16692	7	19	10	692	0	728
16693	685	3	8	25	0	721
16694	21	691	8	12	0	732
16695	14	19	2	698	0	733
16696	8	4	690	32	0	734
16697	8	10	23	659	0	700
16698	662	3	4	33	0	702
16699	21	645	9	13	0	688
16700	12	20	652	11	0	695
16701	12	10	15	651	0	688
16702	6	9	655	24	0	694
16703	641	1	26	15	0	683
16704	660	5	13	10	0	688
16705	24	1	651	17	0	693
16706	13	3	22	647	0	685
16707	13	10	669	22	0	714
16708	7	665	25	14	0	711
16709	10	18	16	675	0	719
16710	8	9	682	26	0	725
16711	10	7	24	635	0	676
16712	7	662	16	26	0	711
16713	9	17	11	663	0	700
16714	7	8	656	28	0	699
16715	620	9	21	19	0	669
16716	21	648	13	12	0	694
16717	636	14	9	14	0	673
16718	21	11	593	7	0	632
16719	570	9	16	14	0	609
16720	25	5	584	10	0	624
16721	573	5	24	12	0	614
16722	596	2	11	12	0	621
16723	25	2	13	575	0	615
16724	13	9	9	591	0	622
16725	594	2	9	23	0	628
16726	22	598	4	15	0	639
16727	616	16	11	18	0	661
16728	29	11	6	616	0	662
16729	12	634	6	25	0	677
16730	14	15	8	652	0	689
16731	11	4	6	674	0	695
16732	11	10	7	664	0	692
16733	9	650	6	29	0	694
16734	638	19	11	19	0	687
16735	27	6	4	652	0	689
16736	9	11	637	26	0	683
16737	16	8	619	12	0	655
16738	8	3	623	22	0	656
16739	627	6	39	12	0	684
16740	632	3	13	20	0	668
16741	29	6	632	8	0	675
16742	24	5	20	585	0	634
16743	13	5	11	616	0	645
16744	13	3	631	26	0	673
16745	5	3	627	17	0	652
16746	10	3	24	624	0	661
16747	631	1	15	23	0	670
16748	617	3	10	14	0	644
16749	621	3	10	13	0	647
16750	26	593	3	17	0	639
16751	11	608	10	9	0	638
16752	18	15	4	609	0	646
16753	599	12	12	19	0	642
16754	20	9	572	6	0	607
16755	512	1	11	21	0	545
16756	13	468	5	5	0	491
16757	5	435	2	1	0	443
16758	443	2	1	3	0	449
16759	5	433	2	2	0	442
16760	1	441	1	1	0	444
16761	421	5	13	5	0	444
16762	7	429	0	0	0	436
16763	4	4	1	401	0	410
16764	1	2	1	402	0	406
16765	396	1	0	6	0	403
16766	388	0	1	3	0	392
16767	4	401	2	2	0	409
16768	2	386	1	0	0	389
16769	1	4	383	2	0	390
16770	394	2	4	1	0	401
16771	393	10	1	0	0	404
16772	406	1	1	0	0	408
16773	6	1	0	402	0	409
16774	3	1	1	419	0	424
16775	451	0	0	6	0	457
16776	5	0	1	447	0	453
16777	3	0	445	4	0	452
16778	5	1	2	438	0	446
16779	1	441	2	4	0	448
16780	0	4	2	444	0	450
16781	4	2	0	443	0	449
16782	0	4	0	452	0	456
16783	448	1	0	8	0	457
16784	3	448	1	4	0	456
16785	3	4	0	453	0	460
16786	1	3	452	5	0	461
16787	1	1	427	4	0	433
16788	2	0	6	445	0	453
16789	4	1	3	445	0	453
16790	436	1	2	6	0	445
16791	4	1	0	414	0	419
16792	4	414	2	5	0	425
16793	3	3	408	3	0	417
16794	2	11	4	407	0	424
16795	2	1	424	5	0	432
16796	1	2	4	432	0	439
16797	436	1	2	7	0	446
16798	430	0	0	7	0	437
16799	5	429	2	4	0	440
16800	4	4	3	440	0	451
16801	448	2	2	6	0	458
16802	455	3	0	7	0	465
16803	466	2	0	6	0	474
16804	460	0	0	3	0	463
16805	457	0	1	5	0	463
16806	7	458	2	1	0	468
16807	448	3	1	2	0	454
16808	3	1	444	0	0	448
16809	2	0	4	438	0	444
16810	444	0	1	7	0	452
16811	444	0	1	2	0	447
16812	436	0	1	1	0	438
16813	5	0	429	3	0	437
16814	3	2	4	432	0	441
16815	446	1	3	3	0	453
16816	4	445	0	4	0	453
16817	488	4	1	3	0	496
16818	477	2	1	2	0	482
16819	490	0	0	4	0	494
16820	7	2	0	500	0	509
16821	511	2	1	5	0	519
16822	8	0	513	4	0	525
16823	4	3	521	2	0	530
16824	513	2	4	1	0	520
16825	8	0	524	1	0	533
16826	472	2	2	2	0	478
16827	4	2	496	2	0	504
16828	4	0	3	473	0	480
16829	471	3	2	1	0	477
16830	1	456	1	4	0	462
16831	466	1	1	6	0	474
16832	3	450	2	1	0	456
16833	5	493	0	0	0	498
16834	3	4	0	523	0	530
16835	2	3	1	519	0	525
16836	1	1	2	519	0	523
16837	2	2	513	2	0	519
16838	502	2	1	2	0	507
16839	524	1	3	4	0	532
16840	530	0	1	2	0	533
16841	533	1	0	4	0	538
16842	530	1	0	2	0	533
16843	7	0	486	0	0	493
16844	3	1	511	1	0	516
16845	3	0	6	510	0	519
16846	3	1	503	4	0	511
16847	506	0	3	4	0	513
16848	6	534	1	1	0	542
16849	5	6	2	571	0	584
16850	579	2	0	8	0	589
16851	8	0	1	606	0	615
16852	5	2	607	6	0	620
16853	3	1	596	3	0	603
16854	4	1	8	617	0	630
16855	4	2	631	6	0	643
16856	603	1	6	7	0	617
16857	8	10	4	604	0	626
16858	4	0	622	6	0	632
16859	0	615	7	8	0	630
16860	6	6	9	612	0	633
16861	3	3	630	7	0	643
16862	5	1	5	613	0	624
16863	4	0	7	624	0	635
16864	2	2	629	11	0	644
16865	1	0	6	636	0	643
16866	2	1	6	598	0	607
16867	3	0	1	642	0	646
16868	625	0	2	12	0	639
16869	9	619	2	3	0	633
16870	3	615	1	3	0	622
16871	2	9	613	2	0	626
16872	567	2	7	6	0	582
16873	10	0	607	0	0	617
16874	6	2	589	0	0	597
16875	3	3	7	550	0	563
16876	561	0	4	6	0	571
16877	8	571	0	2	0	581
16878	570	7	1	2	0	580
16879	575	2	2	1	0	580
16880	8	585	1	2	0	596
16881	580	6	0	2	0	588
16882	580	4	0	2	0	586
16883	9	618	0	0	0	627
16884	4	6	0	622	0	632
16885	1	3	0	657	0	661
16886	666	0	1	11	0	678
16887	12	711	0	3	0	726
16888	730	12	0	5	0	747
16889	735	4	1	3	0	743
16890	777	0	1	3	0	781
16891	18	0	0	763	0	781
16892	8	2	2	774	0	786
16893	770	1	0	18	0	789
16894	782	0	2	8	0	792
16895	790	0	3	3	0	796
16896	19	1	0	799	0	819
16897	4	1	812	16	0	833
16898	6	0	15	817	0	838
16899	5	2	4	898	0	909
16900	3	0	881	23	0	907
16901	3	0	902	10	0	915
16902	4	0	22	895	0	921
16903	1	2	900	16	0	919
16904	924	1	20	11	0	956
16905	18	1	7	957	0	983
16906	11	1	7	962	0	981
16907	970	2	2	25	0	999
16908	18	2	6	973	0	999
16909	11	1	3	981	0	996
16910	8	1	6	990	0	1005
16911	5	1	1	1000	0	1007
16912	5	0	976	30	0	1011
16913	7	0	21	968	0	996
16914	4	2	964	29	0	999
16915	3	969	22	15	0	1009
16916	6	16	6	977	0	1005
16917	6	7	925	21	0	959
16918	855	4	15	20	0	894
16919	18	903	14	8	0	943
16920	918	17	5	8	0	948
16921	23	9	7	876	0	915
16922	11	901	6	19	0	937
16923	913	17	4	13	0	947
16924	19	922	5	12	0	958
16925	946	20	3	9	0	978
16926	26	11	2	921	0	960
16927	932	4	4	23	0	963
16928	23	960	3	17	0	1003
16929	960	23	3	21	0	1007
16930	28	6	960	6	0	1000
16931	16	7	18	961	0	1002
16932	958	5	8	28	0	999
16933	938	3	7	21	0	969
16934	32	4	6	918	0	960
16935	16	8	919	24	0	967
16936	15	854	18	28	0	915
16937	19	920	13	11	0	963
16938	917	28	6	13	0	964
16939	34	15	7	905	0	961
16940	17	11	5	933	0	966
16941	909	6	3	36	0	954
16942	890	11	9	22	0	932
16943	37	4	894	15	0	950
16944	20	9	22	890	0	941
16945	20	4	877	29	0	930
16946	17	883	25	16	0	941
16947	856	16	8	25	0	905
16948	23	858	9	16	0	906
16949	20	867	10	8	0	905
16950	17	26	4	867	0	914
16951	830	10	8	29	0	877
16952	24	840	7	14	0	885
16953	827	21	4	24	0	876
16954	25	821	5	16	0	867
16955	19	18	4	838	0	879
16956	832	7	5	24	0	868
16957	23	12	835	14	0	884
16958	16	9	12	834	0	871
16959	16	5	838	15	0	874
16960	10	796	17	16	0	839
16961	11	806	8	24	0	849
16962	811	23	7	13	0	854
16963	19	824	7	10	0	860
16964	837	22	6	15	0	880
16965	840	11	5	8	0	864
16966	21	15	813	11	0	860
16967	819	10	17	7	0	853
16968	23	13	846	9	0	891
16969	18	847	15	10	0	890
16970	873	24	5	8	0	910
16971	25	860	11	10	0	906
16972	15	17	7	887	0	926
16973	873	13	11	24	0	921
16974	28	15	2	872	0	917
16975	14	9	894	21	0	938
16976	13	8	14	882	0	917
16977	10	12	11	890	0	923
16978	875	10	6	24	0	915
16979	23	10	876	14	0	923
16980	872	4	22	15	0	913
16981	911	7	11	11	0	940
16982	28	11	14	881	0	934
16983	23	12	2	867	0	904
16984	875	4	6	24	0	909
16985	23	902	6	16	0	947
16986	19	13	2	873	0	907
16987	21	9	829	11	0	870
16988	11	6	769	15	0	801
16989	4	818	19	12	0	853
16990	11	13	11	789	0	824
16991	9	13	5	808	0	835
16992	811	8	3	16	0	838
16993	14	7	3	788	0	812
16994	771	2	3	17	0	793
16995	16	756	4	10	0	786
16996	11	745	1	9	0	766
16997	5	785	3	7	0	800
16998	768	10	12	10	0	800
16999	721	4	2	6	0	733
17000	14	707	2	2	0	725
17001	655	6	1	2	0	664
17002	8	645	0	2	0	655
17003	5	7	1	648	0	661
17004	1	646	0	7	0	654
17005	649	7	0	3	0	659
17006	645	6	3	6	0	660
17007	9	2	1	631	0	643
17008	628	1	2	8	0	639
17009	7	1	2	637	0	647
17010	5	646	2	14	0	667
17011	2	5	2	647	0	656
17012	4	654	0	9	0	667
17013	652	6	2	8	0	668
17014	7	6	641	1	0	655
17015	596	1	4	2	0	603
17016	7	0	1	617	0	625
17017	2	0	610	6	0	618
17018	593	2	4	5	0	604
17019	7	1	630	0	0	638
17020	4	2	5	649	0	660
17021	1	0	2	653	0	656
17022	1	1	2	656	0	660
17023	1	1	1	646	0	649
17024	2	661	0	5	0	668
17025	0	5	1	748	0	754
17026	757	1	1	11	0	770
17027	8	0	748	5	0	761
17028	5	841	7	3	0	856
17029	851	14	2	7	0	874
17030	919	11	1	0	0	931
17031	24	3	1	1035	0	1063
17032	11	4	1033	17	0	1065
17033	8	1	20	1030	0	1059
17034	7	3	9	1055	0	1074
17035	6	1	1048	27	0	1082
17036	4	1080	22	12	0	1118
17037	1105	21	10	11	0	1147
17038	1143	13	4	10	0	1170
17039	1161	4	4	10	0	1179
17040	38	4	5	1131	0	1178
17041	25	2	2	1210	0	1239
17042	1226	4	2	35	0	1267
17043	34	1	4	1178	0	1217
17044	18	1212	2	31	0	1263
17045	1249	22	5	21	0	1297
17046	1274	20	2	13	0	1309
17047	1348	7	1	16	0	1372
17048	1372	6	5	11	0	1394
17049	54	4	1286	8	0	1352
17050	34	2	1283	9	0	1328
17051	22	5	45	1295	0	1367
17052	18	6	17	1330	0	1371
17053	14	4	1304	43	0	1365
17054	14	3	1308	28	0	1353
17055	18	2	43	1309	0	1372
17056	1305	1	24	40	0	1370
17057	34	6	14	1291	0	1345
17058	28	0	1313	37	0	1378
17059	16	1346	30	29	0	1421
17060	1346	28	22	24	0	1420
17061	1373	16	13	18	0	1420
17062	1375	8	13	16	0	1412
17063	1386	6	7	12	0	1411
17064	63	6	1291	12	0	1372
17065	38	5	37	1309	0	1389
17066	1332	3	26	36	0	1397
17067	45	5	14	1334	0	1398
17068	37	3	13	1282	0	1335
17069	22	1234	12	64	0	1332
17070	19	30	12	1281	0	1342
17071	1261	17	9	46	0	1333
17072	43	1265	7	33	0	1348
17073	1277	29	8	30	0	1344
17074	43	1279	9	13	0	1344
17075	36	33	6	1216	0	1291
17076	26	1227	7	32	0	1292
17077	17	1286	5	30	0	1338
17078	1252	43	6	24	0	1325
17079	46	27	1252	12	0	1337
17080	26	19	1229	18	0	1292
17081	25	14	1236	16	0	1291
17082	1182	19	44	18	0	1263
17083	46	1211	25	24	0	1306
17084	33	1241	21	11	0	1306
17085	1168	49	13	24	0	1254
17086	45	1172	11	22	0	1250
17087	36	1228	11	14	0	1289
17088	23	53	12	1208	0	1296
17089	25	30	1207	36	0	1298
17090	21	22	1226	26	0	1295
17091	28	14	48	1220	0	1310
17092	1206	15	31	44	0	1296
17093	47	1215	19	35	0	1316
17094	42	34	18	1218	0	1312
17095	20	27	1215	43	0	1305
17096	17	20	1184	36	0	1257
17097	28	13	52	1172	0	1265
17098	1161	15	28	53	0	1257
17099	1174	14	22	34	0	1244
17100	64	21	1149	18	0	1252
17101	1152	5	41	32	0	1230
17102	57	15	1151	18	0	1241
17103	50	8	41	1105	0	1204
17104	27	1124	39	45	0	1235
17105	1135	36	27	30	0	1228
17106	57	23	18	1146	0	1244
17107	48	14	16	1120	0	1198
17108	37	17	14	1172	0	1240
17109	30	9	15	1180	0	1234
17110	22	9	1117	66	0	1214
17111	23	1087	45	46	0	1201
17112	30	32	34	1113	0	1209
17113	1106	26	18	55	0	1205
17114	55	15	12	1129	0	1211
17115	33	15	18	1135	0	1201
17116	28	5	1106	63	0	1202
17117	23	15	1066	46	0	1150
17118	23	1070	56	27	0	1176
17119	17	1105	30	36	0	1188
17120	25	52	22	1082	0	1181
17121	1075	30	14	51	0	1170
17122	39	11	1064	44	0	1158
17123	34	1081	32	25	0	1172
17124	26	36	28	995	0	1085
17125	19	957	18	36	0	1030
17126	21	39	17	908	0	985
17127	13	936	12	43	0	1004
17128	16	23	4	833	0	876
17129	811	16	6	30	0	863
17130	14	752	7	25	0	798
17131	13	20	7	608	0	648
17132	608	17	8	9	0	642
17133	12	589	4	16	0	621
17134	13	567	1	5	0	586
17135	7	582	1	6	0	596
17136	6	13	9	556	0	584
17137	8	8	7	535	0	558
17138	2	517	4	13	0	536
17139	1	9	3	520	0	533
17140	7	13	527	12	0	559
17141	3	537	10	11	0	561
17142	6	15	4	506	0	531
17143	1	528	2	12	0	543
17144	4	9	509	7	0	529
17145	2	518	9	2	0	531
17146	443	6	6	4	0	459
17147	6	1	1	436	0	444
17148	435	0	1	5	0	441
17149	4	1	429	3	0	437
17150	3	0	5	418	0	426
17151	1	0	425	5	0	431
17152	2	0	6	422	0	430
17153	436	1	2	6	0	445
17154	6	0	1	440	0	447
17155	438	0	0	8	0	446
17156	4	436	0	3	0	443
17157	426	6	0	3	0	435
17158	4	2	403	2	0	411
17159	2	414	6	1	0	423
17160	1	6	2	418	0	427
17161	2	2	0	409	0	413
17162	1	0	405	6	0	412
17163	1	402	4	2	0	409
17164	2	4	0	417	0	423
17165	1	421	3	4	0	429
17166	3	5	1	418	0	427
17167	0	425	0	5	0	430
17168	437	6	1	1	0	445
17169	5	1	1	445	0	452
17170	1	1	441	5	0	448
17171	0	439	8	1	0	448
17172	0	456	1	1	0	458
17173	1	6	458	0	0	465
17174	2	461	5	1	0	469
17175	1	6	1	449	0	457
17176	0	2	458	6	0	466
17177	2	1	5	450	0	458
17178	1	0	1	455	0	457
17179	0	1	446	6	0	453
17180	416	0	10	2	0	428
17181	6	0	1	459	0	466
17182	2	2	486	4	0	494
17183	0	477	6	3	0	486
17184	487	5	1	1	0	494
17185	5	477	0	1	0	483
17186	3	5	0	462	0	470
17187	440	1	0	9	0	450
17188	7	0	0	445	0	452
17189	0	0	470	5	0	475
17190	1	0	5	464	0	470
17191	0	0	464	5	0	469
17192	441	0	4	2	0	447
17193	4	1	470	0	0	475
17194	452	0	5	1	0	458
17195	477	0	1	0	0	478
17196	6	1	472	0	0	479
17197	1	0	470	0	0	471
17198	0	482	5	0	0	487
17199	517	4	2	2	0	525
17200	5	2	0	532	0	539
17201	1	0	0	543	0	544
17202	598	0	0	10	0	608
17203	599	0	0	9	0	608
17204	616	0	0	1	0	617
17205	624	0	0	0	0	624
17206	8	0	0	612	0	620
17207	612	0	0	7	0	619
17208	4	0	0	628	0	632
17209	4	1	0	621	0	626
17210	1	0	0	626	0	627
17211	0	0	622	7	0	629
17212	1	597	5	5	0	608
17213	0	622	2	0	0	624
17214	0	6	0	632	0	638
17215	629	2	0	6	0	637
17216	5	1	0	634	0	640
17217	614	0	0	8	0	622
17218	5	1	640	2	0	648
17219	614	0	5	5	0	624
17220	6	0	1	647	0	654
17221	665	0	0	6	0	671
17222	665	0	0	5	0	670
17223	698	0	1	4	0	703
17224	6	0	0	701	0	707
17225	2	1	681	5	0	689
17226	0	0	5	674	0	679
17227	681	0	1	9	0	691
17228	6	1	740	2	0	749
17229	2	0	7	788	0	797
17230	803	0	3	9	0	815
17231	7	0	844	3	0	854
17232	841	0	7	4	0	852
17233	911	0	4	0	0	915
17234	12	0	0	926	0	938
17235	5	0	0	975	0	980
17236	988	0	1	16	0	1005
17237	8	0	1	1043	0	1052
17238	1014	1	0	18	0	1033
17239	11	1045	3	3	0	1062
17240	1	1051	0	2	0	1054
17241	2	9	0	1026	0	1037
17242	2	4	1059	7	0	1072
17243	1	1035	7	3	0	1046
17244	1033	6	7	6	0	1052
17245	7	1042	2	0	0	1051
17246	3	8	1024	2	0	1037
17247	6	3	5	1007	0	1021
17248	1	3	1039	6	0	1049
17249	0	1060	7	5	0	1072
17250	4	6	4	1043	0	1057
17251	0	1073	4	5	0	1082
17252	3	8	1069	2	0	1082
17253	1	5	5	1058	0	1069
17254	1	2	1074	6	0	1083
17255	5	0	8	1055	0	1068
17256	1080	1	4	13	0	1098
17257	8	1	1079	4	0	1092
17258	1003	4	7	8	0	1022
17259	14	1	1050	2	0	1067
17260	6	1	8	1051	0	1066
17261	5	2	1145	9	0	1161
17262	7	1	7	1134	0	1149
17263	3	1	4	1145	0	1153
17264	6	2	2	1113	0	1123
17265	3	0	3	1146	0	1152
17266	2	2	1278	14	0	1296
17267	1205	3	6	13	0	1227
17268	6	1	5	1307	0	1319
17269	1291	2	2	13	0	1308
17270	1310	3	2	9	0	1324
17271	1320	1	2	10	0	1333
17272	16	2	2	1400	0	1420
17273	9	1	3	1422	0	1435
17274	4	1550	2	13	0	1569
17275	1678	13	4	15	0	1710
17276	1738	12	2	15	0	1767
17277	1764	7	3	11	0	1785
17278	43	4	1808	3	0	1858
17279	27	2	21	1797	0	1847
17280	17	3	1800	21	0	1841
17281	1766	0	25	29	0	1820
17282	1807	2	19	16	0	1844
17283	37	3	12	1793	0	1845
17284	27	3	6	1763	0	1799
17285	18	1816	11	27	0	1872
17286	1849	17	8	30	0	1904
17287	1864	13	2	19	0	1898
17288	34	1861	8	6	0	1909
17289	1849	20	2	10	0	1881
17290	33	15	5	1827	0	1880
17291	20	8	5	1877	0	1910
17292	1870	5	3	34	0	1912
17293	26	5	1851	21	0	1903
17294	1815	4	17	22	0	1858
17295	1866	3	15	19	0	1903
17296	34	1861	11	11	0	1917
17297	1877	17	6	11	0	1911
17298	30	15	1848	6	0	1899
17299	23	7	17	1839	0	1886
17300	1855	4	14	22	0	1895
17301	26	4	10	1850	0	1890
17302	25	1	1778	27	0	1831
17303	15	1	18	1753	0	1787
17304	11	1937	15	29	0	1992
17305	15	17	12	2004	0	2048
17306	11	13	7	2017	0	2048
17307	13	7	5	1987	0	2012
17308	10	4	4	2039	0	2057
17309	5	5	2006	44	0	2060
17310	8	1	15	2024	0	2048
17311	2016	2	17	38	0	2073
17312	20	2003	13	22	0	2058
17313	26	16	4	2049	0	2095
17314	13	14	2048	25	0	2100
17315	15	9	21	2036	0	2081
17316	2050	2	14	36	0	2102
17317	2039	3	9	27	0	2078
17318	2043	2	7	24	0	2076
17319	49	2	3	2042	0	2096
17320	33	2	2021	24	0	2080
17321	21	1996	19	27	0	2063
17322	2052	21	17	20	0	2110
17323	25	18	8	2016	0	2067
17324	27	9	7	2022	0	2065
17325	18	6	2018	35	0	2077
17326	15	1985	19	30	0	2049
17327	12	2067	19	17	0	2115
17328	12	36	13	1982	0	2043
17329	8	19	1932	27	0	1986
17330	1812	13	16	34	0	1875
17331	28	8	1805	12	0	1853
17332	1764	10	25	22	0	1821
17333	29	1898	17	9	0	1953
17334	22	18	1888	11	0	1939
17335	1792	15	19	13	0	1839
17336	27	1849	18	8	0	1902
17337	1920	15	8	17	0	1960
17338	28	20	1922	8	0	1978
17339	24	1902	18	5	0	1949
17340	1931	20	14	7	0	1972
17341	23	21	1905	10	0	1959
17342	1893	10	17	12	0	1932
17343	31	7	16	1920	0	1974
17344	1947	3	12	22	0	1984
17345	35	3	5	1940	0	1983
17346	1926	6	5	34	0	1971
17347	29	1	1938	23	0	1991
17348	24	1	20	1954	0	1999
17349	18	7	14	1941	0	1980
17350	14	5	1923	33	0	1975
17351	12	3	21	1931	0	1967
17352	9	1344	36	33	0	1422
17353	9	15	14	2068	0	2106
17354	14	15	6	2202	0	2237
17355	11	10	4	2456	0	2481
17356	10	6	2436	71	0	2523
17357	2269	4	47	52	0	2372
17358	49	7	23	2518	0	2597
17359	27	3	2572	64	0	2666
17360	2419	4	62	40	0	2525
17361	2546	1	25	33	0	2605
17362	2604	4	17	25	0	2650
17363	98	2	12	2551	0	2663
17364	59	3	10	2896	0	2968
17365	41	6	8	2826	0	2881
17366	19	2743	10	109	0	2881
17367	2721	68	9	68	0	2866
17368	2772	30	8	41	0	2851
17369	115	12	11	2724	0	2862
17370	58	12	2695	78	0	2843
17371	36	10	2707	42	0	2795
17372	20	2515	96	26	0	2657
17373	18	2614	48	44	0	2724
17374	2417	86	22	40	0	2565
17375	62	2368	10	17	0	2457
17376	2377	75	8	11	0	2471
17377	2393	32	6	13	0	2444
17378	2392	13	5	11	0	2421
17379	108	11	5	2338	0	2462
17380	53	6	7	2508	0	2574
17381	2567	7	10	94	0	2678
17382	89	7	5	2624	0	2725
17383	38	10	2581	87	0	2716
17384	2597	7	68	43	0	2715
17385	95	5	23	2603	0	2726
17386	47	8	14	2648	0	2717
17387	35	3	8	2701	0	2747
17388	21	5	2567	118	0	2711
17389	2416	4	76	57	0	2553
17390	82	5	2614	36	0	2737
17391	47	6	85	2551	0	2689
17392	29	4	2648	83	0	2764
17393	25	6	91	2602	0	2724
17394	29	5	40	2685	0	2759
17395	17	7	2686	116	0	2826
17396	28	5	92	2432	0	2557
17397	18	2644	34	101	0	2797
17398	2679	82	25	48	0	2834
17399	2743	29	18	35	0	2825
17400	129	16	12	2646	0	2803
17401	52	8	2691	99	0	2850
17402	35	2525	89	51	0	2700
17403	23	2745	46	36	0	2850
17404	2536	101	16	45	0	2698
17405	84	43	2490	36	0	2653
17406	2529	21	89	26	0	2665
17407	110	22	34	2514	0	2680
17408	69	15	27	2572	0	2683
17409	2474	8	16	125	0	2623
17410	100	2465	20	64	0	2649
17411	39	79	2494	57	0	2669
17412	39	35	92	2463	0	2629
17413	35	25	2500	90	0	2650
17414	33	2477	93	52	0	2655
17415	40	81	48	2510	0	2679
17416	2491	31	32	115	0	2669
17417	2555	17	26	62	0	2660
17418	116	15	2454	57	0	2642
17419	56	2467	90	40	0	2653
17420	2474	87	40	32	0	2633
17421	104	2487	32	32	0	2655
17422	56	95	25	2459	0	2635
17423	2461	38	28	111	0	2638
17424	108	22	27	2485	0	2642
17425	53	29	2416	127	0	2625
17426	41	11	89	2484	0	2625
17427	43	20	2458	120	0	2641
17428	45	17	105	2450	0	2617
17429	2413	16	52	126	0	2607
17430	111	2425	37	63	0	2636
17431	2457	88	43	48	0	2636
17432	110	41	21	2441	0	2613
17433	57	27	21	2437	0	2542
17434	45	25	1926	136	0	2132
17435	36	24	2345	69	0	2474
17436	36	2289	111	48	0	2484
17437	38	94	2252	33	0	2417
17438	2145	40	105	44	0	2334
17439	102	2179	54	40	0	2375
17440	59	2255	29	45	0	2388
17441	48	2279	29	34	0	2390
17442	47	134	29	2211	0	2421
17443	25	62	2231	124	0	2442
17444	27	2231	97	62	0	2417
17445	46	100	56	2027	0	2229
17446	33	2267	36	115	0	2451
17447	2225	104	30	74	0	2433
17448	2286	42	32	57	0	2417
17449	135	34	29	2221	0	2419
17450	68	37	25	2268	0	2398
17451	2142	28	25	138	0	2333
17452	103	2074	32	78	0	2287
17453	54	2094	29	56	0	2233
17454	48	99	22	1904	0	2073
17455	23	38	1659	86	0	1806
17456	26	1613	67	51	0	1757
17457	1562	66	37	29	0	1694
17458	73	1529	26	28	0	1656
17459	30	1541	20	21	0	1612
17460	1448	61	23	32	0	1564
17461	62	1496	13	20	0	1591
17462	29	64	1478	23	0	1594
17463	23	1470	44	26	0	1563
17464	1156	40	16	13	0	1225
17465	36	1150	19	8	0	1213
17466	1145	38	13	13	0	1209
17467	43	14	7	1147	0	1211
17468	18	17	6	1171	0	1212
17469	18	14	1143	41	0	1216
17470	19	1162	25	14	0	1220
17471	15	33	10	1173	0	1231
17472	1152	12	11	37	0	1212
17473	1150	10	12	24	0	1196
17474	37	1158	13	12	0	1220
17475	21	29	6	1141	0	1197
17476	1135	10	5	35	0	1185
17477	1135	17	18	18	0	1188
17478	40	7	1103	12	0	1162
17479	17	9	1042	12	0	1080
17480	9	5	1023	9	0	1046
17481	5	926	17	4	0	952
17482	846	16	5	4	0	871
17483	17	851	1	4	0	873
17484	854	14	2	6	0	876
17485	18	869	1	2	0	890
17486	8	13	1	909	0	931
17487	905	4	3	19	0	931
17488	15	1	909	4	0	929
17489	890	4	17	4	0	915
17490	917	3	8	3	0	931
17491	23	942	2	1	0	968
17492	3	914	2	0	0	919
17493	906	16	0	2	0	924
17494	17	7	934	2	0	960
17495	863	1	20	8	0	892
17496	893	6	9	3	0	911
17497	16	8	1	892	0	917
17498	900	1	1	18	0	920
17499	17	2	2	938	0	959
17500	7	2	0	969	0	978
17501	3	2	1	944	0	950
17502	3	949	2	13	0	967
17503	919	15	1	1	0	936
17504	946	2	1	3	0	952
17505	18	1	1	939	0	959
17506	6	0	1	937	0	944
17507	4	954	1	14	0	973
17508	952	13	1	7	0	973
17509	16	5	968	2	0	991
17510	1	5	14	964	0	984
17511	4	2	954	14	0	974
17512	3	3	15	955	0	976
17513	5	2	937	15	0	959
17514	5	1	14	911	0	931
17515	944	4	3	18	0	969
17516	20	2	977	3	0	1002
17517	952	1	16	6	0	975
17518	16	1013	4	4	0	1037
17519	7	13	0	1028	0	1048
17520	5	5	4	1056	0	1070
17521	1110	4	2	23	0	1139
17522	21	1	5	1164	0	1191
17523	5	2	1197	21	0	1225
17524	1174	0	16	6	0	1196
17525	1226	4	5	7	0	1242
17526	1227	2	2	6	0	1237
17527	1226	4	2	12	0	1244
17528	21	1210	0	8	0	1239
17529	10	12	3	1210	0	1235
17530	1206	3	4	18	0	1231
17531	18	3	2	1202	0	1225
17532	1187	1	1	24	0	1213
17533	20	5	1189	7	0	1221
17534	8	4	1199	2	0	1213
17535	11	9	15	1148	0	1183
17536	4	1187	6	12	0	1209
17537	6	1226	1	7	0	1240
17538	1195	14	3	9	0	1221
17539	16	2	1205	4	0	1227
17540	1090	0	9	12	0	1111
17541	12	1180	5	8	0	1205
17542	1159	9	2	10	0	1180
17543	12	3	3	1145	0	1163
17544	11	4	1176	10	0	1201
17545	9	2	11	1166	0	1188
17546	6	3	4	1167	0	1180
17547	9	1155	2	12	0	1178
17548	4	1184	2	11	0	1201
17549	7	11	3	1185	0	1206
17550	11	1208	3	12	0	1234
17551	6	12	1198	5	0	1221
17552	9	2	1163	8	0	1182
17553	1086	4	11	5	0	1106
17554	1184	4	0	11	0	1199
17555	14	1169	5	4	0	1192
17556	7	8	1	1178	0	1194
17557	9	3	5	1168	0	1185
17558	5	3	1162	17	0	1187
17559	8	3	9	1117	0	1137
17560	5	1150	8	10	0	1173
17561	5	12	1127	9	0	1153
17562	4	4	1111	6	0	1125
17563	7	1046	13	7	0	1073
17564	3	13	1106	5	0	1127
17565	8	3	12	1096	0	1119
17566	16	4	2	940	0	962
17567	8	4	1115	12	0	1139
17568	12	3	11	1100	0	1126
17569	6	1101	4	14	0	1125
17570	4	1159	7	7	0	1177
17571	3	10	3	1133	0	1149
17572	5	1	1171	12	0	1189
17573	1	1188	13	10	0	1212
17574	8	12	8	1186	0	1214
17575	2	1	1183	21	0	1207
17576	1108	6	13	10	0	1137
17577	1170	3	5	10	0	1188
17578	1177	3	4	8	0	1192
17579	15	4	2	1176	0	1197
17580	6	4	1	1156	0	1167
17581	6	4	1190	14	0	1214
17582	7	0	16	1179	0	1202
17583	5	6	4	1217	0	1232
17584	5	0	1226	20	0	1251
17585	1064	1	16	12	0	1093
17586	18	1150	3	4	0	1175
17587	1144	15	5	7	0	1171
17588	20	1142	6	3	0	1171
17589	7	17	1	1140	0	1165
17590	5	2	1151	17	0	1175
17591	6	4	13	1072	0	1095
17592	1	0	1100	19	0	1120
17593	953	2	13	15	0	983
17594	11	1	1093	3	0	1108
17595	5	1	14	1054	0	1074
17596	3	3	1094	14	0	1114
17597	2	1074	20	3	0	1099
17598	7	14	3	1107	0	1131
17599	5	4	4	1088	0	1101
17600	5	2	3	1149	0	1159
17601	0	3	1152	25	0	1180
17602	0	2	1164	11	0	1177
17603	5	0	29	1180	0	1214
17604	6	2	8	1399	0	1415
17605	3	1	4	1515	0	1523
17606	1526	0	4	52	0	1582
17607	37	2	4	1564	0	1607
17608	11	1	1632	48	0	1692
17609	1683	0	47	15	0	1745
17610	50	2	11	1721	0	1784
17611	1776	0	7	57	0	1840
17612	1856	1	4	18	0	1879
17613	69	1	3	1841	0	1914
17614	1846	1	4	65	0	1916
17615	1869	1	6	22	0	1898
17616	72	1	1809	10	0	1892
17617	25	1812	50	10	0	1897
17618	20	49	13	1760	0	1842
17619	19	10	7	1855	0	1891
17620	1801	5	4	66	0	1876
17621	1776	1	6	27	0	1810
17622	1754	4	3	19	0	1780
17623	75	2	1631	13	0	1721
17624	28	1641	58	12	0	1739
17625	1653	56	17	13	0	1739
17626	62	1658	9	14	0	1743
17627	1672	59	3	10	0	1744
17628	75	16	6	1647	0	1744
17629	1671	10	4	61	0	1746
17630	1701	3	4	23	0	1731
17631	1719	7	7	16	0	1749
17632	90	8	1661	6	0	1765
17633	1669	3	53	15	0	1740
17634	72	1678	17	8	0	1775
17635	1701	52	7	18	0	1778
17636	1723	15	18	19	0	1775
17637	1770	9	4	5	0	1788
17638	87	3	5	1639	0	1734
17639	35	1670	5	46	0	1756
17640	1690	54	5	13	0	1762
17641	68	17	1696	13	0	1794
17642	32	1733	54	5	0	1824
17643	34	56	11	1617	0	1718
17644	22	1709	11	35	0	1777
17645	1707	64	4	19	0	1794
17646	1773	17	8	17	0	1815
17647	86	17	3	1716	0	1822
17648	39	5	1703	62	0	1809
17649	20	1697	56	21	0	1794
17650	43	57	17	1428	0	1545
17651	19	19	14	1758	0	1810
17652	21	19	4	1827	0	1871
17653	1785	3	5	82	0	1875
17654	1830	12	9	32	0	1883
17655	1847	8	6	25	0	1886
17656	1859	7	7	20	0	1893
17657	91	12	1	1799	0	1903
17658	40	1	1849	67	0	1957
17659	32	7	60	1873	0	1972
17660	20	6	16	1928	0	1970
17661	23	10	12	1917	0	1962
17662	29	9	3	1940	0	1981
17663	1875	3	9	92	0	1979
17664	78	6	9	1900	0	1993
17665	1901	6	8	86	0	2001
17666	1944	4	12	41	0	2001
17667	90	16	1837	30	0	1973
17668	57	4	1827	22	0	1910
17669	30	4	1852	41	0	1927
17670	37	26	80	1774	0	1917
17671	44	4	1814	76	0	1938
17672	32	12	63	1769	0	1876
17673	41	5	24	1813	0	1883
17674	1784	4	17	102	0	1907
17675	87	8	18	1762	0	1875
17676	51	1789	24	80	0	1944
17677	1822	59	10	57	0	1948
17678	96	1811	12	34	0	1953
17679	49	65	1843	29	0	1986
17680	32	1885	63	39	0	2019
17681	1854	67	29	26	0	1976
17682	83	26	16	1872	0	1997
17683	53	23	1806	72	0	1954
17684	1814	19	61	40	0	1934
17685	86	12	29	1824	0	1951
17686	55	17	1826	64	0	1962
17687	48	14	65	1826	0	1953
17688	47	15	27	1849	0	1938
17689	54	6	27	1863	0	1950
17690	27	1838	21	90	0	1976
17691	1877	60	24	42	0	2003
17692	91	24	15	1845	0	1975
17693	49	1858	11	86	0	2004
17694	32	65	17	1847	0	1961
17695	36	28	1817	86	0	1967
17696	38	1837	56	31	0	1962
17697	1814	62	20	35	0	1931
17698	1852	33	16	31	0	1932
17699	98	20	10	1791	0	1919
17700	45	17	13	1819	0	1894
17701	1784	21	18	71	0	1894
17702	1758	15	14	42	0	1829
17703	80	1734	12	30	0	1856
17704	1501	43	13	27	0	1584
17705	52	14	1418	26	0	1510
17706	25	9	1400	29	0	1463
17707	19	1366	38	17	0	1440
17708	10	1346	13	16	0	1385
17709	1235	34	14	22	0	1305
17710	31	1241	2	16	0	1290
17711	1183	25	16	17	0	1241
17712	1175	7	3	25	0	1210
17713	1163	11	9	10	0	1193
17714	31	13	1	1152	0	1197
17715	1154	2	9	24	0	1189
17716	28	12	1115	10	0	1165
17717	12	6	1104	15	0	1137
17718	12	1107	25	15	0	1159
17719	12	21	1123	9	0	1165
17720	19	15	16	1094	0	1144
17721	13	13	1112	24	0	1162
17722	15	6	1097	12	0	1130
17723	10	7	22	1089	0	1128
17724	1087	6	13	24	0	1130
17725	1104	8	8	10	0	1130
17726	18	13	1168	9	0	1208
17727	1137	5	16	11	0	1169
17728	20	12	1190	6	0	1228
17729	1163	5	27	13	0	1208
17730	1250	12	6	11	0	1279
17731	36	9	11	1228	0	1284
17732	17	5	3	1228	0	1253
17733	14	1173	8	32	0	1227
17734	13	1223	11	11	0	1258
17735	15	19	9	1214	0	1257
17736	18	12	8	1228	0	1266
17737	1203	8	11	27	0	1249
17738	27	1205	7	13	0	1252
17739	1184	19	14	11	0	1228
17740	21	1182	15	4	0	1222
17741	13	22	1141	13	0	1189
17742	19	7	25	1105	0	1156
17743	1124	7	6	30	0	1167
17744	1180	7	8	19	0	1214
17745	41	1197	6	8	0	1252
17746	15	1252	8	9	0	1284
17747	17	1281	5	7	0	1310
17748	16	31	5	1312	0	1364
17749	8	7	1320	24	0	1359
17750	5	1282	29	8	0	1324
17751	6	25	10	1271	0	1312
17752	8	9	2	1297	0	1316
17753	8	4	1266	28	0	1306
17754	4	2	1261	11	0	1278
17755	1232	5	32	11	0	1280
17756	30	1	1329	3	0	1363
17757	1311	3	25	4	0	1343
17758	1255	4	9	5	0	1273
17759	1253	3	5	8	0	1269
17760	1256	3	5	7	0	1271
17761	32	5	1219	4	0	1260
17762	10	1216	26	2	0	1254
17763	10	25	8	1207	0	1250
17764	7	10	1230	27	0	1274
17765	8	4	23	1189	0	1224
17766	11	1041	10	24	0	1086
17767	14	27	7	1234	0	1282
17768	6	9	3	1261	0	1279
17769	13	3	7	1231	0	1254
17770	1239	5	5	33	0	1282
17771	31	2	7	1235	0	1275
17772	14	4	1	1250	0	1269
17773	9	3	9	1217	0	1238
17774	6	1191	9	27	0	1233
17775	1175	23	4	14	0	1216
17776	26	1119	6	6	0	1157
17777	10	1158	3	2	0	1173
17778	15	26	6	1132	0	1179
17779	9	10	2	1136	0	1157
17780	1105	4	4	35	0	1148
17781	30	1	8	1130	0	1169
17782	1115	5	4	31	0	1155
17783	1485	2	2	18	0	1507
17784	50	2	7	1466	0	1525
17785	24	3	3	1468	0	1498
17786	7	1504	6	44	0	1561
17787	1548	37	3	19	0	1607
17788	42	1580	9	8	0	1639
17789	1572	41	9	12	0	1634
17790	53	17	1528	6	0	1604
17791	1537	4	43	10	0	1594
17792	1624	9	14	14	0	1661
17793	69	6	6	1560	0	1641
17794	22	13	1559	50	0	1644
17795	21	1567	46	24	0	1658
17796	30	58	18	1590	0	1696
17797	15	28	1612	60	0	1715
17798	14	5	47	1559	0	1625
17799	1532	5	24	62	0	1623
17800	61	5	1530	25	0	1621
17801	25	1484	43	19	0	1571
17802	13	1551	22	23	0	1609
17803	17	64	12	1330	0	1423
17804	15	1553	4	42	0	1614
17805	1539	51	5	28	0	1623
17806	1564	23	9	15	0	1611
17807	1559	9	11	11	0	1590
17808	71	14	1476	8	0	1569
17809	1495	11	47	14	0	1567
17810	56	9	24	1482	0	1571
17811	28	9	11	1519	0	1567
17812	20	13	5	1537	0	1575
17813	16	9	7	1552	0	1584
17814	14	6	1481	71	0	1572
17815	19	9	1483	28	0	1539
17816	14	12	1485	18	0	1529
17817	1419	6	69	16	0	1510
17818	56	1457	25	17	0	1555
17819	38	49	5	1450	0	1542
17820	1452	23	10	54	0	1539
17821	56	1442	9	28	0	1535
17822	32	1502	12	12	0	1558
17823	1477	64	13	13	0	1567
17824	1511	26	8	15	0	1560
17825	69	1469	8	19	0	1565
17826	45	50	9	1322	0	1426
17827	18	1420	8	55	0	1501
17828	1388	54	13	33	0	1488
17829	1408	23	13	14	0	1458
17830	1376	16	12	18	0	1422
17831	72	1324	8	18	0	1422
17832	36	51	12	1334	0	1433
17833	19	32	1328	54	0	1433
17834	21	22	48	1327	0	1418
17835	23	15	19	1358	0	1415
17836	21	18	1317	59	0	1415
17837	1312	14	46	27	0	1399
17838	68	15	15	1324	0	1422
17839	37	18	6	1324	0	1385
17840	23	1335	10	64	0	1432
17841	1336	54	7	34	0	1431
17842	63	28	10	1320	0	1421
17843	31	1313	11	55	0	1410
17844	1254	44	9	33	0	1340
17845	57	1231	9	20	0	1317
17846	1179	40	8	21	0	1248
17847	46	18	1155	21	0	1240
17848	21	20	1092	20	0	1153
17849	18	9	1098	14	0	1139
17850	15	1061	57	14	0	1147
17851	18	37	30	963	0	1048
17852	20	1045	11	36	0	1112
17853	1054	35	14	24	0	1127
17854	43	28	1037	11	0	1119
17855	1016	16	35	13	0	1080
17856	1029	12	19	13	0	1073
17857	51	16	14	998	0	1079
17858	1022	14	5	36	0	1077
17859	48	11	8	995	0	1062
17860	27	14	985	39	0	1065
17861	979	15	37	17	0	1048
17862	44	1001	25	10	0	1080
17863	23	38	15	988	0	1064
17864	992	27	7	35	0	1061
17865	45	11	9	998	0	1063
17866	25	9	975	43	0	1052
17867	22	8	37	958	0	1025
17868	16	968	24	41	0	1049
17869	975	32	10	23	0	1040
17870	54	18	5	958	0	1035
17871	971	10	8	49	0	1038
17872	46	3	7	975	0	1031
17873	32	5	4	969	0	1010
17874	10	957	11	51	0	1029
17875	960	34	6	30	0	1030
17876	42	1011	9	18	0	1080
17877	22	41	9	904	0	976
17878	16	951	9	36	0	1012
17879	939	33	7	22	0	1001
17880	944	22	3	16	0	985
17881	920	12	4	19	0	955
17882	48	897	6	13	0	964
17883	11	551	2	3	0	567
17884	545	20	1	4	0	570
17885	18	557	1	5	0	581
17886	11	19	2	523	0	555
17887	7	4	496	14	0	521
17888	429	4	12	11	0	456
17889	460	2	5	5	0	472
17890	456	4	1	3	0	464
17891	10	442	0	4	0	456
17892	418	9	1	4	0	432
17893	12	5	428	0	0	445
17894	7	427	5	1	0	440
17895	5	9	2	376	0	392
17896	1	406	1	2	0	410
17897	387	4	0	3	0	394
17898	2	410	0	2	0	414
17899	1	2	1	413	0	417
17900	2	425	0	2	0	429
17901	3	2	0	455	0	460
17902	3	2	0	426	0	431
17903	2	2	444	1	0	449
17904	1	0	4	430	0	435
17905	424	0	3	5	0	432
17906	413	0	2	2	0	417
17907	2	1	0	424	0	427
17908	1	1	413	4	0	419
17909	2	1	2	412	0	417
17910	409	0	1	5	0	415
17911	445	0	2	5	0	452
17912	459	1	0	0	0	460
17913	4	498	1	1	0	504
17914	501	3	0	5	0	509
17915	4	1	516	0	0	521
17916	565	0	2	6	0	573
17917	4	0	2	584	0	590
17918	2	0	0	580	0	582
17919	0	1	0	591	0	592
17920	583	0	1	5	0	589
17921	573	0	0	5	0	578
17922	3	0	0	578	0	581
17923	2	1	592	3	0	598
17924	2	0	2	588	0	592
17925	1	1	1	594	0	597
17926	2	0	588	6	0	596
17927	1	577	5	2	0	585
17928	2	4	1	590	0	597
17929	602	1	0	6	0	609
17930	5	0	0	600	0	605
17931	1	1	0	608	0	610
17932	608	0	0	6	0	614
17933	5	593	0	1	0	599
17934	1	605	1	1	0	608
17935	588	6	1	1	0	596
17936	5	2	594	1	0	602
17937	571	0	4	2	0	577
17938	5	0	622	0	0	627
17939	0	622	5	0	0	627
17940	620	4	1	2	0	627
17941	628	0	0	5	0	633
17942	629	0	0	5	0	634
17943	638	0	0	3	0	641
17944	5	0	652	1	0	658
17945	2	0	5	648	0	655
17946	651	1	2	13	0	667
17947	7	0	692	1	0	700
17948	1	0	682	1	0	684
17949	2	684	3	2	0	691
17950	691	3	0	2	0	696
17951	6	0	0	700	0	706
17952	715	0	0	6	0	721
17953	6	715	0	2	0	723
17954	0	6	2	756	0	764
17955	3	1	0	760	0	764
17956	1	0	0	770	0	771
17957	1	4	773	8	0	786
17958	2	774	6	2	0	784
17959	838	8	1	5	0	852
17960	13	0	0	845	0	858
17961	845	0	1	16	0	862
17962	827	1	1	7	0	836
17963	13	0	0	827	0	840
17964	2	1	854	9	0	866
17965	4	1	9	844	0	858
17966	2	868	1	11	0	882
17967	0	7	2	886	0	895
17968	2	1	867	20	0	890
17969	857	0	9	6	0	872
17970	11	2	3	888	0	904
17971	883	3	0	10	0	896
17972	11	3	871	1	0	886
17973	791	1	8	9	0	809
17974	14	2	864	1	0	881
17975	804	0	5	4	0	813
17976	9	821	1	2	0	833
17977	4	873	2	1	0	880
17978	6	9	1	870	0	886
17979	6	3	1	776	0	786
17980	2	1	0	892	0	895
17981	882	1	2	11	0	896
17982	13	0	0	885	0	898
17983	4	1	880	12	0	897
17984	830	1	8	14	0	853
17985	8	885	3	2	0	898
17986	887	10	3	7	0	907
17987	871	3	2	8	0	884
17988	12	3	898	3	0	916
17989	6	4	12	870	0	892
17990	4	2	2	934	0	942
17991	2	4	929	16	0	951
17992	4	935	10	6	0	955
17993	924	11	4	7	0	946
17994	918	2	2	12	0	934
17995	13	1	2	966	0	982
17996	4	1	4	947	0	956
17997	6	3	4	1009	0	1022
17998	981	1	0	25	0	1007
17999	18	1008	0	4	0	1030
18000	997	17	1	9	0	1024
18001	977	2	4	6	0	989
18002	23	2	1026	6	0	1057
18003	4	0	19	984	0	1007
18004	4	1032	5	12	0	1053
18005	3	17	2	1062	0	1084
18006	7	4	2	1089	0	1102
18007	3	3	1104	20	0	1130
18008	1168	2	18	15	0	1203
18009	1263	2	7	9	0	1281
18010	1310	2	1	9	0	1322
18011	40	1	2	1258	0	1301
18012	11	2	3	1252	0	1268
18013	5	1215	2	40	0	1262
18014	5	1290	5	5	0	1305
18015	1256	41	1	5	0	1303
18016	32	1228	4	4	0	1268
18017	11	31	1248	5	0	1295
18018	6	9	31	1271	0	1317
18019	1294	2	8	36	0	1340
18020	35	3	1290	8	0	1336
18021	11	5	1271	3	0	1290
18022	1296	2	37	9	0	1344
18023	1313	3	7	12	0	1335
18024	42	1	6	1290	0	1339
18025	11	4	1288	35	0	1338
18026	13	3	32	1289	0	1337
18027	8	9	1219	33	0	1269
18028	8	3	1297	13	0	1321
18029	9	1295	37	9	0	1350
18030	1322	32	12	8	0	1374
18031	1327	8	8	17	0	1360
18032	39	1306	6	6	0	1357
18033	15	39	3	1296	0	1353
18034	14	9	5	1324	0	1352
18035	16	2	7	1349	0	1374
18036	1335	4	4	46	0	1389
18037	37	1314	7	15	0	1373
18038	1299	32	7	17	0	1355
18039	1318	13	6	14	0	1351
18040	44	6	1277	8	0	1335
18041	16	1275	32	10	0	1333
18042	13	37	8	1290	0	1348
18043	15	11	1286	36	0	1348
18044	1232	6	36	19	0	1293
18045	1298	4	13	15	0	1330
18046	1292	5	7	13	0	1317
18047	1270	7	9	8	0	1294
18048	50	9	6	1232	0	1297
18049	21	4	1225	37	0	1287
18050	19	4	38	1236	0	1297
18051	1224	5	10	46	0	1285
18052	1230	6	5	16	0	1257
18053	43	1223	7	11	0	1284
18054	1201	27	9	8	0	1245
18055	41	13	1166	7	0	1227
18056	21	3	1190	6	0	1220
18057	1147	5	31	10	0	1193
18058	40	1172	12	4	0	1228
18059	15	29	8	1084	0	1136
18060	7	1128	8	28	0	1171
18061	13	28	5	1132	0	1178
18062	16	10	8	1140	0	1174
18063	14	7	5	1190	0	1216
18064	1131	7	0	37	0	1175
18065	1181	6	5	17	0	1209
18066	1162	3	9	13	0	1187
18067	40	4	1133	10	0	1187
18068	1126	4	29	14	0	1173
18069	35	4	10	1157	0	1206
18070	21	4	6	1217	0	1248
18071	18	6	1200	34	0	1258
18072	14	5	30	1289	0	1338
18073	1322	2	14	47	0	1385
18074	38	6	1312	16	0	1372
18075	22	1	36	1319	0	1378
18076	1328	6	14	47	0	1395
18077	1323	7	10	18	0	1358
18078	51	4	1298	12	0	1365
18079	29	4	1298	10	0	1341
18080	20	6	43	1307	0	1376
18081	1324	2	23	42	0	1391
18082	1351	3	11	23	0	1388
18083	53	3	9	1294	0	1359
18084	26	1325	12	34	0	1397
18085	1326	34	10	18	0	1388
18086	44	1332	7	13	0	1396
18087	25	37	4	1338	0	1404
18088	18	9	1308	38	0	1373
18089	13	7	1267	19	0	1306
18090	10	6	1294	12	0	1322
18091	18	4	42	1251	0	1315
18092	16	4	18	1285	0	1323
18093	1266	5	7	53	0	1331
18094	37	1231	10	42	0	1320
18095	1248	31	10	17	0	1306
18096	51	10	6	1170	0	1237
18097	20	1188	9	35	0	1252
18098	14	1234	8	16	0	1272
18099	22	35	7	1208	0	1272
18100	1223	14	6	35	0	1278
18101	30	1229	13	14	0	1286
18102	1131	24	5	23	0	1183
18103	32	1149	5	9	0	1195
18104	1135	34	12	5	0	1186
18105	31	10	1116	12	0	1169
18106	15	9	1083	15	0	1122
18107	15	1072	27	7	0	1121
18108	953	27	22	19	0	1021
18109	18	891	9	7	0	925
18110	8	832	4	6	0	850
18111	17	15	2	842	0	876
18112	853	8	5	13	0	879
18113	14	878	6	6	0	904
18114	852	12	4	12	0	880
18115	19	851	5	2	0	877
18116	810	14	5	5	0	834
18117	11	782	3	4	0	800
18118	6	784	3	6	0	799
18119	7	15	4	742	0	768
18120	3	779	4	10	0	796
18121	759	8	3	15	0	785
18122	12	7	751	6	0	776
18123	11	9	9	742	0	771
18124	13	7	761	8	0	789
18125	7	5	14	746	0	772
18126	8	3	8	759	0	778
18127	7	9	728	14	0	758
18128	652	6	12	15	0	685
18129	14	716	4	11	0	745
18130	718	12	5	6	0	741
18131	17	740	9	8	0	774
18132	10	12	7	746	0	775
18133	750	9	6	14	0	779
18134	754	7	5	16	0	782
18135	747	7	5	12	0	771
18136	25	5	7	731	0	768
18137	11	8	5	727	0	751
18138	15	744	5	14	0	778
18139	752	18	4	19	0	793
18140	756	14	4	14	0	788
18141	754	10	4	9	0	777
18142	728	5	8	11	0	752
18143	22	716	6	4	0	748
18144	17	13	5	721	0	756
18145	9	11	726	13	0	759
18146	703	8	10	13	0	734
18147	750	8	5	17	0	780
18148	23	9	738	4	0	774
18149	15	9	740	6	0	770
18150	20	7	11	733	0	771
18151	11	16	6	758	0	791
18152	13	7	7	754	0	781
18153	738	11	3	24	0	776
18154	17	8	6	742	0	773
18155	18	7	735	17	0	777
18156	18	8	13	746	0	785
18157	12	7	751	14	0	784
18158	5	11	19	757	0	792
18159	11	6	10	808	0	835
18160	9	11	790	18	0	828
18161	738	11	12	15	0	776
18162	20	791	8	12	0	831
18163	803	22	5	6	0	836
18164	27	9	3	829	0	868
18165	822	12	5	20	0	859
18166	20	891	2	14	0	927
18167	14	928	3	9	0	954
18168	13	28	2	974	0	1017
18169	10	14	1011	22	0	1057
18170	5	9	956	10	0	980
18171	6	977	22	9	0	1014
18172	841	18	11	3	0	873
18173	15	8	7	842	0	872
18174	840	7	3	15	0	865
18175	18	826	4	9	0	857
18176	11	844	2	5	0	862
18177	7	23	2	865	0	897
18178	884	9	3	15	0	911
18179	882	10	2	14	0	908
18180	23	8	872	8	0	911
18181	19	4	847	7	0	877
18182	842	7	16	6	0	871
18183	20	849	11	4	0	884
18184	852	15	9	9	0	885
18185	21	10	7	853	0	891
18186	15	7	843	16	0	881
18187	806	5	13	8	0	832
18188	17	813	11	7	0	848
18189	9	854	10	5	0	878
18190	14	16	7	851	0	888
18191	867	13	2	16	0	898
18192	19	11	3	871	0	904
18193	890	4	3	22	0	919
18194	22	6	844	9	0	881
18195	847	4	12	8	0	871
18196	870	5	8	9	0	892
18197	26	5	836	4	0	871
18198	813	5	14	8	0	840
18199	27	831	8	2	0	868
18200	16	15	6	784	0	821
18201	14	823	7	14	0	858
18202	836	16	5	6	0	863
18203	20	11	7	821	0	859
18204	12	814	4	15	0	845
18205	12	18	5	804	0	839
18206	12	829	3	20	0	864
18207	11	20	0	834	0	865
18208	827	10	3	22	0	862
18209	17	13	3	835	0	868
18210	12	10	812	23	0	857
18211	815	2	13	22	0	852
18212	26	8	9	812	0	855
18213	13	5	778	25	0	821
18214	17	3	729	11	0	760
18215	8	4	779	14	0	805
18216	17	4	22	745	0	788
18217	16	4	13	780	0	813
18218	6	3	20	777	0	806
18219	12	6	10	795	0	823
18220	776	8	6	31	0	821
18221	786	4	10	23	0	823
18222	798	13	6	13	0	830
18223	816	6	6	15	0	843
18224	30	4	3	800	0	837
18225	19	10	792	24	0	845
18226	798	1	12	22	0	833
18227	847	9	8	18	0	882
18228	26	5	12	841	0	884
18229	28	4	10	838	0	880
18230	852	3	10	32	0	897
18231	29	5	13	786	0	833
18232	23	800	7	25	0	855
18233	813	14	10	22	0	859
18234	797	8	10	17	0	832
18235	29	11	846	13	0	899
18236	23	8	19	848	0	898
18237	21	8	8	870	0	907
18238	862	6	10	30	0	908
18239	880	4	10	27	0	921
18240	28	9	5	879	0	921
18241	30	9	856	20	0	915
18242	26	1	851	22	0	900
18243	19	3	24	881	0	927
18244	24	2	14	881	0	921
18245	857	4	7	32	0	900
18246	22	831	16	20	0	889
18247	22	806	8	16	0	852
18248	21	838	6	12	0	877
18249	16	15	9	846	0	886
18250	840	13	9	24	0	886
18251	838	11	3	20	0	872
18252	16	840	3	23	0	882
18253	856	18	2	10	0	886
18254	32	12	1	841	0	886
18255	18	5	831	19	0	873
18256	19	9	18	826	0	872
18257	16	4	10	832	0	862
18258	18	6	8	818	0	850
18259	776	3	7	23	0	809
18260	20	5	4	761	0	790
18261	15	764	3	22	0	804
18262	739	9	9	20	0	777
18263	15	705	7	13	0	740
18264	13	651	3	15	0	682
18265	11	689	5	12	0	717
18266	8	6	596	10	0	620
18267	6	578	8	6	0	598
18268	5	5	492	5	0	507
18269	438	2	8	3	0	451
18270	436	0	1	5	0	442
18271	1	0	476	5	0	482
18272	452	1	2	5	0	460
18273	493	1	1	2	0	497
18274	1	3	493	3	0	500
18275	1	513	0	2	0	516
18276	2	2	2	510	0	516
18277	509	1	2	6	0	518
18278	8	2	0	499	0	509
18279	531	1	0	6	0	538
18280	532	2	0	3	0	537
18281	4	1	536	0	0	541
18282	523	2	1	3	0	529
18283	1	555	2	2	0	560
18284	549	1	1	6	0	557
18285	3	0	0	560	0	563
18286	1	2	557	3	0	563
18287	5	2	1	543	0	551
18288	544	1	0	6	0	551
18289	1	549	1	2	0	553
18290	2	3	554	1	0	560
18291	3	2	2	542	0	549
18292	2	2	554	4	0	562
18293	3	556	1	3	0	563
18294	559	3	1	6	0	569
18295	5	2	0	566	0	573
18296	3	4	578	4	0	589
18297	4	0	529	3	0	536
18298	589	1	2	5	0	597
18299	2	1	2	593	0	598
18300	4	1	1	600	0	606
18301	6	1	598	2	0	607
18302	2	1	597	2	0	602
18303	4	655	2	1	0	662
18304	1	2	0	664	0	667
18305	3	1	1	641	0	646
18306	3	640	1	3	0	647
18307	2	1	631	2	0	636
18308	599	0	4	7	0	610
18309	3	1	3	646	0	653
18310	5	1	652	2	0	660
18311	2	2	1	637	0	642
18312	3	655	2	3	0	663
18313	4	2	648	2	0	656
18314	610	2	2	3	0	617
18315	4	3	660	2	0	669
18316	0	2	649	3	0	654
18317	2	1	622	4	0	629
18318	3	0	674	2	0	679
18319	6	2	4	672	0	684
18320	2	2	706	4	0	714
18321	2	1	3	681	0	687
18322	0	694	5	5	0	704
18323	763	2	5	4	0	774
18324	5	3	1	813	0	822
18325	4	1	816	9	0	830
18326	3	807	5	5	0	820
18327	0	5	2	788	0	795
18328	790	2	0	11	0	803
18329	6	810	2	3	0	821
18330	5	4	1	806	0	816
18331	811	3	1	7	0	822
18332	5	2	815	4	0	826
18333	804	0	6	4	0	814
18334	6	3	828	0	0	837
18335	757	0	7	1	0	765
18336	755	0	3	2	0	760
18337	8	0	757	1	0	766
18338	2	750	7	0	0	759
18339	4	5	3	719	0	731
18340	1	4	760	7	0	772
18341	3	0	8	745	0	756
18342	3	0	3	772	0	778
18343	0	1	791	11	0	803
18344	3	1	771	3	0	778
18345	4	0	10	775	0	789
18346	786	0	4	12	0	802
18347	8	779	2	2	0	791
18348	2	786	0	3	0	791
18349	782	10	0	3	0	795
18350	830	3	0	4	0	837
18351	10	3	0	849	0	862
18352	7	0	0	851	0	858
18353	2	0	1	861	0	864
18354	840	0	2	12	0	854
18355	9	819	0	4	0	832
18356	3	847	1	2	0	853
18357	7	10	1	842	0	860
18358	4	4	2	860	0	870
18359	1	2	0	858	0	861
18360	853	1	0	13	0	867
18361	8	862	1	5	0	876
18362	858	8	1	5	0	872
18363	12	2	865	2	0	881
18364	4	886	10	1	0	901
18365	5	9	4	870	0	888
18366	863	1	3	10	0	877
18367	9	2	890	3	0	904
18368	4	2	903	2	0	911
18369	4	3	12	911	0	930
18370	3	2	3	914	0	922
18371	3	0	1	899	0	903
18372	2	0	1	879	0	882
18373	0	1	1	876	0	878
18374	2	838	2	14	0	856
18375	3	8	1	848	0	860
18376	834	5	7	14	0	860
18377	7	858	3	4	0	872
18378	859	10	1	3	0	873
18379	9	3	837	6	0	855
18380	4	2	833	4	0	843
18381	3	3	11	865	0	882
18382	2	0	1086	16	0	1104
18383	6	1	19	1074	0	1100
18384	7	2	9	1045	0	1063
18385	1102	2	5	34	0	1143
18386	1092	1	2	15	0	1110
18387	28	1106	3	7	0	1144
18388	14	1153	1	1	0	1169
18389	8	29	6	1139	0	1182
18390	1155	12	3	27	0	1197
18391	27	6	1158	11	0	1202
18392	13	4	24	1167	0	1208
18393	8	6	12	1172	0	1198
18394	3	0	1166	41	0	1210
18395	9	1156	27	18	0	1210
18396	7	23	15	1113	0	1158
18397	8	11	1164	32	0	1215
18398	9	6	27	1133	0	1175
18399	1099	7	16	31	0	1153
18400	25	1105	4	18	0	1152
18401	17	1130	6	11	0	1164
18402	11	34	9	1094	0	1148
18403	1066	14	3	37	0	1120
18404	29	1077	5	17	0	1128
18405	1084	30	6	12	0	1132
18406	27	18	1088	12	0	1145
18407	16	7	1117	13	0	1153
18408	14	3	37	1089	0	1143
18409	13	6	20	1141	0	1180
18410	1124	8	8	44	0	1184
18411	37	6	6	1122	0	1171
18412	16	9	1109	39	0	1173
18413	15	11	25	1113	0	1164
18414	10	9	10	1153	0	1182
18415	16	6	1097	41	0	1160
18416	1060	6	35	20	0	1121
18417	32	4	15	1121	0	1172
18418	1075	4	8	45	0	1132
18419	27	1056	14	20	0	1117
18420	1058	29	11	16	0	1114
18421	32	1053	5	15	0	1105
18422	15	1058	13	14	0	1100
18423	26	35	12	966	0	1039
18424	942	16	10	34	0	1002
18425	955	10	6	21	0	992
18426	34	13	5	940	0	992
18427	951	6	5	38	0	1000
18428	962	6	3	24	0	995
18429	43	12	4	932	0	991
18430	893	4	5	35	0	937
18431	37	902	9	16	0	964
18432	893	26	11	13	0	943
18433	33	12	856	21	0	922
18434	907	10	23	18	0	958
18435	44	8	12	906	0	970
18436	17	10	5	939	0	971
18437	21	5	10	939	0	975
18438	18	11	11	925	0	965
18439	13	4	6	933	0	956
18440	12	861	9	51	0	933
18441	7	890	10	32	0	939
18442	865	26	6	24	0	921
18443	31	18	848	15	0	912
18444	820	12	23	16	0	871
18445	32	12	857	13	0	914
18446	25	11	23	858	0	917
18447	23	13	15	873	0	924
18448	839	10	11	50	0	910
18449	37	12	835	22	0	906
18450	23	10	23	827	0	883
18451	15	11	833	37	0	896
18452	19	870	27	27	0	943
18453	28	24	19	882	0	953
18454	876	15	15	43	0	949
18455	850	11	12	26	0	899
18456	857	16	9	22	0	904
18457	52	866	7	16	0	941
18458	24	877	11	21	0	933
18459	787	32	10	23	0	852
18460	39	851	10	19	0	919
18461	19	872	11	22	0	924
18462	11	40	856	23	0	930
18463	14	825	30	22	0	891
18464	10	839	18	20	0	887
18465	16	35	6	841	0	898
18466	13	24	831	29	0	897
18467	17	17	800	17	0	851
18468	761	15	37	16	0	829
18469	36	16	781	14	0	847
18470	830	10	35	16	0	891
18471	38	12	17	819	0	886
18472	29	846	14	28	0	917
18473	889	30	12	26	0	957
18474	931	17	13	19	0	980
18475	49	9	4	930	0	992
18476	25	11	12	927	0	975
18477	22	11	10	933	0	976
18478	906	10	5	46	0	967
18479	849	9	6	26	0	890
18480	894	4	3	25	0	926
18481	46	834	9	15	0	904
18482	606	16	4	10	0	636
18483	21	590	2	12	0	625
18484	15	584	5	4	0	608
18485	8	19	2	557	0	586
18486	4	568	2	15	0	589
18487	545	13	0	11	0	569
18488	11	8	2	547	0	568
18489	552	4	1	9	0	566
18490	10	523	2	6	0	541
18491	7	540	2	3	0	552
18492	559	10	3	3	0	575
18493	12	567	0	4	0	583
18494	6	10	2	568	0	586
18495	7	7	1	578	0	593
18496	585	4	5	14	0	608
18497	14	1	1	577	0	593
18498	6	2	585	15	0	608
18499	9	4	9	593	0	615
18500	601	5	4	18	0	628
18501	13	608	1	7	0	629
18502	634	8	3	3	0	648
18503	613	10	1	5	0	629
18504	650	5	0	6	0	661
18505	16	8	652	3	0	679
18506	10	3	622	1	0	636
18507	607	3	10	5	0	625
18508	12	657	4	4	0	677
18509	4	12	11	670	0	697
18510	2	3	4	678	0	687
18511	5	654	2	12	0	673
18512	1	684	2	5	0	692
18513	4	14	0	678	0	696
18514	0	4	1	695	0	700
18515	1	4	672	14	0	691
18516	5	0	619	4	0	628
18517	632	1	13	6	0	652
18518	679	1	4	5	0	689
18519	15	1	2	670	0	688
18520	8	2	670	14	0	694
18521	10	1	12	657	0	680
18522	662	4	5	16	0	687
18523	16	1	673	8	0	698
18524	7	4	12	710	0	733
18525	8	5	707	15	0	735
18526	5	688	15	6	0	714
18527	2	13	701	6	0	722
18528	9	6	14	682	0	711
18529	713	7	7	12	0	739
18530	15	5	4	725	0	749
18531	733	4	2	19	0	758
18532	749	4	2	10	0	765
18533	719	4	4	5	0	732
18534	16	5	705	4	0	730
18535	718	3	11	7	0	739
18536	16	5	8	729	0	758
18537	4	4	6	742	0	756
18538	5	1	727	21	0	754
18539	5	5	15	731	0	756
18540	744	3	5	16	0	768
18541	14	749	6	9	0	778
18542	768	13	1	13	0	795
18543	787	4	2	11	0	804
18544	785	4	7	4	0	800
18545	21	1	5	767	0	794
18546	15	0	760	15	0	790
18547	11	1	15	776	0	803
18548	8	1	7	788	0	804
18549	781	1	10	18	0	810
18550	762	4	0	10	0	776
18551	19	7	744	2	0	772
18552	7	1	17	722	0	747
18553	10	1	721	14	0	746
18554	727	3	16	8	0	754
18555	18	845	9	8	0	880
18556	855	14	8	6	0	883
18557	22	891	2	4	0	919
18558	899	19	4	5	0	927
18559	21	911	2	5	0	939
18560	16	17	2	918	0	953
18561	9	7	2	954	0	972
18562	956	2	5	25	0	988
18563	951	1	4	16	0	972
18564	961	1	2	10	0	974
18565	927	3	2	11	0	943
18566	963	3	2	8	0	976
18567	34	1	4	926	0	965
18568	19	928	1	19	0	967
18569	13	17	4	920	0	954
18570	6	898	5	21	0	930
18571	7	18	5	866	0	896
18572	5	862	1	22	0	890
18573	12	19	1	855	0	887
18574	8	12	814	21	0	855
18575	788	3	20	9	0	820
18576	22	820	8	11	0	861
18577	852	17	3	5	0	877
18578	23	8	834	6	0	871
18579	823	4	18	7	0	852
18580	23	3	894	6	0	926
18581	15	6	21	893	0	935
18582	8	979	11	23	0	1021
18583	9	23	982	10	0	1024
18584	9	11	24	980	0	1024
18585	920	5	9	31	0	965
18586	28	8	5	1007	0	1048
18587	14	5	4	1030	0	1053
18588	13	5	1	1042	0	1061
18589	10	3	997	35	0	1045
18590	11	4	20	979	0	1014
18591	7	964	11	30	0	1012
18592	5	21	6	981	0	1013
18593	9	8	6	1003	0	1026
18594	986	3	3	37	0	1029
18595	26	5	2	1005	0	1038
18596	13	2	1015	29	0	1059
18597	9	5	1005	14	0	1033
18598	8	0	1010	9	0	1027
18599	3	991	32	5	0	1031
18600	983	19	12	3	0	1017
18601	19	988	6	5	0	1018
18602	969	22	4	3	0	998
18603	22	8	1	941	0	972
18604	13	3	969	22	0	1007
18605	7	6	927	8	0	948
18606	6	973	24	6	0	1009
18607	1	21	10	960	0	992
18608	9	6	9	942	0	966
18609	5	6	3	960	0	974
18610	3	6	929	28	0	966
18611	857	0	21	17	0	895
18612	19	5	932	9	0	965
18613	13	3	25	911	0	952
18614	10	4	10	945	0	969
18615	10	3	933	24	0	970
18616	889	4	26	17	0	936
18617	21	934	8	14	0	977
18618	936	23	8	9	0	976
18619	25	6	7	911	0	949
18620	12	935	4	20	0	971
18621	14	23	3	947	0	987
18622	936	8	5	31	0	980
18623	27	3	5	928	0	963
18624	13	6	914	23	0	956
18625	900	4	23	16	0	943
18626	934	6	8	8	0	956
18627	29	3	910	11	0	953
18628	15	4	20	918	0	957
18629	924	2	12	33	0	971
18630	34	1	10	911	0	956
18631	13	4	9	910	0	936
18632	14	5	4	898	0	921
18633	13	2	7	924	0	946
18634	5	8	917	37	0	967
18635	9	4	24	916	0	953
18636	7	4	907	33	0	951
18637	891	2	24	13	0	930
18638	931	1	13	14	0	959
18639	912	6	9	14	0	941
18640	924	0	10	14	0	948
18641	41	4	7	882	0	934
18642	884	3	9	33	0	929
18643	28	3	853	18	0	902
18644	17	0	856	10	0	883
18645	831	2	30	14	0	877
18646	28	843	14	8	0	893
18647	11	864	10	16	0	901
18648	11	27	14	849	0	901
18649	7	9	855	27	0	898
18650	802	10	18	15	0	845
18651	30	4	858	7	0	899
18652	13	825	23	12	0	873
18653	12	23	833	8	0	876
18654	10	789	18	11	0	828
18655	687	17	14	8	0	726
18656	16	693	7	11	0	727
18657	5	666	11	4	0	686
18658	8	17	7	656	0	688
18659	8	5	657	15	0	685
18660	6	6	13	630	0	655
18661	4	8	6	639	0	657
18662	8	5	620	18	0	651
18663	5	0	16	588	0	609
18664	5	599	5	20	0	629
18665	6	14	7	631	0	658
18666	617	4	5	23	0	649
18667	13	6	5	625	0	649
18668	5	6	620	22	0	653
18669	9	3	13	627	0	652
18670	9	2	630	19	0	660
18671	615	6	17	7	0	645
18672	18	5	3	624	0	650
18673	620	2	3	21	0	646
18674	20	0	625	10	0	655
18675	589	3	12	13	0	617
18676	14	637	6	9	0	666
18677	8	11	635	9	0	663
18678	10	2	19	627	0	658
18679	6	9	632	18	0	665
18680	4	579	13	9	0	605
18681	11	594	6	15	0	626
18682	522	10	7	8	0	547
18683	13	551	5	5	0	574
18684	549	12	2	8	0	571
18685	17	3	6	562	0	588
18686	7	2	547	15	0	571
18687	4	550	13	8	0	575
18688	7	10	6	557	0	580
18689	6	6	7	550	0	569
18690	11	5	2	560	0	578
18691	6	6	3	565	0	580
18692	7	536	5	16	0	564
18693	4	555	4	11	0	574
18694	532	9	3	7	0	551
18695	9	535	2	3	0	549
18696	5	7	2	511	0	525
18697	3	2	518	11	0	534
18698	3	511	11	3	0	528
18699	5	12	4	502	0	523
18700	2	4	2	500	0	508
18701	4	512	1	11	0	528
18702	499	13	2	5	0	519
18703	11	3	495	4	0	513
18704	449	2	6	4	0	461
18705	9	476	4	3	0	492
18706	447	9	2	2	0	460
18707	8	468	0	2	0	478
18708	2	9	1	497	0	509
18709	2	8	1	507	0	518
18710	515	1	0	12	0	528
18711	10	5	0	523	0	538
18712	6	0	516	12	0	534
18713	3	513	8	6	0	530
18714	3	525	5	3	0	536
18715	0	12	2	514	0	528
18716	2	5	515	12	0	534
18717	1	5	9	512	0	527
18718	2	1	4	515	0	522
18719	1	2	511	16	0	530
18720	0	3	489	6	0	498
18721	0	506	9	6	0	521
18722	513	11	5	2	0	531
18723	10	15	3	502	0	530
18724	5	485	3	11	0	504
18725	509	10	4	7	0	530
18726	9	6	2	518	0	535
18727	5	4	3	508	0	520
18728	3	501	2	12	0	518
18729	2	15	0	513	0	530
18730	504	4	0	19	0	527
18731	10	4	4	505	0	523
18732	7	4	0	508	0	519
18733	4	4	498	13	0	519
18734	7	4	446	5	0	462
18735	465	8	10	7	0	490
18736	12	2	3	474	0	491
18737	6	2	5	479	0	492
18738	7	1	1	488	0	497
18739	3	2	473	20	0	498
18740	455	0	13	9	0	477
18741	10	5	5	466	0	486
18742	5	5	4	469	0	483
18743	464	2	2	15	0	483
18744	10	465	3	10	0	488
18745	2	11	454	10	0	477
18746	6	2	8	464	0	480
18747	2	445	6	13	0	466
18748	3	7	7	462	0	479
18749	449	6	6	12	0	473
18750	14	6	3	446	0	469
18751	449	5	1	13	0	468
18752	441	4	3	8	0	456
18753	16	5	1	428	0	450
18754	5	427	3	14	0	449
18755	6	444	3	10	0	463
18756	3	13	441	8	0	465
18757	3	6	9	404	0	422
18758	6	6	3	461	0	476
18759	4	3	4	466	0	477
18760	453	2	5	16	0	476
18761	9	4	2	462	0	477
18762	6	3	465	15	0	489
18763	456	1	10	13	0	480
18764	11	4	4	467	0	486
18765	10	3	3	472	0	488
18766	5	2	462	21	0	490
18767	443	1	11	15	0	470
18768	12	4	4	478	0	498
18769	4	2	481	19	0	506
18770	8	1	10	469	0	488
18771	9	2	4	449	0	464
18772	2	485	5	17	0	509
18773	479	7	8	9	0	503
18774	466	5	5	15	0	491
18775	15	475	3	4	0	497
18776	446	9	3	13	0	471
18777	441	4	5	9	0	459
18778	14	4	0	439	0	457
18779	11	2	416	14	0	443
18780	9	2	399	8	0	418
18781	6	3	392	5	0	406
18782	8	3	417	9	0	437
18783	5	2	9	396	0	412
18784	3	4	6	415	0	428
18785	4	2	5	415	0	426
18786	2	1	2	414	0	419
18787	444	3	4	13	0	464
18788	11	439	2	10	0	462
18789	449	3	1	8	0	461
18790	6	5	434	6	0	451
18791	6	1	471	6	0	484
18792	9	5	8	487	0	509
18793	498	3	5	15	0	521
18794	481	2	3	11	0	497
18795	10	495	3	6	0	514
18796	5	491	3	5	0	504
18797	7	8	0	492	0	507
18798	487	3	6	10	0	506
18799	5	493	4	9	0	511
18800	495	7	1	8	0	511
18801	513	5	0	8	0	526
18802	529	1	3	5	0	538
18803	11	5	537	4	0	557
18804	6	555	6	3	0	570
18805	552	5	2	7	0	566
18806	553	1	4	4	0	562
18807	9	531	2	5	0	547
18808	5	514	0	0	0	519
18809	498	4	9	1	0	512
18810	6	3	0	485	0	494
18811	2	1	483	3	0	489
18812	451	4	11	4	0	470
18813	5	1	2	466	0	474
18814	3	479	0	7	0	489
18815	2	5	0	499	0	506
18816	0	4	507	3	0	514
18817	2	0	3	503	0	508
18818	550	0	2	7	0	559
18819	7	0	2	547	0	556
18820	5	0	0	543	0	548
18821	0	1	583	5	0	589
18822	0	2	3	550	0	555
18823	0	585	2	4	0	591
18824	585	3	2	2	0	592
18825	549	2	0	6	0	557
18826	7	0	559	0	0	566
18827	8	0	3	538	0	549
18828	0	543	2	5	0	550
18829	0	562	2	1	0	565
18830	562	4	0	1	0	567
18831	5	4	0	583	0	592
18832	4	1	585	3	0	593
18833	2	2	563	2	0	569
18834	2	0	7	591	0	600
18835	591	0	1	5	0	597
18836	580	1	0	3	0	584
18837	5	2	0	604	0	611
18838	4	0	604	3	0	611
18839	0	611	4	4	0	619
18840	612	3	5	4	0	624
18841	2	633	2	2	0	639
18842	634	2	1	5	0	642
18843	6	2	0	636	0	644
18844	6	0	642	4	0	652
18845	1	0	3	648	0	652
18846	630	1	4	3	0	638
18847	4	3	630	2	0	639
18848	4	626	5	0	0	635
18849	1	5	3	640	0	649
18850	648	3	2	7	0	660
18851	5	2	634	7	0	648
18852	6	0	6	626	0	638
18853	0	1	3	654	0	658
18854	2	1	655	8	0	666
18855	1	1	7	635	0	644
18856	3	4	651	5	0	663
18857	631	4	2	5	0	642
18858	7	0	3	647	0	657
18859	5	0	699	6	0	710
18860	2	717	5	3	0	727
18861	731	5	3	8	0	747
18862	796	5	2	4	0	807
18863	10	2	1	897	0	910
18864	6	936	3	8	0	953
18865	939	15	2	8	0	964
18866	14	7	3	929	0	953
18867	8	0	938	14	0	960
18868	898	2	15	8	0	923
18869	18	927	4	2	0	951
18870	10	14	2	936	0	962
18871	933	6	1	19	0	959
18872	16	3	927	5	0	951
18873	5	5	931	2	0	943
18874	6	0	18	931	0	955
18875	2	2	948	18	0	970
18876	6	1	17	933	0	957
18877	1	914	6	14	0	935
18878	4	14	4	977	0	999
18879	971	5	3	20	0	999
18880	20	0	972	6	0	998
18881	3	966	18	5	0	992
18882	2	14	4	947	0	967
18883	1	6	966	16	0	989
18884	6	6	15	942	0	969
18885	0	945	5	16	0	966
18886	3	984	3	6	0	996
18887	905	13	5	8	0	931
18888	12	934	5	2	0	953
18889	3	14	914	4	0	935
18890	837	4	20	4	0	865
18891	14	0	905	3	0	922
18892	6	6	11	850	0	873
18893	3	0	890	12	0	905
18894	3	909	13	5	0	930
18895	6	11	6	915	0	938
18896	7	4	2	932	0	945
18897	4	3	2	927	0	936
18898	2	3	929	20	0	954
18899	7	0	15	909	0	931
18900	3	2	5	929	0	939
18901	895	1	4	18	0	918
18902	879	1	1	8	0	889
18903	18	3	891	2	0	914
18904	3	871	13	8	0	895
18905	5	15	880	3	0	903
18906	4	3	13	891	0	911
18907	6	0	913	12	0	931
18908	5	3	13	882	0	903
18909	6	4	8	904	0	922
18910	2	2	897	23	0	924
18911	817	3	17	7	0	844
18912	13	903	6	11	0	933
18913	9	18	3	928	0	958
18914	1	4	975	17	0	997
18915	4	4	917	6	0	931
18916	894	2	18	5	0	919
18917	14	949	9	2	0	974
18918	4	15	3	924	0	946
18919	923	2	8	19	0	952
18920	18	1	2	940	0	961
18921	7	4	6	927	0	944
18922	2	3	901	24	0	930
18923	837	5	16	10	0	868
18924	913	0	8	12	0	933
18925	26	4	1	908	0	939
18926	899	4	3	21	0	927
18927	16	2	1	905	0	924
18928	8	888	3	16	0	915
18929	6	909	2	10	0	927
18930	9	14	3	917	0	943
18931	889	6	3	19	0	917
18932	19	7	0	889	0	915
18933	894	0	3	21	0	918
18934	899	4	2	9	0	914
18935	20	2	8	880	0	910
18936	6	2	3	903	0	914
18937	3	1	882	20	0	906
18938	1	3	889	10	0	903
18939	4	2	19	889	0	914
18940	4	3	938	18	0	963
18941	901	1	16	11	0	929
18942	19	0	9	963	0	991
18943	7	1	1014	16	0	1038
18944	999	2	20	10	0	1031
18945	1081	2	6	13	0	1102
18946	28	1161	6	8	0	1203
18947	24	20	6	1192	0	1242
18948	10	10	1217	20	0	1257
18949	1208	6	23	17	0	1254
18950	1245	4	14	9	0	1272
18951	34	1	1267	3	0	1305
18952	1270	3	23	7	0	1303
18953	25	1	14	1258	0	1298
18954	20	0	10	1270	0	1300
18955	1257	2	3	35	0	1297
18956	1277	3	3	18	0	1301
18957	34	2	4	1279	0	1319
18958	20	0	1292	24	0	1336
18959	9	1232	19	18	0	1278
18960	5	22	1229	8	0	1264
18961	6	15	1183	4	0	1208
18962	6	1150	33	4	0	1193
18963	6	13	24	979	0	1022
18964	7	12	6	1000	0	1025
18965	5	4	992	21	0	1022
18966	12	1	16	982	0	1011
18967	994	2	13	21	0	1030
18968	17	5	1038	14	0	1074
18969	1032	2	14	12	0	1060
18970	1060	0	14	7	0	1081
18971	1066	2	9	9	0	1086
18972	31	3	1036	7	0	1077
18973	21	3	1030	4	0	1058
18974	13	1	23	1014	0	1051
18975	8	2	17	962	0	989
18976	6	1016	8	22	0	1052
18977	1016	11	6	14	0	1047
18978	1003	11	5	14	0	1033
18979	22	1002	4	9	0	1037
18980	1001	11	2	8	0	1022
18981	17	983	5	4	0	1009
18982	1003	12	5	9	0	1029
18983	18	11	6	963	0	998
18984	13	8	960	16	0	997
18985	9	3	937	10	0	959
18986	5	4	24	947	0	980
18987	6	2	14	956	0	978
18988	6	1	964	21	0	992
18989	12	2	15	940	0	969
18990	7	2	14	916	0	939
18991	941	1	8	29	0	979
18992	961	1	2	17	0	981
18993	933	0	4	12	0	949
18994	27	2	885	5	0	919
18995	17	904	16	3	0	940
18996	15	10	10	908	0	943
18997	5	15	915	11	0	946
18998	9	918	16	7	0	950
18999	923	15	12	10	0	960
19000	17	12	8	918	0	955
19001	13	5	4	951	0	973
19002	922	4	6	26	0	958
19003	17	3	2	941	0	963
19004	16	3	2	956	0	977
19005	940	1	3	28	0	972
19006	15	4	916	19	0	954
19007	18	910	16	7	0	951
19008	906	10	14	12	0	942
19009	18	11	923	4	0	956
19010	899	4	15	7	0	925
19011	17	925	12	7	0	961
19012	912	12	10	9	0	943
19013	908	14	7	5	0	934
19014	870	4	2	12	0	888
19015	30	1	6	853	0	890
19016	17	5	4	848	0	874
19017	12	848	3	22	0	885
19018	9	857	3	17	0	886
19019	8	863	6	9	0	886
19020	853	20	4	7	0	884
19021	15	15	850	5	0	885
19022	16	6	13	842	0	877
19023	11	5	9	854	0	879
19024	7	845	7	22	0	881
19025	5	12	6	863	0	886
19026	9	10	2	850	0	871
19027	7	859	9	26	0	901
19028	858	13	3	21	0	895
19029	15	896	1	7	0	919
19030	15	15	870	5	0	905
19031	850	9	12	8	0	879
19032	16	886	11	2	0	915
19033	893	15	5	4	0	917
19034	19	12	4	884	0	919
19035	19	6	2	883	0	910
19036	11	4	895	21	0	931
19037	6	3	893	14	0	916
19038	8	5	19	886	0	918
19039	877	2	20	14	0	913
19040	855	1	5	18	0	879
19041	24	838	1	12	0	875
19042	12	820	3	4	0	839
19043	3	823	1	4	0	831
19044	6	20	10	695	0	731
19045	696	1	3	9	0	709
19046	687	1	0	5	0	693
19047	696	0	0	3	0	699
19048	16	1	686	0	0	703
19049	1	841	13	1	0	856
19050	3	20	1	919	0	943
19051	915	2	1	24	0	942
19052	29	0	0	929	0	958
19053	10	1	0	977	0	988
19054	965	2	0	39	0	1006
19055	1082	1	0	5	0	1088
19056	40	2	1085	3	0	1130
19057	13	1	35	1051	0	1100
19058	4	1	1040	37	0	1082
19059	9	2	36	1042	0	1089
19060	3	1	1053	37	0	1094
19061	6	1	35	1043	0	1085
19062	1028	0	9	41	0	1078
19063	33	1024	4	10	0	1071
19064	9	1085	2	10	0	1106
19065	9	41	0	952	0	1002
19066	7	1074	2	25	0	1108
19067	1060	37	2	12	0	1111
19068	1057	10	4	7	0	1078
19069	46	7	1015	4	0	1072
19070	10	1032	43	5	0	1090
19071	12	36	8	1021	0	1077
19072	5	12	1032	39	0	1088
19073	1038	2	38	18	0	1096
19074	46	4	12	1036	0	1098
19075	14	5	1070	41	0	1130
19076	10	5	40	1072	0	1127
19077	1067	4	11	49	0	1131
19078	41	7	1059	12	0	1119
19079	1057	1	40	15	0	1113
19080	1114	6	10	9	0	1139
19081	53	2	6	1070	0	1131
19082	16	6	1073	40	0	1135
19083	7	5	1076	11	0	1099
19084	1044	6	43	10	0	1103
19085	1107	5	14	5	0	1131
19086	47	4	1061	8	0	1120
19087	21	4	40	1049	0	1114
19088	14	3	10	1044	0	1071
19089	10	1047	7	42	0	1106
19090	10	38	7	1060	0	1115
19091	1057	11	6	41	0	1115
19092	42	2	6	1062	0	1112
19093	18	5	1055	38	0	1116
19094	1034	2	39	16	0	1091
19095	42	2	14	1028	0	1086
19096	14	6	1024	41	0	1085
19097	9	1000	42	15	0	1066
19098	985	37	17	13	0	1052
19099	36	1016	6	14	0	1072
19100	1023	37	5	8	0	1073
19101	40	12	990	12	0	1054
19102	16	964	40	10	0	1030
19103	10	1017	14	8	0	1049
19104	11	40	7	960	0	1018
19105	16	11	9	997	0	1033
19106	9	2	975	51	0	1037
19107	10	4	42	975	0	1031
19108	971	5	12	50	0	1038
19109	44	9	952	20	0	1025
19110	22	6	40	956	0	1024
19111	14	7	958	47	0	1026
19112	916	8	42	20	0	986
19113	41	948	19	17	0	1025
19114	969	39	10	19	0	1037
19115	987	11	14	22	0	1034
19116	1000	7	13	17	0	1037
19117	57	7	947	14	0	1025
19118	23	939	42	14	0	1018
19119	18	45	15	1000	0	1078
19120	13	19	10	1061	0	1103
19121	1059	9	13	55	0	1136
19122	51	11	13	1067	0	1142
19123	1091	9	8	52	0	1160
19124	1112	8	14	22	0	1156
19125	1115	11	11	20	0	1157
19126	1129	10	8	18	0	1165
19127	61	9	10	1069	0	1149
19128	1081	8	10	51	0	1150
19129	58	3	1014	20	0	1095
19130	1019	3	45	19	0	1086
19131	1071	5	20	17	0	1113
19132	61	6	1016	15	0	1098
19133	1022	3	45	17	0	1087
19134	1074	5	21	9	0	1109
19135	69	10	7	1012	0	1098
19136	35	7	7	1042	0	1091
19137	1016	9	10	52	0	1087
19138	57	8	10	997	0	1072
19139	25	6	14	1009	0	1054
19140	17	944	7	67	0	1035
19141	18	42	5	980	0	1045
19142	945	8	11	58	0	1022
19143	54	4	7	936	0	1001
19144	30	4	7	944	0	985
19145	17	885	6	62	0	970
19146	27	36	3	856	0	922
19147	28	7	4	823	0	862
19148	791	4	7	43	0	845
19149	34	17	5	584	0	640
19150	14	2	533	22	0	571
19151	11	493	17	8	0	529
19152	9	499	9	3	0	520
19153	485	12	5	6	0	508
19154	19	478	12	4	0	513
19155	375	11	19	3	0	408
19156	12	353	3	6	0	374
19157	356	6	1	9	0	372
19158	10	3	1	374	0	388
19159	7	2	1	375	0	385
19160	6	375	0	14	0	395
19161	4	7	1	382	0	394
19162	4	3	391	13	0	411
19163	356	6	7	7	0	376
19164	12	427	2	7	0	448
19165	428	11	1	10	0	450
19166	444	4	1	9	0	458
19167	444	4	2	7	0	457
19168	19	4	0	418	0	441
19169	11	1	1	439	0	452
19170	7	419	3	13	0	442
19171	422	11	2	6	0	441
19172	12	422	2	6	0	442
19173	421	15	2	4	0	442
19174	13	9	412	4	0	438
19175	425	7	8	2	0	442
19176	18	4	3	429	0	454
19177	11	4	423	13	0	451
19178	8	4	425	6	0	443
19179	4	3	15	421	0	443
19180	6	1	422	15	0	444
19181	2	2	14	430	0	448
19182	402	2	8	17	0	429
19183	10	5	4	411	0	430
19184	9	1	405	15	0	430
19185	6	380	12	11	0	409
19186	8	415	4	5	0	432
19187	11	12	2	408	0	433
19188	412	6	1	11	0	430
19189	12	3	0	416	0	431
19190	7	2	0	431	0	440
19191	3	1	0	435	0	439
19192	2	1	0	437	0	440
19193	0	0	420	19	0	439
19194	2	0	407	10	0	419
19195	397	1	13	5	0	416
19196	426	0	7	3	0	436
19197	14	0	4	419	0	437
19198	9	1	1	422	0	433
19199	3	1	423	14	0	441
19200	1	419	9	7	0	436
19201	425	10	5	4	0	444
19202	425	6	1	5	0	437
19203	16	3	1	426	0	446
19204	9	4	442	9	0	464
19205	8	0	9	433	0	450
19206	3	442	4	12	0	461
19207	2	8	441	7	0	458
19208	433	4	10	7	0	454
19209	11	2	5	441	0	459
19210	449	3	2	10	0	464
19211	12	1	442	6	0	461
19212	452	0	9	4	0	465
19213	14	0	6	449	0	469
19214	438	1	4	10	0	453
19215	14	12	1	423	0	450
19216	7	418	1	12	0	438
19217	4	432	2	6	0	444
19218	10	21	1	419	0	451
19219	0	7	370	7	0	384
19220	0	359	7	6	0	372
19221	4	5	4	342	0	355
19222	336	3	1	7	0	347
19223	312	1	1	8	0	322
19224	12	0	1	318	0	331
19225	7	2	1	318	0	328
19226	2	303	1	11	0	317
19227	1	316	0	6	0	323
19228	314	8	1	3	0	326
19229	5	6	1	318	0	330
19230	5	1	0	316	0	322
19231	1	1	308	12	0	322
19232	1	0	4	317	0	322
19233	1	1	7	307	0	316
19234	1	1	2	319	0	323
19235	3	0	319	10	0	332
19236	2	0	3	323	0	328
19237	317	1	4	8	0	330
19238	4	0	312	7	0	323
19239	318	1	5	4	0	328
19240	7	1	5	311	0	324
19241	8	0	1	319	0	328
19242	2	0	1	342	0	345
19243	0	0	330	12	0	342
19244	304	0	5	8	0	317
19245	4	340	6	1	0	351
19246	337	3	2	2	0	344
19247	5	351	1	1	0	358
19248	7	4	0	347	0	358
19249	349	4	0	9	0	362
19250	5	1	342	5	0	353
19251	338	1	5	1	0	345
19252	7	1	375	1	0	384
19253	8	0	4	370	0	382
19254	2	1	370	7	0	380
19255	0	362	6	7	0	375
19256	4	5	4	364	0	377
19257	364	6	2	6	0	378
19258	4	2	1	352	0	359
19259	7	345	3	3	0	358
19260	3	4	0	357	0	364
19261	364	4	1	7	0	376
19262	331	2	4	11	0	348
19263	13	328	0	4	0	345
19264	6	299	1	0	0	306
19265	5	5	0	287	0	297
19266	0	7	0	289	0	296
19267	289	0	0	7	0	296
19268	277	0	1	7	0	285
19269	6	281	0	2	0	289
19270	5	1	0	283	0	289
19271	1	6	0	282	0	289
19272	1	0	285	7	0	293
19273	0	268	1	8	0	277
19274	1	268	5	1	0	275
19275	1	4	0	248	0	253
19276	1	4	244	0	0	249
19277	4	0	240	5	0	249
19278	0	1	1	246	0	248
19279	1	0	4	244	0	249
19280	0	2	246	4	0	252
19281	3	1	0	251	0	255
19282	1	0	258	3	0	262
19283	249	0	5	5	0	259
19284	3	0	3	255	0	261
19285	4	0	267	3	0	274
19286	0	1	256	5	0	262
19287	1	0	8	298	0	307
19288	1	1	328	4	0	334
19289	0	0	321	5	0	326
19290	2	305	7	0	0	314
19291	324	4	2	3	0	333
19292	5	3	328	0	0	336
19293	3	0	5	334	0	342
19294	4	0	2	348	0	354
19295	2	1	4	355	0	362
19296	0	1	347	10	0	358
19297	2	3	4	353	0	362
19298	349	0	3	8	0	360
19299	5	0	4	349	0	358
19300	4	0	347	7	0	358
19301	4	0	4	351	0	359
19302	347	1	3	8	0	359
19303	350	1	4	4	0	359
19304	335	0	0	7	0	342
19305	12	0	0	326	0	338
19306	330	0	0	7	0	337
19307	336	2	2	3	0	343
19308	336	0	0	6	0	342
19309	12	337	1	0	0	350
19310	343	3	1	4	0	351
19311	8	3	0	334	0	345
19312	3	3	326	7	0	339
19313	4	330	4	4	0	342
19314	326	3	2	4	0	335
19315	7	4	3	328	0	342
19316	4	2	1	323	0	330
19317	4	314	1	10	0	329
19318	0	328	1	8	0	337
19319	317	7	5	3	0	332
19320	5	329	1	2	0	337
19321	302	5	3	0	0	310
19322	7	302	1	2	0	312
19323	298	11	0	5	0	314
19324	6	306	1	3	0	316
19325	2	320	1	2	0	325
19326	322	12	2	3	0	339
19327	7	6	329	2	0	344
19328	3	333	5	8	0	349
19329	4	7	5	342	0	358
19330	1	3	4	357	0	365
19331	2	3	1	362	0	368
19332	5	1	2	362	0	370
19333	4	0	357	8	0	369
19334	342	2	6	8	0	358
19335	7	1	3	362	0	373
19336	375	0	3	8	0	386
19337	382	0	1	5	0	388
19338	379	2	1	7	0	389
19339	382	1	3	4	0	390
19340	9	0	394	4	0	407
19341	5	0	7	391	0	403
19342	5	3	391	6	0	405
19343	5	375	8	6	0	394
19344	5	4	4	345	0	358
19345	5	10	1	367	0	383
19346	5	4	1	391	0	401
19347	2	3	1	384	0	390
19348	3	2	377	10	0	392
19349	4	3	5	374	0	386
19350	5	1	2	380	0	388
19351	385	2	4	9	0	400
19352	372	1	2	6	0	381
19353	11	2	0	381	0	394
19354	8	2	2	389	0	401
19355	8	1	2	393	0	404
19356	390	1	2	15	0	408
19357	413	4	2	6	0	425
19358	384	0	1	7	0	392
19359	407	1	2	5	0	415
19360	12	407	0	6	0	425
19361	399	8	1	6	0	414
19362	407	1	3	6	0	417
19363	14	3	2	399	0	418
19364	7	3	1	397	0	408
19365	395	1	1	7	0	404
19366	14	383	1	5	0	403
19367	8	410	0	3	0	421
19368	423	7	0	7	0	437
19369	13	5	2	422	0	442
19370	7	3	1	432	0	443
19371	6	1	3	437	0	447
19372	6	6	1	441	0	454
19373	9	4	0	437	0	450
19374	3	441	0	15	0	459
19375	5	8	0	433	0	446
19376	419	1	0	16	0	436
19377	9	2	3	419	0	433
19378	4	0	1	433	0	438
19379	413	1	1	14	0	429
19380	9	439	1	7	0	456
19381	6	9	0	426	0	441
19382	5	450	0	11	0	466
19383	5	9	0	450	0	464
19384	3	0	444	15	0	462
19385	420	3	4	6	0	433
19386	10	428	1	3	0	442
19387	384	6	3	5	0	398
19388	7	3	354	3	0	367
19389	2	11	3	340	0	356
19390	4	350	1	7	0	362
19391	2	363	3	3	0	371
19392	360	3	1	4	0	368
19393	7	3	1	348	0	359
19394	3	2	369	3	0	377
19395	2	0	4	372	0	378
19396	1	0	371	6	0	378
19397	357	3	3	2	0	365
19398	6	3	372	1	0	382
19399	4	2	3	370	0	379
19400	2	365	1	8	0	376
19401	0	2	3	364	0	369
19402	4	368	2	5	0	379
19403	385	3	2	1	0	391
19404	6	2	2	394	0	404
19405	5	0	396	4	0	405
19406	2	1	390	5	0	398
19407	386	2	3	4	0	395
19408	397	2	1	3	0	403
19409	392	2	2	4	0	400
19410	390	1	0	5	0	396
19411	6	390	2	4	0	402
19412	394	3	3	5	0	405
19413	398	3	3	0	0	404
19414	5	3	391	3	0	402
19415	9	1	2	390	0	402
19416	400	1	0	6	0	407
19417	7	3	392	3	0	405
19418	5	2	3	393	0	403
19419	6	2	407	5	0	420
19420	5	1	4	394	0	404
19421	3	400	3	6	0	412
19422	413	3	2	5	0	423
19423	8	2	396	5	0	411
19424	389	2	3	6	0	400
19425	7	1	2	397	0	407
19426	382	1	3	6	0	392
19427	4	3	2	372	0	381
19428	405	6	0	12	0	423
19429	10	2	396	4	0	412
19430	403	1	5	7	0	416
19431	7	1	3	413	0	424
19432	4	0	2	415	0	421
19433	412	3	0	7	0	422
19434	6	3	1	414	0	424
19435	5	1	410	5	0	421
19436	4	2	6	400	0	412
19437	391	2	2	6	0	401
19438	5	394	2	5	0	406
19439	3	383	0	7	0	393
19440	370	2	1	4	0	377
19441	5	379	1	2	0	387
19442	2	2	4	370	0	378
19443	368	1	3	7	0	379
19444	370	2	1	4	0	377
19445	364	3	2	7	0	376
19446	6	4	368	1	0	379
19447	2	4	1	372	0	379
19448	4	379	2	2	0	387
19449	0	4	1	381	0	386
19450	4	0	389	5	0	398
19451	4	356	4	2	0	366
19452	4	11	2	354	0	371
19453	336	1	6	2	0	345
19454	1	334	0	0	0	335
19455	0	1	346	3	0	350
19456	2	2	2	337	0	343
19457	1	1	338	4	0	344
19458	0	0	4	325	0	329
19459	327	1	1	5	0	334
19460	3	1	3	337	0	344
19461	332	0	0	9	0	341
19462	334	1	2	1	0	338
19463	3	357	0	3	0	363
19464	360	2	0	3	0	365
19465	4	359	1	4	0	368
19466	2	4	386	0	0	392
19467	4	1	3	358	0	366
19468	1	3	1	366	0	371
19469	3	0	361	4	0	368
19470	1	363	3	2	0	369
19471	355	4	3	4	0	366
19472	351	1	2	1	0	355
19473	6	2	0	382	0	390
19474	4	0	2	379	0	385
19475	3	0	0	385	0	388
19476	379	0	0	6	0	385
19477	4	1	376	3	0	384
19478	2	0	376	4	0	382
19479	5	0	4	377	0	386
19480	1	0	359	5	0	365
19481	1	2	360	2	0	365
19482	3	0	5	345	0	353
19483	0	0	356	3	0	359
19484	1	346	4	4	0	355
19485	1	4	3	352	0	360
19486	1	1	358	3	0	363
19487	1	2	3	352	0	358
19488	2	348	2	5	0	357
19489	0	4	4	359	0	367
19490	2	1	368	6	0	377
19491	1	2	4	354	0	361
19492	359	0	2	6	0	367
19493	5	1	367	2	0	375
19494	334	0	3	6	0	343
19495	5	355	2	0	0	362
19496	372	4	2	1	0	379
19497	6	2	0	375	0	383
19498	2	399	1	4	0	406
19499	411	4	0	3	0	418
19500	4	4	0	447	0	455
19501	4	3	447	6	0	460
19502	3	448	7	3	0	461
19503	0	5	3	442	0	450
19504	432	4	1	7	0	444
19505	432	1	1	4	0	438
19506	12	0	1	419	0	432
19507	4	1	418	8	0	431
19508	395	1	6	7	0	409
19509	8	1	423	5	0	437
19510	5	0	11	421	0	437
19511	436	3	2	9	0	450
19512	7	432	3	7	0	449
19513	446	7	1	2	0	456
19514	13	4	441	1	0	459
19515	441	1	8	5	0	455
19516	11	0	8	448	0	467
19517	11	1	0	460	0	472
19518	2	3	459	11	0	475
19519	3	0	9	436	0	448
19520	446	0	6	8	0	460
19521	10	4	2	438	0	454
19522	8	438	0	12	0	458
19523	1	10	4	446	0	461
19524	5	451	2	9	0	467
19525	2	12	442	10	0	466
19526	435	4	8	7	0	454
19527	9	4	6	457	0	476
19528	6	1	417	12	0	436
19529	6	415	7	6	0	434
19530	2	8	5	411	0	426
19531	3	7	1	415	0	426
19532	410	0	4	16	0	430
19533	10	3	2	424	0	439
19534	422	1	6	10	0	439
19535	425	1	3	8	0	437
19536	12	417	3	6	0	438
19537	438	10	4	3	0	455
19538	14	7	1	461	0	483
19539	8	2	456	12	0	478
19540	458	0	7	9	0	474
19541	12	1	7	453	0	473
19542	6	0	469	14	0	489
19543	453	2	9	6	0	470
19544	11	0	6	477	0	494
19545	8	480	3	9	0	500
19546	11	8	0	458	0	477
19547	2	475	1	13	0	491
19548	458	7	7	7	0	479
19549	15	6	481	2	0	504
19550	6	481	8	7	0	502
19551	5	8	9	483	0	505
19552	3	7	484	13	0	507
19553	2	3	482	10	0	497
19554	6	487	9	7	0	509
19555	5	9	7	490	0	511
19556	2	8	1	499	0	510
19557	10	2	2	585	0	599
19558	585	1	7	21	0	614
19559	18	6	634	6	0	664
19560	9	637	15	8	0	669
19561	6	17	9	637	0	669
19562	5	8	4	658	0	675
19563	5	4	629	23	0	661
19564	4	4	16	630	0	654
19565	5	0	625	22	0	652
19566	3	2	591	18	0	614
19567	6	1	609	7	0	623
19568	5	1	24	599	0	629
19569	6	4	6	612	0	628
19570	8	5	1	632	0	646
19571	623	3	3	26	0	655
19572	14	630	7	10	0	661
19573	613	17	4	10	0	644
19574	603	9	9	8	0	629
19575	631	1	5	7	0	644
19576	21	639	6	6	0	672
19577	636	16	4	9	0	665
19578	667	7	5	9	0	688
19579	22	5	2	661	0	690
19580	15	3	1	662	0	681
19581	5	5	1	673	0	684
19582	9	4	655	26	0	694
19583	633	1	19	13	0	666
19584	24	4	12	654	0	694
19585	656	8	1	23	0	688
19586	18	653	5	13	0	689
19587	14	16	4	651	0	685
19588	3	6	6	685	0	700
19589	658	3	5	31	0	697
19590	19	1	7	664	0	691
19591	632	3	7	28	0	670
19592	664	1	5	12	0	682
19593	28	631	1	9	0	669
19594	10	662	3	9	0	684
19595	4	30	1	637	0	672
19596	4	648	2	28	0	682
19597	8	22	3	637	0	670
19598	6	5	621	22	0	654
19599	1	2	604	14	0	621
19600	548	4	21	4	0	577
19601	570	0	7	5	0	582
19602	24	552	3	0	0	579
19603	550	17	2	4	0	573
19604	15	601	4	2	0	622
19605	7	15	2	612	0	636
19606	2	5	1	624	0	632
19607	2	1	1	633	0	637
19608	4	2	5	623	0	634
19609	608	1	1	26	0	636
19610	21	607	3	9	0	640
19611	605	18	2	6	0	631
19612	621	6	2	5	0	634
19613	25	2	605	4	0	636
19614	587	3	15	5	0	610
19615	21	596	6	3	0	626
19616	9	19	1	593	0	622
19617	3	7	3	587	0	600
19618	3	574	4	21	0	602
19619	592	16	5	9	0	622
19620	22	5	588	4	0	619
19621	583	4	22	7	0	616
19622	24	3	594	5	0	626
19623	10	2	19	595	0	626
19624	5	2	8	618	0	633
19625	8	4	1	622	0	635
19626	621	2	3	34	0	660
19627	23	2	632	11	0	668
19628	637	5	22	7	0	671
19629	666	5	6	14	0	691
19630	670	2	6	9	0	687
19631	666	2	6	7	0	681
19632	25	2	8	650	0	685
19633	9	1	627	29	0	666
19634	5	2	22	633	0	662
19635	6	3	621	26	0	656
19636	7	3	608	13	0	631
19637	11	598	20	8	0	637
19638	8	23	5	555	0	591
19639	11	9	1	600	0	621
19640	10	7	1	514	0	532
19641	7	6	1	597	0	611
19642	580	3	0	27	0	610
19643	593	2	2	10	0	607
19644	26	4	4	561	0	595
19645	19	2	556	24	0	601
19646	10	2	17	568	0	597
19647	10	3	7	588	0	608
19648	6	3	567	32	0	608
19649	4	5	22	564	0	595
19650	562	4	7	26	0	599
19651	572	4	4	14	0	594
19652	580	3	4	14	0	601
19653	31	1	2	566	0	600
19654	555	5	2	18	0	580
19655	555	5	2	13	0	575
19656	29	1	528	9	0	567
19657	7	1	422	5	0	435
19658	6	2	411	5	0	424
19659	363	1	8	1	0	373
19660	9	367	1	1	0	378
19661	362	8	0	2	0	372
19662	9	378	0	1	0	388
19663	1	8	0	389	0	398
19664	3	1	0	406	0	410
19665	0	2	0	406	0	408
19666	2	0	392	10	0	404
19667	367	0	9	3	0	379
19668	10	1	2	391	0	404
19669	4	0	371	5	0	380
19670	2	2	342	1	0	347
19671	345	0	8	3	0	356
19672	8	367	2	1	0	378
19673	369	8	0	3	0	380
19674	368	1	0	2	0	371
19675	9	364	1	0	0	374
19676	352	8	0	0	0	360
19677	8	1	362	1	0	372
19678	2	0	343	1	0	346
19679	1	0	359	1	0	361
19680	1	0	7	373	0	381
19681	2	0	380	7	0	389
19682	353	0	8	3	0	364
19683	383	0	2	0	0	385
19684	10	0	378	1	0	389
19685	1	0	8	372	0	381
19686	377	0	1	9	0	387
19687	7	402	0	2	0	411
19688	1	426	1	0	0	428
19689	419	9	0	2	0	430
19690	3	1	428	0	0	432
19691	2	0	3	411	0	416
19692	1	0	1	425	0	427
19693	0	0	0	432	0	432
19694	0	440	0	5	0	445
19695	3	5	0	413	0	421
19696	467	0	0	5	0	472
19697	4	1	0	474	0	479
19698	0	477	0	7	0	484
19699	481	6	0	1	0	488
19700	7	0	0	480	0	487
19701	0	1	0	489	0	490
19702	494	1	0	7	0	502
19703	505	0	0	2	0	507
19704	5	0	0	485	0	490
19705	503	0	0	9	0	512
19706	522	0	0	1	0	523
19707	9	524	2	1	0	536
19708	525	8	0	2	0	535
19709	10	525	0	0	0	535
19710	1	8	0	517	0	526
19711	3	1	546	7	0	557
19712	4	1	8	539	0	552
19713	3	1	0	554	0	558
19714	0	0	1	570	0	571
19715	564	0	1	10	0	575
19716	9	560	0	2	0	571
19717	570	8	0	2	0	580
19718	10	604	0	1	0	615
19719	612	10	0	16	0	638
19720	628	2	0	2	0	632
19721	631	1	0	4	0	636
19722	622	1	1	3	0	627
19723	11	1	629	1	0	642
19724	4	0	9	630	0	643
19725	4	2	0	694	0	700
19726	4	1	678	12	0	695
19727	652	1	10	2	0	665
19728	14	0	1	659	0	674
19729	1	3	646	13	0	663
19730	4	0	639	1	0	644
19731	4	0	12	662	0	678
19732	4	1	687	12	0	704
19733	4	1	15	691	0	711
19734	9	1	4	696	0	710
19735	4	2	691	15	0	712
19736	653	2	13	11	0	679
19737	16	1	2	691	0	710
19738	6	4	695	14	0	719
19739	10	1	13	699	0	723
19740	701	2	2	23	0	728
19741	19	0	704	5	0	728
19742	687	1	15	8	0	711
19743	726	0	2	6	0	734
19744	19	0	3	719	0	741
19745	6	2	5	728	0	741
19746	7	2	715	12	0	736
19747	9	1	14	709	0	733
19748	9	2	3	659	0	673
19749	5	1	3	735	0	744
19750	1	2	710	23	0	736
19751	677	0	18	9	0	704
19752	703	1	4	16	0	724
19753	729	2	4	12	0	747
19754	750	2	4	8	0	764
19755	25	1	4	738	0	768
19756	728	4	4	25	0	761
19757	761	4	5	6	0	776
19758	611	6	5	21	0	643
19759	755	1	3	13	0	772
19760	23	748	5	8	0	784
19761	751	14	4	8	0	777
19762	777	1	3	11	0	792
19763	21	759	4	6	0	790
19764	764	16	3	10	0	793
19765	26	3	4	757	0	790
19766	12	4	3	775	0	794
19767	756	2	4	20	0	782
19768	25	748	5	8	0	786
19769	9	764	4	11	0	788
19770	11	17	4	773	0	805
19771	7	3	775	24	0	809
19772	12	3	20	757	0	792
19773	8	2	5	782	0	797
19774	768	3	8	27	0	806
19775	774	1	4	13	0	792
19776	24	1	5	777	0	807
19777	9	3	765	25	0	802
19778	16	2	19	761	0	798
19779	767	4	5	21	0	797
19780	29	2	777	8	0	816
19781	11	772	18	10	0	811
19782	789	17	6	7	0	819
19783	29	2	4	780	0	815
19784	12	5	5	791	0	813
19785	14	4	4	806	0	828
19786	10	5	782	25	0	822
19787	703	3	15	16	0	737
19788	21	2	734	14	0	771
19789	10	734	19	11	0	774
19790	13	15	8	747	0	783
19791	9	2	7	765	0	783
19792	12	2	2	810	0	826
19793	8	1	799	32	0	840
19794	7	4	751	11	0	773
19795	4	0	765	11	0	780
19796	2	773	24	7	0	806
19797	11	19	6	775	0	811
19798	789	0	8	27	0	824
19799	808	5	8	7	0	828
19800	25	3	852	9	0	889
19801	10	876	21	10	0	917
19802	12	19	885	9	0	925
19803	9	917	26	5	0	957
19804	896	24	5	9	0	934
19805	893	6	9	6	0	914
19806	25	889	4	5	0	923
19807	887	23	6	8	0	924
19808	34	4	4	880	0	922
19809	10	6	5	896	0	917
19810	887	5	3	29	0	924
19811	857	4	7	9	0	877
19812	846	2	4	16	0	868
19813	29	831	6	11	0	877
19814	15	847	3	6	0	871
19815	841	20	2	9	0	872
19816	31	7	849	5	0	892
19817	10	19	20	828	0	877
19818	803	5	5	25	0	838
19819	26	766	8	8	0	808
19820	5	816	7	11	0	839
19821	821	20	5	7	0	853
19822	29	7	786	15	0	837
19823	758	12	21	6	0	797
19824	29	9	752	4	0	794
19825	9	5	721	3	0	738
19826	10	4	20	709	0	743
19827	8	4	738	16	0	766
19828	743	3	21	3	0	770
19829	771	1	7	11	0	790
19830	786	3	5	9	0	803
19831	774	6	7	4	0	791
19832	31	2	4	752	0	789
19833	761	1	3	18	0	783
19834	29	742	6	4	0	781
19835	10	20	4	718	0	752
19836	11	741	1	15	0	768
19837	760	21	4	7	0	792
19838	763	9	4	8	0	784
19839	26	5	3	745	0	779
19840	753	4	3	19	0	779
19841	757	6	5	5	0	773
19842	27	4	3	725	0	759
19843	9	5	5	736	0	755
19844	18	3	2	742	0	765
19845	12	5	720	23	0	760
19846	8	0	677	15	0	700
19847	9	4	699	11	0	723
19848	11	0	23	713	0	747
19849	10	3	725	17	0	755
19850	8	3	21	712	0	744
19851	9	3	742	21	0	775
19852	7	5	720	9	0	741
19853	696	1	21	12	0	730
19854	18	702	10	7	0	737
19855	710	17	10	8	0	745
19856	24	5	8	708	0	745
19857	7	6	7	711	0	731
19858	16	5	706	18	0	745
19859	11	697	15	14	0	737
19860	9	15	6	729	0	759
19861	6	6	734	23	0	769
19862	8	720	21	5	0	754
19863	5	16	12	719	0	752
19864	711	5	6	19	0	741
19865	714	6	9	11	0	740
19866	21	5	4	716	0	746
19867	721	1	4	21	0	747
19868	20	715	8	7	0	750
19869	9	19	6	733	0	767
19870	12	15	746	20	0	793
19871	18	11	14	743	0	786
19872	12	4	740	30	0	786
19873	731	5	19	19	0	774
19874	21	4	17	737	0	779
19875	11	769	10	15	0	805
19876	15	16	10	770	0	811
19877	6	6	770	24	0	806
19878	12	14	746	13	0	785
19879	8	9	736	15	0	768
19880	703	10	15	12	0	740
19881	21	720	11	10	0	762
19882	9	16	9	732	0	766
19883	732	5	9	19	0	765
19884	14	730	8	8	0	760
19885	745	13	5	29	0	792
19886	759	7	21	4	0	791
19887	762	10	5	22	0	799
19888	767	6	18	10	0	801
19889	36	8	754	5	0	803
19890	723	2	14	17	0	756
19891	22	13	734	9	0	778
19892	640	2	19	14	0	675
19893	13	4	17	680	0	714
19894	16	1	687	10	0	714
19895	6	668	21	5	0	700
19896	19	14	5	637	0	675
19897	8	647	8	4	0	667
19898	7	652	4	13	0	676
19899	625	4	4	5	0	638
19900	8	14	582	2	0	606
19901	17	558	4	5	0	584
19902	543	3	6	3	0	555
19903	11	552	7	3	0	573
19904	553	0	5	0	0	558
19905	4	1	15	533	0	553
19906	540	3	3	2	0	548
19907	2	1	10	532	0	545
19908	558	2	2	1	0	563
19909	1	7	0	549	0	557
19910	7	600	10	6	0	623
19911	4	14	0	620	0	638
19912	622	3	0	9	0	634
19913	8	617	1	2	0	628
19914	4	10	6	615	0	635
19915	636	4	0	2	0	642
19916	5	1	15	627	0	648
19917	8	13	0	622	0	643
19918	12	0	638	4	0	654
19919	2	11	611	4	0	628
19920	13	4	1	599	0	617
19921	1	0	621	15	0	637
19922	16	4	0	608	0	628
19923	2	3	2	564	0	571
19924	13	5	1	621	0	640
19925	0	2	614	14	0	630
19926	4	13	0	565	0	582
19927	3	3	4	590	0	600
19928	7	578	0	5	0	590
19929	11	10	0	567	0	588
19930	554	2	0	19	0	575
19931	17	1	1	572	0	591
19932	0	1	697	17	0	715
19933	675	0	7	12	0	694
19934	7	769	11	8	0	795
19935	4	13	14	779	0	810
19936	4	1	773	28	0	806
19937	728	4	18	5	0	755
19938	14	779	2	18	0	813
19939	797	12	5	7	0	821
19940	19	5	2	806	0	832
19941	788	3	14	20	0	825
19942	19	5	781	16	0	821
19943	4	767	13	15	0	799
19944	10	877	5	4	0	896
19945	886	13	6	23	0	928
19946	891	5	7	3	0	906
19947	17	5	889	8	0	919
19948	863	8	21	2	0	894
19949	892	6	2	11	0	911
19950	880	8	10	1	0	899
19951	22	845	4	13	0	884
19952	10	866	16	3	0	895
19953	889	18	1	4	0	912
19954	876	6	0	5	0	887
19955	21	880	0	0	0	901
19956	9	15	5	873	0	902
19957	8	11	885	9	0	913
19958	866	7	12	2	0	887
19959	798	5	3	8	0	814
19960	896	6	4	4	0	910
19961	16	908	5	4	0	933
19962	10	11	880	1	0	902
19963	898	2	12	3	0	915
19964	21	6	5	898	0	930
19965	9	5	3	902	0	919
19966	8	8	4	920	0	940
19967	7	1	926	16	0	950
19968	10	0	11	892	0	913
19969	3	3	891	21	0	918
19970	0	867	15	13	0	895
19971	860	10	11	12	0	893
19972	15	861	8	4	0	888
19973	4	890	3	7	0	904
19974	892	15	3	8	0	918
19975	13	872	0	4	0	889
19976	6	18	4	865	0	893
19977	8	866	0	13	0	887
19978	860	21	2	10	0	893
19979	16	877	0	5	0	898
19980	7	20	0	882	0	909
19981	4	7	861	17	0	889
19982	2	11	12	875	0	900
19983	9	869	5	15	0	898
19984	5	21	4	905	0	935
19985	2	3	2	888	0	895
19986	7	8	4	854	0	873
19987	3	6	1	908	0	918
19988	4	7	1	913	0	925
19989	0	4	2	921	0	927
19990	2	0	895	30	0	927
19991	857	4	14	19	0	894
19992	20	2	3	921	0	946
19993	2	2	906	26	0	936
19994	6	0	887	13	0	906
19995	4	0	27	913	0	944
19996	920	2	10	22	0	954
19997	16	4	894	11	0	925
19998	872	0	23	14	0	909
19999	22	1	939	5	0	967
20000	9	4	26	934	0	973
20001	15	1	6	964	0	986
20002	7	3	960	22	0	992
20003	877	1	22	14	0	914
20004	22	4	11	918	0	955
20005	10	2	925	26	0	963
20006	6	1	915	16	0	938
20007	12	0	27	870	0	909
20008	6	904	17	16	0	943
20009	916	16	8	18	0	958
20010	880	4	10	12	0	906
20011	27	4	880	3	0	914
20012	19	3	21	849	0	892
20013	877	8	8	22	0	915
20014	27	8	881	7	0	923
20015	873	0	23	14	0	910
20016	29	856	14	7	0	906
20017	12	22	10	904	0	948
20018	16	4	4	919	0	943
20019	926	5	9	25	0	965
20020	37	2	10	934	0	983
20021	10	8	1	966	0	985
20022	13	8	4	974	0	999
20023	933	3	3	46	0	985
20024	38	2	936	17	0	993
20025	931	6	26	14	0	977
20026	965	3	7	21	0	996
20027	987	0	6	14	0	1007
20028	46	5	6	962	0	1019
20029	22	0	967	29	0	1018
20030	10	951	30	11	0	1002
20031	11	946	7	12	0	976
20032	8	853	3	3	0	867
20033	7	22	839	6	0	874
20034	4	28	20	913	0	965
20035	938	2	7	23	0	970
20036	1031	3	0	19	0	1053
20037	39	3	1	1089	0	1132
20038	17	3	1094	28	0	1142
20039	10	1	1072	16	0	1099
20040	7	0	37	1110	0	1154
20041	5	0	1135	30	0	1170
20042	7	0	32	1149	0	1188
20043	4	0	19	1125	0	1148
20044	1	1091	8	40	0	1140
20045	5	26	6	1106	0	1143
20046	7	15	4	1143	0	1169
20047	1117	5	4	48	0	1174
20048	31	4	5	1130	0	1170
20049	19	1	7	1155	0	1182
20050	1109	3	3	52	0	1167
20051	30	1099	5	30	0	1164
20052	1129	28	9	14	0	1180
20053	35	14	1098	21	0	1168
20054	1120	6	31	12	0	1169
20055	1132	8	17	9	0	1166
20056	51	2	1093	12	0	1158
20057	27	6	1108	6	0	1147
20058	24	3	50	1048	0	1125
20059	1072	2	21	38	0	1133
20060	34	3	1074	22	0	1133
20061	24	3	39	1057	0	1123
20062	16	3	1064	40	0	1123
20063	15	5	41	1050	0	1111
20064	14	1	25	1082	0	1122
20065	1056	3	12	60	0	1131
20066	1046	3	12	31	0	1092
20067	1081	6	9	25	0	1121
20068	56	2	1060	17	0	1135
20069	36	7	1065	17	0	1125
20070	26	3	49	1052	0	1130
20071	19	1	30	1067	0	1117
20072	22	2	19	1101	0	1144
20073	1053	7	15	54	0	1129
20074	41	1043	14	35	0	1133
20075	1045	34	15	29	0	1123
20076	1026	16	15	24	0	1081
20077	52	1003	8	25	0	1088
20078	36	1043	9	20	0	1108
20079	1046	44	13	15	0	1118
20080	39	24	13	1012	0	1088
20081	32	1018	9	55	0	1114
20082	29	30	11	1050	0	1120
20083	31	18	1012	51	0	1112
20084	26	10	41	1021	0	1098
20085	1002	5	32	53	0	1092
20086	42	6	995	43	0	1086
20087	31	7	998	30	0	1066
20088	21	13	57	931	0	1022
20089	21	916	36	50	0	1023
20090	14	930	21	41	0	1006
20091	15	973	14	37	0	1039
20092	967	44	14	35	0	1060
20093	981	26	10	32	0	1049
20094	964	8	12	38	0	1022
20095	53	955	12	27	0	1047
20096	989	30	12	32	0	1063
20097	993	20	16	26	0	1055
20098	67	12	954	21	0	1054
20099	39	914	41	21	0	1015
20100	31	34	30	916	0	1011
20101	916	18	26	43	0	1003
20102	51	11	906	35	0	1003
20103	48	5	39	878	0	970
20104	23	896	39	48	0	1006
20105	28	24	27	918	0	997
20106	18	18	25	934	0	995
20107	930	12	16	66	0	1024
20108	938	11	21	45	0	1015
20109	51	9	23	931	0	1014
20110	38	11	892	55	0	996
20111	31	13	885	38	0	967
20112	898	8	44	28	0	978
20113	51	12	911	26	0	1000
20114	47	20	39	794	0	900
20115	38	828	35	33	0	934
20116	830	25	28	31	0	914
20117	38	816	26	26	0	906
20118	840	28	17	27	0	912
20119	52	21	12	821	0	906
20120	37	12	20	822	0	891
20121	808	16	15	49	0	888
20122	830	12	17	34	0	893
20123	57	16	10	811	0	894
20124	35	13	16	822	0	886
20125	30	12	796	47	0	885
20126	30	18	776	32	0	856
20127	777	16	33	34	0	860
20128	40	13	750	29	0	832
20129	766	9	30	23	0	828
20130	777	9	25	22	0	833
20131	50	7	759	27	0	843
20132	39	726	27	28	0	820
20133	28	760	28	18	0	834
20134	17	20	640	9	0	686
20135	24	39	39	548	0	650
20136	499	12	38	16	0	565
20137	475	3	3	8	0	489
20138	539	2	5	3	0	549
20139	622	2	2	7	0	633
20140	629	2	1	3	0	635
20141	26	630	2	12	0	670
20142	611	18	1	5	0	635
20143	23	607	3	0	0	633
20144	595	17	2	1	0	615
20145	23	6	564	0	0	593
20146	9	3	14	570	0	596
20147	7	2	5	551	0	565
20148	3	562	4	19	0	588
20149	569	15	2	6	0	592
20150	578	7	1	3	0	589
20151	24	4	1	552	0	581
20152	9	5	2	568	0	584
20153	555	0	2	23	0	580
20154	20	1	1	553	0	575
20155	9	1	0	566	0	576
20156	550	2	0	25	0	577
20157	24	2	0	539	0	565
20158	544	0	2	22	0	568
20159	544	0	0	11	0	555
20160	25	2	531	6	0	564
20161	537	0	16	7	0	560
20162	557	1	4	2	0	564
20163	556	0	2	3	0	561
20164	25	1	518	3	0	547
20165	14	0	16	519	0	549
20166	7	8	3	528	0	546
20167	7	2	511	22	0	542
20168	516	1	19	8	0	544
20169	23	0	6	521	0	550
20170	10	1	507	19	0	537
20171	6	0	540	7	0	553
20172	10	0	22	528	0	560
20173	2	0	539	22	0	563
20174	3	1	21	534	0	559
20175	4	2	7	545	0	558
20176	5	0	551	26	0	582
20177	3	0	22	535	0	560
20178	3	523	6	22	0	554
20179	1	556	8	8	0	573
20180	540	22	5	6	0	573
20181	539	7	1	8	0	555
20182	24	531	4	3	0	562
20183	537	19	4	4	0	564
20184	551	6	2	6	0	565
20185	31	4	1	529	0	565
20186	11	5	2	546	0	564
20187	523	3	4	25	0	555
20188	21	523	0	11	0	555
20189	12	541	2	6	0	561
20190	10	22	3	532	0	567
20191	8	7	542	23	0	580
20192	507	6	19	13	0	545
20193	540	5	5	9	0	559
20194	524	6	6	6	0	542
20195	34	539	4	2	0	579
20196	14	21	3	538	0	576
20197	8	9	2	559	0	578
20198	555	5	5	27	0	592
20199	25	556	2	14	0	597
20200	20	18	2	545	0	585
20201	13	10	3	564	0	590
20202	14	6	1	575	0	596
20203	553	2	2	37	0	594
20204	28	552	4	14	0	598
20205	14	25	1	536	0	576
20206	15	551	3	23	0	592
20207	556	22	3	11	0	592
20208	25	12	533	12	0	582
20209	540	4	21	12	0	577
20210	25	6	534	10	0	575
20211	25	4	17	523	0	569
20212	531	6	9	21	0	567
20213	26	5	557	15	0	603
20214	550	2	15	12	0	579
20215	590	3	9	13	0	615
20216	595	2	7	10	0	614
20217	33	0	7	577	0	617
20218	17	2	6	585	0	610
20219	13	4	3	600	0	620
20220	578	1	4	32	0	615
20221	26	574	8	17	0	625
20222	568	15	4	14	0	601
20223	592	7	3	9	0	611
20224	30	4	564	8	0	606
20225	564	3	15	11	0	593
20226	583	1	10	8	0	602
20227	31	3	8	567	0	609
20228	17	4	7	581	0	609
20229	14	6	6	596	0	622
20230	567	3	2	33	0	605
20231	558	1	6	15	0	580
20232	533	1	2	11	0	547
20233	21	500	3	10	0	534
20234	14	469	5	5	0	493
20235	8	484	3	8	0	503
20236	471	15	4	11	0	501
20237	16	7	467	8	0	498
20238	12	1	386	3	0	402
20239	297	2	3	1	0	303
20240	3	0	309	3	0	315
20241	0	0	1	266	0	267
20242	0	252	0	3	0	255
20243	279	1	0	0	0	280
20244	275	0	0	0	0	275
20245	275	0	0	0	0	275
20246	2	1	0	297	0	300
20247	2	0	299	1	0	302
20248	0	0	289	1	0	290
20249	287	0	1	2	0	290
20250	295	0	2	1	0	298
20251	298	0	0	1	0	299
20252	3	1	0	303	0	307
20253	2	0	1	305	0	308
20254	2	1	298	1	0	302
20255	296	0	1	1	0	298
20256	4	0	0	309	0	313
20257	2	0	0	304	0	306
20258	0	1	0	304	0	305
20259	0	308	0	4	0	312
20260	1	1	0	307	0	309
20261	2	1	0	304	0	307
20262	307	0	0	2	0	309
20263	3	1	303	0	0	307
20264	281	1	3	2	0	287
20265	308	2	0	1	0	311
20266	3	1	0	309	0	313
20267	1	0	1	311	0	313
20268	301	0	1	2	0	304
20269	1	0	296	1	0	298
20270	1	293	1	1	0	296
20271	2	1	0	276	0	279
20272	275	0	1	2	0	278
20273	2	1	0	279	0	282
20274	1	1	284	1	0	287
20275	1	2	286	0	0	289
20276	269	0	1	4	0	274
20277	1	0	1	306	0	308
20278	0	0	306	2	0	308
20279	287	0	0	1	0	288
20280	313	1	0	0	0	314
20281	1	0	0	310	0	311
20282	4	0	0	311	0	315
20283	0	312	1	0	0	313
20284	334	0	0	0	0	334
20285	1	0	0	331	0	332
20286	0	0	0	333	0	333
20287	1	0	341	1	0	343
20288	312	0	0	2	0	314
20289	334	0	0	1	0	335
20290	1	333	0	0	0	334
20291	0	0	321	0	0	321
20292	0	0	328	0	0	328
20293	0	0	0	321	0	321
20294	330	5	0	1	0	336
20295	0	0	0	320	0	320
20296	325	0	0	3	0	328
20297	338	0	0	0	0	338
20298	336	0	0	3	0	339
20299	0	1	0	338	0	339
20300	0	0	0	341	0	341
20301	352	0	0	1	0	353
20302	0	0	377	0	0	377
20303	348	0	0	1	0	349
20304	349	0	0	0	0	349
20305	0	0	363	0	0	363
20306	0	0	355	0	0	355
20307	0	359	0	0	0	359
20308	0	1	0	362	0	363
20309	349	0	0	0	0	349
20310	0	1	0	363	0	364
20311	0	0	371	0	0	371
20312	0	362	0	0	0	362
20313	0	335	0	0	0	335
20314	0	0	1	344	0	345
20315	0	0	0	335	0	335
20316	0	347	0	0	0	347
20317	0	0	343	0	0	343
20318	318	0	0	1	0	319
20319	350	0	0	0	0	350
20320	0	346	0	0	0	346
20321	337	0	0	0	0	337
20322	1	0	0	336	0	337
20323	330	0	0	1	0	331
20324	0	0	0	331	0	331
20325	0	374	0	0	0	374
20326	0	1	380	0	0	381
20327	1	0	0	400	0	401
20328	0	0	0	412	0	412
20329	1	0	0	425	0	426
20330	441	0	0	3	0	444
20331	3	0	0	439	0	442
20332	1	0	485	1	0	487
20333	0	0	548	1	0	549
20334	553	0	6	0	0	559
20335	5	0	557	0	0	562
20336	566	0	4	0	0	570
20337	8	0	2	587	0	597
20338	4	0	0	603	0	607
20339	3	0	0	653	0	656
20340	1	0	0	658	0	659
20341	642	0	0	13	0	655
20342	9	1	643	2	0	655
20343	9	0	9	613	0	631
20344	1	652	2	6	0	661
20345	655	9	0	3	0	667
20346	9	2	1	633	0	645
20347	632	0	1	10	0	643
20348	13	0	632	3	0	648
20349	7	0	12	597	0	616
20350	2	632	4	6	0	644
20351	633	10	0	5	0	648
20352	11	3	632	4	0	650
20353	3	0	9	619	0	631
20354	3	0	2	672	0	677
20355	660	0	2	16	0	678
20356	12	0	657	6	0	675
20357	4	0	661	2	0	667
20358	4	2	15	651	0	672
20359	4	0	655	14	0	673
20360	2	1	662	6	0	671
20361	8	0	14	625	0	647
20362	3	0	5	651	0	659
20363	6	1	3	686	0	696
20364	670	1	6	18	0	695
20365	16	663	2	7	0	688
20366	673	12	3	7	0	695
20367	17	2	1	667	0	687
20368	6	675	2	14	0	697
20369	5	11	3	699	0	718
20370	728	1	4	17	0	750
20371	14	728	4	8	0	754
20372	10	15	3	754	0	782
20373	5	4	747	16	0	772
20374	751	1	18	11	0	781
20375	18	2	6	751	0	777
20376	11	1	4	763	0	779
20377	4	1	730	27	0	762
20378	7	2	734	11	0	754
20379	708	3	22	7	0	740
20380	21	695	7	9	0	732
20381	7	19	9	725	0	760
20382	723	3	2	24	0	752
20383	19	2	722	12	0	755
20384	9	712	19	7	0	747
20385	5	15	8	722	0	750
20386	727	6	6	22	0	761
20387	696	4	7	11	0	718
20388	725	1	5	8	0	739
20389	22	710	3	10	0	745
20390	10	16	715	8	0	749
20391	5	3	20	724	0	752
20392	8	7	6	636	0	657
20393	9	3	5	729	0	746
20394	7	4	8	724	0	743
20395	707	2	7	24	0	740
20396	700	4	5	12	0	721
20397	23	3	670	10	0	706
20398	11	3	658	9	0	681
20399	641	3	22	11	0	677
20400	671	1	6	14	0	692
20401	25	1	6	635	0	667
20402	11	635	7	22	0	675
20403	627	17	6	10	0	660
20404	22	619	5	8	0	654
20405	9	630	6	11	0	656
20406	8	17	4	663	0	692
20407	8	8	3	683	0	702
20408	13	3	4	673	0	693
20409	10	4	5	672	0	691
20410	10	5	646	22	0	683
20411	631	6	16	7	0	660
20412	661	2	8	8	0	679
20413	29	2	3	637	0	671
20414	13	2	6	655	0	676
20415	640	3	4	26	0	673
20416	24	2	593	8	0	627
20417	639	3	15	8	0	665
20418	648	7	8	11	0	674
20419	23	6	623	15	0	667
20420	638	4	19	11	0	672
20421	23	3	8	649	0	683
20422	9	3	5	664	0	681
20423	11	4	3	652	0	670
20424	11	4	7	648	0	670
20425	604	2	6	20	0	632
20426	24	6	6	584	0	620
20427	14	5	4	545	0	568
20428	7	492	5	25	0	529
20429	7	522	5	13	0	547
20430	5	15	4	515	0	539
20431	495	4	2	19	0	520
20432	24	1	3	429	0	457
20433	6	2	354	14	0	376
20434	3	2	341	7	0	353
20435	338	1	9	8	0	356
20436	12	338	3	5	0	358
20437	318	11	4	8	0	341
20438	14	1	309	4	0	328
20439	7	10	6	265	0	288
20440	261	1	3	10	0	275
20441	8	273	0	2	0	283
20442	269	5	2	4	0	280
20443	7	3	300	3	0	313
20444	4	0	4	299	0	307
20445	3	1	3	306	0	313
20446	308	2	0	9	0	319
20447	308	0	2	4	0	314
20448	318	1	2	4	0	325
20449	319	0	2	3	0	324
20450	313	2	1	4	0	320
20451	9	311	0	2	0	322
20452	4	4	2	321	0	331
20453	322	1	0	10	0	333
20454	7	2	1	314	0	324
20455	3	2	1	314	0	320
20456	4	2	1	319	0	326
20457	4	309	1	5	0	319
20458	315	2	0	6	0	323
20459	4	2	2	309	0	317
20460	305	0	0	6	0	311
20461	301	1	1	2	0	305
20462	6	289	1	0	0	296
20463	294	2	0	3	0	299
20464	5	2	287	2	0	296
20465	276	0	3	3	0	282
20466	4	0	5	284	0	293
20467	2	0	293	3	0	298
20468	1	297	3	2	0	303
20469	1	3	293	1	0	298
20470	0	253	1	2	0	256
20471	244	2	1	2	0	249
20472	240	1	6	3	0	250
20473	231	0	0	3	0	234
20474	2	228	0	0	0	230
20475	220	0	0	1	0	221
20476	0	1	235	0	0	236
20477	1	1	224	0	0	226
20478	0	1	0	227	0	228
20479	0	0	0	242	0	242
20480	0	228	0	0	0	228
20481	236	0	0	0	0	236
20482	0	0	0	241	0	241
20483	0	243	0	0	0	243
20484	0	0	0	237	0	237
20485	233	0	0	2	0	235
20486	223	0	0	0	0	223
20487	0	0	221	0	0	221
20488	0	0	0	221	0	221
20489	2	0	221	0	0	223
20490	0	0	0	215	0	215
20491	0	0	213	0	0	213
20492	0	0	0	217	0	217
20493	0	0	213	0	0	213
20494	0	0	0	212	0	212
20495	0	0	221	0	0	221
20496	0	0	0	225	0	225
20497	0	0	0	226	0	226
20498	0	239	0	0	0	239
20499	1	0	0	243	0	244
20500	1	0	240	0	0	241
20501	1	0	0	239	0	240
20502	1	0	0	239	0	240
20503	244	0	0	3	0	247
20504	0	0	0	248	0	248
20505	0	0	0	243	0	243
20506	0	0	232	0	0	232
20507	227	0	0	0	0	227
20508	1	0	0	237	0	238
20509	1	0	0	244	0	245
20510	1	0	0	245	0	246
20511	247	0	0	1	0	248
20512	0	0	0	249	0	249
20513	1	0	0	247	0	248
20514	247	0	0	2	0	249
20515	0	253	0	0	0	253
20516	1	0	0	251	0	252
20517	1	1	0	252	0	254
20518	1	0	248	0	0	249
20519	210	0	0	5	0	215
20520	0	1	0	253	0	254
20521	0	0	246	1	0	247
20522	255	0	0	3	0	258
20523	1	0	0	267	0	268
20524	0	0	1	266	0	267
20525	0	0	0	268	0	268
20526	0	0	1	267	0	268
20527	0	0	309	1	0	310
20528	0	0	3	308	0	311
20529	1	0	0	433	0	434
20530	0	0	487	6	0	493
20531	507	1	8	3	0	519
20532	522	0	5	4	0	531
20533	533	0	1	3	0	537
20534	15	0	6	515	0	536
20535	533	1	3	9	0	546
20536	532	0	0	5	0	537
20537	22	0	1	525	0	548
20538	535	0	0	18	0	553
20539	543	0	1	12	0	556
20540	563	0	0	4	0	567
20541	554	0	1	8	0	563
20542	23	0	1	537	0	561
20543	17	505	1	10	0	533
20544	14	501	1	3	0	519
20545	10	517	1	6	0	534
20546	505	14	1	10	0	530
20547	527	12	0	5	0	544
20548	18	8	517	3	0	546
20549	528	10	10	6	0	554
20550	27	3	5	525	0	560
20551	20	1	2	541	0	564
20552	12	1	6	543	0	562
20553	543	0	2	22	0	567
20554	17	1	1	547	0	566
20555	10	529	2	19	0	560
20556	10	11	0	549	0	570
20557	11	5	545	20	0	581
20558	8	4	12	555	0	579
20559	556	9	8	17	0	590
20560	16	7	543	14	0	580
20561	15	4	17	549	0	585
20562	10	3	9	557	0	579
20563	14	3	6	564	0	587
20564	13	551	8	20	0	592
20565	10	12	4	565	0	591
20566	565	5	1	29	0	600
20567	547	2	3	25	0	577
20568	21	6	521	11	0	559
20569	15	5	524	12	0	556
20570	14	3	14	542	0	573
20571	15	2	6	549	0	572
20572	10	3	543	22	0	578
20573	9	3	19	510	0	541
20574	4	524	9	23	0	560
20575	552	14	4	18	0	588
20576	542	8	10	18	0	578
20577	545	3	7	13	0	568
20578	23	7	537	9	0	576
20579	18	5	11	559	0	593
20580	14	3	555	16	0	588
20581	542	0	14	16	0	572
20582	15	539	12	12	0	578
20583	9	12	9	555	0	585
20584	546	9	10	21	0	586
20585	19	3	7	553	0	582
20586	16	8	7	551	0	582
20587	11	3	547	32	0	593
20588	527	3	19	15	0	564
20589	19	555	9	11	0	594
20590	17	10	6	576	0	609
20591	567	6	9	24	0	606
20592	29	3	7	571	0	610
20593	566	9	5	22	0	602
20594	22	572	4	18	0	616
20595	573	10	4	13	0	600
20596	30	5	567	11	0	613
20597	582	6	16	7	0	611
20598	578	7	9	15	0	609
20599	601	6	5	9	0	621
20600	28	3	10	587	0	628
20601	23	6	8	538	0	575
20602	17	7	3	593	0	620
20603	19	579	4	23	0	625
20604	599	14	4	20	0	637
20605	20	9	5	598	0	632
20606	15	3	5	606	0	629
20607	15	9	2	607	0	633
20608	597	5	3	29	0	634
20609	27	5	2	587	0	621
20610	16	2	569	33	0	620
20611	11	569	11	25	0	616
20612	15	10	8	589	0	622
20613	15	10	5	598	0	628
20614	10	8	6	597	0	621
20615	11	8	568	25	0	612
20616	9	3	568	21	0	601
20617	10	3	16	589	0	618
20618	7	3	594	28	0	632
20619	8	5	14	597	0	624
20620	597	3	15	26	0	641
20621	615	2	10	27	0	654
20622	612	6	7	16	0	641
20623	27	6	580	17	0	630
20624	592	1	15	10	0	618
20625	29	3	9	595	0	636
20626	19	3	577	23	0	622
20627	10	2	563	16	0	591
20628	16	549	21	15	0	601
20629	6	441	9	12	0	468
20630	350	4	24	5	0	383
20631	4	3	3	346	0	356
20632	2	0	347	8	0	357
20633	2	1	4	360	0	367
20634	359	0	1	7	0	367
20635	5	0	401	1	0	407
20636	393	2	6	3	0	404
20637	441	1	3	5	0	450
20638	435	0	2	6	0	443
20639	10	421	1	4	0	436
20640	439	6	2	6	0	453
20641	9	3	1	431	0	444
20642	6	0	1	426	0	433
20643	4	1	3	437	0	445
20644	1	0	0	436	0	437
20645	421	1	0	8	0	430
20646	6	416	1	3	0	426
20647	5	402	1	0	0	408
20648	1	407	1	0	0	409
20649	405	8	0	4	0	417
20650	406	3	4	4	0	417
20651	401	0	0	5	0	406
20652	410	0	0	1	0	411
20653	9	1	0	385	0	395
20654	4	1	0	396	0	401
20655	383	1	1	8	0	393
20656	4	387	1	3	0	395
20657	378	4	0	1	0	383
20658	382	2	0	3	0	387
20659	7	0	0	385	0	392
20660	3	386	0	5	0	394
20661	0	3	0	406	0	409
20662	395	3	0	6	0	404
20663	7	1	423	2	0	433
20664	3	1	4	423	0	431
20665	1	435	2	5	0	443
20666	437	3	0	5	0	445
20667	426	2	0	5	0	433
20668	5	1	440	1	0	447
20669	2	426	3	2	0	433
20670	7	6	428	0	0	441
20671	1	2	4	421	0	428
20672	0	1	423	5	0	429
20673	0	1	419	2	0	422
20674	0	428	8	0	0	436
20675	419	4	2	3	0	428
20676	423	2	1	7	0	433
20677	6	440	1	0	0	447
20678	2	438	0	0	0	440
20679	2	5	413	0	0	420
20680	1	3	409	0	0	413
20681	1	1	423	0	0	425
20682	4	0	7	436	0	447
20683	2	0	446	5	0	453
20684	1	0	4	440	0	445
20685	5	0	2	422	0	429
20686	0	2	446	7	0	455
20687	2	444	4	2	0	452
20688	3	5	2	441	0	451
20689	440	3	0	6	0	449
20690	5	1	0	440	0	446
20691	2	1	438	5	0	446
20692	2	434	4	2	0	442
20693	1	472	3	0	0	476
20694	2	9	0	463	0	474
20695	461	3	0	9	0	473
20696	463	1	0	5	0	469
20697	9	0	0	449	0	458
20698	5	473	1	7	0	486
20699	5	12	0	468	0	485
20700	3	3	0	490	0	496
20701	2	2	0	494	0	498
20702	502	1	0	15	0	518
20703	13	502	0	5	0	520
20704	493	12	0	3	0	508
20705	505	3	1	3	0	512
20706	505	1	0	5	0	511
20707	514	3	0	1	0	518
20708	18	0	0	498	0	516
20709	7	1	509	13	0	530
20710	4	514	15	4	0	537
20711	521	10	3	7	0	541
20712	528	4	3	1	0	536
20713	533	2	0	2	0	537
20714	20	2	510	1	0	533
20715	502	1	14	4	0	521
20716	529	3	3	1	0	536
20717	20	1	2	519	0	542
20718	7	2	490	14	0	513
20719	4	486	12	4	0	506
20720	5	14	5	487	0	511
20721	479	4	3	16	0	502
20722	19	3	1	482	0	505
20723	5	1	2	508	0	516
20724	516	1	1	19	0	537
20725	15	3	513	6	0	537
20726	516	0	13	11	0	540
20727	518	1	6	8	0	533
20728	519	1	4	5	0	529
20729	526	2	0	7	0	535
20730	22	1	508	1	0	532
20731	12	2	14	493	0	521
20732	6	1	508	14	0	529
20733	9	0	17	490	0	516
20734	6	1	492	15	0	514
20735	429	1	12	8	0	450
20736	13	428	6	6	0	453
20737	6	434	4	2	0	446
20738	8	12	1	516	0	537
20739	7	3	3	513	0	526
20740	5	534	1	11	0	551
20741	538	12	2	8	0	560
20742	589	5	0	2	0	596
20743	621	3	1	8	0	633
20744	642	0	2	6	0	650
20745	25	3	2	633	0	663
20746	17	3	2	660	0	682
20747	660	2	1	25	0	688
20748	26	0	0	660	0	686
20749	14	1	641	20	0	676
20750	13	1	647	10	0	671
20751	10	2	20	646	0	678
20752	5	1	651	25	0	682
20753	663	0	25	12	0	700
20754	21	2	10	668	0	701
20755	675	1	8	19	0	703
20756	26	3	666	8	0	703
20757	10	2	17	661	0	690
20758	7	3	671	22	0	703
20759	4	670	20	14	0	708
20760	660	18	8	14	0	700
20761	659	8	8	6	0	681
20762	27	650	4	4	0	685
20763	639	19	1	4	0	663
20764	33	10	1	612	0	656
20765	20	6	2	637	0	665
20766	622	1	0	32	0	655
20767	19	610	5	17	0	651
20768	14	631	2	9	0	656
20769	14	24	6	611	0	655
20770	609	9	3	24	0	645
20771	623	8	5	8	0	644
20772	624	7	3	7	0	641
20773	32	4	601	5	0	642
20774	17	2	591	5	0	615
20775	13	580	23	6	0	622
20776	593	17	12	5	0	627
20777	23	9	9	578	0	619
20778	578	6	8	23	0	615
20779	587	2	4	13	0	606
20780	31	7	3	566	0	607
20781	17	9	574	23	0	623
20782	575	1	17	15	0	608
20783	27	1	12	564	0	604
20784	15	5	560	22	0	602
20785	562	1	18	15	0	596
20786	571	2	13	12	0	598
20787	37	1	8	554	0	600
20788	22	3	547	21	0	593
20789	12	3	18	540	0	573
20790	12	546	11	25	0	594
20791	13	16	554	11	0	594
20792	7	558	22	16	0	603
20793	526	20	16	8	0	570
20794	544	11	11	5	0	571
20795	552	8	4	6	0	570
20796	549	3	4	4	0	560
20797	33	5	7	516	0	561
20798	513	3	1	12	0	529
20799	25	1	5	498	0	529
20800	483	2	2	15	0	502
20801	18	465	4	11	0	498
20802	16	8	2	430	0	456
20803	7	453	4	13	0	477
20804	456	11	2	13	0	482
20805	454	8	4	4	0	470
20806	16	458	2	7	0	483
20807	16	9	2	447	0	474
20808	8	8	444	12	0	472
20809	5	7	8	444	0	464
20810	8	2	438	12	0	460
20811	9	1	11	402	0	423
20812	3	423	5	16	0	447
20813	433	8	5	7	0	453
20814	427	9	5	7	0	448
20815	18	4	3	428	0	453
20816	469	3	3	16	0	491
20817	19	5	2	461	0	487
20818	19	0	0	460	0	479
20819	9	2	1	474	0	486
20820	455	2	3	20	0	480
20821	450	0	4	14	0	468
20822	451	2	1	13	0	467
20823	19	432	3	5	0	459
20824	420	8	0	8	0	436
20825	16	409	2	0	0	427
20826	408	9	0	1	0	418
20827	13	5	0	399	0	417
20828	7	4	4	405	0	420
20829	401	2	1	12	0	416
20830	413	2	1	10	0	426
20831	13	406	2	5	0	426
20832	397	6	2	6	0	411
20833	13	6	1	391	0	411
20834	14	3	0	394	0	411
20835	394	1	3	12	0	410
20836	10	1	379	8	0	398
20837	11	371	5	2	0	389
20838	5	4	5	287	0	301
20839	4	4	285	5	0	298
20840	6	25	4	246	0	281
20841	270	1	4	9	0	284
20842	6	229	2	6	0	243
20843	4	193	2	4	0	203
20844	5	175	0	3	0	183
20845	11	13	1	148	0	173
20846	156	0	0	2	0	158
20847	2	0	0	148	0	150
20848	149	1	0	1	0	151
20849	149	0	1	1	0	151
20850	3	2	0	146	0	151
20851	137	0	0	2	0	139
20852	1	0	0	136	0	137
20853	0	0	128	2	0	130
20854	130	0	1	0	0	131
20855	2	0	139	0	0	141
20856	132	0	0	0	0	132
20857	0	0	135	0	0	135
20858	0	0	0	129	0	129
20859	0	1	0	124	0	125
20860	125	0	0	0	0	125
20861	0	0	0	129	0	129
20862	132	0	0	0	0	132
20863	0	125	0	0	0	125
20864	124	0	0	1	0	125
20865	1	0	0	125	0	126
20866	0	0	0	126	0	126
20867	1	1	0	121	0	123
20868	0	0	0	126	0	126
20869	0	0	122	0	0	122
20870	0	0	117	0	0	117
20871	0	0	0	120	0	120
20872	0	0	123	0	0	123
20873	0	121	0	0	0	121
20874	2	0	0	118	0	120
20875	0	0	128	0	0	128
20876	0	0	113	0	0	113
20877	0	0	0	116	0	116
20878	1	0	0	120	0	121
20879	0	121	0	0	0	121
20880	0	0	0	123	0	123
20881	0	1	104	0	0	105
20882	99	0	1	0	0	100
20883	0	0	1	105	0	106
20884	105	0	0	0	0	105
20885	105	0	0	1	0	106
20886	136	1	0	0	0	137
20887	0	0	142	1	0	143
20888	0	0	137	0	0	137
20889	123	0	0	2	0	125
20890	0	0	142	1	0	143
20891	2	0	0	137	0	139
20892	1	0	0	136	0	137
20893	1	0	140	0	0	141
20894	0	141	1	0	0	142
20895	140	0	1	1	0	142
20896	1	136	0	0	0	137
20897	0	153	1	0	0	154
20898	152	0	0	1	0	153
20899	0	0	175	1	0	176
20900	0	0	186	0	0	186
20901	0	1	0	184	0	185
20902	191	0	0	0	0	191
20903	0	189	1	0	0	190
20904	185	1	0	0	0	186
20905	1	0	186	0	0	187
20906	1	182	1	0	0	184
20907	1	0	2	182	0	185
20908	1	0	190	1	0	192
20909	1	0	1	190	0	192
20910	0	2	2	159	0	163
20911	1	0	0	196	0	197
20912	2	0	2	193	0	197
20913	192	1	0	3	0	196
20914	196	0	1	1	0	198
20915	0	1	207	1	0	209
20916	169	0	0	2	0	171
20917	2	174	1	2	0	179
20918	175	0	0	4	0	179
20919	1	0	172	3	0	176
20920	2	1	0	181	0	184
20921	2	0	182	2	0	186
20922	1	0	174	1	0	176
20923	1	1	1	177	0	180
20924	1	1	1	178	0	181
20925	1	1	180	3	0	185
20926	0	171	3	2	0	176
20927	1	171	2	2	0	176
20928	0	1	2	181	0	184
20929	175	0	3	3	0	181
20930	0	175	1	2	0	178
20931	0	2	178	3	0	183
20932	0	0	169	2	0	171
20933	0	2	177	0	0	179
20934	1	1	2	176	0	180
20935	172	0	1	6	0	179
20936	4	171	1	1	0	177
20937	1	2	172	3	0	178
20938	2	173	3	1	0	179
20939	2	2	2	179	0	185
20940	0	0	180	4	0	184
20941	3	180	3	1	0	187
20942	3	2	1	176	0	182
20943	2	1	0	185	0	188
20944	1	0	180	3	0	184
20945	3	1	4	177	0	185
20946	2	178	1	3	0	184
20947	1	2	180	1	0	184
20948	171	3	2	2	0	178
20949	4	1	1	180	0	186
20950	2	0	3	181	0	186
20951	0	182	2	4	0	188
20952	181	2	1	2	0	186
20953	2	3	170	1	0	176
20954	174	0	3	2	0	179
20955	3	1	1	175	0	180
20956	2	175	1	1	0	179
20957	2	2	1	185	0	190
20958	0	2	2	187	0	191
20959	185	0	0	4	0	189
20960	184	0	1	1	0	186
20961	5	1	0	191	0	197
20962	1	0	189	3	0	193
20963	176	2	2	1	0	181
20964	2	196	3	2	0	203
20965	2	2	2	215	0	221
20966	2	1	0	220	0	223
20967	2	0	0	224	0	226
20968	0	1	227	5	0	233
20969	0	1	4	224	0	229
20970	1	225	1	3	0	230
20971	2	3	0	225	0	230
20972	0	228	2	2	0	232
20973	0	3	0	232	0	235
20974	0	1	229	4	0	234
20975	203	0	4	3	0	210
20976	2	1	2	222	0	227
20977	2	0	228	4	0	234
20978	1	226	4	1	0	232
20979	230	5	0	1	0	236
20980	3	5	233	1	0	242
20981	237	1	3	1	0	242
20982	5	0	1	251	0	257
20983	1	1	1	251	0	254
20984	1	254	1	2	0	258
20985	251	3	1	1	0	256
20986	219	2	1	2	0	224
20987	4	236	2	1	0	243
20988	3	3	1	238	0	245
20989	4	4	0	239	0	247
20990	0	0	2	246	0	248
20991	1	2	233	6	0	242
20992	223	1	4	5	0	233
20993	4	0	4	236	0	244
20994	2	2	2	248	0	254
20995	2	1	238	6	0	247
20996	2	0	238	3	0	243
20997	1	2	5	229	0	237
20998	0	0	229	6	0	235
20999	202	2	3	2	0	209
21000	5	0	2	198	0	205
21001	4	0	1	205	0	210
21002	2	2	207	5	0	216
21003	5	1	4	211	0	221
21004	2	1	211	5	0	219
21005	1	207	6	3	0	217
21006	209	3	3	4	0	219
21007	206	3	0	1	0	210
21008	4	200	1	3	0	208
21009	2	4	1	219	0	226
21010	0	1	224	7	0	232
21011	0	1	3	223	0	227
21012	221	1	1	3	0	226
21013	4	224	0	1	0	229
21014	215	3	1	1	0	220
21015	6	1	1	210	0	218
21016	217	0	0	4	0	221
21017	3	215	0	2	0	220
21018	223	3	1	1	0	228
21019	4	1	231	1	0	237
21020	2	228	1	0	0	231
21021	1	1	2	239	0	243
21022	261	1	0	5	0	267
21023	261	0	1	4	0	266
21024	5	0	0	262	0	267
21025	262	2	0	3	0	267
21026	257	0	0	3	0	260
21027	277	0	0	1	0	278
21028	4	0	0	280	0	284
21029	2	1	275	3	0	281
21030	2	0	251	2	0	255
21031	0	0	268	1	0	269
21032	276	0	5	1	0	282
21033	5	0	1	275	0	281
21034	1	284	0	3	0	288
21035	0	3	0	287	0	290
21036	0	282	1	2	0	285
21037	287	3	1	0	0	291
21038	4	1	0	284	0	289
21039	2	0	1	288	0	291
21040	284	0	0	4	0	288
21041	3	0	0	290	0	293
21042	1	0	0	292	0	293
21043	292	0	1	5	0	298
21044	3	0	324	2	0	329
21045	0	0	3	320	0	323
21046	0	0	325	3	0	328
21047	315	0	3	1	0	319
21048	3	0	1	326	0	330
21049	321	0	2	5	0	328
21050	4	0	1	325	0	330
21051	1	0	330	3	0	334
21052	2	0	3	330	0	335
21053	338	0	1	4	0	343
21054	3	336	0	2	0	341
21055	0	4	339	0	0	343
21056	317	0	3	4	0	324
21057	4	334	2	1	0	341
21058	2	347	0	0	0	349
21059	0	379	1	2	0	382
21060	4	5	1	406	0	416
21061	419	1	0	8	0	428
21062	421	1	2	0	0	424
21063	4	2	410	2	0	418
21064	394	0	5	2	0	401
21065	5	392	0	0	0	397
21066	3	5	2	391	0	401
21067	394	1	2	4	0	401
21068	393	3	0	1	0	397
21069	395	4	0	1	0	400
21070	394	2	0	2	0	398
21071	404	1	0	2	0	407
21072	9	0	1	401	0	411
21073	5	0	411	5	0	421
21074	5	1	6	412	0	424
21075	7	1	2	416	0	426
21076	416	3	0	4	0	423
21077	5	401	2	3	0	411
21078	405	3	0	4	0	412
21079	417	0	0	2	0	419
21080	414	0	1	1	0	416
21081	414	2	0	1	0	417
21082	8	1	404	1	0	414
21083	408	0	5	5	0	418
21084	416	0	2	5	0	423
21085	356	0	3	8	0	367
21086	414	1	2	5	0	422
21087	9	1	1	399	0	410
21088	8	2	388	4	0	402
21089	381	1	4	5	0	391
21090	11	393	2	1	0	407
21091	7	3	2	376	0	388
21092	6	387	2	3	0	398
21093	9	4	2	398	0	413
21094	402	3	1	3	0	409
21095	413	0	0	4	0	417
21096	403	3	1	2	0	409
21097	7	2	384	5	0	398
21098	391	1	4	4	0	400
21099	8	4	388	2	0	402
21100	9	1	384	1	0	395
21101	4	3	390	2	0	399
21102	7	3	5	351	0	366
21103	4	2	1	383	0	390
21104	3	3	3	381	0	390
21105	7	0	3	374	0	384
21106	8	1	1	354	0	364
21107	10	1	1	371	0	383
21108	6	378	6	5	0	395
21109	372	4	2	2	0	380
21110	6	365	5	4	0	380
21111	2	3	6	376	0	387
21112	4	3	4	376	0	387
21113	375	0	1	12	0	388
21114	6	374	1	6	0	387
21115	381	4	0	9	0	394
21116	6	2	1	381	0	390
21117	6	1	3	381	0	391
21118	6	5	2	376	0	389
21119	6	5	356	8	0	375
21120	7	3	3	363	0	376
21121	6	4	345	8	0	363
21122	7	2	364	6	0	379
21123	8	0	408	4	0	420
21124	11	1	6	397	0	415
21125	7	3	1	411	0	422
21126	4	2	4	416	0	426
21127	388	0	3	13	0	404
21128	10	1	2	399	0	412
21129	389	1	2	14	0	406
21130	10	403	3	3	0	419
21131	399	8	3	5	0	415
21132	425	1	4	6	0	436
21133	9	441	7	6	0	463
21134	446	6	5	7	0	464
21135	462	1	4	8	0	475
21136	467	2	3	8	0	480
21137	468	2	1	7	0	478
21138	10	7	451	6	0	474
21139	6	461	9	4	0	480
21140	7	8	2	461	0	478
21141	458	3	2	11	0	474
21142	10	3	455	6	0	474
21143	6	460	9	4	0	479
21144	6	8	1	420	0	435
21145	3	442	2	11	0	458
21146	5	7	0	454	0	466
21147	6	2	0	457	0	465
21148	5	1	448	7	0	461
21149	5	1	436	2	0	444
21150	415	2	8	7	0	432
21151	12	3	441	2	0	458
21152	3	1	442	2	0	448
21153	6	2	8	440	0	456
21154	4	5	3	428	0	440
21155	3	436	2	10	0	451
21156	4	483	0	4	0	491
21157	4	8	499	6	0	517
21158	6	7	9	498	0	520
21159	2	2	484	8	0	496
21160	2	2	436	1	0	441
21161	2	428	9	1	0	440
21162	2	7	6	426	0	441
21163	429	1	1	9	0	440
21164	10	0	2	442	0	454
21165	443	1	0	9	0	453
21166	450	1	0	4	0	455
21167	449	2	1	4	0	456
21168	9	0	444	1	0	454
21169	435	0	8	4	0	447
21170	9	0	4	448	0	461
21171	456	1	2	8	0	467
21172	449	1	0	5	0	455
21173	8	433	1	2	0	444
21174	436	7	1	0	0	444
21175	8	1	449	1	0	459
21176	433	0	7	3	0	443
21177	441	0	2	1	0	444
21178	9	452	1	0	0	462
21179	446	7	1	1	0	455
21180	10	2	0	431	0	443
21181	1	0	1	437	0	439
21182	1	423	0	9	0	433
21183	2	7	1	432	0	442
21184	0	2	1	434	0	437
21185	1	1	433	8	0	443
21186	1	2	423	2	0	428
21187	420	0	8	0	0	428
21188	437	0	2	2	0	441
21189	11	1	0	446	0	458
21190	3	0	449	10	0	462
21191	1	445	13	4	0	463
21192	1	9	3	448	0	461
21193	2	3	464	9	0	478
21194	446	0	9	8	0	463
21195	11	1	2	463	0	477
21196	7	474	1	8	0	490
21197	5	10	0	471	0	486
21198	5	4	0	475	0	484
21199	3	2	1	486	0	492
21200	488	0	0	14	0	502
21201	15	0	1	488	0	504
21202	489	5	0	10	0	504
21203	494	0	2	7	0	503
21204	13	2	488	2	0	505
21205	6	486	12	3	0	507
21206	5	10	4	448	0	467
21207	0	514	5	8	0	527
21208	504	12	0	9	0	525
21209	12	4	2	508	0	526
21210	6	3	493	14	0	516
21211	4	2	488	5	0	499
21212	3	2	501	4	0	510
21213	497	0	16	3	0	516
21214	11	505	6	4	0	526
21215	501	11	0	3	0	515
21216	13	502	1	4	0	520
21217	6	11	4	502	0	523
21218	5	3	5	491	0	504
21219	7	504	1	15	0	527
21220	1	12	500	6	0	519
21221	2	517	15	3	0	537
21222	463	9	5	4	0	481
21223	12	3	1	442	0	458
21224	7	2	442	11	0	462
21225	6	1	446	3	0	456
21226	5	1	12	440	0	458
21227	6	0	445	10	0	461
21228	4	2	428	4	0	438
21229	408	2	13	3	0	426
21230	8	420	4	6	0	438
21231	403	9	1	5	0	418
21232	10	5	388	1	0	404
21233	6	344	9	2	0	361
21234	3	359	5	4	0	371
21235	10	9	6	342	0	367
21236	6	3	5	344	0	358
21237	5	1	2	350	0	358
21238	3	5	348	11	0	367
21239	4	2	8	347	0	361
21240	2	1	5	362	0	370
21241	351	3	1	14	0	369
21242	8	345	3	9	0	365
21243	4	10	1	355	0	370
21244	350	6	1	13	0	370
21245	336	1	5	8	0	350
21246	16	3	2	331	0	352
21247	11	0	344	12	0	367
21248	5	1	9	353	0	368
21249	3	1	347	12	0	363
21250	349	1	13	5	0	368
21251	399	3	5	5	0	412
21252	13	2	5	400	0	420
21253	9	2	393	9	0	413
21254	4	402	9	6	0	421
21255	2	14	403	3	0	422
21256	8	3	8	352	0	371
21257	0	377	3	6	0	386
21258	361	8	1	5	0	375
21259	7	4	0	352	0	363
21260	3	361	1	9	0	374
21261	370	7	0	6	0	383
21262	9	3	0	367	0	379
21263	3	364	5	7	0	379
21264	2	9	0	359	0	370
21265	1	3	349	11	0	364
21266	334	2	7	2	0	345
21267	346	2	3	1	0	352
21268	8	0	346	3	0	357
21269	6	339	7	1	0	353
21270	341	7	11	2	0	361
21271	10	2	3	336	0	351
21272	4	1	2	341	0	348
21273	3	2	1	355	0	361
21274	3	1	2	360	0	366
21275	4	1	1	347	0	353
21276	339	2	0	15	0	356
21277	347	1	1	6	0	355
21278	13	1	2	338	0	354
21279	5	1	3	347	0	356
21280	1	1	342	14	0	358
21281	2	2	334	5	0	343
21282	331	2	12	4	0	349
21283	12	1	5	334	0	352
21284	5	1	337	11	0	354
21285	5	4	10	329	0	348
21286	335	0	4	15	0	354
21287	339	1	3	7	0	350
21288	14	3	0	334	0	351
21289	6	1	2	328	0	337
21290	317	1	3	11	0	332
21291	12	0	0	313	0	325
21292	4	310	2	11	0	327
21293	5	10	2	299	0	316
21294	5	2	1	310	0	318
21295	1	1	298	14	0	314
21296	0	0	298	5	0	303
21297	0	298	11	5	0	314
21298	301	10	4	3	0	318
21299	300	2	1	1	0	304
21300	288	1	0	2	0	291
21301	14	280	0	1	0	295
21302	2	291	1	1	0	295
21303	278	11	1	2	0	292
21304	11	280	1	1	0	293
21305	1	11	273	1	0	286
21306	3	279	10	2	0	294
21307	0	10	262	3	0	275
21308	255	2	10	2	0	269
21309	268	2	1	1	0	272
21310	11	271	2	2	0	286
21311	272	8	1	4	0	285
21312	298	1	1	2	0	302
21313	306	3	0	2	0	311
21314	17	1	1	312	0	331
21315	318	0	0	15	0	333
21316	13	2	312	4	0	331
21317	311	1	12	3	0	327
21318	14	1	2	312	0	329
21319	4	1	313	11	0	329
21320	4	3	335	1	0	343
21321	2	3	12	325	0	342
21322	5	1	3	347	0	356
21323	330	2	3	14	0	349
21324	13	3	1	327	0	344
21325	4	2	326	12	0	344
21326	5	3	11	320	0	339
21327	3	326	3	12	0	344
21328	334	12	2	3	0	351
21329	12	2	1	332	0	347
21330	5	4	329	10	0	348
21331	8	329	11	0	0	348
21332	324	11	3	3	0	341
21333	17	2	2	321	0	342
21334	5	4	328	10	0	347
21335	4	332	12	2	0	350
21336	344	10	2	5	0	361
21337	350	2	2	4	0	358
21338	342	3	3	4	0	352
21339	18	1	2	331	0	352
21340	5	0	2	345	0	352
21341	339	0	2	15	0	356
21342	14	337	0	6	0	357
21343	334	11	1	6	0	352
21344	14	2	4	335	0	355
21345	344	2	1	13	0	360
21346	13	1	1	339	0	354
21347	6	1	2	337	0	346
21348	7	1	2	334	0	344
21349	3	1	4	339	0	347
21350	4	3	312	13	0	332
21351	5	1	277	6	0	289
21352	251	0	11	6	0	268
21353	11	1	284	2	0	298
21354	4	1	267	3	0	275
21355	259	0	11	6	0	276
21356	264	1	3	3	0	271
21357	12	1	1	267	0	281
21358	269	2	1	13	0	285
21359	11	263	1	6	0	281
21360	267	8	1	8	0	284
21361	267	4	1	2	0	274
21362	279	2	0	5	0	286
21363	13	2	0	270	0	285
21364	6	268	0	10	0	284
21365	4	283	1	4	0	292
21366	274	10	2	5	0	291
21367	279	5	2	3	0	289
21368	12	3	0	276	0	291
21369	3	1	4	279	0	287
21370	2	269	4	9	0	284
21371	273	8	0	3	0	284
21372	11	1	268	1	0	281
21373	3	0	7	258	0	268
21374	3	0	1	267	0	271
21375	3	1	262	8	0	274
21376	2	1	5	255	0	263
21377	5	201	1	5	0	212
21378	3	8	0	271	0	282
21379	4	2	0	271	0	277
21380	4	236	2	8	0	250
21381	3	272	0	3	0	278
21382	1	4	0	273	0	278
21383	278	1	1	9	0	289
21384	5	1	0	275	0	281
21385	3	0	2	281	0	286
21386	3	274	1	5	0	283
21387	2	4	1	283	0	290
21388	2	0	3	280	0	285
21389	2	2	1	283	0	288
21390	279	0	0	7	0	286
21391	7	0	2	278	0	287
21392	2	0	0	279	0	281
21393	1	1	0	271	0	273
21394	2	2	263	3	0	270
21395	231	1	4	3	0	239
21396	6	252	0	0	0	258
21397	255	3	0	3	0	261
21398	4	1	0	251	0	256
21399	0	3	249	4	0	256
21400	237	2	3	2	0	244
21401	5	2	329	1	0	337
21402	3	0	3	343	0	349
21403	350	0	0	6	0	356
21404	343	1	0	3	0	347
21405	361	2	0	2	0	365
21406	5	1	1	365	0	372
21407	1	0	1	369	0	371
21408	0	0	1	373	0	374
21409	1	357	1	5	0	364
21410	0	353	2	2	0	357
21411	0	341	1	2	0	344
21412	0	329	0	0	0	329
21413	0	0	0	333	0	333
21414	0	0	0	331	0	331
21415	331	0	0	0	0	331
21416	322	0	0	0	0	322
21417	327	0	0	0	0	327
21418	1	0	0	327	0	328
21419	0	0	0	329	0	329
21420	303	0	0	2	0	305
21421	294	0	0	1	0	295
21422	1	0	295	0	0	296
21423	0	0	284	0	0	284
21424	0	0	286	0	0	286
21425	0	0	297	0	0	297
21426	0	0	0	302	0	302
21427	309	0	0	1	0	310
21428	0	326	0	0	0	326
21429	1	0	1	329	0	331
21430	4	0	346	0	0	350
21431	0	376	0	0	0	376
21432	0	0	0	396	0	396
21433	0	0	406	0	0	406
21434	0	0	1	399	0	400
21435	0	0	0	415	0	415
21436	416	0	0	3	0	419
21437	2	0	0	424	0	426
21438	0	1	422	2	0	425
21439	2	0	2	422	0	426
21440	0	465	0	3	0	468
21441	0	2	0	492	0	494
21442	0	0	0	482	0	482
21443	1	0	1	492	0	494
21444	487	0	0	3	0	490
21445	504	0	0	0	0	504
21446	528	0	0	1	0	529
21447	529	0	0	0	0	529
21448	2	0	521	0	0	523
21449	498	0	1	1	0	500
21450	524	1	0	0	0	525
21451	2	1	553	0	0	556
21452	0	0	574	0	0	574
21453	0	0	1	571	0	572
21454	0	574	0	1	0	575
21455	591	2	1	1	0	595
21456	604	0	0	1	0	605
21457	585	0	0	2	0	587
21458	2	0	0	583	0	585
21459	0	603	0	2	0	605
21460	619	2	0	5	0	626
21461	624	0	0	3	0	627
21462	2	0	0	628	0	630
21463	1	1	626	3	0	631
21464	639	0	3	2	0	644
21465	5	0	0	674	0	679
21466	677	0	0	6	0	683
21467	4	1	0	686	0	691
21468	0	0	704	3	0	707
21469	763	0	3	2	0	768
21470	4	0	0	779	0	783
21471	1	1	0	785	0	787
21472	0	0	0	791	0	791
21473	0	0	0	791	0	791
21474	798	0	0	5	0	803
21475	3	0	0	796	0	799
21476	0	810	1	7	0	818
21477	0	3	0	827	0	830
21478	0	826	1	4	0	831
21479	0	3	0	837	0	840
21480	2	1	0	842	0	845
21481	0	832	0	7	0	839
21482	0	4	0	844	0	848
21483	1	1	0	834	0	836
21484	829	0	0	6	0	835
21485	4	0	833	2	0	839
21486	1	0	4	840	0	845
21487	845	0	1	8	0	854
21488	853	0	1	3	0	857
21489	850	0	0	3	0	853
21490	7	0	874	0	0	881
21491	3	1	884	0	0	888
21492	3	0	7	890	0	900
21493	920	0	3	5	0	928
21494	5	0	908	2	0	915
21495	884	0	5	3	0	892
21496	6	907	2	0	0	915
21497	2	5	2	994	0	1003
21498	3	2	0	1008	0	1013
21499	1006	2	0	13	0	1021
21500	6	0	0	1032	0	1038
21501	965	0	0	11	0	976
21502	957	1	0	5	0	963
21503	6	0	0	965	0	971
21504	5	2	0	954	0	961
21505	949	0	0	10	0	959
21506	5	1	1034	4	0	1044
21507	1026	0	4	10	0	1040
21508	8	1	1145	1	0	1155
21509	1144	1	5	4	0	1154
21510	1203	0	1	7	0	1211
21511	1179	0	0	6	0	1185
21512	1183	0	0	5	0	1188
21513	9	1181	1	1	0	1192
21514	1198	5	4	4	0	1211
21515	1210	2	1	2	0	1215
21516	11	1249	0	0	0	1260
21517	1252	8	0	9	0	1269
21518	10	2	1243	1	0	1256
21519	1219	2	8	4	0	1233
21520	12	1	1252	1	0	1266
21521	4	0	9	1274	0	1287
21522	4	1	3	1284	0	1292
21523	3	0	1298	11	0	1312
21524	3	1	8	1302	0	1314
21525	29	6	12	709	0	756
21526	1384	0	3	18	0	1405
21527	9	0	1	1387	0	1397
21528	7	0	0	1352	0	1359
21529	6	1	1	1366	0	1374
21530	3	1341	1	14	0	1359
21531	0	9	1	1343	0	1353
21532	1324	1	1	16	0	1342
21533	12	3	1345	5	0	1365
21534	5	1	10	1361	0	1377
21535	7	1	1366	8	0	1382
21536	1317	0	12	8	0	1337
21537	10	2	3	1419	0	1434
21538	8	0	1729	16	0	1753
21539	6	1	30	1751	0	1788
21540	6	0	11	1734	0	1751
21541	2	1746	9	40	0	1797
21542	11	30	4	1812	0	1857
21543	10	13	2	1885	0	1910
21544	2	9	1880	49	0	1940
21545	12	3	32	1859	0	1906
21546	11	5	15	1886	0	1917
21547	1831	6	6	57	0	1900
21548	1848	1	5	36	0	1890
21549	45	1841	9	23	0	1918
21550	1851	33	11	20	0	1915
21551	1835	13	4	21	0	1873
21552	55	1815	2	16	0	1888
21553	37	34	3	1823	0	1897
21554	1836	15	3	41	0	1895
21555	1844	16	4	28	0	1892
21556	1808	5	6	19	0	1838
21557	65	1796	2	13	0	1876
21558	29	43	1827	9	0	1908
21559	1868	19	36	19	0	1942
21560	1941	8	15	12	0	1976
21561	60	1918	12	10	0	2000
21562	1935	35	8	19	0	1997
21563	1962	24	5	15	0	2006
21564	64	8	12	1912	0	1996
21565	42	6	1920	42	0	2010
21566	38	6	35	1960	0	2039
21567	26	13	15	1975	0	2029
21568	27	7	7	1966	0	2007
21569	28	4	1853	58	0	1943
21570	21	8	39	1798	0	1866
21571	16	5	23	1895	0	1939
21572	18	6	12	1909	0	1945
21573	20	2	7	1909	0	1938
21574	16	1	4	1902	0	1923
21575	9	1862	19	65	0	1955
21576	14	34	6	1865	0	1919
21577	10	13	4	1960	0	1987
21578	17	10	1893	69	0	1989
21579	21	7	40	2066	0	2134
21580	19	8	17	2098	0	2142
21581	22	12	9	2153	0	2196
21582	15	10	7	2210	0	2242
21583	2173	5	9	92	0	2279
21584	53	7	15	2217	0	2292
21585	43	7	3	2251	0	2304
21586	23	8	2147	89	0	2267
21587	15	2059	44	58	0	2176
21588	11	2156	24	48	0	2239
21589	2118	51	21	36	0	2226
21590	50	2122	9	38	0	2219
21591	35	47	8	2116	0	2206
21592	2084	32	17	69	0	2202
21593	56	21	2094	44	0	2215
21594	32	25	41	2095	0	2193
21595	23	2099	28	65	0	2215
21596	24	52	15	2107	0	2198
21597	12	2083	12	76	0	2183
21598	17	55	12	2117	0	2201
21599	2073	24	17	81	0	2195
21600	55	14	2080	60	0	2209
21601	38	24	46	2023	0	2131
21602	21	2089	25	79	0	2214
21603	2095	56	12	54	0	2217
21604	60	25	2089	46	0	2220
21605	39	20	48	2104	0	2211
21606	21	21	2008	74	0	2124
21607	36	11	54	1999	0	2100
21608	23	21	1912	78	0	2034
21609	26	18	57	1897	0	1998
21610	26	12	43	1923	0	2004
21611	1858	16	25	104	0	2003
21612	1895	11	26	61	0	1993
21613	80	16	12	1856	0	1964
21614	41	1806	23	76	0	1946
21615	43	46	9	1851	0	1949
21616	30	31	17	1847	0	1925
21617	1770	16	14	94	0	1894
21618	64	1776	13	56	0	1909
21619	1762	50	10	63	0	1885
21620	1756	40	10	46	0	1852
21621	64	1694	13	56	0	1827
21622	44	1776	9	61	0	1890
21623	1739	63	16	50	0	1868
21624	58	36	1700	54	0	1848
21625	1700	25	50	48	0	1823
21626	1691	22	23	55	0	1791
21627	78	1652	23	42	0	1795
21628	49	64	16	1522	0	1651
21629	41	1659	22	76	0	1798
21630	1637	60	26	54	0	1777
21631	1673	35	22	44	0	1774
21632	84	35	17	1613	0	1749
21633	54	35	5	1630	0	1724
21634	1574	18	17	100	0	1709
21635	71	1551	17	59	0	1698
21636	47	1523	15	55	0	1640
21637	39	1492	9	51	0	1591
21638	25	1106	12	38	0	1181
21639	19	1118	5	43	0	1185
21640	36	50	10	1072	0	1168
21641	26	27	1039	39	0	1131
21642	17	1036	23	26	0	1102
21643	966	32	11	31	0	1040
21644	28	29	12	954	0	1023
21645	949	20	15	31	0	1015
21646	31	958	10	25	0	1024
21647	962	23	17	24	0	1026
21648	32	957	21	23	0	1033
21649	25	24	22	965	0	1036
21650	955	22	15	37	0	1029
21651	976	17	18	29	0	1040
21652	35	18	13	973	0	1039
21653	32	17	12	961	0	1022
21654	31	941	6	48	0	1026
21655	29	25	9	962	0	1025
21656	25	14	6	981	0	1026
21657	25	18	8	949	0	1000
21658	23	883	6	49	0	961
21659	787	22	2	34	0	845
21660	31	784	5	33	0	853
21661	775	28	1	29	0	833
21662	33	773	7	22	0	835
21663	25	32	746	20	0	823
21664	42	18	24	734	0	818
21665	21	20	723	30	0	794
21666	23	21	699	9	0	752
21667	29	15	24	689	0	757
21668	26	9	693	24	0	752
21669	25	15	23	688	0	751
21670	25	19	16	687	0	747
21671	20	16	13	720	0	769
21672	711	16	13	33	0	773
21673	33	10	14	715	0	772
21674	28	13	6	728	0	775
21675	684	5	6	39	0	734
21676	28	664	4	29	0	725
21677	24	592	1	29	0	646
21678	23	609	1	17	0	650
21679	17	39	1	406	0	463
21680	10	9	419	21	0	459
21681	349	13	6	13	0	381
21682	9	350	5	10	0	374
21683	301	11	2	3	0	317
21684	305	7	1	3	0	316
21685	299	8	1	5	0	313
21686	10	4	310	6	0	330
21687	8	6	7	313	0	334
21688	8	4	3	316	0	331
21689	10	4	2	328	0	344
21690	8	3	1	328	0	340
21691	7	304	2	13	0	326
21692	318	4	4	6	0	332
21693	9	1	283	5	0	298
21694	267	3	6	4	0	280
21695	6	2	1	268	0	277
21696	1	247	1	12	0	261
21697	3	282	1	5	0	291
21698	6	17	1	252	0	276
21699	5	268	2	5	0	280
21700	230	5	2	5	0	242
21701	7	1	215	5	0	228
21702	2	4	1	205	0	212
21703	4	1	1	214	0	220
21704	1	3	2	214	0	220
21705	2	0	0	216	0	218
21706	207	0	1	4	0	212
21707	4	225	0	4	0	233
21708	265	2	1	4	0	272
21709	3	3	0	275	0	281
21710	3	5	1	269	0	278
21711	3	278	2	4	0	287
21712	285	1	1	9	0	296
21713	296	2	1	5	0	304
21714	4	306	0	2	0	312
21715	5	4	1	293	0	303
21716	3	313	0	4	0	320
21717	308	7	0	4	0	319
21718	6	4	311	2	0	323
21719	2	4	298	1	0	305
21720	295	0	5	7	0	307
21721	3	309	4	2	0	318
21722	3	2	2	308	0	315
21723	4	5	1	307	0	317
21724	1	4	302	8	0	315
21725	1	1	3	308	0	313
21726	4	9	3	295	0	311
21727	1	310	3	8	0	322
21728	3	4	0	316	0	323
21729	1	5	0	312	0	318
21730	310	2	0	8	0	320
21731	5	306	1	7	0	319
21732	3	312	1	3	0	319
21733	3	7	0	314	0	324
21734	4	6	2	297	0	309
21735	2	2	0	304	0	308
21736	1	299	2	8	0	310
21737	2	5	1	309	0	317
21738	5	4	1	304	0	314
21739	6	3	0	303	0	312
21740	5	2	1	295	0	303
21741	3	283	2	10	0	298
21742	1	292	3	6	0	302
21743	294	8	0	5	0	307
21744	296	8	0	3	0	307
21745	8	4	0	299	0	311
21746	4	1	296	5	0	306
21747	4	1	5	289	0	299
21748	1	0	3	286	0	290
21749	274	3	2	11	0	290
21750	5	298	0	5	0	308
21751	6	5	1	307	0	319
21752	4	3	2	318	0	327
21753	5	2	310	7	0	324
21754	0	3	308	6	0	317
21755	2	1	6	312	0	321
21756	0	2	3	312	0	317
21757	2	302	3	9	0	316
21758	2	316	0	5	0	323
21759	312	9	0	4	0	325
21760	4	3	1	314	0	322
21761	2	1	304	8	0	315
21762	4	295	4	3	0	306
21763	1	4	2	305	0	312
21764	300	3	1	7	0	311
21765	3	2	0	304	0	309
21766	297	1	1	8	0	307
21767	6	312	0	3	0	321
21768	311	4	0	6	0	321
21769	6	1	1	313	0	321
21770	2	1	328	5	0	336
21771	1	1	4	319	0	325
21772	2	349	1	5	0	357
21773	2	6	0	338	0	346
21774	1	359	0	5	0	365
21775	2	4	0	372	0	378
21776	1	2	364	6	0	373
21777	2	1	352	3	0	358
21778	1	2	364	5	0	372
21779	352	1	7	4	0	364
21780	4	359	3	2	0	368
21781	2	364	1	2	0	369
21782	374	5	1	2	0	382
21783	369	5	0	2	0	376
21784	6	4	1	373	0	384
21785	3	2	375	6	0	386
21786	3	0	355	3	0	361
21787	3	0	7	357	0	367
21788	357	0	5	7	0	369
21789	6	338	2	3	0	349
21790	2	8	0	348	0	358
21791	342	2	0	8	0	352
21792	337	2	0	7	0	346
21793	8	1	334	4	0	347
21794	318	2	6	3	0	329
21795	8	2	333	3	0	346
21796	1	3	336	5	0	345
21797	4	2	4	316	0	326
21798	0	2	2	326	0	330
21799	2	2	2	325	0	331
21800	1	2	318	8	0	329
21801	323	2	5	4	0	334
21802	5	1	2	336	0	344
21803	324	0	1	8	0	333
21804	323	4	1	3	0	331
21805	7	330	1	4	0	342
21806	6	339	1	2	0	348
21807	2	319	1	6	0	328
21808	1	7	2	278	0	288
21809	1	2	268	4	0	275
21810	3	1	4	263	0	271
21811	0	257	1	5	0	263
21812	1	267	1	1	0	270
21813	3	3	0	255	0	261
21814	245	2	0	6	0	253
21815	3	250	3	0	0	256
21816	0	238	1	1	0	240
21817	248	2	0	3	0	253
21818	5	1	1	239	0	246
21819	0	2	0	250	0	252
21820	4	1	0	254	0	259
21821	246	3	1	3	0	253
21822	242	0	0	4	0	246
21823	4	1	1	246	0	252
21824	2	3	244	2	0	251
21825	240	2	3	2	0	247
21826	4	2	1	242	0	249
21827	0	1	256	6	0	263
21828	1	2	251	3	0	257
21829	0	0	2	265	0	267
21830	2	0	310	3	0	315
21831	4	0	6	343	0	353
21832	4	1	2	337	0	344
21833	2	1	2	374	0	379
21834	377	0	0	7	0	384
21835	7	3	0	370	0	380
21836	3	2	3	373	0	381
21837	4	1	3	377	0	385
21838	0	0	1	381	0	382
21839	2	0	372	7	0	381
21840	1	364	6	5	0	376
21841	0	4	1	376	0	381
21842	2	2	4	362	0	370
21843	5	353	0	4	0	362
21844	2	370	1	8	0	381
21845	372	6	1	5	0	384
21846	7	373	3	2	0	385
21847	4	5	4	367	0	380
21848	4	0	362	8	0	374
21849	354	4	3	3	0	364
21850	4	3	338	4	0	349
21851	334	1	4	3	0	342
21852	342	2	0	3	0	347
21853	5	2	336	3	0	346
21854	3	0	6	315	0	324
21855	8	318	1	3	0	330
21856	3	4	4	331	0	342
21857	334	0	5	7	0	346
21858	334	4	1	4	0	343
21859	2	336	2	6	0	346
21860	346	3	3	5	0	357
21861	12	0	0	348	0	360
21862	351	1	3	8	0	363
21863	352	0	0	6	0	358
21864	9	1	2	358	0	370
21865	352	1	3	9	0	365
21866	339	1	2	4	0	346
21867	5	5	335	6	0	351
21868	329	2	4	6	0	341
21869	7	2	332	4	0	345
21870	2	2	318	2	0	324
21871	4	333	2	4	0	343
21872	5	4	1	301	0	311
21873	2	4	309	5	0	320
21874	5	3	299	2	0	309
21875	306	1	2	2	0	311
21876	4	2	3	306	0	315
21877	2	2	4	324	0	332
21878	6	1	1	330	0	338
21879	1	1	3	327	0	332
21880	4	0	1	329	0	334
21881	3	1	327	9	0	340
21882	2	2	320	4	0	328
21883	1	1	5	319	0	326
21884	314	1	4	6	0	325
21885	5	309	4	4	0	322
21886	4	5	1	316	0	326
21887	314	1	1	8	0	324
21888	4	311	2	5	0	322
21889	4	7	2	322	0	335
21890	2	1	2	328	0	333
21891	1	2	2	330	0	335
21892	322	0	2	12	0	336
21893	6	1	319	8	0	334
21894	315	1	6	5	0	327
21895	9	0	1	330	0	340
21896	6	0	5	316	0	327
21897	4	319	1	8	0	332
21898	0	6	306	11	0	323
21899	299	1	4	7	0	311
21900	309	5	3	6	0	323
21901	6	0	312	3	0	321
21902	291	2	7	4	0	304
21903	7	302	2	5	0	316
21904	3	311	2	7	0	323
21905	2	305	3	2	0	312
21906	300	10	1	2	0	313
21907	6	3	300	4	0	313
21908	3	4	4	292	0	303
21909	3	290	2	7	0	302
21910	0	299	6	3	0	308
21911	5	293	3	0	0	301
21912	10	12	2	201	0	225
21913	271	2	1	5	0	279
21914	7	275	2	1	0	285
21915	5	5	0	275	0	285
21916	1	1	1	284	0	287
21917	271	2	0	9	0	282
21918	5	1	0	275	0	281
21919	4	0	1	282	0	287
21920	3	0	275	5	0	283
21921	2	2	4	278	0	286
21922	1	1	1	289	0	292
21923	283	0	1	7	0	291
21924	283	0	0	2	0	285
21925	7	2	1	282	0	292
21926	272	0	0	5	0	277
21927	258	0	0	5	0	263
21928	8	255	1	1	0	265
21929	5	4	255	0	0	264
21930	1	212	4	0	0	217
21931	1	10	1	163	0	175
21932	157	1	0	8	0	166
21933	2	155	0	1	0	158
21934	1	2	0	154	0	157
21935	155	1	0	2	0	158
21936	154	0	0	1	0	155
21937	4	0	0	150	0	154
21938	1	0	174	2	0	177
21939	0	0	2	176	0	178
21940	0	0	1	177	0	178
21941	0	1	173	3	0	177
21942	0	0	2	172	0	174
21943	0	0	1	176	0	177
21944	174	0	0	3	0	177
21945	2	0	0	180	0	182
21946	1	0	0	178	0	179
21947	172	0	0	4	0	176
21948	184	0	0	3	0	187
21949	183	0	1	1	0	185
21950	3	0	186	0	0	189
21951	1	0	2	182	0	185
21952	1	181	1	1	0	184
21953	0	3	0	187	0	190
21954	0	3	184	2	0	189
21955	1	0	1	176	0	178
21956	0	1	190	2	0	193
21957	173	6	2	4	0	185
21958	181	0	1	1	0	183
21959	4	0	0	184	0	188
21960	3	0	0	178	0	181
21961	0	0	1	179	0	180
21962	1	176	0	3	0	180
21963	180	2	0	2	0	184
21964	172	1	0	2	0	175
21965	3	1	0	173	0	177
21966	1	0	1	169	0	171
21967	1	0	0	175	0	176
21968	2	0	0	173	0	175
21969	1	0	168	3	0	172
21970	1	0	2	165	0	168
21971	146	1	1	4	0	152
21972	147	1	0	1	0	149
21973	3	1	0	143	0	147
21974	2	0	136	2	0	140
21975	119	0	1	0	0	120
21976	2	0	0	132	0	134
21977	0	128	0	0	0	128
21978	0	129	0	0	0	129
21979	142	0	0	3	0	145
21980	1	0	0	148	0	149
21981	1	1	0	170	0	172
21982	1	0	1	169	0	171
21983	1	0	0	170	0	171
21984	0	1	0	180	0	181
21985	0	0	178	2	0	180
21986	0	0	169	0	0	169
21987	0	0	176	1	0	177
21988	1	0	2	174	0	177
21989	1	0	184	1	0	186
21990	2	0	1	179	0	182
21991	0	0	0	191	0	191
21992	0	0	0	196	0	196
21993	209	0	0	3	0	212
21994	2	0	0	201	0	203
21995	2	0	0	210	0	212
21996	207	0	0	4	0	211
21997	3	203	0	2	0	208
21998	1	224	0	1	0	226
21999	220	3	0	2	0	225
22000	2	229	0	1	0	232
22001	231	3	0	0	0	234
22002	230	1	0	1	0	232
22003	234	0	0	0	0	234
22004	231	0	0	2	0	233
22005	240	0	2	2	0	244
22006	4	234	2	1	0	241
22007	235	3	1	1	0	240
22008	237	1	0	4	0	242
22009	6	250	1	0	0	257
22010	271	5	0	3	0	279
22011	280	0	0	3	0	283
22012	309	0	0	3	0	312
22013	316	1	0	4	0	321
22014	9	1	310	1	0	321
22015	2	1	8	334	0	345
22016	2	1	2	352	0	357
22017	2	0	339	11	0	352
22018	2	1	330	2	0	335
22019	319	0	11	1	0	331
22020	12	0	2	353	0	367
22021	2	0	364	12	0	378
22022	0	3	361	3	0	367
22023	358	0	12	2	0	372
22024	375	0	2	4	0	381
22025	376	1	0	1	0	378
22026	12	0	374	3	0	389
22027	3	2	12	365	0	382
22028	3	0	382	10	0	395
22029	368	1	10	3	0	382
22030	11	3	387	0	0	401
22031	4	1	9	371	0	385
22032	1	1	2	384	0	388
22033	1	395	1	9	0	406
22034	401	12	2	3	0	418
22035	15	1	396	1	0	413
22036	396	0	12	3	0	411
22037	14	0	404	2	0	420
22038	1	1	14	376	0	392
22039	2	1	2	389	0	394
22040	4	0	1	394	0	399
22041	382	2	1	19	0	404
22042	17	0	2	369	0	388
22043	3	0	3	391	0	397
22044	2	379	1	15	0	397
22045	3	10	2	389	0	404
22046	377	1	3	17	0	398
22047	16	0	383	4	0	403
22048	4	0	11	370	0	385
22049	5	1	375	13	0	394
22050	3	366	14	3	0	386
22051	1	13	374	4	0	392
22052	376	3	12	1	0	392
22053	386	1	9	3	0	399
22054	13	1	3	379	0	396
22055	378	0	2	16	0	396
22056	375	1	3	7	0	386
22057	18	0	3	370	0	391
22058	6	1	2	376	0	385
22059	5	0	368	15	0	388
22060	4	356	11	5	0	376
22061	355	14	2	4	0	375
22062	13	358	3	3	0	377
22063	5	13	3	359	0	380
22064	5	1	2	370	0	378
22065	2	0	5	372	0	379
22066	2	2	4	371	0	379
22067	4	1	358	15	0	378
22068	341	4	14	6	0	365
22069	375	1	2	3	0	381
22070	13	1	1	361	0	376
22071	355	1	2	17	0	375
22072	18	1	2	362	0	383
22073	4	0	359	16	0	379
22074	4	0	14	358	0	376
22075	1	344	7	13	0	365
22076	4	12	4	333	0	353
22077	6	348	1	14	0	369
22078	3	13	2	325	0	343
22079	3	333	5	13	0	354
22080	317	12	3	8	0	340
22081	16	3	300	5	0	324
22082	4	287	15	7	0	313
22083	3	310	6	3	0	322
22084	2	11	7	296	0	316
22085	3	2	3	297	0	305
22086	5	2	0	304	0	311
22087	4	2	4	304	0	314
22088	5	293	1	15	0	314
22089	2	12	1	282	0	297
22090	2	3	2	295	0	302
22091	275	1	1	15	0	292
22092	14	3	2	282	0	301
22093	2	1	277	20	0	300
22094	6	1	288	4	0	299
22095	263	3	12	8	0	286
22096	11	274	4	4	0	293
22097	7	294	5	2	0	308
22098	7	10	2	284	0	303
22099	4	3	3	295	0	305
22100	2	4	280	17	0	303
22101	272	1	10	9	0	292
22102	286	2	2	10	0	300
22103	15	2	307	3	0	327
22104	5	3	287	4	0	299
22105	287	3	8	6	0	304
22106	298	0	5	5	0	308
22107	298	2	3	4	0	307
22108	297	1	3	2	0	303
22109	14	272	4	3	0	293
22110	258	9	3	1	0	271
22111	12	3	241	1	0	257
22112	4	3	218	1	0	226
22113	9	1	220	0	0	230
22114	9	14	13	198	0	234
22115	192	0	3	7	0	202
22116	207	0	3	2	0	212
22117	3	2	1	204	0	210
22118	5	0	0	187	0	192
22119	4	0	1	204	0	209
22120	0	203	3	5	0	211
22121	201	4	2	4	0	211
22122	217	0	0	5	0	222
22123	220	4	1	0	0	225
22124	215	0	1	1	0	217
22125	215	1	0	3	0	219
22126	6	0	0	200	0	206
22127	4	195	0	4	0	203
22128	4	3	2	188	0	197
22129	1	0	1	195	0	197
22130	193	4	1	2	0	200
22131	2	0	204	6	0	212
22132	2	0	188	4	0	194
22133	5	0	185	1	0	191
22134	199	0	4	3	0	206
22135	214	0	6	2	0	222
22136	1	0	3	230	0	234
22137	3	0	0	232	0	235
22138	5	0	0	248	0	253
22139	0	1	252	4	0	257
22140	1	0	0	247	0	248
22141	0	0	269	3	0	272
22142	0	0	3	265	0	268
22143	0	0	1	268	0	269
22144	0	0	3	270	0	273
22145	269	0	0	6	0	275
22146	269	0	0	4	0	273
22147	1	0	271	4	0	276
22148	267	0	0	4	0	271
22149	270	0	1	0	0	271
22150	1	0	3	271	0	275
22151	272	0	2	0	0	274
22152	3	0	1	289	0	293
22153	2	0	0	292	0	294
22154	5	0	283	2	0	290
22155	277	0	2	5	0	284
22156	2	0	1	295	0	298
22157	1	0	302	3	0	306
22158	3	1	299	1	0	304
22159	0	0	2	315	0	317
22160	1	0	5	314	0	320
22161	323	0	3	5	0	331
22162	4	0	0	336	0	340
22163	1	0	0	330	0	331
22164	4	0	0	334	0	338
22165	4	0	0	347	0	351
22166	353	0	1	9	0	363
22167	356	0	0	7	0	363
22168	361	0	1	4	0	366
22169	366	0	0	4	0	370
22170	10	0	1	380	0	391
22171	382	0	0	10	0	392
22172	9	0	1	384	0	394
22173	388	0	1	14	0	403
22174	12	0	1	387	0	400
22175	5	0	0	416	0	421
22176	3	409	2	7	0	421
22177	1	6	1	425	0	433
22178	418	1	0	11	0	430
22179	422	3	0	4	0	429
22180	9	0	417	3	0	429
22181	5	416	6	3	0	430
22182	421	6	0	3	0	430
22183	6	433	6	2	0	447
22184	442	10	1	2	0	455
22185	9	468	1	3	0	481
22186	3	10	467	1	0	481
22187	5	468	8	0	0	481
22188	2	486	0	2	0	490
22189	1	7	0	501	0	509
22190	495	2	1	12	0	510
22191	8	0	2	492	0	502
22192	4	1	0	501	0	506
22193	480	0	2	11	0	493
22194	485	1	0	4	0	490
22195	11	2	0	487	0	500
22196	2	0	1	495	0	498
22197	5	0	0	482	0	487
22198	467	0	1	11	0	479
22199	9	0	470	3	0	482
22200	5	1	7	468	0	481
22201	5	0	478	9	0	492
22202	2	472	7	4	0	485
22203	5	9	450	4	0	468
22204	2	2	7	452	0	463
22205	2	2	457	10	0	471
22206	446	0	9	4	0	459
22207	9	2	1	457	0	469
22208	3	455	1	10	0	469
22209	2	9	2	461	0	474
22210	3	448	3	7	0	461
22211	4	454	0	5	0	463
22212	3	471	1	2	0	477
22213	7	6	1	435	0	449
22214	1	445	0	8	0	454
22215	443	8	1	3	0	455
22216	9	3	413	7	0	432
22217	4	3	408	3	0	418
22218	4	2	430	3	0	439
22219	3	1	10	442	0	456
22220	3	1	2	421	0	427
22221	5	2	2	413	0	422
22222	10	2	2	406	0	420
22223	11	0	6	389	0	406
22224	4	410	4	11	0	429
22225	4	8	398	5	0	415
22226	6	3	396	4	0	409
22227	4	408	10	4	0	426
22228	4	9	3	410	0	426
22229	5	3	0	419	0	427
22230	3	2	2	419	0	426
22231	393	4	0	14	0	411
22232	10	4	397	4	0	415
22233	386	0	8	14	0	408
22234	389	3	3	4	0	399
22235	15	373	1	4	0	393
22236	2	368	3	5	0	378
22237	368	10	9	7	0	394
22238	12	0	1	363	0	376
22239	4	3	2	373	0	382
22240	5	3	383	10	0	401
22241	4	2	381	4	0	391
22242	3	3	11	399	0	416
22243	413	4	2	11	0	430
22244	8	7	434	3	0	452
22245	421	0	10	8	0	439
22246	11	2	5	433	0	451
22247	6	2	4	464	0	476
22248	3	2	2	472	0	479
22249	4	4	474	10	0	492
22250	5	462	8	7	0	482
22251	2	497	2	10	0	511
22252	486	8	1	8	0	503
22253	501	2	1	8	0	512
22254	15	0	2	500	0	517
22255	498	4	3	14	0	519
22256	12	2	493	7	0	514
22257	6	2	482	2	0	492
22258	4	3	12	498	0	517
22259	512	1	6	13	0	532
22260	12	1	5	524	0	542
22261	5	0	6	543	0	554
22262	538	0	4	12	0	554
22263	548	2	1	11	0	562
22264	11	577	5	3	0	596
22265	573	11	0	8	0	592
22266	13	1	4	552	0	570
22267	5	563	3	13	0	584
22268	557	14	1	5	0	577
22269	9	568	1	8	0	586
22270	4	8	1	564	0	577
22271	560	6	0	11	0	577
22272	13	3	549	1	0	566
22273	5	3	546	2	0	556
22274	10	1	9	537	0	557
22275	6	2	2	531	0	541
22276	4	3	5	519	0	531
22277	2	569	7	10	0	588
22278	577	9	2	7	0	595
22279	578	2	1	11	0	592
22280	586	2	2	6	0	596
22281	11	617	5	4	0	637
22282	7	9	5	645	0	666
22283	11	3	0	647	0	661
22284	7	4	1	638	0	650
22285	590	2	0	17	0	609
22286	13	592	2	7	0	614
22287	10	7	0	592	0	609
22288	6	4	2	600	0	612
22289	4	4	575	11	0	594
22290	1	580	9	6	0	596
22291	3	9	3	583	0	598
22292	4	2	1	589	0	596
22293	6	2	3	583	0	594
22294	561	4	2	17	0	584
22295	11	569	2	14	0	596
22296	571	9	0	12	0	592
22297	11	6	0	581	0	598
22298	584	5	1	12	0	602
22299	11	5	568	8	0	592
22300	579	3	8	8	0	598
22301	574	2	4	9	0	589
22302	15	3	580	5	0	603
22303	10	2	10	578	0	600
22304	8	1	7	574	0	590
22305	585	1	3	21	0	610
22306	15	2	4	618	0	639
22307	11	3	1	621	0	636
22308	8	3	1	637	0	649
22309	9	3	607	17	0	636
22310	601	3	9	12	0	625
22311	15	630	4	6	0	655
22312	13	9	2	598	0	622
22313	8	615	5	15	0	643
22314	6	640	5	9	0	660
22315	3	14	2	643	0	662
22316	4	10	621	20	0	655
22317	5	6	620	13	0	644
22318	4	8	12	623	0	647
22319	7	6	629	18	0	660
22320	616	3	14	13	0	646
22321	19	2	10	640	0	671
22322	9	8	4	667	0	688
22323	3	665	5	23	0	696
22324	7	12	1	656	0	676
22325	3	7	2	655	0	667
22326	6	662	1	23	0	692
22327	5	13	3	672	0	693
22328	7	10	4	659	0	680
22329	6	657	2	25	0	690
22330	656	10	6	16	0	688
22331	18	7	664	8	0	697
22332	10	5	650	11	0	676
22333	10	9	14	641	0	674
22334	6	7	11	658	0	682
22335	5	5	655	25	0	690
22336	5	3	629	16	0	653
22337	588	10	16	14	0	628
22338	15	640	5	12	0	672
22339	625	11	4	14	0	654
22340	12	5	626	10	0	653
22341	12	616	13	11	0	652
22342	14	13	7	620	0	654
22343	8	9	639	13	0	669
22344	5	4	631	11	0	651
22345	8	3	15	654	0	680
22346	5	3	663	20	0	691
22347	5	639	16	10	0	670
22348	8	12	10	635	0	665
22349	6	10	625	15	0	656
22350	4	624	17	11	0	656
22351	619	11	18	8	0	656
22352	14	8	600	8	0	630
22353	9	614	9	10	0	642
22354	8	15	12	600	0	635
22355	3	8	7	616	0	634
22356	608	5	3	24	0	640
22357	13	2	8	600	0	623
22358	9	4	4	585	0	602
22359	572	3	1	23	0	599
22360	11	1	8	577	0	597
22361	9	6	546	13	0	574
22362	8	3	10	552	0	573
22363	3	2	550	15	0	570
22364	4	6	496	8	0	514
22365	0	3	512	8	0	523
22366	9	1	11	488	0	509
22367	5	3	8	504	0	520
22368	511	1	1	13	0	526
22369	11	1	2	487	0	501
22370	6	530	2	9	0	547
22371	4	8	0	546	0	558
22372	2	8	4	526	0	540
22373	0	545	3	13	0	561
22374	546	5	4	10	0	565
22375	545	5	4	6	0	560
22376	10	534	6	2	0	552
22377	5	496	2	5	0	508
22378	6	17	2	488	0	513
22379	500	6	3	6	0	515
22380	6	2	494	9	0	511
22381	4	4	439	2	0	449
22382	412	0	7	3	0	422
22383	3	433	7	2	0	445
22384	3	5	2	438	0	448
22385	8	3	0	411	0	422
22386	2	2	0	422	0	426
22387	0	2	0	438	0	440
22388	2	432	0	7	0	441
22389	1	4	0	446	0	451
22390	445	4	0	6	0	455
22391	4	1	1	454	0	460
22392	3	1	1	455	0	460
22393	454	1	0	7	0	462
22394	443	1	1	6	0	451
22395	456	0	2	2	0	460
22396	457	1	0	3	0	461
22397	7	1	1	446	0	455
22398	447	0	2	6	0	455
22399	5	1	2	444	0	452
22400	445	0	1	5	0	451
22401	443	1	1	5	0	450
22402	9	0	0	439	0	448
22403	4	1	441	5	0	451
22404	426	2	2	4	0	434
22405	437	0	3	6	0	446
22406	429	1	3	3	0	436
22407	436	1	2	3	0	442
22408	8	1	1	440	0	450
22409	6	2	435	5	0	448
22410	3	3	447	3	0	456
22411	440	1	7	6	0	454
22412	461	1	6	4	0	472
22413	8	468	1	1	0	478
22414	4	450	1	2	0	457
22415	458	1	1	0	0	460
22416	5	3	0	454	0	462
22417	1	2	0	459	0	462
22418	463	0	0	7	0	470
22419	3	453	0	3	0	459
22420	460	2	1	6	0	469
22421	4	2	460	3	0	469
22422	434	2	3	1	0	440
22423	3	0	3	445	0	451
22424	3	0	459	2	0	464
22425	2	453	2	5	0	462
22426	2	2	2	465	0	471
22427	3	2	474	2	0	481
22428	2	1	2	480	0	485
22429	508	2	1	8	0	519
22430	4	0	506	2	0	512
22431	485	0	3	5	0	493
22432	5	531	2	2	0	540
22433	5	4	1	532	0	542
22434	3	3	579	3	0	588
22435	5	1	2	571	0	579
22436	0	3	586	5	0	594
22437	1	580	4	6	0	591
22438	573	1	3	1	0	578
22439	2	599	2	1	0	604
22440	6	3	2	586	0	597
22441	4	7	1	581	0	593
22442	2	4	568	3	0	577
22443	453	1	2	9	0	465
22444	1	519	3	3	0	526
22445	1	489	0	0	0	490
22446	0	480	1	0	0	481
22447	1	3	0	482	0	486
22448	0	483	0	0	0	483
22449	0	0	0	475	0	475
22450	0	483	0	1	0	484
22451	1	0	0	481	0	482
22452	0	513	0	0	0	513
22453	517	0	1	3	0	521
22454	0	2	514	0	0	516
22455	507	0	0	2	0	509
22456	520	1	1	2	0	524
22457	528	0	0	1	0	529
22458	1	522	1	0	0	524
22459	529	0	0	0	0	529
22460	517	1	0	3	0	521
22461	540	0	0	1	0	541
22462	2	1	527	0	0	530
22463	4	0	1	523	0	528
22464	0	0	526	1	0	527
22465	1	0	1	525	0	527
22466	520	0	1	4	0	525
22467	1	528	0	4	0	533
22468	1	1	609	0	0	611
22469	4	3	1	626	0	634
22470	2	0	1	619	0	622
22471	0	1	706	5	0	712
22472	690	0	9	1	0	700
22473	716	0	2	1	0	719
22474	725	0	0	2	0	727
22475	11	0	1	718	0	730
22476	6	706	0	8	0	720
22477	4	726	2	2	0	734
22478	7	9	0	724	0	740
22479	5	2	0	717	0	724
22480	2	725	3	8	0	738
22481	723	11	0	7	0	741
22482	12	729	0	3	0	744
22483	9	10	1	725	0	745
22484	3	4	723	11	0	741
22485	7	2	9	719	0	737
22486	722	6	1	15	0	744
22487	10	0	721	8	0	739
22488	720	1	10	8	0	739
22489	737	3	2	5	0	747
22490	761	1	2	2	0	766
22491	777	3	3	3	0	786
22492	781	1	0	4	0	786
22493	13	0	767	2	0	782
22494	7	2	752	3	0	764
22495	816	1	10	3	0	830
22496	840	0	5	3	0	848
22497	19	0	4	884	0	907
22498	9	903	2	9	0	923
22499	13	11	1	915	0	940
22500	947	6	3	13	0	969
22501	16	2	0	908	0	926
22502	7	974	4	10	0	995
22503	988	10	2	11	0	1011
22504	988	6	0	3	0	997
22505	982	4	3	8	0	997
22506	16	979	4	6	0	1005
22507	15	11	3	966	0	995
22508	9	6	0	955	0	970
22509	14	917	5	13	0	949
22510	5	14	5	944	0	968
22511	949	8	2	14	0	973
22512	943	3	1	12	0	959
22513	20	942	1	6	0	969
22514	14	11	2	955	0	982
22515	11	10	2	954	0	977
22516	11	4	2	968	0	985
22517	942	4	4	25	0	975
22518	17	7	925	14	0	963
22519	915	6	9	14	0	944
22520	19	4	943	11	0	977
22521	21	4	9	902	0	936
22522	6	912	10	17	0	945
22523	13	949	2	15	0	979
22524	931	21	6	10	0	968
22525	930	12	2	20	0	964
22526	23	919	3	8	0	953
22527	17	935	5	3	0	960
22528	960	16	1	8	0	985
22529	924	13	7	5	0	949
22530	22	945	3	10	0	980
22531	972	17	5	12	0	1006
22532	21	12	952	8	0	993
22533	989	6	13	8	0	1016
22534	962	4	10	5	0	981
22535	42	6	3	928	0	979
22536	17	932	10	20	0	979
22537	17	18	1	931	0	967
22538	949	12	2	20	0	983
22539	27	6	2	923	0	958
22540	27	3	7	946	0	983
22541	13	4	949	28	0	994
22542	20	8	16	942	0	986
22543	16	5	8	971	0	1000
22544	951	9	3	38	0	1001
22545	19	17	951	16	0	1003
22546	968	6	15	20	0	1009
22547	33	5	8	970	0	1016
22548	21	9	3	976	0	1009
22549	10	7	10	961	0	988
22550	16	943	5	29	0	993
22551	15	975	2	20	0	1012
22552	13	27	5	950	0	995
22553	952	11	3	28	0	994
22554	953	7	8	16	0	984
22555	35	7	5	943	0	990
22556	953	3	4	28	0	988
22557	28	4	4	949	0	985
22558	21	4	2	948	0	975
22559	903	8	5	32	0	948
22560	28	936	2	14	0	980
22561	924	16	6	18	0	964
22562	908	12	2	21	0	943
22563	916	7	3	12	0	938
22564	26	909	3	20	0	958
22565	30	18	4	918	0	970
22566	18	10	2	934	0	964
22567	15	7	896	30	0	948
22568	14	11	15	824	0	864
22569	9	14	764	25	0	812
22570	10	738	12	15	0	775
22571	5	649	7	7	0	668
22572	4	653	3	7	0	667
22573	4	13	2	683	0	702
22574	11	10	3	671	0	695
22575	4	3	1	668	0	676
22576	2	3	1	682	0	688
22577	6	4	685	16	0	711
22578	3	4	829	13	0	849
22579	4	7	15	862	0	888
22580	6	3	870	14	0	893
22581	863	1	12	17	0	893
22582	887	1	10	9	0	907
22583	23	4	877	7	0	911
22584	13	1	14	894	0	922
22585	14	1	12	902	0	929
22586	9	2	2	931	0	944
22587	9	4	3	927	0	943
22588	6	5	5	957	0	973
22589	652	11	3	38	0	704
22590	922	0	2	20	0	944
22591	23	898	2	18	0	941
22592	9	16	890	9	0	924
22593	3	887	13	11	0	914
22594	5	905	9	8	0	927
22595	848	20	0	12	0	880
22596	18	837	5	3	0	863
22597	9	798	4	2	0	813
22598	774	21	0	8	0	803
22599	18	6	769	5	0	798
22600	745	1	13	6	0	765
22601	15	3	7	757	0	782
22602	10	0	1	702	0	713
22603	9	3	1	702	0	715
22604	4	0	686	23	0	713
22605	3	696	11	13	0	723
22606	692	14	8	5	0	719
22607	17	11	2	700	0	730
22608	9	684	5	19	0	717
22609	8	15	3	723	0	749
22610	6	8	700	19	0	733
22611	8	3	17	719	0	747
22612	6	2	9	726	0	743
22613	0	4	4	751	0	759
22614	735	0	3	32	0	770
22615	22	1	2	743	0	768
22616	8	3	728	29	0	768
22617	4	715	18	14	0	751
22618	8	18	7	727	0	760
22619	9	11	5	732	0	757
22620	6	4	708	31	0	749
22621	2	4	705	15	0	726
22622	684	11	38	13	0	746
22623	684	4	12	14	0	714
22624	30	683	11	6	0	730
22625	684	21	3	6	0	714
22626	28	8	678	7	0	721
22627	10	4	652	10	0	676
22628	655	2	23	17	0	697
22629	673	2	8	16	0	699
22630	23	3	636	17	0	679
22631	622	1	18	19	0	660
22632	21	5	627	15	0	668
22633	611	6	14	6	0	637
22634	610	8	8	4	0	630
22635	19	11	8	566	0	604
22636	10	622	7	12	0	651
22637	422	26	11	12	0	471
22638	13	15	621	6	0	655
22639	16	610	13	4	0	643
22640	601	23	9	10	0	643
22641	587	11	6	8	0	612
22642	28	579	6	9	0	622
22643	13	13	9	599	0	634
22644	12	7	577	24	0	620
22645	6	4	17	593	0	620
22646	2	3	576	29	0	610
22647	4	7	15	585	0	611
22648	6	6	14	584	0	610
22649	5	10	564	25	0	604
22650	13	566	15	15	0	609
22651	4	18	11	550	0	583
22652	7	15	374	21	0	417
22653	556	6	9	18	0	589
22654	17	5	13	561	0	596
22655	9	5	7	580	0	601
22656	572	1	7	32	0	612
22657	21	2	8	580	0	611
22658	17	4	8	566	0	595
22659	9	567	8	28	0	612
22660	7	18	14	592	0	631
22661	10	13	586	18	0	627
22662	14	2	19	582	0	617
22663	6	576	15	20	0	617
22664	10	595	12	7	0	624
22665	15	19	8	582	0	624
22666	587	9	8	16	0	620
22667	26	10	6	586	0	628
22668	592	9	6	15	0	622
22669	26	3	8	590	0	627
22670	592	5	13	17	0	627
22671	601	3	10	12	0	626
22672	32	12	7	571	0	622
22673	18	8	8	567	0	601
22674	7	551	17	20	0	595
22675	14	564	10	13	0	601
22676	11	12	554	9	0	586
22677	12	529	16	10	0	567
22678	344	8	11	5	0	368
22679	8	2	3	344	0	357
22680	4	327	5	8	0	344
22681	338	7	0	4	0	349
22682	9	1	1	334	0	345
22683	3	4	2	313	0	322
22684	4	1	2	327	0	334
22685	2	1	3	324	0	330
22686	0	335	6	11	0	352
22687	4	346	4	4	0	358
22688	352	6	0	4	0	362
22689	9	354	4	3	0	370
22690	2	7	0	336	0	345
22691	4	0	2	336	0	342
22692	4	3	0	333	0	340
22693	3	0	0	344	0	347
22694	331	0	0	11	0	342
22695	347	1	0	6	0	354
22696	10	2	338	2	0	352
22697	4	1	7	342	0	354
22698	4	1	344	6	0	355
22699	4	2	8	335	0	349
22700	3	0	1	345	0	349
22701	342	2	3	11	0	358
22702	8	4	0	343	0	355
22703	1	3	339	8	0	351
22704	2	2	323	4	0	331
22705	320	2	8	6	0	336
22706	9	1	328	2	0	340
22707	3	0	7	318	0	328
22708	4	3	317	5	0	329
22709	4	1	7	310	0	322
22710	1	308	2	8	0	319
22711	1	4	2	299	0	306
22712	1	306	0	10	0	317
22713	0	299	0	4	0	303
22714	1	3	0	293	0	297
22715	291	3	0	3	0	297
22716	2	303	0	2	0	307
22717	2	2	1	304	0	309
22718	317	1	1	4	0	323
22719	319	2	0	2	0	323
22720	334	0	1	2	0	337
22721	5	0	0	335	0	340
22722	4	0	1	334	0	339
22723	336	0	0	3	0	339
22724	336	1	0	3	0	340
22725	336	0	0	4	0	340
22726	6	1	0	331	0	338
22727	3	1	322	2	0	328
22728	315	0	2	2	0	319
22729	4	0	1	301	0	306
22730	2	325	3	1	0	331
22731	2	3	0	327	0	332
22732	1	327	0	5	0	333
22733	2	3	0	326	0	331
22734	1	1	314	4	0	320
22735	0	323	2	3	0	328
22736	3	2	1	293	0	299
22737	3	1	2	299	0	305
22738	1	2	1	303	0	307
22739	307	0	0	8	0	315
22740	2	330	1	4	0	337
22741	2	3	1	334	0	340
22742	337	2	0	7	0	346
22743	341	1	0	4	0	346
22744	5	1	0	345	0	351
22745	5	0	346	4	0	355
22746	3	6	4	332	0	345
22747	1	346	3	5	0	355
22748	0	3	4	350	0	357
22749	354	2	0	5	0	361
22750	3	0	0	363	0	366
22751	2	0	367	6	0	375
22752	2	379	3	3	0	387
22753	379	4	3	6	0	392
22754	3	4	384	0	0	391
22755	380	3	4	3	0	390
22756	9	0	3	398	0	410
22757	5	0	2	387	0	394
22758	2	406	0	8	0	416
22759	412	4	1	6	0	423
22760	5	3	0	411	0	419
22761	3	3	0	399	0	405
22762	4	0	0	407	0	411
22763	1	0	411	10	0	422
22764	1	0	3	410	0	414
22765	445	0	4	8	0	457
22766	457	2	2	7	0	468
22767	11	0	0	461	0	472
22768	6	0	1	468	0	475
22769	461	0	0	6	0	467
22770	4	1	451	7	0	463
22771	448	0	5	7	0	460
22772	7	2	463	1	0	473
22773	4	1	464	1	0	470
22774	3	0	6	457	0	466
22775	2	0	469	6	0	477
22776	467	0	6	5	0	478
22777	5	1	4	499	0	509
22778	2	1	498	17	0	518
22779	485	0	4	15	0	504
22780	485	0	4	16	0	505
22781	8	0	520	1	0	529
22782	10	2	4	494	0	510
22783	15	524	3	3	0	545
22784	545	4	2	14	0	565
22785	8	3	531	22	0	564
22786	464	3	4	23	0	494
22787	18	513	12	2	0	545
22788	494	2	12	11	0	519
22789	516	3	1	1	0	521
22790	511	0	12	6	0	529
22791	8	0	12	527	0	547
22792	3	522	0	23	0	548
22793	10	3	525	4	0	542
22794	13	520	11	2	0	546
22795	13	2	2	493	0	510
22796	2	499	22	3	0	526
22797	13	515	10	9	0	547
22798	523	3	2	10	0	538
22799	2	3	526	1	0	532
22800	11	2	526	13	0	552
22801	0	12	507	15	0	534
22802	14	536	12	1	0	563
22803	546	2	14	5	0	567
22804	559	2	3	2	0	566
22805	540	14	9	1	0	564
22806	18	538	0	10	0	566
22807	14	11	2	550	0	577
22808	21	2	558	3	0	584
22809	0	2	561	15	0	578
22810	579	13	4	4	0	600
22811	586	11	14	2	0	613
22812	597	12	0	2	0	611
22813	14	1	575	13	0	603
22814	583	13	2	2	0	600
22815	4	12	2	598	0	616
22816	15	9	2	583	0	609
22817	1	0	651	6	0	658
22818	2	635	14	3	0	654
22819	1	2	15	647	0	665
22820	0	25	623	4	0	652
22821	582	9	2	7	0	600
22822	23	1	3	618	0	645
22823	15	1	11	621	0	648
22824	621	12	8	8	0	649
22825	3	0	12	630	0	645
22826	620	9	14	7	0	650
22827	623	0	14	6	0	643
22828	26	1	1	620	0	648
22829	26	0	1	620	0	647
22830	622	9	0	8	0	639
22831	4	0	14	627	0	645
22832	645	1	10	4	0	660
22833	639	0	9	20	0	668
22834	645	0	4	16	0	665
22835	15	0	15	633	0	663
22836	13	13	1	657	0	684
22837	653	0	12	17	0	682
22838	14	642	12	10	0	678
22839	17	636	2	11	0	666
22840	618	2	2	22	0	644
22841	2	2	618	14	0	636
22842	619	9	2	1	0	631
22843	4	0	3	648	0	655
22844	15	0	628	2	0	645
22845	617	1	2	5	0	625
22846	3	1	2	643	0	649
22847	4	1	1	652	0	658
22848	23	0	0	642	0	665
22849	1	2	1	658	0	662
22850	660	0	0	8	0	668
22851	24	622	0	2	0	648
22852	600	0	0	14	0	614
22853	1	1	605	21	0	628
22854	11	1	583	12	0	607
22855	3	621	1	10	0	635
22856	9	3	1	610	0	623
22857	10	12	617	0	0	639
22858	21	536	0	14	0	571
22859	2	0	586	9	0	597
22860	2	1	0	570	0	573
22861	2	0	1	577	0	580
22862	591	0	0	1	0	592
22863	1	0	0	577	0	578
22864	568	0	1	3	0	572
22865	0	1	558	1	0	560
22866	1	537	0	1	0	539
22867	0	0	2	569	0	571
22868	3	2	0	607	0	612
22869	0	0	611	2	0	613
22870	0	1	570	2	0	573
22871	581	0	1	1	0	583
22872	611	0	1	5	0	617
22873	4	0	1	608	0	613
22874	1	0	0	607	0	608
22875	0	602	1	2	0	605
22876	0	0	0	618	0	618
22877	600	1	1	5	0	607
22878	613	0	0	6	0	619
22879	5	621	1	0	0	627
22880	641	4	0	2	0	647
22881	636	2	0	5	0	643
22882	7	0	1	699	0	707
22883	4	688	1	7	0	700
22884	3	6	0	693	0	702
22885	0	3	1	717	0	721
22886	1	0	700	11	0	712
22887	728	0	7	8	0	743
22888	13	1	4	766	0	784
22889	10	0	0	831	0	841
22890	1	937	1	20	0	959
22891	4	15	1	986	0	1006
22892	983	7	0	26	0	1016
22893	1065	4	0	11	0	1080
22894	35	2	1069	5	0	1111
22895	13	1	1113	3	0	1130
22896	7	1	34	1081	0	1123
22897	11	0	12	1158	0	1181
22898	3	1	1147	34	0	1185
22899	2	2	1148	13	0	1165
22900	7	1	41	1096	0	1145
22901	2	1	1154	31	0	1188
22902	6	1	1158	16	0	1181
22903	8	0	43	1134	0	1185
22904	1152	1	21	33	0	1207
22905	1177	2	10	18	0	1207
22906	43	0	9	1155	0	1207
22907	18	2	5	1184	0	1209
22908	1143	1	6	47	0	1197
22909	37	0	7	1127	0	1171
22910	1140	0	6	37	0	1183
22911	1146	0	6	21	0	1173
22912	43	1	6	1133	0	1183
22913	21	2	4	1146	0	1173
22914	1109	2	1	53	0	1165
22915	38	1104	3	22	0	1167
22916	20	1124	3	13	0	1160
22917	9	35	4	1068	0	1116
22918	7	12	1059	36	0	1114
22919	12	6	29	1063	0	1110
22920	1058	4	11	39	0	1112
22921	37	3	5	1066	0	1111
22922	1072	1	3	43	0	1119
22923	34	2	1051	24	0	1111
22924	1066	3	29	16	0	1114
22925	44	6	9	1062	0	1121
22926	21	5	6	1088	0	1120
22927	11	2	1076	44	0	1133
22928	18	0	33	1082	0	1133
22929	8	2	16	1112	0	1138
22930	8	3	7	1136	0	1154
22931	1091	4	4	56	0	1155
22932	35	8	1068	26	0	1137
22933	22	2	1052	27	0	1103
22934	1046	0	39	15	0	1100
22935	1080	2	16	21	0	1119
22936	45	3	1067	15	0	1130
22937	27	2	36	1020	0	1085
22938	13	1059	20	43	0	1135
22939	20	28	11	1086	0	1145
22940	1080	9	11	48	0	1148
22941	1092	4	17	30	0	1143
22942	48	5	16	1079	0	1148
22943	19	1078	14	43	0	1154
22944	19	29	15	1061	0	1124
22945	16	1087	10	44	0	1157
22946	1095	32	15	23	0	1165
22947	1030	14	17	27	0	1088
22948	1079	7	9	24	0	1119
22949	52	1014	12	14	0	1092
22950	30	1061	9	17	0	1117
22951	26	43	10	1049	0	1128
22952	24	13	8	1078	0	1123
22953	20	9	8	1071	0	1108
22954	16	8	5	1075	0	1104
22955	17	9	1010	61	0	1097
22956	997	4	29	33	0	1063
22957	49	7	1037	24	0	1117
22958	1067	8	38	18	0	1131
22959	47	7	1083	23	0	1160
22960	1068	7	41	25	0	1141
22961	50	6	1086	24	0	1166
22962	1095	7	41	18	0	1161
22963	47	6	16	1105	0	1174
22964	1119	6	13	52	0	1190
22965	48	3	12	1139	0	1202
22966	32	3	12	1148	0	1195
22967	22	5	11	1092	0	1130
22968	20	1026	6	59	0	1111
22969	1029	29	10	34	0	1102
22970	1058	10	13	27	0	1108
22971	51	1031	10	25	0	1117
22972	32	34	10	1045	0	1121
22973	24	16	1027	48	0	1115
22974	1027	7	37	30	0	1101
22975	1067	6	22	22	0	1117
22976	1073	4	13	20	0	1110
22977	53	5	9	1016	0	1083
22978	29	991	10	44	0	1074
22979	27	29	10	988	0	1054
22980	987	13	11	43	0	1054
22981	44	7	10	956	0	1017
22982	25	916	6	39	0	986
22983	907	25	10	24	0	966
22984	40	13	893	20	0	966
22985	25	11	909	11	0	956
22986	18	900	29	18	0	965
22987	16	857	10	10	0	893
22988	34	23	798	11	0	866
22989	15	24	718	8	0	765
22990	9	44	35	557	0	645
22991	582	5	6	13	0	606
22992	16	3	595	8	0	622
22993	2	541	4	5	0	552
22994	535	5	7	7	0	554
22995	7	505	0	2	0	514
22996	495	5	6	1	0	507
22997	4	480	1	2	0	487
22998	1	490	0	2	0	493
22999	0	5	1	500	0	506
23000	3	0	0	503	0	506
23001	4	1	466	4	0	475
23002	1	2	4	457	0	464
23003	457	0	0	8	0	465
23004	465	1	1	3	0	470
23005	5	0	1	464	0	470
23006	2	0	470	5	0	477
23007	2	0	462	1	0	465
23008	1	1	4	476	0	482
23009	1	2	476	5	0	484
23010	0	0	3	467	0	470
23011	3	0	1	465	0	469
23012	0	0	521	5	0	526
23013	509	1	6	3	0	519
23014	528	0	3	2	0	533
23015	10	1	531	1	0	543
23016	4	2	531	0	0	537
23017	1	1	11	548	0	561
23018	3	1	4	604	0	612
23019	2	0	2	620	0	624
23020	1	0	3	607	0	611
23021	614	0	0	15	0	629
23022	635	0	1	6	0	642
23023	13	0	1	670	0	684
23024	5	1	1	701	0	708
23025	6	0	760	15	0	781
23026	2	1	15	778	0	796
23027	4	2	6	872	0	884
23028	901	1	2	31	0	935
23029	20	946	3	12	0	981
23030	12	21	1	955	0	989
23031	5	9	0	979	0	993
23032	6	3	2	944	0	955
23033	2	876	1	40	0	919
23034	1	955	0	16	0	972
23035	8	26	2	945	0	981
23036	3	11	1	942	0	957
23037	3	7	1	962	0	973
23038	917	3	1	37	0	958
23039	21	918	0	19	0	958
23040	927	22	3	12	0	964
23041	946	11	1	8	0	966
23042	36	4	1	925	0	966
23043	14	905	2	24	0	945
23044	912	25	0	16	0	953
23045	34	10	0	910	0	954
23046	926	5	3	37	0	971
23047	31	6	2	938	0	977
23048	18	2	930	28	0	978
23049	8	3	933	15	0	959
23050	12	5	28	934	0	979
23051	7	4	10	961	0	982
23052	9	0	5	945	0	959
23053	4	911	4	38	0	957
23054	13	960	2	16	0	991
23055	938	35	2	14	0	989
23056	926	10	7	12	0	955
23057	31	908	3	9	0	951
23058	12	872	1	12	0	897
23059	6	910	4	9	0	929
23060	867	34	1	11	0	913
23061	23	886	1	9	0	919
23062	17	26	1	884	0	928
23063	872	14	2	23	0	911
23064	887	6	2	14	0	909
23065	37	9	1	849	0	896
23066	16	7	836	28	0	887
23067	9	8	851	14	0	882
23068	11	7	26	851	0	895
23069	3	10	863	26	0	902
23070	9	2	25	857	0	893
23071	8	4	10	850	0	872
23072	10	2	838	35	0	885
23073	7	8	846	20	0	881
23074	12	2	34	830	0	878
23075	7	4	15	859	0	885
23076	823	3	10	41	0	877
23077	23	818	10	20	0	871
23078	11	861	5	20	0	897
23079	827	29	6	21	0	883
23080	849	10	6	17	0	882
23081	36	814	7	24	0	881
23082	17	839	5	12	0	873
23083	834	29	5	10	0	878
23084	35	12	3	824	0	874
23085	781	10	5	31	0	827
23086	26	780	5	22	0	833
23087	793	25	5	13	0	836
23088	31	13	769	13	0	826
23089	784	9	21	13	0	827
23090	34	8	790	9	0	841
23091	18	7	23	774	0	822
23092	752	4	12	34	0	802
23093	28	5	726	15	0	774
23094	17	8	22	718	0	765
23095	709	6	15	28	0	758
23096	24	8	706	21	0	759
23097	16	6	20	721	0	763
23098	697	4	14	31	0	746
23099	29	686	6	20	0	741
23100	23	20	6	689	0	738
23101	11	14	5	693	0	723
23102	13	9	1	704	0	727
23103	12	693	6	30	0	741
23104	11	31	5	719	0	766
23105	16	14	2	729	0	761
23106	17	8	4	730	0	759
23107	12	8	1	726	0	747
23108	16	4	681	37	0	738
23109	660	4	21	25	0	710
23110	698	4	16	17	0	735
23111	32	669	6	12	0	719
23112	12	18	4	643	0	677
23113	12	7	2	642	0	663
23114	7	638	4	29	0	678
23115	8	21	2	623	0	654
23116	611	6	5	23	0	645
23117	21	580	3	15	0	619
23118	562	16	6	9	0	593
23119	22	9	1	557	0	589
23120	9	4	548	26	0	587
23121	6	557	14	16	0	593
23122	528	17	22	10	0	577
23123	16	487	4	9	0	516
23124	10	499	2	2	0	513
23125	416	12	0	4	0	432
23126	13	1	407	3	0	424
23127	1	323	2	2	0	328
23128	226	0	35	4	0	265
23129	206	3	0	0	0	209
23130	1	204	0	0	0	205
23131	2	1	0	209	0	212
23132	0	1	211	0	0	212
23133	1	0	0	212	0	213
23134	0	0	1	208	0	209
23135	0	1	0	224	0	225
23136	0	0	226	0	0	226
23137	0	0	0	214	0	214
23138	1	1	218	0	0	220
23139	0	0	217	1	0	218
23140	186	0	1	1	0	188
23141	0	218	0	1	0	219
23142	0	211	0	0	0	211
23143	0	0	0	226	0	226
23144	257	0	0	4	0	261
23145	260	0	0	0	0	260
23146	237	0	0	0	0	237
23147	239	0	0	0	0	239
23148	224	0	0	0	0	224
23149	0	0	224	0	0	224
23150	1	0	0	226	0	227
23151	0	224	0	0	0	224
23152	0	0	0	225	0	225
23153	234	0	0	0	0	234
23154	0	229	0	0	0	229
23155	0	0	0	236	0	236
23156	235	0	0	1	0	236
23157	246	0	0	1	0	247
23158	0	0	0	260	0	260
23159	0	0	0	251	0	251
23160	1	0	0	250	0	251
23161	0	1	247	0	0	248
23162	0	1	245	0	0	246
23163	1	3	0	256	0	260
23164	0	0	1	265	0	266
23165	265	1	0	1	0	267
23166	262	0	0	0	0	262
23167	265	0	0	0	0	265
23168	280	1	0	0	0	281
23169	280	0	0	1	0	281
23170	1	291	1	0	0	293
23171	314	0	1	1	0	316
23172	318	0	0	3	0	321
23173	325	1	0	1	0	327
23174	0	0	1	335	0	336
23175	1	0	331	2	0	334
23176	1	1	2	334	0	338
23177	1	0	377	2	0	380
23178	2	0	0	377	0	379
23179	1	387	0	2	0	390
23180	392	2	0	1	0	395
23181	424	0	0	4	0	428
23182	2	0	0	428	0	430
23183	1	0	1	447	0	449
23184	1	0	1	456	0	458
23185	1	469	0	0	0	470
23186	478	0	0	1	0	479
23187	466	1	1	0	0	468
23188	2	489	0	1	0	492
23189	1	3	0	486	0	490
23190	0	0	0	481	0	481
23191	2	478	0	1	0	481
23192	481	3	0	1	0	485
23193	482	0	0	1	0	483
23194	4	0	0	479	0	483
23195	2	1	487	2	0	492
23196	0	1	452	2	0	455
23197	0	0	3	510	0	513
23198	2	0	0	511	0	513
23199	0	0	2	537	0	539
23200	544	0	1	5	0	550
23201	570	1	0	3	0	574
23202	6	578	0	1	0	585
23203	579	4	0	3	0	586
23204	6	0	571	1	0	578
23205	1	1	551	2	0	555
23206	2	595	5	2	0	604
23207	603	5	1	1	0	610
23208	4	614	2	0	0	620
23209	614	5	0	1	0	620
23210	8	1	620	0	0	629
23211	5	0	610	2	0	617
23212	2	0	4	616	0	622
23213	2	2	661	5	0	670
23214	3	1	5	674	0	683
23215	2	0	3	567	0	572
23216	1	683	1	6	0	691
23217	1	7	2	701	0	711
23218	1	0	1	706	0	708
23219	714	1	1	6	0	722
23220	4	707	0	3	0	714
23221	1	5	0	733	0	739
23222	5	2	722	3	0	732
23223	630	1	3	3	0	637
23224	6	0	709	3	0	718
23225	3	0	6	704	0	713
23226	1	737	1	7	0	746
23227	0	7	3	726	0	736
23228	735	3	0	9	0	747
23229	734	1	0	6	0	741
23230	8	757	0	1	0	766
23231	785	6	0	5	0	796
23232	780	2	1	6	0	789
23233	806	2	2	8	0	818
23234	835	0	2	3	0	840
23235	776	1	2	6	0	785
23236	9	3	811	12	0	835
23237	5	1	6	820	0	832
23238	7	1	3	797	0	808
23239	3	1	3	825	0	832
23240	1	824	2	14	0	841
23241	2	5	3	834	0	844
23242	1	4	825	9	0	839
23243	3	802	7	6	0	818
23244	3	805	1	3	0	812
23245	2	9	1	817	0	829
23246	7	4	2	806	0	819
23247	2	2	3	808	0	815
23248	3	779	1	12	0	795
23249	4	807	0	3	0	814
23250	809	12	1	4	0	826
23251	810	3	2	4	0	819
23252	12	826	4	2	0	844
23253	852	8	3	4	0	867
23254	884	2	1	8	0	895
23255	11	4	2	890	0	907
23256	6	3	3	943	0	955
23257	7	1	2	932	0	942
23258	5	3	914	11	0	933
23259	5	5	869	5	0	884
23260	3	968	12	4	0	987
23261	980	8	7	8	0	1003
23262	12	8	1009	2	0	1031
23263	962	4	9	12	0	987
23264	13	1	1066	4	0	1084
23265	1037	1	14	3	0	1055
23266	13	1100	6	5	0	1124
23267	1100	11	5	9	0	1125
23268	15	4	3	1088	0	1110
23269	8	4	2	1108	0	1122
23270	5	3	1123	15	0	1146
23271	3	1137	10	10	0	1160
23272	6	15	5	1149	0	1175
23273	3	8	1143	12	0	1166
23274	1036	3	8	13	0	1060
23275	13	1124	6	5	0	1148
23276	1125	10	8	5	0	1148
23277	12	1099	2	7	0	1120
23278	5	10	5	1091	0	1111
23279	1083	3	4	14	0	1104
23280	12	1092	2	4	0	1110
23281	6	10	1	1077	0	1094
23282	5	4	1064	11	0	1084
23283	976	5	14	10	0	1005
23284	13	4	3	1051	0	1071
23285	10	3	1026	11	0	1050
23286	6	1027	9	6	0	1048
23287	8	10	3	1044	0	1065
23288	6	4	1027	9	0	1046
23289	9	5	11	979	0	1004
23290	4	1040	4	12	0	1060
23291	6	1064	5	6	0	1081
23292	4	12	1045	5	0	1066
23293	8	4	9	1048	0	1069
23294	2	4	1071	11	0	1088
23295	1040	2	11	9	0	1062
23296	12	4	3	1039	0	1058
23297	5	1010	3	9	0	1027
23298	2	1021	6	10	0	1039
23299	986	10	4	4	0	1004
23300	8	1053	2	1	0	1064
23301	1015	9	3	4	0	1031
23302	12	3	994	3	0	1012
23303	968	4	9	9	0	990
23304	10	1017	4	1	0	1032
23305	1024	8	0	4	0	1036
23306	9	998	2	0	0	1009
23307	8	9	6	989	0	1012
23308	2	4	2	1014	0	1022
23309	2	0	987	12	0	1001
23310	892	2	11	7	0	912
23311	11	4	992	1	0	1008
23312	993	3	10	4	0	1010
23313	15	2	6	970	0	993
23314	9	3	0	956	0	968
23315	2	973	2	12	0	989
23316	9	11	3	995	0	1018
23317	3	6	2	1012	0	1023
23318	3	0	1002	18	0	1023
23319	905	3	10	13	0	931
23320	14	973	5	5	0	997
23321	968	14	4	11	0	997
23322	14	5	5	969	0	993
23323	12	2	3	975	0	992
23324	957	4	2	21	0	984
23325	13	967	5	8	0	993
23326	942	17	2	4	0	965
23327	17	931	3	7	0	958
23328	8	945	4	3	0	960
23329	935	19	2	8	0	964
23330	14	11	3	922	0	950
23331	9	5	963	17	0	994
23332	7	3	15	966	0	991
23333	8	2	9	959	0	978
23334	4	971	6	20	0	1001
23335	7	14	2	993	0	1016
23336	3	10	3	1001	0	1017
23337	7	4	3	1013	0	1027
23338	5	3	3	1023	0	1034
23339	4	4	991	22	0	1021
23340	3	6	1026	11	0	1046
23341	5	2	23	1059	0	1089
23342	2	5	1057	22	0	1086
23343	4	6	1027	11	0	1048
23344	6	5	22	1067	0	1100
23345	3	3	1119	21	0	1146
23346	4	5	22	1058	0	1089
23347	5	1098	12	28	0	1143
23348	1171	17	8	17	0	1213
23349	20	13	1317	7	0	1357
23350	14	6	21	1309	0	1350
23351	6	5	1350	22	0	1383
23352	10	3	26	1466	0	1505
23353	6	3	15	1522	0	1546
23354	1498	1	9	50	0	1558
23355	31	6	7	1533	0	1577
23356	1443	5	6	42	0	1496
23357	1498	3	9	19	0	1529
23358	40	1491	3	19	0	1553
23359	1482	28	9	10	0	1529
23360	35	1425	6	13	0	1479
23361	17	1471	5	7	0	1500
23362	1412	40	4	14	0	1470
23363	34	18	1425	9	0	1486
23364	15	12	1394	5	0	1426
23365	1342	16	39	13	0	1410
23366	1376	6	18	10	0	1410
23367	39	1379	14	5	0	1437
23368	1412	32	7	12	0	1463
23369	1420	12	4	14	0	1450
23370	1378	11	2	11	0	1402
23371	44	5	6	1358	0	1413
23372	1350	4	9	34	0	1397
23373	43	1386	7	17	0	1453
23374	18	31	8	1405	0	1462
23375	18	12	6	1414	0	1450
23376	12	1395	3	39	0	1449
23377	15	35	6	1420	0	1476
23378	1396	12	6	43	0	1457
23379	1424	9	4	23	0	1460
23380	47	1353	11	15	0	1426
23381	22	1412	6	12	0	1452
23382	1400	35	3	16	0	1454
23383	40	20	1373	10	0	1443
23384	18	16	1355	10	0	1399
23385	19	11	35	1342	0	1407
23386	29	4	15	1375	0	1423
23387	12	5	1362	46	0	1425
23388	17	1301	30	22	0	1370
23389	17	36	12	1259	0	1324
23390	13	20	1356	36	0	1425
23391	18	11	38	1342	0	1409
23392	15	12	17	1343	0	1387
23393	13	1402	14	45	0	1474
23394	18	30	10	1382	0	1440
23395	19	12	9	1414	0	1454
23396	9	18	11	1416	0	1454
23397	1394	12	5	56	0	1467
23398	42	8	11	1374	0	1435
23399	22	1373	7	44	0	1446
23400	1344	25	11	26	0	1406
23401	42	13	1321	18	0	1394
23402	26	12	1315	16	0	1369
23403	1338	9	35	23	0	1405
23404	42	6	20	1330	0	1398
23405	25	13	1384	32	0	1454
23406	20	3	34	1381	0	1438
23407	14	9	16	1406	0	1445
23408	1388	11	9	46	0	1454
23409	1376	14	5	36	0	1431
23410	44	1386	12	24	0	1466
23411	34	31	10	1353	0	1428
23412	25	18	1342	37	0	1422
23413	17	1382	35	22	0	1456
23414	1363	36	17	28	0	1444
23415	34	1441	17	22	0	1514
23416	1446	40	14	14	0	1514
23417	46	16	1416	17	0	1495
23418	1419	15	31	24	0	1489
23419	1471	10	17	13	0	1511
23420	49	13	1475	17	0	1554
23421	29	10	28	1432	0	1499
23422	21	1421	15	35	0	1492
23423	15	1526	14	17	0	1572
23424	16	1563	12	19	0	1610
23425	15	41	12	1516	0	1584
23426	15	24	1542	33	0	1614
23427	19	18	26	1522	0	1585
23428	20	13	17	1563	0	1613
23429	20	9	1541	39	0	1609
23430	20	1538	32	24	0	1614
23431	19	29	12	1473	0	1533
23432	1498	14	9	38	0	1559
23433	37	16	12	1472	0	1537
23434	22	11	12	1453	0	1498
23435	19	1460	5	40	0	1524
23436	1474	28	7	36	0	1545
23437	34	13	10	1549	0	1606
23438	20	22	1529	35	0	1606
23439	17	1545	21	20	0	1603
23440	1494	24	16	18	0	1552
23441	30	11	1496	17	0	1554
23442	1455	16	23	13	0	1507
23443	53	11	8	1455	0	1527
23444	17	1457	11	22	0	1507
23445	1436	22	11	23	0	1492
23446	1464	15	6	16	0	1501
23447	29	1477	9	13	0	1528
23448	29	22	10	1403	0	1464
23449	15	8	5	1317	0	1345
23450	1270	9	6	23	0	1308
23451	17	1265	7	13	0	1302
23452	10	9	8	1115	0	1142
23453	6	1067	3	10	0	1086
23454	6	1066	0	7	0	1079
23455	2	16	12	1033	0	1063
23456	1034	5	3	8	0	1050
23457	5	1017	2	6	0	1030
23458	7	5	1	1011	0	1024
23459	6	3	1	1023	0	1033
23460	5	2	1008	4	0	1019
23461	3	4	962	8	0	977
23462	2	1021	5	4	0	1032
23463	3	7	1000	1	0	1011
23464	3	10	6	969	0	988
23465	1	1	1010	9	0	1021
23466	5	4	6	1028	0	1043
23467	5	2	8	1042	0	1057
23468	2	1	4	1046	0	1053
23469	1016	2	1	13	0	1032
23470	9	2	2	1008	0	1021
23471	5	3	1	1001	0	1010
23472	4	996	1	13	0	1014
23473	2	5	0	989	0	996
23474	969	7	1	13	0	990
23475	4	1006	1	7	0	1018
23476	1019	5	1	7	0	1032
23477	9	5	1007	5	0	1026
23478	6	3	1001	4	0	1014
23479	5	4	10	1034	0	1053
23480	4	1	8	1055	0	1068
23481	1	1060	4	12	0	1077
23482	7	9	1	948	0	965
23483	1049	4	1	21	0	1075
23484	1050	4	3	9	0	1066
23485	11	3	4	1082	0	1100
23486	8	2	1195	10	0	1215
23487	5	1	8	1212	0	1226
23488	7	2	5	1278	0	1292
23489	2	2	1	1301	0	1306
23490	5	1	2	1273	0	1281
23491	5	1	2	1253	0	1261
23492	2	1247	3	17	0	1269
23493	1204	11	1	14	0	1230
23494	1214	4	3	13	0	1234
23495	1222	3	1	14	0	1240
23496	18	1251	1	1	0	1271
23497	1239	13	1	9	0	1262
23498	11	1256	1	7	0	1275
23499	3	12	1235	4	0	1254
23500	7	5	11	1198	0	1221
23501	4	4	1227	13	0	1248
23502	4	1227	12	8	0	1251
23503	1188	14	3	7	0	1212
23504	12	5	1274	5	0	1296
23505	7	4	1330	5	0	1346
23506	6	1392	22	4	0	1424
23507	6	19	11	1436	0	1472
23508	4	16	1595	20	0	1635
23509	8	6	21	1502	0	1537
23510	9	3	14	1722	0	1748
23511	7	2	7	1846	0	1862
23512	1918	5	5	59	0	1987
23513	1923	2	5	37	0	1967
23514	55	2	2	1905	0	1964
23515	1893	2	6	42	0	1943
23516	41	4	1813	23	0	1881
23517	24	1	1826	13	0	1864
23518	14	2	1863	10	0	1889
23519	9	1	1854	10	0	1874
23520	12	1834	51	10	0	1907
23521	31	37	26	1788	0	1882
23522	11	14	1834	36	0	1895
23523	1685	6	50	26	0	1767
23524	1806	3	28	19	0	1856
23525	55	1794	19	9	0	1877
23526	1812	39	13	13	0	1877
23527	44	21	12	1807	0	1884
23528	24	8	1885	41	0	1958
23529	24	6	45	1776	0	1851
23530	15	1864	26	36	0	1941
23531	1791	42	17	26	0	1876
23532	1866	17	13	20	0	1916
23533	57	1872	10	14	0	1953
23534	1890	42	11	19	0	1962
23535	1911	20	11	20	0	1962
23536	60	1879	15	12	0	1966
23537	38	42	9	1776	0	1865
23538	22	1823	6	42	0	1893
23539	1819	51	10	20	0	1900
23540	56	20	11	1819	0	1906
23541	1821	13	8	49	0	1891
23542	57	11	3	1807	0	1878
23543	28	15	1774	49	0	1866
23544	1746	13	38	26	0	1823
23545	56	10	1801	16	0	1883
23546	38	9	43	1754	0	1844
23547	21	11	1758	50	0	1840
23548	20	9	46	1750	0	1825
23549	16	9	1762	54	0	1841
23550	1678	6	50	29	0	1763
23551	48	1754	27	17	0	1846
23552	1757	44	18	17	0	1836
23553	55	16	14	1755	0	1840
23554	1745	7	17	56	0	1825
23555	52	1745	16	23	0	1836
23556	23	1740	12	19	0	1794
23557	23	1838	12	16	0	1889
23558	1828	54	15	18	0	1915
23559	60	20	8	1827	0	1915
23560	32	16	8	1855	0	1911
23561	21	18	1798	58	0	1895
23562	16	17	1775	27	0	1835
23563	21	10	54	1808	0	1893
23564	18	15	1850	55	0	1938
23565	15	1812	46	28	0	1901
23566	1802	47	19	27	0	1895
23567	54	23	1820	11	0	1908
23568	25	14	1811	20	0	1870
23569	23	12	64	1810	0	1909
23570	1834	11	29	58	0	1932
23571	53	10	21	1847	0	1931
23572	1834	10	20	61	0	1925
23573	66	7	22	1829	0	1924
23574	26	9	1876	54	0	1965
23575	20	1798	59	30	0	1907
23576	24	40	1853	17	0	1934
23577	19	1853	50	22	0	1944
23578	22	49	34	1855	0	1960
23579	1826	22	20	62	0	1930
23580	52	16	1845	24	0	1937
23581	36	10	51	1822	0	1919
23582	25	12	31	1873	0	1941
23583	1862	17	17	65	0	1961
23584	56	11	12	1823	0	1902
23585	31	1843	16	53	0	1943
23586	1743	47	19	24	0	1833
23587	47	26	1720	27	0	1820
23588	1618	18	41	30	0	1707
23589	55	1677	19	19	0	1770
23590	36	42	10	1606	0	1694
23591	23	1712	8	43	0	1786
23592	1697	48	10	25	0	1780
23593	58	18	1700	19	0	1795
23594	1668	24	41	13	0	1746
23595	51	1701	22	20	0	1794
23596	27	46	12	1721	0	1806
23597	1727	27	12	44	0	1810
23598	1747	15	12	31	0	1805
23599	67	13	11	1735	0	1826
23600	33	12	11	1751	0	1807
23601	25	1767	14	51	0	1857
23602	24	57	8	1757	0	1846
23603	23	1968	13	51	0	2055
23604	17	2025	13	30	0	2085
23605	23	65	10	1802	0	1900
23606	13	1858	10	53	0	1934
23607	22	56	1850	26	0	1954
23608	21	21	1829	16	0	1887
23609	8	1862	50	22	0	1942
23610	20	48	1819	11	0	1898
23611	8	18	1786	9	0	1821
23612	6	11	1670	8	0	1695
23613	4	1624	55	7	0	1690
23614	1622	33	28	6	0	1689
23615	29	1619	17	4	0	1669
23616	20	40	1640	1	0	1701
23617	24	23	31	1594	0	1672
23618	1584	11	18	37	0	1650
23619	35	6	1588	18	0	1647
23620	20	6	37	1573	0	1636
23621	12	5	1631	35	0	1683
23622	9	9	37	1582	0	1637
23623	1578	1	29	36	0	1644
23624	31	5	1607	23	0	1666
23625	24	1592	36	12	0	1664
23626	21	32	24	1537	0	1614
23627	1611	19	14	36	0	1680
23628	31	12	1575	16	0	1634
23629	27	7	33	1451	0	1518
23630	16	1556	19	30	0	1621
23631	1597	31	12	18	0	1658
23632	1656	22	10	24	0	1712
23633	57	11	8	1595	0	1671
23634	38	1649	5	29	0	1721
23635	14	1727	8	22	0	1771
23636	1802	54	7	15	0	1878
23637	52	33	9	1726	0	1820
23638	27	1801	7	42	0	1877
23639	1801	47	5	24	0	1877
23640	53	24	7	1806	0	1890
23641	32	17	5	1834	0	1888
23642	16	9	1724	68	0	1817
23643	9	1781	40	32	0	1862
23644	9	1906	26	20	0	1961
23645	13	61	18	1879	0	1971
23646	1865	36	5	54	0	1960
23647	45	1889	5	24	0	1963
23648	1897	44	4	20	0	1965
23649	47	1909	6	12	0	1974
23650	34	57	5	1878	0	1974
23651	1896	36	4	44	0	1980
23652	49	20	4	1902	0	1975
23653	30	12	1883	56	0	1981
23654	21	12	44	1829	0	1906
23655	14	1860	24	61	0	1959
23656	1841	49	15	32	0	1937
23657	46	1857	9	19	0	1931
23658	33	57	7	1796	0	1893
23659	20	36	4	1854	0	1914
23660	18	20	1806	61	0	1905
23661	7	13	1817	42	0	1879
23662	10	19	67	1785	0	1881
23663	12	8	1776	52	0	1848
23664	6	1759	55	28	0	1848
23665	1720	45	29	20	0	1814
23666	42	35	1748	17	0	1842
23667	1743	15	45	19	0	1822
23668	1801	13	33	13	0	1860
23669	1797	11	23	11	0	1842
23670	1818	8	16	16	0	1858
23671	81	14	7	1751	0	1853
23672	56	9	14	1708	0	1787
23673	23	1718	6	66	0	1813
23674	1712	43	10	45	0	1810
23675	50	37	1694	22	0	1803
23676	39	22	47	1662	0	1770
23677	27	13	34	1697	0	1771
23678	15	14	1649	75	0	1753
23679	12	1651	58	41	0	1762
23680	20	46	34	1589	0	1689
23681	16	36	19	1704	0	1775
23682	1642	16	16	73	0	1747
23683	53	1652	8	48	0	1761
23684	35	47	13	1621	0	1716
23685	24	1636	10	58	0	1728
23686	21	51	8	1663	0	1743
23687	1620	32	17	58	0	1727
23688	1652	27	7	48	0	1734
23689	81	12	8	1633	0	1734
23690	1633	15	11	67	0	1726
23691	1643	8	5	42	0	1698
23692	77	1598	9	25	0	1709
23693	53	51	5	1539	0	1648
23694	28	1594	10	41	0	1673
23695	26	58	6	1595	0	1685
23696	1585	38	8	57	0	1688
23697	53	23	7	1591	0	1674
23698	44	15	3	1630	0	1692
23699	28	14	1538	75	0	1655
23700	26	1455	36	41	0	1558
23701	15	1529	27	26	0	1597
23702	1481	61	12	26	0	1580
23703	38	49	4	1213	0	1304
23704	1174	18	10	34	0	1236
23705	41	1138	6	30	0	1215
23706	27	1069	7	20	0	1123
23707	18	1139	3	22	0	1182
23708	968	31	16	10	0	1025
23709	26	970	11	6	0	1013
23710	940	22	13	10	0	985
23711	909	11	3	12	0	935
23712	944	7	3	16	0	970
23713	39	6	2	1001	0	1048
23714	15	7	2	1019	0	1043
23715	6	3	4	1036	0	1049
23716	9	4	2	1014	0	1029
23717	1005	3	3	41	0	1052
23718	25	996	5	13	0	1039
23719	15	23	2	1018	0	1058
23720	1022	10	2	28	0	1062
23721	31	3	0	1005	0	1039
23722	18	4	0	1008	0	1030
23723	989	3	1	36	0	1029
23724	24	4	960	18	0	1006
23725	11	3	24	979	0	1017
23726	8	4	1004	28	0	1044
23727	9	4	23	985	0	1021
23728	12	4	9	1001	0	1026
23729	985	2	2	41	0	1030
23730	26	963	2	15	0	1006
23731	11	939	3	7	0	960
23732	886	19	3	4	0	912
23733	21	898	5	8	0	932
23734	877	12	0	7	0	896
23735	14	3	865	3	0	885
23736	757	1	7	4	0	769
23737	777	1	1	5	0	784
23738	779	0	0	4	0	783
23739	9	1	0	780	0	790
23740	4	0	0	773	0	777
23741	0	769	2	9	0	780
23742	3	7	0	762	0	772
23743	750	1	0	8	0	759
23744	9	720	1	3	0	733
23745	2	721	1	1	0	725
23746	719	9	0	6	0	734
23747	9	2	722	1	0	734
23748	5	0	7	713	0	725
23749	1	1	719	9	0	730
23750	1	1	7	707	0	716
23751	1	724	1	6	0	732
23752	2	6	0	731	0	739
23753	715	0	2	8	0	725
23754	8	0	1	714	0	723
23755	2	0	730	9	0	741
23756	649	1	6	6	0	662
23757	9	751	2	1	0	763
23758	2	787	0	1	0	790
23759	824	8	0	4	0	836
23760	864	2	1	7	0	874
23761	12	1	851	1	0	865
23762	833	1	9	4	0	847
23763	11	864	4	1	0	880
23764	869	10	0	5	0	884
23765	11	6	0	848	0	865
23766	7	819	0	9	0	835
23767	813	9	8	6	0	836
23768	12	3	829	3	0	847
23769	7	2	11	823	0	843
23770	867	0	2	13	0	882
23771	11	3	861	5	0	880
23772	850	2	10	8	0	870
23773	14	2	2	856	0	874
23774	5	3	2	874	0	884
23775	3	2	890	13	0	908
23776	5	2	10	875	0	892
23777	883	2	4	17	0	906
23778	12	868	3	4	0	887
23779	875	11	2	9	0	897
23780	885	4	0	8	0	897
23781	18	0	4	873	0	895
23782	3	1	885	15	0	904
23783	4	2	12	865	0	883
23784	868	4	2	12	0	886
23785	15	872	1	5	0	893
23786	887	11	1	9	0	908
23787	16	4	1	880	0	901
23788	9	3	2	895	0	909
23789	5	2	3	886	0	896
23790	4	5	870	14	0	893
23791	5	5	10	868	0	888
23792	8	5	860	11	0	884
23793	5	5	858	7	0	875
23794	10	2	13	1053	0	1078
23795	4	2	1066	23	0	1095
23796	1113	2	21	9	0	1145
23797	24	3	4	1153	0	1184
23798	14	3	8	1140	0	1165
23799	10	1174	4	31	0	1219
23800	1196	21	5	21	0	1243
23801	1242	11	2	16	0	1271
23802	36	1252	5	6	0	1299
23803	19	21	3	1258	0	1301
23804	12	10	1265	23	0	1310
23805	1213	9	23	17	0	1262
23806	1289	4	10	12	0	1315
23807	36	4	10	1219	0	1269
23808	19	3	1195	25	0	1242
23809	10	1161	24	15	0	1210
23810	1142	20	11	13	0	1186
23811	26	11	1155	3	0	1195
23812	16	1118	19	7	0	1160
23813	1058	14	13	5	0	1090
23814	1068	13	7	5	0	1093
23815	32	8	0	1051	0	1091
23816	18	1042	8	18	0	1086
23817	13	15	4	1102	0	1134
23818	13	10	2	1098	0	1123
23819	8	5	5	1082	0	1100
23820	5	0	4	1121	0	1130
23821	7	7	1088	28	0	1130
23822	11	1	15	1094	0	1121
23823	9	2	10	1104	0	1125
23824	3	5	1089	26	0	1123
23825	7	1083	18	19	0	1127
23826	1049	13	16	11	0	1089
23827	1056	13	7	7	0	1083
23828	28	9	1	1058	0	1096
23829	1077	2	4	21	0	1104
23830	28	4	4	1098	0	1134
23831	19	2	1107	28	0	1156
23832	10	4	1085	22	0	1121
23833	4	1083	32	20	0	1139
23834	1064	22	17	9	0	1112
23835	25	15	1173	9	0	1222
23836	25	8	25	1128	0	1186
23837	16	6	18	1191	0	1231
23838	7	7	9	1241	0	1264
23839	12	4	5	1235	0	1256
23840	22	1	8	1234	0	1265
23841	16	8	1212	45	0	1281
23842	11	3	22	1232	0	1268
23843	1208	3	20	51	0	1282
23844	21	1200	17	26	0	1264
23845	1209	28	3	23	0	1263
23846	38	1197	15	8	0	1258
23847	1207	33	5	14	0	1259
23848	1231	18	5	13	0	1267
23849	53	13	6	1192	0	1264
23850	38	5	5	1232	0	1280
23851	1198	12	5	44	0	1259
23852	1183	6	4	38	0	1231
23853	1204	5	6	24	0	1239
23854	50	1146	6	16	0	1218
23855	29	1159	6	29	0	1223
23856	20	37	1174	12	0	1243
23857	13	26	27	1133	0	1199
23858	13	12	1124	38	0	1187
23859	9	1062	33	26	0	1130
23860	13	36	18	1023	0	1090
23861	19	16	14	1033	0	1082
23862	14	12	5	1064	0	1095
23863	1030	3	5	59	0	1097
23864	1026	8	10	35	0	1079
23865	42	1037	6	28	0	1113
23866	29	23	8	1054	0	1114
23867	14	21	1043	41	0	1119
23868	16	10	998	28	0	1052
23869	1005	8	40	20	0	1073
23870	1019	6	26	13	0	1064
23871	44	6	13	1006	0	1069
23872	1021	6	10	35	0	1072
23873	36	8	1011	28	0	1083
23874	27	991	26	19	0	1063
23875	23	27	20	984	0	1054
23876	12	14	1007	37	0	1070
23877	17	10	25	1039	0	1091
23878	12	6	15	1057	0	1090
23879	9	11	1047	52	0	1119
23880	1023	6	27	45	0	1101
23881	1063	7	24	22	0	1116
23882	46	1087	13	17	0	1163
23883	1113	32	9	18	0	1172
23884	1128	16	9	17	0	1170
23885	54	13	1077	11	0	1155
23886	1100	10	26	15	0	1151
23887	53	1151	11	13	0	1228
23888	1169	37	6	18	0	1230
23889	1200	17	6	21	0	1244
23890	1230	10	8	17	0	1265
23891	1183	8	11	17	0	1219
23892	1227	9	5	13	0	1254
23893	65	1190	7	8	0	1270
23894	1008	29	4	12	0	1053
23895	39	984	5	8	0	1036
23896	18	868	6	13	0	905
23897	10	934	4	11	0	959
23898	912	26	9	9	0	956
23899	910	16	8	10	0	944
23900	33	8	894	15	0	950
23901	937	11	19	9	0	976
23902	945	7	11	15	0	978
23903	49	4	977	6	0	1036
23904	25	4	26	967	0	1022
23905	16	6	16	923	0	961
23906	14	6	7	1009	0	1036
23907	14	7	10	1005	0	1036
23908	13	5	5	1019	0	1042
23909	12	8	975	44	0	1039
23910	12	965	25	19	0	1021
23911	970	25	13	15	0	1023
23912	38	969	3	12	0	1022
23913	974	26	8	11	0	1019
23914	977	14	8	8	0	1007
23915	50	8	943	4	0	1005
23916	25	10	23	891	0	949
23917	16	919	15	24	0	974
23918	946	26	9	17	0	998
23919	930	12	8	12	0	962
23920	951	5	6	13	0	975
23921	40	974	5	6	0	1025
23922	987	29	3	10	0	1029
23923	1011	17	4	4	0	1036
23924	1016	11	3	5	0	1035
23925	50	7	3	980	0	1040
23926	24	5	4	1006	0	1039
23927	18	4	6	1017	0	1045
23928	979	6	1	43	0	1029
23929	32	993	5	19	0	1049
23930	977	21	3	12	0	1013
23931	960	11	3	6	0	980
23932	933	8	1	6	0	948
23933	934	7	1	6	0	948
23934	47	898	0	5	0	950
23935	797	20	2	4	0	823
23936	28	776	4	3	0	811
23937	17	772	2	4	0	795
23938	778	25	1	11	0	815
23939	23	772	7	6	0	808
23940	10	787	0	6	0	803
23941	779	26	6	7	0	818
23942	786	9	0	6	0	801
23943	29	4	0	763	0	796
23944	18	6	2	778	0	804
23945	817	3	4	23	0	847
23946	847	4	1	10	0	862
23947	822	5	1	11	0	839
23948	21	5	812	5	0	843
23949	873	4	13	7	0	897
23950	29	5	4	878	0	916
23951	18	5	4	883	0	910
23952	9	5	6	902	0	922
23953	16	6	0	905	0	927
23954	10	5	868	25	0	908
23955	6	4	881	13	0	904
23956	10	4	18	885	0	917
23957	7	4	872	26	0	909
23958	11	0	876	11	0	898
23959	11	2	26	864	0	903
23960	13	1	11	897	0	922
23961	11	3	8	936	0	958
23962	9	7	6	893	0	915
23963	916	0	0	33	0	949
23964	945	7	2	18	0	972
23965	33	2	1	920	0	956
23966	15	5	3	912	0	935
23967	12	2	7	923	0	944
23968	14	2	7	918	0	941
23969	10	7	4	919	0	940
23970	9	884	6	31	0	930
23971	892	20	5	18	0	935
23972	22	885	2	18	0	927
23973	895	19	2	11	0	927
23974	909	12	4	12	0	937
23975	919	4	0	11	0	934
23976	38	7	1	875	0	921
23977	883	2	3	24	0	912
23978	29	2	1	884	0	916
23979	15	4	2	875	0	896
23980	861	6	2	34	0	903
23981	24	865	1	14	0	904
23982	11	848	2	9	0	870
23983	846	21	1	10	0	878
23984	23	12	851	3	0	889
23985	811	6	13	8	0	838
23986	30	5	5	832	0	872
23987	18	791	2	14	0	825
23988	7	823	2	11	0	843
23989	811	20	4	8	0	843
23990	14	5	0	857	0	876
23991	8	863	0	12	0	883
23992	849	11	0	15	0	875
23993	854	7	0	6	0	867
23994	856	4	0	7	0	867
23995	862	1	0	9	0	872
23996	18	840	2	5	0	865
23997	9	835	0	1	0	845
23998	851	13	4	5	0	873
23999	870	7	0	5	0	882
24000	18	1	831	0	0	850
24001	6	820	9	2	0	837
24002	811	8	3	4	0	826
24003	838	4	2	3	0	847
24004	14	2	858	0	0	874
24005	856	1	7	5	0	869
24006	11	0	894	1	0	906
24007	6	0	962	1	0	969
24008	2	2	13	899	0	916
24009	1	911	9	10	0	931
24010	994	11	2	7	0	1014
24011	18	5	2	984	0	1009
24012	7	2	2	996	0	1007
24013	4	2	1	1016	0	1023
24014	995	3	1	22	0	1021
24015	16	2	2	1001	0	1021
24016	10	0	0	1030	0	1040
24017	2	1	1019	22	0	1044
24018	979	2	15	17	0	1013
24019	1027	1	5	7	0	1040
24020	23	3	1033	3	0	1062
24021	972	0	17	9	0	998
24022	21	2	6	975	0	1004
24023	10	1011	5	19	0	1045
24024	9	18	3	1026	0	1056
24025	1014	5	3	19	0	1041
24026	20	1024	3	8	0	1055
24027	18	14	1	1050	0	1083
24028	11	9	4	1101	0	1125
24029	9	4	2	1102	0	1117
24030	9	1	2	1062	0	1074
24031	6	1125	3	26	0	1160
24032	1131	21	0	14	0	1166
24033	1144	4	3	11	0	1162
24034	26	1157	4	6	0	1193
24035	1233	19	1	15	0	1268
24036	1256	11	1	6	0	1274
24037	1254	6	4	5	0	1269
24038	47	2	1208	7	0	1264
24039	30	4	26	1190	0	1250
24040	15	6	1165	26	0	1212
24041	1187	0	28	19	0	1234
24042	39	1195	12	12	0	1258
24043	1198	27	11	12	0	1248
24044	39	1227	13	7	0	1286
24045	26	35	3	1154	0	1218
24046	18	16	7	1173	0	1214
24047	18	9	1155	41	0	1223
24048	12	1187	26	21	0	1246
24049	1130	29	14	16	0	1189
24050	32	19	1124	14	0	1189
24051	1117	12	36	15	0	1180
24052	43	5	15	1125	0	1188
24053	21	8	1132	28	0	1189
24054	20	1117	33	18	0	1188
24055	24	30	16	1101	0	1171
24056	13	15	1140	37	0	1205
24057	13	16	1134	21	0	1184
24058	14	1118	41	25	0	1198
24059	18	28	36	1104	0	1186
24060	19	20	20	1061	0	1120
24061	9	1089	12	44	0	1154
24062	1106	29	15	26	0	1176
24063	38	16	12	1077	0	1143
24064	30	1077	7	32	0	1146
24065	1094	36	8	19	0	1157
24066	1101	17	8	25	0	1151
24067	1117	20	9	14	0	1160
24068	57	1108	4	19	0	1188
24069	1137	29	14	19	0	1199
24070	1163	24	8	15	0	1210
24071	61	27	8	1107	0	1203
24072	1151	9	7	46	0	1213
24073	53	14	10	1132	0	1209
24074	33	11	1072	49	0	1165
24075	28	16	1105	35	0	1184
24076	32	7	43	1118	0	1200
24077	15	15	1125	49	0	1204
24078	1100	5	42	32	0	1179
24079	38	9	32	1142	0	1221
24080	39	5	20	1141	0	1205
24081	23	10	1105	48	0	1186
24082	23	1032	37	39	0	1131
24083	18	1111	26	27	0	1182
24084	21	41	18	1098	0	1178
24085	18	32	13	1122	0	1185
24086	11	16	1080	65	0	1172
24087	16	20	1120	31	0	1187
24088	13	12	48	1123	0	1196
24089	20	12	1099	42	0	1173
24090	1015	18	41	38	0	1112
24091	42	8	24	1065	0	1139
24092	1052	11	20	49	0	1132
24093	47	20	15	1065	0	1147
24094	34	7	11	1098	0	1150
24095	28	12	1052	58	0	1150
24096	27	1055	30	36	0	1148
24097	21	29	24	1046	0	1120
24098	24	16	1027	43	0	1110
24099	21	983	37	25	0	1066
24100	18	36	28	995	0	1077
24101	1015	12	18	44	0	1089
24102	32	17	1015	27	0	1091
24103	925	10	29	27	0	991
24104	35	4	938	18	0	995
24105	852	10	32	14	0	908
24106	30	864	23	19	0	936
24107	23	828	12	11	0	874
24108	15	28	17	770	0	830
24109	19	774	9	25	0	827
24110	746	25	14	56	0	841
24111	25	16	7	795	0	843
24112	14	18	7	810	0	849
24113	13	14	5	826	0	858
24114	9	6	784	48	0	847
24115	7	8	25	799	0	839
24116	12	5	789	34	0	840
24117	3	758	28	33	0	822
24118	721	21	20	22	0	784
24119	24	747	12	18	0	801
24120	762	25	14	14	0	815
24121	779	14	5	14	0	812
24122	781	9	10	15	0	815
24123	729	10	3	10	0	752
24124	42	1	695	8	0	746
24125	27	10	18	661	0	716
24126	22	4	15	643	0	684
24127	18	4	16	668	0	706
24128	576	7	10	31	0	624
24129	590	6	5	35	0	636
24130	26	607	10	17	0	660
24131	17	15	575	11	0	618
24132	20	12	565	12	0	609
24133	12	554	25	8	0	599
24134	9	566	15	8	0	598
24135	10	13	6	481	0	510
24136	6	5	8	446	0	465
24137	465	3	3	12	0	483
24138	7	463	1	9	0	480
24139	8	10	3	468	0	489
24140	4	6	480	7	0	497
24141	3	6	6	497	0	512
24142	4	1	4	504	0	513
24143	1	0	5	505	0	511
24144	2	1	1	494	0	498
24145	1	1	476	15	0	493
24146	2	466	10	8	0	486
24147	2	484	3	6	0	495
24148	461	12	5	4	0	482
24149	8	461	1	6	0	476
24150	6	480	1	3	0	490
24151	9	8	1	476	0	494
24152	4	5	2	495	0	506
24153	4	3	2	499	0	508
24154	5	1	491	14	0	511
24155	2	480	10	5	0	497
24156	2	10	2	474	0	488
24157	1	507	6	9	0	523
24158	492	9	1	8	0	510
24159	11	498	1	2	0	512
24160	495	12	1	3	0	511
24161	12	2	485	4	0	503
24162	492	3	7	3	0	505
24163	10	3	3	498	0	514
24164	4	1	502	9	0	516
24165	480	2	10	5	0	497
24166	497	3	2	6	0	508
24167	493	3	3	5	0	504
24168	12	2	1	477	0	492
24169	7	4	462	9	0	482
24170	491	1	6	6	0	504
24171	11	3	4	518	0	536
24172	6	1	7	521	0	535
24173	4	1	534	8	0	547
24174	1	538	7	6	0	552
24175	6	8	2	509	0	525
24176	2	535	3	9	0	549
24177	519	9	0	6	0	534
24178	522	0	1	4	0	527
24179	8	8	1	510	0	527
24180	518	1	1	7	0	527
24181	7	521	2	5	0	535
24182	513	5	0	8	0	526
24183	8	521	0	6	0	535
24184	1	6	2	524	0	533
24185	6	0	0	517	0	523
24186	0	539	4	6	0	549
24187	2	8	1	512	0	523
24188	2	2	509	7	0	520
24189	0	497	4	1	0	502
24190	476	6	0	4	0	486
24191	7	489	3	1	0	500
24192	3	7	0	492	0	502
24193	5	1	489	6	0	501
24194	0	4	7	488	0	499
24195	4	0	0	483	0	487
24196	466	1	3	8	0	478
24197	6	0	470	5	0	481
24198	1	451	5	4	0	461
24199	4	5	484	2	0	495
24200	0	1	470	2	0	473
24201	1	2	454	1	0	458
24202	16	0	3	444	0	463
24203	463	1	2	6	0	472
24204	3	462	1	1	0	467
24205	481	3	2	0	0	486
24206	510	4	1	3	0	518
24207	11	0	0	508	0	519
24208	5	510	0	3	0	518
24209	506	4	0	5	0	515
24210	6	509	1	0	0	516
24211	5	4	0	500	0	509
24212	3	4	0	518	0	525
24213	1	525	0	6	0	532
24214	3	4	0	525	0	532
24215	0	3	504	4	0	511
24216	0	3	516	5	0	524
24217	1	1	5	520	0	527
24218	1	1	4	534	0	540
24219	2	1	525	6	0	534
24220	1	1	505	4	0	511
24221	473	1	7	2	0	483
24222	3	500	4	3	0	510
24223	3	559	3	1	0	566
24224	0	6	2	555	0	563
24225	1	3	1	555	0	560
24226	4	1	0	560	0	565
24227	1	2	560	5	0	568
24228	0	3	523	4	0	530
24229	0	0	7	554	0	561
24230	0	0	548	5	0	553
24231	0	521	6	4	0	531
24232	514	4	3	1	0	522
24233	5	3	529	1	0	538
24234	3	3	520	1	0	527
24235	2	3	7	528	0	540
24236	2	1	579	7	0	589
24237	1	587	7	4	0	599
24238	2	7	6	573	0	588
24239	0	4	594	7	0	605
24240	1	572	6	5	0	584
24241	559	6	7	3	0	575
24242	6	7	1	562	0	576
24243	4	3	2	577	0	586
24244	578	1	1	12	0	592
24245	6	576	3	5	0	590
24246	576	5	1	3	0	585
24247	567	5	0	5	0	577
24248	573	2	0	5	0	580
24249	12	1	1	564	0	578
24250	557	1	2	7	0	567
24251	9	529	3	6	0	547
24252	11	521	0	1	0	533
24253	537	9	0	3	0	549
24254	7	7	0	563	0	577
24255	7	2	0	572	0	581
24256	2	3	0	577	0	582
24257	1	4	547	12	0	564
24258	2	554	6	8	0	570
24259	6	5	5	556	0	572
24260	555	3	2	11	0	571
24261	6	1	3	555	0	565
24262	5	4	548	7	0	564
24263	2	549	8	6	0	565
24264	538	6	7	6	0	557
24265	541	5	2	3	0	551
24266	543	1	1	4	0	549
24267	15	3	1	537	0	556
24268	9	3	544	8	0	564
24269	5	3	542	6	0	556
24270	5	535	10	3	0	553
24271	7	9	6	516	0	538
24272	12	7	3	523	0	545
24273	521	1	1	16	0	539
24274	9	2	3	532	0	546
24275	560	2	1	11	0	574
24276	10	2	543	10	0	565
24277	8	1	558	4	0	571
24278	7	1	15	560	0	583
24279	5	1	7	572	0	585
24280	4	1	2	592	0	599
24281	628	0	3	15	0	646
24282	666	2	3	12	0	683
24283	22	2	3	659	0	686
24284	11	2	653	15	0	681
24285	5	1	662	9	0	677
24286	6	0	22	671	0	699
24287	691	0	9	22	0	722
24288	19	0	6	680	0	705
24289	12	2	4	710	0	728
24290	5	2	700	20	0	727
24291	3	0	695	14	0	712
24292	663	2	20	8	0	693
24293	18	1	697	5	0	721
24294	10	1	19	684	0	714
24295	7	5	10	698	0	720
24296	686	0	11	23	0	720
24297	19	676	5	11	0	711
24298	682	14	4	11	0	711
24299	18	664	6	4	0	692
24300	647	16	2	8	0	673
24301	21	8	651	6	0	686
24302	595	5	21	12	0	633
24303	633	3	6	7	0	649
24304	28	4	3	618	0	653
24305	14	5	613	15	0	647
24306	10	3	15	573	0	601
24307	14	1	10	577	0	602
24308	9	575	5	21	0	610
24309	11	15	4	558	0	588
24310	4	579	5	18	0	606
24311	4	17	3	587	0	611
24312	575	5	4	21	0	605
24313	18	4	6	586	0	614
24314	12	1	574	22	0	609
24315	566	4	19	15	0	604
24316	14	3	588	11	0	616
24317	577	4	21	7	0	609
24318	597	2	6	10	0	615
24319	23	590	6	8	0	627
24320	13	614	4	6	0	637
24321	596	20	4	10	0	630
24322	623	10	5	8	0	646
24323	584	4	10	5	0	603
24324	593	2	3	2	0	600
24325	585	3	5	4	0	597
24326	30	3	5	566	0	604
24327	18	2	4	578	0	602
24328	10	4	567	24	0	605
24329	565	3	17	13	0	598
24330	27	5	6	565	0	603
24331	17	3	3	584	0	607
24332	7	5	575	27	0	614
24333	9	560	18	14	0	601
24334	13	592	12	6	0	623
24335	585	15	3	20	0	623
24336	551	7	4	10	0	572
24337	25	514	6	4	0	549
24338	8	533	5	8	0	554
24339	530	17	4	9	0	560
24340	563	6	6	4	0	579
24341	24	7	4	552	0	587
24342	12	4	3	561	0	580
24343	6	6	0	578	0	590
24344	562	2	3	21	0	588
24345	583	4	2	5	0	594
24346	24	9	1	577	0	611
24347	595	4	0	16	0	615
24348	22	1	589	12	0	624
24349	15	2	17	592	0	626
24350	8	2	598	22	0	630
24351	11	576	14	16	0	617
24352	7	19	8	586	0	620
24353	581	5	2	24	0	612
24354	22	3	6	579	0	610
24355	11	2	2	583	0	598
24356	11	3	554	23	0	591
24357	8	2	569	12	0	591
24358	7	564	19	9	0	599
24359	568	19	11	7	0	605
24360	582	11	8	6	0	607
24361	585	1	4	8	0	598
24362	593	1	5	5	0	604
24363	20	4	3	569	0	596
24364	10	5	1	574	0	590
24365	11	555	5	21	0	592
24366	568	15	4	10	0	597
24367	579	8	1	6	0	594
24368	26	3	554	6	0	589
24369	515	0	14	7	0	536
24370	15	514	9	10	0	548
24371	14	19	2	497	0	532
24372	9	529	3	12	0	553
24373	523	11	2	5	0	541
24374	16	521	4	7	0	548
24375	10	14	1	493	0	518
24376	4	5	1	515	0	525
24377	4	7	2	492	0	505
24378	7	483	1	19	0	510
24379	4	21	3	479	0	507
24380	10	4	2	481	0	497
24381	3	400	2	12	0	417
24382	4	387	3	6	0	400
24383	367	13	1	2	0	383
24384	9	372	0	4	0	385
24385	350	7	0	2	0	359
24386	6	2	345	1	0	354
24387	2	340	3	1	0	346
24388	335	4	2	3	0	344
24389	323	4	0	3	0	330
24390	10	3	313	1	0	327
24391	4	3	4	310	0	321
24392	3	0	320	8	0	331
24393	0	326	5	4	0	335
24394	322	8	2	0	0	332
24395	9	319	1	0	0	329
24396	6	6	0	321	0	333
24397	4	3	1	335	0	343
24398	3	0	329	9	0	341
24399	2	2	304	4	0	312
24400	296	1	8	4	0	309
24401	305	2	3	2	0	312
24402	307	1	1	4	0	313
24403	302	1	2	0	0	305
24404	7	309	2	4	0	322
24405	2	6	2	310	0	320
24406	3	4	2	309	0	318
24407	1	328	2	7	0	338
24408	318	7	1	7	0	333
24409	330	2	0	4	0	336
24410	9	0	320	4	0	333
24411	316	2	7	1	0	326
24412	10	0	12	309	0	331
24413	5	2	308	6	0	321
24414	6	1	5	301	0	313
24415	5	1	302	5	0	313
24416	4	3	297	2	0	306
24417	4	3	7	286	0	300
24418	2	297	3	8	0	310
24419	295	5	1	9	0	310
24420	284	5	0	4	0	293
24421	8	326	2	2	0	338
24422	4	344	1	1	0	350
24423	349	6	1	3	0	359
24424	356	5	1	2	0	364
24425	370	0	1	7	0	378
24426	367	1	1	5	0	374
24427	9	1	2	376	0	388
24428	3	4	392	4	0	403
24429	3	394	6	5	0	408
24430	391	6	2	1	0	400
24431	7	385	0	2	0	394
24432	383	2	0	1	0	386
24433	375	4	1	2	0	382
24434	7	2	382	1	0	392
24435	4	384	3	2	0	393
24436	2	4	4	385	0	395
24437	3	2	0	394	0	399
24438	3	1	2	362	0	368
24439	379	1	2	10	0	392
24440	365	0	1	6	0	372
24441	369	3	1	3	0	376
24442	7	351	1	7	0	366
24443	337	3	0	6	0	346
24444	4	343	3	0	0	350
24445	2	3	347	0	0	352
24446	2	342	3	1	0	348
24447	4	8	0	329	0	341
24448	2	0	0	326	0	328
24449	2	0	320	3	0	325
24450	1	2	3	308	0	314
24451	1	1	0	320	0	322
24452	325	1	0	4	0	330
24453	323	1	0	2	0	326
24454	334	1	0	1	0	336
24455	6	340	0	0	0	346
24456	338	2	1	2	0	343
24457	332	0	2	1	0	335
24458	3	337	0	1	0	341
24459	0	3	1	333	0	337
24460	1	0	0	340	0	341
24461	332	0	1	5	0	338
24462	4	0	328	0	0	332
24463	1	341	2	0	0	344
24464	1	1	0	330	0	332
24465	0	330	0	1	0	331
24466	1	339	4	0	0	344
24467	338	2	6	2	0	348
24468	337	0	1	1	0	339
24469	1	1	0	335	0	337
24470	0	0	0	329	0	329
24471	0	0	0	333	0	333
24472	0	0	1	326	0	327
24473	1	0	317	2	0	320
24474	0	0	297	3	0	300
24475	2	0	2	338	0	342
24476	2	2	357	2	0	363
24477	2	367	2	0	0	371
24478	357	4	1	4	0	366
24479	369	0	0	2	0	371
24480	7	0	0	366	0	373
24481	0	1	0	368	0	369
24482	0	1	0	377	0	378
24483	0	367	0	4	0	371
24484	374	2	0	3	0	379
24485	374	0	1	2	0	377
24486	3	1	394	0	0	398
24487	3	0	2	419	0	424
24488	1	2	426	5	0	434
24489	0	2	5	445	0	452
24490	2	0	0	453	0	455
24491	3	0	1	427	0	431
24492	0	1	0	465	0	466
24493	457	1	0	9	0	467
24494	460	1	0	4	0	465
24495	461	0	0	4	0	465
24496	10	0	2	459	0	471
24497	2	0	452	6	0	460
24498	435	1	5	4	0	445
24499	6	14	1	449	0	470
24500	470	0	1	7	0	478
24501	8	1	0	466	0	475
24502	3	457	0	8	0	468
24503	3	482	1	2	0	488
24504	5	5	0	475	0	485
24505	0	4	1	479	0	484
24506	2	1	1	469	0	473
24507	0	457	1	9	0	467
24508	469	7	1	3	0	480
24509	6	466	1	3	0	476
24510	2	6	466	3	0	477
24511	3	3	5	460	0	471
24512	0	486	3	7	0	496
24513	2	9	2	486	0	499
24514	2	1	0	497	0	500
24515	4	2	488	11	0	505
24516	462	0	10	10	0	482
24517	11	515	5	4	0	535
24518	513	9	2	8	0	532
24519	525	2	3	4	0	534
24520	525	4	1	4	0	534
24521	16	1	476	2	0	495
24522	7	0	9	478	0	494
24523	4	0	3	477	0	484
24524	2	1	457	14	0	474
24525	407	2	9	10	0	428
24526	11	1	444	5	0	461
24527	6	1	439	4	0	450
24528	5	440	13	2	0	460
24529	4	10	6	443	0	463
24530	2	3	447	11	0	463
24531	426	3	11	5	0	445
24532	435	0	3	10	0	448
24533	14	1	430	11	0	456
24534	5	2	9	433	0	449
24535	5	2	467	12	0	486
24536	4	474	10	5	0	493
24537	502	8	3	4	0	517
24538	519	4	2	2	0	527
24539	523	4	1	4	0	532
24540	17	2	2	514	0	535
24541	10	0	1	526	0	537
24542	3	2	515	16	0	536
24543	502	1	12	4	0	519
24544	11	1	3	524	0	539
24545	514	3	3	12	0	532
24546	15	3	515	4	0	537
24547	5	0	529	5	0	539
24548	6	1	14	505	0	526
24549	3	0	5	535	0	543
24550	2	4	529	14	0	549
24551	509	0	13	7	0	529
24552	15	3	4	510	0	532
24553	5	524	4	8	0	541
24554	537	12	2	6	0	557
24555	14	539	1	4	0	558
24556	532	15	2	5	0	554
24557	15	2	546	3	0	566
24558	5	3	563	3	0	574
24559	8	572	14	2	0	596
24560	569	14	6	3	0	592
24561	21	3	573	2	0	599
24562	551	2	14	9	0	576
24563	21	557	4	5	0	587
24564	7	14	10	551	0	582
24565	11	1	3	557	0	572
24566	4	522	1	19	0	546
24567	572	15	3	8	0	598
24568	602	3	8	2	0	615
24569	623	3	6	4	0	636
24570	24	1	608	6	0	639
24571	9	3	16	600	0	628
24572	8	1	6	618	0	633
24573	10	1	7	626	0	644
24574	5	1	608	25	0	639
24575	2	589	16	8	0	615
24576	568	16	6	5	0	595
24577	17	8	561	2	0	588
24578	548	2	17	1	0	568
24579	18	551	9	4	0	582
24580	551	19	5	2	0	577
24581	20	7	2	554	0	583
24582	558	3	6	19	0	586
24583	22	1	6	566	0	595
24584	10	6	585	19	0	620
24585	8	8	16	582	0	614
24586	6	4	554	23	0	587
24587	499	2	15	5	0	521
24588	14	554	4	3	0	575
24589	8	12	1	499	0	520
24590	7	533	3	16	0	559
24591	535	15	5	3	0	558
24592	536	4	3	7	0	550
24593	16	530	2	9	0	557
24594	531	13	4	8	0	556
24595	541	0	15	5	0	561
24596	17	5	5	534	0	561
24597	9	5	1	551	0	566
24598	557	0	5	17	0	579
24599	564	1	8	2	0	575
24600	20	3	0	557	0	580
24601	9	4	3	585	0	601
24602	589	3	4	19	0	615
24603	22	0	569	8	0	599
24604	545	4	13	7	0	569
24605	17	3	572	6	0	598
24606	6	574	17	4	0	601
24607	15	17	3	568	0	603
24608	8	2	578	13	0	601
24609	5	588	18	3	0	614
24610	581	19	4	8	0	612
24611	18	7	586	4	0	615
24612	569	2	13	0	0	584
24613	602	3	3	2	0	610
24614	609	3	1	5	0	618
24615	15	7	1	576	0	599
24616	10	554	1	9	0	574
24617	557	12	3	9	0	581
24618	12	4	561	7	0	584
24619	531	0	10	5	0	546
24620	16	3	570	1	0	590
24621	9	572	11	7	0	599
24622	1	13	5	574	0	593
24623	8	2	0	582	0	592
24624	5	570	9	15	0	599
24625	6	15	5	578	0	604
24626	7	5	582	15	0	609
24627	5	580	14	5	0	604
24628	4	15	6	545	0	570
24629	542	3	6	18	0	569
24630	569	4	4	5	0	582
24631	19	8	3	549	0	579
24632	10	562	2	20	0	594
24633	4	15	8	575	0	602
24634	15	2	1	575	0	593
24635	5	2	521	20	0	548
24636	10	518	16	5	0	549
24637	6	21	5	500	0	532
24638	4	15	483	12	0	514
24639	4	486	13	11	0	514
24640	5	12	6	494	0	517
24641	498	4	1	11	0	514
24642	16	535	1	6	0	558
24643	4	14	6	540	0	564
24644	554	5	1	18	0	578
24645	562	2	1	8	0	573
24646	560	1	2	8	0	571
24647	555	8	2	6	0	571
24648	19	2	2	553	0	576
24649	8	4	552	14	0	578
24650	6	1	12	548	0	567
24651	6	544	1	18	0	569
24652	552	11	4	8	0	575
24653	18	5	536	2	0	561
24654	506	1	9	22	0	538
24655	13	2	526	6	0	547
24656	10	3	9	528	0	550
24657	6	1	532	12	0	551
24658	10	7	12	487	0	516
24659	4	3	492	13	0	512
24660	5	4	12	489	0	510
24661	498	0	3	17	0	518
24662	15	531	6	3	0	555
24663	7	12	0	540	0	559
24664	7	9	6	546	0	568
24665	3	4	579	17	0	603
24666	7	2	552	3	0	564
24667	544	3	14	4	0	565
24668	13	558	5	3	0	579
24669	537	9	3	9	0	558
24670	554	4	5	3	0	566
24671	16	2	1	536	0	555
24672	5	551	3	8	0	567
24673	561	13	0	4	0	578
24674	581	1	6	5	0	593
24675	596	2	3	6	0	607
24676	602	2	1	7	0	612
24677	596	3	2	6	0	607
24678	18	3	578	2	0	601
24679	579	2	8	5	0	594
24680	16	0	579	3	0	598
24681	6	1	10	560	0	577
24682	4	1	2	590	0	597
24683	2	3	564	8	0	577
24684	544	0	6	3	0	553
24685	12	1	3	583	0	599
24686	3	1	1	607	0	612
24687	5	3	1	621	0	630
24688	3	1	1	606	0	611
24689	7	1	2	601	0	611
24690	3	3	613	10	0	629
24691	2	0	10	602	0	614
24692	2	0	627	10	0	639
24693	2	3	642	5	0	652
24694	627	0	13	5	0	645
24695	683	0	6	2	0	691
24696	741	1	1	3	0	746
24697	20	0	754	5	0	779
24698	8	2	765	2	0	777
24699	7	0	797	4	0	808
24700	3	816	25	2	0	846
24701	15	15	8	800	0	838
24702	824	4	2	27	0	857
24703	21	2	6	911	0	940
24704	6	944	5	25	0	980
24705	950	22	1	12	0	985
24706	30	8	4	916	0	958
24707	11	949	4	18	0	982
24708	9	22	4	960	0	995
24709	10	9	7	973	0	999
24710	941	3	6	36	0	986
24711	28	4	3	964	0	999
24712	14	2	947	33	0	996
24713	16	1	26	919	0	962
24714	3	912	15	32	0	962
24715	5	945	10	26	0	986
24716	7	28	11	927	0	973
24717	4	20	5	931	0	960
24718	3	897	6	35	0	941
24719	6	927	1	16	0	950
24720	4	958	2	19	0	983
24721	14	36	3	863	0	916
24722	10	943	4	27	0	984
24723	922	35	5	18	0	980
24724	33	15	940	9	0	997
24725	15	12	27	918	0	972
24726	8	953	12	31	0	1004
24727	944	27	6	27	0	1004
24728	29	14	945	18	0	1006
24729	16	951	29	6	0	1002
24730	942	33	12	15	0	1002
24731	27	938	9	9	0	983
24732	12	957	0	13	0	982
24733	15	42	3	921	0	981
24734	8	951	3	32	0	994
24735	928	35	5	24	0	992
24736	28	18	2	945	0	993
24737	13	18	914	30	0	975
24738	8	11	930	14	0	963
24739	9	13	31	925	0	978
24740	6	8	940	32	0	986
24741	12	18	28	929	0	987
24742	889	7	13	42	0	951
24743	21	12	896	16	0	945
24744	18	7	23	859	0	907
24745	9	865	15	29	0	918
24746	10	31	9	893	0	943
24747	14	15	12	907	0	948
24748	6	912	6	36	0	960
24749	10	28	9	931	0	978
24750	6	17	4	948	0	975
24751	6	17	925	36	0	984
24752	9	913	27	22	0	971
24753	923	27	12	18	0	980
24754	32	15	15	924	0	986
24755	14	8	930	33	0	985
24756	8	9	26	927	0	970
24757	5	9	944	33	0	991
24758	881	6	26	35	0	948
24759	25	949	17	13	0	1004
24760	16	22	12	957	0	1007
24761	12	17	9	981	0	1019
24762	923	15	9	40	0	987
24763	25	14	4	944	0	987
24764	18	10	913	38	0	979
24765	9	11	28	877	0	925
24766	7	848	18	36	0	909
24767	8	890	16	25	0	939
24768	4	912	16	21	0	953
24769	12	40	9	898	0	959
24770	9	27	877	35	0	948
24771	8	896	26	25	0	955
24772	859	29	15	30	0	933
24773	28	899	10	23	0	960
24774	890	34	16	16	0	956
24775	892	16	8	24	0	940
24776	36	20	862	14	0	932
24777	868	17	22	21	0	928
24778	899	14	12	24	0	949
24779	838	13	12	21	0	884
24780	912	8	9	29	0	958
24781	43	10	892	15	0	960
24782	863	14	30	17	0	924
24783	921	15	18	13	0	967
24784	35	946	7	15	0	1003
24785	23	37	6	897	0	963
24786	17	20	9	904	0	950
24787	11	891	12	38	0	952
24788	884	31	9	34	0	958
24789	38	896	8	11	0	953
24790	851	37	7	12	0	907
24791	873	17	7	13	0	910
24792	43	871	9	12	0	935
24793	25	31	5	856	0	917
24794	22	11	867	27	0	927
24795	8	832	29	19	0	888
24796	8	31	11	743	0	793
24797	12	742	4	14	0	772
24798	6	822	4	11	0	843
24799	7	26	7	770	0	810
24800	9	8	803	19	0	839
24801	10	762	14	10	0	796
24802	6	792	11	9	0	818
24803	656	10	8	4	0	678
24804	10	5	3	663	0	681
24805	9	2	2	684	0	697
24806	4	2	2	702	0	710
24807	3	3	696	13	0	715
24808	7	1	11	705	0	724
24809	4	732	7	11	0	754
24810	766	13	1	6	0	786
24811	17	8	3	766	0	794
24812	6	5	764	14	0	789
24813	751	1	15	7	0	774
24814	21	4	5	754	0	784
24815	5	6	803	16	0	830
24816	5	4	803	8	0	820
24817	800	5	15	9	0	829
24818	840	4	7	7	0	858
24819	832	5	5	6	0	848
24820	846	6	3	5	0	860
24821	27	3	825	3	0	858
24822	10	847	11	4	0	872
24823	826	14	4	10	0	854
24824	13	826	2	9	0	850
24825	810	15	6	6	0	837
24826	15	823	2	3	0	843
24827	9	15	0	820	0	844
24828	5	8	5	823	0	841
24829	8	3	2	816	0	829
24830	1	791	5	20	0	817
24831	5	819	5	7	0	836
24832	7	14	1	790	0	812
24833	5	808	5	10	0	828
24834	8	13	800	6	0	827
24835	8	7	20	789	0	824
24836	8	1	811	13	0	833
24837	795	2	15	5	0	817
24838	808	1	7	5	0	821
24839	20	3	793	2	0	818
24840	14	4	808	1	0	827
24841	15	4	16	793	0	828
24842	3	6	802	14	0	825
24843	5	7	15	772	0	799
24844	6	717	7	15	0	745
24845	7	16	2	797	0	822
24846	6	8	4	804	0	822
24847	3	7	3	805	0	818
24848	5	4	758	21	0	788
24849	7	6	13	746	0	772
24850	5	6	7	755	0	773
24851	3	7	4	736	0	750
24852	0	766	7	16	0	789
24853	769	14	5	10	0	798
24854	762	7	3	10	0	782
24855	774	4	7	6	0	791
24856	23	2	6	753	0	784
24857	9	3	753	15	0	780
24858	10	4	734	8	0	756
24859	6	745	18	8	0	777
24860	715	13	10	10	0	748
24861	12	735	9	5	0	761
24862	732	15	5	9	0	761
24863	15	731	5	12	0	763
24864	722	13	5	7	0	747
24865	13	774	4	6	0	797
24866	11	12	4	769	0	796
24867	6	7	750	18	0	781
24868	6	5	765	16	0	792
24869	8	5	19	750	0	782
24870	9	1	9	760	0	779
24871	7	7	7	775	0	796
24872	10	6	755	24	0	795
24873	12	5	13	734	0	764
24874	724	3	8	22	0	757
24875	724	2	8	14	0	748
24876	19	721	7	8	0	755
24877	723	15	7	10	0	755
24878	19	712	5	9	0	745
24879	699	21	7	3	0	730
24880	698	12	5	6	0	721
24881	670	8	4	7	0	689
24882	23	7	683	4	0	717
24883	12	11	683	5	0	711
24884	670	6	16	11	0	703
24885	698	4	14	7	0	723
24886	18	6	5	694	0	723
24887	13	3	3	733	0	752
24888	11	3	7	746	0	767
24889	14	3	5	749	0	771
24890	10	6	2	761	0	779
24891	743	4	6	26	0	779
24892	18	7	4	724	0	753
24893	11	5	691	17	0	724
24894	648	7	11	13	0	679
24895	672	5	10	7	0	694
24896	22	659	5	8	0	694
24897	15	680	3	9	0	707
24898	598	11	3	4	0	616
24899	10	595	6	4	0	615
24900	567	10	5	4	0	586
24901	639	3	2	4	0	648
24902	644	3	2	8	0	657
24903	16	4	5	619	0	644
24904	7	627	1	13	0	648
24905	622	9	0	9	0	640
24906	12	6	1	611	0	630
24907	11	2	3	597	0	613
24908	550	2	1	15	0	568
24909	10	545	4	9	0	568
24910	4	5	2	513	0	524
24911	512	3	2	6	0	523
24912	7	510	1	7	0	525
24913	555	6	2	7	0	570
24914	10	5	517	5	0	537
24915	512	4	2	3	0	521
24916	8	527	1	3	0	539
24917	513	6	2	7	0	528
24918	510	3	1	2	0	516
24919	9	533	0	0	0	542
24920	540	5	1	2	0	548
24921	8	536	3	0	0	547
24922	553	6	2	1	0	562
24923	10	4	0	544	0	558
24924	9	1	0	546	0	556
24925	4	1	0	559	0	564
24926	1	2	535	9	0	547
24927	3	1	4	535	0	543
24928	2	1	539	8	0	550
24929	3	1	5	538	0	547
24930	3	538	3	8	0	552
24931	3	6	1	553	0	563
24932	1	2	550	6	0	559
24933	2	1	544	13	0	560
24934	5	1	7	562	0	575
24935	559	2	4	11	0	576
24936	547	4	3	4	0	558
24937	10	560	1	3	0	574
24938	4	7	2	560	0	573
24939	4	3	582	4	0	593
24940	4	2	4	559	0	569
24941	6	1	565	8	0	580
24942	558	0	7	7	0	572
24943	9	3	5	573	0	590
24944	7	3	563	8	0	581
24945	4	1	6	567	0	578
24946	4	2	3	570	0	579
24947	3	4	566	12	0	585
24948	4	2	6	565	0	577
24949	564	1	5	15	0	585
24950	579	1	2	8	0	590
24951	10	4	3	583	0	600
24952	582	2	1	15	0	600
24953	10	1	591	6	0	608
24954	11	3	566	3	0	583
24955	579	3	8	3	0	593
24956	603	3	5	1	0	612
24957	14	2	2	581	0	599
24958	9	4	2	595	0	610
24959	9	3	583	10	0	605
24960	9	3	6	559	0	577
24961	7	571	5	6	0	589
24962	574	7	1	9	0	591
24963	607	5	3	6	0	621
24964	11	601	1	7	0	620
24965	565	8	3	7	0	583
24966	558	3	4	8	0	573
24967	12	566	5	6	0	589
24968	556	10	4	5	0	575
24969	12	562	2	5	0	581
24970	570	9	1	2	0	582
24971	10	9	557	3	0	579
24972	8	2	6	562	0	578
24973	4	4	6	570	0	584
24974	4	1	3	611	0	619
24975	614	3	3	16	0	636
24976	15	1	1	656	0	673
24977	9	1	663	14	0	687
24978	676	3	13	11	0	703
24979	16	1	6	696	0	719
24980	6	685	3	21	0	715
24981	4	716	3	11	0	734
24982	8	15	4	682	0	709
24983	5	6	2	677	0	690
24984	8	3	3	679	0	693
24985	3	3	652	19	0	677
24986	0	641	12	16	0	669
24987	612	11	5	10	0	638
24988	601	4	2	11	0	618
24989	14	586	3	6	0	609
24990	6	595	4	5	0	610
24991	9	15	3	584	0	611
24992	9	6	587	13	0	615
24993	568	4	11	9	0	592
24994	601	4	7	4	0	616
24995	17	2	3	595	0	617
24996	6	3	5	607	0	621
24997	594	0	2	22	0	618
24998	16	1	579	7	0	603
24999	576	2	11	10	0	599
25000	13	568	6	10	0	597
25001	7	9	0	509	0	525
25002	4	513	1	9	0	527
25003	519	9	1	6	0	535
25004	10	5	1	514	0	530
25005	9	0	2	508	0	519
25006	1	511	5	11	0	528
25007	516	9	1	5	0	531
25008	516	3	0	6	0	525
25009	13	0	503	5	0	521
25010	3	5	473	6	0	487
25011	485	3	9	4	0	501
25012	11	1	501	3	0	516
25013	6	0	452	3	0	461
25014	442	8	16	3	0	469
25015	11	2	539	1	0	553
25016	8	2	12	532	0	554
25017	6	1	5	554	0	566
25018	577	0	4	20	0	601
25019	17	3	569	6	0	595
25020	590	3	16	7	0	616
25021	24	1	10	593	0	628
25022	630	1	6	20	0	657
25023	652	1	6	12	0	671
25024	660	0	5	10	0	675
25025	35	0	3	637	0	675
25026	660	0	3	26	0	689
25027	33	1	2	645	0	681
25028	26	0	2	655	0	683
25029	17	1	1	668	0	687
25030	11	0	2	673	0	686
25031	650	1	1	39	0	691
25032	655	1	1	22	0	679
25033	31	1	639	17	0	688
25034	638	0	18	16	0	672
25035	654	0	7	16	0	677
25036	34	2	6	629	0	671
25037	25	625	3	24	0	677
25038	645	17	5	17	0	684
25039	33	7	4	615	0	659
25040	624	4	2	25	0	655
25041	33	606	5	12	0	656
25042	624	19	4	13	0	660
25043	34	11	1	603	0	649
25044	20	605	3	24	0	652
25045	630	23	1	16	0	670
25046	28	625	1	10	0	664
25047	15	640	0	13	0	668
25048	640	23	0	11	0	674
25049	27	16	615	8	0	666
25050	618	9	17	7	0	651
25051	34	5	8	609	0	656
25052	17	9	616	20	0	662
25053	23	2	16	602	0	643
25054	12	6	9	639	0	666
25055	11	7	618	31	0	667
25056	622	3	21	23	0	669
25057	25	2	15	627	0	669
25058	17	3	11	629	0	660
25059	16	2	4	635	0	657
25060	613	2	8	43	0	666
25061	29	1	613	25	0	668
25062	16	2	622	20	0	660
25063	14	2	28	596	0	640
25064	12	2	599	30	0	643
25065	595	2	24	19	0	640
25066	21	588	21	17	0	647
25067	603	16	11	14	0	644
25068	30	9	7	580	0	626
25069	21	581	10	20	0	632
25070	16	20	11	586	0	633
25071	15	592	5	25	0	637
25072	10	21	8	602	0	641
25073	20	12	577	24	0	633
25074	11	14	541	18	0	584
25075	11	531	21	20	0	583
25076	494	19	12	16	0	541
25077	18	15	7	495	0	535
25078	16	9	2	483	0	510
25079	480	8	5	25	0	518
25080	470	9	3	19	0	501
25081	27	4	8	471	0	510
25082	23	3	475	18	0	519
25083	17	478	14	16	0	525
25084	17	12	10	482	0	521
25085	16	10	10	473	0	509
25086	11	497	1	27	0	536
25087	502	13	2	22	0	539
25088	21	14	495	10	0	540
25089	19	9	12	494	0	534
25090	14	3	14	499	0	530
25091	5	9	489	30	0	533
25092	7	6	12	503	0	528
25093	493	4	11	24	0	532
25094	493	9	10	18	0	530
25095	502	3	8	17	0	530
25096	28	484	10	10	0	532
25097	504	13	5	14	0	536
25098	28	9	2	506	0	545
25099	18	9	9	484	0	520
25100	19	529	7	26	0	581
25101	577	17	7	19	0	620
25102	623	13	5	12	0	653
25103	619	9	4	17	0	649
25104	629	10	3	11	0	653
25105	630	9	1	14	0	654
25106	38	6	598	15	0	657
25107	615	4	18	10	0	647
25108	618	10	13	11	0	652
25109	620	6	6	11	0	643
25110	42	3	4	598	0	647
25111	28	3	9	603	0	643
25112	30	1	591	22	0	644
25113	520	3	18	19	0	560
25114	26	576	18	13	0	633
25115	17	498	8	8	0	531
25116	12	17	487	9	0	525
25117	11	492	12	10	0	525
25118	8	469	7	7	0	491
25119	17	9	9	397	0	432
25120	6	427	1	6	0	440
25121	419	5	0	3	0	427
25122	389	3	1	3	0	396
25123	7	1	0	384	0	392
25124	3	1	385	4	0	393
25125	379	0	4	5	0	388
25126	5	2	379	0	0	386
25127	4	0	378	1	0	383
25128	3	0	8	361	0	372
25129	2	0	3	373	0	378
25130	0	1	379	7	0	387
25131	1	362	4	3	0	370
25132	0	395	2	2	0	399
25133	393	6	0	6	0	405
25134	400	3	0	1	0	404
25135	7	1	399	0	0	407
25136	394	3	3	0	0	400
25137	409	1	2	5	0	417
25138	6	0	0	426	0	432
25139	6	2	1	422	0	431
25140	4	2	0	432	0	438
25141	434	0	0	5	0	439
25142	433	0	1	4	0	438
25143	437	0	1	4	0	442
25144	11	0	0	440	0	451
25145	7	0	419	4	0	430
25146	403	1	5	5	0	414
25147	420	0	2	2	0	424
25148	7	1	2	414	0	424
25149	5	420	3	6	0	434
25150	3	4	2	426	0	435
25151	2	429	1	7	0	439
25152	2	2	2	405	0	411
25153	3	425	1	6	0	435
25154	411	6	2	6	0	425
25155	10	3	1	409	0	423
25156	3	408	3	5	0	419
25157	4	4	412	6	0	426
25158	399	2	6	5	0	412
25159	6	1	4	418	0	429
25160	5	421	0	5	0	431
25161	8	4	2	400	0	414
25162	9	406	0	5	0	420
25163	6	419	1	5	0	431
25164	418	8	2	2	0	430
25165	424	2	0	3	0	429
25166	9	1	436	3	0	449
25167	437	3	4	2	0	446
25168	435	4	2	3	0	444
25169	10	438	2	3	0	453
25170	4	6	3	451	0	464
25171	7	3	1	459	0	470
25172	7	2	453	4	0	466
25173	8	2	432	1	0	443
25174	445	2	6	7	0	460
25175	456	2	5	3	0	466
25176	464	0	5	4	0	473
25177	9	1	447	2	0	459
25178	6	1	3	444	0	454
25179	442	2	3	7	0	454
25180	4	0	3	434	0	441
25181	2	1	423	5	0	431
25182	397	1	4	4	0	406
25183	6	0	428	1	0	435
25184	2	425	3	2	0	432
25185	427	4	3	2	0	436
25186	8	1	418	1	0	428
25187	3	0	5	420	0	428
25188	429	0	3	6	0	438
25189	10	1	0	439	0	450
25190	447	0	2	6	0	455
25191	4	2	1	442	0	449
25192	446	0	0	7	0	453
25193	445	1	0	5	0	451
25194	447	0	1	2	0	450
25195	433	2	0	4	0	439
25196	8	1	0	440	0	449
25197	2	0	436	6	0	444
25198	3	2	428	1	0	434
25199	2	421	7	2	0	432
25200	2	374	6	0	0	382
25201	320	3	19	2	0	344
25202	4	0	0	309	0	313
25203	0	0	312	2	0	314
25204	0	0	313	0	0	313
25205	0	2	2	321	0	325
25206	325	0	0	2	0	327
25207	0	334	0	0	0	334
25208	346	2	0	2	0	350
25209	2	0	0	347	0	349
25210	0	0	0	345	0	345
25211	2	0	0	349	0	351
25212	1	0	335	2	0	338
25213	0	0	325	0	0	325
25214	1	323	2	1	0	327
25215	0	3	0	343	0	346
25216	341	0	0	4	0	345
25217	3	0	329	0	0	332
25218	0	0	328	0	0	328
25219	1	0	2	328	0	331
25220	0	0	0	332	0	332
25221	1	0	0	354	0	355
25222	1	0	1	387	0	389
25223	375	1	0	9	0	385
25224	8	1	0	378	0	387
25225	373	0	0	10	0	383
25226	7	0	404	2	0	413
25227	1	398	7	0	0	406
25228	15	7	2	383	0	407
25229	0	1	412	9	0	422
25230	2	0	393	0	0	395
25231	0	408	7	1	0	416
25232	3	6	1	385	0	395
25233	0	1	1	395	0	397
25234	0	0	408	9	0	417
25235	386	0	8	4	0	398
25236	7	0	3	408	0	418
25237	1	0	1	401	0	403
25238	0	2	376	8	0	386
25239	0	378	8	3	0	389
25240	1	442	1	2	0	446
25241	441	13	2	2	0	458
25242	13	3	1	447	0	464
25243	467	0	0	14	0	481
25244	12	0	446	17	0	475
25245	3	0	11	465	0	479
25246	459	0	2	16	0	477
25247	476	1	0	3	0	480
25248	17	0	0	461	0	478
25249	5	0	463	12	0	480
25250	1	1	499	3	0	504
25251	1	3	13	490	0	507
25252	1	0	488	13	0	502
25253	482	0	13	3	0	498
25254	13	529	5	0	0	547
25255	545	12	1	2	0	560
25256	546	3	2	4	0	555
25257	14	0	1	551	0	566
25258	5	0	2	557	0	564
25259	548	0	1	15	0	564
25260	12	0	0	553	0	565
25261	4	1	554	13	0	572
25262	1	554	13	4	0	572
25263	2	13	4	555	0	574
25264	1	5	2	569	0	577
25265	4	1	0	577	0	582
25266	4	1	556	14	0	575
25267	4	550	13	4	0	571
25268	1	11	6	555	0	573
25269	1	4	555	15	0	575
25270	3	0	12	553	0	568
25271	543	1	3	14	0	561
25272	13	1	2	545	0	561
25273	6	1	538	13	0	558
25274	523	2	14	5	0	544
25275	21	530	3	4	0	558
25276	3	559	3	6	0	571
25277	564	12	2	7	0	585
25278	14	5	566	1	0	586
25279	7	1	11	575	0	594
25280	3	0	5	605	0	613
25281	2	0	607	17	0	626
25282	1	605	15	5	0	626
25283	7	12	3	529	0	551
25284	4	2	592	16	0	614
25285	3	1	14	590	0	608
25286	594	4	4	14	0	616
25287	15	4	592	5	0	616
25288	6	2	11	603	0	622
25289	6	1	4	601	0	612
25290	2	1	587	16	0	606
25291	6	2	14	556	0	578
25292	0	481	3	18	0	502
25293	3	13	6	525	0	547
25294	3	575	2	12	0	592
25295	583	10	2	7	0	602
25296	572	3	3	11	0	589
25297	15	0	569	3	0	587
25298	5	3	552	3	0	563
25299	3	4	552	4	0	563
25300	3	539	12	5	0	559
25301	2	11	6	563	0	582
25302	5	4	558	12	0	579
25303	6	2	10	541	0	559
25304	1	2	6	553	0	562
25305	3	4	557	15	0	579
25306	8	1	10	557	0	576
25307	3	5	3	554	0	565
25308	3	534	4	15	0	556
25309	3	9	8	550	0	570
25310	1	4	4	564	0	573
25311	0	2	533	21	0	556
25312	4	2	13	536	0	555
25313	0	2	547	16	0	565
25314	4	5	550	4	0	563
25315	524	3	13	7	0	547
25316	10	2	7	522	0	541
25317	5	543	3	17	0	568
25318	5	581	4	6	0	596
25319	2	15	4	577	0	598
25320	3	6	559	14	0	582
25321	2	552	15	8	0	577
25322	0	6	7	544	0	557
25323	3	4	539	14	0	560
25324	3	557	9	7	0	576
25325	578	8	14	4	0	604
25326	574	4	3	3	0	584
25327	577	0	3	6	0	586
25328	11	2	4	628	0	645
25329	4	4	4	627	0	639
25330	4	2	4	646	0	656
25331	0	2	647	15	0	664
25332	620	3	11	15	0	649
25333	11	1	7	629	0	648
25334	2	2	610	13	0	627
25335	612	6	9	9	0	636
25336	643	4	4	7	0	658
25337	12	6	494	7	0	519
25338	607	2	7	12	0	628
25339	14	634	4	6	0	658
25340	6	4	569	3	0	582
25341	533	1	11	7	0	552
25342	5	549	4	6	0	564
25343	1	6	3	538	0	548
25344	1	540	2	9	0	552
25345	3	4	2	543	0	552
25346	0	3	543	9	0	555
25347	475	2	7	5	0	489
25348	6	2	557	2	0	567
25349	3	550	5	6	0	564
25350	1	552	4	4	0	561
25351	547	4	3	4	0	558
25352	7	2	551	8	0	568
25353	3	2	8	547	0	560
25354	1	3	514	9	0	527
25355	2	538	9	3	0	552
25356	4	6	6	513	0	529
25357	2	534	3	8	0	547
25358	557	6	5	5	0	573
25359	571	2	5	5	0	583
25360	566	2	0	8	0	576
25361	7	6	559	3	0	575
25362	5	3	542	5	0	555
25363	536	2	11	4	0	553
25364	10	1	568	4	0	583
25365	3	2	10	538	0	553
25366	0	545	7	10	0	562
25367	564	7	4	7	0	582
25368	558	1	6	3	0	568
25369	569	2	1	7	0	579
25370	13	4	1	571	0	589
25371	6	3	3	579	0	591
25372	578	1	3	12	0	594
25373	9	577	2	9	0	597
25374	577	8	3	5	0	593
25375	5	0	3	574	0	582
25376	6	1	0	578	0	585
25377	559	3	2	10	0	574
25378	7	559	1	1	0	568
25379	544	8	0	7	0	559
25380	8	545	2	3	0	558
25381	525	5	0	3	0	533
25382	10	2	2	542	0	556
25383	537	1	1	7	0	546
25384	546	2	2	3	0	553
25385	601	0	1	2	0	604
25386	6	621	0	3	0	630
25387	4	5	599	2	0	610
25388	590	1	6	1	0	598
25389	607	0	0	3	0	610
25390	7	610	1	0	0	618
25391	4	7	3	607	0	621
25392	7	0	1	614	0	622
25393	615	3	1	4	0	623
25394	10	4	1	621	0	636
25395	3	1	644	8	0	656
25396	3	0	631	3	0	637
25397	635	1	8	4	0	648
25398	8	2	2	643	0	655
25399	4	2	4	647	0	657
25400	2	0	4	673	0	679
25401	6	2	680	8	0	696
25402	3	0	8	675	0	686
25403	2	0	5	691	0	698
25404	3	0	0	708	0	711
25405	685	1	5	14	0	705
25406	13	1	1	693	0	708
25407	2	0	694	16	0	712
25408	705	1	14	9	0	729
25409	15	0	735	2	0	752
25410	733	2	11	7	0	753
25411	730	0	5	3	0	738
25412	24	1	1	759	0	785
25413	6	765	5	14	0	790
25414	9	11	3	759	0	782
25415	8	5	2	778	0	793
25416	3	772	3	16	0	794
25417	766	16	1	7	0	790
25418	16	772	2	7	0	797
25419	772	11	4	12	0	799
25420	781	6	2	4	0	793
25421	23	5	1	760	0	789
25422	10	7	4	748	0	769
25423	13	4	740	15	0	772
25424	8	4	691	9	0	712
25425	699	3	12	10	0	724
25426	707	0	4	9	0	720
25427	14	677	8	7	0	706
25428	11	12	5	651	0	679
25429	5	3	698	16	0	722
25430	7	3	12	689	0	711
25431	666	4	6	16	0	692
25432	671	2	5	9	0	687
25433	15	688	6	7	0	716
25434	11	11	3	710	0	735
25435	11	8	4	711	0	734
25436	8	2	5	718	0	733
25437	5	4	702	22	0	733
25438	650	4	12	13	0	679
25439	690	4	5	8	0	707
25440	20	2	692	7	0	721
25441	11	687	18	5	0	721
25442	690	14	4	10	0	718
25443	708	4	2	7	0	721
25444	19	5	688	5	0	717
25445	10	6	729	7	0	752
25446	13	4	13	738	0	768
25447	10	1	737	18	0	766
25448	682	6	25	9	0	722
25449	707	2	12	8	0	729
25450	718	1	5	7	0	731
25451	25	3	3	681	0	712
25452	13	744	8	12	0	777
25453	752	14	5	9	0	780
25454	754	2	8	7	0	771
25455	24	3	771	7	0	805
25456	12	5	735	21	0	773
25457	748	2	15	7	0	772
25458	21	3	4	763	0	791
25459	6	4	760	15	0	785
25460	9	739	14	9	0	771
25461	12	12	5	742	0	771
25462	748	5	7	14	0	774
25463	17	747	5	8	0	777
25464	12	13	6	729	0	760
25465	12	711	2	17	0	742
25466	9	743	1	10	0	763
25467	8	12	6	742	0	768
25468	5	11	6	743	0	765
25469	12	763	4	17	0	796
25470	740	14	8	12	0	774
25471	15	7	754	9	0	785
25472	767	9	12	11	0	799
25473	19	5	4	800	0	828
25474	14	2	8	797	0	821
25475	9	6	8	794	0	817
25476	8	5	6	802	0	821
25477	12	5	796	19	0	832
25478	14	8	10	802	0	834
25479	8	3	6	822	0	839
25480	4	889	8	26	0	927
25481	6	15	896	15	0	932
25482	9	883	15	16	0	923
25483	8	15	919	12	0	954
25484	14	960	16	6	0	996
25485	12	24	9	899	0	944
25486	885	13	8	26	0	932
25487	21	914	4	15	0	954
25488	11	19	4	914	0	948
25489	9	9	918	22	0	958
25490	6	920	24	13	0	963
25491	909	20	10	18	0	957
25492	922	12	14	9	0	957
25493	24	950	8	8	0	990
25494	13	19	911	5	0	948
25495	893	10	17	3	0	923
25496	26	11	7	906	0	950
25497	913	4	7	24	0	948
25498	23	958	8	11	0	1000
25499	11	993	4	8	0	1016
25500	11	19	949	12	0	991
25501	929	10	20	10	0	969
25502	20	16	7	952	0	995
25503	974	2	5	20	0	1001
25504	21	960	4	9	0	994
25505	956	18	6	6	0	986
25506	959	8	5	6	0	978
25507	30	4	950	4	0	988
25508	9	910	13	6	0	938
25509	8	934	11	1	0	954
25510	11	26	4	876	0	917
25511	2	858	4	17	0	881
25512	885	15	4	3	0	907
25513	14	897	1	2	0	914
25514	9	20	1	873	0	903
25515	8	874	3	10	0	895
25516	3	855	2	5	0	865
25517	7	889	0	5	0	901
25518	5	16	1	872	0	894
25519	4	9	1	888	0	902
25520	2	6	3	881	0	892
25521	5	881	0	15	0	901
25522	0	10	875	7	0	892
25523	4	10	845	3	0	862
25524	837	6	13	6	0	862
25525	12	3	4	873	0	892
25526	5	8	862	10	0	885
25527	5	2	850	8	0	865
25528	2	879	14	4	0	899
25529	6	11	5	813	0	835
25530	3	5	2	840	0	850
25531	838	4	1	14	0	857
25532	11	5	3	837	0	856
25533	6	3	4	812	0	825
25534	4	1	829	17	0	851
25535	4	2	11	828	0	845
25536	6	3	5	850	0	864
25537	0	3	877	16	0	896
25538	3	2	865	6	0	876
25539	4	872	16	2	0	894
25540	4	9	872	4	0	889
25541	2	6	12	873	0	893
25542	10	5	12	680	0	707
25543	3	5	873	16	0	897
25544	4	867	11	10	0	892
25545	804	10	7	9	0	830
25546	15	832	5	3	0	855
25547	4	14	2	833	0	853
25548	2	9	5	837	0	853
25549	2	843	10	13	0	868
25550	3	18	2	849	0	872
25551	1	7	2	860	0	870
25552	2	4	804	18	0	828
25553	3	801	14	10	0	828
25554	4	16	5	807	0	832
25555	4	6	767	12	0	789
25556	2	6	14	761	0	783
25557	5	4	5	762	0	776
25558	5	4	4	770	0	783
25559	2	6	1	779	0	788
25560	5	5	4	752	0	766
25561	2	774	4	17	0	797
25562	753	13	3	14	0	783
25563	13	5	765	7	0	790
25564	672	6	15	7	0	700
25565	14	5	790	8	0	817
25566	6	812	17	7	0	842
25567	2	14	825	5	0	846
25568	3	817	12	8	0	840
25569	6	14	6	736	0	762
25570	6	8	4	763	0	781
25571	3	816	1	19	0	839
25572	4	834	4	9	0	851
25573	842	14	3	11	0	870
25574	882	7	4	8	0	901
25575	885	6	3	4	0	898
25576	895	4	6	5	0	910
25577	19	7	2	884	0	912
25578	6	863	5	12	0	886
25579	875	15	0	5	0	895
25580	10	2	2	806	0	820
25581	774	3	2	13	0	792
25582	776	3	1	3	0	783
25583	11	741	1	2	0	755
25584	0	701	0	0	0	701
25585	1	713	1	2	0	717
25586	0	6	0	697	0	703
25587	0	691	1	4	0	696
25588	695	6	0	4	0	705
25589	694	1	0	3	0	698
25590	717	0	1	8	0	726
25591	730	1	0	2	0	733
25592	722	0	0	8	0	730
25593	5	0	738	1	0	744
25594	725	1	6	5	0	737
25595	6	0	745	1	0	752
25596	731	0	5	5	0	741
25597	7	0	1	738	0	746
25598	3	2	692	9	0	706
25599	1	2	731	2	0	736
25600	1	802	7	2	0	812
25601	792	6	4	2	0	804
25602	818	1	0	2	0	821
25603	6	972	0	0	0	978
25604	9	6	0	1119	0	1134
25605	1150	2	1	11	0	1164
25606	16	5	1146	3	0	1170
25607	6	1140	16	3	0	1165
25608	1134	15	5	7	0	1161
25609	16	1152	4	2	0	1174
25610	12	18	2	1110	0	1142
25611	5	1149	5	14	0	1173
25612	7	24	0	1098	0	1129
25613	4	1142	0	17	0	1163
25614	2	1180	2	8	0	1192
25615	1154	19	3	10	0	1186
25616	1176	12	3	3	0	1194
25617	22	12	1173	5	0	1212
25618	11	8	1140	1	0	1160
25619	8	11	1159	1	0	1179
25620	5	5	25	1158	0	1193
25621	5	5	1162	21	0	1193
25622	6	5	28	1117	0	1156
25623	3	9	10	1127	0	1149
25624	6	1151	9	22	0	1188
25625	1143	20	4	15	0	1182
25626	26	1158	5	5	0	1194
25627	10	27	7	1217	0	1261
25628	7	7	8	1224	0	1246
25629	8	8	7	1232	0	1255
25630	3	7	1218	31	0	1259
25631	6	5	25	1211	0	1247
25632	9	2	5	1237	0	1253
25633	6	5	9	1245	0	1265
25634	3	11	1178	33	0	1225
25635	7	1174	26	12	0	1219
25636	1164	26	4	16	0	1210
25637	1124	8	8	16	0	1156
25638	24	1181	5	15	0	1225
25639	14	23	9	1164	0	1210
25640	10	10	6	1222	0	1248
25641	9	10	1194	32	0	1245
25642	7	1184	23	22	0	1236
25643	10	24	7	1210	0	1251
25644	6	7	1226	29	0	1268
25645	8	11	26	1209	0	1254
25646	11	5	12	1199	0	1227
25647	5	13	1200	30	0	1248
25648	5	8	26	1197	0	1236
25649	7	8	10	1195	0	1220
25650	6	6	1224	39	0	1275
25651	8	8	28	1217	0	1261
25652	9	7	10	1185	0	1211
25653	7	6	11	1250	0	1274
25654	3	8	1224	38	0	1273
25655	9	3	27	1213	0	1252
25656	1200	7	7	43	0	1257
25657	1204	3	17	19	0	1243
25658	25	1221	7	21	0	1274
25659	1226	20	7	19	0	1272
25660	26	9	1364	17	0	1416
25661	14	7	27	1357	0	1405
25662	13	11	9	1382	0	1415
25663	11	8	9	1403	0	1431
25664	1346	2	13	38	0	1399
25665	21	1323	12	38	0	1394
25666	14	22	2	1295	0	1333
25667	10	1314	6	32	0	1362
25668	1300	30	8	22	0	1360
25669	26	1316	5	16	0	1363
25670	1300	28	7	13	0	1348
25671	25	1253	9	14	0	1301
25672	12	1259	5	16	0	1292
25673	17	22	5	1219	0	1263
25674	11	21	9	1208	0	1249
25675	11	14	5	1215	0	1245
25676	5	14	1	1210	0	1230
25677	11	6	1174	34	0	1225
25678	7	1172	22	20	0	1221
25679	6	25	7	1109	0	1147
25680	9	1132	11	32	0	1184
25681	5	27	1127	18	0	1177
25682	3	16	23	1121	0	1163
25683	7	11	10	1168	0	1196
25684	7	4	1142	37	0	1190
25685	4	1113	19	29	0	1165
25686	7	20	14	1105	0	1146
25687	6	9	1112	34	0	1161
25688	2	1099	28	25	0	1154
25689	6	23	8	1096	0	1133
25690	3	15	1067	30	0	1115
25691	6	10	1029	21	0	1066
25692	7	1034	30	18	0	1089
25693	7	1117	8	18	0	1150
25694	5	34	12	1151	0	1202
25695	7	15	12	1246	0	1280
25696	4	12	1233	41	0	1290
25697	1187	8	30	24	0	1249
25698	1218	13	8	23	0	1262
25699	32	7	1211	19	0	1269
25700	9	1141	31	16	0	1197
25701	10	1143	11	12	0	1176
25702	9	1134	9	8	0	1160
25703	9	873	11	10	0	903
25704	18	36	12	854	0	920
25705	3	6	1	1019	0	1029
25706	4	5	0	1032	0	1041
25707	2	4	0	1047	0	1053
25708	1	1039	2	29	0	1071
25709	4	22	1	1022	0	1049
25710	2	1029	1	28	0	1060
25711	2	20	1	1053	0	1076
25712	1036	6	0	31	0	1073
25713	21	8	0	1032	0	1061
25714	3	1051	2	28	0	1084
25715	7	21	0	1066	0	1094
25716	7	5	0	1100	0	1112
25717	7	3	1	1084	0	1095
25718	1035	6	0	35	0	1076
25719	24	2	0	1074	0	1100
25720	3	7	1027	32	0	1069
25721	3	1060	20	18	0	1101
25722	10	22	5	1102	0	1139
25723	7	5	5	1125	0	1142
25724	8	8	6	1135	0	1157
25725	1075	5	6	34	0	1120
25726	27	7	1058	16	0	1108
25727	9	6	21	1046	0	1082
25728	9	1066	5	29	0	1109
25729	4	26	5	1089	0	1124
25730	1028	8	5	33	0	1074
25731	21	1035	3	15	0	1074
25732	9	21	1	1072	0	1103
25733	10	6	1	1069	0	1086
25734	4	1054	2	40	0	1100
25735	8	25	4	1086	0	1123
25736	6	10	4	1096	0	1116
25737	1	12	1056	39	0	1108
25738	3	1013	21	29	0	1066
25739	1032	23	3	24	0	1082
25740	27	8	1010	16	0	1061
25741	992	10	25	20	0	1047
25742	26	9	1032	22	0	1089
25743	8	8	25	1047	0	1088
25744	1005	9	5	40	0	1059
25745	35	5	8	993	0	1041
25746	1022	6	7	40	0	1075
25747	1044	8	7	24	0	1083
25748	1020	14	7	25	0	1066
25749	33	1017	5	21	0	1076
25750	18	28	5	1028	0	1079
25751	18	9	3	1047	0	1077
25752	17	10	10	1029	0	1066
25753	11	9	1007	46	0	1073
25754	16	7	28	1013	0	1064
25755	1024	10	10	47	0	1091
25756	1039	6	10	30	0	1085
25757	34	9	1018	25	0	1086
25758	1020	6	28	22	0	1076
25759	1061	11	8	21	0	1101
25760	39	9	12	938	0	998
25761	945	10	4	46	0	1005
25762	953	5	4	29	0	991
25763	36	11	12	946	0	1005
25764	939	8	5	48	0	1000
25765	965	8	7	25	0	1005
25766	38	11	8	948	0	1005
25767	28	12	711	41	0	792
25768	898	8	25	22	0	953
25769	40	3	921	27	0	991
25770	25	7	922	23	0	977
25771	23	921	36	25	0	1005
25772	22	28	18	917	0	985
25773	22	8	11	957	0	998
25774	25	11	10	924	0	970
25775	27	7	915	51	0	1000
25776	29	6	928	26	0	989
25777	20	937	34	25	0	1016
25778	19	29	15	913	0	976
25779	15	8	15	956	0	994
25780	13	9	12	965	0	999
25781	19	6	924	50	0	999
25782	21	910	32	30	0	993
25783	20	25	15	920	0	980
25784	22	11	937	42	0	1012
25785	22	12	935	25	0	994
25786	916	10	39	29	0	994
25787	929	13	17	26	0	985
25788	953	6	14	29	0	1002
25789	39	7	16	933	0	995
25790	31	4	919	39	0	993
25791	27	888	37	23	0	975
25792	22	924	12	29	0	987
25793	24	20	814	21	0	879
25794	26	37	30	707	0	800
25795	18	12	13	642	0	685
25796	17	631	21	23	0	692
25797	19	654	11	19	0	703
25798	637	21	19	18	0	695
25799	661	8	13	19	0	701
25800	653	10	9	18	0	690
25801	634	6	6	20	0	666
25802	605	6	6	18	0	635
25803	30	543	9	16	0	598
25804	17	420	12	7	0	456
25805	12	355	11	10	0	388
25806	360	11	12	13	0	396
25807	19	8	6	324	0	357
25808	10	3	7	336	0	356
25809	329	2	6	12	0	349
25810	11	309	6	13	0	339
25811	11	8	4	317	0	340
25812	13	3	3	318	0	337
25813	8	6	8	316	0	338
25814	314	3	4	14	0	335
25815	18	1	1	316	0	336
25816	10	1	298	9	0	318
25817	293	2	3	8	0	306
25818	10	3	3	300	0	316
25819	6	3	294	8	0	311
25820	10	292	4	5	0	311
25821	6	289	3	3	0	301
25822	268	10	6	2	0	286
25823	279	3	2	0	0	284
25824	10	299	1	0	0	310
25825	4	6	1	342	0	353
25826	340	1	1	11	0	353
25827	12	3	0	350	0	365
25828	3	0	1	382	0	386
25829	4	1	1	380	0	386
25830	1	1	0	381	0	383
25831	0	368	2	15	0	385
25832	1	10	1	376	0	388
25833	0	4	0	379	0	383
25834	0	2	1	390	0	393
25835	2	0	361	17	0	380
25836	0	368	10	9	0	387
25837	0	13	3	384	0	400
25838	0	4	385	16	0	405
25839	1	2	373	8	0	384
25840	1	382	15	7	0	405
25841	380	13	7	3	0	403
25842	12	4	4	386	0	406
25843	388	3	0	15	0	406
25844	13	393	4	4	0	414
25845	3	12	3	396	0	414
25846	394	6	1	13	0	414
25847	405	4	1	3	0	413
25848	15	0	0	400	0	415
25849	8	1	1	388	0	398
25850	4	4	381	14	0	403
25851	2	3	9	382	0	396
25852	5	0	3	388	0	396
25853	381	1	1	16	0	399
25854	12	373	1	10	0	396
25855	3	12	362	4	0	381
25856	345	3	12	4	0	364
25857	12	370	3	5	0	390
25858	3	12	1	380	0	396
25859	367	2	1	15	0	385
25860	13	4	1	355	0	373
25861	2	1	2	364	0	369
25862	4	0	349	17	0	370
25863	2	3	12	349	0	366
25864	332	1	5	18	0	356
25865	13	3	1	353	0	370
25866	345	1	0	19	0	365
25867	13	335	1	9	0	358
25868	6	354	3	5	0	368
25869	1	14	2	346	0	363
25870	3	3	2	353	0	361
25871	335	1	3	17	0	356
25872	13	340	1	7	0	361
25873	346	12	2	7	0	367
25874	356	6	2	5	0	369
25875	14	3	3	347	0	367
25876	346	3	0	18	0	367
25877	16	1	329	4	0	350
25878	5	3	10	339	0	357
25879	5	2	325	14	0	346
25880	7	2	11	332	0	352
25881	327	2	1	18	0	348
25882	339	1	1	7	0	348
25883	15	335	3	4	0	357
25884	3	10	3	331	0	347
25885	6	3	2	337	0	348
25886	1	319	3	15	0	338
25887	3	10	1	335	0	349
25888	7	3	1	338	0	349
25889	4	334	2	14	0	354
25890	318	13	0	10	0	341
25891	329	3	3	8	0	343
25892	15	5	3	319	0	342
25893	6	4	1	337	0	348
25894	2	3	327	22	0	354
25895	7	3	10	325	0	345
25896	3	313	4	16	0	336
25897	332	11	2	7	0	352
25898	14	7	2	335	0	358
25899	5	1	0	342	0	348
25900	320	0	3	16	0	339
25901	14	312	1	7	0	334
25902	5	13	2	324	0	344
25903	5	5	1	327	0	338
25904	2	323	1	16	0	342
25905	322	10	0	14	0	346
25906	13	4	310	7	0	334
25907	6	4	311	3	0	324
25908	3	4	8	305	0	320
25909	5	1	302	14	0	322
25910	282	3	8	8	0	301
25911	14	14	2	292	0	322
25912	5	2	303	13	0	323
25913	1	2	292	6	0	301
25914	1	298	11	10	0	320
25915	300	10	4	4	0	318
25916	15	306	3	1	0	325
25917	300	11	0	8	0	319
25918	316	2	2	7	0	327
25919	10	314	1	2	0	327
25920	310	10	0	4	0	324
25921	306	3	1	4	0	314
25922	11	3	286	3	0	303
25923	3	15	7	259	0	284
25924	1	244	4	7	0	256
25925	3	224	0	3	0	230
25926	6	12	0	207	0	225
25927	216	1	1	4	0	222
25928	4	0	0	201	0	205
25929	2	0	1	209	0	212
25930	1	0	0	228	0	229
25931	0	228	2	3	0	233
25932	1	2	0	254	0	257
25933	1	1	270	4	0	276
25934	276	1	5	2	0	284
25935	300	1	1	1	0	303
25936	9	289	1	0	0	299
25937	289	6	0	1	0	296
25938	7	1	0	295	0	303
25939	2	1	290	5	0	298
25940	289	0	4	2	0	295
25941	8	288	2	5	0	303
25942	2	7	1	300	0	310
25943	316	1	0	8	0	325
25944	6	309	2	2	0	319
25945	1	321	2	2	0	326
25946	312	8	1	2	0	323
25947	6	3	308	3	0	320
25948	320	1	5	2	0	328
25949	8	2	1	312	0	323
25950	2	2	0	317	0	321
25951	3	2	317	8	0	330
25952	2	0	322	2	0	326
25953	4	0	8	320	0	332
25954	1	2	317	7	0	327
25955	1	0	332	5	0	338
25956	4	1	8	331	0	344
25957	2	1	3	334	0	340
25958	339	1	3	8	0	351
25959	9	1	2	331	0	343
25960	331	1	2	8	0	342
25961	8	345	2	3	0	358
25962	3	7	0	343	0	353
25963	3	3	341	8	0	355
25964	342	2	8	4	0	356
25965	353	0	4	4	0	361
25966	360	1	2	3	0	366
25967	353	2	1	1	0	357
25968	347	1	1	5	0	354
25969	10	0	2	345	0	357
25970	4	0	328	7	0	339
25971	3	2	340	2	0	347
25972	4	0	354	3	0	361
25973	345	0	12	0	0	357
25974	353	1	4	1	0	359
25975	9	0	2	349	0	360
25976	4	345	1	12	0	362
25977	5	8	3	352	0	368
25978	3	2	356	13	0	374
25979	4	3	351	3	0	361
25980	337	1	10	2	0	350
25981	10	2	365	2	0	379
25982	5	1	10	362	0	378
25983	372	1	4	10	0	387
25984	343	2	3	5	0	353
25985	383	0	3	3	0	389
25986	405	1	1	2	0	409
25987	14	2	389	1	0	406
25988	381	0	9	5	0	395
25989	12	384	4	0	0	400
25990	5	8	2	384	0	399
25991	5	3	386	7	0	401
25992	7	1	8	385	0	401
25993	2	0	385	9	0	396
25994	3	1	8	369	0	381
25995	1	2	2	387	0	392
25996	1	0	372	16	0	389
25997	2	0	12	377	0	391
25998	370	0	4	11	0	385
25999	11	0	3	378	0	392
26000	3	0	3	384	0	390
26001	377	0	2	14	0	393
26002	8	373	2	5	0	388
26003	375	7	1	5	0	388
26004	13	367	2	1	0	383
26005	378	9	3	4	0	394
26006	12	2	378	2	0	394
26007	6	5	9	381	0	401
26008	3	3	2	384	0	392
26009	379	1	3	13	0	396
26010	13	388	2	5	0	408
26011	8	8	3	377	0	396
26012	4	3	1	395	0	403
26013	1	389	1	15	0	406
26014	381	7	2	5	0	395
26015	7	379	4	3	0	393
26016	5	8	1	373	0	387
26017	4	3	4	359	0	370
26018	1	352	2	9	0	364
26019	348	8	2	7	0	365
26020	10	5	353	4	0	372
26021	352	2	7	5	0	366
26022	11	369	3	3	0	386
26023	5	9	1	370	0	385
26024	370	5	2	10	0	387
26025	10	1	3	374	0	388
26026	6	2	2	382	0	392
26027	385	1	1	14	0	401
26028	11	378	0	6	0	395
26029	7	378	0	3	0	388
26030	356	13	1	2	0	372
26031	12	4	370	4	0	390
26032	4	344	8	3	0	359
26033	4	9	8	325	0	346
26034	0	4	383	6	0	393
26035	2	0	8	370	0	380
26036	366	0	4	9	0	379
26037	7	366	0	4	0	377
26038	7	7	0	337	0	351
26039	1	360	0	6	0	367
26040	349	7	0	4	0	360
26041	363	3	1	2	0	369
26042	11	356	1	0	0	368
26043	5	6	0	345	0	356
26044	0	363	1	5	0	369
26045	372	8	0	5	0	385
26046	380	5	0	1	0	386
26047	13	1	1	364	0	379
26048	6	1	0	370	0	377
26049	2	2	363	13	0	380
26050	346	2	9	7	0	364
26051	13	0	349	2	0	364
26052	7	2	9	353	0	371
26053	348	1	4	13	0	366
26054	11	361	3	6	0	381
26055	331	9	2	4	0	346
26056	10	6	299	0	0	315
26057	326	2	8	3	0	339
26058	13	356	6	1	0	376
26059	357	11	1	4	0	373
26060	11	381	0	2	0	394
26061	7	11	1	365	0	384
26062	3	5	364	10	0	382
26063	4	5	353	4	0	366
26064	3	2	14	358	0	377
26065	4	3	364	11	0	382
26066	1	5	10	363	0	379
26067	4	2	6	361	0	373
26068	3	3	356	13	0	375
26069	318	0	10	10	0	338
26070	361	1	6	4	0	372
26071	15	348	4	4	0	371
26072	351	8	0	6	0	365
26073	10	5	6	345	0	366
26074	8	1	350	10	0	369
26075	8	1	10	351	0	370
26076	4	8	5	359	0	376
26077	348	1	1	15	0	365
26078	9	344	1	8	0	362
26079	7	340	4	4	0	355
26080	3	13	3	348	0	367
26081	6	5	2	344	0	357
26082	3	341	2	12	0	358
26083	5	8	2	351	0	366
26084	3	10	1	348	0	362
26085	3	342	2	13	0	360
26086	324	7	1	10	0	342
26087	10	5	5	324	0	344
26088	4	331	1	14	0	350
26089	4	10	0	338	0	352
26090	333	5	3	9	0	350
26091	13	333	0	4	0	350
26092	340	9	0	9	0	358
26093	341	7	2	3	0	353
26094	14	4	2	337	0	357
26095	344	1	1	15	0	361
26096	352	3	6	7	0	368
26097	364	1	0	10	0	375
26098	364	2	3	6	0	375
26099	16	0	3	362	0	381
26100	9	2	0	372	0	383
26101	7	5	369	12	0	393
26102	9	2	6	365	0	382
26103	10	4	2	367	0	383
26104	6	6	363	14	0	389
26105	346	3	7	14	0	370
26106	13	4	4	383	0	404
26107	6	6	381	15	0	408
26108	363	1	11	9	0	384
26109	9	3	394	11	0	417
26110	6	405	11	6	0	428
26111	6	432	9	8	0	455
26112	5	11	6	429	0	451
26113	2	7	482	16	0	507
26114	464	1	15	9	0	489
26115	515	3	4	6	0	528
26116	18	9	499	5	0	531
26117	499	2	14	5	0	520
26118	516	2	7	6	0	531
26119	22	504	3	3	0	532
26120	501	14	2	4	0	521
26121	22	3	3	487	0	515
26122	9	4	480	16	0	509
26123	8	1	15	438	0	462
26124	6	488	5	14	0	513
26125	5	492	3	10	0	510
26126	490	11	6	9	0	516
26127	476	6	5	6	0	493
26128	484	5	0	12	0	501
26129	15	4	4	480	0	503
26130	11	9	3	458	0	481
26131	11	452	4	8	0	475
26132	459	17	1	6	0	483
26133	17	476	3	7	0	503
26134	409	8	5	5	0	427
26135	16	409	5	5	0	435
26136	418	9	5	5	0	437
26137	401	5	5	7	0	418
26138	17	8	4	391	0	420
26139	10	403	3	8	0	424
26140	10	14	383	3	0	410
26141	370	8	8	5	0	391
26142	16	374	1	5	0	396
26143	7	8	378	3	0	396
26144	5	5	395	3	0	408
26145	5	5	7	385	0	402
26146	3	7	2	384	0	396
26147	6	399	2	10	0	417
26148	407	8	19	4	0	438
26149	12	6	0	409	0	427
26150	8	440	1	8	0	457
26151	3	449	2	5	0	459
26152	4	11	444	5	0	464
26153	6	4	455	3	0	468
26154	446	7	5	3	0	461
26155	14	5	457	2	0	478
26156	4	8	5	459	0	476
26157	9	4	3	469	0	485
26158	8	4	461	8	0	481
26159	5	4	5	464	0	478
26160	5	7	5	415	0	432
26161	445	2	7	8	0	462
26162	455	3	4	5	0	467
26163	8	6	3	455	0	472
26164	5	442	7	7	0	461
26165	4	460	10	1	0	475
26166	469	6	4	8	0	487
26167	6	7	460	9	0	482
26168	7	7	8	464	0	486
26169	474	2	3	12	0	491
26170	468	2	3	9	0	482
26171	10	8	4	465	0	487
26172	4	7	464	8	0	483
26173	2	5	459	4	0	470
26174	429	3	12	6	0	450
26175	446	5	6	4	0	461
26176	12	452	9	5	0	478
26177	6	459	5	13	0	483
26178	472	5	3	14	0	494
26179	479	4	7	6	0	496
26180	10	2	5	498	0	515
26181	7	5	1	517	0	530
26182	13	3	2	513	0	531
26183	508	5	3	12	0	528
26184	15	1	3	508	0	527
26185	7	6	512	10	0	535
26186	505	4	6	10	0	525
26187	16	8	2	511	0	537
26188	8	4	521	7	0	540
26189	501	3	4	14	0	522
26190	449	6	5	2	0	462
26191	14	514	3	5	0	536
26192	12	521	7	5	0	545
26193	9	7	476	7	0	499
26194	500	3	7	8	0	518
26195	11	518	5	3	0	537
26196	16	5	485	2	0	508
26197	476	9	6	9	0	500
26198	9	522	5	4	0	540
26199	12	9	513	4	0	538
26200	496	5	6	8	0	515
26201	10	509	6	7	0	532
26202	12	5	2	516	0	535
26203	520	3	4	14	0	541
26204	11	520	1	11	0	543
26205	4	6	3	524	0	537
26206	503	4	10	7	0	524
26207	13	1	503	9	0	526
26208	7	479	6	9	0	501
26209	9	7	483	2	0	501
26210	8	27	4	435	0	474
26211	11	0	442	6	0	459
26212	3	432	3	3	0	441
26213	2	394	2	1	0	399
26214	2	14	1	384	0	401
26215	1	1	2	364	0	368
26216	2	1	0	370	0	373
26217	0	0	387	1	0	388
26218	0	0	1	383	0	384
26219	384	0	2	0	0	386
26220	375	1	0	3	0	379
26221	0	2	400	0	0	402
26222	1	402	0	1	0	404
26223	395	0	1	5	0	401
26224	0	393	0	2	0	395
26225	385	0	1	2	0	388
26226	384	1	0	5	0	390
26227	2	0	385	0	0	387
26228	2	389	0	0	0	391
26229	1	0	2	391	0	394
26230	0	3	391	0	0	394
26231	363	0	2	2	0	367
26232	4	1	1	375	0	381
26233	2	2	368	0	0	372
26234	343	1	1	3	0	348
26235	2	0	381	1	0	384
26236	2	2	2	388	0	394
26237	404	0	1	5	0	410
26238	2	419	1	2	0	424
26239	2	1	430	0	0	433
26240	422	1	1	5	0	429
26241	481	0	3	2	0	486
26242	4	496	1	1	0	502
26243	7	2	1	502	0	512
26244	1	5	1	476	0	483
26245	462	0	1	8	0	471
26246	5	1	1	465	0	472
26247	6	2	471	2	0	481
26248	1	2	1	452	0	456
26249	457	0	5	4	0	466
26250	2	447	1	7	0	457
26251	7	2	0	429	0	438
26252	1	437	2	4	0	444
26253	421	2	2	12	0	437
26254	5	7	0	469	0	481
26255	8	4	1	478	0	491
26256	3	483	1	15	0	502
26257	1	9	471	10	0	491
26258	4	10	7	462	0	483
26259	2	3	6	476	0	487
26260	2	1	2	482	0	487
26261	4	462	0	18	0	484
26262	2	9	456	10	0	477
26263	1	9	456	5	0	471
26264	444	4	14	6	0	468
26265	468	1	11	6	0	486
26266	17	2	464	4	0	487
26267	455	3	7	10	0	475
26268	10	1	488	5	0	504
26269	463	3	11	0	0	477
26270	12	459	13	8	0	492
26271	480	7	6	5	0	498
26272	13	8	481	5	0	507
26273	10	3	495	5	0	513
26274	4	3	19	530	0	556
26275	555	2	11	13	0	581
26276	11	597	9	10	0	627
26277	14	13	644	3	0	674
26278	12	10	20	651	0	693
26279	5	3	14	685	0	707
26280	663	1	6	33	0	703
26281	657	2	6	17	0	682
26282	33	3	4	642	0	682
26283	658	5	1	21	0	685
26284	26	3	645	13	0	687
26285	14	1	24	647	0	686
26286	9	2	13	666	0	690
26287	651	1	5	28	0	685
26288	653	1	2	18	0	674
26289	35	3	2	643	0	683
26290	646	1	6	24	0	677
26291	24	1	630	15	0	670
26292	10	629	21	9	0	669
26293	12	18	637	3	0	670
26294	6	9	25	651	0	691
26295	639	3	9	28	0	679
26296	25	649	6	13	0	693
26297	13	22	7	641	0	683
26298	5	13	3	632	0	653
26299	3	630	5	29	0	667
26300	8	19	1	650	0	678
26301	9	10	1	651	0	671
26302	6	5	2	660	0	673
26303	10	3	1	662	0	676
26304	9	1	3	649	0	662
26305	5	633	2	34	0	674
26306	3	23	6	642	0	674
26307	5	8	3	656	0	672
26308	8	5	622	36	0	671
26309	6	629	21	18	0	674
26310	8	21	8	629	0	666
26311	5	8	5	640	0	658
26312	9	7	1	636	0	653
26313	2	612	5	37	0	656
26314	3	22	610	18	0	653
26315	4	13	22	627	0	666
26316	5	4	624	31	0	664
26317	4	4	622	16	0	646
26318	2	5	29	628	0	664
26319	621	5	11	32	0	669
26320	25	1	7	628	0	661
26321	10	5	4	616	0	635
26322	5	624	6	30	0	665
26323	3	22	4	643	0	672
26324	5	9	3	662	0	679
26325	5	5	647	39	0	696
26326	4	665	21	21	0	711
26327	4	23	13	677	0	717
26328	650	11	4	32	0	697
26329	20	5	661	17	0	703
26330	13	2	29	658	0	702
26331	6	4	12	685	0	707
26332	665	4	6	37	0	712
26333	23	655	5	23	0	706
26334	652	20	2	16	0	690
26335	26	655	4	7	0	692
26336	14	24	2	642	0	682
26337	628	8	3	30	0	669
26338	27	7	630	15	0	679
26339	10	611	23	11	0	655
26340	9	626	7	10	0	652
26341	568	30	5	10	0	613
26342	23	9	6	544	0	582
26343	9	544	3	32	0	588
26344	8	575	3	13	0	599
26345	4	26	2	561	0	593
26346	6	10	3	574	0	593
26347	548	7	1	35	0	591
26348	25	554	2	15	0	596
26349	6	22	2	549	0	579
26350	9	4	536	28	0	577
26351	5	550	22	11	0	588
26352	3	22	548	11	0	584
26353	7	552	26	2	0	587
26354	0	24	15	491	0	530
26355	8	4	2	499	0	513
26356	1	508	5	20	0	534
26357	4	15	500	8	0	527
26358	486	3	18	6	0	513
26359	19	4	2	519	0	544
26360	3	4	1	533	0	541
26361	3	5	513	24	0	545
26362	3	7	18	513	0	541
26363	1	1	522	28	0	552
26364	4	3	18	520	0	545
26365	0	6	551	22	0	579
26366	2	583	19	11	0	615
26367	1	19	593	9	0	622
26368	4	8	19	574	0	605
26369	570	4	4	29	0	607
26370	20	577	1	11	0	609
26371	6	18	4	580	0	608
26372	4	7	563	23	0	597
26373	1	578	22	12	0	613
26374	6	19	4	520	0	549
26375	0	4	518	22	0	544
26376	1	456	13	9	0	479
26377	402	12	6	12	0	432
26378	406	3	1	1	0	411
26379	10	0	1	404	0	415
26380	401	1	0	8	0	410
26381	8	0	1	397	0	406
26382	2	0	0	405	0	407
26383	1	0	422	10	0	433
26384	1	0	8	409	0	418
26385	0	1	1	421	0	423
26386	415	0	1	11	0	427
26387	417	1	1	2	0	421
26388	9	408	0	1	0	418
26389	2	6	412	1	0	421
26390	1	3	6	410	0	420
26391	1	1	406	9	0	417
26392	382	0	8	3	0	393
26393	8	1	404	1	0	414
26394	4	0	6	385	0	395
26395	1	401	2	9	0	413
26396	1	8	1	391	0	401
26397	1	1	1	398	0	401
26398	2	0	407	10	0	419
26399	2	0	8	410	0	420
26400	411	0	3	10	0	424
26401	415	0	2	4	0	421
26402	414	2	1	1	0	418
26403	412	1	3	3	0	419
26404	8	400	3	2	0	413
26405	1	405	2	3	0	411
26406	7	8	1	359	0	375
26407	4	2	2	405	0	413
26408	0	379	1	10	0	390
26409	1	8	2	399	0	410
26410	0	3	2	404	0	409
26411	0	2	2	404	0	408
26412	4	0	2	399	0	405
26413	2	2	2	399	0	405
26414	396	2	0	13	0	411
26415	12	390	0	2	0	404
26416	5	7	373	4	0	389
26417	4	3	8	379	0	394
26418	2	3	4	388	0	397
26419	0	2	2	383	0	387
26420	373	2	2	12	0	389
26421	11	427	1	4	0	443
26422	7	11	1	430	0	449
26423	3	440	0	15	0	458
26424	3	13	2	432	0	450
26425	2	441	0	16	0	459
26426	0	14	439	8	0	461
26427	3	1	16	459	0	479
26428	1	5	523	16	0	545
26429	7	4	19	524	0	554
26430	4	2	6	568	0	580
26431	558	0	6	26	0	590
26432	584	4	2	10	0	600
26433	589	5	2	13	0	609
26434	588	3	3	12	0	606
26435	590	4	6	5	0	605
26436	26	2	4	564	0	596
26437	9	566	4	20	0	599
26438	8	18	3	555	0	584
26439	7	6	535	23	0	571
26440	532	8	12	7	0	559
26441	562	2	4	10	0	578
26442	23	0	4	549	0	576
26443	11	3	4	543	0	561
26444	9	527	0	28	0	564
26445	10	15	3	543	0	571
26446	5	4	4	539	0	552
26447	6	533	1	28	0	568
26448	6	15	4	554	0	579
26449	509	5	1	26	0	541
26450	20	5	528	10	0	563
26451	511	4	14	12	0	541
26452	21	4	514	8	0	547
26453	5	2	21	512	0	540
26454	7	4	8	512	0	531
26455	9	501	6	21	0	537
26456	4	517	4	10	0	535
26457	4	20	3	502	0	529
26458	6	7	505	24	0	542
26459	486	4	16	9	0	515
26460	21	3	5	491	0	520
26461	7	491	7	22	0	527
26462	6	17	3	495	0	521
26463	6	7	0	501	0	514
26464	8	476	2	21	0	507
26465	6	18	3	463	0	490
26466	4	4	407	18	0	433
26467	1	4	417	6	0	428
26468	3	2	16	401	0	422
26469	2	420	2	17	0	441
26470	5	17	2	425	0	449
26471	423	3	1	21	0	448
26472	432	3	0	7	0	442
26473	412	4	1	6	0	423
26474	16	403	1	3	0	423
26475	5	10	408	2	0	425
26476	399	2	16	1	0	418
26477	409	1	1	3	0	414
26478	16	402	3	2	0	423
26479	6	14	1	391	0	412
26480	393	1	0	16	0	410
26481	404	6	0	1	0	411
26482	405	2	1	4	0	412
26483	18	4	0	363	0	385
26484	368	1	5	13	0	387
26485	20	1	1	366	0	388
26486	5	1	3	382	0	391
26487	375	3	0	19	0	397
26488	17	1	0	378	0	396
26489	374	1	1	18	0	394
26490	18	1	0	379	0	398
26491	10	1	2	391	0	404
26492	378	2	2	21	0	403
26493	20	3	372	8	0	403
26494	5	4	13	387	0	409
26495	6	4	3	388	0	401
26496	9	0	3	384	0	396
26497	6	0	5	382	0	393
26498	9	1	1	363	0	374
26499	9	352	0	23	0	384
26500	4	15	3	362	0	384
26501	8	1	349	23	0	381
26502	10	4	13	352	0	379
26503	7	3	2	362	0	374
26504	5	1	2	376	0	384
26505	4	5	352	20	0	381
26506	2	3	354	16	0	375
26507	347	2	12	12	0	373
26508	355	2	10	3	0	370
26509	17	354	5	7	0	383
26510	11	13	6	374	0	404
26511	6	1	2	391	0	400
26512	5	2	1	388	0	396
26513	371	6	2	21	0	400
26514	395	5	3	13	0	416
26515	16	2	4	395	0	417
26516	6	4	5	401	0	416
26517	11	3	2	395	0	411
26518	7	3	1	404	0	415
26519	385	6	3	24	0	418
26520	16	0	380	14	0	410
26521	4	301	14	10	0	329
26522	5	279	2	7	0	293
26523	287	8	0	6	0	301
26524	9	4	3	287	0	303
26525	1	2	265	15	0	283
26526	2	0	242	7	0	251
26527	1	250	6	7	0	264
26528	192	1	0	2	0	195
26529	4	1	172	1	0	178
26530	140	0	0	3	0	143
26531	2	0	0	157	0	159
26532	0	0	0	148	0	148
26533	1	140	0	3	0	144
26534	2	158	0	2	0	162
26535	161	0	1	2	0	164
26536	157	1	1	2	0	161
26537	0	169	0	2	0	171
26538	1	3	165	1	0	170
26539	1	1	171	2	0	175
26540	0	0	3	168	0	171
26541	171	1	2	1	0	175
26542	0	174	1	3	0	178
26543	3	1	0	176	0	180
26544	180	0	1	2	0	183
26545	2	0	2	187	0	191
26546	3	0	0	193	0	196
26547	190	1	0	3	0	194
26548	2	193	0	2	0	197
26549	1	204	2	1	0	208
26550	2	2	213	2	0	219
26551	2	1	0	219	0	222
26552	3	1	1	218	0	223
26553	1	2	228	1	0	232
26554	200	1	2	3	0	206
26555	219	1	2	3	0	225
26556	2	0	230	3	0	235
26557	206	1	1	2	0	210
26558	2	1	234	2	0	239
26559	2	239	2	2	0	245
26560	1	0	1	253	0	255
26561	2	1	1	266	0	270
26562	267	0	1	2	0	270
26563	268	1	0	4	0	273
26564	273	2	1	0	0	276
26565	276	2	2	1	0	281
26566	270	0	1	2	0	273
26567	3	0	267	3	0	273
26568	1	271	2	2	0	276
26569	3	1	2	266	0	272
26570	3	272	0	0	0	275
26571	1	279	1	2	0	283
26572	2	1	1	283	0	287
26573	1	1	2	277	0	281
26574	1	1	288	3	0	293
26575	276	1	1	3	0	281
26576	281	0	3	4	0	288
26577	4	287	0	1	0	292
26578	289	1	1	1	0	292
26579	294	3	0	1	0	298
26580	1	0	0	297	0	298
26581	1	0	342	2	0	345
26582	1	1	339	1	0	342
26583	349	1	1	1	0	352
26584	352	0	1	0	0	353
26585	2	354	1	0	0	357
26586	3	376	0	1	0	380
26587	1	0	1	398	0	400
26588	393	3	2	2	0	400
26589	1	1	407	2	0	411
26590	1	0	2	412	0	415
26591	420	0	1	4	0	425
26592	419	1	1	2	0	423
26593	3	0	0	437	0	440
26594	444	0	0	5	0	449
26595	4	0	435	1	0	440
26596	2	2	468	2	0	474
26597	3	1	3	469	0	476
26598	2	0	2	491	0	495
26599	1	1	2	489	0	493
26600	2	468	0	4	0	474
26601	0	487	0	3	0	490
26602	0	3	0	498	0	501
26603	495	4	0	3	0	502
26604	2	2	0	491	0	495
26605	1	0	0	487	0	488
26606	1	481	0	2	0	484
26607	0	496	0	2	0	498
26608	0	3	0	499	0	502
26609	2	3	0	494	0	499
26610	485	2	0	5	0	492
26611	3	489	0	3	0	495
26612	498	2	0	2	0	502
26613	4	1	0	502	0	507
26614	1	2	480	2	0	485
26615	3	0	454	1	0	458
26616	488	0	3	2	0	493
26617	2	0	3	511	0	516
26618	1	0	2	520	0	523
26619	2	1	0	518	0	521
26620	1	0	520	5	0	526
26621	1	0	2	533	0	536
26622	0	514	0	4	0	518
26623	1	2	2	539	0	544
26624	0	1	0	540	0	541
26625	0	530	1	3	0	534
26626	0	6	0	555	0	561
26627	542	1	0	10	0	553
26628	7	537	0	3	0	547
26629	571	8	0	3	0	582
26630	578	1	0	2	0	581
26631	9	3	0	562	0	574
26632	7	1	0	557	0	565
26633	11	0	0	565	0	576
26634	3	0	530	17	0	550
26635	1	500	8	11	0	520
26636	0	536	2	10	0	548
26637	3	9	6	526	0	544
26638	524	6	1	10	0	541
26639	10	8	1	518	0	537
26640	2	2	535	19	0	558
26641	9	509	9	3	0	530
26642	1	533	2	9	0	545
26643	538	11	5	3	0	557
26644	539	6	3	4	0	552
26645	10	568	2	1	0	581
26646	602	11	0	7	0	620
26647	18	3	587	2	0	610
26648	3	7	572	1	0	583
26649	586	5	10	1	0	602
26650	610	3	7	2	0	622
26651	15	0	9	616	0	640
26652	609	1	3	12	0	625
26653	19	2	592	2	0	615
26654	5	2	629	8	0	644
26655	10	1	13	681	0	705
26656	2	1	7	788	0	798
26657	5	1	5	810	0	821
26658	3	0	3	834	0	840
26659	5	0	1	930	0	936
26660	1	3	895	33	0	932
26661	4	0	17	894	0	915
26662	889	0	4	36	0	929
26663	20	1	9	896	0	926
26664	876	1	6	42	0	925
26665	31	0	1	902	0	934
26666	930	1	5	39	0	975
26667	949	1	2	24	0	976
26668	34	1	6	934	0	975
26669	18	0	5	956	0	979
26670	935	1	3	31	0	970
26671	934	2	1	24	0	961
26672	34	4	916	22	0	976
26673	20	2	19	923	0	964
26674	25	2	3	949	0	979
26675	936	0	7	32	0	975
26676	953	1	7	27	0	988
26677	30	5	3	969	0	1007
26678	24	2	2	995	0	1023
26679	31	2	3	979	0	1015
26680	17	2	6	973	0	998
26681	10	863	3	51	0	927
26682	6	907	2	36	0	951
26683	11	20	7	902	0	940
26684	13	894	0	32	0	939
26685	12	27	4	905	0	948
26686	6	12	866	47	0	931
26687	9	10	830	26	0	875
26688	6	862	20	27	0	915
26689	7	24	15	859	0	905
26690	2	10	851	30	0	893
26691	2	11	22	838	0	873
26692	8	13	10	869	0	900
26693	857	3	10	51	0	921
26694	26	9	12	885	0	932
26695	10	4	879	44	0	937
26696	14	9	836	28	0	887
26697	17	841	25	24	0	907
26698	11	909	18	25	0	963
26699	914	22	18	21	0	975
26700	23	12	958	27	0	1020
26701	17	11	24	958	0	1010
26702	989	6	10	36	0	1041
26703	990	7	19	20	0	1036
26704	26	993	20	29	0	1068
26705	23	25	9	945	0	1002
26706	24	13	8	1023	0	1068
26707	24	12	9	1014	0	1059
26708	998	9	9	49	0	1065
26709	29	4	986	41	0	1060
26710	21	998	24	31	0	1074
26711	31	20	8	989	0	1048
26712	22	12	10	1025	0	1069
26713	8	16	987	46	0	1057
26714	12	15	17	1003	0	1047
26715	12	5	8	1027	0	1052
26716	15	11	12	1008	0	1046
26717	11	9	16	1008	0	1044
26718	8	11	964	54	0	1037
26719	11	12	28	985	0	1036
26720	10	10	971	58	0	1049
26721	9	965	37	38	0	1049
26722	10	15	19	988	0	1032
26723	7	13	12	1015	0	1047
26724	13	9	964	54	0	1040
26725	10	946	25	37	0	1018
26726	14	20	16	961	0	1011
26727	10	8	950	49	0	1017
26728	10	951	30	28	0	1019
26729	9	21	8	948	0	986
26730	11	10	931	33	0	985
26731	11	5	25	938	0	979
26732	6	14	13	916	0	949
26733	6	10	12	970	0	998
26734	946	11	11	31	0	999
26735	21	946	12	27	0	1006
26736	934	22	11	23	0	990
26737	18	12	935	31	0	996
26738	957	7	20	32	0	1016
26739	1023	13	10	29	0	1075
26740	27	5	10	1027	0	1069
26741	1021	9	13	35	0	1078
26742	1041	9	5	28	0	1083
26743	1069	9	7	21	0	1106
26744	27	12	6	1060	0	1105
26745	20	6	14	1018	0	1058
26746	15	5	949	24	0	993
26747	20	1	905	20	0	946
26748	895	9	14	19	0	937
26749	24	3	3	958	0	988
26750	14	974	13	22	0	1023
26751	983	9	9	20	0	1021
26752	22	981	7	16	0	1026
26753	10	981	8	18	0	1017
26754	11	17	939	19	0	986
26755	5	6	912	11	0	934
26756	10	12	10	876	0	908
26757	9	3	921	16	0	949
26758	3	5	811	10	0	829
26759	735	1	1	4	0	741
26760	796	0	1	3	0	800
26761	2	0	0	802	0	804
26762	1	0	0	815	0	816
26763	1	1	835	3	0	840
26764	1	836	4	0	0	841
26765	0	1	2	844	0	847
26766	856	1	0	5	0	862
26767	4	0	0	861	0	865
26768	0	871	1	4	0	876
26769	4	1	855	1	0	861
26770	0	878	3	2	0	883
26771	879	3	1	4	0	887
26772	864	1	0	5	0	870
26773	3	0	1	863	0	867
26774	0	0	900	4	0	904
26775	0	0	821	0	0	821
26776	1	902	4	1	0	908
26777	1	3	2	859	0	865
26778	0	2	0	908	0	910
26779	1	2	906	4	0	913
26780	2	1	2	885	0	890
26781	1	925	2	3	0	931
26782	0	5	1	941	0	947
26783	0	2	1	934	0	937
26784	0	1	931	7	0	939
26785	1	0	6	916	0	923
26786	935	0	4	6	0	945
26787	9	1	943	3	0	956
26788	7	1	915	0	0	923
26789	1	956	11	1	0	969
26790	1	7	6	989	0	1003
26791	1	4	1	1022	0	1028
26792	0	1	1004	14	0	1019
26793	905	0	6	12	0	923
26794	11	0	7	973	0	991
26795	7	0	950	8	0	965
26796	3	0	8	916	0	927
26797	0	0	944	10	0	954
26798	4	0	902	7	0	913
26799	0	937	16	2	0	955
26800	3	8	9	872	0	892
26801	0	914	1	7	0	922
26802	874	10	0	10	0	894
26803	11	6	886	1	0	904
26804	8	875	8	0	0	891
26805	2	8	7	892	0	909
26806	876	7	3	12	0	898
26807	7	878	3	7	0	895
26808	7	8	1	915	0	931
26809	3	7	0	905	0	915
26810	0	915	0	16	0	931
26811	908	9	1	9	0	927
26812	10	7	1	1090	0	1108
26813	15	3	1	1122	0	1141
26814	3	1	1106	23	0	1133
26815	0	1154	11	16	0	1181
26816	2	15	14	1186	0	1217
26817	2	12	3	1303	0	1320
26818	2	1324	1	29	0	1356
26819	8	19	0	1339	0	1366
26820	3	12	2	1369	0	1386
26821	4	3	2	1379	0	1388
26822	0	1373	1	34	0	1408
26823	1365	20	0	20	0	1405
26824	22	13	1384	4	0	1423
26825	1307	3	20	7	0	1337
26826	25	1388	13	3	0	1429
26827	19	20	3	1385	0	1427
26828	5	14	1416	22	0	1457
26829	7	3	23	1431	0	1464
26830	7	0	15	1412	0	1434
26831	4	1	6	1462	0	1473
26832	1	3	1435	39	0	1478
26833	1	1414	22	16	0	1453
26834	1	21	1440	4	0	1466
26835	1	1455	27	12	0	1495
26836	4	29	1470	1	0	1504
26837	6	14	23	1459	0	1502
26838	1441	2	13	30	0	1486
26839	22	1455	5	15	0	1497
26840	13	25	1460	6	0	1504
26841	3	1455	23	6	0	1487
26842	0	27	1465	3	0	1495
26843	6	16	24	1391	0	1437
26844	9	5	14	1393	0	1421
26845	1	1403	7	35	0	1446
26846	5	1459	5	15	0	1484
26847	1467	35	2	11	0	1515
26848	26	18	4	1490	0	1538
26849	17	6	1499	28	0	1550
26850	9	7	29	1466	0	1511
26851	1	6	1489	35	0	1531
26852	3	8	1488	22	0	1521
26853	6	6	39	1411	0	1462
26854	3	1447	22	29	0	1501
26855	1458	29	2	27	0	1516
26856	27	17	6	1453	0	1503
26857	20	9	4	1434	0	1467
26858	8	1459	10	40	0	1517
26859	1460	29	3	23	0	1515
26860	1476	18	6	11	0	1511
26861	37	7	6	1442	0	1492
26862	17	1433	6	36	0	1492
26863	4	1543	7	24	0	1578
26864	1510	37	4	23	0	1574
26865	29	21	1504	9	0	1563
26866	1466	7	33	7	0	1513
26867	1483	13	19	10	0	1525
26868	1493	5	10	12	0	1520
26869	42	1497	8	7	0	1554
26870	18	29	10	1526	0	1583
26871	1523	14	2	38	0	1577
26872	1516	5	4	26	0	1551
26873	44	1528	6	11	0	1589
26874	1548	30	7	8	0	1593
26875	27	18	9	1541	0	1595
26876	22	9	7	1521	0	1559
26877	5	1516	11	41	0	1573
26878	5	26	3	1575	0	1609
26879	7	19	2	1568	0	1596
26880	6	1542	2	37	0	1587
26881	13	24	3	1488	0	1528
26882	5	1552	4	30	0	1591
26883	1549	25	10	23	0	1607
26884	1522	19	7	16	0	1564
26885	34	1524	4	13	0	1575
26886	15	21	1551	7	0	1594
26887	7	18	21	1534	0	1580
26888	12	9	1531	28	0	1580
26889	10	1497	23	14	0	1544
26890	9	1511	14	15	0	1549
26891	1466	27	6	20	0	1519
26892	25	1547	7	14	0	1593
26893	15	23	11	1513	0	1562
26894	11	1528	6	19	0	1564
26895	9	1575	3	13	0	1600
26896	1556	29	4	16	0	1605
26897	23	15	6	1590	0	1634
26898	13	9	1556	24	0	1602
26899	4	10	1516	20	0	1550
26900	9	1549	29	9	0	1596
26901	1542	23	9	14	0	1588
26902	27	1580	4	8	0	1619
26903	13	29	5	1600	0	1647
26904	1622	22	6	34	0	1684
26905	30	7	7	1652	0	1696
26906	25	5	9	1649	0	1688
26907	14	1638	9	29	0	1690
26908	16	28	3	1645	0	1692
26909	13	17	1647	22	0	1699
26910	1581	12	23	22	0	1638
26911	24	1692	11	28	0	1755
26912	14	1606	7	8	0	1635
26913	1552	24	11	11	0	1598
26914	23	21	1565	6	0	1615
26915	1480	11	17	13	0	1521
26916	23	1735	4	5	0	1767
26917	15	1794	6	4	0	1819
26918	8	27	1796	3	0	1834
26919	1	1805	28	3	0	1837
26920	12	31	22	1631	0	1696
26921	10	13	3	1714	0	1740
26922	6	1753	5	29	0	1793
26923	3	28	4	1760	0	1795
26924	1761	12	0	35	0	1808
26925	29	5	1750	13	0	1797
26926	1732	5	24	8	0	1769
26927	1768	9	10	9	0	1796
26928	1746	1	7	15	0	1769
26929	39	7	1731	3	0	1780
26930	22	7	26	1716	0	1771
26931	16	6	1728	27	0	1777
26932	1661	8	30	12	0	1711
26933	1698	4	13	14	0	1729
26934	36	1712	6	8	0	1762
26935	19	31	7	1703	0	1760
26936	11	1772	6	25	0	1814
26937	13	31	1784	9	0	1837
26938	10	12	31	1793	0	1846
26939	1759	8	12	37	0	1816
26940	1792	6	5	19	0	1822
26941	38	1	10	1724	0	1773
26942	19	1712	2	34	0	1767
26943	10	28	1739	14	0	1791
26944	8	14	1737	8	0	1767
26945	1661	7	38	11	0	1717
26946	35	9	1752	4	0	1800
26947	14	1741	40	1	0	1796
26948	10	31	18	1731	0	1790
26949	13	14	1764	29	0	1820
26950	11	8	36	1688	0	1743
26951	11	3	1715	37	0	1766
26952	1619	8	34	17	0	1678
26953	37	1	17	1661	0	1716
26954	13	1637	11	38	0	1699
26955	10	1668	10	13	0	1701
26956	11	38	5	1626	0	1680
26957	11	21	6	1597	0	1635
26958	10	1608	4	47	0	1669
26959	9	35	1599	19	0	1662
26960	7	16	33	1605	0	1661
26961	2	18	1617	36	0	1673
26962	8	8	1575	14	0	1605
26963	1452	5	47	12	0	1516
26964	31	1505	28	8	0	1572
26965	1516	40	11	6	0	1573
26966	42	17	10	1458	0	1527
26967	23	1503	12	34	0	1572
26968	12	42	8	1513	0	1575
26969	12	16	12	1490	0	1530
26970	8	1459	8	55	0	1530
26971	8	42	1454	27	0	1531
26972	18	20	41	1461	0	1540
26973	1458	7	17	48	0	1530
26974	37	15	16	1436	0	1504
26975	23	9	16	1449	0	1497
26976	13	13	1418	48	0	1492
26977	15	1411	33	25	0	1484
26978	15	39	21	1390	0	1465
26979	3	25	1417	44	0	1489
26980	5	17	1405	30	0	1457
26981	1338	18	54	16	0	1426
26982	38	1391	28	20	0	1477
26983	1380	42	18	18	0	1458
26984	42	1375	14	20	0	1451
26985	23	1406	11	26	0	1466
26986	1350	56	9	24	0	1439
26987	45	30	12	1317	0	1404
26988	27	1353	15	46	0	1441
26989	27	37	22	1367	0	1453
26990	1368	21	14	46	0	1449
26991	57	10	1395	26	0	1488
26992	31	14	1321	24	0	1390
26993	1295	7	56	24	0	1382
26994	49	1327	32	12	0	1420
26995	23	36	1338	21	0	1418
26996	25	1333	47	11	0	1416
26997	23	47	22	1294	0	1386
26998	12	31	1301	52	0	1396
26999	15	24	47	1277	0	1363
27000	13	18	1276	53	0	1360
27001	1203	13	51	34	0	1301
27002	48	1255	25	26	0	1354
27003	1254	38	18	25	0	1335
27004	50	30	18	1179	0	1277
27005	25	1250	16	51	0	1342
27006	1262	46	22	21	0	1351
27007	1179	30	15	28	0	1252
27008	49	15	1268	19	0	1351
27009	22	21	1247	15	0	1305
27010	1100	13	48	22	0	1183
27011	39	1111	40	10	0	1200
27012	20	1107	27	19	0	1173
27013	26	50	30	1049	0	1155
27014	27	21	1069	34	0	1151
27015	16	1004	33	25	0	1078
27016	11	831	14	26	0	882
27017	20	30	14	609	0	673
27018	606	9	6	24	0	645
27019	637	8	6	12	0	663
27020	656	4	8	11	0	679
27021	23	1	634	7	0	665
27022	641	9	17	5	0	672
27023	652	10	7	4	0	673
27024	668	8	5	9	0	690
27025	28	8	2	630	0	668
27026	10	636	4	21	0	671
27027	647	13	5	12	0	677
27028	16	648	8	9	0	681
27029	7	16	6	629	0	658
27030	5	8	648	18	0	679
27031	8	6	18	649	0	681
27032	5	6	10	658	0	679
27033	10	2	649	19	0	680
27034	5	661	15	10	0	691
27035	5	10	6	563	0	584
27036	571	6	4	9	0	590
27037	10	546	2	7	0	565
27038	516	12	3	2	0	533
27039	14	5	2	523	0	544
27040	6	532	1	10	0	549
27041	526	8	5	3	0	542
27042	13	544	4	3	0	564
27043	4	13	525	1	0	543
27044	536	6	9	5	0	556
27045	554	4	6	1	0	565
27046	18	561	0	6	0	585
27047	11	12	542	2	0	567
27048	7	533	15	0	0	555
27049	12	22	7	318	0	359
27050	6	4	4	535	0	549
27051	4	5	4	524	0	537
27052	4	526	0	18	0	548
27053	3	17	0	531	0	551
27054	2	7	4	542	0	555
27055	529	7	2	17	0	555
27056	18	4	2	527	0	551
27057	8	6	1	536	0	551
27058	529	4	5	17	0	555
27059	17	531	2	10	0	560
27060	559	12	1	4	0	576
27061	560	7	4	2	0	573
27062	565	2	3	5	0	575
27063	21	2	3	554	0	580
27064	12	5	0	570	0	587
27065	9	2	549	21	0	581
27066	6	3	529	8	0	546
27067	5	4	538	7	0	554
27068	522	3	19	9	0	553
27069	18	6	557	8	0	589
27070	10	568	15	3	0	596
27071	6	16	6	561	0	589
27072	7	4	4	566	0	581
27073	7	559	4	17	0	587
27074	3	17	565	10	0	595
27075	5	578	11	8	0	602
27076	567	14	6	9	0	596
27077	18	7	589	8	0	622
27078	13	586	13	8	0	620
27079	8	17	599	6	0	630
27080	6	10	16	588	0	620
27081	8	4	596	17	0	625
27082	6	5	13	586	0	610
27083	596	3	8	19	0	626
27084	16	4	588	11	0	619
27085	9	599	15	7	0	630
27086	598	16	9	5	0	628
27087	17	8	606	5	0	636
27088	12	7	610	2	0	631
27089	6	3	19	595	0	623
27090	5	5	605	18	0	633
27091	548	5	15	15	0	583
27092	11	571	11	10	0	603
27093	7	17	6	593	0	623
27094	6	642	1	18	0	667
27095	646	15	5	14	0	680
27096	15	9	656	5	0	685
27097	10	6	675	10	0	701
27098	11	4	18	673	0	706
27099	6	5	12	684	0	707
27100	7	11	5	726	0	749
27101	12	5	4	729	0	750
27102	8	3	720	21	0	752
27103	8	688	12	12	0	720
27104	10	10	7	650	0	677
27105	2	6	641	12	0	661
27106	5	616	10	8	0	639
27107	625	10	6	5	0	646
27108	11	6	5	628	0	650
27109	625	5	5	11	0	646
27110	13	619	5	7	0	644
27111	618	9	5	5	0	637
27112	13	6	637	5	0	661
27113	11	3	12	605	0	631
27114	5	635	6	12	0	658
27115	1	13	632	9	0	655
27116	1	620	8	9	0	638
27117	6	11	10	415	0	442
27118	603	7	4	11	0	625
27119	9	610	1	12	0	632
27120	594	8	3	7	0	612
27121	9	9	610	2	0	630
27122	7	7	595	5	0	614
27123	600	0	13	6	0	619
27124	12	1	7	611	0	631
27125	7	4	4	621	0	636
27126	6	3	605	16	0	630
27127	3	3	587	6	0	599
27128	2	603	9	3	0	617
27129	593	8	5	3	0	609
27130	576	4	1	0	0	581
27131	10	569	4	2	0	585
27132	7	6	1	602	0	616
27133	617	4	2	9	0	632
27134	7	1	2	621	0	631
27135	628	1	5	8	0	642
27136	636	1	2	7	0	646
27137	653	2	1	3	0	659
27138	11	2	3	641	0	657
27139	7	1	0	646	0	654
27140	625	1	1	12	0	639
27141	619	1	2	8	0	630
27142	618	3	2	3	0	626
27143	11	617	2	1	0	631
27144	573	2	1	2	0	578
27145	2	571	1	0	0	574
27146	550	2	0	3	0	555
27147	2	1	550	0	0	553
27148	491	0	0	2	0	493
27149	0	541	1	0	0	542
27150	1	566	0	1	0	568
27151	573	3	0	2	0	578
27152	4	1	0	599	0	604
27153	2	0	1	609	0	612
27154	0	603	2	6	0	611
27155	0	645	0	3	0	648
27156	653	5	0	0	0	658
27157	6	2	680	1	0	689
27158	1	0	5	749	0	755
27159	733	0	2	13	0	748
27160	9	1	723	2	0	735
27161	2	808	9	1	0	820
27162	890	9	3	3	0	905
27163	10	3	908	0	0	921
27164	10	1	10	942	0	963
27165	1	1	968	11	0	981
27166	932	0	11	8	0	951
27167	11	1001	7	1	0	1020
27168	1016	10	1	4	0	1031
27169	1004	6	1	3	0	1014
27170	17	1	0	996	0	1014
27171	1011	1	0	15	0	1027
27172	14	0	0	1014	0	1028
27173	6	0	0	1024	0	1030
27174	2	0	1020	16	0	1038
27175	1	1001	10	7	0	1019
27176	1	11	6	1021	0	1039
27177	2	5	1	1006	0	1014
27178	5	1	2	1006	0	1014
27179	0	2	991	17	0	1010
27180	1	976	9	8	0	994
27181	2	10	6	991	0	1009
27182	2	6	1	1005	0	1014
27183	3	1	1005	15	0	1024
27184	3	1	10	1010	0	1024
27185	996	0	5	17	0	1018
27186	10	1015	4	7	0	1036
27187	1014	11	1	2	0	1028
27188	13	6	1003	1	0	1023
27189	10	1	11	994	0	1016
27190	1035	1	7	16	0	1059
27191	1041	1	1	12	0	1055
27192	20	0	1056	1	0	1077
27193	13	2	11	1028	0	1054
27194	5	1	1019	11	0	1036
27195	949	0	22	9	0	980
27196	10	1008	9	3	0	1030
27197	988	11	1	6	0	1006
27198	985	6	3	5	0	999
27199	19	1003	1	4	0	1027
27200	1010	12	2	3	0	1027
27201	15	7	987	3	0	1012
27202	1004	4	9	5	0	1022
27203	18	2	5	1014	0	1039
27204	9	3	1024	11	0	1047
27205	12	1	12	1024	0	1049
27206	9	2	11	999	0	1021
27207	9	1	3	1025	0	1038
27208	3	1024	8	19	0	1054
27209	1020	11	4	13	0	1048
27210	17	11	1	1029	0	1058
27211	12	1024	1	17	0	1054
27212	11	14	2	987	0	1014
27213	6	1008	5	22	0	1041
27214	4	13	1013	11	0	1041
27215	4	9	14	1011	0	1038
27216	10	6	9	1031	0	1056
27217	6	3	1023	24	0	1056
27218	929	6	16	16	0	967
27219	16	1007	7	11	0	1041
27220	17	12	3	1019	0	1051
27221	7	9	3	982	0	1001
27222	8	2	5	982	0	997
27223	5	983	4	20	0	1012
27224	958	14	5	17	0	994
27225	15	9	973	14	0	1011
27226	14	2	953	10	0	979
27227	7	4	19	973	0	1003
27228	11	2	11	1002	0	1026
27229	986	9	7	26	0	1028
27230	18	988	6	11	0	1023
27231	13	15	6	1005	0	1039
27232	976	7	4	26	0	1013
27233	24	2	7	965	0	998
27234	968	4	2	23	0	997
27235	19	4	941	10	0	974
27236	16	931	15	11	0	973
27237	964	20	12	8	0	1004
27238	26	7	966	7	0	1006
27239	946	6	14	9	0	975
27240	23	7	960	7	0	997
27241	990	1	17	6	0	1014
27242	22	4	10	982	0	1018
27243	1000	3	6	25	0	1034
27244	22	3	8	994	0	1027
27245	17	5	5	1004	0	1031
27246	998	1	3	34	0	1036
27247	18	1000	5	19	0	1042
27248	17	16	2	1025	0	1060
27249	1025	13	3	24	0	1065
27250	1039	7	4	11	0	1061
27251	30	5	2	1024	0	1061
27252	17	6	4	999	0	1026
27253	1024	1	6	28	0	1059
27254	24	5	2	1038	0	1069
27255	20	2	6	1009	0	1037
27256	986	6	1	33	0	1026
27257	22	4	6	963	0	995
27258	9	1	865	17	0	892
27259	835	1	11	18	0	865
27260	14	2	861	4	0	881
27261	12	1	762	3	0	778
27262	675	0	12	4	0	691
27263	9	681	6	0	0	696
27264	4	7	5	655	0	671
27265	2	3	2	657	0	664
27266	3	0	0	691	0	694
27267	3	0	1	738	0	742
27268	704	0	1	15	0	720
27269	777	0	0	7	0	784
27270	785	0	1	6	0	792
27271	30	0	807	4	0	841
27272	8	1	23	872	0	904
27273	6	0	5	926	0	937
27274	4	1	3	885	0	893
27275	1	832	0	43	0	876
27276	1	865	0	10	0	876
27277	889	38	1	4	0	932
27278	37	10	0	903	0	950
27279	11	3	1	977	0	992
27280	8	0	1	1004	0	1013
27281	3	1	965	46	0	1015
27282	3	3	944	15	0	965
27283	919	4	44	8	0	975
27284	978	1	12	8	0	999
27285	47	1	1	962	0	1011
27286	16	972	3	38	0	1029
27287	11	36	1	994	0	1042
27288	9	10	4	1010	0	1033
27289	6	3	965	49	0	1023
27290	961	2	39	20	0	1022
27291	40	3	12	995	0	1050
27292	14	2	4	982	0	1002
27293	938	5	1	54	0	998
27294	42	963	7	21	0	1033
27295	995	45	0	16	0	1056
27296	52	8	2	980	0	1042
27297	12	976	2	57	0	1047
27298	992	42	6	15	0	1055
27299	48	13	6	981	0	1048
27300	960	7	5	50	0	1022
27301	963	5	3	23	0	994
27302	982	4	0	16	0	1002
27303	59	923	2	13	0	997
27304	20	953	4	9	0	986
27305	21	51	3	892	0	967
27306	7	929	2	48	0	986
27307	937	46	2	16	0	1001
27308	60	12	1	929	0	1002
27309	943	14	0	52	0	1009
27310	986	6	1	21	0	1014
27311	63	7	2	940	0	1012
27312	28	5	4	984	0	1021
27313	941	9	3	62	0	1015
27314	993	2	0	35	0	1030
27315	1034	7	3	22	0	1066
27316	1070	9	2	12	0	1093
27317	1095	5	1	12	0	1113
27318	76	2	0	1035	0	1113
27319	32	7	1	1084	0	1124
27320	24	9	3	1090	0	1126
27321	1049	6	1	70	0	1126
27322	61	6	1	1031	0	1099
27323	28	1023	2	63	0	1116
27324	31	43	0	1048	0	1122
27325	1023	15	2	62	0	1102
27326	1054	11	2	24	0	1091
27327	70	4	989	28	0	1091
27328	37	15	41	969	0	1062
27329	19	1018	10	57	0	1104
27330	1016	47	8	26	0	1097
27331	61	1015	0	28	0	1104
27332	35	50	2	1040	0	1127
27333	1078	13	3	57	0	1151
27334	1099	13	5	26	0	1143
27335	65	1043	1	30	0	1139
27336	38	46	3	1041	0	1128
27337	25	18	1006	57	0	1106
27338	989	22	44	22	0	1077
27339	62	6	1001	24	0	1093
27340	1015	7	49	17	0	1088
27341	1053	6	11	22	0	1092
27342	62	8	13	1033	0	1116
27343	1043	4	5	65	0	1117
27344	1061	9	10	26	0	1106
27345	1075	9	4	29	0	1117
27346	76	11	9	1019	0	1115
27347	1029	9	2	54	0	1094
27348	71	7	3	1009	0	1090
27349	22	5	7	1041	0	1075
27350	32	1013	8	54	0	1107
27351	22	37	7	1000	0	1066
27352	23	1009	4	53	0	1089
27353	997	46	2	25	0	1070
27354	1012	13	4	21	0	1050
27355	60	11	2	981	0	1054
27356	36	8	2	1004	0	1050
27357	988	10	4	54	0	1056
27358	52	12	936	32	0	1032
27359	953	13	38	28	0	1032
27360	68	4	11	950	0	1033
27361	34	6	903	50	0	993
27362	923	6	37	23	0	989
27363	957	7	10	21	0	995
27364	66	5	924	18	0	1013
27365	922	6	38	22	0	988
27366	67	4	887	13	0	971
27367	28	870	43	10	0	951
27368	873	35	16	13	0	937
27369	850	6	10	16	0	882
27370	62	815	3	5	0	885
27371	24	770	8	8	0	810
27372	707	18	13	12	0	750
27373	695	17	3	10	0	725
27374	26	12	3	706	0	747
27375	22	4	681	18	0	725
27376	17	7	657	10	0	691
27377	670	4	16	12	0	702
27378	25	4	679	6	0	714
27379	643	10	23	10	0	686
27380	33	3	3	625	0	664
27381	12	1	9	634	0	656
27382	18	1	633	16	0	668
27383	642	2	10	17	0	671
27384	20	1	5	661	0	687
27385	15	1	13	669	0	698
27386	669	1	1	14	0	685
27387	659	2	4	16	0	681
27388	657	0	5	17	0	679
27389	21	689	6	6	0	722
27390	15	7	642	6	0	670
27391	648	1	8	8	0	665
27392	659	9	3	9	0	680
27393	16	647	8	4	0	675
27394	634	8	2	5	0	649
27395	16	4	1	620	0	641
27396	11	3	633	5	0	652
27397	622	1	3	7	0	633
27398	637	3	2	6	0	648
27399	647	3	5	5	0	660
27400	654	2	3	4	0	663
27401	17	1	2	643	0	663
27402	10	0	3	649	0	662
27403	649	1	2	13	0	665
27404	11	3	1	656	0	671
27405	8	1	2	661	0	672
27406	6	652	5	7	0	670
27407	9	6	0	668	0	683
27408	3	2	3	676	0	684
27409	10	4	0	672	0	686
27410	10	0	1	663	0	674
27411	6	651	1	13	0	671
27412	5	8	1	645	0	659
27413	8	0	2	624	0	634
27414	7	2	613	9	0	631
27415	5	0	552	3	0	560
27416	3	558	6	4	0	571
27417	685	8	1	3	0	697
27418	13	695	2	6	0	716
27419	8	15	2	729	0	754
27420	5	3	759	18	0	785
27421	805	2	15	8	0	830
27422	22	1	1	847	0	871
27423	842	1	3	22	0	868
27424	865	3	2	8	0	878
27425	15	866	1	6	0	888
27426	865	15	0	9	0	889
27427	17	866	1	6	0	890
27428	7	14	2	889	0	912
27429	7	886	1	15	0	909
27430	6	20	878	5	0	909
27431	4	902	13	8	0	927
27432	7	24	2	875	0	908
27433	864	3	2	26	0	895
27434	16	894	2	3	0	915
27435	10	19	2	895	0	926
27436	6	8	0	945	0	959
27437	3	3	941	25	0	972
27438	13	5	22	926	0	966
27439	2	4	926	24	0	956
27440	885	2	23	17	0	927
27441	25	0	965	6	0	996
27442	6	966	17	4	0	993
27443	12	21	6	951	0	990
27444	9	5	3	965	0	982
27445	9	4	3	964	0	980
27446	960	2	3	28	0	993
27447	29	7	2	953	0	991
27448	7	974	4	30	0	1015
27449	955	25	2	14	0	996
27450	22	918	4	9	0	953
27451	14	25	1	922	0	962
27452	925	6	2	29	0	962
27453	23	911	0	10	0	944
27454	11	944	1	6	0	962
27455	929	31	1	10	0	971
27456	952	9	4	11	0	976
27457	32	7	939	8	0	986
27458	959	6	26	10	0	1001
27459	31	7	977	3	0	1018
27460	17	6	27	971	0	1021
27461	8	6	988	31	0	1033
27462	11	6	31	980	0	1028
27463	8	7	981	32	0	1028
27464	6	4	27	963	0	1000
27465	7	5	9	994	0	1015
27466	958	3	10	40	0	1011
27467	30	7	947	15	0	999
27468	909	5	35	12	0	961
27469	34	3	946	13	0	996
27470	10	7	937	12	0	966
27471	16	5	31	921	0	973
27472	937	5	14	35	0	991
27473	30	952	6	13	0	1001
27474	927	29	5	13	0	974
27475	940	10	8	15	0	973
27476	38	920	5	15	0	978
27477	937	26	9	8	0	980
27478	33	12	946	9	0	1000
27479	19	10	26	944	0	999
27480	959	8	7	33	0	1007
27481	30	967	5	10	0	1012
27482	15	28	5	974	0	1022
27483	17	6	11	983	0	1017
27484	10	11	8	994	0	1023
27485	15	7	7	995	0	1024
27486	976	9	6	40	0	1031
27487	977	3	12	20	0	1012
27488	989	3	11	16	0	1019
27489	933	6	10	18	0	967
27490	35	11	936	19	0	1001
27491	914	2	33	19	0	968
27492	961	4	11	15	0	991
27493	44	938	9	13	0	1004
27494	25	975	8	9	0	1017
27495	21	35	12	928	0	996
27496	15	15	7	959	0	996
27497	17	7	938	38	0	1000
27498	15	926	33	13	0	987
27499	15	29	14	903	0	961
27500	15	939	7	36	0	997
27501	13	31	8	947	0	999
27502	14	14	8	954	0	990
27503	10	993	9	36	0	1048
27504	12	31	6	998	0	1047
27505	12	14	1001	37	0	1064
27506	14	7	985	13	0	1019
27507	938	8	29	19	0	994
27508	1027	7	11	11	0	1056
27509	34	1002	11	9	0	1056
27510	1016	24	16	18	0	1074
27511	37	6	11	1014	0	1068
27512	1009	9	6	31	0	1055
27513	34	997	4	18	0	1053
27514	22	29	987	17	0	1055
27515	950	12	32	22	0	1016
27516	37	5	1022	17	0	1081
27517	19	6	861	8	0	894
27518	14	6	848	8	0	876
27519	10	837	21	6	0	874
27520	799	22	28	5	0	854
27521	764	9	7	6	0	786
27522	24	3	5	751	0	783
27523	13	4	3	734	0	754
27524	4	744	7	19	0	774
27525	737	17	2	13	0	769
27526	20	743	5	8	0	776
27527	7	754	5	10	0	776
27528	734	14	5	10	0	763
27529	18	5	4	732	0	759
27530	8	6	1	759	0	774
27531	8	4	1	762	0	775
27532	4	750	3	14	0	771
27533	738	12	2	6	0	758
27534	14	5	2	732	0	753
27535	5	702	4	14	0	725
27536	0	688	3	8	0	699
27537	5	8	3	660	0	676
27538	2	658	2	10	0	672
27539	9	7	2	664	0	682
27540	647	8	2	13	0	670
27541	10	5	609	3	0	627
27542	5	615	7	6	0	633
27543	1	13	1	639	0	654
27544	5	3	646	11	0	665
27545	618	1	10	3	0	632
27546	11	3	3	659	0	676
27547	658	0	1	12	0	671
27548	656	0	2	4	0	662
27549	12	712	3	0	0	727
27550	719	10	2	7	0	738
27551	744	2	1	3	0	750
27552	752	2	2	5	0	761
27553	13	2	0	742	0	757
27554	1	0	2	750	0	753
27555	4	1	1	749	0	755
27556	1	2	730	8	0	741
27557	2	720	8	1	0	731
27558	703	5	0	4	0	712
27559	5	701	0	0	0	706
27560	1	4	0	706	0	711
27561	0	1	699	5	0	705
27562	626	0	4	2	0	632
27563	4	703	0	2	0	709
27564	0	4	1	700	0	705
27565	0	1	1	695	0	697
27566	1	2	677	4	0	684
27567	2	672	4	0	0	678
27568	2	3	0	687	0	692
27569	2	2	1	692	0	697
27570	3	1	0	680	0	684
27571	661	1	0	6	0	668
27572	5	1	663	1	0	670
27573	0	658	4	2	0	664
27574	656	5	2	1	0	664
27575	5	672	0	1	0	678
27576	1	4	1	673	0	679
27577	1	669	1	5	0	676
27578	639	4	0	5	0	648
27579	641	1	0	2	0	644
27580	7	3	1	687	0	698
27581	3	2	0	700	0	705
27582	3	0	0	730	0	733
27583	1	2	712	7	0	722
27584	2	720	7	2	0	731
27585	5	8	0	949	0	962
27586	1	2	0	973	0	976
27587	5	1	0	1005	0	1011
27588	4	0	1	989	0	994
27589	0	2	967	30	0	999
27590	1	982	22	9	0	1014
27591	2	23	6	1021	0	1052
27592	4	9	3	1121	0	1137
27593	2	4	1078	32	0	1116
27594	4	4	22	1034	0	1064
27595	0	1033	10	37	0	1080
27596	0	1075	3	19	0	1097
27597	1	28	5	1072	0	1106
27598	1	12	1031	32	0	1076
27599	938	9	26	23	0	996
27600	25	1001	11	17	0	1054
27601	8	28	1001	12	0	1049
27602	5	12	1020	11	0	1048
27603	3	975	33	14	0	1025
27604	2	33	1006	6	0	1047
27605	6	15	33	976	0	1030
27606	962	11	13	33	0	1019
27607	985	10	9	14	0	1018
27608	985	7	8	11	0	1011
27609	990	9	7	11	0	1017
27610	40	988	10	5	0	1043
27611	1010	35	7	5	0	1057
27612	36	1024	9	6	0	1075
27613	14	35	1028	5	0	1082
27614	11	14	31	971	0	1027
27615	12	1040	15	25	0	1092
27616	12	32	10	1006	0	1060
27617	992	12	6	33	0	1043
27618	38	8	6	954	0	1006
27619	21	999	4	33	0	1057
27620	1002	32	5	20	0	1059
27621	37	18	1013	6	0	1074
27622	26	10	32	1003	0	1071
27623	11	14	12	1035	0	1072
27624	991	9	12	42	0	1054
27625	31	997	8	23	0	1059
27626	18	35	978	16	0	1047
27627	11	16	32	994	0	1053
27628	14	10	976	36	0	1036
27629	12	933	34	17	0	996
27630	9	972	16	11	0	1008
27631	954	35	8	13	0	1010
27632	34	17	946	11	0	1008
27633	946	12	34	13	0	1005
27634	36	14	13	921	0	984
27635	16	947	16	32	0	1011
27636	946	34	11	21	0	1012
27637	35	18	948	16	0	1017
27638	16	13	33	958	0	1020
27639	10	13	15	972	0	1010
27640	21	13	12	937	0	983
27641	8	939	14	44	0	1005
27642	918	34	11	20	0	983
27643	32	890	12	22	0	956
27644	16	935	12	18	0	981
27645	17	43	6	920	0	986
27646	924	22	9	37	0	992
27647	917	11	9	26	0	963
27648	920	15	12	12	0	959
27649	43	850	6	19	0	918
27650	20	38	7	854	0	919
27651	20	15	852	37	0	924
27652	17	19	31	842	0	909
27653	17	22	13	814	0	866
27654	12	842	11	48	0	913
27655	857	39	10	28	0	934
27656	44	18	6	824	0	892
27657	27	830	9	36	0	902
27658	863	38	4	23	0	928
27659	41	23	830	14	0	908
27660	846	16	35	20	0	917
27661	38	860	15	21	0	934
27662	878	37	14	21	0	950
27663	893	19	14	17	0	943
27664	47	19	863	18	0	947
27665	889	16	28	18	0	951
27666	49	17	900	10	0	976
27667	29	10	916	9	0	964
27668	900	12	44	15	0	971
27669	940	15	13	10	0	978
27670	54	12	915	7	0	988
27671	31	11	41	889	0	972
27672	24	15	18	877	0	934
27673	19	915	17	39	0	990
27674	879	31	14	24	0	948
27675	936	14	13	21	0	984
27676	47	11	900	15	0	973
27677	929	16	32	7	0	984
27678	964	5	21	10	0	1000
27679	50	919	17	8	0	994
27680	28	29	15	880	0	952
27681	22	17	9	867	0	915
27682	25	13	7	833	0	878
27683	796	13	6	41	0	856
27684	28	790	10	24	0	852
27685	19	19	3	557	0	598
27686	10	562	6	21	0	599
27687	14	19	6	506	0	545
27688	12	516	3	9	0	540
27689	8	535	5	9	0	557
27690	490	12	5	18	0	525
27691	490	7	2	6	0	505
27692	13	2	2	435	0	452
27693	3	3	4	442	0	452
27694	4	1	0	457	0	462
27695	3	2	2	448	0	455
27696	3	3	1	440	0	447
27697	4	423	1	13	0	441
27698	4	10	1	436	0	451
27699	3	3	2	450	0	458
27700	436	1	1	13	0	451
27701	11	2	2	435	0	450
27702	3	5	0	453	0	461
27703	4	1	441	14	0	460
27704	4	2	10	424	0	440
27705	6	0	2	455	0	463
27706	9	3	445	12	0	469
27707	4	437	8	5	0	454
27708	2	11	423	3	0	439
27709	1	1	421	3	0	426
27710	1	405	9	3	0	418
27711	386	7	12	1	0	406
27712	386	0	1	0	0	387
27713	7	1	0	377	0	385
27714	387	0	0	10	0	397
27715	8	1	399	0	0	408
27716	2	1	7	403	0	413
27717	1	0	472	7	0	480
27718	0	0	8	472	0	480
27719	1	0	0	486	0	487
27720	3	0	1	492	0	496
27721	490	0	0	14	0	504
27722	9	0	1	508	0	518
27723	505	0	0	11	0	516
27724	508	0	1	5	0	514
27725	8	516	0	3	0	527
27726	515	5	2	1	0	523
27727	9	532	0	3	0	544
27728	2	9	1	529	0	541
27729	3	1	0	527	0	531
27730	3	2	0	539	0	544
27731	2	0	516	10	0	528
27732	3	514	7	1	0	525
27733	3	7	0	518	0	528
27734	4	1	1	522	0	528
27735	2	530	0	7	0	539
27736	534	8	1	4	0	547
27737	8	524	1	5	0	538
27738	519	10	0	5	0	534
27739	8	550	1	4	0	563
27740	4	9	1	533	0	547
27741	3	556	1	8	0	568
27742	567	9	1	4	0	581
27743	569	1	1	4	0	575
27744	561	3	1	7	0	572
27745	556	0	0	7	0	563
27746	9	4	563	1	0	577
27747	566	2	8	0	0	576
27748	588	3	0	3	0	594
27749	588	1	3	7	0	599
27750	9	4	570	1	0	584
27751	546	1	8	2	0	557
27752	11	577	1	1	0	590
27753	588	7	2	1	0	598
27754	13	2	680	1	0	696
27755	659	1	10	6	0	676
27756	691	0	1	6	0	698
27757	8	1	3	693	0	705
27758	5	1	676	8	0	690
27759	704	1	13	5	0	723
27760	12	0	1	727	0	740
27761	5	3	2	751	0	761
27762	4	2	745	8	0	759
27763	694	4	7	2	0	707
27764	746	0	0	5	0	751
27765	9	745	2	2	0	758
27766	5	7	0	736	0	748
27767	5	1	3	733	0	742
27768	5	3	1	732	0	741
27769	2	753	1	10	0	766
27770	759	6	0	11	0	776
27771	8	1	1	764	0	774
27772	3	2	1	763	0	769
27773	747	2	2	9	0	760
27774	737	3	0	5	0	745
27775	10	2	1	767	0	780
27776	2	2	1	759	0	764
27777	3	3	734	10	0	750
27778	695	2	6	3	0	706
27779	11	748	0	2	0	761
27780	2	9	2	798	0	811
27781	6	2	0	810	0	818
27782	2	836	2	11	0	851
27783	5	10	1	867	0	883
27784	963	1	0	14	0	978
27785	23	3	1	1038	0	1065
27786	9	0	2	1062	0	1073
27787	8	3	1	1075	0	1087
27788	4	4	1051	28	0	1087
27789	10	0	16	1065	0	1091
27790	4	2	1079	29	0	1114
27791	5	1060	21	13	0	1099
27792	4	14	10	1052	0	1080
27793	7	6	7	1053	0	1073
27794	5	6	7	1059	0	1077
27795	4	8	2	1054	0	1068
27796	5	3	3	1088	0	1099
27797	1040	2	0	36	0	1078
27798	16	0	1046	22	0	1084
27799	8	1000	16	16	0	1040
27800	8	1067	8	12	0	1095
27801	5	23	8	1076	0	1112
27802	4	10	5	1095	0	1114
27803	2	9	4	1106	0	1121
27804	1	1091	1	33	0	1126
27805	6	23	0	1100	0	1129
27806	3	7	1068	31	0	1109
27807	1	1065	17	18	0	1101
27808	5	20	6	1090	0	1121
27809	1089	11	6	26	0	1132
27810	20	7	5	1090	0	1122
27811	9	5	2	1092	0	1108
27812	8	1054	1	30	0	1093
27813	7	1115	1	17	0	1140
27814	9	25	1	1113	0	1148
27815	8	9	0	1119	0	1136
27816	1	9	1094	28	0	1132
27817	7	6	16	1035	0	1064
27818	2	4	10	1047	0	1063
27819	3	5	9	1028	0	1045
27820	4	2	5	1056	0	1067
27821	991	2	4	45	0	1042
27822	1001	4	0	24	0	1029
27823	24	2	2	1033	0	1061
27824	12	1	1	1058	0	1072
27825	1017	4	1	35	0	1057
27826	30	3	1	1090	0	1124
27827	12	2	1081	41	0	1136
27828	9	1099	25	17	0	1150
27829	4	21	10	1147	0	1182
27830	3	8	5	1186	0	1202
27831	1145	7	5	44	0	1201
27832	25	7	3	1162	0	1197
27833	9	3	8	1185	0	1205
27834	1157	3	3	46	0	1209
27835	31	2	1	1176	0	1210
27836	8	1174	0	47	0	1229
27837	18	25	1	1214	0	1258
27838	13	6	1	1264	0	1284
27839	8	7	4	1252	0	1271
27840	6	9	2	1264	0	1281
27841	0	4	1198	51	0	1253
27842	3	4	1201	23	0	1231
27843	5	3	34	1217	0	1259
27844	7	2	13	1213	0	1235
27845	1	1202	11	43	0	1257
27846	3	29	9	1176	0	1217
27847	3	1208	6	39	0	1256
27848	1178	36	3	25	0	1242
27849	32	1212	1	19	0	1264
27850	11	33	1	1281	0	1326
27851	9	10	2	1315	0	1336
27852	8	9	1277	49	0	1343
27853	1196	9	31	24	0	1260
27854	1180	5	8	17	0	1210
27855	35	1185	7	15	0	1242
27856	17	29	7	1153	0	1206
27857	11	9	1196	38	0	1254
27858	6	1218	32	17	0	1273
27859	1156	35	8	20	0	1219
27860	1180	11	7	17	0	1215
27861	38	9	1118	10	0	1175
27862	1131	9	30	10	0	1180
27863	42	2	8	1131	0	1183
27864	14	1124	9	37	0	1184
27865	1129	32	4	18	0	1183
27866	43	7	1	1144	0	1195
27867	1152	10	5	41	0	1208
27868	1189	8	2	23	0	1222
27869	44	5	3	1145	0	1197
27870	17	7	1134	43	0	1201
27871	1135	3	31	23	0	1192
27872	1178	1	10	21	0	1210
27873	1174	6	7	19	0	1206
27874	46	1198	9	13	0	1266
27875	24	34	4	1196	0	1258
27876	19	13	4	1267	0	1303
27877	11	10	1234	51	0	1306
27878	10	14	36	1202	0	1262
27879	9	1203	11	63	0	1286
27880	1172	40	9	24	0	1245
27881	38	1174	7	21	0	1240
27882	18	43	1141	12	0	1214
27883	13	1157	33	7	0	1210
27884	7	1093	12	12	0	1124
27885	11	31	8	980	0	1030
27886	978	13	2	33	0	1026
27887	1003	2	2	15	0	1022
27888	978	4	3	7	0	992
27889	25	979	3	8	0	1015
27890	10	25	950	5	0	990
27891	944	8	25	4	0	981
27892	977	3	8	9	0	997
27893	35	959	1	4	0	999
27894	980	25	1	10	0	1016
27895	31	7	2	985	0	1025
27896	14	2	1045	26	0	1087
27897	1034	4	24	17	0	1079
27898	1062	6	7	11	0	1086
27899	1117	2	1	8	0	1128
27900	33	1	2	1081	0	1117
27901	16	1	5	1115	0	1137
27902	13	8	1	1115	0	1137
27903	11	1074	2	39	0	1126
27904	20	34	1	1073	0	1128
27905	3	11	6	1256	0	1276
27906	8	8	1241	43	0	1300
27907	6	10	30	1231	0	1277
27908	9	3	12	1292	0	1316
27909	12	5	4	1287	0	1308
27910	6	5	8	1296	0	1315
27911	13	1289	3	48	0	1353
27912	10	41	4	1296	0	1351
27913	8	17	7	1311	0	1343
27914	1278	6	4	59	0	1347
27915	41	10	1274	23	0	1348
27916	22	5	1267	11	0	1305
27917	1247	8	46	10	0	1311
27918	1304	3	26	16	0	1349
27919	59	5	10	1189	0	1263
27920	22	1263	5	35	0	1325
27921	1272	34	8	24	0	1338
27922	48	14	4	1232	0	1298
27923	20	1267	10	38	0	1335
27924	1279	36	5	24	0	1344
27925	45	1287	5	11	0	1348
27926	1236	37	5	9	0	1287
27927	1219	12	4	14	0	1249
27928	47	1171	3	13	0	1234
27929	34	32	5	1141	0	1212
27930	19	14	1137	37	0	1207
27931	11	8	26	1148	0	1193
27932	1134	9	13	41	0	1197
27933	40	6	1116	22	0	1184
27934	16	1152	30	18	0	1216
27935	16	30	13	1130	0	1189
27936	11	11	1129	39	0	1190
27937	10	1108	31	17	0	1166
27938	1084	32	18	17	0	1151
27939	35	12	8	1093	0	1148
27940	18	11	5	1096	0	1130
27941	16	5	9	1064	0	1094
27942	7	1078	8	36	0	1129
27943	1068	36	6	27	0	1137
27944	39	1054	4	27	0	1124
27945	19	1086	5	19	0	1129
27946	1086	39	5	17	0	1147
27947	1094	16	7	13	0	1130
27948	38	11	1053	14	0	1116
27949	1044	10	24	10	0	1088
27950	1021	8	11	13	0	1053
27951	41	12	7	985	0	1045
27952	24	9	972	28	0	1033
27953	19	6	24	983	0	1032
27954	971	8	12	32	0	1023
27955	35	6	1011	19	0	1071
27956	26	7	28	1099	0	1160
27957	17	6	13	1204	0	1240
27958	20	2	8	1303	0	1333
27959	1239	9	10	64	0	1322
27960	45	1236	7	28	0	1316
27961	1263	43	6	22	0	1334
27962	50	15	1253	17	0	1335
27963	28	10	42	1216	0	1296
27964	12	1272	17	43	0	1344
27965	1277	37	8	25	0	1347
27966	52	14	5	1270	0	1341
27967	20	8	1270	51	0	1349
27968	11	14	40	1264	0	1329
27969	1234	6	16	48	0	1304
27970	44	1230	13	23	0	1310
27971	27	48	5	1114	0	1194
27972	10	1219	5	43	0	1277
27973	1224	44	6	17	0	1291
27974	1231	16	7	18	0	1272
27975	55	1212	6	13	0	1286
27976	1182	39	3	7	0	1231
27977	49	17	3	1142	0	1211
27978	21	1181	3	36	0	1241
27979	1176	39	9	19	0	1243
27980	1194	14	3	15	0	1226
27981	43	1119	9	8	0	1179
27982	25	1159	5	8	0	1197
27983	1126	42	3	11	0	1182
27984	43	18	5	1123	0	1189
27985	1118	12	2	41	0	1173
27986	51	11	3	1107	0	1172
27987	20	11	1082	40	0	1153
27988	23	7	35	1099	0	1164
27989	1100	4	9	45	0	1158
27990	39	12	1087	19	0	1157
27991	29	6	37	1080	0	1152
27992	22	8	8	1123	0	1161
27993	16	7	1086	44	0	1153
27994	1053	2	35	29	0	1119
27995	45	10	12	1051	0	1118
27996	17	8	985	42	0	1052
27997	917	3	34	21	0	975
27998	37	944	12	22	0	1015
27999	11	931	9	19	0	970
28000	15	955	6	13	0	989
28001	9	37	881	13	0	940
28002	14	19	33	871	0	937
28003	5	13	900	37	0	955
28004	14	7	31	788	0	840
28005	6	751	11	36	0	804
28006	5	774	6	16	0	801
28007	9	32	7	752	0	800
28008	720	10	2	42	0	774
28009	29	6	4	721	0	760
28010	6	6	4	715	0	731
28011	7	714	5	30	0	756
28012	699	24	0	15	0	738
28013	23	719	7	7	0	756
28014	13	23	1	703	0	740
28015	11	11	2	708	0	732
28016	5	717	7	28	0	757
28017	8	24	2	730	0	764
28018	718	8	4	31	0	761
28019	26	8	2	734	0	770
28020	14	8	3	723	0	748
28021	12	718	4	27	0	761
28022	11	22	5	721	0	759
28023	687	11	4	30	0	732
28024	683	10	2	20	0	715
28025	703	7	3	8	0	721
28026	33	7	1	687	0	728
28027	13	4	657	32	0	706
28028	10	7	664	14	0	695
28029	12	8	25	676	0	721
28030	677	11	7	27	0	722
28031	29	11	2	684	0	726
28032	705	9	1	32	0	747
28033	34	8	1	725	0	768
28034	19	4	0	733	0	756
28035	715	7	4	31	0	757
28036	28	10	699	13	0	750
28037	718	5	19	10	0	752
28038	31	9	698	7	0	745
28039	18	7	20	706	0	751
28040	704	7	4	26	0	741
28041	31	5	710	11	0	757
28042	14	6	704	11	0	735
28043	694	4	25	10	0	733
28044	28	2	700	12	0	742
28045	14	680	22	10	0	726
28046	7	16	10	720	0	753
28047	775	7	7	34	0	823
28048	28	7	811	14	0	860
28049	803	2	26	14	0	845
28050	840	0	13	11	0	864
28051	847	1	9	13	0	870
28052	851	2	10	9	0	872
28053	27	18	7	821	0	873
28054	14	830	6	22	0	872
28055	787	22	9	9	0	827
28056	19	6	686	11	0	722
28057	7	520	12	2	0	541
28058	474	8	1	3	0	486
28059	7	467	0	4	0	478
28060	3	468	0	5	0	476
28061	17	5	7	448	0	477
28062	1	3	0	474	0	478
28063	2	0	1	472	0	475
28064	479	0	1	7	0	487
28065	503	2	0	4	0	509
28066	9	0	1	502	0	512
28067	4	1	1	538	0	544
28068	4	2	576	11	0	593
28069	552	0	9	4	0	565
28070	590	2	3	1	0	596
28071	16	0	0	587	0	603
28072	6	0	2	594	0	602
28073	4	0	586	13	0	603
28074	5	0	8	576	0	589
28075	3	2	585	13	0	603
28076	2	571	11	7	0	591
28077	1	7	588	2	0	598
28078	4	3	10	574	0	591
28079	2	2	593	11	0	608
28080	2	1	573	5	0	581
28081	620	3	15	2	0	640
28082	11	1	5	662	0	679
28083	5	0	654	16	0	675
28084	606	2	16	5	0	629
28085	16	1	666	2	0	685
28086	7	0	730	3	0	740
28087	5	726	20	5	0	756
28088	8	11	8	720	0	747
28089	4	3	722	13	0	742
28090	1	2	732	4	0	739
28091	5	0	18	733	0	756
28092	5	2	5	741	0	753
28093	2	755	6	16	0	779
28094	4	13	3	759	0	779
28095	771	5	4	18	0	798
28096	776	3	1	11	0	791
28097	783	1	3	10	0	797
28098	21	3	3	781	0	808
28099	9	832	5	19	0	865
28100	854	14	4	7	0	879
28101	21	847	4	3	0	875
28102	7	830	2	7	0	846
28103	6	834	2	8	0	850
28104	828	17	7	5	0	857
28105	16	5	5	825	0	851
28106	4	4	4	830	0	842
28107	2	832	6	14	0	854
28108	824	15	6	9	0	854
28109	17	4	826	8	0	855
28110	6	4	18	838	0	866
28111	830	2	10	15	0	857
28112	17	843	6	4	0	870
28113	914	12	6	16	0	948
28114	18	4	7	980	0	1009
28115	8	1000	1	15	0	1024
28116	8	14	959	5	0	986
28117	939	6	16	4	0	965
28118	16	6	5	992	0	1019
28119	996	2	5	21	0	1024
28120	18	5	5	993	0	1021
28121	5	980	6	18	0	1009
28122	7	13	1011	9	0	1040
28123	4	6	994	9	0	1013
28124	5	13	16	1005	0	1039
28125	1038	3	4	21	0	1066
28126	1043	5	3	8	0	1059
28127	20	4	4	1025	0	1053
28128	11	2	3	1039	0	1055
28129	1052	4	1	23	0	1080
28130	19	4	1	1058	0	1082
28131	1043	2	5	23	0	1073
28132	16	1018	1	9	0	1044
28133	1008	14	2	7	0	1031
28134	19	9	1015	4	0	1047
28135	11	6	15	1014	0	1046
28136	9	4	3	1014	0	1030
28137	6	4	7	1008	0	1025
28138	6	992	2	21	0	1021
28139	7	839	3	7	0	856
28140	4	15	6	1001	0	1026
28141	7	3	974	21	0	1005
28142	6	4	16	969	0	995
28143	3	7	5	991	0	1006
28144	8	961	4	33	0	1006
28145	969	15	3	17	0	1004
28146	15	942	6	19	0	982
28147	7	961	4	6	0	978
28148	8	17	3	927	0	955
28149	4	8	6	964	0	982
28150	9	3	3	959	0	974
28151	3	2	1	990	0	996
28152	950	5	2	29	0	986
28153	17	962	4	7	0	990
28154	975	18	4	13	0	1010
28155	1012	6	2	12	0	1032
28156	22	5	4	990	0	1021
28157	16	1	2	1015	0	1034
28158	996	1	2	29	0	1028
28159	1001	4	0	15	0	1020
28160	26	1	0	979	0	1006
28161	10	3	2	998	0	1013
28162	8	4	985	20	0	1017
28163	7	971	17	9	0	1004
28164	8	1044	2	9	0	1063
28165	993	12	4	11	0	1020
28166	12	5	1094	7	0	1118
28167	5	1	1021	4	0	1031
28168	933	1	5	10	0	949
28169	1023	1	1	4	0	1029
28170	6	1188	3	1	0	1198
28171	6	1251	1	1	0	1259
28172	3	11	1	1267	0	1282
28173	1338	1	1	14	0	1354
28174	1346	2	2	6	0	1356
28175	1369	2	0	11	0	1382
28176	9	1	0	1370	0	1380
28177	5	1	1	1380	0	1387
28178	1	3	1384	8	0	1396
28179	1	3	1294	4	0	1302
28180	3	2	1364	4	0	1373
28181	2	9	9	1360	0	1380
28182	1357	0	1	6	0	1364
28183	4	1	1387	1	0	1393
28184	5	2	4	1368	0	1379
28185	1	1401	1	4	0	1407
28186	3	5	1	1399	0	1408
28187	1	2	2	1403	0	1408
28188	0	1	1455	9	0	1465
28189	6	0	8	1424	0	1438
28190	1480	1	1	8	0	1490
28191	9	3	1552	2	0	1566
28192	7	1	6	1542	0	1556
28193	3	2	1604	8	0	1617
28194	3	1590	11	2	0	1606
28195	4	9	1609	1	0	1623
28196	9	1	15	1499	0	1524
28197	2	1	4	1619	0	1626
28198	2	5	1656	13	0	1676
28199	2	1	16	1580	0	1599
28200	4	2	4	1573	0	1583
28201	1	1596	1	14	0	1612
28202	1	11	1649	2	0	1663
28203	3	2	13	1620	0	1638
28204	0	2	4	1674	0	1680
28205	4	1675	3	13	0	1695
28206	4	13	6	1686	0	1709
28207	1680	4	2	26	0	1712
28208	16	2	2	1692	0	1712
28209	4	4	1708	18	0	1734
28210	1673	2	14	17	0	1706
28211	1804	3	5	12	0	1824
28212	25	2	1818	8	0	1853
28213	1682	1	25	15	0	1723
28214	31	1720	8	5	0	1764
28215	14	18	11	1741	0	1784
28216	11	5	8	1962	0	1986
28217	15	5	7	1879	0	1906
28218	9	4	4	1989	0	2006
28219	9	2	4	1993	0	2008
28220	1968	3	3	52	0	2026
28221	26	1	1966	25	0	2018
28222	1854	1	27	27	0	1909
28223	32	1	1928	21	0	1982
28224	18	2	33	1937	0	1990
28225	1939	3	15	43	0	2000
28226	41	2	8	1916	0	1967
28227	13	1932	15	34	0	1994
28228	1985	27	9	26	0	2047
28229	41	8	7	2024	0	2080
28230	14	8	1880	47	0	1949
28231	1891	7	25	27	0	1950
28232	40	2111	7	13	0	2171
28233	17	34	2138	12	0	2201
28234	20	12	38	2121	0	2191
28235	19	8	14	2045	0	2086
28236	8	2149	15	44	0	2216
28237	14	33	2160	20	0	2227
28238	9	15	35	2142	0	2201
28239	8	11	2190	59	0	2268
28240	8	10	36	2186	0	2240
28241	11	7	21	2220	0	2259
28242	10	6	2243	55	0	2314
28243	12	5	44	2234	0	2295
28244	25	11	36	1695	0	1767
28245	12	2	17	2383	0	2414
28246	11	2	15	2406	0	2434
28247	2292	3	7	81	0	2383
28248	40	4	2293	38	0	2375
28249	2294	5	47	35	0	2381
28250	54	2	11	2400	0	2467
28251	24	4	13	2466	0	2507
28252	17	4	12	2432	0	2465
28253	16	2404	13	60	0	2493
28254	2412	46	12	39	0	2509
28255	59	14	9	2403	0	2485
28256	17	2408	7	72	0	2504
28257	11	50	11	2457	0	2529
28258	2476	17	7	71	0	2571
28259	2481	12	11	40	0	2544
28260	2469	15	11	35	0	2530
28261	65	2463	11	27	0	2566
28262	27	51	2450	22	0	2550
28263	2439	14	53	33	0	2539
28264	2526	9	17	33	0	2585
28265	64	2539	12	30	0	2645
28266	2466	51	14	31	0	2562
28267	2402	21	11	33	0	2467
28268	2491	11	9	32	0	2543
28269	77	2527	14	22	0	2640
28270	44	48	13	2434	0	2539
28271	2444	18	6	69	0	2537
28272	2498	16	11	35	0	2560
28273	2396	10	9	31	0	2446
28274	2453	10	6	34	0	2503
28275	86	18	4	2411	0	2519
28276	41	11	2382	68	0	2502
28277	39	10	47	2351	0	2447
28278	35	2344	18	72	0	2469
28279	36	45	11	2416	0	2508
28280	28	25	2447	67	0	2567
28281	2413	11	55	42	0	2521
28282	70	13	26	2516	0	2625
28283	2511	12	14	79	0	2616
28284	2529	12	15	42	0	2598
28285	92	6	9	2553	0	2660
28286	40	8	2531	68	0	2647
28287	43	11	2399	33	0	2486
28288	2359	10	71	35	0	2475
28289	70	2437	22	32	0	2561
28290	36	2415	17	25	0	2493
28291	20	2438	13	28	0	2499
28292	28	2507	14	21	0	2570
28293	2416	64	19	22	0	2521
28294	2425	24	16	23	0	2488
28295	2414	22	6	24	0	2466
28296	2424	16	6	24	0	2470
28297	81	17	5	2347	0	2450
28298	57	2330	12	52	0	2451
28299	2338	45	10	27	0	2420
28300	73	26	2339	17	0	2455
28301	37	2331	44	24	0	2436
28302	33	46	2338	15	0	2432
28303	2259	27	45	24	0	2355
28304	2341	14	23	25	0	2403
28305	2365	13	12	25	0	2415
28306	84	15	13	2327	0	2439
28307	44	11	2364	50	0	2469
28308	34	2350	47	22	0	2453
28309	2311	52	13	23	0	2399
28310	68	2300	11	22	0	2401
28311	38	2202	9	18	0	2267
28312	27	2229	13	13	0	2282
28313	31	2251	7	13	0	2302
28314	31	49	2159	15	0	2254
28315	22	2218	32	14	0	2286
28316	2004	32	17	22	0	2075
28317	38	19	5	2003	0	2065
28318	28	9	12	2045	0	2094
28319	2056	3	10	42	0	2111
28320	40	2046	7	16	0	2109
28321	28	26	2114	8	0	2176
28322	25	16	25	2059	0	2125
28323	28	4	12	2145	0	2189
28324	23	12	9	2145	0	2189
28325	17	13	2112	37	0	2179
28326	17	9	2104	12	0	2142
28327	28	16	32	2093	0	2169
28328	16	16	2096	27	0	2155
28329	10	19	1964	15	0	2008
28330	1756	13	38	11	0	1818
28331	38	1972	10	24	0	2044
28332	22	1920	4	7	0	1953
28333	19	1980	8	4	0	2011
28334	24	32	3	1897	0	1956
28335	16	1991	4	31	0	2042
28336	2023	30	8	21	0	2082
28337	31	16	2064	15	0	2126
28338	2061	11	33	18	0	2123
28339	34	11	17	2116	0	2178
28340	26	7	16	2119	0	2168
28341	17	2182	6	42	0	2247
28342	2152	31	10	23	0	2216
28343	2153	13	6	15	0	2187
28344	47	2277	12	15	0	2351
28345	23	27	14	2191	0	2255
28346	9	15	2243	31	0	2298
28347	13	10	2184	11	0	2218
28348	10	2239	31	9	0	2289
28349	2312	32	11	11	0	2366
28350	29	23	2304	2	0	2358
28351	22	17	25	2233	0	2297
28352	2284	12	15	29	0	2340
28353	2353	3	7	17	0	2380
28354	46	2897	10	3	0	2956
28355	24	2985	8	10	0	3027
28356	2977	56	9	17	0	3059
28357	55	24	2984	6	0	3069
28358	2920	16	52	25	0	3013
28359	3028	9	16	14	0	3067
28360	77	9	14	2986	0	3086
28361	31	11	3067	44	0	3153
28362	22	15	3008	14	0	3059
28363	2895	9	60	19	0	2983
28364	58	7	3025	9	0	3099
28365	2833	4	55	7	0	2899
28366	2942	7	16	19	0	2984
28367	63	2948	12	10	0	3033
28368	24	50	2951	9	0	3034
28369	24	2893	52	4	0	2973
28370	2823	48	24	12	0	2907
28371	59	24	2811	4	0	2898
28372	35	10	50	2684	0	2779
28373	24	4	2783	43	0	2854
28374	16	10	2769	14	0	2809
28375	16	8	2751	9	0	2784
28376	20	8	2730	7	0	2765
28377	13	2735	68	10	0	2826
28378	22	48	2733	7	0	2810
28379	14	2703	60	10	0	2787
28380	18	49	2662	9	0	2738
28381	2583	17	68	15	0	2683
28382	63	12	36	2434	0	2545
28383	28	2617	20	32	0	2697
28384	2593	45	23	27	0	2688
28385	2597	20	19	15	0	2651
28386	2403	15	27	18	0	2463
28387	2570	17	19	12	0	2618
28388	64	2549	29	7	0	2649
28389	2471	55	17	11	0	2554
28390	2533	32	18	17	0	2600
28391	72	2431	20	17	0	2540
28392	38	58	2316	8	0	2420
28393	46	23	51	2332	0	2452
28394	38	2434	27	35	0	2534
28395	23	62	2449	23	0	2557
28396	25	32	2465	8	0	2530
28397	32	2392	72	13	0	2509
28398	40	2415	35	8	0	2498
28399	28	2482	33	16	0	2559
28400	29	2396	24	12	0	2461
28401	2478	75	19	18	0	2590
28402	2515	46	21	16	0	2598
28403	91	22	2548	7	0	2668
28404	45	31	2571	8	0	2655
28405	57	23	75	2514	0	2669
28406	40	30	42	2598	0	2710
28407	40	30	29	2630	0	2729
28408	2603	29	32	72	0	2736
28409	87	2594	36	28	0	2745
28410	48	2697	37	21	0	2803
28411	40	2785	37	16	0	2878
28412	2737	87	37	22	0	2883
28413	2771	48	41	33	0	2893
28414	116	33	33	2706	0	2888
28415	2797	26	50	71	0	2944
28416	2828	32	39	33	0	2932
28417	119	47	38	2768	0	2972
28418	2789	44	35	77	0	2945
28419	116	2753	46	37	0	2952
28420	76	89	60	2697	0	2922
28421	78	39	2681	71	0	2869
28422	60	2663	105	45	0	2873
28423	70	88	2737	28	0	2923
28424	74	49	113	2540	0	2776
28425	61	2738	68	75	0	2942
28426	75	89	72	2685	0	2921
28427	64	51	75	2758	0	2948
28428	73	38	2736	95	0	2942
28429	61	46	2827	39	0	2973
28430	54	49	120	2772	0	2995
28431	51	41	84	2661	0	2837
28432	50	2823	65	100	0	3038
28433	2670	96	65	50	0	2881
28434	95	2729	64	44	0	2932
28435	65	2797	55	39	0	2956
28436	39	122	2708	21	0	2890
28437	46	2636	107	38	0	2827
28438	49	91	93	2482	0	2715
28439	37	2663	61	74	0	2835
28440	51	98	50	2540	0	2739
28441	36	2606	52	87	0	2781
28442	2571	119	42	46	0	2778
28443	106	2647	55	25	0	2833
28444	63	111	27	2306	0	2507
28445	44	2513	36	67	0	2660
28446	2493	103	37	33	0	2666
28447	2511	58	21	35	0	2625
28448	121	2506	23	25	0	2675
28449	2386	94	12	21	0	2513
28450	121	87	25	2270	0	2503
28451	68	31	2298	84	0	2481
28452	50	48	2260	47	0	2405
28453	48	2294	85	26	0	2453
28454	1619	46	17	14	0	1696
28455	1632	24	13	17	0	1686
28456	54	18	1615	14	0	1701
28457	32	19	1549	9	0	1609
28458	1507	16	46	12	0	1581
28459	1570	18	24	14	0	1626
28460	60	14	1525	15	0	1614
28461	1370	17	53	16	0	1456
28462	49	1443	23	13	0	1528
28463	27	1508	21	21	0	1577
28464	14	73	16	1461	0	1564
28465	15	25	15	1509	0	1564
28466	1509	24	13	64	0	1610
28467	1501	18	13	28	0	1560
28468	1511	20	19	19	0	1569
28469	72	20	12	1480	0	1584
28470	31	22	11	1503	0	1567
28471	21	1417	18	53	0	1509
28472	24	1458	13	29	0	1524
28473	12	1515	10	28	0	1565
28474	23	67	4	1441	0	1535
28475	17	1459	9	49	0	1534
28476	23	52	1406	26	0	1507
28477	1311	30	39	24	0	1404
28478	51	32	1394	13	0	1490
28479	33	19	1383	14	0	1449
28480	1331	21	45	17	0	1414
28481	46	1398	31	13	0	1488
28482	1404	52	14	17	0	1487
28483	1413	31	9	12	0	1465
28484	60	31	1298	16	0	1405
28485	36	23	1402	19	0	1480
28486	26	1416	54	15	0	1511
28487	20	60	1421	14	0	1515
28488	27	23	60	1393	0	1503
28489	27	33	29	1188	0	1277
28490	25	1399	19	55	0	1498
28491	36	1468	11	23	0	1538
28492	1435	67	14	16	0	1532
28493	1517	32	24	14	0	1587
28494	72	27	18	1481	0	1598
28495	32	25	23	1526	0	1606
28496	1493	16	23	58	0	1590
28497	1514	18	16	30	0	1578
28498	64	1500	15	19	0	1598
28499	1454	48	12	19	0	1533
28500	58	1397	9	20	0	1484
28501	29	1468	13	18	0	1528
28502	1443	55	17	15	0	1530
28503	1450	25	9	10	0	1494
28504	72	16	17	1369	0	1474
28505	1344	19	13	40	0	1416
28506	51	9	1289	20	0	1369
28507	28	1312	35	14	0	1389
28508	1293	40	16	19	0	1368
28509	47	17	1288	14	0	1366
28510	25	19	35	1167	0	1246
28511	25	1180	14	30	0	1249
28512	19	1236	8	12	0	1275
28513	1215	38	13	12	0	1278
28514	43	14	1185	12	0	1254
28515	1122	8	35	11	0	1176
28516	46	7	14	1151	0	1218
28517	23	5	1133	27	0	1188
28518	1066	10	25	12	0	1113
28519	34	1152	11	6	0	1203
28520	17	1287	10	7	0	1321
28521	1300	36	7	12	0	1355
28522	1287	14	5	12	0	1318
28523	1274	17	4	12	0	1307
28524	44	10	11	1240	0	1305
28525	26	19	2	1253	0	1300
28526	16	4	1240	37	0	1297
28527	14	10	1189	17	0	1230
28528	10	1209	31	8	0	1258
28529	13	21	7	1152	0	1193
28530	1147	7	2	21	0	1177
28531	20	1146	3	10	0	1179
28532	12	18	3	1156	0	1189
28533	1140	6	2	23	0	1171
28534	22	1116	4	8	0	1150
28535	11	1167	4	6	0	1188
28536	8	23	1119	5	0	1155
28537	1079	13	18	9	0	1119
28538	1141	6	5	6	0	1158
28539	24	4	1117	5	0	1150
28540	1012	4	13	7	0	1036
28541	18	6	1104	2	0	1130
28542	8	1088	17	2	0	1115
28543	9	11	7	1079	0	1106
28544	1058	8	5	12	0	1083
28545	17	1040	2	6	0	1065
28546	7	1024	7	2	0	1040
28547	960	21	3	10	0	994
28548	9	5	1035	2	0	1051
28549	1015	4	8	3	0	1030
28550	7	1105	2	7	0	1121
28551	5	8	1052	0	0	1065
28552	1042	5	15	3	0	1065
28553	1067	5	3	4	0	1079
28554	12	0	3	1066	0	1081
28555	8	1	2	1077	0	1088
28556	3	1085	3	10	0	1101
28557	1	11	1115	2	0	1129
28558	6	4	11	1092	0	1113
28559	5	0	1160	11	0	1176
28560	7	1	1139	3	0	1150
28561	5	2	12	1230	0	1249
28562	2	1	1271	20	0	1294
28563	2	3	1234	5	0	1244
28564	5	3	21	1209	0	1238
28565	4	4	1252	18	0	1278
28566	1113	0	22	7	0	1142
28567	17	1213	7	7	0	1244
28568	7	21	1235	2	0	1265
28569	4	5	1363	1	0	1373
28570	9	1	23	1269	0	1302
28571	1410	0	6	24	0	1440
28572	1417	2	3	11	0	1433
28573	1419	0	3	7	0	1429
28574	1447	4	4	7	0	1462
28575	25	1	3	1425	0	1454
28576	5	5	1425	18	0	1453
28577	1436	2	17	14	0	1469
28578	1476	1	8	8	0	1493
28579	1491	2	2	10	0	1505
28580	26	1	1464	3	0	1494
28581	1396	2	21	8	0	1427
28582	24	2	8	1555	0	1589
28583	6	1557	7	21	0	1591
28584	10	15	4	1498	0	1527
28585	3	1516	5	18	0	1542
28586	1502	19	2	7	0	1530
28587	21	5	1517	3	0	1546
28588	9	5	18	1487	0	1519
28589	5	1501	11	15	0	1532
28590	1	1550	8	7	0	1566
28591	1548	20	4	14	0	1586
28592	1532	8	3	6	0	1549
28593	28	7	1469	3	0	1507
28594	1498	3	23	4	0	1528
28595	29	1	10	1510	0	1550
28596	11	3	1571	20	0	1605
28597	8	7	1517	7	0	1539
28598	8	2	24	1578	0	1612
28599	1716	1	12	24	0	1753
28600	30	3	8	1722	0	1763
28601	17	1	6	1716	0	1740
28602	12	1	5	1721	0	1739
28603	9	1774	3	32	0	1818
28604	10	23	2	1814	0	1849
28605	1755	7	5	44	0	1811
28606	35	1807	5	9	0	1856
28607	10	28	2	1845	0	1885
28608	1834	6	3	36	0	1879
28609	34	1826	4	13	0	1877
28610	8	1869	4	7	0	1888
28611	11	39	1	1839	0	1890
28612	1793	11	4	43	0	1851
28613	42	8	1808	7	0	1865
28614	9	11	1786	6	0	1812
28615	1811	7	39	16	0	1873
28616	1943	2	12	9	0	1966
28617	43	1994	13	3	0	2053
28618	21	40	7	1952	0	2020
28619	10	11	1966	37	0	2024
28620	12	9	1871	15	0	1907
28621	9	6	1989	8	0	2012
28622	4	1946	53	6	0	2009
28623	8	2021	17	7	0	2053
28624	1999	46	10	7	0	2062
28625	44	16	1994	8	0	2062
28626	1936	9	53	12	0	2010
28627	2011	6	16	14	0	2047
28628	57	6	2030	5	0	2098
28629	20	2102	46	5	0	2173
28630	15	51	15	2009	0	2090
28631	10	13	2169	52	0	2244
28632	9	10	2037	18	0	2074
28633	2032	5	56	21	0	2114
28634	52	2157	19	10	0	2238
28635	25	54	13	2074	0	2166
28636	18	17	12	2093	0	2140
28637	14	2097	7	59	0	2177
28638	12	2143	8	24	0	2187
28639	9	2185	10	18	0	2222
28640	17	64	11	2198	0	2290
28641	2262	24	7	66	0	2359
28642	71	23	7	2294	0	2395
28643	17	10	2297	72	0	2396
28644	17	15	2267	21	0	2320
28645	21	6	76	2298	0	2401
28646	12	8	2326	62	0	2408
28647	10	2304	74	19	0	2407
28648	17	65	19	2452	0	2553
28649	2513	25	17	74	0	2629
28650	2530	13	18	39	0	2600
28651	91	2524	16	15	0	2646
28652	2568	85	13	16	0	2682
28653	2665	23	13	17	0	2718
28654	2694	18	11	13	0	2736
28655	101	19	2283	20	0	2423
28656	2502	17	64	23	0	2606
28657	93	2529	22	15	0	2659
28658	38	76	2521	7	0	2642
28659	26	23	2584	11	0	2644
28660	21	2540	92	20	0	2673
28661	2514	80	38	12	0	2644
28662	89	26	21	2412	0	2548
28663	29	2488	21	72	0	2610
28664	2513	92	13	29	0	2647
28665	90	35	8	2517	0	2650
28666	2543	17	16	87	0	2663
28667	97	15	20	2530	0	2662
28668	39	22	2495	88	0	2644
28669	27	17	2441	32	0	2517
28670	26	18	2457	28	0	2529
28671	31	20	107	2326	0	2484
28672	27	17	43	2489	0	2576
28673	24	19	2436	104	0	2583
28674	29	2387	92	39	0	2547
28675	2428	84	35	37	0	2584
28676	2473	28	24	25	0	2550
28677	105	2505	30	23	0	2663
28678	60	99	33	2508	0	2700
28679	35	36	2566	87	0	2724
28680	2516	19	90	45	0	2670
28681	102	15	2607	27	0	2751
28682	45	21	2319	15	0	2400
28683	28	15	2502	20	0	2565
28684	2387	11	119	24	0	2541
28685	101	24	2494	6	0	2625
28686	50	2396	99	16	0	2561
28687	34	2513	50	34	0	2631
28688	45	104	29	2410	0	2588
28689	45	38	28	2482	0	2593
28690	33	25	2430	105	0	2593
28691	2339	22	95	43	0	2499
28692	2497	29	38	30	0	2594
28693	118	17	42	2446	0	2623
28694	2407	16	39	92	0	2554
28695	100	2375	33	36	0	2544
28696	2319	90	22	30	0	2461
28697	97	2217	31	55	0	2400
28698	49	2301	26	32	0	2408
28699	2194	102	27	20	0	2343
28700	2186	37	28	23	0	2274
28701	2277	25	24	20	0	2346
28702	2284	26	22	20	0	2352
28703	118	20	2106	29	0	2273
28704	2106	18	79	27	0	2230
28705	109	13	43	2055	0	2220
28706	57	2093	30	75	0	2255
28707	2075	65	33	35	0	2208
28708	81	2079	32	21	0	2213
28709	2067	74	26	11	0	2178
28710	95	29	17	2018	0	2159
28711	47	28	25	2074	0	2174
28712	36	26	1899	81	0	2042
28713	37	23	1980	44	0	2084
28714	31	2003	80	34	0	2148
28715	1936	61	38	26	0	2061
28716	82	1897	21	22	0	2022
28717	49	1873	23	14	0	1959
28718	38	1946	20	17	0	2021
28719	36	79	1868	15	0	1998
28720	27	1897	62	16	0	2002
28721	1781	64	36	16	0	1897
28722	1779	41	26	15	0	1861
28723	82	33	16	1710	0	1841
28724	48	1701	24	54	0	1827
28725	40	1752	18	31	0	1841
28726	38	75	15	1723	0	1851
28727	33	35	1702	64	0	1834
28728	22	1672	63	30	0	1787
28729	38	75	21	1596	0	1730
28730	1568	36	16	59	0	1679
28731	1574	17	18	32	0	1641
28732	67	1594	17	24	0	1702
28733	1608	55	17	22	0	1702
28734	1622	30	17	21	0	1690
28735	77	18	18	1548	0	1661
28736	41	25	1513	46	0	1625
28737	35	1561	49	23	0	1668
28738	35	58	26	1566	0	1685
28739	34	34	1561	43	0	1672
28740	25	1545	40	21	0	1631
28741	1423	51	48	13	0	1535
28742	1466	27	14	15	0	1522
28743	66	17	8	1425	0	1516
28744	34	1444	13	43	0	1534
28745	22	43	1422	23	0	1510
28746	30	31	38	1386	0	1485
28747	23	23	1443	43	0	1532
28748	15	1236	37	18	0	1306
28749	19	36	17	1127	0	1199
28750	1123	15	9	18	0	1165
28751	28	1115	8	17	0	1168
28752	1040	20	13	8	0	1081
28753	1021	29	4	9	0	1063
28754	28	1038	6	10	0	1082
28755	22	25	5	1026	0	1078
28756	14	23	9	1018	0	1064
28757	11	981	9	22	0	1023
28758	16	1013	6	20	0	1055
28759	11	19	9	919	0	958
28760	11	944	6	14	0	975
28761	965	21	5	10	0	1001
28762	955	12	3	9	0	979
28763	25	12	938	5	0	980
28764	11	8	914	12	0	945
28765	894	10	14	8	0	926
28766	951	8	6	1	0	966
28767	22	985	3	5	0	1015
28768	979	12	4	7	0	1002
28769	966	11	7	4	0	988
28770	19	961	5	3	0	988
28771	958	9	2	16	0	985
28772	17	9	5	1099	0	1130
28773	12	13	2	1161	0	1188
28774	10	7	1241	25	0	1283
28775	7	1189	27	10	0	1233
28776	4	1274	9	6	0	1293
28777	1108	54	2	16	0	1180
28778	1136	11	4	9	0	1160
28779	1114	2	1	8	0	1125
28780	1173	4	4	1	0	1182
28781	26	4	1091	3	0	1124
28782	4	5	1177	3	0	1189
28783	7	1167	20	2	0	1196
28784	7	24	4	1175	0	1210
28785	8	6	4	1129	0	1147
28786	7	1163	1	20	0	1191
28787	7	25	2	1147	0	1181
28788	1140	5	1	27	0	1173
28789	26	1137	4	5	0	1172
28790	9	25	1145	3	0	1182
28791	8	1169	18	2	0	1197
28792	1174	25	7	5	0	1211
28793	25	10	1160	6	0	1201
28794	1134	4	22	5	0	1165
28795	1177	3	5	12	0	1197
28796	26	4	1166	5	0	1201
28797	7	7	1171	2	0	1187
28798	10	5	1176	2	0	1193
28799	1103	8	27	2	0	1140
28800	35	4	1162	1	0	1202
28801	13	1139	25	3	0	1180
28802	1144	26	6	2	0	1178
28803	30	6	1175	3	0	1214
28804	1095	4	30	9	0	1138
28805	29	4	1143	5	0	1181
28806	14	6	1173	6	0	1199
28807	8	1175	26	7	0	1216
28808	9	27	1203	5	0	1244
28809	8	11	1194	5	0	1218
28810	12	981	37	7	0	1037
28811	1166	28	11	4	0	1209
28812	32	9	1193	2	0	1236
28813	19	6	31	1070	0	1126
28814	13	1169	16	17	0	1215
28815	1190	28	10	8	0	1236
28816	1184	9	11	6	0	1210
28817	34	5	1134	3	0	1176
28818	14	1123	35	5	0	1177
28819	7	1180	21	4	0	1212
28820	10	35	16	1115	0	1176
28821	11	992	13	23	0	1039
28822	24	35	12	959	0	1030
28823	10	13	15	1155	0	1193
28824	13	1151	7	30	0	1201
28825	22	32	12	1121	0	1187
28826	17	1139	16	21	0	1193
28827	12	30	1128	13	0	1183
28828	15	16	36	1121	0	1188
28829	16	13	16	1119	0	1164
28830	12	1122	16	31	0	1181
28831	9	1165	21	9	0	1204
28832	13	48	9	1092	0	1162
28833	17	1138	13	27	0	1195
28834	1121	36	11	20	0	1188
28835	41	14	12	1120	0	1187
28836	11	1123	14	38	0	1186
28837	1087	36	9	16	0	1148
28838	37	1058	14	5	0	1114
28839	13	35	1051	12	0	1111
28840	16	23	36	1015	0	1090
28841	1025	16	19	35	0	1095
28842	34	11	1059	19	0	1123
28843	14	14	38	1008	0	1074
28844	12	1035	9	32	0	1088
28845	10	31	1026	15	0	1082
28846	6	1056	35	16	0	1113
28847	966	44	11	10	0	1031
28848	1039	13	18	13	0	1083
28849	39	1007	15	13	0	1074
28850	1021	44	16	10	0	1091
28851	39	9	1040	9	0	1097
28852	12	25	33	1004	0	1074
28853	13	14	20	1012	0	1059
28854	10	1022	12	48	0	1092
28855	1077	40	15	13	0	1145
28856	1103	15	9	11	0	1138
28857	32	17	1106	11	0	1166
28858	1107	19	35	17	0	1178
28859	1150	19	15	10	0	1194
28860	1184	15	13	11	0	1223
28861	43	9	16	1118	0	1186
28862	15	17	6	1123	0	1161
28863	12	1129	10	31	0	1182
28864	1086	36	12	12	0	1146
28865	1085	10	9	16	0	1120
28866	31	1072	9	11	0	1123
28867	15	32	10	1034	0	1091
28868	13	1027	2	30	0	1072
28869	11	1074	7	10	0	1102
28870	1044	28	5	9	0	1086
28871	33	22	1012	7	0	1074
28872	9	3	797	3	0	812
28873	6	783	12	5	0	806
28874	677	4	3	2	0	686
28875	6	5	711	3	0	725
28876	3	632	4	4	0	643
28877	648	7	2	6	0	663
28878	4	2	605	1	0	612
28879	0	2	4	552	0	558
28880	600	1	1	6	0	608
28881	6	0	612	4	0	622
28882	2	3	661	1	0	667
28883	2	1	715	2	0	720
28884	1	1	742	2	0	746
28885	695	2	14	6	0	717
28886	811	2	9	7	0	829
28887	19	824	1	1	0	845
28888	9	17	0	820	0	846
28889	3	4	0	868	0	875
28890	1	825	1	19	0	846
28891	3	16	0	849	0	868
28892	1	880	0	19	0	900
28893	2	909	1	4	0	916
28894	3	23	1	894	0	921
28895	2	5	913	21	0	941
28896	0	911	19	8	0	938
28897	3	17	5	903	0	928
28898	945	7	3	20	0	975
28899	22	2	939	9	0	972
28900	921	3	20	4	0	948
28901	959	2	7	3	0	971
28902	27	2	2	942	0	973
28903	8	3	947	23	0	981
28904	6	1	922	6	0	935
28905	1	1009	30	2	0	1042
28906	4	24	8	982	0	1018
28907	2	8	997	24	0	1031
28908	1	3	984	10	0	998
28909	1	1009	28	3	0	1041
28910	1021	23	8	6	0	1058
28911	1047	7	2	4	0	1060
28912	35	2	2	1108	0	1147
28913	10	4	1142	28	0	1184
28914	5	2	1148	13	0	1168
28915	4	1204	40	4	0	1252
28916	2	27	1220	3	0	1252
28917	3	16	1222	4	0	1245
28918	11	4	45	1126	0	1186
28919	5	2	1214	28	0	1249
28920	1151	6	31	16	0	1204
28921	31	4	18	1222	0	1275
28922	17	3	1264	32	0	1316
28923	3	1268	35	16	0	1322
28924	4	29	18	1311	0	1362
28925	4	15	1333	30	0	1382
28926	4	1348	29	17	0	1398
28927	7	33	21	1315	0	1376
28928	4	1412	11	28	0	1455
28929	3	34	9	1409	0	1455
28930	6	17	5	1406	0	1434
28931	5	11	1388	44	0	1448
28932	5	1401	33	21	0	1460
28933	9	34	22	1403	0	1468
28934	7	16	10	1438	0	1471
28935	5	11	8	1466	0	1490
28936	2	4	1415	50	0	1471
28937	2	1400	38	20	0	1460
28938	4	35	18	1415	0	1472
28939	3	18	1425	38	0	1484
28940	4	1410	35	21	0	1470
28941	3	35	23	1415	0	1476
28942	3	20	1443	40	0	1506
28943	5	1442	37	22	0	1506
28944	5	34	23	1422	0	1484
28945	5	20	10	1476	0	1511
28946	2	11	1564	51	0	1628
28947	1430	6	40	29	0	1505
28948	32	1563	24	9	0	1628
28949	1580	39	9	14	0	1642
28950	31	23	1566	19	0	1639
28951	1545	7	41	20	0	1613
28952	34	12	25	1562	0	1633
28953	24	11	8	1602	0	1645
28954	11	9	1561	54	0	1635
28955	1435	10	40	31	0	1516
28956	1509	10	30	23	0	1572
28957	42	1457	11	18	0	1528
28958	20	1542	15	15	0	1592
28959	1517	45	12	21	0	1595
28960	36	28	1527	13	0	1604
28961	20	1610	42	13	0	1685
28962	9	40	18	1615	0	1682
28963	10	22	12	1659	0	1703
28964	9	10	1643	47	0	1709
28965	1570	12	38	35	0	1655
28966	38	11	1665	15	0	1729
28967	1637	8	42	15	0	1702
28968	46	12	1712	15	0	1785
28969	24	1709	50	12	0	1795
28970	1710	47	28	15	0	1800
28971	1734	20	26	17	0	1797
28972	1715	10	19	15	0	1759
28973	1763	9	13	14	0	1799
28974	66	9	14	1718	0	1807
28975	25	8	1675	45	0	1753
28976	19	11	47	1641	0	1718
28977	13	1687	25	47	0	1772
28978	15	41	17	1739	0	1812
28979	15	27	1722	43	0	1807
28980	12	12	1693	28	0	1745
28981	12	13	51	1685	0	1761
28982	1621	10	26	47	0	1704
28983	1579	10	13	31	0	1633
28984	1605	8	17	15	0	1645
28985	51	12	1594	15	0	1672
28986	21	12	1553	15	0	1601
28987	18	1558	43	22	0	1641
28988	12	1619	31	15	0	1677
28989	1566	36	12	8	0	1622
28990	1576	17	8	14	0	1615
28991	42	1647	14	8	0	1711
28992	1616	28	8	10	0	1662
28993	1630	19	8	11	0	1668
28994	44	1622	8	9	0	1683
28995	1658	27	10	10	0	1705
28996	1620	21	3	14	0	1658
28997	43	1648	11	9	0	1711
28998	1628	20	7	13	0	1668
28999	1641	17	7	15	0	1680
29000	45	7	1664	5	0	1721
29001	25	6	1630	10	0	1671
29002	19	1618	30	4	0	1671
29003	12	1678	19	8	0	1717
29004	1649	34	40	5	0	1728
29005	1594	18	11	9	0	1632
29006	1568	11	9	10	0	1598
29007	38	1581	6	5	0	1630
29008	28	24	4	1593	0	1649
29009	13	18	1595	23	0	1649
29010	21	14	29	1513	0	1577
29011	14	1596	18	20	0	1648
29012	1539	26	6	8	0	1579
29013	27	1527	4	4	0	1562
29014	15	19	4	1485	0	1523
29015	1580	10	4	28	0	1622
29016	1591	8	3	12	0	1614
29017	35	1	1608	5	0	1649
29018	1637	3	25	7	0	1672
29019	1782	4	6	9	0	1801
29020	1799	7	6	4	0	1816
29021	35	9	4	1702	0	1750
29022	15	1732	3	20	0	1770
29023	11	26	4	1741	0	1782
29024	13	12	1763	26	0	1814
29025	12	1782	27	7	0	1828
29026	20	32	8	1738	0	1798
29027	5	13	1745	27	0	1790
29028	7	1716	30	10	0	1763
29029	14	22	11	1646	0	1693
29030	9	14	1710	28	0	1761
29031	1511	6	28	20	0	1565
29032	35	4	1733	2	0	1774
29033	13	6	1714	5	0	1738
29034	6	1744	32	5	0	1787
29035	9	28	10	1716	0	1763
29036	11	11	5	1684	0	1711
29037	6	1691	6	31	0	1734
29038	12	32	3	1745	0	1792
29039	1787	7	4	32	0	1830
29040	1798	8	4	13	0	1823
29041	40	5	1651	11	0	1707
29042	1745	6	24	6	0	1781
29043	1790	1	9	10	0	1810
29044	41	6	1779	4	0	1830
29045	16	1757	29	6	0	1808
29046	7	1699	11	5	0	1722
29047	18	37	5	1510	0	1570
29048	8	1677	6	28	0	1719
29049	12	32	1502	10	0	1556
29050	7	19	1630	2	0	1658
29051	7	1681	30	5	0	1723
29052	1680	29	15	6	0	1730
29053	1724	15	7	10	0	1756
29054	1736	10	6	9	0	1761
29055	1736	5	5	12	0	1758
29056	1610	12	4	13	0	1639
29057	37	1680	6	8	0	1731
29058	21	32	1668	3	0	1724
29059	18	11	29	1653	0	1711
29060	1603	6	15	33	0	1657
29061	34	1576	7	7	0	1624
29062	21	38	4	1556	0	1619
29063	10	10	1575	28	0	1623
29064	8	1519	31	11	0	1569
29065	7	1561	7	8	0	1583
29066	1502	30	6	22	0	1560
29067	30	1506	1	4	0	1541
29068	16	23	3	1456	0	1498
29069	1466	7	4	24	0	1501
29070	1467	7	4	10	0	1488
29071	1487	3	5	10	0	1505
29072	28	4	1458	4	0	1494
29073	9	1469	21	5	0	1504
29074	1480	27	6	6	0	1519
29075	26	11	9	1477	0	1523
29076	1460	10	1	27	0	1498
29077	29	1458	4	8	0	1499
29078	1475	27	3	11	0	1516
29079	1578	13	3	4	0	1598
29080	40	6	4	1564	0	1614
29081	26	5	1612	25	0	1668
29082	17	6	28	1641	0	1692
29083	1639	4	12	34	0	1689
29084	1660	7	7	17	0	1691
29085	45	1624	8	13	0	1690
29086	1574	27	8	9	0	1618
29087	41	1581	3	9	0	1634
29088	1602	31	2	6	0	1641
29089	1533	15	4	13	0	1565
29090	42	15	1562	8	0	1627
29091	20	1535	32	8	0	1595
29092	11	33	22	1553	0	1619
29093	11	23	9	1556	0	1599
29094	11	8	12	1540	0	1571
29095	3	1548	9	43	0	1603
29096	12	37	1547	20	0	1616
29097	8	19	1564	14	0	1605
29098	7	1967	45	10	0	2029
29099	1956	45	18	11	0	2030
29100	50	31	1946	2	0	2029
29101	1916	15	45	15	0	1991
29102	58	1938	27	2	0	2025
29103	31	47	1980	12	0	2070
29104	29	26	44	1950	0	2049
29105	14	20	2001	47	0	2082
29106	13	10	2041	34	0	2098
29107	21	11	65	1830	0	1927
29108	15	1941	31	45	0	2032
29109	17	2036	22	23	0	2098
29110	2025	62	14	12	0	2113
29111	53	30	1978	5	0	2066
29112	1985	16	47	9	0	2057
29113	1996	17	31	8	0	2052
29114	73	2020	9	6	0	2108
29115	1928	42	10	5	0	1985
29116	1940	27	6	12	0	1985
29117	1834	14	7	11	0	1866
29118	67	1761	9	6	0	1843
29119	45	1574	3	5	0	1627
29120	24	1692	1	3	0	1720
29121	1664	71	7	2	0	1744
29122	1671	28	7	3	0	1709
29123	65	18	1563	1	0	1647
29124	34	16	1564	2	0	1616
29125	1601	6	43	6	0	1656
29126	1632	7	22	9	0	1670
29127	1664	8	16	12	0	1700
29128	64	2	13	1606	0	1685
29129	37	7	6	1630	0	1680
29130	24	9	10	1667	0	1710
29131	20	8	11	1684	0	1723
29132	18	7	1540	55	0	1620
29133	14	7	1619	31	0	1671
29134	15	9	1616	13	0	1653
29135	12	6	1624	11	0	1653
29136	1583	8	58	10	0	1659
29137	42	1604	33	7	0	1686
29138	31	1673	18	8	0	1730
29139	1639	44	16	8	0	1707
29140	39	34	1621	7	0	1701
29141	28	16	1590	7	0	1641
29142	1570	17	48	7	0	1642
29143	1650	5	25	6	0	1686
29144	52	1618	14	8	0	1692
29145	35	32	15	1619	0	1701
29146	1658	19	13	27	0	1717
29147	1680	12	10	19	0	1721
29148	66	15	7	1640	0	1728
29149	41	1696	9	33	0	1779
29150	1691	31	4	26	0	1752
29151	41	23	1655	16	0	1735
29152	1638	8	29	19	0	1694
29153	38	1647	24	12	0	1721
29154	1664	34	16	9	0	1723
29155	1578	26	13	19	0	1636
29156	55	11	1631	8	0	1705
29157	33	13	1598	4	0	1648
29158	1616	9	50	7	0	1682
29159	1659	12	32	3	0	1706
29160	52	1713	21	4	0	1790
29161	42	35	12	1705	0	1794
29162	22	26	1737	30	0	1815
29163	1725	13	41	25	0	1804
29164	42	16	28	1752	0	1838
29165	39	13	14	1784	0	1850
29166	1764	12	18	54	0	1848
29167	50	1827	8	34	0	1919
29168	1841	42	11	21	0	1915
29169	1866	22	18	10	0	1916
29170	1890	9	10	18	0	1927
29171	61	1842	12	5	0	1920
29172	1854	33	13	7	0	1907
29173	61	24	8	1811	0	1904
29174	45	21	8	1862	0	1936
29175	22	18	1849	50	0	1939
29176	33	5	1816	26	0	1880
29177	17	1821	49	16	0	1903
29178	16	1871	29	11	0	1927
29179	17	39	1825	7	0	1888
29180	14	1815	36	6	0	1871
29181	1770	38	43	6	0	1857
29182	1822	23	9	3	0	1857
29183	1829	10	8	7	0	1854
29184	58	15	5	1726	0	1804
29185	39	7	2	1787	0	1835
29186	17	9	1838	41	0	1905
29187	15	1856	28	23	0	1922
29188	1829	27	20	19	0	1895
29189	31	1865	11	8	0	1915
29190	1865	34	8	6	0	1913
29191	1874	23	1	13	0	1911
29192	57	6	3	1812	0	1878
29193	39	10	7	1796	0	1852
29194	24	6	2	1884	0	1916
29195	14	6	1805	53	0	1878
29196	15	1742	24	34	0	1815
29197	8	1745	21	16	0	1790
29198	2	1312	1	5	0	1320
29199	7	1311	2	2	0	1322
29200	4	1359	4	8	0	1375
29201	1273	16	4	9	0	1302
29202	13	6	1304	2	0	1325
29203	8	1281	13	1	0	1303
29204	9	10	1232	3	0	1254
29205	3	1283	11	4	0	1301
29206	16	20	9	812	0	857
29207	5	3	3	1193	0	1204
29208	3	1225	3	11	0	1242
29209	1195	12	5	6	0	1218
29210	12	7	1169	3	0	1191
29211	6	1211	10	1	0	1228
29212	4	14	1207	2	0	1227
29213	9	6	9	1179	0	1203
29214	6	4	4	1125	0	1139
29215	5	1201	0	14	0	1220
29216	5	10	3	1233	0	1251
29217	5	4	3	1224	0	1236
29218	3	1224	4	11	0	1242
29219	5	12	1208	2	0	1227
29220	5	7	1184	2	0	1198
29221	1145	5	12	7	0	1169
29222	1222	4	3	5	0	1234
29223	16	3	0	1179	0	1198
29224	7	1	1187	12	0	1207
29225	4	3	8	1158	0	1173
29226	3	1216	8	14	0	1241
29227	2	12	1202	10	0	1226
29228	2	1196	12	4	0	1214
29229	4	18	1184	0	0	1206
29230	3	1195	10	1	0	1209
29231	1175	12	2	7	0	1196
29232	18	8	1	1170	0	1197
29233	8	1	3	1169	0	1181
29234	6	5	1171	13	0	1195
29235	6	1	1115	6	0	1128
29236	4	1168	12	4	0	1188
29237	1157	11	7	9	0	1184
29238	11	8	2	1147	0	1168
29239	7	5	1178	11	0	1201
29240	9	9	1132	5	0	1155
29241	1043	6	14	10	0	1073
29242	1130	6	4	9	0	1149
29243	12	3	1199	5	0	1219
29244	10	10	10	1164	0	1194
29245	4	1198	6	10	0	1218
29246	1206	14	2	11	0	1233
29247	11	1191	6	8	0	1216
29248	1133	9	2	7	0	1151
29249	7	1158	3	2	0	1170
29250	5	1179	2	1	0	1187
29251	4	12	0	1167	0	1183
29252	4	3	2	1177	0	1186
29253	2	1186	5	11	0	1204
29254	1	9	1143	3	0	1156
29255	0	7	1113	1	0	1121
29256	5	3	1132	9	0	1149
29257	1070	3	12	8	0	1093
29258	1155	2	2	6	0	1165
29259	12	1184	3	1	0	1200
29260	4	14	1147	1	0	1166
29261	3	6	12	1138	0	1159
29262	2	1	1247	12	0	1262
29263	1	2	1279	3	0	1285
29264	5	1	18	1393	0	1417
29265	4	3	5	1474	0	1486
29266	5	2	1616	29	0	1652
29267	1556	3	22	24	0	1605
29268	24	1676	16	5	0	1721
29269	15	1762	4	9	0	1790
29270	11	38	4	1732	0	1785
29271	1772	17	6	29	0	1824
29272	30	1840	5	13	0	1888
29273	1848	35	3	10	0	1896
29274	31	1825	3	5	0	1864
29275	1860	35	1	11	0	1907
29276	39	23	1871	9	0	1942
29277	24	10	1898	7	0	1939
29278	20	11	56	1820	0	1907
29279	11	14	1837	35	0	1897
29280	17	1732	37	20	0	1806
29281	9	1749	26	5	0	1789
29282	1785	48	14	12	0	1859
29283	37	24	12	1747	0	1820
29284	23	1807	12	32	0	1874
29285	1823	41	14	22	0	1900
29286	1773	23	10	12	0	1818
29287	1788	12	6	13	0	1819
29288	63	10	8	1737	0	1818
29289	33	11	3	1770	0	1817
29290	19	11	1749	51	0	1830
29291	19	12	1751	21	0	1803
29292	1731	5	49	18	0	1803
29293	58	8	20	1719	0	1805
29294	31	4	1721	43	0	1799
29295	1680	6	38	28	0	1752
29296	46	1770	27	13	0	1856
29297	1792	34	16	15	0	1857
29298	1818	18	12	16	0	1864
29299	1817	6	15	20	0	1858
29300	63	5	1743	12	0	1823
29301	1732	9	41	9	0	1791
29302	60	7	22	1687	0	1776
29303	40	1642	13	32	0	1727
29304	31	1770	9	22	0	1832
29305	1748	51	10	17	0	1826
29306	1778	22	11	11	0	1822
29307	1799	10	13	9	0	1831
29308	79	12	6	1738	0	1835
29309	46	11	7	1764	0	1828
29310	34	11	9	1723	0	1777
29311	27	1730	9	61	0	1827
29312	1726	40	7	23	0	1796
29313	1753	28	7	23	0	1811
29314	1791	9	4	23	0	1827
29315	70	12	1714	20	0	1816
29316	1741	16	38	15	0	1810
29317	62	12	22	1682	0	1778
29318	50	1722	7	46	0	1825
29319	1722	43	5	33	0	1803
29320	1723	30	11	15	0	1779
29321	85	13	1731	10	0	1839
29322	51	14	46	1678	0	1789
29323	41	1725	26	43	0	1835
29324	1773	47	16	38	0	1874
29325	64	34	10	1767	0	1875
29326	51	14	14	1794	0	1873
29327	31	10	14	1864	0	1919
29328	27	17	9	1896	0	1949
29329	33	14	1826	76	0	1949
29330	21	1823	49	46	0	1939
29331	32	49	23	1853	0	1957
29332	19	32	1850	69	0	1970
29333	1818	10	42	54	0	1924
29334	1892	10	33	38	0	1973
29335	80	16	20	1876	0	1992
29336	1912	13	15	64	0	2004
29337	1928	12	16	54	0	2010
29338	84	6	1907	28	0	2025
29339	46	1892	49	25	0	2012
29340	1912	55	29	20	0	2016
29341	74	28	15	1919	0	2036
29342	1991	13	16	55	0	2075
29343	86	10	16	1904	0	2016
29344	52	11	14	1944	0	2021
29345	39	12	1863	75	0	1989
29346	1743	9	47	53	0	1852
29347	67	1888	34	31	0	2020
29348	50	50	1878	33	0	2011
29349	36	1901	47	33	0	2017
29350	1878	48	31	34	0	1991
29351	70	29	19	1879	0	1997
29352	1877	20	13	62	0	1972
29353	70	1870	13	45	0	1998
29354	1917	62	20	23	0	2022
29355	1959	32	14	20	0	2025
29356	1944	18	10	23	0	1995
29357	1948	12	10	24	0	1994
29358	88	1884	7	24	0	2003
29359	1896	50	3	16	0	1965
29360	79	32	14	1833	0	1958
29361	70	15	7	1829	0	1921
29362	44	1659	9	60	0	1772
29363	39	1656	7	38	0	1740
29364	38	1612	4	16	0	1670
29365	1524	39	6	23	0	1592
29366	48	1331	5	16	0	1400
29367	27	1208	4	16	0	1255
29368	1214	35	12	14	0	1275
29369	1164	15	4	10	0	1193
29370	35	1165	7	11	0	1218
29371	1152	29	3	12	0	1196
29372	36	9	1093	8	0	1146
29373	1054	14	17	6	0	1091
29374	34	25	1060	5	0	1124
29375	21	962	11	8	0	1002
29376	14	980	13	5	0	1012
29377	29	18	9	964	0	1020
29378	1005	8	3	12	0	1028
29379	1013	3	3	15	0	1034
29380	1028	8	3	11	0	1050
29381	1024	3	2	13	0	1042
29382	989	4	8	12	0	1013
29383	20	7	955	8	0	990
29384	12	3	898	12	0	925
29385	951	7	16	8	0	982
29386	18	964	8	5	0	995
29387	986	11	5	11	0	1013
29388	1022	10	4	11	0	1047
29389	1059	5	4	9	0	1077
29390	1072	5	1	9	0	1087
29391	1067	5	8	4	0	1084
29392	21	13	1033	7	0	1074
29393	1072	6	14	11	0	1103
29394	1081	9	9	16	0	1115
29395	31	7	990	8	0	1036
29396	986	8	12	14	0	1020
29397	1072	9	5	9	0	1095
29398	26	6	1098	8	0	1138
29399	27	4	1073	10	0	1114
29400	20	1132	15	9	0	1176
29401	24	10	12	1132	0	1178
29402	15	15	1131	10	0	1171
29403	1143	7	12	10	0	1172
29404	30	10	9	1223	0	1272
29405	20	3	1257	21	0	1301
29406	1238	11	14	16	0	1279
29407	1295	6	10	9	0	1320
29408	1281	12	10	14	0	1317
29409	38	1324	5	16	0	1383
29410	26	18	4	1287	0	1335
29411	15	1324	5	20	0	1364
29412	1352	19	10	9	0	1390
29413	1315	11	4	16	0	1346
29414	31	9	1303	11	0	1354
29415	15	1286	24	3	0	1328
29416	18	1304	7	5	0	1334
29417	17	25	5	1273	0	1320
29418	15	7	4	1296	0	1322
29419	1300	10	1	17	0	1328
29420	31	1283	3	7	0	1324
29421	17	1275	1	6	0	1299
29422	32	20	1248	2	0	1302
29423	19	1293	12	5	0	1329
29424	1268	18	7	8	0	1301
29425	28	10	1246	5	0	1289
29426	1114	4	11	8	0	1137
29427	19	6	1199	4	0	1228
29428	1042	8	12	8	0	1070
29429	18	1210	2	3	0	1233
29430	1221	17	3	4	0	1245
29431	18	4	1252	3	0	1277
29432	1204	4	14	10	0	1232
29433	1217	5	2	5	0	1229
29434	21	4	1253	3	0	1281
29435	1212	2	17	5	0	1236
29436	1301	4	4	6	0	1315
29437	1288	3	1	11	0	1303
29438	20	1264	6	0	0	1290
29439	1303	15	0	6	0	1324
29440	20	4	1329	0	0	1353
29441	7	1419	13	1	0	1440
29442	1449	17	1	7	0	1474
29443	1439	3	5	3	0	1450
29444	1464	3	2	7	0	1476
29445	22	1446	2	4	0	1474
29446	14	16	2	1722	0	1754
29447	6	7	1725	26	0	1764
29448	13	6	27	1707	0	1753
29449	6	2	1764	32	0	1804
29450	1672	6	32	14	0	1724
29451	32	1786	13	9	0	1840
29452	20	29	7	1729	0	1785
29453	12	1790	2	25	0	1829
29454	10	37	6	1791	0	1844
29455	10	11	2	1808	0	1831
29456	4	1876	5	41	0	1926
29457	13	34	3	1894	0	1944
29458	10	17	6	1959	0	1992
29459	9	1946	5	52	0	2012
29460	7	2035	6	24	0	2072
29461	7	50	3	2002	0	2062
29462	8	24	1988	40	0	2060
29463	9	2015	34	18	0	2076
29464	7	48	13	2010	0	2078
29465	8	19	2025	41	0	2093
29466	9	2053	38	19	0	2119
29467	2045	45	15	22	0	2127
29468	40	24	2044	13	0	2121
29469	2021	16	41	12	0	2090
29470	46	9	16	2018	0	2089
29471	20	6	14	2026	0	2066
29472	22	13	10	2029	0	2074
29473	10	13	1999	63	0	2085
29474	10	6	1980	28	0	2024
29475	1945	10	53	20	0	2028
29476	53	7	23	2027	0	2110
29477	16	9	2036	52	0	2113
29478	2022	8	47	22	0	2099
29479	49	11	22	2067	0	2149
29480	26	7	14	2074	0	2121
29481	15	6	14	2073	0	2108
29482	16	2049	7	61	0	2133
29483	12	43	5	1987	0	2047
29484	9	1995	6	56	0	2066
29485	13	2101	4	36	0	2154
29486	2034	55	11	25	0	2125
29487	1777	29	13	29	0	1848
29488	2014	20	9	22	0	2065
29489	61	1954	8	14	0	2037
29490	1952	49	11	14	0	2026
29491	1980	25	6	13	0	2024
29492	63	19	11	1921	0	2014
29493	37	13	7	1956	0	2013
29494	24	12	1905	67	0	2008
29495	13	1954	43	35	0	2045
29496	1899	42	19	29	0	1989
29497	1909	24	15	26	0	1974
29498	52	1904	13	21	0	1990
29499	1885	47	11	18	0	1961
29500	1882	27	11	19	0	1939
29501	68	24	9	1837	0	1938
29502	40	1809	8	52	0	1909
29503	21	1864	10	29	0	1924
29504	1770	51	9	34	0	1864
29505	52	32	10	1747	0	1841
29506	26	27	1743	51	0	1847
29507	1690	18	39	31	0	1778
29508	52	14	1795	28	0	1889
29509	25	1756	47	16	0	1844
29510	1753	46	17	31	0	1847
29511	45	23	1753	20	0	1841
29512	26	23	48	1761	0	1858
29513	25	13	1856	51	0	1945
29514	16	1885	53	26	0	1980
29515	23	56	22	1861	0	1962
29516	16	26	1871	48	0	1961
29517	1754	20	38	39	0	1851
29518	45	1878	18	33	0	1974
29519	22	37	16	1821	0	1896
29520	18	1905	19	49	0	1991
29521	1853	57	12	30	0	1952
29522	1861	30	7	38	0	1936
29523	52	1864	18	29	0	1963
29524	35	48	18	1840	0	1941
29525	28	1897	8	43	0	1976
29526	1862	43	21	31	0	1957
29527	69	36	1813	20	0	1938
29528	31	27	1806	19	0	1883
29529	28	1829	51	19	0	1927
29530	17	1866	26	21	0	1930
29531	18	50	15	1826	0	1909
29532	1816	30	13	41	0	1900
29533	1848	17	13	33	0	1911
29534	1824	16	9	23	0	1872
29535	54	1879	16	16	0	1965
29536	43	38	6	1804	0	1891
29537	28	1861	7	39	0	1935
29538	1881	39	13	27	0	1960
29539	47	23	9	1845	0	1924
29540	31	13	1775	35	0	1854
29541	14	1704	33	32	0	1783
29542	1659	32	16	20	0	1727
29543	30	29	1616	14	0	1689
29544	1569	11	26	24	0	1630
29545	39	1622	19	23	0	1703
29546	13	1383	2	7	0	1405
29547	1325	19	4	6	0	1354
29548	20	1372	2	2	0	1396
29549	1327	12	2	6	0	1347
29550	12	1333	1	3	0	1349
29551	1319	14	5	6	0	1344
29552	1334	10	2	5	0	1351
29553	17	1	1399	4	0	1421
29554	9	5	1375	2	0	1391
29555	6	1418	10	2	0	1436
29556	1395	10	3	7	0	1415
29557	8	5	1384	1	0	1398
29558	1286	12	5	2	0	1305
29559	8	0	1	1284	0	1293
29560	5	3	1315	2	0	1325
29561	6	3	1222	1	0	1232
29562	2	8	1337	1	0	1348
29563	0	1367	3	3	0	1373
29564	8	18	2	1341	0	1369
29565	1326	3	1	3	0	1333
29566	3	0	0	1356	0	1359
29567	1363	1	2	5	0	1371
29568	6	1	1	1366	0	1374
29569	1375	0	1	9	0	1385
29570	1331	1	4	8	0	1344
29571	1526	1	2	4	0	1533
29572	5	1568	0	1	0	1574
29573	6	7	1551	0	0	1564
29574	6	6	6	1547	0	1565
29575	38	10	16	677	0	741
29576	3	1	1	1596	0	1601
29577	6	2	1	1559	0	1568
29578	3	1524	2	12	0	1541
29579	3	11	1493	4	0	1511
29580	1	1536	9	1	0	1547
29581	6	9	8	1409	0	1432
29582	3	9	0	1566	0	1578
29583	6	2	1	1586	0	1595
29584	5	2	2	1569	0	1578
29585	4	1530	1	16	0	1551
29586	2	1554	3	12	0	1571
29587	2	28	1533	2	0	1565
29588	3	13	10	1538	0	1564
29589	4	5	9	1572	0	1590
29590	3	2	2	1614	0	1621
29591	1633	1	2	26	0	1662
29592	14	1636	1	11	0	1662
29593	11	16	1605	5	0	1637
29594	1597	9	15	12	0	1633
29595	14	6	7	1629	0	1656
29596	1651	7	1	17	0	1676
29597	16	5	3	1652	0	1676
29598	1652	2	1	20	0	1675
29599	16	8	3	1647	0	1674
29600	1647	4	3	22	0	1676
29601	20	3	1705	10	0	1738
29602	17	4	13	1691	0	1725
29603	9	1736	10	13	0	1768
29604	8	18	6	1807	0	1839
29605	1801	11	1	24	0	1837
29606	22	1780	3	15	0	1820
29607	15	18	5	1849	0	1887
29608	10	1807	5	23	0	1845
29609	10	23	2	1837	0	1872
29610	8	16	1	1844	0	1869
29611	8	5	1829	35	0	1877
29612	9	4	24	1765	0	1802
29613	5	7	1698	25	0	1735
29614	2	1663	22	16	0	1703
29615	1640	22	14	16	0	1692
29616	25	14	1657	9	0	1705
29617	1588	9	20	13	0	1630
29618	1671	6	13	15	0	1705
29619	35	5	9	1715	0	1764
29620	15	3	1833	26	0	1877
29621	1774	2	26	22	0	1824
29622	1919	3	16	15	0	1953
29623	45	3	7	1899	0	1954
29624	24	3	6	1912	0	1945
29625	15	1892	1	44	0	1952
29626	11	22	8	1884	0	1925
29627	6	1894	4	39	0	1943
29628	10	27	1893	19	0	1949
29629	12	17	20	1854	0	1903
29630	1849	3	14	37	0	1903
29631	1870	5	4	19	0	1898
29632	37	1853	5	13	0	1908
29633	18	26	0	1913	0	1957
29634	1923	14	3	36	0	1976
29635	30	1847	1	19	0	1897
29636	1856	29	5	10	0	1900
29637	30	15	2	1933	0	1980
29638	2022	6	5	40	0	2073
29639	33	12	2185	18	0	2248
29640	24	2203	39	8	0	2274
29641	2189	42	16	10	0	2257
29642	46	2280	8	7	0	2341
29643	2332	47	7	8	0	2394
29644	2372	19	2	19	0	2412
29645	64	16	2327	10	0	2417
29646	33	11	47	2296	0	2387
29647	2411	4	14	57	0	2486
29648	52	10	2386	18	0	2466
29649	2360	6	51	16	0	2433
29650	59	7	15	2375	0	2456
29651	27	7	2376	50	0	2460
29652	17	7	48	2341	0	2413
29653	2262	5	19	60	0	2346
29654	52	7	2322	34	0	2415
29655	30	4	53	2281	0	2368
29656	24	12	16	2287	0	2339
29657	2297	7	10	69	0	2383
29658	2289	6	10	38	0	2343
29659	73	2291	6	22	0	2392
29660	42	52	7	2281	0	2382
29661	38	21	6	2291	0	2356
29662	21	16	11	2268	0	2316
29663	2233	12	8	75	0	2328
29664	2237	10	10	38	0	2295
29665	81	9	11	2187	0	2288
29666	44	2138	8	58	0	2248
29667	37	53	11	2096	0	2197
29668	28	2190	12	58	0	2288
29669	2188	52	11	37	0	2288
29670	63	2159	15	16	0	2253
29671	2019	41	10	24	0	2094
29672	68	21	11	1977	0	2077
29673	1980	10	13	61	0	2064
29674	70	11	1976	28	0	2085
29675	38	2016	47	23	0	2124
29676	2010	40	27	26	0	2103
29677	2045	17	13	28	0	2103
29678	69	9	15	1958	0	2051
29679	32	1979	14	57	0	2082
29680	42	42	9	2066	0	2159
29681	34	16	14	2080	0	2144
29682	25	14	12	2091	0	2142
29683	2069	8	8	79	0	2164
29684	2064	14	10	49	0	2137
29685	74	6	7	1996	0	2083
29686	51	2023	10	61	0	2145
29687	2032	57	10	43	0	2142
29688	64	23	2017	33	0	2137
29689	39	17	36	2013	0	2105
29690	31	17	2036	56	0	2140
29691	39	20	36	1992	0	2087
29692	27	13	2039	63	0	2142
29693	28	18	42	2042	0	2130
29694	2043	13	20	63	0	2139
29695	2031	17	9	40	0	2097
29696	69	1999	11	27	0	2106
29697	2038	43	5	39	0	2125
29698	70	28	5	2037	0	2140
29699	50	17	6	2081	0	2154
29700	2057	20	11	77	0	2165
29701	63	18	1948	38	0	2067
29702	43	14	1933	35	0	2025
29703	35	15	1939	39	0	2028
29704	1902	13	48	29	0	1992
29705	62	12	1976	29	0	2079
29706	40	16	1885	26	0	1967
29707	1816	14	47	30	0	1907
29708	51	1946	20	28	0	2045
29709	34	35	16	1989	0	2074
29710	26	14	15	2026	0	2081
29711	35	11	2023	60	0	2129
29712	1995	15	34	38	0	2082
29713	2045	12	24	38	0	2119
29714	1949	12	16	46	0	2023
29715	57	11	2026	31	0	2125
29716	1949	9	38	41	0	2037
29717	59	11	1965	23	0	2058
29718	33	1956	40	29	0	2058
29719	26	1970	22	31	0	2049
29720	1847	36	17	31	0	1931
29721	46	1811	13	25	0	1895
29722	25	1819	15	22	0	1881
29723	1796	36	16	26	0	1874
29724	51	1806	16	22	0	1895
29725	1840	34	17	21	0	1912
29726	54	11	16	1923	0	2004
29727	28	10	20	1939	0	1997
29728	29	14	18	1941	0	2002
29729	27	10	19	1910	0	1966
29730	18	1894	16	46	0	1974
29731	1903	36	15	32	0	1986
29732	49	2061	17	19	0	2146
29733	29	2044	17	22	0	2112
29734	21	42	2135	11	0	2209
29735	2036	10	43	23	0	2112
29736	49	13	2205	13	0	2280
29737	34	5	2232	11	0	2282
29738	18	2110	51	11	0	2190
29739	10	2129	27	17	0	2183
29740	2147	41	17	16	0	2221
29741	45	2276	8	14	0	2343
29742	19	51	2251	6	0	2327
29743	17	2169	46	5	0	2237
29744	14	50	2228	7	0	2299
29745	10	18	2209	5	0	2242
29746	2085	14	66	10	0	2175
29747	43	14	2168	21	0	2246
29748	29	7	52	2100	0	2188
29749	2102	3	24	47	0	2176
29750	44	2097	16	14	0	2171
29751	20	40	2122	9	0	2191
29752	2116	13	45	11	0	2185
29753	54	13	21	2020	0	2108
29754	16	1974	22	42	0	2054
29755	19	41	2033	15	0	2108
29756	1980	20	46	16	0	2062
29757	46	13	2053	4	0	2116
29758	27	8	50	2034	0	2119
29759	18	6	2034	45	0	2103
29760	17	8	55	2005	0	2085
29761	1994	5	23	55	0	2077
29762	50	2019	20	16	0	2105
29763	2041	41	13	19	0	2114
29764	53	15	2033	10	0	2111
29765	33	12	46	2090	0	2181
29766	16	9	2150	49	0	2224
29767	2091	9	59	22	0	2181
29768	2145	4	22	16	0	2187
29769	56	2134	18	5	0	2213
29770	2157	46	13	11	0	2227
29771	2205	17	14	11	0	2247
29772	77	11	11	2131	0	2230
29773	38	10	2139	48	0	2235
29774	23	2053	48	20	0	2144
29775	26	52	19	2068	0	2165
29776	2091	19	15	51	0	2176
29777	61	15	2070	21	0	2167
29778	22	10	2084	15	0	2131
29779	19	12	2019	9	0	2059
29780	1981	10	73	7	0	2071
29781	55	12	2016	7	0	2090
29782	1947	7	67	9	0	2030
29783	66	11	1855	3	0	1935
29784	23	1963	63	8	0	2057
29785	25	48	32	1944	0	2049
29786	20	20	1972	46	0	2058
29787	15	1897	64	21	0	1997
29788	12	1975	29	14	0	2030
29789	18	65	23	1942	0	2048
29790	1923	31	16	57	0	2027
29791	62	19	15	1929	0	2025
29792	1886	15	14	65	0	1980
29793	65	11	15	1878	0	1969
29794	25	17	1869	60	0	1971
29795	22	9	1872	27	0	1930
29796	1821	6	69	22	0	1918
29797	1872	5	33	20	0	1930
29798	67	8	1833	14	0	1922
29799	1768	5	58	16	0	1847
29800	68	9	1797	9	0	1883
29801	30	1724	65	13	0	1832
29802	26	1727	37	6	0	1796
29803	22	1716	22	9	0	1769
29804	26	70	16	1670	0	1782
29805	1670	32	20	51	0	1773
29806	1698	19	21	19	0	1757
29807	76	14	19	1658	0	1767
29808	34	19	1580	53	0	1686
29809	32	12	54	1557	0	1655
29810	19	13	1558	59	0	1649
29811	24	8	63	1519	0	1614
29812	1497	10	28	62	0	1597
29813	1529	9	21	31	0	1590
29814	1532	6	19	24	0	1581
29815	1521	10	18	23	0	1572
29816	86	7	15	1458	0	1566
29817	44	9	19	1496	0	1568
29818	1488	7	11	66	0	1572
29819	1507	2	17	33	0	1559
29820	82	7	15	1464	0	1568
29821	51	3	7	1497	0	1558
29822	34	7	14	1478	0	1533
29823	29	6	9	1499	0	1543
29824	1439	6	21	78	0	1544
29825	64	12	1402	41	0	1519
29826	36	6	48	1322	0	1412
29827	1305	8	23	66	0	1402
29828	62	4	1301	34	0	1401
29829	39	6	54	1297	0	1396
29830	26	8	1279	58	0	1371
29831	23	1231	59	29	0	1342
29832	31	35	38	1062	0	1166
29833	1009	13	21	50	0	1093
29834	51	13	22	891	0	977
29835	30	871	14	46	0	961
29836	21	824	14	24	0	883
29837	20	675	12	13	0	720
29838	15	646	14	14	0	689
29839	381	33	58	30	0	502
29840	39	5	18	255	0	317
29841	4	3	226	13	0	246
29842	4	1	11	212	0	228
29843	6	4	212	7	0	229
29844	213	2	8	5	0	228
29845	12	1	5	209	0	227
29846	8	2	4	212	0	226
29847	5	1	2	209	0	217
29848	8	2	5	206	0	221
29849	202	3	3	11	0	219
29850	208	4	3	4	0	219
29851	14	3	3	200	0	220
29852	192	3	4	11	0	210
29853	11	4	188	5	0	208
29854	4	188	10	6	0	208
29855	3	8	4	189	0	204
29856	6	0	2	186	0	194
29857	6	180	2	8	0	196
29858	7	6	4	181	0	198
29859	8	2	3	186	0	199
29860	181	2	3	11	0	197
29861	9	1	173	5	0	188
29862	5	2	158	2	0	167
29863	160	0	9	7	0	176
29864	8	0	146	3	0	157
29865	47	0	3	0	0	50
29866	45	0	3	0	0	48
29867	3	0	0	34	0	37
29868	0	0	30	3	0	33
29869	24	0	2	0	0	26
29870	2	24	0	0	0	26
29871	10	6	5	3	0	24
29872	6	0	0	0	0	6
29873	21	0	1	0	0	22
29874	36	0	0	0	0	36
29875	38	0	0	0	0	38
29876	36	0	0	0	0	36
29877	37	0	0	0	0	37
29878	35	0	0	0	0	35
29879	37	0	0	0	0	37
29880	34	0	0	0	0	34
29881	35	0	0	0	0	35
29882	34	0	0	0	0	34
29883	31	0	0	0	0	31
29884	31	0	0	0	0	31
29885	34	0	0	0	0	34
29886	37	0	0	0	0	37
29887	37	0	0	0	0	37
29888	35	0	0	0	0	35
29889	29	0	0	0	0	29
29890	33	0	0	0	0	33
29891	29	0	0	0	0	29
29892	38	0	0	0	0	38
29893	38	0	0	0	0	38
29894	37	0	0	0	0	37
29895	37	0	0	0	0	37
29896	39	0	0	0	0	39
29897	38	0	0	0	0	38
29898	36	0	0	0	0	36
29899	38	0	0	0	0	38
29900	38	0	0	0	0	38
29901	36	0	0	0	0	36
29902	30	0	2	0	0	32
29903	23	0	3	0	0	26
