Pos	A	C	G	T	Other	Total
1	0	0	0	0	0	0
2	0	0	0	0	0	0
3	0	0	0	0	0	0
4	0	0	0	0	0	0
5	119	0	0	0	0	119
6	187	0	0	0	0	187
7	0	0	191	0	0	191
8	0	0	232	0	0	232
9	0	0	0	362	0	362
10	0	0	0	366	0	366
11	0	0	0	388	0	388
12	1258	0	0	0	0	1258
13	0	0	0	2332	0	2332
14	4598	0	2	3	0	4603
15	1	6597	6	3	0	6607
16	4	14367	13	18	0	14402
17	3	6	6	42554	0	42569
18	3	9	7	46081	0	46100
19	2	62222	64	57	0	62345
20	8	69552	90	39	0	69689
21	6	78903	39	115	0	79063
22	86008	39	149	24	0	86220
23	99	42	86875	28	0	87044
24	88	62	86761	10	0	86921
25	11	15	51	94422	0	94499
26	102853	2	14	63	0	102932
27	103740	2	11	15	0	103768
28	65	101482	41	89	0	101677
29	122415	64	14	128	0	122621
30	132504	15	16	31	0	132566
31	135406	7	9	7	0	135429
32	95	134033	56	102	0	134286
33	29	137201	46	126	0	137402
34	145920	87	7	22	0	146036
35	146604	23	24	19	0	146670
36	93	145476	84	177	0	145830
37	30	155315	60	449	0	155854
38	160340	93	9	10	0	160452
39	159820	28	10	16	0	159874
40	276	157596	58	204	0	158134
41	41	197	10	167402	0	167650
42	37	32	5	168111	0	168185
43	28	31	6	167360	0	167425
44	29	165966	22	560	0	166577
45	864	248	161993	58	0	163163
46	152444	83	181	67	0	152775
47	124	27	16	170612	0	170779
48	45	167963	77	210	0	168295
49	48	145	3	174489	0	174685
50	38	171214	63	231	0	171546
51	46	201	8	176186	0	176441
52	35	60	6	177550	0	177651
53	164	60	177441	225	0	177890
54	30	43	155	173957	0	174185
55	178391	34	57	227	0	178709
56	272	100	176206	128	0	176706
57	170826	28	199	71	0	171124
58	199	31	23	180174	0	180427
59	47	177774	75	360	0	178256
60	40	257	20	184086	0	184403
61	141	86	182539	336	0	183102
62	36	54	236	178844	0	179170
63	20	41	37	185099	0	185197
64	24	183868	94	647	0	184633
65	29	299	13	190081	0	190422
66	183	185194	64	505	0	185946
67	18	325	17	191285	0	191645
68	190550	59	36	411	0	191056
69	185031	55	43	183	0	185312
70	188403	30	28	121	0	188582
71	679	186350	112	243	0	187384
72	207	495	187040	74	0	187816
73	184417	80	518	85	0	185100
74	198888	44	88	66	0	199086
75	835	201744	127	270	0	202976
76	261	1175	31	175221	0	176688
77	153	241	44	178787	0	179225
78	96	170	23	173813	0	174102
79	175150	72	60	2340	0	177622
80	175221	60	61	794	0	176136
81	175324	62	55	451	0	175892
82	178663	46	35	253	0	178997
83	2599	76	42	174716	0	177433
84	901	171395	145	1945	0	174386
85	547	1699	34	182369	0	184649
86	542	693	179529	2240	0	183004
87	303	264	1902	189529	0	191998
88	375	254	192315	3130	0	196074
89	191	140	2842	193238	0	196411
90	283	218	198077	3433	0	202011
91	316	403	196193	1192	0	198104
92	141	199081	3870	1120	0	204212
93	183	3252	1174	213627	0	218236
94	458	1021	215883	3748	0	221110
95	276	520	3690	211999	0	216485
96	244	213718	1307	4125	0	219394
97	219461	3557	622	1283	0	224923
98	3543	221599	514	1000	0	226656
99	1080	4120	326	221040	0	226566
100	675	221939	471	3828	0	226913
101	582	4155	215746	1435	0	221918
102	627	1575	216664	1086	0	219952
103	335	215411	4801	1272	0	221819
104	357	3855	1554	225496	0	231262
105	1145	1561	221845	4031	0	228582
106	468	217190	4355	2043	0	224056
107	226239	4016	1511	1023	0	232789
108	3796	1541	882	224612	0	230831
109	1360	999	226484	4273	0	233116
110	623	222911	4301	1797	0	229632
111	485	4144	1308	231578	0	237515
112	406	1451	976	235285	0	238118
113	228399	933	727	5359	0	235418
114	4054	803	226603	2014	0	233474
115	1202	882	4037	227777	0	233898
116	915	1013	220123	4501	0	226552
117	429	202798	4471	2142	0	209840
118	202935	4121	1792	1177	0	210025
119	3624	196464	1087	1224	0	202399
120	1256	4655	877	188423	0	195211
121	826	189119	844	3808	0	194597
122	185644	4740	618	1429	0	192431
123	3926	185227	704	1396	0	191253
124	1693	4924	178242	852	0	185711
125	818	180558	4164	937	0	186477
126	181089	4621	1560	786	0	188056
127	4341	1956	182380	913	0	189590
128	1443	1190	4334	184607	0	191574
129	180206	919	1774	4453	0	187352
130	4477	997	973	173218	0	179665
131	176044	676	868	5243	0	182831
132	178357	772	721	2100	0	181950
133	5941	789	799	174038	0	181567
134	2288	907	593	177248	0	181036
135	172696	750	597	6332	0	180375
136	172515	863	502	2661	0	176541
137	6363	751	502	166960	0	174576
138	167894	836	669	5282	0	174681
139	169342	750	603	2333	0	173028
140	6219	163716	829	1570	0	172334
141	2660	4718	622	166761	0	174761
142	169272	1772	672	5212	0	176928
143	172694	1283	814	2195	0	176986
144	6258	950	597	168818	0	176623
145	2699	882	627	173789	0	177997
146	168787	675	739	6417	0	176618
147	5348	167056	669	3127	0	176200
148	2383	4492	751	169397	0	177023
149	1832	1917	166892	5604	0	176245
150	1682	1022	4400	165488	0	172592
151	1402	164615	1807	5667	0	173491
152	1397	4436	164242	2825	0	172900
153	1389	1638	4453	165097	0	172577
154	1351	1134	1721	167982	0	172188
155	1493	931	166661	6493	0	175578
156	157673	806	4723	3096	0	166298
157	5114	169691	1834	2402	0	179041
158	173574	4637	1176	1844	0	181231
159	5898	1999	169397	1683	0	178977
160	2709	1258	173724	1526	0	179217
161	165433	1118	5568	1504	0	173623
162	5425	172391	2127	1566	0	181509
163	173257	4730	1238	1477	0	180702
164	5269	172146	1069	1577	0	180061
165	2529	5110	172344	1467	0	181450
166	172247	2144	4595	1321	0	180307
167	5571	1457	176127	1306	0	184461
168	2223	1118	4860	175068	0	183269
169	176369	898	1966	5355	0	184588
170	175827	937	1341	2307	0	180412
171	5860	172802	1260	1860	0	181782
172	2679	7720	975	166833	0	178207
173	1800	168507	1042	4679	0	176028
174	1507	4344	163811	2175	0	171837
175	1470	3943	3829	149059	0	158301
176	1112	148637	1897	3678	0	155324
177	1736	3242	996	143278	0	149252
178	125128	1568	841	3695	0	131232
179	3055	729	644	138206	0	142634
180	1629	136516	552	3198	0	141895
181	1056	2575	504	140301	0	144436
182	850	1110	570	140117	0	142647
183	867	136879	560	3759	0	142065
184	854	3037	588	140304	0	144783
185	1120	1200	133321	3252	0	138893
186	767	131371	2577	1743	0	136458
187	123107	2032	857	709	0	126705
188	2179	809	122928	594	0	126510
189	1028	580	120843	535	0	122986
190	778	115733	2022	683	0	119216
191	1516	2828	1464	111809	0	117617
192	670	567	108509	1385	0	111131
193	457	97215	1417	819	0	99908
194	492	1126	476	101463	0	103557
195	379	517	277	103291	0	104464
196	100666	330	345	1334	0	102675
197	1048	98854	314	922	0	101138
198	611	1072	95466	496	0	97645
199	471	601	97470	420	0	98962
200	331	432	1115	97455	0	99333
201	330	425	467	112837	0	114059
202	320	377	283	115712	0	116692
203	308	134598	360	2620	0	137886
204	395	3007	137870	1186	0	142458
205	319	1402	2902	146481	0	151104
206	243	152264	1386	3659	0	157552
207	296	158284	734	1751	0	161065
208	432	5198	162487	823	0	168940
209	241	1937	4571	163839	0	170588
210	397	869	176168	4929	0	182363
211	290	555	5378	175082	0	181305
212	246	490	2153	183512	0	186401
213	585	712	173337	7134	0	181768
214	203	174281	5261	3065	0	182810
215	175639	4948	2196	1290	0	184073
216	5195	2251	175319	877	0	183642
217	1892	174672	5402	1055	0	183021
218	805	182961	2263	819	0	186848
219	740	6999	174119	656	0	182514
220	172686	2780	5603	629	0	181698
221	5248	1602	2395	162978	0	172223
222	2013	176387	1322	4459	0	184181
223	178579	5528	922	1983	0	187012
224	5458	2557	767	171045	0	179827
225	2167	174241	805	5362	0	182575
226	178649	5491	945	2360	0	187445
227	5607	2650	166960	1331	0	176548
228	2180	169670	5391	1070	0	178311
229	169490	5444	2271	869	0	178074
230	5092	169103	1329	974	0	176498
231	166925	5747	898	667	0	174237
232	5353	2730	897	160335	0	169315
233	2265	160964	1015	4808	0	169052
234	1050	5217	866	165071	0	172204
235	162516	2507	928	5772	0	171723
236	5204	1520	156431	2757	0	165912
237	2320	1158	161016	1522	0	166016
238	1300	1087	6691	156556	0	165634
239	908	1092	2986	163023	0	168009
240	915	1092	1512	160402	0	163921
241	820	152599	1285	7556	0	162260
242	900	5389	146449	3109	0	155847
243	728	2862	5218	147236	0	156044
244	917	145980	2607	5291	0	154795
245	957	150798	1648	2868	0	156271
246	1052	6642	148419	1481	0	157594
247	1090	3222	151423	1086	0	156821
248	1052	1947	154184	999	0	158182
249	971	1453	7196	147267	0	156887
250	1073	1388	150191	5415	0	158067
251	971	1270	6116	149395	0	157752
252	1028	1268	147864	5920	0	156080
253	140344	1242	6123	2754	0	150463
254	5396	147897	2908	1701	0	157902
255	2572	159577	1711	1343	0	165203
256	1649	7493	159238	1463	0	169843
257	157506	3395	6250	1298	0	168449
258	165857	1863	2781	1304	0	171805
259	166922	1483	1847	1308	0	171560
260	8765	1317	154232	1212	0	165526
261	3516	1181	160062	1416	0	166175
262	1682	1235	8344	155137	0	166398
263	156014	1132	3736	6976	0	167858
264	159100	1236	2226	3462	0	166024
265	8028	1548	150888	2154	0	162618
266	152233	1366	7186	1676	0	162461
267	6996	1363	3627	150169	0	162155
268	3033	1535	151475	6982	0	163025
269	1710	1538	154389	3362	0	160999
270	148063	1450	9304	2268	0	161085
271	6541	1214	152517	1785	0	162057
272	148477	1187	8420	1877	0	159961
273	7152	1270	150252	1794	0	160468
274	3233	144203	8371	1922	0	157729
275	2105	153825	4379	1716	0	162025
276	1970	8166	3056	147992	0	161184
277	1705	3772	2648	155383	0	163508
278	1856	2417	146475	8405	0	159153
279	1737	2001	7529	145717	0	156984
280	1774	142870	4143	7230	0	156017
281	2240	148856	2806	3198	0	157100
282	2419	152493	2362	1984	0	159258
283	2486	9256	2235	145431	0	159408
284	2351	3974	143386	6660	0	156371
285	2141	2331	146093	3196	0	153761
286	2157	2090	8878	140444	0	153569
287	2239	1657	4143	145396	0	153435
288	2517	1501	2785	137345	0	144148
289	2363	140520	2334	8183	0	153400
290	142225	6449	2120	3614	0	154408
291	143402	3301	2001	2342	0	151046
292	8720	140000	2026	2090	0	152836
293	4136	6687	141430	1823	0	154076
294	144195	3239	7145	1738	0	156317
295	7692	1979	143907	1622	0	155200
296	143843	1681	7889	1535	0	154948
297	146918	1585	4035	1781	0	154319
298	146708	1642	2761	1807	0	152918
299	143476	1613	2112	2127	0	149328
300	8757	139636	2281	2440	0	153114
301	123993	5468	1633	2216	0	133310
302	6250	125291	1863	2150	0	135554
303	98603	4418	1241	1223	0	105485
304	4429	94422	1221	1280	0	101352
305	1715	3535	80905	814	0	86969
306	1090	8192	3001	68721	0	81004
307	834	75748	1579	2580	0	80741
308	727	70645	844	1148	0	73364
309	63823	3296	3008	1435	0	71562
310	57613	724	566	478	0	59381
311	2013	59284	405	403	0	62105
312	861	1542	476	56999	0	59878
313	669	63548	347	1563	0	66127
314	65462	1710	325	437	0	67934
315	2103	603	64455	250	0	67411
316	828	475	1745	62878	0	65926
317	658	345	689	63492	0	65184
318	587	271	491	65370	0	66719
319	595	331	62784	1978	0	65688
320	581	62260	1721	656	0	65218
321	597	64775	578	392	0	66342
322	567	1981	388	66485	0	69421
323	531	754	66278	1787	0	69350
324	445	619	1732	66449	0	69245
325	444	553	593	68783	0	70373
326	473	469	404	68236	0	69582
327	448	441	360	68686	0	69935
328	66196	387	396	2357	0	69336
329	1726	66136	389	974	0	69225
330	67194	1873	503	635	0	70205
331	2015	776	66558	561	0	69910
332	796	630	67588	437	0	69451
333	563	484	2050	64258	0	67355
334	463	441	708	65472	0	67084
335	415	67420	577	2089	0	70501
336	427	1836	67196	905	0	70364
337	325	68626	1876	911	0	71738
338	412	1877	69168	666	0	72123
339	65105	680	1895	630	0	68310
340	1750	69805	700	654	0	72909
341	734	1905	70612	505	0	73756
342	506	740	1833	70217	0	73296
343	462	594	70544	1965	0	73565
344	376	69550	1860	891	0	72677
345	388	1821	661	69055	0	71925
346	421	69678	459	2032	0	72590
347	525	1899	69127	830	0	72381
348	450	857	1713	69092	0	72112
349	69434	564	538	1998	0	72534
350	1879	68348	448	797	0	71472
351	816	1947	67053	531	0	70347
352	487	1829	1736	64577	0	68629
353	452	575	67251	1707	0	69985
354	458	573	60096	617	0	61744
355	194	52960	1442	369	0	54965
356	231	759	480	48477	0	49947
357	103	286	183	48944	0	49516
358	88	192	158	49012	0	49450
359	133	165	49698	924	0	50920
360	123	172	49268	330	0	49893
361	44978	122	846	248	0	46194
362	703	168	48047	189	0	49107
363	46352	116	772	172	0	47412
364	692	48060	329	213	0	49294
365	202	869	220	47537	0	48828
366	126	49510	188	762	0	50586
367	72	50497	202	382	0	51153
368	178	822	49479	212	0	50691
369	67	367	778	49068	0	50280
370	102	256	50590	763	0	51711
371	116	221	48235	317	0	48889
372	47381	149	839	249	0	48618
373	661	122	49479	212	0	50474
374	188	150	48704	254	0	49296
375	46718	132	813	258	0	47921
376	647	122	48468	270	0	49507
377	246	163	49797	194	0	50400
378	122	185	755	47000	0	48062
379	119	48193	328	699	0	49339
380	101	644	289	49605	0	50639
381	74	230	291	49396	0	49991
382	50097	167	216	858	0	51338
383	605	154	179	48860	0	49798
384	219	49837	192	743	0	50991
385	50594	662	260	305	0	51821
386	686	302	50091	231	0	51310
387	47883	191	777	239	0	49090
388	744	190	52604	200	0	53738
389	256	381	54098	157	0	54892
390	134	55732	1077	231	0	57174
391	58163	918	393	247	0	59721
392	828	57610	399	344	0	59181
393	293	1092	57912	181	0	59478
394	219	343	1018	54205	0	55785
395	113	58942	401	858	0	60314
396	60399	990	341	284	0	62014
397	60715	306	266	248	0	61535
398	1119	60480	282	186	0	62067
399	62224	1055	259	179	0	63717
400	1087	347	273	59657	0	61364
401	266	60864	313	1068	0	62511
402	217	1060	268	63169	0	64714
403	182	333	264	67277	0	68056
404	67894	341	250	1295	0	69780
405	66975	222	280	472	0	67949
406	67391	230	218	383	0	68222
407	1523	239	65796	261	0	67819
408	64997	180	1250	233	0	66660
409	1376	480	470	67060	0	69386
410	463	193	66894	1214	0	68764
411	439	200	62945	343	0	63927
412	267	62120	1314	343	0	64044
413	56523	1024	489	154	0	58190
414	900	57097	260	225	0	58482
415	312	926	160	58553	0	59951
416	256	302	183	60127	0	60868
417	292	197	61481	1037	0	63007
418	201	171	943	57865	0	59180
419	222	119	61605	1018	0	62964
420	220	164	59821	342	0	60547
421	157	59223	997	275	0	60652
422	193	970	362	58732	0	60257
423	170	211	216	59636	0	60233
424	59326	198	168	899	0	60591
425	824	130	58716	320	0	59990
426	243	126	793	59779	0	60941
427	61236	151	290	870	0	62547
428	862	132	61122	339	0	62455
429	59990	127	855	297	0	61269
430	62110	136	269	215	0	62730
431	1031	129	65025	211	0	66396
432	385	133	933	63990	0	65441
433	283	130	407	66890	0	67710
434	249	187	69904	1075	0	71415
435	68185	143	1056	436	0	69820
436	71611	170	575	322	0	72678
437	69860	171	407	260	0	70698
438	70219	200	234	294	0	70947
439	70142	237	412	272	0	71063
440	1286	259	67265	304	0	69114
441	594	208	70038	326	0	71166
442	419	68015	1108	445	0	69987
443	460	839	71310	315	0	72924
444	339	297	1028	69574	0	71238
445	428	471	568	65256	0	66723
446	369	201	378	72414	0	73362
447	390	206	309	73425	0	74330
448	521	147	71947	1232	0	73847
449	449	69435	995	707	0	71586
450	463	75478	457	461	0	76859
451	420	989	427	73715	0	75551
452	448	75608	352	1139	0	77547
453	77626	959	331	460	0	79376
454	76560	303	394	392	0	77649
455	1268	79050	374	393	0	81085
456	577	982	350	80071	0	81980
457	489	293	342	82426	0	83550
458	379	354	81567	1438	0	83738
459	74319	197	1211	691	0	76418
460	81834	217	508	507	0	83066
461	1365	82962	445	540	0	85312
462	85768	1069	357	454	0	87648
463	1560	436	85962	419	0	88377
464	677	84197	1296	463	0	86633
465	557	88805	580	448	0	90390
466	482	88668	539	443	0	90132
467	452	1613	377	88880	0	91322
468	89350	571	430	1443	0	91794
469	1557	376	427	91530	0	93890
470	656	338	93626	1804	0	96424
471	549	269	1673	94482	0	96973
472	511	365	99141	1988	0	102005
473	515	328	1840	95192	0	97875
474	559	405	684	94565	0	96213
475	413	97216	600	1992	0	100221
476	101776	1761	453	834	0	104824
477	1871	604	426	97816	0	100717
478	750	98438	462	1880	0	101530
479	101888	1815	380	678	0	104761
480	92503	697	547	646	0	94393
481	100051	531	346	643	0	101571
482	2154	100831	418	678	0	104081
483	871	1803	100396	646	0	103716
484	712	563	1771	102402	0	105448
485	620	1001	656	100743	0	103020
486	547	101452	560	2190	0	104749
487	653	1845	102916	879	0	106293
488	596	637	102278	608	0	104119
489	97501	488	1796	616	0	100401
490	1712	764	520	99930	0	102926
491	663	399	103871	1902	0	106835
492	502	108729	1671	783	0	111685
493	708	1679	670	106736	0	109793
494	555	111663	637	1532	0	114387
495	483	1710	111477	811	0	114481
496	105868	628	1671	681	0	108848
497	112308	561	621	490	0	113980
498	1966	112282	459	710	0	115417
499	685	1739	324	114127	0	116875
500	708	759	112290	1702	0	115459
501	600	110947	1545	776	0	113868
502	111361	1684	658	440	0	114143
503	1728	107620	377	468	0	110193
504	577	109239	341	459	0	110616
505	756	1943	423	108175	0	111297
506	321	108018	262	1749	0	110350
507	110197	1686	397	638	0	112918
508	1488	772	318	109747	0	112325
509	508	490	106345	1494	0	108837
510	362	495	104723	476	0	106056
511	433	382	1511	106173	0	108499
512	251	105055	574	1731	0	107611
513	109361	1409	477	478	0	111725
514	1374	621	296	107294	0	109585
515	467	429	106981	1580	0	109457
516	297	501	1325	107103	0	109226
517	255	408	550	108042	0	109255
518	106841	328	334	1692	0	109195
519	1523	312	280	104574	0	106689
520	561	453	103852	1524	0	106390
521	443	341	103253	702	0	104739
522	288	281	1652	104835	0	107056
523	264	415	557	105772	0	107008
524	447	335	106809	1658	0	109249
525	93679	483	1509	772	0	96443
526	1475	479	105648	526	0	108128
527	462	102716	1509	618	0	105305
528	334	1497	503	108472	0	110806
529	536	462	107612	1482	0	110092
530	415	389	106053	737	0	107594
531	280	610	1696	101726	0	104312
532	103990	338	776	1554	0	106658
533	1388	330	104737	761	0	107216
534	448	98679	1600	605	0	101332
535	105457	1340	560	542	0	107899
536	1466	505	104328	578	0	106877
537	100811	286	1641	498	0	103236
538	105823	260	608	592	0	107283
539	1561	105865	638	614	0	108678
540	772	1332	410	104332	0	106846
541	468	104487	483	1443	0	106881
542	460	1537	103642	555	0	106194
543	102354	530	1613	504	0	105001
544	107252	433	657	607	0	108949
545	1729	421	106162	531	0	108843
546	797	358	104795	458	0	106408
547	612	105023	1884	447	0	107966
548	111347	1463	875	269	0	113954
549	1634	651	536	108570	0	111391
550	630	416	502	106045	0	107593
551	410	105725	577	1642	0	108354
552	106844	1457	622	640	0	109563
553	1653	642	107052	576	0	109923
554	675	384	1501	117840	0	120400
555	120681	366	709	2280	0	124036
556	2550	118672	678	956	0	122856
557	988	2499	139574	564	0	143625
558	653	807	143618	358	0	145436
559	608	1032	4229	135774	0	141643
560	460	138760	1261	3476	0	143957
561	524	4008	143268	747	0	148547
562	301	942	3925	144038	0	149206
563	149789	635	930	4150	0	155504
564	4182	446	150751	857	0	156236
565	920	405	4645	150521	0	156491
566	825	277	152988	4500	0	158590
567	603	305	156459	955	0	158322
568	325	1559	5218	150971	0	158073
569	495	241	153309	4456	0	158501
570	131578	243	4770	996	0	137587
571	4125	229	148505	564	0	153423
572	139281	125	4242	407	0	144055
573	4133	142409	1174	378	0	148094
574	149685	3891	691	284	0	154551
575	4091	149536	562	379	0	154568
576	975	4176	467	151568	0	157186
577	568	864	385	159418	0	161235
578	505	597	152234	4830	0	158166
579	396	459	156690	1205	0	158750
580	251	222	4782	157766	0	163021
581	451	277	157633	4608	0	162969
582	271	411	4723	151953	0	157358
583	269	151131	1415	5004	0	157819
584	486	160097	948	1249	0	162780
585	338	4960	704	156158	0	162160
586	293	1283	548	160550	0	162674
587	354	854	152086	5093	0	158387
588	269	883	4143	150502	0	155797
589	267	148410	1187	4763	0	154627
590	211	150225	996	1428	0	152860
591	273	150329	699	1082	0	152383
592	376	5215	612	137072	0	143275
593	208	137985	692	4159	0	143044
594	138157	4440	571	1088	0	144256
595	4069	1043	597	137623	0	143332
596	902	759	135291	4548	0	141500
597	547	546	4297	136329	0	141719
598	545	489	136825	4823	0	142682
599	392	549	139012	1269	0	141222
600	363	486	139422	1048	0	141319
601	305	131436	5185	1036	0	137962
602	411	4180	137813	710	0	143114
603	137257	1026	4713	678	0	143674
604	142073	801	1348	636	0	144858
605	143315	585	1065	650	0	145615
606	4984	506	759	139148	0	145397
607	138402	496	881	4522	0	144301
608	4394	132018	947	1436	0	138795
609	1045	140844	806	1189	0	143884
610	140013	4671	897	833	0	146414
611	4445	1353	139834	818	0	146450
612	1006	911	4519	140272	0	146708
613	826	752	141457	4562	0	147597
614	658	709	142958	1324	0	145649
615	422	138808	5086	1149	0	145465
616	519	4531	1650	135358	0	142058
617	488	1240	1250	144876	0	147854
618	140325	902	1001	5223	0	147451
619	4269	138900	946	1931	0	146046
620	1175	144766	941	1490	0	148372
621	1250	5206	139011	1104	0	146571
622	774	141758	4608	918	0	148058
623	141279	5047	1542	1008	0	148876
624	143091	1499	1552	958	0	147100
625	5012	1124	143282	933	0	150351
626	1428	942	145586	1180	0	149136
627	1053	1002	5903	135897	0	143855
628	865	861	2272	139366	0	143364
629	775	137458	1701	5613	0	145547
630	898	4757	1484	140295	0	147434
631	885	1335	1419	141815	0	145454
632	914	137322	1237	5748	0	145221
633	881	4827	1352	138139	0	145199
634	683	1472	1430	136286	0	139871
635	709	130388	1481	6022	0	138600
636	844	4662	129938	2048	0	137492
637	867	1437	4868	135805	0	142977
638	136086	1153	1812	5256	0	144307
639	135513	1130	1537	1587	0	139767
640	5496	1236	130448	1368	0	138548
641	129010	1247	4591	1300	0	136148
642	134333	1273	1432	1209	0	138247
643	5121	128007	1255	1630	0	136013
644	1612	4816	128506	1550	0	136484
645	1051	1532	130998	1531	0	135112
646	727	1191	5290	134294	0	141502
647	135349	1153	2242	5154	0	143898
648	143191	984	1703	1768	0	147646
649	5398	970	1317	150659	0	158344
650	161342	1114	1069	6066	0	169591
651	167363	1185	1055	1945	0	171548
652	169027	1178	1184	1759	0	173148
653	6887	1266	160494	1497	0	170144
654	2516	917	154020	1127	0	158580
655	148557	686	4943	1282	0	155468
656	4651	864	146738	992	0	153245
657	1022	128244	2900	499	0	132665
658	874	3064	2042	129656	0	135636
659	635	806	130973	2585	0	134999
660	524	513	130149	768	0	131954
661	452	1191	2981	125986	0	130610
662	497	260	125837	2447	0	129041
663	398	311	121839	744	0	123292
664	278	110282	2826	566	0	113952
665	239	117778	807	459	0	119283
666	119692	2108	531	176	0	122507
667	1986	758	409	117548	0	120701
668	117696	236	258	1996	0	120186
669	2168	205	117611	513	0	120497
670	609	143	1916	116363	0	119031
671	351	239	543	121082	0	122215
672	117863	209	327	2295	0	120694
673	1916	116048	308	874	0	119146
674	639	1967	111577	332	0	114515
675	507	709	112530	202	0	113948
676	238	111766	2290	470	0	114764
677	274	1832	110903	206	0	113215
678	175	109406	2015	285	0	111881
679	185	106789	567	250	0	107791
680	504	2394	102765	252	0	105915
681	103376	598	1705	101	0	105780
682	1710	197	505	109262	0	111674
683	503	109253	311	1607	0	111674
684	276	1624	224	112623	0	114747
685	112460	413	236	1753	0	114862
686	113198	203	193	522	0	114116
687	113765	113	229	298	0	114405
688	2111	143	111405	162	0	113821
689	567	125	1734	110334	0	112760
690	222	110546	646	1638	0	113052
691	118612	1590	380	412	0	120994
692	1659	480	268	118843	0	121250
693	495	310	226	119376	0	120407
694	284	203	222	122622	0	123331
695	266	239	116889	2216	0	119610
696	110937	167	1719	689	0	113512
697	1791	115708	623	380	0	118502
698	637	1661	289	117491	0	120078
699	388	432	239	120022	0	121081
700	118157	239	337	2193	0	120926
701	1978	251	115915	666	0	118810
702	642	199	118469	324	0	119634
703	380	113319	2374	340	0	116413
704	319	1771	120448	207	0	122745
705	111462	562	2338	270	0	114632
706	1754	121259	792	469	0	124274
707	541	2049	124661	260	0	127511
708	112447	637	2273	256	0	115613
709	2078	335	128690	305	0	131408
710	639	126717	2277	366	0	129999
711	403	2048	629	130589	0	133669
712	363	642	431	134198	0	135634
713	399	409	130564	2439	0	133811
714	462	342	129210	750	0	130764
715	435	126333	2490	607	0	129865
716	127640	1980	785	335	0	130740
717	1879	131585	580	431	0	134475
718	646	2178	420	132843	0	136087
719	456	730	131084	2123	0	134393
720	124446	389	2252	677	0	127764
721	2151	338	750	128726	0	131965
722	677	125510	652	2074	0	128913
723	355	132137	599	765	0	133856
724	313	2471	496	132308	0	135588
725	337	858	390	134793	0	136378
726	131326	494	431	2559	0	134810
727	2092	433	325	133040	0	135890
728	872	376	132630	2406	0	136284
729	131396	285	2189	871	0	134741
730	136249	297	810	618	0	137974
731	2536	379	135501	464	0	138880
732	133182	352	2224	421	0	136179
733	2316	382	729	140954	0	144381
734	825	395	463	143024	0	144707
735	561	377	405	144058	0	145401
736	511	326	430	140650	0	141917
737	393	137314	498	2915	0	141120
738	142998	2250	512	954	0	146714
739	146838	789	419	674	0	148720
740	2888	544	153125	558	0	157115
741	155123	353	2543	634	0	158653
742	164127	351	806	530	0	165814
743	167134	350	644	506	0	168634
744	173366	337	461	446	0	174610
745	3963	167826	485	476	0	172750
746	1110	3479	263	167487	0	172339
747	726	833	166077	3044	0	170680
748	553	785	158339	839	0	160516
749	142132	1609	3765	880	0	148386
750	141154	580	1343	237	0	143314
751	2237	134814	342	459	0	137852
752	139148	1787	237	145	0	141317
753	2093	137853	369	227	0	140542
754	628	1984	121	141232	0	143965
755	144888	422	175	2049	0	147534
756	143671	264	163	527	0	144625
757	142396	148	192	346	0	143082
758	2407	138535	190	339	0	141471
759	142527	1818	173	191	0	144709
760	2216	636	164	143185	0	146201
761	144581	284	314	1987	0	147166
762	2354	307	138693	475	0	141829
763	685	139458	1929	443	0	142515
764	144592	1768	418	166	0	146944
765	2207	523	142213	175	0	145118
766	659	276	1821	143307	0	146063
767	593	246	145168	1907	0	147914
768	499	311	145919	451	0	147180
769	441	194	2074	144419	0	147128
770	581	244	149959	1915	0	152699
771	470	197	1972	149224	0	151863
772	474	190	479	152161	0	153304
773	152812	200	366	2339	0	155717
774	2103	152373	328	857	0	155661
775	702	158165	331	559	0	159757
776	627	162577	355	440	0	163999
777	1222	2712	159751	295	0	163980
778	458	798	2199	160151	0	163606
779	492	504	165764	2324	0	169084
780	159511	425	2337	584	0	162857
781	165194	266	625	484	0	166569
782	2555	164216	522	734	0	168027
783	963	2250	320	162714	0	166247
784	689	165112	346	2138	0	168285
785	168203	2358	344	610	0	171515
786	2464	672	296	166735	0	170167
787	859	579	165568	2432	0	169438
788	657	161269	2351	997	0	165274
789	744	2464	166002	641	0	169851
790	584	672	2456	165967	0	169679
791	550	541	165801	2471	0	169363
792	157075	375	2599	721	0	160770
793	2793	428	167200	614	0	171035
794	832	164246	2621	721	0	168420
795	679	2384	738	168169	0	171970
796	597	657	602	173825	0	175681
797	171113	541	581	2824	0	175059
798	171698	416	477	936	0	173527
799	2865	164864	685	946	0	169360
800	1047	2349	167785	482	0	171663
801	810	843	166413	457	0	168523
802	165377	524	2862	522	0	169285
803	2873	480	169181	456	0	172990
804	1016	504	164687	421	0	166628
805	810	673	165156	473	0	167112
806	680	529	164839	471	0	166519
807	569	163938	2962	642	0	168111
808	170766	2284	1281	461	0	174792
809	2592	919	755	163894	0	168160
810	164961	564	667	2205	0	168397
811	2606	161160	628	944	0	165338
812	163485	2361	617	608	0	167071
813	2602	168719	654	759	0	172734
814	972	2515	649	170982	0	175118
815	766	174885	696	2502	0	178849
816	907	2785	170537	800	0	175029
817	649	176189	2664	712	0	180214
818	684	2791	982	194493	0	198950
819	195376	887	779	3157	0	200199
820	3319	709	653	195514	0	200195
821	1281	719	194624	3425	0	200049
822	985	863	3172	189524	0	194544
823	710	190141	1211	3327	0	195389
824	880	3201	191891	1035	0	197007
825	189374	1028	3398	851	0	194651
826	3383	795	1257	200116	0	205551
827	202285	622	980	3397	0	207284
828	199240	645	871	1327	0	202083
829	3727	199544	913	1194	0	205378
830	204431	3209	859	759	0	209258
831	203650	1101	823	761	0	206335
832	3763	201945	944	898	0	207550
833	1433	3095	783	204718	0	210029
834	1024	1193	769	204727	0	207713
835	757	202285	849	3813	0	207704
836	776	3294	729	209928	0	214727
837	799	1203	204939	3731	0	210672
838	761	1384	3287	203760	0	209192
839	1081	804	202351	3795	0	208031
840	1043	765	186413	1219	0	189440
841	684	182831	3384	1196	0	188095
842	567	184756	1353	1147	0	187823
843	753	192094	947	848	0	194642
844	1185	3406	653	186565	0	191809
845	627	1182	186337	2499	0	190645
846	180526	715	2542	1006	0	184789
847	2442	510	863	191270	0	195085
848	863	600	191769	2627	0	195859
849	732	653	190254	999	0	192638
850	464	190291	3032	981	0	194768
851	522	2841	1009	195648	0	200020
852	193189	910	680	2557	0	197336
853	2277	189201	649	1227	0	193354
854	727	190572	570	880	0	192749
855	558	191414	541	774	0	193287
856	399	3711	550	193592	0	198252
857	366	197946	635	2848	0	201795
858	382	3050	527	213880	0	217839
859	360	1097	565	217149	0	219171
860	748	854	208446	4214	0	214262
861	186437	697	3820	1797	0	192751
862	3775	759	216745	867	0	222146
863	999	788	3884	219601	0	225272
864	823	951	218416	4179	0	224369
865	413	216326	4166	1517	0	222422
866	223541	4355	1373	1030	0	230299
867	3988	1306	893	218108	0	224295
868	1132	837	616	225687	0	228272
869	224238	594	659	4774	0	230265
870	221941	615	689	1661	0	224906
871	227962	650	603	1149	0	230364
872	5109	816	220098	870	0	226893
873	208691	577	3630	888	0	213786
874	4061	216982	1217	926	0	223186
875	1287	222411	847	820	0	225365
876	1125	4432	552	215842	0	221951
877	684	1510	488	212809	0	215491
878	643	212220	572	4560	0	217995
879	665	4007	450	214916	0	220038
880	210683	1303	475	4574	0	217035
881	4059	1420	206123	1627	0	213229
882	1387	207420	3592	1398	0	213797
883	204903	3858	1318	1011	0	211090
884	3582	206118	976	1158	0	211834
885	1341	4112	206347	938	0	212738
886	991	1696	3755	205582	0	212024
887	1039	1185	205591	4057	0	211872
888	796	201501	3984	1815	0	208096
889	976	3935	1122	207886	0	213919
890	969	1481	204305	4064	0	210819
891	1052	1202	205047	1545	0	208846
892	965	894	4175	207627	0	213661
893	208845	861	1602	4019	0	215327
894	209037	852	980	1528	0	212397
895	210765	861	721	1267	0	213614
896	4798	1123	209049	1012	0	215982
897	1675	208555	3716	1203	0	215149
898	1068	3910	1224	213121	0	219323
899	860	1533	956	210273	0	213622
900	727	211109	903	4672	0	217411
901	213371	3951	834	1856	0	220012
902	3819	1509	898	215820	0	222046
903	1409	1319	213011	4345	0	220084
904	1068	211072	3880	1957	0	217977
905	210497	3961	1440	1457	0	217355
906	3621	213170	1336	1401	0	219528
907	1460	4124	1085	211545	0	218214
908	1237	1506	1087	212813	0	216643
909	1100	1232	1103	212363	0	215798
910	1125	1124	207095	5031	0	214375
911	1043	1065	3906	203604	0	209618
912	1025	203385	1838	4483	0	210731
913	1035	200529	1361	2330	0	205255
914	1387	4315	191950	1770	0	199422
915	188570	1714	3717	1451	0	195452
916	196619	1255	1459	1474	0	200807
917	4584	190242	1194	1567	0	197587
918	179130	3140	1145	1187	0	184602
919	178655	1209	742	1164	0	181770
920	3743	183206	793	1529	0	189271
921	1841	3391	701	192253	0	198186
922	1504	1413	197675	3783	0	204375
923	1292	1460	188768	1663	0	193183
924	196242	1071	3969	1356	0	202638
925	3771	198432	1540	1488	0	205231
926	1491	4064	901	202804	0	209260
927	1169	1603	882	204033	0	207687
928	1125	1357	753	204692	0	207927
929	198775	1085	829	4995	0	205684
930	4119	1098	790	198055	0	204062
931	1737	1061	822	200868	0	204488
932	1466	1184	187853	4736	0	195239
933	178420	1125	3513	1892	0	184950
934	3977	185944	1475	1544	0	192940
935	188929	3852	1148	1213	0	195142
936	3888	182454	1262	1352	0	188956
937	1462	3774	1111	186274	0	192621
938	188123	1478	1035	3884	0	194520
939	189952	1289	1004	1896	0	194141
940	4301	1258	184496	1563	0	191618
941	189686	1022	3703	1607	0	196018
942	4110	1078	191918	1516	0	198622
943	1895	1115	183780	1341	0	188131
944	1484	1061	183546	1433	0	187524
945	1379	1096	198914	1388	0	202777
946	1169	1237	5154	205863	0	213423
947	1503	998	206370	4990	0	213861
948	1105	1122	4816	206973	0	214016
949	207181	994	1670	5535	0	215380
950	4833	1183	1298	207009	0	214323
951	199603	1005	1155	5730	0	207493
952	5009	202290	1128	2397	0	210824
953	1958	4891	1091	205288	0	213228
954	1976	2259	189796	5173	0	199204
955	1396	207012	4327	2646	0	215381
956	1157	5175	1502	208009	0	215843
957	1522	1722	202411	5225	0	210880
958	888	197547	4223	1799	0	204457
959	749	203624	1448	1543	0	207364
960	1658	4789	199210	1119	0	206776
961	1662	2681	4247	193799	0	202389
962	914	1014	192471	4721	0	199120
963	183665	464	4308	1208	0	189645
964	191431	292	1348	1008	0	194079
965	4673	184833	1081	1043	0	191630
966	189707	3862	530	585	0	194684
967	4553	1130	538	189209	0	195430
968	1289	874	183133	4458	0	189754
969	179148	501	4096	1459	0	185204
970	4398	569	179123	1234	0	185324
971	1240	180603	4382	851	0	187076
972	186527	4088	1478	511	0	192604
973	4268	1274	1057	185496	0	192095
974	1320	950	183184	4221	0	189675
975	182210	514	4407	1321	0	188452
976	182984	389	1329	1078	0	185780
977	184501	378	1068	588	0	186535
978	5453	435	636	181347	0	187871
979	1897	458	494	186483	0	189332
980	1294	537	176763	5136	0	183730
981	701	177332	4193	2129	0	184355
982	674	3987	1424	177603	0	183688
983	640	1184	1046	186217	0	189087
984	757	960	180041	5125	0	186883
985	786	731	179738	1904	0	183159
986	762	448	5055	181150	0	187415
987	176262	411	1956	4725	0	183354
988	4285	176504	1507	2005	0	184301
989	178764	4227	884	1255	0	185130
990	5016	175983	999	1167	0	183165
991	1908	4779	173964	866	0	181517
992	1403	1590	178285	931	0	182209
993	171820	1101	5634	966	0	179521
994	188702	710	2187	965	0	192564
995	5915	184087	1626	1306	0	192934
996	2511	4885	178373	1270	0	187039
997	1841	1525	5200	179322	0	187888
998	1293	1252	1960	177749	0	182254
999	1135	179520	1728	6183	0	188566
1000	1067	5047	1094	183641	0	190849
1001	1109	1785	178805	6312	0	188011
1002	177345	1460	5322	2272	0	186399
1003	180503	1004	1977	1801	0	185285
1004	179793	1012	1720	1296	0	183821
1005	184242	783	1416	1085	0	187526
1006	7632	876	173592	1041	0	183141
1007	177441	659	5521	1016	0	184637
1008	7047	878	172832	879	0	181636
1009	2765	172742	6197	1126	0	182830
1010	2149	5045	2570	176364	0	186128
1011	177873	1776	2078	5400	0	187127
1012	5792	1414	1590	184064	0	192860
1013	2360	1168	180409	6749	0	190686
1014	181612	911	5981	2418	0	190922
1015	187624	868	2357	2090	0	192939
1016	7463	777	1936	182797	0	192973
1017	3381	797	1376	188943	0	194497
1018	2735	956	176584	7326	0	187601
1019	1901	180921	5788	3498	0	192108
1020	174544	5357	2167	2510	0	184578
1021	6064	2134	161849	1388	0	171435
1022	155537	1498	5265	1137	0	163437
1023	6484	157222	2198	1117	0	167021
1024	154337	5075	1873	888	0	162173
1025	6477	151069	1360	1087	0	159993
1026	2859	155452	1204	1185	0	160700
1027	2496	6388	1305	150511	0	160700
1028	1790	2559	1112	156284	0	161745
1029	1680	1709	1148	156569	0	161106
1030	1535	1092	1005	158840	0	162472
1031	1528	950	147674	7668	0	157820
1032	149999	861	5042	3416	0	159318
1033	155879	746	2099	2447	0	161171
1034	158327	752	1769	1711	0	162559
1035	7648	727	1382	151754	0	161511
1036	3746	727	1131	156439	0	162043
1037	153322	699	1102	6705	0	161828
1038	153759	816	1063	3025	0	158663
1039	154272	815	1180	2205	0	158472
1040	7505	1092	1102	145684	0	155383
1041	3532	1218	949	144853	0	150552
1042	2705	772	134249	6324	0	144050
1043	1928	837	132593	2920	0	138278
1044	1741	132849	5551	2237	0	142378
1045	109285	6177	4170	2966	0	122598
1046	107449	1501	1438	1199	0	111587
1047	106787	940	807	1087	0	109621
1048	5021	651	102690	1076	0	109438
1049	103119	577	3299	1075	0	108070
1050	105868	497	1330	1050	0	108745
1051	106317	438	1054	1000	0	108809
1052	5229	397	806	101139	0	107571
1053	2605	4626	720	98497	0	106448
1054	1989	491	712	102634	0	105826
1055	1539	518	89955	4619	0	96631
1056	84128	509	2648	2012	0	89297
1057	3485	85209	1204	1430	0	91328
1058	73419	2114	670	778	0	76981
1059	2963	71346	518	758	0	75585
1060	1480	72441	482	788	0	75191
1061	1659	2564	743	71199	0	76165
1062	1191	1118	432	70696	0	73437
1063	940	69254	408	2683	0	73285
1064	67947	2030	379	1265	0	71621
1065	68604	810	381	1051	0	70846
1066	2670	551	406	66694	0	70321
1067	1549	460	66027	2404	0	70440
1068	1405	335	65774	1185	0	68699
1069	1200	336	67766	865	0	70167
1070	1245	406	65873	630	0	68154
1071	59917	638	2664	823	0	64042
1072	59788	231	1065	614	0	61698
1073	2412	236	659	57329	0	60636
1074	1389	240	56098	1987	0	59714
1075	1041	368	1681	57255	0	60345
1076	960	57067	771	1951	0	60749
1077	928	63503	640	935	0	66006
1078	65148	1952	424	792	0	68316
1079	65331	1032	381	692	0	67436
1080	65323	683	364	672	0	67042
1081	2511	503	374	63727	0	67115
1082	1325	465	372	65333	0	67495
1083	1211	374	325	65911	0	67821
1084	1104	320	250	66044	0	67718
1085	1052	213	63187	2620	0	67072
1086	822	225	1552	64103	0	66702
1087	67311	222	729	2323	0	70585
1088	2102	224	683	67684	0	70693
1089	1103	257	484	69031	0	70875
1090	990	335	469	68473	0	70267
1091	804	64748	467	2741	0	68760
1092	780	64791	406	1362	0	67339
1093	665	65060	369	1050	0	67144
1094	588	1289	271	54971	0	57119
1095	562	476	316	55593	0	56947
1096	55704	300	187	1526	0	57717
1097	55438	240	201	790	0	56669
1098	55933	259	222	601	0	57015
1099	1516	243	212	54889	0	56860
1100	751	233	176	54582	0	55742
1101	700	53389	192	1493	0	55774
1102	646	56181	139	699	0	57665
1103	56386	1177	130	517	0	58210
1104	1293	430	169	55758	0	57650
1105	55950	266	166	1346	0	57728
1106	57505	202	204	700	0	58611
1107	1407	193	223	55742	0	57565
1108	676	57628	248	1289	0	59841
1109	60223	1016	169	657	0	62065
1110	62305	374	130	480	0	63289
1111	1562	312	62275	451	0	64600
1112	57727	126	574	234	0	58661
1113	861	56824	263	382	0	58330
1114	363	585	113	60697	0	61758
1115	70030	235	68	791	0	71124
1116	1011	173	78	70686	0	71948
1117	435	111	70	70960	0	71576
1118	294	70588	78	1201	0	72161
1119	71828	843	51	539	0	73261
1120	72080	347	48	330	0	72805
1121	1248	69864	108	274	0	71494
1122	497	74253	125	207	0	75082
1123	76274	1020	156	139	0	77589
1124	75790	429	65	129	0	76413
1125	1211	276	72781	184	0	74452
1126	578	249	69896	166	0	70889
1127	376	169	76208	146	0	76899
1128	247	107	1126	76149	0	77629
1129	206	106	436	79097	0	79845
1130	213	131	78227	1114	0	79685
1131	77020	104	869	517	0	78510
1132	82506	100	339	280	0	83225
1133	82715	99	194	195	0	83203
1134	81741	107	114	170	0	82132
1135	1393	115	89340	147	0	90995
1136	90772	98	843	129	0	91842
1137	95969	99	325	158	0	96551
1138	96120	91	245	164	0	96620
1139	96479	95	164	161	0	96899
1140	95968	86	161	164	0	96379
1141	1476	105	96494	345	0	98420
1142	709	93351	895	223	0	95178
1143	476	821	337	97847	0	99481
1144	358	324	223	99602	0	100507
1145	400	221	97937	1121	0	99679
1146	91420	149	976	499	0	93044
1147	1066	128	350	97910	0	99454
1148	605	128	100462	963	0	102158
1149	523	201	97747	442	0	98913
1150	363	100376	1208	539	0	102486
1151	390	818	471	107803	0	109482
1152	349	333	284	109347	0	110313
1153	328	255	202	109067	0	109852
1154	109826	127	202	1302	0	111457
1155	1044	124	166	109251	0	110585
1156	569	117	107974	1206	0	109866
1157	465	271	101362	566	0	102664
1158	417	178	115705	411	0	116711
1159	343	229	1276	114690	0	116538
1160	121177	106	562	1042	0	122887
1161	1152	153	120985	479	0	122769
1162	118987	113	977	363	0	120440
1163	140375	122	469	289	0	141255
1164	1376	249	344	141762	0	143731
1165	725	108	225	143889	0	144947
1166	541	143165	320	1332	0	145358
1167	514	949	144964	632	0	147059
1168	141570	361	1069	456	0	143456
1169	1219	237	502	153518	0	155476
1170	590	150403	418	1296	0	152707
1171	481	1121	268	156656	0	158526
1172	454	495	155337	1597	0	157883
1173	365	422	1188	152634	0	154609
1174	318	151204	606	1508	0	153636
1175	351	1160	353	155605	0	157469
1176	157195	378	284	1389	0	159246
1177	1288	292	240	154150	0	155970
1178	567	149452	297	1493	0	151809
1179	442	153211	293	778	0	154724
1180	152241	1376	251	512	0	154380
1181	1418	615	156678	386	0	159097
1182	593	435	1168	156022	0	158218
1183	451	395	474	164175	0	165495
1184	437	239	166745	1672	0	169093
1185	348	163233	1319	1123	0	166023
1186	437	1253	168591	582	0	170863
1187	241	558	1275	164702	0	166776
1188	235	172236	608	1311	0	174390
1189	182084	1057	519	431	0	184091
1190	1120	175959	333	866	0	178278
1191	461	180969	287	514	0	182231
1192	189488	1312	399	295	0	191494
1193	197334	475	160	279	0	198248
1194	201149	266	181	268	0	201864
1195	1415	212	183	200692	0	202502
1196	663	232	200069	1216	0	202180
1197	197732	164	1104	506	0	199506
1198	211807	144	421	389	0	212761
1199	1676	147	263	217348	0	219434
1200	655	212	217930	1805	0	220602
1201	379	211345	1603	700	0	214027
1202	221467	1539	403	365	0	223774
1203	233432	419	291	292	0	234434
1204	1835	231087	312	410	0	233644
1205	588	240940	246	489	0	242263
1206	248280	1821	130	183	0	250414
1207	246749	557	144	200	0	247650
1208	245591	312	150	301	0	246354
1209	2080	242	131	242969	0	245422
1210	795	471	250985	1757	0	254008
1211	439	279	1541	246609	0	248868
1212	463	303	250542	2027	0	253335
1213	306	240451	1740	887	0	243384
1214	288	248408	480	518	0	249694
1215	496	1451	222	243160	0	245329
1216	225	377	128	248203	0	248933
1217	227	323	133	245362	0	246045
1218	224	243633	197	1822	0	245876
1219	248990	1251	162	475	0	250878
1220	243462	348	183	334	0	244327
1221	1444	249075	197	782	0	251498
1222	470	1334	109	249459	0	251372
1223	402	249437	153	1421	0	251413
1224	357	1668	68	252467	0	254560
1225	306	251996	141	1536	0	253979
1226	258935	1418	133	463	0	260949
1227	1436	414	142	255281	0	257273
1228	590	414	252014	1526	0	254544
1229	248661	309	1315	531	0	250816
1230	255273	255	321	477	0	256326
1231	1729	376	254036	363	0	256504
1232	685	260	1286	254221	0	256452
1233	482	367	260717	1693	0	263259
1234	222	305	1370	262321	0	264218
1235	347	537	256233	1734	0	258851
1236	246731	283	1407	595	0	249016
1237	1535	313	286	255925	0	258059
1238	471	246948	445	1831	0	249695
1239	264399	1573	182	484	0	266638
1240	1727	564	142	265185	0	267618
1241	581	415	152	266802	0	267950
1242	575	434	262695	2005	0	265709
1243	414	330	1512	269015	0	271271
1244	612	360	278258	2481	0	281711
1245	612	516	287659	690	0	289477
1246	467	421	2320	300734	0	303942
1247	640	348	321732	2414	0	325134
1248	318599	297	3160	790	0	322846
1249	376473	279	809	608	0	378169
1250	395339	369	550	578	0	396836
1251	7189	407073	671	1242	0	416175
1252	2741	6169	434	417652	0	426996
1253	1715	2174	386	412650	0	416925
1254	963	421421	548	7705	0	430637
1255	425979	6593	679	2717	0	435968
1256	6722	2206	278	427532	0	436738
1257	2416	1456	433405	7500	0	444777
1258	1864	1347	411668	2925	0	417804
1259	987	410045	8426	2625	0	422083
1260	428913	6284	3016	1194	0	439407
1261	7461	2335	419077	974	0	429847
1262	392394	1357	7595	965	0	402311
1263	7548	384416	3481	1503	0	396948
1264	3016	6192	402299	938	0	412445
1265	2244	2518	402213	754	0	407729
1266	1569	1743	403265	931	0	407508
1267	1104	380943	10139	1539	0	393725
1268	1643	6945	397996	812	0	407396
1269	394267	2125	8062	746	0	405200
1270	6955	1422	3063	400673	0	412113
1271	2725	969	1972	411478	0	417144
1272	1920	904	1382	415837	0	420043
1273	1514	914	928	420042	0	423398
1274	1580	1015	404085	10202	0	416882
1275	1231	898	6773	407565	0	416467
1276	1346	786	2575	418653	0	423360
1277	408561	914	1917	9751	0	421143
1278	415110	960	1799	4190	0	422059
1279	412392	902	1749	2807	0	417850
1280	10122	1963	399120	1979	0	413184
1281	4274	409846	7835	1975	0	423930
1282	2631	433738	3330	1712	0	441411
1283	411231	9615	2315	1433	0	424594
1284	7850	421693	2026	1750	0	433319
1285	3204	9117	1787	420986	0	435094
1286	2089	3457	1632	433417	0	440595
1287	1845	2552	410161	10621	0	425179
1288	1329	395467	9264	5378	0	411438
1289	1485	8173	404430	2880	0	416968
1290	395227	2773	9753	2266	0	410019
1291	416194	1778	4041	1887	0	423900
1292	10500	1323	2840	410458	0	425121
1293	4344	1245	2083	407724	0	415396
1294	2760	1109	1976	408871	0	414716
1295	2707	1230	1705	411885	0	417527
1296	1950	1436	396438	13154	0	412978
1297	1742	1384	8527	401287	0	412940
1298	1752	1123	396354	11575	0	410804
1299	1962	1407	377936	5356	0	386661
1300	1650	379492	10769	4205	0	396116
1301	392640	8264	4779	2878	0	408561
1302	8879	394842	3201	2729	0	409651
1303	3490	10303	2302	386402	0	402497
1304	3041	3833	395294	9601	0	411769
1305	384196	2607	9801	3979	0	400583
1306	10660	2037	388072	3179	0	403948
1307	393357	1699	10637	2666	0	408359
1308	401999	1577	4551	2416	0	410543
1309	12802	1602	3140	405620	0	423164
1310	5424	1597	2937	401726	0	411684
1311	3951	1716	2544	408607	0	416818
1312	3270	2106	380427	14359	0	400162
1313	379065	1853	10701	6327	0	397946
1314	11152	378142	4509	5214	0	399017
1315	4950	10106	3216	389875	0	408147
1316	390140	3955	2668	12219	0	408982
1317	397652	2854	2766	5648	0	408920
1318	399188	2309	2598	4588	0	408683
1319	15811	2374	377498	3988	0	399671
1320	387117	2352	11375	4177	0	405021
1321	395852	2653	4952	4487	0	407944
1322	15368	2425	365732	4639	0	388164
1323	6952	2514	389148	4042	0	402656
1324	4946	2314	14254	389655	0	411169
1325	4229	1984	386899	13028	0	406140
1326	3119	375124	15070	6068	0	399381
1327	3198	395520	7932	3888	0	410538
1328	381227	13674	5527	2850	0	403278
1329	12630	391906	4324	3102	0	411962
1330	6380	12677	4037	394355	0	417449
1331	377547	4966	3962	12471	0	398946
1332	12539	393560	3556	6488	0	416143
1333	5148	12275	4101	394190	0	415714
1334	4081	4649	4406	403396	0	416532
1335	3718	3481	381328	16370	0	404897
1336	3205	2667	12639	389027	0	407538
1337	3623	2552	381478	15986	0	403639
1338	4088	1903	382402	8273	0	396666
1339	4094	2072	13773	376691	0	396630
1340	3540	1873	5895	388590	0	399898
1341	376384	1844	4035	17064	0	399327
1342	12824	399248	3560	8779	0	424411
1343	5828	12151	3157	393959	0	415095
1344	4762	7785	2811	400720	0	416078
1345	371600	3171	2183	17714	0	394668
1346	13974	359351	2467	8714	0	384506
1347	6251	343643	2399	5674	0	357967
1348	4342	325490	2356	4159	0	336347
1349	2131	290378	2098	2660	0	297267
1350	244969	9209	6948	1716	0	262842
1351	241009	2874	1923	1499	0	247305
1352	231671	1723	894	1314	0	235602
1353	232610	1123	684	1324	0	235741
1354	8802	1021	772	225302	0	235897
1355	3167	1157	217021	7143	0	228488
1356	1994	215658	6427	2698	0	226777
1357	1502	6653	2005	216927	0	227087
1358	1528	2101	213021	7065	0	223715
1359	1550	1473	6550	212440	0	222013
1360	1285	1131	1991	218733	0	223140
1361	1289	1084	210597	8480	0	221450
1362	1176	1052	6644	212062	0	220934
1363	1464	1078	2158	216071	0	220771
1364	213772	973	1591	8746	0	225082
1365	212722	911	1215	3589	0	218437
1366	211978	954	936	2643	0	216511
1367	212187	1034	963	2149	0	216333
1368	9235	968	973	204040	0	215216
1369	3665	1071	901	209164	0	214801
1370	2625	1182	952	210067	0	214826
1371	201774	1111	947	9510	0	213342
1372	7791	1173	1009	203738	0	213711
1373	3215	1051	932	207980	0	213178
1374	2859	1187	191842	9268	0	205156
1375	2359	1205	6496	192531	0	202591
1376	2285	189784	2137	8400	0	202606
1377	2136	200376	1595	3673	0	207780
1378	189029	7224	1174	2589	0	200016
1379	7747	2523	182663	2305	0	195238
1380	2805	175438	5804	2173	0	186220
1381	170176	5804	2778	1824	0	180582
1382	6606	1882	1513	170291	0	180292
1383	2524	1588	166524	6772	0	177408
1384	2029	1608	5509	163101	0	172247
1385	1521	170572	1965	6965	0	181023
1386	169539	5706	1667	3012	0	179924
1387	6010	173663	1174	2749	0	183596
1388	174092	6386	986	2102	0	183566
1389	179035	2152	922	1913	0	184022
1390	7785	1753	780	174349	0	184667
1391	3225	1270	688	171565	0	176748
1392	2382	170548	870	7718	0	181518
1393	174906	6016	818	3541	0	185281
1394	6892	2205	169820	2762	0	181679
1395	168561	1661	5479	2124	0	177825
1396	170383	1202	1707	2076	0	175368
1397	7640	1050	158908	2101	0	169699
1398	2880	1338	5217	155137	0	164572
1399	157496	932	1943	6477	0	166848
1400	6332	1006	153894	2934	0	164166
1401	2509	1157	147269	2168	0	153103
1402	138062	923	5479	1755	0	146219
1403	5374	137639	2314	1701	0	147028
1404	2184	130663	1360	1397	0	135604
1405	2654	5454	1637	127065	0	136810
1406	1691	2197	124870	4576	0	133334
1407	119763	1443	4419	2048	0	127673
1408	4855	1103	120755	1727	0	128440
1409	2033	113668	4033	1254	0	120988
1410	114249	4040	1788	1124	0	121201
1411	4481	1680	1097	113836	0	121094
1412	115328	1275	861	4281	0	121745
1413	5034	969	110892	1895	0	118790
1414	2315	852	3647	110665	0	117479
1415	1681	113138	1481	4059	0	120359
1416	1414	3945	1085	111911	0	118355
1417	1418	1742	860	115870	0	119890
1418	1566	1346	109793	4913	0	117618
1419	1453	107101	3873	2467	0	114894
1420	1471	108826	1577	1918	0	113792
1421	1604	3865	103594	1233	0	110296
1422	97767	1831	3986	1140	0	104724
1423	102638	1082	1591	1181	0	106492
1424	4549	1078	1248	98746	0	105621
1425	93877	639	1063	3476	0	99055
1426	4063	88488	1016	1689	0	95256
1427	1808	94546	804	1493	0	98651
1428	93952	4177	1106	1168	0	100403
1429	4524	1842	712	91802	0	98880
1430	93527	1094	1025	3810	0	99456
1431	95546	700	723	1693	0	98662
1432	4652	745	669	86507	0	92573
1433	2212	868	83881	3790	0	90751
1434	84807	822	3262	1493	0	90384
1435	87075	666	1157	1192	0	90090
1436	4633	574	1042	82809	0	89058
1437	2258	82748	852	3497	0	89355
1438	1535	3774	624	84279	0	90212
1439	1285	1239	81481	4050	0	88055
1440	1221	1092	80792	1742	0	84847
1441	1041	79828	3776	1543	0	86188
1442	1898	2051	1218	51309	0	56476
1443	464	560	822	53018	0	54864
1444	470	476	51222	1923	0	54091
1445	50170	353	1521	775	0	52819
1446	52928	274	592	557	0	54351
1447	52488	266	442	502	0	53698
1448	52552	273	362	382	0	53569
1449	2281	49128	355	401	0	52165
1450	1003	51663	296	450	0	53412
1451	52973	1903	298	380	0	55554
1452	2058	709	285	53410	0	56462
1453	1043	461	300	54323	0	56127
1454	708	52969	326	2199	0	56202
1455	599	2028	262	54561	0	57450
1456	577	669	239	54108	0	55593
1457	519	52275	284	2346	0	55424
1458	584	1872	51670	943	0	55069
1459	506	702	1674	53681	0	56563
1460	53423	520	593	2120	0	56656
1461	53833	432	441	837	0	55543
1462	2420	401	51604	657	0	55082
1463	1082	328	51923	547	0	53880
1464	841	391	51777	489	0	53498
1465	693	291	2222	50291	0	53497
1466	628	301	50404	1977	0	53310
1467	562	365	49690	786	0	51403
1468	556	1397	2119	46378	0	50450
1469	554	48843	837	1923	0	52157
1470	684	1651	48638	803	0	51776
1471	439	50285	1737	687	0	53148
1472	49995	1889	671	485	0	53040
1473	1645	49703	552	575	0	52475
1474	668	1803	422	49439	0	52332
1475	49608	653	428	1814	0	52503
1476	1821	451	392	48900	0	51564
1477	775	405	405	50153	0	51738
1478	644	366	48328	2197	0	51535
1479	555	46929	1644	983	0	50111
1480	488	48988	656	695	0	50827
1481	532	1940	459	45190	0	48121
1482	333	608	468	45709	0	47118
1483	320	415	319	45247	0	46301
1484	329	299	42477	2063	0	45168
1485	268	300	39885	769	0	41222
1486	35266	229	1343	514	0	37352
1487	1182	218	37079	356	0	38835
1488	374	211	36258	332	0	37175
1489	226	33572	1214	351	0	35363
1490	218	1176	621	34363	0	36378
1491	301	305	34972	1105	0	36683
1492	200	228	1092	34353	0	35873
1493	233	150	35223	1240	0	36846
1494	177	208	1142	35169	0	36696
1495	183	157	37042	1271	0	38653
1496	168	139	1204	36564	0	38075
1497	130	137	422	37087	0	37776
1498	130	37309	337	1311	0	39087
1499	115	1056	262	38241	0	39674
1500	105	38151	241	1328	0	39825
1501	120	1150	230	39348	0	40848
1502	128	350	224	40222	0	40924
1503	38262	239	248	1412	0	40161
1504	1056	203	193	38403	0	39855
1505	342	185	37369	1357	0	39253
1506	228	198	1074	37649	0	39149
1507	159	170	359	38879	0	39567
1508	173	146	37085	1517	0	38921
1509	201	147	36658	634	0	37640
1510	170	157	1222	36530	0	38079
1511	138	154	467	38598	0	39357
1512	145	211	37004	1498	0	38858
1513	114	35328	1164	693	0	37299
1514	102	37651	408	546	0	38707
1515	36715	1250	339	502	0	38806
1516	1060	382	277	37935	0	39654
1517	39074	265	264	1345	0	40948
1518	38529	208	274	546	0	39557
1519	1176	38274	302	481	0	40233
1520	39270	1109	377	361	0	41117
1521	39876	355	271	354	0	40856
1522	1291	263	38506	416	0	40476
1523	410	179	1155	38681	0	40425
1524	310	157	39888	1318	0	41673
1525	198	198	1234	40457	0	42087
1526	166	192	39761	1404	0	41523
1527	145	36477	1037	544	0	38203
1528	137	38495	460	368	0	39460
1529	284	984	422	37029	0	38719
1530	36561	322	221	1038	0	38142
1531	798	214	193	36721	0	37926
1532	265	173	163	37605	0	38206
1533	225	168	37536	1144	0	39073
1534	162	159	37861	449	0	38631
1535	154	169	38237	361	0	38921
1536	166	127	1043	37373	0	38709
1537	134	130	421	37043	0	37728
1538	115	37345	306	1053	0	38819
1539	101	39560	257	530	0	40448
1540	38989	990	256	353	0	40588
1541	760	38881	267	372	0	40280
1542	229	878	37253	276	0	38636
1543	141	253	797	36932	0	38123
1544	121	213	38430	960	0	39724
1545	96	39051	849	426	0	40422
1546	87	840	296	39924	0	41147
1547	38840	214	243	938	0	40235
1548	738	176	39024	383	0	40321
1549	183	38231	810	423	0	39647
1550	177	700	38438	255	0	39570
1551	77	37263	719	263	0	38322
1552	289	752	296	37090	0	38427
1553	36996	240	158	715	0	38109
1554	36417	144	126	256	0	36943
1555	647	35494	126	217	0	36484
1556	36591	601	125	174	0	37491
1557	629	205	103	36071	0	37008
1558	36556	139	142	709	0	37546
1559	684	124	36579	287	0	37674
1560	223	127	36957	248	0	37555
1561	148	123	774	35170	0	36215
1562	109	109	276	38627	0	39121
1563	106	110	37718	895	0	38829
1564	100	118	694	37730	0	38642
1565	38080	95	238	864	0	39277
1566	38014	118	167	332	0	38631
1567	796	36418	179	245	0	37638
1568	230	36945	119	224	0	37518
1569	36205	757	123	175	0	37260
1570	730	241	104	35451	0	36526
1571	34996	136	124	728	0	35984
1572	727	34406	138	264	0	35535
1573	35329	668	273	203	0	36473
1574	759	206	33992	162	0	35119
1575	251	152	34147	160	0	34710
1576	153	201	752	33727	0	34833
1577	166	115	34579	713	0	35573
1578	103	105	638	32972	0	33818
1579	125	91	204	33380	0	33800
1580	126	120	34341	851	0	35438
1581	123	102	674	34650	0	35549
1582	113	91	186	37885	0	38275
1583	160	110	38423	951	0	39644
1584	131	118	38298	288	0	38835
1585	37730	91	924	211	0	38956
1586	900	115	39124	203	0	40342
1587	40072	130	1226	141	0	41569
1588	45009	61	425	150	0	45645
1589	1231	106	45469	126	0	46932
1590	376	106	46991	112	0	47585
1591	229	446	1229	44637	0	46541
1592	157	62	405	43948	0	44572
1593	113	44187	293	1150	0	45743
1594	104	46254	213	394	0	46965
1595	128	1139	43774	235	0	45276
1596	43101	328	1055	189	0	44673
1597	44959	176	365	244	0	45744
1598	1267	122	43307	143	0	44839
1599	389	120	43212	128	0	43849
1600	258	95	1162	41856	0	43371
1601	155	42632	444	935	0	44166
1602	176	950	253	43374	0	44753
1603	154	268	174	44772	0	45368
1604	44064	151	159	1229	0	45603
1605	43924	100	152	416	0	44592
1606	1237	86	107	44566	0	45996
1607	418	129	43559	1099	0	45205
1608	42530	72	1006	350	0	43958
1609	1049	44272	336	277	0	45934
1610	45422	942	219	173	0	46756
1611	44694	265	175	151	0	45285
1612	1151	44273	178	196	0	45798
1613	407	45850	167	184	0	46608
1614	281	1173	158	44994	0	46606
1615	196	366	157	45662	0	46381
1616	138	44614	161	1236	0	46149
1617	167	1048	135	43868	0	45218
1618	150	306	144	45335	0	45935
1619	132	233	43525	1338	0	45228
1620	43463	129	1047	479	0	45118
1621	45065	85	341	329	0	45820
1622	45582	103	248	218	0	46151
1623	1444	93	208	44257	0	46002
1624	43044	65	175	1152	0	44436
1625	1255	41891	187	405	0	43738
1626	451	1066	141	39860	0	41518
1627	266	40536	153	1049	0	42004
1628	217	42665	147	367	0	43396
1629	42746	1155	292	257	0	44450
1630	43632	346	128	216	0	44322
1631	43138	219	204	178	0	43739
1632	43065	147	146	175	0	43533
1633	42906	121	141	169	0	43337
1634	1463	170	41682	139	0	43454
1635	42358	112	1007	147	0	43624
1636	1344	135	42421	161	0	44061
1637	41785	128	1099	140	0	43152
1638	42644	95	371	192	0	43302
1639	41771	94	276	194	0	42335
1640	1418	137	41811	185	0	43551
1641	547	263	1023	40110	0	41943
1642	353	42625	380	918	0	44276
1643	44363	975	262	293	0	45893
1644	43344	309	225	236	0	44114
1645	1367	42307	204	206	0	44084
1646	43641	1015	188	158	0	45002
1647	1291	295	188	41454	0	43228
1648	495	42275	180	982	0	43932
1649	42957	1022	153	374	0	44506
1650	43337	339	161	300	0	44137
1651	1384	278	158	42520	0	44340
1652	43227	190	249	1080	0	44746
1653	1339	167	273	43078	0	44857
1654	589	139	229	44027	0	44984
1655	505	158	42414	1514	0	44591
1656	439	193	1013	42576	0	44221
1657	378	231	349	43856	0	44814
1658	376	213	42850	1314	0	44753
1659	360	195	42525	473	0	43553
1660	365	178	1164	42644	0	44351
1661	343	152	42871	1107	0	44473
1662	40598	134	1121	421	0	42274
1663	1082	42699	409	358	0	44548
1664	463	946	242	43778	0	45429
1665	363	336	190	45237	0	46126
1666	338	230	117	45449	0	46134
1667	45040	179	105	1283	0	46607
1668	45096	151	124	507	0	45878
1669	45427	152	120	387	0	46086
1670	1329	44299	142	338	0	46108
1671	663	922	110	45657	0	47352
1672	510	372	65	46539	0	47486
1673	46103	289	75	1177	0	47644
1674	46512	226	71	483	0	47292
1675	1284	240	78	45941	0	47543
1676	583	255	45697	1083	0	47618
1677	46006	189	845	463	0	47503
1678	47613	138	263	419	0	48433
1679	1332	165	46846	320	0	48663
1680	44326	121	883	316	0	45646
1681	1169	104	45817	313	0	47403
1682	44055	51	767	186	0	45059
1683	927	634	355	44615	0	46531
1684	656	47333	228	728	0	48945
1685	493	641	49260	305	0	50699
1686	347	49285	776	288	0	50696
1687	299	48178	245	220	0	48942
1688	47149	787	294	217	0	48447
1689	618	236	41	45826	0	46721
1690	110	62	46	45183	0	45401
1691	48154	43	37	423	0	48657
1692	382	37	36	48829	0	49284
1693	119	27	31	49356	0	49533
1694	104	35	34	49283	0	49456
1695	80	27	27	49084	0	49218
1696	84	44	48887	472	0	49487
1697	98	81	47551	163	0	47893
1698	79	47412	381	142	0	48014
1699	50766	347	96	93	0	51302
1700	384	77	61	51713	0	52235
1701	136	51132	85	417	0	51770
1702	111	472	44	55442	0	56069
1703	89	97	43	55841	0	56070
1704	78	79	39	55774	0	55970
1705	72	206	39	56523	0	56840
1706	87	61	28	56611	0	56787
1707	75	54514	47	509	0	55145
1708	67	377	33	56825	0	57302
1709	125	114	54674	469	0	55382
1710	76	53679	329	308	0	54392
1711	65	369	85	55935	0	56454
1712	77	108	57	55844	0	56086
1713	67	54098	70	504	0	54739
1714	60	55029	67	253	0	55409
1715	55096	384	52	160	0	55692
1716	331	53642	97	174	0	54244
1717	55377	341	44	111	0	55873
1718	54390	71	51	132	0	54644
1719	373	105	59015	121	0	59614
1720	123	84	325	56329	0	56861
1721	113	92	61000	416	0	61621
1722	49	60950	380	354	0	61733
1723	71	520	59	62656	0	63306
1724	71	161	45	64310	0	64587
1725	55	83	42	64929	0	65109
1726	45	161	27	65807	0	66040
1727	95	97	67190	622	0	68004
1728	57	70	404	66815	0	67346
1729	84	86	68597	618	0	69385
1730	66	95	67474	205	0	67840
1731	65099	77	606	205	0	65987
1732	69993	77	109	163	0	70342
1733	70726	70	87	157	0	71040
1734	517	67646	144	194	0	68501
1735	128	514	53	71487	0	72182
1736	175	127	73686	553	0	74541
1737	98	110	463	72554	0	73225
1738	171	143	76839	562	0	77715
1739	77489	64	561	173	0	78287
1740	78934	72	143	133	0	79282
1741	78999	83	134	129	0	79345
1742	640	114	75821	123	0	76698
1743	210	123	75493	118	0	75944
1744	105	60	515	78082	0	78762
1745	87	46	161	80128	0	80422
1746	59	42	119	82031	0	82251
1747	105	65	81948	620	0	82738
1748	73	130	76034	250	0	76487
1749	79246	33	537	185	0	80001
1750	501	54	140	84536	0	85231
1751	125	34	128	85566	0	85853
1752	87880	40	105	589	0	88614
1753	497	51	105	86946	0	87599
1754	94153	32	108	603	0	94896
1755	98086	50	116	221	0	98473
1756	96317	45	80	241	0	96683
1757	664	82	99523	150	0	100419
1758	209	95892	546	284	0	96931
1759	105223	464	121	216	0	106024
1760	580	86	102	104038	0	104806
1761	180	76	101	103430	0	103787
1762	149	102317	149	621	0	103236
1763	105037	490	117	215	0	105859
1764	105186	100	101	190	0	105577
1765	107219	78	71	141	0	107509
1766	651	105517	181	198	0	106547
1767	116210	503	100	136	0	116949
1768	116795	118	95	167	0	117175
1769	117216	86	86	159	0	117547
1770	708	45	70	114379	0	115202
1771	218	48	72	116411	0	116749
1772	220	93	119570	719	0	120602
1773	192	65	535	115943	0	116735
1774	174	66	114	120584	0	120938
1775	237	54	120205	685	0	121181
1776	114715	55	528	256	0	115554
1777	121671	61	111	200	0	122043
1778	672	97	95	119623	0	120487
1779	233	116542	136	629	0	117540
1780	201	118555	98	366	0	119220
1781	151	679	72	120788	0	121690
1782	214	176	117352	607	0	118349
1783	157	85	485	113388	0	114115
1784	168	76	117974	562	0	118780
1785	157	193	121050	158	0	121558
1786	96	67	366	123956	0	124485
1787	128303	27	153	373	0	128856
1788	126944	29	101	233	0	127307
1789	392	44	55	132551	0	133042
1790	297	51	63	135407	0	135818
1791	136	34	71	135479	0	135720
1792	99	36	59	135217	0	135411
1793	137058	28	85	493	0	137664
1794	134730	36	97	286	0	135149
1795	135394	44	83	194	0	135715
1796	505	53	135069	219	0	135846
1797	201	43	298	133623	0	134165
1798	150	58	94	138977	0	139279
1799	140201	26	72	433	0	140732
1800	409	132587	213	277	0	133486
1801	140692	312	54	151	0	141209
1802	139392	80	53	230	0	139755
1803	138883	67	78	144	0	139172
1804	138956	48	111	135	0	139250
1805	645	179	143790	182	0	144796
1806	372	362	134847	117	0	135698
1807	150317	112	417	128	0	150974
1808	154000	30	148	134	0	154312
1809	152943	41	106	135	0	153225
1810	154434	35	111	154	0	154734
1811	756	174	161151	191	0	162272
1812	277	162837	792	274	0	164180
1813	329	779	274	182996	0	184378
1814	196464	246	115	1178	0	198003
1815	199476	132	86	500	0	200194
1816	208200	77	75	325	0	208677
1817	210555	63	84	243	0	210945
1818	211221	45	95	237	0	211598
1819	204097	92	351	186	0	204726
1820	2841	177	197084	193	0	200295
1821	1206	213	195742	109	0	197270
1822	810	569	1904	193068	0	196351
1823	728	152	199706	1630	0	202216
1824	451	189378	2021	756	0	192606
1825	494	200238	965	495	0	202192
1826	680	2203	458	207537	0	210878
1827	521	738	214510	1585	0	217354
1828	388	720	202927	635	0	204670
1829	206252	245	2154	426	0	209077
1830	232965	201	926	317	0	234409
1831	3196	229	537	238140	0	242102
1832	244758	164	407	2865	0	248194
1833	3429	140	324	242893	0	246786
1834	1331	111	311	245635	0	247388
1835	903	199	248779	4062	0	253943
1836	699	283	241372	1578	0	243932
1837	488	186	3864	243979	0	248517
1838	668	190	244802	3438	0	249098
1839	230966	121	3549	1380	0	236016
1840	249485	100	1369	753	0	251707
1841	4195	249158	847	835	0	255035
1842	260975	3077	565	480	0	265097
1843	4293	1078	253816	371	0	259558
1844	252539	421	3518	424	0	256902
1845	260020	213	1316	455	0	262004
1846	262917	198	796	417	0	264328
1847	5296	233	579	251343	0	257451
1848	2145	251001	726	3659	0	257531
1849	261332	3349	567	1206	0	266454
1850	261567	1105	632	745	0	264049
1851	5117	534	627	260909	0	267187
1852	262650	344	581	4064	0	267639
1853	4801	261649	676	1839	0	268965
1854	2195	3766	521	264598	0	271080
1855	1729	1418	256784	4426	0	264357
1856	229667	734	4415	2148	0	236964
1857	5015	559	255075	1312	0	261961
1858	2315	670	4553	255215	0	262753
1859	1729	252787	1890	4760	0	261166
1860	1501	277211	1176	2154	0	282042
1861	1491	6072	1057	279494	0	288114
1862	1389	290996	1344	5734	0	299463
1863	1551	7140	918	359986	0	369595
1864	1493	2205	961	382019	0	386678
1865	1688	1349	928	389150	0	393115
1866	373761	1092	768	13605	0	389226
1867	11068	1065	563	376092	0	388788
1868	4387	1354	357487	12574	0	375802
1869	2847	360140	9872	5066	0	377925
1870	368860	9877	2827	3119	0	384683
1871	11923	3104	1429	368704	0	385160
1872	4842	1672	1179	377234	0	384927
1873	2981	1505	1044	384871	0	390401
1874	2918	1903	359542	14806	0	379169
1875	2332	363107	10330	6087	0	381856
1876	371180	10469	3213	3881	0	388743
1877	11469	3577	2012	354357	0	371415
1878	3953	370016	1787	11717	0	387473
1879	377150	11270	1546	4855	0	394821
1880	12076	4133	367975	3578	0	387762
1881	368004	2415	11342	3187	0	384948
1882	13298	2354	374777	2480	0	392909
1883	5474	2136	371450	2537	0	381597
1884	3346	364025	13721	3668	0	384760
1885	2786	11373	4657	361520	0	380336
1886	3042	4247	355905	12539	0	375733
1887	2261	345909	12479	6000	0	366649
1888	2160	11429	4589	345505	0	363683
1889	1925	343705	3323	12323	0	361276
1890	2283	11867	343312	5405	0	362867
1891	1841	4778	11772	345782	0	364173
1892	2422	3096	346156	13651	0	365325
1893	2120	2685	12438	347366	0	364609
1894	2111	2140	4788	359523	0	368562
1895	2358	2468	342275	15929	0	363030
1896	2240	1972	12557	349065	0	365834
1897	337897	1891	4871	14984	0	359643
1898	11477	334845	3633	8032	0	357987
1899	4789	11614	333360	5446	0	355209
1900	335357	4350	12245	4449	0	356401
1901	13072	3051	4871	325739	0	346733
1902	5309	333199	3459	12596	0	354563
1903	343071	11792	3045	5501	0	363409
1904	351581	4860	2752	4240	0	363433
1905	14938	3440	2747	330480	0	351605
1906	6101	2814	2620	340368	0	351903
1907	4047	2449	2502	343327	0	352325
1908	3214	2453	2713	338091	0	346471
1909	3004	323625	2688	17979	0	347296
1910	3108	15452	2723	309207	0	330490
1911	2584	310603	2347	14835	0	330369
1912	2620	310253	2628	8228	0	323729
1913	2152	305534	2620	5906	0	316212
1914	4325	14765	267109	5318	0	291517
1915	2147	286622	10998	5179	0	304946
1916	271448	12779	5179	5085	0	294491
1917	10816	273718	3217	5579	0	293330
1918	4216	12298	2863	250032	0	269409
1919	3318	273884	2723	12433	0	292358
1920	3130	12531	2514	271820	0	289995
1921	2783	5779	2764	284005	0	295331
1922	3037	4501	266771	15686	0	289995
1923	260336	4099	11062	7824	0	283321
1924	273203	3826	4187	6047	0	287263
1925	267377	3523	3302	5587	0	279789
1926	13608	259099	3197	6396	0	282300
1927	5456	11293	3153	254999	0	274901
1928	4393	5314	242042	13856	0	265605
1929	3641	246251	11127	7207	0	268226
1930	3634	12465	4242	209253	0	229594
1931	2938	224046	3223	10279	0	240486
1932	223600	10830	2953	4940	0	242323
1933	229112	5226	2900	3846	0	241084
1934	230171	3860	3116	3543	0	240690
1935	226855	3467	3284	3327	0	236933
1936	12309	3004	3466	215765	0	234544
1937	5132	3350	3173	216616	0	228271
1938	3932	213528	3059	12028	0	232547
1939	3283	10252	2545	219336	0	235416
1940	2874	4689	208481	12358	0	228402
1941	2381	3710	9151	208661	0	223903
1942	1952	3520	200175	12461	0	218108
1943	1925	197350	9859	6847	0	215981
1944	2069	9826	199972	4981	0	216848
1945	1904	4447	10498	201626	0	218475
1946	2194	3315	201250	11594	0	218353
1947	2100	2960	10076	202393	0	217529
1948	2222	2898	4455	207433	0	217008
1949	2369	2647	3364	208422	0	216802
1950	2612	2667	3020	208267	0	216566
1951	195624	2792	2219	12934	0	213569
1952	9120	196226	2097	6800	0	214243
1953	192199	9239	2104	5170	0	208712
1954	9677	4177	184599	4777	0	203230
1955	185751	3115	7961	4475	0	201302
1956	193664	2787	2970	4251	0	203672
1957	12073	2709	182753	3824	0	201359
1958	6733	2393	177512	3830	0	190468
1959	4016	174225	8903	4186	0	191330
1960	2790	164651	3183	4027	0	174651
1961	4161	9003	146045	4135	0	163344
1962	2231	131571	6137	3850	0	143789
1963	4176	6535	3455	63713	0	77879
1964	56889	738	641	1441	0	59709
1965	1022	403	209	56833	0	58467
1966	57663	330	177	1193	0	59363
1967	57484	372	168	592	0	58616
1968	1252	58202	216	499	0	60169
1969	59253	938	172	378	0	60741
1970	59097	450	118	416	0	60081
1971	1168	377	143	57748	0	59436
1972	58191	283	116	1002	0	59592
1973	947	57590	144	527	0	59208
1974	392	902	110	58660	0	60064
1975	58725	351	127	1082	0	60285
1976	998	325	57153	471	0	58947
1977	57296	222	932	254	0	58704
1978	1020	355	278	58727	0	60380
1979	439	218	59167	819	0	60643
1980	303	210	58225	332	0	59070
1981	56746	310	883	220	0	58159
1982	58292	61	243	126	0	58722
1983	765	62	128	57280	0	58235
1984	294	55	95	58105	0	58549
1985	187	73	51	58018	0	58329
1986	142	56645	96	817	0	57700
1987	59018	609	59	297	0	59983
1988	634	57094	84	276	0	58088
1989	58631	664	74	159	0	59528
1990	775	236	56741	119	0	57871
1991	286	109	592	57624	0	58611
1992	60055	86	184	676	0	61001
1993	708	56	120	59961	0	60845
1994	260	65	105	59625	0	60055
1995	175	57034	86	909	0	58204
1996	59253	611	73	311	0	60248
1997	673	60894	173	244	0	61984
1998	227	756	58	62792	0	63833
1999	223	274	60505	744	0	61746
2000	54887	163	707	322	0	56079
2001	798	135	60655	186	0	61774
2002	56893	168	737	135	0	57933
2003	800	60659	293	165	0	61917
2004	278	768	113	59444	0	60603
2005	168	59343	116	985	0	60612
2006	61904	840	83	232	0	63059
2007	822	266	54	61280	0	62422
2008	300	154	48	63111	0	63613
2009	212	152	59883	1024	0	61271
2010	55995	101	774	411	0	57281
2011	848	82	199	62664	0	63793
2012	314	104	60590	926	0	61934
2013	206	58528	842	386	0	59962
2014	163	787	236	61803	0	62989
2015	62491	236	303	896	0	63926
2016	849	160	93	62394	0	63496
2017	327	139	62084	975	0	63525
2018	64963	94	812	353	0	66222
2019	1186	84	237	67029	0	68536
2020	388	246	71732	1232	0	73598
2021	241	80	1383	74119	0	75823
2022	179	91	340	74585	0	75195
2023	157	73912	293	1700	0	76062
2024	75064	1453	137	605	0	77259
2025	1480	74807	135	525	0	76947
2026	76622	1644	206	295	0	78767
2027	1699	470	145	74688	0	77002
2028	491	75629	136	1621	0	77877
2029	386	1643	96	77313	0	79438
2030	382	478	73894	1788	0	76542
2031	71325	378	1426	558	0	73687
2032	1633	215	360	73462	0	75670
2033	531	158	257	73481	0	74427
2034	402	245	160	74619	0	75426
2035	306	206	70643	2246	0	73401
2036	290	204	69709	877	0	71080
2037	288	68910	1744	649	0	71591
2038	285	1476	588	70202	0	72551
2039	69409	373	333	1788	0	71903
2040	1526	69272	255	745	0	71798
2041	484	1525	245	72888	0	75142
2042	73177	421	296	1738	0	75632
2043	72724	458	155	655	0	73992
2044	1873	71052	186	709	0	73820
2045	78748	1625	170	429	0	80972
2046	86928	546	142	391	0	88007
2047	2560	456	164	89520	0	92700
2048	1032	88148	229	2663	0	92072
2049	749	2286	162	92584	0	95781
2050	91012	808	230	2945	0	94995
2051	2856	632	90137	972	0	94597
2052	1100	389	2302	91129	0	94920
2053	802	412	593	94097	0	95904
2054	611	475	89771	3554	0	94411
2055	509	432	2431	91632	0	95004
2056	91124	309	756	3427	0	95616
2057	89890	267	797	1360	0	92314
2058	3079	184	543	90175	0	93981
2059	1231	466	86697	3402	0	91796
2060	879	409	82831	1516	0	85635
2061	690	83829	2839	1301	0	88659
2062	782	88162	1029	990	0	90963
2063	795	2778	651	86044	0	90268
2064	84897	921	512	2902	0	89232
2065	2470	84499	587	1220	0	88776
2066	84114	2591	668	897	0	88270
2067	2783	1027	482	83397	0	87689
2068	963	968	303	83968	0	86202
2069	80469	565	289	3422	0	84745
2070	2871	79464	280	1629	0	84244
2071	81899	2634	261	1045	0	85839
2072	3242	986	77524	827	0	82579
2073	1305	713	77476	872	0	80366
2074	991	500	2616	75974	0	80081
2075	823	507	76535	2836	0	80701
2076	751	628	76354	1070	0	78803
2077	765	557	2700	72834	0	76856
2078	677	420	74349	2752	0	78198
2079	568	295	2992	72710	0	76565
2080	459	275	1165	74626	0	76525
2081	507	300	73237	3281	0	77325
2082	440	286	2828	72233	0	75787
2083	434	312	1133	72084	0	73963
2084	538	69519	1024	3276	0	74357
2085	70810	2230	732	1717	0	75489
2086	2480	755	69427	1491	0	74153
2087	849	583	2616	69929	0	73977
2088	706	422	1113	72489	0	74730
2089	516	529	68414	3525	0	72984
2090	64848	605	2466	1666	0	69585
2091	2540	68468	1008	1252	0	73268
2092	975	2313	867	68369	0	72524
2093	808	850	716	69200	0	71574
2094	580	67476	689	3507	0	72252
2095	695	2278	65649	1746	0	70368
2096	641	68059	2507	1334	0	72541
2097	66592	2733	968	1079	0	71372
2098	2364	1001	64876	1123	0	69364
2099	847	789	2369	65261	0	69266
2100	746	663	65052	2822	0	69283
2101	591	644	64772	1323	0	67330
2102	559	63478	2917	1098	0	68052
2103	707	2247	1268	61964	0	66186
2104	62056	738	1086	2524	0	66404
2105	62877	548	897	1345	0	65667
2106	2378	62384	954	1188	0	66904
2107	922	2123	882	64005	0	67932
2108	63330	922	712	2578	0	67542
2109	64660	795	571	1258	0	67284
2110	2769	62988	527	1190	0	67474
2111	64831	2161	504	898	0	68394
2112	2656	893	484	62943	0	66976
2113	1088	64349	561	2455	0	68453
2114	1031	2181	493	66041	0	69746
2115	859	945	464	66398	0	68666
2116	842	1189	459	66512	0	69002
2117	882	676	62034	3045	0	66637
2118	719	585	57389	1380	0	60073
2119	480	57707	2008	1206	0	61401
2120	51689	1525	902	861	0	54977
2121	1464	49600	585	957	0	52606
2122	623	1474	431	50437	0	52965
2123	478	631	51223	1760	0	54092
2124	388	572	1610	50508	0	53078
2125	387	492	771	52205	0	53855
2126	400	536	556	52931	0	54423
2127	51553	428	448	2058	0	54487
2128	1357	419	455	52139	0	54370
2129	521	313	52915	1987	0	55736
2130	52224	280	1521	1121	0	55146
2131	53767	279	644	1053	0	55743
2132	55177	246	470	928	0	56821
2133	55279	242	338	847	0	56706
2134	55076	220	411	755	0	56462
2135	1948	53134	480	714	0	56276
2136	1047	1242	407	52119	0	54815
2137	914	53173	316	1472	0	55875
2138	54184	1345	284	688	0	56501
2139	54126	558	206	602	0	55492
2140	52414	459	259	493	0	53625
2141	1820	50372	276	653	0	53121
2142	806	49829	286	548	0	51469
2143	695	50507	252	482	0	51936
2144	1073	1684	47468	513	0	50738
2145	1155	2834	827	39992	0	44808
2146	246	32750	220	503	0	33719
2147	54	29341	43	83	0	29521
2148	132	204	19	29773	0	30128
2149	22	56	117	29526	0	29721
2150	43	51	29261	198	0	29553
2151	29803	28	162	61	0	30054
2152	193	25	43	31634	0	31895
2153	122	28	31	31636	0	31817
2154	60	29	31106	243	0	31438
2155	57	93	29906	74	0	30130
2156	29	31079	252	98	0	31458
2157	40	201	51	32380	0	32672
2158	39	51	37	32865	0	32992
2159	38	50	31499	251	0	31838
2160	29629	40	193	240	0	30102
2161	32092	20	56	77	0	32245
2162	267	45	32022	163	0	32497
2163	32585	31	303	43	0	32962
2164	297	54	32806	37	0	33194
2165	32991	28	211	45	0	33275
2166	34003	31	69	51	0	34154
2167	311	60	34255	27	0	34653
2168	110	41	232	34206	0	34589
2169	80	40	71	35592	0	35783
2170	62	24	41	36946	0	37073
2171	36816	29	44	385	0	37274
2172	36727	35	54	154	0	36970
2173	390	50	36843	87	0	37370
2174	130	93	35619	94	0	35936
2175	38080	37	399	95	0	38611
2176	38855	19	128	94	0	39096
2177	467	46	37601	82	0	38196
2178	158	52	36994	61	0	37265
2179	79	32	542	37893	0	38546
2180	100	54	38924	410	0	39488
2181	53	36	411	37366	0	37866
2182	40010	16	127	438	0	40591
2183	539	33	42379	243	0	43194
2184	41432	21	659	102	0	42214
2185	704	37	48053	81	0	48875
2186	202	22	894	47460	0	48578
2187	143	25	201	51645	0	52014
2188	127	27	109	52115	0	52378
2189	99	51183	119	1244	0	52645
2190	125	1149	82	51796	0	53152
2191	107	174	73	53376	0	53730
2192	52488	90	68	1336	0	53982
2193	1200	82	51040	308	0	52630
2194	49786	24	1098	224	0	51132
2195	1268	63	51074	129	0	52534
2196	46476	56	1193	165	0	47890
2197	1183	49192	343	230	0	50948
2198	289	1002	50816	201	0	52308
2199	205	216	51577	89	0	52087
2200	140	274	1267	48845	0	50526
2201	99	60	290	51985	0	52434
2202	123	45	51857	1276	0	53301
2203	147	105	52430	323	0	53005
2204	124	104	56769	218	0	57215
2205	58769	27	1306	190	0	60292
2206	59175	102	455	166	0	59898
2207	59212	30	248	124	0	59614
2208	1310	38	217	57567	0	59132
2209	350	19	204	58993	0	59566
2210	255	56	63032	1327	0	64670
2211	188	76	1145	61552	0	62961
2212	129	96	316	63844	0	64385
2213	62368	53	252	1462	0	64135
2214	61982	38	205	556	0	62781
2215	63263	105	173	391	0	63932
2216	1364	73	156	62275	0	63868
2217	406	28	229	63154	0	63817
2218	364	37	201	63403	0	64005
2219	62672	43	266	1426	0	64407
2220	1370	174	244	59658	0	61446
2221	415	60556	292	1112	0	62375
2222	363	1103	244	60192	0	61902
2223	252	59167	201	1199	0	60819
2224	60600	1146	300	379	0	62425
2225	58657	224	344	325	0	59550
2226	1086	59206	278	421	0	60991
2227	360	60877	223	432	0	61892
2228	351	1330	257	60481	0	62419
2229	328	277	58216	1220	0	60041
2230	293	169	1259	56662	0	58383
2231	312	123	58430	1497	0	60362
2232	315	57390	1219	622	0	59546
2233	334	1118	328	59207	0	60987
2234	296	242	255	60854	0	61647
2235	286	179	64263	1583	0	66311
2236	251	149	1277	63240	0	64917
2237	254	158	65531	1641	0	67584
2238	65817	129	1271	586	0	67803
2239	68402	83	361	515	0	69361
2240	69412	92	258	390	0	70152
2241	1629	143	237	67209	0	69218
2242	521	124	219	68264	0	69128
2243	368	147	70210	1748	0	72473
2244	307	212	1280	67621	0	69420
2245	324	68501	443	1613	0	70881
2246	420	1169	70487	590	0	72666
2247	305	397	68464	465	0	69631
2248	277	293	1450	64056	0	66076
2249	296	273	70243	1437	0	72249
2250	329	233	70453	577	0	71592
2251	64681	213	1393	515	0	66802
2252	1223	73866	536	571	0	76196
2253	80815	1237	363	428	0	82843
2254	81492	313	266	502	0	82573
2255	82693	207	336	498	0	83734
2256	1510	179	334	81496	0	83519
2257	550	141	374	83681	0	84746
2258	401	205	82901	1615	0	85122
2259	345	216	1231	81125	0	82917
2260	313	83121	525	1592	0	85551
2261	85329	1165	552	491	0	87537
2262	1240	83790	432	540	0	86002
2263	385	85693	448	521	0	87047
2264	449	1520	405	86645	0	89019
2265	492	349	88415	1346	0	90602
2266	399	251	1290	87167	0	89107
2267	402	224	88298	1494	0	90418
2268	354	83795	1338	729	0	86216
2269	89412	1052	469	484	0	91417
2270	90399	234	350	476	0	91459
2271	92765	224	290	499	0	93778
2272	1475	243	97487	424	0	99629
2273	537	448	92518	495	0	93998
2274	100282	145	1212	462	0	102101
2275	103911	125	428	390	0	104854
2276	106357	142	370	358	0	107227
2277	1498	288	211	104119	0	106116
2278	578	233	165	107505	0	108481
2279	107391	160	214	1387	0	109152
2280	106103	118	247	599	0	107067
2281	1440	156	108940	469	0	111005
2282	575	277	103327	367	0	104546
2283	103944	185	878	361	0	105368
2284	955	178	107918	356	0	109407
2285	102861	182	524	158	0	103725
2286	590	106	105370	144	0	106210
2287	74	70	264	100697	0	101105
2288	143	55	109459	350	0	110007
2289	53	215	200	111258	0	111726
2290	43	35	62	114056	0	114196
2291	53	114676	162	323	0	115214
2292	121105	175	43	136	0	121459
2293	246	105	121711	78	0	122140
2294	116077	35	220	85	0	116417
2295	249	120636	198	212	0	121295
2296	134327	222	63	33	0	134645
2297	322	65	36	132338	0	132761
2298	105	36	43	133878	0	134062
2299	72	137471	125	511	0	138179
2300	64	392	36	146947	0	147439
2301	51	123	34	147469	0	147677
2302	55	60	31	149399	0	149545
2303	146711	27	42	880	0	147660
2304	139251	43	49	339	0	139682
2305	877	122	138106	296	0	139401
2306	253	136495	746	220	0	137714
2307	135	604	164	146612	0	147515
2308	116	184	89	151191	0	151580
2309	138	140	151290	1067	0	152635
2310	93	89	937	145173	0	146292
2311	149593	50	312	1142	0	151097
2312	150401	40	124	398	0	150963
2313	153526	33	79	258	0	153896
2314	1361	45	70	156238	0	157714
2315	168514	35	71	1240	0	169860
2316	168789	36	83	437	0	169345
2317	171959	20	86	324	0	172389
2318	1568	42	53	170951	0	172614
2319	657	35	52	173018	0	173762
2320	325	43	52	174552	0	174972
2321	246	61	63	171425	0	171795
2322	209	40	57	172421	0	172727
2323	289	124	167792	1634	0	169839
2324	285	188	165982	618	0	167073
2325	207	160103	1443	586	0	162339
2326	203	1071	334	172107	0	173715
2327	238	256	187	173486	0	174167
2328	187	163	115	175519	0	175984
2329	265	251	172656	1691	0	174863
2330	186	61	1150	170697	0	172094
2331	303	221	171925	1530	0	173979
2332	168	58	1236	172432	0	173894
2333	467	199	184092	1563	0	186321
2334	141	178950	1366	1096	0	181553
2335	150	1115	318	187740	0	189323
2336	290	348	182749	1490	0	184877
2337	163806	184	1363	738	0	166091
2338	1170	180765	639	643	0	183217
2339	464	1170	234	191428	0	193296
2340	187	184795	329	1651	0	186962
2341	134	1357	167	193615	0	195273
2342	195209	308	182	1830	0	197529
2343	1327	240	183	190764	0	192514
2344	366	186426	330	1684	0	188806
2345	195473	1281	170	563	0	197487
2346	1366	387	169	196894	0	198816
2347	405	442	158	202064	0	203069
2348	206002	177	190	2227	0	208596
2349	1924	164	151	220277	0	222516
2350	596	158	154	269700	0	270608
2351	599	353	273641	6612	0	281205
2352	458	516	271211	2171	0	274356
2353	310	170	7358	274899	0	282737
2354	549	321	276324	6666	0	283860
2355	475	488	268910	2363	0	272236
2356	257178	202	8048	1838	0	267266
2357	6726	408	277496	964	0	285594
2358	1964	275831	7550	1094	0	286439
2359	1360	6111	2426	290315	0	300212
2360	294555	1758	1630	6817	0	304760
2361	299225	1147	945	2547	0	303864
2362	298380	474	790	1944	0	301588
2363	9252	290463	951	1530	0	302196
2364	3576	6604	737	290755	0	301672
2365	2044	2041	758	302136	0	306979
2366	292352	1372	1134	8895	0	303753
2367	296552	656	824	3826	0	301858
2368	299562	547	781	2646	0	303536
2369	10083	699	291431	1616	0	303829
2370	4012	288603	7750	1774	0	302139
2371	2667	330777	2879	1677	0	338000
2372	1765	10579	2169	323343	0	337856
2373	1310	4217	1281	340321	0	347129
2374	1473	2374	329294	12719	0	345860
2375	323395	1228	10026	5454	0	340103
2376	342172	988	3852	3277	0	350289
2377	12967	958	2575	335437	0	351937
2378	5773	953	1424	342312	0	350462
2379	3744	672	1180	348927	0	354523
2380	339491	719	1223	14879	0	356312
2381	11740	889	326825	6492	0	345946
2382	5020	1246	331881	4249	0	342396
2383	3242	1087	12321	328623	0	345273
2384	2401	1210	327755	11831	0	343197
2385	322530	901	11786	5415	0	340632
2386	333045	600	4660	3905	0	342210
2387	336502	636	3313	2683	0	343134
2388	15268	314966	2234	2771	0	335239
2389	321927	9594	1877	2283	0	335681
2390	13341	3659	1330	315313	0	333643
2391	5558	2564	1347	319353	0	328822
2392	4127	1186	1398	328669	0	335380
2393	2973	1307	303926	16173	0	324379
2394	2720	1083	10742	303731	0	318276
2395	2577	303872	4695	13428	0	324572
2396	297304	9441	3593	6409	0	316747
2397	10488	300845	2481	6177	0	319991
2398	5519	11246	292622	3954	0	313341
2399	4378	296554	10775	3378	0	315085
2400	291052	11498	5195	2650	0	310395
2401	11296	289966	4001	3335	0	308598
2402	5312	11855	3051	262907	0	283125
2403	3837	287671	2658	10501	0	304667
2404	290437	11522	2411	5164	0	309534
2405	295429	4519	2509	4131	0	306588
2406	292893	3609	2868	3246	0	302616
2407	15721	2699	283795	3000	0	305215
2408	7825	2634	283317	2703	0	296479
2409	5817	2402	280754	2910	0	291883
2410	278732	2069	14514	2847	0	298162
2411	12451	2289	6851	276321	0	297912
2412	6137	2124	4355	285071	0	297687
2413	5118	2355	270279	13518	0	291270
2414	3628	2423	10580	276180	0	292811
2415	261771	2443	4753	13598	0	282565
2416	11820	259762	3683	7008	0	282273
2417	270006	10212	2929	4848	0	287995
2418	14283	4873	258378	3450	0	280984
2419	265425	3946	10683	2875	0	282929
2420	273540	2807	5408	2650	0	284405
2421	275186	2810	4194	3080	0	285270
2422	16456	2486	257830	3396	0	280168
2423	8893	2084	10746	261672	0	283395
2424	7337	1640	259881	11341	0	280199
2425	5604	1673	12158	264256	0	283691
2426	4773	1727	261061	12966	0	280527
2427	4077	1818	12520	261909	0	280324
2428	4071	1852	5801	272827	0	284551
2429	264354	1413	4315	14784	0	284866
2430	267789	1317	3292	7837	0	280235
2431	272865	1179	3488	5548	0	283080
2432	16343	1261	3448	252661	0	273713
2433	8637	232860	3449	11656	0	256602
2434	6463	248679	2710	6773	0	264625
2435	247827	11547	2572	5320	0	267266
2436	12945	5576	239284	4132	0	261937
2437	245826	3346	11180	3538	0	263890
2438	13975	2338	237331	3499	0	257143
2439	246271	2106	11849	3356	0	263582
2440	250776	1934	5444	3583	0	261737
2441	15547	1792	240351	3501	0	261191
2442	245252	1307	11165	3730	0	261454
2443	249295	1574	5477	3242	0	259588
2444	248994	1610	4324	2900	0	257828
2445	16853	237507	2920	3869	0	261149
2446	8672	12437	3229	234801	0	259139
2447	6215	4522	229520	11129	0	251386
2448	5689	3411	232552	5384	0	247036
2449	4831	211164	11207	4034	0	231236
2450	3118	164765	3985	2052	0	173920
2451	4880	5465	3350	147167	0	160862
2452	143197	2377	1933	4867	0	152374
2453	5488	144838	1392	2828	0	154546
2454	3444	4687	1293	142476	0	151900
2455	3032	144752	1025	4674	0	153483
2456	142749	5114	992	2368	0	151223
2457	5601	2555	933	142955	0	152044
2458	3069	1966	136727	4928	0	146690
2459	2575	134187	4280	2664	0	143706
2460	2064	136528	2528	1919	0	143039
2461	1805	5360	1894	124275	0	133334
2462	1721	132345	1359	3800	0	139225
2463	1611	5267	1154	132204	0	140236
2464	132528	2690	917	4786	0	140921
2465	133967	2099	906	2369	0	139341
2466	136637	1619	926	1787	0	140969
2467	137775	1447	940	1453	0	141615
2468	6972	1480	131138	1204	0	140794
2469	3712	126120	3855	1163	0	134850
2470	2559	126275	1931	1132	0	131897
2471	1014	100824	649	557	0	103044
2472	837	98041	596	375	0	99849
2473	91496	2773	2647	332	0	97248
2474	89194	723	231	155	0	90303
2475	90768	354	94	127	0	91343
2476	91476	200	96	127	0	91899
2477	2354	264	86232	255	0	89105
2478	93201	147	1472	125	0	94945
2479	95333	135	518	126	0	96112
2480	96034	143	272	235	0	96684
2481	2424	166	130	93112	0	95832
2482	1032	162	120	94966	0	96280
2483	95317	166	138	2059	0	97680
2484	1857	195	113	92478	0	94643
2485	789	90005	164	1894	0	92852
2486	548	1601	95	94191	0	96435
2487	378	647	100	94518	0	95643
2488	379	93905	157	2166	0	96607
2489	425	1643	109	96802	0	98979
2490	420	628	108	98281	0	99437
2491	96197	380	102	2212	0	98891
2492	1953	314	91265	891	0	94423
2493	92087	230	1608	509	0	94434
2494	2201	353	92517	346	0	95417
2495	1037	349	90647	297	0	92330
2496	947	334	92557	295	0	94133
2497	90963	269	2254	305	0	93791
2498	2250	272	96812	291	0	99625
2499	96665	206	2048	299	0	99218
2500	99969	225	764	257	0	101215
2501	100729	201	425	258	0	101613
2502	2559	97489	319	364	0	100731
2503	100138	1711	201	331	0	102381
2504	2030	99692	259	1721	0	103702
2505	1013	1843	171	103308	0	106335
2506	758	716	172	103760	0	105406
2507	568	100998	244	2281	0	104091
2508	529	103062	254	1028	0	104873
2509	494	105412	253	693	0	106852
2510	104571	2337	235	361	0	107504
2511	1890	105506	300	494	0	108190
2512	109554	1962	228	363	0	112107
2513	2243	1029	104467	316	0	108055
2514	106422	542	1701	311	0	108976
2515	110373	413	688	283	0	111757
2516	2677	390	105146	255	0	108468
2517	1276	341	1761	104362	0	107740
2518	921	313	107610	1797	0	110641
2519	709	315	1945	106922	0	109891
2520	680	285	833	109706	0	111504
2521	109775	279	516	2321	0	112891
2522	109740	335	342	1019	0	111436
2523	2492	105406	360	661	0	108919
2524	110773	1835	387	394	0	113389
2525	2424	1002	107979	345	0	111750
2526	110253	583	1772	354	0	112962
2527	2488	481	115014	427	0	118410
2528	1271	524	114663	394	0	116852
2529	118329	396	2562	351	0	121638
2530	122508	378	1135	349	0	124370
2531	3012	429	123699	350	0	127490
2532	1462	417	2232	118598	0	122709
2533	925	405	971	126323	0	128624
2534	798	450	122785	2700	0	126733
2535	749	433	2161	119476	0	122819
2536	796	119127	1137	2357	0	123417
2537	922	2127	616	127348	0	131013
2538	892	936	497	127748	0	130073
2539	1046	649	122536	2745	0	126976
2540	116346	371	2277	1243	0	120237
2541	123779	338	1063	808	0	125988
2542	123414	271	687	636	0	125008
2543	122509	223	560	536	0	123828
2544	3579	115888	556	738	0	120761
2545	1757	2011	445	118133	0	122346
2546	1423	879	114011	2307	0	118620
2547	1059	621	114071	1191	0	116942
2548	886	622	2397	111732	0	115637
2549	858	395	113249	2380	0	116882
2550	109957	307	2200	1144	0	113608
2551	2137	357	971	114905	0	118370
2552	1255	293	693	115841	0	118082
2553	801	311	554	116661	0	118327
2554	113367	275	521	3003	0	117166
2555	2038	111756	560	1746	0	116100
2556	115404	1735	518	938	0	118595
2557	114886	721	502	734	0	116843
2558	2650	108742	556	627	0	112575
2559	1302	110303	593	560	0	112758
2560	115073	2010	560	496	0	118139
2561	2202	882	666	113743	0	117493
2562	1217	501	686	114058	0	116462
2563	119737	279	689	2338	0	123043
2564	2576	302	115449	1019	0	119346
2565	116229	244	2120	642	0	119235
2566	119068	278	882	512	0	120740
2567	2952	118733	607	737	0	123029
2568	129342	1764	474	384	0	131964
2569	129234	806	339	432	0	130811
2570	2987	140201	376	512	0	144076
2571	1077	144238	368	455	0	146138
2572	1032	3026	481	141255	0	145794
2573	142313	1042	130	2488	0	145973
2574	2526	144131	223	1017	0	147897
2575	868	2687	172	149503	0	153230
2576	150035	821	124	3032	0	154012
2577	3220	578	146016	1119	0	150933
2578	1079	282	2743	147620	0	151724
2579	784	317	148248	3154	0	152503
2580	143427	214	3190	1009	0	147840
2581	152189	187	1011	678	0	154065
2582	3876	331	146917	499	0	151623
2583	1411	144887	3107	571	0	149976
2584	861	2733	912	151644	0	156150
2585	691	961	151320	3074	0	156046
2586	458	551	3156	150412	0	154577
2587	441	353	938	157718	0	159450
2588	504	293	151034	4142	0	155973
2589	140510	295	3322	1651	0	145778
2590	153396	245	1019	971	0	155631
2591	4126	336	150465	667	0	155594
2592	1505	149241	3261	851	0	154858
2593	1011	2960	1037	147867	0	152875
2594	658	148005	834	2919	0	152416
2595	516	153728	540	1110	0	155894
2596	152828	3712	419	728	0	157687
2597	3161	1311	370	153262	0	158104
2598	1118	788	342	152817	0	155065
2599	889	554	149655	4036	0	155134
2600	750	463	147484	1649	0	150346
2601	631	316	3911	146606	0	151464
2602	657	398	1506	152386	0	154947
2603	937	436	148270	4199	0	153842
2604	881	518	147473	1631	0	150503
2605	685	522	4152	146694	0	152053
2606	147356	592	1696	3863	0	153507
2607	3313	146250	1107	1913	0	152583
2608	147537	3422	788	1321	0	153068
2609	3825	145053	780	1180	0	150838
2610	1505	147491	649	1261	0	150906
2611	146720	4120	632	941	0	152413
2612	4084	1564	145758	802	0	152208
2613	1777	982	3648	145489	0	151896
2614	1279	764	1441	151197	0	154681
2615	904	732	1122	160931	0	163689
2616	834	918	156728	5399	0	163879
2617	716	811	4200	160170	0	165897
2618	161742	837	1515	5316	0	169410
2619	4766	820	1032	163878	0	170496
2620	1856	571	778	174356	0	177561
2621	169875	534	782	6838	0	178029
2622	167027	559	895	2847	0	171328
2623	5841	163555	1236	2120	0	172752
2624	2447	4513	166998	1413	0	175371
2625	1668	1622	164772	1343	0	169405
2626	1316	1096	164229	1293	0	167934
2627	961	156506	6298	1226	0	164991
2628	953	4614	2750	152800	0	161117
2629	891	1628	1348	160409	0	164276
2630	156798	1081	1033	6069	0	164981
2631	4955	1007	881	154174	0	161017
2632	2036	867	149795	5877	0	158575
2633	1322	849	4788	152733	0	159692
2634	1161	753	1862	156086	0	159862
2635	1214	754	148095	6565	0	156628
2636	872	145956	5228	3095	0	155151
2637	981	4759	1997	132904	0	140641
2638	848	143869	1551	4994	0	151262
2639	873	5010	143646	2267	0	151796
2640	143920	1810	5198	1777	0	152705
2641	147836	1234	1912	1712	0	152694
2642	149758	934	1402	1579	0	153673
2643	6412	882	1152	142751	0	151197
2644	2590	145113	1146	5668	0	154517
2645	146685	4789	1057	2351	0	154882
2646	149546	1764	1198	1823	0	154331
2647	148059	1260	1253	1752	0	152324
2648	6427	897	141654	1606	0	150584
2649	139323	749	5106	1561	0	146739
2650	5532	141547	2106	1574	0	150759
2651	139827	4834	1388	1472	0	147521
2652	5451	140934	1205	1742	0	149332
2653	143892	5140	992	1535	0	151559
2654	6144	1951	140550	1370	0	150015
2655	141125	1254	4886	1300	0	148565
2656	145598	1034	2057	1405	0	150094
2657	140890	983	1354	1351	0	144578
2658	147356	907	1187	1206	0	150656
2659	6968	1002	138046	1127	0	147143
2660	2961	936	4679	139397	0	147973
2661	137565	836	1911	5287	0	145599
2662	5574	136625	1399	2366	0	145964
2663	2474	4422	1173	134399	0	142468
2664	2232	1568	130066	5282	0	139148
2665	1838	2052	4436	132065	0	140391
2666	1904	871	129207	5566	0	137548
2667	1472	123761	4866	2671	0	132770
2668	1514	115850	1818	1674	0	120856
2669	1680	115705	1229	1307	0	119921
2670	1806	4884	983	96343	0	104016
2671	1136	1273	797	96899	0	100105
2672	1121	849	90972	3792	0	96734
2673	1117	88047	2723	1447	0	93334
2674	82717	2853	926	847	0	87343
2675	2832	79463	720	758	0	83773
2676	1138	81222	638	757	0	83755
2677	2066	3083	867	77243	0	83259
2678	76108	1017	802	2638	0	80565
2679	77443	679	491	1058	0	79671
2680	3085	576	460	75522	0	79643
2681	75167	549	421	2745	0	78882
2682	2726	502	417	75074	0	78719
2683	1083	498	71854	2992	0	76427
2684	72977	517	2336	1216	0	77046
2685	2649	653	856	71746	0	75904
2686	1054	557	69121	2684	0	73416
2687	827	583	68303	1062	0	70775
2688	781	528	2662	69434	0	73405
2689	70377	549	1030	2589	0	74545
2690	70252	601	612	1037	0	72502
2691	2932	68239	515	921	0	72607
2692	70236	2492	519	682	0	73929
2693	70362	864	424	693	0	72343
2694	70674	540	436	662	0	72312
2695	3168	68726	443	647	0	72984
2696	70088	2322	377	574	0	73361
2697	71885	802	356	603	0	73646
2698	3213	786	400	69204	0	73603
2699	67471	447	393	2415	0	70726
2700	2778	65821	496	908	0	70003
2701	1366	69178	394	671	0	71609
2702	1074	2490	371	68513	0	72448
2703	998	872	348	69481	0	71699
2704	988	68982	365	2545	0	72880
2705	68954	2216	367	879	0	72416
2706	2658	66533	343	699	0	70233
2707	66086	2162	316	463	0	69027
2708	2650	66329	306	578	0	69863
2709	1323	2383	294	64315	0	68315
2710	1086	68419	287	2043	0	71835
2711	69877	2623	542	774	0	73816
2712	68862	854	354	631	0	70701
2713	68326	751	341	513	0	69931
2714	2938	598	62423	457	0	66416
2715	1062	479	56689	400	0	58630
2716	845	53650	1516	450	0	56461
2717	789	1484	52388	317	0	54978
2718	513	555	49288	287	0	50643
2719	314	1076	1043	40778	0	43211
2720	281	206	41349	747	0	42583
2721	205	40446	582	392	0	41625
2722	41717	669	158	171	0	42715
2723	672	39782	126	173	0	40753
2724	283	40731	120	340	0	41474
2725	42120	751	66	183	0	43120
2726	41818	264	105	217	0	42404
2727	724	41867	150	159	0	42900
2728	43267	687	125	124	0	44203
2729	43155	248	130	137	0	43670
2730	43382	244	112	125	0	43863
2731	811	223	41383	164	0	42581
2732	313	285	41431	147	0	42176
2733	257	247	608	42489	0	43601
2734	305	170	236	44251	0	44962
2735	44352	160	171	677	0	45360
2736	721	42698	162	274	0	43855
2737	297	655	204	45176	0	46332
2738	277	292	156	45619	0	46344
2739	275	210	129	46159	0	46773
2740	245	184	180	46460	0	47069
2741	261	196	45792	851	0	47100
2742	279	190	45306	326	0	46101
2743	239	155	778	47162	0	48334
2744	276	189	47717	720	0	48902
2745	46616	188	742	236	0	47782
2746	851	194	231	48605	0	49881
2747	396	184	48037	770	0	49387
2748	44896	125	686	283	0	45990
2749	822	46385	280	247	0	47734
2750	47053	669	112	172	0	48006
2751	780	47354	150	227	0	48511
2752	377	631	99	48030	0	49137
2753	271	228	48063	667	0	49229
2754	186	128	728	45929	0	46971
2755	171	123	45782	912	0	46988
2756	45049	127	674	323	0	46173
2757	703	81	200	46674	0	47658
2758	47593	113	204	691	0	48601
2759	764	147	46421	255	0	47587
2760	48980	108	629	239	0	49956
2761	54270	94	253	217	0	54834
2762	1136	120	53965	173	0	55394
2763	323	144	806	53782	0	55055
2764	226	99	54257	860	0	55442
2765	168	53643	913	336	0	55060
2766	55453	740	362	232	0	56787
2767	55767	211	228	131	0	56337
2768	1051	123	55816	117	0	57107
2769	387	104	55552	134	0	56177
2770	261	72	984	54423	0	55740
2771	179	90	323	56869	0	57461
2772	57189	75	197	970	0	58431
2773	882	56083	204	362	0	57531
2774	59318	806	152	191	0	60467
2775	59968	214	154	147	0	60483
2776	1090	136	57749	131	0	59106
2777	56600	81	860	152	0	57693
2778	1009	95	58364	207	0	59675
2779	401	81	896	59322	0	60700
2780	320	84	62374	865	0	63643
2781	258	73	890	62442	0	63663
2782	245	100	63213	887	0	64445
2783	62362	61	943	288	0	63654
2784	64037	67	347	189	0	64640
2785	1053	59	272	63616	0	65000
2786	65211	52	227	893	0	66383
2787	960	72	238	65933	0	67203
2788	379	66140	262	1011	0	67792
2789	68540	754	206	346	0	69846
2790	936	67040	223	378	0	68577
2791	431	814	191	68969	0	70405
2792	321	247	169	68641	0	69378
2793	284	235	143	68509	0	69171
2794	260	120	165	67869	0	68414
2795	282	151	65201	1155	0	66789
2796	60669	143	825	515	0	62152
2797	65058	117	290	317	0	65782
2798	1028	64172	211	351	0	65762
2799	402	768	159	65208	0	66537
2800	267	253	175	66310	0	67005
2801	255	142	63689	1158	0	65244
2802	61800	90	842	447	0	63179
2803	936	79	310	63956	0	65281
2804	393	105	63520	910	0	64928
2805	63694	78	906	391	0	65069
2806	65977	84	322	308	0	66691
2807	66243	85	255	306	0	66889
2808	1143	76	64012	295	0	65526
2809	473	148	60446	239	0	61306
2810	60506	54	817	198	0	61575
2811	796	46	425	61691	0	62958
2812	393	64	190	64180	0	64827
2813	328	64	63645	823	0	64860
2814	61078	106	634	349	0	62167
2815	740	78	305	64830	0	65953
2816	66895	66	198	777	0	67936
2817	67008	60	191	386	0	67645
2818	66798	67	175	307	0	67347
2819	1041	71	68219	259	0	69590
2820	429	55	704	68764	0	69952
2821	71078	41	303	824	0	72246
2822	902	71283	256	411	0	72852
2823	465	693	161	74102	0	75421
2824	374	216	140	75018	0	75748
2825	74465	123	144	1004	0	75736
2826	74117	75	202	447	0	74841
2827	1064	83	175	73834	0	75156
2828	563	87	72949	923	0	74522
2829	72391	84	888	450	0	73813
2830	1016	110	75541	298	0	76965
2831	76690	79	831	261	0	77861
2832	77345	44	344	245	0	77978
2833	1210	96	76823	251	0	78380
2834	523	172	788	77434	0	78917
2835	406	115	80887	992	0	82400
2836	341	84848	987	484	0	86660
2837	351	940	464	83226	0	84981
2838	295	87763	281	943	0	89282
2839	280	969	182	89931	0	91362
2840	325	372	88932	1152	0	90781
2841	257	88530	1148	591	0	90526
2842	247	92167	398	357	0	93169
2843	302	2034	197	93396	0	95929
2844	94253	423	297	1313	0	96286
2845	1384	249	129	103950	0	105712
2846	105424	139	167	2052	0	107782
2847	2060	106250	170	727	0	109207
2848	117078	2090	128	349	0	119645
2849	2789	552	121565	263	0	125169
2850	736	287	2341	121188	0	124552
2851	491	158	493	122860	0	124002
2852	436	220	120415	3066	0	124137
2853	116058	156	2398	940	0	119552
2854	121452	160	615	537	0	122764
2855	2867	119236	468	468	0	123039
2856	961	2634	277	113282	0	117154
2857	562	117313	411	2289	0	120575
2858	476	2530	117195	661	0	120862
2859	454	737	118817	496	0	120504
2860	665	1266	2653	115796	0	120380
2861	115337	204	723	2322	0	118586
2862	2269	110902	422	799	0	114392
2863	114949	2198	235	386	0	117768
2864	2640	607	111499	300	0	115046
2865	113705	340	2239	292	0	116576
2866	117783	275	649	252	0	118959
2867	3008	502	115736	407	0	119653
2868	979	228	2412	114936	0	118555
2869	119374	246	645	2404	0	122669
2870	119834	160	466	708	0	121168
2871	119780	232	357	468	0	120837
2872	3198	200	267	117733	0	121398
2873	1083	211	115219	2613	0	119126
2874	114916	201	2458	785	0	118360
2875	2964	227	117680	583	0	121454
2876	985	248	2762	117065	0	121060
2877	788	254	745	117539	0	119326
2878	639	116127	612	3129	0	120507
2879	673	2534	115994	952	0	120153
2880	577	111827	2651	737	0	115792
2881	634	115600	855	658	0	117747
2882	545	3008	679	116147	0	120379
2883	699	921	114240	2711	0	118571
2884	544	668	2601	115464	0	119277
2885	693	400	115669	2940	0	119702
2886	544	435	2765	114655	0	118399
2887	608	444	834	116417	0	118303
2888	655	359	109859	3351	0	114224
2889	533	343	2784	109384	0	113044
2890	633	401	111775	3171	0	115980
2891	703	409	109806	1110	0	112028
2892	583	107549	3176	1084	0	112392
2893	113014	2515	1138	751	0	117418
2894	3037	828	110562	657	0	115084
2895	106534	571	2959	653	0	110717
2896	3096	386	1046	113227	0	117755
2897	1091	489	110310	2965	0	114855
2898	835	108222	2881	1507	0	113445
2899	687	2649	1138	113087	0	117561
2900	719	881	112149	2991	0	116740
2901	646	728	2895	106702	0	110971
2902	664	109947	1147	2907	0	114665
2903	115051	2807	931	1008	0	119797
2904	2985	1003	752	115359	0	120099
2905	115991	746	722	3173	0	120632
2906	117405	527	759	1497	0	120188
2907	118643	479	816	1062	0	121000
2908	119193	462	706	1030	0	121391
2909	117011	431	802	884	0	119128
2910	3600	111165	794	1093	0	116652
2911	1546	2666	631	114681	0	119524
2912	1142	874	764	116044	0	118824
2913	1006	626	717	116497	0	118846
2914	1031	617	109625	3737	0	115010
2915	976	107137	2959	1741	0	112813
2916	116856	2749	1151	1044	0	121800
2917	118343	899	912	962	0	121116
2918	3756	115376	888	1159	0	121179
2919	1551	118228	928	997	0	121704
2920	117966	3474	675	966	0	123081
2921	3613	1312	111775	886	0	117586
2922	1369	1343	3377	110599	0	116688
2923	112627	620	1175	3468	0	117890
2924	3465	655	990	108224	0	113334
2925	1368	109427	833	3465	0	115093
2926	1154	3136	697	112753	0	117740
2927	1032	1116	111124	3600	0	116872
2928	109126	807	3226	1412	0	114571
2929	116325	585	1170	1114	0	119194
2930	4065	512	947	111004	0	116528
2931	1815	461	739	113956	0	116971
2932	109631	517	646	3880	0	114674
2933	3539	108433	693	1780	0	114445
2934	1352	2810	648	108230	0	113040
2935	1153	958	567	109642	0	112320
2936	100654	603	544	3785	0	105586
2937	3202	101099	530	1825	0	106656
2938	102244	2597	455	1133	0	106429
2939	3426	100885	500	869	0	105680
2940	1319	103106	447	829	0	105701
2941	101409	3073	478	641	0	105601
2942	2980	100865	566	774	0	105185
2943	908	3380	621	100567	0	105476
2944	984	989	96194	3107	0	101274
2945	513	688	84956	899	0	87056
2946	407	434	83314	784	0	84939
2947	387	79691	2567	529	0	83174
2948	74081	1389	1560	207	0	77237
2949	1497	467	279	69315	0	71558
2950	486	312	132	71084	0	72014
2951	351	215	68055	1697	0	70318
2952	68285	129	1305	727	0	70446
2953	1368	111	442	73123	0	75044
2954	526	138	272	73812	0	74748
2955	368	143	142	74279	0	74932
2956	72177	154	151	1967	0	74449
2957	1492	204	69616	776	0	72088
2958	70585	141	1284	480	0	72490
2959	1623	134	418	72408	0	74583
2960	620	193	70901	1448	0	73162
2961	69081	169	1328	613	0	71191
2962	1559	219	71948	432	0	74158
2963	617	402	1473	70414	0	72906
2964	459	202	71975	1460	0	74096
2965	346	208	69623	709	0	70886
2966	65217	147	1822	448	0	67634
2967	1445	148	66867	304	0	68764
2968	569	159	1546	65794	0	68068
2969	66272	126	679	1413	0	68490
2970	1410	153	473	66266	0	68302
2971	599	175	65616	1586	0	67976
2972	475	192	65077	702	0	66446
2973	326	63174	1750	622	0	65872
2974	380	1375	703	64767	0	67225
2975	63609	444	402	1419	0	65874
2976	1326	61979	312	696	0	64313
2977	63985	1252	225	540	0	66002
2978	1512	482	236	62976	0	65206
2979	63020	312	248	1487	0	65067
2980	1542	60791	307	730	0	63370
2981	699	1218	254	61857	0	64028
2982	61926	479	290	1450	0	64145
2983	1457	60758	303	702	0	63220
2984	707	1294	290	61773	0	64064
2985	467	596	291	62123	0	63477
2986	62794	312	322	1870	0	65298
2987	1483	201	349	62982	0	65015
2988	676	169	340	63586	0	64771
2989	499	158	351	64876	0	65884
2990	408	190	59204	2086	0	61888
2991	58557	162	1463	983	0	61165
2992	1524	171	622	72335	0	74652
2993	708	188	73370	2296	0	76562
2994	73413	180	2261	885	0	76739
2995	2430	255	74717	702	0	78104
2996	745	198	2417	73059	0	76419
2997	647	72678	892	2343	0	76560
2998	444	2098	529	76841	0	79912
2999	458	626	75335	2947	0	79366
3000	464	500	78217	991	0	80172
3001	409	262	2697	78654	0	82022
3002	420	276	77481	2618	0	80795
3003	75163	211	2612	953	0	78939
3004	2487	265	75428	727	0	78907
3005	843	254	2511	73077	0	76685
3006	639	228	832	75761	0	77460
3007	428	230	595	76009	0	77262
3008	73678	197	460	3268	0	77603
3009	74778	179	401	1387	0	76745
3010	76076	148	396	1018	0	77638
3011	3066	160	372	74106	0	77704
3012	1152	318	361	76236	0	78067
3013	755	140	70886	3169	0	74950
3014	537	389	70302	1354	0	72582
3015	457	71179	2676	974	0	75286
3016	660	2474	784	63517	0	67435
3017	419	433	649	62175	0	63676
3018	402	61923	389	2337	0	65051
3019	62452	1798	380	887	0	65517
3020	1864	62068	361	757	0	65050
3021	62833	1967	494	633	0	65927
3022	2099	542	346	62068	0	65055
3023	62322	290	370	2116	0	65098
3024	2067	213	384	62675	0	65339
3025	738	192	59754	2340	0	63024
3026	461	187	1944	62172	0	64764
3027	60362	161	688	2371	0	63582
3028	2019	123	479	60720	0	63341
3029	613	166	333	61570	0	62682
3030	545	182	57746	2704	0	61177
3031	417	98	1818	60393	0	62726
3032	451	139	546	60402	0	61538
3033	436	58058	384	2628	0	61506
3034	460	1745	310	59321	0	61836
3035	393	415	279	60926	0	62013
3036	363	254	316	59538	0	60471
3037	294	54843	326	2795	0	58258
3038	252	1742	206	52771	0	54971
3039	49324	404	204	2030	0	51962
3040	1544	48213	216	871	0	50844
3041	400	46426	190	620	0	47636
3042	329	46173	192	537	0	47231
3043	222	1734	274	43653	0	45883
3044	265	42234	472	1590	0	44561
3045	384	44224	517	643	0	45768
3046	43883	1410	539	586	0	46418
3047	1551	525	41861	528	0	44465
3048	42057	410	1418	613	0	44498
3049	1422	279	583	43159	0	45443
3050	386	265	42088	1796	0	44535
3051	41670	205	1758	821	0	44454
3052	1448	178	40834	817	0	43277
3053	492	138	40669	647	0	41946
3054	41548	141	1973	547	0	44209
3055	1655	141	906	42537	0	45239
3056	538	140	42011	2067	0	44756
3057	42099	172	1687	1029	0	44987
3058	43643	140	550	1099	0	45432
3059	2083	148	41644	898	0	44773
3060	43380	150	1472	736	0	45738
3061	45029	139	492	711	0	46371
3062	2193	147	41086	800	0	44226
3063	42129	131	1607	792	0	44659
3064	43299	193	717	735	0	44944
3065	1881	313	41556	628	0	44378
3066	663	382	44812	632	0	46489
3067	425	446	1961	44627	0	47459
3068	392	453	44441	2126	0	47412
3069	44707	508	1716	835	0	47766
3070	1967	637	464	44711	0	47779
3071	853	496	348	45885	0	47582
3072	902	405	42999	2178	0	46484
3073	713	364	1572	44065	0	46714
3074	735	265	43079	2244	0	46323
3075	44443	207	1759	1001	0	47410
3076	45927	193	709	928	0	47757
3077	2224	164	43992	861	0	47241
3078	44952	166	1723	892	0	47733
3079	46500	143	597	1061	0	48301
3080	2151	152	44358	1060	0	47721
3081	45660	155	1832	1021	0	48668
3082	47224	176	807	1112	0	49319
3083	2137	270	44957	990	0	48354
3084	45670	329	1694	1133	0	48826
3085	1969	319	45145	1244	0	48677
3086	587	292	1802	45160	0	47841
3087	585	329	439	46447	0	47800
3088	516	363	486	47273	0	48638
3089	620	389	43830	2559	0	47398
3090	43137	410	1663	1069	0	46279
3091	1947	554	42592	808	0	45901
3092	619	30904	979	408	0	32910
3093	519	29673	367	276	0	30835
3094	27012	695	327	211	0	28245
3095	790	208	280	26804	0	28082
3096	491	27101	188	713	0	28493
3097	26179	482	298	350	0	27309
3098	25880	112	165	350	0	26507
3099	699	24897	395	222	0	26213
3100	333	517	174	22104	0	23128
3101	238	23064	263	604	0	24169
3102	23877	547	196	304	0	24924
3103	24197	187	232	146	0	24762
3104	880	130	196	23317	0	24523
3105	23616	123	289	569	0	24597
3106	875	201	102	23511	0	24689
3107	377	203	22914	608	0	24102
3108	23113	145	592	202	0	24052
3109	966	125	22959	263	0	24313
3110	320	223	650	22314	0	23507
3111	23024	82	201	615	0	23922
3112	767	114	288	22755	0	23924
3113	287	197	22767	728	0	23979
3114	283	71	22410	363	0	23127
3115	260	431	603	22254	0	23548
3116	21818	47	430	591	0	22886
3117	797	21610	190	226	0	22823
3118	297	532	230	22323	0	23382
3119	391	204	21922	597	0	23114
3120	22136	177	561	350	0	23224
3121	23210	113	343	160	0	23826
3122	914	57	22022	230	0	23223
3123	21838	135	739	146	0	22858
3124	709	110	205	22289	0	23313
3125	502	62	21856	552	0	22972
3126	21588	193	516	341	0	22638
3127	622	64	354	21389	0	22429
3128	340	134	252	21599	0	22325
3129	21637	83	156	739	0	22615
3130	842	19910	167	256	0	21175
3131	280	20741	190	292	0	21503
3132	21150	578	162	261	0	22151
3133	20624	145	245	224	0	21238
3134	757	78	20981	176	0	21992
3135	568	47	20505	206	0	21326
3136	264	56	734	20718	0	21772
3137	21034	34	246	638	0	21952
3138	20887	69	186	337	0	21479
3139	20930	98	241	283	0	21552
3140	720	19944	205	242	0	21111
3141	356	20677	226	246	0	21505
3142	239	564	150	22206	0	23159
3143	391	175	147	22400	0	23113
3144	250	249	190	23304	0	23993
3145	313	190	23217	716	0	24436
3146	384	99	21723	239	0	22445
3147	23309	68	682	130	0	24189
3148	24300	70	326	138	0	24834
3149	737	97	320	23858	0	25012
3150	419	82	175	23962	0	24638
3151	407	88	93	24699	0	25287
3152	250	133	23392	767	0	24542
3153	328	119	23193	333	0	23973
3154	167	154	496	22522	0	23339
3155	138	202	22334	604	0	23278
3156	184	21231	479	374	0	22268
3157	202	21942	234	178	0	22556
3158	22046	558	117	216	0	22937
3159	534	21598	253	155	0	22540
3160	311	436	196	21504	0	22447
3161	178	169	192	21653	0	22192
3162	262	23932	221	574	0	24989
3163	151	645	132	24667	0	25595
3164	249	214	23318	645	0	24426
3165	200	23349	504	365	0	24418
3166	157	462	248	22038	0	22905
3167	129	223	21648	466	0	22466
3168	45	20973	362	185	0	21565
3169	58	420	124	20453	0	21055
3170	58	21219	76	351	0	21704
3171	62	368	47	21262	0	21739
3172	52	131	55	20596	0	20834
3173	56	20742	60	420	0	21278
3174	20560	339	47	157	0	21103
3175	19766	123	57	111	0	20057
3176	409	19836	85	92	0	20422
3177	164	20323	57	108	0	20652
3178	95	426	52	20416	0	20989
3179	75	178	19712	378	0	20343
3180	19284	83	346	160	0	19873
3181	19527	72	121	110	0	19830
3182	436	91	18811	93	0	19431
3183	18621	56	358	89	0	19124
3184	19256	73	120	92	0	19541
3185	461	70	18236	108	0	18875
3186	18139	53	359	96	0	18647
3187	436	84	18395	75	0	18990
3188	171	18350	372	97	0	18990
3189	19193	357	131	75	0	19756
3190	19428	145	80	78	0	19731
3191	452	110	18910	99	0	19571
3192	19293	80	361	95	0	19829
3193	20740	64	139	101	0	21044
3194	480	78	20031	93	0	20682
3195	20452	72	361	86	0	20971
3196	20956	64	136	77	0	21233
3197	509	66	20422	81	0	21078
3198	20857	104	365	64	0	21390
3199	431	61	163	20477	0	21132
3200	182	80	97	20754	0	21113
3201	129	76	20036	483	0	20724
3202	115	71	19780	201	0	20167
3203	115	79	432	20095	0	20721
3204	115	61	187	20525	0	20888
3205	21129	57	112	448	0	21746
3206	483	76	20505	173	0	21237
3207	21176	83	403	108	0	21770
3208	474	64	150	21819	0	22507
3209	183	64	21378	529	0	22154
3210	23193	76	413	151	0	23833
3211	489	44	135	24166	0	24834
3212	192	39	23991	481	0	24703
3213	23703	50	459	177	0	24389
3214	543	76	175	24268	0	25062
3215	24749	42	136	463	0	25390
3216	551	51	25262	191	0	26055
3217	217	111	462	23408	0	24198
3218	126	25338	186	394	0	26044
3219	26355	436	119	149	0	27059
3220	26053	135	72	107	0	26367
3221	570	26268	85	145	0	27068
3222	27087	457	77	61	0	27682
3223	26798	140	72	73	0	27083
3224	26955	67	92	71	0	27185
3225	674	25770	69	91	0	26604
3226	288	446	56	26467	0	27257
3227	175	141	26765	484	0	27565
3228	149	80	490	26380	0	27099
3229	126	39	159	26966	0	27290
3230	108	40	26800	653	0	27601
3231	123	58	26516	249	0	26946
3232	141	65	624	24666	0	25496
3233	101	26408	237	436	0	27182
3234	27178	482	129	161	0	27950
3235	26749	165	72	131	0	27117
3236	651	27107	80	132	0	27970
3237	28046	497	79	65	0	28687
3238	28053	175	67	90	0	28385
3239	684	113	27674	89	0	28560
3240	26638	75	497	100	0	27310
3241	627	27262	201	149	0	28239
3242	242	444	26823	75	0	27584
3243	222	197	26164	67	0	26650
3244	132	25507	561	163	0	26363
3245	25911	431	200	73	0	26615
3246	531	148	25831	65	0	26575
3247	197	92	453	25777	0	26519
3248	144	79	26037	468	0	26728
3249	24697	45	524	178	0	25444
3250	529	61	30566	138	0	31294
3251	226	105	30406	83	0	30820
3252	30152	46	562	63	0	30823
3253	487	30165	229	101	0	30982
3254	32075	412	126	68	0	32681
3255	32660	165	88	43	0	32956
3256	585	86	69	31870	0	32610
3257	258	34222	123	412	0	35015
3258	35795	425	104	141	0	36465
3259	519	159	35492	127	0	36297
3260	34715	104	452	68	0	35339
3261	513	35060	231	91	0	35895
3262	33561	312	88	46	0	34007
3263	33551	121	82	42	0	33796
3264	431	33456	97	75	0	34059
3265	175	369	68	34135	0	34747
3266	34488	115	79	309	0	34991
3267	381	33546	89	113	0	34129
3268	240	342	58	34162	0	34802
3269	35037	111	80	325	0	35553
3270	407	69	72	36452	0	37000
3271	178	65	67	36262	0	36572
3272	121	36212	97	456	0	36886
3273	37189	384	76	148	0	37797
3274	37978	133	66	83	0	38260
3275	38416	84	74	53	0	38627
3276	555	38599	83	74	0	39311
3277	40546	409	63	68	0	41086
3278	40745	134	82	59	0	41020
3279	578	171	47	39935	0	40731
3280	222	78	58	40779	0	41137
3281	195	78	40328	511	0	41112
3282	148	71	426	39919	0	40564
3283	114	103	135	40602	0	40954
3284	164	86	41109	503	0	41862
3285	37010	83	469	203	0	37765
3286	520	71	41414	155	0	42160
3287	252	108	42113	85	0	42558
3288	170	77	479	41672	0	42398
3289	140	133	255	42243	0	42771
3290	137	42517	115	531	0	43300
3291	44088	438	69	171	0	44766
3292	43092	136	64	128	0	43420
3293	550	42653	87	111	0	43401
3294	220	46857	93	161	0	47331
3295	172	637	58	47191	0	48058
3296	146	48741	86	533	0	49506
3297	50054	685	80	157	0	50976
3298	50163	175	73	122	0	50533
3299	828	117	78	49343	0	50366
3300	298	82	66	50578	0	51024
3301	50887	83	67	785	0	51822
3302	783	102	48958	230	0	50073
3303	49512	78	636	148	0	50374
3304	838	89	49159	124	0	50210
3305	49177	57	626	81	0	49941
3306	720	78	156	49856	0	50810
3307	277	75	51136	637	0	52125
3308	223	126	49626	172	0	50147
3309	49347	224	1175	212	0	50958
3310	50441	96	189	90	0	50816
3311	699	51859	157	136	0	52851
3312	221	564	54	55881	0	56720
3313	131	129	52	58127	0	58439
3314	57445	89	56	903	0	58493
3315	755	56109	76	343	0	57283
3316	56157	678	36	196	0	57067
3317	773	54223	92	125	0	55213
3318	183	54290	72	132	0	54677
3319	55914	738	32	65	0	56749
3320	771	282	54033	56	0	55142
3321	281	268	641	53898	0	55088
3322	156	61	147	55313	0	55677
3323	139	67	55149	848	0	56203
3324	97	58	654	54326	0	55135
3325	111	83	176	53431	0	53801
3326	86	54834	134	821	0	55875
3327	56234	687	65	261	0	57247
3328	800	199	55821	159	0	56979
3329	53925	150	667	122	0	54864
3330	824	54438	251	138	0	55651
3331	238	712	122	56990	0	58062
3332	59088	169	66	763	0	60086
3333	820	138	52	58961	0	59971
3334	257	68	66	59759	0	60150
3335	240	101	58663	971	0	59975
3336	56016	69	734	368	0	57187
3337	59576	61	189	232	0	60058
3338	995	89	59256	161	0	60501
3339	369	71	736	59071	0	60247
3340	268	73	59749	801	0	60891
3341	58600	61	819	255	0	59735
3342	61760	55	221	210	0	62246
3343	922	54	158	60999	0	62133
3344	61473	52	92	844	0	62461
3345	948	78	64867	305	0	66198
3346	312	52	753	65155	0	66272
3347	244	61	240	65976	0	66521
3348	169	57	147	67505	0	67878
3349	140	70	99	67460	0	67769
3350	61992	47	105	1109	0	63253
3351	880	113	60139	401	0	61533
3352	280	49	764	61259	0	62352
3353	274	94	60187	905	0	61460
3354	211	104	59482	351	0	60148
3355	150	51	884	59346	0	60431
3356	137	65	304	60934	0	61440
3357	58599	54	194	1009	0	59856
3358	835	65	115	58381	0	59396
3359	294	75	108	58832	0	59309
3360	240	63	72	59727	0	60102
3361	58851	42	102	1206	0	60201
3362	58721	50	104	478	0	59353
3363	59077	41	119	330	0	59567
3364	58345	41	105	236	0	58727
3365	1081	60495	153	290	0	62019
3366	400	916	98	62237	0	63651
3367	278	259	86	63889	0	64512
3368	64362	150	114	1335	0	65961
3369	1141	65336	143	709	0	67329
3370	373	1127	73	70492	0	72065
3371	304	414	74506	1408	0	76632
3372	78967	195	1523	596	0	81281
3373	2084	83166	438	419	0	86107
3374	87958	2032	373	250	0	90613
3375	90739	565	143	234	0	91681
3376	3046	281	104	88236	0	91667
3377	1025	242	87523	2577	0	91367
3378	562	119	2253	91499	0	94433
3379	92151	83	592	2914	0	95740
3380	2647	88	330	92124	0	95189
3381	91800	83	152	2894	0	94929
3382	2758	89525	194	1009	0	93486
3383	96579	2454	134	562	0	99729
3384	3057	657	106	96535	0	100355
3385	1034	363	120	104778	0	106295
3386	106306	179	115	3279	0	109879
3387	106469	143	109	1184	0	107905
3388	107231	119	106	667	0	108123
3389	106870	109	143	503	0	107625
3390	106635	83	125	425	0	107268
3391	3863	113	102	102473	0	106551
3392	1469	233	98015	2950	0	102667
3393	796	97426	2386	1095	0	101703
3394	98370	2444	779	606	0	102199
3395	3043	766	93831	360	0	98000
3396	93719	365	2420	347	0	96851
3397	3045	92317	726	380	0	96468
3398	96850	2429	341	316	0	99936
3399	3084	709	188	95476	0	99457
3400	1155	385	190	98075	0	99805
3401	860	309	95303	3234	0	99706
3402	666	153	2426	95190	0	98435
3403	718	167	97747	2977	0	101609
3404	653	285	97267	1125	0	99330
3405	98668	185	2919	702	0	102474
3406	103609	190	937	545	0	105281
3407	3743	236	98319	465	0	102763
3408	98542	175	2486	503	0	101706
3409	101841	156	778	484	0	103259
3410	3720	223	96375	496	0	100814
3411	1498	93200	2575	478	0	97751
3412	1699	2544	828	99895	0	104966
3413	103349	676	484	2461	0	106970
3414	106098	375	391	907	0	107771
3415	106176	235	329	624	0	107364
3416	106575	245	380	480	0	107680
3417	106506	251	437	432	0	107626
3418	3847	306	100878	464	0	105495
3419	1708	323	104455	467	0	106953
3420	1231	398	2817	104787	0	109233
3421	108051	288	1042	2539	0	111920
3422	109716	242	646	1060	0	111664
3423	109662	209	562	779	0	111212
3424	107436	204	491	694	0	108825
3425	3586	102943	600	951	0	108080
3426	1761	109596	513	780	0	112650
3427	110603	2758	470	593	0	114424
3428	112241	903	429	588	0	114161
3429	3587	108344	514	651	0	113096
3430	113437	2421	390	573	0	116821
3431	3517	1006	109341	544	0	114408
3432	1817	494	2338	109332	0	113981
3433	1614	362	110028	2672	0	114676
3434	1509	425	111013	968	0	113915
3435	1469	298	2852	110557	0	115176
3436	1479	287	982	116883	0	119631
3437	1480	305	117134	3100	0	122019
3438	1261	311	2563	113094	0	117229
3439	1181	347	974	119632	0	122134
3440	118311	284	701	3241	0	122537
3441	119013	321	624	1284	0	121242
3442	3935	424	600	117627	0	122586
3443	1979	411	116470	2746	0	121606
3444	1485	114652	2494	1483	0	120114
3445	116741	2481	968	914	0	121104
3446	3430	880	118364	759	0	123433
3447	1661	114684	2721	859	0	119925
3448	1320	120895	1085	818	0	124118
3449	124790	2784	883	608	0	129065
3450	127161	1003	728	621	0	129513
3451	3691	561	689	124139	0	129080
3452	1798	452	132825	2715	0	137790
3453	1411	351	2843	134157	0	138762
3454	1264	314	1138	137515	0	140231
3455	1203	310	855	139551	0	141919
3456	136383	300	729	3658	0	141070
3457	3344	131982	742	1517	0	137585
3458	1611	141708	707	1076	0	145102
3459	1313	3090	627	141361	0	146391
3460	1144	1084	547	147048	0	149823
3461	144742	582	591	3526	0	149441
3462	137868	424	722	1503	0	140517
3463	145323	387	542	973	0	147225
3464	4085	139734	647	996	0	145462
3465	141306	2354	612	526	0	144798
3466	3369	1355	558	138992	0	144274
3467	1609	618	135371	2621	0	140219
3468	1358	621	126407	1004	0	129390
3469	128545	404	2661	718	0	132328
3470	2719	333	126535	579	0	130166
3471	1100	351	117688	358	0	119497
3472	109604	144	1423	262	0	111433
3473	1340	150	110706	219	0	112415
3474	505	176	108803	170	0	109654
3475	354	502	826	103480	0	105162
3476	307	113	112277	608	0	113305
3477	178	121	652	106326	0	107277
3478	183	72	252	110475	0	110982
3479	402	83	113946	711	0	115142
3480	178	109955	805	349	0	111287
3481	117193	496	376	183	0	118248
3482	713	188	118338	140	0	119379
3483	240	127	115576	107	0	116050
3484	98801	73	744	169	0	99787
3485	552	71	110890	96	0	111609
3486	178	103366	619	197	0	104360
3487	160	105120	371	181	0	105832
3488	189	529	134	112242	0	113094
3489	61	232	86	111776	0	112155
3490	116199	92	47	592	0	116930
3491	115078	74	75	266	0	115493
3492	115985	43	62	159	0	116249
3493	595	53	53	115165	0	115866
3494	117177	38	108	491	0	117814
3495	115055	71	150	240	0	115516
3496	649	68	116044	177	0	116938
3497	277	149	111605	111	0	112142
3498	150	110873	691	188	0	111902
3499	96	420	169	117860	0	118545
3500	118801	124	130	442	0	119497
3501	450	113666	189	371	0	114676
3502	176	447	59	119367	0	120049
3503	118045	128	148	494	0	118815
3504	115903	93	80	202	0	116278
3505	572	114357	113	228	0	115270
3506	118248	441	71	128	0	118888
3507	118318	155	79	87	0	118639
3508	645	152	66	116468	0	117331
3509	284	126	118255	534	0	119199
3510	178	111634	618	350	0	112780
3511	141	115565	197	221	0	116124
3512	114233	515	110	105	0	114963
3513	553	233	127	112327	0	113240
3514	273	183	113384	500	0	114340
3515	155	108411	622	324	0	109512
3516	115458	441	194	151	0	116244
3517	115352	151	110	154	0	115767
3518	680	154	116790	112	0	117736
3519	271	114	502	111902	0	112789
3520	179	86	168	119806	0	120239
3521	199	113	131934	728	0	132974
3522	134191	89	1302	367	0	135949
3523	165767	72	327	240	0	166406
3524	3078	99	280	187975	0	191432
3525	932	191108	336	3919	0	196295
3526	674	3945	123	207337	0	212079
3527	526	1298	202924	4847	0	209595
3528	201287	725	4280	1618	0	207910
3529	4590	404	1238	212699	0	218931
3530	1495	380	208618	5016	0	215509
3531	201050	354	4754	1714	0	207872
3532	4801	260	1451	210573	0	217085
3533	1585	182	1012	213084	0	215863
3534	208337	117	645	5926	0	215025
3535	4887	205012	605	2531	0	213035
3536	207672	4381	535	1433	0	214021
3537	5656	1282	384	205772	0	213094
3538	206627	774	407	5281	0	213089
3539	5875	742	198452	2052	0	207121
3540	2234	199382	4500	1692	0	207808
3541	1381	4818	1361	208759	0	216319
3542	207880	1588	987	5315	0	215770
3543	5369	203723	827	2504	0	212423
3544	2116	5068	676	210833	0	218693
3545	211386	1532	631	5825	0	219374
3546	210493	1117	626	2365	0	214601
3547	6939	743	598	205497	0	213777
3548	3159	700	200660	6249	0	210768
3549	1988	936	198092	2729	0	203745
3550	199402	686	6190	2054	0	208332
3551	6110	197197	2404	1671	0	207382
3552	2544	196079	1378	1396	0	201397
3553	192300	5882	1021	1263	0	200466
3554	5920	195858	988	1331	0	204097
3555	2514	5867	922	196383	0	205686
3556	1896	2137	809	203524	0	208366
3557	198954	1742	613	6953	0	208262
3558	195614	1368	513	3066	0	200561
3559	196973	1084	470	2117	0	200644
3560	7948	1222	184983	1543	0	195696
3561	3680	878	4893	188450	0	197901
3562	2841	723	187179	6201	0	196944
3563	2289	823	187325	2640	0	193077
3564	2077	705	192318	2117	0	197217
3565	1716	679	7505	185851	0	195751
3566	1708	835	190315	6086	0	198944
3567	1674	983	193416	2658	0	198731
3568	1411	983	7408	188422	0	198224
3569	190855	858	3261	6305	0	201279
3570	6460	787	191216	2879	0	201342
3571	2646	853	6277	187177	0	196953
3572	2120	812	2656	196490	0	202078
3573	1963	782	193110	7695	0	203550
3574	1869	747	6092	191465	0	200173
3575	2140	812	193810	7369	0	204131
3576	1866	807	6451	189826	0	198950
3577	1570	854	2686	195036	0	200146
3578	1553	756	2027	195944	0	200280
3579	1327	707	1917	194922	0	198873
3580	185250	635	1859	8913	0	196657
3581	186846	617	1850	4319	0	193632
3582	7429	700	180043	3199	0	191371
3583	3377	175495	6222	3186	0	188280
3584	2549	5077	182461	2257	0	192344
3585	1973	1722	183736	2323	0	189754
3586	178483	997	7620	2021	0	189121
3587	6307	179930	3950	2104	0	192291
3588	183699	5362	2824	1996	0	193881
3589	6533	184211	2503	2005	0	195252
3590	185480	6187	2387	1664	0	195718
3591	190601	2107	2204	1820	0	196732
3592	7883	1598	1870	182696	0	194047
3593	3318	185071	1645	6887	0	196921
3594	2537	5809	1395	188688	0	198429
3595	2093	2270	1296	194327	0	199986
3596	1991	1521	184460	8636	0	196608
3597	2039	185058	6090	4342	0	197529
3598	1766	5660	2639	190977	0	201042
3599	187496	2080	2272	7509	0	199357
3600	196464	1440	1944	3568	0	203416
3601	198570	987	1936	2915	0	204408
3602	8270	192178	1974	2567	0	204989
3603	198000	6197	1586	2182	0	207965
3604	7774	207840	1690	2264	0	219568
3605	3565	7058	1643	215389	0	227655
3606	3015	2775	209195	7652	0	222637
3607	2483	1814	6999	208667	0	219963
3608	2066	211546	3045	7913	0	224570
3609	1836	7122	2049	212536	0	223543
3610	1612	2855	1565	215799	0	221831
3611	1489	212959	1526	9664	0	225638
3612	215004	7412	1497	4371	0	228284
3613	7464	3017	1304	214874	0	226659
3614	3110	2341	206568	8816	0	220835
3615	2349	1505	6910	212120	0	222884
3616	2073	1282	2453	220978	0	226786
3617	2033	1435	208899	10325	0	222692
3618	1930	1404	7017	202815	0	213166
3619	1745	205507	2763	9416	0	219431
3620	2691	7064	203260	4065	0	217080
3621	3046	2820	192432	2952	0	201250
3622	1220	180915	7403	2746	0	192284
3623	959	160449	2646	1613	0	165667
3624	893	136614	1451	1051	0	140009
3625	126559	4298	2672	984	0	134513
3626	119767	1163	950	577	0	122457
3627	118648	534	382	557	0	120121
3628	3542	434	311	116862	0	121149
3629	1211	438	113606	3062	0	118317
3630	635	380	2775	114491	0	118281
3631	462	350	884	117764	0	119460
3632	115179	364	564	3660	0	119767
3633	115498	350	462	1390	0	117700
3634	3327	113641	460	955	0	118383
3635	116429	2748	373	636	0	120186
3636	117682	943	302	599	0	119526
3637	119882	579	355	684	0	121500
3638	3955	453	114060	566	0	119034
3639	1423	467	114303	599	0	116792
3640	739	540	3215	113006	0	117500
3641	630	414	113310	2967	0	117321
3642	109844	362	2919	1024	0	114149
3643	114238	382	912	660	0	116192
3644	3499	377	108136	466	0	112478
3645	106489	288	2391	419	0	109587
3646	2939	106643	883	604	0	111069
3647	109784	2444	552	370	0	113150
3648	2913	851	397	107877	0	112038
3649	1219	515	334	105630	0	107698
3650	817	107297	325	2913	0	111352
3651	108136	2415	303	1122	0	111976
3652	108560	919	309	658	0	110446
3653	3223	106876	371	543	0	111013
3654	1350	2466	260	103176	0	107252
3655	837	939	327	104066	0	106169
3656	799	101967	437	3113	0	106316
3657	755	2535	356	103055	0	106701
3658	620	1014	383	105840	0	107857
3659	102980	593	386	3413	0	107372
3660	103277	464	349	1464	0	105554
3661	3385	440	100993	876	0	105694
3662	100638	427	2466	734	0	104265
3663	3141	467	100786	646	0	105040
3664	1296	477	2551	99922	0	104246
3665	942	457	98337	2807	0	102543
3666	734	96638	2624	1541	0	101537
3667	700	2502	906	97347	0	101455
3668	644	953	484	100060	0	102141
3669	98026	586	410	3171	0	102193
3670	2641	518	341	96985	0	100485
3671	1253	531	93119	2880	0	97783
3672	94611	430	2285	1325	0	98651
3673	97001	478	843	936	0	99258
3674	97744	493	590	801	0	99628
3675	96394	424	485	790	0	98093
3676	3558	408	400	98893	0	103259
3677	1575	378	411	102929	0	105293
3678	1089	397	388	109145	0	111019
3679	895	321	433	111325	0	112974
3680	106849	328	492	4380	0	112049
3681	108285	295	427	1885	0	110892
3682	4117	262	429	98922	0	103730
3683	1721	101145	499	3236	0	106601
3684	103233	2813	541	1364	0	107951
3685	3694	1141	99129	1009	0	104973
3686	1621	101461	2931	873	0	106886
3687	98329	2811	945	666	0	102751
3688	3205	98986	678	785	0	103654
3689	1479	2964	98152	609	0	103204
3690	99156	1101	2824	590	0	103671
3691	101066	654	1053	587	0	103360
3692	4245	514	95442	757	0	100958
3693	2000	332	2811	97163	0	102306
3694	1339	306	1028	97947	0	100620
3695	1036	96188	681	3816	0	101721
3696	928	2814	495	97756	0	101993
3697	93456	1022	378	3663	0	98519
3698	3306	93940	387	1719	0	99352
3699	1338	2533	291	89096	0	93258
3700	956	1171	240	90641	0	93008
3701	918	683	83176	3540	0	88317
3702	811	85238	2424	1680	0	90153
3703	79660	2720	872	882	0	84134
3704	2205	66029	447	581	0	69262
3705	765	61852	383	403	0	63403
3706	60375	2016	884	409	0	63684
3707	1907	768	214	58359	0	61248
3708	751	402	174	60265	0	61592
3709	59072	276	165	2144	0	61657
3710	1854	243	134	59768	0	61999
3711	787	216	128	61236	0	62367
3712	60760	200	131	2338	0	63429
3713	1903	206	132	59643	0	61884
3714	773	58146	134	2349	0	61402
3715	59349	1571	91	842	0	61853
3716	1920	599	55574	594	0	58687
3717	728	53406	1532	676	0	56342
3718	446	1516	447	54340	0	56749
3719	346	581	52209	1756	0	54892
3720	334	401	52790	748	0	54273
3721	348	1317	1644	50786	0	54095
3722	51551	181	646	1565	0	53943
3723	1452	172	296	50795	0	52715
3724	603	175	211	52409	0	53398
3725	414	187	178	52894	0	53673
3726	318	178	190	52965	0	53651
3727	291	201	160	53378	0	54030
3728	359	235	49043	2056	0	51693
3729	302	244	48355	917	0	49818
3730	294	167	1519	49803	0	51783
3731	357	221	48599	1613	0	50790
3732	295	48250	1445	873	0	50863
3733	289	1263	563	50150	0	52265
3734	319	498	47720	1596	0	50133
3735	43593	328	1419	780	0	46120
3736	1313	46731	518	593	0	49155
3737	462	45689	354	511	0	47016
3738	403	47063	223	436	0	48125
3739	344	1569	231	46588	0	48732
3740	46151	583	230	1447	0	48411
3741	1267	374	142	46373	0	48156
3742	45141	291	193	1571	0	47196
3743	1326	43603	153	894	0	45976
3744	45195	1208	148	587	0	47138
3745	1453	566	116	44703	0	46838
3746	642	428	117	45127	0	46314
3747	453	43636	159	1638	0	45886
3748	354	1213	132	45300	0	46999
3749	342	490	150	45303	0	46285
3750	300	359	145	45344	0	46148
3751	43479	258	174	1924	0	45835
3752	44185	247	162	999	0	45593
3753	1579	249	42423	651	0	44902
3754	43254	242	1095	586	0	45177
3755	1538	260	43209	555	0	45562
3756	686	197	1267	43800	0	45950
3757	441	245	482	45091	0	46259
3758	354	208	303	46112	0	46977
3759	325	224	43385	1909	0	45843
3760	248	228	1247	44671	0	46394
3761	261	230	44682	1728	0	46901
3762	251	209	1316	45543	0	47319
3763	45124	208	553	1718	0	47603
3764	1251	233	45079	931	0	47494
3765	45351	185	1258	701	0	47495
3766	1324	197	468	46768	0	48757
3767	46226	177	328	1621	0	48352
3768	1358	45446	288	924	0	48016
3769	548	1120	259	47631	0	49558
3770	443	444	47628	1620	0	50135
3771	366	270	1254	48272	0	50162
3772	248	597	506	47242	0	48593
3773	255	46277	337	1827	0	48696
3774	407	1111	45520	947	0	47985
3775	196	45966	1140	745	0	48047
3776	40347	896	408	493	0	42144
3777	794	39439	232	402	0	40867
3778	34430	550	358	182	0	35520
3779	34247	178	101	158	0	34684
3780	34234	92	73	147	0	34546
3781	738	75	72	33724	0	34609
3782	275	86	33551	669	0	34581
3783	166	62	530	33204	0	33962
3784	135	33366	217	648	0	34366
3785	96	542	115	34648	0	35401
3786	33948	168	83	722	0	34921
3787	569	33860	98	316	0	34843
3788	182	566	71	32788	0	33607
3789	117	161	76	32901	0	33255
3790	32606	105	63	804	0	33578
3791	604	113	31511	314	0	32542
3792	190	30548	563	269	0	31570
3793	109	523	108	31103	0	31843
3794	117	138	30495	507	0	31257
3795	78	138	478	29531	0	30225
3796	59	29958	137	480	0	30634
3797	61	402	88	31796	0	32347
3798	67	119	59	31574	0	31819
3799	68	78	50	31770	0	31966
3800	49	66	30684	600	0	31399
3801	29979	52	419	236	0	30686
3802	427	50	110	33521	0	34108
3803	37838	37	72	564	0	38511
3804	39742	54	74	232	0	40102
3805	40493	45	52	151	0	40741
3806	40554	54	63	145	0	40816
3807	41657	44	47	122	0	41870
3808	1034	48	33	40411	0	41526
3809	359	38993	78	774	0	40204
3810	215	656	37	39508	0	40416
3811	135	38784	66	796	0	39781
3812	107	636	114	38324	0	39181
3813	37632	192	35	727	0	38586
3814	634	111	28	37595	0	38368
3815	234	98	36316	726	0	37374
3816	35527	46	554	298	0	36425
3817	639	36154	190	203	0	37186
3818	37670	576	175	129	0	38550
3819	37885	166	52	100	0	38203
3820	36633	104	64	85	0	36886
3821	797	36110	39	115	0	37061
3822	313	564	23	36220	0	37120
3823	177	172	10	36833	0	37192
3824	154	131	34491	769	0	35545
3825	166	78	537	33472	0	34253
3826	179	53	145	34412	0	34789
3827	183	48	81	34630	0	34942
3828	170	34084	68	783	0	35105
3829	35374	578	50	302	0	36304
3830	34424	211	35	226	0	34896
3831	830	168	34822	160	0	35980
3832	324	34293	567	181	0	35365
3833	219	588	148	36035	0	36990
3834	186	222	84	36496	0	36988
3835	163	134	55	36416	0	36768
3836	169	180	49	36576	0	36974
3837	169	74	61	36662	0	36966
3838	182	87	34824	958	0	36051
3839	214	158	33214	383	0	33969
3840	36240	102	708	269	0	37319
3841	38735	95	230	213	0	39273
3842	38935	104	126	183	0	39348
3843	1078	98	74	38427	0	39677
3844	402	115	37572	886	0	38975
3845	38181	77	738	400	0	39396
3846	39553	90	263	330	0	40236
3847	1014	94	37555	257	0	38920
3848	37936	55	773	229	0	38993
3849	1046	76	40612	201	0	41935
3850	388	112	859	40832	0	42191
3851	296	110	40927	898	0	42231
3852	40333	68	883	403	0	41687
3853	41776	63	300	262	0	42401
3854	41879	88	199	219	0	42385
3855	41787	73	116	230	0	42206
3856	1212	102	40370	438	0	42122
3857	459	39811	848	321	0	41439
3858	42135	785	250	247	0	43417
3859	42611	236	175	259	0	43281
3860	1166	154	41467	191	0	42978
3861	503	99	895	39831	0	41328
3862	344	74	325	41806	0	42549
3863	328	73	40285	1102	0	41788
3864	38680	54	874	459	0	40067
3865	40833	74	307	303	0	41517
3866	1153	39557	245	285	0	41240
3867	41836	834	162	213	0	43045
3868	41799	246	158	200	0	42403
3869	41881	122	192	185	0	42380
3870	40512	96	204	199	0	41011
3871	1434	99	37890	160	0	39583
3872	37880	56	911	164	0	39011
3873	1239	222	323	36816	0	38600
3874	578	37622	255	909	0	39364
3875	482	849	36200	304	0	37835
3876	371	36939	852	321	0	38483
3877	393	1051	402	36077	0	37923
3878	285	265	36139	806	0	37495
3879	34687	173	799	290	0	35949
3880	925	109	35756	201	0	36991
3881	36265	65	851	152	0	37333
3882	990	52	298	36372	0	37712
3883	428	53	214	36655	0	37350
3884	297	35405	178	1023	0	36903
3885	286	36798	154	400	0	37638
3886	274	876	144	38038	0	39332
3887	37399	306	178	823	0	38706
3888	37627	164	124	288	0	38203
3889	37922	128	117	190	0	38357
3890	1206	112	36682	141	0	38141
3891	37680	54	744	154	0	38632
3892	1069	68	37588	155	0	38880
3893	447	104	36236	116	0	36903
3894	36673	65	969	129	0	37836
3895	37849	71	330	134	0	38384
3896	1023	96	36673	143	0	37935
3897	459	122	800	35972	0	37353
3898	339	87	295	38154	0	38875
3899	38055	85	203	945	0	39288
3900	37785	57	183	374	0	38399
3901	1082	79	39564	212	0	40937
3902	497	37337	698	160	0	38692
3903	239	34775	176	116	0	35306
3904	34173	501	310	59	0	35043
3905	671	141	127	33660	0	34599
3906	201	76	67	34365	0	34709
3907	173	188	68	34746	0	35175
3908	30318	64	93	564	0	31039
3909	565	21	75	34567	0	35228
3910	34791	33	75	512	0	35411
3911	36217	32	87	171	0	36507
3912	688	39168	111	154	0	40121
3913	324	501	84	44550	0	45459
3914	239	168	44576	662	0	45645
3915	43966	92	669	249	0	44976
3916	45547	49	281	149	0	46026
3917	46348	52	168	119	0	46687
3918	1100	59	46767	140	0	48066
3919	452	34	796	47086	0	48368
3920	48329	40	321	780	0	49470
3921	47118	57	205	303	0	47683
3922	47101	60	129	178	0	47468
3923	1134	45807	146	179	0	47266
3924	520	49138	128	178	0	49964
3925	355	904	102	50572	0	51933
3926	296	334	98	50002	0	50730
3927	290	49379	99	984	0	50752
3928	50675	776	96	392	0	51939
3929	934	333	50968	228	0	52463
3930	431	193	703	50649	0	51976
3931	259	137	270	51200	0	51866
3932	256	143	49950	1032	0	51381
3933	47718	122	777	439	0	49056
3934	51271	118	310	228	0	51927
3935	1097	49304	224	244	0	50869
3936	51585	735	172	191	0	52683
3937	1056	277	52376	181	0	53890
3938	54015	154	797	166	0	55132
3939	1165	118	54078	145	0	55506
3940	52959	271	1008	117	0	54355
3941	53345	91	340	165	0	53941
3942	53681	70	255	130	0	54136
3943	53017	71	164	149	0	53401
3944	1228	51532	214	159	0	53133
3945	54628	614	211	95	0	55548
3946	56362	266	230	117	0	56975
3947	1290	218	54650	140	0	56298
3948	55615	137	642	142	0	56536
3949	1179	240	247	54491	0	56157
3950	650	199	53676	736	0	55261
3951	54323	214	679	390	0	55606
3952	1078	120	317	55889	0	57404
3953	57790	114	292	789	0	58985
3954	63835	102	231	440	0	64608
3955	1204	194	66066	342	0	67806
3956	66982	72	787	287	0	68128
3957	69174	102	480	192	0	69948
3958	69138	107	217	245	0	69707
3959	70293	97	202	239	0	70831
3960	1465	110	211	67220	0	69006
3961	874	67095	292	747	0	69008
3962	69677	712	326	317	0	71032
3963	70131	294	203	187	0	70815
3964	70910	200	202	169	0	71481
3965	1667	164	68445	195	0	70471
3966	978	68329	790	232	0	70329
3967	709	763	416	71207	0	73095
3968	833	358	219	72193	0	73603
3969	891	328	74061	903	0	76183
3970	840	140	965	73117	0	75062
3971	776	289	74990	1095	0	77150
3972	537	263	1179	73609	0	75588
3973	595	196	489	76134	0	77414
3974	596	266	76885	1501	0	79248
3975	74600	147	1187	745	0	76679
3976	79855	143	600	522	0	81120
3977	1669	159	80527	491	0	82846
3978	79274	154	1220	402	0	81050
3979	82008	123	492	509	0	83132
3980	1782	144	83892	390	0	86208
3981	1193	256	1147	81773	0	84369
3982	1011	99	614	84740	0	86464
3983	85262	116	477	1303	0	87158
3984	1566	85860	416	685	0	88527
3985	85993	965	353	448	0	87759
3986	87684	389	353	330	0	88756
3987	1779	88948	358	426	0	91511
3988	92339	1013	290	453	0	94095
3989	91624	508	263	355	0	92750
3990	1870	89216	290	352	0	91728
3991	1083	1152	252	90575	0	93062
3992	902	90729	350	1213	0	93194
3993	745	1290	321	93273	0	95629
3994	813	618	91338	1348	0	94117
3995	767	428	90507	725	0	92427
3996	88919	397	1447	570	0	91333
3997	93269	302	719	457	0	94747
3998	1897	319	92475	447	0	95138
3999	92704	224	1358	384	0	94670
4000	95910	159	690	434	0	97193
4001	93199	150	621	323	0	94293
4002	2084	94872	553	375	0	97884
4003	1273	1031	351	99017	0	101672
4004	100051	413	440	1228	0	102132
4005	98340	295	430	645	0	99710
4006	2154	213	100775	545	0	103687
4007	1220	249	1166	98920	0	101555
4008	874	359	575	100713	0	102521
4009	744	99877	443	1612	0	102676
4010	810	105375	329	864	0	107378
4011	796	1707	256	102424	0	105183
4012	712	102234	334	1256	0	104536
4013	99552	1198	174	359	0	101283
4014	1265	103248	168	364	0	105045
4015	107200	1355	135	217	0	108907
4016	1703	502	106211	194	0	108610
4017	108881	344	1408	193	0	110826
4018	114644	132	418	163	0	115357
4019	114437	127	323	164	0	115051
4020	113512	147	174	193	0	114026
4021	2200	109918	200	245	0	112563
4022	942	1493	162	113976	0	116573
4023	621	489	126	115973	0	117209
4024	517	345	112750	1982	0	115594
4025	421	258	1443	110276	0	112398
4026	381	207	436	115662	0	116686
4027	116054	190	302	2075	0	118621
4028	1744	114187	255	882	0	117068
4029	732	1576	181	117220	0	119709
4030	563	529	229	119788	0	121109
4031	433	361	162	121075	0	122031
4032	120150	223	186	2568	0	123127
4033	1996	230	182	120432	0	122840
4034	121174	232	190	2261	0	123857
4035	2208	198	226	120538	0	123170
4036	902	289	183	123607	0	124981
4037	834	213	116159	2512	0	119718
4038	108295	244	1754	1092	0	111385
4039	2226	115194	627	722	0	118769
4040	123678	1735	367	481	0	126261
4041	2346	577	239	121892	0	125054
4042	983	348	175	124303	0	125809
4043	126281	237	178	2489	0	129185
4044	126537	223	187	1105	0	128052
4045	2762	272	149	134577	0	137760
4046	1198	264	134884	2846	0	139192
4047	877	331	134610	1119	0	136937
4048	568	142206	2807	896	0	146477
4049	148993	2750	1034	627	0	153404
4050	148599	791	567	563	0	150520
4051	3796	563	220	149519	0	154098
4052	1298	152212	295	3265	0	157070
4053	952	3118	267	155264	0	159601
4054	594	891	177	149976	0	151638
4055	562	142126	235	4048	0	146971
4056	145286	3103	223	1439	0	150051
4057	3419	927	216	143381	0	147943
4058	1175	146632	391	3790	0	151988
4059	934	154988	321	1247	0	157490
4060	157445	3621	271	882	0	162219
4061	3711	1369	151987	646	0	157713
4062	154785	809	3008	567	0	159169
4063	4001	659	801	156245	0	161706
4064	1396	473	496	157491	0	159856
4065	1075	155831	372	4106	0	161384
4066	861	3461	274	159026	0	163622
4067	1071	1123	154120	4034	0	160348
4068	738	152497	2962	1613	0	157810
4069	669	156186	787	1155	0	158797
4070	155177	3546	480	834	0	160037
4071	3153	155955	394	872	0	160374
4072	1092	3514	294	157341	0	162241
4073	920	155132	353	3543	0	159948
4074	779	3436	254	158957	0	163426
4075	724	1167	309	160369	0	162569
4076	710	994	152619	4452	0	158775
4077	674	687	2909	151574	0	155844
4078	616	606	852	157777	0	159851
4079	154213	618	644	4546	0	160021
4080	3696	684	150487	1896	0	156763
4081	1410	576	3022	155526	0	160534
4082	1192	684	152726	4209	0	158811
4083	152320	633	3381	1763	0	158097
4084	3825	154861	1088	1773	0	161547
4085	169314	3674	685	1372	0	175045
4086	4485	1513	523	172600	0	179121
4087	1615	1161	405	176729	0	179910
4088	1214	903	168053	5698	0	175868
4089	156105	782	3724	2534	0	163145
4090	4420	172176	1076	1862	0	179534
4091	160254	4528	820	1520	0	167122
4092	4990	1491	538	173950	0	180969
4093	1753	175528	609	4865	0	182755
4094	178520	4379	548	1928	0	185375
4095	4528	182587	579	1688	0	189382
4096	1711	4721	464	184859	0	191755
4097	1355	1506	530	187906	0	191297
4098	1069	1185	519	186818	0	189591
4099	961	179690	601	6248	0	187500
4100	1111	4403	513	185599	0	191626
4101	1013	1646	492	189460	0	192611
4102	180381	1307	530	6162	0	188380
4103	183733	1057	493	2670	0	187953
4104	184552	1018	438	1975	0	187983
4105	6256	1248	179117	1605	0	188226
4106	182327	971	4001	1547	0	188846
4107	188443	963	1186	1527	0	192119
4108	187358	1039	899	1580	0	190876
4109	6208	1115	176011	1453	0	184787
4110	175140	891	3801	1537	0	181369
4111	5380	940	1160	182006	0	189486
4112	2167	929	176590	5245	0	184931
4113	1646	174863	4102	2490	0	183101
4114	1291	5184	1136	173921	0	181532
4115	1154	170465	1089	4593	0	177301
4116	1103	176039	803	2055	0	180000
4117	172365	4343	994	1446	0	179148
4118	4077	1806	428	171382	0	177693
4119	173260	1048	445	4214	0	178967
4120	4308	833	430	172716	0	178287
4121	172973	807	460	4475	0	178715
4122	4460	736	427	173124	0	178747
4123	173685	768	440	4520	0	179413
4124	4486	892	164584	1667	0	171629
4125	1817	780	3277	168657	0	174531
4126	1492	897	168951	4385	0	175725
4127	1393	983	160266	1768	0	164410
4128	1102	857	170010	1533	0	173502
4129	965	1045	4050	166917	0	172977
4130	1008	690	168234	4286	0	174218
4131	168278	657	3527	1797	0	174259
4132	3733	622	1079	172207	0	177641
4133	1550	650	181797	4295	0	188292
4134	1234	553	3354	182334	0	187475
4135	1100	499	1080	187682	0	190361
4136	1213	630	194268	4704	0	200815
4137	1171	559	3424	193499	0	198653
4138	1267	489	1129	195255	0	198140
4139	1204	192486	1135	4299	0	199124
4140	200152	3159	786	1910	0	206007
4141	201173	950	920	1568	0	204611
4142	4573	786	192130	1328	0	198817
4143	189617	554	3426	1197	0	194794
4144	4141	560	185516	1270	0	191487
4145	1516	601	174094	1058	0	177269
4146	1217	525	176395	979	0	179116
4147	1314	3824	3329	168979	0	177446
4148	919	374	175235	2662	0	179190
4149	709	746	2234	170390	0	174079
4150	674	284	821	174255	0	176034
4151	699	266	611	173462	0	175038
4152	687	238	556	173948	0	175429
4153	171828	260	474	2866	0	175428
4154	169437	292	503	1300	0	171532
4155	2495	169853	546	1348	0	174242
4156	1046	1880	480	176643	0	180049
4157	1072	604	177624	2474	0	181774
4158	739	174938	2397	1200	0	179274
4159	763	2806	841	183848	0	188258
4160	739	768	183480	3107	0	188094
4161	618	550	2872	179276	0	183316
4162	617	416	182757	3412	0	187202
4163	583	484	180081	1344	0	182492
4164	561	389	3294	185179	0	189423
4165	504	291	1254	188352	0	190401
4166	187898	176	887	3934	0	192895
4167	2874	190	673	187025	0	190762
4168	185378	184	610	3725	0	189897
4169	3013	180322	665	1641	0	185641
4170	1072	185515	621	1462	0	188670
4171	824	3241	476	192921	0	197462
4172	192189	1028	543	3163	0	196923
4173	2880	189525	634	1516	0	194555
4174	1039	2719	534	201677	0	205969
4175	206871	773	568	3265	0	211477
4176	207966	557	517	1308	0	210348
4177	208195	362	559	1062	0	210178
4178	209021	300	561	893	0	210775
4179	210994	316	603	835	0	212748
4180	4040	430	200802	863	0	206135
4181	1914	510	195914	818	0	199156
4182	1045	197012	3170	912	0	202139
4183	1215	3025	1122	201999	0	207361
4184	760	765	205070	2662	0	209257
4185	766	672	196254	870	0	198562
4186	463	311	2726	195858	0	199358
4187	573	291	210262	2652	0	213778
4188	649	497	207076	908	0	209130
4189	394	253553	3574	893	0	258414
4190	266183	6040	1083	434	0	273740
4191	5759	283287	835	799	0	290680
4192	1285	7155	472	296258	0	305170
4193	299682	1343	441	6825	0	308291
4194	7011	300646	746	1594	0	309997
4195	1342	7451	456	304973	0	314222
4196	1426	1607	296403	7525	0	306961
4197	302379	1015	6862	1526	0	311782
4198	312898	590	1338	1254	0	316080
4199	317987	412	941	779	0	320119
4200	9282	515	586	314863	0	325246
4201	2397	911	304979	8154	0	316441
4202	1345	304957	7482	1997	0	315781
4203	1225	7493	1368	316336	0	326422
4204	315032	1490	1185	8088	0	325795
4205	8491	1309	302110	1779	0	313689
4206	1973	291947	7811	1717	0	303448
4207	1549	7523	306105	874	0	316051
4208	301358	1819	8136	801	0	312114
4209	319590	1086	1886	1060	0	323622
4210	321941	746	1268	755	0	324710
4211	10286	983	301098	743	0	313110
4212	2899	294550	7912	997	0	306358
4213	2014	7715	1897	303370	0	314996
4214	1562	2024	1368	311348	0	316302
4215	1488	1270	1034	314767	0	318559
4216	1331	1221	296399	10048	0	308999
4217	293386	605	8054	3120	0	305165
4218	9245	1084	297955	1644	0	309928
4219	302227	1008	8423	1508	0	313166
4220	313714	883	2247	1495	0	318339
4221	314832	755	1767	1286	0	318640
4222	312987	877	1288	1047	0	316199
4223	11549	1470	296860	935	0	310814
4224	4210	968	8157	301496	0	314831
4225	2854	1765	290823	8865	0	304307
4226	2336	285065	8504	3123	0	299028
4227	2298	303669	2290	2263	0	310520
4228	300462	9915	1530	1925	0	313832
4229	298886	3092	1594	1866	0	305438
4230	10099	299649	2011	2213	0	313972
4231	307572	9359	1540	1568	0	320039
4232	11321	3040	289125	1539	0	305025
4233	288730	1912	8054	1904	0	300600
4234	11325	289183	2911	2078	0	305497
4235	303241	9237	2107	1480	0	316065
4236	296909	3029	2016	1457	0	303411
4237	12845	2116	1701	284899	0	301561
4238	5149	1579	1691	293622	0	302041
4239	286024	1618	2275	11131	0	301048
4240	11067	2321	1740	286965	0	302093
4241	286572	1584	2299	10877	0	301332
4242	12762	1453	1758	286804	0	302777
4243	284912	1478	2344	10533	0	299267
4244	285599	1636	1683	3293	0	292211
4245	12738	274074	2616	2461	0	291889
4246	5706	285335	1931	2225	0	295197
4247	273011	10670	2006	2109	0	287796
4248	11034	274927	1934	2585	0	290480
4249	4768	10102	2205	271548	0	288623
4250	4084	3380	2212	280049	0	289725
4251	264601	2646	1951	11854	0	281052
4252	10738	265082	2374	4608	0	282802
4253	5432	264773	2077	3641	0	275923
4254	4766	266100	2555	2891	0	276312
4255	5008	11224	254809	2561	0	273602
4256	4820	3847	261079	2519	0	272265
4257	5245	2734	260190	2063	0	270232
4258	4429	4816	10079	225351	0	244675
4259	3952	244235	3576	7971	0	259734
4260	251967	9150	2168	2787	0	266072
4261	10936	3271	245084	2442	0	261733
4262	4882	2485	246176	2887	0	256430
4263	4505	2137	250242	2219	0	259103
4264	4269	2410	10003	242500	0	259182
4265	4149	2362	3343	250670	0	260524
4266	4358	2344	2552	253551	0	262805
4267	248217	2094	1946	10178	0	262435
4268	249927	2734	2009	2992	0	257662
4269	251614	1938	2122	2441	0	258115
4270	11707	2100	2371	240528	0	256706
4271	5160	2090	230486	9152	0	246888
4272	4210	2447	236084	3365	0	246106
4273	4551	1906	8645	235279	0	250381
4274	4172	1638	2771	237410	0	245991
4275	227444	1633	2063	10294	0	241434
4276	10603	222172	1634	4650	0	239059
4277	225714	8291	1627	2906	0	238538
4278	10555	220071	1513	3578	0	235717
4279	4776	9012	1194	223025	0	238007
4280	3954	2783	216702	9968	0	233407
4281	4176	2840	7722	220695	0	235433
4282	222780	2215	2127	9915	0	237037
4283	10382	2027	215841	3943	0	232193
4284	212059	2138	7352	3084	0	224633
4285	11869	1572	206108	2369	0	221918
4286	4774	2392	203185	2055	0	212406
4287	187668	1771	7972	2504	0	199915
4288	9037	1956	186838	2223	0	200054
4289	2182	946	129942	1087	0	134157
4290	2351	124086	5325	1317	0	133079
4291	100896	3661	5207	1480	0	111244
4292	94663	793	943	414	0	96813
4293	93318	387	332	439	0	94476
4294	2116	425	87296	450	0	90287
4295	85058	328	1417	403	0	87206
4296	1753	86932	561	397	0	89643
4297	85881	1367	294	288	0	87830
4298	1672	514	84630	319	0	87135
4299	691	796	1147	80319	0	82953
4300	463	228	78847	1129	0	80667
4301	290	77669	1150	487	0	79596
4302	378	967	445	76074	0	77864
4303	376	252	224	78233	0	79085
4304	79583	151	175	1006	0	80915
4305	78544	106	174	359	0	79183
4306	78448	103	158	225	0	78934
4307	78754	97	176	208	0	79235
4308	77389	109	191	197	0	77886
4309	1184	123	76147	177	0	77631
4310	443	101	855	76349	0	77748
4311	378	123	79669	864	0	81034
4312	226	140	924	79914	0	81204
4313	81436	89	307	1000	0	82832
4314	82599	114	235	360	0	83308
4315	82652	116	172	272	0	83212
4316	84337	102	218	199	0	84856
4317	1423	160	85254	189	0	87026
4318	521	118	1031	84978	0	86648
4319	380	149	85327	1120	0	86976
4320	283	84139	1142	425	0	85989
4321	298	87229	454	508	0	88489
4322	487	1292	282	89292	0	91353
4323	302	345	192	94227	0	95066
4324	314	204	216	98306	0	99040
4325	242	120	226	102761	0	103349
4326	100830	99	196	2254	0	103379
4327	1822	98621	250	817	0	101510
4328	97462	1579	145	426	0	99612
4329	1894	434	170	96599	0	99097
4330	669	243	163	93905	0	94980
4331	433	94852	159	1977	0	97421
4332	329	1584	130	96215	0	98258
4333	94797	418	131	1889	0	97235
4334	1742	90031	192	681	0	92646
4335	422	86760	121	469	0	87772
4336	88267	1650	76	235	0	90228
4337	1645	512	70	88184	0	90411
4338	452	86964	122	1609	0	89147
4339	598	1552	159	89924	0	92233
4340	90326	390	75	1775	0	92566
4341	1675	251	87	89666	0	91679
4342	509	185	68	91398	0	92160
4343	90209	155	73	2038	0	92475
4344	1717	131	71	89391	0	91310
4345	526	87811	120	1996	0	90453
4346	366	1458	90	89507	0	91421
4347	261	86593	137	1881	0	88872
4348	267	1571	66	89903	0	91807
4349	89107	449	65	1890	0	91511
4350	89857	291	79	656	0	90883
4351	1963	204	61	90002	0	92230
4352	711	199	87145	1939	0	89994
4353	86255	171	1505	656	0	88587
4354	1851	201	87366	475	0	89893
4355	87393	153	1597	364	0	89507
4356	89096	151	403	344	0	89994
4357	2203	239	84536	345	0	87323
4358	733	82398	1583	348	0	85062
4359	86394	1562	368	306	0	88630
4360	87595	416	231	328	0	88570
4361	2080	346	89113	303	0	91842
4362	89894	270	1466	266	0	91896
4363	89480	190	354	301	0	90325
4364	89887	174	260	322	0	90643
4365	2198	177	165	88436	0	90976
4366	823	161	119	89748	0	90851
4367	579	88300	195	1998	0	91072
4368	478	1492	114	92195	0	94279
4369	389	471	118	92849	0	93827
4370	432	314	89607	2137	0	92490
4371	387	284	85692	846	0	87209
4372	80412	213	1780	554	0	82959
4373	86592	203	589	452	0	87836
4374	2040	84356	392	486	0	87274
4375	831	1636	189	87499	0	90155
4376	628	561	88811	1852	0	91852
4377	454	362	1640	90180	0	92636
4378	434	236	474	92542	0	93686
4379	412	213	294	94747	0	95666
4380	336	92551	257	2542	0	95686
4381	434	1806	151	96869	0	99260
4382	405	601	125	98886	0	100017
4383	445	378	95192	2599	0	98614
4384	460	306	95478	1007	0	97251
4385	91055	229	2113	791	0	94188
4386	96635	243	703	572	0	98153
4387	2309	210	377	100765	0	103661
4388	871	233	287	98789	0	100180
4389	589	253	225	101035	0	102102
4390	555	265	94611	3207	0	98638
4391	535	89762	2301	1476	0	94074
4392	459	2261	93255	842	0	96817
4393	93335	647	2390	671	0	97043
4394	2651	412	94712	613	0	98388
4395	95195	303	2429	541	0	98468
4396	95276	283	751	536	0	96846
4397	97080	242	463	507	0	98292
4398	3153	243	377	94068	0	97841
4399	1183	265	92133	2687	0	96268
4400	740	92266	2276	1069	0	96351
4401	663	2321	620	93369	0	96973
4402	532	617	436	96778	0	98363
4403	544	434	95172	3225	0	99375
4404	436	93361	2598	1413	0	97808
4405	99878	2620	791	790	0	104079
4406	3029	101282	563	815	0	105689
4407	110779	3296	490	543	0	115108
4408	4090	940	350	112056	0	117436
4409	1578	677	111418	3990	0	117663
4410	940	112112	3765	1348	0	118165
4411	116763	3924	1009	927	0	122623
4412	4446	1015	114488	596	0	120545
4413	116255	732	4096	543	0	121626
4414	120409	381	1085	544	0	122419
4415	5274	370	114921	482	0	121047
4416	115016	272	3965	458	0	119711
4417	116407	245	1099	435	0	118186
4418	113835	239	815	462	0	115351
4419	5270	108490	527	524	0	114811
4420	106833	3799	390	375	0	111397
4421	4501	105638	484	496	0	111119
4422	1563	4150	103480	405	0	109598
4423	930	104074	3457	473	0	108934
4424	99763	3799	1471	315	0	105348
4425	101273	894	546	291	0	103004
4426	102618	604	370	254	0	103846
4427	4423	422	302	97485	0	102632
4428	1490	304	277	102149	0	104220
4429	97719	242	354	3973	0	102288
4430	101053	269	326	1144	0	102792
4431	4265	259	258	97241	0	102023
4432	1507	286	94860	3497	0	100150
4433	978	91964	3119	984	0	97045
4434	768	97481	775	698	0	99722
4435	633	3807	550	96338	0	101328
4436	791	1112	94380	3426	0	99709
4437	622	788	3090	90301	0	94801
4438	612	91861	846	3311	0	96630
4439	594	3341	552	93970	0	98457
4440	693	1015	92149	3616	0	97473
4441	603	632	3128	93502	0	97865
4442	638	470	96482	3719	0	101309
4443	562	413	3469	96942	0	101386
4444	655	397	99168	3799	0	104019
4445	629	408	99837	1108	0	101982
4446	96077	416	3809	771	0	101073
4447	101911	356	1156	548	0	103971
4448	102563	299	732	515	0	104109
4449	4397	96868	600	497	0	102362
4450	1670	3260	452	100601	0	105983
4451	99057	875	408	3513	0	103853
4452	102556	588	452	1029	0	104625
4453	102156	454	423	772	0	103805
4454	4530	482	96578	580	0	102170
4455	1575	91586	3199	616	0	96976
4456	1108	99649	947	520	0	102224
4457	98669	3772	809	428	0	103678
4458	3802	1251	518	98217	0	103788
4459	98303	758	559	3424	0	103044
4460	4106	581	94829	946	0	100462
4461	1469	465	3168	93420	0	98522
4462	1165	431	979	95967	0	98542
4463	1002	410	729	92494	0	94635
4464	916	92748	556	3947	0	98167
4465	93644	3299	508	1340	0	98791
4466	95198	1003	497	872	0	97570
4467	4220	91090	543	660	0	96513
4468	1728	3461	445	92034	0	97668
4469	92541	1038	445	3450	0	97474
4470	4013	819	399	92124	0	97355
4471	91931	546	452	3842	0	96771
4472	4141	89828	442	1348	0	95759
4473	91821	3448	377	874	0	96520
4474	4341	1077	87799	644	0	93861
4475	1584	87632	3216	682	0	93114
4476	1311	3401	86645	635	0	91992
4477	1114	2266	3596	85185	0	92161
4478	86023	845	967	3300	0	91135
4479	88062	530	741	1026	0	90359
4480	86705	440	510	811	0	88466
4481	4407	380	484	82166	0	87437
4482	83396	323	431	3409	0	87559
4483	3940	382	409	81669	0	86400
4484	81559	399	417	3726	0	86101
4485	83906	428	542	1193	0	86069
4486	4252	436	80173	1000	0	85861
4487	1571	417	76620	533	0	79141
4488	1065	431	76318	553	0	78367
4489	780	450	3226	73766	0	78222
4490	74623	337	1180	2817	0	78957
4491	2967	312	680	75491	0	79450
4492	1125	364	437	78934	0	80860
4493	81133	326	351	3282	0	85092
4494	81756	244	392	1238	0	83630
4495	81477	289	365	919	0	83050
4496	82490	267	410	689	0	83856
4497	3647	246	406	79582	0	83881
4498	79125	244	331	2913	0	82613
4499	3200	76305	459	1019	0	80983
4500	78119	2379	352	760	0	81610
4501	79350	697	485	572	0	81104
4502	3348	537	72061	502	0	76448
4503	69444	295	2027	479	0	72245
4504	2954	261	67856	456	0	71527
4505	1034	163	62171	371	0	63739
4506	880	168	61823	445	0	63316
4507	810	1455	1396	49903	0	53564
4508	343	98	51344	943	0	52728
4509	215	310	649	46453	0	47627
4510	257	65	48709	705	0	49736
4511	206	76	53170	275	0	53727
4512	161	153	651	50496	0	51461
4513	255	37	231	54910	0	55433
4514	211	57	57208	608	0	58084
4515	54257	37	548	238	0	55080
4516	633	47	245	57418	0	58343
4517	284	44	132	58197	0	58657
4518	58705	33	129	738	0	59605
4519	617	60	111	59729	0	60517
4520	366	51	59327	670	0	60414
4521	236	90	55822	319	0	56467
4522	135	56	567	55568	0	56326
4523	161	52	56882	507	0	57602
4524	94	57683	574	286	0	58637
4525	78	383	295	59951	0	60707
4526	60087	136	123	496	0	60842
4527	475	77	59519	242	0	60313
4528	58232	44	463	157	0	58896
4529	607	40	200	63348	0	64195
4530	335	30	124	64107	0	64596
4531	148	22	86	64761	0	65017
4532	105	29	97	64495	0	64726
4533	63658	23	91	742	0	64514
4534	528	68156	113	378	0	69175
4535	240	685	75	70893	0	71893
4536	179	230	86	71103	0	71598
4537	143	158	65	71427	0	71793
4538	114	61	71	71696	0	71942
4539	70726	50	88	1267	0	72131
4540	808	68364	128	723	0	70023
4541	69357	663	84	316	0	70420
4542	827	64238	144	234	0	65443
4543	305	65401	84	265	0	66055
4544	65055	867	66	181	0	66169
4545	877	385	65483	175	0	66920
4546	342	185	773	66483	0	67783
4547	68575	79	264	924	0	69842
4548	69716	49	182	410	0	70357
4549	69529	115	180	341	0	70165
4550	72047	49	87	252	0	72435
4551	1226	73643	108	254	0	75231
4552	76730	972	73	172	0	77947
4553	78334	324	54	196	0	78908
4554	1423	83439	103	239	0	85204
4555	485	1408	71	88435	0	90399
4556	363	449	87241	1610	0	89663
4557	215	417	1474	87696	0	89802
4558	87605	145	443	1835	0	90028
4559	1692	205	89696	600	0	92193
4560	505	86201	1680	562	0	88948
4561	442	1585	90801	315	0	93143
4562	280	574	1673	85584	0	88111
4563	257	87715	620	1399	0	89991
4564	91588	1632	276	466	0	93962
4565	1640	90989	217	371	0	93217
4566	591	1816	131	91708	0	94246
4567	387	587	97	94793	0	95864
4568	93440	363	108	2069	0	95980
4569	1789	232	137	91171	0	93329
4570	565	90691	153	1828	0	93237
4571	94106	1611	99	666	0	96482
4572	94454	475	107	475	0	95511
4573	2085	94100	134	399	0	96718
4574	96287	1705	112	275	0	98379
4575	1907	93125	151	296	0	95479
4576	94425	1850	123	250	0	96648
4577	1966	92998	118	332	0	95414
4578	763	1927	225	89045	0	91960
4579	473	652	114	95791	0	97030
4580	94600	447	122	1991	0	97160
4581	96574	252	155	778	0	97759
4582	2147	92701	191	831	0	95870
4583	926	1877	91414	528	0	94745
4584	96270	607	1661	333	0	98871
4585	2022	433	478	97910	0	100843
4586	759	96348	361	1799	0	99267
4587	562	1837	165	100113	0	102677
4588	100312	637	133	2048	0	103130
4589	101084	461	117	788	0	102450
4590	102671	362	110	552	0	103695
4591	2574	329	85	99995	0	102983
4592	1059	373	98252	2033	0	101717
4593	94496	303	1660	773	0	97232
4594	97736	303	472	564	0	99075
4595	98979	291	274	446	0	99990
4596	2599	94390	242	444	0	97675
4597	1073	1791	173	97096	0	100133
4598	748	97872	201	1902	0	100723
4599	652	2023	153	100260	0	103088
4600	562	744	147	101922	0	103375
4601	575	585	102446	2479	0	106085
4602	549	416	1763	112605	0	115333
4603	558	374	537	117538	0	119007
4604	116425	303	325	3262	0	120315
4605	2732	115237	286	1241	0	119496
4606	117512	2623	206	737	0	121078
4607	122696	871	200	621	0	124388
4608	3665	603	171	120963	0	125402
4609	1529	558	120794	3018	0	125899
4610	913	116459	2685	1103	0	121160
4611	652	117005	724	798	0	119179
4612	114792	3309	589	523	0	119213
4613	2977	116056	287	781	0	120101
4614	1000	2973	241	112873	0	117087
4615	725	923	240	117195	0	119083
4616	681	698	112877	3457	0	117713
4617	714	593	111448	1191	0	113946
4618	603	110031	3135	767	0	114536
4619	585	2896	842	114332	0	118655
4620	113346	922	489	2969	0	117726
4621	2915	685	301	115610	0	119511
4622	1041	608	116227	3304	0	121180
4623	707	596	2750	117050	0	121103
4624	113392	478	802	3450	0	118122
4625	114542	419	472	1235	0	116668
4626	3440	112336	331	1023	0	117130
4627	114156	2884	258	707	0	118005
4628	3261	112185	298	683	0	116427
4629	113153	3089	232	572	0	117046
4630	3443	1008	204	110651	0	115306
4631	1407	710	108632	3070	0	113819
4632	1012	648	107629	1041	0	110330
4633	784	108653	3163	863	0	113463
4634	703	2598	800	105937	0	110038
4635	667	835	384	109756	0	111642
4636	108478	543	307	3255	0	112583
4637	109908	448	270	1188	0	111814
4638	111751	415	250	797	0	113213
4639	3430	463	256	109812	0	113961
4640	1319	450	279	112518	0	114566
4641	856	472	230	113877	0	115435
4642	786	453	109929	3425	0	114593
4643	783	561	109197	1367	0	111908
4644	107411	448	2838	874	0	111571
4645	110548	419	847	775	0	112589
4646	3195	444	108211	723	0	112573
4647	105834	346	2475	721	0	109376
4648	106980	348	850	745	0	108923
4649	3320	379	102896	619	0	107214
4650	1247	101501	2568	762	0	106078
4651	961	2526	863	100404	0	104754
4652	891	723	101044	2646	0	105304
4653	728	104428	2361	1123	0	108640
4654	873	2808	717	95280	0	99678
4655	571	97288	554	2167	0	100580
4656	644	2287	96446	883	0	100260
4657	648	790	98523	676	0	100637
4658	713	797	2781	98294	0	102585
4659	100068	465	943	2453	0	103929
4660	2581	530	531	99520	0	103162
4661	99615	428	357	2649	0	103049
4662	2757	397	370	99592	0	103116
4663	1122	451	97460	2739	0	101772
4664	96497	397	2352	1164	0	100410
4665	2704	400	99397	810	0	103311
4666	100235	406	2574	623	0	103838
4667	2727	403	974	98949	0	103053
4668	1032	99248	686	2540	0	103506
4669	781	2298	537	101746	0	105362
4670	716	103065	546	2734	0	107061
4671	704	2426	492	98552	0	102174
4672	700	102099	516	2570	0	105885
4673	102248	2390	452	1190	0	106280
4674	103222	813	455	885	0	105375
4675	102650	521	455	755	0	104381
4676	3408	480	100033	682	0	104603
4677	1493	349	2433	100785	0	105060
4678	1112	473	101460	2682	0	105727
4679	933	97896	2657	1089	0	102575
4680	754	102859	1031	845	0	105489
4681	100588	2683	738	592	0	104601
4682	2740	964	98614	603	0	102921
4683	1056	96697	2483	679	0	100915
4684	883	2440	1038	101128	0	105489
4685	101084	867	644	2568	0	105163
4686	2512	101924	577	1186	0	106199
4687	105297	2410	506	807	0	109020
4688	2882	980	104261	716	0	108839
4689	1097	583	2420	106499	0	110599
4690	803	447	935	110212	0	112397
4691	706	399	660	114279	0	116044
4692	688	111260	616	3727	0	116291
4693	730	2884	514	113299	0	117427
4694	805	902	113075	3481	0	118263
4695	793	501	2906	113196	0	117396
4696	694	460	1050	116841	0	119045
4697	834	335	710	115439	0	117318
4698	733	111007	647	3806	0	116193
4699	761	2768	593	112990	0	117112
4700	697	982	607	113218	0	115504
4701	528	104838	524	4048	0	109938
4702	95666	2212	309	1174	0	99361
4703	2172	94516	368	868	0	97924
4704	650	95039	330	697	0	96716
4705	730	2872	484	94934	0	99020
4706	456	882	91821	2394	0	95553
4707	82661	597	1916	998	0	86172
4708	1854	373	594	90768	0	93589
4709	615	320	87045	2427	0	90407
4710	344	86803	1920	1222	0	90289
4711	317	2106	607	90412	0	93442
4712	439	737	90329	2417	0	93922
4713	312	559	1913	88550	0	91334
4714	337	416	647	91229	0	92629
4715	88926	331	410	2868	0	92535
4716	1971	87076	386	1278	0	90711
4717	88668	1996	287	844	0	91795
4718	2304	805	88054	643	0	91806
4719	818	86478	1956	619	0	89871
4720	721	2164	89380	538	0	92803
4721	317	1311	2088	89835	0	93551
4722	90700	523	760	2078	0	94061
4723	1948	378	414	89999	0	92739
4724	90985	312	432	2284	0	94013
4725	92777	311	317	982	0	94387
4726	2492	292	271	93490	0	96545
4727	1089	323	96384	2298	0	100094
4728	661	454	98850	1020	0	100985
4729	485	321	2394	101832	0	105032
4730	403	301	953	105353	0	107010
4731	103531	361	526	2941	0	107359
4732	2281	323	442	103216	0	106262
4733	902	100569	456	2742	0	104669
4734	677	2213	297	104811	0	107998
4735	553	791	320	106988	0	108652
4736	104230	542	312	3197	0	108281
4737	2401	103518	343	1452	0	107714
4738	857	2346	358	106762	0	110323
4739	594	975	316	106635	0	108520
4740	521	102984	409	3389	0	107303
4741	475	2384	255	107221	0	110335
4742	433	865	299	106344	0	107941
4743	438	101565	351	3666	0	106020
4744	392	2426	272	105505	0	108595
4745	313	985	300	105272	0	106870
4746	351	100592	373	3766	0	105082
4747	284	2437	287	105117	0	108125
4748	103476	944	281	3377	0	108078
4749	104536	683	203	1679	0	107101
4750	103597	523	217	1338	0	105675
4751	103829	455	284	1124	0	105692
4752	3193	97782	231	1099	0	102305
4753	93545	2213	193	880	0	96831
4754	2350	90745	188	1006	0	94289
4755	772	90631	209	726	0	92338
4756	580	2418	340	90616	0	93954
4757	487	886	89164	2454	0	92991
4758	85968	788	1726	994	0	89476
4759	90418	415	481	916	0	92230
4760	2492	443	92363	787	0	96085
4761	92451	334	1853	689	0	95327
4762	98360	348	488	721	0	99917
4763	2705	92973	371	710	0	96759
4764	105749	2150	229	622	0	108750
4765	2557	695	174	103067	0	106493
4766	1031	510	203	104553	0	106297
4767	733	421	174	105296	0	106624
4768	640	424	171	105635	0	106870
4769	104699	342	177	3016	0	108234
4770	2410	407	171	102791	0	105779
4771	975	362	146	105247	0	106730
4772	772	386	100415	2928	0	104501
4773	95157	388	1876	1220	0	98641
4774	103075	345	521	861	0	104802
4775	103239	310	389	833	0	104771
4776	2732	98749	367	775	0	102623
4777	1106	102627	240	794	0	104767
4778	102450	2413	178	751	0	105792
4779	2510	897	211	102487	0	106105
4780	1034	102200	198	2718	0	106150
4781	774	2207	143	103996	0	107120
4782	614	103002	224	2698	0	106538
4783	103637	2383	130	1197	0	107347
4784	2412	103006	193	1109	0	106720
4785	948	2377	181	102456	0	105962
4786	708	1072	131	104740	0	106651
4787	844	608	103936	3051	0	108439
4788	606	110129	2193	1394	0	114322
4789	702	3175	570	116839	0	121286
4790	712	1130	117156	3482	0	122480
4791	619	720	120038	1274	0	122651
4792	519	426	3454	121777	0	126176
4793	506	556	1364	122823	0	125249
4794	437	116685	722	4277	0	122121
4795	487	123185	383	1942	0	125997
4796	487	4157	227	124679	0	129550
4797	123205	1588	224	3763	0	128780
4798	3376	845	178	129641	0	134040
4799	131674	564	164	4118	0	136520
4800	134963	508	178	1832	0	137481
4801	137748	473	162	1196	0	139579
4802	5401	498	134015	857	0	140771
4803	133613	369	3457	729	0	138168
4804	4499	350	1361	135729	0	141939
4805	2018	319	684	138191	0	141212
4806	1254	590	131557	5143	0	138544
4807	857	629	131083	2272	0	134841
4808	665	690	4240	130153	0	135748
4809	623	126548	1907	3994	0	133072
4810	616	132305	865	1834	0	135620
4811	745	4373	432	133881	0	139431
4812	130850	1734	390	3988	0	136962
4813	3748	898	373	132149	0	137168
4814	1717	549	336	131896	0	134498
4815	1072	128921	412	4951	0	135356
4816	756	3440	294	134464	0	138954
4817	728	1521	130264	4551	0	137064
4818	655	933	126577	2157	0	130322
4819	123706	512	4363	1375	0	129956
4820	3506	127735	1838	1141	0	134220
4821	130527	3497	908	937	0	135869
4822	131854	1536	603	797	0	134790
4823	4779	934	531	121197	0	127441
4824	2051	127564	463	3447	0	133525
4825	1234	3675	375	130005	0	135289
4826	127778	1558	327	4134	0	133797
4827	3648	122400	371	2116	0	128535
4828	119450	3434	275	1289	0	124448
4829	3734	118534	349	1053	0	123670
4830	121350	3665	318	846	0	126179
4831	121739	1619	302	744	0	124404
4832	4563	116604	424	790	0	122381
4833	2098	3297	357	120379	0	126131
4834	121024	1378	446	3513	0	126361
4835	3900	912	113754	1629	0	120195
4836	1821	709	114798	1118	0	118446
4837	1211	1174	3644	113528	0	119557
4838	116527	455	1478	3335	0	121795
4839	3244	477	731	116476	0	120928
4840	117426	447	477	3775	0	122125
4841	3721	565	116030	1725	0	122041
4842	119556	437	2877	1121	0	123991
4843	125726	443	1228	796	0	128193
4844	4593	464	698	122155	0	127910
4845	2162	472	431	124524	0	127589
4846	1344	448	381	125380	0	127553
4847	1006	120303	479	4722	0	126510
4848	856	2864	438	123825	0	127983
4849	736	1282	473	126238	0	128729
4850	122985	743	488	4702	0	128918
4851	124419	503	466	2424	0	127812
4852	4323	566	119651	1489	0	126029
4853	120896	503	3046	1149	0	125594
4854	4048	568	120432	1002	0	126050
4855	115327	493	3405	1057	0	120282
4856	4066	488	119282	1015	0	124851
4857	2104	518	117692	953	0	121267
4858	1312	579	3850	114352	0	120093
4859	1050	454	115918	3546	0	120968
4860	110825	443	3211	1942	0	116421
4861	3024	498	1570	116092	0	121184
4862	117994	537	850	3447	0	122828
4863	118907	559	658	1872	0	121996
4864	112114	510	600	1269	0	114493
4865	111288	381	531	1003	0	113203
4866	4977	389	105757	887	0	112010
4867	2703	349	2681	107120	0	112853
4868	1841	345	108388	3187	0	113761
4869	1457	351	3075	108454	0	113337
4870	108367	323	1620	3530	0	113840
4871	3321	368	1045	110096	0	114830
4872	110051	363	837	3755	0	115006
4873	3584	362	665	110835	0	115446
4874	1880	419	604	113456	0	116359
4875	110746	405	652	4310	0	116113
4876	3379	107382	623	2336	0	113720
4877	109769	2613	475	1370	0	114227
4878	3529	107496	447	1218	0	112690
4879	1931	2883	400	110082	0	115296
4880	110206	1312	486	3183	0	115187
4881	3409	759	107050	1953	0	113171
4882	1793	502	2537	109064	0	113896
4883	109099	506	1298	3311	0	114214
4884	111660	380	792	1879	0	114711
4885	4256	460	594	108908	0	114218
4886	2374	109500	613	3341	0	115828
4887	1552	107721	518	1655	0	111446
4888	1111	4771	332	97002	0	103216
4889	96813	1226	364	2301	0	100704
4890	2469	89938	225	1287	0	93919
4891	732	84315	137	665	0	85849
4892	82419	1847	236	251	0	84753
4893	1540	81844	106	312	0	83802
4894	85132	1632	137	292	0	87193
4895	2298	615	250	83281	0	86444
4896	774	362	73	83670	0	84879
4897	375	81377	141	2003	0	83896
4898	292	80658	91	867	0	81908
4899	75660	1652	76	305	0	77693
4900	1354	76728	100	271	0	78453
4901	370	81803	101	183	0	82457
4902	408	1954	126	82197	0	84685
4903	84435	703	24	1684	0	86846
4904	1900	358	89183	630	0	92071
4905	89267	176	2107	312	0	91862
4906	2432	122	827	98407	0	101788
4907	1067	142	100052	2623	0	103884
4908	563	165	102484	1111	0	104323
4909	260	139	3524	103000	0	106923
4910	289	191	104968	2889	0	108337
4911	103425	119	3238	1331	0	108113
4912	107664	144	1414	666	0	109888
4913	3948	200	106053	425	0	110626
4914	1676	148	3022	104448	0	109294
4915	830	144	1384	108379	0	110737
4916	107878	127	698	3963	0	112666
4917	3108	241	457	101018	0	104824
4918	1451	102444	382	3255	0	107532
4919	104766	2712	282	1430	0	109190
4920	3076	102569	357	875	0	106877
4921	1416	108559	261	783	0	111019
4922	871	3947	263	105713	0	110794
4923	645	1667	191	107130	0	109633
4924	540	836	193	109440	0	111009
4925	480	699	102054	4443	0	107676
4926	96931	452	2797	2107	0	102287
4927	2954	100910	1261	1199	0	106324
4928	105651	2979	633	815	0	110078
4929	106977	1337	388	674	0	109376
4930	4315	761	305	103892	0	109273
4931	1997	103181	296	3209	0	108683
4932	1171	3024	310	106172	0	110677
4933	853	1414	230	108838	0	111335
4934	107720	801	210	4495	0	113226
4935	108839	547	212	2183	0	111781
4936	4408	579	103643	1225	0	109855
4937	106890	421	2816	894	0	111021
4938	3847	106170	1236	930	0	112183
4939	109155	3149	599	710	0	113613
4940	3848	112844	426	724	0	117842
4941	1954	3624	345	109316	0	115239
4942	1234	1747	303	110215	0	113499
4943	908	107123	327	4559	0	112917
4944	838	3506	289	110814	0	115447
4945	724	1695	240	113273	0	115932
4946	734	955	241	111268	0	113198
4947	659	106346	316	5343	0	112664
4948	684	3518	308	110114	0	114624
4949	627	1652	265	111356	0	113900
4950	638	1078	255	113288	0	115259
4951	677	827	104684	5653	0	111841
4952	102764	743	3327	2874	0	109708
4953	3729	663	106703	1870	0	112965
4954	106794	672	3737	1411	0	112614
4955	4285	668	107284	1271	0	113508
4956	107327	570	3898	1150	0	112945
4957	110925	588	1774	1105	0	114392
4958	5337	599	107468	1043	0	114447
4959	2654	660	3674	107308	0	114296
4960	1698	695	105427	4009	0	111829
4961	101908	597	3873	2187	0	108565
4962	4215	645	107856	1487	0	114203
4963	2233	597	107197	1321	0	111348
4964	104862	544	4815	1233	0	111454
4965	4090	103565	2496	1099	0	111250
4966	2224	3476	1370	108437	0	115507
4967	109730	1656	1191	4031	0	116608
4968	4346	940	989	108327	0	114602
4969	2347	743	906	112298	0	116294
4970	109279	614	893	5454	0	116240
4971	110436	556	855	2957	0	114804
4972	5455	568	105358	1891	0	113272
4973	2894	494	106918	1613	0	111919
4974	1807	446	4787	106589	0	113629
4975	1591	477	108120	4354	0	114542
4976	1336	481	4268	107861	0	113946
4977	1230	473	2297	109310	0	113310
4978	1240	530	1349	112978	0	116097
4979	106793	512	1012	6010	0	114327
4980	4017	106556	1015	3345	0	114933
4981	109308	3488	688	2311	0	115795
4982	109277	1744	722	1869	0	113612
4983	5202	106662	653	1892	0	114409
4984	106540	3412	549	1488	0	111989
4985	4463	1717	102462	1426	0	110068
4986	2344	1539	2799	100530	0	107212
4987	103543	870	1425	3700	0	109538
4988	3807	785	98888	2119	0	105599
4989	98683	597	2740	1474	0	103494
4990	3609	102438	1612	1345	0	109004
4991	116446	2561	1020	1158	0	121185
4992	117094	1291	821	1034	0	120240
4993	5404	117249	726	1263	0	124642
4994	122621	3377	680	834	0	127512
4995	4857	1699	636	122136	0	129328
4996	2822	1065	523	126398	0	130808
4997	123981	725	559	5021	0	130286
4998	116409	699	545	2667	0	120320
4999	5255	120043	589	1817	0	127704
5000	2754	122174	511	1446	0	126885
5001	1523	4555	507	111593	0	118178
5002	1215	113353	550	3026	0	118144
5003	1149	117319	435	1744	0	120647
5004	106531	3290	644	968	0	111433
5005	2724	107418	412	739	0	111293
5006	100812	2243	302	441	0	103798
5007	2286	101461	332	515	0	104594
5008	1378	2109	99352	461	0	103300
5009	752	102545	1694	616	0	105607
5010	103002	2539	940	536	0	107017
5011	101243	777	388	298	0	102706
5012	2451	552	99858	332	0	103193
5013	1186	278	1734	96277	0	99475
5014	726	284	738	103148	0	104896
5015	604	264	101229	2332	0	104429
5016	537	226	1726	98604	0	101093
5017	456	255	101766	2216	0	104693
5018	438	361	97844	1096	0	99739
5019	97120	204	2198	675	0	100197
5020	1804	98464	1066	510	0	101844
5021	100165	1654	491	370	0	102680
5022	2180	783	359	99751	0	103073
5023	1141	568	99101	1680	0	102490
5024	776	434	1574	96418	0	99202
5025	491	99687	757	1764	0	102699
5026	104023	1607	447	768	0	106845
5027	103823	812	289	547	0	105471
5028	2361	498	270	102986	0	106115
5029	1195	416	100177	1739	0	103527
5030	96826	352	1553	779	0	99510
5031	1980	98064	740	571	0	101355
5032	101389	1673	375	308	0	103745
5033	2285	826	247	99802	0	103160
5034	100241	553	307	1615	0	102716
5035	2329	477	126	98772	0	101704
5036	1191	449	98887	2000	0	102527
5037	921	376	95823	1046	0	98166
5038	94004	330	1974	952	0	97260
5039	1837	98132	991	646	0	101606
5040	98926	1348	702	353	0	101329
5041	98864	717	260	245	0	100086
5042	1834	97219	283	335	0	99671
5043	99197	1548	136	281	0	101162
5044	1865	966	104970	339	0	108140
5045	900	667	1250	106247	0	109064
5046	669	526	536	107870	0	109601
5047	526	469	326	110573	0	111894
5048	597	487	107168	1975	0	110227
5049	562	493	106762	936	0	108753
5050	381	642	1817	106935	0	109775
5051	407	105130	1070	1461	0	108068
5052	442	109858	536	782	0	111618
5053	113346	1911	358	433	0	116048
5054	113389	900	327	319	0	114935
5055	2007	116468	403	472	0	119350
5056	997	1621	246	121542	0	124406
5057	574	810	267	123015	0	124666
5058	124133	448	386	2232	0	127199
5059	1828	343	393	126958	0	129522
5060	964	370	421	127221	0	128976
5061	734	347	386	128460	0	129927
5062	691	412	119449	2440	0	122992
5063	693	586	113294	1230	0	115803
5064	118619	343	2023	826	0	121811
5065	1839	222	982	126465	0	129508
5066	1029	329	124907	1997	0	128262
5067	747	523	119995	956	0	122221
5068	121717	429	2315	692	0	125153
5069	2394	482	136540	595	0	140011
5070	1021	139127	2207	744	0	143099
5071	712	2038	982	158100	0	161832
5072	665	960	155713	2762	0	160100
5073	155466	636	2699	1092	0	159893
5074	3028	487	1065	168083	0	172663
5075	1466	472	164448	3247	0	169633
5076	867	322	2940	167421	0	171550
5077	643	306	1229	171678	0	173856
5078	171081	202	735	4214	0	176232
5079	3224	168068	774	2025	0	174091
5080	1548	3213	553	170846	0	176160
5081	173446	1154	362	3354	0	178316
5082	174562	643	350	1595	0	177150
5083	176478	348	373	905	0	178104
5084	178911	373	453	644	0	180381
5085	4913	330	471	175071	0	180785
5086	175969	270	502	3574	0	180315
5087	175365	236	649	1595	0	177845
5088	170267	243	454	1175	0	172139
5089	170915	214	632	974	0	172735
5090	4470	159268	624	939	0	165301
5091	1084	148313	290	396	0	150083
5092	556	2864	247	150224	0	153891
5093	399	146109	337	2107	0	148952
5094	148438	2118	280	785	0	151621
5095	2387	711	113	146324	0	149535
5096	145938	260	144	2181	0	148523
5097	148550	182	143	897	0	149772
5098	2751	259	111	152591	0	155712
5099	1129	123	131	152092	0	153475
5100	588	149012	192	2869	0	152661
5101	153373	1857	123	996	0	156349
5102	2303	149890	227	624	0	153044
5103	154346	2002	135	408	0	156891
5104	2528	681	110	155403	0	158722
5105	1175	439	151351	2217	0	155182
5106	151591	248	1881	914	0	154634
5107	149214	226	620	604	0	150664
5108	3113	245	147741	404	0	151503
5109	1324	346	148865	376	0	150911
5110	878	236	2469	144247	0	147830
5111	161589	253	726	2284	0	164852
5112	168816	277	289	926	0	170308
5113	174986	194	199	661	0	176040
5114	176979	253	155	498	0	177885
5115	3949	168628	272	560	0	173409
5116	184175	2737	153	514	0	187579
5117	3578	812	167	182722	0	187279
5118	1499	448	159	188231	0	190337
5119	992	321	166	193998	0	195477
5120	758	316	194	197087	0	198355
5121	193605	310	190	4217	0	198322
5122	3493	266	181	201177	0	205117
5123	1500	430	197062	4062	0	203054
5124	1030	236	3123	203709	0	208098
5125	912	221	922	207014	0	209069
5126	869	230	454	206272	0	207825
5127	883	245	339	206526	0	207993
5128	200544	232	264	5224	0	206264
5129	4012	195007	429	2060	0	201508
5130	1613	199298	410	1202	0	202523
5131	1130	4485	237	202345	0	208197
5132	200751	1383	325	4065	0	206524
5133	204782	664	278	1618	0	207342
5134	5352	418	240	204369	0	210379
5135	2397	501	196422	4424	0	203744
5136	198130	376	3426	1893	0	203825
5137	4814	362	1082	210673	0	216931
5138	2050	690	205411	4631	0	212782
5139	195997	393	3749	2160	0	202299
5140	4524	204637	1277	1939	0	212377
5141	233108	3833	567	1606	0	239114
5142	6362	237287	521	1700	0	245870
5143	2994	6112	278	241531	0	250915
5144	2005	242200	421	6746	0	251372
5145	1331	7197	267	254471	0	263266
5146	241632	2836	744	8418	0	253630
5147	6771	242987	583	4714	0	255055
5148	3217	6583	240518	2462	0	252780
5149	1840	2778	6063	247932	0	258613
5150	1614	1440	247777	7920	0	258751
5151	1665	999	7032	243225	0	252921
5152	1307	1078	2829	256547	0	261761
5153	1319	1091	246255	9583	0	258248
5154	219521	752	7189	5033	0	232495
5155	7668	731	243044	2805	0	254248
5156	3865	856	237686	1791	0	244198
5157	2029	235586	8873	2030	0	248518
5158	1392	6806	3673	241734	0	253605
5159	1457	2879	1845	246205	0	252386
5160	1188	1637	1058	245176	0	249059
5161	1000	1055	993	252146	0	255194
5162	1285	943	237930	10855	0	251013
5163	221037	1015	6841	5387	0	234280
5164	7616	750	239288	3183	0	250837
5165	3211	886	7203	239226	0	250526
5166	236484	645	3209	8005	0	248343
5167	6949	236140	1911	4597	0	249597
5168	3117	8145	1439	236171	0	248872
5169	226580	2698	987	7556	0	237821
5170	6843	217873	1016	3876	0	229608
5171	2719	215549	1075	2198	0	221541
5172	213388	7418	846	1877	0	223529
5173	5946	214063	985	1769	0	222763
5174	210047	6386	884	1644	0	218961
5175	6356	212764	619	1810	0	221549
5176	216182	6384	911	1328	0	224805
5177	217727	2770	711	1160	0	222368
5178	8270	216200	994	1261	0	226725
5179	3666	6202	1006	218225	0	229099
5180	2358	3137	210080	6525	0	222100
5181	208788	1803	5598	3298	0	219487
5182	6385	1292	2350	211185	0	221212
5183	3035	202688	1516	7065	0	214304
5184	1866	212508	1084	3561	0	219019
5185	1353	7422	1005	215291	0	225071
5186	212936	3216	846	6909	0	223907
5187	6538	2014	208113	3315	0	219980
5188	3012	1293	5710	214114	0	224129
5189	2190	1080	2456	219634	0	225360
5190	1494	1220	1494	223517	0	227725
5191	1226	916	1020	219748	0	222910
5192	1352	209447	1057	9786	0	221642
5193	1041	6229	824	218715	0	226809
5194	1109	3206	208505	8321	0	221141
5195	1408	2092	208144	4048	0	215692
5196	1283	1766	212507	2672	0	218228
5197	1287	1312	8356	207467	0	218422
5198	203998	1462	3867	6874	0	216201
5199	6696	1223	203670	3629	0	215218
5200	3672	1025	205943	2545	0	213185
5201	2161	1422	8108	200422	0	212113
5202	203867	1089	3786	7315	0	216057
5203	6314	199384	2548	4249	0	212495
5204	203538	6305	1684	2725	0	214252
5205	7406	2951	1281	202817	0	214455
5206	3611	2343	201396	7212	0	214562
5207	2281	2606	6089	194971	0	205947
5208	1700	199845	3133	7590	0	212268
5209	209818	6342	2140	3743	0	222043
5210	7085	3112	205311	2743	0	218251
5211	2958	201377	6066	2283	0	212684
5212	203385	6313	3093	2075	0	214866
5213	7302	3561	2092	202307	0	215262
5214	3551	1845	1557	208258	0	215211
5215	206617	1240	1449	8952	0	218258
5216	206208	1006	1440	4707	0	213361
5217	213893	1051	1364	2914	0	219222
5218	10376	1227	1163	200129	0	212895
5219	4993	197625	1097	7846	0	211561
5220	201434	6350	1133	4121	0	213038
5221	7544	199721	1072	3070	0	211407
5222	195594	7031	931	1924	0	205480
5223	7716	188078	1085	1737	0	198616
5224	3929	6932	861	188184	0	199906
5225	191065	3337	811	6782	0	201995
5226	193162	2189	651	3714	0	199716
5227	196024	1526	565	2586	0	200701
5228	197655	1292	574	2065	0	201586
5229	197213	1068	620	1798	0	200699
5230	10743	1211	184237	1479	0	197670
5231	5615	1197	5708	185914	0	198434
5232	3692	1193	186510	6341	0	197736
5233	2856	1210	186397	3375	0	193838
5234	185916	1159	8180	2087	0	197342
5235	190690	1125	3923	1715	0	197453
5236	191163	1069	2171	1245	0	195648
5237	10229	1201	1260	179018	0	191708
5238	178215	1080	1269	6508	0	187072
5239	8591	173562	981	3818	0	186952
5240	4898	177660	1050	2357	0	185965
5241	2505	158139	507	1288	0	162439
5242	144877	4808	732	909	0	151326
5243	4367	148053	495	978	0	153893
5244	144775	3765	635	651	0	149826
5245	144400	1768	376	617	0	147161
5246	5627	1096	138299	611	0	145633
5247	2990	745	3474	136466	0	143675
5248	2060	640	1493	146559	0	150752
5249	144799	569	933	4896	0	151197
5250	145881	454	650	2363	0	149348
5251	5832	503	557	143504	0	150396
5252	3202	544	138564	4394	0	146704
5253	2253	640	141038	2167	0	146098
5254	1741	552	4665	141961	0	148919
5255	1734	563	2000	143100	0	147397
5256	1486	608	1109	146699	0	149902
5257	138705	612	719	5908	0	145944
5258	139487	677	611	2748	0	143523
5259	5986	134034	594	1809	0	142423
5260	3171	3862	521	136392	0	143946
5261	2231	1786	486	137506	0	142009
5262	1901	134809	536	5378	0	142624
5263	1787	4182	532	138482	0	144983
5264	137077	1927	506	5094	0	144604
5265	5029	1100	584	136566	0	143279
5266	2938	793	577	140488	0	144796
5267	134220	717	593	6014	0	141544
5268	134835	568	583	3198	0	139184
5269	136166	599	660	2018	0	139443
5270	6801	946	721	130442	0	138910
5271	3655	625	122892	4749	0	131921
5272	2739	607	121980	2507	0	127833
5273	2165	611	120688	1781	0	125245
5274	1855	116535	4926	1569	0	124885
5275	114898	3902	2556	1459	0	122815
5276	4661	1666	110630	1166	0	118123
5277	108458	898	3355	1218	0	113929
5278	4593	812	1746	107211	0	114362
5279	107422	688	1084	3845	0	113039
5280	109399	641	769	2400	0	113209
5281	5279	107474	680	1693	0	115126
5282	111325	3117	524	1503	0	116469
5283	111979	1500	608	1472	0	115559
5284	5463	107886	739	1582	0	115670
5285	3245	3148	700	111468	0	118561
5286	2302	1674	108044	3930	0	115950
5287	1883	903	3156	107683	0	113625
5288	1662	767	1631	110692	0	114752
5289	108442	760	1021	5225	0	115448
5290	4418	635	820	106999	0	112872
5291	2657	108684	777	4468	0	116586
5292	1943	3447	663	108945	0	114998
5293	1571	1789	645	113499	0	117504
5294	1736	1102	105015	5597	0	113450
5295	1701	105107	3224	3273	0	113305
5296	1740	110120	1559	2195	0	115614
5297	104064	4345	997	1806	0	111212
5298	4174	109638	836	1735	0	116383
5299	2576	4114	813	109514	0	117017
5300	2070	2167	106642	4286	0	115165
5301	1675	108332	3522	2636	0	116165
5302	110332	3750	1911	1896	0	117889
5303	4344	2011	1301	110073	0	117729
5304	2532	1243	1000	114161	0	118936
5305	1923	1064	107424	5518	0	115929
5306	1611	933	3500	106859	0	112903
5307	1540	882	1761	110708	0	114891
5308	105442	922	1149	5758	0	113271
5309	97957	739	776	3254	0	102726
5310	5225	94708	742	2241	0	102916
5311	86900	2891	611	1709	0	92111
5312	3956	82731	510	1557	0	88754
5313	2034	3990	477	73488	0	79989
5314	1558	74107	508	3022	0	79195
5315	1316	77318	427	1947	0	81008
5316	71820	2930	785	1325	0	76860
5317	68511	1270	595	1334	0	71710
5318	2733	65877	509	1200	0	70319
5319	66731	2070	574	998	0	70373
5320	66659	1155	372	928	0	69114
5321	68400	744	364	927	0	70435
5322	2964	643	396	67205	0	71208
5323	68104	730	347	2396	0	71577
5324	2552	673	63455	1447	0	68127
5325	63991	615	1837	1010	0	67453
5326	2691	700	63837	850	0	68078
5327	1538	655	1895	64158	0	68246
5328	1122	667	815	67633	0	70237
5329	998	678	64858	2745	0	69279
5330	64801	549	1905	1474	0	68729
5331	67441	546	888	1098	0	69973
5332	2952	568	67836	938	0	72294
5333	1705	490	1866	68158	0	72219
5334	1216	492	919	70216	0	72843
5335	990	495	564	72024	0	74073
5336	69669	410	521	2992	0	73592
5337	70502	484	527	1568	0	73081
5338	2845	455	454	66551	0	70305
5339	1456	62403	417	2207	0	66483
5340	1011	61257	326	1155	0	63749
5341	58230	1990	316	778	0	61314
5342	2069	58520	298	682	0	61569
5343	919	54488	240	521	0	56168
5344	1163	980	324	46788	0	49255
5345	521	371	45238	954	0	47084
5346	408	44389	669	546	0	46012
5347	359	1006	308	44010	0	45683
5348	370	43190	270	702	0	44532
5349	264	716	236	43565	0	44781
5350	43413	206	132	703	0	44454
5351	570	43083	234	452	0	44339
5352	44900	695	113	374	0	46082
5353	44065	203	135	316	0	44719
5354	790	237	42702	181	0	43910
5355	42909	171	479	194	0	43753
5356	735	248	166	44628	0	45777
5357	227	157	44183	715	0	45282
5358	205	43309	481	442	0	44437
5359	195	517	107	45104	0	45923
5360	238	163	96	45497	0	45994
5361	45315	180	76	585	0	46156
5362	650	178	56	44719	0	45603
5363	282	184	73	45435	0	45974
5364	45339	308	61	596	0	46304
5365	578	44050	88	306	0	45022
5366	44858	573	91	239	0	45761
5367	623	340	44070	210	0	45243
5368	41735	264	444	259	0	42702
5369	637	165	45343	308	0	46453
5370	272	44929	598	201	0	46000
5371	47529	621	130	217	0	48497
5372	46712	229	133	275	0	47349
5373	676	292	45705	224	0	46897
5374	398	221	45875	222	0	46716
5375	428	223	48501	143	0	49295
5376	254	49342	714	201	0	50511
5377	402	604	226	52558	0	53790
5378	351	238	57870	663	0	59122
5379	316	217	56303	239	0	57075
5380	298	138	1036	56670	0	58142
5381	264	151	58385	979	0	59779
5382	57898	166	1042	399	0	59505
5383	68979	219	391	319	0	69908
5384	1633	174	66550	312	0	68669
5385	732	66583	1279	606	0	69200
5386	493	1166	533	68807	0	70999
5387	381	508	68232	1401	0	70522
5388	301	68863	1291	680	0	71135
5389	509	1459	525	70575	0	73068
5390	68778	433	343	1210	0	70764
5391	67325	264	182	537	0	68308
5392	1417	68403	199	392	0	70411
5393	680	1123	155	70073	0	72031
5394	366	438	159	70716	0	71679
5395	230	336	147	70347	0	71060
5396	184	155	140	71307	0	71786
5397	200	204	68127	1861	0	70392
5398	160	158	1091	68762	0	70171
5399	204	188	66214	1569	0	68175
5400	126	64683	1179	725	0	66713
5401	65586	1017	456	422	0	67481
5402	981	67066	315	331	0	68693
5403	475	1160	181	68535	0	70351
5404	274	493	148	69287	0	70202
5405	68674	313	92	1500	0	70579
5406	1053	144	124	67709	0	69030
5407	470	65900	171	1318	0	67859
5408	303	994	140	69361	0	70798
5409	139	496	146	69699	0	70480
5410	68728	321	137	1541	0	70727
5411	1110	307	64548	817	0	66782
5412	503	64331	895	528	0	66257
5413	344	67749	377	386	0	68856
5414	267	1225	182	67199	0	68873
5415	66393	570	88	1117	0	68168
5416	946	64979	123	686	0	66734
5417	412	1014	74	67234	0	68734
5418	293	508	64891	1224	0	66916
5419	127	322	951	66537	0	67937
5420	67361	164	393	1372	0	69290
5421	66080	176	328	603	0	67187
5422	1347	205	134	66543	0	68229
5423	67825	195	166	1169	0	69355
5424	66940	212	121	629	0	67902
5425	1488	200	65422	468	0	67578
5426	64434	184	988	317	0	65923
5427	1269	63493	485	400	0	65647
5428	66815	1001	280	307	0	68403
5429	1373	524	64457	261	0	66615
5430	583	301	1056	66214	0	68154
5431	68813	166	503	1272	0	70754
5432	1385	219	63618	613	0	65835
5433	647	193	64564	437	0	65841
5434	478	157	1584	63754	0	65973
5435	308	188	65467	1378	0	67341
5436	65036	156	1504	604	0	67300
5437	1430	205	66969	416	0	69020
5438	599	177	1531	67898	0	70205
5439	449	140	597	70675	0	71861
5440	72346	180	540	1911	0	74977
5441	1684	138	71508	944	0	74274
5442	723	140	75884	541	0	77288
5443	501	119	2101	80458	0	83179
5444	362	142	81456	2188	0	84148
5445	80895	125	2332	767	0	84119
5446	2173	120	838	80976	0	84107
5447	841	124	82025	2185	0	85175
5448	617	107	2222	81626	0	84572
5449	395	138	871	84660	0	86064
5450	84304	143	566	2739	0	87752
5451	2360	202	82730	1094	0	86386
5452	81329	162	2267	692	0	84450
5453	2623	178	85293	642	0	88736
5454	84189	164	2539	513	0	87405
5455	86446	156	913	477	0	87992
5456	85856	125	660	525	0	87166
5457	3000	80988	559	500	0	85047
5458	84837	2026	410	463	0	87736
5459	85421	592	369	505	0	86887
5460	2930	366	341	84274	0	87911
5461	1260	198	82158	2469	0	86085
5462	81657	159	2217	1027	0	85060
5463	2552	132	84232	720	0	87636
5464	1032	130	2495	82723	0	86380
5465	780	129	905	86992	0	88806
5466	85311	143	703	2810	0	88967
5467	2426	85582	498	1299	0	89805
5468	1035	2093	407	86835	0	90370
5469	801	661	406	88145	0	90013
5470	596	469	84419	3087	0	88571
5471	561	209	2191	85296	0	88257
5472	564	168	806	88442	0	89980
5473	545	165	633	85196	0	86539
5474	523	82731	481	3030	0	86765
5475	82108	1946	423	1180	0	85657
5476	82136	581	339	877	0	83933
5477	2655	80423	359	766	0	84203
5478	75934	1793	238	548	0	78513
5479	2217	628	265	77793	0	80903
5480	959	383	79872	2141	0	83355
5481	578	78858	1967	940	0	82343
5482	541	82241	642	683	0	84107
5483	78003	1850	574	317	0	80744
5484	81216	443	322	281	0	82262
5485	2207	261	182	81243	0	83893
5486	732	169	225	83194	0	84320
5487	536	133	177	83983	0	84829
5488	80974	131	251	2468	0	83824
5489	2086	187	78146	860	0	81279
5490	79586	132	1803	595	0	82116
5491	2201	120	555	80343	0	83219
5492	731	131	318	80106	0	81286
5493	493	79185	329	2366	0	82373
5494	489	1748	255	82362	0	84854
5495	373	502	256	84300	0	85431
5496	485	330	80947	2522	0	84284
5497	432	80744	1820	989	0	83985
5498	85582	1820	565	635	0	88602
5499	83440	510	426	534	0	84910
5500	86942	316	307	538	0	88103
5501	87701	229	282	503	0	88715
5502	2669	280	81498	464	0	84911
5503	82674	207	1894	450	0	85225
5504	2443	227	83229	486	0	86385
5505	899	163	2054	81549	0	84665
5506	694	83286	659	2110	0	86749
5507	569	1845	444	85900	0	88758
5508	596	499	331	87674	0	89100
5509	599	391	84978	2531	0	88499
5510	81280	283	1964	986	0	84513
5511	84959	243	615	792	0	86609
5512	2412	80774	557	877	0	84620
5513	1044	1863	82915	631	0	86453
5514	677	575	1963	84485	0	87700
5515	635	410	84262	2334	0	87641
5516	629	371	83681	906	0	85587
5517	611	304	2249	84260	0	87424
5518	655	315	84175	2300	0	87445
5519	671	283	2029	83983	0	86966
5520	801	260	86120	2409	0	89590
5521	637	308	2066	86777	0	89788
5522	87942	234	721	2468	0	91365
5523	88076	228	553	1083	0	89940
5524	87848	265	426	827	0	89366
5525	87147	308	399	748	0	88602
5526	2569	85551	402	783	0	89305
5527	1067	1872	353	87453	0	90745
5528	771	588	346	89606	0	91311
5529	690	473	86163	2649	0	89975
5530	564	334	1804	85542	0	88244
5531	570	299	84939	2495	0	88303
5532	531	332	81513	1073	0	83449
5533	79743	244	2073	830	0	82890
5534	1875	84677	820	954	0	88326
5535	87735	1728	500	600	0	90563
5536	87989	552	406	565	0	89512
5537	2279	87896	404	698	0	91277
5538	90062	1616	335	568	0	92581
5539	2181	539	88858	564	0	92142
5540	741	87155	1568	605	0	90069
5541	89444	1501	578	462	0	91985
5542	1803	502	84505	417	0	87227
5543	79403	253	1021	316	0	80993
5544	1275	80838	455	465	0	83033
5545	82508	1011	345	301	0	84165
5546	81693	325	259	288	0	82565
5547	1290	79462	256	416	0	81424
5548	547	80147	262	305	0	81261
5549	381	83647	279	366	0	84673
5550	283	1208	280	85781	0	87552
5551	266	413	247	86683	0	87609
5552	87133	203	283	1231	0	88850
5553	84689	151	351	583	0	85774
5554	1232	204	84771	427	0	86634
5555	569	248	82462	348	0	83627
5556	416	198	86036	323	0	86973
5557	313	183	1303	86204	0	88003
5558	399	129	89190	1137	0	90855
5559	357	118	1143	88207	0	89825
5560	91171	117	410	1180	0	92878
5561	1276	161	91639	414	0	93490
5562	90302	140	1119	301	0	91862
5563	93090	160	388	287	0	93925
5564	1410	208	94088	302	0	96008
5565	536	95909	1258	410	0	98113
5566	392	1063	428	101347	0	103230
5567	386	391	100074	1279	0	102130
5568	322	247	1321	99412	0	101302
5569	322	163	487	108255	0	109227
5570	106515	177	327	1710	0	108729
5571	1558	168	274	106221	0	108221
5572	641	221	104938	1663	0	107463
5573	444	206	1402	105581	0	107633
5574	107409	165	498	1619	0	109691
5575	1586	106198	473	779	0	109036
5576	110775	1419	372	345	0	112911
5577	1712	504	362	110955	0	113533
5578	866	344	109895	1501	0	112606
5579	605	309	106791	448	0	108153
5580	687	265	104713	469	0	106134
5581	276	101674	1503	352	0	103805
5582	102204	1455	826	181	0	104666
5583	1133	97261	295	212	0	98901
5584	96438	968	152	99	0	97657
5585	975	94957	157	143	0	96232
5586	239	1000	80	97063	0	98382
5587	173	181	122	97615	0	98091
5588	107	148	103	98007	0	98365
5589	105	96112	146	1261	0	97624
5590	135	989	119	103661	0	104904
5591	140	216	104	118742	0	119202
5592	124277	163	96	2068	0	126604
5593	2230	109	107	129960	0	132406
5594	473	245	133397	2456	0	136571
5595	132825	96	2328	584	0	135833
5596	138074	105	500	368	0	139047
5597	2929	135914	373	412	0	139628
5598	140328	2634	190	282	0	143434
5599	143762	537	179	287	0	144765
5600	3486	311	136	141110	0	145043
5601	1041	224	187	144939	0	146391
5602	678	166	142	149212	0	150198
5603	146990	130	189	3824	0	151133
5604	148485	188	162	1198	0	150033
5605	3869	296	143652	629	0	148446
5606	143714	165	2792	509	0	147180
5607	146608	155	611	468	0	147842
5608	147716	163	328	505	0	148712
5609	4093	166	142126	502	0	146887
5610	1369	237	143391	436	0	145433
5611	874	117	3450	143728	0	148169
5612	833	202	145253	3362	0	149650
5613	744	128	3332	141553	0	145757
5614	844	395	1018	134621	0	136878
5615	733	143834	710	3341	0	148618
5616	146827	2997	637	1118	0	151579
5617	3798	772	145874	719	0	151163
5618	147113	415	3291	658	0	151477
5619	4071	351	974	150946	0	156342
5620	147104	328	665	3756	0	151853
5621	4122	143257	611	1446	0	149436
5622	1521	150049	552	1324	0	153446
5623	1293	4051	397	149432	0	155173
5624	1092	1058	387	153491	0	156028
5625	1182	653	147042	4810	0	153687
5626	1045	566	3523	148769	0	153903
5627	144933	302	1089	4397	0	150721
5628	4084	142998	831	1979	0	149892
5629	1913	3454	144570	1232	0	151169
5630	1328	916	3806	145482	0	151532
5631	1270	573	146251	4093	0	152187
5632	979	446	4015	145400	0	150840
5633	928	395	146600	4453	0	152376
5634	882	410	143010	1737	0	146039
5635	758	412	4416	142682	0	148268
5636	144553	637	1623	4209	0	151022
5637	143436	432	1072	1661	0	146601
5638	140768	419	1001	1183	0	143371
5639	4739	135855	824	1333	0	142751
5640	139383	3544	729	936	0	144592
5641	139726	1027	765	969	0	142487
5642	5020	794	132895	1042	0	139751
5643	1856	131916	3526	1162	0	138460
5644	1343	3670	1018	133355	0	139386
5645	133042	1123	731	4042	0	138938
5646	3968	131087	760	1845	0	137660
5647	135901	3720	669	1248	0	141538
5648	137387	1226	634	1184	0	140431
5649	134453	777	736	1085	0	137051
5650	133538	810	714	1072	0	136134
5651	4991	605	750	129000	0	135346
5652	130042	588	750	4171	0	135551
5653	4424	564	766	127295	0	133049
5654	1716	123180	940	4415	0	130251
5655	1366	3275	878	127432	0	132951
5656	126224	844	876	4385	0	132329
5657	4422	599	123524	1694	0	130239
5658	2007	421	3535	124802	0	130765
5659	123652	435	1177	4128	0	129392
5660	4456	120621	877	1722	0	127676
5661	121772	3456	713	1124	0	127065
5662	123429	1002	648	1023	0	126102
5663	4965	120079	695	1012	0	126751
5664	120287	3572	680	833	0	125372
5665	4714	1149	111907	848	0	118618
5666	2149	862	111697	794	0	115502
5667	110226	766	3793	802	0	115587
5668	4535	728	108556	789	0	114608
5669	2232	703	3168	99908	0	106011
5670	1789	102829	1107	3025	0	108750
5671	105046	3113	675	1053	0	109887
5672	4101	102474	719	954	0	108248
5673	2074	105774	679	979	0	109506
5674	1623	3545	586	106374	0	112128
5675	1345	1167	674	106796	0	109982
5676	1285	787	491	105939	0	108502
5677	1177	690	538	105986	0	108391
5678	1169	709	99567	4318	0	105763
5679	1061	591	2853	99815	0	104320
5680	1103	609	970	102208	0	104890
5681	98497	644	666	4063	0	103870
5682	3581	596	601	98646	0	103424
5683	1632	612	94399	3718	0	100361
5684	94366	635	2908	1555	0	99464
5685	3721	600	922	96165	0	101408
5686	1724	602	97875	3348	0	103549
5687	1324	855	3034	95828	0	101041
5688	1258	97104	1211	3103	0	102676
5689	99380	2692	971	1231	0	104274
5690	3446	960	93315	942	0	98663
5691	1242	76374	2064	715	0	80395
5692	70782	1679	932	561	0	73954
5693	1567	62257	483	443	0	64750
5694	602	57169	251	407	0	58429
5695	56266	1305	829	278	0	58678
5696	1077	53150	237	293	0	54757
5697	471	51822	155	294	0	52742
5698	928	1127	280	50899	0	53234
5699	386	352	49994	863	0	51595
5700	250	50789	807	388	0	52234
5701	344	903	165	50128	0	51540
5702	205	48292	110	604	0	49211
5703	49834	535	89	271	0	50729
5704	654	207	48579	229	0	49669
5705	259	160	492	49108	0	50019
5706	51758	97	170	651	0	52676
5707	603	100	98	52165	0	52966
5708	265	131	51884	651	0	52931
5709	49566	101	513	299	0	50479
5710	52151	114	192	181	0	52638
5711	717	54707	150	188	0	55762
5712	267	556	111	56821	0	57755
5713	200	218	115	58253	0	58786
5714	59439	126	98	682	0	60345
5715	57762	142	101	257	0	58262
5716	786	169	57989	134	0	59078
5717	241	55409	531	168	0	56349
5718	59068	429	207	85	0	59789
5719	496	225	64	58271	0	59056
5720	162	115	59197	488	0	59962
5721	106	179	56274	169	0	56728
5722	66	551	386	56336	0	57339
5723	57838	65	214	353	0	58470
5724	300	55011	102	149	0	55562
5725	63769	304	31	76	0	64180
5726	338	75	19	64810	0	65242
5727	111	45	25	65307	0	65488
5728	55	32	22	66352	0	66461
5729	66853	27	29	405	0	67314
5730	297	66793	81	234	0	67405
5731	93	297	26	70499	0	70915
5732	48	79	28	70790	0	70945
5733	47	72	71261	375	0	71755
5734	42	38	299	69903	0	70282
5735	64	41	72431	374	0	72910
5736	36	68107	329	183	0	68655
5737	27	210	67	72461	0	72765
5738	71578	60	21	270	0	71929
5739	282	58	72024	94	0	72458
5740	78	26	229	73187	0	73520
5741	51	44	73254	287	0	73636
5742	70282	19	284	102	0	70687
5743	289	195	75718	52	0	76254
5744	87	28	271	73626	0	74012
5745	76655	12	71	284	0	77022
5746	273	68066	236	160	0	68735
5747	75307	247	24	45	0	75623
5748	274	69450	218	97	0	70039
5749	90	280	17	78158	0	78545
5750	71	139	76585	294	0	77089
5751	67	154	78220	108	0	78549
5752	31	38	308	79561	0	79938
5753	83631	22	99	318	0	84070
5754	82389	12	60	120	0	82581
5755	355	45	25	81569	0	81994
5756	106	23	23	83846	0	83998
5757	82441	16	20	382	0	82859
5758	304	77598	139	211	0	78252
5759	95	83820	76	147	0	84138
5760	87877	384	28	63	0	88352
5761	420	230	86294	69	0	87013
5762	141	86	352	85960	0	86539
5763	93	114	89440	410	0	90057
5764	59	40	374	88081	0	88554
5765	147	82	91405	428	0	92062
5766	91	179	90149	167	0	90586
5767	62	48	461	91803	0	92374
5768	47	84851	414	425	0	85737
5769	95795	362	166	137	0	96460
5770	382	90707	171	141	0	91401
5771	137	426	51	96223	0	96837
5772	97129	126	52	440	0	97747
5773	424	66	51	99464	0	100005
5774	101577	50	54	498	0	102179
5775	100945	48	70	229	0	101292
5776	101612	46	54	119	0	101831
5777	560	93555	120	182	0	94417
5778	102911	383	44	114	0	103452
5779	499	663	42	103230	0	104434
5780	108205	74	49	589	0	108917
5781	579	69	56	110821	0	111525
5782	112019	46	66	880	0	113011
5783	113303	51	62	337	0	113753
5784	919	108723	138	258	0	110038
5785	337	695	44	123287	0	124363
5786	186	230	52	122791	0	123259
5787	124	125989	157	1387	0	127657
5788	143	1299	52	134988	0	136482
5789	133819	414	64	1778	0	136075
5790	141585	178	69	792	0	142624
5791	141987	120	71	372	0	142550
5792	2394	234	144884	206	0	147718
5793	151866	92	1648	213	0	153819
5794	159997	86	580	189	0	160852
5795	161429	58	229	209	0	161925
5796	2804	156236	251	302	0	159593
5797	1079	1793	112	162807	0	165791
5798	578	686	66	165508	0	166838
5799	368	294	67	164602	0	165331
5800	382	266	156496	2886	0	160030
5801	281	134	1881	160228	0	162524
5802	162452	101	697	2513	0	165763
5803	2189	106	310	163725	0	166330
5804	952	87	181	170008	0	171228
5805	630	225	163006	3438	0	167299
5806	387	156371	2442	1643	0	160843
5807	171453	2339	715	648	0	175155
5808	2581	762	331	170873	0	174547
5809	173047	343	237	2739	0	176366
5810	2872	370	168034	1076	0	172352
5811	159906	175	2455	675	0	163211
5812	2773	166978	1010	770	0	171531
5813	1215	2382	169867	501	0	173965
5814	726	963	172036	412	0	174137
5815	517	521	3071	167074	0	171183
5816	531	356	178882	2692	0	182461
5817	372	173945	2863	1348	0	178528
5818	434	2284	911	182745	0	186374
5819	395	854	477	185490	0	187216
5820	410	415	353	187349	0	188527
5821	184294	297	294	3434	0	188319
5822	2489	180594	359	1699	0	185141
5823	1032	2328	280	189301	0	192941
5824	606	861	272	193272	0	195011
5825	186927	434	306	3341	0	191008
5826	2552	182385	431	1714	0	187082
5827	191270	2382	312	877	0	194841
5828	189641	917	297	766	0	191621
5829	188213	471	289	751	0	189724
5830	3647	571	182364	647	0	187229
5831	1583	367	2284	178748	0	182982
5832	973	178387	1045	2718	0	183123
5833	750	185097	590	1363	0	187800
5834	740	3245	343	185601	0	189929
5835	714	184971	489	2652	0	188826
5836	197557	2754	403	1225	0	201939
5837	2828	1251	192097	923	0	197099
5838	190738	603	2458	838	0	194637
5839	200024	481	896	789	0	202190
5840	3665	448	522	199709	0	204344
5841	201560	437	454	2899	0	205350
5842	3213	204648	506	1612	0	209979
5843	217267	2595	388	964	0	221214
5844	218471	1114	436	899	0	220920
5845	232502	740	481	931	0	234654
5846	5032	594	229260	777	0	235663
5847	2339	721	229913	807	0	233780
5848	1545	527	4257	232254	0	238583
5849	1282	224976	1939	4004	0	232201
5850	1154	235594	1085	1855	0	239688
5851	1008	4557	716	238268	0	244549
5852	239046	1813	523	4338	0	245720
5853	4138	1068	456	238525	0	244187
5854	1823	785	563	244150	0	247321
5855	239959	625	648	5469	0	246701
5856	4227	231053	756	3197	0	239233
5857	2066	3761	234223	1754	0	241804
5858	1802	1789	229615	1303	0	234509
5859	242861	912	4536	1080	0	249389
5860	4397	962	1896	238359	0	245614
5861	2027	649	245710	4264	0	252650
5862	1336	592	3932	239796	0	245656
5863	1151	604	1583	245339	0	248677
5864	938	583	1029	251677	0	254227
5865	1002	612	707	247561	0	249882
5866	928	235028	800	5856	0	242612
5867	901	3744	642	247237	0	252524
5868	244008	1443	739	4916	0	251106
5869	4037	235350	892	2762	0	243041
5870	251031	3843	776	1630	0	257280
5871	254631	1671	665	1363	0	258330
5872	255781	1104	680	1300	0	258865
5873	5710	1084	240158	1209	0	248161
5874	246149	738	3725	1255	0	251867
5875	254458	696	1498	1109	0	257761
5876	253140	708	1058	1107	0	256013
5877	254377	582	657	1161	0	256777
5878	5707	244277	694	1459	0	252137
5879	250874	3827	528	1026	0	256255
5880	5154	1805	243257	1001	0	251217
5881	2206	1088	3295	240536	0	247125
5882	1685	895	1258	248227	0	252065
5883	251280	569	888	4555	0	257292
5884	4363	243426	680	2462	0	250931
5885	241706	3191	407	1150	0	246454
5886	4005	240429	593	1020	0	246047
5887	240313	3019	328	541	0	244201
5888	238157	1052	356	519	0	240084
5889	3813	253129	399	873	0	258214
5890	258880	3241	629	372	0	263122
5891	269008	1209	278	423	0	270918
5892	5386	246526	489	639	0	253040
5893	1820	255684	401	533	0	258438
5894	274446	4646	696	339	0	280127
5895	5836	1522	222	280085	0	287665
5896	282550	987	345	5400	0	289282
5897	294016	583	182	1717	0	296498
5898	298995	498	192	1054	0	300739
5899	297922	469	221	687	0	299299
5900	8071	279784	638	863	0	289356
5901	2967	291179	546	796	0	295488
5902	301496	6617	303	494	0	308910
5903	6837	2546	291670	373	0	301426
5904	2357	1231	5206	288167	0	296961
5905	1372	680	1759	301732	0	305543
5906	295768	539	886	7116	0	304309
5907	5899	288556	652	3162	0	298269
5908	2374	5774	370	295155	0	303673
5909	1455	2021	284	304116	0	307876
5910	298146	1070	289	7998	0	307503
5911	6542	758	233	300278	0	307811
5912	299380	641	312	7338	0	307671
5913	299497	710	335	2815	0	303357
5914	300743	659	308	1733	0	303443
5915	9113	591	311	295965	0	305980
5916	3764	602	291	300394	0	305051
5917	2522	738	309696	8348	0	321304
5918	2071	1036	304180	3403	0	310690
5919	311328	493	9766	1894	0	323481
5920	8726	516	3652	324734	0	337628
5921	4035	678	339626	8878	0	353217
5922	2591	829	342120	3673	0	349213
5923	1846	616	12216	343536	0	358214
5924	2113	821	341042	10398	0	354374
5925	1614	749	10890	338603	0	351856
5926	1585	701	4504	349187	0	355977
5927	1785	695	341910	13905	0	358295
5928	1672	613	9935	345178	0	357398
5929	1622	716	4329	351094	0	357761
5930	1640	616	2226	360868	0	365350
5931	1917	986	338120	15696	0	356719
5932	1722	752	9696	354854	0	367024
5933	350412	609	4042	13420	0	368483
5934	11056	342215	2493	6747	0	362511
5935	356972	9806	1421	3822	0	372021
5936	13246	4213	341128	2557	0	361144
5937	350384	2040	10323	2373	0	365120
5938	356905	1279	4618	2091	0	364893
5939	358009	1305	2894	2076	0	364284
5940	16811	1123	2040	343632	0	363606
5941	7635	1111	1895	356342	0	366983
5942	4827	1233	314404	15618	0	336082
5943	308992	692	10303	7358	0	327345
5944	12341	311281	5002	4865	0	333489
5945	5415	299741	2857	3623	0	311636
5946	3467	312650	2188	3221	0	321526
5947	3747	13247	2311	301848	0	321153
5948	297346	5188	1723	11414	0	315671
5949	301896	2500	1889	5958	0	312243
5950	14005	1809	286881	4189	0	306884
5951	6655	1355	9799	291147	0	308956
5952	4152	1270	4640	300678	0	310740
5953	3390	1510	285459	14696	0	305055
5954	3210	1525	279747	7750	0	292232
5955	280929	1029	12893	4932	0	299783
5956	11039	280271	6066	4189	0	301565
5957	290800	9196	3179	3652	0	306827
5958	296161	4014	2474	3150	0	305799
5959	14966	2435	2096	283366	0	302863
5960	7750	1532	1856	295316	0	306454
5961	283167	1400	1970	14531	0	301068
5962	12538	1315	1809	283909	0	299571
5963	6755	1268	2016	289418	0	299457
5964	280785	1083	2232	15502	0	299602
5965	12322	1110	1988	284966	0	300386
5966	283689	1033	2078	13965	0	300765
5967	289921	1029	2390	7643	0	300983
5968	15173	1234	271439	5382	0	293228
5969	279846	1205	10464	4466	0	295981
5970	282166	1259	5382	4194	0	293001
5971	283128	1163	3535	4213	0	292039
5972	16390	1446	246939	4277	0	269052
5973	262722	998	9782	4077	0	277579
5974	13235	258567	4938	4313	0	281053
5975	269822	8895	3410	4190	0	286317
5976	275259	3728	2780	4244	0	286011
5977	15456	1911	2510	266390	0	286267
5978	8327	1180	2381	270166	0	282054
5979	5620	263626	2377	15325	0	286948
5980	5078	9336	1951	271394	0	287759
5981	4689	4267	2095	280254	0	291305
5982	269628	2261	2231	16061	0	290181
5983	13374	1506	1925	269548	0	286353
5984	7832	1309	1791	274465	0	285397
5985	5726	1209	1950	271018	0	279903
5986	4939	250892	2088	17215	0	275134
5987	247005	9454	2226	8928	0	267613
5988	12806	249509	2126	6433	0	270874
5989	230669	9893	1967	4400	0	246929
5990	12983	4264	213482	4035	0	234764
5991	208192	2371	8366	3566	0	222495
5992	12094	1593	201243	3738	0	218668
5993	6645	197116	9329	3500	0	216590
5994	185898	7417	6578	3057	0	202950
5995	178699	3515	2660	2964	0	187838
5996	10775	170862	1802	2982	0	186421
5997	6098	170541	1696	2679	0	181014
5998	164048	7924	1804	2400	0	176176
5999	167067	3903	1211	2398	0	174579
6000	10155	2196	1148	161311	0	174810
6001	5846	1768	1011	167855	0	176480
6002	4284	1589	154817	9546	0	170236
6003	156729	1519	5456	5095	0	168799
6004	8308	1448	2766	155216	0	167738
6005	5011	155189	1862	7461	0	169523
6006	4033	5625	970	158925	0	169553
6007	3103	3073	906	162859	0	169941
6008	2957	2023	149336	9739	0	164055
6009	2684	1768	5310	157412	0	167174
6010	150803	1535	2637	8488	0	163463
6011	7032	146046	1699	4907	0	159684
6012	4329	149014	1101	3157	0	157601
6013	148236	7475	952	2176	0	158839
6014	148347	3863	914	2097	0	155221
6015	146146	2343	1038	1689	0	151216
6016	9733	137209	1140	1864	0	149946
6017	3405	116246	588	1210	0	121449
6018	121814	4815	664	890	0	128183
6019	123079	2446	675	961	0	127161
6020	6319	115689	672	1126	0	123806
6021	1345	93961	198	639	0	96143
6022	92549	2921	425	522	0	96417
6023	3041	1060	126	91007	0	95234
6024	92152	600	116	2672	0	95540
6025	3066	473	110	89663	0	93312
6026	1241	89955	219	2702	0	94117
6027	863	90779	165	973	0	92780
6028	93474	3389	269	604	0	97736
6029	97036	1108	255	442	0	98841
6030	97661	665	140	409	0	98875
6031	4163	93339	206	438	0	98146
6032	1297	2841	82807	278	0	87223
6033	632	86682	2096	327	0	89737
6034	85613	2861	850	241	0	89565
6035	84974	778	331	282	0	86365
6036	3184	539	78462	137	0	82322
6037	971	77599	2179	269	0	81018
6038	797	2487	498	79610	0	83392
6039	484	692	213	77950	0	79339
6040	406	74683	282	2485	0	77856
6041	488	2428	75447	692	0	79055
6042	78384	717	2103	337	0	81541
6043	2540	469	539	80306	0	83854
6044	80610	328	313	2421	0	83672
6045	82726	298	199	729	0	83952
6046	3074	391	154	82601	0	86220
6047	1152	335	181	88826	0	90494
6048	746	343	198	90550	0	91837
6049	578	379	145	91840	0	92942
6050	88262	366	159	3912	0	92699
6051	90175	318	146	1422	0	92061
6052	3852	425	86966	731	0	91974
6053	1460	319	2606	87901	0	92286
6054	900	318	745	91191	0	93154
6055	666	304	361	92601	0	93932
6056	636	327	86481	4086	0	91530
6057	689	295	2652	87547	0	91183
6058	85583	258	829	3553	0	90223
6059	3174	273	438	86862	0	90747
6060	1290	365	84550	3559	0	89764
6061	789	344	2762	86270	0	90165
6062	690	386	84304	3538	0	88918
6063	86636	318	2962	1392	0	91308
6064	3304	245	918	88142	0	92609
6065	88178	269	498	3446	0	92391
6066	88489	297	312	1435	0	90533
6067	3943	321	282	86790	0	91336
6068	88123	293	306	3575	0	92297
6069	3770	339	290	86278	0	90677
6070	1484	88594	351	3476	0	93905
6071	94341	2924	292	1296	0	98853
6072	96013	892	306	945	0	98156
6073	97237	548	235	804	0	98824
6074	4654	382	250	94224	0	99510
6075	1759	355	238	96521	0	98873
6076	1100	332	232	98199	0	99863
6077	951	423	88495	4761	0	94630
6078	899	88143	2952	2010	0	94004
6079	844	2976	723	88484	0	93027
6080	911	895	85147	3562	0	90515
6081	85296	483	2905	1385	0	90069
6082	3379	330	886	86465	0	91060
6083	1351	307	83450	3658	0	88766
6084	86274	243	2899	1521	0	90937
6085	3496	242	868	87733	0	92339
6086	1376	227	558	89975	0	92136
6087	962	227	375	91593	0	93157
6088	88912	222	319	4480	0	93933
6089	90244	196	401	1890	0	92731
6090	88981	228	383	1279	0	90871
6091	4049	82628	472	1058	0	88207
6092	1490	85658	426	923	0	88497
6093	86901	3074	284	849	0	91108
6094	3496	967	84338	903	0	89704
6095	1387	694	2594	84523	0	89198
6096	1035	255	876	88458	0	90624
6097	85468	209	479	3879	0	90035
6098	83553	221	320	1649	0	85743
6099	3579	82258	348	1178	0	87363
6100	1552	2521	316	84185	0	88574
6101	1134	772	81232	3260	0	86398
6102	936	426	83208	1515	0	86085
6103	789	249	3090	83441	0	87569
6104	752	244	1015	87490	0	89501
6105	84181	221	549	4089	0	89040
6106	3144	222	445	85873	0	89684
6107	87638	233	414	3716	0	92001
6108	89134	214	397	1621	0	91366
6109	3862	221	86156	1180	0	91419
6110	87307	163	2570	1022	0	91062
6111	88727	180	912	994	0	90813
6112	88505	154	590	1027	0	90276
6113	3833	84550	514	1017	0	89914
6114	1554	87232	416	989	0	90191
6115	1053	3328	349	87034	0	91764
6116	1023	974	83778	3247	0	89022
6117	825	80721	2332	1538	0	85416
6118	879	2069	651	75604	0	79203
6119	798	521	463	74015	0	75797
6120	706	72863	322	2326	0	76217
6121	75017	1777	413	1067	0	78274
6122	76510	573	237	846	0	78166
6123	2713	431	75936	681	0	79761
6124	75769	218	1628	628	0	78243
6125	2368	246	74318	643	0	77575
6126	69189	256	1661	593	0	71699
6127	2226	251	70464	554	0	73495
6128	952	66626	1540	523	0	69641
6129	978	1132	609	65639	0	68358
6130	548	372	363	67570	0	68853
6131	67034	235	258	1617	0	69144
6132	67474	125	281	879	0	68759
6133	66803	150	199	681	0	67833
6134	1790	189	66628	547	0	69154
6135	919	173	1136	67069	0	69297
6136	649	190	488	69452	0	70779
6137	68360	169	358	1640	0	70527
6138	1393	67319	289	908	0	69909
6139	73413	1077	279	611	0	75380
6140	1574	456	199	74881	0	77110
6141	791	295	215	77602	0	78903
6142	672	256	169	77688	0	78785
6143	491	228	170	78722	0	79611
6144	470	230	176	78645	0	79521
6145	529	73353	229	1904	0	76015
6146	434	72336	203	795	0	73768
6147	289	69560	150	381	0	70380
6148	280	930	134	71091	0	72435
6149	310	281	68612	748	0	69951
6150	63759	182	704	276	0	64921
6151	709	70497	213	298	0	71717
6152	359	576	191	72030	0	73156
6153	248	186	137	73436	0	74007
6154	74669	143	120	777	0	75709
6155	72684	90	97	385	0	73256
6156	73514	104	95	306	0	74019
6157	920	95	80	80056	0	81151
6158	455	88	81597	876	0	83016
6159	337	108	86183	392	0	87020
6160	233	71	822	87793	0	88919
6161	254	107	89081	877	0	90319
6162	85201	66	802	375	0	86444
6163	817	80	224	88955	0	90076
6164	390	92	89150	811	0	90443
6165	270	91	655	87097	0	88113
6166	266	98	94042	911	0	95317
6167	229	141	99651	354	0	100375
6168	171	275	859	107764	0	109069
6169	204	126	117208	1091	0	118629
6170	189	173	113633	386	0	114381
6171	73	102335	2052	417	0	104877
6172	441	1276	596	117893	0	120206
6173	125339	370	272	1238	0	127219
6174	1210	204	95	125007	0	126516
6175	445	77	63	130141	0	130726
6176	279	109	127149	1751	0	129288
6177	119272	43	1300	750	0	121365
6178	1281	42	446	132605	0	134374
6179	476	32	201	135827	0	136536
6180	134597	26	144	1755	0	136522
6181	1316	30	86	136028	0	137460
6182	138618	31	91	1615	0	140355
6183	137619	33	103	689	0	138444
6184	138258	38	88	396	0	138780
6185	1822	131603	200	305	0	133930
6186	139621	1152	75	183	0	141031
6187	1474	134904	168	245	0	136791
6188	604	1333	62	139511	0	141510
6189	141613	482	87	1330	0	143512
6190	1357	136708	135	788	0	138988
6191	142790	1326	84	324	0	144524
6192	1463	137540	150	465	0	139618
6193	139314	1469	78	182	0	141043
6194	1536	131667	280	261	0	133744
6195	621	140456	117	268	0	141462
6196	391	149985	109	389	0	150874
6197	250	1896	62	147887	0	150095
6198	200	150912	111	1350	0	152573
6199	211	1541	60	153670	0	155482
6200	226	707	47	154645	0	155625
6201	210	329	67	155274	0	155880
6202	190	211	41	156605	0	157047
6203	154978	180	87	2183	0	157428
6204	155791	145	91	1000	0	157027
6205	2074	230	152108	484	0	154896
6206	159691	156	1370	358	0	161575
6207	170052	138	528	281	0	170999
6208	178900	165	272	244	0	179581
6209	3258	287	176792	213	0	180550
6210	1177	349	177539	215	0	179280
6211	177952	164	3132	236	0	181484
6212	3293	452	184634	249	0	188628
6213	973	188456	3189	422	0	193040
6214	719	3191	810	200304	0	205024
6215	206062	866	515	3285	0	210728
6216	207140	445	350	1081	0	209016
6217	208381	261	348	616	0	209606
6218	4494	206	314	206312	0	211326
6219	1524	193	262	212633	0	214612
6220	1002	368	208273	4414	0	214057
6221	706	395	3269	212059	0	216429
6222	639	292	932	220334	0	222197
6223	216230	179	592	4788	0	221789
6224	4018	213127	434	1752	0	219331
6225	221909	3598	312	963	0	226782
6226	4349	1013	277	221098	0	226737
6227	220705	526	309	4252	0	225792
6228	219888	292	404	1497	0	222081
6229	210309	292	430	1059	0	212090
6230	4852	209570	451	907	0	215780
6231	1888	217021	412	762	0	220083
6232	1231	4416	329	219707	0	225683
6233	220318	1290	395	4133	0	226136
6234	4263	722	334	216705	0	222024
6235	1657	466	329	221740	0	224192
6236	1367	510	215098	5091	0	222066
6237	1017	489	3486	216481	0	221473
6238	984	456	1000	218557	0	220997
6239	844	430	581	218935	0	220790
6240	1131	432	210823	5613	0	217999
6241	1104	526	203904	2341	0	207875
6242	924	204376	4310	1767	0	211377
6243	212617	3723	1375	1169	0	218884
6244	4398	1230	756	212345	0	218729
6245	1820	734	211738	4611	0	218903
6246	1352	488	3609	211572	0	217021
6247	1093	447	1132	227636	0	230308
6248	224510	341	769	5359	0	230979
6249	223727	423	663	2091	0	226904
6250	5084	217536	729	1696	0	225045
6251	223466	3816	639	1159	0	229080
6252	223306	1215	671	1087	0	226279
6253	5300	845	680	219847	0	226672
6254	2382	780	214760	4538	0	222460
6255	1528	212020	3826	2212	0	219586
6256	220966	3939	1106	1381	0	227392
6257	222360	1314	674	1251	0	225599
6258	5409	218206	636	1380	0	225631
6259	2347	3910	417	229237	0	235911
6260	236283	1134	473	5441	0	243331
6261	238568	740	543	2204	0	242055
6262	6249	626	581	237725	0	245181
6263	243388	636	661	5851	0	250536
6264	254006	552	526	2332	0	257416
6265	255908	592	549	1784	0	258833
6266	7900	1026	245326	1527	0	255779
6267	2954	241789	5023	1562	0	251328
6268	2163	248495	1353	1457	0	253468
6269	238136	5841	975	1156	0	246108
6270	6221	236159	597	1419	0	244396
6271	2551	5868	231125	1045	0	240589
6272	1982	1616	4848	234593	0	243039
6273	234857	1035	1233	5909	0	243034
6274	6336	906	827	232600	0	240669
6275	235750	835	589	6303	0	243477
6276	238168	804	520	2076	0	241568
6277	235483	782	618	1681	0	238564
6278	7274	224165	870	1573	0	233882
6279	2535	240338	840	1613	0	245326
6280	244729	6038	570	1450	0	252787
6281	244452	1817	606	1467	0	248342
6282	244796	1150	572	1332	0	247850
6283	7682	904	561	238907	0	248054
6284	237495	799	579	6173	0	245046
6285	6744	228457	715	2282	0	238198
6286	2690	239719	602	1763	0	244774
6287	2179	6246	525	239676	0	248626
6288	2218	1958	232233	6271	0	242680
6289	2104	1521	230314	2114	0	236053
6290	1985	931	5727	235211	0	243854
6291	2103	1064	234844	6285	0	244296
6292	1891	1063	5537	237354	0	245845
6293	241101	979	1370	6485	0	249935
6294	6739	987	925	239711	0	248362
6295	237145	832	831	6563	0	245371
6296	6777	224645	906	2376	0	234704
6297	3035	5779	229902	1571	0	240287
6298	2058	1804	5396	226009	0	235267
6299	1787	1369	1439	239419	0	244014
6300	1830	1149	231598	7170	0	241747
6301	1832	943	5311	226292	0	234378
6302	1823	233817	1570	6368	0	243578
6303	1974	5583	969	240073	0	248599
6304	1857	1611	804	244886	0	249158
6305	1755	1133	669	252025	0	255582
6306	1982	923	241929	8661	0	253495
6307	1649	1009	224019	2834	0	229511
6308	210264	613	6497	1757	0	219131
6309	6512	719	208728	1335	0	217294
6310	1808	204935	5603	1209	0	213555
6311	212392	4889	1455	900	0	219636
6312	5455	208100	994	981	0	215530
6313	207090	5084	1710	757	0	214641
6314	209149	1211	674	822	0	211856
6315	206756	805	501	772	0	208834
6316	206925	679	530	742	0	208876
6317	5879	195433	702	881	0	202895
6318	2028	199168	588	894	0	202678
6319	202774	5033	626	647	0	209080
6320	5570	1598	193501	730	0	201399
6321	1912	1197	4268	191267	0	198644
6322	1481	696	1106	199792	0	203075
6323	1419	748	192902	5192	0	200261
6324	181308	735	4406	1608	0	188057
6325	197339	734	1178	1034	0	200285
6326	195926	722	773	874	0	198295
6327	6032	189261	724	987	0	197004
6328	202527	4682	773	778	0	208760
6329	5699	1455	709	194975	0	202838
6330	2114	207510	846	4507	0	214977
6331	219525	5207	730	1490	0	226952
6332	223334	1703	653	1206	0	226896
6333	237732	1183	717	951	0	240583
6334	8016	974	682	232226	0	241898
6335	3400	828	609	235328	0	240165
6336	2182	221778	793	7327	0	232080
6337	1993	5840	224838	2566	0	235237
6338	1836	1912	5384	230007	0	239139
6339	1835	1258	1755	233876	0	238724
6340	1679	969	1060	243535	0	247243
6341	1720	874	233467	8132	0	244193
6342	228192	845	5847	3194	0	238078
6343	6836	885	1757	241856	0	251334
6344	2814	888	240530	6946	0	251178
6345	1910	770	6263	240497	0	249440
6346	245448	729	2012	7620	0	255809
6347	7215	238473	1488	3206	0	250382
6348	2614	6652	1094	250585	0	260945
6349	1968	2192	246085	7798	0	258043
6350	236443	1249	6792	3021	0	247505
6351	251679	956	2263	2169	0	257067
6352	9045	875	244817	1819	0	256556
6353	3551	1058	6816	229228	0	240653
6354	2123	239116	2480	6560	0	250279
6355	249868	6707	1653	2574	0	260802
6356	7876	2251	242164	1917	0	254208
6357	238756	1481	7312	1758	0	249307
6358	8551	960	236104	1494	0	247109
6359	3645	876	223336	1373	0	229230
6360	215143	994	7497	1510	0	225144
6361	6485	219740	2941	1739	0	230905
6362	3334	5915	217748	1392	0	228389
6363	1774	213563	6078	1469	0	222884
6364	2017	5661	207553	1292	0	216523
6365	1266	208128	5572	1188	0	216154
6366	205017	5287	2433	1157	0	213894
6367	5294	1828	199566	1084	0	207772
6368	2214	1152	197186	1030	0	201582
6369	1521	1065	193041	927	0	196554
6370	192670	1005	6406	754	0	200835
6371	198137	515	2456	746	0	201854
6372	5599	584	1435	191966	0	199584
6373	2383	641	201072	4460	0	208556
6374	1723	706	201682	1851	0	205962
6375	203408	568	5724	1040	0	210740
6376	4899	590	2409	207897	0	215795
6377	208077	501	1650	4483	0	214711
6378	209962	480	1355	1740	0	213537
6379	6129	542	1131	195862	0	203664
6380	2725	194285	1187	4580	0	202777
6381	1855	4173	1163	200277	0	207468
6382	1419	1650	1144	204403	0	208616
6383	1425	1044	197572	5761	0	205802
6384	1290	189266	4947	2640	0	198143
6385	1322	198571	2293	1508	0	203694
6386	1243	5514	1545	195609	0	203911
6387	1144	2423	194112	4445	0	202124
6388	1105	187411	5242	2216	0	195974
6389	1241	4675	193783	1336	0	201035
6390	191904	1838	5522	1074	0	200338
6391	200934	1230	2561	1060	0	205785
6392	6073	1030	194781	924	0	202808
6393	194836	762	5282	933	0	201813
6394	5608	809	2462	197613	0	206492
6395	2631	204823	1946	4555	0	213955
6396	1898	4485	1603	215208	0	223194
6397	208960	1741	1511	5090	0	217302
6398	211707	1059	1499	2230	0	216495
6399	210729	973	1523	1430	0	214655
6400	208022	801	1344	1156	0	211323
6401	6699	196838	1497	1275	0	206309
6402	2872	198821	1460	1384	0	204537
6403	202760	4973	1376	1070	0	210179
6404	5441	2088	198368	2512	0	208409
6405	2473	3596	4263	197693	0	208025
6406	1649	209117	2148	4108	0	217022
6407	1433	4445	1393	209301	0	216572
6408	1035	213403	1322	4708	0	220468
6409	1082	5110	1185	221394	0	228771
6410	1165	2182	217101	5164	0	225612
6411	217768	1234	5104	2130	0	226236
6412	226376	910	2367	1311	0	230964
6413	6445	1178	218182	883	0	226688
6414	221251	930	5257	828	0	228266
6415	226731	825	2393	858	0	230807
6416	6929	892	217810	829	0	226460
6417	2973	760	5359	215420	0	224512
6418	222733	674	2527	4843	0	230777
6419	5912	786	217714	2060	0	226472
6420	2782	810	5277	213162	0	222031
6421	2016	833	223423	4980	0	231252
6422	1774	1082	216934	2219	0	222009
6423	221181	848	6525	1353	0	229907
6424	232709	846	2639	1055	0	237249
6425	233103	714	1534	996	0	236347
6426	239054	802	1291	891	0	242038
6427	7417	829	1136	230510	0	239892
6428	3228	215231	1297	5101	0	224857
6429	1994	226550	1184	2350	0	232078
6430	1261	5848	870	215304	0	223283
6431	215791	1794	985	4526	0	223096
6432	5336	206629	1041	1864	0	214870
6433	1655	203373	772	882	0	206682
6434	205412	4935	726	603	0	211676
6435	4936	1771	577	203384	0	210668
6436	206064	707	661	4541	0	211973
6437	5012	198997	720	1647	0	206376
6438	208719	4397	649	876	0	214641
6439	5604	1388	212658	632	0	220282
6440	238376	984	5379	764	0	245503
6441	251755	515	1386	617	0	254273
6442	258262	582	1059	626	0	260529
6443	9223	935	241824	650	0	252632
6444	246948	738	5897	637	0	254220
6445	7452	241394	2132	951	0	251929
6446	2773	5953	243451	483	0	252660
6447	2436	2582	6049	234951	0	246018
6448	1616	1229	1951	235275	0	240071
6449	1234	234091	1146	6984	0	243455
6450	1169	5789	674	242083	0	249715
6451	1064	1880	614	247998	0	251556
6452	1095	1099	234402	7918	0	244514
6453	225451	624	6118	2832	0	235025
6454	6600	595	238641	1432	0	247268
6455	2295	469	6488	237294	0	246546
6456	1677	523	239819	6378	0	248397
6457	1080	375	6756	241626	0	249837
6458	247858	359	2414	7091	0	257722
6459	257593	379	1401	2529	0	261902
6460	8596	433	961	255486	0	265476
6461	3286	452	257499	7419	0	268656
6462	1934	340	6818	262008	0	271100
6463	1626	548	254397	7890	0	264461
6464	249699	408	7339	2853	0	260299
6465	259882	499	2347	1841	0	264569
6466	257306	565	1388	1355	0	260614
6467	252958	655	1070	1203	0	255886
6468	9347	238765	1011	1385	0	250508
6469	3627	6595	820	249935	0	260977
6470	243601	2147	876	7466	0	254090
6471	7652	237003	1079	2859	0	248593
6472	3064	245097	1062	1891	0	251114
6473	2339	8149	227006	1306	0	238800
6474	231774	2472	6930	1097	0	242273
6475	241834	1345	2423	1000	0	246602
6476	9863	991	228420	907	0	240181
6477	4161	709	7261	227282	0	239413
6478	2714	632	2568	239858	0	245772
6479	2388	611	231569	8876	0	243444
6480	2017	670	7509	230958	0	241154
6481	234487	627	2956	8232	0	246302
6482	8529	712	227603	2990	0	239834
6483	3525	676	234365	1952	0	240518
6484	230320	646	9007	1564	0	241537
6485	8500	944	231969	1519	0	242932
6486	231729	732	8205	1381	0	242047
6487	8692	226213	3230	1657	0	239792
6488	237370	7008	1864	1372	0	247614
6489	8930	2342	1511	232283	0	245066
6490	3654	1462	1282	240361	0	246759
6491	235465	1180	1252	9315	0	247212
6492	8401	1169	1224	235568	0	246362
6493	235241	926	1148	8784	0	246099
6494	8761	231517	1289	3511	0	245078
6495	3883	7214	1184	220385	0	232666
6496	2792	2499	1196	232017	0	238504
6497	225346	1496	1213	9392	0	237447
6498	227079	995	1150	3800	0	233024
6499	226551	825	1171	2651	0	231198
6500	10499	211005	1375	2210	0	225089
6501	4695	219779	1290	1953	0	227717
6502	221617	7997	1173	1627	0	232414
6503	9313	2928	208258	1555	0	222054
6504	4179	206852	6996	1588	0	219615
6505	197987	6702	3885	1557	0	210131
6506	192530	2002	1546	1098	0	197176
6507	191889	1158	1176	958	0	195181
6508	8608	938	984	182551	0	193081
6509	186467	730	868	5844	0	193909
6510	186086	827	829	2224	0	189966
6511	8310	803	765	177274	0	187152
6512	180609	687	826	6242	0	188364
6513	7302	810	167549	2561	0	178222
6514	3460	773	5160	173748	0	183141
6515	2380	873	1965	179188	0	184406
6516	2068	566	1406	184294	0	188334
6517	178048	587	906	8164	0	187705
6518	183150	573	871	3716	0	188310
6519	185489	644	912	2425	0	189470
6520	184920	373	844	2168	0	188305
6521	178659	353	957	1721	0	181690
6522	8718	423	1055	168010	0	178206
6523	4352	437	795	174452	0	180036
6524	167034	415	1031	7214	0	175694
6525	6675	159050	866	3404	0	169995
6526	165814	4762	899	1981	0	173456
6527	7085	1634	153305	1691	0	163715
6528	165976	938	4824	1200	0	172938
6529	178341	807	1664	1239	0	182051
6530	8567	730	179979	1327	0	190603
6531	187320	512	6274	1048	0	195154
6532	8513	559	186615	1356	0	197043
6533	4219	464	197375	869	0	202927
6534	3299	1262	8421	192752	0	205734
6535	2445	529	3213	209139	0	215326
6536	2407	546	200871	8755	0	212579
6537	2254	698	201835	3865	0	208652
6538	1464	190637	8502	2760	0	203363
6539	1404	189853	3312	2203	0	196772
6540	156566	5844	2428	867	0	165705
6541	4864	160722	1154	773	0	167513
6542	155048	4999	1146	645	0	161838
6543	5063	150327	668	785	0	156843
6544	152578	4796	756	464	0	158594
6545	5350	1955	142111	463	0	149879
6546	146245	1208	4147	423	0	152023
6547	5492	798	1422	142388	0	150100
6548	2220	143962	1013	3975	0	151170
6549	1731	4332	627	150129	0	156819
6550	148669	1591	513	4883	0	155656
6551	152447	980	401	1898	0	155726
6552	5988	641	451	147751	0	154831
6553	2612	540	144030	4761	0	151943
6554	1746	487	142643	1795	0	146671
6555	1070	141709	5277	1180	0	149236
6556	1073	5673	1959	144176	0	152881
6557	1150	1585	141543	4487	0	148765
6558	707	126791	4493	1671	0	133662
6559	1251	4046	1604	129573	0	136474
6560	439	1342	876	133656	0	136313
6561	121616	745	769	4808	0	127938
6562	3568	585	623	122659	0	127435
6563	1432	502	118264	4698	0	124896
6564	878	426	3493	120729	0	125526
6565	117552	436	1413	4470	0	123871
6566	3810	474	116532	1942	0	122758
6567	115582	359	3515	1332	0	120788
6568	4312	115452	1542	1459	0	122765
6569	122858	3465	1032	764	0	128119
6570	125003	1246	789	618	0	127656
6571	5076	747	698	117870	0	124391
6572	2368	492	517	121510	0	124887
6573	1371	115285	589	4973	0	122218
6574	1046	3618	494	122078	0	127236
6575	118388	1419	473	4720	0	125000
6576	4122	991	115366	2007	0	122486
6577	1895	740	3353	116761	0	122749
6578	1216	114375	1463	4160	0	121214
6579	940	3765	949	118360	0	124014
6580	725	1657	623	123217	0	126222
6581	117604	1091	437	5271	0	124403
6582	3925	114387	493	2505	0	121310
6583	1816	3642	536	116709	0	122703
6584	114743	1491	522	4410	0	121166
6585	4140	1018	460	115244	0	120862
6586	1839	702	464	119093	0	122098
6587	115936	529	417	5620	0	122502
6588	117072	398	386	2879	0	120735
6589	5187	536	111291	1804	0	118818
6590	113364	497	3419	1427	0	118707
6591	117224	447	1394	1228	0	120293
6592	117239	472	969	987	0	119667
6593	5731	105999	752	1063	0	113545
6594	2724	108615	636	887	0	112862
6595	1941	4424	568	108628	0	115561
6596	108904	1893	586	3934	0	115317
6597	111701	1219	494	1834	0	115248
6598	5283	807	423	107494	0	114007
6599	2703	713	107562	4239	0	115217
6600	110963	584	3284	2005	0	116836
6601	117330	628	1344	1421	0	120723
6602	5197	575	936	111809	0	118517
6603	2649	470	611	116257	0	119987
6604	114194	471	457	5134	0	120256
6605	4629	422	421	112322	0	117794
6606	2244	110261	564	4821	0	117890
6607	1793	3442	500	116192	0	121927
6608	115027	1421	378	4617	0	121443
6609	4532	948	110943	2296	0	118719
6610	109461	626	3379	1826	0	115292
6611	4745	524	110561	1437	0	117267
6612	2247	508	3796	111481	0	118032
6613	113839	457	1506	4361	0	120163
6614	4395	443	1001	113836	0	119675
6615	2157	418	730	116562	0	119867
6616	112507	342	664	5550	0	119063
6617	4498	349	109747	2695	0	117289
6618	2195	410	115484	1845	0	119934
6619	1502	406	4383	114320	0	120611
6620	1253	312	1944	119609	0	123118
6621	1105	295	1161	122292	0	124853
6622	1080	380	116541	5802	0	123803
6623	114588	275	3497	2923	0	121283
6624	122304	270	1541	1991	0	126106
6625	123071	282	1126	1458	0	125937
6626	121586	249	758	1261	0	123854
6627	5676	113705	626	1284	0	121291
6628	2747	114741	562	1290	0	119340
6629	1687	110055	499	1063	0	113304
6630	931	2807	344	89878	0	93960
6631	827	979	258	89044	0	91108
6632	830	227	81657	2373	0	85087
6633	389	67695	953	617	0	69654
6634	793	886	209	63056	0	64944
6635	60292	153	143	694	0	61282
6636	431	59863	147	421	0	60862
6637	195	428	68	59711	0	60402
6638	160	59446	80	562	0	60248
6639	61970	376	220	232	0	62798
6640	474	133	96	60914	0	61617
6641	243	98	61136	530	0	62007
6642	195	117	61061	235	0	61608
6643	155	824	648	63080	0	64707
6644	95	66	370	62679	0	63210
6645	86	42	107	65672	0	65907
6646	64675	46	80	823	0	65624
6647	673	85	62993	332	0	64083
6648	234	60558	526	297	0	61615
6649	238	440	124	62422	0	63224
6650	145	165	61967	516	0	62793
6651	58	60143	533	308	0	61042
6652	186	634	128	64143	0	65091
6653	61	140	63853	588	0	64642
6654	34	56	442	62667	0	63199
6655	25	40	119	64682	0	64866
6656	64918	19	74	596	0	65607
6657	64523	14	42	220	0	64799
6658	586	17	38	64574	0	65215
6659	65012	18	34	555	0	65619
6660	635	40	64648	193	0	65516
6661	165	28	536	65639	0	66368
6662	117	37	67164	667	0	67985
6663	70	98	591	68209	0	68968
6664	50	65887	215	790	0	66942
6665	47	68685	145	274	0	69151
6666	47	70436	78	169	0	70730
6667	45	827	55	73442	0	74369
6668	36	212	52	80405	0	80705
6669	76	151	79304	976	0	80507
6670	118	197	80932	295	0	81542
6671	94	167	86070	154	0	86485
6672	88587	43	1061	122	0	89813
6673	929	80	237	95074	0	96320
6674	97143	36	124	1136	0	98439
6675	1238	99569	136	313	0	101256
6676	301	1529	68	102595	0	104493
6677	104717	469	75	1612	0	106873
6678	1650	245	74	105269	0	107238
6679	105514	106	64	1928	0	107612
6680	1917	217	103627	672	0	106433
6681	600	105164	1555	430	0	107749
6682	354	1575	474	110158	0	112561
6683	110144	496	302	1753	0	112695
6684	111766	279	163	649	0	112857
6685	2119	144	135	111444	0	113842
6686	761	121	125	113470	0	114477
6687	110377	92	149	2308	0	112926
6688	1810	80	172	109359	0	111421
6689	728	160	106866	2188	0	109942
6690	404	106044	1701	862	0	109011
6691	301	1580	600	111535	0	114016
6692	109914	492	379	1952	0	112737
6693	110442	325	204	828	0	111799
6694	2399	277	110936	583	0	114195
6695	974	106236	1855	540	0	109605
6696	597	113456	616	606	0	115275
6697	451	2376	339	114584	0	117750
6698	392	805	229	117500	0	118926
6699	336	449	194	114938	0	115917
6700	327	301	199	114875	0	115702
6701	335	110442	263	3244	0	114284
6702	450	2069	210	113692	0	116421
6703	430	672	194	116598	0	117894
6704	113451	408	164	3186	0	117209
6705	112401	257	202	1469	0	114329
6706	2799	110845	242	1185	0	115071
6707	115163	2081	197	792	0	118233
6708	116155	726	182	682	0	117745
6709	116263	460	199	677	0	117599
6710	3286	353	110883	621	0	115143
6711	1355	346	2037	111816	0	115554
6712	851	287	725	116413	0	118276
6713	908	342	111099	3017	0	115366
6714	603	294	2154	110200	0	113251
6715	506	370	871	110716	0	112463
6716	110925	309	537	3281	0	115052
6717	2447	414	108099	1625	0	112585
6718	997	295	2107	106548	0	109947
6719	104583	303	737	2904	0	108527
6720	2366	103355	511	1567	0	107799
6721	104618	2179	490	1154	0	108441
6722	102811	858	283	964	0	104916
6723	3005	99932	264	1007	0	104208
6724	1388	2307	186	102134	0	106015
6725	101540	899	201	2649	0	105289
6726	2725	100676	215	1377	0	104993
6727	1312	2347	186	102963	0	106808
6728	100905	931	250	2676	0	104762
6729	99764	579	259	1354	0	101956
6730	3205	96911	296	1093	0	101505
6731	99200	2200	300	877	0	102577
6732	2842	840	310	99158	0	103150
6733	99668	539	326	2886	0	103419
6734	2974	442	95810	1458	0	100684
6735	1360	347	2089	97883	0	101679
6736	1007	269	823	98801	0	100900
6737	96421	314	544	3395	0	100674
6738	2697	94091	471	1719	0	98978
6739	93038	2141	447	1161	0	96787
6740	2848	91737	414	1048	0	96047
6741	1406	2362	88374	909	0	93051
6742	1169	984	87962	820	0	90935
6743	1083	1127	2394	86286	0	90890
6744	924	559	86669	2443	0	90595
6745	723	540	2029	87791	0	91083
6746	824	493	759	88564	0	90640
6747	830	442	477	91214	0	92963
6748	89472	404	299	3251	0	93426
6749	87639	511	283	1581	0	90014
6750	89369	438	226	1213	0	91246
6751	3323	86525	302	1018	0	91168
6752	1711	93435	319	885	0	96350
6753	1314	3012	98636	842	0	103804
6754	1041	1162	2846	102010	0	107059
6755	982	843	100642	3614	0	106081
6756	849	613	3281	102251	0	106994
6757	863	575	1321	105502	0	108261
6758	803	443	843	106745	0	108834
6759	844	549	98211	5074	0	104678
6760	778	454	3010	101974	0	106216
6761	99526	416	1398	4410	0	105750
6762	3210	95882	939	2457	0	102488
6763	1432	2857	680	99535	0	104504
6764	98395	1193	611	3913	0	104112
6765	98221	803	563	2063	0	101650
6766	4140	573	476	95070	0	100259
6767	2030	444	411	94267	0	97152
6768	85617	407	378	4394	0	90796
6769	3407	319	354	85374	0	89454
6770	77262	262	320	3860	0	81704
6771	3436	255	208	75008	0	78907
6772	1548	239	66184	3729	0	71700
6773	1035	62636	2170	1978	0	67819
6774	833	64790	917	1475	0	68015
6775	992	2210	1194	59734	0	64130
6776	1261	900	847	60646	0	63654
6777	58483	484	262	2763	0	61992
6778	2172	385	262	58580	0	61399
6779	839	387	177	59822	0	61225
6780	546	293	155	56016	0	57010
6781	466	53088	174	3081	0	56809
6782	457	1701	134	56189	0	58481
6783	499	647	141	56257	0	57544
6784	376	406	132	56709	0	57623
6785	51638	294	200	3249	0	55381
6786	1801	52039	214	1879	0	55933
6787	795	1748	187	54494	0	57224
6788	503	739	164	55645	0	57051
6789	411	436	151	56412	0	57410
6790	52965	307	144	3283	0	56699
6791	1987	265	142	54062	0	56456
6792	873	253	109	54985	0	56220
6793	515	218	47514	3227	0	51474
6794	403	46391	1404	1738	0	49936
6795	388	1591	479	49736	0	52194
6796	47105	617	299	2325	0	50346
6797	1656	47611	245	1396	0	50908
6798	47055	1474	158	956	0	49643
6799	48000	635	201	717	0	49553
6800	2023	454	131	47014	0	49622
6801	937	301	96	48687	0	50021
6802	755	264	47140	2334	0	50493
6803	492	290	1277	50048	0	52107
6804	492	183	49503	2298	0	52476
6805	415	159	1530	51239	0	53343
6806	47827	138	657	2402	0	51024
6807	1544	49437	440	1348	0	52769
6808	601	1471	374	54576	0	57022
6809	456	600	263	55386	0	56705
6810	397	381	289	55362	0	56429
6811	360	341	154	56073	0	56928
6812	53629	230	170	2848	0	56877
6813	1575	51821	177	1674	0	55247
6814	699	1426	156	56635	0	58916
6815	55774	557	183	2540	0	59054
6816	1733	420	53856	1505	0	57514
6817	54194	272	1397	1226	0	57089
6818	56726	273	615	889	0	58503
6819	2297	366	54184	751	0	57598
6820	1131	242	1492	55513	0	58378
6821	57802	208	687	2074	0	60771
6822	2001	57388	496	1186	0	61071
6823	60663	1555	341	937	0	63496
6824	61291	596	249	903	0	63039
6825	61481	357	261	853	0	62952
6826	2567	297	178	59280	0	62322
6827	1400	285	141	61682	0	63508
6828	957	65588	139	2548	0	69232
6829	861	1844	149	70198	0	73052
6830	70267	741	160	2593	0	73761
6831	2355	488	67896	1350	0	72089
6832	66437	388	1700	1111	0	69636
6833	73100	318	658	949	0	75025
6834	2780	346	387	69929	0	73442
6835	1329	255	301	73300	0	75185
6836	73022	185	278	2833	0	76318
6837	72921	156	271	1478	0	74826
6838	73024	177	208	1063	0	74472
6839	3059	223	70133	937	0	74352
6840	1469	69044	1636	943	0	73092
6841	72768	1741	629	835	0	75973
6842	2406	820	324	72222	0	75772
6843	1281	71472	267	2157	0	75177
6844	925	1883	207	73517	0	76532
6845	73610	792	245	2347	0	76994
6846	2154	562	161	74280	0	77157
6847	1282	422	74626	2580	0	78910
6848	706	73095	1489	1517	0	76807
6849	610	77430	601	1087	0	79728
6850	763	1963	73227	816	0	76769
6851	65536	1303	2099	752	0	69690
6852	1368	67884	731	660	0	70643
6853	420	650	124	60785	0	61979
6854	60752	198	73	686	0	61709
6855	597	58845	123	270	0	59835
6856	242	565	65	61385	0	62257
6857	62147	193	64	600	0	63004
6858	643	105	46	61164	0	61958
6859	62704	83	56	659	0	63502
6860	697	139	63862	298	0	64996
6861	304	62897	514	239	0	63954
6862	71241	544	122	168	0	72075
6863	70147	166	86	173	0	70572
6864	69860	118	76	144	0	70198
6865	839	132	68078	123	0	69172
6866	66769	113	514	117	0	67513
6867	71054	83	168	108	0	71413
6868	797	93	105	70112	0	71107
6869	71432	92	79	611	0	72214
6870	742	67801	128	365	0	69036
6871	352	541	78	71928	0	72899
6872	308	228	73422	651	0	74609
6873	203	145	545	72597	0	73490
6874	195	128	181	76584	0	77088
6875	77277	112	111	768	0	78268
6876	75850	98	113	351	0	76412
6877	839	166	74776	227	0	76008
6878	73139	114	568	193	0	74014
6879	811	115	75453	209	0	76588
6880	393	80	570	74979	0	76022
6881	315	96	76633	664	0	77708
6882	271	76	585	75363	0	76295
6883	287	73474	291	727	0	74779
6884	302	613	77570	288	0	78773
6885	342	242	80106	199	0	80889
6886	270	242	1034	70135	0	71681
6887	83223	126	307	755	0	84411
6888	82618	105	197	315	0	83235
6889	83574	98	179	235	0	84086
6890	1060	102	132	81145	0	82439
6891	497	85	111	83182	0	83875
6892	379	82	88	83376	0	83925
6893	310	84	100	83294	0	83788
6894	300	121	80878	1096	0	82395
6895	241	103	653	80242	0	81239
6896	201	77669	332	954	0	79156
6897	199	648	151	81946	0	82944
6898	82242	221	131	954	0	83548
6899	941	177	81523	410	0	83051
6900	73449	131	858	356	0	74794
6901	1039	150	83537	227	0	84953
6902	481	161	82549	246	0	83437
6903	285	78233	1387	261	0	80166
6904	357	1008	676	81201	0	83242
6905	244	385	303	82781	0	83713
6906	201	79041	435	1226	0	80903
6907	89759	1184	187	441	0	91571
6908	1614	487	155	94129	0	96385
6909	774	215	148	104193	0	105330
6910	366	138	149	111226	0	111879
6911	122707	124	146	3812	0	126789
6912	131575	120	136	1646	0	133477
6913	5005	111	123	129969	0	135208
6914	1647	91	122	132935	0	134795
6915	128517	99	131	5570	0	134317
6916	4460	121	143	128923	0	133647
6917	1635	103	151	132294	0	134183
6918	1032	128	120	134653	0	135933
6919	939	195	123182	6199	0	130515
6920	120643	102	3669	2637	0	127051
6921	127778	95	1038	1801	0	130712
6922	5679	257	118803	1378	0	126117
6923	2198	434	3769	115182	0	121583
6924	1288	119223	1249	4660	0	126420
6925	119787	3814	777	2105	0	126483
6926	4331	119616	658	1571	0	126176
6927	1787	119599	545	1144	0	123075
6928	1394	4723	429	115543	0	122089
6929	115332	1474	443	4612	0	121861
6930	118962	787	407	1979	0	122135
6931	5260	672	332	115761	0	122025
6932	2209	581	264	118805	0	121859
6933	1508	606	213	119002	0	121329
6934	1185	638	229	118380	0	120432
6935	1084	578	174	117092	0	118928
6936	1050	109454	203	6325	0	117032
6937	1133	3799	138	115849	0	120919
6938	112752	1200	153	5851	0	119956
6939	115340	655	164	3067	0	119226
6940	115969	444	180	2387	0	118980
6941	5706	108942	310	2266	0	117224
6942	2420	3925	280	112868	0	119493
6943	1667	1380	108922	5354	0	117323
6944	109975	850	3657	2616	0	117098
6945	4992	821	1180	112415	0	119408
6946	112568	586	581	5243	0	118978
6947	110171	632	429	2302	0	113534
6948	110948	749	288	1581	0	113566
6949	6207	739	294	105091	0	112331
6950	106400	627	365	4992	0	112384
6951	5818	527	344	105479	0	112168
6952	2750	430	293	108323	0	111796
6953	105520	370	267	6252	0	112409
6954	5407	324	210	106619	0	112560
6955	105062	299	212	5909	0	111482
6956	107336	320	164	2984	0	110804
6957	6178	332	110	104003	0	110623
6958	2812	347	121	107195	0	110475
6959	2038	353	98	108929	0	111418
6960	1920	327	94073	6932	0	103252
6961	1818	320	95921	3378	0	101437
6962	1814	250	4410	95508	0	101982
6963	1687	282	1407	98852	0	102228
6964	1414	307	751	100546	0	103018
6965	1300	263	561	99751	0	101875
6966	1242	276	550	100909	0	102977
6967	93341	221	600	7255	0	101417
6968	4831	90714	696	3541	0	99782
6969	2246	3713	571	95748	0	102278
6970	94331	1104	485	6043	0	101963
6971	5117	588	421	94871	0	100997
6972	2236	450	349	95839	0	98874
6973	90229	363	371	7051	0	98014
6974	91820	355	314	3642	0	96131
6975	6109	475	84954	2742	0	94280
6976	2766	416	3632	88588	0	95402
6977	2091	376	85888	6032	0	94387
6978	1816	343	4036	89234	0	95429
6979	1675	262	1337	91276	0	94550
6980	1547	241	700	93192	0	95680
6981	1486	208	82658	7272	0	91624
6982	1248	81875	4018	3803	0	90944
6983	1029	87643	1632	2983	0	93287
6984	956	4545	1089	86267	0	92857
6985	82926	1385	982	5992	0	91285
6986	4551	728	80679	3341	0	89299
6987	1814	597	84310	2639	0	89360
6988	1181	493	4928	84043	0	90645
6989	1038	595	1901	84263	0	87797
6990	974	83754	1132	6042	0	91902
6991	960	4351	839	86704	0	92854
6992	1027	1522	744	91402	0	94695
6993	976	873	784	93185	0	95818
6994	87099	665	770	7048	0	95582
6995	88992	497	691	3502	0	93682
6996	5700	434	627	88939	0	95700
6997	2369	85967	598	5942	0	94876
6998	1511	3995	605	88667	0	94778
6999	84635	1273	573	6271	0	92752
7000	4478	84949	550	3507	0	93484
7001	1784	3888	382	80538	0	86592
7002	1326	79105	369	5599	0	86399
7003	79629	4159	342	2828	0	86958
7004	77929	1651	495	2129	0	82204
7005	4887	77904	418	1916	0	85125
7006	1990	78754	414	1579	0	82737
7007	1779	4518	68199	1363	0	75859
7008	923	65969	2784	1258	0	70934
7009	842	3962	1291	55458	0	61553
7010	653	908	51702	3014	0	56277
7011	242	36082	1106	629	0	38059
7012	159	987	332	30559	0	32037
7013	131	235	106	31213	0	31685
7014	64	136	52	31423	0	31675
7015	30278	85	33	1091	0	31487
7016	750	75	29049	423	0	30297
7017	276	121	29477	209	0	30083
7018	139	103	876	29192	0	30310
7019	89	107	30664	816	0	31676
7020	56	110	762	30843	0	31771
7021	73	85	295	30974	0	31427
7022	79	252	164	31858	0	32353
7023	62	83	88	32450	0	32683
7024	31308	68	71	1136	0	32583
7025	31106	86	77	478	0	31747
7026	929	75	73	31696	0	32773
7027	381	70	33219	919	0	34589
7028	154	62	720	33495	0	34431
7029	112	32231	269	918	0	33530
7030	106	653	163	33847	0	34769
7031	33128	236	129	947	0	34440
7032	33922	130	94	469	0	34615
7033	937	83	90	34055	0	35165
7034	356	79	93	34664	0	35192
7035	177	97	59	35387	0	35720
7036	34098	79	84	1176	0	35437
7037	796	92	33555	545	0	34988
7038	347	99	33398	328	0	34172
7039	185	31900	770	240	0	33095
7040	33736	620	281	196	0	34833
7041	656	241	151	34421	0	35469
7042	287	133	35443	771	0	36634
7043	175	33555	621	386	0	34737
7044	119	35680	234	299	0	36332
7045	127	732	107	36050	0	37016
7046	106	290	72	37527	0	37995
7047	97	36937	88	901	0	38023
7048	106	626	72	38494	0	39298
7049	124	247	78	38756	0	39205
7050	38564	139	65	912	0	39680
7051	640	37607	114	462	0	38823
7052	241	633	85	38809	0	39768
7053	170	299	37942	777	0	39188
7054	137	176	570	37612	0	38495
7055	38921	115	226	790	0	40052
7056	583	38556	157	376	0	39672
7057	234	637	79	40534	0	41484
7058	167	283	39807	784	0	41041
7059	135	211	42094	403	0	42843
7060	108	214	830	42713	0	43865
7061	111	115	286	45250	0	45762
7062	45668	127	149	925	0	46869
7063	657	46272	242	486	0	47657
7064	48902	728	104	306	0	50040
7065	874	342	49176	245	0	50637
7066	48734	170	817	265	0	49986
7067	1016	142	52244	214	0	53616
7068	50927	135	1001	222	0	52285
7069	53052	103	356	241	0	53752
7070	1263	144	57542	227	0	59176
7071	525	161	56540	249	0	57475
7072	219	55026	1246	293	0	56784
7073	159	952	469	59406	0	60986
7074	61830	350	217	1090	0	63487
7075	1012	202	130	63119	0	64463
7076	434	105	164	64320	0	65023
7077	234	115	151	65729	0	66229
7078	198	107	63670	1533	0	65508
7079	58103	80	1070	679	0	59932
7080	64524	87	382	368	0	65361
7081	1339	65009	282	356	0	66986
7082	525	914	177	66708	0	68324
7083	280	67453	176	1492	0	69401
7084	273	1102	153	70521	0	72049
7085	69547	349	137	1320	0	71353
7086	1162	67344	141	565	0	69212
7087	425	1006	104	68244	0	69779
7088	67805	338	130	1175	0	69448
7089	67400	192	122	537	0	68251
7090	1409	118	113	66190	0	67830
7091	603	139	65994	1201	0	67937
7092	312	512	899	63833	0	65556
7093	196	65747	355	1062	0	67360
7094	66715	876	190	424	0	68205
7095	953	65838	156	322	0	67269
7096	361	1078	99	66483	0	68021
7097	67726	346	75	1073	0	69220
7098	1020	204	75	70106	0	71405
7099	470	109	58	70631	0	71268
7100	333	190	71091	1366	0	72980
7101	169	70713	892	675	0	72449
7102	72050	880	439	298	0	73667
7103	67584	398	211	279	0	68472
7104	996	69342	112	228	0	70678
7105	448	70911	95	170	0	71624
7106	287	1041	70	71217	0	72615
7107	71190	364	78	826	0	72458
7108	808	69210	95	435	0	70548
7109	320	715	48	71114	0	72197
7110	263	298	68957	839	0	70357
7111	165	147	688	68921	0	69921
7112	70923	100	254	918	0	72195
7113	763	70655	188	442	0	72048
7114	298	762	93	76238	0	77391
7115	246	332	74473	893	0	75944
7116	200	268	73660	362	0	74490
7117	142	156	953	73555	0	74806
7118	162	177	345	76263	0	76947
7119	142	74478	194	1123	0	75937
7120	166	834	72	77236	0	78308
7121	77360	333	89	990	0	78772
7122	867	214	97	77143	0	78321
7123	78546	128	104	1053	0	79831
7124	994	75486	167	625	0	77272
7125	461	78189	147	345	0	79142
7126	309	1111	152	82679	0	84251
7127	248	437	119	80868	0	81672
7128	270	253	80320	1287	0	82130
7129	217	178	935	77516	0	78846
7130	81158	169	384	1209	0	82920
7131	1061	208	79473	538	0	81280
7132	500	170	947	80553	0	82170
7133	366	262	86586	1287	0	88501
7134	242	177	1189	85600	0	87208
7135	257	222	462	85717	0	86658
7136	242	159	303	89122	0	89826
7137	296	180	88255	1773	0	90504
7138	251	176	1085	84858	0	86370
7139	197	85700	528	1476	0	87901
7140	218	1098	286	91348	0	92950
7141	213	494	156	90543	0	91406
7142	89415	347	153	1757	0	91672
7143	1288	216	88342	951	0	90797
7144	548	239	1101	87746	0	89634
7145	415	226	88809	1550	0	91000
7146	322	255	86494	788	0	87859
7147	261	249	1458	87849	0	89817
7148	235	226	607	88991	0	90059
7149	262	203	319	94923	0	95707
7150	93947	193	203	2002	0	96345
7151	1299	271	90913	1032	0	93515
7152	93825	213	1217	678	0	95933
7153	1447	205	454	101555	0	103661
7154	600	202	371	104578	0	105751
7155	413	108962	264	2001	0	111640
7156	273	1313	201	114624	0	116411
7157	240	484	228	114014	0	114966
7158	256	320	225	115790	0	116591
7159	108263	186	222	2222	0	110893
7160	1381	256	104515	1081	0	107233
7161	92829	168	1320	740	0	95057
7162	1467	103407	564	648	0	106086
7163	104105	1102	339	390	0	105936
7164	1270	100668	247	455	0	102640
7165	503	101023	212	665	0	102403
7166	619	1573	248	102686	0	105126
7167	105482	453	156	1204	0	107295
7168	957	405	128	104400	0	105890
7169	354	100447	205	1475	0	102481
7170	303	109018	154	698	0	110173
7171	195	1461	134	113682	0	115472
7172	191	545	115	112261	0	113112
7173	180	112232	181	1799	0	114392
7174	191	1208	120	119192	0	120711
7175	172	493	127	118820	0	119612
7176	128	347	107	121724	0	122306
7177	123016	207	117	2240	0	125580
7178	1438	263	121021	1039	0	123761
7179	118954	163	1255	770	0	121142
7180	129300	155	490	480	0	130425
7181	127920	145	322	384	0	128771
7182	2066	122666	211	406	0	125349
7183	793	1231	110	126358	0	128492
7184	128918	496	86	1424	0	130924
7185	1366	335	89	131842	0	133632
7186	134962	186	142	1667	0	136957
7187	1440	141296	182	836	0	143754
7188	153473	1191	80	559	0	155303
7189	154837	497	106	399	0	155839
7190	157300	329	101	337	0	158067
7191	1994	225	75	155040	0	157334
7192	874	169	83	161139	0	162265
7193	167121	161	71	1933	0	169286
7194	1484	158607	169	1030	0	161290
7195	646	160529	141	650	0	161966
7196	177472	1461	69	449	0	179451
7197	1421	671	79	174722	0	176893
7198	656	422	82	176882	0	178042
7199	499	246	75	184401	0	185221
7200	366	175953	183	2300	0	178802
7201	185417	1402	85	1142	0	188046
7202	1653	591	66	186386	0	188696
7203	752	188785	160	1841	0	191538
7204	610	1895	50	204918	0	207473
7205	404	688	83	207767	0	208942
7206	397	437	62	207564	0	208460
7207	383	278	72	210739	0	211472
7208	211743	228	91	2678	0	214740
7209	208266	231	82	1372	0	209951
7210	213330	185	108	936	0	214559
7211	2503	228	458	214919	0	218108
7212	1317	290	209025	1983	0	212615
7213	899	538	188748	1088	0	191273
7214	613	483	202401	778	0	204275
7215	221649	155	2034	628	0	224466
7216	1726	219	824	227590	0	230359
7217	831	257	441	224814	0	226343
7218	687	172	200	231818	0	232877
7219	230848	215	158	2629	0	233850
7220	224629	198	234	1431	0	226492
7221	2172	236564	287	1083	0	240106
7222	1166	1455	106	248043	0	250770
7223	941	702	241551	1953	0	245147
7224	553	237100	1552	1326	0	240531
7225	532	1558	497	255014	0	257601
7226	467	702	321	254684	0	256174
7227	435	497	205	249813	0	250950
7228	420	377	159	243410	0	244366
7229	576	339	246215	2693	0	249823
7230	605	581	233492	1493	0	236171
7231	481	236789	1925	1161	0	240356
7232	362	1415	606	253385	0	255768
7233	374	550	359	250240	0	251523
7234	248719	358	376	2291	0	251744
7235	1703	393	248392	1063	0	251551
7236	764	244	1266	242396	0	244670
7237	609	390	618	256934	0	258551
7238	739	306	262305	2188	0	265538
7239	354	246592	1614	1456	0	250016
7240	268036	1387	652	904	0	270979
7241	1628	675	261286	746	0	264335
7242	252709	376	1319	676	0	255080
7243	1855	417	271808	656	0	274736
7244	822	398	1472	267719	0	270411
7245	804	304	276488	1706	0	279302
7246	644	497	278442	1074	0	280657
7247	413	248	1695	278268	0	280624
7248	475	662	1338	262347	0	264822
7249	350	221	486	300294	0	301351
7250	336	261	478	292519	0	293594
7251	334	380	323	293602	0	294639
7252	492	311	293558	2553	0	296914
7253	493	564	271861	1539	0	274457
7254	342	272233	2215	1165	0	275955
7255	298901	1553	805	733	0	301992
7256	2096	1084	505	298952	0	302637
7257	306122	335	457	2423	0	309337
7258	2217	291	276	300092	0	302876
7259	314136	165	279	2908	0	317488
7260	2324	173	331	314540	0	317368
7261	862	277	304	318989	0	320432
7262	569	310231	529	3454	0	314783
7263	441	2025	269	334698	0	337433
7264	369	639	297	332713	0	334018
7265	358	411	265	330838	0	331872
7266	347	240	277	330551	0	331415
7267	323	308602	552	3638	0	313115
7268	326926	1823	283	1471	0	330503
7269	2001	310342	497	1108	0	313948
7270	558	1869	193	317739	0	320359
7271	314820	534	176	2234	0	317764
7272	2104	683	297802	938	0	301527
7273	838	502	296803	880	0	299023
7274	828	679	2048	284619	0	288174
7275	256	270	786	308486	0	309798
7276	220	173	398	309840	0	310631
7277	251	258	353	295692	0	296554
7278	256	159	231	301794	0	302440
7279	337	285191	391	2906	0	288825
7280	219	1534	188	303659	0	305600
7281	302261	406	240	2380	0	305287
7282	1724	308	273	299420	0	301725
7283	723	234	303281	2367	0	306605
7284	367	165	1908	294575	0	297015
7285	299741	143	619	2657	0	303160
7286	1912	294867	615	1638	0	299032
7287	673	1991	251	320294	0	323209
7288	424	670	179	334538	0	335811
7289	547	500	326605	4783	0	332435
7290	516	746	415648	1583	0	418493
7291	491085	228	10929	994	0	503236
7292	15708	262	3194	513341	0	532505
7293	5595	288	2945	534802	0	543630
7294	5094	660	542591	23076	0	571421
7295	3344	1346	536088	11638	0	552416
7296	1078	537447	23806	9201	0	571532
7297	607	18318	10565	559306	0	588796
7298	1419	6660	534265	20251	0	562595
7299	315	535113	22212	8275	0	565915
7300	552018	21177	8020	6307	0	587522
7301	570488	7483	6605	3865	0	588441
7302	25964	6379	3704	543466	0	579513
7303	11960	545686	2497	20841	0	580984
7304	556370	20835	2033	7709	0	586947
7305	25427	8731	2970	466128	0	503256
7306	10093	8171	520020	17082	0	555366
7307	7943	524049	19797	7610	0	559399
7308	540921	20882	7095	5940	0	574838
7309	555518	7709	5887	4323	0	573437
7310	27072	6733	3837	539938	0	577580
7311	13132	4049	2401	560348	0	579930
7312	9651	3072	518290	28465	0	559478
7313	5793	2249	19963	540780	0	568785
7314	4041	2134	7524	541065	0	554764
7315	3396	1611	5913	548320	0	559240
7316	2929	1385	3729	551595	0	559638
7317	2401	1390	2529	538160	0	544480
7318	2168	499522	2701	37377	0	541768
7319	518544	19193	1938	19218	0	558893
7320	22280	7333	490146	14580	0	534339
7321	8501	485038	20118	9868	0	523525
7322	7310	21713	7387	512552	0	548962
7323	501414	8065	6351	25641	0	541471
7324	22390	6829	4540	506954	0	540713
7325	8850	4753	3241	519957	0	536801
7326	7575	3160	2636	525370	0	538741
7327	4804	2555	2632	532225	0	542216
7328	4314	2814	466596	39727	0	513451
7329	3445	476313	20165	22239	0	522162
7330	494144	20842	7243	16164	0	538393
7331	23588	8001	482281	11631	0	525501
7332	8897	7077	23753	495126	0	534853
7333	495893	5459	9476	26610	0	537438
7334	24981	483807	8275	12927	0	529990
7335	498331	22341	5733	10993	0	537398
7336	28335	9573	4295	487534	0	529737
7337	12982	8385	3387	510915	0	535669
7338	10977	5422	2635	509742	0	528776
7339	7813	3460	2113	517046	0	530432
7340	480267	3264	2288	40760	0	526579
7341	24200	3310	2070	494951	0	524531
7342	10827	2302	2165	512560	0	527854
7343	470368	2086	2588	38352	0	513394
7344	26332	2818	443752	21437	0	494339
7345	11562	2582	20305	473792	0	508241
7346	451994	2231	7723	31608	0	493556
7347	462490	1907	6655	15921	0	486973
7348	30954	2183	4377	449085	0	486599
7349	16318	2003	3469	455861	0	477651
7350	12460	421966	3279	34284	0	471989
7351	7852	20822	2547	445256	0	476477
7352	5719	7685	2004	457555	0	472963
7353	5481	6581	400698	39069	0	451829
7354	4215	4337	402361	23200	0	434113
7355	3340	398382	25364	19181	0	446267
7356	3736	20687	12409	407721	0	444553
7357	3686	8311	9715	431188	0	452900
7358	407221	7556	6768	33131	0	454676
7359	22357	5569	4989	413045	0	445960
7360	10571	4114	383205	34568	0	432458
7361	9608	3178	21377	408737	0	442900
7362	6731	3346	373823	34879	0	418779
7363	5714	3046	385013	18809	0	412582
7364	4724	2809	28595	381647	0	417775
7365	4103	3173	14532	407281	0	429089
7366	383471	3264	10450	34275	0	431460
7367	401315	2566	6852	20069	0	430802
7368	29009	2320	5595	396954	0	433878
7369	397530	2531	4478	30739	0	435278
7370	413736	1991	3617	15579	0	434923
7371	34077	2269	2802	396361	0	435509
7372	17956	2192	2765	415792	0	438705
7373	395466	2130	2525	34919	0	435040
7374	407150	1228	3069	20750	0	432197
7375	31646	1162	2736	393637	0	429181
7376	17653	373634	2737	31949	0	425973
7377	14187	19449	2016	396222	0	431874
7378	9520	6759	2042	417064	0	435385
7379	7055	6185	362374	39042	0	414656
7380	5723	4106	19295	405528	0	434652
7381	368532	2639	7845	37343	0	416359
7382	22023	375341	7389	20218	0	424971
7383	384528	20264	4600	16408	0	425800
7384	396993	7630	3249	12887	0	420759
7385	404262	7016	2570	10519	0	424367
7386	35430	6318	2464	371248	0	415460
7387	21831	3524	320279	27952	0	373586
7388	18207	3389	314560	13598	0	349754
7389	9830	314782	23990	13357	0	361959
7390	4972	207209	7471	7193	0	226845
7391	2878	124027	2138	2559	0	131602
7392	2884	117900	3014	2556	0	126354
7393	5492	5902	102217	2387	0	115998
7394	62335	3714	7634	1310	0	74993
7395	1697	632	413	61077	0	63819
7396	627	291	234	59951	0	61103
7397	548	243	183	59792	0	60766
7398	412	57295	261	1862	0	59830
7399	58208	1342	323	733	0	60606
7400	1544	435	56380	593	0	58952
7401	348	48567	972	414	0	50301
7402	320	943	372	51754	0	53389
7403	51592	263	182	1078	0	53115
7404	1003	183	115	51531	0	52832
7405	398	135	49469	1171	0	51173
7406	327	167	48854	456	0	49804
7407	207	82	1208	50187	0	51684
7408	205	130	335	50945	0	51615
7409	50624	83	202	1241	0	52150
7410	1049	106	49187	529	0	50871
7411	48826	89	872	412	0	50199
7412	50435	96	282	269	0	51082
7413	1170	101	170	49620	0	51061
7414	484	109	49643	1081	0	51317
7415	321	155	849	50283	0	51608
7416	50902	95	279	1160	0	52436
7417	969	49277	261	521	0	51028
7418	52311	838	143	378	0	53670
7419	1109	260	135	52088	0	53592
7420	383	53065	139	1157	0	54744
7421	327	1023	138	54801	0	56289
7422	234	315	121	56308	0	56978
7423	247	55183	168	1479	0	57077
7424	247	1040	161	57650	0	59098
7425	229	293	109	58847	0	59478
7426	197	208	99	60475	0	60979
7427	297	198	57634	1661	0	59790
7428	209	57506	1110	711	0	59536
7429	61067	1168	296	494	0	63025
7430	1336	313	200	61157	0	63006
7431	426	63839	188	1441	0	65894
7432	69849	1387	260	606	0	72102
7433	1556	394	109	70207	0	72266
7434	533	257	99	71157	0	72046
7435	381	188	83	69616	0	70268
7436	275	168	74	68803	0	69320
7437	66828	153	100	2181	0	69262
7438	1568	141	93	67614	0	69416
7439	528	129	92	69264	0	70013
7440	67257	138	103	2165	0	69663
7441	1650	125	84	68130	0	69989
7442	632	167	65617	2206	0	68622
7443	407	158	1365	67298	0	69228
7444	64556	136	391	1982	0	67065
7445	1601	133	247	65488	0	67469
7446	583	151	63881	1965	0	66580
7447	412	189	62344	858	0	63803
7448	64492	108	1799	664	0	67063
7449	67604	93	571	510	0	68778
7450	68152	87	311	479	0	69029
7451	68521	106	243	439	0	69309
7452	2193	153	65841	377	0	68564
7453	894	94	1440	66335	0	68763
7454	577	85	441	69190	0	70293
7455	67065	74	315	2102	0	69556
7456	1706	82	221	68164	0	70173
7457	653	94	66104	1992	0	68843
7458	440	78	1477	67601	0	69596
7459	368	138	66066	2027	0	68599
7460	359	65689	1632	942	0	68622
7461	68770	1475	586	623	0	71454
7462	1644	458	343	68341	0	70786
7463	647	258	65795	1865	0	68565
7464	480	146	1564	66569	0	68759
7465	332	114	498	70454	0	71398
7466	373	149	68824	2376	0	71722
7467	306	130	1715	70337	0	72488
7468	69956	99	600	2323	0	72978
7469	1865	181	64481	1211	0	67738
7470	62349	120	1525	779	0	64773
7471	1851	61600	680	763	0	64894
7472	728	1350	62435	543	0	65056
7473	622	610	62161	521	0	63914
7474	737	1336	1884	54363	0	58320
7475	332	175	656	57795	0	58958
7476	330	178	57243	1823	0	59574
7477	264	144	1381	57844	0	59633
7478	58525	89	555	1822	0	60991
7479	58903	80	404	902	0	60289
7480	1670	113	331	56522	0	58636
7481	714	98	318	57302	0	58432
7482	492	56825	323	1943	0	59583
7483	58820	1262	280	944	0	61306
7484	1589	402	226	58753	0	60970
7485	673	59429	308	1751	0	62161
7486	61322	1271	272	903	0	63768
7487	61821	442	262	791	0	63316
7488	1864	62133	290	758	0	65045
7489	849	1426	274	62963	0	65512
7490	605	499	227	64237	0	65568
7491	571	328	60547	2203	0	63649
7492	497	283	1462	61089	0	63331
7493	60954	186	582	2114	0	63836
7494	1737	183	374	61017	0	63311
7495	791	182	58946	2141	0	62060
7496	59490	130	1592	1048	0	62260
7497	1776	137	615	60630	0	63158
7498	813	163	59204	2068	0	62248
7499	627	141	1615	60007	0	62390
7500	549	133	58990	2170	0	61842
7501	501	139	1694	60110	0	62444
7502	507	127	679	62043	0	63356
7503	59891	87	525	2384	0	62887
7504	1656	59220	468	1220	0	62564
7505	61517	1440	432	907	0	64296
7506	61412	432	386	825	0	63055
7507	62510	283	408	708	0	63909
7508	2272	60177	425	750	0	63624
7509	1088	1548	60635	639	0	63910
7510	762	516	1650	61966	0	64894
7511	62890	321	693	1899	0	65803
7512	63849	244	513	897	0	65503
7513	2188	225	444	61514	0	64371
7514	62384	184	453	2022	0	65043
7515	2049	213	60413	1015	0	63690
7516	61028	183	1661	808	0	63680
7517	2087	209	59836	749	0	62881
7518	946	58238	1669	728	0	61581
7519	59351	1285	692	621	0	61949
7520	57385	465	546	573	0	58969
7521	1921	56990	477	579	0	59967
7522	57372	1387	472	507	0	59738
7523	56608	501	351	497	0	57957
7524	1963	419	54183	472	0	57037
7525	52314	228	1329	469	0	54340
7526	1689	224	51497	467	0	53877
7527	819	482	1400	46739	0	49440
7528	662	48683	666	1204	0	51215
7529	641	983	48743	545	0	50912
7530	44913	1390	1458	852	0	48613
7531	43600	395	548	317	0	44860
7532	1118	144	235	40266	0	41763
7533	531	130	39466	860	0	40987
7534	373	211	790	39768	0	41142
7535	40180	101	338	951	0	41570
7536	936	39915	236	534	0	41621
7537	40647	729	186	265	0	41827
7538	40964	224	157	237	0	41582
7539	1082	39210	156	249	0	40697
7540	505	736	155	40742	0	42138
7541	41133	274	140	807	0	42354
7542	959	183	138	40942	0	42222
7543	437	177	122	43135	0	43871
7544	457	170	42468	999	0	44094
7545	363	119	757	42784	0	44023
7546	318	115	322	43776	0	44531
7547	43267	105	181	1108	0	44661
7548	43286	94	175	470	0	44025
7549	1151	86	177	42991	0	44405
7550	516	125	41678	1043	0	43362
7551	416	121	40961	399	0	41897
7552	340	90	978	41367	0	42775
7553	360	110	43265	995	0	44730
7554	308	199	933	42837	0	44277
7555	262	97	344	43605	0	44308
7556	44307	73	257	1111	0	45748
7557	989	80	43014	460	0	44543
7558	42782	85	861	349	0	44077
7559	43624	59	341	307	0	44331
7560	1140	96	41252	289	0	42777
7561	486	126	41766	227	0	42605
7562	371	875	933	40051	0	42230
7563	324	38242	348	714	0	39628
7564	321	39902	230	322	0	40775
7565	556	727	138	37871	0	39292
7566	180	153	116	37075	0	37524
7567	163	81	95	37634	0	37973
7568	175	59	98	37917	0	38249
7569	37352	60	117	711	0	38240
7570	620	46	105	37441	0	38212
7571	235	55	36537	673	0	37500
7572	172	47	484	36003	0	36706
7573	184	34963	187	624	0	35958
7574	184	461	99	36429	0	37173
7575	36182	94	95	608	0	36979
7576	565	62	125	36777	0	37529
7577	236	69	36284	591	0	37180
7578	117	34025	550	245	0	34937
7579	136	464	144	36537	0	37281
7580	36265	115	88	578	0	37046
7581	36255	51	81	213	0	36600
7582	628	51	88	36697	0	37464
7583	233	63	33953	540	0	34789
7584	191	84	32103	177	0	32555
7585	32966	21	571	140	0	33698
7586	559	43	34337	120	0	35059
7587	166	48	33742	112	0	34068
7588	121	80	427	32049	0	32677
7589	35128	19	170	415	0	35732
7590	34743	24	103	159	0	35029
7591	34695	15	80	119	0	34909
7592	546	33	36190	83	0	36852
7593	199	62	35166	78	0	35505
7594	96	36181	463	111	0	36851
7595	88	322	152	37102	0	37664
7596	78	81	92	37546	0	37797
7597	64	60	92	36097	0	36313
7598	53	30	78	37637	0	37798
7599	94	34	36815	523	0	37466
7600	70	36289	399	253	0	37011
7601	39343	344	141	137	0	39965
7602	45208	103	112	118	0	45541
7603	46411	48	77	110	0	46646
7604	1029	46718	108	137	0	47992
7605	211	924	58	47375	0	48568
7606	49495	151	50	1056	0	50752
7607	1127	51381	81	310	0	52899
7608	51186	1173	61	294	0	52714
7609	1244	50522	84	121	0	51971
7610	51616	1240	60	99	0	53015
7611	51988	256	66	91	0	52401
7612	1399	199	46	51699	0	53343
7613	394	104	46	54826	0	55370
7614	296	112	53043	1523	0	54974
7615	195	144	51794	421	0	52554
7616	53122	72	1449	264	0	54907
7617	54711	78	399	191	0	55379
7618	1650	99	193	53008	0	54950
7619	533	78	132	54624	0	55367
7620	429	90	52073	1730	0	54322
7621	296	122	1291	51123	0	52832
7622	305	172	50662	1669	0	52808
7623	298	117	1410	50946	0	52771
7624	286	151	357	53189	0	53983
7625	51836	149	236	1826	0	54047
7626	51679	158	162	619	0	52618
7627	1804	172	122	51175	0	53273
7628	722	100	115	52211	0	53148
7629	492	200	49514	1923	0	52129
7630	357	122	1374	51011	0	52864
7631	373	147	50324	1832	0	52676
7632	50025	123	1575	648	0	52371
7633	1705	80	464	51574	0	53823
7634	50537	80	317	1764	0	52698
7635	1719	49530	283	760	0	52292
7636	50594	1384	272	603	0	52853
7637	1733	339	329	50323	0	52724
7638	668	227	248	50661	0	51804
7639	529	49135	267	1970	0	51901
7640	452	1391	244	51677	0	53764
7641	452	403	49874	2043	0	52772
7642	400	230	1476	51100	0	53206
7643	438	177	48156	1995	0	50766
7644	337	46336	1569	884	0	49126
7645	309	1264	559	48907	0	51039
7646	362	313	47461	1868	0	50004
7647	403	257	46964	847	0	48471
7648	381	115	1636	47027	0	49159
7649	47121	108	784	1776	0	49789
7650	1581	156	45652	830	0	48219
7651	569	105	1456	45931	0	48061
7652	46621	123	546	1811	0	49101
7653	1506	44013	446	868	0	46833
7654	48113	1298	320	647	0	50378
7655	1633	356	268	48101	0	50358
7656	612	271	266	48943	0	50092
7657	498	237	220	49908	0	50863
7658	48396	194	288	2181	0	51059
7659	1582	183	337	49231	0	51333
7660	562	147	281	50906	0	51896
7661	47603	195	359	2164	0	50321
7662	1584	225	46448	1064	0	49321
7663	568	147	1546	47838	0	50099
7664	513	185	46789	1905	0	49392
7665	46705	165	1659	890	0	49419
7666	1706	180	576	48411	0	50873
7667	722	222	47928	1892	0	50764
7668	46970	217	1538	906	0	49631
7669	48658	192	584	762	0	50196
7670	1995	239	49001	734	0	51969
7671	815	224	1434	49808	0	52281
7672	640	175	556	52135	0	53506
7673	497	292	51559	2218	0	54566
7674	511	50288	1531	1174	0	53504
7675	503	1381	52994	872	0	55750
7676	51040	412	1627	783	0	53862
7677	1704	273	53370	817	0	56164
7678	51974	180	1731	806	0	54691
7679	1806	158	53006	767	0	55737
7680	51863	85	1748	737	0	54433
7681	1738	53434	782	761	0	56715
7682	731	1297	591	54016	0	56635
7683	695	361	437	56424	0	57917
7684	579	245	54462	2112	0	57398
7685	521	317	1569	51974	0	54381
7686	565	53248	665	1835	0	56313
7687	53340	1289	527	908	0	56064
7688	1573	52193	468	895	0	55129
7689	618	1394	409	54003	0	56424
7690	54324	363	463	1886	0	57036
7691	1710	53819	393	1019	0	56941
7692	54247	1448	464	699	0	56858
7693	1955	434	53445	692	0	56526
7694	715	292	1674	54199	0	56880
7695	621	199	734	55315	0	56869
7696	511	241	565	56787	0	58104
7697	55535	213	516	2234	0	58498
7698	56668	213	471	929	0	58281
7699	56606	215	456	693	0	57970
7700	56094	185	431	651	0	57361
7701	2233	220	52202	526	0	55181
7702	43692	103	1021	300	0	45116
7703	1206	43193	448	453	0	45300
7704	443	43203	270	302	0	44218
7705	44138	1055	889	261	0	46343
7706	43765	253	600	337	0	44955
7707	792	122	114	40592	0	41620
7708	41449	92	131	643	0	42315
7709	41106	92	124	267	0	41589
7710	43696	56	109	198	0	44059
7711	989	75	104	42993	0	44161
7712	353	42058	127	767	0	43305
7713	227	42984	92	244	0	43547
7714	177	832	80	43517	0	44606
7715	42840	165	148	845	0	43998
7716	628	42348	81	398	0	43455
7717	215	610	56	42898	0	43779
7718	209	194	42722	681	0	43806
7719	39595	116	565	223	0	40499
7720	718	42777	176	168	0	43839
7721	230	43804	123	146	0	44303
7722	44026	712	66	129	0	44933
7723	776	200	44186	106	0	45268
7724	256	114	581	43213	0	44164
7725	184	44458	166	625	0	45433
7726	154	627	98	46193	0	47072
7727	156	179	66	46005	0	46406
7728	181	43412	114	760	0	44467
7729	178	647	54	46647	0	47526
7730	174	197	52	47032	0	47455
7731	46294	135	57	778	0	47264
7732	681	45073	92	271	0	46117
7733	46531	663	55	167	0	47416
7734	760	221	56	45821	0	46858
7735	266	45578	79	693	0	46616
7736	266	697	45846	234	0	47043
7737	179	282	592	46223	0	47276
7738	168	138	147	48411	0	48864
7739	158	165	48626	856	0	49805
7740	46170	111	712	269	0	47262
7741	809	117	224	56963	0	58113
7742	57275	107	103	1325	0	58810
7743	1363	148	55242	414	0	57167
7744	422	105	1166	56505	0	58198
7745	364	163	59244	1482	0	61253
7746	193	127	1357	59933	0	61610
7747	143	123	381	62041	0	62688
7748	61016	119	237	1773	0	63145
7749	1340	60219	182	713	0	62454
7750	62276	1356	222	411	0	64265
7751	1661	450	61877	257	0	64245
7752	514	269	1343	62241	0	64367
7753	371	202	64112	1531	0	66216
7754	56938	180	1560	514	0	59192
7755	63392	108	415	374	0	64289
7756	1865	138	61928	264	0	64195
7757	61530	100	1433	181	0	63244
7758	63870	97	444	194	0	64605
7759	1831	84	283	62678	0	64876
7760	696	138	61317	1540	0	63691
7761	472	164	63963	554	0	65153
7762	309	86	1677	64777	0	66849
7763	273	100	579	65085	0	66037
7764	264	62344	435	1814	0	64857
7765	249	65140	294	903	0	66586
7766	65595	1653	215	516	0	67979
7767	1587	592	203	65246	0	67628
7768	564	63661	274	1654	0	66153
7769	439	66617	227	689	0	67972
7770	63250	1715	210	473	0	65648
7771	1642	623	200	63979	0	66444
7772	655	63792	214	1621	0	66282
7773	500	1494	211	63970	0	66175
7774	402	496	231	64351	0	65480
7775	363	331	252	63862	0	64808
7776	62020	197	224	2233	0	64674
7777	1651	61074	271	953	0	63949
7778	702	1476	238	62511	0	64927
7779	563	480	239	63139	0	64421
7780	462	315	231	63821	0	64829
7781	369	260	59059	2226	0	61914
7782	56880	170	1590	972	0	59612
7783	1667	165	590	60747	0	63169
7784	59532	166	408	1831	0	61937
7785	59632	197	292	777	0	60898
7786	59243	248	255	595	0	60341
7787	2235	248	58447	481	0	61411
7788	885	57219	1561	709	0	60374
7789	549	1442	445	58627	0	61063
7790	403	585	57282	1612	0	59882
7791	326	499	56382	697	0	57904
7792	327	454	1560	54255	0	56596
7793	248	53502	664	1514	0	55928
7794	56558	1338	374	709	0	58979
7795	57729	501	289	632	0	59151
7796	59006	378	212	608	0	60204
7797	58700	258	198	525	0	59681
7798	2040	267	56138	519	0	58964
7799	56156	238	1250	515	0	58159
7800	1722	56888	501	512	0	59623
7801	679	1335	360	59096	0	61470
7802	544	445	274	60446	0	61709
7803	60022	321	284	1879	0	62506
7804	1604	195	204	59998	0	62001
7805	741	148	57882	1819	0	60590
7806	56377	125	1326	762	0	58590
7807	58717	143	520	569	0	59949
7808	59173	125	441	446	0	60185
7809	2111	187	56820	397	0	59515
7810	53931	141	1202	360	0	55634
7811	1535	53981	587	427	0	56530
7812	56081	1053	500	340	0	57974
7813	1485	423	429	54324	0	56661
7814	604	377	233	54823	0	56037
7815	484	53436	225	1539	0	55684
7816	424	1130	196	54833	0	56583
7817	383	53926	217	1438	0	55964
7818	451	1287	323	53520	0	55581
7819	393	52562	188	1370	0	54513
7820	431	1243	152	53242	0	55068
7821	389	53152	159	1409	0	55109
7822	405	1303	152	55886	0	57746
7823	343	55317	146	1488	0	57294
7824	61059	1328	119	699	0	63205
7825	1664	477	128	61447	0	63716
7826	718	355	145	62680	0	63898
7827	551	231	125	65761	0	66668
7828	440	171	115	66738	0	67464
7829	437	251	64797	2634	0	68119
7830	400	170	1646	67085	0	69301
7831	413	155	579	69640	0	70787
7832	67502	157	323	2546	0	70528
7833	66306	156	239	1068	0	67769
7834	2426	66912	177	710	0	70225
7835	1026	1722	137	67614	0	70499
7836	710	696	153	72882	0	74441
7837	74340	434	189	2750	0	77713
7838	2536	438	70194	1167	0	74335
7839	69030	239	1978	703	0	71950
7840	2435	70938	723	553	0	74649
7841	64363	1589	195	209	0	66356
7842	63399	464	91	200	0	64154
7843	1951	62232	127	244	0	64554
7844	679	64796	122	256	0	65853
7845	578	1969	66	62088	0	64701
7846	258	594	60376	1625	0	62853
7847	60679	254	1443	511	0	62887
7848	1628	165	61278	301	0	63372
7849	60427	93	1544	175	0	62239
7850	1723	146	60673	176	0	62718
7851	601	58975	1595	203	0	61374
7852	456	1435	473	61358	0	63722
7853	59247	448	307	1516	0	61518
7854	60265	332	155	531	0	61283
7855	1978	236	112	59755	0	62081
7856	61877	163	118	1619	0	63777
7857	61860	162	135	557	0	62714
7858	2177	59776	139	340	0	62432
7859	61082	1679	106	254	0	63121
7860	1907	59918	191	290	0	62306
7861	738	1677	183	60619	0	63217
7862	60456	510	201	1743	0	62910
7863	61889	292	181	548	0	62910
7864	62426	174	187	324	0	63111
7865	2472	287	59301	213	0	62273
7866	874	272	60130	249	0	61525
7867	583	169	1987	60396	0	63135
7868	510	143	625	64918	0	66196
7869	451	66954	317	2331	0	70053
7870	67877	2064	180	861	0	70982
7871	2430	674	133	68111	0	71348
7872	994	421	112	70638	0	72165
7873	684	387	66618	2831	0	70520
7874	485	66097	2010	1109	0	69701
7875	415	69542	700	680	0	71337
7876	393	2586	356	70107	0	73442
7877	68697	872	174	2437	0	72180
7878	2538	462	156	68663	0	71819
7879	1048	291	207	71391	0	72937
7880	69014	255	345	3000	0	72614
7881	70688	214	298	1337	0	72537
7882	3004	211	186	69961	0	73362
7883	1241	307	67613	2772	0	71933
7884	785	302	2139	70063	0	73289
7885	622	260	713	72351	0	73946
7886	69808	199	395	3446	0	73848
7887	2512	177	275	70311	0	73275
7888	69498	229	294	3025	0	73046
7889	2865	377	67699	1272	0	72213
7890	1122	398	2234	70422	0	74176
7891	829	286	738	72720	0	74573
7892	653	243	414	74205	0	75515
7893	609	251	277	73433	0	74570
7894	575	244	275	73239	0	74333
7895	705	322	66844	3884	0	71755
7896	66950	235	2383	1734	0	71302
7897	2762	229	878	69276	0	73145
7898	1236	241	65890	3190	0	70557
7899	836	309	67082	1551	0	69778
7900	715	227	2943	67141	0	71026
7901	66647	252	1050	3168	0	71117
7902	67806	247	569	1563	0	70185
7903	68833	266	522	1093	0	70714
7904	3774	275	423	63157	0	67629
7905	1542	63921	480	2982	0	68925
7906	66199	2376	343	1514	0	70432
7907	67593	851	424	1226	0	70094
7908	67902	574	371	1064	0	69911
7909	67378	372	423	946	0	69119
7910	3911	346	411	64625	0	69293
7911	1887	262	62280	3142	0	67571
7912	1221	260	2455	64292	0	68228
7913	963	322	62571	3330	0	67186
7914	63099	226	2789	1681	0	67795
7915	65555	221	1083	1248	0	68107
7916	3866	199	61647	1026	0	66738
7917	63139	203	2567	969	0	66878
7918	66523	166	1024	972	0	68685
7919	3834	355	643	62514	0	67346
7920	1841	62783	477	2990	0	68091
7921	64127	2403	439	1358	0	68327
7922	3375	897	374	59980	0	64626
7923	1738	58075	382	2907	0	63102
7924	1159	2010	269	55724	0	59162
7925	1023	682	51684	2971	0	56360
7926	879	52576	2033	1458	0	56946
7927	51031	2005	1027	968	0	55031
7928	51359	629	809	1261	0	54058
7929	49354	331	425	709	0	50819
7930	49447	246	361	665	0	50719
7931	2842	380	351	45453	0	49026
7932	1508	45710	411	2037	0	49666
7933	46412	1595	368	1042	0	49417
7934	2446	611	43419	790	0	47266
7935	1157	42582	1723	695	0	46157
7936	866	1349	39226	666	0	42107
7937	653	438	1357	34739	0	37187
7938	589	34507	609	1360	0	37065
7939	529	1152	345	36701	0	38727
7940	585	490	36496	1511	0	39082
7941	588	309	1228	36571	0	38696
7942	560	236	477	37791	0	39064
7943	506	211	356	38712	0	39785
7944	35772	191	296	1902	0	38161
7945	1505	35191	304	961	0	37961
7946	780	1144	236	36115	0	38275
7947	34427	431	275	1590	0	36723
7948	1502	34512	269	881	0	37164
7949	35286	1158	247	620	0	37311
7950	1682	480	33880	496	0	36538
7951	904	297	1165	33251	0	35617
7952	713	34047	527	1302	0	36589
7953	35150	1166	311	667	0	37294
7954	1626	501	33274	495	0	35896
7955	792	32184	1248	537	0	34761
7956	589	1091	442	31418	0	33540
7957	468	534	297	32656	0	33955
7958	31705	315	253	1533	0	33806
7959	1282	283	264	31712	0	33541
7960	700	256	30059	1384	0	32399
7961	548	197	947	29205	0	30897
7962	502	237	28739	1265	0	30743
7963	516	365	984	27143	0	29008
7964	458	28278	470	1180	0	30386
7965	28407	905	320	542	0	30174
7966	27367	440	225	420	0	28452
7967	1247	25207	214	367	0	27035
7968	373	21419	132	204	0	22128
7969	562	509	335	19269	0	20675
7970	19127	168	89	497	0	19881
7971	532	231	74	18859	0	19696
7972	18789	110	76	477	0	19452
7973	482	17586	68	201	0	18337
7974	222	373	58	18104	0	18757
7975	174	147	18122	442	0	18885
7976	146	229	360	18031	0	18766
7977	138	100	156	18676	0	19070
7978	18583	76	94	498	0	19251
7979	402	18721	88	223	0	19434
7980	157	447	57	19243	0	19904
7981	19294	124	65	456	0	19939
7982	442	112	19105	165	0	19824
7983	18534	89	309	130	0	19062
7984	432	46	122	19139	0	19739
7985	172	19667	78	390	0	20307
7986	20740	362	71	150	0	21323
7987	444	128	21281	131	0	21984
7988	168	114	20863	114	0	21259
7989	133	20473	424	86	0	21116
7990	19308	344	398	41	0	20091
7991	217	62	36	19346	0	19661
7992	72	49	27	19668	0	19816
7993	19998	28	10	320	0	20356
7994	302	34	19879	119	0	20334
7995	110	19	256	20235	0	20620
7996	72	36	21325	308	0	21741
7997	59	24	300	21137	0	21520
7998	26	21427	133	320	0	21906
7999	27	307	61	22600	0	22995
8000	54	105	22123	371	0	22653
8001	22169	61	327	148	0	22705
8002	344	45	106	23062	0	23557
8003	143	36	22879	379	0	23437
8004	77	26	356	22411	0	22870
8005	50	31	129	22988	0	23198
8006	55	34	22407	477	0	22973
8007	47	48	22908	199	0	23202
8008	49	27	436	23303	0	23815
8009	48	37	23369	426	0	23880
8010	23032	38	414	160	0	23644
8011	366	28	150	23951	0	24495
8012	23917	21	113	418	0	24469
8013	450	45	23338	172	0	24005
8014	164	31	378	24439	0	25012
8015	106	33	26434	451	0	27024
8016	63	24901	502	209	0	25675
8017	87	370	26886	120	0	27463
8018	56	199	25729	105	0	26089
8019	25110	119	527	70	0	25826
8020	26228	34	206	92	0	26560
8021	524	41	26815	93	0	27473
8022	194	32	440	25134	0	25800
8023	112	58	170	27450	0	27790
8024	113	36	27771	549	0	28469
8025	53	26638	480	241	0	27412
8026	27329	392	176	140	0	28037
8027	469	131	27483	96	0	28179
8028	166	69	431	27841	0	28507
8029	116	42	178	28927	0	29263
8030	29281	36	113	589	0	30019
8031	29557	24	110	239	0	29930
8032	29595	36	95	155	0	29881
8033	29858	24	85	121	0	30088
8034	627	25	88	29536	0	30276
8035	267	51	31456	503	0	32277
8036	142	35	474	31345	0	31996
8037	117	29	183	32303	0	32632
8038	97	24	123	33783	0	34027
8039	98	42	32470	713	0	33323
8040	31247	17	493	273	0	32030
8041	540	28	179	33069	0	33816
8042	231	43	33326	614	0	34214
8043	146	33755	552	251	0	34704
8044	164	459	201	34830	0	35654
8045	86	149	141	35617	0	35993
8046	35068	75	110	699	0	35952
8047	537	35340	117	336	0	36330
8048	226	510	35301	204	0	36241
8049	162	144	540	35169	0	36015
8050	120	98	203	35950	0	36371
8051	35542	39	152	712	0	36445
8052	35323	37	123	309	0	35792
8053	672	38	105	35892	0	36707
8054	35742	37	100	644	0	36523
8055	640	34664	121	321	0	35746
8056	279	518	38159	222	0	39178
8057	151	159	542	38413	0	39265
8058	148	87	211	40033	0	40479
8059	123	69	135	40186	0	40513
8060	110	49	119	39514	0	39792
8061	96	38612	116	860	0	39684
8062	39235	506	102	376	0	40219
8063	587	186	92	39493	0	40358
8064	238	40615	136	640	0	41629
8065	41875	539	84	287	0	42785
8066	41367	154	89	247	0	41857
8067	668	42313	101	234	0	43316
8068	306	540	98	44305	0	45249
8069	192	180	80	44805	0	45257
8070	152	116	103	44287	0	44658
8071	126	82	87	45318	0	45613
8072	45128	68	90	864	0	46150
8073	45503	71	78	419	0	46071
8074	797	45392	102	332	0	46623
8075	332	632	45516	281	0	46761
8076	189	205	654	45978	0	47026
8077	46921	131	185	788	0	48025
8078	751	44388	184	367	0	45690
8079	263	45263	118	287	0	45931
8080	47501	776	75	207	0	48559
8081	47837	228	81	200	0	48346
8082	989	161	66	46882	0	48098
8083	376	146	49486	872	0	50880
8084	298	248	51620	369	0	52535
8085	55426	167	872	267	0	56732
8086	57453	76	351	193	0	58073
8087	56272	76	158	185	0	56691
8088	56392	68	107	196	0	56763
8089	56287	78	94	176	0	56635
8090	1055	55620	133	250	0	57058
8091	398	748	83	56814	0	58043
8092	271	59086	79	719	0	60155
8093	61958	719	194	243	0	63114
8094	61266	254	116	251	0	61887
8095	60765	156	59	164	0	61144
8096	60986	108	50	167	0	61311
8097	954	58216	114	178	0	59462
8098	60651	614	51	144	0	61460
8099	792	59396	146	179	0	60513
8100	331	647	51	61757	0	62786
8101	61706	181	68	672	0	62627
8102	783	171	61848	265	0	63067
8103	309	104	572	61026	0	62011
8104	228	93	155	64760	0	65236
8105	219	109	65233	791	0	66352
8106	174	62815	614	387	0	63990
8107	65466	616	152	189	0	66423
8108	64750	217	110	164	0	65241
8109	882	63470	103	225	0	64680
8110	342	671	68	65224	0	66305
8111	417	219	67487	651	0	68774
8112	210	69040	636	289	0	70175
8113	71980	613	160	181	0	72934
8114	768	241	70686	138	0	71833
8115	63680	174	563	167	0	64584
8116	69093	200	224	129	0	69646
8117	828	117	73729	143	0	74817
8118	329	71619	590	202	0	72740
8119	256	650	153	75607	0	76666
8120	251	206	77026	593	0	78076
8121	71298	139	583	208	0	72228
8122	76843	93	152	163	0	77251
8123	708	76207	156	215	0	77286
8124	312	525	75	78380	0	79292
8125	216	280	67	80279	0	80842
8126	265	151	80587	629	0	81632
8127	201	79676	534	337	0	80748
8128	90858	546	186	161	0	91751
8129	91041	184	114	111	0	91450
8130	93090	139	75	202	0	93506
8131	750	113	92242	121	0	93226
8132	90174	103	482	102	0	90861
8133	94234	101	152	100	0	94587
8134	655	99	106	94690	0	95550
8135	338	94	92791	463	0	93686
8136	235	77	430	91565	0	92307
8137	247	82	94976	533	0	95838
8138	152	280	441	91681	0	92554
8139	155	91617	214	604	0	92590
8140	134	101048	150	296	0	101628
8141	128	516	80	105401	0	106125
8142	172	169	74	103179	0	103594
8143	105231	93	69	549	0	105942
8144	538	120	104664	199	0	105521
8145	100143	94	421	121	0	100779
8146	494	103563	244	177	0	104478
8147	109580	425	83	108	0	110196
8148	109495	151	83	108	0	109837
8149	601	93	74	109101	0	109869
8150	328	120	115592	477	0	116517
8151	185	94	432	115396	0	116107
8152	167	118756	246	514	0	119683
8153	154	545	100	124285	0	125084
8154	140	222	64	124681	0	125107
8155	125132	112	66	723	0	126033
8156	612	86	54	121821	0	122573
8157	256	117345	129	737	0	118467
8158	176	544	58	124277	0	125055
8159	124434	181	74	704	0	125393
8160	634	123104	152	443	0	124333
8161	241	678	75	130928	0	131922
8162	187	204	70	131207	0	131668
8163	152	186	46	136175	0	136559
8164	131	165	57	136339	0	136692
8165	138446	63	60	1362	0	139931
8166	1138	93	41	140450	0	141722
8167	385	75	49	142899	0	143408
8168	203	158	72	144581	0	145014
8169	256	141068	149	2005	0	143478
8170	144562	1397	125	767	0	146851
8171	1752	594	142309	345	0	145000
8172	466	137643	1446	614	0	140169
8173	141735	1489	377	302	0	143903
8174	1742	510	147177	382	0	149811
8175	456	145035	1517	563	0	147571
8176	520	1709	362	150753	0	153344
8177	201	149477	360	1694	0	151732
8178	197	1691	150811	497	0	153196
8179	325	683	151982	453	0	153443
8180	211	148691	1836	481	0	151219
8181	159551	1516	516	142	0	161725
8182	158735	400	328	332	0	159795
8183	1866	408	150602	287	0	153163
8184	676	463	140344	275	0	141758
8185	469	322	149166	289	0	150246
8186	335	165	1676	148682	0	150858
8187	135	157	561	150485	0	151338
8188	91	161	338	156684	0	157274
8189	264	222	160253	2058	0	162797
8190	147	273	1447	154446	0	156313
8191	252	180	435	161319	0	162186
8192	293	241	156934	2012	0	159480
8193	143337	300	1685	798	0	146120
8194	1707	122	610	165950	0	168389
8195	496	229	535	165539	0	166799
8196	349	163931	403	2196	0	166879
8197	169497	1580	497	923	0	172497
8198	1824	775	166097	595	0	169291
8199	165027	365	1795	535	0	167722
8200	1842	343	706	168869	0	171760
8201	855	417	170898	1947	0	174117
8202	504	182	1887	170931	0	173504
8203	176029	301	789	2038	0	179157
8204	1992	288	173434	897	0	176611
8205	170580	179	1985	635	0	173379
8206	175842	203	834	590	0	177469
8207	178070	208	588	517	0	179383
8208	2493	169040	693	1542	0	173768
8209	992	1667	446	181370	0	184475
8210	184852	528	456	2119	0	187955
8211	183418	357	383	1090	0	185248
8212	185990	230	480	774	0	187474
8213	2989	302	178743	564	0	182598
8214	185627	239	2041	597	0	188504
8215	2725	180	877	198192	0	201974
8216	1326	236	195219	3161	0	199942
8217	842	308	2901	202195	0	206246
8218	698	200	901	208242	0	210041
8219	677	344	208140	4691	0	213852
8220	700	231	3623	208175	0	212729
8221	594	147	1287	220781	0	222809
8222	619	320	242185	5397	0	248521
8223	253375	128	5298	2302	0	261103
8224	282274	155	2268	1475	0	286172
8225	8432	128	1554	291767	0	301881
8226	3819	385	284871	8089	0	297164
8227	2734	214	7544	284320	0	294812
8228	2073	279079	2742	9055	0	292949
8229	2001	7193	1776	285933	0	296903
8230	1478	2172	1321	294933	0	299904
8231	288544	1443	1193	11246	0	302426
8232	287730	918	1207	5505	0	295360
8233	295450	870	1011	3887	0	301218
8234	11417	828	859	287671	0	300775
8235	5213	629	702	296910	0	303454
8236	3838	978	275974	11965	0	292755
8237	3215	634	7315	279203	0	290367
8238	2775	279216	2599	10910	0	295500
8239	285073	7450	1940	4976	0	299439
8240	8962	276784	1616	5123	0	292485
8241	284502	8616	1389	3413	0	297920
8242	10013	3332	1399	268686	0	283430
8243	4000	273152	1380	9415	0	287947
8244	278493	8760	1043	4146	0	292442
8245	277695	3516	1122	3268	0	285601
8246	11609	2645	834	274584	0	289672
8247	5467	272862	1132	9822	0	289283
8248	4017	8818	901	279343	0	293079
8249	3495	3560	265263	11011	0	283329
8250	262063	2477	7768	4891	0	277199
8251	9779	262747	2775	4688	0	279989
8252	265494	8685	1936	3463	0	279578
8253	10489	3293	1501	266548	0	281831
8254	270921	2533	1579	10263	0	285296
8255	11786	1968	266851	4521	0	285126
8256	276126	1683	8626	3815	0	290250
8257	284437	1486	3143	3226	0	292292
8258	14112	1469	269945	3391	0	288917
8259	7466	1208	9329	270648	0	288651
8260	5710	1094	3956	279749	0	290509
8261	268346	1287	2947	13049	0	285629
8262	11698	263181	2533	6755	0	284167
8263	5499	9070	2257	265274	0	282100
8264	4795	3554	256582	11903	0	276834
8265	4210	2735	251913	6215	0	265073
8266	3735	247367	9963	5627	0	266692
8267	4734	8775	250332	4128	0	267969
8268	246007	3753	9943	3961	0	263664
8269	10095	2964	4423	244062	0	261544
8270	251210	2037	3808	10382	0	267437
8271	10868	2244	243947	5135	0	262194
8272	5088	1940	9679	245408	0	262115
8273	4421	2011	4259	253392	0	264083
8274	4191	2148	237550	12020	0	255909
8275	4036	1829	9000	242016	0	256881
8276	238474	1823	3909	11980	0	256186
8277	243101	1573	3151	6226	0	254051
8278	12365	1347	2519	238762	0	254993
8279	237270	1475	2399	11379	0	252523
8280	238824	1279	2112	6235	0	248450
8281	13452	225223	2036	5337	0	246048
8282	7563	8158	1866	233099	0	250686
8283	234019	3134	1724	11234	0	250111
8284	12280	2564	1719	233586	0	250149
8285	226981	2143	1870	11989	0	242983
8286	12679	2106	1702	226332	0	242819
8287	6846	2042	220275	12241	0	241404
8288	5831	222794	8474	6653	0	243752
8289	5174	9046	3683	196865	0	214768
8290	5189	218461	3094	10034	0	236778
8291	216025	9471	2808	5484	0	233788
8292	10970	212750	2847	4912	0	231479
8293	5645	217150	2598	4825	0	230218
8294	4999	11210	2516	211425	0	230150
8295	209789	5467	2151	11119	0	228526
8296	10424	4237	1901	209916	0	226478
8297	208291	3569	1736	12175	0	225771
8298	209162	3420	1819	6171	0	220572
8299	12252	204622	1880	5524	0	224278
8300	211098	9358	2113	4383	0	226952
8301	213293	4092	2155	4116	0	223656
8302	213182	3201	2068	3730	0	222181
8303	15206	2631	193525	3432	0	214794
8304	8719	2422	8181	194897	0	214219
8305	7248	2089	3504	204140	0	216981
8306	6266	1898	191025	12257	0	211446
8307	196107	1737	8763	6512	0	213119
8308	204760	1537	4113	5415	0	215825
8309	203064	1423	3316	4917	0	212720
8310	196793	1438	2697	4690	0	205618
8311	14462	185430	2349	4716	0	206957
8312	188171	7859	1912	3768	0	201710
8313	13971	3154	1616	184348	0	203089
8314	8563	2708	168132	9692	0	189095
8315	167271	2029	6503	4311	0	180114
8316	11789	166211	2717	3933	0	184650
8317	154926	7392	1952	3100	0	167370
8318	10567	152007	1495	3512	0	167581
8319	6013	147188	1545	3318	0	158064
8320	5011	145522	1764	3294	0	155591
8321	5007	141362	2087	3204	0	151660
8322	4675	7982	101065	2512	0	116234
8323	3821	9059	4991	79027	0	96898
8324	1581	1233	68498	3357	0	74669
8325	52569	578	2103	956	0	56206
8326	2040	52599	755	852	0	56246
8327	949	54201	461	766	0	56377
8328	920	2219	397	51362	0	54898
8329	779	995	287	53211	0	55272
8330	701	838	50367	2189	0	54095
8331	691	713	50506	954	0	52864
8332	708	660	1794	50081	0	53243
8333	729	408	49383	1959	0	52479
8334	852	48435	1758	940	0	51985
8335	920	1592	651	49528	0	52691
8336	881	733	477	52734	0	54825
8337	977	463	50787	2122	0	54349
8338	933	366	1512	51515	0	54326
8339	51837	320	700	2052	0	54909
8340	2059	284	600	50894	0	53837
8341	947	296	492	50648	0	52383
8342	798	298	47841	2524	0	51461
8343	47027	284	1685	1233	0	50229
8344	2171	48095	723	839	0	51828
8345	1334	1584	367	50039	0	53324
8346	1224	661	48464	1862	0	52211
8347	1014	582	1556	49011	0	52163
8348	49337	513	544	2039	0	52433
8349	2304	518	48134	896	0	51852
8350	1113	644	1641	48565	0	51963
8351	829	431	48874	2051	0	52185
8352	751	48379	1771	1070	0	51971
8353	885	1713	46847	684	0	50129
8354	582	45478	1594	633	0	48287
8355	358	1304	37857	370	0	39889
8356	342	795	1035	32460	0	34632
8357	184	34291	439	829	0	35743
8358	34345	851	205	350	0	35751
8359	846	369	149	34848	0	36212
8360	35565	247	137	829	0	36778
8361	946	242	120	36190	0	37498
8362	422	178	118	37661	0	38379
8363	36978	144	122	1270	0	38514
8364	37853	117	130	480	0	38580
8365	1217	122	138	39242	0	40719
8366	543	125	38564	1083	0	40315
8367	383	37428	936	452	0	39199
8368	307	941	38402	276	0	39926
8369	243	38899	937	262	0	40341
8370	39224	872	377	180	0	40653
8371	994	359	38207	171	0	39731
8372	392	226	37725	170	0	38513
8373	213	139	1045	36477	0	37874
8374	38080	119	376	924	0	39499
8375	938	130	38984	392	0	40444
8376	396	39497	947	218	0	41058
8377	42427	798	316	169	0	43710
8378	43507	317	187	161	0	44172
8379	44122	175	152	160	0	44609
8380	44534	168	143	156	0	45001
8381	44143	141	116	173	0	44573
8382	1227	126	42432	180	0	43965
8383	460	152	816	41102	0	42530
8384	290	41895	372	768	0	43325
8385	43182	830	195	294	0	44501
8386	856	43342	182	223	0	44603
8387	40531	663	100	102	0	41396
8388	40572	212	91	101	0	40976
8389	755	39235	121	190	0	40301
8390	40894	614	79	95	0	41682
8391	719	211	95	40708	0	41733
8392	272	132	91	41725	0	42220
8393	203	95	39999	806	0	41103
8394	148	39592	637	323	0	40700
8395	147	590	230	41722	0	42689
8396	143	215	141	42073	0	42572
8397	133	125	105	42037	0	42400
8398	134	106	39901	872	0	41013
8399	37479	98	638	322	0	38537
8400	685	102	225	40821	0	41833
8401	41234	72	157	723	0	42186
8402	792	131	102	41657	0	42682
8403	344	79	41839	785	0	43047
8404	252	127	41865	304	0	42548
8405	40640	78	843	213	0	41774
8406	43602	71	283	145	0	44101
8407	901	40939	225	170	0	42235
8408	362	682	41930	132	0	43106
8409	206	243	648	41515	0	42612
8410	211	184	249	41905	0	42549
8411	46043	101	130	807	0	47081
8412	46152	78	106	311	0	46647
8413	46192	69	87	215	0	46563
8414	941	92	44660	144	0	45837
8415	45778	65	662	145	0	46650
8416	800	87	222	46913	0	48022
8417	342	69	139	47121	0	47671
8418	224	73	109	47552	0	47958
8419	176	45476	139	891	0	46682
8420	45680	649	112	327	0	46768
8421	776	226	92	45510	0	46604
8422	358	148	44856	757	0	46119
8423	230	85	657	44634	0	45606
8424	157	43955	273	787	0	45172
8425	46032	633	178	286	0	47129
8426	750	211	130	45657	0	46748
8427	317	156	99	45381	0	45953
8428	260	235	44737	896	0	46128
8429	209	96	654	44283	0	45242
8430	193	44445	283	810	0	45731
8431	224	663	136	46367	0	47390
8432	237	233	46081	811	0	47362
8433	42416	110	679	343	0	43548
8434	45395	82	237	241	0	45955
8435	823	45182	188	216	0	46409
8436	45302	547	115	109	0	46073
8437	46922	166	85	127	0	47300
8438	878	45567	113	227	0	46785
8439	383	759	74	46953	0	48169
8440	48126	187	81	757	0	49151
8441	770	47243	141	290	0	48444
8442	273	745	47888	190	0	49096
8443	48028	168	874	159	0	49229
8444	50775	109	188	120	0	51192
8445	50533	75	97	131	0	50836
8446	50372	70	83	115	0	50640
8447	998	49579	121	266	0	50964
8448	52651	743	72	139	0	53605
8449	54062	176	80	133	0	54451
8450	54735	103	127	142	0	55107
8451	1107	80	56	54289	0	55532
8452	53839	75	80	977	0	54971
8453	970	55018	113	481	0	56582
8454	336	1077	59052	173	0	60638
8455	231	207	1097	62959	0	64494
8456	64177	138	262	1386	0	65963
8457	1446	144	63707	302	0	65599
8458	383	72	1238	64334	0	66027
8459	284	137	62969	1546	0	64936
8460	192	61732	1375	548	0	63847
8461	192	1281	258	63080	0	64811
8462	305	336	61568	1387	0	63596
8463	169	61202	1280	368	0	63019
8464	271	1254	246	61857	0	63628
8465	62575	218	269	1264	0	64326
8466	64060	141	133	284	0	64618
8467	64589	96	113	223	0	65021
8468	64331	81	104	168	0	64684
8469	64135	72	100	164	0	64471
8470	1589	130	61321	152	0	63192
8471	62510	79	1114	145	0	63848
8472	64774	86	268	144	0	65272
8473	1498	160	170	63621	0	65449
8474	64114	75	127	1255	0	65571
8475	61801	79	107	305	0	62292
8476	1436	59539	140	256	0	61371
8477	491	1209	105	61409	0	63214
8478	371	223	100	62364	0	63058
8479	60735	169	103	1507	0	62514
8480	1423	59044	130	470	0	61067
8481	451	61338	125	333	0	62247
8482	447	1415	182	63186	0	65230
8483	420	345	99	64493	0	65357
8484	304	193	112	63944	0	64553
8485	272	154	68	65207	0	65701
8486	62918	108	83	1846	0	64955
8487	62891	126	92	546	0	63655
8488	1856	171	62134	338	0	64499
8489	551	127	1335	60998	0	63011
8490	385	207	235	63873	0	64700
8491	364	126	61187	1738	0	63415
8492	59196	100	1352	526	0	61174
8493	1544	60365	281	449	0	62639
8494	61948	1400	181	271	0	63800
8495	1690	290	117	61065	0	63162
8496	517	254	60702	1590	0	63063
8497	358	143	1343	62010	0	63854
8498	343	176	63902	1711	0	66132
8499	303	63480	1442	597	0	65822
8500	63820	1464	626	354	0	66264
8501	64352	422	278	263	0	65315
8502	1585	62702	194	330	0	64811
8503	502	1342	142	62924	0	64910
8504	62069	295	137	1476	0	63977
8505	1453	61043	192	453	0	63141
8506	453	1376	110	62535	0	64474
8507	63168	302	228	1502	0	65200
8508	1615	275	60856	411	0	63157
8509	60263	165	1262	364	0	62054
8510	1535	61103	336	353	0	63327
8511	61935	1343	230	279	0	63787
8512	61992	304	181	299	0	62776
8513	1763	261	60201	295	0	62520
8514	642	197	1281	58191	0	60311
8515	417	176	315	62251	0	63159
8516	399	201	60897	1661	0	63158
8517	355	190	1307	59517	0	61369
8518	342	195	325	61667	0	62529
8519	62253	146	237	1720	0	64356
8520	63068	151	191	555	0	63965
8521	1723	154	180	61653	0	63710
8522	651	147	61260	1584	0	63642
8523	452	148	1342	61477	0	63419
8524	374	143	325	63407	0	64249
8525	435	157	62509	1729	0	64830
8526	425	156	1312	64330	0	66223
8527	64638	130	350	1662	0	66780
8528	64484	123	251	568	0	65426
8529	1678	62648	228	595	0	65149
8530	65508	1326	175	426	0	67435
8531	65342	282	167	408	0	66199
8532	1729	63840	196	371	0	66136
8533	67136	1364	148	362	0	69010
8534	67655	321	149	348	0	68473
8535	68750	238	142	360	0	69490
8536	1934	186	65182	352	0	67654
8537	64276	145	1132	323	0	65876
8538	1494	132	284	66798	0	68708
8539	66926	117	217	1488	0	68748
8540	1644	166	64305	541	0	66656
8541	582	62599	1234	416	0	64831
8542	64342	1172	373	279	0	66166
8543	1374	65115	258	318	0	67065
8544	558	1301	182	65498	0	67539
8545	409	378	130	67698	0	68615
8546	66910	245	130	1598	0	68883
8547	66179	129	152	612	0	67072
8548	1699	175	64091	421	0	66386
8549	642	189	60222	278	0	61331
8550	474	157	61589	249	0	62469
8551	301	409	1325	60026	0	62061
8552	349	125	61057	1245	0	62776
8553	243	165	57133	409	0	57950
8554	851	1380	1029	51583	0	54843
8555	55173	76	288	913	0	56450
8556	55550	31	118	269	0	55968
8557	55438	26	97	140	0	55701
8558	54977	30	96	97	0	55200
8559	914	31	74	55030	0	56049
8560	343	27	71	56187	0	56628
8561	200	74	58925	879	0	60078
8562	146	47	779	57948	0	58920
8563	160	58	296	60061	0	60575
8564	62113	45	159	1115	0	63432
8565	61859	50	96	443	0	62448
8566	1226	32	83	60865	0	62206
8567	62163	32	80	986	0	63261
8568	62483	34	100	390	0	63007
8569	1287	34	87	62556	0	63964
8570	517	30	78	63405	0	64030
8571	307	69	61204	1398	0	62978
8572	219	117	60283	564	0	61183
8573	155	149	1235	61534	0	63073
8574	178	48	441	63931	0	64598
8575	219	65	62948	1327	0	64559
8576	60446	40	960	522	0	61968
8577	61682	28	363	310	0	62383
8578	1442	69	60243	212	0	61966
8579	565	57746	973	248	0	59532
8580	62267	740	340	179	0	63526
8581	1050	308	65277	183	0	66818
8582	445	205	860	63476	0	64986
8583	251	46	393	66901	0	67591
8584	70223	32	244	1138	0	71637
8585	73963	21	180	538	0	74702
8586	1227	27	163	73458	0	74875
8587	546	44	164	79002	0	79756
8588	79476	31	137	1293	0	80937
8589	79846	34	139	596	0	80615
8590	79356	47	142	359	0	79904
8591	1635	98	78969	257	0	80959
8592	681	38	1062	79226	0	81007
8593	388	30	428	82289	0	83135
8594	81878	28	276	1548	0	83730
8595	1203	80265	256	817	0	82541
8596	91416	1006	215	410	0	93047
8597	1931	90734	269	379	0	93313
8598	732	1859	157	94849	0	97597
8599	465	509	180	97989	0	99143
8600	435	249	94403	2856	0	97943
8601	376	103	2104	95264	0	97847
8602	450	159	95338	2730	0	98677
8603	354	105	2247	96435	0	99141
8604	396	90	715	97578	0	98779
8605	357	90505	541	3022	0	94425
8606	360	96013	294	1291	0	97958
8607	390	2584	258	96753	0	99985
8608	398	732	238	99584	0	100952
8609	392	337	215	100627	0	101571
8610	396	168	245	102229	0	103038
8611	398	150	210	104166	0	104924
8612	469	159	99509	3745	0	103882
8613	397	155	2462	99632	0	102646
8614	391	126	776	103758	0	105051
8615	440	243	96042	3685	0	100410
8616	342	93796	2452	1782	0	98372
8617	330	2415	798	99351	0	102894
8618	441	760	96115	3159	0	100475
8619	313	94894	2596	1517	0	99320
8620	360	2492	835	100791	0	104478
8621	101808	742	490	3147	0	106187
8622	2683	414	344	101563	0	105004
8623	1006	276	295	103671	0	105248
8624	605	261	296	105460	0	106622
8625	403	234	306	103324	0	104267
8626	389	95289	382	4064	0	100124
8627	333	2419	309	101806	0	104867
8628	104886	731	337	3656	0	109610
8629	2669	444	319	106566	0	109998
8630	927	298	321	106907	0	108453
8631	579	296	301	109396	0	110572
8632	103752	239	319	4248	0	108558
8633	104325	224	304	2038	0	106891
8634	3306	258	308	105131	0	109003
8635	102617	283	279	3549	0	106728
8636	102884	225	277	1710	0	105096
8637	3287	100674	329	1351	0	105641
8638	101012	2451	237	1064	0	104764
8639	2682	99266	314	1159	0	103421
8640	896	100931	307	1113	0	103247
8641	680	2912	295	103282	0	107169
8642	506	989	102869	3179	0	107543
8643	417	623	2213	100899	0	104152
8644	408	363	709	104026	0	105506
8645	399	100810	511	3511	0	105231
8646	103260	2439	289	1528	0	107516
8647	2539	788	270	103191	0	106788
8648	918	588	107883	3218	0	112607
8649	534	570	2121	107912	0	111137
8650	428	107817	821	3271	0	112337
8651	112234	2306	431	1468	0	116439
8652	2398	783	285	112596	0	116062
8653	935	560	110903	3224	0	115622
8654	600	405	2070	111922	0	114997
8655	457	106195	692	3209	0	110553
8656	429	2410	443	111059	0	114341
8657	113721	809	303	3428	0	118261
8658	116571	562	305	1758	0	119196
8659	117131	401	339	1443	0	119314
8660	3370	114360	373	1355	0	119458
8661	116299	2518	337	1121	0	120275
8662	3079	817	295	116203	0	120394
8663	115320	581	315	3466	0	119682
8664	2926	114158	300	1750	0	119134
8665	1084	2990	237	118689	0	123000
8666	747	1070	117311	3503	0	122631
8667	109872	643	2318	1649	0	114482
8668	2604	117417	785	1361	0	122167
8669	922	2705	413	120667	0	124707
8670	585	909	247	123946	0	125687
8671	462	561	276	122704	0	124003
8672	437	466	267	119968	0	121138
8673	389	115703	316	3939	0	120347
8674	121000	2499	280	1781	0	125560
8675	121345	901	256	1287	0	123789
8676	3364	695	120724	1088	0	125871
8677	1264	455	2381	123026	0	127126
8678	869	489	123131	3180	0	127669
8679	122448	403	2508	1454	0	126813
8680	126273	377	744	1173	0	128567
8681	122171	348	435	1011	0	123965
8682	3583	355	286	116999	0	121223
8683	1367	113183	313	3064	0	117927
8684	118109	2518	198	1314	0	122139
8685	2908	992	172	115309	0	119381
8686	115810	552	374	3130	0	119866
8687	3087	446	107366	1342	0	112241
8688	1183	418	105285	917	0	107803
8689	109057	307	2459	697	0	112520
8690	2712	293	764	109919	0	113688
8691	108605	248	428	2675	0	111956
8692	2795	105435	331	1236	0	109797
8693	110595	2299	223	833	0	113950
8694	111521	834	231	636	0	113222
8695	3361	638	108068	633	0	112700
8696	1026	404	96211	378	0	98019
8697	694	93817	1810	394	0	96715
8698	1074	1244	774	97281	0	100373
8699	98709	415	676	1220	0	101020
8700	1218	222	152	98168	0	99760
8701	549	186	106	101979	0	102820
8702	471	209	97210	1580	0	99470
8703	96088	149	1036	638	0	97911
8704	1278	376	375	102798	0	104827
8705	662	231	100065	1279	0	102237
8706	487	272	98105	545	0	99409
8707	360	435	1250	100673	0	102718
8708	379	195	101119	1233	0	102926
8709	402	204	100302	621	0	101529
8710	302	366	1203	91716	0	93587
8711	378	166	103225	1020	0	104789
8712	252	181	894	100278	0	101605
8713	221	95896	534	1079	0	97730
8714	105365	808	219	487	0	106879
8715	996	103853	261	461	0	105571
8716	410	1118	146	108119	0	109793
8717	310	107477	252	1196	0	109235
8718	364	1301	111159	517	0	113341
8719	291	439	1375	131143	0	133248
8720	381	441	154692	2802	0	158316
8721	156409	153	3456	998	0	161016
8722	3735	165203	1479	575	0	170992
8723	171878	3892	659	332	0	176761
8724	4583	1454	388	168576	0	175001
8725	172236	728	395	4029	0	177388
8726	4998	707	165430	1618	0	172753
8727	1983	165848	4065	1134	0	173030
8728	169811	4001	1432	541	0	175785
8729	4576	1628	816	160004	0	167024
8730	1934	164283	611	3782	0	170610
8731	1125	4385	379	171673	0	177562
8732	172237	1648	440	4830	0	179155
8733	4621	181627	446	2447	0	189141
8734	187710	5317	384	1127	0	194538
8735	6269	2146	178599	697	0	187711
8736	182369	1091	5063	590	0	189113
8737	6412	658	1708	182851	0	191629
8738	182565	468	993	5463	0	189489
8739	6028	178904	697	2045	0	187674
8740	2420	5185	540	183176	0	191321
8741	1368	1906	373	188623	0	192270
8742	1066	1197	175099	7114	0	184476
8743	857	638	5146	177723	0	184364
8744	846	581	1787	184793	0	188007
8745	786	664	919	185034	0	187403
8746	838	397	583	187153	0	188971
8747	774	565	176474	8230	0	186043
8748	859	166760	5378	3526	0	176523
8749	699	5234	1992	175706	0	183631
8750	172401	1935	1130	6359	0	181825
8751	174759	1047	777	2677	0	179260
8752	7075	170984	656	2107	0	180822
8753	173345	5724	564	1331	0	180964
8754	175215	2023	618	1341	0	179197
8755	175525	1143	517	1267	0	178452
8756	8006	168274	642	1243	0	178165
8757	167563	5380	655	963	0	174561
8758	6596	2367	554	161845	0	171362
8759	2861	1152	158208	5786	0	168007
8760	1621	156363	4991	2684	0	165659
8761	1373	5262	1538	161577	0	169750
8762	1133	2137	155482	5680	0	164432
8763	154505	1306	4986	2445	0	163242
8764	5497	777	1690	157971	0	165935
8765	2358	669	1078	160449	0	164554
8766	1546	649	642	159019	0	161856
8767	1241	553	465	160996	0	163255
8768	1187	674	148461	7741	0	158063
8769	141306	553	4852	3468	0	150179
8770	5368	147004	1894	2344	0	156610
8771	150839	5167	1062	1328	0	158396
8772	5945	149058	722	1499	0	157224
8773	152727	5641	639	1195	0	160202
8774	6401	2133	578	150930	0	160042
8775	2726	1457	146832	5799	0	156814
8776	1949	960	147968	2588	0	153465
8777	1544	752	6205	147039	0	155540
8778	1357	709	2262	150315	0	154643
8779	1055	800	1200	153512	0	156567
8780	146691	581	876	7979	0	156127
8781	5732	684	143617	3665	0	153698
8782	2350	774	5221	140060	0	148405
8783	1634	143496	1939	5780	0	152849
8784	145730	5164	1175	2693	0	154762
8785	6067	2072	142149	1752	0	152040
8786	2701	137937	5468	1778	0	147884
8787	2070	5322	142340	1487	0	151219
8788	1410	1978	5616	144272	0	153276
8789	1344	1243	143391	6244	0	152222
8790	1201	1037	145680	2866	0	150784
8791	1036	830	6892	144578	0	153336
8792	1317	750	142790	6370	0	151227
8793	1211	880	145387	2855	0	150333
8794	1184	745	6855	141350	0	150134
8795	140027	854	2840	6329	0	150050
8796	5959	695	137472	2919	0	147045
8797	2317	731	5727	136627	0	145402
8798	1486	672	2607	141926	0	146691
8799	136039	676	1947	7442	0	146104
8800	5655	669	1270	137921	0	145515
8801	133685	547	1163	7110	0	142505
8802	6138	130530	1170	3444	0	141282
8803	2686	5033	989	135035	0	143743
8804	133792	1829	1160	6445	0	143226
8805	136977	1059	1044	3172	0	142252
8806	7180	940	902	133379	0	142401
8807	3242	800	128077	6434	0	138553
8808	126073	659	5429	2960	0	135121
8809	5814	128546	2187	2312	0	138859
8810	129223	5063	1625	1770	0	137681
8811	130716	1845	1132	1803	0	135496
8812	132202	1072	1147	1751	0	136172
8813	7843	791	123217	1512	0	133363
8814	3326	121646	5287	1666	0	131925
8815	2120	5702	2234	119884	0	129940
8816	1596	2825	1607	123796	0	129824
8817	1514	1193	115077	7034	0	124818
8818	1418	108573	4719	3336	0	118046
8819	999	89372	1735	1652	0	93758
8820	673	66236	796	832	0	68537
8821	56313	2475	3880	697	0	63365
8822	2729	531	299	52206	0	55765
8823	709	335	290	53455	0	54789
8824	538	362	51586	2124	0	54610
8825	50277	297	1545	782	0	52901
8826	1957	212	450	52267	0	54886
8827	747	683	351	53181	0	54962
8828	702	223	50099	2172	0	53196
8829	459	49492	1615	839	0	52405
8830	402	2137	609	50351	0	53499
8831	407	492	49161	1974	0	52034
8832	342	42293	1134	627	0	44396
8833	34390	574	148	185	0	35297
8834	743	175	35471	188	0	36577
8835	352	142	506	33808	0	34808
8836	180	34213	174	511	0	35078
8837	35446	532	262	234	0	36474
8838	593	140	138	35226	0	36097
8839	35600	123	130	580	0	36433
8840	35736	145	142	246	0	36269
8841	596	34668	164	182	0	35610
8842	35805	608	85	130	0	36628
8843	38085	236	78	144	0	38543
8844	726	171	38180	128	0	39205
8845	38204	138	500	145	0	38987
8846	754	121	38663	150	0	39688
8847	37457	36	378	88	0	37959
8848	38188	47	153	86	0	38474
8849	492	61	38308	75	0	38936
8850	149	55	320	38084	0	38608
8851	128	84	39418	368	0	39998
8852	140	147	36969	112	0	37368
8853	149	82	40456	95	0	40782
8854	130	41	518	39711	0	40400
8855	72	26	117	45011	0	45226
8856	63	37	67	45409	0	45576
8857	64	36	44	47129	0	47273
8858	93	48	48560	494	0	49195
8859	78	34	439	48637	0	49188
8860	63	48740	176	615	0	49594
8861	118	497	51549	180	0	52344
8862	55	143	582	50864	0	51644
8863	107	118	52839	613	0	53677
8864	58	51080	676	276	0	52090
8865	51	52607	250	174	0	53082
8866	46	668	97	53505	0	54316
8867	99	223	52737	608	0	53667
8868	84	138	53321	225	0	53768
8869	57	136	704	53887	0	54784
8870	55	45	242	54362	0	54704
8871	50	50	115	55998	0	56213
8872	112	112	54066	814	0	55104
8873	47	53500	652	410	0	54609
8874	62	56961	250	204	0	57477
8875	47	734	116	58575	0	59472
8876	74	254	57265	667	0	58260
8877	111	258	57280	266	0	57915
8878	50	58895	799	229	0	59973
8879	61356	656	296	109	0	62417
8880	617	60111	233	189	0	61150
8881	245	719	65088	149	0	66201
8882	65565	226	913	123	0	66827
8883	904	126	313	68676	0	70019
8884	70112	90	174	1013	0	71389
8885	1043	89	124	70871	0	72127
8886	323	93	106	72632	0	73154
8887	72001	97	119	1449	0	73666
8888	1145	72959	160	625	0	74889
8889	460	1254	71433	269	0	73416
8890	165	74618	1151	220	0	76154
8891	75378	1261	388	122	0	77149
8892	1163	74396	201	277	0	76037
8893	75961	1291	144	149	0	77545
8894	75684	417	138	144	0	76383
8895	1510	75365	152	183	0	77210
8896	489	1240	119	76458	0	78306
8897	76184	424	108	1303	0	78019
8898	77030	198	131	490	0	77849
8899	1550	144	130	75684	0	77508
8900	598	162	74141	1319	0	76220
8901	290	199	74971	471	0	75931
8902	190	233	1555	75778	0	77756
8903	202	174	74488	1421	0	76285
8904	71331	138	1404	505	0	73378
8905	1269	72571	533	349	0	74722
8906	463	1223	183	75586	0	77455
8907	246	420	146	76701	0	77513
8908	185	232	161	76464	0	77042
8909	174	178	128	75681	0	76161
8910	158	152	144	76914	0	77368
8911	222	208	73100	1807	0	75337
8912	159	72783	1252	665	0	74859
8913	76419	1266	438	324	0	78447
8914	1360	449	221	75410	0	77440
8915	483	243	169	76680	0	77575
8916	276	166	178	77548	0	78168
8917	204	75269	187	2081	0	77741
8918	225	1345	156	79294	0	81020
8919	161	491	158	80593	0	81403
8920	77919	233	152	2035	0	80339
8921	1409	75413	216	842	0	77880
8922	489	76582	216	701	0	77988
8923	252	1749	130	78448	0	80579
8924	77652	562	156	1679	0	80049
8925	1555	331	77194	682	0	79762
8926	75121	227	1458	474	0	77280
8927	1671	288	80024	381	0	82364
8928	588	295	1460	80602	0	82945
8929	343	200	460	83070	0	84073
8930	247	203	253	83418	0	84121
8931	257	200	178	82853	0	83488
8932	219	221	177	83043	0	83660
8933	81331	195	162	2197	0	83885
8934	1571	212	78379	876	0	81038
8935	567	210	1363	80663	0	82803
8936	405	222	82996	1771	0	85394
8937	254	82212	1570	935	0	84971
8938	84781	1464	540	529	0	87314
8939	1669	558	86628	485	0	89340
8940	601	308	1540	87040	0	89489
8941	408	220	538	91201	0	92367
8942	312	216	90383	2379	0	93290
8943	324	236	90526	1004	0	92090
8944	270	225	2215	87463	0	90173
8945	92728	174	706	2034	0	95642
8946	93272	156	395	906	0	94729
8947	2192	90171	295	733	0	93391
8948	94745	1663	267	472	0	97147
8949	1951	608	215	91720	0	94494
8950	700	94918	290	2005	0	97913
8951	458	1637	223	98710	0	101028
8952	404	654	97129	2196	0	100383
8953	322	314	1684	94562	0	96882
8954	307	242	601	98097	0	99247
8955	92864	187	336	2418	0	95805
8956	1776	90816	269	1196	0	94057
8957	91190	1643	222	538	0	93593
8958	1802	88476	236	625	0	91139
8959	86221	1665	193	392	0	88471
8960	1708	84842	228	545	0	87323
8961	619	85649	229	415	0	86912
8962	87854	1825	305	369	0	90353
8963	1672	677	200	84162	0	86711
8964	615	85399	202	1538	0	87754
8965	89270	1498	301	639	0	91708
8966	88635	481	163	488	0	89767
8967	91179	272	171	391	0	92013
8968	89673	196	151	413	0	90433
8969	1951	88410	208	479	0	91048
8970	693	1449	186	92036	0	94364
8971	414	522	157	94100	0	95193
8972	95572	304	155	1968	0	97999
8973	1560	216	150	93177	0	95103
8974	92503	198	144	1793	0	94638
8975	1682	243	89053	746	0	91724
8976	87877	179	1335	508	0	89899
8977	1709	203	90043	380	0	92335
8978	625	680	1462	89073	0	91840
8979	90652	202	443	1536	0	92833
8980	1512	87730	310	747	0	90299
8981	86474	1164	117	353	0	88108
8982	1307	85945	201	415	0	87868
8983	508	1465	81	93203	0	95257
8984	388	433	90448	1206	0	92475
8985	82120	451	952	515	0	84038
8986	1007	89657	347	410	0	91421
8987	408	1244	155	91487	0	93294
8988	272	319	71	91068	0	91730
8989	190	233	75	90553	0	91051
8990	249	186	89235	1223	0	90893
8991	204	86312	851	605	0	87972
8992	90270	841	220	305	0	91636
8993	89943	286	159	218	0	90606
8994	1062	88083	151	261	0	89557
8995	94101	867	83	212	0	95263
8996	1040	356	98	93317	0	94811
8997	373	90272	139	954	0	91738
8998	94610	860	68	351	0	95889
8999	1033	397	90044	292	0	91766
9000	372	89195	829	321	0	90717
9001	384	875	233	95176	0	96668
9002	208	307	154	96353	0	97022
9003	217	250	93249	993	0	94709
9004	212	169	729	90358	0	91468
9005	254	162	93299	933	0	94648
9006	196	149	787	92541	0	93673
9007	198	149	237	95111	0	95695
9008	173	125	160	95485	0	95943
9009	163	141	129	95863	0	96296
9010	215	184	93789	1179	0	95367
9011	249	264	97674	499	0	98686
9012	154	105552	1419	527	0	107652
9013	163	1686	412	117524	0	119785
9014	440	595	120363	2031	0	123429
9015	167	116804	2095	1041	0	120107
9016	153	2489	545	127133	0	130320
9017	217	716	128774	2194	0	131901
9018	121708	382	2371	647	0	125108
9019	137120	149	588	377	0	138234
9020	3067	143	292	135629	0	139131
9021	1011	223	134411	2742	0	138387
9022	504	268	2479	134731	0	137982
9023	136283	131	732	3038	0	140184
9024	2553	134576	574	1333	0	139036
9025	144492	2566	217	521	0	147796
9026	146633	726	155	399	0	147913
9027	3402	380	167	140703	0	144652
9028	1150	215	134	143368	0	144867
9029	622	145	144	145206	0	146117
9030	379	169	158	144509	0	145215
9031	315	147	135	145630	0	146227
9032	142486	121	168	3953	0	146728
9033	143867	127	192	1436	0	145622
9034	144516	154	181	842	0	145693
9035	3781	246	137858	544	0	142429
9036	134602	169	2481	500	0	137752
9037	3148	243	756	137648	0	141795
9038	1108	329	133108	3060	0	137605
9039	616	129582	2708	1259	0	134165
9040	451	3024	809	135043	0	139327
9041	403	682	493	135706	0	137284
9042	438	132304	404	3318	0	136464
9043	477	2516	278	139214	0	142485
9044	536	767	134844	3403	0	139550
9045	507	509	136012	1242	0	138270
9046	399	233	3468	138740	0	142840
9047	137646	209	1254	3424	0	142533
9048	135925	254	658	1329	0	138166
9049	3998	314	134043	907	0	139262
9050	1489	124587	2929	815	0	129820
9051	928	132333	988	784	0	135033
9052	128884	3369	615	771	0	133639
9053	3262	1175	129211	845	0	134493
9054	1153	600	2758	130082	0	134593
9055	131615	357	926	3464	0	136362
9056	3252	125706	638	1590	0	131186
9057	1353	130863	445	1067	0	133728
9058	131582	3394	350	706	0	136032
9059	3402	1177	352	132325	0	137256
9060	140003	578	335	3404	0	144320
9061	3999	358	364	155368	0	160089
9062	1638	317	359	161283	0	163597
9063	1135	434	157476	5033	0	164078
9064	824	448	3511	164020	0	168803
9065	664	422	1217	170015	0	172318
9066	167643	357	846	5660	0	174506
9067	4157	358	482	171425	0	176422
9068	1735	446	164828	5301	0	172310
9069	164188	333	3950	2362	0	170833
9070	4336	359	1521	169846	0	176062
9071	168914	300	1023	4968	0	175205
9072	4936	157992	785	2552	0	166265
9073	2067	166640	696	1688	0	171091
9074	167743	5048	595	1118	0	174504
9075	169533	2061	618	1018	0	173230
9076	5782	1216	527	166878	0	174403
9077	2741	796	162001	4752	0	170290
9078	1660	586	4158	167855	0	174259
9079	164515	548	1717	5374	0	172154
9080	4665	161570	1167	2500	0	169902
9081	2223	4249	651	166056	0	173179
9082	164100	1802	725	5144	0	171771
9083	5067	1241	156667	2500	0	165475
9084	158436	691	4158	1971	0	165256
9085	163161	626	1674	1707	0	167168
9086	6211	596	157762	1603	0	166172
9087	3067	626	160766	1506	0	165965
9088	2003	543	5458	155689	0	163693
9089	1655	450	2361	159386	0	163852
9090	1445	161110	1350	5938	0	169843
9091	1324	4263	888	167203	0	173678
9092	1490	1830	165063	5974	0	174357
9093	1285	1177	4561	167414	0	174437
9094	1346	647	1869	178228	0	182090
9095	1560	645	166100	7010	0	175315
9096	1267	165424	4697	3915	0	175303
9097	1337	4409	1961	171797	0	179504
9098	1263	1862	1328	176901	0	181354
9099	172923	1191	880	6957	0	181951
9100	5353	834	847	172506	0	179540
9101	2498	791	165517	6597	0	175403
9102	166272	653	4640	3139	0	174704
9103	172797	723	2008	2360	0	177888
9104	174673	705	1403	1901	0	178682
9105	7490	740	163447	1856	0	173533
9106	3370	696	4856	165060	0	173982
9107	2192	537	2290	171053	0	176072
9108	1778	663	1674	173770	0	177885
9109	164850	611	1200	7574	0	174235
9110	5352	162864	1245	4485	0	173946
9111	2481	4149	150151	2610	0	159391
9112	1656	146715	3680	2234	0	154285
9113	1226	143469	1808	1784	0	148287
9114	1192	140645	1328	1688	0	144853
9115	1808	5392	1632	136805	0	145637
9116	1279	2055	131119	4214	0	138667
9117	117392	1309	3247	2384	0	124332
9118	3146	128372	1612	2235	0	135365
9119	124361	2726	1055	1466	0	129608
9120	3266	126933	736	1599	0	132534
9121	129614	3064	807	1318	0	134803
9122	3639	128998	751	1325	0	134713
9123	2162	3522	129474	1138	0	136296
9124	1785	1467	2896	129919	0	136067
9125	1299	1094	1426	137784	0	141603
9126	136383	732	1210	4722	0	143047
9127	3862	659	750	147415	0	152686
9128	1963	712	144356	5238	0	152269
9129	1623	609	3835	148850	0	154917
9130	1318	870	144673	5384	0	152245
9131	1054	144185	4462	2927	0	152628
9132	1202	4074	1865	140096	0	147237
9133	1085	146893	1435	4337	0	153750
9134	148444	4547	1105	2172	0	156268
9135	4337	1916	995	148916	0	156164
9136	2079	1467	146031	4816	0	154393
9137	1659	1148	145162	2416	0	150385
9138	143887	1037	4988	1996	0	151908
9139	4380	1124	2188	147769	0	155461
9140	2190	1067	143137	4723	0	151117
9141	1625	1327	137178	2267	0	142397
9142	1141	138983	5227	1891	0	147242
9143	1148	3963	2335	131405	0	138851
9144	899	137680	1674	4228	0	144481
9145	910	4118	1052	141098	0	147178
9146	140342	1628	1107	4759	0	147836
9147	3817	1222	1007	141853	0	147899
9148	1675	856	864	145630	0	149025
9149	142883	805	923	5575	0	150186
9150	4140	800	881	150370	0	156191
9151	1913	863	873	149236	0	152885
9152	1531	149242	878	5976	0	157627
9153	152528	4265	803	3017	0	160613
9154	155518	1787	889	1999	0	160193
9155	5576	1259	824	153661	0	161320
9156	2454	899	884	156348	0	160585
9157	1723	811	842	155327	0	158703
9158	1181	144540	1035	6932	0	153688
9159	1185	151231	1035	3384	0	156835
9160	937	4894	858	145048	0	151737
9161	123024	1465	560	4285	0	129334
9162	121477	880	469	1871	0	124697
9163	3982	115711	507	1641	0	121841
9164	109777	3304	393	953	0	114427
9165	3287	108645	447	945	0	113324
9166	1212	110200	487	996	0	112895
9167	2478	3844	351	107374	0	114047
9168	105212	1232	403	3510	0	110357
9169	3040	101364	424	1567	0	106395
9170	1094	104271	398	1181	0	106944
9171	890	3370	303	104303	0	108866
9172	676	1266	327	107349	0	109618
9173	676	950	101593	3925	0	107144
9174	99552	679	2718	1630	0	104579
9175	103791	714	724	1198	0	106427
9176	3728	799	103173	1044	0	108744
9177	1562	874	102556	976	0	105968
9178	1062	653	3186	104102	0	109003
9179	776	614	1031	108194	0	110615
9180	686	104327	628	4427	0	110068
9181	689	3280	409	108927	0	113305
9182	764	1461	104809	4142	0	111176
9183	733	1156	2959	104901	0	109749
9184	771	828	904	108235	0	110738
9185	104501	730	639	4657	0	110527
9186	3761	664	100911	2067	0	107403
9187	97632	792	3269	1472	0	103165
9188	3901	852	97105	1365	0	103223
9189	1334	815	3390	96186	0	101725
9190	966	887	94613	3915	0	100381
9191	839	844	95050	1934	0	98667
9192	832	798	3640	92588	0	97858
9193	90157	1057	1818	3953	0	96985
9194	86464	821	1002	1806	0	90093
9195	3499	85200	951	1620	0	91270
9196	86540	3052	1035	1399	0	92026
9197	85770	1118	848	1313	0	89049
9198	3856	84170	843	1218	0	90087
9199	1674	3178	905	87014	0	92771
9200	1202	1106	909	90139	0	93356
9201	826	856	955	90038	0	92675
9202	762	669	780	91358	0	93569
9203	821	733	84855	4893	0	91302
9204	82421	638	3175	2297	0	88531
9205	3332	585	1225	87758	0	92900
9206	1341	566	978	87626	0	90511
9207	1085	85376	769	4517	0	91747
9208	984	3124	555	89569	0	94232
9209	1119	1143	85685	4382	0	92329
9210	84364	806	3180	2065	0	90415
9211	3688	737	87572	1782	0	93779
9212	1533	767	3024	87054	0	92378
9213	85992	516	1087	4112	0	91707
9214	3315	86502	796	2294	0	92907
9215	1528	2971	830	92556	0	97885
9216	1301	1159	90350	4275	0	97085
9217	1092	905	3101	92917	0	98015
9218	91542	727	1027	4383	0	97679
9219	3875	809	89037	2063	0	95784
9220	1697	842	86422	1592	0	90553
9221	1280	86002	3674	1405	0	92361
9222	83087	3316	1245	1163	0	88811
9223	3323	80327	798	1448	0	85896
9224	1355	3196	77540	1236	0	83327
9225	844	1156	73992	1204	0	77196
9226	836	72548	3037	1116	0	77537
9227	61141	2218	1138	624	0	65121
9228	2013	59840	893	669	0	63415
9229	682	1952	464	59350	0	62448
9230	446	635	388	62017	0	63486
9231	426	493	59062	2710	0	62691
9232	354	381	2030	59900	0	62665
9233	386	301	60066	2354	0	63107
9234	59409	303	2186	855	0	62753
9235	62107	284	858	689	0	63938
9236	62785	300	586	692	0	64363
9237	2625	347	58803	609	0	62384
9238	59927	379	2118	536	0	62960
9239	2157	431	816	56588	0	59992
9240	832	57406	646	2087	0	60971
9241	59390	1884	563	903	0	62740
9242	2224	615	57328	647	0	60814
9243	56904	343	2189	512	0	59948
9244	57585	335	992	436	0	59348
9245	2452	459	53792	474	0	57177
9246	969	53139	1986	488	0	56582
9247	687	2059	767	54913	0	58426
9248	564	656	54328	2017	0	57565
9249	538	658	52885	667	0	54748
9250	515	1214	1569	44444	0	47742
9251	460	281	43980	1268	0	45989
9252	276	214	1179	41472	0	43141
9253	331	155	420	41008	0	41914
9254	297	129	325	42613	0	43364
9255	308	129	41283	1410	0	43130
9256	295	114	1152	41867	0	43428
9257	282	134	41688	1362	0	43466
9258	277	209	1211	42826	0	44523
9259	43927	187	402	1312	0	45828
9260	1202	161	398	43679	0	45440
9261	524	44063	345	1266	0	46198
9262	402	1089	276	47012	0	48779
9263	46637	348	351	1411	0	48747
9264	1237	46602	343	565	0	48747
9265	460	1197	290	48091	0	50038
9266	47613	413	368	1403	0	49797
9267	1353	253	47106	579	0	49291
9268	492	171	1304	47627	0	49594
9269	347	177	47894	1467	0	49885
9270	279	197	47858	699	0	49033
9271	225	175	1543	47609	0	49552
9272	48334	137	627	1530	0	50628
9273	1341	171	46892	598	0	49002
9274	46661	148	1329	511	0	48649
9275	1371	136	638	48019	0	50164
9276	507	182	47116	1384	0	49189
9277	427	165	45695	577	0	46864
9278	271	234	45519	380	0	46404
9279	455	653	1350	42818	0	45276
9280	43860	180	943	1156	0	46139
9281	1062	43225	401	480	0	45168
9282	386	949	285	42716	0	44336
9283	295	317	235	44610	0	45457
9284	44117	195	217	1219	0	45748
9285	43951	124	255	539	0	44869
9286	1156	42919	282	386	0	44743
9287	44921	885	305	292	0	46403
9288	44989	282	306	274	0	45851
9289	1259	157	225	44239	0	45880
9290	552	132	43842	1042	0	45568
9291	44004	135	1009	445	0	45593
9292	1169	96	374	46036	0	47675
9293	433	91	308	46558	0	47390
9294	45842	93	307	1407	0	47649
9295	1157	92	261	43756	0	45266
9296	445	98	260	44845	0	45648
9297	43260	82	221	1474	0	45037
9298	1183	43364	199	671	0	45417
9299	43505	942	179	380	0	45006
9300	1195	289	42407	366	0	44257
9301	42952	147	1025	328	0	44452
9302	1258	106	361	42632	0	44357
9303	490	42895	300	1131	0	44816
9304	340	979	187	45112	0	46618
9305	300	270	184	45393	0	46147
9306	279	172	174	45966	0	46591
9307	44402	112	189	1576	0	46279
9308	1082	42492	207	661	0	44442
9309	380	42655	168	404	0	43607
9310	42913	1028	127	327	0	44395
9311	1063	350	44363	347	0	46123
9312	433	263	43924	217	0	44837
9313	43365	536	1238	277	0	45416
9314	969	111	44740	218	0	46038
9315	297	63	620	40889	0	41869
9316	168	101	266	41331	0	41866
9317	176	65	133	42777	0	43151
9318	150	40	144	42461	0	42795
9319	144	40926	157	941	0	42168
9320	131	588	101	43418	0	44238
9321	139	312	41885	831	0	43167
9322	115	119	639	41965	0	42838
9323	137	100	41385	874	0	42496
9324	144	114	40544	412	0	41214
9325	159	52	809	41632	0	42652
9326	198	64	41943	791	0	42996
9327	144	58	744	41596	0	42542
9328	42514	63	314	818	0	43709
9329	750	157	42176	365	0	43448
9330	40677	82	716	242	0	41717
9331	786	59	305	42343	0	43493
9332	378	54	41544	823	0	42799
9333	207	40655	730	412	0	42004
9334	162	632	281	43055	0	44130
9335	225	229	43983	817	0	45254
9336	133	117	717	44032	0	44999
9337	45323	83	284	875	0	46565
9338	45420	87	181	402	0	46090
9339	46419	82	151	286	0	46938
9340	1010	79	143	46980	0	48212
9341	439	84	133	47930	0	48586
9342	243	48	144	48898	0	49333
9343	50368	53	152	1159	0	51732
9344	1000	51149	137	547	0	52833
9345	416	938	114	52499	0	53967
9346	218	358	97	54022	0	54695
9347	52887	147	100	1496	0	54630
9348	1099	52565	121	701	0	54486
9349	470	1025	101	55958	0	57554
9350	55906	362	104	1358	0	57730
9351	55993	174	116	606	0	56889
9352	1602	137	123	55339	0	57201
9353	55909	94	125	1452	0	57580
9354	1456	62	142	56236	0	57896
9355	595	109	55941	1517	0	58162
9356	343	96	1134	56853	0	58426
9357	274	70	407	58460	0	59211
9358	256	72	197	58785	0	59310
9359	55411	80	139	1779	0	57409
9360	1223	54582	121	838	0	56764
9361	53472	1093	91	465	0	55121
9362	1217	51827	100	368	0	53512
9363	422	54612	101	298	0	55433
9364	55080	1333	73	241	0	56727
9365	1144	56018	187	275	0	57624
9366	456	1203	62	57087	0	58808
9367	56698	414	76	1239	0	58427
9368	56830	222	71	506	0	57629
9369	1454	136	71	56254	0	57915
9370	572	114	62	55868	0	56616
9371	323	55703	73	1497	0	57596
9372	57602	1061	66	656	0	59385
9373	56444	396	96	436	0	57372
9374	1364	59526	92	370	0	61352
9375	526	60262	95	328	0	61211
9376	360	1578	71	61560	0	63569
9377	61923	526	73	1568	0	64090
9378	1487	313	76	61433	0	63309
9379	509	222	65	63583	0	64379
9380	420	218	60504	1917	0	63059
9381	325	224	60231	737	0	61517
9382	256	185	1521	61485	0	63447
9383	316	202	60542	1682	0	62742
9384	251	59979	1439	766	0	62435
9385	264	1392	379	62652	0	64687
9386	251	442	210	63978	0	64881
9387	236	290	121	64462	0	65109
9388	422	290	61790	2078	0	64580
9389	285	283	59773	860	0	61201
9390	59971	180	1510	617	0	62278
9391	1540	61159	543	525	0	63767
9392	62830	1350	211	362	0	64753
9393	1561	461	133	62216	0	64371
9394	64183	277	126	1560	0	66146
9395	1618	207	121	62735	0	64681
9396	544	63394	150	1628	0	65716
9397	66818	1360	138	642	0	68958
9398	1675	527	62751	502	0	65455
9399	556	62465	1248	455	0	64724
9400	65439	1307	352	384	0	67482
9401	1409	517	226	63868	0	66020
9402	519	61285	226	1448	0	63478
9403	398	1268	129	66678	0	68473
9404	65679	438	125	1659	0	67901
9405	1467	320	120	65837	0	67744
9406	66032	246	156	1692	0	68126
9407	1676	283	63715	682	0	66356
9408	644	316	1248	64162	0	66370
9409	64238	257	357	1683	0	66535
9410	1610	296	62114	722	0	64742
9411	615	57291	1339	615	0	59860
9412	510	1304	385	59576	0	61775
9413	388	546	57860	1604	0	60398
9414	385	416	57274	691	0	58766
9415	331	597	1509	57072	0	59509
9416	344	296	57099	1566	0	59305
9417	414	262	56624	724	0	58024
9418	335	228	1452	55620	0	57635
9419	57445	228	501	1525	0	59699
9420	1396	198	307	57157	0	59058
9421	530	230	214	58872	0	59846
9422	463	232	58077	1803	0	60575
9423	365	202	1258	60681	0	62506
9424	62733	228	499	1716	0	65176
9425	1445	306	61029	772	0	63552
9426	553	60254	1296	651	0	62754
9427	468	1269	467	64189	0	66393
9428	65388	474	344	1527	0	67733
9429	1424	374	268	64063	0	66129
9430	561	63230	306	1606	0	65703
9431	476	1361	65477	687	0	68001
9432	326	583	1299	69174	0	71382
9433	74891	334	515	1648	0	77388
9434	1746	308	72728	719	0	75501
9435	630	220	1556	76833	0	79239
9436	79494	183	544	2087	0	82308
9437	84118	203	413	934	0	85668
9438	2584	83681	300	723	0	87288
9439	84931	2106	274	500	0	87811
9440	2505	741	286	84549	0	88081
9441	867	478	82923	2473	0	86741
9442	536	81324	2149	901	0	84910
9443	354	85485	697	662	0	87198
9444	321	2362	531	84248	0	87462
9445	466	695	368	86537	0	88066
9446	261	464	79842	2446	0	83013
9447	238	78914	1873	929	0	81954
9448	202	82045	596	599	0	83442
9449	398	2156	361	80614	0	83529
9450	79705	543	227	1921	0	82396
9451	1731	78137	239	689	0	80796
9452	552	1748	187	82027	0	84514
9453	85965	491	341	2003	0	88800
9454	1880	342	137	86387	0	88746
9455	587	250	177	85723	0	86737
9456	377	216	174	87368	0	88135
9457	328	264	156	87696	0	88444
9458	85263	210	208	2539	0	88220
9459	1867	314	192	86381	0	88754
9460	561	272	82140	2182	0	85155
9461	81319	264	1803	798	0	84184
9462	1936	275	80818	595	0	83624
9463	586	259	82683	492	0	84020
9464	386	286	1991	82341	0	85004
9465	304	244	768	83600	0	84916
9466	266	201	313	85924	0	86704
9467	84685	161	215	2423	0	87484
9468	1941	196	82837	913	0	85887
9469	82920	166	1648	664	0	85398
9470	86289	119	463	549	0	87420
9471	2249	189	85948	492	0	88878
9472	85085	165	1720	503	0	87473
9473	2091	223	85948	506	0	88768
9474	608	85420	1661	471	0	88160
9475	681	1974	709	89405	0	92769
9476	338	425	401	90989	0	92153
9477	258	230	284	88987	0	89759
9478	236	157	245	89054	0	89692
9479	301	151	88847	2116	0	91415
9480	283	199	88299	841	0	89622
9481	224	209	1766	88614	0	90813
9482	298	167	90404	1812	0	92681
9483	85952	123	1601	788	0	88464
9484	92426	128	536	515	0	93605
9485	1917	152	335	90705	0	93109
9486	91161	152	291	1731	0	93335
9487	1722	92880	298	878	0	95778
9488	96037	1417	281	506	0	98241
9489	1795	495	96357	473	0	99120
9490	656	333	1450	95239	0	97678
9491	381	96553	570	1674	0	99178
9492	102291	1382	321	734	0	104728
9493	1580	465	278	102248	0	104571
9494	639	281	101317	1856	0	104093
9495	436	293	1483	99567	0	101779
9496	101636	161	694	1883	0	104374
9497	1763	311	102089	855	0	105018
9498	716	192	1595	101925	0	104428
9499	488	201	574	104994	0	106257
9500	527	233	103110	2268	0	106138
9501	472	98352	1717	1049	0	101590
9502	464	97359	793	818	0	99434
9503	442	1899	349	105904	0	108594
9504	436	656	320	108555	0	109967
9505	398	454	291	111113	0	112256
9506	109793	339	315	2547	0	112994
9507	108221	321	311	1166	0	110019
9508	2273	286	334	110352	0	113245
9509	110915	300	283	2264	0	113762
9510	1983	108748	358	1113	0	112202
9511	732	1903	310	114485	0	117430
9512	503	643	258	115789	0	117193
9513	381	377	266	116818	0	117842
9514	112920	269	281	2887	0	116357
9515	1932	108697	322	1393	0	112344
9516	756	1737	280	114255	0	117028
9517	114185	594	276	2407	0	117462
9518	1992	356	281	114000	0	116629
9519	812	233	251	113941	0	115237
9520	604	107732	303	2762	0	111401
9521	504	112397	251	1400	0	114552
9522	448	2037	240	114190	0	116915
9523	467	650	236	113724	0	115077
9524	110352	305	257	2820	0	113734
9525	2079	218	285	109801	0	112383
9526	866	216	106983	2572	0	110637
9527	576	204	1806	106884	0	109470
9528	483	103529	697	2443	0	107152
9529	110485	1715	412	1114	0	113726
9530	2025	549	405	109522	0	112501
9531	815	383	277	107850	0	109325
9532	588	103793	328	2552	0	107261
9533	101370	1485	147	1002	0	104004
9534	1678	104559	199	773	0	107209
9535	517	1833	128	104655	0	107133
9536	459	512	103077	1704	0	105752
9537	386	1339	1136	95473	0	98334
9538	98436	114	443	1483	0	100476
9539	1296	96399	205	651	0	98551
9540	439	1305	67	99843	0	101654
9541	263	96172	122	1432	0	97989
9542	152	1590	56	101470	0	103268
9543	220	654	97807	1703	0	100384
9544	160	347	1175	96248	0	97930
9545	139	171	357	99152	0	99819
9546	151	141	183	101538	0	102013
9547	98075	157	107	1963	0	100302
9548	96707	149	103	849	0	97808
9549	1645	96642	119	607	0	99013
9550	98695	1365	62	420	0	100542
9551	1477	95181	138	402	0	97198
9552	473	97603	119	424	0	98619
9553	95251	1655	167	398	0	97471
9554	1537	673	91418	402	0	94030
9555	491	352	1220	90252	0	92315
9556	321	221	361	94375	0	95278
9557	206	194	180	97042	0	97622
9558	95390	183	100	2096	0	97769
9559	1427	93899	153	977	0	96456
9560	551	1689	77	97285	0	99602
9561	396	95181	156	1930	0	97663
9562	101613	1796	87	738	0	104234
9563	1956	589	96	101764	0	104405
9564	725	389	70	123761	0	124945
9565	412	133122	167	4226	0	137927
9566	337	3573	89	145320	0	149319
9567	260	1499	92	148331	0	150182
9568	139427	738	106	6476	0	146747
9569	4085	134537	304	2983	0	141909
9570	1688	140598	327	1792	0	144405
9571	889	5454	121	142247	0	148711
9572	777	2461	131770	5272	0	140280
9573	641	1500	131560	2534	0	136235
9574	507	1111	5254	135082	0	141954
9575	525	875	131519	5427	0	138346
9576	362	721	4937	134711	0	140731
9577	375	657	2230	134902	0	138164
9578	315	538	1199	142786	0	144838
9579	133549	474	919	7793	0	142735
9580	4540	466	677	137241	0	142924
9581	1900	510	512	137544	0	140466
9582	1026	127062	569	8101	0	136758
9583	815	4506	388	139146	0	144855
9584	727	2120	127982	7198	0	138027
9585	624	1144	4278	136018	0	142064
9586	639	927	1824	141178	0	144568
9587	128860	873	989	8139	0	138861
9588	4662	846	820	132630	0	138958
9589	1981	684	697	132189	0	135551
9590	1108	514	682	135313	0	137617
9591	118790	532	681	8851	0	128854
9592	4601	119584	586	4920	0	129691
9593	2112	4627	541	126361	0	133641
9594	1207	2047	474	129729	0	133457
9595	969	1335	115765	8581	0	126650
9596	694	930	4306	123968	0	129898
9597	113610	723	1883	7755	0	123971
9598	4646	114834	1082	4691	0	125253
9599	2197	4756	787	116915	0	124655
9600	1269	2329	639	121759	0	125996
9601	1000	1387	108534	8633	0	119554
9602	105832	929	4569	4841	0	116171
9603	4727	109788	1977	3662	0	120154
9604	110213	4717	1008	3132	0	119070
9605	5155	2293	874	112097	0	120419
9606	2523	1371	710	115142	0	119746
9607	1535	1086	696	117048	0	120365
9608	1355	1010	667	117770	0	120802
9609	109626	1012	552	8953	0	120143
9610	5023	994	602	109529	0	116148
9611	2285	102281	748	8022	0	113336
9612	1431	4355	831	109308	0	115925
9613	1153	1971	906	113574	0	117604
9614	105213	1205	807	8826	0	116051
9615	5036	102486	696	5228	0	113446
9616	2469	4716	547	110344	0	118076
9617	105042	2244	484	7693	0	115463
9618	108893	1351	468	5010	0	115722
9619	6567	1096	595	109712	0	117970
9620	3430	1057	99687	7560	0	111734
9621	104533	1117	3991	4656	0	114297
9622	5734	1060	1838	108823	0	117455
9623	2945	859	102994	7641	0	114439
9624	1872	761	4639	110331	0	117603
9625	1674	698	2175	111729	0	116276
9626	1541	711	1180	110448	0	113880
9627	1506	103495	993	9046	0	115040
9628	1339	4434	700	113703	0	120176
9629	1138	2146	563	114198	0	118045
9630	1096	1297	572	115617	0	118582
9631	1300	1117	557	115034	0	118008
9632	1406	1131	481	113792	0	116810
9633	1199	1406	512	114373	0	117490
9634	99023	953	594	10066	0	110636
9635	5094	766	92001	6067	0	103928
9636	2558	90971	4041	4690	0	102260
9637	93368	3974	1852	3979	0	103173
9638	4678	92584	1205	3501	0	101968
9639	93138	4465	1002	3040	0	101645
9640	5412	2369	953	92768	0	101502
9641	92760	1306	1033	6299	0	101398
9642	5327	1175	753	92854	0	100109
9643	3039	960	534	89831	0	94364
9644	2003	86864	474	7578	0	96919
9645	90078	4057	415	4870	0	99420
9646	4732	2035	87148	4253	0	98168
9647	2610	1084	3555	93898	0	101147
9648	1851	961	89637	6782	0	99231
9649	1584	948	88664	4538	0	95734
9650	89955	891	5036	3433	0	99315
9651	4579	893	2485	93015	0	100972
9652	2659	782	88162	6477	0	98080
9653	1796	684	90391	4248	0	97119
9654	1591	759	4994	92045	0	99389
9655	1608	848	2397	96641	0	101494
9656	92943	821	1447	7107	0	102318
9657	4748	718	1125	95526	0	102117
9658	2752	644	89863	6698	0	99957
9659	1852	547	3759	95546	0	101704
9660	1605	1399	2070	92606	0	97680
9661	1382	91785	1298	6839	0	101304
9662	87842	3381	1048	4212	0	96483
9663	3719	86181	995	3343	0	94238
9664	65622	1593	494	1593	0	69302
9665	1506	49348	422	827	0	52103
9666	434	44121	162	474	0	45191
9667	483	856	721	43617	0	45677
9668	253	347	242	43460	0	44302
9669	182	162	125	42968	0	43437
9670	40586	108	102	790	0	41586
9671	527	97	40528	456	0	41608
9672	227	80	378	40184	0	40869
9673	39103	68	181	652	0	40004
9674	466	38670	121	370	0	39627
9675	234	38825	95	342	0	39496
9676	335	756	112	39368	0	40571
9677	90	169	83	39489	0	39831
9678	97	99	54	39373	0	39623
9679	86	38760	71	553	0	39470
9680	84	312	50	39875	0	40321
9681	115	131	38914	467	0	39627
9682	97	103	36392	248	0	36840
9683	35632	62	259	157	0	36110
9684	223	64	216	37927	0	38430
9685	38474	52	68	308	0	38902
9686	37773	36	57	182	0	38048
9687	266	37709	75	152	0	38202
9688	39167	187	53	119	0	39526
9689	39917	86	49	140	0	40192
9690	305	56	47	39405	0	39813
9691	157	56	45	40037	0	40295
9692	142	88	41000	319	0	41549
9693	93	40822	211	221	0	41347
9694	105	203	100	42056	0	42464
9695	67	107	56	43517	0	43747
9696	43731	74	49	399	0	44253
9697	296	59	58	43268	0	43681
9698	44949	57	50	373	0	45429
9699	454	64	59	45366	0	45943
9700	163	44935	95	585	0	45778
9701	48113	529	60	250	0	48952
9702	608	195	65	54165	0	55033
9703	266	112	55	59826	0	60259
9704	151	102	42	65033	0	65328
9705	150	125	61861	2191	0	64327
9706	120	52	1504	63767	0	65443
9707	64527	60	455	2157	0	67199
9708	1692	50	252	68432	0	70426
9709	579	56	161	79428	0	80224
9710	337	68	123	80165	0	80693
9711	191	74811	209	3812	0	79023
9712	169	81016	118	1467	0	82770
9713	79281	3336	94	746	0	83457
9714	2684	79938	99	623	0	83344
9715	80308	3009	51	448	0	83816
9716	81143	1017	64	405	0	82629
9717	82170	507	72	402	0	83151
9718	3991	452	76880	366	0	81689
9719	1427	77611	2479	359	0	81876
9720	80477	2884	838	301	0	84500
9721	3105	1016	280	80332	0	84733
9722	1194	576	175	82596	0	84541
9723	704	428	127	81922	0	83181
9724	569	76365	165	3901	0	81000
9725	565	2630	92	80400	0	83687
9726	77962	950	132	3469	0	82513
9727	2918	820	105	77275	0	81118
9728	1145	380	89	79611	0	81225
9729	701	367	74171	4166	0	79405
9730	553	365	75966	1827	0	78711
9731	445	277	3186	77169	0	81077
9732	415	290	1064	79488	0	81257
9733	348	76323	598	4302	0	81571
9734	445	2839	338	79322	0	82944
9735	488	1096	262	81452	0	83298
9736	408	639	219	82226	0	83492
9737	77955	525	213	4728	0	83421
9738	3208	461	76873	2119	0	82661
9739	1274	491	2642	80190	0	84597
9740	80319	415	916	3788	0	85438
9741	81396	417	539	1723	0	84075
9742	3957	481	375	79450	0	84263
9743	1702	370	274	82773	0	85119
9744	78989	395	286	4591	0	84261
9745	3417	76284	319	2343	0	82363
9746	1425	78376	392	1597	0	81790
9747	976	3722	300	78541	0	83539
9748	78515	1366	224	3853	0	83958
9749	80515	703	190	2081	0	83489
9750	80705	530	230	1650	0	83115
9751	4389	522	77214	1436	0	83561
9752	75737	543	2869	1205	0	80354
9753	3972	585	75139	1189	0	80885
9754	74527	501	3044	1272	0	79344
9755	3698	73043	1191	1379	0	79311
9756	1823	3027	74674	1330	0	80854
9757	1146	1288	3062	75280	0	80776
9758	1105	779	74898	3926	0	80708
9759	975	592	3196	74502	0	79265
9760	74716	546	1233	4289	0	80784
9761	3644	618	73784	2227	0	80273
9762	1730	446	3165	74259	0	79600
9763	1185	76226	1363	3959	0	82733
9764	1130	2876	851	81154	0	86011
9765	1073	1137	698	81873	0	84781
9766	976	784	628	82517	0	84905
9767	79694	626	537	5175	0	86032
9768	81475	587	508	2619	0	85189
9769	4304	602	477	80718	0	86101
9770	1994	619	76785	4439	0	83837
9771	1422	602	77052	2311	0	81387
9772	1279	548	3648	78979	0	84454
9773	1259	602	80364	4201	0	86426
9774	1101	639	3363	81703	0	86806
9775	1189	482	1370	82746	0	85787
9776	1175	353	926	84208	0	86662
9777	1153	75971	854	5016	0	82994
9778	1048	81727	780	2546	0	86101
9779	971	3541	831	83366	0	88709
9780	917	1393	703	84985	0	87998
9781	881	781	708	85859	0	88229
9782	82116	585	628	5260	0	88589
9783	3706	577	81639	2745	0	88667
9784	1592	503	3179	84375	0	89649
9785	83799	452	1443	4437	0	90131
9786	3489	82210	1043	2537	0	89279
9787	1605	3055	735	86604	0	91999
9788	1076	1280	713	89088	0	92157
9789	948	732	684	88645	0	91009
9790	925	515	571	88843	0	90854
9791	931	534	82023	5476	0	88964
9792	78999	453	3028	3034	0	85514
9793	84900	410	1295	2182	0	88787
9794	4288	493	80736	1850	0	87367
9795	81638	376	3108	1677	0	86799
9796	84865	419	1318	1558	0	88160
9797	4414	403	82991	1685	0	89493
9798	1883	82763	3127	1764	0	89537
9799	1293	3005	1431	85170	0	90899
9800	1187	952	85901	3520	0	91560
9801	1039	82474	2892	2318	0	88723
9802	1102	2227	78148	1394	0	82871
9803	617	72984	2041	1207	0	76849
9804	620	1694	826	71911	0	75051
9805	655	564	71031	1844	0	74094
9806	489	396	1694	69438	0	72017
9807	662	208	73252	1971	0	76093
9808	468	68050	1470	1050	0	71038
9809	61513	285	175	184	0	62157
9810	291	58134	152	144	0	58721
9811	86	62335	158	157	0	62736
9812	539	405	362	64112	0	65418
9813	33	161	167	63937	0	64298
9814	19	38	17	63521	0	63595
9815	23	29	19	63525	0	63596
9816	18	16	15	64846	0	64895
9817	69	36	70662	209	0	70976
9818	26	92	152	68288	0	68558
9819	22	17	29	72902	0	72970
9820	74549	9	33	295	0	74886
9821	75152	8	18	102	0	75280
9822	76066	13	41	66	0	76186
9823	426	20	14	76352	0	76812
9824	88380	15	26	435	0	88856
9825	96135	32	36	104	0	96307
9826	99157	19	23	106	0	99305
9827	1435	57	97845	56	0	99393
9828	96594	15	1153	78	0	97840
9829	102407	21	152	67	0	102647
9830	104047	15	105	64	0	104231
9831	1570	14	64	103184	0	104832
9832	456	153	105005	1359	0	106973
9833	245	26	1268	104211	0	105750
9834	111497	14	176	1473	0	113160
9835	1453	35	137	111977	0	113602
9836	291	115025	166	1379	0	116861
9837	241	1238	57	123589	0	125125
9838	123343	159	193	1589	0	125284
9839	125330	100	78	433	0	125941
9840	124096	83	59	289	0	124527
9841	1846	120	126793	202	0	128961
9842	484	108	1443	123909	0	125944
9843	305	52	254	131962	0	132573
9844	314	116	131610	1835	0	133875
9845	230	121530	1661	632	0	124053
9846	357	1467	131810	316	0	133950
9847	169	254	1543	132704	0	134670
9848	136864	134	341	1699	0	139038
9849	1708	176	140937	539	0	143360
9850	380	80	1546	142139	0	144145
9851	333	137	143417	1717	0	145604
9852	140111	62	1649	406	0	142228
9853	1644	72	349	147472	0	149537
9854	490	122	156021	1701	0	158334
9855	305	55	1572	154510	0	156442
9856	339	127	159690	1968	0	162124
9857	235	157482	1697	766	0	160180
9858	322	1461	368	166264	0	168415
9859	169060	269	267	1816	0	171412
9860	1766	166	260	167230	0	169422
9861	482	161	252	165931	0	166826
9862	165541	69	253	2038	0	167901
9863	1834	155557	265	705	0	158361
9864	553	163404	200	677	0	164834
9865	437	1731	165	166893	0	169226
9866	279	163465	265	1905	0	165914
9867	287	1614	162	168751	0	170814
9868	354	369	144	169108	0	169975
9869	169822	269	127	2131	0	172349
9870	1731	161890	290	1063	0	164974
9871	733	1784	165673	656	0	168846
9872	426	168033	1526	581	0	170566
9873	175462	1717	330	415	0	177924
9874	178543	393	246	413	0	179595
9875	2230	265	279	174909	0	177683
9876	180952	252	194	2078	0	183476
9877	2159	188	242	179284	0	181873
9878	182070	245	259	2202	0	184776
9879	185785	217	216	757	0	186975
9880	2544	165	259	190845	0	193813
9881	194823	159	250	2323	0	197555
9882	2571	184	192025	792	0	195572
9883	189437	124	1880	603	0	192044
9884	2487	146	504	194197	0	197334
9885	198746	135	406	2182	0	201469
9886	2430	196948	468	887	0	200733
9887	1017	1827	306	204741	0	207891
9888	802	414	382	206156	0	207754
9889	206619	269	333	2622	0	209843
9890	2522	355	204290	1068	0	208235
9891	979	196782	2068	1001	0	200830
9892	807	1933	498	209635	0	212873
9893	724	204524	534	2396	0	208178
9894	711	1990	294	215222	0	218217
9895	782	543	311	212361	0	213997
9896	670	415	286	215426	0	216797
9897	213971	458	268	2878	0	217575
9898	2312	378	219	211011	0	213920
9899	214097	418	261	2774	0	217550
9900	214154	350	268	1236	0	216008
9901	2665	295	257	215583	0	218800
9902	216438	241	336	2711	0	219726
9903	211956	256	290	1271	0	213773
9904	2869	346	211534	982	0	215731
9905	1075	461	1992	205435	0	208963
9906	216304	366	635	2430	0	219735
9907	2381	206936	728	1171	0	211216
9908	221983	1982	408	843	0	225216
9909	221948	489	382	878	0	223697
9910	2968	499	214343	788	0	218598
9911	1205	301	2086	203853	0	207445
9912	231008	263	622	2608	0	234501
9913	2689	293	454	235100	0	238536
9914	1240	398	430	240709	0	242777
9915	950	478	349	244695	0	246472
9916	747	197	426	256502	0	257872
9917	257276	186	381	3991	0	261834
9918	3878	653	258535	1593	0	264659
9919	1367	384	3246	270700	0	275697
9920	1138	513	296645	4285	0	302581
9921	877	666	305750	1840	0	309133
9922	304165	227	8642	1448	0	314482
9923	8125	512	325312	1017	0	334966
9924	3084	305974	8185	1039	0	318282
9925	323730	6663	4076	533	0	335002
9926	326578	2755	1482	540	0	331355
9927	9928	1096	696	313788	0	325508
9928	4433	688	319576	6819	0	331516
9929	2035	745	315911	2975	0	321666
9930	319721	279	9645	1320	0	330965
9931	7668	323	4027	334824	0	346842
9932	335581	194	1768	7767	0	345310
9933	8465	332653	1276	3837	0	346231
9934	341772	7151	856	1604	0	351383
9935	340529	3079	719	992	0	345319
9936	10891	327703	775	980	0	340349
9937	4869	7354	509	335046	0	347778
9938	334747	3251	571	7916	0	346485
9939	8874	1609	322409	3639	0	336531
9940	4160	324983	7769	1958	0	338870
9941	2185	7536	3543	332532	0	345796
9942	332329	3194	1745	8082	0	345350
9943	8430	330030	1252	4218	0	343930
9944	342290	8120	1088	1793	0	353291
9945	10219	4215	330154	1439	0	346027
9946	329454	1785	8167	1018	0	340424
9947	10593	1245	334246	835	0	346919
9948	328130	883	9445	888	0	339346
9949	331436	677	4313	865	0	337291
9950	12822	985	319026	906	0	333739
9951	5932	318184	8791	1431	0	334338
9952	3434	7895	4052	323721	0	339102
9953	2861	3808	322945	8497	0	338111
9954	2200	312277	9105	4675	0	328257
9955	2138	8487	4250	318372	0	333247
9956	2045	4041	2417	326562	0	335065
9957	2243	2103	312480	11949	0	328775
9958	2166	1425	9048	305509	0	318148
9959	1915	1193	4643	321057	0	328808
9960	2241	1220	309567	12673	0	325701
9961	2049	1241	9430	304844	0	317564
9962	2006	306534	5077	10412	0	324029
9963	316062	8592	2958	5157	0	332769
9964	9662	4120	2636	309003	0	325421
9965	5327	312031	2851	9639	0	329848
9966	3878	9103	2622	298345	0	313948
9967	3285	316197	2739	8988	0	331209
9968	3894	10243	306374	4519	0	325030
9969	3137	315341	9521	3042	0	331041
9970	319008	10292	5040	2347	0	336687
9971	319492	5075	3252	2294	0	330113
9972	324191	3134	2827	2610	0	332762
9973	14762	2300	321065	2394	0	340521
9974	7784	2528	315708	2407	0	328427
9975	4983	325947	13509	2650	0	347089
9976	4209	10609	6553	317351	0	338722
9977	4009	337406	3872	10092	0	355379
9978	4099	12585	2957	305450	0	325091
9979	3910	334961	2727	10042	0	351640
9980	337085	12467	2529	5018	0	357099
9981	360634	6318	2392	3606	0	372950
9982	16663	3966	2389	368501	0	391519
9983	9010	3213	358978	13152	0	384353
9984	354507	2876	12388	6714	0	376485
9985	14797	366507	6372	4853	0	392529
9986	8115	12669	4166	362816	0	387766
9987	6021	6762	3088	357366	0	373237
9988	4734	364712	3170	15840	0	388456
9989	370994	13666	2969	7531	0	395160
9990	15269	7550	359627	4439	0	386885
9991	8568	4633	12969	364791	0	390961
9992	366383	3593	6748	13525	0	390249
9993	365456	3308	4625	6987	0	380376
9994	18839	360740	3683	4986	0	388248
9995	9768	13371	3703	354703	0	381545
9996	6127	363966	3341	13936	0	387370
9997	375783	14766	3477	7467	0	401493
9998	15467	7783	367239	5167	0	395656
9999	8153	5869	369923	4222	0	388167
10000	5586	4148	16883	364799	0	391416
10001	4337	3686	8274	370043	0	386340
10002	4069	365808	5469	18085	0	393431
10003	3852	14022	4104	377749	0	399727
10004	4087	6844	362420	17423	0	390774
10005	360067	4686	14141	9196	0	388090
10006	14130	4005	6690	375659	0	400484
10007	7554	4013	362322	16375	0	390264
10008	5357	3636	13877	368862	0	391732
10009	3799	3478	7258	364343	0	378878
10010	3444	362124	4872	19190	0	389630
10011	3450	14058	3535	369229	0	390272
10012	3224	7454	3544	364257	0	378479
10013	3074	5195	3274	364497	0	376040
10014	335134	3863	2930	21266	0	363193
10015	14020	328197	3061	11019	0	356297
10016	7236	330897	2570	7100	0	347803
10017	315602	15053	2598	4999	0	338252
10018	302996	7123	2757	4253	0	317129
10019	15472	292067	2774	3686	0	313999
10020	5780	268514	1850	2880	0	279024
10021	237044	8838	1646	1989	0	249517
10022	7734	235306	1204	2133	0	246377
10023	2906	233175	970	2323	0	239374
10024	227609	8251	1647	1841	0	239348
10025	6657	227069	861	1982	0	236569
10026	227084	7675	865	1879	0	237503
10027	225928	3458	1109	1705	0	232200
10028	224365	2766	1029	1820	0	229980
10029	8913	221258	1153	1980	0	233304
10030	4292	222902	830	2035	0	230059
10031	3172	8218	642	216253	0	228285
10032	2492	221742	749	6413	0	231396
10033	2259	7843	743	225558	0	236403
10034	227039	3661	842	7776	0	239318
10035	7193	2886	818	222908	0	233805
10036	3597	219911	1033	8129	0	232670
10037	218934	7133	939	3651	0	230657
10038	7355	217017	872	3141	0	228385
10039	3797	226061	709	2592	0	233159
10040	3154	10520	610	213733	0	228017
10041	2217	218043	821	6764	0	227845
10042	218264	8079	1185	2990	0	230518
10043	7364	3828	207692	2547	0	221431
10044	3178	206900	5963	2705	0	218746
10045	2564	7011	2546	212552	0	224673
10046	2393	3776	207411	7311	0	220891
10047	2018	3016	5938	206807	0	217779
10048	1947	2428	2615	213205	0	220195
10049	2026	2255	1922	213948	0	220151
10050	1940	1971	1556	214468	0	219935
10051	2249	1980	201579	10020	0	215828
10052	1738	199089	6309	5921	0	213057
10053	204260	6696	2687	4493	0	218136
10054	6637	3715	198265	3700	0	212317
10055	199581	2962	6139	3476	0	212158
10056	7771	2419	201062	3039	0	214291
10057	3706	2309	6837	202205	0	215057
10058	3375	2297	200730	7558	0	213960
10059	2884	2162	205878	3887	0	214811
10060	2333	2319	8083	202782	0	215517
10061	2190	2373	3978	203613	0	212154
10062	2114	2212	2622	211733	0	218681
10063	1914	2419	1947	210766	0	217046
10064	204799	2218	1856	10343	0	219216
10065	6951	2120	198414	5824	0	213309
10066	201914	2155	6031	4562	0	214662
10067	206508	2153	2596	3717	0	214974
10068	206203	2166	2117	3218	0	213704
10069	204751	2250	1435	2872	0	211308
10070	206088	2095	1172	2730	0	212085
10071	10694	1949	1044	197644	0	211331
10072	5877	1962	187172	7461	0	202472
10073	4080	2039	179236	3749	0	189104
10074	3069	180546	6225	3281	0	193121
10075	172224	6020	3168	2736	0	184148
10076	5596	4092	1987	165829	0	177504
10077	3297	3977	1243	163506	0	172023
10078	2752	162882	1179	6473	0	173286
10079	2443	163205	918	3707	0	170273
10080	2495	161275	896	2454	0	167120
10081	134018	5474	746	1560	0	141798
10082	2996	2715	393	115825	0	121929
10083	1260	113605	358	2746	0	117969
10084	939	2597	321	114730	0	118587
10085	807	1180	110639	2878	0	115504
10086	899	812	113062	1319	0	116092
10087	807	639	2724	121489	0	125659
10088	128934	673	1155	3133	0	133895
10089	136848	636	526	1399	0	139409
10090	137504	644	410	964	0	139522
10091	4781	736	134349	800	0	140666
10092	1937	706	3165	132593	0	138401
10093	1189	848	1239	140142	0	143418
10094	1103	722	131880	4429	0	138134
10095	125713	694	3462	1987	0	131856
10096	3993	734	133233	1414	0	139374
10097	1516	504	127847	865	0	130732
10098	1045	556	129518	829	0	131948
10099	794	565	4097	121680	0	127136
10100	623	413	1765	127180	0	129981
10101	671	416	128438	4136	0	133661
10102	502	360	3265	129277	0	133404
10103	130910	334	1668	3832	0	136744
10104	3174	325	1004	133867	0	138370
10105	1543	337	132820	4083	0	138783
10106	955	352	140297	1972	0	143576
10107	715	329	4248	137698	0	142990
10108	146158	464	1891	3699	0	152212
10109	3738	153497	1302	2149	0	160686
10110	160950	3689	1027	1208	0	166874
10111	163868	1442	1085	1050	0	167445
10112	6006	702	161159	1136	0	169003
10113	2767	339	4559	162014	0	169679
10114	164955	308	2313	4884	0	172460
10115	161799	310	1441	2579	0	166129
10116	5711	160358	1255	1746	0	169070
10117	2672	3742	1064	163428	0	170906
10118	1597	1555	979	169570	0	173701
10119	1336	833	161555	6221	0	169945
10120	1148	388	4515	162054	0	168105
10121	1271	362	163123	5500	0	170256
10122	1489	388	161614	2776	0	166267
10123	1295	369	5728	159322	0	166714
10124	159293	287	2696	4898	0	167174
10125	4746	153360	1662	2800	0	162568
10126	156040	3817	1271	1664	0	162792
10127	156613	1660	1123	1373	0	160769
10128	6146	152518	1084	1376	0	161124
10129	2878	3790	802	145829	0	153299
10130	145905	1805	798	3894	0	152402
10131	4608	145024	805	2185	0	152622
10132	142500	3577	729	1335	0	148141
10133	4329	136486	886	1338	0	143039
10134	2068	3377	648	130414	0	136507
10135	1516	1392	707	135265	0	138880
10136	130973	900	670	4498	0	137041
10137	129611	699	594	2280	0	133184
10138	4636	127586	709	1825	0	134756
10139	2164	3036	126882	1178	0	133260
10140	1369	1374	126108	1189	0	130040
10141	1077	742	4213	120036	0	126068
10142	924	126309	2285	3272	0	132790
10143	873	3184	1464	130338	0	135859
10144	1009	1344	1006	131120	0	134479
10145	1003	894	882	132593	0	135372
10146	1071	760	128049	4799	0	134679
10147	1147	742	127430	2498	0	131817
10148	1054	127977	4199	1687	0	134917
10149	1018	3174	1981	129513	0	135686
10150	1171	1502	1098	137119	0	140890
10151	1370	1050	131574	4576	0	138570
10152	113757	1132	3699	2591	0	121179
10153	3747	690	1835	134884	0	141156
10154	2036	738	132962	3990	0	139726
10155	126249	639	3614	2452	0	132954
10156	3599	129986	1866	2181	0	137632
10157	2462	3204	136114	1541	0	143321
10158	1621	1575	3656	136604	0	143456
10159	136437	1036	1973	4114	0	143560
10160	3847	796	136653	2253	0	143549
10161	1843	632	4036	137423	0	143934
10162	1247	722	2138	141634	0	145741
10163	1108	677	1450	150685	0	153920
10164	150066	613	1139	5994	0	157812
10165	4120	144992	1170	3366	0	153648
10166	2048	3788	1109	149884	0	156829
10167	1510	1736	148096	5190	0	156532
10168	1097	1270	4479	145580	0	152426
10169	1098	144564	2187	5067	0	152916
10170	1049	154032	1409	2803	0	159293
10171	152580	5048	1078	2073	0	160779
10172	156053	2058	1016	1846	0	160973
10173	6023	1331	150222	1426	0	159002
10174	149173	1013	4435	1464	0	156085
10175	5047	149983	2135	1544	0	158709
10176	154425	4357	1234	1497	0	161513
10177	5133	2118	954	153594	0	161799
10178	2826	1399	153708	4799	0	162732
10179	1957	1164	4251	154276	0	161648
10180	1691	1084	153129	5448	0	161352
10181	151796	815	5055	2780	0	160446
10182	4625	838	2220	156528	0	164211
10183	2214	158960	1401	5256	0	167831
10184	1699	4770	1023	165118	0	172610
10185	1600	2280	160469	5910	0	170259
10186	1260	158599	4519	3189	0	167567
10187	150229	4702	1947	1996	0	158874
10188	3824	143019	1405	1532	0	149780
10189	1415	140088	876	1140	0	143519
10190	1193	4685	657	135642	0	142177
10191	799	137647	668	3597	0	142711
10192	1034	3939	718	141361	0	147052
10193	941	1690	137234	4194	0	144059
10194	128256	1039	3541	1712	0	134548
10195	138365	795	1337	1213	0	141710
10196	4547	829	134912	957	0	141245
10197	131343	806	3162	795	0	136106
10198	3731	131231	1390	1049	0	137401
10199	135155	3182	1150	780	0	140267
10200	3574	1769	709	132124	0	138176
10201	1724	905	130806	3413	0	136848
10202	1110	132070	2982	1630	0	137792
10203	789	3348	1349	133020	0	138506
10204	556	1304	732	136150	0	138742
10205	129531	835	613	4106	0	135085
10206	122139	600	542	1897	0	125178
10207	3651	119531	706	1234	0	125122
10208	1190	111353	444	598	0	113585
10209	579	106121	286	393	0	107379
10210	634	2126	436	102820	0	106016
10211	101860	573	649	1681	0	104763
10212	100454	333	151	510	0	101448
10213	1891	251	126	99017	0	101285
10214	604	227	127	100693	0	101651
10215	100131	198	118	1987	0	102434
10216	1704	242	159	101540	0	103645
10217	553	236	101361	1887	0	104037
10218	101824	209	1437	612	0	104082
10219	104404	217	343	541	0	105505
10220	2099	262	105469	341	0	108171
10221	108486	255	1378	285	0	110404
10222	1889	228	341	112804	0	115262
10223	620	241	265	113104	0	114230
10224	385	254	218	114857	0	115714
10225	112480	228	197	2219	0	115124
10226	1658	113323	270	889	0	116140
10227	589	1724	174	116555	0	119042
10228	462	112806	221	1858	0	115347
10229	114937	1762	217	608	0	117524
10230	1861	591	190	115436	0	118078
10231	678	362	212	117006	0	118258
10232	542	113792	254	2084	0	116672
10233	615	1835	112818	746	0	116014
10234	418	590	1648	116069	0	118725
10235	118085	377	491	1978	0	120931
10236	131454	304	339	769	0	132866
10237	3499	398	136966	532	0	141395
10238	1161	289	3066	140157	0	144673
10239	589	141943	1075	3254	0	146861
10240	508	3308	495	149473	0	153784
10241	147965	1027	319	3938	0	153249
10242	150206	639	271	1401	0	152517
10243	4357	446	253	145713	0	150769
10244	1586	142570	320	3626	0	148102
10245	158176	3427	213	1243	0	163059
10246	3871	1197	189	161322	0	166579
10247	162841	759	216	4107	0	167923
10248	173473	485	225	1456	0	175639
10249	4956	432	170	172006	0	177564
10250	1852	369	222	173887	0	176330
10251	1068	331	219	178511	0	180129
10252	768	172650	318	5676	0	179412
10253	799	3977	176	180671	0	185623
10254	708	1287	205	182601	0	184801
10255	829	873	172073	5746	0	179521
10256	798	662	169399	2225	0	173084
10257	607	427	4538	171189	0	176761
10258	170443	357	1627	4702	0	177129
10259	4031	167663	866	2228	0	174788
10260	170734	3960	482	1325	0	176501
10261	4906	1351	169739	1120	0	177116
10262	1892	834	165546	1066	0	169338
10263	1032	162567	4560	938	0	169097
10264	1093	3673	1606	168226	0	174598
10265	766	1204	167721	3821	0	173512
10266	679	828	170651	1552	0	173710
10267	566	523	3988	168719	0	173796
10268	170572	295	1559	3785	0	176211
10269	170633	264	845	1576	0	173318
10270	4193	269	492	167814	0	172768
10271	1880	412	178604	3818	0	184714
10272	1056	330	3188	182309	0	186883
10273	712	308	1198	182407	0	184625
10274	490	180308	893	4341	0	186032
10275	184790	3092	629	1868	0	190379
10276	184345	1123	541	1161	0	187170
10277	4165	181599	553	1062	0	187379
10278	1695	3296	422	179403	0	184816
10279	991	179247	675	3469	0	184382
10280	185496	3439	660	1502	0	191097
10281	3829	1421	177450	1145	0	183845
10282	1650	1049	171615	955	0	175269
10283	1068	660	172079	720	0	174527
10284	822	373	4523	170943	0	176661
10285	549	409	1719	174465	0	177142
10286	174344	292	1022	4217	0	179875
10287	3262	442	585	172727	0	177016
10288	1449	371	439	179926	0	182185
10289	1107	427	184495	4488	0	190517
10290	790	679	176636	2026	0	180131
10291	179019	430	3803	1425	0	184677
10292	3219	179820	1715	1178	0	185932
10293	189280	2984	924	880	0	194068
10294	3818	1187	682	187198	0	192885
10295	1609	729	631	187609	0	190578
10296	1115	182827	688	4263	0	188893
10297	869	3247	587	189223	0	193926
10298	187091	1232	547	4270	0	193140
10299	3480	875	502	188742	0	193599
10300	1752	673	185964	4252	0	192641
10301	1130	178772	3253	2247	0	185402
10302	185886	3076	1392	1596	0	191950
10303	189082	1244	961	1356	0	192643
10304	188913	837	663	1232	0	191645
10305	190771	612	591	1214	0	193188
10306	5007	515	552	186238	0	192312
10307	2253	531	566	191084	0	194434
10308	1607	588	186155	4860	0	193210
10309	1151	509	3127	187018	0	191805
10310	1620	567	185626	4677	0	192490
10311	1024	473	3399	187508	0	192404
10312	187447	537	1373	4675	0	194032
10313	3468	190922	1161	2622	0	198173
10314	1651	3109	761	197301	0	202822
10315	1311	1334	682	201863	0	205190
10316	197421	879	746	4973	0	204019
10317	190749	603	754	2595	0	194701
10318	4725	609	189891	1834	0	197059
10319	2010	187599	3486	1775	0	194870
10320	1370	3139	1454	191662	0	197625
10321	1098	1411	1149	193803	0	197461
10322	190843	809	933	4847	0	197432
10323	188842	591	910	2511	0	192854
10324	4769	610	189545	1670	0	196594
10325	2333	700	188274	1396	0	192703
10326	1424	591	4335	185506	0	191856
10327	1165	500	1982	192852	0	196499
10328	1239	513	186943	4949	0	193644
10329	180257	456	3774	2413	0	186900
10330	3817	468	1614	191342	0	197241
10331	189598	369	1194	4241	0	195402
10332	3929	183023	988	2609	0	190549
10333	192865	3113	928	1856	0	198762
10334	4545	1423	203742	1636	0	211346
10335	2035	198385	3699	1619	0	205738
10336	1145	194067	1304	991	0	197507
10337	188157	2281	2034	688	0	193160
10338	183331	796	440	542	0	185109
10339	2396	487	329	180553	0	183765
10340	1030	178046	423	2201	0	181700
10341	667	183166	413	1401	0	185647
10342	574	2339	359	187259	0	190531
10343	188581	859	287	2114	0	191841
10344	189214	503	351	1086	0	191154
10345	2538	446	178858	539	0	182381
10346	172101	216	1459	377	0	174153
10347	1821	182585	786	538	0	185730
10348	189667	2178	232	283	0	192360
10349	3250	223486	369	664	0	227769
10350	1088	246500	349	427	0	248364
10351	1070	7914	217	273526	0	282727
10352	291664	3387	491	7852	0	303394
10353	299600	1857	226	3114	0	304797
10354	11639	1313	284276	2270	0	299498
10355	5380	625	8051	290127	0	304183
10356	294653	385	2978	9443	0	307459
10357	10357	307	2073	298634	0	311371
10358	300982	237	1141	11019	0	313379
10359	305501	277	996	4498	0	311272
10360	13362	565	293014	3445	0	310386
10361	6701	378	8406	290732	0	306217
10362	4221	343	3128	303384	0	311076
10363	2870	273	2183	307079	0	312405
10364	2476	582	284650	14221	0	301929
10365	1538	387	9038	290677	0	301640
10366	1236	454	3581	286670	0	291941
10367	982	279987	2795	13807	0	297571
10368	1605	8863	270331	7272	0	288071
10369	891	285262	9006	5181	0	300340
10370	289161	10897	3466	3141	0	306665
10371	9434	4347	2492	274944	0	291217
10372	4170	3576	1525	273145	0	282416
10373	3303	272146	1377	12365	0	289191
10374	274135	9874	1049	6166	0	291224
10375	279617	3989	796	4313	0	288715
10376	13090	267655	979	3576	0	285300
10377	6538	278914	897	2966	0	289315
10378	280613	12114	651	2235	0	295613
10379	12125	6114	267711	1943	0	287893
10380	5907	4337	268004	1934	0	280182
10381	266355	2841	11337	1768	0	282301
10382	10668	270431	5709	2384	0	289192
10383	280356	9744	3854	1968	0	295922
10384	12616	4554	273579	2041	0	292790
10385	276167	3246	9993	2117	0	291523
10386	12976	279026	4544	2382	0	298928
10387	6465	10139	3454	286014	0	306072
10388	5352	4381	2157	290974	0	302864
10389	3893	3425	1930	280639	0	289887
10390	3568	2211	1480	284349	0	291608
10391	2761	2058	1496	277888	0	284203
10392	2633	267242	1253	16980	0	288108
10393	274487	9476	1298	9413	0	294674
10394	10776	4488	266787	7105	0	289156
10395	5275	3343	9291	277001	0	294910
10396	4390	2663	272031	12879	0	291963
10397	3105	2478	11528	275924	0	293035
10398	3090	1972	5154	284492	0	294708
10399	274611	1852	4487	15152	0	296102
10400	10991	2079	266674	8613	0	288357
10401	5447	263811	10708	6376	0	286342
10402	4226	10099	4843	273494	0	292662
10403	3426	4649	3551	285533	0	297159
10404	3404	4125	272536	14513	0	294578
10405	2889	2875	10115	277085	0	292964
10406	2787	2777	4337	289973	0	299874
10407	269897	2331	3508	16118	0	291854
10408	10148	272364	2304	9645	0	294461
10409	278629	10446	2127	6685	0	297887
10410	285030	4943	1722	5291	0	296986
10411	14579	4050	1707	278024	0	298360
10412	8480	2982	270503	12086	0	294051
10413	6266	2980	274682	6296	0	290224
10414	4767	2278	12793	273175	0	293013
10415	4021	2149	6752	271839	0	284761
10416	3530	269961	4921	14872	0	293284
10417	272471	9966	3628	8357	0	294422
10418	11028	266277	3255	6860	0	287420
10419	5677	274744	2652	5482	0	288555
10420	275695	13314	2109	5173	0	296291
10421	11924	7209	1800	271230	0	292163
10422	6550	282674	1884	12785	0	303893
10423	4830	11767	1783	292461	0	310841
10424	3679	5922	276213	14842	0	300656
10425	3378	4411	279686	8593	0	296068
10426	2642	3158	12380	285522	0	303702
10427	2785	2672	286111	14053	0	305621
10428	2402	2228	12782	287839	0	305251
10429	2206	1998	6565	293204	0	303973
10430	2188	1782	5369	300488	0	309827
10431	281288	2124	3741	18658	0	305811
10432	10123	273307	3420	10921	0	297771
10433	4641	285415	2731	8439	0	301226
10434	270476	12103	2137	6291	0	291007
10435	274601	6324	1965	5293	0	288183
10436	13415	4963	1641	268025	0	288044
10437	7393	4010	264865	12078	0	288346
10438	5433	3345	9196	271652	0	289626
10439	4291	3170	268438	13788	0	289687
10440	3788	266003	11178	7418	0	288387
10441	2928	9897	4967	279924	0	297716
10442	278494	4609	4276	12635	0	300014
10443	10629	4107	3043	282551	0	300330
10444	5340	2724	268104	13500	0	289668
10445	264102	2649	10459	7005	0	284215
10446	11827	2244	269916	6223	0	290210
10447	6642	2129	267543	4273	0	280587
10448	4305	256062	11516	4412	0	276295
10449	2044	218573	4307	2668	0	227592
10450	2044	207966	3124	2554	0	215688
10451	176327	5023	4876	2771	0	188997
10452	165161	361	571	449	0	166542
10453	1026	287	135	167148	0	168596
10454	355	192	103	170750	0	171400
10455	244	146	120	178088	0	178598
10456	226	173649	239	1240	0	175354
10457	182879	830	145	477	0	184331
10458	872	176306	266	451	0	177895
10459	309	998	133	184717	0	186157
10460	187263	318	144	1069	0	188794
10461	969	278	148	186276	0	187671
10462	386	210	126	191935	0	192657
10463	195333	172	148	1364	0	197017
10464	187754	179	201	681	0	188815
10465	1518	215	191491	430	0	193654
10466	722	307	185411	314	0	186754
10467	463	325	195356	277	0	196421
10468	246	197	1456	191371	0	193270
10469	216	192	479	198963	0	199850
10470	163	195103	469	1693	0	197428
10471	206065	1179	255	588	0	208087
10472	1241	422	228	207324	0	209215
10473	466	371	159	210476	0	211472
10474	370	209874	324	2107	0	212675
10475	260	223680	269	998	0	225207
10476	304	1972	156	236722	0	239154
10477	284	712	140	265202	0	266338
10478	266215	394	170	4562	0	271341
10479	264951	329	214	1663	0	267157
10480	4836	318	135	265269	0	270558
10481	2043	325	264536	4422	0	271326
10482	1333	613	252132	1735	0	255813
10483	612	252	4501	260008	0	265373
10484	625	254	1645	258755	0	261279
10485	458	252601	1065	5517	0	259641
10486	257727	3833	559	2264	0	264383
10487	4102	1265	473	258512	0	264352
10488	1648	901	256880	4782	0	264211
10489	991	412	3897	261283	0	266583
10490	873	475	260575	5410	0	267333
10491	878	892	261372	2021	0	265163
10492	630	595	5106	266694	0	273025
10493	271037	370	2361	4958	0	278726
10494	4354	350	267042	2133	0	273879
10495	1502	230	4269	262484	0	268485
10496	1440	433	285828	4962	0	292663
10497	679	533	4688	282598	0	288498
10498	670	352	1708	285619	0	288349
10499	889	315	284469	6205	0	291878
10500	929	590	275536	2974	0	280029
10501	896	388	5416	261334	0	268034
10502	573	295	2404	285605	0	288877
10503	522	244	1803	289943	0	292512
10504	455	238	1302	286935	0	288930
10505	282670	220	1179	6953	0	291022
10506	282551	268	1016	3564	0	287399
10507	5201	272351	1061	2713	0	281326
10508	286430	3938	1022	1834	0	293224
10509	5111	1266	996	285797	0	293170
10510	289136	799	1101	5499	0	296535
10511	5404	556	281434	2629	0	290023
10512	284056	381	4856	2294	0	291587
10513	5373	428	2077	287407	0	295285
10514	2242	283	1471	302201	0	306197
10515	301907	216	1026	7206	0	310355
10516	5729	300	1047	324153	0	331229
10517	2309	498	335025	8834	0	346666
10518	333701	311	7083	3974	0	345069
10519	7709	338757	3019	3493	0	352978
10520	2832	6522	1772	370296	0	381422
10521	2607	2166	390761	9944	0	405478
10522	1510	1460	9583	391464	0	404017
10523	1684	1406	384955	12385	0	400430
10524	1333	694	10431	396750	0	409208
10525	1147	390565	3861	13136	0	408709
10526	1275	9736	2417	404634	0	418062
10527	1508	408565	1955	12884	0	424912
10528	1628	12099	1456	414185	0	429368
10529	1707	3764	1288	439941	0	446700
10530	1776	2377	1312	443986	0	449451
10531	1769	1396	1448	443771	0	448384
10532	1814	936	1647	448526	0	452923
10533	1999	1382	413941	19850	0	437172
10534	1419	947	12117	427575	0	442058
10535	1181	906	4528	441343	0	447958
10536	427859	933	3475	18937	0	451204
10537	12140	417261	2439	9994	0	441834
10538	426510	12331	1886	6820	0	447547
10539	14358	4305	1744	429177	0	449584
10540	5434	3548	406428	16568	0	431978
10541	3144	413611	12597	8761	0	438113
10542	416181	12758	4579	6528	0	440046
10543	12805	406696	3694	6223	0	429418
10544	4289	425270	2750	5648	0	437957
10545	419630	15979	1951	5381	0	442941
10546	13791	6598	1877	442259	0	464525
10547	439747	3772	1795	18104	0	463418
10548	16495	2397	1927	431982	0	452801
10549	6195	2095	420489	20146	0	448925
10550	4251	2105	421166	9555	0	437077
10551	406564	1511	17417	7801	0	433293
10552	430240	1726	7006	5988	0	444960
10553	18798	1752	4456	413397	0	438403
10554	7665	1930	2851	426221	0	438667
10555	404874	2009	2437	21336	0	430656
10556	16167	388789	2223	10631	0	417810
10557	6691	406704	1998	7834	0	423227
10558	402206	17393	1785	5777	0	427161
10559	407837	7035	1833	4858	0	421563
10560	19878	393032	2107	4626	0	419643
10561	9023	15527	1856	398125	0	424531
10562	6579	6047	383165	17327	0	413118
10563	4745	4546	389511	8089	0	406891
10564	379946	2868	18108	6421	0	407343
10565	17323	2590	384861	5425	0	410199
10566	7604	2422	16313	375327	0	401666
10567	5978	2314	5906	377106	0	391304
10568	4480	374035	4363	19949	0	402827
10569	376810	14823	3186	9721	0	404540
10570	17104	5563	2626	380123	0	405416
10571	7651	5175	361023	18025	0	391874
10572	5754	360508	14353	9476	0	390091
10573	4388	14763	5738	371540	0	396429
10574	4304	5883	354208	17544	0	381939
10575	4343	4748	345826	8503	0	363420
10576	3245	337064	17128	7575	0	365012
10577	310189	12229	6411	4692	0	333521
10578	12353	312031	4562	4712	0	333658
10579	317409	13441	3031	4189	0	338070
10580	14377	5561	304366	4368	0	328672
10581	302283	3978	12039	4580	0	322880
10582	13858	306542	5030	4995	0	330425
10583	6136	12554	3673	307028	0	329391
10584	4191	5310	3010	324549	0	337060
10585	315168	3891	2863	17050	0	338972
10586	13184	3479	306035	8580	0	331278
10587	310475	3141	12552	6354	0	332522
10588	319932	2916	5037	5293	0	333178
10589	16552	2778	297747	4926	0	322003
10590	7302	2983	306240	4588	0	321113
10591	5296	3316	14713	299365	0	322690
10592	302446	3125	6170	14546	0	326287
10593	306040	2997	4360	6777	0	320174
10594	16025	296828	3558	5677	0	322088
10595	7622	12301	2963	305624	0	328510
10596	5837	5560	2762	298396	0	312555
10597	4783	4112	2504	302175	0	313574
10598	4487	3164	2597	307117	0	317365
10599	292636	2727	2917	18798	0	317078
10600	14811	2706	2660	298607	0	318784
10601	7461	2931	283959	16333	0	310684
10602	6300	2929	286622	7190	0	303041
10603	280269	2583	15024	5502	0	303378
10604	15153	279112	6815	4531	0	305611
10605	7322	294744	4990	3959	0	311015
10606	6166	15459	3513	291386	0	316524
10607	5225	6129	2950	303199	0	317503
10608	4731	4105	2902	299843	0	311581
10609	4410	3185	2871	306783	0	317249
10610	4413	2951	282865	19461	0	309690
10611	4380	2465	12309	290275	0	309429
10612	4393	2278	4872	296846	0	308389
10613	4204	2472	268771	18364	0	293811
10614	255372	2047	12665	8937	0	279021
10615	12977	262113	5668	7234	0	287992
10616	241420	9511	3475	4711	0	259117
10617	11885	3355	222466	3833	0	241539
10618	5023	2510	213657	3301	0	224491
10619	3392	205735	10413	3308	0	222848
10620	179443	11486	16292	4050	0	211271
10621	162191	2671	2829	2461	0	170152
10622	161790	1518	1356	1954	0	166618
10623	8155	152670	1289	2086	0	164200
10624	147974	5101	1325	1551	0	155951
10625	6758	2072	141121	1390	0	151341
10626	2514	141102	5264	1377	0	150257
10627	133118	4516	1864	1100	0	140598
10628	4692	133996	1219	1278	0	141185
10629	128066	4129	1004	792	0	133991
10630	128104	1479	758	740	0	131081
10631	5216	1029	123727	752	0	130724
10632	2095	124481	3897	707	0	131180
10633	125965	3573	1403	648	0	131589
10634	4297	1302	122575	636	0	128810
10635	1727	121959	3700	743	0	128129
10636	1257	3483	1141	121053	0	126934
10637	1009	1349	120011	3341	0	125710
10638	902	962	118097	1202	0	121163
10639	708	759	3782	118286	0	123535
10640	116419	487	1515	3365	0	121786
10641	3193	113127	946	1762	0	119028
10642	1304	2835	113932	909	0	118980
10643	1236	1034	112969	612	0	115851
10644	106872	991	3256	454	0	111573
10645	3091	111851	1452	458	0	116852
10646	92227	1375	621	100	0	94323
10647	1278	92093	282	177	0	93830
10648	95519	1257	382	131	0	97289
10649	92863	408	164	118	0	93553
10650	1512	89126	250	211	0	91099
10651	509	1271	183	92275	0	94238
10652	99150	382	149	1267	0	100948
10653	1579	256	186	100377	0	102398
10654	431	231	219	108814	0	109695
10655	108442	142	203	2197	0	110984
10656	1933	105749	230	709	0	108621
10657	110505	1908	185	359	0	112957
10658	2267	510	107882	252	0	110911
10659	557	333	1946	109374	0	112210
10660	446	236	399	110853	0	111934
10661	110158	197	301	2332	0	112988
10662	110479	242	237	671	0	111629
10663	2367	219	159	109756	0	112501
10664	777	289	110913	2204	0	114183
10665	545	198	1875	111412	0	114030
10666	400	224	408	114067	0	115099
10667	320	214	324	114821	0	115679
10668	381	172	224	115172	0	115949
10669	113126	188	188	2663	0	116165
10670	2248	244	110386	897	0	113775
10671	618	109971	2004	656	0	113249
10672	533	1984	431	112827	0	115775
10673	424	453	311	116856	0	118044
10674	509	383	114094	2590	0	117576
10675	425	351	113389	919	0	115084
10676	374	212	2296	116529	0	119411
10677	426	196	608	119249	0	120479
10678	544	244	115162	2906	0	118856
10679	410	220	2312	115530	0	118472
10680	117145	222	629	2850	0	120846
10681	2460	117802	570	1255	0	122087
10682	884	2374	116808	771	0	120837
10683	575	117458	2317	733	0	121083
10684	472	2512	638	122702	0	126324
10685	623	752	121085	2677	0	125137
10686	467	119118	2572	1194	0	123351
10687	431	2312	728	123858	0	127329
10688	591	665	124418	2668	0	128342
10689	380	484	2415	123854	0	127133
10690	403	324	721	127175	0	128623
10691	126408	266	580	3214	0	130468
10692	2576	306	426	127178	0	130486
10693	127670	279	489	3125	0	131563
10694	123870	285	415	1144	0	125714
10695	124371	269	452	953	0	126045
10696	3192	280	413	123064	0	126949
10697	1131	285	119265	2917	0	123598
10698	720	404	117525	1101	0	119750
10699	120214	231	2789	825	0	124059
10700	2675	316	121059	710	0	124760
10701	116170	182	2807	688	0	119847
10702	2477	118325	921	676	0	122399
10703	122068	2120	625	650	0	125463
10704	2730	559	122822	654	0	126765
10705	960	417	126302	543	0	128222
10706	646	331	2605	126698	0	130280
10707	540	246	132611	3059	0	136456
10708	556	316	136387	1099	0	138358
10709	495	246	3356	144902	0	148999
10710	500	238	1085	151564	0	153387
10711	470	271	699	155705	0	157145
10712	385	153513	608	5030	0	159536
10713	510	3605	524	152690	0	157329
10714	350	157323	593	4222	0	162488
10715	158831	3870	514	1626	0	164841
10716	160633	1232	495	1178	0	163538
10717	4623	688	481	154196	0	159988
10718	1701	151303	694	4115	0	157813
10719	1186	3691	153760	1741	0	160378
10720	158012	1008	4073	1251	0	164344
10721	4369	623	1460	159544	0	165996
10722	1556	455	994	161076	0	164081
10723	1039	592	711	165770	0	168112
10724	159003	343	644	5995	0	165985
10725	4412	153497	706	2537	0	161152
10726	1553	159572	646	1747	0	163518
10727	152792	4865	542	1132	0	159331
10728	4173	154257	646	1207	0	160283
10729	155949	4523	660	898	0	162030
10730	155954	1628	627	967	0	159176
10731	5200	152092	675	1087	0	159054
10732	1970	4293	691	150146	0	157100
10733	1153	151819	614	4754	0	158340
10734	965	4501	553	152901	0	158920
10735	827	1595	516	163720	0	166658
10736	161437	1105	491	6373	0	169406
10737	167415	834	527	2715	0	171491
10738	6347	795	483	166578	0	174203
10739	2743	819	158337	5859	0	167758
10740	157685	730	4694	2431	0	165540
10741	5458	159985	1793	2200	0	169436
10742	2234	4935	1138	162091	0	170398
10743	1602	1837	788	166193	0	170420
10744	1267	1290	758	168645	0	171960
10745	158335	917	559	7612	0	167423
10746	158677	919	518	3545	0	163659
10747	6413	150728	630	2559	0	160330
10748	2831	156181	633	1855	0	161500
10749	2045	6255	572	154601	0	163473
10750	1650	2713	529	159690	0	164582
10751	1435	1747	151546	6859	0	161587
10752	1176	1659	4584	149321	0	156740
10753	1204	1064	144949	6494	0	153711
10754	1100	717	135699	2809	0	140325
10755	994	134186	5450	2242	0	142872
10756	1319	4483	2259	138010	0	146071
10757	137883	1741	1189	5183	0	145996
10758	4724	1259	729	137223	0	143935
10759	2243	1051	133067	5692	0	142053
10760	132522	889	4072	2705	0	140188
10761	136447	829	1695	1886	0	140857
10762	6220	943	129129	1524	0	137816
10763	2795	798	4149	136466	0	144208
10764	134010	724	1790	5126	0	141650
10765	5194	133218	1161	2761	0	142334
10766	137149	4554	877	2100	0	144680
10767	141977	1823	817	1837	0	146454
10768	6336	1345	714	137937	0	146332
10769	2996	960	676	145525	0	150157
10770	142854	900	737	6761	0	151252
10771	5724	782	698	143607	0	150811
10772	2679	932	137292	6542	0	147445
10773	136701	799	4515	3239	0	145254
10774	140086	722	1829	2364	0	145001
10775	6530	135298	1246	2067	0	145141
10776	2879	140320	888	1774	0	145861
10777	2052	6029	749	134682	0	143512
10778	1595	138364	669	5259	0	145887
10779	1539	5783	726	140114	0	148162
10780	136915	2139	543	6030	0	145627
10781	134264	1417	578	2965	0	139224
10782	6215	130513	677	2187	0	139592
10783	129610	4738	633	1681	0	136662
10784	5809	128139	680	1567	0	136195
10785	129341	5052	673	1442	0	136508
10786	131729	2128	667	1520	0	136044
10787	6620	1494	123877	1511	0	133502
10788	124301	1129	4247	1328	0	131005
10789	5973	120484	1727	1437	0	129621
10790	2863	125980	1064	1559	0	131466
10791	126407	5553	719	1283	0	133962
10792	5893	2466	562	125023	0	133944
10793	2898	1716	121817	5099	0	131530
10794	2214	1318	4189	123784	0	131505
10795	1896	1145	1500	128524	0	133065
10796	1765	1052	119934	6490	0	129241
10797	116388	958	4410	3131	0	124887
10798	5337	117812	1731	2394	0	127274
10799	117971	4497	1074	1711	0	125253
10800	5821	1991	777	115445	0	124034
10801	115113	1409	652	5017	0	122191
10802	5691	112416	596	2510	0	121213
10803	2963	4655	583	114017	0	122218
10804	112279	1878	632	5291	0	120080
10805	5427	1301	102709	2601	0	112038
10806	2498	1070	96789	1927	0	102284
10807	91696	1292	4957	1444	0	99389
10808	4587	89181	1928	1297	0	96993
10809	1785	78016	910	872	0	81583
10810	2895	4327	885	71542	0	79649
10811	1103	73542	582	2959	0	78186
10812	1174	3258	634	74865	0	79931
10813	909	1342	485	77137	0	79873
10814	912	836	519	75511	0	77778
10815	918	72296	554	3816	0	77584
10816	828	2654	625	74257	0	78364
10817	1020	1171	69769	3292	0	75252
10818	901	70141	2187	1704	0	74933
10819	736	2661	772	65163	0	69332
10820	756	67122	592	2292	0	70762
10821	67859	2384	399	1101	0	71743
10822	68211	1023	399	898	0	70531
10823	68279	705	436	766	0	70186
10824	3139	67436	463	740	0	71778
10825	1595	2155	367	68659	0	72776
10826	1187	1052	65838	2208	0	70285
10827	1055	889	65432	1022	0	68398
10828	63933	772	2266	900	0	67871
10829	65681	689	888	799	0	68057
10830	2676	705	572	67783	0	71736
10831	1373	546	355	71160	0	73434
10832	1081	525	69102	3185	0	73893
10833	846	67177	2096	1726	0	71845
10834	806	69466	1076	1146	0	72494
10835	625	1949	62801	627	0	66002
10836	539	2058	1559	57988	0	62144
10837	412	469	484	55882	0	57247
10838	474	349	207	59704	0	60734
10839	413	379	185	59940	0	60917
10840	59366	330	172	1743	0	61611
10841	1591	345	55774	684	0	58394
10842	56294	379	1170	410	0	58253
10843	1535	379	419	56860	0	59193
10844	56924	334	244	1371	0	58873
10845	1545	328	237	57172	0	59282
10846	747	364	56540	1429	0	59080
10847	611	337	1184	57561	0	59693
10848	474	371	57911	1479	0	60235
10849	386	359	1150	57472	0	59367
10850	412	311	57658	1448	0	59829
10851	328	57690	1141	781	0	59940
10852	326	1160	477	59174	0	61137
10853	327	505	246	58785	0	59863
10854	278	58829	281	1435	0	60823
10855	61509	1209	245	669	0	63632
10856	1314	564	180	61090	0	63148
10857	548	367	231	61726	0	62872
10858	62549	273	221	1756	0	64799
10859	62858	244	231	830	0	64163
10860	65520	247	240	510	0	66517
10861	65810	273	208	477	0	66768
10862	1853	256	61961	507	0	64577
10863	61982	224	1217	352	0	63775
10864	64176	233	498	394	0	65301
10865	1661	234	260	60821	0	62976
10866	706	223	247	61656	0	62832
10867	59066	192	209	1679	0	61146
10868	1315	57561	227	809	0	59912
10869	696	970	132	56030	0	57828
10870	300	403	56017	1123	0	57843
10871	183	55655	848	604	0	57290
10872	57184	1002	559	278	0	59023
10873	57425	355	274	243	0	58297
10874	57225	138	112	181	0	57656
10875	57699	96	102	208	0	58105
10876	1027	93	84	55894	0	57098
10877	441	112	55072	861	0	56486
10878	261	141	58248	409	0	59059
10879	189	113	1138	62935	0	64375
10880	66392	60	392	1223	0	68067
10881	1361	71	154	67149	0	68735
10882	576	84	67448	1445	0	69553
10883	69082	72	1294	551	0	70999
10884	70242	42	408	275	0	70967
10885	1778	137	189	70287	0	72391
10886	656	78	72294	1485	0	74513
10887	383	119	72937	507	0	73946
10888	70510	44	1673	312	0	72539
10889	1463	71268	543	409	0	73683
10890	599	1257	72286	228	0	74370
10891	281	334	1368	72500	0	74483
10892	73898	111	420	1427	0	75856
10893	1394	69708	310	558	0	71970
10894	526	71546	240	365	0	72677
10895	73330	1483	189	239	0	75241
10896	1442	435	178	72594	0	74649
10897	79923	166	193	1427	0	81709
10898	1813	135	180	81933	0	84061
10899	611	142	173	83861	0	84787
10900	392	178	81645	2223	0	84438
10901	380	223	78077	743	0	79423
10902	423	200	82922	400	0	83945
10903	342	126	2207	83037	0	85712
10904	85251	121	663	1971	0	88006
10905	2122	154	85099	692	0	88067
10906	762	123	1883	85173	0	87941
10907	470	220	86559	2136	0	89385
10908	397	87516	2050	875	0	90838
10909	372	1779	656	91556	0	94363
10910	391	492	363	92551	0	93797
10911	339	228	379	93500	0	94446
10912	91116	124	396	2730	0	94366
10913	2123	149	377	90674	0	93323
10914	790	177	333	92732	0	94032
10915	91442	165	363	2747	0	94717
10916	2269	190	88384	1001	0	91844
10917	88358	155	2008	620	0	91141
10918	89695	166	674	530	0	91065
10919	2719	230	87376	492	0	90817
10920	84421	185	2056	551	0	87213
10921	2375	167	686	89283	0	92511
10922	967	182	90765	2239	0	94153
10923	90585	107	2235	964	0	93891
10924	93025	87	717	856	0	94685
10925	2662	104	444	91509	0	94719
10926	1098	81	387	93319	0	94885
10927	645	75	403	94674	0	95797
10928	91325	56	386	2916	0	94683
10929	2331	90001	470	1197	0	93999
10930	89548	1702	401	678	0	92329
10931	2100	84119	481	601	0	87301
10932	803	84737	435	637	0	86612
10933	579	2070	417	86801	0	89867
10934	574	540	318	88357	0	89789
10935	521	270	282	87343	0	88416
10936	469	179	328	88310	0	89286
10937	531	201	84151	2721	0	87604
10938	82444	181	1859	1159	0	85643
10939	2133	203	581	87164	0	90081
10940	848	249	86771	2286	0	90154
10941	675	179	1882	87181	0	89917
10942	602	215	591	90354	0	91762
10943	613	286	91954	2639	0	95492
10944	510	261	1877	92033	0	94681
10945	496	372	676	94033	0	95577
10946	93124	188	511	2738	0	96561
10947	2178	182	93282	1225	0	96867
10948	89579	119	1894	953	0	92545
10949	2159	92096	782	867	0	95904
10950	94844	1745	521	774	0	97884
10951	93054	476	508	726	0	94764
10952	2518	258	415	92617	0	95808
10953	975	315	91764	2434	0	95488
10954	644	94535	2005	1247	0	98431
10955	511	1970	602	95038	0	98121
10956	450	100155	492	2232	0	103329
10957	102313	2298	530	1148	0	106289
10958	2534	655	99510	779	0	103478
10959	922	437	98562	695	0	100616
10960	597	308	2484	97119	0	100508
10961	596	286	101558	2653	0	105093
10962	563	258	2339	102568	0	105728
10963	508	283	644	104685	0	106120
10964	105475	196	542	3103	0	109316
10965	2427	104147	484	1314	0	108372
10966	852	2213	533	108410	0	112008
10967	597	587	474	110830	0	112488
10968	543	381	468	109430	0	110822
10969	462	105407	566	3258	0	109693
10970	574	107657	529	1308	0	110068
10971	106567	2560	492	892	0	110511
10972	107239	647	460	825	0	109171
10973	106836	394	404	764	0	108398
10974	3220	326	103455	905	0	107906
10975	1048	347	2232	103915	0	107542
10976	733	334	103299	2832	0	107198
10977	505	101221	2295	1339	0	105360
10978	100121	2295	1048	776	0	104240
10979	2236	704	97367	586	0	100893
10980	664	389	1636	95434	0	98123
10981	580	207	97761	1995	0	100543
10982	94101	168	1790	688	0	96747
10983	99013	181	710	535	0	100439
10984	99892	204	344	468	0	100908
10985	97954	175	369	399	0	98897
10986	2257	235	99434	416	0	102342
10987	96743	174	1575	371	0	98863
10988	100494	172	573	330	0	101569
10989	1951	96270	421	487	0	99129
10990	99291	1498	360	373	0	101522
10991	101256	443	300	375	0	102374
10992	2131	252	252	96548	0	99183
10993	795	100030	327	1610	0	102762
10994	106581	1540	213	621	0	108955
10995	115463	457	275	467	0	116662
10996	3020	415	130422	517	0	134374
10997	969	327	130604	272	0	132172
10998	637	295	134592	256	0	135780
10999	462	602	4249	133191	0	138504
11000	134641	159	1555	3225	0	139580
11001	3257	132731	858	1557	0	138403
11002	133663	3326	377	683	0	138049
11003	3636	133844	317	475	0	138272
11004	133694	3553	253	207	0	137707
11005	3609	131400	373	275	0	135657
11006	1281	135569	304	294	0	137448
11007	131763	3872	242	180	0	136057
11008	3131	134769	253	266	0	138419
11009	1209	3527	222	136393	0	141351
11010	924	1296	134974	3077	0	140271
11011	594	863	134980	990	0	137427
11012	403	437	3829	133012	0	137681
11013	358	255	1486	140035	0	142134
11014	428	335	136752	4134	0	141649
11015	336	297	3189	135258	0	139080
11016	345	255	1113	141290	0	143003
11017	138636	225	728	4385	0	143974
11018	3283	136619	476	2078	0	142456
11019	1257	3366	411	133147	0	138181
11020	750	138432	436	3307	0	142925
11021	141473	3726	408	1170	0	146777
11022	3284	139463	368	932	0	144047
11023	142927	3772	303	499	0	147501
11024	144125	1351	230	403	0	146109
11025	4575	892	231	140323	0	146021
11026	1932	582	258	142165	0	144937
11027	1164	489	286	144442	0	146381
11028	660	508	332	145145	0	146645
11029	595	568	136021	5116	0	142300
11030	127721	453	3207	2160	0	133541
11031	3497	135537	1282	1246	0	141562
11032	1491	3406	740	141740	0	147377
11033	1087	1305	503	143301	0	146196
11034	684	140454	517	4505	0	146160
11035	142603	3628	516	1949	0	148696
11036	3585	141939	556	1352	0	147432
11037	1450	4021	416	145873	0	151760
11038	1124	1681	378	150282	0	153465
11039	877	1123	302	151200	0	153502
11040	801	776	289	151132	0	152998
11041	147278	648	338	5602	0	153866
11042	4182	659	142762	2342	0	149945
11043	1614	648	3594	142839	0	148695
11044	1168	714	1546	145626	0	149054
11045	859	613	1156	147557	0	150185
11046	794	527	793	147497	0	149611
11047	140560	493	633	6030	0	147716
11048	4269	636	137827	2786	0	145518
11049	1832	677	3355	136248	0	142112
11050	1360	133881	1382	4220	0	140843
11051	933	141852	877	1976	0	145638
11052	141458	4683	483	1523	0	148147
11053	4188	2204	139603	1075	0	147070
11054	131969	1515	3188	869	0	137541
11055	4566	1138	136567	891	0	143162
11056	1765	735	3360	131976	0	137836
11057	137418	610	1428	3718	0	143174
11058	3283	138555	1191	2500	0	145529
11059	1504	3239	916	136442	0	142101
11060	1019	138070	932	3710	0	143731
11061	141042	3591	648	2019	0	147300
11062	141780	1409	699	1691	0	145579
11063	4427	993	529	140268	0	146217
11064	2185	773	137054	4258	0	144270
11065	1506	897	136380	2284	0	141067
11066	1041	910	3789	137487	0	143227
11067	833	139004	1704	3795	0	145336
11068	952	3930	810	148300	0	153992
11069	961	2027	420	145050	0	148458
11070	926	1427	289	146524	0	149166
11071	973	989	140467	5618	0	148047
11072	904	654	3157	141894	0	146609
11073	675	586	1331	145719	0	148311
11074	534	137790	1114	6653	0	146091
11075	455	3616	679	141819	0	146569
11076	438	1162	584	150985	0	153169
11077	506	757	633	152681	0	154577
11078	635	490	604	152845	0	154574
11079	669	508	470	151434	0	153081
11080	577	649	523	151615	0	153364
11081	580	642	348	148661	0	150231
11082	544	858	312	147551	0	149265
11083	835	912	135586	6372	0	143705
11084	807	890	3070	139568	0	144335
11085	138671	684	1166	5175	0	145696
11086	3824	483	787	138254	0	143348
11087	1770	472	137879	5366	0	145487
11088	133013	413	3532	2869	0	139827
11089	142638	447	1315	2196	0	146596
11090	143501	469	959	1705	0	146634
11091	143336	446	670	1679	0	146131
11092	5348	448	487	142682	0	148965
11093	2348	461	136056	4898	0	143763
11094	1409	129001	3286	2737	0	136433
11095	826	126785	1442	1997	0	131050
11096	744	2856	2978	106602	0	113180
11097	730	421	740	108853	0	110744
11098	194	242	127	107865	0	108428
11099	166	133	116	111476	0	111891
11100	139	136	86	124530	0	124891
11101	130936	133	116	3403	0	134588
11102	3070	128185	219	1432	0	132906
11103	1116	134460	195	828	0	136599
11104	702	4852	171	138534	0	144259
11105	386	1567	139	142806	0	144898
11106	300	735	110	142190	0	143335
11107	258	371	120	142276	0	143025
11108	324	405	127558	6370	0	134657
11109	262	124037	3697	2836	0	130832
11110	315	3582	1047	133462	0	138406
11111	129677	1307	619	4618	0	136221
11112	3804	998	265	132137	0	137204
11113	1443	578	129012	5088	0	136121
11114	842	593	125567	2322	0	129324
11115	517	529	132233	1638	0	134917
11116	290	506	5062	127075	0	132933
11117	135017	313	2010	4739	0	142079
11118	3755	333	1000	136841	0	141929
11119	1373	314	609	142043	0	144339
11120	136344	246	515	6008	0	143113
11121	4106	282	501	137884	0	142773
11122	1571	268	528	141126	0	143493
11123	1064	343	138302	6036	0	145745
11124	601	136105	4017	3018	0	143741
11125	521	3781	1561	149366	0	155229
11126	145870	1223	1021	5251	0	153365
11127	4154	679	736	149475	0	155044
11128	1749	474	145060	5794	0	153077
11129	1135	386	4043	147681	0	153245
11130	745	143826	1606	5801	0	151978
11131	628	3943	914	153123	0	158608
11132	722	1607	144741	5851	0	152921
11133	475	151687	4180	3247	0	159589
11134	440	4734	1558	161608	0	168340
11135	597	1837	944	179264	0	182642
11136	431	1160	714	183109	0	185414
11137	366	674	617	185704	0	187361
11138	579	699	168887	9994	0	180159
11139	398	168892	5788	4618	0	179696
11140	176187	5962	2071	2990	0	187210
11141	180738	2054	1359	2023	0	186174
11142	7610	1378	828	178113	0	187929
11143	2971	916	172436	7606	0	183929
11144	169814	605	6184	3348	0	179951
11145	6585	569	2266	179058	0	188478
11146	2447	600	179435	7925	0	190407
11147	1553	432	6391	183327	0	191703
11148	1054	472	2374	186730	0	190630
11149	857	456	1501	190245	0	193059
11150	922	571	180016	10520	0	192029
11151	932	587	6247	178210	0	185976
11152	905	180723	2479	8406	0	192513
11153	185910	6075	1661	3800	0	197446
11154	188818	2233	1172	2849	0	195072
11155	189157	1397	978	2370	0	193902
11156	9284	179621	976	2401	0	192282
11157	184104	6323	863	2289	0	193579
11158	8010	2205	932	178868	0	190015
11159	178847	1361	1154	8105	0	189467
11160	179916	1018	887	4077	0	185898
11161	9087	946	167679	3389	0	181101
11162	3844	167297	6331	2588	0	180060
11163	172776	6258	2419	2196	0	183649
11164	7412	2455	1623	171854	0	183344
11165	3405	1814	164345	7583	0	177147
11166	2494	164726	6251	3809	0	177280
11167	167387	6687	2357	2728	0	179159
11168	7421	2555	1408	168742	0	180126
11169	3505	1701	993	174031	0	180230
11170	2542	1234	858	174529	0	179163
11171	2001	164072	890	10246	0	177209
11172	1837	6389	862	172316	0	181404
11173	1521	164337	1123	9161	0	176142
11174	1495	7051	1086	171461	0	181093
11175	1714	3069	163347	8840	0	176970
11176	1516	2017	6240	169712	0	179485
11177	1452	1373	2698	174982	0	180505
11178	1508	1077	1853	178726	0	183164
11179	1416	1155	162698	11312	0	176581
11180	1310	928	6436	169804	0	178478
11181	1357	998	2683	177640	0	182678
11182	1179	1011	1790	179132	0	183112
11183	1192	1026	1426	179330	0	182974
11184	1276	976	1217	181567	0	185036
11185	1277	1118	163938	12152	0	178485
11186	1237	1114	6019	171345	0	179715
11187	1358	977	2652	173344	0	178331
11188	160406	853	1833	11012	0	174104
11189	6636	154488	1451	6247	0	168822
11190	3202	163168	1303	4694	0	172367
11191	2359	7593	1156	165745	0	176853
11192	1741	3249	1135	166846	0	172971
11193	1486	154107	1185	10397	0	167175
11194	1613	6388	1009	160744	0	169754
11195	1374	154384	1091	10135	0	166984
11196	1497	6675	996	158927	0	168095
11197	1474	2749	974	159527	0	164724
11198	1374	2051	140990	10020	0	154435
11199	1181	137990	5508	5824	0	150503
11200	1232	134482	1936	3793	0	141443
11201	116044	5054	1650	2314	0	125062
11202	3536	117121	943	1860	0	123460
11203	1640	4245	517	117334	0	123736
11204	1591	1878	110417	4651	0	118537
11205	950	1534	3042	112857	0	118383
11206	111560	987	1207	5284	0	119038
11207	3597	1061	109535	2930	0	117123
11208	1400	112288	3360	2372	0	119420
11209	1175	3597	1321	115084	0	121177
11210	882	1550	1046	122812	0	126290
11211	121408	1099	783	5678	0	128968
11212	3339	871	721	124345	0	129276
11213	1350	832	636	125343	0	128161
11214	1056	896	502	125849	0	128303
11215	771	854	503	124633	0	126761
11216	118743	736	566	6346	0	126391
11217	118428	712	520	3796	0	123456
11218	4090	630	505	119372	0	124597
11219	116339	572	640	5242	0	122793
11220	3953	813	569	115783	0	121118
11221	1644	673	108854	5465	0	116636
11222	1279	713	106270	2993	0	111255
11223	914	998	3574	101476	0	106962
11224	789	99539	1483	4460	0	106271
11225	667	3048	770	103275	0	107760
11226	100731	1153	532	4714	0	107130
11227	2883	1000	427	103474	0	107784
11228	101067	625	438	4896	0	107026
11229	3289	625	338	103553	0	107805
11230	1518	679	100253	4618	0	107068
11231	1048	95624	2594	2687	0	101953
11232	772	100937	1038	2169	0	104916
11233	545	3354	633	91054	0	95586
11234	438	879	89441	3151	0	93909
11235	168	71859	926	889	0	73842
11236	512	984	265	73243	0	75004
11237	71791	297	174	865	0	73127
11238	553	209	71220	638	0	72620
11239	203	129	507	72010	0	72849
11240	151	119	173	75674	0	76117
11241	148	156	73354	950	0	74608
11242	173	243	68549	505	0	69470
11243	102	263	74313	392	0	75070
11244	74	89	625	73719	0	74507
11245	137	121	76705	706	0	77669
11246	67419	73	612	324	0	68428
11247	586	65	204	77751	0	78606
11248	293	152	91009	767	0	92221
11249	139	88626	805	616	0	90186
11250	189	663	91645	261	0	92758
11251	63	195	633	91445	0	92336
11252	97231	105	249	764	0	98349
11253	653	84	133	99847	0	100717
11254	213	84	109	101999	0	102405
11255	110304	77	105	1155	0	111641
11256	1469	85	74	113356	0	114984
11257	387	148	114248	1932	0	116715
11258	113855	76	1628	622	0	116181
11259	1756	112995	555	457	0	115763
11260	119724	1613	236	269	0	121842
11261	1912	392	141	119637	0	122082
11262	589	250	117150	1883	0	119872
11263	344	283	118599	574	0	119800
11264	223	157	2036	118761	0	121177
11265	141	133	586	119014	0	119874
11266	227	128	117365	2188	0	119908
11267	228	233	112351	722	0	113534
11268	116258	46	2167	436	0	118907
11269	1870	68	681	118583	0	121202
11270	119061	45	494	2012	0	121612
11271	2028	66	258	117861	0	120213
11272	863	154	121564	2233	0	124814
11273	449	238	127071	702	0	128460
11274	312	85	2278	128981	0	131656
11275	223	73	719	133760	0	134775
11276	265	145	134695	2610	0	137715
11277	133180	69	2576	930	0	136755
11278	2740	182	645	142077	0	145644
11279	148206	48	507	3045	0	151806
11280	3458	163769	550	1030	0	168807
11281	892	4119	321	174289	0	179621
11282	175011	888	311	4928	0	181138
11283	4906	569	172784	1386	0	179645
11284	1257	323	4475	176212	0	182267
11285	708	204	1166	179751	0	181829
11286	531	113	709	185368	0	186721
11287	490	261	175803	6364	0	182918
11288	368	331	4649	176510	0	181858
11289	366	174374	1406	6008	0	182154
11290	328	4403	797	184067	0	189595
11291	429	1060	178088	5720	0	185297
11292	546	669	179933	1857	0	183005
11293	491	400	6100	179861	0	186852
11294	492	302	1645	185427	0	187866
11295	478	283	1049	189510	0	191320
11296	388	175	831	191475	0	192869
11297	185980	138	680	7016	0	193814
11298	186651	188	625	2671	0	190135
11299	6132	300	178541	1805	0	186778
11300	1719	180036	4915	1752	0	188422
11301	1090	4560	1381	191312	0	198343
11302	194754	1065	972	5690	0	202481
11303	190555	640	904	2244	0	194343
11304	198213	509	631	1536	0	200889
11305	199418	309	682	1450	0	201859
11306	6809	365	190653	1189	0	199016
11307	187013	277	5136	1188	0	193614
11308	5869	183216	1610	1415	0	192110
11309	1963	4631	986	191989	0	199569
11310	1421	1202	188728	5875	0	197226
11311	1108	901	5189	188672	0	195870
11312	1119	639	186651	6427	0	194836
11313	929	438	5409	189037	0	195813
11314	765	403	1815	197217	0	200200
11315	192854	393	1164	7292	0	201703
11316	5550	302	999	194268	0	201119
11317	1949	481	191689	6760	0	200879
11318	1278	426	5255	198705	0	205664
11319	197732	297	1724	6939	0	206692
11320	5826	298	1234	199994	0	207352
11321	2137	360	194547	6778	0	203822
11322	1430	187420	5581	3014	0	197445
11323	203595	5033	1760	2202	0	212590
11324	5762	1340	1345	193454	0	201901
11325	1971	202014	1356	5677	0	211018
11326	205847	5284	1079	2436	0	214646
11327	6205	1548	200346	1990	0	210089
11328	2090	192358	5677	2173	0	202298
11329	1413	5288	1851	204799	0	213351
11330	1587	1487	200366	6190	0	209630
11331	1207	865	5728	197301	0	205101
11332	200721	647	2009	6950	0	210327
11333	6005	664	195641	3033	0	205343
11334	2207	556	5593	197096	0	205452
11335	1698	571	197789	6894	0	206952
11336	1535	498	5946	197131	0	205110
11337	1325	643	2111	206188	0	210267
11338	200251	533	1399	7773	0	209956
11339	5726	194893	1461	3623	0	205703
11340	2085	5118	1182	204344	0	212729
11341	202560	1376	1155	6920	0	212011
11342	205474	903	1182	3042	0	210601
11343	6686	1146	1045	198319	0	207196
11344	2431	191111	1194	6808	0	201544
11345	1655	200281	1220	3150	0	206306
11346	1373	6198	1068	199789	0	208428
11347	1238	1760	1055	201292	0	205345
11348	182919	1052	1039	7358	0	192368
11349	5411	750	939	182843	0	189943
11350	1865	707	172445	6787	0	181804
11351	165858	487	4810	3100	0	174255
11352	5320	166187	1569	2527	0	175603
11353	171542	4502	1067	1936	0	179047
11354	5956	1447	169270	1822	0	178495
11355	1898	165774	4334	1685	0	173691
11356	174116	4503	1720	1232	0	181571
11357	174781	1289	1224	1078	0	178372
11358	5507	803	169940	1066	0	177316
11359	169019	806	4224	947	0	174996
11360	175906	612	1289	953	0	178760
11361	5484	169062	967	1200	0	176713
11362	2088	4046	729	178542	0	185405
11363	1757	1298	172654	4669	0	180378
11364	1201	735	4222	178864	0	185022
11365	1063	730	181962	5225	0	188980
11366	914	782	4424	181254	0	187374
11367	186112	559	1491	5385	0	193547
11368	4668	406	1001	192494	0	198569
11369	1675	414	209114	5742	0	216945
11370	213473	458	5906	2272	0	222109
11371	6623	354	1788	222643	0	231408
11372	2399	444	212837	7072	0	222752
11373	203501	366	6469	2646	0	212982
11374	6899	485	2008	213214	0	222606
11375	2497	489	204553	7138	0	214677
11376	1988	665	200788	2373	0	205814
11377	1028	1681	6403	197403	0	206515
11378	1156	526	200900	6144	0	208726
11379	788	185247	5831	2498	0	194364
11380	942	4120	1509	174514	0	181085
11381	173607	832	1193	3822	0	179454
11382	3611	711	171660	1272	0	177254
11383	1200	383	171008	1027	0	173618
11384	161226	157	4334	665	0	166382
11385	3778	167	172520	536	0	177001
11386	161566	94	4232	541	0	166433
11387	4075	149	170652	555	0	175431
11388	1330	103	4167	167223	0	172823
11389	1143	163	172473	3557	0	177336
11390	603	174	4058	169395	0	174230
11391	610	243	175050	4081	0	179984
11392	552	289	172943	1478	0	175262
11393	160790	128	4502	1219	0	166639
11394	3298	168216	2294	854	0	174662
11395	177433	3062	1471	511	0	182477
11396	3960	174764	1192	610	0	180526
11397	1610	3640	892	178857	0	184999
11398	1204	1199	967	184080	0	187450
11399	182355	767	1016	4234	0	188372
11400	3637	381	889	179699	0	184606
11401	1477	310	177163	4310	0	183260
11402	171852	284	3695	1639	0	177470
11403	176930	213	1734	1298	0	180175
11404	4505	241	1426	175705	0	181877
11405	2030	336	176244	3805	0	182415
11406	1409	512	3814	175520	0	181255
11407	944	174280	1747	4291	0	181262
11408	827	3290	1349	179485	0	184951
11409	829	1124	932	184330	0	187215
11410	780	934	176019	4916	0	182649
11411	156301	552	3728	2493	0	163074
11412	3653	171913	1666	1851	0	179083
11413	176377	3340	1274	1327	0	182318
11414	4179	174886	1161	1222	0	181448
11415	1821	3874	772	174474	0	180941
11416	1376	175460	925	3981	0	181742
11417	1125	4204	171815	1734	0	178878
11418	1033	1394	3773	164854	0	171054
11419	837	1123	1558	172628	0	176146
11420	807	533	1360	178710	0	181410
11421	173454	450	1163	5501	0	180568
11422	4093	425	1003	173744	0	179265
11423	170072	570	1105	5146	0	176893
11424	172618	544	951	2379	0	176492
11425	169586	536	1021	2156	0	173299
11426	5720	576	165275	1534	0	173105
11427	2644	536	4012	167415	0	174607
11428	1789	662	1970	177410	0	181831
11429	1397	544	1825	181710	0	185476
11430	184830	666	1432	6516	0	193444
11431	5018	552	1293	186214	0	193077
11432	2008	582	1460	192181	0	196231
11433	195679	580	1418	7091	0	204768
11434	6131	656	1308	200846	0	208941
11435	2611	603	200486	7385	0	211085
11436	2252	682	202258	3095	0	208287
11437	1723	606	7138	206173	0	215640
11438	203527	436	2986	7288	0	214237
11439	194526	493	2605	2878	0	200502
11440	7869	312	1778	200853	0	210812
11441	3360	502	195871	7330	0	207063
11442	2521	192216	6336	3216	0	204289
11443	1814	5522	2360	202899	0	212595
11444	1565	1438	2070	207141	0	212214
11445	1525	1232	1613	207858	0	212228
11446	202684	664	1568	9113	0	214029
11447	6991	674	197824	4151	0	209640
11448	199987	648	6181	2980	0	209796
11449	7706	568	2173	195305	0	205752
11450	2978	196607	1855	6951	0	208391
11451	203391	5685	1357	3100	0	213533
11452	201904	1644	1148	2942	0	207638
11453	8153	1568	202264	2278	0	214263
11454	3423	190922	6082	2529	0	202956
11455	2575	194866	1982	2202	0	201625
11456	192809	6469	1749	2121	0	203148
11457	6762	2127	1206	192831	0	202926
11458	2539	1653	1162	194795	0	200149
11459	2270	985	1131	194064	0	198450
11460	1691	180117	1003	9076	0	191887
11461	1504	189142	861	4096	0	195603
11462	185759	6664	873	2971	0	196267
11463	6448	2345	850	185737	0	195380
11464	2284	1623	193628	6996	0	204531
11465	1975	1248	6650	202571	0	212444
11466	1573	1202	220004	9258	0	232037
11467	1621	1127	222561	3400	0	228709
11468	1611	1340	218165	2637	0	223753
11469	725	190064	9125	1289	0	201203
11470	1547	6602	4814	180393	0	193356
11471	653	186558	2436	6216	0	195863
11472	640	7427	1351	185418	0	194836
11473	506	2669	823	194230	0	198228
11474	186715	1740	637	9182	0	198274
11475	6451	1059	476	190139	0	198125
11476	185521	641	493	8847	0	195502
11477	190308	514	418	3637	0	194877
11478	8840	424	452	180391	0	190107
11479	3720	178152	570	7448	0	189890
11480	2609	6207	465	179842	0	189123
11481	1553	178380	503	8038	0	188474
11482	1039	7227	460	183525	0	192251
11483	904	2797	174865	8686	0	187252
11484	757	1811	6089	181961	0	190618
11485	735	1142	2119	189478	0	193474
11486	176158	735	1614	9939	0	188446
11487	6452	176785	1145	4710	0	189092
11488	2479	6496	754	181024	0	190753
11489	1913	2288	548	181413	0	186162
11490	1358	173898	701	9422	0	185379
11491	1047	6932	572	179325	0	187876
11492	169087	2579	538	9561	0	181765
11493	174593	1917	532	4204	0	181246
11494	8485	168008	486	3587	0	180566
11495	3713	6789	418	172376	0	183296
11496	164463	2430	516	8017	0	175426
11497	7413	167918	544	3690	0	179565
11498	2940	7351	520	162882	0	173693
11499	2214	165096	736	7789	0	175835
11500	167599	7795	813	3437	0	179644
11501	7570	3201	161093	2831	0	174695
11502	3034	2445	163333	2272	0	171084
11503	2273	1590	8277	163088	0	175228
11504	1815	1223	163407	7830	0	174275
11505	1214	1050	8443	162571	0	173278
11506	161979	1070	3560	8925	0	175534
11507	7149	1111	162118	4390	0	174768
11508	2991	1102	7064	164128	0	175285
11509	2272	1164	2673	171959	0	178068
11510	165158	1054	1942	10146	0	178300
11511	7205	164290	1297	5330	0	178122
11512	167823	6703	926	4005	0	179457
11513	169197	2703	747	2937	0	175584
11514	9544	160068	821	2800	0	173233
11515	4620	7111	737	166007	0	178475
11516	3399	3018	157226	7702	0	171345
11517	2136	2349	6238	161680	0	172403
11518	1496	160699	2499	8752	0	173446
11519	165739	7228	1966	4174	0	179107
11520	6962	3005	1394	168402	0	179763
11521	2833	2488	164245	8860	0	178426
11522	2223	1694	6532	171424	0	181873
11523	1617	1418	2809	178336	0	184180
11524	1439	1446	1833	180106	0	184824
11525	1395	1127	1266	181017	0	184805
11526	1291	1219	980	176433	0	179923
11527	1184	1266	161018	12520	0	175988
11528	1923	1267	155201	6571	0	164962
11529	1138	149167	7449	4730	0	162484
11530	1325	154955	3169	3106	0	162555
11531	153413	6935	2396	2364	0	165108
11532	6376	3289	150791	2025	0	162481
11533	141419	2524	5752	1745	0	151440
11534	6424	1705	137524	1697	0	147350
11535	2974	1240	131232	1542	0	136988
11536	1948	931	6482	127317	0	136678
11537	134956	934	3411	5341	0	144642
11538	4810	800	2243	136472	0	144325
11539	2318	853	1453	140597	0	145221
11540	1841	686	145501	7639	0	155667
11541	1258	654	4536	150189	0	156637
11542	1061	496	2135	154377	0	158069
11543	1002	471	1499	154723	0	157695
11544	1122	580	1135	153805	0	156642
11545	998	549	760	155373	0	157680
11546	147207	568	650	8800	0	157225
11547	4761	601	516	150283	0	156161
11548	2315	701	141565	7606	0	152187
11549	1876	917	4009	146131	0	152933
11550	1557	752	141522	6721	0	150552
11551	1094	999	5019	143607	0	150719
11552	1013	659	147963	6774	0	156409
11553	637	704	5320	140892	0	147553
11554	539	522	2547	151410	0	155018
11555	585	589	143633	7451	0	152258
11556	132429	491	4688	4336	0	141944
11557	4279	620	145488	3257	0	153644
11558	2185	1099	4870	148486	0	156640
11559	154558	354	2506	5450	0	162868
11560	4665	392	1767	156158	0	162982
11561	2451	655	1165	159195	0	163466
11562	2020	559	154972	7095	0	164646
11563	1250	148003	3902	4648	0	157803
11564	627	135913	1558	2995	0	141093
11565	552	131722	1208	2007	0	135489
11566	1786	1162	1916	107922	0	112786
11567	113306	299	505	721	0	114831
11568	530	158	82	111417	0	112187
11569	252	83	96	112580	0	113011
11570	152	44	88	114052	0	114336
11571	99	49	115	114085	0	114348
11572	60	108089	169	1283	0	109601
11573	101	531	91	116309	0	117032
11574	40	222	98	116403	0	116763
11575	62	111721	119	987	0	112889
11576	119114	590	76	524	0	120304
11577	583	247	63	118728	0	119621
11578	119619	153	73	808	0	120653
11579	118488	94	97	460	0	119139
11580	817	119975	139	425	0	121356
11581	353	564	356	137798	0	139071
11582	292	333	134121	787	0	135533
11583	203	285	131228	418	0	132134
11584	84	373	686	134367	0	135510
11585	140134	57	430	753	0	141374
11586	140696	58	213	395	0	141362
11587	737	60	139	144239	0	145175
11588	147737	43	144	796	0	148720
11589	757	141288	182	458	0	142685
11590	147935	594	109	319	0	148957
11591	716	159074	326	313	0	160429
11592	338	734	89	170232	0	171393
11593	264	317	125	171226	0	171932
11594	183	165759	181	1105	0	167228
11595	173766	695	241	509	0	175211
11596	792	542	166978	372	0	168684
11597	317	294	688	168209	0	169508
11598	369	192	174151	854	0	175566
11599	217	137	781	170217	0	171352
11600	178485	91	334	978	0	179888
11601	751	112	227	176583	0	177673
11602	177512	86	149	1075	0	178822
11603	176417	72	142	582	0	177213
11604	983	115	109	174847	0	176054
11605	548	163	173733	1393	0	175837
11606	357	174705	986	663	0	176711
11607	230	646	256	189859	0	190991
11608	190220	253	208	1037	0	191718
11609	886	409	187252	535	0	189082
11610	407	184	687	187125	0	188403
11611	337	169	323	191924	0	192753
11612	261	139	234	197476	0	198110
11613	198452	123	208	1270	0	200053
11614	811	127	176	194868	0	195982
11615	401	104	171	198737	0	199413
11616	400	211	198125	1280	0	200016
11617	273	113	814	196449	0	197649
11618	254	132	394	203058	0	203838
11619	246	88	244	209797	0	210375
11620	249	198637	347	1600	0	200833
11621	262	814	145	208442	0	209663
11622	262	404	133	206169	0	206968
11623	200440	212	150	1700	0	202502
11624	1194	309	195712	778	0	197993
11625	604	375	185826	629	0	187434
11626	362	184738	1464	563	0	187127
11627	405	913	396	208056	0	209770
11628	208685	294	251	1404	0	210634
11629	890	225	159	205406	0	206680
11630	383	150	149	207123	0	207805
11631	278	80	140	210869	0	211367
11632	187	97	123	208005	0	208412
11633	184	103	81	208087	0	208455
11634	284	369	204387	1570	0	206610
11635	177	101	779	203612	0	204669
11636	208389	80	330	1443	0	210242
11637	846	196235	435	877	0	198393
11638	388	850	163	209781	0	211182
11639	249	340	148	209822	0	210559
11640	310	280	204564	1487	0	206641
11641	200	168	861	198241	0	199470
11642	152	127	330	216987	0	217596
11643	220664	98	246	2156	0	223164
11644	1446	219600	311	1301	0	222658
11645	687	1702	174	230549	0	233112
11646	449	710	139	233121	0	234419
11647	286	372	126	233902	0	234686
11648	347	361	230874	3412	0	234994
11649	374	633	218192	1710	0	220909
11650	180	217360	3108	1324	0	221972
11651	189	233054	1382	968	0	235593
11652	182	3244	545	238208	0	242179
11653	125	232818	757	3191	0	236891
11654	197	4449	305	262031	0	266982
11655	184	1669	241	286558	0	288652
11656	178	795	180	302013	0	303166
11657	151	476	147	338904	0	339678
11658	320	806	321959	12350	0	335435
11659	201	324	7138	334557	0	342220
11660	212	323	3615	341631	0	345781
11661	185	250	2024	351578	0	354037
11662	330258	275	1429	16415	0	348377
11663	8025	331910	1541	9705	0	351181
11664	4070	8623	1021	320053	0	333767
11665	2150	335163	969	11776	0	350058
11666	325097	10669	638	7502	0	343906
11667	293389	6310	819	5678	0	306196
11668	10976	329898	541	4555	0	345970
11669	5726	342398	617	3727	0	352468
11670	4127	15485	308331	2969	0	330912
11671	2824	335105	8300	3081	0	349310
11672	2498	13189	3910	338908	0	358505
11673	336716	7471	2333	11571	0	358091
11674	9924	339855	1804	6802	0	358385
11675	5051	12459	1747	348618	0	367875
11676	3236	7427	1350	357773	0	369786
11677	2499	4826	1231	365773	0	374329
11678	351697	3770	1066	18814	0	375347
11679	11755	3793	335087	10753	0	361388
11680	331711	3137	9158	7481	0	351487
11681	12994	331233	4571	6087	0	354885
11682	6799	11961	2655	342946	0	364361
11683	5016	6846	323812	13501	0	349175
11684	311666	4513	10737	7765	0	334681
11685	12960	327910	5402	5032	0	351304
11686	7030	12667	3370	328629	0	351696
11687	4432	327493	2689	12932	0	347546
11688	3197	13727	2225	337111	0	356260
11689	2963	7483	1781	346510	0	358737
11690	2794	5276	319566	18465	0	346101
11691	2735	4238	305604	10849	0	323426
11692	2183	3788	14080	315489	0	335540
11693	2103	3104	309990	16378	0	331575
11694	1644	2583	13481	315603	0	333311
11695	1996	2081	7748	317816	0	329641
11696	1792	2105	5559	330743	0	340199
11697	311762	1779	4237	21524	0	339302
11698	11316	2086	3788	322132	0	339322
11699	5936	2239	304066	19530	0	331771
11700	308543	2077	11298	12469	0	334387
11701	12322	2077	6092	322366	0	342857
11702	7122	1997	4267	331094	0	344480
11703	314703	2024	3564	20596	0	340887
11704	12801	313156	3579	12651	0	342187
11705	7280	11073	2975	327356	0	348684
11706	4584	5859	2796	326330	0	339569
11707	310355	3859	2541	21573	0	338328
11708	13075	3178	295881	13597	0	325731
11709	7119	3028	10685	308660	0	329492
11710	5027	2532	6101	315993	0	329653
11711	3980	2397	4078	310804	0	321259
11712	3723	293922	3458	22611	0	323714
11713	3225	10666	3332	313630	0	330853
11714	297088	5617	2633	20728	0	326066
11715	12048	295821	2657	14035	0	324561
11716	292116	12292	2176	10893	0	317477
11717	13913	293462	2076	9288	0	318739
11718	298678	13875	2021	8675	0	323249
11719	15829	8088	282919	7394	0	314230
11720	9448	5937	283909	7213	0	306507
11721	288104	4455	14503	6698	0	313760
11722	14944	4275	288261	6467	0	313947
11723	8931	3522	13986	288155	0	314594
11724	6215	3223	8281	290065	0	307784
11725	5274	2592	6176	305793	0	319835
11726	291723	2630	4859	21428	0	320640
11727	13779	2750	277886	13258	0	307673
11728	284112	2656	12381	10420	0	309569
11729	15213	2785	6766	294883	0	319647
11730	296235	2749	4567	17941	0	321492
11731	16997	2474	3888	298632	0	321991
11732	303991	2775	3818	17996	0	328580
11733	18169	2560	3374	321654	0	345757
11734	10545	2678	311573	19764	0	344560
11735	325325	2471	13301	11966	0	353063
11736	339567	2057	6933	9702	0	358259
11737	21916	2011	5105	329507	0	358539
11738	12225	2136	4183	327903	0	346447
11739	8563	320870	4494	21654	0	355581
11740	308372	12646	3878	13065	0	337961
11741	17370	314679	3306	10120	0	345475
11742	311375	13956	3406	8842	0	337579
11743	18978	6555	297250	7983	0	330766
11744	10400	4763	297695	7389	0	320247
11745	8332	3513	292985	6762	0	311592
11746	284819	3337	18905	5982	0	313043
11747	16850	290227	9465	5573	0	322115
11748	9980	12221	6412	288654	0	317267
11749	282741	5840	5579	15444	0	309604
11750	15730	284875	4665	9699	0	314969
11751	9154	17783	4102	270136	0	301175
11752	6974	269859	3428	14871	0	295132
11753	5884	263137	2857	9149	0	281027
11754	5303	260824	2328	6367	0	274822
11755	217968	14003	3341	5189	0	240501
11756	10087	216890	1988	3954	0	232919
11757	3335	177293	1542	2272	0	184442
11758	2314	172705	1392	2193	0	178604
11759	170702	6752	2313	1818	0	181585
11760	172370	2270	1337	2030	0	178007
11761	7320	1667	159763	1861	0	170611
11762	158670	955	4836	1620	0	166081
11763	164474	1073	1759	1468	0	168774
11764	6806	1168	1090	158993	0	168057
11765	163542	1091	865	5495	0	170993
11766	6390	1308	152029	2192	0	161919
11767	2628	161421	4474	1585	0	170108
11768	165086	5029	1685	1126	0	172926
11769	5918	1948	1093	169754	0	178713
11770	171404	1269	786	5639	0	179098
11771	6537	1353	159041	2239	0	169170
11772	164400	1008	4444	1383	0	171235
11773	6299	1001	1432	167069	0	175801
11774	2580	1360	159476	5482	0	168898
11775	1566	154170	4680	2134	0	162550
11776	1359	165005	1531	1319	0	169214
11777	1381	6113	1918	154707	0	164119
11778	1125	2077	611	152572	0	156385
11779	836	154940	455	4948	0	161179
11780	156602	4635	373	1546	0	163156
11781	157278	1602	388	830	0	160098
11782	154430	933	1583	625	0	157571
11783	6177	154465	411	831	0	161884
11784	2275	4355	355	145380	0	152365
11785	1219	153872	493	3883	0	159467
11786	156434	4547	397	1234	0	162612
11787	155444	1525	322	854	0	158145
11788	5622	149612	370	711	0	156315
11789	153159	4331	288	588	0	158366
11790	5086	1524	334	151198	0	158142
11791	1855	935	341	154874	0	158005
11792	154292	650	483	5431	0	160856
11793	150941	636	401	1834	0	153812
11794	152723	602	427	954	0	154706
11795	6041	615	477	148448	0	155581
11796	2384	609	367	154075	0	157435
11797	1424	841	145728	5669	0	153662
11798	1242	785	4109	146538	0	152674
11799	1075	946	1193	148190	0	151404
11800	1285	880	140195	5628	0	147988
11801	1225	903	138539	1986	0	142653
11802	1063	887	143050	1194	0	146194
11803	1113	837	5574	139855	0	147379
11804	1347	921	135708	4767	0	142743
11805	1210	1012	4618	135036	0	141876
11806	1217	954	1406	140437	0	144014
11807	1361	985	134835	5822	0	143003
11808	1230	1078	137273	2099	0	141680
11809	1065	1046	5187	134409	0	141707
11810	1235	1025	139716	5081	0	147057
11811	1306	1058	138796	1924	0	143084
11812	1129	135028	5464	1336	0	142957
11813	142667	4772	1829	1012	0	150280
11814	144927	1794	998	1018	0	148737
11815	144556	1265	803	981	0	147605
11816	6153	138180	711	1136	0	146180
11817	2684	142635	703	1117	0	147139
11818	1795	5425	740	141966	0	149926
11819	1498	1928	758	144124	0	148308
11820	1490	1164	135317	5960	0	143931
11821	1361	824	4423	138505	0	145113
11822	138060	695	1671	5457	0	145883
11823	5154	782	1119	128367	0	135422
11824	2072	133832	1082	4930	0	141916
11825	140272	4458	1016	1910	0	147656
11826	142581	1657	863	1384	0	146485
11827	144480	999	790	1315	0	147584
11828	6687	852	136852	1165	0	145556
11829	2453	732	3907	137507	0	144599
11830	148617	669	1562	5187	0	156035
11831	5926	770	144674	2017	0	153387
11832	2253	136907	4936	1676	0	145772
11833	1207	128453	1477	1030	0	132167
11834	111833	4147	1274	686	0	117940
11835	3618	111216	795	775	0	116404
11836	1367	3548	403	108037	0	113355
11837	888	1212	107996	3607	0	113703
11838	792	897	3135	109016	0	113840
11839	108270	459	990	3743	0	113462
11840	3392	105770	674	1658	0	111494
11841	107473	3120	434	784	0	111811
11842	3667	1054	103867	684	0	109272
11843	1239	503	3071	100561	0	105374
11844	629	105841	1039	3178	0	110687
11845	571	3109	555	110929	0	115164
11846	110554	911	583	3526	0	115574
11847	112708	536	406	1258	0	114908
11848	112854	380	416	708	0	114358
11849	113541	381	441	602	0	114965
11850	4249	334	408	108512	0	113503
11851	1538	405	108935	3464	0	114342
11852	896	563	3007	107343	0	111809
11853	723	108446	1022	3361	0	113552
11854	112564	2951	677	1265	0	117457
11855	3395	935	110036	782	0	115148
11856	107988	486	3072	713	0	112259
11857	3313	346	1055	110127	0	114841
11858	1267	365	112151	3326	0	117109
11859	751	432	3000	112887	0	117070
11860	114610	298	1051	3545	0	119504
11861	116222	278	660	1289	0	118449
11862	116882	294	550	829	0	118555
11863	4077	361	112533	661	0	117632
11864	1465	572	2864	112842	0	117743
11865	903	392	114328	3224	0	118847
11866	727	112080	3051	1324	0	117182
11867	107887	2621	1269	698	0	112475
11868	2624	104536	613	633	0	108406
11869	100034	2121	424	323	0	102902
11870	2298	595	301	96077	0	99271
11871	722	97165	339	1898	0	100124
11872	100714	2015	537	609	0	103875
11873	2275	632	99588	417	0	102912
11874	772	401	1827	98113	0	101113
11875	100466	295	507	2055	0	103323
11876	2223	254	98290	699	0	101466
11877	893	281	1782	96145	0	99101
11878	620	96110	674	1893	0	99297
11879	579	1917	383	99910	0	102789
11880	512	710	286	101153	0	102661
11881	98412	387	230	2373	0	101402
11882	2077	97002	292	1010	0	100381
11883	876	1914	284	97179	0	100253
11884	526	98126	315	2054	0	101021
11885	506	2108	291	99488	0	102393
11886	500	99277	322	2113	0	102212
11887	101290	2090	299	741	0	104420
11888	2415	723	100814	499	0	104451
11889	835	396	1880	100476	0	103587
11890	559	296	607	102026	0	103488
11891	487	318	382	102821	0	104008
11892	514	302	272	101792	0	102880
11893	685	323	99153	2645	0	102806
11894	637	101326	1891	993	0	104847
11895	105659	1928	591	571	0	108749
11896	105483	620	356	528	0	106987
11897	2311	103951	319	814	0	107395
11898	107471	2023	286	562	0	110342
11899	106913	689	306	544	0	108452
11900	2423	108139	325	523	0	111410
11901	992	2139	246	107471	0	110848
11902	717	109415	355	1798	0	112285
11903	111298	2115	323	701	0	114437
11904	2302	715	108509	634	0	112160
11905	102114	381	2067	630	0	105192
11906	2320	339	111609	594	0	114862
11907	916	317	1959	110358	0	113550
11908	112229	302	627	2183	0	115341
11909	2474	349	109146	776	0	112745
11910	103671	247	1944	609	0	106471
11911	109166	254	646	615	0	110681
11912	2628	344	421	106493	0	109886
11913	935	106347	450	1969	0	109701
11914	111826	2051	210	767	0	114854
11915	2306	835	212	109611	0	112964
11916	1000	106810	304	2090	0	110204
11917	110388	2034	236	760	0	113418
11918	2252	846	234	110272	0	113604
11919	850	113581	370	2175	0	116976
11920	561	1993	312	121008	0	123874
11921	121844	622	306	2338	0	125110
11922	121288	382	292	1006	0	122968
11923	122177	314	363	599	0	123453
11924	2647	268	348	118546	0	121809
11925	903	386	285	120305	0	121879
11926	697	431	118854	2620	0	122602
11927	549	483	1837	118639	0	121508
11928	696	387	123016	2444	0	126543
11929	533	364	113031	781	0	114709
11930	271	254	106850	260	0	107635
11931	150	109435	878	416	0	110879
11932	223	805	863	109929	0	111820
11933	119	119558	375	657	0	120709
11934	126016	1265	178	235	0	127694
11935	126151	359	185	195	0	126890
11936	1559	206	133	130031	0	131929
11937	594	241	133432	1805	0	136072
11938	303	164	1846	133368	0	135681
11939	363	251	137469	2243	0	140326
11940	229	261	1891	136688	0	139069
11941	223	135601	668	2118	0	138610
11942	202	142314	373	894	0	143783
11943	142298	2311	249	406	0	145264
11944	2220	749	140644	324	0	143937
11945	651	385	2018	139263	0	142317
11946	384	297	579	144105	0	145365
11947	144863	207	320	2637	0	148027
11948	2055	141778	353	1193	0	145379
11949	145925	2164	249	511	0	148849
11950	2224	146482	331	518	0	149555
11951	147678	2292	281	325	0	150576
11952	150749	699	242	391	0	152081
11953	2699	465	234	150470	0	153868
11954	991	450	148600	2465	0	152506
11955	145643	337	2182	777	0	148939
11956	2420	149379	687	523	0	153009
11957	155395	2397	354	385	0	158531
11958	2657	748	288	149536	0	153229
11959	994	462	240	150547	0	152243
11960	597	148858	337	2899	0	152691
11961	568	2302	232	150280	0	153382
11962	447	151004	251	2651	0	154353
11963	535	2459	182	151700	0	154876
11964	466	824	204	150698	0	152192
11965	145914	487	212	3066	0	149679
11966	2700	530	144056	1133	0	148419
11967	931	142060	2111	870	0	145972
11968	641	2290	535	148975	0	152441
11969	150208	717	404	2643	0	153972
11970	151995	490	308	1067	0	153860
11971	153143	413	291	763	0	154610
11972	3468	495	147894	668	0	152525
11973	150230	367	2441	562	0	153600
11974	3095	389	957	153418	0	157859
11975	152411	364	429	3013	0	156217
11976	3008	147719	443	1223	0	152393
11977	1198	2657	255	152921	0	157031
11978	151474	858	266	3035	0	155633
11979	3034	153234	339	1217	0	157824
11980	1172	2918	258	157912	0	162260
11981	1004	1012	156493	3249	0	161758
11982	158265	665	2819	1151	0	162900
11983	169268	488	785	896	0	171437
11984	4635	584	165775	713	0	171707
11985	1682	161977	3309	853	0	167821
11986	1133	171414	1040	802	0	174389
11987	1063	4088	735	171618	0	177504
11988	810	1524	525	170013	0	172872
11989	743	991	375	174044	0	176153
11990	803	758	171221	4916	0	177698
11991	170847	633	3529	1900	0	176909
11992	184300	555	1098	1267	0	187220
11993	187704	587	708	1015	0	190014
11994	187028	575	563	939	0	189105
11995	189735	550	482	846	0	191613
11996	194238	572	521	844	0	196175
11997	6043	584	545	200799	0	207971
11998	2560	652	195416	4810	0	203438
11999	1764	766	198180	1823	0	202533
12000	1362	624	4923	200493	0	207402
12001	1312	663	1653	201374	0	205002
12002	1285	588	920	201607	0	204400
12003	1338	200028	759	6192	0	208317
12004	203385	4733	608	2370	0	211096
12005	5319	208704	636	1730	0	216389
12006	2211	5260	581	210280	0	218332
12007	205507	1680	525	5660	0	213372
12008	5424	205899	600	2512	0	214435
12009	2195	5144	562	210049	0	217950
12010	1602	1801	475	214755	0	218633
12011	1298	1219	448	214773	0	217738
12012	1171	205060	616	7391	0	214238
12013	1115	5114	532	213453	0	220214
12014	1271	1835	205789	6806	0	215701
12015	1154	1214	4911	214462	0	221741
12016	1190	1003	1421	219174	0	222788
12017	1241	940	801	230274	0	233256
12018	1279	872	639	235686	0	238476
12019	1444	1259	215705	9126	0	227534
12020	1200	221280	5581	4484	0	232545
12021	1247	6110	1735	227220	0	236312
12022	1180	2178	1103	236002	0	240463
12023	1181	1479	921	230391	0	233972
12024	1110	220836	1160	9470	0	232576
12025	1113	232855	833	4841	0	239642
12026	229411	7810	702	3284	0	241207
12027	6653	2950	558	227520	0	237681
12028	2673	2081	215991	8141	0	228886
12029	1480	218644	5868	4212	0	230204
12030	217964	6526	2120	2913	0	229523
12031	6771	2593	212145	2567	0	224076
12032	2679	1784	211367	2319	0	218149
12033	1637	1341	208057	2159	0	213194
12034	1513	2167	7641	204476	0	215797
12035	1258	1182	202226	7049	0	211715
12036	783	194158	6478	3589	0	205008
12037	771	5116	2441	193917	0	202245
12038	1031	2051	191826	6283	0	201191
12039	635	1480	5614	190992	0	198721
12040	188648	1136	2488	7000	0	199272
12041	5255	1152	185000	3579	0	194986
12042	182785	988	5601	2670	0	192044
12043	5715	186425	2560	2307	0	197007
12044	187850	5353	1720	2027	0	196950
12045	6115	2206	1490	187591	0	197402
12046	188254	1504	1414	6364	0	197536
12047	189287	1258	1449	3107	0	195101
12048	184155	1318	1369	2366	0	189208
12049	7156	183928	1417	2375	0	194876
12050	185628	5289	1390	1997	0	194304
12051	187799	2044	1539	1894	0	193276
12052	7628	1597	176954	1871	0	188050
12053	3553	177836	5343	2006	0	188738
12054	2652	5356	2515	178328	0	188851
12055	2171	2382	1742	182971	0	189266
12056	1901	1661	1550	186025	0	191137
12057	1838	1412	176255	7801	0	187306
12058	1733	1146	5452	180239	0	188570
12059	1820	1155	178022	7532	0	188529
12060	177206	1099	6044	3793	0	188142
12061	184063	1113	2726	3051	0	190953
12062	7376	1213	178320	2643	0	189552
12063	180148	1182	5707	2400	0	189437
12064	185216	1108	2630	2296	0	191250
12065	186774	1134	1902	2215	0	192025
12066	8285	1127	1640	179648	0	190700
12067	4407	1270	176622	6426	0	188725
12068	3172	177575	5467	3495	0	189709
12069	2719	5248	2461	180393	0	190821
12070	2659	2326	178584	6555	0	190124
12071	2282	1790	173632	3542	0	181246
12072	168558	1547	6281	2813	0	179199
12073	5466	176142	3149	2749	0	187506
12074	178615	5106	2292	2551	0	188564
12075	179513	2210	2035	2453	0	186211
12076	6796	177109	2005	2515	0	188425
12077	180165	5110	1931	2347	0	189553
12078	6811	2332	180546	2210	0	191899
12079	3744	1678	178113	1986	0	185521
12080	3174	1352	177513	1883	0	183922
12081	2518	169146	6614	1932	0	180210
12082	164870	4144	3817	1528	0	174359
12083	164078	1868	2411	1532	0	169889
12084	5900	156373	2087	1654	0	166014
12085	3129	163525	1868	1717	0	170239
12086	2444	5008	1922	161123	0	170497
12087	2186	2671	1660	164808	0	171325
12088	162484	1807	1546	5213	0	171050
12089	4883	163193	1557	2690	0	172323
12090	162455	4281	1523	1809	0	170068
12091	157669	2217	1430	1659	0	162975
12092	5663	1725	152918	1492	0	161798
12093	3292	150657	3822	1304	0	159075
12094	2905	4153	2326	150952	0	160336
12095	148998	1961	1574	3393	0	155926
12096	4578	1500	1509	142772	0	150359
12097	133854	1072	1437	3353	0	139716
12098	4311	998	127962	1572	0	134843
12099	2406	124885	3410	1382	0	132083
12100	1916	129103	1624	1171	0	133814
12101	2028	4550	1675	118928	0	127181
12102	1655	127631	1140	2410	0	132836
12103	129575	3577	1066	1410	0	135628
12104	3259	1814	124402	1117	0	130592
12105	119135	1380	2467	1022	0	124004
12106	3266	1181	124929	1068	0	130444
12107	2008	1008	2586	124424	0	130026
12108	1824	962	1381	126260	0	130427
12109	1750	866	1092	128731	0	132439
12110	127496	765	1013	3074	0	132348
12111	3318	752	127061	1652	0	132783
12112	1876	738	2287	128700	0	133601
12113	1545	876	1221	127826	0	131468
12114	1413	122992	984	3063	0	128452
12115	1286	122928	782	1756	0	126752
12116	1339	126877	814	1310	0	130340
12117	927	2577	738	117995	0	122237
12118	640	1103	512	112503	0	114758
12119	374	105426	323	1201	0	107324
12120	367	106523	245	628	0	107763
12121	107768	679	272	318	0	109037
12122	811	410	272	106408	0	107901
12123	408	102337	190	577	0	103512
12124	107843	459	134	215	0	108651
12125	673	221	148	109608	0	110650
12126	124507	99	153	753	0	125512
12127	1313	117	116	129241	0	130787
12128	521	372	130089	1377	0	132359
12129	298	131051	1210	725	0	133284
12130	133485	1210	391	326	0	135412
12131	1418	581	133209	157	0	135365
12132	324	132078	1212	329	0	133943
12133	184	928	267	138802	0	140181
12134	91	236	111	139892	0	140330
12135	97	185	42	137066	0	137390
12136	66	89	57	137871	0	138083
12137	147	285	133687	1546	0	135665
12138	44	132496	982	648	0	134170
12139	69	995	202	138246	0	139512
12140	134034	275	136	1113	0	135558
12141	953	134701	121	628	0	136403
12142	253	1010	62	147054	0	148379
12143	398	567	141381	1555	0	143901
12144	93	143908	1529	772	0	146302
12145	415	1749	373	135095	0	137632
12146	69	149153	311	1062	0	150595
12147	155451	1804	77	343	0	157675
12148	156649	439	71	292	0	157451
12149	2307	393	150609	172	0	153481
12150	151272	125	1697	180	0	153274
12151	157021	86	409	157	0	157673
12152	2403	352	148339	135	0	151229
12153	702	149189	1900	238	0	152029
12154	468	1747	413	157257	0	159885
12155	241	456	234	161404	0	162335
12156	159394	296	142	2396	0	162228
12157	1930	148	105	159603	0	161786
12158	556	189	157159	2217	0	160121
12159	149346	145	2071	705	0	152267
12160	2210	294	153833	464	0	156801
12161	575	152730	2228	481	0	156014
12162	154735	1911	503	187	0	157336
12163	2166	564	155776	245	0	158751
12164	741	575	149898	175	0	151389
12165	423	150032	2371	372	0	153198
12166	218	2017	681	159218	0	162134
12167	388	629	155168	2049	0	158234
12168	259	405	2149	145188	0	148001
12169	179	172	540	157069	0	157960
12170	222	218	151808	2558	0	154806
12171	208	146836	2286	1068	0	150398
12172	193	1945	555	157124	0	159817
12173	152992	499	401	2225	0	156117
12174	153022	399	249	683	0	154353
12175	2401	222	198	153989	0	156810
12176	868	255	152520	2270	0	155913
12177	573	320	159446	699	0	161038
12178	265	192	2481	158849	0	161787
12179	336	231	157130	2292	0	159989
12180	151418	177	2561	704	0	154860
12181	2241	148	679	159775	0	162843
12182	653	168	479	162311	0	163611
12183	464	157743	388	2734	0	161329
12184	287	2210	289	167146	0	169932
12185	329	648	158919	2591	0	162487
12186	152624	450	2249	928	0	156251
12187	161739	227	601	689	0	163256
12188	2764	255	162677	468	0	166164
12189	949	188	2300	170178	0	173615
12190	661	150	662	177664	0	179137
12191	417	213	174144	3724	0	178498
12192	320	194	2970	176226	0	179710
12193	344	219	914	181811	0	183288
12194	327	179162	728	3936	0	184153
12195	464	3203	361	190130	0	194158
12196	384	843	308	195528	0	197063
12197	197484	511	412	4741	0	203148
12198	203661	357	404	1762	0	206184
12199	206840	248	329	1165	0	208582
12200	205674	208	434	766	0	207082
12201	205087	269	357	714	0	206427
12202	5551	379	193738	741	0	200409
12203	1921	242	3891	195011	0	201065
12204	1135	264	1096	203511	0	206006
12205	789	334	195770	5203	0	202096
12206	188989	218	4085	1956	0	195248
12207	198098	266	1199	1217	0	200780
12208	5318	398	188723	799	0	195238
12209	194143	215	3951	765	0	199074
12210	200862	257	1177	707	0	203003
12211	5440	347	193881	658	0	200326
12212	2121	290	4202	187873	0	194486
12213	1300	199824	1567	4167	0	206858
12214	974	4322	915	212509	0	218720
12215	890	1162	564	215579	0	218195
12216	833	692	556	214944	0	217025
12217	859	399	205112	6322	0	212692
12218	199420	263	4677	2359	0	206719
12219	210212	246	1433	1415	0	213306
12220	5847	190	960	207435	0	214432
12221	2257	324	201463	5100	0	209144
12222	1317	433	4746	201692	0	208188
12223	951	280	203981	5649	0	210861
12224	972	471	205496	2166	0	209105
12225	703	201839	5741	1596	0	209879
12226	1586	3691	1631	196109	0	203017
12227	193043	919	1229	4251	0	199442
12228	188440	517	635	1462	0	191054
12229	191753	254	525	1146	0	193678
12230	5405	227	513	186665	0	192810
12231	1854	194327	593	4394	0	201168
12232	1161	4216	595	204283	0	210255
12233	884	1125	206265	5443	0	213717
12234	222146	704	4899	1849	0	229598
12235	241217	328	1322	1346	0	244213
12236	7218	418	888	240424	0	248948
12237	2526	325	599	245277	0	248727
12238	1646	260	526	249054	0	251486
12239	1232	332	233718	8230	0	243512
12240	203882	398	6278	3725	0	214283
12241	6318	227999	1949	2219	0	238485
12242	1722	226705	1313	1408	0	231148
12243	1522	5883	224723	1104	0	233232
12244	976	2006	5539	222938	0	231459
12245	938	1020	225995	6066	0	234019
12246	214433	891	5842	1871	0	223037
12247	5769	614	1641	224197	0	232221
12248	2087	751	217621	5887	0	226346
12249	1572	224771	5406	2534	0	234283
12250	230194	5112	1606	1600	0	238512
12251	6257	1472	230367	1333	0	239429
12252	1936	226436	5786	1501	0	235659
12253	1492	238257	1806	1337	0	242892
12254	240332	6363	1412	1008	0	249115
12255	6178	2009	846	242255	0	251288
12256	2062	1387	244943	6434	0	254826
12257	1376	244678	6215	2659	0	254928
12258	252078	6007	1847	1619	0	261551
12259	255114	1638	1287	1197	0	259236
12260	7142	244511	1246	1367	0	254266
12261	2696	6286	251242	1094	0	261318
12262	1517	1788	6331	256098	0	265734
12263	258703	1306	1986	6543	0	268538
12264	262255	848	1477	2040	0	266620
12265	8027	806	254204	1675	0	264712
12266	2731	884	6441	248826	0	258882
12267	1873	843	1960	262627	0	267303
12268	1707	836	257200	7630	0	267373
12269	1577	978	252253	2714	0	257522
12270	257252	767	7579	1851	0	267449
12271	267496	895	2565	1346	0	272302
12272	269655	860	1640	1225	0	273380
12273	271177	746	1407	1219	0	274549
12274	8865	873	257598	1095	0	268431
12275	260354	737	6639	1197	0	268927
12276	8096	596	2106	258949	0	269747
12277	3246	689	257590	7023	0	268548
12278	2525	829	257943	2441	0	263738
12279	1823	252303	7825	2381	0	264332
12280	1535	6087	2726	257573	0	267921
12281	1761	1880	257606	7000	0	268247
12282	250380	1360	7043	2299	0	261082
12283	7660	1432	2878	225698	0	237668
12284	2745	252841	2174	5210	0	262970
12285	262141	6154	1994	2115	0	272404
12286	265680	1610	1674	2127	0	271091
12287	8822	1193	256858	1534	0	268407
12288	3698	249879	6981	1796	0	262354
12289	2311	5450	2454	250890	0	261105
12290	250043	1642	1783	6314	0	259782
12291	6580	1386	1657	248591	0	258214
12292	2607	1028	239501	6416	0	249552
12293	220005	1018	5817	2108	0	228948
12294	6339	229267	2167	1960	0	239733
12295	2469	224450	1745	1500	0	230164
12296	2172	237308	1514	1347	0	242341
12297	236772	5963	2398	1179	0	246312
12298	235275	1890	1698	1053	0	239916
12299	236809	1293	1206	836	0	240144
12300	6762	960	1027	230653	0	239402
12301	2604	1022	230074	5131	0	238831
12302	1761	1010	5328	233329	0	241428
12303	235243	1135	1612	5692	0	243682
12304	5972	676	1227	236873	0	244748
12305	242376	691	1338	5655	0	250060
12306	245050	774	1172	1925	0	248921
12307	242052	814	1184	1693	0	245743
12308	6292	235677	1154	1433	0	244556
12309	241658	5079	1030	1101	0	248868
12310	6629	1710	233124	1017	0	242480
12311	2939	1266	235874	869	0	240948
12312	2424	227337	5300	926	0	235987
12313	2523	4662	2095	223967	0	233247
12314	224597	1266	1332	4509	0	231704
12315	5553	1010	218506	1693	0	226762
12316	209421	715	4958	1187	0	216281
12317	5792	691	1573	215193	0	223249
12318	2111	218506	1389	4510	0	226516
12319	1749	4499	1195	227902	0	235345
12320	1867	1600	223157	4737	0	231361
12321	213626	1021	4662	1711	0	221020
12322	5840	868	227484	1384	0	235576
12323	2657	844	220717	935	0	225153
12324	212496	580	5064	1148	0	219288
12325	4919	208289	2397	1019	0	216624
12326	222567	4297	1376	1072	0	229312
12327	225934	1261	1132	828	0	229155
12328	6374	810	215482	1011	0	223677
12329	213495	732	5056	845	0	220128
12330	5774	859	212804	982	0	220419
12331	2399	691	202249	933	0	206272
12332	1947	1139	201693	894	0	205673
12333	1840	185485	4666	1007	0	192998
12334	173475	3476	5366	1039	0	183356
12335	170428	731	1119	682	0	172960
12336	169595	578	528	337	0	171038
12337	169806	257	614	595	0	171272
12338	3346	320	165848	257	0	169771
12339	1216	260	2393	164961	0	168830
12340	1086	321	736	171911	0	174054
12341	170483	261	560	2715	0	174019
12342	2436	166014	647	987	0	170084
12343	934	2012	604	169168	0	172718
12344	168292	496	908	2170	0	171866
12345	2720	424	165926	566	0	169636
12346	952	447	2436	164149	0	167984
12347	849	459	167285	2130	0	170723
12348	1055	159967	2342	856	0	164220
12349	1141	2519	861	157372	0	161893
12350	156207	515	599	1981	0	159302
12351	2461	278	425	156315	0	159479
12352	1042	283	154543	1966	0	157834
12353	785	148857	1975	920	0	152537
12354	151657	1564	876	461	0	154558
12355	1914	623	149018	356	0	151911
12356	139684	309	1760	298	0	142051
12357	1752	140838	706	402	0	143698
12358	144906	1552	856	229	0	147543
12359	146330	449	270	193	0	147242
12360	1900	259	220	146452	0	148831
12361	870	252	143361	1609	0	146092
12362	466	141449	1676	754	0	144345
12363	407	1637	520	153076	0	155640
12364	410	503	310	156320	0	157543
12365	408	252	255	165085	0	166000
12366	436	204	242	172197	0	173079
12367	327	187779	393	3726	0	192225
12368	200447	3230	260	1168	0	205105
12369	4008	198535	358	821	0	203722
12370	1191	4246	242	211575	0	217254
12371	213508	1060	268	4703	0	219539
12372	4807	546	212	214255	0	219820
12373	1561	582	207410	5238	0	214791
12374	800	206641	4439	1766	0	213646
12375	715	4600	1099	210928	0	217342
12376	528	1340	550	219443	0	221861
12377	208456	708	408	5999	0	215571
12378	5089	635	203066	1949	0	210739
12379	201341	478	4569	1243	0	207631
12380	205050	391	1257	990	0	207688
12381	205369	528	658	869	0	207424
12382	6508	697	198154	945	0	206304
12383	2280	694	4695	196662	0	204331
12384	1377	680	1294	202142	0	205493
12385	1138	576	197082	6329	0	205125
12386	1073	646	198971	2313	0	203003
12387	200630	400	5856	1507	0	208393
12388	5548	430	1913	205014	0	212905
12389	206548	442	1174	5729	0	213893
12390	211757	437	951	2206	0	215351
12391	6848	535	721	209666	0	217770
12392	2679	526	214679	6152	0	224036
12393	209268	479	6065	2487	0	218299
12394	6901	422	1932	221770	0	231025
12395	2958	636	213007	6918	0	223519
12396	1916	211882	5990	2751	0	222539
12397	212899	5854	2116	1602	0	222471
12398	6588	213791	1330	1873	0	223582
12399	3021	6508	1113	192220	0	202862
12400	1976	215470	1054	5622	0	224122
12401	211098	6409	1307	2319	0	221133
12402	214233	1975	1111	1807	0	219126
12403	7889	210701	1026	2144	0	221760
12404	212054	6068	1042	1655	0	220819
12405	210640	2077	1108	1622	0	215447
12406	8208	203407	1057	1956	0	214628
12407	206612	6184	1026	1760	0	215582
12408	7663	2052	1125	202964	0	213804
12409	3530	1251	1204	209325	0	215310
12410	206103	981	1005	7793	0	215882
12411	7785	977	995	189697	0	199454
12412	3607	197201	986	6488	0	208282
12413	197798	6212	1025	2504	0	207539
12414	197202	2273	996	2067	0	202538
12415	7927	197019	1140	1975	0	208061
12416	200086	6396	1063	1628	0	209173
12417	203240	2261	1049	1660	0	208210
12418	8925	1510	1026	195426	0	206887
12419	4366	1465	188459	6918	0	201208
12420	3338	190004	5769	3157	0	202268
12421	195079	6586	1795	2017	0	205477
12422	198095	2329	1167	1982	0	203573
12423	9334	1838	186120	1850	0	199142
12424	190979	1271	5907	1891	0	200048
12425	8781	1389	181844	1817	0	193831
12426	184540	1442	6108	1804	0	193894
12427	8166	1445	2196	184212	0	196019
12428	4102	1590	179587	6821	0	192100
12429	3135	1850	181931	2836	0	189752
12430	2982	2192	6902	178971	0	191047
12431	2800	1625	2513	182326	0	189264
12432	3009	1517	171276	7940	0	183742
12433	3237	1363	6021	174688	0	185309
12434	3140	1559	171353	7191	0	183243
12435	3087	1578	6331	172432	0	183428
12436	3450	1649	2415	169915	0	177429
12437	3347	167692	1875	7706	0	180620
12438	3167	168828	1655	3504	0	177154
12439	3040	174169	1586	2917	0	181712
12440	3056	7414	1589	170290	0	182349
12441	2853	2623	1651	176290	0	183417
12442	2623	1805	163177	8708	0	176313
12443	164052	1583	6293	3956	0	175884
12444	171390	1345	2622	2845	0	178202
12445	8893	165071	1846	2705	0	178515
12446	167221	6254	1819	2215	0	177509
12447	8341	2483	1578	164976	0	177378
12448	166012	1592	1874	7179	0	176657
12449	170703	1299	1638	3453	0	177093
12450	8685	1405	1664	165806	0	177560
12451	156320	1493	1827	7267	0	166907
12452	7516	154136	1769	3414	0	166835
12453	3881	159932	1433	2673	0	167919
12454	2984	7534	1639	150216	0	162373
12455	3023	157520	1696	6346	0	168585
12456	2924	6637	1425	152390	0	163376
12457	3057	2554	1357	159135	0	166103
12458	153072	1664	1329	7939	0	164004
12459	7455	149554	1443	3940	0	162392
12460	146705	6240	1427	2499	0	156871
12461	143347	2510	1401	2323	0	149581
12462	7513	143550	1257	2562	0	154882
12463	140064	5842	1182	2369	0	149457
12464	7831	2311	130915	2462	0	143519
12465	2945	125659	4714	2237	0	135555
12466	117372	4490	1538	1960	0	125360
12467	4854	1441	96922	1473	0	104690
12468	1681	83645	2796	1068	0	89190
12469	1514	87039	1638	1048	0	91239
12470	74308	2697	1987	575	0	79567
12471	72995	1049	671	549	0	75264
12472	72790	633	378	548	0	74349
12473	2933	70362	361	594	0	74250
12474	1362	2108	320	72212	0	76002
12475	71859	844	398	2196	0	75297
12476	73203	583	366	985	0	75137
12477	2865	513	356	71417	0	75151
12478	1259	563	70859	2290	0	74971
12479	924	540	71890	905	0	74259
12480	811	500	2328	71400	0	75039
12481	733	434	1011	74013	0	76191
12482	841	391	71928	2711	0	75871
12483	652	361	2061	69559	0	72633
12484	729	71214	864	2316	0	75123
12485	70986	1902	583	906	0	74377
12486	2126	1018	419	69388	0	72951
12487	64645	400	391	2081	0	67517
12488	2006	63396	417	1019	0	66838
12489	854	64122	364	702	0	66042
12490	63328	1843	353	573	0	66097
12491	1799	668	59651	566	0	62684
12492	47608	801	1055	284	0	49748
12493	974	47626	456	305	0	49361
12494	296	530	126	44362	0	45314
12495	43910	243	90	618	0	44861
12496	597	141	99	43558	0	44395
12497	45790	166	105	657	0	46718
12498	44889	115	96	313	0	45413
12499	744	46194	111	313	0	47362
12500	46158	439	61	120	0	46778
12501	508	44388	82	157	0	45135
12502	45689	464	63	103	0	46319
12503	506	196	47	45633	0	46382
12504	47305	109	86	467	0	47967
12505	498	97	32	48656	0	49283
12506	50349	98	36	481	0	50964
12507	51099	105	41	209	0	51454
12508	51584	83	27	139	0	51833
12509	51583	87	30	105	0	51805
12510	51414	74	45	102	0	51635
12511	630	70	27	51128	0	51855
12512	50299	70	34	440	0	50843
12513	509	47714	53	273	0	48549
12514	255	416	48469	96	0	49236
12515	153	142	349	47976	0	48620
12516	163	91	50114	419	0	50787
12517	125	51	340	51600	0	52116
12518	146	77	53335	500	0	54058
12519	51654	30	395	197	0	52276
12520	449	115	144	53244	0	53952
12521	231	63	53295	431	0	54020
12522	179	93	55181	194	0	55647
12523	106	55	541	56554	0	57256
12524	65458	63	228	485	0	66234
12525	622	68026	144	290	0	69082
12526	71366	695	52	113	0	72226
12527	71191	297	75	74	0	71637
12528	1015	69481	77	124	0	70697
12529	75555	700	45	65	0	76365
12530	862	317	43	75047	0	76269
12531	416	136	46	75080	0	75678
12532	202	75	29	76660	0	76966
12533	76292	66	33	1083	0	77474
12534	774	75757	64	498	0	77093
12535	359	783	33	78873	0	80048
12536	179	358	39	80024	0	80600
12537	79606	130	53	1187	0	80976
12538	893	100	24	79019	0	80036
12539	438	120	79860	1071	0	81489
12540	197	82652	916	513	0	84278
12541	86962	1092	366	212	0	88632
12542	1300	511	160	84175	0	86146
12543	525	86992	115	1173	0	88805
12544	89509	1192	75	445	0	91221
12545	1464	552	86806	284	0	89106
12546	567	86356	1195	247	0	88365
12547	90866	1236	459	134	0	92695
12548	1463	517	211	89589	0	91780
12549	576	258	121	90547	0	91502
12550	399	193	89723	1721	0	92036
12551	237	189	1186	88277	0	89889
12552	238	151	101489	1587	0	103465
12553	215	232	97247	705	0	98399
12554	198	189	101927	380	0	102694
12555	101143	82	1807	254	0	103286
12556	103009	82	759	185	0	104035
12557	106781	97	381	134	0	107393
12558	1886	104	204	103876	0	106070
12559	858	102460	194	1261	0	104773
12560	461	105561	122	603	0	106747
12561	109010	1507	81	349	0	110947
12562	108946	676	221	264	0	110107
12563	1567	106275	193	457	0	108492
12564	108230	1157	190	152	0	109729
12565	1535	554	104227	155	0	106471
12566	730	371	104380	136	0	105617
12567	436	216	1510	95550	0	97712
12568	269	116	648	106870	0	107903
12569	309	110	107058	1556	0	109033
12570	189	107	1277	103667	0	105240
12571	108132	99	608	1477	0	110316
12572	1283	131	106869	667	0	108950
12573	104026	113	1246	366	0	105751
12574	1470	94	540	109118	0	111222
12575	818	143	112862	1294	0	115117
12576	443	110407	1370	762	0	112982
12577	117638	1117	586	341	0	119682
12578	1417	508	113642	264	0	115831
12579	111749	291	1307	214	0	113561
12580	1490	215	566	113838	0	116109
12581	115418	133	336	1313	0	117200
12582	1646	157	123888	613	0	126304
12583	734	150	1280	124749	0	126913
12584	132804	112	555	1418	0	134889
12585	135017	117	393	639	0	136166
12586	140792	122	286	449	0	141649
12587	142348	126	214	362	0	143050
12588	2274	302	231	136984	0	139791
12589	1055	143	214	138590	0	140002
12590	713	176	139959	2145	0	142993
12591	491	149	1526	138732	0	140898
12592	452	190	660	140918	0	142220
12593	391	142506	411	2263	0	145571
12594	148925	1640	345	920	0	151830
12595	152047	584	274	593	0	153498
12596	2522	157074	278	553	0	160427
12597	1072	2302	255	159235	0	162864
12598	669	799	238	162810	0	164516
12599	158498	363	226	3159	0	162246
12600	2739	323	166060	1281	0	170403
12601	1040	254	2370	169282	0	172946
12602	740	178	171228	2891	0	175037
12603	166420	116	2631	1132	0	170299
12604	173803	145	964	662	0	175574
12605	174798	150	512	523	0	175983
12606	3617	164	321	170568	0	174670
12607	1535	154	252	172229	0	174170
12608	172584	175	243	3308	0	176310
12609	3101	236	168971	1291	0	173599
12610	1136	186	2328	171734	0	175384
12611	173911	159	781	2933	0	177784
12612	2844	192	490	173993	0	177519
12613	1223	223	186309	3083	0	190838
12614	832	329	182799	1269	0	185229
12615	179035	205	3077	803	0	183120
12616	2759	182682	1188	1067	0	187696
12617	196607	2313	740	565	0	200225
12618	200453	748	421	533	0	202155
12619	3336	409	333	200493	0	204571
12620	1337	475	324	200356	0	202492
12621	892	196605	402	3410	0	201309
12622	201877	2269	323	1244	0	205713
12623	2692	201899	402	1011	0	206004
12624	1046	201044	320	721	0	203131
12625	807	2486	322	199231	0	202846
12626	199971	740	287	2332	0	203330
12627	203827	415	265	884	0	205391
12628	2962	285	247	201357	0	204851
12629	1226	225	219	199122	0	200792
12630	957	168	228	200266	0	201619
12631	198158	145	292	3121	0	201716
12632	2641	230	196428	1354	0	200653
12633	1043	194077	2126	1212	0	198458
12634	199602	1959	666	881	0	203108
12635	2543	751	586	198741	0	202621
12636	1253	409	199927	2488	0	204077
12637	1024	465	198578	1079	0	201146
12638	762	195966	2566	914	0	200208
12639	626	203882	870	860	0	206238
12640	1062	2410	1050	201977	0	206499
12641	586	193022	471	1979	0	196058
12642	554	2043	287	202729	0	205613
12643	532	633	211	203616	0	204992
12644	204460	331	207	2463	0	207461
12645	2073	294	252	203984	0	206603
12646	807	278	250	206875	0	208210
12647	817	388	203762	2519	0	207486
12648	656	316	1653	207546	0	210171
12649	211757	308	575	2395	0	215035
12650	210810	296	388	986	0	212480
12651	2585	214709	419	1226	0	218939
12652	214080	2149	247	724	0	217200
12653	2979	947	207803	763	0	212492
12654	1101	209570	2305	954	0	213930
12655	713	2404	637	220118	0	223872
12656	648	762	434	224494	0	226338
12657	666	549	411	226257	0	227883
12658	226212	436	423	3462	0	230533
12659	217593	455	576	1355	0	219979
12660	3418	471	220222	985	0	225096
12661	1484	513	217804	901	0	220702
12662	1139	822	221308	918	0	224187
12663	906	220461	3099	1098	0	225564
12664	761	221476	1158	931	0	224326
12665	232595	3036	456	949	0	237036
12666	231937	910	415	1057	0	234319
12667	3389	539	357	234895	0	239180
12668	1213	434	405	233526	0	235578
12669	864	232477	674	3851	0	237866
12670	750	2660	484	242368	0	246262
12671	989	1064	233531	3462	0	239046
12672	678	234192	2940	1862	0	239672
12673	676	2799	842	243899	0	248216
12674	859	1061	245372	3250	0	250542
12675	831	782	2754	236023	0	240390
12676	732	236831	909	3145	0	241617
12677	251041	2908	481	1265	0	255695
12678	250488	897	399	1135	0	252919
12679	257420	605	434	1073	0	259532
12680	3955	659	385	256832	0	261831
12681	1426	597	377	263759	0	266159
12682	260128	572	416	4261	0	265377
12683	4052	252969	570	1728	0	259319
12684	262397	3437	531	1012	0	267377
12685	4432	1161	266464	902	0	272959
12686	272587	585	4299	805	0	278276
12687	279945	523	1259	867	0	282594
12688	6111	586	566	277224	0	284487
12689	282934	461	440	4942	0	288777
12690	288497	464	569	1935	0	291465
12691	6277	487	436	290575	0	297775
12692	2175	666	279166	5507	0	287514
12693	271029	480	4756	2005	0	278270
12694	5433	1421	275517	979	0	283350
12695	1791	291466	4967	845	0	299069
12696	1560	4454	2335	293978	0	302327
12697	660	1366	515	304273	0	306814
12698	319989	537	450	6257	0	327233
12699	6181	1124	309091	1952	0	318348
12700	1826	657	5460	307050	0	314993
12701	971	312608	1691	5951	0	321221
12702	733	316042	889	2033	0	319697
12703	706	7180	580	321560	0	330026
12704	961	2058	310120	6714	0	319853
12705	677	934	5889	317997	0	325497
12706	680	732	1548	320857	0	323817
12707	932	2250	289439	7918	0	300539
12708	709	314053	5420	2629	0	322811
12709	310143	6406	1494	1331	0	319374
12710	6132	319075	922	1449	0	327578
12711	1997	6630	593	322466	0	331686
12712	309901	1949	628	6891	0	319369
12713	6235	299314	1251	2455	0	309255
12714	2217	6418	293922	1285	0	303842
12715	299223	1884	5854	1163	0	308124
12716	6462	307818	1975	1335	0	317590
12717	313933	6347	837	1142	0	322259
12718	7518	1985	297802	1202	0	308507
12719	300120	936	6301	1021	0	308378
12720	7249	821	1822	298342	0	308234
12721	2629	1145	295324	6714	0	305812
12722	1442	898	6115	295586	0	304041
12723	1181	294408	1920	7111	0	304620
12724	1348	6332	1040	302169	0	310889
12725	1234	1990	705	305855	0	309784
12726	1357	1301	288668	8522	0	299848
12727	1328	903	6131	295963	0	304325
12728	1730	2670	253665	7874	0	265939
12729	1384	289879	5320	3250	0	299833
12730	1305	6764	1637	297554	0	307260
12731	1851	2303	291147	7410	0	302711
12732	1464	291625	6863	2986	0	302938
12733	1332	304191	2281	1935	0	309739
12734	1764	8153	298630	1495	0	310042
12735	1812	2710	298767	1417	0	304706
12736	1414	1288	7982	298009	0	308693
12737	297577	984	2346	7688	0	308595
12738	7570	293008	1337	3402	0	305317
12739	2840	7380	1069	293192	0	304481
12740	292503	2143	1048	7789	0	303483
12741	7908	294882	1051	3311	0	307152
12742	298554	7134	954	2037	0	308679
12743	8155	301874	1229	1874	0	313132
12744	306009	7629	1016	1623	0	316277
12745	306251	2569	1046	1854	0	311720
12746	310826	1489	1322	1618	0	315255
12747	10036	316410	1322	2132	0	329900
12748	4026	8456	1218	323260	0	336960
12749	2907	2776	307564	9217	0	322464
12750	2356	313093	7946	4000	0	327395
12751	2505	8210	2570	308957	0	322242
12752	2551	2970	1728	313811	0	321060
12753	2469	2074	292597	10251	0	307391
12754	2294	289051	7661	4241	0	303247
12755	290201	7732	2899	2594	0	303426
12756	8675	285822	1720	2773	0	298990
12757	3427	7994	1188	291363	0	303972
12758	2543	2999	284301	8792	0	298635
12759	275105	2130	7999	3389	0	288623
12760	8312	1451	2640	293058	0	305461
12761	2737	1590	282365	9108	0	295800
12762	268353	1713	7809	3528	0	281403
12763	7762	274563	2774	3077	0	288176
12764	282081	8011	1914	2512	0	294518
12765	283846	3240	1218	2566	0	290870
12766	9141	2182	1316	281133	0	293772
12767	3651	1906	275090	8798	0	289445
12768	2253	272602	7762	3574	0	286191
12769	1812	8313	273372	2582	0	286079
12770	1368	3657	7911	269741	0	282677
12771	1363	2876	2938	282468	0	289645
12772	273373	2096	1851	10206	0	287526
12773	7950	1728	266158	4575	0	280411
12774	2807	261183	7912	2691	0	274593
12775	1946	8235	2492	264209	0	276882
12776	1863	3101	1668	275466	0	282098
12777	264049	2477	1507	9356	0	277389
12778	8115	264741	1286	3967	0	278109
12779	3372	8046	1080	260487	0	272985
12780	250543	3379	1048	8095	0	263065
12781	7014	249428	1322	3428	0	261192
12782	245614	7013	953	1850	0	255430
12783	245495	2776	1267	1333	0	250871
12784	8555	237453	1286	1796	0	249090
12785	216710	5486	772	1010	0	223978
12786	6084	216316	851	1072	0	224323
12787	219176	5601	867	920	0	226564
12788	219224	1795	837	1015	0	222871
12789	6773	211850	659	1278	0	220560
12790	206757	4954	455	1005	0	213171
12791	211457	1449	765	1059	0	214730
12792	211361	1274	625	1010	0	214270
12793	6486	1293	200643	989	0	209411
12794	2320	945	188421	978	0	192664
12795	1552	938	188348	934	0	191772
12796	189948	1617	6273	918	0	198756
12797	5261	976	185293	851	0	192381
12798	1719	845	165377	429	0	168370
12799	1736	1249	3731	152755	0	159471
12800	156808	471	1510	3150	0	161939
12801	3581	551	155839	1134	0	161105
12802	1513	664	162786	856	0	165819
12803	1126	503	3820	160477	0	165926
12804	933	492	1473	165829	0	168727
12805	881	522	904	168071	0	170378
12806	1006	550	162077	4305	0	167938
12807	888	494	3130	163799	0	168311
12808	162492	544	1208	3797	0	168041
12809	3400	161002	959	1737	0	167098
12810	1605	3222	614	162999	0	168440
12811	1275	1222	568	166166	0	169231
12812	1122	1002	161660	4233	0	168017
12813	926	158548	3324	1918	0	164716
12814	162615	3413	1172	1151	0	168351
12815	3726	160448	1008	1104	0	166286
12816	1600	3610	741	163477	0	169428
12817	1373	1328	160162	3676	0	166539
12818	939	951	3596	172471	0	177957
12819	874	605	1516	176800	0	179795
12820	174534	527	1230	5201	0	181492
12821	4522	542	1007	168573	0	174644
12822	1578	168977	1167	4960	0	176682
12823	1236	180099	985	2039	0	184359
12824	1190	5055	180280	1384	0	187909
12825	182391	1735	4628	1141	0	189895
12826	4825	1015	1722	186051	0	193613
12827	1721	781	1205	187811	0	191518
12828	1317	641	919	191964	0	194841
12829	190239	604	849	6507	0	198199
12830	4967	188777	995	3064	0	197803
12831	192302	4572	1066	1980	0	199920
12832	5659	1566	181479	1393	0	190097
12833	1912	1322	180894	1284	0	185412
12834	186542	694	5796	1273	0	194305
12835	5185	727	2232	186857	0	195001
12836	1907	782	1431	192511	0	196631
12837	1364	820	1058	195744	0	198986
12838	1297	754	187141	6632	0	195824
12839	188867	768	4766	2754	0	197155
12840	193865	703	1812	2075	0	198455
12841	187536	710	1500	1685	0	191431
12842	6374	939	1019	182636	0	190968
12843	2693	702	174879	5672	0	183946
12844	2166	794	170589	2535	0	176084
12845	1579	841	175904	2064	0	180388
12846	1289	166780	5330	1830	0	175229
12847	2311	4335	3133	155053	0	164832
12848	154595	1200	1586	4165	0	161546
12849	4068	811	152322	1956	0	159157
12850	154935	497	3728	1568	0	160728
12851	4185	500	1507	156435	0	162627
12852	1740	571	1079	155259	0	158649
12853	1355	148664	1049	4908	0	155976
12854	1157	152585	1059	2292	0	157093
12855	1186	157786	1096	1697	0	161765
12856	1168	4193	1227	159801	0	166389
12857	157652	1380	1081	4231	0	164344
12858	160271	838	1016	2144	0	164269
12859	4719	714	153111	1760	0	160304
12860	154719	535	3893	1664	0	160811
12861	4427	576	153223	1655	0	159881
12862	1872	631	4103	155350	0	161956
12863	1599	609	153736	4408	0	160352
12864	152445	628	4112	2014	0	159199
12865	4171	659	1791	153097	0	159718
12866	1883	664	158524	4255	0	165326
12867	1492	696	151280	2003	0	155471
12868	149026	612	4507	1679	0	155824
12869	154589	631	1975	1632	0	158827
12870	4436	152319	1439	1703	0	159897
12871	1979	3420	1180	159146	0	165725
12872	1517	1355	155747	4320	0	162939
12873	1455	1082	153194	2015	0	157746
12874	1383	831	4090	156541	0	162845
12875	156558	722	2318	4418	0	164016
12876	3903	151976	1392	2117	0	159388
12877	1789	3517	1163	158589	0	165058
12878	157313	1356	916	4367	0	163952
12879	4003	989	1001	155343	0	161336
12880	1944	154052	1073	4562	0	161631
12881	1507	3384	1103	160379	0	166373
12882	158955	1227	1112	4397	0	165691
12883	4242	996	1081	158343	0	164662
12884	159236	624	1123	4561	0	165544
12885	4301	159450	1222	2452	0	167425
12886	163954	3533	1271	1753	0	170511
12887	4755	1280	157321	1493	0	164849
12888	155690	918	3938	1518	0	162064
12889	161945	802	1955	1301	0	166003
12890	4881	159139	1549	1444	0	167013
12891	2187	3311	1253	159241	0	165992
12892	1763	1138	156716	3911	0	163528
12893	1413	937	153189	1850	0	157389
12894	146700	1463	4497	1561	0	154221
12895	144200	737	1653	1274	0	147864
12896	3530	142303	994	1231	0	148058
12897	1603	146458	769	1278	0	150108
12898	144622	3107	837	1011	0	149577
12899	3230	141749	1013	982	0	146974
12900	1501	147600	906	1058	0	151065
12901	1544	2878	687	146362	0	151471
12902	1116	975	658	143754	0	146503
12903	997	775	142082	3671	0	147525
12904	1053	576	2625	143593	0	147847
12905	145091	442	1127	3439	0	150099
12906	3406	627	142711	1340	0	148084
12907	1573	653	143338	1083	0	146647
12908	1448	588	3070	139989	0	145095
12909	1178	580	1223	147885	0	150866
12910	1079	597	1007	149575	0	152258
12911	1100	578	145335	3432	0	150445
12912	898	742	2546	139763	0	143949
12913	792	638	1120	148516	0	151066
12914	143465	494	743	3015	0	147717
12915	2727	140717	783	1337	0	145564
12916	144696	2224	654	766	0	148340
12917	2894	734	144756	806	0	149190
12918	125971	353	1518	408	0	128250
12919	1725	134744	771	532	0	137772
12920	128955	943	511	234	0	130643
12921	1092	125790	240	348	0	127470
12922	122340	1074	239	216	0	123869
12923	798	115796	134	172	0	116900
12924	322	114316	238	157	0	115033
12925	736	978	610	116852	0	119176
12926	119271	233	49	632	0	120185
12927	118666	134	46	249	0	119095
12928	119344	107	77	183	0	119711
12929	894	126	115123	162	0	116305
12930	371	182	115180	105	0	115838
12931	214	152	768	118910	0	120044
12932	127	118336	332	757	0	119552
12933	123	121556	176	307	0	122162
12934	152	952	82	121117	0	122303
12935	120122	282	69	775	0	121248
12936	119642	158	57	261	0	120118
12937	120438	108	70	176	0	120792
12938	1163	155	118118	106	0	119542
12939	388	105	784	121090	0	122367
12940	284	127	122531	960	0	123902
12941	124241	95	954	312	0	125602
12942	127009	83	288	197	0	127577
12943	1363	108	125114	132	0	126717
12944	446	112	947	126060	0	127565
12945	129183	93	275	1168	0	130719
12946	1123	106	164	133028	0	134421
12947	388	115	103	135610	0	136216
12948	273	120	98	146791	0	147282
12949	156668	83	90	2269	0	159110
12950	2051	109	93	169894	0	172147
12951	173748	102	97	3079	0	177026
12952	3066	188609	236	853	0	192764
12953	915	3225	122	202680	0	206942
12954	569	810	117	205414	0	206910
12955	388	452	118	202864	0	203822
12956	200388	191	127	5179	0	205885
12957	4035	177	125	199695	0	204032
12958	1250	136	108	199146	0	200640
12959	205007	107	114	4774	0	210002
12960	207255	166	155	1741	0	209317
12961	207430	116	213	1082	0	208841
12962	5653	232	196423	665	0	202973
12963	1974	337	187935	550	0	190796
12964	201806	117	4217	473	0	206613
12965	4431	148	1289	203099	0	208967
12966	1511	175	563	197491	0	199740
12967	205395	129	301	4946	0	210771
12968	203646	146	264	1765	0	205821
12969	199568	215	208	1031	0	201022
12970	5332	193703	299	698	0	200032
12971	201068	3605	200	619	0	205492
12972	193654	951	144	578	0	195327
12973	5025	190900	296	624	0	196845
12974	1910	190672	333	526	0	193441
12975	1485	3922	423	195783	0	201613
12976	203943	1082	226	3813	0	209064
12977	205083	562	208	1178	0	207031
12978	203450	317	190	906	0	204863
12979	5529	249	132	200665	0	206575
12980	202396	191	159	4366	0	207112
12981	5066	337	194009	1407	0	200819
12982	197157	242	3673	999	0	202071
12983	5073	250	198307	748	0	204378
12984	1937	364	189300	596	0	192197
12985	1301	254	4190	190853	0	196598
12986	191128	196	1595	4224	0	197143
12987	4037	203	720	194681	0	199641
12988	1582	240	192858	4695	0	199375
12989	1264	290	188763	1716	0	192033
12990	941	272	4163	189297	0	194673
12991	186383	220	1336	4405	0	192344
12992	4154	187010	968	1745	0	193877
12993	1809	3453	423	194280	0	199965
12994	1488	935	419	200322	0	203164
12995	1141	614	195981	5291	0	203027
12996	1187	470	191216	2103	0	194976
12997	1009	278	4481	198354	0	204122
12998	198949	271	1500	4902	0	205622
12999	4834	407	192485	2112	0	199838
13000	1998	346	3614	195944	0	201902
13001	1687	319	1160	199339	0	202505
13002	1423	310	740	201609	0	204082
13003	194019	320	564	6116	0	201019
13004	5175	1135	165475	3004	0	174789
13005	2280	188055	2780	2587	0	195702
13006	1845	3937	989	195495	0	202266
13007	1871	1187	189548	5514	0	198120
13008	1753	184185	4167	2868	0	192973
13009	1999	193950	1487	2257	0	199693
13010	193547	4742	997	2015	0	201301
13011	5593	191220	790	2232	0	199835
13012	196770	4617	915	2060	0	204362
13013	6145	1727	189148	2239	0	199259
13014	3046	1114	4242	194737	0	203139
13015	194074	731	1563	6274	0	202642
13016	6202	190559	1121	3760	0	201642
13017	3584	4488	187892	3112	0	199076
13018	3277	1630	4351	169050	0	178308
13019	2984	187877	1625	5189	0	197675
13020	3116	4770	1191	194619	0	203696
13021	191781	1807	1141	6357	0	201086
13022	6309	193491	1143	3579	0	204522
13023	197806	4747	1106	2917	0	206576
13024	200031	1656	1070	2547	0	205304
13025	8294	1182	193952	2511	0	205939
13026	4627	200681	5251	2383	0	212942
13027	4131	5976	1893	214543	0	226543
13028	3945	1814	216196	7226	0	229181
13029	3975	1359	233272	2599	0	241205
13030	3535	1814	8662	238741	0	252752
13031	247321	908	3379	8338	0	259946
13032	249029	909	2353	3148	0	255439
13033	11564	1082	1494	246917	0	261057
13034	5344	1369	238810	9612	0	255135
13035	3970	241920	7700	4270	0	257860
13036	252235	8118	2480	2686	0	265519
13037	255557	2719	1782	1913	0	261971
13038	11759	247976	1508	2062	0	263305
13039	255514	8556	1403	1733	0	267206
13040	11422	3098	242968	1649	0	259137
13041	246812	1996	8227	1616	0	258651
13042	249764	1681	3139	1656	0	256240
13043	11409	1496	240502	1696	0	255103
13044	4925	1090	8596	241360	0	255971
13045	3971	877	234134	9034	0	248016
13046	3055	227788	8903	3681	0	243427
13047	2672	237720	3507	2836	0	246735
13048	2430	10683	2262	219178	0	234553
13049	1972	2594	205915	7723	0	218204
13050	933	189097	6116	2564	0	198710
13051	689	189968	2251	1672	0	194580
13052	165752	6402	1376	977	0	174507
13053	167167	1797	619	466	0	170049
13054	5295	1104	467	165004	0	171870
13055	1674	762	475	163862	0	166773
13056	1080	164049	409	5178	0	170716
13057	163184	4687	280	1635	0	169786
13058	167816	1310	276	1124	0	170526
13059	5521	162533	387	1017	0	169458
13060	1797	4691	226	165298	0	172012
13061	1379	1602	159629	5097	0	167707
13062	995	904	4066	163767	0	169732
13063	163990	742	1040	5168	0	170940
13064	4839	579	674	164759	0	170851
13065	1502	487	537	170874	0	173400
13066	167829	413	428	6094	0	174764
13067	5179	372	382	162272	0	168205
13068	1601	159545	506	5597	0	167249
13069	1124	4249	335	167229	0	172937
13070	972	1135	345	170858	0	173310
13071	723	820	359	166597	0	168499
13072	601	161979	433	6458	0	169471
13073	590	4642	340	165352	0	170924
13074	588	1434	158035	6063	0	166120
13075	548	999	4317	160517	0	166381
13076	675	956	153400	5937	0	160968
13077	607	153416	4729	2502	0	161254
13078	661	4883	1685	160193	0	167422
13079	678	1407	942	162975	0	166002
13080	702	947	747	163384	0	165780
13081	625	833	664	163481	0	165603
13082	813	858	151478	7084	0	160233
13083	725	150394	4563	3086	0	158768
13084	694	4768	1277	160032	0	166771
13085	951	1536	158218	5944	0	166649
13086	746	1049	5137	161825	0	168757
13087	162561	867	1785	6237	0	171450
13088	5588	857	153849	2398	0	162692
13089	156909	687	4776	1691	0	164063
13090	5999	692	1511	160842	0	169044
13091	2483	618	157815	5980	0	166896
13092	1628	153566	5493	2605	0	163292
13093	1353	5408	1668	157296	0	165725
13094	1439	1799	155805	6040	0	165083
13095	1051	152211	5557	2526	0	161345
13096	1080	5602	1781	155915	0	164378
13097	154756	2082	1320	6155	0	164313
13098	159710	1411	1164	2348	0	164633
13099	161805	1172	927	1738	0	165642
13100	7409	1110	152406	1653	0	162578
13101	2983	154668	5328	1462	0	164441
13102	2035	5737	1630	155957	0	165359
13103	1537	1935	1197	166597	0	171266
13104	164992	1332	1054	7139	0	174517
13105	6168	165704	912	2895	0	175679
13106	169502	6338	697	2196	0	178733
13107	170092	2121	842	1789	0	174844
13108	174611	1642	707	1641	0	178601
13109	8440	1280	164342	1600	0	175662
13110	169034	1027	6000	1353	0	177414
13111	7714	954	1719	168918	0	179305
13112	2977	859	1161	173197	0	178194
13113	167445	765	1020	8145	0	177375
13114	7076	795	713	163490	0	172074
13115	2585	160353	658	7990	0	171586
13116	1784	6197	635	162190	0	170806
13117	158363	1976	519	7860	0	168718
13118	6725	1406	151996	3473	0	163600
13119	2240	151370	5589	2559	0	161758
13120	1619	5984	1495	153803	0	162901
13121	152236	1948	1016	7063	0	162263
13122	6485	1244	146349	2979	0	157057
13123	2240	3228	5866	146204	0	157538
13124	2283	956	144289	7062	0	154590
13125	1611	832	141827	2856	0	147126
13126	1216	627	131336	1933	0	135112
13127	1213	553	125662	1596	0	129024
13128	1120	608	117984	1399	0	121111
13129	92658	1797	6019	961	0	101435
13130	2393	90515	1350	953	0	95211
13131	85620	1745	916	363	0	88644
13132	85139	527	453	369	0	86488
13133	2298	82664	421	437	0	85820
13134	837	85898	393	414	0	87542
13135	86181	1952	349	280	0	88762
13136	86401	647	312	300	0	87660
13137	2251	521	288	81192	0	84252
13138	929	83444	335	1704	0	86412
13139	86116	1679	259	604	0	88658
13140	1949	83474	315	511	0	86249
13141	806	1822	306	85656	0	88590
13142	86191	630	331	1788	0	88940
13143	86614	404	316	758	0	88092
13144	2266	358	295	85583	0	88502
13145	958	290	282	87168	0	88698
13146	817	297	84200	2226	0	87540
13147	621	325	1658	83541	0	86145
13148	601	318	84525	2117	0	87561
13149	604	293	1767	81660	0	84324
13150	511	258	715	84546	0	86030
13151	83337	257	524	2360	0	86478
13152	82968	281	412	1036	0	84697
13153	2399	276	81201	683	0	84559
13154	80648	263	1748	572	0	83231
13155	2208	274	656	82075	0	85213
13156	1042	289	82631	1961	0	85923
13157	769	289	1853	83130	0	86041
13158	631	274	751	89401	0	91057
13159	691	280	87967	2635	0	91573
13160	632	230	2017	90396	0	93275
13161	757	256	92149	2491	0	95653
13162	534	261	2235	96708	0	99738
13163	104194	270	859	2841	0	108164
13164	2933	104746	654	1473	0	109806
13165	108412	2742	507	821	0	112482
13166	3290	108367	477	796	0	112930
13167	108278	3162	391	587	0	112418
13168	3553	106937	390	619	0	111499
13169	105861	3204	396	580	0	110041
13170	3482	105967	402	611	0	110462
13171	1501	3385	340	107899	0	113125
13172	1204	1296	105815	3169	0	111484
13173	1056	1019	104819	1248	0	108142
13174	864	655	3474	104732	0	109725
13175	104777	560	1378	3332	0	110047
13176	3381	104467	900	1638	0	110386
13177	1394	3099	614	106926	0	112033
13178	1128	1183	104691	3566	0	110568
13179	880	878	106657	1518	0	109933
13180	713	903	3749	100710	0	106075
13181	606	104814	1663	3336	0	110419
13182	106265	3023	1036	1511	0	111835
13183	3510	1236	106723	1159	0	112628
13184	1660	918	104241	872	0	107691
13185	934	104964	3730	876	0	110504
13186	105160	3292	1860	751	0	111063
13187	106272	1177	1287	583	0	109319
13188	3697	824	878	104085	0	109484
13189	106482	649	690	3177	0	110998
13190	105081	611	706	1223	0	107621
13191	3916	102346	725	964	0	107951
13192	104574	2862	783	686	0	108905
13193	3773	1279	104795	606	0	110453
13194	1698	785	2981	103188	0	108652
13195	1275	659	1273	105812	0	109019
13196	103954	611	886	3637	0	109088
13197	3312	102128	764	1877	0	108081
13198	102224	2843	690	1010	0	106767
13199	3321	104231	654	877	0	109083
13200	1548	104517	689	818	0	107572
13201	1613	3329	102527	618	0	108087
13202	1147	1976	101762	667	0	105552
13203	93432	1288	2836	603	0	98159
13204	96848	903	1210	535	0	99496
13205	2918	627	92402	402	0	96349
13206	1322	87871	2028	388	0	91609
13207	1020	92069	912	348	0	94349
13208	92894	2426	933	262	0	96515
13209	93076	1206	568	300	0	95150
13210	2628	779	523	93759	0	97689
13211	96687	569	500	1847	0	99603
13212	2544	502	436	94868	0	98350
13213	1407	424	94553	2117	0	98501
13214	968	576	90224	967	0	92735
13215	93229	495	2279	716	0	96719
13216	2254	505	1091	94492	0	98342
13217	1209	100112	795	1958	0	104074
13218	104918	1913	599	868	0	108298
13219	104683	827	550	753	0	106813
13220	2825	664	103452	529	0	107470
13221	104086	549	1915	581	0	107131
13222	109771	541	1048	382	0	111742
13223	2979	484	765	106532	0	110760
13224	1609	104199	709	1923	0	108440
13225	1256	109820	588	1271	0	112935
13226	1143	2560	445	112337	0	116485
13227	1030	1229	443	110801	0	113503
13228	1034	839	469	112833	0	115175
13229	1109	722	109502	2970	0	114303
13230	1181	696	105902	1418	0	109197
13231	959	646	2674	106360	0	110639
13232	956	697	108196	2532	0	112381
13233	981	712	107533	1245	0	110471
13234	756	629	2887	103875	0	108147
13235	969	522	112572	2639	0	116702
13236	774	108891	2887	1481	0	114033
13237	119091	2281	1464	1065	0	123901
13238	2588	1058	1120	116149	0	120915
13239	1266	114774	997	2492	0	119529
13240	1189	2469	119456	1208	0	124322
13241	805	1062	2684	119381	0	123932
13242	904	895	125844	2772	0	130415
13243	799	557	2918	125157	0	129431
13244	795	548	1449	131487	0	134279
13245	891	614	133598	3603	0	138706
13246	804	590	2893	130492	0	134779
13247	704	131993	1489	3218	0	137404
13248	792	2758	1011	138577	0	143138
13249	872	1145	136439	3492	0	141948
13250	714	869	2950	136431	0	140964
13251	134680	611	1374	3614	0	140279
13252	2902	134609	1079	2121	0	140711
13253	1296	2696	818	139794	0	144604
13254	1164	1202	140761	3301	0	146428
13255	778	136234	3069	1916	0	141997
13256	705	141525	1383	1309	0	144922
13257	980	3317	137465	995	0	142757
13258	600	1513	2667	131504	0	136284
13259	623	1219	1356	134631	0	137829
13260	780	790	132372	3282	0	137224
13261	483	125572	2451	1852	0	130358
13262	456	128809	1174	1079	0	131518
13263	119822	1725	520	399	0	122466
13264	1338	118164	349	690	0	120541
13265	119289	1400	287	296	0	121272
13266	1534	504	185	115635	0	117858
13267	123946	362	189	1367	0	125864
13268	1556	278	121759	656	0	124249
13269	121657	208	1326	401	0	123592
13270	1659	365	498	126155	0	128677
13271	577	125721	391	1599	0	128288
13272	130976	1463	216	592	0	133247
13273	1581	1044	218	131581	0	134424
13274	569	133338	250	1588	0	135745
13275	337	139888	274	777	0	141276
13276	141804	1703	228	341	0	144076
13277	142856	637	147	256	0	143896
13278	143850	361	141	216	0	144568
13279	1899	248	137	138943	0	141227
13280	706	134888	253	1511	0	137358
13281	408	139008	211	701	0	140328
13282	263	1608	127	142398	0	144396
13283	141895	588	165	1515	0	144163
13284	139130	379	170	639	0	140318
13285	139724	238	139	433	0	140534
13286	2070	316	140104	280	0	142770
13287	909	438	137402	268	0	139017
13288	147908	186	1652	276	0	150022
13289	1598	218	614	147438	0	149868
13290	628	246	339	149296	0	150509
13291	457	202	237	148615	0	149511
13292	325	235	186	150324	0	151070
13293	371	362	146067	2216	0	149016
13294	261	234	1464	144254	0	146213
13295	371	285	144527	1988	0	147171
13296	135812	203	1709	891	0	138615
13297	1547	141109	747	700	0	144103
13298	700	1492	428	150136	0	152756
13299	504	573	330	148199	0	149606
13300	147961	409	301	2085	0	150756
13301	145719	326	283	993	0	147321
13302	145704	279	292	694	0	146969
13303	145105	310	322	577	0	146314
13304	2337	318	145246	536	0	148437
13305	1078	333	141590	492	0	143493
13306	652	299	1801	142815	0	145567
13307	146779	225	785	1831	0	149620
13308	143749	266	617	915	0	145547
13309	2115	279	142917	735	0	146046
13310	888	257	1576	138680	0	141401
13311	142179	219	703	1853	0	144954
13312	1780	376	460	141499	0	144115
13313	887	308	143564	2057	0	146816
13314	752	308	1526	142860	0	145446
13315	146240	291	644	2076	0	149251
13316	1701	152074	623	1076	0	155474
13317	156016	1497	371	739	0	158623
13318	157688	604	324	621	0	159237
13319	157972	437	364	580	0	159353
13320	2364	365	267	156902	0	159898
13321	155351	325	282	1800	0	157758
13322	1920	160003	403	931	0	163257
13323	911	166042	334	791	0	168078
13324	698	3155	366	166934	0	171153
13325	168534	1058	214	2359	0	172165
13326	2571	172313	272	1129	0	176285
13327	212365	2750	215	658	0	215988
13328	226251	1130	301	570	0	228252
13329	6615	234337	309	764	0	242025
13330	2511	5647	191	239849	0	248198
13331	1526	1991	186	248038	0	251741
13332	1393	1169	241281	7541	0	251384
13333	1258	684	5601	241206	0	248749
13334	1419	890	240807	7392	0	250508
13335	1015	231939	6172	3311	0	242437
13336	900	6167	2159	244854	0	254080
13337	235218	2033	1308	7299	0	245858
13338	239183	1073	1035	3298	0	244589
13339	7630	797	1078	239093	0	248598
13340	2929	1052	230079	7238	0	241298
13341	214366	848	6145	3182	0	224541
13342	6538	222219	2272	2342	0	233371
13343	2773	224429	1312	1891	0	230405
13344	2096	230224	984	1548	0	234852
13345	2055	7781	918	222393	0	233147
13346	1508	2996	223881	6350	0	234735
13347	1239	1853	5809	224413	0	233314
13348	1371	1541	225126	6857	0	234895
13349	1190	1556	225046	2777	0	230569
13350	1129	1601	229934	1741	0	234405
13351	995	1195	7968	217108	0	227266
13352	809	1077	3270	229540	0	234696
13353	693	980	2191	233717	0	237581
13354	571	953	1794	230668	0	233986
13355	226204	664	1946	8975	0	237789
13356	5673	220588	1911	4246	0	232418
13357	225508	5613	1691	2941	0	235753
13358	6197	226578	1320	2942	0	237037
13359	2485	6324	1034	229791	0	239634
13360	1648	2430	853	241526	0	246457
13361	237328	1519	849	8693	0	248389
13362	241357	1320	745	3917	0	247339
13363	244038	1269	781	2674	0	248762
13364	242865	1186	694	2161	0	246906
13365	242209	1334	516	2021	0	246080
13366	8995	232603	548	2149	0	244295
13367	231410	6102	575	1650	0	239737
13368	7915	226450	544	1682	0	236591
13369	228779	6237	753	1420	0	237189
13370	8105	2407	223962	1487	0	235961
13371	4016	1689	5400	219374	0	230479
13372	2915	225771	2147	5549	0	236382
13373	2426	6087	1406	228583	0	238502
13374	2565	2737	222974	6524	0	234800
13375	2046	1913	5628	221411	0	230998
13376	216649	1382	2287	7289	0	227607
13377	6196	215087	1672	4321	0	227276
13378	2807	221420	1249	3264	0	228740
13379	2338	7703	220917	2331	0	233289
13380	1848	3325	5845	217880	0	228898
13381	1506	226586	2643	6681	0	237416
13382	1519	6405	1677	236311	0	245912
13383	1487	3179	231159	7503	0	243328
13384	1451	220272	6341	4563	0	232627
13385	1781	6649	228390	2470	0	239290
13386	1958	3271	227276	2281	0	234786
13387	1741	2236	7344	224620	0	235941
13388	229401	1981	3123	6797	0	241302
13389	6390	2073	2256	231095	0	241814
13390	3024	1842	230609	7432	0	242907
13391	1807	1915	6991	236201	0	246914
13392	1708	1827	243961	7848	0	255344
13393	1529	1817	242992	3964	0	250302
13394	243626	1374	8932	3185	0	257117
13395	260840	1429	4021	2880	0	269170
13396	261943	1125	3124	3108	0	269300
13397	8762	994	256068	2825	0	268649
13398	3740	938	259326	2803	0	266807
13399	2715	897	9183	251638	0	264433
13400	2498	1104	4248	262414	0	270264
13401	259942	1123	2826	8748	0	272639
13402	7716	1164	2340	260366	0	271586
13403	3666	1091	260066	8644	0	273467
13404	2631	1252	257056	4326	0	265265
13405	2149	255031	8477	3675	0	269332
13406	2277	6339	3653	267762	0	280031
13407	2658	2816	268684	8034	0	282192
13408	2108	1757	7801	265890	0	277556
13409	269600	1259	3963	8642	0	283464
13410	7361	1311	272492	4364	0	285528
13411	3446	1277	7695	273827	0	286245
13412	2664	1166	3252	282295	0	289377
13413	2648	1191	272464	9601	0	285904
13414	2189	987	7819	270125	0	281120
13415	2423	993	270927	8889	0	283232
13416	253854	1161	8178	4242	0	267435
13417	7528	1084	3635	256598	0	268845
13418	3318	254164	2759	8351	0	268592
13419	258899	6322	2172	4085	0	271478
13420	257408	2388	2405	3010	0	265211
13421	8668	256101	2326	3076	0	270171
13422	5278	18585	2331	226147	0	252341
13423	2580	240622	1541	6031	0	250774
13424	2193	242870	1357	3248	0	249668
13425	3954	7999	226721	2304	0	240978
13426	2255	224585	5870	2396	0	235106
13427	1544	4531	186636	1202	0	193913
13428	155351	1838	2231	555	0	159975
13429	158395	382	635	298	0	159710
13430	1593	159732	404	689	0	162418
13431	661	161065	334	524	0	162584
13432	337	163101	330	375	0	164143
13433	165636	1681	275	270	0	167862
13434	1722	716	206	166034	0	168678
13435	702	470	171975	1628	0	174775
13436	276	171948	1544	689	0	174457
13437	217	1538	535	179517	0	181807
13438	227	499	269	175219	0	176214
13439	185	196166	257	2196	0	198804
13440	214727	2665	237	593	0	218222
13441	3685	699	213516	408	0	218308
13442	898	480	3529	253431	0	258338
13443	331	276358	969	5504	0	283162
13444	280308	6220	424	1189	0	288141
13445	6909	1812	270634	918	0	280273
13446	1486	266460	6374	927	0	275247
13447	946	6819	1366	275576	0	284707
13448	950	1822	270404	6536	0	279712
13449	263508	949	6900	1579	0	272936
13450	6648	738	1711	270847	0	279944
13451	1941	924	264925	7119	0	274909
13452	1044	264633	6901	2738	0	275316
13453	265755	6648	1711	1144	0	275258
13454	6446	267210	1111	1205	0	275972
13455	271019	7268	813	658	0	279758
13456	276000	2081	641	635	0	279357
13457	8335	1493	563	264703	0	275094
13458	2668	255461	908	6925	0	265962
13459	2035	6541	253542	2042	0	264160
13460	1241	1782	6749	259110	0	268882
13461	1099	1637	2052	249627	0	254415
13462	806	964	1313	263510	0	266593
13463	969	850	1022	264017	0	266858
13464	897	718	873	265768	0	268256
13465	257558	862	775	9667	0	268862
13466	257035	829	778	3539	0	262181
13467	251932	847	851	2372	0	256002
13468	8570	241905	1128	2189	0	253792
13469	3304	6496	250787	1470	0	262057
13470	2336	2087	253997	1181	0	259601
13471	1683	1646	256368	1259	0	260956
13472	1238	1491	9005	242701	0	254435
13473	977	1145	3210	254524	0	259856
13474	996	862	2024	257121	0	261003
13475	1219	959	243474	9979	0	255631
13476	979	235913	7710	5140	0	249742
13477	1400	7047	244653	2868	0	255968
13478	1528	2370	248752	2053	0	254703
13479	1417	1614	8733	240514	0	252278
13480	1628	1620	244518	7908	0	255674
13481	1450	1304	8637	238574	0	249965
13482	237176	1122	3240	8834	0	250372
13483	238635	1224	2324	3321	0	245504
13484	9231	1064	230226	2746	0	243267
13485	3168	979	8003	230772	0	242922
13486	2704	1355	228159	8717	0	240935
13487	1899	229474	8300	4142	0	243815
13488	233330	7709	3277	2664	0	246980
13489	8309	2822	228240	2247	0	241618
13490	3016	223566	8263	2270	0	237115
13491	2174	226702	3148	2132	0	234156
13492	2052	221682	2449	2136	0	228319
13493	2213	9406	204567	1928	0	218114
13494	1856	4461	7965	195907	0	210189
13495	1533	202035	3053	7432	0	214053
13496	1756	7994	2472	202029	0	214251
13497	1673	2871	2205	208152	0	214901
13498	195630	1887	2005	10074	0	209596
13499	7382	196051	2056	4862	0	210351
13500	192670	7451	1855	3476	0	205452
13501	7869	190414	1973	3116	0	203372
13502	3279	197660	1935	2402	0	205276
13503	3053	8960	187381	2377	0	201771
13504	2027	4162	7690	189434	0	203313
13505	1957	2973	185148	8187	0	198265
13506	1679	180167	8156	4547	0	194549
13507	1972	7150	181148	3045	0	193315
13508	2140	2751	182944	2776	0	190611
13509	1688	182114	8918	2929	0	195649
13510	173881	7757	3784	2528	0	187950
13511	6861	176869	2868	3008	0	189606
13512	178438	7982	3061	2437	0	191918
13513	7955	3373	176148	2557	0	190033
13514	3249	2475	177538	2567	0	185829
13515	2179	175310	8958	2554	0	189001
13516	171951	7825	3554	2435	0	185765
13517	7423	173356	3173	2456	0	186408
13518	2754	7930	3057	175103	0	188844
13519	175553	3381	2662	7769	0	189365
13520	7926	2699	171877	3074	0	185576
13521	2640	2259	8294	175943	0	189136
13522	172061	1942	3434	8582	0	186019
13523	7793	171967	2854	3733	0	186347
13524	2809	7725	2495	174716	0	187745
13525	2428	3138	169719	8473	0	183758
13526	171958	2473	8046	3332	0	185809
13527	7294	2261	3669	174492	0	187716
13528	2387	2190	169129	8479	0	182185
13529	1884	2103	8333	167112	0	179432
13530	1797	167063	3535	8433	0	180828
13531	2080	7330	167268	3771	0	180449
13532	1772	2870	8027	166107	0	178776
13533	161463	2208	3342	7919	0	174932
13534	7292	1966	2485	159485	0	171228
13535	147484	1857	2076	7613	0	159030
13536	7410	147600	2058	3060	0	160128
13537	145947	6936	2147	2274	0	157304
13538	7716	2891	139492	2061	0	152160
13539	2754	2168	123558	1586	0	130066
13540	1954	1569	105595	1126	0	110244
13541	1580	99256	7267	1411	0	109514
13542	2956	1381	5242	36641	0	46220
13543	369	318	590	36629	0	37906
13544	166	212	248	36784	0	37410
13545	183	239	193	37405	0	38020
13546	159	256	35688	1063	0	37166
13547	34173	186	787	498	0	35644
13548	754	36168	399	300	0	37621
13549	35832	683	243	261	0	37019
13550	781	280	280	35541	0	36882
13551	327	36135	215	707	0	37384
13552	204	835	151	37202	0	38392
13553	36687	336	204	741	0	37968
13554	652	37706	231	388	0	38977
13555	38348	686	180	237	0	39451
13556	37892	297	190	276	0	38655
13557	846	219	117	38355	0	39537
13558	384	215	37904	710	0	39213
13559	37583	248	651	301	0	38783
13560	735	152	260	40378	0	41525
13561	40790	142	241	846	0	42019
13562	42412	148	248	317	0	43125
13563	42474	167	203	258	0	43102
13564	1074	191	41893	225	0	43383
13565	416	235	790	41096	0	42537
13566	41826	145	245	976	0	43192
13567	930	168	42877	420	0	44395
13568	283	41914	838	310	0	43345
13569	359	904	305	41547	0	43115
13570	231	267	42036	710	0	43244
13571	203	238	41580	254	0	42275
13572	220	351	860	40893	0	42324
13573	136	130	251	42194	0	42711
13574	161	119	139	42396	0	42815
13575	139	119	117	42092	0	42467
13576	213	150	40774	1004	0	42141
13577	183	40739	625	371	0	41918
13578	210	689	233	42911	0	44043
13579	43262	152	191	736	0	44341
13580	42180	138	145	298	0	42761
13581	43117	93	119	228	0	43557
13582	888	87	113	42520	0	43608
13583	333	121	102	42639	0	43195
13584	285	39972	104	847	0	41208
13585	239	41555	132	314	0	42240
13586	439	786	216	40940	0	42381
13587	40112	348	111	736	0	41307
13588	39474	103	73	233	0	39883
13589	38830	48	88	209	0	39175
13590	39175	112	88	158	0	39533
13591	39094	109	70	174	0	39447
13592	646	37483	120	180	0	38429
13593	210	521	116	39076	0	39923
13594	39727	109	99	608	0	40543
13595	39934	70	68	223	0	40295
13596	651	47	39	39093	0	39830
13597	189	37	75	40023	0	40324
13598	195	61	39857	701	0	40814
13599	119	87	500	38762	0	39468
13600	142	101	95	40620	0	40958
13601	210	91	41578	691	0	42570
13602	243	137	452	40926	0	41758
13603	224	41520	149	673	0	42566
13604	226	504	41566	226	0	42522
13605	165	41902	487	284	0	42838
13606	146	510	117	42002	0	42775
13607	166	208	85	41959	0	42418
13608	93	40957	79	578	0	41707
13609	126	42112	95	260	0	42593
13610	43610	485	102	137	0	44334
13611	43356	110	64	167	0	43697
13612	676	98	42036	173	0	42983
13613	43599	40	431	175	0	44245
13614	46050	74	92	191	0	46407
13615	46312	85	101	203	0	46701
13616	45840	82	384	199	0	46505
13617	759	108	44224	190	0	45281
13618	332	143	42310	158	0	42943
13619	45487	52	524	189	0	46252
13620	615	44783	253	236	0	45887
13621	252	370	45525	123	0	46270
13622	45520	135	491	94	0	46240
13623	46488	80	134	108	0	46810
13624	511	93	45608	118	0	46330
13625	44859	68	459	107	0	45493
13626	516	55	185	49280	0	50036
13627	184	75	50496	539	0	51294
13628	46920	49	484	282	0	47735
13629	468	49780	226	262	0	50736
13630	52935	440	153	199	0	53727
13631	60029	138	114	192	0	60473
13632	558	109	110	59579	0	60356
13633	227	70	101	59552	0	59950
13634	190	60	63	61047	0	61360
13635	60917	46	65	689	0	61717
13636	63441	59	83	298	0	63881
13637	754	49	59	63526	0	64388
13638	285	83	50	63310	0	63728
13639	219	117	61368	862	0	62566
13640	58997	102	597	323	0	60019
13641	729	86	119	64971	0	65905
13642	284	78	87	65026	0	65475
13643	257	62805	103	1028	0	64193
13644	257	724	46	65111	0	66138
13645	259	219	40	65253	0	65771
13646	63169	183	51	990	0	64393
13647	869	63918	59	627	0	65473
13648	406	725	32	66384	0	67547
13649	357	239	38	66170	0	66804
13650	296	151	29	67079	0	67555
13651	290	237	64871	1176	0	66574
13652	206	70	743	64624	0	65643
13653	64368	68	214	1112	0	65762
13654	928	112	63590	498	0	65128
13655	361	83	803	64676	0	65923
13656	284	86	242	66962	0	67574
13657	67002	94	179	1307	0	68582
13658	65700	76	165	635	0	66576
13659	1080	162	66278	439	0	67959
13660	60581	1607	780	441	0	63409
13661	908	163	66009	338	0	67418
13662	66728	91	729	331	0	67879
13663	1105	72297	390	308	0	74100
13664	76897	972	214	265	0	78348
13665	1191	75876	152	356	0	77575
13666	80916	1147	279	279	0	82621
13667	1251	81008	119	374	0	82752
13668	397	1231	172	84535	0	86335
13669	349	328	109	85225	0	86011
13670	301	233	116	85405	0	86055
13671	206	81818	241	1821	0	84086
13672	221	1158	93	84858	0	86330
13673	177	83431	158	1528	0	85294
13674	263	1319	93	86947	0	88622
13675	86832	413	104	1534	0	88883
13676	85210	302	147	521	0	86180
13677	1629	83759	131	528	0	86047
13678	655	1279	152	86811	0	88897
13679	85781	429	93	1458	0	87761
13680	1388	85148	121	667	0	87324
13681	533	86390	112	593	0	87628
13682	88000	1753	137	268	0	90158
13683	88355	664	72	265	0	89356
13684	1725	86236	122	365	0	88448
13685	88052	1427	56	266	0	89801
13686	1677	523	57	87940	0	90197
13687	628	442	91246	1552	0	93868
13688	92093	291	1274	574	0	94232
13689	94426	272	341	511	0	95550
13690	1923	385	93610	287	0	96205
13691	94758	260	1314	331	0	96663
13692	99153	225	346	297	0	100021
13693	101611	249	252	277	0	102389
13694	2133	97914	183	330	0	100560
13695	103224	1541	82	346	0	105193
13696	104980	549	110	279	0	105918
13697	2106	487	96	103458	0	106147
13698	977	329	74	105035	0	106415
13699	699	246	127	107118	0	108190
13700	106679	240	107	2220	0	109246
13701	1889	293	81	104673	0	106936
13702	106354	230	103	1987	0	108674
13703	107846	258	70	793	0	108967
13704	2223	256	150	106146	0	108775
13705	1195	307	96	109294	0	110892
13706	828	356	94	111311	0	112589
13707	110035	226	156	2435	0	112852
13708	2014	107017	148	1091	0	110270
13709	980	1647	92	111673	0	114392
13710	815	594	88	114890	0	116387
13711	113287	489	136	2489	0	116401
13712	113870	289	107	1166	0	115432
13713	2630	334	109147	818	0	112929
13714	1262	355	109104	698	0	111419
13715	117247	223	2185	700	0	120355
13716	2594	256	782	121138	0	124770
13717	1218	336	360	142442	0	144356
13718	1021	560	139165	4874	0	145620
13719	734	383	3455	138534	0	143106
13720	716	140298	897	4360	0	146271
13721	692	147135	524	1657	0	150008
13722	143939	4477	339	1097	0	149852
13723	4430	1605	138811	857	0	145703
13724	1417	144744	3221	875	0	150257
13725	1052	4068	752	150413	0	156285
13726	952	1142	147793	4367	0	154254
13727	764	804	3814	144554	0	149936
13728	806	503	934	150873	0	153116
13729	926	501	145796	5119	0	152342
13730	701	145469	3975	1948	0	152093
13731	761	4084	968	145216	0	151029
13732	144943	1026	687	4506	0	151162
13733	147067	718	492	1502	0	149779
13734	147447	486	399	1167	0	149499
13735	5290	141556	501	1140	0	148487
13736	142511	3865	467	684	0	147527
13737	4510	1108	370	143119	0	149107
13738	1603	906	139352	4404	0	146265
13739	137968	518	3746	1461	0	143693
13740	4200	140196	1061	1278	0	146735
13741	1296	3677	608	141919	0	147500
13742	1040	1104	481	142939	0	145564
13743	832	139366	522	4863	0	145583
13744	814	3928	446	145165	0	150353
13745	827	1181	451	147870	0	150329
13746	854	901	457	150002	0	152214
13747	143847	785	606	5540	0	150778
13748	144323	655	539	2429	0	147946
13749	4888	831	142981	1815	0	150515
13750	1790	925	3853	143710	0	150278
13751	1438	743	1129	150061	0	153371
13752	1067	796	1014	151935	0	154812
13753	147594	848	786	5672	0	154900
13754	4565	791	141428	2456	0	149240
13755	141003	625	3923	1853	0	147404
13756	148871	681	1201	1596	0	152349
13757	5094	559	914	145775	0	152342
13758	147272	516	885	4887	0	153560
13759	5195	742	142533	2078	0	150548
13760	139442	590	3813	1888	0	145733
13761	4908	151015	1450	1957	0	159330
13762	2072	3917	150282	1346	0	157617
13763	1747	1342	149757	1481	0	154327
13764	1563	1613	4573	147335	0	155084
13765	1564	792	149175	4705	0	156236
13766	144324	822	4174	1998	0	151318
13767	4336	143313	1391	1777	0	150817
13768	148289	3831	938	1513	0	154571
13769	4485	1395	763	149301	0	155944
13770	1837	942	147570	4843	0	155192
13771	1469	778	148417	2339	0	153003
13772	1160	901	4257	151118	0	157436
13773	152581	673	1605	5209	0	160068
13774	4047	145562	1089	2691	0	153389
13775	1573	153018	906	2145	0	157642
13776	154473	4088	734	1834	0	161129
13777	4402	152919	797	1666	0	159784
13778	156472	4031	907	1389	0	162799
13779	4977	1293	694	154763	0	161727
13780	155084	774	726	4516	0	161100
13781	4719	684	885	154985	0	161273
13782	157393	548	810	4762	0	163513
13783	4672	509	986	155131	0	161298
13784	2053	150782	914	4719	0	158468
13785	155484	3548	807	1902	0	161741
13786	4260	152452	971	1970	0	159653
13787	2175	4016	145929	1219	0	153339
13788	1679	1316	3728	143763	0	150486
13789	1401	150418	1430	3753	0	157002
13790	150909	3862	1040	1407	0	157218
13791	148554	1303	1105	1238	0	152200
13792	4654	146484	1076	1297	0	153511
13793	1913	3864	145267	1224	0	152268
13794	1506	1335	3762	143945	0	150548
13795	1262	144703	1607	3903	0	151475
13796	1192	3801	1155	149535	0	155683
13797	1338	1279	1015	152086	0	155718
13798	149264	1066	755	4804	0	155889
13799	4169	145458	897	2122	0	152646
13800	1780	3750	733	151400	0	157663
13801	151752	1438	637	4415	0	158242
13802	152239	1048	703	1717	0	155707
13803	151049	996	836	1420	0	154301
13804	5007	1035	667	147419	0	154128
13805	146570	786	617	4058	0	152031
13806	4533	143092	628	1770	0	150023
13807	145859	3714	500	1384	0	151457
13808	4376	145354	528	1394	0	151652
13809	149438	3773	498	1197	0	154906
13810	149669	1292	390	1123	0	152474
13811	4833	1147	617	145747	0	152344
13812	2126	791	147919	3964	0	154800
13813	1779	1028	145002	1529	0	149338
13814	1419	145748	3163	1238	0	151568
13815	146316	3217	1269	1014	0	151816
13816	3507	1275	141333	631	0	146746
13817	109732	486	953	246	0	111417
13818	1167	112517	452	487	0	114623
13819	557	120514	265	342	0	121678
13820	394	1255	205	128316	0	130170
13821	329	129810	204	976	0	131319
13822	403	1513	131881	429	0	134226
13823	425	467	1174	130260	0	132326
13824	318	137190	471	1399	0	139378
13825	279	1744	219	143900	0	146142
13826	143617	605	165	1856	0	146243
13827	1844	1437	136	143211	0	146628
13828	753	492	142740	2236	0	146221
13829	509	141125	1902	955	0	144491
13830	382	2312	600	147155	0	150449
13831	402	725	412	148896	0	150435
13832	276	616	271	152117	0	153280
13833	148369	356	231	2984	0	151940
13834	147291	264	214	1251	0	149020
13835	2742	423	146691	799	0	150655
13836	1239	431	143875	591	0	146136
13837	657	141442	2589	634	0	145322
13838	152979	2133	848	399	0	156359
13839	2304	770	544	152541	0	156159
13840	841	552	292	154268	0	155953
13841	708	386	187	155163	0	156444
13842	557	333	135	156206	0	157231
13843	621	340	147023	3341	0	151325
13844	143378	297	2092	1428	0	147195
13845	2511	273	638	169172	0	172594
13846	1085	361	165833	3409	0	170688
13847	168011	319	3137	1458	0	172925
13848	185950	263	1220	992	0	188425
13849	5285	372	203376	639	0	209672
13850	2496	432	210012	480	0	213420
13851	1359	286	6311	208926	0	216882
13852	212454	271	2137	5731	0	220593
13853	216885	210	1358	1801	0	220254
13854	6954	320	865	207436	0	215575
13855	2448	259	826	217477	0	221010
13856	1606	372	209658	7127	0	218763
13857	1016	593	5533	210247	0	217389
13858	1170	431	206676	7067	0	215344
13859	200052	283	5802	2497	0	208634
13860	5835	203857	2168	2224	0	214084
13861	202273	5138	1085	1357	0	209853
13862	6088	198266	983	1169	0	206506
13863	200365	5919	1289	795	0	208368
13864	6643	1798	593	193968	0	203002
13865	2416	985	538	200263	0	204202
13866	198829	796	432	7018	0	207075
13867	201033	593	320	2502	0	204448
13868	202384	510	326	1563	0	204783
13869	203909	462	366	1099	0	205836
13870	8727	442	189991	1029	0	200189
13871	194514	267	5307	1069	0	201157
13872	200130	256	1534	954	0	202874
13873	199188	191	1069	726	0	201174
13874	9047	181	781	191754	0	201763
13875	187764	198	681	6190	0	194833
13876	7458	184208	919	2265	0	194850
13877	3291	5301	738	188791	0	198121
13878	2534	1540	559	195016	0	199649
13879	2161	1148	180759	7825	0	191893
13880	1656	700	5394	182741	0	190491
13881	1478	184804	1882	7478	0	195642
13882	185403	5815	1184	3170	0	195572
13883	6462	185764	1142	2439	0	195807
13884	188734	6420	793	2144	0	198091
13885	7339	2263	870	187969	0	198441
13886	185345	1280	827	7015	0	194467
13887	7249	178812	953	3065	0	190079
13888	184143	6086	700	1940	0	192869
13889	187607	2188	730	1625	0	192150
13890	8880	1462	729	180848	0	191919
13891	4009	1119	621	188033	0	193782
13892	3271	877	177536	8303	0	189987
13893	2762	998	5471	180494	0	189725
13894	2375	800	1740	186643	0	191558
13895	2463	548	175890	8912	0	187813
13896	2079	516	6133	180585	0	189313
13897	2050	479	175737	8400	0	186666
13898	174709	462	6712	3658	0	185541
13899	7414	407	2589	177438	0	187848
13900	3370	585	171077	7656	0	182688
13901	172323	558	6341	3176	0	182398
13902	7775	565	2284	175696	0	186320
13903	3448	695	172650	7650	0	184443
13904	174600	507	6333	3316	0	184756
13905	7651	576	2226	177102	0	187555
13906	3363	556	1656	181889	0	187464
13907	179021	614	1262	8745	0	189642
13908	7855	663	1017	176880	0	186415
13909	3576	552	999	181444	0	186571
13910	2745	715	1098	175620	0	180178
13911	2563	168872	974	9395	0	181804
13912	167302	6081	848	4679	0	178910
13913	170902	1945	863	3191	0	176901
13914	9030	1384	755	165892	0	177061
13915	167289	943	800	8164	0	177196
13916	170437	753	723	4116	0	176029
13917	171652	890	742	2975	0	176259
13918	160973	892	1274	2641	0	165780
13919	164311	608	1224	2371	0	168514
13920	10294	574	143940	2447	0	157255
13921	4699	675	139802	2394	0	147570
13922	138531	510	6499	1841	0	147381
13923	7623	135324	2641	2167	0	147755
13924	3335	4885	1812	132373	0	142405
13925	2874	1503	128637	6523	0	139537
13926	2383	1032	129744	2944	0	136103
13927	2225	1773	6459	128372	0	138829
13928	127418	1162	3932	6660	0	139172
13929	6224	801	1576	128417	0	137018
13930	2850	849	123897	6708	0	134304
13931	131017	475	5087	3182	0	139761
13932	6425	441	2065	132570	0	141501
13933	2957	281	1461	136505	0	141204
13934	2610	228	1073	138268	0	142179
13935	2479	294	811	135497	0	139081
13936	2244	376	125264	8294	0	136178
13937	2243	289	4734	129953	0	137219
13938	129342	353	1859	7197	0	138751
13939	6081	397	123466	3865	0	133809
13940	126048	376	4952	2990	0	134366
13941	131195	440	2280	2555	0	136470
13942	130662	505	1324	2163	0	134654
13943	128680	335	1241	2035	0	132291
13944	7884	121573	1101	2050	0	132608
13945	2943	105193	863	1423	0	110422
13946	2471	108393	854	1339	0	113057
13947	100277	5546	2744	1761	0	110328
13948	4797	1248	89739	1327	0	97111
13949	63870	637	2154	638	0	67299
13950	1937	270	635	60816	0	63658
13951	60997	117	277	1551	0	62942
13952	1445	101	282	61011	0	62839
13953	60994	87	225	1723	0	63029
13954	1508	146	277	60458	0	62389
13955	779	85	238	62079	0	63181
13956	50725	127	251	1857	0	52960
13957	1535	64392	281	889	0	67097
13958	783	1018	64113	567	0	66481
13959	653	62788	1041	563	0	65045
13960	599	874	59536	384	0	61393
13961	369	816	976	56147	0	58308
13962	58984	155	541	829	0	60509
13963	811	155	193	58083	0	59242
13964	57708	75	158	846	0	58787
13965	842	60263	229	605	0	61939
13966	595	642	62931	305	0	64473
13967	419	61849	669	285	0	63222
13968	332	63471	268	282	0	64353
13969	61705	558	512	136	0	62911
13970	60153	166	103	155	0	60577
13971	598	59700	121	185	0	60604
13972	276	433	91	62359	0	63159
13973	187	140	92	62973	0	63392
13974	63134	97	94	707	0	64032
13975	623	120	62602	299	0	63644
13976	284	115	61182	228	0	61809
13977	205	83	609	61798	0	62695
13978	204	98	64060	682	0	65044
13979	60472	76	609	306	0	61463
13980	64036	61	215	212	0	64524
13981	731	61938	192	290	0	63151
13982	406	544	65147	155	0	66252
13983	285	175	561	65186	0	66207
13984	282	129	69640	650	0	70701
13985	214	113	580	69027	0	69934
13986	70353	92	238	704	0	71387
13987	671	71834	216	463	0	73184
13988	398	653	76612	239	0	77902
13989	217	76883	712	259	0	78071
13990	233	80952	297	231	0	81713
13991	83777	851	178	223	0	85029
13992	81202	278	154	202	0	81836
13993	1029	223	81910	312	0	83474
13994	406	83581	773	317	0	85077
13995	303	728	275	87459	0	88765
13996	240	285	153	87491	0	88169
13997	229	167	156	87221	0	87773
13998	268	167	88117	1101	0	89653
13999	238	127	743	86796	0	87904
14000	225	144	315	91349	0	92033
14001	92680	119	192	1073	0	94064
14002	92183	133	173	515	0	93004
14003	92430	116	173	321	0	93040
14004	91269	120	171	280	0	91840
14005	91656	142	121	249	0	92168
14006	1107	87781	210	415	0	89513
14007	89348	688	110	183	0	90329
14008	961	291	87046	146	0	88444
14009	366	399	574	87036	0	88375
14010	89174	137	211	611	0	90133
14011	706	85662	216	309	0	86893
14012	90601	601	135	195	0	91532
14013	92588	221	94	222	0	93125
14014	766	209	105	93094	0	94174
14015	308	141	104	93954	0	94507
14016	250	97025	170	906	0	98351
14017	219	691	111	102793	0	103814
14018	272	299	104958	895	0	106424
14019	224	205	797	107002	0	108228
14020	260	169	107497	1110	0	109036
14021	104044	128	1063	427	0	105662
14022	1138	113	354	110555	0	112160
14023	505	168	110814	1228	0	112715
14024	280	106319	1203	607	0	108409
14025	214	109778	405	387	0	110784
14026	111863	1292	367	275	0	113797
14027	1076	537	142	110595	0	112350
14028	464	269	115803	1099	0	117635
14029	227	110326	1099	660	0	112312
14030	397	1077	115436	214	0	117124
14031	111702	310	1064	171	0	113247
14032	114400	158	369	167	0	115094
14033	115320	140	206	171	0	115837
14034	1347	123	165	115600	0	117235
14035	505	216	114729	1187	0	116637
14036	261	112167	1253	535	0	114216
14037	203	979	381	119567	0	121130
14038	259	363	114886	1188	0	116696
14039	259	317	111842	471	0	112889
14040	158	175	1316	116007	0	117656
14041	119328	132	462	1171	0	121093
14042	1083	163	287	118470	0	120003
14043	403	242	203	121695	0	122543
14044	315	144	122207	1459	0	124125
14045	253	125	1121	120991	0	122490
14046	171	138	386	122685	0	123380
14047	236	163	123204	1551	0	125154
14048	275	213	120604	568	0	121660
14049	209	108	1397	121428	0	123142
14050	349	129	124173	1292	0	125943
14051	205	112	1219	123543	0	125079
14052	124841	111	542	1367	0	126861
14053	1088	125464	408	895	0	127855
14054	370	1108	290	131065	0	132833
14055	316	374	128122	1335	0	130147
14056	113097	219	1305	686	0	115307
14057	1133	118935	556	511	0	121135
14058	125005	1067	292	396	0	126760
14059	1239	346	236	123952	0	125773
14060	479	255	266	123862	0	124862
14061	127354	127	277	1578	0	129336
14062	1276	148	125671	741	0	127836
14063	123548	133	1184	519	0	125384
14064	1283	153	458	128320	0	130214
14065	124844	110	353	1354	0	126661
14066	123836	108	305	638	0	124887
14067	1562	127	288	122730	0	124707
14068	610	124472	314	1416	0	126812
14069	132201	1279	251	583	0	134314
14070	132688	409	251	482	0	133830
14071	2235	330	130848	372	0	133785
14072	129423	212	1581	319	0	131535
14073	2024	184	558	132024	0	134790
14074	845	132237	460	1690	0	135232
14075	623	1676	301	132271	0	134871
14076	457	131760	300	1708	0	134225
14077	134711	1642	344	699	0	137396
14078	135983	605	233	500	0	137321
14079	2215	333	197	142678	0	145423
14080	1033	295	142024	2116	0	145468
14081	712	296	140954	924	0	142886
14082	454	176	2445	145669	0	148744
14083	145664	149	1057	2424	0	149294
14084	155371	161	585	1010	0	157127
14085	3346	156973	506	869	0	161694
14086	1389	2654	313	160948	0	165304
14087	968	1017	161517	3145	0	166647
14088	637	747	167198	1355	0	169937
14089	521	598	4662	180832	0	186613
14090	198466	267	1907	5192	0	205832
14091	5469	198	852	203226	0	209745
14092	1999	302	196690	6568	0	205559
14093	199642	177	5598	2303	0	207720
14094	5947	149	1919	201010	0	209025
14095	2167	164	1230	207436	0	210997
14096	1341	165	670	203992	0	206168
14097	753	195754	823	8139	0	205469
14098	871	5194	197659	3247	0	206971
14099	735	1878	203946	2021	0	208580
14100	539	1108	7206	204586	0	213439
14101	683	655	203253	6521	0	211112
14102	200538	382	6869	2523	0	210312
14103	6137	297	2447	203436	0	212317
14104	2224	332	1578	206226	0	210360
14105	1456	319	973	207864	0	210612
14106	838	202069	971	8830	0	212708
14107	208702	5765	788	3621	0	218876
14108	6286	1889	638	210329	0	219142
14109	207323	1126	901	7260	0	216610
14110	6992	205089	634	3364	0	216079
14111	208239	6118	675	2101	0	217133
14112	205045	2094	680	1553	0	209372
14113	205801	1270	667	1498	0	209236
14114	8888	193026	827	1456	0	204197
14115	3666	203028	692	1484	0	208870
14116	192659	7483	559	1130	0	201831
14117	6657	194020	714	1402	0	202793
14118	2746	6912	186253	1190	0	197101
14119	1932	184506	5550	1253	0	193241
14120	1305	192037	2005	1297	0	196644
14121	191288	7151	1321	920	0	200680
14122	6385	3151	186378	893	0	196807
14123	2721	1953	186239	898	0	191811
14124	1958	1213	7060	182418	0	192649
14125	188426	1001	3119	5980	0	198526
14126	6526	869	188153	2420	0	197968
14127	2598	910	6041	189862	0	199411
14128	1963	879	185029	6464	0	194335
14129	1520	1013	183153	2670	0	188356
14130	175955	828	7429	1869	0	186081
14131	6356	893	183198	1476	0	191923
14132	2722	791	6762	178283	0	188558
14133	2016	843	2805	181901	0	187565
14134	1502	177155	2072	7211	0	187940
14135	1420	185755	1468	3489	0	192132
14136	1300	7128	1253	183719	0	193400
14137	1308	3113	179790	6641	0	190852
14138	1207	1920	6012	181195	0	190334
14139	1140	1296	2710	188403	0	193549
14140	1201	1097	184646	8352	0	195296
14141	1009	889	6418	187649	0	195965
14142	188988	906	3033	7822	0	200749
14143	6308	963	184583	3709	0	195563
14144	184148	869	6585	2717	0	194319
14145	7207	840	3126	184462	0	195635
14146	3113	781	2205	192677	0	198776
14147	2235	187742	1703	8950	0	200630
14148	1705	6270	1672	194871	0	204518
14149	1526	2539	1462	201769	0	207296
14150	195196	1647	1598	9905	0	208346
14151	6936	1110	1542	198163	0	207751
14152	3076	1060	1439	203637	0	209212
14153	192724	1097	1522	10293	0	205636
14154	7307	943	1692	196979	0	206921
14155	3199	1032	1698	191628	0	197557
14156	2225	189756	1711	9847	0	203539
14157	193806	6409	1593	5194	0	207002
14158	7323	2612	1355	195980	0	207270
14159	3150	1892	1225	202696	0	208963
14160	2660	1336	190506	10422	0	204924
14161	1877	1230	6364	194260	0	203731
14162	1620	1082	2828	201981	0	207511
14163	190497	1000	1941	10655	0	204093
14164	193551	1092	1352	5754	0	201749
14165	8829	1063	1287	194472	0	205651
14166	4272	1180	183811	8765	0	198028
14167	2917	179001	6417	4376	0	192711
14168	2223	186962	2784	3543	0	195512
14169	2757	7879	2169	184899	0	197704
14170	184193	3207	1133	7927	0	196460
14171	6783	2138	1002	186294	0	196217
14172	188069	1525	708	8510	0	198812
14173	7576	1375	767	190987	0	200705
14174	3417	1264	871	193999	0	199551
14175	186790	1212	882	9490	0	198374
14176	185095	1400	889	4679	0	192063
14177	8611	184066	909	3260	0	196846
14178	3853	193914	877	2799	0	201443
14179	2501	7462	880	179895	0	190738
14180	1995	3314	843	185408	0	191560
14181	1878	1960	173912	8085	0	185835
14182	160206	1278	5426	4021	0	170931
14183	6035	169638	2235	2947	0	180855
14184	1935	162608	1283	1945	0	167771
14185	159019	5532	1627	1604	0	167782
14186	5825	2193	155756	1520	0	165294
14187	2142	1432	151899	1291	0	156764
14188	1798	1149	140579	1393	0	144919
14189	693	124357	3233	852	0	129135
14190	778	1538	1653	111934	0	115903
14191	313	495	337	111767	0	112912
14192	275	347	214	113111	0	113947
14193	108866	228	176	2124	0	111394
14194	106945	231	178	943	0	108297
14195	1709	105867	225	864	0	108665
14196	684	1421	146	111943	0	114194
14197	761	550	110594	1689	0	113594
14198	366	110860	1368	821	0	113415
14199	112319	1437	558	598	0	114912
14200	1698	560	110938	426	0	113622
14201	100574	445	1362	443	0	102824
14202	1526	273	110155	408	0	112362
14203	503	523	1237	107386	0	109649
14204	413	108462	508	1395	0	110778
14205	112212	1198	373	616	0	114399
14206	1247	110678	269	596	0	112790
14207	111512	1271	272	419	0	113474
14208	1367	432	124	109836	0	111759
14209	631	358	113391	1454	0	115834
14210	464	230	1076	115916	0	117686
14211	346	261	357	128126	0	129090
14212	353	328	125172	2421	0	128274
14213	117932	248	1897	1032	0	121109
14214	1992	126339	671	840	0	129842
14215	129435	2011	330	466	0	132242
14216	2214	129044	272	607	0	132137
14217	717	2335	184	136964	0	140200
14218	609	752	131940	2606	0	135907
14219	155492	420	2225	902	0	159039
14220	3666	162242	641	786	0	167335
14221	1207	3769	356	162455	0	167787
14222	850	1220	197	170905	0	173172
14223	177998	807	200	4636	0	183641
14224	186006	365	225	1835	0	188431
14225	5322	188343	307	1231	0	195203
14226	205700	4529	298	559	0	211086
14227	207157	1471	267	534	0	209429
14228	210617	958	234	575	0	212384
14229	8273	964	200517	564	0	210318
14230	3203	200622	5278	817	0	209920
14231	1624	212844	1828	782	0	217078
14232	1245	7302	1036	199124	0	208707
14233	1020	2914	478	211679	0	216091
14234	207684	1535	400	7215	0	216834
14235	6135	203644	395	2968	0	213142
14236	208984	5994	258	1467	0	216703
14237	7096	2267	296	204615	0	214274
14238	2758	1386	372	212091	0	216607
14239	205117	860	330	7815	0	214122
14240	203843	827	373	3215	0	208258
14241	8228	884	195092	1771	0	205975
14242	3509	901	5426	197745	0	207581
14243	2227	698	193227	6325	0	202477
14244	1525	914	192795	2461	0	197695
14245	1391	781	195509	1526	0	199207
14246	188436	734	7736	971	0	197877
14247	5861	589	2716	187789	0	196955
14248	2652	552	1348	188643	0	193195
14249	1681	546	799	195780	0	198806
14250	1298	540	186262	8081	0	196181
14251	1205	521	5306	188531	0	195563
14252	1253	495	2105	195745	0	199598
14253	188984	490	1301	7718	0	198493
14254	191609	547	890	3426	0	196472
14255	194725	476	706	1883	0	197790
14256	195022	514	662	1388	0	197586
14257	8875	554	678	187393	0	197500
14258	189777	587	698	6651	0	197713
14259	7426	735	704	189197	0	198062
14260	3532	803	176495	7220	0	188050
14261	181156	651	5239	3255	0	190301
14262	7162	179896	2117	2272	0	191447
14263	3766	5494	1276	181592	0	192128
14264	2821	2511	819	183349	0	189500
14265	2084	182122	907	7955	0	193068
14266	181136	5873	767	3766	0	191542
14267	6957	176428	797	3156	0	187338
14268	3732	6166	174683	2048	0	186629
14269	2806	2580	178365	1761	0	185512
14270	176260	1730	7098	1609	0	186697
14271	183834	1158	2999	1632	0	189623
14272	8613	1062	174585	1736	0	185996
14273	175285	939	6008	1859	0	184091
14274	8076	984	172932	1776	0	183768
14275	175328	907	6575	1773	0	184583
14276	8193	1061	172153	1956	0	183363
14277	4258	920	173874	1947	0	180999
14278	3019	1035	7807	160037	0	171898
14279	2668	856	3764	170921	0	178209
14280	168781	858	2453	8233	0	180325
14281	171673	917	1731	4252	0	178573
14282	173460	863	1539	2733	0	178595
14283	173358	983	1337	2310	0	177988
14284	9868	162941	1619	2303	0	176731
14285	5283	5490	1541	161187	0	173501
14286	3862	162817	1681	6785	0	175145
14287	3226	6063	1567	166530	0	177386
14288	3026	2555	1539	167051	0	174171
14289	3267	1727	1396	167269	0	173659
14290	3246	1347	153992	9612	0	168197
14291	152111	1050	5953	5081	0	164195
14292	7773	149179	2924	3861	0	163737
14293	4242	157931	2234	3190	0	167597
14294	3826	7243	154673	2840	0	168582
14295	3028	3377	6225	156962	0	169592
14296	2896	1951	3190	160802	0	168839
14297	155259	1315	2222	9154	0	167950
14298	7792	1210	1724	154775	0	165501
14299	4536	1103	1782	158153	0	165574
14300	3495	1032	1737	159522	0	165786
14301	2943	1188	1889	161203	0	167223
14302	152697	1020	1936	9945	0	165598
14303	156049	929	2218	5155	0	164351
14304	157373	779	2039	3748	0	163939
14305	9810	832	2088	153970	0	166700
14306	155021	716	1977	8003	0	165717
14307	8757	634	1842	156262	0	167495
14308	4699	877	1991	162528	0	170095
14309	4006	699	147424	9775	0	161904
14310	3258	725	144449	5226	0	153658
14311	3057	647	137236	3411	0	144351
14312	134067	687	8152	2850	0	145756
14313	7150	1188	3823	124536	0	136697
14314	4227	130624	2151	6551	0	143553
14315	135821	4576	1776	3793	0	145966
14316	7476	1985	127794	3186	0	140441
14317	124233	1383	5129	2502	0	133247
14318	7281	118883	2848	2258	0	131270
14319	93319	2920	1087	1382	0	98708
14320	4767	1505	882	91637	0	98791
14321	89038	691	707	3908	0	94344
14322	4511	84613	755	2484	0	92363
14323	2471	81864	669	1741	0	86745
14324	68912	2908	710	1090	0	73620
14325	2850	68998	598	1001	0	73447
14326	714	49385	341	496	0	50936
14327	739	49557	772	450	0	51518
14328	45770	1480	2013	280	0	49543
14329	42981	463	369	178	0	43991
14330	42981	270	104	167	0	43522
14331	1213	202	102	41777	0	43294
14332	553	174	100	42840	0	43667
14333	383	206	41357	1072	0	43018
14334	336	158	766	41627	0	42887
14335	343	172	41747	997	0	43259
14336	318	146	839	41650	0	42953
14337	280	150	308	43283	0	44021
14338	42527	156	211	1175	0	44069
14339	41966	134	170	537	0	42807
14340	1123	41325	167	413	0	43028
14341	504	819	169	42204	0	43696
14342	352	378	43336	974	0	45040
14343	373	255	810	43693	0	45131
14344	319	259	310	44396	0	45284
14345	310	261	193	45326	0	46090
14346	366	193	43450	1213	0	45222
14347	281	255	41167	602	0	42305
14348	41730	206	996	403	0	43335
14349	888	194	396	43492	0	44970
14350	534	128	42968	1007	0	44637
14351	41142	86	816	553	0	42597
14352	952	43429	391	504	0	45276
14353	44709	689	291	429	0	46118
14354	963	297	45395	402	0	47057
14355	44519	175	775	275	0	45744
14356	821	188	356	45326	0	46691
14357	500	136	46113	809	0	47558
14358	300	44830	729	519	0	46378
14359	46637	654	606	372	0	48269
14360	805	304	251	45885	0	47245
14361	513	174	239	46279	0	47205
14362	308	46500	201	963	0	47972
14363	257	670	175	47755	0	48857
14364	280	317	46611	910	0	48118
14365	203	45402	700	673	0	46978
14366	47375	595	357	486	0	48813
14367	698	309	242	46963	0	48212
14368	399	231	234	47024	0	47888
14369	314	177	46241	923	0	47655
14370	336	155	651	45959	0	47101
14371	356	207	48155	889	0	49607
14372	248	46925	780	599	0	48552
14373	48161	692	351	291	0	49495
14374	47903	400	211	257	0	48771
14375	47976	200	182	264	0	48622
14376	904	49595	270	323	0	51092
14377	567	620	168	50636	0	51991
14378	332	316	142	50884	0	51674
14379	238	221	230	50355	0	51044
14380	50939	222	167	973	0	52301
14381	50556	160	139	549	0	51404
14382	856	148	106	50860	0	51970
14383	470	178	56429	890	0	57967
14384	331	211	608	56135	0	57285
14385	248	135	295	57149	0	57827
14386	254	122	263	56997	0	57636
14387	225	186	168	56758	0	57337
14388	57157	124	156	1123	0	58560
14389	734	98	142	58152	0	59126
14390	380	136	153	58474	0	59143
14391	273	57836	211	1125	0	59445
14392	244	701	133	60905	0	61983
14393	238	61156	187	1142	0	62723
14394	196	970	104	62188	0	63458
14395	61379	356	111	1152	0	62998
14396	993	61739	106	656	0	63494
14397	62571	912	94	473	0	64050
14398	1117	462	62817	430	0	64826
14399	492	238	841	62945	0	64516
14400	448	187	65769	1326	0	67730
14401	247	265	931	66221	0	67664
14402	280	170	380	66272	0	67102
14403	290	64954	281	1480	0	67005
14404	247	66381	220	907	0	67755
14405	235	67191	226	560	0	68212
14406	66707	915	138	480	0	68240
14407	784	63408	131	533	0	64856
14408	227	62878	145	424	0	63674
14409	469	777	94	64523	0	65863
14410	64920	195	62	911	0	66088
14411	610	67420	129	525	0	68684
14412	71820	643	57	395	0	72915
14413	71230	283	61	290	0	71864
14414	802	247	72165	540	0	73754
14415	247	253	574	71116	0	72190
14416	143	266	159	75363	0	75931
14417	198	164	99	75629	0	76090
14418	145	292	86	74229	0	74752
14419	222	243	71878	957	0	73300
14420	247	339	63510	370	0	64466
14421	67214	176	603	229	0	68222
14422	634	70583	211	212	0	71640
14423	182	71526	200	176	0	72084
14424	73655	593	95	233	0	74576
14425	498	71224	195	210	0	72127
14426	151	628	78	75022	0	75879
14427	75556	218	67	759	0	76600
14428	650	309	75078	271	0	76308
14429	206	234	554	76604	0	77598
14430	164	266	78099	673	0	79202
14431	76287	176	587	271	0	77321
14432	707	250	86204	181	0	87342
14433	87910	234	617	164	0	88925
14434	93534	174	200	254	0	94162
14435	94278	119	118	175	0	94690
14436	94339	193	102	133	0	94767
14437	94674	133	103	177	0	95087
14438	1029	98	78	93795	0	95000
14439	100020	107	167	771	0	101065
14440	754	128	113	99737	0	100732
14441	319	80	105	99721	0	100225
14442	226	101	102	100590	0	101019
14443	221	142	100383	1069	0	101815
14444	202	129	704	97554	0	98589
14445	168	131	321	102170	0	102790
14446	300	201	99362	954	0	100817
14447	90196	241	759	431	0	91627
14448	778	238	207	101956	0	103179
14449	442	156	102788	816	0	104202
14450	348	230	99177	336	0	100091
14451	209	166	788	98737	0	99900
14452	398	97	102921	942	0	104358
14453	206	192	805	104681	0	105884
14454	198	108	300	105005	0	105611
14455	173	101771	334	989	0	103267
14456	292	102972	236	477	0	103977
14457	107265	734	211	353	0	108563
14458	834	244	149	107296	0	108523
14459	430	152	120	105885	0	106587
14460	335	134	120	109683	0	110272
14461	355	126	110134	1055	0	111670
14462	284	108	706	107965	0	109063
14463	110749	89	285	1017	0	112140
14464	936	159	112119	515	0	113729
14465	337	103	718	116451	0	117609
14466	212	113	259	117657	0	118241
14467	194	100	203	119548	0	120045
14468	172	121038	298	1239	0	122747
14469	125987	985	194	535	0	127701
14470	129034	321	176	482	0	130013
14471	1805	130906	317	424	0	133452
14472	520	1450	175	145715	0	147860
14473	423	484	144472	2121	0	147500
14474	400	457	140313	700	0	141870
14475	147183	133	2540	434	0	150290
14476	2360	89	814	152475	0	155738
14477	161680	103	464	2678	0	164925
14478	3213	163369	377	1173	0	168132
14479	1012	168214	318	840	0	170384
14480	167825	3821	243	465	0	172354
14481	3177	170371	334	573	0	174455
14482	1152	3473	196	174649	0	179470
14483	685	1158	237	167333	0	169413
14484	472	175593	297	3859	0	180221
14485	182608	3435	278	1409	0	187730
14486	3842	1321	181641	826	0	187630
14487	175911	784	3552	645	0	180892
14488	4397	605	183871	513	0	189386
14489	167968	497	4122	675	0	173262
14490	4592	566	184382	532	0	190072
14491	1555	178715	4201	650	0	185121
14492	1078	3818	1367	186068	0	192331
14493	185017	1216	900	3806	0	190939
14494	4148	703	181456	1244	0	187551
14495	1574	472	183414	787	0	186247
14496	954	293	4624	176954	0	182825
14497	730	429	184086	3907	0	189152
14498	547	396	4193	181071	0	186207
14499	629	325	1530	184531	0	187015
14500	679	361	181410	5039	0	187489
14501	545	278	3947	181198	0	185968
14502	186734	217	1616	4549	0	193116
14503	3702	181043	1193	2034	0	187972
14504	189863	3571	746	1182	0	195362
14505	4186	1225	665	186792	0	192868
14506	188071	699	573	4227	0	193570
14507	192400	483	591	1726	0	195200
14508	5135	418	588	186577	0	192718
14509	2025	186938	754	3819	0	193536
14510	194888	3547	655	1647	0	200737
14511	4448	1328	185076	1158	0	192010
14512	1925	834	184015	1087	0	187861
14513	183198	454	4676	827	0	189155
14514	4351	440	1871	185568	0	192230
14515	1991	467	185119	4170	0	191747
14516	1242	473	4033	186043	0	191791
14517	187863	509	1599	4561	0	194532
14518	192589	500	1119	1868	0	196076
14519	191046	380	911	1328	0	193665
14520	5426	191359	878	1171	0	198834
14521	2457	3674	611	197729	0	204471
14522	1453	1454	572	200495	0	203974
14523	197135	925	557	5101	0	203718
14524	4543	191874	676	2387	0	199480
14525	197029	3742	591	1267	0	202629
14526	4878	1385	600	194831	0	201694
14527	195054	948	574	4316	0	200892
14528	4971	1060	183516	1908	0	191455
14529	2252	183100	3883	1483	0	190718
14530	1736	4123	1476	181784	0	189119
14531	1370	189019	1166	3537	0	195092
14532	1315	4153	746	187256	0	193470
14533	185945	1514	713	4422	0	192594
14534	4482	1167	175231	1882	0	182762
14535	172864	754	3954	1439	0	179011
14536	4627	180037	1796	1333	0	187793
14537	2135	3893	1068	189134	0	196230
14538	1504	1523	894	193250	0	197171
14539	186434	1069	816	5226	0	193545
14540	4558	955	180103	2382	0	187998
14541	2087	699	3814	186274	0	192874
14542	1611	636	1539	187584	0	191370
14543	1380	689	1042	186767	0	189878
14544	1295	765	856	189463	0	192379
14545	184489	642	798	5928	0	191857
14546	181383	625	745	2824	0	185577
14547	5564	607	185824	1819	0	193814
14548	2488	712	185782	1554	0	190536
14549	186193	515	4725	1547	0	192980
14550	196413	550	1983	1454	0	200400
14551	5492	503	1185	192461	0	199641
14552	2628	500	920	193450	0	197498
14553	188646	460	969	5414	0	195489
14554	4834	182967	1121	2685	0	191607
14555	2349	3560	978	189909	0	196796
14556	1771	1263	878	194223	0	198135
14557	1604	816	185686	5811	0	193917
14558	1327	546	3947	188415	0	194235
14559	1436	579	187909	5431	0	195355
14560	1267	466	4335	189807	0	195875
14561	186686	480	1744	5294	0	194204
14562	4660	533	1093	188076	0	194362
14563	2288	537	182640	5382	0	190847
14564	1490	170089	4157	3047	0	178783
14565	1242	3629	1624	184357	0	190852
14566	1436	1298	181118	5063	0	188915
14567	1343	178961	4035	2695	0	187034
14568	1350	4001	1406	181941	0	188698
14569	1244	1423	177320	4534	0	184521
14570	142332	1006	3760	2506	0	149604
14571	3497	167939	1536	1721	0	174693
14572	1325	159871	882	1295	0	163373
14573	931	163704	684	1096	0	166415
14574	1434	5144	675	156501	0	163754
14575	941	1317	158676	3184	0	164118
14576	657	154762	2920	1711	0	160050
14577	1080	4145	1098	151370	0	157693
14578	159112	776	551	2506	0	162945
14579	3078	463	273	207335	0	211149
14580	1349	866	234490	6982	0	243687
14581	677	239983	6711	3055	0	250426
14582	237239	7562	2120	1646	0	248567
14583	7229	241928	1407	1402	0	251966
14584	2901	8961	225296	918	0	238076
14585	1414	233771	7264	1150	0	243599
14586	823	9341	3015	231148	0	244327
14587	1089	4018	223718	7347	0	236172
14588	964	225013	7687	2824	0	236488
14589	925	8717	2666	223614	0	235922
14590	628	3885	2130	226122	0	232765
14591	309	224268	1737	9174	0	235488
14592	308	8797	1255	231034	0	241394
14593	373	3878	221456	9693	0	235400
14594	400	2918	226879	4053	0	234250
14595	279	2148	9062	228466	0	239955
14596	225314	1678	3525	9598	0	240115
14597	226629	1518	2299	4402	0	234848
14598	8910	1512	1712	220745	0	232879
14599	3370	219054	1938	9080	0	233442
14600	2270	7617	2148	225795	0	237830
14601	219811	2881	1855	9846	0	234393
14602	8468	2125	1207	219804	0	231604
14603	4003	1539	982	225995	0	232519
14604	217684	1676	833	11406	0	231599
14605	8431	212233	902	5943	0	227509
14606	3406	8361	804	218231	0	230802
14607	216462	3294	845	10043	0	230644
14608	9035	2352	204193	5194	0	220774
14609	208554	1578	7120	4290	0	221542
14610	9684	1457	2533	213287	0	226961
14611	213102	1620	1618	9762	0	226102
14612	216060	1609	1138	4816	0	223623
14613	210015	1303	1219	3833	0	216370
14614	11886	204415	1582	3169	0	221052
14615	6073	7823	195881	2373	0	212150
14616	4249	206420	7396	2543	0	220608
14617	206866	8784	2587	2119	0	220356
14618	10174	203981	1767	1953	0	217875
14619	5266	9416	1140	205756	0	221578
14620	199143	4268	1087	8531	0	213029
14621	9151	198523	1350	3927	0	212951
14622	4421	9928	193170	2786	0	210305
14623	3421	4643	7447	200230	0	215741
14624	2936	3636	195710	9530	0	211812
14625	2358	198763	8400	5982	0	215503
14626	2232	9605	3174	197351	0	212362
14627	2245	4347	2392	204251	0	213235
14628	1761	3418	2139	206144	0	213462
14629	1557	2305	2226	201142	0	207230
14630	1642	194511	1991	12792	0	210936
14631	194712	9147	1801	6482	0	212142
14632	8884	4173	190869	5124	0	209050
14633	3661	2977	8168	196951	0	211757
14634	194511	2441	3182	11269	0	211403
14635	9753	2606	189983	5662	0	208004
14636	4368	186189	8647	4522	0	203726
14637	3361	9959	3877	187248	0	204445
14638	2976	4610	183305	9862	0	200753
14639	2326	186337	9213	5374	0	203250
14640	179015	9667	4131	4359	0	197172
14641	8810	186020	3217	3470	0	201517
14642	3790	11047	2515	182573	0	199925
14643	2711	5326	2121	194145	0	204303
14644	183071	4316	2197	12556	0	202140
14645	8863	184049	2610	6861	0	202383
14646	4043	10376	2510	189095	0	206024
14647	180977	5144	2315	11088	0	199524
14648	181275	4030	1907	6352	0	193564
14649	11422	176220	1374	5700	0	194716
14650	179571	9902	1118	4543	0	195134
14651	184324	5101	1110	4039	0	194574
14652	12644	4301	1192	177122	0	195259
14653	6766	3381	169475	11011	0	190633
14654	5794	2709	8046	174261	0	190810
14655	4449	2659	3265	181285	0	191658
14656	4034	2525	165274	13419	0	185252
14657	4065	165660	8261	7091	0	185077
14658	3529	9159	3520	170267	0	186475
14659	2537	4190	3014	177278	0	187019
14660	2516	2956	2715	178869	0	187056
14661	2572	2280	2575	174138	0	181565
14662	2710	166146	2223	14230	0	185309
14663	169026	9045	1740	7974	0	187785
14664	171928	4144	1270	6438	0	183780
14665	170677	3054	856	5801	0	180388
14666	12481	159368	933	5565	0	178347
14667	6126	9486	1035	162608	0	179255
14668	4588	4761	153831	11162	0	174342
14669	4362	4347	7312	155381	0	171402
14670	4693	159847	2686	10364	0	177590
14671	156599	9035	1720	5074	0	172428
14672	158383	4572	1389	4445	0	168789
14673	155409	3396	1562	4089	0	164456
14674	11638	149452	1993	3724	0	166807
14675	5532	144857	2390	3453	0	156232
14676	4149	149278	2080	3384	0	158891
14677	4586	11029	138131	3011	0	156757
14678	4099	6946	127359	3383	0	141787
14679	4621	17055	4527	60661	0	86864
14680	40668	349	1852	1156	0	44025
14681	40785	168	169	401	0	41523
14682	1027	199	133	42682	0	44041
14683	357	206	125	43197	0	43885
14684	237	161	111	44972	0	45481
14685	206	167	107	45478	0	45958
14686	44972	172	87	1204	0	46435
14687	46159	191	68	483	0	46901
14688	1184	46100	85	357	0	47726
14689	49181	974	80	305	0	50540
14690	49515	328	95	287	0	50225
14691	49749	232	102	264	0	50347
14692	1389	242	46260	242	0	48133
14693	47182	151	782	245	0	48360
14694	1160	47348	271	252	0	49031
14695	475	1001	147	50053	0	51676
14696	319	349	105	51095	0	51868
14697	265	49004	140	1378	0	50787
14698	245	1106	115	51883	0	53349
14699	51055	363	142	1382	0	52942
14700	1179	254	111	52255	0	53799
14701	495	203	50879	1414	0	52991
14702	49398	175	1005	577	0	51155
14703	1178	51751	326	441	0	53696
14704	467	1063	132	53231	0	54893
14705	348	355	81	53633	0	54417
14706	287	250	76	53482	0	54095
14707	367	201	51479	1618	0	53665
14708	314	49464	974	811	0	51563
14709	342	1133	252	52558	0	54285
14710	351	357	50335	1229	0	52272
14711	293	227	950	49953	0	51423
14712	297	212	49535	1256	0	51300
14713	242	343	1007	48531	0	50123
14714	215	47280	376	1196	0	49067
14715	181	946	184	48760	0	50071
14716	48243	299	118	1158	0	49818
14717	48417	201	125	492	0	49235
14718	1403	184	46370	336	0	48293
14719	364	174	43556	254	0	44348
14720	220	213	48127	249	0	48809
14721	153	106	973	47913	0	49145
14722	149	99	290	52681	0	53219
14723	139	187	149	53520	0	53995
14724	132	52630	162	1304	0	54228
14725	149	882	111	54151	0	55293
14726	167	340	118	55389	0	56014
14727	155	199	104	57323	0	57781
14728	55927	143	89	1537	0	57696
14729	55959	145	123	723	0	56950
14730	1308	134	55688	456	0	57586
14731	528	178	54481	367	0	55554
14732	55139	120	1213	338	0	56810
14733	58308	91	494	315	0	59208
14734	1508	101	60142	270	0	62021
14735	648	129	58267	249	0	59293
14736	59125	90	1469	240	0	60924
14737	61160	89	581	249	0	62079
14738	1605	131	61411	255	0	63402
14739	620	91	1233	61049	0	62993
14740	379	76	472	62499	0	63426
14741	260	63094	394	1562	0	65310
14742	276	1299	228	66261	0	68064
14743	309	387	67993	1697	0	70386
14744	261	226	1545	68449	0	70481
14745	225	122	516	70240	0	71103
14746	276	166	67166	2078	0	69686
14747	65687	127	1569	834	0	68217
14748	70003	96	571	514	0	71184
14749	1961	87	422	68246	0	70716
14750	751	89	300	70001	0	71141
14751	69292	96	304	2062	0	71754
14752	69423	92	288	832	0	70635
14753	68405	143	338	555	0	69441
14754	69541	89	261	492	0	70383
14755	2116	66304	276	524	0	69220
14756	67133	1470	205	481	0	69289
14757	1840	66474	265	530	0	69109
14758	702	1603	282	67474	0	70061
14759	546	441	222	67256	0	68465
14760	401	65128	292	2103	0	67924
14761	436	1485	257	67538	0	69716
14762	410	466	212	67234	0	68322
14763	388	64529	305	2193	0	67415
14764	408	1504	251	66719	0	68882
14765	441	459	218	67498	0	68616
14766	453	333	278	67669	0	68733
14767	489	243	63428	2468	0	66628
14768	476	61869	1562	1141	0	65048
14769	528	1917	528	61245	0	64218
14770	495	62756	457	1768	0	65476
14771	63736	1614	361	838	0	66549
14772	1864	577	62239	687	0	65367
14773	768	443	61387	634	0	63232
14774	59158	334	1666	570	0	61728
14775	1630	531	567	60889	0	63617
14776	700	249	59040	1720	0	61709
14777	592	260	57928	792	0	59572
14778	405	674	1586	56506	0	59171
14779	55830	266	646	1739	0	58481
14780	55620	252	394	856	0	57122
14781	1689	256	272	55040	0	57257
14782	698	252	52520	1805	0	55275
14783	510	53643	1327	1001	0	56481
14784	441	1521	463	55075	0	57500
14785	482	458	53510	1690	0	56140
14786	438	52279	1380	1014	0	55111
14787	495	1440	499	52903	0	55337
14788	52541	417	424	1557	0	54939
14789	1417	364	342	49918	0	52041
14790	561	50258	383	1732	0	52934
14791	51647	1259	353	738	0	53997
14792	1522	471	52056	680	0	54729
14793	651	51046	1363	655	0	53715
14794	585	1209	51783	599	0	54176
14795	49392	452	1474	549	0	51867
14796	1356	340	492	49139	0	51327
14797	601	238	502	51532	0	52873
14798	51048	204	431	1543	0	53226
14799	1330	223	380	51183	0	53116
14800	603	245	48936	1565	0	51349
14801	46600	230	1220	761	0	48811
14802	1335	48844	506	727	0	51412
14803	680	1101	394	49350	0	51525
14804	48822	392	302	1486	0	51002
14805	1306	47509	358	955	0	50128
14806	611	1237	314	49737	0	51899
14807	49482	504	279	1456	0	51721
14808	1288	441	274	48976	0	50979
14809	573	47644	344	1546	0	50107
14810	542	1263	48679	719	0	51203
14811	421	448	1084	50974	0	52927
14812	454	398	447	50825	0	52124
14813	51336	252	357	1700	0	53645
14814	1364	303	235	51927	0	53829
14815	51754	299	310	1610	0	53973
14816	52309	294	298	785	0	53686
14817	1598	290	255	50341	0	52484
14818	749	51112	291	1485	0	53637
14819	602	1312	219	50278	0	52411
14820	47157	491	184	1584	0	49416
14821	1377	47977	226	818	0	50398
14822	459	46982	169	490	0	48100
14823	47507	1216	159	435	0	49317
14824	47659	402	186	397	0	48644
14825	1339	47414	204	399	0	49356
14826	47928	1290	521	386	0	50125
14827	47309	309	183	337	0	48138
14828	1331	243	123	47483	0	49180
14829	475	214	48645	1382	0	50716
14830	351	362	1186	49284	0	51183
14831	337	177	50770	1425	0	52709
14832	249	195	1128	50751	0	52323
14833	295	157	50433	1392	0	52277
14834	47453	177	1111	438	0	49179
14835	1026	279	329	48650	0	50284
14836	50808	61	206	1123	0	52198
14837	1324	123	283	49167	0	50897
14838	416	50455	120	1359	0	52350
14839	53075	1096	187	419	0	54777
14840	1334	359	51130	271	0	53094
14841	48454	420	1007	155	0	50036
14842	1080	48857	312	168	0	50417
14843	46860	835	133	115	0	47943
14844	47122	265	70	120	0	47577
14845	1102	46845	100	131	0	48178
14846	503	915	71	49671	0	51160
14847	49468	290	81	1142	0	50981
14848	1133	49086	107	391	0	50717
14849	461	1063	71	50736	0	52331
14850	50807	369	52	1190	0	52418
14851	1247	175	69	51015	0	52506
14852	502	129	59	51815	0	52505
14853	310	136	51	52745	0	53242
14854	269	158	50077	1608	0	52112
14855	250	116	1093	50590	0	52049
14856	51111	142	332	1381	0	52966
14857	1336	156	50071	522	0	52085
14858	533	103	1099	50429	0	52164
14859	335	132	341	51893	0	52701
14860	245	154	49991	1656	0	52046
14861	48126	97	1141	674	0	50038
14862	51907	110	375	395	0	52787
14863	1622	133	51557	326	0	53638
14864	644	101	1153	50800	0	52698
14865	338	88	421	53575	0	54422
14866	262	122	55007	1707	0	57098
14867	278	88	1191	55846	0	57403
14868	271	99	441	57491	0	58302
14869	278	121	57282	1844	0	59525
14870	55515	85	1356	803	0	57759
14871	1505	82	493	59284	0	61364
14872	59440	83	298	1693	0	61514
14873	60054	78	195	792	0	61119
14874	1914	97	59016	562	0	61589
14875	709	70	1462	58863	0	61104
14876	59187	68	521	1801	0	61577
14877	1595	60105	371	881	0	62952
14878	656	1381	275	63275	0	65587
14879	437	396	227	65209	0	66269
14880	314	192	247	66551	0	67304
14881	372	115	63797	2393	0	66677
14882	58677	97	1719	1017	0	61510
14883	1790	85	574	62513	0	64962
14884	697	90	358	63593	0	64738
14885	524	103	61177	2362	0	64166
14886	385	91	1643	62248	0	64367
14887	373	150	581	64669	0	65773
14888	61831	86	391	2384	0	64692
14889	1774	60551	339	1178	0	63842
14890	731	1682	61626	723	0	64762
14891	62536	401	1673	627	0	65237
14892	1827	194	592	62408	0	65021
14893	760	135	61851	2066	0	64812
14894	510	157	62782	925	0	64374
14895	353	106	2019	63944	0	66422
14896	389	130	64397	2110	0	67026
14897	436	173	63232	946	0	64787
14898	355	58639	2193	834	0	62021
14899	331	1564	778	65769	0	68442
14900	477	454	65332	2048	0	68311
14901	307	255	1784	64824	0	67170
14902	67397	147	693	2183	0	70420
14903	1768	143	473	67297	0	69681
14904	671	135	398	70006	0	71210
14905	67449	131	424	2476	0	70480
14906	68585	138	404	1126	0	70253
14907	2124	140	372	70506	0	73142
14908	829	168	69973	2210	0	73180
14909	488	67400	1950	1162	0	71000
14910	399	1672	712	71162	0	73945
14911	70703	501	547	2294	0	74045
14912	71686	253	453	1060	0	73452
14913	2397	68024	447	845	0	71713
14914	845	70873	471	930	0	73119
14915	71870	2058	431	669	0	75028
14916	72980	633	373	678	0	74664
14917	2498	381	72579	647	0	76105
14918	960	258	1876	70412	0	73506
14919	587	73440	752	2128	0	76907
14920	77215	1758	491	938	0	80402
14921	2102	572	397	75497	0	78568
14922	858	72812	428	2279	0	76377
14923	699	1853	71895	1006	0	75453
14924	547	806	1847	68668	0	71868
14925	427	74679	713	1964	0	77783
14926	76196	1780	422	876	0	79274
14927	75824	621	429	659	0	77533
14928	2204	74142	350	678	0	77374
14929	72617	1704	274	543	0	75138
14930	71720	541	356	496	0	73113
14931	2089	69826	269	539	0	72723
14932	855	72254	310	509	0	73928
14933	697	2019	493	70326	0	73535
14934	70435	654	328	1808	0	73225
14935	1734	457	70831	729	0	73751
14936	65843	258	1341	466	0	67908
14937	1516	68846	479	592	0	71433
14938	69725	1331	403	384	0	71843
14939	70528	460	267	333	0	71588
14940	70714	334	208	363	0	71619
14941	1887	312	258	67739	0	70196
14942	781	67571	281	1424	0	70057
14943	69808	1387	202	617	0	72014
14944	1611	595	68986	441	0	71633
14945	667	67415	1368	501	0	69951
14946	452	1240	386	70250	0	72328
14947	406	473	67790	1245	0	69914
14948	389	359	68618	473	0	69839
14949	354	290	1389	67742	0	69775
14950	396	381	448	71848	0	73073
14951	384	216	304	72899	0	73803
14952	384	239	236	71380	0	72239
14953	388	67850	271	1631	0	70140
14954	381	71323	239	671	0	72614
14955	73237	1381	200	441	0	75259
14956	1376	536	197	73184	0	75293
14957	644	392	191	74144	0	75371
14958	467	305	199	75721	0	76692
14959	74658	278	232	1677	0	76845
14960	75356	251	199	738	0	76544
14961	1582	263	195	75049	0	77089
14962	77315	226	214	1437	0	79192
14963	77010	225	203	672	0	78110
14964	78387	265	178	497	0	79327
14965	1697	271	186	76627	0	78781
14966	713	266	71573	1344	0	73896
14967	509	318	69115	573	0	70515
14968	445	251	72126	424	0	73246
14969	419	197	73793	328	0	74737
14970	298	717	1214	72279	0	74508
14971	74267	161	526	1083	0	76037
14972	72981	160	247	452	0	73840
14973	1364	166	73323	435	0	75288
14974	649	310	73627	298	0	74884
14975	388	77403	1140	364	0	79295
14976	413	1021	429	81406	0	83269
14977	81607	294	400	969	0	83270
14978	1016	223	79930	384	0	81553
14979	77019	163	778	268	0	78228
14980	886	81906	424	248	0	83464
14981	428	775	232	87337	0	88772
14982	341	289	182	90894	0	91706
14983	297	181	185	91360	0	92023
14984	91871	145	163	1371	0	93550
14985	1132	150	179	91772	0	93233
14986	511	118	155	92823	0	93607
14987	92946	149	190	1351	0	94636
14988	1133	126	173	92099	0	93531
14989	575	165	92561	1249	0	94550
14990	90238	132	992	581	0	91943
14991	1169	165	387	94231	0	95952
14992	529	136	279	93025	0	93969
14993	365	91060	248	1324	0	92997
14994	95488	943	153	599	0	97183
14995	96752	362	134	474	0	97722
14996	1450	223	123	95112	0	96908
14997	710	161	95162	1245	0	97278
14998	88850	138	1029	595	0	90612
14999	1320	141	97903	448	0	99812
15000	543	113	1133	96960	0	98749
15001	366	108	439	102093	0	103006
15002	101870	93	238	1629	0	103830
15003	1371	87	195	109268	0	110921
15004	629	107	108327	1516	0	110579
15005	106143	102	1214	662	0	108121
15006	1508	246	113655	511	0	115920
15007	625	252	114167	360	0	115404
15008	121409	135	1666	288	0	123498
15009	1714	240	627	127527	0	130108
15010	622	131202	423	1401	0	133648
15011	135350	1291	290	532	0	137463
15012	134657	413	245	358	0	135673
15013	1983	229	133581	311	0	136104
15014	132916	133	1438	303	0	134790
15015	1722	266	508	139636	0	142132
15016	839	132	143943	1516	0	146430
15017	465	139462	1517	773	0	142217
15018	142292	1407	624	550	0	144873
15019	1502	143680	359	370	0	145911
15020	811	1284	434	146384	0	148913
15021	401	451	180	147640	0	148672
15022	321	677	197	148687	0	149882
15023	285	172	172	146327	0	146956
15024	237	144606	260	2028	0	147131
15025	416	1296	140943	804	0	143459
15026	231	142621	1284	580	0	144716
15027	147236	1345	419	379	0	149379
15028	1377	531	247	146522	0	148677
15029	147615	258	215	1462	0	149550
15030	1580	242	157	147922	0	149901
15031	158463	140	198	1551	0	160352
15032	1549	158541	277	718	0	161085
15033	168989	1337	191	413	0	170930
15034	169672	448	175	369	0	170664
15035	166985	294	148	345	0	167772
15036	169712	207	142	341	0	170402
15037	2011	165824	192	391	0	168418
15038	975	1298	168126	318	0	170717
15039	556	510	1210	170102	0	172378
15040	172780	355	414	1416	0	174965
15041	175183	213	279	565	0	176240
15042	1915	129	198	176084	0	178326
15043	853	231	181263	1711	0	184058
15044	543	191	1494	178676	0	180904
15045	415	180376	539	1770	0	183100
15046	186943	1515	296	713	0	189467
15047	1764	859	230	185612	0	188465
15048	735	180009	379	1855	0	182978
15049	508	192855	231	1020	0	194614
15050	369	195766	225	825	0	197185
15051	334	2259	164	199311	0	202068
15052	200580	820	133	1974	0	203507
15053	2080	199091	221	823	0	202215
15054	720	2025	155	205621	0	208521
15055	205131	669	150	2129	0	208079
15056	2151	465	128	204832	0	207576
15057	205313	355	147	2295	0	208110
15058	205814	260	143	885	0	207102
15059	2593	212042	220	721	0	215576
15060	1124	1990	162	211336	0	214612
15061	704	214598	214	1798	0	217314
15062	216986	2063	173	655	0	219877
15063	217105	695	173	591	0	218564
15064	220727	468	229	429	0	221853
15065	2780	377	250	219684	0	223091
15066	1216	480	216784	2258	0	220738
15067	213724	361	1858	828	0	216771
15068	222053	397	554	643	0	223647
15069	2787	362	338	216668	0	220155
15070	1194	220980	318	2177	0	224669
15071	962	2121	189	227832	0	231104
15072	720	832	228	231550	0	233330
15073	230115	564	286	2656	0	233621
15074	227509	497	224	1251	0	229481
15075	2906	517	219165	973	0	223561
15076	1209	425	1904	219414	0	222952
15077	222567	417	554	2421	0	225959
15078	2588	412	341	225388	0	228729
15079	1207	482	224989	2836	0	229514
15080	961	211852	2051	1275	0	216139
15081	777	221718	573	985	0	224053
15082	242104	2303	582	667	0	245656
15083	3499	846	342	253445	0	258132
15084	1217	593	189	285774	0	287773
15085	283129	495	278	6197	0	290099
15086	6014	609	277954	2297	0	286874
15087	1980	444	4958	281924	0	289306
15088	1698	667	278003	6059	0	286427
15089	1251	277273	5637	2277	0	286438
15090	297155	5268	1820	1528	0	305771
15091	306257	1600	1037	1301	0	310195
15092	310653	1093	835	931	0	313512
15093	8061	959	296592	912	0	306524
15094	306367	646	5305	948	0	313266
15095	316720	537	1617	709	0	319583
15096	8036	587	1032	315390	0	325045
15097	311044	457	1181	5811	0	318493
15098	7308	683	308799	1982	0	318772
15099	302735	473	5303	1467	0	309978
15100	7513	1453	298443	1169	0	308578
15101	3015	310562	5688	1124	0	320389
15102	2375	7297	2211	288423	0	300306
15103	1864	310439	1518	4756	0	318577
15104	1946	6421	298874	1701	0	308942
15105	1239	311128	5331	1489	0	319187
15106	298453	5907	1561	1015	0	306936
15107	5248	295867	1445	857	0	303417
15108	1883	291018	1413	853	0	295167
15109	1913	6185	282987	625	0	291710
15110	1160	2383	4855	283621	0	292019
15111	290306	1691	1629	5044	0	298670
15112	5484	1523	283309	1683	0	291999
15113	2114	284017	5305	1590	0	293026
15114	1680	5080	1778	288817	0	297355
15115	1539	1768	291191	5308	0	299806
15116	1412	1349	284414	2050	0	289225
15117	1169	1118	6260	292744	0	301291
15118	1357	1045	286919	5942	0	295263
15119	1141	1321	6317	263331	0	272110
15120	1186	282709	2690	5281	0	291866
15121	1277	5469	1841	282775	0	291362
15122	1299	283829	1586	5785	0	292499
15123	1574	5787	1245	291945	0	300551
15124	284069	2305	1111	6335	0	293820
15125	6025	1595	1186	284909	0	293715
15126	2405	281003	1192	6294	0	290894
15127	2037	5580	910	293555	0	302082
15128	2054	1965	283844	6610	0	294473
15129	1755	1736	5453	290390	0	299334
15130	291966	1215	2270	6677	0	302128
15131	6146	1094	271327	2925	0	281492
15132	2587	1292	5941	275575	0	285395
15133	270354	1020	2271	6612	0	280257
15134	6150	265651	2102	2923	0	276826
15135	2985	5689	1742	269366	0	279782
15136	273744	2259	1451	6339	0	283793
15137	6712	1708	1569	272237	0	282226
15138	3126	1904	258850	6796	0	270676
15139	260780	1707	5720	3091	0	271298
15140	6576	266225	2645	2496	0	277942
15141	2725	268249	2088	2568	0	275630
15142	278081	6443	1907	1797	0	288228
15143	272547	2896	1568	1661	0	278672
15144	7176	3086	1540	264387	0	276189
15145	271313	2080	1673	5739	0	280805
15146	7263	2063	258330	2807	0	270463
15147	264096	1661	5819	2422	0	273998
15148	6643	258577	2715	2683	0	270618
15149	265500	5245	2323	2164	0	275232
15150	7238	2427	258255	2233	0	270153
15151	3850	2658	5814	265621	0	277943
15152	3056	1853	3143	268545	0	276597
15153	2799	2179	2715	243081	0	250774
15154	2491	259953	2523	6809	0	271776
15155	267573	5651	1945	3611	0	278780
15156	7136	2581	2199	238276	0	250192
15157	3991	242244	2254	6066	0	254555
15158	280303	5595	2021	3331	0	291250
15159	269349	2687	2200	2866	0	277102
15160	274482	2334	1833	2854	0	281503
15161	273992	2230	1820	2705	0	280747
15162	267407	1860	2031	2775	0	274073
15163	8779	1944	2061	265389	0	278173
15164	5170	2167	2023	265807	0	275167
15165	262107	2044	1968	7623	0	273742
15166	6989	2329	1991	262095	0	273404
15167	3821	2681	1912	263778	0	272192
15168	3316	2510	237432	8278	0	251536
15169	253786	2768	5959	4348	0	266861
15170	257200	2487	3091	4393	0	267171
15171	258440	3096	2327	3234	0	267097
15172	8012	2787	2463	231525	0	244787
15173	4115	241179	2302	6819	0	254415
15174	267172	5825	2388	3888	0	279273
15175	262186	3026	2452	3947	0	271611
15176	8700	2600	2264	274804	0	288368
15177	275301	2353	2429	8125	0	288208
15178	9900	5604	229104	5102	0	249710
15179	4652	273369	6359	4367	0	288747
15180	4870	284042	3364	4781	0	297057
15181	5289	8655	272874	4032	0	290850
15182	2645	253151	6582	3654	0	266032
15183	2459	246599	3397	3859	0	256314
15184	217502	3992	2600	2420	0	226514
15185	3372	213276	1463	2695	0	220806
15186	2367	3784	1107	220071	0	227329
15187	226069	2052	924	4786	0	233831
15188	4221	1678	216205	3056	0	225160
15189	213071	1664	2730	2862	0	220327
15190	4290	1798	211769	2463	0	220320
15191	2607	1131	203971	2385	0	210094
15192	200796	1061	3596	2230	0	207683
15193	3715	806	205804	2490	0	212815
15194	2561	192360	3104	1494	0	199519
15195	2692	2939	3383	195750	0	204764
15196	193451	1238	958	3026	0	198673
15197	3471	184856	804	1922	0	191053
15198	1814	2782	844	191743	0	197183
15199	1869	1337	188300	3318	0	194824
15200	2165	938	2160	189118	0	194381
15201	185807	851	1326	3378	0	191362
15202	3639	770	182144	1870	0	188423
15203	2691	755	2501	181340	0	187287
15204	184505	1173	1224	2912	0	189814
15205	188727	806	883	1687	0	192103
15206	4756	686	664	184232	0	190338
15207	2753	679	530	187330	0	191292
15208	2006	693	187256	3840	0	193795
15209	2099	661	183972	1764	0	188496
15210	185470	406	3293	1384	0	190553
15211	193573	557	1247	1025	0	196402
15212	3815	185897	968	991	0	191671
15213	189977	2008	1022	422	0	193429
15214	194131	890	680	761	0	196462
15215	3718	765	201736	969	0	207188
15216	1806	200550	2724	1006	0	206086
15217	210774	2498	1278	372	0	214922
15218	210026	1007	548	272	0	211853
15219	214650	535	383	266	0	215834
15220	3882	476	280	208517	0	213155
15221	1843	346	204	211065	0	213458
15222	1154	205024	327	3441	0	209946
15223	794	2598	202	215358	0	218952
15224	212403	973	252	3326	0	216954
15225	3075	600	352	213301	0	217328
15226	1431	493	210556	3401	0	215881
15227	1045	502	204643	1490	0	207680
15228	776	299	3470	206788	0	211333
15229	666	329	211318	3292	0	215605
15230	696	480	207751	1493	0	210420
15231	602	298	4007	197293	0	202200
15232	764	382	1633	213565	0	216344
15233	618	323	212404	3878	0	217223
15234	843	346	210911	1738	0	213838
15235	540	206871	4066	1253	0	212730
15236	217467	2824	1796	704	0	222791
15237	3028	216540	1225	892	0	221685
15238	222247	3236	807	474	0	226764
15239	225787	1298	582	458	0	228125
15240	4008	221349	615	603	0	226575
15241	229055	3558	481	375	0	233469
15242	4301	1380	385	223850	0	229916
15243	1838	905	224610	3644	0	230997
15244	1199	605	3522	222227	0	227553
15245	938	462	1207	231623	0	234230
15246	220819	345	800	4882	0	226846
15247	221324	365	621	2005	0	224315
15248	223113	291	544	1293	0	225241
15249	222980	297	514	934	0	224725
15250	212977	302	472	782	0	214533
15251	5406	199181	642	1009	0	206238
15252	2293	3314	459	211450	0	217516
15253	1611	1207	208214	4090	0	215122
15254	1197	692	3664	210020	0	215573
15255	1062	541	1406	215094	0	218103
15256	928	370	936	225303	0	227537
15257	233923	324	760	5751	0	240758
15258	5491	364	610	232811	0	239276
15259	238138	332	590	6446	0	245506
15260	6607	541	237758	2468	0	247374
15261	2696	342	5651	285410	0	294099
15262	1834	543	289786	8602	0	300765
15263	291054	338	8337	3316	0	303045
15264	8701	359	2838	295212	0	307110
15265	3459	680	295492	9092	0	308723
15266	1984	376	8550	301413	0	312323
15267	302366	319	3536	10125	0	316346
15268	9222	503	301255	4144	0	315124
15269	304493	331	8755	2701	0	316280
15270	318421	277	3413	2281	0	324392
15271	314536	418	2295	1895	0	319144
15272	310024	288	1724	1912	0	313948
15273	12433	295787	1734	2089	0	312043
15274	5169	289504	1570	1559	0	297802
15275	3608	294550	1315	1641	0	301114
15276	2703	11948	1655	260276	0	276582
15277	2135	267857	1235	6818	0	278045
15278	262798	7600	878	2447	0	273723
15279	7594	255415	1109	1825	0	265943
15280	3117	261972	1074	1790	0	267953
15281	2410	8976	1068	259885	0	272339
15282	2173	3724	1069	267976	0	274942
15283	259537	2206	1086	9316	0	272145
15284	8016	1707	1024	262397	0	273144
15285	3579	1645	250178	9038	0	264440
15286	2841	1755	241179	3929	0	249704
15287	2755	1278	250283	2774	0	257090
15288	2491	1107	9191	240824	0	253613
15289	2615	1008	3546	262829	0	269998
15290	2707	1072	251541	10118	0	265438
15291	2704	1351	248677	4059	0	256791
15292	2358	1507	256402	2624	0	262891
15293	253927	1486	10297	2216	0	267926
15294	8463	1581	4046	258440	0	272530
15295	3452	1596	2558	266268	0	273874
15296	261154	1586	2244	10637	0	275621
15297	8722	1630	1969	258042	0	270363
15298	3642	253325	1971	9635	0	268573
15299	2561	266810	1589	4931	0	275891
15300	2113	9300	1310	268760	0	281483
15301	266500	3566	1404	9958	0	281428
15302	269056	2071	1406	4878	0	277411
15303	273430	1697	1683	3611	0	280421
15304	10942	1586	1757	267430	0	281715
15305	4882	1370	257962	9774	0	273988
15306	3209	950	8579	263149	0	275887
15307	3161	956	256747	10270	0	271134
15308	248201	818	9216	5250	0	263485
15309	9003	891	4459	253584	0	267937
15310	249650	762	3554	10025	0	263991
15311	9689	717	245548	5048	0	261002
15312	238822	630	9122	3980	0	252554
15313	10642	803	248566	3508	0	263519
15314	5572	235132	8949	3338	0	252991
15315	3938	238552	3832	3183	0	249505
15316	232643	8754	2941	2895	0	247233
15317	9485	3906	1972	230113	0	245476
15318	4769	2565	226747	9021	0	243102
15319	3408	223108	7637	4405	0	238558
15320	3252	234463	2994	3031	0	243740
15321	3099	9747	1959	232770	0	247575
15322	233822	3934	1787	8873	0	248416
15323	236168	2789	1712	4316	0	244985
15324	10349	230877	1941	3736	0	246903
15325	236021	8291	1885	3138	0	249335
15326	10110	3475	1934	233984	0	249503
15327	5235	2359	227536	9454	0	244584
15328	3815	229641	8184	4766	0	246406
15329	3513	8004	4182	233573	0	249272
15330	2965	3397	2682	240580	0	249624
15331	235875	2057	2552	10778	0	251262
15332	9653	1844	228023	4963	0	244483
15333	228830	1849	8474	3453	0	242606
15334	234729	1917	3712	2818	0	243176
15335	10954	1864	2787	227521	0	243126
15336	5282	1834	2305	237208	0	246629
15337	228458	1812	2155	10605	0	243030
15338	9618	2100	2040	229375	0	243133
15339	4826	2305	217679	10058	0	234868
15340	3305	2153	215532	4821	0	225811
15341	2857	210073	8726	3929	0	225585
15342	2916	228395	3537	3412	0	238260
15343	2837	9591	2439	210534	0	225401
15344	2608	218140	1791	7942	0	230481
15345	219060	8517	1677	4543	0	233797
15346	8008	223890	1776	3471	0	237145
15347	3830	8498	1517	224575	0	238420
15348	2539	4131	1545	232247	0	240462
15349	2542	2842	219169	10690	0	235243
15350	2317	2079	7374	223331	0	235101
15351	2488	1455	3518	228649	0	236110
15352	2458	226162	2546	10867	0	242033
15353	2474	7246	2089	227337	0	239146
15354	2171	2767	1788	236992	0	243718
15355	2948	1848	221190	11612	0	237598
15356	2088	216404	7801	6352	0	232645
15357	1866	17233	2620	186830	0	208549
15358	1639	198816	1904	7068	0	209427
15359	1628	6071	186677	3761	0	198137
15360	1224	184683	5595	2839	0	194341
15361	136469	5822	2880	1712	0	146883
15362	131087	1025	662	731	0	133505
15363	131003	664	342	572	0	132581
15364	3055	129218	317	527	0	133117
15365	129320	2496	253	378	0	132447
15366	2832	972	210	127846	0	131860
15367	126607	561	261	2547	0	129976
15368	2672	121739	230	1094	0	125735
15369	123527	2501	218	711	0	126957
15370	127571	890	251	602	0	129314
15371	3136	126741	320	706	0	130903
15372	1328	2869	127001	519	0	131717
15373	736	1168	2559	140989	0	145452
15374	681	780	152118	3654	0	157233
15375	489	573	4192	157837	0	163091
15376	433	491	1225	170235	0	172384
15377	485	529	167663	6244	0	174921
15378	374	435	4820	170867	0	176496
15379	172208	412	1405	5859	0	179884
15380	5112	523	169848	2003	0	177486
15381	1430	170186	4893	1418	0	177927
15382	974	5022	1397	170422	0	177815
15383	829	1486	774	179487	0	182576
15384	659	956	171189	6499	0	179303
15385	589	788	4709	165931	0	172017
15386	528	171606	1499	5465	0	179098
15387	167097	5118	909	2030	0	175154
15388	4427	170145	717	1459	0	176748
15389	162455	5209	510	810	0	168984
15390	4626	160912	610	919	0	167067
15391	1312	166269	578	1016	0	169175
15392	1032	5856	156866	774	0	164528
15393	674	2191	4718	159546	0	167129
15394	620	1100	1343	161363	0	164426
15395	552	726	847	165098	0	167223
15396	496	165688	772	6638	0	173594
15397	506	5440	572	172363	0	178881
15398	168323	1633	662	6608	0	177226
15399	5451	1293	690	170185	0	177619
15400	167845	821	690	6929	0	176285
15401	6260	873	164717	2658	0	174508
15402	165532	846	5391	1907	0	173676
15403	6173	922	1782	166758	0	175635
15404	2005	854	1139	177600	0	181598
15405	175444	807	1197	7787	0	185235
15406	6269	992	171382	3260	0	181903
15407	1906	171745	5663	2605	0	181919
15408	1339	6018	1728	179411	0	188496
15409	177215	2088	1111	6687	0	187101
15410	181357	1528	871	2692	0	186448
15411	7385	1288	633	178289	0	187595
15412	2670	1245	174433	6908	0	185256
15413	169765	1060	5809	2642	0	179276
15414	6517	1165	170078	2096	0	179856
15415	2387	1250	6098	170627	0	180362
15416	1650	1014	169276	7064	0	179004
15417	1282	1382	5905	169704	0	178273
15418	1297	1015	161445	7438	0	171195
15419	1146	162842	5760	3741	0	173489
15420	1488	5695	2048	150589	0	159820
15421	1390	163754	1571	5778	0	172493
15422	167830	5893	1078	2600	0	177401
15423	171480	1941	1112	2183	0	176716
15424	7388	1326	163453	1843	0	174010
15425	3140	967	5627	164170	0	173904
15426	166691	791	2080	6599	0	176161
15427	6312	857	1647	165709	0	174525
15428	2753	794	1284	168735	0	173566
15429	2114	897	159573	7724	0	170308
15430	154609	958	5679	3652	0	164898
15431	6543	910	160035	2712	0	170200
15432	2908	928	6066	159599	0	169501
15433	2489	796	158833	6744	0	168862
15434	159176	719	6466	3237	0	169598
15435	162745	633	2844	2543	0	168765
15436	161519	691	2206	2166	0	166582
15437	7551	718	1859	157021	0	167149
15438	3126	774	152491	6919	0	163310
15439	2242	846	156297	3232	0	162617
15440	1697	992	6877	143688	0	153254
15441	1598	151800	3164	5950	0	162512
15442	148865	5337	2165	2907	0	159274
15443	6203	2043	1545	149954	0	159745
15444	3179	1468	147088	6689	0	158424
15445	2566	1099	5676	150455	0	159796
15446	2295	926	150437	7012	0	160670
15447	2058	886	6260	153764	0	162968
15448	2055	786	153730	7442	0	164013
15449	2134	772	153033	3618	0	159557
15450	1784	146708	7284	3393	0	159169
15451	1734	4871	152244	2713	0	161562
15452	1999	1762	153081	2384	0	159226
15453	2078	1384	7071	128409	0	138942
15454	1942	1031	3164	135041	0	141178
15455	1873	142864	2430	6304	0	153471
15456	145871	4692	2073	3028	0	155664
15457	6035	142989	2091	2375	0	153490
15458	3002	5112	1848	144497	0	154459
15459	144994	1745	2084	6008	0	154831
15460	6040	1088	1879	145087	0	154094
15461	145025	949	2140	6606	0	154720
15462	6235	759	2000	147535	0	156529
15463	2753	969	144757	6937	0	155416
15464	1996	979	5765	148583	0	157323
15465	1885	836	2707	153572	0	159000
15466	148734	865	2393	7522	0	159514
15467	149502	735	2272	3809	0	156318
15468	145845	743	2218	2945	0	151751
15469	6794	139031	2397	2603	0	150825
15470	2735	138025	2082	2402	0	145244
15471	135777	4973	2319	2080	0	145149
15472	5338	1911	136866	1971	0	146086
15473	2161	1282	128739	1821	0	134003
15474	1848	5470	4625	109532	0	121475
15475	1333	697	110403	3490	0	115923
15476	1053	565	102593	1827	0	106038
15477	97706	552	3368	1517	0	103143
15478	97787	497	1592	1229	0	101105
15479	3210	97611	1133	1191	0	103145
15480	1760	101797	916	1271	0	105744
15481	1407	2761	962	87809	0	92939
15482	1129	100133	981	2284	0	104527
15483	103610	2330	1017	1402	0	108359
15484	2771	951	967	96208	0	100897
15485	1386	100136	966	2670	0	105158
15486	105989	2038	881	1252	0	110160
15487	2813	908	104121	1240	0	109082
15488	1523	798	101277	1052	0	104650
15489	104088	497	2821	922	0	108328
15490	2795	669	100614	1038	0	105116
15491	99718	412	2419	847	0	103396
15492	2555	552	1277	102306	0	106690
15493	1382	685	101417	2325	0	105809
15494	1057	98103	2536	1341	0	103037
15495	782	102592	1373	1000	0	105747
15496	93832	1817	921	584	0	97154
15497	1566	94318	776	686	0	97346
15498	90809	1292	609	460	0	93170
15499	90507	446	668	449	0	92070
15500	1598	89899	621	468	0	92586
15501	575	1335	458	90669	0	93037
15502	520	453	91810	1355	0	94138
15503	329	95329	1589	547	0	97794
15504	342	3530	555	98362	0	102789
15505	245	550	491	104724	0	106010
15506	100441	228	181	2164	0	103014
15507	1767	167	133	100816	0	102883
15508	511	181	98303	2187	0	101182
15509	299	97412	1777	820	0	100308
15510	228	1725	487	102523	0	104963
15511	102515	475	432	2098	0	105520
15512	105068	352	288	706	0	106414
15513	2369	264	254	105162	0	108049
15514	109052	224	296	2250	0	111822
15515	2758	312	107610	740	0	111420
15516	928	195	2290	109359	0	112772
15517	685	228	110425	2811	0	114149
15518	486	226	2554	120455	0	123721
15519	364	201	828	120544	0	121937
15520	381	245	511	121903	0	123040
15521	418	175	324	120246	0	121163
15522	310	196	266	121899	0	122671
15523	117761	161	238	4735	0	122895
15524	119553	153	213	1814	0	121733
15525	3894	116300	280	1305	0	121779
15526	120015	3136	268	900	0	124319
15527	3763	900	218	120278	0	125159
15528	1252	526	186	122980	0	124944
15529	1026	330	199	122483	0	124038
15530	933	323	118184	4742	0	124182
15531	722	260	3151	114497	0	118630
15532	622	116600	952	3961	0	122135
15533	119303	3233	678	1481	0	124695
15534	119233	874	481	1210	0	121798
15535	4271	649	114523	993	0	120436
15536	1411	115484	3289	1213	0	121397
15537	877	3249	861	119091	0	124078
15538	719	1017	117871	4066	0	123673
15539	700	609	3269	110445	0	115023
15540	644	114095	1096	4252	0	120087
15541	112546	3448	678	1487	0	118159
15542	3609	113213	534	1445	0	118801
15543	1360	3752	112806	1011	0	118929
15544	1159	1273	112972	892	0	116296
15545	700	109241	3804	1048	0	114793
15546	557	110235	1371	1005	0	113168
15547	107867	3799	887	908	0	113461
15548	109684	1285	527	907	0	112403
15549	3996	805	505	107517	0	112823
15550	1510	686	105731	3745	0	111672
15551	1028	636	3157	106117	0	110938
15552	863	531	995	109203	0	111592
15553	106082	488	759	4412	0	111741
15554	105257	562	579	1862	0	108260
15555	4127	528	604	110297	0	115556
15556	1589	463	107749	4201	0	114002
15557	982	107945	3313	1785	0	114025
15558	109958	3474	1107	1322	0	115861
15559	3734	112670	837	1059	0	118300
15560	1417	3967	632	115846	0	121862
15561	1031	1371	552	122036	0	124990
15562	880	952	656	121499	0	123987
15563	704	829	589	119727	0	121849
15564	114929	780	522	5620	0	121851
15565	4174	697	534	115252	0	120657
15566	1558	111958	441	5132	0	119089
15567	1177	3730	429	115603	0	120939
15568	110676	1203	534	5243	0	117656
15569	3925	110908	586	2560	0	117979
15570	1440	3880	465	114324	0	120109
15571	1325	1356	108836	5034	0	116551
15572	108309	968	3639	2169	0	115085
15573	4527	700	1138	110309	0	116674
15574	1799	707	107419	4885	0	114810
15575	1439	806	106837	2024	0	111106
15576	1195	1002	4494	107140	0	113831
15577	106769	592	1761	4881	0	114003
15578	108441	667	1078	2160	0	112346
15579	4732	107801	699	2132	0	115364
15580	109363	3731	656	1811	0	115561
15581	111532	1170	607	1790	0	115099
15582	111025	824	605	1737	0	114191
15583	109849	637	535	1649	0	112670
15584	5464	693	525	105593	0	112275
15585	2268	678	423	108367	0	111736
15586	1850	731	98475	5490	0	106546
15587	1398	95494	3432	2631	0	102955
15588	1124	100588	1131	2067	0	104910
15589	1210	4163	96809	1648	0	103830
15590	96834	1426	3746	1461	0	103467
15591	4042	921	1263	99157	0	105383
15592	99762	696	1045	4434	0	105937
15593	100907	666	775	1939	0	104287
15594	5034	769	94971	1549	0	102323
15595	2157	662	3530	95646	0	101995
15596	97249	578	1221	4234	0	103282
15597	4397	629	835	96671	0	102532
15598	2038	705	93320	4523	0	100586
15599	1593	2739	3391	89592	0	97315
15600	1333	94822	1332	3965	0	101452
15601	1254	98105	883	1776	0	102018
15602	1474	3981	89854	1299	0	96608
15603	872	87410	2914	993	0	92189
15604	80592	2981	1152	1343	0	86068
15605	78157	746	717	622	0	80242
15606	2980	504	428	75299	0	79211
15607	1122	381	388	75785	0	77676
15608	814	349	373	77229	0	78765
15609	74227	355	304	3174	0	78060
15610	2677	73024	305	1284	0	77290
15611	72956	2242	273	748	0	76219
15612	72230	634	247	540	0	73651
15613	2993	70751	300	629	0	74673
15614	66676	1773	196	397	0	69042
15615	2188	64603	225	479	0	67495
15616	65931	1835	207	529	0	68502
15617	2172	532	62950	565	0	66219
15618	51976	436	1394	277	0	54083
15619	1161	52681	349	333	0	54524
15620	664	930	484	54044	0	56122
15621	390	257	101	56832	0	57580
15622	307	232	86	57968	0	58593
15623	58076	132	77	1741	0	60026
15624	1329	177	112	59114	0	60732
15625	548	153	56595	1649	0	58945
15626	56434	171	1141	601	0	58347
15627	1443	231	57009	469	0	59152
15628	601	228	1252	57026	0	59107
15629	422	215	58298	1429	0	60364
15630	279	250	1283	56915	0	58727
15631	236	58195	468	1427	0	60326
15632	233	1238	348	58225	0	60044
15633	268	57610	253	1439	0	59570
15634	329	1311	199	59544	0	61383
15635	58959	426	195	1470	0	61050
15636	1374	320	169	60494	0	62357
15637	61369	168	183	1552	0	63272
15638	1605	194	57129	598	0	59526
15639	58285	181	1096	483	0	60045
15640	60405	161	336	354	0	61256
15641	60038	193	270	278	0	60779
15642	1896	144	187	59873	0	62100
15643	59714	166	185	1324	0	61389
15644	1675	228	55507	505	0	57915
15645	56750	167	1179	478	0	58574
15646	1642	200	55911	381	0	58134
15647	56316	155	1277	316	0	58064
15648	1616	180	463	57637	0	59896
15649	751	200	59717	1363	0	62031
15650	585	174	1208	59107	0	61074
15651	460	132	440	61371	0	62403
15652	455	122	59236	1729	0	61542
15653	54556	95	1182	854	0	56687
15654	1350	59399	498	665	0	61912
15655	58440	938	284	379	0	60041
15656	1256	56188	260	336	0	58040
15657	57141	1016	231	256	0	58644
15658	1258	359	55047	293	0	56957
15659	48167	525	1059	275	0	50026
15660	907	49368	301	282	0	50858
15661	640	488	194	48378	0	49700
15662	210	160	93	49989	0	50452
15663	175	106	78	50403	0	50762
15664	194	90	49988	751	0	51023
15665	152	64	524	48952	0	49692
15666	181	45	53333	695	0	54254
15667	56466	33	639	281	0	57419
15668	60979	37	296	199	0	61511
15669	1111	42	159	63003	0	64315
15670	397	58	64080	1038	0	65573
15671	62420	32	980	350	0	63782
15672	1269	71	79014	219	0	80573
15673	373	40	1332	79123	0	80868
15674	291	46	365	82782	0	83484
15675	219	52	230	85419	0	85920
15676	197	45	164	86903	0	87309
15677	83429	57	135	2159	0	85780
15678	1577	83077	244	826	0	85724
15679	571	1575	79349	403	0	81898
15680	330	80394	1488	342	0	82554
15681	82699	1647	381	264	0	84991
15682	1713	397	237	82426	0	84773
15683	83276	222	185	1777	0	85460
15684	1825	145	190	83177	0	85337
15685	540	108	186	84001	0	84835
15686	345	132	163	85294	0	85934
15687	298	190	81243	2325	0	84056
15688	249	79714	1590	1041	0	82594
15689	390	1546	83035	595	0	85566
15690	302	379	1726	83824	0	86231
15691	86210	243	510	1955	0	88918
15692	86039	183	350	794	0	87366
15693	86444	171	282	611	0	87508
15694	2132	84850	260	603	0	87845
15695	90037	1598	242	501	0	92378
15696	1994	438	209	89425	0	92066
15697	692	300	213	90444	0	91649
15698	518	214	190	91123	0	92045
15699	414	88904	265	2479	0	92062
15700	458	1686	245	85181	0	87570
15701	416	85794	281	1954	0	88445
15702	88226	1758	285	830	0	91099
15703	88813	499	217	729	0	90258
15704	2201	331	187	89274	0	91993
15705	928	261	86771	2171	0	90131
15706	86794	238	1593	920	0	89545
15707	1980	310	469	91396	0	94155
15708	768	284	89756	2156	0	92964
15709	85193	258	1682	936	0	88069
15710	1965	282	501	91851	0	94599
15711	91083	235	362	2112	0	93792
15712	2054	88582	265	932	0	91833
15713	797	1676	221	89182	0	91876
15714	653	90444	264	2055	0	93416
15715	651	1931	205	93534	0	96321
15716	554	92298	255	2176	0	95283
15717	478	1700	218	96161	0	98557
15718	485	616	93335	2136	0	96572
15719	76189	440	1722	1140	0	79491
15720	1754	92510	522	1017	0	95803
15721	816	1483	90984	707	0	93990
15722	88913	518	1391	572	0	91394
15723	1730	403	383	93615	0	96131
15724	768	328	92882	1772	0	95750
15725	577	91915	1430	1000	0	94922
15726	447	1408	423	97234	0	99512
15727	573	491	97302	1737	0	100103
15728	344	388	1354	96979	0	99065
15729	380	316	405	100284	0	101385
15730	496	326	101989	2060	0	104871
15731	422	363	1387	102064	0	104236
15732	481	371	104958	1897	0	107707
15733	401	348	1488	104775	0	107012
15734	470	402	109781	2009	0	112662
15735	455	327	1499	110905	0	113186
15736	485	311	540	112892	0	114228
15737	489	344	481	112119	0	113433
15738	459	108394	508	2096	0	111457
15739	112481	1468	458	1036	0	115443
15740	112419	488	475	858	0	114240
15741	1861	348	421	113664	0	116294
15742	114533	322	498	2064	0	117417
15743	1784	349	111828	1073	0	115034
15744	568	112588	1537	1108	0	115801
15745	117415	1413	558	940	0	120326
15746	1587	116658	539	883	0	119667
15747	677	1548	407	120825	0	123457
15748	429	740	471	122239	0	123879
15749	117601	572	431	2141	0	120745
15750	1673	413	363	118451	0	120900
15751	864	329	116342	2070	0	119605
15752	638	113658	1461	1168	0	116925
15753	118173	1444	515	895	0	121027
15754	1683	506	390	116444	0	119023
15755	666	117549	387	2124	0	120726
15756	551	1616	411	118430	0	121008
15757	509	119563	424	1841	0	122337
15758	123304	1803	384	963	0	126454
15759	122090	610	436	889	0	124025
15760	2119	487	119490	882	0	122978
15761	970	493	118752	775	0	120990
15762	687	371	1647	118925	0	121630
15763	588	120075	700	1821	0	123184
15764	533	1554	443	126593	0	129123
15765	125938	542	368	2071	0	128919
15766	1715	468	119847	956	0	122986
15767	564	358	1073	112366	0	114361
15768	471	309	114477	1370	0	116627
15769	489	338	109462	707	0	110996
15770	400	112690	1214	716	0	115020
15771	1541	2076	479	112567	0	116663
15772	103822	260	374	727	0	105183
15773	717	158	102367	302	0	103544
15774	211	97616	441	235	0	98503
15775	100226	238	116	74	0	100654
15776	247	130	73	100282	0	100732
15777	104644	86	36	298	0	105064
15778	104991	53	65	189	0	105298
15779	105925	57	57	149	0	106188
15780	468	83	113216	95	0	113862
15781	106086	69	342	101	0	106598
15782	114388	44	139	67	0	114638
15783	404	116133	174	238	0	116949
15784	216	323	51	122292	0	122882
15785	129	136	63	121182	0	121510
15786	94	76	40	122841	0	123051
15787	122559	61	70	469	0	123159
15788	116970	67	69	302	0	117408
15789	567	100	120330	135	0	121132
15790	243	160	338	118889	0	119630
15791	146	115575	259	437	0	116417
15792	122014	340	104	209	0	122667
15793	492	226	120172	114	0	121004
15794	225	104	369	116819	0	117517
15795	117	79	167	119014	0	119377
15796	127	115788	206	684	0	116805
15797	143	352	78	120793	0	121366
15798	129	202	110	117887	0	118328
15799	108	168	65	120088	0	120429
15800	120069	55	79	675	0	120878
15801	473	73	68	118781	0	119395
15802	232	88	74	119451	0	119845
15803	122260	55	49	713	0	123077
15804	516	79	66	122585	0	123246
15805	335	136777	131	638	0	137881
15806	146589	1266	63	309	0	148227
15807	150392	622	69	259	0	151342
15808	154714	235	93	242	0	155284
15809	170350	128	80	236	0	170794
15810	3609	177845	172	433	0	182059
15811	205839	3224	85	203	0	209351
15812	209908	1083	101	276	0	211368
15813	6037	627	65	206237	0	212966
15814	2103	442	202190	4997	0	209732
15815	1246	231	4494	205254	0	211225
15816	833	182	1055	209759	0	211829
15817	649	147	630	208453	0	209879
15818	517	145	438	208956	0	210056
15819	378	150	281	212094	0	212903
15820	202223	129	229	7432	0	210013
15821	5131	146	113	205103	0	210493
15822	1579	219	203518	6604	0	211920
15823	1010	287	4637	202974	0	208908
15824	758	200891	1308	6249	0	209206
15825	617	4860	714	207848	0	214039
15826	603	1248	203350	6289	0	211490
15827	180328	783	5231	2478	0	188820
15828	196266	478	1448	1672	0	199864
15829	6552	446	207084	1198	0	215280
15830	2158	202033	5087	1125	0	210403
15831	213734	4887	1383	883	0	220887
15832	215295	1271	903	776	0	218245
15833	216479	883	578	640	0	218580
15834	212369	551	394	716	0	214030
15835	7904	463	455	204674	0	213496
15836	3355	536	204901	5854	0	214646
15837	2365	469	5136	206103	0	214073
15838	1653	386	1463	216055	0	219557
15839	1483	596	207839	7640	0	217558
15840	1428	614	206138	3057	0	211237
15841	202859	384	6589	2271	0	212103
15842	6409	206412	2523	2008	0	217352
15843	2561	5491	1536	213981	0	223569
15844	2062	1547	207238	7143	0	217990
15845	197740	948	6063	3174	0	207925
15846	6749	727	205303	2648	0	215427
15847	197121	458	6310	2473	0	206362
15848	6824	203586	2331	2556	0	215297
15849	2653	5632	1528	209161	0	218974
15850	2186	1721	203210	7263	0	214380
15851	194645	1125	6036	3184	0	204990
15852	6898	200548	2500	2436	0	212382
15853	2708	214171	2121	2164	0	221164
15854	2156	7279	1638	212171	0	223244
15855	1841	2953	1305	224703	0	230802
15856	231209	1960	1077	8333	0	242579
15857	8318	226738	1304	3792	0	240152
15858	3795	7128	1214	235423	0	247560
15859	233102	2245	1293	8612	0	245252
15860	242176	1465	1218	3493	0	248352
15861	249401	1382	1191	2904	0	254878
15862	11658	1158	240664	2806	0	256286
15863	5071	1147	247055	2318	0	255591
15864	258707	682	9536	2368	0	271293
15865	10834	259738	3671	2469	0	276712
15866	4114	270518	2453	2784	0	279869
15867	3160	11238	2003	254535	0	270936
15868	2238	262721	1991	10474	0	277424
15869	264607	10470	1994	4001	0	281072
15870	10640	3622	1931	263837	0	280030
15871	4367	2886	256226	10725	0	274204
15872	260116	2199	9478	3883	0	275676
15873	270191	1789	3237	3191	0	278408
15874	13060	1872	2529	262413	0	279874
15875	5969	1561	2262	269386	0	279178
15876	4382	1581	2131	271327	0	279421
15877	3809	1633	1888	271013	0	278343
15878	3772	1978	244814	14120	0	264684
15879	3275	246998	8983	6631	0	265887
15880	3162	10121	3215	229007	0	245505
15881	2821	247632	2545	10656	0	263654
15882	3101	11205	1932	228401	0	244639
15883	2736	241849	1638	11186	0	257409
15884	239940	11174	1818	5276	0	258208
15885	244832	4160	1699	4314	0	255005
15886	12844	240152	2050	3938	0	258984
15887	244762	10656	2031	3201	0	260650
15888	13093	4132	1758	242577	0	261560
15889	239827	3610	1730	11486	0	256653
15890	12733	236958	1665	5197	0	256553
15891	242068	10696	1856	3785	0	258405
15892	249369	4639	1976	2801	0	258785
15893	14443	3430	2037	238292	0	258202
15894	6650	3329	230261	11301	0	251541
15895	4928	231417	9824	4756	0	250925
15896	4334	11024	3261	238693	0	257312
15897	238918	4843	2518	11661	0	257940
15898	12322	3974	230649	5277	0	252222
15899	5438	3170	9309	233407	0	251324
15900	4898	2696	3239	242375	0	253208
15901	238503	2211	2603	13836	0	257153
15902	243047	2221	2266	6717	0	254251
15903	239324	2379	2088	5097	0	248888
15904	14423	228108	1893	4636	0	249060
15905	215981	9410	1551	3999	0	230941
15906	11792	3114	198830	4292	0	218028
15907	5047	2781	197255	4000	0	209083
15908	4415	2461	197304	3290	0	207470
15909	3982	9525	10246	167188	0	190941
15910	2991	2027	162528	7445	0	174991
15911	140618	1428	5235	2403	0	149684
15912	5893	1260	1798	143392	0	152343
15913	2881	1410	141898	5621	0	151810
15914	145518	1331	4851	2548	0	154248
15915	6326	1062	1954	145357	0	154699
15916	3234	1174	1573	149710	0	155691
15917	148171	1087	1259	6538	0	157055
15918	6248	1196	1156	150942	0	159542
15919	3274	1295	147109	6265	0	157943
15920	2771	1029	4968	151344	0	160112
15921	2727	1119	148041	6288	0	158175
15922	2214	984	5333	148623	0	157154
15923	144355	855	2100	6608	0	153918
15924	5978	139241	1660	3427	0	150306
15925	2874	146868	1373	2781	0	153896
15926	2683	5635	1220	142851	0	152389
15927	2206	2181	1309	144023	0	149719
15928	1980	138113	1454	6681	0	148228
15929	2161	135769	1406	3285	0	142621
15930	1940	5459	1392	133192	0	141983
15931	1826	2114	1454	135966	0	141360
15932	128428	1428	1312	6899	0	138067
15933	5377	125443	1259	3829	0	135908
15934	2441	127407	1366	2683	0	133897
15935	2085	131875	1221	2381	0	137562
15936	125940	5709	1273	2360	0	135282
15937	5482	2289	122369	2178	0	132318
15938	122718	1687	4922	1973	0	131300
15939	5497	1172	1863	121931	0	130463
15940	2453	115314	1566	5742	0	125075
15941	2201	125012	1089	3010	0	131312
15942	121166	5436	1062	2244	0	129908
15943	5278	2385	1261	114694	0	123618
15944	2312	123464	1259	5375	0	132410
15945	126117	4752	1366	2741	0	134976
15946	128669	1934	1104	2492	0	134199
15947	6410	1695	122897	2094	0	133096
15948	124467	1533	4322	2000	0	132322
15949	128371	1614	1524	1960	0	133469
15950	6174	1502	1223	120899	0	129798
15951	2838	118701	1088	5472	0	128099
15952	2151	123555	918	2770	0	129394
15953	1656	5907	709	118460	0	126732
15954	116145	2149	1028	5247	0	124569
15955	5285	1647	105734	2304	0	114970
15956	2099	1078	95322	1546	0	100045
15957	2352	1110	91420	1345	0	96227
15958	2294	1100	90367	1181	0	94942
15959	1272	88226	3840	1357	0	94695
15960	968	88699	1672	1085	0	92424
15961	2148	3660	79321	836	0	85965
15962	1145	1392	76673	1087	0	80297
15963	736	65801	2416	646	0	69599
15964	294	914	942	53479	0	55629
15965	293	327	57390	828	0	58838
15966	129	194	850	56071	0	57244
15967	141	111	305	59896	0	60453
15968	139	121	189	61170	0	61619
15969	144	126	135	65409	0	65814
15970	156	114	63379	1634	0	65283
15971	152	87	1281	61872	0	63392
15972	63248	115	397	1519	0	65279
15973	1389	139	61281	492	0	63301
15974	62601	111	1314	313	0	64339
15975	1464	100	373	64547	0	66484
15976	443	135	63946	1441	0	65965
15977	64057	121	1394	442	0	66014
15978	1432	123	410	65590	0	67555
15979	66376	117	284	1510	0	68287
15980	1503	136	226	64569	0	66434
15981	445	63251	257	1535	0	65488
15982	386	1320	66543	499	0	68748
15983	203	450	1407	67986	0	70046
15984	69366	275	390	1585	0	71616
15985	69654	235	288	546	0	70723
15986	69695	172	229	404	0	70500
15987	69550	199	214	316	0	70279
15988	68213	187	198	355	0	68953
15989	1734	66196	238	536	0	68704
15990	68657	1391	188	324	0	70560
15991	1620	477	66735	276	0	69108
15992	67403	310	1369	288	0	69370
15993	1705	341	614	57925	0	60585
15994	612	231	67109	975	0	68927
15995	464	233	67121	423	0	68241
15996	348	193	1655	66888	0	69084
15997	68304	157	556	1576	0	70593
15998	1536	66047	447	601	0	68631
15999	67851	1439	266	386	0	69942
16000	1680	67520	269	416	0	69885
16001	688	1560	244	70511	0	73003
16002	523	524	234	72629	0	73910
16003	72075	339	268	1822	0	74504
16004	1700	248	264	72339	0	74551
16005	768	205	71758	1777	0	74508
16006	72459	187	1483	619	0	74748
16007	1748	200	522	73878	0	76348
16008	707	181	346	73723	0	74957
16009	564	242	71550	1902	0	74258
16010	66902	244	1577	673	0	69396
16011	71797	229	538	515	0	73079
16012	1996	69705	437	521	0	72659
16013	745	1383	68571	324	0	71023
16014	582	492	66913	360	0	68347
16015	493	699	1652	65991	0	68835
16016	458	449	606	65237	0	66750
16017	409	65164	408	1669	0	67650
16018	404	1287	63389	550	0	65630
16019	365	381	1368	62156	0	64270
16020	356	238	63659	1545	0	65798
16021	305	178	1394	61273	0	63150
16022	297	62360	535	1470	0	64662
16023	309	1221	390	66190	0	68110
16024	329	324	351	66696	0	67700
16025	314	244	298	66598	0	67454
16026	65657	179	289	1847	0	67972
16027	1501	226	63674	714	0	66115
16028	538	66390	1365	607	0	68900
16029	399	1517	454	72554	0	74924
16030	74130	442	331	1839	0	76742
16031	1809	253	302	75862	0	78226
16032	76689	192	303	2116	0	79300
16033	2164	204	75483	792	0	78643
16034	75685	161	1809	596	0	78251
16035	2251	138	559	80543	0	83491
16036	851	191	78919	2224	0	82185
16037	570	78385	1909	994	0	81858
16038	524	1787	610	79895	0	82816
16039	506	512	395	82279	0	83692
16040	79837	322	368	2421	0	82948
16041	2054	77563	345	1098	0	81060
16042	755	76646	368	649	0	78418
16043	534	79068	364	475	0	80441
16044	74087	2256	476	417	0	77236
16045	1867	74608	299	437	0	77211
16046	958	1939	264	74202	0	77363
16047	552	547	250	75988	0	77337
16048	74464	358	221	2282	0	77325
16049	1843	72339	269	932	0	75383
16050	605	1727	232	75386	0	77950
16051	76970	493	200	2026	0	79689
16052	76669	315	217	791	0	77992
16053	76498	242	189	583	0	77512
16054	2214	74039	257	502	0	77012
16055	73993	1615	159	360	0	76127
16056	1892	498	179	71934	0	74503
16057	641	70060	194	1761	0	72656
16058	448	72754	185	641	0	74028
16059	662	1822	390	72613	0	75487
16060	71618	524	147	1731	0	74020
16061	73166	331	178	629	0	74304
16062	1897	247	171	70624	0	72939
16063	637	69210	211	1662	0	71720
16064	71815	1481	148	569	0	74013
16065	1756	530	67450	438	0	70174
16066	586	373	65593	355	0	66907
16067	65142	213	1425	331	0	67111
16068	1473	248	65343	334	0	67398
16069	377	141	957	59818	0	61293
16070	61522	117	292	1003	0	62934
16071	1041	100	124	62792	0	64057
16072	404	148	62417	1145	0	64114
16073	240	62075	944	551	0	63810
16074	261	979	253	65292	0	66785
16075	241	327	63963	1049	0	65580
16076	61055	266	913	364	0	62598
16077	1012	169	279	64709	0	66169
16078	415	149	64261	1041	0	65866
16079	223	123	987	63341	0	64674
16080	182	62986	328	1092	0	64588
16081	215	924	164	66980	0	68283
16082	183	319	125	66033	0	66660
16083	169	188	121	64966	0	65444
16084	156	62779	136	1398	0	64469
16085	66056	917	123	519	0	67615
16086	1038	343	117	66325	0	67823
16087	384	196	108	67058	0	67746
16088	241	139	126	68140	0	68646
16089	246	173	65871	1452	0	67742
16090	215	134	936	67032	0	68317
16091	67195	154	320	1296	0	68965
16092	1043	66076	199	625	0	67943
16093	424	1049	107	69079	0	70659
16094	263	414	132	69864	0	70673
16095	68733	266	101	1521	0	70621
16096	1141	67546	134	720	0	69541
16097	70067	1154	104	422	0	71747
16098	71204	392	97	357	0	72050
16099	1575	250	97	69819	0	71741
16100	70483	168	111	1389	0	72151
16101	1418	66106	130	599	0	68253
16102	67967	1228	86	395	0	69676
16103	1447	448	83	68630	0	70608
16104	74715	271	93	1462	0	76541
16105	76990	203	85	620	0	77898
16106	1955	295	73016	415	0	75681
16107	76292	199	1214	311	0	78016
16108	79090	171	304	341	0	79906
16109	85057	185	158	329	0	85729
16110	2716	365	83911	309	0	87301
16111	894	84878	2091	329	0	88192
16112	639	2177	543	87836	0	91195
16113	87586	648	349	2339	0	90922
16114	2441	84947	234	837	0	88459
16115	86769	2281	180	551	0	89781
16116	2746	678	99	88150	0	91673
16117	1001	567	86313	2605	0	90486
16118	89640	246	2182	761	0	92829
16119	2748	247	618	93384	0	96997
16120	1125	213	91497	2599	0	95434
16121	93115	166	2427	884	0	96592
16122	3111	205	95016	595	0	98927
16123	1227	212	2755	98364	0	102558
16124	844	208	897	106095	0	108044
16125	104225	179	567	3837	0	108808
16126	104250	178	338	1489	0	106255
16127	3910	102184	360	1046	0	107500
16128	103890	2691	314	603	0	107498
16129	3692	871	96477	521	0	101561
16130	1458	648	96283	367	0	98756
16131	95750	406	3048	311	0	99515
16132	3077	96221	1346	501	0	101145
16133	95377	2385	702	313	0	98777
16134	3037	94084	510	357	0	97988
16135	94931	2694	423	286	0	98334
16136	3230	890	338	92801	0	97259
16137	1397	652	91643	2605	0	96297
16138	1077	353	2472	92655	0	96557
16139	790	305	854	97042	0	98991
16140	95289	229	640	3405	0	99563
16141	3018	315	91861	1433	0	96627
16142	91937	237	2606	930	0	95710
16143	3216	90964	1002	674	0	95856
16144	94208	2502	701	512	0	97923
16145	3382	938	508	92577	0	97405
16146	1521	706	90558	2724	0	95509
16147	1187	446	2565	92150	0	96348
16148	93156	421	940	3089	0	97606
16149	3132	367	702	93532	0	97733
16150	1425	349	537	93170	0	95481
16151	1087	87822	525	3542	0	92976
16152	883	2414	498	91927	0	95722
16153	933	856	88839	3473	0	94101
16154	826	621	2676	90118	0	94241
16155	869	506	943	93249	0	95567
16156	90432	447	719	3847	0	95445
16157	3143	382	569	90286	0	94380
16158	1511	445	86131	3619	0	91706
16159	1229	87012	2734	1707	0	92682
16160	1037	2569	1037	89030	0	93673
16161	967	975	790	91369	0	94101
16162	90613	698	584	3773	0	95668
16163	3175	86771	631	1901	0	92478
16164	1475	2728	565	90918	0	95686
16165	88203	1012	563	3380	0	93158
16166	90937	791	506	1722	0	93956
16167	3813	579	470	90881	0	95743
16168	1884	528	89194	3635	0	95241
16169	91070	457	2808	1807	0	96142
16170	3585	541	1129	95628	0	100883
16171	95667	405	829	3899	0	100800
16172	95856	372	675	1886	0	98789
16173	4105	90360	648	1706	0	96819
16174	91574	2794	574	1331	0	96273
16175	3845	90744	619	1312	0	96520
16176	1903	3098	572	91463	0	97036
16177	1506	1240	554	90998	0	94298
16178	1226	89095	548	4092	0	94961
16179	92077	2921	475	2070	0	97543
16180	91936	1249	601	1620	0	95406
16181	4181	965	86149	1400	0	92695
16182	2049	798	86460	1306	0	90613
16183	1557	682	3260	88238	0	93737
16184	89234	479	1360	3740	0	94813
16185	3605	484	986	89091	0	94166
16186	1792	510	712	92188	0	95202
16187	1509	555	88546	4422	0	95032
16188	1435	521	89042	2288	0	93286
16189	1335	518	89552	1821	0	93226
16190	85715	526	3809	1422	0	91472
16191	89042	537	1566	1336	0	92481
16192	3950	84626	1146	1316	0	91038
16193	2039	88159	840	1295	0	92333
16194	1646	3414	689	88844	0	94593
16195	1438	1555	86293	3429	0	92715
16196	85938	980	2825	1713	0	91456
16197	3426	873	88753	1437	0	94489
16198	1667	626	2976	89027	0	94296
16199	1310	497	1236	92540	0	95583
16200	1115	476	968	93254	0	95813
16201	1141	432	767	94674	0	97014
16202	91937	476	767	4464	0	97644
16203	3369	448	653	92187	0	96657
16204	1439	317	85868	3914	0	91538
16205	80291	265	2753	1984	0	85293
16206	3157	335	83674	1473	0	88639
16207	1484	414	81294	1067	0	84259
16208	1102	79302	3090	1054	0	84548
16209	1572	1811	1611	72427	0	77421
16210	71821	606	841	1863	0	75131
16211	1719	369	468	71471	0	74027
16212	877	347	70098	1985	0	73307
16213	625	207	1527	71864	0	74223
16214	71075	214	728	1994	0	74011
16215	1710	69952	457	1251	0	73370
16216	69500	1392	418	751	0	72061
16217	1774	67371	358	703	0	70206
16218	67162	1394	350	583	0	69489
16219	1630	65473	320	537	0	67960
16220	783	65827	251	487	0	67348
16221	844	1541	62179	352	0	64916
16222	522	61547	1219	321	0	63609
16223	55238	680	507	205	0	56630
16224	920	311	121	53429	0	54781
16225	54579	158	96	657	0	55490
16226	707	54759	99	368	0	55933
16227	55125	717	108	191	0	56141
16228	886	289	54148	160	0	55483
16229	320	153	676	54330	0	55479
16230	232	54937	289	715	0	56173
16231	206	747	156	56936	0	58045
16232	151	293	128	57719	0	58291
16233	65862	183	127	1021	0	67193
16234	1276	65392	99	534	0	67301
16235	68286	1265	150	261	0	69962
16236	1644	544	68075	233	0	70496
16237	723	383	66030	205	0	67341
16238	390	65783	1861	286	0	68320
16239	285	1460	808	67941	0	70494
16240	339	557	68444	1465	0	70805
16241	214	344	1586	65779	0	67923
16242	179	239	635	71467	0	72520
16243	206	216	69872	2155	0	72449
16244	231	203	68997	886	0	70317
16245	232	204	71587	494	0	72517
16246	263	167	71343	374	0	72147
16247	165	71361	2293	428	0	74247
16248	266	1547	998	73591	0	76402
16249	171	734	568	75722	0	77195
16250	282	367	73207	2223	0	76079
16251	177	266	1725	73085	0	75253
16252	225	243	76034	2079	0	78581
16253	165	245	1851	76028	0	78289
16254	161	187	813	76335	0	77496
16255	151	75693	600	2279	0	78723
16256	221	1604	390	78428	0	80643
16257	230	669	366	78585	0	79850
16258	199	459	280	79488	0	80426
16259	282	381	74115	2589	0	77367
16260	182	74406	1603	1305	0	77496
16261	76770	1640	704	683	0	79797
16262	76897	686	447	553	0	78583
16263	2054	425	359	75204	0	78042
16264	927	361	279	74783	0	76350
16265	496	75693	297	2195	0	78681
16266	76283	1684	231	1007	0	79205
16267	1716	76324	296	781	0	79117
16268	74946	1724	279	488	0	77437
16269	1815	750	72197	448	0	75210
16270	69278	448	1667	388	0	71781
16271	1734	71043	678	556	0	74011
16272	717	1542	401	72969	0	75629
16273	450	661	282	73085	0	74478
16274	319	72134	299	2075	0	74827
16275	73847	1569	273	936	0	76625
16276	1684	682	255	74888	0	77509
16277	673	453	284	77441	0	78851
16278	77590	347	285	2247	0	80469
16279	78697	315	259	1043	0	80314
16280	2304	301	76562	682	0	79849
16281	78414	248	1733	519	0	80914
16282	2065	271	708	79806	0	82850
16283	936	237	78706	2037	0	81916
16284	554	216	1972	78926	0	81668
16285	430	286	78809	2203	0	81728
16286	412	277	79418	991	0	81098
16287	273	309	2306	78859	0	81747
16288	330	267	79586	2168	0	82351
16289	244	79996	2068	1295	0	83603
16290	254	1665	931	82364	0	85214
16291	226	675	660	85717	0	87278
16292	347	492	82460	2587	0	85886
16293	270	81970	1894	1341	0	85475
16294	84049	1790	852	826	0	87517
16295	1857	733	545	86215	0	89350
16296	85956	494	452	2297	0	89199
16297	2115	82637	485	1163	0	86400
16298	1030	2011	83762	879	0	87682
16299	579	857	2093	84347	0	87876
16300	85110	605	999	2310	0	89024
16301	2094	457	84429	1183	0	88163
16302	81339	344	2203	863	0	84749
16303	2235	82167	1082	831	0	86315
16304	827	82894	655	674	0	85050
16305	83722	2151	648	525	0	87046
16306	1943	958	579	82752	0	86232
16307	867	551	533	83486	0	85437
16308	521	83859	426	2479	0	87285
16309	438	1774	408	86734	0	89354
16310	348	768	415	87641	0	89172
16311	85812	493	308	2790	0	89403
16312	1800	345	398	86051	0	88594
16313	839	378	84545	2463	0	88225
16314	511	284	1872	85326	0	87993
16315	354	332	876	89603	0	91165
16316	434	306	87183	2773	0	90696
16317	292	347	1811	88189	0	90639
16318	87486	271	771	2656	0	91184
16319	84772	264	556	1414	0	87006
16320	85833	257	443	1061	0	87594
16321	2432	289	342	86053	0	89116
16322	1190	349	84430	2267	0	88236
16323	784	84749	1662	1356	0	88551
16324	610	1754	728	88204	0	91296
16325	669	757	86973	2304	0	90703
16326	461	396	1608	86088	0	88553
16327	369	331	756	89199	0	90655
16328	86100	309	488	2563	0	89460
16329	1746	87733	475	1453	0	91407
16330	928	1689	86955	854	0	90426
16331	83029	651	1630	680	0	85990
16332	1802	85227	804	687	0	88520
16333	493	78292	296	427	0	79508
16334	80746	1133	1006	340	0	83225
16335	1165	417	187	82035	0	83804
16336	545	339	89136	1147	0	91167
16337	286	271	1129	88533	0	90219
16338	223	88900	452	1506	0	91081
16339	92708	1200	251	564	0	94723
16340	1231	462	176	92985	0	94854
16341	96280	234	165	1415	0	98094
16342	1373	192	132	95994	0	97691
16343	632	97388	188	1420	0	99628
16344	101882	1322	138	588	0	103930
16345	100772	435	138	409	0	101754
16346	1867	99549	170	405	0	101991
16347	100324	1469	116	288	0	102197
16348	1683	432	122	98161	0	100398
16349	545	97037	130	1538	0	99250
16350	100130	1486	145	499	0	102260
16351	1584	98843	141	428	0	100996
16352	100663	1539	77	309	0	102588
16353	1655	545	120	99730	0	102050
16354	101502	325	110	1552	0	103489
16355	101579	277	92	611	0	102559
16356	102247	252	114	392	0	103005
16357	1963	238	74	101232	0	103507
16358	785	237	70	103888	0	104980
16359	102630	173	75	1912	0	104790
16360	1795	275	102472	743	0	105285
16361	701	199	1346	103497	0	105743
16362	542	103716	403	1774	0	106435
16363	510	1600	170	107634	0	109914
16364	400	544	149	108380	0	109473
16365	456	391	105844	2256	0	108947
16366	395	310	1416	114276	0	116397
16367	347	119678	630	2499	0	123154
16368	404	2411	215	128158	0	131188
16369	527	1010	140133	2919	0	144589
16370	468	521	3023	141620	0	145632
16371	439	338	1094	149142	0	151013
16372	144328	213	497	4893	0	149931
16373	145413	245	350	2037	0	148045
16374	4725	319	213	143067	0	148324
16375	1856	139542	333	3911	0	145642
16376	989	141776	304	1748	0	144817
16377	1185	4112	138730	984	0	145011
16378	533	2073	3099	141266	0	146971
16379	142610	794	1280	3729	0	148413
16380	3477	532	520	144386	0	148915
16381	1453	429	143058	4200	0	149140
16382	707	315	3456	143932	0	148410
16383	646	261	1247	147176	0	149330
16384	476	238	571	150520	0	151805
16385	570	399	141299	5231	0	147499
16386	435	141268	3147	2446	0	147296
16387	144949	3238	1278	1283	0	150748
16388	143204	1339	659	1015	0	146217
16389	4487	805	382	142155	0	147829
16390	1943	603	139050	3741	0	145337
16391	1004	139318	3237	1963	0	145522
16392	718	3561	1226	138463	0	143968
16393	535	140406	747	3358	0	145046
16394	461	145603	479	1707	0	148250
16395	143943	4162	478	948	0	149531
16396	3623	1696	143278	782	0	149379
16397	1601	962	143537	640	0	146740
16398	900	644	4094	141501	0	147139
16399	726	420	1563	149663	0	152372
16400	769	445	147270	4536	0	153020
16401	576	414	3307	145021	0	149318
16402	664	406	146256	4211	0	151537
16403	137495	385	3546	2045	0	143471
16404	3415	375	1468	146560	0	151818
16405	1624	488	149482	3877	0	155471
16406	983	484	3229	145325	0	150021
16407	749	152322	1496	3752	0	158319
16408	157719	3201	758	1789	0	163467
16409	3350	154472	667	1347	0	159836
16410	159837	3462	538	1086	0	164923
16411	3806	1614	155162	1052	0	161634
16412	155647	829	3242	849	0	160567
16413	3813	667	1397	159923	0	165800
16414	1869	528	159202	3992	0	165591
16415	1015	571	3430	158250	0	163266
16416	932	500	155179	4408	0	161019
16417	146944	382	3598	2313	0	153237
16418	3458	155456	1694	1647	0	162255
16419	1651	3283	941	153089	0	158964
16420	870	159398	801	3454	0	164523
16421	162143	3720	619	1831	0	168313
16422	162176	1650	645	1255	0	165726
16423	4479	159989	709	1324	0	166501
16424	2002	3630	564	163435	0	169631
16425	1250	1646	511	164878	0	168285
16426	904	917	525	165407	0	167753
16427	161859	748	664	5413	0	168684
16428	3355	157905	723	2931	0	164914
16429	1570	3393	713	160248	0	165924
16430	859	1559	761	162253	0	165432
16431	158131	849	787	5539	0	165306
16432	3885	703	153349	2722	0	160659
16433	1904	669	150986	1985	0	155544
16434	148013	442	4295	1620	0	154370
16435	3785	552	150393	1367	0	156097
16436	1725	655	139959	1131	0	143470
16437	1411	617	4215	135447	0	141690
16438	141331	427	2096	3346	0	147200
16439	3257	638	1064	140494	0	145453
16440	1743	488	139202	3721	0	145154
16441	131891	517	3259	1889	0	137556
16442	3590	545	134231	1351	0	139717
16443	1602	134415	3357	1193	0	140567
16444	1105	3134	1763	143038	0	149040
16445	145873	1266	903	3103	0	151145
16446	2827	924	839	145488	0	150078
16447	1398	518	769	148076	0	150761
16448	150549	324	610	4221	0	155704
16449	2961	355	577	151099	0	154992
16450	1471	372	626	155433	0	157902
16451	973	392	152062	4368	0	157795
16452	667	404	2620	153160	0	156851
16453	156212	390	1394	3579	0	161575
16454	155124	463	700	2017	0	158304
16455	157435	474	699	1064	0	159672
16456	4144	482	491	151341	0	156458
16457	1960	149042	547	2955	0	154504
16458	153783	2566	491	1511	0	158351
16459	2958	152684	541	1255	0	157438
16460	154945	2720	511	746	0	158922
16461	3007	1315	498	153951	0	158771
16462	155085	668	516	2840	0	159109
16463	154242	422	557	1656	0	156877
16464	153364	348	585	995	0	155292
16465	3841	148386	648	973	0	153848
16466	1361	140469	502	824	0	143156
16467	135401	1646	346	378	0	137771
16468	1620	134426	308	535	0	136889
16469	359	118947	186	178	0	119670
16470	192	118045	192	230	0	118659
16471	121995	683	193	82	0	122953
16472	704	341	23	119270	0	120338
16473	263	162	20	121384	0	121829
16474	123075	70	20	786	0	123951
16475	725	132	124429	358	0	125644
16476	327	54	597	141743	0	142721
16477	220	58	235	146060	0	146573
16478	134	70	134	158658	0	158996
16479	125	68	69	164009	0	164271
16480	76	160406	278	3970	0	164730
16481	99	192988	190	1846	0	195123
16482	197728	4832	115	812	0	203487
16483	4593	1834	60	199025	0	205512
16484	1492	963	38	205224	0	207717
16485	1090	611	195484	6465	0	203650
16486	438	390	4531	200037	0	205396
16487	497	395	199121	6520	0	206533
16488	265	247	5542	202442	0	208496
16489	484	362	205976	6784	0	213606
16490	167	200731	6528	2883	0	210309
16491	258	5320	2062	213383	0	221023
16492	211928	1686	1346	6551	0	221511
16493	211937	1155	700	2600	0	216392
16494	7343	658	543	210816	0	219360
16495	2927	645	206895	6879	0	217346
16496	1849	552	205719	2757	0	210877
16497	196700	386	7263	1943	0	206292
16498	5893	199546	3050	1574	0	210063
16499	210608	5791	1798	1100	0	219297
16500	211867	1881	1062	1328	0	216138
16501	8202	1409	201747	1296	0	212654
16502	3387	787	6221	200394	0	210789
16503	2039	615	2325	211501	0	216480
16504	1426	643	1573	216349	0	219991
16505	1180	609	1022	210495	0	213306
16506	1079	478	1017	210188	0	212762
16507	1190	555	191754	10457	0	203956
16508	998	581	193208	5004	0	199791
16509	1121	379	7821	195341	0	204662
16510	1170	500	3332	201455	0	206457
16511	1092	524	2046	205242	0	208904
16512	196572	558	1543	10259	0	208932
16513	7028	598	1331	198084	0	207041
16514	196528	518	1021	9298	0	207365
16515	8147	635	942	200710	0	210434
16516	201956	457	889	9520	0	212822
16517	207221	299	902	4484	0	212906
16518	203677	295	1052	3677	0	208701
16519	203790	342	1120	2885	0	208137
16520	203316	382	1072	2674	0	207444
16521	10465	486	979	195658	0	207588
16522	195861	506	914	8407	0	205688
16523	8846	188461	931	4173	0	202411
16524	195663	6164	958	3191	0	205976
16525	8787	2014	981	197883	0	209665
16526	4044	1406	191472	8997	0	205919
16527	2757	732	6757	198191	0	208437
16528	2475	876	193941	10030	0	207322
16529	2274	534	7693	195859	0	206360
16530	2118	489	2852	205001	0	210460
16531	2286	568	194268	10775	0	207897
16532	2287	536	195638	5476	0	203937
16533	1995	373	8855	197642	0	208865
16534	196913	363	3673	9460	0	210409
16535	8500	553	191477	4825	0	205355
16536	3913	184760	7804	4110	0	200587
16537	3256	6450	197254	2953	0	209913
16538	196875	2104	8309	2744	0	210032
16539	8584	1426	3296	199753	0	213059
16540	202390	909	2537	8667	0	214503
16541	205508	684	1703	4282	0	212177
16542	10488	489	1769	201531	0	214277
16543	5209	612	190434	9419	0	205674
16544	3460	457	7474	192409	0	203800
16545	2652	448	3190	198071	0	204361
16546	186300	494	2400	11388	0	200582
16547	8120	186061	1922	6152	0	202255
16548	3730	6698	1766	192517	0	204711
16549	2960	2290	181588	9905	0	196743
16550	177606	1547	7619	4903	0	191675
16551	8437	178975	3356	4138	0	194906
16552	4026	6707	2439	184874	0	198046
16553	3083	2425	1846	188420	0	195774
16554	2418	1623	1773	192822	0	198636
16555	182242	828	1655	12155	0	196880
16556	188210	688	1496	6291	0	196685
16557	10550	587	1437	186761	0	199335
16558	5392	682	177082	10175	0	193331
16559	3508	178370	7392	5460	0	194730
16560	182308	6877	3045	4032	0	196262
16561	189043	2498	2276	3248	0	197065
16562	10702	1555	1561	182346	0	196164
16563	5252	1018	1466	191325	0	199061
16564	3958	1054	179046	11427	0	195485
16565	2898	182600	7491	5900	0	198889
16566	189707	7241	3153	4171	0	204272
16567	188351	2572	2174	3447	0	196544
16568	10174	184105	1603	3332	0	199214
16569	186100	7613	1206	2921	0	197840
16570	10085	2639	1186	184689	0	198599
16571	4580	1925	177793	9755	0	194053
16572	3502	1167	7527	184453	0	196649
16573	2885	1090	177628	10400	0	192003
16574	176166	895	8356	4799	0	190216
16575	8588	173858	3374	3995	0	189815
16576	3083	6930	1687	160019	0	171719
16577	2665	2011	154965	7937	0	167578
16578	2174	1431	148816	3281	0	155702
16579	137900	1002	6360	2652	0	147914
16580	5617	136485	2873	2206	0	147181
16581	108461	3000	2656	877	0	114994
16582	106883	842	965	849	0	109539
16583	106700	486	526	796	0	108508
16584	3820	644	802	104012	0	109278
16585	1692	429	101498	3279	0	106898
16586	1065	100806	2622	1202	0	105695
16587	820	3559	980	103454	0	108813
16588	805	917	103249	3017	0	107988
16589	642	545	94557	854	0	96598
16590	466	447	2145	93034	0	96092
16591	547	279	91828	2131	0	94785
16592	87368	266	1981	839	0	90454
16593	1986	209	724	95025	0	97944
16594	762	251	523	98505	0	100041
16595	97952	215	439	2363	0	100969
16596	2001	94653	451	994	0	98099
16597	102447	1756	416	629	0	105248
16598	2204	579	378	101192	0	104353
16599	911	402	340	102987	0	104640
16600	670	293	371	103525	0	104859
16601	621	233	386	101483	0	102723
16602	99479	252	339	2604	0	102674
16603	2186	332	97181	1110	0	100809
16604	843	96488	1726	761	0	99818
16605	594	1674	593	100373	0	103234
16606	99177	522	464	2094	0	102257
16607	101350	320	404	895	0	102969
16608	2132	98920	472	840	0	102364
16609	98936	1598	329	595	0	101458
16610	1786	98583	404	657	0	101430
16611	756	103424	358	687	0	105225
16612	569	2169	314	104828	0	107880
16613	581	631	104171	1989	0	107372
16614	566	594	1528	103332	0	106020
16615	102859	363	524	2034	0	105780
16616	1810	100113	378	1218	0	103519
16617	676	1590	269	103667	0	106202
16618	631	573	112825	2073	0	116102
16619	115268	362	1735	783	0	118148
16620	121270	315	500	697	0	122782
16621	121478	267	393	578	0	122716
16622	2252	315	115666	493	0	118726
16623	113396	278	1513	404	0	115591
16624	1795	114401	506	616	0	117318
16625	645	1566	346	112342	0	114899
16626	533	114614	299	1376	0	116822
16627	117994	1478	270	473	0	120215
16628	114259	463	245	482	0	115449
16629	1808	393	117839	390	0	120430
16630	611	117262	1264	541	0	119678
16631	567	1340	446	120191	0	122544
16632	414	398	306	120640	0	121758
16633	362	310	280	119561	0	120513
16634	410	267	262	121192	0	122131
16635	375	244	251	124617	0	125487
16636	470	381	118591	2084	0	121526
16637	386	116258	1570	1131	0	119345
16638	119098	1591	426	490	0	121605
16639	2124	471	119391	393	0	122379
16640	632	120610	1657	547	0	123446
16641	125838	1685	464	348	0	128335
16642	2213	561	128471	347	0	131592
16643	126109	387	1938	357	0	128791
16644	129221	311	486	399	0	130417
16645	126029	285	349	377	0	127040
16646	2408	126984	341	696	0	130429
16647	993	2095	124020	407	0	127515
16648	475	128045	1979	370	0	130869
16649	526	2322	456	120546	0	123850
16650	367	128172	400	1788	0	130727
16651	131309	2091	317	493	0	134210
16652	136593	531	182	461	0	137767
16653	135260	353	254	436	0	136303
16654	2977	381	134335	361	0	138054
16655	994	138843	2264	550	0	142651
16656	667	2679	556	158370	0	162272
16657	171129	655	361	3027	0	175172
16658	3793	167746	431	982	0	172952
16659	1240	3717	246	172321	0	177524
16660	928	1279	172848	3965	0	179020
16661	174052	741	4004	1251	0	180048
16662	4805	536	183243	731	0	189315
16663	1759	430	186311	411	0	188911
16664	176329	312	5591	367	0	182599
16665	5138	380	179818	261	0	185597
16666	172731	230	4794	181	0	177936
16667	4787	172034	1772	339	0	178932
16668	180879	4009	977	223	0	186088
16669	4990	1415	634	179713	0	186752
16670	1970	799	550	182342	0	185661
16671	1215	422	505	185469	0	187611
16672	180451	354	499	6066	0	187370
16673	179397	311	466	2351	0	182525
16674	180132	306	426	1219	0	182083
16675	6303	172973	476	877	0	180629
16676	2579	4060	378	178477	0	185494
16677	1654	1603	171132	4806	0	179195
16678	1036	838	4121	170165	0	176160
16679	887	167579	1635	5281	0	175382
16680	945	4251	902	170817	0	176915
16681	933	1578	543	174945	0	177999
16682	171280	942	507	6046	0	178775
16683	4893	698	420	173231	0	179242
16684	2097	619	168873	5778	0	177367
16685	1521	611	168085	2444	0	172661
16686	1152	525	5567	171417	0	178661
16687	169557	453	2370	5303	0	177683
16688	5005	487	1451	168587	0	175530
16689	2240	440	866	174805	0	178351
16690	1598	518	165549	6674	0	174339
16691	1210	162937	4822	3160	0	172129
16692	1058	4367	1939	170135	0	177499
16693	164194	1570	1496	5382	0	172642
16694	4919	161903	945	2741	0	170508
16695	2209	4572	709	166993	0	174483
16696	1713	1808	162235	5657	0	171413
16697	1194	1108	4569	162535	0	169406
16698	157888	721	1953	6097	0	166659
16699	4932	153639	1378	3005	0	162954
16700	2515	4573	157297	2016	0	166401
16701	1652	1887	4663	158275	0	166477
16702	1384	1200	159549	5699	0	167832
16703	157329	821	5317	2747	0	166214
16704	161221	799	2214	2071	0	166305
16705	6455	790	157583	1647	0	166475
16706	2877	710	4957	157704	0	166248
16707	2145	844	158115	5543	0	166647
16708	1405	155502	5555	3199	0	165661
16709	1232	4577	2619	161171	0	169599
16710	1308	2001	157698	5748	0	166755
16711	1245	1259	5385	150894	0	158783
16712	1407	152427	2554	5817	0	162205
16713	1221	4883	1785	157018	0	164907
16714	1221	1898	152235	6386	0	161740
16715	148695	1287	5435	2970	0	158387
16716	5110	150278	2527	2375	0	160290
16717	155114	4844	1698	1959	0	163615
16718	6009	2003	141753	1765	0	151530
16719	140321	1464	5136	1760	0	148681
16720	6083	1090	139417	1782	0	148372
16721	139188	933	5704	1629	0	147454
16722	144717	939	2575	1692	0	149923
16723	6967	843	1839	139514	0	149163
16724	3363	970	1447	144779	0	150559
16725	140850	885	1424	6996	0	150155
16726	5806	137500	1415	3676	0	148397
16727	141761	4980	1513	2374	0	150628
16728	6347	1999	1456	136020	0	145822
16729	3123	134605	1481	5797	0	145006
16730	2462	4991	1382	140069	0	148904
16731	1943	1982	1257	143647	0	148829
16732	1723	1297	1359	142247	0	146626
16733	1559	135840	1357	7898	0	146654
16734	136979	4714	1060	3891	0	146644
16735	5554	2031	1128	137776	0	146489
16736	2780	1455	131989	6451	0	142675
16737	1953	1241	132432	3468	0	139094
16738	1493	1033	133509	2749	0	138784
16739	129875	873	6492	2325	0	139565
16740	132205	852	3231	2068	0	138356
16741	6555	986	126383	1903	0	135827
16742	3225	891	4680	117855	0	126651
16743	1979	803	2360	124237	0	129379
16744	1496	803	123542	6458	0	132299
16745	1331	813	125272	3365	0	130781
16746	1340	820	5689	126802	0	134651
16747	125978	707	2706	5332	0	134723
16748	124064	637	1882	2864	0	129447
16749	122860	604	1477	2289	0	127230
16750	6036	118713	1393	1966	0	128108
16751	2878	122530	1277	1837	0	128522
16752	1886	4767	1112	118690	0	126455
16753	117254	1953	1444	4607	0	125258
16754	4433	1325	111315	2458	0	119531
16755	101756	755	3565	1872	0	107948
16756	3591	89681	1527	1282	0	96081
16757	1121	77392	641	723	0	79877
16758	75668	2351	778	568	0	79365
16759	2091	74975	565	646	0	78277
16760	779	69811	415	531	0	71536
16761	65311	2665	2222	1359	0	71557
16762	1143	62881	386	406	0	64816
16763	473	875	142	60363	0	61853
16764	247	291	169	61122	0	61829
16765	60732	183	188	1075	0	62178
16766	60194	134	166	411	0	60905
16767	1008	58914	204	391	0	60517
16768	378	58672	205	265	0	59520
16769	321	906	58814	160	0	60201
16770	60640	279	847	182	0	61948
16771	64025	176	486	183	0	64870
16772	66326	108	163	179	0	66776
16773	1152	103	142	66769	0	68166
16774	404	94	130	71038	0	71666
16775	72257	104	110	1315	0	73786
16776	1243	98	95	72239	0	73675
16777	384	164	71970	1297	0	73815
16778	276	107	1012	72364	0	73759
16779	202	74417	286	1269	0	76174
16780	195	1203	169	76545	0	78112
16781	194	326	113	78466	0	79099
16782	192	188	89	79827	0	80296
16783	77398	169	106	1711	0	79384
16784	1242	75480	160	671	0	77553
16785	351	1199	187	78315	0	80052
16786	256	368	77323	1388	0	79335
16787	228	448	74395	394	0	75465
16788	200	168	1315	76310	0	77993
16789	156	128	374	78631	0	79289
16790	77490	111	215	1570	0	79386
16791	1280	123	137	75633	0	77173
16792	365	74994	157	1471	0	76987
16793	339	1220	78382	515	0	80456
16794	225	513	1133	80251	0	82122
16795	232	247	81991	1394	0	83864
16796	156	180	1230	82311	0	83877
16797	82810	118	455	1494	0	84877
16798	83522	135	224	517	0	84398
16799	1487	80867	237	392	0	82983
16800	528	1212	126	82730	0	84596
16801	84857	362	136	1382	0	86737
16802	85857	244	139	531	0	86771
16803	87580	164	162	455	0	88361
16804	87583	127	171	404	0	88285
16805	87040	119	154	331	0	87644
16806	1732	82753	215	323	0	85023
16807	85404	1177	138	236	0	86955
16808	1502	343	84172	279	0	86296
16809	485	189	1184	84938	0	86796
16810	87066	145	341	1318	0	88870
16811	86637	122	202	528	0	87489
16812	86722	103	152	421	0	87398
16813	1681	160	85414	333	0	87588
16814	588	180	1095	87524	0	89387
16815	91065	169	326	1363	0	92923
16816	1323	88353	350	553	0	90579
16817	96394	1204	191	418	0	98207
16818	94937	350	163	354	0	95804
16819	95317	254	134	316	0	96021
16820	1731	217	117	97587	0	99652
16821	99595	190	134	1559	0	101478
16822	1710	276	101161	573	0	103720
16823	695	235	101261	459	0	102650
16824	102343	134	1534	404	0	104415
16825	1660	161	104746	317	0	106884
16826	98399	107	1270	271	0	100047
16827	1661	158	103659	250	0	105728
16828	535	218	1148	101526	0	103427
16829	103294	139	389	1247	0	105069
16830	1267	103353	382	689	0	105691
16831	106947	999	236	346	0	108528
16832	1326	104101	214	397	0	106038
16833	581	109258	179	384	0	110402
16834	488	1184	190	112439	0	114301
16835	351	362	169	112654	0	113536
16836	234	240	203	112578	0	113255
16837	341	204	110070	1467	0	112082
16838	107003	148	1073	576	0	108800
16839	115999	144	478	401	0	117022
16840	116417	120	202	293	0	117032
16841	117164	135	151	295	0	117745
16842	116586	123	430	312	0	117451
16843	1881	185	112390	291	0	114747
16844	825	185	111043	250	0	112303
16845	532	86	1466	112184	0	114268
16846	547	120	114616	1322	0	116605
16847	109233	106	1498	444	0	111281
16848	1718	116079	537	382	0	118716
16849	676	1494	278	125072	0	127520
16850	126383	341	256	1795	0	128775
16851	2034	240	173	129141	0	131588
16852	907	212	130708	1850	0	133677
16853	682	253	131206	648	0	132789
16854	538	156	2094	135121	0	137909
16855	502	235	135012	1972	0	137721
16856	130191	174	2005	673	0	133043
16857	1981	111	684	135962	0	138738
16858	885	167	134846	2090	0	137988
16859	577	133213	1952	1002	0	136744
16860	565	1719	639	141616	0	144539
16861	681	522	141593	2134	0	144930
16862	551	250	2074	138131	0	141006
16863	510	176	682	142799	0	144167
16864	603	155	143981	2797	0	147536
16865	434	139	2255	143774	0	146602
16866	449	161	851	143093	0	144554
16867	406	129	532	147121	0	148188
16868	143033	125	435	2958	0	146551
16869	2268	140126	472	1272	0	144138
16870	861	142565	406	996	0	144828
16871	698	2588	140433	532	0	144251
16872	134512	719	2225	418	0	137874
16873	2224	410	138610	497	0	141741
16874	778	284	135443	352	0	136857
16875	390	352	2219	133479	0	136440
16876	136757	90	792	1841	0	139480
16877	1711	134535	545	935	0	137726
16878	138418	1560	304	433	0	140715
16879	136059	517	270	371	0	137217
16880	2034	135771	328	481	0	138614
16881	138747	1606	481	260	0	141094
16882	136806	532	247	333	0	137918
16883	2022	137906	280	345	0	140553
16884	752	1654	248	139979	0	142633
16885	525	626	216	144534	0	145901
16886	147679	281	260	2050	0	150270
16887	1870	147315	312	1056	0	150553
16888	154115	1839	212	484	0	156650
16889	154699	599	235	393	0	155926
16890	162229	331	224	329	0	163113
16891	2999	238	197	159844	0	163278
16892	1121	200	165	164167	0	165653
16893	161545	169	216	2878	0	164808
16894	164364	183	200	1079	0	165826
16895	165197	202	174	646	0	166219
16896	3204	183	166	169523	0	173076
16897	1304	262	168736	2793	0	173095
16898	734	240	2561	172926	0	176461
16899	520	187	836	187193	0	188736
16900	556	274	181924	3965	0	186719
16901	631	338	197527	1461	0	199957
16902	454	194	4776	204396	0	209820
16903	601	313	201379	4634	0	206927
16904	204814	151	4584	1958	0	211507
16905	4500	219	1768	209671	0	216158
16906	1914	219	882	214569	0	217584
16907	214936	170	572	6116	0	221794
16908	4781	200	606	214303	0	219890
16909	2179	211	452	216949	0	219791
16910	1169	157	451	219922	0	221699
16911	874	147	397	221265	0	222683
16912	944	369	207731	7106	0	216150
16913	643	351	4191	214571	0	219756
16914	997	497	202083	6100	0	209677
16915	685	206925	4703	3719	0	216032
16916	636	4481	1779	211870	0	218766
16917	797	1690	201750	5807	0	210044
16918	192765	697	4876	2896	0	201234
16919	4876	202497	2164	1908	0	211445
16920	207013	4437	1151	1366	0	213967
16921	5419	1684	808	195932	0	203843
16922	2168	197513	807	5365	0	205853
16923	200489	4582	614	2402	0	208087
16924	5044	200197	709	1826	0	207776
16925	204215	4955	602	1377	0	211149
16926	5578	2030	611	200311	0	208530
16927	203214	1049	598	5292	0	210153
16928	5521	202542	704	2868	0	211635
16929	206642	4816	655	1690	0	213803
16930	6230	1992	197176	1504	0	206902
16931	2554	1049	4742	202221	0	210566
16932	200139	660	1891	5769	0	208459
16933	203144	627	1074	2904	0	207749
16934	6869	573	868	198953	0	207263
16935	3144	693	194127	6125	0	204089
16936	1877	188064	4930	3124	0	197995
16937	1514	199019	2162	2054	0	204749
16938	203021	5983	1404	1824	0	212232
16939	5649	2274	919	201101	0	209943
16940	2714	1140	918	205877	0	210649
16941	201930	811	909	7440	0	211090
16942	198810	767	1032	3671	0	204280
16943	7227	820	197510	2354	0	207911
16944	3175	840	4805	202167	0	210987
16945	2197	791	196422	6404	0	205814
16946	1841	196657	5136	3685	0	207319
16947	191649	4609	2193	2670	0	201121
16948	4936	193309	1463	2480	0	202188
16949	2524	195136	1126	2128	0	200914
16950	2353	5776	1064	194364	0	203557
16951	187365	2256	999	5776	0	196396
16952	4858	187212	1124	3402	0	196596
16953	186285	4692	1023	2468	0	194468
16954	5329	183866	1235	2123	0	192553
16955	2731	4916	950	189294	0	197891
16956	187966	2274	1110	5717	0	197067
16957	5624	1608	186439	3279	0	196950
16958	3004	1654	4516	189009	0	198183
16959	2415	1424	185057	5916	0	194812
16960	2076	175158	4704	3540	0	185478
16961	1763	185977	2088	2739	0	192567
16962	182285	5606	1365	2450	0	191706
16963	4815	183841	1196	2573	0	192425
16964	188183	4963	1302	2044	0	196492
16965	190920	2360	1079	2237	0	196596
16966	6225	1884	183745	1997	0	193851
16967	183739	1435	4396	1907	0	191477
16968	5826	1689	187807	2024	0	197346
16969	3343	187113	4765	1883	0	197104
16970	192149	4696	2198	1789	0	200832
16971	5539	188979	1642	1954	0	198114
16972	3322	5001	1204	193787	0	203314
16973	194815	2444	1109	5283	0	203651
16974	5831	1826	953	193008	0	201618
16975	3440	1534	193423	5892	0	204289
16976	2392	1699	4260	193798	0	202149
16977	2185	1575	2038	199713	0	205511
16978	196595	1689	1253	6671	0	206208
16979	5783	1663	193839	3541	0	204826
16980	196741	1539	4580	2352	0	205212
16981	204974	1466	2141	2117	0	210698
16982	7254	1523	1481	202164	0	212422
16983	3870	1466	1202	204377	0	210915
16984	200778	1418	1157	6858	0	210211
16985	6424	200254	1252	3305	0	211235
16986	3531	4875	1007	200646	0	210059
16987	2802	2374	192012	5330	0	202518
16988	2378	2034	184549	2867	0	191828
16989	2160	189630	5285	2120	0	199195
16990	2043	4868	2308	186938	0	196157
16991	1782	2579	1375	190672	0	196408
16992	186623	1659	988	5990	0	195260
16993	5177	1526	921	184764	0	192388
16994	176788	1259	920	5284	0	184251
16995	5232	172000	971	3017	0	181220
16996	2431	174295	798	1862	0	179386
16997	1797	179564	787	1730	0	183878
16998	176041	4727	902	1760	0	183430
16999	162962	2080	1182	1102	0	167326
17000	4408	159167	625	1323	0	165523
17001	140759	1762	420	372	0	143313
17002	1958	136149	252	405	0	138764
17003	729	1861	204	137846	0	140640
17004	554	134965	268	1655	0	137442
17005	138589	1978	356	621	0	141544
17006	138450	611	204	463	0	139728
17007	2018	483	137	133800	0	136438
17008	135565	410	131	1724	0	137830
17009	1860	362	167	134326	0	136715
17010	661	134949	265	1827	0	137702
17011	607	1887	194	138344	0	141032
17012	502	134391	268	1708	0	136869
17013	137838	1603	351	659	0	140451
17014	1755	558	132305	539	0	135157
17015	124425	316	1109	455	0	126305
17016	1463	310	252	133509	0	135534
17017	654	311	131375	1363	0	133703
17018	127608	335	1150	517	0	129610
17019	1483	388	135714	458	0	138043
17020	552	302	1199	131866	0	133919
17021	499	244	364	136416	0	137523
17022	414	263	197	135870	0	136744
17023	385	247	183	136821	0	137636
17024	351	132263	315	1908	0	134837
17025	346	1585	204	141942	0	144077
17026	142852	502	185	1939	0	145478
17027	1894	411	138494	750	0	141549
17028	682	146720	1567	598	0	149567
17029	154602	2075	439	495	0	157611
17030	164953	850	293	446	0	166542
17031	3150	401	153	185677	0	189381
17032	1334	558	183784	3710	0	189386
17033	714	428	3190	183996	0	188328
17034	615	468	1329	199564	0	201976
17035	806	494	190177	5548	0	197025
17036	526	197642	4187	2355	0	204710
17037	208632	4276	1745	1061	0	215714
17038	207035	1833	733	1018	0	210619
17039	212298	741	656	847	0	214542
17040	7203	608	514	206912	0	215237
17041	3178	441	456	218147	0	222222
17042	218309	323	513	7288	0	226433
17043	6344	477	416	205814	0	213051
17044	2925	205346	467	6369	0	215107
17045	219496	4998	343	3024	0	227861
17046	224994	2156	469	1698	0	229317
17047	234199	992	457	1523	0	237171
17048	236086	837	401	1309	0	238633
17049	10519	734	218666	1299	0	231218
17050	4891	690	221709	1109	0	228399
17051	2761	695	8030	219242	0	230728
17052	2368	462	3016	228606	0	234452
17053	2128	521	218170	9037	0	229856
17054	1925	607	221152	3768	0	227452
17055	1715	480	8373	220948	0	231516
17056	220965	501	3502	7359	0	232327
17057	7392	416	1883	218260	0	227951
17058	4028	486	210611	7724	0	222849
17059	2183	212652	6690	4126	0	225651
17060	218364	6007	3192	2283	0	229846
17061	221439	2510	1863	2065	0	227877
17062	223230	1080	1683	1857	0	227850
17063	223490	931	1440	1767	0	227628
17064	10872	904	205309	1678	0	218763
17065	5122	634	6865	209858	0	222479
17066	211115	689	3201	7521	0	222526
17067	8814	566	1775	211003	0	222158
17068	4849	507	1598	202477	0	209431
17069	3200	200815	1549	9525	0	215089
17070	2946	6249	1278	208239	0	218712
17071	201893	2652	1374	8650	0	214569
17072	8162	201422	1308	4729	0	215621
17073	202712	6771	1230	2663	0	213376
17074	8649	201922	1316	2654	0	214541
17075	4920	7002	1132	188525	0	201579
17076	3419	191415	1349	7460	0	203643
17077	2847	199735	1366	4397	0	208345
17078	197874	8623	1526	2813	0	210836
17079	8561	3969	188923	2792	0	204245
17080	4738	2241	186846	2748	0	196573
17081	3520	2003	183354	2474	0	191351
17082	175649	1698	8670	2668	0	188685
17083	7672	180593	4207	2661	0	195133
17084	4741	187665	2655	2523	0	197584
17085	173404	8445	1934	2375	0	186158
17086	8458	175967	1860	2449	0	188734
17087	5076	181307	1762	2608	0	190753
17088	3712	9103	1673	180458	0	194946
17089	3726	4533	176023	7812	0	192094
17090	3592	3053	178819	4767	0	190231
17091	3505	2547	8641	178818	0	193511
17092	175324	2281	4320	8256	0	190181
17093	8514	176824	2823	4992	0	193153
17094	5511	7416	2377	181455	0	196759
17095	4435	4061	176304	8357	0	193157
17096	4378	2914	173175	4663	0	185130
17097	4008	2687	8897	172072	0	187664
17098	171279	2242	4410	8717	0	186648
17099	176746	2249	3119	5041	0	187155
17100	10901	2145	168225	3658	0	184929
17101	172436	2103	8012	3544	0	186095
17102	10050	2031	167681	3208	0	182970
17103	6422	1879	8406	157915	0	174622
17104	4656	164661	5152	7628	0	182097
17105	171090	6810	3744	4241	0	185885
17106	9292	3860	3456	170132	0	186740
17107	5998	2394	3337	173216	0	184945
17108	4619	2138	3029	177350	0	187136
17109	4219	1793	3164	178151	0	187327
17110	4125	1810	160044	11475	0	177454
17111	3915	161469	8111	6645	0	180140
17112	4220	6821	4686	167128	0	182855
17113	163228	3620	3368	9492	0	179708
17114	8811	2348	3124	167886	0	182169
17115	5504	2118	3187	171979	0	182788
17116	4214	2235	158654	11416	0	176519
17117	4175	2266	158736	6736	0	171913
17118	4122	157329	9189	4998	0	175638
17119	3890	162544	4693	5073	0	176200
17120	3635	8759	3403	161097	0	176894
17121	159781	4544	3100	9171	0	176596
17122	8352	3166	153515	6172	0	171205
17123	5440	156047	7135	4439	0	173061
17124	3981	7531	3922	145257	0	160691
17125	3352	151343	2571	7887	0	165153
17126	3038	7902	2371	141656	0	154967
17127	2732	147414	2341	8178	0	160665
17128	2690	7021	1838	137318	0	148867
17129	128063	4311	1818	7255	0	141447
17130	6190	118747	1606	4344	0	130887
17131	2326	6445	1069	94846	0	104686
17132	90367	2638	1176	4898	0	99079
17133	4289	90489	1106	3088	0	98972
17134	1670	78082	790	1904	0	82446
17135	1644	79112	964	1575	0	83295
17136	1878	3386	1378	67113	0	73755
17137	633	1543	729	67303	0	70208
17138	619	65809	476	2839	0	69743
17139	595	2685	591	66759	0	70630
17140	785	1382	65225	2388	0	69780
17141	470	63875	1598	1072	0	67015
17142	621	4898	586	55915	0	62020
17143	457	60870	547	1374	0	63248
17144	657	1811	56905	682	0	60055
17145	325	58264	1113	511	0	60213
17146	48627	1165	380	560	0	50732
17147	490	335	67	46765	0	47657
17148	46753	77	154	481	0	47465
17149	485	89	46318	178	0	47070
17150	139	66	433	47464	0	48102
17151	114	65	48408	513	0	49100
17152	48	61	462	48611	0	49182
17153	52075	52	147	541	0	52815
17154	482	63	79	52620	0	53244
17155	53416	43	57	573	0	54089
17156	471	53591	86	291	0	54439
17157	54820	462	61	127	0	55470
17158	546	217	57704	126	0	58593
17159	155	59559	480	136	0	60330
17160	83	557	149	62230	0	63019
17161	63	225	55	63874	0	64217
17162	88	138	61948	603	0	62777
17163	49	61923	448	337	0	62757
17164	52	461	106	63895	0	64514
17165	39	63192	81	510	0	63822
17166	46	491	39	63767	0	64343
17167	29	63174	46	464	0	63713
17168	63627	469	36	147	0	64279
17169	421	194	42	63826	0	64483
17170	170	126	63798	471	0	64565
17171	55	63942	437	290	0	64724
17172	26	66843	134	153	0	67156
17173	190	552	66967	61	0	67770
17174	17	67102	459	114	0	67692
17175	35	513	86	70189	0	70823
17176	61	160	71060	391	0	71672
17177	40	71	367	69524	0	70002
17178	19	35	114	72321	0	72489
17179	40	91	71878	469	0	72478
17180	68869	56	396	180	0	69501
17181	356	41	118	74757	0	75272
17182	145	176	84262	415	0	84998
17183	61	84069	436	240	0	84806
17184	88906	354	116	99	0	89475
17185	366	84517	147	128	0	85158
17186	124	418	41	89559	0	90142
17187	89565	117	64	403	0	90149
17188	393	72	44	88887	0	89396
17189	177	92	93046	463	0	93778
17190	61	53	433	94185	0	94732
17191	76	81	94888	480	0	95525
17192	93327	53	481	174	0	94035
17193	478	106	96331	96	0	97011
17194	97626	53	455	98	0	98232
17195	98959	53	167	109	0	99288
17196	656	80	99637	95	0	100468
17197	245	177	94845	115	0	95382
17198	98	97879	648	134	0	98759
17199	105102	455	185	72	0	105814
17200	489	166	100	106479	0	107234
17201	192	103	73	106606	0	106974
17202	119835	57	67	599	0	120558
17203	121940	62	59	247	0	122308
17204	123100	50	75	130	0	123355
17205	123244	69	82	111	0	123506
17206	635	77	74	122051	0	122837
17207	124062	72	54	526	0	124714
17208	545	71	63	124035	0	124714
17209	222	76	74	123115	0	123487
17210	150	60	75	125042	0	125327
17211	165	121	121411	743	0	122440
17212	132	116057	558	372	0	117119
17213	110	118401	276	258	0	119045
17214	128	567	103	124630	0	125428
17215	124906	219	85	558	0	125768
17216	519	224	70	123025	0	123838
17217	124133	81	88	633	0	124935
17218	579	103	128424	314	0	129420
17219	124770	97	513	170	0	125550
17220	541	90	201	130292	0	131124
17221	134144	97	100	575	0	134916
17222	132101	98	89	324	0	132612
17223	134306	76	84	191	0	134657
17224	768	73	77	133851	0	134769
17225	342	157	134229	636	0	135364
17226	183	93	575	133252	0	134103
17227	138451	80	218	713	0	139462
17228	793	191	150725	308	0	152017
17229	302	134	691	154558	0	155685
17230	164263	68	273	871	0	165475
17231	1044	196	165319	377	0	166936
17232	171860	86	965	239	0	173150
17233	182701	107	326	190	0	183324
17234	1627	101	155	182740	0	184623
17235	504	88	114	186002	0	186708
17236	187527	69	159	1873	0	189628
17237	1610	81	132	191312	0	193135
17238	190886	75	170	2212	0	193343
17239	1973	187080	291	837	0	190181
17240	612	190222	165	605	0	191604
17241	452	2420	94	193894	0	196860
17242	498	882	191190	2173	0	194743
17243	277	190614	2013	850	0	193754
17244	193599	2090	513	619	0	196821
17245	1888	183931	564	649	0	187032
17246	677	2217	188276	270	0	191440
17247	398	619	1842	184212	0	187071
17248	416	711	192029	2077	0	195233
17249	186	190748	2244	1073	0	194251
17250	202	1943	561	197351	0	200057
17251	159	188318	638	1941	0	191056
17252	453	2180	192211	531	0	195375
17253	248	653	1885	188526	0	191312
17254	291	523	194265	2156	0	197235
17255	170	321	2148	190962	0	193601
17256	195768	209	671	2315	0	198963
17257	2129	373	189515	706	0	192723
17258	180668	205	2081	589	0	183543
17259	2295	323	183872	379	0	186869
17260	649	209	2212	182625	0	185695
17261	538	276	189868	2227	0	192909
17262	344	210	2254	188200	0	191008
17263	303	170	711	191065	0	192249
17264	329	237	499	189900	0	190965
17265	249	284	416	192370	0	193319
17266	347	219	198809	2975	0	202350
17267	190809	162	2176	1194	0	194341
17268	2128	172	603	212661	0	215564
17269	214567	139	702	2512	0	217920
17270	217567	193	386	1005	0	219151
17271	220142	136	379	815	0	221472
17272	3098	151	316	222716	0	226281
17273	1115	169	332	227171	0	228787
17274	670	245072	479	3565	0	249786
17275	284158	4037	339	1259	0	289793
17276	302755	1386	361	1003	0	305505
17277	304956	917	342	800	0	307015
17278	9701	724	302526	738	0	313689
17279	4224	711	6304	302054	0	313293
17280	2921	521	299976	6858	0	310276
17281	297761	219	7156	2642	0	307778
17282	300587	267	2994	1736	0	305584
17283	9134	275	1900	293150	0	304459
17284	4066	370	1338	287229	0	293003
17285	2688	289815	1092	10673	0	304268
17286	300752	6214	741	3588	0	311295
17287	302757	2220	578	2413	0	307968
17288	9459	293316	753	1967	0	305495
17289	299476	6877	595	1529	0	308477
17290	9061	2718	640	293876	0	306295
17291	4262	1698	679	300421	0	307060
17292	301372	1094	577	9181	0	312224
17293	8637	1134	289940	4154	0	303865
17294	292027	694	6292	3018	0	302031
17295	298309	597	2241	2272	0	303419
17296	9808	285062	1699	2082	0	298651
17297	299234	6619	1092	1329	0	308274
17298	10030	2690	286879	1074	0	300673
17299	5146	1748	6655	289943	0	303492
17300	293032	1163	2555	7204	0	303954
17301	9064	985	1771	292003	0	303823
17302	4531	953	275631	8851	0	289966
17303	3098	513	7239	270595	0	281445
17304	2500	287259	3239	8799	0	301797
17305	2631	6464	2092	299413	0	310600
17306	2386	2752	1381	305823	0	312342
17307	2007	1755	1082	305107	0	309951
17308	1707	1399	897	309736	0	313739
17309	1843	1439	292855	12269	0	308406
17310	1822	1139	6572	301770	0	311303
17311	298672	851	2638	10879	0	313040
17312	8007	291279	2040	5660	0	306986
17313	3686	7097	1339	307947	0	320069
17314	3176	2759	302080	9623	0	317638
17315	2379	1874	7143	308948	0	320344
17316	311090	1248	2949	10261	0	325548
17317	311684	1112	2224	5043	0	320063
17318	305360	859	1779	3928	0	311926
17319	12078	746	1538	305256	0	319618
17320	6757	1009	295234	9397	0	312397
17321	5037	294293	7413	4975	0	311718
17322	309262	6915	3314	3484	0	322975
17323	9628	2942	2414	303543	0	318527
17324	5010	1914	1939	310998	0	319861
17325	4251	1731	297850	11347	0	315179
17326	3561	289836	7625	6394	0	307416
17327	3301	306355	3285	4778	0	317719
17328	3244	10143	2182	292623	0	308192
17329	3043	4170	281263	9770	0	298246
17330	268754	2793	7818	5347	0	284712
17331	9100	2541	272840	4012	0	288493
17332	259559	1881	7407	3429	0	272276
17333	9187	272901	3705	3732	0	289525
17334	5435	6437	272354	3131	0	287357
17335	264908	3034	7326	2680	0	277948
17336	9098	269048	3728	2682	0	284556
17337	283534	6810	2624	2063	0	295031
17338	9512	3489	273389	2318	0	288708
17339	5408	271590	6561	2485	0	286044
17340	285313	6701	3120	2155	0	297289
17341	9474	3402	273754	2145	0	288775
17342	277878	2220	6732	2134	0	288964
17343	9090	1821	3775	277063	0	291749
17344	282095	1685	2804	7198	0	293782
17345	9022	1480	2313	279927	0	292742
17346	281264	1421	1898	8545	0	293128
17347	9063	1488	275839	5263	0	291653
17348	4810	1201	6442	282593	0	295046
17349	3453	1381	3254	285522	0	293610
17350	3082	1654	276633	10415	0	291784
17351	2626	1453	6802	277968	0	288849
17352	2276	266875	4490	9612	0	283253
17353	2262	5957	2753	301288	0	312260
17354	2264	2787	2332	316892	0	324275
17355	2481	2173	1907	345453	0	352014
17356	2728	1806	330830	13680	0	349044
17357	331707	1612	8408	7707	0	349434
17358	10094	1489	3967	359907	0	375457
17359	5369	1356	358134	12518	0	377377
17360	360881	1051	10271	6758	0	378961
17361	371025	1091	4899	4789	0	381804
17362	381072	1297	3209	3739	0	389317
17363	16131	1330	2496	374154	0	394111
17364	8001	1287	2258	409063	0	420609
17365	5602	1350	2011	399485	0	408448
17366	4089	388395	2099	18503	0	413086
17367	393032	11468	2030	9299	0	415829
17368	397091	4767	2008	6880	0	410746
17369	17076	3202	1982	390733	0	412993
17370	8728	2260	372895	15177	0	399060
17371	6576	2045	374952	7568	0	391141
17372	4385	357794	16216	5789	0	384184
17373	3834	376042	7378	4795	0	392049
17374	335751	15416	6391	5686	0	363244
17375	9701	318443	1960	2715	0	332819
17376	307896	8491	1341	1603	0	319331
17377	307155	3238	941	1612	0	312946
17378	308392	1784	913	1388	0	312477
17379	12340	1222	817	304205	0	318584
17380	5786	948	824	326175	0	333733
17381	331346	919	892	11975	0	345132
17382	11107	869	790	340219	0	352985
17383	5002	1134	329948	12280	0	348364
17384	338594	1073	9524	4989	0	354180
17385	11850	1197	3262	336571	0	352880
17386	5353	1155	1803	345871	0	354182
17387	3740	1267	1171	354155	0	360333
17388	2994	1172	333702	15486	0	353354
17389	320677	988	10482	6781	0	338928
17390	12138	1124	333939	4149	0	351350
17391	5402	1186	11439	334290	0	352317
17392	4049	1266	336655	11873	0	353843
17393	3111	1105	11688	331804	0	347708
17394	2647	1198	4521	345127	0	353493
17395	3195	1179	339983	15267	0	359624
17396	2879	1233	11338	324954	0	340404
17397	2849	338676	4499	13058	0	359082
17398	345600	10190	2672	6089	0	364551
17399	352433	3464	1971	4742	0	362610
17400	15084	1845	1831	348457	0	367217
17401	6935	1319	341611	13580	0	363445
17402	4269	327281	11665	6826	0	350041
17403	3100	349614	4588	5092	0	362394
17404	334623	12735	3217	4244	0	354819
17405	12858	4889	324494	3996	0	346237
17406	328663	2363	11475	3820	0	346321
17407	13477	1450	5062	329153	0	349142
17408	5767	1717	3322	339720	0	350526
17409	324236	1384	2822	16138	0	344580
17410	12390	320956	2536	8779	0	344661
17411	5939	10521	322441	5538	0	344439
17412	4080	4146	11516	322193	0	341935
17413	3385	2528	322154	13880	0	341947
17414	2792	316137	13263	6796	0	338988
17415	2873	10981	5356	328012	0	347222
17416	323289	4451	3772	13812	0	345324
17417	329924	2712	3012	7136	0	342784
17418	15981	2432	315229	5188	0	338830
17419	7443	315358	11799	4606	0	339206
17420	319835	11276	5100	3950	0	340161
17421	13242	319262	3649	4076	0	340229
17422	6596	13087	2678	319373	0	341734
17423	319319	5377	2584	13098	0	340378
17424	13502	3362	2551	322862	0	342277
17425	7086	2720	311112	14873	0	335791
17426	4749	2404	11835	319713	0	338701
17427	4429	2700	311404	15024	0	333557
17428	4121	2474	12703	316211	0	335509
17429	315133	2187	5739	15104	0	338163
17430	13317	311790	4427	7822	0	337356
17431	316114	11839	3461	5657	0	337071
17432	14433	5314	3064	311512	0	334323
17433	6660	3979	2624	318829	0	332092
17434	5186	3264	295735	17281	0	321466
17435	4749	2839	308420	8247	0	324255
17436	4214	300383	14935	7058	0	326590
17437	4494	12004	300192	4971	0	321661
17438	280648	5192	14285	4869	0	304994
17439	13043	296069	6658	4771	0	320541
17440	6342	309357	4383	4671	0	324753
17441	5093	312862	3329	4673	0	325957
17442	4439	16937	2803	303983	0	328162
17443	4484	7377	299228	14362	0	325451
17444	3677	305228	12974	8077	0	329956
17445	3645	13449	5588	286232	0	308914
17446	3478	308145	4412	13435	0	329470
17447	302889	13793	3644	7017	0	327343
17448	311033	5905	3464	5597	0	325999
17449	15826	4326	3405	303150	0	326707
17450	7450	3239	3185	308445	0	322319
17451	287619	3058	3196	17567	0	311440
17452	13041	279908	3177	9218	0	305344
17453	6000	288885	3143	6204	0	304232
17454	4086	15411	2638	264470	0	286605
17455	2902	5392	235189	11870	0	255353
17456	2247	236633	10059	5734	0	254673
17457	221776	9827	4466	3484	0	239553
17458	8594	216998	2939	3151	0	231682
17459	3677	216046	2111	3043	0	224877
17460	203817	10750	2094	2208	0	218869
17461	8163	208717	1768	2732	0	221380
17462	3923	9820	196039	2182	0	211964
17463	2676	200324	7412	2303	0	212715
17464	171411	6849	2533	1277	0	182070
17465	5162	170131	1356	1339	0	177988
17466	169136	6259	1581	1229	0	178205
17467	5839	2642	949	166239	0	175669
17468	2130	1944	859	173062	0	177995
17469	1838	1694	166591	6368	0	176491
17470	1379	167278	4615	2751	0	176023
17471	1214	5345	1564	174521	0	182644
17472	172017	2150	1129	5617	0	180913
17473	174407	1735	969	2309	0	179420
17474	6026	172529	1073	2509	0	182137
17475	2292	5655	813	175472	0	184232
17476	176422	2307	786	5709	0	185224
17477	180360	1944	1010	2131	0	185445
17478	6932	1755	167983	1568	0	178238
17479	2644	1512	158334	1099	0	163589
17480	1831	1277	152301	989	0	156398
17481	814	142584	4213	852	0	148463
17482	136119	3261	2530	500	0	142410
17483	3113	132821	750	526	0	137210
17484	133154	3115	688	424	0	137381
17485	3154	138287	496	479	0	142416
17486	1097	3372	365	141314	0	146148
17487	143728	1152	348	2883	0	148111
17488	3296	874	140987	880	0	146037
17489	140856	662	2665	570	0	144753
17490	146090	578	829	450	0	147947
17491	3598	142439	680	499	0	147216
17492	1177	145799	535	558	0	148069
17493	151101	3265	820	344	0	155530
17494	3282	1274	152216	350	0	157122
17495	144411	847	2883	294	0	148435
17496	147114	535	927	294	0	148870
17497	3229	451	399	143197	0	147276
17498	147414	449	263	2471	0	150597
17499	3045	459	229	151211	0	154944
17500	1116	453	252	156885	0	158706
17501	888	417	222	153229	0	154756
17502	735	147806	344	3044	0	151929
17503	154324	2454	341	1089	0	158208
17504	156332	790	332	685	0	158139
17505	3208	608	325	154235	0	158376
17506	1268	543	317	153594	0	155722
17507	924	149730	370	2950	0	153974
17508	154121	2682	363	1023	0	158189
17509	3004	1041	149577	722	0	154344
17510	1230	714	2364	152535	0	156843
17511	1010	664	148960	2772	0	153406
17512	829	489	2557	149849	0	153724
17513	878	560	151190	2922	0	155550
17514	840	551	2586	148457	0	152434
17515	150870	508	839	2949	0	155166
17516	3036	528	151673	1121	0	156358
17517	148660	422	2651	825	0	152558
17518	3125	155859	1002	750	0	160736
17519	1301	2588	716	162291	0	166896
17520	1036	1022	494	166728	0	169280
17521	171280	656	468	3160	0	175564
17522	3023	620	424	177078	0	181145
17523	1416	581	180677	3131	0	185805
17524	177808	534	2297	1333	0	181972
17525	187773	446	736	1074	0	190029
17526	188120	493	506	902	0	190021
17527	187594	431	413	854	0	189292
17528	3757	177635	552	974	0	182918
17529	1488	2323	389	185429	0	189629
17530	184496	713	325	2734	0	188268
17531	2992	553	392	181372	0	185309
17532	180635	497	469	2781	0	184382
17533	3227	467	174035	1082	0	178811
17534	1448	432	175234	933	0	178047
17535	1155	2580	2607	161875	0	168217
17536	944	168245	1054	2382	0	172625
17537	788	176708	655	1365	0	179516
17538	175925	2492	1087	1306	0	180810
17539	2403	777	172496	938	0	176614
17540	156259	403	1872	780	0	159314
17541	2233	168683	874	699	0	172489
17542	174280	1644	438	565	0	176927
17543	2292	596	356	170752	0	173996
17544	1110	544	176023	2172	0	179849
17545	907	389	1696	175096	0	178088
17546	785	343	581	177199	0	178908
17547	717	172048	521	2493	0	175779
17548	645	179844	546	1199	0	182234
17549	749	2040	380	181307	0	184476
17550	769	181254	508	2032	0	184563
17551	869	2093	180336	825	0	184123
17552	841	951	176197	704	0	178693
17553	166135	534	2186	740	0	169595
17554	183120	413	727	621	0	184881
17555	2406	175992	628	786	0	179812
17556	1099	1826	436	180290	0	183651
17557	880	695	423	183284	0	185282
17558	886	551	180961	2377	0	184775
17559	641	419	1870	172652	0	175582
17560	596	176264	834	2342	0	180036
17561	673	2017	174048	940	0	177678
17562	750	799	175292	679	0	177520
17563	709	163707	2470	1026	0	167912
17564	967	1953	176334	549	0	179803
17565	711	721	1875	174690	0	177997
17566	681	670	811	169126	0	171288
17567	767	551	180755	2308	0	184381
17568	723	416	1793	177170	0	180102
17569	555	170720	886	2319	0	174480
17570	525	179875	648	1388	0	182436
17571	495	2151	411	179699	0	182756
17572	794	771	179235	2176	0	182976
17573	401	176515	2062	1040	0	180018
17574	559	2551	795	182042	0	185947
17575	383	590	177301	1873	0	180147
17576	166248	298	1361	505	0	168412
17577	178695	233	383	386	0	179697
17578	179575	218	316	333	0	180442
17579	1547	190	274	175228	0	177239
17580	484	266	267	179117	0	180134
17581	429	270	182494	1636	0	184829
17582	262	201	1303	181087	0	182853
17583	195	325	401	188767	0	189688
17584	306	298	184183	1709	0	186496
17585	152845	226	1421	801	0	155293
17586	1255	168401	583	964	0	171203
17587	175888	1199	259	263	0	177609
17588	1235	170000	318	490	0	172043
17589	390	1296	180	175290	0	177156
17590	406	443	173649	1334	0	175832
17591	309	522	1241	166986	0	169058
17592	256	302	169970	1498	0	172026
17593	137312	197	1513	835	0	139857
17594	1038	151	160856	383	0	162428
17595	313	184	1084	152767	0	154348
17596	355	167	160323	1154	0	161999
17597	230	155851	1399	580	0	158060
17598	360	1039	381	171311	0	173091
17599	326	375	292	169779	0	170772
17600	304	185	163	172484	0	173136
17601	264	236	168675	1953	0	171128
17602	269	312	170350	907	0	171838
17603	166	113	1797	172292	0	174368
17604	218	156	606	210292	0	211272
17605	202	155	424	231086	0	231867
17606	235883	133	370	4778	0	241164
17607	3843	167	241	245754	0	250005
17608	1656	397	254598	4965	0	261616
17609	269744	174	4625	2013	0	276556
17610	5446	269	1810	283198	0	290723
17611	294264	140	976	6081	0	301461
17612	299877	141	600	2487	0	303105
17613	8005	243	415	300552	0	309215
17614	301821	79	626	6702	0	309228
17615	304650	116	476	2913	0	308155
17616	8730	380	292845	1652	0	303607
17617	3534	295226	5945	1337	0	306042
17618	1978	5823	2402	284980	0	295183
17619	1105	2193	1109	304007	0	308414
17620	299139	1007	683	8565	0	309394
17621	295117	460	579	3898	0	300054
17622	294953	298	537	2416	0	298204
17623	9908	530	268521	1614	0	280573
17624	4194	274141	6328	1515	0	286178
17625	280681	6013	2525	1214	0	290433
17626	7215	281020	1497	1395	0	291127
17627	285784	7007	771	1186	0	294748
17628	8148	2571	588	283973	0	295280
17629	284004	1290	618	7165	0	293077
17630	287422	679	629	3176	0	291906
17631	289763	534	532	2214	0	293043
17632	10710	657	280655	1633	0	293655
17633	286887	494	6261	1404	0	295046
17634	8942	283009	2585	1668	0	296204
17635	295441	6415	1402	1387	0	304645
17636	296941	2557	841	1315	0	301654
17637	300332	1375	789	1334	0	303830
17638	11327	871	820	282754	0	295772
17639	5460	284510	791	7135	0	297896
17640	291023	6592	749	3175	0	301539
17641	9261	3053	281082	2275	0	295671
17642	4973	284905	6446	1981	0	298305
17643	4108	7228	2497	262881	0	276714
17644	3288	279704	1591	5797	0	290380
17645	283601	7670	1083	2590	0	294944
17646	291156	3328	939	1852	0	297275
17647	10994	1933	785	286424	0	300136
17648	5930	1535	274426	7938	0	289829
17649	4171	277354	6689	4136	0	292350
17650	4305	7911	3962	233164	0	249342
17651	3369	3335	1869	280315	0	288888
17652	3167	1906	1334	297378	0	303785
17653	293548	1372	1158	10760	0	306838
17654	298306	1291	1088	4913	0	305598
17655	299993	1278	914	3082	0	305267
17656	303603	1397	912	2298	0	308210
17657	13358	1270	910	293727	0	309265
17658	7083	1506	292034	9291	0	309914
17659	4950	1220	7332	302016	0	315518
17660	4217	1209	3050	305886	0	314362
17661	4400	1252	1746	307892	0	315290
17662	4714	1359	1440	310469	0	317982
17663	301513	1227	1581	13267	0	317588
17664	11121	1232	1921	303584	0	317858
17665	302818	1112	1626	11227	0	316783
17666	307757	1380	1721	6459	0	317317
17667	15113	1297	291626	4729	0	312765
17668	9259	1300	289377	4077	0	304013
17669	7297	1198	298324	4403	0	311222
17670	6789	1213	10692	291093	0	309787
17671	6542	1456	295522	9732	0	313252
17672	5557	1802	9254	291737	0	308350
17673	5136	2084	4145	298902	0	310267
17674	299268	1603	2663	12939	0	316473
17675	12036	1497	2030	292170	0	307733
17676	8336	297724	2059	11388	0	319507
17677	308744	7716	2080	5989	0	324529
17678	12349	308495	2294	5058	0	328196
17679	8003	9184	308723	4146	0	330056
17680	6114	314269	8420	3969	0	332772
17681	314081	9810	4157	3297	0	331345
17682	12308	5106	2701	310568	0	330683
17683	8511	3368	303750	9946	0	325575
17684	309406	2427	8333	5804	0	325970
17685	13373	2347	4011	311684	0	331415
17686	8995	2248	310173	9893	0	331309
17687	7299	2019	8661	315570	0	333549
17688	6323	1971	4639	321818	0	334751
17689	6408	2175	2891	320036	0	331510
17690	6413	313172	2370	12392	0	334347
17691	323970	8364	2224	6258	0	340816
17692	13134	4266	2067	315532	0	334999
17693	8401	317024	1958	10393	0	337776
17694	6414	9589	1557	327602	0	345162
17695	6370	5260	316443	11036	0	339109
17696	5865	319188	8558	6229	0	339840
17697	322097	9342	4549	4595	0	340583
17698	323038	5482	2909	3799	0	335228
17699	13013	3698	2121	313448	0	332280
17700	7383	3249	2052	322254	0	334938
17701	319306	2483	2042	12365	0	336196
17702	309903	2278	2352	6875	0	321408
17703	12571	310101	2442	5695	0	330809
17704	275995	6738	1962	3011	0	287706
17705	8985	2748	254676	2629	0	269038
17706	5127	1728	251211	2440	0	260506
17707	2712	241610	6319	2567	0	253208
17708	1943	237459	2582	1945	0	243929
17709	216536	5277	5285	1168	0	228266
17710	3686	215172	1204	1398	0	221460
17711	214458	3364	837	719	0	219378
17712	211448	1164	486	740	0	213838
17713	208794	820	515	727	0	210856
17714	4062	551	459	205000	0	210072
17715	208751	511	658	3297	0	213217
17716	3858	629	201268	1408	0	207163
17717	1740	623	203467	1022	0	206852
17718	1129	204273	3599	1261	0	210262
17719	1188	2796	209228	858	0	214070
17720	958	1092	3061	198818	0	203929
17721	958	598	212642	3297	0	217495
17722	1028	736	208874	1360	0	211998
17723	817	552	3433	208006	0	212808
17724	212721	528	1383	3163	0	217795
17725	212714	551	864	1322	0	215451
17726	3889	664	221373	858	0	226784
17727	216586	477	3009	897	0	220969
17728	3738	540	227126	766	0	232170
17729	224717	440	3238	678	0	229073
17730	237880	436	1312	739	0	240367
17731	3998	424	856	233613	0	238891
17732	1784	449	676	227256	0	230165
17733	1202	219572	847	3731	0	225352
17734	1048	228871	699	1618	0	232236
17735	1031	3327	681	227459	0	232498
17736	955	1351	628	230612	0	233546
17737	225586	711	652	3574	0	230523
17738	3222	219019	747	1763	0	224751
17739	224271	2924	632	1062	0	228889
17740	3251	220059	803	1046	0	225159
17741	1656	3270	219134	622	0	224682
17742	1049	1256	2885	219263	0	224453
17743	222324	718	1116	3153	0	227311
17744	231342	538	709	1341	0	233930
17745	4422	234861	739	1196	0	241218
17746	1764	245669	686	1220	0	249339
17747	1188	251297	611	778	0	253874
17748	1018	5071	615	273854	0	280558
17749	1209	1934	271536	5705	0	280384
17750	862	272542	5705	1881	0	280990
17751	953	5531	1411	279091	0	286986
17752	652	1421	664	288187	0	290924
17753	901	886	278650	6795	0	287232
17754	871	856	277575	1887	0	281189
17755	271262	665	6727	1131	0	279785
17756	6449	611	285714	759	0	293533
17757	283118	522	6227	626	0	290493
17758	282806	480	1681	603	0	285570
17759	283609	494	970	619	0	285692
17760	281924	506	773	635	0	283838
17761	7927	902	267321	616	0	276766
17762	2368	268080	5531	1158	0	277137
17763	1463	5794	1588	277766	0	286611
17764	1363	1786	273351	6038	0	282538
17765	1055	1007	5871	269165	0	277098
17766	944	265401	2357	6220	0	274922
17767	1135	5890	1043	285412	0	293480
17768	1104	1705	863	288370	0	292042
17769	1093	1072	800	286764	0	289729
17770	282784	813	1002	7757	0	292356
17771	6470	799	898	282683	0	290850
17772	2224	765	840	285698	0	289527
17773	1385	790	1004	283651	0	286830
17774	1190	266480	1252	7882	0	276804
17775	271074	5863	1007	2646	0	280590
17776	6279	255716	1206	1937	0	265138
17777	1941	258387	1027	1740	0	263095
17778	1607	6616	1236	260676	0	270135
17779	1447	2067	901	263855	0	268270
17780	259894	1046	966	7482	0	269388
17781	6627	839	905	261944	0	270315
17782	263968	738	819	7101	0	272626
17783	307806	755	947	2634	0	312142
17784	11192	843	1029	304967	0	318031
17785	4288	832	919	306890	0	312929
17786	2158	303740	1079	12523	0	319500
17787	314061	9785	870	4989	0	329705
17788	10449	319743	1030	3395	0	334617
17789	325173	11410	1136	2178	0	339897
17790	12744	4697	311205	1943	0	330589
17791	315144	2278	10194	1901	0	329517
17792	332979	1561	3470	2015	0	340025
17793	15046	1257	1662	320716	0	338681
17794	6232	1600	312313	12542	0	332687
17795	3336	314726	10926	5986	0	334974
17796	2348	11928	3836	329394	0	347506
17797	2863	4814	319226	13770	0	340673
17798	2004	2695	11472	324622	0	340793
17799	319126	1667	4386	14230	0	339409
17800	13351	1674	306565	6149	0	327739
17801	5362	305146	11786	4191	0	326485
17802	3488	323295	4605	3207	0	334595
17803	3472	15438	2312	278166	0	299388
17804	2522	313395	1991	10003	0	327911
17805	316457	12952	1556	4388	0	335353
17806	319228	5198	1244	3085	0	328755
17807	323321	2838	1245	2659	0	330063
17808	17140	2488	293076	2356	0	315060
17809	305978	1981	11241	2518	0	321718
17810	14265	2172	4258	300349	0	321044
17811	6342	1910	2359	307495	0	318106
17812	3718	1906	1802	310696	0	318122
17813	3127	1804	2351	313826	0	321108
17814	3223	1834	290616	18048	0	313721
17815	3068	1863	294069	8202	0	307202
17816	3079	1796	292249	4993	0	302117
17817	277758	1636	15522	3922	0	298838
17818	13180	280177	6264	4265	0	303886
17819	5771	12016	3390	283128	0	304305
17820	280473	5116	2238	13726	0	301553
17821	13259	279981	1982	6995	0	302217
17822	6077	292215	2070	4603	0	304965
17823	283125	15778	1828	3143	0	303874
17824	288515	6346	1956	2927	0	299744
17825	16418	281184	2124	3245	0	302971
17826	7732	12805	1589	260659	0	282785
17827	4791	270343	1694	12599	0	289427
17828	268838	13096	1645	5997	0	289576
17829	271419	6039	1687	3848	0	282993
17830	269454	3633	1543	3569	0	278199
17831	17748	253678	1899	3665	0	276990
17832	7675	12128	1729	261709	0	283241
17833	5300	5615	251347	14078	0	276340
17834	4317	3406	11403	257986	0	277112
17835	3644	3007	4557	269606	0	280814
17836	3768	3431	248097	17119	0	272415
17837	249565	2494	11797	7672	0	271528
17838	13694	2513	4999	257166	0	278372
17839	6824	2682	2845	257502	0	269853
17840	4912	250875	2194	16451	0	274432
17841	252652	12605	1924	7442	0	274623
17842	14138	6155	1840	246148	0	268281
17843	6772	247368	1938	14342	0	270420
17844	235013	11913	1723	6694	0	255343
17845	12686	230679	1727	4874	0	249966
17846	219490	12000	1739	3597	0	236826
17847	13557	5299	211169	3444	0	233469
17848	6058	3157	188310	2688	0	200213
17849	3714	2180	181112	2440	0	189446
17850	2758	178190	12097	2502	0	195547
17851	3621	9273	6786	156116	0	175796
17852	3024	170546	2662	7790	0	184022
17853	172428	9333	2018	4492	0	188271
17854	9545	4871	167695	3043	0	185154
17855	168243	3131	8468	2338	0	182180
17856	173480	2616	4277	2020	0	182393
17857	12349	2290	2624	165302	0	182565
17858	170439	2081	1977	8786	0	183283
17859	10993	1950	1918	169001	0	183862
17860	5680	2140	161943	9920	0	179683
17861	163753	2074	8180	4848	0	178855
17862	9803	161863	4182	3213	0	179061
17863	5304	8438	2564	166739	0	183045
17864	166398	4502	1794	8805	0	181499
17865	10142	2854	1602	166960	0	181558
17866	5694	2140	153478	10327	0	171639
17867	3711	1734	8183	157853	0	171481
17868	3032	155907	4116	9957	0	173012
17869	159258	8318	2395	5036	0	175007
17870	9587	4255	1830	158568	0	174240
17871	159779	2738	1699	9676	0	173892
17872	10550	1923	1359	159562	0	173394
17873	5342	1743	1464	156972	0	165521
17874	3686	153928	1523	11590	0	170727
17875	152621	8371	1410	5650	0	168052
17876	9544	160814	1219	4131	0	175708
17877	4800	9411	1396	146309	0	161916
17878	3270	152505	1177	8692	0	165644
17879	152557	9065	980	4875	0	167477
17880	153444	4609	1046	3495	0	162594
17881	152497	2753	1005	3069	0	159324
17882	12132	140788	1424	2706	0	157050
17883	2483	97780	549	1132	0	101944
17884	95236	4451	625	1062	0	101374
17885	4453	97068	491	1080	0	103092
17886	1972	4963	619	87742	0	95296
17887	1652	1439	81570	3344	0	88005
17888	74242	769	2055	1150	0	78216
17889	77625	595	632	745	0	79597
17890	77393	592	364	539	0	78888
17891	3013	75190	240	597	0	79040
17892	73793	2011	135	410	0	76349
17893	2553	909	74161	374	0	77997
17894	1020	72211	1556	361	0	75148
17895	554	2202	423	65958	0	69137
17896	324	65406	312	916	0	66958
17897	63187	907	80	253	0	64427
17898	839	63401	116	268	0	64624
17899	284	870	67	63721	0	64942
17900	245	63466	104	803	0	64618
17901	321	885	208	66144	0	67558
17902	192	267	136	64966	0	65561
17903	223	269	64205	959	0	65656
17904	171	164	744	62544	0	63623
17905	63103	162	209	965	0	64439
17906	62666	133	191	303	0	63293
17907	1012	197	86	62745	0	64040
17908	446	158	61933	915	0	63452
17909	322	163	768	61613	0	62866
17910	62187	137	209	954	0	63487
17911	66059	137	205	331	0	66732
17912	66616	129	123	284	0	67152
17913	1128	68469	152	220	0	69969
17914	72187	782	93	223	0	73285
17915	1043	333	69191	181	0	70748
17916	77096	236	846	202	0	78380
17917	1038	173	227	80720	0	82158
17918	419	148	222	81721	0	82510
17919	375	184	92	82757	0	83408
17920	80481	191	81	1399	0	82152
17921	79243	149	118	578	0	80088
17922	1272	154	91	79487	0	81004
17923	626	183	81560	1138	0	83507
17924	427	133	901	82061	0	83522
17925	331	128	224	82775	0	83458
17926	380	179	81393	1344	0	83296
17927	270	80014	927	717	0	81928
17928	267	953	285	86124	0	87629
17929	86533	348	199	1156	0	88236
17930	1088	265	131	86134	0	87618
17931	446	314	70	87495	0	88325
17932	87978	185	73	1388	0	89624
17933	1186	85637	146	766	0	87735
17934	474	88002	112	500	0	89088
17935	89487	1218	111	296	0	91112
17936	1200	529	87868	236	0	89833
17937	83275	339	865	245	0	84724
17938	1269	234	93916	267	0	95686
17939	466	92413	1018	300	0	94197
17940	97208	917	309	245	0	98679
17941	97597	303	180	261	0	98341
17942	97951	283	109	220	0	98563
17943	99171	185	99	242	0	99697
17944	1433	226	96931	230	0	98820
17945	612	221	826	94917	0	96576
17946	98821	186	304	994	0	100305
17947	1153	153	102576	374	0	104256
17948	554	207	100912	288	0	101961
17949	384	97552	1049	269	0	99254
17950	101467	581	441	139	0	102628
17951	793	196	193	99191	0	100373
17952	102001	115	123	572	0	102811
17953	681	102412	120	302	0	103515
17954	303	581	68	112654	0	113606
17955	215	263	73	112574	0	113125
17956	161	141	76	116855	0	117233
17957	257	153	117418	1435	0	119263
17958	141	117353	1124	652	0	119270
17959	133236	1163	329	260	0	134988
17960	1649	468	189	133099	0	135405
17961	132917	189	118	1790	0	135014
17962	130539	110	129	651	0	131429
17963	2240	103	57	131532	0	133932
17964	963	152	133956	1913	0	136984
17965	477	88	1598	134496	0	136659
17966	285	133931	614	1947	0	136777
17967	234	1535	271	141195	0	143235
17968	250	553	137696	2008	0	140507
17969	136609	268	1672	759	0	139308
17970	1778	155	549	141697	0	144179
17971	141351	123	319	1921	0	143714
17972	2073	175	138577	808	0	141633
17973	133391	94	1727	481	0	135693
17974	2174	168	139991	292	0	142625
17975	132240	104	1754	287	0	134385
17976	1903	131994	763	314	0	134974
17977	732	138651	413	317	0	140113
17978	481	2075	227	141326	0	144109
17979	340	778	219	138729	0	140066
17980	267	383	144	142863	0	143657
17981	143399	209	140	2396	0	146144
17982	1729	165	134	145148	0	147176
17983	757	183	144678	2110	0	147728
17984	137632	134	1587	934	0	140287
17985	1741	144701	676	616	0	147734
17986	150990	1602	322	358	0	153272
17987	147325	605	222	406	0	148558
17988	2489	346	149469	335	0	152639
17989	1100	264	1715	147067	0	150146
17990	615	183	640	158763	0	160201
17991	582	264	159299	2564	0	162709
17992	354	153540	2123	1236	0	157253
17993	159333	1937	827	631	0	162728
17994	161229	683	394	589	0	162895
17995	2618	452	299	162386	0	165755
17996	1104	268	250	163631	0	165253
17997	627	255	226	172226	0	173334
17998	167909	170	424	3180	0	171683
17999	2245	169529	351	1534	0	173659
18000	175041	2118	289	786	0	178234
18001	173691	795	279	625	0	175390
18002	3288	568	179082	519	0	183457
18003	1429	359	2462	175170	0	179420
18004	911	182411	1009	2719	0	187050
18005	762	2571	477	189273	0	193083
18006	617	1180	343	197175	0	199315
18007	601	635	198207	4047	0	203490
18008	204182	385	3100	1764	0	209431
18009	226332	328	1152	1101	0	228913
18010	233935	304	648	891	0	235778
18011	5813	305	457	230851	0	237426
18012	2248	356	420	228120	0	231144
18013	1419	222607	492	5774	0	230292
18014	919	233727	579	2453	0	237678
18015	232421	5622	442	1273	0	239758
18016	5067	225408	655	1257	0	232387
18017	2177	5045	224296	962	0	232480
18018	1491	1797	4563	231513	0	239364
18019	235783	946	1729	5355	0	243813
18020	5742	782	230199	2258	0	238981
18021	2483	865	228345	1374	0	233067
18022	234336	589	6143	1102	0	242170
18023	236863	634	2211	1043	0	240751
18024	6983	598	1132	233203	0	241916
18025	3100	678	232054	5634	0	241466
18026	1769	766	5060	235518	0	243113
18027	1696	941	234025	6153	0	242815
18028	1630	928	234108	2618	0	239284
18029	1318	236319	6512	1957	0	246106
18030	244913	4997	2632	1263	0	253805
18031	244657	1870	1577	1240	0	249344
18032	7059	238534	1334	1350	0	248277
18033	3186	5394	1212	241430	0	251222
18034	2134	2104	1197	244114	0	249549
18035	1804	1251	1107	249436	0	253598
18036	243764	935	1101	7458	0	253258
18037	5898	237637	1156	3638	0	248329
18038	239297	5115	1212	2124	0	247748
18039	239941	2138	1211	1719	0	245009
18040	7557	1454	227833	1513	0	238357
18041	3529	228348	5469	1418	0	238764
18042	2420	5468	2310	237904	0	248102
18043	2164	2367	234158	5654	0	244343
18044	232565	1365	5639	2757	0	242326
18045	241758	1115	2312	2004	0	247189
18046	241708	1017	1533	1847	0	246105
18047	238904	905	1358	1761	0	242928
18048	8122	851	1203	232626	0	242802
18049	4059	992	228729	5997	0	239777
18050	2757	938	5276	231502	0	240473
18051	233418	941	2328	6385	0	243072
18052	233853	849	1518	2981	0	239201
18053	7556	226100	1374	2241	0	237271
18054	227395	4819	1232	1562	0	235008
18055	6898	2148	221374	1554	0	231974
18056	3651	1397	220154	1367	0	226569
18057	214099	1115	6333	1364	0	222911
18058	6253	214505	2510	1421	0	224689
18059	3197	3994	1324	202798	0	211313
18060	2268	204918	1138	4368	0	212692
18061	2136	4219	903	212929	0	220187
18062	1883	1788	906	213511	0	218088
18063	1761	1233	964	220410	0	224368
18064	213793	1003	801	6000	0	221597
18065	216247	940	838	2666	0	220691
18066	214737	937	914	1687	0	218275
18067	6883	1087	206946	1351	0	216267
18068	203728	865	4533	1363	0	210489
18069	5932	796	2174	215010	0	223912
18070	3228	760	1414	224877	0	230279
18071	2616	832	220023	6414	0	229885
18072	2120	908	5098	238389	0	246515
18073	251572	827	2085	7203	0	261687
18074	7576	939	246043	3222	0	257780
18075	3276	641	6258	251135	0	261310
18076	253392	648	2585	7187	0	263812
18077	252483	619	1797	3231	0	258130
18078	9053	748	249135	2235	0	261171
18079	4495	875	252366	1768	0	259504
18080	2974	820	7565	256295	0	267654
18081	261795	756	3232	7045	0	272828
18082	264337	739	2053	3318	0	270447
18083	8799	868	1425	248303	0	259395
18084	4104	255058	1422	6948	0	267532
18085	259381	5900	1295	3248	0	269824
18086	7746	257529	1452	2808	0	269535
18087	3749	6372	1313	263735	0	275169
18088	3145	2282	254698	7410	0	267535
18089	2691	1572	248166	3350	0	255779
18090	2600	997	253446	2250	0	259293
18091	2218	821	8522	245693	0	257254
18092	2027	669	3510	255394	0	261600
18093	250595	633	2256	8473	0	261957
18094	7301	244384	1693	4162	0	257540
18095	251663	5889	1299	2499	0	261350
18096	8174	2191	1301	237543	0	249209
18097	3649	240857	1411	6609	0	252526
18098	2801	253498	1271	2921	0	260491
18099	2550	7523	1120	249803	0	260996
18100	246666	2682	1250	7086	0	257684
18101	6951	245829	1317	3522	0	257619
18102	237084	5808	1231	2084	0	246207
18103	6958	240087	1228	2019	0	250292
18104	239674	6303	1657	1628	0	249262
18105	7465	2421	231829	1454	0	243169
18106	3452	1804	226287	1255	0	232798
18107	2371	223616	6306	1316	0	233609
18108	208826	5914	4217	1180	0	220137
18109	4575	197663	1529	1001	0	204768
18110	1815	189788	948	863	0	193414
18111	2921	5127	623	191123	0	199794
18112	191711	1874	561	3833	0	197979
18113	4064	192058	627	1663	0	198412
18114	188719	3680	512	995	0	193906
18115	4005	186259	529	923	0	191716
18116	184899	3788	390	485	0	189562
18117	3894	181976	368	683	0	186921
18118	1445	185647	432	587	0	188111
18119	1161	4209	329	180348	0	186047
18120	628	182004	376	2885	0	185893
18121	183338	3602	348	929	0	188217
18122	3431	1456	178310	801	0	183998
18123	1208	966	2877	180531	0	185582
18124	1000	822	183356	3267	0	188445
18125	660	551	3333	180728	0	185272
18126	669	568	1107	185882	0	188226
18127	755	579	172344	4172	0	177850
18128	154135	600	3243	2004	0	159982
18129	3530	164357	1335	1335	0	170557
18130	172444	3152	924	865	0	177385
18131	3975	170512	730	864	0	176081
18132	1696	3641	582	173735	0	179654
18133	174246	1298	635	3441	0	179620
18134	175349	1068	729	1348	0	178494
18135	177326	711	669	1181	0	179887
18136	4823	641	544	171823	0	177831
18137	2358	703	510	174945	0	178516
18138	1701	176566	564	3967	0	182798
18139	182317	3424	613	1796	0	188150
18140	184579	1386	570	1348	0	187883
18141	183276	1231	695	900	0	186102
18142	182165	877	662	962	0	184666
18143	4927	172333	890	902	0	179052
18144	2132	3395	853	179033	0	185413
18145	1656	1521	174266	3635	0	181078
18146	173536	1174	3363	1605	0	179678
18147	186505	883	1151	1564	0	190103
18148	5269	972	181630	970	0	188841
18149	2513	1092	183578	874	0	188057
18150	1792	1054	4412	182063	0	189321
18151	1213	1124	1667	190773	0	194777
18152	1066	1081	1062	194504	0	197713
18153	188898	1130	776	5529	0	196333
18154	4367	987	660	191000	0	197014
18155	2069	936	183040	5061	0	191106
18156	1514	954	3922	187255	0	193645
18157	1427	885	189325	5064	0	196701
18158	1140	914	4371	188326	0	194751
18159	1197	959	1550	203442	0	207148
18160	1255	944	197702	5485	0	205386
18161	184226	878	4398	2518	0	192020
18162	4499	196607	1753	1819	0	204678
18163	203553	4756	1026	1075	0	210410
18164	5348	2109	601	211414	0	219472
18165	209836	1672	507	5253	0	217268
18166	5817	218999	595	2488	0	227899
18167	2583	234964	549	1856	0	239952
18168	1811	9521	503	249247	0	261082
18169	1789	3616	253089	7482	0	265976
18170	1440	2723	246475	2796	0	253434
18171	1171	249227	9203	2257	0	261858
18172	226022	7247	3232	1513	0	238014
18173	6463	2406	1834	225632	0	236335
18174	222886	1406	1371	7015	0	232678
18175	7304	218268	1392	2655	0	229619
18176	2965	228145	1155	1692	0	233957
18177	2108	9202	845	227503	0	239658
18178	226026	3567	661	7160	0	237414
18179	228767	2380	439	2989	0	234575
18180	9599	1801	216668	1912	0	229980
18181	4017	1761	209935	1465	0	217178
18182	212039	1307	7696	1121	0	222163
18183	7625	211785	3275	1338	0	224023
18184	215336	6613	2249	809	0	225007
18185	8432	2566	1434	211909	0	224341
18186	3818	1763	203957	6567	0	216105
18187	197944	1270	6787	2587	0	208588
18188	7424	199382	2955	1778	0	211539
18189	3137	208097	1902	1451	0	214587
18190	2691	8110	1815	205921	0	218537
18191	207024	3469	1226	6916	0	218635
18192	6992	2279	1282	208490	0	219043
18193	213318	1675	1118	7520	0	223631
18194	8112	1879	202289	3310	0	215590
18195	204806	1567	5781	2239	0	214393
18196	213898	1172	2062	2183	0	219315
18197	10146	1280	196665	1606	0	209697
18198	195929	1065	6407	1580	0	204981
18199	9071	195178	2820	1421	0	208490
18200	4564	6275	2076	189009	0	201924
18201	3611	197776	1666	5840	0	208893
18202	201471	7193	1431	2341	0	212436
18203	8014	3047	1550	192431	0	205042
18204	3860	192006	1353	6821	0	204040
18205	2876	7311	1082	193105	0	204374
18206	2363	192163	825	7843	0	203194
18207	2020	8013	697	198128	0	208858
18208	195422	3580	702	8220	0	207924
18209	7233	2429	741	197014	0	207417
18210	3679	2282	189278	8320	0	203559
18211	188563	1739	6034	4411	0	200747
18212	7661	1760	2310	193922	0	205653
18213	3704	1459	186382	8406	0	199951
18214	3234	1288	182841	4154	0	191517
18215	2773	1160	191399	3139	0	198471
18216	2320	948	9474	186723	0	199465
18217	2446	929	4528	195855	0	203758
18218	1973	1028	3277	195815	0	202093
18219	1851	971	2729	199933	0	205484
18220	192946	1094	2319	10618	0	206977
18221	199228	1163	2079	5551	0	208021
18222	200980	1205	1583	4232	0	208000
18223	203732	1334	1283	3643	0	209992
18224	10804	1152	1067	196087	0	209110
18225	6117	1338	195020	8684	0	211159
18226	201369	1172	6269	4397	0	213207
18227	211377	1297	2548	3174	0	218396
18228	10894	1321	1856	203784	0	217855
18229	5892	1178	1679	211500	0	220249
18230	210596	1098	1521	10153	0	223368
18231	9410	1024	1724	199446	0	211604
18232	5014	196516	1745	9261	0	212536
18233	206609	6537	1705	4895	0	219746
18234	205875	2744	1606	3998	0	214223
18235	10822	2182	203514	3379	0	219897
18236	5699	1822	7010	207102	0	221633
18237	4196	1498	3115	217028	0	225837
18238	210101	1475	2341	10383	0	224300
18239	214600	1332	1951	5074	0	222957
18240	11124	1322	1381	211190	0	225017
18241	6094	1292	204556	9517	0	221459
18242	4830	1078	207379	5168	0	218455
18243	4129	949	8442	210157	0	223677
18244	3947	1260	3820	217230	0	226257
18245	208424	915	2620	10590	0	222549
18246	9231	201024	2389	5846	0	218490
18247	4787	200489	2218	4138	0	211632
18248	3744	205441	2140	3217	0	214542
18249	3494	8730	1903	202274	0	216401
18250	201205	3592	1827	8479	0	215103
18251	201896	2594	1096	4183	0	209769
18252	9466	197448	809	3536	0	211259
18253	203265	7403	738	2765	0	214171
18254	9230	3424	766	200716	0	214136
18255	4766	2540	198113	8083	0	213502
18256	4133	1894	6011	199967	0	212005
18257	3694	1482	2275	204362	0	211813
18258	2959	1478	1745	204763	0	210945
18259	191300	999	1426	10344	0	204069
18260	7555	1052	1294	185595	0	195496
18261	3854	180529	1364	9346	0	195093
18262	177406	5456	2108	5054	0	190024
18263	6994	174443	1365	4109	0	186911
18264	2889	169086	1196	3236	0	176407
18265	2635	171550	1118	2631	0	177934
18266	2432	5452	147670	2090	0	157644
18267	1383	141287	3919	1806	0	148395
18268	1396	2894	120509	1261	0	126060
18269	109266	1030	1468	552	0	112316
18270	114792	238	275	504	0	115809
18271	1487	398	116127	453	0	118465
18272	117735	285	956	485	0	119461
18273	126798	172	254	406	0	127630
18274	1444	263	124175	392	0	126274
18275	565	127155	999	447	0	129166
18276	450	1018	389	135322	0	137179
18277	139168	329	188	1169	0	140854
18278	1278	267	174	137750	0	139469
18279	148034	260	166	1357	0	149817
18280	146505	216	204	504	0	147429
18281	1467	280	144191	434	0	146372
18282	144711	216	967	412	0	146306
18283	1304	146533	382	470	0	148689
18284	154958	1069	201	413	0	156641
18285	1453	363	143	154798	0	156757
18286	733	375	156320	1347	0	158775
18287	514	266	1022	153869	0	155671
18288	156785	228	331	1395	0	158739
18289	1255	152387	364	926	0	154932
18290	711	1207	155054	555	0	157527
18291	561	381	1044	147629	0	149615
18292	608	306	156027	1432	0	158373
18293	491	154083	1255	745	0	156574
18294	161324	1114	383	490	0	163311
18295	1333	425	299	160370	0	162427
18296	673	408	161409	1363	0	163853
18297	585	492	153862	630	0	155569
18298	164973	316	1285	540	0	167114
18299	1427	332	453	170889	0	173101
18300	624	336	317	171729	0	173006
18301	594	376	174651	1614	0	177235
18302	643	402	171930	589	0	173564
18303	522	174536	1606	617	0	177281
18304	537	1368	496	184633	0	187034
18305	504	532	385	183377	0	184798
18306	535	178137	468	1640	0	180780
18307	652	1594	179561	721	0	182528
18308	169719	501	1497	580	0	172297
18309	1604	366	512	187291	0	189773
18310	762	352	190721	1668	0	193503
18311	504	440	1408	181851	0	184203
18312	553	181444	742	1689	0	184428
18313	639	1573	187241	726	0	190179
18314	179691	560	1581	613	0	182445
18315	1779	560	195508	533	0	198380
18316	776	568	190386	417	0	192147
18317	653	420	187393	418	0	188884
18318	718	410	203430	418	0	204976
18319	412	359	1879	198673	0	201323
18320	590	308	221003	1837	0	223738
18321	390	410	1788	211659	0	214247
18322	283	215854	776	2038	0	218951
18323	239454	1811	435	652	0	242352
18324	2555	634	305	240628	0	244122
18325	988	495	234376	3175	0	239034
18326	526	229600	2819	1381	0	234326
18327	436	2437	877	241177	0	244927
18328	239310	805	833	2728	0	243676
18329	2397	234285	576	1446	0	238704
18330	915	2514	335	247569	0	251333
18331	250615	804	379	2761	0	254559
18332	2805	629	244900	1061	0	249395
18333	244331	392	2583	565	0	247871
18334	2995	350	249449	744	0	253538
18335	236106	197	2658	337	0	239298
18336	240880	166	998	358	0	242402
18337	3316	377	235935	310	0	239938
18338	1048	229243	2432	482	0	233205
18339	561	2345	914	238779	0	242599
18340	505	800	242033	2364	0	245702
18341	373	548	2396	231270	0	234587
18342	314	337	963	240125	0	241739
18343	394	271	241092	3125	0	244882
18344	451	362	237945	1144	0	239902
18345	293	225	2940	241944	0	245402
18346	249091	165	1084	2603	0	252943
18347	2466	237354	842	1199	0	241861
18348	955	244025	553	945	0	246478
18349	254381	2848	388	431	0	258048
18350	257822	990	390	384	0	259586
18351	3252	511	366	256665	0	260794
18352	1246	325	364	258842	0	260777
18353	691	253	362	264193	0	265499
18354	258864	230	470	3607	0	263171
18355	2593	246222	497	1541	0	250853
18356	1055	253559	464	1082	0	256160
18357	616	3086	418	259679	0	263799
18358	518	991	385	261490	0	263384
18359	414	552	396	262769	0	264131
18360	261214	356	359	3783	0	265712
18361	2607	259801	484	2007	0	264899
18362	270207	2723	393	883	0	274206
18363	3520	1193	261997	788	0	267498
18364	1270	262130	3229	824	0	267453
18365	730	3309	1154	270057	0	275250
18366	270407	1157	679	3708	0	275951
18367	3799	798	267797	1414	0	273808
18368	1541	765	267078	943	0	270327
18369	908	480	4270	266590	0	272248
18370	683	448	1531	274395	0	277057
18371	612	419	855	272886	0	274772
18372	624	457	618	264589	0	266288
18373	595	471	508	263765	0	265339
18374	569	250253	658	5685	0	257165
18375	599	3559	465	259270	0	263893
18376	253921	1126	743	4623	0	260413
18377	3459	250915	630	2550	0	257554
18378	253610	3574	706	1455	0	259345
18379	4223	1491	243238	1395	0	250347
18380	1748	1063	245692	1091	0	249594
18381	1114	733	4450	256807	0	263104
18382	1097	692	314964	4404	0	321157
18383	834	527	7272	315086	0	323719
18384	779	580	2947	322143	0	326449
18385	323824	476	1550	10075	0	335925
18386	317889	504	1004	4403	0	323800
18387	9714	327404	1043	2451	0	340612
18388	3892	344231	883	1917	0	350923
18389	1924	10561	690	346379	0	359554
18390	348277	4087	741	9075	0	362180
18391	8888	2213	345691	3973	0	360765
18392	3478	1299	8399	347395	0	360571
18393	2049	775	3362	354449	0	360635
18394	1530	1029	338325	12266	0	353150
18395	993	338343	9096	6172	0	354604
18396	1024	8460	3465	350581	0	363530
18397	1324	3507	344615	10492	0	359938
18398	1043	1801	8992	345953	0	357789
18399	327800	1158	3727	11152	0	343837
18400	8584	326909	2243	5504	0	343240
18401	3606	338068	1601	3017	0	346292
18402	2136	11588	1229	338098	0	353051
18403	324540	4478	1224	10091	0	340333
18404	8625	325937	1335	5281	0	341178
18405	333857	9033	1405	3550	0	347845
18406	10519	3929	326942	3058	0	344448
18407	4766	2481	335927	2883	0	346057
18408	2940	1855	12080	314634	0	331509
18409	2463	1821	4937	348482	0	357703
18410	337577	1799	2572	13475	0	355423
18411	10811	1960	1560	337826	0	352157
18412	5169	2125	330276	12103	0	349673
18413	3106	2059	9513	329009	0	343687
18414	2375	1855	4100	346405	0	354735
18415	2180	1805	318801	14754	0	337540
18416	305519	1704	10236	7692	0	325151
18417	9905	1930	4690	329377	0	345902
18418	315183	1527	3155	12332	0	332197
18419	10533	296375	2669	6952	0	316529
18420	294268	9260	2386	4410	0	310324
18421	10230	288531	2369	4333	0	305463
18422	4499	293668	2220	4256	0	304643
18423	4474	11468	2440	277206	0	295588
18424	275146	4906	1997	9957	0	292006
18425	278701	3200	1348	5229	0	288478
18426	11502	2552	1361	272902	0	288317
18427	275110	2163	1494	10284	0	289051
18428	276267	2108	1467	5432	0	285274
18429	12595	3609	1472	270058	0	287734
18430	264433	1729	1911	10267	0	278340
18431	10734	261501	2164	5598	0	279997
18432	269569	8482	2095	4235	0	284381
18433	10688	4073	258085	4128	0	276974
18434	270842	2330	8333	3991	0	285496
18435	10821	1566	4194	270794	0	287375
18436	5312	1383	2985	280864	0	290544
18437	3441	1377	2341	282365	0	289524
18438	2975	1516	2216	281815	0	288522
18439	2699	1467	2100	277878	0	284144
18440	3033	249248	2288	14393	0	268962
18441	3013	268618	1943	7681	0	281255
18442	270982	10468	1654	5186	0	288290
18443	10873	5223	259808	3877	0	279781
18444	263766	3722	8172	3454	0	279114
18445	11696	3371	261549	3317	0	279933
18446	6215	2840	8983	259057	0	277095
18447	4661	2585	3723	272866	0	283835
18448	259973	2205	2308	13105	0	277591
18449	12069	2196	254287	6680	0	275232
18450	6925	1995	8264	263199	0	280383
18451	5412	1936	264082	11605	0	283035
18452	4684	270691	9257	6916	0	291548
18453	4433	8966	3991	284983	0	302373
18454	283822	3847	2676	12140	0	302485
18455	278303	2793	2240	6635	0	289971
18456	284357	2234	2189	5076	0	293856
18457	14355	275076	2400	5010	0	296841
18458	7247	288968	2264	4755	0	303234
18459	263031	12021	2405	4972	0	282429
18460	10512	281854	2115	5544	0	300025
18461	5132	283612	1955	5657	0	296356
18462	4160	12029	265300	5366	0	286855
18463	3154	269305	8576	4883	0	285918
18464	2990	277086	3888	3946	0	287910
18465	3172	12509	2488	275991	0	294160
18466	3607	5892	272444	10383	0	292326
18467	3680	3710	268757	5454	0	281601
18468	261354	2428	11251	4111	0	279144
18469	11322	2036	270558	3357	0	287273
18470	276054	1894	10461	3455	0	291864
18471	11723	1808	4858	268507	0	286896
18472	6427	270100	3112	10730	0	290369
18473	288120	8833	2470	5663	0	305086
18474	302213	4208	2495	4280	0	313196
18475	13233	2781	2380	297794	0	316188
18476	6904	2271	2308	303531	0	315014
18477	4790	1982	2098	308075	0	316945
18478	297283	1903	1743	14347	0	315276
18479	294127	2123	1558	7026	0	304834
18480	296093	2323	1245	4509	0	304170
18481	14075	269682	1223	3661	0	288641
18482	216766	4875	805	1461	0	223907
18483	6120	209692	737	1500	0	218049
18484	2802	213236	715	1416	0	218169
18485	2848	9249	1860	199360	0	213317
18486	1632	201510	750	4186	0	208078
18487	192704	3696	818	1429	0	198647
18488	3659	2007	313	188524	0	194503
18489	183290	788	384	3450	0	187912
18490	3570	174348	422	1439	0	179779
18491	1404	183526	429	985	0	186344
18492	189550	3489	285	653	0	193977
18493	3485	193592	502	724	0	198303
18494	1828	3181	583	197706	0	203298
18495	1196	1073	511	201686	0	204466
18496	200614	706	308	3914	0	205542
18497	3427	488	250	201272	0	205437
18498	1473	608	203926	3774	0	209781
18499	995	539	3111	207463	0	212108
18500	212044	520	994	4108	0	217666
18501	3930	211804	697	1544	0	217975
18502	229984	4021	468	974	0	235447
18503	230526	1424	442	748	0	233140
18504	233475	1022	304	738	0	235539
18505	6232	904	225631	635	0	233402
18506	2358	970	219450	554	0	223332
18507	213155	561	4459	453	0	218628
18508	4359	218274	1658	651	0	224942
18509	1638	4112	771	224378	0	230899
18510	1196	1466	586	224134	0	227382
18511	822	213038	733	4884	0	219477
18512	844	222110	583	1895	0	225432
18513	747	4980	461	225953	0	232141
18514	796	1809	351	229234	0	232190
18515	886	1318	218864	5407	0	226475
18516	1021	1178	208991	2143	0	213333
18517	215185	730	4947	1317	0	222179
18518	230216	638	1774	955	0	233583
18519	5533	633	1026	227709	0	234901
18520	2363	682	227292	4723	0	235060
18521	1648	656	4321	225246	0	231871
18522	226017	718	1484	5231	0	233450
18523	5260	867	224132	1973	0	232232
18524	2134	726	4269	229819	0	236948
18525	1733	907	230140	4790	0	237570
18526	1162	215559	5132	2487	0	224340
18527	1415	4263	228070	1408	0	235156
18528	1032	2089	4827	226845	0	234793
18529	233479	1174	2221	4582	0	241456
18530	4532	870	1222	236875	0	243499
18531	239288	731	793	5121	0	245933
18532	242392	769	780	2063	0	246004
18533	237895	882	643	1646	0	241066
18534	6284	817	227713	1219	0	236033
18535	233664	596	4119	1202	0	239581
18536	5600	560	1614	236681	0	244455
18537	2425	533	1268	240168	0	244394
18538	1991	683	233828	5656	0	242158
18539	1458	760	4154	235324	0	241696
18540	238902	623	1815	5320	0	246660
18541	4513	231990	1381	2659	0	240543
18542	249731	3932	782	1962	0	256407
18543	252189	1388	699	1636	0	255912
18544	253725	984	842	1432	0	256983
18545	6221	701	703	247972	0	255597
18546	2921	782	249998	5130	0	258831
18547	2111	799	4372	255602	0	262884
18548	1679	639	1726	263928	0	267972
18549	260897	524	1356	6451	0	269228
18550	251642	618	939	3034	0	256233
18551	6692	571	243471	1999	0	252733
18552	2800	470	4412	242012	0	249694
18553	2072	631	244342	6022	0	253067
18554	247978	429	5300	2344	0	256051
18555	6287	271024	2223	1971	0	281505
18556	282160	5394	1385	1350	0	290289
18557	6923	287106	1078	1407	0	296514
18558	291535	6585	824	1203	0	300147
18559	7337	290222	999	1664	0	300222
18560	3022	6919	939	292038	0	302918
18561	2175	2243	723	304757	0	309898
18562	302109	1400	656	8357	0	312522
18563	302783	879	725	3350	0	307737
18564	304799	711	663	2230	0	308403
18565	297720	630	749	1627	0	300726
18566	300237	599	752	1394	0	302982
18567	9929	609	717	288061	0	299316
18568	4308	284377	893	6908	0	296486
18569	2997	6364	580	285665	0	295606
18570	2328	283353	709	7618	0	294008
18571	2062	7017	565	282835	0	292479
18572	1875	281598	775	7547	0	291795
18573	1730	6831	582	283877	0	293020
18574	1971	2436	264352	7872	0	276631
18575	254564	1592	5885	3061	0	265102
18576	7377	264051	2010	2336	0	275774
18577	272141	6344	1186	1568	0	281239
18578	8275	2328	263390	1547	0	275540
18579	262609	1549	6265	1470	0	271893
18580	8374	1330	275020	1513	0	286237
18581	3293	1253	7113	276737	0	288396
18582	2462	289600	2566	7696	0	302324
18583	2360	7539	298043	2773	0	310715
18584	1908	2608	8027	301088	0	313631
18585	300821	1707	2880	9064	0	314472
18586	8752	1182	1852	306611	0	318397
18587	3691	1088	1211	312213	0	318203
18588	2835	1000	947	317845	0	322627
18589	2320	1173	298114	11971	0	313578
18590	2074	1045	7798	299767	0	310684
18591	1837	292432	2913	10232	0	307414
18592	1784	7848	1770	298865	0	310267
18593	1632	2750	1147	302340	0	307869
18594	291408	1822	983	11232	0	305445
18595	8862	1562	843	298976	0	310243
18596	3700	1201	295930	10605	0	311436
18597	2984	1043	294472	4411	0	302910
18598	2138	1066	289553	3351	0	296108
18599	1784	283930	10748	2833	0	299295
18600	285619	8446	5317	2153	0	301535
18601	8201	280491	2341	1979	0	293012
18602	279612	8292	1852	1412	0	291168
18603	9065	2994	1143	275450	0	288652
18604	3701	2070	275613	8393	0	289777
18605	2716	1590	268396	3464	0	276166
18606	1863	273548	9676	2695	0	287782
18607	1775	8246	3606	280141	0	293768
18608	1554	2967	2142	286911	0	293574
18609	1318	2277	1539	293258	0	298392
18610	1530	1624	278093	12150	0	293397
18611	265638	1443	8509	5402	0	280992
18612	9201	1330	278894	3856	0	293281
18613	3665	1224	9247	275674	0	289810
18614	2769	1141	3492	290363	0	297765
18615	2196	1358	275146	11815	0	290515
18616	267852	1213	9069	5434	0	283568
18617	9078	275068	3862	4208	0	292216
18618	282645	8533	2500	2928	0	296606
18619	10071	3373	1782	271921	0	287147
18620	3975	274895	1851	9542	0	290263
18621	2902	8890	1663	284589	0	298044
18622	281554	3491	1722	10985	0	297752
18623	9508	2357	1661	282258	0	295784
18624	4182	1993	268629	11301	0	286105
18625	268709	1571	8806	5235	0	284321
18626	278416	1523	3534	4093	0	287566
18627	11925	1569	266613	3272	0	283379
18628	5210	1472	8937	270634	0	286253
18629	275685	1369	3816	10546	0	291416
18630	10166	1378	2844	270745	0	285133
18631	4519	1408	2008	271457	0	279392
18632	3278	1377	1955	273769	0	280379
18633	2535	1231	1825	275037	0	280628
18634	2371	1411	255366	14160	0	273308
18635	2282	1242	9023	262275	0	274822
18636	2271	1236	253732	12543	0	269782
18637	253919	1208	10054	6009	0	271190
18638	264073	1250	4225	4815	0	274363
18639	264534	1203	3092	3907	0	272736
18640	264829	1116	2406	3858	0	272209
18641	13049	1195	2270	253790	0	270304
18642	249988	1071	2243	10885	0	264187
18643	11478	972	240792	5731	0	258973
18644	5205	1030	241278	4308	0	251821
18645	228791	997	10369	3796	0	243953
18646	9455	227088	4872	3642	0	245057
18647	4284	231745	3036	3684	0	242749
18648	3334	9133	2879	229105	0	244451
18649	2873	3468	223266	9823	0	239430
18650	215584	2320	8777	4934	0	231615
18651	9486	1598	222006	3798	0	236888
18652	4290	210843	8308	3897	0	227338
18653	3763	6893	208573	3233	0	222462
18654	2606	196225	7724	2884	0	209439
18655	170026	6962	5762	2606	0	185356
18656	6250	167921	2450	2654	0	179275
18657	2821	158609	1715	2214	0	165359
18658	2871	6141	1736	157544	0	168292
18659	2022	2582	151780	5909	0	162293
18660	1719	1633	5295	148557	0	157204
18661	1575	1232	2646	153990	0	159443
18662	1746	1210	145972	7190	0	156118
18663	1806	940	5415	141769	0	149930
18664	1828	142948	2791	5981	0	153548
18665	1710	4823	1992	149906	0	158431
18666	148007	2051	1645	6487	0	158190
18667	5576	1478	1621	150504	0	159179
18668	2857	1197	146248	6553	0	156855
18669	2094	1232	5363	150508	0	159197
18670	1887	1124	144957	6810	0	154778
18671	145393	1272	5646	3315	0	155626
18672	5518	1156	2624	149096	0	158394
18673	149105	1056	2083	6474	0	158718
18674	6197	1036	145459	3289	0	155981
18675	137638	879	5509	2727	0	146753
18676	5927	147272	2839	2228	0	158266
18677	2972	4840	147867	2076	0	157755
18678	2201	3250	5413	145532	0	156396
18679	2327	1561	146556	5688	0	156132
18680	1589	134861	5139	3333	0	144922
18681	1466	142214	2544	2388	0	148612
18682	117110	4167	1306	1732	0	124315
18683	3571	124693	1226	1631	0	131121
18684	125857	3954	1415	1389	0	132615
18685	4369	1646	1113	127461	0	134589
18686	1987	1169	122817	4543	0	130516
18687	1421	123878	3870	2054	0	131223
18688	1324	4232	1831	125118	0	132505
18689	1273	1583	1166	131909	0	135931
18690	1199	1124	899	135297	0	138519
18691	1091	1020	988	131924	0	135023
18692	1086	123847	1060	5794	0	131787
18693	864	131329	1007	2759	0	135959
18694	122748	4601	936	1648	0	129933
18695	3806	121376	866	1512	0	127560
18696	1239	3996	668	115200	0	121103
18697	1093	1463	110396	3829	0	116781
18698	745	111240	3203	1676	0	116864
18699	693	3461	1051	110765	0	115970
18700	717	1416	730	110329	0	113192
18701	475	109984	662	3991	0	115112
18702	107832	3331	511	1576	0	113250
18703	3243	1322	105785	1183	0	111533
18704	97934	906	2719	864	0	102423
18705	3047	101675	995	820	0	106537
18706	92073	2581	457	435	0	95546
18707	2518	93942	317	454	0	97231
18708	888	2810	240	100156	0	104094
18709	627	1052	245	103270	0	105194
18710	100017	712	308	3531	0	104568
18711	2732	627	256	101517	0	105132
18712	1067	635	96870	3250	0	101822
18713	558	94308	2406	1370	0	98642
18714	488	97760	864	814	0	99926
18715	451	3200	638	96941	0	101230
18716	569	1266	95448	2829	0	100112
18717	360	1061	2422	94519	0	98362
18718	298	613	734	97926	0	99571
18719	367	542	93437	3545	0	97891
18720	416	585	91150	1548	0	93699
18721	270	93525	2826	1114	0	97735
18722	94857	2686	951	776	0	99270
18723	2517	1131	482	92249	0	96379
18724	883	89626	494	2704	0	93707
18725	93892	2743	407	1208	0	98250
18726	2552	1221	373	93239	0	97385
18727	922	753	321	94074	0	96070
18728	442	89900	401	3604	0	94347
18729	371	2625	373	91719	0	95088
18730	90470	1106	360	3304	0	95240
18731	2578	793	336	91576	0	95283
18732	976	664	378	93637	0	95655
18733	714	725	88595	3595	0	93629
18734	591	802	84801	1544	0	87738
18735	87674	564	2945	1129	0	92312
18736	2567	624	1058	89107	0	93356
18737	1045	599	574	90631	0	92849
18738	672	617	411	92412	0	94112
18739	637	593	86796	4035	0	92061
18740	87051	554	2512	1829	0	91946
18741	2727	585	956	88488	0	92756
18742	1122	594	628	91340	0	93684
18743	87901	551	567	3859	0	92878
18744	2697	85484	596	2127	0	90904
18745	1232	2664	84895	1578	0	90369
18746	680	1148	2542	83604	0	87974
18747	600	84509	1096	3615	0	89820
18748	595	2692	706	88411	0	92404
18749	86183	1102	637	3584	0	91506
18750	2866	765	514	87630	0	91775
18751	85584	720	523	3762	0	90589
18752	84919	648	505	1914	0	87986
18753	3504	651	530	80605	0	85290
18754	1406	78859	571	3459	0	84295
18755	885	82851	548	1954	0	86238
18756	780	3257	80980	1594	0	86611
18757	622	1411	2707	80237	0	84977
18758	685	836	1040	84327	0	86888
18759	673	737	690	85931	0	88031
18760	82570	657	502	4338	0	88067
18761	2970	627	447	84040	0	88084
18762	1395	695	80953	3923	0	86966
18763	82176	528	2552	2135	0	87391
18764	3053	601	986	86138	0	90778
18765	1313	583	693	89167	0	91756
18766	969	518	83949	4413	0	89849
18767	82690	578	2656	2280	0	88204
18768	2976	559	1071	86996	0	91602
18769	1362	549	86697	3899	0	92507
18770	939	471	2762	87505	0	91677
18771	851	543	1261	79747	0	82402
18772	904	85937	888	3579	0	91308
18773	86893	2579	667	2201	0	92340
18774	86404	991	641	1770	0	89806
18775	3418	84572	632	1592	0	90214
18776	83294	2614	645	1327	0	87880
18777	83054	993	511	1407	0	85965
18778	3429	625	491	81492	0	86037
18779	1553	457	77190	3534	0	82734
18780	1146	442	74674	1797	0	78059
18781	791	377	73852	1304	0	76324
18782	762	349	74814	1173	0	77098
18783	644	1736	2725	64398	0	69503
18784	420	331	1424	67080	0	69255
18785	476	288	500	66347	0	67611
18786	559	250	360	68388	0	69557
18787	66085	217	378	2854	0	69534
18788	2112	66497	375	1473	0	70457
18789	68366	1434	422	856	0	71078
18790	2099	575	67498	746	0	70918
18791	918	395	70552	632	0	72497
18792	588	330	1981	71844	0	74743
18793	73372	185	1315	2135	0	77007
18794	66868	187	581	1140	0	68776
18795	2230	70944	476	855	0	74505
18796	882	73443	376	691	0	75392
18797	558	1928	317	75787	0	78590
18798	75279	687	344	1906	0	78216
18799	1725	74472	294	975	0	77466
18800	77572	1633	220	610	0	80035
18801	77640	697	242	552	0	79131
18802	78156	399	231	516	0	79302
18803	2370	368	76440	472	0	79650
18804	1107	76501	1475	548	0	79631
18805	78909	1413	760	406	0	81488
18806	77857	584	619	390	0	79450
18807	2086	74101	326	457	0	76970
18808	686	69777	165	211	0	70839
18809	71359	1357	206	159	0	73081
18810	1356	567	97	70585	0	72605
18811	646	388	70300	1113	0	72447
18812	69627	288	1008	416	0	71339
18813	1348	267	320	73072	0	75007
18814	611	74248	224	1155	0	76238
18815	487	1172	134	77895	0	79688
18816	460	502	77571	1253	0	79786
18817	382	305	1100	76901	0	78688
18818	82566	229	416	1340	0	84551
18819	1376	232	249	82983	0	84840
18820	611	214	179	84631	0	85635
18821	487	292	89283	1653	0	91715
18822	355	233	1137	86955	0	88680
18823	311	88136	473	1455	0	90375
18824	91370	1219	285	643	0	93517
18825	87208	490	200	494	0	88392
18826	1688	310	90238	391	0	92627
18827	706	212	1135	87459	0	89512
18828	427	87187	509	1403	0	89526
18829	356	90273	330	618	0	91577
18830	91668	1467	200	394	0	93729
18831	1371	568	172	93347	0	95458
18832	654	320	91904	1431	0	94309
18833	430	396	90373	598	0	91797
18834	426	257	1465	93393	0	95541
18835	93951	232	565	1429	0	96177
18836	93732	194	325	664	0	94915
18837	1656	188	302	98614	0	100760
18838	783	224	100432	1466	0	102905
18839	438	98080	1295	771	0	100584
18840	102649	1277	496	406	0	104828
18841	1401	100217	373	487	0	102478
18842	103902	1310	274	314	0	105800
18843	1479	507	310	103388	0	105684
18844	726	361	102911	1363	0	105361
18845	444	288	1229	101017	0	102978
18846	103953	266	461	1550	0	106230
18847	1529	257	102730	660	0	105176
18848	630	100558	1332	576	0	103096
18849	453	1194	513	105488	0	107648
18850	105730	478	356	1403	0	107967
18851	1537	341	104336	679	0	106893
18852	667	235	1297	106111	0	108310
18853	493	230	530	110114	0	111367
18854	473	293	108609	1726	0	111101
18855	396	298	1286	106519	0	108499
18856	490	298	108182	1595	0	110565
18857	104262	233	1382	781	0	106658
18858	1450	225	610	114473	0	116758
18859	729	359	121589	1544	0	124221
18860	432	120736	1694	911	0	123773
18861	130191	1627	579	526	0	132923
18862	144509	504	385	482	0	145880
18863	3119	435	402	159422	0	163378
18864	1092	165228	447	3426	0	170193
18865	170991	3784	350	1060	0	176185
18866	4133	1100	287	171856	0	177376
18867	1427	841	169652	4187	0	176107
18868	164139	508	3769	1412	0	169828
18869	4187	165098	1169	1048	0	171502
18870	1427	3715	723	171693	0	177558
18871	172227	1119	552	4179	0	178077
18872	4409	765	168368	1462	0	175004
18873	1617	569	171495	900	0	174581
18874	1016	513	4732	161912	0	168173
18875	824	474	172961	4097	0	178356
18876	729	318	4500	167285	0	172832
18877	498	167529	1821	4434	0	174282
18878	516	3856	1017	178117	0	183506
18879	175477	1122	700	4829	0	182128
18880	4226	825	172693	1771	0	179515
18881	1345	172701	4082	1683	0	179811
18882	896	3974	1259	178238	0	184367
18883	837	1394	180321	4482	0	187034
18884	623	1191	4013	173947	0	179774
18885	492	174581	1593	4294	0	180960
18886	436	182227	932	1656	0	185251
18887	177596	4515	742	1014	0	183867
18888	3337	178234	740	1110	0	183421
18889	1155	4048	174873	629	0	180705
18890	163187	1556	3551	537	0	168831
18891	3679	932	175827	342	0	180780
18892	1172	547	3633	164018	0	169370
18893	824	464	177763	3472	0	182523
18894	517	171714	3859	1318	0	177408
18895	508	3166	1197	179640	0	184511
18896	322	957	758	180382	0	182419
18897	333	607	525	177109	0	178574
18898	309	482	175539	4667	0	180997
18899	237	486	3300	172517	0	176540
18900	235	366	947	180773	0	182321
18901	175078	314	754	4629	0	180775
18902	175650	259	521	1986	0	178416
18903	4118	362	173954	1144	0	179578
18904	1420	165859	3563	1158	0	172000
18905	1081	3176	173977	660	0	178894
18906	681	982	3689	175607	0	180959
18907	627	770	181072	3581	0	186050
18908	419	469	3913	178011	0	182812
18909	313	443	1400	186349	0	188505
18910	330	358	182014	4648	0	187350
18911	166439	330	3780	1946	0	172495
18912	3387	182907	1424	1341	0	189059
18913	1001	3364	841	188149	0	193355
18914	757	1149	190245	3917	0	196068
18915	636	946	183245	1420	0	186247
18916	181371	624	4197	954	0	187146
18917	3395	182930	1748	990	0	189063
18918	988	3352	1057	190638	0	196035
18919	194427	983	809	3718	0	199937
18920	3724	728	642	192981	0	198075
18921	1252	577	524	198385	0	200738
18922	909	702	193421	4977	0	200009
18923	186839	396	3751	2116	0	193102
18924	200108	322	1306	1333	0	203069
18925	4629	351	930	199109	0	205019
18926	200087	309	727	4240	0	205363
18927	4530	347	651	198225	0	203753
18928	1678	187393	774	4611	0	194456
18929	1164	198257	690	1839	0	201950
18930	775	4521	510	204287	0	210093
18931	200339	1476	454	4509	0	206778
18932	3876	946	455	201744	0	207021
18933	203386	688	461	4833	0	209368
18934	205016	610	464	1956	0	208046
18935	5003	441	466	203476	0	209386
18936	1966	354	471	209446	0	212237
18937	1465	391	197453	5447	0	204756
18938	1153	570	200770	2087	0	204580
18939	787	389	4882	206621	0	212679
18940	654	413	217454	5309	0	223830
18941	214760	279	5115	2018	0	222172
18942	4365	346	1864	234691	0	241266
18943	1505	623	244804	5641	0	252573
18944	244677	310	5749	2415	0	253151
18945	267808	296	2150	1550	0	271804
18946	7961	271915	1322	1383	0	282581
18947	3459	6161	788	285201	0	295609
18948	2072	2336	287108	6753	0	298269
18949	290398	1172	6463	2732	0	300765
18950	303585	720	2596	1792	0	308693
18951	8998	804	295502	1271	0	306575
18952	301200	581	6853	1149	0	309783
18953	8164	458	2685	297008	0	308315
18954	3398	698	1524	307155	0	312775
18955	301511	395	1275	8926	0	312107
18956	302912	331	984	3885	0	308112
18957	9199	1321	975	300175	0	311670
18958	4533	560	293163	7808	0	306064
18959	2550	276132	6606	4145	0	289433
18960	2365	5776	284474	2172	0	294787
18961	2257	2224	282222	1676	0	288379
18962	1468	266706	8158	1584	0	277916
18963	1901	4651	4056	240076	0	250684
18964	1021	1669	1583	249419	0	253692
18965	1162	1108	243163	5627	0	251060
18966	1083	609	4550	241020	0	247262
18967	247350	397	2164	5509	0	255420
18968	5020	583	246627	2724	0	254954
18969	250273	374	4896	1737	0	257280
18970	257584	325	2375	1349	0	261633
18971	260212	346	1609	1305	0	263472
18972	7674	521	248600	1271	0	258066
18973	3939	680	249837	1035	0	255491
18974	2516	493	5954	248801	0	257764
18975	1984	732	3061	240182	0	245959
18976	1699	249460	2024	5555	0	258738
18977	255374	4205	1550	2770	0	263899
18978	253609	1665	1551	2021	0	258846
18979	6529	250648	1495	1863	0	260535
18980	257006	4434	1352	1488	0	264280
18981	5882	248230	1394	2206	0	257712
18982	257354	4835	1597	1363	0	265149
18983	5953	2092	1221	249253	0	258519
18984	3285	1356	247734	5346	0	257721
18985	2350	1124	247232	2609	0	253315
18986	1818	879	6266	247808	0	256771
18987	1673	754	3271	253236	0	258934
18988	1826	779	245818	6581	0	255004
18989	1545	820	5509	241568	0	249442
18990	1514	751	3051	253156	0	258472
18991	248707	651	2167	6953	0	258478
18992	251716	603	1774	3571	0	257664
18993	247796	690	1590	2455	0	252531
18994	7684	784	237434	1825	0	247727
18995	4066	234847	5148	2182	0	246243
18996	2892	4651	2633	244125	0	254301
18997	2808	2095	245561	4926	0	255390
18998	2424	242539	5411	2717	0	253091
18999	254856	4713	2738	1862	0	264169
19000	5946	2147	2019	253002	0	263114
19001	3399	1385	1741	258529	0	265054
19002	255826	1026	1557	6877	0	265286
19003	5925	1086	1460	254924	0	263395
19004	3449	976	1439	258086	0	263950
19005	257275	987	1422	7390	0	267074
19006	6296	1116	247638	3999	0	259049
19007	3479	243227	5165	3257	0	255128
19008	252872	4677	2744	2236	0	262529
19009	6313	2356	251462	2082	0	262213
19010	248096	1480	5376	2203	0	257155
19011	6323	254320	3302	2177	0	266122
19012	258326	4767	2357	2088	0	267538
19013	258121	2239	1943	2303	0	264606
19014	253318	1416	1798	2162	0	258694
19015	8030	1189	1673	245813	0	256705
19016	4425	1317	1684	247747	0	255173
19017	3256	242132	1692	7502	0	254582
19018	2862	246696	1898	4043	0	255499
19019	2807	250382	1490	2824	0	257503
19020	251101	5921	1597	2290	0	260909
19021	5895	2724	240701	2164	0	251484
19022	3590	1728	4467	243010	0	252795
19023	2689	1318	2448	243581	0	250036
19024	2266	240983	1877	6460	0	251586
19025	2305	4826	1454	246879	0	255464
19026	2201	2431	1515	244589	0	250736
19027	2042	244995	1405	6732	0	255174
19028	245349	4877	1527	3373	0	255126
19029	5213	245219	1351	3105	0	254888
19030	3392	5286	239588	2185	0	250451
19031	240660	2529	4371	2091	0	249651
19032	5551	244728	2277	2331	0	254887
19033	243439	4589	1725	1874	0	251627
19034	5936	2444	1269	244677	0	254326
19035	3603	1694	1279	246494	0	253070
19036	2955	1474	241285	6044	0	251758
19037	2837	1488	238541	3060	0	245926
19038	2176	2526	4917	238175	0	247794
19039	237631	1296	2499	4703	0	246129
19040	223142	986	1579	2451	0	228158
19041	5727	224911	1211	2089	0	233938
19042	2568	216775	986	1430	0	221759
19043	1709	207559	791	1048	0	211107
19044	3747	6531	2199	194992	0	207469
19045	190915	986	3567	2918	0	198386
19046	188557	358	204	729	0	189848
19047	185833	238	170	505	0	186746
19048	2831	420	176745	610	0	180606
19049	853	211668	2206	607	0	215334
19050	576	2048	611	246595	0	249830
19051	247017	599	360	2524	0	250500
19052	3016	385	244	250313	0	253958
19053	854	282	155	264034	0	265325
19054	262429	237	237	4197	0	267100
19055	278722	250	193	1386	0	280551
19056	5371	447	277475	670	0	283963
19057	1838	212	4170	283369	0	289589
19058	1030	447	276552	4646	0	282675
19059	734	275	4502	281565	0	287076
19060	808	487	272302	5058	0	278655
19061	498	349	4497	279831	0	285175
19062	268213	216	1652	5179	0	275260
19063	4250	269804	997	2233	0	277284
19064	1615	282359	589	1301	0	285864
19065	1261	6021	462	255676	0	263420
19066	649	282693	486	4017	0	287845
19067	284498	4966	460	1482	0	291406
19068	273996	1813	395	980	0	277184
19069	6142	1219	262065	804	0	270230
19070	2174	265675	4510	1167	0	273526
19071	1443	4218	1405	277355	0	284421
19072	1165	1647	270069	4865	0	277746
19073	269032	743	4696	1864	0	276335
19074	4959	590	1614	276114	0	283277
19075	2030	599	271907	5022	0	279558
19076	1023	468	4714	275409	0	281614
19077	275004	338	1934	5490	0	282766
19078	5134	581	267454	2285	0	275454
19079	267516	375	4794	1288	0	273973
19080	275263	444	1865	933	0	278505
19081	6238	570	986	270944	0	278738
19082	2563	714	265848	5206	0	274331
19083	1620	916	260133	2148	0	264817
19084	261264	601	5854	1372	0	269091
19085	269376	517	2245	1177	0	273315
19086	6806	657	259473	1093	0	268029
19087	2885	560	4969	260120	0	268534
19088	1780	549	2147	255212	0	259688
19089	1365	261556	1538	6110	0	270569
19090	1324	4810	1023	267351	0	274508
19091	263835	1646	1073	6254	0	272808
19092	5654	809	985	267270	0	274718
19093	2691	603	257687	6552	0	267533
19094	253741	504	5307	3034	0	262586
19095	5900	693	2300	259465	0	268358
19096	2941	892	249774	6076	0	259683
19097	1937	247729	5530	3279	0	258475
19098	242727	4836	2503	2272	0	252338
19099	5728	251983	1704	2578	0	261993
19100	252499	5348	1426	2150	0	261423
19101	6858	2303	241238	2127	0	252526
19102	3351	238195	5604	2219	0	249369
19103	2680	250386	2559	2057	0	257682
19104	2250	6634	2037	244863	0	255784
19105	2202	2611	1676	252143	0	258632
19106	2198	1736	241677	7896	0	253507
19107	1833	1275	5819	247255	0	256182
19108	244220	1143	3031	7494	0	255888
19109	6535	1303	236244	4022	0	248104
19110	3396	1206	6059	239793	0	250454
19111	2695	1362	230871	7067	0	241995
19112	225280	1408	6477	3846	0	237011
19113	6202	231705	3302	3443	0	244652
19114	236441	5684	2332	3063	0	247520
19115	240501	2784	2073	2851	0	248209
19116	242903	1884	2024	2746	0	249557
19117	9067	1965	224037	2676	0	237745
19118	4985	226641	6166	2457	0	240249
19119	3587	5945	3228	228090	0	240850
19120	2989	2943	2603	240412	0	248947
19121	241999	1989	2525	8504	0	255017
19122	7771	1641	2402	243304	0	255118
19123	243390	1469	2635	8668	0	256162
19124	244695	1422	2839	4851	0	253807
19125	246535	1312	2370	3992	0	254209
19126	247641	1368	2695	3097	0	254801
19127	10349	1489	2238	238947	0	253023
19128	238970	1420	2288	8343	0	251021
19129	9156	1597	225962	4477	0	241192
19130	231330	1644	6981	3388	0	243343
19131	238932	1468	3598	2804	0	246802
19132	10931	1736	219510	3733	0	235910
19133	231334	1582	7055	2351	0	242322
19134	238745	1425	3699	2434	0	246303
19135	10414	1266	2841	230343	0	244864
19136	5827	1397	2632	235604	0	245460
19137	229388	2541	2420	9313	0	243662
19138	8908	1323	2181	230798	0	243210
19139	5439	1119	2332	227063	0	235953
19140	4545	217159	2079	9897	0	233680
19141	4319	4790	2081	219801	0	230991
19142	213108	1972	2145	8007	0	225232
19143	8154	1402	1765	213366	0	224687
19144	4846	960	1984	209258	0	217048
19145	3912	198823	2064	8962	0	213761
19146	3850	4937	1808	196302	0	206897
19147	3803	2150	2073	197483	0	205509
19148	187984	1338	1844	7658	0	198824
19149	6438	2318	995	141523	0	151274
19150	3115	639	114952	5505	0	124211
19151	1898	107874	3544	3029	0	116345
19152	1607	106317	1482	1948	0	111354
19153	98529	3687	924	1481	0	104621
19154	3724	99326	640	1681	0	105371
19155	82095	2241	1422	1038	0	86796
19156	2431	78695	397	1097	0	82620
19157	81837	2271	200	937	0	85245
19158	2755	958	97	81360	0	85170
19159	1152	628	100	82934	0	84814
19160	937	80487	171	3126	0	84721
19161	822	2321	142	84681	0	87966
19162	653	887	82052	3107	0	86699
19163	79949	753	1907	1412	0	84021
19164	2483	87974	612	1193	0	92262
19165	87964	2280	328	899	0	91471
19166	88121	855	300	592	0	89868
19167	88992	683	216	565	0	90456
19168	3473	476	242	85129	0	89320
19169	1522	495	163	85790	0	87970
19170	985	83892	168	3167	0	88212
19171	84890	2396	98	1344	0	88728
19172	2693	84633	115	950	0	88391
19173	87159	2576	179	611	0	90525
19174	3125	1041	85952	701	0	90819
19175	90930	588	2351	704	0	94573
19176	3405	473	762	92514	0	97154
19177	1635	482	90802	3203	0	96122
19178	1124	463	92190	1393	0	95170
19179	898	337	3551	92320	0	97106
19180	929	373	92039	3208	0	96549
19181	847	373	3190	92156	0	96566
19182	87432	346	1202	3514	0	92494
19183	3413	318	686	90230	0	94647
19184	1703	365	85351	3691	0	91110
19185	1056	83406	2838	1850	0	89150
19186	827	87604	1132	1170	0	90733
19187	1250	3533	607	86274	0	91664
19188	85649	1522	559	3201	0	90931
19189	3167	768	358	86575	0	90868
19190	1505	490	430	88825	0	91250
19191	1133	408	418	89613	0	91572
19192	764	412	370	90690	0	92236
19193	822	388	85907	4610	0	91727
19194	792	374	84862	2255	0	88283
19195	84772	287	3618	1467	0	90144
19196	88649	317	1542	1238	0	91746
19197	3855	356	868	87082	0	92161
19198	1849	348	546	89867	0	92610
19199	1254	501	82724	4306	0	88785
19200	871	84193	2856	2182	0	90102
19201	85235	2871	1156	1344	0	90606
19202	87123	1278	724	1039	0	90164
19203	3921	862	378	86156	0	91317
19204	1945	626	84380	3566	0	90517
19205	1196	507	2762	82520	0	86985
19206	937	83141	1200	3608	0	88886
19207	967	2756	83764	1859	0	89346
19208	83719	1133	2929	1446	0	89227
19209	3176	762	1343	86610	0	91891
19210	87762	484	951	3608	0	92805
19211	3640	509	83126	1816	0	89091
19212	84745	492	2989	1306	0	89532
19213	3741	474	1384	85030	0	90629
19214	84658	461	874	3556	0	89549
19215	3786	400	697	82125	0	87008
19216	1799	78573	674	3674	0	84720
19217	1379	82686	640	1839	0	86544
19218	1041	3728	484	81045	0	86298
19219	943	1456	75327	3247	0	80973
19220	766	74892	2638	1655	0	79951
19221	885	2071	855	71184	0	74995
19222	67909	831	885	2519	0	72144
19223	69261	508	366	1337	0	71472
19224	2889	343	423	68433	0	72088
19225	1493	302	420	68470	0	70685
19226	839	64766	391	3158	0	69154
19227	709	68929	445	1576	0	71659
19228	67659	2618	412	1090	0	71779
19229	2227	1229	338	67595	0	71389
19230	1147	688	384	69328	0	71547
19231	817	457	66171	3426	0	70871
19232	613	430	2184	67287	0	70514
19233	637	363	1065	67889	0	69954
19234	538	352	709	69225	0	70824
19235	670	363	65996	3616	0	70645
19236	586	306	2221	68424	0	71537
19237	67538	326	1046	3258	0	72168
19238	2336	335	64979	1839	0	69489
19239	69071	330	2312	1368	0	73081
19240	2592	367	1121	69608	0	73688
19241	1298	274	682	72416	0	74670
19242	908	291	550	75209	0	76958
19243	710	268	69848	3813	0	74639
19244	68693	238	2429	2057	0	73417
19245	2617	73423	1158	1515	0	78713
19246	75458	2296	751	1139	0	79644
19247	2807	75677	568	1113	0	80165
19248	1321	2595	501	77377	0	81794
19249	77780	1049	440	3051	0	82320
19250	2822	703	74565	1719	0	79809
19251	73737	401	2376	1181	0	77695
19252	2991	367	75752	995	0	80105
19253	1370	521	2503	75463	0	79857
19254	1024	333	74272	2691	0	78320
19255	704	72735	2504	1610	0	77553
19256	774	2258	1302	71280	0	75614
19257	69120	903	685	2691	0	73399
19258	2071	530	463	67008	0	70072
19259	1141	66236	432	2403	0	70212
19260	788	2048	340	68444	0	71620
19261	66040	890	335	2494	0	69759
19262	64044	470	370	1348	0	66232
19263	2682	62510	422	1044	0	66658
19264	966	57776	231	521	0	59494
19265	673	1705	225	57173	0	59776
19266	482	779	293	58306	0	59860
19267	57258	445	206	2034	0	59943
19268	56304	329	203	1037	0	57873
19269	1827	56837	280	670	0	59614
19270	917	1394	206	56504	0	59021
19271	593	608	186	58223	0	59610
19272	574	403	55603	2053	0	58633
19273	477	54945	1306	1417	0	58145
19274	339	53935	526	773	0	55573
19275	303	1199	174	49992	0	51668
19276	323	458	49123	1057	0	50961
19277	273	295	49211	488	0	50267
19278	239	234	1161	49241	0	50875
19279	195	180	473	50643	0	51491
19280	234	160	49863	1250	0	51507
19281	211	191	915	50548	0	51865
19282	203	245	50976	1171	0	52595
19283	52067	179	994	669	0	53909
19284	1167	123	436	53710	0	55436
19285	494	172	54596	1403	0	56665
19286	391	227	54979	690	0	56287
19287	278	201	1520	58293	0	60292
19288	342	168	63902	1691	0	66103
19289	400	225	65145	765	0	66535
19290	180	62072	2103	554	0	64909
19291	66904	1532	718	357	0	69511
19292	1712	579	67800	433	0	70524
19293	609	341	1750	66428	0	69128
19294	391	224	729	69421	0	70765
19295	287	222	427	71389	0	72325
19296	269	250	68179	2447	0	71145
19297	213	182	1743	68368	0	70506
19298	68299	137	700	2281	0	71417
19299	1700	174	492	68757	0	71123
19300	664	273	67434	2282	0	70653
19301	359	193	1750	68482	0	70784
19302	68640	116	742	2295	0	71793
19303	70204	133	550	994	0	71881
19304	69651	135	469	652	0	70907
19305	2369	123	374	68867	0	71733
19306	69286	100	353	2112	0	71851
19307	69450	95	389	938	0	70872
19308	69600	104	396	644	0	70744
19309	2490	65543	365	546	0	68944
19310	68324	1571	311	468	0	70674
19311	2184	527	305	67945	0	70961
19312	954	381	65348	1958	0	68641
19313	608	65631	1747	980	0	68966
19314	67995	1700	710	676	0	71081
19315	1872	611	521	67517	0	70521
19316	800	405	410	66519	0	68134
19317	537	65357	392	2293	0	68579
19318	455	68729	365	1048	0	70597
19319	65815	2076	368	689	0	68948
19320	1840	66096	312	682	0	68930
19321	63476	1727	212	481	0	65896
19322	1815	62872	241	501	0	65429
19323	62311	1725	249	431	0	64716
19324	1875	62259	219	500	0	64853
19325	787	64412	185	436	0	65820
19326	63876	1857	336	374	0	66443
19327	1830	765	60435	382	0	63412
19328	712	61739	1457	517	0	64425
19329	649	1564	496	63160	0	65869
19330	513	561	332	65613	0	67019
19331	471	400	264	64648	0	65783
19332	419	294	218	65777	0	66708
19333	503	279	63088	2367	0	66237
19334	62842	211	1537	1013	0	65603
19335	1803	234	534	66722	0	69293
19336	67268	293	391	1937	0	69889
19337	70271	256	263	822	0	71612
19338	70963	225	274	688	0	72150
19339	69275	276	306	506	0	70363
19340	2631	362	66452	436	0	69881
19341	1001	319	1796	66712	0	69828
19342	708	306	65284	2145	0	68443
19343	483	65272	2160	921	0	68836
19344	453	2198	707	63651	0	67009
19345	397	586	437	65088	0	66508
19346	314	302	310	64815	0	65741
19347	283	220	278	64614	0	65395
19348	348	221	60749	2672	0	63990
19349	341	176	1810	62233	0	64560
19350	354	178	655	64401	0	65588
19351	62966	191	440	2584	0	66181
19352	64064	186	364	1108	0	65722
19353	2594	183	321	64539	0	67637
19354	1045	163	329	65616	0	67153
19355	703	173	338	66915	0	68129
19356	64864	180	325	3114	0	68483
19357	66869	169	305	1325	0	68668
19358	66089	170	331	913	0	67503
19359	65951	187	262	760	0	67160
19360	2932	63913	277	727	0	67849
19361	65611	1905	232	678	0	68426
19362	66653	581	256	676	0	68166
19363	2883	380	188	63683	0	67134
19364	1299	231	170	64813	0	66513
19365	62061	231	187	2863	0	65342
19366	2524	59746	235	1256	0	63761
19367	1186	62175	181	900	0	64442
19368	64037	2310	144	792	0	67283
19369	2578	809	169	63446	0	67002
19370	1294	495	168	64717	0	66674
19371	972	355	131	65898	0	67356
19372	825	351	126	65358	0	66660
19373	795	300	137	64195	0	65427
19374	719	60794	155	3091	0	64759
19375	632	1976	143	62520	0	65271
19376	61149	691	144	2686	0	64670
19377	2313	501	122	60818	0	63754
19378	957	378	149	62020	0	63504
19379	59238	406	135	2905	0	62684
19380	2364	58719	151	1428	0	62662
19381	927	2090	142	57935	0	61094
19382	758	57969	190	2332	0	61249
19383	546	2974	367	55974	0	59861
19384	614	704	53806	2153	0	57277
19385	50438	605	1291	971	0	53305
19386	1660	51683	461	816	0	54620
19387	48060	1388	190	559	0	50197
19388	1512	518	42480	541	0	45051
19389	576	955	991	38674	0	41196
19390	456	39429	401	1306	0	41592
19391	381	41118	185	724	0	42408
19392	39170	1156	274	500	0	41100
19393	1265	371	168	39270	0	41074
19394	560	258	40504	1342	0	42664
19395	384	180	925	41923	0	43412
19396	341	184	41691	1421	0	43637
19397	40785	154	1053	729	0	42721
19398	1285	227	41992	572	0	44076
19399	557	150	1078	41832	0	43617
19400	424	42342	365	1384	0	44515
19401	455	1070	184	42472	0	44181
19402	355	42972	173	1397	0	44897
19403	45002	1153	152	673	0	46980
19404	1393	422	109	46285	0	48209
19405	665	311	45669	1563	0	48208
19406	548	286	45027	743	0	46604
19407	45584	206	1251	646	0	47687
19408	49089	197	403	591	0	50280
19409	49126	198	200	613	0	50137
19410	48191	191	190	533	0	49105
19411	1726	46220	184	566	0	48696
19412	48308	1154	137	505	0	50104
19413	48743	449	115	541	0	49848
19414	1754	367	46014	493	0	48628
19415	823	253	1029	46248	0	48353
19416	47601	288	322	1533	0	49744
19417	1512	264	45951	809	0	48536
19418	691	242	1098	46555	0	48586
19419	546	259	47874	1641	0	50320
19420	472	292	1170	46824	0	48758
19421	526	48732	410	1479	0	51147
19422	51454	1214	243	698	0	53609
19423	1498	468	49399	637	0	52002
19424	50030	354	1119	550	0	52053
19425	1563	300	350	50659	0	52872
19426	51361	282	234	1513	0	53390
19427	1564	253	182	51615	0	53614
19428	55406	265	245	1593	0	57509
19429	1567	298	52562	812	0	55239
19430	57229	293	1122	582	0	59226
19431	1514	254	410	58410	0	60588
19432	663	237	317	59685	0	60902
19433	57816	236	230	1693	0	59975
19434	1339	250	238	57729	0	59556
19435	610	239	55188	1527	0	57564
19436	385	385	945	55009	0	56724
19437	52057	154	390	1346	0	53947
19438	1074	50370	291	629	0	52364
19439	462	50652	208	479	0	51801
19440	50376	905	213	307	0	51801
19441	970	53202	216	335	0	54723
19442	549	644	311	52628	0	54132
19443	54053	237	339	771	0	55400
19444	53877	195	112	293	0	54477
19445	53699	152	97	264	0	54212
19446	945	166	53586	221	0	54918
19447	357	350	527	52512	0	53746
19448	240	53354	261	691	0	54546
19449	220	582	181	54914	0	55897
19450	253	237	55718	686	0	56894
19451	261	53212	653	575	0	54701
19452	160	1001	213	55431	0	56805
19453	53806	116	82	443	0	54447
19454	414	53772	89	236	0	54511
19455	270	393	56545	110	0	57318
19456	138	123	444	55293	0	55998
19457	162	72	57469	527	0	58230
19458	122	59	521	55347	0	56049
19459	59800	35	152	572	0	60559
19460	557	46	101	59497	0	60201
19461	60475	48	85	579	0	61187
19462	60972	53	117	213	0	61355
19463	649	61214	130	211	0	62204
19464	65020	497	126	120	0	65763
19465	632	61955	123	210	0	62920
19466	318	640	65035	127	0	66120
19467	237	158	615	65460	0	66470
19468	200	106	193	71973	0	72472
19469	223	128	69732	990	0	71073
19470	176	66977	846	384	0	68383
19471	72397	769	207	221	0	73594
19472	75123	253	152	158	0	75686
19473	980	119	120	76799	0	78018
19474	379	104	90	77320	0	77893
19475	224	71	87	79813	0	80195
19476	78836	97	137	1091	0	80161
19477	928	163	76076	398	0	77565
19478	388	142	76790	242	0	77562
19479	241	69	941	77621	0	78872
19480	230	86	78406	1012	0	79734
19481	211	125	78392	459	0	79187
19482	167	92	1026	75218	0	76503
19483	331	105	80385	1008	0	81829
19484	231	77545	949	614	0	79339
19485	202	840	303	82853	0	84198
19486	252	332	83852	1028	0	85464
19487	222	230	885	82335	0	83672
19488	161	80354	395	1065	0	81975
19489	182	809	236	85004	0	86231
19490	266	298	85502	1035	0	87101
19491	125	196	898	82486	0	83705
19492	85132	88	388	1104	0	86712
19493	898	142	84773	457	0	86270
19494	78634	94	872	359	0	79959
19495	861	82214	333	267	0	83675
19496	85625	764	245	188	0	86822
19497	887	279	160	85454	0	86780
19498	292	83201	189	990	0	84672
19499	88565	765	153	419	0	89902
19500	926	277	144	89064	0	90411
19501	436	223	89583	1117	0	91359
19502	197	87769	1097	501	0	89564
19503	156	911	478	92844	0	94389
19504	93196	283	199	1107	0	94785
19505	90894	216	189	401	0	91700
19506	1245	110	152	91124	0	92631
19507	509	125	91014	1127	0	92775
19508	84451	124	1064	471	0	86110
19509	1113	192	90680	329	0	92314
19510	394	124	1060	89569	0	91147
19511	93534	103	398	1091	0	95126
19512	1073	90316	318	629	0	92336
19513	94842	978	185	382	0	96387
19514	1223	383	91890	283	0	93779
19515	93936	206	1152	243	0	95537
19516	1196	114	422	95872	0	97604
19517	545	179	242	98886	0	99852
19518	466	147	97787	1527	0	99927
19519	311	176	979	95119	0	96585
19520	98272	129	397	1234	0	100032
19521	1145	119	299	97759	0	99322
19522	504	96432	251	1407	0	98594
19523	345	1024	186	99696	0	101251
19524	286	96528	277	1326	0	98417
19525	333	1156	96930	550	0	98969
19526	91595	392	1210	437	0	93634
19527	1176	253	399	101081	0	102909
19528	521	190	97076	1323	0	99110
19529	348	94624	1163	646	0	96781
19530	279	1109	387	97943	0	99718
19531	250	455	285	98684	0	99674
19532	98369	233	270	1503	0	100375
19533	1232	192	237	99757	0	101418
19534	101420	157	251	1556	0	103384
19535	102234	180	265	668	0	103347
19536	1562	100319	265	570	0	102716
19537	105605	1411	189	372	0	107577
19538	1736	381	190	116918	0	119225
19539	760	303	116504	2035	0	119602
19540	116522	176	1844	780	0	119322
19541	2058	156	527	116627	0	119368
19542	800	207	114556	2143	0	117706
19543	108692	202	1876	825	0	111595
19544	2104	181	553	115453	0	118291
19545	816	116590	433	2208	0	120047
19546	598	1854	277	116340	0	119069
19547	430	116112	296	2143	0	118981
19548	116535	2034	251	792	0	119612
19549	2172	681	117665	616	0	121134
19550	789	114633	1994	531	0	117947
19551	564	1910	505	119084	0	122063
19552	489	618	118111	2074	0	121292
19553	487	533	113876	806	0	115702
19554	358	114228	2291	653	0	117530
19555	402	1989	680	116484	0	119555
19556	371	523	408	118374	0	119676
19557	288	448	288	143784	0	144808
19558	146923	232	266	4310	0	151731
19559	4067	391	153121	1178	0	158757
19560	925	153701	4348	917	0	159891
19561	663	4630	973	155764	0	162030
19562	380	1149	663	165564	0	167756
19563	490	870	157389	5691	0	164440
19564	329	429	4619	158820	0	164197
19565	410	365	157300	5740	0	163815
19566	421	355	153546	1531	0	155853
19567	879	362	153597	1013	0	155851
19568	542	269	5455	146021	0	152287
19569	346	249	1477	153147	0	155219
19570	307	271	851	158759	0	160188
19571	153534	246	457	5944	0	160181
19572	4459	149293	469	2134	0	156355
19573	153629	4555	492	1137	0	159813
19574	154594	1012	420	720	0	156746
19575	155909	703	348	628	0	157588
19576	5799	151447	440	805	0	158491
19577	156051	4712	448	577	0	161788
19578	159344	1062	339	583	0	161328
19579	5777	786	371	154189	0	161123
19580	1881	439	353	158221	0	160894
19581	1070	371	374	162693	0	164508
19582	795	460	152412	6723	0	160390
19583	150082	322	4818	2248	0	157470
19584	5155	464	1250	155843	0	162712
19585	152938	299	1024	5785	0	160046
19586	5483	150644	715	1896	0	158738
19587	1504	4849	759	153879	0	160991
19588	1093	1170	589	159439	0	162291
19589	153982	810	685	6524	0	162001
19590	5341	461	521	155804	0	162127
19591	152349	483	520	6504	0	159856
19592	154381	453	404	2091	0	157329
19593	6089	147050	515	1697	0	155351
19594	2028	155006	513	1178	0	158725
19595	1508	6207	399	149559	0	157673
19596	932	151530	495	5387	0	158344
19597	1011	5704	387	154702	0	161804
19598	953	1479	149401	6124	0	157957
19599	911	1147	146549	1881	0	150488
19600	141441	669	5394	1587	0	149091
19601	149167	406	1579	1195	0	152347
19602	5821	143685	1095	1472	0	152073
19603	145871	4922	664	1158	0	152615
19604	5648	148940	695	1270	0	156553
19605	1606	5486	595	151934	0	159621
19606	1152	1350	717	155640	0	158859
19607	934	994	591	155804	0	158323
19608	681	614	713	157986	0	159994
19609	151251	445	776	7168	0	159640
19610	5086	148894	798	2799	0	157577
19611	152096	4922	799	1992	0	159809
19612	155380	1222	718	1545	0	158865
19613	6707	1064	146275	1253	0	155299
19614	146191	826	4652	1274	0	152943
19615	6061	144003	1190	1247	0	152501
19616	2073	5319	833	147202	0	155427
19617	1700	1668	565	145562	0	149495
19618	1261	142849	677	6181	0	150968
19619	147400	5350	733	2447	0	155930
19620	6040	1635	141367	1749	0	150791
19621	142387	1092	5052	1748	0	150279
19622	6693	804	142507	1637	0	151641
19623	2416	698	5718	143056	0	151888
19624	2037	865	1775	149094	0	153771
19625	1415	826	1529	151668	0	155438
19626	148125	996	940	8020	0	158081
19627	5947	782	146903	3647	0	157279
19628	148541	858	5246	3017	0	157662
19629	155052	704	1903	2475	0	160134
19630	154048	750	1542	2367	0	158707
19631	154290	666	1505	1915	0	158376
19632	7457	679	1324	148965	0	158425
19633	3141	684	145096	6594	0	155515
19634	2328	861	4936	146062	0	154187
19635	2124	702	143916	6940	0	153682
19636	1965	1061	141235	2641	0	146902
19637	1979	139111	5091	2164	0	148345
19638	2123	4809	1454	129925	0	138311
19639	1971	1554	849	133832	0	138206
19640	1863	1370	590	127477	0	131300
19641	2004	875	607	134279	0	137765
19642	131019	879	620	5992	0	138510
19643	133671	516	510	2463	0	137160
19644	6150	606	539	130184	0	137479
19645	2590	591	123849	6033	0	133063
19646	1729	534	4121	127996	0	134380
19647	1415	534	1208	132891	0	136048
19648	1495	487	125282	6527	0	133791
19649	1573	507	4050	125621	0	131751
19650	126638	642	1026	5990	0	134296
19651	129094	636	738	2487	0	132955
19652	130010	838	437	2125	0	133410
19653	6303	686	420	125608	0	133017
19654	124387	627	426	5559	0	130999
19655	125249	517	808	2115	0	128689
19656	6202	529	118687	2011	0	127429
19657	1760	353	89342	881	0	92336
19658	1186	347	89925	726	0	92184
19659	75162	116	1259	390	0	76927
19660	1056	74261	578	442	0	76337
19661	77727	745	341	355	0	79168
19662	1016	83192	217	343	0	84768
19663	516	833	142	85868	0	87359
19664	393	254	128	86859	0	87634
19665	313	147	180	87815	0	88455
19666	341	148	85716	1350	0	87555
19667	80276	88	925	601	0	81890
19668	1024	89	350	86306	0	87769
19669	454	102	85522	1075	0	87153
19670	459	195	80075	435	0	81164
19671	81253	78	1033	302	0	82666
19672	989	83187	454	307	0	84937
19673	86031	773	313	269	0	87386
19674	86423	249	139	250	0	87061
19675	1111	83437	177	335	0	85060
19676	85352	765	306	226	0	86649
19677	1068	269	86219	247	0	87803
19678	453	200	82810	174	0	83637
19679	346	139	87502	193	0	88180
19680	206	437	941	86160	0	87744
19681	231	79	88281	739	0	89330
19682	85197	48	707	301	0	86253
19683	87548	36	292	220	0	88096
19684	974	180	87633	370	0	89157
19685	360	44	636	86516	0	87556
19686	88207	43	280	655	0	89185
19687	735	91059	281	355	0	92430
19688	337	94042	170	259	0	94808
19689	97863	677	187	126	0	98853
19690	731	252	97262	106	0	98351
19691	225	390	506	94358	0	95479
19692	187	59	198	96762	0	97206
19693	96	44	121	97831	0	98092
19694	86	95123	135	711	0	96055
19695	92	630	75	100507	0	101304
19696	104897	158	117	895	0	106067
19697	1030	86	62	106651	0	107829
19698	316	105322	143	1206	0	106987
19699	111505	1132	72	377	0	113086
19700	1248	329	76	111614	0	113267
19701	397	204	71	116760	0	117432
19702	119526	107	72	1615	0	121320
19703	119792	92	82	594	0	120560
19704	1863	78	67	119498	0	121506
19705	123792	65	88	1826	0	125771
19706	123877	59	92	634	0	124662
19707	2254	122955	113	467	0	125789
19708	126781	1790	53	235	0	128859
19709	2148	123290	120	297	0	125855
19710	745	1960	47	127244	0	129996
19711	555	620	127600	1990	0	130765
19712	335	433	1783	127931	0	130482
19713	303	179	461	130485	0	131428
19714	258	155	242	135663	0	136318
19715	133247	122	106	2862	0	136337
19716	2132	130943	153	1236	0	134464
19717	139271	2012	80	579	0	141942
19718	2536	141394	191	561	0	144682
19719	149451	2440	89	360	0	152340
19720	150341	756	112	348	0	151557
19721	150993	470	110	357	0	151930
19722	150281	270	112	389	0	151052
19723	3448	331	145943	344	0	150066
19724	1328	222	2486	146826	0	150862
19725	768	233	652	156584	0	158237
19726	650	321	150012	3680	0	154663
19727	145737	241	2955	1185	0	150118
19728	3251	232	851	151206	0	155540
19729	1187	286	146715	3419	0	151607
19730	847	427	145665	1020	0	147959
19731	667	332	3623	151316	0	155938
19732	766	260	155364	3513	0	159903
19733	565	270	3370	153778	0	157983
19734	593	163	986	158121	0	159863
19735	626	231	151682	4134	0	156673
19736	144843	177	3247	1523	0	149790
19737	3462	184	1008	154251	0	158905
19738	1267	225	154633	3666	0	159791
19739	813	178	3301	157037	0	161329
19740	158869	136	1104	3927	0	164036
19741	3619	197	155209	1432	0	160457
19742	152849	156	3343	1075	0	157423
19743	163276	137	1136	848	0	165397
19744	4137	171	777	161328	0	166413
19745	1544	183	615	162254	0	164596
19746	1092	248	159035	4315	0	164690
19747	798	193	3310	160809	0	165110
19748	795	219	1173	158380	0	160567
19749	712	166	796	165925	0	167599
19750	757	241	157263	4819	0	163080
19751	155970	171	3359	1970	0	161470
19752	163342	142	1145	1443	0	166072
19753	166387	240	828	1177	0	168632
19754	170988	176	724	1022	0	172910
19755	4692	243	562	169329	0	174826
19756	169321	209	548	4050	0	174128
19757	170440	211	612	1677	0	172940
19758	158429	314	768	1525	0	161036
19759	169723	134	603	1245	0	171705
19760	4639	161985	740	1272	0	168636
19761	168368	2806	594	1098	0	172866
19762	164727	700	581	1083	0	167091
19763	4834	160368	659	1283	0	167144
19764	165259	3441	530	968	0	170198
19765	4860	833	570	163819	0	170082
19766	2057	520	538	167310	0	170425
19767	163433	319	563	4767	0	169082
19768	4447	158524	624	2046	0	165641
19769	1809	161469	619	1519	0	165416
19770	1549	4008	531	165237	0	171325
19771	1460	1137	163345	4269	0	170211
19772	1237	698	3542	160699	0	166176
19773	1399	498	1076	168201	0	171174
19774	164246	422	769	4967	0	170404
19775	165733	379	579	1957	0	168648
19776	4934	362	554	164893	0	170743
19777	2155	541	160492	4482	0	167670
19778	1604	421	3607	164170	0	169802
19779	166404	348	1173	4828	0	172753
19780	4904	430	169049	1968	0	176351
19781	1900	168783	4419	1743	0	176845
19782	179281	4140	1408	1350	0	186179
19783	5255	1163	937	177973	0	185328
19784	2071	747	645	180328	0	183791
19785	1567	507	662	185819	0	188555
19786	1434	609	175968	6493	0	184504
19787	156893	529	4507	3010	0	164939
19788	5669	424	165083	2119	0	173295
19789	2265	161588	4857	1904	0	170614
19790	1886	3922	1561	168561	0	175930
19791	1608	1465	1064	172433	0	176570
19792	1365	1186	842	181264	0	184657
19793	1407	780	172672	7458	0	182317
19794	1329	623	170060	3100	0	175112
19795	1237	595	173258	2210	0	177300
19796	1144	170708	5700	1997	0	179549
19797	1636	4863	2372	176703	0	185574
19798	179997	1144	1200	5516	0	187857
19799	193374	793	949	2120	0	197236
19800	7044	734	194714	1887	0	204379
19801	2501	196047	5853	1920	0	206321
19802	2126	5967	193493	1494	0	203080
19803	1429	204456	6126	1756	0	213767
19804	201154	7387	3314	1664	0	213519
19805	201370	1860	1282	1310	0	205822
19806	7081	196683	1066	1389	0	206219
19807	200286	5934	928	1340	0	208488
19808	6903	1623	925	198043	0	207494
19809	2480	1177	894	204547	0	209098
19810	201159	885	953	7010	0	210007
19811	196998	860	778	2492	0	201128
19812	195585	821	723	1881	0	199010
19813	7625	188562	745	1752	0	198684
19814	2834	197142	627	1846	0	202449
19815	197503	6398	700	1540	0	206141
19816	6963	2148	190133	1385	0	200629
19817	2486	1946	5569	189124	0	199125
19818	182941	1161	1902	5666	0	191670
19819	6418	175551	1306	1918	0	185193
19820	2493	185148	833	1544	0	190018
19821	187137	6341	746	1222	0	195446
19822	6903	2246	178561	1025	0	188735
19823	177432	2186	5354	1027	0	185999
19824	6570	1332	175217	787	0	183906
19825	2427	1305	176607	650	0	180989
19826	1987	1372	5777	174216	0	183352
19827	1869	1002	178507	4764	0	186142
19828	177124	927	5440	1428	0	184919
19829	184623	781	1896	1137	0	188437
19830	185655	787	1476	966	0	188884
19831	183867	676	1102	1098	0	186743
19832	7181	580	889	175656	0	184306
19833	176804	664	864	5079	0	183411
19834	6755	171691	860	1876	0	181182
19835	3143	4921	671	167629	0	176364
19836	2357	173911	868	4631	0	181767
19837	184149	5439	673	1673	0	191934
19838	182405	1927	790	1276	0	186398
19839	6794	1363	867	178842	0	187866
19840	180660	1066	973	5446	0	188145
19841	183501	1072	819	2056	0	187448
19842	7097	1171	808	178862	0	187938
19843	3377	1132	749	180677	0	185935
19844	2689	985	840	184353	0	188867
19845	2742	766	173968	6683	0	184159
19846	2378	830	168154	2736	0	174098
19847	2146	853	174073	2068	0	179140
19848	1817	815	6445	174578	0	183655
19849	1932	778	178288	5947	0	186945
19850	1836	771	6082	176693	0	185382
19851	2154	826	186288	6242	0	195510
19852	2269	846	180521	2444	0	186080
19853	175998	811	6375	2031	0	185215
19854	6103	176478	2639	1893	0	187113
19855	183250	5085	1918	1498	0	191751
19856	6553	1747	1520	180566	0	190386
19857	3015	1310	1360	185909	0	191594
19858	2571	1397	178763	6658	0	189389
19859	2104	177767	5118	3248	0	188237
19860	2054	5341	1875	187200	0	196470
19861	2315	1863	184015	6085	0	194278
19862	1967	179198	5044	2807	0	189016
19863	1770	4841	2187	184507	0	193305
19864	182600	1705	1704	5556	0	191565
19865	184649	1339	1412	2409	0	189809
19866	6225	1061	1444	182675	0	191405
19867	183145	1059	1432	5548	0	191184
19868	6196	179792	1363	2382	0	189733
19869	2903	4866	1299	186630	0	195698
19870	2612	1787	188188	5545	0	198132
19871	2150	1517	5292	190996	0	199955
19872	2102	1107	190126	6689	0	200024
19873	184254	1011	5862	2555	0	193682
19874	6388	1070	2010	190596	0	200064
19875	2790	190239	1703	6226	0	200958
19876	2439	5910	1236	200872	0	210457
19877	2211	1854	196180	6716	0	206961
19878	2060	1502	195046	2880	0	201488
19879	1997	1242	191463	2293	0	196995
19880	179544	1701	6358	1729	0	189332
19881	5139	181339	2426	1671	0	190575
19882	2012	4579	1677	182861	0	191129
19883	183457	1416	1515	5084	0	191472
19884	4993	180602	1451	2188	0	189234
19885	197014	4552	1282	1900	0	204748
19886	199889	1522	1317	1431	0	204159
19887	206285	1249	1108	1426	0	210068
19888	208979	940	1233	1294	0	212446
19889	6644	973	199810	1233	0	208660
19890	198293	754	4781	1290	0	205118
19891	5968	704	198426	1393	0	206491
19892	174461	667	4721	1126	0	180975
19893	5070	621	2042	195258	0	202991
19894	2658	487	188708	3987	0	195840
19895	2023	183459	3919	1710	0	191111
19896	2108	11261	1715	174312	0	189396
19897	1497	180601	1358	3366	0	186822
19898	1289	183861	1096	1657	0	187903
19899	162892	3068	1406	1245	0	168611
19900	2799	797	156141	600	0	160337
19901	841	149517	1727	514	0	152599
19902	149891	1756	1414	301	0	153362
19903	1503	149123	450	294	0	151370
19904	155544	1403	214	226	0	157387
19905	1664	465	254	153638	0	156021
19906	155721	285	224	1361	0	157591
19907	1550	214	258	152914	0	154936
19908	155541	225	241	1441	0	157448
19909	1574	228	193	153979	0	155974
19910	549	156499	313	1656	0	159017
19911	451	1420	213	166465	0	168549
19912	166012	401	251	1514	0	168178
19913	1492	161002	323	552	0	163369
19914	489	1415	219	165015	0	167138
19915	169723	449	209	1455	0	171836
19916	1504	380	175	170944	0	173003
19917	530	287	218	170992	0	172027
19918	578	290	172778	1744	0	175390
19919	460	363	168814	639	0	170276
19920	392	266	1554	167847	0	170059
19921	464	410	180701	1569	0	183144
19922	386	272	1356	178946	0	180960
19923	410	324	444	173262	0	174440
19924	322	292	306	183783	0	184703
19925	508	262	183600	1828	0	186198
19926	427	250	1245	175462	0	177384
19927	413	312	326	182203	0	183254
19928	368	181372	386	1745	0	183871
19929	397	1375	265	191178	0	193215
19930	190815	349	295	1730	0	193189
19931	1428	324	288	191790	0	193830
19932	649	299	217981	1861	0	220790
19933	207480	234	2924	820	0	211458
19934	3088	233158	1294	913	0	238453
19935	1280	3470	795	244727	0	250272
19936	1123	1400	236795	3919	0	243237
19937	226090	936	3561	1698	0	232285
19938	3657	234869	1557	1559	0	241642
19939	244894	3670	1090	737	0	250391
19940	4428	1366	540	242276	0	248610
19941	243439	1025	513	3960	0	248937
19942	4896	747	237435	1681	0	244759
19943	1825	231502	3640	1488	0	238455
19944	1363	259647	1508	971	0	263489
19945	268862	4487	1000	627	0	274976
19946	269149	1952	529	585	0	272215
19947	5204	1357	263977	473	0	271011
19948	257311	657	3561	424	0	261953
19949	268034	450	1431	472	0	270387
19950	272395	366	1052	412	0	274225
19951	5773	255803	693	613	0	262882
19952	2727	261559	456	612	0	265354
19953	267274	4626	396	400	0	272696
19954	268307	2056	305	435	0	271103
19955	5111	266962	427	558	0	273058
19956	2386	3865	271	275332	0	281854
19957	1669	1777	268459	3674	0	275579
19958	266282	1124	3496	1499	0	272401
19959	277418	739	1571	1239	0	280967
19960	291123	501	1084	625	0	293333
19961	5397	274706	855	947	0	281905
19962	2650	4066	284018	443	0	291177
19963	297729	1429	3461	456	0	303075
19964	4419	1139	1387	305377	0	312322
19965	1958	696	1044	305872	0	309570
19966	1520	605	551	315293	0	317969
19967	1313	544	305713	5788	0	313358
19968	937	443	3478	302801	0	307659
19969	1106	600	306463	5112	0	313281
19970	750	291900	3771	2599	0	299020
19971	294781	3196	1518	1294	0	300789
19972	3167	292277	1116	903	0	297463
19973	1534	299154	584	805	0	302077
19974	303531	4369	709	414	0	309023
19975	3305	303182	511	926	0	307924
19976	1727	4035	315	304767	0	310844
19977	1314	299442	336	3146	0	304238
19978	306462	3881	272	1339	0	311954
19979	3466	302097	284	1274	0	307121
19980	1748	4176	221	311574	0	317719
19981	1458	1989	302583	3574	0	309604
19982	758	1340	3137	308403	0	313638
19983	650	304573	1627	4837	0	311687
19984	548	3910	959	319254	0	324671
19985	534	1577	567	312998	0	315676
19986	566	1375	446	311306	0	313693
19987	606	638	367	315353	0	316964
19988	681	623	349	317348	0	319001
19989	647	508	335	320385	0	321875
19990	771	753	305369	6716	0	313609
19991	295787	561	4449	3443	0	304240
19992	4664	504	1781	333129	0	340078
19993	2224	728	326193	6121	0	335266
19994	1814	1153	322780	2944	0	328691
19995	1092	633	6864	336636	0	345225
19996	343627	594	3443	6386	0	354050
19997	5838	960	329496	2957	0	339251
19998	329545	663	6223	2509	0	338940
19999	7235	820	342525	1486	0	352066
20000	3442	827	6773	342763	0	353805
20001	2597	868	2938	358479	0	364882
20002	2149	1010	348866	7646	0	359671
20003	326471	824	6507	4000	0	337802
20004	6663	760	2927	350049	0	360399
20005	3295	898	346674	7104	0	357971
20006	2725	967	345612	3432	0	352736
20007	2158	876	7967	332825	0	343826
20008	1756	340821	4409	6011	0	352997
20009	358740	5643	2729	2939	0	370051
20010	353526	2369	1970	2396	0	360261
20011	8643	1976	353039	1570	0	365228
20012	4513	1370	6395	342938	0	355216
20013	358335	1083	2917	7147	0	369482
20014	7801	1147	351769	3585	0	364302
20015	344933	654	6919	2895	0	355401
20016	8131	342054	3858	2482	0	356525
20017	3926	5832	2565	360522	0	372845
20018	2955	2308	2079	366777	0	374119
20019	372226	1693	1828	8932	0	384679
20020	7801	1187	1671	371892	0	382551
20021	3755	1127	1380	370089	0	376351
20022	2921	907	1273	375934	0	381035
20023	365827	707	1570	11517	0	379621
20024	8112	888	357011	5930	0	371941
20025	358378	728	7067	4567	0	370740
20026	366826	710	3220	3312	0	374068
20027	370091	725	2640	2864	0	376320
20028	11109	919	1797	362088	0	375913
20029	6000	1178	360852	8447	0	376477
20030	3883	347765	8141	4473	0	364262
20031	2900	362294	3614	3877	0	372685
20032	2047	341119	2109	2439	0	347714
20033	2860	7463	339958	2262	0	352543
20034	2107	4502	6351	388570	0	401530
20035	400597	1463	2733	9980	0	414773
20036	430806	1110	1628	4480	0	438024
20037	12615	1062	1304	452969	0	467950
20038	5733	940	445728	12029	0	464430
20039	4038	1023	444216	4969	0	454246
20040	2532	651	12999	454535	0	470717
20041	2296	1099	451164	12698	0	467257
20042	1828	658	12630	458855	0	473971
20043	1771	800	5117	453191	0	460879
20044	1649	442559	3919	15582	0	463709
20045	2068	10620	2526	457205	0	472419
20046	1679	3683	2161	477388	0	484911
20047	460177	2423	2355	17303	0	482258
20048	12368	1427	2157	464826	0	480778
20049	5158	1089	1855	474658	0	482760
20050	453496	965	2369	17813	0	474643
20051	12665	445771	2559	9489	0	470484
20052	461646	10832	2210	6337	0	481025
20053	14682	4222	443705	4672	0	467281
20054	447901	2572	12322	4733	0	467528
20055	455953	1815	5127	4618	0	467513
20056	17328	1824	435169	4052	0	458373
20057	8182	1881	433958	4166	0	448187
20058	6061	1495	15648	427920	0	451124
20059	428960	962	7340	14478	0	451740
20060	14816	1313	415963	7155	0	439247
20061	6937	1204	14439	421549	0	444129
20062	5203	1212	410106	15525	0	432046
20063	4438	1007	15469	408325	0	429239
20064	3777	1090	7219	422699	0	434785
20065	411823	1103	5726	18828	0	437480
20066	414625	1285	4396	10501	0	430807
20067	423144	1474	3514	8237	0	436369
20068	19361	1650	408912	6613	0	436536
20069	9158	1629	408634	6698	0	426119
20070	6861	1410	16174	409445	0	433890
20071	5679	1344	8039	417317	0	432379
20072	5269	1435	5486	430731	0	442921
20073	404104	1379	4726	20308	0	430517
20074	14894	403353	4293	11599	0	434139
20075	401209	11944	4189	7988	0	425330
20076	397594	4455	3879	6501	0	412429
20077	18497	388390	4238	6214	0	417339
20078	10302	401438	4069	5638	0	421447
20079	392276	14277	4158	5849	0	416560
20080	15363	5853	3994	383091	0	408301
20081	8910	382543	4031	16985	0	412469
20082	8610	12293	3537	393945	0	418385
20083	7468	5459	377784	18604	0	409315
20084	6506	3558	13902	388694	0	412660
20085	386697	2639	8563	19462	0	417361
20086	15878	2609	376418	11438	0	406343
20087	8764	2637	371815	9737	0	392953
20088	7815	6703	18217	341287	0	374022
20089	6535	347701	10078	16930	0	381244
20090	6145	358382	6965	11008	0	382500
20091	5516	368636	5804	10498	0	390454
20092	356310	14260	4870	9334	0	384774
20093	357271	6136	3727	9382	0	376516
20094	343155	4290	3875	9146	0	360466
20095	16569	337416	3995	10311	0	368291
20096	349340	10461	3951	8801	0	372553
20097	347867	5251	3581	7837	0	364536
20098	18883	5374	327931	7175	0	359363
20099	11898	324434	12634	5874	0	354840
20100	9767	12709	7200	329994	0	359670
20101	330140	6206	5834	13731	0	355911
20102	16888	4734	316885	8335	0	346842
20103	9820	3406	13758	314556	0	341540
20104	8033	317834	8272	16394	0	350533
20105	7752	10780	6839	319317	0	344688
20106	7203	4902	6313	328817	0	347235
20107	322634	3725	6286	19030	0	351675
20108	324676	3738	5966	11779	0	346159
20109	16815	3430	6063	322110	0	348418
20110	10242	3640	307659	17306	0	338847
20111	8838	3778	301810	10830	0	325256
20112	310521	4067	14124	9216	0	337928
20113	18333	4137	305934	7323	0	335727
20114	11874	4308	13476	279042	0	308700
20115	10178	292481	8358	12715	0	323732
20116	297307	10571	7148	7918	0	322944
20117	15672	293387	6580	7920	0	323559
20118	301751	11462	5912	8448	0	327573
20119	16259	5342	5412	296757	0	323770
20120	10335	4726	4926	303656	0	323643
20121	298329	4748	4643	16515	0	324235
20122	303595	4332	4268	9353	0	321548
20123	19054	4883	4302	295904	0	324143
20124	11964	5548	4056	300532	0	322100
20125	10083	5325	280811	15309	0	311528
20126	7850	5351	278519	9487	0	301207
20127	283917	4928	13146	8447	0	310438
20128	14688	4948	268312	8377	0	296325
20129	272725	3720	11611	8536	0	296592
20130	279980	3200	6765	8124	0	298069
20131	17033	3027	257633	7760	0	285453
20132	10546	246698	11612	6884	0	275740
20133	8736	252555	7906	5575	0	274772
20134	5997	5515	191791	3041	0	206344
20135	8873	16919	9629	159477	0	194898
20136	143659	3832	6942	7972	0	162405
20137	137192	841	701	1591	0	140325
20138	154285	750	601	1374	0	157010
20139	184674	657	562	1278	0	187171
20140	187891	601	607	1283	0	190382
20141	7768	188017	943	1521	0	198249
20142	184197	6021	540	782	0	191540
20143	6792	181046	727	732	0	189297
20144	180945	6025	564	454	0	187988
20145	7046	1671	168736	280	0	177733
20146	2175	575	4929	166068	0	173747
20147	1265	384	1183	160496	0	163328
20148	759	163010	615	5871	0	170255
20149	165649	5484	371	1539	0	173043
20150	170378	1614	225	627	0	172844
20151	6904	779	219	164377	0	172279
20152	2103	438	342	170806	0	173689
20153	165156	241	328	7026	0	172751
20154	5806	285	245	166114	0	172450
20155	1759	377	153	171378	0	173667
20156	165993	326	182	7062	0	173563
20157	6197	298	118	167051	0	173664
20158	166272	217	164	6466	0	173119
20159	170467	199	130	2211	0	173007
20160	7401	286	160214	1169	0	169070
20161	164956	181	5077	1281	0	171495
20162	165403	169	1247	888	0	167707
20163	166298	165	534	797	0	167794
20164	7786	295	153392	730	0	162203
20165	2827	210	5171	152317	0	160525
20166	1648	175	1363	160749	0	163935
20167	1303	282	150533	6845	0	158963
20168	148915	216	5382	2048	0	156561
20169	6404	209	1475	149734	0	157822
20170	2441	231	144057	6025	0	152754
20171	1522	252	148842	1843	0	152459
20172	1037	180	6481	148755	0	156453
20173	1122	250	147756	6412	0	155540
20174	957	245	6036	148345	0	155583
20175	1053	182	1725	153782	0	156742
20176	1112	342	143108	7525	0	152087
20177	986	422	5559	138891	0	145858
20178	862	138665	1998	6040	0	147565
20179	906	149800	1242	2243	0	154191
20180	145674	6630	987	1269	0	154560
20181	146930	1805	768	1212	0	150715
20182	6949	144248	651	1363	0	153211
20183	145575	5829	631	1120	0	153155
20184	149343	1695	571	1003	0	152612
20185	7844	1002	502	142518	0	151866
20186	2800	854	436	149634	0	153724
20187	141448	749	456	7532	0	150185
20188	6797	138774	506	2598	0	148675
20189	2774	143946	456	1468	0	148644
20190	2127	7315	508	140918	0	150868
20191	1949	2129	137840	6502	0	148420
20192	137208	970	5590	2653	0	146421
20193	143385	700	1584	1925	0	147594
20194	138538	725	810	1421	0	141494
20195	8340	136227	658	1305	0	146530
20196	3514	6369	573	132372	0	142828
20197	2342	2055	587	142448	0	147432
20198	135463	1128	724	8037	0	145352
20199	7437	134025	768	3075	0	145305
20200	3640	6152	671	133879	0	144342
20201	3009	2032	576	139428	0	145045
20202	2759	1346	605	140553	0	145263
20203	133118	1132	593	8884	0	143727
20204	7928	131637	595	3787	0	143947
20205	3694	7241	691	125714	0	137340
20206	2995	131939	831	7135	0	142900
20207	132292	6935	980	3157	0	143364
20208	8079	2245	127512	2739	0	140575
20209	130410	1251	6204	2788	0	140653
20210	8123	1202	124183	2708	0	136216
20211	3450	2193	5915	121857	0	133415
20212	122592	1097	1967	7375	0	133031
20213	7688	1021	116357	3397	0	128463
20214	120567	715	5695	2706	0	129683
20215	124511	569	2062	2594	0	129736
20216	125475	505	1415	2465	0	129860
20217	8909	575	1283	116768	0	127535
20218	3985	470	1209	120427	0	126091
20219	3077	388	1059	122859	0	127383
20220	113703	384	1129	8958	0	124174
20221	7447	112766	1261	3944	0	125418
20222	115373	5244	1263	2372	0	124252
20223	119819	1576	1256	1945	0	124596
20224	8775	966	109807	1949	0	121497
20225	114249	644	5675	2041	0	122609
20226	118504	555	2345	2162	0	123566
20227	8396	639	1602	112259	0	122896
20228	3629	735	1512	116230	0	122106
20229	2627	733	1405	118285	0	123050
20230	110581	721	1344	8310	0	120956
20231	112338	611	1538	3478	0	117965
20232	107419	580	1384	2457	0	111840
20233	7405	98367	1398	2187	0	109357
20234	2529	93962	1309	1946	0	99746
20235	1498	95392	1262	2232	0	100384
20236	91648	6046	1929	2282	0	101905
20237	5941	1841	88367	2107	0	98256
20238	2121	1111	71642	1685	0	76559
20239	37116	425	1794	454	0	39789
20240	1347	192	36236	390	0	38165
20241	152	53	437	25358	0	26000
20242	142	25640	124	463	0	26369
20243	27333	457	63	126	0	27979
20244	27385	107	46	103	0	27641
20245	27541	72	34	77	0	27724
20246	607	66	38	29502	0	30213
20247	208	72	30222	483	0	30985
20248	181	105	29495	118	0	29899
20249	30499	59	517	103	0	31178
20250	31360	54	114	96	0	31624
20251	31045	50	67	105	0	31267
20252	598	51	55	31051	0	31755
20253	210	52	68	31849	0	32179
20254	190	61	30954	531	0	31736
20255	30942	57	443	161	0	31603
20256	548	57	85	32425	0	33115
20257	183	56	71	32339	0	32649
20258	162	43	50	32389	0	32644
20259	124	31277	76	587	0	32064
20260	151	435	65	31790	0	32441
20261	145	100	52	32152	0	32449
20262	31797	58	53	576	0	32484
20263	545	56	30931	183	0	31715
20264	30508	41	430	151	0	31130
20265	32393	43	87	106	0	32629
20266	596	46	67	31843	0	32552
20267	234	37	42	32246	0	32559
20268	31913	47	64	557	0	32581
20269	579	62	30836	190	0	31667
20270	190	30089	466	169	0	30914
20271	164	376	79	30724	0	31343
20272	30690	64	77	467	0	31298
20273	486	59	54	29724	0	30323
20274	198	54	29447	499	0	30198
20275	167	96	30158	159	0	30580
20276	30629	49	732	119	0	31529
20277	476	41	108	32487	0	33112
20278	164	37	32040	442	0	32683
20279	31673	24	294	121	0	32112
20280	34387	25	74	92	0	34578
20281	385	36	63	34125	0	34609
20282	162	20	34	34260	0	34476
20283	111	33257	74	364	0	33806
20284	36720	287	56	167	0	37230
20285	395	101	29	36705	0	37230
20286	149	49	33	37439	0	37670
20287	114	41	37514	393	0	38062
20288	35292	40	294	153	0	35779
20289	37735	28	67	113	0	37943
20290	393	35706	110	136	0	36345
20291	132	257	35620	76	0	36085
20292	86	46	35069	57	0	35258
20293	56	98	181	34589	0	34924
20294	37133	16	97	182	0	37428
20295	198	11	30	36688	0	36927
20296	39370	13	23	196	0	39602
20297	40197	11	22	83	0	40313
20298	41060	18	17	69	0	41164
20299	210	28	23	41636	0	41897
20300	86	27	24	42351	0	42488
20301	43380	12	19	201	0	43612
20302	219	16	43948	58	0	44241
20303	39656	15	99	55	0	39825
20304	41044	14	26	42	0	41126
20305	117	20	43067	18	0	43222
20306	59	34	42653	24	0	42770
20307	37	41417	146	55	0	41655
20308	198	112	110	43412	0	43832
20309	36881	152	254	145	0	37432
20310	60	14	4	43571	0	43649
20311	49	17	44303	65	0	44434
20312	15	41865	85	80	0	42045
20313	11	43737	43	50	0	43841
20314	9	71	14	46456	0	46550
20315	15	28	4	45795	0	45842
20316	6	44985	30	110	0	45131
20317	37	89	44891	43	0	45060
20318	42327	25	74	39	0	42465
20319	47014	10	18	13	0	47055
20320	73	45485	50	46	0	45654
20321	46417	74	6	7	0	46504
20322	84	27	9	45380	0	45500
20323	46364	12	11	79	0	46466
20324	87	12	4	45537	0	45640
20325	62	46863	32	135	0	47092
20326	69	115	47255	35	0	47474
20327	21	26	82	51443	0	51572
20328	35	34	28	51235	0	51332
20329	14	11	14	54879	0	54918
20330	56321	9	8	214	0	56552
20331	234	4	9	56632	0	56879
20332	113	31	59801	268	0	60213
20333	93	114	59888	95	0	60190
20334	62350	7	404	87	0	62848
20335	430	47	63443	50	0	63970
20336	63854	5	430	32	0	64321
20337	456	19	103	71331	0	71909
20338	160	24	90	73143	0	73417
20339	172	17	35	77718	0	77942
20340	55	9	40	78108	0	78212
20341	76799	15	39	1216	0	78069
20342	997	88	76061	337	0	77483
20343	217	24	908	76498	0	77647
20344	131	77927	231	989	0	79278
20345	79592	1022	120	235	0	80969
20346	1070	165	59	77951	0	79245
20347	77075	100	69	1156	0	78400
20348	1260	77	75171	293	0	76801
20349	276	39	1064	72988	0	74367
20350	164	74346	278	1071	0	75859
20351	76718	1010	192	295	0	78215
20352	1228	227	75270	233	0	76958
20353	324	129	1092	74343	0	75888
20354	203	43	250	77120	0	77616
20355	75722	49	179	1396	0	77346
20356	1216	102	74269	433	0	76020
20357	331	111	75447	336	0	76225
20358	257	44	1289	75631	0	77221
20359	223	55	76379	1284	0	77941
20360	208	85	77039	415	0	77747
20361	184	72	1390	76010	0	77656
20362	227	67	432	77368	0	78094
20363	193	71	315	81169	0	81748
20364	79761	36	278	1645	0	81720
20365	1282	79586	261	714	0	81843
20366	80937	1184	223	424	0	82768
20367	1473	277	200	80558	0	82508
20368	436	80704	253	1652	0	83045
20369	304	1210	172	84672	0	86358
20370	86097	255	176	1745	0	88273
20371	1547	89543	260	835	0	92185
20372	505	1682	197	94502	0	96886
20373	427	448	92478	2114	0	95467
20374	92357	264	1897	759	0	95277
20375	1966	212	517	93127	0	95822
20376	650	180	392	94626	0	95848
20377	567	181	90476	2582	0	93806
20378	433	222	89951	1037	0	91643
20379	87834	162	2257	822	0	91075
20380	2112	87168	837	729	0	90846
20381	707	1913	536	89093	0	92249
20382	89644	502	410	2281	0	92837
20383	2273	481	87470	873	0	91097
20384	687	86236	2083	818	0	89824
20385	587	1936	634	88248	0	91405
20386	87991	514	488	2453	0	91446
20387	87217	375	455	964	0	89011
20388	87980	245	479	857	0	89561
20389	2623	84627	485	838	0	88573
20390	1052	2030	84087	705	0	87874
20391	740	631	2085	86584	0	90040
20392	597	491	804	84895	0	86787
20393	630	290	573	87923	0	89416
20394	495	323	499	88748	0	90065
20395	86268	299	477	3115	0	90159
20396	84798	299	573	1390	0	87060
20397	2790	304	81900	1011	0	86005
20398	1121	313	80626	963	0	83023
20399	78964	248	2509	941	0	82662
20400	80689	265	1057	841	0	82852
20401	2720	313	813	77170	0	81016
20402	1133	77479	655	2540	0	81807
20403	77655	2072	467	1223	0	81417
20404	2342	76117	511	1156	0	80126
20405	1067	77298	513	941	0	79819
20406	974	2371	453	78062	0	81860
20407	692	902	476	79985	0	82055
20408	739	601	472	79986	0	81798
20409	687	409	485	80276	0	81857
20410	766	452	75216	3163	0	79597
20411	75220	437	2005	1367	0	79029
20412	78078	426	731	1173	0	80408
20413	2877	400	638	74364	0	78279
20414	1226	363	544	75631	0	77764
20415	74479	379	472	2910	0	78240
20416	2523	444	70644	1429	0	75040
20417	73743	300	2099	1130	0	77272
20418	75708	320	787	996	0	77811
20419	2895	377	71316	914	0	75502
20420	75483	388	2092	975	0	78938
20421	2731	348	883	76514	0	80476
20422	1217	306	749	77724	0	79996
20423	1056	342	564	78021	0	79983
20424	822	322	515	78182	0	79841
20425	73101	350	495	3112	0	77058
20426	2558	315	445	72837	0	76155
20427	1062	310	368	68853	0	70593
20428	867	63963	417	2831	0	68078
20429	698	66171	456	1231	0	68556
20430	715	2044	337	64878	0	67974
20431	63867	674	274	2483	0	67298
20432	2051	385	239	60162	0	62837
20433	729	257	55345	2433	0	58764
20434	692	266	53110	930	0	54998
20435	52290	182	1829	763	0	55064
20436	1954	52112	614	774	0	55454
20437	47196	1278	732	507	0	49713
20438	1848	340	46093	431	0	48712
20439	1073	1308	1139	42020	0	45540
20440	42475	184	319	1223	0	44201
20441	1230	41314	300	618	0	43462
20442	41539	925	299	435	0	43198
20443	1373	276	44439	343	0	46431
20444	568	185	871	44152	0	45776
20445	403	186	340	46004	0	46933
20446	46714	118	311	1430	0	48573
20447	46723	128	229	585	0	47665
20448	49127	140	146	474	0	49887
20449	49057	146	102	465	0	49770
20450	49381	127	95	416	0	50019
20451	1302	47488	167	421	0	49378
20452	609	893	151	50119	0	51772
20453	51299	318	152	1134	0	52903
20454	1153	240	91	50589	0	52073
20455	524	185	94	51378	0	52181
20456	464	159	169	51500	0	52292
20457	350	48577	143	1310	0	50380
20458	50145	829	132	567	0	51673
20459	970	352	127	49359	0	50808
20460	48287	178	184	1082	0	49731
20461	47817	109	124	539	0	48589
20462	1142	46016	128	463	0	47749
20463	47457	775	105	336	0	48673
20464	1186	219	45452	257	0	47114
20465	45188	175	739	170	0	46272
20466	1133	458	562	45049	0	47202
20467	404	96	46360	719	0	47579
20468	328	45217	740	559	0	46844
20469	414	626	46067	240	0	47347
20470	141	42128	492	185	0	42946
20471	39698	764	454	202	0	41118
20472	39954	158	18	88	0	40218
20473	39779	23	109	26	0	39937
20474	137	38865	51	64	0	39117
20475	40302	84	20	32	0	40438
20476	145	98	40128	29	0	40400
20477	56	83	41569	35	0	41743
20478	39	65	194	40847	0	41145
20479	19	9	26	45085	0	45139
20480	15	43891	54	195	0	44155
20481	46456	163	10	36	0	46665
20482	181	29	6	46944	0	47160
20483	42	46211	62	272	0	46587
20484	34	231	8	49817	0	50090
20485	49883	50	13	266	0	50212
20486	48717	34	15	91	0	48857
20487	308	70	46576	60	0	47014
20488	152	20	226	46961	0	47359
20489	90	57	47826	275	0	48248
20490	33	22	250	48215	0	48520
20491	109	32	48516	322	0	48979
20492	30	26	272	48239	0	48567
20493	67	49	49305	323	0	49744
20494	33	32	300	48694	0	49059
20495	92	56	50811	356	0	51315
20496	45	21	305	50341	0	50712
20497	56	19	86	52541	0	52702
20498	32	53023	172	425	0	53652
20499	38	292	50	57413	0	57793
20500	89	100	56184	390	0	56763
20501	36	46	327	55472	0	55881
20502	31	30	108	57389	0	57558
20503	58201	11	74	454	0	58740
20504	328	31	44	58399	0	58802
20505	86	28	46	58710	0	58870
20506	81	91	56756	529	0	57457
20507	56019	31	350	237	0	56637
20508	367	21	108	60160	0	60656
20509	175	29	73	60260	0	60537
20510	112	41	80	61142	0	61375
20511	61408	15	117	532	0	62072
20512	337	24	84	61455	0	61900
20513	100	23	104	61884	0	62111
20514	61678	18	68	611	0	62375
20515	379	60236	119	331	0	61065
20516	139	330	65	61310	0	61844
20517	76	105	105	61433	0	61719
20518	115	66	59925	623	0	60729
20519	45043	172	625	562	0	46402
20520	370	39	98	59036	0	59543
20521	149	79	57481	635	0	58344
20522	57054	79	410	266	0	57809
20523	402	22	134	60674	0	61232
20524	130	30	125	61838	0	62123
20525	110	17	70	62767	0	62964
20526	118	26	58	63926	0	64128
20527	152	48	68226	820	0	69246
20528	71	42	701	68064	0	68878
20529	90	27	165	84585	0	84867
20530	151	95	96493	1892	0	98631
20531	100044	27	2296	758	0	103125
20532	106158	19	836	669	0	107682
20533	107070	18	624	411	0	108123
20534	4203	30	376	104860	0	109469
20535	106967	33	190	2945	0	110135
20536	108696	33	173	1150	0	110052
20537	4224	33	96	107016	0	111369
20538	108760	66	128	3242	0	112196
20539	108818	76	139	1316	0	110349
20540	108729	38	119	1077	0	109963
20541	109999	15	125	693	0	110832
20542	4788	33	140	104248	0	109209
20543	2297	98941	150	3061	0	104449
20544	1540	100834	238	1219	0	103831
20545	1017	102865	258	976	0	105116
20546	100852	3948	108	695	0	105603
20547	104079	1771	92	529	0	106471
20548	4080	1248	98105	485	0	103918
20549	101752	649	2720	479	0	105600
20550	4211	435	983	103258	0	108887
20551	1990	202	728	104065	0	106985
20552	1451	144	434	106224	0	108253
20553	102144	116	265	4714	0	107239
20554	3569	134	187	102895	0	106785
20555	1683	98521	177	4245	0	104626
20556	1348	2791	89	103751	0	107979
20557	1022	1118	102762	4119	0	109021
20558	722	882	2770	105285	0	109659
20559	105804	646	993	4108	0	111551
20560	3658	517	103489	1822	0	109486
20561	1692	275	3068	105636	0	110671
20562	1391	252	1191	103816	0	106650
20563	1101	213	831	107073	0	109218
20564	843	103061	601	4846	0	109351
20565	682	2992	299	109332	0	113305
20566	106309	1048	238	4770	0	112365
20567	105829	841	237	2229	0	109136
20568	4549	595	100983	1572	0	107699
20569	2324	486	102714	1082	0	106606
20570	1663	360	3798	101564	0	107385
20571	1190	219	1730	105945	0	109084
20572	846	268	102727	4719	0	108560
20573	787	358	3462	98866	0	103473
20574	645	100070	1431	4241	0	106387
20575	105571	3151	960	2032	0	111714
20576	105233	1071	623	1639	0	108566
20577	104846	770	467	1237	0	107320
20578	5265	687	101284	960	0	108196
20579	2543	476	3147	103044	0	109210
20580	1894	362	100900	3890	0	107046
20581	99266	170	3696	1743	0	104875
20582	3911	98506	1626	1505	0	105548
20583	1746	2998	1120	100833	0	106697
20584	100410	1088	739	3824	0	106061
20585	3884	806	457	100028	0	105175
20586	1779	573	438	103796	0	106586
20587	1531	426	97490	4992	0	104439
20588	94940	369	3241	2528	0	101078
20589	4040	97528	1364	1859	0	104791
20590	2019	3100	937	101612	0	107668
20591	101459	1101	613	3937	0	107110
20592	4278	877	531	101459	0	107145
20593	100698	629	418	4516	0	106261
20594	4388	99029	475	2388	0	106280
20595	103314	3194	357	1691	0	108556
20596	4943	1286	100542	1225	0	107996
20597	102416	1024	3245	1059	0	107744
20598	103077	686	1478	1017	0	106258
20599	103830	450	1080	982	0	106342
20600	5804	423	761	98743	0	105731
20601	3159	500	549	99046	0	103254
20602	2342	533	433	100614	0	103922
20603	1724	95498	409	5250	0	102881
20604	98216	3344	313	2842	0	104715
20605	4303	1298	392	98376	0	104369
20606	2199	955	348	100255	0	103757
20607	1867	677	424	100732	0	103700
20608	96401	514	461	5591	0	102967
20609	4267	462	346	98122	0	103197
20610	2169	425	92653	5347	0	100594
20611	1682	92189	3144	2839	0	99854
20612	1275	3416	1154	97097	0	102942
20613	1175	1494	859	99216	0	102744
20614	986	1138	702	101524	0	104350
20615	1077	798	94199	5884	0	101958
20616	1118	500	95197	3234	0	100049
20617	972	429	4260	98357	0	104018
20618	1116	420	99636	4867	0	106039
20619	929	344	4139	102955	0	108367
20620	103476	275	1771	5450	0	110972
20621	108406	354	1177	3055	0	112992
20622	109129	382	761	2341	0	112613
20623	5694	511	102058	1784	0	110047
20624	101705	446	3507	1407	0	107065
20625	5033	531	1497	103795	0	110856
20626	2440	350	100353	4208	0	107351
20627	1846	334	96877	2103	0	101160
20628	1302	93840	4304	2043	0	101489
20629	708	82002	1416	1145	0	85271
20630	66154	1569	1804	619	0	70146
20631	1317	292	354	64581	0	66544
20632	428	146	65576	1227	0	67377
20633	234	95	962	65987	0	67278
20634	67669	72	333	1396	0	69470
20635	1237	97	72322	528	0	74184
20636	73299	64	1359	308	0	75030
20637	79887	93	349	242	0	80571
20638	79068	72	206	225	0	79571
20639	1914	75690	219	265	0	78088
20640	80598	1480	128	207	0	82413
20641	1809	332	122	80709	0	82972
20642	550	208	147	80980	0	81885
20643	407	91	130	82201	0	82829
20644	250	80	144	82123	0	82597
20645	79444	62	139	2205	0	81850
20646	1702	75942	178	815	0	78637
20647	455	74531	168	440	0	75594
20648	363	77696	163	312	0	78534
20649	78637	1854	155	281	0	80927
20650	79056	426	213	244	0	79939
20651	78697	246	106	260	0	79309
20652	78514	122	146	219	0	79001
20653	2044	116	114	77371	0	79645
20654	623	105	113	78842	0	79683
20655	77891	93	145	1929	0	80058
20656	1645	75671	162	681	0	78159
20657	75610	1493	95	365	0	77563
20658	77323	313	164	240	0	78040
20659	1846	221	109	75221	0	77397
20660	604	74519	131	1598	0	76852
20661	431	1514	98	78573	0	80616
20662	78008	342	96	1852	0	80298
20663	1848	293	78341	484	0	80966
20664	530	159	1477	76384	0	78550
20665	412	77438	371	1583	0	79804
20666	79344	1534	250	441	0	81569
20667	77358	364	150	368	0	78240
20668	2020	292	79276	274	0	81862
20669	648	74991	1568	312	0	77519
20670	595	1585	78305	241	0	80726
20671	321	501	1525	76105	0	78452
20672	323	286	77000	1571	0	79180
20673	350	199	75735	442	0	76726
20674	262	73630	1570	406	0	75868
20675	75879	1378	425	193	0	77875
20676	76597	329	265	228	0	77419
20677	1661	75814	254	317	0	78046
20678	580	76059	191	341	0	77171
20679	554	1704	72057	207	0	74522
20680	371	622	72679	236	0	73908
20681	386	358	74972	224	0	75940
20682	294	175	1681	74119	0	76269
20683	391	182	75604	1554	0	77731
20684	292	185	1563	73192	0	75232
20685	318	188	404	73960	0	74870
20686	407	200	74251	1770	0	76628
20687	340	71994	1423	692	0	74449
20688	354	1525	355	75084	0	77318
20689	74293	428	285	1547	0	76553
20690	1663	328	164	74451	0	76606
20691	639	226	74203	1746	0	76814
20692	499	71930	1465	623	0	74517
20693	372	76682	430	479	0	77963
20694	495	1745	302	76289	0	78831
20695	75007	555	362	1598	0	77522
20696	75270	382	239	468	0	76359
20697	1896	329	176	72608	0	75009
20698	729	76530	232	1576	0	79067
20699	635	1701	180	78443	0	80959
20700	531	466	166	81131	0	82294
20701	485	414	179	81959	0	83037
20702	85126	296	210	2165	0	87797
20703	1970	84370	220	878	0	87438
20704	87334	1885	229	589	0	90037
20705	89150	616	222	440	0	90428
20706	88734	470	214	409	0	89827
20707	90864	317	223	362	0	91766
20708	2764	330	189	87929	0	91212
20709	1088	340	86289	2239	0	89956
20710	639	85552	1921	928	0	89040
20711	90115	1974	718	591	0	93398
20712	91239	703	377	411	0	92730
20713	92896	456	246	435	0	94033
20714	3003	306	88373	343	0	92025
20715	87960	309	1933	306	0	90508
20716	91192	276	601	294	0	92363
20717	2751	303	389	89054	0	92497
20718	1199	430	83776	2147	0	87552
20719	684	81131	2065	795	0	84675
20720	568	2137	671	83907	0	87283
20721	81272	874	585	2069	0	84800
20722	2138	373	240	81166	0	83917
20723	765	251	249	84049	0	85314
20724	85909	255	242	2470	0	88876
20725	2382	284	82354	932	0	85952
20726	84886	241	1981	543	0	87651
20727	84854	234	745	408	0	86241
20728	84671	243	474	377	0	85765
20729	84982	239	303	385	0	85909
20730	3044	258	80107	314	0	83723
20731	1109	351	1925	79461	0	82846
20732	748	275	78516	2075	0	81614
20733	495	230	1985	77741	0	80451
20734	526	246	75900	2206	0	78878
20735	67880	237	1740	729	0	70586
20736	1812	65786	689	541	0	68828
20737	742	67964	380	397	0	69483
20738	685	1949	219	72582	0	75435
20739	501	674	242	75312	0	76729
20740	465	76577	298	2289	0	79629
20741	78419	1935	171	769	0	81294
20742	82333	626	194	427	0	83580
20743	85164	285	215	326	0	85990
20744	89103	191	227	252	0	89773
20745	3487	183	190	86876	0	90736
20746	1335	155	206	90934	0	92630
20747	89890	175	191	3412	0	93668
20748	2921	125	191	89711	0	92948
20749	1330	190	85374	3089	0	89983
20750	819	259	86260	1139	0	88477
20751	594	174	3210	88933	0	92911
20752	665	204	87029	3053	0	90951
20753	87004	153	2847	1190	0	91194
20754	2930	152	1042	88471	0	92595
20755	89198	150	588	2960	0	92896
20756	3314	228	86600	1215	0	91357
20757	1362	142	2648	88556	0	92708
20758	967	223	86250	3012	0	90452
20759	629	86293	2987	1437	0	91346
20760	86928	2648	1359	902	0	91837
20761	87399	898	626	585	0	89508
20762	3694	84333	375	762	0	89164
20763	84677	2654	334	520	0	88185
20764	3386	930	294	82832	0	87442
20765	1434	448	320	85760	0	87962
20766	82993	237	329	3675	0	87234
20767	3121	80347	395	1549	0	85412
20768	1493	82452	342	896	0	85183
20769	1043	3349	279	81480	0	86151
20770	79993	1194	295	2987	0	84469
20771	82174	554	355	1276	0	84359
20772	82868	408	324	796	0	84396
20773	4307	368	77551	596	0	82822
20774	1928	392	76843	647	0	79810
20775	1260	77082	3338	619	0	82299
20776	78252	2745	1226	536	0	82759
20777	3446	1055	623	75421	0	80545
20778	76262	548	491	2959	0	80260
20779	77779	379	400	1355	0	79913
20780	4210	333	415	75108	0	80066
20781	2078	332	73553	3167	0	79130
20782	74947	306	2792	1488	0	79533
20783	3497	315	1119	75560	0	80491
20784	1755	304	74427	3262	0	79748
20785	75122	305	2839	1515	0	79781
20786	77943	278	1203	1041	0	80465
20787	4123	253	754	75603	0	80733
20788	1968	287	73620	3338	0	79213
20789	1273	348	2867	72534	0	77022
20790	1178	74179	1236	3222	0	79815
20791	1413	2663	74031	1431	0	79538
20792	1110	75854	2965	1023	0	80952
20793	76116	2922	1282	735	0	81055
20794	77681	1042	810	761	0	80294
20795	78340	566	624	751	0	80281
20796	78318	413	637	661	0	80029
20797	4433	402	522	74447	0	79804
20798	71493	337	522	3037	0	75389
20799	3556	332	501	69986	0	74375
20800	67183	287	463	3281	0	71214
20801	3433	65957	414	1584	0	71388
20802	1422	2322	394	60836	0	64974
20803	1035	60783	373	2537	0	64728
20804	61538	2371	388	1126	0	65423
20805	61914	950	323	743	0	63930
20806	3302	59350	369	735	0	63756
20807	1570	2263	321	59446	0	63600
20808	1107	841	57308	2500	0	61756
20809	965	569	2089	58433	0	62056
20810	983	391	57120	2564	0	61058
20811	835	387	2213	54019	0	57454
20812	763	55652	902	2386	0	59703
20813	57066	1960	525	996	0	60547
20814	58136	763	364	731	0	59994
20815	2998	437	334	56554	0	60323
20816	60562	311	426	2288	0	63587
20817	2701	405	315	61298	0	64719
20818	1331	333	307	62352	0	64323
20819	983	276	309	63664	0	65232
20820	62461	280	283	3078	0	66102
20821	64503	301	254	1340	0	66398
20822	64545	278	307	825	0	65955
20823	3070	61194	299	752	0	65315
20824	60641	1891	313	524	0	63369
20825	2515	58755	290	495	0	62055
20826	61074	2058	266	447	0	63845
20827	2492	776	246	59149	0	62663
20828	1343	458	270	61288	0	63359
20829	60039	366	202	2555	0	63162
20830	60508	323	246	1084	0	62161
20831	2784	58134	250	675	0	61843
20832	61290	1903	192	557	0	63942
20833	2568	696	139	59871	0	63274
20834	1234	450	178	62113	0	63975
20835	60666	295	154	2635	0	63750
20836	2555	328	58663	1097	0	62643
20837	1137	56279	1568	787	0	59771
20838	730	1541	451	52752	0	55474
20839	580	417	47866	1405	0	50268
20840	521	1397	1018	44990	0	47926
20841	45587	173	418	1288	0	47466
20842	1117	41823	252	619	0	43811
20843	419	39460	198	346	0	40423
20844	267	36882	93	200	0	37442
20845	512	1053	456	35310	0	37331
20846	35991	140	403	567	0	37101
20847	468	86	18	35220	0	35792
20848	35761	56	25	504	0	36346
20849	36107	52	23	159	0	36341
20850	579	39	20	35884	0	36522
20851	36472	52	29	488	0	37041
20852	541	47	22	36286	0	36896
20853	193	76	36029	524	0	36822
20854	36304	45	437	185	0	36971
20855	621	64	40343	111	0	41139
20856	39551	50	463	113	0	40177
20857	604	75	39801	99	0	40579
20858	152	41	315	38429	0	38937
20859	86	45	101	39912	0	40144
20860	40979	33	49	458	0	41519
20861	413	46	28	41565	0	42052
20862	41922	40	32	458	0	42452
20863	442	40570	55	179	0	41246
20864	44002	379	31	112	0	44524
20865	470	106	26	44191	0	44793
20866	182	54	39	44563	0	44838
20867	109	51	35	45195	0	45390
20868	93	35	32	45373	0	45533
20869	119	69	43970	577	0	44735
20870	139	80	43280	213	0	43712
20871	92	38	449	44220	0	44799
20872	140	72	44532	490	0	45234
20873	84	43098	488	231	0	43901
20874	87	434	120	45491	0	46132
20875	117	144	46130	515	0	46906
20876	142	98	45331	215	0	45786
20877	82	53	534	46740	0	47409
20878	121	42	153	47873	0	48189
20879	94	46838	141	657	0	47730
20880	131	548	86	49565	0	50330
20881	114	150	49460	691	0	50415
20882	48233	64	725	276	0	49298
20883	761	54	185	51452	0	52452
20884	50870	42	121	883	0	51916
20885	50893	49	121	305	0	51368
20886	51801	42	143	233	0	52219
20887	934	94	50899	219	0	52146
20888	304	113	49890	187	0	50494
20889	47571	92	882	218	0	48763
20890	858	91	50537	210	0	51696
20891	252	64	810	48101	0	49227
20892	171	50	253	49606	0	50080
20893	234	72	48608	994	0	49908
20894	148	47784	814	394	0	49140
20895	49109	747	229	256	0	50341
20896	783	48005	210	285	0	49283
20897	273	49644	195	423	0	50535
20898	50404	858	237	204	0	51703
20899	868	248	50179	208	0	51503
20900	314	140	50800	194	0	51448
20901	186	104	1012	49954	0	51256
20902	50911	75	289	949	0	52224
20903	836	49902	270	438	0	51446
20904	51527	859	207	236	0	52829
20905	1011	286	50710	223	0	52230
20906	313	54075	946	235	0	55569
20907	203	1046	293	57696	0	59238
20908	252	323	57531	1181	0	59287
20909	196	159	1140	57579	0	59074
20910	221	206	388	56290	0	57105
20911	234	103	239	59174	0	59750
20912	198	127	223	59666	0	60214
20913	57754	113	227	1530	0	59624
20914	57334	119	189	564	0	58206
20915	1471	130	56852	337	0	58790
20916	53904	110	1209	293	0	55516
20917	1275	52598	444	328	0	54645
20918	54307	1085	272	275	0	55939
20919	1303	350	53204	276	0	55133
20920	463	334	1164	51951	0	53912
20921	309	163	52810	1252	0	54534
20922	326	149	52685	451	0	53611
20923	306	164	1417	50635	0	52522
20924	237	124	451	52042	0	52854
20925	268	142	50022	1550	0	51982
20926	213	48075	1303	559	0	50150
20927	243	50646	431	419	0	51739
20928	200	1379	293	51204	0	53076
20929	49718	365	269	1324	0	51676
20930	1195	50775	301	614	0	52885
20931	425	1187	51231	361	0	53204
20932	284	364	50065	311	0	51024
20933	275	258	50852	307	0	51692
20934	234	178	1479	48657	0	50548
20935	49765	143	545	1360	0	51813
20936	1241	48046	405	632	0	50324
20937	529	1211	47386	386	0	49512
20938	281	47609	1332	353	0	49575
20939	241	1259	481	48453	0	50434
20940	309	394	47866	1318	0	49887
20941	212	48021	1332	631	0	50196
20942	232	1233	475	48339	0	50279
20943	213	391	372	50235	0	51211
20944	261	335	49765	1532	0	51893
20945	218	230	1319	48105	0	49872
20946	246	48232	507	1371	0	50356
20947	266	1243	48569	540	0	50618
20948	47955	396	1331	344	0	50026
20949	1235	299	498	48728	0	50760
20950	403	321	388	48440	0	49552
20951	255	47850	356	1518	0	49979
20952	48771	1187	342	555	0	50855
20953	1269	370	46372	374	0	48385
20954	46438	269	1309	317	0	48333
20955	1187	327	374	43304	0	45192
20956	349	42005	289	1199	0	43842
20957	234	1098	279	43113	0	44724
20958	175	346	216	45588	0	46325
20959	44397	212	236	1392	0	46237
20960	44814	186	250	500	0	45750
20961	1347	141	188	44229	0	45905
20962	397	179	42842	1342	0	44760
20963	40636	154	1163	485	0	42438
20964	1121	41817	393	347	0	43678
20965	400	1151	266	42561	0	44378
20966	238	309	237	44194	0	44978
20967	234	207	185	44382	0	45008
20968	208	200	41909	1617	0	43934
20969	160	178	1184	42080	0	43602
20970	155	42459	425	1412	0	44451
20971	178	1161	284	41787	0	43410
20972	191	42148	223	1276	0	43838
20973	186	1245	205	42519	0	44155
20974	168	482	41026	1434	0	43110
20975	38347	232	1164	476	0	40219
20976	1080	176	361	41636	0	43253
20977	333	177	39588	1218	0	41316
20978	208	39177	1069	551	0	41005
20979	40392	1014	416	378	0	42200
20980	1061	342	39387	313	0	41103
20981	37400	245	972	215	0	38832
20982	896	133	419	38462	0	39910
20983	319	201	197	38408	0	39125
20984	194	37923	197	984	0	39298
20985	38610	771	161	397	0	39939
20986	37960	267	131	266	0	38624
20987	935	38866	143	238	0	40182
20988	336	822	119	40010	0	41287
20989	194	305	110	40626	0	41235
20990	140	182	130	40546	0	40998
20991	133	161	38875	1146	0	40315
20992	38269	112	834	458	0	39673
20993	816	204	268	39597	0	40885
20994	265	144	182	40395	0	40986
20995	202	149	38669	1128	0	40148
20996	152	147	38525	466	0	39290
20997	194	128	961	39948	0	41231
20998	200	110	40121	1000	0	41431
20999	38837	100	1026	385	0	40348
21000	832	109	510	39892	0	41343
21001	367	80	209	40602	0	41258
21002	217	119	41275	1167	0	42778
21003	124	130	830	42546	0	43630
21004	126	106	42782	1121	0	44135
21005	112	40708	934	451	0	42205
21006	36586	1082	751	475	0	38894
21007	35782	341	152	146	0	36421
21008	705	35191	91	163	0	36150
21009	223	588	61	36210	0	37082
21010	171	170	36349	678	0	37368
21011	88	136	566	36245	0	37035
21012	36448	62	187	721	0	37418
21013	584	36159	155	273	0	37171
21014	37181	593	80	174	0	38028
21015	656	154	80	36818	0	37708
21016	37007	122	72	650	0	37851
21017	640	36056	70	315	0	37081
21018	37105	559	64	195	0	37923
21019	722	187	35412	144	0	36465
21020	207	35869	572	195	0	36843
21021	293	424	119	36185	0	37021
21022	38164	135	230	483	0	39012
21023	38580	95	71	198	0	38944
21024	620	76	48	38306	0	39050
21025	38983	46	46	582	0	39657
21026	38944	68	54	194	0	39260
21027	39603	57	51	179	0	39890
21028	695	45	72	39277	0	40089
21029	279	154	38641	584	0	39658
21030	173	100	36995	218	0	37486
21031	142	77	38293	181	0	38693
21032	38555	62	648	110	0	39375
21033	596	52	198	39193	0	40039
21034	201	39035	157	623	0	40016
21035	194	559	71	39652	0	40476
21036	122	39844	99	644	0	40709
21037	42336	620	95	200	0	43251
21038	623	163	78	42451	0	43315
21039	209	103	86	43783	0	44181
21040	44013	81	92	770	0	44956
21041	712	79	77	44109	0	44977
21042	232	90	89	45398	0	45809
21043	46560	76	88	845	0	47569
21044	856	92	46951	345	0	48244
21045	250	71	857	47881	0	49059
21046	253	85	47427	983	0	48748
21047	47182	70	918	312	0	48482
21048	943	58	221	48583	0	49805
21049	48489	57	172	1010	0	49728
21050	1061	52	106	49403	0	50622
21051	317	82	49736	1167	0	51302
21052	241	64	905	51277	0	52487
21053	51446	65	275	1151	0	52937
21054	1003	50645	233	512	0	52393
21055	332	947	50451	272	0	52002
21056	49510	223	937	195	0	50865
21057	1033	50875	270	295	0	52473
21058	319	51669	190	204	0	52382
21059	264	55345	163	305	0	56077
21060	236	1281	92	59480	0	61089
21061	60522	302	105	1357	0	62286
21062	62998	155	113	372	0	63638
21063	1673	158	60160	288	0	62279
21064	60844	89	1262	170	0	62365
21065	1554	58986	317	213	0	61070
21066	409	1263	199	61435	0	63306
21067	63811	293	119	1397	0	65620
21068	64625	211	117	687	0	65640
21069	64714	149	121	315	0	65299
21070	63865	117	137	188	0	64307
21071	65009	107	124	194	0	65434
21072	1835	123	120	63709	0	65787
21073	685	176	62292	1460	0	64613
21074	478	145	1269	64097	0	65989
21075	384	230	276	65940	0	66830
21076	64519	144	193	1638	0	66494
21077	1663	61484	159	563	0	63869
21078	63955	1355	124	390	0	65824
21079	65591	296	146	300	0	66333
21080	68051	243	161	282	0	68737
21081	69749	147	130	337	0	70363
21082	2144	191	65965	301	0	68601
21083	67334	135	1347	355	0	69171
21084	69344	128	342	333	0	70147
21085	65699	171	343	352	0	66565
21086	69266	132	271	292	0	69961
21087	2355	216	193	65462	0	68226
21088	1028	332	62432	1616	0	65408
21089	64292	141	1356	609	0	66398
21090	2086	63828	401	521	0	66836
21091	1033	1327	312	63813	0	66485
21092	953	64361	258	1523	0	67095
21093	882	1419	203	67229	0	69733
21094	68551	348	198	1766	0	70863
21095	69090	270	228	645	0	70233
21096	69295	194	331	520	0	70340
21097	2263	235	63519	436	0	66453
21098	65311	227	1368	480	0	67386
21099	2096	301	63654	359	0	66410
21100	1171	359	63726	297	0	65553
21101	947	280	65363	357	0	66947
21102	1025	318	1686	61506	0	64535
21103	886	169	554	63734	0	65343
21104	839	178	352	64045	0	65414
21105	704	152	380	64449	0	65685
21106	786	166	342	63988	0	65282
21107	797	151	281	63499	0	64728
21108	781	62218	308	1780	0	65087
21109	62502	1320	272	697	0	64791
21110	1629	62832	310	678	0	65449
21111	736	1437	362	64338	0	66873
21112	736	435	274	65776	0	67221
21113	64432	388	221	1862	0	66903
21114	1716	62952	248	982	0	65898
21115	65054	1432	246	663	0	67395
21116	1894	450	274	64818	0	67436
21117	983	322	287	65467	0	67059
21118	901	282	260	66037	0	67480
21119	852	326	63574	1933	0	66685
21120	698	259	1461	64185	0	66603
21121	797	260	62599	1840	0	65496
21122	734	235	61149	739	0	62857
21123	737	243	64118	637	0	65735
21124	690	178	1652	63385	0	65905
21125	636	202	559	66445	0	67842
21126	595	217	348	67691	0	68851
21127	66454	227	321	2175	0	69177
21128	1662	238	308	68263	0	70471
21129	68983	218	330	2139	0	71670
21130	1930	67720	315	1131	0	71096
21131	73200	1561	285	708	0	75754
21132	77381	467	294	608	0	78750
21133	2216	78087	328	771	0	81402
21134	79946	1548	265	765	0	82524
21135	79785	428	341	775	0	81329
21136	81256	301	266	642	0	82465
21137	80844	325	344	532	0	82045
21138	2729	291	77155	496	0	80671
21139	1222	75707	1567	645	0	79141
21140	919	1789	558	77591	0	80857
21141	77382	417	474	1943	0	80216
21142	2053	375	75211	800	0	78439
21143	901	72949	1516	830	0	76196
21144	796	1248	496	69980	0	72520
21145	626	71797	473	1555	0	74451
21146	667	1382	339	73389	0	75777
21147	615	484	230	74693	0	76022
21148	790	375	72796	1769	0	75730
21149	700	342	71488	781	0	73311
21150	67140	273	1492	606	0	69511
21151	1659	271	71440	498	0	73868
21152	924	298	71217	406	0	72845
21153	734	624	1420	68816	0	71594
21154	701	382	563	68880	0	70526
21155	677	68421	505	1473	0	71076
21156	533	73967	411	800	0	75711
21157	583	1622	74255	562	0	77022
21158	527	939	1485	78018	0	80969
21159	528	358	76590	1721	0	79197
21160	414	249	70086	531	0	71280
21161	238	68746	1636	428	0	71048
21162	348	1272	557	68257	0	70434
21163	68752	349	404	1114	0	70619
21164	1086	246	233	69144	0	70709
21165	69776	139	211	1263	0	71389
21166	69564	145	163	512	0	70384
21167	70290	110	176	363	0	70939
21168	1580	155	67836	243	0	69814
21169	68709	107	1064	212	0	70092
21170	1338	124	424	69859	0	71745
21171	70510	92	302	1144	0	72048
21172	70526	107	201	461	0	71295
21173	1424	68426	215	377	0	70442
21174	70261	1031	149	222	0	71663
21175	1359	406	69238	206	0	71209
21176	68603	218	1025	183	0	70029
21177	70467	145	381	178	0	71171
21178	1416	68910	327	215	0	70868
21179	69955	995	181	124	0	71255
21180	1292	324	161	66158	0	67935
21181	515	217	146	66394	0	67272
21182	400	65540	148	1261	0	67349
21183	329	1002	116	67763	0	69210
21184	283	342	156	68351	0	69132
21185	316	261	66556	1388	0	68521
21186	307	223	65151	575	0	66256
21187	63475	131	1288	376	0	65270
21188	66882	136	484	262	0	67764
21189	1407	112	312	67191	0	69022
21190	706	122	66568	1152	0	68548
21191	487	64727	1108	578	0	66900
21192	402	1047	408	66970	0	68827
21193	376	389	66332	1170	0	68267
21194	62924	265	1149	523	0	64861
21195	1245	180	414	68181	0	70020
21196	536	68783	354	1260	0	70933
21197	479	1220	245	71136	0	73080
21198	365	400	243	72674	0	73682
21199	380	318	212	73208	0	74118
21200	71069	200	244	1749	0	73262
21201	1383	197	232	70894	0	72706
21202	71066	197	267	1635	0	73165
21203	71205	183	252	695	0	72335
21204	1806	204	69612	552	0	72174
21205	818	69350	1279	599	0	72046
21206	733	1301	455	65351	0	67840
21207	495	72783	367	1170	0	74815
21208	75301	1512	294	513	0	77620
21209	1634	539	273	74975	0	77421
21210	691	405	75007	1701	0	77804
21211	608	285	74899	681	0	76473
21212	511	270	75555	540	0	76876
21213	73681	194	1979	438	0	76292
21214	1669	75105	790	455	0	78019
21215	76179	1485	485	324	0	78473
21216	1751	76494	367	506	0	79118
21217	778	1627	349	77226	0	79980
21218	640	588	294	76100	0	77622
21219	531	77521	280	1855	0	80187
21220	651	1605	76360	785	0	79401
21221	435	77527	1497	675	0	80134
21222	77710	1607	529	510	0	80356
21223	1585	588	382	75302	0	77857
21224	656	452	73796	1682	0	76586
21225	677	358	73813	666	0	75514
21226	450	314	1717	73671	0	76152
21227	475	230	73070	1611	0	75386
21228	454	323	69725	630	0	71132
21229	65550	277	1688	488	0	68003
21230	1364	66774	715	462	0	69315
21231	65060	1162	436	284	0	66942
21232	1476	472	65097	317	0	67362
21233	529	61609	1329	370	0	63837
21234	492	64692	494	351	0	66029
21235	649	1731	588	64337	0	67305
21236	284	556	272	65630	0	66742
21237	253	378	225	67976	0	68832
21238	250	279	65576	1936	0	68041
21239	267	240	1309	66078	0	67894
21240	272	199	452	68452	0	69375
21241	67191	179	313	1893	0	69576
21242	1426	65009	246	926	0	67607
21243	547	1386	206	67502	0	69641
21244	67003	450	218	1664	0	69335
21245	66459	368	251	639	0	67717
21246	1809	286	198	66056	0	68349
21247	717	272	65327	1671	0	67987
21248	442	254	1411	66857	0	68964
21249	345	230	65833	1830	0	68238
21250	67206	197	1574	697	0	69674
21251	72580	155	601	557	0	73893
21252	1964	281	474	75487	0	78206
21253	746	182	75329	2086	0	78343
21254	493	77300	2059	907	0	80759
21255	474	2381	79550	429	0	82834
21256	409	1326	2228	71675	0	75638
21257	232	76506	612	1908	0	79258
21258	72735	1916	234	417	0	75302
21259	1853	440	173	70184	0	72650
21260	438	71314	168	1810	0	73730
21261	73568	1894	142	450	0	76054
21262	1909	452	160	72373	0	74894
21263	456	72026	198	1911	0	74591
21264	481	1950	139	74044	0	76614
21265	258	478	71775	2092	0	74603
21266	70350	272	1835	606	0	73063
21267	72949	206	440	393	0	73988
21268	2316	237	69389	291	0	72233
21269	604	68946	1861	317	0	71728
21270	71908	1926	436	229	0	74499
21271	2053	458	271	70735	0	73517
21272	540	307	256	72244	0	73347
21273	341	299	164	72560	0	73364
21274	278	206	189	72344	0	73017
21275	230	186	171	72162	0	72749
21276	69482	168	162	2662	0	72474
21277	71648	165	176	914	0	72903
21278	2327	133	234	70223	0	72917
21279	670	140	155	72151	0	73116
21280	468	171	69079	2534	0	72252
21281	379	198	68759	816	0	70152
21282	66416	221	2160	548	0	69345
21283	2095	178	594	68336	0	71203
21284	679	201	67088	2177	0	70145
21285	430	161	1927	67841	0	70359
21286	67907	154	568	2401	0	71030
21287	69695	163	385	777	0	71020
21288	2384	171	272	67916	0	70743
21289	748	162	256	70033	0	71199
21290	68639	148	225	2563	0	71575
21291	2165	159	207	67760	0	70291
21292	658	67181	247	2334	0	70420
21293	449	1876	232	67925	0	70482
21294	352	542	211	68622	0	69727
21295	365	270	64352	2596	0	67583
21296	403	295	62737	888	0	64323
21297	344	63270	2025	712	0	66351
21298	63144	1869	551	528	0	66092
21299	63113	490	321	473	0	64397
21300	64240	309	246	458	0	65253
21301	2371	61200	284	497	0	64352
21302	731	63715	254	556	0	65256
21303	61415	2194	245	554	0	64408
21304	1946	61916	282	751	0	64895
21305	729	2029	60239	463	0	63460
21306	546	60096	1830	571	0	63043
21307	527	1950	58108	468	0	61053
21308	56671	651	1775	449	0	59546
21309	59135	411	536	481	0	60563
21310	2075	56180	330	518	0	59103
21311	58170	1767	310	512	0	60759
21312	64276	524	236	524	0	65560
21313	65000	340	216	507	0	66063
21314	2789	292	249	62982	0	66312
21315	63890	269	259	2373	0	66791
21316	2839	315	60147	854	0	64155
21317	61489	231	1963	690	0	64373
21318	2628	270	631	62024	0	65553
21319	1093	278	59850	2398	0	63619
21320	847	262	60592	910	0	62611
21321	782	264	2439	60157	0	63642
21322	620	240	882	62321	0	64063
21323	60932	253	587	2880	0	64652
21324	2304	224	443	61159	0	64130
21325	941	233	58860	2858	0	62892
21326	784	217	2099	58533	0	61633
21327	623	59842	671	2641	0	63777
21328	61106	1973	453	1150	0	64682
21329	2366	579	388	61281	0	64614
21330	965	573	58564	2508	0	62610
21331	731	58870	2039	1071	0	62711
21332	55494	1920	644	731	0	58789
21333	2221	590	486	55602	0	58899
21334	1007	380	53847	2208	0	57442
21335	713	53240	1908	904	0	56765
21336	53657	2005	680	692	0	57034
21337	52849	621	514	573	0	54557
21338	53875	372	365	510	0	55122
21339	2551	338	294	51740	0	54923
21340	1125	195	250	53579	0	55149
21341	52015	157	220	2446	0	54838
21342	2048	50440	241	1098	0	53827
21343	52224	1633	222	815	0	54894
21344	2159	541	181	51779	0	54660
21345	53063	422	243	1973	0	55701
21346	2215	304	230	51904	0	54653
21347	964	263	239	52918	0	54384
21348	712	258	250	53014	0	54234
21349	647	245	250	53378	0	54520
21350	521	237	48036	2630	0	51424
21351	455	221	44258	1063	0	45997
21352	37947	119	1316	675	0	40057
21353	1253	232	38816	466	0	40767
21354	439	87	33841	261	0	34628
21355	31344	172	1344	210	0	33070
21356	32799	70	612	169	0	33650
21357	1003	136	373	34633	0	36145
21358	35526	43	306	797	0	36672
21359	1012	34227	176	392	0	35807
21360	35956	640	121	331	0	37048
21361	35664	287	96	314	0	36361
21362	37095	256	85	205	0	37641
21363	1216	189	75	35241	0	36721
21364	715	33970	126	728	0	35539
21365	523	34939	108	357	0	35927
21366	35393	862	249	431	0	36935
21367	35755	395	98	265	0	36513
21368	908	309	109	34675	0	36001
21369	534	191	129	34834	0	35688
21370	440	33962	125	901	0	35428
21371	35108	621	108	500	0	36337
21372	851	276	34298	415	0	35840
21373	461	213	584	33993	0	35251
21374	400	156	262	34937	0	35755
21375	318	102	34695	954	0	36069
21376	239	185	672	33636	0	34732
21377	230	31118	378	973	0	32699
21378	219	591	242	34717	0	35769
21379	207	261	195	34504	0	35167
21380	203	32755	171	1015	0	34144
21381	209	34269	104	620	0	35202
21382	170	796	112	35012	0	36090
21383	35046	403	94	903	0	36446
21384	686	319	105	34977	0	36087
21385	356	210	123	35413	0	36102
21386	369	34962	145	991	0	36467
21387	287	603	138	37235	0	38263
21388	235	256	118	37004	0	37613
21389	225	220	104	37325	0	37874
21390	37438	164	103	1131	0	38836
21391	719	122	89	37391	0	38321
21392	396	98	65	37136	0	37695
21393	378	120	64	37535	0	38097
21394	313	115	35358	1175	0	36961
21395	33311	104	528	694	0	34637
21396	741	34861	281	547	0	36430
21397	35890	515	254	363	0	37022
21398	849	256	257	35239	0	36601
21399	444	258	34792	642	0	36136
21400	33027	183	541	356	0	34107
21401	762	159	42728	316	0	43965
21402	462	165	637	41849	0	43113
21403	45277	60	353	630	0	46320
21404	44453	75	275	352	0	45155
21405	45801	66	155	353	0	46375
21406	946	83	97	45991	0	47117
21407	591	87	74	46334	0	47086
21408	454	116	65	46852	0	47487
21409	278	44573	111	968	0	45930
21410	216	44857	70	653	0	45796
21411	159	44075	89	504	0	44827
21412	31	40737	53	68	0	40889
21413	36	121	27	42713	0	42897
21414	28	34	11	42342	0	42415
21415	42874	11	16	132	0	43033
21416	41263	7	22	69	0	41361
21417	42464	16	19	110	0	42609
21418	116	20	11	42499	0	42646
21419	35	16	13	43349	0	43413
21420	43888	21	21	150	0	44080
21421	41938	36	25	131	0	42130
21422	130	61	42973	56	0	43220
21423	68	99	41431	54	0	41652
21424	53	84	43003	42	0	43182
21425	92	40	45568	37	0	45737
21426	32	114	111	44379	0	44636
21427	46029	14	70	145	0	46258
21428	99	43763	56	136	0	44054
21429	29	118	4	47066	0	47217
21430	81	59	47726	147	0	48013
21431	34	48926	140	149	0	49249
21432	19	136	19	52585	0	52759
21433	52	53	53176	167	0	53448
21434	30	26	106	51461	0	51623
21435	24	43	38	53293	0	53398
21436	54851	13	15	157	0	55036
21437	129	18	15	54665	0	54827
21438	79	18	55149	143	0	55389
21439	40	18	102	54219	0	54379
21440	36	58972	57	176	0	59241
21441	42	106	24	64906	0	65078
21442	26	26	36	65857	0	65945
21443	30	22	33	65593	0	65678
21444	67865	17	25	159	0	68066
21445	67674	8	30	79	0	67791
21446	69468	11	18	74	0	69571
21447	68764	22	29	75	0	68890
21448	215	42	68756	53	0	69066
21449	66254	17	120	49	0	66440
21450	69787	16	37	61	0	69901
21451	198	54	69641	58	0	69951
21452	78	76	76229	44	0	76427
21453	30	17	101	76996	0	77144
21454	15	77744	79	124	0	77962
21455	84035	93	11	47	0	84186
21456	85472	14	14	32	0	85532
21457	88550	9	20	32	0	88611
21458	112	16	8	87080	0	87216
21459	42	90382	120	130	0	90674
21460	101464	138	15	42	0	101659
21461	102697	26	16	39	0	102778
21462	132	12	9	102141	0	102294
21463	93	65	100756	172	0	101086
21464	100766	14	136	48	0	100964
21465	154	26	37	107179	0	107396
21466	110342	10	28	148	0	110528
21467	148	146	22	111664	0	111980
21468	107	54	112351	182	0	112694
21469	123514	14	155	45	0	123728
21470	151	20	25	128204	0	128400
21471	248	28	23	127998	0	128297
21472	39	11	18	130395	0	130463
21473	31	17	19	129654	0	129721
21474	132851	11	20	204	0	133086
21475	170	20	15	130838	0	131043
21476	242	127523	86	254	0	128105
21477	45	235	15	134218	0	134513
21478	36	131452	85	352	0	131925
21479	35	248	13	138839	0	139135
21480	35	58	15	139233	0	139341
21481	32	135659	89	372	0	136152
21482	51	245	16	142177	0	142489
21483	36	66	19	140593	0	140714
21484	142292	26	29	386	0	142733
21485	361	72	144045	131	0	144609
21486	80	31	294	146019	0	146424
21487	149453	13	83	374	0	149923
21488	145380	26	51	155	0	145612
21489	146743	18	38	105	0	146904
21490	546	65	146881	71	0	147563
21491	255	176	146627	108	0	147166
21492	99	89	528	149047	0	149763
21493	158012	17	169	531	0	158729
21494	580	106	153412	178	0	154276
21495	148772	25	510	124	0	149431
21496	517	152358	314	294	0	153483
21497	190	464	139	168867	0	169660
21498	124	165	45	172901	0	173235
21499	177449	64	53	628	0	178194
21500	540	57	52	177718	0	178367
21501	175855	49	49	618	0	176571
21502	179414	38	54	276	0	179782
21503	661	40	39	178404	0	179144
21504	264	41	43	179245	0	179593
21505	182534	24	73	742	0	183373
21506	783	84	193952	254	0	195073
21507	192110	34	584	244	0	192972
21508	791	123	209167	199	0	210280
21509	209092	38	573	180	0	209883
21510	230706	27	178	203	0	231114
21511	229327	38	155	155	0	229675
21512	225482	26	100	161	0	225769
21513	815	221958	249	351	0	223373
21514	237532	509	80	144	0	238265
21515	237675	116	79	166	0	238036
21516	856	248497	291	336	0	249980
21517	260674	560	105	166	0	261505
21518	998	263	254693	174	0	256128
21519	248869	102	638	180	0	249789
21520	1217	796	259058	272	0	261343
21521	424	95	858	257535	0	258912
21522	308	73	264	264904	0	265549
21523	471	196	271882	1165	0	273714
21524	303	119	908	263340	0	264670
21525	524	721	809	242940	0	244994
21526	288814	52	185	1504	0	290555
21527	1345	95	129	289405	0	290974
21528	504	104	152	288875	0	289635
21529	398	66	102	293398	0	293964
21530	327	279536	346	1896	0	282105
21531	325	1283	112	293302	0	295022
21532	293606	351	114	1752	0	295823
21533	1818	315	292333	758	0	295224
21534	649	133	1459	296977	0	299218
21535	663	214	298664	1890	0	301431
21536	284774	124	1750	748	0	287396
21537	2063	104	533	310469	0	313169
21538	1068	305	366801	2792	0	370966
21539	568	107	5607	367651	0	373933
21540	459	137	3046	372337	0	375979
21541	440	368648	2578	9358	0	381024
21542	498	5882	1500	392600	0	400480
21543	438	3046	603	415882	0	419969
21544	735	2666	406258	13130	0	422789
21545	557	1513	7562	409589	0	419221
21546	462	600	3611	427798	0	432471
21547	413597	414	2762	13868	0	430641
21548	408402	262	1931	7789	0	418384
21549	11187	404082	1227	5875	0	422371
21550	421988	7701	1075	3711	0	434475
21551	421144	3780	1014	3043	0	428981
21552	13480	430942	1255	3132	0	448809
21553	7500	9480	840	441192	0	459012
21554	445697	4378	620	10445	0	461140
21555	443781	3144	761	6087	0	453773
21556	443340	2202	827	4689	0	451058
21557	15575	424175	1233	4558	0	445541
21558	9947	8897	437964	2849	0	459657
21559	451762	4364	8386	2637	0	467149
21560	467332	3670	3845	2478	0	477325
21561	15737	453335	3296	2763	0	475131
21562	473003	10772	2019	2252	0	488046
21563	480867	5052	1377	2133	0	489429
21564	18447	3876	1060	468029	0	491412
21565	10724	3119	468897	12210	0	494950
21566	7766	1956	10457	482331	0	502510
21567	6110	1636	4787	491665	0	504198
21568	4825	1604	3346	501541	0	511316
21569	4518	2206	468515	19207	0	494446
21570	3997	1651	11434	468902	0	485984
21571	4010	1341	5001	489155	0	499507
21572	3627	1190	3749	494569	0	503135
21573	3281	1315	2823	495387	0	502806
21574	3274	1258	1629	498024	0	504185
21575	3075	471505	1793	24842	0	501215
21576	2805	11114	1531	499286	0	514736
21577	2349	4835	1920	519075	0	528179
21578	2597	3862	488526	22467	0	517452
21579	2598	2345	12189	540807	0	557939
21580	2625	1658	5434	557718	0	567435
21581	2522	1568	4075	580383	0	588548
21582	2735	1481	3275	594546	0	602037
21583	570329	1481	2279	33571	0	607660
21584	18412	1824	1845	587437	0	609518
21585	8827	2020	1391	600072	0	612310
21586	7578	2820	545184	32268	0	587850
21587	5435	527769	16079	19927	0	569210
21588	3330	570938	8042	15871	0	598181
21589	562337	21107	6516	12110	0	602070
21590	17212	568815	4990	11570	0	602587
21591	8540	21505	2429	577270	0	609744
21592	570336	10074	2326	25757	0	608493
21593	21039	7579	552538	16098	0	597254
21594	9670	5166	17089	571491	0	603416
21595	7711	564033	8516	27550	0	607810
21596	5666	18762	5706	576848	0	606982
21597	3944	572769	4341	29106	0	610160
21598	4224	22390	2618	590346	0	619578
21599	574418	11420	2124	29856	0	617818
21600	21891	8286	568404	17597	0	616178
21601	11109	6171	19277	564660	0	601217
21602	8409	572980	9618	27697	0	618704
21603	583395	21328	6861	15971	0	627555
21604	23769	10674	566240	14365	0	615048
21605	11500	7782	20430	575960	0	615672
21606	10114	6486	550510	28358	0	595468
21607	8443	4356	24051	563390	0	600240
21608	6561	4261	541061	31971	0	583854
21609	4667	4373	25682	539602	0	574324
21610	4285	4015	13129	558608	0	580037
21611	529717	4431	8586	35960	0	578694
21612	540912	4547	6616	20282	0	572357
21613	29818	4535	4487	526507	0	565347
21614	15691	519754	4519	30000	0	569964
21615	11702	21907	3704	540766	0	578079
21616	7896	10163	4357	541993	0	564409
21617	505318	6973	4707	38769	0	555767
21618	22510	503701	4568	24004	0	554783
21619	510337	22556	3713	18973	0	555579
21620	511770	11349	3790	15238	0	542147
21621	30560	484850	4102	14469	0	533981
21622	15864	514429	3528	14870	0	548691
21623	501673	26870	3977	15125	0	547645
21624	27910	13425	471022	15670	0	528027
21625	486091	9544	21121	14935	0	531691
21626	498420	7779	9455	13868	0	529522
21627	34171	477123	7962	13863	0	533119
21628	19418	23135	6362	444508	0	493423
21629	13666	480729	6141	28387	0	528923
21630	482977	27035	6253	17915	0	534180
21631	496557	15148	6067	14882	0	532654
21632	32208	11817	5164	469823	0	519012
21633	18897	10353	4364	493425	0	527039
21634	458642	8236	3731	36297	0	506906
21635	28915	453174	3715	23359	0	509163
21636	16957	456293	4179	18974	0	496403
21637	13690	454994	4967	15223	0	488874
21638	7574	378119	3612	11293	0	400598
21639	6649	390662	3319	11398	0	412028
21640	7960	26201	3692	375868	0	413721
21641	6914	13355	341936	23470	0	385675
21642	7212	358866	14255	13174	0	393507
21643	338959	19159	6055	8956	0	373129
21644	18835	9301	4951	336418	0	369505
21645	335159	8071	4254	19054	0	366538
21646	19643	330053	3948	10830	0	364474
21647	334828	17124	4796	8454	0	365202
21648	20299	330702	5146	8194	0	364341
21649	11240	17745	5213	336678	0	370876
21650	335826	8835	4796	19544	0	369001
21651	344360	6999	4844	11800	0	368003
21652	21093	6233	4218	337611	0	369155
21653	11541	5787	3794	343859	0	364981
21654	9971	325740	2926	24405	0	363042
21655	9395	16211	2582	336531	0	364719
21656	8465	8196	1905	345402	0	363968
21657	8030	8338	1875	339628	0	357871
21658	7286	308733	1796	26005	0	343820
21659	287503	15200	1631	13979	0	318313
21660	15638	293008	1610	11202	0	321458
21661	289448	16845	1610	7911	0	315814
21662	18089	286574	1952	6671	0	313286
21663	11994	17095	267917	5892	0	302898
21664	9672	9834	11541	276186	0	307233
21665	8332	7891	264469	14831	0	295523
21666	7726	6885	268834	7368	0	290813
21667	7448	6134	15405	266659	0	295646
21668	7912	5223	264121	15049	0	292305
21669	7852	4494	14747	262420	0	289513
21670	7811	4703	6998	270386	0	289898
21671	6969	4833	4683	278268	0	294753
21672	263468	5226	3415	20781	0	292890
21673	16029	4926	2391	267654	0	291000
21674	9834	4867	1752	272781	0	289234
21675	251184	3766	1367	20943	0	277260
21676	16708	242337	1212	12952	0	273209
21677	9316	232452	1068	9894	0	252730
21678	8188	237757	929	7500	0	254374
21679	4820	16546	722	187428	0	209516
21680	3955	5163	181041	10481	0	200640
21681	153666	3798	6682	4539	0	168685
21682	7029	159702	2299	3060	0	172090
21683	154052	6389	1266	1873	0	163580
21684	156033	3010	854	1604	0	161501
21685	156958	2575	833	1409	0	161775
21686	8001	2403	149190	1450	0	161044
21687	3960	2212	4617	151552	0	162341
21688	3233	1852	1881	157036	0	164002
21689	3079	1557	1346	159599	0	165581
21690	2855	1351	1145	154424	0	159775
21691	2504	149132	1010	7345	0	159991
21692	149061	5151	873	3808	0	158893
21693	5507	2326	138770	2688	0	149291
21694	132324	1544	3628	2212	0	139708
21695	5650	2177	1341	128747	0	137915
21696	2801	124859	711	5010	0	133381
21697	2096	131907	499	2778	0	137280
21698	1951	8645	783	121935	0	133314
21699	1400	123562	498	4169	0	129629
21700	109204	2637	446	1555	0	113842
21701	2526	1048	104787	914	0	109275
21702	875	619	1580	101368	0	104442
21703	556	457	628	104274	0	105915
21704	473	444	327	105585	0	106829
21705	489	427	272	105009	0	106197
21706	105952	395	303	2382	0	109032
21707	1922	107027	236	1206	0	110391
21708	118092	1972	248	724	0	121036
21709	2891	815	195	120647	0	124548
21710	1284	582	214	124721	0	126801
21711	796	127200	290	3961	0	132247
21712	132045	2999	205	1889	0	137138
21713	133780	1203	221	1271	0	136475
21714	4479	129959	253	1011	0	135702
21715	1842	3362	171	120611	0	125986
21716	1055	125291	265	3126	0	129737
21717	125818	3678	310	1408	0	131214
21718	3695	1565	123543	989	0	129792
21719	1610	1059	120839	954	0	124462
21720	116680	620	3805	610	0	121715
21721	3280	118955	1641	598	0	124474
21722	1443	3240	872	121632	0	127187
21723	942	1392	509	124870	0	127713
21724	723	1083	119790	4446	0	126042
21725	546	626	2975	121272	0	125419
21726	518	470	1224	125492	0	127704
21727	450	118013	961	4590	0	124014
21728	505	3225	484	121655	0	125869
21729	430	1440	361	122751	0	124982
21730	117716	872	329	4911	0	123828
21731	3208	113317	444	2542	0	119511
21732	1357	115579	436	1838	0	119210
21733	966	3943	371	117502	0	122782
21734	679	1749	312	120473	0	123213
21735	569	1026	241	119970	0	121806
21736	434	114166	297	5311	0	120208
21737	538	3297	203	120310	0	124348
21738	538	1558	190	120017	0	122303
21739	504	962	168	120854	0	122488
21740	480	708	166	120095	0	121449
21741	463	109711	441	5653	0	116268
21742	489	120171	297	2781	0	123738
21743	119711	4302	182	1691	0	125886
21744	121297	1949	202	1231	0	124679
21745	5029	1173	151	119546	0	125899
21746	2230	949	115245	4439	0	122863
21747	1295	793	3243	119430	0	124761
21748	939	818	1267	120839	0	123863
21749	115173	712	769	5460	0	122114
21750	3926	115165	584	2670	0	122345
21751	1854	3726	384	117397	0	123361
21752	1190	1668	335	120861	0	124054
21753	1001	1172	112507	5748	0	120428
21754	865	949	114371	2924	0	119109
21755	605	811	4607	114741	0	120764
21756	596	674	1998	114698	0	117966
21757	628	110113	1161	5492	0	117394
21758	619	115685	755	2927	0	119986
21759	113453	4696	589	2086	0	120824
21760	3783	2027	541	114662	0	121013
21761	1748	1317	108352	4643	0	116060
21762	952	106889	3150	2664	0	113655
21763	637	3553	1241	112797	0	118228
21764	110720	1780	691	4660	0	117851
21765	3357	1234	451	112648	0	117690
21766	109140	870	354	4912	0	115276
21767	3896	108063	329	2755	0	115043
21768	108622	3712	292	1930	0	114556
21769	4106	1895	263	110219	0	116483
21770	1937	1271	112428	4701	0	120337
21771	1206	975	3608	114106	0	119895
21772	908	115146	1465	5475	0	122994
21773	795	4387	835	119442	0	125459
21774	695	120613	676	5734	0	127718
21775	675	4908	440	128460	0	134483
21776	792	2094	120095	6631	0	129612
21777	795	1485	119573	3428	0	125281
21778	788	1181	120205	2634	0	124808
21779	117491	1040	5920	2074	0	126525
21780	4766	116719	2465	1902	0	125852
21781	2253	124663	1393	1658	0	129967
21782	121198	5939	901	1649	0	129687
21783	123641	2610	842	1692	0	128785
21784	6123	1763	738	119792	0	128416
21785	2818	1261	117243	5734	0	127056
21786	1887	1107	113892	2901	0	119787
21787	1169	958	5723	114297	0	122147
21788	113666	1108	2431	6188	0	123393
21789	4692	111483	1486	3297	0	120958
21790	1900	4885	1073	116243	0	124101
21791	113940	2034	927	6241	0	123142
21792	116567	1351	857	3485	0	122260
21793	6095	1104	110962	2653	0	120814
21794	109615	1093	4621	2132	0	117461
21795	5920	1164	111813	1790	0	120687
21796	2828	1122	114321	1676	0	119947
21797	1906	998	5814	109124	0	117842
21798	1437	900	2582	113740	0	118659
21799	1220	1088	1633	116785	0	120726
21800	1186	1077	107184	7550	0	116997
21801	107535	940	4647	3949	0	117071
21802	4982	887	1921	113849	0	121639
21803	110948	912	1414	6472	0	119746
21804	110815	1114	1044	3349	0	116322
21805	6386	108221	1034	2781	0	118422
21806	2895	111227	1100	2251	0	117473
21807	1824	110193	1193	1911	0	115121
21808	1164	5555	1236	96100	0	104055
21809	1107	1957	91474	4160	0	98698
21810	1145	4268	3384	84463	0	93260
21811	820	84782	1450	3894	0	90946
21812	780	83972	900	1473	0	87125
21813	869	3450	678	82015	0	87012
21814	79879	1246	636	3395	0	85156
21815	3087	77784	707	1525	0	83103
21816	1093	79493	708	1243	0	82537
21817	79995	3326	583	1028	0	84932
21818	3220	1298	497	80302	0	85317
21819	1417	1003	466	81166	0	84052
21820	1082	743	489	83487	0	85801
21821	78602	610	494	4304	0	84010
21822	80870	520	571	1866	0	83827
21823	3852	513	713	79805	0	84883
21824	1713	495	74762	3529	0	80499
21825	75567	402	3035	1647	0	80651
21826	3382	480	1142	78542	0	83546
21827	1453	560	75034	3645	0	80692
21828	1130	579	75946	1725	0	79380
21829	954	513	3537	78417	0	83421
21830	924	452	78487	3890	0	83753
21831	891	503	3478	85799	0	90671
21832	844	742	1376	88854	0	91816
21833	886	570	923	92900	0	95279
21834	87827	626	666	5424	0	94543
21835	3770	710	651	89766	0	94897
21836	1597	761	708	91522	0	94588
21837	1076	868	646	92245	0	94835
21838	880	846	771	92901	0	95398
21839	820	963	81040	5710	0	88533
21840	700	84010	3491	2778	0	90979
21841	583	3448	1087	82481	0	87599
21842	597	1322	885	80239	0	83043
21843	630	75337	878	4065	0	80910
21844	734	81884	735	2007	0	85360
21845	80257	3566	850	1590	0	86263
21846	3178	78168	653	1312	0	83311
21847	1283	3253	517	78688	0	83741
21848	1174	1296	76494	3620	0	82584
21849	76569	924	2716	1765	0	81974
21850	3366	707	74248	1621	0	79942
21851	75507	519	3068	1380	0	80474
21852	77880	421	1138	1301	0	80740
21853	4075	393	75260	1405	0	81133
21854	1788	396	3134	72350	0	77668
21855	1340	74391	1312	3557	0	80600
21856	1053	2838	1163	78805	0	83859
21857	79501	821	883	4074	0	85279
21858	81110	658	872	2100	0	84740
21859	3903	78352	865	1879	0	84999
21860	79928	2965	779	1647	0	85319
21861	3826	876	754	77457	0	82913
21862	77113	687	723	4325	0	82848
21863	79437	536	671	2215	0	82859
21864	4200	544	548	77722	0	83014
21865	76862	522	444	4436	0	82264
21866	77488	550	456	2351	0	80845
21867	4108	690	72577	1969	0	79344
21868	72499	608	3037	1720	0	77864
21869	3952	648	70963	1474	0	77037
21870	1386	540	63441	1131	0	66498
21871	980	64387	2903	1153	0	69423
21872	925	2226	1689	61429	0	66269
21873	766	848	61720	2431	0	65765
21874	618	624	59844	1033	0	62119
21875	60929	464	2210	729	0	64332
21876	1993	362	1119	60610	0	64084
21877	789	334	623	64099	0	65845
21878	631	376	439	65203	0	66649
21879	553	436	342	65122	0	66453
21880	555	348	322	66232	0	67457
21881	711	354	62004	2881	0	65950
21882	700	371	61861	1304	0	64236
21883	625	321	2103	63857	0	66906
21884	63518	299	820	2361	0	66998
21885	2088	60961	634	1296	0	64979
21886	1035	1736	461	63342	0	66574
21887	62847	545	393	2428	0	66213
21888	2187	61100	464	1290	0	65041
21889	1140	1745	378	63638	0	66901
21890	916	664	387	64813	0	66780
21891	740	396	444	65613	0	67193
21892	63559	285	463	2922	0	67229
21893	2262	304	60569	1500	0	64635
21894	61816	297	1985	1147	0	65245
21895	2368	266	759	63295	0	66688
21896	1018	262	625	61455	0	63360
21897	848	60294	670	2796	0	64608
21898	776	1706	60197	1451	0	64130
21899	60235	598	1855	1265	0	63953
21900	63227	387	812	1134	0	65560
21901	2540	397	59810	1078	0	63825
21902	57938	296	1848	1067	0	61149
21903	2252	59953	827	1034	0	64066
21904	1021	62237	669	915	0	64842
21905	763	62668	613	829	0	64873
21906	59709	2183	534	724	0	63150
21907	2110	911	57813	749	0	61583
21908	956	719	1625	55473	0	58773
21909	645	54493	698	1795	0	57631
21910	634	56651	423	990	0	58698
21911	598	56396	349	699	0	58042
21912	694	2340	350	50896	0	54280
21913	53509	618	234	1766	0	56127
21914	1544	54101	255	976	0	56876
21915	807	1369	209	55368	0	57753
21916	582	552	263	56610	0	58007
21917	55502	334	350	1839	0	58025
21918	1681	276	266	55075	0	57298
21919	793	242	242	57229	0	58506
21920	528	319	55007	2058	0	57912
21921	520	424	1265	55729	0	57938
21922	565	236	581	58038	0	59420
21923	57305	216	399	1951	0	59871
21924	57173	184	325	870	0	58552
21925	1934	173	335	57973	0	60415
21926	56420	253	277	1740	0	58690
21927	56099	287	218	826	0	57430
21928	1693	54889	353	616	0	57551
21929	871	1244	53692	410	0	56217
21930	658	52514	1256	395	0	54823
21931	671	1854	410	48070	0	51005
21932	46325	237	422	1046	0	48030
21933	711	44315	133	351	0	45510
21934	268	710	89	46160	0	47227
21935	46087	256	104	819	0	47266
21936	45937	185	108	340	0	46570
21937	819	152	96	45697	0	46764
21938	332	150	47158	880	0	48520
21939	220	136	591	48673	0	49620
21940	165	127	164	50170	0	50626
21941	216	146	49458	995	0	50815
21942	291	111	633	48860	0	49895
21943	195	97	214	50398	0	50904
21944	52059	79	157	1006	0	53301
21945	751	109	92	52323	0	53275
21946	260	108	88	53064	0	53520
21947	52393	99	122	1007	0	53621
21948	50783	102	119	450	0	51454
21949	51006	98	110	333	0	51547
21950	1004	141	50079	288	0	51512
21951	410	112	679	49326	0	50527
21952	312	49700	248	817	0	51077
21953	227	863	107	52379	0	53576
21954	332	301	53701	851	0	55185
21955	371	459	667	50929	0	52426
21956	297	125	52925	813	0	54160
21957	48898	85	526	266	0	49775
21958	51420	82	160	199	0	51861
21959	616	49	84	52838	0	53587
21960	252	62	70	53895	0	54279
21961	165	51	64	54367	0	54647
21962	122	54405	138	707	0	55372
21963	57757	453	73	292	0	58575
21964	59034	151	56	232	0	59473
21965	625	94	57	58989	0	59765
21966	259	58	68	59096	0	59481
21967	171	63	54	59996	0	60284
21968	135	61	67	60016	0	60279
21969	186	62	58417	752	0	59417
21970	141	56	416	58937	0	59550
21971	58210	60	158	645	0	59073
21972	57680	47	80	327	0	58134
21973	611	105	61	56723	0	57500
21974	262	77	54864	602	0	55805
21975	52026	51	442	271	0	52790
21976	550	218	143	54507	0	55418
21977	219	52010	143	655	0	53027
21978	138	53741	114	297	0	54290
21979	57421	513	188	267	0	58389
21980	513	145	51	58600	0	59309
21981	189	96	47	59982	0	60314
21982	137	50	36	63218	0	63441
21983	125	45	38	63294	0	63502
21984	98	39	52	65867	0	66056
21985	125	57	63846	1222	0	65250
21986	138	94	62438	486	0	63156
21987	146	79	63668	309	0	64202
21988	85	29	1147	63444	0	64705
21989	158	68	66492	1115	0	67833
21990	101	44	1113	66761	0	68019
21991	133	33	329	67828	0	68323
21992	114	44	227	70685	0	71070
21993	71176	33	185	1576	0	72970
21994	1059	50	151	71276	0	72536
21995	308	113	155	73182	0	73758
21996	71878	35	172	1539	0	73624
21997	1115	69488	213	670	0	71486
21998	329	72969	189	482	0	73969
21999	75032	1326	104	357	0	76819
22000	1214	75092	118	341	0	76765
22001	77204	1279	74	285	0	78842
22002	78261	351	68	305	0	78985
22003	77764	216	58	286	0	78324
22004	77513	136	61	255	0	77965
22005	77686	112	74	247	0	78119
22006	1737	74633	79	298	0	76747
22007	77266	1218	66	230	0	78780
22008	78014	362	76	227	0	78679
22009	1692	77491	142	273	0	79598
22010	87051	1262	88	195	0	88596
22011	89357	368	89	224	0	90038
22012	98220	253	64	223	0	98760
22013	103381	210	82	290	0	103963
22014	3527	266	106772	212	0	110777
22015	1285	198	2909	113310	0	117702
22016	830	167	700	120185	0	121882
22017	656	238	115654	4208	0	120756
22018	590	291	115297	1385	0	117563
22019	114476	153	4044	778	0	119451
22020	3789	192	1250	117209	0	122440
22021	1338	179	117242	3584	0	122343
22022	1035	212	116928	983	0	119158
22023	115521	136	4150	725	0	120532
22024	120540	132	1371	504	0	122547
22025	120212	125	829	396	0	121562
22026	5049	159	115254	333	0	120795
22027	1942	190	3541	115140	0	120813
22028	1343	152	116127	3674	0	121296
22029	114809	127	3983	1148	0	120067
22030	4161	181	117391	797	0	122530
22031	1440	127	4038	114559	0	120164
22032	1163	236	1292	116020	0	118711
22033	802	116804	982	4104	0	122692
22034	121475	3474	662	1520	0	127131
22035	4317	891	118251	2278	0	125737
22036	120297	623	3980	747	0	125647
22037	4813	332	122914	543	0	128602
22038	1768	154	4510	119579	0	126011
22039	1277	216	1551	123312	0	126356
22040	975	151	1168	125062	0	127356
22041	120617	150	900	5338	0	127005
22042	4429	204	715	120304	0	125652
22043	1745	168	622	123059	0	125594
22044	1312	115951	777	5140	0	123180
22045	1119	3594	744	120295	0	125752
22046	117046	902	754	5058	0	123760
22047	4611	661	115377	1823	0	122472
22048	1793	450	3975	117237	0	123455
22049	1508	322	115159	4666	0	121655
22050	1138	108785	4568	2051	0	116542
22051	1121	3528	114660	1504	0	120813
22052	114755	1082	4551	1170	0	121558
22053	119680	681	1793	1079	0	123233
22054	5108	392	1419	114838	0	121757
22055	116043	291	1204	4670	0	122208
22056	118374	248	1147	1897	0	121666
22057	5457	269	1053	115164	0	121943
22058	2467	268	1059	118754	0	122548
22059	1895	351	110936	5465	0	118647
22060	1485	109362	4284	2563	0	117694
22061	112533	3677	1649	1726	0	119585
22062	4641	108313	1326	1571	0	115851
22063	2201	4145	1029	109644	0	117019
22064	1912	1274	859	111889	0	115934
22065	1564	796	1000	112322	0	115682
22066	1318	520	960	113035	0	115833
22067	1208	470	105274	6135	0	113087
22068	104198	408	4221	2766	0	111593
22069	110684	439	1733	1935	0	114791
22070	5416	445	1329	107599	0	114789
22071	108484	415	1054	4966	0	114919
22072	5368	491	856	108724	0	115439
22073	2397	490	105225	5413	0	113525
22074	1819	466	4112	106136	0	112533
22075	1681	105128	1623	5278	0	113710
22076	1390	3580	1340	105306	0	111616
22077	1287	105931	1033	5267	0	113518
22078	1221	4289	902	102072	0	108484
22079	1179	103209	835	5235	0	110458
22080	101353	4134	800	2526	0	108813
22081	4430	1410	99042	2286	0	107168
22082	1754	94293	3780	2011	0	101838
22083	1485	99354	1594	1744	0	104177
22084	1611	4078	1659	95148	0	102496
22085	1233	1394	977	97873	0	101477
22086	1143	950	998	98102	0	101193
22087	1160	693	899	98540	0	101292
22088	1128	92282	1022	5338	0	99770
22089	1171	3232	837	94075	0	99315
22090	1153	1070	891	95469	0	98583
22091	91057	838	787	4881	0	97563
22092	4019	616	677	93070	0	98382
22093	1772	518	88706	4895	0	95891
22094	1483	614	87360	2354	0	91811
22095	84512	467	3584	2089	0	90652
22096	3473	86115	1459	1833	0	92880
22097	1346	89587	954	1691	0	93578
22098	1223	3870	936	86429	0	92458
22099	887	1667	554	89051	0	92159
22100	921	1147	82256	4572	0	88896
22101	79702	902	3022	2312	0	85938
22102	84257	634	1051	2022	0	87964
22103	4005	584	86085	1806	0	92480
22104	1633	486	85215	1709	0	89043
22105	84798	493	3478	1575	0	90344
22106	90124	450	1373	1612	0	93559
22107	90354	534	925	1376	0	93189
22108	89543	466	683	1378	0	92070
22109	4317	82256	520	1426	0	88519
22110	77988	2657	483	1117	0	82245
22111	3341	882	72932	1187	0	78342
22112	1077	630	64702	765	0	67174
22113	776	446	63233	682	0	65137
22114	924	4844	2405	45237	0	53410
22115	46403	108	675	625	0	47811
22116	45923	106	122	279	0	46430
22117	554	106	111	45197	0	45968
22118	237	102	121	44890	0	45350
22119	195	119	95	46718	0	47127
22120	145	48780	119	721	0	49765
22121	51009	500	120	338	0	51967
22122	50612	169	77	322	0	51180
22123	51100	138	86	263	0	51587
22124	51225	95	79	275	0	51674
22125	51295	97	74	242	0	51708
22126	708	77	87	50350	0	51222
22127	312	48926	137	618	0	49993
22128	273	572	83	49816	0	50744
22129	155	152	69	48725	0	49101
22130	48273	112	86	630	0	49101
22131	588	124	46110	280	0	47102
22132	186	106	43880	171	0	44343
22133	153	112	45173	121	0	45559
22134	46027	135	485	90	0	46737
22135	47779	23	389	78	0	48269
22136	345	29	64	48924	0	49362
22137	115	35	36	47636	0	47822
22138	77	41	26	48846	0	48990
22139	79	26	49156	500	0	49761
22140	46	28	348	47282	0	47704
22141	78	50	53052	444	0	53624
22142	52	29	366	52037	0	52484
22143	62	28	126	53053	0	53269
22144	55	32	68	54972	0	55127
22145	54907	18	41	535	0	55501
22146	54507	27	44	242	0	54820
22147	483	31	54959	153	0	55626
22148	54138	8	373	127	0	54646
22149	55530	18	126	119	0	55793
22150	478	13	85	55432	0	56008
22151	57108	17	60	446	0	57631
22152	435	24	62	58527	0	59048
22153	162	17	46	59268	0	59493
22154	142	30	57796	696	0	58664
22155	54064	22	448	321	0	54855
22156	506	13	203	58519	0	59241
22157	281	24	58621	575	0	59501
22158	220	51	61450	240	0	61961
22159	157	14	605	60260	0	61036
22160	192	15	258	61680	0	62145
22161	63552	8	128	782	0	64470
22162	562	21	95	63993	0	64671
22163	235	11	77	64152	0	64475
22164	180	12	100	65660	0	65952
22165	143	8	102	72038	0	72291
22166	75539	4	110	1256	0	76909
22167	75552	14	130	647	0	76343
22168	78903	12	88	370	0	79373
22169	80974	5	69	266	0	81314
22170	1882	11	86	83736	0	85715
22171	85729	6	144	1533	0	87412
22172	1710	9	75	85352	0	87146
22173	86179	5	89	1746	0	88019
22174	1841	10	79	84947	0	86877
22175	761	13	94	84849	0	85717
22176	338	83462	106	2155	0	86061
22177	242	1428	82	85729	0	87481
22178	84101	484	89	1958	0	86632
22179	82302	194	80	875	0	83451
22180	2271	135	82759	451	0	85616
22181	873	81916	1571	410	0	84770
22182	84380	1481	570	297	0	86728
22183	1780	84829	288	482	0	87379
22184	85872	1687	155	300	0	88014
22185	1896	87063	134	621	0	89714
22186	909	1739	87735	369	0	90752
22187	486	88665	1558	423	0	91132
22188	339	91047	601	496	0	92483
22189	337	2052	242	94369	0	97000
22190	97312	684	136	1898	0	100030
22191	1824	281	105	97213	0	99423
22192	826	213	95	97908	0	99042
22193	96224	126	88	2522	0	98960
22194	97754	136	86	1082	0	99058
22195	2425	121	99	97662	0	100307
22196	1091	146	112	98241	0	99590
22197	634	153	111	99254	0	100152
22198	96541	138	160	2689	0	99528
22199	2045	217	95093	1126	0	98481
22200	929	184	1623	96552	0	99288
22201	640	260	98000	2085	0	100985
22202	502	93352	1896	1115	0	96865
22203	590	1688	93711	738	0	96727
22204	500	714	1773	92925	0	95912
22205	506	398	94136	2048	0	97088
22206	90436	255	1842	990	0	93523
22207	2010	236	657	94565	0	97468
22208	956	95707	382	2206	0	99251
22209	660	1772	226	98386	0	101044
22210	614	96472	207	2221	0	99514
22211	565	97985	204	1151	0	99905
22212	529	98683	204	818	0	100234
22213	587	2380	146	93905	0	97018
22214	511	94921	192	2079	0	97703
22215	96344	1927	222	1059	0	99552
22216	2165	881	92207	756	0	96009
22217	1098	612	90241	664	0	92615
22218	779	465	94083	625	0	95952
22219	566	310	2272	93951	0	97099
22220	503	308	898	91736	0	93445
22221	596	300	451	92722	0	94069
22222	655	307	344	93355	0	94661
22223	775	341	266	91952	0	93334
22224	692	91940	315	3153	0	96100
22225	734	1882	91280	1386	0	95282
22226	775	1027	90391	906	0	93099
22227	649	92217	2186	828	0	95880
22228	646	1874	876	96826	0	100222
22229	635	897	438	98453	0	100423
22230	613	635	332	98757	0	100337
22231	97951	553	289	2992	0	101785
22232	2202	505	95119	1581	0	99407
22233	93269	451	1672	1048	0	96440
22234	95345	415	788	837	0	97385
22235	2576	88183	679	881	0	92319
22236	1200	93912	390	836	0	96338
22237	95797	2118	491	833	0	99239
22238	2130	1127	329	95843	0	99429
22239	1085	631	323	99333	0	101372
22240	804	628	99237	2842	0	103511
22241	669	634	96476	1361	0	99140
22242	521	606	2448	100351	0	103926
22243	102274	602	1142	2501	0	106519
22244	2271	624	104854	1574	0	109323
22245	108254	564	2457	981	0	112256
22246	2726	570	963	112843	0	117102
22247	1183	789	633	117444	0	120049
22248	779	522	488	122616	0	124405
22249	772	499	117446	4200	0	122917
22250	596	112565	2821	1982	0	117964
22251	585	120649	1072	1341	0	123647
22252	121148	3265	509	999	0	125921
22253	123982	1128	564	888	0	126562
22254	3676	897	373	122744	0	127690
22255	124651	451	496	3554	0	129152
22256	3521	427	119548	1616	0	125112
22257	1311	446	119964	1122	0	122843
22258	702	395	3584	117079	0	121760
22259	122284	537	1389	3540	0	127750
22260	3101	389	902	123736	0	128128
22261	1141	365	678	128044	0	130228
22262	124255	328	650	4351	0	129584
22263	126353	371	606	1789	0	129119
22264	3772	129358	627	1422	0	135179
22265	128110	2900	451	840	0	132301
22266	3516	1369	552	123446	0	128883
22267	1055	123409	401	3451	0	128316
22268	123022	2896	324	1027	0	127269
22269	3156	122434	429	852	0	126871
22270	845	2916	245	121797	0	125803
22271	121484	657	223	2935	0	125299
22272	3028	502	117036	830	0	121396
22273	921	384	116791	555	0	118651
22274	692	883	2682	114827	0	119084
22275	511	196	685	119973	0	121365
22276	439	231	416	118920	0	120006
22277	409	120913	378	3037	0	124737
22278	126886	2736	244	1010	0	130876
22279	127295	760	199	764	0	129018
22280	128359	437	175	595	0	129566
22281	3692	132105	236	562	0	136595
22282	1293	3119	202	144206	0	148820
22283	862	820	189	146142	0	148013
22284	619	543	232	147701	0	149095
22285	138479	426	264	4974	0	144143
22286	3715	135811	271	1781	0	141578
22287	1223	3656	203	139158	0	144240
22288	810	994	170	142133	0	144107
22289	778	730	131170	4969	0	137647
22290	608	131395	3217	1756	0	136976
22291	662	4141	766	134213	0	139782
22292	710	990	419	137110	0	139229
22293	646	645	290	137862	0	139443
22294	131680	503	261	5278	0	137722
22295	3964	128955	289	2077	0	135285
22296	132959	3816	241	1432	0	138448
22297	4373	1091	239	132027	0	137730
22298	133452	748	253	4554	0	139007
22299	4480	749	127922	1708	0	134859
22300	130203	548	3492	1399	0	135642
22301	134419	492	888	1255	0	137054
22302	4991	618	129247	1142	0	135998
22303	1776	539	3518	131183	0	137016
22304	1180	548	893	135664	0	138285
22305	136509	534	532	5387	0	142962
22306	4359	421	433	138027	0	143240
22307	1593	530	414	140036	0	142573
22308	1200	479	412	139577	0	141668
22309	1124	598	129749	5711	0	137182
22310	122141	459	3617	2398	0	128615
22311	4435	132784	1052	1811	0	140082
22312	1751	3997	628	134495	0	140871
22313	1357	132514	604	4753	0	139228
22314	1071	141663	555	2090	0	145379
22315	1021	4851	400	143246	0	149518
22316	1014	1620	139794	5415	0	147843
22317	1100	1078	140662	2270	0	145110
22318	1045	758	4646	143050	0	149499
22319	1159	738	141277	5528	0	148702
22320	140377	685	4418	2328	0	147808
22321	4824	669	1413	148284	0	155190
22322	1761	679	871	152253	0	155564
22323	1210	147872	733	6440	0	156255
22324	1004	4588	648	150956	0	157196
22325	864	1443	599	151150	0	154056
22326	885	144125	761	6734	0	152505
22327	870	4482	705	152093	0	158150
22328	958	1430	611	152459	0	155458
22329	965	145726	721	6509	0	153921
22330	149425	4506	778	2823	0	157532
22331	5067	1563	145602	2234	0	154466
22332	1854	1121	145230	2034	0	150239
22333	1349	1312	4827	144557	0	152045
22334	997	1015	1632	151268	0	154912
22335	1087	851	144345	6486	0	152769
22336	900	945	141617	2964	0	146426
22337	132333	728	4912	2398	0	140371
22338	4401	141435	1699	2155	0	149690
22339	141784	4427	954	1886	0	149051
22340	5023	1400	136133	1900	0	144456
22341	1605	137081	4428	1865	0	144979
22342	1121	4627	1562	143316	0	150626
22343	1079	1460	144019	5681	0	152239
22344	914	1063	140677	2183	0	144837
22345	932	1294	4887	144494	0	151607
22346	941	808	142239	5780	0	149768
22347	677	139109	4647	2697	0	147130
22348	772	4652	1641	140780	0	147845
22349	1230	1622	138614	5158	0	146624
22350	745	139857	4528	2376	0	147506
22351	143120	4438	1739	1653	0	150950
22352	4713	1663	137704	1576	0	145656
22353	1606	138774	4540	1516	0	146436
22354	1122	4501	1864	140493	0	147980
22355	812	1619	1281	148370	0	152082
22356	144603	1089	1086	6244	0	153022
22357	4607	850	1044	144482	0	150983
22358	1562	741	882	147643	0	150828
22359	140827	743	896	6606	0	149072
22360	4714	733	748	141339	0	147534
22361	1696	703	135600	5956	0	143955
22362	1036	858	4414	137587	0	143895
22363	852	665	136493	5998	0	144008
22364	885	581	130080	2423	0	133969
22365	719	599	132716	1734	0	135768
22366	1071	611	4900	125409	0	131991
22367	581	417	2068	134094	0	137160
22368	131356	450	1255	5328	0	138389
22369	3872	514	1011	127301	0	132698
22370	1432	131897	1057	4866	0	139252
22371	910	3574	952	139438	0	144874
22372	592	1271	916	139076	0	141855
22373	472	135410	997	5546	0	142425
22374	137121	3670	917	2647	0	144355
22375	134725	1336	850	1830	0	138741
22376	4393	131821	951	1636	0	138801
22377	1448	131944	773	1398	0	135563
22378	1220	6005	1295	128360	0	136880
22379	130016	1630	1049	3963	0	136658
22380	3697	1141	127216	1908	0	133962
22381	1336	749	117110	1343	0	120538
22382	107385	478	3059	727	0	111649
22383	2550	112355	1488	858	0	117251
22384	1050	2571	782	114724	0	119127
22385	724	1040	615	116578	0	118957
22386	540	702	549	118371	0	120162
22387	492	503	470	117809	0	119274
22388	440	112714	556	3861	0	117571
22389	447	2409	432	118117	0	121405
22390	117509	914	414	3500	0	122337
22391	2636	640	366	119729	0	123371
22392	1034	468	383	122069	0	123954
22393	122181	412	384	3876	0	126853
22394	122906	358	400	1926	0	125590
22395	125629	352	406	1371	0	127758
22396	126610	331	367	1127	0	128435
22397	3947	304	385	124005	0	128641
22398	124740	306	485	3236	0	128767
22399	3267	297	402	123549	0	127515
22400	123250	260	388	3510	0	127408
22401	123973	260	431	1622	0	126286
22402	3717	276	342	122699	0	127034
22403	1758	314	120435	3421	0	125928
22404	123164	279	2459	1620	0	127522
22405	126335	304	939	1212	0	128790
22406	126161	323	590	1012	0	128086
22407	126104	286	440	982	0	127812
22408	4102	269	434	124681	0	129486
22409	1955	366	123363	3216	0	128900
22410	1315	451	122847	1472	0	126085
22411	123520	386	3052	1138	0	128096
22412	127494	301	1299	883	0	129977
22413	3507	122495	825	934	0	127761
22414	1544	122064	517	744	0	124869
22415	127625	2651	450	689	0	131415
22416	2879	1058	437	123780	0	128154
22417	1378	946	418	129038	0	131780
22418	127957	406	355	3256	0	131974
22419	2775	126551	386	1529	0	131241
22420	132220	2286	338	1072	0	135916
22421	3066	874	126609	939	0	131488
22422	124923	514	2128	804	0	128369
22423	2924	375	699	127473	0	131471
22424	1395	343	128084	2848	0	132670
22425	1112	126966	2262	1535	0	131875
22426	962	2324	840	135573	0	139699
22427	1015	858	141793	2842	0	146508
22428	791	485	2642	141361	0	145279
22429	146722	285	1111	3310	0	151428
22430	3228	340	143510	1683	0	148761
22431	139414	222	2841	1114	0	143591
22432	3364	143300	1252	969	0	148885
22433	1572	2578	754	148880	0	153784
22434	1550	1021	152943	3063	0	158577
22435	895	644	2785	152466	0	156790
22436	1017	458	155785	3517	0	160777
22437	879	150782	3039	1733	0	156433
22438	152485	2601	1073	1010	0	157169
22439	2799	157457	821	880	0	161957
22440	1334	2855	479	158319	0	162987
22441	1029	1316	473	160315	0	163133
22442	849	801	151746	3475	0	156871
22443	127515	583	2475	1618	0	132191
22444	2600	143356	1147	1058	0	148161
22445	885	134284	495	673	0	136337
22446	651	137772	392	685	0	139500
22447	561	2955	564	134226	0	138306
22448	502	133938	480	1742	0	136662
22449	507	1690	326	133485	0	136008
22450	361	132032	380	1676	0	134449
22451	375	1820	155	130768	0	133118
22452	277	131758	212	1503	0	133750
22453	133920	1535	289	645	0	136389
22454	1461	739	130879	447	0	133526
22455	126546	498	1105	349	0	128498
22456	131053	258	460	339	0	132110
22457	134722	274	301	284	0	135581
22458	1639	131531	277	451	0	133898
22459	136381	1175	216	234	0	138006
22460	135892	529	215	221	0	136857
22461	137514	329	213	294	0	138350
22462	2053	346	134185	225	0	136809
22463	1045	233	1235	135586	0	138099
22464	717	291	139023	1409	0	141440
22465	453	240	1409	136635	0	138737
22466	137983	234	630	1644	0	140491
22467	1614	135273	452	956	0	138295
22468	876	1577	150502	461	0	153416
22469	510	712	2605	150555	0	154382
22470	361	384	684	161702	0	163131
22471	447	392	175323	4011	0	180173
22472	172325	320	4279	1058	0	177982
22473	182701	299	1122	605	0	184727
22474	187018	235	550	459	0	188262
22475	5933	286	415	180493	0	187127
22476	1703	174485	518	4768	0	181474
22477	1047	186224	356	1407	0	189034
22478	790	5363	392	184485	0	191030
22479	616	1544	275	183693	0	186128
22480	543	180928	399	5470	0	187340
22481	182478	4624	256	1596	0	188954
22482	4710	180358	362	1060	0	186490
22483	1377	4889	267	180224	0	186757
22484	951	1505	176036	4942	0	183434
22485	582	955	4546	177457	0	183540
22486	179843	549	1161	5352	0	186905
22487	5017	616	174685	1584	0	181902
22488	177050	499	4618	960	0	183127
22489	184392	469	1435	760	0	187056
22490	186058	465	665	759	0	187947
22491	186125	427	537	656	0	187745
22492	191515	385	863	636	0	193399
22493	6963	445	178510	527	0	186445
22494	2564	632	178743	505	0	182444
22495	189751	391	5773	492	0	196407
22496	199558	435	1717	476	0	202186
22497	7246	466	825	199458	0	207995
22498	2516	200165	666	5920	0	209267
22499	1470	5954	414	207766	0	215604
22500	209425	1922	454	6777	0	218578
22501	6736	1063	387	200618	0	208804
22502	2386	206693	478	6397	0	215954
22503	208924	6242	403	2272	0	217841
22504	207693	2002	458	1301	0	211454
22505	207353	1057	470	1088	0	209968
22506	8399	201160	521	1073	0	211153
22507	3326	6118	579	202984	0	213007
22508	2074	1964	424	204660	0	209122
22509	1686	196155	488	7697	0	206026
22510	1617	6217	348	201265	0	209447
22511	196966	2091	332	7353	0	206742
22512	198711	1119	392	2721	0	202943
22513	8295	191120	529	1691	0	201635
22514	3379	6147	536	193942	0	204004
22515	2159	2057	589	196725	0	201530
22516	1737	1333	611	199550	0	203231
22517	189599	918	698	8978	0	200193
22518	7478	1003	181990	3565	0	194036
22519	181535	817	6077	2345	0	190774
22520	8053	1270	178700	1943	0	189966
22521	3606	1021	6250	171948	0	182825
22522	2507	173412	2249	6722	0	184890
22523	2342	185378	1155	2992	0	191867
22524	177928	7930	895	2102	0	188855
22525	178331	3063	668	2004	0	184066
22526	8465	170160	665	1899	0	181189
22527	3311	167569	605	1798	0	173283
22528	166731	7795	671	1532	0	176729
22529	170032	3039	550	1620	0	175241
22530	8269	167926	659	1710	0	178564
22531	173876	6840	639	1538	0	182893
22532	8423	2783	165771	1488	0	178465
22533	171775	1751	5872	1519	0	180917
22534	171921	1404	1996	1495	0	176816
22535	9413	1143	1237	164852	0	176645
22536	4401	160159	1078	7114	0	172752
22537	3469	6255	882	167914	0	178520
22538	166129	2155	954	7511	0	176749
22539	8640	1328	786	160732	0	171486
22540	4416	1189	892	166396	0	172893
22541	3241	1271	158530	8804	0	171846
22542	2964	1124	6118	163611	0	173817
22543	2579	1168	2212	170646	0	176605
22544	166031	1309	1314	9092	0	177746
22545	8077	1357	161861	3872	0	175167
22546	165296	1479	6301	2593	0	175669
22547	8488	1510	1976	165190	0	177164
22548	4015	1402	1080	169794	0	176291
22549	3021	1476	827	168300	0	173624
22550	2716	156189	855	9148	0	168908
22551	2884	164135	810	3994	0	171823
22552	2905	7942	708	161755	0	173310
22553	160784	2928	755	7667	0	172134
22554	165269	1835	703	3229	0	171036
22555	9732	1536	657	160475	0	172400
22556	160952	1298	645	7824	0	170719
22557	8852	1302	639	159637	0	170430
22558	4254	1308	568	165422	0	171552
22559	154598	1260	639	9465	0	165962
22560	7817	158349	723	4488	0	171377
22561	159314	6448	592	3128	0	169482
22562	161653	2356	626	2858	0	167493
22563	155956	1408	622	2888	0	160874
22564	8924	150396	733	2669	0	162722
22565	4045	7127	893	151448	0	163513
22566	3067	2739	878	157331	0	164015
22567	2763	1532	144436	8991	0	157722
22568	2085	2557	4670	135040	0	144352
22569	2132	1138	125899	6541	0	135710
22570	1821	116047	4139	3259	0	125266
22571	1149	96611	1432	1853	0	101045
22572	1291	98088	711	1445	0	101535
22573	1851	3917	1740	97231	0	104739
22574	1172	1670	327	99008	0	102177
22575	889	1020	306	99475	0	101690
22576	810	920	250	100475	0	102455
22577	951	765	95595	4569	0	101880
22578	926	783	112095	2646	0	116450
22579	972	718	3924	117875	0	123489
22580	1062	620	119489	4651	0	125822
22581	119144	516	3854	2453	0	125967
22582	124232	485	1589	1677	0	127983
22583	5117	627	120696	1686	0	128126
22584	2490	482	3777	121892	0	128641
22585	1667	535	1682	126561	0	130445
22586	1555	496	966	128410	0	131427
22587	1535	532	797	126990	0	129854
22588	1239	542	750	130149	0	132680
22589	112931	718	919	6663	0	121231
22590	121920	598	639	3341	0	126498
22591	4889	119737	546	3228	0	128400
22592	2389	3670	111009	1987	0	119055
22593	1325	112946	3348	1850	0	119469
22594	1100	115468	1371	1602	0	119541
22595	105274	3676	796	1126	0	110872
22596	3212	102754	655	1184	0	107805
22597	1088	95034	472	779	0	97373
22598	93420	3069	740	624	0	97853
22599	2779	1276	90738	659	0	95452
22600	89954	775	2219	616	0	93564
22601	2601	613	892	91244	0	95350
22602	1265	473	454	89901	0	92093
22603	864	380	427	91818	0	93489
22604	786	411	85852	3524	0	90573
22605	607	86314	2244	1904	0	91069
22606	89009	2091	811	1431	0	93342
22607	2467	905	521	89401	0	93294
22608	1004	88602	516	3089	0	93211
22609	664	2502	545	92498	0	96209
22610	764	1156	90440	3084	0	95444
22611	723	821	2396	91380	0	95320
22612	734	733	905	94806	0	97178
22613	723	668	568	96117	0	98076
22614	92660	664	492	3959	0	97775
22615	2728	512	451	94103	0	97794
22616	1237	431	90312	3836	0	95816
22617	842	89695	2492	2041	0	95070
22618	849	2352	836	92357	0	96394
22619	750	1028	598	94770	0	97146
22620	715	657	89811	3920	0	95103
22621	709	602	88163	1877	0	91351
22622	86449	652	3424	1376	0	91901
22623	88311	621	1259	1174	0	91365
22624	3113	86465	922	1258	0	91758
22625	87956	2487	777	1097	0	92317
22626	3102	1050	86245	959	0	91356
22627	1497	633	85797	992	0	88919
22628	83482	819	3242	1108	0	88651
22629	83582	420	1361	1164	0	86527
22630	3144	396	79521	1176	0	84237
22631	78239	458	2504	1060	0	82261
22632	2949	314	78684	991	0	82938
22633	77326	330	2550	820	0	81026
22634	79957	532	1122	700	0	82311
22635	3073	538	735	75669	0	80015
22636	1390	82361	799	2394	0	86944
22637	80702	2429	818	1127	0	85076
22638	2723	1090	82793	742	0	87348
22639	1368	83132	2454	802	0	87756
22640	85525	2530	899	791	0	89745
22641	82572	1045	709	851	0	85177
22642	3077	80592	825	920	0	85414
22643	1559	2275	771	82213	0	86818
22644	1190	996	79879	2721	0	84786
22645	1066	685	2374	80485	0	84610
22646	1116	699	80285	2862	0	84962
22647	864	538	2631	79663	0	83696
22648	772	514	1384	82733	0	85403
22649	822	543	78714	3346	0	83425
22650	749	77148	2696	1951	0	82544
22651	2366	2181	1198	78877	0	84622
22652	868	1035	75929	2956	0	80788
22653	77835	667	2367	1533	0	82402
22654	2663	641	1081	81488	0	85873
22655	1291	539	866	83516	0	86212
22656	80626	584	810	3353	0	85373
22657	2934	563	605	79482	0	83584
22658	1574	465	629	79228	0	81896
22659	1097	78653	721	3120	0	83591
22660	982	2300	628	79485	0	83395
22661	880	955	76576	3201	0	81612
22662	899	568	2447	74851	0	78765
22663	871	74509	1215	2747	0	79342
22664	697	77171	911	1646	0	80425
22665	731	2834	750	77807	0	82122
22666	77291	1218	821	2867	0	82197
22667	2451	927	867	77409	0	81654
22668	77485	848	735	2906	0	81974
22669	2818	611	773	77775	0	81977
22670	77258	566	763	2990	0	81577
22671	80176	489	618	1726	0	83009
22672	3518	797	627	78678	0	83620
22673	1890	2698	717	76463	0	81768
22674	1443	74253	693	3444	0	79833
22675	1189	76998	653	1979	0	80819
22676	1373	2588	73816	1532	0	79309
22677	926	73348	2054	1375	0	77703
22678	54902	1511	1490	762	0	58665
22679	1444	609	435	53108	0	55596
22680	514	50263	319	1138	0	52234
22681	52985	991	233	588	0	54797
22682	1159	452	234	52558	0	54403
22683	569	267	222	51740	0	52798
22684	441	248	247	52879	0	53815
22685	410	235	226	53118	0	53989
22686	331	52616	295	1598	0	54840
22687	348	56116	195	790	0	57449
22688	60066	1158	171	505	0	61900
22689	1369	60401	226	503	0	62499
22690	519	1259	183	60835	0	62796
22691	420	434	132	61525	0	62511
22692	374	334	138	61636	0	62482
22693	335	270	128	62340	0	63073
22694	60790	205	155	1895	0	63045
22695	62605	193	166	895	0	63859
22696	1804	266	60999	582	0	63651
22697	697	224	1338	63051	0	65310
22698	521	218	64236	1851	0	66826
22699	390	225	1566	64194	0	66375
22700	336	245	569	66504	0	67654
22701	65583	212	367	2270	0	68432
22702	1747	213	278	66134	0	68372
22703	730	243	65318	2210	0	68501
22704	547	258	63424	999	0	65228
22705	65203	191	1923	805	0	68122
22706	1791	198	66356	693	0	69038
22707	618	338	1708	64541	0	67205
22708	432	170	65251	1873	0	67726
22709	281	338	1554	64498	0	66671
22710	235	63419	647	1842	0	66143
22711	271	1365	420	64700	0	66756
22712	196	63266	348	1715	0	65525
22713	184	64531	304	876	0	65895
22714	177	1657	266	64555	0	66655
22715	63590	782	370	1782	0	66524
22716	1308	63305	241	785	0	65639
22717	467	1363	153	65227	0	67210
22718	65423	508	136	1655	0	67722
22719	66177	337	161	748	0	67423
22720	67722	271	125	554	0	68672
22721	1887	245	160	65785	0	68077
22722	762	191	146	67701	0	68800
22723	67565	215	126	1902	0	69808
22724	67529	172	163	921	0	68785
22725	68630	170	126	652	0	69578
22726	1953	187	135	67029	0	69304
22727	897	197	64680	1592	0	67366
22728	64651	180	1181	711	0	66723
22729	1573	146	415	65548	0	67682
22730	718	65659	257	1628	0	68262
22731	605	1382	165	66181	0	68333
22732	413	64507	137	1701	0	66758
22733	404	1390	113	66811	0	68718
22734	386	572	62729	1723	0	65410
22735	311	61937	1186	858	0	64292
22736	351	1151	353	58490	0	60345
22737	284	436	244	58587	0	59551
22738	276	337	142	58826	0	59581
22739	58691	213	129	1790	0	60823
22740	1325	57993	162	973	0	60453
22741	570	1310	118	60652	0	62650
22742	61088	503	144	1723	0	63458
22743	61396	332	150	799	0	62677
22744	1923	236	108	61653	0	63920
22745	797	252	60442	1882	0	63373
22746	488	271	1335	60557	0	62651
22747	334	60308	507	1899	0	63048
22748	327	1508	272	63061	0	65168
22749	61805	490	203	2027	0	64525
22750	1614	351	176	64738	0	66879
22751	698	273	63012	2121	0	66104
22752	442	66687	1447	1044	0	69620
22753	70112	1723	495	705	0	73035
22754	1941	647	69051	636	0	72275
22755	70299	370	1863	502	0	73034
22756	2135	258	628	73661	0	76682
22757	865	297	376	74175	0	75713
22758	518	72559	323	2602	0	76002
22759	77407	1829	262	1090	0	80588
22760	2255	619	229	78468	0	81571
22761	897	349	260	81611	0	83117
22762	558	246	241	83334	0	84379
22763	461	264	80461	3179	0	84365
22764	430	177	2076	82265	0	84948
22765	82746	206	738	2836	0	86526
22766	85175	207	384	1303	0	87069
22767	2767	234	298	84200	0	87499
22768	1068	208	228	86167	0	87671
22769	84483	231	210	3111	0	88035
22770	2486	276	81239	1336	0	85337
22771	81484	221	2116	916	0	84737
22772	2586	242	78360	733	0	81921
22773	1046	269	79718	641	0	81674
22774	707	217	2528	79047	0	82499
22775	599	216	80735	2558	0	84108
22776	80864	173	2308	1102	0	84447
22777	2373	164	784	83658	0	86979
22778	1018	252	82005	2535	0	85810
22779	80167	142	2178	1134	0	83621
22780	83255	134	795	850	0	85034
22781	2962	233	82407	672	0	86274
22782	1319	600	2108	78703	0	82730
22783	761	83809	822	2144	0	87536
22784	87023	1890	660	937	0	90510
22785	2496	679	86386	722	0	90283
22786	80650	465	2090	631	0	83836
22787	2313	82380	796	714	0	86203
22788	80362	1527	639	390	0	82918
22789	80021	498	281	386	0	81186
22790	80818	237	274	396	0	81725
22791	2246	420	241	79235	0	82142
22792	919	79035	304	1735	0	81993
22793	653	1515	77520	745	0	80433
22794	526	80451	1672	533	0	83182
22795	427	1713	619	75640	0	78399
22796	396	77476	391	1374	0	79637
22797	370	78843	268	619	0	80100
22798	77828	1530	386	416	0	80160
22799	1572	593	75908	374	0	78447
22800	665	303	78150	339	0	79457
22801	470	292	77638	359	0	78759
22802	390	76224	1482	428	0	78524
22803	79456	1172	490	372	0	81490
22804	79689	413	256	349	0	80707
22805	79058	212	230	378	0	79878
22806	1633	76399	252	448	0	78732
22807	625	1151	180	82748	0	84704
22808	504	436	80663	1434	0	83037
22809	424	360	79701	670	0	81155
22810	84105	224	1593	490	0	86412
22811	87075	252	496	472	0	88295
22812	87297	197	341	417	0	88252
22813	1933	178	83464	490	0	86065
22814	84108	138	1331	499	0	86076
22815	1644	141	553	85651	0	87989
22816	739	197	393	86785	0	88114
22817	622	273	87961	1794	0	90650
22818	557	86893	1409	857	0	89716
22819	517	1192	591	91883	0	94183
22820	554	467	88951	1784	0	91756
22821	85414	247	1482	969	0	88112
22822	1607	207	706	91449	0	93969
22823	866	140	524	92350	0	93880
22824	91944	132	524	1946	0	94546
22825	1847	140	400	91644	0	94031
22826	91974	153	366	1906	0	94399
22827	92256	135	419	1064	0	93874
22828	2067	157	437	92306	0	94967
22829	1088	179	472	93435	0	95174
22830	93121	203	496	1950	0	95770
22831	1856	147	550	93808	0	96361
22832	95086	165	612	1692	0	97555
22833	95190	192	578	889	0	96849
22834	95381	194	517	640	0	96732
22835	2291	200	501	93434	0	96426
22836	1128	358	522	94542	0	96550
22837	94678	187	543	1822	0	97230
22838	1850	89951	600	850	0	93251
22839	883	88598	575	480	0	90536
22840	91563	1123	447	415	0	93548
22841	1466	504	87945	388	0	90303
22842	88539	283	1077	359	0	90258
22843	1373	229	511	93808	0	95921
22844	810	262	93214	1005	0	95291
22845	95215	187	1031	413	0	96846
22846	1383	248	419	96926	0	98976
22847	777	237	285	99927	0	101226
22848	712	259	263	102636	0	103870
22849	666	244	185	103452	0	104547
22850	102643	249	295	1226	0	104413
22851	1212	98670	330	833	0	101045
22852	95328	677	257	313	0	96575
22853	921	355	94441	219	0	95936
22854	555	257	90591	165	0	91568
22855	369	93857	679	252	0	95157
22856	589	938	512	95770	0	97809
22857	282	255	94982	549	0	96068
22858	195	86381	591	476	0	87643
22859	100	382	89044	252	0	89778
22860	33	62	153	87861	0	88109
22861	69	29	51	88521	0	88670
22862	90004	43	23	200	0	90270
22863	163	57	20	86877	0	87117
22864	87934	10	25	201	0	88170
22865	215	60	87121	79	0	87475
22866	105	84806	230	106	0	85247
22867	39	158	46	92888	0	93131
22868	34	129	52	98690	0	98905
22869	125	45	100266	210	0	100646
22870	108	171	93722	131	0	94132
22871	94879	28	195	114	0	95216
22872	102871	10	67	93	0	103041
22873	214	25	35	102016	0	102290
22874	93	13	26	101955	0	102087
22875	49	98703	67	291	0	99110
22876	65	193	18	105057	0	105333
22877	105625	49	31	246	0	105951
22878	105053	25	30	145	0	105253
22879	257	105526	80	130	0	105993
22880	110395	314	19	62	0	110790
22881	107968	101	38	82	0	108189
22882	511	53	20	113360	0	113944
22883	176	111552	129	533	0	112390
22884	96	468	26	117012	0	117602
22885	84	146	20	116605	0	116855
22886	114	140	112296	740	0	113290
22887	115662	40	580	276	0	116558
22888	1015	55	142	128481	0	129693
22889	360	58	73	136028	0	136519
22890	170	154764	129	2228	0	157291
22891	163	2995	35	170694	0	173887
22892	170666	804	75	3813	0	175358
22893	183672	447	123	1260	0	185502
22894	5343	414	178434	703	0	184894
22895	1656	374	180542	413	0	182985
22896	873	262	5193	180487	0	186815
22897	531	112	1477	193906	0	196026
22898	563	141	189044	5829	0	195577
22899	531	218	190616	1791	0	193156
22900	332	80	5916	183738	0	190066
22901	332	165	191152	5281	0	196930
22902	550	253	191735	1702	0	194240
22903	221	129	6000	187868	0	194218
22904	192910	76	2114	5277	0	200377
22905	198156	83	1255	1743	0	201237
22906	5907	114	810	194464	0	201295
22907	1893	150	708	197882	0	200633
22908	193085	80	641	6419	0	200225
22909	5417	85	499	191384	0	197385
22910	190100	87	464	6098	0	196749
22911	191741	104	472	2164	0	194481
22912	6328	143	380	189744	0	196595
22913	2269	226	384	195370	0	198249
22914	187322	122	405	6739	0	194588
22915	5349	183755	529	3046	0	192679
22916	1979	190283	529	2033	0	194824
22917	1377	5750	439	186526	0	194092
22918	1053	1775	181942	5825	0	190595
22919	781	847	4829	183730	0	190187
22920	183334	526	1583	6213	0	191656
22921	5088	482	950	185226	0	191746
22922	186435	431	742	6310	0	193918
22923	5839	447	181527	2565	0	190378
22924	183121	302	4991	1759	0	190173
22925	5945	290	1630	186887	0	194752
22926	2269	227	1012	194428	0	197936
22927	1632	326	194063	6953	0	202974
22928	1266	289	4927	195176	0	201658
22929	1101	266	1637	201861	0	204865
22930	960	280	1024	207196	0	209460
22931	202590	306	805	7854	0	211555
22932	5748	385	199803	3419	0	209355
22933	2293	489	199737	2357	0	204876
22934	198517	250	6216	2098	0	207081
22935	206027	231	2354	1914	0	210526
22936	7061	350	202826	1740	0	211977
22937	2864	312	5607	196373	0	205156
22938	1844	202475	2560	5689	0	212568
22939	1516	4783	1796	213327	0	221422
22940	210812	1319	1643	6767	0	220541
22941	215252	716	1634	3057	0	220659
22942	6876	478	1649	209632	0	218635
22943	2771	207623	1709	6999	0	219102
22944	2114	5032	1552	205582	0	214280
22945	1746	207891	1615	6743	0	217995
22946	212221	5301	1440	3366	0	222328
22947	208399	1693	1449	2637	0	214178
22948	207249	979	1420	2517	0	212165
22949	7439	195782	1475	2741	0	207437
22950	3360	203761	1427	2793	0	211341
22951	2606	6251	1232	208154	0	218243
22952	2267	1991	1098	211456	0	216812
22953	2291	1188	1052	210251	0	214782
22954	2219	855	985	214448	0	218507
22955	2114	940	198208	8996	0	210258
22956	193667	836	5386	4462	0	204351
22957	6862	825	203155	3335	0	214177
22958	205780	941	6017	3070	0	215808
22959	7461	813	209726	2784	0	220784
22960	210258	713	6276	2876	0	220123
22961	7601	755	213869	2759	0	224984
22962	210350	709	6424	2567	0	220050
22963	7754	644	2623	217510	0	228531
22964	223303	659	1955	7371	0	233288
22965	7758	664	1558	227038	0	237018
22966	3711	565	1493	230772	0	236541
22967	2845	592	1429	224311	0	229177
22968	2457	210295	1381	9192	0	223325
22969	213198	5327	1253	4630	0	224408
22970	213810	1784	1196	3631	0	220421
22971	7979	211753	1204	3423	0	224359
22972	3696	5562	1155	218288	0	228701
22973	2929	2032	208711	7760	0	221432
22974	209094	1177	5678	3992	0	219941
22975	218006	830	2336	3206	0	224378
22976	216014	720	1740	2786	0	221260
22977	8723	718	1421	206045	0	216907
22978	4126	202953	1444	6969	0	215492
22979	2912	5311	1427	208304	0	217954
22980	207147	1794	1278	7244	0	217463
22981	7055	1184	1250	199179	0	208668
22982	3270	194944	1200	6767	0	206181
22983	195020	5244	1309	3195	0	204768
22984	6927	2023	194379	2475	0	205804
22985	3677	1450	194480	2269	0	201876
22986	2518	189989	6252	2145	0	200904
22987	2021	187764	2479	1945	0	194209
22988	3372	5697	177579	1592	0	188240
22989	2743	2233	168857	1510	0	175343
22990	1808	7983	3884	135179	0	148854
22991	143514	513	1262	2019	0	147308
22992	2329	434	142098	951	0	145812
22993	692	128683	1418	575	0	131368
22994	136768	964	767	266	0	138765
22995	1070	131364	373	635	0	133442
22996	130532	691	140	144	0	131507
22997	761	127082	188	230	0	128261
22998	392	129811	177	348	0	130728
22999	262	911	210	133350	0	134733
23000	289	394	244	133042	0	133969
23001	283	231	127072	749	0	128335
23002	216	222	523	123933	0	124894
23003	128261	134	250	682	0	129327
23004	127848	148	130	380	0	128506
23005	772	135	82	125806	0	126795
23006	463	159	124173	687	0	125482
23007	309	249	120950	397	0	121905
23008	178	100	724	124413	0	125415
23009	270	133	128185	659	0	129247
23010	169	96	695	126483	0	127443
23011	151	116	382	125960	0	126609
23012	211	164	138858	841	0	140074
23013	130917	125	1104	462	0	132608
23014	140663	104	545	276	0	141588
23015	1464	185	139562	185	0	141396
23016	660	242	142658	225	0	143785
23017	324	121	1817	143423	0	145685
23018	278	115	671	159007	0	160071
23019	254	129	300	163277	0	163960
23020	252	166	242	163941	0	164601
23021	163464	104	240	2539	0	166347
23022	169686	125	205	1037	0	171053
23023	2806	136	212	180229	0	183383
23024	1045	121	191	191947	0	193304
23025	593	281	202069	3970	0	206913
23026	421	119	3984	208860	0	213384
23027	306	107	1604	222740	0	224757
23028	224068	92	695	7634	0	232489
23029	5967	238409	526	3008	0	247910
23030	2193	6607	319	242749	0	251868
23031	925	2023	268	248253	0	251469
23032	589	871	270	244061	0	245791
23033	484	220087	583	10153	0	231307
23034	345	238618	426	4014	0	243403
23035	511	8301	300	237737	0	246849
23036	513	2723	296	239847	0	243379
23037	406	1318	258	244630	0	246612
23038	226930	798	262	10677	0	238667
23039	6722	227069	357	4648	0	238796
23040	232564	7066	276	2512	0	242418
23041	238449	2454	299	1865	0	243067
23042	9568	1273	237	227675	0	238753
23043	3382	222720	236	8353	0	234691
23044	225602	7422	369	3422	0	236815
23045	7919	3018	218	226733	0	237888
23046	228603	1356	351	8831	0	239141
23047	8341	1000	277	230634	0	240252
23048	3372	1101	222021	9313	0	235807
23049	1880	1131	226905	4020	0	233936
23050	1328	825	8542	229330	0	240025
23051	1121	780	2847	234836	0	239584
23052	1126	729	1326	234235	0	237416
23053	1132	220074	991	11104	0	233301
23054	1111	234910	684	4987	0	241692
23055	228181	9116	563	3017	0	240877
23056	227390	3390	556	2505	0	233841
23057	9268	223686	615	2474	0	236043
23058	3382	223538	537	2153	0	229610
23059	1873	228875	449	2165	0	233362
23060	215298	9750	448	1991	0	227487
23061	7165	216388	488	2090	0	226131
23062	2872	8379	408	219462	0	231121
23063	217001	3249	476	8369	0	229095
23064	217591	1921	513	3600	0	223625
23065	9556	1434	438	208651	0	220079
23066	3914	1401	200926	8769	0	215010
23067	2393	1396	204516	3825	0	212130
23068	1722	1354	8254	206673	0	218003
23069	1776	1309	208384	8764	0	220233
23070	1518	1212	7677	210105	0	220512
23071	1509	1150	2832	213205	0	218696
23072	1485	1172	205274	10990	0	218921
23073	1577	1347	208447	4716	0	216087
23074	1338	1187	9086	205720	0	217331
23075	1268	1365	3364	218013	0	224010
23076	207392	1177	1875	11180	0	221624
23077	7663	203243	1475	5552	0	217933
23078	3055	216752	1162	3976	0	224945
23079	208094	9546	990	3193	0	221823
23080	217570	3744	1012	2990	0	225316
23081	9806	210127	1176	3035	0	224144
23082	3948	217650	1065	3223	0	225886
23083	214949	9981	1006	2857	0	228793
23084	8665	4135	979	211914	0	225693
23085	208393	2503	974	9649	0	221519
23086	8985	205463	989	5328	0	220765
23087	210367	8207	914	3728	0	223216
23088	9749	3585	201153	3320	0	217807
23089	204490	2301	7387	3232	0	217410
23090	9912	2047	202359	3117	0	217435
23091	4457	1960	7976	202748	0	217141
23092	201522	1839	3138	9990	0	216489
23093	9320	1808	191004	5367	0	207499
23094	4256	1822	7756	197558	0	211392
23095	197574	1812	3123	10440	0	212949
23096	9541	1976	190465	5659	0	207641
23097	4478	1975	7815	197231	0	211499
23098	192438	1954	3046	10505	0	207943
23099	8980	189110	1928	5717	0	205735
23100	4274	8377	1386	196782	0	210819
23101	3311	3853	1177	200468	0	208809
23102	2802	2902	1154	200630	0	207488
23103	2805	192745	1192	11937	0	208679
23104	2825	8541	1124	202869	0	215359
23105	2851	3658	1051	208613	0	216173
23106	2882	2709	1066	209141	0	215798
23107	2975	2219	1115	214563	0	220872
23108	3161	2238	195112	13087	0	213598
23109	193415	2014	7768	6359	0	209556
23110	204241	1713	3100	4401	0	213455
23111	11389	197641	2077	4066	0	215173
23112	4903	8211	1465	191621	0	206200
23113	3284	3449	1503	196113	0	204349
23114	2772	187938	1552	11849	0	204111
23115	2043	7585	1561	193076	0	204265
23116	178541	3049	1734	10626	0	193950
23117	7680	178602	1715	5605	0	193602
23118	170817	7504	1685	3771	0	183777
23119	8091	2969	1246	171059	0	183365
23120	3557	2192	163641	9486	0	178876
23121	2296	167532	6497	5015	0	181340
23122	157194	7370	3102	3312	0	170978
23123	6748	147186	1487	2314	0	157735
23124	2737	144382	972	2045	0	150136
23125	122392	5264	1761	1437	0	130854
23126	5039	1948	115913	1307	0	124207
23127	1342	103683	2605	1056	0	108686
23128	87778	4691	4836	1755	0	99060
23129	76710	591	640	351	0	78292
23130	1497	75481	167	339	0	77484
23131	619	1286	106	79127	0	81138
23132	443	497	80109	1345	0	82394
23133	276	388	1093	79715	0	81472
23134	257	278	386	79333	0	80254
23135	207	228	247	84147	0	84829
23136	264	245	82337	1822	0	84668
23137	244	234	1163	79770	0	81411
23138	286	227	81730	1599	0	83842
23139	282	259	78423	620	0	79584
23140	70836	258	1535	437	0	73066
23141	1210	77967	583	320	0	80080
23142	516	80771	337	298	0	81922
23143	527	1520	275	85428	0	87750
23144	95776	616	157	1293	0	97842
23145	96272	362	225	538	0	97397
23146	95044	290	150	414	0	95898
23147	95733	256	146	318	0	96453
23148	91132	189	168	310	0	91799
23149	1956	215	88939	289	0	91399
23150	765	238	1239	88938	0	91180
23151	482	87724	485	1430	0	90121
23152	352	1278	336	91726	0	93692
23153	91091	521	189	1643	0	93444
23154	1352	88392	226	737	0	90707
23155	527	1357	189	92224	0	94297
23156	92495	511	309	1522	0	94837
23157	95856	359	167	696	0	97078
23158	1797	250	185	94877	0	97109
23159	821	218	187	94968	0	96194
23160	558	227	138	96848	0	97771
23161	427	230	94274	2090	0	97021
23162	404	276	94767	868	0	96315
23163	375	228	1547	96640	0	98790
23164	365	209	611	99232	0	100417
23165	98768	226	379	1851	0	101224
23166	98034	239	211	909	0	99393
23167	101375	204	184	693	0	102456
23168	106178	243	204	460	0	107085
23169	104205	219	166	459	0	105049
23170	2053	103444	217	509	0	106223
23171	110767	1428	173	433	0	112801
23172	111491	517	154	504	0	112666
23173	111059	385	178	447	0	112069
23174	2158	312	183	113869	0	116522
23175	1035	243	112211	2040	0	115529
23176	742	189	1663	114687	0	117281
23177	637	319	121540	2276	0	124772
23178	487	277	1809	116332	0	118905
23179	440	118394	671	2055	0	121560
23180	121419	1715	366	710	0	124210
23181	125600	563	259	570	0	126992
23182	2333	369	191	126322	0	129215
23183	1016	274	164	131412	0	132866
23184	718	232	153	132096	0	133199
23185	597	131765	211	2450	0	135023
23186	135896	1754	173	924	0	138747
23187	134645	562	182	639	0	136028
23188	2493	134503	233	671	0	137900
23189	1020	1862	179	137859	0	140920
23190	716	649	193	136127	0	137685
23191	551	134855	228	2263	0	137897
23192	139304	1916	183	906	0	142309
23193	138719	636	200	642	0	140197
23194	2612	416	163	138319	0	141510
23195	1140	291	137784	2246	0	141461
23196	826	394	135367	881	0	137468
23197	572	210	2306	142121	0	145209
23198	560	217	745	142457	0	143979
23199	488	230	399	148368	0	149485
23200	144916	203	298	3127	0	148544
23201	146785	199	282	1290	0	148556
23202	2902	150093	341	1199	0	154535
23203	157291	2213	608	718	0	160830
23204	3252	826	155020	537	0	159635
23205	1292	655	152977	507	0	155431
23206	802	158153	2839	666	0	162460
23207	156741	2355	1133	465	0	160694
23208	2231	153442	425	559	0	156657
23209	157527	2254	389	387	0	160557
23210	2699	709	156187	363	0	159958
23211	999	468	154946	366	0	156779
23212	710	321	2448	151869	0	155348
23213	593	374	161110	2464	0	164541
23214	463	252	2169	162818	0	165702
23215	474	378	693	156529	0	158074
23216	482	162002	490	2680	0	165654
23217	488	2219	296	167137	0	170140
23218	441	632	307	169488	0	170868
23219	172544	377	349	2951	0	176221
23220	2512	168020	476	1158	0	172166
23221	780	2454	281	176602	0	180117
23222	635	709	172734	3032	0	177110
23223	157288	444	2576	1161	0	161469
23224	2967	409	171237	801	0	175414
23225	971	494	2492	169381	0	173338
23226	675	179356	844	3047	0	183922
23227	542	3084	514	183161	0	187301
23228	188400	816	394	3520	0	193130
23229	188253	493	419	1150	0	190315
23230	4182	189259	411	883	0	194735
23231	200784	3499	331	590	0	205204
23232	203127	1033	331	603	0	205094
23233	207304	636	379	551	0	208870
23234	209179	399	474	580	0	210632
23235	203217	410	430	604	0	204661
23236	4845	450	197769	648	0	203712
23237	1699	371	3467	198565	0	204102
23238	1064	403	1095	203442	0	206004
23239	810	522	607	201947	0	203886
23240	713	200241	548	4613	0	206115
23241	726	3500	354	204778	0	209358
23242	898	1380	195103	4286	0	201667
23243	673	192621	3290	1669	0	198253
23244	688	192408	1062	1116	0	195274
23245	914	3950	746	192815	0	198425
23246	679	1198	453	194357	0	196687
23247	707	681	472	191289	0	193149
23248	697	184800	505	4880	0	190882
23249	610	189697	553	1846	0	192706
23250	191638	3896	372	1100	0	197006
23251	190894	1285	412	886	0	193477
23252	4168	188706	451	1020	0	194345
23253	197534	3558	377	769	0	202238
23254	204708	1164	410	879	0	207161
23255	4478	831	407	205399	0	211115
23256	1784	683	422	211078	0	213967
23257	1198	587	444	212049	0	214278
23258	1220	771	205167	4829	0	211987
23259	1220	1021	203297	1887	0	207425
23260	1022	216775	4336	1471	0	223604
23261	229441	4031	1392	978	0	235842
23262	5062	1473	229070	994	0	236599
23263	230842	867	4491	1027	0	237227
23264	5569	908	241921	1021	0	249419
23265	243731	733	5224	979	0	250667
23266	5970	253221	1902	1125	0	262218
23267	254398	5523	1009	1025	0	261955
23268	6067	1878	779	251621	0	260345
23269	2257	1115	699	258524	0	262595
23270	1832	1736	239425	7376	0	250369
23271	1228	256249	4572	3573	0	265622
23272	1165	5800	1493	264953	0	273411
23273	1348	2191	256026	6461	0	266026
23274	236578	1216	5328	2325	0	245447
23275	5535	252887	1872	1710	0	262004
23276	253508	5292	1050	1386	0	261236
23277	5495	244360	869	1402	0	252126
23278	2050	5467	584	247865	0	255966
23279	244468	1865	641	5642	0	252616
23280	5307	243180	797	2564	0	251848
23281	1957	5370	590	249190	0	257107
23282	1466	2056	240415	5838	0	249775
23283	226786	1195	4885	2211	0	235077
23284	5550	1059	1470	242448	0	250527
23285	2416	1001	234120	5917	0	243454
23286	1471	234247	4928	2845	0	243491
23287	1305	5298	1456	239963	0	248022
23288	1560	1968	234813	5769	0	244110
23289	1304	1687	4949	227219	0	235159
23290	1305	235738	1865	5445	0	244353
23291	1252	243860	1104	2572	0	248788
23292	1875	6200	237259	1333	0	246667
23293	1470	2401	4848	237668	0	246387
23294	1375	1435	240052	5985	0	248847
23295	234489	1084	5197	2214	0	242984
23296	5451	1027	1856	233515	0	241849
23297	2242	228967	1221	5187	0	237617
23298	1566	242130	956	2379	0	247031
23299	236569	5906	753	1506	0	244734
23300	4923	241212	800	1727	0	248662
23301	240786	5216	913	1114	0	248029
23302	5576	2085	230494	1137	0	239292
23303	216180	1070	4579	1109	0	222938
23304	4839	221715	1682	1161	0	229397
23305	224435	4632	1173	934	0	231174
23306	4616	219574	873	1180	0	226243
23307	1896	5003	749	221115	0	228763
23308	1100	2248	518	227603	0	231469
23309	949	1363	219833	5732	0	227877
23310	212426	1095	4383	2290	0	220194
23311	4721	1282	220229	1544	0	227776
23312	221349	1129	4697	1047	0	228222
23313	5103	1167	1630	221781	0	229681
23314	2000	985	1054	225570	0	229609
23315	1300	226346	871	6187	0	234704
23316	1082	5087	797	237414	0	244380
23317	1078	2057	703	244444	0	248282
23318	1191	1432	233059	7090	0	242772
23319	217563	1144	4970	2800	0	226477
23320	5395	227667	2005	1727	0	236794
23321	231839	5123	1045	1145	0	239152
23322	5701	2234	915	230129	0	238979
23323	2354	1262	810	236080	0	240506
23324	230162	985	996	6887	0	239030
23325	5600	230823	989	3386	0	240798
23326	223358	4812	811	1433	0	230414
23327	5380	218112	947	1317	0	225756
23328	2015	218565	792	1085	0	222457
23329	219400	5567	1086	992	0	227045
23330	5263	2288	997	212511	0	221059
23331	2156	1479	207206	4857	0	215698
23332	1413	1322	4317	206432	0	213484
23333	1192	933	1686	206967	0	210778
23334	1096	202796	1065	6196	0	211153
23335	1032	4863	670	210033	0	216598
23336	963	2226	581	212184	0	215954
23337	931	1391	550	214156	0	217028
23338	746	1171	582	218454	0	220953
23339	1002	1105	208574	7288	0	217969
23340	941	1171	212254	3142	0	217508
23341	1010	1030	5751	217488	0	225279
23342	1213	1046	216641	6114	0	225014
23343	1290	1090	216462	2594	0	221436
23344	1169	1042	6249	216875	0	225335
23345	1180	1211	223276	6446	0	232113
23346	1247	1130	5661	212565	0	220603
23347	851	222784	2363	5986	0	231984
23348	233440	5467	1329	2833	0	243069
23349	6004	2429	246139	1956	0	256528
23350	2228	1578	6066	247896	0	257768
23351	1655	1201	252158	7101	0	262115
23352	1133	955	6581	269182	0	277851
23353	1043	1000	2817	279135	0	283995
23354	269121	944	1717	10324	0	282106
23355	7282	928	1431	275380	0	285021
23356	262601	1019	1315	9553	0	274488
23357	269503	825	1151	4619	0	276098
23358	9818	260157	1189	3114	0	274278
23359	254867	7203	934	2302	0	265306
23360	8304	247085	1331	2177	0	258897
23361	3013	252860	1162	2041	0	259076
23362	245991	8680	2159	1737	0	258567
23363	8181	3231	238072	1637	0	251121
23364	3018	1723	228965	1392	0	235098
23365	217614	1762	10059	1712	0	231147
23366	223211	834	3112	1261	0	228418
23367	7960	217871	1735	1321	0	228887
23368	227252	6041	1155	1187	0	235635
23369	228850	2433	1158	1203	0	233644
23370	225332	1283	914	1264	0	228793
23371	8973	989	837	217289	0	228088
23372	215496	931	874	6706	0	224007
23373	7453	216117	1002	3205	0	227777
23374	3550	5908	896	223881	0	234235
23375	2300	2366	909	226318	0	231893
23376	1927	219453	963	8603	0	230946
23377	1928	6157	886	227686	0	236657
23378	222236	2626	878	7775	0	233515
23379	225239	1607	945	3655	0	231446
23380	8843	213979	977	2541	0	226340
23381	4011	220665	892	2147	0	227715
23382	223062	7647	780	1767	0	233256
23383	8036	3307	214785	1799	0	227927
23384	4091	2013	217630	1797	0	225531
23385	2740	1596	7557	210544	0	222437
23386	2459	1377	3032	222663	0	229531
23387	2610	1459	213420	8536	0	226025
23388	2410	205468	6597	4368	0	218843
23389	2426	6395	2733	213002	0	224556
23390	2613	3152	211623	7278	0	224666
23391	2354	1970	6359	210544	0	221227
23392	2142	1820	2851	210744	0	217557
23393	2251	215579	1857	8496	0	228183
23394	2199	6641	1532	217708	0	228080
23395	2035	3182	1474	221801	0	228492
23396	2077	1980	1390	225603	0	231050
23397	219144	1652	1301	9585	0	231682
23398	7368	1576	1281	211800	0	222025
23399	3883	212124	1351	8278	0	225636
23400	216317	6274	1291	4215	0	228097
23401	7964	3108	206412	3065	0	220549
23402	4204	2085	205908	2701	0	214898
23403	207064	1626	7738	2590	0	219018
23404	7605	1674	3243	212838	0	225360
23405	4016	1609	212316	7823	0	225764
23406	2747	1382	6670	213873	0	224672
23407	2342	1448	3159	222752	0	229701
23408	215536	1511	2122	9718	0	228887
23409	213924	1470	1735	5113	0	222242
23410	9118	213283	1627	3977	0	228005
23411	4305	6532	1564	215265	0	227666
23412	3321	3135	208811	7762	0	223029
23413	2547	216345	6175	4575	0	229642
23414	217594	6487	2769	3131	0	229981
23415	6740	219711	1996	2753	0	231200
23416	219494	6404	1590	2458	0	229946
23417	7278	2862	214982	2419	0	227541
23418	214997	1922	5847	2350	0	225116
23419	226884	1714	2601	2187	0	233386
23420	9015	1959	226999	2238	0	240211
23421	4088	2263	6529	220401	0	233281
23422	2901	225555	3008	7196	0	238660
23423	2554	235538	1979	3632	0	243703
23424	2446	239414	1670	2803	0	246333
23425	2505	8707	1393	233427	0	246032
23426	2318	3651	229982	7452	0	243403
23427	2217	2516	5964	229403	0	240100
23428	2269	1915	2491	239864	0	246539
23429	2400	1701	230513	8790	0	243404
23430	2134	227804	6421	4341	0	240700
23431	2033	6712	2637	233409	0	244791
23432	233698	2719	1906	7536	0	245859
23433	6769	2015	1742	233844	0	244370
23434	3224	1772	1382	234242	0	240620
23435	2451	227786	1357	8920	0	240514
23436	234276	6496	1194	4293	0	246259
23437	7010	2950	1165	240795	0	251920
23438	3548	2220	232232	7770	0	245770
23439	2335	229584	5779	4226	0	241924
23440	232024	5997	2624	2619	0	243264
23441	6670	3011	229231	2231	0	241143
23442	226190	2076	5887	2187	0	236340
23443	6637	2146	2902	225719	0	237404
23444	3027	226403	1891	5925	0	237246
23445	226721	5841	1594	2923	0	237079
23446	226085	2817	1329	2272	0	232503
23447	7101	226540	1525	2032	0	237198
23448	3017	5375	1340	223282	0	233014
23449	1769	2279	967	215444	0	220459
23450	206336	1451	1014	6395	0	215196
23451	5127	203508	1085	3343	0	213063
23452	1510	4000	608	188900	0	195018
23453	998	180380	702	3853	0	185933
23454	800	181413	515	1731	0	184459
23455	1155	3575	611	177482	0	182823
23456	176135	1174	778	2913	0	181000
23457	2490	174181	363	1484	0	178518
23458	966	2603	330	176132	0	180031
23459	708	934	289	178507	0	180438
23460	773	814	171237	3153	0	175977
23461	803	833	163875	1322	0	166833
23462	546	165265	2658	1214	0	169683
23463	669	2567	168258	827	0	172321
23464	442	1019	2430	168849	0	172740
23465	664	802	177178	2475	0	181119
23466	426	613	2302	174088	0	177429
23467	495	570	788	180741	0	182594
23468	548	531	575	182314	0	183968
23469	176788	453	434	3522	0	181197
23470	2335	482	334	176649	0	179800
23471	868	520	307	177616	0	179311
23472	641	171648	355	3375	0	176019
23473	596	2366	282	175117	0	178361
23474	176187	903	309	3335	0	180734
23475	2199	176361	377	1506	0	180443
23476	182573	2487	387	1147	0	186594
23477	2707	1125	177849	966	0	182647
23478	1127	1039	180780	842	0	183788
23479	747	787	2705	184307	0	188546
23480	613	616	1035	192618	0	194882
23481	502	187785	906	3525	0	192718
23482	474	2849	667	192351	0	196341
23483	191513	1008	540	3589	0	196650
23484	188915	787	485	1684	0	191871
23485	3148	727	455	193068	0	197398
23486	1377	764	203216	3463	0	208820
23487	983	633	2596	207892	0	212104
23488	793	618	922	217201	0	219534
23489	620	628	764	219923	0	221935
23490	544	644	591	217483	0	219262
23491	528	588	566	214462	0	216144
23492	451	207735	649	4775	0	213610
23493	209214	3024	542	2461	0	215241
23494	211210	1055	530	2019	0	214814
23495	213230	966	517	1660	0	216373
23496	4072	212312	544	1670	0	218598
23497	214975	3364	470	1352	0	220161
23498	3870	210752	624	1373	0	216619
23499	1755	3824	207096	1332	0	214007
23500	1135	1395	3192	203863	0	209585
23501	1309	1152	211587	4047	0	218095
23502	808	208994	3674	2301	0	215777
23503	213662	3646	1288	1739	0	220335
23504	3878	1553	217329	1564	0	224324
23505	1660	1271	224687	1576	0	229194
23506	1198	228091	5230	1504	0	236023
23507	1275	4576	2163	240861	0	248875
23508	1301	1868	250762	5251	0	259182
23509	1119	1348	5054	251185	0	258706
23510	973	992	1900	282215	0	286080
23511	860	844	1272	304233	0	307209
23512	315476	786	891	10311	0	327464
23513	317958	739	786	4503	0	323986
23514	10507	929	684	314484	0	326604
23515	314993	555	868	10676	0	327092
23516	10916	877	304105	4178	0	320076
23517	4622	831	301509	2919	0	309881
23518	3204	786	306666	2325	0	312981
23519	2674	750	306104	2092	0	311620
23520	1842	287912	10637	2846	0	303237
23521	2456	7685	4476	293423	0	308040
23522	2121	2218	297357	8433	0	310129
23523	280588	1404	9218	3204	0	294414
23524	301493	986	3885	2453	0	308817
23525	9827	291729	3390	2366	0	307312
23526	298604	7754	3063	1523	0	310944
23527	9729	2476	2995	295907	0	311107
23528	4099	2012	300980	8418	0	315509
23529	2937	1660	9177	290431	0	304205
23530	2283	303961	4031	8573	0	318848
23531	308334	8163	2922	3646	0	323065
23532	310610	2756	2303	3003	0	318672
23533	10534	305293	2120	2507	0	320454
23534	315662	8554	1625	2150	0	327991
23535	316266	3231	1448	1916	0	322861
23536	11671	307808	1621	2203	0	323303
23537	5931	8612	1453	303538	0	319534
23538	4060	301891	1640	8794	0	316385
23539	311422	9305	1718	3561	0	326006
23540	10276	4465	1582	307292	0	323615
23541	309544	2959	1757	9205	0	323465
23542	10954	2510	1493	308544	0	323501
23543	5426	2595	297590	9907	0	315518
23544	298040	2273	7979	4104	0	312396
23545	11188	2212	300064	3305	0	316769
23546	5313	1827	8984	300425	0	316549
23547	4291	2011	297968	9859	0	314129
23548	3747	1790	9313	299136	0	313986
23549	3654	1827	296647	10823	0	312951
23550	290500	1469	9691	5117	0	306777
23551	9778	292631	4320	4495	0	311224
23552	301530	8013	3479	3495	0	316517
23553	10591	2852	3138	300081	0	316662
23554	298206	2142	2996	9880	0	313224
23555	10489	294150	2869	4805	0	312313
23556	5044	296455	2982	3688	0	308169
23557	4057	309986	2615	3286	0	319944
23558	312626	10849	2387	2950	0	328812
23559	10301	4599	2156	309886	0	326942
23560	4847	3682	1934	319242	0	329705
23561	4388	3398	303228	11404	0	322418
23562	4143	3042	303139	5406	0	315730
23563	3928	2607	9578	309285	0	325398
23564	3905	2499	312371	10691	0	329466
23565	3175	303430	9913	5476	0	321994
23566	312520	9492	4576	3982	0	330570
23567	10154	4036	312104	3420	0	329714
23568	4872	3148	314766	3209	0	325995
23569	3887	2460	11711	306026	0	324084
23570	317341	1887	5932	10594	0	335754
23571	10040	1794	4617	318239	0	334690
23572	316738	1482	4415	11371	0	334006
23573	10739	1853	4083	318729	0	335404
23574	5248	1947	316956	11176	0	335327
23575	4501	306188	10618	5296	0	326603
23576	4166	9004	316164	4093	0	333427
23577	3498	312540	10976	3969	0	330983
23578	3183	10296	5349	315093	0	333921
23579	312375	3687	3972	9988	0	330022
23580	10271	2930	306835	4999	0	325035
23581	5015	2571	9124	307337	0	324047
23582	4266	2193	3932	319833	0	330224
23583	317788	2055	3265	11947	0	335055
23584	9905	2213	3164	310556	0	325838
23585	4332	311712	3410	10668	0	330122
23586	306167	9016	3172	5046	0	323401
23587	10016	4049	295721	4231	0	314017
23588	287973	3061	8462	3486	0	302982
23589	10569	295481	3756	3474	0	313280
23590	5588	9186	2636	283687	0	301097
23591	4191	298867	2452	8715	0	314225
23592	302024	9168	2315	4334	0	317841
23593	10418	4009	296306	3993	0	314726
23594	289525	3395	8217	3259	0	304396
23595	10419	296932	3217	3040	0	313608
23596	5199	8645	2683	304204	0	320731
23597	307038	3503	2370	8871	0	321782
23598	312163	2777	2679	3980	0	321599
23599	10985	2544	2257	307016	0	322802
23600	5238	3085	2044	311867	0	322234
23601	4436	303495	2040	10493	0	320464
23602	3725	9185	1854	308593	0	323357
23603	3726	340945	2191	10094	0	356956
23604	3193	361112	2130	5229	0	371664
23605	3227	13043	1699	332980	0	350949
23606	2730	334618	2055	9571	0	348974
23607	3586	9371	336133	4170	0	353260
23608	4619	4157	344652	3438	0	356866
23609	2554	341897	9952	4727	0	359130
23610	2474	8159	344519	2205	0	357357
23611	1529	2786	341257	1670	0	347242
23612	1384	1553	311595	732	0	315264
23613	389	307075	7366	915	0	315745
23614	305644	5442	3966	559	0	315611
23615	4465	296986	1936	862	0	304249
23616	1893	5485	300393	361	0	308132
23617	1015	2052	5091	298944	0	307102
23618	302602	1175	1913	4869	0	310559
23619	5043	928	298020	1576	0	305567
23620	1790	571	5311	296414	0	304086
23621	1326	624	301215	5055	0	308220
23622	724	488	5825	297594	0	304631
23623	297213	408	2351	5743	0	305715
23624	5182	756	292797	2132	0	300867
23625	1692	293365	5460	2025	0	302542
23626	1278	5071	1969	295730	0	304048
23627	303159	1769	1499	5079	0	311506
23628	5456	1550	287420	1808	0	296234
23629	2005	1194	5381	277042	0	285622
23630	1315	288098	2236	5063	0	296712
23631	296464	5233	1676	1766	0	305139
23632	304882	1795	1347	1327	0	309351
23633	7074	1486	1040	298987	0	308587
23634	2818	301907	1119	6102	0	311946
23635	1848	314688	919	2549	0	320004
23636	321811	7389	1045	1422	0	331667
23637	7123	3046	862	313328	0	324359
23638	2381	317325	997	8158	0	328861
23639	320106	7130	828	2390	0	330454
23640	7289	2590	844	323786	0	334509
23641	2432	1635	854	330816	0	335737
23642	2009	2425	293539	9108	0	307081
23643	1296	316774	5852	3972	0	327894
23644	1167	333597	2120	2504	0	339388
23645	1033	8524	1420	331818	0	342795
23646	330673	3280	1032	7591	0	342576
23647	7074	328247	983	3054	0	339358
23648	330763	7819	859	1982	0	341423
23649	8141	326454	916	1528	0	337039
23650	2948	8356	837	329224	0	341365
23651	330564	3098	739	7429	0	341830
23652	7941	2223	743	330089	0	340996
23653	3126	1788	324665	8525	0	338104
23654	2050	1455	7073	315990	0	326568
23655	1406	320543	2654	8258	0	332861
23656	322201	7862	1668	2996	0	334727
23657	7431	317582	1388	2470	0	328871
23658	2894	8517	1045	310309	0	322765
23659	1972	3446	1124	322778	0	329320
23660	1702	2495	306971	9454	0	320622
23661	1661	2114	307718	3879	0	315372
23662	1209	1959	8743	310169	0	322080
23663	1609	1745	302611	8492	0	314457
23664	1091	297537	8368	3798	0	310794
23665	304644	7461	3350	2521	0	317976
23666	7715	3073	305404	1944	0	318136
23667	301693	2209	7513	1778	0	313193
23668	314203	1875	3226	1554	0	320858
23669	312836	1668	2278	1578	0	318360
23670	313568	1507	1695	1569	0	318339
23671	10238	1480	1573	305203	0	318494
23672	4419	1579	1588	302162	0	309748
23673	2924	296414	1794	8963	0	310095
23674	295488	7296	1714	4083	0	308581
23675	8184	3244	285840	2743	0	300011
23676	3347	2440	7097	284641	0	297525
23677	2580	1967	3161	292163	0	299871
23678	2174	1866	276949	9401	0	290390
23679	2005	280447	7463	4740	0	294655
23680	2140	7530	3170	280552	0	293392
23681	1970	3100	2296	293532	0	300898
23682	284693	2373	1639	9734	0	298439
23683	7541	278276	1461	5459	0	292737
23684	3458	7617	1276	280793	0	293144
23685	2498	275609	1525	8479	0	288111
23686	2217	7981	1357	284763	0	296318
23687	280653	3222	1274	9195	0	294344
23688	283996	2394	1320	4287	0	291997
23689	9502	1762	1187	279869	0	292320
23690	278039	1708	1191	8920	0	289858
23691	278160	1652	1295	4025	0	285132
23692	9807	271063	1147	3527	0	285544
23693	4838	7378	1005	268777	0	281998
23694	3551	270501	1121	8006	0	283179
23695	2705	8347	837	274480	0	286369
23696	270620	3523	867	9051	0	284061
23697	8161	2768	873	271289	0	283091
23698	3890	2342	783	276941	0	283956
23699	3237	2122	259009	10479	0	274847
23700	2716	252067	6242	5296	0	266321
23701	2494	267073	2225	3939	0	275731
23702	259545	8682	1644	3348	0	273219
23703	6603	4207	913	214907	0	226630
23704	197772	2011	720	6350	0	206853
23705	6295	189422	710	3305	0	199732
23706	2731	180582	639	2491	0	186443
23707	1955	188094	700	2016	0	192765
23708	161229	5570	3085	1470	0	171354
23709	3690	159808	572	1407	0	165477
23710	156299	3230	1944	1182	0	162655
23711	152627	991	405	821	0	154844
23712	156714	722	285	733	0	158454
23713	3661	667	234	165535	0	170097
23714	1298	631	276	172002	0	174207
23715	942	560	256	174625	0	176383
23716	758	574	262	174328	0	175922
23717	171202	460	271	5135	0	177068
23718	3888	164506	371	2129	0	170894
23719	1395	3522	267	170898	0	176082
23720	172771	1070	320	4191	0	178352
23721	4001	627	259	169759	0	174646
23722	1420	734	257	172036	0	174447
23723	170508	467	251	4917	0	176143
23724	4119	617	164391	1827	0	170954
23725	1351	526	3153	166243	0	171273
23726	998	458	168456	4192	0	174104
23727	770	455	3310	167489	0	172024
23728	726	1015	983	170798	0	173522
23729	165772	350	494	4680	0	171296
23730	3506	158707	494	1996	0	164703
23731	1137	157701	354	1221	0	160413
23732	152571	3146	335	719	0	156771
23733	2866	154803	283	732	0	158684
23734	158826	2518	573	657	0	162574
23735	3148	830	152884	624	0	157486
23736	141536	288	1673	367	0	143864
23737	146227	147	449	381	0	147204
23738	147132	128	200	329	0	147789
23739	2295	158	126	142248	0	144827
23740	793	147	106	143075	0	144121
23741	410	139830	187	2218	0	142645
23742	378	2044	94	143581	0	146097
23743	141450	516	84	2026	0	144076
23744	1722	139455	177	832	0	142186
23745	502	141494	126	460	0	142582
23746	143448	1808	67	253	0	145576
23747	1763	671	141311	217	0	143962
23748	616	325	1432	138244	0	140617
23749	433	282	143724	1675	0	146114
23750	282	151	1500	141003	0	142936
23751	242	139908	595	1583	0	142328
23752	261	1491	178	148853	0	150783
23753	146348	448	109	1703	0	148608
23754	1571	260	88	146115	0	148034
23755	644	236	149459	1823	0	152162
23756	138158	214	1636	711	0	140719
23757	1810	147339	711	535	0	150395
23758	742	158665	339	474	0	160220
23759	168512	2245	136	245	0	171138
23760	177322	858	149	304	0	178633
23761	3541	530	175877	265	0	180213
23762	169149	263	2743	301	0	172456
23763	3141	173349	947	465	0	177902
23764	181269	2772	367	319	0	184727
23765	3284	1134	216	173951	0	178585
23766	1175	164168	259	2614	0	168216
23767	172373	2832	164	953	0	176322
23768	3473	1150	169598	460	0	174681
23769	1316	524	2727	169801	0	174368
23770	177954	338	1076	3163	0	182531
23771	3489	366	174070	1234	0	179159
23772	175496	315	2939	709	0	179459
23773	3458	318	957	175099	0	179832
23774	1447	320	440	180041	0	182248
23775	939	328	179501	4085	0	184853
23776	660	253	2959	178189	0	182061
23777	182925	209	1027	3721	0	187882
23778	3166	175650	679	1662	0	181157
23779	183311	2968	334	935	0	187548
23780	185365	1114	296	762	0	187537
23781	4272	598	213	181729	0	186812
23782	1802	768	185783	3588	0	191941
23783	959	451	3140	185036	0	189586
23784	189283	310	1056	3859	0	194508
23785	3479	181327	743	1831	0	187380
23786	191312	3086	393	934	0	195725
23787	3948	1162	310	188892	0	194312
23788	1687	588	277	192404	0	194956
23789	1021	416	367	195742	0	197546
23790	926	409	187927	4956	0	194218
23791	747	356	3233	190918	0	195254
23792	873	465	190656	4160	0	196154
23793	903	577	191085	1720	0	194285
23794	769	445	4181	209693	0	215088
23795	920	559	211770	4671	0	217920
23796	230458	384	4509	2288	0	237639
23797	5635	390	1869	245417	0	253311
23798	2789	364	1022	244436	0	248611
23799	1335	245733	870	7997	0	255935
23800	253987	5679	695	3422	0	263783
23801	264904	2503	583	1765	0	269755
23802	8611	263116	678	1593	0	273998
23803	3818	6188	468	269673	0	280147
23804	2150	2912	265180	6705	0	276947
23805	256570	1246	6197	3420	0	267433
23806	274265	763	2631	1945	0	279604
23807	8988	776	1289	260702	0	271755
23808	4220	794	249302	7003	0	261319
23809	2114	244855	6224	3906	0	257099
23810	248036	6211	2681	1811	0	258739
23811	7591	2991	242724	1392	0	254698
23812	3392	239905	6485	1400	0	251182
23813	234819	5488	3102	879	0	244288
23814	236095	2372	1188	877	0	240532
23815	7780	1173	914	228790	0	238657
23816	3653	231327	859	5453	0	241292
23817	2133	5651	605	246435	0	254824
23818	1521	2597	640	250527	0	255285
23819	1333	1304	688	248951	0	252276
23820	1145	935	615	252707	0	255402
23821	1423	895	239811	9278	0	251407
23822	1288	817	5556	244960	0	252621
23823	1176	737	2482	253350	0	257745
23824	1417	854	239980	8950	0	251201
23825	1117	237469	5935	4773	0	249294
23826	246219	5802	2671	2610	0	257302
23827	249678	2686	1383	2103	0	255850
23828	8269	1390	1030	248891	0	259580
23829	250979	899	988	6966	0	259832
23830	7503	852	780	253818	0	262953
23831	3861	844	252053	8091	0	264849
23832	2476	1065	248923	4119	0	256583
23833	1573	243211	8128	3088	0	256000
23834	251067	5904	3350	2150	0	262471
23835	7350	2933	261604	2045	0	273932
23836	3853	1727	7066	249103	0	261749
23837	2437	1076	3353	279194	0	286060
23838	1888	920	1850	290513	0	295171
23839	1673	841	1394	290951	0	294859
23840	1536	1014	1265	293497	0	297312
23841	1751	1170	273220	13276	0	289417
23842	1657	945	7578	283152	0	293332
23843	277964	1286	3743	10646	0	293639
23844	8407	271216	2112	6289	0	288024
23845	276366	7586	1457	3665	0	289074
23846	8956	275140	1500	3198	0	288794
23847	279734	8545	1221	2823	0	292323
23848	287230	3934	1346	2602	0	295112
23849	11824	2038	1408	277088	0	292358
23850	5807	1395	1209	285918	0	294329
23851	278509	1188	1249	12205	0	293151
23852	271486	1215	1376	6287	0	280364
23853	277254	1300	1238	3893	0	283685
23854	11978	261952	1435	3274	0	278639
23855	5496	267062	1330	2903	0	276791
23856	3720	9833	255694	2750	0	271997
23857	2624	4394	7226	257375	0	271619
23858	2385	2256	248946	9620	0	263207
23859	2029	244031	7905	6228	0	260193
23860	2022	6508	3466	238758	0	250754
23861	1641	3221	1722	242892	0	249476
23862	1672	1816	1227	249779	0	254494
23863	239349	1454	1067	10971	0	252841
23864	240347	1269	1043	6101	0	248760
23865	9441	236313	1303	3938	0	250995
23866	4802	6357	1282	243340	0	255781
23867	3129	3455	235635	8105	0	250324
23868	2477	2182	230671	4731	0	240061
23869	234056	1627	8651	3078	0	247412
23870	240657	1319	4121	2615	0	248712
23871	9929	1131	2145	235918	0	249123
23872	240166	1043	1649	8165	0	251023
23873	8773	1177	228223	5026	0	243199
23874	4671	227141	6708	3809	0	242329
23875	2868	6311	3605	233164	0	245948
23876	2432	3486	234214	8144	0	248276
23877	2044	2112	6906	238756	0	249818
23878	2064	1483	3696	244597	0	251840
23879	2056	1445	236544	10916	0	250961
23880	229367	1093	6651	6591	0	243702
23881	244554	1116	3412	4501	0	253583
23882	9219	247849	2064	4358	0	263490
23883	259585	7001	1512	3509	0	271607
23884	267996	3591	1505	3296	0	276388
23885	11674	2089	256886	3107	0	273756
23886	257902	1514	7626	2994	0	270036
23887	10117	269655	3803	3018	0	286593
23888	277611	7899	2035	2462	0	290007
23889	286255	3969	1584	2225	0	294033
23890	292476	2389	1458	2219	0	298542
23891	285287	1701	1377	2245	0	290610
23892	287521	1550	1249	2410	0	292730
23893	13676	274548	1334	2985	0	292543
23894	258527	7446	1190	2081	0	269244
23895	9703	254266	1233	2238	0	267440
23896	3547	222395	933	1594	0	228469
23897	2082	228530	679	1378	0	232669
23898	224279	7422	3445	1200	0	236346
23899	225761	2695	960	1193	0	230609
23900	8012	1811	218095	1025	0	228943
23901	225614	958	5276	1005	0	232853
23902	230826	845	2135	1001	0	234807
23903	9111	955	223909	1062	0	235037
23904	3882	757	6351	223916	0	234906
23905	2390	791	2437	230973	0	236591
23906	1954	757	1132	236739	0	240582
23907	1799	781	764	239157	0	242501
23908	1617	697	651	241093	0	244058
23909	1740	896	222907	9910	0	235453
23910	1570	224799	6490	4150	0	237009
23911	224226	6584	2394	1895	0	235099
23912	7310	224783	1344	1622	0	235059
23913	229247	7275	1106	1177	0	238805
23914	230788	2854	883	1237	0	235762
23915	9950	1692	216209	1121	0	228972
23916	4208	1633	6305	200580	0	212726
23917	2428	210180	2587	6068	0	221263
23918	214418	6328	1614	2571	0	224931
23919	216427	2488	959	1695	0	221569
23920	218011	1388	853	1293	0	221545
23921	9485	213122	766	1379	0	224752
23922	217939	6421	865	996	0	226221
23923	220905	2591	673	1013	0	225182
23924	220498	1550	630	955	0	223633
23925	9883	1147	665	209887	0	221582
23926	4613	1023	632	214974	0	221242
23927	3051	938	616	219393	0	223998
23928	209572	1079	713	8693	0	220057
23929	7785	209878	642	3531	0	221836
23930	212513	6396	573	1652	0	221134
23931	209711	2639	603	1040	0	213993
23932	205684	1483	572	919	0	208658
23933	203799	1130	594	745	0	206268
23934	10169	194543	550	1079	0	206341
23935	177516	5641	436	640	0	184233
23936	7663	174139	447	888	0	183137
23937	3359	169922	326	699	0	174306
23938	165672	5638	328	613	0	172251
23939	5802	160975	321	800	0	167898
23940	3013	166713	291	766	0	170783
23941	167068	5761	339	581	0	173749
23942	169703	2420	231	548	0	172902
23943	7006	1535	267	162388	0	171196
23944	3526	1252	248	167330	0	172356
23945	168150	1164	290	5612	0	175216
23946	173298	1078	332	2088	0	176796
23947	174448	1242	330	1146	0	177166
23948	7732	1176	161076	802	0	170786
23949	170058	1148	4109	800	0	176115
23950	6605	1151	1423	168749	0	177928
23951	3531	1047	771	172531	0	177880
23952	2557	1170	570	174172	0	178469
23953	2302	1023	490	175950	0	179765
23954	2194	1112	165325	6738	0	175369
23955	2264	1049	168105	2840	0	174258
23956	2173	1019	5313	169136	0	177641
23957	2189	1186	168599	5548	0	177522
23958	2386	1065	170532	2503	0	176486
23959	2368	1017	5678	169082	0	178145
23960	2280	952	2176	176923	0	182331
23961	2137	891	1343	181137	0	185508
23962	2135	1063	945	181121	0	185264
23963	178356	978	838	7485	0	187657
23964	186948	993	842	3476	0	192259
23965	7601	919	818	180809	0	190147
23966	3934	844	880	183388	0	189046
23967	2885	919	890	184150	0	188844
23968	2486	774	904	183722	0	187886
23969	2353	840	837	181358	0	185388
23970	2242	174741	939	7967	0	185889
23971	178029	4975	840	3956	0	187800
23972	6090	176840	869	3105	0	186904
23973	181882	5455	754	2670	0	190761
23974	183735	2268	592	2522	0	189117
23975	184187	1531	706	2199	0	188623
23976	8270	1219	582	171996	0	182067
23977	172137	1089	546	6142	0	179914
23978	7298	1110	542	169703	0	178653
23979	3944	1264	593	169887	0	175688
23980	166277	1070	431	7187	0	174965
23981	6890	158693	517	3429	0	169529
23982	3269	150912	306	2173	0	156660
23983	148271	4751	288	1611	0	154921
23984	5737	1940	140199	1478	0	149354
23985	136216	1389	3042	1412	0	142059
23986	5480	1366	995	135500	0	143341
23987	2831	124872	554	3870	0	132127
23988	2361	129141	352	1887	0	133741
23989	127713	3552	395	1409	0	133069
23990	3887	2053	167	124436	0	130543
23991	2104	127773	223	3292	0	133392
23992	129727	2788	331	1551	0	134397
23993	130912	1174	178	1191	0	133455
23994	131342	984	160	1033	0	133519
23995	132254	792	145	889	0	134080
23996	4303	121623	287	982	0	127195
23997	1748	121217	147	770	0	123882
23998	124558	2714	124	567	0	127963
23999	126814	1190	262	583	0	128849
24000	3588	776	120370	517	0	125251
24001	993	111192	1349	475	0	114009
24002	112300	1257	510	255	0	114322
24003	116281	415	143	236	0	117075
24004	2038	353	115509	220	0	118120
24005	111801	232	1495	270	0	113798
24006	2221	197	121109	176	0	123703
24007	717	189	128974	143	0	130023
24008	467	293	2397	118405	0	121562
24009	222	123192	854	2050	0	126318
24010	134308	2181	337	515	0	137341
24011	2408	577	146	134179	0	137310
24012	754	312	128	136736	0	137930
24013	491	205	101	139061	0	139858
24014	136441	144	109	3207	0	139901
24015	2514	127	102	136279	0	139022
24016	768	107	99	141848	0	142822
24017	562	171	138428	3144	0	142305
24018	136393	107	2456	1157	0	140113
24019	144658	137	620	689	0	146104
24020	3658	227	140929	413	0	145227
24021	137876	144	2769	336	0	141125
24022	3334	131	717	139095	0	143277
24023	1034	138030	462	3038	0	142564
24024	698	2818	217	143498	0	147231
24025	140719	715	202	3263	0	144899
24026	2945	141056	264	1172	0	145437
24027	1021	2803	158	144584	0	148566
24028	681	800	209	147658	0	149348
24029	544	428	202	147380	0	148554
24030	553	267	180	141046	0	142046
24031	490	144664	263	3857	0	149274
24032	148138	3029	238	1370	0	152775
24033	149561	869	251	902	0	151583
24034	4056	150743	272	839	0	155910
24035	167761	3515	178	647	0	172101
24036	173499	1028	192	635	0	175354
24037	172692	645	190	657	0	174184
24038	6349	508	164936	637	0	172430
24039	2430	376	4083	166019	0	172908
24040	1598	533	161704	4729	0	168564
24041	161685	284	4430	1833	0	168232
24042	4866	163846	1504	1411	0	171627
24043	163386	4262	854	804	0	169306
24044	5155	165091	522	862	0	171630
24045	2115	4884	452	158427	0	165878
24046	1501	1648	430	164401	0	167980
24047	1332	1240	158594	5531	0	166697
24048	1074	160399	4363	2408	0	168244
24049	162842	4762	1584	1317	0	170505
24050	5346	1792	159682	983	0	167803
24051	159713	1047	4737	918	0	166415
24052	5663	740	1660	162377	0	170440
24053	2554	842	159562	5214	0	168172
24054	1645	159400	4803	2286	0	168134
24055	1363	4745	1709	163120	0	170937
24056	1300	1865	161094	5266	0	169525
24057	1359	1330	160436	2163	0	165288
24058	1126	156043	5834	1633	0	164636
24059	1277	4724	2199	155768	0	163968
24060	1072	1799	1264	154303	0	158438
24061	1007	153526	1033	5797	0	161363
24062	156412	4813	919	2363	0	164507
24063	5288	1892	803	151966	0	159949
24064	2246	148414	921	5215	0	156796
24065	154455	4819	812	2260	0	162346
24066	154316	1923	857	1680	0	158776
24067	157806	1272	880	1338	0	161296
24068	6800	151806	913	1409	0	160928
24069	157048	4877	882	1203	0	164010
24070	157758	1995	832	1187	0	161772
24071	6769	1446	792	153235	0	162242
24072	155014	1128	706	5429	0	162277
24073	6283	1109	588	155330	0	163310
24074	3000	1099	149823	6054	0	159976
24075	2247	1001	153630	2774	0	159652
24076	1668	938	5779	156322	0	164707
24077	1689	945	155434	5961	0	164029
24078	152824	879	5476	2737	0	161916
24079	5812	887	2182	158603	0	167484
24080	2784	885	1480	162148	0	167297
24081	2306	882	153950	6947	0	164085
24082	1730	148035	5262	3367	0	158394
24083	1740	159159	2166	2227	0	165292
24084	1607	5860	1323	154867	0	163657
24085	1459	2363	1051	160002	0	164875
24086	1636	1618	150768	6712	0	160734
24087	1566	1360	154636	3055	0	160617
24088	1494	1162	6018	156571	0	165245
24089	1579	1114	150974	6106	0	159773
24090	149262	1129	5593	2853	0	158837
24091	6057	1068	2144	150434	0	159703
24092	151208	939	1523	6315	0	159985
24093	6331	990	1165	150161	0	158647
24094	2811	1127	1142	155729	0	160809
24095	2313	1013	145254	7332	0	155912
24096	1829	146913	5253	3640	0	157635
24097	1780	5135	2084	152120	0	161119
24098	1682	2063	146789	6276	0	156810
24099	1442	142319	5281	2969	0	152011
24100	1474	4778	2379	149421	0	158052
24101	149856	1923	1894	5952	0	159625
24102	5582	1381	148284	2884	0	158131
24103	141754	847	5285	1998	0	149884
24104	5903	953	140473	1563	0	148892
24105	129065	634	5252	1525	0	136476
24106	5023	130708	2384	1525	0	139640
24107	1909	126340	1491	1281	0	131021
24108	1330	5390	1296	120120	0	128136
24109	993	121052	992	3991	0	127028
24110	121099	4047	889	2071	0	128106
24111	3765	1669	905	121591	0	127930
24112	1570	1211	770	123935	0	127486
24113	980	911	642	125872	0	128405
24114	829	892	117552	5606	0	124879
24115	795	734	3555	120021	0	125105
24116	998	779	115446	4813	0	122036
24117	805	112503	3987	2342	0	119637
24118	108040	3071	1464	1523	0	114098
24119	3280	111201	1106	1270	0	116857
24120	115460	3249	906	1182	0	120797
24121	117718	1344	729	987	0	120778
24122	118077	953	614	1026	0	120670
24123	116949	712	640	957	0	119258
24124	4658	745	111495	940	0	117838
24125	2039	673	3077	111667	0	117456
24126	1394	683	1376	113306	0	116759
24127	1039	596	971	116806	0	119412
24128	109157	590	806	4598	0	115151
24129	110091	513	854	2222	0	113680
24130	4086	110773	708	1835	0	117402
24131	1903	2680	106889	1156	0	112628
24132	1425	1040	106648	1047	0	110160
24133	959	103399	3503	1077	0	108938
24134	825	104584	1610	1029	0	108048
24135	2715	2560	1493	87490	0	94258
24136	481	690	334	86508	0	88013
24137	87683	432	240	2038	0	90393
24138	1650	85559	316	1057	0	88582
24139	665	1513	291	91105	0	93574
24140	544	586	94456	1924	0	97510
24141	436	350	1563	98773	0	101122
24142	377	320	685	101978	0	103360
24143	387	242	398	103695	0	104722
24144	342	228	309	102970	0	103849
24145	495	317	97958	2525	0	101295
24146	437	94303	1738	1172	0	97650
24147	406	98226	579	699	0	99910
24148	95617	1705	364	423	0	98109
24149	1507	94290	346	417	0	96560
24150	516	99538	295	352	0	100701
24151	513	1796	328	99221	0	101858
24152	308	619	248	99523	0	100698
24153	279	436	224	99830	0	100769
24154	370	390	97070	2058	0	99888
24155	296	94839	1411	1045	0	97591
24156	309	1600	415	97339	0	99663
24157	263	96961	347	1677	0	99248
24158	99353	1475	307	828	0	101963
24159	1385	97603	342	752	0	100082
24160	99506	1490	278	695	0	101969
24161	1521	629	97117	575	0	99842
24162	97557	464	1419	505	0	99945
24163	1536	458	458	99427	0	101879
24164	634	500	99523	1611	0	102268
24165	97294	426	1371	601	0	99692
24166	99886	467	404	465	0	101222
24167	100206	417	292	448	0	101363
24168	1882	431	261	98110	0	100684
24169	763	376	97567	1759	0	100465
24170	96140	279	1428	872	0	98719
24171	1609	274	499	102283	0	104665
24172	591	272	375	103231	0	104469
24173	541	348	104621	2030	0	107540
24174	423	101911	1482	928	0	104744
24175	460	1661	413	103049	0	105583
24176	388	103003	373	1485	0	105249
24177	104936	1625	249	521	0	107331
24178	105107	567	270	443	0	106387
24179	1777	405	229	103303	0	105714
24180	104208	298	279	1616	0	106401
24181	1613	101731	314	783	0	104441
24182	104598	1353	229	570	0	106750
24183	1628	103691	231	578	0	106128
24184	700	1422	234	105148	0	107504
24185	546	492	228	103887	0	105153
24186	451	104346	275	1685	0	106757
24187	389	1613	220	105645	0	107867
24188	530	552	102861	1729	0	105672
24189	342	99480	1325	793	0	101940
24190	100239	1059	317	481	0	102096
24191	1065	98659	363	545	0	100632
24192	411	1142	188	101112	0	102853
24193	449	510	99804	1240	0	102003
24194	321	347	1005	100357	0	102030
24195	290	370	262	102471	0	103393
24196	101000	212	241	1648	0	103101
24197	1390	239	99642	689	0	101960
24198	477	97176	1226	937	0	99816
24199	411	1353	106062	461	0	108287
24200	371	490	102618	432	0	103911
24201	368	410	102825	283	0	103886
24202	645	1206	1136	98280	0	101267
24203	104581	290	546	1276	0	106693
24204	1135	101309	263	502	0	103209
24205	108655	1226	143	231	0	110255
24206	112042	322	126	246	0	112736
24207	1417	215	133	109935	0	111700
24208	354	109189	175	1330	0	111048
24209	111552	1250	118	378	0	113298
24210	1182	109820	163	521	0	111686
24211	325	1318	124	112550	0	114317
24212	243	338	117	116304	0	117002
24213	202	113376	182	1583	0	115343
24214	211	1239	141	117537	0	119128
24215	274	462	112545	1419	0	114700
24216	239	395	112147	387	0	113168
24217	219	203	1410	114753	0	116585
24218	170	194	397	117868	0	118629
24219	285	211	111769	1594	0	113859
24220	271	226	109804	486	0	110787
24221	101951	198	1470	398	0	104017
24222	1331	105854	506	365	0	108056
24223	468	115532	310	345	0	116655
24224	341	1523	208	113225	0	115297
24225	248	444	179	114055	0	114926
24226	229	273	151	116151	0	116804
24227	295	282	112852	1634	0	115063
24228	266	320	110186	522	0	111294
24229	204	206	1404	114311	0	116125
24230	297	248	113464	1567	0	115576
24231	191	108727	1608	765	0	111291
24232	114061	1396	638	403	0	116498
24233	1534	421	113116	354	0	115425
24234	460	348	113174	332	0	114314
24235	253	195	1611	113850	0	115909
24236	354	287	126498	1745	0	128884
24237	196	126188	1978	995	0	129357
24238	212	1850	520	135447	0	138029
24239	361	583	130672	2210	0	133826
24240	200	125228	2115	825	0	128368
24241	126429	2007	703	435	0	129574
24242	2265	649	431	124353	0	127698
24243	571	427	297	126896	0	128191
24244	126125	280	265	2488	0	129158
24245	1959	123006	318	1118	0	126401
24246	126833	2015	237	584	0	129669
24247	127078	624	227	487	0	128416
24248	127214	419	237	471	0	128341
24249	2669	308	223	124367	0	127567
24250	121938	250	243	2196	0	124627
24251	2350	117207	363	823	0	120743
24252	877	121235	279	638	0	123029
24253	123586	2364	299	429	0	126678
24254	2384	834	238	124393	0	127849
24255	895	643	234	125614	0	127386
24256	599	435	224	127290	0	128548
24257	503	482	118602	3118	0	122705
24258	425	118386	2136	1317	0	122264
24259	400	2230	664	125309	0	128603
24260	124873	750	441	2771	0	128835
24261	2331	515	364	125242	0	128452
24262	883	472	121359	2867	0	125581
24263	617	119888	2313	1230	0	124048
24264	125747	2318	768	902	0	129735
24265	125380	828	557	712	0	127477
24266	125592	623	474	619	0	127308
24267	3185	510	391	125400	0	129486
24268	1402	500	125763	2705	0	130370
24269	1020	594	129727	1110	0	132451
24270	735	131060	3305	985	0	136085
24271	800	3060	1035	135193	0	140088
24272	665	964	619	139537	0	141785
24273	130743	630	496	4155	0	136024
24274	3310	542	395	134144	0	138391
24275	136690	469	439	4000	0	141598
24276	3946	523	131839	1531	0	137839
24277	1452	528	134972	1172	0	138124
24278	1012	383	3827	133820	0	139042
24279	815	364	1312	137423	0	139914
24280	694	404	780	141912	0	143790
24281	142085	398	633	4966	0	148082
24282	148744	382	641	1905	0	151672
24283	4738	381	556	149107	0	154782
24284	1766	381	144972	4814	0	151933
24285	1182	419	149447	2039	0	153087
24286	857	352	4938	150684	0	156831
24287	152787	319	1839	4912	0	159857
24288	4564	401	1063	152070	0	158098
24289	1729	378	810	156909	0	159826
24290	1239	380	150940	6153	0	158712
24291	987	420	150195	2570	0	154172
24292	146424	300	5393	1808	0	153925
24293	4935	399	149106	1441	0	155881
24294	1932	378	4702	145794	0	152806
24295	1286	253	1874	151189	0	154602
24296	148165	186	1309	5739	0	155399
24297	4603	143322	1152	2707	0	151784
24298	143756	3921	977	1647	0	150301
24299	4687	137144	858	1419	0	144108
24300	138272	4135	841	1250	0	144498
24301	4974	1415	132950	1290	0	140629
24302	124169	846	4625	1158	0	130798
24303	130148	532	1580	1043	0	133303
24304	5220	639	1049	128171	0	135079
24305	2353	498	123821	4182	0	130854
24306	1595	362	3964	121647	0	127568
24307	1248	376	1627	122977	0	126228
24308	1131	119291	1169	5504	0	127095
24309	1094	3472	880	119067	0	124513
24310	1117	119515	803	4726	0	126161
24311	1111	3877	765	121372	0	127125
24312	118774	1425	673	4992	0	125864
24313	4253	862	682	120874	0	126671
24314	1971	706	116289	4997	0	123963
24315	117772	579	3886	2475	0	124712
24316	4731	562	118625	1813	0	125731
24317	120017	428	4291	1574	0	126310
24318	123301	427	1757	1485	0	126970
24319	5530	118569	1336	1492	0	126927
24320	2462	125806	1147	1349	0	130764
24321	124081	4823	1033	1283	0	131220
24322	128390	1790	1001	1188	0	132369
24323	125054	1007	813	1336	0	128210
24324	124823	777	740	1471	0	127811
24325	125015	669	704	1381	0	127769
24326	6449	619	741	120013	0	127822
24327	3072	596	773	124932	0	129373
24328	2277	655	117081	5691	0	125704
24329	118136	485	4094	2536	0	125251
24330	5187	505	1762	118859	0	126313
24331	2519	593	1210	122706	0	127028
24332	2054	678	114298	6035	0	123065
24333	1808	113037	4262	2997	0	122104
24334	1760	119167	1821	2098	0	124846
24335	115292	4987	1353	1760	0	123392
24336	104516	1608	1080	1411	0	108615
24337	5308	96520	929	1247	0	104004
24338	2252	96326	780	1126	0	100484
24339	95644	3861	1073	1085	0	101663
24340	99441	1367	697	1081	0	102586
24341	4847	825	595	95426	0	101693
24342	2301	739	626	97613	0	101279
24343	1695	626	590	100621	0	103532
24344	96222	532	595	5057	0	102406
24345	98741	635	627	2274	0	102277
24346	4972	638	628	97987	0	104225
24347	100829	600	624	4419	0	106472
24348	5032	677	97041	2098	0	104848
24349	2450	815	3584	100658	0	107507
24350	1934	649	96621	4532	0	103736
24351	1566	97396	4033	2128	0	105123
24352	1700	3821	1842	98773	0	106136
24353	97370	1272	1000	4400	0	104042
24354	4453	879	781	96873	0	102986
24355	2155	708	684	99653	0	103200
24356	1759	726	93979	5224	0	101688
24357	1687	768	94697	2418	0	99570
24358	1528	96624	4125	1775	0	104052
24359	98841	3534	1402	1314	0	105091
24360	101000	1372	915	1280	0	104567
24361	100880	902	708	1282	0	103772
24362	101368	638	716	1292	0	104014
24363	5480	584	675	97194	0	103933
24364	2581	594	679	96366	0	100220
24365	1942	96566	641	4741	0	103890
24366	97864	3480	691	2075	0	104110
24367	100020	1239	683	1577	0	103519
24368	5167	872	90647	1194	0	97880
24369	80038	589	2694	939	0	84260
24370	3798	81409	1107	811	0	87125
24371	1951	3329	650	79263	0	85193
24372	1470	81945	500	3036	0	86951
24373	81520	3104	747	1460	0	86831
24374	3377	80846	540	1027	0	85790
24375	1756	2628	304	78304	0	82992
24376	1175	984	319	80337	0	82815
24377	1020	633	313	78266	0	80232
24378	947	74521	373	3768	0	79609
24379	1014	3146	398	76088	0	80646
24380	976	1548	426	75383	0	78333
24381	765	65945	325	3296	0	70331
24382	668	63950	283	1246	0	66147
24383	59684	2169	351	726	0	62930
24384	2080	59727	219	736	0	62762
24385	56261	1673	237	413	0	58584
24386	1997	702	53578	477	0	56754
24387	762	53160	1305	524	0	55751
24388	53815	1544	538	397	0	56294
24389	53824	594	246	433	0	55097
24390	1950	395	52749	454	0	55548
24391	797	359	1340	52170	0	54666
24392	651	383	52850	1598	0	55482
24393	460	51636	1361	775	0	54232
24394	52029	1527	480	523	0	54559
24395	1489	51609	296	446	0	53840
24396	753	1522	178	51622	0	54075
24397	551	686	157	53607	0	55001
24398	466	441	52071	1888	0	54866
24399	459	370	50730	903	0	52462
24400	49681	387	1526	527	0	52121
24401	52127	398	512	450	0	53487
24402	52316	349	299	439	0	53403
24403	52091	331	238	460	0	53120
24404	1902	50699	244	402	0	53247
24405	859	1503	210	51050	0	53622
24406	631	643	221	51143	0	52638
24407	551	50849	229	1675	0	53304
24408	52850	1422	223	735	0	55230
24409	53470	641	278	544	0	54933
24410	1917	406	51715	449	0	54487
24411	52472	316	1313	387	0	54488
24412	1683	373	515	52345	0	54916
24413	829	303	50846	1518	0	53496
24414	579	449	1559	50578	0	53165
24415	532	370	51527	1577	0	54006
24416	515	279	49405	674	0	50873
24417	563	740	1530	46164	0	48997
24418	311	46178	629	1210	0	48328
24419	47262	1098	393	568	0	49321
24420	45559	438	298	378	0	46673
24421	1471	48997	263	357	0	51088
24422	723	50409	218	332	0	51682
24423	52463	1299	214	265	0	54241
24424	53328	514	187	287	0	54316
24425	53441	387	186	275	0	54289
24426	53652	315	193	240	0	54400
24427	1562	269	166	53941	0	55938
24428	827	254	53193	1251	0	55525
24429	535	52938	1065	528	0	55066
24430	53687	1076	356	307	0	55426
24431	1193	54059	252	282	0	55786
24432	54264	1129	337	193	0	55923
24433	54439	421	170	207	0	55237
24434	1458	292	54431	226	0	56407
24435	595	57196	1027	194	0	59012
24436	443	1041	444	58476	0	60404
24437	337	424	249	59598	0	60608
24438	261	320	188	59083	0	59852
24439	58799	224	146	1400	0	60569
24440	56722	252	127	585	0	57686
24441	57379	220	135	316	0	58050
24442	1462	56649	140	315	0	58566
24443	56524	943	122	204	0	57793
24444	1131	56133	153	277	0	57694
24445	561	1047	55777	243	0	57628
24446	375	55814	734	212	0	57135
24447	454	1025	474	52789	0	54742
24448	165	218	108	52414	0	52905
24449	181	149	52176	666	0	53172
24450	157	129	521	50801	0	51608
24451	158	106	182	52305	0	52751
24452	52975	104	118	684	0	53881
24453	52102	106	85	291	0	52584
24454	53075	86	92	173	0	53426
24455	755	52806	115	163	0	53839
24456	53347	547	103	129	0	54126
24457	52043	190	67	157	0	52457
24458	715	53767	117	158	0	54757
24459	334	628	75	54673	0	55710
24460	246	254	79	54960	0	55539
24461	55183	148	85	824	0	56240
24462	803	135	53872	297	0	55107
24463	276	52423	599	278	0	53576
24464	202	822	141	51525	0	52690
24465	179	50786	127	610	0	51702
24466	170	52569	77	220	0	53036
24467	53044	627	142	136	0	53949
24468	52845	191	80	117	0	53233
24469	677	148	56	52522	0	53403
24470	295	98	47	52271	0	52711
24471	220	104	56	52490	0	52870
24472	169	99	54	52308	0	52630
24473	193	95	50759	765	0	51812
24474	173	149	47942	378	0	48642
24475	156	104	571	51747	0	52578
24476	236	130	54319	707	0	55392
24477	159	53142	666	467	0	54434
24478	56696	666	141	200	0	57703
24479	57475	187	117	165	0	57944
24480	830	159	98	57266	0	58353
24481	303	119	62	57729	0	58213
24482	199	174	77	58339	0	58789
24483	138	57485	122	902	0	58647
24484	59563	700	89	323	0	60675
24485	59735	224	99	236	0	60294
24486	1065	177	58970	193	0	60405
24487	332	128	815	63940	0	65215
24488	259	173	65402	1354	0	67188
24489	210	118	1201	71623	0	73152
24490	203	138	205	71824	0	72370
24491	217	143	155	72211	0	72726
24492	199	141	105	74441	0	74886
24493	73884	120	110	2083	0	76197
24494	74991	147	98	694	0	75930
24495	76369	121	101	436	0	77027
24496	2170	147	85	75495	0	77897
24497	761	152	73218	1814	0	75945
24498	72674	114	1533	532	0	74853
24499	1807	131	375	75429	0	77742
24500	75699	124	242	1884	0	77949
24501	1891	131	129	75284	0	77435
24502	533	72558	251	1982	0	75324
24503	435	76706	157	705	0	78003
24504	343	1832	127	77953	0	80255
24505	320	481	93	78335	0	79229
24506	292	274	87	78787	0	79440
24507	288	76034	146	2352	0	78820
24508	76371	1695	129	729	0	78924
24509	1747	75781	146	611	0	78285
24510	515	1901	75005	411	0	77832
24511	368	443	1615	76044	0	78470
24512	222	78429	426	1938	0	81015
24513	293	1886	264	79077	0	81520
24514	227	453	151	80862	0	81693
24515	287	355	78000	2527	0	81169
24516	74791	196	1756	988	0	77731
24517	1978	80194	447	741	0	83360
24518	83468	1918	252	504	0	86142
24519	85395	469	157	498	0	86519
24520	85585	381	165	460	0	86591
24521	2764	262	78324	461	0	81811
24522	895	208	1942	77653	0	80698
24523	568	214	433	80901	0	82116
24524	442	245	77287	2656	0	80630
24525	72412	231	2031	1050	0	75724
24526	2277	248	77580	775	0	80880
24527	675	260	75326	545	0	76806
24528	464	73676	2097	626	0	76863
24529	536	1840	577	75765	0	78718
24530	412	510	75596	2040	0	78558
24531	72435	325	1832	706	0	75298
24532	75532	289	486	584	0	76891
24533	2341	245	75012	422	0	78020
24534	756	226	1824	75025	0	77831
24535	575	258	75032	2094	0	77959
24536	378	74474	1948	796	0	77596
24537	80702	1975	542	757	0	83976
24538	82070	474	409	493	0	83446
24539	82784	383	328	469	0	83964
24540	2756	264	288	80673	0	83981
24541	866	221	255	84088	0	85430
24542	657	263	80293	2704	0	83917
24543	79575	236	2079	925	0	82815
24544	2428	217	599	81653	0	84897
24545	80730	226	583	2446	0	83985
24546	2615	202	79698	943	0	83458
24547	881	241	81507	711	0	83340
24548	649	257	2556	77955	0	81417
24549	500	252	843	83271	0	84866
24550	554	238	80310	2728	0	83830
24551	78313	225	2328	994	0	81860
24552	2438	372	721	78253	0	81784
24553	806	81451	612	2386	0	85255
24554	82780	2101	487	832	0	86200
24555	2480	82552	427	920	0	86379
24556	84333	2292	433	621	0	87679
24557	2826	584	84675	614	0	88699
24558	1049	455	81888	618	0	84010
24559	714	82564	2475	652	0	86405
24560	84869	2124	958	514	0	88465
24561	2632	622	82821	555	0	86630
24562	80829	381	2232	497	0	83939
24563	2602	81565	773	569	0	85509
24564	890	2095	642	84639	0	88266
24565	710	595	505	83708	0	85518
24566	521	84185	547	2436	0	87689
24567	88369	2154	444	931	0	91898
24568	91011	620	441	713	0	92785
24569	92901	455	455	575	0	94386
24570	3107	364	91252	521	0	95244
24571	1090	366	2349	91689	0	95494
24572	781	381	809	93855	0	95826
24573	630	281	671	95993	0	97575
24574	709	366	91906	3067	0	96048
24575	654	89730	2273	1338	0	93995
24576	89320	2221	755	789	0	93085
24577	2567	733	88728	549	0	92577
24578	87395	498	2360	447	0	90700
24579	2610	86561	827	619	0	90617
24580	89863	2207	633	538	0	93241
24581	2702	904	540	88739	0	92885
24582	91384	500	576	2331	0	94791
24583	2683	374	498	91596	0	95151
24584	1085	342	93619	2567	0	97613
24585	925	522	2118	94013	0	97578
24586	782	314	93305	2437	0	96838
24587	85039	239	1836	779	0	87893
24588	1875	87799	765	768	0	91207
24589	811	1443	384	80898	0	83536
24590	428	84298	370	1314	0	86410
24591	85706	1314	388	483	0	87891
24592	84677	384	379	375	0	85815
24593	1612	81681	418	345	0	84056
24594	84200	1155	378	299	0	86032
24595	86792	347	253	346	0	87738
24596	1501	257	243	84762	0	86763
24597	536	240	234	86333	0	87343
24598	89685	189	224	1471	0	91569
24599	91301	210	222	507	0	92240
24600	1860	183	226	90307	0	92576
24601	696	180	227	99549	0	100652
24602	101388	173	271	2041	0	103873
24603	2053	263	99025	654	0	101995
24604	95873	168	1686	456	0	98183
24605	2126	281	96686	380	0	99473
24606	683	95647	1703	440	0	98473
24607	521	1583	579	97276	0	99959
24608	635	489	99098	1662	0	101884
24609	371	103421	1717	654	0	106163
24610	105710	1786	623	523	0	108642
24611	1910	470	105996	301	0	108677
24612	104354	310	1518	264	0	106446
24613	109302	223	390	288	0	110203
24614	109781	205	282	276	0	110544
24615	2111	247	243	103663	0	106264
24616	795	108661	287	1558	0	111301
24617	111084	1510	224	540	0	113358
24618	1884	418	109307	321	0	111930
24619	103501	220	1451	342	0	105514
24620	1790	301	107829	293	0	110213
24621	626	106372	1464	497	0	108959
24622	471	1484	442	110041	0	112438
24623	461	403	273	109628	0	110765
24624	354	107488	290	1774	0	109906
24625	331	1464	233	111286	0	113314
24626	493	502	109157	1688	0	111840
24627	367	108362	1572	609	0	110910
24628	448	1579	425	111250	0	113702
24629	110862	460	299	1688	0	113309
24630	116068	325	232	557	0	117182
24631	2284	269	198	116764	0	119515
24632	820	118552	289	2064	0	121725
24633	559	1900	231	120226	0	122916
24634	536	531	206	120194	0	121467
24635	566	541	109538	2532	0	113177
24636	464	111810	1771	1092	0	115137
24637	355	1712	401	113071	0	115539
24638	454	555	108678	1956	0	111643
24639	322	107227	1689	851	0	110089
24640	410	1813	460	111586	0	114269
24641	111804	541	347	1968	0	114660
24642	1876	111568	311	914	0	114669
24643	728	1794	178	115504	0	118204
24644	118961	557	222	1961	0	121701
24645	120170	419	173	765	0	121527
24646	120793	297	181	589	0	121860
24647	119621	230	220	530	0	120601
24648	2373	319	196	117849	0	120737
24649	934	282	118621	2115	0	121952
24650	582	499	1775	116131	0	118987
24651	430	116796	638	2079	0	119943
24652	121935	1725	421	911	0	124992
24653	2113	653	117178	483	0	120427
24654	114558	418	1714	437	0	117127
24655	2148	351	116340	465	0	119304
24656	820	353	1748	115647	0	118568
24657	753	319	116903	1936	0	119911
24658	580	327	1757	114290	0	116954
24659	734	294	115633	2037	0	118698
24660	541	306	1835	113835	0	116517
24661	116849	279	585	2173	0	119886
24662	1930	119573	522	1050	0	123075
24663	846	1920	294	123756	0	126816
24664	608	552	350	124076	0	125586
24665	691	436	125306	2300	0	128733
24666	592	453	121081	954	0	123080
24667	116034	341	2139	832	0	119346
24668	1908	118916	848	649	0	122321
24669	121577	1546	525	488	0	124136
24670	123550	475	422	446	0	124893
24671	2100	404	408	119389	0	122301
24672	775	121714	405	1838	0	124732
24673	126506	1624	412	762	0	129304
24674	128124	493	354	566	0	129537
24675	129969	414	307	518	0	131208
24676	130028	306	300	486	0	131120
24677	129058	216	399	613	0	130286
24678	2516	349	123322	449	0	126636
24679	124799	262	1746	418	0	127225
24680	2307	483	125181	393	0	128364
24681	1084	378	1841	122775	0	126078
24682	747	211	729	128180	0	129867
24683	799	270	124270	2207	0	127546
24684	120931	240	1913	797	0	123881
24685	2174	267	559	127096	0	130096
24686	900	297	472	129018	0	130687
24687	675	234	338	130447	0	131694
24688	653	213	369	128642	0	129877
24689	585	220	353	130853	0	132011
24690	686	278	128599	2876	0	132439
24691	638	293	2099	127331	0	130361
24692	625	265	129691	2753	0	133334
24693	649	313	127395	1221	0	129578
24694	127127	163	2995	773	0	131058
24695	134890	169	1396	697	0	137152
24696	145458	243	671	622	0	146994
24697	4546	332	146026	637	0	151541
24698	1683	293	148077	655	0	150708
24699	1013	309	150391	654	0	152367
24700	641	150140	5001	944	0	156726
24701	1051	4443	2518	148556	0	156568
24702	154071	1155	926	4031	0	160183
24703	4406	525	564	163696	0	169191
24704	1701	164628	573	5133	0	172035
24705	170461	4579	548	2072	0	177660
24706	5316	1623	509	168090	0	175538
24707	2102	170140	704	5250	0	178196
24708	1445	4882	530	173162	0	180019
24709	1018	1900	579	173221	0	176718
24710	166648	881	621	7023	0	175173
24711	5194	680	574	167542	0	173990
24712	2263	793	160335	6336	0	169727
24713	1475	568	4735	162610	0	169388
24714	1068	155830	2001	6278	0	165177
24715	954	164066	1097	3177	0	169294
24716	825	6207	761	158868	0	166661
24717	737	2446	696	159862	0	163741
24718	777	154671	674	7247	0	163369
24719	774	158358	772	3362	0	163266
24720	711	162689	652	2340	0	166392
24721	839	7329	567	149492	0	158227
24722	723	158296	516	5452	0	164987
24723	156580	6264	531	2575	0	165950
24724	5365	2868	155389	2032	0	165654
24725	2177	1796	4878	153685	0	162536
24726	1276	158224	1993	5633	0	167126
24727	157979	5734	1163	2698	0	167574
24728	5771	2782	154605	1957	0	165115
24729	2253	156365	5093	1863	0	165574
24730	153281	5463	2007	1359	0	162110
24731	4989	150608	1279	1281	0	158157
24732	2146	154074	967	1386	0	158573
24733	1414	6895	779	149627	0	158715
24734	1031	152799	551	5102	0	159483
24735	151567	5979	602	2361	0	160509
24736	4981	2897	596	151024	0	159498
24737	2359	2136	148466	5388	0	158349
24738	1606	1868	150474	2607	0	156555
24739	1046	1720	5800	149858	0	158424
24740	1041	1564	151080	5617	0	159302
24741	832	1384	5223	152828	0	160267
24742	148964	1292	2278	6186	0	158720
24743	5177	1293	146773	3028	0	156271
24744	2311	1098	4917	144945	0	153271
24745	1280	142588	2442	5648	0	151958
24746	1061	5030	1593	147992	0	155676
24747	922	2401	1200	149303	0	153826
24748	900	146430	1197	7111	0	155638
24749	924	5195	1040	150424	0	157583
24750	922	2591	1030	153627	0	158170
24751	984	1871	145434	7334	0	155623
24752	627	143386	4859	4023	0	152895
24753	147372	5608	2125	2586	0	157691
24754	4791	2787	1388	149334	0	158300
24755	2304	1944	148548	6233	0	159029
24756	1432	1690	4913	150468	0	158503
24757	1258	1596	146719	6965	0	156538
24758	142628	1448	5421	3597	0	153094
24759	4829	145978	2698	2751	0	156256
24760	2345	5282	1775	148993	0	158395
24761	1774	2892	1306	154978	0	160950
24762	145134	1736	1342	7485	0	155697
24763	5162	1611	1320	147362	0	155455
24764	2597	1619	141551	7035	0	152802
24765	1604	1620	4975	139401	0	147600
24766	1372	134165	2572	6705	0	144814
24767	1138	141821	1677	3998	0	148634
24768	1128	145248	1317	3126	0	150819
24769	1149	7292	1110	142822	0	152373
24770	1179	3660	136333	6613	0	147785
24771	916	135821	4975	3989	0	145701
24772	134010	5983	2418	2834	0	145245
24773	4706	137043	1514	2504	0	145767
24774	138807	6258	1226	2272	0	148563
24775	140515	3325	1136	2124	0	147100
24776	6716	2314	133372	2155	0	144557
24777	138221	1894	4958	2134	0	147207
24778	146502	1660	2486	2064	0	152712
24779	147065	1727	1600	1892	0	152284
24780	147558	1705	1194	1893	0	152350
24781	7700	1691	140898	1768	0	152057
24782	141836	1627	4887	1643	0	149993
24783	147043	1587	2318	1580	0	152528
24784	6939	144090	1588	1521	0	154138
24785	3457	5404	1014	142613	0	152488
24786	2469	2968	938	144864	0	151239
24787	1935	142842	1023	6642	0	152442
24788	141608	5300	1030	3025	0	150963
24789	5324	142187	1200	2095	0	150806
24790	139593	5573	1038	1444	0	147648
24791	141362	2823	857	1315	0	146357
24792	6592	138704	890	1505	0	147691
24793	3164	5001	821	139620	0	148606
24794	2415	2291	136657	5220	0	146583
24795	1744	132921	4147	2744	0	141556
24796	1540	4994	1796	119796	0	128126
24797	1315	120660	1214	3971	0	127160
24798	1061	127339	694	1763	0	130857
24799	1161	4643	1020	120731	0	127555
24800	1125	1805	119264	3402	0	125596
24801	674	115839	2956	1810	0	121279
24802	462	116447	1305	1064	0	119278
24803	99868	2574	884	241	0	103567
24804	1638	1009	162	101657	0	104466
24805	759	444	118	102405	0	103726
24806	353	290	80	105866	0	106589
24807	319	312	101185	2835	0	104651
24808	257	191	1829	103621	0	105898
24809	161	105405	797	2453	0	108816
24810	111300	1999	299	923	0	114521
24811	2233	843	175	111625	0	114876
24812	979	462	110012	2297	0	113750
24813	112157	303	2100	1035	0	115595
24814	2538	266	823	117474	0	121101
24815	1164	289	122914	2585	0	126952
24816	530	334	123269	1160	0	125293
24817	124042	234	3758	526	0	128560
24818	131580	229	1170	388	0	133367
24819	131100	242	511	350	0	132203
24820	132579	236	319	345	0	133479
24821	4427	431	125749	370	0	130977
24822	1628	128317	2831	565	0	133341
24823	131688	3027	1028	315	0	136058
24824	3202	129616	500	406	0	133724
24825	130206	3250	312	336	0	134104
24826	3339	129506	334	422	0	133601
24827	1398	3269	256	129978	0	134901
24828	680	1238	290	131852	0	134060
24829	520	592	302	130573	0	131987
24830	481	125196	423	4247	0	130347
24831	488	129809	301	1801	0	132399
24832	546	3811	270	123534	0	128161
24833	485	125902	365	3065	0	129817
24834	650	3519	123784	1213	0	129166
24835	485	1366	3062	125576	0	130489
24836	555	848	126188	3437	0	131028
24837	123709	576	3325	1390	0	129000
24838	128361	588	1302	745	0	130996
24839	4362	562	125791	668	0	131383
24840	1809	571	125571	662	0	128613
24841	921	589	3977	124161	0	129648
24842	785	629	124590	3501	0	129505
24843	606	643	3438	119418	0	124105
24844	543	119795	1630	3444	0	125412
24845	640	3477	728	126523	0	131368
24846	585	1584	510	128084	0	130763
24847	565	965	467	129463	0	131460
24848	614	849	121154	4833	0	127450
24849	575	635	3291	120398	0	124899
24850	582	711	1499	120327	0	123119
24851	722	812	836	117801	0	120171
24852	680	118773	711	4203	0	124367
24853	121970	3368	631	1875	0	127844
24854	122607	1435	616	1447	0	126105
24855	121724	798	665	1325	0	124512
24856	4509	860	812	118328	0	124509
24857	1966	675	115966	3921	0	122528
24858	2119	827	114124	1996	0	119066
24859	958	115131	4104	1466	0	121659
24860	115593	3633	1742	1315	0	122283
24861	3264	115652	1275	1406	0	121597
24862	118297	3483	950	1125	0	123855
24863	3656	116097	791	1289	0	121833
24864	116233	3613	794	1161	0	121801
24865	3709	118683	920	1188	0	124500
24866	1898	3728	777	120610	0	127013
24867	1508	1802	116889	3935	0	124134
24868	1365	1132	118877	2007	0	123381
24869	1285	968	4137	118194	0	124584
24870	1089	829	2089	120427	0	124434
24871	1122	870	1208	124251	0	127451
24872	1326	885	118183	4889	0	125283
24873	1169	816	3308	118940	0	124233
24874	116048	843	1673	4308	0	122872
24875	117800	829	1171	2190	0	121990
24876	4564	114149	994	1678	0	121385
24877	114603	3418	934	1331	0	120286
24878	4027	110282	832	1384	0	116525
24879	112051	3769	856	1185	0	117861
24880	113170	1970	983	1069	0	117192
24881	110980	1248	971	1116	0	114315
24882	5041	1083	108622	1121	0	115867
24883	2503	1095	106911	1152	0	111661
24884	106027	810	4192	1120	0	112149
24885	112160	789	2031	1093	0	116073
24886	4755	940	1264	109259	0	116218
24887	2613	866	858	114059	0	118396
24888	1754	842	894	116488	0	119978
24889	1296	978	1015	117734	0	121023
24890	1057	980	889	120868	0	123794
24891	115286	996	838	5524	0	122644
24892	3819	989	699	116725	0	122232
24893	1974	1007	112067	4803	0	119851
24894	109066	925	3417	2490	0	115898
24895	113218	774	1574	1789	0	117355
24896	4722	110367	1036	1709	0	117834
24897	1805	112125	798	1523	0	116251
24898	101431	3095	606	843	0	105975
24899	2707	104035	692	1000	0	108434
24900	103557	2657	780	826	0	107820
24901	109479	911	697	1008	0	112095
24902	111277	444	549	844	0	113114
24903	3986	404	587	104844	0	109821
24904	1643	104298	635	3279	0	109855
24905	108607	2430	499	1417	0	112953
24906	3023	908	499	107648	0	112078
24907	1223	471	460	106513	0	108667
24908	100293	305	393	3744	0	104735
24909	2681	97124	368	1731	0	101904
24910	1142	2348	192	98547	0	102229
24911	99622	881	199	2935	0	103637
24912	2652	98515	231	1522	0	102920
24913	100949	2270	105	730	0	104054
24914	2970	939	94914	556	0	99379
24915	91170	475	1948	394	0	93987
24916	2556	93778	563	419	0	97316
24917	94308	2066	320	263	0	96957
24918	94049	703	104	232	0	95088
24919	2718	93791	141	377	0	97027
24920	95547	2023	61	233	0	97864
24921	2429	91682	123	303	0	94537
24922	95760	2181	176	290	0	98407
24923	2470	783	87	95168	0	98508
24924	1005	521	54	96306	0	97886
24925	676	355	47	98123	0	99201
24926	561	340	92313	2808	0	96022
24927	517	267	1853	93476	0	96113
24928	572	328	93228	2393	0	96521
24929	520	281	2071	92922	0	95794
24930	503	91953	688	2243	0	95387
24931	521	2108	281	96168	0	99078
24932	607	862	95153	2370	0	98992
24933	596	574	97802	881	0	99853
24934	467	376	2451	97601	0	100895
24935	97404	299	826	2341	0	100870
24936	98026	313	412	981	0	99732
24937	2782	97315	277	829	0	101203
24938	1188	2093	220	100094	0	103595
24939	811	796	102758	2476	0	106841
24940	505	492	2082	103810	0	106889
24941	548	368	103407	2656	0	106979
24942	100968	322	2337	1128	0	104755
24943	2434	330	787	105607	0	109158
24944	1160	337	103552	2531	0	107580
24945	761	397	2192	103899	0	107249
24946	581	360	853	107368	0	109162
24947	669	320	103992	3206	0	108187
24948	533	294	2259	104793	0	107879
24949	105304	266	857	2904	0	109331
24950	106921	313	532	1326	0	109092
24951	3086	346	373	106950	0	110755
24952	108540	315	415	2782	0	112052
24953	2834	359	108744	1280	0	113217
24954	1246	358	107556	973	0	110133
24955	109358	248	2833	790	0	113229
24956	113912	244	1185	716	0	116057
24957	3115	291	674	110321	0	114401
24958	1331	242	469	113359	0	115401
24959	914	246	108803	3369	0	113332
24960	690	326	2361	103173	0	106550
24961	647	109612	1087	2615	0	113961
24962	114207	2236	706	1141	0	118290
24963	120567	861	532	914	0	122874
24964	3611	119064	511	928	0	124114
24965	118455	2797	465	741	0	122458
24966	118753	911	539	766	0	120969
24967	3702	117552	600	890	0	122744
24968	120312	2825	584	702	0	124423
24969	3419	118985	611	776	0	123791
24970	122638	3114	452	799	0	127003
24971	3663	1138	119779	801	0	125381
24972	1450	592	2915	120785	0	125742
24973	953	393	1079	125506	0	127931
24974	782	356	772	131066	0	132976
24975	128328	311	579	4531	0	133749
24976	3626	362	430	133712	0	138130
24977	1740	387	129771	4189	0	136087
24978	132430	359	3331	1673	0	137793
24979	4003	385	1113	132898	0	138399
24980	1657	128261	928	3903	0	134749
24981	1161	135903	704	1644	0	139412
24982	1033	4095	509	133661	0	139298
24983	985	1506	607	134473	0	137571
24984	919	770	418	136687	0	138794
24985	918	619	125897	5156	0	132590
24986	787	124424	3285	2282	0	130778
24987	125235	3056	1040	1367	0	130698
24988	122953	1122	694	1030	0	125799
24989	3904	121235	579	970	0	126688
24990	1714	126265	474	1009	0	129462
24991	1418	3875	759	125345	0	131397
24992	871	1246	121684	3447	0	127248
24993	118705	1145	2883	1588	0	124321
24994	124349	631	1001	1110	0	127091
24995	3517	433	659	122200	0	126809
24996	1401	401	407	124410	0	126619
24997	120364	375	436	3791	0	124966
24998	3227	476	116808	1732	0	122243
24999	114397	301	2578	1238	0	118514
25000	3151	113536	1025	967	0	118679
25001	904	2193	397	108735	0	112229
25002	724	107721	347	2454	0	111246
25003	111572	2293	299	1021	0	115185
25004	2445	736	337	109239	0	112757
25005	1013	526	305	108200	0	110044
25006	740	105719	338	2898	0	109695
25007	109551	2193	349	1145	0	113238
25008	110443	757	277	859	0	112336
25009	2983	630	105236	696	0	109545
25010	1146	591	99683	642	0	102062
25011	101764	315	2196	606	0	104881
25012	2373	352	102015	562	0	105302
25013	843	469	95638	472	0	97422
25014	96487	415	2259	425	0	99586
25015	1992	235	107329	446	0	110002
25016	728	196	2532	106886	0	110342
25017	574	229	877	112159	0	113839
25018	116366	187	643	3445	0	120641
25019	3312	316	116285	1438	0	121351
25020	123528	241	3166	862	0	127797
25021	4206	278	1108	124173	0	129765
25022	125943	275	770	3603	0	130591
25023	128087	230	539	1358	0	130214
25024	129403	192	414	1075	0	131084
25025	5593	214	342	125446	0	131595
25026	128006	169	305	3928	0	132408
25027	5213	187	274	126712	0	132386
25028	2504	203	290	128942	0	131939
25029	1919	200	323	129887	0	132329
25030	1530	209	296	130953	0	132988
25031	127109	221	347	5885	0	133562
25032	129029	234	338	2874	0	132475
25033	5381	291	124637	2028	0	132337
25034	128490	227	3656	1537	0	133910
25035	132884	158	1276	1417	0	135735
25036	5778	169	913	127718	0	134578
25037	2860	125387	611	4629	0	133487
25038	130345	3633	458	1857	0	136293
25039	5245	1334	458	124983	0	132020
25040	124441	797	528	4507	0	130273
25041	5385	121677	538	1989	0	129589
25042	125818	3805	394	1521	0	131538
25043	5475	1422	352	121475	0	128724
25044	2448	120226	351	4556	0	127581
25045	123851	4135	324	1945	0	130255
25046	4987	120594	412	1771	0	127764
25047	2244	127631	469	1503	0	131847
25048	128676	4937	440	1211	0	135264
25049	5063	2292	122819	1267	0	131441
25050	127244	1459	3624	1133	0	133460
25051	5715	999	1352	126152	0	134218
25052	2926	889	125153	4286	0	133254
25053	2453	856	4061	122475	0	129845
25054	2021	728	1537	128923	0	133209
25055	1972	703	122590	5918	0	131183
25056	124014	505	4317	2831	0	131667
25057	5473	418	1702	126871	0	134464
25058	2909	454	1161	129887	0	134411
25059	2409	413	784	130402	0	134008
25060	126777	447	789	7287	0	135300
25061	5372	557	120935	3962	0	130826
25062	2898	508	121894	2850	0	128150
25063	2060	483	4504	115593	0	122640
25064	2033	422	112880	4980	0	120315
25065	111779	391	4306	2838	0	119314
25066	4635	111227	2082	2334	0	120278
25067	113421	3382	1524	1603	0	119930
25068	5430	1386	1147	108033	0	115996
25069	2893	109039	1207	4264	0	117403
25070	2431	4084	985	109569	0	117069
25071	2106	109324	841	4874	0	117145
25072	1920	4277	644	112205	0	119046
25073	1884	1938	106235	5113	0	115170
25074	1762	1649	101927	2708	0	108046
25075	1572	103239	4097	2534	0	111442
25076	99111	3307	1999	1906	0	106323
25077	3737	1821	1154	96670	0	103382
25078	2213	1301	891	99050	0	103455
25079	97783	1066	825	4626	0	104300
25080	98622	971	913	2555	0	103061
25081	5003	811	940	97429	0	104183
25082	2941	827	93199	4167	0	101134
25083	2316	93201	3247	2395	0	101159
25084	1948	3140	1516	94280	0	100884
25085	1705	1495	1352	93626	0	98178
25086	1754	95598	951	4635	0	102938
25087	97803	3386	893	2801	0	104883
25088	4091	1671	95997	2024	0	103783
25089	2214	1345	3238	95429	0	102226
25090	1604	1120	1518	95696	0	99938
25091	1433	1104	91474	5273	0	99284
25092	1442	903	3348	94482	0	100175
25093	94726	830	1707	5047	0	102310
25094	94873	776	1538	2818	0	100005
25095	95566	756	1278	2417	0	100017
25096	5222	91225	1204	2235	0	99886
25097	98399	3176	1186	1840	0	104601
25098	4922	1490	1048	96157	0	103617
25099	2795	1287	1012	95654	0	100748
25100	2429	102614	975	4806	0	110824
25101	113707	3994	769	2843	0	121313
25102	119620	1977	802	2152	0	124551
25103	121499	1537	814	1880	0	125730
25104	123479	1333	676	1912	0	127400
25105	124114	1036	762	1999	0	127911
25106	7281	1012	113904	1800	0	123997
25107	120661	1031	4360	1556	0	127608
25108	122627	905	1904	1625	0	127061
25109	122508	691	1636	1427	0	126262
25110	7531	677	1184	117241	0	126633
25111	4206	633	1024	120577	0	126440
25112	3322	671	110894	6205	0	121092
25113	103829	744	4356	3362	0	112291
25114	5394	109986	2125	2775	0	120280
25115	2527	98604	1197	1585	0	103913
25116	2141	3481	95780	1375	0	102777
25117	1544	96637	3032	1330	0	102543
25118	1215	95560	1285	1184	0	99244
25119	1796	5280	1616	79333	0	88025
25120	663	82324	590	2343	0	85920
25121	82861	2394	269	779	0	86303
25122	82216	857	282	638	0	83993
25123	2865	579	242	80563	0	84249
25124	1402	453	78826	2210	0	82891
25125	79317	343	2127	881	0	82668
25126	2717	314	79476	743	0	83250
25127	1275	302	80825	565	0	82967
25128	1004	253	2594	74539	0	78390
25129	830	181	1023	80104	0	82138
25130	760	378	78647	2603	0	82388
25131	649	75686	2186	1198	0	79719
25132	582	81183	827	890	0	83482
25133	78581	2625	604	773	0	82583
25134	79729	788	281	487	0	81285
25135	2556	535	76735	345	0	80171
25136	76096	343	1699	270	0	78408
25137	80222	243	551	287	0	81303
25138	2555	343	426	76338	0	79662
25139	1166	248	212	78922	0	80548
25140	814	205	187	80539	0	81745
25141	79220	249	158	2402	0	82029
25142	79183	201	169	908	0	80461
25143	80461	132	172	592	0	81357
25144	2990	196	200	79170	0	82556
25145	1553	274	76068	1875	0	79770
25146	76395	155	1751	706	0	79007
25147	76805	166	631	560	0	78162
25148	2668	175	518	73687	0	77048
25149	1411	73950	339	1916	0	77616
25150	1131	1823	276	74599	0	77829
25151	830	74945	284	2129	0	78188
25152	726	2021	286	72795	0	75828
25153	660	75068	316	2136	0	78180
25154	73950	1945	316	687	0	76898
25155	2078	860	258	72664	0	75860
25156	956	71791	283	1862	0	74892
25157	842	1802	70457	641	0	73742
25158	70300	696	1658	536	0	73190
25159	1950	612	556	71411	0	74529
25160	932	71273	453	1900	0	74558
25161	849	1776	304	69778	0	72707
25162	687	69190	283	1906	0	72066
25163	688	74050	294	784	0	75816
25164	73952	1988	334	595	0	76869
25165	75342	845	378	487	0	77052
25166	2310	637	72988	331	0	76266
25167	73549	436	1697	337	0	76019
25168	74462	339	714	431	0	75946
25169	2206	71582	577	471	0	74836
25170	1119	1779	369	73032	0	76299
25171	956	640	331	74148	0	76075
25172	823	609	71155	2027	0	74614
25173	770	531	70131	876	0	72308
25174	71899	325	1990	639	0	74853
25175	74287	214	905	505	0	75911
25176	74706	214	725	415	0	76060
25177	2740	223	71614	396	0	74973
25178	1355	222	1701	71266	0	74544
25179	72646	230	628	1915	0	75419
25180	1944	249	458	72593	0	75244
25181	892	268	69923	2162	0	73245
25182	68368	236	1689	846	0	71139
25183	2244	341	72568	611	0	75764
25184	1011	70574	1770	469	0	73824
25185	73769	1636	641	370	0	76416
25186	2094	537	71890	404	0	74925
25187	906	718	1695	71091	0	74410
25188	72686	323	562	1757	0	75328
25189	2009	279	363	72775	0	75426
25190	74027	340	267	2045	0	76679
25191	2049	311	191	73364	0	75915
25192	75679	282	178	2138	0	78277
25193	75971	295	237	957	0	77460
25194	75696	310	266	634	0	76906
25195	75560	269	363	451	0	76643
25196	2453	493	401	73465	0	76812
25197	1053	253	69446	1638	0	72390
25198	848	282	69364	629	0	71123
25199	506	66997	1673	578	0	69754
25200	434	59367	420	344	0	60565
25201	49738	1002	1488	254	0	52482
25202	614	100	214	47384	0	48312
25203	151	74	47126	379	0	47730
25204	125	108	48492	116	0	48841
25205	83	174	370	49077	0	49704
25206	50385	41	218	360	0	51004
25207	368	48768	104	160	0	49400
25208	54090	335	58	90	0	54573
25209	391	86	43	54013	0	54533
25210	147	59	53	53680	0	53939
25211	101	55	48	53691	0	53895
25212	116	58	53329	448	0	53951
25213	110	92	51635	175	0	52012
25214	70	50296	519	212	0	51097
25215	79	357	197	54692	0	55325
25216	53488	82	90	420	0	54080
25217	435	104	51029	150	0	51718
25218	145	136	52044	134	0	52459
25219	105	53	433	52984	0	53575
25220	86	58	142	55899	0	56185
25221	75	56	110	56803	0	57044
25222	73	54	97	62710	0	62934
25223	63792	45	85	922	0	64844
25224	811	40	74	64215	0	65140
25225	64474	43	81	988	0	65586
25226	989	86	65883	342	0	67300
25227	302	65834	868	303	0	67307
25228	166	841	245	68075	0	69327
25229	180	260	68189	951	0	69580
25230	204	176	68561	366	0	69307
25231	134	68911	1083	314	0	70442
25232	182	804	298	68773	0	70057
25233	107	244	178	70118	0	70647
25234	147	154	70561	1086	0	71948
25235	67457	89	955	396	0	68897
25236	876	100	309	70964	0	72249
25237	244	79	210	70069	0	70602
25238	206	143	70790	1176	0	72315
25239	106	69082	1228	513	0	70929
25240	119	77595	361	446	0	78521
25241	79459	1579	245	283	0	81566
25242	1547	411	197	80538	0	82693
25243	84140	267	195	1812	0	86414
25244	2098	186	81787	654	0	84725
25245	567	125	1800	83109	0	85601
25246	83267	119	558	2071	0	86015
25247	84463	119	416	752	0	85750
25248	2263	137	201	83565	0	86166
25249	860	159	82348	2130	0	85497
25250	585	173	83919	735	0	85412
25251	331	269	2272	84591	0	87463
25252	376	147	85114	2104	0	87741
25253	81163	105	2167	784	0	84219
25254	1945	81312	787	792	0	84836
25255	85399	1786	514	419	0	88118
25256	86222	513	404	452	0	87591
25257	2375	390	377	84969	0	88111
25258	876	239	404	86802	0	88321
25259	86552	219	296	2498	0	89565
25260	2007	191	343	86435	0	88976
25261	809	259	84205	2388	0	87661
25262	588	83568	1950	942	0	87048
25263	446	1847	576	85038	0	87907
25264	449	547	435	85585	0	87016
25265	471	382	323	86652	0	87828
25266	448	282	81944	2899	0	85573
25267	456	80749	1980	1398	0	84583
25268	392	1792	704	85516	0	88404
25269	461	575	83943	2542	0	87521
25270	401	474	2067	84387	0	87329
25271	84486	290	785	2562	0	88123
25272	2086	294	648	85642	0	88670
25273	861	274	83177	2602	0	86914
25274	83518	184	2076	1160	0	86938
25275	2188	84737	909	974	0	88808
25276	812	88180	693	813	0	90498
25277	91025	2196	493	686	0	94400
25278	2326	869	92258	673	0	96126
25279	955	489	2118	91752	0	95314
25280	747	320	796	95988	0	97851
25281	541	382	93546	2908	0	97377
25282	513	92643	2244	1446	0	96846
25283	571	1960	816	92597	0	95944
25284	529	759	93412	2524	0	97224
25285	540	532	2226	93020	0	96318
25286	93862	371	886	2847	0	97966
25287	2313	383	95398	1288	0	99382
25288	870	393	2198	96915	0	100376
25289	702	358	848	99227	0	101135
25290	550	401	94980	3126	0	99057
25291	544	331	2272	91900	0	95047
25292	488	91790	1032	2922	0	96232
25293	522	2156	873	88659	0	92210
25294	499	94627	663	2581	0	98370
25295	96667	2206	755	1238	0	100866
25296	95314	768	635	1151	0	97868
25297	2747	629	93214	976	0	97566
25298	1205	544	92707	855	0	95311
25299	826	571	90932	887	0	93216
25300	557	89679	2876	991	0	94103
25301	658	1999	1338	94821	0	98816
25302	672	750	95652	2454	0	99528
25303	612	645	2309	94653	0	98219
25304	599	433	964	96276	0	98272
25305	622	421	95918	2941	0	99902
25306	532	436	2236	97171	0	100375
25307	493	381	941	97122	0	98937
25308	518	94121	886	3012	0	98537
25309	518	2004	647	97632	0	100801
25310	429	769	716	100528	0	102442
25311	406	615	98332	3314	0	102667
25312	419	385	2308	98077	0	101189
25313	473	314	100289	3125	0	104201
25314	474	523	97002	1500	0	99499
25315	95614	387	2722	1317	0	100040
25316	2154	510	1193	97066	0	100923
25317	760	99106	965	2700	0	103531
25318	667	101711	743	1372	0	104493
25319	514	2771	736	103087	0	107108
25320	565	990	99311	2808	0	103674
25321	450	99567	2465	1629	0	104111
25322	396	2190	770	98212	0	101568
25323	435	730	98600	2238	0	102003
25324	282	99354	1820	1100	0	102556
25325	104938	1731	754	843	0	108266
25326	103269	608	747	674	0	105298
25327	106320	481	466	756	0	108023
25328	2151	360	450	109269	0	112230
25329	776	308	462	109970	0	111516
25330	502	333	420	109815	0	111070
25331	336	319	105352	2850	0	108857
25332	105282	280	2054	1321	0	108937
25333	1921	291	779	108504	0	111495
25334	682	305	106836	2383	0	110206
25335	106195	395	2045	1002	0	109637
25336	109962	272	814	874	0	111922
25337	2474	785	101951	700	0	105910
25338	106135	216	1555	656	0	108562
25339	1890	111275	780	946	0	114891
25340	540	1191	106980	396	0	109107
25341	103832	475	1559	403	0	106269
25342	1260	106225	734	570	0	108789
25343	273	1003	250	103354	0	104880
25344	187	103987	270	1079	0	105523
25345	188	978	216	106836	0	108218
25346	220	300	105832	1167	0	107519
25347	96172	181	1221	554	0	98128
25348	1175	200	106116	345	0	107836
25349	446	102195	1236	487	0	104364
25350	212	105642	415	302	0	106571
25351	105481	1209	235	237	0	107162
25352	1151	378	104168	229	0	105926
25353	353	199	1108	102882	0	104542
25354	290	248	105122	1167	0	106827
25355	193	104875	1153	609	0	106830
25356	234	1166	381	101598	0	103379
25357	173	106438	315	1092	0	108018
25358	111036	1190	283	346	0	112855
25359	112578	301	291	304	0	113474
25360	112351	236	283	271	0	113141
25361	1387	311	109787	264	0	111749
25362	380	416	106247	268	0	107311
25363	108287	190	1397	249	0	110123
25364	1308	214	113634	292	0	115448
25365	391	156	1365	108148	0	110060
25366	188	110118	570	1180	0	112056
25367	116553	1230	328	428	0	118539
25368	115652	362	264	319	0	116597
25369	118334	269	232	312	0	119147
25370	1533	181	200	117494	0	119408
25371	467	204	227	119900	0	120798
25372	119036	147	219	1645	0	121047
25373	1379	116262	357	690	0	118688
25374	117112	1242	263	340	0	118957
25375	1410	331	193	114694	0	116628
25376	427	230	208	115763	0	116628
25377	113322	142	159	1583	0	115206
25378	1305	109068	212	679	0	111264
25379	110366	1228	170	298	0	112062
25380	1461	110766	199	346	0	112772
25381	111552	1231	168	166	0	113117
25382	1522	347	118	120699	0	122686
25383	122891	192	161	1364	0	124608
25384	129486	154	105	473	0	130218
25385	144915	234	135	287	0	145571
25386	2687	147614	225	362	0	150888
25387	855	2435	144671	277	0	148238
25388	146039	669	2569	275	0	149552
25389	151103	316	517	273	0	152209
25390	2994	149018	381	312	0	152705
25391	1102	2402	200	152212	0	155916
25392	658	741	160	153712	0	155271
25393	153141	363	198	3033	0	156735
25394	2810	310	173	155104	0	158397
25395	1078	297	153630	2956	0	157961
25396	765	381	152354	952	0	154452
25397	156881	243	2991	600	0	160715
25398	2940	269	801	159394	0	163404
25399	995	229	498	161063	0	162785
25400	709	208	333	164176	0	165426
25401	688	242	162562	3583	0	167075
25402	637	211	2786	162263	0	165897
25403	601	202	745	168783	0	170331
25404	504	207	459	170864	0	172034
25405	164974	223	359	3956	0	169512
25406	3270	412	323	165849	0	169854
25407	1122	363	166529	3532	0	171546
25408	171456	261	3159	1300	0	176176
25409	3851	356	175973	894	0	181074
25410	178524	273	3493	841	0	183131
25411	171374	484	1217	833	0	173908
25412	4553	341	554	183451	0	188899
25413	1572	182867	595	4523	0	189557
25414	1290	3512	427	187140	0	192369
25415	892	1121	530	187805	0	190348
25416	771	188231	677	5009	0	194688
25417	187832	3568	598	1766	0	193764
25418	3906	185270	616	1424	0	191216
25419	187851	3799	652	1094	0	193396
25420	189272	1100	430	1197	0	191999
25421	4709	666	454	185330	0	191159
25422	1696	503	456	187258	0	189913
25423	1307	468	177474	5169	0	184418
25424	998	516	172890	2128	0	176532
25425	169957	459	4079	1587	0	176082
25426	176896	299	1299	1320	0	179814
25427	4601	166952	948	1405	0	173906
25428	1815	3242	659	167832	0	173548
25429	1561	919	172467	4010	0	178957
25430	1296	984	3659	174921	0	180860
25431	173749	472	1288	4187	0	179696
25432	170310	339	769	1658	0	173076
25433	4409	167993	626	1405	0	174433
25434	1796	3454	413	170039	0	175702
25435	1189	1126	472	172381	0	175168
25436	1013	774	390	173065	0	175242
25437	1098	752	161389	4990	0	168229
25438	147921	648	3383	2226	0	154178
25439	160847	686	995	1436	0	163964
25440	5034	708	155900	1336	0	162978
25441	2050	155111	3455	1385	0	162001
25442	159495	3348	1062	1273	0	165178
25443	161475	977	874	1282	0	164608
25444	4874	801	154908	1298	0	161881
25445	2233	591	162895	1106	0	166825
25446	1670	469	4130	160941	0	167210
25447	1442	627	161916	3932	0	167917
25448	159298	592	3811	1589	0	165290
25449	163152	509	1505	1278	0	166444
25450	167163	476	1169	1164	0	169972
25451	5038	519	873	156386	0	162816
25452	2276	165095	849	3780	0	172000
25453	171480	3234	871	1767	0	177352
25454	170191	1121	820	1542	0	173674
25455	5115	820	165840	1552	0	173327
25456	2384	796	161146	1444	0	165770
25457	152291	622	4129	1484	0	158526
25458	4432	683	1591	165382	0	172088
25459	2284	615	162299	4085	0	169283
25460	1884	159715	3741	2071	0	167411
25461	1621	3239	1528	164070	0	170458
25462	161665	1215	1314	3959	0	168153
25463	4263	164192	1191	1847	0	171493
25464	2163	3332	1002	162545	0	169042
25465	1759	159932	1170	3882	0	166743
25466	1539	165640	1186	1980	0	170345
25467	1595	3803	1008	166657	0	173063
25468	1460	1494	1046	167115	0	171115
25469	1557	165985	1059	4562	0	173163
25470	169925	3514	946	2017	0	176402
25471	4635	1425	166933	1483	0	174476
25472	165464	1097	3464	1396	0	171421
25473	4797	938	1314	172605	0	179654
25474	2344	771	1036	174643	0	178794
25475	1934	760	993	176270	0	179957
25476	1730	684	1100	175662	0	179176
25477	1701	688	172752	4981	0	180122
25478	1680	734	3831	173137	0	179382
25479	1554	838	1569	174603	0	178564
25480	1492	180202	1325	4941	0	187960
25481	1506	3977	181558	2394	0	189435
25482	1331	189589	4066	2199	0	197185
25483	1594	4523	190276	1598	0	197991
25484	1193	191879	3805	1673	0	198550
25485	1925	4192	1946	172274	0	180337
25486	171868	1091	775	2987	0	176721
25487	3193	171240	715	1770	0	176918
25488	1514	2959	608	177114	0	182195
25489	1330	1227	174992	3394	0	180943
25490	841	179543	3186	1897	0	185467
25491	181637	3246	1308	1130	0	187321
25492	180813	1312	971	1000	0	184096
25493	3840	178230	1030	1076	0	184176
25494	1735	3386	174779	803	0	180703
25495	172094	1390	3174	821	0	177479
25496	3619	1083	1242	183093	0	189037
25497	179634	810	949	3694	0	185087
25498	3661	181736	814	1872	0	188083
25499	1585	187329	699	1476	0	191089
25500	1336	4245	180934	1169	0	187684
25501	176509	1782	3405	989	0	182685
25502	3590	1331	1238	184355	0	190514
25503	184429	900	915	3355	0	189599
25504	3690	182800	775	1521	0	188786
25505	186165	3469	785	973	0	191392
25506	185895	1481	769	874	0	189019
25507	4686	1152	184744	912	0	191494
25508	1738	176675	2811	856	0	182080
25509	1308	181665	1128	768	0	184869
25510	1010	4054	623	167717	0	173404
25511	788	172241	551	2431	0	176011
25512	170887	3083	536	885	0	175391
25513	2795	170130	490	895	0	174310
25514	1140	3138	377	167914	0	172569
25515	989	167001	433	2656	0	171079
25516	856	165526	471	989	0	167842
25517	929	170081	417	687	0	172114
25518	1143	3504	413	170383	0	175443
25519	835	1478	409	172527	0	175249
25520	778	1188	332	170477	0	172775
25521	757	163398	560	3248	0	167963
25522	807	3146	163292	1297	0	168542
25523	828	1763	164874	850	0	168315
25524	162186	1306	2823	683	0	166998
25525	2736	1278	1040	167250	0	172304
25526	1428	1248	170025	2705	0	175406
25527	1081	1499	171295	1173	0	175048
25528	893	173289	2933	1062	0	178177
25529	850	3247	1024	169822	0	174943
25530	695	1660	701	175064	0	178120
25531	174367	1448	522	3443	0	179780
25532	2576	1323	552	173113	0	177564
25533	1084	1218	568	175708	0	178578
25534	962	1440	179237	3923	0	185562
25535	777	1184	2664	177933	0	182558
25536	757	1251	1122	188436	0	191566
25537	772	1201	187328	3799	0	193100
25538	868	1119	186947	1844	0	190778
25539	650	182445	3412	1566	0	188073
25540	895	3338	186341	1216	0	191790
25541	595	1708	3054	181817	0	187174
25542	688	1729	1687	170366	0	174470
25543	970	1241	187679	3880	0	193770
25544	597	183394	2851	2338	0	189180
25545	179447	3001	1517	1929	0	185894
25546	2514	182075	1377	1882	0	187848
25547	1172	3307	1112	186132	0	191723
25548	791	1717	1151	188525	0	192184
25549	699	185695	1443	4051	0	191888
25550	739	3155	1394	187796	0	193084
25551	668	1678	1227	189137	0	192710
25552	899	1399	178851	4353	0	185502
25553	569	175603	3226	2832	0	182230
25554	707	3317	1637	183150	0	188811
25555	899	1671	182239	3938	0	188747
25556	826	1503	3117	181193	0	186639
25557	906	1339	1670	182298	0	186213
25558	844	1282	1288	186237	0	189651
25559	872	1312	1144	185050	0	188378
25560	795	1313	1146	181648	0	184902
25561	862	181450	1188	4516	0	188016
25562	181687	3281	1248	2673	0	188889
25563	2937	1773	177388	2248	0	184346
25564	156602	1480	3493	2202	0	163777
25565	3048	1434	185517	1993	0	191992
25566	1121	186337	3566	2286	0	193310
25567	1214	3506	186993	1864	0	193577
25568	705	186798	3466	2531	0	193500
25569	952	3779	1883	180576	0	187190
25570	777	1792	1282	180568	0	184419
25571	761	184812	1129	4109	0	190811
25572	704	194685	932	2627	0	198948
25573	196787	3802	946	2142	0	203677
25574	201044	1865	894	2035	0	205838
25575	201158	1455	1020	1805	0	205438
25576	204518	1342	925	1709	0	208494
25577	3620	1410	1080	201038	0	207148
25578	1562	199163	1102	3821	0	205648
25579	202351	3301	981	1840	0	208473
25580	2450	1525	702	194527	0	199204
25581	187491	1044	939	2890	0	192364
25582	175690	794	697	1639	0	178820
25583	2599	170740	586	1281	0	175206
25584	884	166962	520	823	0	169189
25585	643	174899	499	707	0	176748
25586	409	3035	774	169167	0	173385
25587	333	171937	579	1678	0	174527
25588	174569	1502	353	820	0	177244
25589	174838	629	239	695	0	176401
25590	175125	442	255	513	0	176335
25591	178976	386	246	514	0	180122
25592	181875	363	260	495	0	182993
25593	2448	434	183519	428	0	186829
25594	183423	320	1963	414	0	186120
25595	2519	396	187569	412	0	190896
25596	183926	269	2097	316	0	186608
25597	2329	401	1002	183249	0	186981
25598	1006	355	189756	1888	0	193005
25599	793	404	194694	725	0	196616
25600	434	203754	2573	621	0	207382
25601	211892	2678	935	410	0	215915
25602	216055	719	634	315	0	217723
25603	3662	236973	488	466	0	241589
25604	1438	3995	293	276639	0	282365
25605	297114	1284	281	5681	0	304360
25606	6787	1270	293903	2050	0	304010
25607	2309	294626	5803	1252	0	303990
25608	295797	6342	1971	692	0	304802
25609	6604	296488	1244	1041	0	305377
25610	2832	7241	739	287545	0	298357
25611	1644	300895	747	5567	0	308853
25612	1193	7959	494	293805	0	303451
25613	1115	292918	677	6871	0	301581
25614	865	304249	632	4074	0	309820
25615	297787	8443	456	1653	0	308339
25616	303924	3673	443	1240	0	309280
25617	8701	2438	299006	1128	0	311273
25618	3904	1933	295375	865	0	302077
25619	2570	1741	303419	769	0	308499
25620	1773	1398	8881	298414	0	310466
25621	1794	1482	309010	6620	0	318906
25622	1271	1510	7986	301721	0	312488
25623	1250	1447	3328	306866	0	312891
25624	1140	303471	2247	8961	0	315819
25625	309399	7076	1484	3965	0	321924
25626	6744	310652	1552	2858	0	321806
25627	2988	8438	1194	322768	0	335388
25628	2361	3522	1084	326147	0	333114
25629	1870	2610	1256	328492	0	334228
25630	2116	2091	317704	10411	0	332322
25631	1698	1835	7265	317031	0	327829
25632	1490	1864	3112	324636	0	331102
25633	1669	1684	2156	330892	0	336401
25634	1537	2158	308993	11291	0	323979
25635	1165	308366	7195	5997	0	322723
25636	311006	7871	2848	4045	0	325770
25637	303594	3598	1993	3560	0	312745
25638	8678	312824	1629	3108	0	326239
25639	4188	8212	1559	316130	0	330089
25640	2823	3790	1527	329728	0	337868
25641	2653	2784	315629	10407	0	331473
25642	1853	311133	7906	6076	0	326968
25643	1608	7758	3374	326670	0	339410
25644	1850	3509	323083	9743	0	338185
25645	1387	2668	7945	319811	0	331811
25646	1315	2194	3618	324849	0	331976
25647	1571	2326	321924	11730	0	337551
25648	1650	2164	7818	319010	0	330642
25649	1662	2145	3652	324225	0	331684
25650	1981	2015	325760	11744	0	341500
25651	1616	1992	8039	327555	0	339202
25652	1458	1706	3914	328185	0	335263
25653	1077	1706	3126	339676	0	345585
25654	1211	1552	325146	13376	0	341285
25655	934	1477	8456	329115	0	339982
25656	324025	1391	3847	12063	0	341326
25657	326593	1354	3000	6745	0	337692
25658	8913	319795	2558	5491	0	336757
25659	332627	7357	2321	4457	0	346762
25660	9370	3385	340258	4528	0	357541
25661	4125	2354	7971	346047	0	360497
25662	2842	1913	3841	348035	0	356631
25663	1949	1780	2751	362539	0	369019
25664	346552	1379	2443	12901	0	363275
25665	7381	339462	2323	8423	0	357589
25666	2964	7809	1978	336102	0	348853
25667	2178	336562	2003	10789	0	351532
25668	338859	8086	1946	6538	0	355429
25669	7587	337814	2010	5193	0	352604
25670	336784	8551	1766	4364	0	351465
25671	8293	328170	1775	4425	0	342663
25672	3840	331334	2016	4212	0	341402
25673	2974	10340	1887	331179	0	346380
25674	2128	4536	1764	333833	0	342261
25675	1992	3077	1794	331761	0	338624
25676	1710	2554	1530	334333	0	340127
25677	2014	2684	315910	12985	0	333593
25678	1818	314718	7135	7928	0	331599
25679	1943	8058	2978	317625	0	330604
25680	1796	318163	2415	9862	0	332236
25681	2198	8841	316088	5638	0	332765
25682	1924	4144	7371	314981	0	328420
25683	1702	3608	3344	335078	0	343732
25684	2094	2576	321000	11672	0	337342
25685	1479	311862	7741	7451	0	328533
25686	1278	7801	3565	321071	0	333715
25687	2041	3643	312159	10852	0	328695
25688	1120	308543	7821	7582	0	325066
25689	1304	8288	3456	314144	0	327192
25690	1491	4160	307423	10207	0	323281
25691	1695	3398	300397	5989	0	311479
25692	1337	294422	8792	4734	0	309285
25693	1614	321743	3831	3822	0	331010
25694	1682	10460	3197	332731	0	348070
25695	1289	5044	2225	356734	0	365292
25696	1208	3433	343365	12984	0	360990
25697	325142	2759	8809	7394	0	344104
25698	335884	2490	3901	5760	0	348035
25699	11347	2533	325744	4727	0	344351
25700	4501	314519	8707	4437	0	332164
25701	2864	323141	4332	3674	0	334011
25702	2162	316994	3267	3086	0	325509
25703	1962	288667	3415	2866	0	296910
25704	3195	12254	3903	268595	0	287947
25705	928	2608	679	296488	0	300703
25706	514	1869	436	300400	0	303219
25707	494	1470	424	305981	0	308369
25708	389	296553	602	12394	0	309938
25709	516	7917	460	306800	0	315693
25710	363	298656	617	10648	0	310284
25711	438	9204	441	310960	0	321043
25712	302121	4064	436	10821	0	317442
25713	7746	2649	440	307068	0	317903
25714	3250	296080	703	11228	0	311261
25715	2145	8156	481	311629	0	322411
25716	1463	3908	472	318077	0	323920
25717	1095	2879	485	320507	0	324966
25718	302509	2220	618	15874	0	321221
25719	8081	2469	471	315038	0	326059
25720	3773	2833	288426	13947	0	308979
25721	2299	300184	7274	8702	0	318459
25722	1825	9729	3076	318455	0	333085
25723	1918	4851	1727	328650	0	337146
25724	1569	3524	1044	334128	0	340265
25725	316713	3254	771	17770	0	338508
25726	9602	3323	297107	10400	0	320432
25727	4286	2578	8002	301351	0	316217
25728	2765	297959	3281	14959	0	318964
25729	2335	10113	1795	310836	0	325079
25730	290243	4809	1464	16005	0	312521
25731	8886	298444	1337	10108	0	318775
25732	4123	10900	1008	304668	0	320699
25733	2701	5405	784	310319	0	319209
25734	2034	291731	908	18837	0	313510
25735	2365	10275	940	306718	0	320298
25736	2330	5240	1024	313550	0	322144
25737	2152	4397	280203	18815	0	305567
25738	1598	286644	8830	12177	0	309249
25739	293548	10850	3777	9678	0	317853
25740	10405	5635	285313	8583	0	309936
25741	285701	4017	9668	7933	0	307319
25742	12233	3536	283161	7830	0	306760
25743	5809	3277	10769	291202	0	311057
25744	286953	3086	4947	16063	0	311049
25745	11303	3531	3020	293851	0	311705
25746	291270	3310	2264	17230	0	314074
25747	293701	3079	2075	11400	0	310255
25748	291184	3465	2022	8915	0	305586
25749	15508	279962	2317	7643	0	305430
25750	8532	10907	1949	283624	0	305012
25751	5819	5923	2182	291812	0	305736
25752	4622	4258	2415	294877	0	306172
25753	4459	3213	270677	19720	0	298069
25754	4000	3039	10189	286853	0	304081
25755	280009	2899	5370	17535	0	305813
25756	287606	2729	3461	11330	0	305126
25757	16107	2687	271424	8748	0	298966
25758	282963	2823	10651	7290	0	303727
25759	290102	2808	5251	6941	0	305102
25760	17043	2822	3954	265355	0	289174
25761	264228	2764	2705	15838	0	285535
25762	269178	2550	2532	10433	0	284693
25763	17434	2486	2762	262757	0	285439
25764	263736	2380	2840	15943	0	284899
25765	266278	2522	2651	10327	0	281778
25766	18149	2615	2431	260426	0	283621
25767	11652	2873	234385	15623	0	264533
25768	250389	2252	10173	9879	0	272693
25769	15926	2263	250306	8386	0	276881
25770	10847	1932	248609	7699	0	269087
25771	8753	245288	13784	7410	0	275235
25772	7957	9742	6921	250998	0	275618
25773	8074	4449	4372	257883	0	274778
25774	7653	2776	3554	260949	0	274932
25775	7834	2470	243901	19101	0	273306
25776	8208	2316	241289	11401	0	263214
25777	7321	243537	13508	9291	0	273657
25778	7084	9655	7259	243281	0	267279
25779	7634	4265	5091	254553	0	271543
25780	6818	2836	4617	259459	0	273730
25781	7071	2203	236248	19212	0	264734
25782	6883	235153	11601	11777	0	265414
25783	6313	9709	6139	244353	0	266514
25784	6541	4509	241352	15973	0	268375
25785	6606	3009	241673	10309	0	261597
25786	241408	2634	15172	8318	0	267532
25787	244586	2425	8893	7296	0	263200
25788	250335	2431	5964	7193	0	265923
25789	17422	2457	4711	226179	0	250769
25790	10390	2075	227229	14719	0	254413
25791	7264	225983	11998	10452	0	255697
25792	6123	239326	7263	8529	0	261241
25793	5767	11142	205435	6258	0	228602
25794	4993	9361	10829	185771	0	210954
25795	4185	4674	6451	172026	0	187336
25796	4228	162396	5180	11533	0	183337
25797	4200	171798	3883	7419	0	187300
25798	167986	8930	3834	5531	0	186281
25799	172730	4346	3402	4419	0	184897
25800	173297	2747	3188	4779	0	184011
25801	170443	2038	3434	4601	0	180516
25802	160946	2675	3179	3878	0	170678
25803	12282	150106	3306	4239	0	169933
25804	4538	118843	2392	3077	0	128850
25805	2251	94313	1488	1728	0	99780
25806	84541	3031	4117	1677	0	93366
25807	3766	2040	1406	78645	0	85857
25808	1538	621	908	77202	0	80269
25809	75508	492	934	2929	0	79863
25810	2395	73605	943	1836	0	78779
25811	1421	1865	927	75689	0	79902
25812	1146	907	896	77007	0	79956
25813	1081	672	967	77766	0	80486
25814	74059	529	810	2946	0	78344
25815	2454	494	775	75837	0	79560
25816	1371	541	71101	2618	0	75631
25817	70642	536	1908	1299	0	74385
25818	2591	708	945	72432	0	76676
25819	1410	440	69579	2257	0	73686
25820	1196	67341	2046	1205	0	71788
25821	733	63305	916	740	0	65694
25822	59709	1728	1508	725	0	63670
25823	58116	410	427	893	0	59846
25824	1315	58624	219	297	0	60455
25825	483	1037	147	65094	0	66761
25826	67790	351	143	1597	0	69881
25827	1574	212	137	72089	0	74012
25828	650	150	138	75629	0	76567
25829	460	133	109	76433	0	77135
25830	297	124	156	75781	0	76358
25831	213	71936	214	2825	0	75188
25832	224	1615	157	75323	0	77319
25833	242	563	168	76054	0	77027
25834	211	430	145	76975	0	77761
25835	239	339	71310	2856	0	74744
25836	162	71470	1713	1458	0	74803
25837	170	1879	578	74757	0	77384
25838	182	701	71007	2361	0	74251
25839	378	562	67705	1025	0	69670
25840	151	70138	2136	807	0	73232
25841	71315	1759	884	580	0	74538
25842	1711	695	481	72427	0	75314
25843	72270	449	270	2156	0	75145
25844	1996	71274	271	1024	0	74565
25845	790	1874	174	73141	0	75979
25846	70052	726	167	2283	0	73228
25847	71923	524	167	1073	0	73687
25848	2341	322	175	71052	0	73890
25849	998	277	178	71493	0	72946
25850	664	296	68010	2744	0	71714
25851	407	244	1722	69245	0	71618
25852	346	275	663	71834	0	73118
25853	68650	205	491	2904	0	72250
25854	1878	67419	362	1600	0	71259
25855	797	2002	65759	1060	0	69618
25856	65981	707	1658	744	0	69090
25857	1994	66726	701	751	0	70172
25858	808	1824	440	67788	0	70860
25859	66248	745	348	2119	0	69460
25860	1988	512	209	65881	0	68590
25861	839	358	218	67271	0	68686
25862	657	314	63596	2821	0	67388
25863	414	286	1651	66123	0	68474
25864	65404	248	651	2748	0	69051
25865	1972	206	458	66263	0	68899
25866	64208	250	305	2629	0	67392
25867	2173	61456	275	1475	0	65379
25868	982	64201	402	1083	0	66668
25869	717	2214	253	63653	0	66837
25870	511	1013	181	64642	0	66347
25871	60472	639	208	2823	0	64142
25872	1912	59206	204	1633	0	62955
25873	60887	1894	219	1191	0	64191
25874	61719	797	243	969	0	63728
25875	2609	584	253	60486	0	63932
25876	61177	422	207	2472	0	64278
25877	2608	382	56886	1259	0	61135
25878	1200	367	1785	58517	0	61869
25879	885	342	57775	2532	0	61534
25880	678	352	2055	59458	0	62543
25881	58382	352	873	2767	0	62374
25882	59338	383	532	1497	0	61750
25883	2622	58153	378	1230	0	62383
25884	1327	1950	254	59057	0	62588
25885	986	835	250	59550	0	61621
25886	763	57716	249	2951	0	61679
25887	689	2096	201	60022	0	63008
25888	656	842	241	60002	0	61741
25889	612	57075	266	3125	0	61078
25890	55426	2006	244	1732	0	59408
25891	56439	870	239	1406	0	58954
25892	2683	650	299	55489	0	59121
25893	1328	494	255	57273	0	59350
25894	1057	445	53065	3093	0	57660
25895	785	421	1757	54323	0	57286
25896	710	53903	759	2810	0	58182
25897	55194	1932	547	1502	0	59175
25898	2180	882	349	55344	0	58755
25899	1079	669	290	55494	0	57532
25900	52695	505	267	3139	0	56606
25901	2276	51902	283	1802	0	56263
25902	1142	1976	203	54052	0	57373
25903	907	887	208	54035	0	56037
25904	769	51923	277	3008	0	55977
25905	52991	2047	328	1733	0	57099
25906	2353	925	51129	1331	0	55738
25907	1104	768	51919	1086	0	54877
25908	902	625	2212	52431	0	56170
25909	765	462	51141	2492	0	54860
25910	50951	460	2049	1424	0	54884
25911	2158	370	829	52609	0	55966
25912	1129	340	51169	2637	0	55275
25913	984	425	50282	1363	0	53054
25914	721	50066	2176	1232	0	54195
25915	49481	1716	1006	931	0	53134
25916	1935	49037	689	975	0	52636
25917	48777	1931	428	845	0	51981
25918	47944	903	516	804	0	50167
25919	2156	46071	408	719	0	49354
25920	46376	1634	292	702	0	49004
25921	46568	727	436	692	0	48423
25922	2346	598	43138	663	0	46745
25923	1253	3672	1230	38177	0	44332
25924	796	37429	590	1384	0	40199
25925	397	33191	277	498	0	34363
25926	762	1590	450	29227	0	32029
25927	25911	306	154	1373	0	27744
25928	501	130	66	25081	0	25778
25929	231	115	66	26527	0	26939
25930	192	81	68	27107	0	27448
25931	146	27144	89	799	0	28178
25932	129	604	60	29910	0	30703
25933	174	280	30599	847	0	31900
25934	29513	139	676	335	0	30663
25935	31902	78	232	193	0	32405
25936	1043	30436	113	129	0	31721
25937	30915	795	46	88	0	31844
25938	912	242	37	31493	0	32684
25939	323	157	30481	865	0	31826
25940	30109	84	705	298	0	31196
25941	829	31164	230	214	0	32437
25942	321	763	87	31447	0	32618
25943	32745	262	44	851	0	33902
25944	849	32187	87	352	0	33475
25945	303	33470	91	204	0	34068
25946	33782	1050	104	146	0	35082
25947	943	413	31651	126	0	33133
25948	32390	226	858	108	0	33582
25949	1002	136	265	32142	0	33545
25950	372	111	129	33327	0	33939
25951	257	111	31845	1146	0	33359
25952	206	120	31914	428	0	32668
25953	158	111	1077	32225	0	33571
25954	192	101	31455	975	0	32723
25955	216	145	31405	396	0	32162
25956	178	109	1117	30854	0	32258
25957	182	101	421	32299	0	33003
25958	31798	107	222	1209	0	33336
25959	940	148	169	32128	0	33385
25960	32160	118	154	1064	0	33496
25961	1039	31163	167	513	0	32882
25962	446	907	129	32256	0	33738
25963	287	370	31365	1006	0	33028
25964	31583	201	888	457	0	33129
25965	33261	130	341	309	0	34041
25966	33751	113	253	209	0	34326
25967	33265	115	166	211	0	33757
25968	33015	117	170	243	0	33545
25969	1369	94	185	31718	0	33366
25970	590	106	30696	1052	0	32444
25971	330	100	30876	510	0	31816
25972	307	79	31447	295	0	32128
25973	30444	97	1231	239	0	32011
25974	32198	76	499	232	0	33005
25975	1293	100	295	29965	0	31653
25976	550	31130	222	992	0	32894
25977	351	878	205	32743	0	34177
25978	328	338	31647	1141	0	33454
25979	307	200	31787	468	0	32762
25980	30838	110	1164	311	0	32423
25981	1141	119	32472	231	0	33963
25982	562	82	1009	32242	0	33895
25983	33442	88	440	1028	0	34998
25984	33077	92	303	449	0	33921
25985	34623	74	221	285	0	35203
25986	35020	49	224	245	0	35538
25987	1573	84	32896	186	0	34739
25988	33067	102	1075	183	0	34427
25989	1285	33177	456	245	0	35163
25990	580	929	290	34070	0	35869
25991	430	353	33768	1076	0	35627
25992	382	172	1073	34199	0	35826
25993	357	163	34487	1162	0	36169
25994	353	109	1102	34442	0	36006
25995	336	114	483	35484	0	36417
25996	316	144	33874	1390	0	35724
25997	326	114	1042	34252	0	35734
25998	34683	121	464	1247	0	36515
25999	1150	103	346	34906	0	36505
26000	609	95	275	36131	0	37110
26001	35046	118	256	1434	0	36854
26002	1229	34479	254	645	0	36607
26003	35392	969	226	361	0	36948
26004	1207	35495	231	371	0	37304
26005	36671	1063	239	280	0	38253
26006	1334	387	36193	315	0	38229
26007	589	203	1100	36289	0	38181
26008	409	140	486	37630	0	38665
26009	36694	137	319	1465	0	38615
26010	1165	35806	286	681	0	37938
26011	506	992	283	36768	0	38549
26012	406	345	249	36731	0	37731
26013	302	35024	284	1492	0	37102
26014	35201	960	242	733	0	37136
26015	1125	35536	289	514	0	37464
26016	544	1038	197	35696	0	37475
26017	421	413	197	35279	0	36310
26018	345	34525	178	1420	0	36468
26019	35176	997	183	689	0	37045
26020	1230	415	34185	417	0	36247
26021	33674	227	962	389	0	35252
26022	1255	33484	428	351	0	35518
26023	579	954	253	34118	0	35904
26024	34329	391	184	1141	0	36045
26025	1153	250	189	34283	0	35875
26026	583	192	163	34996	0	35934
26027	33972	167	195	1373	0	35707
26028	1182	32574	179	652	0	34587
26029	593	33069	181	407	0	34250
26030	32752	926	133	333	0	34144
26031	928	371	31568	309	0	33176
26032	385	30118	706	293	0	31502
26033	456	765	445	28142	0	29808
26034	223	214	32206	587	0	33230
26035	145	193	627	31040	0	32005
26036	31509	110	275	712	0	32606
26037	693	32129	137	444	0	33403
26038	341	724	90	30648	0	31803
26039	172	31923	80	616	0	32791
26040	32167	672	70	327	0	33236
26041	32489	303	85	161	0	33038
26042	947	32498	57	284	0	33786
26043	353	650	51	31652	0	32706
26044	204	32548	61	804	0	33617
26045	33732	830	56	296	0	34914
26046	34398	340	66	182	0	34986
26047	1083	178	58	33647	0	34966
26048	470	130	47	34578	0	35225
26049	279	167	32913	1140	0	34499
26050	31935	117	756	491	0	33299
26051	973	189	33169	263	0	34594
26052	409	128	868	33215	0	34620
26053	33458	100	336	924	0	34818
26054	908	34167	201	458	0	35734
26055	34360	856	134	266	0	35616
26056	975	390	33452	279	0	35096
26057	32913	223	784	215	0	34135
26058	1033	34249	328	181	0	35791
26059	34769	869	179	170	0	35987
26060	1017	35202	142	194	0	36555
26061	436	940	104	35585	0	37065
26062	325	437	34483	910	0	36155
26063	257	294	34300	376	0	35227
26064	268	192	1049	34099	0	35608
26065	254	197	34787	987	0	36225
26066	229	158	933	34440	0	35760
26067	229	201	397	34666	0	35493
26068	239	155	35012	1201	0	36607
26069	31242	135	949	592	0	32918
26070	35554	130	420	367	0	36471
26071	1130	34505	257	316	0	36208
26072	34876	799	179	196	0	36050
26073	1005	348	149	34619	0	36121
26074	479	237	35765	899	0	37380
26075	292	211	826	35813	0	37142
26076	300	143	356	36780	0	37579
26077	35282	109	228	1118	0	36737
26078	808	34692	187	562	0	36249
26079	420	35791	144	366	0	36721
26080	277	1008	139	36331	0	37755
26081	248	416	134	35976	0	36774
26082	216	35473	135	1035	0	36859
26083	245	842	104	35937	0	37128
26084	178	393	125	35785	0	36481
26085	142	34823	125	1182	0	36272
26086	34664	707	143	552	0	36066
26087	703	389	146	34669	0	35907
26088	328	34739	127	910	0	36104
26089	261	750	112	35275	0	36398
26090	34697	357	104	951	0	36109
26091	786	34123	95	490	0	35494
26092	35203	823	75	345	0	36446
26093	35222	413	60	302	0	35997
26094	1050	292	66	35871	0	37279
26095	37083	241	74	874	0	38272
26096	37764	181	76	491	0	38512
26097	37789	187	72	379	0	38427
26098	37772	188	82	277	0	38319
26099	1204	156	79	37015	0	38454
26100	610	171	61	37946	0	38788
26101	438	179	36607	1235	0	38459
26102	368	164	700	36887	0	38119
26103	314	159	287	38352	0	39112
26104	300	161	36784	1270	0	38515
26105	35852	148	799	661	0	37460
26106	1012	136	344	37705	0	39197
26107	570	140	37991	1091	0	39792
26108	36687	127	888	612	0	38314
26109	1165	157	40392	442	0	42156
26110	593	40792	1084	354	0	42823
26111	404	43698	480	365	0	44947
26112	314	1271	281	47065	0	48931
26113	332	475	52175	1334	0	54316
26114	52302	286	1394	582	0	54564
26115	56979	199	486	430	0	58094
26116	1882	199	55343	362	0	57786
26117	57131	158	1426	298	0	59013
26118	59400	138	655	283	0	60476
26119	1903	57940	375	307	0	60525
26120	59727	1324	280	268	0	61599
26121	1745	444	267	59249	0	61705
26122	734	328	59708	1495	0	62265
26123	450	260	1369	59272	0	61351
26124	344	61129	554	1470	0	63497
26125	342	64193	411	631	0	65577
26126	64487	1625	290	398	0	66800
26127	64751	587	266	333	0	65937
26128	64355	339	295	309	0	65298
26129	2057	254	271	63689	0	66271
26130	881	338	236	63694	0	65149
26131	610	61801	256	1879	0	64546
26132	63659	1412	235	711	0	66017
26133	1695	64409	238	547	0	66889
26134	60505	1215	210	269	0	62199
26135	1394	59803	202	290	0	61689
26136	60330	1216	186	217	0	61949
26137	60942	412	187	203	0	61744
26138	1619	471	169	58664	0	60923
26139	717	61303	180	1374	0	63574
26140	563	1137	59427	393	0	61520
26141	56342	406	1021	291	0	58060
26142	1248	59078	306	408	0	61040
26143	513	1059	60548	238	0	62358
26144	379	381	62423	182	0	63365
26145	415	377	935	59090	0	60817
26146	294	204	231	59934	0	60663
26147	254	62096	146	990	0	63486
26148	66443	925	74	317	0	67759
26149	1021	362	63	66262	0	67708
26150	554	69849	171	877	0	71451
26151	377	75760	170	321	0	76628
26152	435	1062	75774	191	0	77462
26153	367	441	75593	176	0	76577
26154	74324	274	951	190	0	75739
26155	1115	259	77714	195	0	79283
26156	412	249	898	75366	0	76925
26157	335	236	252	79164	0	79987
26158	326	271	80697	1069	0	82363
26159	292	240	908	77329	0	78769
26160	305	235	306	79500	0	80346
26161	78919	202	229	1121	0	80471
26162	80787	204	240	385	0	81616
26163	1106	218	225	80506	0	82055
26164	396	78312	267	1028	0	80003
26165	295	83921	258	424	0	84898
26166	86100	1063	256	260	0	87679
26167	1114	406	85033	261	0	86814
26168	384	282	1028	84899	0	86593
26169	88260	289	361	1110	0	90020
26170	88822	264	290	420	0	89796
26171	1252	250	287	88781	0	90570
26172	579	265	88587	1172	0	90603
26173	420	374	83413	451	0	84658
26174	81937	224	1254	385	0	83800
26175	88436	232	439	357	0	89464
26176	1328	86888	449	384	0	89049
26177	596	91584	382	363	0	92925
26178	98126	1162	317	437	0	100042
26179	101345	381	271	371	0	102368
26180	1453	294	292	102145	0	104184
26181	704	263	232	104504	0	105703
26182	602	254	236	105872	0	106964
26183	105247	297	274	1420	0	107238
26184	1450	280	215	105178	0	107123
26185	754	283	106793	1304	0	109134
26186	104051	283	1093	502	0	105929
26187	1412	303	318	108356	0	110389
26188	709	349	110629	1222	0	112909
26189	105308	354	1103	476	0	107241
26190	109379	313	559	435	0	110686
26191	1353	116335	380	457	0	118525
26192	636	119982	339	433	0	121390
26193	711	1312	118608	409	0	121040
26194	113919	505	1061	369	0	115854
26195	1453	122781	403	505	0	125142
26196	795	1309	122563	416	0	125083
26197	113962	462	1200	447	0	116071
26198	1461	131381	390	568	0	133800
26199	713	1309	132267	482	0	134771
26200	123955	719	1170	406	0	126250
26201	1474	132422	386	400	0	134682
26202	600	1268	469	135725	0	138062
26203	136395	377	290	1315	0	138377
26204	1346	135655	300	582	0	137883
26205	522	1344	239	137968	0	140073
26206	137591	342	273	1313	0	139519
26207	1324	309	137454	509	0	139596
26208	424	134343	1137	490	0	136394
26209	557	1120	135081	248	0	137006
26210	480	701	1011	132790	0	134982
26211	328	249	135193	951	0	136721
26212	171	126378	907	559	0	128015
26213	283	126008	232	162	0	126685
26214	254	917	281	127833	0	129285
26215	104	217	88	121874	0	122283
26216	97	110	70	125986	0	126263
26217	150	138	131970	648	0	132906
26218	77	156	574	131022	0	131829
26219	132598	62	231	687	0	133578
26220	126990	102	119	260	0	127471
26221	885	263	134715	199	0	136062
26222	260	132502	705	286	0	133753
26223	137921	646	189	86	0	138842
26224	615	133256	189	182	0	134242
26225	137953	659	184	149	0	138945
26226	136785	198	106	201	0	137290
26227	856	185	135621	134	0	136796
26228	256	138105	707	277	0	139345
26229	175	696	180	144839	0	145890
26230	215	225	144339	727	0	145506
26231	137549	248	763	237	0	138797
26232	707	124	226	145315	0	146372
26233	295	144	144256	713	0	145408
26234	138223	122	797	269	0	139411
26235	1166	118	149463	161	0	150908
26236	327	104	911	149748	0	151090
26237	157736	106	293	1051	0	159186
26238	1029	158146	256	498	0	159929
26239	516	1069	165081	242	0	166908
26240	163153	322	1216	187	0	164878
26241	180235	150	352	323	0	181060
26242	2218	183446	335	188	0	186187
26243	763	1968	163	189125	0	192019
26244	464	626	138	190012	0	191240
26245	188992	369	147	2705	0	192213
26246	2272	228	158	188255	0	190913
26247	915	247	188217	2652	0	192031
26248	494	164	2081	187007	0	189746
26249	188762	130	662	2691	0	192245
26250	2481	182090	515	1265	0	186351
26251	844	2503	235	181595	0	185177
26252	503	180071	250	2693	0	183517
26253	187147	2907	196	862	0	191112
26254	2914	982	157	198305	0	202358
26255	980	484	187	204224	0	205875
26256	626	199491	301	5048	0	205466
26257	678	4093	196111	1840	0	202722
26258	331	1319	3926	195110	0	200686
26259	351	754	1227	202570	0	204902
26260	373	513	645	202758	0	204289
26261	314	194096	687	5715	0	200812
26262	546	3898	197924	2203	0	204571
26263	544	1427	203280	1223	0	206474
26264	198758	717	5134	913	0	205522
26265	208445	530	1808	732	0	211515
26266	5663	413	210504	675	0	217255
26267	205522	351	4584	785	0	211242
26268	5488	484	213706	741	0	220419
26269	204913	498	5093	726	0	211230
26270	5071	211619	2029	1090	0	219809
26271	220560	4287	1194	878	0	226919
26272	5707	1522	221221	797	0	229247
26273	2363	1030	224766	825	0	228984
26274	1238	767	6004	233168	0	241177
26275	247740	482	2355	6408	0	256985
26276	6549	248931	1766	2580	0	259826
26277	2845	6969	276892	1443	0	288149
26278	1791	2208	9055	278349	0	291403
26279	1565	1184	2982	293761	0	299492
26280	287321	748	1574	11482	0	301125
26281	290416	630	1204	3880	0	296130
26282	12007	608	882	286179	0	299676
26283	289971	665	868	10201	0	301705
26284	11369	680	278352	3686	0	294087
26285	4083	524	9303	278683	0	292593
26286	2216	538	3008	293308	0	299070
26287	285596	560	1605	12345	0	300106
26288	286721	569	1353	4369	0	293012
26289	12313	598	1116	281469	0	295496
26290	280738	445	1099	10769	0	293051
26291	11683	634	267668	4056	0	284041
26292	4383	265462	9277	2786	0	281908
26293	3035	9238	265406	2055	0	279734
26294	2325	3448	9851	271013	0	286637
26295	270061	1273	3556	10755	0	285645
26296	10578	262462	2055	4440	0	279535
26297	4057	9493	1603	267118	0	282271
26298	2519	3013	1443	264799	0	271774
26299	2187	255803	1384	13081	0	272455
26300	2112	9985	1308	264297	0	277702
26301	2190	3251	1340	270209	0	276990
26302	2290	1636	1342	271880	0	277148
26303	2290	1216	1256	271258	0	276020
26304	2469	832	1434	268348	0	273083
26305	2492	249336	1515	15441	0	268784
26306	2554	9171	1410	262442	0	275577
26307	2461	2966	1408	267115	0	273950
26308	2883	1920	243824	15065	0	263692
26309	2348	244339	9773	7016	0	263476
26310	2428	9762	3314	254824	0	270328
26311	2447	3333	2028	258465	0	266273
26312	2507	1974	1696	258003	0	264180
26313	2486	240740	1721	15343	0	260290
26314	2636	9709	238492	7327	0	258164
26315	2351	3463	9925	251468	0	267207
26316	2291	2326	245148	13572	0	263337
26317	2307	2054	242876	6528	0	253765
26318	1929	1742	12422	244898	0	260991
26319	246535	1607	4415	13664	0	266221
26320	10823	1673	2568	249916	0	264980
26321	4091	1639	1972	251209	0	258911
26322	2616	241767	1571	16066	0	262020
26323	2265	10060	1371	252074	0	265770
26324	1848	3745	1870	258875	0	266338
26325	1981	2248	243490	16969	0	264688
26326	1651	242868	9815	8472	0	262806
26327	1489	9927	3761	255251	0	270428
26328	242077	3769	2477	14365	0	262688
26329	10216	2530	238368	7472	0	258586
26330	3635	2145	10268	243802	0	259850
26331	2267	1827	3942	252881	0	260917
26332	239517	1873	2424	16053	0	259867
26333	10128	234987	2094	9173	0	256382
26334	235176	9977	1593	6672	0	253418
26335	10334	232169	1726	6037	0	250266
26336	3691	10570	1627	234991	0	250879
26337	227940	4202	1731	13700	0	247573
26338	10190	2749	222278	7366	0	242583
26339	3696	216152	9840	5981	0	235669
26340	2389	224943	3984	5424	0	236740
26341	205138	10672	2938	5046	0	223794
26342	9005	3952	2205	198703	0	213865
26343	3793	193213	1903	11969	0	210878
26344	2442	204824	1585	6750	0	215601
26345	2203	10380	1398	204606	0	218587
26346	1943	4475	1312	210871	0	218601
26347	197862	2879	1354	14050	0	216145
26348	8883	195521	1551	7515	0	213470
26349	3497	8907	1775	201798	0	215977
26350	2648	3773	190290	11538	0	208249
26351	2291	191160	8560	6504	0	208515
26352	2321	8605	188234	4845	0	204005
26353	2206	188569	8669	4495	0	203939
26354	3323	8658	3714	178988	0	194683
26355	2100	3027	1425	176514	0	183066
26356	1944	171649	1428	9791	0	184812
26357	1996	7339	170896	4883	0	185114
26358	170250	3553	6467	3597	0	183867
26359	7098	2665	2449	178325	0	190537
26360	2709	2425	1614	185586	0	192334
26361	2110	2385	175719	10078	0	190292
26362	1671	2453	6771	179570	0	190465
26363	1585	2442	175129	9676	0	188832
26364	1411	2499	6600	179014	0	189524
26365	1446	2470	178193	9326	0	191435
26366	1134	175517	6825	5946	0	189422
26367	1331	7451	181489	4344	0	194615
26368	1462	3602	7007	184780	0	196851
26369	182111	2374	2409	10251	0	197145
26370	7339	177419	1489	5323	0	191570
26371	2605	8599	1431	181223	0	193858
26372	1966	3447	171916	9489	0	186818
26373	1207	173930	7332	4681	0	187150
26374	795	7780	2283	159814	0	170672
26375	915	2736	154691	6599	0	164941
26376	500	137956	4784	2393	0	145633
26377	111621	3389	2081	1692	0	118783
26378	103691	648	449	777	0	105565
26379	2292	339	240	104296	0	107167
26380	105072	241	192	2156	0	107661
26381	2118	246	225	103245	0	105834
26382	569	234	167	106834	0	107804
26383	406	274	108977	2526	0	112183
26384	281	244	1838	107416	0	109779
26385	233	225	458	111042	0	111958
26386	108705	225	309	2545	0	111784
26387	106079	257	351	889	0	107576
26388	2226	105825	288	654	0	108993
26389	744	1922	107705	453	0	110824
26390	373	492	1846	107931	0	110642
26391	400	343	106268	2148	0	109159
26392	99204	263	1887	688	0	102042
26393	2053	261	104468	501	0	107283
26394	553	183	1625	101862	0	104223
26395	311	102622	523	1888	0	105344
26396	294	1707	305	105186	0	107492
26397	211	490	255	105785	0	106741
26398	292	272	108404	2345	0	111313
26399	247	214	1638	107820	0	109919
26400	109462	187	503	2083	0	112235
26401	108975	165	289	769	0	110198
26402	108897	173	280	528	0	109878
26403	110429	171	258	482	0	111340
26404	2118	105500	371	470	0	108459
26405	642	107419	320	460	0	108841
26406	527	1837	266	107136	0	109766
26407	466	619	258	109093	0	110436
26408	289	104524	298	2161	0	107272
26409	302	1474	231	109622	0	111629
26410	291	634	216	109642	0	110783
26411	250	413	245	109595	0	110503
26412	254	264	259	109410	0	110187
26413	314	250	231	110669	0	111464
26414	107468	228	258	2379	0	110333
26415	1756	102585	296	1081	0	105718
26416	655	1697	102664	667	0	105683
26417	408	550	1612	103835	0	106405
26418	372	374	480	105859	0	107085
26419	302	340	322	104939	0	105903
26420	102993	296	289	2428	0	106006
26421	1782	111007	335	1328	0	114452
26422	637	2701	228	113709	0	117275
26423	487	115628	264	3482	0	119861
26424	502	3654	208	115388	0	119752
26425	415	111132	247	3871	0	115665
26426	517	3787	117489	1414	0	123207
26427	367	1016	4025	128378	0	133786
26428	438	685	149140	5407	0	155670
26429	415	437	5956	151444	0	158252
26430	425	410	1756	169632	0	172223
26431	165456	353	1018	8741	0	175568
26432	168614	407	599	3092	0	172712
26433	172201	299	469	1971	0	174940
26434	171603	366	455	1280	0	173704
26435	171987	345	456	1040	0	173828
26436	9518	464	420	160216	0	170618
26437	3160	160704	607	7304	0	171775
26438	1848	6830	390	163478	0	172546
26439	1241	2067	153722	8468	0	165498
26440	155530	1203	6369	2842	0	165944
26441	164364	667	1708	1936	0	168675
26442	9048	429	1112	160390	0	170979
26443	3321	376	602	162315	0	166614
26444	2063	152491	587	9013	0	164154
26445	1358	6558	351	160747	0	169014
26446	1153	2205	509	162213	0	166080
26447	1061	153279	504	9323	0	164167
26448	1063	6795	441	161046	0	169345
26449	154849	1933	434	8973	0	166189
26450	7633	1403	148950	3198	0	161184
26451	149262	731	6427	2476	0	158896
26452	8304	933	148153	1906	0	159296
26453	2633	620	7162	149714	0	160129
26454	1877	594	2013	149650	0	154134
26455	1308	143959	1354	8911	0	155532
26456	1284	152626	755	3752	0	158417
26457	1223	8514	586	147883	0	158206
26458	1254	2797	140315	8296	0	152662
26459	140212	1543	6437	2995	0	151187
26460	7295	893	1902	143988	0	154078
26461	2382	140850	1363	8204	0	152799
26462	1832	6885	735	145286	0	154738
26463	1297	2428	506	146154	0	150385
26464	1210	138795	495	9353	0	149853
26465	1150	6873	407	136479	0	144909
26466	1131	2106	120681	8349	0	132267
26467	956	1570	119620	2758	0	124904
26468	731	1024	6126	117218	0	125099
26469	550	120452	2147	6061	0	129210
26470	668	5828	1317	123040	0	130853
26471	121842	1812	586	7155	0	131395
26472	125678	1339	508	2646	0	130171
26473	120959	802	526	1973	0	124260
26474	7571	113985	630	1491	0	123677
26475	2667	5509	111050	1262	0	120488
26476	114367	1935	5340	1244	0	122886
26477	120288	1440	1649	1306	0	124683
26478	7105	113310	1086	1446	0	122947
26479	2768	5854	578	116140	0	125340
26480	117335	2024	459	6494	0	126312
26481	120843	1421	598	2368	0	125230
26482	122416	835	671	1860	0	125782
26483	8367	673	775	111319	0	121134
26484	113695	678	747	6742	0	121862
26485	7454	623	608	112907	0	121592
26486	2998	684	535	118045	0	122262
26487	112768	756	498	8366	0	122388
26488	7266	708	533	112897	0	121404
26489	110631	695	599	7866	0	119791
26490	7780	680	645	110536	0	119641
26491	3322	685	568	116073	0	120648
26492	109878	807	456	9207	0	120348
26493	7463	880	102118	4372	0	114833
26494	3463	738	5419	109241	0	118861
26495	3182	648	1765	112559	0	118154
26496	2779	561	1282	111322	0	115944
26497	2424	653	734	114008	0	117819
26498	2142	692	695	108540	0	112069
26499	1880	99791	620	9887	0	112178
26500	1860	5970	673	105269	0	113772
26501	2095	2117	98241	8687	0	111140
26502	2142	1533	5546	104628	0	113849
26503	2204	920	1732	108196	0	113052
26504	2057	798	1168	111486	0	115509
26505	1881	829	100137	10080	0	112927
26506	1522	1046	101199	5222	0	108989
26507	100570	1065	6791	3657	0	112083
26508	104747	843	2668	3168	0	111426
26509	7732	101829	1627	2872	0	114060
26510	3492	6141	890	105770	0	116293
26511	2222	2327	747	113479	0	118775
26512	1663	1654	897	116430	0	120644
26513	108644	966	1062	10072	0	120744
26514	113953	845	1101	4724	0	120623
26515	7980	793	974	111339	0	121086
26516	3309	1026	815	115059	0	120209
26517	2168	1183	674	116169	0	120194
26518	1394	1156	669	117386	0	120605
26519	107314	1077	852	10525	0	119768
26520	6507	1026	100941	5329	0	113803
26521	2337	86840	4604	3618	0	97399
26522	1668	88133	1618	2585	0	94004
26523	82714	4659	888	2364	0	90625
26524	4511	3881	733	81457	0	90582
26525	1730	1552	78569	5581	0	87432
26526	1318	903	72467	2786	0	77474
26527	810	68224	3533	2276	0	74843
26528	45492	1385	1059	671	0	48607
26529	1386	449	44232	572	0	46639
26530	30054	182	842	207	0	31285
26531	399	45	255	33180	0	33879
26532	182	31	56	34105	0	34374
26533	114	32642	67	560	0	33383
26534	131	34754	52	283	0	35220
26535	35511	318	42	207	0	36078
26536	35329	151	45	194	0	35719
26537	373	34651	73	211	0	35308
26538	184	243	33571	139	0	34137
26539	129	149	34844	165	0	35287
26540	137	71	301	35035	0	35544
26541	37503	35	250	258	0	38046
26542	219	35808	109	223	0	36359
26543	162	232	51	38568	0	39013
26544	39324	116	64	313	0	39817
26545	299	86	28	39983	0	40396
26546	157	23	50	41767	0	41997
26547	41799	37	67	502	0	42405
26548	357	40637	64	340	0	41398
26549	183	44039	52	196	0	44470
26550	185	446	45396	115	0	46142
26551	74	203	342	46395	0	47014
26552	81	125	153	47003	0	47362
26553	87	73	48795	529	0	49484
26554	40469	69	413	327	0	41278
26555	45229	81	190	181	0	45681
26556	522	105	48823	105	0	49555
26557	39700	94	460	158	0	40412
26558	472	80	50559	137	0	51248
26559	222	52341	445	127	0	53135
26560	146	362	162	57411	0	58081
26561	81	160	115	59532	0	59888
26562	59775	108	50	537	0	60470
26563	59465	68	63	302	0	59898
26564	58946	60	65	190	0	59261
26565	59266	46	59	124	0	59495
26566	58983	53	81	139	0	59256
26567	607	98	57908	123	0	58736
26568	401	56132	408	135	0	57076
26569	216	350	157	59022	0	59745
26570	128	58170	140	362	0	58800
26571	96	59603	112	254	0	60065
26572	170	467	75	59997	0	60709
26573	96	222	57	60398	0	60773
26574	121	130	59947	489	0	60687
26575	55651	52	437	263	0	56403
26576	60824	51	151	146	0	61172
26577	485	58134	173	137	0	58929
26578	61177	326	45	86	0	61634
26579	63996	136	43	71	0	64246
26580	474	97	52	63242	0	63865
26581	270	83	66129	360	0	66842
26582	160	86	65430	179	0	65855
26583	66274	52	362	117	0	66805
26584	67846	36	157	67	0	68106
26585	470	65488	113	111	0	66182
26586	222	68528	80	104	0	68934
26587	152	442	38	73154	0	73786
26588	73770	195	36	375	0	74376
26589	434	166	75235	183	0	76018
26590	202	67	454	76884	0	77607
26591	79847	43	195	515	0	80600
26592	80062	51	125	250	0	80488
26593	651	42	64	82543	0	83300
26594	84198	44	64	552	0	84858
26595	666	103	80520	240	0	81529
26596	316	106	88263	162	0	88847
26597	223	49	631	85960	0	86863
26598	112	46	282	92519	0	92959
26599	82	57	149	92509	0	92797
26600	108	89336	140	771	0	90355
26601	119	92257	92	376	0	92844
26602	89	680	45	93945	0	94759
26603	95248	282	53	569	0	96152
26604	505	156	69	95709	0	96439
26605	238	89	51	95956	0	96334
26606	170	93626	109	867	0	94772
26607	100	97184	99	578	0	97961
26608	97	654	57	99804	0	100612
26609	88	432	40	97357	0	97917
26610	97020	181	37	730	0	97968
26611	532	92823	95	447	0	93897
26612	96390	539	37	220	0	97186
26613	661	222	28	96943	0	97854
26614	317	189	95457	627	0	96590
26615	250	207	93892	297	0	94646
26616	96531	125	735	206	0	97597
26617	559	69	356	102986	0	103970
26618	228	70	154	103308	0	103760
26619	177	72	75	104952	0	105276
26620	182	147	104969	938	0	106236
26621	119	57	496	105667	0	106339
26622	87	104921	278	912	0	106198
26623	91	679	154	111130	0	112054
26624	99	238	89	110806	0	111232
26625	122	112564	110	1036	0	113832
26626	92	1054	62	118533	0	119741
26627	115999	256	50	1366	0	117671
26628	1118	113128	136	547	0	114929
26629	122805	1269	58	291	0	124423
26630	124342	367	63	240	0	125012
26631	1814	215	49	123375	0	125453
26632	630	133	55	122904	0	123722
26633	346	102	43	126764	0	127255
26634	316	235	118070	2247	0	120868
26635	201	115402	1425	1043	0	118071
26636	183	121278	422	522	0	122405
26637	136	1823	170	122117	0	124246
26638	120896	506	171	1714	0	123287
26639	1623	310	100	118804	0	120837
26640	583	475	118986	1952	0	121996
26641	276	114596	1418	828	0	117118
26642	186	119786	416	547	0	120935
26643	121911	1711	182	290	0	124094
26644	122648	549	141	268	0	123606
26645	1781	128506	218	372	0	130877
26646	133326	1472	160	210	0	135168
26647	1775	601	127530	219	0	130125
26648	642	549	126227	211	0	127629
26649	130714	218	1859	203	0	132994
26650	134533	208	551	297	0	135589
26651	2176	182	253	132645	0	135256
26652	133664	156	203	1876	0	135899
26653	2188	250	130391	626	0	133455
26654	803	278	137399	330	0	138810
26655	487	261	2458	157945	0	161151
26656	359	183	737	180856	0	182135
26657	394	142	384	188302	0	189222
26658	348	402	282	193564	0	194596
26659	337	202	190	206961	0	207690
26660	493	274	193869	8573	0	203209
26661	323	213	5612	197029	0	203177
26662	196547	130	1452	8392	0	206521
26663	6250	180	891	200171	0	207492
26664	198010	182	646	8695	0	207533
26665	6960	224	505	200674	0	208363
26666	202160	210	554	8731	0	211655
26667	210509	237	495	3745	0	214986
26668	8550	219	546	205763	0	215078
26669	3006	198	738	212883	0	216825
26670	206553	211	573	9438	0	216775
26671	209325	186	400	4026	0	213937
26672	9248	345	201979	3065	0	214637
26673	3950	213	5775	206575	0	216513
26674	2853	216	1482	216745	0	221296
26675	210179	178	1022	9508	0	220887
26676	214931	193	842	3911	0	219877
26677	8989	197	579	211517	0	221282
26678	3653	161	772	217361	0	221947
26679	2956	171	572	217214	0	220913
26680	2511	175	628	214288	0	217602
26681	1826	194475	957	11519	0	208777
26682	1775	203993	701	5428	0	211897
26683	1627	7247	523	204598	0	213995
26684	1847	198950	728	9371	0	210896
26685	1767	6883	469	206518	0	215637
26686	1539	2201	195423	10495	0	209658
26687	1371	1743	191164	5359	0	199637
26688	1281	194113	6931	4652	0	206977
26689	1266	6880	2077	198583	0	208806
26690	1571	2561	192334	9319	0	205785
26691	1341	1888	6645	192562	0	202436
26692	1237	1459	2191	203540	0	208427
26693	193394	1200	1708	10683	0	206985
26694	7469	1022	1561	197610	0	207662
26695	2819	906	192796	10121	0	206642
26696	2274	943	189973	4743	0	197933
26697	2002	181958	7797	4232	0	195989
26698	1812	197309	2879	4119	0	206119
26699	199670	7467	2183	3525	0	212845
26700	8097	2343	206958	3648	0	221046
26701	3071	1382	7119	209183	0	220755
26702	211222	1094	2600	9315	0	224231
26703	211502	941	2048	4636	0	219127
26704	8679	206592	2149	3946	0	221366
26705	3637	7042	1806	211851	0	224336
26706	2827	2695	1416	220220	0	227158
26707	2371	1979	1096	219649	0	225095
26708	212074	1446	1204	11026	0	225750
26709	8232	1253	204670	5592	0	219747
26710	3049	206413	6810	4887	0	221159
26711	2837	7191	2143	213803	0	225974
26712	2255	2640	1615	221340	0	227850
26713	1808	2323	209058	10922	0	224111
26714	1633	1691	6921	210763	0	221008
26715	1514	1443	2283	219421	0	224661
26716	1524	1349	1822	219111	0	223806
26717	1824	1183	1801	218444	0	223252
26718	1445	1322	204256	12486	0	219509
26719	1094	1438	7324	209009	0	218865
26720	1310	1243	204679	11932	0	219164
26721	1153	199257	7710	7273	0	215393
26722	1361	6857	3128	207852	0	219198
26723	1490	2241	2308	216145	0	222184
26724	1789	1498	201328	12136	0	216751
26725	1471	193898	6970	7425	0	209764
26726	1979	6587	2872	199313	0	210751
26727	2096	2258	195632	9614	0	209600
26728	1654	191404	6779	5813	0	205650
26729	1518	6610	2810	198010	0	208948
26730	2022	2496	193019	9179	0	206716
26731	1909	1952	6494	193329	0	203684
26732	1867	1468	2696	196659	0	202690
26733	1573	1420	2587	203026	0	208606
26734	194338	1767	1831	10226	0	208162
26735	6357	189873	1617	6574	0	204421
26736	196304	6108	1888	4678	0	208978
26737	7132	2399	193133	4523	0	207187
26738	198492	1667	6182	4847	0	211188
26739	211768	1376	2433	4496	0	220073
26740	7725	1262	1880	207000	0	217867
26741	210471	1469	1481	9160	0	222581
26742	214201	1448	1528	5047	0	222224
26743	218597	1658	1319	4491	0	226065
26744	8412	1659	1354	213416	0	224841
26745	3943	1424	1312	210428	0	217107
26746	2821	1191	197085	9376	0	210473
26747	2581	1060	191215	4965	0	199821
26748	190022	1018	6503	3784	0	201327
26749	6415	1494	2617	194503	0	205029
26750	2681	193384	2364	7716	0	206145
26751	197090	5467	2094	3779	0	208430
26752	6116	193409	1720	3734	0	204979
26753	2418	194986	1707	3967	0	203078
26754	3185	6728	184090	3540	0	197543
26755	1314	1663	178579	1807	0	183363
26756	1420	3681	3951	165769	0	174821
26757	831	515	178751	2950	0	183047
26758	592	493	161616	1087	0	163788
26759	149775	96	642	309	0	150822
26760	159627	84	316	217	0	160244
26761	419	101	152	160609	0	161281
26762	229	100	130	163682	0	164141
26763	306	111	169529	547	0	170493
26764	142	165920	523	555	0	167140
26765	147	458	164	174507	0	175276
26766	179482	125	170	481	0	180258
26767	413	116	111	180477	0	181117
26768	193	179083	197	951	0	180424
26769	401	548	180274	325	0	181548
26770	124	179891	624	295	0	180934
26771	188640	526	170	190	0	189526
26772	184056	180	165	178	0	184579
26773	649	168	142	180107	0	181066
26774	359	125	187179	665	0	188328
26775	336	249	178534	418	0	179537
26776	144	181285	1088	293	0	182810
26777	196	827	404	183235	0	184662
26778	132	256	174	190261	0	190823
26779	229	198	188364	1023	0	189814
26780	128	94	803	184197	0	185222
26781	106	194167	436	1090	0	195799
26782	149	1216	179	201612	0	203156
26783	123	380	110	202924	0	203537
26784	270	218	203432	1795	0	205715
26785	103	162	1346	198497	0	200108
26786	201683	94	585	1639	0	204001
26787	1665	172	203235	547	0	205619
26788	647	238	202445	348	0	203678
26789	253	197272	2366	338	0	200229
26790	176	1688	830	212668	0	215362
26791	161	585	301	224716	0	225763
26792	311	306	219464	2832	0	222913
26793	205188	152	2487	1079	0	208906
26794	2338	182	858	222605	0	225983
26795	1006	261	219834	2598	0	223699
26796	433	139	2466	213412	0	216450
26797	355	168	221409	2926	0	224858
26798	527	369	214586	1132	0	216614
26799	133	209977	3401	786	0	214297
26800	170	2453	1225	206072	0	209920
26801	111	207972	660	2587	0	211330
26802	209405	2582	442	927	0	213356
26803	2580	983	207332	608	0	211503
26804	805	201188	2680	793	0	205466
26805	445	2441	1024	208926	0	212836
26806	207022	955	611	2663	0	211251
26807	2352	203188	571	1421	0	207532
26808	817	2525	413	210105	0	213860
26809	417	1069	367	210183	0	212036
26810	217	209124	463	3413	0	213217
26811	214826	3177	364	1554	0	219921
26812	2990	1139	336	240536	0	245001
26813	966	655	404	256407	0	258432
26814	849	642	245053	7314	0	253858
26815	293	256006	5541	3418	0	265258
26816	354	6343	2046	268360	0	277103
26817	313	2097	1098	292679	0	296187
26818	296	288720	726	9879	0	299621
26819	416	8247	488	296329	0	305480
26820	402	2737	508	309684	0	313331
26821	304	1650	436	312431	0	314821
26822	222	300773	545	13007	0	314547
26823	303096	8749	496	4882	0	317223
26824	9363	3176	297662	2788	0	312989
26825	292553	1785	8873	1890	0	305101
26826	10193	298127	3235	1690	0	313245
26827	3298	9078	1771	304546	0	318693
26828	2240	3386	299563	10256	0	315445
26829	1038	2092	9281	302866	0	315277
26830	830	1303	3154	308764	0	314051
26831	690	988	1913	315775	0	319366
26832	908	1310	296613	14186	0	313017
26833	692	292860	9539	7326	0	310417
26834	950	9165	298500	4084	0	312699
26835	613	301200	10873	3334	0	316020
26836	1073	10722	306178	2554	0	320527
26837	646	3980	10825	309792	0	325243
26838	301970	2620	4046	11486	0	320122
26839	8932	306212	2803	5797	0	323744
26840	3328	10142	307754	4070	0	325294
26841	1848	306502	9965	3628	0	321943
26842	1604	11244	311166	3196	0	327210
26843	1016	4557	11240	300977	0	317790
26844	1190	3332	4340	300635	0	309497
26845	961	300828	3350	12776	0	317915
26846	1172	317562	2346	6339	0	327419
26847	316781	13206	1970	4151	0	336108
26848	10366	5712	1966	311827	0	329871
26849	4180	4069	307195	12376	0	327820
26850	2557	2644	10612	319641	0	335454
26851	1882	2534	320174	14303	0	338893
26852	1603	2572	323365	6628	0	334168
26853	1200	2302	13883	311975	0	329360
26854	1195	311162	6212	12419	0	330988
26855	306544	11202	3895	6190	0	327831
26856	10384	4880	2947	304273	0	322484
26857	3738	3619	2873	301140	0	311370
26858	2351	298501	2687	14756	0	318295
26859	297668	11858	2440	6822	0	318788
26860	304248	5167	2612	4919	0	316946
26861	13382	3703	2575	289113	0	308773
26862	5376	284987	2792	12649	0	305804
26863	3088	306948	2832	6210	0	319078
26864	300985	13871	2628	4731	0	322215
26865	11158	6556	295016	4026	0	316756
26866	290395	4374	11558	3540	0	309867
26867	299545	3474	4886	3728	0	311633
26868	297893	2981	3461	3592	0	307927
26869	14632	285039	2604	4375	0	306650
26870	6278	11661	2415	293865	0	314219
26871	295153	5151	2367	12483	0	315154
26872	299013	3756	2357	6079	0	311205
26873	13721	290485	2710	5150	0	312066
26874	299488	11063	2246	4011	0	316808
26875	12608	5068	2308	301192	0	321176
26876	5349	3765	2322	306332	0	317768
26877	3649	296156	2287	14937	0	317029
26878	3093	11112	2071	307563	0	323839
26879	2909	5182	1864	312864	0	322819
26880	2876	302091	2069	15637	0	322673
26881	2833	11037	1737	292365	0	307972
26882	2454	295472	1818	14264	0	314008
26883	298036	12170	2089	6476	0	318771
26884	291408	5698	1930	4987	0	304023
26885	12987	289495	1756	4777	0	309015
26886	6416	11015	280552	3989	0	301972
26887	4232	6006	9032	290930	0	310200
26888	4003	4319	283568	11405	0	303295
26889	3282	276198	10300	6364	0	296144
26890	3209	287564	4063	4923	0	299759
26891	273041	11334	2613	3087	0	290075
26892	10476	279095	1953	2928	0	294452
26893	5487	10957	1718	270944	0	289106
26894	4049	273033	1941	9298	0	288321
26895	3757	283461	1317	4575	0	293110
26896	278887	12178	1286	3606	0	295957
26897	10347	5551	1387	276476	0	293761
26898	5173	4261	268943	10480	0	288857
26899	3963	3358	267995	5655	0	280971
26900	2950	270269	10016	4772	0	288007
26901	273283	10289	4131	3576	0	291279
26902	9452	275058	2824	3162	0	290496
26903	4188	11764	1853	282387	0	300192
26904	281853	5515	1694	10702	0	299764
26905	10421	4199	1447	286192	0	302259
26906	4465	3607	1519	290762	0	300353
26907	3752	282443	1437	13348	0	300980
26908	3097	10570	1257	291684	0	306608
26909	2554	5550	281916	12111	0	302131
26910	279395	4026	8985	5477	0	297883
26911	10132	292325	3722	4408	0	310587
26912	3334	285920	1974	2795	0	294023
26913	273609	8913	1219	1874	0	285615
26914	8316	4171	267557	1924	0	281968
26915	254856	3179	6955	1493	0	266483
26916	7478	280060	2422	1762	0	291722
26917	2111	296251	1387	1174	0	300923
26918	1899	10027	285693	1082	0	298701
26919	1173	301560	8256	1069	0	312058
26920	1174	9181	2578	281609	0	294542
26921	777	3775	1298	285694	0	291544
26922	546	284389	795	8515	0	294245
26923	740	7750	404	292380	0	301274
26924	292227	2863	421	8498	0	304009
26925	7996	2068	283152	2779	0	295995
26926	288112	1380	7368	1656	0	298516
26927	300408	1181	2445	1096	0	305130
26928	298735	1399	1256	1051	0	302441
26929	11097	1600	290381	999	0	304077
26930	4240	1159	7771	289754	0	302924
26931	2461	1393	290491	8388	0	302733
26932	284700	1200	8585	3003	0	297488
26933	287854	1246	2949	1876	0	293925
26934	10079	284184	1843	1509	0	297615
26935	4187	8472	1195	287407	0	301261
26936	2498	287175	1172	8350	0	299195
26937	2149	9063	285288	3161	0	299661
26938	1480	3340	8356	290406	0	303582
26939	289241	2130	2932	9301	0	303604
26940	293332	1328	1787	3378	0	299825
26941	11664	1407	1227	275384	0	289682
26942	4490	273402	1724	8407	0	288023
26943	3195	8460	278386	3164	0	293205
26944	2216	3446	284405	2050	0	292117
26945	267885	2017	11035	1650	0	282587
26946	9711	1706	278291	1470	0	291178
26947	3908	271398	9613	2417	0	287336
26948	2704	8484	3502	276355	0	291045
26949	2378	3169	277110	8568	0	291225
26950	1817	1904	9222	273262	0	286205
26951	1767	1715	271791	9919	0	285192
26952	256412	1145	10107	3823	0	271487
26953	9510	1302	3825	265058	0	279695
26954	3779	259522	2824	9021	0	275146
26955	2385	269889	1958	4309	0	278541
26956	2153	10857	1691	265444	0	280145
26957	1832	4059	1741	267135	0	274767
26958	1619	256325	1966	11713	0	271623
26959	2147	9090	255768	4512	0	271517
26960	1895	3371	9209	263147	0	277622
26961	1893	2282	262781	10022	0	276978
26962	1887	2090	259755	4189	0	267921
26963	239575	1752	11730	2740	0	255797
26964	9208	244973	4914	2440	0	261535
26965	249418	9128	2769	2291	0	263606
26966	10342	3918	2435	240464	0	257159
26967	4104	243362	2171	9632	0	259269
26968	2737	9765	2395	249377	0	264274
26969	2059	4041	2384	251284	0	259768
26970	1738	239786	2269	12490	0	256283
26971	2131	9949	237273	5251	0	254604
26972	2140	4257	9421	243952	0	259770
26973	242087	2969	3903	11029	0	259988
26974	9690	2476	2681	240737	0	255584
26975	4037	2529	2324	243585	0	252475
26976	3032	2441	225944	13060	0	244477
26977	2372	225781	9526	6573	0	244252
26978	2199	9616	4174	231093	0	247082
26979	2276	4557	226313	10758	0	243904
26980	2287	3340	226024	5406	0	237057
26981	218107	2741	12144	4209	0	237201
26982	9932	221642	5544	3990	0	241108
26983	222002	9852	3644	3382	0	238880
26984	10611	219927	2949	3634	0	237121
26985	4732	228051	2463	3913	0	239159
26986	221282	12132	2524	3455	0	239393
26987	10283	5493	2659	213817	0	232252
26988	4780	216702	3109	10411	0	235002
26989	3850	9595	2492	224951	0	240888
26990	222564	4276	2251	11425	0	240516
26991	11152	3251	217597	5501	0	237501
26992	5072	2885	217020	4253	0	229230
26993	208692	2558	12071	3367	0	226688
26994	10316	210264	5760	3391	0	229731
26995	5134	9553	208384	3159	0	226230
26996	3680	210447	10583	3358	0	228068
26997	3026	10814	4739	209380	0	227959
26998	3145	4755	209997	10470	0	228367
26999	2250	3613	10372	211738	0	227973
27000	2299	2829	206619	11570	0	223317
27001	200215	2651	11211	5366	0	219443
27002	9898	205686	5086	3965	0	224635
27003	205583	9567	3480	2768	0	221398
27004	10280	5040	3086	192153	0	210559
27005	4261	212038	2778	9256	0	228333
27006	214663	10281	3020	4577	0	232541
27007	218258	4237	3129	3800	0	229424
27008	12350	3339	209572	3179	0	228440
27009	5274	2795	209072	2673	0	219814
27010	183470	1989	10861	2242	0	198562
27011	8578	186077	4907	2592	0	202154
27012	3176	183217	3283	2217	0	191893
27013	4508	11343	2964	171744	0	190559
27014	2371	3904	167278	7954	0	181507
27015	1990	162625	7704	3358	0	175677
27016	1532	145943	2970	2290	0	152735
27017	3375	3749	1575	99955	0	108654
27018	102717	1134	916	2674	0	107441
27019	103780	625	430	1016	0	105851
27020	105487	492	414	648	0	107041
27021	3434	517	101345	484	0	105780
27022	102119	507	2605	438	0	105669
27023	104815	466	914	492	0	106687
27024	106503	510	531	395	0	107939
27025	3426	525	448	100856	0	105255
27026	1274	100397	464	2575	0	104710
27027	101429	2426	434	886	0	105175
27028	2700	100689	445	513	0	104347
27029	902	2475	339	99653	0	103369
27030	679	973	102203	2531	0	106386
27031	744	667	2556	102106	0	106073
27032	566	443	773	105722	0	107504
27033	617	507	101943	3124	0	106191
27034	512	101649	2514	1166	0	105841
27035	475	2431	633	97361	0	100900
27036	95296	747	392	2276	0	98711
27037	2322	92687	319	841	0	96169
27038	93582	2106	240	448	0	96376
27039	2301	835	218	89595	0	92949
27040	1023	91824	257	2028	0	95132
27041	92396	2040	211	631	0	95278
27042	2131	91804	303	492	0	94730
27043	708	1937	88824	279	0	91748
27044	91559	720	1915	273	0	94467
27045	94248	437	499	392	0	95576
27046	2481	92138	390	323	0	95332
27047	889	2082	87776	223	0	90970
27048	449	95107	1946	288	0	97790
27049	424	2605	694	87332	0	91055
27050	316	762	255	97840	0	99173
27051	314	475	173	98853	0	99815
27052	305	96826	185	2821	0	100137
27053	364	2309	173	98832	0	101678
27054	389	789	159	100377	0	101714
27055	97855	470	266	2874	0	101465
27056	2450	363	153	97914	0	100880
27057	894	278	148	101517	0	102837
27058	98983	302	140	2948	0	102373
27059	2466	97927	219	1106	0	101718
27060	101735	2349	192	539	0	104815
27061	101789	765	235	435	0	103224
27062	102017	459	177	405	0	103058
27063	3146	382	165	99532	0	103225
27064	1135	355	195	103515	0	105200
27065	765	429	98109	3171	0	102474
27066	638	484	97408	1121	0	99651
27067	516	439	97134	787	0	98876
27068	92621	368	2912	610	0	96511
27069	2785	463	95130	622	0	99000
27070	964	95246	2499	678	0	99387
27071	701	2472	782	96716	0	100671
27072	623	961	472	94533	0	96589
27073	574	96992	430	2740	0	100736
27074	731	2603	100048	1069	0	104451
27075	589	100990	2319	885	0	104783
27076	103334	2651	763	582	0	107330
27077	2836	1032	102112	578	0	106558
27078	1119	100699	2566	832	0	105216
27079	931	2549	103198	561	0	107239
27080	673	1000	2573	103187	0	107433
27081	720	721	104240	2720	0	108401
27082	628	592	2635	101939	0	105794
27083	104442	449	925	3003	0	108819
27084	2849	536	102785	1191	0	107361
27085	1093	101970	2605	937	0	106605
27086	106404	2612	907	762	0	110685
27087	3001	1006	107857	747	0	112611
27088	1186	711	107433	816	0	110146
27089	809	578	3064	105149	0	109600
27090	770	533	105752	3044	0	110099
27091	101560	577	2834	1372	0	106343
27092	2777	103644	1108	1593	0	109122
27093	1304	2717	707	105819	0	110547
27094	853	108209	575	2857	0	112494
27095	112553	2794	694	1285	0	117326
27096	2999	1169	110125	1023	0	115316
27097	1281	849	113934	873	0	116937
27098	852	642	3293	112951	0	117738
27099	761	598	1259	116553	0	119171
27100	793	581	880	118363	0	120617
27101	728	570	770	119776	0	121844
27102	805	703	117176	3946	0	122630
27103	708	115714	2964	1832	0	121218
27104	531	2370	941	110063	0	113905
27105	630	1020	103147	2506	0	107303
27106	485	101844	2330	1045	0	105704
27107	103219	2241	1423	721	0	107604
27108	2689	1002	665	102183	0	106539
27109	100349	512	621	2323	0	103805
27110	2172	99351	419	1204	0	103146
27111	100627	2052	470	744	0	103893
27112	2329	942	102382	662	0	106315
27113	908	882	2096	99061	0	102947
27114	605	102749	881	2202	0	106437
27115	655	2180	101005	983	0	104823
27116	405	101057	2104	913	0	104479
27117	472	2317	931	91677	0	95397
27118	97454	854	511	1925	0	100744
27119	1863	96530	506	964	0	99863
27120	97996	1821	488	620	0	100925
27121	2132	701	97027	577	0	100437
27122	863	571	95794	529	0	97757
27123	96573	294	2370	449	0	99686
27124	1800	493	1010	97305	0	100608
27125	801	592	619	99061	0	101073
27126	683	363	104230	2195	0	107471
27127	497	436	100803	895	0	102631
27128	382	101372	2244	675	0	104673
27129	102480	1973	1034	749	0	106236
27130	97966	597	473	292	0	99328
27131	1698	94678	408	368	0	97152
27132	754	1398	338	100513	0	103003
27133	102364	578	326	1478	0	104746
27134	1407	363	368	102096	0	104234
27135	103993	280	319	1608	0	106200
27136	104230	247	294	742	0	105513
27137	108524	228	372	436	0	109560
27138	1904	400	307	105386	0	107997
27139	782	265	288	110780	0	112115
27140	107330	235	272	1941	0	109778
27141	106746	234	289	846	0	108115
27142	106819	256	306	491	0	107872
27143	1981	103169	309	641	0	106100
27144	102100	1077	195	263	0	103635
27145	1261	99455	232	297	0	101245
27146	100992	1143	241	265	0	102641
27147	1308	425	99974	247	0	101954
27148	90391	289	1245	291	0	92216
27149	913	92153	370	258	0	93694
27150	325	93676	208	258	0	94467
27151	96818	751	245	134	0	97948
27152	747	311	116	94859	0	96033
27153	306	185	110	96926	0	97527
27154	244	94230	174	868	0	95516
27155	185	99846	136	566	0	100733
27156	106801	769	156	206	0	107932
27157	847	393	108122	155	0	109517
27158	358	189	689	114376	0	115612
27159	116717	152	254	834	0	117957
27160	1164	255	113806	427	0	115652
27161	391	124730	1031	293	0	126445
27162	137393	1797	304	171	0	139665
27163	3089	430	138293	153	0	141965
27164	748	296	2925	145796	0	149765
27165	479	370	148237	3473	0	152559
27166	141664	163	3536	858	0	146221
27167	3369	149724	927	576	0	154596
27168	155104	3470	605	293	0	159472
27169	155549	828	266	225	0	156868
27170	4276	517	145	154152	0	159090
27171	153925	294	185	3766	0	158170
27172	3951	188	128	154656	0	158923
27173	1084	190	111	158383	0	159768
27174	743	301	145321	4476	0	150841
27175	433	145945	3193	1392	0	150963
27176	310	3636	705	152229	0	156880
27177	450	790	380	153942	0	155562
27178	241	466	246	154784	0	155737
27179	304	384	146945	4625	0	152258
27180	244	143589	3298	1705	0	148836
27181	300	3361	719	150928	0	155308
27182	284	780	404	154423	0	155891
27183	371	572	148366	4350	0	153659
27184	271	370	3271	148213	0	152125
27185	148826	202	831	4124	0	153983
27186	3429	146245	530	1262	0	151466
27187	148414	3379	318	701	0	152812
27188	4101	878	146213	492	0	151684
27189	1160	499	3353	147771	0	152783
27190	150947	340	829	3666	0	155782
27191	150919	247	518	1035	0	152719
27192	4458	298	151057	687	0	156500
27193	1487	246	3450	149398	0	154581
27194	968	251	148756	3815	0	153790
27195	141354	197	3675	1220	0	146446
27196	3582	147075	1168	951	0	152776
27197	150151	3440	657	655	0	154903
27198	149759	939	609	528	0	151835
27199	4332	149566	531	658	0	155087
27200	154593	3621	474	457	0	159145
27201	4333	1033	149190	488	0	155044
27202	149510	692	3490	578	0	154270
27203	4242	544	1101	150555	0	156442
27204	1759	498	153324	3841	0	159422
27205	1286	487	3702	153555	0	159030
27206	1194	403	1210	156675	0	159482
27207	1042	385	969	155866	0	158262
27208	1132	152408	907	4701	0	159148
27209	156802	3655	716	2003	0	163176
27210	4215	1152	720	155381	0	161468
27211	1727	152956	755	4512	0	159950
27212	1387	3907	756	149333	0	155383
27213	1351	149263	724	4560	0	155898
27214	1432	4202	149339	2075	0	157048
27215	1158	1379	3695	149503	0	155735
27216	993	1001	1392	156860	0	160246
27217	1110	1022	151860	5262	0	159254
27218	137489	849	4076	2649	0	145063
27219	4066	149734	1491	2434	0	157725
27220	1793	3946	1192	154773	0	161704
27221	1423	1269	1088	150897	0	154677
27222	1340	1112	983	151036	0	154471
27223	1236	148976	1058	5463	0	156733
27224	151726	4067	1062	3001	0	159856
27225	4548	1497	150327	2397	0	158769
27226	1898	1198	144344	2122	0	149562
27227	1565	1021	4557	143272	0	150415
27228	1520	889	1825	150442	0	154676
27229	147127	873	1455	5770	0	155225
27230	4430	142229	1482	3009	0	151150
27231	1923	4024	1325	149145	0	156417
27232	146168	1504	1224	5276	0	154172
27233	5068	1305	976	143341	0	150690
27234	144542	982	1132	5498	0	152154
27235	5438	939	136505	2656	0	145538
27236	2471	138066	4172	2321	0	147030
27237	142965	4240	1626	1845	0	150676
27238	5409	1640	139704	1754	0	148507
27239	137653	1171	4357	1809	0	144990
27240	5407	1056	135987	1834	0	144284
27241	138771	878	4550	1709	0	145908
27242	5272	956	1814	138815	0	146857
27243	141224	841	1569	4785	0	148419
27244	5143	847	1353	139814	0	147157
27245	2271	892	1109	143656	0	147928
27246	140177	826	1154	5989	0	148146
27247	5001	135670	1081	2960	0	144712
27248	2215	4189	921	142700	0	150025
27249	144368	1619	969	5365	0	152321
27250	149405	1432	926	2497	0	154260
27251	5476	1201	921	146063	0	153661
27252	2558	1044	970	152157	0	156729
27253	151549	1055	971	5846	0	159421
27254	5369	959	893	153607	0	160828
27255	2250	1016	953	153999	0	158218
27256	146654	858	909	6119	0	154540
27257	4912	744	806	142194	0	148656
27258	1639	452	129278	5436	0	136805
27259	125049	419	3695	2284	0	131447
27260	4658	550	130530	1595	0	137333
27261	1458	590	115262	1053	0	118363
27262	106157	401	2844	594	0	109996
27263	1747	103350	1424	605	0	107126
27264	580	1005	456	101219	0	103260
27265	459	305	261	101392	0	102417
27266	332	171	132	108276	0	108911
27267	363	123	71	109520	0	110077
27268	109288	122	106	1843	0	111359
27269	113811	90	88	823	0	114812
27270	118530	74	101	589	0	119294
27271	2324	158	127500	416	0	130398
27272	854	83	2295	135827	0	139059
27273	574	107	847	137975	0	139503
27274	497	138	454	133246	0	134335
27275	357	128835	413	4221	0	133826
27276	298	136365	326	1962	0	138951
27277	137402	3762	199	1050	0	142413
27278	3287	1470	175	139082	0	144014
27279	1338	701	177	148484	0	150700
27280	808	395	138	153610	0	154951
27281	586	431	144053	5748	0	150818
27282	564	608	140233	2482	0	143887
27283	142493	227	4637	1497	0	148854
27284	150810	197	1784	1015	0	153806
27285	5117	195	969	144707	0	150988
27286	2065	145676	670	4055	0	152466
27287	1340	3726	434	147553	0	153053
27288	865	1287	302	150570	0	153024
27289	730	802	142222	5675	0	149429
27290	141696	406	3682	2640	0	148424
27291	4199	301	1425	151189	0	157114
27292	1695	260	857	149762	0	152574
27293	143708	207	555	6025	0	150495
27294	4562	145696	540	2985	0	153783
27295	150825	4235	362	1760	0	157182
27296	5255	1754	321	146196	0	153526
27297	2052	142389	319	4975	0	149735
27298	146008	4505	252	2231	0	152996
27299	4874	1752	356	145194	0	152176
27300	143239	932	286	5264	0	149721
27301	141985	553	328	2493	0	145359
27302	141872	463	314	1691	0	144340
27303	6654	135749	389	1345	0	144137
27304	2908	135142	388	1265	0	139703
27305	1899	5602	321	131599	0	139421
27306	1320	133702	313	4924	0	140259
27307	136045	5165	280	2243	0	143733
27308	5167	2065	268	136215	0	143715
27309	136138	1271	311	5356	0	143076
27310	139295	819	290	2594	0	142998
27311	6650	682	346	133632	0	141310
27312	3242	638	320	140763	0	144963
27313	139067	724	297	6767	0	146855
27314	139620	807	320	3283	0	144030
27315	143720	632	289	2305	0	146946
27316	144010	819	272	1868	0	146969
27317	146155	770	240	1700	0	148865
27318	7891	689	202	140612	0	149394
27319	3933	713	269	143623	0	148538
27320	2833	692	281	146304	0	150110
27321	140560	659	274	7749	0	149242
27322	6316	622	289	138939	0	146166
27323	3112	136068	339	6753	0	146272
27324	2387	4886	297	141888	0	149458
27325	137287	2019	350	6806	0	146462
27326	140582	1367	382	3307	0	145638
27327	7645	1024	130818	2358	0	141845
27328	3918	1151	4256	128343	0	137668
27329	2754	132214	1623	5836	0	142427
27330	134695	4734	859	3243	0	143531
27331	6006	135557	569	2661	0	144793
27332	3100	5329	438	137864	0	146731
27333	138922	2177	412	6077	0	147588
27334	140695	1383	403	3124	0	145605
27335	7754	136524	398	2555	0	147231
27336	4152	4952	270	137610	0	146984
27337	3001	2154	133322	6253	0	144730
27338	133659	1362	4428	3339	0	142788
27339	6632	1165	134096	2554	0	144447
27340	137558	906	5042	2120	0	145626
27341	141712	946	1886	2099	0	146643
27342	7840	997	986	137917	0	147740
27343	140828	982	572	6273	0	148655
27344	144359	990	472	3305	0	149126
27345	145753	994	422	2393	0	149562
27346	8754	888	460	139695	0	149797
27347	140655	854	559	6137	0	148205
27348	7426	908	449	139517	0	148300
27349	3942	889	539	139879	0	145249
27350	3092	134745	593	7510	0	145940
27351	2745	4965	486	131092	0	139288
27352	2630	130894	382	6382	0	140288
27353	129635	5111	226	3021	0	137993
27354	130514	2134	233	2353	0	135234
27355	7197	1538	227	126582	0	135544
27356	3860	984	296	129162	0	134302
27357	126606	823	398	6896	0	134723
27358	6465	762	120880	3550	0	131657
27359	124538	629	4013	2405	0	131585
27360	6751	650	1462	121989	0	130852
27361	3686	721	113473	5620	0	123500
27362	115047	637	4030	3037	0	122751
27363	120463	622	1701	2254	0	125040
27364	7416	627	112982	1834	0	122859
27365	116479	540	4005	1750	0	122774
27366	6514	576	108551	1693	0	117334
27367	3659	108437	4182	1678	0	117956
27368	110774	3618	2825	1591	0	118808
27369	108172	1811	1367	1353	0	112703
27370	5828	100308	683	1332	0	108151
27371	2495	91388	518	1048	0	95449
27372	83642	2628	654	823	0	87747
27373	84069	918	385	752	0	86124
27374	3380	683	429	85484	0	89976
27375	1661	493	81501	2616	0	86271
27376	1389	588	78754	1120	0	81851
27377	82059	346	2286	804	0	85495
27378	2848	336	81660	699	0	85543
27379	76473	722	2603	548	0	80346
27380	2065	204	692	75235	0	78196
27381	1071	152	352	76448	0	78023
27382	826	159	76124	1866	0	78975
27383	77175	134	1341	835	0	79485
27384	1775	170	567	79024	0	81536
27385	973	141	397	83855	0	85366
27386	82405	123	295	1895	0	84718
27387	82022	123	250	968	0	83363
27388	82308	152	286	634	0	83380
27389	2133	81707	295	610	0	84745
27390	1025	1145	78861	345	0	81376
27391	78655	366	1012	355	0	80388
27392	80837	227	425	326	0	81815
27393	1603	76876	334	550	0	79363
27394	74843	714	361	189	0	76107
27395	1042	265	110	73899	0	75316
27396	553	207	75478	923	0	77161
27397	75413	145	755	380	0	76693
27398	77358	113	320	255	0	78046
27399	77914	108	171	245	0	78438
27400	78055	94	143	195	0	78487
27401	1231	89	144	76965	0	78429
27402	598	132	133	77622	0	78485
27403	78316	51	142	1019	0	79528
27404	1071	60	141	77795	0	79067
27405	489	59	132	78018	0	78698
27406	413	75375	183	1139	0	77110
27407	393	765	122	78434	0	79714
27408	363	212	105	78569	0	79249
27409	360	127	104	78820	0	79411
27410	333	119	112	79200	0	79764
27411	395	76579	136	1229	0	78339
27412	319	789	117	77207	0	78432
27413	268	245	78	75576	0	76167
27414	298	183	73508	1139	0	75128
27415	307	222	69373	468	0	70370
27416	197	69870	874	389	0	71330
27417	83095	649	350	298	0	84392
27418	1348	83313	299	303	0	85263
27419	356	1465	113	89712	0	91646
27420	368	384	94444	1806	0	97002
27421	101315	207	1827	514	0	103863
27422	2129	136	426	106578	0	109269
27423	106895	100	316	2229	0	109540
27424	107804	97	193	642	0	108736
27425	2651	105861	159	593	0	109264
27426	107501	1987	121	291	0	109900
27427	2313	109991	164	321	0	112789
27428	701	2626	103	113097	0	116527
27429	519	113598	166	2312	0	116595
27430	543	2786	109093	688	0	113110
27431	266	113676	2059	673	0	116674
27432	351	2675	461	113228	0	116715
27433	112826	694	291	2306	0	116117
27434	2157	114624	233	823	0	117837
27435	680	2505	108	116191	0	119484
27436	433	763	110	120429	0	121735
27437	476	539	116968	3212	0	121195
27438	303	309	2530	117986	0	121128
27439	403	297	117522	3168	0	121390
27440	114543	219	2834	1061	0	118657
27441	3085	316	119138	681	0	123220
27442	925	118748	2877	619	0	123169
27443	717	2856	785	120894	0	125252
27444	628	808	464	121411	0	123311
27445	454	691	276	123744	0	125165
27446	122551	410	221	3888	0	127070
27447	3102	477	211	118498	0	122288
27448	914	118670	275	3427	0	123286
27449	116846	3115	244	1203	0	121408
27450	2930	114370	312	1076	0	118688
27451	957	3353	265	116094	0	120669
27452	115698	1096	282	3324	0	120400
27453	3141	112102	381	1289	0	116913
27454	969	116918	372	1122	0	119381
27455	117627	3493	323	742	0	122185
27456	120032	1218	276	843	0	122369
27457	3784	801	116151	801	0	121537
27458	118892	546	3056	745	0	123239
27459	3816	534	121086	752	0	126188
27460	1272	541	3424	122506	0	127743
27461	1030	506	122221	3684	0	127441
27462	734	487	3501	123203	0	127925
27463	735	632	121893	4108	0	127368
27464	724	494	3398	120305	0	124921
27465	600	498	1048	126157	0	128303
27466	122262	572	676	4604	0	128114
27467	3744	522	119164	1851	0	125281
27468	115584	605	3389	1354	0	120932
27469	4080	574	117987	1076	0	123717
27470	1653	548	119190	864	0	122255
27471	1078	729	3898	117037	0	122742
27472	119114	544	1480	3764	0	124902
27473	3562	117676	1059	1585	0	123882
27474	116911	3422	662	1159	0	122154
27475	117478	1127	719	968	0	120292
27476	4276	113393	649	2073	0	120391
27477	116434	3433	713	856	0	121436
27478	4384	1287	116156	873	0	122700
27479	1655	902	3497	117228	0	123282
27480	118189	590	1317	3783	0	123879
27481	3742	116880	1174	1648	0	123444
27482	1471	3325	904	115808	0	121508
27483	1215	1121	825	118421	0	121582
27484	1082	834	757	118799	0	121472
27485	916	701	793	120422	0	122832
27486	116990	531	702	5002	0	123225
27487	119731	538	744	2199	0	123212
27488	120387	560	791	1554	0	123292
27489	118827	486	833	1349	0	121495
27490	5213	561	113452	1063	0	120289
27491	114220	568	3527	1075	0	119390
27492	117623	584	1323	988	0	120518
27493	4938	114099	1022	1103	0	121162
27494	2187	118536	833	1117	0	122673
27495	1693	4043	734	116633	0	123103
27496	1405	1538	662	117385	0	120990
27497	1353	1066	111782	4644	0	118845
27498	1310	115792	3331	2101	0	122534
27499	1335	3499	1232	115127	0	121193
27500	1284	116826	1002	3789	0	122901
27501	1247	3657	691	121174	0	126769
27502	1282	1322	716	121855	0	125175
27503	1208	124936	802	4732	0	131678
27504	1239	3690	684	128858	0	134471
27505	1318	1294	127201	4744	0	134557
27506	1268	1161	127848	2227	0	132504
27507	124366	751	4485	1756	0	131358
27508	131864	611	1710	1522	0	135707
27509	4899	128032	1274	1614	0	135819
27510	131957	3658	845	1150	0	137610
27511	4812	1556	769	130699	0	137836
27512	131218	1109	744	4162	0	137233
27513	4678	128091	770	2327	0	135866
27514	2495	3690	127670	1623	0	135478
27515	126788	1508	4078	1341	0	133715
27516	4683	1251	135546	1216	0	142696
27517	1802	765	122350	973	0	125890
27518	1513	785	121100	896	0	124294
27519	1181	115925	3456	928	0	121490
27520	109680	3342	2923	1110	0	117055
27521	106739	933	868	782	0	109322
27522	2819	642	573	104088	0	108122
27523	1350	588	522	103321	0	105781
27524	1034	105212	539	2890	0	109675
27525	108559	2054	494	1252	0	112359
27526	2383	107815	611	1015	0	111824
27527	1162	106168	562	837	0	108729
27528	106534	1989	568	606	0	109697
27529	2049	849	550	105265	0	108713
27530	1032	588	544	105794	0	107958
27531	841	512	497	107239	0	109089
27532	874	104586	422	2393	0	108275
27533	104529	1501	306	986	0	107322
27534	1924	805	274	102769	0	105772
27535	948	98374	305	1712	0	101339
27536	687	98547	288	799	0	100321
27537	624	1669	241	95710	0	98244
27538	486	96315	310	1468	0	98579
27539	479	1599	332	97375	0	99785
27540	94927	646	308	1481	0	97362
27541	1383	506	91883	734	0	94506
27542	607	94049	1118	618	0	96392
27543	580	1317	501	97395	0	99793
27544	456	671	97872	1274	0	100273
27545	95189	396	1202	637	0	97424
27546	1510	427	405	100582	0	102924
27547	101256	264	263	1468	0	103251
27548	101301	322	220	714	0	102557
27549	1696	105826	301	548	0	108371
27550	110381	1318	199	352	0	112250
27551	109835	829	207	385	0	111256
27552	110578	441	190	305	0	111514
27553	1940	405	170	107610	0	110125
27554	929	359	129	107789	0	109206
27555	630	276	150	109486	0	110542
27556	599	316	106414	1939	0	109268
27557	440	104137	1161	960	0	106698
27558	105525	1115	402	497	0	107539
27559	1135	102713	276	485	0	104609
27560	488	1105	144	103922	0	105659
27561	386	506	101950	1168	0	104010
27562	93052	329	1013	572	0	94966
27563	1083	101896	389	413	0	103781
27564	492	984	224	102412	0	104112
27565	290	444	135	102471	0	103340
27566	332	260	100466	1303	0	102361
27567	216	99576	982	619	0	101393
27568	239	971	331	102673	0	104214
27569	212	414	192	102963	0	103781
27570	198	281	131	100953	0	101563
27571	98714	209	171	1462	0	100556
27572	1181	241	97170	632	0	99224
27573	441	95421	997	514	0	97373
27574	98063	942	371	321	0	99697
27575	1015	97435	249	377	0	99076
27576	472	1090	189	98178	0	99929
27577	341	97367	198	1022	0	98928
27578	96075	1046	100	449	0	97670
27579	97305	440	122	344	0	98211
27580	1278	341	120	98725	0	100464
27581	549	266	97	99871	0	100783
27582	410	230	90	105481	0	106211
27583	410	296	104561	1680	0	106947
27584	401	108314	1184	842	0	110741
27585	314	1262	390	130243	0	132209
27586	244	500	232	133112	0	134088
27587	268	304	167	134171	0	134910
27588	202	246	165	134511	0	135124
27589	340	359	129369	3677	0	133745
27590	245	138964	2408	1635	0	143252
27591	268	2976	812	145152	0	149208
27592	218	1190	328	158887	0	160623
27593	316	772	151316	4725	0	157129
27594	222	498	3226	149784	0	153730
27595	243	147784	1351	4232	0	153610
27596	211	154653	698	2075	0	157637
27597	216	4354	407	154523	0	159500
27598	376	1763	145429	4242	0	151810
27599	132809	925	3508	2272	0	139514
27600	3209	143060	1507	1797	0	149573
27601	1236	3500	142200	1106	0	148042
27602	768	1621	142050	995	0	145434
27603	383	137399	4509	1133	0	143424
27604	672	3566	140265	863	0	145366
27605	437	2440	3929	138049	0	144855
27606	138484	901	1692	3580	0	144657
27607	139236	688	1139	1641	0	142704
27608	138295	668	850	1048	0	140861
27609	143520	609	701	868	0	145698
27610	4771	143457	683	867	0	149778
27611	145923	3692	535	747	0	150897
27612	4461	145510	632	1074	0	151677
27613	2185	4256	140783	751	0	147975
27614	1386	1779	3721	139633	0	146519
27615	977	146150	1538	3830	0	152495
27616	819	4306	970	142757	0	148852
27617	139472	1991	768	4434	0	146665
27618	3839	1352	720	135977	0	141888
27619	1567	139527	744	4505	0	146343
27620	142666	3986	626	2089	0	149367
27621	4419	1866	138270	1413	0	145968
27622	2001	1199	3772	138658	0	145630
27623	1346	908	1550	141433	0	145237
27624	135848	938	934	5071	0	142791
27625	4181	133603	874	2661	0	141319
27626	1907	4193	129949	1661	0	137710
27627	1307	1781	3876	133132	0	140096
27628	1214	1288	131123	4655	0	138280
27629	923	127045	4305	2624	0	134897
27630	873	133978	1836	1869	0	138556
27631	132760	5068	1236	1515	0	140579
27632	4252	2345	130040	1475	0	138112
27633	133026	1576	4254	1363	0	140219
27634	4456	1341	2020	128528	0	136345
27635	1943	132026	1421	4350	0	139740
27636	133765	4363	1054	2150	0	141332
27637	4600	2115	132804	1767	0	141286
27638	2293	1468	4176	132899	0	140836
27639	1539	1225	1905	134915	0	139584
27640	1243	1391	1364	133920	0	137918
27641	1142	131135	1106	5889	0	139272
27642	127323	4328	1166	2967	0	135784
27643	4235	127033	1116	2399	0	134783
27644	1871	129127	1086	1880	0	133964
27645	1467	5220	1142	128125	0	135954
27646	127883	2608	1029	4572	0	136092
27647	126907	1845	1051	2386	0	132189
27648	126646	1662	959	1826	0	131093
27649	5430	117392	994	1786	0	125602
27650	2933	4288	873	118956	0	127050
27651	2237	2498	115915	4463	0	125113
27652	1932	1659	4055	116951	0	124597
27653	1651	1438	1971	117387	0	122447
27654	1605	118156	1272	5475	0	126508
27655	119279	4432	1065	3206	0	127982
27656	4584	2428	983	117351	0	125346
27657	2335	118806	1086	4985	0	127212
27658	119712	4658	1037	2715	0	128122
27659	4914	2571	115029	2124	0	124638
27660	115247	1913	3914	1844	0	122918
27661	4947	118256	1755	2112	0	127070
27662	120568	4497	1228	1765	0	128058
27663	122772	2475	1074	1419	0	127740
27664	5857	2201	118152	1427	0	127637
27665	120465	1731	4265	1276	0	127737
27666	5391	1454	122928	1705	0	131478
27667	3049	1473	124462	1417	0	130401
27668	122427	1540	5089	1207	0	130263
27669	126736	1619	2347	1250	0	131952
27670	6401	1500	124910	1065	0	133876
27671	3275	1120	4700	122632	0	131727
27672	2592	1219	2474	123343	0	129628
27673	2217	129098	1690	5189	0	138194
27674	132728	4370	1415	2436	0	140949
27675	135503	2281	1076	1776	0	140636
27676	6210	1654	131829	1449	0	141142
27677	133651	1302	4065	1667	0	140685
27678	137226	1387	1891	1663	0	142167
27679	6054	133355	1450	1628	0	142487
27680	3186	4442	1198	132846	0	141672
27681	2895	2089	1204	133577	0	139765
27682	2058	1698	1123	131367	0	136246
27683	123655	1405	1032	5186	0	131278
27684	4668	117772	830	2960	0	126230
27685	1830	3079	602	98682	0	104193
27686	1731	96698	559	3000	0	101988
27687	1440	4396	522	91693	0	98051
27688	1117	92459	550	2586	0	96712
27689	1070	94639	581	1703	0	97993
27690	82249	2356	1233	1158	0	86996
27691	81642	783	1235	1296	0	84956
27692	1379	374	211	73161	0	75125
27693	611	463	221	74480	0	75775
27694	718	265	192	75572	0	76747
27695	437	196	202	75724	0	76559
27696	356	341	173	75054	0	75924
27697	514	72781	178	1617	0	75090
27698	372	1075	318	75549	0	77314
27699	514	393	171	76640	0	77718
27700	73952	482	137	1472	0	76043
27701	1530	288	136	74816	0	76770
27702	820	218	135	75627	0	76800
27703	605	232	76556	1562	0	78955
27704	556	305	1079	74492	0	76432
27705	405	308	410	80872	0	81995
27706	343	199	82842	1665	0	85049
27707	425	82213	1212	938	0	84788
27708	549	1175	86094	582	0	88400
27709	410	341	84420	398	0	85569
27710	111	77522	1213	317	0	79163
27711	83188	973	473	262	0	84896
27712	82481	177	95	216	0	82969
27713	906	120	47	79798	0	80871
27714	81653	63	65	878	0	82659
27715	995	71	84806	247	0	86119
27716	222	74	837	85295	0	86428
27717	217	112	98006	996	0	99331
27718	121	61	909	97040	0	98131
27719	94	94	209	99737	0	100134
27720	122	64	120	101473	0	101779
27721	101328	78	111	1251	0	102768
27722	961	89	78	102334	0	103462
27723	102912	70	114	1112	0	104208
27724	103150	79	111	480	0	103820
27725	1099	100334	145	521	0	102099
27726	105046	903	116	282	0	106347
27727	1048	106238	176	311	0	107773
27728	332	1008	119	106991	0	108450
27729	270	270	93	108183	0	108816
27730	221	171	114	110479	0	110985
27731	265	206	107731	1592	0	109794
27732	195	103693	1184	790	0	105862
27733	240	1231	304	105409	0	107184
27734	228	422	193	106697	0	107540
27735	210	107522	153	1348	0	109233
27736	110651	1155	124	521	0	112451
27737	1221	106554	148	540	0	108463
27738	107313	1273	87	331	0	109004
27739	1307	109891	149	463	0	111810
27740	473	1292	96	109780	0	111641
27741	355	110656	108	1361	0	112480
27742	114779	1218	89	522	0	116608
27743	114583	394	93	454	0	115524
27744	116282	270	102	425	0	117079
27745	114862	214	135	568	0	115779
27746	1602	274	116681	378	0	118935
27747	116255	187	1077	382	0	117901
27748	121649	192	300	402	0	122543
27749	121209	199	192	419	0	122019
27750	1632	286	121298	374	0	123590
27751	119474	192	1043	373	0	121082
27752	1351	120768	443	548	0	123110
27753	127108	1153	299	360	0	128920
27754	1527	513	136952	359	0	139351
27755	137480	321	1199	310	0	139310
27756	141082	273	322	336	0	142013
27757	1508	266	207	139145	0	141126
27758	757	265	137988	1349	0	140359
27759	139624	210	1037	519	0	141390
27760	1443	214	342	143313	0	145312
27761	621	222	265	145354	0	146462
27762	660	283	148186	1567	0	150696
27763	134050	271	1238	721	0	136280
27764	148785	174	394	490	0	149843
27765	1557	145075	376	476	0	147484
27766	770	1312	197	150459	0	152738
27767	596	413	199	149272	0	150480
27768	558	278	240	148635	0	149711
27769	512	146786	346	1580	0	149224
27770	150511	1208	228	616	0	152563
27771	1544	429	200	149223	0	151396
27772	755	343	178	149973	0	151249
27773	146180	183	197	1662	0	148222
27774	142692	244	224	717	0	143877
27775	1750	293	217	144633	0	146893
27776	770	313	191	143716	0	144990
27777	690	246	137472	1853	0	140261
27778	128868	222	1240	907	0	131237
27779	1761	137156	536	669	0	140122
27780	770	1403	217	150049	0	152439
27781	637	423	196	153697	0	154953
27782	541	158376	321	2697	0	161935
27783	544	2543	170	167087	0	170344
27784	181285	946	139	3415	0	185785
27785	4189	583	181	214660	0	219613
27786	1812	382	190	223045	0	225429
27787	1126	417	131	230534	0	232208
27788	1024	467	215308	11373	0	228172
27789	607	309	6022	223048	0	229986
27790	757	534	212638	10267	0	224196
27791	528	208062	7340	5838	0	221768
27792	652	5980	3499	218368	0	228499
27793	543	2938	2023	222578	0	228082
27794	520	1691	1342	226648	0	230201
27795	467	1140	890	226278	0	228775
27796	427	813	638	230315	0	232193
27797	213637	508	513	13239	0	227897
27798	6689	704	207851	7391	0	222635
27799	3131	204410	6136	5183	0	218860
27800	2010	220432	2920	3770	0	229132
27801	1457	8743	1800	220013	0	232013
27802	1007	4365	1266	225867	0	232505
27803	705	2765	984	224139	0	228593
27804	549	213114	780	12432	0	226875
27805	518	6926	741	222951	0	231136
27806	675	3771	204475	10890	0	219811
27807	462	202800	6115	6535	0	215912
27808	442	7277	3065	212936	0	223720
27809	205098	3531	1864	9606	0	220099
27810	6136	2211	1293	210985	0	220625
27811	3087	1845	842	212012	0	217786
27812	2073	195783	1052	11523	0	210431
27813	1598	210448	859	6979	0	219884
27814	1242	8628	737	213985	0	224592
27815	784	4741	582	215946	0	222053
27816	687	3121	200661	12237	0	216706
27817	579	2244	5896	200330	0	209049
27818	429	1542	3135	206303	0	211409
27819	506	1470	2099	205454	0	209529
27820	407	1161	1622	209791	0	212981
27821	195832	1220	1377	14258	0	212687
27822	198689	1178	954	9113	0	209934
27823	9189	879	900	203798	0	214766
27824	4990	1055	725	212571	0	219341
27825	203051	827	637	14443	0	218958
27826	8427	838	852	212559	0	222676
27827	4511	1225	197507	13843	0	217086
27828	2818	198501	6935	9084	0	217338
27829	2108	7186	4071	208930	0	222295
27830	1373	3966	2610	216025	0	223974
27831	205954	2719	2095	13895	0	224663
27832	7083	2322	1371	214795	0	225571
27833	3701	1688	1027	221620	0	228036
27834	212368	1243	983	15685	0	230279
27835	8442	1492	706	217791	0	228431
27836	4572	207209	913	14133	0	226827
27837	3253	7727	898	225418	0	237296
27838	2557	4234	865	234841	0	242497
27839	2054	2836	962	233519	0	239371
27840	1600	2505	868	236441	0	241414
27841	1384	2305	213870	17486	0	235045
27842	1386	1927	214364	11080	0	228757
27843	903	1879	9761	223239	0	235782
27844	797	1676	5123	223642	0	231238
27845	807	213804	3454	15732	0	233797
27846	981	8169	2333	216865	0	228348
27847	1023	211121	2074	14446	0	228664
27848	210037	9488	1499	9329	0	230353
27849	7994	218110	1421	7521	0	235046
27850	4162	10030	1032	223918	0	239142
27851	2854	5619	688	231454	0	240615
27852	2373	3790	212041	16008	0	234212
27853	203356	2833	7230	10444	0	223863
27854	207633	2124	3693	8379	0	221829
27855	10936	202427	2842	7330	0	223535
27856	5903	8359	2203	203948	0	220413
27857	4089	4413	205786	11923	0	226211
27858	2708	210956	8253	8268	0	230185
27859	211670	9321	4055	6820	0	231866
27860	215165	4904	2618	6086	0	228773
27861	12348	3331	198001	5778	0	219458
27862	204740	2591	7806	5117	0	220254
27863	11893	2084	3794	203565	0	221336
27864	6727	200383	2622	11544	0	221276
27865	205089	8371	2081	7468	0	223009
27866	10519	4507	1752	205370	0	222148
27867	206521	3327	1466	12290	0	223604
27868	216239	2493	1261	8364	0	228357
27869	13278	2401	1311	211024	0	228014
27870	7265	2062	202376	13244	0	224947
27871	211286	1681	7632	8758	0	229357
27872	221023	1794	3929	6443	0	233189
27873	220282	1629	2512	5901	0	230324
27874	13962	215456	2190	5464	0	237072
27875	7945	8668	1606	218385	0	236604
27876	5195	4479	1304	232024	0	243002
27877	4063	3469	214002	15274	0	236808
27878	2952	2948	7740	219158	0	232798
27879	2647	213727	4005	14034	0	234413
27880	207121	8376	2702	8171	0	226370
27881	8442	206949	2189	6600	0	224180
27882	4816	8496	192643	4820	0	210775
27883	2997	199189	7609	4511	0	214306
27884	2478	191159	3583	3558	0	200778
27885	2214	3999	2778	150800	0	159791
27886	150746	1424	1003	3396	0	156569
27887	149688	698	346	1578	0	152310
27888	148421	560	311	1059	0	150351
27889	3801	146920	434	1219	0	152374
27890	1715	2855	144938	855	0	150363
27891	148216	1207	2564	785	0	152772
27892	153403	694	989	829	0	155915
27893	3734	148155	605	901	0	153395
27894	153972	2848	406	743	0	157969
27895	3501	1293	386	152565	0	157745
27896	1766	910	156691	3190	0	162557
27897	159140	634	2702	1502	0	163978
27898	162526	584	1051	1031	0	165192
27899	166646	577	608	859	0	168690
27900	4272	568	442	161676	0	166958
27901	1965	587	406	168002	0	170960
27902	1294	589	364	176647	0	178894
27903	1077	173078	507	5287	0	179949
27904	1144	3950	388	190720	0	196202
27905	946	1599	355	200839	0	203739
27906	1136	1156	193284	6767	0	202343
27907	988	810	4796	196190	0	202784
27908	954	682	1453	203278	0	206367
27909	1076	698	879	202729	0	205382
27910	987	609	659	201673	0	203928
27911	1006	193577	729	7941	0	203253
27912	1082	5248	604	199375	0	206309
27913	971	1652	592	201411	0	204626
27914	194845	1075	720	7969	0	204609
27915	6078	1035	190611	3454	0	201178
27916	2331	968	188008	2498	0	193805
27917	185065	825	6177	1998	0	194065
27918	196017	743	2218	1794	0	200772
27919	7242	952	1304	175198	0	184696
27920	2839	188469	1009	5380	0	197697
27921	193356	5353	909	2182	0	201800
27922	6520	1785	777	187480	0	196562
27923	2467	191673	886	6126	0	201152
27924	191472	5072	589	2211	0	199344
27925	5723	189795	522	2058	0	198098
27926	189906	5426	532	1616	0	197480
27927	187024	1854	431	1525	0	190834
27928	6574	179138	616	1554	0	187882
27929	2622	5063	731	182534	0	190950
27930	2209	1879	176810	5654	0	186552
27931	1591	1723	4451	177261	0	185026
27932	178594	1053	1265	6193	0	187105
27933	5673	1176	170888	2685	0	180422
27934	2068	169602	4409	2405	0	178484
27935	1714	5220	1266	174496	0	182696
27936	1491	1879	167232	5828	0	176430
27937	1037	164924	4496	2673	0	173130
27938	168716	4744	1629	1796	0	176885
27939	4681	1552	1253	168391	0	175877
27940	1968	1154	976	171054	0	175152
27941	1582	1007	792	168821	0	172202
27942	1100	164870	798	6090	0	172858
27943	167263	4490	668	2926	0	175347
27944	4685	163391	744	2127	0	170947
27945	1821	168536	567	1812	0	172736
27946	170140	5118	485	1605	0	177348
27947	171566	2075	571	1508	0	175720
27948	5762	1625	162260	1371	0	171018
27949	159607	1242	3846	1240	0	165935
27950	162047	1163	1287	921	0	165418
27951	6067	1111	841	156167	0	164186
27952	2827	1210	153030	4671	0	161738
27953	2050	886	3950	154614	0	161500
27954	158320	753	1383	5370	0	165826
27955	5456	828	157239	2261	0	165784
27956	2415	816	4435	170270	0	177936
27957	2016	763	1609	185186	0	189574
27958	1509	914	1105	204608	0	208136
27959	200243	763	859	9702	0	211567
27960	7798	199746	1044	3967	0	212555
27961	205114	7638	760	2485	0	215997
27962	9086	2156	199353	2178	0	212773
27963	2838	1317	7199	197745	0	209099
27964	1914	202680	1989	8784	0	215367
27965	207494	7656	1330	3259	0	219739
27966	8297	2337	991	207933	0	219558
27967	3109	1822	198569	9076	0	212576
27968	1966	1331	7011	200651	0	210959
27969	194163	1169	2106	9232	0	206670
27970	7766	191121	1394	4058	0	204339
27971	2797	7919	949	180424	0	192089
27972	1857	189359	964	8196	0	200376
27973	189922	7775	781	3038	0	201516
27974	189928	2342	765	2515	0	195550
27975	8944	183833	902	2426	0	196105
27976	184582	7358	897	1666	0	194503
27977	8865	2293	672	175130	0	186960
27978	3010	178378	802	7494	0	189684
27979	180221	7518	821	2401	0	190961
27980	185144	2273	643	2161	0	190221
27981	9396	172689	778	1832	0	184695
27982	3553	177049	669	1738	0	183009
27983	175410	8104	525	1304	0	185343
27984	8446	3101	476	173324	0	185347
27985	175448	1952	574	7710	0	185684
27986	8804	1683	480	175197	0	186164
27987	3506	1588	166748	8206	0	180048
27988	2532	1555	6135	174721	0	184943
27989	173026	1276	1495	8484	0	184281
27990	8486	1313	170771	2991	0	183561
27991	3053	1087	6824	173962	0	184926
27992	2398	1069	1716	183640	0	188823
27993	2154	1116	172707	9411	0	185388
27994	166859	1057	6991	3481	0	178388
27995	7972	979	1969	174868	0	185788
27996	2814	1112	162661	8384	0	174971
27997	152087	1024	7047	2882	0	163040
27998	7307	161995	2173	2656	0	174131
27999	2482	165654	1560	2294	0	171990
28000	2134	167832	1238	2066	0	173270
28001	1908	7847	152265	1789	0	163809
28002	1370	3256	5736	149368	0	159730
28003	1379	1436	146116	6984	0	155915
28004	1034	2961	4940	132173	0	141108
28005	733	126925	1524	5608	0	134790
28006	778	129937	868	2105	0	133688
28007	1298	5344	660	128551	0	135853
28008	128643	1599	527	5238	0	136007
28009	4587	951	473	131157	0	137168
28010	1381	671	482	132340	0	134874
28011	973	127421	512	5898	0	134804
28012	127777	4444	468	1997	0	134686
28013	4560	128225	451	1559	0	134795
28014	1489	4909	403	130524	0	137325
28015	1166	1689	362	131827	0	135044
28016	884	127627	468	5877	0	134856
28017	888	4727	448	131916	0	137979
28018	130283	1628	367	6096	0	138374
28019	5336	1550	409	131311	0	138606
28020	2274	1433	394	133035	0	137136
28021	1820	127355	670	5980	0	135825
28022	1496	4865	796	132643	0	139800
28023	125880	1806	660	5997	0	134343
28024	130671	1597	452	2550	0	135270
28025	132538	1385	446	2025	0	136394
28026	6625	1124	544	129701	0	137994
28027	2747	1142	123800	6033	0	133722
28028	2192	1188	125428	2589	0	131397
28029	1836	1233	4787	129477	0	137333
28030	130838	1458	1373	5845	0	139514
28031	5539	1404	772	131509	0	139224
28032	133801	1424	565	6205	0	141995
28033	6394	1253	472	135059	0	143178
28034	3115	1059	491	138966	0	143631
28035	136173	1212	512	6568	0	144465
28036	6244	1345	128360	2754	0	138703
28037	132538	1226	4309	2153	0	140226
28038	6299	1204	128528	1945	0	137976
28039	3046	1024	4677	129419	0	138166
28040	133470	877	1571	5664	0	141582
28041	6379	1110	132879	2231	0	142599
28042	2645	1301	134621	1748	0	140315
28043	132464	1064	5686	1618	0	140832
28044	6406	865	132859	1816	0	141946
28045	2577	129896	5413	2065	0	139951
28046	1949	4810	1912	140490	0	149161
28047	150716	1381	1632	6620	0	160349
28048	6282	997	150572	2883	0	160734
28049	154245	650	5457	2414	0	162766
28050	160850	598	2324	2103	0	165875
28051	161112	588	1818	2141	0	165659
28052	160961	691	1433	2210	0	165295
28053	7321	1370	1434	150812	0	160937
28054	3208	150200	1305	6181	0	160894
28055	150659	4843	1327	2677	0	159506
28056	5728	1509	133115	1978	0	142330
28057	1645	110839	2766	1156	0	116406
28058	102215	1600	1298	593	0	105706
28059	1753	93691	690	494	0	96628
28060	855	100098	372	431	0	101756
28061	2242	1874	1011	99562	0	104689
28062	662	639	329	101153	0	102783
28063	421	386	276	101955	0	103038
28064	103395	231	221	2054	0	105901
28065	106869	185	271	904	0	108229
28066	2396	181	279	109633	0	112489
28067	1133	167	309	118540	0	120149
28068	762	245	121399	3076	0	125482
28069	119540	197	2726	1311	0	123774
28070	127076	227	901	752	0	128956
28071	3705	183	504	126054	0	130446
28072	1504	140	332	128852	0	130828
28073	991	203	124707	3954	0	129855
28074	722	128	2824	125458	0	129132
28075	727	188	127792	3567	0	132274
28076	667	121790	3288	1642	0	127387
28077	746	2616	129150	846	0	133358
28078	540	992	3133	126220	0	130885
28079	614	564	132467	3096	0	136741
28080	491	448	129294	1232	0	131465
28081	129099	323	3716	733	0	133871
28082	3131	369	1482	140165	0	145147
28083	1302	286	139302	3312	0	144202
28084	130606	269	3452	1315	0	135642
28085	3573	272	140475	986	0	145306
28086	1443	409	149412	735	0	151999
28087	1030	147382	4119	1115	0	153646
28088	649	2857	1572	152581	0	157659
28089	744	957	151426	3329	0	156456
28090	718	665	147660	1338	0	150381
28091	703	441	3944	145632	0	150720
28092	737	218	1687	147883	0	150525
28093	635	147608	1201	4014	0	153458
28094	738	3033	735	153935	0	158441
28095	156283	955	726	4086	0	162050
28096	155472	628	695	1902	0	158697
28097	159233	351	778	1297	0	161659
28098	4695	331	731	153751	0	159508
28099	2014	152340	866	4056	0	159276
28100	155558	3149	742	1574	0	161023
28101	3495	153684	838	1349	0	159366
28102	1451	152551	872	1131	0	156005
28103	1056	154293	906	1064	0	157319
28104	155792	4034	990	816	0	161632
28105	3545	1540	808	153544	0	159437
28106	1539	938	806	154916	0	158199
28107	1054	153878	851	4257	0	160040
28108	153957	3259	918	1877	0	160011
28109	3732	1311	150459	1331	0	156833
28110	1494	863	3538	152488	0	158383
28111	154227	617	1610	3679	0	160133
28112	3551	155827	1169	1882	0	162429
28113	164123	3245	881	1433	0	169682
28114	3854	1300	891	162051	0	168096
28115	1700	164680	861	3598	0	170839
28116	1400	3463	161460	1674	0	167997
28117	160990	1372	3330	1276	0	166968
28118	3772	1017	1320	168590	0	174699
28119	171920	633	960	3983	0	177496
28120	4120	754	764	169269	0	174907
28121	1876	163240	851	4381	0	170348
28122	1542	3271	169672	1904	0	176389
28123	1260	1614	170591	1457	0	174922
28124	930	1402	3844	169137	0	175313
28125	172924	713	1905	3733	0	179275
28126	174030	614	1094	1683	0	177421
28127	4191	634	824	170183	0	175832
28128	2025	533	729	172548	0	175835
28129	175512	543	712	4416	0	181183
28130	3671	589	747	175820	0	180827
28131	177230	540	810	4177	0	182757
28132	3855	171699	857	2234	0	178645
28133	175376	3187	832	1557	0	180952
28134	4308	1469	176944	1304	0	184025
28135	1937	1025	3446	178121	0	184529
28136	1484	663	1614	182987	0	186748
28137	1287	578	1283	184118	0	187266
28138	1219	173390	1130	5275	0	181014
28139	1112	176001	962	2896	0	180971
28140	879	3791	884	180156	0	185710
28141	890	1568	174044	4374	0	180876
28142	885	983	3388	175355	0	180611
28143	858	774	1658	180116	0	183406
28144	940	173788	1295	4703	0	180726
28145	175017	3170	1067	2119	0	181373
28146	3277	167985	1013	1712	0	173987
28147	1405	168116	1105	1277	0	171903
28148	1307	3889	900	166427	0	172523
28149	1069	1454	823	168968	0	172314
28150	1163	934	698	167828	0	170623
28151	1004	692	698	170172	0	172566
28152	166311	642	734	4651	0	172338
28153	3115	162537	928	2672	0	169252
28154	169373	3076	829	1535	0	174813
28155	174377	1304	778	1394	0	177853
28156	3907	1024	653	171590	0	177174
28157	1801	790	558	175015	0	178164
28158	173801	607	553	4434	0	179395
28159	174103	634	495	2364	0	177596
28160	3933	1253	310	168838	0	174334
28161	1812	935	223	170572	0	173542
28162	1641	731	165038	4272	0	171682
28163	1285	159084	2740	2186	0	165295
28164	1158	167705	829	1624	0	171316
28165	165968	2702	640	1093	0	170403
28166	2853	1184	166369	992	0	171398
28167	1085	851	153694	709	0	156339
28168	143332	397	1921	514	0	146164
28169	149973	274	562	442	0	151251
28170	1526	156509	489	557	0	159081
28171	732	163676	280	479	0	165167
28172	538	1464	118	169328	0	171448
28173	176292	582	123	1422	0	178419
28174	177063	398	124	769	0	178354
28175	177420	259	129	634	0	178442
28176	1720	291	109	175668	0	177788
28177	847	342	117	178214	0	179520
28178	641	319	174700	1660	0	177320
28179	510	394	164436	894	0	166234
28180	432	340	173074	639	0	174485
28181	305	2554	1247	168280	0	172386
28182	169057	121	462	1037	0	170677
28183	1073	199	172991	468	0	174731
28184	361	139	781	172136	0	173417
28185	271	172129	443	1000	0	173843
28186	258	863	191	175508	0	176820
28187	209	307	122	177212	0	177850
28188	361	226	182398	1571	0	184556
28189	185	156	1464	180515	0	182320
28190	196874	116	496	1949	0	199435
28191	2580	250	204172	690	0	207692
28192	823	268	2404	205502	0	208997
28193	599	260	212161	2811	0	215831
28194	341	205372	3141	1287	0	210141
28195	696	2795	213625	668	0	217784
28196	258	924	3096	207575	0	211853
28197	189	465	1080	218634	0	220368
28198	330	471	224147	3907	0	228855
28199	240	259	2936	219642	0	223077
28200	231	223	1060	223168	0	224682
28201	219	215813	850	4098	0	220980
28202	392	2857	222909	1638	0	227796
28203	273	901	3112	223239	0	227525
28204	278	554	1006	230814	0	232652
28205	220	226532	821	4295	0	231868
28206	252	3260	495	237653	0	241660
28207	236437	963	455	4078	0	241933
28208	3165	603	375	237993	0	242136
28209	1041	469	237375	4205	0	243090
28210	234316	328	3379	1782	0	239805
28211	255511	299	1157	1317	0	258284
28212	5229	376	257800	1087	0	264492
28213	249896	286	4247	932	0	255361
28214	4722	258069	1791	1209	0	265791
28215	1888	4161	958	269310	0	276317
28216	1071	1392	710	298408	0	301581
28217	773	823	603	299700	0	301899
28218	698	556	501	303811	0	305566
28219	546	441	474	307286	0	308747
28220	301065	309	459	9070	0	310903
28221	6069	482	293228	3839	0	303618
28222	287157	296	5817	2688	0	295958
28223	6816	393	290724	2141	0	300074
28224	2646	311	6284	292569	0	301810
28225	296720	311	2466	7127	0	306624
28226	6670	498	1527	292178	0	300873
28227	2694	290755	1371	7286	0	302106
28228	309442	5525	1135	3227	0	319329
28229	6666	1901	1033	322725	0	332325
28230	2872	1176	312812	7453	0	324313
28231	296244	710	5942	3586	0	306482
28232	6677	323757	2378	2922	0	335734
28233	3007	5846	335223	2050	0	346126
28234	2069	2115	6507	329002	0	339693
28235	1599	1286	2656	329551	0	335092
28236	1436	327030	1774	8745	0	338985
28237	1599	6113	328136	4021	0	339869
28238	1189	2228	6498	331020	0	340935
28239	1315	1654	342082	8368	0	353419
28240	1021	1164	7153	338705	0	348043
28241	984	871	2850	347762	0	352467
28242	1252	823	345765	10073	0	357913
28243	1152	738	6957	346201	0	355048
28244	1354	1090	3596	332572	0	338612
28245	1338	630	2242	372211	0	376421
28246	1142	643	1969	375779	0	379533
28247	361789	521	1742	11919	0	375971
28248	7691	777	351785	5971	0	366224
28249	368363	708	7693	4302	0	381066
28250	8711	771	3361	388257	0	401100
28251	3650	713	2343	397469	0	404175
28252	2415	790	1793	396264	0	401262
28253	1866	379049	2042	12430	0	395387
28254	399157	8060	1609	6293	0	415119
28255	8414	2760	1761	421260	0	434195
28256	3442	412625	1915	10763	0	428745
28257	2209	7791	1546	430839	0	442385
28258	434435	3023	1652	11427	0	450537
28259	432904	2042	1539	6290	0	442775
28260	434545	1462	1705	4901	0	442613
28261	10770	423012	1876	4751	0	440409
28262	4809	7903	433257	4260	0	450229
28263	434112	3110	7976	4035	0	449233
28264	455429	1761	3356	4077	0	464623
28265	10980	442096	2562	4297	0	459935
28266	454292	8156	1762	3784	0	467994
28267	451084	3169	1936	3645	0	459834
28268	458621	1948	1552	3756	0	465877
28269	12433	470944	1875	4357	0	489609
28270	6015	8225	1499	490069	0	505808
28271	500920	3214	1417	10442	0	515993
28272	509581	2222	1246	5406	0	518455
28273	502131	1707	1235	4522	0	509595
28274	502746	1643	1182	4041	0	509612
28275	13712	1639	1051	497428	0	513830
28276	7002	1754	488910	11129	0	508795
28277	5247	1370	8216	492573	0	507406
28278	4384	495405	3178	11676	0	514643
28279	4157	8930	1956	525477	0	540520
28280	4217	3557	519606	12340	0	539720
28281	524598	2261	9382	5845	0	542086
28282	12168	1763	3520	545354	0	562805
28283	543886	1875	2437	12015	0	560213
28284	555440	1832	1991	5962	0	565225
28285	14853	1600	1731	567558	0	585742
28286	7982	1649	571025	12243	0	592899
28287	6209	2365	526700	5749	0	541023
28288	517210	1646	10642	4492	0	533990
28289	12043	544117	4503	4482	0	565145
28290	5931	544277	2359	3713	0	556280
28291	4858	560433	2090	3486	0	570867
28292	4131	580168	1956	3262	0	589517
28293	576033	10949	2909	2842	0	592733
28294	577570	4210	1739	2706	0	586225
28295	576093	2787	1189	2650	0	582719
28296	579254	2509	1256	2566	0	585585
28297	12300	2275	1361	561951	0	577887
28298	6347	551964	1534	8763	0	568608
28299	568076	7554	1592	3780	0	581002
28300	10894	3593	563428	3054	0	580969
28301	5932	555725	7572	4136	0	573365
28302	5110	7720	564098	2931	0	579859
28303	559184	3434	7973	2502	0	573093
28304	583637	2388	3167	2549	0	591741
28305	577146	2269	2450	2447	0	584312
28306	12031	1922	1788	581546	0	597287
28307	6713	2169	583766	8206	0	600854
28308	5126	570934	7503	4621	0	588184
28309	577969	7325	3095	2674	0	591063
28310	9767	570566	2207	2935	0	585475
28311	5040	560695	1431	2930	0	570096
28312	4121	561937	1541	12769	0	580368
28313	3822	571804	1564	2428	0	579618
28314	4140	9092	536302	1815	0	551349
28315	3364	553354	6496	1945	0	565159
28316	540019	6005	2360	1239	0	549623
28317	5882	2589	991	538759	0	548221
28318	3107	1952	847	548039	0	553945
28319	547037	1459	1011	5543	0	555050
28320	5975	525985	1264	3292	0	536516
28321	3857	5725	544084	1872	0	555538
28322	2999	2153	4455	545083	0	554690
28323	2743	1683	1742	564820	0	570988
28324	2571	1622	1246	569983	0	575422
28325	2404	1911	560157	6032	0	570504
28326	2364	2002	557450	2380	0	564196
28327	2227	1598	5367	561038	0	570230
28328	2772	1621	567584	4922	0	576899
28329	2639	1828	535977	2220	0	542664
28330	462143	1673	6391	2207	0	472414
28331	5591	525162	2650	2119	0	535522
28332	2680	522865	1528	1707	0	528780
28333	2693	549935	1350	2203	0	556181
28334	2524	6500	1161	549080	0	559265
28335	1888	557321	1303	4504	0	565016
28336	576988	5189	1647	2207	0	586031
28337	5723	2781	572911	1603	0	583018
28338	582264	1888	5378	1389	0	590919
28339	6760	1995	2056	601190	0	612001
28340	2841	1642	1541	613453	0	619477
28341	2194	620783	1651	7649	0	632277
28342	631465	6778	1629	3140	0	643012
28343	630523	2614	1530	2149	0	636816
28344	9719	670640	1456	2528	0	684343
28345	3822	9317	1046	672630	0	686815
28346	3036	3727	675048	9464	0	691275
28347	2332	2813	671140	3557	0	679842
28348	1816	675599	12560	3101	0	693076
28349	709491	10500	4351	2293	0	726635
28350	12106	3950	701544	1074	0	718674
28351	4625	2141	10841	694836	0	712443
28352	715373	1517	4379	10848	0	732117
28353	719296	1462	2551	4207	0	727516
28354	14813	842677	2613	2676	0	862779
28355	5885	886377	2202	2608	0	897072
28356	904701	22597	1748	1206	0	930252
28357	21113	9684	885703	1316	0	917816
28358	893452	5152	19543	1345	0	919492
28359	914735	2787	6593	1262	0	925377
28360	27083	2665	4138	900612	0	934498
28361	11295	2668	910086	20182	0	944231
28362	6784	2674	904136	6638	0	920232
28363	879900	1737	27209	4424	0	913270
28364	24702	2553	912347	2158	0	941760
28365	870952	1908	24849	1955	0	899664
28366	911456	2202	8654	1617	0	923929
28367	27718	875701	6613	2978	0	913010
28368	13622	21063	873259	1556	0	909500
28369	7560	861543	22850	1971	0	893924
28370	875905	22934	8710	1624	0	909173
28371	24955	9274	856908	1541	0	892678
28372	10998	5849	22701	835881	0	875429
28373	8381	3318	865124	20720	0	897543
28374	7068	2958	871993	7130	0	889149
28375	7146	2729	870391	4172	0	884438
28376	6871	3157	858543	2957	0	871528
28377	6103	806737	33880	4121	0	850841
28378	6809	22353	821600	2306	0	853068
28379	6240	799640	28108	3288	0	837276
28380	6703	24552	810004	1970	0	843229
28381	803513	9308	27787	1817	0	842425
28382	26737	6633	12230	733181	0	778781
28383	11751	805378	10058	15795	0	842982
28384	807842	21475	8191	6480	0	843988
28385	811085	8987	8848	4685	0	833605
28386	791862	6716	8562	3059	0	810199
28387	798739	4551	9566	2008	0	814864
28388	32187	781168	9266	2978	0	825599
28389	784118	22372	7887	2281	0	816658
28390	791818	9922	8498	2257	0	812495
28391	30981	748514	8660	4233	0	792388
28392	15088	24256	718130	2316	0	759790
28393	10876	11269	25429	711731	0	759305
28394	8541	739267	14283	19759	0	781850
28395	8104	24553	739422	7430	0	779509
28396	9372	11096	744525	5408	0	770401
28397	8656	721246	33400	4437	0	767739
28398	8785	746045	16968	3956	0	775754
28399	8769	779221	12991	3429	0	804410
28400	8610	781022	9767	3069	0	802468
28401	759841	35230	9736	2315	0	807122
28402	775949	17484	8978	2791	0	805202
28403	36131	12296	761192	3987	0	813606
28404	19280	9588	775794	3049	0	807711
28405	14490	8398	33901	749103	0	805892
28406	12126	8462	17375	769834	0	807797
28407	12101	8658	11961	785316	0	818036
28408	762515	8370	10729	32079	0	813693
28409	31602	759866	10270	14396	0	816134
28410	18132	798707	9774	8077	0	834690
28411	15165	819934	9735	5383	0	850217
28412	788729	40721	9629	4066	0	843145
28413	808181	19418	10469	4129	0	842197
28414	41668	14558	10110	784478	0	850814
28415	811987	11019	12065	26809	0	861880
28416	820118	11159	11237	10991	0	853505
28417	43361	11267	10637	802228	0	867493
28418	803516	11175	11357	30926	0	856974
28419	39914	785832	13555	13464	0	852765
28420	21336	32343	13902	801281	0	868862
28421	18211	17707	758045	29771	0	823734
28422	15521	763325	36115	13469	0	828430
28423	15863	36642	768072	10078	0	830655
28424	15298	19735	38339	710297	0	783669
28425	15950	778806	20748	26540	0	842044
28426	16741	34248	17657	765800	0	834446
28427	15670	17432	15872	798260	0	847234
28428	16992	13460	763932	37581	0	831965
28429	15103	11558	796372	18178	0	841211
28430	13941	11010	42883	792263	0	860097
28431	14083	12113	23938	754055	0	804189
28432	14316	789845	18087	36896	0	859144
28433	744428	36742	14381	17084	0	812635
28434	37401	767412	14486	12597	0	831896
28435	19911	790573	13078	9451	0	833013
28436	16978	44340	722507	9212	0	793037
28437	11975	744937	35337	10594	0	802843
28438	12941	38344	20143	673625	0	745053
28439	12819	725579	15373	30541	0	784312
28440	11293	36834	12517	687063	0	747707
28441	10664	701479	12867	32395	0	757405
28442	690115	37160	11014	14369	0	752658
28443	33373	699355	11417	12658	0	756803
28444	14249	36118	9298	601312	0	660977
28445	12106	640356	9191	25161	0	686814
28446	630378	33942	9054	10811	0	684185
28447	626764	17514	7022	9848	0	661148
28448	34611	617168	7295	7422	0	666496
28449	598953	30338	5616	5838	0	640745
28450	30571	21749	6583	572331	0	631234
28451	14795	13397	559565	25993	0	613750
28452	12283	11302	568685	11547	0	603817
28453	9023	567175	29532	10669	0	616399
28454	395637	15282	9701	4051	0	424671
28455	393900	6016	3471	3257	0	406644
28456	16043	4631	373396	3094	0	397164
28457	5927	4211	374139	2894	0	387171
28458	356107	3691	13573	2828	0	376199
28459	372989	3900	4899	2879	0	384667
28460	15144	4026	351499	3037	0	373706
28461	332930	3826	11679	2728	0	351163
28462	12861	334933	4435	2998	0	355227
28463	4631	350545	3137	3203	0	361516
28464	3967	15091	2800	335766	0	357624
28465	3162	6855	2668	347588	0	360273
28466	340342	4622	2468	14114	0	361546
28467	341067	3996	2541	5712	0	353316
28468	342075	3892	2628	3994	0	352589
28469	15266	3775	2481	333753	0	355275
28470	6771	3925	2072	337438	0	350206
28471	4912	315942	2426	14199	0	337479
28472	4098	328823	2611	6020	0	341552
28473	4006	338657	2712	4295	0	349670
28474	3796	15357	2628	310548	0	332329
28475	4117	321086	2579	11263	0	339045
28476	4373	13911	309433	4814	0	332531
28477	303291	6495	10559	3959	0	324304
28478	13386	5310	316138	3395	0	338229
28479	6082	4701	317935	2994	0	331712
28480	302688	4319	12945	2986	0	322938
28481	13100	309200	5004	3154	0	330458
28482	317492	12858	3343	3260	0	336953
28483	323390	6154	2842	3400	0	335786
28484	15319	5360	311542	3350	0	335571
28485	7308	4974	316032	2966	0	331280
28486	5464	312157	13056	3510	0	334187
28487	5227	13660	312511	3439	0	334837
28488	4874	6676	12450	314234	0	338234
28489	4951	5212	5224	298657	0	314044
28490	4588	311209	4489	13246	0	333532
28491	4788	328911	3781	5713	0	343193
28492	320344	15820	3120	4359	0	343643
28493	334677	7809	3044	3562	0	349092
28494	15702	5982	3216	326146	0	351046
28495	7237	5273	3383	339135	0	355028
28496	326974	4642	3613	14631	0	349860
28497	330394	4597	3698	6018	0	344707
28498	15441	327943	3717	4640	0	351741
28499	305366	11892	3038	2505	0	322801
28500	13408	291049	3149	2569	0	310175
28501	5978	303908	2842	2451	0	315179
28502	302545	13128	2786	2533	0	320992
28503	304690	6131	2323	2627	0	315771
28504	14300	4952	2179	294557	0	315988
28505	295389	3752	2253	10254	0	311648
28506	14017	3524	281176	3561	0	302278
28507	6377	285347	9260	3563	0	304547
28508	288714	10676	3784	3269	0	306443
28509	11941	4335	279401	2890	0	298567
28510	4748	5296	7822	243565	0	261431
28511	4334	249013	3142	6853	0	263342
28512	4110	259464	2238	2803	0	268615
28513	261968	9326	2878	2171	0	276343
28514	9604	4597	249769	1967	0	265937
28515	236952	2740	6585	1344	0	247621
28516	8870	2077	2721	237261	0	250929
28517	4622	1808	231496	6066	0	243992
28518	235212	1646	6489	2516	0	245863
28519	7979	239060	3026	2063	0	252128
28520	3764	251632	2398	1456	0	259250
28521	258280	7559	2489	1305	0	269633
28522	258487	3631	1382	1606	0	265106
28523	265048	2603	1123	2068	0	270842
28524	8893	2359	1300	257307	0	269859
28525	4731	2074	1170	260992	0	268967
28526	3772	1577	252725	6646	0	264720
28527	3209	1491	248042	3077	0	255819
28528	2510	246390	6307	2650	0	257857
28529	2259	5190	2555	231623	0	241627
28530	227533	1649	1445	3799	0	234426
28531	4115	223135	833	2365	0	230448
28532	1815	4032	745	230726	0	237318
28533	229351	1713	728	4034	0	235826
28534	4207	223804	740	1734	0	230485
28535	2064	238227	785	1251	0	242327
28536	2103	4622	230531	883	0	238139
28537	230531	1952	3571	876	0	236930
28538	243199	1197	1310	1063	0	246769
28539	4676	1184	232219	874	0	238953
28540	221065	849	2888	606	0	225408
28541	3741	999	230267	543	0	235550
28542	1512	220679	2769	646	0	225606
28543	1772	3809	1352	226717	0	233650
28544	225929	1125	1054	2403	0	230511
28545	2719	219371	712	913	0	223715
28546	1237	222495	607	682	0	225021
28547	217909	2124	297	364	0	220694
28548	2209	1003	223565	331	0	227108
28549	219405	575	1929	275	0	222184
28550	1726	225777	652	501	0	228656
28551	1125	1909	219659	245	0	222938
28552	223273	653	1354	295	0	225575
28553	231768	375	394	184	0	232721
28554	1771	343	342	225696	0	228152
28555	812	383	233	230208	0	231636
28556	572	221454	362	1609	0	223997
28557	734	1826	225260	541	0	228361
28558	586	683	1546	230178	0	232993
28559	683	586	243370	2046	0	246685
28560	637	511	241047	691	0	242886
28561	654	286	2548	253487	0	256975
28562	785	367	259125	2824	0	263101
28563	714	485	255426	835	0	257460
28564	557	354	3506	248486	0	252903
28565	535	428	259786	3030	0	263779
28566	242881	401	3392	949	0	247623
28567	2953	239993	1573	1219	0	245738
28568	1247	3090	259367	448	0	264152
28569	1075	1247	283065	440	0	285827
28570	630	897	3537	279374	0	284438
28571	297626	409	1254	2837	0	302126
28572	298212	329	927	907	0	300375
28573	297667	370	617	670	0	299324
28574	300519	436	676	352	0	301983
28575	3993	363	659	292366	0	297381
28576	1674	485	297705	3121	0	302985
28577	304110	269	2975	1026	0	308380
28578	311832	321	1004	848	0	314005
28579	313383	373	766	748	0	315270
28580	4309	500	301659	501	0	306969
28581	293833	277	3211	530	0	297851
28582	3453	476	1270	318772	0	323971
28583	1240	318918	1251	3399	0	324808
28584	965	4121	914	320220	0	326220
28585	706	319063	888	3899	0	324556
28586	330361	3644	853	1040	0	335898
28587	4435	1072	328985	856	0	335348
28588	1159	811	3950	324316	0	330236
28589	894	323793	1627	3753	0	330067
28590	744	335593	1150	1235	0	338722
28591	343189	4670	1024	752	0	349635
28592	343532	1363	894	666	0	346455
28593	5362	980	326044	529	0	332915
28594	329195	507	4347	578	0	334627
28595	5221	398	1317	333208	0	340144
28596	2104	447	342596	4296	0	349443
28597	1746	672	338161	1330	0	341909
28598	1294	443	4973	352531	0	359241
28599	374673	303	1716	5100	0	381792
28600	5727	380	1202	369922	0	377231
28601	2243	307	854	372666	0	376070
28602	1634	323	884	372264	0	375105
28603	1345	366822	923	7122	0	376212
28604	1226	5058	814	380892	0	387990
28605	370344	1457	827	6315	0	378943
28606	5488	365531	877	2685	0	374581
28607	2016	5460	661	377400	0	385537
28608	371786	1660	761	6429	0	380636
28609	5775	361443	1036	2414	0	370668
28610	2115	370117	1094	1840	0	375166
28611	1530	6892	987	375060	0	384469
28612	369451	2367	786	6617	0	379221
28613	6535	1798	362520	2444	0	373297
28614	2665	1814	354472	1724	0	360675
28615	362263	1079	6925	1316	0	371583
28616	383169	890	2506	1187	0	387752
28617	8147	378054	2144	1549	0	389894
28618	3443	6332	1351	376684	0	387810
28619	2423	2048	372796	7061	0	384328
28620	1893	1540	363014	2607	0	369054
28621	1836	1193	388131	2003	0	393163
28622	1486	380101	9512	2187	0	393286
28623	1609	388095	3395	1963	0	395062
28624	391979	8218	1839	1896	0	403932
28625	8221	2899	387101	2049	0	400270
28626	380555	1758	7750	1903	0	391966
28627	392155	1505	2683	1665	0	398008
28628	9917	1620	391789	1912	0	405238
28629	3940	400523	7857	2405	0	414725
28630	2805	8516	2669	410381	0	424371
28631	2344	2950	413361	8491	0	427146
28632	2576	2491	403249	2888	0	411204
28633	384081	2011	9806	2203	0	398101
28634	8337	405735	3711	1873	0	419656
28635	3164	8502	2247	392689	0	406602
28636	2439	3258	1720	395421	0	402838
28637	1991	395337	2047	9385	0	408760
28638	1944	407609	2232	3659	0	415444
28639	2367	412806	1958	2319	0	419450
28640	2240	10757	1681	423092	0	437770
28641	434034	3907	1521	9712	0	449174
28642	10434	2594	1514	443463	0	458005
28643	3691	2243	435171	11413	0	452518
28644	2663	2136	435825	3862	0	444486
28645	2047	1865	12315	444862	0	461089
28646	2202	2237	438216	11103	0	453758
28647	2091	435181	11525	5014	0	453811
28648	2151	10669	3841	462180	0	478841
28649	478489	3590	3004	12696	0	497779
28650	480456	2479	2411	4341	0	489687
28651	14844	477648	2166	3795	0	498453
28652	490355	13032	2262	2597	0	508246
28653	499645	4475	1876	2571	0	508567
28654	503046	2954	2492	2972	0	511464
28655	17185	3309	463517	2530	0	486541
28656	467686	2250	12361	2427	0	484724
28657	14505	466612	4482	3655	0	489254
28658	5436	12301	469335	2255	0	489327
28659	4148	4463	465980	2430	0	477021
28660	3026	463310	14302	2955	0	483593
28661	464743	12529	5622	2090	0	484984
28662	13317	4896	2894	445745	0	466852
28663	4543	444843	2546	11576	0	463508
28664	458686	12368	2229	4085	0	477368
28665	13363	4437	2223	460550	0	480573
28666	466181	2851	2400	13422	0	484854
28667	14129	2278	2478	472828	0	491713
28668	5607	2397	457908	14026	0	479938
28669	3832	2731	446328	5097	0	457988
28670	3974	2725	449845	3327	0	459871
28671	3238	2964	15733	428275	0	450210
28672	3249	2742	5500	457919	0	469410
28673	3904	2733	437118	15715	0	459470
28674	3901	434473	13410	6236	0	458020
28675	450888	13165	4844	3414	0	472311
28676	447867	4536	3941	2706	0	459050
28677	16936	444160	3574	2865	0	467535
28678	7077	14506	3213	452897	0	477693
28679	5502	4867	459294	13910	0	483573
28680	454175	3414	15357	4795	0	477741
28681	16427	3229	464795	3688	0	488139
28682	6704	2732	450390	2714	0	462540
28683	4595	2900	451382	2406	0	461283
28684	430307	3047	17946	2420	0	453720
28685	15730	3001	430350	2530	0	451611
28686	6128	417235	15110	2933	0	441406
28687	4752	438100	6414	2466	0	451732
28688	4227	15389	4842	413915	0	438373
28689	3684	5225	3964	430201	0	443074
28690	3825	3260	415528	14992	0	437605
28691	405109	2749	14011	5491	0	427360
28692	429450	2638	5723	3614	0	441425
28693	15914	2517	4658	423784	0	446873
28694	420902	2244	4310	13408	0	440864
28695	14506	416170	4060	5807	0	440543
28696	410884	12806	3925	3687	0	431302
28697	14675	399934	3847	3608	0	422064
28698	5747	404133	3522	3371	0	416773
28699	388862	13747	3186	2942	0	408737
28700	394162	4840	3512	2725	0	405239
28701	402672	3464	3230	2593	0	411959
28702	408208	2736	3518	2799	0	417261
28703	17086	2633	373111	2532	0	395362
28704	375350	2581	13156	2303	0	393390
28705	15014	2559	5489	367245	0	390307
28706	6432	376038	4344	12084	0	398898
28707	378111	12085	3640	3977	0	397813
28708	14279	377851	3380	3298	0	398808
28709	380309	12677	3564	2438	0	398988
28710	14966	4738	3011	374967	0	397682
28711	6562	3624	2845	389146	0	402177
28712	5508	3349	368965	14217	0	392039
28713	5760	3229	371125	5182	0	385296
28714	4962	372830	13534	4127	0	395453
28715	361531	12089	5079	3021	0	381720
28716	13706	360145	3657	3319	0	380827
28717	6498	357389	3213	3188	0	370288
28718	5835	369330	2955	2843	0	380963
28719	6748	14506	339403	2166	0	362823
28720	5208	358076	11050	2240	0	376574
28721	332828	12631	4490	2106	0	352055
28722	338565	4948	2754	2057	0	348324
28723	14336	3907	2679	317282	0	338204
28724	6630	322070	2778	10020	0	341498
28725	5243	333192	2792	3790	0	345017
28726	4888	12767	2689	326341	0	346685
28727	5236	5169	316214	10652	0	337271
28728	4732	309837	10434	4256	0	329259
28729	5213	12058	3725	301507	0	322503
28730	291995	4832	2717	10293	0	309837
28731	297124	4110	2424	3935	0	307593
28732	12267	299062	2345	3392	0	317066
28733	301655	11036	2528	2734	0	317953
28734	305947	4516	2607	2483	0	315553
28735	13097	3643	2563	293457	0	312760
28736	5994	3222	283660	10073	0	302949
28737	4349	286466	10152	4636	0	305603
28738	3739	12130	3887	285772	0	305528
28739	4001	4851	278870	9448	0	297170
28740	3432	268106	8810	3644	0	283992
28741	251925	9357	4050	2318	0	267650
28742	254992	4131	2294	1772	0	263189
28743	10106	3322	1878	244845	0	260151
28744	4622	248079	1869	7608	0	262178
28745	3983	8253	241904	2821	0	256961
28746	3424	4580	7407	242795	0	258206
28747	3128	3236	241334	8082	0	255780
28748	2390	217619	6342	3049	0	229400
28749	5103	6693	3311	193855	0	208962
28750	192430	2507	1732	4910	0	201579
28751	5040	188502	1255	2580	0	197377
28752	188124	5240	948	1712	0	196024
28753	183883	2645	1033	1369	0	188930
28754	6325	186366	932	1391	0	195014
28755	3402	5100	824	186465	0	195791
28756	2651	2634	820	186990	0	193095
28757	2301	179854	1027	5440	0	188622
28758	2014	187597	1017	2755	0	193383
28759	1920	5605	944	175422	0	183891
28760	1758	180200	1082	4155	0	187195
28761	181413	5166	1198	1750	0	189527
28762	180721	2527	971	1262	0	185481
28763	5862	1986	175966	1133	0	184947
28764	2854	1862	172789	1126	0	178631
28765	166381	1527	4217	1022	0	173147
28766	172531	1474	1746	999	0	176750
28767	4870	175358	1265	1277	0	182770
28768	176764	4559	1104	1069	0	183496
28769	176101	2308	911	1041	0	180361
28770	5292	170195	775	1281	0	177543
28771	172752	4651	771	1084	0	179258
28772	4981	2854	602	200577	0	209014
28773	2243	2101	664	212555	0	217563
28774	2056	1792	212107	7743	0	223698
28775	1462	206236	6088	2652	0	216438
28776	1299	216462	1696	1451	0	220908
28777	200983	9303	2362	2157	0	214805
28778	203347	2782	868	1218	0	208215
28779	202388	1129	504	757	0	204778
28780	206760	866	595	817	0	209038
28781	7600	968	196353	702	0	205623
28782	2288	1076	196919	576	0	200859
28783	1389	197514	6272	709	0	205884
28784	1219	6599	1782	198792	0	208392
28785	1427	1939	914	194859	0	199139
28786	1288	200589	631	5948	0	208456
28787	1434	6396	583	197979	0	206392
28788	195089	1732	673	6292	0	203786
28789	6444	193585	900	1820	0	202749
28790	2305	6453	193989	1111	0	203858
28791	1419	200338	5610	1046	0	208413
28792	203798	6567	1598	1191	0	213154
28793	6626	2311	199227	960	0	209124
28794	197897	1717	6105	1042	0	206761
28795	206420	1065	1601	1052	0	210138
28796	7618	1318	199197	804	0	208937
28797	2426	1163	200383	734	0	204706
28798	1725	1045	197524	722	0	201016
28799	182364	1098	7090	529	0	191081
28800	6828	825	192528	614	0	200795
28801	2200	185981	6255	799	0	195235
28802	190921	5543	1862	446	0	198772
28803	6294	1527	189232	402	0	197455
28804	184022	1002	6343	412	0	191779
28805	6858	933	189472	390	0	197653
28806	2336	878	195136	377	0	198727
28807	1834	188233	7008	786	0	197861
28808	1521	5741	195741	423	0	203426
28809	1943	1757	195334	470	0	199504
28810	1346	175705	7643	1055	0	185749
28811	188802	5771	2727	366	0	197666
28812	6432	1777	189604	315	0	198128
28813	1972	1388	6481	173453	0	183294
28814	1542	188184	2446	4541	0	196713
28815	191043	5890	1837	1301	0	200071
28816	194536	1801	1818	998	0	199153
28817	7126	1463	189441	814	0	198844
28818	2522	180040	6461	739	0	189762
28819	1814	191737	2749	688	0	196988
28820	1581	7205	2039	180983	0	191808
28821	1754	186935	1574	5013	0	195276
28822	2002	6780	1490	182908	0	193180
28823	2140	2350	1400	191443	0	197333
28824	2084	187750	1659	6863	0	198356
28825	1964	6449	1767	187318	0	197498
28826	1949	187164	1784	5984	0	196881
28827	1784	7173	180944	2159	0	192060
28828	1537	2957	6299	184760	0	195553
28829	1667	2540	2364	186550	0	193121
28830	1595	183142	1981	7024	0	193742
28831	1863	193456	1574	2691	0	199584
28832	1854	7906	1495	181094	0	192349
28833	1626	186251	1857	6390	0	196124
28834	186087	7499	1796	2300	0	197682
28835	6543	2960	1941	184601	0	196045
28836	2363	186267	1941	6536	0	197107
28837	183739	7015	1714	2316	0	194784
28838	6627	182724	1888	1910	0	193149
28839	2882	7458	176978	1782	0	189100
28840	2195	3168	6635	181023	0	193021
28841	184118	2766	2877	6367	0	196128
28842	7237	2074	182129	2360	0	193800
28843	2653	2485	6978	175295	0	187411
28844	2674	179739	2881	5857	0	191151
28845	2759	7093	175420	2161	0	187433
28846	2390	179629	7097	1512	0	190628
28847	180355	6877	3465	1304	0	192001
28848	180800	2856	3060	1157	0	187873
28849	7684	176617	3009	1175	0	188485
28850	177535	6757	2927	1229	0	188448
28851	7252	3027	173504	1164	0	184947
28852	2535	2534	7497	170522	0	183088
28853	2188	2433	3241	170169	0	178031
28854	2425	172064	2628	5912	0	183029
28855	187221	6911	2761	2007	0	198900
28856	198386	3085	2202	1489	0	205162
28857	7671	2760	194067	1057	0	205555
28858	196585	2081	6784	1064	0	206514
28859	202565	2205	3038	1141	0	208949
28860	202910	2014	2559	1233	0	208716
28861	8212	2186	2135	193645	0	206178
28862	3199	2424	2117	196324	0	204064
28863	2803	192624	1924	6549	0	203900
28864	192010	6861	2129	2278	0	203278
28865	192404	2593	1892	2162	0	199051
28866	7235	189417	1694	1722	0	200068
28867	2779	7547	1421	179297	0	191044
28868	2431	182560	1094	5562	0	191647
28869	1901	190994	1328	2222	0	196445
28870	185114	7223	1718	1889	0	195944
28871	6419	3186	178896	1759	0	190260
28872	1384	1323	143576	747	0	147030
28873	1216	136771	2556	799	0	141342
28874	126618	1820	1161	403	0	130002
28875	1752	828	124452	409	0	127441
28876	623	110942	1789	540	0	113894
28877	116862	901	251	178	0	118192
28878	975	464	111719	153	0	113311
28879	357	482	803	109289	0	110931
28880	120325	213	302	888	0	121728
28881	1193	304	120280	306	0	122083
28882	408	298	128306	248	0	129260
28883	294	245	133030	174	0	133743
28884	231	295	130844	142	0	131512
28885	123213	511	1438	149	0	125311
28886	135696	134	439	101	0	136370
28887	1283	131686	296	327	0	133592
28888	363	1295	148	139886	0	141692
28889	225	316	130	144425	0	145096
28890	174	138162	149	1874	0	140359
28891	156	1762	120	141438	0	143476
28892	130	141936	172	2059	0	144297
28893	154	146202	164	560	0	147080
28894	142	2385	148	145148	0	147823
28895	217	813	142496	1980	0	145506
28896	155	139144	1971	667	0	141937
28897	131	2019	499	146405	0	149054
28898	147630	583	321	2006	0	150540
28899	2060	431	145149	570	0	148210
28900	142992	254	2056	357	0	145659
28901	148804	370	597	237	0	150008
28902	2654	219	386	150997	0	154256
28903	888	266	157106	2602	0	160862
28904	619	450	157810	880	0	159759
28905	313	161929	3484	604	0	166330
28906	264	2939	1078	166211	0	170492
28907	334	902	167224	2999	0	171459
28908	343	623	168303	870	0	170139
28909	230	161842	4011	997	0	167080
28910	171751	3085	1191	324	0	176351
28911	174581	960	676	294	0	176511
28912	3738	683	437	180534	0	185392
28913	1290	405	187877	3832	0	193404
28914	717	483	187447	1201	0	189848
28915	430	184007	5014	1265	0	190716
28916	521	3718	194081	416	0	198736
28917	528	1285	195111	385	0	197309
28918	301	978	5184	179381	0	185844
28919	310	456	194299	3913	0	198978
28920	183250	386	4642	1267	0	189545
28921	3717	472	1636	197466	0	203291
28922	1355	575	201085	4072	0	207087
28923	695	196619	4525	1736	0	203575
28924	431	3811	1653	207350	0	213245
28925	644	1406	206588	4071	0	212709
28926	387	207281	4650	1784	0	214102
28927	435	4372	1728	212521	0	219056
28928	321	217462	1295	4205	0	223283
28929	370	4803	984	221016	0	227173
28930	349	1581	913	224046	0	226889
28931	402	1121	215990	5717	0	223230
28932	324	215776	4861	2343	0	223304
28933	353	4496	1833	223055	0	229737
28934	399	1559	1269	223579	0	226806
28935	382	1011	1018	228999	0	231410
28936	441	759	217123	6285	0	224608
28937	331	211254	5017	2966	0	219568
28938	280	4556	1969	222615	0	229420
28939	520	1814	216414	5220	0	223968
28940	281	211837	5115	2705	0	219938
28941	276	4777	2075	220846	0	227974
28942	453	1991	220804	5116	0	228364
28943	272	217227	5169	2516	0	225184
28944	325	4914	1997	219440	0	226676
28945	284	2033	1343	229187	0	232847
28946	398	1378	230642	6266	0	238684
28947	215739	1084	5079	2778	0	224680
28948	4093	227273	2220	2093	0	235679
28949	236823	4862	1615	1459	0	244759
28950	4895	2094	236034	1521	0	244544
28951	239973	1332	5193	1417	0	247915
28952	4955	1134	2253	234674	0	243016
28953	1543	1105	1559	248834	0	253041
28954	1054	1021	240208	6386	0	248669
28955	217993	974	5283	2916	0	227166
28956	226649	964	2198	1970	0	231781
28957	5398	219918	1717	1754	0	228787
28958	1957	232470	1459	1601	0	237487
28959	234316	5922	1233	1381	0	242852
28960	5060	2489	230945	1530	0	240024
28961	1850	246913	5379	1629	0	255771
28962	1217	5297	2272	258279	0	267065
28963	850	2143	1678	268027	0	272698
28964	935	1558	261538	6389	0	270420
28965	253440	1132	5652	2853	0	263077
28966	5399	1177	269551	1872	0	277999
28967	270498	1060	6160	1549	0	279267
28968	6161	1153	284029	1459	0	292802
28969	2276	281797	6546	1627	0	292246
28970	298636	5485	3034	1321	0	308476
28971	301574	2189	1997	1425	0	307185
28972	299006	1536	1633	1369	0	303544
28973	302278	1180	1581	1272	0	306311
28974	7505	1155	1480	296640	0	306780
28975	3177	1192	296360	5999	0	306728
28976	1901	1290	5914	293806	0	302911
28977	1454	298666	2750	6149	0	309019
28978	1343	5430	1928	310035	0	318736
28979	1286	2427	305496	6452	0	315661
28980	1396	1740	309049	2599	0	314784
28981	1195	1478	6795	305846	0	315314
28982	305545	1132	3337	6099	0	316113
28983	301998	1013	2044	2587	0	307642
28984	304348	1071	1630	1927	0	308976
28985	7253	1292	304743	1775	0	315063
28986	3247	1295	303133	1532	0	309207
28987	1941	297776	6643	1621	0	307981
28988	1484	306483	2918	1576	0	312461
28989	309217	5378	2770	1175	0	318540
28990	310261	2334	1562	1337	0	315494
28991	5755	317461	1380	1787	0	326383
28992	325174	4384	1316	1126	0	332000
28993	324105	1938	1086	1176	0	328305
28994	5654	317774	1258	1475	0	326161
28995	335548	4375	1101	1152	0	342176
28996	333803	2000	1031	1278	0	338112
28997	5675	333648	1333	1551	0	342207
28998	346065	4334	1316	1177	0	352892
28999	342838	1917	1280	1166	0	347201
29000	6109	1538	338991	1172	0	347810
29001	3353	1454	337149	923	0	342879
29002	1892	327097	5133	1121	0	335243
29003	1587	338372	2418	1180	0	343557
29004	344750	5323	3083	1242	0	354398
29005	335522	1803	1055	681	0	339061
29006	332456	1230	874	527	0	335087
29007	4673	326625	914	848	0	333060
29008	2175	3014	692	339437	0	345318
29009	1747	1549	338132	2969	0	344397
29010	1358	2205	2935	332784	0	339282
29011	1299	334731	1527	2994	0	340551
29012	342575	2348	948	769	0	346640
29013	2979	325966	622	715	0	330282
29014	1555	2623	341	338576	0	343095
29015	361943	1036	368	2387	0	365734
29016	359876	626	428	905	0	361835
29017	4226	724	356540	402	0	361892
29018	362169	509	2764	390	0	365832
29019	386780	489	1040	377	0	388686
29020	392802	508	673	339	0	394322
29021	5356	700	478	379597	0	386131
29022	2077	373726	738	3600	0	380141
29023	1296	3937	481	391591	0	397305
29024	1349	1955	385975	4090	0	393369
29025	1067	391711	4409	2244	0	399431
29026	1023	4459	1392	399040	0	405914
29027	1189	1924	388522	4564	0	396199
29028	959	385372	4478	1762	0	392571
29029	1306	4856	1323	391956	0	399441
29030	1183	1747	395260	4638	0	402828
29031	333434	1206	5434	2053	0	342127
29032	5520	834	401181	942	0	408477
29033	2346	1108	395111	828	0	399393
29034	1393	391287	6092	944	0	399716
29035	1213	5436	1786	407003	0	415438
29036	1202	1983	992	402781	0	406958
29037	1111	392899	1385	5652	0	401047
29038	1304	5389	774	420586	0	428053
29039	423122	1835	807	6236	0	432000
29040	423096	985	901	2029	0	427011
29041	7145	1244	414977	936	0	424302
29042	412257	871	5160	1005	0	419293
29043	432124	838	1800	1022	0	435784
29044	7484	1411	420326	952	0	430173
29045	2501	415084	5864	1307	0	424756
29046	1627	428159	2111	1078	0	432975
29047	1767	7811	1257	390678	0	401513
29048	1274	419414	1246	4599	0	426533
29049	1949	7021	406684	1480	0	417134
29050	1792	2892	401108	1084	0	406876
29051	1382	403382	7728	1143	0	413635
29052	430726	6266	2260	676	0	439928
29053	437636	2399	1177	783	0	441995
29054	441836	1451	974	797	0	445058
29055	442021	1316	863	819	0	445019
29056	432324	1263	868	850	0	435305
29057	7785	417916	1232	1097	0	428030
29058	3190	6699	412736	638	0	423263
29059	1876	2325	5851	420643	0	430695
29060	417012	1494	2025	6211	0	426742
29061	6389	401484	1252	2427	0	411552
29062	2661	6776	853	403068	0	413358
29063	2086	2250	393564	6018	0	403918
29064	1580	377891	6205	2050	0	387726
29065	1327	398749	2047	1134	0	403257
29066	388415	8082	2201	1907	0	400605
29067	6057	381742	896	798	0	389493
29068	2389	5756	841	375182	0	384168
29069	376882	1854	683	5316	0	384735
29070	375267	1216	633	1566	0	378682
29071	378852	1004	684	900	0	381440
29072	7329	1238	357310	654	0	366531
29073	2459	355420	5400	827	0	364106
29074	379946	5775	1451	572	0	387744
29075	6012	2113	838	370756	0	379719
29076	377601	1311	818	5600	0	385330
29077	6369	361952	1029	2518	0	371868
29078	390947	6295	599	936	0	398777
29079	420415	2107	661	809	0	423992
29080	9703	1289	605	409532	0	421129
29081	3770	1368	420420	8012	0	433570
29082	2427	1249	8077	435585	0	447338
29083	435837	931	2352	9245	0	448365
29084	440188	1169	1335	2825	0	445517
29085	11042	420973	1479	2198	0	435692
29086	419646	8581	950	1284	0	430461
29087	9917	415631	1099	1939	0	428586
29088	426156	9209	814	1189	0	437368
29089	426164	3092	923	1415	0	431594
29090	11490	2582	405183	1060	0	420315
29091	4091	403652	8361	1884	0	417988
29092	2779	8960	2584	416096	0	430419
29093	2307	3141	1391	425709	0	432548
29094	2068	2109	1228	410905	0	416310
29095	1933	402450	1432	11014	0	416829
29096	2238	9195	399516	3621	0	414570
29097	2447	3447	405026	1919	0	412839
29098	2012	485475	10840	2356	0	500683
29099	499066	12638	3491	1456	0	516651
29100	13451	4524	489968	1366	0	509309
29101	478588	2827	12894	1248	0	495557
29102	14572	478239	4516	1713	0	499040
29103	5815	12963	485661	1452	0	505891
29104	3431	4442	13159	489988	0	511020
29105	2774	3230	494024	13760	0	513788
29106	2747	2572	502665	4544	0	512528
29107	3082	2657	16042	451953	0	473734
29108	2593	476603	6233	11244	0	496673
29109	2508	498394	3639	3796	0	508337
29110	498645	15836	2267	2108	0	518856
29111	15114	6190	478481	1540	0	501325
29112	487956	3533	13070	1293	0	505852
29113	499437	2408	4878	1342	0	508065
29114	16612	486630	3279	1802	0	508323
29115	475390	13247	1891	1005	0	491533
29116	478285	4611	1648	1201	0	485745
29117	461439	3160	1719	1433	0	467751
29118	17177	444576	1971	1504	0	465228
29119	6309	415981	1869	1265	0	425424
29120	4099	437248	1537	1459	0	444343
29121	438215	14773	2810	758	0	456556
29122	443651	5537	1634	958	0	451780
29123	15964	3382	416999	883	0	437228
29124	6435	2609	402739	721	0	412504
29125	412372	1691	12551	779	0	427393
29126	422609	1715	4763	1033	0	430120
29127	423444	1637	3189	1087	0	429357
29128	15077	1511	2085	405687	0	424360
29129	6241	1540	1758	415419	0	424958
29130	4239	1844	1514	419611	0	427208
29131	2941	2085	1622	425151	0	431799
29132	2980	2215	396219	14267	0	415681
29133	3134	2014	398083	5408	0	408639
29134	3518	1627	400692	2851	0	408688
29135	3507	1544	398904	1584	0	405539
29136	386479	1557	14043	1250	0	403329
29137	11909	384743	5734	1869	0	404255
29138	5640	400910	3188	1586	0	411324
29139	399453	12374	2233	1422	0	415482
29140	12675	5237	393598	1702	0	413212
29141	5463	3750	383658	1802	0	394673
29142	381532	2762	13257	1798	0	399349
29143	396094	2161	5726	1727	0	405708
29144	13670	384624	4058	1830	0	404182
29145	7074	10082	3044	387625	0	407825
29146	393846	3821	2656	9530	0	409853
29147	402520	3233	2492	3392	0	411637
29148	14999	3067	2014	382266	0	402346
29149	7592	397940	1910	9539	0	416981
29150	409259	10600	1934	3759	0	425552
29151	13335	4414	387115	3214	0	408078
29152	387893	3058	10802	2555	0	404308
29153	12551	387523	5007	2582	0	407663
29154	398519	10579	3725	2373	0	415196
29155	400681	4311	3081	2260	0	410333
29156	14514	3492	393796	2159	0	413961
29157	6922	2857	389660	1913	0	401352
29158	385134	2403	13977	1707	0	403221
29159	398739	2553	6362	1354	0	409008
29160	14249	394232	4252	1799	0	414532
29161	6904	11203	3304	401017	0	422428
29162	5591	4589	394745	9885	0	414810
29163	393504	3410	11751	3260	0	411925
29164	13075	3091	5249	398545	0	419960
29165	6996	2574	4019	408992	0	422581
29166	400516	2534	3479	12603	0	419132
29167	12919	402177	3129	5917	0	424142
29168	412676	11316	2875	3397	0	430264
29169	415276	4329	3141	2498	0	425244
29170	417743	3448	2833	2563	0	426587
29171	16509	404293	2693	2754	0	426249
29172	414148	11077	2601	1772	0	429598
29173	14957	4654	2716	409236	0	431563
29174	7660	3902	2132	415672	0	429366
29175	7557	3267	402479	13047	0	426350
29176	6697	2728	398902	5196	0	413523
29177	5213	400305	13028	3835	0	422381
29178	5373	411385	5399	2354	0	424511
29179	5982	11214	369349	1264	0	387809
29180	3888	381164	9386	1530	0	395968
29181	376377	11761	4855	1456	0	394449
29182	377345	3607	2178	1060	0	384190
29183	381745	2553	1540	1234	0	387072
29184	13065	2453	1483	364570	0	381571
29185	5918	2016	1555	377195	0	386684
29186	4445	2252	368540	11006	0	386243
29187	3228	366833	8628	5011	0	383700
29188	370234	8994	3397	2597	0	385222
29189	9765	371288	2712	1865	0	385630
29190	376763	9801	1866	1246	0	389676
29191	377979	3532	1582	1123	0	384216
29192	13100	2250	1313	367332	0	383995
29193	6551	1682	1299	375361	0	384893
29194	4260	1423	1111	383557	0	390351
29195	3474	1708	356348	12890	0	374420
29196	2656	352195	8224	6575	0	369650
29197	2275	356590	3481	3997	0	366343
29198	1167	260107	728	1130	0	263132
29199	994	258541	824	1190	0	261549
29200	1106	261641	763	1190	0	264700
29201	251138	4850	754	631	0	257373
29202	4438	2056	249617	756	0	256867
29203	1620	246454	3712	960	0	252746
29204	1494	4125	235724	584	0	241927
29205	939	245799	3460	836	0	251034
29206	1184	4276	1257	229746	0	236463
29207	1003	1997	660	238600	0	242260
29208	974	244251	662	3884	0	249771
29209	246067	3679	627	1368	0	251741
29210	3876	1710	240509	878	0	246973
29211	1505	241700	3252	1186	0	247643
29212	1282	4018	240873	730	0	246903
29213	1008	1736	3385	241189	0	247318
29214	1024	1249	1232	230633	0	234138
29215	984	237926	803	4048	0	243761
29216	990	3805	568	244349	0	249712
29217	945	1583	594	245990	0	249112
29218	880	242586	735	4511	0	248712
29219	1012	3934	241564	1756	0	248266
29220	964	1831	242509	1132	0	246436
29221	235645	1379	4061	859	0	241944
29222	249559	1232	1398	848	0	253037
29223	4183	1245	877	242036	0	248341
29224	1797	1361	242458	3691	0	249307
29225	1199	1113	3362	235943	0	241617
29226	1065	248894	1453	3932	0	255344
29227	1118	3889	251897	1666	0	258570
29228	818	245504	3675	1500	0	251497
29229	1052	4238	248154	1051	0	254495
29230	692	248868	3699	1093	0	254352
29231	253070	4147	1601	821	0	259639
29232	3428	1926	940	249696	0	255990
29233	1443	1622	757	248284	0	252106
29234	1278	1429	248324	4131	0	255162
29235	1318	1398	241018	1825	0	245559
29236	894	242456	3996	1481	0	248827
29237	251141	3816	1569	1139	0	257665
29238	3488	1769	1171	245401	0	251829
29239	1463	1431	255332	3416	0	261642
29240	1043	1645	244808	1476	0	248972
29241	230329	1334	4042	1199	0	236904
29242	240340	1285	1616	1022	0	244263
29243	4208	1286	244676	979	0	251149
29244	1634	1730	3391	233987	0	240742
29245	1059	241529	1639	3258	0	247485
29246	246746	3821	1224	1461	0	253252
29247	3208	242497	1061	1346	0	248112
29248	234457	3329	876	1487	0	240149
29249	2937	231044	812	1159	0	235952
29250	1186	236225	750	942	0	239103
29251	921	3716	643	239388	0	244668
29252	752	1520	761	239887	0	242920
29253	654	236968	892	3689	0	242203
29254	823	3250	233411	1307	0	238791
29255	782	1503	234950	878	0	238113
29256	736	1132	234529	837	0	237234
29257	217786	916	3619	868	0	223189
29258	234426	893	1299	779	0	237397
29259	3064	238305	1092	988	0	243449
29260	1401	3706	238904	787	0	244798
29261	687	1727	3463	241528	0	247405
29262	651	1286	255576	3812	0	261325
29263	634	1240	264646	1325	0	267845
29264	535	1066	4844	284831	0	291276
29265	582	943	1854	304330	0	307709
29266	713	1157	315761	7256	0	324887
29267	305724	937	6097	3336	0	316094
29268	6231	332483	2954	2217	0	343885
29269	2817	351518	1846	1539	0	357720
29270	1558	10139	1198	345347	0	358242
29271	355727	4353	1057	6807	0	367944
29272	7868	359917	1093	3871	0	372749
29273	363348	8964	792	1818	0	374922
29274	8849	363704	971	1572	0	375096
29275	379845	9528	1048	1231	0	391652
29276	11039	4559	368992	1283	0	385873
29277	4779	3212	376441	895	0	385327
29278	2684	2573	10559	360484	0	376300
29279	2238	1960	356696	8628	0	369522
29280	1597	336894	9936	3720	0	352147
29281	1304	347510	4529	2048	0	355391
29282	351501	10998	2822	1078	0	366399
29283	8456	5163	1821	339472	0	354912
29284	3607	349329	1723	8077	0	362736
29285	359828	9288	1358	3240	0	373714
29286	352599	4588	1209	1798	0	360194
29287	364728	2819	1073	1229	0	369849
29288	13532	2062	1078	353646	0	370318
29289	6437	1998	1026	364182	0	373643
29290	4199	1860	353659	11941	0	371659
29291	3114	1664	352531	5346	0	362655
29292	350271	1303	11600	3349	0	366523
29293	10056	1556	5116	352329	0	369057
29294	5126	1483	349306	10007	0	365922
29295	345894	1367	9777	4659	0	361697
29296	10391	362139	4942	3110	0	380582
29297	375079	9139	3089	2196	0	389503
29298	379879	4232	2197	2071	0	388379
29299	383169	2465	2058	1887	0	389579
29300	15744	1719	361831	2015	0	381309
29301	366406	1502	9638	1474	0	379020
29302	13505	1508	4346	351489	0	370848
29303	6888	343898	3430	9174	0	363390
29304	5256	369106	2372	4274	0	381008
29305	371363	11866	2228	2559	0	388016
29306	375227	5183	1858	1828	0	384096
29307	379815	3082	1532	2003	0	386432
29308	16286	2409	1427	361327	0	381449
29309	8416	2073	1509	370629	0	382627
29310	6139	2021	1258	359169	0	368587
29311	4911	357285	1390	13641	0	377227
29312	364385	10020	1604	6249	0	382258
29313	369969	4616	1278	4260	0	380123
29314	377310	3077	1435	3402	0	385224
29315	16900	2519	360398	2959	0	382776
29316	374609	2317	9757	2363	0	389046
29317	15516	2432	4059	353781	0	375788
29318	8397	360394	2796	10297	0	381884
29319	365910	10709	1961	4393	0	382973
29320	367321	4817	1845	3200	0	377183
29321	17500	3243	362682	2530	0	385955
29322	9267	2320	10340	358786	0	380713
29323	6345	365188	4741	11248	0	387522
29324	382903	11102	3287	5165	0	402457
29325	14423	5478	2120	382111	0	404132
29326	7929	3697	2028	385244	0	398898
29327	6143	2713	1838	392299	0	402993
29328	5289	2576	1638	409003	0	418506
29329	5216	2676	383524	19092	0	410508
29330	4701	385571	12011	9671	0	411954
29331	4700	13196	4596	398407	0	420899
29332	4554	5775	393686	15722	0	419737
29333	393052	4050	13034	7756	0	417892
29334	411129	2967	5544	5736	0	425376
29335	18465	3021	3924	405967	0	431377
29336	410164	2781	3070	15588	0	431603
29337	425714	2669	2765	7494	0	438642
29338	21056	3040	404782	5453	0	434331
29339	10639	404741	12993	4872	0	433245
29340	417599	13416	5534	4529	0	441078
29341	17462	5580	3976	416988	0	444006
29342	426792	3823	3322	15416	0	449353
29343	18588	2730	3354	418625	0	443297
29344	9157	3040	2975	433322	0	448494
29345	7533	2974	404146	19700	0	434353
29346	377175	2687	13512	9852	0	403226
29347	16278	410981	5762	7617	0	440638
29348	9865	14068	408981	5616	0	438530
29349	7195	415957	13299	5662	0	442113
29350	417051	15192	5852	4825	0	442920
29351	17729	6431	3926	411365	0	439451
29352	410668	4139	3046	15776	0	433629
29353	17640	406100	3215	8398	0	435353
29354	427344	14291	2879	5485	0	449999
29355	438212	5734	2547	4890	0	451383
29356	440327	3813	2701	4554	0	451395
29357	437440	2768	2643	4314	0	447165
29358	22687	417615	2568	4377	0	447247
29359	423609	13102	2419	3653	0	442783
29360	19610	6020	2394	412919	0	440943
29361	11146	5415	1899	411358	0	429818
29362	8764	378728	2310	16327	0	406129
29363	7450	381479	2067	7684	0	398680
29364	6610	372095	1628	4504	0	384837
29365	349348	13530	2100	3851	0	368829
29366	12431	323595	1413	3556	0	340995
29367	5402	304783	1471	2726	0	314382
29368	305290	9831	3515	2230	0	320866
29369	299584	3334	1179	1932	0	306029
29370	10796	295970	1079	2110	0	309955
29371	299179	7928	938	1678	0	309723
29372	9860	2984	282170	1813	0	296827
29373	282100	2301	6382	1599	0	292382
29374	9607	2109	279056	1897	0	292669
29375	3690	259290	5342	1689	0	270011
29376	2940	271740	1502	1727	0	277909
29377	5287	7996	1759	266131	0	281173
29378	273660	2154	968	5445	0	282227
29379	281047	1631	723	2039	0	285440
29380	285418	1473	696	1801	0	289388
29381	285006	1426	785	1570	0	288787
29382	278278	1570	1132	1639	0	282619
29383	7565	1656	262934	1608	0	273763
29384	3234	2046	252873	1592	0	259745
29385	268400	1505	5038	1517	0	276460
29386	6387	263640	1921	1627	0	273575
29387	271552	5191	1221	1192	0	279156
29388	278851	1947	771	1065	0	282634
29389	284040	1414	779	1311	0	287544
29390	284354	1380	862	1236	0	287832
29391	284016	1347	900	1392	0	287655
29392	7508	1554	272401	1605	0	283068
29393	279903	1535	4547	1552	0	287537
29394	286050	1538	1553	1611	0	290752
29395	7422	1605	276831	1750	0	287608
29396	265656	1521	4227	1602	0	273006
29397	273884	1473	1712	1687	0	278756
29398	7691	1532	277720	1401	0	288344
29399	4201	1747	272396	1228	0	279572
29400	3707	276453	5273	1409	0	286842
29401	3645	5245	1981	283632	0	294503
29402	3817	1903	283246	4722	0	293688
29403	283508	1646	4759	1536	0	291449
29404	7294	1500	1731	297894	0	308419
29405	4002	1573	301602	5176	0	312353
29406	298918	1393	4944	1703	0	306958
29407	308555	1582	1743	1413	0	313293
29408	310948	1476	1295	1212	0	314931
29409	7906	307427	1030	1986	0	318349
29410	4268	5529	1052	307032	0	317881
29411	3643	308740	1198	4934	0	318515
29412	318106	5768	1538	1631	0	327043
29413	315564	2180	1506	1436	0	320686
29414	7898	1916	305819	1012	0	316645
29415	3317	294529	4528	935	0	303309
29416	2731	300816	1435	790	0	305772
29417	2654	5540	1100	294964	0	304258
29418	2769	2246	708	301648	0	307371
29419	298739	1617	655	4702	0	305713
29420	6384	294855	686	2090	0	304015
29421	3431	293658	543	1288	0	298920
29422	4162	5558	283586	725	0	294031
29423	2836	289646	3929	1009	0	297420
29424	293065	4905	1465	619	0	300054
29425	6463	1900	282639	699	0	291701
29426	250362	1352	3736	707	0	256157
29427	4594	1210	268052	555	0	274411
29428	226843	746	2941	572	0	231102
29429	3280	264841	861	677	0	269659
29430	280926	3523	569	291	0	285309
29431	4667	1199	288316	208	0	294390
29432	284787	868	4113	531	0	290299
29433	294822	514	1033	331	0	296700
29434	5267	671	295475	263	0	301676
29435	295962	442	3294	236	0	299934
29436	306819	456	1059	218	0	308552
29437	297418	428	757	196	0	298799
29438	5106	285606	614	751	0	292077
29439	297772	3674	556	193	0	302195
29440	5304	1581	295969	272	0	303126
29441	1900	306615	3737	607	0	312859
29442	316800	4226	1256	189	0	322471
29443	310136	1318	801	364	0	312619
29444	316840	764	510	200	0	318314
29445	6074	308171	665	692	0	315602
29446	2312	4669	440	359138	0	366559
29447	1848	1611	349190	6505	0	359154
29448	1240	915	6670	354734	0	363559
29449	1367	897	358696	7523	0	368483
29450	348141	589	7888	2053	0	358671
29451	7855	360263	2624	1423	0	372165
29452	2973	8089	1313	359210	0	371585
29453	1991	365948	955	6915	0	375809
29454	1517	8532	781	370667	0	381497
29455	1378	2835	663	369409	0	374285
29456	1427	375027	759	10288	0	387501
29457	1509	9236	630	379674	0	391049
29458	1376	3073	756	397174	0	402379
29459	1305	392435	1009	12375	0	407124
29460	1341	407115	1071	4958	0	414485
29461	1362	12547	1182	406394	0	421485
29462	2072	4539	391913	11702	0	410226
29463	1474	403943	10644	4773	0	420834
29464	1707	11931	2981	406499	0	423118
29465	2526	4911	410652	11818	0	429907
29466	1422	420916	11381	5353	0	439072
29467	426344	12857	3362	3005	0	445568
29468	12765	4576	416003	2389	0	435733
29469	408043	3080	12102	2235	0	425460
29470	13248	2551	3556	412172	0	431527
29471	4174	2343	2278	422463	0	431258
29472	2702	2198	1460	426624	0	432984
29473	2204	2673	406264	16945	0	428086
29474	2023	2708	408117	6073	0	418921
29475	398378	2365	14503	4060	0	419306
29476	12574	2239	5237	411218	0	431268
29477	4402	2547	405891	14036	0	426876
29478	404318	2317	12860	5341	0	424836
29479	13366	2191	4720	404273	0	424550
29480	5050	2541	3170	411520	0	422281
29481	3898	2387	2443	405919	0	414647
29482	2892	399980	2563	17859	0	423294
29483	2928	13175	2228	390825	0	409156
29484	2524	390109	2279	15127	0	410039
29485	2336	410151	2139	6823	0	421449
29486	402223	15593	2518	4982	0	425316
29487	393136	5894	3035	3790	0	405855
29488	403852	3742	2720	3626	0	413940
29489	16812	388994	2580	3863	0	412249
29490	391200	13361	2274	3847	0	410682
29491	399199	4901	2337	3840	0	410277
29492	16735	3442	2512	383981	0	406670
29493	6536	2821	2374	396195	0	407926
29494	4520	2958	367158	18506	0	393142
29495	2969	380410	12546	8750	0	404675
29496	379558	13843	4444	5700	0	403545
29497	378742	5571	3314	4731	0	392358
29498	15053	374156	2902	4568	0	396679
29499	375069	14326	2388	4116	0	395899
29500	377373	5565	1948	4376	0	389262
29501	16893	4453	2109	356976	0	380431
29502	7675	353262	2243	14250	0	377430
29503	5212	369338	1984	6643	0	383177
29504	358891	15381	2046	5573	0	381891
29505	14700	6434	1748	354305	0	377187
29506	6117	4897	339015	15716	0	365745
29507	337022	3879	12415	7504	0	360820
29508	14829	4083	343091	5662	0	367665
29509	6036	341756	12762	4787	0	365341
29510	346429	13648	4570	4478	0	369125
29511	15245	5948	337315	4643	0	363151
29512	6461	5293	12531	343456	0	367741
29513	5638	4143	342691	14768	0	367240
29514	4607	348784	13020	7589	0	374000
29515	4517	14051	4777	354337	0	377682
29516	4494	6471	346273	15258	0	372496
29517	333571	5161	12625	7481	0	358838
29518	13878	352878	4821	6318	0	377895
29519	6304	13911	3798	335761	0	359774
29520	4927	355217	3573	13673	0	377390
29521	352965	14841	3187	6562	0	377555
29522	351380	6482	3136	5897	0	366895
29523	15582	349021	3155	5804	0	373562
29524	7490	14175	3166	339137	0	363968
29525	5238	349878	3276	14284	0	372676
29526	350749	14336	4079	7100	0	376264
29527	14606	6738	340034	5823	0	367201
29528	6643	5993	335950	4853	0	353439
29529	5088	333102	13252	4936	0	356378
29530	4294	335296	6365	4362	0	350317
29531	4348	14297	4199	322546	0	345390
29532	319958	6359	3394	12104	0	341815
29533	324112	4547	3158	5389	0	337206
29534	312180	3893	2600	4456	0	323129
29535	15610	315568	2778	4297	0	338253
29536	7122	11509	2590	307276	0	328497
29537	5459	316078	2486	12015	0	336038
29538	318533	12219	2896	5549	0	339197
29539	12727	5672	2440	313357	0	334196
29540	6249	3694	296324	12373	0	318640
29541	4448	292790	10436	5517	0	313191
29542	292169	10819	4232	3818	0	311038
29543	11792	5313	283480	2970	0	303555
29544	277691	4296	9018	3304	0	294309
29545	12037	280858	3225	3678	0	299798
29546	3942	246523	1595	1852	0	253912
29547	237023	8304	1227	1546	0	248100
29548	7668	243356	1082	1839	0	253945
29549	231652	7214	898	1390	0	241154
29550	6858	232010	846	1491	0	241205
29551	235107	7074	1237	1390	0	244808
29552	236444	2778	1067	1064	0	241353
29553	7895	2445	233897	1073	0	245310
29554	3403	1981	225209	805	0	231398
29555	2413	223267	4973	995	0	231648
29556	222108	4999	2390	1030	0	230527
29557	5298	1949	213331	752	0	221330
29558	197296	1670	3101	686	0	202753
29559	3309	1654	1491	195802	0	202256
29560	1555	1013	198821	2427	0	203816
29561	1295	1042	190884	782	0	194003
29562	1239	1146	200894	649	0	203928
29563	807	194661	2190	593	0	198251
29564	1956	5485	1978	188248	0	197667
29565	181835	490	369	987	0	183681
29566	910	249	197	182935	0	184291
29567	185856	139	189	994	0	187178
29568	1127	173	169	186152	0	187621
29569	192027	171	136	1133	0	193467
29570	199892	180	184	432	0	200688
29571	223171	189	196	275	0	223831
29572	2773	222970	325	395	0	226463
29573	1156	2673	230465	204	0	234498
29574	592	851	2409	232289	0	236141
29575	932	1689	1455	196370	0	200446
29576	435	374	401	243333	0	244543
29577	410	338	273	238447	0	239468
29578	352	230418	438	4411	0	235619
29579	611	3010	223053	1931	0	228605
29580	306	228191	2963	1265	0	232725
29581	329	3556	981	230876	0	235742
29582	285	1413	485	238611	0	240794
29583	358	747	310	241568	0	242983
29584	365	522	308	240266	0	241461
29585	373	228061	462	4844	0	233740
29586	355	231535	415	2081	0	234386
29587	570	3948	227729	1275	0	233522
29588	366	1470	2978	232390	0	237204
29589	381	914	1038	237462	0	239795
29590	403	670	575	244591	0	246239
29591	246068	625	416	4695	0	251804
29592	3476	240929	496	2276	0	247177
29593	1441	3668	241595	1205	0	247909
29594	244957	1221	3323	951	0	250452
29595	3774	740	1077	249808	0	255399
29596	258379	635	585	3940	0	263539
29597	4179	610	416	259179	0	264384
29598	265251	587	448	4203	0	270489
29599	4335	534	434	264129	0	269432
29600	263737	511	566	4427	0	269241
29601	4596	595	272861	1869	0	279921
29602	1897	535	3369	272158	0	277959
29603	1273	279880	1326	3782	0	286261
29604	1022	3925	734	293136	0	298817
29605	290331	1489	607	4852	0	297279
29606	4397	289500	822	2128	0	296847
29607	1678	4824	525	307380	0	314407
29608	1155	298585	615	5812	0	306167
29609	901	5820	409	309433	0	316563
29610	845	2057	388	312409	0	315699
29611	974	1364	300114	7402	0	309854
29612	744	944	5145	297780	0	304613
29613	912	1074	292454	6851	0	301291
29614	632	282483	5847	3383	0	292345
29615	294910	5388	1938	1938	0	304174
29616	5872	1979	291760	1577	0	301188
29617	287092	1109	5713	1378	0	295292
29618	309258	900	1976	1167	0	313301
29619	7458	826	1297	309037	0	318618
29620	2852	993	319966	6739	0	330550
29621	316210	609	6516	2749	0	326084
29622	341765	539	2231	2113	0	346648
29623	8687	553	1436	331876	0	342552
29624	3461	615	955	338356	0	343387
29625	2036	332079	981	9187	0	344283
29626	1464	7198	858	338489	0	348009
29627	1206	336495	818	8578	0	347097
29628	1389	7898	331311	3673	0	344271
29629	861	3022	5869	335826	0	345578
29630	331034	1445	2265	7644	0	342388
29631	333978	961	1143	3303	0	339385
29632	7918	329305	912	2528	0	340663
29633	3097	6468	795	340812	0	351172
29634	341711	2309	693	7382	0	352095
29635	7077	326924	675	3494	0	338170
29636	337036	6878	478	2394	0	346786
29637	7873	2773	471	348240	0	359357
29638	368767	1740	587	8526	0	379620
29639	10046	2375	379870	3513	0	395804
29640	3550	395292	9062	2744	0	410648
29641	403040	9952	2768	2003	0	417763
29642	9997	407677	1904	2484	0	422062
29643	425324	10989	1076	2008	0	439397
29644	438903	3860	891	1886	0	445540
29645	14663	2774	429159	1635	0	448231
29646	5755	1648	10585	427357	0	445345
29647	445967	1469	3271	12202	0	462909
29648	13085	1432	432683	4367	0	451567
29649	438840	1298	11370	2978	0	454486
29650	13434	1380	3472	444792	0	463078
29651	5408	1284	437398	12717	0	456807
29652	3499	1199	11531	437950	0	454179
29653	433715	1116	3890	13814	0	452535
29654	13423	1464	441137	5231	0	461255
29655	5090	1354	11291	449009	0	466744
29656	3688	1162	3900	465211	0	473961
29657	458823	930	2578	15764	0	478095
29658	458452	1068	1974	6379	0	467873
29659	15278	459010	2029	4702	0	481019
29660	6726	11674	1528	467445	0	487373
29661	4818	3967	1705	473098	0	483588
29662	3923	2647	1633	472080	0	480283
29663	458748	1698	1849	16876	0	479171
29664	463122	1900	1779	7121	0	473922
29665	16833	2022	1347	455389	0	475591
29666	7859	444707	1527	14313	0	468406
29667	5744	12349	1603	445742	0	465438
29668	4663	448065	1856	13864	0	468448
29669	449311	12456	1883	6405	0	470055
29670	13877	432815	2203	5228	0	454123
29671	416293	10905	1881	3426	0	432505
29672	13410	3856	1749	407539	0	426554
29673	408490	2548	1846	11843	0	424727
29674	13918	2407	390702	5702	0	412729
29675	6195	404953	9531	5052	0	425731
29676	419338	10400	4125	3759	0	437622
29677	427602	3857	2706	3626	0	437791
29678	14690	2715	2071	409221	0	428697
29679	7030	413890	2063	12138	0	435121
29680	5718	9698	1597	440015	0	457028
29681	5012	3813	1707	443262	0	453794
29682	4976	2648	1611	446848	0	456083
29683	436257	2170	1645	16107	0	456179
29684	439867	2168	1779	7936	0	451750
29685	14908	1878	1426	431994	0	450206
29686	7623	424485	1661	13151	0	446920
29687	442728	9634	1538	6772	0	460672
29688	14174	4097	426683	5657	0	450611
29689	6864	3194	9306	441843	0	461207
29690	5568	2790	435738	14461	0	458557
29691	4818	2568	10192	443113	0	460691
29692	4995	2869	442525	14634	0	465023
29693	5056	2736	10418	450506	0	468716
29694	452441	2704	3661	14496	0	473302
29695	455024	2728	2443	7310	0	467505
29696	15753	430523	2119	6112	0	454507
29697	457200	10628	1727	5197	0	474752
29698	14799	4615	1786	452103	0	473303
29699	7761	3615	1832	464233	0	477441
29700	461233	2993	2007	15664	0	481897
29701	14992	2890	442283	8205	0	468370
29702	8091	2885	444275	6557	0	461808
29703	6573	3411	445666	5735	0	461385
29704	436051	2801	12053	5637	0	456542
29705	14128	2693	458353	5691	0	480865
29706	7720	2725	439554	5477	0	455476
29707	430066	2523	10868	5117	0	448574
29708	12539	447756	5153	5409	0	470857
29709	7151	9080	3270	472834	0	492335
29710	5880	4396	2842	485142	0	498260
29711	5468	3356	478321	13518	0	500663
29712	481367	2306	9620	7401	0	500694
29713	496523	2021	4571	6335	0	509450
29714	494751	2057	3680	6336	0	506824
29715	14300	1986	485576	6063	0	507925
29716	478729	1834	9432	5985	0	495980
29717	13817	2707	469192	5950	0	491666
29718	7473	464736	8812	6208	0	487229
29719	6215	477734	3911	5423	0	493283
29720	466077	9642	2761	4717	0	483197
29721	10531	457450	2549	5136	0	475666
29722	6060	464861	2373	5175	0	478469
29723	464998	9062	2757	4619	0	481436
29724	10281	461595	2786	4782	0	479444
29725	467253	8447	2854	4006	0	482560
29726	11014	3620	2991	478041	0	495666
29727	5977	2981	3039	486430	0	498427
29728	5082	2377	2872	490699	0	501030
29729	4649	2866	2793	482042	0	492350
29730	4697	472938	2904	12024	0	492563
29731	488208	8570	2644	5818	0	505240
29732	11168	516121	2698	5107	0	535094
29733	6225	530896	3826	5629	0	546576
29734	5253	12097	545988	4167	0	567505
29735	537357	4414	12131	4162	0	558064
29736	14677	3291	584423	3313	0	605704
29737	7086	4017	584230	2988	0	598321
29738	4397	587154	13489	2956	0	607996
29739	2308	593288	3841	1975	0	601412
29740	594681	12838	3419	1577	0	612515
29741	11884	604256	3732	2694	0	622566
29742	4760	12616	609520	1239	0	628135
29743	2465	576976	15256	2039	0	596736
29744	2128	10745	628014	1029	0	641916
29745	1520	3689	619963	655	0	625827
29746	598444	2031	14941	649	0	616065
29747	11795	1578	615553	599	0	629525
29748	3427	1249	12931	604520	0	622127
29749	599414	813	4798	10497	0	615522
29750	10837	570838	4409	4678	0	590762
29751	4134	9598	592692	2463	0	608887
29752	600028	2665	11594	1109	0	615396
29753	11664	1864	4105	570662	0	588295
29754	3918	538358	4552	10034	0	556862
29755	2662	9412	574732	2977	0	589783
29756	580153	2781	11582	1554	0	596070
29757	11899	1819	586811	1077	0	601606
29758	4181	976	12238	580970	0	598365
29759	2809	1243	565967	11041	0	581060
29760	1517	809	12706	577503	0	592535
29761	567555	716	4521	12450	0	585242
29762	10778	567692	3313	4856	0	586639
29763	588002	10359	1931	2364	0	602656
29764	13017	3336	579955	1533	0	597841
29765	4371	1790	11900	582681	0	600742
29766	3008	1528	583280	11675	0	599491
29767	585033	1267	13235	3603	0	603138
29768	598278	1016	4344	2044	0	605682
29769	14777	587004	3313	2114	0	607208
29770	608522	11652	2153	1087	0	623414
29771	612423	3491	1974	1016	0	618904
29772	16561	2097	1573	598579	0	618810
29773	6580	2014	576371	12172	0	597137
29774	3859	552942	12611	4569	0	573981
29775	2837	11308	3793	581519	0	599457
29776	581786	3606	2822	12489	0	600703
29777	13531	2458	574108	4215	0	594312
29778	4637	1998	577045	2461	0	586141
29779	3211	1891	562727	1635	0	569464
29780	552460	1457	16562	1383	0	571862
29781	13708	1549	554787	1586	0	571630
29782	549227	1209	15187	889	0	566512
29783	14987	2442	506566	865	0	524860
29784	5010	539611	13855	1809	0	560285
29785	3449	12304	5504	546365	0	567622
29786	3064	4176	538597	12209	0	558046
29787	2379	525602	14307	4347	0	546635
29788	2037	545472	5833	2766	0	556108
29789	2017	15239	3795	541985	0	563036
29790	536508	5750	2942	12393	0	557593
29791	12733	3747	2725	538793	0	557998
29792	522920	3008	2715	13716	0	542359
29793	14133	3047	2417	525734	0	545331
29794	5608	2698	516883	14149	0	539338
29795	4281	2555	518115	5059	0	530010
29796	509592	2018	16572	3669	0	531851
29797	520852	2092	7379	2690	0	533013
29798	17030	2253	499041	2300	0	520624
29799	493816	2347	15158	2004	0	513325
29800	16147	2976	489617	1722	0	510462
29801	7193	472106	16216	1835	0	497350
29802	5564	479375	7317	1956	0	494212
29803	4642	473643	6076	2009	0	486370
29804	4229	16956	5084	463879	0	490148
29805	458329	7058	4994	12446	0	482827
29806	465418	5084	4714	4473	0	479689
29807	17228	4291	4080	457614	0	483213
29808	7919	4120	426377	13498	0	451914
29809	5575	3386	14861	428906	0	452728
29810	5153	2996	419335	14976	0	442460
29811	4293	2659	16659	411753	0	435364
29812	407037	2181	8161	15500	0	432879
29813	415851	2209	6522	6424	0	431006
29814	414834	1845	5775	4935	0	427389
29815	414320	1940	5056	3926	0	425242
29816	19831	1927	4481	394804	0	421043
29817	9340	1912	4426	407334	0	423012
29818	397832	2135	4041	16765	0	420773
29819	407280	2117	3858	6966	0	420221
29820	19007	2138	3860	394817	0	419822
29821	9298	1904	3529	403574	0	418305
29822	6979	1989	3167	395366	0	407501
29823	5726	2181	3248	399199	0	410354
29824	384233	1979	3616	19082	0	408910
29825	16178	1816	371034	8731	0	397759
29826	7302	1914	13759	363127	0	386102
29827	359762	1578	6203	15930	0	383473
29828	15795	1803	346384	7626	0	371608
29829	8033	2523	13827	354790	0	379173
29830	6964	1891	346807	14656	0	370318
29831	5808	331338	14609	6619	0	358374
29832	5623	10509	6695	292151	0	314978
29833	266440	3691	5156	10957	0	286244
29834	10477	8536	4258	225381	0	248652
29835	5549	222061	3240	10357	0	241207
29836	4254	202677	2675	4390	0	213996
29837	3060	163600	1948	2761	0	171369
29838	2802	151666	1928	2204	0	158600
29839	85697	11837	9411	7189	0	114134
29840	5706	3121	2252	61216	0	72295
29841	857	390	49944	2174	0	53365
29842	656	418	1722	46476	0	49272
29843	806	229	44336	2078	0	47449
29844	44932	328	1673	782	0	47715
29845	2194	164	564	44549	0	47471
29846	986	182	453	45888	0	47509
29847	738	220	415	45587	0	46960
29848	636	271	321	46112	0	47340
29849	44225	267	279	2274	0	47045
29850	45422	239	251	1003	0	46915
29851	2081	205	261	44302	0	46849
29852	42941	210	279	2231	0	45661
29853	1937	209	40680	1126	0	43952
29854	719	40904	1478	1045	0	44146
29855	715	1433	465	41287	0	43900
29856	554	317	509	40927	0	42307
29857	545	40698	360	2182	0	43785
29858	599	1427	350	40622	0	42998
29859	643	1353	449	40699	0	43144
29860	39859	255	451	2169	0	42734
29861	1773	185	36338	872	0	39168
29862	594	223	34541	656	0	36014
29863	33587	161	1516	633	0	35897
29864	1521	174	30695	504	0	32894
29865	17004	229	733	250	0	18216
29866	13455	71	470	232	0	14228
29867	595	264	139	11213	0	12211
29868	189	58	8732	417	0	9396
29869	6641	46	387	158	0	7232
29870	266	6809	91	133	0	7299
29871	3446	259	630	429	0	4764
29872	2444	106	440	121	0	3111
29873	1335	11	10	98	0	1454
29874	360	1	8	23	0	392
29875	365	1	7	25	0	398
29876	240	3	6	22	0	271
29877	243	4	7	21	0	275
29878	16	7	3	194	0	220
29879	178	3	11	22	0	214
29880	181	6	7	17	0	211
29881	180	3	11	15	0	209
29882	185	5	5	14	0	209
29883	169	4	11	10	0	194
29884	7	4	10	9	0	30
29885	10	9	6	14	0	39
29886	9	7	7	11	0	34
29887	3	6	4	9	0	22
29888	4	3	5	11	0	23
29889	6	6	4	7	0	23
29890	4	4	4	10	0	22
29891	10	5	1	5	0	21
29892	3	4	3	5	0	15
29893	5	7	2	5	0	19
29894	5	5	1	6	0	17
29895	6	2	2	5	0	15
29896	3	2	2	10	0	17
29897	3	1	3	8	0	15
29898	3	0	2	7	0	12
29899	5	1	2	5	0	13
29900	5	1	1	6	0	13
29901	3	1	1	9	0	14
29902	1	1	1	8	0	11
29903	3	2	1	3	0	9
29904	3	2	1	4	0	10
29905	2	1	1	4	0	8
29906	4	1	0	5	0	10
29907	3	1	3	2	0	9
29908	3	1	4	2	0	10
29909	0	1	1	1	0	3
29910	1	0	0	0	0	1
29911	0	0	1	0	0	1
29912	0	0	1	0	0	1
