Pos	A	C	G	T	Other	Total
1	0	0	0	0	0	0
2	0	0	0	0	0	0
3	0	0	0	0	0	0
4	0	0	0	0	0	0
5	0	0	0	0	0	0
6	0	0	0	0	0	0
7	0	0	0	0	0	0
8	0	0	0	0	0	0
9	0	0	0	0	0	0
10	0	0	0	0	0	0
11	0	0	0	1	0	1
12	1	0	0	0	0	1
13	0	0	0	35	0	35
14	53	0	0	1	0	54
15	0	95	0	0	0	95
16	0	191	0	0	0	191
17	1	0	0	476	0	477
18	1	0	0	514	0	515
19	0	702	0	0	0	702
20	0	766	0	0	0	766
21	0	871	0	1	0	872
22	912	0	1	4	0	917
23	0	2	916	0	0	918
24	0	0	891	0	0	891
25	2	0	0	978	0	980
26	1042	0	0	7	0	1049
27	1049	0	0	2	0	1051
28	0	1046	0	1	0	1047
29	1215	0	0	9	0	1224
30	1302	0	1	13	0	1316
31	1338	0	0	5	0	1343
32	0	1350	1	1	0	1352
33	1	1383	0	0	0	1384
34	1446	0	0	5	0	1451
35	1446	0	0	3	0	1449
36	0	1445	0	1	0	1446
37	0	1529	1	16	0	1546
38	1542	2	0	3	0	1547
39	1549	0	0	6	0	1555
40	0	1587	0	0	0	1587
41	1	0	0	1624	0	1625
42	1	0	0	1631	0	1632
43	1	0	0	1623	0	1624
44	1	1617	0	3	0	1621
45	1	0	1588	0	0	1589
46	1512	1	2	6	0	1521
47	0	0	0	1659	0	1659
48	0	1675	1	0	0	1676
49	3	0	0	1708	0	1711
50	0	1703	1	0	0	1704
51	0	0	0	1718	0	1718
52	1	1	0	1742	0	1744
53	0	1	1768	2	0	1771
54	2	1	1	1744	0	1748
55	1763	0	0	12	0	1775
56	1	0	1743	1	0	1745
57	1677	1	3	3	0	1684
58	4	0	0	1789	0	1793
59	1	1775	1	14	0	1791
60	1	2	1	1804	0	1808
61	2	2	1825	2	0	1831
62	4	0	2	1788	0	1794
63	1	1	0	1832	0	1834
64	0	1843	0	3	0	1846
65	1	3	1	1861	0	1866
66	1	1842	0	3	0	1846
67	0	2	0	1863	0	1865
68	1853	1	0	7	0	1861
69	1810	0	0	6	0	1816
70	1830	1	1	3	0	1835
71	4	1853	0	1	0	1858
72	3	0	1867	0	0	1870
73	1832	2	5	6	0	1845
74	1969	1	0	6	0	1976
75	13	2003	0	1	0	2017
76	6	12	1	1876	0	1895
77	7	2	0	1959	0	1968
78	10	0	0	1880	0	1890
79	1891	1	1	32	0	1925
80	1918	0	0	10	0	1928
81	1898	1	0	12	0	1911
82	1939	1	0	8	0	1948
83	31	0	0	1901	0	1932
84	8	1887	0	20	0	1915
85	11	23	0	1955	0	1989
86	4	5	1963	24	0	1996
87	7	1	23	2014	0	2045
88	0	2	2101	31	0	2134
89	15	3	29	2094	0	2141
90	0	3	2167	34	0	2204
91	1	5	2177	8	0	2191
92	1	2243	37	9	0	2290
93	9	30	11	2327	0	2377
94	7	7	2436	35	0	2485
95	10	4	34	2366	0	2414
96	3	2401	8	35	0	2447
97	2398	33	5	28	0	2464
98	32	2523	8	4	0	2567
99	14	38	2	2477	0	2531
100	3	2529	1	32	0	2565
101	7	42	2464	9	0	2522
102	5	15	2470	9	0	2499
103	0	2510	42	11	0	2563
104	5	39	11	2515	0	2570
105	6	9	2523	36	0	2574
106	3	2512	42	11	0	2568
107	2506	37	11	14	0	2568
108	39	11	7	2511	0	2568
109	9	8	2604	37	0	2658
110	6	2581	37	16	0	2640
111	12	35	8	2613	0	2668
112	8	11	10	2648	0	2677
113	2520	8	11	64	0	2603
114	38	11	2568	17	0	2634
115	15	8	38	2540	0	2601
116	8	8	2496	41	0	2553
117	7	2317	44	13	0	2381
118	2224	41	13	17	0	2295
119	28	2165	11	13	0	2217
120	15	45	11	2070	0	2141
121	5	2074	8	35	0	2122
122	2043	44	6	25	0	2118
123	42	2062	7	10	0	2121
124	15	40	2025	10	0	2090
125	6	2052	40	8	0	2106
126	1989	46	12	20	0	2067
127	41	14	2066	11	0	2132
128	16	10	52	2080	0	2158
129	2062	14	13	43	0	2132
130	54	6	12	1996	0	2068
131	1989	6	13	60	0	2068
132	2023	8	5	25	0	2061
133	62	9	5	1998	0	2074
134	20	6	8	2018	0	2052
135	1975	10	7	62	0	2054
136	1993	7	6	27	0	2033
137	61	8	3	1945	0	2017
138	1928	9	7	56	0	2000
139	1955	9	5	27	0	1996
140	61	1918	8	16	0	2003
141	29	46	7	1970	0	2052
142	1988	16	14	52	0	2070
143	2035	12	10	27	0	2084
144	64	10	9	2002	0	2085
145	27	8	5	2054	0	2094
146	2012	7	10	64	0	2093
147	58	2005	8	24	0	2095
148	25	50	4	2001	0	2080
149	14	12	2009	59	0	2094
150	21	15	46	1970	0	2052
151	16	2029	15	55	0	2115
152	9	45	2058	25	0	2137
153	22	11	51	1981	0	2065
154	20	16	15	2035	0	2086
155	14	9	2080	63	0	2166
156	1973	7	50	30	0	2060
157	54	2171	19	23	0	2267
158	2181	47	10	30	0	2268
159	56	20	2174	16	0	2266
160	24	11	2286	16	0	2337
161	2153	14	52	20	0	2239
162	52	2273	21	18	0	2364
163	2254	44	15	31	0	2344
164	57	2278	12	16	0	2363
165	24	52	2252	17	0	2345
166	2210	23	44	26	0	2303
167	55	17	2294	15	0	2381
168	24	14	51	2253	0	2342
169	2293	12	19	58	0	2382
170	2280	7	19	36	0	2342
171	63	2280	13	18	0	2374
172	32	59	11	2208	0	2310
173	20	2228	10	51	0	2309
174	26	37	2165	19	0	2247
175	23	37	45	2004	0	2109
176	16	2031	14	42	0	2103
177	16	28	18	1947	0	2009
178	1870	16	13	38	0	1937
179	34	11	8	1907	0	1960
180	22	1902	7	37	0	1968
181	20	29	9	1922	0	1980
182	15	13	5	1919	0	1952
183	15	1915	10	36	0	1976
184	12	29	11	1932	0	1984
185	25	11	1876	29	0	1941
186	11	1882	25	21	0	1939
187	1753	18	9	19	0	1799
188	27	8	1747	11	0	1793
189	18	9	1679	9	0	1715
190	15	1650	15	7	0	1687
191	20	21	25	1549	0	1615
192	11	10	1543	15	0	1579
193	7	1360	16	15	0	1398
194	13	8	8	1388	0	1417
195	9	4	6	1413	0	1432
196	1389	8	4	24	0	1425
197	15	1407	5	12	0	1439
198	14	10	1323	8	0	1355
199	6	11	1344	7	0	1368
200	7	7	11	1356	0	1381
201	10	6	10	1592	0	1618
202	6	6	8	1620	0	1640
203	4	1862	4	39	0	1909
204	4	44	1890	15	0	1953
205	9	15	45	1953	0	2022
206	8	2020	11	48	0	2087
207	6	2119	12	15	0	2152
208	10	66	2140	9	0	2225
209	7	26	66	2100	0	2199
210	6	11	2325	64	0	2406
211	15	8	71	2281	0	2375
212	11	8	28	2380	0	2427
213	6	14	2348	89	0	2457
214	5	2322	74	44	0	2445
215	2272	68	29	35	0	2404
216	61	40	2342	12	0	2455
217	26	2339	78	10	0	2453
218	13	2442	39	11	0	2505
219	15	95	2357	12	0	2479
220	2264	43	83	21	0	2411
221	76	29	36	2209	0	2350
222	33	2322	29	69	0	2453
223	2306	86	21	47	0	2460
224	86	40	23	2225	0	2374
225	37	2289	20	75	0	2421
226	2274	79	18	59	0	2430
227	72	47	2234	21	0	2374
228	32	2229	81	19	0	2361
229	2142	77	37	28	0	2284
230	75	2165	34	14	0	2288
231	2112	94	23	21	0	2250
232	89	55	16	2046	0	2206
233	35	2070	26	70	0	2201
234	38	85	17	2100	0	2240
235	2046	42	19	101	0	2208
236	71	35	2040	49	0	2195
237	51	29	2100	19	0	2199
238	37	23	91	2036	0	2187
239	35	36	43	2095	0	2209
240	41	30	29	2073	0	2173
241	24	220	32	1875	0	2151
242	14	41	1999	96	0	2150
243	40	19	73	1959	0	2091
244	19	1903	42	92	0	2056
245	29	2002	34	41	0	2106
246	22	84	2002	35	0	2143
247	25	59	1982	26	0	2092
248	19	33	2034	43	0	2129
249	32	32	95	1948	0	2107
250	16	29	2000	82	0	2127
251	26	23	106	1925	0	2080
252	26	23	1922	88	0	2059
253	1784	21	87	69	0	1961
254	73	1899	52	37	0	2061
255	39	2007	28	41	0	2115
256	22	96	2001	37	0	2156
257	1880	53	82	41	0	2056
258	1963	36	49	38	0	2086
259	1977	32	45	30	0	2084
260	103	24	1835	25	0	1987
261	52	20	1887	37	0	1996
262	47	21	116	1791	0	1975
263	1792	21	61	98	0	1972
264	1826	23	60	62	0	1971
265	97	20	1786	53	0	1956
266	1798	22	101	47	0	1968
267	114	29	49	1768	0	1960
268	56	31	1802	87	0	1976
269	30	30	1848	49	0	1957
270	1726	20	143	44	0	1933
271	84	25	1797	47	0	1953
272	1767	21	106	41	0	1935
273	107	14	1806	37	0	1964
274	61	1723	128	28	0	1940
275	47	1819	88	27	0	1981
276	49	101	46	1740	0	1936
277	39	67	45	1833	0	1984
278	29	45	1789	103	0	1966
279	43	32	121	1704	0	1900
280	62	1674	58	92	0	1886
281	46	1736	42	56	0	1880
282	43	1824	58	29	0	1954
283	39	119	60	1720	0	1938
284	43	66	1735	91	0	1935
285	50	39	1777	51	0	1917
286	58	32	120	1700	0	1910
287	39	37	84	1741	0	1901
288	49	28	60	1695	0	1832
289	39	1708	41	109	0	1897
290	1717	95	31	70	0	1913
291	1749	52	36	57	0	1894
292	115	1723	53	32	0	1923
293	62	88	1745	52	0	1947
294	1762	53	104	37	0	1956
295	107	41	1794	27	0	1969
296	1773	35	117	34	0	1959
297	1792	38	65	51	0	1946
298	1809	34	46	43	0	1932
299	1772	31	46	50	0	1899
300	126	1716	43	54	0	1939
301	1470	62	34	50	0	1616
302	80	1488	36	44	0	1648
303	1175	64	21	20	0	1280
304	61	1175	17	21	0	1274
305	50	38	1008	16	0	1112
306	25	102	41	884	0	1052
307	18	946	52	25	0	1041
308	22	885	15	24	0	946
309	756	52	70	28	0	906
310	661	19	13	11	0	704
311	28	702	8	9	0	747
312	17	10	5	659	0	691
313	11	764	7	18	0	800
314	786	16	7	10	0	819
315	23	10	801	4	0	838
316	12	12	16	773	0	813
317	10	6	13	773	0	802
318	11	3	11	776	0	801
319	11	2	768	18	0	799
320	3	746	22	6	0	777
321	11	780	9	4	0	804
322	4	22	6	797	0	829
323	5	11	801	14	0	831
324	6	11	15	795	0	827
325	8	6	12	827	0	853
326	6	5	5	832	0	848
327	9	4	9	833	0	855
328	807	5	5	28	0	845
329	16	827	5	10	0	858
330	827	18	5	8	0	858
331	21	16	817	6	0	860
332	13	7	846	6	0	872
333	9	7	24	814	0	854
334	8	3	12	833	0	856
335	4	844	11	22	0	881
336	8	13	855	17	0	893
337	5	837	17	27	0	886
338	6	21	866	10	0	903
339	822	15	25	9	0	871
340	14	866	12	9	0	901
341	11	21	877	6	0	915
342	10	12	19	860	0	901
343	8	8	881	15	0	912
344	6	880	21	14	0	921
345	15	11	11	850	0	887
346	11	865	3	20	0	899
347	7	17	869	14	0	907
348	18	10	13	855	0	896
349	873	11	10	18	0	912
350	24	865	6	8	0	903
351	13	18	872	6	0	909
352	16	13	13	843	0	885
353	4	10	895	17	0	926
354	4	6	796	9	0	815
355	2	755	12	8	0	777
356	3	6	8	724	0	741
357	0	11	6	712	0	729
358	6	1	1	712	0	720
359	1	1	725	9	0	736
360	1	1	708	5	0	715
361	665	0	10	7	0	682
362	7	1	708	1	0	717
363	670	0	7	0	0	677
364	7	712	5	0	0	724
365	4	14	1	698	0	717
366	0	719	2	5	0	726
367	2	733	1	3	0	739
368	1	9	733	1	0	744
369	2	3	9	720	0	734
370	1	2	738	8	0	749
371	0	3	694	3	0	700
372	705	2	5	4	0	716
373	5	1	729	0	0	735
374	2	2	685	0	0	689
375	673	2	7	1	0	683
376	4	0	703	4	0	711
377	2	1	687	1	0	691
378	2	1	4	681	0	688
379	0	716	4	6	0	726
380	2	3	1	719	0	725
381	2	3	1	709	0	715
382	708	0	3	7	0	718
383	4	3	1	700	0	708
384	3	742	2	6	0	753
385	736	4	1	11	0	752
386	4	5	729	2	0	740
387	715	1	7	4	0	727
388	4	1	800	2	0	807
389	3	23	779	2	0	807
390	0	853	9	5	0	867
391	864	5	3	2	0	874
392	5	866	3	2	0	876
393	4	5	881	2	0	892
394	7	5	5	812	0	829
395	2	887	5	4	0	898
396	891	4	3	4	0	902
397	874	4	3	4	0	885
398	7	880	1	3	0	891
399	911	6	2	2	0	921
400	9	5	1	895	0	910
401	2	930	4	8	0	944
402	3	6	1	954	0	964
403	2	2	2	988	0	994
404	1007	2	2	9	0	1020
405	999	2	2	3	0	1006
406	992	0	4	3	0	999
407	10	2	997	1	0	1010
408	983	0	9	2	0	994
409	10	3	5	1016	0	1034
410	3	1	1029	9	0	1042
411	1	1	958	6	0	966
412	0	972	12	1	0	985
413	868	6	1	2	0	877
414	9	901	3	0	0	913
415	5	7	1	873	0	886
416	4	2	3	897	0	906
417	1	0	914	11	0	926
418	4	2	9	869	0	884
419	2	1	913	6	0	922
420	0	2	902	3	0	907
421	1	919	9	1	0	930
422	3	5	0	903	0	911
423	4	0	0	893	0	897
424	900	1	1	7	0	909
425	10	0	900	1	0	911
426	4	0	5	907	0	916
427	907	1	2	10	0	920
428	7	0	917	6	0	930
429	895	1	7	2	0	905
430	933	2	1	1	0	937
431	11	5	969	0	0	985
432	3	1	8	963	0	975
433	4	1	1	969	0	975
434	2	1	985	9	0	997
435	977	0	10	5	0	992
436	1013	0	3	3	0	1019
437	986	2	3	5	0	996
438	990	2	2	5	0	999
439	982	2	1	3	0	988
440	7	3	849	9	0	868
441	4	3	991	4	0	1002
442	3	1003	9	5	0	1020
443	2	8	993	4	0	1007
444	5	3	10	991	0	1009
445	12	3	6	751	0	772
446	6	4	4	976	0	990
447	6	3	0	1002	0	1011
448	6	3	1012	11	0	1032
449	6	983	7	5	0	1001
450	5	1028	3	6	0	1042
451	1	8	6	972	0	987
452	5	1017	4	8	0	1034
453	994	10	3	6	0	1013
454	996	1	2	6	0	1005
455	15	1062	2	7	0	1086
456	9	6	3	1055	0	1073
457	5	1	3	1080	0	1089
458	4	1	1092	11	0	1108
459	1014	2	15	8	0	1039
460	1075	6	7	5	0	1093
461	13	1110	5	10	0	1138
462	1148	11	3	8	0	1170
463	32	5	1163	2	0	1202
464	7	1141	14	8	0	1170
465	6	1188	3	9	0	1206
466	5	1176	13	4	0	1198
467	13	18	5	1161	0	1197
468	1175	4	5	20	0	1204
469	19	3	11	1199	0	1232
470	14	3	1237	18	0	1272
471	14	3	19	1236	0	1272
472	7	2	1283	27	0	1319
473	6	5	31	1243	0	1285
474	10	6	7	1211	0	1234
475	8	1263	8	40	0	1319
476	1312	22	7	11	0	1352
477	25	6	7	1287	0	1325
478	11	1302	7	25	0	1345
479	1292	18	7	15	0	1332
480	1120	5	13	16	0	1154
481	1285	9	12	8	0	1314
482	23	1290	10	11	0	1334
483	8	23	1318	8	0	1357
484	7	13	23	1287	0	1330
485	13	9	6	1280	0	1308
486	13	1307	8	25	0	1353
487	7	23	1282	11	0	1323
488	13	8	1223	12	0	1256
489	1169	6	28	9	0	1212
490	24	8	14	1169	0	1215
491	10	6	1223	21	0	1260
492	12	1275	17	11	0	1315
493	11	20	11	1186	0	1228
494	11	1276	9	17	0	1313
495	5	24	1255	10	0	1294
496	1189	9	22	14	0	1234
497	1260	5	10	6	0	1281
498	29	1246	11	6	0	1292
499	18	18	3	1233	0	1272
500	9	9	1232	19	0	1269
501	6	1210	19	6	0	1241
502	1164	18	7	17	0	1206
503	19	1141	6	3	0	1169
504	4	1149	4	3	0	1160
505	9	20	3	1123	0	1155
506	1	1146	3	19	0	1169
507	1142	21	2	10	0	1175
508	19	5	1	1162	0	1187
509	5	7	1123	15	0	1150
510	6	5	1084	6	0	1101
511	5	1	21	1068	0	1095
512	0	1094	9	17	0	1120
513	1093	15	6	6	0	1120
514	19	6	0	1062	0	1087
515	9	7	1062	16	0	1094
516	7	5	14	1049	0	1075
517	3	3	5	1064	0	1075
518	1043	1	7	23	0	1074
519	15	2	1	1065	0	1083
520	6	2	1036	20	0	1064
521	7	3	1013	6	0	1029
522	5	2	18	1025	0	1050
523	4	2	14	1036	0	1056
524	4	3	1056	20	0	1083
525	912	1	17	19	0	949
526	17	5	1047	7	0	1076
527	6	1042	24	6	0	1078
528	8	16	5	1050	0	1079
529	3	6	1081	16	0	1106
530	2	8	1052	7	0	1069
531	8	0	23	998	0	1029
532	1022	3	13	22	0	1060
533	17	3	1074	10	0	1104
534	5	1121	19	15	0	1160
535	1139	18	6	9	0	1172
536	19	8	1141	4	0	1172
537	1083	9	19	8	0	1119
538	1144	5	6	8	0	1163
539	24	1218	8	4	0	1254
540	11	20	4	1159	0	1194
541	8	1185	5	18	0	1216
542	3	21	1179	9	0	1212
543	1142	11	19	10	0	1182
544	1204	8	10	9	0	1231
545	22	4	1239	4	0	1269
546	12	4	1242	2	0	1260
547	8	1282	23	6	0	1319
548	1290	19	10	8	0	1327
549	24	5	9	1285	0	1323
550	10	7	3	1254	0	1274
551	8	1267	7	18	0	1300
552	1245	19	5	18	0	1287
553	17	6	1290	12	0	1325
554	12	10	19	1380	0	1421
555	1410	3	10	34	0	1457
556	30	1453	15	10	0	1508
557	12	27	1674	7	0	1720
558	9	10	1729	7	0	1755
559	12	7	52	1643	0	1714
560	4	1723	19	35	0	1781
561	6	43	1736	13	0	1798
562	9	11	45	1674	0	1739
563	1702	6	12	51	0	1771
564	41	3	1760	16	0	1820
565	17	8	46	1746	0	1817
566	8	4	1769	43	0	1824
567	5	4	1859	15	0	1883
568	9	10	60	1800	0	1879
569	5	4	1869	42	0	1920
570	1585	3	48	20	0	1656
571	43	3	1803	4	0	1853
572	1683	0	44	9	0	1736
573	40	1806	14	8	0	1868
574	1874	36	6	9	0	1925
575	39	1930	7	8	0	1984
576	21	39	3	1918	0	1981
577	9	13	5	1992	0	2019
578	6	4	1976	50	0	2036
579	5	4	2001	14	0	2024
580	12	1	50	2006	0	2069
581	3	4	2043	40	0	2090
582	10	9	48	1947	0	2014
583	4	1960	20	44	0	2028
584	8	2061	12	16	0	2097
585	10	49	12	1994	0	2065
586	12	14	9	2035	0	2070
587	3	7	1995	54	0	2059
588	12	10	43	1960	0	2025
589	5	1951	27	44	0	2027
590	4	1986	9	23	0	2022
591	4	1988	10	10	0	2012
592	15	48	11	1851	0	1925
593	1	1916	9	39	0	1965
594	1880	39	8	22	0	1949
595	43	14	10	1892	0	1959
596	10	6	1919	49	0	1984
597	6	7	48	1885	0	1946
598	7	3	1937	41	0	1988
599	4	5	1948	21	0	1978
600	5	5	1965	10	0	1985
601	6	1949	48	10	0	2013
602	8	39	1989	3	0	2039
603	1939	13	41	18	0	2011
604	1992	6	16	12	0	2026
605	2024	9	15	12	0	2060
606	47	4	13	1992	0	2056
607	1974	6	14	50	0	2044
608	37	1933	11	19	0	2000
609	15	2027	12	8	0	2062
610	2000	45	12	17	0	2074
611	43	16	2042	16	0	2117
612	17	9	47	2037	0	2110
613	5	11	2109	43	0	2168
614	7	13	2098	20	0	2138
615	5	2137	54	8	0	2204
616	11	41	20	2004	0	2076
617	5	15	13	2186	0	2219
618	2142	12	13	57	0	2224
619	35	2131	14	16	0	2196
620	11	2197	16	18	0	2242
621	8	51	2156	17	0	2232
622	12	2202	47	8	0	2269
623	2142	46	14	21	0	2223
624	2134	27	15	18	0	2194
625	55	12	2198	12	0	2277
626	15	16	2199	18	0	2248
627	13	6	67	2066	0	2152
628	16	12	33	2073	0	2134
629	11	2098	22	51	0	2182
630	7	46	25	2101	0	2179
631	18	16	22	2104	0	2160
632	12	2053	21	59	0	2145
633	23	49	17	2095	0	2184
634	14	21	21	2002	0	2058
635	14	1982	20	63	0	2079
636	15	45	1981	28	0	2069
637	12	16	59	2018	0	2105
638	2003	9	26	63	0	2101
639	1931	19	24	21	0	1995
640	58	15	1917	11	0	2001
641	1853	17	55	28	0	1953
642	1932	16	23	18	0	1989
643	57	1941	16	19	0	2033
644	26	48	1900	22	0	1996
645	13	24	1892	23	0	1952
646	15	15	58	1988	0	2076
647	1991	13	27	72	0	2103
648	2054	15	20	34	0	2123
649	67	14	21	2256	0	2358
650	2478	23	14	73	0	2588
651	2589	19	16	39	0	2663
652	2524	18	19	35	0	2596
653	81	18	2470	21	0	2590
654	34	15	2559	14	0	2622
655	2455	3	65	24	0	2547
656	55	25	2483	19	0	2582
657	15	2274	37	2	0	2328
658	10	36	19	2218	0	2283
659	9	11	2280	36	0	2336
660	4	5	2256	11	0	2276
661	11	4	44	2168	0	2227
662	7	3	2261	33	0	2304
663	4	3	2220	12	0	2239
664	2	2030	47	4	0	2083
665	4	2221	11	8	0	2244
666	2198	31	11	8	0	2248
667	41	13	4	2132	0	2190
668	2162	6	3	34	0	2205
669	29	6	2107	12	0	2154
670	21	4	26	2085	0	2136
671	13	3	12	2163	0	2191
672	2109	1	7	46	0	2163
673	31	2126	5	13	0	2175
674	19	32	1947	8	0	2006
675	5	16	2029	6	0	2056
676	7	2092	38	5	0	2142
677	3	28	2063	5	0	2099
678	8	2046	34	2	0	2090
679	3	1981	19	2	0	2005
680	1	35	1969	1	0	2006
681	1896	9	33	5	0	1943
682	33	5	12	1994	0	2044
683	12	2043	6	25	0	2086
684	9	25	6	2065	0	2105
685	2075	10	5	37	0	2127
686	2084	4	5	22	0	2115
687	2088	4	6	9	0	2107
688	41	3	2084	6	0	2134
689	20	3	30	2011	0	2064
690	9	2090	13	27	0	2139
691	2168	30	9	12	0	2219
692	32	11	6	2171	0	2220
693	22	5	5	2149	0	2181
694	14	6	5	2236	0	2261
695	8	4	2176	40	0	2228
696	1979	6	34	25	0	2044
697	34	2149	18	8	0	2209
698	16	26	10	2161	0	2213
699	10	12	6	2158	0	2186
700	2110	5	7	45	0	2167
701	34	9	2026	12	0	2081
702	13	5	2148	9	0	2175
703	8	2128	39	8	0	2183
704	10	32	2206	6	0	2254
705	2016	11	33	14	0	2074
706	31	2207	22	8	0	2268
707	15	38	2191	8	0	2252
708	2019	13	40	12	0	2084
709	37	7	2290	6	0	2340
710	17	2304	38	6	0	2365
711	14	36	17	2266	0	2333
712	17	11	14	2302	0	2344
713	13	10	2240	43	0	2306
714	14	9	2215	17	0	2255
715	12	2204	50	12	0	2278
716	2142	36	23	15	0	2216
717	41	2230	17	10	0	2298
718	26	38	14	2214	0	2292
719	20	19	2214	38	0	2291
720	2033	23	45	23	0	2124
721	42	14	31	2144	0	2231
722	29	2113	25	36	0	2203
723	15	2243	33	13	0	2304
724	15	55	15	2228	0	2313
725	8	23	17	2263	0	2311
726	2232	14	14	61	0	2321
727	41	15	22	2261	0	2339
728	20	8	2283	45	0	2356
729	2181	20	46	30	0	2277
730	2281	8	23	27	0	2339
731	53	22	2283	21	0	2379
732	2276	10	47	18	0	2351
733	48	13	27	2376	0	2464
734	36	11	15	2401	0	2463
735	20	14	14	2418	0	2466
736	23	20	13	2332	0	2388
737	11	2367	21	61	0	2460
738	2400	44	14	30	0	2488
739	2452	21	18	35	0	2526
740	58	18	2480	18	0	2574
741	2545	15	45	22	0	2627
742	2695	10	30	21	0	2756
743	2769	13	15	16	0	2813
744	2837	6	17	21	0	2881
745	70	2831	20	18	0	2939
746	48	42	12	2723	0	2825
747	26	20	2769	52	0	2867
748	22	16	2671	29	0	2738
749	2251	64	68	47	0	2430
750	2262	5	25	42	0	2334
751	32	2179	7	12	0	2230
752	2184	23	7	13	0	2227
753	40	2218	7	5	0	2270
754	25	26	12	2133	0	2196
755	2188	8	7	32	0	2235
756	2144	12	5	12	0	2173
757	2152	4	4	14	0	2174
758	52	2125	8	6	0	2191
759	2173	34	2	16	0	2225
760	44	27	8	2168	0	2247
761	2204	13	13	31	0	2261
762	41	5	2145	11	0	2202
763	26	2163	26	10	0	2225
764	2183	27	9	9	0	2228
765	38	23	2153	7	0	2221
766	31	10	23	2163	0	2227
767	22	14	2222	27	0	2285
768	16	8	2169	20	0	2213
769	31	5	31	2148	0	2215
770	23	9	2214	26	0	2272
771	29	8	31	2165	0	2233
772	22	11	16	2198	0	2247
773	2236	8	14	38	0	2296
774	39	2222	7	31	0	2299
775	27	2283	9	15	0	2334
776	19	2338	16	9	0	2382
777	12	51	2298	11	0	2372
778	28	19	35	2285	0	2367
779	14	12	2363	38	0	2427
780	2194	5	39	26	0	2264
781	2295	5	19	21	0	2340
782	43	2337	24	9	0	2413
783	31	35	6	2285	0	2357
784	15	2349	19	34	0	2417
785	2338	35	6	29	0	2408
786	47	12	10	2351	0	2420
787	26	15	2333	36	0	2410
788	17	2307	31	20	0	2375
789	18	48	2345	16	0	2427
790	23	26	39	2290	0	2378
791	11	13	2320	38	0	2382
792	2157	10	47	31	0	2245
793	39	9	2301	18	0	2367
794	25	2316	45	9	0	2395
795	33	35	16	2295	0	2379
796	17	25	19	2319	0	2380
797	2302	14	9	52	0	2377
798	2285	17	13	29	0	2344
799	52	2303	10	20	0	2385
800	28	37	2302	21	0	2388
801	16	18	2270	11	0	2315
802	2202	21	40	20	0	2283
803	44	8	2296	13	0	2361
804	22	22	2205	16	0	2265
805	21	8	2206	8	0	2243
806	10	14	2201	9	0	2234
807	12	2208	44	11	0	2275
808	2220	31	28	13	0	2292
809	51	10	19	2156	0	2236
810	2158	15	14	31	0	2218
811	41	2140	16	18	0	2215
812	2130	37	10	22	0	2199
813	35	2188	17	10	0	2250
814	25	36	9	2192	0	2262
815	17	2251	14	27	0	2309
816	18	44	2200	15	0	2277
817	17	2271	39	14	0	2341
818	26	37	24	2494	0	2581
819	2503	21	14	49	0	2587
820	41	18	18	2500	0	2577
821	24	7	2532	40	0	2603
822	26	13	38	2476	0	2553
823	17	2507	18	37	0	2579
824	18	32	2513	18	0	2581
825	2439	27	36	27	0	2529
826	41	10	26	2581	0	2658
827	2529	17	21	45	0	2612
828	2510	12	17	27	0	2566
829	43	2565	23	20	0	2651
830	2496	40	20	17	0	2573
831	2536	18	19	23	0	2596
832	47	2479	24	15	0	2565
833	33	41	15	2451	0	2540
834	25	22	12	2468	0	2527
835	17	2473	9	44	0	2543
836	20	36	15	2496	0	2567
837	11	28	2466	48	0	2553
838	20	33	35	2424	0	2512
839	35	12	2443	39	0	2529
840	13	11	2254	21	0	2299
841	11	2211	44	20	0	2286
842	9	2207	27	9	0	2252
843	14	2180	14	9	0	2217
844	45	32	19	2028	0	2124
845	5	18	2063	27	0	2113
846	2000	9	25	22	0	2056
847	34	5	13	2037	0	2089
848	17	10	2027	24	0	2078
849	13	8	1996	16	0	2033
850	4	2017	34	16	0	2071
851	18	27	17	2016	0	2078
852	1992	14	10	33	0	2049
853	26	1953	7	13	0	1999
854	11	1928	9	11	0	1959
855	8	1948	11	5	0	1972
856	13	31	8	1976	0	2028
857	6	2018	10	24	0	2058
858	14	30	4	2168	0	2216
859	15	11	2	2216	0	2244
860	6	12	2181	42	0	2241
861	1994	6	36	32	0	2068
862	36	11	2188	19	0	2254
863	19	8	43	2195	0	2265
864	12	7	2242	39	0	2300
865	3	2226	51	16	0	2296
866	2181	41	21	19	0	2262
867	40	13	16	2131	0	2200
868	20	11	7	2214	0	2252
869	2208	6	7	52	0	2273
870	2170	5	8	29	0	2212
871	2250	5	5	25	0	2285
872	48	5	2183	10	0	2246
873	2068	6	32	17	0	2123
874	40	2104	12	7	0	2163
875	12	2146	14	7	0	2179
876	20	37	5	2041	0	2103
877	12	24	7	2023	0	2066
878	6	2056	5	39	0	2106
879	10	29	9	2070	0	2118
880	2024	12	8	44	0	2088
881	30	15	2028	17	0	2090
882	14	2026	35	13	0	2088
883	1942	34	14	23	0	2013
884	29	1997	14	6	0	2046
885	12	44	1973	11	0	2040
886	20	16	26	1954	0	2016
887	6	20	1971	32	0	2029
888	6	1940	40	20	0	2006
889	10	29	17	1945	0	2001
890	7	14	1937	37	0	1995
891	11	11	1924	17	0	1963
892	13	11	43	1925	0	1992
893	1926	8	19	39	0	1992
894	1946	5	20	23	0	1994
895	1936	8	9	21	0	1974
896	50	5	2001	11	0	2067
897	23	1991	29	11	0	2054
898	18	32	14	1988	0	2052
899	12	19	12	1960	0	2003
900	12	1977	10	41	0	2040
901	1976	31	6	29	0	2042
902	30	18	7	2021	0	2076
903	25	15	2013	31	0	2084
904	18	2001	31	17	0	2067
905	1945	36	15	19	0	2015
906	30	2000	21	16	0	2067
907	23	39	8	1967	0	2037
908	19	20	13	1983	0	2035
909	9	25	9	1998	0	2041
910	17	9	1989	54	0	2069
911	14	9	36	1943	0	2002
912	7	1914	27	45	0	1993
913	15	1934	21	26	0	1996
914	18	41	1884	15	0	1958
915	1749	22	41	13	0	1825
916	1855	17	17	19	0	1908
917	42	1855	15	18	0	1930
918	1615	31	8	22	0	1676
919	1632	8	11	19	0	1670
920	43	1710	8	19	0	1780
921	25	33	21	1678	0	1757
922	22	23	1780	36	0	1861
923	19	16	1735	20	0	1790
924	1721	16	53	17	0	1807
925	47	1777	23	22	0	1869
926	15	42	20	1778	0	1855
927	23	20	11	1794	0	1848
928	20	19	8	1803	0	1850
929	1769	12	4	74	0	1859
930	44	12	15	1763	0	1834
931	19	16	9	1810	0	1854
932	23	9	1740	57	0	1829
933	1612	11	45	30	0	1698
934	46	1719	20	20	0	1805
935	1696	39	18	18	0	1771
936	48	1673	11	27	0	1759
937	23	44	23	1661	0	1751
938	1678	18	7	48	0	1751
939	1715	16	11	21	0	1763
940	48	13	1635	21	0	1717
941	1678	6	43	25	0	1752
942	60	10	1679	11	0	1760
943	25	9	1671	11	0	1716
944	22	13	1649	9	0	1693
945	17	3	1864	7	0	1891
946	15	17	70	1825	0	1927
947	12	10	1880	59	0	1961
948	12	10	69	1849	0	1940
949	1850	5	24	74	0	1953
950	65	11	19	1839	0	1934
951	1799	11	11	81	0	1902
952	63	1813	15	26	0	1917
953	37	52	16	1808	0	1913
954	22	21	1808	66	0	1917
955	16	1862	57	21	0	1956
956	22	77	16	1801	0	1916
957	9	24	1846	59	0	1938
958	7	1703	55	22	0	1787
959	10	1769	16	15	0	1810
960	8	57	1737	11	0	1813
961	18	16	51	1659	0	1744
962	3	11	1690	45	0	1749
963	1566	7	50	22	0	1645
964	1645	2	15	18	0	1680
965	54	1601	12	4	0	1671
966	1628	43	6	12	0	1689
967	54	11	5	1647	0	1717
968	17	8	1616	45	0	1686
969	1543	3	46	21	0	1613
970	50	4	1575	10	0	1639
971	16	1578	53	7	0	1654
972	1645	40	16	10	0	1711
973	52	12	13	1650	0	1727
974	13	8	1644	47	0	1712
975	1617	4	50	18	0	1689
976	1644	6	15	11	0	1676
977	1673	4	6	11	0	1694
978	69	1	6	1589	0	1665
979	22	4	6	1640	0	1672
980	14	6	1602	59	0	1681
981	8	1600	49	15	0	1672
982	14	45	16	1588	0	1663
983	6	11	15	1650	0	1682
984	3	11	1616	55	0	1685
985	9	6	1621	18	0	1654
986	6	9	59	1610	0	1684
987	1579	5	20	60	0	1664
988	43	1597	15	22	0	1677
989	1595	45	11	22	0	1673
990	58	1599	10	10	0	1677
991	19	51	1606	10	0	1686
992	12	21	1623	7	0	1663
993	1553	15	60	16	0	1644
994	1686	6	23	16	0	1731
995	70	1666	18	11	0	1765
996	28	51	1603	14	0	1696
997	25	23	55	1599	0	1702
998	26	13	22	1577	0	1638
999	10	1623	15	67	0	1715
1000	13	53	8	1640	0	1714
1001	12	21	1638	54	0	1725
1002	1586	11	57	30	0	1684
1003	1656	9	26	12	0	1703
1004	1626	8	13	19	0	1666
1005	1667	7	11	18	0	1703
1006	84	6	1612	5	0	1707
1007	1609	5	57	17	0	1688
1008	65	4	1610	14	0	1693
1009	36	1586	63	9	0	1694
1010	23	53	34	1607	0	1717
1011	1627	24	18	61	0	1730
1012	68	11	15	1723	0	1817
1013	34	8	1728	70	0	1840
1014	1709	7	67	40	0	1823
1015	1792	4	31	23	0	1850
1016	92	8	16	1758	0	1874
1017	46	13	14	1791	0	1864
1018	19	6	1713	90	0	1828
1019	17	1731	63	45	0	1856
1020	1635	61	34	23	0	1753
1021	62	33	1575	12	0	1682
1022	1488	11	49	11	0	1559
1023	58	1524	28	7	0	1617
1024	1522	50	11	16	0	1599
1025	57	1495	15	7	0	1574
1026	27	1508	11	13	0	1559
1027	24	63	8	1470	0	1565
1028	22	31	9	1521	0	1583
1029	20	12	6	1537	0	1575
1030	23	8	6	1548	0	1585
1031	7	11	1478	77	0	1573
1032	1446	4	48	37	0	1535
1033	1513	8	29	17	0	1567
1034	1564	5	10	12	0	1591
1035	81	7	14	1490	0	1592
1036	46	9	8	1526	0	1589
1037	1515	10	6	65	0	1596
1038	1528	2	8	37	0	1575
1039	1533	6	11	25	0	1575
1040	88	3	13	1477	0	1581
1041	50	5	11	1473	0	1539
1042	20	7	1426	64	0	1517
1043	14	6	1410	39	0	1469
1044	11	1420	62	24	0	1517
1045	1138	36	60	16	0	1250
1046	1123	17	16	9	0	1165
1047	1174	5	6	12	0	1197
1048	51	4	1188	6	0	1249
1049	1189	5	23	13	0	1230
1050	1213	3	18	10	0	1244
1051	1224	8	9	10	0	1251
1052	50	5	5	1192	0	1252
1053	37	3	8	1185	0	1233
1054	22	3	10	1204	0	1239
1055	12	2	1094	46	0	1154
1056	1020	9	21	25	0	1075
1057	27	1066	21	8	0	1122
1058	986	18	3	6	0	1013
1059	25	936	5	5	0	971
1060	27	937	3	3	0	970
1061	12	32	4	937	0	985
1062	18	17	5	933	0	973
1063	8	912	2	36	0	958
1064	895	13	3	25	0	936
1065	909	18	2	12	0	941
1066	36	10	4	896	0	946
1067	24	2	895	19	0	940
1068	12	3	868	19	0	902
1069	10	3	904	3	0	920
1070	13	6	914	4	0	937
1071	846	12	31	7	0	896
1072	846	1	18	6	0	871
1073	35	4	5	811	0	855
1074	26	5	807	17	0	855
1075	12	4	14	811	0	841
1076	7	820	17	18	0	862
1077	4	902	6	23	0	935
1078	917	25	3	8	0	953
1079	925	19	3	12	0	959
1080	947	6	4	8	0	965
1081	36	1	5	918	0	960
1082	29	2	7	936	0	974
1083	12	5	5	954	0	976
1084	13	5	2	944	0	964
1085	11	5	938	34	0	988
1086	11	4	14	940	0	969
1087	972	4	16	23	0	1015
1088	21	3	8	1009	0	1041
1089	26	3	1	1031	0	1061
1090	11	3	1	1040	0	1055
1091	4	998	3	46	0	1051
1092	5	1000	6	31	0	1042
1093	5	1045	7	12	0	1069
1094	14	26	4	988	0	1032
1095	6	19	4	997	0	1026
1096	990	8	4	36	0	1038
1097	993	5	2	28	0	1028
1098	1025	4	1	14	0	1044
1099	39	3	3	1000	0	1045
1100	29	3	2	1003	0	1037
1101	14	993	2	35	0	1044
1102	9	1025	4	25	0	1063
1103	1008	24	2	10	0	1044
1104	20	19	3	995	0	1037
1105	1011	6	5	15	0	1037
1106	1059	2	3	21	0	1085
1107	32	3	5	1042	0	1082
1108	20	1144	3	16	0	1183
1109	1160	10	2	18	0	1190
1110	1171	16	2	10	0	1199
1111	26	6	1199	8	0	1239
1112	1133	2	7	9	0	1151
1113	16	1140	10	2	0	1168
1114	20	7	3	1191	0	1221
1115	1391	11	2	19	0	1423
1116	22	3	0	1406	0	1431
1117	21	3	4	1389	0	1417
1118	8	1413	4	28	0	1453
1119	1424	14	2	21	0	1461
1120	1430	13	2	15	0	1460
1121	31	1413	0	6	0	1450
1122	18	1466	0	3	0	1487
1123	1474	21	0	12	0	1507
1124	1478	19	0	8	0	1505
1125	24	9	1432	3	0	1468
1126	26	6	1337	1	0	1370
1127	11	3	1489	15	0	1518
1128	11	1	28	1507	0	1547
1129	18	1	21	1527	0	1567
1130	9	2	1532	37	0	1580
1131	1482	3	14	40	0	1539
1132	1574	13	13	15	0	1615
1133	1594	4	7	10	0	1615
1134	1560	2	5	8	0	1575
1135	39	15	1657	4	0	1715
1136	1659	17	13	12	0	1701
1137	1668	5	22	7	0	1702
1138	1684	1	8	8	0	1701
1139	1694	1	17	13	0	1725
1140	1674	1	17	9	0	1701
1141	33	2	1698	4	0	1737
1142	27	1700	17	15	0	1759
1143	19	13	13	1698	0	1743
1144	13	14	19	1749	0	1795
1145	22	6	1734	24	0	1786
1146	1635	8	10	24	0	1677
1147	36	3	12	1727	0	1778
1148	34	4	1726	20	0	1784
1149	20	5	1611	18	0	1654
1150	22	1781	30	11	0	1844
1151	23	16	18	1805	0	1862
1152	20	19	11	1821	0	1871
1153	26	9	2	1827	0	1864
1154	1845	4	5	42	0	1896
1155	25	6	15	1813	0	1859
1156	18	16	1783	25	0	1842
1157	16	7	1598	35	0	1656
1158	11	3	1825	27	0	1866
1159	11	1	44	1815	0	1871
1160	1895	3	29	27	0	1954
1161	20	5	1884	32	0	1941
1162	1838	3	29	21	0	1891
1163	2170	3	31	31	0	2235
1164	39	14	13	2182	0	2248
1165	31	5	9	2204	0	2249
1166	16	2203	4	45	0	2268
1167	12	18	2212	38	0	2280
1168	2193	16	17	24	0	2250
1169	34	9	19	2335	0	2397
1170	25	2296	21	25	0	2367
1171	20	16	23	2360	0	2419
1172	11	14	2378	23	0	2426
1173	13	12	25	2312	0	2362
1174	22	2322	18	34	0	2396
1175	14	19	25	2340	0	2398
1176	2330	15	16	34	0	2395
1177	41	12	4	2309	0	2366
1178	24	2235	5	43	0	2307
1179	12	2287	5	37	0	2341
1180	2240	41	6	18	0	2305
1181	23	24	2321	9	0	2377
1182	38	10	22	2290	0	2360
1183	21	16	15	2394	0	2446
1184	11	15	2375	38	0	2439
1185	9	2373	29	35	0	2446
1186	8	21	2386	20	0	2435
1187	10	17	39	2319	0	2385
1188	6	2449	22	23	0	2500
1189	2471	21	9	34	0	2535
1190	35	2468	4	18	0	2525
1191	13	2491	8	26	0	2538
1192	2509	49	8	24	0	2590
1193	2581	28	1	24	0	2634
1194	2634	9	4	19	0	2666
1195	36	1	17	2608	0	2662
1196	14	4	2621	32	0	2671
1197	2542	4	21	34	0	2601
1198	2722	4	21	15	0	2762
1199	36	13	11	2831	0	2891
1200	13	10	2814	29	0	2866
1201	8	2783	36	19	0	2846
1202	2781	43	10	21	0	2855
1203	2961	13	7	32	0	3013
1204	39	2981	5	6	0	3031
1205	15	3131	4	2	0	3152
1206	3088	38	3	20	0	3149
1207	3104	13	3	11	0	3131
1208	3045	5	4	16	0	3070
1209	52	4	3	3011	0	3070
1210	17	3	3153	37	0	3210
1211	34	0	37	3063	0	3134
1212	21	4	3102	36	0	3163
1213	10	3003	37	20	0	3070
1214	4	3070	23	13	0	3110
1215	13	29	4	2826	0	2872
1216	18	7	0	2883	0	2908
1217	11	5	0	2818	0	2834
1218	5	2876	8	29	0	2918
1219	2847	27	3	20	0	2897
1220	2822	7	6	16	0	2851
1221	35	2919	4	2	0	2960
1222	12	31	2	2859	0	2904
1223	5	2867	3	24	0	2899
1224	10	31	1	2868	0	2910
1225	10	2896	3	28	0	2937
1226	2893	28	0	18	0	2939
1227	36	4	0	2850	0	2890
1228	11	3	2819	29	0	2862
1229	2724	5	29	33	0	2791
1230	2811	2	11	18	0	2842
1231	29	9	2797	6	0	2841
1232	11	9	30	2790	0	2840
1233	6	8	2874	32	0	2920
1234	9	6	31	2861	0	2907
1235	2	6	2762	50	0	2820
1236	2623	8	31	24	0	2686
1237	37	5	5	2763	0	2810
1238	15	2765	5	25	0	2810
1239	2801	36	2	17	0	2856
1240	40	9	2	2851	0	2902
1241	10	13	4	2856	0	2883
1242	8	8	2809	46	0	2871
1243	11	15	30	2833	0	2889
1244	17	11	2926	40	0	2994
1245	9	12	2996	17	0	3034
1246	16	5	53	3079	0	3153
1247	14	4	3409	50	0	3477
1248	3384	7	62	19	0	3472
1249	3994	4	17	23	0	4038
1250	4169	7	12	23	0	4211
1251	112	4344	10	20	0	4486
1252	68	94	9	4372	0	4543
1253	38	32	11	4301	0	4382
1254	22	4498	6	112	0	4638
1255	4440	102	11	51	0	4604
1256	122	42	6	4431	0	4601
1257	46	23	4533	109	0	4711
1258	30	18	4402	48	0	4498
1259	25	4411	127	32	0	4595
1260	4403	103	48	34	0	4588
1261	109	46	4410	23	0	4588
1262	4170	18	115	40	0	4343
1263	106	4122	52	19	0	4299
1264	39	107	4202	21	0	4369
1265	22	38	4122	28	0	4210
1266	34	23	4225	16	0	4298
1267	22	4095	143	19	0	4279
1268	31	103	4114	6	0	4254
1269	4014	42	112	23	0	4191
1270	126	21	53	3899	0	4099
1271	61	11	31	4167	0	4270
1272	44	22	21	4203	0	4290
1273	38	16	15	4221	0	4290
1274	18	16	4126	155	0	4315
1275	36	13	106	4098	0	4253
1276	32	9	47	4192	0	4280
1277	4042	19	31	169	0	4261
1278	4155	15	28	78	0	4276
1279	3956	10	25	63	0	4054
1280	144	22	4103	28	0	4297
1281	69	4112	106	25	0	4312
1282	31	4335	54	31	0	4451
1283	4034	133	35	47	0	4249
1284	108	4283	36	21	0	4448
1285	59	131	25	4197	0	4412
1286	59	49	29	4328	0	4465
1287	25	28	4277	134	0	4464
1288	30	4189	107	58	0	4384
1289	24	124	4148	36	0	4332
1290	3990	47	127	51	0	4215
1291	4231	23	55	40	0	4349
1292	161	19	41	4126	0	4347
1293	78	19	29	4099	0	4225
1294	39	23	34	4144	0	4240
1295	47	11	34	4164	0	4256
1296	36	13	4068	168	0	4285
1297	39	17	105	4012	0	4173
1298	31	9	4012	136	0	4188
1299	17	8	3897	76	0	3998
1300	22	3877	137	43	0	4079
1301	3853	102	59	56	0	4070
1302	97	3953	34	41	0	4125
1303	72	108	25	3771	0	3976
1304	34	44	3972	111	0	4161
1305	3734	24	113	75	0	3946
1306	107	22	3841	36	0	4006
1307	3814	21	112	38	0	3985
1308	3885	20	67	34	0	4006
1309	155	12	37	3929	0	4133
1310	79	23	30	3841	0	3973
1311	55	14	29	3880	0	3978
1312	45	20	3727	146	0	3938
1313	3622	23	104	87	0	3836
1314	115	3675	59	53	0	3902
1315	69	107	30	3744	0	3950
1316	3739	49	27	145	0	3960
1317	3825	28	38	75	0	3966
1318	3823	27	28	63	0	3941
1319	174	23	3655	44	0	3896
1320	3744	36	112	39	0	3931
1321	3779	34	55	58	0	3926
1322	165	25	3451	65	0	3706
1323	83	28	3798	56	0	3965
1324	80	27	150	3703	0	3960
1325	53	16	3797	119	0	3985
1326	45	3589	150	68	0	3852
1327	36	3785	114	33	0	3968
1328	3649	147	63	50	0	3909
1329	133	3807	49	30	0	4019
1330	87	126	62	3749	0	4024
1331	3609	66	46	133	0	3854
1332	121	3768	42	84	0	4015
1333	68	131	50	3747	0	3996
1334	54	59	45	3844	0	4002
1335	34	35	3728	165	0	3962
1336	50	42	128	3713	0	3933
1337	42	31	3729	160	0	3962
1338	45	22	3734	88	0	3889
1339	63	16	144	3648	0	3871
1340	53	23	60	3713	0	3849
1341	3598	12	40	195	0	3845
1342	122	3863	45	105	0	4135
1343	77	116	32	3802	0	4027
1344	57	97	38	3789	0	3981
1345	3606	28	19	180	0	3833
1346	127	3504	23	94	0	3748
1347	75	3238	18	44	0	3375
1348	31	3035	18	37	0	3121
1349	22	2620	18	28	0	2688
1350	2147	62	72	20	0	2301
1351	2020	22	21	15	0	2078
1352	1970	12	13	12	0	2007
1353	1970	17	3	15	0	2005
1354	61	13	4	1918	0	1996
1355	25	10	1908	41	0	1984
1356	12	1904	38	25	0	1979
1357	15	34	18	1892	0	1959
1358	16	16	1888	39	0	1959
1359	15	12	40	1870	0	1937
1360	9	6	19	1909	0	1943
1361	7	11	1889	49	0	1956
1362	11	9	39	1887	0	1946
1363	18	13	26	1758	0	1815
1364	1872	4	13	63	0	1952
1365	1862	6	13	28	0	1909
1366	1836	6	9	24	0	1875
1367	1840	5	9	21	0	1875
1368	63	9	6	1789	0	1867
1369	33	7	7	1802	0	1849
1370	20	6	2	1812	0	1840
1371	1748	10	9	61	0	1828
1372	56	9	6	1759	0	1830
1373	35	9	7	1773	0	1824
1374	24	6	1704	65	0	1799
1375	28	17	37	1673	0	1755
1376	15	1651	19	48	0	1733
1377	22	1745	9	35	0	1811
1378	1685	53	10	20	0	1768
1379	55	19	1654	16	0	1744
1380	34	1543	33	18	0	1628
1381	1487	34	34	13	0	1568
1382	43	24	12	1471	0	1550
1383	21	13	1469	44	0	1547
1384	17	5	42	1428	0	1492
1385	9	1502	19	45	0	1575
1386	1469	32	11	35	0	1547
1387	37	1510	15	16	0	1578
1388	1494	38	10	19	0	1561
1389	1514	21	4	18	0	1557
1390	56	11	5	1498	0	1570
1391	33	9	8	1489	0	1539
1392	16	1487	7	66	0	1576
1393	1513	31	2	36	0	1582
1394	41	19	1494	14	0	1568
1395	1472	9	28	24	0	1533
1396	1463	5	18	22	0	1508
1397	43	10	1420	17	0	1490
1398	30	10	27	1362	0	1429
1399	1363	8	20	46	0	1437
1400	42	8	1340	21	0	1411
1401	24	8	1322	16	0	1370
1402	1215	6	43	20	0	1284
1403	36	1233	20	14	0	1303
1404	21	1108	10	12	0	1151
1405	13	37	6	1105	0	1161
1406	7	23	1101	26	0	1157
1407	1041	7	22	16	0	1086
1408	29	8	1082	16	0	1135
1409	18	994	30	7	0	1049
1410	991	27	12	9	0	1039
1411	28	15	7	993	0	1043
1412	1000	8	7	28	0	1043
1413	30	6	972	27	0	1035
1414	20	7	25	971	0	1023
1415	15	979	15	18	0	1027
1416	13	26	3	992	0	1034
1417	12	16	6	1006	0	1040
1418	12	11	981	37	0	1041
1419	14	955	23	23	0	1015
1420	7	963	17	12	0	999
1421	10	34	915	5	0	964
1422	845	15	31	6	0	897
1423	873	8	17	7	0	905
1424	41	3	11	867	0	922
1425	856	3	2	30	0	891
1426	25	807	9	18	0	859
1427	16	852	9	8	0	885
1428	857	31	4	10	0	902
1429	25	16	6	852	0	899
1430	865	6	14	23	0	908
1431	875	0	5	19	0	899
1432	31	5	4	807	0	847
1433	21	9	790	18	0	838
1434	780	7	19	18	0	824
1435	806	6	18	7	0	837
1436	38	0	6	785	0	829
1437	19	787	5	26	0	837
1438	13	28	7	799	0	847
1439	9	11	798	32	0	850
1440	8	8	777	18	0	811
1441	6	785	33	9	0	833
1442	14	9	8	510	0	541
1443	6	4	3	511	0	524
1444	3	2	521	10	0	536
1445	497	3	5	8	0	513
1446	521	0	3	7	0	531
1447	504	0	8	3	0	515
1448	515	0	4	3	0	522
1449	13	500	1	1	0	515
1450	7	511	2	4	0	524
1451	516	10	1	5	0	532
1452	9	6	2	547	0	564
1453	9	4	2	568	0	583
1454	3	577	2	10	0	592
1455	4	10	3	573	0	590
1456	4	8	0	556	0	568
1457	5	558	0	18	0	581
1458	1	11	557	8	0	577
1459	9	5	11	557	0	582
1460	562	4	6	12	0	584
1461	569	4	2	8	0	583
1462	22	3	547	2	0	574
1463	10	2	544	8	0	564
1464	4	2	532	4	0	542
1465	8	3	13	528	0	552
1466	6	1	540	12	0	559
1467	1	1	534	10	0	546
1468	5	28	15	502	0	550
1469	5	544	4	11	0	564
1470	2	9	537	10	0	558
1471	2	543	12	2	0	559
1472	529	12	7	5	0	553
1473	9	547	4	4	0	564
1474	5	10	3	536	0	554
1475	542	3	4	10	0	559
1476	13	3	2	534	0	552
1477	7	2	4	538	0	551
1478	5	2	559	14	0	580
1479	7	532	11	10	0	560
1480	4	568	8	3	0	583
1481	4	16	4	538	0	562
1482	4	6	2	545	0	557
1483	5	2	1	545	0	553
1484	1	4	534	19	0	558
1485	1	2	494	7	0	504
1486	467	1	15	6	0	489
1487	10	2	508	6	0	526
1488	4	3	525	2	0	534
1489	4	508	18	0	0	530
1490	3	13	8	495	0	519
1491	3	4	509	10	0	526
1492	5	1	11	496	0	513
1493	1	0	520	13	0	534
1494	1	0	15	515	0	531
1495	1	1	559	12	0	573
1496	2	1	12	550	0	565
1497	4	0	8	545	0	557
1498	1	573	4	14	0	592
1499	2	11	3	560	0	576
1500	0	577	0	12	0	589
1501	1	11	2	587	0	601
1502	2	6	2	593	0	603
1503	588	1	1	18	0	608
1504	13	2	2	580	0	597
1505	7	1	564	15	0	587
1506	1	0	12	569	0	582
1507	3	2	4	574	0	583
1508	0	2	572	16	0	590
1509	1	1	568	8	0	578
1510	1	1	13	558	0	573
1511	1	5	4	575	0	585
1512	0	2	575	15	0	592
1513	1	547	12	8	0	568
1514	2	570	5	4	0	581
1515	567	12	5	5	0	589
1516	10	5	7	583	0	605
1517	608	2	2	15	0	627
1518	607	0	2	9	0	618
1519	13	609	8	3	0	633
1520	617	10	5	6	0	638
1521	615	5	4	8	0	632
1522	15	0	614	6	0	635
1523	4	5	13	611	0	633
1524	2	2	621	12	0	637
1525	3	2	14	619	0	638
1526	0	4	628	11	0	643
1527	0	580	12	10	0	602
1528	2	590	7	3	0	602
1529	11	12	0	563	0	586
1530	561	7	3	15	0	586
1531	13	0	4	579	0	596
1532	10	2	1	584	0	597
1533	0	2	597	17	0	616
1534	1	1	595	7	0	604
1535	0	2	594	5	0	601
1536	2	2	13	583	0	600
1537	0	2	6	584	0	592
1538	1	584	2	17	0	604
1539	2	617	2	8	0	629
1540	612	13	2	9	0	636
1541	11	625	5	1	0	642
1542	5	14	600	4	0	623
1543	4	6	13	589	0	612
1544	2	1	622	14	0	639
1545	2	620	13	9	0	644
1546	3	15	6	627	0	651
1547	612	7	2	17	0	638
1548	14	2	622	7	0	645
1549	8	635	13	4	0	660
1550	0	15	632	5	0	652
1551	0	627	18	4	0	649
1552	9	20	18	558	0	605
1553	565	7	3	14	0	589
1554	566	2	3	8	0	579
1555	13	564	3	5	0	585
1556	568	11	1	3	0	583
1557	12	5	2	563	0	582
1558	563	2	3	14	0	582
1559	11	2	546	8	0	567
1560	5	3	546	4	0	558
1561	5	1	19	532	0	557
1562	1	2	3	562	0	568
1563	2	1	554	18	0	575
1564	3	3	10	548	0	564
1565	550	4	7	12	0	573
1566	555	3	2	6	0	566
1567	15	539	2	1	0	557
1568	6	550	4	3	0	563
1569	525	15	2	6	0	548
1570	14	5	3	531	0	553
1571	521	2	3	15	0	541
1572	11	517	3	7	0	538
1573	513	8	1	6	0	528
1574	13	5	499	2	0	519
1575	6	1	509	3	0	519
1576	6	10	15	499	0	530
1577	1	2	512	9	0	524
1578	4	4	8	472	0	488
1579	4	2	3	460	0	469
1580	5	2	505	9	0	521
1581	6	3	10	488	0	507
1582	5	1	2	526	0	534
1583	5	1	546	15	0	567
1584	3	1	541	4	0	549
1585	505	2	14	6	0	527
1586	13	1	541	3	0	558
1587	525	0	18	4	0	547
1588	590	1	3	8	0	602
1589	18	1	604	0	0	623
1590	4	1	631	2	0	638
1591	4	5	19	593	0	621
1592	6	0	7	599	0	612
1593	2	587	6	25	0	620
1594	1	629	3	5	0	638
1595	1	21	583	5	0	610
1596	574	6	14	5	0	599
1597	591	3	7	5	0	606
1598	20	2	585	2	0	609
1599	6	3	588	2	0	599
1600	6	1	19	555	0	581
1601	5	582	8	14	0	609
1602	4	16	6	589	0	615
1603	4	5	3	600	0	612
1604	594	1	5	20	0	620
1605	597	3	2	9	0	611
1606	21	0	3	607	0	631
1607	4	3	610	17	0	634
1608	578	2	17	10	0	607
1609	18	610	4	12	0	644
1610	622	17	4	4	0	647
1611	616	6	4	4	0	630
1612	23	609	3	2	0	637
1613	7	624	4	1	0	636
1614	7	20	2	615	0	644
1615	6	7	3	629	0	645
1616	2	611	5	18	0	636
1617	3	19	3	592	0	617
1618	4	8	1	613	0	626
1619	3	5	601	23	0	632
1620	591	4	16	9	0	620
1621	609	3	7	7	0	626
1622	624	2	3	6	0	635
1623	21	2	5	595	0	623
1624	599	2	1	23	0	625
1625	20	591	3	4	0	618
1626	12	17	3	574	0	606
1627	4	568	4	15	0	591
1628	6	609	3	3	0	621
1629	602	16	1	8	0	627
1630	614	5	8	9	0	636
1631	586	5	3	3	0	597
1632	593	3	1	5	0	602
1633	594	4	3	6	0	607
1634	26	5	592	2	0	625
1635	585	2	17	9	0	613
1636	25	4	597	2	0	628
1637	573	2	19	4	0	598
1638	591	2	5	5	0	603
1639	578	2	5	4	0	589
1640	22	5	593	2	0	622
1641	14	3	8	579	0	604
1642	6	626	4	13	0	649
1643	640	16	4	4	0	664
1644	636	5	4	3	0	648
1645	22	621	3	3	0	649
1646	635	14	3	4	0	656
1647	26	3	0	614	0	643
1648	5	626	6	12	0	649
1649	619	15	3	7	0	644
1650	631	4	1	6	0	642
1651	25	4	1	609	0	639
1652	619	3	3	19	0	644
1653	22	3	3	622	0	650
1654	11	2	4	635	0	652
1655	6	1	622	23	0	652
1656	6	6	15	611	0	638
1657	9	1	4	632	0	646
1658	9	2	627	19	0	657
1659	4	6	628	5	0	643
1660	12	2	15	627	0	656
1661	6	0	632	21	0	659
1662	610	5	19	11	0	645
1663	18	640	8	3	0	669
1664	7	15	3	659	0	684
1665	3	6	4	686	0	699
1666	9	4	2	681	0	696
1667	668	3	2	21	0	694
1668	680	0	0	7	0	687
1669	681	3	4	6	0	694
1670	19	669	1	6	0	695
1671	9	14	3	674	0	700
1672	11	5	2	688	0	706
1673	681	3	4	18	0	706
1674	690	2	0	4	0	696
1675	21	3	2	671	0	697
1676	8	6	679	18	0	711
1677	685	4	13	10	0	712
1678	703	3	3	8	0	717
1679	19	5	701	6	0	731
1680	663	1	12	9	0	685
1681	22	0	663	5	0	690
1682	643	2	10	7	0	662
1683	17	2	9	664	0	692
1684	7	718	4	11	0	740
1685	7	11	766	3	0	787
1686	8	732	11	3	0	754
1687	4	680	3	4	0	691
1688	689	8	16	3	0	716
1689	10	1	0	692	0	703
1690	4	1	2	670	0	677
1691	705	0	0	7	0	712
1692	8	0	1	725	0	734
1693	2	0	2	716	0	720
1694	2	1	0	715	0	718
1695	3	0	2	706	0	711
1696	2	0	724	6	0	732
1697	1	3	693	4	0	701
1698	2	713	6	1	0	722
1699	743	3	4	2	0	752
1700	4	3	1	746	0	754
1701	3	770	0	3	0	776
1702	6	4	0	811	0	821
1703	5	1	0	812	0	818
1704	3	3	0	818	0	824
1705	6	1	0	829	0	836
1706	1	0	0	821	0	822
1707	1	817	2	5	0	825
1708	2	2	2	831	0	837
1709	4	3	811	4	0	822
1710	2	831	5	4	0	842
1711	3	2	2	840	0	847
1712	1	4	2	844	0	851
1713	1	833	0	10	0	844
1714	1	835	1	3	0	840
1715	820	4	1	12	0	837
1716	2	830	1	5	0	838
1717	829	3	2	9	0	843
1718	823	2	2	7	0	834
1719	4	2	879	3	0	888
1720	3	2	5	858	0	868
1721	2	3	921	4	0	930
1722	1	938	4	4	0	947
1723	6	4	1	901	0	912
1724	4	4	1	946	0	955
1725	3	2	0	971	0	976
1726	5	1	1	985	0	992
1727	2	4	1001	8	0	1015
1728	7	0	4	1004	0	1015
1729	2	2	1029	9	0	1042
1730	2	2	1013	4	0	1021
1731	998	0	9	9	0	1016
1732	1070	0	9	3	0	1082
1733	1070	1	2	8	0	1081
1734	12	1062	1	5	0	1080
1735	8	8	1	1074	0	1091
1736	1	6	1145	10	0	1162
1737	6	3	7	1122	0	1138
1738	2	0	1221	9	0	1232
1739	1209	3	8	14	0	1234
1740	1223	0	7	7	0	1237
1741	1211	3	3	4	0	1221
1742	12	3	1171	1	0	1187
1743	7	1	1153	2	0	1163
1744	6	0	12	1200	0	1218
1745	8	5	2	1169	0	1184
1746	4	1	2	1244	0	1251
1747	1	3	1251	11	0	1266
1748	1	1	1164	11	0	1177
1749	1214	0	12	8	0	1234
1750	9	0	8	1287	0	1304
1751	7	1	4	1293	0	1305
1752	1338	0	2	13	0	1353
1753	11	0	6	1317	0	1334
1754	1461	1	3	20	0	1485
1755	1517	0	3	16	0	1536
1756	1522	0	2	6	0	1530
1757	13	2	1547	6	0	1568
1758	6	1571	9	3	0	1589
1759	1653	6	9	8	0	1676
1760	12	2	3	1658	0	1675
1761	6	1	3	1652	0	1662
1762	4	1665	2	15	0	1686
1763	1654	7	1	8	0	1670
1764	1693	3	1	9	0	1706
1765	1686	1	5	5	0	1697
1766	12	1704	3	3	0	1722
1767	1803	6	2	11	0	1822
1768	1804	3	3	11	0	1821
1769	1821	4	1	8	0	1834
1770	15	1	3	1802	0	1821
1771	6	1	4	1818	0	1829
1772	9	2	1906	11	0	1928
1773	9	4	9	1845	0	1867
1774	12	0	5	1875	0	1892
1775	6	2	1904	10	0	1922
1776	1813	0	9	11	0	1833
1777	1912	2	4	7	0	1925
1778	20	2	2	1881	0	1905
1779	10	1865	2	10	0	1887
1780	7	1907	6	6	0	1926
1781	6	12	2	1898	0	1918
1782	4	6	1878	13	0	1901
1783	11	8	12	1800	0	1831
1784	4	3	1926	17	0	1950
1785	4	4	1998	6	0	2012
1786	5	2	13	2077	0	2097
1787	2128	0	3	15	0	2146
1788	2098	0	1	14	0	2113
1789	12	2	4	2153	0	2171
1790	6	3	0	2189	0	2198
1791	5	2	2	2214	0	2223
1792	5	1	4	2227	0	2237
1793	2292	1	2	18	0	2313
1794	2270	0	3	15	0	2288
1795	2246	0	4	17	0	2267
1796	11	2	2273	4	0	2290
1797	11	2	9	2258	0	2280
1798	9	0	4	2316	0	2329
1799	2306	1	4	12	0	2323
1800	13	2322	2	4	0	2341
1801	2340	7	3	10	0	2360
1802	2326	2	3	11	0	2342
1803	2310	3	3	12	0	2328
1804	2300	3	2	12	0	2317
1805	15	0	2477	4	0	2496
1806	6	6	2365	5	0	2382
1807	2578	1	11	10	0	2600
1808	2609	1	5	15	0	2630
1809	2603	1	3	13	0	2620
1810	2600	2	3	13	0	2618
1811	18	1	2653	3	0	2675
1812	7	2736	14	8	0	2765
1813	10	14	7	2867	0	2898
1814	3147	10	3	35	0	3195
1815	3171	2	4	24	0	3201
1816	3263	1	6	20	0	3290
1817	3313	3	1	20	0	3337
1818	3335	0	2	12	0	3349
1819	3263	1	2	12	0	3278
1820	55	5	3108	3	0	3171
1821	27	2	3119	4	0	3152
1822	19	0	36	3083	0	3138
1823	11	2	3198	30	0	3241
1824	6	3099	32	17	0	3154
1825	5	3188	13	10	0	3216
1826	11	39	4	3260	0	3314
1827	12	13	3459	20	0	3504
1828	12	22	3286	11	0	3331
1829	3328	5	38	15	0	3386
1830	3654	2	17	19	0	3692
1831	56	1	9	3706	0	3772
1832	3758	1	12	58	0	3829
1833	54	4	6	3738	0	3802
1834	27	5	2	3762	0	3796
1835	10	2	3856	65	0	3933
1836	11	6	3697	21	0	3735
1837	13	6	53	3705	0	3777
1838	6	3	3702	49	0	3760
1839	3452	0	53	38	0	3543
1840	3739	0	27	21	0	3787
1841	71	3838	9	6	0	3924
1842	3901	43	6	25	0	3975
1843	73	17	3848	8	0	3946
1844	3764	6	47	30	0	3847
1845	3919	5	20	18	0	3962
1846	3929	6	11	26	0	3972
1847	77	2	17	3839	0	3935
1848	41	3845	16	43	0	3945
1849	3904	46	11	33	0	3994
1850	3898	20	13	34	0	3965
1851	86	7	15	3914	0	4022
1852	3909	6	11	76	0	4002
1853	81	3959	10	29	0	4079
1854	42	60	12	3871	0	3985
1855	28	24	3863	57	0	3972
1856	3482	13	66	49	0	3610
1857	80	12	3843	17	0	3952
1858	50	3	67	3781	0	3901
1859	32	3757	32	60	0	3881
1860	22	3997	16	29	0	4064
1861	43	84	11	4024	0	4162
1862	35	3969	18	75	0	4097
1863	47	81	12	5352	0	5492
1864	43	37	8	5622	0	5710
1865	48	19	7	5685	0	5759
1866	5457	17	16	203	0	5693
1867	150	18	8	5489	0	5665
1868	59	8	5399	164	0	5630
1869	50	5396	129	60	0	5635
1870	5398	126	41	74	0	5639
1871	178	52	20	5348	0	5598
1872	88	36	17	5423	0	5564
1873	52	26	25	5515	0	5618
1874	36	20	5337	198	0	5591
1875	40	5337	145	83	0	5605
1876	5328	141	68	81	0	5618
1877	156	50	29	5208	0	5443
1878	48	5428	26	151	0	5653
1879	5380	149	19	86	0	5634
1880	151	61	5335	52	0	5599
1881	5225	35	155	68	0	5483
1882	172	33	5402	33	0	5640
1883	75	28	5380	40	0	5523
1884	52	5285	187	50	0	5574
1885	59	146	69	5054	0	5328
1886	41	52	5096	166	0	5355
1887	35	4904	172	72	0	5183
1888	41	151	75	4856	0	5123
1889	29	4931	38	164	0	5162
1890	32	157	4887	73	0	5149
1891	49	64	155	4820	0	5088
1892	40	44	4895	176	0	5155
1893	50	37	174	4813	0	5074
1894	61	32	65	4967	0	5125
1895	38	24	4855	200	0	5117
1896	48	23	170	4821	0	5062
1897	4688	26	66	213	0	4993
1898	154	4789	48	121	0	5112
1899	67	143	4806	76	0	5092
1900	4677	74	162	76	0	4989
1901	198	49	65	4649	0	4961
1902	85	4783	48	172	0	5088
1903	4791	158	49	99	0	5097
1904	4924	74	41	93	0	5132
1905	224	51	47	4560	0	4882
1906	104	32	31	4709	0	4876
1907	68	32	32	4743	0	4875
1908	45	32	42	4691	0	4810
1909	41	4528	49	240	0	4858
1910	57	189	35	4405	0	4686
1911	50	4364	46	179	0	4639
1912	43	4355	31	122	0	4551
1913	30	4354	38	82	0	4504
1914	42	199	3939	67	0	4247
1915	34	4052	166	67	0	4319
1916	3822	172	64	85	0	4143
1917	143	3877	42	82	0	4144
1918	75	162	50	3591	0	3878
1919	44	3904	42	187	0	4177
1920	60	159	40	3902	0	4161
1921	63	81	45	4005	0	4194
1922	47	63	3864	215	0	4189
1923	3694	61	158	128	0	4041
1924	3823	67	69	106	0	4065
1925	3777	53	55	93	0	3978
1926	178	3678	53	107	0	4016
1927	91	170	58	3549	0	3868
1928	62	85	3478	181	0	3806
1929	56	3489	150	104	0	3799
1930	54	163	71	3039	0	3327
1931	51	3242	57	144	0	3494
1932	3207	145	45	91	0	3488
1933	3305	92	32	60	0	3489
1934	3341	51	58	58	0	3508
1935	3342	44	74	48	0	3508
1936	189	41	47	3209	0	3486
1937	74	49	54	3205	0	3382
1938	61	3196	66	151	0	3474
1939	71	143	35	3260	0	3509
1940	45	59	3172	180	0	3456
1941	34	60	136	3088	0	3318
1942	22	55	3052	171	0	3300
1943	21	2996	127	116	0	3260
1944	25	143	3025	64	0	3257
1945	35	66	155	2994	0	3250
1946	24	44	3059	183	0	3310
1947	33	53	152	3027	0	3265
1948	38	50	59	3118	0	3265
1949	52	32	54	3116	0	3254
1950	35	53	47	3100	0	3235
1951	2952	42	42	187	0	3223
1952	143	3001	24	86	0	3254
1953	2922	133	32	89	0	3176
1954	124	77	2834	49	0	3084
1955	2843	42	100	71	0	3056
1956	2933	33	40	74	0	3080
1957	166	50	2810	60	0	3086
1958	113	38	2768	53	0	2972
1959	73	2690	120	68	0	2951
1960	46	2643	49	80	0	2818
1961	62	135	2426	78	0	2701
1962	33	2156	97	83	0	2369
1963	92	68	37	963	0	1160
1964	881	7	18	17	0	923
1965	17	5	5	883	0	910
1966	942	5	4	21	0	972
1967	964	3	5	11	0	983
1968	17	1026	1	6	0	1050
1969	1049	13	3	9	0	1074
1970	1061	5	2	6	0	1074
1971	24	3	0	1027	0	1054
1972	1059	4	0	19	0	1082
1973	14	1108	1	9	0	1132
1974	13	13	1	1122	0	1149
1975	1113	9	3	17	0	1142
1976	17	4	1105	6	0	1132
1977	1100	1	11	6	0	1118
1978	21	1	5	1117	0	1144
1979	5	4	1116	9	0	1134
1980	2	3	1072	9	0	1086
1981	1063	2	15	5	0	1085
1982	1103	1	4	9	0	1117
1983	13	0	1	1102	0	1116
1984	8	1	1	1112	0	1122
1985	7	2	1	1107	0	1117
1986	3	1115	2	12	0	1132
1987	1142	8	0	12	0	1162
1988	8	1149	4	0	0	1161
1989	1132	9	0	9	0	1150
1990	11	4	1140	2	0	1157
1991	6	3	9	1141	0	1159
1992	1177	1	5	14	0	1197
1993	11	3	3	1189	0	1206
1994	9	3	1	1171	0	1184
1995	5	1142	3	13	0	1163
1996	1152	10	2	11	0	1175
1997	9	1238	3	5	0	1255
1998	6	16	1	1262	0	1285
1999	3	5	1241	19	0	1268
2000	1073	4	13	12	0	1102
2001	17	3	1210	3	0	1233
2002	1121	2	15	5	0	1143
2003	18	1246	7	7	0	1278
2004	15	15	2	1213	0	1245
2005	4	1250	1	19	0	1274
2006	1264	18	1	13	0	1296
2007	19	8	2	1272	0	1301
2008	15	2	1	1277	0	1295
2009	8	4	1241	15	0	1268
2010	1143	1	15	13	0	1172
2011	14	3	8	1262	0	1287
2012	10	3	1230	14	0	1257
2013	3	1232	18	7	0	1260
2014	8	13	8	1241	0	1270
2015	1250	8	6	20	0	1284
2016	25	3	2	1250	0	1280
2017	7	4	1273	20	0	1304
2018	1366	0	17	12	0	1395
2019	18	2	7	1393	0	1420
2020	14	1	1485	18	0	1518
2021	12	2	21	1487	0	1522
2022	11	2	6	1500	0	1519
2023	6	1525	8	24	0	1563
2024	1519	21	3	15	0	1558
2025	23	1534	2	10	0	1569
2026	1546	24	4	9	0	1583
2027	24	9	3	1525	0	1561
2028	10	1520	4	27	0	1561
2029	14	21	4	1502	0	1541
2030	7	8	1475	28	0	1518
2031	1425	6	25	12	0	1468
2032	30	1	8	1456	0	1495
2033	10	3	7	1425	0	1445
2034	11	6	3	1434	0	1454
2035	7	1	1398	36	0	1442
2036	4	5	1365	14	0	1388
2037	9	1364	25	7	0	1405
2038	9	21	11	1348	0	1389
2039	1365	11	3	23	0	1402
2040	22	1386	1	13	0	1422
2041	10	22	7	1438	0	1477
2042	1453	9	4	28	0	1494
2043	1437	3	3	22	0	1465
2044	26	1460	4	9	0	1499
2045	1503	22	2	13	0	1540
2046	1592	7	6	14	0	1619
2047	46	4	3	1641	0	1694
2048	14	1645	3	53	0	1715
2049	14	45	5	1680	0	1744
2050	1649	11	10	50	0	1720
2051	49	8	1681	15	0	1753
2052	23	4	46	1654	0	1727
2053	15	4	9	1700	0	1728
2054	9	6	1663	61	0	1739
2055	13	6	49	1661	0	1729
2056	1658	7	9	64	0	1738
2057	1566	4	9	28	0	1607
2058	53	4	2	1634	0	1693
2059	17	5	1606	57	0	1685
2060	5	7	1599	22	0	1633
2061	11	1546	57	15	0	1629
2062	5	1624	11	17	0	1657
2063	25	47	7	1563	0	1642
2064	1544	11	6	67	0	1628
2065	48	1568	11	15	0	1642
2066	1503	46	8	22	0	1579
2067	52	15	11	1494	0	1572
2068	21	6	9	1478	0	1514
2069	1398	8	4	66	0	1476
2070	48	1422	5	22	0	1497
2071	1425	48	4	22	0	1499
2072	55	18	1385	10	0	1468
2073	16	10	1331	7	0	1364
2074	12	13	51	1292	0	1368
2075	15	5	1306	54	0	1380
2076	10	7	1318	17	0	1352
2077	9	8	52	1253	0	1322
2078	14	11	1266	55	0	1346
2079	17	5	55	1246	0	1323
2080	15	7	12	1291	0	1325
2081	12	11	1267	58	0	1348
2082	17	5	51	1251	0	1324
2083	14	5	19	1241	0	1279
2084	8	1246	14	64	0	1332
2085	1240	47	8	27	0	1322
2086	54	10	1225	23	0	1312
2087	16	11	52	1217	0	1296
2088	18	7	12	1253	0	1290
2089	13	4	1206	61	0	1284
2090	1111	4	49	32	0	1196
2091	45	1172	17	29	0	1263
2092	13	49	14	1159	0	1235
2093	11	10	12	1201	0	1234
2094	9	1153	12	64	0	1238
2095	28	54	1151	26	0	1259
2096	16	1181	50	21	0	1268
2097	1110	50	15	20	0	1195
2098	49	11	1097	15	0	1172
2099	17	11	46	1078	0	1152
2100	8	11	1092	56	0	1167
2101	18	13	1125	11	0	1167
2102	8	1089	49	19	0	1165
2103	20	48	16	1028	0	1112
2104	1037	13	15	50	0	1115
2105	1070	10	14	21	0	1115
2106	50	1008	16	33	0	1107
2107	11	40	11	1042	0	1104
2108	1029	7	14	57	0	1107
2109	1054	10	13	26	0	1103
2110	47	1044	11	18	0	1120
2111	1048	37	15	17	0	1117
2112	51	13	12	1026	0	1102
2113	17	1036	12	51	0	1116
2114	11	41	15	1064	0	1131
2115	14	15	18	1074	0	1121
2116	19	26	22	1052	0	1119
2117	9	18	1012	49	0	1088
2118	9	8	885	21	0	923
2119	7	868	43	20	0	938
2120	762	31	8	16	0	817
2121	32	735	7	16	0	790
2122	10	28	5	727	0	770
2123	3	8	750	48	0	809
2124	14	6	32	736	0	788
2125	9	10	11	765	0	795
2126	11	10	6	781	0	808
2127	754	5	9	38	0	806
2128	33	6	15	755	0	809
2129	8	6	781	41	0	836
2130	778	4	37	18	0	837
2131	813	4	13	14	0	844
2132	840	5	10	15	0	870
2133	837	6	11	14	0	868
2134	832	7	12	11	0	862
2135	30	814	5	17	0	866
2136	12	32	10	787	0	841
2137	11	821	10	32	0	874
2138	823	30	6	13	0	872
2139	807	6	7	14	0	834
2140	776	6	9	12	0	803
2141	35	731	8	8	0	782
2142	5	719	8	16	0	748
2143	5	731	4	10	0	750
2144	8	33	707	12	0	760
2145	21	30	33	611	0	695
2146	6	539	2	16	0	563
2147	1	468	1	4	0	474
2148	3	0	0	476	0	479
2149	2	1	1	470	0	474
2150	0	0	498	1	0	499
2151	480	2	1	2	0	485
2152	3	1	0	516	0	520
2153	3	0	0	516	0	519
2154	1	0	518	1	0	520
2155	1	1	497	1	0	500
2156	0	533	0	2	0	535
2157	0	2	1	531	0	534
2158	1	0	2	529	0	532
2159	0	1	526	2	0	529
2160	484	4	1	3	0	492
2161	521	1	0	4	0	526
2162	3	1	523	2	0	529
2163	517	1	3	2	0	523
2164	3	1	530	0	0	534
2165	521	0	2	3	0	526
2166	523	0	0	4	0	527
2167	4	0	518	1	0	523
2168	3	1	4	502	0	510
2169	6	0	2	504	0	512
2170	3	1	0	546	0	550
2171	546	2	1	8	0	557
2172	556	0	2	6	0	564
2173	6	0	579	3	0	588
2174	2	1	568	3	0	574
2175	576	1	6	4	0	587
2176	593	0	3	2	0	598
2177	7	2	586	1	0	596
2178	3	0	592	0	0	595
2179	3	1	6	574	0	584
2180	4	2	606	6	0	618
2181	6	0	7	600	0	613
2182	644	1	3	6	0	654
2183	5	1	713	4	0	723
2184	701	0	10	7	0	718
2185	8	2	820	2	0	832
2186	4	0	8	817	0	829
2187	5	0	7	869	0	881
2188	4	1	4	856	0	865
2189	5	878	2	11	0	896
2190	6	11	3	831	0	851
2191	8	1	0	882	0	891
2192	880	0	5	13	0	898
2193	12	3	887	3	0	905
2194	852	2	8	5	0	867
2195	10	1	889	4	0	904
2196	826	1	9	7	0	843
2197	13	876	4	2	0	895
2198	6	8	872	2	0	888
2199	5	3	871	0	0	879
2200	13	3	14	791	0	821
2201	7	1	2	862	0	872
2202	2	2	876	13	0	893
2203	3	1	864	3	0	871
2204	8	1	917	2	0	928
2205	940	0	13	6	0	959
2206	963	0	6	4	0	973
2207	956	1	3	6	0	966
2208	13	1	4	953	0	971
2209	9	0	6	954	0	969
2210	7	0	988	14	0	1009
2211	10	0	15	963	0	988
2212	5	1	7	951	0	964
2213	986	1	5	18	0	1010
2214	971	1	5	10	0	987
2215	992	2	3	11	0	1008
2216	18	1	3	984	0	1006
2217	5	0	4	1004	0	1013
2218	9	1	3	995	0	1008
2219	994	0	7	19	0	1020
2220	24	3	3	967	0	997
2221	6	1011	6	13	0	1036
2222	12	11	4	976	0	1003
2223	7	986	5	15	0	1013
2224	981	11	9	12	0	1013
2225	959	2	5	7	0	973
2226	13	967	4	10	0	994
2227	3	995	5	8	0	1011
2228	5	15	8	989	0	1017
2229	7	1	978	18	0	1004
2230	8	4	16	914	0	942
2231	7	3	948	15	0	973
2232	9	933	15	5	0	962
2233	9	13	6	945	0	973
2234	11	2	3	968	0	984
2235	2	1	1009	23	0	1035
2236	6	5	19	993	0	1023
2237	3	4	1008	26	0	1041
2238	1022	1	13	13	0	1049
2239	1036	3	6	7	0	1052
2240	1068	1	4	9	0	1082
2241	18	3	4	1030	0	1055
2242	8	4	9	1029	0	1050
2243	9	0	1067	19	0	1095
2244	14	7	15	1018	0	1054
2245	9	1053	7	21	0	1090
2246	7	11	1058	14	0	1090
2247	4	7	1046	13	0	1070
2248	10	4	20	965	0	999
2249	6	4	1065	24	0	1099
2250	7	4	1059	12	0	1082
2251	1011	1	13	17	0	1042
2252	15	1217	10	8	0	1250
2253	1281	14	6	14	0	1315
2254	1272	4	9	14	0	1299
2255	1280	3	7	14	0	1304
2256	14	5	7	1273	0	1299
2257	12	4	8	1298	0	1322
2258	7	4	1314	18	0	1343
2259	10	3	12	1275	0	1300
2260	4	1313	7	22	0	1346
2261	1320	11	13	13	0	1357
2262	13	1339	13	8	0	1373
2263	5	1326	10	10	0	1351
2264	10	12	8	1350	0	1380
2265	13	2	1384	14	0	1413
2266	14	0	16	1380	0	1410
2267	4	4	1406	23	0	1437
2268	7	1394	15	16	0	1432
2269	1377	9	18	8	0	1412
2270	1391	2	6	12	0	1411
2271	1385	3	3	15	0	1406
2272	17	1	1517	9	0	1544
2273	10	4	1429	4	0	1447
2274	1497	0	11	10	0	1518
2275	1550	0	5	15	0	1570
2276	1555	4	4	15	0	1578
2277	14	0	3	1551	0	1568
2278	9	2	2	1587	0	1600
2279	1584	2	2	22	0	1610
2280	1551	3	1	13	0	1568
2281	15	3	1606	8	0	1632
2282	11	8	1562	6	0	1587
2283	1493	1	8	20	0	1522
2284	12	4	1587	3	0	1606
2285	1456	0	3	13	0	1472
2286	4	3	1540	6	0	1553
2287	2	1	4	1476	0	1483
2288	4	3	1616	3	0	1626
2289	3	2	2	1655	0	1662
2290	1	0	2	1674	0	1677
2291	1	1703	3	6	0	1713
2292	1724	3	1	16	0	1744
2293	2	2	1750	1	0	1755
2294	1650	1	4	6	0	1661
2295	4	1784	0	2	0	1790
2296	1902	3	0	7	0	1912
2297	6	1	1	1893	0	1901
2298	5	0	1	1879	0	1885
2299	2	2031	5	3	0	2041
2300	6	5	1	2099	0	2111
2301	7	0	1	2120	0	2128
2302	3	1	2	2154	0	2160
2303	2121	0	0	22	0	2143
2304	2049	1	3	8	0	2061
2305	12	4	2045	1	0	2062
2306	3	2060	12	1	0	2076
2307	4	9	2	2125	0	2140
2308	8	1	0	2185	0	2194
2309	2	1	2210	17	0	2230
2310	3	0	15	2144	0	2162
2311	2180	1	4	28	0	2213
2312	2190	1	0	11	0	2202
2313	2200	1	2	12	0	2215
2314	23	0	2	2268	0	2293
2315	2493	0	0	28	0	2521
2316	2488	1	1	15	0	2505
2317	2516	1	2	13	0	2532
2318	19	1	3	2514	0	2537
2319	8	0	2	2512	0	2522
2320	14	3	2	2515	0	2534
2321	12	1	2	2455	0	2470
2322	11	0	1	2459	0	2471
2323	2	6	2459	20	0	2487
2324	4	2	2452	6	0	2464
2325	1	2436	18	6	0	2461
2326	11	14	4	2499	0	2528
2327	8	3	0	2516	0	2527
2328	8	2	4	2551	0	2565
2329	5	2	2533	19	0	2559
2330	14	1	19	2484	0	2518
2331	5	3	2530	25	0	2563
2332	7	0	17	2493	0	2517
2333	5	2	2674	24	0	2705
2334	5	2654	19	9	0	2687
2335	13	15	3	2638	0	2669
2336	8	3	2621	17	0	2649
2337	2365	1	19	20	0	2405
2338	22	2661	6	7	0	2696
2339	13	19	1	2718	0	2751
2340	5	2704	4	29	0	2742
2341	13	21	5	2708	0	2747
2342	2739	4	6	41	0	2790
2343	27	5	4	2697	0	2733
2344	8	2713	2	30	0	2753
2345	2703	21	4	19	0	2747
2346	35	5	4	2740	0	2784
2347	14	0	3	2820	0	2837
2348	2837	2	3	51	0	2893
2349	38	2	6	3037	0	3083
2350	25	3	1	3738	0	3767
2351	7	4	3841	89	0	3941
2352	4	7	3738	29	0	3778
2353	22	2	104	3655	0	3783
2354	7	1	3737	93	0	3838
2355	5	4	3683	31	0	3723
2356	3466	5	123	36	0	3630
2357	92	7	3703	12	0	3814
2358	21	3665	108	19	0	3813
2359	34	86	30	3645	0	3795
2360	3728	25	24	103	0	3880
2361	3792	16	9	45	0	3862
2362	3784	9	8	42	0	3843
2363	122	3740	10	17	0	3889
2364	60	89	12	3717	0	3878
2365	44	27	7	3784	0	3862
2366	3596	15	14	136	0	3761
2367	3715	9	12	60	0	3796
2368	3743	3	10	47	0	3803
2369	130	6	3688	22	0	3846
2370	52	3626	100	21	0	3799
2371	29	4073	34	21	0	4157
2372	37	128	27	3882	0	4074
2373	42	51	23	4026	0	4142
2374	19	37	3997	160	0	4213
2375	3876	20	124	86	0	4106
2376	4068	7	56	70	0	4201
2377	179	17	38	3992	0	4226
2378	108	12	17	4055	0	4192
2379	80	9	9	4100	0	4198
2380	3986	6	13	211	0	4216
2381	140	16	3871	91	0	4118
2382	61	19	3939	60	0	4079
2383	64	17	153	3826	0	4060
2384	24	14	3875	140	0	4053
2385	3735	7	157	76	0	3975
2386	3834	6	62	76	0	3978
2387	3913	2	44	42	0	4001
2388	203	3672	37	23	0	3935
2389	3738	121	16	34	0	3909
2390	176	57	19	3647	0	3899
2391	80	39	17	3713	0	3849
2392	78	12	21	3770	0	3881
2393	39	15	3618	202	0	3874
2394	43	10	137	3542	0	3732
2395	37	3549	65	169	0	3820
2396	3402	125	60	89	0	3676
2397	133	3500	29	88	0	3750
2398	77	142	3473	63	0	3755
2399	78	3399	134	43	0	3654
2400	3285	153	72	44	0	3554
2401	137	3287	63	48	0	3535
2402	67	148	47	2990	0	3252
2403	58	3279	46	131	0	3514
2404	3249	147	32	88	0	3516
2405	3339	60	40	70	0	3509
2406	3224	44	45	59	0	3372
2407	205	50	3205	33	0	3493
2408	140	26	3197	25	0	3388
2409	78	28	3190	55	0	3351
2410	3112	29	183	45	0	3369
2411	159	26	99	3088	0	3372
2412	100	22	62	3162	0	3346
2413	72	31	3089	179	0	3371
2414	60	29	116	3106	0	3311
2415	2825	29	71	185	0	3110
2416	137	2887	64	85	0	3173
2417	2932	121	45	68	0	3166
2418	188	61	2856	42	0	3147
2419	2918	57	126	44	0	3145
2420	3002	41	70	44	0	3157
2421	3023	28	66	42	0	3159
2422	213	42	2836	37	0	3128
2423	154	25	121	2839	0	3139
2424	93	23	2844	154	0	3114
2425	68	21	157	2862	0	3108
2426	50	23	2859	170	0	3102
2427	68	20	161	2829	0	3078
2428	66	22	87	2891	0	3066
2429	2808	28	55	176	0	3067
2430	2832	16	51	114	0	3013
2431	2916	17	32	92	0	3057
2432	220	14	54	2715	0	3003
2433	120	2475	33	144	0	2772
2434	96	2713	43	78	0	2930
2435	2667	141	35	92	0	2935
2436	149	82	2645	57	0	2933
2437	2663	47	138	43	0	2891
2438	185	40	2601	41	0	2867
2439	2631	14	141	54	0	2840
2440	2480	27	80	54	0	2641
2441	188	19	2579	35	0	2821
2442	2622	19	125	53	0	2819
2443	2670	13	80	45	0	2808
2444	2654	19	57	59	0	2789
2445	201	2562	48	49	0	2860
2446	131	131	31	2515	0	2808
2447	85	62	2497	125	0	2769
2448	62	42	2555	71	0	2730
2449	59	2218	147	60	0	2484
2450	31	1490	85	26	0	1632
2451	43	53	34	1316	0	1446
2452	1295	37	22	56	0	1410
2453	56	1326	11	40	0	1433
2454	60	36	21	1318	0	1435
2455	49	1357	11	47	0	1464
2456	1361	49	14	41	0	1465
2457	50	52	11	1346	0	1459
2458	43	29	1315	51	0	1438
2459	39	1243	47	36	0	1365
2460	27	1236	44	31	0	1338
2461	23	55	26	1164	0	1268
2462	33	1221	16	30	0	1300
2463	32	55	16	1212	0	1315
2464	1210	36	11	50	0	1307
2465	1221	32	13	35	0	1301
2466	1261	16	18	29	0	1324
2467	1274	19	20	13	0	1326
2468	83	24	1206	12	0	1325
2469	56	1144	35	15	0	1250
2470	41	1153	37	17	0	1248
2471	7	896	5	6	0	914
2472	5	874	4	5	0	888
2473	829	12	9	4	0	854
2474	782	3	5	3	0	793
2475	810	1	0	3	0	814
2476	819	1	1	3	0	824
2477	9	1	830	1	0	841
2478	883	0	6	6	0	895
2479	918	1	1	3	0	923
2480	921	0	1	3	0	925
2481	12	0	1	917	0	930
2482	3	1	3	906	0	913
2483	909	3	0	12	0	924
2484	8	3	1	900	0	912
2485	2	890	1	8	0	901
2486	3	8	0	916	0	927
2487	6	1	0	909	0	916
2488	5	946	0	6	0	957
2489	9	6	0	946	0	961
2490	4	1	1	948	0	954
2491	930	2	1	11	0	944
2492	8	1	900	2	0	911
2493	882	0	6	3	0	891
2494	11	1	919	1	0	932
2495	2	0	869	2	0	873
2496	4	0	921	1	0	926
2497	889	1	10	4	0	904
2498	8	1	990	1	0	1000
2499	984	1	9	8	0	1002
2500	1011	0	1	9	0	1021
2501	1031	1	2	3	0	1037
2502	10	1020	0	1	0	1031
2503	1019	9	1	7	0	1036
2504	10	1026	1	2	0	1039
2505	5	10	3	1036	0	1054
2506	7	2	1	1025	0	1035
2507	2	1031	2	10	0	1045
2508	3	1031	2	1	0	1037
2509	3	1067	2	2	0	1074
2510	1056	7	1	5	0	1069
2511	11	1077	1	2	0	1091
2512	1074	9	1	5	0	1089
2513	14	4	1057	0	0	1075
2514	1050	1	10	7	0	1068
2515	1084	2	1	5	0	1092
2516	11	2	1071	1	0	1085
2517	5	2	8	1081	0	1096
2518	2	4	1129	11	0	1146
2519	5	0	9	1107	0	1121
2520	4	2	2	1121	0	1129
2521	1114	3	2	12	0	1131
2522	1110	3	2	9	0	1124
2523	11	1115	1	3	0	1130
2524	1143	10	1	7	0	1161
2525	12	4	1175	1	0	1192
2526	1171	1	9	7	0	1188
2527	13	0	1292	3	0	1308
2528	9	0	1288	2	0	1299
2529	1349	0	17	3	0	1369
2530	1384	1	4	6	0	1395
2531	16	1	1421	1	0	1439
2532	11	2	16	1354	0	1383
2533	10	0	3	1439	0	1452
2534	2	3	1424	13	0	1442
2535	5	5	12	1379	0	1401
2536	4	1370	3	15	0	1392
2537	6	18	4	1473	0	1501
2538	10	5	4	1492	0	1511
2539	9	6	1485	14	0	1514
2540	1371	4	14	8	0	1397
2541	1480	4	7	7	0	1498
2542	1452	1	8	9	0	1470
2543	1470	0	5	5	0	1480
2544	25	1446	4	1	0	1476
2545	14	15	2	1416	0	1447
2546	6	3	1409	20	0	1438
2547	8	3	1382	8	0	1401
2548	10	4	14	1335	0	1363
2549	8	2	1386	17	0	1413
2550	1331	2	22	12	0	1367
2551	18	4	3	1379	0	1404
2552	5	4	4	1393	0	1406
2553	4	3	3	1406	0	1416
2554	1365	3	2	26	0	1396
2555	14	1351	5	9	0	1379
2556	1379	12	4	17	0	1412
2557	1390	2	3	6	0	1401
2558	20	1365	6	3	0	1394
2559	8	1385	7	4	0	1404
2560	1410	12	9	7	0	1438
2561	21	4	7	1406	0	1438
2562	9	3	9	1397	0	1418
2563	1425	2	4	20	0	1451
2564	20	4	1430	5	0	1459
2565	1381	1	17	11	0	1410
2566	1445	3	1	13	0	1462
2567	25	1487	6	2	0	1520
2568	1599	13	4	9	0	1625
2569	1579	6	2	14	0	1601
2570	21	1861	3	8	0	1893
2571	8	1884	1	5	0	1898
2572	12	33	2	1810	0	1857
2573	1854	9	1	32	0	1896
2574	28	1897	0	8	0	1933
2575	18	36	0	1905	0	1959
2576	1920	10	0	46	0	1976
2577	38	8	1910	10	0	1966
2578	15	5	33	1859	0	1912
2579	9	8	1887	36	0	1940
2580	1808	3	41	19	0	1871
2581	1906	2	10	12	0	1930
2582	40	4	1888	7	0	1939
2583	16	1863	37	9	0	1925
2584	18	34	11	1876	0	1939
2585	8	10	1915	37	0	1970
2586	13	6	40	1861	0	1920
2587	10	9	12	1934	0	1965
2588	5	4	1906	44	0	1959
2589	1799	5	39	19	0	1862
2590	1881	4	11	34	0	1930
2591	42	2	1918	10	0	1972
2592	16	1912	40	4	0	1972
2593	20	35	9	1816	0	1880
2594	8	1869	13	32	0	1922
2595	8	1909	10	10	0	1937
2596	1872	42	4	17	0	1935
2597	41	18	3	1892	0	1954
2598	24	13	8	1839	0	1884
2599	18	9	1831	44	0	1902
2600	9	6	1832	18	0	1865
2601	11	9	43	1807	0	1870
2602	10	7	13	1856	0	1886
2603	10	5	1847	43	0	1905
2604	7	11	1845	16	0	1879
2605	15	6	45	1827	0	1893
2606	1839	3	21	51	0	1914
2607	35	1847	20	21	0	1923
2608	1825	36	8	22	0	1891
2609	39	1867	17	9	0	1932
2610	19	1904	11	9	0	1943
2611	1868	45	3	12	0	1928
2612	42	20	1865	6	0	1933
2613	23	19	40	1854	0	1936
2614	19	9	14	1882	0	1924
2615	16	8	15	1989	0	2028
2616	10	8	1980	55	0	2053
2617	13	6	42	1960	0	2021
2618	1970	7	20	58	0	2055
2619	49	10	14	2006	0	2079
2620	21	4	10	2101	0	2136
2621	2082	3	9	66	0	2160
2622	2085	9	7	36	0	2137
2623	49	2063	10	25	0	2147
2624	22	43	2070	17	0	2152
2625	17	15	2043	14	0	2089
2626	20	11	2051	13	0	2095
2627	16	1927	54	13	0	2010
2628	21	40	31	1846	0	1938
2629	13	13	19	1890	0	1935
2630	1868	11	13	53	0	1945
2631	53	6	15	1824	0	1898
2632	20	8	1812	59	0	1899
2633	18	9	48	1815	0	1890
2634	19	8	20	1843	0	1890
2635	14	4	1815	59	0	1892
2636	10	1767	45	38	0	1860
2637	20	40	20	1641	0	1721
2638	17	1780	15	55	0	1867
2639	8	49	1755	21	0	1833
2640	1728	18	50	21	0	1817
2641	1776	13	22	17	0	1828
2642	1784	9	23	23	0	1839
2643	68	11	12	1720	0	1811
2644	24	1759	13	56	0	1852
2645	1749	44	15	21	0	1829
2646	1799	20	12	21	0	1852
2647	1788	13	12	26	0	1839
2648	62	11	1768	19	0	1860
2649	1715	8	47	24	0	1794
2650	54	1734	21	25	0	1834
2651	1737	46	23	10	0	1816
2652	58	1758	14	16	0	1846
2653	1760	55	13	16	0	1844
2654	61	24	1758	11	0	1854
2655	1705	19	52	13	0	1789
2656	1779	8	20	20	0	1827
2657	1553	20	21	19	0	1613
2658	1784	8	12	18	0	1822
2659	71	14	1727	15	0	1827
2660	41	11	38	1711	0	1801
2661	1714	8	17	50	0	1789
2662	59	1694	20	18	0	1791
2663	38	38	14	1690	0	1780
2664	20	13	1684	50	0	1767
2665	26	18	43	1673	0	1760
2666	25	10	1679	54	0	1768
2667	14	1587	57	25	0	1683
2668	19	1468	16	18	0	1521
2669	15	1519	19	13	0	1566
2670	22	37	4	1203	0	1266
2671	19	9	6	1201	0	1235
2672	15	8	1190	27	0	1240
2673	9	1149	25	9	0	1192
2674	1064	28	7	8	0	1107
2675	21	1021	6	6	0	1054
2676	10	1016	7	5	0	1038
2677	34	19	5	971	0	1029
2678	969	7	8	16	0	1000
2679	972	7	6	9	0	994
2680	25	6	3	959	0	993
2681	965	8	7	18	0	998
2682	23	5	4	965	0	997
2683	13	6	946	16	0	981
2684	947	5	13	12	0	977
2685	16	6	10	929	0	961
2686	8	7	915	18	0	948
2687	5	6	892	15	0	918
2688	10	6	20	905	0	941
2689	923	9	8	16	0	956
2690	921	8	4	12	0	945
2691	19	915	7	5	0	946
2692	939	19	5	13	0	976
2693	936	8	6	12	0	962
2694	961	5	5	13	0	984
2695	29	981	5	8	0	1023
2696	1016	18	8	9	0	1051
2697	1004	12	3	13	0	1032
2698	25	8	3	992	0	1028
2699	966	8	3	18	0	995
2700	20	949	5	9	0	983
2701	10	964	11	9	0	994
2702	13	13	7	973	0	1006
2703	12	14	8	957	0	991
2704	9	982	5	15	0	1011
2705	977	19	3	6	0	1005
2706	22	962	1	6	0	991
2707	947	11	5	10	0	973
2708	24	978	5	5	0	1012
2709	15	10	6	954	0	985
2710	13	1007	3	14	0	1037
2711	1031	15	3	3	0	1052
2712	1015	7	3	16	0	1041
2713	1019	9	5	5	0	1038
2714	23	3	992	8	0	1026
2715	5	5	889	7	0	906
2716	9	903	7	6	0	925
2717	7	8	898	4	0	917
2718	6	9	838	2	0	855
2719	8	14	7	741	0	770
2720	3	0	789	5	0	797
2721	4	811	6	1	0	822
2722	796	4	0	5	0	805
2723	6	788	3	0	0	797
2724	2	801	3	1	0	807
2725	801	6	0	7	0	814
2726	803	1	0	4	0	808
2727	7	821	2	1	0	831
2728	820	7	0	5	0	832
2729	821	0	1	3	0	825
2730	815	4	0	2	0	821
2731	8	3	788	0	0	799
2732	2	4	779	3	0	788
2733	7	1	3	805	0	816
2734	2	4	1	793	0	800
2735	827	0	1	7	0	835
2736	4	812	0	2	0	818
2737	4	6	1	820	0	831
2738	3	5	1	802	0	811
2739	4	1	1	821	0	827
2740	3	4	0	816	0	823
2741	2	2	817	8	0	829
2742	4	0	815	5	0	824
2743	6	2	8	833	0	849
2744	2	0	858	6	0	866
2745	830	3	9	6	0	848
2746	14	2	4	852	0	872
2747	4	3	855	8	0	870
2748	766	2	9	6	0	783
2749	10	831	5	2	0	848
2750	837	5	2	3	0	847
2751	7	885	0	0	0	892
2752	5	7	2	859	0	873
2753	3	4	874	7	0	888
2754	1	2	6	846	0	855
2755	3	0	861	9	0	873
2756	834	1	8	6	0	849
2757	10	2	5	879	0	896
2758	897	3	1	11	0	912
2759	12	0	891	4	0	907
2760	965	2	8	6	0	981
2761	1052	1	5	7	0	1065
2762	15	1	1059	3	0	1078
2763	13	1	11	1022	0	1047
2764	4	2	1067	10	0	1083
2765	3	1071	12	3	0	1089
2766	1064	11	6	7	0	1088
2767	1061	6	2	3	0	1072
2768	19	2	1067	2	0	1090
2769	11	1	1070	0	0	1082
2770	8	0	16	1046	0	1070
2771	0	1	10	1081	0	1092
2772	1081	2	3	18	0	1104
2773	11	1104	3	7	0	1125
2774	1152	11	1	8	0	1172
2775	1149	5	2	5	0	1161
2776	17	3	1129	2	0	1151
2777	1086	0	14	7	0	1107
2778	12	2	1135	4	0	1153
2779	8	0	11	1161	0	1180
2780	3	2	1204	14	0	1223
2781	7	2	12	1194	0	1215
2782	5	3	1206	12	0	1226
2783	1186	1	13	13	0	1213
2784	1232	0	9	8	0	1249
2785	21	0	7	1216	0	1244
2786	1264	1	3	15	0	1283
2787	14	0	6	1287	0	1307
2788	5	1320	7	24	0	1356
2789	1337	9	6	10	0	1362
2790	12	1357	6	5	0	1380
2791	8	12	2	1362	0	1384
2792	12	5	3	1340	0	1360
2793	9	2	2	1338	0	1351
2794	6	0	2	1318	0	1326
2795	5	2	1269	28	0	1304
2796	1152	2	8	12	0	1174
2797	1245	4	7	9	0	1265
2798	19	1252	3	3	0	1277
2799	12	10	3	1261	0	1286
2800	7	5	1	1283	0	1296
2801	2	2	1249	19	0	1272
2802	1209	2	13	12	0	1236
2803	18	0	11	1242	0	1271
2804	8	1	1230	12	0	1251
2805	1211	2	11	13	0	1237
2806	1248	2	10	10	0	1270
2807	1262	3	5	9	0	1279
2808	19	2	1222	7	0	1250
2809	16	0	1160	4	0	1180
2810	1151	1	19	4	0	1175
2811	14	2	9	1190	0	1215
2812	12	7	5	1192	0	1216
2813	6	3	1188	15	0	1212
2814	1155	2	9	11	0	1177
2815	13	1	9	1202	0	1225
2816	1205	1	7	20	0	1233
2817	1210	0	8	15	0	1233
2818	1224	0	2	16	0	1242
2819	18	0	1248	6	0	1272
2820	13	0	12	1220	0	1245
2821	1223	3	7	15	0	1248
2822	14	1242	3	17	0	1276
2823	14	10	2	1274	0	1300
2824	8	7	3	1280	0	1298
2825	1240	3	3	22	0	1268
2826	1244	1	5	12	0	1262
2827	21	2	4	1236	0	1263
2828	14	0	1236	13	0	1263
2829	1206	1	12	16	0	1235
2830	16	3	1263	3	0	1285
2831	1257	1	12	14	0	1284
2832	1290	0	8	10	0	1308
2833	24	3	1289	5	0	1321
2834	16	5	11	1339	0	1371
2835	6	6	1403	17	0	1432
2836	7	1487	14	13	0	1521
2837	17	11	13	1430	0	1471
2838	8	1514	8	13	0	1543
2839	11	16	5	1534	0	1566
2840	9	6	1576	14	0	1605
2841	8	1535	15	13	0	1571
2842	6	1586	9	7	0	1608
2843	11	23	6	1604	0	1644
2844	1605	9	4	24	0	1642
2845	22	9	2	1735	0	1768
2846	1754	4	0	35	0	1793
2847	18	1815	8	8	0	1849
2848	2023	27	2	14	0	2066
2849	31	13	2079	6	0	2129
2850	25	4	29	2050	0	2108
2851	22	1	10	2054	0	2087
2852	8	0	2060	41	0	2109
2853	1965	2	32	17	0	2016
2854	2034	7	14	12	0	2067
2855	48	2013	7	5	0	2073
2856	27	30	11	1883	0	1951
2857	13	2018	9	25	0	2065
2858	8	32	2011	20	0	2071
2859	5	11	2021	11	0	2048
2860	21	54	41	1861	0	1977
2861	1875	5	14	44	0	1938
2862	32	1857	11	13	0	1913
2863	1858	34	4	20	0	1916
2864	36	19	1825	8	0	1888
2865	1837	9	34	14	0	1894
2866	1895	8	15	9	0	1927
2867	40	8	1873	15	0	1936
2868	30	8	39	1825	0	1902
2869	1854	17	13	43	0	1927
2870	1884	3	9	19	0	1915
2871	1865	6	20	9	0	1900
2872	58	6	4	1833	0	1901
2873	30	6	1799	37	0	1872
2874	1760	9	45	15	0	1829
2875	50	6	1787	16	0	1859
2876	35	7	44	1739	0	1825
2877	23	15	16	1766	0	1820
2878	23	1777	12	47	0	1859
2879	14	44	1733	19	0	1810
2880	19	1695	46	16	0	1776
2881	17	1750	22	12	0	1801
2882	20	38	16	1741	0	1815
2883	23	14	1705	44	0	1786
2884	23	13	42	1695	0	1773
2885	24	15	1703	42	0	1784
2886	17	12	50	1679	0	1758
2887	28	14	17	1678	0	1737
2888	19	27	1588	44	0	1678
2889	18	15	45	1588	0	1666
2890	12	12	1593	53	0	1670
2891	14	11	1580	28	0	1633
2892	25	1562	50	19	0	1656
2893	1580	34	26	24	0	1664
2894	45	16	1572	32	0	1665
2895	1528	10	53	23	0	1614
2896	53	19	18	1585	0	1675
2897	19	10	1595	47	0	1671
2898	13	1577	50	30	0	1670
2899	22	43	27	1584	0	1676
2900	18	22	1612	42	0	1694
2901	18	19	56	1513	0	1606
2902	24	1593	27	39	0	1683
2903	1598	45	19	28	0	1690
2904	56	16	16	1619	0	1707
2905	1581	18	25	46	0	1670
2906	1600	13	20	39	0	1672
2907	1622	14	28	24	0	1688
2908	1628	10	19	40	0	1697
2909	1589	14	26	29	0	1658
2910	59	1535	24	24	0	1642
2911	32	39	14	1564	0	1649
2912	34	17	25	1565	0	1641
2913	46	12	14	1572	0	1644
2914	30	19	1519	55	0	1623
2915	36	1531	43	26	0	1636
2916	1602	36	31	27	0	1696
2917	1605	22	23	25	0	1675
2918	59	1545	21	38	0	1663
2919	29	1594	25	28	0	1676
2920	1567	56	17	28	0	1668
2921	53	20	1533	28	0	1634
2922	36	29	52	1489	0	1606
2923	1498	14	25	58	0	1595
2924	60	17	30	1451	0	1558
2925	32	1462	13	57	0	1564
2926	29	42	20	1488	0	1579
2927	27	23	1523	51	0	1624
2928	1464	16	56	42	0	1578
2929	1527	12	25	24	0	1588
2930	76	13	19	1463	0	1571
2931	46	10	14	1490	0	1560
2932	1445	17	17	59	0	1538
2933	54	1418	21	35	0	1528
2934	33	38	9	1377	0	1457
2935	32	11	15	1392	0	1450
2936	1259	8	14	54	0	1335
2937	47	1241	9	28	0	1325
2938	1192	35	8	21	0	1256
2939	54	1158	11	16	0	1239
2940	20	1185	10	17	0	1232
2941	1147	42	5	15	0	1209
2942	44	1144	8	19	0	1215
2943	15	49	20	1103	0	1187
2944	13	14	1077	47	0	1151
2945	8	11	934	14	0	967
2946	10	5	891	12	0	918
2947	5	846	29	8	0	888
2948	608	16	15	3	0	642
2949	15	3	2	564	0	584
2950	5	3	1	574	0	583
2951	5	1	561	13	0	580
2952	555	3	10	8	0	576
2953	12	1	4	583	0	600
2954	5	0	4	586	0	595
2955	4	1	1	584	0	590
2956	557	2	0	16	0	575
2957	13	0	537	4	0	554
2958	537	2	9	4	0	552
2959	13	2	3	542	0	560
2960	4	0	536	11	0	551
2961	528	1	11	5	0	545
2962	11	1	545	5	0	562
2963	5	3	11	529	0	548
2964	3	0	549	12	0	564
2965	1	0	517	3	0	521
2966	485	2	15	2	0	504
2967	10	2	501	1	0	514
2968	5	0	10	495	0	510
2969	504	1	4	14	0	523
2970	8	1	4	513	0	526
2971	6	2	511	10	0	529
2972	3	1	539	6	0	549
2973	0	541	13	4	0	558
2974	1	12	7	521	0	541
2975	512	3	5	8	0	528
2976	8	520	2	4	0	534
2977	519	9	0	4	0	532
2978	12	2	1	512	0	527
2979	515	2	2	11	0	530
2980	12	513	4	3	0	532
2981	5	10	1	514	0	530
2982	511	2	0	13	0	526
2983	9	512	2	7	0	530
2984	4	10	2	520	0	536
2985	7	4	1	513	0	525
2986	516	2	1	15	0	534
2987	11	1	1	518	0	531
2988	4	4	0	522	0	530
2989	6	2	1	535	0	544
2990	3	1	525	13	0	542
2991	502	1	11	9	0	523
2992	11	2	4	589	0	606
2993	3	1	618	18	0	640
2994	612	2	14	7	0	635
2995	17	2	636	4	0	659
2996	6	5	19	626	0	656
2997	3	634	6	20	0	663
2998	6	13	4	639	0	662
2999	5	3	654	19	0	681
3000	2	4	701	9	0	716
3001	6	1	18	695	0	720
3002	6	5	697	18	0	726
3003	673	3	18	9	0	703
3004	18	0	675	10	0	703
3005	7	3	23	660	0	693
3006	9	4	5	681	0	699
3007	3	5	5	672	0	685
3008	667	3	2	25	0	697
3009	681	5	5	4	0	695
3010	695	3	5	6	0	709
3011	25	1	1	691	0	718
3012	11	2	7	702	0	722
3013	7	2	679	18	0	706
3014	2	0	682	11	0	695
3015	3	665	20	10	0	698
3016	14	15	2	547	0	578
3017	5	1	1	548	0	555
3018	5	547	3	16	0	571
3019	562	10	3	6	0	581
3020	13	549	2	9	0	573
3021	561	9	4	7	0	581
3022	11	2	3	567	0	583
3023	555	2	5	10	0	572
3024	17	0	3	556	0	576
3025	3	3	546	13	0	565
3026	2	2	12	554	0	570
3027	544	2	3	14	0	563
3028	13	2	3	559	0	577
3029	5	1	1	564	0	571
3030	2	3	560	13	0	578
3031	4	0	10	554	0	568
3032	4	0	6	545	0	555
3033	3	529	4	16	0	552
3034	4	10	1	541	0	556
3035	1	2	4	547	0	554
3036	6	0	0	564	0	570
3037	4	46	1	511	0	562
3038	6	4	0	566	0	576
3039	537	1	2	17	0	557
3040	8	522	4	8	0	542
3041	3	509	0	7	0	519
3042	1	508	3	3	0	515
3043	6	11	1	489	0	507
3044	3	473	4	14	0	494
3045	3	490	4	7	0	504
3046	492	12	5	6	0	515
3047	10	2	486	5	0	503
3048	473	2	8	7	0	490
3049	12	4	2	468	0	486
3050	3	4	470	13	0	490
3051	460	2	15	4	0	481
3052	10	2	459	6	0	477
3053	1	0	453	6	0	460
3054	465	3	14	5	0	487
3055	16	2	4	470	0	492
3056	6	0	482	17	0	505
3057	464	2	15	8	0	489
3058	493	2	6	6	0	507
3059	15	2	487	11	0	515
3060	490	1	14	8	0	513
3061	511	2	3	5	0	521
3062	14	1	493	6	0	514
3063	490	0	11	11	0	512
3064	507	2	6	8	0	523
3065	15	2	485	8	0	510
3066	5	2	547	5	0	559
3067	13	5	15	546	0	579
3068	8	1	572	17	0	598
3069	563	5	17	6	0	591
3070	21	5	5	557	0	588
3071	11	2	3	578	0	594
3072	5	4	545	16	0	570
3073	11	2	16	541	0	570
3074	7	1	541	20	0	569
3075	545	0	19	9	0	573
3076	564	1	8	5	0	578
3077	17	0	550	9	0	576
3078	548	1	17	9	0	575
3079	569	0	6	5	0	580
3080	17	2	549	14	0	582
3081	577	0	19	8	0	604
3082	579	3	9	9	0	600
3083	20	0	575	11	0	606
3084	566	3	19	7	0	595
3085	23	2	565	4	0	594
3086	12	1	14	579	0	606
3087	5	1	8	591	0	605
3088	12	0	4	598	0	614
3089	8	2	569	23	0	602
3090	531	1	17	9	0	558
3091	19	5	560	5	0	589
3092	4	473	13	5	0	495
3093	2	455	3	3	0	463
3094	432	7	7	4	0	450
3095	8	0	1	427	0	436
3096	2	432	3	8	0	445
3097	424	8	2	3	0	437
3098	428	0	3	4	0	435
3099	9	421	2	1	0	433
3100	4	8	2	362	0	376
3101	5	371	1	6	0	383
3102	382	7	2	2	0	393
3103	386	2	1	2	0	391
3104	10	0	1	383	0	394
3105	387	1	2	8	0	398
3106	11	1	2	393	0	407
3107	2	0	397	8	0	407
3108	380	1	10	1	0	392
3109	11	1	372	2	0	386
3110	2	1	8	370	0	381
3111	367	0	3	15	0	385
3112	9	0	1	374	0	384
3113	2	1	373	11	0	387
3114	4	0	373	3	0	380
3115	5	1	7	364	0	377
3116	363	1	10	8	0	382
3117	8	362	2	3	0	375
3118	5	10	2	357	0	374
3119	3	1	354	9	0	367
3120	346	0	15	2	0	363
3121	361	2	2	2	0	367
3122	11	1	333	2	0	347
3123	336	0	7	1	0	344
3124	8	2	5	331	0	346
3125	4	1	335	10	0	350
3126	334	1	8	3	0	346
3127	12	1	2	332	0	347
3128	7	0	2	320	0	329
3129	325	0	4	9	0	338
3130	9	313	4	3	0	329
3131	2	333	3	4	0	342
3132	339	8	3	5	0	355
3133	330	0	5	1	0	336
3134	8	1	336	4	0	349
3135	1	2	336	2	0	341
3136	3	1	7	316	0	327
3137	331	8	0	6	0	345
3138	326	3	1	2	0	332
3139	333	0	1	3	0	337
3140	5	329	2	1	0	337
3141	5	331	1	2	0	339
3142	8	6	2	329	0	345
3143	1	2	3	331	0	337
3144	6	0	0	338	0	344
3145	4	1	350	8	0	363
3146	4	1	330	0	0	335
3147	352	1	6	1	0	360
3148	366	1	5	1	0	373
3149	9	0	1	369	0	379
3150	6	0	0	364	0	370
3151	1	0	3	378	0	382
3152	3	1	373	7	0	384
3153	1	0	406	2	0	409
3154	1	0	5	388	0	394
3155	7	0	373	6	0	386
3156	2	372	5	2	0	381
3157	1	374	1	2	0	378
3158	368	4	4	2	0	378
3159	8	360	1	1	0	370
3160	5	6	1	359	0	371
3161	1	1	3	357	0	362
3162	2	384	1	7	0	394
3163	2	6	1	390	0	399
3164	2	2	380	6	0	390
3165	4	375	7	0	0	386
3166	2	8	1	334	0	345
3167	2	0	326	5	0	333
3168	1	305	4	1	0	311
3169	0	7	0	293	0	300
3170	0	304	1	3	0	308
3171	2	4	1	303	0	310
3172	2	0	0	296	0	298
3173	0	301	1	5	0	307
3174	294	4	3	0	0	301
3175	284	0	1	3	0	288
3176	6	286	0	0	0	292
3177	3	296	0	0	0	299
3178	1	4	0	300	0	305
3179	0	0	297	6	0	303
3180	276	0	4	2	0	282
3181	264	1	1	3	0	269
3182	4	0	263	2	0	269
3183	256	0	4	3	0	263
3184	267	1	2	1	0	271
3185	4	0	269	1	0	274
3186	262	1	5	0	0	268
3187	6	1	278	0	0	285
3188	0	276	4	2	0	282
3189	283	4	0	0	0	287
3190	286	0	0	3	0	289
3191	4	1	278	1	0	284
3192	275	1	5	2	0	283
3193	288	0	1	1	0	290
3194	5	1	287	0	0	293
3195	302	3	1	1	0	307
3196	316	1	1	1	0	319
3197	6	1	310	1	0	318
3198	312	2	4	0	0	318
3199	5	2	0	302	0	309
3200	3	0	1	305	0	309
3201	0	2	302	5	0	309
3202	2	2	289	2	0	295
3203	2	1	5	297	0	305
3204	2	1	2	299	0	304
3205	320	2	0	6	0	328
3206	5	2	310	0	0	317
3207	324	3	4	2	0	333
3208	9	1	2	344	0	356
3209	3	3	349	6	0	361
3210	375	1	9	3	0	388
3211	12	0	2	399	0	413
3212	4	2	402	9	0	417
3213	400	1	10	2	0	413
3214	12	1	4	390	0	407
3215	403	1	2	9	0	415
3216	10	0	408	2	0	420
3217	6	2	8	383	0	399
3218	3	418	1	9	0	431
3219	416	8	0	5	0	429
3220	412	2	4	0	0	418
3221	12	427	2	1	0	442
3222	432	7	2	3	0	444
3223	435	2	2	3	0	442
3224	446	2	2	1	0	451
3225	11	433	1	1	0	446
3226	5	10	3	428	0	446
3227	5	4	433	9	0	451
3228	2	0	10	426	0	438
3229	3	1	4	433	0	441
3230	5	1	438	10	0	454
3231	2	1	432	4	0	439
3232	8	1	11	379	0	399
3233	2	441	3	8	0	454
3234	438	8	4	4	0	454
3235	426	4	4	2	0	436
3236	14	451	0	4	0	469
3237	456	9	0	5	0	470
3238	470	4	4	1	0	479
3239	14	1	460	1	0	476
3240	459	0	9	2	0	470
3241	10	463	3	3	0	479
3242	4	10	469	1	0	484
3243	3	2	465	3	0	473
3244	1	467	12	0	0	480
3245	464	9	1	3	0	477
3246	10	1	460	3	0	474
3247	3	0	10	469	0	482
3248	1	0	466	9	0	476
3249	449	0	12	3	0	464
3250	10	2	561	1	0	574
3251	3	2	564	1	0	570
3252	566	0	10	1	0	577
3253	8	578	2	0	0	588
3254	603	10	0	2	0	615
3255	638	2	1	6	0	647
3256	14	0	2	624	0	640
3257	5	726	1	6	0	738
3258	754	13	1	5	0	773
3259	14	1	782	0	0	797
3260	761	0	10	2	0	773
3261	10	808	3	2	0	823
3262	782	7	0	1	0	790
3263	774	1	2	6	0	783
3264	9	779	1	2	0	791
3265	3	6	4	781	0	794
3266	795	1	0	8	0	804
3267	9	796	2	1	0	808
3268	7	5	4	792	0	808
3269	808	3	0	9	0	820
3270	11	3	1	864	0	879
3271	7	0	1	851	0	859
3272	3	885	1	13	0	902
3273	882	9	1	9	0	901
3274	892	7	1	5	0	905
3275	902	1	0	4	0	907
3276	15	929	3	2	0	949
3277	942	11	0	8	0	961
3278	953	6	2	4	0	965
3279	20	1	2	933	0	956
3280	9	1	1	947	0	958
3281	1	3	945	15	0	964
3282	5	1	10	928	0	944
3283	9	2	5	897	0	913
3284	1	3	947	16	0	967
3285	858	2	11	9	0	880
3286	15	1	937	0	0	953
3287	6	1	967	4	0	978
3288	2	2	15	956	0	975
3289	6	3	5	979	0	993
3290	5	1006	0	11	0	1022
3291	1003	8	3	7	0	1021
3292	1008	5	3	6	0	1022
3293	14	1030	3	5	0	1052
3294	9	1118	1	4	0	1132
3295	6	18	2	1093	0	1119
3296	3	1161	1	11	0	1176
3297	1168	13	4	7	0	1192
3298	1173	7	3	1	0	1184
3299	26	3	2	1154	0	1185
3300	12	2	2	1164	0	1180
3301	1176	1	3	23	0	1203
3302	18	3	1143	9	0	1173
3303	1147	2	16	3	0	1168
3304	17	0	1159	3	0	1179
3305	1130	0	14	6	0	1150
3306	16	0	5	1145	0	1166
3307	17	4	1150	11	0	1182
3308	4	2	1135	6	0	1147
3309	1101	3	17	4	0	1125
3310	1100	1	8	5	0	1114
3311	15	1142	2	3	0	1162
3312	10	8	1	1166	0	1185
3313	2	10	1	1188	0	1201
3314	1183	1	0	19	0	1203
3315	12	1165	1	8	0	1186
3316	1181	13	0	2	0	1196
3317	8	1161	1	3	0	1173
3318	7	1196	0	2	0	1205
3319	1194	15	0	4	0	1213
3320	12	8	1176	1	0	1197
3321	15	1	9	1166	0	1191
3322	4	0	11	1176	0	1191
3323	2	0	1176	18	0	1196
3324	5	0	11	1155	0	1171
3325	15	3	10	1047	0	1075
3326	3	1175	2	18	0	1198
3327	1170	11	2	16	0	1199
3328	12	8	1196	2	0	1218
3329	1147	1	12	12	0	1172
3330	11	1198	9	3	0	1221
3331	11	8	3	1206	0	1228
3332	1247	9	1	16	0	1273
3333	11	2	2	1249	0	1264
3334	17	1	0	1238	0	1256
3335	1	1	1248	18	0	1268
3336	1174	0	10	16	0	1200
3337	1223	0	8	11	0	1242
3338	19	1	1237	1	0	1258
3339	13	3	10	1226	0	1252
3340	4	3	1242	9	0	1258
3341	1203	2	10	14	0	1229
3342	1253	2	8	2	0	1265
3343	23	0	4	1245	0	1272
3344	1251	0	1	15	0	1267
3345	11	1	1313	11	0	1336
3346	14	1	10	1312	0	1337
3347	8	1	9	1310	0	1328
3348	3	1	1	1352	0	1357
3349	3	3	0	1345	0	1351
3350	1234	1	2	18	0	1255
3351	13	1	1245	11	0	1270
3352	9	0	11	1244	0	1264
3353	2	3	1231	12	0	1248
3354	0	1	1201	12	0	1214
3355	6	2	18	1189	0	1215
3356	5	0	9	1200	0	1214
3357	1132	1	0	25	0	1158
3358	14	0	2	1115	0	1131
3359	12	1	2	1124	0	1139
3360	7	0	2	1143	0	1152
3361	1118	1	2	23	0	1144
3362	1110	1	1	17	0	1129
3363	1138	0	2	2	0	1142
3364	1117	0	2	6	0	1125
3365	22	1188	0	5	0	1215
3366	9	21	2	1172	0	1204
3367	8	10	1	1201	0	1220
3368	1229	2	3	25	0	1259
3369	15	1307	6	15	0	1343
3370	10	16	0	1336	0	1362
3371	3	12	1430	18	0	1463
3372	1564	2	23	15	0	1604
3373	36	1652	12	3	0	1703
3374	1731	36	5	13	0	1785
3375	1800	12	2	10	0	1824
3376	62	5	2	1735	0	1804
3377	21	4	1732	39	0	1796
3378	21	1	43	1762	0	1827
3379	1777	8	15	52	0	1852
3380	58	2	5	1800	0	1865
3381	1800	1	2	50	0	1853
3382	47	1765	7	24	0	1843
3383	1848	43	8	21	0	1920
3384	60	12	4	1870	0	1946
3385	32	5	3	2001	0	2041
3386	2003	3	1	70	0	2077
3387	1997	6	0	28	0	2031
3388	2006	10	1	12	0	2029
3389	2002	4	1	14	0	2021
3390	1982	2	3	23	0	2010
3391	70	3	3	1924	0	2000
3392	37	4	1853	50	0	1944
3393	23	1871	35	19	0	1948
3394	1815	40	13	10	0	1878
3395	60	12	1771	7	0	1850
3396	1757	6	45	17	0	1825
3397	54	1767	15	12	0	1848
3398	1787	44	13	14	0	1858
3399	60	18	5	1774	0	1857
3400	37	7	7	1813	0	1864
3401	21	8	1807	54	0	1890
3402	27	5	42	1782	0	1856
3403	19	11	1820	47	0	1897
3404	17	7	1822	26	0	1872
3405	1823	3	53	31	0	1910
3406	1909	5	21	24	0	1959
3407	66	6	1818	16	0	1906
3408	1809	3	48	25	0	1885
3409	1873	5	23	9	0	1910
3410	68	7	1806	11	0	1892
3411	39	1816	49	9	0	1913
3412	43	43	19	1933	0	2038
3413	1995	9	12	58	0	2074
3414	2083	6	8	18	0	2115
3415	2100	5	11	15	0	2131
3416	2075	5	13	16	0	2109
3417	2086	14	12	14	0	2126
3418	77	8	2014	15	0	2114
3419	43	9	2058	16	0	2126
3420	43	7	56	2082	0	2188
3421	2140	6	23	58	0	2227
3422	2188	10	12	21	0	2231
3423	2193	8	16	19	0	2236
3424	2135	5	20	27	0	2187
3425	69	2099	14	20	0	2202
3426	38	2245	11	28	0	2322
3427	2248	47	11	23	0	2329
3428	2273	16	6	27	0	2322
3429	87	2225	15	17	0	2344
3430	2252	45	11	27	0	2335
3431	74	26	2235	11	0	2346
3432	46	21	44	2186	0	2297
3433	51	10	2240	49	0	2350
3434	48	11	2211	23	0	2293
3435	43	16	56	2225	0	2340
3436	44	8	22	2334	0	2408
3437	30	4	2363	66	0	2463
3438	35	7	58	2289	0	2389
3439	36	10	27	2367	0	2440
3440	2360	5	21	75	0	2461
3441	2374	9	17	37	0	2437
3442	80	7	21	2364	0	2472
3443	36	20	2383	61	0	2500
3444	37	2400	56	34	0	2527
3445	2358	48	27	33	0	2466
3446	87	15	2479	19	0	2600
3447	41	2416	52	19	0	2528
3448	33	2566	26	26	0	2651
3449	2593	54	21	22	0	2690
3450	2641	27	17	20	0	2705
3451	82	11	21	2567	0	2681
3452	38	16	2737	62	0	2853
3453	36	19	68	2721	0	2844
3454	45	12	22	2778	0	2857
3455	51	8	15	2816	0	2890
3456	2787	5	21	75	0	2888
3457	76	2706	21	31	0	2834
3458	42	2931	20	28	0	3021
3459	41	52	20	2864	0	2977
3460	31	22	18	2960	0	3031
3461	2929	15	15	80	0	3039
3462	2919	9	18	32	0	2978
3463	2942	21	18	18	0	2999
3464	83	2883	11	24	0	3001
3465	2846	44	12	21	0	2923
3466	81	28	10	2822	0	2941
3467	39	7	2817	64	0	2927
3468	42	9	2640	17	0	2708
3469	2616	11	45	25	0	2697
3470	53	14	2615	18	0	2700
3471	22	5	2466	13	0	2506
3472	2175	0	33	12	0	2220
3473	32	0	2245	2	0	2279
3474	8	3	2149	3	0	2163
3475	8	10	16	2065	0	2099
3476	6	0	2226	11	0	2243
3477	5	1	12	2134	0	2152
3478	10	3	6	2157	0	2176
3479	6	2	2294	11	0	2313
3480	1	2348	11	3	0	2363
3481	2383	10	3	15	0	2411
3482	11	2	2478	2	0	2493
3483	4	6	2403	1	0	2414
3484	2102	1	13	15	0	2131
3485	10	0	2374	2	0	2386
3486	2	2290	10	1	0	2303
3487	4	2173	3	3	0	2183
3488	4	9	0	2398	0	2411
3489	5	2	1	2365	0	2373
3490	2472	1	0	21	0	2494
3491	2431	2	0	7	0	2440
3492	2440	0	1	11	0	2452
3493	11	1	0	2448	0	2460
3494	2465	0	0	16	0	2481
3495	2392	0	1	20	0	2413
3496	13	2	2438	0	0	2453
3497	7	5	2288	0	0	2300
3498	2	2435	11	1	0	2449
3499	6	7	2	2462	0	2477
3500	2460	2	1	18	0	2481
3501	8	2435	4	3	0	2450
3502	6	8	0	2496	0	2510
3503	2493	2	1	24	0	2520
3504	2468	0	1	15	0	2484
3505	13	2474	2	1	0	2490
3506	2472	10	1	14	0	2497
3507	2502	4	1	16	0	2523
3508	12	0	0	2497	0	2509
3509	2	3	2523	10	0	2538
3510	4	2463	11	3	0	2481
3511	3	2483	4	2	0	2492
3512	2379	9	1	11	0	2400
3513	11	4	1	2358	0	2374
3514	5	1	2406	8	0	2420
3515	0	2391	7	4	0	2402
3516	2383	6	3	16	0	2408
3517	2401	2	1	5	0	2409
3518	12	1	2403	0	0	2416
3519	8	1	7	2305	0	2321
3520	5	1	3	2452	0	2461
3521	1	2	2603	12	0	2618
3522	2631	1	17	19	0	2668
3523	3282	1	7	14	0	3304
3524	67	0	5	3813	0	3885
3525	17	3899	7	79	0	4002
3526	33	84	0	4119	0	4236
3527	6	36	4094	112	0	4248
3528	3997	16	99	58	0	4170
3529	119	8	39	4205	0	4371
3530	44	9	4181	108	0	4342
3531	3984	9	107	66	0	4166
3532	120	3	55	4147	0	4325
3533	76	1	28	4168	0	4273
3534	4097	1	16	159	0	4273
3535	106	4103	15	66	0	4290
3536	4098	100	7	51	0	4256
3537	143	41	5	4050	0	4239
3538	4062	24	2	131	0	4219
3539	143	16	4001	49	0	4209
3540	65	4027	99	33	0	4224
3541	64	103	40	4077	0	4284
3542	4052	46	24	136	0	4258
3543	116	4054	23	56	0	4249
3544	73	106	18	4068	0	4265
3545	4106	47	14	135	0	4302
3546	4022	28	18	86	0	4154
3547	186	20	6	3926	0	4138
3548	88	22	3914	131	0	4155
3549	48	21	3871	75	0	4015
3550	3812	13	133	68	0	4026
3551	122	3824	75	36	0	4057
3552	74	3794	42	30	0	3940
3553	3654	131	37	46	0	3868
3554	127	3815	34	23	0	3999
3555	86	118	28	3776	0	4008
3556	61	74	12	3894	0	4041
3557	3832	48	7	180	0	4067
3558	3797	28	13	102	0	3940
3559	3810	34	7	67	0	3918
3560	181	23	3611	49	0	3864
3561	115	14	99	3653	0	3881
3562	82	16	3672	124	0	3894
3563	64	14	3657	71	0	3806
3564	55	17	3766	47	0	3885
3565	57	14	186	3618	0	3875
3566	41	25	3723	129	0	3918
3567	28	28	3753	78	0	3887
3568	30	22	178	3666	0	3896
3569	3688	14	92	134	0	3928
3570	135	25	3718	77	0	3955
3571	88	19	142	3647	0	3896
3572	69	12	76	3797	0	3954
3573	45	18	3772	184	0	4019
3574	64	15	132	3743	0	3954
3575	45	24	3782	161	0	4012
3576	53	29	142	3687	0	3911
3577	71	22	62	3744	0	3899
3578	42	27	51	3757	0	3877
3579	40	14	45	3767	0	3866
3580	3525	11	56	217	0	3809
3581	3534	19	33	132	0	3718
3582	173	15	3420	93	0	3701
3583	106	3355	130	60	0	3651
3584	71	110	3465	48	0	3694
3585	59	47	3463	54	0	3623
3586	3326	28	189	41	0	3584
3587	134	3403	111	41	0	3689
3588	3455	113	77	46	0	3691
3589	142	3512	77	36	0	3767
3590	3467	135	64	49	0	3715
3591	3568	56	61	45	0	3730
3592	188	52	37	3413	0	3690
3593	106	3452	31	155	0	3744
3594	78	118	37	3509	0	3742
3595	63	58	31	3614	0	3766
3596	45	32	3469	214	0	3760
3597	39	3470	141	133	0	3783
3598	40	121	79	3556	0	3796
3599	3443	58	59	189	0	3749
3600	3630	31	48	110	0	3819
3601	3653	21	65	70	0	3809
3602	184	3530	45	77	0	3836
3603	3651	128	35	78	0	3892
3604	193	3794	41	42	0	4070
3605	122	149	38	3877	0	4186
3606	79	69	3857	158	0	4163
3607	73	58	148	3799	0	4078
3608	45	3776	90	165	0	4076
3609	43	147	54	3826	0	4070
3610	48	64	43	3889	0	4044
3611	36	3824	53	214	0	4127
3612	3862	138	32	116	0	4148
3613	154	90	27	3852	0	4123
3614	83	59	3712	188	0	4042
3615	86	30	144	3752	0	4012
3616	77	31	68	3867	0	4043
3617	55	28	3778	225	0	4086
3618	58	48	140	3640	0	3886
3619	42	3682	74	200	0	3998
3620	48	141	3685	109	0	3983
3621	74	65	3547	77	0	3763
3622	38	3265	178	60	0	3541
3623	27	2825	79	37	0	2968
3624	15	2205	28	27	0	2275
3625	1998	76	57	25	0	2156
3626	1848	38	15	18	0	1919
3627	1856	11	6	25	0	1898
3628	62	20	7	1820	0	1909
3629	28	20	1803	51	0	1902
3630	22	16	41	1813	0	1892
3631	26	7	17	1848	0	1898
3632	1810	9	16	60	0	1895
3633	1822	6	13	35	0	1876
3634	48	1833	9	23	0	1913
3635	1829	42	11	24	0	1906
3636	1850	17	10	18	0	1895
3637	1862	14	5	26	0	1907
3638	66	12	1802	9	0	1889
3639	26	12	1814	11	0	1863
3640	21	11	52	1763	0	1847
3641	10	21	1784	42	0	1857
3642	1710	9	41	28	0	1788
3643	1752	14	19	17	0	1802
3644	58	8	1687	12	0	1765
3645	1667	6	35	16	0	1724
3646	46	1681	19	23	0	1769
3647	1718	42	9	15	0	1784
3648	51	13	8	1686	0	1758
3649	27	10	7	1649	0	1693
3650	16	1670	8	51	0	1745
3651	1670	44	5	21	0	1740
3652	1671	18	4	23	0	1716
3653	53	1657	9	12	0	1731
3654	35	42	5	1580	0	1662
3655	30	17	6	1576	0	1629
3656	17	1556	13	57	0	1643
3657	21	39	8	1574	0	1642
3658	14	24	14	1596	0	1648
3659	1550	15	10	68	0	1643
3660	1572	11	12	33	0	1628
3661	60	16	1540	21	0	1637
3662	1517	15	43	16	0	1591
3663	55	13	1519	19	0	1606
3664	36	11	42	1512	0	1601
3665	24	11	1524	47	0	1606
3666	23	1499	44	31	0	1597
3667	18	40	21	1479	0	1558
3668	20	17	16	1488	0	1541
3669	1472	9	10	60	0	1551
3670	50	15	8	1443	0	1516
3671	34	13	1400	40	0	1487
3672	1381	14	33	29	0	1457
3673	1411	15	16	20	0	1462
3674	1428	11	11	21	0	1471
3675	1427	15	14	14	0	1470
3676	64	10	9	1446	0	1529
3677	33	8	12	1473	0	1526
3678	23	14	8	1555	0	1600
3679	22	5	9	1578	0	1614
3680	1516	7	14	73	0	1610
3681	1565	6	8	29	0	1608
3682	70	6	11	1448	0	1535
3683	29	1468	19	51	0	1567
3684	1478	42	14	33	0	1567
3685	58	19	1450	21	0	1548
3686	30	1466	43	17	0	1556
3687	1385	34	19	23	0	1461
3688	49	1359	9	15	0	1432
3689	27	39	1332	10	0	1408
3690	1339	21	38	14	0	1412
3691	1375	5	18	13	0	1411
3692	61	15	1328	10	0	1414
3693	31	4	39	1321	0	1395
3694	17	6	13	1328	0	1364
3695	20	1299	8	49	0	1376
3696	19	37	7	1320	0	1383
3697	1254	16	8	51	0	1329
3698	44	1263	4	26	0	1337
3699	26	27	8	1198	0	1259
3700	18	16	6	1220	0	1260
3701	19	8	1163	46	0	1236
3702	15	1164	33	20	0	1232
3703	1020	30	24	13	0	1087
3704	30	839	6	12	0	887
3705	12	774	2	6	0	794
3706	766	24	12	11	0	813
3707	25	5	4	745	0	779
3708	13	6	2	771	0	792
3709	743	3	4	28	0	778
3710	28	3	3	756	0	790
3711	13	3	2	781	0	799
3712	753	2	2	36	0	793
3713	26	5	0	763	0	794
3714	9	757	3	28	0	797
3715	751	21	2	19	0	793
3716	23	10	755	10	0	798
3717	14	695	20	8	0	737
3718	9	31	10	685	0	735
3719	7	12	692	21	0	732
3720	10	5	678	5	0	698
3721	6	37	26	589	0	658
3722	600	1	5	26	0	632
3723	20	0	3	587	0	610
3724	6	1	2	602	0	611
3725	2	1	1	606	0	610
3726	5	3	0	602	0	610
3727	4	1	1	604	0	610
3728	3	2	569	21	0	595
3729	1	3	553	8	0	565
3730	5	0	19	559	0	583
3731	0	2	553	17	0	572
3732	1	550	18	7	0	576
3733	2	16	5	538	0	561
3734	3	5	515	16	0	539
3735	480	4	15	11	0	510
3736	15	499	4	5	0	523
3737	4	491	1	4	0	500
3738	3	508	7	3	0	521
3739	4	17	2	496	0	519
3740	495	4	2	17	0	518
3741	16	3	0	494	0	513
3742	487	1	1	19	0	508
3743	16	482	0	6	0	504
3744	478	15	1	6	0	500
3745	18	5	1	475	0	499
3746	9	2	0	483	0	494
3747	1	461	3	17	0	482
3748	5	18	1	463	0	487
3749	2	5	2	477	0	486
3750	1	2	2	474	0	479
3751	454	1	2	21	0	478
3752	446	0	1	11	0	458
3753	20	1	462	4	0	487
3754	459	1	15	8	0	483
3755	20	0	476	4	0	500
3756	5	1	16	478	0	500
3757	2	2	5	492	0	501
3758	4	1	3	493	0	501
3759	0	1	478	20	0	499
3760	2	0	17	473	0	492
3761	1	2	473	20	0	496
3762	2	0	17	476	0	495
3763	466	2	6	21	0	495
3764	15	2	466	8	0	491
3765	448	2	17	5	0	472
3766	17	1	3	465	0	486
3767	454	2	2	20	0	478
3768	16	459	3	6	0	484
3769	5	16	1	469	0	491
3770	1	7	472	18	0	498
3771	7	9	16	448	0	480
3772	2	3	4	469	0	478
3773	2	469	2	20	0	493
3774	1	11	450	3	0	465
3775	3	447	10	2	0	462
3776	389	11	3	5	0	408
3777	8	402	2	2	0	414
3778	337	9	10	1	0	357
3779	339	3	0	1	0	343
3780	340	1	0	3	0	344
3781	8	0	1	332	0	341
3782	2	0	340	5	0	347
3783	2	1	4	328	0	335
3784	1	336	3	4	0	344
3785	0	4	2	342	0	348
3786	324	3	0	8	0	335
3787	5	328	0	1	0	334
3788	4	4	0	309	0	317
3789	3	2	1	307	0	313
3790	315	1	0	8	0	324
3791	6	1	320	3	0	330
3792	4	306	3	2	0	315
3793	3	4	2	283	0	292
3794	2	1	288	4	0	295
3795	2	1	3	273	0	279
3796	1	283	2	5	0	291
3797	1	4	1	287	0	293
3798	2	2	0	279	0	283
3799	1	0	1	268	0	270
3800	1	0	270	7	0	278
3801	287	1	5	2	0	295
3802	5	0	1	316	0	322
3803	352	1	1	7	0	361
3804	370	0	1	3	0	374
3805	377	0	1	1	0	379
3806	369	1	0	1	0	371
3807	381	0	0	1	0	382
3808	12	1	1	371	0	385
3809	3	376	0	6	0	385
3810	0	4	1	365	0	370
3811	0	362	0	6	0	368
3812	0	3	0	360	0	363
3813	351	2	0	7	0	360
3814	5	0	2	349	0	356
3815	2	1	339	4	0	346
3816	327	0	4	3	0	334
3817	4	335	1	0	0	340
3818	337	3	0	1	0	341
3819	334	1	0	1	0	336
3820	317	0	0	3	0	320
3821	5	324	0	0	0	329
3822	2	3	0	324	0	329
3823	1	2	0	329	0	332
3824	1	0	324	5	0	330
3825	3	1	3	316	0	323
3826	1	0	1	319	0	321
3827	2	1	0	323	0	326
3828	1	330	0	6	0	337
3829	330	3	1	1	0	335
3830	315	1	0	3	0	319
3831	5	1	329	0	0	335
3832	2	348	2	2	0	354
3833	1	3	3	349	0	356
3834	2	2	0	351	0	355
3835	0	2	0	356	0	358
3836	4	0	0	346	0	350
3837	2	0	0	355	0	357
3838	2	1	346	4	0	353
3839	1	1	334	3	0	339
3840	352	1	4	2	0	359
3841	370	0	1	4	0	375
3842	375	1	1	2	0	379
3843	11	1	0	365	0	377
3844	1	1	377	5	0	384
3845	376	0	5	5	0	386
3846	390	2	1	3	0	396
3847	6	3	387	1	0	397
3848	393	0	5	7	0	405
3849	5	0	403	3	0	411
3850	3	0	5	407	0	415
3851	2	1	411	7	0	421
3852	395	0	6	3	0	404
3853	399	1	1	3	0	404
3854	405	0	1	1	0	407
3855	398	2	1	4	0	405
3856	7	0	403	2	0	412
3857	1	409	5	2	0	417
3858	407	3	2	3	0	415
3859	412	2	0	3	0	417
3860	7	1	417	2	0	427
3861	2	0	7	407	0	416
3862	6	1	4	412	0	423
3863	3	0	415	9	0	427
3864	396	0	5	6	0	407
3865	418	0	4	2	0	424
3866	11	426	1	1	0	439
3867	459	6	3	3	0	471
3868	451	2	3	2	0	458
3869	457	0	3	2	0	462
3870	449	2	4	1	0	456
3871	10	3	439	4	0	456
3872	437	2	7	0	0	446
3873	14	0	1	416	0	431
3874	6	443	2	6	0	457
3875	8	7	437	4	0	456
3876	4	438	9	1	0	452
3877	12	5	7	405	0	429
3878	3	4	418	2	0	427
3879	393	0	5	3	0	401
3880	8	1	415	1	0	425
3881	421	0	7	2	0	430
3882	6	1	2	413	0	422
3883	4	0	2	417	0	423
3884	2	401	2	8	0	413
3885	3	422	3	1	0	429
3886	6	9	0	435	0	450
3887	439	3	1	6	0	449
3888	444	0	0	3	0	447
3889	441	1	2	1	0	445
3890	13	0	439	0	0	452
3891	422	0	8	2	0	432
3892	10	1	437	0	0	448
3893	5	0	425	0	0	430
3894	428	2	11	1	0	442
3895	448	3	1	3	0	455
3896	9	1	458	0	0	468
3897	5	3	6	440	0	454
3898	1	0	5	465	0	471
3899	458	1	2	9	0	470
3900	445	0	1	3	0	449
3901	9	0	473	0	0	482
3902	4	460	6	1	0	471
3903	1	439	2	2	0	444
3904	431	6	1	2	0	440
3905	14	4	0	414	0	432
3906	2	2	0	419	0	423
3907	2	0	0	418	0	420
3908	408	0	1	7	0	416
3909	10	0	0	412	0	422
3910	413	0	1	9	0	423
3911	422	0	1	0	0	423
3912	9	469	1	0	0	479
3913	1	8	3	546	0	558
3914	1	0	556	9	0	566
3915	550	0	8	1	0	559
3916	565	0	1	1	0	567
3917	570	0	3	1	0	574
3918	8	0	582	2	0	592
3919	3	0	8	588	0	599
3920	589	0	0	13	0	602
3921	584	1	0	0	0	585
3922	596	2	2	1	0	601
3923	8	595	0	1	0	604
3924	2	635	0	0	0	637
3925	2	7	0	648	0	657
3926	1	0	0	651	0	652
3927	0	641	1	10	0	652
3928	642	7	1	3	0	653
3929	10	0	669	2	0	681
3930	5	0	8	669	0	682
3931	7	0	0	675	0	682
3932	4	1	652	8	0	665
3933	623	3	9	2	0	637
3934	666	1	1	3	0	671
3935	9	653	2	2	0	666
3936	661	8	0	1	0	670
3937	12	5	681	0	0	698
3938	678	0	8	2	0	688
3939	8	0	710	1	0	719
3940	684	1	13	5	0	703
3941	733	0	0	5	0	738
3942	738	0	1	2	0	741
3943	738	0	0	2	0	740
3944	9	737	0	1	0	747
3945	759	8	1	0	0	768
3946	768	0	1	3	0	772
3947	9	0	777	0	0	786
3948	767	0	7	1	0	775
3949	10	1	1	804	0	816
3950	2	0	793	8	0	803
3951	785	0	8	6	0	799
3952	13	0	1	805	0	819
3953	834	0	0	9	0	843
3954	917	1	0	5	0	923
3955	10	1	974	1	0	986
3956	975	2	10	2	0	989
3957	988	1	7	4	0	1000
3958	1001	1	0	3	0	1005
3959	1012	1	0	4	0	1017
3960	12	1	2	999	0	1014
3961	5	995	2	19	0	1021
3962	985	9	1	9	0	1004
3963	1039	0	0	4	0	1043
3964	1047	2	4	3	0	1056
3965	14	1	1022	0	0	1037
3966	5	1003	10	6	0	1024
3967	3	10	1	998	0	1012
3968	4	1	1	1020	0	1026
3969	2	5	1027	9	0	1043
3970	4	0	15	1038	0	1057
3971	2	1	1061	12	0	1076
3972	2	0	13	1040	0	1055
3973	9	0	2	1057	0	1068
3974	4	1	1098	12	0	1115
3975	1052	2	15	7	0	1076
3976	1103	4	2	13	0	1122
3977	17	4	1148	2	0	1171
3978	1117	1	15	4	0	1137
3979	1165	0	7	7	0	1179
3980	19	1	1174	3	0	1197
3981	12	0	17	1173	0	1202
3982	8	1	5	1199	0	1213
3983	1189	1	7	18	0	1215
3984	16	1209	3	7	0	1235
3985	1118	11	2	14	0	1145
3986	1220	4	3	1	0	1228
3987	17	1259	4	1	0	1281
3988	1281	11	3	4	0	1299
3989	1285	3	2	3	0	1293
3990	18	1259	3	0	0	1280
3991	14	10	0	1276	0	1300
3992	7	1277	4	14	0	1302
3993	9	13	0	1289	0	1311
3994	6	8	1281	14	0	1309
3995	7	3	1260	4	0	1274
3996	1269	1	12	9	0	1291
3997	1322	4	8	3	0	1337
3998	17	1	1324	3	0	1345
3999	1318	2	13	8	0	1341
4000	1375	2	4	9	0	1390
4001	1336	0	5	13	0	1354
4002	15	1362	6	4	0	1387
4003	9	11	3	1401	0	1424
4004	1373	3	3	19	0	1398
4005	1357	2	4	13	0	1376
4006	18	2	1375	4	0	1399
4007	14	0	13	1355	0	1382
4008	11	1	6	1371	0	1389
4009	11	1357	3	15	0	1386
4010	8	1419	5	6	0	1438
4011	12	17	2	1385	0	1416
4012	7	1392	4	14	0	1417
4013	1361	16	2	9	0	1388
4014	19	1442	1	5	0	1467
4015	1459	20	2	7	0	1488
4016	25	8	1439	1	0	1473
4017	1459	12	17	11	0	1499
4018	1515	4	7	7	0	1533
4019	1519	2	4	9	0	1534
4020	1507	4	4	7	0	1522
4021	31	1491	4	4	0	1530
4022	15	21	3	1499	0	1538
4023	16	9	1	1482	0	1508
4024	5	8	1485	27	0	1525
4025	9	3	20	1462	0	1494
4026	5	3	10	1499	0	1517
4027	1500	1	9	33	0	1543
4028	24	1485	5	15	0	1529
4029	20	17	3	1523	0	1563
4030	15	8	5	1542	0	1570
4031	11	8	7	1561	0	1587
4032	1538	4	2	39	0	1583
4033	28	4	2	1567	0	1601
4034	1549	4	7	37	0	1597
4035	30	5	4	1559	0	1598
4036	22	2	2	1585	0	1611
4037	16	2	1531	33	0	1582
4038	1423	6	21	21	0	1471
4039	30	1527	9	13	0	1579
4040	1553	24	9	8	0	1594
4041	36	8	3	1538	0	1585
4042	14	8	5	1550	0	1577
4043	1553	1	1	41	0	1596
4044	1579	1	4	28	0	1612
4045	39	3	2	1646	0	1690
4046	20	8	1669	27	0	1724
4047	16	6	1692	16	0	1730
4048	6	1794	32	14	0	1846
4049	1823	28	13	8	0	1872
4050	1831	12	7	14	0	1864
4051	50	11	1	1839	0	1901
4052	14	1871	2	37	0	1924
4053	24	27	1	1890	0	1942
4054	20	10	3	1811	0	1844
4055	10	1722	4	45	0	1781
4056	1734	32	7	21	0	1794
4057	46	14	3	1729	0	1792
4058	14	1746	7	32	0	1799
4059	18	1806	6	15	0	1845
4060	1790	34	6	22	0	1852
4061	42	16	1760	12	0	1830
4062	1788	9	32	17	0	1846
4063	49	11	10	1796	0	1866
4064	22	5	11	1788	0	1826
4065	15	1804	7	41	0	1867
4066	16	36	5	1821	0	1878
4067	12	18	1816	43	0	1889
4068	14	1784	30	24	0	1852
4069	9	1844	7	19	0	1879
4070	1795	29	7	19	0	1850
4071	35	1850	5	11	0	1901
4072	23	37	4	1831	0	1895
4073	19	1844	4	32	0	1899
4074	19	35	3	1834	0	1891
4075	15	11	2	1865	0	1893
4076	15	20	1818	42	0	1895
4077	20	7	29	1765	0	1821
4078	23	9	10	1817	0	1859
4079	1786	8	12	48	0	1854
4080	35	9	1805	20	0	1869
4081	24	4	26	1836	0	1890
4082	17	7	1847	41	0	1912
4083	1805	9	35	24	0	1873
4084	33	1886	10	18	0	1947
4085	1963	32	10	26	0	2031
4086	46	17	4	2018	0	2085
4087	27	14	4	2002	0	2047
4088	16	10	1980	55	0	2061
4089	1851	8	33	38	0	1930
4090	42	1999	13	21	0	2075
4091	1997	35	10	24	0	2066
4092	43	20	6	2009	0	2078
4093	21	2052	9	43	0	2125
4094	2048	40	5	39	0	2132
4095	40	2129	12	26	0	2207
4096	29	50	4	2114	0	2197
4097	28	16	6	2128	0	2178
4098	25	11	8	2107	0	2151
4099	15	2042	15	57	0	2129
4100	16	35	9	2080	0	2140
4101	25	19	14	2092	0	2150
4102	2031	13	9	53	0	2106
4103	2048	17	3	32	0	2100
4104	2044	14	3	31	0	2092
4105	55	14	2089	20	0	2178
4106	2096	16	33	29	0	2174
4107	2147	18	14	31	0	2210
4108	2082	12	11	35	0	2140
4109	54	24	2023	25	0	2126
4110	2045	19	27	33	0	2124
4111	53	14	12	2123	0	2202
4112	21	26	2102	47	0	2196
4113	24	2073	33	23	0	2153
4114	28	36	10	1996	0	2070
4115	15	1972	13	45	0	2045
4116	18	2046	6	34	0	2104
4117	1975	36	20	25	0	2056
4118	41	15	7	1991	0	2054
4119	1992	10	11	44	0	2057
4120	46	9	5	2005	0	2065
4121	1998	10	7	44	0	2059
4122	39	9	8	2001	0	2057
4123	1987	15	11	35	0	2048
4124	48	8	1917	15	0	1988
4125	20	13	27	1939	0	1999
4126	17	16	2006	35	0	2074
4127	25	18	1881	19	0	1943
4128	12	11	2015	32	0	2070
4129	17	21	37	1972	0	2047
4130	14	12	2010	43	0	2079
4131	1979	9	25	24	0	2037
4132	35	8	8	2014	0	2065
4133	23	8	2165	37	0	2233
4134	24	11	27	2157	0	2219
4135	17	6	9	2223	0	2255
4136	15	10	2411	39	0	2475
4137	28	7	27	2369	0	2431
4138	17	13	15	2372	0	2417
4139	16	2472	11	41	0	2540
4140	2479	24	13	37	0	2553
4141	2511	6	13	27	0	2557
4142	36	7	2452	25	0	2520
4143	2408	9	26	19	0	2462
4144	35	9	2382	18	0	2444
4145	21	6	2284	17	0	2328
4146	12	5	2321	23	0	2361
4147	25	25	45	2191	0	2286
4148	14	9	2261	32	0	2316
4149	11	12	24	2207	0	2254
4150	14	4	10	2226	0	2254
4151	18	5	4	2248	0	2275
4152	13	3	6	2234	0	2256
4153	2219	6	9	31	0	2265
4154	2207	4	8	22	0	2241
4155	23	2234	12	20	0	2289
4156	14	18	12	2246	0	2290
4157	15	6	2282	25	0	2328
4158	15	2280	33	6	0	2334
4159	4	17	14	2374	0	2409
4160	9	5	2413	33	0	2460
4161	12	4	32	2344	0	2392
4162	2	4	2397	38	0	2441
4163	14	5	2362	14	0	2395
4164	14	4	30	2402	0	2450
4165	10	6	14	2402	0	2432
4166	2431	2	10	43	0	2486
4167	36	2	8	2412	0	2458
4168	2365	3	8	44	0	2420
4169	29	2356	6	18	0	2409
4170	6	2416	16	15	0	2453
4171	16	27	6	2410	0	2459
4172	2398	8	10	45	0	2461
4173	31	2425	5	16	0	2477
4174	10	28	11	2510	0	2559
4175	2527	7	5	38	0	2577
4176	2537	3	12	22	0	2574
4177	2507	4	10	24	0	2545
4178	2502	3	9	22	0	2536
4179	2553	5	7	19	0	2584
4180	35	10	2452	5	0	2502
4181	14	2	2424	13	0	2453
4182	7	2437	32	12	0	2488
4183	8	31	11	2463	0	2513
4184	7	7	2531	31	0	2576
4185	7	10	2469	8	0	2494
4186	17	2	33	2467	0	2519
4187	4	3	2675	34	0	2716
4188	14	3	2671	7	0	2695
4189	3	3473	41	5	0	3522
4190	3486	50	6	13	0	3555
4191	49	3807	9	3	0	3868
4192	18	63	5	3914	0	4000
4193	3932	11	2	78	0	4023
4194	62	4028	7	15	0	4112
4195	24	64	5	3948	0	4041
4196	9	16	4024	69	0	4118
4197	3981	3	65	27	0	4076
4198	4109	7	14	17	0	4147
4199	4134	5	4	23	0	4166
4200	92	2	7	4135	0	4236
4201	21	9	4125	82	0	4237
4202	8	4095	68	18	0	4189
4203	21	60	16	4124	0	4221
4204	4125	13	3	94	0	4235
4205	77	10	4046	16	0	4149
4206	19	3940	77	10	0	4046
4207	11	62	4092	8	0	4173
4208	3964	13	70	17	0	4064
4209	4135	6	16	12	0	4169
4210	4136	7	8	16	0	4167
4211	88	9	4023	9	0	4129
4212	23	3938	73	7	0	4041
4213	29	70	17	3958	0	4074
4214	34	17	7	4043	0	4101
4215	22	5	6	4066	0	4099
4216	10	8	3963	85	0	4066
4217	3833	6	77	32	0	3948
4218	86	4	3944	12	0	4046
4219	3946	7	76	18	0	4047
4220	4050	6	28	23	0	4107
4221	4073	8	19	21	0	4121
4222	4026	10	12	20	0	4068
4223	91	16	3983	16	0	4106
4224	42	4	79	3964	0	4089
4225	18	17	3955	75	0	4065
4226	20	3819	72	34	0	3945
4227	23	3983	33	16	0	4055
4228	3898	95	17	17	0	4027
4229	3842	32	10	39	0	3923
4230	99	3965	23	17	0	4104
4231	3993	85	16	15	0	4109
4232	101	38	3586	35	0	3760
4233	3789	10	65	21	0	3885
4234	93	3864	23	16	0	3996
4235	3925	86	17	29	0	4057
4236	3769	28	18	13	0	3828
4237	116	21	15	3687	0	3839
4238	58	17	10	3742	0	3827
4239	3656	12	22	106	0	3796
4240	114	21	12	3645	0	3792
4241	3643	11	24	103	0	3781
4242	120	28	20	3653	0	3821
4243	3638	12	16	105	0	3771
4244	3665	9	17	33	0	3724
4245	111	3525	30	22	0	3688
4246	46	3617	21	23	0	3707
4247	3516	99	22	26	0	3663
4248	106	3530	18	23	0	3677
4249	51	96	14	3499	0	3660
4250	44	28	26	3573	0	3671
4251	3453	24	21	114	0	3612
4252	92	3445	26	45	0	3608
4253	59	3395	28	31	0	3513
4254	45	3503	24	18	0	3590
4255	53	101	3397	30	0	3581
4256	52	37	3416	12	0	3517
4257	48	34	3431	18	0	3531
4258	59	56	97	3035	0	3247
4259	54	3253	34	69	0	3410
4260	3258	85	19	49	0	3411
4261	94	37	3217	30	0	3378
4262	60	28	3200	25	0	3313
4263	53	16	3257	25	0	3351
4264	62	26	92	3184	0	3364
4265	57	23	37	3239	0	3356
4266	48	25	30	3262	0	3365
4267	3229	21	26	85	0	3361
4268	3227	20	21	36	0	3304
4269	3276	18	16	31	0	3341
4270	121	16	21	3166	0	3324
4271	49	23	3120	81	0	3273
4272	36	36	3162	37	0	3271
4273	48	17	87	3139	0	3291
4274	63	15	37	3146	0	3261
4275	3077	16	21	93	0	3207
4276	98	3033	29	45	0	3205
4277	3076	74	18	30	0	3198
4278	107	3016	20	30	0	3173
4279	76	73	7	3040	0	3196
4280	46	30	3015	85	0	3176
4281	58	22	81	2985	0	3146
4282	3023	23	23	91	0	3160
4283	87	20	2995	45	0	3147
4284	2879	16	69	49	0	3013
4285	99	16	2864	31	0	3010
4286	60	27	2786	20	0	2893
4287	2572	23	71	28	0	2694
4288	92	14	2592	24	0	2722
4289	31	5	1745	12	0	1793
4290	27	1655	90	18	0	1790
4291	1356	32	69	10	0	1467
4292	1296	7	4	8	0	1315
4293	1281	2	6	7	0	1296
4294	25	1	1226	6	0	1258
4295	1167	3	18	5	0	1193
4296	23	1188	3	2	0	1216
4297	1186	21	5	1	0	1213
4298	22	5	1180	2	0	1209
4299	11	17	17	1118	0	1163
4300	4	0	1099	17	0	1120
4301	3	1055	19	2	0	1079
4302	9	14	2	1028	0	1053
4303	6	1	2	1051	0	1060
4304	1066	3	1	15	0	1085
4305	1081	0	2	5	0	1088
4306	1068	0	4	2	0	1074
4307	1064	2	3	4	0	1073
4308	1051	3	1	0	0	1055
4309	15	7	1039	2	0	1063
4310	5	1	16	1038	0	1060
4311	1	1	1093	16	0	1111
4312	4	2	16	1073	0	1095
4313	1084	1	2	17	0	1104
4314	1117	0	2	5	0	1124
4315	1110	1	2	6	0	1119
4316	1116	0	2	3	0	1121
4317	19	2	1157	1	0	1179
4318	5	2	16	1161	0	1184
4319	4	0	1159	17	0	1180
4320	3	1145	18	4	0	1170
4321	0	1148	4	7	0	1159
4322	9	16	4	1115	0	1144
4323	1	3	2	1254	0	1260
4324	6	2	2	1354	0	1364
4325	11	0	2	1447	0	1460
4326	1436	0	0	32	0	1468
4327	25	1427	1	6	0	1459
4328	1391	22	1	10	0	1424
4329	29	3	1	1383	0	1416
4330	9	3	2	1347	0	1361
4331	4	1376	3	21	0	1404
4332	11	19	3	1354	0	1387
4333	1351	4	2	29	0	1386
4334	21	1313	2	7	0	1343
4335	4	1279	1	4	0	1288
4336	1282	18	0	5	0	1305
4337	21	6	2	1275	0	1304
4338	6	1314	3	18	0	1341
4339	11	20	6	1316	0	1353
4340	1323	5	2	24	0	1354
4341	19	4	2	1326	0	1351
4342	5	3	0	1334	0	1342
4343	1317	1	0	26	0	1344
4344	23	4	0	1290	0	1317
4345	7	1312	0	23	0	1342
4346	11	15	1	1319	0	1346
4347	4	1313	3	22	0	1342
4348	4	20	0	1330	0	1354
4349	1311	5	1	26	0	1343
4350	1330	3	1	13	0	1347
4351	24	8	0	1332	0	1364
4352	6	4	1315	23	0	1348
4353	1288	3	14	6	0	1311
4354	17	2	1308	10	0	1337
4355	1301	6	16	12	0	1335
4356	1314	1	6	10	0	1331
4357	28	4	1309	4	0	1345
4358	12	1302	19	3	0	1336
4359	1351	14	4	9	0	1378
4360	1350	7	4	11	0	1372
4361	22	7	1429	4	0	1462
4362	1418	4	15	17	0	1454
4363	1414	0	5	11	0	1430
4364	1438	6	4	11	0	1459
4365	27	3	4	1420	0	1454
4366	22	1	1	1430	0	1454
4367	11	1435	2	23	0	1471
4368	10	18	0	1465	0	1493
4369	9	6	4	1471	0	1490
4370	9	3	1450	28	0	1490
4371	9	8	1366	14	0	1397
4372	1343	2	20	13	0	1378
4373	1414	4	8	11	0	1437
4374	27	1401	8	10	0	1446
4375	19	20	6	1427	0	1472
4376	14	14	1452	21	0	1501
4377	20	9	22	1467	0	1518
4378	9	4	11	1523	0	1547
4379	14	2	6	1567	0	1589
4380	10	1557	4	31	0	1602
4381	13	25	2	1583	0	1623
4382	15	10	1	1616	0	1642
4383	8	8	1585	37	0	1638
4384	6	10	1582	18	0	1616
4385	1515	2	30	19	0	1566
4386	1575	1	11	16	0	1603
4387	42	4	11	1664	0	1721
4388	20	3	6	1645	0	1674
4389	16	2	4	1702	0	1724
4390	11	7	1601	43	0	1662
4391	5	1572	38	24	0	1639
4392	9	33	1550	19	0	1611
4393	1517	12	41	17	0	1587
4394	35	11	1564	7	0	1617
4395	1547	11	36	19	0	1613
4396	1540	2	12	22	0	1576
4397	1586	8	6	10	0	1610
4398	53	2	7	1538	0	1600
4399	20	2	1535	40	0	1597
4400	12	1519	39	18	0	1588
4401	21	34	17	1535	0	1607
4402	23	12	12	1573	0	1620
4403	14	8	1625	43	0	1690
4404	10	1623	30	24	0	1687
4405	1680	30	11	28	0	1749
4406	36	1747	13	11	0	1807
4407	1859	37	18	14	0	1928
4408	62	16	9	1878	0	1965
4409	25	9	1942	36	0	2012
4410	24	1944	38	18	0	2024
4411	1964	39	19	19	0	2041
4412	54	15	1960	12	0	2041
4413	1964	10	49	10	0	2033
4414	1990	9	17	15	0	2031
4415	60	7	1950	18	0	2035
4416	1910	3	52	19	0	1984
4417	1939	8	18	12	0	1977
4418	1903	3	11	14	0	1931
4419	67	1842	8	12	0	1929
4420	1825	43	11	9	0	1888
4421	56	1827	6	7	0	1896
4422	26	44	1808	7	0	1885
4423	15	1777	43	6	0	1841
4424	1587	41	41	10	0	1679
4425	1585	11	7	14	0	1617
4426	1620	7	8	5	0	1640
4427	60	7	7	1550	0	1624
4428	38	4	4	1590	0	1636
4429	1509	10	6	51	0	1576
4430	1593	5	9	19	0	1626
4431	59	7	3	1545	0	1614
4432	19	5	1545	39	0	1608
4433	20	1496	37	12	0	1565
4434	14	1572	12	9	0	1607
4435	27	39	9	1526	0	1601
4436	12	14	1539	38	0	1603
4437	22	8	37	1468	0	1535
4438	6	1506	9	35	0	1556
4439	17	35	10	1504	0	1566
4440	10	19	1513	42	0	1584
4441	23	8	36	1497	0	1564
4442	8	10	1535	50	0	1603
4443	16	4	47	1532	0	1599
4444	9	10	1583	47	0	1649
4445	17	3	1592	15	0	1627
4446	1538	8	45	17	0	1608
4447	1578	4	19	12	0	1613
4448	1579	6	11	17	0	1613
4449	58	1555	11	6	0	1630
4450	26	39	10	1562	0	1637
4451	1520	16	9	46	0	1591
4452	1586	5	9	24	0	1624
4453	1581	4	10	18	0	1613
4454	58	4	1540	8	0	1610
4455	20	1454	43	6	0	1523
4456	26	1573	11	8	0	1618
4457	1529	47	14	9	0	1599
4458	55	9	6	1526	0	1596
4459	1494	16	10	49	0	1569
4460	52	6	1472	13	0	1543
4461	27	14	34	1407	0	1482
4462	31	3	16	1467	0	1517
4463	18	10	11	1420	0	1459
4464	18	1423	9	46	0	1496
4465	1415	39	6	21	0	1481
4466	1433	17	8	12	0	1470
4467	53	1397	6	13	0	1469
4468	27	37	9	1396	0	1469
4469	1408	12	7	40	0	1467
4470	52	14	8	1387	0	1461
4471	1399	5	7	50	0	1461
4472	43	1386	14	17	0	1460
4473	1359	36	8	23	0	1426
4474	49	22	1335	5	0	1411
4475	23	1328	40	9	0	1400
4476	16	39	1312	11	0	1378
4477	28	43	40	1262	0	1373
4478	1232	13	14	40	0	1299
4479	1255	8	5	16	0	1284
4480	1240	8	8	12	0	1268
4481	51	3	9	1210	0	1273
4482	1209	7	6	38	0	1260
4483	51	6	7	1177	0	1241
4484	1174	9	4	39	0	1226
4485	1187	9	14	13	0	1223
4486	44	5	1171	16	0	1236
4487	19	9	1063	3	0	1094
4488	17	7	1051	13	0	1088
4489	21	10	28	998	0	1057
4490	1030	2	13	23	0	1068
4491	24	8	9	1045	0	1086
4492	13	2	6	1089	0	1110
4493	1176	3	6	35	0	1220
4494	1181	4	1	25	0	1211
4495	1192	3	6	12	0	1213
4496	1205	3	7	8	0	1223
4497	35	5	6	1186	0	1232
4498	1175	3	3	28	0	1209
4499	30	1177	7	9	0	1223
4500	1191	23	1	8	0	1223
4501	1179	5	6	13	0	1203
4502	29	5	1136	6	0	1176
4503	1022	3	17	8	0	1050
4504	32	4	1007	2	0	1045
4505	8	2	905	1	0	916
4506	6	15	877	2	0	900
4507	8	41	11	699	0	759
4508	3	2	704	9	0	718
4509	7	12	10	641	0	670
4510	7	0	646	4	0	657
4511	4	0	713	2	0	719
4512	2	0	5	688	0	695
4513	6	0	2	739	0	747
4514	2	1	801	7	0	811
4515	775	1	4	3	0	783
4516	8	0	1	808	0	817
4517	5	0	2	819	0	826
4518	815	0	4	5	0	824
4519	6	0	3	836	0	845
4520	2	1	839	6	0	848
4521	3	0	805	1	0	809
4522	1	0	4	796	0	801
4523	2	0	812	4	0	818
4524	2	841	4	2	0	849
4525	3	2	0	827	0	832
4526	836	0	1	4	0	841
4527	6	0	834	0	0	840
4528	824	0	4	6	0	834
4529	8	0	1	868	0	877
4530	1	1	2	871	0	875
4531	5	0	1	872	0	878
4532	4	1	0	858	0	863
4533	849	0	2	9	0	860
4534	6	949	1	2	0	958
4535	2	9	3	988	0	1002
4536	2	2	3	996	0	1003
4537	1	1	3	998	0	1003
4538	3	0	1	1002	0	1006
4539	991	0	3	12	0	1006
4540	11	982	0	4	0	997
4541	978	7	1	3	0	989
4542	9	943	0	1	0	953
4543	3	960	0	1	0	964
4544	917	10	0	4	0	931
4545	8	2	946	0	0	956
4546	4	0	8	948	0	960
4547	990	0	2	14	0	1006
4548	993	0	1	7	0	1001
4549	881	7	1	13	0	902
4550	1010	2	0	4	0	1016
4551	12	1088	2	1	0	1103
4552	1090	11	0	5	0	1106
4553	1119	3	0	4	0	1126
4554	14	1206	0	2	0	1222
4555	5	18	0	1238	0	1261
4556	3	8	1240	20	0	1271
4557	5	3	20	1226	0	1254
4558	1220	0	7	29	0	1256
4559	19	3	1277	9	0	1308
4560	7	1248	22	6	0	1283
4561	5	18	1287	3	0	1313
4562	6	7	27	1194	0	1234
4563	4	1247	8	21	0	1280
4564	1269	22	5	13	0	1309
4565	22	1281	1	2	0	1306
4566	17	23	1	1265	0	1306
4567	9	9	0	1310	0	1328
4568	1273	4	3	36	0	1316
4569	26	1	2	1274	0	1303
4570	11	1284	2	21	0	1318
4571	1291	20	3	16	0	1330
4572	1307	10	1	10	0	1328
4573	28	1320	3	5	0	1356
4574	1323	20	1	9	0	1353
4575	26	1305	4	1	0	1336
4576	1295	25	0	5	0	1325
4577	25	1306	1	1	0	1333
4578	14	26	0	1254	0	1294
4579	9	8	0	1323	0	1340
4580	1300	6	1	44	0	1351
4581	1336	2	1	19	0	1358
4582	30	1313	4	19	0	1366
4583	13	25	1324	4	0	1366
4584	1366	9	23	9	0	1407
4585	26	4	9	1396	0	1435
4586	9	1384	8	20	0	1421
4587	11	23	2	1412	0	1448
4588	1397	10	0	34	0	1441
4589	1429	6	2	23	0	1460
4590	1454	1	2	10	0	1467
4591	39	6	3	1393	0	1441
4592	16	0	1376	28	0	1420
4593	1254	3	23	16	0	1296
4594	1281	4	8	12	0	1305
4595	1299	2	5	11	0	1317
4596	35	1282	2	1	0	1320
4597	21	23	2	1287	0	1333
4598	11	1315	2	23	0	1351
4599	5	25	3	1317	0	1350
4600	7	12	0	1337	0	1356
4601	9	5	1379	34	0	1427
4602	9	5	29	1473	0	1516
4603	9	3	9	1529	0	1550
4604	1501	1	8	50	0	1560
4605	39	1525	3	22	0	1589
4606	1512	36	1	17	0	1566
4607	1624	14	3	4	0	1645
4608	50	15	3	1582	0	1650
4609	22	1	1621	41	0	1685
4610	12	1564	35	14	0	1625
4611	8	1576	10	11	0	1605
4612	1520	53	9	7	0	1589
4613	37	1573	3	3	0	1616
4614	20	43	0	1490	0	1553
4615	19	9	1	1529	0	1558
4616	3	12	1499	50	0	1564
4617	6	4	1483	23	0	1516
4618	6	1473	50	9	0	1538
4619	15	38	16	1479	0	1548
4620	1485	15	11	40	0	1551
4621	44	10	2	1502	0	1558
4622	15	7	1539	48	0	1609
4623	19	5	35	1520	0	1579
4624	1470	5	14	53	0	1542
4625	1489	5	9	16	0	1519
4626	52	1468	1	18	0	1539
4627	1487	37	2	8	0	1534
4628	44	1484	3	8	0	1539
4629	1479	48	5	7	0	1539
4630	55	19	2	1451	0	1527
4631	18	9	1440	40	0	1507
4632	17	6	1438	15	0	1476
4633	6	1452	47	11	0	1516
4634	17	34	32	1363	0	1446
4635	5	11	10	1423	0	1449
4636	1402	10	2	50	0	1464
4637	1415	5	1	23	0	1444
4638	1429	3	3	18	0	1453
4639	53	4	2	1391	0	1450
4640	26	4	3	1421	0	1454
4641	22	4	3	1428	0	1457
4642	3	7	1403	56	0	1469
4643	11	5	1394	19	0	1429
4644	1377	2	42	17	0	1438
4645	1403	6	18	9	0	1436
4646	42	2	1385	8	0	1437
4647	1343	8	30	11	0	1392
4648	1338	5	11	12	0	1366
4649	48	3	1346	3	0	1400
4650	22	1315	32	5	0	1374
4651	16	46	12	1229	0	1303
4652	5	12	1280	34	0	1331
4653	5	1324	34	16	0	1379
4654	10	30	12	1198	0	1250
4655	1	1242	10	24	0	1277
4656	7	41	1202	9	0	1259
4657	9	7	1241	5	0	1262
4658	7	22	32	1242	0	1303
4659	1245	4	12	34	0	1295
4660	34	4	6	1252	0	1296
4661	1227	3	5	35	0	1270
4662	39	5	3	1235	0	1282
4663	11	4	1226	36	0	1277
4664	1191	1	27	21	0	1240
4665	29	5	1208	6	0	1248
4666	1210	3	34	6	0	1253
4667	35	7	7	1187	0	1236
4668	13	1204	10	30	0	1257
4669	11	27	5	1213	0	1256
4670	7	1255	6	34	0	1302
4671	10	30	5	1190	0	1235
4672	3	1254	7	38	0	1302
4673	1232	33	3	20	0	1288
4674	1249	12	4	8	0	1273
4675	1253	12	6	11	0	1282
4676	43	4	1219	9	0	1275
4677	18	4	30	1222	0	1274
4678	12	2	1244	32	0	1290
4679	9	1177	38	11	0	1235
4680	8	1240	13	12	0	1273
4681	1186	33	9	10	0	1238
4682	34	9	1176	7	0	1226
4683	8	1161	33	8	0	1210
4684	16	34	7	1160	0	1217
4685	1125	9	11	35	0	1180
4686	33	1158	9	11	0	1211
4687	1164	36	6	14	0	1220
4688	32	13	1199	11	0	1255
4689	20	10	31	1216	0	1277
4690	16	10	6	1260	0	1292
4691	10	5	10	1292	0	1317
4692	8	1279	4	40	0	1331
4693	16	30	7	1245	0	1298
4694	15	7	1334	38	0	1394
4695	15	14	35	1326	0	1390
4696	16	6	9	1366	0	1397
4697	13	5	14	1337	0	1369
4698	11	1291	7	43	0	1352
4699	7	32	9	1312	0	1360
4700	15	9	4	1314	0	1342
4701	9	1208	5	43	0	1265
4702	1097	22	6	14	0	1139
4703	22	1098	6	13	0	1139
4704	7	1095	0	19	0	1121
4705	22	28	9	1066	0	1125
4706	11	10	1070	24	0	1115
4707	956	11	18	12	0	997
4708	18	7	7	1020	0	1052
4709	6	3	984	22	0	1015
4710	3	1001	21	11	0	1036
4711	14	17	6	998	0	1035
4712	5	8	1047	22	0	1082
4713	6	8	20	993	0	1027
4714	9	3	8	1022	0	1042
4715	1007	5	7	25	0	1044
4716	20	1001	5	11	0	1037
4717	996	15	3	17	0	1031
4718	21	8	1024	6	0	1059
4719	8	1019	14	9	0	1050
4720	7	16	1022	3	0	1048
4721	9	9	21	1024	0	1063
4722	1001	6	7	21	0	1035
4723	20	5	7	995	0	1027
4724	1002	5	4	24	0	1035
4725	1019	8	1	12	0	1040
4726	21	0	3	1022	0	1046
4727	9	5	1086	18	0	1118
4728	12	4	1092	10	0	1118
4729	9	4	19	1124	0	1156
4730	8	3	7	1134	0	1152
4731	1143	4	6	27	0	1180
4732	19	1	7	1147	0	1174
4733	6	1137	7	21	0	1171
4734	11	17	1	1146	0	1175
4735	11	4	4	1141	0	1160
4736	1106	10	4	25	0	1145
4737	21	1134	4	9	0	1168
4738	9	16	4	1175	0	1204
4739	9	6	5	1188	0	1208
4740	5	1166	6	26	0	1203
4741	5	20	2	1180	0	1207
4742	7	8	3	1168	0	1186
4743	1	1159	4	28	0	1192
4744	9	20	3	1177	0	1209
4745	8	7	2	1167	0	1184
4746	6	1139	1	30	0	1176
4747	3	20	3	1149	0	1175
4748	1138	9	3	32	0	1182
4749	1160	6	1	16	0	1183
4750	1132	6	0	18	0	1156
4751	1149	5	4	10	0	1168
4752	28	1117	3	7	0	1155
4753	1020	13	1	8	0	1042
4754	17	1002	0	10	0	1029
4755	7	1013	3	5	0	1028
4756	18	22	1	998	0	1039
4757	6	8	1014	12	0	1040
4758	940	4	9	10	0	963
4759	981	4	3	7	0	995
4760	16	2	1022	3	0	1043
4761	1013	3	10	7	0	1033
4762	1043	1	4	2	0	1050
4763	16	1008	6	2	0	1032
4764	1124	9	2	8	0	1143
4765	17	5	1	1123	0	1146
4766	10	6	0	1115	0	1131
4767	9	3	3	1127	0	1142
4768	4	5	1	1127	0	1137
4769	1125	1	2	18	0	1146
4770	11	2	2	1103	0	1118
4771	6	1	2	1105	0	1114
4772	7	2	1091	16	0	1116
4773	974	0	9	16	0	999
4774	1089	2	4	8	0	1103
4775	1085	1	5	6	0	1097
4776	18	1074	3	5	0	1100
4777	8	1081	3	2	0	1094
4778	1082	11	1	6	0	1100
4779	12	8	1	1068	0	1089
4780	7	1093	1	12	0	1113
4781	7	10	1	1092	0	1110
4782	1	1087	0	17	0	1105
4783	1081	12	1	13	0	1107
4784	12	1111	1	11	0	1135
4785	6	17	1	1120	0	1144
4786	5	7	2	1127	0	1141
4787	8	6	1132	16	0	1162
4788	4	1121	12	12	0	1149
4789	10	13	4	1173	0	1200
4790	2	7	1201	13	0	1223
4791	3	7	1212	9	0	1231
4792	7	16	26	1201	0	1250
4793	6	3	7	1214	0	1230
4794	1	1153	4	23	0	1181
4795	2	1203	4	13	0	1222
4796	5	26	1	1201	0	1233
4797	1203	12	2	18	0	1235
4798	17	8	1	1255	0	1281
4799	1317	5	0	22	0	1344
4800	1339	3	2	20	0	1364
4801	1357	3	1	10	0	1371
4802	33	2	1361	4	0	1400
4803	1373	3	15	6	0	1397
4804	27	1	9	1372	0	1409
4805	19	2	9	1379	0	1409
4806	10	2	1379	28	0	1419
4807	5	3	1356	17	0	1381
4808	3	3	21	1352	0	1379
4809	6	1313	15	22	0	1356
4810	4	1371	13	13	0	1401
4811	11	24	4	1365	0	1404
4812	1332	16	3	21	0	1372
4813	29	8	3	1341	0	1381
4814	13	6	2	1342	0	1363
4815	15	1344	0	25	0	1384
4816	12	16	2	1363	0	1393
4817	6	11	1374	34	0	1425
4818	8	9	1342	13	0	1372
4819	1297	3	23	22	0	1345
4820	15	1362	14	10	0	1401
4821	1364	17	13	11	0	1405
4822	1378	12	4	7	0	1401
4823	26	10	4	1327	0	1367
4824	18	1374	2	22	0	1416
4825	14	20	6	1386	0	1426
4826	1388	12	0	30	0	1430
4827	19	1345	5	15	0	1384
4828	1322	19	2	19	0	1362
4829	26	1344	4	6	0	1380
4830	1334	21	4	12	0	1371
4831	1368	13	1	10	0	1392
4832	27	1350	3	4	0	1384
4833	22	19	1	1332	0	1374
4834	1346	11	1	23	0	1381
4835	21	12	1304	11	0	1348
4836	11	7	1313	11	0	1342
4837	17	13	23	1285	0	1338
4838	1304	1	14	20	0	1339
4839	16	4	10	1302	0	1332
4840	1298	3	6	26	0	1333
4841	25	4	1349	15	0	1393
4842	1354	3	15	17	0	1389
4843	1418	4	7	16	0	1445
4844	30	4	8	1405	0	1447
4845	17	4	4	1415	0	1440
4846	21	12	2	1402	0	1437
4847	8	1414	7	28	0	1457
4848	13	16	5	1412	0	1446
4849	7	9	3	1435	0	1454
4850	1419	12	0	30	0	1461
4851	1408	4	3	24	0	1439
4852	22	2	1379	15	0	1418
4853	1362	1	17	9	0	1389
4854	25	4	1386	4	0	1419
4855	1301	2	21	11	0	1335
4856	28	5	1349	4	0	1386
4857	12	5	1335	6	0	1358
4858	13	16	20	1298	0	1347
4859	11	4	1331	15	0	1361
4860	1291	1	20	23	0	1335
4861	18	4	9	1353	0	1384
4862	1370	4	11	25	0	1410
4863	1391	2	4	19	0	1416
4864	1307	1	7	15	0	1330
4865	1296	3	4	8	0	1311
4866	30	4	1306	3	0	1343
4867	25	4	9	1296	0	1334
4868	18	4	1323	14	0	1359
4869	11	2	18	1311	0	1342
4870	1311	1	11	28	0	1351
4871	17	5	11	1336	0	1369
4872	1342	1	5	25	0	1373
4873	23	3	3	1350	0	1379
4874	17	4	3	1357	0	1381
4875	1356	1	4	29	0	1390
4876	22	1348	3	15	0	1388
4877	1357	10	1	17	0	1385
4878	22	1346	4	9	0	1381
4879	12	21	0	1388	0	1421
4880	1370	6	5	21	0	1402
4881	22	9	1381	9	0	1421
4882	12	1	18	1399	0	1430
4883	1398	1	7	20	0	1426
4884	1391	3	7	16	0	1417
4885	29	2	1	1383	0	1415
4886	17	1391	4	26	0	1438
4887	17	1424	6	11	0	1458
4888	15	42	7	1335	0	1399
4889	1343	10	4	16	0	1373
4890	18	1286	1	11	0	1316
4891	5	1204	2	11	0	1222
4892	1178	10	0	7	0	1195
4893	12	1181	3	6	0	1202
4894	1203	16	0	9	0	1228
4895	16	8	1	1204	0	1229
4896	14	6	0	1201	0	1221
4897	4	1194	2	14	0	1214
4898	6	1169	2	6	0	1183
4899	1088	15	3	7	0	1113
4900	10	1184	1	4	0	1199
4901	5	1303	2	1	0	1311
4902	7	24	1	1311	0	1343
4903	1325	12	0	24	0	1361
4904	23	5	1360	12	0	1400
4905	1373	3	21	4	0	1401
4906	27	3	11	1499	0	1540
4907	17	2	1541	26	0	1586
4908	4	3	1561	15	0	1583
4909	8	1	39	1557	0	1605
4910	4	3	1605	32	0	1644
4911	1582	3	37	25	0	1647
4912	1635	2	22	8	0	1667
4913	52	3	1623	6	0	1684
4914	25	4	38	1617	0	1684
4915	11	2	22	1613	0	1648
4916	1616	0	8	51	0	1675
4917	38	2	11	1564	0	1615
4918	19	1565	9	38	0	1631
4919	1589	32	6	26	0	1653
4920	47	1565	6	7	0	1625
4921	28	1619	5	7	0	1659
4922	13	53	5	1594	0	1665
4923	12	17	3	1641	0	1673
4924	13	6	3	1626	0	1648
4925	9	12	1571	56	0	1648
4926	1485	3	36	35	0	1559
4927	37	1544	19	15	0	1615
4928	1571	33	7	16	0	1627
4929	1574	24	8	12	0	1618
4930	63	11	3	1546	0	1623
4931	21	1518	7	42	0	1588
4932	16	37	4	1574	0	1631
4933	17	17	3	1604	0	1641
4934	1607	9	8	64	0	1688
4935	1608	10	2	35	0	1655
4936	57	16	1535	15	0	1623
4937	1600	5	30	17	0	1652
4938	54	1636	15	9	0	1714
4939	1660	44	4	18	0	1726
4940	49	1727	7	9	0	1792
4941	31	47	3	1653	0	1734
4942	20	23	5	1649	0	1697
4943	21	1670	6	53	0	1750
4944	24	45	6	1701	0	1776
4945	12	26	9	1721	0	1768
4946	17	10	2	1711	0	1740
4947	11	1672	3	70	0	1756
4948	18	55	4	1682	0	1759
4949	14	28	2	1719	0	1763
4950	13	14	3	1722	0	1752
4951	12	15	1643	78	0	1748
4952	1568	15	43	52	0	1678
4953	56	6	1639	30	0	1731
4954	1638	16	44	29	0	1727
4955	55	11	1652	25	0	1743
4956	1640	17	51	22	0	1730
4957	1684	13	27	27	0	1751
4958	71	12	1666	21	0	1770
4959	39	9	52	1660	0	1760
4960	18	7	1604	58	0	1687
4961	1570	14	46	36	0	1666
4962	58	8	1659	22	0	1747
4963	35	8	1625	20	0	1688
4964	1576	7	69	23	0	1675
4965	62	1593	35	19	0	1709
4966	43	45	16	1601	0	1705
4967	1601	26	34	57	0	1718
4968	73	10	13	1624	0	1720
4969	33	8	24	1656	0	1721
4970	1612	11	13	76	0	1712
4971	1637	4	22	34	0	1697
4972	79	10	1570	24	0	1683
4973	35	6	1595	38	0	1674
4974	26	9	75	1582	0	1692
4975	36	9	1619	69	0	1733
4976	23	7	63	1583	0	1676
4977	28	5	37	1609	0	1679
4978	34	11	11	1652	0	1708
4979	1573	12	16	82	0	1683
4980	57	1593	23	47	0	1720
4981	1600	50	10	43	0	1703
4982	1609	24	17	38	0	1688
4983	76	1579	9	35	0	1699
4984	1593	52	14	25	0	1684
4985	64	31	1546	31	0	1672
4986	38	15	49	1496	0	1598
4987	1510	23	19	63	0	1615
4988	62	13	1499	38	0	1612
4989	1484	5	40	27	0	1556
4990	46	1519	22	30	0	1617
4991	1759	42	8	25	0	1834
4992	1773	20	18	23	0	1834
4993	86	1762	18	22	0	1888
4994	1838	65	10	23	0	1936
4995	83	22	17	1836	0	1958
4996	60	11	8	1896	0	1975
4997	1858	25	10	84	0	1977
4998	1855	13	9	39	0	1916
4999	93	1835	12	23	0	1963
5000	38	1797	5	22	0	1862
5001	42	80	5	1560	0	1687
5002	21	1583	11	45	0	1660
5003	21	1632	9	23	0	1685
5004	1536	57	14	25	0	1632
5005	58	1563	5	12	0	1638
5006	1435	43	4	12	0	1494
5007	44	1486	5	5	0	1540
5008	14	42	1475	10	0	1541
5009	12	1493	29	16	0	1550
5010	1441	45	16	12	0	1514
5011	1433	6	7	9	0	1455
5012	37	13	1413	7	0	1470
5013	25	5	31	1367	0	1428
5014	19	12	3	1449	0	1483
5015	4	7	1456	36	0	1503
5016	15	10	30	1416	0	1471
5017	12	6	1447	36	0	1501
5018	10	6	1429	10	0	1455
5019	1395	6	35	15	0	1451
5020	35	1440	12	8	0	1495
5021	1429	34	8	10	0	1481
5022	41	5	16	1431	0	1493
5023	9	11	1452	33	0	1505
5024	19	4	31	1394	0	1448
5025	9	1428	11	31	0	1479
5026	1457	26	11	10	0	1504
5027	1482	12	2	18	0	1514
5028	38	8	3	1473	0	1522
5029	15	4	1458	33	0	1510
5030	1379	3	34	12	0	1428
5031	36	1427	13	12	0	1488
5032	1421	32	14	5	0	1472
5033	47	6	1	1427	0	1481
5034	1399	14	2	31	0	1446
5035	45	3	3	1397	0	1448
5036	7	5	1392	40	0	1444
5037	17	5	1360	8	0	1390
5038	1307	2	29	23	0	1361
5039	34	1388	10	7	0	1439
5040	1341	26	12	12	0	1391
5041	1383	4	1	14	0	1402
5042	28	1374	2	1	0	1405
5043	1323	25	1	7	0	1356
5044	30	11	1457	4	0	1502
5045	10	12	26	1481	0	1529
5046	13	6	5	1490	0	1514
5047	11	3	6	1523	0	1543
5048	6	7	1504	35	0	1552
5049	11	6	1508	10	0	1535
5050	9	8	25	1483	0	1525
5051	7	1475	15	20	0	1517
5052	5	1561	7	4	0	1577
5053	1557	29	2	9	0	1597
5054	1569	14	1	9	0	1593
5055	28	1611	6	2	0	1647
5056	15	23	3	1649	0	1690
5057	14	4	5	1669	0	1692
5058	1664	11	7	38	0	1720
5059	37	1	3	1736	0	1777
5060	11	9	7	1734	0	1761
5061	15	4	7	1749	0	1775
5062	8	3	1681	37	0	1729
5063	7	10	1578	13	0	1608
5064	1678	4	30	25	0	1737
5065	34	1	11	1778	0	1824
5066	10	2	1767	34	0	1813
5067	11	5	1722	11	0	1749
5068	1713	6	33	18	0	1770
5069	33	11	1934	6	0	1984
5070	11	1968	35	2	0	2016
5071	16	36	10	2176	0	2238
5072	9	7	2169	45	0	2230
5073	2174	12	41	22	0	2249
5074	52	10	12	2311	0	2385
5075	17	3	2305	52	0	2377
5076	21	5	48	2302	0	2376
5077	18	2	13	2363	0	2396
5078	2331	3	14	65	0	2413
5079	55	2370	7	24	0	2456
5080	19	47	8	2360	0	2434
5081	2357	10	8	61	0	2436
5082	2402	14	5	22	0	2443
5083	2429	2	2	24	0	2457
5084	2468	4	10	14	0	2496
5085	84	6	10	2390	0	2490
5086	2387	2	5	66	0	2460
5087	2415	5	6	18	0	2444
5088	2307	3	8	29	0	2347
5089	2351	2	6	20	0	2379
5090	70	2235	9	10	0	2324
5091	13	2047	6	3	0	2069
5092	16	42	0	1998	0	2056
5093	4	2015	6	34	0	2059
5094	2007	36	5	16	0	2064
5095	46	11	1	1994	0	2052
5096	1991	4	3	43	0	2041
5097	2035	4	1	15	0	2055
5098	48	1	2	2069	0	2120
5099	22	3	6	2066	0	2097
5100	16	2053	4	41	0	2114
5101	2073	34	2	29	0	2138
5102	42	2073	5	8	0	2128
5103	2093	37	3	14	0	2147
5104	52	11	2	2088	0	2153
5105	21	7	2045	50	0	2123
5106	2034	9	36	18	0	2097
5107	1987	2	9	21	0	2019
5108	46	5	1953	7	0	2011
5109	25	7	1958	3	0	1993
5110	25	2	41	1920	0	1988
5111	2090	2	14	44	0	2150
5112	2171	4	7	19	0	2201
5113	2187	4	2	24	0	2217
5114	2248	2	3	15	0	2268
5115	60	2176	5	5	0	2246
5116	2266	40	1	11	0	2318
5117	55	14	4	2232	0	2305
5118	27	10	6	2280	0	2323
5119	27	2	0	2378	0	2407
5120	19	6	2	2389	0	2416
5121	2341	6	4	63	0	2414
5122	55	4	2	2423	0	2484
5123	20	5	2375	54	0	2454
5124	27	5	43	2448	0	2523
5125	19	3	12	2512	0	2546
5126	21	5	7	2502	0	2535
5127	20	7	4	2515	0	2546
5128	2428	4	1	79	0	2512
5129	62	2404	6	25	0	2497
5130	24	2459	5	14	0	2502
5131	26	61	6	2427	0	2520
5132	2402	21	6	64	0	2493
5133	2470	10	8	28	0	2516
5134	79	4	3	2479	0	2565
5135	25	7	2422	65	0	2519
5136	2435	9	52	37	0	2533
5137	70	8	12	2521	0	2611
5138	28	4	2508	66	0	2606
5139	2380	8	56	39	0	2483
5140	72	2475	17	21	0	2585
5141	2716	56	12	24	0	2808
5142	87	2766	8	15	0	2876
5143	52	78	5	2755	0	2890
5144	37	2781	7	76	0	2901
5145	31	100	4	2845	0	2980
5146	2775	32	6	115	0	2928
5147	92	2783	3	60	0	2938
5148	42	89	2767	27	0	2925
5149	42	50	75	2762	0	2929
5150	20	20	2805	96	0	2941
5151	31	9	94	2754	0	2888
5152	24	14	36	2851	0	2925
5153	16	11	2775	121	0	2923
5154	2527	6	86	84	0	2703
5155	92	10	2758	38	0	2898
5156	48	14	2724	25	0	2811
5157	36	2696	109	36	0	2877
5158	27	88	49	2700	0	2864
5159	33	35	25	2745	0	2838
5160	30	30	14	2684	0	2758
5161	22	11	11	2795	0	2839
5162	17	16	2650	129	0	2812
5163	2488	14	78	82	0	2662
5164	85	10	2653	51	0	2799
5165	54	7	98	2578	0	2737
5166	2588	7	43	103	0	2741
5167	79	2575	31	58	0	2743
5168	49	97	20	2536	0	2702
5169	2420	33	19	97	0	2569
5170	84	2344	12	47	0	2487
5171	37	2254	11	27	0	2329
5172	2191	90	19	22	0	2322
5173	68	2234	7	15	0	2324
5174	2147	78	8	22	0	2255
5175	68	2195	8	15	0	2286
5176	2215	76	7	23	0	2321
5177	2274	34	4	19	0	2331
5178	90	2266	9	11	0	2376
5179	56	62	7	2203	0	2328
5180	23	35	2186	74	0	2318
5181	2134	18	61	41	0	2254
5182	81	11	32	2169	0	2293
5183	36	2105	23	73	0	2237
5184	26	2191	11	43	0	2271
5185	22	81	8	2171	0	2282
5186	2166	42	5	76	0	2289
5187	69	22	2183	43	0	2317
5188	47	11	65	2214	0	2337
5189	35	18	28	2251	0	2332
5190	19	11	12	2302	0	2344
5191	13	13	14	2261	0	2301
5192	16	2152	6	115	0	2289
5193	14	65	3	2222	0	2304
5194	9	37	2148	87	0	2281
5195	13	24	2123	46	0	2206
5196	14	16	2172	25	0	2227
5197	22	17	91	2092	0	2222
5198	2060	14	40	74	0	2188
5199	64	14	2081	41	0	2200
5200	35	11	2107	31	0	2184
5201	36	4	91	2041	0	2172
5202	2046	11	45	81	0	2183
5203	66	2053	29	40	0	2188
5204	2072	66	13	32	0	2183
5205	81	32	16	2041	0	2170
5206	44	21	2056	70	0	2191
5207	31	21	68	2022	0	2142
5208	14	2053	35	87	0	2189
5209	2125	64	21	52	0	2262
5210	70	40	2120	37	0	2267
5211	33	2068	71	22	0	2194
5212	2041	75	35	30	0	2181
5213	79	39	24	2014	0	2156
5214	48	24	22	2061	0	2155
5215	2034	9	22	98	0	2163
5216	2060	10	16	57	0	2143
5217	2148	8	12	38	0	2206
5218	129	13	13	2009	0	2164
5219	58	1963	10	81	0	2112
5220	1990	64	11	49	0	2114
5221	82	1992	17	37	0	2128
5222	1901	85	10	17	0	2013
5223	92	1883	9	18	0	2002
5224	48	82	13	1799	0	1942
5225	1822	33	7	74	0	1936
5226	1846	29	7	37	0	1919
5227	1886	16	6	34	0	1942
5228	1908	11	5	30	0	1954
5229	1914	4	7	19	0	1944
5230	107	12	1792	15	0	1926
5231	69	9	56	1775	0	1909
5232	43	9	1804	65	0	1921
5233	28	10	1807	39	0	1884
5234	1778	8	85	31	0	1902
5235	1831	15	48	13	0	1907
5236	1836	11	26	24	0	1897
5237	114	11	12	1729	0	1866
5238	1745	15	8	67	0	1835
5239	95	1676	5	33	0	1809
5240	47	1751	10	34	0	1842
5241	26	1559	3	8	0	1596
5242	1412	53	18	22	0	1505
5243	50	1467	5	6	0	1528
5244	1404	37	13	5	0	1459
5245	1403	11	0	5	0	1419
5246	48	12	1359	5	0	1424
5247	34	1	32	1346	0	1413
5248	20	7	12	1428	0	1467
5249	1432	2	10	48	0	1492
5250	1444	2	5	24	0	1475
5251	52	6	9	1410	0	1477
5252	28	6	1394	37	0	1465
5253	22	8	1396	18	0	1444
5254	27	2	41	1421	0	1491
5255	20	7	14	1414	0	1455
5256	19	3	7	1451	0	1480
5257	1396	11	6	48	0	1461
5258	1405	3	5	27	0	1440
5259	52	1388	4	14	0	1458
5260	37	36	3	1389	0	1465
5261	28	15	2	1408	0	1453
5262	28	1390	6	43	0	1467
5263	27	42	4	1399	0	1472
5264	1401	16	11	48	0	1476
5265	49	14	6	1410	0	1479
5266	29	7	7	1435	0	1478
5267	1393	8	5	51	0	1457
5268	1406	6	4	21	0	1437
5269	1428	6	3	20	0	1457
5270	75	3	8	1364	0	1450
5271	26	11	1340	43	0	1420
5272	20	3	1340	22	0	1385
5273	10	11	1315	22	0	1358
5274	18	1262	48	12	0	1340
5275	1224	43	19	8	0	1294
5276	53	10	1187	3	0	1253
5277	1142	14	33	10	0	1199
5278	52	3	14	1129	0	1198
5279	1108	6	12	47	0	1173
5280	1203	4	6	19	0	1232
5281	43	1171	4	20	0	1238
5282	1202	31	4	10	0	1247
5283	1212	9	2	20	0	1243
5284	44	1175	5	13	0	1237
5285	28	35	5	1189	0	1257
5286	23	13	1196	34	0	1266
5287	16	8	30	1151	0	1205
5288	10	6	12	1190	0	1218
5289	1166	4	9	47	0	1226
5290	43	2	8	1182	0	1235
5291	16	1213	5	42	0	1276
5292	21	34	4	1206	0	1265
5293	16	18	4	1241	0	1279
5294	18	10	1201	49	0	1278
5295	11	1173	32	28	0	1244
5296	7	1218	14	20	0	1259
5297	1163	41	10	24	0	1238
5298	44	1213	9	10	0	1276
5299	18	44	5	1213	0	1280
5300	23	17	1218	39	0	1297
5301	18	1214	31	16	0	1279
5302	1231	38	14	17	0	1300
5303	39	15	10	1220	0	1284
5304	28	10	7	1282	0	1327
5305	14	7	1249	48	0	1318
5306	13	4	35	1225	0	1277
5307	20	7	12	1262	0	1301
5308	1218	8	10	48	0	1284
5309	1143	6	6	27	0	1182
5310	40	1118	5	23	0	1186
5311	1024	21	5	22	0	1072
5312	32	989	10	8	0	1039
5313	14	29	3	926	0	972
5314	14	958	6	24	0	1002
5315	11	980	3	15	0	1009
5316	940	31	12	27	0	1010
5317	941	13	5	8	0	967
5318	28	914	4	5	0	951
5319	933	22	0	9	0	964
5320	925	6	1	10	0	942
5321	934	8	3	11	0	956
5322	27	5	4	948	0	984
5323	952	2	5	26	0	985
5324	22	10	921	11	0	964
5325	909	2	17	15	0	943
5326	22	2	931	6	0	961
5327	16	8	14	950	0	988
5328	16	2	7	958	0	983
5329	9	2	943	26	0	980
5330	927	5	17	19	0	968
5331	965	3	13	9	0	990
5332	28	5	998	6	0	1037
5333	12	4	17	994	0	1027
5334	15	5	7	993	0	1020
5335	10	2	3	1018	0	1033
5336	992	7	6	32	0	1037
5337	995	2	6	14	0	1017
5338	27	5	3	968	0	1003
5339	14	932	6	17	0	969
5340	7	916	0	8	0	931
5341	867	19	6	6	0	898
5342	14	868	3	8	0	893
5343	10	846	4	8	0	868
5344	5	17	1	786	0	809
5345	6	5	810	12	0	833
5346	2	803	11	6	0	822
5347	3	14	9	785	0	811
5348	12	795	1	13	0	821
5349	9	6	7	776	0	798
5350	760	5	2	13	0	780
5351	12	767	1	9	0	789
5352	781	9	4	8	0	802
5353	752	6	1	10	0	769
5354	15	0	754	3	0	772
5355	732	3	9	4	0	748
5356	11	4	3	771	0	789
5357	6	2	782	7	0	797
5358	2	763	9	6	0	780
5359	4	14	7	758	0	783
5360	4	5	3	769	0	781
5361	763	3	3	11	0	780
5362	8	3	1	769	0	781
5363	8	2	1	766	0	777
5364	759	4	2	14	0	779
5365	8	763	1	5	0	777
5366	758	6	2	2	0	768
5367	5	8	735	6	0	754
5368	704	2	4	8	0	718
5369	10	2	771	2	0	785
5370	6	781	6	3	0	796
5371	776	9	3	6	0	794
5372	759	4	1	5	0	769
5373	11	2	790	0	0	803
5374	5	4	769	3	0	781
5375	5	2	792	0	0	799
5376	3	824	10	2	0	839
5377	4	7	6	877	0	894
5378	6	7	960	8	0	981
5379	1	3	919	7	0	930
5380	9	1	15	936	0	961
5381	4	0	978	13	0	995
5382	967	2	14	10	0	993
5383	1133	2	5	7	0	1147
5384	27	1	1121	3	0	1152
5385	19	1137	24	3	0	1183
5386	13	19	17	1119	0	1168
5387	4	12	1151	21	0	1188
5388	4	1162	21	17	0	1204
5389	17	19	18	1147	0	1201
5390	1134	16	6	21	0	1177
5391	1149	4	3	22	0	1178
5392	35	1150	4	6	0	1195
5393	19	20	3	1146	0	1188
5394	7	15	0	1165	0	1187
5395	7	5	3	1159	0	1174
5396	10	2	3	1157	0	1172
5397	1	4	1142	38	0	1185
5398	9	2	18	1154	0	1183
5399	2	1	1136	26	0	1165
5400	3	1093	25	17	0	1138
5401	1088	19	16	9	0	1132
5402	18	1134	8	4	0	1164
5403	19	23	2	1127	0	1171
5404	9	13	3	1125	0	1150
5405	1110	8	2	38	0	1158
5406	21	1	2	1125	0	1149
5407	13	1098	5	22	0	1138
5408	7	19	1	1138	0	1165
5409	4	12	3	1135	0	1154
5410	1111	7	1	33	0	1152
5411	20	2	1126	23	0	1171
5412	15	1122	16	8	0	1161
5413	7	1147	15	4	0	1173
5414	5	26	2	1110	0	1143
5415	1092	18	2	23	0	1135
5416	15	1088	5	18	0	1126
5417	20	17	2	1103	0	1142
5418	7	17	1093	17	0	1134
5419	6	5	19	1112	0	1142
5420	1102	3	13	27	0	1145
5421	1119	4	5	18	0	1146
5422	32	4	0	1099	0	1135
5423	1142	0	1	18	0	1161
5424	1122	4	2	20	0	1148
5425	31	3	1117	7	0	1158
5426	1090	1	16	8	0	1115
5427	21	1098	15	9	0	1143
5428	1120	16	4	9	0	1149
5429	22	15	1098	2	0	1137
5430	17	5	18	1120	0	1160
5431	1168	1	15	26	0	1210
5432	22	4	1144	16	0	1186
5433	22	1	1139	5	0	1167
5434	8	3	35	1127	0	1173
5435	4	3	1173	25	0	1205
5436	1137	2	26	15	0	1180
5437	24	0	1178	6	0	1208
5438	25	1	28	1184	0	1238
5439	10	2	14	1232	0	1258
5440	1273	1	8	44	0	1326
5441	29	1	1285	22	0	1337
5442	20	0	1359	6	0	1385
5443	15	0	42	1432	0	1489
5444	6	1	1434	28	0	1469
5445	1378	2	38	19	0	1437
5446	33	1	21	1389	0	1444
5447	17	1	1397	33	0	1448
5448	13	0	30	1385	0	1428
5449	11	1	22	1399	0	1433
5450	1396	2	11	51	0	1460
5451	31	1	1405	29	0	1466
5452	1356	1	35	14	0	1406
5453	40	2	1449	4	0	1495
5454	1398	2	41	13	0	1454
5455	1414	3	23	11	0	1451
5456	1415	1	13	13	0	1442
5457	57	1383	6	7	0	1453
5458	1412	30	4	12	0	1458
5459	1420	18	6	13	0	1457
5460	57	6	5	1386	0	1454
5461	32	1	1386	38	0	1457
5462	1344	5	34	30	0	1413
5463	39	0	1462	15	0	1516
5464	30	1	41	1432	0	1504
5465	18	2	24	1493	0	1537
5466	1470	2	17	54	0	1543
5467	39	1487	7	28	0	1561
5468	32	30	6	1470	0	1538
5469	15	21	6	1477	0	1519
5470	10	12	1472	51	0	1545
5471	21	1	32	1468	0	1522
5472	13	5	23	1509	0	1550
5473	8	2	13	1472	0	1495
5474	12	1451	7	50	0	1520
5475	1423	25	7	30	0	1485
5476	1424	16	8	22	0	1470
5477	48	1388	4	20	0	1460
5478	1299	23	5	16	0	1343
5479	37	17	2	1326	0	1382
5480	23	5	1382	29	0	1439
5481	9	1384	28	25	0	1446
5482	4	1436	20	14	0	1474
5483	1334	20	10	13	0	1377
5484	1410	6	2	12	0	1430
5485	38	5	7	1412	0	1462
5486	22	5	2	1425	0	1454
5487	13	5	7	1420	0	1445
5488	1378	2	1	40	0	1421
5489	38	6	1348	19	0	1411
5490	1370	2	27	16	0	1415
5491	35	4	10	1369	0	1418
5492	15	1	9	1365	0	1390
5493	13	1356	4	36	0	1409
5494	9	28	5	1396	0	1438
5495	17	6	3	1432	0	1458
5496	13	5	1422	37	0	1477
5497	9	1432	27	16	0	1484
5498	1491	31	8	23	0	1553
5499	1462	6	8	19	0	1495
5500	1531	8	5	15	0	1559
5501	1529	7	7	12	0	1555
5502	39	7	1487	7	0	1540
5503	1477	4	27	13	0	1521
5504	37	4	1506	9	0	1556
5505	17	0	26	1494	0	1537
5506	12	1547	15	33	0	1607
5507	12	29	8	1553	0	1602
5508	13	9	6	1576	0	1604
5509	10	5	1552	35	0	1602
5510	1469	5	27	22	0	1523
5511	1505	8	10	15	0	1538
5512	44	1482	7	11	0	1544
5513	20	26	1495	14	0	1555
5514	13	6	30	1498	0	1547
5515	9	9	1529	40	0	1587
5516	13	8	1490	20	0	1531
5517	16	9	33	1505	0	1563
5518	15	6	1502	33	0	1556
5519	18	5	37	1487	0	1547
5520	18	1	1535	39	0	1593
5521	21	2	37	1528	0	1588
5522	1547	5	9	49	0	1610
5523	1538	6	16	21	0	1581
5524	1539	6	6	27	0	1578
5525	1513	5	11	24	0	1553
5526	46	1515	8	19	0	1588
5527	29	28	8	1532	0	1597
5528	20	9	11	1560	0	1600
5529	14	10	1526	48	0	1598
5530	16	2	35	1471	0	1524
5531	12	9	1483	34	0	1538
5532	9	8	1402	20	0	1439
5533	1369	3	32	22	0	1426
5534	30	1476	19	19	0	1544
5535	1493	24	11	20	0	1548
5536	1498	15	9	15	0	1537
5537	36	1555	10	12	0	1613
5538	1556	22	14	20	0	1612
5539	31	12	1594	14	0	1651
5540	17	1560	22	9	0	1608
5541	1548	24	14	12	0	1598
5542	26	13	1474	7	0	1520
5543	1381	11	16	7	0	1415
5544	18	1461	9	5	0	1493
5545	1453	16	5	9	0	1483
5546	1444	6	9	11	0	1470
5547	18	1425	5	7	0	1455
5548	19	1424	5	6	0	1454
5549	8	1477	8	6	0	1499
5550	12	20	5	1477	0	1514
5551	6	9	7	1485	0	1507
5552	1484	8	8	25	0	1525
5553	1449	4	4	17	0	1474
5554	20	6	1443	10	0	1479
5555	15	3	1381	13	0	1412
5556	11	5	1440	9	0	1465
5557	10	4	24	1435	0	1473
5558	9	3	1474	21	0	1507
5559	12	4	25	1446	0	1487
5560	1482	2	8	32	0	1524
5561	22	0	1507	14	0	1543
5562	1462	3	18	14	0	1497
5563	1453	2	8	13	0	1476
5564	22	6	1506	9	0	1543
5565	15	1566	24	6	0	1611
5566	19	15	14	1577	0	1625
5567	9	8	1630	23	0	1670
5568	13	9	23	1601	0	1646
5569	10	2	12	1795	0	1819
5570	1742	5	10	31	0	1788
5571	27	3	9	1746	0	1785
5572	15	5	1742	24	0	1786
5573	20	2	21	1733	0	1776
5574	1743	5	12	27	0	1787
5575	25	1766	8	10	0	1809
5576	1786	23	4	16	0	1829
5577	29	16	7	1767	0	1819
5578	9	9	1780	25	0	1823
5579	14	4	1726	16	0	1760
5580	13	6	1701	9	0	1729
5581	12	1627	30	6	0	1675
5582	1586	20	14	17	0	1637
5583	20	1562	4	5	0	1591
5584	1480	13	3	7	0	1503
5585	14	1492	2	2	0	1510
5586	11	12	2	1487	0	1512
5587	7	8	3	1489	0	1507
5588	8	2	4	1499	0	1513
5589	2	1503	3	11	0	1519
5590	7	11	3	1566	0	1587
5591	8	8	1	1819	0	1836
5592	1932	5	1	40	0	1978
5593	40	4	0	2035	0	2079
5594	12	2	2168	33	0	2215
5595	2103	4	36	16	0	2159
5596	2182	1	9	17	0	2209
5597	47	2186	10	16	0	2259
5598	2163	40	3	12	0	2218
5599	2222	16	0	13	0	2251
5600	59	5	5	2192	0	2261
5601	32	4	6	2203	0	2245
5602	20	2	3	2249	0	2274
5603	2187	3	2	60	0	2252
5604	2207	3	1	28	0	2239
5605	61	7	2171	8	0	2247
5606	2145	2	35	17	0	2199
5607	2190	4	12	9	0	2215
5608	2193	2	9	15	0	2219
5609	61	5	2127	10	0	2203
5610	22	2	2144	11	0	2179
5611	22	3	49	2132	0	2206
5612	16	2	2192	47	0	2257
5613	13	2	51	2128	0	2194
5614	25	2	18	2004	0	2049
5615	14	2172	11	46	0	2243
5616	2193	41	7	26	0	2267
5617	58	17	2215	9	0	2299
5618	2225	10	50	13	0	2298
5619	66	7	19	2273	0	2365
5620	2212	3	13	59	0	2287
5621	59	2173	11	23	0	2266
5622	25	2272	11	17	0	2325
5623	25	57	9	2243	0	2334
5624	31	15	4	2284	0	2334
5625	19	12	2234	67	0	2332
5626	27	6	50	2239	0	2322
5627	2163	5	14	80	0	2262
5628	61	2199	13	26	0	2299
5629	34	47	2214	18	0	2313
5630	32	19	56	2197	0	2304
5631	24	12	2209	54	0	2299
5632	27	10	57	2193	0	2287
5633	18	4	2231	66	0	2319
5634	13	10	2164	28	0	2215
5635	27	3	69	2135	0	2234
5636	2148	10	26	69	0	2253
5637	2112	7	20	29	0	2168
5638	2047	10	16	30	0	2103
5639	72	2021	18	20	0	2131
5640	2035	51	12	21	0	2119
5641	2035	18	13	22	0	2088
5642	73	15	1979	18	0	2085
5643	35	1959	50	21	0	2065
5644	30	55	22	1915	0	2022
5645	1925	20	12	67	0	2024
5646	61	1944	17	27	0	2049
5647	1958	56	11	27	0	2052
5648	1978	17	11	31	0	2037
5649	1947	13	13	28	0	2001
5650	1959	13	18	21	0	2011
5651	85	12	13	1884	0	1994
5652	1888	12	14	64	0	1978
5653	74	11	12	1862	0	1959
5654	35	1847	19	69	0	1970
5655	34	47	16	1890	0	1987
5656	1881	17	17	64	0	1979
5657	72	11	1884	34	0	2001
5658	42	7	58	1886	0	1993
5659	1859	7	26	75	0	1967
5660	69	1849	15	45	0	1978
5661	1868	48	16	24	0	1956
5662	1895	22	16	21	0	1954
5663	81	1850	17	16	0	1964
5664	1826	57	16	22	0	1921
5665	80	17	1712	14	0	1823
5666	40	13	1701	19	0	1773
5667	1659	21	57	20	0	1757
5668	72	15	1638	15	0	1740
5669	36	12	49	1472	0	1569
5670	36	1504	21	48	0	1609
5671	1533	51	9	27	0	1620
5672	69	1518	14	15	0	1616
5673	31	1544	11	20	0	1606
5674	37	55	12	1603	0	1707
5675	29	18	9	1598	0	1654
5676	30	15	11	1597	0	1653
5677	28	11	6	1601	0	1646
5678	19	13	1544	60	0	1636
5679	19	9	47	1539	0	1614
5680	26	8	17	1580	0	1631
5681	1539	9	17	59	0	1624
5682	56	12	13	1550	0	1631
5683	28	9	1509	55	0	1601
5684	1504	12	42	24	0	1582
5685	62	17	18	1504	0	1601
5686	33	11	1562	51	0	1657
5687	35	12	54	1508	0	1609
5688	30	1548	15	45	0	1638
5689	1566	43	15	25	0	1649
5690	67	13	1506	14	0	1600
5691	24	1258	35	6	0	1323
5692	1111	28	19	15	0	1173
5693	24	1019	16	5	0	1064
5694	8	882	11	4	0	905
5695	885	15	3	7	0	910
5696	17	816	6	3	0	842
5697	7	815	2	5	0	829
5698	15	16	5	807	0	843
5699	7	5	793	10	0	815
5700	8	812	6	8	0	834
5701	9	9	2	801	0	821
5702	7	801	0	10	0	818
5703	804	6	2	6	0	818
5704	10	4	785	5	0	804
5705	6	3	7	796	0	812
5706	817	0	4	14	0	835
5707	9	3	4	843	0	859
5708	3	2	830	11	0	846
5709	798	0	9	7	0	814
5710	821	2	4	8	0	835
5711	10	838	2	2	0	852
5712	7	7	2	826	0	842
5713	5	5	2	836	0	848
5714	866	5	1	11	0	883
5715	847	1	4	5	0	857
5716	12	5	848	3	0	868
5717	6	819	6	0	0	831
5718	817	5	2	4	0	828
5719	7	7	4	801	0	819
5720	5	2	822	4	0	833
5721	5	2	781	2	0	790
5722	6	5	4	793	0	808
5723	804	0	1	4	0	809
5724	2	803	0	1	0	806
5725	901	2	0	5	0	908
5726	3	0	0	931	0	934
5727	2	0	1	937	0	940
5728	2	1	0	947	0	950
5729	934	0	0	6	0	940
5730	3	955	1	1	0	960
5731	1	3	1	977	0	982
5732	3	1	0	976	0	980
5733	0	0	1003	6	0	1009
5734	4	0	1	989	0	994
5735	1	1	1015	3	0	1020
5736	1	1012	2	1	0	1016
5737	3	3	1	1045	0	1052
5738	1032	2	1	6	0	1041
5739	3	0	1008	3	0	1014
5740	3	0	3	1021	0	1027
5741	0	1	1022	4	0	1027
5742	964	0	5	5	0	974
5743	2	2	1039	1	0	1044
5744	4	0	2	992	0	998
5745	1024	1	1	5	0	1031
5746	3	961	1	1	0	966
5747	993	2	0	4	0	999
5748	3	961	1	2	0	967
5749	6	2	0	1044	0	1052
5750	1	3	1024	3	0	1031
5751	0	2	1030	2	0	1034
5752	5	1	3	1075	0	1084
5753	1104	1	1	9	0	1115
5754	1069	1	2	5	0	1077
5755	8	6	1	1080	0	1095
5756	1	4	0	1108	0	1113
5757	1073	1	2	7	0	1083
5758	2	1049	3	3	0	1057
5759	3	1103	0	3	0	1109
5760	1143	4	1	5	0	1153
5761	4	5	1158	2	0	1169
5762	5	2	4	1163	0	1174
5763	2	1	1162	5	0	1170
5764	3	1	3	1142	0	1149
5765	0	3	1165	5	0	1173
5766	2	6	1126	3	0	1137
5767	4	1	7	1170	0	1182
5768	1	1132	5	4	0	1142
5769	1196	4	1	4	0	1205
5770	4	1182	1	0	0	1187
5771	5	3	1	1211	0	1220
5772	1209	2	4	6	0	1221
5773	6	1	4	1202	0	1213
5774	1201	0	2	13	0	1216
5775	1203	2	1	5	0	1211
5776	1199	0	1	4	0	1204
5777	6	1160	2	11	0	1179
5778	1220	2	0	6	0	1228
5779	8	2	2	1232	0	1244
5780	1255	4	2	9	0	1270
5781	5	1	0	1299	0	1305
5782	1277	2	1	8	0	1288
5783	1284	3	1	9	0	1297
5784	7	1296	2	3	0	1308
5785	6	3	3	1424	0	1436
5786	4	2	3	1422	0	1431
5787	2	1489	3	12	0	1506
5788	6	18	2	1517	0	1543
5789	1504	6	2	23	0	1535
5790	1544	1	2	18	0	1565
5791	1512	4	0	12	0	1528
5792	20	7	1614	3	0	1644
5793	1641	2	13	19	0	1675
5794	1717	1	8	12	0	1738
5795	1739	0	1	16	0	1756
5796	27	1746	4	5	0	1782
5797	14	17	1	1780	0	1812
5798	12	17	1	1788	0	1818
5799	6	6	3	1798	0	1813
5800	6	4	1761	33	0	1804
5801	11	3	19	1773	0	1806
5802	1804	4	11	33	0	1852
5803	27	5	7	1821	0	1860
5804	25	3	0	1865	0	1893
5805	11	5	1871	31	0	1918
5806	9	1845	22	26	0	1902
5807	1887	19	10	21	0	1937
5808	29	10	7	1900	0	1946
5809	1891	7	3	30	0	1931
5810	34	4	1860	16	0	1914
5811	1790	2	23	17	0	1832
5812	27	1936	11	18	0	1992
5813	19	20	1952	5	0	1996
5814	10	10	1927	9	0	1956
5815	17	12	25	1865	0	1919
5816	7	4	2043	27	0	2081
5817	7	2003	24	23	0	2057
5818	14	21	10	2025	0	2070
5819	12	10	6	2065	0	2093
5820	15	5	1	2080	0	2101
5821	2043	1	4	38	0	2086
5822	25	2037	4	17	0	2083
5823	19	20	5	2095	0	2139
5824	15	8	2	2134	0	2159
5825	2056	8	3	35	0	2102
5826	25	2015	8	27	0	2075
5827	2096	22	2	17	0	2137
5828	2065	11	2	18	0	2096
5829	2063	6	8	12	0	2089
5830	37	4	2053	8	0	2102
5831	21	3	23	2007	0	2054
5832	6	2053	11	31	0	2101
5833	7	2076	9	16	0	2108
5834	11	28	6	2084	0	2129
5835	9	2143	5	24	0	2181
5836	2245	24	4	26	0	2299
5837	26	13	2217	17	0	2273
5838	2171	6	21	9	0	2207
5839	2280	3	12	20	0	2315
5840	40	3	8	2332	0	2383
5841	2337	11	2	27	0	2377
5842	32	2551	3	17	0	2603
5843	2614	23	7	22	0	2666
5844	2626	12	7	19	0	2664
5845	2788	8	8	16	0	2820
5846	43	11	2822	9	0	2885
5847	36	4	2887	12	0	2939
5848	27	11	48	2865	0	2951
5849	15	2836	27	42	0	2920
5850	12	2981	16	21	0	3030
5851	13	55	5	2918	0	2991
5852	2979	27	5	52	0	3063
5853	36	23	5	2970	0	3034
5854	33	5	7	3023	0	3068
5855	3013	8	6	60	0	3087
5856	47	3007	8	34	0	3096
5857	32	36	2982	21	0	3071
5858	28	21	2925	17	0	2991
5859	3016	13	51	15	0	3095
5860	46	8	27	2993	0	3074
5861	29	5	3103	42	0	3179
5862	25	6	34	3054	0	3119
5863	20	8	18	3033	0	3079
5864	14	6	19	3118	0	3157
5865	15	7	4	3074	0	3100
5866	10	3020	6	66	0	3102
5867	12	32	11	3095	0	3150
5868	3071	17	11	53	0	3152
5869	38	3058	8	29	0	3133
5870	3148	33	12	23	0	3216
5871	3151	25	7	29	0	3212
5872	3172	16	5	19	0	3212
5873	59	10	3118	15	0	3202
5874	3110	5	41	24	0	3180
5875	3211	9	19	22	0	3261
5876	3171	12	13	23	0	3219
5877	3214	6	12	25	0	3257
5878	62	3194	8	16	0	3280
5879	3190	40	6	22	0	3258
5880	47	27	3189	11	0	3274
5881	34	19	34	3139	0	3226
5882	25	11	18	3202	0	3256
5883	3232	3	12	67	0	3314
5884	48	3190	5	28	0	3271
5885	3113	35	1	20	0	3169
5886	49	3093	9	7	0	3158
5887	3014	40	4	30	0	3088
5888	3044	12	3	18	0	3077
5889	41	3292	8	4	0	3345
5890	3285	48	1	16	0	3350
5891	3440	16	4	17	0	3477
5892	74	3235	7	9	0	3325
5893	24	3368	4	9	0	3405
5894	3499	50	8	20	0	3577
5895	71	23	2	3616	0	3712
5896	3629	16	2	61	0	3708
5897	3727	4	2	26	0	3759
5898	3778	6	4	30	0	3818
5899	3772	3	1	13	0	3789
5900	102	3634	9	11	0	3756
5901	46	3765	3	5	0	3819
5902	3778	68	3	16	0	3865
5903	72	40	3736	4	0	3852
5904	39	34	58	3647	0	3778
5905	42	8	23	3759	0	3832
5906	3744	10	21	95	0	3870
5907	67	3680	4	48	0	3799
5908	48	58	6	3690	0	3802
5909	32	26	2	3830	0	3890
5910	3782	22	1	97	0	3902
5911	89	8	3	3790	0	3890
5912	3745	12	7	95	0	3859
5913	3767	10	5	52	0	3834
5914	3772	6	2	45	0	3825
5915	127	4	5	3701	0	3837
5916	69	5	5	3720	0	3799
5917	42	7	3919	85	0	4053
5918	23	8	3835	53	0	3919
5919	3893	6	117	39	0	4055
5920	114	8	52	3989	0	4163
5921	43	16	4283	109	0	4451
5922	39	9	4329	46	0	4423
5923	35	3	160	4290	0	4488
5924	24	8	4317	121	0	4470
5925	34	8	136	4271	0	4449
5926	39	9	60	4312	0	4420
5927	25	8	4314	169	0	4516
5928	34	4	138	4304	0	4480
5929	47	8	62	4199	0	4316
5930	37	3	34	4438	0	4512
5931	19	7	4272	225	0	4523
5932	34	9	118	4403	0	4564
5933	4339	9	58	181	0	4587
5934	128	4312	37	91	0	4568
5935	4332	114	17	76	0	4539
5936	150	56	4275	39	0	4520
5937	4310	24	130	37	0	4501
5938	4405	13	77	34	0	4529
5939	4443	13	33	28	0	4517
5940	217	15	19	4226	0	4477
5941	119	12	20	4321	0	4472
5942	65	13	3958	176	0	4212
5943	3771	9	136	109	0	4025
5944	152	3853	67	63	0	4135
5945	66	3690	39	35	0	3830
5946	48	3802	15	40	0	3905
5947	43	159	26	3604	0	3832
5948	3549	72	14	140	0	3775
5949	3600	33	18	81	0	3732
5950	176	24	3480	49	0	3729
5951	102	21	114	3478	0	3715
5952	69	19	53	3536	0	3677
5953	51	20	3461	167	0	3699
5954	39	16	3379	98	0	3532
5955	3310	10	157	77	0	3554
5956	130	3370	81	50	0	3631
5957	3445	106	49	48	0	3648
5958	3523	51	28	51	0	3653
5959	183	34	27	3390	0	3634
5960	101	20	27	3496	0	3644
5961	3368	13	23	174	0	3578
5962	158	20	19	3371	0	3568
5963	103	15	18	3443	0	3579
5964	3392	11	16	190	0	3609
5965	163	11	20	3430	0	3624
5966	3417	9	19	179	0	3624
5967	3483	11	19	105	0	3618
5968	188	10	3324	66	0	3588
5969	3385	13	118	66	0	3582
5970	3396	19	61	55	0	3531
5971	3432	11	49	47	0	3539
5972	203	16	2785	50	0	3054
5973	3209	11	105	48	0	3373
5974	164	3149	54	49	0	3416
5975	3284	100	41	47	0	3472
5976	3338	49	35	53	0	3475
5977	200	27	28	3227	0	3482
5978	109	13	33	3273	0	3428
5979	61	3223	29	192	0	3505
5980	60	108	23	3304	0	3495
5981	71	55	24	3364	0	3514
5982	3256	36	26	198	0	3516
5983	158	14	18	3280	0	3470
5984	108	16	19	3328	0	3471
5985	72	18	23	3320	0	3433
5986	47	3126	33	207	0	3413
5987	3108	108	23	127	0	3366
5988	141	3118	27	89	0	3375
5989	2845	104	16	54	0	3019
5990	153	53	2720	52	0	2978
5991	2579	23	100	54	0	2756
5992	141	27	2564	45	0	2777
5993	95	2446	108	33	0	2682
5994	2271	90	122	39	0	2522
5995	2227	45	27	41	0	2340
5996	143	2084	24	28	0	2279
5997	81	2125	31	20	0	2257
5998	2097	100	21	30	0	2248
5999	2146	46	12	33	0	2237
6000	134	26	15	2070	0	2245
6001	77	15	14	2152	0	2258
6002	54	18	2049	108	0	2229
6003	2040	16	72	61	0	2189
6004	92	22	42	2031	0	2187
6005	81	2078	18	80	0	2257
6006	40	69	16	2077	0	2202
6007	37	40	4	2125	0	2206
6008	32	14	2019	124	0	2189
6009	34	12	69	2037	0	2152
6010	1982	11	37	108	0	2138
6011	76	1946	14	78	0	2114
6012	53	1999	12	39	0	2103
6013	1974	95	13	42	0	2124
6014	2020	45	10	28	0	2103
6015	2034	23	12	27	0	2096
6016	120	1910	17	23	0	2070
6017	58	1707	5	14	0	1784
6018	1828	49	9	16	0	1902
6019	1849	31	9	17	0	1906
6020	78	1762	11	10	0	1861
6021	22	1474	2	4	0	1502
6022	1457	22	1	8	0	1488
6023	28	10	2	1420	0	1460
6024	1438	9	0	28	0	1475
6025	33	2	9	1447	0	1491
6026	12	1475	3	25	0	1515
6027	11	1471	2	8	0	1492
6028	1555	24	4	16	0	1599
6029	1553	10	2	10	0	1575
6030	1592	11	1	8	0	1612
6031	40	1559	4	4	0	1607
6032	10	26	1451	7	0	1494
6033	7	1461	22	3	0	1493
6034	1417	27	10	13	0	1467
6035	1414	4	4	9	0	1431
6036	27	6	1355	3	0	1391
6037	4	1337	22	3	0	1366
6038	15	30	2	1319	0	1366
6039	11	5	1	1311	0	1328
6040	11	1215	2	27	0	1255
6041	3	28	1302	3	0	1336
6042	1308	8	24	9	0	1349
6043	32	3	2	1328	0	1365
6044	1333	2	3	30	0	1368
6045	1358	4	1	3	0	1366
6046	33	3	4	1383	0	1423
6047	13	6	0	1492	0	1511
6048	7	7	1	1521	0	1536
6049	14	5	1	1534	0	1554
6050	1498	5	0	41	0	1544
6051	1515	3	3	11	0	1532
6052	40	5	1522	11	0	1578
6053	23	3	29	1506	0	1561
6054	15	7	8	1554	0	1584
6055	16	3	2	1563	0	1584
6056	7	4	1512	39	0	1562
6057	17	0	28	1503	0	1548
6058	1491	7	6	42	0	1546
6059	37	3	6	1499	0	1545
6060	17	6	1511	33	0	1567
6061	12	4	30	1486	0	1532
6062	7	5	1499	32	0	1543
6063	1514	2	30	21	0	1567
6064	33	2	11	1504	0	1550
6065	1507	6	4	42	0	1559
6066	1498	2	6	19	0	1525
6067	45	5	1	1494	0	1545
6068	1517	3	5	37	0	1562
6069	43	2	3	1494	0	1542
6070	19	1506	5	48	0	1578
6071	1579	31	1	18	0	1629
6072	1587	13	2	10	0	1612
6073	1614	6	2	11	0	1633
6074	46	3	1	1580	0	1630
6075	33	2	2	1585	0	1622
6076	20	3	0	1605	0	1628
6077	11	7	1539	52	0	1609
6078	12	1531	32	27	0	1602
6079	14	24	13	1497	0	1548
6080	13	13	1479	41	0	1546
6081	1471	5	31	21	0	1528
6082	38	9	11	1490	0	1548
6083	18	5	1479	32	0	1534
6084	1483	6	29	30	0	1548
6085	44	3	15	1529	0	1591
6086	20	3	5	1540	0	1568
6087	13	4	16	1563	0	1596
6088	1541	7	5	56	0	1609
6089	1553	2	8	30	0	1593
6090	1542	1	7	22	0	1572
6091	50	1472	6	12	0	1540
6092	25	1551	7	9	0	1592
6093	1551	32	7	15	0	1605
6094	40	10	1534	17	0	1601
6095	30	5	24	1522	0	1581
6096	14	5	20	1556	0	1595
6097	1508	3	6	54	0	1571
6098	1444	2	2	31	0	1479
6099	42	1453	7	20	0	1522
6100	33	25	2	1444	0	1504
6101	12	14	1410	40	0	1476
6102	20	6	1405	21	0	1452
6103	16	4	43	1410	0	1473
6104	17	5	19	1437	0	1478
6105	1403	3	7	56	0	1469
6106	35	2	11	1437	0	1485
6107	1459	5	11	46	0	1521
6108	1432	2	6	36	0	1476
6109	48	4	1436	18	0	1506
6110	1444	4	27	28	0	1503
6111	1476	3	19	17	0	1515
6112	1468	3	13	25	0	1509
6113	49	1438	9	20	0	1516
6114	26	1485	8	19	0	1538
6115	23	49	6	1461	0	1539
6116	17	14	1454	45	0	1530
6117	21	1391	30	22	0	1464
6118	23	35	10	1217	0	1285
6119	13	10	5	1213	0	1241
6120	11	1207	4	33	0	1255
6121	1218	22	3	19	0	1262
6122	1230	11	5	8	0	1254
6123	38	5	1262	9	0	1314
6124	1241	3	18	14	0	1276
6125	26	6	1218	13	0	1263
6126	1141	1	17	13	0	1172
6127	31	3	1151	10	0	1195
6128	18	1077	21	5	0	1121
6129	14	11	8	1042	0	1075
6130	8	10	9	1038	0	1065
6131	1052	3	5	26	0	1086
6132	1045	4	5	22	0	1076
6133	1040	5	4	15	0	1064
6134	27	2	1065	11	0	1105
6135	17	3	13	1076	0	1109
6136	16	1	10	1094	0	1121
6137	1097	1	5	30	0	1133
6138	18	1099	7	18	0	1142
6139	1153	10	4	17	0	1184
6140	21	12	5	1187	0	1225
6141	22	4	3	1208	0	1237
6142	10	4	4	1218	0	1236
6143	10	7	3	1222	0	1242
6144	15	3	3	1220	0	1241
6145	7	1174	6	27	0	1214
6146	4	1175	7	12	0	1198
6147	1	1095	1	9	0	1106
6148	3	12	1	1109	0	1125
6149	4	7	1084	7	0	1102
6150	984	8	8	7	0	1007
6151	14	1100	9	4	0	1127
6152	8	8	3	1094	0	1113
6153	5	3	5	1108	0	1121
6154	1110	3	4	17	0	1134
6155	1120	4	2	5	0	1131
6156	1128	1	2	5	0	1136
6157	15	3	3	1167	0	1188
6158	8	2	1189	12	0	1211
6159	7	0	1227	8	0	1242
6160	9	0	12	1257	0	1278
6161	7	0	1285	16	0	1308
6162	1237	0	14	11	0	1262
6163	17	0	7	1258	0	1282
6164	5	1	1282	15	0	1303
6165	9	2	13	1230	0	1254
6166	7	3	1359	13	0	1382
6167	4	2	1454	10	0	1470
6168	10	9	17	1607	0	1643
6169	4	4	1741	19	0	1768
6170	0	3	1684	16	0	1703
6171	1	1630	35	9	0	1675
6172	6	31	17	1678	0	1732
6173	1767	6	9	39	0	1821
6174	27	4	5	1756	0	1792
6175	10	5	3	1842	0	1860
6176	6	1	1835	33	0	1875
6177	1744	3	21	17	0	1785
6178	25	1	8	1856	0	1890
6179	12	0	9	1887	0	1908
6180	1862	1	6	39	0	1908
6181	24	0	4	1895	0	1923
6182	1908	0	8	43	0	1959
6183	1900	4	3	21	0	1928
6184	1930	1	1	15	0	1947
6185	37	1873	1	7	0	1918
6186	1922	18	2	13	0	1955
6187	30	1911	2	7	0	1950
6188	20	23	5	1923	0	1971
6189	1948	13	3	25	0	1989
6190	30	1948	3	11	0	1992
6191	1951	28	1	18	0	1998
6192	33	1946	2	21	0	2002
6193	1948	30	2	14	0	1994
6194	32	1919	2	5	0	1958
6195	19	1968	1	4	0	1992
6196	13	2082	2	2	0	2099
6197	16	41	0	2038	0	2095
6198	6	2087	2	23	0	2118
6199	6	38	2	2084	0	2130
6200	12	16	2	2103	0	2133
6201	15	8	2	2095	0	2120
6202	11	13	4	2114	0	2142
6203	2078	7	3	53	0	2141
6204	2080	6	0	31	0	2117
6205	41	4	2069	16	0	2130
6206	2148	6	27	17	0	2198
6207	2332	5	10	13	0	2360
6208	2466	6	9	8	0	2489
6209	57	4	2450	6	0	2517
6210	26	11	2479	8	0	2524
6211	2451	5	45	22	0	2523
6212	54	6	2574	13	0	2647
6213	15	2698	54	12	0	2779
6214	27	43	15	2724	0	2809
6215	2822	10	7	66	0	2905
6216	2827	6	11	22	0	2866
6217	2863	12	13	20	0	2908
6218	78	7	4	2867	0	2956
6219	38	5	3	2909	0	2955
6220	26	4	2960	58	0	3048
6221	33	6	46	2957	0	3042
6222	17	4	15	3024	0	3060
6223	2970	5	9	74	0	3058
6224	54	3002	14	23	0	3093
6225	3041	48	3	37	0	3129
6226	62	17	4	3067	0	3150
6227	3061	9	2	57	0	3129
6228	3032	16	5	26	0	3079
6229	2970	5	6	24	0	3005
6230	68	2960	5	21	0	3054
6231	32	3050	5	14	0	3101
6232	34	60	9	3045	0	3148
6233	3062	17	8	68	0	3155
6234	62	16	10	3012	0	3100
6235	38	13	5	3059	0	3115
6236	15	17	3019	74	0	3125
6237	25	15	48	2982	0	3070
6238	18	3	11	2992	0	3024
6239	35	3	5	2976	0	3019
6240	32	4	2935	69	0	3040
6241	21	12	2855	36	0	2924
6242	16	2887	59	29	0	2991
6243	2912	54	19	32	0	3017
6244	67	12	21	2926	0	3026
6245	28	14	2979	65	0	3086
6246	34	11	53	2930	0	3028
6247	39	7	16	3099	0	3161
6248	3067	12	16	84	0	3179
6249	3050	7	11	59	0	3127
6250	72	3036	13	41	0	3162
6251	3045	48	18	33	0	3144
6252	3059	14	17	22	0	3112
6253	85	15	18	3014	0	3132
6254	32	25	3015	55	0	3127
6255	34	3006	50	31	0	3121
6256	3015	54	18	45	0	3132
6257	3079	17	19	40	0	3155
6258	79	3118	12	29	0	3238
6259	49	57	8	3187	0	3301
6260	3309	14	11	99	0	3433
6261	3357	15	13	47	0	3432
6262	97	22	10	3333	0	3462
6263	3360	9	10	118	0	3497
6264	3576	9	9	48	0	3642
6265	3585	13	17	45	0	3660
6266	120	17	3553	34	0	3724
6267	59	3357	74	30	0	3520
6268	47	3402	17	38	0	3504
6269	3286	70	13	36	0	3405
6270	95	3316	12	21	0	3444
6271	30	87	3286	24	0	3427
6272	48	25	71	3316	0	3460
6273	3321	19	9	93	0	3442
6274	118	19	6	3278	0	3421
6275	3293	15	10	100	0	3418
6276	3324	13	13	43	0	3393
6277	3310	17	12	45	0	3384
6278	106	3212	13	35	0	3366
6279	39	3413	11	30	0	3493
6280	3384	88	10	42	0	3524
6281	3365	22	14	45	0	3446
6282	3421	20	17	36	0	3494
6283	114	11	11	3356	0	3492
6284	3330	12	9	103	0	3454
6285	108	3175	11	51	0	3345
6286	45	3335	15	33	0	3428
6287	55	87	13	3288	0	3443
6288	35	27	3247	93	0	3402
6289	44	25	3248	29	0	3346
6290	51	18	80	3239	0	3388
6291	36	23	3260	88	0	3407
6292	52	20	79	3229	0	3380
6293	3275	19	18	91	0	3403
6294	111	22	11	3242	0	3386
6295	3197	13	17	101	0	3328
6296	95	3124	12	38	0	3269
6297	39	74	3137	26	0	3276
6298	52	19	81	3054	0	3206
6299	48	21	17	3175	0	3261
6300	28	25	3161	96	0	3310
6301	56	17	78	3043	0	3194
6302	39	3151	20	86	0	3296
6303	37	80	15	3238	0	3370
6304	53	16	10	3312	0	3391
6305	57	17	14	3396	0	3484
6306	39	14	3308	108	0	3469
6307	33	11	3131	38	0	3213
6308	2819	11	84	33	0	2947
6309	78	12	2861	18	0	2969
6310	22	2848	79	20	0	2969
6311	2844	69	22	19	0	2954
6312	75	2827	20	34	0	2956
6313	2672	68	21	25	0	2786
6314	2720	15	17	20	0	2772
6315	2657	10	13	19	0	2699
6316	2646	5	11	17	0	2679
6317	84	2549	9	11	0	2653
6318	29	2596	8	11	0	2644
6319	2550	74	4	16	0	2644
6320	86	21	2471	14	0	2592
6321	31	16	58	2420	0	2525
6322	29	14	20	2515	0	2578
6323	28	10	2500	61	0	2599
6324	2378	8	61	31	0	2478
6325	2516	9	20	21	0	2566
6326	2495	15	13	22	0	2545
6327	87	2457	13	15	0	2572
6328	2542	66	10	16	0	2634
6329	81	20	11	2453	0	2565
6330	30	2570	15	66	0	2681
6331	2642	63	7	33	0	2745
6332	2688	23	20	16	0	2747
6333	2844	16	13	18	0	2891
6334	123	17	6	2750	0	2896
6335	61	17	8	2777	0	2863
6336	37	2699	8	90	0	2834
6337	31	79	2747	32	0	2889
6338	38	28	69	2720	0	2855
6339	40	18	23	2727	0	2808
6340	40	17	10	2836	0	2903
6341	24	18	2763	100	0	2905
6342	2701	9	77	51	0	2838
6343	100	12	26	2786	0	2924
6344	32	18	2808	92	0	2950
6345	33	13	78	2749	0	2873
6346	2758	10	30	101	0	2899
6347	84	2755	19	42	0	2900
6348	45	80	14	2815	0	2954
6349	26	23	2822	101	0	2972
6350	2700	19	91	46	0	2856
6351	2845	8	29	36	0	2918
6352	110	20	2806	26	0	2962
6353	49	16	84	2663	0	2812
6354	27	2766	31	91	0	2915
6355	2818	79	18	41	0	2956
6356	89	30	2756	28	0	2903
6357	2657	15	81	32	0	2785
6358	100	8	2606	17	0	2731
6359	47	13	2455	22	0	2537
6360	2292	8	98	25	0	2423
6361	63	2376	43	27	0	2509
6362	40	60	2360	17	0	2477
6363	23	2288	64	12	0	2387
6364	22	57	2206	13	0	2298
6365	18	2196	55	23	0	2292
6366	2041	49	24	17	0	2131
6367	50	17	2031	11	0	2109
6368	27	9	1987	13	0	2036
6369	16	6	1887	19	0	1928
6370	1810	13	47	15	0	1885
6371	1881	5	22	8	0	1916
6372	52	5	14	1811	0	1882
6373	25	4	1931	37	0	1997
6374	13	9	1931	22	0	1975
6375	1920	4	48	16	0	1988
6376	43	5	32	1942	0	2022
6377	1949	10	11	43	0	2013
6378	1936	1	13	20	0	1970
6379	55	9	14	1790	0	1868
6380	34	1810	9	39	0	1892
6381	18	37	11	1833	0	1899
6382	19	15	7	1844	0	1885
6383	12	12	1820	46	0	1890
6384	14	1794	40	25	0	1873
6385	13	1852	26	13	0	1904
6386	14	45	10	1807	0	1876
6387	13	17	1818	43	0	1891
6388	9	1798	44	21	0	1872
6389	16	33	1830	13	0	1892
6390	1761	26	41	18	0	1846
6391	1832	7	34	13	0	1886
6392	55	12	1809	7	0	1883
6393	1793	7	40	10	0	1850
6394	41	7	28	1835	0	1911
6395	28	1922	17	40	0	2007
6396	18	37	14	1950	0	2019
6397	1931	20	13	45	0	2009
6398	1969	8	13	23	0	2013
6399	1936	8	14	21	0	1979
6400	1917	7	13	17	0	1954
6401	59	1853	17	11	0	1940
6402	29	1872	10	13	0	1924
6403	1858	41	17	8	0	1924
6404	43	17	1890	14	0	1964
6405	28	37	40	1834	0	1939
6406	17	1924	15	40	0	1996
6407	18	37	11	1909	0	1975
6408	9	1977	16	40	0	2042
6409	16	44	11	1970	0	2041
6410	11	30	1971	43	0	2055
6411	1923	9	38	36	0	2006
6412	1973	13	19	10	0	2015
6413	59	9	1950	9	0	2027
6414	1928	12	46	14	0	2000
6415	1977	9	21	11	0	2018
6416	58	8	1935	4	0	2005
6417	38	10	46	1888	0	1982
6418	1936	4	23	52	0	2015
6419	42	7	1947	15	0	2011
6420	34	8	44	1880	0	1966
6421	19	5	2017	46	0	2087
6422	16	6	1974	17	0	2013
6423	1933	3	55	21	0	2012
6424	2021	7	39	6	0	2073
6425	2016	3	15	11	0	2045
6426	2073	6	7	10	0	2096
6427	70	4	7	2003	0	2084
6428	27	1918	12	44	0	2001
6429	20	1974	8	16	0	2018
6430	17	50	6	1890	0	1963
6431	1907	13	7	41	0	1968
6432	40	1848	7	16	0	1911
6433	12	1766	7	7	0	1792
6434	1746	34	4	6	0	1790
6435	36	13	3	1746	0	1798
6436	1753	6	7	36	0	1802
6437	32	1775	2	12	0	1821
6438	1806	33	4	14	0	1857
6439	36	14	1899	8	0	1957
6440	2101	9	32	9	0	2151
6441	2187	7	12	8	0	2214
6442	2211	4	8	17	0	2240
6443	62	8	2024	10	0	2104
6444	2173	5	37	8	0	2223
6445	46	2163	15	6	0	2230
6446	22	36	2162	6	0	2226
6447	25	19	38	2039	0	2121
6448	24	8	14	1982	0	2028
6449	13	2024	9	53	0	2099
6450	22	35	9	2046	0	2112
6451	16	15	8	2076	0	2115
6452	17	5	2033	51	0	2106
6453	1896	6	48	25	0	1975
6454	51	4	2036	13	0	2104
6455	31	3	52	1990	0	2076
6456	22	0	2030	45	0	2097
6457	21	7	42	2042	0	2112
6458	2093	6	19	53	0	2171
6459	2159	7	12	24	0	2202
6460	63	9	11	2146	0	2229
6461	22	9	2155	60	0	2246
6462	30	9	51	2147	0	2237
6463	17	8	2122	63	0	2210
6464	2084	8	54	31	0	2177
6465	2156	10	20	22	0	2208
6466	2111	13	10	21	0	2155
6467	2123	6	9	20	0	2158
6468	77	2023	12	15	0	2127
6469	37	48	10	2071	0	2166
6470	2052	15	13	52	0	2132
6471	54	2007	13	18	0	2092
6472	34	2072	10	20	0	2136
6473	31	53	1915	14	0	2013
6474	1911	19	44	13	0	1987
6475	1970	14	19	12	0	2015
6476	77	15	1900	12	0	2004
6477	37	10	62	1881	0	1990
6478	41	7	17	1956	0	2021
6479	27	6	1934	64	0	2031
6480	29	17	57	1903	0	2006
6481	1914	9	20	68	0	2011
6482	65	10	1894	28	0	1997
6483	33	9	1953	22	0	2017
6484	1885	5	59	26	0	1975
6485	66	9	1939	16	0	2030
6486	1901	10	60	18	0	1989
6487	63	1927	27	16	0	2033
6488	1964	48	20	25	0	2057
6489	65	13	16	1932	0	2026
6490	42	8	14	1979	0	2043
6491	1957	17	12	65	0	2051
6492	71	8	16	1931	0	2026
6493	1942	9	18	73	0	2042
6494	67	1926	17	34	0	2044
6495	46	44	14	1824	0	1928
6496	41	16	14	1898	0	1969
6497	1851	12	14	67	0	1944
6498	1860	10	11	35	0	1916
6499	1875	9	12	27	0	1923
6500	77	1772	11	23	0	1883
6501	45	1822	10	17	0	1894
6502	1813	51	12	19	0	1895
6503	73	36	1745	12	0	1866
6504	28	1689	47	12	0	1776
6505	1524	40	26	24	0	1614
6506	1461	10	12	10	0	1493
6507	1443	5	10	8	0	1466
6508	51	13	6	1374	0	1444
6509	1407	11	4	43	0	1465
6510	1395	9	9	21	0	1434
6511	51	6	6	1350	0	1413
6512	1371	6	3	44	0	1424
6513	48	7	1324	17	0	1396
6514	27	6	28	1309	0	1370
6515	20	6	17	1331	0	1374
6516	28	4	8	1377	0	1417
6517	1331	6	14	53	0	1404
6518	1388	6	8	22	0	1424
6519	1376	4	8	17	0	1405
6520	1363	4	7	27	0	1401
6521	1280	5	8	12	0	1305
6522	51	5	7	1217	0	1280
6523	45	0	3	1242	0	1290
6524	1209	3	3	39	0	1254
6525	34	1171	8	19	0	1232
6526	1173	29	6	13	0	1221
6527	38	7	1120	21	0	1186
6528	1189	1	25	18	0	1233
6529	1240	11	10	8	0	1269
6530	54	6	1249	10	0	1319
6531	1275	4	36	13	0	1328
6532	55	3	1296	12	0	1366
6533	32	5	1379	7	0	1423
6534	22	8	52	1355	0	1437
6535	26	1	24	1406	0	1457
6536	16	5	1413	49	0	1483
6537	27	5	1427	24	0	1483
6538	13	1366	50	20	0	1449
6539	16	1290	27	11	0	1344
6540	1053	29	17	10	0	1109
6541	29	1102	12	7	0	1150
6542	1070	26	9	8	0	1113
6543	33	1049	3	12	0	1097
6544	1037	27	12	6	0	1082
6545	37	15	1000	1	0	1053
6546	1009	9	32	3	0	1053
6547	30	13	19	990	0	1052
6548	18	1015	9	29	0	1071
6549	15	23	3	1048	0	1089
6550	1042	13	9	24	0	1088
6551	1058	8	14	12	0	1092
6552	38	14	4	1029	0	1085
6553	22	10	1020	25	0	1077
6554	19	5	1016	13	0	1053
6555	10	1038	29	14	0	1091
6556	22	40	17	1001	0	1080
6557	5	24	1013	21	0	1063
6558	10	954	20	16	0	1000
6559	19	21	26	928	0	994
6560	15	8	9	944	0	976
6561	893	8	4	38	0	943
6562	16	9	7	904	0	936
6563	9	5	882	29	0	925
6564	19	7	15	876	0	917
6565	881	1	9	29	0	920
6566	16	1	896	22	0	935
6567	873	5	24	13	0	915
6568	23	890	20	9	0	942
6569	906	24	7	6	0	943
6570	929	10	1	12	0	952
6571	26	4	10	898	0	938
6572	18	9	8	896	0	931
6573	11	880	4	34	0	929
6574	9	17	2	923	0	951
6575	909	9	4	23	0	945
6576	27	9	884	18	0	938
6577	12	5	24	883	0	924
6578	12	876	10	25	0	923
6579	16	20	5	926	0	967
6580	3	11	8	951	0	973
6581	926	8	3	30	0	967
6582	19	910	4	15	0	948
6583	21	17	1	933	0	972
6584	923	9	6	18	0	956
6585	24	8	7	907	0	946
6586	10	3	3	940	0	956
6587	956	15	3	31	0	1005
6588	936	4	1	34	0	975
6589	35	4	929	18	0	986
6590	936	3	26	3	0	968
6591	970	5	13	15	0	1003
6592	985	11	6	11	0	1013
6593	36	930	4	13	0	983
6594	18	935	1	21	0	975
6595	15	24	5	957	0	1001
6596	963	27	5	16	0	1011
6597	976	12	3	20	0	1011
6598	39	2	8	957	0	1006
6599	29	3	984	23	0	1039
6600	979	6	17	22	0	1024
6601	1059	3	10	19	0	1091
6602	36	10	7	1018	0	1071
6603	25	5	8	1044	0	1082
6604	1044	0	5	36	0	1085
6605	39	1	4	1025	0	1069
6606	28	1034	2	25	0	1089
6607	16	25	6	1065	0	1112
6608	1063	19	8	25	0	1115
6609	27	12	1038	22	0	1099
6610	1028	1	18	19	0	1066
6611	35	5	1048	11	0	1099
6612	19	5	21	1051	0	1096
6613	1063	1	20	35	0	1119
6614	33	5	12	1087	0	1137
6615	26	7	5	1098	0	1136
6616	1076	5	2	46	0	1129
6617	22	3	1074	29	0	1128
6618	22	1	1140	15	0	1178
6619	22	2	27	1173	0	1224
6620	6	10	20	1210	0	1246
6621	7	5	6	1247	0	1265
6622	19	3	1252	32	0	1306
6623	1217	2	27	25	0	1271
6624	1297	1	14	18	0	1330
6625	1297	1	16	12	0	1326
6626	1310	4	7	17	0	1338
6627	40	1242	8	12	0	1302
6628	23	1222	1	11	0	1257
6629	10	1257	0	8	0	1275
6630	8	34	1	1127	0	1170
6631	7	5	5	1166	0	1183
6632	7	2	1112	9	0	1130
6633	3	1030	4	5	0	1042
6634	8	3	1	1000	0	1012
6635	975	0	1	8	0	984
6636	2	976	1	7	0	986
6637	8	4	1	972	0	985
6638	1	980	1	4	0	986
6639	1026	4	0	6	0	1036
6640	9	1	0	1018	0	1028
6641	0	1	1019	6	0	1026
6642	3	1	1007	1	0	1012
6643	1	0	5	1042	0	1048
6644	3	1	1	1032	0	1037
6645	3	0	2	1080	0	1085
6646	1060	0	1	14	0	1075
6647	8	0	1063	1	0	1072
6648	3	1052	5	2	0	1062
6649	5	7	2	1043	0	1057
6650	1	2	1056	5	0	1064
6651	1	1070	5	0	0	1076
6652	1	7	0	1098	0	1106
6653	0	1	1113	5	0	1119
6654	1	1	4	1096	0	1102
6655	2	0	0	1111	0	1113
6656	1128	0	1	8	0	1137
6657	1133	0	0	5	0	1138
6658	6	1	0	1132	0	1139
6659	1127	0	0	9	0	1136
6660	7	0	1148	0	0	1155
6661	1	0	6	1154	0	1161
6662	1	0	1195	6	0	1202
6663	0	1	7	1212	0	1220
6664	1	1191	1	8	0	1201
6665	1	1202	2	3	0	1208
6666	0	1205	1	2	0	1208
6667	2	11	0	1226	0	1239
6668	2	2	0	1382	0	1386
6669	0	3	1377	18	0	1398
6670	1	1	1370	3	0	1375
6671	2	2	1435	2	0	1441
6672	1480	0	21	5	0	1506
6673	25	1	3	1567	0	1596
6674	1605	1	2	31	0	1639
6675	26	1710	2	2	0	1740
6676	9	32	0	1735	0	1776
6677	1749	5	1	36	0	1791
6678	36	5	1	1754	0	1796
6679	1723	0	5	41	0	1769
6680	39	0	1748	8	0	1795
6681	8	1749	34	6	0	1797
6682	10	33	6	1788	0	1837
6683	1771	7	3	37	0	1818
6684	1815	5	2	10	0	1832
6685	39	3	1	1804	0	1847
6686	16	1	2	1827	0	1846
6687	1763	0	3	49	0	1815
6688	37	1	6	1751	0	1795
6689	9	3	1737	40	0	1789
6690	7	1721	39	10	0	1777
6691	10	31	6	1764	0	1811
6692	1738	6	7	53	0	1804
6693	1748	7	4	14	0	1773
6694	42	4	1723	11	0	1780
6695	18	1662	36	13	0	1729
6696	17	1754	7	9	0	1787
6697	13	38	5	1745	0	1801
6698	15	17	4	1746	0	1782
6699	8	10	6	1748	0	1772
6700	12	11	5	1767	0	1795
6701	7	1730	4	53	0	1794
6702	20	35	2	1752	0	1809
6703	14	7	5	1793	0	1819
6704	1761	10	3	55	0	1829
6705	1768	8	2	33	0	1811
6706	47	1763	3	20	0	1833
6707	1806	38	4	18	0	1866
6708	1841	7	4	17	0	1869
6709	1841	12	2	18	0	1873
6710	55	6	1774	14	0	1849
6711	28	8	33	1786	0	1855
6712	24	3	7	1860	0	1894
6713	10	10	1821	48	0	1889
6714	18	11	39	1787	0	1855
6715	21	12	10	1702	0	1745
6716	1779	6	6	59	0	1850
6717	46	6	1775	27	0	1854
6718	17	5	37	1713	0	1772
6719	1681	7	16	55	0	1759
6720	37	1687	10	22	0	1756
6721	1657	38	5	37	0	1737
6722	1638	11	3	24	0	1676
6723	52	1595	3	22	0	1672
6724	30	40	4	1624	0	1698
6725	1629	21	3	48	0	1701
6726	51	1602	3	22	0	1678
6727	29	41	6	1628	0	1704
6728	1595	10	4	52	0	1661
6729	1573	11	7	24	0	1615
6730	55	1506	4	34	0	1599
6731	1533	49	2	21	0	1605
6732	55	11	8	1542	0	1616
6733	1547	9	5	56	0	1617
6734	55	4	1521	28	0	1608
6735	28	1	39	1526	0	1594
6736	14	6	19	1547	0	1586
6737	1499	6	8	61	0	1574
6738	52	1461	11	29	0	1553
6739	1453	42	8	19	0	1522
6740	56	1420	7	12	0	1495
6741	25	42	1373	19	0	1459
6742	25	20	1361	11	0	1417
6743	14	20	48	1337	0	1419
6744	20	7	1350	46	0	1423
6745	18	12	39	1356	0	1425
6746	22	10	13	1366	0	1411
6747	20	10	7	1418	0	1455
6748	1394	10	2	58	0	1464
6749	1403	11	4	32	0	1450
6750	1430	9	4	24	0	1467
6751	57	1382	3	19	0	1461
6752	38	1525	7	16	0	1586
6753	18	50	1628	20	0	1716
6754	22	22	45	1652	0	1741
6755	13	19	1642	65	0	1739
6756	27	14	52	1631	0	1724
6757	26	12	24	1662	0	1724
6758	32	8	21	1677	0	1738
6759	12	14	1600	84	0	1710
6760	20	10	59	1613	0	1702
6761	1583	10	31	78	0	1702
6762	56	1529	18	53	0	1656
6763	34	45	19	1536	0	1634
6764	1530	21	14	76	0	1641
6765	1553	13	15	45	0	1626
6766	71	11	10	1520	0	1612
6767	60	5	9	1469	0	1543
6768	1344	7	3	70	0	1424
6769	62	4	7	1323	0	1396
6770	1262	3	5	57	0	1327
6771	55	7	2	1202	0	1266
6772	34	3	1105	51	0	1193
6773	20	1027	23	38	0	1108
6774	17	1067	19	31	0	1134
6775	34	21	8	969	0	1032
6776	20	14	8	991	0	1033
6777	947	11	4	49	0	1011
6778	25	10	4	961	0	1000
6779	18	9	4	973	0	1004
6780	12	6	5	899	0	922
6781	7	857	2	46	0	912
6782	15	15	0	903	0	933
6783	10	11	5	900	0	926
6784	9	5	2	896	0	912
6785	830	7	2	51	0	890
6786	18	842	4	36	0	900
6787	19	20	2	882	0	923
6788	12	15	1	893	0	921
6789	10	10	1	901	0	922
6790	851	7	3	47	0	908
6791	27	6	2	870	0	905
6792	16	6	1	877	0	900
6793	8	10	788	50	0	856
6794	7	769	16	34	0	826
6795	11	15	8	826	0	860
6796	789	8	11	36	0	844
6797	18	807	4	29	0	858
6798	798	19	8	19	0	844
6799	807	15	4	12	0	838
6800	32	12	2	791	0	837
6801	27	9	2	775	0	813
6802	17	7	763	35	0	822
6803	13	6	19	794	0	832
6804	17	4	798	31	0	850
6805	11	4	19	814	0	848
6806	742	1	13	41	0	797
6807	22	755	12	28	0	817
6808	13	18	11	817	0	859
6809	9	10	9	842	0	870
6810	16	8	10	830	0	864
6811	11	10	3	833	0	857
6812	786	7	3	50	0	846
6813	23	787	2	38	0	850
6814	14	19	5	843	0	881
6815	821	9	5	46	0	881
6816	26	7	789	35	0	857
6817	818	8	16	27	0	869
6818	830	9	18	19	0	876
6819	34	5	815	24	0	878
6820	31	5	20	814	0	870
6821	848	4	19	33	0	904
6822	27	851	10	31	0	919
6823	910	18	8	17	0	953
6824	905	15	9	16	0	945
6825	908	9	6	26	0	949
6826	49	6	2	910	0	967
6827	39	9	3	949	0	1000
6828	19	1078	3	44	0	1144
6829	26	20	1	1138	0	1185
6830	1134	19	5	45	0	1203
6831	29	9	1114	40	0	1192
6832	1100	8	16	31	0	1155
6833	1167	12	18	20	0	1217
6834	42	5	9	1149	0	1205
6835	35	6	7	1168	0	1216
6836	1177	7	8	41	0	1233
6837	1174	3	6	42	0	1225
6838	1101	2	3	34	0	1140
6839	48	4	1140	20	0	1212
6840	33	1129	21	19	0	1202
6841	1158	18	15	23	0	1214
6842	35	20	11	1146	0	1212
6843	31	1148	7	29	0	1215
6844	33	23	4	1149	0	1209
6845	1146	22	6	35	0	1209
6846	32	15	4	1178	0	1229
6847	41	22	1177	40	0	1280
6848	20	1165	17	32	0	1234
6849	16	1201	13	23	0	1253
6850	14	25	1122	22	0	1183
6851	975	32	37	21	0	1065
6852	16	999	16	13	0	1044
6853	20	4	6	843	0	873
6854	854	6	2	8	0	870
6855	6	848	2	10	0	866
6856	14	4	1	863	0	882
6857	883	6	1	11	0	901
6858	7	5	2	881	0	895
6859	885	0	2	15	0	902
6860	9	2	883	9	0	903
6861	10	895	3	4	0	912
6862	949	3	7	6	0	965
6863	950	9	2	2	0	963
6864	958	6	2	2	0	968
6865	13	1	924	2	0	940
6866	908	1	3	4	0	916
6867	956	2	8	4	0	970
6868	11	3	4	957	0	975
6869	966	4	0	8	0	978
6870	8	945	2	9	0	964
6871	10	5	2	964	0	981
6872	8	8	980	4	0	1000
6873	5	5	4	973	0	987
6874	7	2	6	982	0	997
6875	980	2	4	13	0	999
6876	950	6	1	13	0	970
6877	13	3	959	6	0	981
6878	943	1	3	7	0	954
6879	13	1	971	3	0	988
6880	9	2	10	972	0	993
6881	9	3	988	4	0	1004
6882	6	2	6	990	0	1004
6883	5	983	7	11	0	1006
6884	8	5	984	7	0	1004
6885	5	10	1009	1	0	1025
6886	16	3	15	830	0	864
6887	1013	1	10	6	0	1030
6888	1010	2	4	13	0	1029
6889	1032	2	1	5	0	1040
6890	19	1	1	1003	0	1024
6891	12	1	2	1016	0	1031
6892	6	2	4	1018	0	1030
6893	6	0	1	1013	0	1020
6894	3	2	1010	17	0	1032
6895	5	1	6	997	0	1009
6896	4	976	10	8	0	998
6897	2	6	5	1014	0	1027
6898	1028	9	2	10	0	1049
6899	10	2	1026	8	0	1046
6900	945	1	8	7	0	961
6901	10	0	1063	5	0	1078
6902	14	1	1058	2	0	1075
6903	4	1046	21	1	0	1072
6904	10	11	15	955	0	991
6905	4	11	6	1044	0	1065
6906	5	912	7	27	0	951
6907	1138	15	1	16	0	1170
6908	22	12	3	1160	0	1197
6909	20	6	5	1240	0	1271
6910	10	1	3	1302	0	1316
6911	1448	3	1	49	0	1501
6912	1542	0	1	31	0	1574
6913	59	1	3	1511	0	1574
6914	28	0	4	1527	0	1559
6915	1504	0	0	58	0	1562
6916	43	2	1	1511	0	1557
6917	23	0	3	1539	0	1565
6918	18	3	3	1554	0	1578
6919	10	1	1471	65	0	1547
6920	1423	2	34	38	0	1497
6921	1456	2	17	30	0	1505
6922	58	1	1410	15	0	1484
6923	39	3	32	1332	0	1406
6924	24	1390	19	37	0	1470
6925	1369	34	12	33	0	1448
6926	42	1379	12	18	0	1451
6927	23	1321	1	19	0	1364
6928	23	47	4	1216	0	1290
6929	1174	17	6	50	0	1247
6930	1218	11	3	26	0	1258
6931	53	11	4	1183	0	1251
6932	37	2	2	1191	0	1232
6933	19	7	4	1193	0	1223
6934	21	6	2	1199	0	1228
6935	16	6	1	1170	0	1193
6936	14	1118	5	63	0	1200
6937	17	37	3	1153	0	1210
6938	1124	16	3	62	0	1205
6939	1154	9	4	34	0	1201
6940	1156	7	5	31	0	1199
6941	63	1105	6	22	0	1196
6942	38	37	4	1114	0	1193
6943	23	18	1120	54	0	1215
6944	1100	13	37	37	0	1187
6945	59	22	13	1124	0	1218
6946	1128	9	7	61	0	1205
6947	1094	8	6	28	0	1136
6948	1078	9	2	41	0	1130
6949	72	3	5	1041	0	1121
6950	1061	9	8	52	0	1130
6951	64	6	0	1059	0	1129
6952	27	6	10	1090	0	1133
6953	1054	5	2	68	0	1129
6954	58	6	5	1062	0	1131
6955	1044	2	3	67	0	1116
6956	1075	8	1	43	0	1127
6957	73	7	3	1024	0	1107
6958	42	3	2	1053	0	1100
6959	37	4	1	1071	0	1113
6960	25	6	978	66	0	1075
6961	16	6	1009	45	0	1076
6962	24	4	45	971	0	1044
6963	21	3	19	1003	0	1046
6964	25	3	13	1006	0	1047
6965	19	4	8	1010	0	1041
6966	18	5	3	1030	0	1056
6967	952	2	7	81	0	1042
6968	52	925	6	46	0	1029
6969	27	40	7	974	0	1048
6970	951	11	5	64	0	1031
6971	54	9	6	964	0	1033
6972	35	6	5	962	0	1008
6973	912	2	4	75	0	993
6974	941	7	4	41	0	993
6975	59	7	879	43	0	988
6976	35	3	35	915	0	988
6977	32	5	891	54	0	982
6978	20	2	43	909	0	974
6979	20	6	20	918	0	964
6980	22	1	12	927	0	962
6981	21	1	856	77	0	955
6982	14	816	41	49	0	920
6983	15	868	13	45	0	941
6984	10	38	20	870	0	938
6985	842	18	8	59	0	927
6986	45	17	833	34	0	929
6987	23	8	872	36	0	939
6988	22	7	50	852	0	931
6989	18	8	21	873	0	920
6990	12	836	22	62	0	932
6991	16	35	11	877	0	939
6992	18	19	10	918	0	965
6993	9	9	12	943	0	973
6994	874	8	12	70	0	964
6995	896	2	11	49	0	958
6996	58	3	8	911	0	980
6997	26	871	8	59	0	964
6998	27	33	5	872	0	937
6999	831	15	7	69	0	922
7000	45	850	5	38	0	938
7001	17	43	7	789	0	856
7002	16	798	3	49	0	866
7003	790	35	14	22	0	861
7004	785	17	2	25	0	829
7005	45	759	10	23	0	837
7006	25	753	5	15	0	798
7007	17	31	662	15	0	725
7008	13	630	29	14	0	686
7009	7	41	25	497	0	570
7010	6	11	498	25	0	540
7011	3	317	9	5	0	334
7012	1	5	1	255	0	262
7013	0	1	1	258	0	260
7014	1	1	0	262	0	264
7015	248	0	0	8	0	256
7016	4	0	247	2	0	253
7017	1	0	248	1	0	250
7018	3	0	4	240	0	247
7019	0	0	265	4	0	269
7020	1	0	5	266	0	272
7021	0	0	1	263	0	264
7022	1	0	1	265	0	267
7023	0	0	0	269	0	269
7024	261	0	0	5	0	266
7025	267	0	0	2	0	269
7026	5	0	0	266	0	271
7027	2	0	318	4	0	324
7028	3	0	4	321	0	328
7029	0	316	1	5	0	322
7030	1	3	1	320	0	325
7031	316	1	0	7	0	324
7032	334	1	0	1	0	336
7033	5	0	0	335	0	340
7034	2	0	0	334	0	336
7035	1	0	0	342	0	343
7036	340	0	0	6	0	346
7037	5	1	326	2	0	334
7038	1	2	336	1	0	340
7039	1	325	6	0	0	332
7040	332	3	3	3	0	341
7041	4	2	0	340	0	346
7042	1	1	339	3	0	344
7043	1	330	4	1	0	336
7044	0	341	2	1	0	344
7045	0	3	0	341	0	344
7046	2	2	0	332	0	336
7047	0	326	0	4	0	330
7048	2	2	0	336	0	340
7049	1	1	0	335	0	337
7050	331	1	0	4	0	336
7051	2	325	1	4	0	332
7052	1	2	1	326	0	330
7053	0	2	327	3	0	332
7054	0	1	2	327	0	330
7055	324	0	1	7	0	332
7056	2	322	1	2	0	327
7057	2	2	0	326	0	330
7058	0	1	319	2	0	322
7059	0	3	349	1	0	353
7060	1	0	4	367	0	372
7061	1	0	2	367	0	370
7062	372	1	1	5	0	379
7063	3	402	1	4	0	410
7064	402	3	0	3	0	408
7065	6	3	413	0	0	422
7066	403	2	3	3	0	411
7067	5	1	425	1	0	432
7068	426	0	5	2	0	433
7069	438	0	1	1	0	440
7070	4	1	464	0	0	469
7071	1	1	455	1	0	458
7072	2	458	5	0	0	465
7073	1	4	3	473	0	481
7074	471	1	1	5	0	478
7075	3	2	2	470	0	477
7076	1	2	0	486	0	489
7077	4	0	0	486	0	490
7078	0	0	481	8	0	489
7079	449	0	3	6	0	458
7080	480	1	1	4	0	486
7081	4	488	3	4	0	499
7082	4	2	1	500	0	507
7083	3	534	0	20	0	557
7084	2	7	1	552	0	562
7085	547	1	1	7	0	556
7086	4	553	1	3	0	561
7087	1	4	0	533	0	538
7088	532	0	0	8	0	540
7089	534	2	0	1	0	537
7090	5	1	0	528	0	534
7091	1	0	527	6	0	534
7092	6	3	5	493	0	507
7093	2	512	1	5	0	520
7094	511	4	2	1	0	518
7095	3	515	1	3	0	522
7096	0	6	0	493	0	499
7097	494	0	1	4	0	499
7098	10	2	1	508	0	521
7099	2	2	0	514	0	518
7100	2	1	502	3	0	508
7101	3	496	2	4	0	505
7102	498	3	0	5	0	506
7103	452	2	2	10	0	466
7104	1	498	2	0	0	501
7105	1	496	0	2	0	499
7106	4	2	0	493	0	499
7107	494	2	0	3	0	499
7108	2	496	1	1	0	500
7109	4	3	0	491	0	498
7110	4	0	490	2	0	496
7111	1	2	2	485	0	490
7112	487	1	1	4	0	493
7113	2	492	2	1	0	497
7114	5	4	1	505	0	515
7115	6	0	494	3	0	503
7116	1	3	514	2	0	520
7117	3	1	4	505	0	513
7118	5	1	1	505	0	512
7119	2	494	4	4	0	504
7120	2	2	1	494	0	499
7121	500	1	2	6	0	509
7122	2	6	0	502	0	510
7123	505	2	1	6	0	514
7124	5	507	0	2	0	514
7125	2	524	0	2	0	528
7126	2	5	0	532	0	539
7127	3	2	0	487	0	492
7128	2	2	489	4	0	497
7129	1	3	2	484	0	490
7130	481	0	3	7	0	491
7131	4	2	481	3	0	490
7132	3	3	3	483	0	492
7133	5	0	496	6	0	507
7134	4	3	5	502	0	514
7135	4	2	1	499	0	506
7136	5	0	3	508	0	516
7137	4	2	506	5	0	517
7138	0	3	4	494	0	501
7139	0	502	3	9	0	514
7140	2	4	2	513	0	521
7141	3	2	3	512	0	520
7142	509	1	0	10	0	520
7143	6	4	500	4	0	514
7144	1	1	5	515	0	522
7145	3	2	494	7	0	506
7146	5	2	493	1	0	501
7147	1	3	4	503	0	511
7148	2	2	2	493	0	499
7149	1	5	4	514	0	524
7150	507	3	2	10	0	522
7151	9	2	516	6	0	533
7152	542	4	5	5	0	556
7153	8	3	0	567	0	578
7154	5	2	5	579	0	591
7155	5	607	4	7	0	623
7156	2	7	1	610	0	620
7157	2	3	2	611	0	618
7158	2	4	5	613	0	624
7159	570	2	1	10	0	583
7160	7	4	545	3	0	559
7161	526	4	2	8	0	540
7162	5	554	2	7	0	568
7163	511	4	3	4	0	522
7164	5	508	3	4	0	520
7165	2	518	2	7	0	529
7166	4	3	6	507	0	520
7167	508	1	3	6	0	518
7168	6	4	1	505	0	516
7169	2	493	1	5	0	501
7170	1	540	3	7	0	551
7171	7	5	0	550	0	562
7172	2	3	3	543	0	551
7173	2	564	2	7	0	575
7174	3	6	1	581	0	591
7175	3	1	1	589	0	594
7176	2	5	1	603	0	611
7177	600	5	1	11	0	617
7178	6	1	606	6	0	619
7179	634	0	6	10	0	650
7180	669	1	2	5	0	677
7181	654	1	2	6	0	663
7182	8	645	1	1	0	655
7183	4	4	2	616	0	626
7184	638	0	0	7	0	645
7185	5	7	4	644	0	660
7186	642	1	0	8	0	651
7187	6	708	0	1	0	715
7188	730	3	1	4	0	738
7189	763	1	0	4	0	768
7190	773	1	1	7	0	782
7191	7	0	0	780	0	787
7192	4	0	1	828	0	833
7193	841	0	1	6	0	848
7194	7	837	2	3	0	849
7195	3	845	2	3	0	853
7196	890	5	0	4	0	899
7197	5	3	0	902	0	910
7198	1	1	0	916	0	918
7199	4	1	1	952	0	958
7200	2	947	2	9	0	960
7201	964	8	0	3	0	975
7202	6	3	0	983	0	992
7203	2	994	2	12	0	1010
7204	3	6	0	1029	0	1038
7205	3	1	1	1059	0	1064
7206	2	1	0	1050	0	1053
7207	0	2	1	1062	0	1065
7208	1068	0	1	12	0	1081
7209	1052	2	0	9	0	1063
7210	1084	2	1	6	0	1093
7211	7	0	0	1097	0	1104
7212	4	2	1073	8	0	1087
7213	3	3	1008	2	0	1016
7214	2	2	1082	4	0	1090
7215	1161	1	6	5	0	1173
7216	10	0	2	1176	0	1188
7217	3	1	2	1173	0	1179
7218	2	2	2	1188	0	1194
7219	1190	1	1	12	0	1204
7220	1181	0	1	3	0	1185
7221	7	1316	1	3	0	1327
7222	3	8	1	1361	0	1373
7223	4	1	1348	8	0	1361
7224	3	1397	5	1	0	1406
7225	3	7	0	1415	0	1425
7226	2	1	1	1435	0	1439
7227	1	2	2	1420	0	1425
7228	2	2	1	1406	0	1411
7229	2	0	1409	7	0	1418
7230	2	0	1347	3	0	1352
7231	0	1476	8	5	0	1489
7232	0	4	1	1487	0	1492
7233	1	0	2	1479	0	1482
7234	1461	1	1	8	0	1471
7235	6	2	1507	10	0	1525
7236	4	1	5	1515	0	1525
7237	1	0	1	1589	0	1591
7238	2	6	1654	4	0	1666
7239	0	1664	7	3	0	1674
7240	1669	6	0	12	0	1687
7241	6	0	1672	3	0	1681
7242	1619	1	6	7	0	1633
7243	7	3	1807	2	0	1819
7244	3	0	6	1842	0	1851
7245	1	1	1885	6	0	1893
7246	3	5	1954	2	0	1964
7247	2	0	7	2007	0	2016
7248	23	1	15	1688	0	1727
7249	4	0	1	2110	0	2115
7250	7	1	3	2085	0	2096
7251	5	1	0	2087	0	2093
7252	1	5	2147	8	0	2161
7253	6	2	2025	4	0	2037
7254	1	2145	10	4	0	2160
7255	2191	5	1	11	0	2208
7256	12	0	3	2239	0	2254
7257	2241	3	1	19	0	2264
7258	16	1	1	2232	0	2250
7259	2314	0	5	33	0	2352
7260	17	1	3	2339	0	2360
7261	4	2	1	2372	0	2379
7262	4	2473	1	17	0	2495
7263	8	12	1	2538	0	2559
7264	6	2	0	2519	0	2527
7265	4	2	0	2529	0	2535
7266	7	0	0	2529	0	2536
7267	3	2491	2	15	0	2511
7268	2501	11	1	16	0	2529
7269	12	2484	5	6	0	2507
7270	0	10	1	2458	0	2469
7271	2422	0	1	21	0	2444
7272	15	2	2410	2	0	2429
7273	1	1	2369	4	0	2375
7274	6	1	11	2350	0	2368
7275	2	2	0	2458	0	2462
7276	7	0	0	2452	0	2459
7277	4	1	0	2293	0	2298
7278	3	1	1	2395	0	2400
7279	2	2367	0	13	0	2382
7280	0	10	4	2394	0	2408
7281	2385	0	2	18	0	2405
7282	13	0	0	2386	0	2399
7283	1	0	2413	14	0	2428
7284	1	0	13	2355	0	2369
7285	2351	0	1	21	0	2373
7286	13	2429	1	2	0	2445
7287	0	15	1	2546	0	2562
7288	4	3	0	2640	0	2647
7289	2	0	2604	24	0	2630
7290	4	2	3244	3	0	3253
7291	3872	0	66	13	0	3951
7292	100	1	16	3886	0	4003
7293	49	0	9	4031	0	4089
7294	24	6	4130	126	0	4286
7295	23	5	4161	50	0	4239
7296	6	4163	136	41	0	4346
7297	20	105	63	4121	0	4309
7298	5	37	4179	104	0	4325
7299	4	4126	134	36	0	4300
7300	4121	121	45	30	0	4317
7301	4268	44	26	40	0	4378
7302	160	32	23	4081	0	4296
7303	64	4187	17	103	0	4371
7304	4202	124	12	53	0	4391
7305	160	49	8	3967	0	4184
7306	53	30	4083	126	0	4292
7307	34	4129	119	45	0	4327
7308	4077	126	42	37	0	4282
7309	4182	47	28	45	0	4302
7310	178	29	24	4057	0	4288
7311	87	24	11	4165	0	4287
7312	47	20	4017	162	0	4246
7313	60	17	116	4041	0	4234
7314	49	7	46	3897	0	3999
7315	30	10	25	4112	0	4177
7316	28	6	18	4114	0	4166
7317	32	6	14	4026	0	4078
7318	17	3921	13	202	0	4153
7319	3910	115	11	108	0	4144
7320	127	43	3907	67	0	4144
7321	54	3836	128	50	0	4068
7322	56	131	50	3869	0	4106
7323	3841	47	29	153	0	4070
7324	139	24	27	3844	0	4034
7325	70	23	20	3936	0	4049
7326	45	19	14	3971	0	4049
7327	49	14	16	3987	0	4066
7328	27	14	3777	226	0	4044
7329	15	3789	123	124	0	4051
7330	3775	129	48	96	0	4048
7331	139	54	3774	56	0	4023
7332	72	28	148	3782	0	4030
7333	3805	31	57	160	0	4053
7334	148	3776	42	76	0	4042
7335	3811	130	36	71	0	4048
7336	176	60	27	3558	0	3821
7337	84	39	19	3872	0	4014
7338	60	33	18	3856	0	3967
7339	57	17	16	3866	0	3956
7340	3643	16	14	254	0	3927
7341	151	22	11	3744	0	3928
7342	86	15	11	3843	0	3955
7343	3517	16	14	237	0	3784
7344	158	14	3459	111	0	3742
7345	73	18	130	3530	0	3751
7346	3355	14	44	198	0	3611
7347	3472	12	34	97	0	3615
7348	189	17	27	3338	0	3571
7349	100	10	22	3402	0	3534
7350	66	3191	28	195	0	3480
7351	58	123	18	3318	0	3517
7352	42	49	17	3325	0	3433
7353	29	32	3077	231	0	3369
7354	26	26	3128	130	0	3310
7355	26	3020	164	104	0	3314
7356	35	117	76	3050	0	3278
7357	27	47	54	3167	0	3295
7358	3017	34	45	201	0	3297
7359	133	38	26	3013	0	3210
7360	66	23	2906	186	0	3181
7361	56	23	127	2979	0	3185
7362	44	20	2782	179	0	3025
7363	30	27	2854	108	0	3019
7364	40	15	172	2747	0	2974
7365	35	18	74	2902	0	3029
7366	2765	18	60	201	0	3044
7367	2877	21	41	111	0	3050
7368	175	11	44	2829	0	3059
7369	2837	15	24	185	0	3061
7370	2943	11	22	106	0	3082
7371	195	15	20	2865	0	3095
7372	103	16	15	2960	0	3094
7373	2869	10	17	198	0	3094
7374	2928	24	18	119	0	3089
7375	183	2	19	2844	0	3048
7376	91	2748	22	185	0	3046
7377	77	121	15	2883	0	3096
7378	71	39	6	2978	0	3094
7379	45	28	2773	217	0	3063
7380	37	23	110	2925	0	3095
7381	2716	9	46	227	0	2998
7382	124	2769	34	120	0	3047
7383	2817	124	26	95	0	3062
7384	2871	38	20	89	0	3018
7385	2950	41	16	53	0	3060
7386	213	68	21	2673	0	2975
7387	116	15	2484	153	0	2768
7388	72	23	2454	76	0	2625
7389	57	2336	143	75	0	2611
7390	22	1650	40	49	0	1761
7391	14	967	13	8	0	1002
7392	9	957	18	15	0	999
7393	44	36	865	15	0	960
7394	662	18	44	8	0	732
7395	22	3	3	650	0	678
7396	5	2	2	662	0	671
7397	5	3	2	657	0	667
7398	3	645	2	19	0	669
7399	645	16	3	7	0	671
7400	22	5	638	2	0	667
7401	0	565	8	5	0	578
7402	2	13	2	570	0	587
7403	572	1	0	12	0	585
7404	6	1	1	574	0	582
7405	1	1	572	8	0	582
7406	3	0	582	4	0	589
7407	6	0	9	591	0	606
7408	5	0	2	593	0	600
7409	599	0	1	12	0	612
7410	9	0	600	2	0	611
7411	580	0	9	3	0	592
7412	607	0	1	5	0	613
7413	10	0	0	604	0	614
7414	3	0	623	9	0	635
7415	6	0	7	626	0	639
7416	627	0	1	13	0	641
7417	9	626	0	3	0	638
7418	626	8	1	6	0	641
7419	8	1	0	636	0	645
7420	1	690	1	9	0	701
7421	5	10	1	681	0	697
7422	2	3	0	698	0	703
7423	1	703	0	12	0	716
7424	4	8	1	712	0	725
7425	3	1	0	735	0	739
7426	3	1	0	726	0	730
7427	1	2	751	8	0	762
7428	1	742	6	5	0	754
7429	755	5	3	4	0	767
7430	9	5	0	760	0	774
7431	3	829	2	11	0	845
7432	872	10	1	4	0	887
7433	13	3	1	862	0	879
7434	6	1	0	865	0	872
7435	10	2	0	852	0	864
7436	3	2	0	849	0	854
7437	844	1	1	20	0	866
7438	13	1	1	851	0	866
7439	5	1	1	856	0	863
7440	842	1	0	18	0	861
7441	13	2	0	850	0	865
7442	5	0	834	15	0	854
7443	8	0	9	837	0	854
7444	808	0	2	19	0	829
7445	15	1	2	816	0	834
7446	4	2	830	18	0	854
7447	7	1	815	9	0	832
7448	830	1	13	10	0	854
7449	859	2	4	10	0	875
7450	860	1	4	12	0	877
7451	889	1	5	8	0	903
7452	18	2	866	5	0	891
7453	14	0	11	866	0	891
7454	8	1	4	884	0	897
7455	887	0	3	19	0	909
7456	16	0	3	890	0	909
7457	8	0	859	22	0	889
7458	11	2	13	878	0	904
7459	7	0	875	20	0	902
7460	7	895	14	10	0	926
7461	921	11	6	15	0	953
7462	19	3	6	915	0	943
7463	5	6	911	18	0	940
7464	5	1	18	905	0	929
7465	7	2	7	969	0	985
7466	7	1	974	25	0	1007
7467	9	1	22	978	0	1010
7468	978	1	9	31	0	1019
7469	21	3	927	15	0	966
7470	916	1	25	16	0	958
7471	25	923	6	6	0	960
7472	14	16	934	6	0	970
7473	11	4	925	4	0	944
7474	16	15	28	771	0	830
7475	6	3	11	858	0	878
7476	4	5	864	22	0	895
7477	10	1	22	844	0	877
7478	858	2	6	30	0	896
7479	883	4	6	16	0	909
7480	22	2	7	851	0	882
7481	16	1	7	849	0	873
7482	7	860	6	26	0	899
7483	888	16	4	17	0	925
7484	23	6	5	887	0	921
7485	14	891	4	29	0	938
7486	900	18	6	19	0	943
7487	911	9	5	21	0	946
7488	28	931	4	17	0	980
7489	15	18	5	951	0	989
7490	15	8	7	953	0	983
7491	10	9	916	34	0	969
7492	13	4	22	904	0	943
7493	909	5	7	35	0	956
7494	27	3	12	915	0	957
7495	16	2	899	32	0	949
7496	891	2	21	22	0	936
7497	33	2	6	901	0	942
7498	18	3	875	35	0	931
7499	14	2	26	894	0	936
7500	14	3	889	36	0	942
7501	17	2	24	899	0	942
7502	12	1	14	924	0	951
7503	898	2	10	38	0	948
7504	25	910	8	24	0	967
7505	937	21	13	21	0	992
7506	917	7	7	28	0	959
7507	922	5	10	19	0	956
7508	34	934	11	9	0	988
7509	26	19	939	11	0	995
7510	22	7	26	945	0	1000
7511	952	6	15	29	0	1002
7512	969	4	10	21	0	1004
7513	34	4	9	950	0	997
7514	939	2	13	33	0	987
7515	29	3	912	27	0	971
7516	911	5	23	14	0	953
7517	29	1	907	16	0	953
7518	21	883	30	13	0	947
7519	896	25	11	11	0	943
7520	844	6	14	12	0	876
7521	30	840	18	4	0	892
7522	835	20	10	14	0	879
7523	833	7	10	16	0	866
7524	32	8	792	11	0	843
7525	776	4	26	19	0	825
7526	34	3	789	12	0	838
7527	19	4	23	727	0	773
7528	17	740	11	24	0	792
7529	14	13	743	13	0	783
7530	681	20	25	32	0	758
7531	648	9	7	12	0	676
7532	22	5	6	598	0	631
7533	10	3	606	18	0	637
7534	14	2	16	604	0	636
7535	605	5	3	18	0	631
7536	18	597	3	9	0	627
7537	593	16	6	6	0	621
7538	603	5	2	8	0	618
7539	26	578	4	4	0	612
7540	10	15	6	587	0	618
7541	599	7	4	21	0	631
7542	24	2	4	594	0	624
7543	12	5	5	603	0	625
7544	11	4	618	21	0	654
7545	12	3	18	603	0	636
7546	9	3	7	608	0	627
7547	589	1	7	23	0	620
7548	602	0	9	10	0	621
7549	22	7	4	577	0	610
7550	19	2	574	19	0	614
7551	13	6	541	8	0	568
7552	12	10	17	545	0	584
7553	13	3	581	15	0	612
7554	9	3	18	577	0	607
7555	7	5	7	594	0	613
7556	587	5	6	21	0	619
7557	17	2	583	13	0	615
7558	578	2	12	11	0	603
7559	583	4	5	10	0	602
7560	23	1	542	6	0	572
7561	13	1	544	6	0	564
7562	13	19	19	511	0	562
7563	7	505	7	15	0	534
7564	10	519	6	7	0	542
7565	10	10	9	466	0	495
7566	5	5	1	456	0	467
7567	8	2	4	467	0	481
7568	9	1	1	477	0	488
7569	457	2	3	11	0	473
7570	12	1	3	462	0	478
7571	6	1	458	7	0	472
7572	7	0	6	455	0	468
7573	6	449	6	7	0	468
7574	6	2	4	461	0	473
7575	462	3	1	7	0	473
7576	10	2	4	475	0	491
7577	5	2	473	8	0	488
7578	3	446	9	6	0	464
7579	6	4	4	457	0	471
7580	454	4	4	11	0	473
7581	459	1	2	8	0	470
7582	12	1	1	470	0	484
7583	9	1	438	7	0	455
7584	5	3	406	6	0	420
7585	415	0	4	2	0	421
7586	10	1	430	3	0	444
7587	4	4	415	3	0	426
7588	9	3	6	375	0	393
7589	399	0	4	4	0	407
7590	391	2	1	7	0	401
7591	395	0	2	6	0	403
7592	7	0	434	2	0	443
7593	2	0	428	4	0	434
7594	3	453	2	2	0	460
7595	2	2	4	448	0	456
7596	6	1	1	455	0	463
7597	3	1	1	430	0	435
7598	1	0	5	460	0	466
7599	2	0	455	5	0	462
7600	1	457	3	4	0	465
7601	483	1	3	2	0	489
7602	527	3	3	2	0	535
7603	533	1	2	4	0	540
7604	11	539	3	2	0	555
7605	1	6	2	546	0	555
7606	608	2	0	12	0	622
7607	14	627	1	2	0	644
7608	593	11	0	8	0	612
7609	15	589	0	2	0	606
7610	593	15	1	2	0	611
7611	600	4	1	1	0	606
7612	18	4	0	593	0	615
7613	9	0	1	611	0	621
7614	4	4	596	16	0	620
7615	2	2	582	9	0	595
7616	595	2	14	6	0	617
7617	612	1	8	1	0	622
7618	18	0	5	592	0	615
7619	9	1	1	614	0	625
7620	6	0	594	16	0	616
7621	3	0	14	595	0	612
7622	1	2	597	18	0	618
7623	4	2	14	592	0	612
7624	3	0	5	627	0	635
7625	619	0	6	21	0	646
7626	616	0	1	11	0	628
7627	18	1	2	604	0	625
7628	9	0	0	614	0	623
7629	4	0	598	17	0	619
7630	6	0	14	609	0	629
7631	1	1	601	22	0	625
7632	591	1	19	7	0	618
7633	18	2	5	612	0	637
7634	589	1	3	21	0	614
7635	23	591	2	8	0	624
7636	600	14	1	12	0	627
7637	19	4	4	602	0	629
7638	7	5	4	605	0	621
7639	9	589	2	19	0	619
7640	8	11	1	614	0	634
7641	8	7	610	21	0	646
7642	5	8	16	608	0	637
7643	4	2	598	24	0	628
7644	3	570	21	9	0	603
7645	7	15	5	584	0	611
7646	6	5	589	20	0	620
7647	3	4	581	12	0	600
7648	2	2	22	584	0	610
7649	574	11	17	22	0	624
7650	16	6	568	8	0	598
7651	8	3	17	581	0	609
7652	594	1	11	20	0	626
7653	16	557	15	10	0	598
7654	595	16	6	19	0	636
7655	32	2	3	578	0	615
7656	13	4	8	602	0	627
7657	9	2	6	618	0	635
7658	609	0	1	30	0	640
7659	22	7	1	610	0	640
7660	15	5	2	619	0	641
7661	597	2	2	31	0	632
7662	20	0	591	22	0	633
7663	5	3	18	607	0	633
7664	12	1	596	23	0	632
7665	598	1	23	13	0	635
7666	19	2	5	620	0	646
7667	15	0	625	23	0	663
7668	604	2	24	11	0	641
7669	612	3	7	20	0	642
7670	23	1	640	8	0	672
7671	22	2	18	617	0	659
7672	9	0	8	647	0	664
7673	3	4	641	28	0	676
7674	9	630	19	12	0	670
7675	13	14	649	8	0	684
7676	615	6	28	6	0	655
7677	17	5	644	14	0	680
7678	636	5	21	13	0	675
7679	23	2	648	5	0	678
7680	603	5	22	11	0	641
7681	21	644	12	10	0	687
7682	15	15	9	628	0	667
7683	10	4	13	665	0	692
7684	12	5	650	24	0	691
7685	10	3	23	632	0	668
7686	14	640	9	21	0	684
7687	625	20	5	15	0	665
7688	18	629	3	14	0	664
7689	10	19	4	646	0	679
7690	649	5	7	27	0	688
7691	17	652	8	13	0	690
7692	611	20	3	19	0	653
7693	29	7	597	7	0	640
7694	16	11	16	601	0	644
7695	8	4	7	624	0	643
7696	8	2	9	630	0	649
7697	614	5	9	26	0	654
7698	609	5	4	16	0	634
7699	630	0	13	14	0	657
7700	637	0	10	9	0	656
7701	27	2	582	11	0	622
7702	509	1	14	14	0	538
7703	27	499	9	4	0	539
7704	13	507	5	2	0	527
7705	470	11	29	6	0	516
7706	436	2	7	1	0	446
7707	7	3	6	409	0	425
7708	416	1	3	6	0	426
7709	408	6	0	4	0	418
7710	482	8	2	4	0	496
7711	16	1	0	480	0	497
7712	10	470	0	6	0	486
7713	5	478	0	10	0	493
7714	6	7	2	491	0	506
7715	482	3	1	11	0	497
7716	12	480	0	7	0	499
7717	4	7	1	482	0	494
7718	4	9	479	10	0	502
7719	454	7	8	3	0	472
7720	8	473	2	8	0	491
7721	10	480	1	2	0	493
7722	473	14	3	1	0	491
7723	10	3	488	7	0	508
7724	4	3	11	455	0	473
7725	9	470	2	3	0	484
7726	6	9	3	472	0	490
7727	7	7	1	473	0	488
7728	7	447	2	10	0	466
7729	4	5	5	495	0	509
7730	5	3	3	495	0	506
7731	488	6	3	9	0	506
7732	7	475	1	10	0	493
7733	498	7	1	10	0	516
7734	7	7	3	507	0	524
7735	8	514	1	9	0	532
7736	1	5	536	9	0	551
7737	11	3	3	521	0	538
7738	5	6	1	544	0	556
7739	9	1	552	6	0	568
7740	523	1	4	5	0	533
7741	8	0	1	646	0	655
7742	646	1	1	9	0	657
7743	9	2	633	3	0	647
7744	7	0	8	625	0	640
7745	3	2	680	8	0	693
7746	7	2	8	665	0	682
7747	4	1	4	694	0	703
7748	684	1	2	14	0	701
7749	10	687	1	4	0	702
7750	684	7	2	3	0	696
7751	8	5	686	3	0	702
7752	9	2	8	662	0	681
7753	2	2	717	9	0	730
7754	629	2	8	7	0	646
7755	692	1	4	2	0	699
7756	14	2	687	2	0	705
7757	678	1	8	4	0	691
7758	696	1	5	2	0	704
7759	14	4	2	689	0	709
7760	7	2	682	10	0	701
7761	3	2	700	7	0	712
7762	6	1	10	722	0	739
7763	2	1	7	712	0	722
7764	4	713	2	11	0	730
7765	2	720	2	5	0	729
7766	711	9	1	5	0	726
7767	9	4	4	708	0	725
7768	5	696	1	11	0	713
7769	2	721	0	5	0	728
7770	673	13	1	7	0	694
7771	11	6	0	687	0	704
7772	6	701	3	8	0	718
7773	7	9	1	705	0	722
7774	5	3	0	710	0	718
7775	7	2	2	704	0	715
7776	684	2	1	17	0	704
7777	11	697	1	6	0	715
7778	5	10	4	713	0	732
7779	4	5	0	713	0	722
7780	8	1	2	719	0	730
7781	8	2	696	14	0	720
7782	672	3	9	8	0	692
7783	13	0	6	693	0	712
7784	676	2	5	15	0	698
7785	684	1	4	8	0	697
7786	682	3	2	8	0	695
7787	16	3	684	4	0	707
7788	10	684	13	1	0	708
7789	5	9	6	679	0	699
7790	6	5	679	12	0	702
7791	4	4	659	6	0	673
7792	9	3	12	646	0	670
7793	1	675	8	10	0	694
7794	702	10	3	12	0	727
7795	720	4	3	8	0	735
7796	723	1	0	12	0	736
7797	724	4	0	6	0	734
7798	18	2	701	2	0	723
7799	688	2	9	3	0	702
7800	14	728	4	3	0	749
7801	5	11	4	737	0	757
7802	4	3	2	746	0	755
7803	743	1	3	15	0	762
7804	11	1	2	748	0	762
7805	7	2	714	13	0	736
7806	694	2	9	12	0	717
7807	716	1	3	5	0	725
7808	725	0	3	6	0	734
7809	15	0	717	3	0	735
7810	637	3	10	4	0	654
7811	9	654	5	4	0	672
7812	669	8	1	8	0	686
7813	14	4	4	653	0	675
7814	7	2	3	666	0	678
7815	3	661	2	12	0	678
7816	3	7	1	665	0	676
7817	1	670	1	10	0	682
7818	6	14	1	663	0	684
7819	4	659	0	8	0	671
7820	5	7	1	657	0	670
7821	2	668	2	10	0	682
7822	1	10	1	687	0	699
7823	2	696	1	12	0	711
7824	752	7	0	10	0	769
7825	15	6	0	782	0	803
7826	7	4	1	786	0	798
7827	7	3	1	836	0	847
7828	7	0	1	841	0	849
7829	2	1	852	28	0	883
7830	8	0	17	852	0	877
7831	3	0	7	883	0	893
7832	857	0	2	27	0	886
7833	831	0	5	9	0	845
7834	21	839	0	5	0	865
7835	10	18	1	832	0	861
7836	9	10	0	873	0	892
7837	874	4	3	32	0	913
7838	24	6	820	10	0	860
7839	815	2	21	16	0	854
7840	28	848	8	8	0	892
7841	756	18	3	3	0	780
7842	754	9	4	1	0	768
7843	27	734	2	5	0	768
7844	7	766	1	3	0	777
7845	12	25	0	707	0	744
7846	6	6	703	20	0	735
7847	668	5	18	4	0	695
7848	19	5	701	5	0	730
7849	680	1	18	9	0	708
7850	21	2	711	4	0	738
7851	8	698	19	2	0	727
7852	6	21	6	689	0	722
7853	667	4	2	24	0	697
7854	690	1	5	8	0	704
7855	31	4	3	671	0	709
7856	688	3	2	25	0	718
7857	727	3	1	8	0	739
7858	27	704	5	5	0	741
7859	705	21	1	10	0	737
7860	25	699	1	2	0	727
7861	16	21	1	695	0	733
7862	696	7	1	23	0	727
7863	725	2	3	12	0	742
7864	732	5	0	5	0	742
7865	26	1	707	7	0	741
7866	11	2	721	1	0	735
7867	9	0	23	721	0	753
7868	6	2	4	748	0	760
7869	4	768	5	22	0	799
7870	783	20	4	6	0	813
7871	22	6	1	778	0	807
7872	13	4	0	789	0	806
7873	4	6	770	24	0	804
7874	7	743	21	9	0	780
7875	6	782	6	8	0	802
7876	8	23	3	776	0	810
7877	760	10	8	23	0	801
7878	20	6	4	760	0	790
7879	6	6	4	795	0	811
7880	778	2	0	32	0	812
7881	794	3	3	10	0	810
7882	29	3	2	783	0	817
7883	10	4	777	25	0	816
7884	9	2	17	787	0	815
7885	12	1	5	801	0	819
7886	781	4	3	34	0	822
7887	25	3	4	786	0	818
7888	771	2	1	35	0	809
7889	23	3	781	17	0	824
7890	18	1	20	799	0	838
7891	10	1	8	817	0	836
7892	15	3	3	816	0	837
7893	13	2	7	792	0	814
7894	13	2	4	777	0	796
7895	6	3	735	40	0	784
7896	728	2	20	27	0	777
7897	31	1	5	747	0	784
7898	13	2	726	28	0	769
7899	8	2	736	16	0	762
7900	11	4	25	720	0	760
7901	720	2	10	33	0	765
7902	727	7	7	17	0	758
7903	736	4	7	12	0	759
7904	30	5	5	699	0	739
7905	16	726	3	32	0	777
7906	731	20	11	14	0	776
7907	751	8	4	12	0	775
7908	745	5	6	15	0	771
7909	740	8	3	7	0	758
7910	36	4	4	719	0	763
7911	17	4	698	30	0	749
7912	19	0	23	702	0	744
7913	17	3	692	30	0	742
7914	700	1	22	18	0	741
7915	718	2	13	12	0	745
7916	34	6	695	6	0	741
7917	680	3	23	15	0	721
7918	725	4	10	15	0	754
7919	42	7	8	685	0	742
7920	15	700	3	33	0	751
7921	712	17	5	9	0	743
7922	37	8	7	676	0	728
7923	17	649	3	27	0	696
7924	14	12	5	608	0	639
7925	10	5	577	24	0	616
7926	13	578	16	12	0	619
7927	534	10	5	16	0	565
7928	536	5	11	9	0	561
7929	503	5	10	11	0	529
7930	503	2	6	11	0	522
7931	22	3	10	482	0	517
7932	11	484	5	16	0	516
7933	472	10	7	11	0	500
7934	21	4	479	6	0	510
7935	16	463	9	6	0	494
7936	9	3	410	7	0	429
7937	12	4	4	374	0	394
7938	8	364	1	7	0	380
7939	8	2	3	394	0	407
7940	8	5	410	4	0	427
7941	12	4	3	400	0	419
7942	9	1	5	404	0	419
7943	5	2	4	417	0	428
7944	408	3	4	9	0	424
7945	6	400	4	11	0	421
7946	6	6	6	405	0	423
7947	401	2	1	6	0	410
7948	11	411	5	7	0	434
7949	419	4	2	7	0	432
7950	12	3	419	2	0	436
7951	10	2	4	414	0	430
7952	6	420	2	8	0	436
7953	429	2	5	6	0	442
7954	7	4	416	6	0	433
7955	7	395	3	6	0	411
7956	10	2	7	377	0	396
7957	2	2	7	369	0	380
7958	365	8	4	5	0	382
7959	9	2	2	369	0	382
7960	8	1	372	4	0	385
7961	8	6	1	344	0	359
7962	10	3	357	5	0	375
7963	7	7	2	333	0	349
7964	7	348	2	8	0	365
7965	340	13	1	6	0	360
7966	336	3	3	5	0	347
7967	7	319	2	4	0	332
7968	2	290	0	2	0	294
7969	0	0	1	276	0	277
7970	270	0	1	1	0	272
7971	2	3	1	267	0	273
7972	271	0	1	1	0	273
7973	5	271	1	0	0	277
7974	0	2	1	277	0	280
7975	3	0	276	2	0	281
7976	2	0	3	274	0	279
7977	2	1	1	275	0	279
7978	284	2	0	2	0	288
7979	4	259	1	2	0	266
7980	3	5	1	267	0	276
7981	267	2	0	2	0	271
7982	2	0	272	4	0	278
7983	261	0	5	2	0	268
7984	3	1	0	271	0	275
7985	1	276	0	3	0	280
7986	284	2	1	2	0	289
7987	3	1	289	1	0	294
7988	1	0	299	1	0	301
7989	1	290	4	2	0	297
7990	275	4	2	1	0	282
7991	5	0	0	280	0	285
7992	0	0	0	287	0	287
7993	280	1	0	5	0	286
7994	6	0	279	0	0	285
7995	0	0	5	297	0	302
7996	1	0	322	3	0	326
7997	0	1	5	315	0	321
7998	1	328	0	5	0	334
7999	0	4	1	333	0	338
8000	1	0	329	5	0	335
8001	329	1	4	1	0	335
8002	4	0	1	346	0	351
8003	0	0	341	6	0	347
8004	1	0	5	336	0	342
8005	2	0	0	334	0	336
8006	0	1	336	4	0	341
8007	0	0	339	1	0	340
8008	1	0	5	342	0	348
8009	2	0	346	4	0	352
8010	347	0	5	3	0	355
8011	4	0	1	355	0	360
8012	346	0	1	5	0	352
8013	5	0	348	1	0	354
8014	1	0	4	349	0	354
8015	1	0	379	4	0	384
8016	0	374	5	3	0	382
8017	0	4	378	0	0	382
8018	3	0	362	0	0	365
8019	364	1	4	1	0	370
8020	375	0	1	1	0	377
8021	4	0	381	0	0	385
8022	1	1	4	365	0	371
8023	2	0	1	375	0	378
8024	0	1	399	4	0	404
8025	0	384	5	1	0	390
8026	383	4	1	3	0	391
8027	4	1	400	0	0	405
8028	3	1	4	399	0	407
8029	2	1	2	416	0	421
8030	426	0	1	5	0	432
8031	433	0	0	3	0	436
8032	430	0	1	4	0	435
8033	432	0	0	1	0	433
8034	8	0	0	423	0	431
8035	2	0	444	4	0	450
8036	3	0	4	429	0	436
8037	0	0	1	443	0	444
8038	5	0	1	472	0	478
8039	1	0	472	7	0	480
8040	467	0	5	3	0	475
8041	7	0	1	486	0	494
8042	1	0	498	7	0	506
8043	2	507	7	1	0	517
8044	1	6	1	517	0	525
8045	2	2	3	521	0	528
8046	513	2	0	10	0	525
8047	6	539	2	5	0	552
8048	2	7	526	2	0	537
8049	4	1	7	519	0	531
8050	4	2	3	518	0	527
8051	516	1	2	10	0	529
8052	503	0	0	8	0	511
8053	8	0	1	531	0	540
8054	521	0	1	12	0	534
8055	7	524	2	2	0	535
8056	2	6	543	2	0	553
8057	5	1	6	549	0	561
8058	3	2	2	556	0	563
8059	4	0	2	559	0	565
8060	1	1	2	549	0	553
8061	0	544	1	10	0	555
8062	541	6	2	5	0	554
8063	8	3	0	560	0	571
8064	1	616	3	5	0	625
8065	614	6	1	4	0	625
8066	616	1	0	3	0	620
8067	9	626	1	1	0	637
8068	6	6	2	642	0	656
8069	5	2	0	647	0	654
8070	2	2	0	643	0	647
8071	3	2	1	648	0	654
8072	659	1	1	9	0	670
8073	658	0	2	4	0	664
8074	6	673	1	3	0	683
8075	3	5	661	3	0	672
8076	2	1	7	653	0	663
8077	672	2	2	6	0	682
8078	5	651	2	5	0	663
8079	2	668	1	1	0	672
8080	677	7	0	2	0	686
8081	686	3	0	5	0	694
8082	11	3	2	687	0	703
8083	4	1	719	8	0	732
8084	2	1	760	5	0	768
8085	784	0	13	9	0	806
8086	817	1	9	2	0	829
8087	805	0	4	2	0	811
8088	793	1	2	4	0	800
8089	800	1	2	2	0	805
8090	9	816	2	3	0	830
8091	5	5	2	811	0	823
8092	3	849	0	7	0	859
8093	875	7	2	6	0	890
8094	854	5	2	7	0	868
8095	859	4	1	0	0	864
8096	853	1	0	5	0	859
8097	8	849	4	4	0	865
8098	844	5	2	3	0	854
8099	7	867	2	4	0	880
8100	7	5	2	866	0	880
8101	870	1	0	13	0	884
8102	8	1	889	5	0	903
8103	9	2	5	896	0	912
8104	9	8	1	943	0	961
8105	2	3	947	8	0	960
8106	2	936	9	5	0	952
8107	933	7	1	7	0	948
8108	942	1	3	5	0	951
8109	7	955	1	4	0	967
8110	5	7	1	946	0	959
8111	7	3	998	6	0	1014
8112	4	1041	6	4	0	1055
8113	1040	9	2	5	0	1056
8114	9	3	1029	1	0	1042
8115	956	3	7	6	0	972
8116	1018	2	3	4	0	1027
8117	10	2	1096	3	0	1111
8118	5	1114	6	4	0	1129
8119	8	6	2	1085	0	1101
8120	4	3	1131	6	0	1144
8121	1075	4	5	5	0	1089
8122	1120	1	2	3	0	1126
8123	8	1149	2	2	0	1161
8124	5	7	3	1123	0	1138
8125	5	1	1	1155	0	1162
8126	5	3	1159	7	0	1174
8127	3	1183	8	3	0	1197
8128	1256	9	3	14	0	1282
8129	1271	2	2	9	0	1284
8130	1268	3	1	7	0	1279
8131	7	4	1268	3	0	1282
8132	1218	3	6	5	0	1232
8133	1274	1	4	3	0	1282
8134	9	1	2	1283	0	1295
8135	4	1	1265	9	0	1279
8136	7	0	7	1245	0	1259
8137	5	5	1275	7	0	1292
8138	6	11	4	1234	0	1255
8139	4	1232	4	8	0	1248
8140	3	1316	2	2	0	1323
8141	5	6	1	1336	0	1348
8142	5	2	2	1296	0	1305
8143	1331	4	0	18	0	1353
8144	9	0	1331	3	0	1343
8145	1283	1	7	8	0	1299
8146	9	1344	2	0	0	1355
8147	1346	5	1	5	0	1357
8148	1332	3	1	3	0	1339
8149	13	2	1	1337	0	1353
8150	2	1	1402	9	0	1414
8151	6	0	8	1398	0	1412
8152	2	1481	2	8	0	1493
8153	5	8	1	1505	0	1519
8154	2	4	0	1511	0	1517
8155	1490	3	1	14	0	1508
8156	9	0	1	1504	0	1514
8157	4	1474	2	9	0	1489
8158	5	10	1	1503	0	1519
8159	1516	2	1	15	0	1534
8160	11	1529	2	2	0	1544
8161	7	7	1	1586	0	1601
8162	3	3	2	1602	0	1610
8163	4	2	0	1636	0	1642
8164	4	1	2	1623	0	1630
8165	1654	2	1	30	0	1687
8166	19	2	1	1699	0	1721
8167	7	0	1	1740	0	1748
8168	3	1	0	1789	0	1793
8169	4	1829	1	24	0	1858
8170	1828	18	1	10	0	1857
8171	21	7	1832	2	0	1862
8172	6	1811	20	1	0	1838
8173	1810	20	4	9	0	1843
8174	22	5	1888	1	0	1916
8175	5	1913	20	2	0	1940
8176	7	26	4	1866	0	1903
8177	0	1906	5	19	0	1930
8178	1	25	1894	4	0	1924
8179	3	4	1925	3	0	1935
8180	1	1938	28	4	0	1971
8181	1938	20	4	13	0	1975
8182	1929	5	3	7	0	1944
8183	24	4	1889	0	0	1917
8184	9	7	1768	2	0	1786
8185	2	4	1873	1	0	1880
8186	10	2	24	1852	0	1888
8187	10	0	7	1840	0	1857
8188	6	2	4	1913	0	1925
8189	1	3	1961	29	0	1994
8190	9	2	20	1872	0	1903
8191	13	4	5	1944	0	1966
8192	4	2	1941	24	0	1971
8193	1830	1	23	15	0	1869
8194	26	2	8	1978	0	2014
8195	11	2	5	1955	0	1973
8196	6	1985	6	28	0	2025
8197	1974	24	4	23	0	2025
8198	21	7	1982	8	0	2018
8199	1933	4	25	11	0	1973
8200	31	6	7	1964	0	2008
8201	9	4	2018	23	0	2054
8202	13	3	23	1989	0	2028
8203	1978	4	6	36	0	2024
8204	27	3	1974	7	0	2011
8205	1902	1	28	10	0	1941
8206	1987	6	9	8	0	2010
8207	1989	0	8	10	0	2007
8208	31	1951	1	7	0	1990
8209	14	20	8	1987	0	2029
8210	2003	3	7	34	0	2047
8211	1973	7	6	18	0	2004
8212	1985	2	5	14	0	2006
8213	32	1	1933	6	0	1972
8214	1969	1	23	12	0	2005
8215	37	1	9	2088	0	2135
8216	9	2	2083	29	0	2123
8217	17	6	24	2119	0	2166
8218	12	2	8	2143	0	2165
8219	11	3	2190	39	0	2243
8220	9	4	36	2171	0	2220
8221	14	0	12	2243	0	2269
8222	1	2	2544	52	0	2599
8223	2581	1	54	31	0	2667
8224	2879	3	23	24	0	2929
8225	96	1	18	2955	0	3070
8226	39	4	2948	75	0	3066
8227	44	5	71	2855	0	2975
8228	25	2840	26	97	0	2988
8229	26	67	31	2863	0	2987
8230	29	21	21	2956	0	3027
8231	2895	19	12	126	0	3052
8232	2902	14	23	63	0	3002
8233	2959	9	17	67	0	3052
8234	125	10	16	2900	0	3051
8235	71	12	15	2967	0	3065
8236	54	12	2872	122	0	3060
8237	55	6	74	2800	0	2935
8238	37	2854	30	115	0	3036
8239	2900	75	27	62	0	3064
8240	99	2795	19	61	0	2974
8241	2845	82	14	60	0	3001
8242	111	36	18	2723	0	2888
8243	52	2754	21	101	0	2928
8244	2763	91	23	54	0	2931
8245	2795	42	13	59	0	2909
8246	123	39	10	2751	0	2923
8247	65	2754	21	92	0	2932
8248	69	89	11	2780	0	2949
8249	55	47	2730	110	0	2942
8250	2636	38	77	64	0	2815
8251	106	2695	29	51	0	2881
8252	2638	74	29	63	0	2804
8253	112	41	29	2625	0	2807
8254	2644	41	16	107	0	2808
8255	115	28	2626	61	0	2830
8256	2667	16	91	63	0	2837
8257	2733	22	38	47	0	2840
8258	136	35	2690	33	0	2894
8259	99	20	107	2632	0	2858
8260	87	22	34	2698	0	2841
8261	2628	12	32	125	0	2797
8262	120	2565	41	63	0	2789
8263	86	68	24	2555	0	2733
8264	60	34	2493	109	0	2696
8265	59	27	2453	57	0	2596
8266	48	2413	101	70	0	2632
8267	61	73	2404	61	0	2599
8268	2270	44	116	47	0	2477
8269	105	39	41	2235	0	2420
8270	2245	28	45	114	0	2432
8271	103	16	2278	47	0	2444
8272	60	30	88	2243	0	2421
8273	47	29	45	2307	0	2428
8274	47	17	2190	106	0	2360
8275	49	16	95	2179	0	2339
8276	2165	13	37	126	0	2341
8277	2215	22	43	70	0	2350
8278	126	11	42	2152	0	2331
8279	2144	12	28	128	0	2312
8280	2162	11	25	72	0	2270
8281	117	2059	28	69	0	2273
8282	83	60	25	2114	0	2282
8283	2152	24	13	100	0	2289
8284	135	21	21	2101	0	2278
8285	2074	24	17	120	0	2235
8286	125	13	24	2076	0	2238
8287	88	21	2003	108	0	2220
8288	57	2023	76	72	0	2228
8289	71	75	27	1793	0	1966
8290	51	1976	31	98	0	2156
8291	1967	84	28	58	0	2137
8292	99	1900	24	55	0	2078
8293	57	1930	32	45	0	2064
8294	51	101	18	1881	0	2051
8295	1866	56	28	101	0	2051
8296	103	53	15	1861	0	2032
8297	1842	44	19	118	0	2023
8298	1865	38	19	63	0	1985
8299	110	1837	11	58	0	2016
8300	1866	96	15	52	0	2029
8301	1885	38	13	44	0	1980
8302	1890	34	15	37	0	1976
8303	133	44	1738	41	0	1956
8304	102	18	65	1757	0	1942
8305	98	18	28	1815	0	1959
8306	80	16	1726	100	0	1922
8307	1773	24	73	65	0	1935
8308	1870	14	34	55	0	1973
8309	1849	20	40	44	0	1953
8310	1794	13	37	49	0	1893
8311	147	1693	29	37	0	1906
8312	1733	63	18	48	0	1862
8313	141	26	26	1676	0	1869
8314	89	33	1556	77	0	1755
8315	1553	26	62	50	0	1691
8316	124	1529	27	38	0	1718
8317	1447	62	24	28	0	1561
8318	116	1390	18	18	0	1542
8319	70	1324	14	32	0	1440
8320	49	1308	20	32	0	1409
8321	57	1271	24	34	0	1386
8322	33	59	878	18	0	988
8323	62	95	47	657	0	861
8324	11	18	542	29	0	600
8325	416	6	15	4	0	441
8326	16	412	3	8	0	439
8327	1	407	7	12	0	427
8328	6	14	5	397	0	422
8329	11	4	0	400	0	415
8330	2	6	391	28	0	427
8331	6	3	407	4	0	420
8332	7	2	11	400	0	420
8333	3	5	400	13	0	421
8334	2	404	15	4	0	425
8335	5	9	4	394	0	412
8336	7	2	2	436	0	447
8337	7	4	419	12	0	442
8338	9	4	10	407	0	430
8339	406	3	3	19	0	431
8340	15	1	3	410	0	429
8341	7	2	4	402	0	415
8342	9	1	400	14	0	424
8343	392	1	11	7	0	411
8344	14	412	5	6	0	437
8345	6	11	1	423	0	441
8346	6	4	417	12	0	439
8347	4	3	11	409	0	427
8348	416	3	3	14	0	436
8349	14	2	418	8	0	442
8350	8	2	14	410	0	434
8351	4	5	423	15	0	447
8352	4	419	15	5	0	443
8353	4	13	435	6	0	458
8354	3	429	14	3	0	449
8355	3	11	406	1	0	421
8356	4	12	14	348	0	378
8357	1	370	4	8	0	383
8358	353	3	2	4	0	362
8359	6	3	2	355	0	366
8360	365	2	0	4	0	371
8361	8	2	1	375	0	386
8362	3	2	0	389	0	394
8363	383	1	2	5	0	391
8364	387	1	1	4	0	393
8365	10	0	1	391	0	402
8366	5	0	407	8	0	420
8367	1	407	9	3	0	420
8368	1	7	415	3	0	426
8369	1	411	9	1	0	422
8370	415	6	3	3	0	427
8371	7	3	395	1	0	406
8372	3	1	396	1	0	401
8373	6	0	6	374	0	386
8374	386	3	3	9	0	401
8375	6	0	408	6	0	420
8376	2	435	8	3	0	448
8377	443	5	3	5	0	456
8378	458	3	1	2	0	464
8379	461	2	1	4	0	468
8380	464	1	1	2	0	468
8381	458	1	1	5	0	465
8382	8	2	446	2	0	458
8383	6	3	9	421	0	439
8384	3	440	2	6	0	451
8385	442	6	5	5	0	458
8386	6	449	1	3	0	459
8387	431	5	0	0	0	436
8388	416	2	2	1	0	421
8389	5	414	1	1	0	421
8390	427	4	0	1	0	432
8391	6	2	1	420	0	429
8392	3	0	2	423	0	428
8393	1	1	416	7	0	425
8394	3	432	4	3	0	442
8395	3	5	3	436	0	447
8396	3	4	1	439	0	447
8397	5	1	0	438	0	444
8398	3	0	434	6	0	443
8399	413	1	6	4	0	424
8400	8	0	2	451	0	461
8401	463	1	1	7	0	472
8402	7	0	3	460	0	470
8403	2	1	477	7	0	487
8404	2	2	491	2	0	497
8405	458	0	6	3	0	467
8406	481	3	2	1	0	487
8407	10	474	0	0	0	484
8408	4	5	485	0	0	494
8409	1	4	5	474	0	484
8410	11	2	7	392	0	412
8411	516	0	0	13	0	529
8412	524	1	0	8	0	533
8413	531	0	3	4	0	538
8414	8	2	531	1	0	542
8415	560	0	5	8	0	573
8416	9	0	3	562	0	574
8417	5	1	1	568	0	575
8418	4	0	4	569	0	577
8419	2	561	2	8	0	573
8420	562	6	0	8	0	576
8421	9	2	0	567	0	578
8422	2	2	572	9	0	585
8423	3	0	5	568	0	576
8424	0	566	5	11	0	582
8425	575	5	1	2	0	583
8426	7	2	0	571	0	580
8427	3	3	0	567	0	573
8428	2	0	591	9	0	602
8429	1	1	6	586	0	594
8430	1	584	3	8	0	596
8431	3	5	3	587	0	598
8432	3	3	591	7	0	604
8433	537	1	6	2	0	546
8434	560	1	5	5	0	571
8435	8	578	3	0	0	589
8436	555	5	0	6	0	566
8437	578	0	2	4	0	584
8438	6	577	0	4	0	587
8439	4	6	0	581	0	591
8440	597	1	0	6	0	604
8441	7	602	2	2	0	613
8442	5	6	598	2	0	611
8443	604	1	5	4	0	614
8444	617	3	0	4	0	624
8445	615	0	3	2	0	620
8446	615	2	0	7	0	624
8447	8	621	1	2	0	632
8448	630	4	2	3	0	639
8449	641	1	1	6	0	649
8450	674	4	0	2	0	680
8451	11	2	1	660	0	674
8452	668	1	3	8	0	680
8453	10	712	1	1	0	724
8454	2	8	759	3	0	772
8455	4	2	11	786	0	803
8456	800	3	0	23	0	826
8457	16	1	811	0	0	828
8458	3	2	13	800	0	818
8459	4	2	804	14	0	824
8460	2	798	17	3	0	820
8461	8	14	2	776	0	800
8462	1	1	800	12	0	814
8463	4	780	12	2	0	798
8464	4	13	2	775	0	794
8465	809	3	3	13	0	828
8466	804	2	0	6	0	812
8467	803	0	0	4	0	807
8468	802	2	1	3	0	808
8469	809	0	1	3	0	813
8470	17	1	792	0	0	810
8471	797	1	12	3	0	813
8472	819	0	1	5	0	825
8473	20	1	4	825	0	850
8474	814	2	1	14	0	831
8475	801	1	1	8	0	811
8476	13	769	1	4	0	787
8477	10	9	2	758	0	779
8478	8	1	0	776	0	785
8479	761	3	1	13	0	778
8480	14	747	1	5	0	767
8481	1	778	2	5	0	786
8482	6	11	2	788	0	807
8483	3	6	1	800	0	810
8484	8	1	1	773	0	783
8485	7	3	2	793	0	805
8486	786	2	3	17	0	808
8487	769	2	0	12	0	783
8488	16	0	771	5	0	792
8489	11	0	11	757	0	779
8490	9	1	2	772	0	784
8491	4	1	768	14	0	787
8492	749	2	10	7	0	768
8493	13	763	4	7	0	787
8494	753	11	3	2	0	769
8495	22	1	0	749	0	772
8496	3	5	777	15	0	800
8497	14	0	12	772	0	798
8498	11	2	785	16	0	814
8499	4	809	15	1	0	829
8500	770	11	7	17	0	805
8501	778	2	4	5	0	789
8502	16	779	2	3	0	800
8503	5	13	2	776	0	796
8504	746	4	1	18	0	769
8505	15	754	1	6	0	776
8506	5	12	1	754	0	772
8507	759	1	2	18	0	780
8508	13	4	745	5	0	767
8509	732	2	14	8	0	756
8510	18	740	3	2	0	763
8511	721	10	8	8	0	747
8512	717	4	1	4	0	726
8513	15	7	710	4	0	736
8514	7	0	14	694	0	715
8515	11	1	2	726	0	740
8516	4	5	734	14	0	757
8517	5	1	10	720	0	736
8518	11	0	5	706	0	722
8519	732	2	7	21	0	762
8520	750	1	2	6	0	759
8521	18	1	5	730	0	754
8522	8	4	734	13	0	759
8523	9	0	13	731	0	753
8524	12	1	2	746	0	761
8525	6	5	763	14	0	788
8526	8	2	12	767	0	789
8527	760	1	3	19	0	783
8528	741	3	2	6	0	752
8529	15	731	2	9	0	757
8530	738	14	1	5	0	758
8531	744	3	1	7	0	755
8532	16	738	0	3	0	757
8533	748	14	1	6	0	769
8534	750	4	2	9	0	765
8535	753	3	0	11	0	767
8536	20	1	736	6	0	763
8537	712	2	10	14	0	738
8538	21	1	2	738	0	762
8539	725	2	4	17	0	748
8540	16	3	724	6	0	749
8541	3	704	12	10	0	729
8542	708	12	3	8	0	731
8543	18	756	3	7	0	784
8544	9	11	3	772	0	795
8545	9	4	4	790	0	807
8546	786	4	1	23	0	814
8547	781	1	4	14	0	800
8548	15	2	782	8	0	807
8549	6	2	730	9	0	747
8550	10	4	719	4	0	737
8551	12	8	13	701	0	734
8552	4	10	710	13	0	737
8553	6	1	654	5	0	666
8554	3	27	12	595	0	637
8555	606	1	7	10	0	624
8556	614	0	1	7	0	622
8557	613	1	4	6	0	624
8558	613	2	2	3	0	620
8559	11	1	3	609	0	624
8560	8	1	2	619	0	630
8561	4	4	655	8	0	671
8562	6	1	7	633	0	647
8563	5	2	2	645	0	654
8564	663	1	2	13	0	679
8565	655	0	1	11	0	667
8566	13	0	4	655	0	672
8567	667	0	2	13	0	682
8568	670	0	3	8	0	681
8569	12	2	3	682	0	699
8570	11	0	1	678	0	690
8571	5	1	661	12	0	679
8572	4	1	661	4	0	670
8573	8	0	8	664	0	680
8574	4	0	3	680	0	687
8575	1	0	686	12	0	699
8576	662	0	8	9	0	679
8577	678	0	5	3	0	686
8578	10	1	700	5	0	716
8579	5	714	8	6	0	733
8580	735	6	7	4	0	752
8581	11	3	803	1	0	818
8582	6	1	6	802	0	815
8583	3	0	5	833	0	841
8584	882	1	3	11	0	897
8585	910	0	0	12	0	922
8586	12	0	3	919	0	934
8587	7	1	2	974	0	984
8588	987	1	1	14	0	1003
8589	990	0	0	9	0	999
8590	994	0	1	7	0	1002
8591	11	0	1005	3	0	1019
8592	8	2	9	1019	0	1038
8593	6	0	4	1051	0	1061
8594	1040	0	4	15	0	1059
8595	12	1046	1	6	0	1065
8596	1126	7	3	5	0	1141
8597	13	1149	5	3	0	1170
8598	10	12	2	1197	0	1221
8599	12	2	2	1202	0	1218
8600	2	4	1194	19	0	1219
8601	6	1	14	1181	0	1202
8602	1	2	1206	20	0	1229
8603	6	1	16	1199	0	1222
8604	8	1	5	1206	0	1220
8605	4	1170	7	19	0	1200
8606	5	1233	4	13	0	1255
8607	8	17	6	1212	0	1243
8608	11	6	2	1238	0	1257
8609	8	1	4	1253	0	1266
8610	7	4	5	1266	0	1282
8611	6	4	2	1281	0	1293
8612	4	0	1260	30	0	1294
8613	11	2	17	1234	0	1264
8614	9	3	4	1270	0	1286
8615	6	2	1207	29	0	1244
8616	8	1204	19	12	0	1243
8617	2	14	8	1218	0	1242
8618	0	4	1223	33	0	1260
8619	4	1252	19	18	0	1293
8620	10	14	11	1264	0	1299
8621	1309	6	5	23	0	1343
8622	23	2	6	1297	0	1328
8623	11	2	8	1306	0	1327
8624	13	7	5	1324	0	1349
8625	15	3	2	1280	0	1300
8626	9	1241	3	33	0	1286
8627	8	20	4	1300	0	1332
8628	1364	8	4	33	0	1409
8629	26	6	2	1397	0	1431
8630	7	2	5	1409	0	1423
8631	7	3	6	1428	0	1444
8632	1399	2	3	42	0	1446
8633	1407	3	5	17	0	1432
8634	28	4	5	1426	0	1463
8635	1390	3	4	37	0	1434
8636	1416	6	3	25	0	1450
8637	28	1417	1	15	0	1461
8638	1411	19	3	22	0	1455
8639	20	1412	7	18	0	1457
8640	9	1437	6	19	0	1471
8641	13	20	4	1458	0	1495
8642	3	7	1545	29	0	1584
8643	13	2	16	1496	0	1527
8644	12	3	4	1506	0	1525
8645	7	1482	7	29	0	1525
8646	1493	16	3	16	0	1528
8647	19	8	5	1502	0	1534
8648	5	8	1628	24	0	1665
8649	7	4	14	1598	0	1623
8650	5	1648	9	24	0	1686
8651	1673	16	7	17	0	1713
8652	16	4	4	1697	0	1721
8653	5	5	1711	27	0	1748
8654	8	2	20	1703	0	1733
8655	3	1694	4	28	0	1729
8656	7	17	6	1724	0	1754
8657	1747	7	2	34	0	1790
8658	1784	10	3	24	0	1821
8659	1839	4	3	24	0	1870
8660	26	1840	2	16	0	1884
8661	1839	16	5	21	0	1881
8662	22	7	1	1848	0	1878
8663	1814	5	3	30	0	1852
8664	21	1849	3	19	0	1892
8665	12	19	0	1899	0	1930
8666	8	12	1953	23	0	1996
8667	1791	6	17	20	0	1834
8668	17	1973	5	18	0	2013
8669	14	17	4	1971	0	2006
8670	12	13	1	2000	0	2026
8671	14	6	1	1976	0	1997
8672	11	7	5	1935	0	1958
8673	5	1978	5	29	0	2017
8674	1973	16	4	23	0	2016
8675	1983	7	2	14	0	2006
8676	21	12	2020	10	0	2063
8677	17	6	16	2023	0	2062
8678	8	8	2038	22	0	2076
8679	1968	5	20	21	0	2014
8680	2030	8	7	26	0	2071
8681	1952	5	6	21	0	1984
8682	35	2	2	1953	0	1992
8683	13	1930	2	27	0	1972
8684	1956	17	3	27	0	2003
8685	29	8	0	1959	0	1996
8686	1968	5	7	26	0	2006
8687	27	2	1898	13	0	1940
8688	14	6	1841	7	0	1868
8689	1939	3	24	12	0	1978
8690	30	4	11	1950	0	1995
8691	1934	1	5	29	0	1969
8692	27	1911	5	13	0	1956
8693	1943	24	4	9	0	1980
8694	1948	10	1	10	0	1969
8695	30	8	1992	10	0	2040
8696	14	2	1819	3	0	1838
8697	5	1881	24	2	0	1912
8698	12	17	13	1890	0	1932
8699	1897	6	4	25	0	1932
8700	20	1	2	1903	0	1926
8701	11	0	4	1920	0	1935
8702	4	14	1883	22	0	1923
8703	1820	1	14	18	0	1853
8704	26	3	6	1929	0	1964
8705	12	1	1917	15	0	1945
8706	8	0	1839	11	0	1858
8707	9	5	23	1891	0	1928
8708	4	4	1900	17	0	1925
8709	7	2	1878	10	0	1897
8710	11	8	23	1794	0	1836
8711	6	1	1960	16	0	1983
8712	6	4	15	1915	0	1940
8713	4	1895	12	17	0	1928
8714	1992	13	6	29	0	2040
8715	18	2038	4	6	0	2066
8716	11	25	4	2029	0	2069
8717	3	2068	4	30	0	2105
8718	6	21	2170	7	0	2204
8719	14	9	22	2341	0	2386
8720	4	6	2801	36	0	2847
8721	2690	4	50	31	0	2775
8722	51	2902	29	8	0	2990
8723	2949	54	9	15	0	3027
8724	70	29	8	2882	0	2989
8725	2925	10	7	59	0	3001
8726	64	8	2878	44	0	2994
8727	35	2903	51	11	0	3000
8728	2845	51	30	8	0	2934
8729	63	31	9	2721	0	2824
8730	37	2806	10	49	0	2902
8731	16	57	10	2838	0	2921
8732	2824	36	6	84	0	2950
8733	56	3004	8	33	0	3101
8734	3002	68	4	31	0	3105
8735	77	41	2950	8	0	3076
8736	2922	13	62	24	0	3021
8737	89	8	32	2942	0	3071
8738	2956	11	15	72	0	3054
8739	75	2929	12	39	0	3055
8740	58	63	8	2917	0	3046
8741	32	34	4	2984	0	3054
8742	14	15	2819	100	0	2948
8743	27	12	58	2808	0	2905
8744	21	9	33	2888	0	2951
8745	17	10	14	2884	0	2925
8746	23	8	9	2909	0	2949
8747	15	6	2835	107	0	2963
8748	15	2661	64	77	0	2817
8749	19	66	37	2739	0	2861
8750	2680	37	12	91	0	2820
8751	2696	16	13	56	0	2781
8752	95	2725	14	23	0	2857
8753	2707	68	7	31	0	2813
8754	2716	37	14	22	0	2789
8755	2705	19	9	23	0	2756
8756	107	2646	9	22	0	2784
8757	2616	66	15	20	0	2717
8758	90	48	7	2528	0	2673
8759	53	16	2502	69	0	2640
8760	24	2487	69	41	0	2621
8761	24	70	36	2489	0	2619
8762	19	32	2467	76	0	2594
8763	2422	11	66	45	0	2544
8764	69	24	34	2444	0	2571
8765	50	11	13	2467	0	2541
8766	34	7	10	2432	0	2483
8767	24	15	12	2443	0	2494
8768	19	14	2319	105	0	2457
8769	2212	6	62	65	0	2345
8770	70	2291	30	37	0	2428
8771	2296	60	12	36	0	2404
8772	83	2313	10	26	0	2432
8773	2330	75	16	19	0	2440
8774	87	38	9	2316	0	2450
8775	52	23	2316	70	0	2461
8776	30	17	2304	44	0	2395
8777	22	13	92	2246	0	2373
8778	31	8	45	2276	0	2360
8779	23	12	14	2316	0	2365
8780	2224	4	19	120	0	2367
8781	80	16	2226	57	0	2379
8782	52	2067	60	123	0	2302
8783	26	2253	34	42	0	2355
8784	2159	90	18	34	0	2301
8785	87	46	2160	20	0	2313
8786	38	2145	70	29	0	2282
8787	30	69	2125	17	0	2241
8788	31	43	69	2067	0	2210
8789	23	17	2070	74	0	2184
8790	18	27	2099	45	0	2189
8791	28	17	83	2064	0	2192
8792	23	8	2064	80	0	2175
8793	22	12	2072	48	0	2154
8794	28	15	87	1993	0	2123
8795	1937	16	46	80	0	2079
8796	76	9	1954	47	0	2086
8797	54	14	73	1918	0	2059
8798	25	20	37	1976	0	2058
8799	1924	14	21	105	0	2064
8800	77	8	16	1949	0	2050
8801	1901	9	23	82	0	2015
8802	71	1868	22	56	0	2017
8803	43	60	13	1919	0	2035
8804	1889	35	17	90	0	2031
8805	1933	11	16	58	0	2018
8806	107	9	20	1874	0	2010
8807	49	18	1870	79	0	2016
8808	1817	12	66	54	0	1949
8809	70	1866	31	39	0	2006
8810	1838	55	27	36	0	1956
8811	1904	32	17	31	0	1984
8812	1916	14	21	31	0	1982
8813	101	9	1819	24	0	1953
8814	56	1767	56	19	0	1898
8815	44	58	31	1714	0	1847
8816	33	52	16	1751	0	1852
8817	23	14	1691	86	0	1814
8818	16	1522	63	47	0	1648
8819	9	1292	31	25	0	1357
8820	9	916	9	10	0	944
8821	818	22	49	14	0	903
8822	23	6	6	782	0	817
8823	11	7	6	799	0	823
8824	8	3	785	26	0	822
8825	783	4	18	13	0	818
8826	26	2	9	792	0	829
8827	15	15	9	796	0	835
8828	22	6	793	19	0	840
8829	2	801	18	11	0	832
8830	14	14	9	789	0	826
8831	8	2	797	19	0	826
8832	3	711	15	8	0	737
8833	589	6	4	4	0	603
8834	7	3	594	4	0	608
8835	4	1	4	568	0	577
8836	3	588	0	10	0	601
8837	589	4	3	5	0	601
8838	7	1	2	580	0	590
8839	579	3	1	7	0	590
8840	588	2	1	3	0	594
8841	9	581	2	4	0	596
8842	582	3	3	5	0	593
8843	600	2	2	4	0	608
8844	7	3	609	3	0	622
8845	595	1	6	6	0	608
8846	7	3	604	1	0	615
8847	589	1	10	4	0	604
8848	610	0	1	4	0	615
8849	7	0	626	0	0	633
8850	4	1	6	632	0	643
8851	3	2	655	4	0	664
8852	2	2	612	3	0	619
8853	1	4	646	3	0	654
8854	3	0	3	639	0	645
8855	3	1	1	684	0	689
8856	3	1	1	695	0	700
8857	2	1	1	722	0	726
8858	4	1	719	5	0	729
8859	2	2	5	739	0	748
8860	1	717	1	9	0	728
8861	2	5	774	0	0	781
8862	9	0	8	758	0	775
8863	1	2	802	11	0	816
8864	0	795	11	2	0	808
8865	1	830	1	3	0	835
8866	3	9	1	810	0	823
8867	1	3	815	9	0	828
8868	1	1	808	2	0	812
8869	4	0	11	797	0	812
8870	1	2	2	824	0	829
8871	2	2	2	831	0	837
8872	1	7	830	10	0	848
8873	0	809	14	5	0	828
8874	1	840	4	1	0	846
8875	0	10	4	823	0	837
8876	5	3	819	10	0	837
8877	3	1	806	3	0	813
8878	0	841	12	5	0	858
8879	826	11	4	6	0	847
8880	10	835	3	1	0	849
8881	0	13	895	2	0	910
8882	894	0	12	4	0	910
8883	12	1	6	938	0	957
8884	947	2	4	17	0	970
8885	15	2	1	952	0	970
8886	3	2	0	971	0	976
8887	986	1	2	19	0	1008
8888	15	1017	3	4	0	1039
8889	4	18	1001	3	0	1026
8890	6	1017	13	0	0	1036
8891	1002	16	3	8	0	1029
8892	12	1024	6	2	0	1044
8893	1022	17	1	5	0	1045
8894	1027	5	0	8	0	1040
8895	19	1036	1	2	0	1058
8896	6	18	3	1014	0	1041
8897	1004	3	4	19	0	1030
8898	1020	7	0	5	0	1032
8899	25	2	0	993	0	1020
8900	8	2	975	14	0	999
8901	7	4	981	2	0	994
8902	4	10	16	986	0	1016
8903	5	3	978	16	0	1002
8904	930	2	17	6	0	955
8905	18	963	4	6	0	991
8906	4	16	5	979	0	1004
8907	6	4	3	991	0	1004
8908	6	4	3	974	0	987
8909	7	2	1	955	0	965
8910	6	1	2	952	0	961
8911	3	3	926	21	0	953
8912	3	941	17	8	0	969
8913	957	17	2	9	0	985
8914	18	4	3	952	0	977
8915	5	3	1	961	0	970
8916	7	3	1	961	0	972
8917	2	962	2	23	0	989
8918	4	16	1	974	0	995
8919	5	4	2	984	0	995
8920	952	4	2	24	0	982
8921	16	926	0	7	0	949
8922	2	938	4	9	0	953
8923	7	18	2	928	0	955
8924	925	5	2	17	0	949
8925	17	6	942	7	0	972
8926	894	2	17	14	0	927
8927	21	3	971	5	0	1000
8928	6	5	15	944	0	970
8929	4	4	4	979	0	991
8930	7	3	3	970	0	983
8931	7	2	2	974	0	985
8932	6	4	3	965	0	978
8933	975	2	2	27	0	1006
8934	19	2	950	10	0	981
8935	9	1	16	980	0	1006
8936	2	1	1013	24	0	1040
8937	3	1006	21	15	0	1045
8938	1004	18	5	13	0	1040
8939	22	4	1049	8	0	1083
8940	7	2	17	1044	0	1070
8941	6	3	4	1080	0	1093
8942	0	1	1072	24	0	1097
8943	2	2	1089	8	0	1101
8944	9	0	20	1005	0	1034
8945	1085	1	7	24	0	1117
8946	1113	1	7	11	0	1132
8947	20	1108	5	8	0	1141
8948	1132	18	3	8	0	1161
8949	20	4	4	1077	0	1105
8950	6	1115	7	19	0	1147
8951	5	20	3	1132	0	1160
8952	7	3	1150	26	0	1186
8953	8	4	19	1111	0	1142
8954	7	5	4	1156	0	1172
8955	1117	1	6	24	0	1148
8956	17	1112	3	11	0	1143
8957	1101	14	2	11	0	1128
8958	17	1095	3	4	0	1119
8959	1049	15	3	4	0	1071
8960	17	1050	5	4	0	1076
8961	4	1048	2	5	0	1059
8962	1054	14	11	5	0	1084
8963	14	7	9	994	0	1024
8964	5	1006	2	12	0	1025
8965	1024	10	3	10	0	1047
8966	1030	4	0	13	0	1047
8967	1046	4	1	8	0	1059
8968	1040	2	2	7	0	1051
8969	15	1057	1	6	0	1079
8970	11	12	2	1063	0	1088
8971	7	7	3	1073	0	1090
8972	1078	2	1	18	0	1099
8973	11	2	3	1066	0	1082
8974	1062	4	2	21	0	1089
8975	13	2	1043	10	0	1068
8976	1068	2	8	9	0	1087
8977	15	4	1089	4	0	1112
8978	10	13	13	1069	0	1105
8979	1077	4	6	12	0	1099
8980	13	1077	5	6	0	1101
8981	1027	12	1	13	0	1053
8982	13	1001	4	3	0	1021
8983	7	7	1	1076	0	1091
8984	3	4	1064	8	0	1079
8985	977	12	5	10	0	1004
8986	9	1054	2	6	0	1071
8987	4	8	0	1033	0	1045
8988	3	3	3	1011	0	1020
8989	4	0	1	1003	0	1008
8990	2	3	1015	5	0	1025
8991	2	1015	6	3	0	1026
8992	994	5	1	7	0	1007
8993	1000	3	1	6	0	1010
8994	7	1011	2	2	0	1022
8995	1028	5	2	7	0	1042
8996	4	4	2	1033	0	1043
8997	5	1020	2	4	0	1031
8998	1022	6	1	7	0	1036
8999	6	6	990	0	0	1002
9000	4	1018	4	3	0	1029
9001	3	6	1	1049	0	1059
9002	2	4	0	1056	0	1062
9003	5	4	1029	3	0	1041
9004	6	2	4	999	0	1011
9005	4	4	1018	4	0	1030
9006	6	1	2	1031	0	1040
9007	2	3	3	1031	0	1039
9008	2	12	2	1036	0	1052
9009	2	0	3	1043	0	1048
9010	2	3	1039	8	0	1052
9011	6	3	1087	6	0	1102
9012	3	1253	12	5	0	1273
9013	4	14	3	1324	0	1345
9014	4	5	1382	12	0	1403
9015	1	1367	19	5	0	1392
9016	5	18	7	1383	0	1413
9017	12	7	1408	16	0	1443
9018	1365	1	15	13	0	1394
9019	1494	1	8	6	0	1509
9020	31	2	0	1496	0	1529
9021	7	0	1494	23	0	1524
9022	9	0	24	1474	0	1507
9023	1513	1	6	27	0	1547
9024	24	1585	3	9	0	1621
9025	1634	22	2	10	0	1668
9026	1670	8	4	8	0	1690
9027	35	1	3	1611	0	1650
9028	15	3	3	1622	0	1643
9029	9	6	1	1649	0	1665
9030	12	1	2	1636	0	1651
9031	7	3	4	1606	0	1620
9032	1596	4	0	41	0	1641
9033	1623	0	5	19	0	1647
9034	1618	1	3	16	0	1638
9035	31	5	1527	6	0	1569
9036	1521	2	18	15	0	1556
9037	31	2	10	1548	0	1591
9038	11	4	1559	30	0	1604
9039	11	1541	26	9	0	1587
9040	9	21	9	1532	0	1571
9041	12	8	3	1547	0	1570
9042	7	1540	6	31	0	1584
9043	11	24	6	1574	0	1615
9044	3	13	1549	32	0	1597
9045	5	2	1569	17	0	1593
9046	13	12	34	1561	0	1620
9047	1562	5	10	35	0	1612
9048	1545	1	5	20	0	1571
9049	40	2	1544	6	0	1592
9050	19	1453	28	12	0	1512
9051	7	1509	10	10	0	1536
9052	1441	35	6	11	0	1493
9053	29	10	1457	12	0	1508
9054	22	4	29	1435	0	1490
9055	1455	6	11	37	0	1509
9056	33	1401	6	18	0	1458
9057	13	1438	5	8	0	1464
9058	1416	36	6	8	0	1466
9059	33	12	3	1432	0	1480
9060	1468	6	5	35	0	1514
9061	34	3	6	1614	0	1657
9062	19	3	4	1640	0	1666
9063	7	4	1630	54	0	1695
9064	13	5	34	1650	0	1702
9065	14	5	13	1676	0	1708
9066	1639	3	8	60	0	1710
9067	48	5	12	1677	0	1742
9068	20	3	1696	49	0	1768
9069	1645	2	38	29	0	1714
9070	50	6	16	1693	0	1765
9071	1695	4	9	58	0	1766
9072	45	1632	11	28	0	1716
9073	22	1722	13	12	0	1769
9074	1691	52	2	23	0	1768
9075	1715	18	2	18	0	1753
9076	60	8	8	1662	0	1738
9077	20	9	1664	48	0	1741
9078	21	6	45	1672	0	1744
9079	1655	5	15	54	0	1729
9080	50	1668	8	27	0	1753
9081	29	40	15	1663	0	1747
9082	1659	17	8	59	0	1743
9083	51	12	1581	29	0	1673
9084	1610	11	43	17	0	1681
9085	1551	8	14	28	0	1601
9086	54	5	1605	20	0	1684
9087	28	5	1640	16	0	1689
9088	25	4	52	1563	0	1644
9089	27	6	12	1619	0	1664
9090	15	1665	13	53	0	1746
9091	18	38	17	1667	0	1740
9092	15	15	1689	57	0	1776
9093	18	12	44	1685	0	1759
9094	18	12	18	1765	0	1813
9095	14	5	1724	63	0	1806
9096	12	1702	54	30	0	1798
9097	17	41	19	1713	0	1790
9098	11	20	9	1775	0	1815
9099	1750	10	10	66	0	1836
9100	47	13	12	1731	0	1803
9101	19	9	1713	63	0	1804
9102	1699	1	44	40	0	1784
9103	1749	5	16	26	0	1796
9104	1754	3	10	22	0	1789
9105	62	6	1701	13	0	1782
9106	32	8	46	1672	0	1758
9107	31	5	18	1715	0	1769
9108	24	5	14	1730	0	1773
9109	1649	1	15	68	0	1733
9110	45	1640	15	35	0	1735
9111	19	33	1544	32	0	1628
9112	19	1417	32	19	0	1487
9113	12	1370	16	13	0	1411
9114	10	1344	12	13	0	1379
9115	14	46	15	1293	0	1368
9116	4	21	1300	41	0	1366
9117	1192	18	28	22	0	1260
9118	31	1251	14	17	0	1313
9119	1181	23	8	16	0	1228
9120	30	1202	12	10	0	1254
9121	1225	26	13	17	0	1281
9122	33	1252	2	8	0	1295
9123	16	30	1227	5	0	1278
9124	21	18	23	1146	0	1208
9125	16	6	11	1206	0	1239
9126	1184	8	11	40	0	1243
9127	33	4	9	1286	0	1332
9128	15	6	1281	40	0	1342
9129	14	7	28	1281	0	1330
9130	12	7	1270	40	0	1329
9131	12	1269	28	27	0	1336
9132	15	32	20	1215	0	1282
9133	2	1292	13	36	0	1343
9134	1276	31	12	22	0	1341
9135	35	19	4	1274	0	1332
9136	17	11	1269	30	0	1327
9137	10	14	1255	19	0	1298
9138	1232	8	39	13	0	1292
9139	34	6	15	1233	0	1288
9140	16	8	1214	28	0	1266
9141	10	11	1174	18	0	1213
9142	12	1151	35	16	0	1214
9143	13	25	24	1075	0	1137
9144	10	1135	12	26	0	1183
9145	8	24	11	1083	0	1126
9146	1109	13	8	27	0	1157
9147	23	10	5	1135	0	1173
9148	16	6	4	1145	0	1171
9149	1145	7	4	37	0	1193
9150	30	3	7	1218	0	1258
9151	12	5	10	1236	0	1263
9152	9	1261	5	35	0	1310
9153	1265	22	3	23	0	1313
9154	1280	11	4	18	0	1313
9155	33	6	7	1275	0	1321
9156	18	10	5	1275	0	1308
9157	14	6	5	1272	0	1297
9158	10	1214	5	39	0	1268
9159	9	1270	6	17	0	1302
9160	14	29	7	1233	0	1283
9161	1032	9	3	19	0	1063
9162	1032	6	5	7	0	1050
9163	17	1023	2	6	0	1048
9164	970	15	2	9	0	996
9165	14	962	3	6	0	985
9166	6	987	5	3	0	1001
9167	10	16	22	919	0	967
9168	898	4	2	18	0	922
9169	13	874	2	6	0	895
9170	6	890	3	8	0	907
9171	10	10	2	887	0	909
9172	5	6	4	902	0	917
9173	4	3	888	14	0	909
9174	855	5	8	14	0	882
9175	870	2	3	13	0	888
9176	12	2	882	6	0	902
9177	7	3	857	4	0	871
9178	6	3	10	871	0	890
9179	5	2	5	907	0	919
9180	3	882	5	16	0	906
9181	4	14	2	906	0	926
9182	4	3	886	19	0	912
9183	3	5	11	887	0	906
9184	8	2	3	908	0	921
9185	882	6	2	23	0	913
9186	13	1	870	11	0	895
9187	831	5	12	13	0	861
9188	19	7	843	6	0	875
9189	7	4	13	809	0	833
9190	5	1	809	15	0	830
9191	4	4	804	8	0	820
9192	10	2	16	781	0	809
9193	754	8	8	29	0	799
9194	741	5	4	9	0	759
9195	12	759	4	6	0	781
9196	744	14	1	5	0	764
9197	740	5	2	8	0	755
9198	15	742	4	2	0	763
9199	7	10	3	743	0	763
9200	5	4	2	753	0	764
9201	2	4	3	754	0	763
9202	2	2	5	761	0	770
9203	2	3	740	17	0	762
9204	727	2	12	5	0	746
9205	13	2	3	753	0	771
9206	2	6	4	740	0	752
9207	2	737	5	15	0	759
9208	5	17	2	750	0	774
9209	2	6	735	21	0	764
9210	709	6	13	13	0	741
9211	17	1	748	5	0	771
9212	7	3	12	741	0	763
9213	729	2	5	17	0	753
9214	12	751	2	9	0	774
9215	7	15	3	786	0	811
9216	5	6	775	13	0	799
9217	5	4	12	779	0	800
9218	772	2	4	23	0	801
9219	16	1	784	7	0	808
9220	7	3	762	5	0	777
9221	1	725	18	6	0	750
9222	702	17	4	10	0	733
9223	15	716	2	6	0	739
9224	7	19	703	4	0	733
9225	5	5	671	5	0	686
9226	3	656	13	6	0	678
9227	552	7	3	6	0	568
9228	11	560	2	3	0	576
9229	4	8	2	553	0	567
9230	3	2	4	569	0	578
9231	4	4	553	8	0	569
9232	6	2	7	539	0	554
9233	2	3	557	9	0	571
9234	564	1	10	3	0	578
9235	576	1	5	4	0	586
9236	578	3	2	5	0	588
9237	11	1	563	4	0	579
9238	574	2	9	1	0	586
9239	9	4	2	558	0	573
9240	4	579	1	11	0	595
9241	577	8	2	5	0	592
9242	8	3	559	3	0	573
9243	560	0	10	6	0	576
9244	576	2	4	3	0	585
9245	16	0	567	6	0	589
9246	4	570	11	4	0	589
9247	8	15	4	556	0	583
9248	4	1	569	10	0	584
9249	3	1	536	6	0	546
9250	4	13	8	448	0	473
9251	3	2	451	6	0	462
9252	4	0	7	433	0	444
9253	5	0	3	407	0	415
9254	9	0	0	448	0	457
9255	1	1	451	6	0	459
9256	3	2	5	457	0	467
9257	0	0	460	10	0	470
9258	1	3	8	460	0	472
9259	464	0	3	12	0	479
9260	10	0	5	475	0	490
9261	4	483	3	8	0	498
9262	4	8	1	515	0	528
9263	517	2	3	12	0	534
9264	10	527	1	5	0	543
9265	4	10	3	538	0	555
9266	530	2	4	11	0	547
9267	9	2	522	4	0	537
9268	4	0	10	525	0	539
9269	3	1	543	11	0	558
9270	1	2	551	7	0	561
9271	2	2	10	543	0	557
9272	545	2	5	13	0	565
9273	10	3	540	7	0	560
9274	527	4	9	5	0	545
9275	11	1	4	562	0	578
9276	6	0	564	11	0	581
9277	6	0	560	4	0	570
9278	2	1	584	6	0	593
9279	3	12	14	539	0	568
9280	559	0	11	12	0	582
9281	11	537	3	5	0	556
9282	7	9	3	535	0	554
9283	6	2	4	548	0	560
9284	546	3	1	10	0	560
9285	544	1	4	5	0	554
9286	8	547	5	3	0	563
9287	554	8	8	1	0	571
9288	559	2	6	2	0	569
9289	12	1	3	553	0	569
9290	7	3	554	6	0	570
9291	546	4	7	6	0	563
9292	10	1	3	581	0	595
9293	8	1	1	577	0	587
9294	578	0	3	14	0	595
9295	9	1	4	545	0	559
9296	7	5	4	568	0	584
9297	566	0	1	17	0	584
9298	16	582	3	4	0	605
9299	585	12	2	3	0	602
9300	12	3	585	4	0	604
9301	581	0	11	4	0	596
9302	13	1	4	579	0	597
9303	7	603	1	14	0	625
9304	4	11	2	616	0	633
9305	6	4	3	621	0	634
9306	9	2	0	625	0	636
9307	612	1	4	15	0	632
9308	11	595	5	3	0	614
9309	7	606	4	1	0	618
9310	594	11	2	10	0	617
9311	10	3	625	6	0	644
9312	6	2	606	5	0	619
9313	583	1	21	9	0	614
9314	8	0	609	8	0	625
9315	6	1	7	575	0	589
9316	10	3	2	561	0	576
9317	6	3	1	623	0	633
9318	3	4	3	627	0	637
9319	6	590	2	14	0	612
9320	5	9	5	626	0	645
9321	2	7	617	10	0	636
9322	6	1	11	608	0	626
9323	2	2	594	15	0	613
9324	3	0	570	11	0	584
9325	1	2	12	580	0	595
9326	4	1	585	17	0	607
9327	5	0	11	596	0	612
9328	592	3	6	12	0	613
9329	14	3	586	7	0	610
9330	585	3	13	2	0	603
9331	12	0	7	598	0	617
9332	10	0	590	11	0	611
9333	2	580	13	9	0	604
9334	3	13	7	588	0	611
9335	3	3	613	15	0	634
9336	3	0	12	611	0	626
9337	616	0	2	23	0	641
9338	626	1	3	7	0	637
9339	657	5	1	5	0	668
9340	19	5	1	636	0	661
9341	11	0	3	659	0	673
9342	2	3	4	661	0	670
9343	677	1	5	21	0	704
9344	17	683	6	5	0	711
9345	9	12	2	681	0	704
9346	4	4	2	699	0	709
9347	680	3	2	24	0	709
9348	18	699	2	15	0	734
9349	9	13	3	743	0	768
9350	734	6	2	26	0	768
9351	740	2	0	13	0	755
9352	25	2	4	735	0	766
9353	735	4	3	28	0	770
9354	25	2	4	733	0	764
9355	10	2	751	21	0	784
9356	5	1	21	735	0	762
9357	7	1	11	755	0	774
9358	11	0	4	765	0	780
9359	730	0	2	31	0	763
9360	21	709	3	15	0	748
9361	700	18	1	11	0	730
9362	17	650	1	9	0	677
9363	6	666	2	11	0	685
9364	651	22	2	5	0	680
9365	13	667	2	4	0	686
9366	8	16	2	669	0	695
9367	671	4	4	18	0	697
9368	684	3	1	6	0	694
9369	18	3	0	657	0	678
9370	12	3	0	662	0	677
9371	6	665	1	21	0	693
9372	693	13	1	18	0	725
9373	686	4	0	14	0	704
9374	21	726	1	4	0	752
9375	7	748	1	2	0	758
9376	6	22	1	755	0	784
9377	753	7	1	23	0	784
9378	19	3	3	756	0	781
9379	11	4	3	776	0	794
9380	7	3	745	23	0	778
9381	4	3	759	6	0	772
9382	7	5	21	760	0	793
9383	1	1	760	26	0	788
9384	5	756	19	10	0	790
9385	5	18	4	773	0	800
9386	2	10	3	783	0	798
9387	2	2	3	796	0	803
9388	4	5	769	27	0	805
9389	3	0	743	20	0	766
9390	719	0	17	9	0	745
9391	19	768	7	5	0	799
9392	739	18	3	8	0	768
9393	21	4	1	739	0	765
9394	765	4	4	20	0	793
9395	22	4	2	758	0	786
9396	6	759	2	18	0	785
9397	747	17	3	12	0	779
9398	21	3	734	7	0	765
9399	5	747	12	6	0	770
9400	749	15	5	5	0	774
9401	16	4	5	742	0	767
9402	5	746	3	15	0	769
9403	8	17	0	758	0	783
9404	752	7	0	20	0	779
9405	21	6	1	755	0	783
9406	745	3	2	25	0	775
9407	23	5	735	5	0	768
9408	8	3	13	742	0	766
9409	753	2	4	19	0	778
9410	21	3	735	7	0	766
9411	6	709	15	5	0	735
9412	8	15	4	690	0	717
9413	2	6	708	19	0	735
9414	6	3	695	6	0	710
9415	6	12	18	692	0	728
9416	1	2	700	21	0	724
9417	6	3	679	6	0	694
9418	5	2	17	667	0	691
9419	678	1	4	23	0	706
9420	15	0	8	675	0	698
9421	5	2	5	687	0	699
9422	7	6	683	19	0	715
9423	1	2	17	687	0	707
9424	716	3	7	22	0	748
9425	13	2	727	10	0	752
9426	4	730	19	8	0	761
9427	8	12	5	748	0	773
9428	764	5	5	19	0	793
9429	16	4	4	760	0	784
9430	6	761	4	17	0	788
9431	7	15	784	8	0	814
9432	11	2	13	791	0	817
9433	830	6	5	19	0	860
9434	18	3	816	7	0	844
9435	11	2	16	863	0	892
9436	906	3	5	23	0	937
9437	962	3	4	9	0	978
9438	23	971	2	9	0	1005
9439	950	21	2	5	0	978
9440	30	3	0	942	0	975
9441	9	6	957	21	0	993
9442	4	924	23	6	0	957
9443	5	947	3	9	0	964
9444	6	17	6	921	0	950
9445	4	7	5	947	0	963
9446	6	4	929	22	0	961
9447	5	889	22	8	0	924
9448	1	889	4	10	0	904
9449	7	13	4	864	0	888
9450	863	4	2	16	0	885
9451	14	861	4	2	0	881
9452	4	13	2	872	0	891
9453	883	3	0	19	0	905
9454	14	4	4	877	0	899
9455	4	5	1	867	0	877
9456	7	6	2	868	0	883
9457	3	2	2	877	0	884
9458	856	4	1	26	0	887
9459	16	4	5	869	0	894
9460	1	4	864	20	0	889
9461	842	6	11	5	0	864
9462	14	5	846	8	0	873
9463	6	1	890	7	0	904
9464	9	4	13	890	0	916
9465	4	2	5	914	0	925
9466	7	1	5	919	0	932
9467	899	2	2	24	0	927
9468	16	0	885	13	0	914
9469	880	0	11	16	0	907
9470	901	2	2	13	0	918
9471	24	2	930	5	0	961
9472	910	2	13	8	0	933
9473	20	2	915	6	0	943
9474	6	911	18	7	0	942
9475	7	14	6	895	0	922
9476	3	3	6	930	0	942
9477	7	6	4	899	0	916
9478	3	2	3	900	0	908
9479	1	1	903	22	0	927
9480	5	1	879	7	0	892
9481	2	2	18	882	0	904
9482	3	5	889	14	0	911
9483	843	3	16	9	0	871
9484	900	1	3	9	0	913
9485	15	2	5	881	0	903
9486	877	4	4	17	0	902
9487	16	920	3	7	0	946
9488	926	11	1	12	0	950
9489	17	1	935	9	0	962
9490	3	5	16	921	0	945
9491	6	951	2	23	0	982
9492	965	14	7	10	0	996
9493	16	2	4	981	0	1003
9494	4	4	962	20	0	990
9495	6	4	16	951	0	977
9496	952	2	4	20	0	978
9497	17	2	961	6	0	986
9498	4	3	17	960	0	984
9499	6	3	4	974	0	987
9500	5	5	962	17	0	989
9501	7	947	14	9	0	977
9502	17	797	8	7	0	829
9503	8	12	6	981	0	1007
9504	7	4	4	1005	0	1020
9505	9	3	3	1019	0	1034
9506	1000	3	3	22	0	1028
9507	1017	2	1	12	0	1032
9508	20	2	7	1012	0	1041
9509	1006	5	0	26	0	1037
9510	17	1023	6	9	0	1055
9511	5	15	5	1045	0	1070
9512	3	3	4	1065	0	1075
9513	7	4	5	1064	0	1080
9514	1016	3	8	27	0	1054
9515	18	1020	7	9	0	1054
9516	4	15	3	1033	0	1055
9517	1022	1	4	24	0	1051
9518	22	2	2	1030	0	1056
9519	9	2	4	1040	0	1055
9520	8	1002	4	21	0	1035
9521	5	1038	4	8	0	1055
9522	7	13	2	1048	0	1070
9523	6	3	3	1061	0	1073
9524	987	2	2	23	0	1014
9525	22	4	3	992	0	1021
9526	5	4	978	24	0	1011
9527	11	0	15	957	0	983
9528	5	942	4	24	0	975
9529	950	14	7	15	0	986
9530	19	1	4	965	0	989
9531	7	5	4	942	0	958
9532	4	955	4	21	0	984
9533	917	13	2	12	0	944
9534	19	931	2	7	0	959
9535	9	16	1	901	0	927
9536	8	2	870	15	0	895
9537	3	15	11	802	0	831
9538	798	1	0	15	0	814
9539	11	798	4	1	0	814
9540	3	10	1	790	0	804
9541	1	762	2	12	0	777
9542	1	13	0	791	0	805
9543	1	2	781	13	0	797
9544	3	5	12	771	0	791
9545	1	0	1	797	0	799
9546	2	1	3	799	0	805
9547	773	0	0	16	0	789
9548	797	0	1	6	0	804
9549	12	783	1	1	0	797
9550	784	14	2	5	0	805
9551	14	775	1	2	0	792
9552	0	802	1	3	0	806
9553	766	14	1	4	0	785
9554	13	4	746	1	0	764
9555	1	3	10	744	0	758
9556	5	1	0	762	0	768
9557	3	1	2	785	0	791
9558	759	0	0	17	0	776
9559	11	763	0	4	0	778
9560	2	11	1	776	0	790
9561	3	778	1	9	0	791
9562	821	14	0	5	0	840
9563	17	2	1	817	0	837
9564	7	6	1	934	0	948
9565	10	998	0	24	0	1032
9566	2	21	1	1065	0	1089
9567	2	5	1	1079	0	1087
9568	1022	6	2	33	0	1063
9569	22	995	0	13	0	1030
9570	8	1031	1	8	0	1048
9571	6	26	0	990	0	1022
9572	2	9	961	24	0	996
9573	2	4	965	10	0	981
9574	5	2	26	927	0	960
9575	5	4	946	23	0	978
9576	3	2	22	939	0	966
9577	9	4	6	909	0	928
9578	9	3	5	977	0	994
9579	941	3	1	36	0	981
9580	25	3	0	954	0	982
9581	12	3	1	945	0	961
9582	9	941	4	27	0	981
9583	5	24	2	978	0	1009
9584	1	10	966	34	0	1011
9585	3	7	22	964	0	996
9586	5	4	8	988	0	1005
9587	916	3	5	33	0	957
9588	22	6	2	936	0	966
9589	10	4	1	929	0	944
9590	7	3	4	940	0	954
9591	858	2	2	42	0	904
9592	25	880	2	18	0	925
9593	11	21	1	878	0	911
9594	9	7	4	896	0	916
9595	2	9	862	35	0	908
9596	6	2	25	883	0	916
9597	827	7	10	33	0	877
9598	22	843	7	20	0	892
9599	9	22	5	830	0	866
9600	9	10	2	847	0	868
9601	4	6	811	40	0	861
9602	773	3	25	24	0	825
9603	23	794	6	20	0	843
9604	791	19	2	17	0	829
9605	22	13	5	797	0	837
9606	10	7	4	813	0	834
9607	8	6	6	827	0	847
9608	9	3	3	830	0	845
9609	793	5	4	41	0	843
9610	26	4	1	767	0	798
9611	10	758	4	34	0	806
9612	14	18	8	778	0	818
9613	6	12	5	794	0	817
9614	766	6	2	35	0	809
9615	22	756	2	18	0	798
9616	13	22	4	781	0	820
9617	752	10	1	37	0	800
9618	776	6	4	28	0	814
9619	33	2	5	779	0	819
9620	13	1	747	35	0	796
9621	749	5	19	22	0	795
9622	24	4	7	757	0	792
9623	9	4	732	37	0	782
9624	8	5	21	776	0	810
9625	6	4	9	786	0	805
9626	3	7	5	791	0	806
9627	14	782	2	33	0	831
9628	8	31	2	822	0	863
9629	7	10	3	837	0	857
9630	6	7	2	840	0	855
9631	10	2	4	837	0	853
9632	5	5	2	817	0	829
9633	11	4	3	813	0	831
9634	755	4	1	41	0	801
9635	17	1	721	23	0	762
9636	11	699	15	14	0	739
9637	693	16	7	9	0	725
9638	19	697	5	5	0	726
9639	694	18	0	12	0	724
9640	19	8	3	701	0	731
9641	701	3	5	23	0	732
9642	21	0	2	716	0	739
9643	11	4	5	708	0	728
9644	9	701	3	25	0	738
9645	710	16	2	22	0	750
9646	16	7	732	19	0	774
9647	12	3	13	739	0	767
9648	6	2	747	27	0	782
9649	6	4	729	18	0	757
9650	732	4	18	17	0	771
9651	18	6	7	746	0	777
9652	12	2	734	24	0	772
9653	3	1	743	21	0	768
9654	6	2	20	761	0	789
9655	9	3	6	794	0	812
9656	776	2	5	31	0	814
9657	21	4	2	782	0	809
9658	12	1	819	27	0	859
9659	7	3	17	850	0	877
9660	11	3	10	832	0	856
9661	5	869	4	23	0	901
9662	836	13	2	14	0	865
9663	13	830	6	7	0	856
9664	699	5	1	13	0	718
9665	5	640	0	3	0	648
9666	0	603	1	2	0	606
9667	1	2	0	609	0	612
9668	5	0	0	602	0	607
9669	0	1	1	608	0	610
9670	594	1	1	6	0	602
9671	4	0	588	0	0	592
9672	0	0	2	587	0	589
9673	588	0	1	3	0	592
9674	2	583	0	1	0	586
9675	0	566	0	1	0	567
9676	2	6	0	566	0	574
9677	1	1	0	556	0	558
9678	1	0	0	554	0	555
9679	0	557	2	2	0	561
9680	1	2	0	560	0	563
9681	0	1	556	2	0	559
9682	0	0	525	1	0	526
9683	528	0	2	2	0	532
9684	4	0	0	544	0	548
9685	541	0	1	4	0	546
9686	534	1	0	1	0	536
9687	3	536	0	0	0	539
9688	529	3	0	4	0	536
9689	560	0	0	4	0	564
9690	2	0	0	564	0	566
9691	1	0	0	562	0	563
9692	0	1	577	3	0	581
9693	1	586	3	0	0	590
9694	2	2	0	552	0	556
9695	2	0	0	609	0	611
9696	605	0	1	6	0	612
9697	3	0	0	608	0	611
9698	592	0	1	11	0	604
9699	3	0	0	625	0	628
9700	1	650	0	2	0	653
9701	675	3	0	4	0	682
9702	5	0	1	779	0	785
9703	3	2	0	828	0	833
9704	2	0	0	876	0	878
9705	1	1	856	18	0	876
9706	4	0	13	871	0	888
9707	878	0	2	20	0	900
9708	14	0	2	914	0	930
9709	2	0	0	1045	0	1047
9710	3	0	1	1050	0	1054
9711	0	1020	1	26	0	1047
9712	6	1058	0	4	0	1068
9713	1034	26	0	13	0	1073
9714	24	1062	1	5	0	1092
9715	1047	27	1	5	0	1080
9716	1059	5	0	9	0	1073
9717	1069	5	0	4	0	1078
9718	32	6	1028	3	0	1069
9719	8	1036	24	5	0	1073
9720	1063	28	4	6	0	1101
9721	30	8	2	1060	0	1100
9722	14	5	2	1075	0	1096
9723	9	4	1	1073	0	1087
9724	5	1016	2	26	0	1049
9725	10	24	1	1039	0	1074
9726	1024	4	0	33	0	1061
9727	28	5	2	1003	0	1038
9728	9	5	2	1014	0	1030
9729	7	4	997	34	0	1042
9730	8	4	1021	11	0	1044
9731	4	2	28	1023	0	1057
9732	8	2	5	1029	0	1044
9733	3	1026	7	31	0	1067
9734	4	26	3	1030	0	1063
9735	7	5	3	1049	0	1064
9736	7	4	2	1052	0	1065
9737	1022	4	3	42	0	1071
9738	27	3	1037	16	0	1083
9739	13	5	28	1032	0	1078
9740	1033	4	4	38	0	1079
9741	1060	0	2	20	0	1082
9742	32	3	4	1028	0	1067
9743	10	4	6	1062	0	1082
9744	1018	2	3	44	0	1067
9745	33	999	6	14	0	1052
9746	7	1025	1	15	0	1048
9747	16	25	2	1011	0	1054
9748	1015	9	3	36	0	1063
9749	1012	10	1	19	0	1042
9750	1017	5	2	13	0	1037
9751	35	6	1015	8	0	1064
9752	981	7	24	13	0	1025
9753	35	3	1000	11	0	1049
9754	992	7	27	9	0	1035
9755	31	970	9	8	0	1018
9756	12	26	986	12	0	1036
9757	13	4	29	991	0	1037
9758	9	7	1004	30	0	1050
9759	11	5	28	981	0	1025
9760	968	2	7	41	0	1018
9761	31	8	977	13	0	1029
9762	16	4	30	959	0	1009
9763	7	1046	11	36	0	1100
9764	13	28	9	1064	0	1114
9765	15	6	5	1076	0	1102
9766	10	4	7	1060	0	1081
9767	1048	4	8	43	0	1103
9768	1069	7	7	19	0	1102
9769	36	4	5	1060	0	1105
9770	10	7	1040	37	0	1094
9771	9	13	1035	19	0	1076
9772	10	1	28	1057	0	1096
9773	12	5	1099	37	0	1153
9774	11	5	31	1096	0	1143
9775	12	1	5	1094	0	1112
9776	10	5	7	1119	0	1141
9777	13	1034	7	46	0	1100
9778	9	1074	5	23	0	1111
9779	7	29	6	1122	0	1164
9780	8	10	6	1142	0	1166
9781	8	5	6	1138	0	1157
9782	1098	7	4	48	0	1157
9783	31	5	1138	17	0	1191
9784	15	7	25	1152	0	1199
9785	1133	4	8	45	0	1190
9786	30	1140	14	10	0	1194
9787	14	29	3	1199	0	1245
9788	13	6	6	1237	0	1262
9789	14	5	6	1197	0	1222
9790	8	6	6	1198	0	1218
9791	7	3	1170	45	0	1225
9792	1126	2	29	20	0	1177
9793	1165	4	10	21	0	1200
9794	32	1	1162	20	0	1215
9795	1130	7	31	16	0	1184
9796	1180	4	13	14	0	1211
9797	35	6	1159	19	0	1219
9798	14	1221	34	11	0	1280
9799	17	28	7	1209	0	1261
9800	17	6	1252	36	0	1311
9801	10	1201	30	14	0	1255
9802	15	16	1105	8	0	1144
9803	5	1062	20	20	0	1107
9804	11	22	10	1017	0	1060
9805	9	9	1049	16	0	1083
9806	8	2	18	1035	0	1063
9807	4	6	1101	16	0	1127
9808	6	1059	17	8	0	1090
9809	932	2	3	10	0	947
9810	2	907	4	1	0	914
9811	2	979	0	3	0	984
9812	8	3	2	979	0	992
9813	0	0	1	975	0	976
9814	1	1	0	970	0	972
9815	1	2	0	958	0	961
9816	0	0	0	976	0	976
9817	0	0	1084	4	0	1088
9818	5	0	2	1057	0	1064
9819	1	0	1	1142	0	1144
9820	1150	0	1	10	0	1161
9821	1173	0	0	7	0	1180
9822	1182	0	0	4	0	1186
9823	8	0	0	1182	0	1190
9824	1367	0	0	15	0	1382
9825	1521	0	0	15	0	1536
9826	1572	0	0	12	0	1584
9827	16	2	1556	1	0	1575
9828	1556	0	13	0	0	1569
9829	1612	0	2	4	0	1618
9830	1602	0	0	0	0	1602
9831	18	0	2	1587	0	1607
9832	5	1	1612	11	0	1629
9833	6	0	13	1603	0	1622
9834	1644	0	2	17	0	1663
9835	11	1	1	1667	0	1680
9836	2	1765	1	16	0	1784
9837	4	13	1	1803	0	1821
9838	1800	2	1	19	0	1822
9839	1834	1	2	13	0	1850
9840	1809	2	0	15	0	1826
9841	20	1	1917	3	0	1941
9842	12	0	15	1915	0	1942
9843	6	0	2	1980	0	1988
9844	4	0	2004	17	0	2025
9845	0	1951	17	4	0	1972
9846	3	15	1967	4	0	1989
9847	3	2	15	1988	0	2008
9848	2009	1	4	18	0	2032
9849	15	2	2086	4	0	2107
9850	13	0	16	2080	0	2109
9851	4	1	2124	19	0	2148
9852	2062	0	17	11	0	2090
9853	16	0	7	2110	0	2133
9854	7	3	2216	17	0	2243
9855	14	0	16	2189	0	2219
9856	2	2	2230	18	0	2252
9857	5	2224	19	6	0	2254
9858	10	13	4	2207	0	2234
9859	2248	2	1	26	0	2277
9860	20	3	4	2241	0	2268
9861	11	2	4	2210	0	2227
9862	2209	0	2	33	0	2244
9863	21	2087	3	15	0	2126
9864	6	2162	2	9	0	2179
9865	8	19	3	2164	0	2194
9866	6	2178	2	15	0	2201
9867	5	17	2	2198	0	2222
9868	9	3	2	2201	0	2215
9869	2204	3	2	32	0	2241
9870	17	2201	2	11	0	2231
9871	5	20	2189	10	0	2224
9872	4	2281	21	5	0	2311
9873	2240	22	4	10	0	2276
9874	2302	6	6	13	0	2327
9875	37	3	5	2300	0	2345
9876	2342	2	2	34	0	2380
9877	33	2	5	2334	0	2374
9878	2354	2	2	39	0	2397
9879	2391	1	3	19	0	2414
9880	33	1	5	2500	0	2539
9881	2510	2	3	37	0	2552
9882	34	2	2506	6	0	2548
9883	2440	1	25	13	0	2479
9884	38	2	5	2512	0	2557
9885	2521	0	5	44	0	2570
9886	31	2600	6	10	0	2647
9887	18	26	3	2596	0	2643
9888	22	3	3	2597	0	2625
9889	2569	2	2	48	0	2621
9890	36	5	2547	13	0	2601
9891	8	2572	29	14	0	2623
9892	13	27	7	2587	0	2634
9893	9	2637	7	25	0	2678
9894	16	34	3	2658	0	2711
9895	16	7	3	2630	0	2656
9896	7	4	5	2685	0	2701
9897	2650	3	3	60	0	2716
9898	41	3	1	2646	0	2691
9899	2639	8	4	44	0	2695
9900	2625	8	6	21	0	2660
9901	36	8	4	2645	0	2693
9902	2640	1	5	42	0	2688
9903	2615	3	3	34	0	2655
9904	40	2	2644	15	0	2701
9905	18	5	25	2585	0	2633
9906	2633	4	8	40	0	2685
9907	29	2619	10	13	0	2671
9908	2653	28	6	30	0	2717
9909	2672	8	6	23	0	2709
9910	38	7	2602	14	0	2661
9911	17	4	31	2506	0	2558
9912	2750	3	6	50	0	2809
9913	36	2	9	2842	0	2889
9914	22	6	9	2905	0	2942
9915	17	3	7	2932	0	2959
9916	13	3	5	3059	0	3080
9917	2988	6	3	71	0	3068
9918	51	2	3087	20	0	3160
9919	26	7	49	3124	0	3206
9920	11	9	3525	54	0	3599
9921	12	6	3684	24	0	3726
9922	3602	5	107	38	0	3752
9923	95	5	3846	19	0	3965
9924	45	3623	100	16	0	3784
9925	3580	89	58	32	0	3759
9926	3700	40	17	20	0	3777
9927	145	13	8	3582	0	3748
9928	56	10	3641	89	0	3796
9929	22	11	3615	48	0	3696
9930	3638	3	129	37	0	3807
9931	121	3	54	3723	0	3901
9932	3779	1	17	102	0	3899
9933	98	3842	19	55	0	4014
9934	3848	88	22	31	0	3989
9935	3860	40	7	26	0	3933
9936	139	3760	12	16	0	3927
9937	70	96	8	3810	0	3984
9938	3797	47	16	106	0	3966
9939	110	17	3798	43	0	3968
9940	60	3831	95	19	0	4005
9941	54	95	46	3761	0	3956
9942	3752	42	18	117	0	3929
9943	111	3799	16	46	0	3972
9944	3853	99	18	34	0	4004
9945	123	62	3756	8	0	3949
9946	3755	29	97	26	0	3907
9947	135	12	3851	16	0	4014
9948	3786	19	116	17	0	3938
9949	3795	12	54	26	0	3887
9950	157	17	3717	13	0	3904
9951	74	3717	105	13	0	3909
9952	53	97	62	3596	0	3808
9953	36	50	3746	100	0	3932
9954	36	3687	109	45	0	3877
9955	41	100	64	3615	0	3820
9956	45	55	25	3768	0	3893
9957	33	19	3679	147	0	3878
9958	40	11	116	3605	0	3772
9959	34	20	55	3738	0	3847
9960	24	20	3692	146	0	3882
9961	34	10	111	3585	0	3740
9962	24	3663	60	126	0	3873
9963	3686	99	43	80	0	3908
9964	117	59	24	3625	0	3825
9965	64	3716	43	112	0	3935
9966	55	101	35	3533	0	3724
9967	25	3790	35	118	0	3968
9968	56	118	3777	53	0	4004
9969	34	3810	128	45	0	4017
9970	3742	131	72	41	0	3986
9971	3791	60	38	49	0	3938
9972	3860	38	37	47	0	3982
9973	177	20	3847	25	0	4069
9974	94	24	3765	38	0	3921
9975	59	3908	160	21	0	4148
9976	61	122	71	3745	0	3999
9977	61	4003	36	117	0	4217
9978	59	144	30	3636	0	3869
9979	46	3986	46	111	0	4189
9980	3917	140	27	71	0	4155
9981	4247	71	26	47	0	4391
9982	196	56	27	4338	0	4617
9983	107	27	4324	155	0	4613
9984	4232	43	145	88	0	4508
9985	158	4367	78	51	0	4654
9986	119	129	50	4268	0	4566
9987	80	91	37	4243	0	4451
9988	51	4353	41	187	0	4632
9989	4372	149	30	100	0	4651
9990	177	92	4319	51	0	4639
9991	124	61	135	4305	0	4625
9992	4348	32	87	169	0	4636
9993	4358	40	62	85	0	4545
9994	229	4288	45	43	0	4605
9995	146	137	54	4138	0	4475
9996	78	4348	42	127	0	4595
9997	4401	162	23	102	0	4688
9998	165	99	4370	58	0	4692
9999	103	73	4420	42	0	4638
10000	78	54	192	4291	0	4615
10001	52	63	96	4296	0	4507
10002	55	4321	66	197	0	4639
10003	72	140	57	4362	0	4631
10004	36	86	4295	188	0	4605
10005	4190	52	153	118	0	4513
10006	165	43	81	4333	0	4622
10007	92	61	4288	172	0	4613
10008	85	34	151	4311	0	4581
10009	69	41	98	4268	0	4476
10010	50	4307	54	201	0	4612
10011	62	141	45	4324	0	4572
10012	56	99	46	4238	0	4439
10013	51	58	35	4260	0	4404
10014	3972	52	42	228	0	4294
10015	145	3901	40	119	0	4205
10016	94	3917	26	79	0	4116
10017	3783	143	35	76	0	4037
10018	3677	73	31	64	0	3845
10019	172	3486	26	47	0	3731
10020	65	3165	24	24	0	3278
10021	2772	79	8	30	0	2889
10022	64	2781	9	21	0	2875
10023	40	2798	12	16	0	2866
10024	2719	66	11	32	0	2828
10025	55	2752	11	15	0	2833
10026	2701	62	7	23	0	2793
10027	2646	39	8	27	0	2720
10028	2620	31	13	20	0	2684
10029	74	2630	9	24	0	2737
10030	40	2658	8	13	0	2719
10031	48	65	7	2548	0	2668
10032	31	2619	5	47	0	2702
10033	36	70	8	2614	0	2728
10034	2673	36	5	66	0	2780
10035	57	29	9	2658	0	2753
10036	37	2644	8	57	0	2746
10037	2585	49	6	47	0	2687
10038	49	2570	9	30	0	2658
10039	43	2624	2	22	0	2691
10040	46	90	10	2487	0	2633
10041	17	2578	7	46	0	2648
10042	2532	53	7	41	0	2633
10043	51	42	2505	20	0	2618
10044	31	2456	40	23	0	2550
10045	36	47	27	2466	0	2576
10046	23	32	2482	54	0	2591
10047	21	34	44	2432	0	2531
10048	28	18	29	2466	0	2541
10049	19	24	16	2510	0	2569
10050	21	23	17	2497	0	2558
10051	18	16	2457	93	0	2584
10052	16	2441	47	58	0	2562
10053	2424	50	28	55	0	2557
10054	51	37	2415	29	0	2532
10055	2407	25	48	26	0	2506
10056	55	30	2428	24	0	2537
10057	48	18	53	2443	0	2562
10058	31	15	2449	51	0	2546
10059	26	15	2460	46	0	2547
10060	26	15	75	2437	0	2553
10061	35	15	48	2318	0	2416
10062	15	17	25	2507	0	2564
10063	25	20	23	2479	0	2547
10064	2446	18	19	95	0	2578
10065	54	13	2417	59	0	2543
10066	2449	18	51	49	0	2567
10067	2449	16	36	45	0	2546
10068	2412	12	18	42	0	2484
10069	2400	19	23	31	0	2473
10070	2429	23	16	23	0	2491
10071	106	13	9	2342	0	2470
10072	55	19	2262	57	0	2393
10073	42	14	2148	46	0	2250
10074	32	2179	58	34	0	2303
10075	2034	61	40	39	0	2174
10076	50	48	18	1989	0	2105
10077	47	31	12	1957	0	2047
10078	28	1934	10	69	0	2041
10079	28	1916	8	44	0	1996
10080	25	1906	9	22	0	1962
10081	1591	34	14	28	0	1667
10082	27	32	2	1369	0	1430
10083	17	1340	7	19	0	1383
10084	14	17	6	1352	0	1389
10085	8	22	1359	21	0	1410
10086	15	10	1379	18	0	1422
10087	11	7	25	1512	0	1555
10088	1530	5	16	37	0	1588
10089	1636	9	5	26	0	1676
10090	1634	14	5	11	0	1664
10091	51	9	1657	7	0	1724
10092	26	11	29	1637	0	1703
10093	16	8	13	1715	0	1752
10094	12	10	1644	45	0	1711
10095	1539	14	29	30	0	1612
10096	36	10	1641	17	0	1704
10097	21	5	1600	8	0	1634
10098	15	9	1588	9	0	1621
10099	14	6	45	1549	0	1614
10100	15	4	25	1589	0	1633
10101	9	8	1623	45	0	1685
10102	14	3	37	1622	0	1676
10103	1611	6	20	49	0	1686
10104	34	3	11	1654	0	1702
10105	17	9	1682	46	0	1754
10106	20	4	1762	24	0	1810
10107	14	3	47	1724	0	1788
10108	1819	5	25	51	0	1900
10109	46	1910	19	22	0	1997
10110	1979	37	14	22	0	2052
10111	2008	19	12	21	0	2060
10112	72	13	2008	17	0	2110
10113	46	4	48	1990	0	2088
10114	2053	3	33	55	0	2144
10115	2045	5	27	35	0	2112
10116	64	2046	20	23	0	2153
10117	49	38	16	2046	0	2149
10118	32	22	12	2101	0	2167
10119	20	14	2046	69	0	2149
10120	23	5	43	2035	0	2106
10121	16	9	2066	63	0	2154
10122	18	3	2036	34	0	2091
10123	26	1	65	1981	0	2073
10124	1989	1	38	58	0	2086
10125	49	1939	27	39	0	2054
10126	1955	41	16	31	0	2043
10127	1978	27	16	25	0	2046
10128	71	1977	13	12	0	2073
10129	42	38	10	1878	0	1968
10130	1877	21	13	47	0	1958
10131	48	1877	15	28	0	1968
10132	1838	38	14	33	0	1923
10133	54	1760	10	10	0	1834
10134	43	48	4	1677	0	1772
10135	26	23	4	1717	0	1770
10136	1650	14	7	57	0	1728
10137	1656	7	9	40	0	1712
10138	53	1670	10	25	0	1758
10139	36	34	1616	14	0	1700
10140	23	22	1631	10	0	1686
10141	18	20	53	1563	0	1654
10142	10	1652	29	40	0	1731
10143	10	33	17	1685	0	1745
10144	15	16	14	1698	0	1743
10145	21	9	9	1699	0	1738
10146	17	6	1645	65	0	1733
10147	16	10	1642	28	0	1696
10148	7	1687	52	30	0	1776
10149	15	40	26	1675	0	1756
10150	14	23	17	1735	0	1789
10151	11	15	1686	58	0	1770
10152	1568	17	39	37	0	1661
10153	46	9	23	1687	0	1765
10154	23	6	1699	55	0	1783
10155	1636	4	43	38	0	1721
10156	39	1722	23	19	0	1803
10157	30	42	1824	12	0	1908
10158	20	23	51	1832	0	1926
10159	1843	17	25	57	0	1942
10160	48	5	1874	32	0	1959
10161	29	11	44	1887	0	1971
10162	27	7	26	1905	0	1965
10163	16	8	17	2008	0	2049
10164	2000	9	16	78	0	2103
10165	47	1960	14	41	0	2062
10166	29	47	11	2019	0	2106
10167	20	28	2065	56	0	2169
10168	20	15	50	2028	0	2113
10169	15	2007	20	64	0	2106
10170	9	2107	24	32	0	2172
10171	2065	56	20	31	0	2172
10172	2113	25	10	24	0	2172
10173	62	21	2078	21	0	2182
10174	2056	12	49	24	0	2141
10175	63	2079	30	13	0	2185
10176	2119	46	21	18	0	2204
10177	67	19	14	2105	0	2205
10178	32	19	2133	50	0	2234
10179	34	7	51	2117	0	2209
10180	25	18	2137	64	0	2244
10181	2074	11	55	38	0	2178
10182	53	15	30	2154	0	2252
10183	34	2211	23	54	0	2322
10184	32	54	10	2240	0	2336
10185	15	28	2231	65	0	2339
10186	11	2171	57	37	0	2276
10187	1993	40	14	40	0	2087
10188	39	1979	19	15	0	2052
10189	19	1910	11	14	0	1954
10190	31	47	10	1834	0	1922
10191	14	1845	15	29	0	1903
10192	16	45	11	1879	0	1951
10193	13	22	1852	46	0	1933
10194	1738	19	27	23	0	1807
10195	1829	13	15	17	0	1874
10196	56	6	1819	11	0	1892
10197	1762	11	38	15	0	1826
10198	44	1815	17	16	0	1892
10199	1838	33	13	13	0	1897
10200	48	23	5	1807	0	1883
10201	23	13	1855	36	0	1927
10202	14	1905	33	18	0	1970
10203	13	33	19	1913	0	1978
10204	10	15	14	1925	0	1964
10205	1835	9	4	61	0	1909
10206	1749	5	12	27	0	1793
10207	46	1724	8	20	0	1798
10208	15	1563	6	12	0	1596
10209	6	1541	9	6	0	1562
10210	22	36	5	1482	0	1545
10211	1490	3	5	18	0	1516
10212	1485	4	2	7	0	1498
10213	20	4	2	1465	0	1491
10214	6	4	2	1465	0	1477
10215	1456	4	2	23	0	1485
10216	22	1	1	1456	0	1480
10217	3	3	1508	21	0	1535
10218	1487	3	16	7	0	1513
10219	1535	2	1	8	0	1546
10220	19	3	1559	2	0	1583
10221	1624	3	18	9	0	1654
10222	22	4	1	1677	0	1704
10223	8	3	2	1678	0	1691
10224	8	1	4	1699	0	1712
10225	1651	1	5	23	0	1680
10226	17	1686	1	6	0	1710
10227	5	20	1	1699	0	1725
10228	4	1667	1	19	0	1691
10229	1678	19	1	9	0	1707
10230	24	2	3	1708	0	1737
10231	6	5	2	1717	0	1730
10232	4	1707	5	23	0	1739
10233	6	22	1726	5	0	1759
10234	8	2	18	1743	0	1771
10235	1748	1	4	29	0	1782
10236	1892	3	6	13	0	1914
10237	34	9	2023	5	0	2071
10238	16	3	36	2055	0	2110
10239	8	2116	9	33	0	2166
10240	15	40	6	2151	0	2212
10241	2119	10	20	51	0	2200
10242	2139	6	3	20	0	2168
10243	53	5	0	2120	0	2178
10244	14	2080	3	37	0	2134
10245	2204	41	1	20	0	2266
10246	46	12	4	2273	0	2335
10247	2240	6	4	49	0	2299
10248	2385	6	2	20	0	2413
10249	59	5	2	2375	0	2441
10250	18	4	4	2404	0	2430
10251	19	4	1	2447	0	2471
10252	10	2451	4	55	0	2520
10253	15	40	1	2478	0	2534
10254	16	11	1	2477	0	2505
10255	9	7	2372	58	0	2446
10256	10	13	2288	18	0	2329
10257	21	5	47	2248	0	2321
10258	2252	2	16	59	0	2329
10259	42	2272	15	15	0	2344
10260	2233	42	8	19	0	2302
10261	44	10	2270	16	0	2340
10262	15	9	2175	15	0	2214
10263	11	2244	47	10	0	2312
10264	17	40	31	2210	0	2298
10265	16	10	2227	43	0	2296
10266	7	9	2314	18	0	2348
10267	15	14	41	2254	0	2324
10268	2272	7	15	48	0	2342
10269	2307	4	10	24	0	2345
10270	58	5	5	2253	0	2321
10271	16	7	2490	42	0	2555
10272	23	3	40	2521	0	2587
10273	18	2	13	2535	0	2568
10274	7	2552	10	46	0	2615
10275	2571	38	7	28	0	2644
10276	2578	13	4	27	0	2622
10277	47	2583	9	16	0	2655
10278	28	39	10	2503	0	2580
10279	19	2584	4	41	0	2648
10280	2565	35	4	25	0	2629
10281	43	18	2553	13	0	2627
10282	22	10	2444	10	0	2486
10283	17	8	2436	12	0	2473
10284	21	7	45	2436	0	2509
10285	18	6	16	2468	0	2508
10286	2468	7	11	60	0	2546
10287	41	3	9	2480	0	2533
10288	21	8	6	2588	0	2623
10289	13	5	2762	59	0	2839
10290	9	13	2662	25	0	2709
10291	2683	6	47	23	0	2759
10292	40	2744	19	20	0	2823
10293	2822	36	15	20	0	2893
10294	46	14	10	2852	0	2922
10295	26	9	7	2849	0	2891
10296	13	2841	12	48	0	2914
10297	16	35	9	2859	0	2919
10298	2834	13	10	55	0	2912
10299	42	13	8	2858	0	2921
10300	18	12	2926	45	0	3001
10301	8	2857	41	29	0	2935
10302	2819	38	20	26	0	2903
10303	2886	12	15	24	0	2937
10304	2871	8	7	31	0	2917
10305	2883	7	10	23	0	2923
10306	55	6	11	2854	0	2926
10307	31	5	6	2894	0	2936
10308	16	8	2865	49	0	2938
10309	18	5	37	2850	0	2910
10310	15	8	2849	54	0	2926
10311	16	7	36	2860	0	2919
10312	2844	10	19	57	0	2930
10313	42	2931	14	25	0	3012
10314	24	42	11	2998	0	3075
10315	22	14	6	3040	0	3082
10316	3003	9	4	69	0	3085
10317	2897	8	10	37	0	2952
10318	53	12	2920	19	0	3004
10319	18	2953	41	21	0	3033
10320	19	33	18	2962	0	3032
10321	18	14	12	2938	0	2982
10322	2914	11	10	69	0	3004
10323	2899	9	8	36	0	2952
10324	50	8	2935	18	0	3011
10325	24	4	2896	18	0	2942
10326	20	7	50	2873	0	2950
10327	24	4	21	2927	0	2976
10328	17	5	2893	49	0	2964
10329	2762	10	44	32	0	2848
10330	46	7	19	2908	0	2980
10331	2844	3	11	73	0	2931
10332	50	2835	9	23	0	2917
10333	2837	37	7	30	0	2911
10334	51	10	3122	18	0	3201
10335	24	3074	49	12	0	3159
10336	19	2958	17	17	0	3011
10337	2791	26	22	27	0	2866
10338	2721	10	19	23	0	2773
10339	37	9	1	2700	0	2747
10340	8	2696	5	26	0	2735
10341	9	2730	10	8	0	2757
10342	12	23	4	2750	0	2789
10343	2739	6	2	42	0	2789
10344	2799	10	3	22	0	2834
10345	32	5	2723	7	0	2767
10346	2586	3	19	19	0	2627
10347	31	2829	7	4	0	2871
10348	2893	22	3	18	0	2936
10349	29	3515	7	4	0	3555
10350	10	3759	5	21	0	3795
10351	31	81	9	4167	0	4288
10352	4500	30	5	106	0	4641
10353	4577	21	2	53	0	4653
10354	144	9	4467	24	0	4644
10355	83	3	104	4475	0	4665
10356	4541	3	40	131	0	4715
10357	144	4	21	4575	0	4744
10358	4589	2	12	144	0	4747
10359	4596	1	15	73	0	4685
10360	167	6	4539	40	0	4752
10361	110	8	102	4424	0	4644
10362	60	4	41	4581	0	4686
10363	51	6	20	4598	0	4675
10364	33	7	4430	170	0	4640
10365	40	0	119	4431	0	4590
10366	36	2	50	4305	0	4393
10367	14	4297	32	157	0	4500
10368	10	107	4250	89	0	4456
10369	13	4345	117	55	0	4530
10370	4342	127	45	46	0	4560
10371	135	55	34	4132	0	4356
10372	74	40	18	4023	0	4155
10373	38	4114	27	149	0	4328
10374	4071	119	12	92	0	4294
10375	4151	50	11	56	0	4268
10376	229	3932	12	46	0	4219
10377	85	4158	15	38	0	4296
10378	4132	155	4	37	0	4328
10379	140	71	4037	15	0	4263
10380	67	50	4017	20	0	4154
10381	3896	31	141	31	0	4099
10382	125	4033	71	26	0	4255
10383	4078	116	45	40	0	4279
10384	137	58	4053	21	0	4269
10385	4035	32	127	41	0	4235
10386	149	4164	51	18	0	4382
10387	95	128	35	4165	0	4423
10388	72	66	21	4178	0	4337
10389	80	36	20	3859	0	3995
10390	69	24	19	4012	0	4124
10391	46	24	16	3939	0	4025
10392	31	3936	13	187	0	4167
10393	3913	111	15	119	0	4158
10394	129	47	3872	73	0	4121
10395	75	37	107	3928	0	4147
10396	52	36	3931	140	0	4159
10397	48	25	128	3924	0	4125
10398	41	18	66	3988	0	4113
10399	3869	17	50	190	0	4126
10400	126	18	3782	100	0	4026
10401	61	3734	125	71	0	3991
10402	59	113	64	3771	0	4007
10403	47	51	34	3893	0	4025
10404	46	40	3828	183	0	4097
10405	43	36	127	3838	0	4044
10406	34	32	62	3959	0	4087
10407	3718	24	37	207	0	3986
10408	120	3803	22	111	0	4056
10409	3801	120	24	92	0	4037
10410	3894	49	19	77	0	4039
10411	176	43	18	3773	0	4010
10412	101	32	3746	136	0	4015
10413	63	35	3762	65	0	3925
10414	54	24	152	3679	0	3909
10415	45	27	78	3603	0	3753
10416	43	3652	53	171	0	3919
10417	3620	110	47	108	0	3885
10418	134	3597	39	63	0	3833
10419	67	3705	33	53	0	3858
10420	3625	166	21	56	0	3868
10421	152	79	11	3582	0	3824
10422	80	3749	18	128	0	3975
10423	70	138	23	3746	0	3977
10424	39	76	3665	156	0	3936
10425	33	43	3726	95	0	3897
10426	44	26	153	3724	0	3947
10427	22	36	3747	166	0	3971
10428	29	25	152	3744	0	3950
10429	44	25	77	3770	0	3916
10430	31	24	60	3843	0	3958
10431	3641	13	37	212	0	3903
10432	112	3606	37	112	0	3867
10433	54	3759	28	87	0	3928
10434	3416	136	22	80	0	3654
10435	3519	67	18	64	0	3668
10436	162	52	20	3446	0	3680
10437	82	49	3439	128	0	3698
10438	65	45	114	3488	0	3712
10439	52	27	3481	140	0	3700
10440	43	3465	135	91	0	3734
10441	43	119	57	3549	0	3768
10442	3518	53	50	146	0	3767
10443	136	45	29	3565	0	3775
10444	54	28	3395	149	0	3626
10445	3334	27	113	73	0	3547
10446	130	26	3442	58	0	3656
10447	94	23	3315	49	0	3481
10448	53	3176	151	43	0	3423
10449	35	2495	54	22	0	2606
10450	29	2365	55	13	0	2462
10451	1732	66	75	56	0	1929
10452	1527	5	4	8	0	1544
10453	16	2	2	1579	0	1599
10454	4	2	2	1589	0	1597
10455	3	2	0	1628	0	1633
10456	2	1624	2	17	0	1645
10457	1642	11	0	7	0	1660
10458	13	1643	1	5	0	1662
10459	3	15	1	1677	0	1696
10460	1657	3	1	21	0	1682
10461	16	1	1	1662	0	1680
10462	4	3	1	1691	0	1699
10463	1675	2	1	26	0	1704
10464	1664	1	2	16	0	1683
10465	14	2	1691	3	0	1710
10466	5	4	1697	3	0	1709
10467	5	2	1792	1	0	1800
10468	6	1	14	1768	0	1789
10469	6	1	5	1785	0	1797
10470	2	1766	3	19	0	1790
10471	1788	14	5	14	0	1821
10472	17	3	2	1808	0	1830
10473	3	3	1	1857	0	1864
10474	5	1880	2	20	0	1907
10475	5	1974	3	5	0	1987
10476	4	23	3	2071	0	2101
10477	6	3	2	2306	0	2317
10478	2309	1	4	40	0	2354
10479	2321	2	2	17	0	2342
10480	39	4	4	2298	0	2345
10481	7	6	2285	37	0	2335
10482	10	4	2236	8	0	2258
10483	12	2	36	2258	0	2308
10484	12	0	6	2218	0	2236
10485	7	2245	9	37	0	2298
10486	2191	33	4	17	0	2245
10487	35	6	7	2194	0	2242
10488	6	7	2217	37	0	2267
10489	12	6	33	2241	0	2292
10490	7	4	2240	41	0	2292
10491	4	8	2284	14	0	2310
10492	11	8	40	2286	0	2345
10493	2273	5	10	59	0	2347
10494	38	5	2273	14	0	2330
10495	17	4	34	2257	0	2312
10496	10	6	2407	40	0	2463
10497	16	4	36	2388	0	2444
10498	14	1	12	2405	0	2432
10499	9	3	2377	46	0	2435
10500	11	5	2345	15	0	2376
10501	21	5	41	2231	0	2298
10502	7	3	15	2448	0	2473
10503	13	1	12	2447	0	2473
10504	14	2	8	2380	0	2404
10505	2355	4	9	60	0	2428
10506	2358	4	13	30	0	2405
10507	36	2361	12	13	0	2422
10508	2397	31	8	25	0	2461
10509	45	6	6	2451	0	2508
10510	2451	4	11	58	0	2524
10511	45	14	2415	15	0	2489
10512	2430	2	42	34	0	2508
10513	38	5	14	2439	0	2496
10514	17	4	7	2524	0	2552
10515	2479	2	14	70	0	2565
10516	49	5	9	2711	0	2774
10517	10	5	2801	64	0	2880
10518	2757	6	52	42	0	2857
10519	49	2875	18	20	0	2962
10520	26	53	12	2976	0	3067
10521	14	9	3257	62	0	3342
10522	17	5	64	3190	0	3276
10523	8	6	3239	76	0	3329
10524	26	14	70	3222	0	3332
10525	10	3262	25	78	0	3375
10526	22	63	13	3265	0	3363
10527	12	3367	9	81	0	3469
10528	32	78	13	3224	0	3347
10529	32	17	9	3509	0	3567
10530	17	9	8	3547	0	3581
10531	23	8	12	3531	0	3574
10532	24	8	16	3539	0	3587
10533	12	4	3431	117	0	3564
10534	29	7	75	3437	0	3548
10535	15	8	24	3510	0	3557
10536	3376	4	18	132	0	3530
10537	81	3381	16	42	0	3520
10538	3356	75	13	53	0	3497
10539	91	20	13	3379	0	3503
10540	28	13	3382	94	0	3517
10541	6	3373	79	50	0	3508
10542	3308	68	27	51	0	3454
10543	77	3317	18	36	0	3448
10544	23	3438	15	30	0	3506
10545	3333	95	13	50	0	3491
10546	85	31	9	3533	0	3658
10547	3490	21	16	112	0	3639
10548	99	11	9	3441	0	3560
10549	37	16	3452	110	0	3615
10550	26	12	3456	59	0	3553
10551	3253	22	98	56	0	3429
10552	3425	13	39	49	0	3526
10553	115	10	25	3327	0	3477
10554	49	10	18	3393	0	3470
10555	3237	14	14	139	0	3404
10556	91	3192	15	61	0	3359
10557	38	3321	19	36	0	3414
10558	3250	100	14	50	0	3414
10559	3298	35	15	40	0	3388
10560	107	3221	13	44	0	3385
10561	79	80	14	3195	0	3368
10562	40	39	3166	120	0	3365
10563	32	32	3217	48	0	3329
10564	3125	18	120	44	0	3307
10565	103	17	3207	33	0	3360
10566	88	10	84	3064	0	3246
10567	47	16	30	3054	0	3147
10568	22	3071	26	123	0	3242
10569	3088	75	20	61	0	3244
10570	108	45	16	3068	0	3237
10571	54	37	3029	96	0	3216
10572	42	3048	74	54	0	3218
10573	44	97	36	3000	0	3177
10574	29	48	2970	88	0	3135
10575	30	32	2912	64	0	3038
10576	21	2841	109	44	0	3015
10577	2549	64	55	41	0	2709
10578	75	2593	30	29	0	2727
10579	2597	72	35	31	0	2735
10580	73	38	2558	43	0	2712
10581	2479	24	73	51	0	2627
10582	72	2575	42	44	0	2733
10583	61	64	29	2576	0	2730
10584	35	44	17	2676	0	2772
10585	2600	22	31	99	0	2752
10586	67	36	2592	62	0	2757
10587	2573	22	73	59	0	2727
10588	2593	17	48	47	0	2705
10589	89	21	2513	35	0	2658
10590	44	34	2562	36	0	2676
10591	44	26	83	2462	0	2615
10592	2498	40	42	78	0	2658
10593	2527	14	31	52	0	2624
10594	86	2504	42	44	0	2676
10595	74	58	28	2541	0	2701
10596	45	51	17	2480	0	2593
10597	35	28	22	2505	0	2590
10598	32	24	21	2542	0	2619
10599	2477	16	23	108	0	2624
10600	96	16	25	2521	0	2658
10601	63	24	2482	85	0	2654
10602	55	30	2464	44	0	2593
10603	2404	15	90	48	0	2557
10604	81	2398	72	26	0	2577
10605	48	2513	43	40	0	2644
10606	67	76	24	2499	0	2666
10607	62	32	23	2524	0	2641
10608	28	38	31	2504	0	2601
10609	39	19	28	2524	0	2610
10610	34	22	2448	114	0	2618
10611	53	25	60	2437	0	2575
10612	40	16	32	2467	0	2555
10613	44	20	2356	98	0	2518
10614	2242	15	68	79	0	2404
10615	65	2306	50	53	0	2474
10616	2095	49	43	32	0	2219
10617	85	22	2064	26	0	2197
10618	35	29	1993	31	0	2088
10619	23	1954	54	27	0	2058
10620	1715	89	111	63	0	1978
10621	1558	16	18	31	0	1623
10622	1585	7	10	29	0	1631
10623	47	1514	11	27	0	1599
10624	1469	28	27	16	0	1540
10625	31	14	1501	32	0	1578
10626	19	1497	31	31	0	1578
10627	1444	22	38	22	0	1526
10628	42	1491	16	11	0	1560
10629	1421	29	7	15	0	1472
10630	1375	22	11	18	0	1426
10631	35	11	1452	5	0	1503
10632	26	1430	36	11	0	1503
10633	1419	26	18	13	0	1476
10634	34	22	1450	6	0	1512
10635	34	1442	20	9	0	1505
10636	30	18	14	1432	0	1494
10637	11	28	1443	22	0	1504
10638	13	14	1420	19	0	1466
10639	18	6	33	1423	0	1480
10640	1417	15	22	19	0	1473
10641	30	1406	10	15	0	1461
10642	21	23	1387	11	0	1442
10643	22	19	1383	8	0	1432
10644	1325	11	25	8	0	1369
10645	27	1386	32	4	0	1449
10646	1198	6	4	4	0	1212
10647	8	1216	4	1	0	1229
10648	1223	12	3	7	0	1245
10649	1176	3	6	3	0	1188
10650	11	1160	5	0	0	1176
10651	12	8	1	1173	0	1194
10652	1203	4	2	13	0	1222
10653	8	6	6	1210	0	1230
10654	11	3	4	1288	0	1306
10655	1304	1	3	15	0	1323
10656	9	1307	6	7	0	1329
10657	1329	10	2	12	0	1353
10658	15	6	1324	3	0	1348
10659	7	6	8	1321	0	1342
10660	10	3	10	1334	0	1357
10661	1342	4	8	18	0	1372
10662	1326	3	2	15	0	1346
10663	18	5	1	1337	0	1361
10664	14	3	1372	10	0	1399
10665	10	2	9	1367	0	1388
10666	6	4	5	1391	0	1406
10667	12	4	5	1390	0	1411
10668	13	3	3	1405	0	1424
10669	1386	4	3	23	0	1416
10670	11	4	1373	16	0	1404
10671	11	1401	9	12	0	1433
10672	13	9	6	1398	0	1426
10673	13	5	3	1420	0	1441
10674	4	8	1429	16	0	1457
10675	9	2	1386	10	0	1407
10676	6	2	17	1424	0	1449
10677	9	4	8	1440	0	1461
10678	6	3	1417	26	0	1452
10679	11	4	8	1405	0	1428
10680	1423	2	15	23	0	1463
10681	28	1455	11	17	0	1511
10682	12	15	1477	15	0	1519
10683	9	1491	12	17	0	1529
10684	16	18	12	1503	0	1549
10685	13	15	1503	17	0	1548
10686	8	1504	22	16	0	1550
10687	7	19	13	1548	0	1587
10688	6	10	1551	26	0	1593
10689	4	10	19	1548	0	1581
10690	10	7	13	1543	0	1573
10691	1562	1	9	34	0	1606
10692	21	7	8	1542	0	1578
10693	1538	3	11	37	0	1589
10694	1497	6	6	26	0	1535
10695	1497	2	5	25	0	1529
10696	37	6	3	1487	0	1533
10697	24	16	1459	21	0	1520
10698	19	4	1443	17	0	1483
10699	1501	5	25	16	0	1547
10700	15	8	1526	20	0	1569
10701	1428	5	26	19	0	1478
10702	21	1470	16	15	0	1522
10703	1496	10	11	15	0	1532
10704	25	12	1519	8	0	1564
10705	20	12	1507	14	0	1553
10706	21	9	26	1530	0	1586
10707	12	5	1594	28	0	1639
10708	5	6	1629	22	0	1662
10709	17	4	33	1718	0	1772
10710	12	4	17	1770	0	1803
10711	14	4	16	1836	0	1870
10712	6	1837	14	44	0	1901
10713	11	27	5	1818	0	1861
10714	11	1866	11	45	0	1933
10715	1871	38	9	28	0	1946
10716	1873	18	12	21	0	1924
10717	47	14	8	1808	0	1877
10718	26	1796	11	41	0	1874
10719	24	38	1836	26	0	1924
10720	1835	12	37	22	0	1906
10721	45	10	17	1856	0	1928
10722	26	6	19	1858	0	1909
10723	32	13	19	1876	0	1940
10724	1827	4	15	68	0	1914
10725	47	1725	11	36	0	1819
10726	17	1809	8	35	0	1869
10727	1714	41	11	23	0	1789
10728	45	1720	13	19	0	1797
10729	1719	49	15	11	0	1794
10730	1732	21	17	18	0	1788
10731	54	1676	13	16	0	1759
10732	25	41	15	1635	0	1716
10733	22	1665	8	55	0	1750
10734	21	39	9	1676	0	1745
10735	21	16	7	1761	0	1805
10736	1729	29	5	63	0	1826
10737	1775	16	10	36	0	1837
10738	59	13	10	1779	0	1861
10739	32	11	1722	60	0	1825
10740	1683	5	40	32	0	1760
10741	54	1711	23	28	0	1816
10742	27	46	24	1720	0	1817
10743	29	19	20	1748	0	1816
10744	24	21	12	1762	0	1819
10745	1663	13	9	85	0	1770
10746	1663	10	4	68	0	1745
10747	59	1592	13	37	0	1701
10748	41	1631	10	25	0	1707
10749	36	52	8	1606	0	1702
10750	37	30	13	1644	0	1724
10751	27	26	1613	60	0	1726
10752	19	25	43	1617	0	1704
10753	23	17	1577	68	0	1685
10754	16	4	1514	42	0	1576
10755	17	1477	52	26	0	1572
10756	39	39	31	1481	0	1590
10757	1469	21	26	55	0	1571
10758	50	22	24	1477	0	1573
10759	24	23	1441	63	0	1551
10760	1430	12	44	42	0	1528
10761	1468	13	29	29	0	1539
10762	61	16	1454	23	0	1554
10763	37	11	49	1474	0	1571
10764	1447	4	24	51	0	1526
10765	64	1428	19	34	0	1545
10766	1425	52	22	36	0	1535
10767	1495	15	9	41	0	1560
10768	87	18	3	1454	0	1562
10769	46	20	22	1492	0	1580
10770	1477	13	8	75	0	1573
10771	77	15	5	1477	0	1574
10772	34	22	1448	71	0	1575
10773	1446	12	48	48	0	1554
10774	1465	8	18	48	0	1539
10775	64	1405	19	40	0	1528
10776	30	1466	16	32	0	1544
10777	46	49	15	1390	0	1500
10778	27	1453	6	66	0	1552
10779	25	49	16	1458	0	1548
10780	1436	22	5	71	0	1534
10781	1419	18	11	34	0	1482
10782	47	1388	8	39	0	1482
10783	1369	54	19	20	0	1462
10784	66	1349	13	24	0	1452
10785	1381	53	5	28	0	1467
10786	1380	22	14	32	0	1448
10787	58	24	1312	27	0	1421
10788	1340	13	37	19	0	1409
10789	60	1285	16	25	0	1386
10790	40	1331	18	20	0	1409
10791	1346	49	9	22	0	1426
10792	73	21	7	1334	0	1435
10793	36	25	1320	52	0	1433
10794	42	16	48	1305	0	1411
10795	40	17	10	1356	0	1423
10796	24	16	1310	61	0	1411
10797	1269	18	39	40	0	1366
10798	59	1273	16	34	0	1382
10799	1230	31	15	37	0	1313
10800	51	23	21	1203	0	1298
10801	1210	19	6	52	0	1287
10802	56	1211	4	36	0	1307
10803	34	36	16	1225	0	1311
10804	1231	15	7	41	0	1294
10805	45	26	1149	22	0	1242
10806	30	13	1061	24	0	1128
10807	1018	7	38	30	0	1093
10808	52	1000	19	13	0	1084
10809	13	843	15	6	0	877
10810	37	30	10	765	0	842
10811	21	789	4	26	0	840
10812	13	31	14	788	0	846
10813	12	8	11	801	0	832
10814	23	7	5	798	0	833
10815	15	771	9	24	0	819
10816	13	24	6	774	0	817
10817	8	8	764	32	0	812
10818	13	762	14	8	0	797
10819	12	13	5	707	0	737
10820	5	708	7	19	0	739
10821	699	12	5	22	0	738
10822	705	15	1	13	0	734
10823	713	7	8	14	0	742
10824	17	716	17	4	0	754
10825	19	14	2	711	0	746
10826	11	11	693	18	0	733
10827	9	17	665	6	0	697
10828	652	10	11	10	0	683
10829	682	4	6	7	0	699
10830	22	7	5	719	0	753
10831	18	12	1	745	0	776
10832	9	4	763	30	0	806
10833	5	749	22	25	0	801
10834	7	767	12	13	0	799
10835	14	8	713	4	0	739
10836	20	7	10	670	0	707
10837	8	3	13	600	0	624
10838	6	2	3	669	0	680
10839	7	1	10	662	0	680
10840	657	10	1	12	0	680
10841	8	11	638	5	0	662
10842	633	4	13	5	0	655
10843	11	3	2	640	0	656
10844	642	2	4	19	0	667
10845	13	2	1	648	0	664
10846	3	4	650	16	0	673
10847	14	0	7	652	0	673
10848	1	3	684	11	0	699
10849	6	6	6	641	0	659
10850	1	5	676	8	0	690
10851	2	695	9	5	0	711
10852	3	6	3	710	0	722
10853	3	1	4	703	0	711
10854	3	725	1	8	0	737
10855	740	8	0	6	0	754
10856	10	4	0	721	0	735
10857	6	2	1	707	0	716
10858	741	1	3	11	0	756
10859	739	2	10	9	0	760
10860	771	1	2	7	0	781
10861	766	2	3	6	0	777
10862	12	2	741	2	0	757
10863	716	1	7	10	0	734
10864	737	2	2	7	0	748
10865	10	1	2	720	0	733
10866	8	1	2	712	0	723
10867	697	3	2	8	0	710
10868	5	693	1	5	0	704
10869	5	3	0	687	0	695
10870	4	4	739	5	0	752
10871	1	719	3	5	0	728
10872	703	3	7	11	0	724
10873	698	2	2	5	0	707
10874	685	2	2	5	0	694
10875	697	1	0	2	0	700
10876	8	0	2	676	0	686
10877	5	2	676	5	0	688
10878	1	0	698	5	0	704
10879	3	0	11	744	0	758
10880	784	1	3	14	0	802
10881	12	1	2	806	0	821
10882	3	0	811	16	0	830
10883	807	0	12	6	0	825
10884	815	2	2	9	0	828
10885	21	1	2	832	0	856
10886	6	1	871	16	0	894
10887	4	2	881	3	0	890
10888	846	0	15	10	0	871
10889	15	888	6	2	0	911
10890	6	11	891	5	0	913
10891	5	2	12	876	0	895
10892	873	1	7	15	0	896
10893	15	886	3	4	0	908
10894	4	901	2	1	0	908
10895	893	12	5	5	0	915
10896	14	4	1	895	0	914
10897	962	2	2	18	0	984
10898	16	3	2	972	0	993
10899	6	3	1	998	0	1008
10900	9	0	987	17	0	1013
10901	3	3	931	7	0	944
10902	4	1	979	2	0	986
10903	2	0	18	983	0	1003
10904	994	2	5	15	0	1016
10905	13	3	1011	6	0	1033
10906	9	1	19	1017	0	1046
10907	6	1	1047	15	0	1069
10908	4	1063	14	9	0	1090
10909	8	13	4	1071	0	1096
10910	9	4	8	1077	0	1098
10911	7	2	2	1096	0	1107
10912	1069	0	4	26	0	1099
10913	19	5	4	1063	0	1091
10914	8	3	4	1065	0	1080
10915	1075	1	2	24	0	1102
10916	16	1	1060	9	0	1086
10917	1054	1	18	6	0	1079
10918	1063	1	5	14	0	1083
10919	21	0	1057	6	0	1084
10920	1034	5	14	6	0	1059
10921	17	1	9	1091	0	1118
10922	8	0	1094	16	0	1118
10923	1080	2	13	9	0	1104
10924	1138	1	10	8	0	1157
10925	21	1	4	1135	0	1161
10926	9	0	1	1155	0	1165
10927	6	2	7	1152	0	1167
10928	1128	3	3	21	0	1155
10929	17	1140	8	9	0	1174
10930	1099	10	2	14	0	1125
10931	15	1046	5	6	0	1072
10932	9	1046	6	7	0	1068
10933	10	10	1	1087	0	1108
10934	6	6	6	1092	0	1110
10935	14	5	5	1084	0	1108
10936	8	5	3	1085	0	1101
10937	7	5	1086	18	0	1116
10938	1043	2	15	15	0	1075
10939	19	1	7	1099	0	1126
10940	9	0	1100	20	0	1129
10941	8	3	13	1101	0	1125
10942	8	4	9	1112	0	1133
10943	11	1	1190	15	0	1217
10944	13	3	16	1180	0	1212
10945	11	3	7	1179	0	1200
10946	1210	3	2	28	0	1243
10947	16	5	1238	14	0	1273
10948	1195	0	16	13	0	1224
10949	14	1252	6	10	0	1282
10950	1240	11	7	9	0	1267
10951	1203	4	1	11	0	1219
10952	19	3	6	1195	0	1223
10953	9	4	1202	18	0	1233
10954	7	1254	15	11	0	1287
10955	11	27	4	1246	0	1288
10956	6	1373	5	19	0	1403
10957	1379	18	2	11	0	1410
10958	20	3	1343	9	0	1375
10959	5	6	1324	8	0	1343
10960	7	4	21	1323	0	1355
10961	5	5	1367	24	0	1401
10962	14	2	19	1364	0	1399
10963	9	2	9	1363	0	1383
10964	1431	1	9	34	0	1475
10965	24	1448	8	12	0	1492
10966	11	22	8	1483	0	1524
10967	6	2	6	1517	0	1531
10968	5	3	6	1489	0	1503
10969	9	1467	6	30	0	1512
10970	8	1475	4	12	0	1499
10971	1439	21	7	18	0	1485
10972	1452	1	3	17	0	1473
10973	1443	4	3	16	0	1466
10974	23	4	1428	9	0	1464
10975	8	7	19	1418	0	1452
10976	10	7	1418	25	0	1460
10977	12	1408	21	8	0	1449
10978	1376	17	6	11	0	1410
10979	17	2	1371	3	0	1393
10980	5	8	25	1332	0	1370
10981	4	0	1359	17	0	1380
10982	1327	3	13	11	0	1354
10983	1362	0	4	8	0	1374
10984	1355	2	4	8	0	1369
10985	1332	4	5	12	0	1353
10986	17	2	1334	5	0	1358
10987	1296	2	18	4	0	1320
10988	1339	1	3	10	0	1353
10989	14	1330	3	9	0	1356
10990	1316	13	3	10	0	1342
10991	1347	3	1	10	0	1361
10992	15	2	3	1321	0	1341
10993	8	1330	1	15	0	1354
10994	1410	12	2	10	0	1434
10995	1528	2	3	10	0	1543
10996	24	4	1708	5	0	1741
10997	9	4	1732	5	0	1750
10998	6	3	1798	3	0	1810
10999	15	7	36	1736	0	1794
11000	1759	0	13	40	0	1812
11001	31	1762	8	16	0	1817
11002	1746	34	7	8	0	1795
11003	33	1770	6	3	0	1812
11004	1727	33	3	11	0	1774
11005	37	1687	7	6	0	1737
11006	16	1746	7	3	0	1772
11007	1694	35	8	4	0	1741
11008	36	1703	8	4	0	1751
11009	24	35	1	1699	0	1759
11010	12	15	1729	28	0	1784
11011	12	19	1735	9	0	1775
11012	12	6	43	1693	0	1754
11013	13	7	14	1743	0	1777
11014	10	5	1748	41	0	1804
11015	7	7	37	1711	0	1762
11016	22	2	14	1738	0	1776
11017	1715	5	10	46	0	1776
11018	32	1719	5	23	0	1779
11019	16	33	9	1637	0	1695
11020	12	1737	12	27	0	1788
11021	1711	35	4	21	0	1771
11022	35	1723	7	17	0	1782
11023	1717	39	5	21	0	1782
11024	1738	17	5	14	0	1774
11025	48	15	4	1714	0	1781
11026	34	8	3	1740	0	1785
11027	20	13	4	1759	0	1796
11028	12	7	9	1764	0	1792
11029	11	8	1713	52	0	1784
11030	1620	7	36	25	0	1688
11031	40	1694	9	33	0	1776
11032	21	38	11	1748	0	1818
11033	16	12	10	1752	0	1790
11034	11	1739	7	48	0	1805
11035	1727	35	6	31	0	1799
11036	43	1768	8	15	0	1834
11037	15	60	4	1771	0	1850
11038	16	17	5	1809	0	1847
11039	18	14	5	1831	0	1868
11040	17	14	7	1818	0	1856
11041	1779	10	3	74	0	1866
11042	46	11	1783	27	0	1867
11043	27	6	46	1712	0	1791
11044	16	10	13	1750	0	1789
11045	16	6	16	1760	0	1798
11046	14	11	17	1728	0	1770
11047	1642	5	10	74	0	1731
11048	45	8	1639	31	0	1723
11049	34	10	32	1597	0	1673
11050	17	1584	13	47	0	1661
11051	12	1694	9	31	0	1746
11052	1667	50	16	21	0	1754
11053	53	25	1666	15	0	1759
11054	1543	30	28	20	0	1621
11055	49	18	1582	13	0	1662
11056	23	9	36	1500	0	1568
11057	1509	7	12	56	0	1584
11058	33	1546	15	27	0	1621
11059	22	30	15	1473	0	1540
11060	10	1474	15	39	0	1538
11061	1509	36	12	31	0	1588
11062	1534	12	11	21	0	1578
11063	46	16	8	1530	0	1600
11064	22	10	1462	50	0	1544
11065	20	9	1447	20	0	1496
11066	20	14	40	1403	0	1477
11067	13	1479	17	35	0	1544
11068	6	43	6	1523	0	1578
11069	16	18	5	1486	0	1525
11070	18	14	5	1465	0	1502
11071	12	11	1485	55	0	1563
11072	17	6	35	1490	0	1548
11073	10	9	12	1515	0	1546
11074	3	1480	14	68	0	1565
11075	7	33	8	1497	0	1545
11076	10	15	7	1576	0	1608
11077	9	12	11	1582	0	1614
11078	7	7	9	1586	0	1609
11079	14	13	7	1538	0	1572
11080	10	9	6	1562	0	1587
11081	6	9	2	1552	0	1569
11082	8	10	3	1522	0	1543
11083	7	13	1413	85	0	1518
11084	13	7	38	1455	0	1513
11085	1434	10	11	62	0	1517
11086	47	5	7	1438	0	1497
11087	11	6	1452	65	0	1534
11088	1402	3	34	48	0	1487
11089	1481	4	15	26	0	1526
11090	1478	5	12	29	0	1524
11091	1473	4	10	29	0	1516
11092	52	8	4	1443	0	1507
11093	23	6	1422	53	0	1504
11094	16	1361	40	32	0	1449
11095	6	1261	13	24	0	1304
11096	13	22	41	991	0	1067
11097	3	5	7	1015	0	1030
11098	4	3	1	1008	0	1016
11099	7	0	2	1047	0	1056
11100	4	1	2	1175	0	1182
11101	1280	0	3	42	0	1325
11102	41	1289	1	10	0	1341
11103	11	1345	1	9	0	1366
11104	14	54	1	1350	0	1419
11105	4	12	2	1403	0	1421
11106	6	13	1	1387	0	1407
11107	9	7	1	1376	0	1393
11108	5	2	1333	69	0	1409
11109	3	1314	48	21	0	1386
11110	5	50	6	1317	0	1378
11111	1281	9	9	62	0	1361
11112	50	7	4	1295	0	1356
11113	11	4	1297	67	0	1379
11114	8	4	1292	24	0	1328
11115	17	4	1342	15	0	1378
11116	7	16	64	1288	0	1375
11117	1330	16	19	62	0	1427
11118	53	4	11	1358	0	1426
11119	16	1	5	1425	0	1447
11120	1342	4	2	85	0	1433
11121	55	3	6	1372	0	1436
11122	15	4	17	1406	0	1442
11123	12	17	1409	63	0	1501
11124	11	1388	48	32	0	1479
11125	17	46	7	1450	0	1520
11126	1420	7	14	70	0	1511
11127	55	11	19	1434	0	1519
11128	14	7	1452	61	0	1534
11129	17	6	65	1426	0	1514
11130	8	1421	16	84	0	1529
11131	18	53	12	1470	0	1553
11132	6	16	1424	80	0	1526
11133	5	1508	52	40	0	1605
11134	24	62	10	1523	0	1619
11135	14	13	10	1651	0	1688
11136	2	12	9	1676	0	1699
11137	6	9	16	1661	0	1692
11138	2	16	1584	88	0	1690
11139	5	1584	55	47	0	1691
11140	1578	53	18	31	0	1680
11141	1631	14	16	31	0	1692
11142	67	13	18	1591	0	1689
11143	24	9	1566	78	0	1677
11144	1541	13	60	27	0	1641
11145	63	6	19	1582	0	1670
11146	11	4	1630	72	0	1717
11147	14	16	64	1605	0	1699
11148	16	4	14	1662	0	1696
11149	10	2	11	1698	0	1721
11150	5	2	1666	96	0	1769
11151	11	2	58	1621	0	1692
11152	7	1683	26	78	0	1794
11153	1659	68	18	31	0	1776
11154	1704	15	10	26	0	1755
11155	1704	12	7	25	0	1748
11156	84	1649	9	26	0	1768
11157	1664	56	19	20	0	1759
11158	85	16	10	1609	0	1720
11159	1615	11	7	86	0	1719
11160	1645	10	14	38	0	1707
11161	72	6	1580	36	0	1694
11162	22	1554	61	32	0	1669
11163	1565	58	19	31	0	1673
11164	64	20	23	1560	0	1667
11165	17	17	1570	78	0	1682
11166	19	1581	55	31	0	1686
11167	1536	54	18	31	0	1639
11168	76	17	13	1535	0	1641
11169	35	13	12	1576	0	1636
11170	24	21	7	1578	0	1630
11171	29	1532	8	78	0	1647
11172	18	53	5	1543	0	1619
11173	23	1509	10	72	0	1614
11174	25	59	9	1525	0	1618
11175	12	23	1531	71	0	1637
11176	17	21	59	1536	0	1633
11177	20	10	19	1588	0	1637
11178	15	6	15	1609	0	1645
11179	10	9	1530	93	0	1642
11180	15	19	55	1523	0	1612
11181	21	9	14	1606	0	1650
11182	15	4	19	1630	0	1668
11183	9	11	15	1612	0	1647
11184	16	8	10	1631	0	1665
11185	15	22	1566	94	0	1697
11186	18	12	53	1586	0	1669
11187	13	19	20	1601	0	1653
11188	1510	6	17	103	0	1636
11189	61	1488	18	45	0	1612
11190	20	1529	14	47	0	1610
11191	16	61	12	1527	0	1616
11192	12	23	8	1559	0	1602
11193	8	1487	16	91	0	1602
11194	12	56	15	1527	0	1610
11195	7	1485	10	94	0	1596
11196	14	63	5	1510	0	1592
11197	14	27	4	1529	0	1574
11198	8	12	1426	87	0	1533
11199	9	1375	57	36	0	1477
11200	13	1309	14	37	0	1373
11201	1101	30	9	21	0	1161
11202	19	1099	6	10	0	1134
11203	17	19	3	1118	0	1157
11204	11	11	1082	21	0	1125
11205	10	8	18	1063	0	1099
11206	1068	5	13	29	0	1115
11207	22	9	1102	12	0	1145
11208	15	1123	16	11	0	1165
11209	16	19	16	1005	0	1056
11210	6	10	8	1161	0	1185
11211	1154	8	4	31	0	1197
11212	20	6	3	1170	0	1199
11213	14	3	5	1174	0	1196
11214	6	7	2	1180	0	1195
11215	6	4	3	1171	0	1184
11216	1138	6	3	35	0	1182
11217	1127	6	3	22	0	1158
11218	23	8	0	1141	0	1172
11219	1098	5	5	27	0	1135
11220	21	3	5	1090	0	1119
11221	10	4	1078	29	0	1121
11222	5	6	1061	21	0	1093
11223	13	5	24	1020	0	1062
11224	5	1024	12	29	0	1070
11225	4	12	7	1012	0	1035
11226	994	7	5	22	0	1028
11227	11	5	3	1012	0	1031
11228	1008	2	2	30	0	1042
11229	12	3	5	1027	0	1047
11230	5	3	1046	21	0	1075
11231	6	1011	10	11	0	1038
11232	5	1046	2	17	0	1070
11233	5	22	1	933	0	961
11234	4	4	939	16	0	963
11235	1	852	4	2	0	859
11236	2	2	5	832	0	841
11237	808	1	1	9	0	819
11238	3	2	852	2	0	859
11239	2	1	5	862	0	870
11240	0	0	1	870	0	871
11241	0	1	884	5	0	890
11242	1	3	873	2	0	879
11243	1	1	907	1	0	910
11244	2	0	6	919	0	927
11245	0	0	927	5	0	932
11246	864	1	5	8	0	878
11247	7	0	2	955	0	964
11248	3	0	1157	8	0	1168
11249	0	1175	10	2	0	1187
11250	0	13	1148	1	0	1162
11251	1	3	11	1165	0	1180
11252	1205	0	3	13	0	1221
11253	12	1	0	1247	0	1260
11254	2	2	1	1282	0	1287
11255	1356	0	2	21	0	1379
11256	19	2	1	1386	0	1408
11257	4	2	1424	16	0	1446
11258	1396	0	18	11	0	1425
11259	17	1454	5	2	0	1478
11260	1474	16	0	4	0	1494
11261	21	2	1	1476	0	1500
11262	5	2	1460	18	0	1485
11263	5	1	1467	3	0	1476
11264	5	1	18	1461	0	1485
11265	6	1	6	1432	0	1445
11266	6	2	1439	20	0	1467
11267	4	2	1413	7	0	1426
11268	1418	1	22	10	0	1451
11269	18	2	6	1464	0	1490
11270	1462	0	4	21	0	1487
11271	23	1	3	1453	0	1480
11272	6	1	1510	22	0	1539
11273	5	0	1572	7	0	1584
11274	4	5	28	1568	0	1605
11275	9	0	7	1581	0	1597
11276	5	1	1614	30	0	1650
11277	1583	0	28	13	0	1624
11278	29	2	10	1658	0	1699
11279	1770	2	4	30	0	1806
11280	32	2056	7	11	0	2106
11281	13	41	7	2087	0	2148
11282	2080	11	5	54	0	2150
11283	49	7	2086	18	0	2160
11284	24	3	52	2075	0	2154
11285	12	1	18	2097	0	2128
11286	12	3	8	2150	0	2173
11287	6	0	2105	72	0	2183
11288	14	3	57	2057	0	2131
11289	8	2109	18	60	0	2195
11290	9	47	6	2150	0	2212
11291	4	11	2120	60	0	2195
11292	7	9	2170	24	0	2210
11293	11	5	67	2141	0	2224
11294	13	1	16	2181	0	2211
11295	16	5	11	2175	0	2207
11296	3	2	11	2213	0	2229
11297	2131	2	10	78	0	2221
11298	2150	0	6	35	0	2191
11299	64	4	2117	24	0	2209
11300	24	2132	54	12	0	2222
11301	16	48	14	2206	0	2284
11302	2197	16	8	63	0	2284
11303	2004	9	18	32	0	2063
11304	2239	6	6	28	0	2279
11305	2245	1	10	27	0	2283
11306	73	4	2178	13	0	2268
11307	2102	1	58	22	0	2183
11308	64	2109	20	13	0	2206
11309	21	49	11	2152	0	2233
11310	17	15	2149	59	0	2240
11311	21	7	57	2122	0	2207
11312	13	9	2138	68	0	2228
11313	24	7	53	2150	0	2234
11314	10	7	22	2221	0	2260
11315	2156	7	14	87	0	2264
11316	59	4	20	2187	0	2270
11317	25	6	2181	77	0	2289
11318	18	3	60	2211	0	2292
11319	2205	3	19	84	0	2311
11320	63	8	18	2238	0	2327
11321	25	5	2218	74	0	2322
11322	22	2168	60	39	0	2289
11323	2266	56	27	37	0	2386
11324	64	19	18	2186	0	2287
11325	29	2323	19	68	0	2439
11326	2309	53	16	35	0	2413
11327	59	17	2310	30	0	2416
11328	28	2257	60	32	0	2377
11329	18	54	30	2319	0	2421
11330	13	17	2285	70	0	2385
11331	22	12	63	2236	0	2333
11332	2239	8	24	84	0	2355
11333	61	7	2218	48	0	2334
11334	35	10	64	2226	0	2335
11335	22	8	2229	73	0	2332
11336	26	3	72	2225	0	2326
11337	18	9	28	2283	0	2338
11338	2193	6	20	88	0	2307
11339	61	2217	18	44	0	2340
11340	34	51	12	2259	0	2356
11341	2220	16	19	71	0	2326
11342	2246	7	16	38	0	2307
11343	71	13	18	2189	0	2291
11344	35	2121	8	85	0	2249
11345	23	2245	16	32	0	2316
11346	14	60	16	2197	0	2287
11347	19	22	19	2218	0	2278
11348	1975	15	10	87	0	2087
11349	55	8	13	1994	0	2070
11350	24	4	1877	68	0	1973
11351	1775	8	48	42	0	1873
11352	52	1837	18	23	0	1930
11353	1796	42	15	30	0	1883
11354	58	16	1832	14	0	1920
11355	20	1869	44	23	0	1956
11356	1875	39	18	22	0	1954
11357	1870	20	16	21	0	1927
11358	56	13	1895	11	0	1975
11359	1851	14	44	19	0	1928
11360	1906	6	21	19	0	1952
11361	59	1862	15	12	0	1948
11362	27	44	10	1914	0	1995
11363	26	18	1881	49	0	1974
11364	17	5	49	1947	0	2018
11365	10	11	1996	57	0	2074
11366	18	6	54	1995	0	2073
11367	2055	6	21	65	0	2147
11368	57	5	13	2111	0	2186
11369	31	3	2278	64	0	2376
11370	2339	7	59	28	0	2433
11371	69	7	18	2415	0	2509
11372	26	1	2387	66	0	2480
11373	2285	3	53	34	0	2375
11374	65	8	22	2321	0	2416
11375	32	5	2329	62	0	2428
11376	19	14	2291	24	0	2348
11377	22	31	65	2238	0	2356
11378	11	3	2334	52	0	2400
11379	20	2192	49	29	0	2290
11380	13	34	16	1877	0	1940
11381	1882	11	11	35	0	1939
11382	26	5	1923	12	0	1966
11383	12	4	1948	10	0	1974
11384	1839	2	44	12	0	1897
11385	28	5	1949	6	0	1988
11386	1850	0	29	15	0	1894
11387	29	0	1910	3	0	1942
11388	15	3	32	1893	0	1943
11389	8	0	1942	28	0	1978
11390	20	2	27	1913	0	1962
11391	3	1	1996	27	0	2027
11392	10	3	1933	19	0	1965
11393	1862	1	41	14	0	1918
11394	27	1969	23	8	0	2027
11395	2001	20	12	9	0	2042
11396	28	2043	8	8	0	2087
11397	21	25	14	2036	0	2096
11398	12	16	8	2085	0	2121
11399	2087	6	6	41	0	2140
11400	30	9	9	2073	0	2121
11401	19	9	2056	34	0	2118
11402	1992	3	32	27	0	2054
11403	2074	3	15	17	0	2109
11404	40	1	16	2048	0	2105
11405	20	6	2058	29	0	2113
11406	19	3	28	2028	0	2078
11407	11	2039	17	31	0	2098
11408	13	23	14	2072	0	2122
11409	13	14	7	2080	0	2114
11410	14	5	2044	46	0	2109
11411	1863	7	30	33	0	1933
11412	26	2012	21	18	0	2077
11413	1998	25	18	19	0	2060
11414	36	2029	11	10	0	2086
11415	19	28	12	1988	0	2047
11416	12	2040	14	28	0	2094
11417	15	28	2016	18	0	2077
11418	14	17	24	1946	0	2001
11419	7	7	24	1979	0	2017
11420	12	9	14	2044	0	2079
11421	1995	3	11	55	0	2064
11422	29	9	12	2004	0	2054
11423	1955	5	11	42	0	2013
11424	1967	8	7	31	0	2013
11425	1926	5	7	24	0	1962
11426	41	6	1908	17	0	1972
11427	35	2	28	1920	0	1985
11428	23	3	16	2014	0	2056
11429	14	8	15	2032	0	2069
11430	2083	3	22	57	0	2165
11431	47	6	10	2096	0	2159
11432	32	2	18	2165	0	2217
11433	2264	10	19	62	0	2355
11434	56	2	9	2363	0	2430
11435	24	10	2427	65	0	2526
11436	27	5	2457	26	0	2515
11437	14	8	68	2471	0	2561
11438	2456	3	31	71	0	2561
11439	2432	2	25	38	0	2497
11440	73	5	19	2424	0	2521
11441	32	4	2412	59	0	2507
11442	26	2365	59	27	0	2477
11443	29	42	27	2419	0	2517
11444	18	21	18	2479	0	2536
11445	24	6	22	2471	0	2523
11446	2433	9	22	81	0	2545
11447	59	5	2449	41	0	2554
11448	2438	13	52	38	0	2541
11449	66	5	21	2417	0	2509
11450	35	2434	21	59	0	2549
11451	2446	48	24	41	0	2559
11452	2443	15	16	38	0	2512
11453	81	14	2530	12	0	2637
11454	38	2389	56	23	0	2506
11455	20	2421	20	18	0	2479
11456	2361	55	17	29	0	2462
11457	71	22	8	2348	0	2449
11458	29	9	8	2336	0	2382
11459	25	9	15	2303	0	2352
11460	17	2222	13	73	0	2325
11461	17	2335	3	37	0	2392
11462	2282	59	9	27	0	2377
11463	69	16	5	2268	0	2358
11464	24	12	2348	58	0	2442
11465	33	12	65	2387	0	2497
11466	18	15	2597	74	0	2704
11467	25	9	2547	33	0	2614
11468	19	7	2566	22	0	2614
11469	10	2276	90	14	0	2390
11470	24	53	62	2113	0	2252
11471	6	2211	29	45	0	2291
11472	16	66	13	2063	0	2158
11473	13	31	5	2215	0	2264
11474	2205	17	6	86	0	2314
11475	56	12	5	2224	0	2297
11476	2162	8	6	84	0	2260
11477	2204	5	5	38	0	2252
11478	87	7	2	2109	0	2205
11479	44	2087	7	67	0	2205
11480	34	51	2	2078	0	2165
11481	16	2086	6	67	0	2175
11482	13	62	4	2074	0	2153
11483	7	31	2005	76	0	2119
11484	11	23	54	2033	0	2121
11485	13	12	27	2088	0	2140
11486	1967	11	22	98	0	2098
11487	48	1988	14	53	0	2103
11488	32	52	7	2020	0	2111
11489	29	24	5	1983	0	2041
11490	14	1958	13	88	0	2073
11491	17	61	15	1971	0	2064
11492	1831	31	17	90	0	1969
11493	1915	25	12	53	0	2005
11494	80	1877	8	40	0	2005
11495	48	64	5	1894	0	2011
11496	1813	27	6	81	0	1927
11497	66	1839	8	49	0	1962
11498	37	65	11	1764	0	1877
11499	23	1828	10	75	0	1936
11500	1796	71	7	49	0	1923
11501	76	35	1765	32	0	1908
11502	39	24	1797	32	0	1892
11503	31	21	79	1783	0	1914
11504	17	18	1813	71	0	1919
11505	24	22	77	1799	0	1922
11506	1776	12	38	98	0	1924
11507	60	15	1824	55	0	1954
11508	35	11	66	1830	0	1942
11509	31	15	33	1887	0	1966
11510	1833	10	22	100	0	1965
11511	61	1867	20	54	0	2002
11512	1856	64	12	53	0	1985
11513	1877	34	6	48	0	1965
11514	95	1829	6	25	0	1955
11515	56	65	11	1850	0	1982
11516	41	38	1806	70	0	1955
11517	37	34	60	1772	0	1903
11518	21	1827	30	79	0	1957
11519	1830	69	28	44	0	1971
11520	70	33	13	1861	0	1977
11521	34	30	1891	85	0	2040
11522	35	27	56	1909	0	2027
11523	20	29	31	1941	0	2021
11524	30	15	28	1963	0	2036
11525	21	11	23	1990	0	2045
11526	16	19	24	1941	0	2000
11527	16	12	1855	130	0	2013
11528	12	14	1812	73	0	1911
11529	16	1715	72	56	0	1859
11530	17	1732	43	36	0	1828
11531	1687	64	35	31	0	1817
11532	53	33	1683	32	0	1801
11533	1479	40	63	36	0	1618
11534	63	16	1449	20	0	1548
11535	31	30	1348	14	0	1423
11536	37	6	64	1289	0	1396
11537	1337	9	42	46	0	1434
11538	51	13	24	1350	0	1438
11539	26	8	17	1378	0	1429
11540	19	8	1475	74	0	1576
11541	23	7	34	1524	0	1588
11542	14	9	25	1509	0	1557
11543	15	9	19	1534	0	1577
11544	18	6	11	1534	0	1569
11545	15	4	13	1536	0	1568
11546	1440	3	8	93	0	1544
11547	35	8	5	1495	0	1543
11548	27	5	1414	72	0	1518
11549	20	7	35	1472	0	1534
11550	14	12	1434	66	0	1526
11551	18	10	52	1431	0	1511
11552	6	5	1471	60	0	1542
11553	8	16	50	1349	0	1423
11554	8	14	35	1415	0	1472
11555	13	5	1358	67	0	1443
11556	1273	6	38	51	0	1368
11557	39	3	1389	30	0	1461
11558	27	1	44	1395	0	1467
11559	1399	6	36	43	0	1484
11560	41	2	24	1416	0	1483
11561	38	5	10	1440	0	1493
11562	20	6	1417	64	0	1507
11563	16	1358	30	53	0	1457
11564	10	1239	26	31	0	1306
11565	3	1194	17	25	0	1239
11566	25	8	27	907	0	967
11567	930	2	12	16	0	960
11568	8	2	0	941	0	951
11569	3	2	1	960	0	966
11570	2	0	0	984	0	986
11571	1	0	2	975	0	978
11572	2	976	1	9	0	988
11573	2	6	0	996	0	1004
11574	3	0	1	993	0	997
11575	1	991	1	9	0	1002
11576	1013	5	2	9	0	1029
11577	6	0	0	1018	0	1024
11578	1018	2	0	14	0	1034
11579	1013	0	1	10	0	1024
11580	5	1047	3	5	0	1060
11581	3	5	0	1141	0	1149
11582	2	2	1124	7	0	1135
11583	2	4	1102	2	0	1110
11584	3	0	7	1113	0	1123
11585	1150	5	3	15	0	1173
11586	1173	0	3	5	0	1181
11587	8	0	3	1189	0	1200
11588	1204	1	1	9	0	1215
11589	9	1197	3	7	0	1216
11590	1206	6	1	11	0	1224
11591	12	1359	2	1	0	1374
11592	2	7	3	1409	0	1421
11593	2	1	2	1411	0	1416
11594	1	1405	1	6	0	1413
11595	1396	6	1	8	0	1411
11596	6	3	1367	5	0	1381
11597	6	4	5	1386	0	1401
11598	5	0	1410	7	0	1422
11599	13	0	9	1363	0	1385
11600	1419	0	1	17	0	1437
11601	7	0	4	1433	0	1444
11602	1417	1	2	19	0	1439
11603	1400	0	1	11	0	1412
11604	6	1	3	1412	0	1422
11605	6	1	1379	11	0	1397
11606	4	1468	7	7	0	1486
11607	5	6	1	1485	0	1497
11608	1466	1	2	16	0	1485
11609	6	6	1458	6	0	1476
11610	8	1	7	1453	0	1469
11611	7	4	2	1469	0	1482
11612	5	1	1	1492	0	1499
11613	1481	2	2	20	0	1505
11614	8	2	5	1462	0	1477
11615	3	0	4	1503	0	1510
11616	2	2	1549	12	0	1565
11617	10	1	7	1546	0	1564
11618	7	0	5	1583	0	1595
11619	3	0	3	1624	0	1630
11620	5	1597	0	11	0	1613
11621	4	6	3	1561	0	1574
11622	7	1	2	1567	0	1577
11623	1509	2	2	13	0	1526
11624	7	2	1508	6	0	1523
11625	4	4	1407	5	0	1420
11626	2	1516	4	6	0	1528
11627	4	5	7	1565	0	1581
11628	1542	4	10	12	0	1568
11629	6	1	3	1526	0	1536
11630	1	1	0	1577	0	1579
11631	2	2	1	1578	0	1583
11632	5	0	0	1574	0	1579
11633	7	2	1	1572	0	1582
11634	2	0	1563	12	0	1577
11635	3	0	8	1527	0	1538
11636	1547	1	3	17	0	1568
11637	6	1519	3	6	0	1534
11638	1	5	2	1557	0	1565
11639	4	3	1	1549	0	1557
11640	1	5	1464	11	0	1481
11641	8	0	6	1424	0	1438
11642	4	1	2	1526	0	1533
11643	1538	1	2	21	0	1562
11644	7	1580	4	9	0	1600
11645	8	11	2	1630	0	1651
11646	4	5	1	1652	0	1662
11647	5	4	2	1645	0	1656
11648	2	5	1634	20	0	1661
11649	2	2	1529	14	0	1547
11650	2	1597	16	8	0	1623
11651	1	1688	5	8	0	1702
11652	0	14	7	1701	0	1722
11653	3	1674	4	17	0	1698
11654	5	25	6	1905	0	1941
11655	6	9	1	2097	0	2113
11656	14	3	2	2189	0	2208
11657	3	5	3	2442	0	2453
11658	2	4	2405	66	0	2477
11659	5	4	33	2427	0	2469
11660	8	0	26	2457	0	2491
11661	4	0	12	2511	0	2527
11662	2400	1	9	88	0	2498
11663	39	2443	11	46	0	2539
11664	25	37	3	2354	0	2419
11665	12	2498	6	53	0	2569
11666	2391	49	2	55	0	2497
11667	2168	32	3	51	0	2254
11668	59	2454	4	21	0	2538
11669	31	2510	4	17	0	2562
11670	12	77	2423	9	0	2521
11671	13	2540	43	13	0	2609
11672	24	58	23	2465	0	2570
11673	2498	43	13	50	0	2604
11674	40	2549	7	45	0	2641
11675	34	55	8	2589	0	2686
11676	19	45	4	2596	0	2664
11677	14	18	9	2662	0	2703
11678	2571	12	5	99	0	2687
11679	49	20	2563	56	0	2688
11680	2470	7	42	43	0	2562
11681	54	2530	33	27	0	2644
11682	33	52	14	2565	0	2664
11683	23	31	2544	56	0	2654
11684	2418	24	48	44	0	2534
11685	59	2523	30	19	0	2631
11686	44	54	11	2485	0	2594
11687	14	2544	6	54	0	2618
11688	14	57	11	2561	0	2643
11689	21	26	7	2592	0	2646
11690	11	24	2505	84	0	2624
11691	12	19	2357	53	0	2441
11692	16	17	68	2391	0	2492
11693	5	13	2448	73	0	2539
11694	13	11	57	2422	0	2503
11695	24	6	44	2386	0	2460
11696	4	5	29	2508	0	2546
11697	2416	5	14	103	0	2538
11698	54	13	20	2481	0	2568
11699	30	3	2472	87	0	2592
11700	2422	12	47	60	0	2541
11701	58	8	31	2492	0	2589
11702	43	6	15	2528	0	2592
11703	2461	6	11	105	0	2583
11704	55	2558	22	62	0	2697
11705	40	48	6	2614	0	2708
11706	26	35	13	2590	0	2664
11707	2518	14	6	112	0	2650
11708	60	14	2501	57	0	2632
11709	44	16	47	2498	0	2605
11710	29	11	35	2522	0	2597
11711	23	11	14	2491	0	2539
11712	18	2463	18	95	0	2594
11713	20	50	15	2518	0	2603
11714	2451	33	10	92	0	2586
11715	49	2478	11	66	0	2604
11716	2384	55	11	47	0	2497
11717	54	2413	10	39	0	2516
11718	2407	64	10	38	0	2519
11719	71	38	2335	31	0	2475
11720	42	28	2328	25	0	2423
11721	2352	16	68	32	0	2468
11722	70	19	2395	18	0	2502
11723	51	19	59	2346	0	2475
11724	37	10	50	2158	0	2255
11725	24	18	31	2407	0	2480
11726	2362	10	15	92	0	2479
11727	58	10	2317	53	0	2438
11728	2319	13	51	43	0	2426
11729	72	6	32	2429	0	2539
11730	2418	9	24	92	0	2543
11731	86	10	13	2443	0	2552
11732	2485	9	17	81	0	2592
11733	90	8	15	2635	0	2748
11734	48	12	2734	94	0	2888
11735	2767	7	67	67	0	2908
11736	2870	10	35	54	0	2969
11737	130	7	20	2827	0	2984
11738	72	8	18	2808	0	2906
11739	38	2823	26	115	0	3002
11740	2769	76	15	65	0	2925
11741	99	2797	15	38	0	2949
11742	2717	83	5	49	0	2854
11743	98	42	2673	28	0	2841
11744	46	28	2705	32	0	2811
11745	38	12	2659	17	0	2726
11746	2585	17	109	24	0	2735
11747	96	2647	59	9	0	2811
11748	51	68	37	2613	0	2769
11749	2601	34	23	83	0	2741
11750	77	2658	23	56	0	2814
11751	56	93	14	2505	0	2668
11752	29	2498	14	75	0	2616
11753	24	2426	15	48	0	2513
11754	25	2371	12	20	0	2428
11755	2066	91	29	24	0	2210
11756	54	2077	7	24	0	2162
11757	22	1807	5	13	0	1847
11758	6	1809	7	6	0	1828
11759	1766	47	1	9	0	1823
11760	1781	22	5	7	0	1815
11761	60	9	1714	4	0	1787
11762	1689	5	40	10	0	1744
11763	1750	7	16	11	0	1784
11764	54	7	6	1710	0	1777
11765	1731	6	5	38	0	1780
11766	47	6	1685	16	0	1754
11767	17	1779	37	8	0	1841
11768	1784	39	13	11	0	1847
11769	47	16	4	1815	0	1882
11770	1831	9	2	45	0	1887
11771	48	7	1713	18	0	1786
11772	1741	10	39	9	0	1799
11773	51	4	13	1767	0	1835
11774	19	5	1767	40	0	1831
11775	12	1677	37	16	0	1742
11776	4	1781	16	7	0	1808
11777	9	51	3	1721	0	1784
11778	11	19	2	1708	0	1740
11779	5	1722	2	44	0	1773
11780	1719	35	3	17	0	1774
11781	1705	13	5	9	0	1732
11782	1684	6	1	4	0	1695
11783	53	1684	4	7	0	1748
11784	33	34	4	1613	0	1684
11785	11	1700	4	29	0	1744
11786	1680	41	1	14	0	1736
11787	1667	14	0	13	0	1694
11788	50	1637	2	8	0	1697
11789	1673	41	0	4	0	1718
11790	53	16	3	1650	0	1722
11791	23	7	3	1677	0	1710
11792	1672	4	5	54	0	1735
11793	1606	6	9	24	0	1645
11794	1645	2	6	11	0	1664
11795	54	6	5	1603	0	1668
11796	29	6	4	1660	0	1699
11797	13	10	1612	52	0	1687
11798	9	10	36	1601	0	1656
11799	15	8	16	1580	0	1619
11800	12	7	1554	52	0	1625
11801	9	10	1527	22	0	1568
11802	10	9	1579	13	0	1611
11803	15	4	57	1537	0	1613
11804	12	17	1469	36	0	1534
11805	14	11	44	1450	0	1519
11806	15	11	16	1491	0	1533
11807	10	14	1462	54	0	1540
11808	10	16	1475	22	0	1523
11809	16	6	52	1438	0	1512
11810	11	15	1554	45	0	1625
11811	12	9	1534	16	0	1571
11812	11	1552	53	10	0	1626
11813	1569	46	16	15	0	1646
11814	1589	22	9	12	0	1632
11815	1595	14	7	10	0	1626
11816	55	1545	10	14	0	1624
11817	31	1584	6	6	0	1627
11818	23	49	5	1575	0	1652
11819	17	25	7	1591	0	1640
11820	20	8	1564	52	0	1644
11821	16	8	39	1559	0	1622
11822	1551	5	16	51	0	1623
11823	50	6	12	1486	0	1554
11824	25	1516	11	46	0	1598
11825	1528	44	8	25	0	1605
11826	1550	20	11	16	0	1597
11827	1566	11	4	20	0	1601
11828	62	8	1503	15	0	1588
11829	29	8	38	1520	0	1595
11830	1687	7	21	43	0	1758
11831	54	5	1738	27	0	1824
11832	28	1639	45	16	0	1728
11833	15	1580	17	6	0	1618
11834	1368	39	7	10	0	1424
11835	29	1362	3	9	0	1403
11836	11	26	20	1324	0	1381
11837	6	12	1368	24	0	1410
11838	15	16	25	1352	0	1408
11839	1347	2	9	28	0	1386
11840	22	1324	7	11	0	1364
11841	1312	23	4	10	0	1349
11842	28	9	1326	4	0	1367
11843	11	7	21	1282	0	1321
11844	7	1349	11	20	0	1387
11845	8	20	9	1380	0	1417
11846	1373	13	3	32	0	1421
11847	1380	6	6	14	0	1406
11848	1389	2	5	9	0	1405
11849	1387	6	4	8	0	1405
11850	38	3	4	1329	0	1374
11851	18	3	1360	23	0	1404
11852	13	4	24	1322	0	1363
11853	9	1351	14	23	0	1397
11854	1367	22	6	15	0	1410
11855	29	10	1362	9	0	1410
11856	1295	5	22	9	0	1331
11857	28	4	11	1311	0	1354
11858	5	5	1409	29	0	1448
11859	10	3	24	1383	0	1420
11860	1403	2	9	32	0	1446
11861	1404	7	6	15	0	1432
11862	1417	3	6	8	0	1434
11863	33	1	1418	4	0	1456
11864	16	5	23	1392	0	1436
11865	11	4	1398	24	0	1437
11866	8	1402	28	10	0	1448
11867	1322	15	9	8	0	1354
11868	22	1295	8	1	0	1326
11869	1234	19	10	11	0	1274
11870	21	5	3	1204	0	1233
11871	5	1270	4	16	0	1295
11872	1261	14	3	13	0	1291
11873	17	10	1311	6	0	1344
11874	11	5	16	1275	0	1307
11875	1302	0	7	17	0	1326
11876	16	3	1301	10	0	1330
11877	16	4	15	1221	0	1256
11878	8	1224	9	16	0	1257
11879	2	17	9	1284	0	1312
11880	8	8	1	1284	0	1301
11881	1272	4	4	23	0	1303
11882	20	1287	4	9	0	1320
11883	12	19	1	1263	0	1295
11884	1	1310	7	16	0	1334
11885	8	19	1	1326	0	1354
11886	5	1339	2	21	0	1367
11887	1327	24	1	22	0	1374
11888	22	10	1362	7	0	1401
11889	16	4	20	1352	0	1392
11890	8	3	8	1361	0	1380
11891	6	14	3	1364	0	1387
11892	9	7	5	1359	0	1380
11893	9	3	1343	30	0	1385
11894	7	1355	21	12	0	1395
11895	1359	19	7	12	0	1397
11896	1368	5	6	16	0	1395
11897	25	1362	4	10	0	1401
11898	1373	21	5	8	0	1407
11899	1356	9	3	12	0	1380
11900	29	1390	1	6	0	1426
11901	16	22	1	1355	0	1394
11902	12	1398	7	11	0	1428
11903	1382	21	2	18	0	1423
11904	21	12	1393	7	0	1433
11905	1282	8	17	9	0	1316
11906	22	9	1408	6	0	1445
11907	18	4	18	1401	0	1441
11908	1423	4	7	26	0	1460
11909	23	3	1393	9	0	1428
11910	1283	4	19	21	0	1327
11911	1363	0	9	14	0	1386
11912	31	1	6	1356	0	1394
11913	18	1348	6	19	0	1391
11914	1398	16	7	14	0	1435
11915	27	11	1	1392	0	1431
11916	12	1371	6	22	0	1411
11917	1408	19	2	20	0	1449
11918	24	14	2	1431	0	1471
11919	14	1465	4	17	0	1500
11920	13	15	5	1505	0	1538
11921	1514	10	4	26	0	1554
11922	1520	6	1	20	0	1547
11923	1540	6	4	18	0	1568
11924	33	4	4	1512	0	1553
11925	18	4	3	1535	0	1560
11926	14	4	1548	23	0	1589
11927	17	2	21	1564	0	1604
11928	11	2	1671	30	0	1714
11929	9	5	1532	11	0	1557
11930	1	0	1406	6	0	1413
11931	2	1454	19	3	0	1478
11932	5	14	9	1404	0	1432
11933	1	1578	6	7	0	1592
11934	1610	21	2	12	0	1645
11935	1612	8	0	6	0	1626
11936	27	8	5	1661	0	1701
11937	8	4	1737	19	0	1768
11938	7	1	32	1719	0	1759
11939	6	8	1837	29	0	1880
11940	6	3	29	1789	0	1827
11941	0	1811	8	29	0	1848
11942	6	1875	5	6	0	1892
11943	1821	31	3	11	0	1866
11944	29	12	1822	6	0	1869
11945	15	4	33	1811	0	1863
11946	10	4	6	1866	0	1886
11947	1864	2	10	41	0	1917
11948	30	1883	6	17	0	1936
11949	1877	31	6	15	0	1929
11950	29	1910	10	13	0	1962
11951	1894	31	4	10	0	1939
11952	1945	7	8	11	0	1971
11953	34	11	2	1952	0	1999
11954	13	7	1952	32	0	2004
11955	1897	6	31	17	0	1951
11956	30	1972	7	9	0	2018
11957	1988	28	4	11	0	2031
11958	34	14	2	1899	0	1949
11959	16	10	4	1896	0	1926
11960	18	1901	2	35	0	1956
11961	10	31	4	1889	0	1934
11962	10	1944	9	28	0	1991
11963	16	28	3	1926	0	1973
11964	6	14	4	1948	0	1972
11965	1895	5	7	47	0	1954
11966	37	5	1896	15	0	1953
11967	11	1882	24	16	0	1933
11968	13	38	7	1929	0	1987
11969	1936	8	7	48	0	1999
11970	1945	14	4	21	0	1984
11971	1917	6	3	22	0	1948
11972	36	8	1886	15	0	1945
11973	1864	11	33	11	0	1919
11974	47	5	12	1895	0	1959
11975	1871	9	4	45	0	1929
11976	38	1877	7	15	0	1937
11977	21	32	6	1906	0	1965
11978	1895	8	7	46	0	1956
11979	44	1907	13	15	0	1979
11980	16	36	11	1931	0	1994
11981	16	13	1953	46	0	2028
11982	1920	12	37	19	0	1988
11983	2029	7	10	22	0	2068
11984	53	15	1990	8	0	2066
11985	21	1931	43	20	0	2015
11986	20	2054	12	10	0	2096
11987	16	53	20	2020	0	2109
11988	20	17	9	1957	0	2003
11989	17	13	12	2037	0	2079
11990	17	9	2037	60	0	2123
11991	2029	9	41	23	0	2102
11992	2151	11	17	22	0	2201
11993	2196	12	10	12	0	2230
11994	2191	8	9	16	0	2224
11995	2242	5	10	16	0	2273
11996	2249	7	5	21	0	2282
11997	80	8	6	2316	0	2410
11998	26	7	2300	57	0	2390
11999	25	14	2331	25	0	2395
12000	22	8	59	2320	0	2409
12001	30	9	24	2334	0	2397
12002	27	10	12	2344	0	2393
12003	23	2341	11	82	0	2457
12004	2365	56	8	36	0	2465
12005	68	2397	2	26	0	2493
12006	32	65	14	2358	0	2469
12007	2340	18	13	72	0	2443
12008	64	2352	5	35	0	2456
12009	35	50	9	2374	0	2468
12010	31	22	12	2406	0	2471
12011	16	25	7	2403	0	2451
12012	16	2333	6	88	0	2443
12013	25	56	6	2384	0	2471
12014	18	22	2351	82	0	2473
12015	29	10	57	2374	0	2470
12016	26	19	20	2413	0	2478
12017	24	12	9	2556	0	2601
12018	24	9	5	2597	0	2635
12019	11	18	2527	112	0	2668
12020	12	2538	72	56	0	2678
12021	29	72	23	2558	0	2682
12022	19	29	21	2625	0	2694
12023	18	24	9	2586	0	2637
12024	15	2483	20	125	0	2643
12025	10	2602	18	63	0	2693
12026	2501	100	9	49	0	2659
12027	95	41	13	2463	0	2612
12028	27	28	2387	96	0	2538
12029	20	2394	72	53	0	2539
12030	2295	82	38	45	0	2460
12031	77	34	2273	31	0	2415
12032	38	20	2260	34	0	2352
12033	23	19	2205	26	0	2273
12034	27	32	106	2076	0	2241
12035	18	10	2138	78	0	2244
12036	11	2019	89	39	0	2158
12037	19	63	35	1920	0	2037
12038	16	33	1942	76	0	2067
12039	7	23	70	1880	0	1980
12040	1855	18	34	86	0	1993
12041	63	15	1859	51	0	1988
12042	1804	12	68	42	0	1926
12043	71	1859	36	26	0	1992
12044	1859	64	24	26	0	1973
12045	80	32	20	1847	0	1979
12046	1879	19	13	76	0	1987
12047	1894	16	23	40	0	1973
12048	1838	19	11	40	0	1908
12049	97	1855	18	27	0	1997
12050	1863	63	17	25	0	1968
12051	1891	32	9	33	0	1965
12052	94	21	1806	13	0	1934
12053	51	1792	65	21	0	1929
12054	47	70	36	1773	0	1926
12055	34	36	29	1823	0	1922
12056	31	21	18	1853	0	1923
12057	23	17	1778	94	0	1912
12058	26	14	66	1808	0	1914
12059	25	14	1808	83	0	1930
12060	1794	12	70	62	0	1938
12061	1865	8	50	39	0	1962
12062	91	14	1809	29	0	1943
12063	1827	12	70	31	0	1940
12064	1871	15	44	25	0	1955
12065	1906	10	24	30	0	1970
12066	106	12	23	1830	0	1971
12067	63	15	1832	70	0	1980
12068	48	1833	66	37	0	1984
12069	36	60	36	1841	0	1973
12070	30	30	1896	70	0	2026
12071	26	24	1837	44	0	1931
12072	1776	18	80	44	0	1918
12073	63	1871	51	29	0	2014
12074	1911	62	25	33	0	2031
12075	1940	30	24	31	0	2025
12076	90	1907	26	21	0	2044
12077	1923	64	14	29	0	2030
12078	83	34	1974	25	0	2116
12079	60	23	1983	15	0	2081
12080	44	19	1994	19	0	2076
12081	34	1920	87	13	0	2054
12082	1831	54	55	20	0	1960
12083	1849	26	31	24	0	1930
12084	83	1766	23	16	0	1888
12085	43	1883	25	25	0	1976
12086	39	66	17	1855	0	1977
12087	26	41	20	1869	0	1956
12088	1869	28	18	80	0	1995
12089	65	1932	15	38	0	2050
12090	1906	54	24	27	0	2011
12091	1876	30	14	29	0	1949
12092	74	21	1818	16	0	1929
12093	46	1776	45	16	0	1883
12094	45	53	24	1779	0	1901
12095	1740	27	21	45	0	1833
12096	71	21	14	1714	0	1820
12097	1619	16	15	40	0	1690
12098	54	11	1586	21	0	1672
12099	35	1571	44	20	0	1670
12100	25	1623	23	8	0	1679
12101	30	54	14	1538	0	1636
12102	25	1637	16	29	0	1707
12103	1613	53	17	25	0	1708
12104	37	32	1580	15	0	1664
12105	1522	20	33	24	0	1599
12106	41	18	1637	14	0	1710
12107	30	10	40	1607	0	1687
12108	21	16	19	1627	0	1683
12109	21	11	12	1646	0	1690
12110	1635	5	13	56	0	1709
12111	41	9	1653	28	0	1731
12112	31	8	36	1640	0	1715
12113	19	10	19	1657	0	1705
12114	20	1598	10	54	0	1682
12115	19	1603	11	31	0	1664
12116	18	1659	7	22	0	1706
12117	18	34	6	1528	0	1586
12118	11	11	4	1496	0	1522
12119	5	1429	0	18	0	1452
12120	4	1433	5	11	0	1453
12121	1446	10	1	8	0	1465
12122	8	5	3	1452	0	1468
12123	6	1448	0	6	0	1460
12124	1456	2	3	9	0	1470
12125	5	1	4	1485	0	1495
12126	1696	1	3	9	0	1709
12127	22	3	1	1753	0	1779
12128	7	3	1810	19	0	1839
12129	5	1828	17	9	0	1859
12130	1802	18	2	6	0	1828
12131	22	4	1891	3	0	1920
12132	3	1896	19	3	0	1921
12133	10	17	1	1935	0	1963
12134	2	5	2	1977	0	1986
12135	5	4	1	1921	0	1931
12136	4	2	0	1883	0	1889
12137	0	3	1920	24	0	1947
12138	3	1910	20	8	0	1941
12139	4	18	3	1937	0	1962
12140	1893	3	5	25	0	1926
12141	17	1931	6	5	0	1959
12142	4	20	2	2031	0	2057
12143	3	5	2066	22	0	2096
12144	3	2075	22	5	0	2105
12145	13	28	5	1893	0	1939
12146	3	2136	4	16	0	2159
12147	2138	27	4	11	0	2180
12148	2143	6	0	14	0	2163
12149	31	5	2104	4	0	2144
12150	2081	3	24	8	0	2116
12151	2141	2	3	9	0	2155
12152	34	5	2098	1	0	2138
12153	8	2105	29	3	0	2145
12154	13	28	3	2110	0	2154
12155	5	5	2	2199	0	2211
12156	2170	6	2	40	0	2218
12157	31	3	2	2193	0	2229
12158	5	6	2178	37	0	2226
12159	2055	0	29	17	0	2101
12160	32	6	2141	5	0	2184
12161	11	2136	30	4	0	2181
12162	2106	29	9	10	0	2154
12163	34	7	2122	0	0	2163
12164	9	4	2039	13	0	2065
12165	8	2102	30	3	0	2143
12166	9	29	10	2124	0	2172
12167	4	6	2102	31	0	2143
12168	3	6	36	1870	0	1915
12169	9	4	5	2074	0	2092
12170	3	1	2026	37	0	2067
12171	1	2041	30	13	0	2085
12172	5	28	7	2047	0	2087
12173	2023	4	5	34	0	2066
12174	2002	5	5	10	0	2022
12175	35	7	1	2013	0	2056
12176	12	1	1994	34	0	2041
12177	10	4	2061	5	0	2080
12178	6	1	34	2004	0	2045
12179	2	7	1977	33	0	2019
12180	1918	1	34	12	0	1965
12181	36	3	9	1999	0	2047
12182	12	2	6	2023	0	2043
12183	6	2010	4	38	0	2058
12184	10	31	4	2031	0	2076
12185	3	10	1945	40	0	1998
12186	1874	7	35	15	0	1931
12187	1959	2	7	10	0	1978
12188	45	2	1950	6	0	2003
12189	12	1	37	2012	0	2062
12190	17	0	9	2082	0	2108
12191	5	3	2065	57	0	2130
12192	10	9	51	2049	0	2119
12193	11	3	16	2044	0	2074
12194	2	2124	8	62	0	2196
12195	8	50	5	2228	0	2291
12196	10	11	3	2278	0	2302
12197	2287	5	1	84	0	2377
12198	2382	6	6	27	0	2421
12199	2414	4	5	16	0	2439
12200	2397	2	4	17	0	2420
12201	2389	6	4	14	0	2413
12202	91	4	2267	8	0	2370
12203	44	3	56	2247	0	2350
12204	26	4	17	2325	0	2372
12205	12	3	2292	78	0	2385
12206	2183	2	62	35	0	2282
12207	2285	0	22	27	0	2334
12208	82	4	2143	11	0	2240
12209	2223	2	60	11	0	2296
12210	2292	2	20	12	0	2326
12211	86	6	2241	8	0	2341
12212	41	0	71	2138	0	2250
12213	29	2224	20	63	0	2336
12214	25	62	14	2295	0	2396
12215	25	17	10	2303	0	2355
12216	21	10	8	2304	0	2343
12217	14	9	2247	91	0	2361
12218	2189	2	74	38	0	2303
12219	2287	1	23	30	0	2341
12220	89	2	10	2246	0	2347
12221	28	3	2195	71	0	2297
12222	28	7	71	2153	0	2259
12223	15	2	2244	80	0	2341
12224	12	3	2322	29	0	2366
12225	10	2259	96	17	0	2382
12226	15	41	19	2030	0	2105
12227	2007	16	20	57	0	2100
12228	1952	6	12	29	0	1999
12229	1988	8	7	19	0	2022
12230	79	2	5	1941	0	2027
12231	33	2042	6	57	0	2138
12232	19	56	5	2111	0	2191
12233	15	20	2148	67	0	2250
12234	2258	6	64	33	0	2361
12235	2483	7	21	21	0	2532
12236	98	2	9	2458	0	2567
12237	44	6	13	2508	0	2571
12238	31	2	11	2537	0	2581
12239	25	1	2437	97	0	2560
12240	2207	3	78	50	0	2338
12241	81	2369	26	28	0	2504
12242	24	2376	12	31	0	2443
12243	12	81	2312	19	0	2424
12244	28	36	81	2239	0	2384
12245	13	19	2292	76	0	2400
12246	2180	10	68	32	0	2290
12247	89	9	25	2214	0	2337
12248	29	11	2218	85	0	2343
12249	18	2313	79	31	0	2441
12250	2311	58	25	30	0	2424
12251	84	20	2374	20	0	2498
12252	35	2300	84	21	0	2440
12253	23	2416	31	18	0	2488
12254	2364	82	18	26	0	2490
12255	92	26	26	2322	0	2466
12256	40	19	2406	83	0	2548
12257	20	2399	83	38	0	2540
12258	2397	78	35	25	0	2535
12259	2458	30	20	26	0	2534
12260	104	2403	19	18	0	2544
12261	43	88	2493	10	0	2634
12262	38	27	81	2496	0	2642
12263	2480	14	37	95	0	2626
12264	2542	17	23	40	0	2622
12265	113	10	2473	16	0	2612
12266	62	7	78	2423	0	2570
12267	40	10	35	2529	0	2614
12268	24	15	2511	105	0	2655
12269	16	21	2497	42	0	2576
12270	2488	11	100	34	0	2633
12271	2579	12	39	31	0	2661
12272	2597	17	29	20	0	2663
12273	2597	17	20	20	0	2654
12274	129	7	2470	22	0	2628
12275	2501	5	87	29	0	2622
12276	115	11	32	2460	0	2618
12277	58	9	2554	82	0	2703
12278	34	8	2543	43	0	2628
12279	33	2510	101	26	0	2670
12280	37	74	42	2484	0	2637
12281	25	33	2541	77	0	2676
12282	2443	17	80	49	0	2589
12283	99	18	38	2291	0	2446
12284	39	2544	33	68	0	2684
12285	2570	77	31	41	0	2719
12286	2629	22	24	32	0	2707
12287	112	15	2572	30	0	2729
12288	51	2557	97	16	0	2721
12289	43	68	31	2427	0	2569
12290	2446	24	20	69	0	2559
12291	111	12	16	2410	0	2549
12292	39	23	2365	71	0	2498
12293	2157	12	69	39	0	2277
12294	72	2290	31	23	0	2416
12295	33	2151	16	22	0	2222
12296	23	2299	29	22	0	2373
12297	2241	63	38	20	0	2362
12298	2204	24	24	21	0	2273
12299	2225	18	15	13	0	2271
12300	74	15	12	2169	0	2270
12301	33	12	2190	55	0	2290
12302	37	12	54	2177	0	2280
12303	2209	13	17	61	0	2300
12304	75	13	11	2227	0	2326
12305	2305	9	16	62	0	2392
12306	2328	11	17	19	0	2375
12307	2294	11	15	25	0	2345
12308	65	2273	15	23	0	2376
12309	2302	49	17	17	0	2385
12310	74	16	2268	15	0	2373
12311	35	15	2296	14	0	2360
12312	30	2282	67	15	0	2394
12313	40	49	16	2232	0	2337
12314	2240	16	26	48	0	2330
12315	66	12	2208	14	0	2300
12316	2167	12	54	18	0	2251
12317	74	7	19	2169	0	2269
12318	29	2224	25	52	0	2330
12319	19	50	23	2300	0	2392
12320	17	17	2287	60	0	2381
12321	2168	4	57	28	0	2257
12322	64	14	2325	17	0	2420
12323	38	11	2261	15	0	2325
12324	2124	16	53	18	0	2211
12325	67	2169	20	13	0	2269
12326	2234	47	16	22	0	2319
12327	2265	18	18	15	0	2316
12328	73	11	2206	7	0	2297
12329	2122	10	64	20	0	2216
12330	64	14	2153	13	0	2244
12331	23	6	2023	13	0	2065
12332	19	9	2058	11	0	2097
12333	15	1963	47	13	0	2038
12334	1770	37	70	14	0	1891
12335	1720	10	14	13	0	1757
12336	1733	1	7	5	0	1746
12337	1727	2	6	6	0	1741
12338	31	6	1729	2	0	1768
12339	14	6	23	1711	0	1754
12340	15	1	8	1737	0	1761
12341	1739	1	4	32	0	1776
12342	26	1722	6	8	0	1762
12343	13	19	7	1729	0	1768
12344	1715	8	7	27	0	1757
12345	29	4	1756	7	0	1796
12346	13	5	23	1731	0	1772
12347	8	9	1787	28	0	1832
12348	11	1776	24	6	0	1817
12349	13	28	3	1671	0	1715
12350	1643	7	2	26	0	1678
12351	24	3	7	1632	0	1666
12352	6	1	1638	20	0	1665
12353	2	1627	20	8	0	1657
12354	1623	19	3	12	0	1657
12355	19	6	1629	6	0	1660
12356	1521	4	19	11	0	1555
12357	22	1585	5	5	0	1617
12358	1584	15	8	4	0	1611
12359	1566	4	4	7	0	1581
12360	22	3	2	1567	0	1594
12361	5	5	1541	16	0	1567
12362	8	1540	15	4	0	1567
12363	10	16	4	1613	0	1643
12364	13	2	7	1615	0	1637
12365	14	3	3	1716	0	1736
12366	4	4	5	1834	0	1847
12367	4	2052	5	33	0	2094
12368	2182	28	4	19	0	2233
12369	38	2204	3	8	0	2253
12370	19	38	2	2313	0	2372
12371	2378	15	1	54	0	2448
12372	63	4	2	2374	0	2443
12373	17	5	2380	56	0	2458
12374	10	2368	53	28	0	2459
12375	16	48	16	2374	0	2454
12376	12	19	4	2443	0	2478
12377	2305	8	3	67	0	2383
12378	51	7	2277	27	0	2362
12379	2237	2	47	22	0	2308
12380	2285	5	17	14	0	2321
12381	2307	6	10	18	0	2341
12382	71	8	2267	14	0	2360
12383	40	8	49	2220	0	2317
12384	27	6	18	2263	0	2314
12385	9	8	2251	73	0	2341
12386	14	7	2261	29	0	2311
12387	2255	7	64	29	0	2355
12388	63	6	26	2288	0	2383
12389	2341	5	13	70	0	2429
12390	2413	4	6	36	0	2459
12391	83	2	14	2360	0	2459
12392	38	7	2554	59	0	2658
12393	2452	9	61	33	0	2555
12394	79	9	21	2560	0	2669
12395	30	4	2573	77	0	2684
12396	24	2502	54	41	0	2621
12397	2499	64	23	33	0	2619
12398	77	2527	22	17	0	2643
12399	51	72	13	2312	0	2448
12400	31	2579	11	64	0	2685
12401	2514	69	15	45	0	2643
12402	2559	27	17	42	0	2645
12403	81	2530	20	39	0	2670
12404	2542	65	18	23	0	2648
12405	2506	26	17	38	0	2587
12406	94	2439	19	31	0	2583
12407	2482	70	14	32	0	2598
12408	106	20	21	2438	0	2585
12409	65	19	15	2476	0	2575
12410	2469	12	11	88	0	2580
12411	98	17	24	2295	0	2434
12412	60	2357	20	70	0	2507
12413	2355	64	18	55	0	2492
12414	2383	24	12	50	0	2469
12415	77	2382	34	42	0	2535
12416	2404	65	28	32	0	2529
12417	2456	26	23	27	0	2532
12418	113	24	14	2332	0	2483
12419	61	18	2294	83	0	2456
12420	69	2304	57	37	0	2467
12421	2336	68	23	56	0	2483
12422	2362	28	28	35	0	2453
12423	118	27	2273	26	0	2444
12424	2305	17	63	46	0	2431
12425	93	26	2250	30	0	2399
12426	2286	24	64	20	0	2394
12427	103	30	30	2259	0	2422
12428	59	32	2252	68	0	2411
12429	46	36	2292	49	0	2423
12430	58	23	72	2246	0	2399
12431	48	36	34	2246	0	2364
12432	48	17	2153	89	0	2307
12433	56	34	60	2147	0	2297
12434	53	23	2161	78	0	2315
12435	64	24	66	2155	0	2309
12436	59	33	33	2124	0	2249
12437	54	2054	21	84	0	2213
12438	55	2024	24	56	0	2159
12439	37	2134	23	47	0	2241
12440	61	71	16	2105	0	2253
12441	53	39	17	2156	0	2265
12442	36	38	2062	109	0	2245
12443	2024	25	63	54	0	2166
12444	2121	21	37	44	0	2223
12445	97	2033	26	35	0	2191
12446	2061	67	25	39	0	2192
12447	122	31	15	1999	0	2167
12448	2034	25	27	84	0	2170
12449	2071	27	34	48	0	2180
12450	108	27	28	2002	0	2165
12451	1975	22	19	90	0	2106
12452	92	1920	34	45	0	2091
12453	61	1999	28	29	0	2117
12454	59	75	32	1875	0	2041
12455	60	1993	24	62	0	2139
12456	52	67	34	1979	0	2132
12457	57	40	15	2026	0	2138
12458	1982	22	33	99	0	2136
12459	98	1963	31	47	0	2139
12460	1940	62	20	58	0	2080
12461	1910	31	25	47	0	2013
12462	88	1889	32	45	0	2054
12463	1875	64	23	36	0	1998
12464	82	28	1826	49	0	1985
12465	35	1730	69	33	0	1867
12466	1597	51	14	44	0	1706
12467	55	15	1388	20	0	1478
12468	21	1214	31	18	0	1284
12469	21	1265	13	13	0	1312
12470	1089	28	29	11	0	1157
12471	1048	12	5	9	0	1074
12472	1049	9	8	11	0	1077
12473	28	1012	5	8	0	1053
12474	20	22	3	1025	0	1070
12475	1022	8	6	24	0	1060
12476	1028	15	5	6	0	1054
12477	32	11	4	1019	0	1066
12478	11	8	1029	26	0	1074
12479	19	3	1020	10	0	1052
12480	15	5	22	1031	0	1073
12481	16	5	11	1045	0	1077
12482	13	4	1036	24	0	1077
12483	13	8	21	994	0	1036
12484	10	1015	8	25	0	1058
12485	1027	17	11	13	0	1068
12486	26	7	11	1018	0	1062
12487	945	4	7	23	0	979
12488	20	964	7	11	0	1002
12489	12	997	4	11	0	1024
12490	966	17	6	16	0	1005
12491	19	8	953	9	0	989
12492	728	8	11	7	0	754
12493	9	751	5	8	0	773
12494	7	4	8	722	0	741
12495	715	4	1	7	0	727
12496	7	1	0	699	0	707
12497	728	0	2	5	0	735
12498	715	0	0	6	0	721
12499	8	753	1	3	0	765
12500	721	3	1	5	0	730
12501	4	710	1	0	0	715
12502	720	2	0	1	0	723
12503	7	2	0	713	0	722
12504	729	0	0	6	0	735
12505	4	1	0	746	0	751
12506	777	0	0	10	0	787
12507	795	0	0	9	0	804
12508	803	0	0	3	0	806
12509	814	1	0	4	0	819
12510	805	0	0	1	0	806
12511	6	0	0	805	0	811
12512	785	0	0	9	0	794
12513	3	776	0	2	0	781
12514	0	3	755	8	0	766
12515	2	1	4	748	0	755
12516	0	2	769	4	0	775
12517	0	0	4	817	0	821
12518	1	0	835	7	0	843
12519	802	0	3	4	0	809
12520	7	0	1	826	0	834
12521	2	1	829	4	0	836
12522	0	2	861	3	0	866
12523	2	1	5	879	0	887
12524	960	0	6	12	0	978
12525	4	1030	1	2	0	1037
12526	1037	5	1	4	0	1047
12527	1052	4	1	6	0	1063
12528	10	1047	1	0	0	1058
12529	1081	6	0	6	0	1093
12530	8	4	1	1091	0	1104
12531	7	3	0	1085	0	1095
12532	6	1	0	1100	0	1107
12533	1096	0	1	12	0	1109
12534	5	1097	1	8	0	1111
12535	7	6	0	1113	0	1126
12536	3	5	0	1130	0	1138
12537	1126	2	0	16	0	1144
12538	10	0	0	1122	0	1132
12539	5	2	1199	8	0	1214
12540	2	1281	11	6	0	1300
12541	1307	12	5	6	0	1330
12542	20	9	7	1284	0	1320
12543	10	1352	4	11	0	1377
12544	1343	17	1	11	0	1372
12545	19	9	1315	7	0	1350
12546	11	1323	17	7	0	1358
12547	1351	18	10	7	0	1386
12548	24	10	5	1347	0	1386
12549	18	5	5	1345	0	1373
12550	5	7	1346	25	0	1383
12551	13	0	14	1339	0	1366
12552	2	5	1480	23	0	1510
12553	4	5	1381	12	0	1402
12554	2	4	1473	5	0	1484
12555	1438	3	24	13	0	1478
12556	1459	0	18	6	0	1483
12557	1488	1	7	6	0	1502
12558	38	1	4	1443	0	1486
12559	20	1437	1	12	0	1470
12560	9	1459	1	15	0	1484
12561	1516	21	1	11	0	1549
12562	1507	12	1	18	0	1538
12563	22	1533	2	3	0	1560
12564	1539	13	2	4	0	1558
12565	22	10	1477	3	0	1512
12566	18	7	1462	1	0	1488
12567	11	5	20	1414	0	1450
12568	7	5	16	1505	0	1533
12569	3	4	1495	22	0	1524
12570	4	2	18	1481	0	1505
12571	1503	3	10	29	0	1545
12572	14	1	1499	15	0	1529
12573	1478	2	14	11	0	1505
12574	20	1	11	1529	0	1561
12575	16	2	1595	13	0	1626
12576	7	1591	15	15	0	1628
12577	1591	12	13	14	0	1630
12578	14	12	1575	6	0	1607
12579	1556	6	27	6	0	1595
12580	27	5	11	1566	0	1609
12581	1582	0	7	21	0	1610
12582	21	2	1617	11	0	1651
12583	16	1	14	1643	0	1674
12584	1692	2	10	20	0	1724
12585	1744	6	5	19	0	1774
12586	1779	4	5	12	0	1800
12587	1813	1	1	12	0	1827
12588	39	5	1	1739	0	1784
12589	25	7	0	1734	0	1766
12590	16	2	1773	26	0	1817
12591	15	2	18	1745	0	1780
12592	4	5	12	1730	0	1751
12593	7	1803	9	33	0	1852
12594	1836	22	9	19	0	1886
12595	1878	10	2	23	0	1913
12596	33	1993	5	11	0	2042
12597	25	27	3	1995	0	2050
12598	26	17	1	2023	0	2067
12599	1976	6	5	52	0	2039
12600	25	6	2044	26	0	2101
12601	21	5	28	2079	0	2133
12602	15	1	2102	35	0	2153
12603	2038	3	40	21	0	2102
12604	2099	4	21	12	0	2136
12605	2123	3	12	15	0	2153
12606	60	3	10	2048	0	2121
12607	36	5	4	2046	0	2091
12608	2056	2	4	49	0	2111
12609	34	2	2019	28	0	2083
12610	24	3	30	2031	0	2088
12611	2057	3	17	32	0	2109
12612	41	1	9	2048	0	2099
12613	20	2	2207	40	0	2269
12614	13	7	2126	24	0	2170
12615	2129	0	48	19	0	2196
12616	31	2207	25	17	0	2280
12617	2257	25	10	20	0	2312
12618	2316	14	11	8	0	2349
12619	54	7	1	2328	0	2390
12620	27	6	7	2318	0	2358
12621	17	2327	4	48	0	2396
12622	2278	27	4	31	0	2340
12623	34	2318	5	14	0	2371
12624	20	2340	3	15	0	2378
12625	20	42	3	2288	0	2353
12626	2284	16	4	34	0	2338
12627	2318	8	4	22	0	2352
12628	45	5	1	2296	0	2347
12629	24	2	2	2282	0	2310
12630	20	2	4	2275	0	2301
12631	2241	2	3	58	0	2304
12632	32	3	2269	25	0	2329
12633	18	2261	27	9	0	2315
12634	2266	25	14	22	0	2327
12635	42	15	4	2237	0	2298
12636	23	8	2233	27	0	2291
12637	15	6	2250	21	0	2292
12638	12	2247	40	9	0	2308
12639	4	2311	17	9	0	2341
12640	7	34	28	2191	0	2260
12641	11	2023	8	21	0	2063
12642	8	17	6	2149	0	2180
12643	10	9	3	2204	0	2226
12644	2199	4	5	30	0	2238
12645	30	5	4	2204	0	2243
12646	18	1	5	2225	0	2249
12647	10	5	2174	27	0	2216
12648	13	2	15	2195	0	2225
12649	2233	2	8	33	0	2276
12650	2248	4	3	23	0	2278
12651	32	2344	11	8	0	2395
12652	2238	19	4	22	0	2283
12653	28	11	2265	10	0	2314
12654	16	2294	26	8	0	2344
12655	14	27	13	2312	0	2366
12656	13	10	9	2363	0	2395
12657	14	3	5	2384	0	2406
12658	2366	6	4	44	0	2420
12659	2289	4	6	25	0	2324
12660	38	3	2331	11	0	2383
12661	22	4	2287	9	0	2322
12662	12	5	2353	11	0	2381
12663	5	2332	33	13	0	2383
12664	11	2419	16	6	0	2452
12665	2402	36	7	19	0	2464
12666	2430	16	4	16	0	2466
12667	40	9	2	2456	0	2507
12668	22	5	4	2442	0	2473
12669	15	2495	5	35	0	2550
12670	11	30	8	2549	0	2598
12671	9	10	2539	37	0	2595
12672	8	2517	28	22	0	2575
12673	18	28	10	2553	0	2609
12674	8	15	2652	34	0	2709
12675	14	11	28	2471	0	2524
12676	8	2586	15	33	0	2642
12677	2625	30	3	27	0	2685
12678	2610	17	6	16	0	2649
12679	2696	5	7	19	0	2727
12680	44	7	7	2697	0	2755
12681	24	6	2	2799	0	2831
12682	2799	3	3	61	0	2866
12683	47	2806	11	23	0	2887
12684	2860	43	3	20	0	2926
12685	50	20	2942	11	0	3023
12686	2938	8	42	18	0	3006
12687	3077	8	21	17	0	3123
12688	82	2	10	3042	0	3136
12689	3077	6	6	74	0	3163
12690	3120	3	8	40	0	3171
12691	80	6	8	3113	0	3207
12692	35	7	3080	57	0	3179
12693	2901	7	52	46	0	3006
12694	57	7	3090	15	0	3169
12695	35	3138	52	6	0	3231
12696	23	43	31	3093	0	3190
12697	8	18	8	3201	0	3235
12698	3419	5	9	71	0	3504
12699	56	9	3470	24	0	3559
12700	36	11	52	3308	0	3407
12701	10	3431	22	39	0	3502
12702	6	3456	8	22	0	3492
12703	18	58	4	3459	0	3539
12704	10	25	3434	48	0	3517
12705	11	5	51	3444	0	3511
12706	11	8	23	3439	0	3481
12707	6	4	3396	69	0	3475
12708	3	3465	53	30	0	3551
12709	3327	51	22	24	0	3424
12710	48	3491	5	8	0	3552
12711	31	55	5	3441	0	3532
12712	3357	22	6	62	0	3447
12713	40	3295	6	38	0	3379
12714	28	55	3292	9	0	3384
12715	3204	24	49	20	0	3297
12716	52	3353	27	10	0	3442
12717	3314	52	6	18	0	3390
12718	57	24	3240	11	0	3332
12719	3192	9	50	14	0	3265
12720	61	7	23	3216	0	3307
12721	31	6	3228	55	0	3320
12722	19	7	53	3165	0	3244
12723	7	3169	24	55	0	3255
12724	15	47	7	3187	0	3256
12725	12	24	8	3194	0	3238
12726	9	6	3116	78	0	3209
12727	18	6	53	3130	0	3207
12728	15	11	2851	66	0	2943
12729	9	3156	49	30	0	3244
12730	16	54	21	3137	0	3228
12731	10	25	3159	57	0	3251
12732	6	3140	58	30	0	3234
12733	12	3247	21	14	0	3294
12734	9	83	3204	12	0	3308
12735	12	26	3211	15	0	3264
12736	22	11	80	3163	0	3276
12737	3110	15	30	70	0	3225
12738	64	3123	10	32	0	3229
12739	35	64	14	3045	0	3158
12740	3031	30	6	68	0	3135
12741	64	3075	9	46	0	3194
12742	3014	61	12	25	0	3112
12743	65	3112	7	18	0	3202
12744	3087	61	12	24	0	3184
12745	3085	30	10	28	0	3153
12746	3132	17	15	22	0	3186
12747	100	3293	7	14	0	3414
12748	43	68	7	3306	0	3424
12749	25	25	3231	76	0	3357
12750	29	3235	72	36	0	3372
12751	33	65	27	3109	0	3234
12752	40	29	17	3157	0	3243
12753	18	23	3075	84	0	3200
12754	26	2981	65	38	0	3110
12755	2938	69	30	25	0	3062
12756	62	2940	18	25	0	3045
12757	54	64	8	2916	0	3042
12758	24	27	2926	67	0	3044
12759	2807	22	70	44	0	2943
12760	75	9	26	2947	0	3057
12761	28	22	2893	77	0	3020
12762	2738	13	68	50	0	2869
12763	67	2837	41	17	0	2962
12764	2828	64	14	25	0	2931
12765	2856	34	8	40	0	2938
12766	96	16	16	2811	0	2939
12767	34	21	2817	73	0	2945
12768	19	2790	73	43	0	2925
12769	15	62	2782	27	0	2886
12770	19	35	65	2681	0	2800
12771	22	20	31	2776	0	2849
12772	2709	21	16	92	0	2838
12773	73	13	2692	35	0	2813
12774	27	2596	71	21	0	2715
12775	20	64	32	2603	0	2719
12776	18	34	14	2668	0	2734
12777	2589	23	13	86	0	2711
12778	68	2616	13	32	0	2729
12779	36	63	11	2541	0	2651
12780	2428	26	12	75	0	2541
12781	52	2429	11	27	0	2519
12782	2328	56	11	22	0	2417
12783	2337	24	4	24	0	2389
12784	69	2252	9	21	0	2351
12785	2001	42	7	11	0	2061
12786	46	2037	10	13	0	2106
12787	1982	36	12	16	0	2046
12788	1976	15	9	14	0	2014
12789	50	1950	5	13	0	2018
12790	1841	35	14	14	0	1904
12791	1879	9	4	19	0	1911
12792	1885	11	6	13	0	1915
12793	46	13	1843	7	0	1909
12794	16	13	1711	8	0	1748
12795	14	8	1722	9	0	1753
12796	1649	15	47	9	0	1720
12797	40	6	1604	5	0	1655
12798	12	9	1337	2	0	1360
12799	16	19	32	1182	0	1249
12800	1208	4	10	28	0	1250
12801	30	6	1242	7	0	1285
12802	10	6	1320	7	0	1343
12803	17	3	31	1284	0	1335
12804	13	4	11	1303	0	1331
12805	10	6	13	1305	0	1334
12806	5	3	1292	38	0	1338
12807	8	8	30	1276	0	1322
12808	1285	8	8	36	0	1337
12809	27	1316	8	17	0	1368
12810	11	25	9	1307	0	1352
12811	11	8	8	1337	0	1364
12812	10	11	1342	34	0	1397
12813	8	1326	30	16	0	1380
12814	1314	29	9	15	0	1367
12815	28	1318	5	15	0	1366
12816	23	30	7	1317	0	1377
12817	16	11	1314	31	0	1372
12818	16	9	31	1341	0	1397
12819	11	7	14	1381	0	1413
12820	1410	9	11	39	0	1469
12821	38	11	9	1336	0	1394
12822	19	1336	7	41	0	1403
12823	11	1452	5	15	0	1483
12824	10	37	1460	11	0	1518
12825	1455	14	42	11	0	1522
12826	40	13	13	1477	0	1543
12827	27	8	12	1468	0	1515
12828	18	7	9	1497	0	1531
12829	1504	5	8	51	0	1568
12830	36	1541	11	25	0	1613
12831	1530	32	13	22	0	1597
12832	40	14	1461	9	0	1524
12833	18	11	1447	10	0	1486
12834	1495	5	39	15	0	1554
12835	42	4	21	1481	0	1548
12836	16	5	18	1533	0	1572
12837	15	3	11	1544	0	1573
12838	13	6	1523	39	0	1581
12839	1489	7	32	23	0	1551
12840	1514	4	17	23	0	1558
12841	1482	7	10	13	0	1512
12842	48	9	6	1458	0	1521
12843	23	5	1433	34	0	1495
12844	14	8	1398	22	0	1442
12845	17	5	1415	21	0	1458
12846	6	1358	43	15	0	1422
12847	20	16	12	1190	0	1238
12848	1172	10	6	21	0	1209
12849	20	5	1180	13	0	1218
12850	1189	2	17	11	0	1219
12851	24	2	12	1207	0	1245
12852	17	4	7	1191	0	1219
12853	7	1178	6	23	0	1214
12854	7	1191	3	17	0	1218
12855	2	1238	7	12	0	1259
12856	6	32	6	1234	0	1278
12857	1229	9	7	23	0	1268
12858	1241	6	2	18	0	1267
12859	25	4	1205	18	0	1252
12860	1201	3	14	9	0	1227
12861	22	3	1205	8	0	1238
12862	16	5	24	1192	0	1237
12863	12	4	1203	16	0	1235
12864	1209	5	23	11	0	1248
12865	22	4	9	1212	0	1247
12866	10	1	1296	22	0	1329
12867	11	4	1240	12	0	1267
12868	1247	1	22	17	0	1287
12869	1268	3	11	12	0	1294
12870	22	1289	10	11	0	1332
12871	18	14	6	1335	0	1373
12872	14	11	1346	15	0	1386
12873	11	8	1343	10	0	1372
12874	12	5	24	1348	0	1389
12875	1337	2	16	20	0	1375
12876	14	1339	12	16	0	1381
12877	14	17	7	1357	0	1395
12878	1371	13	7	24	0	1415
12879	23	6	4	1361	0	1394
12880	11	1371	9	22	0	1413
12881	12	12	6	1399	0	1429
12882	1405	10	7	29	0	1451
12883	27	4	5	1418	0	1454
12884	1421	8	18	29	0	1476
12885	16	1477	7	21	0	1521
12886	1467	24	7	13	0	1511
12887	24	13	1429	9	0	1475
12888	1415	9	17	12	0	1453
12889	1459	6	8	15	0	1488
12890	28	1478	11	18	0	1535
12891	17	15	11	1447	0	1490
12892	16	11	1441	16	0	1484
12893	14	10	1424	17	0	1465
12894	1395	6	19	17	0	1437
12895	1389	3	14	18	0	1424
12896	18	1412	11	10	0	1451
12897	19	1426	11	8	0	1464
12898	1433	15	4	6	0	1458
12899	15	1435	5	9	0	1464
12900	17	1458	5	11	0	1491
12901	9	17	15	1433	0	1474
12902	10	6	8	1379	0	1403
12903	9	4	1411	19	0	1443
12904	9	3	11	1418	0	1441
12905	1409	2	12	27	0	1450
12906	16	4	1415	16	0	1451
12907	16	3	1422	5	0	1446
12908	13	7	18	1414	0	1452
12909	17	5	6	1446	0	1474
12910	7	6	8	1453	0	1474
12911	8	4	1426	23	0	1461
12912	9	1	18	1372	0	1400
12913	15	2	12	1438	0	1467
12914	1435	6	8	22	0	1471
12915	10	1434	5	18	0	1467
12916	1412	7	6	12	0	1437
12917	16	6	1441	3	0	1466
12918	1344	4	8	2	0	1358
12919	12	1442	4	4	0	1462
12920	1319	4	3	7	0	1333
12921	8	1306	4	3	0	1321
12922	1265	9	8	5	0	1287
12923	5	1263	1	2	0	1271
12924	5	1273	1	1	0	1280
12925	2	12	4	1276	0	1294
12926	1268	2	0	8	0	1278
12927	1269	0	1	5	0	1275
12928	1268	0	2	5	0	1275
12929	6	0	1233	1	0	1240
12930	4	1	1235	1	0	1241
12931	2	2	2	1277	0	1283
12932	2	1297	1	2	0	1302
12933	2	1334	1	2	0	1339
12934	10	6	1	1307	0	1324
12935	1308	3	2	5	0	1318
12936	1331	0	1	7	0	1339
12937	1330	1	0	3	0	1334
12938	8	2	1332	0	0	1342
12939	5	3	4	1351	0	1363
12940	5	1	1370	4	0	1380
12941	1363	3	6	4	0	1376
12942	1381	3	4	6	0	1394
12943	6	2	1392	3	0	1403
12944	7	0	5	1386	0	1398
12945	1436	0	5	11	0	1452
12946	8	0	2	1440	0	1450
12947	9	2	1	1492	0	1504
12948	6	2	3	1562	0	1573
12949	1678	0	4	20	0	1702
12950	19	2	1	1796	0	1818
12951	1898	2	1	25	0	1926
12952	27	2067	1	14	0	2109
12953	21	29	1	2161	0	2212
12954	13	18	2	2181	0	2214
12955	14	7	1	2192	0	2214
12956	2168	3	1	58	0	2230
12957	34	2	2	2175	0	2213
12958	28	4	2	2166	0	2200
12959	2167	2	2	55	0	2226
12960	2165	1	2	30	0	2198
12961	2192	1	3	17	0	2213
12962	55	0	2115	9	0	2179
12963	36	14	2041	4	0	2095
12964	2156	1	45	4	0	2206
12965	39	0	27	2147	0	2213
12966	33	4	4	2098	0	2139
12967	2164	4	4	62	0	2234
12968	2123	2	3	44	0	2172
12969	2132	0	4	29	0	2165
12970	57	2128	3	7	0	2195
12971	2149	28	2	20	0	2199
12972	2127	17	0	12	0	2156
12973	53	2069	3	9	0	2134
12974	33	2115	4	6	0	2158
12975	23	44	2	2154	0	2223
12976	2170	23	4	33	0	2230
12977	2195	8	4	29	0	2236
12978	2192	3	4	14	0	2213
12979	66	5	1	2167	0	2239
12980	2196	3	1	34	0	2234
12981	40	6	2156	27	0	2229
12982	2121	3	28	25	0	2177
12983	50	3	2173	10	0	2236
12984	33	5	2104	8	0	2150
12985	31	5	46	2083	0	2165
12986	2120	3	26	40	0	2189
12987	41	2	12	2132	0	2187
12988	30	5	2147	39	0	2221
12989	13	3	2146	35	0	2197
12990	17	1	43	2155	0	2216
12991	2152	1	26	46	0	2225
12992	35	2197	14	33	0	2279
12993	40	25	5	2228	0	2298
12994	28	17	5	2282	0	2332
12995	19	7	2247	55	0	2328
12996	13	17	2214	38	0	2282
12997	21	3	52	2288	0	2364
12998	2315	3	27	49	0	2394
12999	43	3	2294	38	0	2378
13000	36	6	33	2270	0	2345
13001	28	1	19	2287	0	2335
13002	25	2	11	2350	0	2388
13003	2258	5	9	67	0	2339
13004	44	10	2110	44	0	2208
13005	46	2241	23	25	0	2335
13006	26	32	15	2262	0	2335
13007	24	26	2250	44	0	2344
13008	22	2195	36	38	0	2291
13009	21	2276	26	29	0	2352
13010	2249	45	16	33	0	2343
13011	50	2293	13	15	0	2371
13012	2304	39	6	27	0	2376
13013	57	24	2250	18	0	2349
13014	51	12	33	2252	0	2348
13015	2289	10	31	41	0	2371
13016	51	2277	14	41	0	2383
13017	39	30	2241	33	0	2343
13018	40	30	36	2085	0	2191
13019	29	2252	27	35	0	2343
13020	34	31	16	2313	0	2394
13021	2277	28	14	51	0	2370
13022	49	2334	16	39	0	2438
13023	2347	35	12	29	0	2423
13024	2343	29	5	28	0	2405
13025	73	18	2340	12	0	2443
13026	48	2453	41	13	0	2555
13027	31	39	34	2571	0	2675
13028	32	25	2717	49	0	2823
13029	24	13	2965	36	0	3038
13030	32	18	75	3019	0	3144
13031	3082	6	47	73	0	3208
13032	3083	8	24	54	0	3169
13033	100	7	16	3070	0	3193
13034	55	6	3069	76	0	3206
13035	36	3071	70	44	0	3221
13036	3086	61	35	40	0	3222
13037	3153	25	21	30	0	3229
13038	94	3125	17	35	0	3271
13039	3186	65	16	27	0	3294
13040	84	37	3105	12	0	3238
13041	3089	15	74	29	0	3207
13042	3039	11	37	30	0	3117
13043	98	15	3104	8	0	3225
13044	71	8	70	3049	0	3198
13045	42	8	3081	70	0	3201
13046	35	2959	79	36	0	3109
13047	14	2999	51	34	0	3098
13048	36	72	31	2821	0	2960
13049	12	42	2840	54	0	2948
13050	19	2640	49	24	0	2732
13051	15	2612	20	22	0	2669
13052	2315	54	16	21	0	2406
13053	2341	19	3	12	0	2375
13054	46	10	13	2341	0	2410
13055	31	7	5	2284	0	2327
13056	18	2338	7	35	0	2398
13057	2316	32	9	29	0	2386
13058	2344	11	7	27	0	2389
13059	39	2349	10	18	0	2416
13060	27	41	4	2370	0	2442
13061	14	20	2362	40	0	2436
13062	17	13	31	2360	0	2421
13063	2383	10	17	50	0	2460
13064	47	12	8	2397	0	2464
13065	28	12	4	2460	0	2504
13066	2460	5	4	55	0	2524
13067	53	3	5	2384	0	2445
13068	16	2395	4	52	0	2467
13069	19	29	5	2448	0	2501
13070	23	16	5	2473	0	2517
13071	26	11	0	2399	0	2436
13072	16	2395	8	50	0	2469
13073	10	42	5	2408	0	2465
13074	5	14	2385	55	0	2459
13075	12	10	40	2363	0	2425
13076	6	7	2367	53	0	2433
13077	12	2337	37	27	0	2413
13078	15	34	17	2373	0	2439
13079	11	15	11	2393	0	2430
13080	19	13	10	2369	0	2411
13081	11	10	11	2355	0	2387
13082	8	21	2300	61	0	2390
13083	9	2296	41	33	0	2379
13084	11	40	12	2342	0	2405
13085	8	12	2358	58	0	2436
13086	19	18	44	2375	0	2456
13087	2355	10	18	69	0	2452
13088	46	6	2275	24	0	2351
13089	2276	9	42	32	0	2359
13090	60	8	25	2334	0	2427
13091	19	15	2334	58	0	2426
13092	22	2327	46	26	0	2421
13093	22	44	9	2312	0	2387
13094	32	14	2307	60	0	2413
13095	12	2288	51	29	0	2380
13096	12	48	28	2274	0	2362
13097	2252	25	12	66	0	2355
13098	2308	17	17	30	0	2372
13099	2305	14	16	32	0	2367
13100	63	8	2271	29	0	2371
13101	36	2321	52	14	0	2423
13102	31	49	17	2339	0	2436
13103	30	16	18	2474	0	2538
13104	2470	17	24	68	0	2579
13105	56	2520	18	31	0	2625
13106	2520	55	12	30	0	2617
13107	2492	26	15	35	0	2568
13108	2558	16	16	26	0	2616
13109	71	27	2475	20	0	2593
13110	2504	10	51	35	0	2600
13111	83	12	18	2519	0	2632
13112	47	15	19	2549	0	2630
13113	2522	9	8	75	0	2614
13114	67	11	18	2470	0	2566
13115	27	2448	16	78	0	2569
13116	36	47	11	2451	0	2545
13117	2405	26	9	87	0	2527
13118	61	22	2386	41	0	2510
13119	30	2370	44	28	0	2472
13120	36	53	15	2373	0	2477
13121	2363	20	19	71	0	2473
13122	70	15	2322	32	0	2439
13123	33	28	70	2289	0	2420
13124	36	16	2279	58	0	2389
13125	14	10	2206	42	0	2272
13126	26	11	2115	36	0	2188
13127	33	7	2029	23	0	2092
13128	9	12	1877	22	0	1920
13129	1499	17	77	18	0	1611
13130	22	1515	16	10	0	1563
13131	1455	13	14	7	0	1489
13132	1452	7	7	10	0	1476
13133	25	1446	3	8	0	1482
13134	12	1464	8	3	0	1487
13135	1472	23	2	7	0	1504
13136	1455	10	2	12	0	1479
13137	27	5	3	1404	0	1439
13138	19	1415	1	21	0	1456
13139	1417	13	3	16	0	1449
13140	15	1409	4	5	0	1433
13141	14	14	3	1413	0	1444
13142	1419	6	4	25	0	1454
13143	1409	5	8	16	0	1438
13144	21	9	3	1413	0	1446
13145	16	5	4	1427	0	1452
13146	10	4	1412	20	0	1446
13147	10	5	16	1398	0	1429
13148	8	1	1407	24	0	1440
13149	13	2	23	1366	0	1404
13150	9	2	12	1389	0	1412
13151	1377	4	11	31	0	1423
13152	1380	4	11	17	0	1412
13153	26	3	1375	8	0	1412
13154	1348	1	16	8	0	1373
13155	22	9	10	1364	0	1405
13156	19	1	1381	20	0	1421
13157	23	6	14	1370	0	1413
13158	13	5	10	1491	0	1519
13159	11	6	1475	25	0	1517
13160	18	7	19	1463	0	1507
13161	10	3	1539	29	0	1581
13162	13	16	26	1586	0	1641
13163	1675	8	12	37	0	1732
13164	33	1698	6	22	0	1759
13165	1717	32	10	33	0	1792
13166	44	1768	3	13	0	1828
13167	1737	38	8	12	0	1795
13168	44	1786	6	12	0	1848
13169	1737	36	4	22	0	1799
13170	47	1776	6	5	0	1834
13171	28	48	11	1742	0	1829
13172	20	22	1755	41	0	1838
13173	14	12	1711	19	0	1756
13174	16	10	44	1713	0	1783
13175	1715	7	27	45	0	1794
13176	42	1748	19	26	0	1835
13177	29	34	9	1770	0	1842
13178	8	19	1790	39	0	1856
13179	16	13	1803	24	0	1856
13180	22	13	49	1691	0	1775
13181	11	1795	29	34	0	1869
13182	1777	33	14	34	0	1858
13183	38	26	1814	16	0	1894
13184	24	13	1783	8	0	1828
13185	8	1805	48	14	0	1875
13186	1791	36	33	16	0	1876
13187	1823	19	12	16	0	1870
13188	63	9	13	1790	0	1875
13189	1828	12	11	40	0	1891
13190	1814	8	9	25	0	1856
13191	56	1794	7	9	0	1866
13192	1796	34	7	13	0	1850
13193	42	28	1829	11	0	1910
13194	49	9	33	1794	0	1885
13195	28	14	19	1812	0	1873
13196	1784	10	16	57	0	1867
13197	39	1791	14	29	0	1873
13198	1769	32	13	20	0	1834
13199	43	1785	15	16	0	1859
13200	25	1806	10	17	0	1858
13201	21	50	1725	14	0	1810
13202	16	27	1665	11	0	1719
13203	1541	26	45	9	0	1621
13204	1563	9	26	15	0	1613
13205	49	11	1525	5	0	1590
13206	19	1464	32	5	0	1520
13207	13	1530	18	4	0	1565
13208	1499	37	13	8	0	1557
13209	1511	17	8	11	0	1547
13210	39	7	16	1509	0	1571
13211	1527	13	4	35	0	1579
13212	37	8	4	1549	0	1598
13213	29	8	1531	27	0	1595
13214	15	6	1488	22	0	1531
13215	1530	4	37	23	0	1594
13216	37	10	19	1488	0	1554
13217	23	1605	4	26	0	1658
13218	1626	25	14	16	0	1681
13219	1643	17	15	13	0	1688
13220	39	10	1621	6	0	1676
13221	1631	7	26	11	0	1675
13222	1679	10	18	10	0	1717
13223	46	9	8	1644	0	1707
13224	31	1601	9	26	0	1667
13225	19	1716	9	18	0	1762
13226	14	35	7	1740	0	1796
13227	24	23	5	1724	0	1776
13228	19	16	7	1772	0	1814
13229	13	9	1718	49	0	1789
13230	17	9	1653	24	0	1703
13231	15	9	45	1665	0	1734
13232	14	13	1692	37	0	1756
13233	11	4	1677	27	0	1719
13234	16	12	48	1652	0	1728
13235	14	7	1791	38	0	1850
13236	12	1781	39	27	0	1859
13237	1842	38	27	20	0	1927
13238	44	26	14	1850	0	1934
13239	25	1870	15	38	0	1948
13240	10	42	1913	18	0	1983
13241	19	22	42	1912	0	1995
13242	10	13	2004	42	0	2069
13243	14	8	42	2021	0	2085
13244	16	8	20	2082	0	2126
13245	13	7	2167	55	0	2242
13246	20	8	47	2108	0	2183
13247	9	2104	29	52	0	2194
13248	16	36	15	2199	0	2266
13249	16	19	2207	47	0	2289
13250	14	14	41	2199	0	2268
13251	2171	7	25	55	0	2258
13252	49	2198	18	34	0	2299
13253	32	52	12	2224	0	2320
13254	20	33	2295	39	0	2387
13255	13	2235	53	33	0	2334
13256	15	2303	28	25	0	2371
13257	23	44	2262	21	0	2350
13258	11	19	40	2143	0	2213
13259	13	20	24	2148	0	2205
13260	12	11	2194	48	0	2265
13261	3	2030	39	42	0	2114
13262	5	2053	28	18	0	2104
13263	1868	24	18	17	0	1927
13264	18	1914	14	15	0	1961
13265	1845	23	9	24	0	1901
13266	30	17	5	1819	0	1871
13267	1908	16	2	39	0	1965
13268	25	5	1862	19	0	1911
13269	1873	9	26	18	0	1926
13270	30	17	11	1915	0	1973
13271	12	1953	18	30	0	2013
13272	1985	24	13	22	0	2044
13273	28	21	6	2007	0	2062
13274	14	2012	13	38	0	2077
13275	4	2137	13	17	0	2171
13276	2082	39	6	15	0	2142
13277	2118	20	3	15	0	2156
13278	2122	10	4	12	0	2148
13279	38	11	4	2047	0	2100
13280	20	2003	4	32	0	2059
13281	12	2063	4	18	0	2097
13282	14	29	7	2060	0	2110
13283	2049	12	14	29	0	2104
13284	1976	8	1	30	0	2015
13285	2037	10	2	20	0	2069
13286	38	13	1973	2	0	2026
13287	24	5	1970	21	0	2020
13288	2088	8	28	13	0	2137
13289	29	17	10	2094	0	2150
13290	19	13	8	2114	0	2154
13291	22	4	6	2112	0	2144
13292	25	3	3	2125	0	2156
13293	13	10	2041	44	0	2108
13294	11	8	25	2042	0	2086
13295	2	16	2045	32	0	2095
13296	1917	14	27	24	0	1982
13297	32	2039	11	18	0	2100
13298	25	26	11	2101	0	2163
13299	25	12	4	2119	0	2160
13300	2089	6	12	53	0	2160
13301	2077	3	18	23	0	2121
13302	2070	10	12	20	0	2112
13303	2081	10	5	17	0	2113
13304	43	6	2046	22	0	2117
13305	21	7	2020	20	0	2068
13306	16	5	32	2055	0	2108
13307	2056	6	21	46	0	2129
13308	2041	6	17	33	0	2097
13309	34	5	2041	21	0	2101
13310	29	4	35	2004	0	2072
13311	2037	9	9	43	0	2098
13312	31	19	7	2032	0	2089
13313	16	3	2037	54	0	2110
13314	14	7	32	2050	0	2103
13315	2081	7	8	43	0	2139
13316	41	2247	14	18	0	2320
13317	2266	31	8	26	0	2331
13318	2276	13	14	25	0	2328
13319	2296	12	19	21	0	2348
13320	41	9	15	2283	0	2348
13321	2252	9	4	52	0	2317
13322	50	2275	6	17	0	2348
13323	26	2355	10	19	0	2410
13324	17	47	15	2317	0	2396
13325	2325	15	5	46	0	2391
13326	48	2413	6	23	0	2490
13327	2774	38	14	20	0	2846
13328	3011	19	14	24	0	3068
13329	78	3071	8	20	0	3177
13330	48	71	2	3106	0	3227
13331	44	42	4	3192	0	3282
13332	42	13	3207	85	0	3347
13333	45	11	64	3152	0	3272
13334	35	10	3202	86	0	3333
13335	22	3070	71	52	0	3215
13336	32	69	33	3122	0	3256
13337	3000	25	20	100	0	3145
13338	3049	17	19	51	0	3136
13339	89	15	15	3051	0	3170
13340	41	17	3000	78	0	3136
13341	2832	13	63	59	0	2967
13342	74	2900	27	33	0	3034
13343	38	2870	19	33	0	2960
13344	35	2924	26	22	0	3007
13345	32	85	13	2781	0	2911
13346	14	40	2910	68	0	3032
13347	25	24	63	2864	0	2976
13348	18	31	2923	67	0	3039
13349	12	24	2844	37	0	2917
13350	15	16	2949	23	0	3003
13351	28	11	85	2805	0	2929
13352	14	7	58	2917	0	2996
13353	19	10	37	2979	0	3045
13354	14	11	29	2839	0	2893
13355	2829	14	22	108	0	2973
13356	52	2835	23	54	0	2964
13357	2847	54	15	52	0	2968
13358	66	2908	10	38	0	3022
13359	32	62	16	2915	0	3025
13360	30	32	12	3036	0	3110
13361	3028	19	9	109	0	3165
13362	3100	22	8	53	0	3183
13363	3135	20	8	44	0	3207
13364	3143	13	3	41	0	3200
13365	3155	9	6	39	0	3209
13366	102	3071	9	31	0	3213
13367	3030	62	5	37	0	3134
13368	101	3045	3	7	0	3156
13369	3035	60	4	20	0	3119
13370	86	37	3013	11	0	3147
13371	61	18	47	2964	0	3090
13372	43	3060	18	50	0	3171
13373	40	61	14	3048	0	3163
13374	33	30	3046	62	0	3171
13375	39	23	54	2885	0	3001
13376	2911	23	27	86	0	3047
13377	59	2947	23	44	0	3073
13378	32	3014	16	36	0	3098
13379	21	73	3132	35	0	3261
13380	27	40	60	3047	0	3174
13381	15	3234	34	65	0	3348
13382	36	67	20	3315	0	3438
13383	13	40	3376	69	0	3498
13384	10	3305	64	56	0	3435
13385	16	71	3330	29	0	3446
13386	18	44	3315	37	0	3414
13387	25	28	73	3294	0	3420
13388	3347	29	41	68	0	3485
13389	70	20	34	3367	0	3491
13390	27	26	3442	70	0	3565
13391	24	20	72	3470	0	3586
13392	23	19	3705	82	0	3829
13393	19	18	3652	61	0	3750
13394	3666	20	105	54	0	3845
13395	3836	11	50	61	0	3958
13396	3859	8	49	51	0	3967
13397	94	11	3818	29	0	3952
13398	49	6	3817	47	0	3919
13399	48	7	108	3714	0	3877
13400	49	8	48	3820	0	3925
13401	3812	13	33	102	0	3960
13402	87	11	32	3820	0	3950
13403	42	11	3842	90	0	3985
13404	34	14	3686	56	0	3790
13405	34	3844	92	40	0	4010
13406	40	60	39	3929	0	4068
13407	34	36	4002	74	0	4146
13408	47	18	82	3916	0	4063
13409	3932	21	49	111	0	4113
13410	73	21	4039	50	0	4183
13411	60	17	83	3981	0	4141
13412	51	21	37	4066	0	4175
13413	38	8	4013	113	0	4172
13414	44	13	93	3930	0	4080
13415	29	12	4008	103	0	4152
13416	3700	13	93	64	0	3870
13417	75	17	54	3814	0	3960
13418	36	3773	44	96	0	3949
13419	3774	63	27	69	0	3933
13420	3788	24	30	62	0	3904
13421	97	3780	26	45	0	3948
13422	113	174	18	3487	0	3792
13423	41	3627	16	67	0	3751
13424	27	3645	15	45	0	3732
13425	59	73	3483	24	0	3639
13426	32	3436	47	40	0	3555
13427	27	41	3036	17	0	3121
13428	2607	12	20	11	0	2650
13429	2640	4	4	15	0	2663
13430	16	2734	4	3	0	2757
13431	7	2730	5	4	0	2746
13432	5	2737	1	3	0	2746
13433	2713	19	5	16	0	2753
13434	24	6	1	2756	0	2787
13435	5	7	2923	17	0	2952
13436	5	2914	25	5	0	2949
13437	5	26	4	3016	0	3051
13438	10	8	6	2963	0	2987
13439	1	3323	2	26	0	3352
13440	3562	35	1	23	0	3621
13441	42	11	3613	7	0	3673
13442	28	8	49	4343	0	4428
13443	7	4801	11	65	0	4884
13444	4768	94	6	19	0	4887
13445	99	15	4697	19	0	4830
13446	12	4622	97	7	0	4738
13447	37	94	11	4622	0	4764
13448	5	16	4646	93	0	4760
13449	4519	14	101	21	0	4655
13450	106	11	12	4599	0	4728
13451	21	3	4617	101	0	4742
13452	15	4590	106	19	0	4730
13453	4446	103	18	38	0	4605
13454	93	4596	19	10	0	4718
13455	4527	113	14	23	0	4677
13456	4636	18	7	23	0	4684
13457	118	23	11	4468	0	4620
13458	31	4393	18	100	0	4542
13459	22	102	4437	17	0	4578
13460	41	13	99	4393	0	4546
13461	58	37	35	3677	0	3807
13462	32	7	22	4409	0	4470
13463	47	8	15	4401	0	4471
13464	29	11	8	4413	0	4461
13465	4301	13	9	154	0	4477
13466	4228	9	11	49	0	4297
13467	4207	9	5	50	0	4271
13468	111	4174	16	23	0	4324
13469	33	91	4226	14	0	4364
13470	25	18	4197	22	0	4262
13471	15	21	4257	25	0	4318
13472	36	18	124	4083	0	4261
13473	33	8	31	4229	0	4301
13474	28	7	25	4230	0	4290
13475	14	16	4142	138	0	4310
13476	16	4047	105	47	0	4215
13477	16	105	4084	33	0	4238
13478	20	21	4184	25	0	4250
13479	32	21	112	3965	0	4130
13480	14	16	4057	108	0	4195
13481	30	13	128	3873	0	4044
13482	3877	12	39	132	0	4060
13483	3862	14	25	41	0	3942
13484	123	16	3775	34	0	3948
13485	59	18	104	3714	0	3895
13486	34	20	3774	123	0	3951
13487	19	3767	129	30	0	3945
13488	3763	116	40	43	0	3962
13489	120	30	3786	26	0	3962
13490	29	3598	126	30	0	3783
13491	27	3655	31	33	0	3746
13492	30	3544	32	32	0	3638
13493	19	124	3330	27	0	3500
13494	48	53	115	3085	0	3301
13495	23	3294	35	107	0	3459
13496	44	112	39	3230	0	3425
13497	47	45	29	3361	0	3482
13498	3211	29	37	133	0	3410
13499	105	3243	31	70	0	3449
13500	3163	121	31	47	0	3362
13501	127	3159	23	36	0	3345
13502	47	3284	30	36	0	3397
13503	46	129	3168	38	0	3381
13504	45	57	115	3115	0	3332
13505	31	46	3106	123	0	3306
13506	28	3034	126	48	0	3236
13507	35	112	3018	41	0	3206
13508	36	38	3064	44	0	3182
13509	30	3024	121	46	0	3221
13510	2908	117	52	50	0	3127
13511	104	2974	40	49	0	3167
13512	2959	126	34	46	0	3165
13513	126	42	2947	49	0	3164
13514	50	27	2974	55	0	3106
13515	40	2875	122	50	0	3087
13516	2842	113	59	42	0	3056
13517	112	2850	50	38	0	3050
13518	56	115	47	2862	0	3080
13519	2898	40	37	117	0	3092
13520	124	43	2875	38	0	3080
13521	50	34	120	2894	0	3098
13522	2822	27	56	131	0	3036
13523	109	2832	65	38	0	3044
13524	43	122	45	2865	0	3075
13525	32	33	2872	130	0	3067
13526	2818	33	118	68	0	3037
13527	112	21	56	2859	0	3048
13528	33	28	2820	130	0	3011
13529	36	26	126	2724	0	2912
13530	31	2776	51	132	0	2990
13531	33	99	2777	50	0	2959
13532	39	36	117	2722	0	2914
13533	2668	30	43	127	0	2868
13534	120	28	52	2626	0	2826
13535	2445	24	31	112	0	2612
13536	117	2439	42	34	0	2632
13537	2363	94	40	46	0	2543
13538	100	40	2313	32	0	2485
13539	30	37	2036	30	0	2133
13540	31	26	1753	17	0	1827
13541	36	1618	116	34	0	1804
13542	71	14	72	415	0	572
13543	2	4	5	421	0	432
13544	2	3	1	409	0	415
13545	2	2	3	421	0	428
13546	1	2	413	10	0	426
13547	397	2	7	8	0	414
13548	5	423	8	2	0	438
13549	412	5	2	1	0	420
13550	7	5	2	400	0	414
13551	4	406	1	7	0	418
13552	2	7	0	424	0	433
13553	417	5	0	9	0	431
13554	6	446	3	6	0	461
13555	445	6	0	6	0	457
13556	428	5	7	0	0	440
13557	10	4	0	428	0	442
13558	5	0	427	5	0	437
13559	424	0	5	6	0	435
13560	5	1	3	447	0	456
13561	452	0	1	6	0	459
13562	458	1	1	5	0	465
13563	461	0	0	2	0	463
13564	10	3	462	1	0	476
13565	9	0	5	456	0	470
13566	468	1	4	5	0	478
13567	6	2	493	4	0	505
13568	4	488	5	3	0	500
13569	8	5	5	463	0	481
13570	2	4	467	3	0	476
13571	3	2	468	3	0	476
13572	2	1	7	458	0	468
13573	0	0	5	474	0	479
13574	0	1	4	472	0	477
13575	4	1	1	463	0	469
13576	0	0	454	10	0	464
13577	2	465	4	5	0	476
13578	1	2	4	473	0	480
13579	501	4	2	7	0	514
13580	494	1	3	3	0	501
13581	508	2	0	3	0	513
13582	8	2	0	507	0	517
13583	6	0	2	500	0	508
13584	3	486	1	8	0	498
13585	1	517	1	5	0	524
13586	3	7	1	507	0	518
13587	515	6	2	8	0	531
13588	508	2	0	4	0	514
13589	505	1	0	5	0	511
13590	517	0	1	4	0	522
13591	514	0	0	6	0	520
13592	5	518	2	0	0	525
13593	6	4	0	537	0	547
13594	545	1	0	6	0	552
13595	568	0	1	2	0	571
13596	7	1	0	561	0	569
13597	4	0	0	567	0	571
13598	1	0	622	3	0	626
13599	3	0	2	592	0	597
13600	1	1	1	612	0	615
13601	1	0	649	4	0	654
13602	2	1	2	645	0	650
13603	1	698	1	5	0	705
13604	2	2	695	2	0	701
13605	2	681	3	1	0	687
13606	3	7	1	674	0	685
13607	1	1	0	699	0	701
13608	0	696	1	2	0	699
13609	0	710	0	2	0	712
13610	723	1	1	3	0	728
13611	716	1	0	1	0	718
13612	1	1	719	2	0	723
13613	735	1	1	3	0	740
13614	766	1	0	2	0	769
13615	784	0	0	3	0	787
13616	781	0	1	3	0	785
13617	4	0	769	2	0	775
13618	2	1	716	0	0	719
13619	782	0	2	2	0	786
13620	4	804	2	1	0	811
13621	1	2	801	0	0	804
13622	806	0	4	4	0	814
13623	812	1	0	1	0	814
13624	3	1	824	1	0	829
13625	826	1	7	3	0	837
13626	10	0	1	933	0	944
13627	1	0	976	6	0	983
13628	897	0	9	6	0	912
13629	9	993	0	2	0	1004
13630	1010	7	0	8	0	1025
13631	1181	0	3	12	0	1196
13632	10	1	0	1197	0	1208
13633	2	1	1	1194	0	1198
13634	3	1	2	1211	0	1217
13635	1217	1	0	12	0	1230
13636	1272	1	0	5	0	1278
13637	16	0	1	1279	0	1296
13638	7	0	1	1282	0	1290
13639	1	2	1251	15	0	1269
13640	1197	2	11	6	0	1216
13641	14	1	1	1295	0	1311
13642	7	1	1	1296	0	1305
13643	3	1277	2	18	0	1300
13644	10	17	0	1296	0	1323
13645	3	2	0	1309	0	1314
13646	1289	3	1	24	0	1317
13647	19	1317	0	5	0	1341
13648	6	14	1	1332	0	1353
13649	4	3	0	1344	0	1351
13650	4	3	1	1357	0	1365
13651	3	3	1342	23	0	1371
13652	1	1	16	1326	0	1344
13653	1327	1	3	23	0	1354
13654	18	1	1322	6	0	1347
13655	7	0	17	1353	0	1377
13656	8	0	3	1382	0	1393
13657	1381	1	3	29	0	1414
13658	1360	1	6	14	0	1381
13659	22	3	1375	6	0	1406
13660	1285	1	18	11	0	1315
13661	23	0	1383	2	0	1408
13662	1405	4	21	5	0	1435
13663	28	1542	2	5	0	1577
13664	1573	23	4	10	0	1610
13665	40	1593	1	7	0	1641
13666	1630	39	1	6	0	1676
13667	37	1651	0	3	0	1691
13668	8	35	1	1727	0	1771
13669	11	3	1	1740	0	1755
13670	3	10	4	1749	0	1766
13671	2	1702	3	46	0	1753
13672	9	27	0	1705	0	1741
13673	2	1708	4	38	0	1752
13674	3	33	1	1735	0	1772
13675	1728	5	3	45	0	1781
13676	1733	12	1	12	0	1758
13677	39	1717	3	11	0	1770
13678	19	27	4	1723	0	1773
13679	1716	8	1	32	0	1757
13680	29	1733	4	9	0	1775
13681	11	1739	0	12	0	1762
13682	1734	36	0	7	0	1777
13683	1729	19	3	11	0	1762
13684	35	1733	0	7	0	1775
13685	1715	29	1	7	0	1752
13686	43	10	2	1716	0	1771
13687	14	15	1797	30	0	1856
13688	1763	2	29	21	0	1815
13689	1797	4	6	28	0	1835
13690	42	7	1807	6	0	1862
13691	1786	5	32	13	0	1836
13692	1852	6	8	15	0	1881
13693	1907	1	11	17	0	1936
13694	54	1886	2	8	0	1950
13695	1903	32	2	8	0	1945
13696	1918	12	0	17	0	1947
13697	41	14	3	1911	0	1969
13698	31	4	2	1922	0	1959
13699	23	8	2	1952	0	1985
13700	1925	4	2	61	0	1992
13701	42	5	2	1905	0	1954
13702	1910	5	1	56	0	1972
13703	1927	5	3	18	0	1953
13704	46	5	0	1901	0	1952
13705	28	3	2	1934	0	1967
13706	19	4	5	1954	0	1982
13707	1927	3	1	69	0	2000
13708	44	1935	4	27	0	2010
13709	19	41	3	1958	0	2021
13710	24	13	2	2015	0	2054
13711	1978	15	3	52	0	2048
13712	1991	5	1	32	0	2029
13713	55	5	1935	17	0	2012
13714	36	3	1947	6	0	1992
13715	2091	3	48	12	0	2154
13716	50	2	22	2137	0	2211
13717	29	5	13	2537	0	2584
13718	23	6	2564	71	0	2664
13719	17	7	60	2546	0	2630
13720	11	2605	16	73	0	2705
13721	12	2680	17	22	0	2731
13722	2635	70	1	31	0	2737
13723	65	32	2642	8	0	2747
13724	21	2684	50	12	0	2767
13725	29	52	10	2701	0	2792
13726	11	19	2684	55	0	2769
13727	20	24	55	2550	0	2649
13728	14	2	15	2681	0	2712
13729	10	4	2650	75	0	2739
13730	7	2650	59	37	0	2753
13731	24	55	14	2511	0	2604
13732	2534	14	13	65	0	2626
13733	2535	16	7	29	0	2587
13734	2558	3	4	25	0	2590
13735	87	2486	4	16	0	2593
13736	2487	51	5	16	0	2559
13737	74	14	3	2459	0	2550
13738	19	14	2436	57	0	2526
13739	2376	3	52	22	0	2453
13740	55	2456	16	22	0	2549
13741	19	51	14	2433	0	2517
13742	26	15	9	2441	0	2491
13743	9	2416	6	73	0	2504
13744	17	54	6	2466	0	2543
13745	17	19	7	2523	0	2566
13746	22	15	7	2543	0	2587
13747	2472	8	9	80	0	2569
13748	2469	11	2	46	0	2528
13749	71	8	2500	24	0	2603
13750	38	6	53	2490	0	2587
13751	29	15	20	2566	0	2630
13752	22	8	10	2584	0	2624
13753	2522	7	8	81	0	2618
13754	53	15	2477	37	0	2582
13755	2428	7	49	37	0	2521
13756	2531	9	20	23	0	2583
13757	80	13	21	2486	0	2600
13758	2519	9	5	67	0	2600
13759	66	6	2454	27	0	2553
13760	2373	10	50	30	0	2463
13761	67	2680	12	24	0	2783
13762	20	50	2597	17	0	2684
13763	18	20	2587	20	0	2645
13764	27	13	59	2502	0	2601
13765	16	7	2582	60	0	2665
13766	2467	6	57	35	0	2565
13767	55	2509	18	17	0	2599
13768	2493	50	6	24	0	2573
13769	65	20	4	2517	0	2606
13770	21	13	2521	58	0	2613
13771	15	12	2564	28	0	2619
13772	18	7	52	2586	0	2663
13773	2622	7	20	75	0	2724
13774	53	2566	12	33	0	2664
13775	23	2673	11	24	0	2731
13776	2667	59	10	24	0	2760
13777	56	2670	11	22	0	2759
13778	2669	51	9	31	0	2760
13779	67	19	5	2670	0	2761
13780	2648	7	11	58	0	2724
13781	69	4	14	2659	0	2746
13782	2693	11	13	66	0	2783
13783	64	6	10	2680	0	2760
13784	27	2675	10	61	0	2773
13785	2679	46	14	40	0	2779
13786	54	2676	17	21	0	2768
13787	24	43	2602	13	0	2682
13788	21	27	43	2498	0	2589
13789	19	2677	18	41	0	2755
13790	2582	47	17	27	0	2673
13791	2601	22	15	21	0	2659
13792	63	2627	12	15	0	2717
13793	24	45	2592	16	0	2677
13794	25	24	46	2526	0	2621
13795	18	2547	24	52	0	2641
13796	20	45	17	2658	0	2740
13797	25	17	11	2664	0	2717
13798	2607	17	12	74	0	2710
13799	56	2618	12	30	0	2716
13800	32	48	6	2641	0	2727
13801	2636	26	8	56	0	2726
13802	2635	13	9	32	0	2689
13803	2630	11	11	26	0	2678
13804	72	16	10	2595	0	2693
13805	2578	13	9	61	0	2661
13806	63	2572	12	24	0	2671
13807	2570	46	10	21	0	2647
13808	46	2562	10	17	0	2635
13809	2594	40	2	27	0	2663
13810	2553	22	8	28	0	2611
13811	68	31	12	2517	0	2628
13812	29	12	2588	53	0	2682
13813	26	8	2529	20	0	2583
13814	14	2545	41	16	0	2616
13815	2437	40	34	20	0	2531
13816	52	12	2429	11	0	2504
13817	1864	9	26	6	0	1905
13818	24	1908	9	4	0	1945
13819	12	1951	3	4	0	1970
13820	12	22	3	2009	0	2046
13821	7	2082	3	20	0	2112
13822	8	26	2086	8	0	2128
13823	11	7	17	2010	0	2045
13824	6	2139	8	28	0	2181
13825	10	27	4	2158	0	2199
13826	2134	10	8	44	0	2196
13827	34	7	7	2132	0	2180
13828	11	5	2184	34	0	2234
13829	7	2208	31	12	0	2258
13830	13	32	13	2165	0	2223
13831	16	13	9	2182	0	2220
13832	11	14	7	2231	0	2263
13833	2175	7	7	55	0	2244
13834	2177	5	4	26	0	2212
13835	48	8	2145	18	0	2219
13836	21	9	2122	12	0	2164
13837	11	2125	40	15	0	2191
13838	2182	35	15	18	0	2250
13839	41	15	9	2170	0	2235
13840	23	9	7	2198	0	2237
13841	22	8	6	2212	0	2248
13842	18	9	1	2220	0	2248
13843	10	8	2146	50	0	2214
13844	2112	8	28	30	0	2178
13845	48	5	11	2417	0	2481
13846	25	9	2392	43	0	2469
13847	2415	6	39	41	0	2501
13848	2626	6	24	26	0	2682
13849	77	8	2917	9	0	3011
13850	46	4	3008	9	0	3067
13851	31	8	87	2965	0	3091
13852	2999	6	43	74	0	3122
13853	3066	4	23	34	0	3127
13854	97	9	10	2972	0	3088
13855	51	13	19	3045	0	3128
13856	24	7	3020	94	0	3145
13857	31	12	68	2981	0	3092
13858	21	9	3030	93	0	3153
13859	2874	9	83	47	0	3013
13860	77	2994	35	41	0	3147
13861	2836	55	27	28	0	2946
13862	73	2811	17	30	0	2931
13863	2811	71	18	19	0	2919
13864	86	24	12	2743	0	2865
13865	47	23	12	2787	0	2869
13866	2771	12	6	94	0	2883
13867	2799	11	10	52	0	2872
13868	2783	11	6	43	0	2843
13869	2771	6	8	31	0	2816
13870	112	7	2650	17	0	2786
13871	2625	6	65	24	0	2720
13872	2678	6	24	22	0	2730
13873	2665	10	23	18	0	2716
13874	129	12	12	2563	0	2716
13875	2519	8	13	79	0	2619
13876	103	2469	16	37	0	2625
13877	71	59	12	2506	0	2648
13878	69	21	12	2554	0	2656
13879	35	21	2476	101	0	2633
13880	55	11	69	2425	0	2560
13881	42	2480	31	93	0	2646
13882	2433	60	27	64	0	2584
13883	93	2465	23	47	0	2628
13884	2476	77	27	46	0	2626
13885	112	29	17	2473	0	2631
13886	2449	25	19	90	0	2583
13887	110	2379	19	49	0	2557
13888	2427	74	11	60	0	2572
13889	2466	33	15	37	0	2551
13890	128	35	19	2378	0	2560
13891	72	16	15	2466	0	2569
13892	54	21	2364	105	0	2544
13893	60	22	70	2352	0	2504
13894	43	20	33	2414	0	2510
13895	45	25	2318	128	0	2516
13896	57	17	71	2353	0	2498
13897	48	15	2304	108	0	2475
13898	2276	9	79	70	0	2434
13899	106	6	36	2282	0	2430
13900	64	15	2235	87	0	2401
13901	2260	12	73	49	0	2394
13902	113	12	38	2261	0	2424
13903	77	7	2258	84	0	2426
13904	2283	11	76	59	0	2429
13905	106	8	36	2287	0	2437
13906	65	9	36	2309	0	2419
13907	2293	12	28	121	0	2454
13908	96	7	20	2300	0	2423
13909	60	11	28	2327	0	2426
13910	56	9	19	2254	0	2338
13911	30	2229	22	131	0	2412
13912	2141	62	21	77	0	2301
13913	2184	33	17	58	0	2292
13914	113	29	20	2132	0	2294
13915	2168	20	11	93	0	2292
13916	2150	17	13	65	0	2245
13917	2162	22	19	59	0	2262
13918	1773	22	25	59	0	1879
13919	2118	10	14	50	0	2192
13920	120	14	1888	51	0	2073
13921	91	10	1814	34	0	1949
13922	1802	11	71	41	0	1925
13923	87	1744	46	50	0	1927
13924	72	43	30	1674	0	1819
13925	43	33	1677	77	0	1830
13926	40	11	1705	53	0	1809
13927	48	22	77	1653	0	1800
13928	1642	15	64	71	0	1792
13929	84	6	31	1643	0	1764
13930	51	12	1631	78	0	1772
13931	1698	6	57	53	0	1814
13932	71	5	44	1691	0	1811
13933	57	3	37	1719	0	1816
13934	53	5	29	1746	0	1833
13935	39	9	20	1752	0	1820
13936	42	4	1665	104	0	1815
13937	43	10	55	1704	0	1812
13938	1677	7	29	91	0	1804
13939	66	12	1604	68	0	1750
13940	1635	3	58	60	0	1756
13941	1707	9	33	45	0	1794
13942	1697	5	23	46	0	1771
13943	1672	5	18	45	0	1740
13944	96	1562	22	35	0	1715
13945	61	1313	9	25	0	1408
13946	46	1347	13	36	0	1442
13947	1232	55	34	43	0	1364
13948	50	21	1098	42	0	1211
13949	686	6	25	14	0	731
13950	23	4	17	625	0	669
13951	631	1	6	23	0	661
13952	24	0	7	627	0	658
13953	628	2	12	14	0	656
13954	23	0	2	620	0	645
13955	19	6	4	650	0	679
13956	620	0	2	17	0	639
13957	19	720	5	11	0	755
13958	10	14	700	7	0	731
13959	10	702	6	6	0	724
13960	8	8	665	4	0	685
13961	10	12	4	608	0	634
13962	628	2	13	7	0	650
13963	10	4	2	606	0	622
13964	596	1	2	15	0	614
13965	11	674	1	7	0	693
13966	9	3	718	6	0	736
13967	7	712	4	6	0	729
13968	5	717	7	4	0	733
13969	702	3	7	9	0	721
13970	694	2	3	4	0	703
13971	6	705	4	3	0	718
13972	8	1	4	730	0	743
13973	6	3	1	734	0	744
13974	737	1	3	5	0	746
13975	7	1	748	3	0	759
13976	4	6	723	1	0	734
13977	6	4	4	740	0	754
13978	5	4	752	4	0	765
13979	729	1	6	5	0	741
13980	748	1	6	7	0	762
13981	8	753	3	2	0	766
13982	4	5	765	7	0	781
13983	12	2	3	741	0	758
13984	3	2	802	8	0	815
13985	9	1	6	793	0	809
13986	794	1	3	13	0	811
13987	4	803	1	12	0	820
13988	8	1	840	8	0	857
13989	4	859	8	4	0	875
13990	4	874	6	3	0	887
13991	881	4	4	10	0	899
13992	883	3	5	5	0	896
13993	12	2	872	7	0	893
13994	7	901	10	1	0	919
13995	9	6	2	900	0	917
13996	7	3	4	898	0	912
13997	5	4	1	900	0	910
13998	4	0	919	9	0	932
13999	6	4	3	899	0	912
14000	7	4	6	929	0	946
14001	949	3	4	11	0	967
14002	942	0	2	11	0	955
14003	941	7	5	10	0	963
14004	933	2	1	12	0	948
14005	947	2	1	9	0	959
14006	17	926	1	2	0	946
14007	908	4	4	4	0	920
14008	6	10	920	2	0	938
14009	6	6	3	907	0	922
14010	902	3	7	3	0	915
14011	8	908	2	7	0	925
14012	932	0	6	7	0	945
14013	931	4	0	7	0	942
14014	3	1	6	962	0	972
14015	10	4	1	958	0	973
14016	3	1038	4	9	0	1054
14017	12	4	1	1070	0	1087
14018	5	6	1141	5	0	1157
14019	5	6	3	1158	0	1172
14020	3	2	1175	6	0	1186
14021	1137	5	5	6	0	1153
14022	5	2	6	1180	0	1193
14023	8	2	1202	6	0	1218
14024	11	1163	2	3	0	1179
14025	1	1177	5	7	0	1190
14026	1191	4	6	3	0	1204
14027	10	3	3	1186	0	1202
14028	2	3	1274	4	0	1283
14029	6	1275	2	5	0	1288
14030	2	7	1293	3	0	1305
14031	1240	1	6	7	0	1254
14032	1269	5	3	4	0	1281
14033	1269	2	7	3	0	1281
14034	9	1	2	1295	0	1307
14035	7	1	1285	5	0	1298
14036	5	1308	5	2	0	1320
14037	4	6	3	1330	0	1343
14038	5	3	1322	7	0	1337
14039	2	5	1278	4	0	1289
14040	6	1	6	1320	0	1333
14041	1345	1	7	10	0	1363
14042	6	1	7	1332	0	1346
14043	4	4	3	1373	0	1384
14044	6	3	1414	8	0	1431
14045	14	1	6	1395	0	1416
14046	3	3	4	1398	0	1408
14047	4	4	1423	8	0	1439
14048	4	3	1400	5	0	1412
14049	6	3	8	1405	0	1422
14050	4	1	1448	7	0	1460
14051	5	1	10	1426	0	1442
14052	1441	1	5	16	0	1463
14053	8	1508	5	9	0	1530
14054	5	4	9	1536	0	1554
14055	6	2	1495	9	0	1512
14056	1359	5	7	15	0	1386
14057	6	1404	5	8	0	1423
14058	1443	4	8	11	0	1466
14059	10	2	8	1449	0	1469
14060	4	6	3	1431	0	1444
14061	1484	2	4	18	0	1508
14062	9	0	1495	10	0	1514
14063	1455	2	5	16	0	1478
14064	9	1	7	1497	0	1514
14065	1459	3	6	15	0	1483
14066	1409	1	6	9	0	1425
14067	12	4	5	1423	0	1444
14068	10	1466	6	13	0	1495
14069	1499	9	7	10	0	1525
14070	1511	1	5	16	0	1533
14071	12	6	1514	8	0	1540
14072	1472	6	14	9	0	1501
14073	21	5	2	1503	0	1531
14074	8	1520	9	16	0	1553
14075	11	14	6	1504	0	1535
14076	8	1522	5	13	0	1548
14077	1521	16	2	12	0	1551
14078	1521	7	5	10	0	1543
14079	20	5	5	1586	0	1616
14080	13	4	1573	16	0	1606
14081	14	3	1538	5	0	1560
14082	9	1	16	1628	0	1654
14083	1636	1	6	25	0	1668
14084	1754	5	9	11	0	1779
14085	23	1790	6	14	0	1833
14086	13	27	8	1797	0	1845
14087	13	5	1856	25	0	1899
14088	10	10	1862	10	0	1892
14089	18	7	31	2072	0	2128
14090	2276	4	14	40	0	2334
14091	43	1	16	2261	0	2321
14092	17	4	2243	46	0	2310
14093	2268	5	38	25	0	2336
14094	50	4	10	2292	0	2356
14095	22	9	15	2304	0	2350
14096	22	4	15	2281	0	2322
14097	17	2267	12	54	0	2350
14098	8	36	2287	31	0	2362
14099	13	11	2290	29	0	2343
14100	20	8	48	2313	0	2389
14101	12	13	2300	54	0	2379
14102	2255	5	58	27	0	2345
14103	57	6	19	2278	0	2360
14104	21	8	19	2284	0	2332
14105	20	7	20	2263	0	2310
14106	15	2264	13	69	0	2361
14107	2292	37	10	43	0	2382
14108	52	7	12	2297	0	2368
14109	2266	15	13	58	0	2352
14110	51	2286	8	34	0	2379
14111	2264	39	21	32	0	2356
14112	2230	12	12	32	0	2286
14113	2279	13	10	37	0	2339
14114	61	2208	13	29	0	2311
14115	37	2212	14	29	0	2292
14116	2140	53	7	25	0	2225
14117	55	2170	20	19	0	2264
14118	23	55	2142	19	0	2239
14119	24	2034	45	21	0	2124
14120	17	2129	11	18	0	2175
14121	2097	48	11	28	0	2184
14122	48	24	2089	13	0	2174
14123	23	20	2065	15	0	2123
14124	23	31	49	2047	0	2150
14125	2066	14	40	50	0	2170
14126	55	13	2114	15	0	2197
14127	29	15	45	2100	0	2189
14128	21	10	2032	55	0	2118
14129	25	20	1976	19	0	2040
14130	1945	13	50	19	0	2027
14131	52	11	2001	15	0	2079
14132	35	9	54	1947	0	2045
14133	20	16	21	1954	0	2011
14134	19	1956	18	46	0	2039
14135	18	2011	15	21	0	2065
14136	22	48	17	1963	0	2050
14137	14	20	1979	47	0	2060
14138	20	22	47	1967	0	2056
14139	19	19	25	2013	0	2076
14140	18	16	2033	55	0	2122
14141	25	7	61	2027	0	2120
14142	2086	12	24	61	0	2183
14143	45	11	2058	36	0	2150
14144	2037	12	49	26	0	2124
14145	47	16	21	2036	0	2120
14146	26	9	16	2102	0	2153
14147	10	2103	30	57	0	2200
14148	23	41	26	2094	0	2184
14149	16	13	17	2188	0	2234
14150	2130	6	26	72	0	2234
14151	54	8	15	2147	0	2224
14152	29	9	10	2185	0	2233
14153	2112	14	23	72	0	2221
14154	59	12	20	2156	0	2247
14155	28	12	15	2120	0	2175
14156	13	2124	21	76	0	2234
14157	2169	48	14	45	0	2276
14158	49	17	9	2165	0	2240
14159	19	14	16	2208	0	2257
14160	30	16	2146	61	0	2253
14161	21	4	43	2123	0	2191
14162	8	8	26	2195	0	2237
14163	2130	4	16	68	0	2218
14164	2136	12	11	43	0	2202
14165	62	6	11	2150	0	2229
14166	19	13	2110	71	0	2213
14167	29	2016	43	31	0	2119
14168	17	2100	22	30	0	2169
14169	31	36	15	2092	0	2174
14170	2089	16	13	63	0	2181
14171	46	8	9	2112	0	2175
14172	2115	15	6	74	0	2210
14173	51	11	8	2166	0	2236
14174	33	5	8	2169	0	2215
14175	2108	12	2	78	0	2200
14176	2107	13	8	34	0	2162
14177	51	2124	9	32	0	2216
14178	26	2249	8	28	0	2311
14179	25	43	13	2164	0	2245
14180	27	19	5	2178	0	2229
14181	19	19	2092	63	0	2193
14182	1922	12	33	37	0	2004
14183	51	2047	11	36	0	2145
14184	11	1957	15	30	0	2013
14185	1908	25	23	21	0	1977
14186	43	8	1912	20	0	1983
14187	21	16	1856	11	0	1904
14188	16	13	1772	11	0	1812
14189	10	1601	30	9	0	1650
14190	8	6	0	1454	0	1468
14191	5	0	1	1450	0	1456
14192	5	0	2	1447	0	1454
14193	1427	1	2	13	0	1443
14194	1409	2	1	16	0	1428
14195	6	1445	1	4	0	1456
14196	7	5	1	1497	0	1510
14197	5	3	1540	4	0	1552
14198	1	1527	6	5	0	1539
14199	1490	6	3	8	0	1507
14200	6	5	1519	3	0	1533
14201	1361	2	4	11	0	1378
14202	5	5	1552	7	0	1569
14203	8	0	5	1534	0	1547
14204	3	1545	3	8	0	1559
14205	1561	6	0	8	0	1575
14206	6	1567	1	8	0	1582
14207	1558	8	1	11	0	1578
14208	12	3	1	1544	0	1560
14209	5	1	1582	11	0	1599
14210	8	2	8	1614	0	1632
14211	8	4	2	1763	0	1777
14212	3	2	1775	16	0	1796
14213	1658	1	16	20	0	1695
14214	15	1799	5	4	0	1823
14215	1793	16	4	7	0	1820
14216	19	1795	2	4	0	1820
14217	7	22	1	1848	0	1878
14218	11	7	1796	19	0	1833
14219	2098	3	18	15	0	2134
14220	30	2197	7	6	0	2240
14221	13	31	5	2185	0	2234
14222	11	9	2	2246	0	2268
14223	2272	5	1	45	0	2323
14224	2377	4	1	22	0	2404
14225	53	2445	4	5	0	2507
14226	2642	43	1	12	0	2698
14227	2657	19	2	6	0	2684
14228	2694	6	2	3	0	2705
14229	88	21	2654	2	0	2765
14230	35	2625	54	11	0	2725
14231	15	2748	25	4	0	2792
14232	26	81	7	2597	0	2711
14233	29	36	4	2676	0	2745
14234	2663	15	2	83	0	2763
14235	58	2657	3	36	0	2754
14236	2683	59	1	28	0	2771
14237	79	29	4	2638	0	2750
14238	43	14	0	2700	0	2757
14239	2625	7	7	88	0	2727
14240	2606	6	5	45	0	2662
14241	88	13	2544	15	0	2660
14242	54	4	54	2499	0	2611
14243	22	7	2485	60	0	2574
14244	15	9	2458	29	0	2511
14245	10	8	2506	17	0	2541
14246	2417	3	90	16	0	2526
14247	73	7	37	2403	0	2520
14248	42	13	15	2433	0	2503
14249	35	3	9	2489	0	2536
14250	17	8	2449	91	0	2565
14251	30	6	61	2449	0	2546
14252	23	6	27	2497	0	2553
14253	2386	6	16	92	0	2500
14254	2406	4	10	52	0	2472
14255	2452	7	8	26	0	2493
14256	2474	4	10	25	0	2513
14257	106	4	11	2388	0	2509
14258	2410	9	6	71	0	2496
14259	84	11	4	2389	0	2488
14260	46	11	2296	77	0	2430
14261	2329	8	51	50	0	2438
14262	77	2348	23	30	0	2478
14263	52	57	17	2342	0	2468
14264	42	32	9	2367	0	2450
14265	23	2362	11	100	0	2496
14266	2322	64	8	57	0	2451
14267	75	2332	7	38	0	2452
14268	53	62	2296	21	0	2432
14269	29	34	2325	23	0	2411
14270	2262	18	88	22	0	2390
14271	2345	10	43	16	0	2414
14272	92	15	2261	19	0	2387
14273	2267	6	71	23	0	2367
14274	85	12	2281	17	0	2395
14275	2278	10	83	15	0	2386
14276	92	7	2266	22	0	2387
14277	48	16	2294	22	0	2380
14278	36	4	103	2113	0	2256
14279	28	11	50	2164	0	2253
14280	2170	11	30	98	0	2309
14281	2163	4	24	59	0	2250
14282	2191	9	18	38	0	2256
14283	2234	7	12	32	0	2285
14284	120	2120	18	20	0	2278
14285	76	55	16	2084	0	2231
14286	47	2131	20	65	0	2263
14287	28	66	19	2131	0	2244
14288	35	36	15	2088	0	2174
14289	38	18	16	2091	0	2163
14290	32	15	1977	107	0	2131
14291	1951	5	60	76	0	2092
14292	82	1903	33	45	0	2063
14293	48	2008	22	32	0	2110
14294	34	84	1981	25	0	2124
14295	32	44	60	1955	0	2091
14296	30	27	35	1965	0	2057
14297	1909	14	24	105	0	2052
14298	88	15	12	1916	0	2031
14299	53	18	17	1933	0	2021
14300	43	13	19	1946	0	2021
14301	30	16	15	1972	0	2033
14302	1842	8	22	113	0	1985
14303	1890	11	21	62	0	1984
14304	1918	8	24	34	0	1984
14305	118	5	16	1876	0	2015
14306	1890	10	21	90	0	2011
14307	94	9	18	1928	0	2049
14308	64	5	22	1989	0	2080
14309	39	9	1880	107	0	2035
14310	32	3	1855	58	0	1948
14311	33	5	1734	33	0	1805
14312	1671	4	88	25	0	1788
14313	82	4	54	1564	0	1704
14314	49	1639	25	66	0	1779
14315	1681	48	15	40	0	1784
14316	75	29	1635	39	0	1778
14317	1589	14	54	29	0	1686
14318	85	1539	33	20	0	1677
14319	1174	32	13	11	0	1230
14320	60	23	5	1165	0	1253
14321	1152	12	5	44	0	1213
14322	55	1097	8	31	0	1191
14323	32	1084	7	22	0	1145
14324	936	32	8	13	0	989
14325	34	937	13	10	0	994
14326	15	682	1	7	0	705
14327	14	688	4	5	0	711
14328	616	20	28	11	0	675
14329	609	6	1	5	0	621
14330	606	6	0	3	0	615
14331	16	5	1	591	0	613
14332	12	0	3	602	0	617
14333	8	0	598	12	0	618
14334	7	1	7	599	0	614
14335	2	4	597	13	0	616
14336	3	2	12	595	0	612
14337	4	2	4	602	0	612
14338	589	2	5	16	0	612
14339	591	3	1	9	0	604
14340	10	592	1	6	0	609
14341	12	6	4	576	0	598
14342	10	3	596	11	0	620
14343	4	6	7	616	0	633
14344	5	4	4	619	0	632
14345	3	0	7	617	0	627
14346	2	1	616	18	0	637
14347	0	3	592	13	0	608
14348	593	0	12	8	0	613
14349	8	2	7	608	0	625
14350	7	1	596	10	0	614
14351	581	0	7	8	0	596
14352	9	606	3	8	0	626
14353	620	9	4	6	0	639
14354	12	5	626	4	0	647
14355	596	4	8	2	0	610
14356	15	2	4	600	0	621
14357	9	1	608	7	0	625
14358	6	602	7	7	0	622
14359	602	8	3	9	0	622
14360	7	3	7	589	0	606
14361	5	6	2	586	0	599
14362	5	588	3	10	0	606
14363	4	6	3	590	0	603
14364	3	4	591	12	0	610
14365	1	584	7	4	0	596
14366	596	7	3	4	0	610
14367	8	4	6	580	0	598
14368	7	4	0	576	0	587
14369	6	3	576	10	0	595
14370	1	1	8	576	0	586
14371	1	1	594	14	0	610
14372	4	595	10	3	0	612
14373	560	7	9	11	0	587
14374	555	3	5	4	0	567
14375	564	4	0	5	0	573
14376	10	625	1	3	0	639
14377	6	5	2	612	0	625
14378	5	3	0	627	0	635
14379	5	1	3	572	0	581
14380	629	0	0	14	0	643
14381	633	0	2	6	0	641
14382	7	1	1	624	0	633
14383	4	1	676	9	0	690
14384	5	0	8	673	0	686
14385	0	3	3	695	0	701
14386	2	1	4	682	0	689
14387	3	1	0	696	0	700
14388	689	0	0	13	0	702
14389	6	2	1	692	0	701
14390	4	0	0	701	0	705
14391	2	694	1	21	0	718
14392	2	5	0	726	0	733
14393	2	732	3	9	0	746
14394	4	10	0	766	0	780
14395	760	2	0	14	0	776
14396	6	774	4	4	0	788
14397	765	8	1	7	0	781
14398	13	2	792	1	0	808
14399	4	5	6	787	0	802
14400	6	1	811	10	0	828
14401	3	1	10	801	0	815
14402	2	2	3	798	0	805
14403	0	794	6	13	0	813
14404	2	800	2	6	0	810
14405	2	799	2	5	0	808
14406	778	9	0	9	0	796
14407	6	739	1	1	0	747
14408	3	730	0	0	0	733
14409	5	7	1	748	0	761
14410	750	1	1	5	0	757
14411	2	790	2	3	0	797
14412	791	2	0	5	0	798
14413	785	1	0	3	0	789
14414	3	2	803	1	0	809
14415	8	1	1	797	0	807
14416	4	0	1	838	0	843
14417	1	1	1	837	0	840
14418	1	2	0	822	0	825
14419	2	2	787	4	0	795
14420	2	2	726	3	0	733
14421	757	0	3	4	0	764
14422	2	782	4	1	0	789
14423	3	783	1	1	0	788
14424	787	4	1	2	0	794
14425	3	771	1	8	0	783
14426	4	2	0	797	0	803
14427	808	3	0	6	0	817
14428	3	2	818	3	0	826
14429	6	1	2	807	0	816
14430	2	0	818	4	0	824
14431	798	1	4	9	0	812
14432	3	2	904	2	0	911
14433	911	1	5	5	0	922
14434	949	1	3	6	0	959
14435	944	2	2	4	0	952
14436	965	1	1	5	0	972
14437	977	2	0	4	0	983
14438	10	1	1	972	0	984
14439	1017	2	2	11	0	1032
14440	8	1	0	1023	0	1032
14441	3	2	2	1044	0	1051
14442	6	2	1	1039	0	1048
14443	3	0	1032	9	0	1044
14444	5	4	7	1007	0	1023
14445	4	1	2	1041	0	1048
14446	2	2	1026	8	0	1038
14447	944	4	5	12	0	965
14448	6	2	2	1045	0	1055
14449	4	3	1049	5	0	1061
14450	6	0	1013	5	0	1024
14451	9	0	7	1017	0	1033
14452	1	3	1093	6	0	1103
14453	4	1	6	1127	0	1138
14454	6	0	4	1115	0	1125
14455	3	1117	8	7	0	1135
14456	2	1129	3	7	0	1141
14457	1175	5	1	7	0	1188
14458	7	4	2	1176	0	1189
14459	5	7	0	1144	0	1156
14460	4	0	3	1184	0	1191
14461	3	3	1202	9	0	1217
14462	7	2	5	1178	0	1192
14463	1198	2	3	9	0	1212
14464	6	2	1236	5	0	1249
14465	6	2	4	1259	0	1271
14466	5	3	5	1278	0	1291
14467	5	2	3	1279	0	1289
14468	4	1405	3	10	0	1422
14469	1412	15	2	12	0	1441
14470	1474	6	3	11	0	1494
14471	30	1515	3	1	0	1549
14472	19	18	5	1614	0	1656
14473	7	9	1651	24	0	1691
14474	8	5	1595	10	0	1618
14475	1619	2	32	11	0	1664
14476	30	0	19	1651	0	1700
14477	1747	0	6	32	0	1785
14478	40	1775	4	17	0	1836
14479	15	1821	4	11	0	1851
14480	1783	45	6	9	0	1843
14481	41	1895	4	8	0	1948
14482	20	40	3	1908	0	1971
14483	18	18	3	1863	0	1902
14484	5	1966	4	47	0	2022
14485	1972	40	1	26	0	2039
14486	41	20	1965	11	0	2037
14487	1871	10	35	10	0	1926
14488	45	15	1967	8	0	2035
14489	1836	6	42	20	0	1904
14490	43	13	1979	7	0	2042
14491	23	1938	42	14	0	2017
14492	18	45	24	1922	0	2009
14493	1918	23	13	41	0	1995
14494	49	6	1884	19	0	1958
14495	24	3	1926	11	0	1964
14496	31	2	63	1827	0	1923
14497	11	5	1945	41	0	2002
14498	12	4	47	1899	0	1962
14499	24	6	27	1860	0	1917
14500	6	11	1920	54	0	1991
14501	16	3	43	1894	0	1956
14502	1948	3	25	65	0	2041
14503	41	1968	19	23	0	2051
14504	1981	38	19	22	0	2060
14505	48	19	9	1966	0	2042
14506	1968	8	10	55	0	2041
14507	2002	4	9	37	0	2052
14508	66	2	7	2010	0	2085
14509	27	2036	13	41	0	2117
14510	2070	39	7	29	0	2145
14511	51	18	2030	12	0	2111
14512	27	15	2018	12	0	2072
14513	2005	5	54	13	0	2077
14514	54	3	25	2019	0	2101
14515	30	7	2049	45	0	2131
14516	24	8	42	2049	0	2123
14517	2058	5	21	66	0	2150
14518	2127	13	16	27	0	2183
14519	2122	8	12	15	0	2157
14520	69	2182	13	14	0	2278
14521	35	42	15	2190	0	2282
14522	24	21	6	2211	0	2262
14523	2187	11	9	71	0	2278
14524	53	2180	14	29	0	2276
14525	2198	44	7	21	0	2270
14526	65	27	4	2180	0	2276
14527	2171	8	5	55	0	2239
14528	58	10	2108	20	0	2196
14529	29	2164	40	17	0	2250
14530	20	46	23	2076	0	2165
14531	17	2217	10	36	0	2280
14532	21	42	11	2142	0	2216
14533	2123	23	6	48	0	2200
14534	52	13	2056	21	0	2142
14535	2012	7	45	24	0	2088
14536	47	2127	26	21	0	2221
14537	35	42	15	2183	0	2275
14538	15	29	13	2208	0	2265
14539	2131	13	6	73	0	2223
14540	51	15	2120	33	0	2219
14541	31	10	43	2131	0	2215
14542	26	4	22	2167	0	2219
14543	22	6	12	2176	0	2216
14544	17	9	13	2188	0	2227
14545	2132	12	6	80	0	2230
14546	2124	6	8	46	0	2184
14547	62	10	2134	23	0	2229
14548	40	5	2083	19	0	2147
14549	2171	3	61	30	0	2265
14550	2245	6	31	34	0	2316
14551	67	5	6	2238	0	2316
14552	39	3	7	2209	0	2258
14553	2128	8	8	81	0	2225
14554	61	2124	11	24	0	2220
14555	34	37	16	2154	0	2241
14556	22	15	16	2212	0	2265
14557	22	8	2126	61	0	2217
14558	24	5	40	2114	0	2183
14559	17	7	2171	61	0	2256
14560	24	3	41	2192	0	2260
14561	2139	8	21	67	0	2235
14562	59	7	8	2159	0	2233
14563	29	9	2140	57	0	2235
14564	18	2073	43	34	0	2168
14565	17	45	24	2136	0	2222
14566	9	17	2147	58	0	2231
14567	13	2143	45	34	0	2235
14568	21	36	23	2052	0	2132
14569	13	16	2032	44	0	2105
14570	1661	6	32	30	0	1729
14571	33	1919	20	17	0	1989
14572	14	1823	18	12	0	1867
14573	8	1838	9	8	0	1863
14574	12	44	1	1794	0	1851
14575	7	12	1847	27	0	1893
14576	5	1784	23	15	0	1827
14577	18	17	10	1722	0	1767
14578	1818	10	14	20	0	1862
14579	24	5	3	2398	0	2430
14580	13	5	2779	37	0	2834
14581	4	2773	47	15	0	2839
14582	2676	50	14	18	0	2758
14583	51	2762	12	12	0	2837
14584	15	62	2661	5	0	2743
14585	11	2684	58	5	0	2758
14586	24	65	19	2629	0	2737
14587	8	31	2652	52	0	2743
14588	6	2640	66	14	0	2726
14589	25	67	17	2576	0	2685
14590	16	35	19	2600	0	2670
14591	6	2625	25	58	0	2714
14592	16	73	13	2637	0	2739
14593	5	28	2629	78	0	2740
14594	4	26	2666	32	0	2728
14595	9	34	63	2625	0	2731
14596	2583	21	25	90	0	2719
14597	2574	18	24	51	0	2667
14598	70	26	23	2502	0	2621
14599	21	2551	21	73	0	2666
14600	26	53	30	2568	0	2677
14601	2542	22	31	79	0	2674
14602	77	20	13	2530	0	2640
14603	54	13	10	2539	0	2616
14604	2503	19	10	93	0	2625
14605	62	2496	14	56	0	2628
14606	28	79	6	2523	0	2636
14607	2477	25	10	103	0	2615
14608	79	19	2370	44	0	2512
14609	2337	21	56	47	0	2461
14610	79	17	16	2393	0	2505
14611	2384	15	19	87	0	2505
14612	2402	30	16	45	0	2493
14613	2279	16	11	63	0	2369
14614	97	2352	14	32	0	2495
14615	54	61	2305	25	0	2445
14616	50	2335	56	30	0	2471
14617	2304	61	19	45	0	2429
14618	90	2300	20	26	0	2436
14619	52	72	13	2303	0	2440
14620	2221	40	7	83	0	2351
14621	78	2229	15	35	0	2357
14622	36	82	2252	17	0	2387
14623	35	42	58	2228	0	2363
14624	42	28	2239	80	0	2389
14625	30	2263	66	41	0	2400
14626	27	73	28	2219	0	2347
14627	41	33	18	2275	0	2367
14628	30	35	19	2272	0	2356
14629	19	28	31	2196	0	2274
14630	19	2192	19	97	0	2327
14631	2164	74	24	64	0	2326
14632	73	48	2162	41	0	2324
14633	38	26	65	2191	0	2320
14634	2163	24	22	111	0	2320
14635	85	30	2167	55	0	2337
14636	36	2105	76	41	0	2258
14637	33	89	36	2067	0	2225
14638	46	32	2091	81	0	2250
14639	26	2097	88	41	0	2252
14640	2008	77	37	45	0	2167
14641	83	2087	21	45	0	2236
14642	33	85	39	2047	0	2204
14643	24	56	27	2116	0	2223
14644	2033	40	16	115	0	2204
14645	78	2055	35	47	0	2215
14646	40	97	29	2056	0	2222
14647	2001	45	22	106	0	2174
14648	1989	42	19	65	0	2115
14649	88	1976	28	56	0	2148
14650	1944	90	20	61	0	2115
14651	2007	42	20	50	0	2119
14652	102	49	21	1948	0	2120
14653	51	37	1920	98	0	2106
14654	67	32	68	1907	0	2074
14655	63	36	25	1935	0	2059
14656	34	36	1875	107	0	2052
14657	42	1850	69	67	0	2028
14658	58	70	28	1864	0	2020
14659	40	36	27	1919	0	2022
14660	29	30	41	1902	0	2002
14661	32	23	29	1870	0	1954
14662	37	1815	21	123	0	1996
14663	1838	76	30	62	0	2006
14664	1844	43	18	66	0	1971
14665	1811	24	7	71	0	1913
14666	92	1705	19	68	0	1884
14667	47	77	15	1739	0	1878
14668	43	38	1704	106	0	1891
14669	53	35	59	1664	0	1811
14670	54	1719	30	85	0	1888
14671	1702	73	15	54	0	1844
14672	1705	39	19	48	0	1811
14673	1675	40	14	45	0	1774
14674	85	1620	25	52	0	1782
14675	46	1547	27	41	0	1661
14676	49	1602	16	43	0	1710
14677	40	94	1566	29	0	1729
14678	62	63	1395	37	0	1557
14679	54	211	50	584	0	899
14680	367	7	16	16	0	406
14681	355	2	1	5	0	363
14682	18	2	1	346	0	367
14683	2	2	2	355	0	361
14684	2	2	3	357	0	364
14685	4	2	1	357	0	364
14686	353	4	2	15	0	374
14687	374	4	1	7	0	386
14688	14	381	3	4	0	402
14689	389	15	2	4	0	410
14690	404	4	2	6	0	416
14691	401	4	1	6	0	412
14692	18	2	358	8	0	386
14693	387	4	10	7	0	408
14694	15	418	4	4	0	441
14695	9	13	1	439	0	462
14696	7	3	1	450	0	461
14697	5	420	0	17	0	442
14698	6	14	1	447	0	468
14699	447	2	2	20	0	471
14700	18	3	2	461	0	484
14701	8	1	452	18	0	479
14702	452	3	13	6	0	474
14703	16	485	4	4	0	509
14704	9	17	2	483	0	511
14705	7	5	1	495	0	508
14706	5	4	4	494	0	507
14707	4	6	476	20	0	506
14708	4	475	14	6	0	499
14709	3	13	5	486	0	507
14710	4	2	471	18	0	495
14711	5	4	13	463	0	485
14712	5	2	462	16	0	485
14713	9	1	12	451	0	473
14714	4	445	1	16	0	466
14715	2	12	2	452	0	468
14716	442	4	1	17	0	464
14717	446	4	1	9	0	460
14718	17	3	446	3	0	469
14719	8	1	413	1	0	423
14720	3	2	462	3	0	470
14721	5	0	13	451	0	469
14722	3	2	4	480	0	489
14723	3	1	2	478	0	484
14724	2	497	2	15	0	516
14725	3	12	0	497	0	512
14726	4	4	1	504	0	513
14727	3	2	3	510	0	518
14728	514	2	3	16	0	535
14729	510	1	4	10	0	525
14730	17	0	513	4	0	534
14731	8	2	507	3	0	520
14732	499	0	13	4	0	516
14733	527	1	7	2	0	537
14734	15	3	538	2	0	558
14735	7	0	539	5	0	551
14736	537	0	15	3	0	555
14737	551	3	8	2	0	564
14738	16	1	557	3	0	577
14739	10	0	10	549	0	569
14740	3	2	5	551	0	561
14741	1	552	5	14	0	572
14742	9	8	1	572	0	590
14743	2	6	604	13	0	625
14744	0	2	9	615	0	626
14745	4	0	6	622	0	632
14746	4	1	617	15	0	637
14747	587	0	12	11	0	610
14748	613	2	7	4	0	626
14749	17	0	3	595	0	615
14750	11	1	2	602	0	616
14751	592	1	1	15	0	609
14752	591	0	5	11	0	607
14753	554	0	3	7	0	564
14754	611	1	2	6	0	620
14755	14	588	3	3	0	608
14756	590	9	1	7	0	607
14757	13	589	1	3	0	606
14758	6	12	1	591	0	610
14759	4	5	1	587	0	597
14760	2	583	4	16	0	605
14761	5	9	1	595	0	610
14762	9	5	1	587	0	602
14763	4	585	5	15	0	609
14764	3	8	3	587	0	601
14765	7	6	3	586	0	602
14766	8	3	0	598	0	609
14767	3	2	576	19	0	600
14768	4	551	12	11	0	578
14769	7	9	7	534	0	557
14770	6	564	5	8	0	583
14771	563	10	2	14	0	589
14772	11	6	552	6	0	575
14773	9	5	545	7	0	566
14774	528	3	13	6	0	550
14775	10	5	10	548	0	573
14776	9	0	544	14	0	567
14777	5	5	522	7	0	539
14778	5	1	13	508	0	527
14779	497	2	9	13	0	521
14780	508	2	5	8	0	523
14781	17	2	2	521	0	542
14782	11	4	515	9	0	539
14783	3	552	8	13	0	576
14784	4	9	8	553	0	574
14785	7	6	555	10	0	578
14786	6	548	8	13	0	575
14787	4	7	9	546	0	566
14788	532	5	6	10	0	553
14789	10	4	3	519	0	536
14790	8	534	1	8	0	551
14791	539	5	3	16	0	563
14792	4	7	573	7	0	591
14793	7	553	5	6	0	571
14794	5	7	548	3	0	563
14795	516	5	10	8	0	539
14796	7	3	8	498	0	516
14797	7	4	2	532	0	545
14798	532	1	3	15	0	551
14799	4	1	5	538	0	548
14800	10	2	517	7	0	536
14801	502	2	7	6	0	517
14802	7	514	8	6	0	535
14803	8	5	4	500	0	517
14804	498	7	4	6	0	515
14805	12	495	3	7	0	517
14806	7	5	7	508	0	527
14807	510	7	2	8	0	527
14808	7	2	2	512	0	523
14809	6	518	4	5	0	533
14810	2	5	515	10	0	532
14811	5	4	8	526	0	543
14812	5	2	5	490	0	502
14813	528	2	2	13	0	545
14814	4	2	7	536	0	549
14815	545	2	1	8	0	556
14816	539	2	3	8	0	552
14817	11	4	2	528	0	545
14818	8	539	3	9	0	559
14819	7	8	2	534	0	551
14820	503	5	1	7	0	516
14821	7	502	3	7	0	519
14822	9	503	1	2	0	515
14823	506	9	3	6	0	524
14824	507	5	2	2	0	516
14825	8	495	0	6	0	509
14826	508	6	2	6	0	522
14827	510	4	2	3	0	519
14828	13	2	0	513	0	528
14829	8	3	535	6	0	552
14830	5	0	7	543	0	555
14831	4	4	555	17	0	580
14832	4	2	9	563	0	578
14833	3	1	574	12	0	590
14834	534	6	8	7	0	555
14835	13	1	8	526	0	548
14836	582	1	1	12	0	596
14837	12	4	6	549	0	571
14838	8	585	2	10	0	605
14839	591	7	0	10	0	608
14840	14	7	589	1	0	611
14841	571	6	6	4	0	587
14842	6	582	3	0	0	591
14843	548	7	8	3	0	566
14844	555	4	2	1	0	562
14845	12	553	1	1	0	567
14846	8	9	0	572	0	589
14847	573	5	0	13	0	591
14848	11	568	1	6	0	586
14849	6	9	2	585	0	602
14850	582	4	0	14	0	600
14851	8	3	2	577	0	590
14852	6	4	0	583	0	593
14853	5	0	1	585	0	591
14854	4	2	572	11	0	589
14855	2	2	6	576	0	586
14856	571	1	4	12	0	588
14857	11	0	562	9	0	582
14858	8	3	7	567	0	585
14859	6	1	4	578	0	589
14860	5	2	576	12	0	595
14861	560	3	10	10	0	583
14862	578	1	5	5	0	589
14863	15	0	579	4	0	598
14864	10	2	9	564	0	585
14865	6	1	2	583	0	592
14866	5	0	606	14	0	625
14867	4	1	14	609	0	628
14868	3	1	5	622	0	631
14869	2	1	637	20	0	660
14870	621	0	14	5	0	640
14871	12	0	4	657	0	673
14872	652	0	1	17	0	670
14873	656	0	5	9	0	670
14874	19	0	645	3	0	667
14875	7	0	11	628	0	646
14876	631	0	7	14	0	652
14877	15	653	4	8	0	680
14878	8	12	3	682	0	705
14879	5	4	4	697	0	710
14880	5	2	2	702	0	711
14881	1	2	674	22	0	699
14882	644	0	13	11	0	668
14883	17	0	7	644	0	668
14884	9	0	1	653	0	663
14885	1	0	642	16	0	659
14886	11	0	10	631	0	652
14887	3	1	5	646	0	655
14888	628	0	3	24	0	655
14889	11	652	5	10	0	678
14890	9	12	646	6	0	673
14891	638	6	14	7	0	665
14892	21	1	6	625	0	653
14893	10	4	661	17	0	692
14894	3	1	682	7	0	693
14895	9	1	19	679	0	708
14896	2	0	686	18	0	706
14897	2	1	692	11	0	706
14898	2	677	20	4	0	703
14899	3	11	6	717	0	737
14900	2	5	727	17	0	751
14901	4	1	16	720	0	741
14902	767	2	5	23	0	797
14903	15	2	5	775	0	797
14904	15	0	4	783	0	802
14905	751	0	2	27	0	780
14906	774	0	3	12	0	789
14907	20	2	5	805	0	832
14908	11	1	817	15	0	844
14909	7	794	13	9	0	823
14910	4	14	10	812	0	840
14911	811	6	4	18	0	839
14912	810	2	5	10	0	827
14913	17	795	2	4	0	818
14914	7	820	3	7	0	837
14915	817	15	2	7	0	841
14916	819	8	2	4	0	833
14917	17	3	841	7	0	868
14918	11	5	14	818	0	848
14919	4	871	9	15	0	899
14920	885	12	3	10	0	910
14921	20	5	1	871	0	897
14922	7	884	5	16	0	912
14923	1	17	898	11	0	927
14924	8	9	16	862	0	895
14925	3	959	6	16	0	984
14926	956	12	2	6	0	976
14927	968	4	2	5	0	979
14928	15	950	2	5	0	972
14929	903	9	1	3	0	916
14930	897	5	0	1	0	903
14931	13	885	2	7	0	907
14932	5	909	2	1	0	917
14933	7	19	2	881	0	909
14934	894	2	1	9	0	906
14935	10	4	986	4	0	1004
14936	912	1	9	5	0	927
14937	10	972	1	1	0	984
14938	990	10	0	4	0	1004
14939	986	4	2	5	0	997
14940	982	3	0	5	0	990
14941	16	2	1	969	0	988
14942	3	971	1	12	0	987
14943	982	10	2	6	0	1000
14944	13	3	982	3	0	1001
14945	5	994	11	2	0	1012
14946	4	11	3	1018	0	1036
14947	2	7	977	10	0	996
14948	3	2	985	3	0	993
14949	7	2	12	990	0	1011
14950	7	2	2	1051	0	1062
14951	5	1	2	1064	0	1072
14952	5	3	1	1051	0	1060
14953	2	1026	1	15	0	1044
14954	3	1061	3	3	0	1070
14955	1088	14	2	2	0	1106
14956	13	5	1	1086	0	1105
14957	8	1	2	1094	0	1105
14958	4	2	4	1096	0	1106
14959	1097	1	1	19	0	1118
14960	1098	1	0	5	0	1104
14961	16	1	2	1100	0	1119
14962	1142	0	2	23	0	1167
14963	1146	3	0	12	0	1161
14964	1179	4	0	11	0	1194
14965	16	1	1	1171	0	1189
14966	8	6	1104	8	0	1126
14967	1	2	1012	10	0	1025
14968	0	1	1101	5	0	1107
14969	5	2	1128	1	0	1136
14970	6	6	10	1124	0	1146
14971	1140	1	3	11	0	1155
14972	1132	1	0	12	0	1145
14973	13	2	1130	1	0	1146
14974	7	4	1166	1	0	1178
14975	2	1338	10	4	0	1354
14976	10	5	2	1338	0	1355
14977	1349	2	2	12	0	1365
14978	5	3	1313	4	0	1325
14979	1267	1	6	5	0	1279
14980	8	1384	4	2	0	1398
14981	8	5	0	1430	0	1443
14982	3	4	0	1483	0	1490
14983	5	0	0	1449	0	1454
14984	1486	0	1	17	0	1504
14985	9	1	2	1493	0	1505
14986	7	1	0	1498	0	1506
14987	1487	1	2	15	0	1505
14988	13	1	1	1486	0	1501
14989	4	1	1531	8	0	1544
14990	1482	0	10	6	0	1498
14991	14	2	2	1543	0	1561
14992	7	3	1	1519	0	1530
14993	2	1514	1	11	0	1528
14994	1523	7	0	14	0	1544
14995	1542	4	2	1	0	1549
14996	14	2	0	1569	0	1585
14997	5	1	1558	9	0	1573
14998	1462	1	14	6	0	1483
14999	16	2	1568	3	0	1589
15000	9	0	14	1533	0	1556
15001	3	2	3	1649	0	1657
15002	1625	1	0	25	0	1651
15003	17	1	0	1745	0	1763
15004	5	3	1733	18	0	1759
15005	1643	1	19	7	0	1670
15006	22	0	1882	4	0	1908
15007	4	5	1880	7	0	1896
15008	1953	0	27	7	0	1987
15009	28	1	4	2011	0	2044
15010	4	2081	3	22	0	2110
15011	2100	24	1	6	0	2131
15012	2099	3	0	9	0	2111
15013	33	1	2091	1	0	2126
15014	2039	0	28	8	0	2075
15015	30	1	6	2146	0	2183
15016	5	1	2213	25	0	2244
15017	2	2152	35	5	0	2194
15018	2144	26	6	19	0	2195
15019	26	2181	3	2	0	2212
15020	12	27	3	2221	0	2263
15021	6	5	1	2250	0	2262
15022	4	1	3	2235	0	2243
15023	10	0	1	2145	0	2156
15024	1	2145	2	33	0	2181
15025	2	23	2089	7	0	2121
15026	6	2142	22	1	0	2171
15027	2128	23	6	8	0	2165
15028	31	6	2	2139	0	2178
15029	2144	0	1	32	0	2177
15030	27	0	4	2147	0	2178
15031	2253	1	2	38	0	2294
15032	28	2274	3	20	0	2325
15033	2334	28	2	10	0	2374
15034	2348	5	3	13	0	2369
15035	2246	4	1	10	0	2261
15036	2264	3	0	8	0	2275
15037	34	2228	3	5	0	2270
15038	13	31	2207	1	0	2252
15039	13	4	28	2202	0	2247
15040	2227	1	5	32	0	2265
15041	2274	4	4	11	0	2293
15042	44	1	4	2335	0	2384
15043	11	4	2418	31	0	2464
15044	10	2	30	2335	0	2377
15045	6	2465	8	30	0	2509
15046	2479	34	1	17	0	2531
15047	36	8	6	2513	0	2563
15048	12	2559	7	37	0	2615
15049	10	2685	4	14	0	2713
15050	6	2759	4	13	0	2782
15051	12	37	3	2804	0	2856
15052	2813	9	6	44	0	2872
15053	45	2820	3	24	0	2892
15054	17	40	3	2881	0	2941
15055	2862	12	1	48	0	2923
15056	45	3	3	2882	0	2933
15057	2865	6	4	47	0	2922
15058	2892	10	1	19	0	2922
15059	53	3003	4	10	0	3070
15060	25	45	3	2879	0	2952
15061	9	3014	5	35	0	3063
15062	2979	44	3	17	0	3043
15063	3007	16	2	16	0	3041
15064	3041	1	2	10	0	3054
15065	61	5	1	3041	0	3108
15066	14	1	3022	46	0	3083
15067	2943	7	43	21	0	3014
15068	3047	5	12	12	0	3076
15069	59	5	8	2974	0	3046
15070	18	3063	2	43	0	3126
15071	17	42	3	3089	0	3151
15072	16	14	2	3170	0	3202
15073	3133	7	1	69	0	3210
15074	3075	6	3	22	0	3106
15075	54	8	2949	9	0	3020
15076	26	10	41	2921	0	2998
15077	2942	4	9	56	0	3011
15078	54	7	1	2997	0	3059
15079	14	10	2961	47	0	3032
15080	6	2819	45	24	0	2894
15081	9	2973	8	8	0	2998
15082	3207	44	2	18	0	3271
15083	60	13	1	3424	0	3498
15084	32	3	7	3799	0	3841
15085	3753	7	1	94	0	3855
15086	82	9	3756	41	0	3888
15087	49	7	70	3743	0	3869
15088	21	9	3794	83	0	3907
15089	17	3770	81	45	0	3913
15090	3859	69	37	36	0	4001
15091	3967	34	21	29	0	4051
15092	4040	20	16	34	0	4110
15093	126	13	3912	17	0	4068
15094	3975	20	81	19	0	4095
15095	4124	8	36	23	0	4191
15096	147	14	17	3995	0	4173
15097	3419	17	41	109	0	3586
15098	83	15	3927	42	0	4067
15099	3844	5	68	32	0	3949
15100	109	10	3922	17	0	4058
15101	61	3946	79	20	0	4106
15102	60	111	42	3599	0	3812
15103	33	3883	25	60	0	4001
15104	28	74	3800	44	0	3946
15105	30	3853	78	26	0	3987
15106	3611	76	34	27	0	3748
15107	75	3576	20	21	0	3692
15108	42	3551	17	19	0	3629
15109	27	92	3502	13	0	3634
15110	42	51	59	3463	0	3615
15111	3488	31	34	69	0	3622
15112	65	31	3482	40	0	3618
15113	42	3493	66	25	0	3626
15114	42	69	43	3457	0	3611
15115	28	43	3470	69	0	3610
15116	33	22	3413	45	0	3513
15117	32	20	89	3487	0	3628
15118	23	18	3538	74	0	3653
15119	25	18	84	3193	0	3320
15120	23	3345	52	67	0	3487
15121	38	54	36	3326	0	3454
15122	17	3445	19	84	0	3565
15123	27	67	27	3450	0	3571
15124	3408	41	20	89	0	3558
15125	83	27	11	3406	0	3527
15126	52	3366	24	86	0	3528
15127	41	72	16	3450	0	3579
15128	23	47	3423	90	0	3583
15129	41	19	61	3458	0	3579
15130	3435	16	47	88	0	3586
15131	66	20	3313	62	0	3461
15132	62	19	67	3297	0	3445
15133	3249	22	48	79	0	3398
15134	82	3227	27	57	0	3393
15135	63	60	25	3239	0	3387
15136	3262	41	24	79	0	3406
15137	82	19	27	3290	0	3418
15138	63	21	3232	81	0	3397
15139	3126	21	69	61	0	3277
15140	69	3204	55	47	0	3375
15141	62	3292	26	29	0	3409
15142	3227	79	32	44	0	3382
15143	3175	44	25	25	0	3269
15144	119	25	24	3092	0	3260
15145	3082	28	19	69	0	3198
15146	89	27	3012	43	0	3171
15147	3006	19	58	42	0	3125
15148	87	2915	40	29	0	3071
15149	2902	58	27	32	0	3019
15150	98	39	2869	22	0	3028
15151	66	35	64	2841	0	3006
15152	37	31	37	2874	0	2979
15153	38	35	33	2683	0	2789
15154	35	2831	23	81	0	2970
15155	2865	51	17	51	0	2984
15156	76	39	24	2660	0	2799
15157	52	2757	20	75	0	2904
15158	2945	50	26	51	0	3072
15159	2869	36	23	43	0	2971
15160	2926	25	19	29	0	2999
15161	2911	13	23	36	0	2983
15162	2881	21	18	22	0	2942
15163	104	16	22	2822	0	2964
15164	84	22	17	2815	0	2938
15165	2748	22	19	91	0	2880
15166	84	27	9	2748	0	2868
15167	61	23	14	2763	0	2861
15168	34	22	2622	98	0	2776
15169	2664	27	54	69	0	2814
15170	2677	20	39	57	0	2793
15171	2724	26	18	45	0	2813
15172	94	25	23	2511	0	2653
15173	58	2614	28	66	0	2766
15174	2919	45	21	60	0	3045
15175	2843	38	21	47	0	2949
15176	117	25	23	3130	0	3295
15177	3204	19	24	88	0	3335
15178	101	64	2457	80	0	2702
15179	70	3201	55	46	0	3372
15180	67	3307	51	35	0	3460
15181	67	102	3235	42	0	3446
15182	34	2900	74	39	0	3047
15183	26	2726	58	17	0	2827
15184	2314	57	32	22	0	2425
15185	41	2320	14	18	0	2393
15186	23	53	12	2321	0	2409
15187	2391	32	7	58	0	2488
15188	54	15	2349	28	0	2446
15189	2337	18	35	27	0	2417
15190	44	14	2346	23	0	2427
15191	36	8	2312	16	0	2372
15192	2252	11	53	18	0	2334
15193	43	15	2328	14	0	2400
15194	27	2215	43	14	0	2299
15195	17	46	29	2192	0	2284
15196	2197	14	20	47	0	2278
15197	49	2156	11	20	0	2236
15198	23	40	12	2172	0	2247
15199	17	18	2172	44	0	2251
15200	34	11	32	2160	0	2237
15201	2122	15	14	52	0	2203
15202	43	9	2094	26	0	2172
15203	30	7	40	2090	0	2167
15204	2122	9	17	52	0	2200
15205	2181	15	13	28	0	2237
15206	68	8	10	2147	0	2233
15207	37	4	7	2153	0	2201
15208	26	7	2221	55	0	2309
15209	24	6	2190	21	0	2241
15210	2211	2	48	27	0	2288
15211	2286	2	17	26	0	2331
15212	59	2267	18	10	0	2354
15213	2286	32	17	11	0	2346
15214	2327	12	7	18	0	2364
15215	59	13	2460	12	0	2544
15216	32	2494	35	15	0	2576
15217	2471	38	12	8	0	2529
15218	2503	16	6	8	0	2533
15219	2566	10	11	5	0	2592
15220	62	12	5	2501	0	2580
15221	38	4	5	2489	0	2536
15222	20	2499	6	47	0	2572
15223	19	38	4	2544	0	2605
15224	2530	13	2	52	0	2597
15225	49	10	4	2535	0	2598
15226	19	14	2496	53	0	2582
15227	15	6	2475	25	0	2521
15228	17	5	50	2477	0	2549
15229	11	8	2508	49	0	2576
15230	9	7	2503	20	0	2539
15231	10	6	62	2445	0	2523
15232	10	4	22	2544	0	2580
15233	11	5	2552	55	0	2623
15234	10	7	2566	31	0	2614
15235	10	2594	59	18	0	2681
15236	2609	40	23	30	0	2702
15237	40	2673	27	13	0	2753
15238	2708	46	18	14	0	2786
15239	2716	26	13	7	0	2762
15240	58	2742	11	12	0	2823
15241	2752	54	6	12	0	2824
15242	66	21	6	2695	0	2788
15243	27	14	2744	49	0	2834
15244	26	8	44	2691	0	2769
15245	26	8	20	2812	0	2866
15246	2677	5	12	74	0	2768
15247	2706	6	15	34	0	2761
15248	2702	5	12	27	0	2746
15249	2691	1	8	28	0	2728
15250	2616	5	7	16	0	2644
15251	84	2516	13	7	0	2620
15252	42	42	4	2578	0	2666
15253	26	21	2603	47	0	2697
15254	32	9	53	2578	0	2672
15255	21	9	20	2616	0	2666
15256	15	9	13	2735	0	2772
15257	2877	2	13	83	0	2975
15258	73	6	11	2828	0	2918
15259	2876	3	10	79	0	2968
15260	77	5	2885	47	0	3014
15261	49	5	64	3340	0	3458
15262	24	11	3440	100	0	3575
15263	3415	2	88	49	0	3554
15264	114	5	38	3459	0	3616
15265	31	7	3498	108	0	3644
15266	24	5	95	3490	0	3614
15267	3509	2	34	112	0	3657
15268	99	5	3553	46	0	3703
15269	3551	4	92	33	0	3680
15270	3694	2	35	30	0	3761
15271	3651	4	21	27	0	3703
15272	3627	4	18	29	0	3678
15273	130	3490	18	10	0	3648
15274	39	3294	12	19	0	3364
15275	37	3210	13	13	0	3273
15276	25	132	10	2799	0	2966
15277	10	2864	7	60	0	2941
15278	2853	68	5	27	0	2953
15279	63	2793	6	15	0	2877
15280	27	2827	9	8	0	2871
15281	23	73	11	2813	0	2920
15282	21	20	8	2882	0	2931
15283	2810	9	12	93	0	2924
15284	82	6	7	2819	0	2914
15285	28	7	2772	74	0	2881
15286	19	6	2649	31	0	2705
15287	22	12	2744	20	0	2798
15288	27	8	84	2674	0	2793
15289	26	4	24	2833	0	2887
15290	28	5	2706	85	0	2824
15291	26	8	2679	27	0	2740
15292	24	9	2774	14	0	2821
15293	2752	17	88	19	0	2876
15294	80	12	28	2824	0	2944
15295	36	16	16	2887	0	2955
15296	2834	16	11	100	0	2961
15297	90	13	7	2808	0	2918
15298	22	2856	13	83	0	2974
15299	23	2984	8	29	0	3044
15300	18	86	10	2947	0	3061
15301	2968	25	8	93	0	3094
15302	2996	15	5	53	0	3069
15303	3028	14	9	40	0	3091
15304	105	11	16	2972	0	3104
15305	38	9	2919	82	0	3048
15306	26	7	82	2916	0	3031
15307	20	9	2901	85	0	3015
15308	2722	1	86	54	0	2863
15309	82	9	37	2779	0	2907
15310	2693	6	33	100	0	2832
15311	80	7	2766	39	0	2892
15312	2573	4	83	38	0	2698
15313	89	2	2836	28	0	2955
15314	44	2647	76	34	0	2801
15315	33	2689	32	27	0	2781
15316	2631	72	30	19	0	2752
15317	92	26	16	2595	0	2729
15318	35	21	2598	73	0	2727
15319	31	2533	61	27	0	2652
15320	22	2635	21	28	0	2706
15321	38	82	12	2561	0	2693
15322	2566	33	16	82	0	2697
15323	2576	22	11	41	0	2650
15324	82	2561	12	32	0	2687
15325	2585	66	15	36	0	2702
15326	89	28	17	2582	0	2716
15327	34	23	2538	78	0	2673
15328	35	2583	73	33	0	2724
15329	31	68	32	2587	0	2718
15330	26	16	27	2635	0	2704
15331	2575	14	24	96	0	2709
15332	78	13	2531	34	0	2656
15333	2510	11	76	37	0	2634
15334	2546	13	36	35	0	2630
15335	92	12	25	2505	0	2634
15336	40	13	22	2578	0	2653
15337	2483	15	22	92	0	2612
15338	80	11	19	2481	0	2591
15339	39	20	2462	80	0	2601
15340	25	25	2379	32	0	2461
15341	19	2315	74	28	0	2436
15342	34	2547	26	24	0	2631
15343	31	72	21	2392	0	2516
15344	18	2446	11	66	0	2541
15345	2458	72	10	33	0	2573
15346	63	2487	9	30	0	2589
15347	31	69	16	2475	0	2591
15348	33	26	14	2535	0	2608
15349	19	22	2486	86	0	2613
15350	32	12	59	2482	0	2585
15351	33	8	24	2550	0	2615
15352	26	2537	30	85	0	2678
15353	32	62	19	2549	0	2662
15354	32	21	16	2590	0	2659
15355	24	13	2532	93	0	2662
15356	17	2493	61	55	0	2626
15357	28	131	30	2174	0	2363
15358	21	2278	20	58	0	2377
15359	16	60	2207	25	0	2308
15360	9	2143	54	25	0	2231
15361	1620	48	38	17	0	1723
15362	1568	12	9	15	0	1604
15363	1573	8	5	8	0	1594
15364	40	1578	0	0	0	1618
15365	1564	20	3	8	0	1595
15366	36	12	0	1545	0	1593
15367	1498	10	5	30	0	1543
15368	31	1443	7	13	0	1494
15369	1444	22	3	13	0	1482
15370	1491	15	1	7	0	1514
15371	30	1508	0	7	0	1545
15372	24	25	1510	4	0	1563
15373	11	12	27	1624	0	1674
15374	4	11	1783	28	0	1826
15375	10	6	38	1819	0	1873
15376	6	6	15	1908	0	1935
15377	4	2	1906	61	0	1973
15378	13	5	44	1893	0	1955
15379	1908	2	19	59	0	1988
15380	46	7	1894	25	0	1972
15381	27	1900	47	22	0	1996
15382	18	43	20	1868	0	1949
15383	16	21	14	1944	0	1995
15384	5	14	1912	68	0	1999
15385	17	6	38	1860	0	1921
15386	5	1891	22	56	0	1974
15387	1843	42	15	31	0	1931
15388	40	1895	8	14	0	1957
15389	1813	46	4	13	0	1876
15390	46	1820	7	10	0	1883
15391	18	1874	7	9	0	1908
15392	11	51	1770	8	0	1840
15393	8	40	37	1731	0	1816
15394	13	9	21	1686	0	1729
15395	12	5	8	1745	0	1770
15396	4	1787	6	60	0	1857
15397	9	43	3	1800	0	1855
15398	1784	22	4	60	0	1870
15399	48	11	5	1788	0	1852
15400	1783	7	7	62	0	1859
15401	53	6	1731	33	0	1823
15402	1752	2	42	23	0	1819
15403	52	9	22	1732	0	1815
15404	33	5	14	1801	0	1853
15405	1811	10	3	76	0	1900
15406	54	5	1795	36	0	1890
15407	24	1807	56	16	0	1903
15408	26	51	22	1804	0	1903
15409	1801	22	14	63	0	1900
15410	1849	9	9	32	0	1899
15411	81	11	2	1807	0	1901
15412	33	7	1799	61	0	1900
15413	1699	13	51	25	0	1788
15414	57	10	1742	21	0	1830
15415	32	6	61	1714	0	1813
15416	20	16	1730	60	0	1826
15417	18	6	54	1712	0	1790
15418	11	7	1713	70	0	1801
15419	16	1696	50	37	0	1799
15420	16	53	26	1531	0	1626
15421	14	1713	20	41	0	1788
15422	1728	59	10	26	0	1823
15423	1772	22	10	22	0	1826
15424	75	15	1702	14	0	1806
15425	42	5	53	1696	0	1796
15426	1740	7	25	61	0	1833
15427	56	8	18	1735	0	1817
15428	35	11	8	1755	0	1809
15429	20	6	1690	73	0	1789
15430	1633	11	49	42	0	1735
15431	57	4	1692	25	0	1778
15432	37	7	61	1682	0	1787
15433	24	5	1710	59	0	1798
15434	1662	3	60	43	0	1768
15435	1688	7	33	28	0	1756
15436	1701	5	15	30	0	1751
15437	85	4	21	1648	0	1758
15438	41	6	1627	60	0	1734
15439	18	7	1677	35	0	1737
15440	16	38	74	1544	0	1672
15441	18	1632	37	55	0	1742
15442	1557	47	16	32	0	1652
15443	60	21	13	1561	0	1655
15444	27	20	1543	55	0	1645
15445	33	10	50	1550	0	1643
15446	23	6	1626	65	0	1720
15447	18	11	56	1632	0	1717
15448	14	5	1651	69	0	1739
15449	18	9	1649	39	0	1715
15450	17	1591	73	28	0	1709
15451	20	41	1613	26	0	1700
15452	16	27	1618	21	0	1682
15453	36	9	66	1331	0	1442
15454	18	4	44	1450	0	1516
15455	17	1496	27	60	0	1600
15456	1495	41	21	40	0	1597
15457	52	1485	27	23	0	1587
15458	38	43	15	1465	0	1561
15459	1488	19	15	57	0	1579
15460	57	10	19	1490	0	1576
15461	1497	13	19	59	0	1588
15462	57	8	15	1519	0	1599
15463	37	11	1529	58	0	1635
15464	24	11	47	1542	0	1624
15465	23	7	27	1592	0	1649
15466	1543	9	22	79	0	1653
15467	1544	4	21	41	0	1610
15468	1529	1	18	42	0	1590
15469	63	1442	25	23	0	1553
15470	27	1481	19	23	0	1550
15471	1470	39	26	30	0	1565
15472	52	22	1469	8	0	1551
15473	25	10	1372	18	0	1425
15474	21	60	48	1169	0	1298
15475	9	3	1189	35	0	1236
15476	15	4	1134	22	0	1175
15477	1099	6	40	15	0	1160
15478	1126	8	10	17	0	1161
15479	26	1115	16	11	0	1168
15480	17	1191	8	12	0	1228
15481	20	27	13	1056	0	1116
15482	13	1153	7	28	0	1201
15483	1163	24	12	14	0	1213
15484	31	9	8	1152	0	1200
15485	13	1180	6	30	0	1229
15486	1190	23	7	15	0	1235
15487	35	4	1170	17	0	1226
15488	11	7	1142	17	0	1177
15489	1113	8	33	8	0	1162
15490	32	6	1115	13	0	1166
15491	1049	8	23	10	0	1090
15492	34	13	12	1085	0	1144
15493	14	11	1104	31	0	1160
15494	11	1085	32	9	0	1137
15495	11	1140	11	13	0	1175
15496	1034	20	13	10	0	1077
15497	21	1054	7	6	0	1088
15498	995	17	10	6	0	1028
15499	1008	3	8	5	0	1024
15500	16	996	10	2	0	1024
15501	7	25	8	1006	0	1046
15502	5	5	1032	18	0	1060
15503	4	1090	21	4	0	1119
15504	6	39	8	1136	0	1189
15505	2	3	4	1185	0	1194
15506	1163	4	3	22	0	1192
15507	20	2	3	1162	0	1187
15508	3	0	1159	19	0	1181
15509	3	1149	21	5	0	1178
15510	7	15	3	1177	0	1202
15511	1173	5	5	22	0	1205
15512	1196	4	2	11	0	1213
15513	21	4	1	1202	0	1228
15514	1267	0	2	26	0	1295
15515	26	3	1251	5	0	1285
15516	13	0	23	1255	0	1291
15517	5	4	1295	23	0	1327
15518	10	2	22	1370	0	1404
15519	11	1	9	1378	0	1399
15520	10	3	5	1378	0	1396
15521	10	3	5	1410	0	1428
15522	6	4	2	1411	0	1423
15523	1371	1	3	45	0	1420
15524	1409	3	1	15	0	1428
15525	33	1396	5	8	0	1442
15526	1396	27	2	7	0	1432
15527	31	9	3	1400	0	1443
15528	14	6	4	1409	0	1433
15529	17	2	3	1406	0	1428
15530	5	2	1413	37	0	1457
15531	10	1	29	1354	0	1394
15532	5	1397	9	33	0	1444
15533	1400	28	6	17	0	1451
15534	1399	7	4	14	0	1424
15535	34	5	1384	9	0	1432
15536	10	1394	25	8	0	1437
15537	9	29	8	1390	0	1436
15538	10	8	1397	37	0	1452
15539	6	4	27	1287	0	1324
15540	3	1361	11	31	0	1406
15541	1304	26	1	19	0	1350
15542	31	1350	6	12	0	1399
15543	16	30	1341	5	0	1392
15544	12	11	1326	6	0	1355
15545	5	1294	36	8	0	1343
15546	6	1274	10	9	0	1299
15547	1226	29	7	19	0	1281
15548	1245	9	6	16	0	1276
15549	35	3	3	1221	0	1262
15550	10	4	1212	33	0	1259
15551	13	2	27	1206	0	1248
15552	11	7	8	1215	0	1241
15553	1188	4	5	41	0	1238
15554	1192	6	4	24	0	1226
15555	37	4	8	1247	0	1296
15556	20	8	1260	37	0	1325
15557	9	1275	32	17	0	1333
15558	1268	33	15	14	0	1330
15559	35	1322	6	19	0	1382
15560	14	42	6	1341	0	1403
15561	16	9	2	1404	0	1431
15562	12	10	11	1384	0	1417
15563	13	7	8	1360	0	1388
15564	1310	9	11	59	0	1389
15565	45	11	2	1313	0	1371
15566	22	1271	3	56	0	1352
15567	20	34	9	1307	0	1370
15568	1280	12	7	53	0	1352
15569	38	1292	5	26	0	1361
15570	19	40	10	1313	0	1382
15571	15	11	1276	54	0	1356
15572	1242	15	40	21	0	1318
15573	53	9	11	1257	0	1330
15574	18	12	1235	39	0	1304
15575	16	9	1220	20	0	1265
15576	11	12	41	1225	0	1289
15577	1211	15	28	45	0	1299
15578	1227	10	15	22	0	1274
15579	40	1256	4	26	0	1326
15580	1226	33	7	21	0	1287
15581	1253	7	7	25	0	1292
15582	1230	14	7	23	0	1274
15583	1245	8	8	19	0	1280
15584	55	7	4	1213	0	1279
15585	30	4	8	1220	0	1262
15586	23	10	1169	50	0	1252
15587	15	1121	37	31	0	1204
15588	10	1171	15	23	0	1219
15589	12	41	1173	17	0	1243
15590	1149	15	34	21	0	1219
15591	42	13	10	1179	0	1244
15592	1188	5	10	49	0	1252
15593	1189	8	5	25	0	1227
15594	47	5	1146	26	0	1224
15595	25	10	31	1128	0	1194
15596	1141	4	11	46	0	1202
15597	45	6	11	1130	0	1192
15598	18	12	1121	48	0	1199
15599	15	47	36	1065	0	1163
15600	17	1140	17	37	0	1211
15601	13	1190	12	15	0	1230
15602	14	40	1123	14	0	1191
15603	10	1093	34	15	0	1152
15604	963	29	23	17	0	1032
15605	959	6	8	19	0	992
15606	40	6	8	943	0	997
15607	16	4	6	974	0	1000
15608	16	7	8	990	0	1021
15609	951	2	5	47	0	1005
15610	33	940	5	12	0	990
15611	958	25	1	15	0	999
15612	944	10	1	8	0	963
15613	33	924	6	9	0	972
15614	841	12	6	6	0	865
15615	25	846	4	6	0	881
15616	844	22	3	11	0	880
15617	25	4	813	10	0	852
15618	656	9	32	9	0	706
15619	13	691	6	5	0	715
15620	6	14	10	702	0	732
15621	11	2	3	725	0	741
15622	10	4	1	717	0	732
15623	711	4	3	22	0	740
15624	21	2	1	724	0	748
15625	8	4	709	21	0	742
15626	695	4	14	5	0	718
15627	21	3	707	9	0	740
15628	8	7	17	721	0	753
15629	11	2	733	22	0	768
15630	3	3	20	714	0	740
15631	7	725	3	20	0	755
15632	7	17	7	725	0	756
15633	1	719	8	24	0	752
15634	7	18	4	730	0	759
15635	719	4	7	25	0	755
15636	24	5	0	782	0	811
15637	782	4	2	26	0	814
15638	23	3	750	4	0	780
15639	752	4	15	13	0	784
15640	777	1	5	8	0	791
15641	771	1	6	7	0	785
15642	28	2	4	765	0	799
15643	761	1	4	21	0	787
15644	22	4	740	8	0	774
15645	730	3	13	12	0	758
15646	24	3	722	3	0	752
15647	732	4	19	5	0	760
15648	26	0	5	746	0	777
15649	6	4	774	19	0	803
15650	13	1	17	760	0	791
15651	12	2	6	781	0	801
15652	5	3	786	19	0	813
15653	730	1	19	15	0	765
15654	18	784	7	10	0	819
15655	752	9	5	7	0	773
15656	17	741	1	5	0	764
15657	730	10	4	4	0	748
15658	12	0	716	5	0	733
15659	622	4	8	6	0	640
15660	10	624	1	2	0	637
15661	7	6	1	620	0	634
15662	2	1	1	624	0	628
15663	3	0	1	623	0	627
15664	1	3	631	6	0	641
15665	5	1	5	624	0	635
15666	1	0	686	6	0	693
15667	731	0	6	3	0	740
15668	788	2	0	6	0	796
15669	11	1	2	789	0	803
15670	4	0	779	14	0	797
15671	768	0	10	7	0	785
15672	10	1	981	2	0	994
15673	7	2	12	961	0	982
15674	6	0	3	1016	0	1025
15675	2	2	4	1047	0	1055
15676	7	0	2	1063	0	1072
15677	1028	0	2	21	0	1051
15678	13	1043	4	8	0	1068
15679	6	13	987	7	0	1013
15680	2	1003	16	5	0	1026
15681	1020	14	3	9	0	1046
15682	20	4	2	1015	0	1041
15683	1022	2	2	20	0	1046
15684	16	2	3	1045	0	1066
15685	9	4	1	1040	0	1054
15686	8	4	1	1044	0	1057
15687	4	3	1018	21	0	1046
15688	4	1018	14	6	0	1042
15689	4	14	1037	6	0	1061
15690	3	3	14	1041	0	1061
15691	1044	2	4	21	0	1071
15692	1038	0	4	9	0	1051
15693	1043	3	2	10	0	1058
15694	19	1036	5	8	0	1068
15695	1080	13	4	12	0	1109
15696	19	4	3	1078	0	1104
15697	12	3	5	1094	0	1114
15698	9	2	5	1095	0	1111
15699	6	1084	3	21	0	1114
15700	10	14	5	1006	0	1035
15701	8	1033	1	29	0	1071
15702	1028	18	3	11	0	1060
15703	1055	6	2	10	0	1073
15704	22	7	4	1061	0	1094
15705	7	5	1035	26	0	1073
15706	1020	5	12	15	0	1052
15707	19	4	5	1042	0	1070
15708	8	5	1026	22	0	1061
15709	972	5	15	16	0	1008
15710	24	5	6	1039	0	1074
15711	1035	3	4	23	0	1065
15712	21	1031	5	9	0	1066
15713	14	15	8	1013	0	1050
15714	9	1051	5	20	0	1085
15715	11	15	3	1074	0	1103
15716	10	1071	4	25	0	1110
15717	10	24	3	1113	0	1150
15718	10	6	1088	26	0	1130
15719	939	10	14	17	0	980
15720	18	1093	6	12	0	1129
15721	8	13	1087	9	0	1117
15722	1071	7	8	16	0	1102
15723	22	6	7	1106	0	1141
15724	16	6	1086	16	0	1124
15725	8	1090	12	11	0	1121
15726	8	15	4	1110	0	1137
15727	9	4	1122	17	0	1152
15728	13	3	15	1105	0	1136
15729	8	5	8	1138	0	1159
15730	6	4	1172	20	0	1202
15731	15	6	16	1179	0	1216
15732	10	3	1220	26	0	1259
15733	7	4	15	1227	0	1253
15734	15	6	1311	20	0	1352
15735	10	8	15	1322	0	1355
15736	9	5	7	1309	0	1330
15737	7	8	7	1284	0	1306
15738	9	1295	9	23	0	1336
15739	1296	18	5	25	0	1344
15740	1308	11	6	19	0	1344
15741	20	5	6	1318	0	1349
15742	1341	6	6	24	0	1377
15743	24	7	1335	14	0	1380
15744	16	1394	15	12	0	1437
15745	1417	19	5	23	0	1464
15746	17	1414	8	18	0	1457
15747	14	15	6	1441	0	1476
15748	8	11	9	1452	0	1480
15749	1425	9	9	27	0	1470
15750	21	6	6	1431	0	1464
15751	15	4	1412	23	0	1454
15752	12	1408	13	13	0	1446
15753	1407	16	11	15	0	1449
15754	24	7	7	1396	0	1434
15755	9	1433	8	22	0	1472
15756	7	15	6	1429	0	1457
15757	6	1461	6	24	0	1497
15758	1456	18	4	26	0	1504
15759	1452	6	10	18	0	1486
15760	18	8	1435	14	0	1475
15761	13	9	1424	15	0	1461
15762	13	7	19	1429	0	1468
15763	14	1474	7	17	0	1512
15764	12	12	11	1492	0	1527
15765	1470	6	9	23	0	1508
15766	16	7	1441	15	0	1479
15767	10	3	13	1364	0	1390
15768	8	3	1353	15	0	1379
15769	7	4	1311	13	0	1335
15770	11	1439	8	9	0	1467
15771	29	25	16	1366	0	1436
15772	1263	3	9	7	0	1282
15773	3	4	1246	3	0	1256
15774	2	1231	3	4	0	1240
15775	1185	1	1	12	0	1199
15776	2	2	0	1204	0	1208
15777	1254	1	1	12	0	1268
15778	1246	2	2	6	0	1256
15779	1271	0	0	14	0	1285
15780	5	1	1349	2	0	1357
15781	1262	0	4	7	0	1273
15782	1351	2	0	5	0	1358
15783	4	1414	1	2	0	1421
15784	3	2	2	1430	0	1437
15785	4	0	0	1433	0	1437
15786	6	0	0	1436	0	1442
15787	1433	0	1	10	0	1444
15788	1373	1	1	10	0	1385
15789	4	0	1424	1	0	1429
15790	4	0	4	1413	0	1421
15791	1	1421	1	6	0	1429
15792	1419	4	0	6	0	1429
15793	4	0	1425	2	0	1431
15794	3	0	4	1388	0	1395
15795	4	3	0	1405	0	1412
15796	3	1388	0	5	0	1396
15797	5	4	3	1409	0	1421
15798	3	0	1	1322	0	1326
15799	3	1	2	1425	0	1431
15800	1428	1	3	12	0	1444
15801	8	2	1	1411	0	1422
15802	3	1	0	1421	0	1425
15803	1430	1	0	17	0	1448
15804	8	1	2	1442	0	1453
15805	1	1615	1	9	0	1626
15806	1679	12	0	11	0	1702
15807	1708	3	0	14	0	1725
15808	1751	4	1	11	0	1767
15809	1934	4	0	6	0	1944
15810	32	2092	2	15	0	2141
15811	2345	30	1	12	0	2388
15812	2390	4	0	14	0	2408
15813	49	8	0	2362	0	2419
15814	18	5	2325	42	0	2390
15815	26	1	37	2314	0	2378
15816	15	2	4	2382	0	2403
15817	16	1	8	2321	0	2346
15818	13	2	6	2331	0	2352
15819	12	0	1	2354	0	2367
15820	2277	0	3	61	0	2341
15821	45	1	1	2286	0	2333
15822	8	7	2330	55	0	2400
15823	23	0	38	2280	0	2341
15824	10	2384	7	51	0	2452
15825	14	40	9	2391	0	2454
15826	7	7	2405	51	0	2470
15827	2144	10	47	28	0	2229
15828	2298	4	9	28	0	2339
15829	47	4	2494	20	0	2565
15830	13	2468	43	7	0	2531
15831	2492	38	7	21	0	2558
15832	2493	7	10	14	0	2524
15833	2487	9	6	21	0	2523
15834	2433	7	4	13	0	2457
15835	68	2	2	2378	0	2450
15836	24	3	2400	45	0	2472
15837	26	4	47	2422	0	2499
15838	29	2	10	2510	0	2551
15839	13	4	2475	57	0	2549
15840	13	4	2427	20	0	2464
15841	2399	4	54	29	0	2486
15842	61	2449	18	16	0	2544
15843	25	49	19	2450	0	2543
15844	25	9	2395	54	0	2483
15845	2265	11	57	30	0	2363
15846	55	12	2385	29	0	2481
15847	2307	4	61	28	0	2400
15848	65	2372	15	28	0	2480
15849	36	46	16	2383	0	2481
15850	23	9	2369	66	0	2467
15851	2235	14	54	32	0	2335
15852	57	2343	16	30	0	2446
15853	20	2449	25	21	0	2515
15854	20	58	18	2433	0	2529
15855	25	22	15	2513	0	2575
15856	2559	25	13	73	0	2670
15857	65	2531	11	48	0	2655
15858	39	55	9	2589	0	2692
15859	2560	24	11	79	0	2674
15860	2626	18	13	43	0	2700
15861	2661	14	15	40	0	2730
15862	95	13	2653	26	0	2787
15863	53	14	2648	22	0	2737
15864	2822	9	73	40	0	2944
15865	90	2823	30	26	0	2969
15866	38	2898	25	33	0	2994
15867	44	67	20	2742	0	2873
15868	28	2819	17	94	0	2958
15869	2840	87	19	41	0	2987
15870	90	20	17	2790	0	2917
15871	32	31	2754	85	0	2902
15872	2772	22	73	44	0	2911
15873	2835	21	28	46	0	2930
15874	102	14	30	2795	0	2941
15875	59	16	22	2844	0	2941
15876	56	15	18	2853	0	2942
15877	44	14	22	2813	0	2893
15878	37	10	2682	111	0	2840
15879	32	2650	82	54	0	2818
15880	48	73	25	2436	0	2582
15881	31	2630	31	78	0	2770
15882	31	90	23	2459	0	2603
15883	39	2552	20	88	0	2699
15884	2528	94	17	46	0	2685
15885	2525	28	20	57	0	2630
15886	92	2545	17	41	0	2695
15887	2543	81	23	42	0	2689
15888	109	26	18	2536	0	2689
15889	2488	41	20	94	0	2643
15890	109	2499	16	42	0	2666
15891	2510	78	21	48	0	2657
15892	2565	32	20	30	0	2647
15893	122	40	15	2473	0	2650
15894	60	25	2454	85	0	2624
15895	46	2436	75	30	0	2587
15896	54	76	26	2481	0	2637
15897	2466	42	28	89	0	2625
15898	91	42	2447	41	0	2621
15899	50	32	66	2414	0	2562
15900	55	23	23	2478	0	2579
15901	2455	23	28	104	0	2610
15902	2481	24	21	62	0	2588
15903	2436	20	20	65	0	2541
15904	110	2384	22	42	0	2558
15905	2246	68	13	37	0	2364
15906	84	33	2106	44	0	2267
15907	49	24	2057	40	0	2170
15908	45	23	2092	34	0	2194
15909	56	109	85	1770	0	2020
15910	25	12	1710	45	0	1792
15911	1459	12	34	12	0	1517
15912	44	4	11	1498	0	1557
15913	26	10	1517	33	0	1586
15914	1564	11	31	25	0	1631
15915	40	11	13	1568	0	1632
15916	24	11	17	1583	0	1635
15917	1581	5	9	39	0	1634
15918	37	10	14	1614	0	1675
15919	25	13	1636	42	0	1716
15920	19	12	32	1653	0	1716
15921	20	6	1672	45	0	1743
15922	24	5	41	1629	0	1699
15923	1596	4	19	50	0	1669
15924	38	1517	20	24	0	1599
15925	22	1590	7	28	0	1647
15926	28	30	16	1577	0	1651
15927	27	16	5	1574	0	1622
15928	14	1537	11	53	0	1615
15929	14	1468	17	27	0	1526
15930	19	34	21	1441	0	1515
15931	17	17	13	1463	0	1510
15932	1413	12	13	50	0	1488
15933	34	1402	12	31	0	1479
15934	16	1402	11	24	0	1453
15935	25	1469	8	16	0	1518
15936	1393	34	10	27	0	1464
15937	32	16	1365	18	0	1431
15938	1326	12	27	24	0	1389
15939	39	8	12	1343	0	1402
15940	18	1280	15	31	0	1344
15941	22	1345	8	21	0	1396
15942	1335	30	8	28	0	1401
15943	34	18	7	1311	0	1370
15944	17	1437	8	39	0	1501
15945	1461	38	15	20	0	1534
15946	1466	13	10	23	0	1512
15947	43	11	1455	21	0	1530
15948	1447	12	30	17	0	1506
15949	1501	14	12	9	0	1536
15950	45	14	7	1459	0	1525
15951	29	1408	8	37	0	1482
15952	27	1417	8	17	0	1469
15953	23	37	7	1407	0	1474
15954	1352	18	14	44	0	1428
15955	35	17	1207	25	0	1284
15956	19	11	1179	15	0	1224
15957	23	13	1187	9	0	1232
15958	17	8	1207	10	0	1242
15959	11	1207	32	10	0	1260
15960	5	1191	22	13	0	1231
15961	24	29	1113	12	0	1178
15962	15	12	1115	5	0	1147
15963	4	1044	24	4	0	1076
15964	6	15	11	907	0	939
15965	1	7	967	11	0	986
15966	6	3	15	924	0	948
15967	3	3	7	971	0	984
15968	4	2	3	1028	0	1037
15969	3	2	3	1104	0	1112
15970	2	1	1100	23	0	1126
15971	6	1	13	1073	0	1093
15972	1080	1	4	27	0	1112
15973	16	1	1071	10	0	1098
15974	1074	0	19	9	0	1102
15975	22	0	7	1119	0	1148
15976	9	0	1116	21	0	1146
15977	1104	0	21	8	0	1133
15978	29	1	7	1118	0	1155
15979	1130	1	4	25	0	1160
15980	22	2	3	1096	0	1123
15981	8	1095	3	24	0	1130
15982	7	20	1150	8	0	1185
15983	10	3	20	1156	0	1189
15984	1167	4	3	28	0	1202
15985	1179	3	4	11	0	1197
15986	1173	3	7	7	0	1190
15987	1175	2	3	14	0	1194
15988	1183	2	2	8	0	1195
15989	31	1181	3	3	0	1218
15990	1184	21	2	5	0	1212
15991	28	8	1167	1	0	1204
15992	1170	4	20	8	0	1202
15993	30	6	5	1128	0	1169
15994	9	6	1178	14	0	1207
15995	9	5	1150	7	0	1171
15996	7	3	25	1169	0	1204
15997	1175	2	9	29	0	1215
15998	20	1178	13	10	0	1221
15999	1192	19	7	14	0	1232
16000	25	1201	5	8	0	1239
16001	12	23	7	1242	0	1284
16002	13	10	1	1258	0	1282
16003	1244	4	4	32	0	1284
16004	25	5	7	1248	0	1285
16005	12	5	1251	28	0	1296
16006	1250	3	21	21	0	1295
16007	33	3	6	1274	0	1316
16008	13	1	7	1264	0	1285
16009	11	6	1255	28	0	1300
16010	1165	5	27	21	0	1218
16011	1265	3	7	19	0	1294
16012	29	1249	8	9	0	1295
16013	13	24	1198	5	0	1240
16014	14	3	1161	6	0	1184
16015	17	5	25	1124	0	1171
16016	12	7	8	1128	0	1155
16017	7	1163	12	24	0	1206
16018	8	21	1132	9	0	1170
16019	6	6	26	1080	0	1118
16020	7	4	1113	19	0	1143
16021	6	4	22	1064	0	1096
16022	4	1071	14	21	0	1110
16023	4	19	11	1106	0	1140
16024	7	7	5	1122	0	1141
16025	7	3	9	1092	0	1111
16026	1070	6	7	32	0	1115
16027	26	3	1054	15	0	1098
16028	8	1104	22	10	0	1144
16029	10	19	8	1142	0	1179
16030	1166	7	5	35	0	1213
16031	29	5	7	1195	0	1236
16032	1195	4	4	35	0	1238
16033	31	2	1197	14	0	1244
16034	1177	5	25	11	0	1218
16035	35	1	9	1218	0	1263
16036	12	4	1223	38	0	1277
16037	14	1205	32	10	0	1261
16038	17	23	11	1207	0	1258
16039	20	7	6	1232	0	1265
16040	1208	5	8	35	0	1256
16041	32	1187	8	14	0	1241
16042	13	1172	7	10	0	1202
16043	11	1223	8	9	0	1251
16044	1134	36	6	14	0	1190
16045	25	1119	3	12	0	1159
16046	12	17	9	1127	0	1165
16047	10	7	6	1146	0	1169
16048	1130	6	3	30	0	1169
16049	22	1118	8	8	0	1156
16050	12	23	7	1132	0	1174
16051	1185	5	5	37	0	1232
16052	1185	3	4	20	0	1212
16053	1199	5	2	20	0	1226
16054	29	1178	1	10	0	1218
16055	1217	19	9	7	0	1252
16056	24	15	3	1188	0	1230
16057	11	1131	5	27	0	1174
16058	10	1172	6	8	0	1196
16059	23	17	5	1168	0	1213
16060	1162	5	6	28	0	1201
16061	1178	3	8	11	0	1200
16062	29	3	4	1148	0	1184
16063	10	1122	7	24	0	1163
16064	1123	19	8	9	0	1159
16065	17	9	1121	9	0	1156
16066	16	5	1063	10	0	1094
16067	1066	8	15	16	0	1105
16068	13	10	1058	12	0	1093
16069	8	5	12	956	0	981
16070	974	2	4	15	0	995
16071	17	2	2	1004	0	1025
16072	7	4	1002	13	0	1026
16073	3	1012	10	5	0	1030
16074	5	10	5	1037	0	1057
16075	3	4	1017	13	0	1037
16076	970	10	9	5	0	994
16077	11	3	2	1025	0	1041
16078	3	2	1042	8	0	1055
16079	3	2	7	1013	0	1025
16080	3	1012	4	8	0	1027
16081	5	7	1	1059	0	1072
16082	5	3	0	1044	0	1052
16083	3	0	1	1029	0	1033
16084	1	1023	2	11	0	1037
16085	1071	9	0	10	0	1090
16086	11	4	3	1090	0	1108
16087	6	0	5	1111	0	1122
16088	6	1	1	1120	0	1128
16089	4	0	1114	11	0	1129
16090	5	4	9	1113	0	1131
16091	1124	2	2	12	0	1140
16092	16	1129	3	4	0	1152
16093	4	10	4	1162	0	1180
16094	3	3	1	1166	0	1173
16095	1174	3	3	17	0	1197
16096	12	1179	3	7	0	1201
16097	1214	11	4	7	0	1236
16098	1232	4	0	9	0	1245
16099	21	3	3	1230	0	1257
16100	1228	3	4	17	0	1252
16101	13	1177	0	11	0	1201
16102	1180	16	3	8	0	1207
16103	18	6	1	1209	0	1234
16104	1310	0	1	19	0	1330
16105	1341	4	2	13	0	1360
16106	26	2	1322	5	0	1355
16107	1391	4	15	6	0	1416
16108	1434	3	4	6	0	1447
16109	1491	2	0	18	0	1511
16110	38	1	1542	8	0	1589
16111	15	1547	36	8	0	1606
16112	13	36	10	1588	0	1647
16113	1606	12	4	37	0	1659
16114	37	1566	0	14	0	1617
16115	1602	34	2	14	0	1652
16116	49	9	3	1595	0	1656
16117	15	11	1555	34	0	1615
16118	1611	3	33	16	0	1663
16119	46	1	8	1651	0	1706
16120	16	4	1652	38	0	1710
16121	1645	1	39	16	0	1701
16122	44	6	1673	11	0	1734
16123	29	4	44	1718	0	1795
16124	26	2	12	1847	0	1887
16125	1845	3	9	65	0	1922
16126	1856	3	4	28	0	1891
16127	63	1841	10	16	0	1930
16128	1857	48	6	12	0	1923
16129	64	12	1787	7	0	1870
16130	23	14	1777	9	0	1823
16131	1741	6	49	12	0	1808
16132	61	1784	23	3	0	1871
16133	1747	45	22	11	0	1825
16134	56	1767	9	6	0	1838
16135	1757	50	6	8	0	1821
16136	61	13	10	1731	0	1815
16137	19	13	1744	46	0	1822
16138	26	5	43	1731	0	1805
16139	22	4	15	1814	0	1855
16140	1768	2	14	61	0	1845
16141	51	6	1782	25	0	1864
16142	1745	1	45	26	0	1817
16143	61	1754	13	11	0	1839
16144	1758	47	13	10	0	1828
16145	64	14	9	1742	0	1829
16146	21	14	1719	52	0	1806
16147	28	10	53	1716	0	1807
16148	1754	6	17	52	0	1829
16149	58	14	11	1740	0	1823
16150	30	6	9	1748	0	1793
16151	24	1642	10	65	0	1741
16152	23	45	12	1699	0	1779
16153	12	12	1656	64	0	1744
16154	15	13	48	1673	0	1749
16155	19	7	16	1698	0	1740
16156	1647	5	13	70	0	1735
16157	59	9	10	1655	0	1733
16158	25	7	1614	66	0	1712
16159	27	1614	50	27	0	1718
16160	24	50	19	1630	0	1723
16161	30	16	12	1659	0	1717
16162	1632	19	10	71	0	1732
16163	66	1594	14	27	0	1701
16164	24	46	14	1651	0	1735
16165	1578	14	12	60	0	1664
16166	1642	17	13	31	0	1703
16167	70	12	8	1639	0	1729
16168	31	14	1625	76	0	1746
16169	1644	9	55	32	0	1740
16170	74	10	20	1695	0	1799
16171	1678	4	17	85	0	1784
16172	1707	4	15	43	0	1769
16173	81	1644	16	26	0	1767
16174	1663	54	6	29	0	1752
16175	79	1681	16	20	0	1796
16176	35	68	13	1645	0	1761
16177	31	19	10	1684	0	1744
16178	22	1640	11	85	0	1758
16179	1673	58	9	37	0	1777
16180	1686	26	11	33	0	1756
16181	77	23	1600	24	0	1724
16182	39	16	1604	22	0	1681
16183	42	8	62	1613	0	1725
16184	1621	11	25	73	0	1730
16185	71	12	20	1587	0	1690
16186	41	10	10	1631	0	1692
16187	35	9	1568	81	0	1693
16188	32	4	1604	40	0	1680
16189	26	10	1630	29	0	1695
16190	1544	22	69	25	0	1660
16191	1607	6	30	24	0	1667
16192	70	1534	20	23	0	1647
16193	30	1560	19	26	0	1635
16194	24	58	15	1566	0	1663
16195	23	22	1541	64	0	1650
16196	1522	21	53	33	0	1629
16197	66	13	1561	30	0	1670
16198	31	11	55	1534	0	1631
16199	23	10	23	1589	0	1645
16200	18	8	20	1608	0	1654
16201	20	6	16	1615	0	1657
16202	1568	3	14	85	0	1670
16203	64	3	12	1582	0	1661
16204	27	5	1498	66	0	1596
16205	1371	3	51	40	0	1465
16206	51	7	1397	26	0	1481
16207	34	5	1377	19	0	1435
16208	24	1343	61	21	0	1449
16209	33	33	33	1135	0	1234
16210	1136	14	18	32	0	1200
16211	31	11	11	1140	0	1193
16212	12	6	1144	36	0	1198
16213	14	2	32	1139	0	1187
16214	1125	5	13	40	0	1183
16215	31	1122	9	24	0	1186
16216	1121	23	7	21	0	1172
16217	32	1114	7	13	0	1166
16218	1039	34	6	11	0	1090
16219	35	1043	7	13	0	1098
16220	17	1055	8	7	0	1087
16221	15	32	1036	7	0	1090
16222	9	1031	26	11	0	1077
16223	910	17	18	12	0	957
16224	17	12	6	868	0	903
16225	862	3	5	24	0	894
16226	19	880	3	11	0	913
16227	860	19	4	8	0	891
16228	23	11	842	4	0	880
16229	16	5	15	849	0	885
16230	6	829	13	17	0	865
16231	5	17	5	871	0	898
16232	6	14	2	862	0	884
16233	1028	6	3	26	0	1063
16234	30	1042	4	11	0	1087
16235	1080	26	2	14	0	1122
16236	33	18	1081	9	0	1141
16237	18	9	1035	8	0	1070
16238	7	1043	46	6	0	1102
16239	12	26	20	1038	0	1096
16240	5	19	1043	25	0	1092
16241	12	7	28	1018	0	1065
16242	10	6	23	1070	0	1109
16243	6	2	1027	46	0	1081
16244	3	5	1055	23	0	1086
16245	10	4	1100	10	0	1124
16246	8	4	1096	7	0	1115
16247	4	1096	49	26	0	1175
16248	7	32	26	1119	0	1184
16249	2	22	16	1158	0	1198
16250	7	10	1117	49	0	1183
16251	10	4	36	1127	0	1177
16252	4	7	1182	41	0	1234
16253	10	3	39	1158	0	1210
16254	6	2	25	1172	0	1205
16255	6	1176	14	45	0	1241
16256	4	32	12	1200	0	1248
16257	6	22	10	1214	0	1252
16258	6	10	12	1215	0	1243
16259	12	5	1157	59	0	1233
16260	2	1154	33	41	0	1230
16261	1152	33	24	20	0	1229
16262	1152	20	14	16	0	1202
16263	51	9	5	1141	0	1206
16264	30	5	7	1147	0	1189
16265	13	1155	8	47	0	1223
16266	1131	32	5	29	0	1197
16267	34	1151	1	17	0	1203
16268	1122	25	5	10	0	1162
16269	29	17	1100	13	0	1159
16270	1044	6	28	9	0	1087
16271	28	1069	19	3	0	1119
16272	20	25	9	1087	0	1141
16273	15	21	2	1079	0	1117
16274	7	1073	5	37	0	1122
16275	1051	24	6	25	0	1106
16276	29	19	2	1079	0	1129
16277	19	11	4	1110	0	1144
16278	1094	8	7	43	0	1152
16279	1113	5	2	29	0	1149
16280	44	8	1090	11	0	1153
16281	1114	2	26	11	0	1153
16282	38	2	19	1116	0	1175
16283	24	4	1117	28	0	1173
16284	10	6	33	1111	0	1160
16285	7	5	1118	34	0	1164
16286	5	3	1127	25	0	1160
16287	7	4	46	1123	0	1180
16288	3	5	1121	37	0	1166
16289	2	1141	36	32	0	1211
16290	5	24	25	1151	0	1205
16291	11	15	14	1193	0	1233
16292	6	8	1179	44	0	1237
16293	6	1193	29	27	0	1255
16294	1165	26	17	24	0	1232
16295	26	20	12	1181	0	1239
16296	1189	13	8	36	0	1246
16297	30	1161	6	27	0	1224
16298	20	29	1158	14	0	1221
16299	14	17	34	1152	0	1217
16300	1148	13	23	35	0	1219
16301	31	10	1167	21	0	1229
16302	1149	6	37	17	0	1209
16303	36	1129	22	16	0	1203
16304	13	1138	14	12	0	1177
16305	1131	34	8	12	0	1185
16306	31	16	10	1148	0	1205
16307	21	6	12	1149	0	1188
16308	11	1199	10	40	0	1260
16309	8	27	10	1238	0	1283
16310	4	19	10	1252	0	1285
16311	1220	8	8	51	0	1287
16312	30	7	6	1234	0	1277
16313	18	7	1217	37	0	1279
16314	14	6	31	1226	0	1277
16315	10	6	19	1269	0	1304
16316	6	7	1253	45	0	1311
16317	12	4	27	1262	0	1305
16318	1234	5	17	47	0	1303
16319	1219	7	7	32	0	1265
16320	1240	6	5	21	0	1272
16321	46	6	5	1242	0	1299
16322	26	5	1237	38	0	1306
16323	14	1228	25	26	0	1293
16324	15	19	16	1252	0	1302
16325	12	17	1261	33	0	1323
16326	22	5	27	1252	0	1306
16327	10	6	19	1276	0	1311
16328	1246	4	9	53	0	1312
16329	22	1291	6	27	0	1346
16330	19	27	1272	13	0	1331
16331	1194	17	28	19	0	1258
16332	32	1249	17	10	0	1308
16333	5	1082	6	11	0	1104
16334	1092	16	10	9	0	1127
16335	20	5	3	1097	0	1125
16336	5	5	1258	18	0	1286
16337	10	1	17	1258	0	1286
16338	4	1257	5	22	0	1288
16339	1269	19	5	9	0	1302
16340	22	6	4	1307	0	1339
16341	1323	1	4	30	0	1358
16342	21	2	5	1320	0	1348
16343	8	1365	7	22	0	1402
16344	1384	23	2	12	0	1421
16345	1407	6	4	14	0	1431
16346	30	1419	6	7	0	1462
16347	1386	20	1	15	0	1422
16348	26	7	5	1356	0	1394
16349	9	1375	1	20	0	1405
16350	1375	24	0	12	0	1411
16351	21	1390	3	4	0	1418
16352	1347	20	0	13	0	1380
16353	24	9	1	1344	0	1378
16354	1361	1	2	27	0	1391
16355	1365	3	4	11	0	1383
16356	1366	3	3	14	0	1386
16357	31	1	4	1344	0	1380
16358	10	7	1	1376	0	1394
16359	1358	4	1	34	0	1397
16360	25	2	1384	6	0	1417
16361	11	3	19	1382	0	1415
16362	8	1404	5	21	0	1438
16363	9	21	2	1426	0	1458
16364	6	13	3	1428	0	1450
16365	9	3	1401	29	0	1442
16366	13	4	24	1466	0	1507
16367	5	1551	7	28	0	1591
16368	9	30	2	1557	0	1598
16369	6	12	1747	37	0	1802
16370	14	7	34	1773	0	1828
16371	16	3	15	1814	0	1848
16372	1766	4	5	60	0	1835
16373	1790	5	3	28	0	1826
16374	55	6	3	1749	0	1813
16375	22	1708	3	56	0	1789
16376	10	1743	5	35	0	1793
16377	12	45	1725	13	0	1795
16378	15	17	32	1719	0	1783
16379	1737	7	13	47	0	1804
16380	43	5	6	1766	0	1820
16381	16	6	1777	43	0	1842
16382	16	5	38	1765	0	1824
16383	9	3	12	1802	0	1826
16384	13	1	5	1837	0	1856
16385	6	2	1774	56	0	1838
16386	5	1777	39	20	0	1841
16387	1750	37	12	21	0	1820
16388	1751	14	5	15	0	1785
16389	57	3	4	1686	0	1750
16390	19	6	1707	58	0	1790
16391	10	1741	33	15	0	1799
16392	20	34	13	1638	0	1705
16393	13	1753	9	29	0	1804
16394	7	1797	4	20	0	1828
16395	1759	45	7	15	0	1826
16396	45	19	1775	10	0	1849
16397	20	7	1806	7	0	1840
16398	20	4	43	1776	0	1843
16399	13	8	17	1872	0	1910
16400	12	3	1860	48	0	1923
16401	13	2	37	1811	0	1863
16402	6	4	1850	44	0	1904
16403	1738	5	38	29	0	1810
16404	37	5	14	1816	0	1872
16405	16	6	1901	41	0	1964
16406	12	11	36	1807	0	1866
16407	7	2002	20	43	0	2072
16408	1985	34	7	29	0	2055
16409	38	2003	7	16	0	2064
16410	2019	38	9	17	0	2083
16411	38	17	1984	12	0	2051
16412	1976	11	33	17	0	2037
16413	51	6	15	2023	0	2095
16414	20	8	2057	40	0	2125
16415	17	6	33	2038	0	2094
16416	8	7	2042	43	0	2100
16417	1893	4	37	32	0	1966
16418	37	2048	21	15	0	2121
16419	22	32	11	1977	0	2042
16420	11	2090	10	37	0	2148
16421	2068	41	8	23	0	2140
16422	2077	13	9	23	0	2122
16423	48	2121	9	10	0	2188
16424	21	37	2	2121	0	2181
16425	12	20	6	2129	0	2167
16426	15	7	8	2118	0	2148
16427	2090	8	9	63	0	2170
16428	40	2094	2	26	0	2162
16429	23	34	5	2082	0	2144
16430	16	16	8	2096	0	2136
16431	2059	8	4	68	0	2139
16432	38	7	2022	23	0	2090
16433	19	11	1994	12	0	2036
16434	1906	3	48	20	0	1977
16435	38	10	1985	15	0	2048
16436	21	4	1786	11	0	1822
16437	16	3	46	1759	0	1824
16438	1810	2	25	40	0	1877
16439	34	5	14	1801	0	1854
16440	19	6	1791	32	0	1848
16441	1697	5	34	22	0	1758
16442	31	4	1754	12	0	1801
16443	16	1783	31	12	0	1842
16444	28	27	19	1862	0	1936
16445	1871	10	12	37	0	1930
16446	30	4	10	1872	0	1916
16447	19	5	7	1884	0	1915
16448	1904	5	4	43	0	1956
16449	29	5	4	1909	0	1947
16450	17	2	4	1955	0	1978
16451	10	5	1937	35	0	1987
16452	10	2	21	1942	0	1975
16453	1972	2	18	33	0	2025
16454	1973	2	7	22	0	2004
16455	1981	4	6	16	0	2007
16456	41	5	9	1933	0	1988
16457	18	1928	3	30	0	1979
16458	1944	24	4	18	0	1990
16459	31	1960	3	12	0	2006
16460	1942	23	6	12	0	1983
16461	29	15	4	1935	0	1983
16462	1920	6	7	26	0	1959
16463	1910	4	5	22	0	1941
16464	1916	5	3	18	0	1942
16465	32	1904	9	6	0	1951
16466	12	1815	6	11	0	1844
16467	1766	13	3	14	0	1796
16468	18	1807	4	4	0	1833
16469	3	1602	2	1	0	1608
16470	0	1594	0	1	0	1595
16471	1621	3	10	9	0	1643
16472	5	1	2	1622	0	1630
16473	4	0	0	1622	0	1626
16474	1634	0	0	21	0	1655
16475	6	1	1692	1	0	1700
16476	4	0	3	1853	0	1860
16477	2	0	1	1862	0	1865
16478	2	1	0	2051	0	2054
16479	4	2	0	2120	0	2126
16480	0	2114	4	40	0	2158
16481	2	2576	2	16	0	2596
16482	2621	55	0	13	0	2689
16483	55	19	1	2606	0	2681
16484	33	7	0	2663	0	2703
16485	12	13	2607	62	0	2694
16486	26	4	50	2614	0	2694
16487	1	7	2656	74	0	2738
16488	18	3	60	2654	0	2735
16489	2	1	2737	67	0	2807
16490	0	2664	70	41	0	2775
16491	12	57	30	2682	0	2781
16492	2687	22	13	80	0	2802
16493	2698	10	14	32	0	2754
16494	90	12	3	2642	0	2747
16495	32	7	2655	84	0	2778
16496	28	6	2625	28	0	2687
16497	2486	3	78	36	0	2603
16498	62	2582	33	24	0	2701
16499	2598	60	22	32	0	2712
16500	2624	19	24	21	0	2688
16501	95	19	2584	15	0	2713
16502	44	19	74	2538	0	2675
16503	45	6	24	2569	0	2644
16504	40	8	19	2694	0	2761
16505	25	9	20	2570	0	2624
16506	24	2	13	2553	0	2592
16507	13	5	2402	112	0	2532
16508	10	5	2392	65	0	2472
16509	15	4	83	2383	0	2485
16510	28	5	42	2436	0	2511
16511	25	5	34	2469	0	2533
16512	2384	12	22	114	0	2532
16513	84	15	16	2393	0	2508
16514	2375	5	10	110	0	2500
16515	102	6	8	2424	0	2540
16516	2451	4	10	110	0	2575
16517	2481	1	15	76	0	2573
16518	2477	1	19	47	0	2544
16519	2468	5	23	48	0	2544
16520	2491	8	14	42	0	2555
16521	124	8	13	2396	0	2541
16522	2392	12	11	98	0	2513
16523	105	2347	10	52	0	2514
16524	2418	65	8	49	0	2540
16525	101	23	17	2424	0	2565
16526	49	16	2390	108	0	2563
16527	39	13	83	2428	0	2563
16528	34	9	2410	114	0	2567
16529	44	7	91	2406	0	2548
16530	37	13	44	2489	0	2583
16531	35	10	2430	127	0	2602
16532	32	8	2476	59	0	2575
16533	36	5	96	2452	0	2589
16534	2446	7	38	118	0	2609
16535	101	8	2440	56	0	2605
16536	50	2421	89	52	0	2612
16537	40	70	2499	47	0	2656
16538	2459	25	98	42	0	2624
16539	99	15	54	2475	0	2643
16540	2489	21	29	114	0	2653
16541	2532	8	33	62	0	2635
16542	136	8	22	2479	0	2645
16543	55	10	2425	118	0	2608
16544	59	4	81	2380	0	2524
16545	42	6	34	2431	0	2513
16546	2289	4	36	149	0	2478
16547	87	2334	33	79	0	2533
16548	52	71	23	2365	0	2511
16549	42	23	2326	120	0	2511
16550	2259	19	93	63	0	2434
16551	95	2293	40	52	0	2480
16552	66	78	25	2333	0	2502
16553	41	28	32	2375	0	2476
16554	46	21	19	2404	0	2490
16555	2305	20	20	134	0	2479
16556	2369	8	17	80	0	2474
16557	127	9	20	2340	0	2496
16558	68	8	2293	116	0	2485
16559	52	2267	83	65	0	2467
16560	2283	70	40	52	0	2445
16561	2376	23	26	52	0	2477
16562	131	18	30	2289	0	2468
16563	70	17	22	2382	0	2491
16564	54	13	2351	128	0	2546
16565	34	2349	86	74	0	2543
16566	2421	82	34	67	0	2604
16567	2406	26	32	57	0	2521
16568	113	2368	27	37	0	2545
16569	2371	86	19	39	0	2515
16570	117	28	16	2374	0	2535
16571	58	16	2319	106	0	2499
16572	55	25	81	2359	0	2520
16573	47	9	2341	108	0	2505
16574	2272	5	86	77	0	2440
16575	88	2258	56	49	0	2451
16576	38	65	18	2105	0	2226
16577	25	20	2072	88	0	2205
16578	43	8	1969	31	0	2051
16579	1820	17	61	33	0	1931
16580	61	1812	28	32	0	1933
16581	1379	28	33	7	0	1447
16582	1337	8	14	19	0	1378
16583	1361	2	4	7	0	1374
16584	43	2	4	1320	0	1369
16585	12	1	1305	36	0	1354
16586	13	1307	30	10	0	1360
16587	9	34	9	1318	0	1370
16588	12	5	1354	29	0	1400
16589	11	4	1270	2	0	1287
16590	12	9	18	1264	0	1303
16591	5	2	1227	21	0	1255
16592	1224	1	19	9	0	1253
16593	22	2	6	1246	0	1276
16594	9	2	3	1284	0	1298
16595	1276	2	4	21	0	1303
16596	20	1262	4	4	0	1290
16597	1333	15	5	13	0	1366
16598	18	2	4	1345	0	1369
16599	9	3	5	1331	0	1348
16600	9	4	4	1344	0	1361
16601	11	3	2	1326	0	1342
16602	1298	1	5	25	0	1329
16603	20	4	1321	8	0	1353
16604	4	1297	17	7	0	1325
16605	8	15	4	1316	0	1343
16606	1268	2	3	22	0	1295
16607	1326	2	2	15	0	1345
16608	17	1330	4	5	0	1356
16609	1295	12	3	12	0	1322
16610	17	1314	5	4	0	1340
16611	5	1367	3	5	0	1380
16612	3	15	4	1369	0	1391
16613	7	2	1367	17	0	1393
16614	9	16	14	1332	0	1371
16615	1317	4	0	21	0	1342
16616	15	1323	4	5	0	1347
16617	4	17	4	1330	0	1355
16618	8	1	1494	16	0	1519
16619	1519	5	17	16	0	1557
16620	1579	3	4	12	0	1598
16621	1596	0	1	12	0	1609
16622	23	3	1543	3	0	1572
16623	1500	0	17	13	0	1530
16624	20	1533	4	3	0	1560
16625	7	17	2	1485	0	1511
16626	4	1527	0	19	0	1550
16627	1522	13	4	7	0	1546
16628	1490	5	3	5	0	1503
16629	21	2	1564	3	0	1590
16630	3	1535	12	3	0	1553
16631	4	16	3	1520	0	1543
16632	5	2	0	1524	0	1531
16633	4	3	1	1509	0	1517
16634	8	1	3	1474	0	1486
16635	1	5	2	1526	0	1534
16636	5	1	1506	18	0	1530
16637	4	1478	16	6	0	1504
16638	1479	18	3	13	0	1513
16639	21	4	1522	5	0	1552
16640	5	1538	20	6	0	1569
16641	1541	20	1	7	0	1569
16642	19	3	1583	2	0	1607
16643	1538	1	18	6	0	1563
16644	1555	3	2	14	0	1574
16645	1557	0	4	6	0	1567
16646	21	1588	2	0	0	1611
16647	8	22	1546	1	0	1577
16648	3	1547	21	4	0	1575
16649	10	22	5	1353	0	1390
16650	5	1557	3	17	0	1582
16651	1547	18	3	11	0	1579
16652	1590	2	3	9	0	1604
16653	1545	1	3	11	0	1560
16654	38	1	1570	1	0	1610
16655	4	1613	23	8	0	1648
16656	10	27	7	1754	0	1798
16657	1918	10	3	33	0	1964
16658	40	1924	4	6	0	1974
16659	26	36	2	1932	0	1996
16660	8	18	1974	32	0	2032
16661	1920	8	48	20	0	1996
16662	47	8	2144	6	0	2205
16663	18	8	2179	8	0	2213
16664	2004	3	66	13	0	2086
16665	62	3	2070	7	0	2142
16666	1959	8	54	11	0	2032
16667	43	1990	39	7	0	2079
16668	2033	47	12	12	0	2104
16669	56	23	16	2006	0	2101
16670	51	3	10	1991	0	2055
16671	17	15	12	2065	0	2109
16672	2011	5	11	72	0	2099
16673	2012	2	16	36	0	2066
16674	2032	9	8	27	0	2076
16675	78	1950	8	16	0	2052
16676	47	50	8	1991	0	2096
16677	27	37	1962	54	0	2080
16678	28	4	52	1932	0	2016
16679	23	1912	25	55	0	2015
16680	20	46	12	1953	0	2031
16681	29	26	18	1953	0	2026
16682	1924	14	7	90	0	2035
16683	73	12	4	1955	0	2044
16684	35	12	1920	68	0	2035
16685	16	7	1919	53	0	1995
16686	34	9	76	1920	0	2039
16687	1908	6	29	80	0	2023
16688	62	11	19	1911	0	2003
16689	42	7	21	1947	0	2017
16690	22	10	1897	90	0	2019
16691	24	1879	53	51	0	2007
16692	29	45	33	1889	0	1996
16693	1868	25	15	83	0	1991
16694	58	1871	21	44	0	1994
16695	48	53	15	1901	0	2017
16696	20	27	1896	84	0	2027
16697	36	18	57	1831	0	1942
16698	1790	17	30	84	0	1921
16699	52	1796	16	52	0	1916
16700	37	56	1823	23	0	1939
16701	22	35	56	1808	0	1921
16702	25	10	1824	69	0	1928
16703	1771	16	61	49	0	1897
16704	1815	9	46	36	0	1906
16705	81	13	1800	35	0	1929
16706	44	14	64	1784	0	1906
16707	28	11	1821	63	0	1923
16708	34	1772	59	42	0	1907
16709	19	55	50	1805	0	1929
16710	14	28	1810	79	0	1931
16711	26	3	71	1710	0	1810
16712	21	1778	40	63	0	1902
16713	30	53	16	1818	0	1917
16714	20	28	1782	64	0	1894
16715	1701	13	56	65	0	1835
16716	53	1783	45	31	0	1912
16717	1806	56	25	36	0	1923
16718	63	30	1670	24	0	1787
16719	1635	12	62	30	0	1739
16720	66	21	1647	26	0	1760
16721	1627	17	57	25	0	1726
16722	1664	10	50	33	0	1757
16723	84	18	22	1631	0	1755
16724	54	12	28	1686	0	1780
16725	1636	25	29	79	0	1769
16726	75	1663	22	46	0	1806
16727	1713	50	29	40	0	1832
16728	82	28	20	1692	0	1822
16729	59	1676	34	59	0	1828
16730	42	64	22	1755	0	1883
16731	44	32	27	1824	0	1927
16732	32	6	26	1822	0	1886
16733	28	1774	26	83	0	1911
16734	1809	57	12	51	0	1929
16735	71	31	12	1807	0	1921
16736	50	11	1755	72	0	1888
16737	27	28	1708	55	0	1818
16738	35	17	1734	38	0	1824
16739	1701	11	63	49	0	1824
16740	1739	17	43	38	0	1837
16741	81	15	1686	30	0	1812
16742	49	15	57	1586	0	1707
16743	41	17	34	1631	0	1723
16744	33	12	1668	79	0	1792
16745	21	15	1662	46	0	1744
16746	21	11	73	1691	0	1796
16747	1691	9	45	74	0	1819
16748	1675	12	28	50	0	1765
16749	1701	10	28	28	0	1767
16750	71	1616	20	45	0	1752
16751	45	1704	27	31	0	1807
16752	36	45	21	1662	0	1764
16753	1651	28	21	58	0	1758
16754	52	18	1618	33	0	1721
16755	1505	27	43	28	0	1603
16756	42	1412	28	28	0	1510
16757	26	1262	6	19	0	1313
16758	1237	30	13	16	0	1296
16759	32	1230	14	8	0	1284
16760	24	1193	12	6	0	1235
16761	1147	34	44	28	0	1253
16762	14	1082	0	6	0	1102
16763	7	10	1	1063	0	1081
16764	6	3	3	1066	0	1078
16765	1078	3	2	20	0	1103
16766	1063	2	3	5	0	1073
16767	17	1071	3	4	0	1095
16768	5	1142	0	3	0	1150
16769	6	17	1125	6	0	1154
16770	1134	16	16	4	0	1170
16771	1179	5	1	7	0	1192
16772	1204	1	2	6	0	1213
16773	18	2	1	1235	0	1256
16774	9	2	3	1288	0	1302
16775	1356	0	3	18	0	1377
16776	17	3	2	1355	0	1377
16777	7	3	1346	15	0	1371
16778	9	4	10	1330	0	1353
16779	3	1339	6	17	0	1365
16780	6	12	5	1351	0	1374
16781	15	9	2	1386	0	1412
16782	7	4	1	1418	0	1430
16783	1388	1	4	24	0	1417
16784	28	1392	1	12	0	1433
16785	16	15	1	1407	0	1439
16786	10	8	1391	26	0	1435
16787	12	6	1345	20	0	1383
16788	5	6	19	1366	0	1396
16789	10	2	16	1380	0	1408
16790	1370	4	4	39	0	1417
16791	19	8	5	1355	0	1387
16792	14	1352	6	25	0	1397
16793	2	23	1403	22	0	1450
16794	14	10	17	1419	0	1460
16795	15	4	1474	24	0	1517
16796	7	13	20	1479	0	1519
16797	1472	2	12	37	0	1523
16798	1485	7	11	23	0	1526
16799	24	1471	14	18	0	1527
16800	16	15	6	1511	0	1548
16801	1550	13	9	32	0	1604
16802	1588	2	8	27	0	1625
16803	1611	5	2	23	0	1641
16804	1598	11	6	11	0	1626
16805	1589	4	11	13	0	1617
16806	29	1567	7	12	0	1615
16807	1582	20	12	7	0	1621
16808	21	12	1582	14	0	1629
16809	24	1	18	1585	0	1628
16810	1607	1	9	27	0	1644
16811	1593	10	3	18	0	1624
16812	1561	6	4	14	0	1585
16813	41	3	1560	6	0	1610
16814	29	5	19	1575	0	1628
16815	1614	5	11	23	0	1653
16816	39	1601	2	11	0	1653
16817	1683	16	5	10	0	1714
16818	1656	19	1	12	0	1688
16819	1684	5	2	7	0	1698
16820	36	8	8	1698	0	1750
16821	1736	4	3	29	0	1772
16822	33	3	1708	16	0	1760
16823	25	7	1687	13	0	1732
16824	1704	4	33	17	0	1758
16825	25	10	1745	6	0	1786
16826	1649	2	21	19	0	1691
16827	33	2	1696	5	0	1736
16828	21	11	21	1665	0	1718
16829	1633	1	13	33	0	1680
16830	35	1645	7	16	0	1703
16831	1660	19	7	14	0	1700
16832	29	1611	6	13	0	1659
16833	28	1672	4	9	0	1713
16834	14	27	17	1716	0	1774
16835	14	18	12	1735	0	1779
16836	17	9	10	1748	0	1784
16837	7	2	1713	38	0	1760
16838	1665	3	19	26	0	1713
16839	1794	7	25	12	0	1838
16840	1808	3	9	20	0	1840
16841	1825	6	8	12	0	1851
16842	1819	12	7	14	0	1852
16843	52	6	1730	13	0	1801
16844	30	14	1750	8	0	1802
16845	17	12	29	1789	0	1847
16846	13	5	1788	28	0	1834
16847	1737	10	20	28	0	1795
16848	29	1847	16	18	0	1910
16849	27	21	16	1968	0	2032
16850	2005	15	4	32	0	2056
16851	57	7	3	2015	0	2082
16852	34	5	2046	29	0	2114
16853	26	2	2033	23	0	2084
16854	29	3	45	2102	0	2179
16855	12	2	2149	34	0	2197
16856	2067	2	40	24	0	2133
16857	44	6	27	2101	0	2178
16858	30	3	2135	35	0	2203
16859	23	2138	33	24	0	2218
16860	17	35	24	2168	0	2244
16861	12	22	2223	40	0	2297
16862	23	5	31	2142	0	2201
16863	12	6	29	2179	0	2226
16864	7	4	2213	55	0	2279
16865	22	2	37	2185	0	2246
16866	16	1	30	2140	0	2187
16867	16	3	25	2224	0	2268
16868	2108	5	15	68	0	2196
16869	31	2077	10	47	0	2165
16870	29	2129	10	17	0	2185
16871	6	47	2086	11	0	2150
16872	1988	20	32	14	0	2054
16873	30	7	2032	12	0	2081
16874	20	6	1992	6	0	2024
16875	13	6	38	1891	0	1948
16876	1924	2	21	36	0	1983
16877	26	1926	7	28	0	1987
16878	1935	23	6	16	0	1980
16879	1934	16	6	12	0	1968
16880	38	1970	3	5	0	2016
16881	1947	22	4	11	0	1984
16882	1902	16	7	11	0	1936
16883	37	1930	7	4	0	1978
16884	27	18	7	1903	0	1955
16885	15	14	4	1945	0	1978
16886	2014	6	5	39	0	2064
16887	25	2034	3	23	0	2085
16888	2104	25	3	23	0	2155
16889	2125	18	4	11	0	2158
16890	2236	6	3	14	0	2259
16891	48	7	4	2187	0	2246
16892	32	7	6	2216	0	2261
16893	2186	2	2	51	0	2241
16894	2235	2	2	29	0	2268
16895	2220	0	2	19	0	2241
16896	46	5	3	2293	0	2347
16897	22	5	2291	39	0	2357
16898	23	4	32	2301	0	2360
16899	23	2	14	2482	0	2521
16900	17	4	2431	53	0	2505
16901	8	5	2661	27	0	2701
16902	14	3	79	2666	0	2762
16903	7	5	2681	69	0	2762
16904	2687	1	70	43	0	2801
16905	79	4	33	2715	0	2831
16906	37	3	15	2824	0	2879
16907	2883	2	11	105	0	3001
16908	78	4	13	2867	0	2962
16909	50	1	12	2912	0	2975
16910	29	4	12	2954	0	2999
16911	18	4	13	2958	0	2993
16912	20	4	2852	104	0	2980
16913	16	3	63	2884	0	2966
16914	15	8	2792	88	0	2903
16915	14	2810	75	49	0	2948
16916	17	58	21	2816	0	2912
16917	12	26	2729	83	0	2850
16918	2583	10	68	52	0	2713
16919	64	2684	34	35	0	2817
16920	2714	64	23	30	0	2831
16921	89	22	16	2602	0	2729
16922	36	2687	18	67	0	2808
16923	2690	62	9	52	0	2813
16924	63	2738	15	31	0	2847
16925	2756	66	18	24	0	2864
16926	86	28	6	2732	0	2852
16927	2757	19	12	74	0	2862
16928	80	2793	12	37	0	2922
16929	2809	70	4	45	0	2928
16930	86	28	2737	19	0	2870
16931	51	14	67	2763	0	2895
16932	2743	13	28	86	0	2870
16933	2785	18	15	44	0	2862
16934	110	7	16	2728	0	2861
16935	47	9	2724	81	0	2861
16936	29	2612	70	47	0	2758
16937	32	2804	32	21	0	2889
16938	2800	84	23	37	0	2944
16939	85	34	13	2772	0	2904
16940	54	10	18	2832	0	2914
16941	2770	10	15	107	0	2902
16942	2768	16	12	60	0	2856
16943	101	10	2754	31	0	2896
16944	55	11	71	2754	0	2891
16945	30	9	2724	84	0	2847
16946	26	2709	67	48	0	2850
16947	2621	56	32	44	0	2753
16948	73	2605	20	35	0	2733
16949	38	2678	9	31	0	2756
16950	41	78	23	2589	0	2731
16951	2545	29	18	72	0	2664
16952	64	2550	10	48	0	2672
16953	2532	60	15	37	0	2644
16954	72	2522	11	22	0	2627
16955	40	71	12	2510	0	2633
16956	2503	29	14	69	0	2615
16957	68	29	2530	30	0	2657
16958	44	17	57	2515	0	2633
16959	31	19	2499	68	0	2617
16960	28	2377	61	44	0	2510
16961	24	2509	26	30	0	2589
16962	2426	79	24	27	0	2556
16963	70	2489	14	39	0	2612
16964	2513	63	12	39	0	2627
16965	2559	30	17	29	0	2635
16966	83	19	2470	29	0	2601
16967	2463	15	63	28	0	2569
16968	78	25	2533	15	0	2651
16969	40	2554	60	21	0	2675
16970	2562	72	30	28	0	2692
16971	73	2536	26	21	0	2656
16972	53	66	13	2543	0	2675
16973	2578	29	17	70	0	2694
16974	81	13	19	2568	0	2681
16975	55	16	2590	72	0	2733
16976	27	16	68	2597	0	2708
16977	32	26	28	2662	0	2748
16978	2612	21	16	87	0	2736
16979	73	30	2587	42	0	2732
16980	2610	21	63	35	0	2729
16981	2690	16	26	35	0	2767
16982	101	18	22	2647	0	2788
16983	57	21	15	2691	0	2784
16984	2634	16	16	98	0	2764
16985	77	2683	24	41	0	2825
16986	59	59	11	2625	0	2754
16987	42	32	2581	63	0	2718
16988	37	19	2447	46	0	2549
16989	29	2557	64	32	0	2682
16990	32	63	29	2444	0	2568
16991	27	30	15	2500	0	2572
16992	2463	22	8	77	0	2570
16993	69	21	19	2426	0	2535
16994	2345	19	11	70	0	2445
16995	70	2302	13	28	0	2413
16996	30	2289	10	29	0	2358
16997	26	2378	8	23	0	2435
16998	2316	49	20	36	0	2421
16999	2124	20	11	30	0	2185
17000	62	2095	15	26	0	2198
17001	1772	12	0	13	0	1797
17002	13	1749	7	6	0	1775
17003	8	19	4	1728	0	1759
17004	7	1754	6	9	0	1776
17005	1761	15	4	8	0	1788
17006	1744	9	0	15	0	1768
17007	20	6	2	1656	0	1684
17008	1677	6	1	11	0	1695
17009	14	3	1	1681	0	1699
17010	7	1722	2	13	0	1744
17011	11	16	5	1715	0	1747
17012	8	1732	3	11	0	1754
17013	1713	9	3	14	0	1739
17014	16	8	1685	1	0	1710
17015	1628	0	9	10	0	1647
17016	11	7	3	1703	0	1724
17017	8	1	1691	13	0	1713
17018	1653	7	5	10	0	1675
17019	10	3	1733	6	0	1752
17020	9	4	10	1681	0	1704
17021	11	5	5	1693	0	1714
17022	8	2	2	1681	0	1693
17023	9	2	4	1674	0	1689
17024	5	1630	6	17	0	1658
17025	10	12	5	1747	0	1774
17026	1759	4	1	20	0	1784
17027	14	2	1742	13	0	1771
17028	9	1856	13	11	0	1889
17029	1899	19	7	12	0	1937
17030	1977	14	3	6	0	2000
17031	38	7	3	2238	0	2286
17032	21	5	2211	43	0	2280
17033	18	4	41	2200	0	2263
17034	12	6	22	2337	0	2377
17035	10	3	2345	64	0	2422
17036	8	2364	48	35	0	2455
17037	2396	63	27	21	0	2507
17038	2399	28	14	18	0	2459
17039	2449	13	4	16	0	2482
17040	100	4	3	2381	0	2488
17041	50	4	5	2524	0	2583
17042	2554	6	3	84	0	2647
17043	70	7	4	2451	0	2532
17044	43	2497	5	70	0	2615
17045	2595	53	6	45	0	2699
17046	2667	32	6	41	0	2746
17047	2832	16	7	27	0	2882
17048	2851	9	5	28	0	2893
17049	131	4	2646	18	0	2799
17050	62	11	2672	15	0	2760
17051	52	8	99	2646	0	2805
17052	39	11	44	2733	0	2827
17053	31	6	2665	112	0	2814
17054	32	7	2681	52	0	2772
17055	29	6	104	2643	0	2782
17056	2661	7	47	90	0	2805
17057	102	3	28	2600	0	2733
17058	54	11	2603	99	0	2767
17059	34	2581	81	54	0	2750
17060	2603	73	51	35	0	2762
17061	2641	36	27	35	0	2739
17062	2659	19	21	28	0	2727
17063	2655	14	19	28	0	2716
17064	146	3	2487	22	0	2658
17065	80	8	90	2483	0	2661
17066	2520	9	48	96	0	2673
17067	112	6	30	2532	0	2680
17068	77	4	29	2435	0	2545
17069	43	2392	23	115	0	2573
17070	51	68	18	2472	0	2609
17071	2431	38	12	120	0	2601
17072	111	2426	24	53	0	2614
17073	2440	81	19	49	0	2589
17074	110	2435	15	36	0	2596
17075	88	100	11	2266	0	2465
17076	50	2310	25	91	0	2476
17077	51	2413	15	60	0	2539
17078	2371	107	13	52	0	2543
17079	106	47	2305	40	0	2498
17080	63	28	2250	39	0	2380
17081	51	30	2258	38	0	2377
17082	2154	21	122	54	0	2351
17083	100	2204	68	35	0	2407
17084	64	2302	36	43	0	2445
17085	2157	107	25	50	0	2339
17086	107	2150	28	33	0	2318
17087	70	2227	11	42	0	2350
17088	61	125	20	2183	0	2389
17089	51	74	2152	100	0	2377
17090	59	46	2206	56	0	2367
17091	55	46	114	2162	0	2377
17092	2152	29	67	111	0	2359
17093	112	2179	45	60	0	2396
17094	75	90	32	2212	0	2409
17095	64	58	2183	97	0	2402
17096	57	45	2135	61	0	2298
17097	61	35	115	2063	0	2274
17098	2066	36	69	120	0	2291
17099	2137	39	42	69	0	2287
17100	145	25	2045	56	0	2271
17101	2076	31	107	48	0	2262
17102	127	39	2047	47	0	2260
17103	87	27	117	1974	0	2205
17104	73	2005	72	100	0	2250
17105	2059	97	63	67	0	2286
17106	111	55	43	2086	0	2295
17107	101	36	39	2078	0	2254
17108	73	26	45	2150	0	2294
17109	66	19	43	2155	0	2283
17110	53	23	1985	154	0	2215
17111	57	1946	116	83	0	2202
17112	43	84	70	2024	0	2221
17113	1990	51	40	126	0	2207
17114	127	38	50	2009	0	2224
17115	85	19	43	2066	0	2213
17116	69	36	1931	146	0	2182
17117	62	35	1934	94	0	2125
17118	48	1848	119	84	0	2099
17119	50	1958	75	60	0	2143
17120	52	118	52	1918	0	2140
17121	1899	54	44	135	0	2132
17122	102	43	1843	93	0	2081
17123	82	1878	92	56	0	2108
17124	66	92	53	1814	0	2025
17125	47	1845	42	99	0	2033
17126	50	110	39	1757	0	1956
17127	36	1790	37	118	0	1981
17128	50	87	26	1641	0	1804
17129	1583	57	19	91	0	1750
17130	78	1459	17	61	0	1615
17131	33	54	18	1183	0	1288
17132	1179	24	14	64	0	1281
17133	62	1147	13	36	0	1258
17134	18	1020	10	35	0	1083
17135	21	1037	9	24	0	1091
17136	11	48	17	917	0	993
17137	9	21	9	918	0	957
17138	12	886	6	38	0	942
17139	9	40	7	888	0	944
17140	18	11	879	42	0	950
17141	10	848	29	15	0	902
17142	10	59	7	745	0	821
17143	4	787	6	28	0	825
17144	4	25	797	9	0	835
17145	5	776	20	15	0	816
17146	626	14	3	5	0	648
17147	9	3	2	615	0	629
17148	610	1	3	14	0	628
17149	8	2	611	5	0	626
17150	3	0	7	626	0	636
17151	2	2	645	9	0	658
17152	4	1	8	632	0	645
17153	652	0	3	15	0	670
17154	14	1	0	653	0	668
17155	643	1	1	15	0	660
17156	9	677	1	7	0	694
17157	686	8	4	5	0	703
17158	11	4	682	2	0	699
17159	4	747	9	3	0	763
17160	6	7	3	757	0	773
17161	11	2	1	764	0	778
17162	2	3	753	7	0	765
17163	3	769	7	4	0	783
17164	3	7	2	769	0	781
17165	0	786	2	6	0	794
17166	2	9	0	767	0	778
17167	1	772	0	8	0	781
17168	763	8	2	3	0	776
17169	5	2	2	782	0	791
17170	4	4	777	5	0	790
17171	0	796	4	4	0	804
17172	1	821	2	3	0	827
17173	3	10	800	0	0	813
17174	1	821	6	3	0	831
17175	3	4	1	830	0	838
17176	1	3	856	6	0	866
17177	4	1	4	847	0	856
17178	3	1	2	849	0	855
17179	1	2	871	5	0	879
17180	839	4	5	5	0	853
17181	4	2	1	902	0	909
17182	2	1	993	7	0	1003
17183	3	1017	5	3	0	1028
17184	1025	5	3	4	0	1037
17185	4	1007	2	2	0	1015
17186	3	4	1	1026	0	1034
17187	1026	1	0	8	0	1035
17188	5	1	1	1026	0	1033
17189	1	2	1078	5	0	1086
17190	6	1	4	1069	0	1080
17191	1	2	1074	5	0	1082
17192	1038	0	6	2	0	1046
17193	5	3	1059	1	0	1068
17194	1063	0	5	4	0	1072
17195	1075	0	4	5	0	1084
17196	5	1	1114	3	0	1123
17197	4	3	1055	1	0	1063
17198	3	1128	6	2	0	1139
17199	1162	5	2	5	0	1174
17200	6	2	0	1203	0	1211
17201	4	2	1	1195	0	1202
17202	1366	1	1	12	0	1380
17203	1408	2	2	11	0	1423
17204	1426	1	1	6	0	1434
17205	1430	0	1	5	0	1436
17206	6	2	2	1430	0	1440
17207	1460	2	1	14	0	1477
17208	9	2	1	1477	0	1489
17209	4	2	2	1466	0	1474
17210	3	3	1	1501	0	1508
17211	2	3	1485	10	0	1500
17212	3	1452	6	7	0	1468
17213	3	1474	2	6	0	1485
17214	2	5	6	1506	0	1519
17215	1494	4	1	12	0	1511
17216	6	3	2	1487	0	1498
17217	1481	2	4	15	0	1502
17218	9	4	1575	2	0	1590
17219	1524	4	5	8	0	1541
17220	9	1	3	1654	0	1667
17221	1683	1	4	16	0	1704
17222	1693	2	1	12	0	1708
17223	1715	1	4	8	0	1728
17224	13	1	3	1732	0	1749
17225	7	3	1710	8	0	1728
17226	6	2	8	1709	0	1725
17227	1736	2	6	12	0	1756
17228	10	5	1934	2	0	1951
17229	10	5	6	2026	0	2047
17230	2092	1	5	20	0	2118
17231	14	6	2116	5	0	2141
17232	2205	4	13	16	0	2238
17233	2307	2	6	17	0	2332
17234	21	4	5	2303	0	2333
17235	7	3	6	2365	0	2381
17236	2364	2	3	31	0	2400
17237	22	4	2	2451	0	2479
17238	2434	1	1	37	0	2473
17239	21	2431	6	12	0	2470
17240	13	2472	3	11	0	2499
17241	6	24	2	2475	0	2507
17242	5	10	2543	23	0	2581
17243	2	2579	21	9	0	2611
17244	2481	28	4	23	0	2536
17245	26	2463	7	8	0	2504
17246	5	28	2443	3	0	2479
17247	22	9	20	2358	0	2409
17248	6	8	2501	23	0	2538
17249	2	2570	27	7	0	2606
17250	4	28	8	2565	0	2605
17251	3	2545	7	22	0	2577
17252	2	30	2548	5	0	2585
17253	7	8	25	2503	0	2543
17254	4	6	2570	24	0	2604
17255	5	4	31	2519	0	2559
17256	2539	4	7	41	0	2591
17257	23	6	2532	11	0	2572
17258	2399	2	27	23	0	2451
17259	28	1	2508	9	0	2546
17260	13	2	29	2481	0	2525
17261	6	4	2587	22	0	2619
17262	16	5	26	2580	0	2627
17263	9	2	11	2613	0	2635
17264	5	1	11	2569	0	2586
17265	4	3	5	2607	0	2619
17266	2	2	2769	38	0	2811
17267	2679	2	20	30	0	2731
17268	27	1	9	2949	0	2986
17269	2963	2	9	34	0	3008
17270	3022	2	9	19	0	3052
17271	3019	3	2	25	0	3049
17272	39	0	3	3062	0	3104
17273	17	4	4	3139	0	3164
17274	12	3466	6	36	0	3520
17275	3816	46	0	29	0	3891
17276	3993	11	4	32	0	4040
17277	4056	10	3	29	0	4098
17278	95	11	4090	2	0	4198
17279	59	4	65	4060	0	4188
17280	37	6	4068	71	0	4182
17281	4024	2	81	36	0	4143
17282	4078	1	33	35	0	4147
17283	101	2	22	4030	0	4155
17284	57	3	18	3967	0	4045
17285	35	4140	12	79	0	4266
17286	4122	63	6	64	0	4255
17287	4164	22	9	40	0	4235
17288	97	4115	11	20	0	4243
17289	4170	71	10	34	0	4285
17290	107	22	11	4182	0	4322
17291	57	20	9	4230	0	4316
17292	4238	13	8	100	0	4359
17293	96	6	4192	45	0	4339
17294	4194	10	67	61	0	4332
17295	4327	8	20	51	0	4406
17296	102	4219	15	22	0	4358
17297	4284	71	14	26	0	4395
17298	117	33	4205	6	0	4361
17299	78	25	64	4210	0	4377
17300	4226	18	27	84	0	4355
17301	112	7	18	4218	0	4355
17302	46	12	4111	91	0	4260
17303	55	6	78	3980	0	4119
17304	42	4567	42	86	0	4737
17305	41	80	28	4669	0	4818
17306	57	27	20	4754	0	4858
17307	52	22	11	4652	0	4737
17308	41	20	12	4735	0	4808
17309	25	15	4677	136	0	4853
17310	30	16	74	4697	0	4817
17311	4694	13	29	127	0	4863
17312	89	4662	24	66	0	4841
17313	45	81	21	4804	0	4951
17314	34	34	4836	109	0	5013
17315	39	23	80	4863	0	5005
17316	4879	15	31	139	0	5064
17317	4924	9	23	80	0	5036
17318	4821	10	29	46	0	4906
17319	141	8	19	4819	0	4987
17320	78	13	4750	91	0	4932
17321	56	4716	75	50	0	4897
17322	4800	75	34	64	0	4973
17323	99	27	35	4770	0	4931
17324	64	17	25	4846	0	4952
17325	56	19	4772	121	0	4968
17326	42	4694	77	72	0	4885
17327	37	4908	39	55	0	5039
17328	40	119	31	4653	0	4843
17329	29	44	4602	97	0	4772
17330	4301	34	75	76	0	4486
17331	87	26	4494	53	0	4660
17332	4252	16	77	64	0	4409
17333	91	4618	43	49	0	4801
17334	48	69	4596	37	0	4750
17335	4419	38	81	45	0	4583
17336	91	4542	40	24	0	4697
17337	4716	81	20	48	0	4865
17338	87	39	4751	23	0	4900
17339	60	4782	79	29	0	4950
17340	4796	63	45	39	0	4943
17341	104	26	4717	26	0	4873
17342	4678	22	65	30	0	4795
17343	94	20	42	4709	0	4865
17344	4798	15	32	80	0	4925
17345	87	24	31	4772	0	4914
17346	4754	26	15	87	0	4882
17347	97	19	4811	45	0	4972
17348	62	11	69	4841	0	4983
17349	38	15	32	4845	0	4930
17350	45	22	4804	91	0	4962
17351	31	19	79	4794	0	4923
17352	41	4025	75	91	0	4232
17353	31	64	24	5066	0	5185
17354	30	29	29	5344	0	5432
17355	42	13	21	5686	0	5762
17356	24	26	5659	170	0	5879
17357	5512	13	128	102	0	5755
17358	147	17	52	5970	0	6186
17359	64	18	6086	154	0	6322
17360	5898	8	155	108	0	6169
17361	6209	16	67	78	0	6370
17362	6367	26	42	53	0	6488
17363	253	11	32	6192	0	6488
17364	129	21	24	6801	0	6975
17365	92	11	25	6705	0	6833
17366	62	6586	34	279	0	6961
17367	6547	176	25	130	0	6878
17368	6622	62	23	97	0	6804
17369	287	38	17	6500	0	6842
17370	135	30	6387	216	0	6768
17371	89	21	6443	108	0	6661
17372	65	6176	260	72	0	6573
17373	52	6456	104	72	0	6684
17374	5788	231	86	101	0	6206
17375	164	5708	31	36	0	5939
17376	5578	158	21	44	0	5801
17377	5614	60	7	46	0	5727
17378	5626	29	13	32	0	5700
17379	242	20	14	5475	0	5751
17380	115	19	7	5918	0	6059
17381	5990	16	13	243	0	6262
17382	222	17	14	6119	0	6372
17383	83	25	6093	215	0	6416
17384	6076	15	182	94	0	6367
17385	236	20	61	6080	0	6397
17386	110	16	33	6217	0	6376
17387	75	23	29	6324	0	6451
17388	51	22	6095	261	0	6429
17389	5648	23	181	137	0	5989
17390	221	20	6059	67	0	6367
17391	117	20	208	5992	0	6337
17392	67	21	6152	208	0	6448
17393	77	10	210	5990	0	6287
17394	64	12	81	6198	0	6355
17395	51	16	6128	278	0	6473
17396	72	12	214	5743	0	6041
17397	44	6106	85	220	0	6455
17398	6139	191	45	129	0	6504
17399	6305	62	35	108	0	6510
17400	301	33	47	6170	0	6551
17401	128	31	6216	249	0	6624
17402	74	5946	222	115	0	6357
17403	71	6332	89	79	0	6571
17404	5719	243	63	96	0	6121
17405	231	87	5644	75	0	6037
17406	5608	42	224	80	0	5954
17407	266	28	86	5639	0	6019
17408	116	25	59	5834	0	6034
17409	5531	17	53	317	0	5918
17410	237	5551	32	163	0	5983
17411	98	208	5616	99	0	6021
17412	98	64	228	5511	0	5901
17413	63	49	5623	237	0	5972
17414	66	5486	239	115	0	5906
17415	69	211	103	5537	0	5920
17416	5462	86	60	293	0	5901
17417	5597	55	70	145	0	5867
17418	301	52	5450	90	0	5893
17419	134	5438	229	80	0	5881
17420	5439	214	95	94	0	5842
17421	262	5494	74	77	0	5907
17422	147	243	51	5398	0	5839
17423	5410	84	43	261	0	5798
17424	265	60	48	5442	0	5815
17425	114	46	5315	277	0	5752
17426	87	52	227	5347	0	5713
17427	75	62	5277	271	0	5685
17428	105	42	244	5264	0	5655
17429	5234	33	91	311	0	5669
17430	242	5231	96	141	0	5710
17431	5250	219	63	117	0	5649
17432	267	87	59	5211	0	5624
17433	148	76	51	5243	0	5518
17434	108	66	4704	333	0	5211
17435	87	56	5190	151	0	5484
17436	81	5042	282	122	0	5527
17437	82	217	4941	96	0	5336
17438	4617	95	266	114	0	5092
17439	255	4826	123	75	0	5279
17440	117	4987	84	99	0	5287
17441	94	5069	75	82	0	5320
17442	98	295	60	4845	0	5298
17443	74	124	4881	267	0	5346
17444	67	4870	239	136	0	5312
17445	83	232	105	4575	0	4995
17446	81	4924	73	233	0	5311
17447	4771	249	71	144	0	5235
17448	4925	107	64	116	0	5212
17449	304	70	75	4774	0	5223
17450	145	68	56	4865	0	5134
17451	4587	57	66	307	0	5017
17452	254	4460	57	151	0	4922
17453	116	4597	68	120	0	4901
17454	109	255	47	4083	0	4494
17455	62	80	3829	202	0	4173
17456	46	3760	174	90	0	4070
17457	3448	188	76	92	0	3804
17458	158	3348	54	66	0	3626
17459	59	3363	42	56	0	3520
17460	3114	162	42	46	0	3364
17461	141	3177	42	37	0	3397
17462	51	142	3052	52	0	3297
17463	41	3074	127	42	0	3284
17464	2443	106	37	40	0	2626
17465	88	2474	25	19	0	2606
17466	2446	95	23	34	0	2598
17467	92	36	25	2420	0	2573
17468	50	37	19	2477	0	2583
17469	31	41	2425	99	0	2596
17470	26	2457	75	50	0	2608
17471	36	84	23	2468	0	2611
17472	2427	36	27	94	0	2584
17473	2451	32	24	53	0	2560
17474	90	2480	17	37	0	2624
17475	45	93	18	2458	0	2614
17476	2497	40	14	86	0	2637
17477	2550	38	18	39	0	2645
17478	103	39	2404	32	0	2578
17479	55	25	2278	22	0	2380
17480	29	30	2117	16	0	2192
17481	20	1957	56	13	0	2046
17482	1755	46	47	11	0	1859
17483	41	1760	14	13	0	1828
17484	1704	48	14	14	0	1780
17485	42	1847	9	6	0	1904
17486	27	53	4	1845	0	1929
17487	1915	18	6	49	0	1988
17488	43	22	1903	15	0	1983
17489	1856	11	40	21	0	1928
17490	1942	10	14	15	0	1981
17491	54	1904	14	8	0	1980
17492	22	1910	6	5	0	1943
17493	1941	47	8	11	0	2007
17494	35	17	2038	7	0	2097
17495	1915	14	29	10	0	1968
17496	1958	11	20	7	0	1996
17497	42	6	7	1900	0	1955
17498	1936	5	5	28	0	1974
17499	37	4	6	2053	0	2100
17500	26	8	2	2088	0	2124
17501	22	7	3	2038	0	2070
17502	14	2022	4	37	0	2077
17503	2048	29	4	19	0	2100
17504	2064	10	9	17	0	2100
17505	36	12	7	2055	0	2110
17506	27	7	3	2036	0	2073
17507	15	2050	7	25	0	2097
17508	2046	29	5	19	0	2099
17509	36	14	2023	9	0	2082
17510	19	17	24	2043	0	2103
17511	16	7	2021	32	0	2076
17512	19	6	23	2022	0	2070
17513	9	9	2069	30	0	2117
17514	18	7	29	2004	0	2058
17515	2049	8	11	37	0	2105
17516	33	10	2114	16	0	2173
17517	2044	8	26	17	0	2095
17518	40	2221	15	4	0	2280
17519	22	27	14	2253	0	2316
17520	21	16	5	2281	0	2323
17521	2374	13	8	41	0	2436
17522	34	14	5	2535	0	2588
17523	24	10	2618	33	0	2685
17524	2541	9	24	34	0	2608
17525	2690	4	12	31	0	2737
17526	2719	5	7	20	0	2751
17527	2708	7	11	19	0	2745
17528	55	2665	4	14	0	2738
17529	35	24	4	2681	0	2744
17530	2678	13	6	43	0	2740
17531	34	13	4	2635	0	2686
17532	2594	9	6	37	0	2646
17533	41	8	2553	11	0	2613
17534	23	10	2540	11	0	2584
17535	26	26	25	2415	0	2492
17536	12	2492	19	27	0	2550
17537	15	2597	9	20	0	2641
17538	2545	28	11	26	0	2610
17539	24	20	2553	22	0	2619
17540	2364	7	25	29	0	2425
17541	31	2572	14	11	0	2628
17542	2603	18	14	11	0	2646
17543	28	17	8	2574	0	2627
17544	24	16	2663	27	0	2730
17545	16	12	22	2651	0	2701
17546	24	5	11	2626	0	2666
17547	15	2606	10	34	0	2665
17548	10	2749	12	23	0	2794
17549	17	25	7	2736	0	2785
17550	16	2779	13	35	0	2843
17551	13	25	2776	27	0	2841
17552	16	11	2706	12	0	2745
17553	2548	16	26	23	0	2613
17554	2760	5	18	21	0	2804
17555	41	2710	11	5	0	2767
17556	29	23	5	2723	0	2780
17557	31	15	5	2726	0	2777
17558	15	13	2712	35	0	2775
17559	30	5	23	2585	0	2643
17560	17	2691	15	37	0	2760
17561	14	26	2660	24	0	2724
17562	10	13	2645	14	0	2682
17563	20	2593	31	16	0	2660
17564	13	24	2685	8	0	2730
17565	24	14	27	2640	0	2705
17566	33	14	17	2432	0	2496
17567	18	10	2710	27	0	2765
17568	21	15	21	2649	0	2706
17569	16	2639	14	29	0	2698
17570	10	2771	12	38	0	2831
17571	18	37	4	2770	0	2829
17572	15	13	2772	24	0	2824
17573	7	2767	24	20	0	2818
17574	16	25	10	2751	0	2802
17575	11	24	2696	23	0	2754
17576	2476	6	24	18	0	2524
17577	2637	6	15	16	0	2674
17578	2634	12	9	16	0	2671
17579	27	11	5	2609	0	2652
17580	13	5	13	2630	0	2661
17581	22	2	2704	23	0	2751
17582	22	2	19	2660	0	2703
17583	22	9	8	2689	0	2728
17584	8	8	2713	37	0	2766
17585	2294	2	22	30	0	2348
17586	15	2535	16	12	0	2578
17587	2488	21	4	22	0	2535
17588	17	2494	8	16	0	2535
17589	8	38	14	2476	0	2536
17590	12	5	2523	16	0	2556
17591	11	18	16	2425	0	2470
17592	12	5	2456	18	0	2491
17593	2066	10	18	21	0	2115
17594	19	1	2334	13	0	2367
17595	8	2	26	2255	0	2291
17596	4	3	2344	30	0	2381
17597	1	2337	31	10	0	2379
17598	19	14	8	2365	0	2406
17599	15	3	12	2310	0	2340
17600	4	4	3	2403	0	2414
17601	3	4	2381	28	0	2416
17602	3	12	2413	8	0	2436
17603	8	5	29	2419	0	2461
17604	11	1	5	2841	0	2858
17605	13	4	4	3082	0	3103
17606	3131	3	15	83	0	3232
17607	61	1	16	3274	0	3352
17608	20	6	3452	74	0	3552
17609	3585	3	64	49	0	3701
17610	99	2	25	3771	0	3897
17611	3944	3	12	100	0	4059
17612	4039	0	7	59	0	4105
17613	128	1	15	3996	0	4140
17614	4047	3	6	102	0	4158
17615	4065	1	31	60	0	4157
17616	135	6	3957	23	0	4121
17617	59	3999	91	21	0	4170
17618	44	86	33	3826	0	3989
17619	41	29	19	4003	0	4092
17620	3945	13	14	135	0	4107
17621	3878	9	18	71	0	3976
17622	3837	14	12	50	0	3913
17623	137	4	3562	37	0	3740
17624	67	3610	96	27	0	3800
17625	3613	85	30	36	0	3764
17626	118	3659	23	21	0	3821
17627	3708	101	18	31	0	3858
17628	128	39	13	3656	0	3836
17629	3675	25	11	108	0	3819
17630	3726	19	12	58	0	3815
17631	3759	18	6	45	0	3828
17632	162	13	3677	33	0	3885
17633	3748	5	95	47	0	3895
17634	146	3724	37	30	0	3937
17635	3853	94	17	36	0	4000
17636	3903	37	19	30	0	3989
17637	3941	20	23	26	0	4010
17638	175	20	12	3758	0	3965
17639	87	3771	11	89	0	3958
17640	3820	95	5	54	0	3974
17641	143	36	3719	28	0	3926
17642	84	3745	87	24	0	3940
17643	76	105	33	3465	0	3679
17644	57	3690	28	82	0	3857
17645	3703	111	20	47	0	3881
17646	3812	49	23	34	0	3918
17647	162	39	11	3692	0	3904
17648	84	26	3615	111	0	3836
17649	62	3609	99	49	0	3819
17650	86	97	43	3139	0	3365
17651	69	43	27	3742	0	3881
17652	56	34	17	3906	0	4013
17653	3800	25	29	165	0	4019
17654	3867	28	16	76	0	3987
17655	3896	18	15	59	0	3988
17656	3927	21	10	57	0	4015
17657	193	22	14	3815	0	4044
17658	110	15	3914	128	0	4167
17659	99	17	111	3965	0	4192
17660	79	17	43	4036	0	4175
17661	85	15	30	4067	0	4197
17662	72	16	27	4082	0	4197
17663	3982	16	27	181	0	4206
17664	157	17	18	4025	0	4217
17665	3972	15	20	167	0	4174
17666	4047	13	20	99	0	4179
17667	198	23	3857	65	0	4143
17668	117	17	3809	68	0	4011
17669	91	15	3992	58	0	4156
17670	96	22	135	3798	0	4051
17671	87	13	3885	139	0	4124
17672	95	13	131	3786	0	4025
17673	75	17	61	3911	0	4064
17674	3859	22	40	178	0	4099
17675	160	23	28	3780	0	3991
17676	105	3921	31	156	0	4213
17677	4040	109	27	103	0	4279
17678	175	4051	25	69	0	4320
17679	101	115	4048	65	0	4329
17680	83	4104	108	54	0	4349
17681	4058	116	60	59	0	4293
17682	177	70	41	4002	0	4290
17683	106	37	3994	129	0	4266
17684	3994	42	116	80	0	4232
17685	175	26	60	4011	0	4272
17686	111	23	4060	142	0	4336
17687	99	30	118	4074	0	4321
17688	97	16	67	4179	0	4359
17689	75	30	40	4192	0	4337
17690	65	4078	42	179	0	4364
17691	4120	116	20	99	0	4355
17692	175	64	26	4046	0	4311
17693	109	4092	35	127	0	4363
17694	94	122	24	4169	0	4409
17695	80	74	4088	136	0	4378
17696	70	4130	118	88	0	4406
17697	4121	127	75	64	0	4387
17698	4201	57	46	72	0	4376
17699	174	44	38	4058	0	4314
17700	96	45	22	4114	0	4277
17701	4071	24	23	170	0	4288
17702	3977	31	19	110	0	4137
17703	167	4014	20	84	0	4285
17704	3585	78	15	53	0	3731
17705	117	40	3368	35	0	3560
17706	70	31	3296	26	0	3423
17707	36	3226	78	28	0	3368
17708	24	3157	51	25	0	3257
17709	2804	52	91	26	0	2973
17710	55	2825	26	10	0	2916
17711	2759	30	13	15	0	2817
17712	2718	17	6	15	0	2756
17713	2685	8	4	21	0	2718
17714	45	5	8	2643	0	2701
17715	2671	6	4	43	0	2724
17716	42	6	2681	17	0	2746
17717	23	7	2698	17	0	2745
17718	18	2746	32	9	0	2805
17719	14	25	2763	10	0	2812
17720	26	14	31	2658	0	2729
17721	16	14	2798	22	0	2850
17722	6	14	2706	17	0	2743
17723	17	13	40	2718	0	2788
17724	2753	9	21	36	0	2819
17725	2764	7	12	23	0	2806
17726	44	5	2836	13	0	2898
17727	2753	7	28	23	0	2811
17728	42	3	2872	21	0	2938
17729	2891	3	29	19	0	2942
17730	3020	3	19	22	0	3064
17731	47	4	13	3006	0	3070
17732	32	8	11	2897	0	2948
17733	15	2838	18	37	0	2908
17734	12	2934	19	19	0	2984
17735	17	39	10	2889	0	2955
17736	13	21	12	2894	0	2940
17737	2806	11	5	51	0	2873
17738	37	2776	8	18	0	2839
17739	2812	28	10	21	0	2871
17740	38	2824	14	13	0	2889
17741	29	30	2784	7	0	2850
17742	30	13	32	2753	0	2828
17743	2806	11	17	41	0	2875
17744	2930	6	13	24	0	2973
17745	48	2945	16	17	0	3026
17746	25	3131	8	11	0	3175
17747	11	3199	14	15	0	3239
17748	24	55	7	3461	0	3547
17749	11	28	3558	52	0	3649
17750	8	3488	52	23	0	3571
17751	24	60	17	3431	0	3532
17752	24	23	7	3517	0	3571
17753	13	8	3453	61	0	3535
17754	9	12	3393	19	0	3433
17755	3300	7	59	28	0	3394
17756	55	1	3526	15	0	3597
17757	3440	7	53	15	0	3515
17758	3401	4	32	15	0	3452
17759	3392	6	10	24	0	3432
17760	3373	5	8	19	0	3405
17761	67	5	3312	8	0	3392
17762	25	3304	53	6	0	3388
17763	32	42	21	3272	0	3367
17764	12	20	3333	53	0	3418
17765	28	8	51	3223	0	3310
17766	18	3036	29	53	0	3136
17767	30	44	14	3397	0	3485
17768	24	24	6	3421	0	3475
17769	31	15	13	3320	0	3379
17770	3339	7	8	74	0	3428
17771	63	13	7	3331	0	3414
17772	36	3	12	3351	0	3402
17773	27	10	12	3316	0	3365
17774	12	3228	13	73	0	3326
17775	3234	53	7	48	0	3342
17776	53	3067	10	27	0	3157
17777	17	3080	14	17	0	3128
17778	37	58	7	3067	0	3169
17779	21	22	13	3104	0	3160
17780	3050	8	12	76	0	3146
17781	73	10	10	3063	0	3156
17782	3094	11	14	70	0	3189
17783	3719	8	8	33	0	3768
17784	109	5	17	3680	0	3811
17785	62	11	11	3661	0	3745
17786	28	3685	10	101	0	3824
17787	3741	82	15	51	0	3889
17788	103	3819	11	32	0	3965
17789	3821	107	10	36	0	3974
17790	120	40	3770	20	0	3950
17791	3784	21	95	36	0	3936
17792	3980	18	36	29	0	4063
17793	156	12	21	3835	0	4024
17794	52	19	3827	119	0	4017
17795	40	3857	103	56	0	4056
17796	39	101	49	3916	0	4105
17797	28	46	3926	117	0	4117
17798	41	34	107	3868	0	4050
17799	3803	18	39	144	0	4004
17800	118	17	3834	53	0	4022
17801	55	3745	103	40	0	3943
17802	35	3882	43	38	0	3998
17803	47	140	24	3356	0	3567
17804	20	3797	16	89	0	3922
17805	3738	124	16	55	0	3933
17806	3766	46	18	42	0	3872
17807	3784	31	11	42	0	3868
17808	144	21	3561	30	0	3756
17809	3657	22	105	24	0	3808
17810	129	25	35	3573	0	3762
17811	75	18	17	3619	0	3729
17812	61	18	19	3638	0	3736
17813	50	19	21	3637	0	3727
17814	29	16	3533	165	0	3743
17815	38	12	3554	74	0	3678
17816	21	17	3495	56	0	3589
17817	3297	14	144	40	0	3495
17818	124	3351	66	33	0	3574
17819	58	112	29	3321	0	3520
17820	3331	39	27	128	0	3525
17821	118	3353	23	66	0	3560
17822	61	3476	24	47	0	3608
17823	3395	133	32	34	0	3594
17824	3438	64	24	35	0	3561
17825	139	3408	23	36	0	3606
17826	97	114	20	3109	0	3340
17827	49	3306	16	112	0	3483
17828	3229	127	20	65	0	3441
17829	3242	63	15	43	0	3363
17830	3235	48	10	37	0	3330
17831	160	3112	23	36	0	3331
17832	95	107	16	3148	0	3366
17833	59	58	3111	130	0	3358
17834	48	30	105	3155	0	3338
17835	50	26	43	3255	0	3374
17836	49	30	3118	156	0	3353
17837	3104	33	112	81	0	3330
17838	139	18	47	3176	0	3380
17839	61	32	39	3178	0	3310
17840	54	3132	23	144	0	3353
17841	3130	115	25	82	0	3352
17842	140	64	14	3075	0	3293
17843	72	3082	23	125	0	3302
17844	2935	108	20	74	0	3137
17845	126	2920	19	51	0	3116
17846	2717	117	21	33	0	2888
17847	141	39	2654	41	0	2875
17848	53	40	2341	35	0	2469
17849	46	29	2274	24	0	2373
17850	34	2249	113	36	0	2432
17851	45	108	86	1991	0	2230
17852	35	2207	34	73	0	2349
17853	2212	107	17	44	0	2380
17854	98	40	2193	40	0	2371
17855	2168	38	93	21	0	2320
17856	2235	28	40	24	0	2327
17857	130	19	36	2138	0	2323
17858	2181	26	21	92	0	2320
17859	123	27	15	2163	0	2328
17860	48	24	2147	106	0	2325
17861	2151	17	81	48	0	2297
17862	96	2141	42	35	0	2314
17863	60	83	26	2141	0	2310
17864	2159	42	22	89	0	2312
17865	120	30	12	2143	0	2305
17866	47	22	2058	106	0	2233
17867	51	13	81	2058	0	2203
17868	29	2077	35	95	0	2236
17869	2086	77	26	62	0	2251
17870	106	32	21	2083	0	2242
17871	2113	26	16	98	0	2253
17872	108	19	19	2106	0	2252
17873	56	12	15	2082	0	2165
17874	39	2078	20	113	0	2250
17875	2066	79	16	65	0	2226
17876	85	2140	15	49	0	2289
17877	48	95	17	2007	0	2167
17878	30	2094	13	75	0	2212
17879	2055	81	7	51	0	2194
17880	2065	50	11	37	0	2163
17881	2092	28	8	25	0	2153
17882	118	1968	11	24	0	2121
17883	32	1351	4	12	0	1399
17884	1320	45	9	11	0	1385
17885	42	1365	7	10	0	1424
17886	21	62	6	1265	0	1354
17887	28	12	1255	27	0	1322
17888	1156	4	31	17	0	1208
17889	1189	5	6	11	0	1211
17890	1159	2	4	10	0	1175
17891	24	1171	2	6	0	1203
17892	1118	20	1	7	0	1146
17893	28	6	1144	3	0	1181
17894	6	1141	15	16	0	1178
17895	20	25	6	1042	0	1093
17896	3	1067	3	10	0	1083
17897	1011	11	1	16	0	1039
17898	15	1044	0	4	0	1063
17899	6	14	0	1059	0	1079
17900	1	1078	0	13	0	1092
17901	4	13	0	1095	0	1112
17902	4	4	2	1065	0	1075
17903	1	4	1077	14	0	1096
17904	3	0	12	1033	0	1048
17905	1043	4	4	16	0	1067
17906	1059	2	0	7	0	1068
17907	15	1	1	1052	0	1069
17908	7	3	1040	10	0	1060
17909	6	1	9	1036	0	1052
17910	1044	0	6	18	0	1068
17911	1149	2	1	12	0	1164
17912	1189	1	1	11	0	1202
17913	13	1261	3	2	0	1279
17914	1313	10	0	12	0	1335
17915	13	7	1288	1	0	1309
17916	1424	1	10	11	0	1446
17917	18	1	4	1476	0	1499
17918	6	2	1	1490	0	1499
17919	5	4	1	1501	0	1511
17920	1461	3	0	23	0	1487
17921	1451	3	0	13	0	1467
17922	18	4	1	1440	0	1463
17923	9	3	1490	14	0	1516
17924	4	2	15	1485	0	1506
17925	7	0	6	1476	0	1489
17926	5	1	1494	19	0	1519
17927	3	1501	13	10	0	1527
17928	4	12	5	1561	0	1582
17929	1601	7	2	16	0	1626
17930	16	4	2	1596	0	1618
17931	8	3	1	1612	0	1624
17932	1613	3	2	25	0	1643
17933	15	1633	3	10	0	1661
17934	9	1646	0	4	0	1659
17935	1623	20	1	11	0	1655
17936	12	8	1618	2	0	1640
17937	1579	3	11	17	0	1610
17938	15	5	1836	1	0	1857
17939	6	1867	15	4	0	1892
17940	1882	12	6	10	0	1910
17941	1901	4	3	14	0	1922
17942	1915	3	1	4	0	1923
17943	1925	1	1	4	0	1931
17944	19	3	1926	1	0	1949
17945	11	0	12	1921	0	1944
17946	1950	2	7	16	0	1975
17947	12	2	2038	9	0	2061
17948	9	3	1987	7	0	2006
17949	4	2010	17	2	0	2033
17950	2040	7	4	7	0	2058
17951	13	5	1	2028	0	2047
17952	2052	0	2	10	0	2064
17953	6	2090	3	10	0	2109
17954	7	4	2	2224	0	2237
17955	8	4	1	2198	0	2211
17956	4	1	0	2290	0	2295
17957	4	0	2325	19	0	2348
17958	2	2358	9	9	0	2378
17959	2512	11	7	6	0	2536
17960	16	7	3	2499	0	2525
17961	2497	3	2	20	0	2522
17962	2474	0	2	20	0	2496
17963	31	2	1	2472	0	2506
17964	17	1	2572	14	0	2604
17965	13	0	15	2534	0	2562
17966	2	2566	12	19	0	2599
17967	7	12	7	2623	0	2649
17968	2	11	2600	21	0	2634
17969	2551	4	14	21	0	2590
17970	21	2	10	2642	0	2675
17971	2609	2	3	25	0	2639
17972	17	1	2639	15	0	2672
17973	2523	1	15	22	0	2561
17974	21	3	2634	4	0	2662
17975	2501	1	15	14	0	2531
17976	18	2563	13	1	0	2595
17977	12	2630	4	4	0	2650
17978	12	31	2	2624	0	2669
17979	14	20	1	2453	0	2488
17980	3	5	1	2641	0	2650
17981	2647	1	2	35	0	2685
17982	23	1	2	2674	0	2700
17983	12	2	2703	20	0	2737
17984	2573	2	11	24	0	2610
17985	17	2756	12	9	0	2794
17986	2781	16	5	13	0	2815
17987	2719	12	5	13	0	2749
17988	29	6	2758	4	0	2797
17989	31	3	16	2693	0	2743
17990	12	1	11	2833	0	2857
17991	8	1	2865	28	0	2902
17992	6	2838	24	15	0	2883
17993	2822	18	12	14	0	2866
17994	2814	12	5	19	0	2850
17995	39	7	2	2846	0	2894
17996	26	4	1	2815	0	2846
17997	9	1	3	2906	0	2919
17998	2840	1	4	56	0	2901
17999	24	2885	6	23	0	2938
18000	2872	26	3	28	0	2929
18001	2861	14	3	16	0	2894
18002	40	8	3085	4	0	3137
18003	33	1	35	2954	0	3023
18004	13	3153	15	35	0	3216
18005	13	40	6	3198	0	3257
18006	13	19	3	3332	0	3367
18007	5	8	3451	59	0	3523
18008	3502	3	43	44	0	3592
18009	3892	3	23	26	0	3944
18010	4072	4	9	18	0	4103
18011	109	4	7	3899	0	4019
18012	69	3	13	3855	0	3940
18013	16	3794	9	111	0	3930
18014	14	3993	11	56	0	4074
18015	3906	113	8	35	0	4062
18016	89	3853	10	19	0	3971
18017	53	90	3855	9	0	4007
18018	37	45	80	3857	0	4019
18019	3913	15	45	109	0	4082
18020	99	14	3869	47	0	4029
18021	56	17	3856	20	0	3949
18022	3881	7	126	33	0	4047
18023	3960	10	49	29	0	4048
18024	135	15	16	3850	0	4016
18025	59	16	3900	100	0	4075
18026	35	11	90	3890	0	4026
18027	20	22	3849	113	0	4004
18028	27	15	3928	59	0	4029
18029	28	3953	116	24	0	4121
18030	3957	87	57	30	0	4131
18031	3967	40	30	39	0	4076
18032	131	3941	28	15	0	4115
18033	76	100	17	3877	0	4070
18034	40	52	14	3948	0	4054
18035	46	20	20	4010	0	4096
18036	3915	13	21	153	0	4102
18037	97	3872	16	74	0	4059
18038	3765	89	17	47	0	3918
18039	3759	47	18	38	0	3862
18040	139	21	3647	26	0	3833
18041	72	3624	96	20	0	3812
18042	52	99	47	3668	0	3866
18043	42	53	3697	92	0	3884
18044	3611	32	92	63	0	3798
18045	3717	17	53	40	0	3827
18046	3756	13	20	37	0	3826
18047	3692	16	15	36	0	3759
18048	156	13	21	3578	0	3768
18049	79	10	3510	114	0	3713
18050	55	9	96	3504	0	3664
18051	3534	13	58	110	0	3715
18052	3553	19	22	64	0	3658
18053	141	3466	17	39	0	3663
18054	3421	81	17	28	0	3547
18055	117	44	3332	23	0	3516
18056	81	15	3331	21	0	3448
18057	3244	17	124	33	0	3418
18058	108	3247	51	16	0	3422
18059	73	83	19	3046	0	3221
18060	43	3155	19	72	0	3289
18061	42	91	13	3195	0	3341
18062	46	46	10	3220	0	3322
18063	35	20	13	3308	0	3376
18064	3136	18	14	146	0	3314
18065	3238	12	18	64	0	3332
18066	3222	11	12	41	0	3286
18067	145	19	3106	17	0	3287
18068	3137	13	84	23	0	3257
18069	116	11	46	3161	0	3334
18070	81	7	27	3254	0	3369
18071	36	15	3204	122	0	3377
18072	38	13	94	3545	0	3690
18073	3663	12	44	151	0	3870
18074	129	14	3640	72	0	3855
18075	76	11	123	3660	0	3870
18076	3693	13	54	137	0	3897
18077	3752	9	24	70	0	3855
18078	177	13	3656	39	0	3885
18079	81	9	3738	34	0	3862
18080	54	14	153	3724	0	3945
18081	3766	8	56	143	0	3973
18082	3850	12	34	77	0	3973
18083	172	13	31	3628	0	3844
18084	83	3708	23	125	0	3939
18085	3654	112	22	71	0	3859
18086	141	3710	26	64	0	3941
18087	92	117	22	3727	0	3958
18088	49	45	3687	135	0	3916
18089	46	21	3660	60	0	3787
18090	44	16	3739	37	0	3836
18091	53	21	164	3581	0	3819
18092	54	9	63	3681	0	3807
18093	3598	7	47	168	0	3820
18094	125	3578	40	73	0	3816
18095	3668	115	25	57	0	3865
18096	166	41	21	3464	0	3692
18097	72	3554	24	119	0	3769
18098	51	3732	21	53	0	3857
18099	47	141	24	3639	0	3851
18100	3644	52	20	139	0	3855
18101	121	3716	29	60	0	3926
18102	3448	106	26	52	0	3632
18103	109	3567	23	43	0	3742
18104	3510	107	33	30	0	3680
18105	128	54	3417	21	0	3620
18106	54	33	3357	30	0	3474
18107	44	3237	108	26	0	3415
18108	2980	111	82	30	0	3203
18109	86	2730	17	13	0	2846
18110	28	2551	20	18	0	2617
18111	39	72	15	2573	0	2699
18112	2580	28	13	65	0	2686
18113	62	2623	14	20	0	2719
18114	2506	54	10	24	0	2594
18115	54	2505	9	14	0	2582
18116	2467	50	16	17	0	2550
18117	51	2433	8	4	0	2496
18118	23	2489	5	8	0	2525
18119	28	53	5	2367	0	2453
18120	10	2442	8	39	0	2499
18121	2407	57	4	15	0	2483
18122	51	21	2395	10	0	2477
18123	21	21	40	2404	0	2486
18124	12	18	2451	47	0	2528
18125	18	9	51	2400	0	2478
18126	21	12	16	2452	0	2501
18127	12	16	2312	54	0	2394
18128	2085	9	48	33	0	2175
18129	53	2234	22	16	0	2325
18130	2248	53	15	27	0	2343
18131	61	2297	12	12	0	2382
18132	22	55	14	2291	0	2382
18133	2298	18	8	63	0	2387
18134	2313	20	14	25	0	2372
18135	2337	11	11	22	0	2381
18136	68	13	10	2267	0	2358
18137	33	11	7	2308	0	2359
18138	32	2366	9	48	0	2455
18139	2354	55	6	28	0	2443
18140	2394	21	6	27	0	2448
18141	2399	19	12	20	0	2450
18142	2388	16	10	15	0	2429
18143	61	2315	9	11	0	2396
18144	39	48	12	2328	0	2427
18145	24	23	2313	47	0	2407
18146	2254	19	48	25	0	2346
18147	2386	12	16	22	0	2436
18148	70	11	2321	19	0	2421
18149	33	13	2332	17	0	2395
18150	38	16	52	2342	0	2448
18151	30	14	15	2433	0	2492
18152	18	22	16	2460	0	2516
18153	2364	17	10	64	0	2455
18154	67	18	5	2366	0	2456
18155	24	16	2342	68	0	2450
18156	28	18	50	2360	0	2456
18157	26	14	2413	64	0	2517
18158	26	12	53	2376	0	2467
18159	19	9	22	2496	0	2546
18160	21	9	2442	65	0	2537
18161	2286	11	57	34	0	2388
18162	55	2482	22	27	0	2586
18163	2508	55	19	18	0	2600
18164	76	17	12	2594	0	2699
18165	2601	22	9	83	0	2715
18166	81	2728	7	29	0	2845
18167	32	2875	9	27	0	2943
18168	37	117	9	3036	0	3199
18169	20	44	3184	88	0	3336
18170	28	29	3149	32	0	3238
18171	22	3183	108	30	0	3343
18172	2651	73	48	15	0	2787
18173	73	26	31	2584	0	2714
18174	2604	20	10	61	0	2695
18175	60	2596	10	27	0	2693
18176	32	2654	13	20	0	2719
18177	26	73	9	2659	0	2767
18178	2627	43	11	54	0	2735
18179	2631	28	8	34	0	2701
18180	74	22	2584	21	0	2701
18181	56	11	2515	16	0	2598
18182	2503	11	70	21	0	2605
18183	69	2527	34	29	0	2659
18184	2551	60	26	14	0	2651
18185	87	31	13	2511	0	2642
18186	40	28	2460	57	0	2585
18187	2365	13	57	42	0	2477
18188	64	2414	35	24	0	2537
18189	32	2446	33	14	0	2525
18190	38	71	25	2377	0	2511
18191	2413	49	11	54	0	2527
18192	68	26	11	2436	0	2541
18193	2460	18	12	77	0	2567
18194	79	16	2353	32	0	2480
18195	2352	22	47	34	0	2455
18196	2429	15	19	32	0	2495
18197	86	13	2297	20	0	2416
18198	2258	18	52	20	0	2348
18199	90	2220	31	18	0	2359
18200	51	50	31	2216	0	2348
18201	43	2217	22	49	0	2331
18202	2266	68	14	26	0	2374
18203	79	34	17	2150	0	2280
18204	47	2133	17	59	0	2256
18205	47	60	12	2128	0	2247
18206	29	2166	15	62	0	2272
18207	25	74	5	2196	0	2300
18208	2186	46	9	76	0	2317
18209	70	29	6	2202	0	2307
18210	37	20	2149	80	0	2286
18211	2147	15	49	44	0	2255
18212	69	14	22	2189	0	2294
18213	40	16	2125	69	0	2250
18214	36	15	2064	44	0	2159
18215	38	11	2150	37	0	2236
18216	34	11	85	2084	0	2214
18217	39	8	56	2150	0	2253
18218	29	13	38	2155	0	2235
18219	29	15	25	2194	0	2263
18220	2122	8	18	106	0	2254
18221	2189	18	25	59	0	2291
18222	2215	12	19	47	0	2293
18223	2231	19	18	42	0	2310
18224	94	12	15	2204	0	2325
18225	50	10	2258	85	0	2403
18226	2289	18	48	51	0	2406
18227	2388	11	25	56	0	2480
18228	104	9	27	2344	0	2484
18229	71	9	19	2405	0	2504
18230	2417	10	21	82	0	2530
18231	86	12	14	2308	0	2420
18232	46	2300	26	93	0	2465
18233	2356	51	22	54	0	2483
18234	2343	29	25	44	0	2441
18235	103	23	2378	30	0	2534
18236	62	13	57	2388	0	2520
18237	49	11	34	2447	0	2541
18238	2390	12	27	97	0	2526
18239	2456	21	10	55	0	2542
18240	100	10	12	2455	0	2577
18241	75	11	2417	82	0	2585
18242	63	7	2425	41	0	2536
18243	49	9	76	2441	0	2575
18244	34	11	46	2489	0	2580
18245	2424	6	35	94	0	2559
18246	91	2350	16	64	0	2521
18247	55	2380	15	43	0	2493
18248	42	2453	23	37	0	2555
18249	42	86	19	2389	0	2536
18250	2372	43	21	84	0	2520
18251	2368	27	9	44	0	2448
18252	83	2372	7	41	0	2503
18253	2408	59	8	40	0	2515
18254	99	32	8	2382	0	2521
18255	41	34	2442	70	0	2587
18256	55	21	53	2382	0	2511
18257	41	19	22	2432	0	2514
18258	44	8	24	2449	0	2525
18259	2356	9	15	99	0	2479
18260	88	16	13	2292	0	2409
18261	33	2292	20	85	0	2430
18262	2191	51	25	46	0	2313
18263	63	2166	9	46	0	2284
18264	26	2073	14	33	0	2146
18265	26	2169	10	23	0	2228
18266	28	48	1918	20	0	2014
18267	18	1852	27	22	0	1919
18268	24	23	1561	6	0	1614
18269	1376	14	12	5	0	1407
18270	1436	4	0	1	0	1441
18271	13	3	1480	2	0	1498
18272	1474	2	14	10	0	1500
18273	1584	0	0	7	0	1591
18274	16	0	1577	1	0	1594
18275	4	1632	9	3	0	1648
18276	4	12	5	1628	0	1649
18277	1634	0	4	16	0	1654
18278	15	0	3	1633	0	1651
18279	1672	0	3	32	0	1707
18280	1671	0	0	7	0	1678
18281	14	1	1674	3	0	1692
18282	1636	4	12	6	0	1658
18283	14	1721	2	2	0	1739
18284	1722	15	1	8	0	1746
18285	14	2	1	1756	0	1773
18286	8	1	1735	14	0	1758
18287	5	4	11	1716	0	1736
18288	1715	6	1	19	0	1741
18289	17	1741	2	2	0	1762
18290	4	15	1750	6	0	1775
18291	7	3	13	1694	0	1717
18292	6	1	1754	18	0	1779
18293	5	1760	15	7	0	1787
18294	1765	13	0	8	0	1786
18295	18	3	1	1760	0	1782
18296	8	2	1775	17	0	1802
18297	5	6	1664	3	0	1678
18298	1792	3	17	11	0	1823
18299	16	8	2	1824	0	1850
18300	7	2	1	1815	0	1825
18301	6	5	1845	18	0	1874
18302	4	2	1828	6	0	1840
18303	4	1939	14	4	0	1961
18304	10	15	4	1962	0	1991
18305	9	3	3	1942	0	1957
18306	7	1932	7	16	0	1962
18307	4	17	1940	4	0	1965
18308	1857	4	14	11	0	1886
18309	20	2	3	1962	0	1987
18310	4	6	1998	16	0	2024
18311	3	5	15	1931	0	1954
18312	6	2003	4	17	0	2030
18313	8	18	2021	5	0	2052
18314	1923	4	19	13	0	1959
18315	30	4	2053	2	0	2089
18316	10	8	1990	3	0	2011
18317	4	6	1975	3	0	1988
18318	8	8	2151	1	0	2168
18319	11	5	27	2171	0	2214
18320	8	2	2313	29	0	2352
18321	7	1	37	2199	0	2244
18322	6	2302	7	33	0	2348
18323	2478	31	4	12	0	2525
18324	48	3	3	2458	0	2512
18325	16	10	2380	62	0	2468
18326	12	2398	48	12	0	2470
18327	13	42	8	2395	0	2458
18328	2346	8	14	60	0	2428
18329	41	2386	6	13	0	2446
18330	15	47	3	2460	0	2525
18331	2467	9	4	56	0	2536
18332	44	11	2466	9	0	2530
18333	2433	2	47	20	0	2502
18334	55	5	2498	6	0	2564
18335	2353	2	52	13	0	2420
18336	2404	2	11	12	0	2429
18337	49	4	2376	3	0	2432
18338	17	2336	47	5	0	2405
18339	32	41	15	2237	0	2325
18340	5	7	2370	36	0	2418
18341	13	11	37	2224	0	2285
18342	15	4	9	2303	0	2331
18343	3	2	2355	50	0	2410
18344	2	3	2348	19	0	2372
18345	7	2	50	2331	0	2390
18346	2378	1	22	50	0	2451
18347	40	2361	13	14	0	2428
18348	10	2416	6	18	0	2450
18349	2406	49	3	13	0	2471
18350	2469	19	8	13	0	2509
18351	60	13	1	2462	0	2536
18352	26	7	5	2495	0	2533
18353	21	3	4	2518	0	2546
18354	2446	5	2	67	0	2520
18355	40	2337	6	22	0	2405
18356	11	2421	4	19	0	2455
18357	20	45	5	2402	0	2472
18358	15	17	5	2432	0	2469
18359	15	14	7	2425	0	2461
18360	2383	4	7	64	0	2458
18361	44	2422	5	25	0	2496
18362	2453	42	6	24	0	2525
18363	52	12	2442	10	0	2516
18364	14	2474	50	11	0	2549
18365	22	52	12	2460	0	2546
18366	2470	12	15	57	0	2554
18367	51	17	2422	19	0	2509
18368	16	8	2447	19	0	2490
18369	27	5	57	2432	0	2521
18370	11	5	26	2492	0	2534
18371	16	6	21	2453	0	2496
18372	13	9	7	2346	0	2375
18373	17	7	7	2358	0	2389
18374	10	2281	7	69	0	2367
18375	14	45	7	2312	0	2378
18376	2268	12	6	68	0	2354
18377	49	2320	8	23	0	2400
18378	2323	48	4	35	0	2410
18379	57	16	2270	14	0	2357
18380	15	17	2271	16	0	2319
18381	29	9	55	2356	0	2449
18382	9	11	2920	55	0	2995
18383	21	5	89	2896	0	3011
18384	25	5	38	2879	0	2947
18385	2950	5	22	108	0	3085
18386	2949	6	11	55	0	3021
18387	105	2970	8	31	0	3114
18388	51	3131	10	16	0	3208
18389	30	106	13	3050	0	3199
18390	3095	46	10	100	0	3251
18391	87	25	3089	40	0	3241
18392	51	11	82	3110	0	3254
18393	40	8	35	3173	0	3256
18394	17	11	3118	115	0	3261
18395	10	3083	86	58	0	3237
18396	23	80	33	3051	0	3187
18397	13	37	3154	96	0	3300
18398	15	22	89	3086	0	3212
18399	2967	9	39	124	0	3139
18400	81	2974	28	52	0	3135
18401	40	3058	10	39	0	3147
18402	37	110	12	2968	0	3127
18403	2888	50	27	95	0	3060
18404	83	2902	14	53	0	3052
18405	2939	89	16	42	0	3086
18406	110	32	2934	22	0	3098
18407	47	29	3032	28	0	3136
18408	39	22	117	2895	0	3073
18409	19	13	55	3111	0	3198
18410	3013	18	22	136	0	3189
18411	119	21	10	3027	0	3177
18412	48	26	2964	121	0	3159
18413	39	30	88	2927	0	3084
18414	33	12	47	3038	0	3130
18415	29	11	2908	132	0	3080
18416	2763	14	106	73	0	2956
18417	112	13	49	2926	0	3100
18418	2769	17	25	120	0	2931
18419	102	2631	28	62	0	2823
18420	2584	85	16	47	0	2732
18421	88	2554	13	43	0	2698
18422	38	2592	28	31	0	2689
18423	34	80	20	2434	0	2568
18424	2418	39	14	73	0	2544
18425	2431	30	8	45	0	2514
18426	91	25	11	2370	0	2497
18427	2386	15	20	84	0	2505
18428	2421	18	12	47	0	2498
18429	93	23	14	2377	0	2507
18430	2304	15	16	87	0	2422
18431	78	2320	24	50	0	2472
18432	2347	62	25	28	0	2462
18433	77	39	2263	46	0	2425
18434	2384	18	51	52	0	2505
18435	92	12	30	2406	0	2540
18436	60	9	25	2457	0	2551
18437	39	9	21	2480	0	2549
18438	23	22	20	2465	0	2530
18439	33	18	15	2445	0	2511
18440	24	2247	26	108	0	2405
18441	37	2400	21	52	0	2510
18442	2358	74	16	52	0	2500
18443	79	36	2316	39	0	2470
18444	2287	30	62	40	0	2419
18445	90	21	2332	38	0	2481
18446	45	27	61	2309	0	2442
18447	42	25	24	2369	0	2460
18448	2290	26	15	97	0	2428
18449	108	24	2267	43	0	2442
18450	72	26	60	2221	0	2379
18451	43	23	2340	78	0	2484
18452	43	2400	67	51	0	2561
18453	55	60	34	2439	0	2588
18454	2463	30	23	108	0	2624
18455	2438	19	13	68	0	2538
18456	2514	20	19	49	0	2602
18457	116	2445	23	42	0	2626
18458	50	2566	29	41	0	2686
18459	2373	79	29	60	0	2541
18460	75	2507	26	54	0	2662
18461	53	2554	11	53	0	2671
18462	33	94	2471	50	0	2648
18463	40	2417	61	41	0	2559
18464	24	2473	32	36	0	2565
18465	38	97	15	2389	0	2539
18466	24	48	2407	77	0	2556
18467	35	31	2353	48	0	2467
18468	2305	26	88	39	0	2458
18469	90	19	2401	33	0	2543
18470	2448	18	85	37	0	2588
18471	92	13	38	2428	0	2571
18472	62	2450	17	81	0	2610
18473	2557	70	19	48	0	2694
18474	2672	32	29	42	0	2775
18475	109	21	19	2678	0	2827
18476	59	26	27	2706	0	2818
18477	63	22	15	2719	0	2819
18478	2656	16	16	115	0	2803
18479	2510	18	13	72	0	2613
18480	2679	16	15	55	0	2765
18481	109	2507	8	34	0	2658
18482	1940	33	7	14	0	1994
18483	46	1888	6	7	0	1947
18484	23	1897	4	14	0	1938
18485	16	49	15	1806	0	1886
18486	18	1832	4	37	0	1891
18487	1756	31	2	14	0	1803
18488	43	9	3	1731	0	1786
18489	1705	6	2	38	0	1751
18490	20	1663	4	11	0	1698
18491	12	1698	1	7	0	1718
18492	1733	22	3	17	0	1775
18493	30	1787	2	2	0	1821
18494	8	29	9	1821	0	1867
18495	8	11	15	1838	0	1872
18496	1838	6	3	31	0	1878
18497	30	9	5	1825	0	1869
18498	20	1	1895	42	0	1958
18499	15	2	27	1933	0	1977
18500	1978	2	3	35	0	2018
18501	28	2029	11	11	0	2079
18502	2114	29	7	12	0	2162
18503	2095	9	5	20	0	2129
18504	2177	15	0	9	0	2201
18505	52	8	2162	5	0	2227
18506	25	8	2095	1	0	2129
18507	2041	2	32	6	0	2081
18508	37	2112	14	3	0	2166
18509	13	33	15	2139	0	2200
18510	16	7	8	2119	0	2150
18511	7	2056	8	35	0	2106
18512	5	2136	0	16	0	2157
18513	10	39	1	2156	0	2206
18514	11	18	0	2180	0	2209
18515	9	15	2118	36	0	2178
18516	11	15	2024	14	0	2064
18517	2068	5	41	27	0	2141
18518	2184	2	15	17	0	2218
18519	46	3	17	2150	0	2216
18520	17	9	2171	35	0	2232
18521	19	5	39	2149	0	2212
18522	2146	2	7	57	0	2212
18523	41	10	2157	14	0	2222
18524	16	11	37	2187	0	2251
18525	21	5	2213	41	0	2280
18526	15	2176	40	16	0	2247
18527	10	39	2186	11	0	2246
18528	6	8	55	2158	0	2227
18529	2219	9	24	43	0	2295
18530	49	12	14	2260	0	2335
18531	2289	10	9	58	0	2366
18532	2334	6	12	29	0	2381
18533	2255	6	8	33	0	2302
18534	59	8	2213	14	0	2294
18535	2274	7	39	12	0	2332
18536	60	2	13	2289	0	2364
18537	30	4	13	2291	0	2338
18538	22	6	2287	36	0	2351
18539	18	9	41	2270	0	2338
18540	2305	3	10	57	0	2375
18541	39	2347	12	27	0	2425
18542	2378	33	18	28	0	2457
18543	2409	8	10	25	0	2452
18544	2435	14	4	17	0	2470
18545	64	7	7	2381	0	2459
18546	30	8	2405	43	0	2486
18547	27	6	39	2434	0	2506
18548	20	5	11	2518	0	2554
18549	2504	7	12	62	0	2585
18550	2479	4	13	41	0	2537
18551	57	4	2414	25	0	2500
18552	38	9	46	2378	0	2471
18553	28	10	2430	53	0	2521
18554	2455	7	52	35	0	2549
18555	65	2691	21	24	0	2801
18556	2671	51	20	10	0	2752
18557	59	2703	13	19	0	2794
18558	2705	60	10	19	0	2794
18559	72	2697	7	16	0	2792
18560	28	72	13	2703	0	2816
18561	30	18	11	2792	0	2851
18562	2772	15	3	75	0	2865
18563	2798	11	6	32	0	2847
18564	2786	11	3	33	0	2833
18565	2735	7	10	30	0	2782
18566	2794	5	7	21	0	2827
18567	94	5	4	2694	0	2797
18568	35	2693	8	65	0	2801
18569	40	51	6	2631	0	2728
18570	22	2608	8	63	0	2701
18571	28	65	6	2560	0	2659
18572	16	2607	10	71	0	2704
18573	24	62	7	2564	0	2657
18574	19	20	2474	67	0	2580
18575	2330	15	57	42	0	2444
18576	69	2437	18	18	0	2542
18577	2438	56	8	26	0	2528
18578	74	18	2394	15	0	2501
18579	2357	13	61	25	0	2456
18580	76	8	2519	12	0	2615
18581	42	11	60	2476	0	2589
18582	27	2678	19	65	0	2789
18583	17	68	2689	23	0	2797
18584	27	21	75	2716	0	2839
18585	2616	19	25	83	0	2743
18586	85	10	24	2769	0	2888
18587	37	15	12	2820	0	2884
18588	38	11	7	2853	0	2909
18589	21	11	2762	98	0	2892
18590	29	8	65	2712	0	2814
18591	13	2721	29	94	0	2857
18592	24	68	18	2762	0	2872
18593	23	21	15	2756	0	2815
18594	2670	17	10	103	0	2800
18595	84	17	9	2725	0	2835
18596	31	8	2776	95	0	2910
18597	28	9	2745	40	0	2822
18598	22	5	2732	34	0	2793
18599	17	2683	88	31	0	2819
18600	2643	61	38	27	0	2769
18601	69	2608	18	27	0	2722
18602	2591	74	13	12	0	2690
18603	84	23	10	2555	0	2672
18604	32	23	2583	68	0	2706
18605	24	16	2499	29	0	2568
18606	16	2611	79	28	0	2734
18607	20	68	34	2607	0	2729
18608	23	24	19	2648	0	2714
18609	25	21	14	2659	0	2719
18610	14	15	2600	94	0	2723
18611	2435	7	71	58	0	2571
18612	68	14	2583	30	0	2695
18613	43	7	78	2528	0	2656
18614	31	10	29	2638	0	2708
18615	27	8	2551	88	0	2674
18616	2401	12	73	61	0	2547
18617	76	2585	34	28	0	2723
18618	2597	67	24	37	0	2725
18619	84	33	10	2566	0	2693
18620	29	2589	16	83	0	2717
18621	29	71	14	2634	0	2748
18622	2620	28	13	97	0	2758
18623	74	24	16	2602	0	2716
18624	49	12	2515	94	0	2670
18625	2462	14	69	53	0	2598
18626	2575	7	33	45	0	2660
18627	93	14	2521	34	0	2662
18628	62	11	70	2493	0	2636
18629	2564	15	33	84	0	2696
18630	89	12	26	2503	0	2630
18631	45	18	14	2471	0	2548
18632	35	10	12	2497	0	2554
18633	26	13	18	2513	0	2570
18634	19	11	2382	118	0	2530
18635	19	13	73	2401	0	2506
18636	15	11	2384	102	0	2512
18637	2328	9	88	60	0	2485
18638	2404	10	37	46	0	2497
18639	2391	15	22	43	0	2471
18640	2397	8	24	36	0	2465
18641	111	11	19	2291	0	2432
18642	2284	7	27	80	0	2398
18643	85	12	2239	54	0	2390
18644	43	12	2245	37	0	2337
18645	2131	7	88	37	0	2263
18646	75	2147	48	30	0	2300
18647	35	2145	32	35	0	2247
18648	34	78	23	2100	0	2235
18649	24	30	2100	76	0	2230
18650	2002	29	67	47	0	2145
18651	77	11	2091	35	0	2214
18652	31	1981	79	34	0	2125
18653	41	51	1959	23	0	2074
18654	15	1828	70	35	0	1948
18655	1609	61	53	17	0	1740
18656	51	1594	17	26	0	1688
18657	28	1552	14	16	0	1610
18658	33	53	9	1533	0	1628
18659	9	28	1507	52	0	1596
18660	19	24	41	1451	0	1535
18661	14	8	27	1497	0	1546
18662	13	8	1473	60	0	1554
18663	14	5	42	1429	0	1490
18664	14	1389	36	47	0	1486
18665	20	38	17	1465	0	1540
18666	1459	19	12	48	0	1538
18667	46	18	17	1461	0	1542
18668	34	8	1462	59	0	1563
18669	24	9	37	1499	0	1569
18670	18	6	1488	55	0	1567
18671	1464	5	48	44	0	1561
18672	39	12	33	1486	0	1570
18673	1490	5	21	60	0	1576
18674	50	11	1470	31	0	1562
18675	1401	8	42	34	0	1485
18676	49	1481	30	20	0	1580
18677	35	40	1490	14	0	1579
18678	31	24	39	1460	0	1554
18679	23	12	1509	42	0	1586
18680	13	1384	48	32	0	1477
18681	17	1456	30	25	0	1528
18682	1285	26	11	12	0	1334
18683	26	1350	10	9	0	1395
18684	1326	24	6	11	0	1367
18685	33	12	10	1360	0	1415
18686	22	4	1333	23	0	1382
18687	5	1346	24	18	0	1393
18688	6	22	15	1364	0	1407
18689	11	15	9	1411	0	1446
18690	15	3	7	1422	0	1447
18691	14	6	6	1366	0	1392
18692	7	1343	7	32	0	1389
18693	9	1386	7	18	0	1420
18694	1345	27	4	6	0	1382
18695	22	1321	8	6	0	1357
18696	8	19	14	1225	0	1266
18697	10	4	1207	23	0	1244
18698	5	1186	28	15	0	1234
18699	9	20	6	1156	0	1191
18700	11	14	4	1133	0	1162
18701	2	1155	4	29	0	1190
18702	1105	14	3	10	0	1132
18703	15	12	1124	5	0	1156
18704	1048	7	15	9	0	1079
18705	13	1109	6	6	0	1134
18706	1007	15	1	4	0	1027
18707	9	1014	3	6	0	1032
18708	7	13	3	1095	0	1118
18709	2	12	3	1113	0	1130
18710	1105	3	1	24	0	1133
18711	21	6	4	1107	0	1138
18712	8	5	1111	15	0	1139
18713	5	1090	16	10	0	1121
18714	4	1128	10	1	0	1143
18715	8	23	2	1107	0	1140
18716	6	8	1125	16	0	1155
18717	8	7	12	1065	0	1092
18718	10	4	4	1075	0	1093
18719	6	5	1055	24	0	1090
18720	7	6	1038	12	0	1063
18721	4	1066	16	6	0	1092
18722	1071	14	6	9	0	1100
18723	15	11	5	1053	0	1084
18724	8	1023	5	21	0	1057
18725	1052	16	4	12	0	1084
18726	15	12	3	1047	0	1077
18727	7	4	6	1051	0	1068
18728	3	1028	3	28	0	1062
18729	4	19	4	1021	0	1048
18730	1040	9	4	20	0	1073
18731	14	8	11	1047	0	1080
18732	19	7	5	1042	0	1073
18733	4	12	1034	22	0	1072
18734	12	4	972	15	0	1003
18735	1012	13	19	9	0	1053
18736	18	8	6	1014	0	1046
18737	13	6	3	1014	0	1036
18738	11	4	2	1037	0	1054
18739	5	8	1015	30	0	1058
18740	1000	5	16	21	0	1042
18741	18	4	8	1020	0	1050
18742	11	10	5	1045	0	1071
18743	1017	5	2	30	0	1054
18744	17	1023	9	13	0	1062
18745	9	16	1028	19	0	1072
18746	11	6	18	981	0	1016
18747	6	988	15	30	0	1039
18748	9	15	9	1017	0	1050
18749	1001	10	6	25	0	1042
18750	23	8	9	989	0	1029
18751	974	9	4	30	0	1017
18752	997	8	5	20	0	1030
18753	26	1	7	975	0	1009
18754	10	946	8	25	0	989
18755	10	996	6	20	0	1032
18756	5	28	986	11	0	1030
18757	4	11	19	950	0	984
18758	11	11	8	992	0	1022
18759	8	8	3	1024	0	1043
18760	975	3	26	34	0	1038
18761	19	6	8	1009	0	1042
18762	10	10	1008	28	0	1056
18763	999	5	16	16	0	1036
18764	21	5	9	1037	0	1072
18765	16	8	3	1055	0	1082
18766	10	7	1030	33	0	1080
18767	996	5	20	19	0	1040
18768	26	6	9	1006	0	1047
18769	6	8	1049	32	0	1095
18770	14	3	18	1050	0	1085
18771	15	5	10	1001	0	1031
18772	7	1074	6	38	0	1125
18773	1065	13	10	25	0	1113
18774	1060	8	9	19	0	1096
18775	25	1067	6	15	0	1113
18776	1055	15	6	22	0	1098
18777	1062	7	8	17	0	1094
18778	26	6	7	1059	0	1098
18779	19	6	988	26	0	1039
18780	10	3	975	20	0	1008
18781	8	2	948	12	0	970
18782	4	10	976	10	0	1000
18783	6	21	19	894	0	940
18784	14	3	7	955	0	979
18785	8	5	3	909	0	925
18786	8	4	3	929	0	944
18787	906	3	4	28	0	941
18788	20	934	4	14	0	972
18789	927	12	3	16	0	958
18790	18	8	938	9	0	973
18791	12	8	962	5	0	987
18792	14	10	22	965	0	1011
18793	999	1	11	31	0	1042
18794	984	2	5	17	0	1008
18795	26	989	4	9	0	1028
18796	9	1049	9	7	0	1074
18797	17	21	5	1038	0	1081
18798	1030	9	9	27	0	1075
18799	24	1043	11	12	0	1090
18800	1083	17	4	22	0	1126
18801	1107	8	5	9	0	1129
18802	1124	6	5	12	0	1147
18803	26	11	1081	5	0	1123
18804	11	1100	16	8	0	1135
18805	1076	16	12	13	0	1117
18806	1088	7	8	3	0	1106
18807	24	1056	3	6	0	1089
18808	19	976	2	2	0	999
18809	989	16	8	5	0	1018
18810	26	9	2	972	0	1009
18811	10	11	989	15	0	1025
18812	958	9	14	11	0	992
18813	27	7	5	992	0	1031
18814	13	1013	2	15	0	1043
18815	15	21	4	1019	0	1059
18816	9	11	1023	19	0	1062
18817	16	2	18	1016	0	1052
18818	1093	3	7	26	0	1129
18819	22	7	7	1092	0	1128
18820	19	4	4	1093	0	1120
18821	8	7	1198	30	0	1243
18822	7	12	15	1162	0	1196
18823	4	1206	7	25	0	1242
18824	1207	18	7	21	0	1253
18825	1183	7	3	21	0	1214
18826	29	3	1241	6	0	1279
18827	16	2	17	1211	0	1246
18828	6	1218	8	28	0	1260
18829	7	1259	7	9	0	1282
18830	1236	19	4	19	0	1278
18831	21	13	6	1243	0	1283
18832	15	6	1245	22	0	1288
18833	14	5	1232	7	0	1258
18834	8	4	23	1270	0	1305
18835	1267	4	11	28	0	1310
18836	1263	8	12	11	0	1294
18837	22	9	5	1318	0	1354
18838	17	7	1325	16	0	1365
18839	11	1329	18	16	0	1374
18840	1335	17	14	14	0	1380
18841	18	1353	14	7	0	1392
18842	1349	18	4	18	0	1389
18843	26	11	3	1354	0	1394
18844	14	9	1347	20	0	1390
18845	13	6	19	1327	0	1365
18846	1334	3	11	30	0	1378
18847	20	10	1383	11	0	1424
18848	16	1379	24	11	0	1430
18849	13	22	6	1395	0	1436
18850	1402	8	9	21	0	1440
18851	23	10	1425	17	0	1475
18852	14	5	23	1457	0	1499
18853	15	5	11	1502	0	1533
18854	14	10	1481	24	0	1529
18855	12	5	24	1460	0	1501
18856	11	15	1486	22	0	1534
18857	1436	2	24	18	0	1480
18858	25	5	13	1567	0	1610
18859	14	3	1692	21	0	1730
18860	11	1712	23	23	0	1769
18861	1760	20	13	22	0	1815
18862	1885	12	16	18	0	1931
18863	42	14	8	2079	0	2143
18864	17	2167	11	43	0	2238
18865	2171	39	6	20	0	2236
18866	49	11	10	2184	0	2254
18867	16	17	2183	46	0	2262
18868	2117	12	40	22	0	2191
18869	48	2106	9	23	0	2186
18870	23	40	15	2137	0	2215
18871	2157	9	14	46	0	2226
18872	45	24	2101	16	0	2186
18873	22	4	2132	21	0	2179
18874	33	8	45	2060	0	2146
18875	10	11	2183	42	0	2246
18876	27	7	51	2077	0	2162
18877	14	2117	16	49	0	2196
18878	9	36	19	2186	0	2250
18879	2169	11	13	60	0	2253
18880	44	15	2142	21	0	2222
18881	10	2167	47	28	0	2252
18882	24	39	19	2154	0	2236
18883	18	12	2255	46	0	2331
18884	12	22	44	2132	0	2210
18885	10	2144	19	55	0	2228
18886	13	2257	21	23	0	2314
18887	2170	42	10	27	0	2249
18888	42	2220	13	13	0	2288
18889	8	60	2155	10	0	2233
18890	1985	10	34	22	0	2051
18891	31	20	2188	4	0	2243
18892	21	4	41	2058	0	2124
18893	17	7	2179	30	0	2233
18894	9	2148	47	11	0	2215
18895	13	34	9	2171	0	2227
18896	19	7	17	2164	0	2207
18897	15	17	7	2136	0	2175
18898	7	5	2176	50	0	2238
18899	14	7	31	2106	0	2158
18900	13	5	8	2148	0	2174
18901	2091	3	14	52	0	2160
18902	2103	3	8	39	0	2153
18903	41	7	2118	19	0	2185
18904	20	2116	33	9	0	2178
18905	16	26	2118	14	0	2174
18906	15	7	47	2126	0	2195
18907	7	21	2158	35	0	2221
18908	9	6	49	2114	0	2178
18909	14	3	9	2192	0	2218
18910	3	5	2184	37	0	2229
18911	1962	4	32	32	0	2030
18912	32	2203	13	17	0	2265
18913	9	25	17	2222	0	2273
18914	16	7	2329	34	0	2386
18915	9	11	2280	15	0	2315
18916	2226	12	34	31	0	2303
18917	26	2328	22	13	0	2389
18918	14	28	17	2321	0	2380
18919	2354	8	7	39	0	2408
18920	37	16	8	2351	0	2412
18921	17	7	5	2383	0	2412
18922	17	4	2352	38	0	2411
18923	2232	9	33	34	0	2308
18924	2348	4	12	28	0	2392
18925	44	4	16	2366	0	2430
18926	2347	2	7	40	0	2396
18927	46	4	8	2324	0	2382
18928	12	2273	10	53	0	2348
18929	20	2368	7	14	0	2409
18930	11	40	4	2395	0	2450
18931	2336	17	13	53	0	2419
18932	40	13	5	2366	0	2424
18933	2360	6	5	56	0	2427
18934	2390	5	4	22	0	2421
18935	49	6	5	2361	0	2421
18936	25	5	4	2400	0	2434
18937	19	3	2348	49	0	2419
18938	10	1	2410	24	0	2445
18939	15	6	46	2365	0	2432
18940	5	5	2588	44	0	2642
18941	2521	1	54	27	0	2603
18942	47	2	17	2795	0	2861
18943	14	5	2965	54	0	3038
18944	2921	7	60	33	0	3021
18945	3173	4	25	26	0	3228
18946	94	3350	22	7	0	3473
18947	56	71	7	3415	0	3549
18948	25	31	3530	72	0	3658
18949	3528	18	76	48	0	3670
18950	3677	9	31	38	0	3755
18951	101	10	3602	14	0	3727
18952	3574	7	75	23	0	3679
18953	102	4	38	3524	0	3668
18954	58	2	22	3621	0	3703
18955	3564	2	14	106	0	3686
18956	3572	3	14	56	0	3645
18957	116	10	18	3514	0	3658
18958	58	5	3505	83	0	3651
18959	32	3384	76	46	0	3538
18960	27	62	3397	32	0	3518
18961	25	29	3378	13	0	3445
18962	16	3247	105	18	0	3386
18963	38	57	54	2929	0	3078
18964	20	33	22	3009	0	3084
18965	11	13	3005	81	0	3110
18966	25	7	63	2948	0	3043
18967	2989	7	33	72	0	3101
18968	71	8	3027	41	0	3147
18969	3054	8	61	49	0	3172
18970	3136	6	42	29	0	3213
18971	3188	2	20	23	0	3233
18972	106	6	3107	7	0	3226
18973	61	10	3132	11	0	3214
18974	50	2	92	3091	0	3235
18975	40	14	44	3000	0	3098
18976	22	3157	29	80	0	3288
18977	3163	55	24	56	0	3298
18978	3180	30	17	37	0	3264
18979	90	3192	20	32	0	3334
18980	3206	58	14	35	0	3313
18981	78	3179	11	16	0	3284
18982	3213	62	14	25	0	3314
18983	85	37	14	3073	0	3209
18984	43	19	3153	59	0	3274
18985	33	16	3134	31	0	3214
18986	18	15	87	3115	0	3235
18987	31	7	49	3157	0	3244
18988	15	14	3131	90	0	3250
18989	22	4	70	3088	0	3184
18990	29	9	45	3114	0	3197
18991	3100	5	29	121	0	3255
18992	3160	7	23	66	0	3256
18993	3124	7	13	46	0	3190
18994	108	6	3044	21	0	3179
18995	52	3060	70	18	0	3200
18996	47	49	43	3089	0	3228
18997	26	30	3232	65	0	3353
18998	33	3233	68	38	0	3372
18999	3259	65	45	32	0	3401
19000	79	36	22	3267	0	3404
19001	54	14	23	3328	0	3419
19002	3274	22	17	99	0	3412
19003	80	17	10	3298	0	3405
19004	64	12	17	3311	0	3404
19005	3320	17	10	113	0	3460
19006	78	14	3266	58	0	3416
19007	48	3287	64	30	0	3429
19008	3277	59	41	48	0	3425
19009	79	36	3333	26	0	3474
19010	3244	20	72	47	0	3383
19011	86	3375	47	26	0	3534
19012	3353	62	30	40	0	3485
19013	3361	34	24	40	0	3459
19014	3267	18	17	34	0	3336
19015	118	15	10	3163	0	3306
19016	68	14	16	3186	0	3284
19017	41	3171	22	98	0	3332
19018	36	3215	17	51	0	3319
19019	35	3287	18	37	0	3377
19020	3234	78	19	44	0	3375
19021	70	50	3224	20	0	3364
19022	64	26	56	3205	0	3351
19023	30	24	35	3240	0	3329
19024	28	3226	21	92	0	3367
19025	46	56	16	3252	0	3370
19026	42	37	12	3227	0	3318
19027	22	3263	17	107	0	3409
19028	3243	59	22	61	0	3385
19029	52	3306	11	32	0	3401
19030	45	68	3231	30	0	3374
19031	3198	51	60	30	0	3339
19032	67	3280	43	17	0	3407
19033	3259	56	18	40	0	3373
19034	69	46	19	3249	0	3383
19035	57	25	23	3263	0	3368
19036	48	22	3226	78	0	3374
19037	32	17	3207	47	0	3303
19038	37	13	74	3179	0	3303
19039	3160	9	36	84	0	3289
19040	2997	17	28	51	0	3093
19041	82	3024	22	22	0	3150
19042	33	2856	17	17	0	2923
19043	17	2773	14	11	0	2815
19044	60	58	24	2655	0	2797
19045	2563	12	55	57	0	2687
19046	2490	5	8	20	0	2523
19047	2452	4	1	18	0	2475
19048	39	4	2349	8	0	2400
19049	8	2806	32	16	0	2862
19050	15	42	9	3097	0	3163
19051	3226	11	3	55	0	3295
19052	69	7	2	3262	0	3340
19053	34	4	5	3405	0	3448
19054	3374	4	4	80	0	3462
19055	3665	7	6	33	0	3711
19056	89	6	3658	12	0	3765
19057	46	6	69	3656	0	3777
19058	17	5	3644	83	0	3749
19059	34	0	78	3611	0	3723
19060	12	4	3643	89	0	3748
19061	29	19	76	3595	0	3719
19062	3499	1	38	106	0	3644
19063	82	3487	15	46	0	3630
19064	33	3620	24	18	0	3695
19065	45	103	8	3278	0	3434
19066	15	3661	14	61	0	3751
19067	3594	82	5	43	0	3724
19068	3514	36	15	36	0	3601
19069	99	21	3470	24	0	3614
19070	46	3482	84	10	0	3622
19071	38	77	29	3467	0	3611
19072	17	40	3476	72	0	3605
19073	3427	16	74	52	0	3569
19074	99	22	32	3447	0	3600
19075	41	14	3459	79	0	3593
19076	38	13	77	3438	0	3566
19077	3424	6	36	100	0	3566
19078	84	15	3391	37	0	3527
19079	3336	7	84	37	0	3464
19080	3431	6	37	28	0	3502
19081	129	2	19	3343	0	3493
19082	48	14	3326	82	0	3470
19083	32	9	3294	41	0	3376
19084	3206	7	108	34	0	3355
19085	3338	5	38	25	0	3406
19086	114	5	3279	20	0	3418
19087	64	3	89	3249	0	3405
19088	47	2	38	3271	0	3358
19089	24	3294	23	118	0	3459
19090	38	75	22	3325	0	3460
19091	3315	32	21	106	0	3474
19092	105	10	14	3348	0	3477
19093	57	12	3292	96	0	3457
19094	3223	9	91	54	0	3377
19095	99	9	42	3283	0	3433
19096	48	14	3259	100	0	3421
19097	27	3123	85	51	0	3286
19098	3036	79	43	45	0	3203
19099	96	3159	24	25	0	3304
19100	3128	83	17	47	0	3275
19101	94	48	3087	29	0	3258
19102	51	3037	92	24	0	3204
19103	29	3136	39	27	0	3231
19104	43	104	28	3017	0	3192
19105	37	54	23	3096	0	3210
19106	42	24	3038	114	0	3218
19107	25	27	88	3050	0	3190
19108	3008	26	46	107	0	3187
19109	97	21	2945	56	0	3119
19110	52	18	95	2947	0	3112
19111	29	26	2945	96	0	3096
19112	2842	17	90	72	0	3021
19113	96	2912	55	36	0	3099
19114	2919	82	41	40	0	3082
19115	2979	41	23	42	0	3085
19116	3011	16	28	40	0	3095
19117	134	21	2829	22	0	3006
19118	73	2810	91	37	0	3011
19119	50	85	51	2780	0	2966
19120	56	36	31	2908	0	3031
19121	2967	22	25	127	0	3141
19122	118	19	31	2986	0	3154
19123	3022	18	21	123	0	3184
19124	3064	12	33	62	0	3171
19125	3085	14	29	48	0	3176
19126	3094	12	27	35	0	3168
19127	161	13	24	2947	0	3145
19128	2972	20	14	118	0	3124
19129	128	9	2854	63	0	3054
19130	2879	23	97	38	0	3037
19131	2984	11	43	39	0	3077
19132	161	13	2795	54	0	3023
19133	2884	17	99	26	0	3026
19134	2967	11	54	35	0	3067
19135	152	13	28	2852	0	3045
19136	103	12	25	2894	0	3034
19137	2823	35	29	139	0	3026
19138	140	9	20	2869	0	3038
19139	77	14	23	2842	0	2956
19140	38	2710	31	145	0	2924
19141	53	79	23	2748	0	2903
19142	2698	34	22	102	0	2856
19143	120	11	11	2673	0	2815
19144	67	15	27	2600	0	2709
19145	36	2513	18	124	0	2691
19146	49	72	13	2452	0	2586
19147	59	41	18	2442	0	2560
19148	2349	16	15	123	0	2503
19149	94	23	12	1798	0	1927
19150	48	7	1520	59	0	1634
19151	16	1319	36	43	0	1414
19152	15	1308	26	22	0	1371
19153	1219	41	25	21	0	1306
19154	42	1258	9	13	0	1322
19155	993	18	9	12	0	1032
19156	23	970	2	4	0	999
19157	976	21	4	2	0	1003
19158	27	11	0	969	0	1007
19159	18	3	2	983	0	1006
19160	7	971	3	25	0	1006
19161	10	17	0	996	0	1023
19162	7	11	995	19	0	1032
19163	953	2	15	20	0	990
19164	19	1095	8	11	0	1133
19165	1072	25	6	10	0	1113
19166	1076	13	2	6	0	1097
19167	1088	3	5	6	0	1102
19168	43	5	2	1025	0	1075
19169	21	3	2	1024	0	1050
19170	11	1043	2	32	0	1088
19171	1038	22	2	19	0	1081
19172	32	1047	1	9	0	1089
19173	1073	24	0	7	0	1104
19174	24	11	1070	11	0	1116
19175	1105	6	22	8	0	1141
19176	36	7	9	1101	0	1153
19177	21	3	1099	34	0	1157
19178	10	4	1107	19	0	1140
19179	12	5	40	1109	0	1166
19180	9	1	1126	35	0	1171
19181	13	2	27	1126	0	1168
19182	1073	4	20	34	0	1131
19183	36	2	8	1117	0	1163
19184	24	6	1092	31	0	1153
19185	8	1066	26	26	0	1126
19186	12	1122	20	9	0	1163
19187	16	42	3	1055	0	1116
19188	1088	15	2	33	0	1138
19189	26	7	6	1098	0	1137
19190	24	3	3	1101	0	1131
19191	7	3	1	1142	0	1153
19192	7	6	6	1124	0	1143
19193	7	6	1098	45	0	1156
19194	13	6	1056	24	0	1099
19195	1074	3	38	14	0	1129
19196	1099	1	17	19	0	1136
19197	43	8	4	1082	0	1137
19198	22	5	3	1113	0	1143
19199	8	3	1065	42	0	1118
19200	8	1064	25	23	0	1120
19201	1064	24	14	14	0	1116
19202	1081	17	4	13	0	1115
19203	42	4	8	1074	0	1128
19204	20	4	1076	34	0	1134
19205	12	9	27	1061	0	1109
19206	10	1075	13	32	0	1130
19207	11	24	1068	20	0	1123
19208	1062	15	25	9	0	1111
19209	26	10	18	1094	0	1148
19210	1107	3	9	29	0	1148
19211	27	8	1058	25	0	1118
19212	1063	8	24	14	0	1109
19213	35	4	18	1055	0	1112
19214	1077	5	4	33	0	1119
19215	31	4	8	1054	0	1097
19216	25	1003	9	30	0	1067
19217	11	1055	9	17	0	1092
19218	15	46	5	1028	0	1094
19219	11	18	1031	31	0	1091
19220	14	1027	23	21	0	1085
19221	7	28	17	866	0	918
19222	838	12	6	34	0	890
19223	851	5	3	15	0	874
19224	26	2	4	852	0	884
19225	12	4	6	861	0	883
19226	9	824	7	27	0	867
19227	9	862	5	15	0	891
19228	848	22	4	13	0	887
19229	23	10	2	843	0	878
19230	12	2	6	856	0	876
19231	3	6	840	31	0	880
19232	6	5	17	828	0	856
19233	8	5	12	824	0	849
19234	8	2	6	851	0	867
19235	6	10	834	26	0	876
19236	5	3	20	845	0	873
19237	841	3	11	33	0	888
19238	21	4	820	16	0	861
19239	862	4	20	15	0	901
19240	15	2	12	890	0	919
19241	12	3	13	935	0	963
19242	7	4	1	967	0	979
19243	12	8	917	36	0	973
19244	879	0	22	23	0	924
19245	22	963	12	12	0	1009
19246	996	23	7	12	0	1038
19247	24	993	5	9	0	1031
19248	19	25	2	1008	0	1054
19249	1000	11	4	29	0	1044
19250	26	3	982	17	0	1028
19251	946	6	21	17	0	990
19252	27	7	997	12	0	1043
19253	16	7	24	983	0	1030
19254	5	4	994	25	0	1028
19255	11	960	22	14	0	1007
19256	5	21	11	937	0	974
19257	935	12	5	24	0	976
19258	23	5	4	919	0	951
19259	10	905	2	26	0	943
19260	8	18	3	923	0	952
19261	908	12	3	26	0	949
19262	889	1	2	17	0	909
19263	34	902	3	5	0	944
19264	7	793	3	6	0	809
19265	6	16	1	777	0	800
19266	5	6	2	787	0	800
19267	777	2	2	20	0	801
19268	774	5	0	12	0	791
19269	16	797	4	6	0	823
19270	9	15	3	771	0	798
19271	9	6	1	779	0	795
19272	3	1	774	20	0	798
19273	4	756	10	10	0	780
19274	2	760	7	6	0	775
19275	4	9	1	725	0	739
19276	1	3	722	7	0	733
19277	1	2	726	7	0	736
19278	8	0	6	738	0	752
19279	4	2	3	750	0	759
19280	3	1	753	8	0	765
19281	4	2	7	752	0	765
19282	3	1	765	10	0	779
19283	780	2	10	7	0	799
19284	10	4	3	793	0	810
19285	6	2	797	10	0	815
19286	2	0	808	7	0	817
19287	6	0	12	845	0	863
19288	2	3	886	12	0	903
19289	4	1	884	8	0	897
19290	3	887	18	6	0	914
19291	904	12	8	8	0	932
19292	14	5	955	3	0	977
19293	8	7	12	945	0	972
19294	4	2	5	958	0	969
19295	4	3	3	989	0	999
19296	2	0	975	24	0	1001
19297	11	0	13	951	0	975
19298	965	2	7	16	0	990
19299	16	1	6	974	0	997
19300	6	1	982	19	0	1008
19301	6	2	14	965	0	987
19302	974	2	8	17	0	1001
19303	1014	6	5	9	0	1034
19304	995	2	0	13	0	1010
19305	26	0	4	986	0	1016
19306	998	0	7	18	0	1023
19307	998	3	3	10	0	1014
19308	1007	0	3	10	0	1020
19309	21	981	6	3	0	1011
19310	990	12	3	11	0	1016
19311	19	8	3	1003	0	1033
19312	5	3	1003	14	0	1025
19313	7	992	13	9	0	1021
19314	1001	13	6	11	0	1031
19315	17	6	6	1013	0	1042
19316	8	4	4	988	0	1004
19317	5	989	4	16	0	1014
19318	4	1004	4	12	0	1024
19319	971	18	1	4	0	994
19320	14	984	3	3	0	1004
19321	950	14	3	7	0	974
19322	14	955	4	7	0	980
19323	941	12	2	7	0	962
19324	19	933	4	3	0	959
19325	7	972	5	4	0	988
19326	951	17	1	11	0	980
19327	16	9	940	5	0	970
19328	7	950	14	4	0	975
19329	6	13	7	954	0	980
19330	4	6	7	993	0	1010
19331	8	4	3	959	0	974
19332	8	2	2	968	0	980
19333	5	2	971	20	0	998
19334	960	1	12	12	0	985
19335	20	3	4	973	0	1000
19336	1009	1	4	18	0	1032
19337	1041	3	0	10	0	1054
19338	1058	5	2	9	0	1074
19339	1025	4	1	2	0	1032
19340	34	2	997	3	0	1036
19341	11	4	18	966	0	999
19342	6	4	973	18	0	1001
19343	5	963	23	10	0	1001
19344	21	18	9	884	0	932
19345	7	10	5	926	0	948
19346	9	6	0	912	0	927
19347	11	0	2	918	0	931
19348	5	2	889	33	0	929
19349	6	2	13	895	0	916
19350	6	2	8	928	0	944
19351	913	3	7	30	0	953
19352	973	1	1	22	0	997
19353	35	4	3	971	0	1013
19354	22	2	2	976	0	1002
19355	12	2	1	1000	0	1015
19356	974	2	2	38	0	1016
19357	983	1	4	19	0	1007
19358	944	4	2	12	0	962
19359	974	1	3	7	0	985
19360	37	948	4	7	0	996
19361	950	22	1	12	0	985
19362	974	10	0	11	0	995
19363	36	5	2	927	0	970
19364	21	1	2	947	0	971
19365	914	1	3	40	0	958
19366	31	891	1	19	0	942
19367	18	922	1	10	0	951
19368	936	35	6	10	0	987
19369	35	10	2	952	0	999
19370	25	6	3	956	0	990
19371	14	4	2	980	0	1000
19372	12	2	0	981	0	995
19373	12	2	4	951	0	969
19374	8	918	0	45	0	971
19375	9	25	3	925	0	962
19376	921	11	3	33	0	968
19377	24	7	0	915	0	946
19378	17	1	1	922	0	941
19379	885	1	1	45	0	932
19380	28	886	2	22	0	938
19381	13	26	3	861	0	903
19382	9	872	0	28	0	909
19383	4	31	0	829	0	864
19384	11	4	803	29	0	847
19385	776	6	20	12	0	814
19386	22	774	5	15	0	816
19387	729	20	4	10	0	763
19388	24	8	754	9	0	795
19389	12	7	18	722	0	759
19390	10	722	7	23	0	762
19391	6	764	5	11	0	786
19392	725	25	6	9	0	765
19393	32	9	2	730	0	773
19394	9	6	800	23	0	838
19395	9	2	21	810	0	842
19396	4	4	814	30	0	852
19397	766	8	21	12	0	807
19398	23	6	823	11	0	863
19399	14	4	22	802	0	842
19400	7	813	7	31	0	858
19401	3	17	6	820	0	846
19402	6	830	4	22	0	862
19403	828	22	4	17	0	871
19404	23	4	3	872	0	902
19405	10	6	888	28	0	932
19406	7	3	864	15	0	889
19407	866	4	20	17	0	907
19408	960	5	9	11	0	985
19409	967	2	3	14	0	986
19410	955	3	1	8	0	967
19411	31	931	5	7	0	974
19412	952	18	3	11	0	984
19413	963	11	3	5	0	982
19414	29	6	941	8	0	984
19415	18	5	19	927	0	969
19416	951	2	10	23	0	986
19417	27	5	942	11	0	985
19418	17	3	18	928	0	966
19419	8	7	978	23	0	1016
19420	16	1	22	947	0	986
19421	7	999	10	20	0	1036
19422	1015	21	7	15	0	1058
19423	26	8	992	10	0	1036
19424	984	5	22	10	0	1021
19425	30	3	9	1007	0	1049
19426	1019	2	5	30	0	1056
19427	28	2	4	1041	0	1075
19428	1158	6	2	35	0	1201
19429	26	6	1133	11	0	1176
19430	1219	1	21	12	0	1253
19431	31	4	8	1241	0	1284
19432	11	2	2	1274	0	1289
19433	1253	7	3	30	0	1293
19434	27	2	3	1265	0	1297
19435	7	6	1267	25	0	1305
19436	16	5	16	1229	0	1266
19437	1170	4	6	21	0	1201
19438	18	1144	5	8	0	1175
19439	7	1163	1	6	0	1177
19440	1130	15	1	8	0	1154
19441	13	1225	2	3	0	1243
19442	5	10	1	1210	0	1226
19443	1228	3	1	15	0	1247
19444	1231	3	1	6	0	1241
19445	1223	3	1	8	0	1235
19446	11	0	1232	2	0	1245
19447	6	7	8	1219	0	1240
19448	2	1230	4	11	0	1247
19449	8	8	3	1246	0	1265
19450	5	2	1274	8	0	1289
19451	2	1222	10	6	0	1240
19452	3	11	2	1225	0	1241
19453	1181	2	0	10	0	1193
19454	2	1214	0	3	0	1219
19455	2	5	1264	0	0	1271
19456	5	2	7	1260	0	1274
19457	0	2	1302	9	0	1313
19458	6	0	11	1239	0	1256
19459	1325	0	3	12	0	1340
19460	13	0	0	1339	0	1352
19461	1344	1	1	16	0	1362
19462	1353	0	2	8	0	1363
19463	11	1390	3	3	0	1407
19464	1414	9	2	4	0	1429
19465	14	1402	0	3	0	1419
19466	6	13	1438	2	0	1459
19467	9	2	7	1428	0	1446
19468	4	1	1	1564	0	1570
19469	2	2	1521	10	0	1535
19470	2	1499	14	4	0	1519
19471	1531	10	4	6	0	1551
19472	1567	4	4	6	0	1581
19473	13	1	2	1634	0	1650
19474	12	1	0	1632	0	1645
19475	5	1	2	1669	0	1677
19476	1666	1	2	20	0	1689
19477	15	2	1641	4	0	1662
19478	6	2	1617	5	0	1630
19479	6	3	12	1671	0	1692
19480	4	3	1695	17	0	1719
19481	6	3	1682	4	0	1695
19482	6	2	15	1633	0	1656
19483	5	4	1754	16	0	1779
19484	1	1732	18	12	0	1763
19485	5	9	6	1769	0	1789
19486	6	4	1817	14	0	1841
19487	11	3	15	1774	0	1803
19488	4	1708	6	16	0	1734
19489	6	13	4	1760	0	1783
19490	3	6	1769	17	0	1795
19491	8	3	15	1666	0	1692
19492	1721	1	6	19	0	1747
19493	13	3	1741	6	0	1763
19494	1582	6	12	15	0	1615
19495	15	1690	5	6	0	1716
19496	1718	12	9	7	0	1746
19497	16	4	4	1716	0	1740
19498	6	1704	6	14	0	1730
19499	1767	14	2	15	0	1798
19500	20	5	2	1786	0	1813
19501	5	9	1809	17	0	1840
19502	7	1814	16	11	0	1848
19503	7	17	6	1851	0	1881
19504	1835	6	6	24	0	1871
19505	1788	3	6	15	0	1812
19506	24	1	3	1770	0	1798
19507	11	3	1775	19	0	1808
19508	1613	4	19	16	0	1652
19509	20	4	1763	7	0	1794
19510	14	4	20	1735	0	1773
19511	1779	3	8	31	0	1821
19512	20	1757	10	10	0	1797
19513	1774	18	3	20	0	1815
19514	22	8	1744	7	0	1781
19515	1754	5	24	11	0	1794
19516	33	3	9	1793	0	1838
19517	10	2	12	1842	0	1866
19518	10	5	1847	27	0	1889
19519	13	7	14	1774	0	1808
19520	1812	3	11	32	0	1858
19521	26	1	8	1809	0	1844
19522	13	1827	6	21	0	1867
19523	15	22	4	1828	0	1869
19524	8	1831	6	29	0	1874
19525	7	21	1840	12	0	1880
19526	1749	11	22	14	0	1796
19527	21	5	7	1843	0	1876
19528	14	6	1713	28	0	1761
19529	11	1694	23	11	0	1739
19530	5	23	9	1678	0	1715
19531	11	8	11	1685	0	1715
19532	1669	8	5	30	0	1712
19533	21	10	8	1669	0	1708
19534	1665	2	7	34	0	1708
19535	1667	4	8	21	0	1700
19536	27	1701	9	14	0	1751
19537	1742	26	4	20	0	1792
19538	39	7	9	1924	0	1979
19539	21	9	1924	33	0	1987
19540	1900	5	28	27	0	1960
19541	38	3	14	1887	0	1942
19542	20	2	1872	37	0	1931
19543	1788	3	29	21	0	1841
19544	37	5	13	1868	0	1923
19545	18	1864	14	34	0	1930
19546	20	32	5	1832	0	1889
19547	10	1874	9	34	0	1927
19548	1831	34	7	24	0	1896
19549	34	8	1879	14	0	1935
19550	19	1821	36	13	0	1889
19551	18	27	10	1840	0	1895
19552	6	14	1848	36	0	1904
19553	10	16	1770	13	0	1809
19554	7	1805	31	18	0	1861
19555	18	39	23	1728	0	1808
19556	14	15	8	1768	0	1805
19557	16	10	8	2131	0	2165
19558	2206	8	5	70	0	2289
19559	54	10	2415	26	0	2505
19560	25	2434	54	19	0	2532
19561	26	57	20	2385	0	2488
19562	12	24	18	2495	0	2549
19563	17	14	2420	70	0	2521
19564	18	12	55	2405	0	2490
19565	9	5	2407	74	0	2495
19566	13	5	2346	26	0	2390
19567	8	5	2335	24	0	2372
19568	28	8	72	2190	0	2298
19569	16	5	27	2285	0	2333
19570	12	11	17	2344	0	2384
19571	2297	7	9	80	0	2393
19572	54	2270	13	37	0	2374
19573	2243	54	12	31	0	2340
19574	2201	19	11	24	0	2255
19575	2255	10	14	21	0	2300
19576	73	2250	16	16	0	2355
19577	2252	61	11	26	0	2350
19578	2287	20	5	17	0	2329
19579	82	9	12	2215	0	2318
19580	34	17	8	2284	0	2343
19581	26	10	4	2327	0	2367
19582	15	9	2249	85	0	2358
19583	2191	9	62	38	0	2300
19584	68	10	21	2230	0	2329
19585	2179	9	16	82	0	2286
19586	63	2171	20	27	0	2281
19587	31	60	15	2183	0	2289
19588	20	17	13	2262	0	2312
19589	2201	8	14	83	0	2306
19590	68	8	16	2205	0	2297
19591	2056	7	10	100	0	2173
19592	2162	10	6	52	0	2230
19593	90	2050	8	24	0	2172
19594	35	2153	8	29	0	2225
19595	30	73	6	2050	0	2159
19596	12	2115	7	67	0	2201
19597	30	62	8	2121	0	2221
19598	20	21	2096	73	0	2210
19599	11	13	2050	36	0	2110
19600	1937	14	65	34	0	2050
19601	1985	4	28	29	0	2046
19602	61	1951	23	19	0	2054
19603	1910	52	17	22	0	2001
19604	61	1987	5	28	0	2081
19605	30	48	11	2012	0	2101
19606	25	22	7	2058	0	2112
19607	21	13	9	2045	0	2088
19608	14	7	11	2065	0	2097
19609	1986	9	11	80	0	2086
19610	53	1973	12	44	0	2082
19611	1992	46	12	31	0	2081
19612	2046	17	12	22	0	2097
19613	75	14	1988	18	0	2095
19614	1953	11	54	23	0	2041
19615	68	1934	20	24	0	2046
19616	36	56	10	1942	0	2044
19617	23	28	7	1925	0	1983
19618	19	1926	13	68	0	2026
19619	1934	59	14	35	0	2042
19620	73	28	1907	22	0	2030
19621	1901	14	54	31	0	2000
19622	74	14	1919	27	0	2034
19623	44	8	61	1918	0	2031
19624	31	13	25	1981	0	2050
19625	21	19	21	1984	0	2045
19626	1961	10	18	92	0	2081
19627	69	12	1984	54	0	2119
19628	1993	11	57	55	0	2116
19629	2033	10	28	40	0	2111
19630	2017	15	22	35	0	2089
19631	2025	10	24	30	0	2089
19632	96	7	13	1980	0	2096
19633	43	10	1965	71	0	2089
19634	43	12	54	1975	0	2084
19635	30	17	1936	71	0	2054
19636	33	14	1869	43	0	1959
19637	29	1852	54	31	0	1966
19638	31	54	20	1650	0	1755
19639	25	24	9	1691	0	1749
19640	33	9	11	1581	0	1634
19641	27	15	7	1680	0	1729
19642	1662	11	12	65	0	1750
19643	1696	7	10	33	0	1746
19644	77	9	8	1654	0	1748
19645	43	9	1622	71	0	1745
19646	25	10	44	1658	0	1737
19647	17	7	16	1716	0	1756
19648	17	6	1666	81	0	1770
19649	27	9	45	1650	0	1731
19650	1666	5	14	77	0	1762
19651	1688	8	12	32	0	1740
19652	1675	11	6	25	0	1717
19653	70	13	6	1643	0	1732
19654	1631	11	1	63	0	1706
19655	1637	10	5	44	0	1696
19656	69	9	1590	27	0	1695
19657	16	5	1167	16	0	1204
19658	19	4	1141	7	0	1171
19659	862	8	6	7	0	883
19660	9	875	2	6	0	892
19661	853	6	4	3	0	866
19662	9	978	2	1	0	990
19663	5	9	1	990	0	1005
19664	5	2	4	993	0	1004
19665	7	0	0	991	0	998
19666	2	2	989	10	0	1003
19667	950	0	8	7	0	965
19668	11	1	1	972	0	985
19669	1	5	982	10	0	998
19670	5	1	929	2	0	937
19671	921	3	8	5	0	937
19672	8	972	5	6	0	991
19673	990	6	1	4	0	1001
19674	987	1	2	4	0	994
19675	8	978	3	0	0	989
19676	965	6	1	1	0	973
19677	7	3	1021	0	0	1031
19678	5	3	972	0	0	980
19679	4	0	1064	1	0	1069
19680	2	4	6	1027	0	1039
19681	1	1	1049	5	0	1056
19682	994	0	5	4	0	1003
19683	1026	0	1	3	0	1030
19684	4	1	1041	0	0	1046
19685	2	0	4	1024	0	1030
19686	1043	0	1	8	0	1052
19687	5	1094	2	3	0	1104
19688	3	1124	1	0	0	1128
19689	1128	4	0	2	0	1134
19690	5	2	1192	0	0	1199
19691	3	2	3	1150	0	1158
19692	0	0	5	1159	0	1164
19693	1	0	0	1185	0	1186
19694	0	1168	2	5	0	1175
19695	6	7	0	1120	0	1133
19696	1261	0	0	13	0	1274
19697	8	0	1	1311	0	1320
19698	1	1340	1	8	0	1350
19699	1350	8	0	3	0	1361
19700	8	0	0	1359	0	1367
19701	2	1	0	1403	0	1406
19702	1483	0	0	12	0	1495
19703	1488	1	0	6	0	1495
19704	13	0	0	1508	0	1521
19705	1553	0	0	14	0	1567
19706	1567	0	0	7	0	1574
19707	11	1585	1	4	0	1601
19708	1590	10	0	9	0	1609
19709	13	1576	0	3	0	1592
19710	6	13	1	1599	0	1619
19711	6	4	1678	11	0	1699
19712	5	3	10	1655	0	1673
19713	10	1	1	1668	0	1680
19714	4	2	2	1753	0	1761
19715	1735	0	1	24	0	1760
19716	18	1745	2	5	0	1770
19717	1808	12	0	13	0	1833
19718	20	1896	1	9	0	1926
19719	1926	16	0	10	0	1952
19720	1938	2	0	5	0	1945
19721	1930	10	0	14	0	1954
19722	1889	3	4	9	0	1905
19723	23	9	1929	2	0	1963
19724	15	2	17	1955	0	1989
19725	22	1	5	2033	0	2061
19726	3	5	2016	28	0	2052
19727	1942	0	22	20	0	1984
19728	29	2	5	1991	0	2027
19729	9	4	1980	29	0	2022
19730	9	6	1952	8	0	1975
19731	20	2	21	1996	0	2039
19732	7	9	2033	25	0	2074
19733	19	3	22	1995	0	2039
19734	28	3	6	2005	0	2042
19735	9	6	2019	25	0	2059
19736	1939	1	19	16	0	1975
19737	27	2	10	2021	0	2060
19738	10	3	2029	31	0	2073
19739	20	3	22	2014	0	2059
19740	2018	3	11	37	0	2069
19741	30	4	2014	16	0	2064
19742	1949	1	26	29	0	2005
19743	2085	3	12	11	0	2111
19744	40	1	12	2069	0	2122
19745	20	1	9	2062	0	2092
19746	18	5	2042	34	0	2099
19747	13	6	22	2019	0	2060
19748	26	5	14	1880	0	1925
19749	13	3	16	2032	0	2064
19750	12	6	2011	40	0	2069
19751	1966	4	30	24	0	2024
19752	2027	1	12	25	0	2065
19753	2040	1	8	29	0	2078
19754	2069	4	11	19	0	2103
19755	46	0	14	2068	0	2128
19756	2045	7	3	43	0	2098
19757	2095	4	12	27	0	2138
19758	1699	15	12	53	0	1779
19759	2073	3	5	24	0	2105
19760	36	2072	13	14	0	2135
19761	2099	16	3	28	0	2146
19762	2033	4	10	19	0	2066
19763	39	2027	13	17	0	2096
19764	2031	20	10	22	0	2083
19765	45	7	11	2030	0	2093
19766	24	5	13	2037	0	2079
19767	2023	3	9	39	0	2074
19768	44	1981	11	18	0	2054
19769	20	2001	9	24	0	2054
19770	27	21	12	2026	0	2086
19771	18	10	2054	33	0	2115
19772	20	7	26	2014	0	2067
19773	27	5	9	2039	0	2080
19774	2022	7	12	41	0	2082
19775	2034	4	8	28	0	2074
19776	48	5	13	2013	0	2079
19777	19	8	1989	34	0	2050
19778	32	0	23	2017	0	2072
19779	2011	5	15	46	0	2077
19780	37	4	2094	24	0	2159
19781	23	2127	33	21	0	2204
19782	2159	34	18	16	0	2227
19783	57	8	9	2147	0	2221
19784	28	6	5	2156	0	2195
19785	15	10	17	2181	0	2223
19786	15	3	2138	55	0	2211
19787	1993	5	31	29	0	2058
19788	40	10	2066	26	0	2142
19789	25	2039	36	23	0	2123
19790	22	25	13	2055	0	2115
19791	20	5	19	2081	0	2125
19792	36	5	8	2175	0	2224
19793	27	7	2140	52	0	2226
19794	25	5	2109	20	0	2159
19795	19	7	2120	30	0	2176
19796	17	2116	47	18	0	2198
19797	43	32	23	2104	0	2202
19798	2123	9	15	52	0	2199
19799	2232	9	13	25	0	2279
19800	59	8	2288	20	0	2375
19801	32	2293	47	16	0	2388
19802	18	40	2230	22	0	2310
19803	18	2270	55	17	0	2360
19804	2159	74	32	17	0	2282
19805	2143	25	23	17	0	2208
19806	56	2127	17	17	0	2217
19807	2144	52	19	4	0	2219
19808	71	22	6	2105	0	2204
19809	41	16	7	2144	0	2208
19810	2127	11	11	65	0	2214
19811	2040	9	7	36	0	2092
19812	2021	7	9	34	0	2071
19813	72	1960	12	25	0	2069
19814	41	2013	9	20	0	2083
19815	2013	58	6	22	0	2099
19816	63	22	1973	18	0	2076
19817	36	54	46	1861	0	1997
19818	1803	15	22	53	0	1893
19819	60	1761	20	17	0	1858
19820	28	1858	14	19	0	1919
19821	1843	52	6	25	0	1926
19822	62	29	1804	9	0	1904
19823	1692	36	41	14	0	1783
19824	58	16	1692	13	0	1779
19825	31	9	1660	6	0	1706
19826	22	9	55	1608	0	1694
19827	17	7	1642	43	0	1709
19828	1613	5	60	21	0	1699
19829	1660	11	26	18	0	1715
19830	1683	7	18	17	0	1725
19831	1681	4	18	7	0	1710
19832	74	9	10	1590	0	1683
19833	1619	6	12	42	0	1679
19834	66	1570	13	18	0	1667
19835	42	41	7	1524	0	1614
19836	25	1617	9	49	0	1700
19837	1682	47	7	20	0	1756
19838	1688	23	4	21	0	1736
19839	66	16	6	1648	0	1736
19840	1702	21	6	47	0	1776
19841	1730	7	9	24	0	1770
19842	71	11	8	1674	0	1764
19843	40	11	9	1684	0	1744
19844	42	6	6	1698	0	1752
19845	25	7	1627	70	0	1729
19846	22	11	1601	33	0	1667
19847	21	9	1646	29	0	1705
19848	19	7	64	1651	0	1741
19849	22	7	1688	52	0	1769
19850	27	9	59	1668	0	1763
19851	18	8	1749	57	0	1832
19852	20	9	1708	32	0	1769
19853	1644	8	63	34	0	1749
19854	46	1689	33	27	0	1795
19855	1720	45	34	16	0	1815
19856	62	13	25	1717	0	1817
19857	39	20	16	1693	0	1768
19858	29	16	1683	58	0	1786
19859	31	1678	44	34	0	1787
19860	22	43	14	1711	0	1790
19861	20	16	1719	47	0	1802
19862	15	1662	46	33	0	1756
19863	17	45	19	1668	0	1749
19864	1649	19	26	59	0	1753
19865	1665	22	14	23	0	1724
19866	63	13	11	1657	0	1744
19867	1650	13	13	63	0	1739
19868	62	1670	11	22	0	1765
19869	44	37	10	1661	0	1752
19870	24	19	1705	51	0	1799
19871	37	13	41	1686	0	1777
19872	22	15	1694	55	0	1786
19873	1652	12	50	30	0	1744
19874	56	13	26	1687	0	1782
19875	27	1699	16	59	0	1801
19876	35	36	21	1749	0	1841
19877	28	17	1710	56	0	1811
19878	13	17	1700	32	0	1762
19879	18	13	1681	23	0	1735
19880	1524	9	71	24	0	1628
19881	35	1566	33	13	0	1647
19882	28	28	23	1543	0	1622
19883	1555	15	18	37	0	1625
19884	42	1573	11	23	0	1649
19885	1641	48	8	19	0	1716
19886	1647	16	9	32	0	1704
19887	1697	18	7	16	0	1738
19888	1693	14	13	10	0	1730
19889	58	7	1638	10	0	1713
19890	1601	9	30	14	0	1654
19891	56	3	1610	5	0	1674
19892	1458	2	36	5	0	1501
19893	45	3	17	1529	0	1594
19894	33	3	1506	24	0	1566
19895	22	1451	29	14	0	1516
19896	36	68	15	1361	0	1480
19897	13	1381	16	28	0	1438
19898	10	1411	14	15	0	1450
19899	1246	19	6	11	0	1282
19900	15	3	1205	4	0	1227
19901	4	1188	11	5	0	1208
19902	1154	11	10	4	0	1179
19903	8	1190	3	10	0	1211
19904	1181	6	2	4	0	1193
19905	7	4	2	1173	0	1186
19906	1176	0	2	10	0	1188
19907	11	0	2	1172	0	1185
19908	1210	2	1	9	0	1222
19909	11	0	1	1199	0	1211
19910	6	1258	3	6	0	1273
19911	5	9	1	1282	0	1297
19912	1291	0	1	11	0	1303
19913	9	1276	5	1	0	1291
19914	8	8	0	1294	0	1310
19915	1314	1	6	11	0	1332
19916	12	0	3	1324	0	1339
19917	6	2	1	1324	0	1333
19918	2	3	1344	8	0	1357
19919	3	3	1329	3	0	1338
19920	5	2	8	1328	0	1343
19921	3	2	1418	8	0	1431
19922	5	4	9	1363	0	1381
19923	14	2	3	1273	0	1292
19924	6	5	3	1398	0	1412
19925	1	4	1399	10	0	1414
19926	12	1	6	1343	0	1362
19927	4	3	2	1391	0	1400
19928	5	1414	2	10	0	1431
19929	8	7	0	1433	0	1448
19930	1435	4	1	10	0	1450
19931	13	0	0	1465	0	1478
19932	5	1	1703	16	0	1725
19933	1647	2	31	12	0	1692
19934	33	1876	15	5	0	1929
19935	27	33	9	1907	0	1976
19936	13	13	1883	36	0	1945
19937	1753	11	31	25	0	1820
19938	34	1852	18	13	0	1917
19939	1870	32	12	15	0	1929
19940	42	17	13	1849	0	1921
19941	1863	9	5	37	0	1914
19942	46	9	1842	18	0	1915
19943	24	1809	38	12	0	1883
19944	11	2038	15	14	0	2078
19945	2030	53	11	15	0	2109
19946	2047	24	8	13	0	2092
19947	53	17	2027	5	0	2102
19948	1979	8	31	8	0	2026
19949	2070	2	19	10	0	2101
19950	2081	4	9	10	0	2104
19951	56	2009	12	2	0	2079
19952	36	2068	2	3	0	2109
19953	2054	49	4	9	0	2116
19954	2068	21	1	16	0	2106
19955	52	2081	2	2	0	2137
19956	31	47	2	2086	0	2166
19957	25	22	2069	31	0	2147
19958	2057	8	35	25	0	2125
19959	1999	13	16	34	0	2062
19960	2209	4	11	22	0	2246
19961	59	2173	11	2	0	2245
19962	39	35	2206	2	0	2282
19963	2254	18	33	8	0	2313
19964	48	11	20	2273	0	2352
19965	29	8	11	2304	0	2352
19966	19	4	10	2365	0	2398
19967	16	4	2335	57	0	2412
19968	16	4	34	2281	0	2335
19969	13	2	2345	52	0	2412
19970	8	2301	42	29	0	2380
19971	2242	34	27	22	0	2325
19972	35	2273	10	17	0	2335
19973	18	2353	10	13	0	2394
19974	2348	54	3	12	0	2417
19975	44	2403	5	6	0	2458
19976	26	49	12	2342	0	2429
19977	13	2391	3	28	0	2435
19978	2345	39	20	20	0	2424
19979	35	2370	2	10	0	2417
19980	27	35	0	2371	0	2433
19981	13	32	2370	29	0	2444
19982	19	17	27	2375	0	2438
19983	5	2389	22	39	0	2455
19984	7	33	8	2447	0	2495
19985	11	20	9	2412	0	2452
19986	7	11	4	2323	0	2345
19987	10	10	4	2426	0	2450
19988	6	2	6	2435	0	2449
19989	7	5	2	2473	0	2487
19990	3	8	2399	71	0	2481
19991	2317	5	37	44	0	2403
19992	45	3	20	2507	0	2575
19993	20	10	2487	55	0	2572
19994	19	8	2492	31	0	2550
19995	19	1	65	2544	0	2629
19996	2574	4	35	66	0	2679
19997	47	8	2541	24	0	2620
19998	2503	9	51	25	0	2588
19999	65	8	2713	16	0	2802
20000	43	9	61	2681	0	2794
20001	23	6	34	2782	0	2845
20002	17	13	2716	67	0	2813
20003	2581	7	59	46	0	2693
20004	63	5	23	2708	0	2799
20005	31	10	2726	58	0	2825
20006	19	5	2741	27	0	2792
20007	26	11	69	2633	0	2739
20008	11	2701	42	58	0	2812
20009	2759	47	23	33	0	2862
20010	2734	24	16	24	0	2798
20011	74	21	2719	16	0	2830
20012	53	12	56	2641	0	2762
20013	2716	5	30	59	0	2810
20014	66	14	2713	32	0	2825
20015	2627	6	57	34	0	2724
20016	72	2694	27	16	0	2809
20017	54	46	17	2750	0	2867
20018	29	24	15	2787	0	2855
20019	2852	17	5	80	0	2954
20020	56	13	9	2853	0	2931
20021	35	3	7	2812	0	2857
20022	30	7	10	2844	0	2891
20023	2765	4	7	104	0	2880
20024	59	7	2752	54	0	2872
20025	2752	7	57	39	0	2855
20026	2812	5	27	28	0	2872
20027	2859	7	20	23	0	2909
20028	99	4	15	2765	0	2883
20029	55	7	2765	58	0	2885
20030	30	2669	62	31	0	2792
20031	16	2716	33	24	0	2789
20032	14	2576	11	6	0	2607
20033	19	39	2568	11	0	2637
20034	17	28	36	2916	0	2997
20035	3007	8	8	65	0	3088
20036	3268	1	5	40	0	3314
20037	96	1	2	3384	0	3483
20038	42	2	3361	69	0	3474
20039	20	0	3373	33	0	3426
20040	15	0	91	3366	0	3472
20041	11	1	3424	69	0	3505
20042	17	5	78	3405	0	3505
20043	26	1	34	3320	0	3381
20044	8	3336	20	104	0	3468
20045	14	66	9	3404	0	3493
20046	22	28	13	3489	0	3552
20047	3429	17	7	113	0	3566
20048	78	3	4	3483	0	3568
20049	45	7	8	3464	0	3524
20050	3382	1	15	112	0	3510
20051	76	3360	14	59	0	3509
20052	3410	64	15	36	0	3525
20053	94	28	3358	17	0	3497
20054	3345	13	77	37	0	3472
20055	3367	5	46	30	0	3448
20056	108	13	3287	17	0	3425
20057	54	9	3294	30	0	3387
20058	43	11	113	3128	0	3295
20059	3184	8	57	92	0	3341
20060	85	5	3149	52	0	3291
20061	59	3	90	3135	0	3287
20062	29	5	3162	97	0	3293
20063	28	5	87	3126	0	3246
20064	35	10	47	3166	0	3258
20065	3101	4	36	132	0	3273
20066	3108	2	18	88	0	3216
20067	3213	4	20	52	0	3289
20068	127	9	3156	37	0	3329
20069	61	6	3176	40	0	3283
20070	51	18	113	3095	0	3277
20071	41	15	59	3163	0	3278
20072	52	11	34	3240	0	3337
20073	3040	5	36	154	0	3235
20074	88	3091	30	84	0	3293
20075	3067	75	20	63	0	3225
20076	3010	41	22	57	0	3130
20077	115	3010	26	42	0	3193
20078	63	3104	20	44	0	3231
20079	3055	98	20	41	0	3214
20080	93	42	25	3014	0	3174
20081	59	2991	19	119	0	3188
20082	66	78	16	3024	0	3184
20083	62	39	2972	116	0	3189
20084	59	22	89	2984	0	3154
20085	2964	8	63	138	0	3173
20086	111	13	2963	67	0	3154
20087	74	10	2956	61	0	3101
20088	46	33	148	2794	0	3021
20089	34	2805	77	119	0	3035
20090	37	2845	35	93	0	3010
20091	35	2954	32	73	0	3094
20092	2898	96	30	71	0	3095
20093	2914	48	27	64	0	3053
20094	2855	28	20	65	0	2968
20095	125	2830	18	63	0	3036
20096	2895	67	21	68	0	3051
20097	2895	34	26	63	0	3018
20098	130	44	2809	42	0	3025
20099	94	2693	73	33	0	2893
20100	55	74	63	2698	0	2890
20101	2708	41	52	92	0	2893
20102	115	24	2685	63	0	2887
20103	73	13	94	2588	0	2768
20104	54	2630	70	90	0	2844
20105	45	71	47	2665	0	2828
20106	64	43	36	2680	0	2823
20107	2660	24	50	113	0	2847
20108	2688	18	38	104	0	2848
20109	107	30	46	2639	0	2822
20110	69	29	2595	111	0	2804
20111	47	23	2540	92	0	2702
20112	2564	12	94	76	0	2746
20113	127	25	2624	41	0	2817
20114	91	25	78	2378	0	2572
20115	61	2480	65	77	0	2683
20116	2444	58	61	59	0	2622
20117	95	2491	38	51	0	2675
20118	2519	72	40	58	0	2689
20119	93	44	27	2522	0	2686
20120	69	24	19	2575	0	2687
20121	2531	39	14	118	0	2702
20122	2558	32	25	55	0	2670
20123	147	26	28	2477	0	2678
20124	90	30	21	2505	0	2646
20125	58	39	2398	102	0	2597
20126	55	37	2411	62	0	2565
20127	2357	27	87	59	0	2530
20128	96	35	2336	40	0	2507
20129	2323	22	79	71	0	2495
20130	2365	19	83	54	0	2521
20131	103	24	2302	57	0	2486
20132	84	2183	76	37	0	2380
20133	62	2187	66	36	0	2351
20134	33	35	1678	20	0	1766
20135	57	120	86	1398	0	1661
20136	1290	26	43	44	0	1403
20137	1261	5	6	16	0	1288
20138	1463	5	7	13	0	1488
20139	1745	4	6	17	0	1772
20140	1775	3	7	11	0	1796
20141	48	1779	7	7	0	1841
20142	1783	37	3	12	0	1835
20143	42	1753	7	4	0	1806
20144	1691	36	3	7	0	1737
20145	40	18	1646	1	0	1705
20146	30	0	32	1591	0	1653
20147	19	6	6	1572	0	1603
20148	11	1591	1	38	0	1641
20149	1569	33	3	30	0	1635
20150	1630	15	2	8	0	1655
20151	56	4	1	1588	0	1649
20152	19	6	7	1612	0	1644
20153	1587	2	5	57	0	1651
20154	50	2	4	1583	0	1639
20155	21	6	2	1611	0	1640
20156	1584	5	1	52	0	1642
20157	58	4	0	1587	0	1649
20158	1584	3	1	48	0	1636
20159	1597	3	2	27	0	1629
20160	59	2	1562	6	0	1629
20161	1572	4	33	28	0	1637
20162	1579	4	8	21	0	1612
20163	1582	2	3	16	0	1603
20164	48	1	1523	14	0	1586
20165	28	0	33	1503	0	1564
20166	22	3	10	1542	0	1577
20167	13	5	1507	44	0	1569
20168	1488	1	34	16	0	1539
20169	58	0	11	1468	0	1537
20170	24	1	1439	40	0	1504
20171	14	3	1493	10	0	1520
20172	19	1	43	1476	0	1539
20173	5	2	1512	52	0	1571
20174	15	0	45	1498	0	1558
20175	17	2	13	1516	0	1548
20176	13	3	1496	57	0	1569
20177	19	4	43	1437	0	1503
20178	13	1435	17	40	0	1505
20179	7	1503	9	20	0	1539
20180	1464	39	14	11	0	1528
20181	1489	7	9	18	0	1523
20182	47	1462	10	16	0	1535
20183	1462	35	9	16	0	1522
20184	1490	8	3	21	0	1522
20185	58	7	9	1454	0	1528
20186	25	11	6	1488	0	1530
20187	1436	8	2	57	0	1503
20188	50	1414	8	15	0	1487
20189	24	1437	5	8	0	1474
20190	20	42	5	1411	0	1478
20191	19	13	1386	52	0	1470
20192	1321	7	39	26	0	1393
20193	1349	6	11	25	0	1391
20194	1328	4	5	23	0	1360
20195	49	1360	5	15	0	1429
20196	26	43	3	1348	0	1420
20197	19	19	4	1385	0	1427
20198	1343	7	8	53	0	1411
20199	57	1333	5	19	0	1414
20200	32	43	7	1330	0	1412
20201	33	11	8	1350	0	1402
20202	36	8	2	1342	0	1388
20203	1321	9	6	59	0	1395
20204	49	1310	6	32	0	1397
20205	38	41	3	1267	0	1349
20206	16	1327	6	46	0	1395
20207	1309	40	7	25	0	1381
20208	49	15	1289	22	0	1375
20209	1293	10	41	27	0	1371
20210	54	6	1268	22	0	1350
20211	27	22	37	1241	0	1327
20212	1233	6	15	54	0	1308
20213	50	17	1190	23	0	1280
20214	1198	7	32	21	0	1258
20215	1232	5	15	27	0	1279
20216	1251	4	8	14	0	1277
20217	57	4	15	1177	0	1253
20218	30	5	8	1192	0	1235
20219	34	3	6	1194	0	1237
20220	1144	1	13	55	0	1213
20221	56	1179	8	27	0	1270
20222	1213	33	7	20	0	1273
20223	1249	7	12	17	0	1285
20224	65	9	1185	12	0	1271
20225	1203	10	33	18	0	1264
20226	1231	6	10	24	0	1271
20227	68	3	13	1200	0	1284
20228	25	8	16	1232	0	1281
20229	28	5	8	1237	0	1278
20230	1220	4	9	48	0	1281
20231	1224	6	16	23	0	1269
20232	1188	2	9	21	0	1220
20233	52	1094	8	16	0	1170
20234	24	1090	14	14	0	1142
20235	11	1107	5	18	0	1141
20236	1085	33	6	23	0	1147
20237	36	8	1067	21	0	1132
20238	18	2	853	16	0	889
20239	529	2	10	3	0	544
20240	8	1	539	1	0	549
20241	3	2	3	441	0	449
20242	3	456	0	1	0	460
20243	470	2	2	3	0	477
20244	470	0	2	3	0	475
20245	473	0	0	2	0	475
20246	7	0	0	534	0	541
20247	1	1	548	3	0	553
20248	3	1	539	1	0	544
20249	541	1	3	4	0	549
20250	544	0	2	1	0	547
20251	538	0	1	1	0	540
20252	7	0	0	547	0	554
20253	1	1	0	556	0	558
20254	2	1	561	3	0	567
20255	561	1	2	3	0	567
20256	5	0	0	596	0	601
20257	4	0	2	573	0	579
20258	3	1	0	589	0	593
20259	1	587	1	5	0	594
20260	1	3	1	579	0	584
20261	2	1	0	584	0	587
20262	579	3	0	3	0	585
20263	3	0	569	2	0	574
20264	554	0	3	4	0	561
20265	578	0	0	3	0	581
20266	3	1	1	573	0	578
20267	1	0	1	583	0	585
20268	585	1	1	4	0	591
20269	6	2	580	1	0	589
20270	4	571	2	1	0	578
20271	4	0	2	566	0	572
20272	566	0	1	3	0	570
20273	1	1	2	553	0	557
20274	0	0	553	3	0	556
20275	4	0	587	1	0	592
20276	602	0	1	3	0	606
20277	5	2	2	652	0	661
20278	1	1	641	3	0	646
20279	648	0	0	6	0	654
20280	703	0	0	9	0	712
20281	2	0	2	714	0	718
20282	1	1	0	703	0	705
20283	4	711	1	1	0	717
20284	772	1	0	5	0	778
20285	1	1	1	775	0	778
20286	5	1	0	776	0	782
20287	1	1	789	1	0	792
20288	724	0	0	5	0	729
20289	774	0	1	4	0	779
20290	0	773	1	3	0	777
20291	2	0	764	1	0	767
20292	1	0	757	3	0	761
20293	2	1	0	758	0	761
20294	756	1	17	2	0	776
20295	1	1	1	741	0	744
20296	766	1	0	2	0	769
20297	768	0	0	0	0	768
20298	768	0	2	3	0	773
20299	3	0	2	783	0	788
20300	4	0	0	792	0	796
20301	811	0	1	4	0	816
20302	0	0	829	2	0	831
20303	766	2	0	5	0	773
20304	802	1	1	0	0	804
20305	1	1	820	0	0	822
20306	4	0	792	0	0	796
20307	1	796	0	1	0	798
20308	6	0	0	797	0	803
20309	747	0	1	4	0	752
20310	0	0	0	798	0	798
20311	1	1	803	0	0	805
20312	0	788	0	0	0	788
20313	0	798	0	0	0	798
20314	0	0	0	835	0	835
20315	1	0	0	816	0	817
20316	0	817	0	0	0	817
20317	0	0	796	0	0	796
20318	732	0	0	2	0	734
20319	799	0	0	3	0	802
20320	0	806	0	0	0	806
20321	778	1	0	2	0	781
20322	1	0	0	776	0	777
20323	773	0	0	3	0	776
20324	1	0	0	774	0	775
20325	0	801	0	2	0	803
20326	1	1	801	0	0	803
20327	3	0	1	833	0	837
20328	3	0	0	815	0	818
20329	0	0	0	896	0	896
20330	915	0	0	11	0	926
20331	9	0	0	931	0	940
20332	4	0	1012	7	0	1023
20333	1	1	1057	4	0	1063
20334	1039	1	15	5	0	1060
20335	19	1	1087	0	0	1107
20336	1102	0	13	3	0	1118
20337	15	0	5	1249	0	1269
20338	8	0	1	1271	0	1280
20339	6	0	2	1343	0	1351
20340	3	3	2	1374	0	1382
20341	1359	0	0	41	0	1400
20342	29	0	1376	12	0	1417
20343	15	0	26	1329	0	1370
20344	3	1413	5	33	0	1454
20345	1407	25	3	15	0	1450
20346	37	5	7	1341	0	1390
20347	1341	1	4	31	0	1377
20348	32	2	1348	11	0	1393
20349	19	3	30	1291	0	1343
20350	7	1337	8	36	0	1388
20351	1363	27	1	22	0	1413
20352	32	7	1333	12	0	1384
20353	14	2	31	1319	0	1366
20354	17	4	6	1353	0	1380
20355	1315	4	11	37	0	1367
20356	33	4	1299	16	0	1352
20357	10	10	1318	7	0	1345
20358	15	2	33	1314	0	1364
20359	7	1	1311	42	0	1361
20360	13	3	1320	15	0	1351
20361	14	1	43	1272	0	1330
20362	5	0	17	1342	0	1364
20363	7	8	14	1390	0	1419
20364	1358	2	14	40	0	1414
20365	37	1366	17	14	0	1434
20366	1379	28	12	19	0	1438
20367	36	6	9	1378	0	1429
20368	24	1358	6	48	0	1436
20369	13	30	14	1407	0	1464
20370	1420	10	13	51	0	1494
20371	40	1448	6	31	0	1525
20372	25	33	16	1492	0	1566
20373	4	12	1498	52	0	1566
20374	1480	7	36	35	0	1558
20375	50	13	12	1470	0	1545
20376	24	6	8	1496	0	1534
20377	19	3	1416	59	0	1497
20378	16	13	1426	24	0	1479
20379	1357	4	54	23	0	1438
20380	42	1338	18	30	0	1428
20381	25	45	10	1352	0	1432
20382	1357	15	20	53	0	1445
20383	53	3	1367	32	0	1455
20384	20	1328	45	21	0	1414
20385	21	39	17	1332	0	1409
20386	1326	13	22	55	0	1416
20387	1304	7	16	28	0	1355
20388	1341	7	17	24	0	1389
20389	54	1288	12	33	0	1387
20390	20	36	1306	17	0	1379
20391	20	13	56	1314	0	1403
20392	27	5	23	1236	0	1291
20393	21	18	11	1356	0	1406
20394	21	8	12	1375	0	1416
20395	1316	12	16	63	0	1407
20396	1318	12	15	41	0	1386
20397	58	12	1269	29	0	1368
20398	28	12	1279	31	0	1350
20399	1248	11	51	30	0	1340
20400	1277	5	19	26	0	1327
20401	74	6	13	1205	0	1298
20402	24	1217	21	51	0	1313
20403	1209	44	24	33	0	1310
20404	60	1193	14	23	0	1290
20405	27	1222	14	38	0	1301
20406	20	49	8	1284	0	1361
20407	26	16	15	1297	0	1354
20408	22	14	16	1294	0	1346
20409	32	16	9	1297	0	1354
20410	26	10	1240	62	0	1338
20411	1226	13	54	33	0	1326
20412	1279	8	18	31	0	1336
20413	75	8	12	1234	0	1329
20414	28	17	14	1249	0	1308
20415	1211	17	12	69	0	1309
20416	67	10	1165	38	0	1280
20417	1221	12	47	20	0	1300
20418	1242	19	14	29	0	1304
20419	67	11	1170	31	0	1279
20420	1228	9	54	27	0	1318
20421	50	4	32	1257	0	1343
20422	35	6	10	1284	0	1335
20423	20	8	22	1293	0	1343
20424	30	7	16	1274	0	1327
20425	1225	7	11	67	0	1310
20426	61	4	11	1212	0	1288
20427	29	13	9	1157	0	1208
20428	24	1035	17	70	0	1146
20429	22	1104	15	29	0	1170
20430	43	31	8	1073	0	1155
20431	1072	12	6	50	0	1140
20432	43	13	12	951	0	1019
20433	25	10	868	32	0	935
20434	12	5	807	26	0	850
20435	783	6	27	21	0	837
20436	34	802	12	19	0	867
20437	645	18	9	11	0	683
20438	22	5	670	6	0	703
20439	45	33	19	565	0	662
20440	551	5	13	13	0	582
20441	8	549	6	13	0	576
20442	551	7	4	3	0	565
20443	11	5	611	3	0	630
20444	8	2	8	603	0	621
20445	4	2	4	623	0	633
20446	642	2	3	16	0	663
20447	643	3	2	7	0	655
20448	666	1	1	7	0	675
20449	669	4	1	5	0	679
20450	670	2	2	4	0	678
20451	15	670	2	3	0	690
20452	8	7	2	696	0	713
20453	723	4	2	14	0	743
20454	9	3	1	728	0	741
20455	11	2	3	730	0	746
20456	2	0	5	740	0	747
20457	4	697	2	17	0	720
20458	715	7	2	8	0	732
20459	13	6	1	705	0	725
20460	716	0	3	12	0	731
20461	711	1	2	8	0	722
20462	16	689	3	2	0	710
20463	691	7	2	6	0	706
20464	13	8	668	2	0	691
20465	672	2	8	3	0	685
20466	14	1	11	677	0	703
20467	10	2	692	9	0	713
20468	3	690	7	9	0	709
20469	3	5	707	3	0	718
20470	2	652	2	2	0	658
20471	612	14	3	1	0	630
20472	608	1	0	3	0	612
20473	600	0	1	3	0	604
20474	1	615	2	1	0	619
20475	635	0	0	2	0	637
20476	1	3	631	0	0	635
20477	2	0	631	0	0	633
20478	1	0	6	626	0	633
20479	0	0	0	664	0	664
20480	0	671	0	1	0	672
20481	685	2	0	3	0	690
20482	3	1	0	689	0	693
20483	1	696	0	2	0	699
20484	0	2	0	717	0	719
20485	717	2	4	5	0	728
20486	703	1	0	7	0	711
20487	11	0	678	0	0	689
20488	15	0	2	670	0	687
20489	0	3	690	2	0	695
20490	0	0	2	701	0	703
20491	5	0	706	2	0	713
20492	2	0	3	701	0	706
20493	0	2	708	3	0	713
20494	1	0	3	713	0	717
20495	1	1	744	3	0	749
20496	3	2	3	744	0	752
20497	0	3	4	777	0	784
20498	2	794	0	10	0	806
20499	6	3	3	816	0	828
20500	3	2	807	7	0	819
20501	4	0	10	796	0	810
20502	1	0	3	814	0	818
20503	794	1	4	11	0	810
20504	3	2	2	811	0	818
20505	4	0	4	780	0	788
20506	2	0	776	8	0	786
20507	758	0	7	8	0	773
20508	3	1	3	800	0	807
20509	3	0	5	794	0	802
20510	2	0	1	803	0	806
20511	786	2	1	15	0	804
20512	3	3	1	800	0	807
20513	5	0	3	792	0	800
20514	785	0	3	15	0	803
20515	3	793	1	9	0	806
20516	3	3	1	794	0	801
20517	6	1	0	787	0	794
20518	0	2	781	12	0	795
20519	668	1	6	11	0	686
20520	6	0	4	753	0	763
20521	5	2	739	6	0	752
20522	736	0	3	14	0	753
20523	3	1	1	768	0	773
20524	5	0	1	776	0	782
20525	6	1	0	790	0	797
20526	3	0	1	834	0	838
20527	3	0	893	11	0	907
20528	10	2	12	898	0	922
20529	7	3	3	1120	0	1133
20530	0	0	1294	28	0	1322
20531	1309	1	27	12	0	1349
20532	1388	1	10	9	0	1408
20533	1400	0	10	13	0	1423
20534	48	1	7	1373	0	1429
20535	1398	1	8	31	0	1438
20536	1429	1	2	22	0	1454
20537	51	0	1	1417	0	1469
20538	1381	1	3	42	0	1427
20539	1387	0	2	28	0	1417
20540	1378	0	5	25	0	1408
20541	1406	0	7	11	0	1424
20542	61	0	1	1351	0	1413
20543	34	1283	2	30	0	1349
20544	29	1302	3	15	0	1349
20545	22	1317	0	13	0	1352
20546	1287	41	0	8	0	1336
20547	1330	21	2	10	0	1363
20548	41	16	1258	12	0	1327
20549	1289	12	25	11	0	1337
20550	54	7	11	1287	0	1359
20551	35	4	10	1269	0	1318
20552	33	1	8	1300	0	1342
20553	1254	1	4	55	0	1314
20554	41	5	4	1253	0	1303
20555	20	1228	4	47	0	1299
20556	17	30	0	1263	0	1310
20557	15	36	1236	46	0	1333
20558	21	14	27	1268	0	1330
20559	1254	8	14	51	0	1327
20560	41	5	1256	23	0	1325
20561	27	2	29	1262	0	1320
20562	20	2	17	1265	0	1304
20563	22	2	14	1286	0	1324
20564	15	1262	5	56	0	1338
20565	16	25	4	1310	0	1355
20566	1289	14	3	51	0	1357
20567	1277	11	5	40	0	1333
20568	40	9	1235	28	0	1312
20569	24	11	1264	19	0	1318
20570	24	7	39	1261	0	1331
20571	20	1	25	1293	0	1339
20572	18	4	1294	45	0	1361
20573	19	2	37	1247	0	1305
20574	5	1265	21	49	0	1340
20575	1275	27	14	30	0	1346
20576	1278	16	7	29	0	1330
20577	1277	14	7	22	0	1320
20578	56	9	1249	11	0	1325
20579	39	4	29	1261	0	1333
20580	31	7	1244	29	0	1311
20581	1212	3	38	26	0	1279
20582	35	1207	22	25	0	1289
20583	23	25	17	1217	0	1282
20584	1213	13	9	34	0	1269
20585	36	15	7	1196	0	1254
20586	27	7	7	1239	0	1280
20587	26	4	1201	47	0	1278
20588	1176	4	29	40	0	1249
20589	38	1185	19	20	0	1262
20590	25	23	15	1218	0	1281
20591	1210	12	9	39	0	1270
20592	45	9	6	1220	0	1280
20593	1210	11	8	42	0	1271
20594	45	1202	3	26	0	1276
20595	1204	26	3	31	0	1264
20596	47	12	1179	24	0	1262
20597	1210	12	32	16	0	1270
20598	1198	8	15	19	0	1240
20599	1207	13	14	6	0	1240
20600	69	7	7	1158	0	1241
20601	49	6	8	1133	0	1196
20602	35	5	7	1167	0	1214
20603	21	1142	7	56	0	1226
20604	1165	29	7	35	0	1236
20605	42	12	4	1175	0	1233
20606	30	14	4	1174	0	1222
20607	28	8	7	1184	0	1227
20608	1147	4	5	61	0	1217
20609	41	5	4	1168	0	1218
20610	31	3	1124	57	0	1215
20611	19	1137	28	44	0	1228
20612	15	27	17	1168	0	1227
20613	15	17	17	1178	0	1227
20614	13	18	7	1189	0	1227
20615	12	10	1143	60	0	1225
20616	16	5	1173	40	0	1234
20617	9	3	40	1187	0	1239
20618	8	5	1199	48	0	1260
20619	9	3	41	1227	0	1280
20620	1209	3	25	53	0	1290
20621	1255	2	21	31	0	1309
20622	1266	6	14	27	0	1313
20623	52	8	1222	22	0	1304
20624	1214	2	31	20	0	1267
20625	61	2	13	1200	0	1276
20626	35	2	1150	33	0	1220
20627	25	2	1139	16	0	1182
20628	17	1085	38	19	0	1159
20629	6	902	22	14	0	944
20630	712	8	18	4	0	742
20631	7	11	10	655	0	683
20632	9	3	664	6	0	682
20633	5	1	7	684	0	697
20634	696	0	3	12	0	711
20635	6	1	751	4	0	762
20636	742	0	5	7	0	754
20637	771	0	2	5	0	778
20638	789	0	3	2	0	794
20639	13	772	2	1	0	788
20640	808	7	2	4	0	821
20641	10	2	1	817	0	830
20642	6	2	2	814	0	824
20643	7	1	1	823	0	832
20644	7	0	0	817	0	824
20645	802	1	0	13	0	816
20646	8	785	0	6	0	799
20647	1	732	1	7	0	741
20648	2	774	1	3	0	780
20649	768	7	1	5	0	781
20650	764	3	1	4	0	772
20651	762	2	3	2	0	769
20652	774	3	0	2	0	779
20653	11	1	0	781	0	793
20654	7	2	0	771	0	780
20655	775	0	0	11	0	786
20656	9	765	3	3	0	780
20657	764	6	0	8	0	778
20658	778	1	0	4	0	783
20659	10	2	2	788	0	802
20660	4	795	1	8	0	808
20661	8	10	0	805	0	823
20662	798	1	0	14	0	813
20663	13	2	836	3	0	854
20664	6	2	9	813	0	830
20665	2	815	2	10	0	829
20666	827	9	2	4	0	842
20667	812	2	0	5	0	819
20668	13	2	832	2	0	849
20669	5	828	10	0	0	843
20670	5	10	842	0	0	857
20671	9	1	10	828	0	848
20672	1	3	833	9	0	846
20673	4	1	826	0	0	831
20674	0	835	9	4	0	848
20675	828	10	0	5	0	843
20676	865	0	2	6	0	873
20677	8	878	1	3	0	890
20678	4	904	0	1	0	909
20679	4	11	862	1	0	878
20680	1	3	840	2	0	846
20681	0	4	889	1	0	894
20682	5	1	12	895	0	913
20683	3	0	910	10	0	923
20684	2	1	12	882	0	897
20685	3	3	3	854	0	863
20686	1	1	913	14	0	929
20687	1	905	8	7	0	921
20688	4	9	2	909	0	924
20689	902	3	2	16	0	923
20690	12	2	3	907	0	924
20691	5	1	921	11	0	938
20692	3	903	10	6	0	922
20693	3	940	2	1	0	946
20694	1	13	2	936	0	952
20695	921	5	1	16	0	943
20696	922	2	2	5	0	931
20697	16	0	0	909	0	925
20698	2	927	0	15	0	944
20699	3	19	1	935	0	958
20700	6	1	1	967	0	975
20701	5	2	2	973	0	982
20702	1027	4	2	18	0	1051
20703	16	1055	3	4	0	1078
20704	1089	16	1	11	0	1117
20705	1131	2	2	7	0	1142
20706	1119	5	2	4	0	1130
20707	1147	3	1	4	0	1155
20708	28	1	0	1122	0	1151
20709	7	1	1132	21	0	1161
20710	6	1140	20	5	0	1171
20711	1170	20	3	7	0	1200
20712	1184	5	6	6	0	1201
20713	1211	4	2	2	0	1219
20714	31	1	1174	1	0	1207
20715	1156	1	20	6	0	1183
20716	1193	1	6	3	0	1203
20717	31	1	4	1181	0	1217
20718	10	1	1139	23	0	1173
20719	5	1132	23	12	0	1172
20720	4	23	4	1155	0	1186
20721	1129	13	5	29	0	1176
20722	30	4	0	1127	0	1161
20723	13	0	1	1152	0	1166
20724	1143	2	3	35	0	1183
20725	23	3	1144	10	0	1180
20726	1141	1	22	8	0	1172
20727	1123	1	6	6	0	1136
20728	1130	1	4	6	0	1141
20729	1126	1	2	9	0	1138
20730	35	1	1085	1	0	1122
20731	15	2	22	1072	0	1111
20732	6	1	1095	26	0	1128
20733	11	1	25	1039	0	1076
20734	0	2	1041	29	0	1072
20735	940	1	23	14	0	978
20736	22	954	8	5	0	989
20737	8	1014	5	0	0	1027
20738	10	25	2	1092	0	1129
20739	7	9	0	1138	0	1154
20740	4	1173	3	31	0	1211
20741	1201	29	2	19	0	1251
20742	1259	10	1	11	0	1281
20743	1311	6	1	6	0	1324
20744	1387	1	1	5	0	1394
20745	56	1	2	1351	0	1410
20746	24	3	2	1438	0	1467
20747	1439	2	3	51	0	1495
20748	48	1	1	1435	0	1485
20749	16	3	1415	46	0	1480
20750	10	2	1413	18	0	1443
20751	13	2	48	1420	0	1483
20752	7	3	1437	42	0	1489
20753	1394	1	39	27	0	1461
20754	46	2	16	1430	0	1494
20755	1432	2	3	49	0	1486
20756	44	0	1431	19	0	1494
20757	30	1	42	1399	0	1472
20758	9	1	1441	43	0	1494
20759	9	1412	41	17	0	1479
20760	1388	34	20	9	0	1451
20761	1419	13	7	11	0	1450
20762	50	1398	9	6	0	1463
20763	1379	34	4	6	0	1423
20764	43	16	6	1351	0	1416
20765	28	4	6	1375	0	1413
20766	1357	4	3	54	0	1418
20767	44	1331	3	19	0	1397
20768	28	1345	3	10	0	1386
20769	19	48	3	1312	0	1382
20770	1301	21	3	41	0	1366
20771	1312	10	2	18	0	1342
20772	1304	8	1	17	0	1330
20773	65	4	1261	9	0	1339
20774	34	8	1268	5	0	1315
20775	21	1250	47	5	0	1323
20776	1241	37	20	7	0	1305
20777	52	17	12	1210	0	1291
20778	1215	7	6	45	0	1273
20779	1231	7	5	21	0	1264
20780	68	6	5	1179	0	1258
20781	31	1	1194	44	0	1270
20782	1203	2	42	28	0	1275
20783	49	6	23	1202	0	1280
20784	25	4	1204	44	0	1277
20785	1203	5	42	26	0	1276
20786	1231	5	18	15	0	1269
20787	59	5	5	1199	0	1268
20788	26	4	1191	48	0	1269
20789	25	2	42	1159	0	1228
20790	21	1187	20	42	0	1270
20791	16	39	1194	19	0	1268
20792	21	1198	38	12	0	1269
20793	1186	40	19	12	0	1257
20794	1217	16	7	13	0	1253
20795	1231	7	12	12	0	1262
20796	1236	6	13	16	0	1271
20797	62	4	9	1185	0	1260
20798	1175	4	13	47	0	1239
20799	51	5	10	1155	0	1221
20800	1114	7	9	43	0	1173
20801	47	1079	8	26	0	1160
20802	34	36	10	971	0	1051
20803	17	1002	6	33	0	1058
20804	986	32	3	24	0	1045
20805	974	17	7	12	0	1010
20806	60	941	9	6	0	1016
20807	25	30	7	927	0	989
20808	20	14	921	35	0	990
20809	16	5	29	910	0	960
20810	16	8	914	32	0	970
20811	15	7	23	858	0	903
20812	16	847	17	26	0	906
20813	839	23	8	19	0	889
20814	854	16	5	9	0	884
20815	39	4	7	837	0	887
20816	859	8	9	28	0	904
20817	34	3	5	876	0	918
20818	30	2	7	878	0	917
20819	15	6	0	898	0	919
20820	878	2	4	33	0	917
20821	861	3	3	28	0	895
20822	880	4	4	14	0	902
20823	41	840	9	11	0	901
20824	860	24	4	8	0	896
20825	32	825	7	6	0	870
20826	847	24	4	9	0	884
20827	37	13	1	824	0	875
20828	28	5	2	848	0	883
20829	831	5	1	36	0	873
20830	843	4	4	16	0	867
20831	36	814	1	18	0	869
20832	830	20	4	12	0	866
20833	33	15	4	819	0	871
20834	25	7	2	826	0	860
20835	804	11	2	35	0	852
20836	30	4	799	21	0	854
20837	21	746	17	10	0	794
20838	16	22	7	637	0	682
20839	9	9	592	14	0	624
20840	5	18	15	538	0	576
20841	522	6	9	20	0	557
20842	16	461	3	11	0	491
20843	11	415	7	7	0	440
20844	4	372	1	3	0	380
20845	33	11	8	318	0	370
20846	331	5	2	8	0	346
20847	7	1	0	322	0	330
20848	321	0	0	8	0	329
20849	326	1	0	4	0	331
20850	8	0	0	319	0	327
20851	326	1	0	6	0	333
20852	6	0	0	336	0	342
20853	4	1	337	6	0	348
20854	344	1	3	3	0	351
20855	6	1	366	1	0	374
20856	356	1	4	2	0	363
20857	10	1	372	1	0	384
20858	5	0	4	360	0	369
20859	5	0	3	362	0	370
20860	365	0	2	8	0	375
20861	7	1	0	382	0	390
20862	391	2	0	5	0	398
20863	5	382	1	2	0	390
20864	389	4	0	3	0	396
20865	5	2	0	418	0	425
20866	5	2	0	418	0	425
20867	3	1	1	424	0	429
20868	2	2	0	418	0	422
20869	2	0	403	5	0	410
20870	1	0	404	2	0	407
20871	3	0	2	424	0	429
20872	3	1	433	5	0	442
20873	2	430	6	0	0	438
20874	1	6	1	427	0	435
20875	2	1	446	4	0	453
20876	1	2	448	2	0	453
20877	3	0	6	463	0	472
20878	3	0	2	466	0	471
20879	1	467	3	8	0	479
20880	4	4	0	470	0	478
20881	1	2	497	8	0	508
20882	472	2	5	3	0	482
20883	10	0	1	502	0	513
20884	518	0	2	10	0	530
20885	510	1	0	7	0	518
20886	517	0	1	6	0	524
20887	9	1	522	1	0	533
20888	3	1	516	2	0	522
20889	490	1	8	5	0	504
20890	4	0	528	3	0	535
20891	4	0	8	496	0	508
20892	6	0	1	512	0	519
20893	0	2	521	7	0	530
20894	1	514	7	3	0	525
20895	499	6	2	3	0	510
20896	6	500	4	4	0	514
20897	2	518	1	3	0	524
20898	510	6	1	5	0	522
20899	8	3	530	1	0	542
20900	2	2	524	1	0	529
20901	4	0	8	517	0	529
20902	530	0	2	8	0	540
20903	6	536	3	3	0	548
20904	534	8	1	2	0	545
20905	10	1	549	1	0	561
20906	3	580	9	0	0	592
20907	3	10	3	585	0	601
20908	3	2	592	10	0	607
20909	3	2	10	595	0	610
20910	7	1	5	532	0	545
20911	2	1	3	606	0	612
20912	2	1	2	605	0	610
20913	602	1	1	14	0	618
20914	611	2	2	3	0	618
20915	12	0	613	3	0	628
20916	599	2	9	3	0	613
20917	9	585	3	3	0	600
20918	584	11	1	2	0	598
20919	12	2	592	2	0	608
20920	4	1	10	584	0	599
20921	0	1	607	10	0	618
20922	3	1	599	3	0	606
20923	2	7	16	575	0	600
20924	3	1	3	586	0	593
20925	0	0	591	15	0	606
20926	2	587	11	3	0	603
20927	1	596	3	1	0	601
20928	1	12	1	596	0	610
20929	573	3	2	16	0	594
20930	7	597	1	7	0	612
20931	4	9	605	0	0	618
20932	1	3	595	1	0	600
20933	2	2	606	3	0	613
20934	4	0	13	576	0	593
20935	588	1	4	15	0	608
20936	13	594	2	2	0	611
20937	4	10	591	0	0	605
20938	0	591	13	2	0	606
20939	2	9	4	602	0	617
20940	2	4	613	12	0	631
20941	3	613	12	4	0	632
20942	1	12	5	612	0	630
20943	3	1	3	625	0	632
20944	2	2	605	13	0	622
20945	4	2	11	588	0	605
20946	1	592	4	12	0	609
20947	2	8	597	3	0	610
20948	583	5	11	3	0	602
20949	13	1	4	605	0	623
20950	3	2	5	604	0	614
20951	0	596	4	15	0	615
20952	596	8	1	7	0	612
20953	12	4	569	1	0	586
20954	573	2	12	6	0	593
20955	15	1	3	565	0	584
20956	4	569	1	12	0	586
20957	3	9	2	566	0	580
20958	5	1	3	582	0	591
20959	578	5	3	15	0	601
20960	591	2	1	8	0	602
20961	14	2	1	579	0	596
20962	3	2	570	14	0	589
20963	550	0	14	7	0	571
20964	11	571	5	4	0	591
20965	5	10	4	560	0	579
20966	6	3	2	603	0	614
20967	2	1	3	610	0	616
20968	1	3	600	19	0	623
20969	5	5	13	581	0	604
20970	3	596	3	17	0	619
20971	3	13	3	583	0	602
20972	3	576	2	15	0	596
20973	8	18	2	566	0	594
20974	0	5	569	17	0	591
20975	521	1	14	6	0	542
20976	15	3	4	555	0	577
20977	5	1	550	13	0	569
20978	3	550	13	4	0	570
20979	541	14	3	5	0	563
20980	12	5	551	2	0	570
20981	520	2	11	5	0	538
20982	14	2	1	547	0	564
20983	3	0	3	538	0	544
20984	2	524	2	12	0	540
20985	531	11	2	5	0	549
20986	520	2	1	4	0	527
20987	10	544	5	1	0	560
20988	1	13	0	552	0	566
20989	3	2	0	553	0	558
20990	3	3	3	548	0	557
20991	3	1	534	14	0	552
20992	522	0	12	6	0	540
20993	12	1	1	537	0	551
20994	2	2	2	551	0	557
20995	3	3	551	13	0	570
20996	4	2	541	5	0	552
20997	2	1	13	561	0	577
20998	5	0	575	13	0	593
20999	547	2	12	6	0	567
21000	11	0	3	552	0	566
21001	1	4	1	567	0	573
21002	7	1	587	11	0	606
21003	3	7	23	591	0	624
21004	4	2	604	14	0	624
21005	0	612	14	4	0	630
21006	564	8	3	5	0	580
21007	561	4	8	6	0	579
21008	10	550	1	8	0	569
21009	5	8	0	560	0	573
21010	1	2	568	7	0	578
21011	2	2	6	548	0	558
21012	560	0	2	11	0	573
21013	7	565	2	3	0	577
21014	558	7	2	2	0	569
21015	8	1	0	564	0	573
21016	555	1	1	12	0	569
21017	10	565	0	1	0	576
21018	565	8	1	4	0	578
21019	10	0	566	1	0	577
21020	2	571	9	1	0	583
21021	2	6	0	576	0	584
21022	601	0	2	10	0	613
21023	622	3	0	2	0	627
21024	11	1	0	613	0	625
21025	624	0	1	12	0	637
21026	617	1	0	6	0	624
21027	642	1	0	4	0	647
21028	11	1	2	632	0	646
21029	3	0	629	10	0	642
21030	3	2	600	1	0	606
21031	1	1	613	3	0	618
21032	636	1	9	5	0	651
21033	10	1	2	648	0	661
21034	1	672	4	9	0	686
21035	6	11	1	663	0	681
21036	1	674	1	11	0	687
21037	686	10	2	3	0	701
21038	11	2	0	697	0	710
21039	4	2	1	698	0	705
21040	699	1	2	12	0	714
21041	13	1	1	712	0	727
21042	5	0	1	724	0	730
21043	724	0	1	17	0	742
21044	11	1	732	4	0	748
21045	8	0	10	721	0	739
21046	4	1	731	10	0	746
21047	728	2	12	4	0	746
21048	14	1	0	753	0	768
21049	752	0	1	16	0	769
21050	17	2	0	761	0	780
21051	4	1	752	17	0	774
21052	5	0	15	786	0	806
21053	796	2	2	22	0	822
21054	15	823	4	4	0	846
21055	2	13	811	3	0	829
21056	778	1	17	5	0	801
21057	16	826	2	3	0	847
21058	6	834	3	2	0	845
21059	2	908	1	2	0	913
21060	3	16	2	1001	0	1022
21061	1018	3	1	20	0	1042
21062	1048	1	0	5	0	1054
21063	18	2	1023	1	0	1044
21064	997	2	16	5	0	1020
21065	20	1013	3	1	0	1037
21066	4	13	3	1008	0	1028
21067	1066	3	0	15	0	1084
21068	1061	3	1	5	0	1070
21069	1071	1	2	5	0	1079
21070	1049	1	2	5	0	1057
21071	1073	2	0	4	0	1079
21072	21	14	1	1044	0	1080
21073	11	2	1058	15	0	1086
21074	11	1	15	1067	0	1094
21075	7	1	2	1088	0	1098
21076	1080	3	2	19	0	1104
21077	20	1048	3	7	0	1078
21078	1064	13	2	11	0	1090
21079	1071	3	3	11	0	1088
21080	1157	3	3	9	0	1172
21081	1193	0	1	9	0	1203
21082	24	5	1155	3	0	1187
21083	1163	2	12	11	0	1188
21084	1217	4	6	5	0	1232
21085	1115	2	5	19	0	1141
21086	1231	1	1	6	0	1239
21087	33	2	1	1182	0	1218
21088	12	2	1168	17	0	1199
21089	1167	0	16	9	0	1192
21090	24	1188	5	6	0	1223
21091	12	17	5	1185	0	1219
21092	11	1212	6	13	0	1242
21093	12	16	3	1229	0	1260
21094	1234	4	2	25	0	1265
21095	1219	6	5	6	0	1236
21096	1224	4	2	7	0	1237
21097	31	4	1171	3	0	1209
21098	1159	3	15	6	0	1183
21099	29	4	1155	3	0	1191
21100	17	0	1137	6	0	1160
21101	18	4	1190	4	0	1216
21102	16	8	18	1136	0	1178
21103	16	2	8	1172	0	1198
21104	13	1	6	1162	0	1182
21105	10	2	4	1160	0	1176
21106	17	3	8	1113	0	1141
21107	9	4	6	1181	0	1200
21108	10	1169	4	25	0	1208
21109	1159	19	0	12	0	1190
21110	19	1198	4	13	0	1234
21111	16	19	2	1209	0	1246
21112	14	2	3	1224	0	1243
21113	1197	6	3	25	0	1231
21114	24	1200	8	8	0	1240
21115	1216	15	5	13	0	1249
21116	26	4	6	1205	0	1241
21117	11	8	4	1213	0	1236
21118	9	3	4	1218	0	1234
21119	8	6	1182	25	0	1221
21120	15	4	18	1168	0	1205
21121	8	6	1151	26	0	1191
21122	9	4	1119	13	0	1145
21123	12	5	1167	14	0	1198
21124	14	5	16	1185	0	1220
21125	10	5	5	1222	0	1242
21126	14	2	5	1247	0	1268
21127	1255	5	4	26	0	1290
21128	25	1	6	1306	0	1338
21129	1334	5	7	24	0	1370
21130	25	1337	8	14	0	1384
21131	1438	19	5	27	0	1489
21132	1516	3	7	20	0	1546
21133	29	1553	5	13	0	1600
21134	1536	15	4	17	0	1572
21135	1532	3	0	25	0	1560
21136	1560	8	2	15	0	1585
21137	1576	3	4	18	0	1601
21138	31	6	1544	4	0	1585
21139	17	1557	20	11	0	1605
21140	18	21	6	1544	0	1589
21141	1543	9	8	25	0	1585
21142	29	8	1555	9	0	1601
21143	18	1521	20	12	0	1571
21144	19	24	4	1472	0	1519
21145	14	1535	6	22	0	1577
21146	17	22	2	1520	0	1561
21147	17	6	6	1524	0	1553
21148	14	7	1522	26	0	1569
21149	10	3	1480	9	0	1502
21150	1417	9	20	13	0	1459
21151	21	9	1528	7	0	1565
21152	14	6	1502	8	0	1530
21153	20	4	21	1478	0	1523
21154	13	6	10	1478	0	1507
21155	9	1484	12	23	0	1528
21156	9	1622	8	11	0	1650
21157	14	19	1602	12	0	1647
21158	21	13	27	1657	0	1718
21159	6	5	1643	26	0	1680
21160	4	4	1484	10	0	1502
21161	7	1484	24	9	0	1524
21162	9	23	16	1451	0	1499
21163	1461	6	8	23	0	1498
21164	24	5	3	1483	0	1515
21165	1485	6	4	31	0	1526
21166	1487	3	4	11	0	1505
21167	1450	5	1	15	0	1471
21168	29	4	1436	5	0	1474
21169	1426	3	24	11	0	1464
21170	32	0	9	1462	0	1503
21171	1456	1	9	24	0	1490
21172	1477	6	4	11	0	1498
21173	23	1458	5	8	0	1494
21174	1457	18	4	5	0	1484
21175	24	10	1459	9	0	1502
21176	1439	6	20	7	0	1472
21177	1466	4	10	0	0	1480
21178	25	1462	8	5	0	1500
21179	1470	19	4	9	0	1502
21180	26	7	5	1354	0	1392
21181	12	6	6	1330	0	1354
21182	10	1319	3	24	0	1356
21183	11	21	4	1345	0	1381
21184	9	8	3	1370	0	1390
21185	6	10	1338	24	0	1378
21186	7	3	1312	14	0	1336
21187	1288	3	24	11	0	1326
21188	1343	2	12	7	0	1364
21189	28	2	6	1338	0	1374
21190	16	7	1326	19	0	1368
21191	10	1306	22	8	0	1346
21192	10	18	10	1305	0	1343
21193	7	10	1325	21	0	1363
21194	1285	7	23	13	0	1328
21195	25	5	9	1372	0	1411
21196	13	1375	8	24	0	1420
21197	13	24	8	1375	0	1420
21198	15	10	4	1411	0	1440
21199	16	8	3	1412	0	1439
21200	1405	1	5	44	0	1455
21201	29	3	5	1395	0	1432
21202	1389	4	6	35	0	1434
21203	1405	5	5	13	0	1428
21204	37	2	1378	14	0	1431
21205	19	1374	29	7	0	1429
21206	24	25	7	1250	0	1306
21207	10	1417	12	19	0	1458
21208	1444	34	4	11	0	1493
21209	40	6	2	1445	0	1493
21210	11	9	1420	32	0	1472
21211	18	3	1422	7	0	1450
21212	8	2	1421	13	0	1444
21213	1387	5	37	17	0	1446
21214	34	1417	14	6	0	1471
21215	1380	31	13	13	0	1437
21216	40	1422	4	6	0	1472
21217	15	38	5	1398	0	1456
21218	16	10	3	1380	0	1409
21219	18	1430	6	38	0	1492
21220	9	35	1426	15	0	1485
21221	5	1456	32	17	0	1510
21222	1430	39	10	11	0	1490
21223	34	6	10	1371	0	1421
21224	10	10	1354	33	0	1407
21225	11	6	1377	7	0	1401
21226	8	3	39	1337	0	1387
21227	7	5	1320	34	0	1366
21228	5	1	1239	10	0	1255
21229	1140	2	32	15	0	1189
21230	29	1179	14	4	0	1226
21231	1091	24	5	8	0	1128
21232	30	4	1070	6	0	1110
21233	8	1004	22	6	0	1040
21234	9	1051	6	8	0	1074
21235	22	24	12	1009	0	1067
21236	8	11	2	1039	0	1060
21237	9	7	3	1046	0	1065
21238	4	5	1020	33	0	1062
21239	8	2	24	1009	0	1043
21240	11	0	7	1026	0	1044
21241	1018	1	10	32	0	1061
21242	23	1001	4	13	0	1041
21243	13	21	4	1016	0	1054
21244	1023	9	1	22	0	1055
21245	1014	9	1	10	0	1034
21246	31	3	2	1002	0	1038
21247	14	8	988	23	0	1033
21248	9	1	23	992	0	1025
21249	2	7	978	30	0	1017
21250	987	1	28	9	0	1025
21251	1061	3	9	12	0	1085
21252	32	3	9	1044	0	1088
21253	11	2	1060	28	0	1101
21254	6	1111	27	12	0	1156
21255	2	26	1116	9	0	1153
21256	7	12	30	919	0	968
21257	3	998	8	22	0	1031
21258	913	21	5	6	0	945
21259	22	5	3	875	0	905
21260	7	887	2	27	0	923
21261	913	20	2	8	0	943
21262	25	6	4	903	0	938
21263	5	923	3	23	0	954
21264	4	19	5	927	0	955
21265	7	6	903	26	0	942
21266	879	5	22	13	0	919
21267	911	2	9	12	0	934
21268	30	2	881	7	0	920
21269	13	884	25	2	0	924
21270	885	20	16	5	0	926
21271	26	12	5	877	0	920
21272	13	9	5	878	0	905
21273	14	6	1	871	0	892
21274	9	11	2	874	0	896
21275	5	3	4	873	0	885
21276	840	0	3	41	0	884
21277	851	3	4	28	0	886
21278	30	2	4	843	0	879
21279	17	3	1	871	0	892
21280	10	1	854	31	0	896
21281	11	3	845	20	0	879
21282	829	4	32	12	0	877
21283	25	2	16	837	0	880
21284	12	3	836	23	0	874
21285	14	6	23	824	0	867
21286	827	3	14	31	0	875
21287	847	1	5	22	0	875
21288	33	6	5	828	0	872
21289	19	2	2	848	0	871
21290	843	1	5	34	0	883
21291	32	6	1	829	0	868
21292	16	840	4	33	0	893
21293	13	18	3	833	0	867
21294	13	15	2	823	0	853
21295	8	5	775	33	0	821
21296	9	5	756	12	0	782
21297	6	770	24	13	0	813
21298	750	18	16	12	0	796
21299	753	11	13	10	0	787
21300	737	10	3	13	0	763
21301	35	709	4	8	0	756
21302	18	726	3	11	0	758
21303	695	23	3	10	0	731
21304	24	736	2	8	0	770
21305	11	21	687	21	0	740
21306	8	724	14	7	0	753
21307	11	19	675	6	0	711
21308	631	9	18	11	0	669
21309	654	6	16	7	0	683
21310	23	640	8	9	0	680
21311	652	17	5	9	0	683
21312	724	12	5	8	0	749
21313	740	6	3	7	0	756
21314	41	5	4	706	0	756
21315	731	3	2	25	0	761
21316	29	4	689	21	0	743
21317	705	5	20	11	0	741
21318	29	4	17	701	0	751
21319	22	6	655	23	0	706
21320	12	5	672	18	0	707
21321	8	5	32	656	0	701
21322	7	6	17	680	0	710
21323	669	3	9	33	0	714
21324	27	3	7	673	0	710
21325	18	6	653	31	0	708
21326	16	5	17	643	0	681
21327	14	669	16	26	0	725
21328	671	19	5	25	0	720
21329	26	15	6	674	0	721
21330	18	4	658	20	0	700
21331	8	649	20	21	0	698
21332	621	17	13	8	0	659
21333	26	20	8	597	0	651
21334	15	6	598	20	0	639
21335	7	592	18	15	0	632
21336	580	15	8	11	0	614
21337	575	9	5	5	0	594
21338	590	2	3	9	0	604
21339	31	2	6	567	0	606
21340	18	2	3	590	0	613
21341	555	1	3	27	0	586
21342	17	547	1	20	0	585
21343	570	12	4	8	0	594
21344	20	11	5	559	0	595
21345	568	5	6	19	0	598
21346	25	2	2	567	0	596
21347	16	2	1	564	0	583
21348	9	1	3	567	0	580
21349	10	3	1	573	0	587
21350	9	1	514	24	0	548
21351	3	4	448	10	0	465
21352	398	1	13	1	0	413
21353	10	1	389	8	0	408
21354	7	1	303	0	0	311
21355	284	1	16	2	0	303
21356	296	2	5	3	0	306
21357	15	0	2	306	0	323
21358	320	0	0	11	0	331
21359	11	348	1	6	0	366
21360	356	10	2	3	0	371
21361	361	5	0	4	0	370
21362	382	3	1	2	0	388
21363	18	2	0	369	0	389
21364	7	363	1	10	0	381
21365	3	383	1	6	0	393
21366	373	12	1	3	0	389
21367	389	4	2	3	0	398
21368	15	2	1	380	0	398
21369	5	3	1	378	0	387
21370	2	377	3	14	0	396
21371	376	8	3	5	0	392
21372	12	3	375	2	0	392
21373	7	1	9	379	0	396
21374	4	1	5	388	0	398
21375	4	0	378	15	0	397
21376	5	0	10	370	0	385
21377	0	329	4	13	0	346
21378	4	8	1	376	0	389
21379	3	4	0	363	0	370
21380	5	354	0	11	0	370
21381	4	368	1	7	0	380
21382	3	12	1	373	0	389
21383	373	3	2	14	0	392
21384	10	0	1	376	0	387
21385	5	0	3	383	0	391
21386	3	398	1	15	0	417
21387	4	8	4	413	0	429
21388	0	4	4	416	0	424
21389	3	0	1	421	0	425
21390	387	1	1	16	0	405
21391	13	1	1	395	0	410
21392	7	0	2	385	0	394
21393	3	2	2	392	0	399
21394	3	3	367	15	0	388
21395	351	1	9	6	0	367
21396	11	362	4	3	0	380
21397	361	6	1	3	0	371
21398	8	6	1	358	0	373
21399	5	4	352	8	0	369
21400	329	1	7	9	0	346
21401	9	1	545	1	0	556
21402	6	2	8	572	0	588
21403	593	1	4	11	0	609
21404	576	1	1	6	0	584
21405	610	1	1	1	0	613
21406	14	0	1	612	0	627
21407	5	1	0	617	0	623
21408	2	0	0	621	0	623
21409	0	597	1	12	0	610
21410	1	584	1	6	0	592
21411	2	585	0	2	0	589
21412	0	590	0	1	0	591
21413	1	1	0	606	0	608
21414	0	2	0	603	0	605
21415	611	1	0	5	0	617
21416	600	0	0	5	0	605
21417	615	0	0	2	0	617
21418	2	0	0	609	0	611
21419	1	1	0	623	0	625
21420	619	0	0	6	0	625
21421	611	0	0	4	0	615
21422	2	0	623	1	0	626
21423	3	4	609	1	0	617
21424	1	0	612	0	0	613
21425	0	0	642	1	0	643
21426	1	0	2	635	0	638
21427	644	0	1	5	0	650
21428	1	628	0	1	0	630
21429	3	1	0	662	0	666
21430	1	2	691	1	0	695
21431	1	753	2	1	0	757
21432	3	1	1	768	0	773
21433	0	1	782	1	0	784
21434	1	0	1	773	0	775
21435	1	0	2	794	0	797
21436	810	0	0	6	0	816
21437	4	0	0	818	0	822
21438	2	0	825	1	0	828
21439	2	0	1	813	0	816
21440	0	881	1	2	0	884
21441	1	1	0	938	0	940
21442	1	1	0	968	0	970
21443	0	1	0	960	0	961
21444	978	0	0	4	0	982
21445	1038	0	0	7	0	1045
21446	1042	0	0	2	0	1044
21447	1039	0	0	2	0	1041
21448	2	2	1026	0	0	1030
21449	999	0	1	4	0	1004
21450	1028	0	2	4	0	1034
21451	2	0	1031	0	0	1033
21452	1	0	1079	0	0	1080
21453	0	0	2	1114	0	1116
21454	1	1121	1	0	0	1123
21455	1161	1	0	5	0	1167
21456	1181	1	0	4	0	1186
21457	1241	0	0	2	0	1243
21458	2	0	0	1262	0	1264
21459	1	1316	2	1	0	1320
21460	1398	1	0	5	0	1404
21461	1413	1	0	4	0	1418
21462	3	0	0	1399	0	1402
21463	1	0	1375	1	0	1377
21464	1345	0	1	7	0	1353
21465	3	0	1	1428	0	1432
21466	1459	0	0	10	0	1469
21467	3	0	0	1506	0	1509
21468	1	1	1485	1	0	1488
21469	1588	0	0	4	0	1592
21470	3	1	1	1642	0	1647
21471	2	0	2	1647	0	1651
21472	0	0	0	1664	0	1664
21473	2	0	0	1663	0	1665
21474	1700	0	0	8	0	1708
21475	3	0	0	1705	0	1708
21476	1	1697	3	5	0	1706
21477	0	3	0	1764	0	1767
21478	0	1768	1	4	0	1773
21479	3	3	0	1822	0	1828
21480	4	1	0	1846	0	1851
21481	0	1843	1	5	0	1849
21482	0	4	0	1881	0	1885
21483	0	0	0	1865	0	1865
21484	1865	0	0	8	0	1873
21485	3	1	1935	0	0	1939
21486	2	0	4	1992	0	1998
21487	2031	0	1	11	0	2043
21488	2009	1	0	5	0	2015
21489	2023	0	0	9	0	2032
21490	7	2	2040	2	0	2051
21491	2	0	2031	0	0	2033
21492	8	0	8	2135	0	2151
21493	2182	0	4	16	0	2202
21494	8	1	2164	3	0	2176
21495	2102	0	7	5	0	2114
21496	9	2203	5	2	0	2219
21497	4	10	1	2324	0	2339
21498	5	5	0	2380	0	2390
21499	2424	1	0	19	0	2444
21500	13	1	1	2468	0	2483
21501	2384	1	1	20	0	2406
21502	2461	0	0	11	0	2472
21503	14	0	0	2449	0	2463
21504	9	0	1	2461	0	2471
21505	2490	0	1	20	0	2511
21506	11	2	2790	5	0	2808
21507	2767	0	7	18	0	2792
21508	12	4	2981	1	0	2998
21509	3049	0	8	22	0	3079
21510	3283	1	4	23	0	3311
21511	3293	1	3	18	0	3315
21512	3252	0	1	17	0	3270
21513	14	3269	1	3	0	3287
21514	3334	7	1	13	0	3355
21515	3336	3	0	8	0	3347
21516	14	3550	6	4	0	3574
21517	3578	8	2	23	0	3611
21518	9	3	3556	3	0	3571
21519	3511	1	8	11	0	3531
21520	16	5	3608	1	0	3630
21521	9	0	10	3602	0	3621
21522	8	1	4	3635	0	3648
21523	0	1	3642	14	0	3657
21524	5	0	10	3624	0	3639
21525	81	31	32	2268	0	2412
21526	3793	2	3	25	0	3823
21527	18	0	1	3837	0	3856
21528	14	2	2	3834	0	3852
21529	7	2	1	3871	0	3881
21530	3	3796	5	24	0	3828
21531	8	11	1	3848	0	3868
21532	3849	5	2	32	0	3888
21533	22	9	3899	30	0	3960
21534	22	2	20	3934	0	3978
21535	9	7	3966	24	0	4006
21536	3810	3	25	26	0	3864
21537	30	1	12	4114	0	4157
21538	18	6	4997	43	0	5064
21539	21	3	74	5019	0	5117
21540	16	2	66	5062	0	5146
21541	8	5029	50	153	0	5240
21542	17	85	20	5229	0	5351
21543	16	67	11	5468	0	5562
21544	11	50	5387	189	0	5637
21545	18	20	93	5391	0	5522
21546	18	10	70	5491	0	5589
21547	5307	4	51	212	0	5574
21548	5315	4	26	151	0	5496
21549	159	5311	19	78	0	5567
21550	5408	94	13	57	0	5572
21551	5465	70	13	49	0	5597
21552	186	5436	29	30	0	5681
21553	153	116	15	5421	0	5705
21554	5460	88	8	142	0	5698
21555	5483	67	7	108	0	5665
21556	5442	34	5	100	0	5581
21557	224	5317	17	51	0	5609
21558	164	103	5357	38	0	5662
21559	5424	78	102	63	0	5667
21560	5527	64	74	57	0	5722
21561	211	5540	55	44	0	5850
21562	5672	128	25	50	0	5875
21563	5740	95	22	41	0	5898
21564	260	68	20	5561	0	5909
21565	178	44	5590	142	0	5954
21566	135	27	125	5671	0	5958
21567	91	22	85	5734	0	5932
21568	86	21	59	5822	0	5988
21569	65	33	5494	263	0	5855
21570	94	17	133	5383	0	5627
21571	62	28	86	5642	0	5818
21572	59	23	64	5715	0	5861
21573	69	12	40	5729	0	5850
21574	72	16	19	5693	0	5800
21575	48	5486	14	315	0	5863
21576	59	131	12	5673	0	5875
21577	64	88	29	5792	0	5973
21578	41	63	5541	273	0	5918
21579	59	33	130	6044	0	6266
21580	55	21	94	6155	0	6325
21581	53	18	62	6425	0	6558
21582	62	13	39	6550	0	6664
21583	6290	26	31	390	0	6737
21584	172	19	28	6539	0	6758
21585	134	16	24	6516	0	6690
21586	96	20	6151	347	0	6614
21587	56	5897	158	278	0	6389
21588	32	6250	117	197	0	6596
21589	6088	230	98	143	0	6559
21590	153	6232	42	134	0	6561
21591	137	208	35	6119	0	6499
21592	6028	128	30	254	0	6440
21593	193	99	6016	198	0	6506
21594	136	68	158	6088	0	6450
21595	101	6050	115	258	0	6524
21596	83	174	79	6052	0	6388
21597	46	6102	48	268	0	6464
21598	59	230	27	6117	0	6433
21599	5927	136	19	332	0	6414
21600	199	94	6043	205	0	6541
21601	164	63	178	5863	0	6268
21602	99	5983	114	243	0	6439
21603	5934	201	87	187	0	6409
21604	210	132	5905	153	0	6400
21605	165	93	190	5885	0	6333
21606	111	74	5640	247	0	6072
21607	99	42	246	5631	0	6018
21608	67	41	5485	306	0	5899
21609	55	37	253	5352	0	5697
21610	46	51	160	5368	0	5625
21611	5114	38	100	374	0	5626
21612	5227	37	71	255	0	5590
21613	306	38	43	5152	0	5539
21614	203	5069	53	266	0	5591
21615	149	190	32	5256	0	5627
21616	90	121	39	5202	0	5452
21617	4865	87	37	388	0	5377
21618	202	4882	41	269	0	5394
21619	4907	190	44	198	0	5339
21620	4952	142	38	140	0	5272
21621	298	4752	35	124	0	5209
21622	195	4978	44	114	0	5331
21623	4861	266	44	130	0	5301
21624	234	171	4727	145	0	5277
21625	4786	108	187	125	0	5206
21626	4842	69	123	120	0	5154
21627	324	4629	96	120	0	5169
21628	234	197	60	4286	0	4777
21629	142	4659	41	247	0	5089
21630	4587	249	50	197	0	5083
21631	4722	150	55	149	0	5076
21632	317	121	55	4490	0	4983
21633	231	100	31	4596	0	4958
21634	4408	61	20	333	0	4822
21635	243	4328	28	241	0	4840
21636	171	4319	22	192	0	4704
21637	153	4291	35	118	0	4597
21638	52	3176	26	70	0	3324
21639	46	3231	25	60	0	3362
21640	50	185	26	3070	0	3331
21641	35	91	2968	170	0	3264
21642	44	3033	107	94	0	3278
21643	2766	139	38	70	0	3013
21644	138	67	34	2739	0	2978
21645	2733	43	25	142	0	2943
21646	138	2733	30	67	0	2968
21647	2713	131	34	67	0	2945
21648	139	2733	26	43	0	2941
21649	79	132	44	2707	0	2962
21650	2702	52	46	127	0	2927
21651	2783	46	32	94	0	2955
21652	151	36	33	2745	0	2965
21653	98	28	28	2772	0	2926
21654	58	2690	30	164	0	2942
21655	55	117	15	2753	0	2940
21656	60	59	11	2799	0	2929
21657	68	51	16	2729	0	2864
21658	48	2564	10	180	0	2802
21659	2351	100	13	103	0	2567
21660	90	2412	18	74	0	2594
21661	2286	113	11	63	0	2473
21662	115	2299	14	56	0	2484
21663	73	119	2239	37	0	2468
21664	68	60	80	2231	0	2439
21665	54	50	2170	95	0	2369
21666	51	34	2148	58	0	2291
21667	49	45	107	2112	0	2313
21668	52	39	2130	94	0	2315
21669	59	26	109	2092	0	2286
21670	58	25	52	2130	0	2265
21671	54	29	35	2181	0	2299
21672	2122	33	19	141	0	2315
21673	117	34	15	2125	0	2291
21674	72	34	18	2154	0	2278
21675	2034	28	10	142	0	2214
21676	122	1973	10	83	0	2188
21677	68	1879	4	73	0	2024
21678	50	1937	9	50	0	2046
21679	27	177	3	1394	0	1601
21680	33	28	1425	69	0	1555
21681	1076	21	50	37	0	1184
21682	47	1144	15	17	0	1223
21683	1046	41	9	16	0	1112
21684	1059	21	7	10	0	1097
21685	1062	8	4	11	0	1085
21686	50	16	1035	6	0	1107
21687	22	16	31	1037	0	1106
21688	18	8	15	1086	0	1127
21689	12	8	10	1082	0	1112
21690	20	5	10	1049	0	1084
21691	17	1048	4	41	0	1110
21692	1053	34	4	25	0	1116
21693	32	17	1005	16	0	1070
21694	942	10	25	11	0	988
21695	42	23	10	899	0	974
21696	23	879	4	33	0	939
21697	11	931	3	21	0	966
21698	16	49	1	880	0	946
21699	10	897	5	25	0	937
21700	725	17	0	10	0	752
21701	15	11	684	2	0	712
21702	10	5	7	670	0	692
21703	8	4	2	704	0	718
21704	4	2	2	706	0	714
21705	5	2	4	699	0	710
21706	695	1	1	18	0	715
21707	10	693	1	47	0	751
21708	779	8	0	9	0	796
21709	19	5	1	820	0	845
21710	14	5	0	834	0	853
21711	4	857	2	25	0	888
21712	893	17	2	15	0	927
21713	921	6	1	6	0	934
21714	27	899	0	6	0	932
21715	14	21	1	834	0	870
21716	5	861	0	19	0	885
21717	839	21	5	11	0	876
21718	20	9	841	4	0	874
21719	10	4	822	2	0	838
21720	780	1	24	3	0	808
21721	16	830	9	3	0	858
21722	11	17	3	833	0	864
21723	5	10	2	842	0	859
21724	5	0	843	24	0	872
21725	2	2	16	843	0	863
21726	6	3	9	850	0	868
21727	2	821	1	28	0	852
21728	1	17	1	832	0	851
21729	0	7	3	844	0	854
21730	827	1	0	30	0	858
21731	16	806	4	9	0	835
21732	8	829	2	2	0	841
21733	1	17	0	815	0	833
21734	1	7	1	835	0	844
21735	7	0	0	828	0	835
21736	0	813	1	24	0	838
21737	2	15	1	838	0	856
21738	7	9	0	836	0	852
21739	1	4	0	852	0	857
21740	1	1	0	847	0	849
21741	1	808	1	27	0	837
21742	1	853	1	8	0	863
21743	836	16	1	9	0	862
21744	845	9	1	6	0	861
21745	32	1	0	846	0	879
21746	6	2	843	18	0	869
21747	2	2	15	862	0	881
21748	8	3	6	860	0	877
21749	846	3	1	25	0	875
21750	17	883	0	11	0	911
21751	12	17	1	867	0	897
21752	5	6	2	894	0	907
21753	0	1	874	28	0	903
21754	4	2	886	12	0	904
21755	7	2	20	870	0	899
21756	6	6	6	883	0	901
21757	3	864	1	26	0	894
21758	4	896	2	10	0	912
21759	876	23	2	9	0	910
21760	18	9	4	878	0	909
21761	7	1	892	21	0	921
21762	3	876	16	13	0	908
21763	3	18	7	889	0	917
21764	889	10	1	24	0	924
21765	16	2	0	900	0	918
21766	876	2	3	22	0	903
21767	18	881	2	13	0	914
21768	864	19	4	6	0	893
21769	26	11	1	877	0	915
21770	10	4	914	25	0	953
21771	6	1	20	913	0	940
21772	3	946	10	20	0	979
21773	7	20	1	954	0	982
21774	3	1011	2	24	0	1040
21775	5	23	4	1051	0	1083
21776	2	11	1035	30	0	1078
21777	3	5	1018	16	0	1042
21778	1	10	1052	9	0	1072
21779	1011	4	28	13	0	1056
21780	24	1015	11	7	0	1057
21781	11	1065	4	7	0	1087
21782	1013	29	3	9	0	1054
21783	1021	15	4	7	0	1047
21784	35	5	3	998	0	1041
21785	15	6	1005	26	0	1052
21786	7	6	961	13	0	987
21787	7	5	31	961	0	1004
21788	970	6	13	27	0	1016
21789	25	974	5	19	0	1023
21790	13	26	2	1000	0	1041
21791	964	11	6	32	0	1013
21792	975	9	5	19	0	1008
21793	32	2	958	13	0	1005
21794	932	3	21	17	0	973
21795	23	6	997	9	0	1035
21796	13	6	994	8	0	1021
21797	9	3	32	954	0	998
21798	8	3	15	974	0	1000
21799	7	8	4	1000	0	1019
21800	8	5	963	36	0	1012
21801	950	6	23	20	0	999
21802	24	7	13	990	0	1034
21803	953	2	11	31	0	997
21804	953	9	4	21	0	987
21805	33	938	3	20	0	994
21806	17	961	6	6	0	990
21807	6	949	8	9	0	972
21808	10	26	3	855	0	894
21809	10	11	840	19	0	880
21810	9	40	22	753	0	824
21811	3	783	9	16	0	811
21812	5	759	2	5	0	771
21813	10	13	5	759	0	787
21814	743	3	4	18	0	768
21815	14	731	6	6	0	757
21816	4	748	4	6	0	762
21817	785	15	1	9	0	810
21818	15	7	2	793	0	817
21819	6	6	0	782	0	794
21820	5	3	2	795	0	805
21821	764	2	1	15	0	782
21822	768	4	2	6	0	780
21823	17	1	4	761	0	783
21824	11	3	728	14	0	756
21825	729	2	14	12	0	757
21826	11	1	7	757	0	776
21827	6	3	739	17	0	765
21828	8	3	723	7	0	741
21829	4	3	11	743	0	761
21830	3	3	768	12	0	786
21831	11	1	10	857	0	879
21832	9	4	3	863	0	879
21833	8	6	2	931	0	947
21834	935	4	4	25	0	968
21835	20	6	3	939	0	968
21836	11	6	6	933	0	956
21837	5	6	2	938	0	951
21838	4	4	4	948	0	960
21839	2	6	909	27	0	944
21840	5	909	18	14	0	946
21841	7	26	6	894	0	933
21842	9	8	3	876	0	896
21843	5	852	5	26	0	888
21844	9	887	4	10	0	910
21845	874	22	4	4	0	904
21846	18	863	3	4	0	888
21847	10	15	2	847	0	874
21848	5	6	850	19	0	880
21849	828	3	15	13	0	859
21850	16	5	801	9	0	831
21851	799	0	18	7	0	824
21852	801	3	6	6	0	816
21853	19	2	790	12	0	823
21854	15	3	21	732	0	771
21855	10	760	6	14	0	790
21856	3	14	7	803	0	827
21857	821	4	7	19	0	851
21858	834	3	9	7	0	853
21859	21	838	4	13	0	876
21860	840	14	5	11	0	870
21861	20	7	4	825	0	856
21862	826	3	2	27	0	858
21863	841	3	3	15	0	862
21864	24	2	1	829	0	856
21865	825	6	4	25	0	860
21866	806	3	2	16	0	827
21867	22	3	806	11	0	842
21868	791	3	16	9	0	819
21869	18	5	792	5	0	820
21870	8	6	725	6	0	745
21871	5	739	16	10	0	770
21872	13	11	17	671	0	712
21873	2	5	685	13	0	705
21874	3	3	640	9	0	655
21875	656	1	20	4	0	681
21876	12	0	6	650	0	668
21877	6	3	2	672	0	683
21878	4	4	1	661	0	670
21879	4	0	3	665	0	672
21880	3	0	2	670	0	675
21881	3	5	657	18	0	683
21882	3	3	652	20	0	678
21883	6	0	15	666	0	687
21884	661	0	3	22	0	686
21885	16	670	2	8	0	696
21886	4	13	3	677	0	697
21887	666	3	2	18	0	689
21888	16	669	3	5	0	693
21889	7	13	1	680	0	701
21890	5	5	4	679	0	693
21891	7	3	2	676	0	688
21892	651	3	2	20	0	676
21893	13	2	640	9	0	664
21894	637	3	16	4	0	660
21895	16	1	3	636	0	656
21896	9	0	5	619	0	633
21897	3	626	3	21	0	653
21898	7	13	610	8	0	638
21899	612	3	16	11	0	642
21900	640	1	5	3	0	649
21901	17	2	627	7	0	653
21902	598	2	12	10	0	622
21903	18	618	5	5	0	646
21904	7	659	2	5	0	673
21905	2	681	5	6	0	694
21906	654	19	2	4	0	679
21907	16	7	658	5	0	686
21908	7	10	16	620	0	653
21909	7	614	2	15	0	638
21910	6	643	2	5	0	656
21911	8	647	5	2	0	662
21912	8	15	9	537	0	569
21913	608	4	3	12	0	627
21914	14	619	1	5	0	639
21915	4	13	3	630	0	650
21916	3	2	2	641	0	648
21917	609	3	5	13	0	630
21918	14	1	2	612	0	629
21919	3	4	5	637	0	649
21920	4	3	633	14	0	654
21921	9	2	10	623	0	644
21922	6	1	4	653	0	664
21923	645	4	1	17	0	667
21924	643	3	2	6	0	654
21925	16	0	0	641	0	657
21926	625	2	0	19	0	646
21927	640	1	3	5	0	649
21928	14	642	2	5	0	663
21929	3	10	640	7	0	660
21930	6	610	15	1	0	632
21931	18	17	13	482	0	530
21932	464	1	1	6	0	472
21933	6	451	1	0	0	458
21934	1	7	1	439	0	448
21935	438	0	1	7	0	446
21936	443	1	1	2	0	447
21937	5	2	0	432	0	439
21938	1	0	471	6	0	478
21939	2	0	6	492	0	500
21940	5	1	0	503	0	509
21941	2	0	501	7	0	510
21942	0	0	6	487	0	493
21943	1	1	0	502	0	504
21944	533	0	1	9	0	543
21945	6	0	1	540	0	547
21946	1	1	1	552	0	555
21947	552	0	1	5	0	558
21948	543	0	0	5	0	548
21949	548	1	0	1	0	550
21950	4	2	547	1	0	554
21951	3	1	4	539	0	547
21952	3	556	0	5	0	564
21953	2	5	1	571	0	579
21954	0	2	599	5	0	606
21955	3	1	4	560	0	568
21956	0	3	596	5	0	604
21957	543	0	4	5	0	552
21958	589	0	2	4	0	595
21959	3	1	0	602	0	606
21960	1	0	1	610	0	612
21961	1	0	0	612	0	613
21962	2	652	0	3	0	657
21963	654	3	0	2	0	659
21964	675	0	0	7	0	682
21965	3	0	1	672	0	676
21966	2	1	1	666	0	670
21967	2	0	0	675	0	677
21968	3	0	0	671	0	674
21969	1	0	673	4	0	678
21970	1	0	3	679	0	683
21971	667	0	0	7	0	674
21972	672	0	0	3	0	675
21973	3	1	1	659	0	664
21974	2	2	657	4	0	665
21975	615	1	4	1	0	621
21976	4	0	0	642	0	646
21977	1	642	2	5	0	650
21978	0	683	1	1	0	685
21979	701	4	0	7	0	712
21980	1	0	0	702	0	703
21981	3	0	0	713	0	716
21982	0	0	0	728	0	728
21983	2	0	1	720	0	723
21984	2	0	1	745	0	748
21985	1	2	740	6	0	749
21986	0	1	732	3	0	736
21987	1	0	722	3	0	726
21988	3	0	4	724	0	731
21989	2	1	766	4	0	773
21990	3	0	5	752	0	760
21991	4	0	0	756	0	760
21992	1	0	3	779	0	783
21993	775	0	0	12	0	787
21994	7	0	0	777	0	784
21995	4	0	1	792	0	797
21996	788	0	1	8	0	797
21997	5	785	3	4	0	797
21998	2	812	2	3	0	819
21999	804	7	0	5	0	816
22000	6	839	0	0	0	845
22001	835	11	0	3	0	849
22002	847	3	1	5	0	856
22003	861	3	0	2	0	866
22004	851	1	0	4	0	856
22005	835	0	0	6	0	841
22006	12	837	0	2	0	851
22007	828	7	0	3	0	838
22008	856	3	1	6	0	866
22009	12	877	2	0	0	891
22010	943	9	0	1	0	953
22011	981	2	0	6	0	989
22012	1082	3	2	5	0	1092
22013	1111	1	0	10	0	1122
22014	25	1	1232	5	0	1263
22015	21	1	28	1282	0	1332
22016	10	1	10	1343	0	1364
22017	2	2	1321	32	0	1357
22018	5	6	1276	15	0	1302
22019	1282	1	34	13	0	1330
22020	37	2	15	1301	0	1355
22021	13	1	1319	29	0	1362
22022	12	0	1301	11	0	1324
22023	1288	4	37	10	0	1339
22024	1330	4	14	4	0	1352
22025	1330	1	8	4	0	1343
22026	44	2	1294	2	0	1342
22027	27	1	27	1284	0	1339
22028	16	2	1290	31	0	1339
22029	1285	2	36	13	0	1336
22030	37	1	1317	8	0	1363
22031	20	0	36	1294	0	1350
22032	17	1	14	1320	0	1352
22033	6	1326	12	37	0	1381
22034	1344	31	4	22	0	1401
22035	37	8	1342	14	0	1401
22036	1338	8	35	12	0	1393
22037	44	4	1382	5	0	1435
22038	19	3	45	1320	0	1387
22039	19	2	11	1338	0	1370
22040	19	0	14	1341	0	1374
22041	1328	2	10	51	0	1391
22042	50	1	8	1321	0	1380
22043	20	1	7	1347	0	1375
22044	19	1268	7	50	0	1344
22045	11	33	12	1300	0	1356
22046	1284	10	9	50	0	1353
22047	45	7	1276	18	0	1346
22048	22	6	38	1280	0	1346
22049	18	3	1284	38	0	1343
22050	10	1240	49	18	0	1317
22051	10	37	1266	16	0	1329
22052	1250	10	48	13	0	1321
22053	1298	8	18	10	0	1334
22054	51	4	20	1239	0	1314
22055	1240	1	11	46	0	1298
22056	1251	2	10	25	0	1288
22057	49	2	16	1247	0	1314
22058	33	2	13	1264	0	1312
22059	18	2	1243	55	0	1318
22060	19	1224	38	29	0	1310
22061	1226	33	21	21	0	1301
22062	43	1192	19	14	0	1268
22063	26	44	14	1192	0	1276
22064	25	15	12	1203	0	1255
22065	22	8	10	1206	0	1246
22066	12	1	18	1219	0	1250
22067	11	4	1166	62	0	1243
22068	1139	4	46	36	0	1225
22069	1197	3	21	26	0	1247
22070	58	5	17	1171	0	1251
22071	1176	3	20	52	0	1251
22072	57	6	14	1171	0	1248
22073	32	8	1150	51	0	1241
22074	24	6	45	1141	0	1216
22075	22	1141	19	50	0	1232
22076	21	31	20	1135	0	1207
22077	16	1131	14	54	0	1215
22078	15	37	15	1084	0	1151
22079	13	1094	15	55	0	1177
22080	1075	41	13	36	0	1165
22081	46	19	1083	27	0	1175
22082	25	1034	38	25	0	1122
22083	20	1071	20	27	0	1138
22084	24	42	14	1050	0	1130
22085	19	16	16	1068	0	1119
22086	20	10	18	1063	0	1111
22087	18	6	16	1074	0	1114
22088	12	1026	18	65	0	1121
22089	18	31	7	1042	0	1098
22090	14	12	12	1061	0	1099
22091	1007	12	10	65	0	1094
22092	57	7	2	1047	0	1113
22093	20	8	1002	57	0	1087
22094	18	8	1006	34	0	1066
22095	961	8	44	25	0	1038
22096	36	977	21	26	0	1060
22097	24	1003	10	17	0	1054
22098	11	40	16	960	0	1027
22099	22	19	9	979	0	1029
22100	13	14	932	46	0	1005
22101	910	13	33	30	0	986
22102	952	8	17	26	0	1003
22103	46	8	964	21	0	1039
22104	24	6	948	23	0	1001
22105	951	5	36	23	0	1015
22106	1009	7	15	18	0	1049
22107	1005	7	10	23	0	1045
22108	982	7	5	25	0	1019
22109	48	927	8	19	0	1002
22110	856	25	7	15	0	903
22111	36	11	798	15	0	860
22112	8	4	701	10	0	723
22113	8	8	729	7	0	752
22114	10	59	10	501	0	580
22115	494	0	8	10	0	512
22116	498	1	2	3	0	504
22117	10	0	0	491	0	501
22118	4	0	2	481	0	487
22119	4	0	0	499	0	503
22120	5	521	0	7	0	533
22121	516	7	2	6	0	531
22122	519	1	1	6	0	527
22123	522	1	1	5	0	529
22124	524	1	4	2	0	531
22125	521	0	1	3	0	525
22126	7	3	0	512	0	522
22127	2	504	1	8	0	515
22128	3	10	0	497	0	510
22129	2	1	2	498	0	503
22130	485	2	0	9	0	496
22131	6	0	477	1	0	484
22132	2	0	457	0	0	459
22133	4	1	448	0	0	453
22134	481	0	3	3	0	487
22135	486	0	10	0	0	496
22136	4	0	0	477	0	481
22137	2	1	0	468	0	471
22138	1	0	0	487	0	488
22139	0	0	498	5	0	503
22140	2	0	4	487	0	493
22141	0	0	522	3	0	525
22142	5	0	3	509	0	517
22143	2	0	2	520	0	524
22144	0	0	0	548	0	548
22145	545	0	0	7	0	552
22146	549	0	0	5	0	554
22147	5	0	563	2	0	570
22148	554	0	4	4	0	562
22149	573	0	3	0	0	576
22150	6	0	2	565	0	573
22151	572	0	2	6	0	580
22152	4	0	2	597	0	603
22153	5	0	1	599	0	605
22154	3	1	595	6	0	605
22155	570	0	5	8	0	583
22156	4	0	4	605	0	613
22157	5	0	609	6	0	620
22158	4	1	652	5	0	662
22159	4	0	5	630	0	639
22160	5	0	4	641	0	650
22161	665	0	1	11	0	677
22162	4	0	4	672	0	680
22163	7	0	0	660	0	667
22164	5	1	1	671	0	678
22165	3	1	1	735	0	740
22166	781	0	3	13	0	797
22167	785	0	1	11	0	797
22168	836	0	1	9	0	846
22169	862	0	2	3	0	867
22170	24	0	0	869	0	893
22171	883	1	1	18	0	903
22172	17	1	3	885	0	906
22173	890	0	2	19	0	911
22174	26	0	1	887	0	914
22175	6	0	1	915	0	922
22176	7	910	5	18	0	940
22177	2	14	3	917	0	936
22178	903	4	0	20	0	927
22179	907	2	1	13	0	923
22180	22	0	908	6	0	936
22181	12	919	16	6	0	953
22182	909	11	6	11	0	937
22183	16	942	5	5	0	968
22184	930	15	1	9	0	955
22185	21	998	2	4	0	1025
22186	9	17	1018	7	0	1051
22187	6	1034	11	9	0	1060
22188	4	1076	6	6	0	1092
22189	8	16	5	1082	0	1111
22190	1132	6	1	23	0	1162
22191	18	4	3	1142	0	1167
22192	12	1	2	1160	0	1175
22193	1148	1	2	28	0	1179
22194	1178	1	3	17	0	1199
22195	23	3	3	1189	0	1218
22196	11	3	0	1202	0	1216
22197	9	1	2	1217	0	1229
22198	1197	1	1	24	0	1223
22199	18	3	1192	10	0	1223
22200	8	4	13	1190	0	1215
22201	12	1	1226	15	0	1254
22202	8	1203	16	8	0	1235
22203	7	14	1174	9	0	1204
22204	11	6	17	1152	0	1186
22205	8	4	1163	18	0	1193
22206	1122	2	18	12	0	1154
22207	19	3	6	1162	0	1190
22208	8	1216	6	25	0	1255
22209	11	17	2	1236	0	1266
22210	6	1226	1	25	0	1258
22211	4	1229	3	14	0	1250
22212	8	1260	2	12	0	1282
22213	8	22	4	1199	0	1233
22214	6	1219	3	17	0	1245
22215	1211	16	2	12	0	1241
22216	18	10	1180	9	0	1217
22217	14	5	1146	4	0	1169
22218	10	5	1205	6	0	1226
22219	6	3	20	1216	0	1245
22220	6	5	10	1191	0	1212
22221	17	7	5	1193	0	1222
22222	6	6	3	1216	0	1231
22223	12	4	3	1190	0	1209
22224	2	1237	4	29	0	1272
22225	8	17	1239	14	0	1278
22226	15	7	1192	11	0	1225
22227	9	1260	20	10	0	1299
22228	6	15	8	1267	0	1296
22229	10	6	5	1280	0	1301
22230	9	5	2	1272	0	1288
22231	1263	5	2	28	0	1298
22232	16	1	1250	22	0	1289
22233	1206	3	13	21	0	1243
22234	1238	2	6	12	0	1258
22235	20	1213	8	7	0	1248
22236	11	1269	8	5	0	1293
22237	1275	22	4	11	0	1312
22238	15	11	7	1273	0	1306
22239	17	5	1	1311	0	1334
22240	7	3	1332	27	0	1369
22241	2	7	1324	16	0	1349
22242	11	7	24	1364	0	1406
22243	1387	8	10	23	0	1428
22244	22	7	1512	9	0	1550
22245	1482	9	32	10	0	1533
22246	27	3	12	1532	0	1574
22247	12	9	5	1566	0	1592
22248	20	4	3	1602	0	1629
22249	6	7	1589	39	0	1641
22250	7	1567	30	18	0	1622
22251	5	1662	10	12	0	1689
22252	1661	34	7	19	0	1721
22253	1708	13	4	19	0	1744
22254	46	10	3	1689	0	1748
22255	1705	3	5	44	0	1757
22256	43	4	1674	15	0	1736
22257	9	9	1659	13	0	1690
22258	13	1	45	1579	0	1638
22259	1652	1	16	48	0	1717
22260	39	6	11	1662	0	1718
22261	16	2	5	1721	0	1744
22262	1673	3	5	56	0	1737
22263	1717	5	8	22	0	1752
22264	47	1788	3	15	0	1853
22265	1756	36	7	12	0	1811
22266	46	24	8	1679	0	1757
22267	11	1723	6	42	0	1782
22268	1679	38	1	18	0	1736
22269	38	1683	3	6	0	1730
22270	14	35	3	1642	0	1694
22271	1640	7	2	44	0	1693
22272	38	3	1623	10	0	1674
22273	8	8	1635	6	0	1657
22274	14	7	52	1579	0	1652
22275	5	2	8	1647	0	1662
22276	10	4	3	1592	0	1609
22277	6	1622	3	39	0	1670
22278	1659	35	2	16	0	1712
22279	1669	6	4	14	0	1693
22280	1672	5	0	16	0	1693
22281	43	1729	2	7	0	1781
22282	16	33	2	1849	0	1900
22283	18	10	3	1875	0	1906
22284	13	8	2	1882	0	1905
22285	1748	5	2	53	0	1808
22286	39	1742	3	17	0	1801
22287	15	38	1	1739	0	1793
22288	11	13	1	1759	0	1784
22289	12	6	1686	50	0	1754
22290	8	1660	38	12	0	1718
22291	11	38	9	1668	0	1726
22292	17	12	5	1676	0	1710
22293	20	4	4	1674	0	1702
22294	1591	5	5	61	0	1662
22295	41	1598	8	23	0	1670
22296	1610	43	1	20	0	1674
22297	53	11	3	1608	0	1675
22298	1625	5	6	48	0	1684
22299	51	5	1594	24	0	1674
22300	1630	9	42	21	0	1702
22301	1647	10	8	15	0	1680
22302	54	11	1622	16	0	1703
22303	30	5	39	1640	0	1714
22304	32	10	7	1631	0	1680
22305	1673	10	9	58	0	1750
22306	54	7	7	1690	0	1758
22307	25	4	6	1715	0	1750
22308	14	7	11	1675	0	1707
22309	15	9	1604	62	0	1690
22310	1537	8	41	31	0	1617
22311	46	1623	12	21	0	1702
22312	27	41	6	1579	0	1653
22313	19	1609	10	47	0	1685
22314	17	1686	6	23	0	1732
22315	15	56	6	1679	0	1756
22316	19	12	1668	57	0	1756
22317	12	14	1684	27	0	1737
22318	18	7	52	1663	0	1740
22319	17	9	1662	56	0	1744
22320	1647	10	46	27	0	1730
22321	54	6	11	1710	0	1781
22322	17	12	13	1745	0	1787
22323	15	1716	14	62	0	1807
22324	14	48	5	1732	0	1799
22325	14	18	6	1715	0	1753
22326	12	1652	7	73	0	1744
22327	12	47	7	1706	0	1772
22328	10	16	7	1708	0	1741
22329	12	1679	7	65	0	1763
22330	1673	43	11	33	0	1760
22331	51	15	1656	31	0	1753
22332	17	20	1641	26	0	1704
22333	16	23	50	1643	0	1732
22334	19	12	13	1681	0	1725
22335	13	9	1648	68	0	1738
22336	18	8	1635	24	0	1685
22337	1515	11	56	26	0	1608
22338	53	1591	20	26	0	1690
22339	1571	40	8	25	0	1644
22340	48	14	1515	23	0	1600
22341	22	1487	42	23	0	1574
22342	17	37	22	1489	0	1565
22343	20	13	1482	56	0	1571
22344	12	10	1370	23	0	1415
22345	15	14	42	1464	0	1535
22346	10	6	1473	47	0	1536
22347	3	1455	48	27	0	1533
22348	14	41	14	1419	0	1488
22349	10	20	1418	47	0	1495
22350	10	1441	47	22	0	1520
22351	1393	35	18	26	0	1472
22352	28	19	1390	19	0	1456
22353	19	1363	32	16	0	1430
22354	13	33	19	1352	0	1417
22355	11	16	19	1407	0	1453
22356	1395	16	7	55	0	1473
22357	42	8	9	1396	0	1455
22358	24	7	9	1423	0	1463
22359	1387	11	10	51	0	1459
22360	39	8	13	1390	0	1450
22361	16	8	1335	46	0	1405
22362	19	5	28	1335	0	1387
22363	8	2	1348	44	0	1402
22364	9	10	1236	25	0	1280
22365	12	3	1216	19	0	1250
22366	12	6	41	1149	0	1208
22367	6	7	22	1186	0	1221
22368	1174	5	8	43	0	1230
22369	22	3	7	1166	0	1198
22370	19	1262	8	26	0	1315
22371	12	23	7	1307	0	1349
22372	4	14	9	1283	0	1310
22373	6	1294	6	40	0	1346
22374	1286	21	8	30	0	1345
22375	1278	11	10	21	0	1320
22376	29	1271	9	11	0	1320
22377	17	1265	4	16	0	1302
22378	11	50	6	1232	0	1299
22379	1254	21	13	24	0	1312
22380	25	11	1254	21	0	1311
22381	18	10	1122	13	0	1163
22382	1025	4	20	8	0	1057
22383	15	1055	17	8	0	1095
22384	13	29	11	1057	0	1110
22385	15	11	3	1062	0	1091
22386	8	7	5	1078	0	1098
22387	5	4	5	1081	0	1095
22388	5	1063	5	31	0	1104
22389	3	14	3	1107	0	1127
22390	1102	13	3	21	0	1139
22391	16	9	5	1140	0	1170
22392	16	4	4	1152	0	1176
22393	1149	2	1	36	0	1188
22394	1139	5	4	26	0	1174
22395	1170	4	4	12	0	1190
22396	1181	2	2	6	0	1191
22397	35	3	3	1150	0	1191
22398	1151	5	2	25	0	1183
22399	23	3	2	1132	0	1160
22400	1121	3	3	30	0	1157
22401	1114	1	1	22	0	1138
22402	33	4	5	1081	0	1123
22403	18	5	1080	24	0	1127
22404	1116	3	16	19	0	1154
22405	1128	5	14	19	0	1166
22406	1167	1	10	16	0	1194
22407	1195	1	4	9	0	1209
22408	35	5	5	1200	0	1245
22409	27	3	1182	21	0	1233
22410	12	5	1162	23	0	1202
22411	1166	1	29	30	0	1226
22412	1226	2	19	11	0	1258
22413	26	1184	10	25	0	1245
22414	22	1213	3	11	0	1249
22415	1266	27	4	11	0	1308
22416	19	18	7	1259	0	1303
22417	24	9	4	1314	0	1351
22418	1325	2	5	34	0	1366
22419	18	1326	5	30	0	1379
22420	1370	18	2	17	0	1407
22421	28	15	1332	10	0	1385
22422	1354	7	12	18	0	1391
22423	25	4	13	1368	0	1410
22424	14	3	1424	28	0	1469
22425	18	1420	16	17	0	1471
22426	18	13	12	1481	0	1524
22427	15	14	1553	19	0	1601
22428	17	13	13	1546	0	1589
22429	1578	2	15	39	0	1634
22430	22	4	1575	22	0	1623
22431	1550	3	19	16	0	1588
22432	31	1621	18	8	0	1678
22433	31	15	10	1641	0	1697
22434	14	17	1698	23	0	1752
22435	13	8	20	1696	0	1737
22436	13	5	1750	24	0	1792
22437	12	1706	21	19	0	1758
22438	1678	18	16	19	0	1731
22439	22	1789	6	13	0	1830
22440	18	21	5	1782	0	1826
22441	15	16	5	1794	0	1830
22442	9	8	1739	29	0	1785
22443	1487	6	15	25	0	1533
22444	27	1683	19	10	0	1739
22445	10	1552	5	12	0	1579
22446	5	1589	6	5	0	1605
22447	12	41	5	1534	0	1592
22448	7	1581	7	11	0	1606
22449	12	20	6	1564	0	1602
22450	7	1565	2	12	0	1586
22451	8	11	5	1541	0	1565
22452	9	1585	5	8	0	1607
22453	1561	8	3	19	0	1591
22454	9	10	1562	7	0	1588
22455	1508	8	7	12	0	1535
22456	1568	5	8	11	0	1592
22457	1604	2	2	14	0	1622
22458	11	1603	5	3	0	1622
22459	1621	7	3	6	0	1637
22460	1608	8	1	6	0	1623
22461	1623	2	4	15	0	1644
22462	9	4	1610	5	0	1628
22463	10	1	6	1594	0	1611
22464	6	3	1639	4	0	1652
22465	6	3	5	1619	0	1633
22466	1623	3	6	7	0	1639
22467	6	1630	5	8	0	1649
22468	9	7	1805	7	0	1828
22469	7	11	14	1812	0	1844
22470	12	1	5	1927	0	1945
22471	5	3	2086	26	0	2120
22472	2013	3	29	16	0	2061
22473	2119	2	11	6	0	2138
22474	2183	3	3	4	0	2193
22475	50	0	5	2149	0	2204
22476	18	2072	7	29	0	2126
22477	11	2190	4	12	0	2217
22478	13	32	2	2171	0	2218
22479	7	18	5	2141	0	2171
22480	8	2133	4	36	0	2181
22481	2113	32	2	18	0	2165
22482	32	2124	2	11	0	2169
22483	10	31	1	2111	0	2153
22484	4	11	2099	35	0	2149
22485	12	5	29	2078	0	2124
22486	2095	5	6	43	0	2149
22487	33	1	2086	11	0	2131
22488	2064	2	31	17	0	2114
22489	2133	2	9	13	0	2157
22490	2135	2	6	15	0	2158
22491	2133	2	5	14	0	2154
22492	2199	0	4	11	0	2214
22493	46	3	2119	2	0	2170
22494	23	3	2111	1	0	2138
22495	2233	2	36	14	0	2285
22496	2330	2	11	11	0	2354
22497	55	0	8	2445	0	2508
22498	17	2501	5	48	0	2571
22499	16	49	2	2549	0	2616
22500	2597	16	3	62	0	2678
22501	54	9	1	2533	0	2597
22502	17	2651	1	53	0	2722
22503	2625	49	1	22	0	2697
22504	2589	16	2	18	0	2625
22505	2599	10	1	19	0	2629
22506	66	2554	5	5	0	2630
22507	36	45	1	2530	0	2612
22508	25	14	4	2520	0	2563
22509	15	2451	3	53	0	2522
22510	23	53	2	2484	0	2562
22511	2460	15	1	62	0	2538
22512	2495	11	0	24	0	2530
22513	68	2442	1	10	0	2521
22514	38	47	1	2456	0	2542
22515	29	17	4	2434	0	2484
22516	20	11	5	2446	0	2482
22517	2336	9	3	80	0	2428
22518	58	5	2307	33	0	2403
22519	2221	5	45	30	0	2301
22520	67	10	2277	14	0	2368
22521	28	7	51	2227	0	2313
22522	21	2164	21	53	0	2259
22523	14	2267	12	26	0	2319
22524	2181	62	8	27	0	2278
22525	2201	25	6	22	0	2254
22526	72	2110	3	17	0	2202
22527	34	2124	9	14	0	2181
22528	2123	67	5	17	0	2212
22529	2181	23	5	26	0	2235
22530	72	2224	7	22	0	2325
22531	2280	63	5	14	0	2362
22532	79	22	2217	12	0	2330
22533	2262	20	49	13	0	2344
22534	2262	18	13	17	0	2310
22535	77	16	12	2199	0	2304
22536	32	2177	9	64	0	2282
22537	30	56	3	2216	0	2305
22538	2249	21	4	78	0	2352
22539	74	17	4	2186	0	2281
22540	36	12	9	2230	0	2287
22541	31	13	2250	72	0	2366
22542	31	7	54	2278	0	2370
22543	19	8	21	2348	0	2396
22544	2310	9	15	85	0	2419
22545	69	11	2315	34	0	2429
22546	2329	8	55	25	0	2417
22547	90	9	18	2315	0	2432
22548	39	11	17	2362	0	2429
22549	35	13	9	2344	0	2401
22550	25	2268	11	72	0	2376
22551	29	2327	8	34	0	2398
22552	29	70	8	2256	0	2363
22553	2295	29	6	68	0	2398
22554	2307	24	9	26	0	2366
22555	86	17	3	2273	0	2379
22556	2277	11	3	73	0	2364
22557	85	10	4	2256	0	2355
22558	40	13	3	2317	0	2373
22559	2209	11	6	90	0	2316
22560	74	2298	5	39	0	2416
22561	2298	55	5	37	0	2395
22562	2326	19	2	32	0	2379
22563	2298	18	9	29	0	2354
22564	80	2280	4	32	0	2396
22565	47	61	5	2284	0	2397
22566	35	18	7	2344	0	2404
22567	26	15	2263	81	0	2385
22568	27	16	45	2094	0	2182
22569	16	14	1998	74	0	2102
22570	12	1863	42	40	0	1957
22571	10	1672	15	24	0	1721
22572	20	1719	10	15	0	1764
22573	31	40	26	1705	0	1802
22574	16	19	5	1723	0	1763
22575	14	12	5	1721	0	1752
22576	14	5	3	1747	0	1769
22577	5	8	1727	59	0	1799
22578	6	12	2156	31	0	2205
22579	9	11	53	2261	0	2334
22580	6	6	2294	66	0	2372
22581	2280	5	52	22	0	2359
22582	2325	3	19	23	0	2370
22583	64	7	2273	23	0	2367
22584	34	6	50	2282	0	2372
22585	25	5	16	2327	0	2373
22586	28	4	10	2347	0	2389
22587	22	5	9	2332	0	2368
22588	17	9	13	2346	0	2385
22589	1702	28	25	106	0	1861
22590	2257	6	5	38	0	2306
22591	67	2253	6	29	0	2355
22592	25	60	2189	18	0	2292
22593	19	2146	54	21	0	2240
22594	10	2177	14	21	0	2222
22595	2047	54	12	21	0	2134
22596	48	2031	12	20	0	2111
22597	9	1883	8	5	0	1905
22598	1810	42	15	8	0	1875
22599	56	13	1773	5	0	1847
22600	1714	7	37	9	0	1767
22601	43	8	4	1742	0	1797
22602	12	2	4	1712	0	1730
22603	13	1	3	1743	0	1760
22604	7	2	1694	45	0	1748
22605	7	1717	37	15	0	1776
22606	1712	37	5	18	0	1772
22607	39	4	8	1690	0	1741
22608	8	1718	6	43	0	1775
22609	11	37	12	1754	0	1814
22610	12	13	1766	46	0	1837
22611	23	9	41	1768	0	1841
22612	13	7	13	1810	0	1843
22613	20	8	5	1807	0	1840
22614	1767	4	6	65	0	1842
22615	44	2	12	1797	0	1855
22616	11	3	1791	66	0	1871
22617	9	1789	40	49	0	1887
22618	12	30	7	1844	0	1893
22619	14	9	7	1873	0	1903
22620	8	11	1817	59	0	1895
22621	11	10	1826	19	0	1866
22622	1783	18	50	24	0	1875
22623	1785	14	21	21	0	1841
22624	56	1796	16	16	0	1884
22625	1789	51	12	16	0	1868
22626	52	15	1795	14	0	1876
22627	22	12	1753	21	0	1808
22628	1745	22	44	30	0	1841
22629	1751	14	14	32	0	1811
22630	55	3	1673	29	0	1760
22631	1596	4	54	37	0	1691
22632	51	7	1632	20	0	1710
22633	1609	10	43	20	0	1682
22634	1663	15	11	14	0	1703
22635	47	9	26	1571	0	1653
22636	17	1697	13	40	0	1767
22637	1346	59	18	22	0	1445
22638	47	14	1674	19	0	1754
22639	18	1682	45	15	0	1760
22640	1696	50	14	28	0	1788
22641	1592	13	25	23	0	1653
22642	58	1578	23	16	0	1675
22643	33	41	11	1591	0	1676
22644	19	11	1570	63	0	1663
22645	23	11	51	1563	0	1648
22646	18	13	1545	63	0	1639
22647	15	14	53	1538	0	1620
22648	20	16	19	1582	0	1637
22649	16	13	1532	57	0	1618
22650	14	1521	48	40	0	1623
22651	23	42	24	1508	0	1597
22652	15	20	1219	70	0	1324
22653	1483	16	43	23	0	1565
22654	56	10	18	1525	0	1609
22655	21	16	16	1560	0	1613
22656	1537	10	15	63	0	1625
22657	68	10	14	1498	0	1590
22658	22	10	18	1498	0	1548
22659	27	1481	19	50	0	1577
22660	29	46	17	1455	0	1547
22661	18	13	1445	58	0	1534
22662	28	9	48	1414	0	1499
22663	15	1399	29	56	0	1499
22664	15	1432	23	29	0	1499
22665	29	45	18	1429	0	1521
22666	1423	18	22	52	0	1515
22667	46	25	15	1428	0	1514
22668	1436	15	15	49	0	1515
22669	58	15	23	1413	0	1509
22670	1422	15	25	55	0	1517
22671	1456	15	13	25	0	1509
22672	73	14	17	1378	0	1482
22673	49	72	31	1306	0	1458
22674	25	1328	17	65	0	1435
22675	23	1362	22	32	0	1439
22676	29	45	1355	33	0	1462
22677	18	1331	49	33	0	1431
22678	805	31	41	13	0	890
22679	31	5	11	767	0	814
22680	7	758	9	14	0	788
22681	776	15	2	12	0	805
22682	19	7	6	781	0	813
22683	7	6	7	787	0	807
22684	12	4	6	799	0	821
22685	12	10	2	792	0	816
22686	6	845	2	21	0	874
22687	10	888	4	9	0	911
22688	940	18	5	13	0	976
22689	20	955	8	8	0	991
22690	13	21	1	958	0	993
22691	10	6	2	971	0	989
22692	7	4	3	971	0	985
22693	6	9	4	969	0	988
22694	944	4	2	31	0	981
22695	965	5	7	19	0	996
22696	28	11	950	9	0	998
22697	14	5	20	968	0	1007
22698	9	2	980	29	0	1020
22699	12	7	23	994	0	1036
22700	14	2	7	1024	0	1047
22701	1041	2	6	39	0	1088
22702	27	5	2	1047	0	1081
22703	12	4	1030	31	0	1077
22704	5	4	1005	19	0	1033
22705	986	6	30	16	0	1038
22706	20	5	1030	10	0	1065
22707	11	7	26	990	0	1034
22708	6	7	1037	28	0	1078
22709	6	1	25	1012	0	1044
22710	4	1005	9	27	0	1045
22711	7	20	5	998	0	1030
22712	5	987	6	28	0	1026
22713	5	1017	2	13	0	1037
22714	12	27	2	994	0	1035
22715	985	8	6	23	0	1022
22716	17	989	2	9	0	1017
22717	9	20	1	972	0	1002
22718	955	6	1	27	0	989
22719	985	5	1	18	0	1009
22720	1028	5	0	11	0	1044
22721	28	2	1	1015	0	1046
22722	14	4	1	1031	0	1050
22723	1015	3	2	31	0	1051
22724	1013	2	3	16	0	1034
22725	1032	3	1	11	0	1047
22726	30	1	2	1018	0	1051
22727	10	2	990	22	0	1024
22728	973	1	16	14	0	1004
22729	26	1	6	942	0	975
22730	10	970	3	22	0	1005
22731	13	16	2	963	0	994
22732	9	980	0	22	0	1011
22733	4	20	2	1006	0	1032
22734	3	8	975	26	0	1012
22735	4	967	25	13	0	1009
22736	3	26	4	897	0	930
22737	4	5	3	903	0	915
22738	4	3	2	899	0	908
22739	920	2	2	30	0	954
22740	23	947	2	11	0	983
22741	9	25	1	968	0	1003
22742	989	10	4	29	0	1032
22743	1006	6	2	16	0	1030
22744	34	2	1	990	0	1027
22745	12	1	1004	30	0	1047
22746	8	3	25	977	0	1013
22747	2	995	12	28	0	1037
22748	4	23	3	1022	0	1052
22749	1011	11	1	30	0	1053
22750	26	1	1	1037	0	1065
22751	12	3	1031	31	0	1077
22752	3	1084	28	15	0	1130
22753	1115	26	10	12	0	1163
22754	33	12	1133	5	0	1183
22755	1147	6	31	7	0	1191
22756	33	3	13	1159	0	1208
22757	21	1	7	1174	0	1203
22758	6	1184	4	41	0	1235
22759	1235	31	2	22	0	1290
22760	38	11	4	1249	0	1302
22761	23	5	2	1282	0	1312
22762	17	3	3	1313	0	1336
22763	11	5	1283	51	0	1350
22764	10	5	32	1294	0	1341
22765	1280	1	17	51	0	1349
22766	1331	4	7	24	0	1366
22767	54	2	5	1307	0	1368
22768	22	0	2	1349	0	1373
22769	1307	3	4	56	0	1370
22770	39	5	1279	24	0	1347
22771	1293	7	33	14	0	1347
22772	41	2	1299	15	0	1357
22773	24	3	1293	12	0	1332
22774	12	4	49	1288	0	1353
22775	8	1	1301	41	0	1351
22776	1257	6	43	22	0	1328
22777	45	1	17	1272	0	1335
22778	20	3	1270	40	0	1333
22779	1234	1	36	25	0	1296
22780	1282	1	15	15	0	1313
22781	49	3	1301	11	0	1364
22782	23	15	39	1226	0	1303
22783	14	1319	16	35	0	1384
22784	1341	33	4	24	0	1402
22785	41	13	1326	12	0	1392
22786	1226	6	28	13	0	1273
22787	36	1254	18	6	0	1314
22788	1190	23	9	15	0	1237
22789	1194	14	6	6	0	1220
22790	1206	4	5	8	0	1223
22791	43	7	4	1182	0	1236
22792	21	1191	6	36	0	1254
22793	11	28	1178	19	0	1236
22794	14	1207	25	19	0	1265
22795	16	30	15	1095	0	1156
22796	8	1154	8	30	0	1200
22797	7	1193	7	19	0	1226
22798	1154	30	9	16	0	1209
22799	24	18	1158	13	0	1213
22800	23	8	1182	6	0	1219
22801	13	13	1139	4	0	1169
22802	11	1143	30	12	0	1196
22803	1131	20	18	17	0	1186
22804	1153	13	7	10	0	1183
22805	1159	6	11	6	0	1182
22806	38	1131	4	12	0	1185
22807	24	20	5	1186	0	1235
22808	12	12	1173	27	0	1224
22809	7	3	1148	23	0	1181
22810	1155	9	32	14	0	1210
22811	1207	6	14	12	0	1239
22812	1226	5	11	12	0	1254
22813	44	2	1166	11	0	1223
22814	1182	3	26	19	0	1230
22815	35	3	14	1193	0	1245
22816	24	6	11	1185	0	1226
22817	15	3	1243	39	0	1300
22818	18	1262	20	19	0	1319
22819	16	19	18	1273	0	1326
22820	4	16	1224	38	0	1282
22821	1187	5	31	24	0	1247
22822	33	8	17	1238	0	1296
22823	31	3	17	1241	0	1292
22824	1242	2	9	46	0	1299
22825	35	7	10	1240	0	1292
22826	1256	4	6	37	0	1303
22827	1253	3	9	29	0	1294
22828	43	4	18	1238	0	1303
22829	37	8	5	1253	0	1303
22830	1219	9	13	40	0	1281
22831	38	3	10	1225	0	1276
22832	1245	7	11	32	0	1295
22833	1212	6	13	24	0	1255
22834	1223	7	8	12	0	1250
22835	42	3	14	1182	0	1241
22836	34	6	14	1187	0	1241
22837	1170	7	9	35	0	1221
22838	30	1148	11	18	0	1207
22839	21	1104	5	7	0	1137
22840	1077	18	5	8	0	1108
22841	19	17	1050	4	0	1090
22842	1054	2	11	13	0	1080
22843	18	6	11	1109	0	1144
22844	21	4	1119	13	0	1157
22845	1119	6	14	13	0	1152
22846	25	3	10	1140	0	1178
22847	18	9	3	1181	0	1211
22848	14	3	5	1224	0	1246
22849	11	3	2	1216	0	1232
22850	1196	5	2	24	0	1227
22851	12	1170	11	19	0	1212
22852	1116	7	1	4	0	1128
22853	12	7	1096	5	0	1120
22854	13	4	1041	4	0	1062
22855	4	1130	12	2	0	1148
22856	12	23	6	1094	0	1135
22857	3	4	1111	6	0	1124
22858	2	1029	5	10	0	1046
22859	0	2	1021	0	0	1023
22860	2	2	0	1020	0	1024
22861	1	0	3	994	0	998
22862	1010	0	0	6	0	1016
22863	1	0	0	995	0	996
22864	1004	0	0	3	0	1007
22865	2	1	998	2	0	1003
22866	2	978	1	1	0	982
22867	1	1	2	1034	0	1038
22868	2	2	0	1113	0	1117
22869	0	0	1145	4	0	1149
22870	1	0	1067	2	0	1070
22871	1072	0	5	6	0	1083
22872	1151	0	2	4	0	1157
22873	3	0	0	1144	0	1147
22874	3	0	0	1133	0	1136
22875	0	1127	1	3	0	1131
22876	0	1	0	1178	0	1179
22877	1177	2	0	6	0	1185
22878	1184	0	0	6	0	1190
22879	4	1217	1	0	0	1222
22880	1227	3	0	5	0	1235
22881	1164	2	0	2	0	1168
22882	8	0	0	1240	0	1248
22883	2	1240	1	9	0	1252
22884	4	10	0	1293	0	1307
22885	2	2	0	1323	0	1327
22886	1	1	1289	16	0	1307
22887	1288	1	14	8	0	1311
22888	23	0	3	1396	0	1422
22889	4	1	0	1481	0	1486
22890	1	1786	1	23	0	1811
22891	10	24	0	1839	0	1873
22892	1883	11	0	34	0	1928
22893	1991	5	1	13	0	2010
22894	45	5	1951	6	0	2007
22895	17	1	1974	3	0	1995
22896	18	2	40	2010	0	2070
22897	9	1	18	2093	0	2121
22898	0	3	2081	50	0	2134
22899	1	1	2078	24	0	2104
22900	15	1	49	1987	0	2052
22901	4	0	2136	40	0	2180
22902	2	2	2132	18	0	2154
22903	12	3	47	2104	0	2166
22904	2151	2	20	42	0	2215
22905	2214	0	8	22	0	2244
22906	55	0	3	2212	0	2270
22907	26	2	5	2200	0	2233
22908	2165	0	6	55	0	2226
22909	46	1	5	2166	0	2218
22910	2171	1	3	54	0	2229
22911	2204	1	7	29	0	2241
22912	54	1	9	2200	0	2264
22913	28	2	3	2241	0	2274
22914	2177	2	3	66	0	2248
22915	41	2166	7	27	0	2241
22916	15	2217	6	14	0	2252
22917	22	39	2	2145	0	2208
22918	11	21	2135	40	0	2207
22919	13	8	34	2141	0	2196
22920	2164	2	14	56	0	2236
22921	46	2	14	2163	0	2225
22922	2190	1	7	61	0	2259
22923	47	5	2175	28	0	2255
22924	2171	3	37	20	0	2231
22925	57	4	18	2213	0	2292
22926	30	4	12	2256	0	2302
22927	21	5	2343	63	0	2432
22928	23	4	40	2354	0	2421
22929	10	8	17	2417	0	2452
22930	17	3	8	2470	0	2498
22931	2468	2	12	72	0	2554
22932	52	4	2438	36	0	2530
22933	26	9	2398	26	0	2459
22934	2408	0	50	35	0	2493
22935	2486	3	25	21	0	2535
22936	53	8	2525	25	0	2611
22937	41	10	49	2453	0	2553
22938	22	2541	30	54	0	2647
22939	15	33	15	2652	0	2715
22940	2596	12	21	73	0	2702
22941	2628	9	23	37	0	2697
22942	59	5	15	2611	0	2690
22943	32	2635	10	61	0	2738
22944	36	32	20	2605	0	2693
22945	16	2624	21	56	0	2717
22946	2634	42	17	45	0	2738
22947	2597	13	13	40	0	2663
22948	2615	8	12	27	0	2662
22949	69	2531	15	25	0	2640
22950	39	2582	16	27	0	2664
22951	31	56	13	2641	0	2741
22952	16	19	8	2675	0	2718
22953	25	12	14	2644	0	2695
22954	31	6	14	2663	0	2714
22955	20	11	2548	79	0	2658
22956	2451	9	46	54	0	2560
22957	63	8	2620	29	0	2720
22958	2631	11	43	32	0	2717
22959	71	12	2749	26	0	2858
22960	2725	8	53	34	0	2820
22961	77	7	2831	24	0	2939
22962	2751	11	51	31	0	2844
22963	78	9	28	2846	0	2961
22964	2923	4	13	88	0	3028
22965	68	8	15	3005	0	3096
22966	41	4	10	3046	0	3101
22967	42	8	14	2940	0	3004
22968	24	2857	21	83	0	2985
22969	2854	43	16	55	0	2968
22970	2873	19	14	33	0	2939
22971	74	2893	13	34	0	3014
22972	42	46	19	2902	0	3009
22973	33	23	2863	68	0	2987
22974	2830	13	52	37	0	2932
22975	2926	3	27	40	0	2996
22976	2902	6	18	44	0	2970
22977	91	11	13	2822	0	2937
22978	41	2811	12	66	0	2930
22979	31	46	17	2823	0	2917
22980	2812	17	10	68	0	2907
22981	73	16	14	2738	0	2841
22982	34	2711	14	59	0	2818
22983	2657	31	12	34	0	2734
22984	56	32	2692	15	0	2795
22985	33	14	2630	29	0	2706
22986	29	2633	53	18	0	2733
22987	21	2597	24	23	0	2665
22988	48	44	2527	17	0	2636
22989	28	19	2412	24	0	2483
22990	24	32	39	1986	0	2081
22991	2056	2	19	29	0	2106
22992	22	6	2062	17	0	2107
22993	9	2016	18	9	0	2052
22994	2019	15	12	11	0	2057
22995	19	1995	8	7	0	2029
22996	1947	15	2	14	0	1978
22997	18	1938	4	2	0	1962
22998	6	1998	5	3	0	2012
22999	4	17	7	2024	0	2052
23000	14	2	2	2043	0	2061
23001	5	4	1966	11	0	1986
23002	14	1	13	1925	0	1953
23003	1933	6	4	22	0	1965
23004	1948	4	0	8	0	1960
23005	15	3	1	1935	0	1954
23006	6	4	1913	16	0	1939
23007	4	2	1842	8	0	1856
23008	11	4	14	1910	0	1939
23009	7	2	1948	15	0	1972
23010	7	4	16	1903	0	1930
23011	10	3	5	1839	0	1857
23012	3	4	2010	19	0	2036
23013	1924	6	19	11	0	1960
23014	2023	4	4	9	0	2040
23015	19	4	1995	2	0	2020
23016	10	2	1969	14	0	1995
23017	10	1	18	2021	0	2050
23018	9	2	10	2175	0	2196
23019	12	4	4	2224	0	2244
23020	13	7	4	2205	0	2229
23021	2194	5	3	45	0	2247
23022	2343	5	3	12	0	2363
23023	40	4	0	2494	0	2538
23024	17	6	3	2639	0	2665
23025	8	4	2776	56	0	2844
23026	10	1	45	2838	0	2894
23027	13	1	25	2959	0	2998
23028	3097	2	17	90	0	3206
23029	75	3311	7	48	0	3441
23030	39	81	4	3334	0	3458
23031	28	26	8	3353	0	3415
23032	19	16	5	3329	0	3369
23033	13	3078	10	124	0	3225
23034	8	3306	9	52	0	3375
23035	17	128	5	3246	0	3396
23036	10	39	8	3278	0	3335
23037	23	28	6	3320	0	3377
23038	3118	10	5	144	0	3277
23039	80	3168	13	63	0	3324
23040	3216	86	7	41	0	3350
23041	3275	28	4	35	0	3342
23042	120	19	8	3174	0	3321
23043	48	3124	11	102	0	3285
23044	3129	91	6	57	0	3283
23045	111	32	0	3149	0	3292
23046	3163	23	5	118	0	3309
23047	120	14	6	3183	0	3323
23048	51	14	3132	122	0	3319
23049	33	16	3189	57	0	3295
23050	29	11	110	3152	0	3302
23051	20	15	49	3213	0	3297
23052	34	8	22	3151	0	3215
23053	11	3033	13	145	0	3202
23054	19	3212	17	67	0	3315
23055	3128	114	7	54	0	3303
23056	3125	50	5	52	0	3232
23057	119	3037	11	28	0	3195
23058	55	3006	5	30	0	3096
23059	30	3059	2	36	0	3127
23060	2855	120	16	35	0	3026
23061	85	2919	7	28	0	3039
23062	52	97	9	2888	0	3046
23063	2880	41	9	97	0	3027
23064	2871	26	5	61	0	2963
23065	117	21	6	2753	0	2897
23066	51	19	2688	100	0	2858
23067	38	21	2743	49	0	2851
23068	32	17	97	2734	0	2880
23069	18	20	2757	98	0	2893
23070	30	15	95	2739	0	2879
23071	26	17	35	2761	0	2839
23072	22	17	2697	123	0	2859
23073	19	21	2717	62	0	2819
23074	32	18	109	2682	0	2841
23075	23	21	55	2796	0	2895
23076	2667	18	27	132	0	2844
23077	90	2649	22	75	0	2836
23078	44	2824	22	61	0	2951
23079	2728	109	12	55	0	2904
23080	2836	56	13	41	0	2946
23081	118	2756	22	49	0	2945
23082	56	2831	15	53	0	2955
23083	2803	113	16	52	0	2984
23084	120	55	15	2749	0	2939
23085	2738	41	11	118	0	2908
23086	109	2712	20	68	0	2909
23087	2751	94	16	62	0	2923
23088	115	44	2692	47	0	2898
23089	2704	38	88	53	0	2883
23090	119	28	2697	38	0	2882
23091	77	33	99	2664	0	2873
23092	2635	25	40	124	0	2824
23093	115	19	2573	60	0	2767
23094	58	26	93	2595	0	2772
23095	2574	26	42	123	0	2765
23096	106	28	2542	68	0	2744
23097	71	28	84	2574	0	2757
23098	2500	28	38	132	0	2698
23099	99	2469	37	74	0	2679
23100	63	89	23	2512	0	2687
23101	58	51	22	2514	0	2645
23102	38	40	22	2557	0	2657
23103	37	2475	12	154	0	2678
23104	50	90	17	2577	0	2734
23105	41	51	19	2631	0	2742
23106	66	43	9	2612	0	2730
23107	44	33	22	2686	0	2785
23108	51	21	2531	167	0	2770
23109	2499	27	89	90	0	2705
23110	2570	24	45	71	0	2710
23111	132	2518	33	45	0	2728
23112	81	87	21	2417	0	2606
23113	52	41	18	2481	0	2592
23114	37	2407	21	137	0	2602
23115	34	91	15	2470	0	2610
23116	2351	35	21	136	0	2543
23117	95	2332	27	68	0	2522
23118	2256	88	17	61	0	2422
23119	111	37	26	2230	0	2404
23120	45	30	2199	108	0	2382
23121	37	2246	73	68	0	2424
23122	2068	107	41	54	0	2270
23123	85	1897	23	34	0	2039
23124	42	1875	18	25	0	1960
23125	1626	67	18	19	0	1730
23126	65	22	1592	10	0	1689
23127	15	1424	38	22	0	1499
23128	1106	60	52	41	0	1259
23129	949	14	9	8	0	980
23130	20	942	5	5	0	972
23131	8	24	2	969	0	1003
23132	11	4	991	20	0	1026
23133	7	5	18	978	0	1008
23134	11	4	3	969	0	987
23135	5	3	4	1025	0	1037
23136	4	2	1003	28	0	1037
23137	6	3	18	967	0	994
23138	4	3	988	28	0	1023
23139	3	4	912	7	0	926
23140	841	3	17	13	0	874
23141	16	918	6	9	0	949
23142	3	930	8	6	0	947
23143	7	18	6	959	0	990
23144	1040	6	2	21	0	1069
23145	1034	7	0	10	0	1051
23146	999	4	2	14	0	1019
23147	1020	1	1	6	0	1028
23148	975	3	3	3	0	984
23149	24	3	936	5	0	968
23150	10	2	13	939	0	964
23151	9	929	4	17	0	959
23152	8	19	4	942	0	973
23153	951	4	3	25	0	983
23154	22	947	3	4	0	976
23155	7	17	2	975	0	1001
23156	995	6	2	22	0	1025
23157	1025	4	1	9	0	1039
23158	19	3	3	1025	0	1050
23159	11	4	1	1001	0	1017
23160	9	1	2	1016	0	1028
23161	7	3	992	22	0	1024
23162	4	4	995	12	0	1015
23163	12	3	18	1027	0	1060
23164	3	3	6	1047	0	1059
23165	1030	1	8	30	0	1069
23166	1039	4	3	12	0	1058
23167	1040	4	3	13	0	1060
23168	1047	3	1	11	0	1062
23169	1035	3	2	9	0	1049
23170	28	1058	4	2	0	1092
23171	1090	16	2	8	0	1116
23172	1093	5	4	10	0	1112
23173	1100	6	2	7	0	1115
23174	26	2	2	1140	0	1170
23175	10	6	1134	19	0	1169
23176	16	12	18	1129	0	1175
23177	9	4	1193	22	0	1228
23178	10	3	19	1105	0	1137
23179	6	1139	4	31	0	1180
23180	1143	17	4	10	0	1174
23181	1164	2	3	6	0	1175
23182	22	1	1	1168	0	1192
23183	8	4	3	1212	0	1227
23184	5	2	2	1231	0	1240
23185	6	1230	3	19	0	1258
23186	1230	16	1	10	0	1257
23187	1234	2	1	10	0	1247
23188	18	1246	0	6	0	1270
23189	7	13	1	1255	0	1276
23190	9	1	2	1257	0	1269
23191	3	1265	4	20	0	1292
23192	1275	16	2	10	0	1303
23193	1305	1	3	3	0	1312
23194	21	3	1	1300	0	1325
23195	4	4	1307	16	0	1331
23196	6	3	1248	4	0	1261
23197	8	0	16	1331	0	1355
23198	8	0	4	1329	0	1341
23199	6	4	4	1362	0	1376
23200	1367	0	3	29	0	1399
23201	1406	2	0	9	0	1417
23202	28	1456	4	8	0	1496
23203	1481	19	2	8	0	1510
23204	16	7	1489	2	0	1514
23205	6	3	1481	5	0	1495
23206	4	1545	13	1	0	1563
23207	1501	13	8	7	0	1529
23208	13	1492	5	2	0	1512
23209	1493	14	1	9	0	1517
23210	12	6	1507	2	0	1527
23211	7	3	1500	1	0	1511
23212	11	9	13	1484	0	1517
23213	2	1	1549	15	0	1567
23214	10	1	14	1553	0	1578
23215	15	2	6	1426	0	1449
23216	3	1573	2	18	0	1596
23217	11	10	1	1595	0	1617
23218	5	3	3	1613	0	1624
23219	1637	3	4	21	0	1665
23220	12	1626	5	7	0	1650
23221	12	10	4	1661	0	1687
23222	2	6	1656	16	0	1680
23223	1525	2	10	12	0	1549
23224	13	4	1629	5	0	1651
23225	11	4	13	1564	0	1592
23226	4	1659	5	12	0	1680
23227	10	10	5	1663	0	1688
23228	1683	7	3	19	0	1712
23229	1675	3	3	11	0	1692
23230	17	1750	2	6	0	1775
23231	1769	13	1	13	0	1796
23232	1754	8	4	11	0	1777
23233	1784	5	2	9	0	1800
23234	1838	3	2	8	0	1851
23235	1740	3	7	15	0	1765
23236	24	3	1799	2	0	1828
23237	18	2	13	1789	0	1822
23238	15	4	11	1771	0	1801
23239	6	5	4	1807	0	1822
23240	3	1812	7	23	0	1845
23241	7	14	1	1810	0	1832
23242	5	9	1805	21	0	1840
23243	8	1753	14	12	0	1787
23244	8	1749	11	4	0	1772
23245	11	15	3	1766	0	1795
23246	6	8	6	1763	0	1783
23247	11	5	4	1747	0	1767
23248	6	1704	4	28	0	1742
23249	5	1754	4	13	0	1776
23250	1768	20	5	14	0	1807
23251	1769	10	1	17	0	1797
23252	17	1786	3	9	0	1815
23253	1836	17	4	15	0	1872
23254	1929	15	2	8	0	1954
23255	27	3	5	1949	0	1984
23256	15	7	6	1942	0	1970
23257	10	7	5	1956	0	1978
23258	8	6	1947	21	0	1982
23259	6	4	1915	16	0	1941
23260	4	2042	20	13	0	2079
23261	2069	14	10	19	0	2112
23262	19	12	2082	7	0	2120
23263	2030	5	17	17	0	2069
23264	24	9	2205	8	0	2246
23265	2217	1	20	13	0	2251
23266	23	2334	15	8	0	2380
23267	2378	21	5	8	0	2412
23268	26	15	6	2340	0	2387
23269	15	7	7	2431	0	2460
23270	13	9	2490	27	0	2539
23271	14	2546	15	16	0	2591
23272	13	23	15	2580	0	2631
23273	13	14	2546	21	0	2594
23274	2306	11	23	20	0	2360
23275	25	2494	15	8	0	2542
23276	2459	21	9	16	0	2505
23277	31	2424	3	8	0	2466
23278	13	25	7	2423	0	2468
23279	2408	9	0	29	0	2446
23280	20	2402	11	13	0	2446
23281	18	20	4	2430	0	2472
23282	11	12	2400	26	0	2449
23283	2253	5	19	18	0	2295
23284	28	6	13	2391	0	2438
23285	15	8	2351	27	0	2401
23286	8	2374	18	17	0	2417
23287	13	18	12	2392	0	2435
23288	11	15	2404	23	0	2453
23289	17	9	19	2317	0	2362
23290	8	2430	11	21	0	2470
23291	6	2442	6	17	0	2471
23292	8	23	2424	12	0	2467
23293	19	12	24	2381	0	2436
23294	8	13	2404	22	0	2447
23295	2345	7	17	18	0	2387
23296	25	4	12	2385	0	2426
23297	14	2358	4	19	0	2395
23298	11	2467	7	12	0	2497
23299	2429	18	11	9	0	2467
23300	16	2491	5	6	0	2518
23301	2457	14	1	16	0	2488
23302	19	11	2420	6	0	2456
23303	2231	5	9	20	0	2265
23304	16	2334	14	3	0	2367
23305	2320	14	4	8	0	2346
23306	11	2316	7	10	0	2344
23307	9	12	2	2311	0	2334
23308	4	6	5	2356	0	2371
23309	4	5	2350	20	0	2379
23310	2179	5	14	22	0	2220
23311	11	8	2332	19	0	2370
23312	2330	7	16	6	0	2359
23313	22	9	11	2320	0	2362
23314	18	3	6	2341	0	2368
23315	9	2400	7	22	0	2438
23316	10	18	5	2423	0	2456
23317	11	10	3	2460	0	2484
23318	6	6	2443	24	0	2479
23319	2208	5	14	25	0	2252
23320	15	2395	10	9	0	2429
23321	2394	15	11	16	0	2436
23322	22	13	0	2387	0	2422
23323	14	6	5	2388	0	2413
23324	2393	5	11	35	0	2444
23325	21	2487	7	17	0	2532
23326	2417	24	3	17	0	2461
23327	28	2417	7	6	0	2458
23328	9	2423	4	6	0	2442
23329	2422	22	12	17	0	2473
23330	30	11	2	2380	0	2423
23331	9	16	2383	24	0	2432
23332	17	7	18	2341	0	2383
23333	9	8	6	2343	0	2366
23334	7	2366	12	24	0	2409
23335	11	20	7	2416	0	2454
23336	13	6	5	2383	0	2407
23337	15	10	0	2427	0	2452
23338	13	4	8	2483	0	2508
23339	5	13	2454	33	0	2505
23340	8	11	2473	16	0	2508
23341	13	9	22	2558	0	2602
23342	4	14	2552	31	0	2601
23343	9	4	2507	21	0	2541
23344	9	3	31	2528	0	2571
23345	2	13	2617	32	0	2664
23346	19	5	36	2493	0	2553
23347	4	2587	16	33	0	2640
23348	2740	28	13	30	0	2811
23349	37	8	2864	27	0	2936
23350	14	14	48	2870	0	2946
23351	17	11	2963	51	0	3042
23352	16	13	48	3236	0	3313
23353	20	9	18	3313	0	3360
23354	3256	8	19	82	0	3365
23355	80	4	10	3336	0	3430
23356	3185	8	16	93	0	3302
23357	3327	8	10	34	0	3379
23358	78	3274	15	28	0	3395
23359	3250	64	4	37	0	3355
23360	77	3218	14	17	0	3326
23361	30	3296	5	20	0	3351
23362	3173	83	40	20	0	3316
23363	85	28	3159	15	0	3287
23364	22	23	3052	19	0	3116
23365	2919	22	94	19	0	3054
23366	2985	4	34	25	0	3048
23367	79	2960	23	12	0	3074
23368	2994	68	17	20	0	3099
23369	2964	20	10	21	0	3015
23370	2875	20	8	22	0	2925
23371	113	28	7	2794	0	2942
23372	2757	13	7	84	0	2861
23373	91	2815	6	26	0	2938
23374	45	76	7	2841	0	2969
23375	42	19	8	2885	0	2954
23376	24	2842	13	83	0	2962
23377	31	75	10	2884	0	3000
23378	2839	26	7	105	0	2977
23379	2916	19	9	40	0	2984
23380	90	2807	10	35	0	2942
23381	36	2900	13	26	0	2975
23382	2876	77	11	29	0	2993
23383	92	33	2817	19	0	2961
23384	31	29	2836	22	0	2918
23385	52	18	86	2770	0	2926
23386	33	11	33	2883	0	2960
23387	21	20	2805	90	0	2936
23388	24	2681	88	50	0	2843
23389	40	69	26	2626	0	2761
23390	25	28	2770	86	0	2909
23391	34	24	78	2753	0	2889
23392	32	24	26	2747	0	2829
23393	30	2795	23	92	0	2940
23394	24	78	26	2799	0	2927
23395	25	31	18	2857	0	2931
23396	37	21	21	2860	0	2939
23397	2785	17	19	120	0	2941
23398	87	14	21	2695	0	2817
23399	41	2718	19	106	0	2884
23400	2713	85	16	52	0	2866
23401	102	30	2634	37	0	2803
23402	49	24	2630	28	0	2731
23403	297	22	2412	35	0	2766
23404	47	23	89	2646	0	2805
23405	27	22	2721	89	0	2859
23406	39	14	85	2692	0	2830
23407	32	20	40	2734	0	2826
23408	2664	23	32	109	0	2828
23409	2662	15	25	62	0	2764
23410	106	2645	21	49	0	2821
23411	58	71	15	2633	0	2777
23412	45	33	2675	84	0	2837
23413	45	2864	79	47	0	3035
23414	2856	84	27	45	0	3012
23415	90	2889	26	31	0	3036
23416	2912	91	23	40	0	3066
23417	99	38	2863	22	0	3022
23418	2832	24	80	36	0	2972
23419	2995	23	29	30	0	3077
23420	116	22	3030	23	0	3191
23421	58	22	90	2919	0	3089
23422	44	2969	30	75	0	3118
23423	36	3131	25	36	0	3228
23424	25	3154	24	33	0	3236
23425	50	102	21	2940	0	3113
23426	30	37	2943	94	0	3104
23427	31	31	76	2897	0	3035
23428	32	32	24	2995	0	3083
23429	33	15	2901	105	0	3054
23430	23	2900	81	48	0	3052
23431	31	72	28	2875	0	3006
23432	2883	23	22	103	0	3031
23433	91	29	21	2901	0	3042
23434	35	21	21	2918	0	2995
23435	32	2881	22	109	0	3044
23436	2946	78	13	64	0	3101
23437	96	27	21	3036	0	3180
23438	29	22	2975	105	0	3131
23439	31	2948	74	42	0	3095
23440	2883	69	25	43	0	3020
23441	85	28	2886	22	0	3021
23442	2823	29	77	32	0	2961
23443	98	23	20	2817	0	2958
23444	33	2871	28	62	0	2994
23445	2834	71	24	29	0	2958
23446	2835	30	17	33	0	2915
23447	81	2942	18	24	0	3065
23448	44	65	19	2813	0	2941
23449	26	24	15	2737	0	2802
23450	2611	16	12	78	0	2717
23451	58	2618	16	33	0	2725
23452	25	50	13	2306	0	2394
23453	15	2256	9	39	0	2319
23454	9	2229	8	11	0	2257
23455	10	38	2	2124	0	2174
23456	2112	10	4	34	0	2160
23457	20	2143	6	9	0	2178
23458	21	34	4	2128	0	2187
23459	8	4	6	2143	0	2161
23460	13	7	2117	20	0	2157
23461	8	6	2029	14	0	2057
23462	6	2133	25	13	0	2177
23463	3	20	2130	4	0	2157
23464	12	3	17	2152	0	2184
23465	5	9	2222	17	0	2253
23466	7	6	16	2221	0	2250
23467	5	6	5	2286	0	2302
23468	10	4	2	2307	0	2323
23469	2291	2	6	25	0	2324
23470	19	4	3	2302	0	2328
23471	7	4	3	2290	0	2304
23472	8	2285	8	18	0	2319
23473	10	19	0	2274	0	2303
23474	2317	2	4	35	0	2358
23475	20	2399	2	6	0	2427
23476	2384	19	1	34	0	2438
23477	20	9	2362	7	0	2398
23478	9	8	2383	6	0	2406
23479	16	9	19	2397	0	2441
23480	8	13	6	2471	0	2498
23481	9	2482	11	22	0	2524
23482	26	20	7	2305	0	2358
23483	2470	8	6	29	0	2513
23484	2446	8	9	15	0	2478
23485	28	14	5	2504	0	2551
23486	10	9	2681	28	0	2728
23487	12	11	23	2657	0	2703
23488	12	14	7	2754	0	2787
23489	11	6	13	2788	0	2818
23490	10	14	8	2756	0	2788
23491	6	6	7	2730	0	2749
23492	4	2713	6	48	0	2771
23493	2658	26	10	28	0	2722
23494	2674	10	12	29	0	2725
23495	2736	12	7	21	0	2776
23496	28	2785	11	16	0	2840
23497	2775	24	6	28	0	2833
23498	29	2791	10	18	0	2848
23499	17	23	2806	16	0	2862
23500	22	13	20	2713	0	2768
23501	8	13	2817	42	0	2880
23502	14	2872	27	17	0	2930
23503	2811	34	18	30	0	2893
23504	26	11	2915	19	0	2971
23505	20	19	2967	9	0	3015
23506	15	3133	47	10	0	3205
23507	24	43	25	3245	0	3337
23508	10	22	3423	47	0	3502
23509	37	17	53	3290	0	3397
23510	24	6	26	3806	0	3862
23511	23	12	13	4031	0	4079
23512	4201	5	9	111	0	4326
23513	4082	12	5	54	0	4153
23514	99	9	7	4061	0	4176
23515	4125	8	4	96	0	4233
23516	80	6	4052	43	0	4181
23517	41	9	4007	26	0	4083
23518	28	12	4048	25	0	4113
23519	20	9	4120	18	0	4167
23520	12	4003	96	12	0	4123
23521	28	81	48	3891	0	4048
23522	12	24	4062	64	0	4162
23523	3789	16	66	50	0	3921
23524	4014	6	30	40	0	4090
23525	83	4020	27	23	0	4153
23526	4037	55	20	24	0	4136
23527	90	30	21	4015	0	4156
23528	40	17	4170	65	0	4292
23529	39	13	82	3962	0	4096
23530	18	4241	51	70	0	4380
23531	4092	65	24	56	0	4237
23532	4246	30	21	45	0	4342
23533	84	4274	27	32	0	4417
23534	4301	62	15	41	0	4419
23535	4248	33	20	26	0	4327
23536	95	4279	13	17	0	4404
23537	68	68	14	4138	0	4288
23538	42	4205	12	69	0	4328
23539	4236	70	25	50	0	4381
23540	74	42	16	4226	0	4358
23541	4238	27	14	83	0	4362
23542	97	17	17	4240	0	4371
23543	60	23	4179	71	0	4333
23544	4067	16	59	69	0	4211
23545	89	21	4182	26	0	4318
23546	76	16	68	4138	0	4298
23547	45	21	4161	67	0	4294
23548	42	18	78	4111	0	4249
23549	32	24	4171	80	0	4307
23550	3995	20	80	66	0	4161
23551	78	4173	44	36	0	4331
23552	4179	60	37	40	0	4316
23553	89	35	30	4159	0	4313
23554	4122	24	28	85	0	4259
23555	87	4121	21	57	0	4286
23556	51	4109	40	23	0	4223
23557	38	4323	21	38	0	4420
23558	4318	89	35	42	0	4484
23559	78	53	26	4310	0	4467
23560	65	27	25	4332	0	4449
23561	51	31	4253	95	0	4430
23562	37	27	4117	51	0	4232
23563	51	19	85	4236	0	4391
23564	36	29	4304	76	0	4445
23565	46	4257	78	50	0	4431
23566	4204	87	52	47	0	4390
23567	89	48	4272	31	0	4440
23568	46	46	4235	32	0	4359
23569	57	37	99	4169	0	4362
23570	4282	21	58	100	0	4461
23571	90	13	43	4305	0	4451
23572	4263	17	42	108	0	4430
23573	110	16	40	4261	0	4427
23574	47	27	4351	98	0	4523
23575	43	4267	97	58	0	4465
23576	37	75	4397	38	0	4547
23577	35	4424	106	35	0	4600
23578	29	87	64	4398	0	4578
23579	4356	39	47	99	0	4541
23580	89	29	4383	60	0	4561
23581	69	24	83	4307	0	4483
23582	56	22	48	4398	0	4524
23583	4458	20	34	113	0	4625
23584	94	23	29	4392	0	4538
23585	55	4479	34	98	0	4666
23586	4296	80	28	76	0	4480
23587	83	58	4279	35	0	4455
23588	4177	34	73	41	0	4325
23589	95	4296	49	41	0	4481
23590	69	93	27	4167	0	4356
23591	41	4330	32	77	0	4480
23592	4280	84	21	62	0	4447
23593	92	42	4303	42	0	4479
23594	4108	31	75	51	0	4265
23595	95	4292	52	34	0	4473
23596	63	72	26	4314	0	4475
23597	4312	42	32	97	0	4483
23598	4343	35	25	52	0	4455
23599	122	21	24	4285	0	4452
23600	78	27	24	4284	0	4413
23601	46	4262	25	107	0	4440
23602	49	97	22	4231	0	4399
23603	36	4719	25	86	0	4866
23604	31	5013	26	50	0	5120
23605	55	159	14	4643	0	4871
23606	34	4826	19	84	0	4963
23607	33	87	4759	50	0	4929
23608	29	57	4790	40	0	4916
23609	33	4971	100	27	0	5131
23610	28	86	4873	36	0	5023
23611	22	53	4820	21	0	4916
23612	12	20	4546	16	0	4594
23613	6	4492	137	11	0	4646
23614	4350	97	65	28	0	4540
23615	65	4358	39	4	0	4466
23616	27	91	4353	14	0	4485
23617	32	38	83	4241	0	4394
23618	4287	33	35	93	0	4448
23619	80	27	4236	29	0	4372
23620	43	19	91	4219	0	4372
23621	19	17	4324	78	0	4438
23622	44	12	102	4155	0	4313
23623	4145	14	41	103	0	4303
23624	84	8	4195	36	0	4323
23625	29	4129	93	75	0	4326
23626	48	79	49	4044	0	4220
23627	4199	35	24	107	0	4365
23628	100	32	4070	30	0	4232
23629	62	16	103	3816	0	3997
23630	20	4018	43	76	0	4157
23631	4016	82	32	54	0	4184
23632	4187	32	19	40	0	4278
23633	130	22	21	4069	0	4242
23634	48	4155	29	102	0	4334
23635	24	4352	23	36	0	4435
23636	4313	126	13	41	0	4493
23637	142	61	19	4179	0	4401
23638	42	4310	26	105	0	4483
23639	4302	126	13	50	0	4491
23640	132	52	22	4297	0	4503
23641	72	32	10	4371	0	4485
23642	41	21	4155	137	0	4354
23643	13	4190	108	66	0	4377
23644	23	4422	35	43	0	4523
23645	35	135	34	4345	0	4549
23646	4341	49	18	141	0	4549
23647	103	4366	25	53	0	4547
23648	4320	136	20	47	0	4523
23649	131	4350	14	21	0	4516
23650	60	130	22	4340	0	4552
23651	4370	52	10	129	0	4561
23652	132	51	18	4370	0	4571
23653	51	38	4362	133	0	4584
23654	61	29	111	4136	0	4337
23655	28	4305	49	141	0	4523
23656	4239	119	34	68	0	4460
23657	115	4271	18	42	0	4446
23658	54	137	22	4108	0	4321
23659	56	58	18	4245	0	4377
23660	29	48	4130	155	0	4362
23661	41	50	4143	67	0	4301
23662	31	49	134	4109	0	4323
23663	32	29	4137	143	0	4341
23664	19	4099	131	77	0	4326
23665	4034	122	61	59	0	4276
23666	118	53	4150	36	0	4357
23667	4067	52	128	54	0	4301
23668	4245	31	65	54	0	4395
23669	4225	44	37	47	0	4353
23670	4267	45	34	31	0	4377
23671	182	32	38	4117	0	4369
23672	100	30	27	4018	0	4175
23673	64	4039	35	140	0	4278
23674	3953	124	23	74	0	4174
23675	147	56	3853	52	0	4108
23676	58	43	130	3788	0	4019
23677	60	30	50	3863	0	4003
23678	32	40	3752	151	0	3975
23679	44	3769	132	66	0	4011
23680	76	133	59	3556	0	3824
23681	40	55	41	3864	0	4000
23682	3723	38	27	187	0	3975
23683	123	3700	31	77	0	3931
23684	62	127	36	3615	0	3840
23685	44	3604	29	153	0	3830
23686	39	139	26	3687	0	3891
23687	3614	52	29	157	0	3852
23688	3700	55	29	64	0	3848
23689	155	39	28	3631	0	3853
23690	3587	31	19	157	0	3794
23691	3618	37	18	79	0	3752
23692	170	3545	24	54	0	3793
23693	98	130	17	3418	0	3663
23694	64	3486	18	146	0	3714
23695	84	130	13	3496	0	3723
23696	3487	57	13	154	0	3711
23697	152	62	15	3496	0	3725
23698	69	51	15	3594	0	3729
23699	50	51	3419	183	0	3703
23700	53	3307	103	96	0	3559
23701	55	3518	40	77	0	3690
23702	3404	129	37	66	0	3636
23703	122	51	18	2806	0	2997
23704	2530	39	17	116	0	2702
23705	97	2464	12	51	0	2624
23706	53	2347	9	45	0	2454
23707	38	2488	15	38	0	2579
23708	2080	89	61	40	0	2270
23709	59	2060	13	33	0	2165
23710	1872	52	24	25	0	1973
23711	1828	19	4	21	0	1872
23712	1931	17	7	21	0	1976
23713	60	10	8	2029	0	2107
23714	29	15	3	2146	0	2193
23715	29	9	9	2185	0	2232
23716	23	10	9	2169	0	2211
23717	2145	8	6	82	0	2241
23718	51	2100	6	47	0	2204
23719	40	38	5	2152	0	2235
23720	2162	23	5	60	0	2250
23721	64	13	3	2155	0	2235
23722	32	11	11	2177	0	2231
23723	2139	11	8	81	0	2239
23724	54	13	2124	36	0	2227
23725	36	8	42	2131	0	2217
23726	19	13	2189	57	0	2278
23727	30	10	43	2173	0	2256
23728	15	23	23	2213	0	2274
23729	2153	10	12	70	0	2245
23730	43	2099	16	38	0	2196
23731	29	2081	4	28	0	2142
23732	1970	36	5	22	0	2033
23733	32	2043	1	12	0	2088
23734	2065	22	4	17	0	2108
23735	27	14	2021	4	0	2066
23736	1930	5	13	11	0	1959
23737	1983	5	12	16	0	2016
23738	2018	1	3	16	0	2038
23739	28	3	5	1967	0	2003
23740	19	2	2	1969	0	1992
23741	12	1958	3	23	0	1996
23742	11	12	3	1968	0	1994
23743	1944	14	0	30	0	1988
23744	14	1945	4	24	0	1987
23745	11	1963	2	7	0	1983
23746	1928	19	0	19	0	1966
23747	17	14	1930	4	0	1965
23748	22	8	9	1900	0	1939
23749	4	7	1973	14	0	1998
23750	11	3	11	1912	0	1937
23751	3	1945	14	12	0	1974
23752	9	9	3	1996	0	2017
23753	1948	11	5	21	0	1985
23754	13	3	1	1972	0	1989
23755	16	5	1979	20	0	2020
23756	1843	1	14	31	0	1889
23757	16	2032	14	9	0	2071
23758	13	2194	3	9	0	2219
23759	2264	26	5	22	0	2317
23760	2395	17	2	13	0	2427
23761	40	10	2382	4	0	2436
23762	2295	7	19	13	0	2334
23763	30	2357	13	6	0	2406
23764	2406	19	8	11	0	2444
23765	34	14	8	2313	0	2369
23766	24	2213	2	19	0	2258
23767	2227	23	3	21	0	2274
23768	33	16	2232	9	0	2290
23769	25	8	20	2249	0	2302
23770	2296	7	11	34	0	2348
23771	30	6	2278	20	0	2334
23772	2277	4	22	21	0	2324
23773	30	6	16	2273	0	2325
23774	37	3	12	2306	0	2358
23775	17	11	2373	38	0	2439
23776	12	8	25	2348	0	2393
23777	2379	3	14	50	0	2446
23778	25	2350	11	31	0	2417
23779	2384	19	11	26	0	2440
23780	2378	18	7	23	0	2426
23781	44	16	6	2373	0	2439
23782	34	10	2410	32	0	2486
23783	19	7	24	2407	0	2457
23784	2423	5	19	47	0	2494
23785	32	2405	10	31	0	2478
23786	2467	22	10	27	0	2526
23787	39	20	3	2452	0	2514
23788	41	9	3	2481	0	2534
23789	21	8	9	2518	0	2556
23790	15	7	2480	54	0	2556
23791	21	4	29	2483	0	2537
23792	14	9	2487	44	0	2554
23793	18	11	2472	28	0	2529
23794	19	9	45	2670	0	2743
23795	16	13	2736	37	0	2802
23796	2944	8	42	47	0	3041
23797	67	5	33	3084	0	3189
23798	47	10	14	3071	0	3142
23799	25	3128	16	74	0	3243
23800	3135	49	15	56	0	3255
23801	3241	32	17	51	0	3341
23802	85	3282	12	31	0	3410
23803	77	55	10	3289	0	3431
23804	42	31	3298	57	0	3428
23805	3209	18	56	53	0	3336
23806	3343	20	28	46	0	3437
23807	96	11	21	3198	0	3326
23808	59	15	3119	53	0	3246
23809	42	3099	59	37	0	3237
23810	3039	56	44	41	0	3180
23811	64	34	3064	20	0	3182
23812	35	2943	67	20	0	3065
23813	2769	54	39	22	0	2884
23814	2750	19	21	10	0	2800
23815	79	15	9	2653	0	2756
23816	42	2663	14	48	0	2767
23817	39	46	3	2793	0	2881
23818	28	19	12	2838	0	2897
23819	25	25	8	2752	0	2810
23820	22	10	2	2838	0	2872
23821	15	5	2785	89	0	2894
23822	18	8	54	2803	0	2883
23823	19	5	24	2861	0	2909
23824	10	5	2779	84	0	2878
23825	9	2762	61	47	0	2879
23826	2750	55	23	48	0	2876
23827	2779	22	16	33	0	2850
23828	72	22	12	2760	0	2866
23829	2788	11	7	67	0	2873
23830	81	5	5	2808	0	2899
23831	36	7	2825	79	0	2947
23832	24	11	2771	43	0	2849
23833	21	2725	67	31	0	2844
23834	2642	48	41	27	0	2758
23835	61	30	2851	15	0	2957
23836	58	21	69	2725	0	2873
23837	45	11	26	2954	0	3036
23838	35	5	25	3082	0	3147
23839	28	10	16	3069	0	3123
23840	26	8	14	3077	0	3125
23841	16	9	3004	133	0	3162
23842	25	12	71	3057	0	3165
23843	3006	15	36	111	0	3168
23844	82	2998	30	57	0	3167
23845	2971	70	26	52	0	3119
23846	90	3023	14	33	0	3160
23847	3029	87	9	36	0	3161
23848	3124	44	14	36	0	3218
23849	119	30	11	3015	0	3175
23850	83	16	9	3070	0	3178
23851	3029	8	12	126	0	3175
23852	2950	10	12	84	0	3056
23853	2992	17	12	58	0	3079
23854	123	2845	22	54	0	3044
23855	73	2930	15	42	0	3060
23856	52	97	2884	20	0	3053
23857	57	52	62	2785	0	2956
23858	24	34	2731	84	0	2873
23859	22	2636	73	59	0	2790
23860	19	72	34	2557	0	2682
23861	21	37	23	2576	0	2657
23862	27	19	18	2635	0	2699
23863	2565	20	11	122	0	2718
23864	2572	11	8	66	0	2657
23865	93	2590	19	40	0	2742
23866	57	62	14	2589	0	2722
23867	38	37	2570	77	0	2722
23868	26	25	2506	43	0	2600
23869	2511	21	87	37	0	2656
23870	2566	12	47	38	0	2663
23871	104	10	30	2518	0	2662
23872	2565	5	18	92	0	2680
23873	97	9	2515	47	0	2668
23874	54	2470	66	35	0	2625
23875	38	62	41	2433	0	2574
23876	26	38	2525	77	0	2666
23877	27	19	76	2518	0	2640
23878	31	21	41	2575	0	2668
23879	19	10	2542	114	0	2685
23880	2462	4	70	81	0	2617
23881	2584	4	30	69	0	2687
23882	92	2653	21	49	0	2815
23883	2756	56	27	36	0	2875
23884	2834	43	14	36	0	2927
23885	126	24	2790	29	0	2969
23886	2746	18	72	24	0	2860
23887	103	2895	41	31	0	3070
23888	2927	71	20	28	0	3046
23889	2961	43	18	22	0	3044
23890	3042	25	15	33	0	3115
23891	2941	19	11	35	0	3006
23892	2984	18	11	32	0	3045
23893	137	2881	14	23	0	3055
23894	2729	64	7	26	0	2826
23895	94	2650	14	15	0	2773
23896	41	2302	8	4	0	2355
23897	18	2365	6	6	0	2395
23898	2270	67	38	20	0	2395
23899	2277	26	8	14	0	2325
23900	66	17	2253	16	0	2352
23901	2300	9	43	16	0	2368
23902	2304	9	20	17	0	2350
23903	79	7	2312	10	0	2408
23904	55	7	44	2275	0	2381
23905	33	5	32	2254	0	2324
23906	23	14	12	2417	0	2466
23907	21	4	6	2405	0	2436
23908	16	10	12	2430	0	2468
23909	10	3	2375	87	0	2475
23910	9	2404	52	43	0	2508
23911	2368	44	32	24	0	2468
23912	58	2417	9	17	0	2501
23913	2436	51	5	19	0	2511
23914	2422	34	10	19	0	2485
23915	86	14	2362	10	0	2472
23916	50	30	53	2193	0	2326
23917	19	2307	35	48	0	2409
23918	2313	45	13	36	0	2407
23919	2316	32	13	19	0	2380
23920	2361	11	12	24	0	2408
23921	86	2380	5	17	0	2488
23922	2400	48	9	12	0	2469
23923	2393	32	4	10	0	2439
23924	2399	15	7	16	0	2437
23925	92	17	4	2321	0	2434
23926	59	10	10	2335	0	2414
23927	35	11	7	2380	0	2433
23928	2327	12	12	74	0	2425
23929	67	2355	3	33	0	2458
23930	2365	48	3	20	0	2436
23931	2319	32	6	16	0	2373
23932	2294	11	2	12	0	2319
23933	2305	11	2	11	0	2329
23934	90	2247	7	4	0	2348
23935	2069	36	5	11	0	2121
23936	59	2024	1	11	0	2095
23937	32	1967	1	6	0	2006
23938	1936	41	3	17	0	1997
23939	42	1931	2	7	0	1982
23940	27	1968	5	5	0	2005
23941	1965	44	7	12	0	2028
23942	1983	19	3	10	0	2015
23943	49	12	4	1947	0	2012
23944	36	9	1	1986	0	2032
23945	2049	7	4	45	0	2105
23946	2112	6	3	27	0	2148
23947	2112	8	1	17	0	2138
23948	47	11	2034	11	0	2103
23949	2134	5	26	12	0	2177
23950	47	8	15	2143	0	2213
23951	33	7	4	2164	0	2208
23952	16	14	2	2197	0	2229
23953	24	5	6	2196	0	2231
23954	19	6	2119	43	0	2187
23955	17	10	2135	20	0	2182
23956	23	6	34	2155	0	2218
23957	16	9	2160	35	0	2220
23958	18	3	2156	29	0	2206
23959	15	5	43	2157	0	2220
23960	23	7	18	2209	0	2257
23961	22	6	5	2270	0	2303
23962	26	6	8	2181	0	2221
23963	2224	6	7	59	0	2296
23964	2372	4	7	39	0	2422
23965	53	8	3	2309	0	2373
23966	40	3	7	2312	0	2362
23967	16	9	8	2342	0	2375
23968	24	6	6	2323	0	2359
23969	24	6	6	2308	0	2344
23970	18	2291	13	56	0	2378
23971	2297	33	5	41	0	2376
23972	41	2322	8	23	0	2394
23973	2336	30	6	21	0	2393
23974	2334	25	3	22	0	2384
23975	2361	12	3	21	0	2397
23976	66	11	1	2239	0	2317
23977	2264	4	5	41	0	2314
23978	53	8	2	2221	0	2284
23979	42	11	5	2210	0	2268
23980	2213	8	1	60	0	2282
23981	44	2183	6	35	0	2268
23982	29	2074	1	17	0	2121
23983	2008	29	1	20	0	2058
23984	38	13	1998	16	0	2065
23985	1890	12	22	16	0	1940
23986	43	16	17	1951	0	2027
23987	22	1835	3	19	0	1879
23988	18	1869	4	12	0	1903
23989	1903	25	5	14	0	1947
23990	34	11	0	1990	0	2035
23991	15	2042	1	21	0	2079
23992	2030	18	0	27	0	2075
23993	2040	10	0	16	0	2066
23994	2053	8	0	11	0	2072
23995	2053	5	0	10	0	2068
23996	31	1999	2	1	0	2033
23997	17	1998	2	0	0	2017
23998	2045	16	0	10	0	2071
23999	2061	13	2	9	0	2085
24000	25	5	2016	3	0	2049
24001	12	1963	8	2	0	1985
24002	1967	8	5	10	0	1990
24003	2031	5	1	5	0	2042
24004	17	2	2062	1	0	2082
24005	2027	1	10	10	0	2048
24006	16	0	2146	1	0	2163
24007	7	1	2307	3	0	2318
24008	11	0	30	2153	0	2194
24009	4	2218	18	20	0	2260
24010	2326	22	6	21	0	2375
24011	28	9	0	2324	0	2361
24012	21	6	1	2331	0	2359
24013	13	0	1	2360	0	2374
24014	2325	0	2	48	0	2375
24015	29	0	3	2327	0	2359
24016	24	0	1	2388	0	2413
24017	7	4	2412	36	0	2459
24018	2370	1	29	27	0	2427
24019	2488	0	12	19	0	2519
24020	48	3	2476	3	0	2530
24021	2375	3	34	11	0	2423
24022	51	0	12	2388	0	2451
24023	10	2392	21	44	0	2467
24024	15	35	1	2431	0	2482
24025	2394	9	2	52	0	2457
24026	34	2440	2	17	0	2493
24027	25	37	0	2447	0	2509
24028	20	11	4	2502	0	2537
24029	6	8	3	2498	0	2515
24030	15	1	2	2398	0	2416
24031	5	2477	6	57	0	2545
24032	2449	43	2	28	0	2522
24033	2507	13	0	17	0	2537
24034	55	2540	1	5	0	2601
24035	2837	50	0	17	0	2904
24036	2949	17	0	15	0	2981
24037	2910	12	1	14	0	2937
24038	104	7	2805	6	0	2922
24039	42	2	65	2785	0	2894
24040	23	6	2732	74	0	2835
24041	2728	1	78	34	0	2841
24042	77	2762	21	23	0	2883
24043	2741	71	15	18	0	2845
24044	87	2778	8	6	0	2879
24045	40	84	6	2627	0	2757
24046	40	25	7	2689	0	2761
24047	17	21	2646	91	0	2775
24048	14	2683	77	35	0	2809
24049	2608	78	25	22	0	2733
24050	83	23	2626	14	0	2746
24051	2608	21	79	11	0	2719
24052	100	11	21	2605	0	2737
24053	34	13	2641	79	0	2767
24054	28	2604	86	27	0	2745
24055	30	75	29	2602	0	2736
24056	20	26	2631	82	0	2759
24057	13	20	2649	32	0	2714
24058	12	2554	104	25	0	2695
24059	19	83	36	2504	0	2642
24060	25	24	19	2513	0	2581
24061	15	2496	18	91	0	2620
24062	2503	78	13	49	0	2643
24063	89	28	7	2458	0	2582
24064	29	2388	19	87	0	2523
24065	2448	86	10	38	0	2582
24066	2471	32	11	35	0	2549
24067	2499	19	18	27	0	2563
24068	111	2447	14	20	0	2592
24069	2462	84	19	28	0	2593
24070	2515	26	11	31	0	2583
24071	115	26	6	2422	0	2569
24072	2456	21	5	97	0	2579
24073	111	21	4	2455	0	2591
24074	48	12	2407	100	0	2567
24075	34	16	2451	40	0	2541
24076	27	11	91	2468	0	2597
24077	29	11	2462	95	0	2597
24078	2407	19	92	36	0	2554
24079	104	11	27	2451	0	2593
24080	43	11	29	2500	0	2583
24081	42	10	2410	105	0	2567
24082	28	2335	88	48	0	2499
24083	29	2448	28	35	0	2540
24084	26	85	25	2355	0	2491
24085	23	36	19	2430	0	2508
24086	21	26	2348	98	0	2493
24087	21	11	2395	44	0	2471
24088	21	25	97	2329	0	2472
24089	18	15	2309	100	0	2442
24090	2199	14	89	49	0	2351
24091	94	18	35	2216	0	2363
24092	2218	18	24	94	0	2354
24093	103	14	17	2186	0	2320
24094	41	16	23	2275	0	2355
24095	41	11	2169	106	0	2327
24096	25	2204	81	55	0	2365
24097	34	77	28	2224	0	2363
24098	27	25	2193	90	0	2335
24099	34	2129	83	39	0	2285
24100	34	84	31	2154	0	2303
24101	2167	28	26	103	0	2324
24102	87	25	2183	42	0	2337
24103	2044	14	86	38	0	2182
24104	97	12	2004	26	0	2139
24105	1844	14	89	26	0	1973
24106	90	1849	32	14	0	1985
24107	26	1771	25	19	0	1841
24108	26	90	18	1663	0	1797
24109	19	1706	18	63	0	1806
24110	1685	67	17	37	0	1806
24111	59	24	17	1698	0	1798
24112	19	22	17	1751	0	1809
24113	17	18	12	1770	0	1817
24114	16	13	1695	85	0	1809
24115	20	11	66	1693	0	1790
24116	7	12	1667	86	0	1772
24117	10	1593	69	35	0	1707
24118	1461	48	29	30	0	1568
24119	48	1550	25	17	0	1640
24120	1551	49	13	27	0	1640
24121	1584	16	15	24	0	1639
24122	1589	12	10	28	0	1639
24123	1569	13	11	19	0	1612
24124	61	14	1504	15	0	1594
24125	39	10	50	1486	0	1585
24126	33	15	14	1480	0	1542
24127	32	13	14	1539	0	1598
24128	1382	12	13	65	0	1472
24129	1416	9	12	38	0	1475
24130	52	1486	11	26	0	1575
24131	24	37	1424	24	0	1509
24132	27	4	1421	26	0	1478
24133	23	1392	54	10	0	1479
24134	20	1405	22	15	0	1462
24135	16	33	38	1021	0	1108
24136	12	6	5	983	0	1006
24137	1016	3	6	17	0	1042
24138	20	1013	1	6	0	1040
24139	10	14	5	1025	0	1054
24140	7	3	1063	22	0	1095
24141	12	3	17	1116	0	1148
24142	8	6	6	1135	0	1155
24143	8	6	5	1143	0	1162
24144	8	2	6	1131	0	1147
24145	4	2	1098	18	0	1122
24146	3	1068	12	13	0	1096
24147	6	1078	6	10	0	1100
24148	1038	12	6	9	0	1065
24149	13	1027	7	2	0	1049
24150	7	1083	5	5	0	1100
24151	9	13	4	1093	0	1119
24152	9	8	3	1095	0	1115
24153	9	3	5	1100	0	1117
24154	3	5	1101	16	0	1125
24155	5	1076	12	13	0	1106
24156	10	10	4	1074	0	1098
24157	7	1136	3	16	0	1162
24158	1141	8	3	16	0	1168
24159	9	1135	9	9	0	1162
24160	1132	11	8	11	0	1162
24161	10	7	1124	9	0	1150
24162	1123	6	18	14	0	1161
24163	15	9	6	1145	0	1175
24164	8	7	1150	12	0	1177
24165	1105	7	9	8	0	1129
24166	1127	9	4	13	0	1153
24167	1143	8	4	10	0	1165
24168	15	5	5	1151	0	1176
24169	8	7	1172	13	0	1200
24170	1150	5	11	15	0	1181
24171	14	4	5	1223	0	1246
24172	11	1	2	1222	0	1236
24173	3	9	1256	12	0	1280
24174	6	1248	11	7	0	1272
24175	9	11	5	1199	0	1224
24176	5	1259	3	11	0	1278
24177	1245	12	6	15	0	1278
24178	1267	5	6	5	0	1283
24179	15	5	1	1270	0	1291
24180	1265	4	3	17	0	1289
24181	12	1272	4	7	0	1295
24182	1259	6	4	16	0	1285
24183	8	1266	3	6	0	1283
24184	12	7	2	1259	0	1280
24185	9	3	3	1238	0	1253
24186	10	1262	0	16	0	1288
24187	7	10	2	1272	0	1291
24188	3	7	1280	10	0	1300
24189	7	1234	10	7	0	1258
24190	1190	9	5	9	0	1213
24191	9	1213	3	2	0	1227
24192	6	5	3	1225	0	1239
24193	3	5	1240	10	0	1258
24194	9	2	7	1220	0	1238
24195	3	4	3	1251	0	1261
24196	1231	1	0	18	0	1250
24197	13	1	1249	4	0	1267
24198	5	1234	11	4	0	1254
24199	4	11	1295	7	0	1317
24200	5	6	1240	3	0	1254
24201	4	1	1228	5	0	1238
24202	12	7	11	1213	0	1243
24203	1246	1	4	21	0	1272
24204	17	1257	2	3	0	1279
24205	1288	16	2	9	0	1315
24206	1336	2	4	12	0	1354
24207	20	2	1	1290	0	1313
24208	3	1297	3	21	0	1324
24209	1281	17	2	11	0	1311
24210	21	1291	4	3	0	1319
24211	6	18	1	1338	0	1363
24212	4	6	3	1365	0	1378
24213	3	1366	4	19	0	1392
24214	6	19	4	1372	0	1401
24215	3	4	1351	20	0	1378
24216	2	3	1344	10	0	1359
24217	5	5	22	1373	0	1405
24218	5	3	3	1415	0	1426
24219	6	4	1338	20	0	1368
24220	5	3	1320	7	0	1335
24221	1216	2	24	10	0	1252
24222	20	1318	4	3	0	1345
24223	9	1414	4	4	0	1431
24224	7	22	7	1374	0	1410
24225	6	3	6	1405	0	1420
24226	8	8	2	1407	0	1425
24227	5	7	1393	23	0	1428
24228	3	7	1362	8	0	1380
24229	11	0	23	1415	0	1449
24230	4	1	1401	26	0	1432
24231	1	1389	19	11	0	1420
24232	1385	21	8	14	0	1428
24233	21	9	1388	4	0	1422
24234	6	3	1410	3	0	1422
24235	9	8	19	1436	0	1472
24236	5	16	1520	24	0	1565
24237	1	1559	26	7	0	1593
24238	9	23	10	1580	0	1622
24239	5	5	1615	33	0	1658
24240	5	1579	28	16	0	1628
24241	1536	29	11	14	0	1590
24242	30	10	8	1536	0	1584
24243	11	7	12	1555	0	1585
24244	1551	8	4	38	0	1601
24245	24	1558	6	10	0	1598
24246	1559	25	6	15	0	1605
24247	1588	8	6	15	0	1617
24248	1608	6	4	16	0	1634
24249	41	6	3	1555	0	1605
24250	1537	10	4	27	0	1578
24251	30	1501	9	14	0	1554
24252	16	1526	9	9	0	1560
24253	1557	30	6	10	0	1603
24254	28	16	6	1600	0	1650
24255	22	12	3	1609	0	1646
24256	14	8	4	1636	0	1662
24257	9	3	1569	37	0	1618
24258	8	1565	23	22	0	1618
24259	11	24	10	1595	0	1640
24260	1577	13	10	36	0	1636
24261	31	7	8	1584	0	1630
24262	17	7	1564	37	0	1625
24263	6	1549	25	18	0	1598
24264	1571	28	10	19	0	1628
24265	1566	12	8	14	0	1600
24266	1589	8	9	10	0	1616
24267	42	8	7	1587	0	1644
24268	24	10	1561	29	0	1624
24269	15	8	1645	17	0	1685
24270	10	1699	35	11	0	1755
24271	19	36	13	1668	0	1736
24272	6	9	6	1727	0	1748
24273	1646	5	9	39	0	1699
24274	34	8	3	1695	0	1740
24275	1747	7	5	43	0	1802
24276	38	11	1690	16	0	1755
24277	20	5	1720	15	0	1760
24278	24	3	31	1728	0	1786
24279	19	2	15	1751	0	1787
24280	15	2	17	1774	0	1808
24281	1772	5	10	55	0	1842
24282	1883	5	12	27	0	1927
24283	56	8	3	1901	0	1968
24284	29	4	1886	50	0	1969
24285	14	4	1897	33	0	1948
24286	18	4	53	1916	0	1991
24287	1950	5	32	58	0	2045
24288	50	7	14	1935	0	2006
24289	30	2	17	1969	0	2018
24290	18	4	1947	65	0	2034
24291	14	4	1926	40	0	1984
24292	1820	3	56	38	0	1917
24293	47	5	1904	22	0	1978
24294	33	6	49	1831	0	1919
24295	28	4	28	1867	0	1927
24296	1859	3	16	59	0	1937
24297	47	1811	18	45	0	1921
24298	1820	33	12	29	0	1894
24299	49	1800	10	20	0	1879
24300	1779	39	10	21	0	1849
24301	48	20	1736	20	0	1824
24302	1636	17	36	20	0	1709
24303	1701	8	22	16	0	1747
24304	53	16	15	1675	0	1759
24305	40	6	1657	33	0	1736
24306	26	6	39	1575	0	1646
24307	23	3	18	1615	0	1659
24308	16	1589	20	51	0	1676
24309	19	26	18	1579	0	1642
24310	14	1592	14	43	0	1663
24311	18	31	7	1578	0	1634
24312	1555	20	7	58	0	1640
24313	36	17	6	1572	0	1631
24314	26	8	1553	47	0	1634
24315	1526	13	33	28	0	1600
24316	45	5	1576	28	0	1654
24317	1559	9	41	27	0	1636
24318	1582	3	25	31	0	1641
24319	51	1570	22	25	0	1668
24320	41	1640	16	24	0	1721
24321	1610	48	18	27	0	1703
24322	1662	23	9	30	0	1724
24323	1617	17	13	25	0	1672
24324	1634	14	12	27	0	1687
24325	1635	9	13	18	0	1675
24326	71	8	13	1599	0	1691
24327	51	7	14	1615	0	1687
24328	34	10	1606	53	0	1703
24329	1568	4	40	42	0	1654
24330	58	7	24	1576	0	1665
24331	44	6	25	1588	0	1663
24332	31	10	1534	60	0	1635
24333	29	1482	39	41	0	1591
24334	24	1550	26	30	0	1630
24335	1495	42	41	28	0	1606
24336	1436	21	14	17	0	1488
24337	57	1364	10	21	0	1452
24338	27	1329	10	19	0	1385
24339	1319	37	12	27	0	1395
24340	1370	15	12	21	0	1418
24341	56	11	13	1328	0	1408
24342	31	11	10	1349	0	1401
24343	28	7	9	1380	0	1424
24344	1329	8	11	58	0	1406
24345	1370	8	10	37	0	1425
24346	55	12	8	1383	0	1458
24347	1416	10	11	47	0	1484
24348	55	14	1381	28	0	1478
24349	35	9	34	1406	0	1484
24350	28	8	1412	44	0	1492
24351	24	1410	41	28	0	1503
24352	33	29	24	1409	0	1495
24353	1411	19	19	46	0	1495
24354	49	9	12	1398	0	1468
24355	27	10	13	1397	0	1447
24356	28	8	1345	55	0	1436
24357	27	13	1371	29	0	1440
24358	20	1391	35	27	0	1473
24359	1400	35	21	27	0	1483
24360	1425	17	12	26	0	1480
24361	1444	13	14	17	0	1488
24362	1453	10	8	20	0	1491
24363	64	4	13	1426	0	1507
24364	42	7	10	1418	0	1477
24365	29	1428	13	51	0	1521
24366	1435	30	8	30	0	1503
24367	1420	13	9	34	0	1476
24368	53	15	1371	22	0	1461
24369	1217	14	28	10	0	1269
24370	47	1206	13	10	0	1276
24371	34	49	5	1141	0	1229
24372	28	1196	8	28	0	1260
24373	1195	38	13	13	0	1259
24374	41	1178	3	10	0	1232
24375	27	25	3	1117	0	1172
24376	18	13	2	1144	0	1177
24377	16	7	7	1113	0	1143
24378	14	1085	4	39	0	1142
24379	14	35	4	1090	0	1143
24380	18	12	4	1080	0	1114
24381	9	989	3	29	0	1030
24382	7	935	1	11	0	954
24383	864	16	4	13	0	897
24384	17	881	1	6	0	905
24385	850	16	3	6	0	875
24386	21	6	830	5	0	862
24387	6	802	13	6	0	827
24388	803	15	2	1	0	821
24389	779	5	3	11	0	798
24390	19	4	772	5	0	800
24391	11	1	12	777	0	801
24392	8	2	778	15	0	803
24393	6	776	15	3	0	800
24394	764	11	4	9	0	788
24395	16	742	3	13	0	774
24396	12	17	0	752	0	781
24397	9	2	1	769	0	781
24398	4	9	741	17	0	771
24399	5	5	715	6	0	731
24400	709	5	12	11	0	737
24401	730	0	7	8	0	745
24402	726	5	3	5	0	739
24403	730	2	5	7	0	744
24404	23	730	1	3	0	757
24405	8	14	1	730	0	753
24406	6	4	1	741	0	752
24407	4	750	3	15	0	772
24408	757	17	5	8	0	787
24409	781	8	1	8	0	798
24410	23	5	771	1	0	800
24411	779	3	14	7	0	803
24412	29	1	3	766	0	799
24413	11	4	783	15	0	813
24414	6	2	17	772	0	797
24415	1	1	788	25	0	815
24416	1	7	773	3	0	784
24417	2	16	14	716	0	748
24418	5	729	6	9	0	749
24419	727	15	3	4	0	749
24420	716	2	2	7	0	727
24421	14	806	2	2	0	824
24422	5	816	4	3	0	828
24423	803	17	8	7	0	835
24424	823	4	1	2	0	830
24425	819	4	2	4	0	829
24426	823	1	0	4	0	828
24427	23	0	0	833	0	856
24428	5	0	815	13	0	833
24429	3	813	9	2	0	827
24430	801	11	0	7	0	819
24431	10	833	2	5	0	850
24432	836	10	1	4	0	851
24433	848	6	1	5	0	860
24434	16	3	893	1	0	913
24435	6	906	11	1	0	924
24436	8	9	2	925	0	944
24437	4	3	4	942	0	953
24438	5	3	2	905	0	915
24439	934	4	2	12	0	952
24440	897	1	2	7	0	907
24441	900	0	3	5	0	908
24442	11	897	2	4	0	914
24443	871	10	1	7	0	889
24444	10	874	2	2	0	888
24445	4	8	851	1	0	864
24446	3	828	7	2	0	840
24447	2	15	7	750	0	774
24448	2	3	2	738	0	745
24449	2	3	741	8	0	754
24450	4	12	6	699	0	721
24451	0	2	1	726	0	729
24452	747	1	1	11	0	760
24453	736	2	0	5	0	743
24454	747	1	0	2	0	750
24455	10	734	3	0	0	747
24456	732	6	0	4	0	742
24457	708	3	3	6	0	720
24458	9	729	3	1	0	742
24459	7	9	0	729	0	745
24460	8	7	2	730	0	747
24461	735	1	1	11	0	748
24462	9	1	713	5	0	728
24463	5	680	10	1	0	696
24464	5	10	3	669	0	687
24465	3	654	2	6	0	665
24466	2	673	0	4	0	679
24467	664	9	1	3	0	677
24468	677	3	1	2	0	683
24469	15	1	1	683	0	700
24470	10	1	1	678	0	690
24471	7	1	3	684	0	695
24472	7	2	0	678	0	687
24473	4	12	652	11	0	679
24474	3	5	627	4	0	639
24475	2	1	12	648	0	663
24476	2	4	700	8	0	714
24477	2	704	9	5	0	720
24478	714	8	3	5	0	730
24479	722	3	2	2	0	729
24480	15	3	1	714	0	733
24481	5	1	1	708	0	715
24482	5	2	0	732	0	739
24483	4	739	0	11	0	754
24484	747	8	2	8	0	765
24485	757	5	0	5	0	767
24486	15	0	756	2	0	773
24487	9	3	7	808	0	827
24488	2	4	842	10	0	858
24489	8	2	8	977	0	995
24490	7	1	5	973	0	986
24491	10	2	1	976	0	989
24492	5	1	3	1020	0	1029
24493	1021	5	0	28	0	1054
24494	1047	0	1	17	0	1065
24495	1069	3	1	7	0	1080
24496	32	2	3	1051	0	1088
24497	11	2	1060	19	0	1092
24498	1047	2	19	9	0	1077
24499	24	1	5	1086	0	1116
24500	1095	2	3	22	0	1122
24501	25	1	1	1078	0	1105
24502	7	1047	3	19	0	1076
24503	6	1129	5	6	0	1146
24504	5	19	2	1119	0	1145
24505	7	7	1	1134	0	1149
24506	6	7	2	1145	0	1160
24507	1	1126	1	22	0	1150
24508	1110	12	0	10	0	1132
24509	17	1111	2	3	0	1133
24510	5	24	1127	3	0	1159
24511	5	3	13	1109	0	1130
24512	1	1148	4	29	0	1182
24513	7	14	5	1143	0	1169
24514	12	4	1	1150	0	1167
24515	3	2	1134	23	0	1162
24516	1089	1	15	13	0	1118
24517	13	1152	5	10	0	1180
24518	1150	16	3	8	0	1177
24519	1193	5	1	8	0	1207
24520	1194	2	1	11	0	1208
24521	20	5	1114	6	0	1145
24522	13	0	17	1114	0	1144
24523	15	2	5	1132	0	1154
24524	7	1	1117	23	0	1148
24525	1044	1	18	12	0	1075
24526	17	0	1131	8	0	1156
24527	8	3	1085	5	0	1101
24528	7	1140	25	6	0	1178
24529	16	18	7	1148	0	1189
24530	3	8	1157	23	0	1191
24531	1111	3	20	19	0	1153
24532	1145	6	7	8	0	1166
24533	30	3	1142	3	0	1178
24534	12	5	18	1102	0	1137
24535	8	2	1127	22	0	1159
24536	5	1123	19	14	0	1161
24537	1211	26	18	9	0	1264
24538	1219	6	0	13	0	1238
24539	1257	5	2	11	0	1275
24540	35	6	7	1233	0	1281
24541	21	4	0	1272	0	1297
24542	9	9	1248	36	0	1302
24543	1217	1	31	20	0	1269
24544	30	1	8	1273	0	1312
24545	1254	5	4	37	0	1300
24546	34	2	1251	13	0	1300
24547	16	5	1277	10	0	1308
24548	11	3	38	1229	0	1281
24549	11	2	18	1298	0	1329
24550	6	6	1274	40	0	1326
24551	1229	2	31	20	0	1282
24552	27	4	16	1244	0	1291
24553	18	1311	7	21	0	1357
24554	1304	23	9	13	0	1349
24555	32	1324	9	9	0	1374
24556	1327	29	6	10	0	1372
24557	38	11	1348	6	0	1403
24558	21	9	1308	6	0	1344
24559	11	1333	32	11	0	1387
24560	1344	23	19	11	0	1397
24561	32	12	1343	7	0	1394
24562	1315	4	27	13	0	1359
24563	35	1330	13	5	0	1383
24564	20	23	10	1345	0	1398
24565	16	13	8	1351	0	1388
24566	10	1321	6	36	0	1373
24567	1377	28	9	23	0	1437
24568	1416	10	9	13	0	1448
24569	1409	8	6	14	0	1437
24570	52	5	1399	7	0	1463
24571	21	3	38	1377	0	1439
24572	16	1	17	1417	0	1451
24573	10	5	11	1445	0	1471
24574	6	6	1399	46	0	1457
24575	9	1368	37	15	0	1429
24576	1347	32	12	10	0	1401
24577	39	8	1340	9	0	1396
24578	1315	6	31	10	0	1362
24579	40	1335	14	12	0	1401
24580	1351	31	16	9	0	1407
24581	43	18	6	1336	0	1403
24582	1364	6	8	43	0	1421
24583	41	3	10	1362	0	1416
24584	21	6	1384	28	0	1439
24585	26	11	30	1356	0	1423
24586	7	3	1354	36	0	1400
24587	1193	5	41	25	0	1264
24588	35	1252	18	11	0	1316
24589	19	29	6	1097	0	1151
24590	14	1133	7	26	0	1180
24591	1122	19	15	8	0	1164
24592	1132	7	5	8	0	1152
24593	27	1093	2	8	0	1130
24594	1094	19	8	12	0	1133
24595	1132	6	3	13	0	1154
24596	27	3	5	1115	0	1150
24597	13	2	1	1107	0	1123
24598	1137	3	2	24	0	1166
24599	1165	1	1	12	0	1179
24600	24	3	3	1126	0	1156
24601	17	2	5	1251	0	1275
24602	1302	3	1	35	0	1341
24603	26	3	1284	12	0	1325
24604	1202	1	23	15	0	1241
24605	26	2	1251	7	0	1286
24606	10	1213	23	5	0	1251
24607	11	32	11	1202	0	1256
24608	10	8	1282	22	0	1322
24609	8	1313	24	6	0	1351
24610	1271	22	7	11	0	1311
24611	24	11	1281	5	0	1321
24612	1243	2	23	9	0	1277
24613	1290	3	10	7	0	1310
24614	1295	2	4	6	0	1307
24615	30	2	6	1245	0	1283
24616	12	1335	5	21	0	1373
24617	1322	26	3	16	0	1367
24618	28	8	1353	2	0	1391
24619	1202	3	23	13	0	1241
24620	24	5	1341	3	0	1373
24621	12	1327	23	6	0	1368
24622	10	18	12	1325	0	1365
24623	11	8	2	1322	0	1343
24624	6	1312	2	27	0	1347
24625	9	21	2	1339	0	1371
24626	6	7	1340	21	0	1374
24627	5	1353	20	12	0	1390
24628	8	20	10	1307	0	1345
24629	1309	7	5	27	0	1348
24630	1356	4	4	11	0	1375
24631	35	4	3	1364	0	1406
24632	7	1406	5	23	0	1441
24633	14	24	0	1422	0	1460
24634	10	9	4	1418	0	1441
24635	10	7	1358	30	0	1405
24636	5	1375	27	11	0	1418
24637	7	21	5	1313	0	1346
24638	3	8	1298	25	0	1334
24639	6	1274	20	7	0	1307
24640	9	22	4	1277	0	1312
24641	1285	3	2	27	0	1317
24642	20	1302	6	5	0	1333
24643	8	19	0	1321	0	1348
24644	1376	3	2	26	0	1407
24645	1378	6	4	8	0	1396
24646	1390	5	2	10	0	1407
24647	1370	4	4	8	0	1386
24648	28	4	5	1356	0	1393
24649	10	3	1403	24	0	1440
24650	17	3	17	1380	0	1417
24651	7	1402	9	24	0	1442
24652	1416	23	4	17	0	1460
24653	19	8	1367	10	0	1404
24654	1322	4	17	11	0	1354
24655	22	7	1346	5	0	1380
24656	17	4	20	1353	0	1394
24657	16	4	1354	20	0	1394
24658	18	8	19	1334	0	1379
24659	5	2	1361	27	0	1395
24660	15	3	18	1317	0	1353
24661	1324	6	8	30	0	1368
24662	21	1445	4	10	0	1480
24663	11	14	6	1473	0	1504
24664	10	8	1	1480	0	1499
24665	8	6	1478	17	0	1509
24666	6	3	1445	11	0	1465
24667	1382	4	19	14	0	1419
24668	17	1455	10	4	0	1486
24669	1455	14	9	10	0	1488
24670	1462	3	7	8	0	1480
24671	21	7	5	1418	0	1451
24672	8	1442	4	20	0	1474
24673	1484	15	5	13	0	1517
24674	1504	7	2	14	0	1527
24675	1524	6	5	16	0	1551
24676	1523	2	6	17	0	1548
24677	1518	4	4	12	0	1538
24678	25	6	1507	2	0	1540
24679	1471	3	20	5	0	1499
24680	27	3	1503	4	0	1537
24681	18	4	21	1471	0	1514
24682	17	2	8	1525	0	1552
24683	13	3	1503	19	0	1538
24684	1459	5	20	15	0	1499
24685	26	3	5	1495	0	1529
24686	14	4	7	1550	0	1575
24687	9	2	4	1556	0	1571
24688	9	2	4	1538	0	1553
24689	12	6	5	1549	0	1572
24690	8	1	1581	30	0	1620
24691	14	1	22	1568	0	1605
24692	4	7	1582	26	0	1619
24693	5	2	1534	16	0	1557
24694	1517	1	30	11	0	1559
24695	1591	3	9	12	0	1615
24696	1670	1	12	14	0	1697
24697	38	6	1710	6	0	1760
24698	18	4	1704	8	0	1734
24699	9	4	1758	6	0	1777
24700	15	1745	38	7	0	1805
24701	28	37	34	1693	0	1792
24702	1796	6	13	33	0	1848
24703	38	5	8	1967	0	2018
24704	9	2009	6	42	0	2066
24705	2027	35	7	16	0	2085
24706	45	13	5	1994	0	2057
24707	20	2082	4	44	0	2150
24708	16	36	7	2050	0	2109
24709	10	12	6	2058	0	2086
24710	2007	7	9	52	0	2075
24711	54	6	5	1992	0	2057
24712	18	5	2003	48	0	2074
24713	23	6	38	1960	0	2027
24714	7	1942	20	47	0	2016
24715	5	2016	11	25	0	2057
24716	11	48	8	1899	0	1966
24717	10	18	7	1900	0	1935
24718	9	1868	8	54	0	1939
24719	7	1928	6	28	0	1969
24720	3	1946	10	19	0	1978
24721	23	58	3	1805	0	1889
24722	9	1934	3	51	0	1997
24723	1895	48	5	32	0	1980
24724	39	23	1938	22	0	2022
24725	21	18	38	1889	0	1966
24726	15	1952	16	42	0	2025
24727	1898	47	9	35	0	1989
24728	43	21	1932	21	0	2017
24729	19	1944	42	17	0	2022
24730	1865	47	12	24	0	1948
24731	44	1874	15	11	0	1944
24732	19	1860	10	25	0	1914
24733	15	53	14	1826	0	1908
24734	8	1868	9	38	0	1923
24735	1830	43	5	32	0	1910
24736	41	25	8	1822	0	1896
24737	17	23	1809	48	0	1897
24738	10	19	1832	23	0	1884
24739	17	16	42	1807	0	1882
24740	10	21	1840	43	0	1914
24741	17	18	37	1824	0	1896
24742	1792	15	15	51	0	1873
24743	38	15	1837	21	0	1911
24744	28	17	35	1754	0	1834
24745	10	1763	26	43	0	1842
24746	12	42	16	1790	0	1860
24747	15	15	7	1795	0	1832
24748	8	1821	11	49	0	1889
24749	14	40	12	1810	0	1876
24750	13	21	11	1823	0	1868
24751	6	20	1800	53	0	1879
24752	7	1794	39	27	0	1867
24753	1787	50	13	26	0	1876
24754	36	24	13	1792	0	1865
24755	14	16	1802	51	0	1883
24756	15	15	34	1804	0	1868
24757	8	11	1803	50	0	1872
24758	1703	12	42	44	0	1801
24759	40	1787	24	19	0	1870
24760	17	47	15	1808	0	1887
24761	22	17	10	1860	0	1909
24762	1705	15	14	68	0	1802
24763	43	14	13	1724	0	1794
24764	24	11	1703	49	0	1787
24765	13	14	40	1640	0	1707
24766	7	1632	21	53	0	1713
24767	14	1696	7	35	0	1752
24768	5	1723	15	23	0	1766
24769	11	60	10	1721	0	1802
24770	13	24	1712	52	0	1801
24771	5	1728	33	31	0	1797
24772	1693	48	21	24	0	1786
24773	32	1752	11	29	0	1824
24774	1736	48	16	22	0	1822
24775	1740	22	12	21	0	1795
24776	49	16	1724	20	0	1809
24777	1735	12	46	19	0	1812
24778	1815	13	23	22	0	1873
24779	1761	17	10	33	0	1821
24780	1817	11	7	23	0	1858
24781	50	10	1805	21	0	1886
24782	1749	12	33	27	0	1821
24783	1811	14	20	16	0	1861
24784	57	1843	10	18	0	1928
24785	28	48	8	1814	0	1898
24786	25	25	9	1813	0	1872
24787	13	1823	11	57	0	1904
24788	1811	48	7	20	0	1886
24789	40	1839	12	12	0	1903
24790	1759	43	8	28	0	1838
24791	1778	22	9	17	0	1826
24792	55	1787	11	8	0	1861
24793	31	40	7	1756	0	1834
24794	20	22	1771	44	0	1857
24795	19	1738	36	18	0	1811
24796	29	65	16	1572	0	1682
24797	12	1595	10	26	0	1643
24798	21	1682	6	18	0	1727
24799	25	74	1	1585	0	1685
24800	13	18	1685	40	0	1756
24801	9	1594	41	26	0	1670
24802	20	1548	21	7	0	1596
24803	1284	27	5	10	0	1326
24804	23	14	1	1301	0	1339
24805	16	3	1	1315	0	1335
24806	7	3	0	1346	0	1356
24807	2	2	1292	31	0	1327
24808	9	2	17	1267	0	1295
24809	2	1304	11	22	0	1339
24810	1343	22	2	17	0	1384
24811	34	11	2	1342	0	1389
24812	13	4	1340	27	0	1384
24813	1342	2	25	15	0	1384
24814	35	4	10	1417	0	1466
24815	13	4	1512	31	0	1560
24816	7	1	1539	18	0	1565
24817	1573	3	36	6	0	1618
24818	1632	1	14	11	0	1658
24819	1600	1	5	8	0	1614
24820	1635	3	4	9	0	1651
24821	44	2	1578	5	0	1629
24822	19	1610	29	4	0	1662
24823	1601	27	11	4	0	1643
24824	34	1599	6	3	0	1642
24825	1581	31	4	11	0	1627
24826	34	1594	4	4	0	1636
24827	19	31	0	1590	0	1640
24828	16	17	2	1604	0	1639
24829	9	7	5	1602	0	1623
24830	6	1549	5	40	0	1600
24831	3	1607	3	17	0	1630
24832	10	41	2	1542	0	1595
24833	5	1559	0	40	0	1604
24834	3	36	1554	14	0	1607
24835	4	17	28	1548	0	1597
24836	4	10	1569	30	0	1613
24837	1506	8	30	21	0	1565
24838	1562	6	15	16	0	1599
24839	45	10	1551	6	0	1612
24840	22	5	1552	9	0	1588
24841	22	3	40	1523	0	1588
24842	11	6	1549	31	0	1597
24843	10	6	35	1454	0	1505
24844	15	1413	21	29	0	1478
24845	9	35	8	1545	0	1597
24846	18	17	5	1555	0	1595
24847	16	7	7	1568	0	1598
24848	8	10	1497	43	0	1558
24849	13	3	31	1476	0	1523
24850	11	5	15	1486	0	1517
24851	9	9	6	1460	0	1484
24852	7	1481	4	43	0	1535
24853	1482	35	6	26	0	1549
24854	1485	19	4	18	0	1526
24855	1487	16	7	13	0	1523
24856	47	8	6	1461	0	1522
24857	20	8	1455	36	0	1519
24858	19	6	1440	22	0	1487
24859	12	1477	36	14	0	1539
24860	1442	36	19	14	0	1511
24861	24	1464	11	17	0	1516
24862	1454	32	7	18	0	1511
24863	32	1470	9	11	0	1522
24864	1446	35	5	17	0	1503
24865	32	1566	8	7	0	1613
24866	25	40	5	1554	0	1624
24867	12	18	1529	36	0	1595
24868	10	7	1542	21	0	1580
24869	11	9	43	1503	0	1566
24870	11	2	19	1508	0	1540
24871	6	4	15	1531	0	1556
24872	11	4	1492	45	0	1552
24873	16	7	28	1463	0	1514
24874	1444	4	17	41	0	1506
24875	1470	5	9	26	0	1510
24876	47	1430	9	10	0	1496
24877	1411	28	6	16	0	1461
24878	41	1408	6	8	0	1463
24879	1403	36	8	13	0	1460
24880	1423	18	8	13	0	1462
24881	1413	11	5	9	0	1438
24882	48	8	1359	6	0	1421
24883	26	9	1359	4	0	1398
24884	1342	6	34	7	0	1389
24885	1405	5	15	11	0	1436
24886	39	9	11	1374	0	1433
24887	20	3	7	1428	0	1458
24888	18	4	2	1446	0	1470
24889	11	7	5	1464	0	1487
24890	10	7	4	1502	0	1523
24891	1471	3	3	57	0	1534
24892	43	5	5	1471	0	1524
24893	16	4	1469	41	0	1530
24894	1383	6	33	28	0	1450
24895	1449	4	15	15	0	1483
24896	51	1433	10	6	0	1500
24897	19	1460	6	7	0	1492
24898	1341	24	4	6	0	1375
24899	24	1368	3	3	0	1398
24900	1320	25	4	11	0	1360
24901	1399	7	7	14	0	1427
24902	1427	2	2	5	0	1436
24903	40	5	4	1375	0	1424
24904	16	1384	5	30	0	1435
24905	1413	28	4	17	0	1462
24906	38	9	2	1437	0	1486
24907	19	4	3	1431	0	1457
24908	1385	4	3	43	0	1435
24909	25	1367	2	19	0	1413
24910	18	24	1	1359	0	1402
24911	1367	14	2	29	0	1412
24912	24	1379	2	14	0	1419
24913	1429	19	0	12	0	1460
24914	22	15	1335	7	0	1379
24915	1296	1	15	5	0	1317
24916	26	1296	9	1	0	1332
24917	1288	22	3	6	0	1319
24918	1281	8	2	5	0	1296
24919	28	1309	1	2	0	1340
24920	1323	20	1	4	0	1348
24921	25	1318	0	6	0	1349
24922	1364	22	0	10	0	1396
24923	29	10	1	1383	0	1423
24924	12	7	0	1391	0	1410
24925	11	0	0	1419	0	1430
24926	5	4	1353	32	0	1394
24927	13	2	24	1352	0	1391
24928	7	4	1358	25	0	1394
24929	11	2	25	1340	0	1378
24930	9	1341	9	25	0	1384
24931	5	30	3	1371	0	1409
24932	13	11	1356	23	0	1403
24933	5	7	1422	12	0	1446
24934	23	4	31	1407	0	1465
24935	1401	18	12	30	0	1461
24936	1437	4	4	18	0	1463
24937	36	1419	15	7	0	1477
24938	30	22	4	1435	0	1491
24939	7	25	1490	33	0	1555
24940	22	7	26	1476	0	1531
24941	21	3	1488	32	0	1544
24942	1442	20	25	17	0	1504
24943	44	2	11	1494	0	1551
24944	15	18	1448	28	0	1509
24945	29	4	26	1450	0	1509
24946	7	5	11	1503	0	1526
24947	10	7	1468	47	0	1532
24948	9	4	26	1478	0	1517
24949	1467	8	23	36	0	1534
24950	1485	4	3	39	0	1531
24951	44	6	17	1481	0	1548
24952	1501	4	6	46	0	1557
24953	31	16	1498	24	0	1569
24954	19	8	1462	23	0	1512
24955	1480	5	51	12	0	1548
24956	1544	6	29	7	0	1586
24957	45	4	3	1518	0	1570
24958	32	0	9	1531	0	1572
24959	18	9	1496	40	0	1563
24960	14	19	34	1430	0	1497
24961	10	1517	14	48	0	1589
24962	1538	29	20	23	0	1610
24963	1683	13	6	28	0	1730
24964	48	1679	19	9	0	1755
24965	1618	32	5	11	0	1666
24966	1612	13	7	30	0	1662
24967	49	1627	19	7	0	1702
24968	1643	35	6	24	0	1708
24969	44	1629	5	21	0	1699
24970	1645	37	16	16	0	1714
24971	48	17	1633	16	0	1714
24972	37	10	33	1620	0	1700
24973	30	4	16	1651	0	1701
24974	10	4	10	1784	0	1808
24975	1767	4	4	62	0	1837
24976	42	7	20	1833	0	1902
24977	24	4	1826	49	0	1903
24978	1832	2	36	34	0	1904
24979	58	6	26	1815	0	1905
24980	27	1777	6	60	0	1870
24981	12	1876	8	38	0	1934
24982	24	47	20	1835	0	1926
24983	15	23	12	1850	0	1900
24984	18	24	11	1855	0	1908
24985	31	6	1773	60	0	1870
24986	23	1754	39	30	0	1846
24987	1719	46	16	17	0	1798
24988	1714	18	8	19	0	1759
24989	61	1687	13	16	0	1777
24990	23	1757	9	13	0	1802
24991	35	41	8	1693	0	1777
24992	12	29	1672	37	0	1750
24993	1607	11	45	32	0	1695
24994	1645	5	27	17	0	1694
24995	47	6	9	1651	0	1713
24996	20	8	9	1635	0	1672
24997	1569	5	9	60	0	1643
24998	55	4	1591	26	0	1676
24999	1545	10	33	32	0	1620
25000	39	1559	28	11	0	1637
25001	35	25	6	1423	0	1489
25002	5	1465	4	52	0	1526
25003	1482	38	5	19	0	1544
25004	34	24	7	1439	0	1504
25005	27	7	4	1458	0	1496
25006	10	1427	7	45	0	1489
25007	1434	22	6	37	0	1499
25008	1446	7	16	19	0	1488
25009	34	18	1418	10	0	1480
25010	33	6	1372	11	0	1422
25011	1360	5	27	18	0	1410
25012	27	10	1377	10	0	1424
25013	15	11	1264	5	0	1295
25014	1255	4	24	10	0	1293
25015	21	2	1411	11	0	1445
25016	8	6	28	1394	0	1436
25017	17	3	13	1405	0	1438
25018	1457	3	6	48	0	1514
25019	38	2	1476	19	0	1535
25020	1516	2	44	12	0	1574
25021	51	2	17	1528	0	1598
25022	1556	5	8	49	0	1618
25023	1584	3	8	25	0	1620
25024	1621	2	4	14	0	1641
25025	66	2	8	1569	0	1645
25026	1595	4	6	46	0	1651
25027	64	3	4	1588	0	1659
25028	29	3	3	1635	0	1670
25029	24	2	5	1624	0	1655
25030	21	4	4	1662	0	1691
25031	1607	2	8	75	0	1692
25032	1638	1	4	40	0	1683
25033	66	4	1581	18	0	1669
25034	1588	1	45	20	0	1654
25035	1669	1	17	24	0	1711
25036	76	7	8	1616	0	1707
25037	35	1599	9	51	0	1694
25038	1647	40	3	28	0	1718
25039	60	18	5	1577	0	1660
25040	1580	8	6	62	0	1656
25041	60	1568	3	26	0	1657
25042	1613	42	5	23	0	1683
25043	56	16	6	1578	0	1656
25044	34	1560	3	50	0	1647
25045	1619	46	8	31	0	1704
25046	59	1618	6	22	0	1705
25047	27	1666	8	14	0	1715
25048	1680	63	5	15	0	1763
25049	59	22	1635	17	0	1733
25050	1664	15	43	24	0	1746
25051	69	17	18	1658	0	1762
25052	40	7	1670	49	0	1766
25053	28	9	46	1644	0	1727
25054	30	7	16	1686	0	1739
25055	21	12	1664	72	0	1769
25056	1636	8	50	32	0	1726
25057	70	6	16	1678	0	1770
25058	29	10	9	1711	0	1759
25059	38	4	11	1697	0	1750
25060	1655	10	2	89	0	1756
25061	59	10	1598	44	0	1711
25062	37	7	1608	27	0	1679
25063	25	5	58	1493	0	1581
25064	27	3	1487	50	0	1567
25065	1431	10	49	37	0	1527
25066	52	1457	27	19	0	1555
25067	1461	35	13	22	0	1531
25068	55	22	12	1396	0	1485
25069	35	1406	11	50	0	1502
25070	26	49	7	1420	0	1502
25071	24	1422	12	45	0	1503
25072	27	43	2	1446	0	1518
25073	16	27	1400	56	0	1499
25074	24	15	1305	27	0	1371
25075	22	1326	46	23	0	1417
25076	1243	34	25	21	0	1323
25077	40	17	11	1231	0	1299
25078	25	14	8	1251	0	1298
25079	1230	8	7	54	0	1299
25080	1231	9	11	27	0	1278
25081	61	6	5	1190	0	1262
25082	23	6	1172	50	0	1251
25083	26	1143	41	24	0	1234
25084	20	33	11	1197	0	1261
25085	13	21	16	1182	0	1232
25086	25	1196	11	47	0	1279
25087	1203	40	5	37	0	1285
25088	39	17	1195	20	0	1271
25089	26	16	34	1168	0	1244
25090	21	17	13	1160	0	1211
25091	12	5	1147	62	0	1226
25092	14	7	44	1146	0	1211
25093	1129	10	18	55	0	1212
25094	1146	6	15	30	0	1197
25095	1154	7	17	22	0	1200
25096	54	1125	13	22	0	1214
25097	1204	37	9	15	0	1265
25098	57	15	10	1150	0	1232
25099	33	16	5	1159	0	1213
25100	24	1294	6	47	0	1371
25101	1465	38	10	28	0	1541
25102	1522	25	11	24	0	1582
25103	1550	15	11	25	0	1601
25104	1572	16	8	18	0	1614
25105	1570	9	10	23	0	1612
25106	96	7	1502	20	0	1625
25107	1559	10	58	12	0	1639
25108	1581	6	24	24	0	1635
25109	1562	8	24	14	0	1608
25110	104	13	13	1499	0	1629
25111	65	4	4	1547	0	1620
25112	37	4	1479	83	0	1603
25113	1331	12	60	60	0	1463
25114	62	1439	25	37	0	1563
25115	24	1323	28	18	0	1393
25116	23	44	1300	10	0	1377
25117	17	1300	37	15	0	1369
25118	11	1275	26	9	0	1321
25119	17	53	28	1106	0	1204
25120	10	1193	3	30	0	1236
25121	1169	42	4	16	0	1231
25122	1139	17	5	14	0	1175
25123	53	16	1	1084	0	1154
25124	32	7	1078	31	0	1148
25125	1073	1	33	22	0	1129
25126	40	5	1087	19	0	1151
25127	23	5	1133	3	0	1164
25128	27	2	42	1050	0	1121
25129	14	3	25	1096	0	1138
25130	9	3	1086	43	0	1141
25131	6	1040	34	28	0	1108
25132	7	1129	16	22	0	1174
25133	1094	37	17	7	0	1155
25134	1111	26	4	5	0	1146
25135	38	14	1061	4	0	1117
25136	1058	8	25	4	0	1095
25137	1133	2	11	3	0	1149
25138	50	0	13	1087	0	1150
25139	34	2	4	1105	0	1145
25140	25	5	2	1131	0	1163
25141	1124	2	2	48	0	1176
25142	1137	3	2	31	0	1173
25143	1162	0	1	20	0	1183
25144	61	3	2	1115	0	1181
25145	38	0	1075	27	0	1140
25146	1067	2	27	15	0	1111
25147	1061	2	13	22	0	1098
25148	49	0	16	1015	0	1080
25149	34	1037	8	28	0	1107
25150	25	32	3	1038	0	1098
25151	14	1065	3	47	0	1129
25152	13	39	8	1032	0	1092
25153	15	1092	1	39	0	1147
25154	1059	45	3	21	0	1128
25155	37	29	4	1046	0	1116
25156	22	1065	7	35	0	1129
25157	21	39	1046	17	0	1123
25158	1047	16	30	17	0	1110
25159	32	13	14	1054	0	1113
25160	18	1046	14	35	0	1113
25161	24	30	10	1031	0	1095
25162	18	1001	8	36	0	1063
25163	8	1083	3	30	0	1124
25164	1042	50	5	25	0	1122
25165	1077	26	6	22	0	1131
25166	41	24	1058	7	0	1130
25167	1068	18	30	4	0	1120
25168	1093	8	12	16	0	1129
25169	48	1038	15	13	0	1114
25170	28	30	21	1045	0	1124
25171	34	17	9	1062	0	1122
25172	22	20	1043	44	0	1129
25173	18	18	1035	28	0	1099
25174	1036	8	37	34	0	1115
25175	1066	9	30	19	0	1124
25176	1079	7	25	9	0	1120
25177	67	5	1036	5	0	1113
25178	43	3	31	1011	0	1088
25179	1045	4	19	41	0	1109
25180	50	2	17	1044	0	1113
25181	26	6	1030	41	0	1103
25182	1011	11	26	23	0	1071
25183	48	9	1070	23	0	1150
25184	21	1042	38	24	0	1125
25185	1052	34	29	12	0	1127
25186	49	15	1069	7	0	1140
25187	29	10	36	1042	0	1117
25188	1070	11	13	37	0	1131
25189	55	8	15	1062	0	1140
25190	1112	2	13	52	0	1179
25191	49	6	8	1099	0	1162
25192	1146	4	6	55	0	1211
25193	1154	6	4	30	0	1194
25194	1148	3	8	26	0	1185
25195	1138	3	7	18	0	1166
25196	65	13	7	1084	0	1169
25197	40	8	1057	31	0	1136
25198	33	7	1078	20	0	1138
25199	15	1027	43	21	0	1106
25200	11	931	22	16	0	980
25201	715	23	32	11	0	781
25202	12	3	6	704	0	725
25203	7	9	706	9	0	731
25204	9	6	689	6	0	710
25205	14	1	5	706	0	726
25206	701	2	2	14	0	719
25207	13	707	6	1	0	727
25208	751	6	5	4	0	766
25209	9	3	0	781	0	793
25210	7	5	5	775	0	792
25211	4	5	7	787	0	803
25212	7	5	784	9	0	805
25213	0	7	750	10	0	767
25214	5	792	9	6	0	812
25215	6	5	2	808	0	821
25216	793	4	9	8	0	814
25217	6	3	777	1	0	787
25218	3	5	816	5	0	829
25219	7	0	8	826	0	841
25220	9	5	2	820	0	836
25221	5	3	6	831	0	845
25222	4	1	4	867	0	876
25223	889	1	1	23	0	914
25224	7	1	0	910	0	918
25225	898	0	6	17	0	921
25226	8	1	912	7	0	928
25227	8	901	11	1	0	921
25228	6	10	2	906	0	924
25229	11	5	891	12	0	919
25230	4	0	906	3	0	913
25231	0	932	19	2	0	953
25232	3	9	4	901	0	917
25233	1	3	4	915	0	923
25234	0	1	899	20	0	920
25235	872	4	9	14	0	899
25236	16	0	4	910	0	930
25237	7	1	1	882	0	891
25238	7	2	905	12	0	926
25239	8	905	13	3	0	929
25240	0	1020	7	1	0	1028
25241	1033	18	0	10	0	1061
25242	19	3	5	1025	0	1052
25243	1099	5	8	18	0	1130
25244	20	11	1114	4	0	1149
25245	15	4	18	1103	0	1140
25246	1098	1	6	26	0	1131
25247	1120	0	8	13	0	1141
25248	34	0	8	1098	0	1140
25249	14	0	1083	19	0	1116
25250	4	0	1095	11	0	1110
25251	8	0	24	1066	0	1098
25252	6	1	1086	16	0	1109
25253	1030	2	16	11	0	1059
25254	16	1064	6	6	0	1092
25255	1077	15	5	4	0	1101
25256	1087	5	6	5	0	1103
25257	20	4	7	1092	0	1123
25258	12	4	4	1098	0	1118
25259	1090	4	2	23	0	1119
25260	22	4	1	1093	0	1120
25261	12	0	1081	21	0	1114
25262	9	1102	15	11	0	1137
25263	2	14	7	1089	0	1112
25264	3	5	5	1095	0	1108
25265	10	2	3	1095	0	1110
25266	4	2	1066	28	0	1100
25267	2	1056	19	13	0	1090
25268	6	17	10	1075	0	1108
25269	7	7	1073	18	0	1105
25270	7	3	18	1063	0	1091
25271	1051	5	9	23	0	1088
25272	19	3	7	1060	0	1089
25273	13	6	1045	21	0	1085
25274	1037	1	19	18	0	1075
25275	20	1087	13	10	0	1130
25276	10	1117	6	14	0	1147
25277	1143	17	1	15	0	1176
25278	17	7	1204	10	0	1238
25279	15	4	19	1182	0	1220
25280	12	4	12	1202	0	1230
25281	3	7	1239	27	0	1276
25282	4	1228	19	17	0	1268
25283	13	17	13	1122	0	1165
25284	5	9	1209	21	0	1244
25285	9	5	20	1215	0	1249
25286	1211	3	12	30	0	1256
25287	25	2	1294	14	0	1335
25288	15	6	18	1296	0	1335
25289	14	3	8	1309	0	1334
25290	10	7	1257	30	0	1304
25291	10	1	20	1204	0	1235
25292	8	1111	18	32	0	1169
25293	9	16	12	1134	0	1171
25294	4	1213	7	27	0	1251
25295	1224	22	9	20	0	1275
25296	1198	10	10	17	0	1235
25297	30	8	1216	13	0	1267
25298	16	6	1187	14	0	1223
25299	11	3	1191	13	0	1218
25300	6	1182	35	13	0	1236
25301	11	20	14	1207	0	1252
25302	9	6	1224	30	0	1269
25303	8	8	26	1178	0	1220
25304	10	3	20	1205	0	1238
25305	9	7	1210	29	0	1255
25306	4	9	18	1212	0	1243
25307	6	3	13	1191	0	1213
25308	7	1188	12	35	0	1242
25309	4	22	7	1203	0	1236
25310	5	11	8	1227	0	1251
25311	5	10	1188	29	0	1232
25312	6	4	24	1181	0	1215
25313	7	9	1200	30	0	1246
25314	7	6	1163	19	0	1195
25315	1146	1	31	17	0	1195
25316	19	3	18	1137	0	1177
25317	10	1177	14	22	0	1223
25318	8	1146	9	17	0	1180
25319	9	28	13	1174	0	1224
25320	7	12	1176	27	0	1222
25321	9	1174	26	21	0	1230
25322	13	27	14	1127	0	1181
25323	4	12	1155	26	0	1197
25324	3	1200	24	9	0	1236
25325	1235	16	8	18	0	1277
25326	1241	11	8	12	0	1272
25327	1267	9	4	16	0	1296
25328	33	3	7	1347	0	1390
25329	16	2	10	1359	0	1387
25330	6	7	10	1370	0	1393
25331	6	2	1373	33	0	1414
25332	1349	5	22	20	0	1396
25333	21	4	17	1379	0	1421
25334	11	9	1361	28	0	1409
25335	1346	5	15	24	0	1390
25336	1401	3	16	15	0	1435
25337	28	15	1158	16	0	1217
25338	1341	3	16	16	0	1376
25339	22	1407	17	6	0	1452
25340	9	12	1346	7	0	1374
25341	1256	6	15	9	0	1286
25342	12	1308	11	9	0	1340
25343	6	7	6	1231	0	1250
25344	4	1223	2	11	0	1240
25345	6	10	3	1235	0	1254
25346	0	5	1248	13	0	1266
25347	1143	3	10	14	0	1170
25348	9	2	1280	7	0	1298
25349	4	1246	16	1	0	1267
25350	4	1275	6	6	0	1291
25351	1264	12	4	10	0	1290
25352	9	6	1265	2	0	1282
25353	11	3	7	1216	0	1237
25354	4	1	1252	7	0	1264
25355	0	1262	11	6	0	1279
25356	7	8	7	1171	0	1193
25357	3	1237	7	6	0	1253
25358	1257	10	2	11	0	1280
25359	1268	4	2	11	0	1285
25360	1265	2	3	9	0	1279
25361	14	1	1254	3	0	1272
25362	6	1	1211	4	0	1222
25363	1206	1	13	8	0	1228
25364	10	1	1290	3	0	1304
25365	6	1	12	1200	0	1219
25366	4	1271	4	10	0	1289
25367	1294	12	3	13	0	1322
25368	1284	3	3	8	0	1298
25369	1298	3	2	7	0	1310
25370	17	0	3	1325	0	1345
25371	6	0	3	1343	0	1352
25372	1342	2	3	18	0	1365
25373	10	1335	5	8	0	1358
25374	1338	10	1	7	0	1356
25375	14	5	1	1305	0	1325
25376	7	2	1	1312	0	1322
25377	1259	1	3	19	0	1282
25378	10	1224	2	8	0	1244
25379	1230	14	2	7	0	1253
25380	15	1259	4	1	0	1279
25381	1210	9	2	6	0	1227
25382	16	5	0	1278	0	1299
25383	1306	5	3	13	0	1327
25384	1333	4	0	6	0	1343
25385	1479	1	0	12	0	1492
25386	22	1507	2	3	0	1534
25387	12	19	1429	0	0	1460
25388	1414	6	20	10	0	1450
25389	1454	5	8	6	0	1473
25390	29	1456	8	3	0	1496
25391	18	20	6	1461	0	1505
25392	14	7	1	1489	0	1511
25393	1471	5	3	30	0	1509
25394	31	1	0	1502	0	1534
25395	11	5	1493	30	0	1539
25396	8	3	1478	10	0	1499
25397	1512	0	30	11	0	1553
25398	29	3	11	1535	0	1578
25399	16	0	7	1574	0	1597
25400	10	5	3	1591	0	1609
25401	7	1	1568	36	0	1612
25402	10	1	26	1568	0	1605
25403	13	1	5	1611	0	1630
25404	8	2	8	1636	0	1654
25405	1589	2	7	47	0	1645
25406	34	4	5	1611	0	1654
25407	15	5	1616	32	0	1668
25408	1636	2	24	19	0	1681
25409	30	5	1695	15	0	1745
25410	1722	3	29	14	0	1768
25411	1744	2	13	7	0	1766
25412	40	2	6	1766	0	1814
25413	18	1799	7	27	0	1851
25414	19	26	3	1812	0	1860
25415	13	18	5	1810	0	1846
25416	9	1814	7	36	0	1866
25417	1813	24	6	19	0	1862
25418	29	1835	6	13	0	1883
25419	1813	31	6	14	0	1864
25420	1862	8	1	15	0	1886
25421	42	8	2	1832	0	1884
25422	26	5	1	1843	0	1875
25423	12	8	1781	36	0	1837
25424	6	3	1696	19	0	1724
25425	1662	1	30	17	0	1710
25426	1711	3	13	13	0	1740
25427	35	1619	11	10	0	1675
25428	20	22	4	1564	0	1610
25429	16	7	1662	26	0	1711
25430	18	26	29	1635	0	1708
25431	1616	2	7	44	0	1669
25432	1591	3	10	30	0	1634
25433	29	1584	8	16	0	1637
25434	20	24	6	1610	0	1660
25435	19	8	5	1618	0	1650
25436	23	8	4	1616	0	1651
25437	14	6	1573	37	0	1630
25438	1452	5	26	24	0	1507
25439	1520	2	12	17	0	1551
25440	36	2	1546	16	0	1600
25441	22	1529	26	13	0	1590
25442	1524	24	9	15	0	1572
25443	1530	12	9	21	0	1572
25444	35	9	1487	18	0	1549
25445	22	6	1533	13	0	1574
25446	18	12	35	1517	0	1582
25447	15	12	1536	25	0	1588
25448	1490	9	26	14	0	1539
25449	1506	7	13	17	0	1543
25450	1552	4	13	14	0	1583
25451	46	4	6	1509	0	1565
25452	22	1603	9	37	0	1671
25453	1660	26	8	20	0	1714
25454	1663	7	13	19	0	1702
25455	44	7	1625	6	0	1682
25456	22	8	1576	14	0	1620
25457	1530	8	37	12	0	1587
25458	40	7	13	1621	0	1681
25459	26	5	1617	34	0	1682
25460	22	1623	34	11	0	1690
25461	14	27	12	1636	0	1689
25462	1629	11	11	41	0	1692
25463	33	1656	13	16	0	1718
25464	20	28	8	1635	0	1691
25465	14	1607	14	31	0	1666
25466	14	1653	11	17	0	1695
25467	21	25	8	1671	0	1725
25468	19	10	8	1667	0	1704
25469	15	1691	10	34	0	1750
25470	1679	31	7	20	0	1737
25471	32	16	1677	15	0	1740
25472	1667	12	29	11	0	1719
25473	46	7	12	1702	0	1767
25474	20	8	11	1706	0	1745
25475	15	12	10	1705	0	1742
25476	13	7	14	1703	0	1737
25477	10	5	1708	47	0	1770
25478	23	2	27	1688	0	1740
25479	17	6	10	1712	0	1745
25480	14	1749	9	35	0	1807
25481	8	26	1804	20	0	1858
25482	16	1890	30	15	0	1951
25483	13	33	1928	15	0	1989
25484	10	1976	38	13	0	2037
25485	12	40	12	1794	0	1858
25486	1802	9	10	29	0	1850
25487	29	1807	11	8	0	1855
25488	20	25	8	1811	0	1864
25489	8	13	1818	31	0	1870
25490	8	1853	29	16	0	1906
25491	1844	29	11	23	0	1907
25492	1855	12	11	20	0	1898
25493	38	1855	7	7	0	1907
25494	17	30	1820	11	0	1878
25495	1771	16	27	14	0	1828
25496	34	14	10	1854	0	1912
25497	1811	7	10	34	0	1862
25498	34	1805	3	17	0	1859
25499	10	1833	9	15	0	1867
25500	15	43	1797	4	0	1859
25501	1764	20	25	19	0	1828
25502	44	13	12	1822	0	1891
25503	1835	6	12	35	0	1888
25504	26	1862	9	20	0	1917
25505	1855	24	17	26	0	1922
25506	1844	14	6	21	0	1885
25507	36	15	1878	13	0	1942
25508	22	1772	25	6	0	1825
25509	14	1815	10	7	0	1846
25510	15	38	12	1676	0	1741
25511	10	1674	7	20	0	1711
25512	1688	30	7	13	0	1738
25513	24	1681	4	24	0	1733
25514	18	32	4	1666	0	1720
25515	16	1638	6	18	0	1678
25516	8	1620	4	13	0	1645
25517	8	1694	6	15	0	1723
25518	11	34	24	1680	0	1749
25519	11	25	3	1685	0	1724
25520	16	13	3	1660	0	1692
25521	10	1632	2	41	0	1685
25522	10	29	1621	20	0	1680
25523	10	21	1600	9	0	1640
25524	1578	17	35	14	0	1644
25525	28	10	22	1647	0	1707
25526	18	12	1677	21	0	1728
25527	17	13	1677	14	0	1721
25528	10	1758	30	13	0	1811
25529	14	26	18	1647	0	1705
25530	8	20	12	1698	0	1738
25531	1684	20	6	38	0	1748
25532	31	15	3	1698	0	1747
25533	17	14	6	1710	0	1747
25534	18	16	1735	37	0	1806
25535	13	8	20	1739	0	1780
25536	10	13	15	1810	0	1848
25537	7	12	1808	41	0	1868
25538	14	8	1793	28	0	1843
25539	11	1793	38	19	0	1861
25540	9	34	1807	7	0	1857
25541	12	20	40	1771	0	1843
25542	24	20	21	1472	0	1537
25543	8	10	1820	42	0	1880
25544	7	1807	29	29	0	1872
25545	1745	32	17	26	0	1820
25546	23	1837	12	9	0	1881
25547	17	36	9	1834	0	1896
25548	24	22	6	1847	0	1899
25549	9	1836	8	53	0	1906
25550	11	31	9	1843	0	1894
25551	3	23	15	1866	0	1907
25552	9	20	1733	42	0	1804
25553	9	1711	28	33	0	1781
25554	11	32	21	1724	0	1788
25555	10	26	1772	32	0	1840
25556	10	23	33	1744	0	1810
25557	9	16	19	1761	0	1805
25558	5	12	20	1798	0	1835
25559	14	11	12	1802	0	1839
25560	22	14	8	1738	0	1782
25561	12	1745	7	53	0	1817
25562	1708	32	12	37	0	1789
25563	26	22	1702	16	0	1766
25564	1536	21	35	21	0	1613
25565	33	14	1820	25	0	1892
25566	21	1885	39	20	0	1965
25567	15	38	1855	14	0	1922
25568	11	1922	40	15	0	1988
25569	9	46	29	1816	0	1900
25570	11	23	19	1848	0	1901
25571	12	1879	11	48	0	1950
25572	10	1959	8	29	0	2006
25573	1942	42	9	34	0	2027
25574	2001	22	9	29	0	2061
25575	2005	19	9	26	0	2059
25576	2017	13	11	22	0	2063
25577	48	16	5	1997	0	2066
25578	28	1984	9	32	0	2053
25579	1997	37	6	30	0	2070
25580	37	22	10	1961	0	2030
25581	1882	16	10	31	0	1939
25582	1807	11	8	28	0	1854
25583	28	1716	7	19	0	1770
25584	16	1633	8	10	0	1667
25585	9	1737	4	5	0	1755
25586	8	32	5	1653	0	1698
25587	0	1744	2	18	0	1764
25588	1745	10	0	8	0	1763
25589	1770	7	2	14	0	1793
25590	1776	2	1	5	0	1784
25591	1818	2	2	6	0	1828
25592	1808	2	4	10	0	1824
25593	23	4	1853	3	0	1883
25594	1856	0	16	12	0	1884
25595	23	3	1901	2	0	1929
25596	1887	0	20	8	0	1915
25597	23	5	7	1909	0	1944
25598	12	6	1881	17	0	1916
25599	2	8	1955	8	0	1973
25600	2	2144	22	4	0	2172
25601	2163	24	14	8	0	2209
25602	2226	6	5	5	0	2242
25603	32	2393	3	4	0	2432
25604	19	30	2	2752	0	2803
25605	2937	11	0	48	0	2996
25606	54	2	2978	22	0	3056
25607	20	2963	50	6	0	3039
25608	2899	50	24	20	0	2993
25609	59	2969	4	7	0	3039
25610	39	53	12	2845	0	2949
25611	12	2981	6	39	0	3038
25612	24	59	7	2885	0	2975
25613	11	2894	4	55	0	2964
25614	7	3028	4	30	0	3069
25615	2936	80	5	16	0	3037
25616	3009	29	2	27	0	3067
25617	67	22	2966	10	0	3065
25618	33	22	2904	7	0	2966
25619	18	16	2977	6	0	3017
25620	31	7	69	2939	0	3046
25621	21	10	3053	49	0	3133
25622	22	9	70	2989	0	3090
25623	25	7	40	2996	0	3068
25624	6	3046	18	81	0	3151
25625	3040	52	21	40	0	3153
25626	50	3077	11	25	0	3163
25627	36	64	9	3164	0	3273
25628	21	39	8	3181	0	3249
25629	27	15	6	3218	0	3266
25630	13	27	3205	82	0	3327
25631	23	21	55	3167	0	3266
25632	22	16	26	3232	0	3296
25633	20	14	10	3285	0	3329
25634	14	12	3184	88	0	3298
25635	12	3159	59	57	0	3287
25636	3116	64	26	45	0	3251
25637	3048	25	13	51	0	3137
25638	70	3146	22	30	0	3268
25639	35	71	14	3149	0	3269
25640	25	34	18	3245	0	3322
25641	28	18	3167	86	0	3299
25642	23	3190	61	35	0	3309
25643	15	65	30	3207	0	3317
25644	8	36	3268	87	0	3399
25645	17	32	68	3218	0	3335
25646	15	22	35	3221	0	3293
25647	11	25	3240	99	0	3375
25648	13	18	69	3175	0	3275
25649	29	13	33	3156	0	3231
25650	19	14	3261	103	0	3397
25651	17	20	73	3244	0	3354
25652	23	13	39	3203	0	3278
25653	16	12	21	3349	0	3398
25654	12	12	3273	106	0	3403
25655	18	19	65	3232	0	3334
25656	3196	10	37	109	0	3352
25657	3208	17	21	68	0	3314
25658	76	3239	24	44	0	3383
25659	3257	63	23	49	0	3392
25660	77	30	3387	38	0	3532
25661	55	19	63	3444	0	3581
25662	31	23	31	3468	0	3553
25663	29	14	29	3536	0	3608
25664	3348	26	26	112	0	3512
25665	58	3338	26	74	0	3496
25666	37	55	16	3244	0	3352
25667	14	3304	25	94	0	3437
25668	3243	67	15	65	0	3390
25669	68	3269	15	39	0	3391
25670	3221	70	16	54	0	3361
25671	56	3219	11	46	0	3332
25672	38	3255	21	37	0	3351
25673	19	84	18	3243	0	3364
25674	31	34	14	3260	0	3339
25675	30	28	17	3237	0	3312
25676	24	34	19	3236	0	3313
25677	20	30	3150	104	0	3304
25678	17	3174	64	65	0	3320
25679	14	62	29	3088	0	3193
25680	12	3180	19	96	0	3307
25681	23	64	3160	59	0	3306
25682	27	34	63	3118	0	3242
25683	14	28	32	3239	0	3313
25684	11	36	3181	95	0	3323
25685	17	3083	70	52	0	3222
25686	24	56	34	3097	0	3211
25687	13	32	3078	97	0	3220
25688	12	3043	72	57	0	3184
25689	22	66	34	3032	0	3154
25690	17	34	3027	92	0	3170
25691	12	26	2963	49	0	3050
25692	9	2927	73	51	0	3060
25693	12	3131	29	48	0	3220
25694	16	75	40	3221	0	3352
25695	26	41	20	3441	0	3528
25696	9	32	3419	108	0	3568
25697	3231	26	75	75	0	3407
25698	3307	27	36	67	0	3437
25699	92	21	3288	56	0	3457
25700	42	3068	87	37	0	3234
25701	27	3079	43	36	0	3185
25702	27	3032	25	35	0	3119
25703	37	2492	34	32	0	2595
25704	54	101	26	2395	0	2576
25705	29	26	3	2770	0	2828
25706	9	13	1	2825	0	2848
25707	8	6	2	2867	0	2883
25708	1	2852	5	104	0	2962
25709	10	79	0	2848	0	2937
25710	1	2875	2	92	0	2970
25711	8	83	2	2911	0	3004
25712	2838	30	3	105	0	2976
25713	76	19	1	2879	0	2975
25714	28	2844	5	94	0	2971
25715	23	71	1	2916	0	3011
25716	17	30	2	2990	0	3039
25717	19	15	5	3003	0	3042
25718	2857	13	4	152	0	3026
25719	83	17	2	2916	0	3018
25720	34	17	2856	118	0	3025
25721	18	2900	78	70	0	3066
25722	17	94	27	2988	0	3126
25723	23	39	15	3069	0	3146
25724	20	21	9	3095	0	3145
25725	2920	23	5	163	0	3111
25726	94	23	2864	84	0	3065
25727	43	23	81	2744	0	2891
25728	19	2810	27	120	0	2976
25729	22	97	15	2857	0	2991
25730	2678	43	7	149	0	2877
25731	87	2760	11	64	0	2922
25732	42	98	7	2759	0	2906
25733	23	38	7	2824	0	2892
25734	12	2748	8	151	0	2919
25735	23	98	8	2794	0	2923
25736	29	41	4	2843	0	2917
25737	11	28	2738	145	0	2922
25738	13	2725	90	86	0	2914
25739	2723	102	33	64	0	2922
25740	92	41	2711	56	0	2900
25741	2671	28	92	56	0	2847
25742	106	25	2678	53	0	2862
25743	53	27	99	2706	0	2885
25744	2642	18	35	155	0	2850
25745	110	23	24	2709	0	2866
25746	2687	21	15	158	0	2881
25747	2736	27	17	93	0	2873
25748	2710	29	18	79	0	2836
25749	134	2645	20	58	0	2857
25750	72	97	17	2615	0	2801
25751	49	51	19	2698	0	2817
25752	44	38	14	2720	0	2816
25753	32	27	2600	168	0	2827
25754	38	21	99	2654	0	2812
25755	2606	23	43	152	0	2824
25756	2683	16	20	105	0	2824
25757	144	16	2589	69	0	2818
25758	2612	23	98	63	0	2796
25759	2700	26	45	53	0	2824
25760	157	22	24	2488	0	2691
25761	2453	16	22	147	0	2638
25762	2502	21	18	84	0	2625
25763	163	19	22	2453	0	2657
25764	2462	15	27	145	0	2649
25765	2500	20	23	94	0	2637
25766	158	20	28	2429	0	2635
25767	80	25	2052	141	0	2298
25768	2335	24	84	77	0	2520
25769	138	23	2361	56	0	2578
25770	86	21	2384	52	0	2543
25771	64	2313	138	54	0	2569
25772	63	97	49	2314	0	2523
25773	62	47	26	2404	0	2539
25774	54	20	20	2421	0	2515
25775	55	20	2305	169	0	2549
25776	49	23	2346	89	0	2507
25777	58	2300	122	67	0	2547
25778	53	95	61	2284	0	2493
25779	62	36	40	2385	0	2523
25780	47	25	38	2397	0	2507
25781	47	20	2248	165	0	2480
25782	48	2220	114	90	0	2472
25783	50	91	50	2251	0	2442
25784	45	41	2273	132	0	2491
25785	54	18	2293	88	0	2453
25786	2228	19	133	63	0	2443
25787	2275	26	69	54	0	2424
25788	2344	22	41	58	0	2465
25789	151	13	31	2213	0	2408
25790	70	16	2238	132	0	2456
25791	47	2174	114	80	0	2415
25792	42	2289	58	70	0	2459
25793	42	104	1982	51	0	2179
25794	51	95	109	1722	0	1977
25795	37	39	54	1612	0	1742
25796	33	1533	43	89	0	1698
25797	39	1635	31	54	0	1759
25798	1575	83	31	34	0	1723
25799	1649	21	24	38	0	1732
25800	1667	13	24	36	0	1740
25801	1652	16	23	34	0	1725
25802	1601	22	18	31	0	1672
25803	112	1490	16	36	0	1654
25804	35	1201	16	26	0	1278
25805	13	933	14	11	0	971
25806	844	31	36	12	0	923
25807	52	24	12	770	0	858
25808	15	2	5	750	0	772
25809	733	1	7	22	0	763
25810	20	735	4	11	0	770
25811	12	18	5	742	0	777
25812	7	6	4	756	0	773
25813	7	7	3	768	0	785
25814	738	2	6	24	0	770
25815	23	4	4	757	0	788
25816	3	5	731	24	0	763
25817	706	5	16	6	0	733
25818	21	8	2	714	0	745
25819	10	3	741	16	0	770
25820	11	727	15	5	0	758
25821	4	659	0	6	0	669
25822	609	18	7	6	0	640
25823	601	4	1	4	0	610
25824	7	635	0	1	0	643
25825	1	11	0	678	0	690
25826	707	0	1	19	0	727
25827	16	1	0	777	0	794
25828	2	0	0	821	0	823
25829	2	1	0	838	0	841
25830	2	1	1	826	0	830
25831	1	814	0	21	0	836
25832	3	15	0	828	0	846
25833	4	1	0	826	0	831
25834	2	4	0	836	0	842
25835	0	3	820	19	0	842
25836	4	812	16	4	0	836
25837	2	15	1	814	0	832
25838	0	4	800	18	0	822
25839	0	4	752	3	0	759
25840	1	786	17	2	0	806
25841	785	17	2	6	0	810
25842	17	1	3	792	0	813
25843	786	3	3	21	0	813
25844	18	790	3	3	0	814
25845	6	18	2	799	0	825
25846	776	1	2	22	0	801
25847	782	3	0	10	0	795
25848	16	2	0	786	0	804
25849	4	1	0	786	0	791
25850	5	4	780	18	0	807
25851	5	2	16	762	0	785
25852	2	0	3	799	0	804
25853	771	0	4	24	0	799
25854	16	776	3	5	0	800
25855	3	20	759	6	0	788
25856	742	1	16	12	0	771
25857	18	792	4	4	0	818
25858	3	16	2	790	0	811
25859	754	4	1	23	0	782
25860	21	2	0	761	0	784
25861	5	2	0	776	0	783
25862	2	2	759	20	0	783
25863	2	2	16	760	0	780
25864	765	2	2	23	0	792
25865	16	0	2	773	0	791
25866	761	0	3	21	0	785
25867	17	751	3	7	0	778
25868	3	773	2	7	0	785
25869	8	15	2	766	0	791
25870	3	3	0	785	0	791
25871	737	7	2	22	0	768
25872	15	741	2	11	0	769
25873	730	18	1	10	0	759
25874	754	2	1	4	0	761
25875	19	5	0	745	0	769
25876	745	3	1	22	0	771
25877	18	5	719	7	0	749
25878	8	1	17	727	0	753
25879	8	5	731	23	0	767
25880	10	1	19	726	0	756
25881	740	4	3	25	0	772
25882	776	3	5	8	0	792
25883	21	755	3	6	0	785
25884	4	18	2	753	0	777
25885	8	4	1	757	0	770
25886	8	757	2	21	0	788
25887	5	23	0	768	0	796
25888	4	3	2	785	0	794
25889	5	753	4	25	0	787
25890	736	20	2	11	0	769
25891	735	3	2	11	0	751
25892	22	5	2	739	0	768
25893	8	3	2	746	0	759
25894	5	5	724	24	0	758
25895	7	4	17	716	0	744
25896	4	736	1	23	0	764
25897	749	16	2	10	0	777
25898	19	3	5	745	0	772
25899	8	4	3	736	0	751
25900	710	8	0	23	0	741
25901	20	722	2	7	0	751
25902	6	13	2	737	0	758
25903	5	4	1	741	0	751
25904	7	715	4	22	0	748
25905	706	19	10	9	0	744
25906	18	5	704	11	0	738
25907	8	3	707	7	0	725
25908	8	5	17	699	0	729
25909	10	1	707	21	0	739
25910	701	6	19	6	0	732
25911	21	4	5	712	0	742
25912	3	0	715	26	0	744
25913	5	3	708	10	0	726
25914	7	721	17	5	0	750
25915	701	16	2	8	0	727
25916	19	708	5	5	0	737
25917	724	16	3	8	0	751
25918	730	4	1	8	0	743
25919	20	685	2	5	0	712
25920	688	14	2	7	0	711
25921	684	5	1	7	0	697
25922	17	2	672	3	0	694
25923	7	15	12	625	0	659
25924	7	620	2	9	0	638
25925	4	601	2	5	0	612
25926	12	32	11	530	0	585
25927	479	3	11	13	0	506
25928	5	1	1	481	0	488
25929	4	2	0	486	0	492
25930	2	1	0	514	0	517
25931	0	545	1	9	0	555
25932	7	8	1	580	0	596
25933	2	2	641	11	0	656
25934	605	0	11	10	0	626
25935	637	0	3	8	0	648
25936	13	650	2	3	0	668
25937	664	10	1	1	0	676
25938	13	3	0	665	0	681
25939	6	0	666	9	0	681
25940	644	2	9	7	0	662
25941	13	673	5	1	0	692
25942	4	11	0	677	0	692
25943	694	6	2	12	0	714
25944	11	684	1	8	0	704
25945	5	707	3	0	0	715
25946	706	14	0	3	0	723
25947	14	9	689	1	0	713
25948	695	7	9	4	0	715
25949	15	2	4	693	0	714
25950	12	1	1	697	0	711
25951	0	2	714	16	0	732
25952	5	1	705	7	0	718
25953	7	2	17	709	0	735
25954	2	0	707	13	0	722
25955	4	3	705	6	0	718
25956	4	3	13	687	0	707
25957	1	2	6	690	0	699
25958	688	0	7	18	0	713
25959	16	0	4	689	0	709
25960	692	2	1	14	0	709
25961	11	675	4	11	0	701
25962	11	10	1	685	0	707
25963	1	8	701	11	0	721
25964	685	1	9	7	0	702
25965	726	2	6	5	0	739
25966	723	3	3	4	0	733
25967	712	1	4	3	0	720
25968	720	0	1	7	0	728
25969	21	3	2	692	0	718
25970	12	3	690	11	0	716
25971	7	1	683	8	0	699
25972	6	0	706	3	0	715
25973	676	2	16	3	0	697
25974	703	1	13	4	0	721
25975	19	1	4	667	0	691
25976	10	700	5	12	0	727
25977	11	10	6	711	0	738
25978	5	6	708	15	0	734
25979	5	1	699	8	0	713
25980	670	3	15	2	0	690
25981	10	1	739	8	0	758
25982	5	1	15	724	0	745
25983	770	1	6	15	0	792
25984	735	2	6	15	0	758
25985	803	1	3	2	0	809
25986	794	3	2	4	0	803
25987	17	0	773	5	0	795
25988	754	1	13	1	0	769
25989	14	794	4	5	0	817
25990	13	11	6	810	0	840
25991	6	5	824	12	0	847
25992	8	1	11	816	0	836
25993	7	3	849	11	0	870
25994	4	1	10	838	0	853
25995	6	2	8	853	0	869
25996	3	4	830	18	0	855
25997	6	1	16	823	0	846
25998	823	2	6	17	0	848
25999	13	1	6	831	0	851
26000	11	0	7	836	0	854
26001	819	4	1	22	0	846
26002	14	834	2	14	0	864
26003	851	7	4	7	0	869
26004	14	855	3	7	0	879
26005	875	11	4	3	0	893
26006	13	8	856	7	0	884
26007	11	2	12	861	0	886
26008	9	5	9	863	0	886
26009	874	2	2	20	0	898
26010	18	834	3	8	0	863
26011	15	13	2	845	0	875
26012	5	5	4	857	0	871
26013	9	848	1	16	0	874
26014	820	15	2	9	0	846
26015	13	834	6	8	0	861
26016	10	14	3	840	0	867
26017	7	6	2	809	0	824
26018	7	809	5	16	0	837
26019	801	14	2	13	0	830
26020	13	6	810	11	0	840
26021	790	4	15	6	0	815
26022	13	809	5	9	0	836
26023	13	10	4	807	0	834
26024	809	6	4	16	0	835
26025	17	5	1	805	0	828
26026	11	2	4	800	0	817
26027	803	5	2	21	0	831
26028	21	779	0	7	0	807
26029	6	798	2	9	0	815
26030	771	8	1	9	0	789
26031	15	5	792	2	0	814
26032	6	735	6	5	0	752
26033	5	5	9	681	0	700
26034	4	1	870	5	0	880
26035	2	2	16	845	0	865
26036	860	2	11	18	0	891
26037	17	881	4	12	0	914
26038	13	17	4	848	0	882
26039	5	885	1	14	0	905
26040	889	19	2	11	0	921
26041	890	13	1	6	0	910
26042	26	896	1	3	0	926
26043	10	14	1	873	0	898
26044	5	913	5	18	0	941
26045	929	18	1	7	0	955
26046	940	12	1	6	0	959
26047	28	2	0	930	0	960
26048	14	3	1	951	0	969
26049	7	2	926	27	0	962
26050	884	1	18	11	0	914
26051	20	2	909	6	0	937
26052	16	0	17	890	0	923
26053	900	1	11	23	0	935
26054	21	900	3	9	0	933
26055	875	17	3	5	0	900
26056	19	12	849	6	0	886
26057	854	2	19	3	0	878
26058	24	925	7	2	0	958
26059	937	20	4	3	0	964
26060	20	959	6	5	0	990
26061	14	19	2	950	0	985
26062	5	20	939	19	0	983
26063	8	4	910	10	0	932
26064	9	5	27	920	0	961
26065	4	4	928	28	0	964
26066	6	2	21	922	0	951
26067	7	4	16	908	0	935
26068	7	1	946	34	0	988
26069	853	4	21	20	0	898
26070	944	2	11	15	0	972
26071	33	916	3	6	0	958
26072	939	21	4	5	0	969
26073	30	10	2	932	0	974
26074	13	4	966	20	0	1003
26075	13	4	16	956	0	989
26076	9	6	12	962	0	989
26077	949	4	4	38	0	995
26078	21	956	4	19	0	1000
26079	10	993	3	9	0	1015
26080	12	28	3	988	0	1031
26081	11	13	6	966	0	996
26082	9	947	1	33	0	990
26083	4	20	4	941	0	969
26084	5	15	2	933	0	955
26085	6	910	3	33	0	952
26086	928	21	8	17	0	974
26087	25	9	6	931	0	971
26088	13	928	8	25	0	974
26089	8	17	3	919	0	947
26090	902	12	4	24	0	942
26091	19	888	4	18	0	929
26092	889	18	5	13	0	925
26093	889	14	3	11	0	917
26094	40	6	1	878	0	925
26095	919	5	1	25	0	950
26096	922	7	5	17	0	951
26097	932	7	3	10	0	952
26098	929	4	5	15	0	953
26099	36	1	5	925	0	967
26100	23	4	3	947	0	977
26101	7	6	924	41	0	978
26102	15	1	14	922	0	952
26103	6	7	12	918	0	943
26104	11	5	908	36	0	960
26105	892	2	28	21	0	943
26106	27	3	12	952	0	994
26107	13	8	974	34	0	1029
26108	915	7	29	21	0	972
26109	37	4	1019	8	0	1068
26110	18	1025	30	11	0	1084
26111	12	1101	15	10	0	1138
26112	11	36	6	1135	0	1188
26113	9	14	1228	32	0	1283
26114	1212	12	30	21	0	1275
26115	1310	6	16	15	0	1347
26116	46	3	1274	12	0	1335
26117	1274	2	35	11	0	1322
26118	1293	7	13	13	0	1326
26119	46	1287	11	8	0	1352
26120	1303	32	3	18	0	1356
26121	46	14	7	1280	0	1347
26122	26	9	1286	38	0	1359
26123	23	7	32	1202	0	1264
26124	10	1292	15	45	0	1362
26125	7	1356	9	23	0	1395
26126	1342	42	11	8	0	1403
26127	1333	19	9	15	0	1376
26128	1358	14	6	11	0	1389
26129	51	13	9	1291	0	1364
26130	33	8	6	1277	0	1324
26131	17	1249	6	47	0	1319
26132	1259	36	9	27	0	1331
26133	53	1294	7	13	0	1367
26134	1094	19	13	9	0	1135
26135	36	1107	7	6	0	1156
26136	1099	22	12	8	0	1141
26137	1057	10	5	9	0	1081
26138	43	14	8	1034	0	1099
26139	22	1100	5	24	0	1151
26140	23	24	1049	11	0	1107
26141	1026	10	19	18	0	1073
26142	30	1019	9	13	0	1071
26143	10	21	1052	12	0	1095
26144	12	13	1068	5	0	1098
26145	16	19	22	1014	0	1071
26146	19	8	5	987	0	1019
26147	15	1068	3	23	0	1109
26148	1088	19	1	10	0	1118
26149	31	11	0	1046	0	1088
26150	16	1087	1	25	0	1129
26151	10	1176	1	11	0	1198
26152	15	23	1157	6	0	1201
26153	13	19	1160	5	0	1197
26154	1124	15	19	4	0	1162
26155	29	14	1168	3	0	1214
26156	19	8	18	1150	0	1195
26157	15	7	6	1211	0	1239
26158	13	10	1175	22	0	1220
26159	12	11	19	1156	0	1198
26160	15	10	12	1108	0	1145
26161	1145	6	7	25	0	1183
26162	1180	12	12	10	0	1214
26163	25	11	11	1162	0	1209
26164	10	1142	14	20	0	1186
26165	8	1196	9	14	0	1227
26166	1196	20	7	16	0	1239
26167	22	13	1169	13	0	1217
26168	15	9	18	1165	0	1207
26169	1219	12	10	25	0	1266
26170	1241	8	7	14	0	1270
26171	27	11	11	1234	0	1283
26172	10	9	1236	22	0	1277
26173	14	6	1170	10	0	1200
26174	1152	6	31	13	0	1202
26175	1212	5	18	16	0	1251
26176	24	1222	13	17	0	1276
26177	16	1265	13	16	0	1310
26178	1284	22	12	15	0	1333
26179	1294	8	8	23	0	1333
26180	33	9	8	1306	0	1356
26181	28	6	7	1332	0	1373
26182	26	5	5	1341	0	1377
26183	1327	9	8	34	0	1378
26184	35	13	6	1314	0	1368
26185	23	10	1344	23	0	1400
26186	1331	9	21	16	0	1377
26187	32	8	14	1345	0	1399
26188	17	14	1385	27	0	1443
26189	1334	8	24	19	0	1385
26190	1297	7	8	15	0	1327
26191	30	1482	12	17	0	1541
26192	19	1548	14	11	0	1592
26193	19	24	1447	11	0	1501
26194	1471	14	20	16	0	1521
26195	33	1560	8	13	0	1614
26196	23	31	1499	10	0	1563
26197	1504	17	21	15	0	1557
26198	37	1657	6	18	0	1718
26199	24	28	1628	12	0	1692
26200	1552	11	19	26	0	1608
26201	36	1638	8	16	0	1698
26202	21	25	6	1649	0	1701
26203	1642	13	7	29	0	1691
26204	25	1634	10	21	0	1690
26205	19	16	8	1636	0	1679
26206	1607	12	9	34	0	1662
26207	18	4	1583	14	0	1619
26208	15	1551	20	9	0	1595
26209	22	24	1538	6	0	1590
26210	12	18	13	1462	0	1505
26211	6	6	1468	15	0	1495
26212	6	1389	8	4	0	1407
26213	9	1314	18	5	0	1346
26214	12	12	1	1278	0	1303
26215	4	4	1	1233	0	1242
26216	2	0	2	1251	0	1255
26217	2	0	1325	6	0	1333
26218	4	0	7	1313	0	1324
26219	1309	1	5	9	0	1324
26220	1278	1	2	8	0	1289
26221	10	1	1337	5	0	1353
26222	3	1334	10	1	0	1348
26223	1335	8	2	4	0	1349
26224	7	1327	0	3	0	1337
26225	1320	7	1	6	0	1334
26226	1324	3	1	6	0	1334
26227	10	1	1318	2	0	1331
26228	5	1335	8	2	0	1350
26229	2	7	2	1362	0	1373
26230	5	3	1359	5	0	1372
26231	1288	1	5	5	0	1299
26232	7	1	4	1334	0	1346
26233	3	4	1331	4	0	1342
26234	1271	0	5	10	0	1286
26235	6	3	1379	0	0	1388
26236	9	0	5	1390	0	1404
26237	1433	1	3	15	0	1452
26238	8	1516	6	2	0	1532
26239	6	11	1521	0	0	1538
26240	1478	3	9	9	0	1499
26241	1632	0	6	10	0	1648
26242	18	1685	0	1	0	1704
26243	7	15	1	1688	0	1711
26244	4	3	3	1670	0	1680
26245	1653	1	0	22	0	1676
26246	19	1	5	1655	0	1680
26247	5	2	1671	18	0	1696
26248	7	1	15	1633	0	1656
26249	1651	2	5	26	0	1684
26250	19	1604	5	4	0	1632
26251	6	17	0	1549	0	1572
26252	3	1583	1	14	0	1601
26253	1627	19	0	12	0	1658
26254	21	4	0	1772	0	1797
26255	3	2	1	1797	0	1803
26256	6	1813	1	31	0	1851
26257	2	26	1770	11	0	1809
26258	8	9	24	1751	0	1792
26259	5	3	8	1813	0	1829
26260	7	2	4	1791	0	1804
26261	1	1787	5	36	0	1829
26262	6	26	1785	14	0	1831
26263	2	11	1803	9	0	1825
26264	1806	11	32	14	0	1863
26265	1862	5	13	13	0	1893
26266	39	5	1886	11	0	1941
26267	1848	5	35	16	0	1904
26268	40	6	1904	12	0	1962
26269	1812	4	40	13	0	1869
26270	39	1868	15	6	0	1928
26271	1910	29	12	19	0	1970
26272	44	12	1918	14	0	1988
26273	18	14	1950	6	0	1988
26274	14	6	46	2036	0	2102
26275	2092	4	26	53	0	2175
26276	56	2194	14	16	0	2280
26277	25	47	2478	8	0	2558
26278	29	16	63	2490	0	2598
26279	25	7	19	2596	0	2647
26280	2555	5	17	79	0	2656
26281	2608	9	8	24	0	2649
26282	81	13	7	2556	0	2657
26283	2589	6	5	74	0	2674
26284	72	11	2541	25	0	2649
26285	33	5	68	2498	0	2604
26286	18	3	22	2581	0	2624
26287	2518	6	11	92	0	2627
26288	2528	10	6	36	0	2580
26289	84	5	16	2498	0	2603
26290	2495	5	7	80	0	2587
26291	63	5	2367	34	0	2469
26292	33	2348	58	16	0	2455
26293	18	54	2358	11	0	2441
26294	19	15	62	2386	0	2482
26295	2327	8	20	80	0	2435
26296	69	2310	16	21	0	2416
26297	28	56	11	2274	0	2369
26298	21	17	12	2230	0	2280
26299	22	2221	12	72	0	2327
26300	25	60	11	2253	0	2349
26301	26	30	10	2262	0	2328
26302	29	7	12	2291	0	2339
26303	24	5	12	2284	0	2325
26304	28	11	14	2264	0	2317
26305	22	2221	16	85	0	2344
26306	24	55	10	2268	0	2357
26307	21	19	7	2308	0	2355
26308	16	23	2203	91	0	2333
26309	18	2186	58	51	0	2313
26310	27	66	20	2214	0	2327
26311	25	23	10	2252	0	2310
26312	31	12	11	2217	0	2271
26313	18	2170	17	106	0	2311
26314	19	62	2176	54	0	2311
26315	34	19	71	2233	0	2357
26316	17	12	2235	98	0	2362
26317	20	21	2192	42	0	2275
26318	28	14	72	2205	0	2319
26319	2208	9	29	96	0	2342
26320	75	14	26	2229	0	2344
26321	33	21	13	2218	0	2285
26322	23	2220	16	102	0	2361
26323	19	67	14	2282	0	2382
26324	23	27	7	2328	0	2385
26325	13	16	2293	107	0	2429
26326	14	2282	68	56	0	2420
26327	17	72	24	2325	0	2438
26328	2253	22	27	96	0	2398
26329	61	17	2292	58	0	2428
26330	24	18	66	2319	0	2427
26331	24	15	27	2362	0	2428
26332	2278	16	14	117	0	2425
26333	59	2274	13	69	0	2415
26334	2239	69	10	58	0	2376
26335	59	2230	8	56	0	2353
26336	27	68	10	2231	0	2336
26337	2165	29	18	107	0	2319
26338	68	20	2135	47	0	2270
26339	23	2075	68	54	0	2220
26340	21	2139	32	49	0	2241
26341	1953	65	29	39	0	2086
26342	56	24	19	1940	0	2039
26343	31	1904	14	83	0	2032
26344	25	2003	20	50	0	2098
26345	20	66	13	2007	0	2106
26346	30	30	11	2045	0	2116
26347	1960	23	15	92	0	2090
26348	56	1954	18	60	0	2088
26349	34	67	25	1985	0	2111
26350	26	27	1962	71	0	2086
26351	22	1973	57	50	0	2102
26352	26	45	1942	38	0	2051
26353	16	1924	59	36	0	2035
26354	28	56	36	1774	0	1894
26355	25	20	9	1760	0	1814
26356	22	1751	9	61	0	1843
26357	17	48	1742	39	0	1846
26358	1720	23	39	36	0	1818
26359	51	19	15	1782	0	1867
26360	18	21	15	1813	0	1867
26361	12	16	1782	65	0	1875
26362	16	26	47	1773	0	1862
26363	13	22	1779	56	0	1870
26364	14	25	32	1773	0	1844
26365	15	17	1815	67	0	1914
26366	10	1817	43	36	0	1906
26367	7	53	1864	32	0	1956
26368	13	29	38	1902	0	1982
26369	1893	13	15	72	0	1993
26370	46	1914	8	38	0	2006
26371	27	48	9	1909	0	1993
26372	13	18	1870	57	0	1958
26373	5	1919	40	37	0	2001
26374	12	64	25	1774	0	1875
26375	7	22	1773	36	0	1838
26376	4	1620	37	15	0	1676
26377	1289	24	14	23	0	1350
26378	1207	7	8	11	0	1233
26379	13	3	2	1198	0	1216
26380	1199	3	0	14	0	1216
26381	16	1	2	1190	0	1209
26382	3	3	2	1210	0	1218
26383	2	3	1248	11	0	1264
26384	6	1	8	1223	0	1238
26385	5	2	2	1251	0	1260
26386	1235	3	4	19	0	1261
26387	1202	2	2	8	0	1214
26388	11	1226	3	2	0	1242
26389	7	9	1239	4	0	1259
26390	7	3	9	1240	0	1259
26391	1	6	1241	13	0	1261
26392	1156	1	13	8	0	1178
26393	11	2	1216	4	0	1233
26394	9	1	8	1196	0	1214
26395	3	1210	5	9	0	1227
26396	4	10	2	1211	0	1227
26397	6	5	2	1212	0	1225
26398	3	3	1241	12	0	1259
26399	4	2	9	1226	0	1241
26400	1233	0	3	19	0	1255
26401	1227	1	8	6	0	1242
26402	1232	3	2	12	0	1249
26403	1223	0	5	12	0	1240
26404	11	1227	1	4	0	1243
26405	2	1197	3	5	0	1207
26406	11	7	4	1118	0	1140
26407	2	2	2	1181	0	1187
26408	2	1158	2	10	0	1172
26409	5	6	3	1210	0	1224
26410	7	2	1	1200	0	1210
26411	5	3	1	1197	0	1206
26412	11	2	1	1179	0	1193
26413	2	1	3	1200	0	1206
26414	1192	1	2	14	0	1209
26415	9	1167	2	6	0	1184
26416	4	11	1142	7	0	1164
26417	5	2	7	1131	0	1145
26418	1	4	4	1133	0	1142
26419	2	3	3	1129	0	1137
26420	1119	1	1	17	0	1138
26421	7	1228	6	8	0	1249
26422	6	16	1	1233	0	1256
26423	9	1270	3	22	0	1304
26424	10	29	3	1243	0	1285
26425	2	1217	5	30	0	1254
26426	7	26	1276	7	0	1316
26427	1	8	26	1354	0	1389
26428	2	4	1617	38	0	1661
26429	7	5	40	1575	0	1627
26430	11	3	9	1717	0	1740
26431	1709	6	6	58	0	1779
26432	1705	2	7	29	0	1743
26433	1751	7	2	21	0	1781
26434	1730	6	6	18	0	1760
26435	1750	5	6	14	0	1775
26436	62	3	7	1663	0	1735
26437	22	1709	5	41	0	1777
26438	20	36	4	1699	0	1759
26439	11	15	1646	50	0	1722
26440	1634	11	35	25	0	1705
26441	1718	8	10	16	0	1752
26442	52	2	8	1692	0	1754
26443	27	3	4	1660	0	1694
26444	18	1607	4	57	0	1686
26445	19	37	1	1661	0	1718
26446	13	14	4	1649	0	1680
26447	14	1613	9	55	0	1691
26448	17	42	7	1663	0	1729
26449	1541	9	5	61	0	1616
26450	41	11	1597	23	0	1672
26451	1555	8	42	22	0	1627
26452	45	9	1588	20	0	1662
26453	20	7	44	1550	0	1621
26454	17	6	13	1515	0	1551
26455	9	1507	11	69	0	1596
26456	8	1576	8	29	0	1621
26457	11	50	5	1507	0	1573
26458	13	13	1521	54	0	1601
26459	1471	12	37	22	0	1542
26460	48	8	13	1497	0	1566
26461	18	1501	9	51	0	1579
26462	18	40	17	1497	0	1572
26463	15	18	2	1505	0	1540
26464	13	1456	5	63	0	1537
26465	21	46	4	1397	0	1468
26466	18	11	1328	51	0	1408
26467	12	11	1280	19	0	1322
26468	14	15	39	1170	0	1238
26469	5	1225	9	39	0	1278
26470	6	38	10	1233	0	1287
26471	1239	13	4	46	0	1302
26472	1254	5	5	24	0	1288
26473	1198	7	7	17	0	1229
26474	46	1183	4	12	0	1245
26475	20	36	1168	16	0	1240
26476	1158	12	36	17	0	1223
26477	1196	11	12	11	0	1230
26478	48	1157	7	21	0	1233
26479	19	38	10	1176	0	1243
26480	1161	10	4	47	0	1222
26481	1187	8	8	19	0	1222
26482	1198	9	4	11	0	1222
26483	65	7	8	1104	0	1184
26484	1116	3	5	49	0	1173
26485	54	5	10	1114	0	1183
26486	25	10	3	1148	0	1186
26487	1105	11	5	66	0	1187
26488	48	12	7	1098	0	1165
26489	1085	12	8	56	0	1161
26490	49	6	6	1090	0	1151
26491	32	9	3	1107	0	1151
26492	1072	4	6	67	0	1149
26493	52	4	1046	32	0	1134
26494	29	6	36	1081	0	1152
26495	21	7	9	1101	0	1138
26496	19	9	6	1083	0	1117
26497	17	10	6	1088	0	1121
26498	19	8	6	1041	0	1074
26499	22	1005	8	60	0	1095
26500	19	36	14	1044	0	1113
26501	14	17	1031	55	0	1117
26502	15	5	38	1049	0	1107
26503	20	12	11	1067	0	1110
26504	16	7	3	1094	0	1120
26505	12	12	1022	64	0	1110
26506	15	15	1020	34	0	1084
26507	1024	10	43	29	0	1106
26508	1031	9	20	23	0	1083
26509	47	1040	20	21	0	1128
26510	27	33	7	1083	0	1150
26511	21	20	6	1120	0	1167
26512	14	11	9	1134	0	1168
26513	1091	9	9	67	0	1176
26514	1141	7	6	31	0	1185
26515	58	8	8	1117	0	1191
26516	28	7	9	1147	0	1191
26517	18	8	11	1159	0	1196
26518	17	7	5	1167	0	1196
26519	1114	7	6	70	0	1197
26520	48	11	1067	33	0	1159
26521	20	904	30	33	0	987
26522	13	904	9	24	0	950
26523	845	23	4	19	0	891
26524	22	24	7	840	0	893
26525	16	8	834	29	0	887
26526	12	7	773	18	0	810
26527	8	749	20	12	0	789
26528	491	9	12	5	0	517
26529	6	3	486	6	0	501
26530	386	12	6	0	0	404
26531	3	2	2	400	0	407
26532	3	3	2	401	0	409
26533	3	394	3	3	0	403
26534	3	412	2	2	0	419
26535	413	4	1	2	0	420
26536	416	0	4	2	0	422
26537	4	407	2	1	0	414
26538	2	6	399	0	0	407
26539	2	2	413	0	0	417
26540	4	0	4	407	0	415
26541	421	1	0	4	0	426
26542	4	420	1	2	0	427
26543	1	4	2	452	0	459
26544	453	2	1	7	0	463
26545	8	1	0	463	0	472
26546	3	1	0	486	0	490
26547	491	2	0	8	0	501
26548	6	492	3	1	0	502
26549	1	532	2	1	0	536
26550	0	5	544	3	0	552
26551	3	0	5	552	0	560
26552	2	2	0	556	0	560
26553	0	4	569	5	0	578
26554	521	1	5	0	0	527
26555	547	0	1	3	0	551
26556	5	0	573	4	0	582
26557	508	0	6	5	0	519
26558	9	1	589	0	0	599
26559	2	614	4	0	0	620
26560	2	6	2	674	0	684
26561	1	0	2	698	0	701
26562	704	0	0	9	0	713
26563	694	1	2	2	0	699
26564	693	1	1	3	0	698
26565	715	0	0	5	0	720
26566	704	0	1	2	0	707
26567	6	1	702	1	0	710
26568	4	709	4	0	0	717
26569	2	6	1	712	0	721
26570	1	710	0	5	0	716
26571	1	717	2	4	0	724
26572	4	5	9	705	0	723
26573	1	1	2	705	0	709
26574	0	9	700	6	0	715
26575	659	3	4	2	0	668
26576	710	1	0	3	0	714
26577	4	707	1	3	0	715
26578	713	4	3	2	0	722
26579	744	1	4	2	0	751
26580	6	4	1	739	0	750
26581	4	0	778	4	0	786
26582	1	1	780	2	0	784
26583	777	0	4	0	0	781
26584	802	0	1	2	0	805
26585	6	779	0	3	0	788
26586	2	809	1	0	0	812
26587	2	7	2	837	0	848
26588	839	1	1	6	0	847
26589	7	4	857	3	0	871
26590	2	4	6	861	0	873
26591	890	3	3	9	0	905
26592	900	3	2	4	0	909
26593	8	1	0	924	0	933
26594	924	0	2	9	0	935
26595	7	2	884	3	0	896
26596	5	2	979	4	0	990
26597	9	0	7	969	0	985
26598	3	1	1	1029	0	1034
26599	4	0	0	1024	0	1028
26600	4	1009	4	6	0	1023
26601	1	1026	1	4	0	1032
26602	2	8	2	1028	0	1040
26603	1037	2	3	10	0	1052
26604	8	1	0	1054	0	1063
26605	3	2	0	1072	0	1077
26606	1	1055	3	8	0	1067
26607	3	1080	0	3	0	1086
26608	2	7	0	1078	0	1087
26609	3	1	2	1052	0	1058
26610	1017	1	1	12	0	1031
26611	5	996	5	12	0	1018
26612	1018	9	0	2	0	1029
26613	8	1	0	1037	0	1046
26614	3	3	1024	8	0	1038
26615	5	2	1007	1	0	1015
26616	1032	0	6	4	0	1042
26617	5	0	2	1095	0	1102
26618	2	0	3	1084	0	1089
26619	2	0	1	1092	0	1095
26620	3	2	1111	5	0	1121
26621	1	2	5	1113	0	1121
26622	2	1094	0	9	0	1105
26623	2	4	2	1138	0	1146
26624	2	3	2	1128	0	1135
26625	2	1163	1	7	0	1173
26626	3	6	1	1185	0	1195
26627	1153	2	1	12	0	1168
26628	10	1144	2	5	0	1161
26629	1212	11	1	7	0	1231
26630	1216	4	0	6	0	1226
26631	16	2	0	1210	0	1228
26632	9	3	1	1221	0	1234
26633	5	0	1	1243	0	1249
26634	6	1	1195	18	0	1220
26635	2	1183	14	7	0	1206
26636	2	1214	7	5	0	1228
26637	3	16	1	1205	0	1225
26638	1197	6	0	20	0	1223
26639	14	2	3	1196	0	1215
26640	7	5	1220	16	0	1248
26641	3	1201	14	7	0	1225
26642	4	1220	4	6	0	1234
26643	1188	13	2	8	0	1211
26644	1206	6	2	12	0	1226
26645	14	1273	2	3	0	1292
26646	1283	12	1	17	0	1313
26647	16	5	1278	2	0	1301
26648	7	6	1259	2	0	1274
26649	1265	5	18	5	0	1293
26650	1290	3	5	10	0	1308
26651	26	1	2	1316	0	1345
26652	1313	1	2	21	0	1337
26653	18	0	1313	6	0	1337
26654	8	5	1367	2	0	1382
26655	18	7	22	1543	0	1590
26656	5	2	6	1810	0	1823
26657	11	0	4	1865	0	1880
26658	10	3	3	1858	0	1874
26659	16	2	0	2031	0	2049
26660	2	5	1968	55	0	2030
26661	8	0	38	1959	0	2005
26662	1954	3	11	55	0	2023
26663	44	2	9	1963	0	2018
26664	1951	0	5	57	0	2013
26665	54	1	1	1958	0	2014
26666	1951	1	6	60	0	2018
26667	2021	0	6	28	0	2055
26668	53	1	4	1995	0	2053
26669	24	3	4	2035	0	2066
26670	1999	0	13	53	0	2065
26671	2014	2	3	34	0	2053
26672	57	2	1978	19	0	2056
26673	31	0	34	1977	0	2042
26674	29	2	12	2036	0	2079
26675	2000	0	10	59	0	2069
26676	2035	0	4	28	0	2067
26677	58	1	2	2007	0	2068
26678	29	1	6	2077	0	2113
26679	26	1	1	2071	0	2099
26680	19	0	6	2046	0	2071
26681	11	1903	11	73	0	1998
26682	8	1969	4	39	0	2020
26683	13	41	6	1950	0	2010
26684	15	1965	4	57	0	2041
26685	14	45	5	2004	0	2068
26686	9	11	1956	70	0	2046
26687	6	12	1885	34	0	1937
26688	7	1930	47	35	0	2019
26689	21	41	18	1917	0	1997
26690	8	17	1935	56	0	2016
26691	16	14	42	1903	0	1975
26692	13	10	13	1974	0	2010
26693	1905	6	17	76	0	2004
26694	48	10	9	1945	0	2012
26695	20	9	1962	67	0	2058
26696	20	9	1954	33	0	2016
26697	17	1905	46	29	0	1997
26698	15	2053	23	25	0	2116
26699	2077	46	18	29	0	2170
26700	55	14	2199	23	0	2291
26701	27	13	46	2213	0	2299
26702	2241	4	16	69	0	2330
26703	2249	4	18	38	0	2309
26704	58	2236	10	31	0	2335
26705	39	41	14	2175	0	2269
26706	24	15	11	2297	0	2347
26707	19	14	5	2290	0	2328
26708	2237	11	6	74	0	2328
26709	56	10	2208	40	0	2314
26710	18	2255	41	36	0	2350
26711	23	46	13	2253	0	2335
26712	17	18	14	2326	0	2375
26713	13	14	2279	76	0	2382
26714	14	11	46	2245	0	2316
26715	15	15	18	2319	0	2367
26716	15	7	17	2310	0	2349
26717	21	10	16	2280	0	2327
26718	11	10	2222	93	0	2336
26719	9	6	54	2226	0	2295
26720	12	8	2221	82	0	2323
26721	11	2232	51	46	0	2340
26722	13	36	20	2282	0	2351
26723	15	12	27	2318	0	2372
26724	11	15	2267	78	0	2371
26725	12	2213	46	46	0	2317
26726	27	45	24	2209	0	2305
26727	19	23	2215	58	0	2315
26728	13	2195	49	43	0	2300
26729	24	36	17	2179	0	2256
26730	15	12	2217	60	0	2304
26731	24	28	37	2157	0	2246
26732	28	11	15	2162	0	2216
26733	12	10	20	2255	0	2297
26734	2194	10	9	78	0	2291
26735	43	2190	13	38	0	2284
26736	2206	34	11	38	0	2289
26737	45	15	2190	31	0	2281
26738	2225	14	36	43	0	2318
26739	2409	7	12	49	0	2477
26740	51	7	17	2395	0	2470
26741	2422	10	11	60	0	2503
26742	2443	7	11	43	0	2504
26743	2464	12	12	44	0	2532
26744	54	9	6	2464	0	2533
26745	32	9	8	2424	0	2473
26746	22	9	2307	55	0	2393
26747	14	9	2199	34	0	2256
26748	2239	8	34	32	0	2313
26749	46	19	19	2293	0	2377
26750	12	2335	17	51	0	2415
26751	2332	27	17	37	0	2413
26752	31	2311	17	33	0	2392
26753	14	2347	17	17	0	2395
26754	17	36	2197	19	0	2269
26755	5	8	2263	16	0	2292
26756	20	64	16	2095	0	2195
26757	4	3	2264	22	0	2293
26758	8	2	2076	9	0	2095
26759	1890	0	9	15	0	1914
26760	2068	0	2	9	0	2079
26761	6	3	1	2102	0	2112
26762	11	0	0	2120	0	2131
26763	1	2	2151	5	0	2159
26764	1	2154	6	1	0	2162
26765	4	4	1	2152	0	2161
26766	2278	0	2	23	0	2303
26767	6	1	0	2320	0	2327
26768	1	2353	2	8	0	2364
26769	5	7	2301	0	0	2313
26770	3	2351	4	10	0	2368
26771	2373	6	2	8	0	2389
26772	2365	1	3	8	0	2377
26773	8	1	0	2351	0	2360
26774	0	0	2425	8	0	2433
26775	2	2	2294	1	0	2299
26776	1	2429	12	3	0	2445
26777	9	12	2	2328	0	2351
26778	0	0	2	2458	0	2460
26779	0	2	2437	8	0	2447
26780	7	0	9	2386	0	2402
26781	0	2504	3	11	0	2518
26782	1	13	1	2545	0	2560
26783	6	0	0	2555	0	2561
26784	0	2	2549	15	0	2566
26785	1	1	14	2469	0	2485
26786	2509	1	1	34	0	2545
26787	18	1	2543	2	0	2564
26788	2	0	2506	4	0	2512
26789	5	2590	20	5	0	2620
26790	11	15	6	2668	0	2700
26791	7	2	5	2784	0	2798
26792	1	5	2751	30	0	2787
26793	2570	1	27	17	0	2615
26794	32	1	3	2776	0	2812
26795	5	2	2759	29	0	2795
26796	16	1	31	2611	0	2659
26797	5	4	2734	32	0	2775
26798	4	5	2655	7	0	2671
26799	3	2669	36	9	0	2717
26800	11	27	10	2527	0	2575
26801	1	2632	15	22	0	2670
26802	2561	32	5	18	0	2616
26803	32	11	2579	17	0	2639
26804	3	2593	33	4	0	2633
26805	6	30	8	2618	0	2662
26806	2593	5	11	36	0	2645
26807	27	2600	10	6	0	2643
26808	13	35	3	2619	0	2670
26809	12	6	5	2628	0	2651
26810	2	2667	4	36	0	2709
26811	2671	31	3	20	0	2725
26812	35	4	7	3054	0	3100
26813	14	10	3	3205	0	3232
26814	6	9	3175	60	0	3250
26815	6	3340	52	25	0	3423
26816	12	49	17	3357	0	3435
26817	13	11	16	3739	0	3779
26818	3	3793	17	70	0	3883
26819	11	71	3	3831	0	3916
26820	16	13	3	3959	0	3991
26821	18	20	15	3902	0	3955
26822	5	3901	5	101	0	4012
26823	3799	70	5	58	0	3932
26824	69	26	3872	25	0	3992
26825	3689	15	73	35	0	3812
26826	84	3864	18	16	0	3982
26827	34	73	21	3851	0	3979
26828	15	19	3902	80	0	4016
26829	29	23	77	3830	0	3959
26830	25	14	24	3867	0	3930
26831	16	12	20	3958	0	4006
26832	9	11	3864	106	0	3990
26833	5	3852	75	48	0	3980
26834	12	72	3888	31	0	4003
26835	5	3907	92	22	0	4026
26836	11	92	3939	19	0	4061
26837	15	30	92	3882	0	4019
26838	3801	21	30	104	0	3956
26839	67	3865	24	42	0	3998
26840	11	81	3901	40	0	4033
26841	12	3900	80	34	0	4026
26842	7	97	3927	15	0	4046
26843	25	32	93	3752	0	3902
26844	15	33	32	3774	0	3854
26845	8	3847	34	93	0	3982
26846	11	3985	20	50	0	4066
26847	3910	92	16	52	0	4070
26848	94	42	21	3969	0	4126
26849	27	43	3973	99	0	4142
26850	37	26	83	3920	0	4066
26851	20	18	4008	110	0	4156
26852	7	31	4048	45	0	4131
26853	29	15	108	3847	0	3999
26854	8	3957	42	102	0	4109
26855	3797	91	36	58	0	3982
26856	92	34	24	3769	0	3919
26857	37	32	18	3676	0	3763
26858	29	3739	30	117	0	3915
26859	3688	95	20	64	0	3867
26860	3727	35	26	49	0	3837
26861	99	32	24	3608	0	3763
26862	41	3635	31	105	0	3812
26863	27	3903	17	53	0	4000
26864	3809	99	22	65	0	3995
26865	83	52	3818	36	0	3989
26866	3649	42	93	38	0	3822
26867	3715	26	40	43	0	3824
26868	3717	24	32	36	0	3809
26869	111	3678	27	33	0	3849
26870	59	88	16	3735	0	3898
26871	3760	41	22	100	0	3923
26872	3761	35	19	55	0	3870
26873	94	3778	27	47	0	3946
26874	3784	88	19	51	0	3942
26875	112	44	24	3841	0	4021
26876	50	41	17	3833	0	3941
26877	30	3805	29	106	0	3970
26878	39	86	17	3894	0	4036
26879	24	47	24	3899	0	3994
26880	25	3849	15	118	0	4007
26881	33	87	19	3664	0	3803
26882	21	3835	22	106	0	3984
26883	3815	96	19	56	0	3986
26884	3705	41	23	54	0	3823
26885	92	3744	22	44	0	3902
26886	40	88	3693	26	0	3847
26887	34	41	69	3742	0	3886
26888	25	39	3732	95	0	3891
26889	18	3607	80	48	0	3753
26890	21	3703	34	44	0	3802
26891	3503	82	20	51	0	3656
26892	70	3659	17	19	0	3765
26893	42	82	20	3546	0	3690
26894	35	3561	22	62	0	3680
26895	31	3661	16	36	0	3744
26896	3599	84	13	41	0	3737
26897	78	42	18	3582	0	3720
26898	29	37	3564	73	0	3703
26899	30	25	3463	36	0	3554
26900	24	3552	69	30	0	3675
26901	3514	69	26	37	0	3646
26902	71	3564	31	16	0	3682
26903	42	79	10	3595	0	3726
26904	3563	39	14	82	0	3698
26905	77	35	9	3578	0	3699
26906	40	32	11	3624	0	3707
26907	30	3565	16	95	0	3706
26908	33	71	16	3633	0	3753
26909	16	34	3626	88	0	3764
26910	3616	28	68	52	0	3764
26911	73	3756	26	39	0	3894
26912	23	3634	14	14	0	3685
26913	3437	67	4	30	0	3538
26914	60	24	3463	19	0	3566
26915	3229	26	49	30	0	3334
26916	59	3647	19	20	0	3745
26917	12	3730	8	9	0	3759
26918	9	71	3699	3	0	3782
26919	5	3719	64	21	0	3809
26920	38	61	26	3412	0	3537
26921	15	31	16	3540	0	3602
26922	3	3630	0	63	0	3696
26923	15	53	4	3661	0	3733
26924	3616	29	2	81	0	3728
26925	54	19	3581	28	0	3682
26926	3504	9	55	33	0	3601
26927	3660	11	28	8	0	3707
26928	3628	9	16	20	0	3673
26929	93	15	3573	8	0	3689
26930	55	11	55	3525	0	3646
26931	17	15	3598	55	0	3685
26932	3456	10	69	41	0	3576
26933	3492	8	33	28	0	3561
26934	85	3549	23	7	0	3664
26935	56	63	6	3493	0	3618
26936	23	3641	6	54	0	3724
26937	13	76	3671	29	0	3789
26938	32	43	63	3626	0	3764
26939	3590	20	38	73	0	3721
26940	3644	4	18	52	0	3718
26941	101	13	9	3504	0	3627
26942	49	3495	11	67	0	3622
26943	23	57	3550	34	0	3664
26944	22	43	3571	17	0	3653
26945	3367	22	97	22	0	3508
26946	69	13	3578	8	0	3668
26947	40	3517	71	11	0	3639
26948	40	60	33	3461	0	3594
26949	18	34	3528	64	0	3644
26950	20	22	63	3437	0	3542
26951	13	14	3518	69	0	3614
26952	3267	8	79	48	0	3402
26953	73	11	40	3380	0	3504
26954	39	3352	28	58	0	3477
26955	28	3445	14	41	0	3528
26956	19	92	17	3394	0	3522
26957	25	46	18	3353	0	3442
26958	11	3360	18	82	0	3471
26959	20	65	3348	46	0	3479
26960	31	35	67	3350	0	3483
26961	25	25	3417	67	0	3534
26962	24	18	3305	42	0	3389
26963	3054	15	106	45	0	3220
26964	69	3197	58	22	0	3346
26965	3173	68	40	31	0	3312
26966	98	39	21	3075	0	3233
26967	47	3154	14	75	0	3290
26968	36	84	26	3142	0	3288
26969	24	59	22	3107	0	3212
26970	13	3049	20	109	0	3191
26971	20	77	3039	55	0	3191
26972	34	50	77	3029	0	3190
26973	3011	34	49	96	0	3190
26974	81	24	30	2999	0	3134
26975	49	20	29	2952	0	3050
26976	37	28	2918	98	0	3081
26977	29	2879	78	72	0	3058
26978	32	81	44	2876	0	3033
26979	33	48	2878	75	0	3034
26980	26	40	2867	59	0	2992
26981	2775	27	108	50	0	2960
26982	73	2817	61	56	0	3007
26983	2808	78	38	43	0	2967
26984	84	2826	29	36	0	2975
26985	51	2870	36	38	0	2995
26986	2828	107	28	44	0	3007
26987	89	58	26	2721	0	2894
26988	47	2762	31	95	0	2935
26989	40	78	23	2819	0	2960
26990	2781	47	29	102	0	2959
26991	82	40	2799	62	0	2983
26992	53	34	2724	47	0	2858
26993	2650	20	116	24	0	2810
26994	77	2655	65	43	0	2840
26995	60	82	2673	29	0	2844
26996	39	2667	91	32	0	2829
26997	33	96	46	2626	0	2801
26998	21	63	2661	81	0	2826
26999	44	41	80	2636	0	2801
27000	29	23	2616	97	0	2765
27001	2515	29	96	62	0	2702
27002	78	2575	43	44	0	2740
27003	2560	74	37	38	0	2709
27004	86	60	38	2458	0	2642
27005	50	2679	40	72	0	2841
27006	2640	82	36	50	0	2808
27007	2543	60	28	65	0	2696
27008	100	44	2659	34	0	2837
27009	52	34	2643	33	0	2762
27010	2246	33	100	28	0	2407
27011	60	2284	69	36	0	2449
27012	41	2167	43	22	0	2273
27013	78	105	35	2033	0	2251
27014	21	44	2051	56	0	2172
27015	34	1916	55	32	0	2037
27016	14	1667	40	23	0	1744
27017	60	36	15	1084	0	1195
27018	1110	18	11	26	0	1165
27019	1132	13	4	14	0	1163
27020	1146	4	3	11	0	1164
27021	31	7	1137	7	0	1182
27022	1111	9	28	6	0	1154
27023	1137	5	17	9	0	1168
27024	1164	13	5	8	0	1190
27025	29	16	4	1131	0	1180
27026	14	1164	6	25	0	1209
27027	1145	18	7	23	0	1193
27028	18	1169	12	4	0	1203
27029	12	23	9	1166	0	1210
27030	3	20	1244	20	0	1287
27031	10	5	20	1241	0	1276
27032	22	5	13	1243	0	1283
27033	15	4	1238	27	0	1284
27034	12	1203	21	9	0	1245
27035	11	20	14	1136	0	1181
27036	1104	12	1	18	0	1135
27037	24	1057	2	7	0	1090
27038	1040	17	1	7	0	1065
27039	16	20	2	1031	0	1069
27040	15	1051	1	15	0	1082
27041	1046	20	0	12	0	1078
27042	13	1069	5	8	0	1095
27043	8	13	1007	8	0	1036
27044	976	13	18	11	0	1018
27045	1030	6	7	12	0	1055
27046	25	1028	5	7	0	1065
27047	9	23	1001	3	0	1036
27048	5	1069	15	5	0	1094
27049	20	35	17	765	0	837
27050	6	11	2	1067	0	1086
27051	7	4	0	1063	0	1074
27052	2	1051	0	26	0	1079
27053	5	18	0	1061	0	1084
27054	3	8	2	1076	0	1089
27055	1036	4	2	29	0	1071
27056	19	3	3	1044	0	1069
27057	15	2	0	1064	0	1081
27058	1034	0	2	33	0	1069
27059	24	1074	4	10	0	1112
27060	1089	17	0	9	0	1115
27061	1083	12	3	5	0	1103
27062	1100	5	4	11	0	1120
27063	33	4	3	1075	0	1115
27064	22	1	1	1094	0	1118
27065	6	2	1054	33	0	1095
27066	4	7	1020	24	0	1055
27067	7	6	1053	5	0	1071
27068	1011	7	27	5	0	1050
27069	22	5	1089	6	0	1122
27070	15	1100	24	3	0	1142
27071	10	19	15	1080	0	1124
27072	7	16	4	1060	0	1087
27073	7	1105	5	30	0	1147
27074	3	24	1118	16	0	1161
27075	7	1141	23	12	0	1183
27076	1116	25	13	7	0	1161
27077	25	18	1132	5	0	1180
27078	17	1140	22	8	0	1187
27079	10	21	1165	8	0	1204
27080	16	13	21	1146	0	1196
27081	12	6	1151	23	0	1192
27082	9	8	25	1144	0	1186
27083	1166	3	15	27	0	1211
27084	28	4	1157	18	0	1207
27085	20	1159	19	8	0	1206
27086	1162	22	11	11	0	1206
27087	22	17	1174	7	0	1220
27088	17	9	1181	5	0	1212
27089	8	19	30	1163	0	1220
27090	8	7	1171	30	0	1216
27091	1100	5	22	23	0	1150
27092	19	1147	16	11	0	1193
27093	15	23	5	1132	0	1175
27094	9	1212	6	27	0	1254
27095	1225	25	4	16	0	1270
27096	25	15	1225	12	0	1277
27097	18	9	1273	10	0	1310
27098	15	8	32	1274	0	1329
27099	11	10	17	1304	0	1342
27100	13	8	8	1344	0	1373
27101	13	7	7	1354	0	1381
27102	9	7	1346	41	0	1403
27103	7	1346	24	18	0	1395
27104	3	22	15	1280	0	1320
27105	7	11	1210	19	0	1247
27106	5	1195	22	16	0	1238
27107	1174	17	13	8	0	1212
27108	38	8	10	1161	0	1217
27109	1154	5	6	22	0	1187
27110	15	1143	7	13	0	1178
27111	1132	17	4	10	0	1163
27112	18	10	1241	6	0	1275
27113	15	6	15	1201	0	1237
27114	5	1237	12	19	0	1273
27115	7	18	1232	11	0	1268
27116	3	1235	21	10	0	1269
27117	20	18	14	932	0	984
27118	1186	12	7	14	0	1219
27119	17	1192	7	10	0	1226
27120	1190	14	10	7	0	1221
27121	19	9	1175	5	0	1208
27122	10	5	1153	3	0	1171
27123	1166	2	22	7	0	1197
27124	24	8	11	1171	0	1214
27125	13	4	4	1172	0	1193
27126	1	3	1222	20	0	1246
27127	6	7	1170	11	0	1194
27128	5	1239	19	6	0	1269
27129	1193	13	11	6	0	1223
27130	1119	8	12	7	0	1146
27131	17	1111	2	3	0	1133
27132	10	15	3	1148	0	1176
27133	1167	7	4	14	0	1192
27134	13	2	3	1171	0	1189
27135	1189	2	3	19	0	1213
27136	1191	2	4	10	0	1207
27137	1233	3	3	8	0	1247
27138	27	2	2	1220	0	1251
27139	10	1	1	1262	0	1274
27140	1237	0	2	23	0	1262
27141	1227	3	4	9	0	1243
27142	1233	2	1	5	0	1241
27143	21	1210	2	4	0	1237
27144	1182	10	3	5	0	1200
27145	11	1169	2	1	0	1183
27146	1163	10	0	6	0	1179
27147	11	3	1171	2	0	1187
27148	1056	0	8	9	0	1073
27149	8	1127	4	1	0	1140
27150	2	1128	0	2	0	1132
27151	1153	8	1	10	0	1172
27152	9	3	1	1168	0	1181
27153	3	1	0	1208	0	1212
27154	3	1225	2	10	0	1240
27155	1	1310	2	3	0	1316
27156	1358	16	0	6	0	1380
27157	16	4	1413	3	0	1436
27158	9	1	18	1493	0	1521
27159	1509	1	2	30	0	1542
27160	31	0	1511	4	0	1546
27161	4	1677	27	2	0	1710
27162	1741	30	4	3	0	1778
27163	34	9	1837	0	0	1880
27164	16	2	35	1897	0	1950
27165	4	1	2001	37	0	2043
27166	1898	1	37	20	0	1956
27167	34	2022	7	3	0	2066
27168	2065	36	3	9	0	2113
27169	2063	7	5	7	0	2082
27170	53	3	1	2014	0	2071
27171	2051	3	1	47	0	2102
27172	48	1	1	2054	0	2104
27173	15	3	1	2062	0	2081
27174	4	1	2001	48	0	2054
27175	4	2021	40	8	0	2073
27176	7	36	7	2042	0	2092
27177	8	8	2	2070	0	2088
27178	10	3	6	2056	0	2075
27179	3	6	2021	47	0	2077
27180	4	2000	36	12	0	2052
27181	8	37	5	2031	0	2081
27182	6	8	4	2063	0	2081
27183	4	3	2016	46	0	2069
27184	9	4	36	1954	0	2003
27185	1996	3	6	55	0	2060
27186	38	2049	4	10	0	2101
27187	2034	36	8	7	0	2085
27188	41	8	2047	7	0	2103
27189	25	3	36	2041	0	2105
27190	2097	3	8	47	0	2155
27191	2092	1	4	17	0	2114
27192	43	6	2159	10	0	2218
27193	28	3	40	2113	0	2184
27194	8	5	2136	40	0	2189
27195	2042	4	42	20	0	2108
27196	42	2120	12	9	0	2183
27197	2156	38	8	8	0	2210
27198	2150	11	6	12	0	2179
27199	48	2210	4	6	0	2268
27200	2226	39	3	8	0	2276
27201	48	10	2201	3	0	2262
27202	2220	5	35	12	0	2272
27203	51	5	5	2242	0	2303
27204	13	5	2312	43	0	2373
27205	15	5	42	2302	0	2364
27206	19	2	12	2279	0	2312
27207	9	3	10	2328	0	2350
27208	6	2318	7	53	0	2384
27209	2336	41	11	20	0	2408
27210	45	11	3	2328	0	2387
27211	10	2336	9	46	0	2401
27212	23	42	5	2226	0	2296
27213	11	2238	6	52	0	2307
27214	8	41	2270	21	0	2340
27215	18	10	41	2269	0	2338
27216	10	8	9	2318	0	2345
27217	14	9	2296	44	0	2363
27218	2103	7	46	25	0	2181
27219	42	2264	11	19	0	2336
27220	15	37	10	2300	0	2362
27221	14	6	11	2288	0	2319
27222	16	5	7	2268	0	2296
27223	4	2263	15	47	0	2329
27224	2257	47	5	25	0	2334
27225	48	9	2248	22	0	2327
27226	7	9	2180	19	0	2215
27227	24	6	46	2196	0	2272
27228	19	4	16	2200	0	2239
27229	2188	7	14	52	0	2261
27230	44	2175	7	22	0	2248
27231	16	42	8	2202	0	2268
27232	2185	6	12	53	0	2256
27233	49	11	7	2162	0	2229
27234	2163	8	3	56	0	2230
27235	54	6	2103	19	0	2182
27236	20	2165	43	13	0	2241
27237	2180	39	14	22	0	2255
27238	45	12	2168	12	0	2237
27239	2114	7	40	16	0	2177
27240	51	13	2112	12	0	2188
27241	2130	3	46	13	0	2192
27242	46	8	14	2169	0	2237
27243	2180	9	8	54	0	2251
27244	54	4	10	2172	0	2240
27245	20	10	6	2203	0	2239
27246	2178	4	5	63	0	2250
27247	46	2160	6	33	0	2245
27248	15	42	7	2203	0	2267
27249	2229	9	3	56	0	2297
27250	2302	8	6	26	0	2342
27251	55	7	7	2279	0	2348
27252	24	6	4	2311	0	2345
27253	2297	4	6	59	0	2366
27254	61	5	6	2281	0	2353
27255	18	5	5	2251	0	2279
27256	2168	4	2	55	0	2229
27257	48	6	6	2094	0	2154
27258	13	0	1963	38	0	2014
27259	1836	1	34	24	0	1895
27260	38	2	1910	7	0	1957
27261	5	0	1688	10	0	1703
27262	1597	5	52	6	0	1660
27263	23	1554	5	3	0	1585
27264	4	16	9	1506	0	1535
27265	6	1	1	1486	0	1494
27266	7	1	1	1552	0	1561
27267	3	1	0	1581	0	1585
27268	1547	1	0	34	0	1582
27269	1693	0	0	14	0	1707
27270	1744	0	0	10	0	1754
27271	42	0	1854	4	0	1900
27272	21	0	46	1954	0	2021
27273	9	1	12	2066	0	2088
27274	11	0	9	2029	0	2049
27275	4	1929	6	69	0	2008
27276	2	1973	3	30	0	2008
27277	2023	63	2	18	0	2106
27278	59	23	1	2045	0	2128
27279	28	15	2	2229	0	2274
27280	15	4	2	2276	0	2297
27281	7	3	2195	88	0	2293
27282	3	5	2155	43	0	2206
27283	2141	3	72	33	0	2249
27284	2263	2	30	15	0	2310
27285	80	4	16	2189	0	2289
27286	38	2168	6	59	0	2271
27287	27	56	4	2164	0	2251
27288	12	18	8	2189	0	2227
27289	6	12	2118	88	0	2224
27290	2083	5	60	47	0	2195
27291	68	1	25	2186	0	2280
27292	35	2	16	2111	0	2164
27293	2057	5	4	86	0	2152
27294	67	2096	4	51	0	2218
27295	2158	61	2	32	0	2253
27296	77	28	5	2131	0	2241
27297	31	2057	4	70	0	2162
27298	2074	62	6	40	0	2182
27299	74	27	5	2048	0	2154
27300	2044	16	6	70	0	2136
27301	2001	7	2	40	0	2050
27302	2016	3	1	34	0	2054
27303	98	1943	2	19	0	2062
27304	39	1912	2	20	0	1973
27305	32	84	7	1833	0	1956
27306	17	1874	5	68	0	1964
27307	1890	73	3	36	0	2002
27308	78	26	4	1900	0	2008
27309	1912	15	3	80	0	2010
27310	1948	12	5	46	0	2011
27311	97	6	9	1883	0	1995
27312	53	7	5	1948	0	2013
27313	1927	14	4	100	0	2045
27314	1952	13	5	56	0	2026
27315	2011	11	5	44	0	2071
27316	2059	7	6	28	0	2100
27317	2097	5	2	32	0	2136
27318	133	4	4	1995	0	2136
27319	62	9	5	2036	0	2112
27320	49	11	1	2061	0	2122
27321	1990	10	3	129	0	2132
27322	94	7	5	1991	0	2097
27323	46	1957	4	110	0	2117
27324	42	71	2	2024	0	2139
27325	1979	25	3	100	0	2107
27326	2031	18	7	45	0	2101
27327	115	18	1923	48	0	2104
27328	59	10	66	1890	0	2025
27329	33	1925	27	93	0	2078
27330	1959	71	14	44	0	2088
27331	90	1976	5	35	0	2106
27332	50	87	4	2000	0	2141
27333	2001	43	7	91	0	2142
27334	2078	22	6	45	0	2151
27335	119	2037	2	46	0	2204
27336	59	83	3	2012	0	2157
27337	42	35	1983	93	0	2153
27338	1968	22	75	47	0	2112
27339	105	17	2000	31	0	2153
27340	2026	12	81	33	0	2152
27341	2099	12	31	29	0	2171
27342	123	12	12	2065	0	2212
27343	2127	7	8	103	0	2245
27344	2203	7	8	56	0	2274
27345	2225	13	11	38	0	2287
27346	144	12	9	2113	0	2278
27347	2141	11	6	95	0	2253
27348	115	14	5	2116	0	2250
27349	68	13	5	2137	0	2223
27350	50	2047	6	116	0	2219
27351	46	73	6	1991	0	2116
27352	33	2021	1	102	0	2157
27353	1991	77	2	51	0	2121
27354	2019	26	8	41	0	2094
27355	117	23	3	1960	0	2103
27356	59	11	7	2028	0	2105
27357	1977	9	9	106	0	2101
27358	98	15	1909	51	0	2073
27359	1980	19	58	37	0	2094
27360	105	12	24	1950	0	2091
27361	51	11	1900	85	0	2047
27362	1890	12	55	52	0	2009
27363	1991	8	25	36	0	2060
27364	109	10	1942	27	0	2088
27365	1936	10	59	33	0	2038
27366	96	9	1863	23	0	1991
27367	51	1860	67	24	0	2002
27368	1858	61	47	22	0	1988
27369	1816	24	36	25	0	1901
27370	87	1716	11	17	0	1831
27371	34	1625	11	16	0	1686
27372	1493	30	19	10	0	1552
27373	1493	10	2	12	0	1517
27374	54	7	3	1508	0	1572
27375	26	10	1467	35	0	1538
27376	21	8	1432	18	0	1479
27377	1483	3	31	9	0	1526
27378	42	6	1487	9	0	1544
27379	1350	9	29	11	0	1399
27380	47	3	13	1325	0	1388
27381	17	2	5	1358	0	1382
27382	8	2	1365	30	0	1405
27383	1372	1	23	20	0	1416
27384	34	1	7	1410	0	1452
27385	16	3	3	1440	0	1462
27386	1433	5	2	36	0	1476
27387	1456	3	4	17	0	1480
27388	1453	2	6	13	0	1474
27389	36	1482	4	7	0	1529
27390	9	21	1440	7	0	1477
27391	1390	3	23	14	0	1430
27392	1454	0	3	4	0	1461
27393	32	1415	4	5	0	1456
27394	1358	17	6	4	0	1385
27395	26	5	2	1336	0	1369
27396	9	2	1393	18	0	1422
27397	1356	1	20	12	0	1389
27398	1409	2	9	5	0	1425
27399	1422	4	2	10	0	1438
27400	1409	4	2	8	0	1423
27401	29	1	3	1397	0	1430
27402	15	2	2	1406	0	1425
27403	1417	1	0	31	0	1449
27404	29	0	2	1405	0	1436
27405	12	1	5	1403	0	1421
27406	9	1380	2	23	0	1414
27407	8	17	2	1399	0	1426
27408	8	4	1	1404	0	1417
27409	7	1	2	1422	0	1432
27410	6	2	2	1409	0	1419
27411	5	1389	3	29	0	1426
27412	12	20	2	1380	0	1414
27413	10	4	2	1346	0	1362
27414	7	3	1315	33	0	1358
27415	6	5	1219	14	0	1244
27416	8	1258	17	10	0	1293
27417	1496	14	1	11	0	1522
27418	18	1528	4	12	0	1562
27419	10	13	4	1629	0	1656
27420	5	7	1694	18	0	1724
27421	1761	1	21	17	0	1800
27422	34	6	4	1868	0	1912
27423	1838	3	3	39	0	1883
27424	1864	5	6	20	0	1895
27425	27	1867	4	17	0	1915
27426	1861	22	4	17	0	1904
27427	33	1932	7	8	0	1980
27428	25	25	5	1958	0	2013
27429	13	1995	6	24	0	2038
27430	9	27	1969	15	0	2020
27431	14	1994	24	11	0	2043
27432	24	36	8	1941	0	2009
27433	1968	11	6	41	0	2026
27434	32	1985	10	18	0	2045
27435	26	35	3	2006	0	2070
27436	17	11	3	2047	0	2078
27437	12	16	2033	36	0	2097
27438	13	10	28	2030	0	2081
27439	7	8	2045	41	0	2101
27440	1937	5	34	31	0	2007
27441	35	7	2077	12	0	2131
27442	14	2101	36	18	0	2169
27443	22	32	19	2065	0	2138
27444	20	14	12	2073	0	2119
27445	14	14	7	2110	0	2145
27446	2079	12	3	61	0	2155
27447	50	5	5	2075	0	2135
27448	17	2086	2	53	0	2158
27449	2014	38	9	37	0	2098
27450	43	2009	9	23	0	2084
27451	25	43	10	2013	0	2091
27452	2015	18	3	55	0	2091
27453	42	1988	11	26	0	2067
27454	22	2057	6	20	0	2105
27455	2041	46	6	28	0	2121
27456	2056	27	4	27	0	2114
27457	48	16	2028	20	0	2112
27458	2038	14	33	24	0	2109
27459	54	8	2082	18	0	2162
27460	33	20	45	2039	0	2137
27461	20	12	2078	49	0	2159
27462	19	15	44	2074	0	2152
27463	12	13	2091	58	0	2174
27464	19	11	48	2029	0	2107
27465	16	10	22	2072	0	2120
27466	2028	11	15	64	0	2118
27467	53	13	2014	30	0	2110
27468	1901	15	40	33	0	1989
27469	60	11	1978	21	0	2070
27470	32	6	2016	15	0	2069
27471	28	9	62	1953	0	2052
27472	1980	8	25	57	0	2070
27473	41	1968	29	22	0	2060
27474	1937	39	13	36	0	2025
27475	1948	21	20	28	0	2017
27476	58	1923	11	19	0	2011
27477	1922	47	15	23	0	2007
27478	61	22	1950	19	0	2052
27479	29	17	42	1953	0	2041
27480	1975	10	21	47	0	2053
27481	44	1967	26	26	0	2063
27482	26	37	17	1950	0	2030
27483	28	21	13	1950	0	2012
27484	24	18	18	1951	0	2011
27485	24	14	10	1988	0	2036
27486	1916	12	14	69	0	2011
27487	1931	12	12	46	0	2001
27488	1940	9	21	27	0	1997
27489	1906	8	9	28	0	1951
27490	68	12	1872	17	0	1969
27491	1866	9	39	29	0	1943
27492	1919	9	27	22	0	1977
27493	65	1869	18	22	0	1974
27494	42	1914	13	17	0	1986
27495	34	45	11	1855	0	1945
27496	20	27	12	1884	0	1943
27497	23	24	1820	58	0	1925
27498	21	1888	42	35	0	1986
27499	26	40	21	1848	0	1935
27500	24	1892	20	44	0	1980
27501	28	48	15	1935	0	2026
27502	30	22	9	1948	0	2009
27503	20	2007	17	54	0	2098
27504	22	44	10	2048	0	2124
27505	17	19	2093	59	0	2188
27506	23	19	2100	32	0	2174
27507	2063	10	59	27	0	2159
27508	2132	8	32	23	0	2195
27509	65	2112	25	21	0	2223
27510	2146	45	12	20	0	2223
27511	65	18	16	2139	0	2238
27512	2150	18	12	58	0	2238
27513	62	2127	12	38	0	2239
27514	37	40	2119	25	0	2221
27515	2078	26	53	31	0	2188
27516	66	17	2168	19	0	2270
27517	26	13	1877	14	0	1930
27518	21	13	1825	16	0	1875
27519	20	1766	56	10	0	1852
27520	1640	55	45	24	0	1764
27521	1595	21	12	13	0	1641
27522	49	10	9	1518	0	1586
27523	22	15	10	1521	0	1568
27524	18	1562	7	45	0	1632
27525	1591	35	2	29	0	1657
27526	33	1594	12	15	0	1654
27527	21	1569	7	8	0	1605
27528	1512	30	6	18	0	1566
27529	29	14	6	1515	0	1564
27530	25	9	9	1502	0	1545
27531	21	7	8	1515	0	1551
27532	13	1485	9	40	0	1547
27533	1469	24	3	18	0	1514
27534	28	22	7	1444	0	1501
27535	18	1381	2	25	0	1426
27536	9	1374	4	14	0	1401
27537	14	22	1	1327	0	1364
27538	4	1349	4	20	0	1377
27539	7	23	7	1352	0	1389
27540	1322	3	2	33	0	1360
27541	20	13	1303	4	0	1340
27542	8	1297	21	5	0	1331
27543	13	18	7	1293	0	1331
27544	8	11	1287	16	0	1322
27545	1233	6	13	11	0	1263
27546	26	6	4	1285	0	1321
27547	1260	3	8	21	0	1292
27548	1265	3	2	13	0	1283
27549	18	1387	1	5	0	1411
27550	1390	12	6	15	0	1423
27551	1390	7	1	12	0	1410
27552	1395	7	2	14	0	1418
27553	21	3	3	1371	0	1398
27554	13	3	0	1365	0	1381
27555	7	5	2	1388	0	1402
27556	7	5	1355	17	0	1384
27557	5	1349	11	7	0	1372
27558	1322	14	3	10	0	1349
27559	11	1338	0	5	0	1354
27560	6	12	2	1334	0	1354
27561	3	6	1321	13	0	1343
27562	1220	1	14	10	0	1245
27563	10	1308	6	1	0	1325
27564	7	9	2	1311	0	1329
27565	7	5	1	1316	0	1329
27566	3	7	1305	10	0	1325
27567	3	1289	9	4	0	1305
27568	10	9	2	1304	0	1325
27569	3	2	1	1332	0	1338
27570	5	4	2	1275	0	1286
27571	1253	3	0	19	0	1275
27572	11	1	1243	2	0	1257
27573	5	1239	9	1	0	1254
27574	1226	11	3	12	0	1252
27575	12	1253	2	4	0	1271
27576	5	9	1	1237	0	1252
27577	5	1251	1	7	0	1264
27578	1196	9	1	10	0	1216
27579	1224	2	2	8	0	1236
27580	16	2	0	1256	0	1274
27581	5	2	3	1262	0	1272
27582	4	5	1	1309	0	1319
27583	5	4	1338	16	0	1363
27584	3	1439	18	3	0	1463
27585	8	15	3	1720	0	1746
27586	7	4	2	1764	0	1777
27587	10	2	2	1778	0	1792
27588	11	6	2	1763	0	1782
27589	2	5	1754	40	0	1801
27590	1	1864	30	18	0	1913
27591	6	36	9	1894	0	1945
27592	4	19	4	2026	0	2053
27593	3	5	1967	53	0	2028
27594	8	5	35	1922	0	1970
27595	0	1928	20	46	0	1994
27596	5	1982	5	25	0	2017
27597	8	47	8	1957	0	2020
27598	2	25	1896	40	0	1963
27599	1728	8	36	39	0	1811
27600	34	1845	22	14	0	1915
27601	19	44	1801	13	0	1877
27602	4	22	1799	10	0	1835
27603	4	1737	59	5	0	1805
27604	8	42	1746	12	0	1808
27605	7	46	36	1648	0	1737
27606	1638	8	27	44	0	1717
27607	1650	9	14	25	0	1698
27608	1667	10	5	22	0	1704
27609	1699	9	9	10	0	1727
27610	44	1724	3	14	0	1785
27611	1738	28	8	14	0	1788
27612	36	1739	11	8	0	1794
27613	27	37	1733	7	0	1804
27614	18	27	39	1662	0	1746
27615	9	1765	26	32	0	1832
27616	22	40	12	1706	0	1780
27617	1671	29	11	38	0	1749
27618	34	8	13	1658	0	1713
27619	21	1704	7	41	0	1773
27620	1714	38	6	18	0	1776
27621	40	22	1713	17	0	1792
27622	34	10	33	1699	0	1776
27623	15	10	23	1742	0	1790
27624	1671	14	9	51	0	1745
27625	40	1659	13	26	0	1738
27626	24	39	1638	13	0	1714
27627	15	27	32	1642	0	1716
27628	13	15	1665	44	0	1737
27629	15	1616	37	25	0	1693
27630	10	1674	24	17	0	1725
27631	1648	48	17	17	0	1730
27632	38	28	1639	22	0	1727
27633	1680	17	37	22	0	1756
27634	45	11	25	1609	0	1690
27635	26	1676	15	39	0	1756
27636	1677	34	9	36	0	1756
27637	36	25	1688	18	0	1767
27638	38	16	36	1680	0	1770
27639	18	16	25	1691	0	1750
27640	19	14	21	1662	0	1716
27641	9	1654	13	56	0	1732
27642	1611	39	14	34	0	1698
27643	33	1628	6	27	0	1694
27644	23	1693	19	17	0	1752
27645	25	47	11	1683	0	1766
27646	1666	40	17	36	0	1759
27647	1664	18	9	34	0	1725
27648	1660	22	10	29	0	1721
27649	56	1553	19	13	0	1641
27650	41	34	8	1549	0	1632
27651	25	29	1551	38	0	1643
27652	14	13	43	1555	0	1625
27653	18	17	30	1513	0	1578
27654	17	1559	11	54	0	1641
27655	1585	43	18	37	0	1683
27656	49	28	14	1559	0	1650
27657	30	1592	12	51	0	1685
27658	1592	52	8	36	0	1688
27659	52	33	1573	19	0	1677
27660	1586	15	43	17	0	1661
27661	42	1617	29	22	0	1710
27662	1637	50	11	13	0	1711
27663	1632	34	9	17	0	1692
27664	55	18	1631	18	0	1722
27665	1614	9	41	20	0	1684
27666	46	22	1672	16	0	1756
27667	42	14	1675	16	0	1747
27668	1655	15	56	18	0	1744
27669	1691	11	33	15	0	1750
27670	62	20	1700	17	0	1799
27671	45	15	49	1691	0	1800
27672	34	14	34	1678	0	1760
27673	25	1738	14	53	0	1830
27674	1699	40	13	30	0	1782
27675	1769	32	11	19	0	1831
27676	70	13	1753	12	0	1848
27677	1743	16	44	20	0	1823
27678	1798	18	25	15	0	1856
27679	66	1730	19	7	0	1822
27680	41	38	18	1694	0	1791
27681	34	25	11	1666	0	1736
27682	32	20	10	1669	0	1731
27683	1567	14	11	54	0	1646
27684	37	1471	15	37	0	1560
27685	23	24	10	1165	0	1222
27686	21	1165	4	21	0	1211
27687	21	46	5	1094	0	1166
27688	12	1126	7	13	0	1158
27689	8	1116	6	21	0	1151
27690	961	11	17	12	0	1001
27691	949	5	6	8	0	968
27692	8	4	1	897	0	910
27693	7	2	1	912	0	922
27694	7	0	3	925	0	935
27695	6	0	2	930	0	938
27696	4	2	0	910	0	916
27697	3	916	1	8	0	928
27698	1	7	2	932	0	942
27699	8	0	1	941	0	950
27700	929	2	1	12	0	944
27701	10	1	2	935	0	948
27702	3	3	0	943	0	949
27703	2	6	965	12	0	985
27704	6	4	4	935	0	949
27705	3	2	1	976	0	982
27706	2	4	995	12	0	1013
27707	2	1041	10	10	0	1063
27708	5	8	1065	11	0	1089
27709	4	3	1047	7	0	1061
27710	2	1048	7	8	0	1065
27711	1042	10	4	17	0	1073
27712	1060	5	6	10	0	1081
27713	13	3	2	1031	0	1049
27714	1056	1	1	22	0	1080
27715	13	4	1096	6	0	1119
27716	5	5	13	1102	0	1125
27717	1	1	1218	16	0	1236
27718	7	0	17	1212	0	1236
27719	4	5	3	1230	0	1242
27720	7	2	4	1248	0	1261
27721	1240	3	6	18	0	1267
27722	14	0	5	1254	0	1273
27723	1251	2	4	17	0	1274
27724	1257	3	6	7	0	1273
27725	16	1252	3	6	0	1277
27726	1259	14	6	8	0	1287
27727	16	1307	7	7	0	1337
27728	7	15	2	1306	0	1330
27729	9	3	5	1320	0	1337
27730	12	0	2	1333	0	1347
27731	2	4	1320	23	0	1349
27732	7	1301	19	9	0	1336
27733	9	19	5	1270	0	1303
27734	6	4	3	1276	0	1289
27735	8	1295	6	19	0	1328
27736	1303	20	1	13	0	1337
27737	22	1275	2	10	0	1309
27738	1255	19	0	17	0	1291
27739	21	1280	1	6	0	1308
27740	10	18	3	1248	0	1279
27741	2	1291	6	18	0	1317
27742	1311	17	0	15	0	1343
27743	1313	6	4	10	0	1333
27744	1290	5	2	17	0	1314
27745	1295	9	3	6	0	1313
27746	20	8	1297	8	0	1333
27747	1286	4	18	16	0	1324
27748	1330	6	1	12	0	1349
27749	1328	6	5	9	0	1348
27750	23	10	1302	5	0	1340
27751	1281	11	17	7	0	1316
27752	26	1313	0	7	0	1346
27753	1338	24	0	14	0	1376
27754	25	2	1461	11	0	1499
27755	1422	6	18	13	0	1459
27756	1473	3	3	12	0	1491
27757	31	11	2	1433	0	1477
27758	11	9	1422	18	0	1460
27759	1436	3	19	15	0	1473
27760	24	2	4	1475	0	1505
27761	15	6	1	1505	0	1527
27762	13	4	1508	17	0	1542
27763	1428	1	25	7	0	1461
27764	1517	1	7	9	0	1534
27765	30	1497	4	7	0	1538
27766	10	20	5	1494	0	1529
27767	14	4	7	1491	0	1516
27768	12	4	8	1471	0	1495
27769	13	1474	4	18	0	1509
27770	1456	17	6	14	0	1493
27771	22	5	4	1460	0	1491
27772	8	2	10	1462	0	1482
27773	1442	4	2	21	0	1469
27774	1403	4	5	15	0	1427
27775	23	2	2	1416	0	1443
27776	8	1	7	1413	0	1429
27777	10	3	1353	24	0	1390
27778	1290	6	20	12	0	1328
27779	26	1387	1	7	0	1421
27780	7	15	2	1479	0	1503
27781	9	3	2	1500	0	1514
27782	10	1557	3	25	0	1595
27783	13	27	1	1596	0	1637
27784	1692	6	3	40	0	1741
27785	50	6	2	2029	0	2087
27786	15	3	4	2098	0	2120
27787	13	4	2	2142	0	2161
27788	10	7	2068	81	0	2166
27789	15	5	52	2064	0	2136
27790	10	1	2062	72	0	2145
27791	4	1994	61	27	0	2086
27792	16	49	23	1981	0	2069
27793	6	17	10	2007	0	2040
27794	8	9	5	2048	0	2070
27795	12	6	7	2017	0	2042
27796	9	5	1	2067	0	2082
27797	1936	2	5	87	0	2030
27798	50	6	1956	39	0	2051
27799	18	1902	54	25	0	1999
27800	14	2033	15	16	0	2078
27801	13	62	9	1989	0	2073
27802	13	22	6	2045	0	2086
27803	11	11	7	2004	0	2033
27804	8	1989	6	75	0	2078
27805	13	59	2	2024	0	2098
27806	6	14	1974	70	0	2064
27807	2	1929	51	31	0	2013
27808	5	56	21	1924	0	2006
27809	1894	18	6	74	0	1992
27810	57	6	6	1897	0	1966
27811	21	13	4	1898	0	1936
27812	8	1827	1	74	0	1910
27813	7	1954	4	31	0	1996
27814	15	57	1	1895	0	1968
27815	5	22	3	1901	0	1931
27816	8	12	1859	72	0	1951
27817	9	9	38	1790	0	1846
27818	6	5	20	1827	0	1858
27819	9	2	11	1829	0	1851
27820	6	6	11	1852	0	1875
27821	1769	8	4	93	0	1874
27822	1827	4	4	47	0	1882
27823	65	1	4	1835	0	1905
27824	28	2	2	1894	0	1926
27825	1841	5	2	82	0	1930
27826	53	4	4	1911	0	1972
27827	26	4	1914	73	0	2017
27828	12	1888	52	37	0	1989
27829	15	47	21	1964	0	2047
27830	6	24	14	2024	0	2068
27831	1977	14	9	88	0	2088
27832	46	10	8	2021	0	2085
27833	23	7	3	2082	0	2115
27834	2046	8	4	86	0	2144
27835	56	5	4	2095	0	2160
27836	23	2095	8	74	0	2200
27837	11	50	6	2230	0	2297
27838	17	26	4	2314	0	2361
27839	10	12	5	2358	0	2385
27840	12	10	6	2358	0	2386
27841	8	14	2280	91	0	2393
27842	6	12	2265	57	0	2340
27843	6	14	61	2280	0	2361
27844	7	8	23	2279	0	2317
27845	5	2274	13	90	0	2382
27846	14	50	11	2211	0	2286
27847	9	2259	11	82	0	2361
27848	2221	55	6	57	0	2339
27849	46	2363	8	37	0	2454
27850	26	63	7	2458	0	2554
27851	22	31	3	2513	0	2569
27852	18	20	2440	91	0	2569
27853	2315	13	49	72	0	2449
27854	2341	6	25	47	0	2419
27855	76	2349	16	31	0	2472
27856	41	59	8	2312	0	2420
27857	19	24	2494	76	0	2613
27858	12	2548	49	46	0	2655
27859	2487	58	25	39	0	2609
27860	2519	25	12	38	0	2594
27861	78	20	2411	22	0	2531
27862	2415	18	49	31	0	2513
27863	69	6	23	2452	0	2550
27864	37	2424	14	76	0	2551
27865	2433	56	15	48	0	2552
27866	63	31	9	2435	0	2538
27867	2427	16	3	84	0	2530
27868	2533	9	8	56	0	2606
27869	87	10	3	2566	0	2666
27870	35	8	2621	85	0	2749
27871	2606	11	54	46	0	2717
27872	2695	10	27	49	0	2781
27873	2750	5	13	34	0	2802
27874	85	2751	14	26	0	2876
27875	46	55	10	2752	0	2863
27876	31	27	3	2845	0	2906
27877	14	21	2783	95	0	2913
27878	23	14	50	2749	0	2836
27879	13	2762	26	81	0	2882
27880	2672	50	12	51	0	2785
27881	52	2693	9	34	0	2788
27882	30	54	2645	26	0	2755
27883	17	2674	51	35	0	2777
27884	19	2672	31	15	0	2737
27885	19	27	12	2274	0	2332
27886	2285	14	9	18	0	2326
27887	2230	8	3	23	0	2264
27888	2259	3	5	11	0	2278
27889	22	2340	0	7	0	2369
27890	13	17	2301	9	0	2340
27891	2278	11	13	16	0	2318
27892	2362	4	12	12	0	2390
27893	23	2341	3	9	0	2376
27894	2383	12	3	14	0	2412
27895	20	16	4	2394	0	2434
27896	13	5	2540	16	0	2574
27897	2518	6	20	22	0	2566
27898	2575	6	9	15	0	2605
27899	2679	6	5	21	0	2711
27900	33	18	1	2610	0	2662
27901	18	5	7	2703	0	2733
27902	15	3	5	2856	0	2879
27903	12	2834	4	39	0	2889
27904	32	24	1	2909	0	2966
27905	15	16	4	3215	0	3250
27906	6	15	3239	53	0	3313
27907	13	3	39	3242	0	3297
27908	19	10	16	3276	0	3321
27909	16	5	9	3297	0	3327
27910	13	6	6	3279	0	3304
27911	9	3235	14	76	0	3334
27912	18	37	7	3271	0	3333
27913	17	16	4	3276	0	3313
27914	3218	14	5	71	0	3308
27915	45	9	3189	42	0	3285
27916	21	17	3069	29	0	3136
27917	3066	7	56	34	0	3163
27918	3180	10	22	33	0	3245
27919	69	7	13	3039	0	3128
27920	32	3188	11	47	0	3278
27921	3218	37	13	41	0	3309
27922	56	19	13	3149	0	3237
27923	28	3255	18	54	0	3355
27924	3239	39	5	54	0	3337
27925	44	3297	4	20	0	3365
27926	3233	43	4	37	0	3317
27927	3165	21	3	38	0	3227
27928	56	3137	7	20	0	3220
27929	34	42	7	3110	0	3193
27930	16	27	3079	53	0	3175
27931	40	27	35	3023	0	3125
27932	3043	10	19	66	0	3138
27933	47	18	3025	29	0	3119
27934	30	3016	37	30	0	3113
27935	28	42	22	2960	0	3052
27936	8	20	2950	58	0	3036
27937	11	2903	39	36	0	2989
27938	2912	38	26	34	0	3010
27939	48	19	15	2930	0	3012
27940	27	18	7	2936	0	2988
27941	25	12	13	2917	0	2967
27942	7	2921	12	67	0	3007
27943	2887	38	7	48	0	2980
27944	45	2838	20	42	0	2945
27945	19	2896	8	30	0	2953
27946	2894	44	5	41	0	2984
27947	2904	24	7	43	0	2978
27948	52	20	2830	28	0	2930
27949	2731	17	31	28	0	2807
27950	2720	17	20	22	0	2779
27951	61	16	11	2680	0	2768
27952	42	18	2653	44	0	2757
27953	34	11	43	2629	0	2717
27954	2695	10	19	61	0	2785
27955	54	13	2703	24	0	2794
27956	49	9	37	2891	0	2986
27957	42	7	25	3198	0	3272
27958	22	18	15	3530	0	3585
27959	3543	9	16	116	0	3684
27960	82	3567	20	49	0	3718
27961	3575	87	8	47	0	3717
27962	103	28	3564	29	0	3724
27963	46	24	84	3513	0	3667
27964	34	3638	26	99	0	3797
27965	3651	87	22	48	0	3808
27966	107	38	12	3656	0	3813
27967	50	27	3644	105	0	3826
27968	43	16	91	3575	0	3725
27969	3433	22	33	127	0	3615
27970	97	3427	22	57	0	3603
27971	58	90	18	3126	0	3292
27972	24	3387	18	78	0	3507
27973	3367	94	10	60	0	3531
27974	3365	32	16	40	0	3453
27975	105	3324	16	35	0	3480
27976	3328	84	9	26	0	3447
27977	107	46	12	3176	0	3341
27978	54	3286	14	86	0	3440
27979	3297	85	9	54	0	3445
27980	3350	48	10	39	0	3447
27981	133	3202	12	27	0	3374
27982	58	3297	6	22	0	3383
27983	3231	105	4	24	0	3364
27984	111	56	9	3195	0	3371
27985	3224	27	6	105	0	3362
27986	114	24	11	3218	0	3367
27987	55	30	3149	97	0	3331
27988	56	17	76	3205	0	3354
27989	3147	17	24	114	0	3302
27990	107	16	3178	40	0	3341
27991	57	10	86	3171	0	3324
27992	51	15	33	3246	0	3345
27993	24	10	3180	133	0	3347
27994	3109	14	84	71	0	3278
27995	109	16	41	3147	0	3313
27996	52	12	2973	107	0	3144
27997	2790	8	85	64	0	2947
27998	86	2964	43	40	0	3133
27999	38	2900	22	32	0	2992
28000	36	2984	18	31	0	3069
28001	17	100	2839	38	0	2994
28002	37	58	80	2667	0	2842
28003	25	22	2699	93	0	2839
28004	19	46	68	2359	0	2492
28005	9	2288	26	72	0	2395
28006	13	2342	14	24	0	2393
28007	23	80	14	2283	0	2400
28008	2286	23	10	73	0	2392
28009	64	23	6	2335	0	2428
28010	41	13	2	2317	0	2373
28011	18	2320	5	79	0	2422
28012	2297	57	9	47	0	2410
28013	62	2327	3	27	0	2419
28014	35	66	5	2331	0	2437
28015	22	32	2	2363	0	2419
28016	17	2324	6	85	0	2432
28017	21	69	4	2354	0	2448
28018	2325	26	4	96	0	2451
28019	85	31	9	2335	0	2460
28020	47	23	6	2322	0	2398
28021	36	2296	10	81	0	2423
28022	28	68	14	2350	0	2460
28023	2214	33	9	99	0	2355
28024	2271	28	11	42	0	2352
28025	2299	21	10	40	0	2370
28026	98	20	6	2255	0	2379
28027	47	22	2208	77	0	2354
28028	33	19	2218	46	0	2316
28029	34	19	71	2248	0	2372
28030	2253	25	26	81	0	2385
28031	82	18	16	2291	0	2407
28032	2303	23	12	86	0	2424
28033	95	20	9	2290	0	2414
28034	64	17	9	2343	0	2433
28035	2324	23	7	96	0	2450
28036	87	26	2223	38	0	2374
28037	2250	20	58	40	0	2368
28038	95	24	2198	24	0	2341
28039	62	23	73	2155	0	2313
28040	2187	16	29	79	0	2311
28041	77	21	2192	44	0	2334
28042	45	27	2193	30	0	2295
28043	2199	20	78	30	0	2327
28044	79	20	2198	30	0	2327
28045	45	2185	76	39	0	2345
28046	42	58	31	2255	0	2386
28047	2349	24	33	96	0	2502
28048	76	18	2344	58	0	2496
28049	2356	9	69	44	0	2478
28050	2414	15	47	36	0	2512
28051	2421	12	29	39	0	2501
28052	2440	12	18	42	0	2512
28053	106	20	28	2318	0	2472
28054	45	2305	22	80	0	2452
28055	2267	64	16	54	0	2401
28056	61	28	2031	34	0	2154
28057	20	1494	33	16	0	1563
28058	1276	20	14	11	0	1321
28059	16	1157	8	2	0	1183
28060	8	1214	3	6	0	1231
28061	38	18	12	1182	0	1250
28062	16	10	4	1193	0	1223
28063	6	5	4	1202	0	1217
28064	1230	3	2	23	0	1258
28065	1276	2	1	16	0	1295
28066	20	5	1	1319	0	1345
28067	14	2	1	1437	0	1454
28068	9	1	1530	28	0	1568
28069	1522	5	28	15	0	1570
28070	1602	1	5	14	0	1622
28071	45	5	6	1585	0	1641
28072	22	3	2	1618	0	1645
28073	7	2	1595	39	0	1643
28074	8	2	31	1591	0	1632
28075	5	3	1650	35	0	1693
28076	5	1651	40	10	0	1706
28077	5	27	1644	10	0	1686
28078	9	10	44	1590	0	1653
28079	2	5	1649	29	0	1685
28080	4	1	1588	6	0	1599
28081	1636	1	35	13	0	1685
28082	38	1	12	1704	0	1755
28083	9	1	1736	39	0	1785
28084	1629	0	39	16	0	1684
28085	38	3	1752	8	0	1801
28086	11	2	1923	4	0	1940
28087	7	1936	44	3	0	1990
28088	14	33	9	1895	0	1951
28089	5	7	1902	31	0	1945
28090	4	5	1846	8	0	1863
28091	11	2	38	1854	0	1905
28092	9	2	10	1848	0	1869
28093	4	1871	7	37	0	1919
28094	7	34	4	1891	0	1936
28095	1910	6	4	38	0	1958
28096	1931	3	3	17	0	1954
28097	1963	0	7	17	0	1987
28098	46	2	4	1918	0	1970
28099	18	1978	5	37	0	2038
28100	1967	30	4	19	0	2020
28101	40	1962	7	11	0	2020
28102	12	1961	3	9	0	1985
28103	6	1970	5	13	0	1994
28104	1967	38	5	18	0	2028
28105	41	11	10	1954	0	2016
28106	17	10	8	1950	0	1985
28107	11	1964	8	38	0	2021
28108	1920	40	10	20	0	1990
28109	37	8	1902	12	0	1959
28110	17	4	37	1908	0	1966
28111	1910	4	15	41	0	1970
28112	37	1952	14	14	0	2017
28113	2010	36	7	20	0	2073
28114	47	9	9	2010	0	2075
28115	11	2083	12	33	0	2139
28116	12	38	2063	11	0	2124
28117	2024	11	42	18	0	2095
28118	41	9	16	2097	0	2163
28119	2102	7	10	43	0	2162
28120	43	3	8	2099	0	2153
28121	12	2083	17	42	0	2154
28122	12	35	2171	16	0	2234
28123	6	7	2168	20	0	2201
28124	14	15	47	2155	0	2231
28125	2187	6	14	46	0	2253
28126	2200	1	8	18	0	2227
28127	46	5	7	2178	0	2236
28128	23	6	9	2192	0	2230
28129	2185	2	8	57	0	2252
28130	41	5	9	2219	0	2274
28131	2205	8	7	57	0	2277
28132	42	2235	5	15	0	2297
28133	2240	41	4	25	0	2310
28134	46	15	2306	7	0	2374
28135	22	5	36	2301	0	2364
28136	16	5	10	2365	0	2396
28137	8	8	8	2363	0	2387
28138	11	2315	8	46	0	2380
28139	15	2170	9	17	0	2211
28140	12	41	7	2348	0	2408
28141	8	15	2360	40	0	2423
28142	16	9	39	2315	0	2379
28143	12	7	9	2389	0	2417
28144	14	218	11	2184	0	2427
28145	2331	11	6	56	0	2404
28146	40	2255	12	22	0	2329
28147	7	2332	8	11	0	2358
28148	15	39	9	2323	0	2386
28149	17	8	14	2376	0	2415
28150	20	12	4	2335	0	2371
28151	19	7	6	2368	0	2400
28152	2313	11	11	54	0	2389
28153	37	2329	10	16	0	2392
28154	2319	37	16	32	0	2404
28155	2413	6	11	18	0	2448
28156	43	10	7	2406	0	2466
28157	24	6	1	2451	0	2482
28158	2418	9	4	56	0	2487
28159	2416	6	8	26	0	2456
28160	56	1	7	2336	0	2400
28161	28	10	3	2382	0	2423
28162	18	12	2367	46	0	2443
28163	17	2332	33	18	0	2400
28164	19	2443	8	10	0	2480
28165	2357	34	7	21	0	2419
28166	44	8	2436	12	0	2500
28167	6	6	2248	14	0	2274
28168	2056	7	21	9	0	2093
28169	2116	3	5	14	0	2138
28170	22	2306	4	4	0	2336
28171	6	2393	3	8	0	2410
28172	8	19	2	2420	0	2449
28173	2510	3	2	34	0	2549
28174	2515	2	1	28	0	2546
28175	2561	2	0	24	0	2587
28176	23	2	0	2533	0	2558
28177	9	5	3	2554	0	2571
28178	5	4	2553	21	0	2583
28179	6	8	2396	8	0	2418
28180	8	1	2555	8	0	2572
28181	8	18	11	2430	0	2467
28182	2415	0	5	26	0	2446
28183	5	3	2481	4	0	2493
28184	6	1	4	2449	0	2460
28185	2	2566	4	7	0	2579
28186	1	4	0	2513	0	2518
28187	6	1	0	2538	0	2545
28188	3	3	2719	8	0	2733
28189	5	3	3	2688	0	2699
28190	2868	2	1	20	0	2891
28191	10	1	2980	5	0	2996
28192	12	0	10	2969	0	2991
28193	4	2	3064	9	0	3079
28194	2	3075	18	8	0	3103
28195	3	12	3117	7	0	3139
28196	18	7	15	2938	0	2978
28197	11	8	9	3078	0	3106
28198	2	2	3207	20	0	3231
28199	12	1	14	3118	0	3145
28200	9	5	7	3063	0	3084
28201	2	3102	9	18	0	3131
28202	2	11	3170	14	0	3197
28203	13	6	15	3142	0	3176
28204	11	3	10	3209	0	3233
28205	0	3237	9	26	0	3272
28206	5	19	4	3280	0	3308
28207	3265	11	4	37	0	3317
28208	22	6	6	3284	0	3318
28209	11	1	3342	29	0	3383
28210	3243	0	21	23	0	3287
28211	3526	4	10	25	0	3565
28212	35	5	3638	9	0	3687
28213	3512	2	29	22	0	3565
28214	31	3703	18	7	0	3759
28215	27	29	12	3714	0	3782
28216	17	12	6	4123	0	4158
28217	22	11	4	4045	0	4082
28218	17	12	3	4126	0	4158
28219	16	2	7	4171	0	4196
28220	4127	5	1	88	0	4221
28221	45	6	4072	34	0	4157
28222	3859	4	46	39	0	3948
28223	57	4	3993	18	0	4072
28224	33	6	54	3960	0	4053
28225	3995	3	20	75	0	4093
28226	61	3	20	3943	0	4027
28227	22	4000	12	59	0	4093
28228	4063	43	8	38	0	4152
28229	56	15	11	4238	0	4320
28230	27	20	4053	62	0	4162
28231	3940	5	43	42	0	4030
28232	54	4311	19	45	0	4429
28233	26	63	4366	16	0	4471
28234	35	24	60	4274	0	4393
28235	45	22	25	4157	0	4249
28236	10	4288	19	87	0	4404
28237	21	49	4290	47	0	4407
28238	28	23	58	4250	0	4359
28239	21	17	4429	79	0	4546
28240	23	10	71	4353	0	4457
28241	29	2	30	4395	0	4456
28242	22	10	4420	88	0	4540
28243	28	9	79	4383	0	4499
28244	74	19	46	3651	0	3790
28245	37	7	27	4592	0	4663
28246	22	6	17	4629	0	4674
28247	4438	6	14	140	0	4598
28248	74	8	4403	68	0	4553
28249	4529	13	69	65	0	4676
28250	102	8	37	4747	0	4894
28251	60	11	25	4824	0	4920
28252	39	9	29	4826	0	4903
28253	25	4779	23	135	0	4962
28254	4833	70	25	83	0	5011
28255	95	40	25	4894	0	5054
28256	40	4888	30	105	0	5063
28257	33	70	8	4967	0	5078
28258	4962	35	18	127	0	5142
28259	4951	23	31	75	0	5080
28260	4926	17	15	83	0	5041
28261	107	4929	23	48	0	5107
28262	49	82	5035	51	0	5217
28263	4971	37	76	73	0	5157
28264	5051	22	41	64	0	5178
28265	101	5096	37	42	0	5276
28266	5086	80	16	52	0	5234
28267	4993	35	17	63	0	5108
28268	5100	22	19	56	0	5197
28269	120	5337	28	54	0	5539
28270	84	78	26	5281	0	5469
28271	5311	43	12	107	0	5473
28272	5415	28	18	87	0	5548
28273	5343	21	16	69	0	5449
28274	5442	14	7	70	0	5533
28275	144	28	13	5323	0	5508
28276	86	16	5296	115	0	5513
28277	79	11	77	5246	0	5413
28278	41	5311	45	112	0	5509
28279	60	82	28	5457	0	5627
28280	49	37	5471	128	0	5685
28281	5479	24	95	74	0	5672
28282	136	20	51	5577	0	5784
28283	5570	16	30	140	0	5756
28284	5616	20	28	72	0	5736
28285	189	16	12	5583	0	5800
28286	89	33	5599	121	0	5842
28287	67	22	5305	69	0	5463
28288	5120	21	112	68	0	5321
28289	124	5275	48	47	0	5494
28290	69	5195	27	29	0	5320
28291	56	5199	24	29	0	5308
28292	52	5357	16	38	0	5463
28293	5200	113	51	39	0	5403
28294	5219	48	15	41	0	5323
28295	5221	33	11	39	0	5304
28296	5227	22	13	40	0	5302
28297	141	22	15	5042	0	5220
28298	67	5057	18	91	0	5233
28299	5010	84	14	67	0	5175
28300	109	48	5089	33	0	5279
28301	75	5084	80	34	0	5273
28302	60	76	5128	31	0	5295
28303	4981	37	93	31	0	5142
28304	5107	20	44	40	0	5211
28305	5180	16	21	36	0	5253
28306	155	18	23	5048	0	5244
28307	64	18	5125	92	0	5299
28308	39	5134	80	47	0	5300
28309	4995	78	42	43	0	5158
28310	107	4974	23	20	0	5124
28311	68	4809	11	18	0	4906
28312	48	4753	8	23	0	4832
28313	43	4744	9	24	0	4820
28314	28	88	4579	27	0	4722
28315	33	4671	70	29	0	4803
28316	4303	53	23	26	0	4405
28317	59	32	16	4279	0	4386
28318	53	14	13	4347	0	4427
28319	4306	16	10	87	0	4419
28320	61	4283	12	34	0	4390
28321	50	46	4477	14	0	4587
28322	38	29	43	4403	0	4513
28323	34	15	24	4517	0	4590
28324	28	16	17	4575	0	4636
28325	29	15	4530	66	0	4640
28326	30	15	4493	35	0	4573
28327	38	17	63	4508	0	4626
28328	26	18	4550	51	0	4645
28329	22	17	4252	29	0	4320
28330	3765	25	75	26	0	3891
28331	62	4282	30	20	0	4394
28332	32	4094	20	10	0	4156
28333	34	4238	9	8	0	4289
28334	42	65	9	4101	0	4217
28335	24	4312	11	38	0	4385
28336	4309	51	11	42	0	4413
28337	65	34	4336	15	0	4450
28338	4322	18	55	28	0	4423
28339	64	16	24	4414	0	4518
28340	44	13	14	4427	0	4498
28341	24	4568	17	62	0	4671
28342	4531	60	14	46	0	4651
28343	4577	28	14	29	0	4648
28344	85	4857	13	20	0	4975
28345	52	75	9	4754	0	4890
28346	29	27	4844	63	0	4963
28347	24	23	4780	32	0	4859
28348	23	4855	97	16	0	4991
28349	4743	77	38	39	0	4897
28350	87	26	4779	9	0	4901
28351	47	15	78	4657	0	4797
28352	4758	11	33	85	0	4887
28353	4823	14	13	35	0	4885
28354	107	5794	13	12	0	5926
28355	37	6085	22	23	0	6167
28356	6065	151	17	33	0	6266
28357	135	64	6077	7	0	6283
28358	6044	34	126	22	0	6226
28359	6218	26	48	23	0	6315
28360	200	24	23	6046	0	6293
28361	73	21	6199	125	0	6418
28362	43	15	6094	44	0	6196
28363	5859	13	171	33	0	6076
28364	150	22	6086	17	0	6275
28365	5777	15	142	28	0	5962
28366	5994	17	65	24	0	6100
28367	186	5931	38	17	0	6172
28368	92	135	5884	9	0	6120
28369	48	5753	138	13	0	5952
28370	5636	146	60	18	0	5860
28371	151	63	5668	10	0	5892
28372	99	35	145	5366	0	5645
28373	54	20	5595	119	0	5788
28374	45	23	5618	46	0	5732
28375	52	16	5635	21	0	5724
28376	44	22	5595	21	0	5682
28377	42	5382	204	25	0	5653
28378	27	137	5414	18	0	5596
28379	47	5362	162	17	0	5588
28380	41	131	5365	7	0	5544
28381	5222	62	153	22	0	5459
28382	156	37	87	4927	0	5207
28383	73	5323	52	91	0	5539
28384	5247	130	49	67	0	5493
28385	5296	56	65	34	0	5451
28386	5036	36	45	46	0	5163
28387	5276	31	58	32	0	5397
28388	176	5228	52	24	0	5480
28389	5021	120	67	36	0	5244
28390	5246	52	57	27	0	5382
28391	181	5094	48	22	0	5345
28392	78	144	4965	14	0	5201
28393	78	79	145	4758	0	5060
28394	70	5055	84	104	0	5313
28395	67	147	5071	37	0	5322
28396	52	79	5086	39	0	5256
28397	50	4963	191	20	0	5224
28398	73	5111	86	26	0	5296
28399	68	5300	60	22	0	5450
28400	71	5227	55	23	0	5376
28401	5167	189	57	19	0	5432
28402	5223	122	47	29	0	5421
28403	223	75	5232	21	0	5551
28404	136	63	5312	20	0	5531
28405	102	66	206	5160	0	5534
28406	102	52	115	5232	0	5501
28407	91	62	73	5340	0	5566
28408	5191	58	80	194	0	5523
28409	167	5231	83	84	0	5565
28410	113	5477	75	47	0	5712
28411	89	5607	66	44	0	5806
28412	5356	254	73	47	0	5730
28413	5496	138	83	30	0	5747
28414	262	99	72	5260	0	5693
28415	5467	89	78	164	0	5798
28416	5588	80	83	83	0	5834
28417	300	59	75	5430	0	5864
28418	5491	69	80	194	0	5834
28419	247	5387	96	96	0	5826
28420	157	187	107	5364	0	5815
28421	132	110	5254	185	0	5681
28422	123	5232	239	86	0	5680
28423	120	213	5312	62	0	5707
28424	148	134	227	4931	0	5440
28425	115	5319	152	166	0	5752
28426	168	201	115	5225	0	5709
28427	149	131	107	5329	0	5716
28428	142	84	5239	239	0	5704
28429	112	87	5468	106	0	5773
28430	128	73	286	5329	0	5816
28431	124	73	182	5168	0	5547
28432	108	5408	166	213	0	5895
28433	5179	208	129	118	0	5634
28434	226	5299	128	89	0	5742
28435	134	5426	100	75	0	5735
28436	105	275	5180	65	0	5625
28437	80	5186	221	56	0	5543
28438	92	242	157	4727	0	5218
28439	77	5082	135	163	0	5457
28440	101	219	100	4846	0	5266
28441	70	4962	117	197	0	5346
28442	4867	219	90	132	0	5308
28443	205	4920	108	61	0	5294
28444	121	205	85	4294	0	4705
28445	96	4569	77	151	0	4893
28446	4539	222	90	73	0	4924
28447	4577	137	51	76	0	4841
28448	217	4523	71	50	0	4861
28449	4360	191	43	51	0	4645
28450	201	138	48	4162	0	4549
28451	92	100	4184	153	0	4529
28452	87	92	4183	84	0	4446
28453	73	4172	193	62	0	4500
28454	2857	85	66	59	0	3067
28455	2852	47	27	29	0	2955
28456	100	33	2748	22	0	2903
28457	59	27	2677	21	0	2784
28458	2575	27	69	35	0	2706
28459	2692	25	33	20	0	2770
28460	84	24	2618	20	0	2746
28461	2424	24	71	20	0	2539
28462	74	2482	39	18	0	2613
28463	36	2565	22	18	0	2641
28464	56	83	25	2458	0	2622
28465	28	46	15	2513	0	2602
28466	2502	37	28	75	0	2642
28467	2482	22	28	45	0	2577
28468	2534	30	13	35	0	2612
28469	94	18	21	2452	0	2585
28470	57	27	24	2451	0	2559
28471	38	2317	16	70	0	2441
28472	22	2374	12	44	0	2452
28473	27	2478	13	32	0	2550
28474	40	88	18	2311	0	2457
28475	30	2410	15	61	0	2516
28476	35	75	2332	31	0	2473
28477	2216	35	58	35	0	2344
28478	77	37	2344	18	0	2476
28479	40	24	2348	27	0	2439
28480	2255	34	65	22	0	2376
28481	66	2334	38	29	0	2467
28482	2358	76	29	20	0	2483
28483	2409	38	16	23	0	2486
28484	85	39	2289	20	0	2433
28485	46	27	2323	21	0	2417
28486	40	2350	76	16	0	2482
28487	37	71	2390	16	0	2514
28488	43	33	81	2348	0	2505
28489	43	35	41	2085	0	2204
28490	28	2360	32	75	0	2495
28491	22	2480	20	40	0	2562
28492	2455	81	12	33	0	2581
28493	2526	55	20	21	0	2622
28494	92	50	22	2482	0	2646
28495	68	21	25	2553	0	2667
28496	2483	37	21	85	0	2626
28497	2532	20	35	49	0	2636
28498	87	2526	27	37	0	2677
28499	2352	68	17	25	0	2462
28500	77	2260	13	18	0	2368
28501	44	2371	15	20	0	2450
28502	2376	80	20	17	0	2493
28503	2361	37	18	25	0	2441
28504	93	34	11	2311	0	2449
28505	2313	25	19	58	0	2415
28506	95	20	2314	25	0	2454
28507	49	2335	44	28	0	2456
28508	2283	59	20	26	0	2388
28509	70	30	2303	21	0	2424
28510	37	43	44	2035	0	2159
28511	42	2097	29	41	0	2209
28512	31	2183	27	11	0	2252
28513	2177	47	17	27	0	2268
28514	66	30	2140	13	0	2249
28515	2004	21	40	10	0	2075
28516	60	12	24	2025	0	2121
28517	35	11	2020	33	0	2099
28518	2039	7	41	23	0	2110
28519	43	2145	23	17	0	2228
28520	29	2257	21	9	0	2316
28521	2290	44	20	19	0	2373
28522	2305	31	7	17	0	2360
28523	2351	22	11	25	0	2409
28524	62	20	7	2300	0	2389
28525	42	13	7	2330	0	2392
28526	32	7	2328	40	0	2407
28527	31	7	2278	24	0	2340
28528	23	2315	35	20	0	2393
28529	14	33	17	2180	0	2244
28530	2147	10	16	31	0	2204
28531	25	2125	8	32	0	2190
28532	34	32	6	2139	0	2211
28533	2127	15	6	35	0	2183
28534	30	2124	4	15	0	2173
28535	15	2331	7	8	0	2361
28536	13	23	2234	13	0	2283
28537	2222	17	19	14	0	2272
28538	2310	7	11	15	0	2343
28539	27	10	2286	4	0	2327
28540	2153	9	21	9	0	2192
28541	23	9	2271	3	0	2306
28542	17	2225	19	2	0	2263
28543	17	16	9	2209	0	2251
28544	2201	10	9	21	0	2241
28545	18	2158	9	8	0	2193
28546	12	2143	9	4	0	2168
28547	2053	16	4	4	0	2077
28548	10	11	2266	7	0	2294
28549	2194	3	10	8	0	2215
28550	12	2362	5	6	0	2385
28551	6	15	2292	1	0	2314
28552	2300	4	10	8	0	2322
28553	2390	5	4	4	0	2403
28554	20	5	6	2385	0	2416
28555	13	5	2	2394	0	2414
28556	8	2423	4	9	0	2444
28557	4	12	2456	6	0	2478
28558	10	4	9	2432	0	2455
28559	6	7	2589	17	0	2619
28560	2	2	2557	5	0	2566
28561	9	2	21	2722	0	2754
28562	2	2	2783	26	0	2813
28563	2	3	2831	11	0	2847
28564	8	1	41	2781	0	2831
28565	2	4	2888	29	0	2923
28566	2670	1	38	20	0	2729
28567	26	2787	17	17	0	2847
28568	13	28	2915	5	0	2961
28569	8	13	3096	4	0	3121
28570	13	7	34	2980	0	3034
28571	3220	5	18	36	0	3279
28572	3228	2	13	22	0	3265
28573	3228	2	7	15	0	3252
28574	3218	2	8	15	0	3243
28575	50	1	4	3178	0	3233
28576	17	5	3264	29	0	3315
28577	3244	2	31	23	0	3300
28578	3337	2	13	20	0	3372
28579	3366	0	6	18	0	3390
28580	47	3	3300	2	0	3352
28581	3139	0	29	16	0	3184
28582	41	1	11	3435	0	3488
28583	16	3485	10	29	0	3540
28584	16	35	8	3506	0	3565
28585	7	3601	8	29	0	3645
28586	3572	32	4	27	0	3635
28587	38	11	3662	15	0	3726
28588	22	7	36	3581	0	3646
28589	11	3711	19	37	0	3778
28590	8	3776	11	15	0	3810
28591	3736	48	21	29	0	3834
28592	3721	21	6	15	0	3763
28593	47	11	3619	7	0	3684
28594	3623	6	39	15	0	3683
28595	56	7	17	3665	0	3745
28596	21	8	3846	40	0	3915
28597	17	5	3785	20	0	3827
28598	24	4	49	3877	0	3954
28599	4131	5	24	66	0	4226
28600	68	12	14	4110	0	4204
28601	36	4	15	4130	0	4185
28602	26	6	10	4136	0	4178
28603	16	4127	12	71	0	4226
28604	26	40	12	4169	0	4247
28605	4069	25	11	78	0	4183
28606	55	4063	10	44	0	4172
28607	39	54	9	4125	0	4227
28608	4075	21	16	85	0	4197
28609	65	4011	6	39	0	4121
28610	32	4101	26	20	0	4179
28611	42	71	10	4104	0	4227
28612	4029	29	7	79	0	4144
28613	59	24	4014	50	0	4147
28614	36	16	3917	28	0	3997
28615	3964	11	73	35	0	4083
28616	4146	12	34	30	0	4222
28617	93	4213	19	17	0	4342
28618	53	60	13	4097	0	4223
28619	38	30	4124	62	0	4254
28620	31	20	3970	35	0	4056
28621	16	21	4263	25	0	4325
28622	20	4149	105	23	0	4297
28623	19	4271	49	17	0	4356
28624	4199	87	26	36	0	4348
28625	87	41	4253	13	0	4394
28626	4051	29	87	32	0	4199
28627	4235	18	42	35	0	4330
28628	109	15	4321	27	0	4472
28629	55	4423	93	12	0	4583
28630	48	83	36	4299	0	4466
28631	30	36	4500	87	0	4653
28632	24	31	4326	36	0	4417
28633	4150	23	104	37	0	4314
28634	88	4381	51	25	0	4545
28635	51	87	39	4180	0	4357
28636	38	44	32	4183	0	4297
28637	34	4201	17	99	0	4351
28638	27	4307	22	49	0	4405
28639	29	4389	25	32	0	4475
28640	47	121	16	4458	0	4642
28641	4646	62	16	111	0	4835
28642	121	38	24	4700	0	4883
28643	57	21	4666	131	0	4875
28644	43	24	4670	49	0	4786
28645	42	24	139	4662	0	4867
28646	26	26	4768	123	0	4943
28647	27	4745	132	58	0	4962
28648	39	121	53	4795	0	5008
28649	4958	46	37	147	0	5188
28650	4994	33	29	70	0	5126
28651	162	5070	27	36	0	5295
28652	5047	150	19	53	0	5269
28653	5153	58	14	55	0	5280
28654	5205	35	22	36	0	5298
28655	188	50	4761	29	0	5028
28656	4866	17	129	53	0	5065
28657	169	4927	63	20	0	5179
28658	57	138	4956	22	0	5173
28659	47	55	4968	29	0	5099
28660	40	4901	167	25	0	5133
28661	4793	147	64	20	0	5024
28662	158	47	44	4659	0	4908
28663	68	4667	28	112	0	4875
28664	4716	137	21	58	0	4932
28665	166	47	24	4729	0	4966
28666	4760	38	29	147	0	4974
28667	185	30	29	4776	0	5020
28668	70	31	4672	152	0	4925
28669	50	26	4540	57	0	4673
28670	47	36	4580	38	0	4701
28671	55	29	176	4373	0	4633
28672	47	23	84	4589	0	4743
28673	48	41	4512	151	0	4752
28674	34	4485	146	75	0	4740
28675	4559	137	59	58	0	4813
28676	4562	47	49	48	0	4706
28677	188	4573	44	24	0	4829
28678	106	148	41	4543	0	4838
28679	79	51	4648	145	0	4923
28680	4533	41	156	67	0	4797
28681	148	43	4651	49	0	4891
28682	81	24	4484	40	0	4629
28683	52	44	4557	31	0	4684
28684	4296	28	189	42	0	4555
28685	151	26	4375	37	0	4589
28686	70	4187	163	35	0	4455
28687	72	4399	70	21	0	4562
28688	85	152	53	4156	0	4446
28689	64	59	48	4250	0	4421
28690	51	41	4192	142	0	4426
28691	4044	27	139	86	0	4296
28692	4286	24	78	47	0	4435
28693	177	30	69	4195	0	4471
28694	4213	24	62	144	0	4443
28695	153	4188	55	58	0	4454
28696	4063	132	54	45	0	4294
28697	160	3958	39	43	0	4200
28698	68	4012	29	37	0	4146
28699	3781	137	49	36	0	4003
28700	3785	61	34	41	0	3921
28701	3906	42	35	46	0	4029
28702	3945	27	38	43	0	4053
28703	168	28	3701	31	0	3928
28704	3701	22	142	45	0	3910
28705	162	21	75	3628	0	3886
28706	64	3726	52	117	0	3959
28707	3718	111	42	53	0	3924
28708	141	3716	39	40	0	3936
28709	3724	134	39	36	0	3933
28710	169	51	29	3676	0	3925
28711	71	40	39	3744	0	3894
28712	73	43	3586	131	0	3833
28713	52	43	3660	57	0	3812
28714	61	3653	134	53	0	3901
28715	3548	112	60	50	0	3770
28716	140	3515	57	28	0	3740
28717	77	3528	44	23	0	3672
28718	71	3676	31	25	0	3803
28719	67	139	3517	25	0	3748
28720	71	3562	108	16	0	3757
28721	3253	135	41	39	0	3468
28722	3341	47	37	21	0	3446
28723	141	47	29	3131	0	3348
28724	70	3121	28	92	0	3311
28725	58	3229	25	50	0	3362
28726	62	108	38	3170	0	3378
28727	57	61	3163	94	0	3375
28728	64	3032	98	33	0	3227
28729	54	121	41	2904	0	3120
28730	2868	55	21	102	0	3046
28731	2901	48	21	56	0	3026
28732	118	2947	25	37	0	3127
28733	2948	105	30	34	0	3117
28734	3008	58	26	32	0	3124
28735	141	37	33	2873	0	3084
28736	70	33	2856	96	0	3055
28737	57	2873	91	46	0	3067
28738	51	111	46	2809	0	3017
28739	43	49	2803	77	0	2972
28740	36	2685	76	41	0	2838
28741	2428	72	37	40	0	2577
28742	2440	42	23	25	0	2530
28743	84	42	17	2368	0	2511
28744	45	2394	18	62	0	2519
28745	39	76	2355	29	0	2499
28746	35	40	60	2301	0	2436
28747	46	31	2347	56	0	2480
28748	29	2122	57	26	0	2234
28749	51	74	22	1838	0	1985
28750	1805	21	15	29	0	1870
28751	39	1756	13	9	0	1817
28752	1699	27	4	25	0	1755
28753	1693	16	9	12	0	1730
28754	36	1693	9	11	0	1749
28755	30	28	4	1671	0	1733
28756	23	22	12	1684	0	1741
28757	21	1634	7	33	0	1695
28758	14	1709	6	23	0	1752
28759	21	30	8	1621	0	1680
28760	20	1650	11	24	0	1705
28761	1645	23	10	22	0	1700
28762	1607	22	6	7	0	1642
28763	38	15	1578	8	0	1639
28764	15	13	1554	12	0	1594
28765	1481	13	24	12	0	1530
28766	1539	14	11	18	0	1582
28767	25	1586	10	11	0	1632
28768	1592	27	9	10	0	1638
28769	1579	19	5	18	0	1621
28770	31	1554	4	12	0	1601
28771	1616	21	8	15	0	1660
28772	25	21	6	1966	0	2018
28773	26	14	7	2040	0	2087
28774	12	14	2109	39	0	2174
28775	8	1993	37	18	0	2056
28776	8	2044	11	11	0	2074
28777	1927	71	19	31	0	2048
28778	1946	11	5	13	0	1975
28779	1884	9	6	15	0	1914
28780	1962	8	0	10	0	1980
28781	45	5	1871	7	0	1928
28782	16	10	1923	5	0	1954
28783	10	1927	42	5	0	1984
28784	19	39	12	1882	0	1952
28785	22	16	5	1859	0	1902
28786	13	1934	5	32	0	1984
28787	17	44	9	1860	0	1930
28788	1862	18	6	41	0	1927
28789	42	1858	17	15	0	1932
28790	23	41	1910	8	0	1982
28791	12	1948	38	9	0	2007
28792	1939	38	11	18	0	2006
28793	42	25	1912	8	0	1987
28794	1900	12	35	17	0	1964
28795	1937	8	14	12	0	1971
28796	55	16	1909	8	0	1988
28797	25	13	1899	4	0	1941
28798	8	14	1925	5	0	1952
28799	1802	8	45	14	0	1869
28800	46	11	1897	5	0	1959
28801	20	1855	43	9	0	1927
28802	1852	34	18	10	0	1914
28803	45	14	1832	2	0	1893
28804	1744	9	44	11	0	1808
28805	41	6	1823	2	0	1872
28806	21	10	1885	5	0	1921
28807	19	1911	52	2	0	1984
28808	11	41	1951	3	0	2006
28809	22	13	1923	2	0	1960
28810	12	1766	57	8	0	1843
28811	1882	35	28	10	0	1955
28812	44	20	1943	2	0	2009
28813	26	8	50	1783	0	1867
28814	15	1978	28	34	0	2055
28815	1993	40	23	22	0	2078
28816	1989	14	18	18	0	2039
28817	45	13	1994	5	0	2057
28818	20	1899	44	9	0	1972
28819	16	1971	26	6	0	2019
28820	27	47	19	1881	0	1974
28821	21	1861	15	36	0	1933
28822	31	49	15	1805	0	1900
28823	36	23	13	1956	0	2028
28824	22	1972	23	42	0	2059
28825	24	46	24	1938	0	2032
28826	20	1969	19	47	0	2055
28827	19	50	1967	23	0	2059
28828	23	30	47	1941	0	2041
28829	23	27	23	1962	0	2035
28830	21	1961	18	55	0	2055
28831	25	2025	15	24	0	2089
28832	22	57	17	1921	0	2017
28833	15	1975	22	45	0	2057
28834	1963	53	24	28	0	2068
28835	53	33	20	1940	0	2046
28836	26	1967	16	45	0	2054
28837	1915	54	11	31	0	2011
28838	48	1930	16	21	0	2015
28839	31	54	1904	20	0	2009
28840	25	32	52	1913	0	2022
28841	1913	25	26	48	0	2012
28842	55	23	1942	26	0	2046
28843	33	33	56	1849	0	1971
28844	21	1918	33	40	0	2012
28845	29	54	1892	25	0	2000
28846	31	1945	56	8	0	2040
28847	1825	54	33	17	0	1929
28848	1894	25	25	19	0	1963
28849	53	1879	32	13	0	1977
28850	1868	48	28	22	0	1966
28851	47	35	1866	10	0	1958
28852	29	21	56	1809	0	1915
28853	23	32	30	1772	0	1857
28854	24	1870	32	48	0	1974
28855	1999	48	22	25	0	2094
28856	2076	34	26	22	0	2158
28857	57	23	2085	14	0	2179
28858	2044	19	56	13	0	2132
28859	2076	23	31	18	0	2148
28860	2090	20	26	19	0	2155
28861	55	36	20	2044	0	2155
28862	39	24	19	2030	0	2112
28863	36	2054	19	42	0	2151
28864	2022	47	19	24	0	2112
28865	2043	25	18	22	0	2108
28866	61	2017	21	18	0	2117
28867	34	69	11	1953	0	2067
28868	22	1958	16	46	0	2042
28869	19	2048	15	28	0	2110
28870	1999	61	17	34	0	2111
28871	54	29	1915	22	0	2020
28872	12	13	1525	7	0	1557
28873	9	1519	27	9	0	1564
28874	1394	21	10	8	0	1433
28875	20	6	1418	5	0	1449
28876	10	1353	19	5	0	1387
28877	1261	9	1	7	0	1278
28878	12	3	1265	0	0	1280
28879	2	3	9	1230	0	1244
28880	1304	4	0	10	0	1318
28881	9	1	1324	1	0	1335
28882	4	0	1340	4	0	1348
28883	2	3	1413	4	0	1422
28884	5	2	1417	0	0	1424
28885	1359	0	10	4	0	1373
28886	1492	0	2	8	0	1502
28887	9	1506	5	4	0	1524
28888	5	13	1	1540	0	1559
28889	8	1	0	1592	0	1601
28890	3	1541	1	17	0	1562
28891	3	16	3	1570	0	1592
28892	2	1601	2	20	0	1625
28893	2	1646	1	3	0	1652
28894	2	22	1	1604	0	1629
28895	2	3	1649	21	0	1675
28896	3	1653	21	3	0	1680
28897	5	24	3	1654	0	1686
28898	1650	3	1	29	0	1683
28899	33	6	1624	11	0	1674
28900	1605	3	23	9	0	1640
28901	1705	1	4	11	0	1721
28902	31	3	3	1750	0	1787
28903	3	3	1820	27	0	1853
28904	4	2	1828	7	0	1841
28905	2	1898	36	4	0	1940
28906	7	36	10	1836	0	1889
28907	3	7	1855	36	0	1901
28908	2	8	1868	6	0	1884
28909	2	1893	50	5	0	1950
28910	1881	41	9	17	0	1948
28911	1908	8	8	7	0	1931
28912	55	7	3	1984	0	2049
28913	12	3	2124	58	0	2197
28914	10	6	2125	11	0	2152
28915	5	2184	62	11	0	2262
28916	6	55	2227	5	0	2293
28917	8	12	2229	3	0	2252
28918	17	14	64	2113	0	2208
28919	5	4	2242	55	0	2306
28920	2157	2	65	15	0	2239
28921	61	12	20	2247	0	2340
28922	18	6	2323	66	0	2413
28923	14	2349	59	15	0	2437
28924	11	53	19	2416	0	2499
28925	4	19	2450	58	0	2531
28926	10	2470	70	12	0	2562
28927	17	64	18	2370	0	2469
28928	7	2474	15	58	0	2554
28929	19	59	19	2486	0	2583
28930	8	21	12	2508	0	2549
28931	6	23	2473	75	0	2577
28932	8	2477	66	25	0	2576
28933	15	55	26	2474	0	2570
28934	9	18	19	2517	0	2563
28935	11	13	26	2533	0	2583
28936	6	7	2489	77	0	2579
28937	4	2447	70	34	0	2555
28938	16	65	29	2455	0	2565
28939	11	22	2475	68	0	2576
28940	7	2463	66	33	0	2569
28941	18	63	21	2478	0	2580
28942	9	23	2497	63	0	2592
28943	3	2487	65	29	0	2584
28944	10	74	25	2465	0	2574
28945	7	22	18	2564	0	2611
28946	4	19	2657	78	0	2758
28947	2466	11	75	52	0	2604
28948	57	2660	27	21	0	2765
28949	2653	69	15	34	0	2771
28950	68	27	2689	19	0	2803
28951	2658	14	72	26	0	2770
28952	73	22	23	2707	0	2825
28953	27	9	24	2800	0	2860
28954	14	17	2714	81	0	2826
28955	2432	10	74	46	0	2562
28956	2551	13	25	39	0	2628
28957	66	2550	32	24	0	2672
28958	22	2671	23	18	0	2734
28959	2631	80	15	26	0	2752
28960	71	26	2647	20	0	2764
28961	20	2751	72	25	0	2868
28962	18	68	30	2771	0	2887
28963	15	24	19	2878	0	2936
28964	7	23	2803	83	0	2916
28965	2668	14	79	39	0	2800
28966	66	19	2947	24	0	3056
28967	2902	11	83	25	0	3021
28968	82	12	3097	15	0	3206
28969	29	3126	83	26	0	3264
28970	3143	70	38	36	0	3287
28971	3212	29	26	22	0	3289
28972	3166	21	24	26	0	3237
28973	3207	11	15	26	0	3259
28974	110	15	13	3139	0	3277
28975	43	10	3167	93	0	3313
28976	35	14	84	3065	0	3198
28977	21	3188	25	82	0	3316
28978	24	72	20	3233	0	3349
28979	15	30	3220	82	0	3347
28980	17	22	3237	33	0	3309
28981	33	17	88	3164	0	3302
28982	3150	13	42	90	0	3295
28983	3127	13	21	38	0	3199
28984	3131	7	22	37	0	3197
28985	101	13	3143	23	0	3280
28986	41	11	3196	7	0	3255
28987	29	3123	87	19	0	3258
28988	21	3231	35	9	0	3296
28989	3150	76	22	23	0	3271
28990	3219	28	15	14	0	3276
28991	90	3292	11	7	0	3400
28992	3268	57	9	25	0	3359
28993	3275	21	13	19	0	3328
28994	80	3258	18	13	0	3369
28995	3325	66	14	19	0	3424
28996	3285	23	22	23	0	3353
28997	77	3401	14	21	0	3513
28998	3428	66	10	18	0	3522
28999	3396	20	22	22	0	3460
29000	86	13	3411	13	0	3523
29001	40	10	3381	11	0	3442
29002	31	3298	68	16	0	3413
29003	19	3419	28	11	0	3477
29004	3367	60	35	14	0	3476
29005	3302	21	16	19	0	3358
29006	3267	17	11	18	0	3313
29007	67	3306	13	7	0	3393
29008	34	37	8	3366	0	3445
29009	24	21	3392	36	0	3473
29010	26	35	36	3317	0	3414
29011	17	3426	19	38	0	3500
29012	3292	37	6	27	0	3362
29013	39	3221	9	7	0	3276
29014	23	36	3	3237	0	3299
29015	3453	20	2	48	0	3523
29016	3447	8	5	31	0	3491
29017	53	11	3406	4	0	3474
29018	3426	7	34	15	0	3482
29019	3647	11	13	15	0	3686
29020	3731	5	9	10	0	3755
29021	72	8	8	3581	0	3669
29022	33	3596	8	40	0	3677
29023	28	47	5	3663	0	3743
29024	17	18	3690	45	0	3770
29025	15	3737	44	35	0	3831
29026	21	45	15	3720	0	3801
29027	13	19	3766	42	0	3840
29028	14	3736	48	15	0	3813
29029	13	46	19	3607	0	3685
29030	8	22	3743	42	0	3815
29031	3260	10	46	39	0	3355
29032	55	12	3795	7	0	3869
29033	30	10	3763	3	0	3806
29034	24	3851	59	5	0	3939
29035	20	49	22	3852	0	3943
29036	27	24	11	3790	0	3852
29037	19	3777	11	54	0	3861
29038	24	45	10	3937	0	4016
29039	3975	20	6	56	0	4057
29040	3936	14	10	30	0	3990
29041	67	18	3859	15	0	3959
29042	3908	9	42	20	0	3979
29043	4049	7	21	24	0	4101
29044	67	10	4087	11	0	4175
29045	26	4050	59	5	0	4140
29046	20	4025	24	10	0	4079
29047	33	62	12	3656	0	3763
29048	18	3997	10	39	0	4064
29049	19	70	3772	20	0	3881
29050	17	28	3833	19	0	3897
29051	13	4009	68	9	0	4099
29052	4019	60	25	21	0	4125
29053	4110	24	15	20	0	4169
29054	4148	18	11	15	0	4192
29055	4117	14	12	22	0	4165
29056	3926	13	7	21	0	3967
29057	76	3976	8	6	0	4066
29058	38	53	3975	9	0	4075
29059	31	21	55	3910	0	4017
29060	3901	15	24	64	0	4004
29061	59	3844	17	19	0	3939
29062	44	60	9	3811	0	3924
29063	22	28	3842	56	0	3948
29064	18	3727	55	22	0	3822
29065	12	3836	25	10	0	3883
29066	3570	69	25	36	0	3700
29067	43	3598	7	9	0	3657
29068	29	56	3	3437	0	3525
29069	3439	11	7	49	0	3506
29070	3428	14	3	19	0	3464
29071	3427	8	4	23	0	3462
29072	62	4	3375	2	0	3443
29073	27	3388	37	1	0	3453
29074	3466	43	15	8	0	3532
29075	51	14	11	3406	0	3482
29076	3443	15	2	46	0	3506
29077	54	3399	8	14	0	3475
29078	3531	45	8	17	0	3601
29079	3812	20	3	24	0	3859
29080	68	8	7	3742	0	3825
29081	32	15	3859	55	0	3961
29082	31	8	53	3938	0	4030
29083	3905	6	26	74	0	4011
29084	3958	8	11	39	0	4016
29085	79	3943	9	19	0	4050
29086	3824	54	11	17	0	3906
29087	75	3881	5	16	0	3977
29088	3885	65	9	16	0	3975
29089	3772	29	5	24	0	3830
29090	77	29	3776	7	0	3889
29091	40	3745	59	14	0	3858
29092	26	61	26	3775	0	3888
29093	23	32	17	3839	0	3911
29094	36	19	13	3704	0	3772
29095	12	3740	20	78	0	3850
29096	19	61	3706	44	0	3830
29097	23	30	3686	21	0	3760
29098	18	4589	83	16	0	4706
29099	4622	99	34	26	0	4781
29100	99	47	4601	9	0	4756
29101	4496	38	99	18	0	4651
29102	125	4549	46	9	0	4729
29103	59	99	4573	15	0	4746
29104	64	48	101	4447	0	4660
29105	22	38	4632	96	0	4788
29106	25	22	4697	49	0	4793
29107	40	27	129	4288	0	4484
29108	24	4462	72	87	0	4645
29109	19	4628	43	34	0	4724
29110	4523	131	34	39	0	4727
29111	101	67	4508	13	0	4689
29112	4474	47	102	18	0	4641
29113	4545	26	49	24	0	4644
29114	130	4499	43	8	0	4680
29115	4301	95	18	17	0	4431
29116	4305	54	11	17	0	4387
29117	4212	30	21	19	0	4282
29118	152	4155	12	15	0	4334
29119	66	3837	20	8	0	3931
29120	39	4071	18	9	0	4137
29121	4015	127	28	19	0	4189
29122	4005	75	20	25	0	4125
29123	124	42	3828	10	0	4004
29124	71	20	3796	10	0	3897
29125	3794	13	109	11	0	3927
29126	3882	11	52	11	0	3956
29127	3928	16	27	13	0	3984
29128	135	17	19	3764	0	3935
29129	91	8	13	3826	0	3938
29130	64	11	8	3899	0	3982
29131	40	11	12	3923	0	3986
29132	23	19	3627	126	0	3795
29133	18	19	3693	55	0	3785
29134	19	20	3708	30	0	3777
29135	28	5	3696	17	0	3746
29136	3622	4	125	18	0	3769
29137	84	3670	63	6	0	3823
29138	51	3836	37	7	0	3931
29139	3797	105	17	16	0	3935
29140	97	55	3787	10	0	3949
29141	63	37	3676	10	0	3786
29142	3601	18	115	33	0	3767
29143	3684	12	74	26	0	3796
29144	108	3636	39	18	0	3801
29145	85	76	20	3608	0	3789
29146	3712	40	28	70	0	3850
29147	3780	29	25	47	0	3881
29148	121	24	19	3680	0	3844
29149	72	3764	22	61	0	3919
29150	3769	74	11	49	0	3903
29151	95	53	3674	26	0	3848
29152	3617	36	74	26	0	3753
29153	88	3656	46	21	0	3811
29154	3705	72	32	27	0	3836
29155	3616	43	28	28	0	3715
29156	114	26	3659	19	0	3818
29157	71	25	3608	23	0	3727
29158	3655	25	108	13	0	3801
29159	3715	11	63	20	0	3809
29160	117	3763	40	7	0	3927
29161	75	83	24	3814	0	3996
29162	45	55	3787	68	0	3955
29163	3768	30	78	41	0	3917
29164	96	22	53	3818	0	3989
29165	68	17	44	3874	0	4003
29166	3847	18	22	106	0	3993
29167	88	3928	27	66	0	4109
29168	3994	80	22	48	0	4144
29169	4012	43	23	25	0	4103
29170	4053	26	27	24	0	4130
29171	132	3956	22	27	0	4137
29172	4035	85	11	24	0	4155
29173	119	54	15	3954	0	4142
29174	80	33	16	3991	0	4120
29175	56	17	4006	105	0	4184
29176	45	27	3926	56	0	4054
29177	45	3950	98	30	0	4123
29178	38	4085	60	31	0	4214
29179	27	90	3812	13	0	3942
29180	31	3886	75	6	0	3998
29181	3836	107	52	42	0	4037
29182	3881	40	18	9	0	3948
29183	3933	25	11	11	0	3980
29184	123	17	10	3762	0	3912
29185	73	7	13	3851	0	3944
29186	35	11	3949	95	0	4090
29187	19	3905	77	48	0	4049
29188	3903	69	38	38	0	4048
29189	80	3931	23	9	0	4043
29190	3982	79	12	11	0	4084
29191	4009	40	10	9	0	4068
29192	122	15	8	3918	0	4063
29193	75	9	5	3959	0	4048
29194	42	8	4	4073	0	4127
29195	26	12	3910	110	0	4058
29196	21	3842	64	60	0	3987
29197	10	3864	42	31	0	3947
29198	14	2895	7	4	0	2920
29199	7	2891	4	5	0	2907
29200	7	2948	3	12	0	2970
29201	2730	40	13	10	0	2793
29202	29	20	2814	2	0	2865
29203	15	2874	26	6	0	2921
29204	10	27	2783	4	0	2824
29205	10	2902	27	4	0	2943
29206	26	44	18	2185	0	2273
29207	9	11	7	2749	0	2776
29208	4	2901	4	29	0	2938
29209	2816	27	4	17	0	2864
29210	29	14	2799	3	0	2845
29211	9	2853	29	8	0	2899
29212	11	32	2864	2	0	2909
29213	13	13	26	2845	0	2897
29214	16	8	13	2694	0	2731
29215	9	2891	7	35	0	2942
29216	6	27	2	2950	0	2985
29217	13	12	5	2938	0	2968
29218	6	2905	5	41	0	2957
29219	4	30	2912	14	0	2960
29220	6	17	2855	7	0	2885
29221	2777	6	39	11	0	2833
29222	2973	11	11	6	0	3001
29223	46	9	5	2875	0	2935
29224	14	8	2931	31	0	2984
29225	16	6	29	2840	0	2891
29226	10	3147	10	35	0	3202
29227	6	29	3164	16	0	3215
29228	3	3118	30	12	0	3163
29229	3	41	3116	7	0	3167
29230	3	3135	34	4	0	3176
29231	3111	37	12	11	0	3171
29232	36	13	6	3075	0	3130
29233	18	12	4	3040	0	3074
29234	8	9	3090	35	0	3142
29235	5	10	2954	15	0	2984
29236	7	3068	36	9	0	3120
29237	3043	40	16	19	0	3118
29238	32	14	4	2996	0	3046
29239	11	9	3041	30	0	3091
29240	11	14	2882	11	0	2918
29241	2729	9	37	13	0	2788
29242	2895	10	12	20	0	2937
29243	38	8	2924	7	0	2977
29244	19	33	29	2795	0	2876
29245	10	2908	19	27	0	2964
29246	2914	32	10	20	0	2976
29247	34	2887	6	10	0	2937
29248	2813	29	5	17	0	2864
29249	27	2785	7	18	0	2837
29250	9	2835	8	7	0	2859
29251	12	31	11	2811	0	2865
29252	12	17	6	2807	0	2842
29253	10	2824	5	30	0	2869
29254	12	31	2766	14	0	2823
29255	5	14	2694	9	0	2722
29256	8	17	2693	8	0	2726
29257	2546	9	37	15	0	2607
29258	2687	11	12	18	0	2728
29259	28	2801	13	6	0	2848
29260	11	40	2755	3	0	2809
29261	6	25	35	2709	0	2775
29262	5	17	2824	36	0	2882
29263	4	15	2857	17	0	2893
29264	14	11	54	2988	0	3067
29265	11	9	24	3207	0	3251
29266	8	8	3482	79	0	3577
29267	3422	8	71	54	0	3555
29268	80	3702	38	27	0	3847
29269	37	3851	26	13	0	3927
29270	30	125	14	3774	0	3943
29271	3869	57	13	87	0	4026
29272	94	3973	8	46	0	4121
29273	4004	108	10	32	0	4154
29274	99	4042	11	23	0	4175
29275	4153	113	10	28	0	4304
29276	117	73	4114	17	0	4321
29277	66	36	4174	11	0	4287
29278	55	34	125	3893	0	4107
29279	36	21	3968	90	0	4115
29280	17	3714	120	46	0	3897
29281	25	3686	70	23	0	3804
29282	3683	131	44	24	0	3882
29283	88	81	28	3600	0	3797
29284	44	3722	24	107	0	3897
29285	3736	109	10	66	0	3921
29286	3646	77	9	40	0	3772
29287	3818	45	9	21	0	3893
29288	168	46	5	3620	0	3839
29289	122	25	9	3714	0	3870
29290	67	20	3684	121	0	3892
29291	42	17	3709	70	0	3838
29292	3574	14	132	71	0	3791
29293	115	9	93	3603	0	3820
29294	55	35	3648	103	0	3841
29295	3521	43	112	67	0	3743
29296	128	3727	70	41	0	3966
29297	3778	96	45	56	0	3975
29298	3847	77	27	37	0	3988
29299	3903	39	22	27	0	3991
29300	197	25	3724	20	0	3966
29301	3754	31	89	18	0	3892
29302	175	21	47	3596	0	3839
29303	95	3545	36	128	0	3804
29304	62	3760	51	80	0	3953
29305	3739	124	58	52	0	3973
29306	3807	60	30	39	0	3936
29307	3841	42	24	51	0	3958
29308	191	32	40	3631	0	3894
29309	150	28	16	3714	0	3908
29310	104	45	16	3650	0	3815
29311	84	3684	24	150	0	3942
29312	3711	94	17	93	0	3915
29313	3761	53	9	67	0	3890
29314	3805	41	42	52	0	3940
29315	205	31	3668	32	0	3936
29316	3739	33	97	53	0	3922
29317	168	48	62	3509	0	3787
29318	106	3658	43	97	0	3904
29319	3636	112	24	62	0	3834
29320	3644	62	25	54	0	3785
29321	222	42	3623	25	0	3912
29322	134	38	95	3569	0	3836
29323	80	3661	53	127	0	3921
29324	3782	109	30	94	0	4015
29325	150	84	32	3737	0	4003
29326	133	45	30	3661	0	3869
29327	116	35	23	3735	0	3909
29328	108	34	18	3820	0	3980
29329	59	30	3697	195	0	3981
29330	81	3691	108	110	0	3990
29331	64	112	54	3738	0	3968
29332	52	72	3736	158	0	4018
29333	3689	53	122	88	0	3952
29334	3855	38	65	68	0	4026
29335	187	41	72	3754	0	4054
29336	3815	34	47	161	0	4057
29337	3933	52	27	109	0	4121
29338	219	48	3822	59	0	4148
29339	140	3820	114	75	0	4149
29340	3908	110	59	73	0	4150
29341	178	67	49	3888	0	4182
29342	3974	37	39	176	0	4226
29343	176	35	58	3929	0	4198
29344	118	56	47	4014	0	4235
29345	84	47	3841	204	0	4176
29346	3649	25	133	131	0	3938
29347	179	3912	71	87	0	4249
29348	125	107	3891	83	0	4206
29349	92	3942	130	88	0	4252
29350	3923	130	69	59	0	4181
29351	199	75	40	3867	0	4181
29352	3873	65	64	128	0	4130
29353	178	3868	46	68	0	4160
29354	4033	123	21	65	0	4242
29355	4070	55	35	91	0	4251
29356	4123	41	29	73	0	4266
29357	4082	40	20	77	0	4219
29358	212	3931	38	91	0	4272
29359	3973	109	46	45	0	4173
29360	223	71	34	3838	0	4166
29361	152	68	29	3827	0	4076
29362	118	3591	39	133	0	3881
29363	100	3604	31	85	0	3820
29364	76	3593	19	68	0	3756
29365	3322	102	15	65	0	3504
29366	103	3045	15	41	0	3204
29367	51	2666	21	21	0	2759
29368	2643	62	34	27	0	2766
29369	2606	19	10	24	0	2659
29370	67	2571	10	19	0	2667
29371	2547	41	9	26	0	2623
29372	65	14	2435	23	0	2537
29373	2339	20	43	20	0	2422
29374	59	19	2377	13	0	2468
29375	30	2139	23	15	0	2207
29376	18	2174	13	9	0	2214
29377	56	30	14	2140	0	2240
29378	2178	4	5	34	0	2221
29379	2220	6	4	18	0	2248
29380	2256	11	3	17	0	2287
29381	2263	8	3	19	0	2293
29382	2208	10	5	15	0	2238
29383	36	6	2182	6	0	2230
29384	21	13	2112	9	0	2155
29385	2169	13	18	8	0	2208
29386	31	2255	4	16	0	2306
29387	2209	21	10	15	0	2255
29388	2275	9	6	18	0	2308
29389	2380	7	4	16	0	2407
29390	2356	9	3	18	0	2386
29391	2353	13	4	9	0	2379
29392	33	10	2353	7	0	2403
29393	2411	12	18	15	0	2456
29394	2447	8	6	12	0	2473
29395	30	14	2356	11	0	2411
29396	2254	19	12	17	0	2302
29397	2371	11	5	10	0	2397
29398	25	14	2506	9	0	2554
29399	18	13	2445	6	0	2482
29400	22	2530	12	7	0	2571
29401	26	26	13	2534	0	2599
29402	19	9	2562	11	0	2601
29403	2574	10	16	19	0	2619
29404	25	11	5	2773	0	2814
29405	18	10	2901	16	0	2945
29406	2824	7	14	21	0	2866
29407	2921	7	9	14	0	2951
29408	2941	7	5	13	0	2966
29409	27	3016	6	15	0	3064
29410	23	18	7	2986	0	3034
29411	18	3021	4	17	0	3060
29412	3036	19	7	16	0	3078
29413	3001	11	8	11	0	3031
29414	32	12	2984	2	0	3030
29415	18	2906	14	3	0	2941
29416	19	2916	13	5	0	2953
29417	23	15	9	2904	0	2951
29418	24	9	5	2915	0	2953
29419	2895	8	5	23	0	2931
29420	24	2907	5	6	0	2942
29421	13	2892	3	8	0	2916
29422	22	18	2892	6	0	2938
29423	21	2921	13	4	0	2959
29424	2881	16	3	12	0	2912
29425	20	10	2867	4	0	2901
29426	2550	10	10	11	0	2581
29427	18	6	2738	2	0	2764
29428	2411	1	11	19	0	2442
29429	15	2802	2	0	0	2819
29430	2828	10	7	9	0	2854
29431	18	6	2912	1	0	2937
29432	2907	7	17	10	0	2941
29433	2925	2	6	18	0	2951
29434	21	6	2998	0	0	3025
29435	2974	2	15	12	0	3003
29436	3065	1	4	8	0	3078
29437	2970	2	8	8	0	2988
29438	27	2939	5	2	0	2973
29439	3001	16	1	18	0	3036
29440	29	4	3056	4	0	3093
29441	11	3198	20	4	0	3233
29442	3218	19	1	15	0	3253
29443	3176	3	20	14	0	3213
29444	3215	8	3	12	0	3238
29445	37	3195	3	4	0	3239
29446	24	21	4	3801	0	3850
29447	12	8	3775	47	0	3842
29448	14	9	47	3751	0	3821
29449	11	5	3878	58	0	3952
29450	3698	6	56	21	0	3781
29451	54	3901	14	12	0	3981
29452	25	51	14	3869	0	3959
29453	15	3952	4	40	0	4011
29454	20	64	4	3915	0	4003
29455	14	18	5	3915	0	3952
29456	7	4013	8	70	0	4098
29457	28	67	2	4045	0	4142
29458	18	18	4	4190	0	4230
29459	6	4149	6	84	0	4245
29460	4	4287	8	44	0	4343
29461	26	85	16	4271	0	4398
29462	10	32	4268	88	0	4398
29463	16	4306	89	27	0	4438
29464	36	79	22	4279	0	4416
29465	15	40	4414	81	0	4550
29466	6	4463	76	37	0	4582
29467	4394	100	21	47	0	4562
29468	86	35	4399	30	0	4550
29469	4339	23	84	45	0	4491
29470	105	31	24	4379	0	4539
29471	40	27	19	4459	0	4545
29472	44	16	9	4484	0	4553
29473	17	24	4390	117	0	4548
29474	15	36	4362	41	0	4454
29475	4138	20	97	54	0	4309
29476	92	16	55	4357	0	4520
29477	33	23	4426	95	0	4577
29478	4339	24	93	56	0	4512
29479	112	13	37	4403	0	4565
29480	58	27	35	4424	0	4544
29481	53	16	17	4399	0	4485
29482	17	4394	35	118	0	4564
29483	48	85	18	4255	0	4406
29484	23	4287	13	120	0	4443
29485	16	4451	22	55	0	4544
29486	4317	104	12	65	0	4498
29487	4023	41	33	64	0	4161
29488	4311	26	30	37	0	4404
29489	122	4198	23	22	0	4365
29490	4190	91	8	49	0	4338
29491	4259	31	24	41	0	4355
29492	136	38	17	4115	0	4306
29493	58	25	13	4184	0	4280
29494	34	21	4089	131	0	4275
29495	21	4131	100	74	0	4326
29496	4066	94	31	55	0	4246
29497	4078	42	22	59	0	4201
29498	111	4034	23	27	0	4195
29499	3979	112	13	46	0	4150
29500	3967	44	16	42	0	4069
29501	134	34	9	3898	0	4075
29502	66	3806	22	102	0	3996
29503	42	3913	16	54	0	4025
29504	3793	117	21	49	0	3980
29505	122	54	10	3684	0	3870
29506	42	42	3666	116	0	3866
29507	3560	26	96	63	0	3745
29508	104	24	3765	54	0	3947
29509	47	3681	100	47	0	3875
29510	3681	101	45	44	0	3871
29511	122	47	3662	33	0	3864
29512	58	55	85	3717	0	3915
29513	54	39	3839	114	0	4046
29514	41	3876	98	64	0	4079
29515	44	93	43	3911	0	4091
29516	35	53	3869	112	0	4069
29517	3672	57	90	65	0	3884
29518	114	3966	35	57	0	4172
29519	58	104	35	3842	0	4039
29520	47	4005	40	106	0	4198
29521	3935	113	38	51	0	4137
29522	3943	53	28	54	0	4078
29523	108	3934	34	43	0	4119
29524	79	112	29	3835	0	4055
29525	50	3947	35	102	0	4134
29526	3911	113	29	73	0	4126
29527	98	47	3904	63	0	4112
29528	56	63	3903	26	0	4048
29529	58	3816	99	47	0	4020
29530	35	3935	53	40	0	4063
29531	62	102	33	3818	0	4015
29532	3747	61	30	115	0	3953
29533	3815	38	29	53	0	3935
29534	3731	28	21	63	0	3843
29535	128	3886	32	37	0	4083
29536	77	90	33	3791	0	3991
29537	62	3934	30	81	0	4107
29538	3918	100	26	64	0	4108
29539	109	49	16	3879	0	4053
29540	59	44	3789	99	0	3991
29541	44	3718	94	48	0	3904
29542	3691	89	34	41	0	3855
29543	96	45	3693	32	0	3866
29544	3571	57	70	35	0	3733
29545	105	3627	25	34	0	3791
29546	31	3058	15	15	0	3119
29547	3003	58	9	16	0	3086
29548	53	3095	9	15	0	3172
29549	2948	47	22	20	0	3037
29550	58	2955	9	9	0	3031
29551	2958	54	17	18	0	3047
29552	2967	18	7	17	0	3009
29553	55	22	2989	7	0	3073
29554	30	17	2879	6	0	2932
29555	25	2891	39	11	0	2966
29556	2824	39	19	18	0	2900
29557	35	18	2758	6	0	2817
29558	2610	15	28	9	0	2662
29559	33	9	11	2601	0	2654
29560	12	6	2696	16	0	2730
29561	17	8	2504	6	0	2535
29562	8	7	2692	5	0	2712
29563	6	2683	20	3	0	2712
29564	30	72	28	2555	0	2685
29565	2510	4	5	16	0	2535
29566	11	1	2	2529	0	2543
29567	2553	1	3	16	0	2573
29568	19	1	3	2561	0	2584
29569	2594	1	0	20	0	2615
29570	2649	1	2	21	0	2673
29571	2978	1	1	13	0	2993
29572	28	3068	1	10	0	3107
29573	8	29	3123	1	0	3161
29574	5	7	27	3133	0	3172
29575	68	31	35	1792	0	1926
29576	9	5	3	3257	0	3274
29577	11	3	1	3165	0	3180
29578	3	3123	1	46	0	3173
29579	3	38	3075	13	0	3129
29580	4	3121	40	9	0	3174
29581	12	69	7	2980	0	3068
29582	5	9	4	3208	0	3226
29583	1	6	3	3224	0	3234
29584	8	9	1	3213	0	3231
29585	3	3129	5	49	0	3186
29586	4	3203	4	17	0	3228
29587	5	46	3155	12	0	3218
29588	7	13	44	3148	0	3212
29589	13	11	8	3180	0	3212
29590	6	6	5	3283	0	3300
29591	3257	8	3	67	0	3335
29592	45	3282	2	21	0	3350
29593	12	52	3259	11	0	3334
29594	3236	9	45	21	0	3311
29595	53	10	8	3304	0	3375
29596	3386	8	6	59	0	3459
29597	55	21	4	3394	0	3474
29598	3393	11	2	63	0	3469
29599	56	10	5	3404	0	3475
29600	3394	6	8	57	0	3465
29601	54	11	3490	14	0	3569
29602	27	10	44	3468	0	3549
29603	21	3641	8	41	0	3711
29604	14	51	8	3700	0	3773
29605	3644	10	9	67	0	3730
29606	50	3685	4	18	0	3757
29607	27	53	9	3819	0	3908
29608	8	3760	9	58	0	3835
29609	20	59	9	3821	0	3909
29610	19	19	5	3860	0	3903
29611	16	7	3801	68	0	3892
29612	20	13	57	3648	0	3738
29613	11	6	3624	73	0	3714
29614	10	3597	66	21	0	3694
29615	3576	56	16	29	0	3677
29616	70	19	3586	23	0	3698
29617	3472	11	66	19	0	3568
29618	3652	7	17	26	0	3702
29619	78	10	14	3651	0	3753
29620	25	8	3835	67	0	3935
29621	3740	6	71	38	0	3855
29622	4020	4	25	32	0	4081
29623	97	8	13	3921	0	4039
29624	44	11	9	3976	0	4040
29625	19	3946	15	99	0	4079
29626	21	84	14	3952	0	4071
29627	16	3987	14	83	0	4100
29628	20	75	3927	42	0	4064
29629	20	36	72	3852	0	3980
29630	3772	12	24	111	0	3919
29631	3830	8	7	47	0	3892
29632	81	3776	10	23	0	3890
29633	36	66	5	3842	0	3949
29634	3852	28	8	77	0	3965
29635	71	3676	9	34	0	3790
29636	3717	74	11	36	0	3838
29637	89	25	5	3848	0	3967
29638	4053	19	5	94	0	4171
29639	89	11	4460	41	0	4601
29640	33	4502	90	18	0	4643
29641	4458	93	31	35	0	4617
29642	97	4570	14	52	0	4733
29643	4677	104	9	29	0	4819
29644	4789	30	6	24	0	4849
29645	134	19	4718	14	0	4885
29646	62	16	95	4686	0	4859
29647	4836	7	27	124	0	4994
29648	110	14	4791	35	0	4950
29649	4762	13	105	29	0	4909
29650	124	12	30	4793	0	4959
29651	43	23	4760	106	0	4932
29652	46	7	108	4716	0	4877
29653	4660	15	32	130	0	4837
29654	130	12	4819	39	0	5000
29655	60	14	107	4825	0	5006
29656	43	15	35	4942	0	5035
29657	4903	9	22	150	0	5084
29658	4924	12	16	64	0	5016
29659	143	4980	18	34	0	5175
29660	72	92	16	4935	0	5115
29661	48	32	21	4970	0	5071
29662	48	20	17	4930	0	5015
29663	4831	11	29	158	0	5029
29664	4875	20	25	66	0	4986
29665	159	8	19	4806	0	4992
29666	64	4756	23	129	0	4972
29667	63	95	21	4674	0	4853
29668	58	4797	20	103	0	4978
29669	4738	104	25	80	0	4947
29670	120	4631	18	51	0	4820
29671	4328	81	11	41	0	4461
29672	128	43	19	4216	0	4406
29673	4227	15	12	100	0	4354
29674	109	25	4172	55	0	4361
29675	51	4271	93	41	0	4456
29676	4208	81	55	60	0	4404
29677	4314	39	18	46	0	4417
29678	135	19	17	4155	0	4326
29679	65	4262	14	94	0	4435
29680	62	74	11	4420	0	4567
29681	54	41	12	4435	0	4542
29682	48	22	14	4433	0	4517
29683	4379	30	14	140	0	4563
29684	4409	18	13	80	0	4520
29685	133	22	12	4390	0	4557
29686	78	4372	12	112	0	4574
29687	4435	70	6	76	0	4587
29688	105	45	4378	50	0	4578
29689	67	23	73	4428	0	4591
29690	43	33	4436	106	0	4618
29691	58	17	77	4412	0	4564
29692	47	22	4489	107	0	4665
29693	53	20	77	4500	0	4650
29694	4492	29	34	112	0	4667
29695	4504	31	20	69	0	4624
29696	113	4346	18	56	0	4533
29697	4488	86	11	52	0	4637
29698	125	40	23	4413	0	4601
29699	83	27	14	4480	0	4604
29700	4456	20	17	129	0	4622
29701	107	23	4331	70	0	4531
29702	65	24	4249	46	0	4384
29703	54	26	4302	37	0	4419
29704	4196	21	107	58	0	4382
29705	113	23	4413	38	0	4587
29706	67	27	4225	47	0	4366
29707	4049	31	95	59	0	4234
29708	102	4321	46	56	0	4525
29709	74	64	23	4396	0	4557
29710	63	39	24	4488	0	4614
29711	52	23	4534	105	0	4714
29712	4452	17	84	74	0	4627
29713	4563	10	43	57	0	4673
29714	4423	17	32	58	0	4530
29715	103	16	4559	38	0	4716
29716	4348	13	84	59	0	4504
29717	83	14	4471	48	0	4616
29718	65	4342	80	44	0	4531
29719	55	4441	48	45	0	4589
29720	4200	62	27	45	0	4334
29721	71	4136	28	33	0	4268
29722	56	4156	18	31	0	4261
29723	4092	71	23	46	0	4232
29724	71	4139	20	44	0	4274
29725	4133	57	27	45	0	4262
29726	83	22	26	4178	0	4309
29727	57	19	23	4195	0	4294
29728	52	13	22	4213	0	4300
29729	44	18	33	4135	0	4230
29730	42	4131	32	63	0	4268
29731	4205	55	32	43	0	4335
29732	76	4483	26	17	0	4602
29733	41	4640	25	34	0	4740
29734	37	103	4738	26	0	4904
29735	4464	41	77	36	0	4618
29736	119	26	4892	24	0	5061
29737	46	24	5026	26	0	5122
29738	34	4886	106	26	0	5052
29739	20	4814	36	14	0	4884
29740	4802	124	41	27	0	4994
29741	78	5067	18	14	0	5177
29742	62	103	5011	14	0	5190
29743	19	4952	81	22	0	5074
29744	16	112	5003	10	0	5141
29745	23	67	4944	2	0	5036
29746	4621	37	142	7	0	4807
29747	90	35	4877	17	0	5019
29748	77	20	119	4687	0	4903
29749	4697	14	75	94	0	4880
29750	93	4691	48	59	0	4891
29751	55	81	4780	19	0	4935
29752	4645	45	108	29	0	4827
29753	116	19	62	4536	0	4733
29754	63	4428	31	82	0	4604
29755	25	96	4526	45	0	4692
29756	4392	43	99	32	0	4566
29757	100	24	4552	11	0	4687
29758	78	15	112	4455	0	4660
29759	28	14	4454	91	0	4587
29760	46	12	113	4375	0	4546
29761	4297	8	67	129	0	4501
29762	95	4391	38	69	0	4593
29763	4468	85	27	50	0	4630
29764	103	55	4451	18	0	4627
29765	77	15	105	4549	0	4746
29766	33	17	4656	98	0	4804
29767	4489	15	112	58	0	4674
29768	4581	14	58	39	0	4692
29769	139	4604	42	29	0	4814
29770	4658	93	26	32	0	4809
29771	4715	44	26	15	0	4800
29772	180	18	17	4592	0	4807
29773	79	18	4598	93	0	4788
29774	47	4445	107	51	0	4650
29775	58	96	47	4465	0	4666
29776	4501	54	30	119	0	4704
29777	115	25	4435	53	0	4628
29778	65	21	4462	29	0	4577
29779	27	24	4382	29	0	4462
29780	4210	19	160	34	0	4423
29781	115	13	4360	12	0	4500
29782	4188	15	136	26	0	4365
29783	120	15	4177	5	0	4317
29784	75	4215	132	4	0	4426
29785	53	94	75	4139	0	4361
29786	37	53	4213	89	0	4392
29787	33	4053	126	52	0	4264
29788	26	4196	75	20	0	4317
29789	25	135	48	4135	0	4343
29790	4075	77	31	113	0	4296
29791	118	42	35	4107	0	4302
29792	4004	43	32	125	0	4204
29793	135	31	31	4033	0	4230
29794	70	41	3990	121	0	4222
29795	45	25	3977	73	0	4120
29796	3834	11	171	51	0	4067
29797	3942	9	82	45	0	4078
29798	153	16	3895	28	0	4092
29799	3805	25	134	35	0	3999
29800	143	18	3900	24	0	4085
29801	91	3686	136	16	0	3929
29802	68	3736	87	13	0	3904
29803	52	3675	63	21	0	3811
29804	54	148	59	3554	0	3815
29805	3507	77	46	116	0	3746
29806	3584	59	42	60	0	3745
29807	163	52	41	3500	0	3756
29808	91	49	3293	108	0	3541
29809	71	26	124	3289	0	3510
29810	59	25	3269	128	0	3481
29811	56	21	143	3151	0	3371
29812	3097	14	88	140	0	3339
29813	3191	18	61	78	0	3348
29814	3186	19	54	63	0	3322
29815	3213	19	46	48	0	3326
29816	196	16	50	3047	0	3309
29817	120	18	37	3142	0	3317
29818	3091	21	46	151	0	3309
29819	3168	19	28	92	0	3307
29820	198	8	35	3054	0	3295
29821	126	23	22	3119	0	3290
29822	74	17	38	3111	0	3240
29823	81	17	29	3119	0	3246
29824	3000	12	34	186	0	3232
29825	132	15	2931	112	0	3190
29826	90	15	125	2922	0	3152
29827	2900	14	60	153	0	3127
29828	137	11	2859	94	0	3101
29829	109	18	119	2845	0	3091
29830	59	11	2856	139	0	3065
29831	58	2689	143	72	0	2962
29832	78	69	69	2383	0	2599
29833	2234	50	58	90	0	2432
29834	96	42	41	1985	0	2164
29835	74	1868	44	92	0	2078
29836	50	1805	29	61	0	1945
29837	31	1411	20	39	0	1501
29838	37	1344	29	27	0	1437
29839	751	64	103	56	0	974
29840	42	30	17	545	0	634
29841	4	3	453	19	0	479
29842	12	1	12	418	0	443
29843	7	2	418	11	0	438
29844	408	8	11	5	0	432
29845	17	0	5	378	0	400
29846	7	2	5	387	0	401
29847	4	1	6	390	0	401
29848	9	3	7	386	0	405
29849	385	3	3	9	0	400
29850	387	5	3	9	0	404
29851	12	4	3	384	0	403
29852	384	5	1	13	0	403
29853	10	4	375	10	0	399
29854	9	373	7	7	0	396
29855	4	8	5	380	0	397
29856	7	3	5	365	0	380
29857	9	366	1	13	0	389
29858	8	6	6	366	0	386
29859	5	3	5	377	0	390
29860	364	0	8	15	0	387
29861	10	3	357	7	0	377
29862	7	1	335	8	0	351
29863	305	2	8	6	0	321
29864	11	1	280	6	0	298
29865	81	2	25	2	0	110
29866	64	0	3	4	0	71
29867	5	2	1	51	0	59
29868	1	1	43	1	0	46
29869	28	1	1	2	0	32
29870	3	28	0	2	0	33
29871	28	5	2	1	0	36
29872	32	5	2	1	0	40
29873	80	7	1	1	0	89
29874	320	1	1	0	0	322
29875	300	1	0	1	0	302
29876	307	1	1	0	0	309
29877	316	0	0	1	0	317
29878	309	0	0	1	0	310
29879	331	0	1	0	0	332
29880	327	0	0	1	0	328
29881	316	0	0	0	0	316
29882	307	0	0	1	0	308
29883	324	0	0	1	0	325
29884	309	0	0	1	0	310
29885	302	0	0	1	0	303
29886	326	0	0	2	0	328
29887	313	0	0	1	0	314
29888	311	0	0	1	0	312
29889	303	0	0	2	0	305
29890	310	0	0	0	0	310
29891	304	0	2	0	0	306
29892	320	1	0	1	0	322
29893	322	0	0	1	0	323
29894	325	0	0	1	0	326
29895	326	0	0	1	0	327
29896	311	0	0	1	0	312
29897	303	0	0	1	0	304
29898	304	0	0	0	0	304
29899	324	0	1	0	0	325
29900	316	0	0	0	0	316
29901	303	0	1	0	0	304
29902	291	0	6	1	0	298
29903	249	0	28	2	0	279
