Pos	A	C	G	T	Other	Total
1	0	0	0	0	0	0
2	0	0	0	0	0	0
3	0	0	0	0	0	0
4	0	0	0	0	0	0
5	0	0	0	0	0	0
6	0	0	0	0	0	0
7	0	0	0	0	0	0
8	0	0	0	0	0	0
9	0	0	0	0	0	0
10	0	0	0	0	0	0
11	0	0	0	0	0	0
12	2	0	0	0	0	2
13	0	0	0	1	0	1
14	7	0	0	2	0	9
15	0	12	0	0	0	12
16	0	26	0	0	0	26
17	0	0	0	92	0	92
18	0	0	0	103	0	103
19	0	177	0	0	0	177
20	1	202	0	0	0	203
21	0	268	0	0	0	268
22	321	0	0	0	0	321
23	0	1	334	0	0	335
24	0	0	340	0	0	340
25	0	0	0	390	0	390
26	420	0	0	2	0	422
27	423	0	0	3	0	426
28	0	423	0	4	0	427
29	507	0	0	2	0	509
30	549	0	0	0	0	549
31	566	0	0	0	0	566
32	0	572	0	0	0	572
33	0	585	0	0	0	585
34	609	0	0	1	0	610
35	621	0	0	2	0	623
36	0	636	0	0	0	636
37	0	687	0	0	0	687
38	697	0	0	2	0	699
39	697	0	0	3	0	700
40	0	705	1	1	0	707
41	2	0	0	746	0	748
42	1	0	0	758	0	759
43	0	0	0	759	0	759
44	0	759	0	0	0	759
45	0	0	753	0	0	753
46	725	0	0	0	0	725
47	0	0	0	766	0	766
48	0	761	1	0	0	762
49	0	0	0	775	0	775
50	0	778	0	0	0	778
51	0	0	0	785	0	785
52	0	0	1	788	0	789
53	0	0	789	0	0	789
54	2	0	0	785	0	787
55	789	0	0	1	0	790
56	0	0	785	1	0	786
57	770	0	0	0	0	770
58	0	0	0	802	0	802
59	0	804	0	0	0	804
60	0	0	0	811	0	811
61	0	0	810	0	0	810
62	1	0	0	798	0	799
63	1	0	0	814	0	815
64	0	824	0	1	0	825
65	0	0	0	836	0	836
66	0	827	0	2	0	829
67	0	0	0	836	0	836
68	839	0	0	5	0	844
69	836	0	0	2	0	838
70	843	0	0	3	0	846
71	2	853	0	0	0	855
72	0	0	850	0	0	850
73	842	0	0	2	0	844
74	882	0	0	3	0	885
75	2	909	0	0	0	911
76	0	2	0	819	0	821
77	0	0	0	826	0	826
78	1	2	0	742	0	745
79	760	0	0	6	0	766
80	759	0	0	5	0	764
81	759	0	0	1	0	760
82	769	1	0	0	0	770
83	3	1	0	772	0	776
84	1	766	0	6	0	773
85	0	3	0	800	0	803
86	4	3	798	3	0	808
87	5	1	3	811	0	820
88	4	0	832	3	0	839
89	5	0	3	832	0	840
90	0	0	849	8	0	857
91	0	4	839	1	0	844
92	0	861	6	5	0	872
93	1	4	5	911	0	921
94	0	1	946	10	0	957
95	3	0	8	938	0	949
96	1	948	1	8	0	958
97	953	3	5	4	0	965
98	6	976	5	0	0	987
99	1	9	0	981	0	991
100	2	999	0	7	0	1008
101	0	4	983	2	0	989
102	0	1	970	4	0	975
103	0	997	5	1	0	1003
104	5	4	2	1002	0	1013
105	0	5	1000	4	0	1009
106	0	999	5	6	0	1010
107	1004	8	2	2	0	1016
108	4	2	4	1005	0	1015
109	1	0	1034	5	0	1040
110	2	1031	4	1	0	1038
111	1	4	1	1046	0	1052
112	0	2	4	1044	0	1050
113	1028	4	0	9	0	1041
114	8	2	1034	1	0	1045
115	5	1	4	1022	0	1032
116	0	1	1026	5	0	1032
117	0	969	4	2	0	975
118	968	4	1	6	0	979
119	5	938	1	4	0	948
120	6	4	0	906	0	916
121	1	884	5	4	0	894
122	862	5	0	8	0	875
123	5	854	4	1	0	864
124	1	9	830	2	0	842
125	4	823	5	0	0	832
126	809	9	1	2	0	821
127	4	1	830	4	0	839
128	3	4	4	826	0	837
129	785	0	1	6	0	792
130	5	4	1	759	0	769
131	760	2	4	5	0	771
132	768	4	1	3	0	776
133	12	1	1	760	0	774
134	3	0	4	762	0	769
135	744	2	0	11	0	757
136	742	0	0	3	0	745
137	7	2	0	714	0	723
138	708	0	0	7	0	715
139	714	2	0	4	0	720
140	6	713	2	4	0	725
141	1	7	1	706	0	715
142	707	2	0	6	0	715
143	716	0	1	2	0	719
144	7	0	1	710	0	718
145	7	1	0	718	0	726
146	715	0	0	9	0	724
147	8	722	0	2	0	732
148	4	5	1	718	0	728
149	5	2	727	7	0	741
150	8	0	6	712	0	726
151	1	709	1	11	0	722
152	3	6	729	5	0	743
153	5	1	6	722	0	734
154	3	4	2	707	0	716
155	1	0	732	11	0	744
156	696	2	11	2	0	711
157	7	741	1	6	0	755
158	740	11	1	1	0	753
159	7	1	743	1	0	752
160	2	2	738	5	0	747
161	720	0	7	7	0	734
162	7	751	6	1	0	765
163	755	7	1	3	0	766
164	7	753	0	1	0	761
165	8	6	751	1	0	766
166	730	3	11	6	0	750
167	8	1	772	1	0	782
168	8	0	7	757	0	772
169	756	4	2	9	0	771
170	756	0	1	5	0	762
171	10	744	1	0	0	755
172	5	15	1	718	0	739
173	2	728	1	7	0	738
174	2	5	718	2	0	727
175	4	8	8	666	0	686
176	3	659	0	5	0	667
177	0	5	0	645	0	650
178	622	0	1	6	0	629
179	5	1	0	631	0	637
180	0	637	0	5	0	642
181	1	4	2	636	0	643
182	0	2	0	632	0	634
183	0	630	0	6	0	636
184	0	6	2	621	0	629
185	1	0	612	4	0	617
186	0	600	2	1	0	603
187	573	3	1	1	0	578
188	4	0	582	0	0	586
189	0	1	568	0	0	569
190	2	562	2	0	0	566
191	6	5	3	536	0	550
192	2	0	529	2	0	533
193	1	440	2	1	0	444
194	0	3	1	470	0	474
195	2	0	0	477	0	479
196	466	1	2	2	0	471
197	2	467	1	1	0	471
198	2	2	448	0	0	452
199	1	0	450	0	0	451
200	1	1	3	445	0	450
201	3	1	0	565	0	569
202	1	0	0	574	0	575
203	0	663	1	12	0	676
204	0	12	684	3	0	699
205	2	5	12	701	0	720
206	0	714	3	16	0	733
207	1	738	0	3	0	742
208	0	20	767	1	0	788
209	1	4	17	741	0	763
210	1	1	818	16	0	836
211	1	1	18	813	0	833
212	1	1	4	852	0	858
213	0	0	834	26	0	860
214	0	826	21	4	0	851
215	819	20	3	3	0	845
216	21	3	844	2	0	870
217	2	839	21	1	0	863
218	0	871	6	1	0	878
219	2	25	826	0	0	853
220	815	3	23	3	0	844
221	22	1	5	793	0	821
222	4	821	1	15	0	841
223	818	21	1	5	0	845
224	21	3	2	801	0	827
225	5	807	2	19	0	833
226	812	23	0	7	0	842
227	21	4	790	1	0	816
228	5	794	21	2	0	822
229	782	22	2	2	0	808
230	20	775	1	1	0	797
231	770	17	4	2	0	793
232	19	4	2	756	0	781
233	4	759	0	18	0	781
234	0	23	0	767	0	790
235	755	4	3	20	0	782
236	20	1	743	8	0	772
237	3	3	768	2	0	776
238	1	2	21	754	0	778
239	2	0	6	773	0	781
240	2	2	4	751	0	759
241	1	744	4	23	0	772
242	4	18	716	5	0	743
243	2	4	20	714	0	740
244	2	703	3	15	0	723
245	0	751	2	6	0	759
246	1	21	733	2	0	757
247	5	4	721	1	0	731
248	0	3	760	4	0	767
249	2	6	22	731	0	761
250	3	2	741	21	0	767
251	4	2	21	750	0	777
252	1	3	743	21	0	768
253	728	2	22	6	0	758
254	20	780	7	3	0	810
255	4	850	3	4	0	861
256	3	26	864	1	0	894
257	850	9	22	3	0	884
258	881	2	6	2	0	891
259	882	7	2	4	0	895
260	26	5	852	1	0	884
261	4	3	869	6	0	882
262	9	3	25	847	0	884
263	868	2	6	25	0	901
264	876	3	6	4	0	889
265	26	3	836	6	0	871
266	839	2	27	5	0	873
267	23	3	4	837	0	867
268	7	5	843	24	0	879
269	5	3	867	6	0	881
270	834	5	29	4	0	872
271	23	7	851	4	0	885
272	842	6	27	5	0	880
273	22	4	849	7	0	882
274	7	837	27	7	0	878
275	4	871	12	4	0	891
276	7	27	3	832	0	869
277	6	4	12	870	0	892
278	2	7	852	30	0	891
279	5	6	28	825	0	864
280	6	819	10	24	0	859
281	5	850	6	10	0	871
282	8	873	4	6	0	891
283	5	24	13	845	0	887
284	8	10	848	24	0	890
285	9	5	863	6	0	883
286	6	11	30	835	0	882
287	10	5	12	851	0	878
288	8	2	4	812	0	826
289	5	838	7	26	0	876
290	839	22	6	7	0	874
291	844	4	7	6	0	861
292	24	832	9	4	0	869
293	14	23	840	6	0	883
294	849	8	24	10	0	891
295	26	6	861	2	0	895
296	857	3	26	10	0	896
297	876	8	10	1	0	895
298	859	2	7	6	0	874
299	849	3	7	5	0	864
300	24	829	11	5	0	869
301	703	17	4	8	0	732
302	18	697	7	5	0	727
303	609	14	1	6	0	630
304	13	595	1	6	0	615
305	4	11	543	3	0	561
306	3	39	14	477	0	533
307	2	514	5	8	0	529
308	3	512	2	4	0	521
309	487	12	14	7	0	520
310	445	2	3	4	0	454
311	5	454	0	4	0	463
312	1	6	1	433	0	441
313	4	480	0	4	0	488
314	484	4	0	1	0	489
315	7	1	481	0	0	489
316	3	4	6	451	0	464
317	1	1	2	459	0	463
318	4	1	2	460	0	467
319	3	1	461	5	0	470
320	6	442	6	1	0	455
321	4	470	1	1	0	476
322	4	8	1	476	0	489
323	2	1	481	8	0	492
324	3	1	8	476	0	488
325	5	4	0	488	0	497
326	4	3	2	482	0	491
327	4	1	3	481	0	489
328	471	2	3	11	0	487
329	8	471	0	4	0	483
330	474	9	2	2	0	487
331	11	3	472	1	0	487
332	3	1	474	2	0	480
333	6	2	6	459	0	473
334	3	2	0	474	0	479
335	1	478	3	6	0	488
336	2	7	478	1	0	488
337	3	477	9	1	0	490
338	1	7	491	1	0	500
339	468	1	8	6	0	483
340	7	489	3	3	0	502
341	1	7	495	3	0	506
342	1	4	8	490	0	503
343	1	2	493	9	0	505
344	1	489	7	4	0	501
345	3	8	3	474	0	488
346	0	484	4	10	0	498
347	1	9	490	6	0	506
348	3	1	9	474	0	487
349	469	2	2	14	0	487
350	8	469	3	5	0	485
351	2	10	458	2	0	472
352	2	6	8	436	0	452
353	1	1	446	10	0	458
354	2	0	394	1	0	397
355	0	357	7	1	0	365
356	6	3	3	311	0	323
357	0	2	0	314	0	316
358	2	2	0	306	0	310
359	1	0	311	4	0	316
360	0	1	312	1	0	314
361	294	0	3	0	0	297
362	4	0	302	0	0	306
363	283	0	5	1	0	289
364	5	287	1	0	0	293
365	3	4	1	287	0	295
366	0	293	0	4	0	297
367	0	298	2	0	0	300
368	0	5	292	0	0	297
369	1	3	6	281	0	291
370	0	0	285	5	0	290
371	0	1	271	0	0	272
372	270	0	5	1	0	276
373	4	0	280	1	0	285
374	0	0	284	0	0	284
375	269	0	4	0	0	273
376	4	0	279	1	0	284
377	1	1	295	0	0	297
378	1	1	5	285	0	292
379	0	294	0	4	0	298
380	2	4	0	292	0	298
381	0	2	0	295	0	297
382	294	0	2	4	0	300
383	4	1	0	289	0	294
384	0	295	2	4	0	301
385	289	4	2	0	0	295
386	5	1	288	0	0	294
387	276	0	5	2	0	283
388	4	0	298	1	0	303
389	1	0	307	1	0	309
390	0	306	8	2	0	316
391	316	6	2	3	0	327
392	8	322	0	2	0	332
393	0	8	319	1	0	328
394	2	0	5	304	0	311
395	0	319	0	5	0	324
396	332	7	0	2	0	341
397	336	2	0	1	0	339
398	8	334	0	0	0	342
399	335	7	2	0	0	344
400	8	0	2	329	0	339
401	1	337	1	7	0	346
402	0	7	2	352	0	361
403	2	1	1	382	0	386
404	382	1	2	9	0	394
405	387	1	1	1	0	390
406	390	1	0	2	0	393
407	9	1	387	0	0	397
408	370	1	7	1	0	379
409	8	3	0	384	0	395
410	3	1	383	9	0	396
411	0	1	376	1	0	378
412	0	364	8	1	0	373
413	336	8	0	1	0	345
414	8	345	0	1	0	354
415	0	8	0	341	0	349
416	3	0	0	353	0	356
417	2	2	347	9	0	360
418	4	1	7	340	0	352
419	1	0	357	8	0	366
420	2	1	355	1	0	359
421	0	365	7	2	0	374
422	1	6	2	357	0	366
423	1	1	1	358	0	361
424	359	0	1	5	0	365
425	7	0	359	0	0	366
426	0	2	6	363	0	371
427	367	0	0	6	0	373
428	5	2	363	2	0	372
429	362	0	6	1	0	369
430	370	0	1	3	0	374
431	5	1	381	0	0	387
432	2	0	5	377	0	384
433	1	1	1	384	0	387
434	2	1	387	7	0	397
435	384	1	5	3	0	393
436	396	0	1	1	0	398
437	383	0	1	2	0	386
438	383	1	1	2	0	387
439	382	0	3	0	0	385
440	5	1	322	2	0	330
441	2	2	382	1	0	387
442	2	390	6	1	0	399
443	1	5	388	2	0	396
444	2	1	6	380	0	389
445	1	0	5	272	0	278
446	2	0	1	394	0	397
447	1	0	2	395	0	398
448	3	0	391	5	0	399
449	3	380	6	1	0	390
450	2	398	2	0	0	402
451	1	5	1	392	0	399
452	0	401	0	7	0	408
453	404	5	2	1	0	412
454	403	2	1	0	0	406
455	7	423	1	2	0	433
456	3	6	0	431	0	440
457	1	0	2	448	0	451
458	2	0	437	9	0	448
459	414	1	8	1	0	424
460	459	0	2	0	0	461
461	7	457	0	2	0	466
462	463	8	1	2	0	474
463	7	0	472	4	0	483
464	2	470	6	2	0	480
465	3	486	1	1	0	491
466	3	488	0	2	0	493
467	3	7	1	477	0	488
468	469	1	2	9	0	481
469	9	0	1	487	0	497
470	2	0	489	9	0	500
471	2	2	10	488	0	502
472	2	0	512	7	0	521
473	2	2	8	503	0	515
474	2	1	1	498	0	502
475	1	507	2	8	0	518
476	516	7	0	3	0	526
477	10	2	2	493	0	507
478	3	500	2	8	0	513
479	503	10	0	2	0	515
480	436	3	1	1	0	441
481	511	1	1	5	0	518
482	8	500	3	1	0	512
483	3	7	503	3	0	516
484	1	3	8	502	0	514
485	1	3	2	501	0	507
486	1	502	1	11	0	515
487	2	8	503	4	0	517
488	4	1	503	2	0	510
489	491	3	7	2	0	503
490	7	7	2	495	0	511
491	4	1	494	6	0	505
492	3	521	6	2	0	532
493	2	4	4	504	0	514
494	2	527	0	6	0	535
495	1	6	522	2	0	531
496	480	3	5	4	0	492
497	507	0	1	4	0	512
498	6	513	0	3	0	522
499	1	7	3	511	0	522
500	2	2	509	5	0	518
501	3	498	5	2	0	508
502	500	3	2	3	0	508
503	3	465	1	1	0	470
504	1	467	1	1	0	470
505	3	5	0	460	0	468
506	1	466	0	4	0	471
507	461	3	0	2	0	466
508	4	4	1	459	0	468
509	2	1	445	3	0	451
510	4	1	434	1	0	440
511	1	0	2	440	0	443
512	0	447	3	3	0	453
513	446	4	1	2	0	453
514	3	1	0	445	0	449
515	1	1	449	4	0	455
516	1	1	4	455	0	461
517	0	0	2	453	0	455
518	448	1	2	4	0	455
519	4	1	0	440	0	445
520	1	1	427	6	0	435
521	2	0	421	1	0	424
522	0	2	4	425	0	431
523	1	0	3	431	0	435
524	0	2	431	4	0	437
525	396	1	4	3	0	404
526	4	2	419	2	0	427
527	3	419	4	0	0	426
528	2	4	1	431	0	438
529	0	1	437	5	0	443
530	0	1	430	1	0	432
531	1	1	5	417	0	424
532	423	0	2	6	0	431
533	3	2	435	2	0	442
534	3	441	4	1	0	449
535	445	3	2	1	0	451
536	3	2	451	1	0	457
537	441	1	4	5	0	451
538	454	0	2	2	0	458
539	7	476	1	0	0	484
540	2	5	1	450	0	458
541	1	460	1	2	0	464
542	0	5	458	2	0	465
543	448	2	5	2	0	457
544	466	1	2	2	0	471
545	4	0	471	1	0	476
546	4	1	460	0	0	465
547	1	483	6	1	0	491
548	492	7	2	2	0	503
549	6	1	1	486	0	494
550	4	1	1	468	0	474
551	1	478	1	5	0	485
552	475	4	1	4	0	484
553	4	2	486	0	0	492
554	2	2	3	552	0	559
555	551	2	1	5	0	559
556	4	557	2	2	0	565
557	2	4	637	1	0	644
558	3	1	652	1	0	657
559	3	7	9	622	0	641
560	1	642	3	6	0	652
561	0	8	645	3	0	656
562	2	2	9	648	0	661
563	655	0	4	9	0	668
564	8	1	672	2	0	683
565	4	3	7	674	0	688
566	2	0	687	9	0	698
567	1	0	701	1	0	703
568	0	4	12	691	0	707
569	3	1	685	9	0	698
570	623	1	12	5	0	641
571	8	1	682	2	0	693
572	658	0	11	1	0	670
573	10	674	3	2	0	689
574	697	10	3	0	0	710
575	11	709	4	0	0	724
576	6	10	0	717	0	733
577	3	4	1	747	0	755
578	1	0	738	11	0	750
579	1	3	744	4	0	752
580	3	0	12	751	0	766
581	0	2	756	11	0	769
582	1	0	10	736	0	747
583	1	725	4	7	0	737
584	1	755	2	2	0	760
585	4	9	2	749	0	764
586	2	2	2	758	0	764
587	2	3	749	9	0	763
588	1	3	11	729	0	744
589	2	727	1	11	0	741
590	1	729	2	5	0	737
591	2	745	3	3	0	753
592	2	12	3	694	0	711
593	0	708	3	11	0	722
594	697	10	3	4	0	714
595	11	2	4	699	0	716
596	1	1	699	11	0	712
597	4	3	10	694	0	711
598	4	2	707	10	0	723
599	2	0	712	4	0	718
600	2	2	724	1	0	729
601	2	728	10	3	0	743
602	4	10	727	3	0	744
603	715	3	13	2	0	733
604	729	3	4	3	0	739
605	735	4	1	4	0	744
606	11	2	4	732	0	749
607	728	2	1	13	0	744
608	11	705	2	4	0	722
609	3	747	3	3	0	756
610	731	11	2	7	0	751
611	11	3	749	2	0	765
612	3	3	9	748	0	763
613	1	3	755	11	0	770
614	1	3	762	4	0	770
615	1	749	14	2	0	766
616	2	9	5	712	0	728
617	2	4	3	750	0	759
618	740	6	2	14	0	762
619	10	744	2	5	0	761
620	3	756	2	3	0	764
621	4	11	740	4	0	759
622	4	757	13	3	0	777
623	756	9	5	5	0	775
624	754	5	9	5	0	773
625	10	0	767	4	0	781
626	2	3	768	6	0	779
627	5	1	16	744	0	766
628	4	8	8	724	0	744
629	1	742	7	15	0	765
630	6	11	4	739	0	760
631	8	4	6	739	0	757
632	4	728	6	15	0	753
633	2	11	3	733	0	749
634	4	2	10	708	0	724
635	2	693	6	16	0	717
636	2	14	700	6	0	722
637	7	6	16	701	0	730
638	711	1	6	14	0	732
639	691	4	8	4	0	707
640	14	4	693	7	0	718
641	675	6	9	7	0	697
642	697	6	5	3	0	711
643	9	706	5	8	0	728
644	3	8	675	10	0	696
645	3	3	677	6	0	689
646	5	7	11	720	0	743
647	724	5	5	14	0	748
648	749	2	4	6	0	761
649	15	3	9	788	0	815
650	843	2	1	20	0	866
651	867	7	4	3	0	881
652	837	4	2	6	0	849
653	14	3	815	7	0	839
654	4	4	797	4	0	809
655	764	2	13	5	0	784
656	11	3	768	4	0	786
657	4	700	6	2	0	712
658	4	7	12	686	0	709
659	1	4	715	7	0	727
660	1	0	710	1	0	712
661	2	2	8	702	0	714
662	1	2	707	5	0	715
663	4	1	692	1	0	698
664	0	634	8	2	0	644
665	1	680	2	2	0	685
666	681	8	4	2	0	695
667	4	1	2	671	0	678
668	674	0	1	5	0	680
669	4	0	675	1	0	680
670	3	1	4	666	0	674
671	0	1	2	682	0	685
672	670	0	0	7	0	677
673	4	675	0	2	0	681
674	4	3	605	1	0	613
675	1	1	628	2	0	632
676	2	657	5	1	0	665
677	1	4	648	1	0	654
678	2	654	4	0	0	660
679	1	626	2	0	0	629
680	0	5	636	0	0	641
681	599	1	5	1	0	606
682	5	1	2	640	0	648
683	1	651	1	4	0	657
684	0	4	0	644	0	648
685	649	2	1	4	0	656
686	647	0	2	1	0	650
687	638	0	0	4	0	642
688	5	0	635	1	0	641
689	2	1	4	620	0	627
690	0	638	1	4	0	643
691	664	4	0	3	0	671
692	8	1	0	664	0	673
693	3	0	0	662	0	665
694	3	0	1	680	0	684
695	2	1	669	7	0	679
696	630	1	4	3	0	638
697	7	674	1	1	0	683
698	7	4	1	657	0	669
699	5	2	0	659	0	666
700	645	0	2	7	0	654
701	8	2	615	1	0	626
702	4	1	643	1	0	649
703	1	653	10	0	0	664
704	2	6	673	2	0	683
705	638	3	7	6	0	654
706	6	667	6	1	0	680
707	1	6	674	2	0	683
708	636	1	10	6	0	653
709	7	3	698	1	0	709
710	3	700	8	3	0	714
711	5	7	4	700	0	716
712	4	3	3	710	0	720
713	2	3	708	7	0	720
714	3	2	687	4	0	696
715	3	683	7	3	0	696
716	684	8	2	5	0	699
717	9	703	1	6	0	719
718	5	5	3	713	0	726
719	3	1	709	10	0	723
720	666	3	6	5	0	680
721	11	2	5	690	0	708
722	6	681	3	5	0	695
723	1	705	3	1	0	710
724	2	9	6	704	0	721
725	4	4	3	713	0	724
726	712	4	5	9	0	730
727	8	5	4	729	0	746
728	3	4	738	9	0	754
729	738	5	10	2	0	755
730	753	1	7	5	0	766
731	10	1	758	7	0	776
732	761	3	10	2	0	776
733	10	4	5	800	0	819
734	9	4	3	801	0	817
735	9	2	2	804	0	817
736	6	2	3	793	0	804
737	2	816	5	10	0	833
738	829	9	1	8	0	847
739	835	2	5	8	0	850
740	12	1	853	6	0	872
741	864	4	5	8	0	881
742	901	2	3	5	0	911
743	905	3	3	6	0	917
744	932	2	5	6	0	945
745	11	942	4	2	0	959
746	4	10	2	881	0	897
747	2	5	897	9	0	913
748	3	2	847	5	0	857
749	769	22	15	0	0	806
750	778	1	7	1	0	787
751	5	756	1	1	0	763
752	781	3	1	1	0	786
753	6	776	0	7	0	789
754	4	3	2	780	0	789
755	800	2	1	5	0	808
756	776	1	0	4	0	781
757	767	2	0	4	0	773
758	5	762	2	3	0	772
759	768	3	1	3	0	775
760	7	4	0	784	0	795
761	799	0	0	6	0	805
762	7	2	790	3	0	802
763	6	794	6	0	0	806
764	795	5	3	1	0	804
765	9	3	794	2	0	808
766	6	1	6	789	0	802
767	4	1	806	4	0	815
768	5	1	797	2	0	805
769	2	2	7	793	0	804
770	2	3	809	7	0	821
771	7	0	7	805	0	819
772	3	2	4	805	0	814
773	838	1	0	10	0	849
774	9	837	2	3	0	851
775	5	854	1	3	0	863
776	4	859	1	2	0	866
777	3	10	855	2	0	870
778	5	4	7	860	0	876
779	4	2	877	8	0	891
780	837	2	7	6	0	852
781	874	2	5	5	0	886
782	9	886	3	3	0	901
783	6	7	3	871	0	887
784	6	886	2	7	0	901
785	888	9	2	5	0	904
786	8	5	2	888	0	903
787	5	3	894	9	0	911
788	4	890	11	4	0	909
789	3	8	912	4	0	927
790	2	3	8	915	0	928
791	2	3	904	8	0	917
792	861	2	10	4	0	877
793	8	5	898	5	0	916
794	3	902	10	5	0	920
795	3	10	3	902	0	918
796	5	2	3	910	0	920
797	908	4	2	13	0	927
798	903	2	4	4	0	913
799	13	898	1	5	0	917
800	5	7	889	3	0	904
801	5	4	876	4	0	889
802	868	1	15	5	0	889
803	9	3	899	2	0	913
804	6	0	874	1	0	881
805	3	2	877	3	0	885
806	1	4	873	5	0	883
807	1	878	13	3	0	895
808	888	8	8	2	0	906
809	10	4	4	862	0	880
810	866	7	3	9	0	885
811	10	850	5	4	0	869
812	859	9	4	6	0	878
813	13	879	3	3	0	898
814	7	8	3	880	0	898
815	4	914	4	11	0	933
816	6	12	912	4	0	934
817	4	926	13	3	0	946
818	4	14	4	1014	0	1036
819	1014	4	8	12	0	1038
820	15	4	5	1016	0	1040
821	7	2	1008	14	0	1031
822	5	6	12	992	0	1015
823	5	1003	5	11	0	1024
824	3	11	1007	5	0	1026
825	994	5	12	4	0	1015
826	18	4	4	1013	0	1039
827	983	4	7	15	0	1009
828	994	3	5	5	0	1007
829	15	1005	3	9	0	1032
830	990	12	2	7	0	1011
831	1004	9	4	3	0	1020
832	16	999	5	5	0	1025
833	7	16	3	982	0	1008
834	7	3	4	986	0	1000
835	4	982	3	15	0	1004
836	6	13	5	987	0	1011
837	3	4	970	20	0	997
838	5	3	13	964	0	985
839	5	4	954	14	0	977
840	2	8	881	5	0	896
841	5	880	12	4	0	901
842	1	877	9	6	0	893
843	5	916	4	5	0	930
844	17	15	5	864	0	901
845	4	8	874	12	0	898
846	864	4	11	4	0	883
847	16	3	5	877	0	901
848	4	6	881	13	0	904
849	6	3	876	3	0	888
850	0	895	14	6	0	915
851	3	18	5	884	0	910
852	884	3	5	17	0	909
853	14	872	6	4	0	896
854	4	873	5	7	0	889
855	6	867	5	4	0	882
856	2	17	6	900	0	925
857	4	921	6	12	0	943
858	3	19	2	990	0	1014
859	3	7	1	992	0	1003
860	3	8	961	15	0	987
861	881	3	17	8	0	909
862	18	3	966	3	0	990
863	4	6	15	965	0	990
864	6	4	974	20	0	1004
865	3	963	22	7	0	995
866	960	20	11	7	0	998
867	17	4	3	957	0	981
868	7	6	3	973	0	989
869	969	4	3	20	0	996
870	962	4	4	3	0	973
871	972	7	1	7	0	987
872	20	4	954	5	0	983
873	905	7	16	7	0	935
874	20	913	3	7	0	943
875	6	924	4	6	0	940
876	5	16	4	898	0	923
877	6	3	1	885	0	895
878	4	869	7	13	0	893
879	8	15	1	870	0	894
880	858	3	6	21	0	888
881	19	3	862	5	0	889
882	5	857	19	4	0	885
883	828	21	1	7	0	857
884	17	848	3	6	0	874
885	6	17	844	6	0	873
886	7	4	16	847	0	874
887	6	4	827	17	0	854
888	2	832	17	4	0	855
889	6	20	5	820	0	851
890	3	4	823	17	0	847
891	3	6	831	4	0	844
892	2	4	15	835	0	856
893	833	1	6	20	0	860
894	843	3	7	4	0	857
895	841	3	6	4	0	854
896	16	4	855	6	0	881
897	4	840	17	2	0	863
898	6	16	2	846	0	870
899	5	3	5	839	0	852
900	4	844	3	17	0	868
901	842	16	2	8	0	868
902	17	2	5	847	0	871
903	4	3	840	21	0	868
904	7	837	15	4	0	863
905	823	17	7	5	0	852
906	17	835	3	6	0	861
907	3	16	6	829	0	854
908	3	5	3	844	0	855
909	6	3	4	839	0	852
910	5	7	823	20	0	855
911	10	4	16	803	0	833
912	3	799	3	22	0	827
913	3	798	4	8	0	813
914	5	20	773	3	0	801
915	719	4	12	6	0	741
916	750	2	3	7	0	762
917	14	733	4	6	0	757
918	645	12	9	5	0	671
919	654	4	4	5	0	667
920	15	673	3	5	0	696
921	5	15	3	681	0	704
922	3	5	700	19	0	727
923	7	4	676	4	0	691
924	691	8	16	5	0	720
925	18	710	1	9	0	738
926	6	15	5	718	0	744
927	5	4	4	730	0	743
928	9	4	3	729	0	745
929	693	5	5	17	0	720
930	19	4	3	696	0	722
931	3	5	7	698	0	713
932	5	5	670	18	0	698
933	632	4	14	3	0	653
934	13	665	3	7	0	688
935	654	12	5	10	0	681
936	13	651	4	9	0	677
937	6	14	4	656	0	680
938	663	4	2	13	0	682
939	680	5	4	3	0	692
940	15	4	678	5	0	702
941	707	3	14	7	0	731
942	16	4	720	5	0	745
943	5	4	687	5	0	701
944	4	3	687	5	0	699
945	7	2	734	3	0	746
946	3	5	20	757	0	785
947	5	3	771	15	0	794
948	5	0	14	759	0	778
949	760	3	4	16	0	783
950	16	5	4	750	0	775
951	745	3	2	14	0	764
952	14	742	2	5	0	763
953	7	13	6	745	0	771
954	1	5	736	19	0	761
955	6	763	12	8	0	789
956	6	15	1	748	0	770
957	2	3	742	16	0	763
958	1	700	13	2	0	716
959	2	720	1	4	0	727
960	4	15	720	2	0	741
961	2	6	16	699	0	723
962	0	2	704	17	0	723
963	680	0	11	3	0	694
964	698	0	2	1	0	701
965	12	687	3	0	0	702
966	681	11	0	0	0	692
967	13	1	1	682	0	697
968	1	1	679	14	0	695
969	663	0	15	3	0	681
970	11	1	669	4	0	685
971	4	668	13	0	0	685
972	680	10	5	3	0	698
973	14	1	1	683	0	699
974	1	3	685	11	0	700
975	675	1	13	4	0	693
976	681	2	3	2	0	688
977	686	3	2	2	0	693
978	15	0	0	673	0	688
979	4	1	3	685	0	693
980	3	1	683	11	0	698
981	2	669	10	2	0	683
982	1	11	5	660	0	677
983	2	3	1	682	0	688
984	2	0	677	12	0	691
985	3	0	677	4	0	684
986	4	0	13	672	0	689
987	669	2	3	11	0	685
988	13	670	1	1	0	685
989	667	12	0	4	0	683
990	11	666	3	3	0	683
991	3	10	667	4	0	684
992	2	1	673	0	0	676
993	660	4	12	2	0	678
994	714	0	3	4	0	721
995	13	721	1	5	0	740
996	6	14	707	2	0	729
997	8	4	14	698	0	724
998	5	1	4	697	0	707
999	4	709	4	17	0	734
1000	4	13	5	722	0	744
1001	5	6	718	16	0	745
1002	710	2	17	6	0	735
1003	727	5	6	4	0	742
1004	724	3	5	5	0	737
1005	732	2	2	5	0	741
1006	20	0	719	4	0	743
1007	716	4	16	3	0	739
1008	19	0	730	2	0	751
1009	10	714	18	2	0	744
1010	5	16	6	727	0	754
1011	745	4	3	16	0	768
1012	17	3	4	776	0	800
1013	7	3	781	13	0	804
1014	780	2	16	9	0	807
1015	818	1	7	3	0	829
1016	21	2	4	802	0	829
1017	12	2	3	812	0	829
1018	5	1	797	21	0	824
1019	5	800	16	5	0	826
1020	775	15	3	7	0	800
1021	17	3	749	6	0	775
1022	733	1	15	5	0	754
1023	13	747	8	2	0	770
1024	745	12	1	7	0	765
1025	16	724	6	2	0	748
1026	10	732	0	0	0	742
1027	6	17	0	723	0	746
1028	11	3	2	746	0	762
1029	6	4	4	748	0	762
1030	7	3	4	743	0	757
1031	3	3	731	20	0	757
1032	732	2	12	5	0	751
1033	749	4	4	4	0	761
1034	757	2	1	10	0	770
1035	16	2	6	743	0	767
1036	10	1	2	753	0	766
1037	740	3	2	17	0	762
1038	751	2	1	5	0	759
1039	736	2	2	10	0	750
1040	19	4	5	703	0	731
1041	12	2	0	684	0	698
1042	9	2	659	15	0	685
1043	5	3	654	4	0	666
1044	5	652	14	6	0	677
1045	577	18	14	8	0	617
1046	583	4	5	4	0	596
1047	582	1	4	4	0	591
1048	12	4	581	3	0	600
1049	583	1	10	3	0	597
1050	592	2	3	5	0	602
1051	604	0	2	4	0	610
1052	15	2	4	591	0	612
1053	7	1	0	597	0	605
1054	7	0	3	596	0	606
1055	6	0	520	13	0	539
1056	520	0	8	7	0	535
1057	11	527	3	5	0	546
1058	480	7	1	6	0	494
1059	10	477	1	2	0	490
1060	7	492	0	3	0	502
1061	4	10	0	487	0	501
1062	7	3	3	480	0	493
1063	1	484	1	15	0	501
1064	473	7	1	4	0	485
1065	475	3	2	3	0	483
1066	10	2	1	473	0	486
1067	4	5	471	7	0	487
1068	6	0	462	4	0	472
1069	5	2	469	1	0	477
1070	2	0	483	5	0	490
1071	465	0	9	3	0	477
1072	467	0	5	3	0	475
1073	12	1	3	454	0	470
1074	4	0	458	8	0	470
1075	2	3	7	452	0	464
1076	4	455	4	6	0	469
1077	2	502	1	4	0	509
1078	511	7	2	2	0	522
1079	514	4	1	4	0	523
1080	521	2	1	2	0	526
1081	9	4	0	515	0	528
1082	4	2	1	524	0	531
1083	4	3	0	527	0	534
1084	6	2	0	524	0	532
1085	3	1	518	11	0	533
1086	4	2	5	519	0	530
1087	551	0	2	10	0	563
1088	7	0	0	562	0	569
1089	1	0	5	562	0	568
1090	2	2	1	555	0	560
1091	6	527	3	8	0	544
1092	5	524	1	5	0	535
1093	2	548	1	4	0	555
1094	7	3	0	509	0	519
1095	4	0	0	511	0	515
1096	504	0	1	8	0	513
1097	509	0	1	4	0	514
1098	508	3	0	5	0	516
1099	5	3	0	507	0	515
1100	3	3	1	503	0	510
1101	3	488	1	7	0	499
1102	2	511	1	2	0	516
1103	511	4	0	2	0	517
1104	7	0	0	505	0	512
1105	509	0	0	7	0	516
1106	511	0	1	5	0	517
1107	6	0	1	500	0	507
1108	1	518	2	5	0	526
1109	523	5	0	4	0	532
1110	547	0	0	1	0	548
1111	3	0	548	3	0	554
1112	510	0	1	0	0	511
1113	5	513	0	0	0	518
1114	0	2	1	527	0	530
1115	568	2	0	5	0	575
1116	6	1	0	577	0	584
1117	2	0	0	577	0	579
1118	0	581	2	3	0	586
1119	587	2	0	3	0	592
1120	580	2	0	2	0	584
1121	3	581	0	2	0	586
1122	3	604	1	0	0	608
1123	611	3	0	3	0	617
1124	605	0	0	4	0	609
1125	3	2	592	0	0	597
1126	2	1	567	0	0	570
1127	3	0	600	0	0	603
1128	1	2	3	605	0	611
1129	1	2	0	610	0	613
1130	4	0	611	4	0	619
1131	615	0	4	1	0	620
1132	639	0	2	1	0	642
1133	644	0	2	0	0	646
1134	633	0	2	0	0	635
1135	3	0	683	2	0	688
1136	683	0	3	4	0	690
1137	705	0	2	2	0	709
1138	724	0	0	1	0	725
1139	725	0	0	2	0	727
1140	730	0	0	2	0	732
1141	6	0	737	0	0	743
1142	0	743	5	1	0	749
1143	2	3	0	739	0	744
1144	2	1	0	758	0	761
1145	2	2	754	2	0	760
1146	708	0	2	4	0	714
1147	4	0	0	736	0	740
1148	1	0	743	2	0	746
1149	1	2	727	0	0	730
1150	1	757	3	3	0	764
1151	2	2	0	758	0	762
1152	0	0	5	767	0	772
1153	2	1	0	749	0	752
1154	758	1	0	4	0	763
1155	4	1	2	753	0	760
1156	0	0	760	2	0	762
1157	2	3	701	1	0	707
1158	1	0	798	2	0	801
1159	1	0	2	825	0	828
1160	817	1	0	8	0	826
1161	5	0	831	0	0	836
1162	818	0	2	2	0	822
1163	887	0	2	1	0	890
1164	4	0	2	900	0	906
1165	0	1	2	900	0	903
1166	0	896	0	6	0	902
1167	3	2	898	0	0	903
1168	892	0	5	1	0	898
1169	5	0	0	912	0	917
1170	2	909	2	3	0	916
1171	1	2	0	931	0	934
1172	1	0	926	5	0	932
1173	1	2	2	922	0	927
1174	0	926	2	3	0	931
1175	3	4	0	920	0	927
1176	922	0	0	6	0	928
1177	4	2	1	901	0	908
1178	0	877	1	5	0	883
1179	0	891	3	0	0	894
1180	874	3	0	5	0	882
1181	3	2	898	1	0	904
1182	1	0	4	892	0	897
1183	5	1	0	918	0	924
1184	1	1	923	4	0	929
1185	1	919	3	1	0	924
1186	1	5	926	0	0	932
1187	0	1	4	893	0	898
1188	0	907	0	4	0	911
1189	910	3	0	1	0	914
1190	3	902	0	0	0	905
1191	0	926	0	0	0	926
1192	922	3	2	3	0	930
1193	943	0	0	0	0	943
1194	945	0	0	2	0	947
1195	5	0	0	957	0	962
1196	0	0	965	3	0	968
1197	983	0	3	1	0	987
1198	1027	0	0	2	0	1029
1199	6	0	0	1054	0	1060
1200	0	1	1063	7	0	1071
1201	0	1050	5	0	0	1055
1202	1054	6	0	0	0	1060
1203	1074	0	0	2	0	1076
1204	6	1075	0	0	0	1081
1205	0	1108	0	1	0	1109
1206	1104	8	0	3	0	1115
1207	1104	0	3	5	0	1112
1208	1086	0	8	2	0	1096
1209	7	0	0	1085	0	1092
1210	0	0	1099	8	0	1107
1211	1	0	7	1068	0	1076
1212	1	0	1076	8	0	1085
1213	1	1059	6	1	0	1067
1214	0	1062	1	2	0	1065
1215	4	9	1	999	0	1013
1216	2	1	0	1020	0	1023
1217	3	0	0	1009	0	1012
1218	1	1012	0	6	0	1019
1219	1002	9	0	2	0	1013
1220	1001	1	0	3	0	1005
1221	9	1007	1	0	0	1017
1222	3	7	0	979	0	989
1223	1	984	0	8	0	993
1224	1	7	1	984	0	993
1225	0	993	2	7	0	1002
1226	1002	7	1	2	0	1012
1227	7	1	1	977	0	986
1228	0	2	970	6	0	978
1229	946	1	6	4	0	957
1230	959	0	0	2	0	961
1231	7	0	945	2	0	954
1232	0	1	7	942	0	950
1233	1	3	963	6	0	973
1234	4	0	7	963	0	974
1235	3	1	921	7	0	932
1236	899	2	6	2	0	909
1237	7	2	0	897	0	906
1238	1	909	0	7	0	917
1239	939	8	0	3	0	950
1240	9	1	0	952	0	962
1241	1	0	0	950	0	951
1242	0	1	941	7	0	949
1243	1	1	8	1002	0	1012
1244	2	0	1036	12	0	1050
1245	1	1	1075	0	0	1077
1246	1	0	14	1106	0	1121
1247	0	0	1176	17	0	1193
1248	1183	1	16	3	0	1203
1249	1413	0	1	3	0	1417
1250	1466	1	1	3	0	1471
1251	29	1532	0	1	0	1562
1252	10	24	0	1529	0	1563
1253	5	7	1	1497	0	1510
1254	2	1560	0	24	0	1586
1255	1564	25	0	7	0	1596
1256	29	4	1	1560	0	1594
1257	5	3	1587	25	0	1620
1258	2	1	1533	6	0	1542
1259	1	1510	30	2	0	1543
1260	1520	24	8	4	0	1556
1261	27	3	1506	3	0	1539
1262	1465	1	27	2	0	1495
1263	30	1433	5	0	0	1468
1264	11	28	1437	3	0	1479
1265	4	4	1395	2	0	1405
1266	1	5	1450	4	0	1460
1267	3	1430	27	3	0	1463
1268	3	26	1443	4	0	1476
1269	1424	6	29	3	0	1462
1270	30	2	8	1384	0	1424
1271	6	3	4	1463	0	1476
1272	8	2	6	1460	0	1476
1273	8	1	5	1465	0	1479
1274	4	4	1441	34	0	1483
1275	7	2	27	1442	0	1478
1276	6	2	8	1451	0	1467
1277	1437	2	4	30	0	1473
1278	1461	4	5	10	0	1480
1279	1379	2	7	9	0	1397
1280	27	2	1405	4	0	1438
1281	8	1423	27	3	0	1461
1282	3	1490	5	2	0	1500
1283	1407	32	3	6	0	1448
1284	29	1439	3	6	0	1477
1285	8	31	4	1440	0	1483
1286	5	11	1	1464	0	1481
1287	6	3	1434	34	0	1477
1288	3	1418	30	13	0	1464
1289	4	29	1400	3	0	1436
1290	1412	8	30	4	0	1454
1291	1435	5	8	5	0	1453
1292	41	1	3	1411	0	1456
1293	10	3	5	1401	0	1419
1294	10	4	3	1392	0	1409
1295	9	4	6	1410	0	1429
1296	2	5	1380	34	0	1421
1297	2	8	28	1345	0	1383
1298	3	0	1355	33	0	1391
1299	2	7	1315	13	0	1337
1300	3	1318	33	9	0	1363
1301	1328	26	10	7	0	1371
1302	26	1348	6	3	0	1383
1303	13	26	3	1329	0	1371
1304	3	5	1363	30	0	1401
1305	1333	3	27	8	0	1371
1306	35	1	1346	5	0	1387
1307	1350	3	25	9	0	1387
1308	1379	3	10	5	0	1397
1309	38	3	5	1405	0	1451
1310	5	3	5	1405	0	1418
1311	16	3	4	1403	0	1426
1312	5	4	1368	35	0	1412
1313	1361	5	26	12	0	1404
1314	28	1374	11	7	0	1420
1315	6	30	5	1376	0	1417
1316	1365	10	6	33	0	1414
1317	1399	6	3	9	0	1417
1318	1398	4	1	11	0	1414
1319	34	3	1359	7	0	1403
1320	1387	2	30	9	0	1428
1321	1403	6	15	7	0	1431
1322	38	6	1269	9	0	1322
1323	14	3	1418	9	0	1444
1324	8	2	32	1413	0	1455
1325	7	5	1425	33	0	1470
1326	5	1376	30	14	0	1425
1327	4	1432	16	6	0	1458
1328	1410	28	11	8	0	1457
1329	31	1441	7	3	0	1482
1330	13	31	6	1434	0	1484
1331	1408	7	8	26	0	1449
1332	33	1433	6	10	0	1482
1333	13	28	4	1424	0	1469
1334	8	7	8	1444	0	1467
1335	7	4	1412	37	0	1460
1336	11	3	33	1409	0	1456
1337	4	5	1407	35	0	1451
1338	4	3	1402	15	0	1424
1339	10	4	29	1351	0	1394
1340	10	3	7	1369	0	1389
1341	1349	5	1	39	0	1394
1342	29	1449	7	13	0	1498
1343	11	26	2	1379	0	1418
1344	10	17	5	1366	0	1398
1345	1300	4	1	38	0	1343
1346	28	1264	4	12	0	1308
1347	7	1186	6	12	0	1211
1348	6	1153	2	8	0	1169
1349	4	968	3	4	0	979
1350	828	16	23	2	0	869
1351	809	3	5	2	0	819
1352	783	3	1	2	0	789
1353	783	0	0	3	0	786
1354	19	0	2	763	0	784
1355	6	1	755	14	0	776
1356	4	747	13	1	0	765
1357	1	14	2	731	0	748
1358	1	3	726	17	0	747
1359	4	1	13	717	0	735
1360	2	1	3	728	0	734
1361	4	1	711	14	0	730
1362	4	3	13	707	0	727
1363	4	2	2	698	0	706
1364	722	1	2	16	0	741
1365	718	2	2	2	0	724
1366	722	2	0	2	0	726
1367	711	1	4	2	0	718
1368	18	0	0	696	0	714
1369	9	1	1	689	0	700
1370	1	3	2	688	0	694
1371	674	0	3	22	0	699
1372	16	2	1	684	0	703
1373	4	5	5	692	0	706
1374	7	3	673	16	0	699
1375	3	4	14	651	0	672
1376	4	658	3	14	0	679
1377	6	681	0	4	0	691
1378	662	15	0	9	0	686
1379	18	2	653	2	0	675
1380	4	641	12	1	0	658
1381	634	9	4	8	0	655
1382	12	1	4	636	0	653
1383	1	4	638	13	0	656
1384	1	1	12	631	0	645
1385	2	650	6	14	0	672
1386	654	9	6	6	0	675
1387	10	667	1	7	0	685
1388	664	12	6	3	0	685
1389	678	3	2	3	0	686
1390	15	6	2	676	0	699
1391	7	2	0	670	0	679
1392	4	672	1	18	0	695
1393	677	13	2	6	0	698
1394	10	5	666	9	0	690
1395	647	3	10	4	0	664
1396	637	2	3	5	0	647
1397	13	2	620	6	0	641
1398	6	8	11	582	0	607
1399	589	3	2	12	0	606
1400	11	1	588	5	0	605
1401	2	4	581	2	0	589
1402	551	0	11	2	0	564
1403	12	540	4	0	0	556
1404	3	518	3	2	0	526
1405	10	8	1	512	0	531
1406	5	2	511	9	0	527
1407	492	6	10	2	0	510
1408	10	2	501	4	0	517
1409	3	449	8	2	0	462
1410	448	10	6	2	0	466
1411	7	4	1	445	0	457
1412	444	2	2	9	0	457
1413	13	2	434	2	0	451
1414	4	3	7	422	0	436
1415	4	438	3	7	0	452
1416	4	10	0	431	0	445
1417	8	5	2	437	0	452
1418	4	2	440	12	0	458
1419	7	425	6	6	0	444
1420	6	428	5	4	0	443
1421	3	7	422	4	0	436
1422	389	3	9	5	0	406
1423	403	5	5	2	0	415
1424	10	5	4	390	0	409
1425	377	0	4	11	0	392
1426	12	362	2	3	0	379
1427	3	380	2	4	0	389
1428	379	10	4	3	0	396
1429	11	3	2	374	0	390
1430	383	3	2	11	0	399
1431	395	2	0	7	0	404
1432	16	0	3	384	0	403
1433	7	4	380	8	0	399
1434	378	4	7	4	0	393
1435	384	2	4	4	0	394
1436	15	4	1	373	0	393
1437	8	371	3	11	0	393
1438	5	5	2	385	0	397
1439	4	7	375	9	0	395
1440	0	3	377	8	0	388
1441	2	364	11	6	0	383
1442	9	2	5	251	0	267
1443	3	2	1	257	0	263
1444	1	1	256	6	0	264
1445	248	1	3	3	0	255
1446	258	2	3	3	0	266
1447	265	2	1	2	0	270
1448	258	1	2	0	0	261
1449	6	243	2	1	0	252
1450	4	253	0	1	0	258
1451	268	7	1	0	0	276
1452	6	3	0	270	0	279
1453	4	1	2	277	0	284
1454	3	276	1	6	0	286
1455	5	5	0	284	0	294
1456	1	3	1	282	0	287
1457	0	283	0	7	0	290
1458	3	5	277	5	0	290
1459	0	3	6	279	0	288
1460	280	0	3	7	0	290
1461	283	4	1	3	0	291
1462	6	1	283	3	0	293
1463	2	1	273	4	0	280
1464	1	1	281	2	0	285
1465	4	0	6	270	0	280
1466	3	0	278	5	0	286
1467	3	1	272	2	0	278
1468	2	0	7	269	0	278
1469	0	277	4	5	0	286
1470	1	6	288	3	0	298
1471	2	286	6	3	0	297
1472	278	6	2	4	0	290
1473	5	277	1	4	0	287
1474	3	8	0	271	0	282
1475	272	5	1	7	0	285
1476	6	1	0	274	0	281
1477	3	2	0	279	0	284
1478	1	2	280	7	0	290
1479	1	268	5	3	0	277
1480	3	274	2	3	0	282
1481	6	5	2	270	0	283
1482	2	2	2	275	0	281
1483	2	0	4	259	0	265
1484	0	0	250	6	0	256
1485	0	2	241	4	0	247
1486	223	0	7	3	0	233
1487	4	0	247	1	0	252
1488	2	0	249	1	0	252
1489	0	245	8	0	0	253
1490	1	6	4	241	0	252
1491	1	3	244	4	0	252
1492	0	1	5	240	0	246
1493	1	1	247	4	0	253
1494	0	2	4	246	0	252
1495	1	0	267	6	0	274
1496	1	0	5	268	0	274
1497	1	0	2	272	0	275
1498	0	281	1	7	0	289
1499	1	4	1	280	0	286
1500	0	279	1	4	0	284
1501	0	5	0	289	0	294
1502	0	2	0	289	0	291
1503	282	1	0	8	0	291
1504	4	0	1	283	0	288
1505	2	2	276	4	0	284
1506	1	0	5	277	0	283
1507	1	0	3	280	0	284
1508	1	0	276	6	0	283
1509	0	1	277	2	0	280
1510	0	0	7	269	0	276
1511	0	0	3	280	0	283
1512	0	0	274	8	0	282
1513	0	268	6	4	0	278
1514	0	278	4	1	0	283
1515	268	5	1	2	0	276
1516	4	1	1	272	0	278
1517	271	0	1	5	0	277
1518	268	0	0	2	0	270
1519	5	263	0	0	0	268
1520	262	4	0	0	0	266
1521	262	2	0	1	0	265
1522	7	0	258	1	0	266
1523	2	0	4	264	0	270
1524	1	1	273	4	0	279
1525	1	0	4	278	0	283
1526	1	0	278	4	0	283
1527	0	261	5	2	0	268
1528	0	266	2	2	0	270
1529	1	3	3	259	0	266
1530	253	1	1	4	0	259
1531	3	0	1	250	0	254
1532	0	0	1	247	0	248
1533	0	1	258	4	0	263
1534	0	1	258	1	0	260
1535	1	1	261	0	0	263
1536	3	0	4	257	0	264
1537	1	0	0	257	0	258
1538	1	255	1	4	0	261
1539	1	267	1	0	0	269
1540	262	4	1	1	0	268
1541	4	264	0	1	0	269
1542	1	3	259	1	0	264
1543	0	0	4	256	0	260
1544	1	0	260	4	0	265
1545	0	261	4	1	0	266
1546	0	3	1	269	0	273
1547	255	0	1	3	0	259
1548	1	1	264	1	0	267
1549	0	268	1	0	0	269
1550	0	1	273	1	0	275
1551	0	263	1	1	0	265
1552	0	3	2	252	0	257
1553	251	0	1	1	0	253
1554	249	0	0	0	0	249
1555	1	248	0	0	0	249
1556	248	1	0	1	0	250
1557	1	0	0	247	0	248
1558	244	0	1	2	0	247
1559	2	0	254	0	0	256
1560	0	1	257	0	0	258
1561	1	0	1	251	0	253
1562	1	0	0	258	0	259
1563	0	1	257	1	0	259
1564	0	0	1	260	0	261
1565	260	0	1	1	0	262
1566	259	0	0	1	0	260
1567	1	253	1	0	0	255
1568	0	254	0	0	0	254
1569	253	2	0	0	0	255
1570	1	0	0	246	0	247
1571	244	0	0	1	0	245
1572	1	247	0	1	0	249
1573	249	1	0	1	0	251
1574	1	0	247	0	0	248
1575	0	0	246	0	0	246
1576	0	0	2	260	0	262
1577	0	0	257	2	0	259
1578	0	0	1	254	0	255
1579	0	0	0	247	0	247
1580	0	1	269	1	0	271
1581	2	0	1	270	0	273
1582	0	1	0	294	0	295
1583	0	1	306	3	0	310
1584	0	1	303	1	0	305
1585	303	0	4	0	0	307
1586	3	2	314	0	0	319
1587	324	0	2	0	0	326
1588	340	0	0	1	0	341
1589	3	0	352	0	0	355
1590	2	1	356	0	0	359
1591	3	2	3	347	0	355
1592	1	0	2	348	0	351
1593	0	353	4	3	0	360
1594	0	368	1	3	0	372
1595	0	4	345	4	0	353
1596	338	6	4	0	0	348
1597	347	4	0	2	0	353
1598	5	0	332	0	0	337
1599	5	0	334	0	0	339
1600	3	1	3	333	0	340
1601	2	338	1	3	0	344
1602	1	3	4	345	0	353
1603	1	0	0	356	0	357
1604	351	3	2	4	0	360
1605	350	1	1	3	0	355
1606	4	0	0	359	0	363
1607	4	0	356	4	0	364
1608	353	0	5	0	0	358
1609	3	366	0	7	0	376
1610	369	3	3	0	0	375
1611	367	0	0	2	0	369
1612	3	373	0	1	0	377
1613	3	369	2	0	0	374
1614	3	3	1	372	0	379
1615	1	3	0	378	0	382
1616	1	372	1	4	0	378
1617	1	3	2	373	0	379
1618	2	0	0	379	0	381
1619	1	2	380	3	0	386
1620	374	0	4	4	0	382
1621	383	1	0	4	0	388
1622	383	1	4	1	0	389
1623	6	0	1	377	0	384
1624	367	0	0	7	0	374
1625	7	366	2	1	0	376
1626	0	5	1	357	0	363
1627	5	361	0	2	0	368
1628	0	372	4	0	0	376
1629	374	3	2	2	0	381
1630	381	3	0	1	0	385
1631	376	3	4	0	0	383
1632	379	0	2	1	0	382
1633	369	0	1	2	0	372
1634	7	1	371	0	0	379
1635	366	0	4	4	0	374
1636	6	2	370	2	0	380
1637	360	0	9	0	0	369
1638	374	0	1	2	0	377
1639	368	0	3	1	0	372
1640	6	0	395	0	0	401
1641	5	1	1	389	0	396
1642	3	404	2	4	0	413
1643	415	3	2	0	0	420
1644	419	0	1	4	0	424
1645	3	434	1	1	0	439
1646	432	4	1	1	0	438
1647	8	0	0	426	0	434
1648	0	430	0	7	0	437
1649	423	4	1	2	0	430
1650	424	0	0	4	0	428
1651	4	4	0	423	0	431
1652	427	0	1	4	0	432
1653	8	0	0	426	0	434
1654	1	1	1	429	0	432
1655	5	0	425	3	0	433
1656	0	1	3	429	0	433
1657	1	0	0	431	0	432
1658	2	2	427	3	0	434
1659	0	1	430	4	0	435
1660	1	1	2	427	0	431
1661	0	0	437	4	0	441
1662	412	0	5	1	0	418
1663	4	442	1	4	0	451
1664	1	2	2	447	0	452
1665	3	0	0	457	0	460
1666	1	4	1	454	0	460
1667	455	1	0	6	0	462
1668	451	0	0	5	0	456
1669	459	2	0	3	0	464
1670	6	461	0	1	0	468
1671	5	2	0	469	0	476
1672	5	1	0	473	0	479
1673	469	2	0	4	0	475
1674	464	1	0	5	0	470
1675	4	1	0	468	0	473
1676	4	0	468	3	0	475
1677	476	0	4	0	0	480
1678	477	1	1	4	0	483
1679	7	0	483	0	0	490
1680	456	0	4	0	0	460
1681	8	1	466	0	0	475
1682	456	1	6	0	0	463
1683	6	2	1	457	0	466
1684	1	497	3	4	0	505
1685	4	5	524	0	0	533
1686	0	516	4	3	0	523
1687	0	490	1	1	0	492
1688	515	6	2	2	0	525
1689	9	1	0	509	0	519
1690	2	0	0	505	0	507
1691	540	0	0	5	0	545
1692	4	1	0	542	0	547
1693	1	0	0	547	0	548
1694	0	1	0	538	0	539
1695	1	0	0	539	0	540
1696	0	1	541	4	0	546
1697	0	2	527	0	0	529
1698	1	535	4	0	0	540
1699	534	4	0	1	0	539
1700	6	0	0	542	0	548
1701	1	528	0	4	0	533
1702	2	3	0	560	0	565
1703	0	0	0	566	0	566
1704	1	0	0	566	0	567
1705	1	0	1	570	0	572
1706	1	0	1	572	0	574
1707	3	568	0	4	0	575
1708	1	5	0	574	0	580
1709	1	2	563	4	0	570
1710	0	565	5	0	0	570
1711	2	6	0	571	0	579
1712	2	1	0	566	0	569
1713	2	566	0	2	0	570
1714	1	564	0	2	0	567
1715	563	3	0	2	0	568
1716	4	559	1	2	0	566
1717	557	4	0	3	0	564
1718	557	0	0	3	0	560
1719	4	0	597	3	0	604
1720	0	0	4	577	0	581
1721	0	1	595	5	0	601
1722	0	622	6	1	0	629
1723	0	5	2	591	0	598
1724	2	0	2	632	0	636
1725	3	0	0	635	0	638
1726	1	1	1	634	0	637
1727	1	0	639	5	0	645
1728	2	1	3	639	0	645
1729	1	0	637	6	0	644
1730	1	0	626	2	0	629
1731	619	0	4	2	0	625
1732	650	1	0	1	0	652
1733	651	1	0	2	0	654
1734	4	639	1	1	0	645
1735	1	5	0	643	0	649
1736	2	0	666	5	0	673
1737	1	0	3	665	0	669
1738	1	0	690	4	0	695
1739	690	1	4	0	0	695
1740	668	0	0	3	0	671
1741	669	0	0	0	0	669
1742	5	0	655	0	0	660
1743	3	0	656	0	0	659
1744	1	7	4	654	0	666
1745	0	0	0	610	0	610
1746	0	1	1	660	0	662
1747	0	2	668	3	0	673
1748	0	2	620	1	0	623
1749	641	1	3	4	0	649
1750	4	0	0	670	0	674
1751	1	1	0	670	0	672
1752	672	0	2	5	0	679
1753	4	1	0	679	0	684
1754	708	1	1	9	0	719
1755	720	0	1	3	0	724
1756	718	0	0	4	0	722
1757	4	0	730	2	0	736
1758	2	725	4	0	0	731
1759	748	4	1	4	0	757
1760	3	1	0	764	0	768
1761	1	0	1	759	0	761
1762	0	759	1	7	0	767
1763	758	4	2	1	0	765
1764	749	0	2	1	0	752
1765	761	1	0	2	0	764
1766	5	769	0	1	0	775
1767	795	2	1	2	0	800
1768	798	1	0	4	0	803
1769	795	1	0	4	0	800
1770	3	0	0	792	0	795
1771	0	0	1	793	0	794
1772	0	1	802	4	0	807
1773	0	0	3	800	0	803
1774	1	1	0	799	0	801
1775	0	1	810	5	0	816
1776	778	1	4	1	0	784
1777	799	1	0	1	0	801
1778	3	2	0	793	0	798
1779	2	785	0	4	0	791
1780	2	800	0	0	0	802
1781	0	4	1	792	0	797
1782	1	0	772	3	0	776
1783	2	0	3	757	0	762
1784	0	0	729	2	0	731
1785	0	0	720	0	0	720
1786	0	2	0	731	0	733
1787	736	0	0	3	0	739
1788	714	0	0	1	0	715
1789	1	0	0	739	0	740
1790	0	0	0	734	0	734
1791	0	0	0	716	0	716
1792	0	0	0	709	0	709
1793	721	0	0	2	0	723
1794	716	0	0	3	0	719
1795	718	0	0	0	0	718
1796	1	0	714	0	0	715
1797	0	0	0	717	0	717
1798	0	0	0	733	0	733
1799	724	0	0	2	0	726
1800	0	718	0	0	0	718
1801	721	0	0	1	0	722
1802	705	0	0	3	0	708
1803	701	0	0	2	0	703
1804	695	0	0	1	0	696
1805	0	0	726	0	0	726
1806	0	1	690	0	0	691
1807	734	0	0	6	0	740
1808	741	0	0	1	0	742
1809	749	0	0	0	0	749
1810	778	0	0	1	0	779
1811	0	0	827	0	0	827
1812	1	858	2	3	0	864
1813	2	1	1	922	0	926
1814	969	1	0	2	0	972
1815	984	0	0	4	0	988
1816	1028	2	0	2	0	1032
1817	1039	0	0	2	0	1041
1818	1061	0	0	0	0	1061
1819	1009	0	0	2	0	1011
1820	13	0	935	1	0	949
1821	6	0	982	0	0	988
1822	4	0	7	962	0	973
1823	4	0	969	5	0	978
1824	4	950	8	3	0	965
1825	2	948	6	2	0	958
1826	5	6	1	991	0	1003
1827	1	6	1052	5	0	1064
1828	1	4	1012	4	0	1021
1829	1028	3	10	5	0	1046
1830	1121	0	5	3	0	1129
1831	14	2	5	1127	0	1148
1832	1145	2	3	14	0	1164
1833	16	0	0	1144	0	1160
1834	10	1	2	1143	0	1156
1835	2	1	1157	20	0	1180
1836	6	0	1132	8	0	1146
1837	4	0	17	1124	0	1145
1838	0	0	1113	17	0	1130
1839	1066	0	17	6	0	1089
1840	1125	0	8	4	0	1137
1841	18	1144	2	6	0	1170
1842	1144	12	6	0	0	1162
1843	19	6	1134	1	0	1160
1844	1128	2	15	4	0	1149
1845	1146	2	9	2	0	1159
1846	1165	0	2	1	0	1168
1847	25	0	2	1120	0	1147
1848	11	1133	2	13	0	1159
1849	1139	13	0	8	0	1160
1850	1143	5	2	6	0	1156
1851	23	4	1	1155	0	1183
1852	1161	2	2	18	0	1183
1853	23	1172	3	7	0	1205
1854	12	11	1	1151	0	1175
1855	5	9	1140	21	0	1175
1856	1093	2	17	7	0	1119
1857	21	4	1147	3	0	1175
1858	6	3	18	1188	0	1215
1859	6	1146	13	15	0	1180
1860	6	1287	5	7	0	1305
1861	5	29	3	1296	0	1333
1862	6	1317	3	24	0	1350
1863	7	36	3	1692	0	1738
1864	3	11	4	1759	0	1777
1865	5	4	4	1777	0	1790
1866	1712	3	2	55	0	1772
1867	46	0	4	1723	0	1773
1868	16	3	1686	54	0	1759
1869	8	1704	38	22	0	1772
1870	1724	41	8	11	0	1784
1871	49	11	3	1713	0	1776
1872	21	5	9	1755	0	1790
1873	13	4	5	1771	0	1793
1874	11	1	1708	60	0	1780
1875	7	1703	42	22	0	1774
1876	1725	43	14	13	0	1795
1877	52	15	5	1682	0	1754
1878	11	1730	7	51	0	1799
1879	1726	49	9	20	0	1804
1880	53	14	1714	11	0	1792
1881	1718	8	51	10	0	1787
1882	55	9	1734	8	0	1806
1883	20	6	1749	10	0	1785
1884	9	1740	59	10	0	1818
1885	13	44	17	1679	0	1753
1886	11	18	1688	47	0	1764
1887	10	1636	53	19	0	1718
1888	12	48	15	1639	0	1714
1889	4	1634	9	55	0	1702
1890	6	44	1658	17	0	1725
1891	8	22	45	1641	0	1716
1892	8	7	1652	56	0	1723
1893	7	12	48	1628	0	1695
1894	10	6	21	1673	0	1710
1895	6	8	1632	69	0	1715
1896	12	6	53	1639	0	1710
1897	1605	5	17	64	0	1691
1898	51	1622	12	29	0	1714
1899	13	52	1628	19	0	1712
1900	1604	17	47	18	0	1686
1901	57	5	18	1588	0	1668
1902	20	1613	14	50	0	1697
1903	1640	38	12	26	0	1716
1904	1687	22	6	13	0	1728
1905	59	16	8	1593	0	1676
1906	27	11	10	1626	0	1674
1907	16	7	7	1637	0	1667
1908	16	12	6	1623	0	1657
1909	6	1573	10	69	0	1658
1910	20	56	8	1510	0	1594
1911	12	1468	6	54	0	1540
1912	3	1462	10	29	0	1504
1913	5	1441	12	17	0	1475
1914	8	54	1343	15	0	1420
1915	5	1365	45	16	0	1431
1916	1299	47	27	16	0	1389
1917	40	1292	9	19	0	1360
1918	12	46	7	1241	0	1306
1919	8	1299	10	48	0	1365
1920	11	47	10	1290	0	1358
1921	13	14	9	1340	0	1376
1922	10	12	1283	57	0	1362
1923	1252	12	48	28	0	1340
1924	1308	11	14	23	0	1356
1925	1295	10	12	19	0	1336
1926	56	1247	9	26	0	1338
1927	23	40	9	1207	0	1279
1928	8	19	1195	54	0	1276
1929	13	1185	43	20	0	1261
1930	13	46	12	1032	0	1103
1931	14	1096	7	43	0	1160
1932	1098	44	11	14	0	1167
1933	1110	17	7	21	0	1155
1934	1139	8	12	12	0	1171
1935	1127	17	8	10	0	1162
1936	53	7	8	1092	0	1160
1937	15	14	9	1111	0	1149
1938	14	1101	6	43	0	1164
1939	14	43	9	1102	0	1168
1940	13	17	1088	47	0	1165
1941	7	11	39	1068	0	1125
1942	4	16	1068	47	0	1135
1943	7	1055	38	24	0	1124
1944	5	46	1061	8	0	1120
1945	15	13	41	1051	0	1120
1946	7	12	1068	46	0	1133
1947	8	13	36	1062	0	1119
1948	5	8	17	1093	0	1123
1949	10	16	11	1096	0	1133
1950	8	9	10	1094	0	1121
1951	1028	11	8	54	0	1101
1952	38	1028	14	19	0	1099
1953	1011	40	5	17	0	1073
1954	37	16	978	17	0	1048
1955	993	12	34	12	0	1051
1956	1010	7	11	21	0	1049
1957	44	11	983	11	0	1049
1958	27	12	920	11	0	970
1959	17	906	34	14	0	971
1960	10	816	10	18	0	854
1961	13	27	761	14	0	815
1962	11	650	23	23	0	707
1963	15	13	11	361	0	400
1964	355	3	3	8	0	369
1965	9	0	1	360	0	370
1966	368	4	2	5	0	379
1967	353	2	1	7	0	363
1968	3	367	2	7	0	379
1969	366	4	2	3	0	375
1970	357	1	1	4	0	363
1971	4	3	0	348	0	355
1972	345	2	1	4	0	352
1973	7	347	0	1	0	355
1974	3	3	2	346	0	354
1975	354	1	1	3	0	359
1976	5	3	346	1	0	355
1977	342	1	3	4	0	350
1978	4	1	2	352	0	359
1979	1	2	358	5	0	366
1980	1	0	355	2	0	358
1981	353	1	5	1	0	360
1982	342	4	2	2	0	350
1983	4	1	1	339	0	345
1984	1	0	1	341	0	343
1985	0	1	1	339	0	341
1986	2	339	1	4	0	346
1987	339	3	1	1	0	344
1988	2	340	0	5	0	347
1989	342	2	0	2	0	346
1990	2	2	339	2	0	345
1991	3	0	2	341	0	346
1992	352	1	1	3	0	357
1993	4	1	0	351	0	356
1994	3	0	2	351	0	356
1995	2	336	1	2	0	341
1996	344	2	2	0	0	348
1997	3	351	1	1	0	356
1998	1	2	1	363	0	367
1999	1	1	354	4	0	360
2000	339	2	3	4	0	348
2001	4	4	347	4	0	359
2002	345	1	3	2	0	351
2003	5	360	2	1	0	368
2004	2	4	1	348	0	355
2005	2	351	1	4	0	358
2006	354	4	0	1	0	359
2007	3	1	1	353	0	358
2008	3	0	0	356	0	359
2009	1	3	343	4	0	351
2010	339	0	2	3	0	344
2011	4	3	1	348	0	356
2012	2	1	342	4	0	349
2013	2	338	3	2	0	345
2014	1	2	1	340	0	344
2015	341	1	2	2	0	346
2016	4	0	2	340	0	346
2017	3	1	348	3	0	355
2018	371	0	5	1	0	377
2019	5	2	1	368	0	376
2020	1	1	389	5	0	396
2021	1	0	5	396	0	402
2022	1	0	2	390	0	393
2023	2	399	2	6	0	409
2024	396	5	0	3	0	404
2025	6	399	0	3	0	408
2026	407	5	4	0	0	416
2027	7	2	0	394	0	403
2028	3	403	1	6	0	413
2029	1	5	0	403	0	409
2030	0	3	394	8	0	405
2031	392	3	6	4	0	405
2032	12	0	2	394	0	408
2033	4	2	0	397	0	403
2034	2	1	1	395	0	399
2035	1	0	382	10	0	393
2036	1	1	387	4	0	393
2037	1	386	9	1	0	397
2038	1	7	2	365	0	375
2039	374	3	0	8	0	385
2040	6	378	0	5	0	389
2041	3	5	1	382	0	391
2042	379	2	2	7	0	390
2043	377	2	1	3	0	383
2044	8	378	0	4	0	390
2045	421	6	2	0	0	429
2046	474	4	0	2	0	480
2047	12	0	0	493	0	505
2048	5	485	1	10	0	501
2049	3	6	0	495	0	504
2050	491	4	0	11	0	506
2051	15	0	491	3	0	509
2052	5	1	10	496	0	512
2053	1	2	2	505	0	510
2054	2	2	494	13	0	511
2055	2	0	11	500	0	513
2056	499	1	5	10	0	515
2057	473	0	2	7	0	482
2058	14	0	0	486	0	500
2059	2	1	481	13	0	497
2060	1	1	473	4	0	479
2061	1	461	13	6	0	481
2062	5	479	3	0	0	487
2063	4	12	2	463	0	481
2064	457	2	1	15	0	475
2065	10	457	3	4	0	474
2066	446	10	2	4	0	462
2067	13	5	1	447	0	466
2068	5	2	1	443	0	451
2069	428	2	0	15	0	445
2070	12	430	0	5	0	447
2071	439	11	2	2	0	454
2072	13	3	429	3	0	448
2073	4	3	425	3	0	435
2074	3	1	12	422	0	438
2075	2	2	419	13	0	436
2076	2	3	422	4	0	431
2077	6	5	15	393	0	419
2078	2	2	412	11	0	427
2079	1	2	13	395	0	411
2080	0	1	4	399	0	404
2081	3	0	405	14	0	422
2082	2	2	13	405	0	422
2083	2	0	7	404	0	413
2084	0	397	5	16	0	418
2085	397	10	3	10	0	420
2086	12	5	399	4	0	420
2087	5	2	12	394	0	413
2088	3	0	3	406	0	412
2089	1	1	389	17	0	408
2090	376	3	13	6	0	398
2091	14	391	5	4	0	414
2092	3	12	3	396	0	414
2093	1	5	3	405	0	414
2094	0	398	1	19	0	418
2095	1	11	398	9	0	419
2096	4	405	11	2	0	422
2097	383	14	4	7	0	408
2098	12	4	370	4	0	390
2099	4	1	8	378	0	391
2100	4	0	376	13	0	393
2101	2	3	372	4	0	381
2102	4	382	10	2	0	398
2103	6	9	7	356	0	378
2104	365	3	3	13	0	384
2105	367	1	3	9	0	380
2106	13	366	5	1	0	385
2107	4	11	3	374	0	392
2108	369	4	2	13	0	388
2109	377	1	3	7	0	388
2110	15	371	1	5	0	392
2111	377	12	1	5	0	395
2112	11	3	4	373	0	391
2113	5	382	1	14	0	402
2114	4	9	1	392	0	406
2115	2	4	2	399	0	407
2116	4	5	0	401	0	410
2117	6	0	387	13	0	406
2118	2	3	355	5	0	365
2119	0	363	10	5	0	378
2120	336	7	3	5	0	351
2121	9	330	1	4	0	344
2122	5	10	2	329	0	346
2123	2	4	337	7	0	350
2124	3	1	7	338	0	349
2125	2	2	0	346	0	350
2126	1	3	1	347	0	352
2127	341	3	2	9	0	355
2128	8	1	1	348	0	358
2129	3	0	380	10	0	393
2130	364	2	8	7	0	381
2131	377	1	3	5	0	386
2132	379	0	3	4	0	386
2133	381	3	1	3	0	388
2134	380	0	3	5	0	388
2135	9	377	4	3	0	393
2136	5	7	1	363	0	376
2137	3	367	0	6	0	376
2138	370	8	0	5	0	383
2139	362	1	0	3	0	366
2140	356	2	2	1	0	361
2141	8	348	2	1	0	359
2142	3	348	1	1	0	353
2143	3	345	1	2	0	351
2144	3	12	327	3	0	345
2145	4	20	8	267	0	299
2146	1	232	1	5	0	239
2147	0	228	0	1	0	229
2148	0	0	0	226	0	226
2149	0	0	0	223	0	223
2150	0	0	233	1	0	234
2151	239	0	2	0	0	241
2152	3	0	0	247	0	250
2153	0	0	0	249	0	249
2154	0	0	244	2	0	246
2155	0	0	241	0	0	241
2156	0	253	2	0	0	255
2157	0	2	0	255	0	257
2158	0	0	0	261	0	261
2159	0	1	252	1	0	254
2160	236	0	2	0	0	238
2161	262	0	0	0	0	262
2162	2	0	267	0	0	269
2163	259	0	2	0	0	261
2164	2	0	275	0	0	277
2165	274	0	2	1	0	277
2166	278	0	0	0	0	278
2167	2	0	279	0	0	281
2168	0	0	2	277	0	279
2169	3	0	1	268	0	272
2170	1	1	0	295	0	297
2171	288	0	1	5	0	294
2172	289	0	0	1	0	290
2173	5	0	295	0	0	300
2174	1	1	285	0	0	287
2175	305	0	3	1	0	309
2176	310	0	1	2	0	313
2177	3	1	304	1	0	309
2178	2	0	295	1	0	298
2179	1	0	4	306	0	311
2180	1	0	312	3	0	316
2181	1	0	4	294	0	299
2182	313	0	3	2	0	318
2183	3	1	340	1	0	345
2184	328	0	3	1	0	332
2185	2	1	371	1	0	375
2186	1	0	2	371	0	374
2187	1	0	3	380	0	384
2188	0	0	1	380	0	381
2189	2	380	0	9	0	391
2190	0	4	2	356	0	362
2191	3	1	0	390	0	394
2192	376	0	1	6	0	383
2193	4	0	375	3	0	382
2194	353	1	4	1	0	359
2195	5	0	369	2	0	376
2196	346	1	4	1	0	352
2197	6	372	1	1	0	380
2198	2	4	367	1	0	374
2199	2	2	365	0	0	369
2200	1	3	7	322	0	333
2201	2	1	0	366	0	369
2202	2	1	373	3	0	379
2203	2	0	376	1	0	379
2204	1	2	406	0	0	409
2205	412	0	5	2	0	419
2206	421	0	2	1	0	424
2207	412	0	1	1	0	414
2208	4	0	1	406	0	411
2209	1	0	2	409	0	412
2210	1	0	432	4	0	437
2211	1	0	4	430	0	435
2212	3	0	1	405	0	409
2213	422	0	0	6	0	428
2214	427	0	0	2	0	429
2215	426	0	1	1	0	428
2216	5	0	0	421	0	426
2217	2	0	1	420	0	423
2218	1	0	0	423	0	424
2219	417	0	0	5	0	422
2220	7	0	1	415	0	423
2221	4	418	1	3	0	426
2222	2	3	1	421	0	427
2223	0	410	0	5	0	415
2224	412	3	0	3	0	418
2225	405	1	0	3	0	409
2226	4	411	0	0	0	415
2227	1	411	0	3	0	415
2228	0	6	0	410	0	416
2229	2	1	379	4	0	386
2230	1	1	4	370	0	376
2231	2	1	380	3	0	386
2232	1	382	4	3	0	390
2233	1	4	1	386	0	392
2234	0	4	1	387	0	392
2235	2	0	411	5	0	418
2236	1	0	5	417	0	423
2237	2	1	422	4	0	429
2238	416	0	4	4	0	424
2239	432	1	1	1	0	435
2240	434	0	3	1	0	438
2241	5	0	1	432	0	438
2242	2	1	2	433	0	438
2243	2	0	436	5	0	443
2244	2	0	4	428	0	434
2245	2	422	1	7	0	432
2246	1	4	425	4	0	434
2247	1	0	423	1	0	425
2248	1	1	5	403	0	410
2249	0	1	434	6	0	441
2250	2	1	432	1	0	436
2251	412	0	4	1	0	417
2252	4	455	2	0	0	461
2253	475	2	1	3	0	481
2254	473	0	2	2	0	477
2255	477	0	1	2	0	480
2256	5	0	2	475	0	482
2257	2	1	0	482	0	485
2258	2	2	476	3	0	483
2259	2	1	2	472	0	477
2260	3	478	1	2	0	484
2261	484	2	0	2	0	488
2262	3	471	0	2	0	476
2263	1	478	2	1	0	482
2264	1	4	0	476	0	481
2265	0	2	486	4	0	492
2266	1	0	3	488	0	492
2267	0	0	490	4	0	494
2268	0	484	2	0	0	486
2269	485	2	0	0	0	487
2270	487	0	1	1	0	489
2271	485	0	0	4	0	489
2272	2	1	520	0	0	523
2273	0	1	492	2	0	495
2274	506	0	3	1	0	510
2275	524	0	2	1	0	527
2276	532	0	0	0	0	532
2277	5	1	0	534	0	540
2278	0	0	0	540	0	540
2279	538	0	0	2	0	540
2280	533	0	2	0	0	535
2281	2	0	542	3	0	547
2282	0	0	533	0	0	533
2283	506	0	2	1	0	509
2284	3	1	510	0	0	514
2285	475	0	2	0	0	477
2286	2	0	482	1	0	485
2287	0	0	1	475	0	476
2288	0	0	511	1	0	512
2289	0	0	1	514	0	515
2290	0	0	0	512	0	512
2291	0	513	1	1	0	515
2292	522	1	0	1	0	524
2293	1	2	534	0	0	537
2294	519	0	2	0	0	521
2295	1	543	0	0	0	544
2296	563	2	0	1	0	566
2297	2	0	0	560	0	562
2298	1	0	0	565	0	566
2299	0	589	0	2	0	591
2300	0	3	0	618	0	621
2301	1	0	0	625	0	626
2302	0	0	0	625	0	625
2303	603	0	0	6	0	609
2304	581	0	0	3	0	584
2305	4	0	578	1	0	583
2306	1	576	3	0	0	580
2307	1	3	0	597	0	601
2308	0	0	0	632	0	632
2309	0	1	636	4	0	641
2310	0	0	4	606	0	610
2311	613	0	0	5	0	618
2312	617	0	0	2	0	619
2313	616	0	0	5	0	621
2314	5	0	0	612	0	617
2315	640	0	0	6	0	646
2316	648	0	0	2	0	650
2317	653	0	1	1	0	655
2318	5	1	0	652	0	658
2319	4	0	0	657	0	661
2320	2	0	0	662	0	664
2321	1	0	0	660	0	661
2322	0	0	0	661	0	661
2323	1	0	656	5	0	662
2324	3	0	653	1	0	657
2325	2	645	4	1	0	652
2326	0	2	2	661	0	665
2327	0	1	1	667	0	669
2328	1	1	0	662	0	664
2329	0	0	655	7	0	662
2330	0	0	5	653	0	658
2331	0	0	659	6	0	665
2332	1	0	6	654	0	661
2333	1	1	677	5	0	684
2334	1	680	4	2	0	687
2335	2	5	2	662	0	671
2336	4	0	659	4	0	667
2337	614	2	4	0	0	620
2338	6	654	0	2	0	662
2339	2	4	2	667	0	675
2340	3	660	0	6	0	669
2341	5	5	1	656	0	667
2342	671	1	0	6	0	678
2343	5	1	0	670	0	676
2344	0	673	2	7	0	682
2345	672	3	1	3	0	679
2346	4	2	0	708	0	714
2347	3	0	1	712	0	716
2348	718	1	1	7	0	727
2349	5	1	2	794	0	802
2350	3	1	2	950	0	956
2351	1	1	961	19	0	982
2352	3	2	952	7	0	964
2353	4	1	16	940	0	961
2354	2	0	942	15	0	959
2355	2	1	939	6	0	948
2356	905	1	15	8	0	929
2357	15	3	946	5	0	969
2358	6	948	20	2	0	976
2359	7	15	2	956	0	980
2360	976	3	7	16	0	1002
2361	988	6	3	8	0	1005
2362	986	2	1	10	0	999
2363	22	975	2	5	0	1004
2364	10	15	3	980	0	1008
2365	8	4	3	980	0	995
2366	940	7	1	19	0	967
2367	976	1	1	12	0	990
2368	986	1	1	11	0	999
2369	24	3	1000	2	0	1029
2370	11	1003	13	1	0	1028
2371	6	1138	4	5	0	1153
2372	3	26	5	1105	0	1139
2373	5	13	2	1134	0	1154
2374	5	7	1137	33	0	1182
2375	1118	4	24	17	0	1163
2376	1151	3	13	9	0	1176
2377	36	2	10	1120	0	1168
2378	22	1	5	1138	0	1166
2379	12	2	3	1145	0	1162
2380	1123	1	4	41	0	1169
2381	29	3	1090	19	0	1141
2382	11	1	1110	12	0	1134
2383	11	3	33	1098	0	1145
2384	7	2	1106	29	0	1144
2385	1087	2	28	16	0	1133
2386	1116	0	12	12	0	1140
2387	1128	2	9	11	0	1150
2388	39	1066	6	4	0	1115
2389	1079	24	3	10	0	1116
2390	37	9	7	1058	0	1111
2391	23	7	4	1074	0	1108
2392	17	3	6	1084	0	1110
2393	11	0	1048	42	0	1101
2394	8	5	26	1025	0	1064
2395	8	1039	15	31	0	1093
2396	1006	23	10	23	0	1062
2397	26	1030	6	17	0	1079
2398	11	28	1016	14	0	1069
2399	18	1001	28	9	0	1056
2400	968	26	19	9	0	1022
2401	30	970	8	8	0	1016
2402	20	29	7	898	0	954
2403	13	966	5	31	0	1015
2404	966	26	6	19	0	1017
2405	977	17	5	14	0	1013
2406	916	9	10	9	0	944
2407	38	8	931	13	0	990
2408	19	5	920	13	0	957
2409	18	7	921	11	0	957
2410	905	4	44	8	0	961
2411	33	6	24	894	0	957
2412	21	10	16	907	0	954
2413	19	6	888	35	0	948
2414	19	7	26	897	0	949
2415	863	7	16	39	0	925
2416	32	864	9	25	0	930
2417	879	27	10	17	0	933
2418	34	11	869	18	0	932
2419	881	15	27	9	0	932
2420	896	7	14	11	0	928
2421	901	11	12	10	0	934
2422	40	7	862	11	0	920
2423	31	8	27	865	0	931
2424	27	3	875	23	0	928
2425	20	8	32	863	0	923
2426	15	6	872	34	0	927
2427	8	12	29	873	0	922
2428	14	6	14	890	0	924
2429	876	6	10	39	0	931
2430	892	4	9	26	0	931
2431	889	3	10	18	0	920
2432	45	2	16	856	0	919
2433	28	792	10	25	0	855
2434	27	831	8	18	0	884
2435	828	30	7	16	0	881
2436	32	13	814	15	0	874
2437	827	12	27	11	0	877
2438	35	6	815	11	0	867
2439	843	6	30	14	0	893
2440	798	8	22	15	0	843
2441	42	3	829	12	0	886
2442	828	5	33	10	0	876
2443	863	3	15	9	0	890
2444	854	4	12	7	0	877
2445	57	843	5	8	0	913
2446	33	28	10	801	0	872
2447	19	9	815	26	0	869
2448	17	6	828	18	0	869
2449	11	727	34	19	0	791
2450	11	582	17	4	0	614
2451	13	20	16	546	0	595
2452	535	7	14	21	0	577
2453	24	544	5	11	0	584
2454	16	19	3	537	0	575
2455	14	547	3	17	0	581
2456	553	14	5	14	0	586
2457	21	11	5	535	0	572
2458	13	8	531	20	0	572
2459	12	530	15	11	0	568
2460	10	524	11	6	0	551
2461	9	23	2	491	0	525
2462	4	522	9	16	0	551
2463	12	19	4	515	0	550
2464	530	14	8	13	0	565
2465	531	8	5	15	0	559
2466	550	6	3	5	0	564
2467	548	7	3	7	0	565
2468	28	3	550	8	0	589
2469	16	509	13	3	0	541
2470	13	495	8	5	0	521
2471	3	394	0	1	0	398
2472	6	388	0	0	0	394
2473	389	7	5	1	0	402
2474	373	2	0	0	0	375
2475	390	2	1	0	0	393
2476	392	1	0	0	0	393
2477	4	2	394	0	0	400
2478	422	0	3	0	0	425
2479	430	1	0	1	0	432
2480	436	0	1	1	0	438
2481	5	0	0	438	0	443
2482	1	0	2	434	0	437
2483	443	0	0	3	0	446
2484	5	0	0	440	0	445
2485	2	435	0	8	0	445
2486	1	3	0	446	0	450
2487	1	0	0	446	0	447
2488	2	444	0	3	0	449
2489	0	3	0	444	0	447
2490	0	2	0	446	0	448
2491	444	1	0	5	0	450
2492	3	0	438	3	0	444
2493	430	2	3	1	0	436
2494	4	1	446	2	0	453
2495	0	0	420	1	0	421
2496	2	0	437	0	0	439
2497	438	0	5	0	0	443
2498	4	1	459	0	0	464
2499	456	0	5	0	0	461
2500	471	0	2	1	0	474
2501	473	0	2	0	0	475
2502	5	469	1	0	0	475
2503	471	3	1	1	0	476
2504	4	472	0	0	0	476
2505	1	4	0	482	0	487
2506	3	0	0	491	0	494
2507	0	490	0	3	0	493
2508	1	487	0	3	0	491
2509	0	498	0	3	0	501
2510	496	4	0	1	0	501
2511	3	504	1	0	0	508
2512	512	4	0	0	0	516
2513	4	1	503	1	0	509
2514	508	3	3	0	0	514
2515	520	0	0	1	0	521
2516	3	1	506	1	0	511
2517	3	1	3	509	0	516
2518	1	0	502	3	0	506
2519	1	0	4	495	0	500
2520	1	0	1	505	0	507
2521	506	0	3	3	0	512
2522	504	0	1	2	0	507
2523	4	495	1	1	0	501
2524	507	3	1	1	0	512
2525	5	1	514	1	0	521
2526	505	1	3	0	0	509
2527	5	0	531	0	0	536
2528	0	2	529	0	0	531
2529	546	0	4	0	0	550
2530	549	0	3	1	0	553
2531	5	2	555	1	0	563
2532	2	1	5	539	0	547
2533	1	1	1	561	0	564
2534	1	2	556	4	0	563
2535	2	1	4	545	0	552
2536	2	536	1	7	0	546
2537	1	5	1	564	0	571
2538	2	0	0	564	0	566
2539	0	2	544	4	0	550
2540	525	0	4	1	0	530
2541	550	1	0	2	0	553
2542	547	0	2	3	0	552
2543	538	0	0	3	0	541
2544	5	532	2	1	0	540
2545	3	5	1	504	0	513
2546	2	0	496	6	0	504
2547	2	3	497	1	0	503
2548	2	0	5	484	0	491
2549	0	2	487	4	0	493
2550	477	1	5	2	0	485
2551	5	0	2	490	0	497
2552	1	0	2	492	0	495
2553	2	0	1	482	0	485
2554	478	0	3	6	0	487
2555	7	478	0	1	0	486
2556	476	4	1	3	0	484
2557	479	0	2	1	0	482
2558	4	470	1	2	0	477
2559	3	462	0	1	0	466
2560	482	5	2	1	0	490
2561	6	0	0	482	0	488
2562	2	2	0	474	0	478
2563	493	1	0	5	0	499
2564	4	2	476	2	0	484
2565	478	0	5	1	0	484
2566	494	1	0	1	0	496
2567	5	497	1	1	0	504
2568	517	5	1	0	0	523
2569	530	0	1	1	0	532
2570	4	588	0	0	0	592
2571	1	592	0	1	0	594
2572	0	8	1	567	0	576
2573	592	4	1	8	0	605
2574	6	601	2	5	0	614
2575	3	6	1	604	0	614
2576	606	3	0	8	0	617
2577	5	2	599	4	0	610
2578	4	0	6	588	0	598
2579	2	0	589	6	0	597
2580	573	0	7	3	0	583
2581	582	1	3	2	0	588
2582	10	0	577	1	0	588
2583	4	569	7	0	0	580
2584	2	6	3	575	0	586
2585	0	3	573	6	0	582
2586	1	1	6	578	0	586
2587	0	0	3	591	0	594
2588	0	0	597	9	0	606
2589	582	0	6	5	0	593
2590	594	2	3	3	0	602
2591	10	0	600	0	0	610
2592	4	593	6	4	0	607
2593	2	7	3	578	0	590
2594	1	587	1	6	0	595
2595	1	590	0	2	0	593
2596	584	9	2	2	0	597
2597	6	6	0	587	0	599
2598	3	1	1	582	0	587
2599	2	0	585	9	0	596
2600	0	0	578	6	0	584
2601	2	0	9	579	0	590
2602	2	0	5	585	0	592
2603	2	0	580	9	0	591
2604	1	1	580	5	0	587
2605	1	0	10	577	0	588
2606	569	1	4	6	0	580
2607	6	570	1	3	0	580
2608	567	8	0	2	0	577
2609	9	575	0	0	0	584
2610	4	576	0	2	0	582
2611	561	7	0	3	0	571
2612	8	5	574	1	0	588
2613	4	1	8	574	0	587
2614	3	0	5	587	0	595
2615	2	0	1	629	0	632
2616	0	2	629	12	0	643
2617	2	0	8	636	0	646
2618	646	1	6	8	0	661
2619	8	1	1	670	0	680
2620	8	2	0	675	0	685
2621	665	2	0	16	0	683
2622	676	0	0	7	0	683
2623	13	669	1	2	0	685
2624	7	10	661	2	0	680
2625	5	6	652	1	0	664
2626	0	1	670	0	0	671
2627	1	635	13	5	0	654
2628	1	8	7	622	0	638
2629	1	5	3	636	0	645
2630	627	2	1	13	0	643
2631	9	0	1	620	0	630
2632	6	2	615	9	0	632
2633	2	0	8	623	0	633
2634	1	0	6	623	0	630
2635	1	2	613	15	0	631
2636	3	610	8	7	0	628
2637	1	8	6	576	0	591
2638	3	606	3	6	0	618
2639	4	11	601	5	0	621
2640	600	7	10	1	0	618
2641	611	6	5	1	0	623
2642	618	1	3	4	0	626
2643	17	0	2	604	0	623
2644	8	613	3	6	0	630
2645	615	9	0	10	0	634
2646	621	5	3	6	0	635
2647	610	1	1	5	0	617
2648	15	1	603	3	0	622
2649	594	0	10	4	0	608
2650	9	604	8	3	0	624
2651	596	8	2	5	0	611
2652	9	606	5	2	0	622
2653	617	9	3	0	0	629
2654	10	8	624	2	0	644
2655	619	2	8	2	0	631
2656	628	4	7	0	0	639
2657	555	1	1	4	0	561
2658	638	3	1	1	0	643
2659	15	2	623	1	0	641
2660	8	0	8	609	0	625
2661	609	2	4	11	0	626
2662	8	611	3	6	0	628
2663	10	11	3	588	0	612
2664	3	5	591	11	0	610
2665	5	1	7	586	0	599
2666	2	2	593	9	0	606
2667	2	560	12	6	0	580
2668	2	526	7	3	0	538
2669	4	529	2	4	0	539
2670	4	10	2	452	0	468
2671	3	5	6	439	0	453
2672	4	0	441	7	0	452
2673	2	416	4	4	0	426
2674	402	4	2	1	0	409
2675	5	384	1	2	0	392
2676	3	391	3	1	0	398
2677	7	4	1	375	0	387
2678	370	2	0	7	0	379
2679	370	1	1	3	0	375
2680	5	1	1	366	0	373
2681	366	0	1	5	0	372
2682	4	0	1	368	0	373
2683	2	0	363	6	0	371
2684	365	1	5	4	0	375
2685	6	2	2	373	0	383
2686	4	2	360	3	0	369
2687	1	1	362	5	0	369
2688	1	1	6	356	0	364
2689	361	0	4	5	0	370
2690	360	2	2	3	0	367
2691	6	371	1	3	0	381
2692	381	5	0	1	0	387
2693	383	5	1	1	0	390
2694	380	1	2	3	0	386
2695	7	388	1	1	0	397
2696	392	3	1	3	0	399
2697	394	3	1	3	0	401
2698	8	0	1	396	0	405
2699	385	0	0	8	0	393
2700	4	376	3	3	0	386
2701	2	382	1	5	0	390
2702	2	5	1	389	0	397
2703	0	3	1	387	0	391
2704	0	393	3	4	0	400
2705	388	3	2	4	0	397
2706	4	392	0	1	0	397
2707	384	3	1	2	0	390
2708	4	398	0	1	0	403
2709	3	5	1	386	0	395
2710	5	401	0	3	0	409
2711	410	3	0	2	0	415
2712	399	4	0	1	0	404
2713	390	2	1	1	0	394
2714	7	0	381	0	0	388
2715	1	1	347	0	0	349
2716	1	335	2	1	0	339
2717	0	4	335	0	0	339
2718	2	2	316	0	0	320
2719	3	0	1	286	0	290
2720	0	0	296	0	0	296
2721	0	314	0	0	0	314
2722	313	0	0	1	0	314
2723	2	309	0	0	0	311
2724	1	309	0	0	0	310
2725	316	0	1	0	0	317
2726	318	0	1	2	0	321
2727	0	326	0	0	0	326
2728	326	0	1	0	0	327
2729	323	0	1	2	0	326
2730	323	0	0	2	0	325
2731	0	0	326	0	0	326
2732	0	1	328	0	0	329
2733	1	0	0	332	0	333
2734	0	0	0	327	0	327
2735	336	1	0	2	0	339
2736	1	338	0	0	0	339
2737	1	1	0	348	0	350
2738	0	0	0	349	0	349
2739	1	0	0	355	0	356
2740	1	0	0	354	0	355
2741	1	1	357	2	0	361
2742	2	1	360	1	0	364
2743	0	0	3	366	0	369
2744	0	4	375	2	0	381
2745	371	0	1	2	0	374
2746	1	0	1	378	0	380
2747	1	2	377	1	0	381
2748	363	0	1	1	0	365
2749	1	375	1	1	0	378
2750	376	1	0	0	0	377
2751	1	390	1	1	0	393
2752	1	1	1	382	0	385
2753	0	1	385	1	0	387
2754	0	0	1	373	0	374
2755	0	0	378	1	0	379
2756	376	0	1	0	0	377
2757	2	0	1	374	0	377
2758	378	0	1	1	0	380
2759	1	1	374	1	0	377
2760	399	1	1	0	0	401
2761	420	0	1	1	0	422
2762	4	2	433	0	0	439
2763	1	1	3	425	0	430
2764	0	0	430	3	0	433
2765	1	420	3	1	0	425
2766	423	3	2	1	0	429
2767	422	1	1	1	0	425
2768	5	0	412	2	0	419
2769	2	0	413	0	0	415
2770	0	1	5	413	0	419
2771	3	0	1	417	0	421
2772	415	0	0	4	0	419
2773	3	420	2	1	0	426
2774	425	3	0	1	0	429
2775	422	1	1	2	0	426
2776	3	0	417	1	0	421
2777	410	0	2	0	0	412
2778	4	2	424	0	0	430
2779	3	0	4	421	0	428
2780	1	0	435	2	0	438
2781	0	0	4	436	0	440
2782	1	1	434	3	0	439
2783	429	0	5	0	0	434
2784	431	1	1	1	0	434
2785	5	0	1	426	0	432
2786	432	0	0	3	0	435
2787	3	0	1	433	0	437
2788	3	442	0	2	0	447
2789	438	1	1	1	0	441
2790	3	447	0	1	0	451
2791	2	3	1	431	0	437
2792	0	1	0	429	0	430
2793	0	1	1	426	0	428
2794	2	0	0	426	0	428
2795	1	1	408	4	0	414
2796	388	0	3	4	0	395
2797	399	0	1	2	0	402
2798	4	395	0	2	0	401
2799	1	3	0	393	0	397
2800	2	1	1	394	0	398
2801	2	1	388	4	0	395
2802	378	1	4	2	0	385
2803	4	1	1	381	0	387
2804	1	0	375	5	0	381
2805	376	1	2	3	0	382
2806	385	2	3	0	0	390
2807	387	0	0	1	0	388
2808	5	0	374	1	0	380
2809	1	1	362	0	0	364
2810	360	0	5	0	0	365
2811	4	1	0	357	0	362
2812	4	0	0	364	0	368
2813	0	1	366	4	0	371
2814	351	0	4	1	0	356
2815	4	0	1	366	0	371
2816	369	0	1	5	0	375
2817	378	0	0	2	0	380
2818	378	0	2	1	0	381
2819	5	0	383	1	0	389
2820	1	0	4	388	0	393
2821	386	0	1	4	0	391
2822	4	396	1	1	0	402
2823	2	2	0	400	0	404
2824	1	1	1	410	0	413
2825	398	0	0	6	0	404
2826	397	0	0	3	0	400
2827	4	1	0	389	0	394
2828	1	1	388	4	0	394
2829	381	0	2	2	0	385
2830	4	1	422	0	0	427
2831	427	0	3	1	0	431
2832	447	0	1	3	0	451
2833	5	0	438	1	0	444
2834	3	1	3	462	0	469
2835	1	0	475	4	0	480
2836	2	489	5	1	0	497
2837	2	4	0	466	0	472
2838	0	488	0	3	0	491
2839	1	5	0	492	0	498
2840	0	0	504	7	0	511
2841	0	512	4	0	0	516
2842	1	514	0	0	0	515
2843	2	7	2	521	0	532
2844	515	0	1	7	0	523
2845	7	0	1	554	0	562
2846	562	1	1	7	0	571
2847	7	573	0	1	0	581
2848	624	5	1	2	0	632
2849	10	1	651	0	0	662
2850	2	1	5	647	0	655
2851	3	0	1	641	0	645
2852	0	2	636	7	0	645
2853	619	0	6	2	0	627
2854	627	0	3	2	0	632
2855	7	626	1	3	0	637
2856	5	9	0	608	0	622
2857	4	617	3	5	0	629
2858	3	6	625	3	0	637
2859	2	2	627	2	0	633
2860	0	11	6	591	0	608
2861	591	0	4	4	0	599
2862	5	573	1	1	0	580
2863	579	6	1	2	0	588
2864	4	2	576	2	0	584
2865	576	1	3	3	0	583
2866	586	1	2	1	0	590
2867	6	1	586	0	0	593
2868	5	1	4	579	0	589
2869	583	0	2	3	0	588
2870	582	2	2	1	0	587
2871	586	1	0	2	0	589
2872	7	0	1	577	0	585
2873	3	0	574	4	0	581
2874	572	0	4	1	0	577
2875	7	0	581	1	0	589
2876	2	1	6	583	0	592
2877	3	0	0	579	0	582
2878	2	578	3	6	0	589
2879	3	3	579	2	0	587
2880	1	560	7	2	0	570
2881	0	572	2	4	0	578
2882	2	3	2	569	0	576
2883	1	3	573	4	0	581
2884	2	1	6	571	0	580
2885	0	1	568	8	0	577
2886	2	2	4	568	0	576
2887	2	1	2	565	0	570
2888	1	1	551	5	0	558
2889	3	2	5	545	0	555
2890	1	1	549	7	0	558
2891	2	0	541	5	0	548
2892	2	542	8	3	0	555
2893	545	4	4	3	0	556
2894	6	1	542	3	0	552
2895	530	1	6	2	0	539
2896	6	1	3	541	0	551
2897	3	2	538	8	0	551
2898	2	540	7	4	0	553
2899	2	5	6	532	0	545
2900	1	2	542	5	0	550
2901	2	3	6	518	0	529
2902	4	537	3	4	0	548
2903	541	5	2	3	0	551
2904	8	2	2	536	0	548
2905	529	2	3	6	0	540
2906	532	2	2	1	0	537
2907	533	2	3	4	0	542
2908	534	0	3	3	0	540
2909	531	0	2	4	0	537
2910	10	517	1	2	0	530
2911	8	6	1	523	0	538
2912	7	1	1	526	0	535
2913	4	1	2	526	0	533
2914	8	0	516	6	0	530
2915	5	512	5	3	0	525
2916	534	5	4	2	0	545
2917	535	1	3	6	0	545
2918	8	524	3	2	0	537
2919	5	529	2	5	0	541
2920	515	10	4	6	0	535
2921	8	6	504	3	0	521
2922	6	3	11	490	0	510
2923	487	5	4	8	0	504
2924	11	5	4	480	0	500
2925	5	477	1	14	0	497
2926	5	9	4	485	0	503
2927	2	5	483	13	0	503
2928	472	3	12	3	0	490
2929	490	1	4	6	0	501
2930	10	3	2	452	0	467
2931	6	2	3	448	0	459
2932	420	1	4	10	0	435
2933	8	417	3	7	0	435
2934	7	6	3	403	0	419
2935	5	3	4	395	0	407
2936	370	3	2	10	0	385
2937	8	374	3	6	0	391
2938	375	6	1	3	0	385
2939	8	369	1	5	0	383
2940	5	355	3	4	0	367
2941	349	8	2	2	0	361
2942	7	351	0	3	0	361
2943	4	9	4	333	0	350
2944	5	1	329	9	0	344
2945	2	3	287	5	0	297
2946	1	0	277	2	0	280
2947	1	269	7	1	0	278
2948	216	5	11	0	0	232
2949	5	1	1	198	0	205
2950	1	1	0	203	0	205
2951	1	0	199	6	0	206
2952	198	0	5	2	0	205
2953	4	1	1	205	0	211
2954	1	0	1	207	0	209
2955	1	0	0	206	0	207
2956	194	0	0	8	0	202
2957	5	0	194	2	0	201
2958	194	0	5	1	0	200
2959	6	0	1	193	0	200
2960	1	0	189	6	0	196
2961	189	0	5	2	0	196
2962	6	0	191	1	0	198
2963	1	0	7	188	0	196
2964	2	0	189	5	0	196
2965	0	0	186	2	0	188
2966	178	0	6	1	0	185
2967	6	0	184	0	0	190
2968	2	0	7	187	0	196
2969	188	1	1	6	0	196
2970	5	0	2	188	0	195
2971	1	0	188	6	0	195
2972	2	0	189	1	0	192
2973	0	194	7	1	0	202
2974	0	6	2	193	0	201
2975	185	1	1	6	0	193
2976	5	183	0	3	0	191
2977	185	4	1	2	0	192
2978	6	1	2	181	0	190
2979	182	2	0	5	0	189
2980	5	176	0	3	0	184
2981	1	5	0	180	0	186
2982	175	2	0	7	0	184
2983	7	178	0	1	0	186
2984	1	5	0	180	0	186
2985	4	1	0	177	0	182
2986	175	2	0	7	0	184
2987	5	0	1	177	0	183
2988	3	0	0	184	0	187
2989	1	1	1	185	0	188
2990	0	0	171	8	0	179
2991	174	0	5	4	0	183
2992	5	0	2	209	0	216
2993	2	0	212	6	0	220
2994	214	0	5	2	0	221
2995	5	0	221	4	0	230
2996	2	0	8	212	0	222
2997	3	225	2	6	0	236
2998	1	5	3	224	0	233
2999	0	1	227	5	0	233
3000	1	2	231	1	0	235
3001	0	1	7	234	0	242
3002	1	0	232	6	0	239
3003	230	1	8	1	0	240
3004	6	0	234	3	0	243
3005	1	0	6	238	0	245
3006	3	0	2	242	0	247
3007	1	1	2	242	0	246
3008	233	0	2	9	0	244
3009	242	0	0	4	0	246
3010	249	1	1	3	0	254
3011	8	0	0	246	0	254
3012	4	0	0	248	0	252
3013	4	0	237	7	0	248
3014	2	0	244	4	0	250
3015	1	236	6	4	0	247
3016	1	6	5	204	0	216
3017	0	0	1	202	0	203
3018	1	210	1	3	0	215
3019	210	3	1	2	0	216
3020	2	211	2	1	0	216
3021	210	4	0	1	0	215
3022	3	0	0	213	0	216
3023	216	1	0	3	0	220
3024	3	3	0	216	0	222
3025	2	0	212	4	0	218
3026	1	1	2	216	0	220
3027	217	0	1	2	0	220
3028	3	0	1	217	0	221
3029	1	0	2	212	0	215
3030	2	0	217	4	0	223
3031	0	0	4	221	0	225
3032	0	0	0	221	0	221
3033	1	214	1	4	0	220
3034	1	1	1	219	0	222
3035	1	0	0	221	0	222
3036	1	1	1	218	0	221
3037	1	206	0	4	0	211
3038	0	2	0	206	0	208
3039	199	1	0	5	0	205
3040	1	197	0	2	0	200
3041	0	180	0	2	0	182
3042	1	182	0	2	0	185
3043	0	4	0	177	0	181
3044	0	177	0	1	0	178
3045	0	185	0	0	0	185
3046	178	2	0	1	0	181
3047	0	0	178	1	0	179
3048	170	1	0	1	0	172
3049	1	1	0	172	0	174
3050	1	0	173	0	0	174
3051	175	0	1	0	0	176
3052	1	0	173	1	0	175
3053	0	0	172	1	0	173
3054	174	1	1	0	0	176
3055	1	0	1	175	0	177
3056	0	0	183	0	0	183
3057	183	0	2	0	0	185
3058	184	0	0	2	0	186
3059	1	1	186	1	0	189
3060	196	0	1	0	0	197
3061	200	0	1	0	0	201
3062	2	0	196	1	0	199
3063	196	0	2	2	0	200
3064	200	0	0	1	0	201
3065	3	0	189	0	0	192
3066	3	0	205	0	0	208
3067	2	0	2	213	0	217
3068	1	0	205	4	0	210
3069	205	0	5	1	0	211
3070	2	0	2	208	0	212
3071	0	0	2	210	0	212
3072	1	0	205	3	0	209
3073	1	0	3	197	0	201
3074	0	0	196	6	0	202
3075	198	1	2	1	0	202
3076	200	0	1	1	0	202
3077	3	1	196	1	0	201
3078	197	0	3	0	0	200
3079	202	0	0	1	0	203
3080	5	0	198	0	0	203
3081	198	0	4	1	0	203
3082	201	0	1	0	0	202
3083	4	0	199	1	0	204
3084	199	0	3	0	0	202
3085	5	0	202	1	0	208
3086	1	0	3	203	0	207
3087	1	0	1	206	0	208
3088	1	0	1	207	0	209
3089	0	0	200	5	0	205
3090	188	1	2	2	0	193
3091	3	0	195	3	0	201
3092	0	160	3	1	0	164
3093	0	163	0	1	0	164
3094	160	4	0	0	0	164
3095	3	0	0	159	0	162
3096	1	161	0	2	0	164
3097	154	3	0	0	0	157
3098	157	0	0	0	0	157
3099	3	161	0	0	0	164
3100	0	3	0	154	0	157
3101	0	158	0	3	0	161
3102	159	3	0	0	0	162
3103	161	0	0	0	0	161
3104	3	0	0	157	0	160
3105	153	0	0	3	0	156
3106	2	0	0	155	0	157
3107	0	1	153	3	0	157
3108	153	0	3	0	0	156
3109	3	0	159	0	0	162
3110	0	0	3	146	0	149
3111	148	0	0	4	0	152
3112	3	0	0	147	0	150
3113	0	0	148	3	0	151
3114	0	0	143	0	0	143
3115	0	1	2	142	0	145
3116	142	0	1	4	0	147
3117	3	148	0	0	0	151
3118	0	3	0	145	0	148
3119	0	0	145	3	0	148
3120	148	0	3	1	0	152
3121	155	0	0	0	0	155
3122	3	0	149	0	0	152
3123	147	0	3	0	0	150
3124	4	1	0	150	0	155
3125	0	1	151	2	0	154
3126	152	0	3	0	0	155
3127	3	1	0	148	0	152
3128	1	0	0	152	0	153
3129	154	0	0	3	0	157
3130	2	149	0	0	0	151
3131	0	152	0	0	0	152
3132	150	3	0	0	0	153
3133	153	0	0	0	0	153
3134	3	1	155	0	0	159
3135	0	0	162	1	0	163
3136	0	0	4	160	0	164
3137	168	0	0	3	0	171
3138	168	0	0	0	0	168
3139	170	0	1	0	0	171
3140	5	163	0	0	0	168
3141	1	165	0	1	0	167
3142	0	4	1	167	0	172
3143	1	1	0	170	0	172
3144	0	0	0	180	0	180
3145	0	0	179	5	0	184
3146	1	0	168	1	0	170
3147	174	1	4	0	0	179
3148	187	1	0	0	0	188
3149	5	0	0	184	0	189
3150	2	0	0	186	0	188
3151	0	0	1	186	0	187
3152	0	0	176	4	0	180
3153	1	0	175	2	0	178
3154	1	0	3	178	0	182
3155	0	0	194	3	0	197
3156	1	186	3	1	0	191
3157	0	197	1	0	0	198
3158	191	5	0	0	0	196
3159	2	190	0	1	0	193
3160	1	2	0	185	0	188
3161	0	1	0	188	0	189
3162	0	202	1	2	0	205
3163	0	4	1	203	0	208
3164	1	2	198	4	0	205
3165	1	198	3	1	0	203
3166	0	2	1	192	0	195
3167	0	1	189	3	0	193
3168	0	189	2	2	0	193
3169	0	2	2	183	0	187
3170	0	192	1	1	0	194
3171	0	2	0	197	0	199
3172	1	1	1	192	0	195
3173	0	192	0	3	0	195
3174	194	3	0	1	0	198
3175	189	1	0	0	0	190
3176	2	189	0	0	0	191
3177	1	195	1	1	0	198
3178	1	3	0	196	0	200
3179	0	2	195	3	0	200
3180	188	0	3	2	0	193
3181	194	0	2	0	0	196
3182	3	1	194	1	0	199
3183	191	0	1	2	0	194
3184	193	0	2	0	0	195
3185	3	2	190	0	0	195
3186	185	1	2	3	0	191
3187	3	1	194	0	0	198
3188	2	196	2	1	0	201
3189	197	2	2	1	0	202
3190	200	2	1	0	0	203
3191	4	1	202	1	0	208
3192	203	0	2	0	0	205
3193	205	1	1	0	0	207
3194	4	1	199	0	0	204
3195	201	1	2	1	0	205
3196	204	1	1	0	0	206
3197	3	0	201	1	0	205
3198	208	0	2	1	0	211
3199	2	0	2	197	0	201
3200	2	0	1	201	0	204
3201	1	0	194	3	0	198
3202	1	0	211	1	0	213
3203	1	0	2	211	0	214
3204	0	0	2	210	0	212
3205	220	0	0	3	0	223
3206	3	0	216	2	0	221
3207	220	0	2	1	0	223
3208	3	0	2	223	0	228
3209	2	0	223	3	0	228
3210	239	0	3	1	0	243
3211	3	0	2	246	0	251
3212	2	1	249	2	0	254
3213	250	0	4	1	0	255
3214	3	1	3	255	0	262
3215	260	0	0	5	0	265
3216	5	0	270	3	0	278
3217	1	1	5	260	0	267
3218	1	274	2	5	0	282
3219	274	6	0	1	0	281
3220	277	3	0	0	0	280
3221	7	279	0	1	0	287
3222	285	5	0	2	0	292
3223	285	1	1	0	0	287
3224	287	0	0	0	0	287
3225	7	279	0	0	0	286
3226	1	5	1	281	0	288
3227	2	1	282	5	0	290
3228	2	0	5	276	0	283
3229	0	1	2	285	0	288
3230	1	0	281	6	0	288
3231	0	0	281	2	0	283
3232	0	0	6	270	0	276
3233	0	276	1	6	0	283
3234	276	4	1	1	0	282
3235	270	1	1	1	0	273
3236	6	276	0	1	0	283
3237	276	6	0	1	0	283
3238	281	0	1	0	0	282
3239	7	0	276	0	0	283
3240	276	1	5	2	0	284
3241	6	287	1	0	0	294
3242	2	5	288	0	0	295
3243	0	0	269	1	0	270
3244	1	273	4	0	0	278
3245	275	5	1	1	0	282
3246	6	0	278	1	0	285
3247	1	0	5	280	0	286
3248	0	1	275	6	0	282
3249	274	0	5	1	0	280
3250	5	1	336	1	0	343
3251	1	0	333	1	0	335
3252	326	0	5	0	0	331
3253	6	343	0	0	0	349
3254	351	5	1	0	0	357
3255	342	0	1	1	0	344
3256	7	0	0	335	0	342
3257	0	369	0	5	0	374
3258	374	5	0	1	0	380
3259	6	0	378	0	0	384
3260	369	0	4	3	0	376
3261	4	382	0	1	0	387
3262	377	3	1	0	0	381
3263	376	0	2	0	0	378
3264	3	382	0	1	0	386
3265	0	4	0	384	0	388
3266	389	0	0	3	0	392
3267	4	385	0	0	0	389
3268	0	5	0	390	0	395
3269	392	0	0	6	0	398
3270	5	0	0	408	0	413
3271	0	1	1	405	0	407
3272	1	404	0	3	0	408
3273	415	3	0	0	0	418
3274	413	0	1	2	0	416
3275	421	0	1	2	0	424
3276	3	428	0	0	0	431
3277	430	3	0	2	0	435
3278	430	0	1	2	0	433
3279	4	0	0	421	0	425
3280	0	2	1	429	0	432
3281	5	0	428	3	0	436
3282	3	0	3	431	0	437
3283	2	0	0	438	0	440
3284	0	1	446	4	0	451
3285	407	0	4	1	0	412
3286	4	0	444	1	0	449
3287	0	0	451	1	0	452
3288	0	0	2	447	0	449
3289	1	0	1	449	0	451
3290	0	453	3	2	0	458
3291	452	2	1	1	0	456
3292	449	0	1	1	0	451
3293	4	440	0	1	0	445
3294	0	463	1	3	0	467
3295	1	3	1	467	0	472
3296	1	481	0	2	0	484
3297	483	4	0	1	0	488
3298	484	2	0	0	0	486
3299	6	0	0	481	0	487
3300	1	1	0	488	0	490
3301	482	1	0	3	0	486
3302	4	1	458	0	0	463
3303	451	0	3	1	0	455
3304	3	2	459	1	0	465
3305	454	0	3	0	0	457
3306	4	0	1	451	0	456
3307	1	0	463	4	0	468
3308	1	0	462	1	0	464
3309	452	0	4	0	0	456
3310	453	0	1	1	0	455
3311	4	476	1	0	0	481
3312	2	1	2	500	0	505
3313	3	0	0	511	0	514
3314	506	0	0	3	0	509
3315	1	500	1	3	0	505
3316	492	1	2	1	0	496
3317	1	484	0	1	0	486
3318	2	479	0	2	0	483
3319	488	1	0	2	0	491
3320	1	1	478	1	0	481
3321	1	0	0	480	0	481
3322	2	0	0	474	0	476
3323	0	1	484	0	0	485
3324	1	0	0	472	0	473
3325	0	1	0	434	0	435
3326	0	487	0	0	0	487
3327	485	0	0	1	0	486
3328	0	0	488	0	0	488
3329	468	0	0	1	0	469
3330	0	486	0	1	0	487
3331	0	0	1	488	0	489
3332	501	0	0	4	0	505
3333	1	0	0	507	0	508
3334	0	1	0	502	0	503
3335	1	0	507	0	0	508
3336	479	0	1	0	0	480
3337	491	0	0	2	0	493
3338	0	1	495	0	0	496
3339	0	0	0	495	0	495
3340	1	0	485	0	0	486
3341	475	0	0	3	0	478
3342	489	0	0	2	0	491
3343	0	0	1	489	0	490
3344	488	0	0	0	0	488
3345	1	1	522	1	0	525
3346	2	0	2	516	0	520
3347	1	0	0	510	0	511
3348	2	0	2	523	0	527
3349	2	0	0	521	0	523
3350	467	0	0	3	0	470
3351	0	0	468	2	0	470
3352	2	1	0	469	0	472
3353	1	0	461	0	0	462
3354	1	0	447	1	0	449
3355	0	0	0	452	0	452
3356	1	1	0	457	0	459
3357	425	0	0	3	0	428
3358	1	1	0	424	0	426
3359	1	0	1	422	0	424
3360	1	0	0	417	0	418
3361	420	0	1	0	0	421
3362	416	0	1	1	0	418
3363	424	0	0	1	0	425
3364	412	0	1	2	0	415
3365	2	452	1	1	0	456
3366	0	1	0	456	0	457
3367	1	1	0	459	0	461
3368	480	0	0	5	0	485
3369	2	519	1	1	0	523
3370	2	1	1	532	0	536
3371	1	1	581	2	0	585
3372	639	0	3	3	0	645
3373	6	654	2	3	0	665
3374	681	4	0	1	0	686
3375	711	3	0	2	0	716
3376	13	0	1	712	0	726
3377	5	3	709	6	0	723
3378	2	2	7	726	0	737
3379	730	1	4	7	0	742
3380	10	0	1	728	0	739
3381	726	0	1	8	0	735
3382	8	717	1	5	0	731
3383	739	6	1	2	0	748
3384	9	5	0	745	0	759
3385	6	0	0	792	0	798
3386	806	0	0	16	0	822
3387	810	1	0	6	0	817
3388	817	1	1	2	0	821
3389	811	0	0	4	0	815
3390	810	0	0	2	0	812
3391	14	0	0	801	0	815
3392	7	1	785	7	0	800
3393	5	800	6	3	0	814
3394	783	6	4	3	0	796
3395	7	4	760	3	0	774
3396	759	1	12	1	0	773
3397	8	759	5	1	0	773
3398	776	8	1	1	0	786
3399	10	5	0	769	0	784
3400	9	1	1	768	0	779
3401	5	2	770	12	0	789
3402	3	1	5	767	0	776
3403	3	0	789	8	0	800
3404	2	0	781	9	0	792
3405	803	0	10	4	0	817
3406	824	2	5	3	0	834
3407	14	3	800	2	0	819
3408	795	1	8	4	0	808
3409	819	0	5	2	0	826
3410	14	2	800	4	0	820
3411	10	776	8	2	0	796
3412	7	12	7	793	0	819
3413	823	2	2	9	0	836
3414	840	1	1	5	0	847
3415	844	2	1	5	0	852
3416	842	3	0	2	0	847
3417	844	1	1	3	0	849
3418	17	2	828	2	0	849
3419	9	2	848	5	0	864
3420	7	4	18	847	0	876
3421	857	2	7	11	0	877
3422	866	2	2	10	0	880
3423	857	2	3	7	0	869
3424	830	2	1	4	0	837
3425	18	837	2	8	0	865
3426	11	864	4	5	0	884
3427	866	11	3	10	0	890
3428	876	8	2	6	0	892
3429	18	872	3	3	0	896
3430	887	5	2	3	0	897
3431	14	8	886	5	0	913
3432	18	1	9	878	0	906
3433	10	2	889	9	0	910
3434	10	2	884	8	0	904
3435	8	2	10	874	0	894
3436	7	2	10	899	0	918
3437	7	2	915	15	0	939
3438	7	1	9	897	0	914
3439	9	3	6	914	0	932
3440	924	1	1	19	0	945
3441	925	0	3	9	0	937
3442	19	1	4	917	0	941
3443	13	1	920	10	0	944
3444	6	936	10	7	0	959
3445	906	7	6	5	0	924
3446	14	7	934	3	0	958
3447	13	915	10	1	0	939
3448	6	966	8	3	0	983
3449	970	14	3	1	0	988
3450	980	7	5	5	0	997
3451	19	3	2	966	0	990
3452	10	3	997	7	0	1017
3453	6	3	8	1002	0	1019
3454	7	2	7	1003	0	1019
3455	8	1	4	1022	0	1035
3456	1007	0	4	16	0	1027
3457	13	999	4	10	0	1026
3458	13	1028	4	5	0	1050
3459	12	10	5	1015	0	1042
3460	7	6	3	1042	0	1058
3461	1035	0	6	15	0	1056
3462	1023	4	3	10	0	1040
3463	1036	1	0	10	0	1047
3464	19	1018	3	3	0	1043
3465	993	6	2	3	0	1004
3466	16	11	0	980	0	1007
3467	12	3	977	9	0	1001
3468	8	2	917	3	0	930
3469	890	3	12	6	0	911
3470	8	0	890	2	0	900
3471	6	0	830	3	0	839
3472	742	2	2	3	0	749
3473	4	0	756	1	0	761
3474	2	0	731	0	0	733
3475	1	5	5	693	0	704
3476	0	2	715	1	0	718
3477	0	0	1	710	0	711
3478	1	0	1	693	0	695
3479	1	0	714	2	0	717
3480	1	729	1	1	0	732
3481	729	1	1	1	0	732
3482	1	2	742	0	0	745
3483	2	1	725	1	0	729
3484	662	0	3	4	0	669
3485	1	0	692	0	0	693
3486	1	657	2	0	0	660
3487	4	585	1	1	0	591
3488	0	1	1	675	0	677
3489	1	1	2	671	0	675
3490	685	0	0	3	0	688
3491	677	0	1	1	0	679
3492	673	0	1	0	0	674
3493	4	0	0	675	0	679
3494	679	0	2	3	0	684
3495	677	0	0	2	0	679
3496	3	0	682	1	0	686
3497	1	0	655	0	0	656
3498	0	679	2	0	0	681
3499	2	2	1	686	0	691
3500	684	1	1	3	0	689
3501	2	678	1	1	0	682
3502	3	2	0	694	0	699
3503	692	1	1	3	0	697
3504	676	1	0	3	0	680
3505	4	684	0	0	0	688
3506	673	1	0	2	0	676
3507	680	2	0	3	0	685
3508	6	0	0	672	0	678
3509	3	0	682	1	0	686
3510	1	673	1	2	0	677
3511	0	669	2	1	0	672
3512	638	2	0	0	0	640
3513	3	2	0	626	0	631
3514	1	0	623	2	0	626
3515	0	624	1	1	0	626
3516	624	2	1	0	0	627
3517	626	1	0	2	0	629
3518	3	1	640	0	0	644
3519	1	0	2	624	0	627
3520	0	0	0	674	0	674
3521	1	0	803	5	0	809
3522	825	0	8	3	0	836
3523	1018	0	2	0	0	1020
3524	21	0	0	1139	0	1160
3525	4	1157	0	17	0	1178
3526	0	17	0	1238	0	1255
3527	0	4	1233	21	0	1258
3528	1219	4	19	7	0	1249
3529	21	1	5	1254	0	1281
3530	5	2	1246	20	0	1273
3531	1214	0	21	9	0	1244
3532	22	0	8	1238	0	1268
3533	11	0	4	1250	0	1265
3534	1226	0	1	30	0	1257
3535	22	1225	3	9	0	1259
3536	1228	22	0	7	0	1257
3537	27	6	0	1212	0	1245
3538	1213	4	2	24	0	1243
3539	33	3	1198	6	0	1240
3540	8	1208	25	5	0	1246
3541	8	21	8	1217	0	1254
3542	1219	8	6	28	0	1261
3543	26	1221	2	10	0	1259
3544	7	26	3	1220	0	1256
3545	1232	11	1	24	0	1268
3546	1208	4	0	16	0	1228
3547	36	2	4	1174	0	1216
3548	17	5	1169	24	0	1215
3549	8	3	1171	15	0	1197
3550	1163	1	31	9	0	1204
3551	32	1150	11	5	0	1198
3552	12	1152	5	5	0	1174
3553	1136	30	7	5	0	1178
3554	28	1161	3	3	0	1195
3555	14	29	5	1150	0	1198
3556	12	11	4	1174	0	1201
3557	1151	8	4	35	0	1198
3558	1147	3	1	18	0	1169
3559	1149	5	4	12	0	1170
3560	41	6	1115	6	0	1168
3561	19	2	24	1120	0	1165
3562	22	0	1116	28	0	1166
3563	11	5	1131	12	0	1159
3564	10	4	1137	9	0	1160
3565	7	4	37	1120	0	1168
3566	9	3	1130	33	0	1175
3567	8	3	1153	13	0	1177
3568	7	7	40	1132	0	1186
3569	1127	7	20	31	0	1185
3570	35	1	1125	15	0	1176
3571	15	4	28	1117	0	1164
3572	14	3	13	1148	0	1178
3573	10	3	1142	40	0	1195
3574	14	4	30	1138	0	1186
3575	9	2	1159	39	0	1209
3576	12	1	32	1140	0	1185
3577	5	6	16	1159	0	1186
3578	11	3	13	1161	0	1188
3579	9	3	10	1158	0	1180
3580	1112	4	7	41	0	1164
3581	1127	3	5	24	0	1159
3582	37	7	1085	14	0	1143
3583	19	1079	28	11	0	1137
3584	16	26	1105	7	0	1154
3585	11	8	1100	13	0	1132
3586	1079	8	36	10	0	1133
3587	35	1080	20	6	0	1141
3588	1088	27	12	8	0	1135
3589	35	1096	11	9	0	1151
3590	1094	29	14	10	0	1147
3591	1113	12	5	11	0	1141
3592	39	9	10	1078	0	1136
3593	22	1085	10	27	0	1144
3594	8	30	7	1097	0	1142
3595	17	11	7	1110	0	1145
3596	7	7	1095	40	0	1149
3597	7	1092	28	21	0	1148
3598	6	29	9	1107	0	1151
3599	1120	9	12	36	0	1177
3600	1156	6	11	17	0	1190
3601	1152	4	9	11	0	1176
3602	35	1128	7	13	0	1183
3603	1151	25	6	17	0	1199
3604	36	1191	7	6	0	1240
3605	22	28	9	1210	0	1269
3606	15	9	1208	34	0	1266
3607	7	12	32	1205	0	1256
3608	11	1203	9	34	0	1257
3609	6	29	15	1199	0	1249
3610	9	10	9	1220	0	1248
3611	9	1211	8	33	0	1261
3612	1208	31	6	20	0	1265
3613	26	16	8	1202	0	1252
3614	13	7	1179	35	0	1234
3615	15	4	29	1196	0	1244
3616	15	3	9	1224	0	1251
3617	8	9	1212	38	0	1267
3618	9	3	30	1177	0	1219
3619	6	1189	12	38	0	1245
3620	12	24	1159	20	0	1215
3621	9	8	1042	11	0	1070
3622	2	976	27	7	0	1012
3623	4	823	11	6	0	844
3624	0	706	6	4	0	716
3625	638	13	31	6	0	688
3626	592	5	4	1	0	602
3627	590	2	0	2	0	594
3628	12	2	0	583	0	597
3629	5	0	572	7	0	584
3630	3	0	8	562	0	573
3631	2	1	3	565	0	571
3632	560	0	1	11	0	572
3633	564	0	0	4	0	568
3634	9	556	0	2	0	567
3635	560	6	0	1	0	567
3636	564	2	1	1	0	568
3637	585	1	0	0	0	586
3638	9	2	571	0	0	582
3639	2	1	571	0	0	574
3640	4	1	6	553	0	564
3641	2	0	560	5	0	567
3642	534	0	7	1	0	542
3643	549	0	1	1	0	551
3644	6	1	532	1	0	540
3645	526	0	6	0	0	532
3646	6	527	2	3	0	538
3647	530	5	1	1	0	537
3648	7	1	0	525	0	533
3649	3	1	0	515	0	519
3650	1	519	0	7	0	527
3651	522	4	0	2	0	528
3652	523	1	0	1	0	525
3653	7	516	0	0	0	523
3654	2	5	1	502	0	510
3655	1	1	1	500	0	503
3656	0	498	0	6	0	504
3657	2	4	1	493	0	500
3658	2	2	0	506	0	510
3659	499	1	0	5	0	505
3660	498	0	1	2	0	501
3661	6	0	491	2	0	499
3662	481	2	4	0	0	487
3663	6	0	482	1	0	489
3664	2	0	5	483	0	490
3665	1	0	479	5	0	485
3666	0	477	5	1	0	483
3667	2	6	3	461	0	472
3668	3	1	1	461	0	466
3669	455	2	0	6	0	463
3670	6	0	0	454	0	460
3671	2	1	446	6	0	455
3672	448	1	4	1	0	454
3673	448	1	1	2	0	452
3674	452	0	1	2	0	455
3675	445	0	1	0	0	446
3676	7	0	0	467	0	474
3677	3	0	0	474	0	477
3678	3	0	0	493	0	496
3679	6	1	1	494	0	502
3680	487	1	0	12	0	500
3681	493	0	1	2	0	496
3682	9	1	0	476	0	486
3683	2	474	2	9	0	487
3684	476	7	0	3	0	486
3685	9	1	472	3	0	485
3686	1	475	8	1	0	485
3687	463	9	1	1	0	474
3688	9	469	2	0	0	480
3689	2	9	463	0	0	474
3690	465	1	8	0	0	474
3691	475	2	1	0	0	478
3692	9	0	472	1	0	482
3693	5	0	8	480	0	493
3694	3	0	1	482	0	486
3695	0	474	2	9	0	485
3696	3	8	0	473	0	484
3697	468	1	0	10	0	479
3698	7	468	0	2	0	477
3699	0	8	0	428	0	436
3700	2	1	0	433	0	436
3701	0	1	421	9	0	431
3702	0	419	9	2	0	430
3703	385	7	1	1	0	394
3704	6	332	1	0	0	339
3705	1	318	0	0	0	319
3706	310	7	3	0	0	320
3707	7	1	0	303	0	311
3708	2	1	0	309	0	312
3709	311	0	0	7	0	318
3710	6	0	0	326	0	332
3711	3	0	0	331	0	334
3712	337	0	0	7	0	344
3713	6	1	0	332	0	339
3714	2	328	1	6	0	337
3715	325	5	0	3	0	333
3716	5	2	312	1	0	320
3717	1	297	5	0	0	303
3718	1	9	1	282	0	293
3719	0	1	279	5	0	285
3720	0	1	289	0	0	290
3721	0	7	6	275	0	288
3722	278	0	2	4	0	284
3723	5	0	1	276	0	282
3724	1	0	0	278	0	279
3725	1	0	0	280	0	281
3726	0	0	0	285	0	285
3727	2	0	0	283	0	285
3728	0	0	275	6	0	281
3729	0	0	278	2	0	280
3730	0	0	5	278	0	283
3731	0	0	284	5	0	289
3732	0	287	5	1	0	293
3733	0	4	1	286	0	291
3734	0	1	282	4	0	287
3735	267	1	4	1	0	273
3736	4	275	1	1	0	281
3737	1	261	1	0	0	263
3738	1	258	0	0	0	259
3739	0	4	0	260	0	264
3740	263	2	0	3	0	268
3741	3	1	0	261	0	265
3742	258	0	0	4	0	262
3743	3	247	0	1	0	251
3744	254	3	0	1	0	258
3745	6	1	0	252	0	259
3746	1	1	0	253	0	255
3747	1	256	0	4	0	261
3748	0	3	0	259	0	262
3749	1	1	0	252	0	254
3750	0	1	0	257	0	258
3751	253	0	0	4	0	257
3752	243	0	0	2	0	245
3753	4	0	249	1	0	254
3754	248	0	3	0	0	251
3755	3	0	252	0	0	255
3756	1	0	4	245	0	250
3757	2	0	1	255	0	258
3758	1	0	1	253	0	255
3759	0	0	250	5	0	255
3760	1	0	3	250	0	254
3761	0	0	251	4	0	255
3762	0	0	4	252	0	256
3763	252	0	1	6	0	259
3764	3	0	251	1	0	255
3765	252	0	3	2	0	257
3766	5	0	1	252	0	258
3767	253	0	0	3	0	256
3768	4	254	0	1	0	259
3769	1	3	0	253	0	257
3770	0	1	273	3	0	277
3771	1	2	2	275	0	280
3772	0	0	2	281	0	283
3773	0	277	1	2	0	280
3774	0	2	277	2	0	281
3775	0	267	2	1	0	270
3776	227	4	1	1	0	233
3777	1	239	0	0	0	240
3778	223	0	0	1	0	224
3779	217	1	0	0	0	218
3780	220	0	0	0	0	220
3781	1	0	0	220	0	221
3782	1	0	221	0	0	222
3783	1	0	0	217	0	218
3784	0	222	1	0	0	223
3785	0	0	0	221	0	221
3786	218	1	0	1	0	220
3787	0	226	0	1	0	227
3788	3	0	0	210	0	213
3789	1	1	0	206	0	208
3790	210	0	0	1	0	211
3791	0	0	210	1	0	211
3792	1	207	0	0	0	208
3793	1	1	1	192	0	195
3794	0	1	192	0	0	193
3795	0	1	0	185	0	186
3796	1	191	1	0	0	193
3797	1	4	0	193	0	198
3798	3	1	0	191	0	195
3799	1	0	0	192	0	193
3800	1	0	191	1	0	193
3801	197	0	0	2	0	199
3802	0	0	2	209	0	211
3803	237	0	0	3	0	240
3804	246	1	0	1	0	248
3805	247	0	0	2	0	249
3806	249	0	0	0	0	249
3807	248	1	0	0	0	249
3808	3	0	0	245	0	248
3809	1	236	1	1	0	239
3810	1	0	0	223	0	224
3811	0	224	1	0	0	225
3812	0	1	0	206	0	207
3813	210	0	0	1	0	211
3814	0	0	1	211	0	212
3815	0	0	212	1	0	213
3816	204	1	0	0	0	205
3817	0	212	0	1	0	213
3818	219	0	0	1	0	220
3819	216	0	0	2	0	218
3820	202	0	1	0	0	203
3821	1	207	0	0	0	208
3822	1	0	0	205	0	206
3823	1	0	0	205	0	206
3824	1	0	211	0	0	212
3825	1	0	0	205	0	206
3826	0	0	0	197	0	197
3827	1	0	0	206	0	207
3828	0	207	0	1	0	208
3829	206	1	0	0	0	207
3830	203	0	0	1	0	204
3831	0	1	203	0	0	204
3832	0	205	0	1	0	206
3833	2	0	0	206	0	208
3834	0	0	0	204	0	204
3835	0	1	1	206	0	208
3836	1	0	0	211	0	212
3837	0	1	0	215	0	216
3838	1	0	214	1	0	216
3839	1	1	201	1	0	204
3840	213	0	1	0	0	214
3841	218	1	0	0	0	219
3842	216	0	0	1	0	217
3843	1	0	0	220	0	221
3844	0	0	217	0	0	217
3845	210	0	1	1	0	212
3846	213	0	0	2	0	215
3847	1	0	206	1	0	208
3848	207	1	1	0	0	209
3849	2	0	240	0	0	242
3850	3	0	1	234	0	238
3851	0	0	240	1	0	241
3852	234	1	0	1	0	236
3853	241	0	0	1	0	242
3854	239	0	0	2	0	241
3855	238	0	0	1	0	239
3856	1	0	252	1	0	254
3857	0	252	1	1	0	254
3858	256	1	2	0	0	259
3859	256	0	1	1	0	258
3860	3	0	265	0	0	268
3861	2	0	1	262	0	265
3862	1	0	1	267	0	269
3863	0	0	268	3	0	271
3864	256	0	2	2	0	260
3865	269	0	1	1	0	271
3866	3	272	0	1	0	276
3867	284	1	1	1	0	287
3868	283	1	0	0	0	284
3869	282	0	1	0	0	283
3870	269	0	0	1	0	270
3871	2	0	261	0	0	263
3872	252	0	1	0	0	253
3873	2	0	1	253	0	256
3874	1	261	0	1	0	263
3875	0	1	259	1	0	261
3876	0	261	1	0	0	262
3877	0	0	1	253	0	254
3878	0	1	255	1	0	257
3879	247	0	1	1	0	249
3880	1	0	259	0	0	260
3881	256	0	1	0	0	257
3882	1	0	1	258	0	260
3883	1	0	0	258	0	259
3884	0	255	0	2	0	257
3885	0	258	0	0	0	258
3886	1	2	0	261	0	264
3887	255	0	0	2	0	257
3888	253	0	0	1	0	254
3889	256	0	0	0	0	256
3890	2	0	259	0	0	261
3891	251	0	0	0	0	251
3892	1	0	263	0	0	264
3893	1	0	254	0	0	255
3894	260	0	1	0	0	261
3895	266	0	1	0	0	267
3896	2	0	269	0	0	271
3897	2	0	1	267	0	270
3898	0	0	1	272	0	273
3899	277	0	0	2	0	279
3900	273	0	0	1	0	274
3901	2	0	287	0	0	289
3902	1	273	1	0	0	275
3903	0	254	1	0	0	255
3904	247	2	0	0	0	249
3905	1	1	0	245	0	247
3906	2	0	0	257	0	259
3907	0	1	0	260	0	261
3908	258	0	0	2	0	260
3909	2	0	0	261	0	263
3910	259	0	0	1	0	260
3911	261	0	0	2	0	263
3912	2	292	1	0	0	295
3913	2	1	0	317	0	320
3914	0	2	317	3	0	322
3915	311	1	2	2	0	316
3916	315	0	3	0	0	318
3917	317	1	0	0	0	318
3918	4	0	326	1	0	331
3919	2	0	2	332	0	336
3920	338	0	3	2	0	343
3921	333	0	1	2	0	336
3922	332	0	0	0	0	332
3923	5	330	0	1	0	336
3924	2	329	1	1	0	333
3925	0	5	0	348	0	353
3926	1	3	0	342	0	346
3927	1	344	0	5	0	350
3928	345	2	0	2	0	349
3929	3	3	361	0	0	367
3930	3	1	2	359	0	365
3931	0	0	3	363	0	366
3932	1	0	363	4	0	368
3933	354	1	3	2	0	360
3934	371	0	3	0	0	374
3935	4	364	2	0	0	370
3936	368	1	0	2	0	371
3937	1	2	381	1	0	385
3938	370	0	3	2	0	375
3939	3	0	381	1	0	385
3940	383	2	2	1	0	388
3941	385	2	2	0	0	389
3942	388	0	1	1	0	390
3943	386	1	1	1	0	389
3944	4	392	0	0	0	396
3945	394	1	2	0	0	397
3946	408	1	0	1	0	410
3947	5	0	410	1	0	416
3948	413	2	1	2	0	418
3949	5	0	3	399	0	407
3950	3	3	393	2	0	401
3951	397	0	1	3	0	401
3952	4	0	2	401	0	407
3953	409	1	3	2	0	415
3954	446	0	0	4	0	450
3955	4	0	483	2	0	489
3956	475	0	3	0	0	478
3957	480	0	1	1	0	482
3958	477	1	0	3	0	481
3959	479	0	1	0	0	480
3960	4	0	0	473	0	477
3961	2	472	2	2	0	478
3962	460	1	0	2	0	463
3963	482	1	0	1	0	484
3964	473	0	1	0	0	474
3965	5	0	476	1	0	482
3966	2	476	1	4	0	483
3967	0	3	2	474	0	479
3968	1	2	2	475	0	480
3969	5	0	496	3	0	504
3970	6	1	2	496	0	505
3971	2	0	493	2	0	497
3972	0	1	5	494	0	500
3973	1	0	3	500	0	504
3974	2	0	502	6	0	510
3975	486	0	4	4	0	494
3976	508	0	3	3	0	514
3977	6	2	509	0	0	517
3978	509	2	2	4	0	517
3979	513	1	3	4	0	521
3980	7	0	543	2	0	552
3981	7	2	2	540	0	551
3982	4	0	3	539	0	546
3983	550	0	4	5	0	559
3984	4	566	1	6	0	577
3985	532	2	1	4	0	539
3986	569	3	3	1	0	576
3987	6	587	0	3	0	596
3988	594	2	0	2	0	598
3989	590	5	0	1	0	596
3990	7	589	0	1	0	597
3991	4	1	2	595	0	602
3992	5	601	0	3	0	609
3993	1	4	3	603	0	611
3994	5	3	602	3	0	613
3995	3	1	596	4	0	604
3996	601	3	6	0	0	610
3997	612	0	2	1	0	615
3998	7	3	611	0	0	621
3999	611	0	3	3	0	617
4000	621	0	5	0	0	626
4001	608	1	4	0	0	613
4002	9	620	1	1	0	631
4003	5	2	0	636	0	643
4004	630	3	5	3	0	641
4005	636	0	0	4	0	640
4006	6	1	642	2	0	651
4007	7	0	2	636	0	645
4008	3	1	3	638	0	645
4009	0	639	2	6	0	647
4010	4	677	0	2	0	683
4011	5	6	0	667	0	678
4012	2	673	1	1	0	677
4013	651	1	0	3	0	655
4014	1	673	0	0	0	674
4015	692	3	0	2	0	697
4016	3	2	700	0	0	705
4017	716	0	3	0	0	719
4018	733	0	2	3	0	738
4019	729	0	0	0	0	729
4020	722	0	1	1	0	724
4021	6	715	0	0	0	721
4022	4	5	0	731	0	740
4023	1	3	0	724	0	728
4024	0	1	733	8	0	742
4025	0	0	5	719	0	724
4026	1	0	3	720	0	724
4027	731	0	0	9	0	740
4028	6	742	1	3	0	752
4029	3	6	0	738	0	747
4030	1	5	0	742	0	748
4031	0	2	0	756	0	758
4032	742	1	0	10	0	753
4033	7	2	0	754	0	763
4034	759	1	0	8	0	768
4035	9	1	0	755	0	765
4036	5	1	0	765	0	771
4037	1	0	738	11	0	750
4038	700	0	8	3	0	711
4039	11	741	3	0	0	755
4040	758	8	0	0	0	766
4041	11	3	0	743	0	757
4042	4	2	0	767	0	773
4043	790	1	0	12	0	803
4044	799	0	0	7	0	806
4045	12	0	2	826	0	840
4046	3	1	839	13	0	856
4047	0	0	851	6	0	857
4048	2	859	12	1	0	874
4049	866	15	2	0	0	883
4050	877	5	0	4	0	886
4051	16	0	0	878	0	894
4052	4	891	0	15	0	910
4053	3	13	0	894	0	910
4054	2	4	1	855	0	862
4055	4	810	1	17	0	832
4056	821	14	1	5	0	841
4057	15	3	1	824	0	843
4058	5	825	2	14	0	846
4059	3	871	1	4	0	879
4060	867	19	1	2	0	889
4061	17	5	864	2	0	888
4062	883	2	14	4	0	903
4063	18	1	2	887	0	908
4064	8	0	1	890	0	899
4065	4	889	1	19	0	913
4066	4	17	0	904	0	925
4067	2	4	911	18	0	935
4068	1	903	16	3	0	923
4069	0	909	4	2	0	915
4070	892	16	1	3	0	912
4071	16	893	1	4	0	914
4072	4	13	0	902	0	919
4073	2	904	0	15	0	921
4074	2	14	0	906	0	922
4075	2	2	1	920	0	925
4076	2	3	892	20	0	917
4077	2	1	18	882	0	903
4078	3	2	3	896	0	904
4079	879	6	3	18	0	906
4080	19	3	866	2	0	890
4081	6	4	15	871	0	896
4082	3	1	876	19	0	899
4083	861	2	17	7	0	887
4084	18	883	2	6	0	909
4085	926	19	0	11	0	956
4086	21	3	3	948	0	975
4087	5	2	1	961	0	969
4088	4	2	947	22	0	975
4089	902	1	16	5	0	924
4090	18	949	6	1	0	974
4091	963	21	0	4	0	988
4092	21	7	2	942	0	972
4093	6	956	3	24	0	989
4094	962	22	2	4	0	990
4095	23	967	0	8	0	998
4096	6	19	1	961	0	987
4097	2	4	1	976	0	983
4098	1	4	1	964	0	970
4099	4	945	3	25	0	977
4100	3	21	1	951	0	976
4101	2	9	3	970	0	984
4102	938	0	0	23	0	961
4103	943	3	1	5	0	952
4104	943	0	0	6	0	949
4105	22	9	934	3	0	968
4106	920	1	14	7	0	942
4107	946	1	5	9	0	961
4108	923	2	4	7	0	936
4109	20	4	885	4	0	913
4110	884	3	15	7	0	909
4111	23	2	2	892	0	919
4112	7	2	867	21	0	897
4113	2	862	18	6	0	888
4114	3	23	2	824	0	852
4115	3	804	2	14	0	823
4116	5	832	1	4	0	842
4117	785	16	4	2	0	807
4118	19	1	0	786	0	806
4119	786	0	1	19	0	806
4120	15	1	3	787	0	806
4121	788	2	2	16	0	808
4122	17	2	2	779	0	800
4123	785	4	1	13	0	803
4124	17	2	763	4	0	786
4125	5	3	14	764	0	786
4126	3	2	781	18	0	804
4127	7	3	744	2	0	756
4128	2	2	763	6	0	773
4129	4	1	15	756	0	776
4130	2	3	756	18	0	779
4131	735	1	12	4	0	752
4132	13	2	3	748	0	766
4133	4	2	749	17	0	772
4134	5	1	14	750	0	770
4135	4	2	2	757	0	765
4136	3	2	778	15	0	798
4137	3	0	15	776	0	794
4138	3	1	5	788	0	797
4139	4	795	1	15	0	815
4140	783	12	3	7	0	805
4141	799	1	3	2	0	805
4142	16	0	761	5	0	782
4143	739	0	15	4	0	758
4144	12	0	730	4	0	746
4145	3	0	686	3	0	692
4146	2	0	680	1	0	683
4147	4	10	11	640	0	665
4148	0	2	645	8	0	655
4149	2	2	8	630	0	642
4150	2	0	2	646	0	650
4151	2	0	1	644	0	647
4152	0	1	3	637	0	641
4153	622	1	1	10	0	634
4154	635	3	1	4	0	643
4155	10	644	0	1	0	655
4156	2	8	1	655	0	666
4157	1	2	650	11	0	664
4158	3	668	9	2	0	682
4159	1	10	2	682	0	695
4160	2	2	682	11	0	697
4161	6	0	7	662	0	675
4162	1	0	664	10	0	675
4163	3	1	663	1	0	668
4164	1	0	9	677	0	687
4165	0	1	3	669	0	673
4166	648	0	3	11	0	662
4167	7	1	2	641	0	651
4168	637	1	2	8	0	648
4169	5	625	2	4	0	636
4170	2	654	1	0	0	657
4171	2	7	0	667	0	676
4172	663	1	2	8	0	674
4173	6	658	1	2	0	667
4174	2	8	0	684	0	694
4175	699	1	2	8	0	710
4176	720	0	1	4	0	725
4177	710	0	1	4	0	715
4178	693	1	1	2	0	697
4179	726	1	0	4	0	731
4180	9	0	712	1	0	722
4181	3	0	704	0	0	707
4182	0	692	6	2	0	700
4183	3	7	5	689	0	704
4184	0	2	715	4	0	721
4185	1	1	674	0	0	676
4186	3	1	3	667	0	674
4187	1	1	715	3	0	720
4188	0	1	710	1	0	712
4189	0	953	6	1	0	960
4190	941	11	0	2	0	954
4191	12	1007	2	1	0	1022
4192	5	13	3	1042	0	1063
4193	1043	2	0	17	0	1062
4194	15	1059	2	4	0	1080
4195	6	15	1	1062	0	1084
4196	1	1	1074	17	0	1093
4197	1096	0	13	3	0	1112
4198	1104	1	2	2	0	1109
4199	1110	1	0	4	0	1115
4200	18	0	2	1116	0	1136
4201	3	5	1111	15	0	1134
4202	2	1098	14	3	0	1117
4203	3	14	2	1113	0	1132
4204	1106	2	1	18	0	1127
4205	17	1	1096	2	0	1116
4206	1	1059	15	3	0	1078
4207	1	14	1092	4	0	1111
4208	1098	2	12	1	0	1113
4209	1133	0	4	2	0	1139
4210	1140	1	1	1	0	1143
4211	15	2	1112	2	0	1131
4212	4	1100	14	3	0	1121
4213	4	11	4	1109	0	1128
4214	2	2	1	1128	0	1133
4215	1	1	1	1129	0	1132
4216	2	1	1095	15	0	1113
4217	1093	1	11	6	0	1111
4218	19	1	1104	2	0	1126
4219	1128	1	14	1	0	1144
4220	1145	3	3	3	0	1154
4221	1146	0	2	4	0	1152
4222	1131	1	4	3	0	1139
4223	18	3	1124	2	0	1147
4224	7	3	11	1133	0	1154
4225	6	1	1109	15	0	1131
4226	5	1094	11	4	0	1114
4227	2	1130	6	2	0	1140
4228	1130	17	1	3	0	1151
4229	1125	4	2	8	0	1139
4230	20	1141	4	3	0	1168
4231	1150	16	7	0	0	1173
4232	20	7	969	6	0	1002
4233	1139	0	11	5	0	1155
4234	22	1149	7	1	0	1179
4235	1173	19	2	6	0	1200
4236	1161	3	4	6	0	1174
4237	23	3	4	1136	0	1166
4238	6	4	5	1150	0	1165
4239	1130	2	4	19	0	1155
4240	24	2	4	1127	0	1157
4241	1122	3	1	22	0	1148
4242	20	0	7	1129	0	1156
4243	1128	3	5	18	0	1154
4244	1117	1	3	10	0	1131
4245	25	1096	4	0	0	1125
4246	7	1125	6	5	0	1143
4247	1096	22	2	4	0	1124
4248	20	1115	4	6	0	1145
4249	8	16	4	1108	0	1136
4250	8	5	5	1119	0	1137
4251	1106	0	5	20	0	1131
4252	22	1106	3	3	0	1134
4253	7	1075	2	8	0	1092
4254	5	1107	6	5	0	1123
4255	14	17	1077	5	0	1113
4256	10	11	1062	3	0	1086
4257	4	8	1074	8	0	1094
4258	11	6	20	969	0	1006
4259	6	1017	11	14	0	1048
4260	1032	17	4	7	0	1060
4261	22	6	1022	6	0	1056
4262	15	2	1012	5	0	1034
4263	11	4	1037	5	0	1057
4264	14	3	20	1017	0	1054
4265	5	6	9	1041	0	1061
4266	8	2	8	1046	0	1064
4267	1030	2	5	19	0	1056
4268	1034	6	4	10	0	1054
4269	1039	5	2	7	0	1053
4270	24	4	6	1013	0	1047
4271	14	4	981	16	0	1015
4272	11	4	1012	6	0	1033
4273	11	2	21	1015	0	1049
4274	11	2	5	1003	0	1021
4275	971	5	4	23	0	1003
4276	22	962	4	10	0	998
4277	965	16	2	8	0	991
4278	21	959	2	8	0	990
4279	13	15	2	958	0	988
4280	10	8	942	19	0	979
4281	6	5	18	941	0	970
4282	950	2	6	16	0	974
4283	21	3	949	14	0	987
4284	899	1	20	7	0	927
4285	23	1	905	7	0	936
4286	14	4	895	1	0	914
4287	813	3	17	9	0	842
4288	15	0	850	2	0	867
4289	5	1	601	1	0	608
4290	9	605	10	1	0	625
4291	542	9	17	1	0	569
4292	509	2	1	3	0	515
4293	506	0	1	3	0	510
4294	4	1	488	0	0	493
4295	466	0	2	1	0	469
4296	3	480	3	0	0	486
4297	462	2	0	0	0	464
4298	4	2	470	0	0	476
4299	3	1	3	456	0	463
4300	1	1	443	2	0	447
4301	1	453	2	2	0	458
4302	2	3	2	452	0	459
4303	1	3	0	456	0	460
4304	464	0	1	4	0	469
4305	467	1	1	3	0	472
4306	463	0	0	3	0	466
4307	457	1	0	2	0	460
4308	452	0	0	1	0	453
4309	3	0	446	1	0	450
4310	4	0	2	441	0	447
4311	1	0	464	3	0	468
4312	2	1	2	459	0	464
4313	460	0	3	4	0	467
4314	463	1	0	4	0	468
4315	467	0	1	0	0	468
4316	475	0	0	1	0	476
4317	5	1	490	0	0	496
4318	4	0	2	489	0	495
4319	1	0	493	3	0	497
4320	2	497	3	3	0	505
4321	0	506	3	1	0	510
4322	0	4	1	497	0	502
4323	0	2	1	536	0	539
4324	3	0	1	535	0	539
4325	1	1	1	552	0	555
4326	543	0	1	6	0	550
4327	4	540	0	3	0	547
4328	528	3	0	1	0	532
4329	2	1	0	523	0	526
4330	2	0	0	522	0	524
4331	0	522	0	4	0	526
4332	2	2	0	530	0	534
4333	529	1	0	3	0	533
4334	3	510	0	1	0	514
4335	1	501	0	0	0	502
4336	493	4	0	0	0	497
4337	6	2	0	499	0	507
4338	1	500	0	4	0	505
4339	0	6	0	503	0	509
4340	507	1	0	5	0	513
4341	6	0	0	503	0	509
4342	2	0	0	509	0	511
4343	506	0	0	6	0	512
4344	5	0	0	505	0	510
4345	1	508	0	4	0	513
4346	0	4	0	505	0	509
4347	0	516	1	4	0	521
4348	1	4	0	517	0	522
4349	510	1	0	4	0	515
4350	509	0	0	1	0	510
4351	6	0	0	510	0	516
4352	1	0	502	4	0	507
4353	484	0	4	1	0	489
4354	4	0	500	0	0	504
4355	488	0	4	1	0	493
4356	494	0	0	0	0	494
4357	4	0	490	0	0	494
4358	0	481	4	0	0	485
4359	477	3	0	1	0	481
4360	472	0	0	0	0	472
4361	3	0	486	0	0	489
4362	480	0	4	3	0	487
4363	478	0	0	1	0	479
4364	485	0	0	1	0	486
4365	4	0	1	482	0	487
4366	1	0	0	481	0	482
4367	2	488	0	3	0	493
4368	1	4	1	491	0	497
4369	0	0	0	496	0	496
4370	0	0	489	4	0	493
4371	0	1	472	1	0	474
4372	451	2	3	0	0	456
4373	460	0	0	4	0	464
4374	4	460	0	1	0	465
4375	0	4	0	462	0	466
4376	2	1	474	4	0	481
4377	3	0	3	476	0	482
4378	2	1	0	482	0	485
4379	1	1	1	501	0	504
4380	0	505	0	5	0	510
4381	1	4	0	520	0	525
4382	1	1	0	520	0	522
4383	0	1	511	7	0	519
4384	1	0	513	1	0	515
4385	499	1	4	3	0	507
4386	513	2	0	0	0	515
4387	7	1	0	564	0	572
4388	1	1	0	544	0	546
4389	0	1	0	570	0	571
4390	1	0	551	8	0	560
4391	2	540	5	0	0	547
4392	0	6	538	2	0	546
4393	533	0	7	1	0	541
4394	8	1	544	0	0	553
4395	549	1	7	1	0	558
4396	541	1	0	2	0	544
4397	549	0	0	2	0	551
4398	7	2	0	547	0	556
4399	0	1	550	7	0	558
4400	2	565	5	1	0	573
4401	2	6	0	552	0	560
4402	1	0	1	568	0	570
4403	2	1	589	7	0	599
4404	1	580	8	2	0	591
4405	600	9	2	1	0	612
4406	11	613	0	3	0	627
4407	658	10	1	2	0	671
4408	11	0	1	663	0	675
4409	1	1	681	12	0	695
4410	4	688	11	1	0	704
4411	682	11	1	4	0	698
4412	12	1	690	1	0	704
4413	686	1	11	3	0	701
4414	695	1	3	2	0	701
4415	12	1	695	3	0	711
4416	682	1	12	2	0	697
4417	675	1	4	1	0	681
4418	675	3	0	1	0	679
4419	14	658	1	1	0	674
4420	636	12	1	1	0	650
4421	14	640	2	2	0	658
4422	3	11	648	0	0	662
4423	1	645	11	1	0	658
4424	625	12	8	0	0	645
4425	632	1	2	2	0	637
4426	628	1	2	3	0	634
4427	13	0	1	627	0	641
4428	3	2	3	631	0	639
4429	615	2	1	12	0	630
4430	636	0	1	0	0	637
4431	15	1	0	622	0	638
4432	2	2	611	11	0	626
4433	3	605	9	2	0	619
4434	3	623	1	0	0	627
4435	4	11	1	611	0	627
4436	1	2	612	10	0	625
4437	5	3	9	586	0	603
4438	5	603	1	9	0	618
4439	6	9	0	590	0	605
4440	2	1	594	14	0	611
4441	4	0	12	594	0	610
4442	3	2	613	10	0	628
4443	7	0	8	609	0	624
4444	4	2	628	11	0	645
4445	3	0	626	3	0	632
4446	615	2	11	5	0	633
4447	623	4	3	2	0	632
4448	624	4	2	3	0	633
4449	12	612	3	2	0	629
4450	3	8	6	623	0	640
4451	610	3	0	11	0	624
4452	631	2	1	4	0	638
4453	628	1	3	3	0	635
4454	12	1	623	3	0	639
4455	3	598	10	4	0	615
4456	3	629	3	4	0	639
4457	627	11	4	4	0	646
4458	13	2	5	623	0	643
4459	627	4	3	12	0	646
4460	15	2	630	3	0	650
4461	5	3	12	614	0	634
4462	6	4	2	627	0	639
4463	5	4	1	615	0	625
4464	7	614	3	11	0	635
4465	622	10	4	2	0	638
4466	631	1	2	5	0	639
4467	16	615	4	2	0	637
4468	1	13	6	611	0	631
4469	611	6	1	11	0	629
4470	14	4	2	607	0	627
4471	610	1	3	12	0	626
4472	15	610	1	2	0	628
4473	605	9	3	3	0	620
4474	14	2	603	2	0	621
4475	4	603	10	11	0	628
4476	6	10	597	4	0	617
4477	5	18	11	584	0	618
4478	580	2	1	10	0	593
4479	577	1	4	2	0	584
4480	574	4	0	3	0	581
4481	13	4	3	551	0	571
4482	553	2	1	13	0	569
4483	15	1	1	547	0	564
4484	550	1	0	14	0	565
4485	554	3	5	0	0	562
4486	12	3	548	5	0	568
4487	5	1	489	1	0	496
4488	1	3	485	4	0	493
4489	3	5	8	459	0	475
4490	459	2	4	12	0	477
4491	11	1	3	480	0	495
4492	5	0	2	489	0	496
4493	501	1	4	9	0	515
4494	495	0	2	6	0	503
4495	500	0	3	5	0	508
4496	506	1	1	4	0	512
4497	10	1	1	501	0	513
4498	492	2	2	9	0	505
4499	12	490	3	1	0	506
4500	480	8	3	2	0	493
4501	479	2	4	3	0	488
4502	7	0	463	5	0	475
4503	427	0	11	4	0	442
4504	7	2	429	2	0	440
4505	4	1	388	1	0	394
4506	3	1	386	1	0	391
4507	6	6	4	333	0	349
4508	2	1	340	2	0	345
4509	1	1	2	322	0	326
4510	1	0	320	2	0	323
4511	0	0	332	2	0	334
4512	2	0	2	327	0	331
4513	2	1	0	347	0	350
4514	2	0	361	3	0	366
4515	350	0	3	1	0	354
4516	4	0	1	358	0	363
4517	1	0	0	362	0	363
4518	360	0	1	3	0	364
4519	4	0	1	361	0	366
4520	0	0	359	3	0	362
4521	0	0	336	1	0	337
4522	1	0	3	328	0	332
4523	0	2	336	3	0	341
4524	0	363	3	0	0	366
4525	0	3	0	363	0	366
4526	363	0	0	3	0	366
4527	3	0	356	0	0	359
4528	357	0	3	0	0	360
4529	3	0	0	367	0	370
4530	0	0	0	369	0	369
4531	0	0	0	371	0	371
4532	0	0	0	367	0	367
4533	360	0	0	4	0	364
4534	3	376	0	0	0	379
4535	1	2	0	381	0	384
4536	0	0	0	379	0	379
4537	1	0	0	382	0	383
4538	0	0	0	380	0	380
4539	375	0	0	5	0	380
4540	3	377	0	1	0	381
4541	368	3	0	2	0	373
4542	4	347	0	1	0	352
4543	0	364	0	1	0	365
4544	353	3	0	0	0	356
4545	5	1	356	0	0	362
4546	0	1	4	355	0	360
4547	362	0	0	5	0	367
4548	377	0	1	1	0	379
4549	347	1	0	4	0	352
4550	383	0	0	0	0	383
4551	5	403	0	0	0	408
4552	410	5	0	0	0	415
4553	420	0	0	1	0	421
4554	5	437	0	0	0	442
4555	2	6	0	465	0	473
4556	1	0	468	6	0	475
4557	0	1	7	464	0	472
4558	466	0	1	10	0	477
4559	8	0	484	2	0	494
4560	1	472	8	1	0	482
4561	1	7	495	1	0	504
4562	2	1	9	487	0	499
4563	0	481	1	7	0	489
4564	488	8	0	2	0	498
4565	8	498	0	1	0	507
4566	1	10	0	495	0	506
4567	2	1	0	507	0	510
4568	498	1	1	9	0	509
4569	8	0	0	501	0	509
4570	2	497	0	8	0	507
4571	499	8	0	2	0	509
4572	506	1	0	0	0	507
4573	10	498	0	0	0	508
4574	498	9	0	0	0	507
4575	10	491	0	0	0	501
4576	481	9	0	1	0	491
4577	9	488	0	0	0	497
4578	1	9	0	482	0	492
4579	1	1	1	502	0	505
4580	490	1	0	11	0	502
4581	503	0	0	1	0	504
4582	10	498	1	1	0	510
4583	4	9	493	0	0	506
4584	501	2	9	0	0	512
4585	8	1	1	509	0	519
4586	1	506	2	8	0	517
4587	2	8	0	513	0	523
4588	513	2	0	11	0	526
4589	517	1	1	3	0	522
4590	522	1	0	5	0	528
4591	12	0	1	507	0	520
4592	2	1	513	10	0	526
4593	494	2	8	2	0	506
4594	509	0	1	1	0	511
4595	519	2	1	1	0	523
4596	10	507	0	2	0	519
4597	3	7	1	512	0	523
4598	2	524	0	7	0	533
4599	2	8	0	530	0	540
4600	0	3	1	537	0	541
4601	1	2	566	9	0	578
4602	1	0	9	617	0	627
4603	1	1	3	629	0	634
4604	625	1	1	15	0	642
4605	10	627	0	6	0	643
4606	627	11	1	2	0	641
4607	647	4	0	3	0	654
4608	14	2	0	647	0	663
4609	7	1	640	12	0	660
4610	2	633	11	6	0	652
4611	2	639	2	2	0	645
4612	626	17	2	0	0	645
4613	13	627	1	1	0	642
4614	5	14	0	619	0	638
4615	4	3	1	628	0	636
4616	1	2	604	15	0	622
4617	2	0	600	6	0	608
4618	2	609	13	2	0	626
4619	2	13	5	614	0	634
4620	625	4	1	12	0	642
4621	11	3	0	626	0	640
4622	7	1	628	14	0	650
4623	3	1	13	630	0	647
4624	598	0	6	15	0	619
4625	611	0	2	5	0	618
4626	15	603	0	3	0	621
4627	606	14	1	3	0	624
4628	15	601	0	1	0	617
4629	599	13	0	5	0	617
4630	16	4	1	595	0	616
4631	6	1	587	14	0	608
4632	3	1	578	6	0	588
4633	2	605	17	2	0	626
4634	4	14	6	586	0	610
4635	3	6	0	608	0	617
4636	594	2	0	21	0	617
4637	613	2	0	7	0	622
4638	618	0	1	6	0	625
4639	17	0	4	604	0	625
4640	4	1	1	622	0	628
4641	2	2	0	628	0	632
4642	4	0	618	18	0	640
4643	0	3	596	7	0	606
4644	600	0	16	4	0	620
4645	605	1	4	4	0	614
4646	18	1	602	1	0	622
4647	599	1	13	3	0	616
4648	590	3	4	2	0	599
4649	15	2	577	3	0	597
4650	5	579	12	1	0	597
4651	3	14	5	558	0	580
4652	1	3	576	12	0	592
4653	2	612	9	6	0	629
4654	2	13	7	568	0	590
4655	3	577	1	8	0	589
4656	1	10	568	5	0	584
4657	1	6	563	3	0	573
4658	4	2	10	567	0	583
4659	567	0	5	10	0	582
4660	9	0	4	570	0	583
4661	562	0	0	10	0	572
4662	12	0	0	562	0	574
4663	3	1	555	10	0	569
4664	543	1	10	3	0	557
4665	9	0	563	1	0	573
4666	568	1	9	1	0	579
4667	14	2	3	555	0	574
4668	4	563	2	10	0	579
4669	4	7	2	565	0	578
4670	1	581	1	10	0	593
4671	0	10	3	556	0	569
4672	2	594	0	7	0	603
4673	588	10	1	5	0	604
4674	597	3	3	1	0	604
4675	593	3	0	4	0	600
4676	12	1	578	2	0	593
4677	6	0	8	585	0	599
4678	2	2	589	11	0	604
4679	1	570	11	5	0	587
4680	0	593	5	2	0	600
4681	582	12	2	3	0	599
4682	12	4	576	2	0	594
4683	7	579	10	1	0	597
4684	1	10	8	584	0	603
4685	589	5	4	13	0	611
4686	13	588	1	4	0	606
4687	596	11	2	2	0	611
4688	13	6	595	1	0	615
4689	6	2	10	610	0	628
4690	2	2	5	625	0	634
4691	3	2	1	643	0	649
4692	1	621	0	19	0	641
4693	2	10	2	595	0	609
4694	0	6	633	13	0	652
4695	2	1	13	625	0	641
4696	2	1	5	636	0	644
4697	3	2	0	625	0	630
4698	2	612	3	14	0	631
4699	3	11	1	605	0	620
4700	3	4	1	604	0	612
4701	0	552	1	15	0	568
4702	499	7	0	4	0	510
4703	7	503	0	5	0	515
4704	3	501	2	0	0	506
4705	2	10	2	486	0	500
4706	2	3	487	9	0	501
4707	464	2	7	5	0	478
4708	10	0	3	481	0	494
4709	2	2	480	7	0	491
4710	1	481	6	5	0	493
4711	1	6	3	490	0	500
4712	0	2	492	9	0	503
4713	1	1	7	473	0	482
4714	1	0	2	478	0	481
4715	471	1	2	8	0	482
4716	7	466	1	8	0	482
4717	472	6	1	2	0	481
4718	9	3	478	1	0	491
4719	4	479	7	2	0	492
4720	1	7	470	1	0	479
4721	1	2	7	479	0	489
4722	470	1	3	6	0	480
4723	5	1	2	465	0	473
4724	470	0	0	8	0	478
4725	479	1	0	3	0	483
4726	6	1	2	487	0	496
4727	2	1	497	6	0	506
4728	0	2	497	3	0	502
4729	1	0	7	509	0	517
4730	0	1	2	518	0	521
4731	513	0	0	7	0	520
4732	7	0	0	509	0	516
4733	2	496	1	6	0	505
4734	3	5	1	500	0	509
4735	1	1	1	506	0	509
4736	498	2	1	7	0	508
4737	5	496	1	2	0	504
4738	1	6	0	512	0	519
4739	3	1	0	507	0	511
4740	0	503	1	8	0	512
4741	1	7	0	512	0	520
4742	0	1	1	503	0	505
4743	0	498	0	9	0	507
4744	3	7	0	497	0	507
4745	4	0	1	500	0	505
4746	0	491	2	7	0	500
4747	1	6	1	499	0	507
4748	494	1	1	9	0	505
4749	493	2	0	4	0	499
4750	495	2	1	1	0	499
4751	492	0	0	5	0	497
4752	8	468	1	1	0	478
4753	425	5	2	3	0	435
4754	8	418	0	2	0	428
4755	3	407	1	3	0	414
4756	3	8	1	406	0	418
4757	0	3	412	7	0	422
4758	400	1	4	5	0	410
4759	408	0	2	2	0	412
4760	5	2	414	3	0	424
4761	411	1	4	5	0	421
4762	423	1	1	2	0	427
4763	5	416	0	1	0	422
4764	445	4	0	6	0	455
4765	7	2	1	438	0	448
4766	3	0	1	439	0	443
4767	1	1	0	440	0	442
4768	1	0	0	440	0	441
4769	440	1	0	6	0	447
4770	6	1	0	426	0	433
4771	3	2	0	430	0	435
4772	2	1	420	6	0	429
4773	393	1	4	5	0	403
4774	422	1	3	2	0	428
4775	418	0	2	2	0	422
4776	5	416	2	1	0	424
4777	2	414	1	3	0	420
4778	419	5	0	2	0	426
4779	7	1	1	423	0	432
4780	3	437	0	5	0	445
4781	5	5	0	429	0	439
4782	0	441	0	6	0	447
4783	437	4	0	2	0	443
4784	5	443	0	2	0	450
4785	2	6	0	432	0	440
4786	2	1	0	445	0	448
4787	0	1	466	8	0	475
4788	2	485	5	4	0	496
4789	2	6	4	502	0	514
4790	1	4	490	6	0	501
4791	1	1	492	4	0	498
4792	4	0	8	497	0	509
4793	2	2	4	491	0	499
4794	3	470	0	8	0	481
4795	1	481	0	6	0	488
4796	3	10	0	476	0	489
4797	479	5	0	6	0	490
4798	6	0	0	491	0	497
4799	503	1	0	7	0	511
4800	511	1	0	7	0	519
4801	519	2	0	1	0	522
4802	12	2	511	0	0	525
4803	514	2	6	1	0	523
4804	8	0	6	511	0	525
4805	7	0	1	514	0	522
4806	0	0	510	12	0	522
4807	1	2	520	6	0	529
4808	3	3	12	489	0	507
4809	2	485	7	6	0	500
4810	3	496	2	5	0	506
4811	2	12	0	499	0	513
4812	496	5	1	8	0	510
4813	9	1	1	496	0	507
4814	6	1	1	500	0	508
4815	1	497	0	15	0	513
4816	2	8	1	503	0	514
4817	2	6	511	7	0	526
4818	1	1	496	9	0	507
4819	503	1	11	5	0	520
4820	7	505	6	3	0	521
4821	503	6	1	3	0	513
4822	512	6	0	1	0	519
4823	10	1	0	496	0	507
4824	5	503	1	9	0	518
4825	1	8	2	504	0	515
4826	498	5	0	8	0	511
4827	7	491	1	6	0	505
4828	491	5	1	3	0	500
4829	9	493	0	1	0	503
4830	496	8	0	1	0	505
4831	503	5	0	3	0	511
4832	12	501	1	2	0	516
4833	7	7	0	498	0	512
4834	495	5	0	10	0	510
4835	7	1	490	6	0	504
4836	6	2	489	0	0	497
4837	1	6	11	483	0	501
4838	483	0	4	8	0	495
4839	6	4	0	486	0	496
4840	482	1	1	8	0	492
4841	7	2	487	6	0	502
4842	504	1	5	3	0	513
4843	513	0	8	3	0	524
4844	12	0	2	512	0	526
4845	11	0	0	510	0	521
4846	3	1	0	517	0	521
4847	2	517	1	11	0	531
4848	3	6	1	513	0	523
4849	1	6	0	526	0	533
4850	517	2	0	11	0	530
4851	514	0	5	9	0	528
4852	13	0	506	1	0	520
4853	511	1	5	3	0	520
4854	7	2	515	2	0	526
4855	496	2	6	4	0	508
4856	7	1	510	3	0	521
4857	8	1	497	1	0	507
4858	1	1	11	491	0	504
4859	0	0	496	6	0	502
4860	482	1	5	7	0	495
4861	6	0	7	508	0	521
4862	512	0	3	8	0	523
4863	511	1	2	8	0	522
4864	497	0	2	1	0	500
4865	487	2	0	4	0	493
4866	12	0	478	1	0	491
4867	7	0	7	475	0	489
4868	2	0	487	7	0	496
4869	3	1	6	485	0	495
4870	487	0	6	8	0	501
4871	9	0	0	488	0	497
4872	491	1	0	7	0	499
4873	8	1	0	492	0	501
4874	7	1	1	493	0	502
4875	488	0	2	10	0	500
4876	6	481	0	6	0	493
4877	487	3	0	1	0	491
4878	3	487	3	2	0	495
4879	8	3	0	473	0	484
4880	476	4	2	5	0	487
4881	4	0	480	8	0	492
4882	7	0	2	480	0	489
4883	485	1	4	3	0	493
4884	497	1	0	8	0	506
4885	9	1	1	493	0	504
4886	4	495	1	6	0	506
4887	3	479	0	4	0	486
4888	2	17	1	437	0	457
4889	437	2	0	4	0	443
4890	5	436	0	2	0	443
4891	3	408	0	0	0	411
4892	403	3	1	2	0	409
4893	4	407	0	2	0	413
4894	415	4	0	2	0	421
4895	2	0	0	421	0	423
4896	2	0	0	419	0	421
4897	0	416	0	4	0	420
4898	1	420	0	1	0	422
4899	392	2	0	2	0	396
4900	2	401	1	1	0	405
4901	0	439	0	0	0	439
4902	0	2	0	450	0	452
4903	454	0	0	2	0	456
4904	2	2	481	0	0	485
4905	490	0	3	2	0	495
4906	5	1	1	512	0	519
4907	3	1	513	3	0	520
4908	3	0	519	4	0	526
4909	2	0	6	533	0	541
4910	1	0	553	4	0	558
4911	554	1	7	7	0	569
4912	561	0	5	5	0	571
4913	7	1	572	1	0	581
4914	7	0	6	559	0	572
4915	4	2	1	560	0	567
4916	570	0	5	10	0	585
4917	7	1	1	548	0	557
4918	4	535	3	9	0	551
4919	553	4	1	4	0	562
4920	5	541	1	6	0	553
4921	4	555	1	2	0	562
4922	5	8	1	547	0	561
4923	1	9	1	552	0	563
4924	1	5	1	559	0	566
4925	2	3	544	12	0	561
4926	516	2	4	9	0	531
4927	4	527	5	7	0	543
4928	532	5	3	6	0	546
4929	534	3	1	4	0	542
4930	9	4	1	539	0	553
4931	8	522	1	6	0	537
4932	6	8	0	532	0	546
4933	4	4	0	538	0	546
4934	539	5	1	10	0	555
4935	525	3	0	9	0	537
4936	9	2	514	7	0	532
4937	550	1	2	5	0	558
4938	10	542	1	3	0	556
4939	557	5	4	3	0	569
4940	13	582	0	1	0	596
4941	6	10	2	567	0	585
4942	6	6	1	567	0	580
4943	4	567	1	10	0	582
4944	3	6	0	589	0	598
4945	2	9	0	591	0	602
4946	1	3	0	596	0	600
4947	2	566	0	19	0	587
4948	2	7	1	578	0	588
4949	4	5	1	583	0	593
4950	2	3	1	588	0	594
4951	1	1	574	17	0	593
4952	569	3	8	10	0	590
4953	7	2	578	7	0	594
4954	573	1	10	5	0	589
4955	11	0	576	5	0	592
4956	578	0	11	4	0	593
4957	593	1	6	1	0	601
4958	13	0	590	2	0	605
4959	12	1	8	583	0	604
4960	7	2	565	8	0	582
4961	561	1	8	4	0	574
4962	10	2	583	5	0	600
4963	8	1	576	4	0	589
4964	573	1	12	5	0	591
4965	7	578	9	2	0	596
4966	7	8	6	578	0	599
4967	592	5	2	9	0	608
4968	11	4	3	595	0	613
4969	7	2	2	606	0	617
4970	596	3	2	14	0	615
4971	604	3	0	11	0	618
4972	15	2	598	7	0	622
4973	13	0	603	3	0	619
4974	8	1	12	613	0	634
4975	4	1	620	12	0	637
4976	4	0	15	615	0	634
4977	2	2	9	619	0	632
4978	3	0	8	637	0	648
4979	620	1	3	18	0	642
4980	8	624	2	13	0	647
4981	626	8	2	9	0	645
4982	618	5	4	10	0	637
4983	12	622	0	8	0	642
4984	605	9	1	5	0	620
4985	15	6	592	2	0	615
4986	7	10	6	577	0	600
4987	594	3	6	8	0	611
4988	9	3	581	8	0	601
4989	589	2	7	8	0	606
4990	13	616	5	4	0	638
4991	710	6	7	5	0	728
4992	719	4	1	5	0	729
4993	14	724	5	2	0	745
4994	738	10	1	4	0	753
4995	18	8	1	754	0	781
4996	11	6	3	759	0	779
4997	760	4	2	14	0	780
4998	749	3	0	14	0	766
4999	13	745	2	9	0	769
5000	12	736	1	8	0	757
5001	6	12	0	688	0	706
5002	6	682	0	6	0	694
5003	5	705	0	5	0	715
5004	661	12	0	6	0	679
5005	10	666	1	2	0	679
5006	636	8	3	4	0	651
5007	10	672	1	4	0	687
5008	7	13	654	2	0	676
5009	4	667	8	2	0	681
5010	647	12	4	3	0	666
5011	634	3	3	3	0	643
5012	9	1	625	2	0	637
5013	3	3	8	620	0	634
5014	4	2	1	634	0	641
5015	4	0	638	8	0	650
5016	1	1	6	630	0	638
5017	2	1	634	8	0	645
5018	1	1	619	4	0	625
5019	610	0	10	4	0	624
5020	8	624	3	2	0	637
5021	625	7	3	2	0	637
5022	11	3	2	626	0	642
5023	5	3	632	7	0	647
5024	3	2	6	623	0	634
5025	5	627	2	7	0	641
5026	639	7	1	2	0	649
5027	647	3	1	3	0	654
5028	10	2	1	646	0	659
5029	5	1	636	7	0	649
5030	608	1	5	5	0	619
5031	8	634	2	1	0	645
5032	628	6	1	4	0	639
5033	6	3	1	631	0	641
5034	625	2	1	9	0	637
5035	10	3	0	622	0	635
5036	4	5	625	6	0	640
5037	3	1	603	2	0	609
5038	605	2	5	3	0	615
5039	6	622	3	3	0	634
5040	599	7	4	2	0	612
5041	602	3	1	3	0	609
5042	7	604	1	0	0	612
5043	587	8	1	0	0	596
5044	9	1	630	2	0	642
5045	3	2	5	631	0	641
5046	1	2	3	641	0	647
5047	2	0	1	642	0	645
5048	0	1	637	6	0	644
5049	1	0	644	4	0	649
5050	0	1	6	632	0	639
5051	1	628	5	4	0	638
5052	2	639	3	1	0	645
5053	638	5	1	4	0	648
5054	645	2	1	0	0	648
5055	7	649	1	2	0	659
5056	1	6	1	660	0	668
5057	5	1	1	663	0	670
5058	660	2	1	8	0	671
5059	7	3	0	676	0	686
5060	4	0	2	672	0	678
5061	4	0	1	680	0	685
5062	2	1	646	8	0	657
5063	3	1	613	3	0	620
5064	657	1	6	5	0	669
5065	7	1	2	691	0	701
5066	3	0	686	8	0	697
5067	3	0	674	2	0	679
5068	687	3	9	4	0	703
5069	10	1	743	2	0	756
5070	2	751	9	0	0	762
5071	3	8	2	787	0	800
5072	3	3	780	9	0	795
5073	774	3	10	3	0	790
5074	11	4	2	803	0	820
5075	5	0	799	10	0	814
5076	2	2	10	811	0	825
5077	3	0	4	817	0	824
5078	810	1	3	13	0	827
5079	10	822	3	4	0	839
5080	5	8	0	810	0	823
5081	809	4	1	13	0	827
5082	814	2	1	6	0	823
5083	814	2	1	4	0	821
5084	829	0	2	1	0	832
5085	17	1	0	812	0	830
5086	815	2	1	8	0	826
5087	809	0	3	6	0	818
5088	775	1	0	3	0	779
5089	778	2	2	3	0	785
5090	14	736	1	3	0	754
5091	4	662	0	1	0	667
5092	2	11	0	653	0	666
5093	0	636	2	9	0	647
5094	646	6	0	5	0	657
5095	8	4	0	621	0	633
5096	618	0	2	7	0	627
5097	618	1	1	5	0	625
5098	11	0	0	624	0	635
5099	5	0	0	622	0	627
5100	1	617	1	11	0	630
5101	623	6	1	4	0	634
5102	10	625	0	0	0	635
5103	635	6	0	2	0	643
5104	8	2	0	633	0	643
5105	5	0	627	5	0	637
5106	628	0	5	5	0	638
5107	598	0	3	0	0	601
5108	10	2	575	0	0	587
5109	4	1	583	0	0	588
5110	1	0	8	582	0	591
5111	635	1	2	6	0	644
5112	679	0	0	4	0	683
5113	687	0	0	2	0	689
5114	691	1	0	0	0	692
5115	10	677	0	0	0	687
5116	702	7	0	3	0	712
5117	8	3	0	695	0	706
5118	4	1	0	701	0	706
5119	1	0	0	728	0	729
5120	1	1	0	734	0	736
5121	725	1	0	10	0	736
5122	11	0	0	754	0	765
5123	3	1	746	8	0	758
5124	3	0	8	759	0	770
5125	3	0	3	762	0	768
5126	1	0	1	769	0	771
5127	5	0	1	755	0	761
5128	744	0	1	13	0	758
5129	11	737	1	3	0	752
5130	4	751	0	1	0	756
5131	1	11	1	740	0	753
5132	743	3	0	9	0	755
5133	751	0	0	5	0	756
5134	14	0	0	756	0	770
5135	5	0	742	12	0	759
5136	745	0	10	4	0	759
5137	11	1	2	774	0	788
5138	4	1	770	13	0	788
5139	760	0	10	5	0	775
5140	9	775	4	2	0	790
5141	879	11	1	3	0	894
5142	12	929	0	3	0	944
5143	8	12	2	934	0	956
5144	4	915	1	11	0	931
5145	4	15	0	939	0	958
5146	920	8	1	18	0	947
5147	16	925	0	8	0	949
5148	8	19	933	3	0	963
5149	7	5	15	934	0	961
5150	3	4	934	16	0	957
5151	3	3	17	933	0	956
5152	3	3	8	954	0	968
5153	3	1	932	25	0	961
5154	896	1	19	9	0	925
5155	16	2	920	8	0	946
5156	7	3	926	5	0	941
5157	4	917	22	8	0	951
5158	3	19	9	927	0	958
5159	4	6	5	930	0	945
5160	3	3	3	915	0	924
5161	1	8	2	935	0	946
5162	4	2	901	25	0	932
5163	865	3	16	18	0	902
5164	20	0	897	6	0	923
5165	7	3	15	869	0	894
5166	861	0	11	18	0	890
5167	19	861	3	8	0	891
5168	10	16	3	835	0	864
5169	794	6	4	19	0	823
5170	14	777	6	8	0	805
5171	8	771	0	6	0	785
5172	765	15	2	5	0	787
5173	12	764	0	3	0	779
5174	742	14	3	4	0	763
5175	11	749	1	6	0	767
5176	742	13	5	2	0	762
5177	752	9	0	3	0	764
5178	18	746	2	3	0	769
5179	6	14	3	738	0	761
5180	9	6	730	11	0	756
5181	715	6	13	6	0	740
5182	14	2	7	721	0	744
5183	7	710	0	14	0	731
5184	3	726	4	7	0	740
5185	5	13	1	727	0	746
5186	724	6	3	15	0	748
5187	12	5	726	7	0	750
5188	6	4	13	726	0	749
5189	5	4	4	736	0	749
5190	5	1	3	746	0	755
5191	4	1	2	744	0	751
5192	3	725	1	19	0	748
5193	1	12	2	736	0	751
5194	2	5	725	16	0	748
5195	5	0	711	8	0	724
5196	1	6	719	6	0	732
5197	2	3	15	721	0	741
5198	711	4	5	12	0	732
5199	10	3	713	10	0	736
5200	9	1	725	3	0	738
5201	5	5	16	708	0	734
5202	710	5	7	14	0	736
5203	13	700	4	10	0	727
5204	698	15	3	5	0	721
5205	15	5	2	702	0	724
5206	10	5	707	10	0	732
5207	4	4	14	692	0	714
5208	6	707	9	15	0	737
5209	743	15	4	10	0	772
5210	14	6	747	2	0	769
5211	4	721	9	13	0	747
5212	701	12	10	4	0	727
5213	14	7	6	688	0	715
5214	7	2	5	699	0	713
5215	696	3	4	21	0	724
5216	704	3	4	8	0	719
5217	718	6	4	8	0	736
5218	19	6	2	696	0	723
5219	12	674	3	19	0	708
5220	682	9	5	16	0	712
5221	12	679	3	10	0	704
5222	665	13	7	2	0	687
5223	19	649	2	4	0	674
5224	12	10	5	646	0	673
5225	642	10	3	13	0	668
5226	653	6	4	5	0	668
5227	659	5	0	8	0	672
5228	658	3	1	11	0	673
5229	658	6	1	4	0	669
5230	23	4	641	5	0	673
5231	17	4	9	644	0	674
5232	13	2	649	14	0	678
5233	10	5	650	7	0	672
5234	643	4	16	6	0	669
5235	652	5	8	3	0	668
5236	643	3	6	4	0	656
5237	20	7	4	608	0	639
5238	609	4	2	13	0	628
5239	15	588	6	10	0	619
5240	16	604	5	4	0	629
5241	10	517	0	3	0	530
5242	466	11	1	2	0	480
5243	14	451	3	2	0	470
5244	449	4	1	3	0	457
5245	448	3	2	0	0	453
5246	9	3	430	2	0	444
5247	5	3	5	425	0	438
5248	3	2	5	431	0	441
5249	442	0	3	7	0	452
5250	444	3	0	6	0	453
5251	14	0	1	438	0	453
5252	9	0	436	5	0	450
5253	3	0	441	5	0	449
5254	7	1	6	453	0	467
5255	4	2	4	458	0	468
5256	5	3	0	458	0	466
5257	451	4	0	7	0	462
5258	443	3	0	9	0	455
5259	9	453	2	0	0	464
5260	8	6	2	448	0	464
5261	5	4	0	448	0	457
5262	2	453	1	10	0	466
5263	3	4	1	460	0	468
5264	457	4	1	6	0	468
5265	10	0	0	453	0	463
5266	8	4	0	456	0	468
5267	454	0	1	10	0	465
5268	453	0	2	6	0	461
5269	454	2	5	3	0	464
5270	7	2	2	459	0	470
5271	7	0	437	7	0	451
5272	5	0	418	9	0	432
5273	4	0	421	6	0	431
5274	10	414	5	3	0	432
5275	423	5	2	6	0	436
5276	11	5	411	2	0	429
5277	410	3	3	5	0	421
5278	3	3	4	411	0	421
5279	395	2	2	7	0	406
5280	420	2	2	5	0	429
5281	7	423	0	4	0	434
5282	432	3	0	4	0	439
5283	430	3	2	5	0	440
5284	13	422	1	2	0	438
5285	8	3	1	437	0	449
5286	6	2	437	5	0	450
5287	6	1	4	435	0	446
5288	3	2	5	437	0	447
5289	444	2	3	7	0	456
5290	7	2	3	440	0	452
5291	6	451	5	3	0	465
5292	4	4	2	451	0	461
5293	5	3	3	455	0	466
5294	4	0	446	7	0	457
5295	6	436	3	7	0	452
5296	8	445	2	2	0	457
5297	445	7	2	4	0	458
5298	7	458	0	2	0	467
5299	5	6	2	453	0	466
5300	3	4	456	6	0	469
5301	3	451	6	5	0	465
5302	461	7	2	3	0	473
5303	4	5	2	457	0	468
5304	6	1	0	463	0	470
5305	2	4	463	9	0	478
5306	6	2	2	451	0	461
5307	3	1	3	456	0	463
5308	448	4	1	8	0	461
5309	405	1	1	4	0	411
5310	5	401	2	2	0	410
5311	376	3	1	1	0	381
5312	3	361	0	2	0	366
5313	4	8	1	351	0	364
5314	1	348	1	1	0	351
5315	2	353	1	3	0	359
5316	342	1	4	2	0	349
5317	327	1	0	2	0	330
5318	2	328	1	1	0	332
5319	332	1	0	1	0	334
5320	335	1	1	3	0	340
5321	337	2	1	0	0	340
5322	2	0	0	348	0	350
5323	350	1	0	2	0	353
5324	3	1	341	1	0	346
5325	337	1	1	2	0	341
5326	3	0	354	1	0	358
5327	3	0	2	355	0	360
5328	0	2	1	363	0	366
5329	3	0	360	2	0	365
5330	351	0	1	3	0	355
5331	352	1	1	1	0	355
5332	2	1	373	3	0	379
5333	1	0	3	363	0	367
5334	0	0	2	365	0	367
5335	2	0	1	368	0	371
5336	368	1	0	3	0	372
5337	369	2	0	2	0	373
5338	3	1	1	363	0	368
5339	3	349	0	3	0	355
5340	0	337	1	2	0	340
5341	329	2	0	0	0	331
5342	2	326	0	1	0	329
5343	1	326	0	0	0	327
5344	0	1	0	300	0	301
5345	0	0	305	0	0	305
5346	0	302	1	0	0	303
5347	0	2	0	303	0	305
5348	1	299	0	0	0	300
5349	0	0	2	290	0	292
5350	289	0	0	1	0	290
5351	0	294	1	0	0	295
5352	295	0	0	2	0	297
5353	287	0	0	1	0	288
5354	1	0	291	0	0	292
5355	287	0	0	0	0	287
5356	0	1	0	298	0	299
5357	1	2	307	0	0	310
5358	0	312	0	0	0	312
5359	0	0	0	309	0	309
5360	0	1	0	310	0	311
5361	311	0	0	0	0	311
5362	1	0	0	309	0	310
5363	1	0	0	309	0	310
5364	307	1	0	0	0	308
5365	1	307	0	0	0	308
5366	303	0	0	0	0	303
5367	1	0	304	0	0	305
5368	294	0	0	2	0	296
5369	1	0	312	0	0	313
5370	0	308	1	0	0	309
5371	311	0	0	1	0	312
5372	308	0	1	0	0	309
5373	0	0	314	1	0	315
5374	0	0	316	2	0	318
5375	0	0	330	0	0	330
5376	1	328	0	0	0	329
5377	1	0	0	337	0	338
5378	0	0	378	4	0	382
5379	0	0	365	0	0	365
5380	0	0	1	380	0	381
5381	2	0	380	1	0	383
5382	386	0	0	1	0	387
5383	442	0	1	0	0	443
5384	2	0	438	0	0	440
5385	1	446	1	0	0	448
5386	1	2	1	436	0	440
5387	1	1	447	1	0	450
5388	0	438	1	2	0	441
5389	0	3	1	435	0	439
5390	438	1	0	2	0	441
5391	432	0	0	2	0	434
5392	2	445	0	2	0	449
5393	2	1	0	447	0	450
5394	1	4	1	447	0	453
5395	1	1	0	448	0	450
5396	0	0	0	453	0	453
5397	0	0	443	2	0	445
5398	0	1	1	434	0	436
5399	0	0	435	2	0	437
5400	1	432	1	1	0	435
5401	430	1	1	1	0	433
5402	1	443	0	0	0	444
5403	4	1	0	445	0	450
5404	1	1	0	444	0	446
5405	440	0	0	3	0	443
5406	1	0	0	447	0	448
5407	1	437	1	2	0	441
5408	1	0	0	448	0	449
5409	1	1	1	448	0	451
5410	449	1	0	2	0	452
5411	2	0	442	1	0	445
5412	1	450	1	0	0	452
5413	0	450	0	1	0	451
5414	0	2	0	452	0	454
5415	452	1	0	1	0	454
5416	1	444	0	2	0	447
5417	1	1	0	451	0	453
5418	0	1	442	2	0	445
5419	0	0	1	448	0	449
5420	442	0	1	2	0	445
5421	440	0	2	1	0	443
5422	3	0	0	431	0	434
5423	432	0	0	2	0	434
5424	433	0	0	1	0	434
5425	3	0	428	0	0	431
5426	411	1	1	0	0	413
5427	1	416	1	2	0	420
5428	420	1	1	1	0	423
5429	1	2	414	1	0	418
5430	4	0	1	417	0	422
5431	427	0	1	1	0	429
5432	1	1	391	3	0	396
5433	3	0	401	0	0	404
5434	1	0	4	404	0	409
5435	2	0	415	2	0	419
5436	410	0	4	3	0	417
5437	2	2	422	0	0	426
5438	3	0	2	441	0	446
5439	0	0	5	446	0	451
5440	462	2	0	7	0	471
5441	5	0	466	4	0	475
5442	5	1	484	0	0	490
5443	4	0	6	514	0	524
5444	0	1	517	5	0	523
5445	507	0	5	5	0	517
5446	7	0	4	514	0	525
5447	2	0	515	6	0	523
5448	1	1	4	522	0	528
5449	0	0	5	531	0	536
5450	531	0	1	7	0	539
5451	7	1	525	2	0	535
5452	511	2	8	1	0	522
5453	9	2	534	1	0	546
5454	527	2	7	4	0	540
5455	533	2	4	3	0	542
5456	526	2	0	5	0	533
5457	10	508	0	3	0	521
5458	509	6	0	5	0	520
5459	513	3	0	2	0	518
5460	9	1	1	510	0	521
5461	2	0	515	12	0	529
5462	507	0	7	4	0	518
5463	6	1	526	2	0	535
5464	5	1	6	513	0	525
5465	0	2	4	526	0	532
5466	533	0	0	11	0	544
5467	8	549	2	3	0	562
5468	4	9	0	532	0	545
5469	2	2	0	546	0	550
5470	0	4	549	9	0	562
5471	0	0	7	553	0	560
5472	6	0	3	554	0	563
5473	5	1	3	540	0	549
5474	0	537	1	14	0	552
5475	529	9	2	1	0	541
5476	540	3	2	3	0	548
5477	8	540	2	5	0	555
5478	500	5	1	2	0	508
5479	6	4	0	521	0	531
5480	3	0	543	8	0	554
5481	2	560	9	2	0	573
5482	0	566	3	3	0	572
5483	546	6	6	2	0	560
5484	574	1	1	0	0	576
5485	13	0	0	572	0	585
5486	2	0	0	583	0	585
5487	3	0	0	579	0	582
5488	564	1	0	12	0	577
5489	12	0	557	1	0	570
5490	568	0	10	0	0	578
5491	10	0	1	573	0	584
5492	2	0	3	559	0	564
5493	3	562	0	9	0	574
5494	0	9	2	571	0	582
5495	3	1	0	584	0	588
5496	0	0	576	13	0	589
5497	3	587	10	1	0	601
5498	603	12	2	0	0	617
5499	596	1	0	2	0	599
5500	607	0	0	2	0	609
5501	612	0	2	1	0	615
5502	12	2	580	1	0	595
5503	584	0	10	2	0	596
5504	12	0	584	1	0	597
5505	1	2	10	581	0	594
5506	2	591	2	8	0	603
5507	3	10	0	595	0	608
5508	2	3	1	609	0	615
5509	2	0	606	13	0	621
5510	591	0	10	4	0	605
5511	596	0	3	3	0	602
5512	11	585	2	2	0	600
5513	2	13	599	1	0	615
5514	3	1	11	597	0	612
5515	3	0	602	12	0	617
5516	0	1	600	6	0	607
5517	0	3	11	601	0	615
5518	3	0	603	12	0	618
5519	5	1	10	606	0	622
5520	4	1	614	11	0	630
5521	5	2	11	613	0	631
5522	623	2	2	14	0	641
5523	632	0	1	4	0	637
5524	628	2	2	3	0	635
5525	618	1	1	5	0	625
5526	11	613	2	5	0	631
5527	5	10	2	617	0	634
5528	5	3	2	625	0	635
5529	5	0	618	13	0	636
5530	5	2	10	615	0	632
5531	2	0	615	15	0	632
5532	5	3	596	5	0	609
5533	592	2	12	2	0	608
5534	15	614	1	4	0	634
5535	610	10	3	3	0	626
5536	614	2	2	4	0	622
5537	11	622	2	5	0	640
5538	608	9	1	6	0	624
5539	16	1	606	8	0	631
5540	4	597	14	4	0	619
5541	600	8	6	5	0	619
5542	12	2	572	3	0	589
5543	546	0	8	4	0	558
5544	9	562	4	6	0	581
5545	564	8	0	4	0	576
5546	565	2	2	2	0	571
5547	10	553	1	4	0	568
5548	3	547	3	2	0	555
5549	2	563	2	3	0	570
5550	4	8	1	570	0	583
5551	2	1	3	574	0	580
5552	578	2	0	12	0	592
5553	575	0	5	3	0	583
5554	8	1	567	4	0	580
5555	4	1	552	0	0	557
5556	3	1	571	2	0	577
5557	2	1	10	565	0	578
5558	4	2	570	9	0	585
5559	4	0	10	575	0	589
5560	578	1	3	8	0	590
5561	10	4	573	2	0	589
5562	582	0	7	3	0	592
5563	587	1	1	5	0	594
5564	7	2	588	1	0	598
5565	4	598	6	4	0	612
5566	5	7	3	604	0	619
5567	2	1	601	10	0	614
5568	3	2	9	594	0	608
5569	3	1	2	636	0	642
5570	615	2	2	11	0	630
5571	10	2	5	613	0	630
5572	5	2	613	13	0	633
5573	6	3	12	609	0	630
5574	617	2	3	12	0	634
5575	14	620	5	2	0	641
5576	610	10	3	3	0	626
5577	15	3	3	612	0	633
5578	6	4	609	9	0	628
5579	4	3	604	5	0	616
5580	9	0	580	3	0	592
5581	1	540	10	2	0	553
5582	521	9	7	2	0	539
5583	9	501	1	3	0	514
5584	474	5	1	0	0	480
5585	6	470	1	0	0	477
5586	4	5	0	469	0	478
5587	2	0	1	476	0	479
5588	0	2	0	481	0	483
5589	1	486	1	5	0	493
5590	0	4	1	519	0	524
5591	2	1	1	585	0	589
5592	620	1	0	9	0	630
5593	9	0	1	642	0	652
5594	2	2	671	10	0	685
5595	677	0	9	4	0	690
5596	682	1	3	2	0	688
5597	12	672	2	4	0	690
5598	670	10	0	4	0	684
5599	689	2	0	1	0	692
5600	16	1	0	684	0	701
5601	6	0	2	696	0	704
5602	3	1	0	704	0	708
5603	693	0	1	15	0	709
5604	700	1	0	5	0	706
5605	17	1	688	1	0	707
5606	679	2	10	2	0	693
5607	695	0	3	3	0	701
5608	687	0	1	2	0	690
5609	13	0	671	2	0	686
5610	3	2	677	0	0	682
5611	2	0	12	675	0	689
5612	2	1	699	12	0	714
5613	7	1	11	687	0	706
5614	2	2	4	668	0	676
5615	3	693	1	11	0	708
5616	697	11	3	7	0	718
5617	14	2	700	2	0	718
5618	707	2	14	1	0	724
5619	14	2	4	718	0	738
5620	705	2	1	13	0	721
5621	17	692	1	4	0	714
5622	3	725	0	5	0	733
5623	3	13	2	725	0	743
5624	7	5	1	728	0	741
5625	4	3	722	15	0	744
5626	3	1	12	722	0	738
5627	718	1	2	13	0	734
5628	12	719	2	5	0	738
5629	5	11	706	5	0	727
5630	7	4	11	710	0	732
5631	3	2	721	15	0	741
5632	2	0	13	722	0	737
5633	3	1	723	14	0	741
5634	4	2	714	3	0	723
5635	4	2	15	710	0	731
5636	717	1	3	14	0	735
5637	720	2	1	4	0	727
5638	703	1	3	3	0	710
5639	12	690	3	7	0	712
5640	695	12	3	5	0	715
5641	693	2	0	5	0	700
5642	15	1	674	3	0	693
5643	6	669	13	0	0	688
5644	7	11	3	666	0	687
5645	665	2	2	13	0	682
5646	15	667	0	5	0	687
5647	675	10	3	6	0	694
5648	679	3	3	3	0	688
5649	673	1	2	4	0	680
5650	671	2	3	2	0	678
5651	16	1	3	652	0	672
5652	651	1	0	14	0	666
5653	12	2	2	647	0	663
5654	6	633	2	14	0	655
5655	6	7	3	642	0	658
5656	640	3	2	14	0	659
5657	12	2	655	5	0	674
5658	6	0	10	654	0	670
5659	646	1	3	9	0	659
5660	10	642	0	4	0	656
5661	639	12	2	3	0	656
5662	650	1	1	5	0	657
5663	13	661	2	2	0	678
5664	655	11	0	3	0	669
5665	16	3	633	0	0	652
5666	4	3	628	2	0	637
5667	614	0	11	4	0	629
5668	14	2	618	1	0	635
5669	7	5	6	580	0	598
5670	4	588	4	8	0	604
5671	595	8	0	7	0	610
5672	10	593	1	1	0	605
5673	6	576	2	2	0	586
5674	6	12	2	611	0	631
5675	3	3	2	620	0	628
5676	6	1	1	610	0	618
5677	4	2	1	612	0	619
5678	3	2	602	11	0	618
5679	4	2	7	581	0	594
5680	4	0	3	587	0	594
5681	582	2	3	11	0	598
5682	8	3	1	584	0	596
5683	5	2	571	9	0	587
5684	565	2	7	7	0	581
5685	11	1	4	575	0	591
5686	4	3	592	9	0	608
5687	7	2	10	577	0	596
5688	2	581	2	9	0	594
5689	583	6	3	5	0	597
5690	11	4	550	0	0	565
5691	2	490	4	3	0	499
5692	444	4	1	4	0	453
5693	3	420	1	3	0	427
5694	1	387	0	1	0	389
5695	376	1	1	2	0	380
5696	2	373	2	2	0	379
5697	1	368	2	1	0	372
5698	1	1	0	375	0	377
5699	2	0	362	1	0	365
5700	0	366	2	2	0	370
5701	1	2	1	358	0	362
5702	3	356	0	3	0	362
5703	358	2	0	2	0	362
5704	3	0	351	0	0	354
5705	0	1	2	350	0	353
5706	362	1	1	1	0	365
5707	3	0	0	365	0	368
5708	1	0	367	1	0	369
5709	348	2	1	3	0	354
5710	357	2	1	0	0	360
5711	4	383	0	0	0	387
5712	1	3	1	365	0	370
5713	1	2	0	379	0	382
5714	385	0	0	3	0	388
5715	370	0	1	3	0	374
5716	3	0	376	1	0	380
5717	1	373	2	3	0	379
5718	367	3	1	0	0	371
5719	3	2	0	358	0	363
5720	1	0	369	4	0	374
5721	2	0	353	1	0	356
5722	0	0	4	349	0	353
5723	351	0	1	3	0	355
5724	4	348	0	1	0	353
5725	374	3	0	2	0	379
5726	3	1	1	377	0	382
5727	3	0	0	378	0	381
5728	1	1	0	382	0	384
5729	379	0	0	4	0	383
5730	3	383	1	3	0	390
5731	1	2	0	383	0	386
5732	1	1	0	383	0	385
5733	0	1	388	4	0	393
5734	0	1	3	387	0	391
5735	1	0	395	3	0	399
5736	0	393	3	1	0	397
5737	0	3	1	392	0	396
5738	388	1	0	3	0	392
5739	3	0	383	1	0	387
5740	1	0	3	379	0	383
5741	0	0	377	3	0	380
5742	366	0	3	1	0	370
5743	10	0	381	0	0	391
5744	1	0	3	373	0	377
5745	383	0	1	4	0	388
5746	3	347	0	1	0	351
5747	374	3	0	1	0	378
5748	3	340	0	0	0	343
5749	2	3	0	390	0	395
5750	0	1	384	3	0	388
5751	0	1	379	1	0	381
5752	0	0	3	392	0	395
5753	402	0	0	3	0	405
5754	394	0	0	3	0	397
5755	4	0	0	396	0	400
5756	2	0	0	400	0	402
5757	389	0	0	4	0	393
5758	3	380	0	1	0	384
5759	1	394	0	0	0	395
5760	403	3	0	0	0	406
5761	3	1	400	0	0	404
5762	1	0	3	391	0	395
5763	0	0	378	4	0	382
5764	1	0	3	380	0	384
5765	1	0	393	3	0	397
5766	0	0	389	2	0	391
5767	0	1	4	397	0	402
5768	2	377	1	2	0	382
5769	395	3	0	4	0	402
5770	3	397	1	0	0	401
5771	2	3	1	404	0	410
5772	408	1	0	4	0	413
5773	3	0	0	412	0	415
5774	417	0	0	4	0	421
5775	419	0	0	2	0	421
5776	424	0	0	1	0	425
5777	4	408	1	1	0	414
5778	431	3	0	1	0	435
5779	4	3	0	458	0	465
5780	483	1	0	4	0	488
5781	5	0	1	490	0	496
5782	494	0	1	7	0	502
5783	502	0	0	2	0	504
5784	7	498	0	1	0	506
5785	2	6	1	533	0	542
5786	0	3	0	532	0	535
5787	0	547	0	8	0	555
5788	3	7	0	567	0	577
5789	569	1	1	7	0	578
5790	583	0	0	3	0	586
5791	584	1	1	0	0	586
5792	10	1	606	0	0	617
5793	624	1	8	0	0	633
5794	648	0	1	2	0	651
5795	663	1	0	1	0	665
5796	11	635	1	0	0	647
5797	3	7	0	655	0	665
5798	1	3	0	659	0	663
5799	3	0	0	663	0	666
5800	0	1	638	10	0	649
5801	0	0	8	645	0	653
5802	645	0	2	10	0	657
5803	9	1	0	657	0	667
5804	5	0	0	680	0	685
5805	1	1	670	12	0	684
5806	2	654	8	3	0	667
5807	675	8	1	2	0	686
5808	10	2	1	677	0	690
5809	688	1	1	9	0	699
5810	10	1	673	1	0	685
5811	653	0	10	0	0	663
5812	12	688	1	2	0	703
5813	2	8	680	1	0	691
5814	0	2	686	2	0	690
5815	2	0	9	672	0	683
5816	0	2	702	7	0	711
5817	1	703	8	2	0	714
5818	2	7	1	705	0	715
5819	1	1	0	724	0	726
5820	0	0	2	723	0	725
5821	710	2	2	7	0	721
5822	6	723	0	3	0	732
5823	2	6	0	733	0	741
5824	1	1	0	746	0	748
5825	720	0	0	8	0	728
5826	5	727	1	3	0	736
5827	735	5	0	1	0	741
5828	721	3	0	2	0	726
5829	718	0	1	2	0	721
5830	8	3	711	1	0	723
5831	4	0	7	705	0	716
5832	2	713	2	7	0	724
5833	3	733	1	2	0	739
5834	2	8	1	728	0	739
5835	1	728	1	8	0	738
5836	761	6	0	3	0	770
5837	8	2	769	2	0	781
5838	751	1	7	1	0	760
5839	776	2	1	3	0	782
5840	11	0	0	785	0	796
5841	784	1	1	9	0	795
5842	7	817	0	4	0	828
5843	838	5	2	1	0	846
5844	839	2	0	4	0	845
5845	915	2	1	0	0	918
5846	12	1	907	3	0	923
5847	6	4	923	2	0	935
5848	6	1	12	920	0	939
5849	3	899	4	8	0	914
5850	2	923	4	4	0	933
5851	2	15	1	915	0	933
5852	921	3	1	14	0	939
5853	10	2	3	921	0	936
5854	5	4	2	927	0	938
5855	923	3	3	13	0	942
5856	11	921	1	7	0	940
5857	4	10	922	5	0	941
5858	2	3	914	4	0	923
5859	927	2	14	3	0	946
5860	11	3	5	923	0	942
5861	3	1	946	11	0	961
5862	4	1	11	940	0	956
5863	6	0	3	939	0	948
5864	4	1	1	955	0	961
5865	1	1	2	942	0	946
5866	3	924	0	13	0	940
5867	3	10	1	929	0	943
5868	927	2	3	15	0	947
5869	10	917	1	9	0	937
5870	944	12	0	3	0	959
5871	952	6	1	4	0	963
5872	949	3	0	6	0	958
5873	15	2	920	2	0	939
5874	917	0	10	3	0	930
5875	948	2	2	7	0	959
5876	934	1	2	3	0	940
5877	942	3	2	4	0	951
5878	14	940	2	2	0	958
5879	911	9	2	5	0	927
5880	12	5	895	1	0	913
5881	6	4	6	886	0	902
5882	5	1	4	900	0	910
5883	909	0	2	10	0	921
5884	9	904	2	5	0	920
5885	876	7	2	6	0	891
5886	9	873	0	3	0	885
5887	857	12	0	5	0	874
5888	859	4	1	4	0	868
5889	9	938	1	1	0	949
5890	935	5	0	4	0	944
5891	962	3	0	4	0	969
5892	11	890	4	0	0	905
5893	5	907	0	5	0	917
5894	947	7	3	5	0	962
5895	13	4	0	967	0	984
5896	972	3	0	11	0	986
5897	998	3	0	4	0	1005
5898	1017	0	0	5	0	1022
5899	1018	1	1	2	0	1022
5900	19	974	1	0	0	994
5901	8	999	2	1	0	1010
5902	1011	13	1	2	0	1027
5903	11	7	999	2	0	1019
5904	7	4	10	992	0	1013
5905	6	2	4	1014	0	1026
5906	1017	1	1	20	0	1039
5907	14	1014	0	7	0	1035
5908	10	11	0	1016	0	1037
5909	5	7	0	1036	0	1048
5910	1026	4	0	16	0	1046
5911	13	4	2	1030	0	1049
5912	1028	2	1	15	0	1046
5913	1029	0	1	8	0	1038
5914	1037	1	2	4	0	1044
5915	20	1	1	1016	0	1038
5916	9	0	2	1019	0	1030
5917	5	2	1131	18	0	1156
5918	5	3	1120	8	0	1136
5919	1130	2	24	7	0	1163
5920	18	2	13	1159	0	1192
5921	16	3	1244	17	0	1280
5922	3	3	1234	15	0	1255
5923	7	1	29	1232	0	1269
5924	3	3	1228	21	0	1255
5925	6	2	18	1235	0	1261
5926	5	4	12	1237	0	1258
5927	5	0	1236	35	0	1276
5928	5	1	22	1258	0	1286
5929	8	1	11	1239	0	1259
5930	6	0	4	1282	0	1292
5931	5	2	1239	39	0	1285
5932	6	2	19	1285	0	1312
5933	1269	1	11	28	0	1309
5934	25	1270	4	15	0	1314
5935	1270	23	4	10	0	1307
5936	28	10	1235	8	0	1281
5937	1259	3	23	6	0	1291
5938	1274	2	11	3	0	1290
5939	1267	3	2	5	0	1277
5940	40	2	2	1226	0	1270
5941	17	4	4	1248	0	1273
5942	5	3	1170	33	0	1211
5943	1136	1	25	17	0	1179
5944	25	1131	13	9	0	1178
5945	15	1080	3	9	0	1107
5946	7	1096	3	7	0	1113
5947	6	27	5	1058	0	1096
5948	1051	10	1	25	0	1087
5949	1067	3	1	19	0	1090
5950	35	4	1038	2	0	1079
5951	17	2	19	1047	0	1085
5952	7	3	12	1055	0	1077
5953	9	3	1037	33	0	1082
5954	11	3	1024	14	0	1052
5955	1023	2	28	6	0	1059
5956	23	1036	8	9	0	1076
5957	1041	20	7	9	0	1077
5958	1048	11	4	9	0	1072
5959	35	3	7	1019	0	1064
5960	19	2	3	1042	0	1066
5961	1018	1	4	33	0	1056
5962	29	4	3	1016	0	1052
5963	20	3	1	1024	0	1048
5964	1019	3	4	28	0	1054
5965	27	3	4	1019	0	1053
5966	1026	1	3	26	0	1056
5967	1022	3	5	19	0	1049
5968	36	2	1008	11	0	1057
5969	1020	1	22	9	0	1052
5970	1019	1	15	12	0	1047
5971	1030	1	5	10	0	1046
5972	36	4	809	11	0	860
5973	993	3	17	7	0	1020
5974	27	962	8	6	0	1003
5975	985	22	3	10	0	1020
5976	990	12	6	8	0	1016
5977	39	1	4	967	0	1011
5978	23	2	3	978	0	1006
5979	9	978	6	37	0	1030
5980	10	17	3	994	0	1024
5981	11	9	5	1002	0	1027
5982	988	1	3	40	0	1032
5983	26	1	1	982	0	1010
5984	20	4	6	981	0	1011
5985	10	6	5	977	0	998
5986	10	939	4	37	0	990
5987	934	22	2	15	0	973
5988	27	934	5	11	0	977
5989	838	17	6	9	0	870
5990	30	10	810	10	0	860
5991	791	1	19	13	0	824
5992	23	1	806	7	0	837
5993	15	785	18	10	0	828
5994	740	20	25	6	0	791
5995	737	12	4	2	0	755
5996	30	704	2	4	0	740
5997	14	712	3	5	0	734
5998	700	19	4	5	0	728
5999	710	8	5	3	0	726
6000	27	2	2	696	0	727
6001	16	4	1	722	0	743
6002	6	5	691	22	0	724
6003	688	3	11	12	0	714
6004	18	3	9	690	0	720
6005	15	673	4	15	0	707
6006	10	13	1	668	0	692
6007	10	9	3	664	0	686
6008	6	3	655	24	0	688
6009	5	5	11	652	0	673
6010	650	1	13	18	0	682
6011	18	638	0	12	0	668
6012	10	640	2	6	0	658
6013	638	19	3	5	0	665
6014	651	9	1	7	0	668
6015	655	1	1	7	0	664
6016	22	629	2	6	0	659
6017	2	533	0	2	0	537
6018	559	9	3	1	0	572
6019	570	2	1	1	0	574
6020	14	537	2	1	0	554
6021	0	456	1	0	0	457
6022	453	6	0	1	0	460
6023	7	0	1	448	0	456
6024	459	1	0	5	0	465
6025	6	2	0	463	0	471
6026	2	465	0	5	0	472
6027	1	466	0	0	0	467
6028	476	8	2	0	0	486
6029	467	2	1	1	0	471
6030	481	0	0	3	0	484
6031	7	474	1	1	0	483
6032	0	7	453	0	0	460
6033	0	448	4	7	0	459
6034	446	5	3	0	0	454
6035	435	1	1	1	0	438
6036	5	0	434	0	0	439
6037	0	435	5	1	0	441
6038	0	5	1	442	0	448
6039	0	1	0	441	0	442
6040	0	405	0	7	0	412
6041	0	4	441	1	0	446
6042	442	1	4	0	0	447
6043	5	0	1	453	0	459
6044	453	0	0	5	0	458
6045	450	0	0	2	0	452
6046	6	0	0	478	0	484
6047	2	0	0	494	0	496
6048	1	0	0	500	0	501
6049	0	0	0	503	0	503
6050	492	0	0	7	0	499
6051	495	0	0	2	0	497
6052	6	0	501	0	0	507
6053	2	0	5	505	0	512
6054	2	0	1	505	0	508
6055	0	1	0	509	0	510
6056	1	0	497	6	0	504
6057	2	0	5	497	0	504
6058	489	0	2	5	0	496
6059	5	0	0	497	0	502
6060	1	0	506	7	0	514
6061	0	0	6	502	0	508
6062	1	1	497	5	0	504
6063	500	0	5	5	0	510
6064	7	1	1	510	0	519
6065	510	0	0	8	0	518
6066	512	0	1	2	0	515
6067	7	0	1	509	0	517
6068	522	0	1	7	0	530
6069	9	0	1	513	0	523
6070	1	555	1	7	0	564
6071	565	7	0	1	0	573
6072	566	1	0	1	0	568
6073	576	0	0	2	0	578
6074	9	0	0	569	0	578
6075	1	0	0	582	0	583
6076	1	2	0	585	0	588
6077	2	0	567	8	0	577
6078	2	561	5	2	0	570
6079	1	7	0	545	0	553
6080	1	2	535	7	0	545
6081	532	0	6	2	0	540
6082	7	0	1	535	0	543
6083	2	0	530	7	0	539
6084	543	0	6	4	0	553
6085	6	0	1	549	0	556
6086	2	1	1	555	0	559
6087	4	0	0	558	0	562
6088	555	1	0	8	0	564
6089	555	0	2	2	0	559
6090	554	1	0	1	0	556
6091	7	532	0	1	0	540
6092	2	543	0	1	0	546
6093	537	7	0	2	0	546
6094	9	1	541	0	0	551
6095	2	0	6	541	0	549
6096	1	1	0	547	0	549
6097	545	0	0	7	0	552
6098	535	1	0	2	0	538
6099	10	534	0	0	0	544
6100	2	6	1	543	0	552
6101	1	1	525	9	0	536
6102	1	0	517	4	0	522
6103	1	0	7	540	0	548
6104	1	1	1	549	0	552
6105	541	2	0	11	0	554
6106	9	0	2	546	0	557
6107	562	0	1	9	0	572
6108	559	0	1	4	0	564
6109	7	0	561	1	0	569
6110	565	0	8	3	0	576
6111	573	0	1	3	0	577
6112	574	0	1	7	0	582
6113	9	556	1	3	0	569
6114	3	559	1	2	0	565
6115	3	9	1	551	0	564
6116	5	0	552	6	0	563
6117	4	516	5	4	0	529
6118	8	7	2	475	0	492
6119	4	4	2	468	0	478
6120	2	472	3	4	0	481
6121	473	4	1	4	0	482
6122	477	1	1	3	0	482
6123	7	1	479	1	0	488
6124	466	1	3	2	0	472
6125	7	1	461	3	0	472
6126	435	2	2	1	0	440
6127	3	1	442	1	0	447
6128	3	435	4	1	0	443
6129	4	1	2	424	0	431
6130	3	0	0	423	0	426
6131	420	0	3	2	0	425
6132	417	1	0	5	0	423
6133	406	0	1	7	0	414
6134	4	1	415	1	0	421
6135	3	1	4	415	0	423
6136	2	1	0	421	0	424
6137	410	0	2	2	0	414
6138	6	406	2	0	0	414
6139	428	2	0	2	0	432
6140	3	2	2	433	0	440
6141	2	1	1	443	0	447
6142	2	0	1	438	0	441
6143	2	2	1	441	0	446
6144	1	4	0	438	0	443
6145	2	433	2	4	0	441
6146	0	409	0	2	0	411
6147	2	395	0	0	0	397
6148	2	1	0	400	0	403
6149	2	0	392	2	0	396
6150	363	0	2	1	0	366
6151	3	415	1	0	0	419
6152	1	1	1	411	0	414
6153	1	1	1	414	0	417
6154	417	1	1	2	0	421
6155	418	2	1	1	0	422
6156	423	0	1	2	0	426
6157	3	0	0	447	0	450
6158	3	0	450	3	0	456
6159	3	0	464	1	0	468
6160	1	0	4	464	0	469
6161	1	0	465	3	0	469
6162	450	0	2	2	0	454
6163	2	0	2	463	0	467
6164	3	1	456	1	0	461
6165	2	1	1	446	0	450
6166	3	0	476	2	0	481
6167	0	1	507	3	0	511
6168	0	1	3	546	0	550
6169	0	0	569	6	0	575
6170	0	0	544	2	0	546
6171	0	517	5	0	0	522
6172	0	9	1	549	0	559
6173	560	1	0	5	0	566
6174	4	0	0	563	0	567
6175	1	0	1	577	0	579
6176	1	0	575	6	0	582
6177	550	1	4	5	0	560
6178	5	0	1	576	0	582
6179	4	0	1	588	0	593
6180	591	0	0	8	0	599
6181	6	0	0	598	0	604
6182	596	0	2	5	0	603
6183	597	0	1	2	0	600
6184	589	0	0	4	0	593
6185	7	577	3	1	0	588
6186	589	4	1	3	0	597
6187	6	593	1	2	0	602
6188	2	5	2	597	0	606
6189	601	1	0	7	0	609
6190	7	602	2	2	0	613
6191	600	7	1	2	0	610
6192	7	599	1	2	0	609
6193	599	7	2	1	0	609
6194	6	587	1	2	0	596
6195	1	593	2	1	0	597
6196	2	624	1	1	0	628
6197	2	7	0	605	0	614
6198	1	632	1	6	0	640
6199	4	6	1	625	0	636
6200	1	5	1	638	0	645
6201	1	3	0	645	0	649
6202	2	1	0	640	0	643
6203	625	0	0	9	0	634
6204	631	1	0	4	0	636
6205	7	0	631	3	0	641
6206	644	1	5	2	0	652
6207	681	0	1	3	0	685
6208	697	1	1	2	0	701
6209	11	1	688	0	0	700
6210	4	1	685	0	0	690
6211	689	2	9	0	0	700
6212	10	1	708	1	0	720
6213	4	731	7	1	0	743
6214	1	11	0	735	0	747
6215	751	1	2	11	0	765
6216	758	3	1	3	0	765
6217	769	0	0	4	0	773
6218	12	1	1	771	0	785
6219	3	3	0	781	0	787
6220	4	1	794	10	0	809
6221	1	1	10	796	0	808
6222	5	1	1	809	0	816
6223	803	1	1	13	0	818
6224	9	820	1	4	0	834
6225	822	10	1	3	0	836
6226	10	1	2	825	0	838
6227	811	1	0	13	0	825
6228	811	1	1	5	0	818
6229	799	1	1	3	0	804
6230	11	791	0	3	0	805
6231	4	806	0	1	0	811
6232	5	11	1	809	0	826
6233	814	2	1	9	0	826
6234	11	1	2	808	0	822
6235	5	1	0	813	0	819
6236	4	2	809	11	0	826
6237	3	3	11	809	0	826
6238	1	0	2	822	0	825
6239	5	1	3	811	0	820
6240	2	1	797	14	0	814
6241	4	1	788	5	0	798
6242	1	783	11	6	0	801
6243	791	8	1	6	0	806
6244	11	1	4	795	0	811
6245	4	1	790	12	0	807
6246	5	2	11	778	0	796
6247	5	1	3	828	0	837
6248	819	4	1	17	0	841
6249	825	0	3	6	0	834
6250	12	820	2	7	0	841
6251	811	8	2	5	0	826
6252	795	1	5	5	0	806
6253	12	5	3	801	0	821
6254	9	1	804	13	0	827
6255	8	805	9	3	0	825
6256	807	12	2	4	0	825
6257	817	3	1	7	0	828
6258	13	837	1	5	0	856
6259	7	10	0	858	0	875
6260	889	2	3	11	0	905
6261	903	2	1	6	0	912
6262	9	3	0	915	0	927
6263	902	1	2	19	0	924
6264	974	5	2	4	0	985
6265	994	2	1	8	0	1005
6266	13	8	1012	5	0	1038
6267	9	979	7	3	0	998
6268	9	982	0	2	0	993
6269	943	8	3	8	0	962
6270	13	927	2	4	0	946
6271	7	14	930	1	0	952
6272	6	4	12	937	0	959
6273	937	3	2	15	0	957
6274	15	7	3	926	0	951
6275	927	4	5	17	0	953
6276	932	2	4	5	0	943
6277	930	2	1	8	0	941
6278	15	909	1	13	0	938
6279	6	955	3	6	0	970
6280	956	12	6	6	0	980
6281	953	1	2	6	0	962
6282	962	4	0	7	0	973
6283	20	3	1	948	0	972
6284	944	2	5	13	0	964
6285	15	930	3	2	0	950
6286	9	963	0	5	0	977
6287	9	13	0	956	0	978
6288	8	3	951	15	0	977
6289	7	2	946	5	0	960
6290	3	6	10	946	0	965
6291	6	0	942	18	0	966
6292	10	1	13	944	0	968
6293	951	4	3	16	0	974
6294	14	5	3	949	0	971
6295	943	4	7	15	0	969
6296	16	920	2	9	0	947
6297	9	12	922	4	0	947
6298	4	6	14	909	0	933
6299	6	2	3	926	0	937
6300	9	3	932	14	0	958
6301	9	1	13	916	0	939
6302	3	962	1	20	0	986
6303	7	13	1	975	0	996
6304	10	4	5	977	0	996
6305	8	1	2	1024	0	1035
6306	4	4	1002	18	0	1028
6307	5	0	955	9	0	969
6308	897	1	15	5	0	918
6309	14	4	907	5	0	930
6310	4	909	16	4	0	933
6311	920	10	5	5	0	940
6312	14	930	3	5	0	952
6313	896	10	8	7	0	921
6314	903	6	5	4	0	918
6315	896	0	4	2	0	902
6316	885	7	3	2	0	897
6317	22	858	2	1	0	883
6318	7	866	1	3	0	877
6319	864	16	0	1	0	881
6320	18	5	839	1	0	863
6321	8	5	13	830	0	856
6322	6	3	4	846	0	859
6323	8	1	826	14	0	849
6324	797	2	15	6	0	820
6325	828	2	2	4	0	836
6326	832	5	1	3	0	841
6327	18	818	4	2	0	842
6328	857	12	1	6	0	876
6329	15	7	3	845	0	870
6330	9	902	3	11	0	925
6331	914	15	2	7	0	938
6332	938	6	1	2	0	947
6333	975	3	1	4	0	983
6334	32	6	2	952	0	992
6335	14	3	0	968	0	985
6336	7	942	0	25	0	974
6337	8	18	951	9	0	986
6338	8	4	19	953	0	984
6339	6	0	7	962	0	975
6340	8	4	2	988	0	1002
6341	2	4	972	28	0	1006
6342	951	4	19	13	0	987
6343	25	1	6	980	0	1012
6344	7	4	988	28	0	1027
6345	5	2	24	1010	0	1041
6346	1011	1	6	28	0	1046
6347	21	993	8	11	0	1033
6348	10	22	5	1012	0	1049
6349	3	7	1013	29	0	1052
6350	995	3	24	11	0	1033
6351	1019	4	10	8	0	1041
6352	31	0	1012	6	0	1049
6353	9	5	23	966	0	1003
6354	8	991	8	22	0	1029
6355	1007	24	5	8	0	1044
6356	26	4	990	4	0	1024
6357	972	4	18	10	0	1004
6358	26	5	946	2	0	979
6359	11	1	893	4	0	909
6360	874	3	25	2	0	904
6361	28	884	7	3	0	922
6362	10	20	872	1	0	903
6363	6	850	24	3	0	883
6364	10	22	805	2	0	839
6365	2	807	24	0	0	833
6366	734	19	8	4	0	765
6367	16	7	720	3	0	746
6368	4	6	713	1	0	724
6369	7	3	710	1	0	721
6370	703	0	23	1	0	727
6371	709	2	6	1	0	718
6372	23	1	5	688	0	717
6373	7	1	715	12	0	735
6374	5	1	725	5	0	736
6375	713	4	20	2	0	739
6376	17	0	8	717	0	742
6377	724	1	6	15	0	746
6378	729	0	4	9	0	742
6379	18	1	5	679	0	703
6380	8	686	3	14	0	711
6381	13	13	1	692	0	719
6382	4	4	4	708	0	720
6383	4	2	696	19	0	721
6384	5	682	16	6	0	709
6385	4	699	3	7	0	713
6386	3	19	3	666	0	691
6387	3	7	676	16	0	702
6388	2	678	16	8	0	704
6389	4	16	685	2	0	707
6390	666	7	17	5	0	695
6391	691	5	5	3	0	704
6392	18	2	677	4	0	701
6393	676	1	22	3	0	702
6394	24	4	5	680	0	713
6395	9	713	8	14	0	744
6396	11	13	3	720	0	747
6397	716	4	5	16	0	741
6398	723	4	4	8	0	739
6399	730	4	2	4	0	740
6400	700	3	2	4	0	709
6401	24	684	2	0	0	710
6402	9	669	2	5	0	685
6403	666	14	3	1	0	684
6404	21	5	671	2	0	699
6405	7	11	12	665	0	695
6406	4	703	6	13	0	726
6407	2	13	5	703	0	723
6408	2	720	2	18	0	742
6409	8	13	1	725	0	747
6410	2	4	715	17	0	738
6411	709	3	14	7	0	733
6412	720	4	7	5	0	736
6413	18	0	707	3	0	728
6414	712	2	15	2	0	731
6415	726	2	4	3	0	735
6416	21	2	708	0	0	731
6417	10	3	12	703	0	728
6418	707	2	7	14	0	730
6419	15	3	706	5	0	729
6420	9	0	14	698	0	721
6421	6	1	737	14	0	758
6422	2	1	741	5	0	749
6423	733	4	18	4	0	759
6424	759	1	4	2	0	766
6425	753	0	6	1	0	760
6426	787	0	2	2	0	791
6427	18	2	5	761	0	786
6428	6	729	6	12	0	753
6429	9	748	1	2	0	760
6430	3	13	0	689	0	705
6431	700	2	1	11	0	714
6432	14	675	1	2	0	692
6433	1	674	1	2	0	678
6434	672	8	0	0	0	680
6435	5	3	0	671	0	679
6436	677	1	0	9	0	687
6437	7	664	1	1	0	673
6438	679	8	0	1	0	688
6439	6	3	721	0	0	730
6440	816	2	7	1	0	826
6441	823	0	2	1	0	826
6442	837	2	3	0	0	842
6443	15	1	739	0	0	755
6444	821	2	4	1	0	828
6445	12	799	2	4	0	817
6446	3	9	821	0	0	833
6447	7	8	8	780	0	803
6448	4	1	4	767	0	776
6449	0	783	1	10	0	794
6450	2	8	0	793	0	803
6451	2	5	1	798	0	806
6452	1	0	784	12	0	797
6453	749	0	8	9	0	766
6454	11	0	783	1	0	795
6455	5	1	8	777	0	791
6456	1	0	794	9	0	804
6457	3	0	8	791	0	802
6458	791	0	6	8	0	805
6459	808	0	1	4	0	813
6460	12	0	1	806	0	819
6461	5	1	822	9	0	837
6462	2	0	9	824	0	835
6463	0	0	817	12	0	829
6464	808	1	10	3	0	822
6465	821	1	5	2	0	829
6466	805	1	1	2	0	809
6467	822	0	1	1	0	824
6468	12	790	1	5	0	808
6469	8	8	1	805	0	822
6470	803	2	0	10	0	815
6471	11	795	0	5	0	811
6472	3	811	1	1	0	816
6473	2	12	772	1	0	787
6474	771	4	7	1	0	783
6475	777	0	6	1	0	784
6476	14	1	763	0	0	778
6477	9	0	5	760	0	774
6478	3	1	4	776	0	784
6479	3	0	773	13	0	789
6480	3	2	9	767	0	781
6481	764	1	5	10	0	780
6482	10	2	748	6	0	766
6483	6	2	762	2	0	772
6484	764	2	11	2	0	779
6485	11	1	772	1	0	785
6486	775	0	10	1	0	786
6487	12	760	5	1	0	778
6488	769	11	2	2	0	784
6489	10	4	3	762	0	779
6490	4	0	1	775	0	780
6491	763	0	2	14	0	779
6492	10	3	2	768	0	783
6493	763	0	0	14	0	777
6494	8	765	3	6	0	782
6495	10	7	3	731	0	751
6496	8	4	1	746	0	759
6497	742	0	4	12	0	758
6498	743	1	0	7	0	751
6499	741	1	3	0	0	745
6500	13	715	0	3	0	731
6501	9	722	1	1	0	733
6502	722	11	1	4	0	738
6503	12	5	713	6	0	736
6504	8	696	10	1	0	715
6505	635	8	8	5	0	656
6506	600	3	4	1	0	608
6507	599	0	4	2	0	605
6508	15	2	0	582	0	599
6509	590	0	3	7	0	600
6510	588	0	1	6	0	595
6511	12	2	2	575	0	591
6512	574	4	1	9	0	588
6513	8	3	564	5	0	580
6514	7	2	6	574	0	589
6515	2	1	5	579	0	587
6516	0	2	5	588	0	595
6517	584	1	1	13	0	599
6518	582	0	3	6	0	591
6519	594	0	4	1	0	599
6520	585	1	1	4	0	591
6521	561	0	0	3	0	564
6522	15	0	2	538	0	555
6523	6	1	1	543	0	551
6524	531	0	1	14	0	546
6525	8	520	4	6	0	538
6526	510	6	2	1	0	519
6527	9	6	493	3	0	511
6528	518	0	8	3	0	529
6529	544	0	3	4	0	551
6530	16	1	583	1	0	601
6531	606	0	11	1	0	618
6532	15	1	611	3	0	630
6533	15	0	627	2	0	644
6534	7	2	20	620	0	649
6535	7	4	13	643	0	667
6536	2	1	632	24	0	659
6537	2	3	642	10	0	657
6538	4	615	21	4	0	644
6539	3	580	10	2	0	595
6540	476	15	8	0	0	499
6541	8	525	1	0	0	534
6542	514	10	0	0	0	524
6543	10	498	3	2	0	513
6544	494	9	0	1	0	504
6545	10	9	466	0	0	485
6546	484	2	9	0	0	495
6547	10	1	7	466	0	484
6548	9	481	2	10	0	502
6549	5	6	3	486	0	500
6550	476	8	2	9	0	495
6551	482	4	0	10	0	496
6552	16	3	0	478	0	497
6553	12	0	475	8	0	495
6554	3	3	464	9	0	479
6555	3	473	15	4	0	495
6556	2	9	8	474	0	493
6557	3	8	477	6	0	494
6558	2	455	10	8	0	475
6559	5	9	9	463	0	486
6560	1	9	1	477	0	488
6561	444	4	1	14	0	463
6562	8	1	0	452	0	461
6563	10	0	437	11	0	458
6564	5	2	7	440	0	454
6565	437	0	8	12	0	457
6566	8	0	429	10	0	447
6567	440	0	12	2	0	454
6568	8	444	8	2	0	462
6569	450	8	1	2	0	461
6570	453	7	1	1	0	462
6571	15	4	1	434	0	454
6572	11	1	0	439	0	451
6573	3	423	1	19	0	446
6574	4	8	0	441	0	453
6575	432	6	2	12	0	452
6576	9	2	425	10	0	446
6577	10	1	7	430	0	448
6578	4	418	8	9	0	439
6579	4	7	5	442	0	458
6580	5	8	2	442	0	457
6581	430	5	1	17	0	453
6582	10	430	1	12	0	453
6583	10	7	1	429	0	447
6584	423	7	1	11	0	442
6585	8	5	1	431	0	445
6586	9	3	1	425	0	438
6587	427	1	2	16	0	446
6588	430	2	0	9	0	441
6589	16	0	424	5	0	445
6590	419	2	8	4	0	433
6591	436	1	6	2	0	445
6592	438	2	2	2	0	444
6593	18	404	3	2	0	427
6594	10	405	2	3	0	420
6595	7	13	0	406	0	426
6596	405	6	6	9	0	426
6597	412	5	1	7	0	425
6598	15	2	0	406	0	423
6599	11	0	414	11	0	436
6600	419	0	7	8	0	434
6601	433	0	7	4	0	444
6602	15	1	4	426	0	446
6603	11	2	3	431	0	447
6604	439	1	0	17	0	457
6605	11	1	1	437	0	450
6606	8	432	2	11	0	453
6607	3	11	0	454	0	468
6608	450	8	0	13	0	471
6609	10	3	451	10	0	474
6610	452	1	7	4	0	464
6611	11	0	450	2	0	463
6612	10	2	11	448	0	471
6613	461	0	8	9	0	478
6614	13	0	2	465	0	480
6615	9	1	2	470	0	482
6616	446	0	0	20	0	466
6617	12	1	452	10	0	475
6618	10	0	471	4	0	485
6619	3	2	14	477	0	496
6620	2	1	8	492	0	503
6621	2	0	4	510	0	516
6622	3	2	491	17	0	513
6623	478	0	7	11	0	496
6624	508	1	6	4	0	519
6625	517	0	4	3	0	524
6626	519	0	1	1	0	521
6627	19	488	1	2	0	510
6628	9	496	0	4	0	509
6629	3	488	0	2	0	493
6630	4	11	0	397	0	412
6631	0	0	2	424	0	426
6632	1	0	404	3	0	408
6633	0	372	3	1	0	376
6634	3	0	1	364	0	368
6635	362	0	0	2	0	364
6636	1	369	1	1	0	372
6637	2	1	0	362	0	365
6638	1	371	0	1	0	373
6639	389	1	0	0	0	390
6640	2	0	0	390	0	392
6641	0	1	371	1	0	373
6642	0	1	368	0	0	369
6643	0	3	1	376	0	380
6644	1	0	0	387	0	388
6645	0	0	0	390	0	390
6646	384	0	1	1	0	386
6647	1	0	378	0	0	379
6648	0	370	1	1	0	372
6649	0	1	1	371	0	373
6650	0	1	363	1	0	365
6651	0	370	1	1	0	372
6652	0	1	1	383	0	385
6653	0	0	385	2	0	387
6654	1	0	2	382	0	385
6655	0	0	2	382	0	384
6656	387	1	1	2	0	391
6657	381	0	0	4	0	385
6658	1	0	1	381	0	383
6659	380	1	0	4	0	385
6660	2	0	384	1	0	387
6661	1	1	3	381	0	386
6662	0	1	392	2	0	395
6663	0	0	1	413	0	414
6664	1	414	1	2	0	418
6665	1	409	0	0	0	410
6666	0	424	0	3	0	427
6667	2	4	1	443	0	450
6668	0	1	1	496	0	498
6669	0	1	490	5	0	496
6670	1	0	486	1	0	488
6671	1	1	508	2	0	512
6672	527	1	4	1	0	533
6673	4	1	1	540	0	546
6674	548	1	3	5	0	557
6675	6	550	0	3	0	559
6676	1	5	1	564	0	571
6677	565	1	1	8	0	575
6678	6	2	1	565	0	574
6679	558	1	2	6	0	567
6680	7	2	579	1	0	589
6681	1	581	3	4	0	589
6682	3	5	2	587	0	597
6683	589	3	2	5	0	599
6684	599	1	1	3	0	604
6685	8	0	2	599	0	609
6686	4	0	0	609	0	613
6687	595	0	1	10	0	606
6688	7	1	2	600	0	610
6689	2	2	599	7	0	610
6690	1	593	7	5	0	606
6691	7	5	0	601	0	613
6692	602	1	1	11	0	615
6693	612	2	2	4	0	620
6694	6	3	612	2	0	623
6695	3	589	6	6	0	604
6696	3	635	2	2	0	642
6697	2	9	2	634	0	647
6698	4	4	1	633	0	642
6699	1	3	2	632	0	638
6700	2	2	1	634	0	639
6701	3	620	1	11	0	635
6702	3	6	3	623	0	635
6703	4	2	3	633	0	642
6704	615	4	0	12	0	631
6705	619	0	0	8	0	627
6706	12	624	1	3	0	640
6707	633	6	0	7	0	646
6708	626	1	5	2	0	634
6709	631	5	0	2	0	638
6710	8	2	621	5	0	636
6711	6	0	8	629	0	643
6712	7	2	2	635	0	646
6713	2	1	635	11	0	649
6714	2	3	6	624	0	635
6715	6	4	4	588	0	602
6716	622	0	2	11	0	635
6717	9	0	614	7	0	630
6718	5	0	7	594	0	606
6719	591	0	1	12	0	604
6720	8	588	1	6	0	603
6721	580	8	3	4	0	595
6722	576	3	0	6	0	585
6723	10	569	1	3	0	583
6724	8	4	1	575	0	588
6725	574	2	1	8	0	585
6726	8	572	2	5	0	587
6727	5	5	2	570	0	582
6728	555	4	0	10	0	569
6729	550	1	3	5	0	559
6730	10	543	0	4	0	557
6731	543	6	1	6	0	556
6732	8	1	2	547	0	558
6733	542	2	0	11	0	555
6734	9	2	533	5	0	549
6735	4	2	6	532	0	544
6736	4	2	4	530	0	540
6737	520	3	1	10	0	534
6738	10	508	0	6	0	524
6739	502	7	1	3	0	513
6740	10	490	2	3	0	505
6741	3	8	482	1	0	494
6742	1	5	472	1	0	479
6743	1	9	7	467	0	484
6744	3	0	473	9	0	485
6745	3	2	4	476	0	485
6746	0	1	3	479	0	483
6747	3	1	1	483	0	488
6748	491	2	0	9	0	502
6749	490	3	0	4	0	497
6750	511	0	1	4	0	516
6751	11	499	0	4	0	514
6752	5	536	0	2	0	543
6753	2	9	595	0	0	606
6754	4	1	7	609	0	621
6755	2	3	607	10	0	622
6756	5	3	9	588	0	605
6757	1	2	6	603	0	612
6758	6	0	0	604	0	610
6759	2	3	587	13	0	605
6760	2	1	12	586	0	601
6761	584	1	6	15	0	606
6762	10	576	1	11	0	598
6763	4	7	4	560	0	575
6764	552	1	3	17	0	573
6765	559	0	1	10	0	570
6766	13	3	0	537	0	553
6767	6	5	0	509	0	520
6768	469	1	0	11	0	481
6769	8	0	0	465	0	473
6770	452	2	0	7	0	461
6771	7	0	0	443	0	450
6772	5	0	417	8	0	430
6773	1	406	5	6	0	418
6774	4	413	2	2	0	421
6775	3	5	6	409	0	423
6776	5	1	3	410	0	419
6777	404	2	1	8	0	415
6778	5	1	2	406	0	414
6779	1	3	0	410	0	414
6780	0	2	0	389	0	391
6781	2	376	1	7	0	386
6782	1	3	0	389	0	393
6783	2	0	0	385	0	387
6784	2	0	0	385	0	387
6785	366	1	0	8	0	375
6786	4	372	0	4	0	380
6787	1	5	0	374	0	380
6788	0	1	0	377	0	378
6789	2	0	1	375	0	378
6790	368	2	0	8	0	378
6791	8	1	1	368	0	378
6792	1	1	0	372	0	374
6793	0	0	359	10	0	369
6794	2	350	3	3	0	358
6795	2	3	1	353	0	359
6796	335	1	0	5	0	341
6797	3	346	2	4	0	355
6798	348	4	1	2	0	355
6799	347	1	2	1	0	351
6800	4	1	1	341	0	347
6801	2	2	0	352	0	356
6802	4	1	350	4	0	359
6803	3	2	3	351	0	359
6804	2	0	353	6	0	361
6805	2	0	3	362	0	367
6806	336	0	4	6	0	346
6807	2	343	2	6	0	353
6808	2	5	4	362	0	373
6809	0	1	0	369	0	370
6810	2	0	1	366	0	369
6811	2	1	0	366	0	369
6812	357	1	0	6	0	364
6813	3	348	1	7	0	359
6814	1	3	0	363	0	367
6815	359	1	0	8	0	368
6816	5	1	353	5	0	364
6817	352	1	3	3	0	359
6818	356	1	1	3	0	361
6819	7	2	360	4	0	373
6820	2	1	5	371	0	379
6821	373	0	2	3	0	378
6822	6	375	2	2	0	385
6823	387	3	2	3	0	395
6824	383	1	1	2	0	387
6825	383	0	2	3	0	388
6826	5	2	1	379	0	387
6827	5	1	0	404	0	410
6828	3	429	0	4	0	436
6829	6	4	0	433	0	443
6830	435	1	0	10	0	446
6831	8	0	429	5	0	442
6832	426	1	5	4	0	436
6833	445	1	1	3	0	450
6834	9	1	0	443	0	453
6835	4	1	2	451	0	458
6836	455	0	1	7	0	463
6837	455	0	2	2	0	459
6838	435	0	1	4	0	440
6839	8	0	442	4	0	454
6840	3	448	4	3	0	458
6841	445	5	1	3	0	454
6842	10	1	0	440	0	451
6843	4	444	3	6	0	457
6844	3	7	1	433	0	444
6845	435	2	2	5	0	444
6846	6	2	0	434	0	442
6847	5	2	427	7	0	441
6848	2	419	5	5	0	431
6849	3	426	2	1	0	432
6850	2	5	407	5	0	419
6851	385	4	7	3	0	399
6852	4	364	3	3	0	374
6853	3	4	3	292	0	302
6854	291	0	0	2	0	293
6855	2	293	1	0	0	296
6856	2	1	0	292	0	295
6857	298	0	0	3	0	301
6858	4	0	0	294	0	298
6859	297	0	0	4	0	301
6860	3	0	299	1	0	303
6861	1	301	1	0	0	303
6862	313	2	0	1	0	316
6863	313	0	1	0	0	314
6864	314	1	1	1	0	317
6865	4	0	305	0	0	309
6866	306	0	3	1	0	310
6867	311	1	0	1	0	313
6868	2	0	0	315	0	317
6869	312	0	0	3	0	315
6870	2	307	0	1	0	310
6871	3	2	1	311	0	317
6872	0	0	314	2	0	316
6873	0	2	2	311	0	315
6874	1	0	1	311	0	313
6875	314	1	0	3	0	318
6876	312	1	0	1	0	314
6877	3	0	310	2	0	315
6878	310	0	3	0	0	313
6879	3	1	310	1	0	315
6880	1	0	3	309	0	313
6881	1	1	309	4	0	315
6882	1	1	2	313	0	317
6883	2	311	0	2	0	315
6884	2	2	320	0	0	324
6885	1	2	320	0	0	323
6886	1	0	3	295	0	299
6887	323	1	0	3	0	327
6888	323	1	0	0	0	324
6889	326	0	1	1	0	328
6890	3	1	0	319	0	323
6891	2	0	0	321	0	323
6892	2	0	0	322	0	324
6893	2	0	0	321	0	323
6894	0	2	320	2	0	324
6895	1	1	1	319	0	322
6896	0	318	1	2	0	321
6897	1	2	1	311	0	315
6898	313	0	0	3	0	316
6899	6	1	311	0	0	318
6900	313	0	4	1	0	318
6901	5	0	335	1	0	341
6902	2	2	333	0	0	337
6903	0	335	5	1	0	341
6904	3	4	0	304	0	311
6905	0	0	2	332	0	334
6906	2	301	2	6	0	311
6907	354	5	1	1	0	361
6908	7	1	1	375	0	384
6909	2	1	1	412	0	416
6910	2	0	1	425	0	428
6911	484	0	0	6	0	490
6912	503	1	2	2	0	508
6913	9	0	0	499	0	508
6914	4	0	0	501	0	505
6915	499	0	0	11	0	510
6916	8	0	0	500	0	508
6917	3	1	0	506	0	510
6918	6	0	1	508	0	515
6919	4	0	487	9	0	500
6920	474	0	7	6	0	487
6921	483	0	0	6	0	489
6922	12	0	471	0	0	483
6923	5	0	6	452	0	463
6924	2	467	1	10	0	480
6925	464	7	2	4	0	477
6926	6	459	7	2	0	474
6927	4	448	1	1	0	454
6928	6	7	0	418	0	431
6929	414	3	2	5	0	424
6930	426	1	0	5	0	432
6931	7	3	0	424	0	434
6932	5	0	0	422	0	427
6933	3	2	0	419	0	424
6934	2	3	0	415	0	420
6935	0	0	0	412	0	412
6936	3	396	0	12	0	411
6937	5	5	0	406	0	416
6938	401	1	0	11	0	413
6939	410	2	0	6	0	418
6940	408	0	0	7	0	415
6941	10	403	1	3	0	417
6942	8	5	0	396	0	409
6943	3	4	404	8	0	419
6944	399	3	6	8	0	416
6945	11	0	1	400	0	412
6946	402	1	2	7	0	412
6947	397	1	0	2	0	400
6948	395	4	0	6	0	405
6949	8	1	2	387	0	398
6950	387	0	4	6	0	397
6951	14	0	0	384	0	398
6952	3	1	1	392	0	397
6953	389	0	1	10	0	400
6954	10	1	1	389	0	401
6955	386	1	0	9	0	396
6956	395	2	0	7	0	404
6957	12	3	0	386	0	401
6958	5	1	0	393	0	399
6959	5	0	0	396	0	401
6960	6	0	380	10	0	396
6961	3	0	382	8	0	393
6962	5	0	6	374	0	385
6963	5	1	2	376	0	384
6964	1	0	3	378	0	382
6965	0	0	1	382	0	383
6966	3	3	0	376	0	382
6967	362	1	3	12	0	378
6968	8	358	3	6	0	375
6969	5	6	0	364	0	375
6970	367	1	4	10	0	382
6971	8	4	1	366	0	379
6972	6	1	2	366	0	375
6973	361	1	3	13	0	378
6974	368	0	1	7	0	376
6975	8	4	358	7	0	377
6976	6	1	5	364	0	376
6977	9	1	354	7	0	371
6978	6	2	6	364	0	378
6979	2	1	0	367	0	370
6980	8	0	2	364	0	374
6981	8	0	358	10	0	376
6982	2	350	9	9	0	370
6983	2	363	1	9	0	375
6984	4	5	4	359	0	372
6985	359	2	1	10	0	372
6986	8	2	354	6	0	370
6987	2	1	363	11	0	377
6988	4	0	10	365	0	379
6989	4	3	3	360	0	370
6990	3	372	4	7	0	386
6991	3	4	3	371	0	381
6992	6	2	1	384	0	393
6993	0	2	3	388	0	393
6994	372	1	3	12	0	388
6995	382	0	0	9	0	391
6996	7	1	0	394	0	402
6997	7	380	1	6	0	394
6998	6	3	0	379	0	388
6999	376	2	1	11	0	390
7000	6	380	0	8	0	394
7001	7	3	0	353	0	363
7002	5	358	1	6	0	370
7003	354	4	1	6	0	365
7004	342	3	1	2	0	348
7005	5	352	2	4	0	363
7006	6	345	1	4	0	356
7007	3	6	327	2	0	338
7008	0	297	2	5	0	304
7009	4	12	3	254	0	273
7010	3	3	254	4	0	264
7011	0	185	2	3	0	190
7012	2	0	1	174	0	177
7013	0	1	0	173	0	174
7014	0	1	0	174	0	175
7015	170	0	0	2	0	172
7016	1	0	165	1	0	167
7017	1	0	162	0	0	163
7018	0	0	1	167	0	168
7019	0	0	171	0	0	171
7020	0	0	0	168	0	168
7021	0	0	1	165	0	166
7022	0	0	0	168	0	168
7023	0	0	0	167	0	167
7024	164	0	0	1	0	165
7025	164	0	0	1	0	165
7026	1	0	0	166	0	167
7027	1	0	169	0	0	170
7028	0	0	0	169	0	169
7029	0	169	1	0	0	170
7030	0	0	0	166	0	166
7031	162	0	0	0	0	162
7032	165	0	0	1	0	166
7033	2	0	0	165	0	167
7034	1	0	0	164	0	165
7035	0	0	0	167	0	167
7036	164	0	0	1	0	165
7037	0	0	164	1	0	165
7038	1	0	161	0	0	162
7039	0	157	1	0	0	158
7040	155	0	1	0	0	156
7041	0	1	0	161	0	162
7042	1	1	161	0	0	163
7043	0	159	0	1	0	160
7044	0	164	1	0	0	165
7045	0	1	0	162	0	163
7046	0	1	0	163	0	164
7047	0	162	0	1	0	163
7048	0	0	0	166	0	166
7049	0	1	0	164	0	165
7050	164	0	0	1	0	165
7051	0	164	0	1	0	165
7052	1	0	0	166	0	167
7053	0	1	163	0	0	164
7054	0	0	0	165	0	165
7055	160	0	1	0	0	161
7056	0	160	0	1	0	161
7057	1	0	0	161	0	162
7058	0	1	161	0	0	162
7059	0	0	172	1	0	173
7060	0	0	1	176	0	177
7061	0	0	1	183	0	184
7062	182	0	0	1	0	183
7063	0	186	0	1	0	187
7064	187	0	1	0	0	188
7065	0	1	192	0	0	193
7066	190	1	0	0	0	191
7067	1	0	196	0	0	197
7068	194	0	1	0	0	195
7069	191	0	2	1	0	194
7070	2	0	188	0	0	190
7071	3	0	190	0	0	193
7072	1	187	2	0	0	190
7073	0	0	3	194	0	197
7074	194	2	1	0	0	197
7075	0	1	0	200	0	201
7076	2	0	0	198	0	200
7077	2	0	0	199	0	201
7078	0	0	199	2	0	201
7079	187	0	0	3	0	190
7080	201	0	2	1	0	204
7081	2	203	1	0	0	206
7082	3	0	0	207	0	210
7083	1	217	0	0	0	218
7084	0	1	0	220	0	221
7085	219	1	0	1	0	221
7086	0	221	0	2	0	223
7087	2	0	0	213	0	215
7088	206	1	0	1	0	208
7089	210	1	0	2	0	213
7090	2	0	0	206	0	208
7091	3	0	208	0	0	211
7092	2	1	0	206	0	209
7093	1	210	2	1	0	214
7094	208	1	1	1	0	211
7095	0	205	1	2	0	208
7096	1	2	0	200	0	203
7097	199	1	0	2	0	202
7098	2	1	0	204	0	207
7099	2	1	0	205	0	208
7100	1	0	197	4	0	202
7101	1	197	1	3	0	202
7102	183	1	2	1	0	187
7103	171	2	2	2	0	177
7104	3	182	1	0	0	186
7105	1	182	0	1	0	184
7106	0	2	2	173	0	177
7107	172	2	0	1	0	175
7108	1	172	0	1	0	174
7109	1	1	0	174	0	176
7110	2	1	169	1	0	173
7111	0	0	1	171	0	172
7112	168	0	1	3	0	172
7113	1	176	1	1	0	179
7114	0	2	0	183	0	185
7115	2	1	180	1	0	184
7116	0	1	185	1	0	187
7117	1	1	2	190	0	194
7118	0	0	2	192	0	194
7119	0	187	0	4	0	191
7120	1	1	0	192	0	194
7121	192	2	0	1	0	195
7122	1	1	0	199	0	201
7123	195	0	1	4	0	200
7124	3	197	0	2	0	202
7125	2	198	0	1	0	201
7126	1	3	0	202	0	206
7127	0	2	1	201	0	204
7128	0	1	201	4	0	206
7129	0	0	3	198	0	201
7130	196	0	1	4	0	201
7131	2	1	198	1	0	202
7132	2	1	2	198	0	203
7133	2	0	206	2	0	210
7134	2	1	3	207	0	213
7135	0	1	2	206	0	209
7136	2	0	1	211	0	214
7137	1	0	210	5	0	216
7138	0	0	4	204	0	208
7139	0	207	2	4	0	213
7140	1	3	1	212	0	217
7141	0	0	1	212	0	213
7142	205	1	0	7	0	213
7143	3	2	203	3	0	211
7144	2	0	3	208	0	213
7145	2	1	208	6	0	217
7146	0	1	199	4	0	204
7147	2	0	5	216	0	223
7148	2	0	3	214	0	219
7149	1	2	1	222	0	226
7150	217	0	2	7	0	226
7151	2	2	213	5	0	222
7152	224	1	2	2	0	229
7153	5	1	3	227	0	236
7154	2	2	0	231	0	235
7155	2	242	2	5	0	251
7156	1	3	2	248	0	254
7157	3	0	0	254	0	257
7158	0	2	1	253	0	256
7159	225	0	1	9	0	235
7160	5	0	219	3	0	227
7161	209	1	3	4	0	217
7162	8	217	1	1	0	227
7163	222	4	0	1	0	227
7164	3	217	1	3	0	224
7165	2	219	1	0	0	222
7166	0	3	4	218	0	225
7167	219	0	0	7	0	226
7168	3	1	0	221	0	225
7169	2	218	0	5	0	225
7170	0	242	3	2	0	247
7171	3	2	0	238	0	243
7172	2	3	0	238	0	243
7173	3	239	1	3	0	246
7174	1	6	0	252	0	259
7175	0	3	0	257	0	260
7176	1	1	1	261	0	264
7177	255	0	0	7	0	262
7178	4	1	254	4	0	263
7179	249	3	4	3	0	259
7180	260	2	0	1	0	263
7181	253	0	0	2	0	255
7182	5	244	0	4	0	253
7183	1	5	3	235	0	244
7184	235	1	0	9	0	245
7185	5	1	0	243	0	249
7186	241	0	0	8	0	249
7187	7	258	0	0	0	265
7188	267	4	1	3	0	275
7189	280	1	0	1	0	282
7190	279	1	0	2	0	282
7191	9	0	0	272	0	281
7192	2	2	1	278	0	283
7193	276	0	0	6	0	282
7194	7	267	0	1	0	275
7195	1	278	0	3	0	282
7196	287	4	0	0	0	291
7197	3	3	0	287	0	293
7198	3	1	0	290	0	294
7199	3	0	0	294	0	297
7200	3	284	0	4	0	291
7201	284	3	0	5	0	292
7202	5	0	0	290	0	295
7203	3	299	0	3	0	305
7204	2	4	0	313	0	319
7205	0	3	0	323	0	326
7206	2	1	0	324	0	327
7207	1	0	0	326	0	327
7208	325	1	0	5	0	331
7209	322	1	0	3	0	326
7210	321	2	0	3	0	326
7211	6	0	0	324	0	330
7212	0	0	320	6	0	326
7213	1	3	306	0	0	310
7214	1	1	311	3	0	316
7215	319	0	2	3	0	324
7216	3	1	1	320	0	325
7217	0	1	0	321	0	322
7218	3	0	0	321	0	324
7219	317	0	0	6	0	323
7220	315	0	0	3	0	318
7221	4	333	0	3	0	340
7222	4	2	1	331	0	338
7223	3	0	337	2	0	342
7224	1	338	3	1	0	343
7225	1	2	2	341	0	346
7226	0	0	4	343	0	347
7227	0	1	2	339	0	342
7228	1	0	1	335	0	337
7229	2	0	329	4	0	335
7230	1	0	312	3	0	316
7231	0	333	2	3	0	338
7232	1	2	1	337	0	341
7233	2	0	0	332	0	334
7234	330	2	0	2	0	334
7235	2	1	332	2	0	337
7236	0	0	2	330	0	332
7237	1	1	1	335	0	338
7238	0	1	337	3	0	341
7239	0	337	2	3	0	342
7240	339	2	2	4	0	347
7241	2	1	339	1	0	343
7242	331	1	3	1	0	336
7243	3	0	356	1	0	360
7244	0	1	3	370	0	374
7245	1	1	371	3	0	376
7246	1	0	389	2	0	392
7247	1	0	2	396	0	399
7248	2	0	1	339	0	342
7249	0	0	1	407	0	408
7250	1	0	0	405	0	406
7251	0	0	1	406	0	407
7252	0	1	412	3	0	416
7253	1	1	387	1	0	390
7254	0	406	2	1	0	409
7255	397	2	2	2	0	403
7256	3	0	1	400	0	404
7257	397	1	1	6	0	405
7258	3	0	1	403	0	407
7259	407	0	2	2	0	411
7260	3	0	1	409	0	413
7261	0	0	0	412	0	412
7262	1	430	0	6	0	437
7263	0	2	0	447	0	449
7264	1	0	0	446	0	447
7265	0	0	1	449	0	450
7266	1	0	2	448	0	451
7267	0	437	0	2	0	439
7268	435	2	0	0	0	437
7269	2	433	0	1	0	436
7270	1	2	0	416	0	419
7271	414	0	0	3	0	417
7272	2	0	404	0	0	406
7273	0	0	408	1	0	409
7274	0	0	0	402	0	402
7275	1	1	0	406	0	408
7276	0	0	0	400	0	400
7277	0	0	0	387	0	387
7278	1	0	0	400	0	401
7279	0	393	0	4	0	397
7280	0	4	0	396	0	400
7281	397	0	0	3	0	400
7282	1	1	0	403	0	405
7283	0	0	419	2	0	421
7284	1	0	4	414	0	419
7285	410	0	1	5	0	416
7286	4	431	1	0	0	436
7287	1	4	0	471	0	476
7288	0	0	0	498	0	498
7289	0	0	488	5	0	493
7290	0	0	640	1	0	641
7291	737	0	10	3	0	750
7292	14	1	3	734	0	752
7293	5	0	3	765	0	773
7294	8	0	777	16	0	801
7295	5	0	779	11	0	795
7296	2	776	21	12	0	811
7297	1	15	10	785	0	811
7298	3	4	785	18	0	810
7299	0	789	22	5	0	816
7300	789	19	12	5	0	825
7301	813	8	6	5	0	832
7302	20	9	3	800	0	832
7303	11	794	4	16	0	825
7304	787	19	2	4	0	812
7305	25	7	0	757	0	789
7306	11	6	766	18	0	801
7307	9	778	16	9	0	812
7308	780	19	5	9	0	813
7309	806	7	8	7	0	828
7310	22	7	3	794	0	826
7311	9	4	6	808	0	827
7312	11	4	799	19	0	833
7313	9	6	15	801	0	831
7314	12	0	4	793	0	809
7315	5	0	8	814	0	827
7316	1	2	5	824	0	832
7317	3	1	5	800	0	809
7318	3	787	5	31	0	826
7319	786	15	0	25	0	826
7320	16	5	781	14	0	816
7321	5	769	16	12	0	802
7322	8	20	5	777	0	810
7323	772	5	8	20	0	805
7324	19	10	5	770	0	804
7325	10	5	6	781	0	802
7326	8	2	8	791	0	809
7327	8	4	1	801	0	814
7328	5	0	769	38	0	812
7329	4	764	19	20	0	807
7330	768	16	6	21	0	811
7331	17	6	770	15	0	808
7332	6	10	19	776	0	811
7333	771	4	9	27	0	811
7334	22	772	13	7	0	814
7335	778	25	6	8	0	817
7336	30	4	5	744	0	783
7337	13	7	6	795	0	821
7338	13	9	0	794	0	816
7339	12	6	2	791	0	811
7340	769	4	1	35	0	809
7341	21	2	2	788	0	813
7342	10	1	2	799	0	812
7343	753	4	2	38	0	797
7344	24	2	737	22	0	785
7345	12	0	17	750	0	779
7346	716	3	3	33	0	755
7347	732	0	9	18	0	759
7348	24	2	10	708	0	744
7349	18	2	6	715	0	741
7350	17	690	3	30	0	740
7351	13	19	2	704	0	738
7352	11	6	0	707	0	724
7353	4	5	673	33	0	715
7354	3	4	672	21	0	700
7355	4	670	18	21	0	713
7356	7	19	15	670	0	711
7357	7	8	11	698	0	724
7358	676	6	8	32	0	722
7359	19	2	12	678	0	711
7360	9	8	656	32	0	705
7361	11	3	20	671	0	705
7362	4	5	634	37	0	680
7363	9	2	645	20	0	676
7364	8	2	27	640	0	677
7365	2	8	15	654	0	679
7366	638	2	12	27	0	679
7367	647	3	12	20	0	682
7368	24	2	7	647	0	680
7369	644	5	4	30	0	683
7370	665	4	4	16	0	689
7371	34	1	3	664	0	702
7372	21	1	4	684	0	710
7373	666	4	1	35	0	706
7374	685	1	1	23	0	710
7375	35	1	1	675	0	712
7376	16	656	5	33	0	710
7377	12	18	4	678	0	712
7378	12	6	3	696	0	717
7379	10	6	666	33	0	715
7380	6	3	21	687	0	717
7381	650	6	5	41	0	702
7382	22	658	7	22	0	709
7383	647	14	4	24	0	689
7384	649	7	3	18	0	677
7385	659	7	6	14	0	686
7386	35	7	5	616	0	663
7387	21	5	553	19	0	598
7388	18	3	529	11	0	561
7389	16	521	18	9	0	564
7390	10	365	5	6	0	386
7391	2	265	3	6	0	276
7392	2	261	1	6	0	270
7393	3	3	251	1	0	258
7394	213	1	7	2	0	223
7395	3	0	0	215	0	218
7396	2	0	0	217	0	219
7397	0	0	0	217	0	217
7398	0	214	0	4	0	218
7399	202	1	0	0	0	203
7400	4	0	202	0	0	206
7401	0	196	2	2	0	200
7402	0	3	0	197	0	200
7403	197	0	0	3	0	200
7404	2	0	0	197	0	199
7405	0	0	191	3	0	194
7406	1	0	190	1	0	192
7407	2	0	2	197	0	201
7408	0	1	0	199	0	200
7409	193	1	0	2	0	196
7410	3	0	192	1	0	196
7411	192	0	1	1	0	194
7412	188	0	1	1	0	190
7413	2	0	1	189	0	192
7414	1	0	192	2	0	195
7415	0	2	2	191	0	195
7416	197	0	0	2	0	199
7417	3	195	0	0	0	198
7418	197	2	0	1	0	200
7419	2	0	1	203	0	206
7420	0	219	1	2	0	222
7421	0	2	1	226	0	229
7422	1	1	0	229	0	231
7423	0	234	0	2	0	236
7424	0	4	0	236	0	240
7425	1	1	0	234	0	236
7426	0	0	2	242	0	244
7427	1	1	243	2	0	247
7428	0	246	2	3	0	251
7429	253	2	0	3	0	258
7430	2	0	0	263	0	265
7431	0	280	1	2	0	283
7432	296	3	0	0	0	299
7433	4	0	1	299	0	304
7434	0	2	0	302	0	304
7435	1	1	0	301	0	303
7436	2	0	0	290	0	292
7437	291	0	0	6	0	297
7438	3	0	1	291	0	295
7439	1	0	1	293	0	295
7440	294	0	0	5	0	299
7441	5	0	0	294	0	299
7442	1	0	293	5	0	299
7443	1	0	3	290	0	294
7444	285	0	0	4	0	289
7445	5	0	1	283	0	289
7446	0	0	284	5	0	289
7447	1	0	278	1	0	280
7448	287	0	9	2	0	298
7449	298	0	1	1	0	300
7450	295	1	2	0	0	298
7451	298	0	1	1	0	300
7452	5	0	297	0	0	302
7453	2	1	3	290	0	296
7454	2	0	0	301	0	303
7455	300	0	1	3	0	304
7456	3	0	1	303	0	307
7457	0	0	300	6	0	306
7458	1	0	3	304	0	308
7459	1	0	304	5	0	310
7460	0	308	5	1	0	314
7461	316	4	1	0	0	321
7462	5	0	1	320	0	326
7463	0	1	314	6	0	321
7464	1	1	3	312	0	317
7465	2	1	1	337	0	341
7466	0	0	335	6	0	341
7467	2	0	5	330	0	337
7468	330	0	0	8	0	338
7469	5	1	313	1	0	320
7470	317	1	5	2	0	325
7471	6	312	1	1	0	320
7472	1	2	306	3	0	312
7473	1	1	309	1	0	312
7474	3	4	7	275	0	289
7475	1	1	1	295	0	298
7476	1	0	297	3	0	301
7477	1	0	3	298	0	302
7478	298	0	1	5	0	304
7479	295	1	2	1	0	299
7480	3	0	1	298	0	302
7481	1	0	0	300	0	301
7482	4	293	1	2	0	300
7483	304	2	0	4	0	310
7484	2	3	2	304	0	311
7485	0	307	1	5	0	313
7486	310	2	1	2	0	315
7487	317	1	0	2	0	320
7488	3	323	2	1	0	329
7489	2	4	1	324	0	331
7490	2	1	1	319	0	323
7491	2	1	314	3	0	320
7492	1	0	3	312	0	316
7493	313	0	1	5	0	319
7494	3	0	2	315	0	320
7495	1	0	306	5	0	312
7496	302	0	4	3	0	309
7497	7	0	0	302	0	309
7498	1	1	303	5	0	310
7499	1	0	5	305	0	311
7500	1	0	307	6	0	314
7501	2	1	4	310	0	317
7502	1	1	1	317	0	320
7503	311	0	2	6	0	319
7504	2	311	1	3	0	317
7505	323	2	1	1	0	327
7506	321	0	0	2	0	323
7507	318	2	0	2	0	322
7508	5	319	1	1	0	326
7509	3	4	319	2	0	328
7510	4	1	4	319	0	328
7511	321	0	1	5	0	327
7512	325	1	0	1	0	327
7513	4	1	2	319	0	326
7514	313	0	2	7	0	322
7515	6	0	315	0	0	321
7516	310	1	4	2	0	317
7517	5	0	308	2	0	315
7518	2	309	5	2	0	318
7519	298	4	3	3	0	308
7520	288	0	1	2	0	291
7521	4	282	1	2	0	289
7522	283	4	2	0	0	289
7523	277	1	1	2	0	281
7524	5	0	270	2	0	277
7525	260	1	4	0	0	265
7526	5	1	262	2	0	270
7527	1	3	6	245	0	255
7528	2	249	1	4	0	256
7529	3	2	238	0	0	243
7530	213	11	3	5	0	232
7531	208	0	4	2	0	214
7532	3	0	1	194	0	198
7533	2	1	187	5	0	195
7534	4	2	3	186	0	195
7535	186	1	0	6	0	193
7536	6	190	0	1	0	197
7537	188	3	2	1	0	194
7538	193	2	0	0	0	195
7539	4	185	0	1	0	190
7540	0	4	1	191	0	196
7541	189	2	1	4	0	196
7542	5	0	1	194	0	200
7543	3	1	0	200	0	204
7544	2	0	199	4	0	205
7545	1	0	4	201	0	206
7546	2	0	1	197	0	200
7547	195	0	1	4	0	200
7548	187	0	2	3	0	192
7549	4	0	1	186	0	191
7550	0	2	187	5	0	194
7551	1	0	184	1	0	186
7552	2	0	3	181	0	186
7553	2	1	192	5	0	200
7554	1	1	3	191	0	196
7555	1	0	1	188	0	190
7556	188	0	1	5	0	194
7557	5	0	188	2	0	195
7558	187	2	3	1	0	193
7559	189	1	1	1	0	192
7560	4	1	179	1	0	185
7561	1	2	179	1	0	183
7562	2	11	1	162	0	176
7563	2	169	0	3	0	174
7564	1	175	0	2	0	178
7565	1	1	1	155	0	158
7566	2	0	2	152	0	156
7567	1	0	1	158	0	160
7568	0	1	1	158	0	160
7569	156	0	0	2	0	158
7570	6	0	0	153	0	159
7571	1	1	152	3	0	157
7572	1	0	3	150	0	154
7573	2	150	0	1	0	153
7574	1	2	0	151	0	154
7575	149	0	2	2	0	153
7576	2	0	1	151	0	154
7577	0	0	147	5	0	152
7578	1	145	1	0	0	147
7579	0	2	2	145	0	149
7580	147	0	0	2	0	149
7581	145	0	0	0	0	145
7582	2	0	0	147	0	149
7583	0	0	136	2	0	138
7584	0	0	129	1	0	130
7585	133	1	2	0	0	136
7586	2	1	133	0	0	136
7587	0	0	128	0	0	128
7588	0	0	1	124	0	125
7589	129	0	0	1	0	130
7590	125	0	0	0	0	125
7591	129	0	0	0	0	129
7592	1	0	138	0	0	139
7593	0	0	137	0	0	137
7594	0	157	1	0	0	158
7595	0	1	0	158	0	159
7596	0	0	0	160	0	160
7597	0	0	0	159	0	159
7598	0	0	0	160	0	160
7599	0	0	161	1	0	162
7600	0	163	1	0	0	164
7601	173	1	0	0	0	174
7602	194	0	0	0	0	194
7603	195	0	0	0	0	195
7604	1	195	1	2	0	199
7605	0	0	1	193	0	194
7606	197	0	0	2	0	199
7607	1	198	0	0	0	199
7608	198	0	0	2	0	200
7609	1	198	1	1	0	201
7610	199	1	1	1	0	202
7611	202	0	1	1	0	204
7612	1	2	0	205	0	208
7613	3	0	0	210	0	213
7614	1	0	206	3	0	210
7615	0	1	199	2	0	202
7616	207	0	2	2	0	211
7617	215	0	3	1	0	219
7618	2	2	2	214	0	220
7619	4	0	0	217	0	221
7620	2	1	215	2	0	220
7621	2	0	0	212	0	214
7622	1	1	214	1	0	217
7623	4	0	1	211	0	216
7624	2	0	1	215	0	218
7625	220	1	3	1	0	225
7626	215	0	2	2	0	219
7627	2	1	0	213	0	216
7628	4	1	0	215	0	220
7629	2	1	215	2	0	220
7630	0	0	0	219	0	219
7631	0	0	224	3	0	227
7632	219	0	2	3	0	224
7633	1	0	2	226	0	229
7634	226	0	1	1	0	228
7635	2	222	2	3	0	229
7636	230	0	1	2	0	233
7637	3	1	0	228	0	232
7638	2	3	1	224	0	230
7639	2	231	0	3	0	236
7640	1	1	2	234	0	238
7641	1	1	234	4	0	240
7642	1	1	2	234	0	238
7643	2	0	229	2	0	233
7644	1	223	0	4	0	228
7645	3	0	2	226	0	231
7646	1	2	222	1	0	226
7647	2	1	218	1	0	222
7648	1	0	1	227	0	229
7649	223	0	6	1	0	230
7650	1	1	219	3	0	224
7651	1	0	1	221	0	223
7652	224	0	2	1	0	227
7653	0	210	2	2	0	214
7654	219	0	0	2	0	221
7655	0	2	0	223	0	225
7656	3	0	0	219	0	222
7657	4	1	1	219	0	225
7658	216	0	1	5	0	222
7659	0	1	1	225	0	227
7660	2	0	1	221	0	224
7661	213	0	1	2	0	216
7662	0	1	219	3	0	223
7663	3	0	0	219	0	222
7664	1	1	213	0	0	215
7665	217	0	2	1	0	220
7666	0	1	1	221	0	223
7667	3	0	220	1	0	224
7668	214	0	1	3	0	218
7669	216	0	1	3	0	220
7670	2	1	223	1	0	227
7671	2	1	0	223	0	226
7672	3	0	2	220	0	225
7673	0	0	226	3	0	229
7674	0	229	1	5	0	235
7675	0	0	232	3	0	235
7676	234	1	2	0	0	237
7677	0	1	244	2	0	247
7678	240	0	3	1	0	244
7679	4	0	248	0	0	252
7680	244	0	1	2	0	247
7681	1	245	3	2	0	251
7682	1	0	3	250	0	254
7683	4	1	0	258	0	263
7684	0	1	264	2	0	267
7685	1	0	0	254	0	255
7686	0	254	1	3	0	258
7687	254	0	1	1	0	256
7688	1	259	0	2	0	262
7689	2	2	0	264	0	268
7690	265	1	0	2	0	268
7691	0	264	1	2	0	267
7692	259	0	0	2	0	261
7693	1	1	259	0	0	261
7694	2	1	0	245	0	248
7695	1	0	2	247	0	250
7696	2	0	1	249	0	252
7697	248	1	0	2	0	251
7698	250	0	1	2	0	253
7699	243	0	0	3	0	246
7700	241	1	0	0	0	242
7701	2	1	224	0	0	227
7702	184	0	0	1	0	185
7703	1	190	2	0	0	193
7704	1	189	0	1	0	191
7705	197	1	3	0	0	201
7706	193	1	2	1	0	197
7707	1	0	0	191	0	192
7708	193	0	1	0	0	194
7709	193	0	0	1	0	194
7710	223	0	0	1	0	224
7711	4	0	0	222	0	226
7712	1	218	0	2	0	221
7713	0	225	0	1	0	226
7714	0	2	0	232	0	234
7715	227	0	0	2	0	229
7716	2	230	0	0	0	232
7717	0	2	0	238	0	240
7718	0	0	238	2	0	240
7719	236	0	2	0	0	238
7720	2	242	0	0	0	244
7721	1	251	0	0	0	252
7722	249	2	1	0	0	252
7723	2	0	259	1	0	262
7724	0	0	1	253	0	254
7725	0	253	0	3	0	256
7726	1	2	0	255	0	258
7727	1	0	0	255	0	256
7728	1	237	0	2	0	240
7729	2	2	0	259	0	263
7730	1	0	1	265	0	267
7731	258	0	0	2	0	260
7732	2	265	0	0	0	267
7733	263	3	0	0	0	266
7734	3	0	0	265	0	268
7735	1	271	0	2	0	274
7736	0	2	266	2	0	270
7737	1	0	2	277	0	280
7738	1	0	0	281	0	282
7739	1	0	281	2	0	284
7740	274	0	2	1	0	277
7741	2	1	0	307	0	310
7742	307	1	0	4	0	312
7743	4	0	304	1	0	309
7744	0	0	4	304	0	308
7745	0	0	321	4	0	325
7746	0	0	4	329	0	333
7747	0	0	1	341	0	342
7748	332	0	0	7	0	339
7749	4	337	0	0	0	341
7750	333	5	0	1	0	339
7751	6	0	339	0	0	345
7752	0	0	6	339	0	345
7753	0	0	351	5	0	356
7754	324	1	6	2	0	333
7755	352	0	0	2	0	354
7756	3	0	346	2	0	351
7757	344	1	4	0	0	349
7758	354	1	0	1	0	356
7759	5	0	0	349	0	354
7760	1	0	339	4	0	344
7761	0	1	366	1	0	368
7762	1	0	5	356	0	362
7763	2	0	0	360	0	362
7764	1	362	0	4	0	367
7765	0	365	2	0	0	367
7766	364	4	0	0	0	368
7767	6	0	0	362	0	368
7768	0	360	1	4	0	365
7769	1	368	1	0	0	370
7770	355	4	1	1	0	361
7771	6	0	0	364	0	370
7772	0	372	1	5	0	378
7773	0	5	0	373	0	378
7774	0	1	1	371	0	373
7775	1	0	0	366	0	367
7776	359	0	0	6	0	365
7777	5	365	0	0	0	370
7778	0	6	0	362	0	368
7779	2	0	0	362	0	364
7780	2	0	1	363	0	366
7781	0	1	353	5	0	359
7782	345	0	5	1	0	351
7783	5	0	0	346	0	351
7784	341	0	0	5	0	346
7785	344	0	1	1	0	346
7786	339	1	1	2	0	343
7787	6	0	337	1	0	344
7788	1	336	4	3	0	344
7789	1	4	1	332	0	338
7790	0	0	334	4	0	338
7791	1	1	331	2	0	335
7792	0	3	4	325	0	332
7793	1	321	0	4	0	326
7794	326	4	1	0	0	331
7795	337	0	0	1	0	338
7796	336	1	1	0	0	338
7797	338	1	0	1	0	340
7798	5	0	334	1	0	340
7799	323	0	6	1	0	330
7800	5	342	2	0	0	349
7801	2	4	0	350	0	356
7802	1	1	0	357	0	359
7803	361	0	1	6	0	368
7804	7	0	0	358	0	365
7805	3	0	352	5	0	360
7806	343	0	5	1	0	349
7807	363	0	2	0	0	365
7808	361	0	1	0	0	362
7809	5	1	347	1	0	354
7810	318	0	2	2	0	322
7811	3	323	0	1	0	327
7812	325	4	0	0	0	329
7813	3	0	0	318	0	321
7814	0	1	1	324	0	326
7815	1	325	0	2	0	328
7816	3	4	0	331	0	338
7817	1	326	0	2	0	329
7818	0	4	2	318	0	324
7819	1	323	0	2	0	326
7820	0	3	0	324	0	327
7821	1	321	0	4	0	326
7822	0	3	0	339	0	342
7823	1	343	0	4	0	348
7824	372	5	0	0	0	377
7825	4	0	0	378	0	382
7826	3	1	0	376	0	380
7827	0	0	0	391	0	391
7828	0	1	1	387	0	389
7829	1	0	389	6	0	396
7830	2	1	4	384	0	391
7831	2	0	2	392	0	396
7832	380	1	0	6	0	387
7833	379	0	0	2	0	381
7834	7	385	1	1	0	394
7835	2	7	0	378	0	387
7836	0	2	0	412	0	414
7837	416	0	0	11	0	427
7838	8	0	397	1	0	406
7839	396	0	8	2	0	406
7840	8	405	2	1	0	416
7841	377	6	0	0	0	383
7842	380	2	0	0	0	382
7843	9	373	0	0	0	382
7844	2	384	0	1	0	387
7845	3	8	1	365	0	377
7846	0	2	358	6	0	366
7847	347	0	6	3	0	356
7848	6	1	356	0	0	363
7849	350	0	7	0	0	357
7850	7	0	359	0	0	366
7851	2	355	6	0	0	363
7852	0	7	2	355	0	364
7853	345	2	0	8	0	355
7854	357	0	1	3	0	361
7855	10	0	0	345	0	355
7856	360	0	1	6	0	367
7857	366	0	0	2	0	368
7858	7	355	1	0	0	363
7859	359	6	0	1	0	366
7860	6	362	0	1	0	369
7861	2	7	0	351	0	360
7862	351	2	0	7	0	360
7863	354	0	0	2	0	356
7864	354	0	0	0	0	354
7865	10	1	344	1	0	356
7866	2	1	350	0	0	353
7867	3	0	8	362	0	373
7868	0	1	2	396	0	399
7869	1	397	0	9	0	407
7870	402	8	0	2	0	412
7871	8	2	0	400	0	410
7872	3	2	0	402	0	407
7873	0	0	404	9	0	413
7874	0	393	8	2	0	403
7875	0	409	2	1	0	412
7876	1	10	2	405	0	418
7877	398	1	0	7	0	406
7878	7	0	0	398	0	405
7879	3	0	0	407	0	410
7880	396	0	1	10	0	407
7881	407	0	1	2	0	410
7882	8	1	0	402	0	411
7883	2	2	399	9	0	412
7884	3	0	7	404	0	414
7885	2	0	2	409	0	413
7886	406	0	0	12	0	418
7887	8	0	0	412	0	420
7888	404	0	0	10	0	414
7889	9	0	407	3	0	419
7890	2	1	8	419	0	430
7891	1	0	3	415	0	419
7892	1	1	0	423	0	425
7893	2	0	0	423	0	425
7894	3	1	0	413	0	417
7895	1	0	400	9	0	410
7896	397	0	6	3	0	406
7897	7	0	4	402	0	413
7898	2	0	397	8	0	407
7899	1	1	392	5	0	399
7900	1	1	8	394	0	404
7901	389	0	2	8	0	399
7902	393	0	0	3	0	396
7903	390	1	1	0	0	392
7904	9	1	0	375	0	385
7905	2	377	1	9	0	389
7906	386	7	2	2	0	397
7907	383	3	1	2	0	389
7908	387	0	1	1	0	389
7909	390	0	0	1	0	391
7910	9	0	1	379	0	389
7911	3	1	379	8	0	391
7912	1	1	6	382	0	390
7913	3	1	384	6	0	394
7914	373	0	6	3	0	382
7915	376	0	3	1	0	380
7916	10	0	363	1	0	374
7917	365	0	6	1	0	372
7918	382	1	2	3	0	388
7919	8	0	1	370	0	379
7920	2	372	1	7	0	382
7921	371	6	2	3	0	382
7922	7	7	1	345	0	360
7923	2	335	1	8	0	346
7924	1	5	1	313	0	320
7925	2	1	313	6	0	322
7926	1	312	5	2	0	320
7927	306	6	1	1	0	314
7928	309	0	1	2	0	312
7929	303	0	0	2	0	305
7930	303	1	1	1	0	306
7931	5	3	1	297	0	306
7932	0	293	1	5	0	299
7933	283	4	0	0	0	287
7934	4	1	286	0	0	291
7935	3	280	3	1	0	287
7936	1	1	258	0	0	260
7937	1	3	1	233	0	238
7938	2	215	0	2	0	219
7939	2	2	0	239	0	243
7940	2	1	258	1	0	262
7941	2	0	2	255	0	259
7942	0	1	0	262	0	263
7943	0	0	1	262	0	263
7944	254	0	0	5	0	259
7945	1	255	1	2	0	259
7946	1	1	0	254	0	256
7947	252	0	0	2	0	254
7948	1	248	1	3	0	253
7949	252	1	0	1	0	254
7950	3	0	259	1	0	263
7951	3	0	2	256	0	261
7952	0	259	0	1	0	260
7953	259	1	0	2	0	262
7954	2	1	254	1	0	258
7955	0	248	3	0	0	251
7956	2	1	0	245	0	248
7957	1	0	0	246	0	247
7958	246	0	0	2	0	248
7959	1	1	0	244	0	246
7960	2	0	238	0	0	240
7961	1	0	0	231	0	232
7962	0	1	240	0	0	241
7963	1	0	0	229	0	230
7964	0	239	0	1	0	240
7965	237	0	0	2	0	239
7966	230	0	0	1	0	231
7967	0	214	1	0	0	215
7968	0	189	0	1	0	190
7969	1	0	1	184	0	186
7970	179	0	0	0	0	179
7971	0	1	0	178	0	179
7972	175	0	0	2	0	177
7973	1	169	0	0	0	170
7974	0	0	0	176	0	176
7975	0	0	180	0	0	180
7976	0	1	0	177	0	178
7977	0	0	0	176	0	176
7978	187	0	0	0	0	187
7979	0	193	0	0	0	193
7980	0	0	0	195	0	195
7981	195	0	0	1	0	196
7982	0	0	198	0	0	198
7983	195	0	0	1	0	196
7984	0	0	0	206	0	206
7985	0	214	0	0	0	214
7986	209	0	0	1	0	210
7987	0	0	215	0	0	215
7988	0	1	213	0	0	214
7989	0	214	0	0	0	214
7990	208	0	1	1	0	210
7991	0	0	0	216	0	216
7992	0	0	0	217	0	217
7993	223	0	0	0	0	223
7994	0	0	225	0	0	225
7995	0	0	0	227	0	227
7996	0	0	241	0	0	241
7997	0	0	0	246	0	246
7998	0	253	0	0	0	253
7999	0	0	0	261	0	261
8000	0	0	258	0	0	258
8001	258	0	0	0	0	258
8002	0	0	0	265	0	265
8003	0	0	261	0	0	261
8004	0	0	0	260	0	260
8005	0	0	0	265	0	265
8006	0	0	263	0	0	263
8007	0	0	267	0	0	267
8008	0	0	0	275	0	275
8009	0	0	273	1	0	274
8010	272	0	1	0	0	273
8011	1	0	0	274	0	275
8012	275	0	0	1	0	276
8013	1	0	273	0	0	274
8014	1	0	1	277	0	279
8015	0	0	298	0	0	298
8016	0	288	1	1	0	290
8017	0	0	295	0	0	295
8018	0	0	272	0	0	272
8019	276	0	1	1	0	278
8020	280	0	0	0	0	280
8021	1	0	294	0	0	295
8022	0	0	1	281	0	282
8023	0	0	0	287	0	287
8024	0	1	298	0	0	299
8025	0	282	1	1	0	284
8026	282	1	1	3	0	287
8027	3	0	287	0	0	290
8028	0	0	1	291	0	292
8029	1	0	1	303	0	305
8030	306	0	0	3	0	309
8031	306	0	0	1	0	307
8032	304	0	1	2	0	307
8033	309	0	1	0	0	310
8034	1	0	0	308	0	309
8035	0	0	326	1	0	327
8036	1	0	1	326	0	328
8037	0	0	0	336	0	336
8038	1	0	0	343	0	344
8039	0	1	339	2	0	342
8040	325	0	2	2	0	329
8041	2	0	1	330	0	333
8042	0	1	338	2	0	341
8043	0	344	3	2	0	349
8044	0	2	1	346	0	349
8045	1	1	0	353	0	355
8046	350	0	0	3	0	353
8047	2	360	1	0	0	363
8048	1	2	366	1	0	370
8049	0	1	2	368	0	371
8050	0	0	2	358	0	360
8051	357	1	0	4	0	362
8052	353	0	0	1	0	354
8053	5	0	1	359	0	365
8054	362	0	0	4	0	366
8055	2	358	0	2	0	362
8056	1	2	386	0	0	389
8057	1	2	1	395	0	399
8058	2	0	0	401	0	403
8059	1	0	1	403	0	405
8060	0	0	0	398	0	398
8061	0	395	0	4	0	399
8062	390	2	0	2	0	394
8063	3	1	0	391	0	395
8064	2	415	0	3	0	420
8065	424	2	1	1	0	428
8066	420	1	0	2	0	423
8067	3	451	1	1	0	456
8068	1	2	1	456	0	460
8069	0	2	0	461	0	463
8070	1	0	1	458	0	460
8071	0	0	1	469	0	470
8072	479	0	1	5	0	485
8073	489	0	0	3	0	492
8074	4	493	2	0	0	499
8075	1	3	487	1	0	492
8076	0	2	2	493	0	497
8077	500	0	2	3	0	505
8078	4	489	0	2	0	495
8079	2	483	0	1	0	486
8080	497	3	1	1	0	502
8081	499	3	0	2	0	504
8082	4	0	0	495	0	499
8083	3	0	507	3	0	513
8084	2	0	518	3	0	523
8085	542	0	4	3	0	549
8086	558	0	2	1	0	561
8087	550	2	0	0	0	552
8088	548	0	0	1	0	549
8089	548	0	0	0	0	548
8090	3	552	0	0	0	555
8091	4	2	0	542	0	548
8092	1	577	0	2	0	580
8093	584	3	0	3	0	590
8094	576	2	0	1	0	579
8095	572	0	0	1	0	573
8096	556	1	3	3	0	563
8097	4	557	0	1	0	562
8098	547	2	0	0	0	549
8099	2	549	0	0	0	551
8100	2	4	0	544	0	550
8101	543	2	0	2	0	547
8102	2	0	557	2	0	561
8103	5	0	2	546	0	553
8104	0	1	2	562	0	565
8105	1	0	567	4	0	572
8106	0	562	2	2	0	566
8107	555	2	3	0	0	560
8108	556	3	0	0	0	559
8109	4	545	0	2	0	551
8110	2	1	0	553	0	556
8111	1	2	563	1	0	567
8112	0	571	1	2	0	574
8113	566	1	2	2	0	571
8114	1	1	567	0	0	569
8115	531	0	1	3	0	535
8116	548	0	2	2	0	552
8117	4	0	572	1	0	577
8118	2	575	1	0	0	578
8119	1	2	2	573	0	578
8120	0	2	593	1	0	596
8121	567	0	1	3	0	571
8122	584	0	2	0	0	586
8123	2	581	0	1	0	584
8124	2	1	1	589	0	593
8125	0	2	1	600	0	603
8126	0	0	610	2	0	612
8127	1	616	2	2	0	621
8128	637	1	2	3	0	643
8129	635	2	0	1	0	638
8130	648	0	0	0	0	648
8131	3	2	642	0	0	647
8132	634	0	1	2	0	637
8133	655	1	2	1	0	659
8134	4	0	0	658	0	662
8135	3	1	640	1	0	645
8136	2	2	1	631	0	636
8137	2	2	636	1	0	641
8138	1	4	0	626	0	631
8139	1	629	3	0	0	633
8140	0	653	0	3	0	656
8141	1	1	0	664	0	666
8142	2	1	0	652	0	655
8143	660	1	1	2	0	664
8144	1	0	649	2	0	652
8145	642	0	0	2	0	644
8146	0	652	3	1	0	656
8147	646	1	1	1	0	649
8148	640	1	1	3	0	645
8149	3	0	0	643	0	646
8150	2	1	662	0	0	665
8151	1	0	0	670	0	671
8152	1	697	2	0	0	700
8153	1	1	0	695	0	697
8154	2	2	0	692	0	696
8155	688	0	1	2	0	691
8156	1	0	0	668	0	669
8157	4	652	0	0	0	656
8158	1	0	1	672	0	674
8159	686	2	0	3	0	691
8160	1	692	0	2	0	695
8161	1	1	1	706	0	709
8162	3	1	0	705	0	709
8163	1	1	0	747	0	749
8164	1	1	0	723	0	725
8165	725	0	0	4	0	729
8166	0	0	1	751	0	752
8167	1	0	1	743	0	745
8168	2	2	0	748	0	752
8169	1	758	1	4	0	764
8170	753	3	0	3	0	759
8171	4	1	748	1	0	754
8172	2	738	3	1	0	744
8173	722	4	1	3	0	730
8174	3	2	724	0	0	729
8175	2	720	2	1	0	725
8176	0	7	3	704	0	714
8177	0	726	0	2	0	728
8178	1	2	722	1	0	726
8179	1	0	722	0	0	723
8180	0	723	3	0	0	726
8181	714	2	4	3	0	723
8182	713	2	0	4	0	719
8183	3	0	695	0	0	698
8184	1	0	641	0	0	642
8185	0	2	657	0	0	659
8186	2	2	3	658	0	665
8187	2	0	1	659	0	662
8188	0	0	1	670	0	671
8189	0	0	678	4	0	682
8190	2	0	4	664	0	670
8191	0	0	1	672	0	673
8192	0	1	651	6	0	658
8193	637	0	3	2	0	642
8194	5	0	2	658	0	665
8195	1	0	0	655	0	656
8196	0	663	0	7	0	670
8197	657	4	1	4	0	666
8198	6	1	663	1	0	671
8199	658	0	4	2	0	664
8200	6	1	1	666	0	674
8201	4	1	666	3	0	674
8202	4	0	6	659	0	669
8203	660	2	2	8	0	672
8204	7	0	658	3	0	668
8205	645	0	7	6	0	658
8206	657	0	2	4	0	663
8207	662	0	1	3	0	666
8208	8	662	2	3	0	675
8209	2	7	1	669	0	679
8210	687	1	1	6	0	695
8211	678	0	1	4	0	683
8212	703	0	0	2	0	705
8213	8	1	681	2	0	692
8214	713	2	9	4	0	728
8215	15	1	3	768	0	787
8216	2	0	775	13	0	790
8217	3	2	11	786	0	802
8218	4	0	2	787	0	793
8219	2	0	789	16	0	807
8220	3	1	15	782	0	801
8221	3	0	4	818	0	825
8222	3	1	899	15	0	918
8223	965	1	19	5	0	990
8224	1027	1	3	6	0	1037
8225	22	1	3	1048	0	1074
8226	9	0	1040	23	0	1072
8227	11	1	23	1008	0	1043
8228	10	1025	4	25	0	1064
8229	8	20	6	1020	0	1054
8230	5	3	2	1034	0	1044
8231	1006	3	6	29	0	1044
8232	1021	1	2	16	0	1040
8233	1030	7	0	12	0	1049
8234	31	1	5	1008	0	1045
8235	12	0	3	1030	0	1045
8236	17	4	993	26	0	1040
8237	12	2	22	980	0	1016
8238	10	993	6	27	0	1036
8239	997	22	4	18	0	1041
8240	27	963	4	27	0	1021
8241	992	24	12	6	0	1034
8242	27	6	2	954	0	989
8243	10	975	2	28	0	1015
8244	977	23	4	8	0	1012
8245	991	11	3	12	0	1017
8246	33	7	2	972	0	1014
8247	13	963	3	35	0	1014
8248	12	28	7	969	0	1016
8249	13	5	963	32	0	1013
8250	946	7	21	13	0	987
8251	28	946	6	18	0	998
8252	928	29	5	9	0	971
8253	35	5	6	927	0	973
8254	936	6	7	34	0	983
8255	38	6	945	5	0	994
8256	963	8	23	18	0	1012
8257	979	4	8	9	0	1000
8258	32	1	950	14	0	997
8259	21	4	25	932	0	982
8260	15	2	8	944	0	969
8261	924	3	9	33	0	969
8262	35	910	3	17	0	965
8263	11	30	15	866	0	922
8264	9	5	854	38	0	906
8265	6	10	867	17	0	900
8266	18	835	30	9	0	892
8267	11	28	822	8	0	869
8268	805	8	30	11	0	854
8269	27	8	10	792	0	837
8270	795	5	15	29	0	844
8271	29	7	792	11	0	839
8272	14	5	30	792	0	841
8273	19	4	9	806	0	838
8274	12	5	781	35	0	833
8275	14	4	26	782	0	826
8276	772	5	12	35	0	824
8277	794	4	7	15	0	820
8278	30	7	5	780	0	822
8279	769	5	11	30	0	815
8280	778	5	8	16	0	807
8281	37	754	4	19	0	814
8282	27	24	5	753	0	809
8283	765	5	2	35	0	807
8284	39	8	5	761	0	813
8285	757	2	8	36	0	803
8286	31	9	8	756	0	804
8287	10	7	758	39	0	814
8288	15	757	22	17	0	811
8289	14	31	5	674	0	724
8290	20	740	7	35	0	802
8291	749	26	4	14	0	793
8292	36	717	8	14	0	775
8293	13	742	8	11	0	774
8294	14	25	8	718	0	765
8295	712	12	10	33	0	767
8296	28	12	5	716	0	761
8297	719	11	4	36	0	770
8298	723	15	3	13	0	754
8299	33	716	6	16	0	771
8300	732	22	6	13	0	773
8301	738	10	6	10	0	764
8302	736	13	3	11	0	763
8303	45	7	702	9	0	763
8304	22	9	22	706	0	759
8305	29	4	4	721	0	758
8306	18	6	683	30	0	737
8307	703	8	24	15	0	750
8308	714	5	11	17	0	747
8309	715	4	12	12	0	743
8310	697	6	6	17	0	726
8311	32	671	7	13	0	723
8312	669	20	2	9	0	700
8313	43	4	4	648	0	699
8314	20	6	593	22	0	641
8315	580	4	16	6	0	606
8316	26	578	8	7	0	619
8317	541	11	12	12	0	576
8318	24	527	6	12	0	569
8319	7	517	8	12	0	544
8320	16	518	5	8	0	547
8321	11	497	9	16	0	533
8322	19	15	396	2	0	432
8323	8	23	18	304	0	353
8324	5	4	272	11	0	292
8325	228	1	4	4	0	237
8326	6	227	2	1	0	236
8327	1	219	0	4	0	224
8328	4	4	1	205	0	214
8329	1	2	1	211	0	215
8330	2	0	207	6	0	215
8331	1	2	210	1	0	214
8332	2	1	5	203	0	211
8333	2	1	209	5	0	217
8334	2	208	4	3	0	217
8335	3	4	1	199	0	207
8336	1	1	2	218	0	222
8337	1	0	210	8	0	219
8338	1	1	4	213	0	219
8339	214	0	2	4	0	220
8340	5	3	0	206	0	214
8341	4	1	0	204	0	209
8342	3	1	201	5	0	210
8343	200	0	3	0	0	203
8344	5	203	0	1	0	209
8345	3	4	0	201	0	208
8346	1	1	201	6	0	209
8347	1	1	5	199	0	206
8348	203	0	0	4	0	207
8349	6	1	202	1	0	210
8350	5	2	3	203	0	213
8351	1	2	213	4	0	220
8352	1	212	4	1	0	218
8353	3	4	206	1	0	214
8354	1	202	3	1	0	207
8355	0	1	177	0	0	178
8356	0	0	0	161	0	161
8357	0	162	1	2	0	165
8358	166	1	0	0	0	167
8359	1	1	0	167	0	169
8360	168	0	0	1	0	169
8361	1	0	0	178	0	179
8362	0	0	0	181	0	181
8363	179	0	1	1	0	181
8364	179	0	0	0	0	179
8365	1	0	0	187	0	188
8366	0	0	193	1	0	194
8367	0	195	1	0	0	196
8368	0	1	195	1	0	197
8369	0	199	1	1	0	201
8370	199	1	1	0	0	201
8371	1	0	200	1	0	202
8372	1	0	203	0	0	204
8373	1	0	1	197	0	199
8374	204	0	0	3	0	207
8375	2	0	217	0	0	219
8376	1	233	2	0	0	236
8377	240	3	0	0	0	243
8378	245	0	0	2	0	247
8379	245	0	1	1	0	247
8380	246	0	0	1	0	247
8381	249	0	0	1	0	250
8382	2	0	247	0	0	249
8383	0	1	2	234	0	237
8384	0	231	0	2	0	233
8385	237	3	0	1	0	241
8386	2	236	1	0	0	239
8387	221	1	0	2	0	224
8388	220	0	0	0	0	220
8389	1	220	0	0	0	221
8390	226	1	0	0	0	227
8391	1	0	0	224	0	225
8392	1	0	0	224	0	225
8393	0	0	219	1	0	220
8394	0	229	1	1	0	231
8395	0	1	0	227	0	228
8396	0	1	0	231	0	232
8397	0	0	0	230	0	230
8398	0	0	228	1	0	229
8399	217	0	1	0	0	218
8400	1	0	0	231	0	232
8401	235	0	0	1	0	236
8402	1	0	0	232	0	233
8403	0	0	235	1	0	236
8404	0	0	236	0	0	236
8405	234	0	2	0	0	236
8406	244	0	0	0	0	244
8407	1	237	0	0	0	238
8408	0	1	241	0	0	242
8409	0	3	1	234	0	238
8410	1	0	1	182	0	184
8411	237	0	0	1	0	238
8412	235	0	0	0	0	235
8413	236	0	0	1	0	237
8414	1	0	229	0	0	230
8415	234	0	1	0	0	235
8416	2	0	0	235	0	237
8417	0	0	0	241	0	241
8418	0	0	0	240	0	240
8419	0	236	0	1	0	237
8420	230	1	0	0	0	231
8421	1	0	0	233	0	234
8422	0	0	232	1	0	233
8423	0	0	1	230	0	231
8424	0	238	0	1	0	239
8425	239	1	0	1	0	241
8426	1	0	0	241	0	242
8427	0	0	0	240	0	240
8428	0	0	244	1	0	245
8429	0	0	1	238	0	239
8430	0	249	0	1	0	250
8431	0	1	0	248	0	249
8432	0	0	248	1	0	249
8433	232	0	1	1	0	234
8434	246	0	0	1	0	247
8435	2	250	0	0	0	252
8436	246	2	0	0	0	248
8437	258	0	0	0	0	258
8438	2	253	0	0	0	255
8439	0	3	0	261	0	264
8440	261	0	0	4	0	265
8441	2	283	0	1	0	286
8442	0	2	287	0	0	289
8443	284	0	2	1	0	287
8444	289	0	0	0	0	289
8445	286	0	0	0	0	286
8446	287	0	0	0	0	287
8447	2	298	0	1	0	301
8448	304	2	0	1	0	307
8449	317	0	0	1	0	318
8450	320	0	0	0	0	320
8451	2	0	0	319	0	321
8452	313	0	0	2	0	315
8453	2	332	0	0	0	334
8454	0	2	341	0	0	343
8455	1	0	2	348	0	351
8456	350	0	0	2	0	352
8457	2	0	348	0	0	350
8458	1	0	2	349	0	352
8459	0	0	350	3	0	353
8460	0	349	2	0	0	351
8461	0	2	0	339	0	341
8462	0	0	345	2	0	347
8463	0	340	2	0	0	342
8464	0	2	0	342	0	344
8465	341	0	0	4	0	345
8466	338	0	0	3	0	341
8467	345	0	0	0	0	345
8468	345	0	0	0	0	345
8469	351	0	1	0	0	352
8470	2	0	354	0	0	356
8471	352	0	1	1	0	354
8472	362	0	0	0	0	362
8473	1	0	0	362	0	363
8474	359	0	0	3	0	362
8475	342	0	0	1	0	343
8476	1	332	1	0	0	334
8477	0	1	0	336	0	337
8478	0	0	0	331	0	331
8479	328	0	0	1	0	329
8480	1	327	0	0	0	328
8481	0	334	0	0	0	334
8482	0	1	0	339	0	340
8483	0	2	0	340	0	342
8484	0	0	0	339	0	339
8485	0	0	0	342	0	342
8486	338	0	0	2	0	340
8487	334	0	0	0	0	334
8488	1	0	338	0	0	339
8489	0	0	1	339	0	340
8490	1	0	0	335	0	336
8491	0	0	332	1	0	333
8492	327	0	1	0	0	328
8493	2	339	0	0	0	341
8494	337	2	0	0	0	339
8495	2	0	0	335	0	337
8496	0	0	336	2	0	338
8497	0	0	2	337	0	339
8498	0	0	343	2	0	345
8499	0	353	2	0	0	355
8500	345	2	0	2	0	349
8501	343	0	0	2	0	345
8502	2	345	0	0	0	347
8503	0	2	0	345	0	347
8504	339	0	0	2	0	341
8505	2	334	0	0	0	336
8506	0	2	0	338	0	340
8507	337	0	0	4	0	341
8508	2	0	336	0	0	338
8509	326	0	2	1	0	329
8510	2	344	0	0	0	346
8511	345	2	0	0	0	347
8512	339	0	0	2	0	341
8513	2	0	342	0	0	344
8514	1	0	2	335	0	338
8515	0	0	0	338	0	338
8516	1	0	329	2	0	332
8517	0	0	2	325	0	327
8518	0	0	0	316	0	316
8519	333	0	0	2	0	335
8520	331	0	0	0	0	331
8521	2	0	0	330	0	332
8522	0	0	329	2	0	331
8523	0	1	2	326	0	329
8524	2	0	0	326	0	328
8525	0	0	327	2	0	329
8526	0	0	2	332	0	334
8527	333	0	0	2	0	335
8528	332	0	0	1	0	333
8529	2	325	0	1	0	328
8530	334	3	0	1	0	338
8531	337	0	0	0	0	337
8532	3	339	0	0	0	342
8533	343	2	0	0	0	345
8534	346	0	0	0	0	346
8535	364	1	0	1	0	366
8536	3	0	360	0	0	363
8537	349	0	2	0	0	351
8538	3	0	0	367	0	370
8539	358	0	1	3	0	362
8540	5	0	357	0	0	362
8541	0	334	3	1	0	338
8542	340	3	0	1	0	344
8543	3	348	1	0	0	352
8544	0	4	0	353	0	357
8545	1	0	0	362	0	363
8546	358	1	0	4	0	363
8547	342	0	0	1	0	343
8548	4	0	336	1	0	341
8549	1	0	305	0	0	306
8550	1	0	317	0	0	318
8551	0	3	5	311	0	319
8552	0	0	313	4	0	317
8553	0	0	306	0	0	306
8554	3	4	4	292	0	303
8555	318	1	1	4	0	324
8556	321	0	1	0	0	322
8557	334	0	0	1	0	335
8558	337	0	0	0	0	337
8559	5	0	1	331	0	337
8560	4	0	0	338	0	342
8561	1	0	348	5	0	354
8562	2	0	4	344	0	350
8563	0	0	1	338	0	339
8564	353	1	1	5	0	360
8565	356	0	0	1	0	357
8566	5	1	0	355	0	361
8567	354	0	0	5	0	359
8568	358	0	0	2	0	360
8569	6	0	0	352	0	358
8570	3	0	0	344	0	347
8571	1	0	338	4	0	343
8572	0	0	327	0	0	327
8573	0	0	2	341	0	343
8574	0	0	1	351	0	352
8575	0	0	345	4	0	349
8576	334	0	6	1	0	341
8577	341	0	0	2	0	343
8578	7	0	331	1	0	339
8579	4	334	4	0	0	342
8580	343	4	0	1	0	348
8581	5	1	354	2	0	362
8582	2	2	4	354	0	362
8583	3	0	0	370	0	373
8584	384	0	2	6	0	392
8585	406	0	0	4	0	410
8586	6	0	2	410	0	418
8587	4	0	2	441	0	447
8588	442	0	1	8	0	451
8589	445	0	0	5	0	450
8590	444	0	4	2	0	450
8591	6	0	444	2	0	452
8592	3	0	3	450	0	456
8593	2	2	4	452	0	460
8594	450	1	3	6	0	460
8595	6	455	2	5	0	468
8596	511	3	2	3	0	519
8597	9	505	3	2	0	519
8598	2	8	2	508	0	520
8599	6	0	2	513	0	521
8600	2	3	508	8	0	521
8601	1	1	7	507	0	516
8602	2	1	507	11	0	521
8603	6	0	9	510	0	525
8604	4	0	1	519	0	524
8605	3	499	2	9	0	513
8606	5	517	2	3	0	527
8607	5	7	1	508	0	521
8608	3	1	0	522	0	526
8609	4	1	2	518	0	525
8610	2	1	2	522	0	527
8611	5	0	1	524	0	530
8612	3	1	511	12	0	527
8613	3	0	8	511	0	522
8614	4	1	2	521	0	528
8615	6	1	498	9	0	514
8616	2	503	5	5	0	515
8617	3	7	2	506	0	518
8618	2	3	506	9	0	520
8619	2	505	7	4	0	518
8620	1	7	1	516	0	525
8621	522	1	4	10	0	537
8622	8	0	2	523	0	533
8623	4	0	1	532	0	537
8624	4	0	1	540	0	545
8625	1	1	2	532	0	536
8626	2	516	1	13	0	532
8627	3	9	1	521	0	534
8628	525	1	1	13	0	540
8629	7	1	2	533	0	543
8630	1	0	1	535	0	537
8631	0	1	1	540	0	542
8632	521	0	2	12	0	535
8633	527	1	2	4	0	534
8634	7	1	1	525	0	534
8635	487	0	0	9	0	496
8636	499	1	1	3	0	504
8637	6	498	1	3	0	508
8638	488	7	0	3	0	498
8639	4	487	2	4	0	497
8640	1	491	1	2	0	495
8641	1	5	1	490	0	497
8642	2	0	501	8	0	511
8643	3	0	5	496	0	504
8644	1	1	0	495	0	497
8645	0	489	0	9	0	498
8646	487	5	0	5	0	497
8647	7	1	0	492	0	500
8648	1	0	513	7	0	521
8649	1	0	3	518	0	522
8650	2	529	0	7	0	538
8651	535	4	2	3	0	544
8652	7	1	1	534	0	543
8653	2	0	529	7	0	538
8654	4	1	4	530	0	539
8655	3	519	0	4	0	526
8656	0	5	0	528	0	533
8657	546	1	1	4	0	552
8658	555	1	0	0	0	556
8659	549	3	0	3	0	555
8660	7	552	0	1	0	560
8661	545	8	1	1	0	555
8662	7	1	0	555	0	563
8663	555	0	0	10	0	565
8664	6	554	2	1	0	563
8665	2	7	0	570	0	579
8666	0	1	563	9	0	573
8667	541	2	7	2	0	552
8668	9	563	1	2	0	575
8669	2	6	0	570	0	578
8670	0	1	2	579	0	582
8671	2	1	0	567	0	570
8672	0	0	0	567	0	567
8673	1	565	0	12	0	578
8674	568	6	0	4	0	578
8675	567	1	1	3	0	572
8676	8	0	567	2	0	577
8677	2	3	7	575	0	587
8678	0	0	582	9	0	591
8679	570	0	6	3	0	579
8680	585	0	2	1	0	588
8681	567	1	0	1	0	569
8682	8	1	0	552	0	561
8683	2	545	0	9	0	556
8684	538	8	0	2	0	548
8685	8	1	0	517	0	526
8686	509	1	0	8	0	518
8687	8	1	476	3	0	488
8688	4	1	464	0	0	469
8689	473	0	8	1	0	482
8690	8	2	1	474	0	485
8691	464	2	0	10	0	476
8692	8	462	0	4	0	474
8693	466	5	0	2	0	473
8694	467	2	0	3	0	472
8695	8	2	461	2	0	473
8696	2	0	393	2	0	397
8697	3	403	5	0	0	411
8698	4	4	4	407	0	419
8699	407	2	0	6	0	415
8700	4	0	1	408	0	413
8701	2	0	0	416	0	418
8702	1	1	401	6	0	409
8703	397	1	3	2	0	403
8704	4	1	1	414	0	420
8705	3	1	412	3	0	419
8706	2	0	408	1	0	411
8707	0	2	4	414	0	420
8708	1	1	416	5	0	423
8709	1	0	415	2	0	418
8710	3	0	4	392	0	399
8711	3	0	416	3	0	422
8712	2	1	2	417	0	422
8713	1	404	1	3	0	409
8714	428	4	0	2	0	434
8715	6	435	0	2	0	443
8716	4	3	0	444	0	451
8717	2	463	2	3	0	470
8718	1	5	487	1	0	494
8719	3	2	7	569	0	581
8720	2	1	653	9	0	665
8721	647	3	10	5	0	665
8722	10	689	4	4	0	707
8723	694	8	3	4	0	709
8724	14	2	3	690	0	709
8725	702	3	1	13	0	719
8726	9	3	697	4	0	713
8727	4	698	9	2	0	713
8728	695	10	3	4	0	712
8729	13	2	2	674	0	691
8730	4	692	2	10	0	708
8731	6	10	0	700	0	716
8732	708	1	2	12	0	723
8733	11	736	4	3	0	754
8734	740	18	0	4	0	762
8735	17	1	747	3	0	768
8736	740	2	17	2	0	761
8737	19	2	3	742	0	766
8738	744	0	4	17	0	765
8739	13	734	4	3	0	754
8740	6	15	1	741	0	763
8741	7	2	1	757	0	767
8742	5	3	718	19	0	745
8743	6	3	13	716	0	738
8744	3	1	3	740	0	747
8745	5	2	3	736	0	746
8746	1	3	1	740	0	745
8747	0	1	727	24	0	752
8748	2	695	15	6	0	718
8749	3	16	5	700	0	724
8750	689	2	3	21	0	715
8751	700	1	2	4	0	707
8752	19	694	2	7	0	722
8753	688	16	1	5	0	710
8754	693	2	3	0	0	698
8755	687	4	0	3	0	694
8756	20	668	1	3	0	692
8757	653	13	0	1	0	667
8758	21	3	0	632	0	656
8759	3	3	630	14	0	650
8760	5	631	12	2	0	650
8761	9	13	3	619	0	644
8762	3	1	618	14	0	636
8763	612	3	13	1	0	629
8764	16	3	1	615	0	635
8765	3	0	3	613	0	619
8766	6	1	3	602	0	612
8767	2	2	1	615	0	620
8768	0	1	597	20	0	618
8769	571	0	16	8	0	595
8770	15	588	0	6	0	609
8771	582	14	2	4	0	602
8772	17	586	1	2	0	606
8773	587	16	0	5	0	608
8774	19	4	2	584	0	609
8775	5	4	589	14	0	612
8776	6	3	596	2	0	607
8777	4	3	14	583	0	604
8778	3	1	6	585	0	595
8779	2	4	4	595	0	605
8780	577	0	3	19	0	599
8781	17	1	578	8	0	604
8782	2	12	13	562	0	589
8783	7	578	6	13	0	604
8784	579	13	2	5	0	599
8785	16	5	574	5	0	600
8786	4	575	15	7	0	601
8787	7	15	574	2	0	598
8788	7	2	18	579	0	606
8789	1	4	580	19	0	604
8790	1	7	590	4	0	602
8791	6	1	16	586	0	609
8792	3	0	578	20	0	601
8793	1	1	584	5	0	591
8794	3	0	17	581	0	601
8795	569	2	3	21	0	595
8796	15	1	582	4	0	602
8797	2	1	19	580	0	602
8798	5	2	3	586	0	596
8799	572	1	6	16	0	595
8800	15	1	5	574	0	595
8801	563	2	1	24	0	590
8802	20	558	3	4	0	585
8803	6	14	2	565	0	587
8804	562	3	2	20	0	587
8805	569	4	3	5	0	581
8806	19	2	0	561	0	582
8807	5	1	557	18	0	581
8808	555	3	14	2	0	574
8809	15	557	1	8	0	581
8810	543	13	4	8	0	568
8811	562	2	2	0	0	566
8812	563	6	0	3	0	572
8813	20	1	543	6	0	570
8814	8	546	15	2	0	571
8815	10	20	1	530	0	561
8816	5	12	1	532	0	550
8817	5	3	509	15	0	532
8818	3	481	11	5	0	500
8819	2	386	0	4	0	392
8820	1	314	3	0	0	318
8821	286	10	10	2	0	308
8822	11	0	2	273	0	286
8823	2	1	1	278	0	282
8824	0	1	274	7	0	282
8825	266	1	8	1	0	276
8826	7	0	0	269	0	276
8827	2	1	0	276	0	279
8828	2	0	268	7	0	277
8829	2	266	7	2	0	277
8830	0	9	0	264	0	273
8831	0	0	264	7	0	271
8832	1	242	7	0	0	250
8833	214	1	0	1	0	216
8834	1	2	225	0	0	228
8835	0	2	1	210	0	213
8836	2	214	0	1	0	217
8837	217	1	1	1	0	220
8838	1	0	0	219	0	220
8839	220	1	0	1	0	222
8840	221	0	0	0	0	221
8841	1	219	0	2	0	222
8842	223	1	0	2	0	226
8843	234	0	1	0	0	235
8844	1	2	229	0	0	232
8845	226	0	1	1	0	228
8846	2	2	228	0	0	232
8847	226	1	1	0	0	228
8848	232	0	0	0	0	232
8849	1	0	248	0	0	249
8850	2	0	1	249	0	252
8851	1	1	249	1	0	252
8852	1	0	231	0	0	232
8853	0	0	249	2	0	251
8854	2	0	1	254	0	257
8855	1	0	0	281	0	282
8856	0	1	0	280	0	281
8857	1	0	0	287	0	288
8858	1	0	295	0	0	296
8859	0	0	1	284	0	285
8860	1	266	1	0	0	268
8861	0	1	301	0	0	302
8862	1	0	0	302	0	303
8863	1	0	307	0	0	308
8864	0	297	1	0	0	298
8865	1	303	0	1	0	305
8866	0	0	1	299	0	300
8867	0	1	296	0	0	297
8868	0	0	305	0	0	305
8869	0	0	0	308	0	308
8870	0	0	0	310	0	310
8871	0	0	0	316	0	316
8872	1	0	315	0	0	316
8873	0	318	0	0	0	318
8874	0	333	0	0	0	333
8875	0	0	0	332	0	332
8876	0	1	328	0	0	329
8877	0	0	327	0	0	327
8878	0	350	0	0	0	350
8879	348	1	0	1	0	350
8880	0	356	1	0	0	357
8881	0	2	373	0	0	375
8882	372	0	1	0	0	373
8883	1	0	1	380	0	382
8884	388	0	0	3	0	391
8885	2	1	0	382	0	385
8886	1	0	0	390	0	391
8887	386	0	0	3	0	389
8888	2	397	0	0	0	399
8889	1	0	391	0	0	392
8890	0	394	0	0	0	394
8891	398	1	0	0	0	399
8892	3	397	0	1	0	401
8893	402	2	1	0	0	405
8894	405	0	1	1	0	407
8895	2	405	1	0	0	408
8896	2	2	0	400	0	404
8897	396	1	0	3	0	400
8898	395	2	1	2	0	400
8899	3	0	1	396	0	400
8900	0	0	389	4	0	393
8901	1	1	397	0	0	399
8902	0	0	4	405	0	409
8903	0	1	399	5	0	405
8904	391	0	1	3	0	395
8905	2	407	0	1	0	410
8906	0	3	1	419	0	423
8907	0	1	2	421	0	424
8908	1	0	1	415	0	417
8909	0	1	1	416	0	418
8910	2	0	0	426	0	428
8911	1	0	429	3	0	433
8912	0	429	1	1	0	431
8913	422	2	1	1	0	426
8914	3	1	0	418	0	422
8915	1	1	0	420	0	422
8916	0	0	0	421	0	421
8917	0	416	2	5	0	423
8918	1	1	2	420	0	424
8919	0	1	0	421	0	422
8920	412	0	1	2	0	415
8921	3	400	0	0	0	403
8922	0	410	1	1	0	412
8923	2	1	0	408	0	411
8924	403	0	0	5	0	408
8925	3	0	410	1	0	414
8926	395	0	1	2	0	398
8927	2	0	424	2	0	428
8928	2	0	2	423	0	427
8929	0	2	0	423	0	425
8930	2	0	1	429	0	432
8931	0	1	0	424	0	425
8932	1	1	0	422	0	424
8933	429	1	0	5	0	435
8934	4	1	421	1	0	427
8935	3	0	3	425	0	431
8936	0	2	436	3	0	441
8937	1	435	2	0	0	438
8938	430	3	0	1	0	434
8939	4	1	442	0	0	447
8940	1	0	4	453	0	458
8941	2	0	0	458	0	460
8942	0	0	459	3	0	462
8943	1	0	457	1	0	459
8944	1	0	4	438	0	443
8945	458	0	0	6	0	464
8946	463	0	1	2	0	466
8947	3	457	1	3	0	464
8948	464	3	0	3	0	470
8949	4	0	1	443	0	448
8950	2	454	0	4	0	460
8951	1	4	2	454	0	461
8952	1	1	477	4	0	483
8953	2	0	4	457	0	463
8954	0	2	1	463	0	466
8955	433	0	0	4	0	437
8956	3	433	1	1	0	438
8957	427	3	0	2	0	432
8958	3	420	1	2	0	426
8959	412	3	1	1	0	417
8960	3	409	0	1	0	413
8961	2	403	0	1	0	406
8962	405	5	0	1	0	411
8963	6	0	0	397	0	403
8964	0	409	0	3	0	412
8965	414	5	0	2	0	421
8966	414	0	0	2	0	416
8967	420	0	1	0	0	421
8968	405	1	0	6	0	412
8969	3	416	1	1	0	421
8970	2	3	0	419	0	424
8971	2	1	0	421	0	424
8972	425	0	0	4	0	429
8973	3	3	0	414	0	420
8974	408	0	0	4	0	412
8975	3	2	400	1	0	406
8976	388	1	2	2	0	393
8977	2	0	396	1	0	399
8978	1	2	2	382	0	387
8979	379	1	1	4	0	385
8980	4	374	1	0	0	379
8981	352	2	1	0	0	355
8982	3	349	1	1	0	354
8983	2	2	1	382	0	387
8984	0	1	368	2	0	371
8985	353	1	4	1	0	359
8986	2	367	0	1	0	370
8987	1	4	0	369	0	374
8988	1	1	1	364	0	367
8989	2	0	1	360	0	363
8990	0	1	362	3	0	366
8991	1	361	2	1	0	365
8992	354	2	1	2	0	359
8993	354	0	0	2	0	356
8994	2	352	1	0	0	355
8995	371	3	0	1	0	375
8996	3	0	0	371	0	374
8997	1	368	2	1	0	372
8998	375	2	1	1	0	379
8999	3	0	374	1	0	378
9000	2	373	1	1	0	377
9001	1	5	0	376	0	382
9002	1	1	0	381	0	383
9003	1	1	388	2	0	392
9004	0	1	1	378	0	380
9005	0	1	381	2	0	384
9006	0	1	1	377	0	379
9007	1	0	2	380	0	383
9008	2	0	0	383	0	385
9009	0	1	0	389	0	390
9010	0	0	380	3	0	383
9011	1	1	405	3	0	410
9012	1	462	7	1	0	471
9013	1	8	0	493	0	502
9014	1	1	515	9	0	526
9015	0	507	11	1	0	519
9016	0	12	1	531	0	544
9017	1	1	549	11	0	562
9018	535	0	12	3	0	550
9019	583	4	1	0	0	588
9020	11	0	0	576	0	587
9021	2	0	575	10	0	587
9022	5	2	10	568	0	585
9023	575	0	2	10	0	587
9024	11	577	3	3	0	594
9025	585	9	2	3	0	599
9026	591	1	1	4	0	597
9027	13	0	1	568	0	582
9028	2	2	1	577	0	582
9029	4	1	0	576	0	581
9030	4	1	0	572	0	577
9031	3	1	0	574	0	578
9032	561	0	0	14	0	575
9033	570	0	0	5	0	575
9034	569	0	0	7	0	576
9035	9	0	546	6	0	561
9036	549	0	8	3	0	560
9037	11	0	0	545	0	556
9038	4	0	543	8	0	555
9039	3	529	9	1	0	542
9040	5	9	2	521	0	537
9041	2	1	3	531	0	537
9042	1	519	2	9	0	531
9043	1	10	1	528	0	540
9044	0	2	525	11	0	538
9045	0	1	535	3	0	539
9046	1	2	8	533	0	544
9047	535	0	1	10	0	546
9048	535	1	1	4	0	541
9049	9	1	524	1	0	535
9050	1	494	8	3	0	506
9051	2	506	3	3	0	514
9052	477	9	1	1	0	488
9053	10	1	487	1	0	499
9054	4	1	9	478	0	492
9055	480	0	2	11	0	493
9056	9	483	1	2	0	495
9057	2	500	2	1	0	505
9058	494	10	1	3	0	508
9059	10	1	0	499	0	510
9060	547	1	1	9	0	558
9061	12	1	0	619	0	632
9062	9	1	0	633	0	643
9063	3	1	632	20	0	656
9064	2	1	13	637	0	653
9065	5	0	8	641	0	654
9066	632	0	4	26	0	662
9067	14	0	1	650	0	665
9068	9	0	635	20	0	664
9069	622	0	13	15	0	650
9070	15	1	10	628	0	654
9071	629	1	3	17	0	650
9072	17	592	2	13	0	624
9073	13	624	4	4	0	645
9074	620	22	1	5	0	648
9075	632	12	1	6	0	651
9076	27	4	0	614	0	645
9077	13	2	609	17	0	641
9078	6	3	13	620	0	642
9079	605	3	8	18	0	634
9080	20	603	4	11	0	638
9081	11	15	2	613	0	641
9082	604	10	3	17	0	634
9083	18	4	575	13	0	610
9084	594	1	14	7	0	616
9085	571	2	9	6	0	588
9086	26	2	587	3	0	618
9087	12	1	592	5	0	610
9088	8	0	24	578	0	610
9089	5	3	13	610	0	631
9090	3	603	6	22	0	634
9091	3	14	6	617	0	640
9092	0	9	622	21	0	652
9093	1	3	16	635	0	655
9094	5	2	10	653	0	670
9095	1	3	621	29	0	654
9096	0	618	18	19	0	655
9097	5	16	10	618	0	649
9098	1	10	3	635	0	649
9099	619	5	2	24	0	650
9100	16	2	2	619	0	639
9101	11	4	605	21	0	641
9102	606	1	14	14	0	635
9103	608	1	10	8	0	627
9104	611	2	6	7	0	626
9105	28	2	587	4	0	621
9106	13	1	15	587	0	616
9107	10	1	10	596	0	617
9108	9	2	5	592	0	608
9109	576	0	1	32	0	609
9110	21	566	6	13	0	606
9111	12	9	513	10	0	544
9112	5	504	5	7	0	521
9113	5	483	10	4	0	502
9114	1	483	6	5	0	495
9115	17	20	4	454	0	495
9116	6	13	447	10	0	476
9117	418	6	7	13	0	444
9118	7	431	15	4	0	457
9119	422	7	4	7	0	440
9120	10	425	2	5	0	442
9121	434	10	2	1	0	447
9122	9	446	1	3	0	459
9123	10	9	444	2	0	465
9124	7	9	6	438	0	460
9125	3	4	9	451	0	467
9126	447	0	5	17	0	469
9127	7	3	3	480	0	493
9128	11	0	475	12	0	498
9129	6	1	8	477	0	492
9130	4	3	477	13	0	497
9131	3	480	11	11	0	505
9132	4	8	10	459	0	481
9133	2	482	6	8	0	498
9134	478	10	1	11	0	500
9135	10	8	2	477	0	497
9136	8	4	478	10	0	500
9137	3	2	480	10	0	495
9138	469	4	15	9	0	497
9139	8	1	13	473	0	495
9140	9	3	465	11	0	488
9141	4	1	462	12	0	479
9142	0	461	20	5	0	486
9143	7	7	10	437	0	461
9144	1	462	4	12	0	479
9145	3	12	1	449	0	465
9146	453	9	3	10	0	475
9147	10	6	2	456	0	474
9148	10	2	0	458	0	470
9149	462	1	2	16	0	481
9150	9	1	2	493	0	505
9151	10	3	2	484	0	499
9152	7	484	2	16	0	509
9153	488	9	1	14	0	512
9154	502	9	3	2	0	516
9155	16	3	1	499	0	519
9156	11	0	1	499	0	511
9157	4	2	1	495	0	502
9158	4	462	1	20	0	487
9159	2	484	1	13	0	500
9160	4	8	1	435	0	448
9161	352	3	0	5	0	360
9162	348	0	1	2	0	351
9163	5	336	1	0	0	342
9164	326	2	0	3	0	331
9165	2	325	0	3	0	330
9166	0	335	1	2	0	338
9167	1	3	1	332	0	337
9168	331	3	0	2	0	336
9169	2	326	0	4	0	332
9170	1	338	0	0	0	339
9171	1	2	0	340	0	343
9172	2	0	0	341	0	343
9173	1	1	331	3	0	336
9174	329	1	2	2	0	334
9175	331	1	0	1	0	333
9176	2	0	343	3	0	348
9177	1	3	340	1	0	345
9178	1	2	2	344	0	349
9179	2	1	0	356	0	359
9180	1	349	0	4	0	354
9181	0	2	0	355	0	357
9182	0	1	350	4	0	355
9183	1	1	2	353	0	357
9184	2	1	0	352	0	355
9185	345	1	1	5	0	352
9186	3	1	340	1	0	345
9187	334	1	2	1	0	338
9188	3	1	331	1	0	336
9189	2	0	2	322	0	326
9190	0	1	319	3	0	323
9191	0	1	321	0	0	322
9192	0	1	2	313	0	316
9193	298	0	3	4	0	305
9194	296	1	0	1	0	298
9195	1	307	0	0	0	308
9196	305	2	0	1	0	308
9197	306	0	1	1	0	308
9198	1	305	1	3	0	310
9199	2	3	1	308	0	314
9200	3	0	1	312	0	316
9201	1	0	1	314	0	316
9202	1	0	1	311	0	313
9203	1	0	311	3	0	315
9204	306	1	2	1	0	310
9205	3	1	0	310	0	314
9206	1	0	0	310	0	311
9207	0	309	1	5	0	315
9208	0	2	0	320	0	322
9209	0	1	311	4	0	316
9210	324	0	1	3	0	328
9211	3	0	326	1	0	330
9212	1	0	3	304	0	308
9213	306	0	1	4	0	311
9214	4	298	0	3	0	305
9215	0	4	1	311	0	316
9216	0	1	308	4	0	313
9217	0	0	4	305	0	309
9218	303	1	0	4	0	308
9219	5	0	305	0	0	310
9220	0	2	301	0	0	303
9221	2	300	4	1	0	307
9222	288	4	0	0	0	292
9223	5	282	0	0	0	287
9224	0	4	274	3	0	281
9225	2	0	261	1	0	264
9226	0	264	4	2	0	270
9227	236	4	0	1	0	241
9228	3	228	2	1	0	234
9229	1	2	1	233	0	237
9230	0	1	1	233	0	235
9231	2	0	228	3	0	233
9232	1	2	2	224	0	229
9233	0	1	229	2	0	232
9234	223	0	5	0	0	228
9235	227	1	0	1	0	229
9236	229	0	0	1	0	230
9237	2	2	219	1	0	224
9238	220	0	2	2	0	224
9239	2	0	1	218	0	221
9240	0	222	1	3	0	226
9241	225	2	1	2	0	230
9242	2	0	211	2	0	215
9243	220	0	3	0	0	223
9244	219	0	1	0	0	220
9245	3	0	220	0	0	223
9246	0	219	3	1	0	223
9247	2	1	1	225	0	229
9248	0	0	226	3	0	229
9249	1	1	217	3	0	222
9250	0	1	3	196	0	200
9251	0	0	200	2	0	202
9252	0	0	2	187	0	189
9253	0	0	0	180	0	180
9254	0	0	0	187	0	187
9255	0	0	184	2	0	186
9256	1	0	2	186	0	189
9257	0	0	187	2	0	189
9258	0	0	2	188	0	190
9259	188	0	0	2	0	190
9260	2	0	0	188	0	190
9261	0	188	0	2	0	190
9262	0	2	0	190	0	192
9263	195	0	0	3	0	198
9264	2	199	1	0	0	202
9265	0	1	0	196	0	197
9266	189	0	0	2	0	191
9267	2	1	187	0	0	190
9268	0	0	2	187	0	189
9269	0	0	192	2	0	194
9270	0	0	185	1	0	186
9271	1	0	2	185	0	188
9272	185	0	1	2	0	188
9273	1	0	184	0	0	185
9274	179	1	2	0	0	182
9275	3	0	0	187	0	190
9276	0	1	178	2	0	181
9277	0	0	177	0	0	177
9278	0	0	175	0	0	175
9279	0	2	1	166	0	169
9280	169	0	2	3	0	174
9281	2	176	0	0	0	178
9282	0	2	0	176	0	178
9283	0	0	0	180	0	180
9284	180	0	1	2	0	183
9285	180	0	0	1	0	181
9286	2	180	1	0	0	183
9287	179	2	0	0	0	181
9288	175	0	0	0	0	175
9289	3	0	0	171	0	174
9290	0	0	172	2	0	174
9291	173	0	2	0	0	175
9292	2	0	0	172	0	174
9293	0	1	0	171	0	172
9294	169	0	0	2	0	171
9295	2	0	1	158	0	161
9296	2	2	0	160	0	164
9297	157	0	0	2	0	159
9298	2	159	1	1	0	163
9299	161	3	0	1	0	165
9300	3	0	160	1	0	164
9301	166	1	3	1	0	171
9302	3	0	2	167	0	172
9303	1	171	1	3	0	176
9304	1	2	1	173	0	177
9305	0	0	0	175	0	175
9306	1	1	0	171	0	173
9307	168	0	0	6	0	174
9308	2	166	1	2	0	171
9309	1	163	0	1	0	165
9310	152	2	0	0	0	154
9311	1	2	155	0	0	158
9312	2	1	154	0	0	157
9313	155	0	3	0	0	158
9314	0	0	169	0	0	169
9315	2	0	1	156	0	159
9316	2	0	1	143	0	146
9317	0	0	1	163	0	164
9318	0	0	0	161	0	161
9319	0	153	0	2	0	155
9320	1	0	0	161	0	162
9321	1	1	159	1	0	162
9322	0	1	0	161	0	162
9323	1	1	155	1	0	158
9324	0	0	155	2	0	157
9325	1	0	1	152	0	154
9326	0	1	153	0	0	154
9327	2	0	1	152	0	155
9328	152	1	1	2	0	156
9329	1	0	152	1	0	154
9330	149	0	0	2	0	151
9331	2	0	2	151	0	155
9332	1	0	153	1	0	155
9333	1	150	1	3	0	155
9334	1	0	2	164	0	167
9335	0	1	181	1	0	183
9336	1	1	1	180	0	183
9337	182	0	1	4	0	187
9338	186	1	2	1	0	190
9339	193	0	1	2	0	196
9340	3	0	1	197	0	201
9341	3	0	0	198	0	201
9342	3	0	0	201	0	204
9343	207	1	0	4	0	212
9344	1	211	0	3	0	215
9345	2	1	0	213	0	216
9346	2	1	0	214	0	217
9347	209	1	0	2	0	212
9348	2	216	0	2	0	220
9349	2	1	0	218	0	221
9350	222	0	0	2	0	224
9351	220	1	0	2	0	223
9352	2	0	1	218	0	221
9353	218	0	0	3	0	221
9354	4	0	0	218	0	222
9355	1	1	215	4	0	221
9356	3	0	2	216	0	221
9357	0	0	2	222	0	224
9358	1	0	1	228	0	230
9359	222	0	0	6	0	228
9360	3	221	0	2	0	226
9361	222	3	0	2	0	227
9362	4	219	0	1	0	224
9363	1	225	0	0	0	226
9364	222	3	0	0	0	225
9365	3	228	0	0	0	231
9366	1	4	0	228	0	233
9367	225	0	0	3	0	228
9368	229	2	0	1	0	232
9369	4	0	0	223	0	227
9370	2	0	0	221	0	223
9371	0	224	0	4	0	228
9372	227	3	0	2	0	232
9373	226	1	0	1	0	228
9374	4	231	0	0	0	235
9375	2	238	0	0	0	240
9376	1	6	0	240	0	247
9377	239	2	0	3	0	244
9378	3	1	0	240	0	244
9379	1	0	0	242	0	243
9380	1	0	237	4	0	242
9381	0	0	241	2	0	243
9382	0	0	4	238	0	242
9383	0	0	234	3	0	237
9384	0	233	3	1	0	237
9385	0	3	1	238	0	242
9386	0	1	1	244	0	246
9387	0	1	0	245	0	246
9388	0	0	242	5	0	247
9389	1	0	238	2	0	241
9390	235	0	4	1	0	240
9391	3	241	2	0	0	246
9392	241	3	0	1	0	245
9393	4	1	0	240	0	245
9394	244	2	0	3	0	249
9395	3	0	0	248	0	251
9396	2	246	0	3	0	251
9397	249	3	0	3	0	255
9398	4	1	245	0	0	250
9399	3	236	3	0	0	242
9400	239	4	0	1	0	244
9401	3	1	1	232	0	237
9402	0	225	0	5	0	230
9403	0	3	0	240	0	243
9404	237	0	0	4	0	241
9405	4	1	0	236	0	241
9406	238	1	0	4	0	243
9407	4	0	238	2	0	244
9408	2	3	3	233	0	241
9409	238	2	0	3	0	243
9410	4	0	237	3	0	244
9411	3	231	2	0	0	236
9412	1	3	1	228	0	233
9413	1	1	230	5	0	237
9414	3	0	226	1	0	230
9415	0	0	6	231	0	237
9416	0	0	232	4	0	236
9417	0	1	228	3	0	232
9418	1	0	4	231	0	236
9419	232	0	1	5	0	238
9420	5	1	0	233	0	239
9421	1	2	0	233	0	236
9422	2	1	233	5	0	241
9423	1	1	3	240	0	245
9424	244	2	1	4	0	251
9425	5	0	245	2	0	252
9426	1	249	4	0	0	254
9427	0	3	2	253	0	258
9428	258	1	0	4	0	263
9429	5	0	1	262	0	268
9430	1	262	0	5	0	268
9431	0	3	272	4	0	279
9432	0	3	3	282	0	288
9433	302	0	0	5	0	307
9434	3	0	287	1	0	291
9435	1	1	4	287	0	293
9436	289	0	1	4	0	294
9437	305	1	0	2	0	308
9438	6	303	0	0	0	309
9439	301	4	0	2	0	307
9440	5	3	0	296	0	304
9441	2	0	303	6	0	311
9442	1	286	4	2	0	293
9443	1	298	2	1	0	302
9444	0	5	1	295	0	301
9445	3	4	0	293	0	300
9446	0	0	289	8	0	297
9447	1	286	4	4	0	295
9448	1	288	1	2	0	292
9449	3	6	5	277	0	291
9450	276	3	0	3	0	282
9451	4	277	0	3	0	284
9452	3	3	0	281	0	287
9453	289	2	2	3	0	296
9454	3	2	0	292	0	297
9455	2	1	0	293	0	296
9456	0	0	1	299	0	300
9457	0	0	2	297	0	299
9458	287	0	1	5	0	293
9459	2	1	1	288	0	292
9460	2	1	280	2	0	285
9461	279	0	1	5	0	285
9462	4	0	279	0	0	283
9463	2	2	275	1	0	280
9464	0	0	3	282	0	285
9465	2	0	3	276	0	281
9466	0	0	0	284	0	284
9467	280	0	0	5	0	285
9468	2	0	275	3	0	280
9469	272	1	2	1	0	276
9470	280	0	2	2	0	284
9471	5	0	272	1	0	278
9472	275	0	4	0	0	279
9473	4	1	273	0	0	278
9474	3	281	5	0	0	289
9475	2	4	6	274	0	286
9476	2	3	0	282	0	287
9477	1	0	1	287	0	289
9478	1	0	0	286	0	287
9479	2	0	284	6	0	292
9480	0	0	285	3	0	288
9481	2	1	6	279	0	288
9482	1	0	282	3	0	286
9483	275	0	5	4	0	284
9484	283	0	4	1	0	288
9485	7	0	1	277	0	285
9486	274	2	1	3	0	280
9487	3	287	0	5	0	295
9488	284	3	1	2	0	290
9489	3	3	293	1	0	300
9490	3	2	3	293	0	301
9491	1	297	4	3	0	305
9492	296	3	1	5	0	305
9493	5	2	1	298	0	306
9494	3	2	297	3	0	305
9495	2	1	3	292	0	298
9496	293	0	4	4	0	301
9497	3	0	298	6	0	307
9498	5	0	3	297	0	305
9499	2	2	2	307	0	313
9500	2	1	308	6	0	317
9501	2	297	4	4	0	307
9502	2	246	4	2	0	254
9503	0	6	0	304	0	310
9504	1	3	1	308	0	313
9505	1	2	0	310	0	313
9506	305	1	1	7	0	314
9507	301	0	0	6	0	307
9508	6	0	0	302	0	308
9509	298	0	2	4	0	304
9510	4	301	0	3	0	308
9511	2	3	0	309	0	314
9512	2	2	1	310	0	315
9513	2	1	0	311	0	314
9514	291	2	1	7	0	301
9515	4	286	1	4	0	295
9516	3	3	1	291	0	298
9517	286	2	0	8	0	296
9518	4	0	0	293	0	297
9519	3	0	0	294	0	297
9520	1	271	1	6	0	279
9521	3	287	0	3	0	293
9522	2	5	1	287	0	295
9523	1	1	2	284	0	288
9524	277	0	0	6	0	283
9525	3	1	3	275	0	282
9526	2	1	268	4	0	275
9527	0	1	2	264	0	267
9528	0	259	2	5	0	266
9529	263	3	0	5	0	271
9530	4	2	1	262	0	269
9531	4	0	1	250	0	255
9532	3	244	0	4	0	251
9533	225	2	0	3	0	230
9534	3	236	0	2	0	241
9535	3	1	0	230	0	234
9536	0	3	229	1	0	233
9537	0	2	2	208	0	212
9538	208	0	1	4	0	213
9539	2	202	0	2	0	206
9540	2	4	0	206	0	212
9541	0	201	0	1	0	202
9542	0	3	0	205	0	208
9543	1	1	200	2	0	204
9544	0	0	2	196	0	198
9545	0	0	1	198	0	199
9546	0	0	0	199	0	199
9547	191	1	0	3	0	195
9548	196	0	0	2	0	198
9549	3	193	0	1	0	197
9550	196	2	0	0	0	198
9551	2	185	0	1	0	188
9552	1	194	1	0	0	196
9553	185	3	0	1	0	189
9554	2	1	188	0	0	191
9555	2	0	1	187	0	190
9556	0	0	1	186	0	187
9557	0	0	0	192	0	192
9558	186	1	0	4	0	191
9559	3	185	0	2	0	190
9560	2	3	0	197	0	202
9561	0	191	0	4	0	195
9562	211	2	1	2	0	216
9563	2	1	0	211	0	214
9564	2	1	0	251	0	254
9565	0	277	0	3	0	280
9566	1	1	0	289	0	291
9567	1	1	0	293	0	295
9568	288	2	0	6	0	296
9569	3	280	2	3	0	288
9570	1	286	0	4	0	291
9571	2	3	0	282	0	287
9572	1	2	277	3	0	283
9573	0	2	272	1	0	275
9574	1	0	1	274	0	276
9575	0	2	266	2	0	270
9576	2	0	4	266	0	272
9577	0	2	0	266	0	268
9578	1	1	2	277	0	281
9579	268	0	0	5	0	273
9580	3	0	0	270	0	273
9581	1	0	0	273	0	274
9582	2	274	0	3	0	279
9583	0	1	0	285	0	286
9584	1	1	281	4	0	287
9585	0	3	3	284	0	290
9586	0	0	1	292	0	293
9587	276	1	3	3	0	283
9588	3	0	0	282	0	285
9589	0	0	0	275	0	275
9590	3	0	0	274	0	277
9591	258	1	0	4	0	263
9592	2	262	0	4	0	268
9593	1	1	0	269	0	271
9594	2	2	1	265	0	270
9595	0	4	260	3	0	267
9596	1	0	3	262	0	266
9597	249	0	1	5	0	255
9598	2	249	2	3	0	256
9599	1	2	0	245	0	248
9600	2	0	0	244	0	246
9601	1	2	241	3	0	247
9602	235	1	2	3	0	241
9603	3	235	0	3	0	241
9604	243	5	2	0	0	250
9605	5	0	0	250	0	255
9606	0	1	1	249	0	251
9607	2	0	2	254	0	258
9608	0	1	0	257	0	258
9609	251	0	1	5	0	257
9610	2	1	0	246	0	249
9611	1	241	0	6	0	248
9612	2	1	0	245	0	248
9613	1	0	1	250	0	252
9614	248	2	0	3	0	253
9615	2	243	0	3	0	248
9616	1	3	0	250	0	254
9617	244	0	0	5	0	249
9618	247	3	1	1	0	252
9619	4	0	0	246	0	250
9620	1	0	242	6	0	249
9621	243	0	1	1	0	245
9622	2	1	0	247	0	250
9623	0	1	246	4	0	251
9624	2	0	2	253	0	257
9625	3	0	0	257	0	260
9626	1	2	2	257	0	262
9627	0	275	1	5	0	281
9628	0	2	0	287	0	289
9629	1	0	2	281	0	284
9630	2	2	0	279	0	283
9631	1	0	0	283	0	284
9632	0	1	1	277	0	279
9633	1	0	0	277	0	278
9634	257	0	0	7	0	264
9635	2	0	254	3	0	259
9636	2	245	1	3	0	251
9637	248	2	0	2	0	252
9638	2	248	2	2	0	254
9639	244	5	0	1	0	250
9640	1	0	0	248	0	249
9641	244	2	1	3	0	250
9642	3	0	0	251	0	254
9643	1	0	0	244	0	245
9644	3	245	0	3	0	251
9645	246	2	0	4	0	252
9646	2	0	259	3	0	264
9647	0	2	1	265	0	268
9648	4	1	268	1	0	274
9649	1	2	266	0	0	269
9650	270	1	1	3	0	275
9651	3	0	2	273	0	278
9652	1	0	273	2	0	276
9653	3	0	278	2	0	283
9654	1	0	2	284	0	287
9655	1	1	2	290	0	294
9656	285	0	2	3	0	290
9657	2	0	1	293	0	296
9658	0	0	315	4	0	319
9659	2	0	1	319	0	322
9660	1	2	1	317	0	321
9661	0	323	2	1	0	326
9662	308	1	0	4	0	313
9663	1	304	0	4	0	309
9664	267	1	0	1	0	269
9665	1	237	0	1	0	239
9666	1	225	0	0	0	226
9667	0	2	0	224	0	226
9668	0	0	0	225	0	225
9669	0	0	0	225	0	225
9670	225	0	0	0	0	225
9671	0	0	226	0	0	226
9672	0	0	0	224	0	224
9673	219	0	0	1	0	220
9674	0	220	0	0	0	220
9675	0	215	0	0	0	215
9676	0	0	0	222	0	222
9677	0	0	0	219	0	219
9678	0	0	0	223	0	223
9679	0	221	0	0	0	221
9680	1	0	0	222	0	223
9681	0	0	223	0	0	223
9682	0	0	210	0	0	210
9683	215	0	0	0	0	215
9684	0	0	1	216	0	217
9685	221	0	0	0	0	221
9686	219	0	0	0	0	219
9687	1	216	0	0	0	217
9688	221	0	0	0	0	221
9689	227	0	0	1	0	228
9690	0	0	0	231	0	231
9691	0	0	0	236	0	236
9692	0	1	240	0	0	241
9693	0	242	0	0	0	242
9694	0	0	0	224	0	224
9695	1	0	0	248	0	249
9696	249	0	1	0	0	250
9697	0	0	0	253	0	253
9698	260	0	0	1	0	261
9699	1	0	0	267	0	268
9700	0	272	0	0	0	272
9701	285	0	0	0	0	285
9702	1	0	0	313	0	314
9703	0	0	0	343	0	343
9704	0	1	0	343	0	344
9705	2	0	347	2	0	351
9706	0	0	1	355	0	356
9707	363	0	0	3	0	366
9708	2	0	0	381	0	383
9709	1	0	3	404	0	408
9710	0	0	0	411	0	411
9711	3	399	0	4	0	406
9712	0	412	0	3	0	415
9713	414	4	0	5	0	423
9714	3	418	0	4	0	425
9715	420	4	0	2	0	426
9716	418	4	1	2	0	425
9717	425	0	0	3	0	428
9718	5	3	420	1	0	429
9719	4	428	3	2	0	437
9720	437	3	1	3	0	444
9721	9	1	0	446	0	456
9722	3	1	3	445	0	452
9723	1	4	0	446	0	451
9724	4	439	0	5	0	448
9725	2	5	0	437	0	444
9726	436	2	0	9	0	447
9727	8	2	0	414	0	424
9728	3	3	1	424	0	431
9729	1	1	427	7	0	436
9730	4	0	431	1	0	436
9731	1	0	3	440	0	444
9732	0	0	2	450	0	452
9733	0	446	3	6	0	455
9734	1	4	2	443	0	450
9735	0	2	0	450	0	452
9736	1	0	0	461	0	462
9737	455	2	0	6	0	463
9738	3	1	462	7	0	473
9739	3	0	4	477	0	484
9740	476	0	3	6	0	485
9741	488	1	1	2	0	492
9742	5	0	3	480	0	488
9743	2	2	1	482	0	487
9744	482	0	2	5	0	489
9745	7	473	0	4	0	484
9746	3	470	1	4	0	478
9747	2	5	1	474	0	482
9748	476	2	0	5	0	483
9749	479	3	1	6	0	489
9750	474	3	0	4	0	481
9751	7	1	486	4	0	498
9752	477	0	4	1	0	482
9753	6	2	468	3	0	479
9754	461	0	2	2	0	465
9755	6	454	3	0	0	463
9756	6	6	459	2	0	473
9757	1	2	7	453	0	463
9758	5	1	435	5	0	446
9759	4	4	4	430	0	442
9760	431	1	4	7	0	443
9761	4	0	437	7	0	448
9762	3	1	7	435	0	446
9763	2	469	2	7	0	480
9764	5	3	1	481	0	490
9765	3	2	3	482	0	490
9766	2	1	1	480	0	484
9767	480	2	3	5	0	490
9768	486	0	2	9	0	497
9769	6	2	2	490	0	500
9770	3	3	481	8	0	495
9771	6	0	477	3	0	486
9772	3	2	6	489	0	500
9773	4	2	510	8	0	524
9774	3	3	4	514	0	524
9775	2	1	5	507	0	515
9776	1	1	2	530	0	534
9777	3	513	4	5	0	525
9778	6	489	1	6	0	502
9779	3	3	0	532	0	538
9780	2	1	3	531	0	537
9781	2	2	1	532	0	537
9782	523	2	1	7	0	533
9783	5	0	536	8	0	549
9784	3	2	5	541	0	551
9785	538	1	3	9	0	551
9786	6	542	0	7	0	555
9787	2	3	7	554	0	566
9788	1	2	2	563	0	568
9789	4	0	0	552	0	556
9790	1	2	2	549	0	554
9791	1	3	550	9	0	563
9792	522	2	4	6	0	534
9793	549	0	1	8	0	558
9794	4	1	540	9	0	554
9795	536	1	5	3	0	545
9796	549	0	2	3	0	554
9797	8	0	543	5	0	556
9798	3	562	4	5	0	574
9799	8	9	2	555	0	574
9800	2	4	579	6	0	591
9801	0	561	5	6	0	572
9802	4	5	535	1	0	545
9803	2	512	2	4	0	520
9804	4	0	3	506	0	513
9805	0	1	493	4	0	498
9806	6	1	1	483	0	491
9807	2	2	490	1	0	495
9808	0	476	1	4	0	481
9809	448	0	1	2	0	451
9810	0	447	1	0	0	448
9811	0	470	1	4	0	475
9812	1	0	4	474	0	479
9813	1	0	0	487	0	488
9814	1	0	0	482	0	483
9815	1	0	0	481	0	482
9816	0	0	0	485	0	485
9817	0	0	522	2	0	524
9818	1	0	0	524	0	525
9819	0	0	0	528	0	528
9820	532	0	0	1	0	533
9821	534	0	0	0	0	534
9822	543	0	1	0	0	544
9823	1	0	0	548	0	549
9824	601	0	0	3	0	604
9825	640	0	0	2	0	642
9826	667	0	0	0	0	667
9827	3	0	660	0	0	663
9828	647	0	1	1	0	649
9829	674	0	1	0	0	675
9830	674	0	0	1	0	675
9831	3	0	0	665	0	668
9832	1	0	675	2	0	678
9833	0	0	2	670	0	672
9834	681	0	1	2	0	684
9835	2	0	0	693	0	695
9836	1	716	1	2	0	720
9837	0	2	0	730	0	732
9838	718	1	0	3	0	722
9839	721	0	0	0	0	721
9840	717	0	0	1	0	718
9841	4	0	744	0	0	748
9842	2	0	5	736	0	743
9843	1	0	1	755	0	757
9844	1	0	756	5	0	762
9845	1	743	4	2	0	750
9846	0	4	755	1	0	760
9847	2	2	4	759	0	767
9848	755	0	2	7	0	764
9849	5	0	761	2	0	768
9850	2	0	4	765	0	771
9851	0	2	765	4	0	771
9852	761	0	4	5	0	770
9853	5	2	2	772	0	781
9854	1	0	811	4	0	816
9855	1	0	4	812	0	817
9856	0	0	823	4	0	827
9857	0	830	4	3	0	837
9858	1	3	2	828	0	834
9859	833	2	1	5	0	841
9860	6	1	0	837	0	844
9861	5	0	1	827	0	833
9862	817	0	2	8	0	827
9863	6	779	0	2	0	787
9864	4	794	1	1	0	800
9865	2	5	0	793	0	800
9866	0	802	1	7	0	810
9867	1	4	3	807	0	815
9868	0	3	0	803	0	806
9869	807	0	1	8	0	816
9870	4	807	0	5	0	816
9871	4	6	802	0	0	812
9872	0	818	4	2	0	824
9873	794	5	3	3	0	805
9874	807	3	1	1	0	812
9875	10	0	0	792	0	802
9876	799	0	2	10	0	811
9877	7	1	0	803	0	811
9878	794	2	0	8	0	804
9879	790	1	3	4	0	798
9880	10	3	0	821	0	834
9881	823	1	2	10	0	836
9882	10	0	829	5	0	844
9883	808	0	6	6	0	820
9884	9	2	4	819	0	834
9885	824	1	1	9	0	835
9886	8	841	3	4	0	856
9887	6	8	0	835	0	849
9888	3	3	0	845	0	851
9889	836	3	1	9	0	849
9890	6	1	837	9	0	853
9891	5	832	6	5	0	848
9892	4	8	4	837	0	853
9893	3	837	3	8	0	851
9894	2	9	2	844	0	857
9895	2	3	1	853	0	859
9896	3	2	0	863	0	868
9897	845	2	1	13	0	861
9898	7	2	1	832	0	842
9899	822	4	0	10	0	836
9900	805	0	1	8	0	814
9901	11	4	0	806	0	821
9902	807	0	1	12	0	820
9903	804	1	0	8	0	813
9904	14	0	809	4	0	827
9905	7	2	7	801	0	817
9906	812	0	5	8	0	825
9907	9	815	2	5	0	831
9908	824	5	1	5	0	835
9909	828	5	1	3	0	837
9910	11	2	815	6	0	834
9911	8	1	7	791	0	807
9912	854	1	3	11	0	869
9913	10	0	3	883	0	896
9914	10	1	1	936	0	948
9915	5	2	1	950	0	958
9916	7	1	0	1010	0	1018
9917	1007	1	1	21	0	1030
9918	19	2	1046	8	0	1075
9919	5	2	16	1071	0	1094
9920	7	0	1142	21	0	1170
9921	1	3	1178	5	0	1187
9922	1169	1	26	8	0	1204
9923	24	1	1204	7	0	1236
9924	6	1156	31	3	0	1196
9925	1147	24	15	3	0	1189
9926	1164	2	10	3	0	1179
9927	29	6	5	1128	0	1168
9928	11	3	1145	25	0	1184
9929	12	1	1146	2	0	1161
9930	1193	2	23	10	0	1228
9931	28	0	10	1223	0	1261
9932	1221	2	9	24	0	1256
9933	31	1256	4	5	0	1296
9934	1265	22	4	9	0	1300
9935	1277	4	0	14	0	1295
9936	36	1242	3	3	0	1284
9937	12	26	6	1249	0	1293
9938	1255	3	0	24	0	1282
9939	28	7	1251	8	0	1294
9940	11	1246	23	7	0	1287
9941	12	22	5	1242	0	1281
9942	1243	5	6	22	0	1276
9943	26	1243	4	11	0	1284
9944	1263	25	5	11	0	1304
9945	29	8	1246	6	0	1289
9946	1246	12	22	6	0	1286
9947	34	4	1261	5	0	1304
9948	1262	5	30	3	0	1300
9949	1261	5	7	5	0	1278
9950	33	1	1266	1	0	1301
9951	17	1251	30	6	0	1304
9952	17	23	6	1232	0	1278
9953	8	6	1274	27	0	1315
9954	10	1245	27	8	0	1290
9955	10	26	7	1238	0	1281
9956	12	7	14	1263	0	1296
9957	5	15	1240	30	0	1290
9958	9	5	25	1225	0	1264
9959	12	4	12	1262	0	1290
9960	7	4	1248	37	0	1296
9961	5	5	34	1212	0	1256
9962	6	1236	13	35	0	1290
9963	1240	26	14	14	0	1294
9964	27	6	9	1235	0	1277
9965	12	1250	9	27	0	1298
9966	13	29	6	1201	0	1249
9967	11	1273	6	33	0	1323
9968	7	34	1278	13	0	1332
9969	9	1284	32	9	0	1334
9970	1282	35	11	11	0	1339
9971	1302	9	13	9	0	1333
9972	1320	14	10	9	0	1353
9973	40	12	1316	6	0	1374
9974	23	7	1316	8	0	1354
9975	20	1334	27	7	0	1388
9976	15	26	18	1302	0	1361
9977	10	1368	17	25	0	1420
9978	9	36	10	1272	0	1327
9979	12	1365	3	31	0	1411
9980	1377	34	7	14	0	1432
9981	1497	15	4	11	0	1527
9982	37	12	8	1528	0	1585
9983	21	9	1524	30	0	1584
9984	1512	10	32	8	0	1562
9985	37	1544	12	17	0	1610
9986	23	29	16	1500	0	1568
9987	25	14	7	1495	0	1541
9988	13	1549	6	30	0	1598
9989	1539	30	8	23	0	1600
9990	39	14	1525	10	0	1588
9991	12	15	28	1534	0	1589
9992	1545	8	11	31	0	1595
9993	1542	8	16	13	0	1579
9994	36	1528	12	12	0	1588
9995	24	35	5	1503	0	1567
9996	23	1531	7	33	0	1594
9997	1578	35	3	18	0	1634
9998	32	16	1563	11	0	1622
9999	15	13	1579	10	0	1617
10000	16	12	31	1570	0	1629
10001	10	10	23	1570	0	1613
10002	11	1572	16	37	0	1636
10003	13	31	7	1583	0	1634
10004	14	15	1563	36	0	1628
10005	1563	10	32	18	0	1623
10006	31	12	12	1581	0	1636
10007	10	5	1568	43	0	1626
10008	21	13	34	1554	0	1622
10009	12	10	14	1561	0	1597
10010	12	1574	14	35	0	1635
10011	15	32	9	1573	0	1629
10012	11	14	10	1531	0	1566
10013	18	14	9	1504	0	1545
10014	1410	7	8	42	0	1467
10015	23	1379	10	27	0	1439
10016	11	1352	8	15	0	1386
10017	1292	25	3	15	0	1335
10018	1242	15	6	10	0	1273
10019	21	1193	5	9	0	1228
10020	14	1130	2	11	0	1157
10021	1056	15	4	7	0	1082
10022	8	1050	1	7	0	1066
10023	7	1062	5	5	0	1079
10024	1062	10	3	7	0	1082
10025	8	1061	3	5	0	1077
10026	1059	12	2	4	0	1077
10027	1048	11	2	5	0	1066
10028	1049	7	4	4	0	1064
10029	18	1047	3	3	0	1071
10030	14	1043	0	4	0	1061
10031	9	15	1	1005	0	1030
10032	3	1008	2	14	0	1027
10033	8	13	0	1031	0	1052
10034	1052	10	2	14	0	1078
10035	16	9	2	1036	0	1063
10036	14	1028	3	17	0	1062
10037	1017	12	2	13	0	1044
10038	11	1006	1	9	0	1027
10039	9	1039	3	6	0	1057
10040	7	27	4	1001	0	1039
10041	3	1020	3	12	0	1038
10042	1008	15	2	12	0	1037
10043	14	10	994	8	0	1026
10044	9	993	10	6	0	1018
10045	6	10	8	996	0	1020
10046	4	10	991	13	0	1018
10047	9	6	9	981	0	1005
10048	4	6	9	994	0	1013
10049	3	5	5	1005	0	1018
10050	0	2	2	987	0	991
10051	5	5	970	19	0	999
10052	5	963	10	13	0	991
10053	945	12	7	12	0	976
10054	9	10	936	8	0	963
10055	931	5	9	9	0	954
10056	17	3	960	4	0	984
10057	9	7	13	952	0	981
10058	6	4	948	15	0	973
10059	6	4	960	12	0	982
10060	5	4	16	955	0	980
10061	5	7	15	914	0	941
10062	6	4	5	975	0	990
10063	6	6	4	969	0	985
10064	969	4	2	21	0	996
10065	14	3	968	16	0	1001
10066	976	5	12	9	0	1002
10067	968	6	7	9	0	990
10068	971	3	7	6	0	987
10069	970	3	4	5	0	982
10070	967	3	3	8	0	981
10071	21	2	3	953	0	979
10072	14	4	899	15	0	932
10073	6	1	887	11	0	905
10074	2	902	17	4	0	925
10075	870	10	13	6	0	899
10076	14	15	4	854	0	887
10077	10	13	2	834	0	859
10078	9	834	1	14	0	858
10079	5	826	1	10	0	842
10080	5	816	2	5	0	828
10081	697	14	4	11	0	726
10082	7	10	2	645	0	664
10083	6	643	3	8	0	660
10084	4	11	2	643	0	660
10085	4	6	632	9	0	651
10086	4	6	663	6	0	679
10087	4	3	11	716	0	734
10088	738	5	8	9	0	760
10089	783	5	2	8	0	798
10090	786	5	2	7	0	800
10091	18	3	799	3	0	823
10092	11	2	8	789	0	810
10093	9	4	5	805	0	823
10094	2	6	789	14	0	811
10095	774	2	9	12	0	797
10096	10	2	804	7	0	823
10097	6	2	774	3	0	785
10098	5	0	788	5	0	798
10099	2	2	15	783	0	802
10100	6	2	6	790	0	804
10101	2	0	805	13	0	820
10102	1	2	12	811	0	826
10103	817	0	8	16	0	841
10104	10	1	5	831	0	847
10105	8	0	837	16	0	861
10106	6	0	867	8	0	881
10107	2	2	17	868	0	889
10108	929	1	9	14	0	953
10109	13	942	7	7	0	969
10110	958	11	4	9	0	982
10111	972	7	6	4	0	989
10112	19	2	993	6	0	1020
10113	18	0	12	986	0	1016
10114	999	2	10	13	0	1024
10115	989	2	9	11	0	1011
10116	17	1004	5	9	0	1035
10117	18	10	7	1010	0	1045
10118	7	6	3	1036	0	1052
10119	6	9	1013	23	0	1051
10120	9	2	11	1017	0	1039
10121	9	2	1017	19	0	1047
10122	7	2	1010	10	0	1029
10123	2	0	20	994	0	1016
10124	983	0	14	19	0	1016
10125	18	958	6	11	0	993
10126	958	12	2	10	0	982
10127	953	9	7	6	0	975
10128	20	962	7	6	0	995
10129	17	7	3	915	0	942
10130	896	9	3	10	0	918
10131	17	897	4	10	0	928
10132	895	9	4	9	0	917
10133	18	865	2	5	0	890
10134	9	10	2	849	0	870
10135	9	6	3	859	0	877
10136	843	6	5	15	0	869
10137	828	3	4	13	0	848
10138	15	856	3	7	0	881
10139	9	8	828	6	0	851
10140	6	4	821	5	0	836
10141	4	6	15	812	0	837
10142	5	839	7	9	0	860
10143	7	9	5	850	0	871
10144	1	7	3	844	0	855
10145	5	4	3	850	0	862
10146	5	1	835	17	0	858
10147	5	3	810	10	0	828
10148	4	842	11	8	0	865
10149	2	10	10	845	0	867
10150	3	6	8	873	0	890
10151	4	6	851	15	0	876
10152	828	3	9	11	0	851
10153	12	3	6	872	0	893
10154	8	2	871	11	0	892
10155	858	1	9	10	0	878
10156	8	873	9	10	0	900
10157	9	8	897	4	0	918
10158	11	6	9	900	0	926
10159	877	8	6	13	0	904
10160	9	2	902	11	0	924
10161	7	2	9	908	0	926
10162	6	2	10	924	0	942
10163	2	1	8	981	0	992
10164	990	2	5	21	0	1018
10165	12	964	5	14	0	995
10166	8	12	2	976	0	998
10167	8	9	986	15	0	1018
10168	6	7	13	969	0	995
10169	7	963	8	15	0	993
10170	6	1010	7	16	0	1039
10171	1014	17	3	11	0	1045
10172	1016	13	3	9	0	1041
10173	20	8	1001	6	0	1035
10174	993	3	12	10	0	1018
10175	19	1007	10	3	0	1039
10176	1020	13	4	7	0	1044
10177	20	11	4	1013	0	1048
10178	10	8	1046	15	0	1079
10179	10	4	13	1044	0	1071
10180	9	5	1047	16	0	1077
10181	1029	5	19	12	0	1065
10182	15	5	12	1063	0	1095
10183	11	1074	10	13	0	1108
10184	8	19	3	1085	0	1115
10185	6	11	1075	18	0	1110
10186	7	1034	12	11	0	1064
10187	983	14	8	15	0	1020
10188	11	947	12	4	0	974
10189	10	922	3	4	0	939
10190	6	19	5	899	0	929
10191	4	907	3	11	0	925
10192	4	17	0	928	0	949
10193	4	13	904	16	0	937
10194	875	9	12	12	0	908
10195	899	2	8	10	0	919
10196	20	5	908	1	0	934
10197	876	5	10	2	0	893
10198	15	882	10	6	0	913
10199	890	9	7	1	0	907
10200	15	9	1	871	0	896
10201	14	6	883	7	0	910
10202	7	904	8	8	0	927
10203	6	7	10	898	0	921
10204	2	9	8	903	0	922
10205	874	4	1	20	0	899
10206	825	4	3	13	0	845
10207	17	827	1	4	0	849
10208	11	781	0	4	0	796
10209	6	769	2	2	0	779
10210	12	10	3	740	0	765
10211	732	6	1	8	0	747
10212	723	6	0	6	0	735
10213	14	2	0	723	0	739
10214	8	0	0	717	0	725
10215	717	2	4	9	0	732
10216	9	3	1	720	0	733
10217	6	4	712	6	0	728
10218	715	0	5	7	0	727
10219	714	0	3	9	0	726
10220	10	2	735	2	0	749
10221	753	0	5	5	0	763
10222	9	1	9	761	0	780
10223	7	3	3	765	0	778
10224	6	0	1	778	0	785
10225	763	4	1	10	0	778
10226	6	777	2	9	0	794
10227	8	6	2	780	0	796
10228	1	766	1	9	0	777
10229	772	6	0	7	0	785
10230	8	7	2	769	0	786
10231	9	3	1	778	0	791
10232	4	771	0	15	0	790
10233	1	10	770	5	0	786
10234	4	5	8	780	0	797
10235	787	3	6	14	0	810
10236	883	3	2	5	0	893
10237	18	0	895	5	0	918
10238	12	1	14	901	0	928
10239	5	916	8	12	0	941
10240	2	14	2	941	0	959
10241	929	7	2	16	0	954
10242	928	2	0	13	0	943
10243	20	2	5	915	0	942
10244	10	908	2	14	0	934
10245	966	14	2	12	0	994
10246	16	6	1	1003	0	1026
10247	1008	4	0	15	0	1027
10248	1041	2	1	13	0	1057
10249	24	4	0	1033	0	1061
10250	10	2	0	1040	0	1052
10251	9	2	3	1052	0	1066
10252	6	1042	0	25	0	1073
10253	7	11	0	1056	0	1074
10254	5	8	0	1050	0	1063
10255	5	4	1019	24	0	1052
10256	6	4	979	13	0	1002
10257	3	0	18	1004	0	1025
10258	999	3	7	18	0	1027
10259	13	989	7	11	0	1020
10260	968	14	3	7	0	992
10261	14	7	971	7	0	999
10262	12	2	916	3	0	933
10263	5	932	14	4	0	955
10264	5	10	13	903	0	931
10265	1	7	913	9	0	930
10266	3	3	926	7	0	939
10267	2	3	12	914	0	931
10268	915	1	7	11	0	934
10269	907	2	6	5	0	920
10270	12	2	3	886	0	903
10271	7	2	941	9	0	959
10272	7	0	9	959	0	975
10273	4	1	5	962	0	972
10274	4	970	3	12	0	989
10275	964	6	4	11	0	985
10276	960	6	2	6	0	974
10277	11	985	0	4	0	1000
10278	5	12	0	942	0	959
10279	7	959	2	13	0	981
10280	954	10	6	6	0	976
10281	10	5	947	5	0	967
10282	7	3	886	2	0	898
10283	3	3	911	3	0	920
10284	5	1	11	931	0	948
10285	3	2	8	924	0	937
10286	923	0	3	18	0	944
10287	10	2	2	924	0	938
10288	8	2	2	937	0	949
10289	3	0	960	17	0	980
10290	5	3	925	6	0	939
10291	941	2	9	8	0	960
10292	10	953	6	6	0	975
10293	967	9	4	2	0	982
10294	12	4	4	963	0	983
10295	7	2	2	955	0	966
10296	3	952	2	16	0	973
10297	6	8	2	957	0	973
10298	943	7	1	14	0	965
10299	12	2	0	955	0	969
10300	7	3	954	11	0	975
10301	3	930	11	9	0	953
10302	914	9	5	6	0	934
10303	915	5	4	4	0	928
10304	923	1	0	5	0	929
10305	925	2	2	7	0	936
10306	19	3	2	912	0	936
10307	9	4	2	927	0	942
10308	6	0	919	14	0	939
10309	8	1	10	930	0	949
10310	4	2	916	15	0	937
10311	3	3	11	920	0	937
10312	918	2	4	12	0	936
10313	11	941	2	10	0	964
10314	6	10	6	961	0	983
10315	6	4	1	980	0	991
10316	955	4	1	19	0	979
10317	947	3	2	10	0	962
10318	17	2	940	8	0	967
10319	5	939	14	9	0	967
10320	3	13	6	936	0	958
10321	5	3	3	937	0	948
10322	920	3	4	17	0	944
10323	916	4	0	8	0	928
10324	17	3	923	3	0	946
10325	6	4	906	5	0	921
10326	6	0	16	898	0	920
10327	4	2	6	920	0	932
10328	4	1	909	16	0	930
10329	886	1	14	8	0	909
10330	14	1	4	914	0	933
10331	908	0	3	15	0	926
10332	9	895	5	5	0	914
10333	916	7	1	6	0	930
10334	12	3	970	5	0	990
10335	7	955	10	3	0	975
10336	3	894	2	2	0	901
10337	839	8	11	4	0	862
10338	833	3	2	1	0	839
10339	9	2	0	828	0	839
10340	1	822	1	6	0	830
10341	3	854	1	1	0	859
10342	4	6	0	882	0	892
10343	892	1	1	8	0	902
10344	912	1	2	3	0	918
10345	6	1	841	2	0	850
10346	824	0	7	2	0	833
10347	6	917	3	2	0	928
10348	965	8	2	2	0	977
10349	12	1166	0	1	0	1179
10350	3	1241	0	2	0	1246
10351	6	27	0	1364	0	1397
10352	1433	5	2	24	0	1464
10353	1484	2	0	10	0	1496
10354	35	3	1456	3	0	1497
10355	14	2	27	1451	0	1494
10356	1470	1	5	31	0	1507
10357	36	0	3	1467	0	1506
10358	1477	0	3	33	0	1513
10359	1496	0	3	13	0	1512
10360	40	2	1483	5	0	1530
10361	18	2	29	1470	0	1519
10362	8	1	6	1495	0	1510
10363	10	2	2	1512	0	1526
10364	5	1	1463	36	0	1505
10365	4	0	33	1466	0	1503
10366	5	1	5	1445	0	1456
10367	2	1442	3	35	0	1482
10368	4	29	1423	11	0	1467
10369	2	1447	29	8	0	1486
10370	1445	32	6	9	0	1492
10371	34	9	4	1372	0	1419
10372	12	8	3	1362	0	1385
10373	6	1366	4	31	0	1407
10374	1359	31	3	10	0	1403
10375	1395	7	0	10	0	1412
10376	36	1358	1	6	0	1401
10377	12	1393	2	5	0	1412
10378	1372	34	1	6	0	1413
10379	39	8	1354	2	0	1403
10380	10	7	1363	3	0	1383
10381	1323	7	30	3	0	1363
10382	33	1365	11	7	0	1416
10383	1370	27	8	7	0	1412
10384	34	7	1365	4	0	1410
10385	1367	4	29	4	0	1404
10386	30	1405	8	8	0	1451
10387	14	30	6	1406	0	1456
10388	13	6	4	1427	0	1450
10389	7	4	5	1351	0	1367
10390	10	4	0	1395	0	1409
10391	7	5	6	1365	0	1383
10392	3	1357	2	45	0	1407
10393	1348	28	4	20	0	1400
10394	29	9	1344	16	0	1398
10395	12	4	30	1365	0	1411
10396	5	7	1362	36	0	1410
10397	14	4	29	1363	0	1410
10398	9	3	11	1392	0	1415
10399	1360	2	11	40	0	1413
10400	29	6	1343	15	0	1393
10401	12	1349	28	13	0	1402
10402	8	29	7	1361	0	1405
10403	9	6	7	1385	0	1407
10404	5	9	1367	35	0	1416
10405	8	7	29	1363	0	1407
10406	8	5	7	1396	0	1416
10407	1348	4	7	41	0	1400
10408	29	1359	5	13	0	1406
10409	1359	29	4	13	0	1405
10410	1378	7	3	9	0	1397
10411	38	7	3	1361	0	1409
10412	14	7	1346	29	0	1396
10413	13	7	1345	11	0	1376
10414	13	1	32	1308	0	1354
10415	5	6	11	1305	0	1327
10416	8	1319	6	36	0	1369
10417	1303	27	8	12	0	1350
10418	28	1289	7	14	0	1338
10419	9	1322	4	9	0	1344
10420	1316	35	3	9	0	1363
10421	31	16	2	1300	0	1349
10422	14	1346	3	31	0	1394
10423	7	30	4	1350	0	1391
10424	9	12	1339	31	0	1391
10425	3	6	1357	17	0	1383
10426	4	5	30	1353	0	1392
10427	3	5	1365	31	0	1404
10428	4	2	30	1360	0	1396
10429	7	2	12	1365	0	1386
10430	6	3	6	1385	0	1400
10431	1334	3	7	39	0	1383
10432	28	1313	8	20	0	1369
10433	9	1348	2	17	0	1376
10434	1251	27	3	12	0	1293
10435	1269	10	5	7	0	1291
10436	36	10	1	1241	0	1288
10437	14	7	1244	28	0	1293
10438	13	4	26	1243	0	1286
10439	7	6	1253	27	0	1293
10440	6	1243	26	13	0	1288
10441	4	21	6	1247	0	1278
10442	1218	8	7	30	0	1263
10443	23	7	5	1217	0	1252
10444	7	4	1172	27	0	1210
10445	1149	3	23	13	0	1188
10446	26	2	1168	12	0	1208
10447	20	6	1079	4	0	1109
10448	6	1017	23	7	0	1053
10449	2	815	7	7	0	831
10450	3	774	12	3	0	792
10451	598	13	22	7	0	640
10452	549	0	3	4	0	556
10453	1	0	0	545	0	546
10454	0	0	0	545	0	545
10455	0	0	0	553	0	553
10456	0	559	0	1	0	560
10457	561	1	0	0	0	562
10458	1	559	0	1	0	561
10459	0	1	0	560	0	561
10460	536	0	0	2	0	538
10461	2	0	0	546	0	548
10462	0	0	0	551	0	551
10463	550	0	0	2	0	552
10464	544	0	0	1	0	545
10465	1	1	541	0	0	543
10466	0	1	537	0	0	538
10467	0	0	546	0	0	546
10468	0	0	1	549	0	550
10469	0	0	0	552	0	552
10470	0	550	0	1	0	551
10471	570	1	0	1	0	572
10472	1	0	0	582	0	583
10473	0	0	0	585	0	585
10474	0	596	0	1	0	597
10475	0	610	0	0	0	610
10476	0	1	0	626	0	627
10477	1	0	0	715	0	716
10478	720	0	0	5	0	725
10479	720	0	0	3	0	723
10480	7	0	0	720	0	727
10481	3	0	725	5	0	733
10482	2	0	709	2	0	713
10483	0	0	7	711	0	718
10484	2	0	1	694	0	697
10485	0	686	1	8	0	695
10486	662	5	0	2	0	669
10487	6	1	0	662	0	669
10488	2	1	668	6	0	677
10489	3	0	5	668	0	676
10490	1	1	665	6	0	673
10491	1	2	672	2	0	677
10492	0	2	7	676	0	685
10493	674	0	3	8	0	685
10494	7	0	668	4	0	679
10495	3	0	6	663	0	672
10496	2	1	707	8	0	718
10497	2	0	7	703	0	712
10498	3	0	4	717	0	724
10499	1	0	713	9	0	723
10500	1	1	702	4	0	708
10501	2	1	8	682	0	693
10502	1	0	4	719	0	724
10503	1	0	2	718	0	721
10504	2	1	2	710	0	715
10505	704	0	1	9	0	714
10506	707	2	1	9	0	719
10507	8	708	2	1	0	719
10508	701	8	0	4	0	713
10509	10	2	2	707	0	721
10510	708	1	3	10	0	722
10511	9	0	722	6	0	737
10512	735	0	9	4	0	748
10513	9	0	3	758	0	770
10514	4	1	0	787	0	792
10515	779	0	5	11	0	795
10516	7	1	3	863	0	874
10517	2	0	880	13	0	895
10518	884	1	8	9	0	902
10519	9	907	4	5	0	925
10520	5	8	1	925	0	939
10521	4	3	996	9	0	1012
10522	2	1	8	985	0	996
10523	3	2	990	12	0	1007
10524	4	1	13	991	0	1009
10525	1	998	6	14	0	1019
10526	3	9	3	1003	0	1018
10527	3	1032	2	11	0	1048
10528	5	12	1	995	0	1013
10529	5	2	2	1072	0	1081
10530	3	2	4	1078	0	1087
10531	10	1	3	1077	0	1091
10532	1	2	1	1085	0	1089
10533	1	3	1073	16	0	1093
10534	3	1	12	1076	0	1092
10535	4	1	6	1091	0	1102
10536	1085	1	4	22	0	1112
10537	11	1079	3	13	0	1106
10538	1089	11	2	10	0	1112
10539	16	5	2	1093	0	1116
10540	6	10	1071	14	0	1101
10541	5	1083	9	12	0	1109
10542	1078	11	6	9	0	1104
10543	11	1072	5	7	0	1095
10544	6	1092	3	7	0	1108
10545	1096	11	5	9	0	1121
10546	13	6	4	1167	0	1190
10547	1157	4	4	20	0	1185
10548	15	1	3	1133	0	1152
10549	6	3	1139	18	0	1166
10550	5	3	1135	12	0	1155
10551	1115	3	14	11	0	1143
10552	1145	1	11	9	0	1166
10553	19	4	4	1123	0	1150
10554	8	4	3	1137	0	1152
10555	1101	3	2	22	0	1128
10556	10	1082	4	13	0	1109
10557	10	1113	5	7	0	1135
10558	1108	16	1	6	0	1131
10559	1116	9	2	5	0	1132
10560	17	1119	2	7	0	1145
10561	13	13	2	1109	0	1137
10562	7	6	1096	16	0	1125
10563	6	6	1083	10	0	1105
10564	1080	1	16	7	0	1104
10565	14	3	1095	8	0	1120
10566	9	1	14	1077	0	1101
10567	10	2	7	1061	0	1080
10568	8	1069	3	16	0	1096
10569	1069	10	2	13	0	1094
10570	17	6	3	1070	0	1096
10571	9	6	1042	13	0	1070
10572	8	1043	11	6	0	1068
10573	7	13	7	1028	0	1055
10574	5	10	1025	13	0	1053
10575	5	4	993	7	0	1009
10576	5	975	14	6	0	1000
10577	888	8	7	4	0	907
10578	6	890	3	4	0	903
10579	893	7	4	4	0	908
10580	5	4	890	3	0	902
10581	869	3	7	2	0	881
10582	8	876	5	3	0	892
10583	8	5	2	887	0	902
10584	2	5	2	898	0	907
10585	887	4	3	11	0	905
10586	7	3	888	5	0	903
10587	881	2	7	6	0	896
10588	883	5	7	4	0	899
10589	9	3	871	3	0	886
10590	6	2	885	6	0	899
10591	8	3	7	875	0	893
10592	896	2	7	7	0	912
10593	890	4	2	7	0	903
10594	13	927	2	4	0	946
10595	7	8	3	937	0	955
10596	5	6	3	897	0	911
10597	5	2	2	915	0	924
10598	8	1	3	919	0	931
10599	915	4	3	10	0	932
10600	13	2	2	908	0	925
10601	5	0	904	11	0	920
10602	5	2	882	4	0	893
10603	879	0	11	6	0	896
10604	8	888	7	4	0	907
10605	9	907	5	4	0	925
10606	6	8	2	920	0	936
10607	3	5	2	926	0	936
10608	6	3	1	914	0	924
10609	6	2	0	930	0	938
10610	3	1	917	12	0	933
10611	3	3	8	899	0	913
10612	5	1	3	897	0	906
10613	4	0	864	11	0	879
10614	810	1	8	12	0	831
10615	7	833	5	7	0	852
10616	770	5	3	2	0	780
10617	7	5	745	4	0	761
10618	6	3	745	4	0	758
10619	1	735	9	3	0	748
10620	684	15	27	7	0	733
10621	630	3	5	8	0	646
10622	644	0	2	4	0	650
10623	4	634	1	4	0	643
10624	618	3	2	2	0	625
10625	3	2	634	0	0	639
10626	5	626	3	0	0	634
10627	613	5	4	0	0	622
10628	4	630	2	0	0	636
10629	597	4	4	3	0	608
10630	579	2	1	4	0	586
10631	11	1	587	2	0	601
10632	2	590	4	2	0	598
10633	579	6	3	1	0	589
10634	5	2	573	3	0	583
10635	1	575	3	3	0	582
10636	7	6	1	557	0	571
10637	1	0	560	3	0	564
10638	1	2	551	0	0	554
10639	3	0	2	557	0	562
10640	561	0	3	2	0	566
10641	2	565	2	0	0	569
10642	1	4	555	0	0	560
10643	2	0	554	2	0	558
10644	531	1	2	3	0	537
10645	4	540	1	2	0	547
10646	476	4	1	1	0	482
10647	5	475	0	0	0	480
10648	484	3	0	0	0	487
10649	467	3	0	0	0	470
10650	4	460	0	1	0	465
10651	0	3	0	463	0	466
10652	486	0	0	3	0	489
10653	5	0	0	490	0	495
10654	0	0	2	510	0	512
10655	512	2	0	4	0	518
10656	5	516	0	1	0	522
10657	517	3	3	2	0	525
10658	4	2	520	0	0	526
10659	0	1	3	522	0	526
10660	2	0	1	513	0	516
10661	510	0	3	4	0	517
10662	514	1	0	2	0	517
10663	5	1	0	510	0	516
10664	1	2	521	3	0	527
10665	3	0	4	512	0	519
10666	2	1	1	522	0	526
10667	4	1	0	522	0	527
10668	2	3	0	524	0	529
10669	522	0	0	3	0	525
10670	4	3	520	0	0	527
10671	2	523	4	0	0	529
10672	3	5	0	516	0	524
10673	2	2	0	548	0	552
10674	1	0	544	8	0	553
10675	4	0	540	2	0	546
10676	1	1	5	556	0	563
10677	0	1	1	563	0	565
10678	3	0	552	6	0	561
10679	1	3	6	549	0	559
10680	561	1	0	6	0	568
10681	5	560	3	2	0	570
10682	1	5	567	2	0	575
10683	2	561	5	3	0	571
10684	3	7	0	565	0	575
10685	4	1	561	6	0	572
10686	1	565	7	3	0	576
10687	1	6	2	574	0	583
10688	1	0	579	10	0	590
10689	2	2	6	578	0	588
10690	2	0	0	575	0	577
10691	568	1	1	10	0	580
10692	9	1	0	570	0	580
10693	571	1	2	10	0	584
10694	528	2	0	3	0	533
10695	527	1	1	1	0	530
10696	9	0	1	523	0	533
10697	0	0	512	10	0	522
10698	1	1	508	4	0	514
10699	522	0	8	1	0	531
10700	8	0	533	2	0	543
10701	529	0	8	0	0	537
10702	7	537	1	2	0	547
10703	542	7	2	2	0	553
10704	7	1	549	2	0	559
10705	0	0	559	3	0	562
10706	1	1	8	578	0	588
10707	0	1	590	9	0	600
10708	2	1	607	1	0	611
10709	1	0	10	634	0	645
10710	0	2	0	665	0	667
10711	1	0	1	682	0	684
10712	1	665	2	12	0	680
10713	1	10	2	662	0	675
10714	1	684	1	10	0	696
10715	690	12	2	4	0	708
10716	717	2	1	4	0	724
10717	14	1	1	691	0	707
10718	2	701	1	17	0	721
10719	3	14	705	2	0	724
10720	715	5	16	1	0	737
10721	19	1	2	714	0	736
10722	4	3	2	726	0	735
10723	4	2	2	729	0	737
10724	714	3	0	21	0	738
10725	18	678	5	4	0	705
10726	5	702	2	2	0	711
10727	678	16	2	7	0	703
10728	20	678	1	4	0	703
10729	687	18	1	8	0	714
10730	709	4	0	3	0	716
10731	20	686	1	6	0	713
10732	6	20	1	681	0	708
10733	6	688	0	19	0	713
10734	3	20	0	688	0	711
10735	4	3	3	737	0	747
10736	724	4	0	22	0	750
10737	749	4	3	2	0	758
10738	27	1	2	732	0	762
10739	5	3	709	24	0	741
10740	699	1	18	8	0	726
10741	18	697	5	7	0	727
10742	7	20	3	700	0	730
10743	6	5	2	715	0	728
10744	3	2	1	714	0	720
10745	685	2	3	25	0	715
10746	699	0	1	10	0	710
10747	23	664	2	6	0	695
10748	8	686	0	4	0	698
10749	6	22	0	679	0	707
10750	3	5	1	700	0	709
10751	3	4	676	24	0	707
10752	6	1	18	652	0	677
10753	2	4	649	23	0	678
10754	5	2	636	7	0	650
10755	1	627	20	6	0	654
10756	1	20	4	626	0	651
10757	623	3	6	20	0	652
10758	21	3	1	618	0	643
10759	5	3	613	20	0	641
10760	607	1	20	7	0	635
10761	619	3	5	3	0	630
10762	24	0	609	6	0	639
10763	10	3	20	628	0	661
10764	614	1	3	26	0	644
10765	20	629	3	9	0	661
10766	630	20	5	6	0	661
10767	658	4	4	4	0	670
10768	25	1	3	632	0	661
10769	8	2	4	651	0	665
10770	645	1	2	26	0	674
10771	21	7	2	641	0	671
10772	8	0	636	29	0	673
10773	612	3	21	7	0	643
10774	629	3	5	9	0	646
10775	26	601	2	7	0	636
10776	11	623	3	4	0	641
10777	3	26	1	604	0	634
10778	6	613	6	18	0	643
10779	12	20	2	622	0	656
10780	615	4	2	23	0	644
10781	624	2	6	7	0	639
10782	23	605	0	8	0	636
10783	598	17	3	8	0	626
10784	22	605	7	0	0	634
10785	609	22	1	6	0	638
10786	622	4	3	5	0	634
10787	26	5	597	2	0	630
10788	594	4	17	4	0	619
10789	24	587	5	3	0	619
10790	8	604	2	4	0	618
10791	605	19	2	6	0	632
10792	25	4	2	594	0	625
10793	7	2	602	22	0	633
10794	11	4	17	600	0	632
10795	6	6	3	625	0	640
10796	5	6	599	23	0	633
10797	587	1	16	9	0	613
10798	18	591	4	9	0	622
10799	583	15	3	6	0	607
10800	28	5	1	552	0	586
10801	554	2	1	23	0	580
10802	19	550	4	6	0	579
10803	17	21	0	541	0	579
10804	544	6	0	20	0	570
10805	20	3	504	5	0	532
10806	4	4	473	6	0	487
10807	444	2	15	4	0	465
10808	16	448	5	1	0	470
10809	3	406	1	5	0	415
10810	9	21	4	365	0	399
10811	4	372	3	15	0	394
10812	1	16	3	374	0	394
10813	10	2	0	397	0	409
10814	2	3	2	391	0	398
10815	5	373	2	13	0	393
10816	4	12	0	356	0	372
10817	1	4	355	9	0	369
10818	5	337	8	2	0	352
10819	1	7	3	328	0	339
10820	3	331	3	1	0	338
10821	329	7	0	3	0	339
10822	329	3	0	5	0	337
10823	333	2	4	0	0	339
10824	8	326	1	5	0	340
10825	4	7	1	329	0	341
10826	3	3	315	6	0	327
10827	3	1	315	5	0	324
10828	304	6	8	2	0	320
10829	302	4	2	5	0	313
10830	5	1	0	320	0	326
10831	7	1	1	331	0	340
10832	0	5	327	8	0	340
10833	1	314	5	7	0	327
10834	4	322	2	3	0	331
10835	2	3	289	2	0	296
10836	2	1	3	277	0	283
10837	1	1	0	249	0	251
10838	1	2	0	281	0	284
10839	1	0	1	280	0	282
10840	278	1	1	2	0	282
10841	4	0	273	0	0	277
10842	272	1	2	0	0	275
10843	1	2	1	275	0	279
10844	276	0	0	4	0	280
10845	2	2	1	276	0	281
10846	0	1	277	3	0	281
10847	2	0	2	276	0	280
10848	1	0	285	4	0	290
10849	0	1	3	274	0	278
10850	0	0	290	5	0	295
10851	0	291	1	1	0	293
10852	1	2	1	294	0	298
10853	0	0	0	297	0	297
10854	0	298	0	2	0	300
10855	305	1	0	1	0	307
10856	1	0	0	308	0	309
10857	1	0	0	307	0	308
10858	308	1	0	2	0	311
10859	304	0	0	1	0	305
10860	312	0	0	0	0	312
10861	310	0	1	0	0	311
10862	1	1	295	0	0	297
10863	288	0	2	0	0	290
10864	295	0	0	1	0	296
10865	2	0	0	287	0	289
10866	0	0	0	286	0	286
10867	279	0	0	1	0	280
10868	1	277	0	0	0	278
10869	0	3	0	272	0	275
10870	0	0	288	1	0	289
10871	0	282	1	1	0	284
10872	282	1	2	0	0	285
10873	285	0	0	0	0	285
10874	285	0	0	0	0	285
10875	288	0	0	2	0	290
10876	1	0	1	282	0	284
10877	0	1	279	1	0	281
10878	0	1	292	0	0	293
10879	0	0	2	313	0	315
10880	338	0	0	2	0	340
10881	2	0	0	334	0	336
10882	0	0	335	2	0	337
10883	338	0	1	3	0	342
10884	341	0	0	0	0	341
10885	1	0	1	348	0	350
10886	2	0	360	1	0	363
10887	0	0	363	1	0	364
10888	359	0	1	1	0	361
10889	3	364	0	0	0	367
10890	0	1	365	1	0	367
10891	0	0	1	366	0	367
10892	368	0	1	2	0	371
10893	2	352	0	0	0	354
10894	0	360	1	2	0	363
10895	354	2	2	0	0	358
10896	2	1	1	358	0	362
10897	385	0	0	1	0	386
10898	2	1	0	388	0	391
10899	2	0	2	383	0	387
10900	2	0	388	4	0	394
10901	0	1	371	4	0	376
10902	1	0	390	0	0	391
10903	1	1	3	393	0	398
10904	398	0	1	3	0	402
10905	4	0	399	3	0	406
10906	4	0	2	402	0	408
10907	1	1	408	3	0	413
10908	2	412	2	2	0	418
10909	2	1	4	421	0	428
10910	1	6	1	418	0	426
10911	2	1	2	420	0	425
10912	422	1	2	6	0	431
10913	6	0	0	417	0	423
10914	4	1	2	412	0	419
10915	408	2	1	6	0	417
10916	4	1	406	2	0	413
10917	398	1	4	1	0	404
10918	400	1	1	4	0	406
10919	7	1	395	1	0	404
10920	395	0	3	5	0	403
10921	4	0	3	406	0	413
10922	3	0	415	4	0	422
10923	411	0	4	5	0	420
10924	417	0	1	4	0	422
10925	4	0	3	420	0	427
10926	2	0	3	420	0	425
10927	3	2	2	418	0	425
10928	416	1	1	7	0	425
10929	5	418	2	2	0	427
10930	397	4	1	3	0	405
10931	4	375	1	2	0	382
10932	2	379	1	1	0	383
10933	1	6	0	384	0	391
10934	2	0	0	386	0	388
10935	0	0	0	386	0	386
10936	3	0	0	385	0	388
10937	3	1	379	5	0	388
10938	374	1	4	2	0	381
10939	6	0	2	382	0	390
10940	3	1	382	3	0	389
10941	1	1	6	385	0	393
10942	4	0	1	388	0	393
10943	2	0	401	6	0	409
10944	1	0	6	404	0	411
10945	3	0	1	402	0	406
10946	407	0	2	6	0	415
10947	4	1	416	2	0	423
10948	403	0	4	3	0	410
10949	5	414	2	2	0	423
10950	402	4	0	2	0	408
10951	396	2	1	2	0	401
10952	5	0	1	399	0	405
10953	3	1	395	3	0	402
10954	1	419	3	2	0	425
10955	1	3	2	406	0	412
10956	2	435	1	2	0	440
10957	433	2	0	2	0	437
10958	3	2	425	2	0	432
10959	2	0	426	1	0	429
10960	2	0	3	428	0	433
10961	0	0	439	4	0	443
10962	2	0	5	442	0	449
10963	1	1	2	435	0	439
10964	441	0	0	6	0	447
10965	4	443	1	1	0	449
10966	3	4	1	450	0	458
10967	1	1	1	460	0	463
10968	0	0	2	456	0	458
10969	0	450	1	6	0	457
10970	1	457	2	1	0	461
10971	450	5	1	2	0	458
10972	446	1	1	3	0	451
10973	450	0	0	1	0	451
10974	4	1	435	1	0	441
10975	2	0	4	432	0	438
10976	1	0	437	4	0	442
10977	0	433	5	1	0	439
10978	412	5	5	3	0	425
10979	4	1	394	1	0	400
10980	1	0	3	371	0	375
10981	0	0	383	4	0	387
10982	384	0	3	1	0	388
10983	393	0	1	2	0	396
10984	392	0	0	1	0	393
10985	380	0	0	1	0	381
10986	4	1	401	0	0	406
10987	389	0	2	4	0	395
10988	400	0	1	1	0	402
10989	4	391	1	0	0	396
10990	390	3	0	3	0	396
10991	401	1	0	2	0	404
10992	5	0	1	391	0	397
10993	2	408	0	2	0	412
10994	428	3	0	1	0	432
10995	469	0	0	3	0	472
10996	4	0	521	1	0	526
10997	1	1	507	1	0	510
10998	1	0	517	0	0	518
10999	1	2	8	511	0	522
11000	511	0	3	5	0	519
11001	5	513	1	1	0	520
11002	502	5	0	3	0	510
11003	7	504	0	6	0	517
11004	506	7	0	0	0	513
11005	7	506	0	0	0	513
11006	1	508	0	0	0	509
11007	497	6	0	1	0	504
11008	5	515	0	0	0	520
11009	1	4	0	517	0	522
11010	2	1	533	3	0	539
11011	0	2	547	1	0	550
11012	1	0	4	540	0	545
11013	0	0	3	547	0	550
11014	0	0	548	4	0	552
11015	1	0	4	543	0	548
11016	2	0	2	551	0	555
11017	555	0	3	5	0	563
11018	4	554	1	5	0	564
11019	3	3	0	537	0	543
11020	2	559	1	3	0	565
11021	565	6	0	2	0	573
11022	5	564	0	2	0	571
11023	568	6	0	0	0	574
11024	570	2	0	0	0	572
11025	5	3	0	558	0	566
11026	7	0	0	563	0	570
11027	1	2	0	570	0	573
11028	1	1	1	568	0	571
11029	1	0	555	7	0	563
11030	529	0	6	5	0	540
11031	4	550	1	5	0	560
11032	2	4	3	559	0	568
11033	2	2	2	557	0	563
11034	1	562	0	7	0	570
11035	562	5	0	5	0	572
11036	7	560	0	2	0	569
11037	2	7	0	565	0	574
11038	2	2	0	576	0	580
11039	2	3	0	574	0	579
11040	2	2	0	578	0	582
11041	573	1	1	9	0	584
11042	9	2	574	2	0	587
11043	3	0	8	559	0	570
11044	3	1	5	560	0	569
11045	2	0	6	561	0	569
11046	3	1	3	555	0	562
11047	534	0	0	12	0	546
11048	6	3	538	6	0	553
11049	7	2	4	516	0	529
11050	4	515	1	6	0	526
11051	3	538	2	3	0	546
11052	538	9	0	3	0	550
11053	6	8	526	1	0	541
11054	497	4	4	4	0	509
11055	9	3	502	2	0	516
11056	4	3	6	478	0	491
11057	484	1	4	9	0	498
11058	4	491	6	6	0	507
11059	1	5	4	473	0	483
11060	4	461	1	11	0	477
11061	490	6	4	6	0	506
11062	495	1	4	6	0	506
11063	8	3	2	490	0	503
11064	6	0	495	9	0	510
11065	5	3	486	5	0	499
11066	5	4	3	493	0	505
11067	2	494	4	6	0	506
11068	2	9	2	518	0	531
11069	5	6	0	495	0	506
11070	3	6	2	492	0	503
11071	7	1	505	7	0	520
11072	4	0	4	506	0	514
11073	3	2	2	504	0	511
11074	2	505	5	10	0	522
11075	1	3	2	507	0	513
11076	3	3	2	526	0	534
11077	2	3	2	527	0	534
11078	3	1	0	529	0	533
11079	3	4	1	525	0	533
11080	1	1	2	525	0	529
11081	1	3	0	519	0	523
11082	4	4	0	505	0	513
11083	4	6	485	8	0	503
11084	3	1	4	496	0	504
11085	486	1	1	14	0	502
11086	7	1	3	462	0	473
11087	1	1	468	11	0	481
11088	464	0	4	9	0	477
11089	478	1	3	7	0	489
11090	472	2	5	8	0	487
11091	475	1	1	9	0	486
11092	7	1	1	473	0	482
11093	4	2	477	8	0	491
11094	6	469	4	6	0	485
11095	4	408	1	7	0	420
11096	2	4	7	372	0	385
11097	1	1	0	399	0	401
11098	1	0	0	415	0	416
11099	1	0	0	425	0	426
11100	2	0	0	465	0	467
11101	514	0	0	9	0	523
11102	5	513	1	2	0	521
11103	1	527	0	1	0	529
11104	3	12	0	517	0	532
11105	0	7	0	524	0	531
11106	2	3	0	525	0	530
11107	1	0	0	528	0	529
11108	0	0	495	11	0	506
11109	0	490	6	5	0	501
11110	2	6	1	482	0	491
11111	469	2	3	7	0	481
11112	6	3	0	470	0	479
11113	1	0	465	10	0	476
11114	4	0	456	2	0	462
11115	0	0	468	4	0	472
11116	0	3	11	457	0	471
11117	477	0	2	5	0	484
11118	6	1	3	474	0	484
11119	1	0	0	501	0	502
11120	497	0	0	5	0	502
11121	5	0	0	497	0	502
11122	2	0	1	504	0	507
11123	2	0	516	6	0	524
11124	0	517	6	4	0	527
11125	0	5	0	536	0	541
11126	532	1	3	5	0	541
11127	5	3	0	531	0	539
11128	2	0	539	9	0	550
11129	5	0	6	529	0	540
11130	0	545	1	8	0	554
11131	0	9	3	553	0	565
11132	2	2	552	7	0	563
11133	0	595	5	1	0	601
11134	0	6	1	602	0	609
11135	1	2	2	653	0	658
11136	1	2	0	663	0	666
11137	0	0	0	667	0	667
11138	0	0	649	14	0	663
11139	0	657	10	5	0	672
11140	654	10	2	4	0	670
11141	664	2	2	3	0	671
11142	14	3	0	656	0	673
11143	5	0	654	11	0	670
11144	656	0	11	3	0	670
11145	8	1	4	659	0	672
11146	3	0	675	8	0	686
11147	4	0	8	673	0	685
11148	2	0	2	675	0	679
11149	1	0	4	684	0	689
11150	1	0	694	15	0	710
11151	1	0	8	668	0	677
11152	0	700	3	13	0	716
11153	704	8	2	6	0	720
11154	719	1	2	4	0	726
11155	717	5	0	1	0	723
11156	13	710	1	2	0	726
11157	715	8	0	3	0	726
11158	12	3	0	706	0	721
11159	703	3	2	8	0	716
11160	712	0	0	4	0	716
11161	11	2	691	3	0	707
11162	5	690	8	2	0	705
11163	691	7	4	1	0	703
11164	7	3	2	677	0	689
11165	3	3	675	10	0	691
11166	4	673	7	4	0	688
11167	660	10	3	5	0	678
11168	8	3	2	665	0	678
11169	4	3	2	669	0	678
11170	3	2	0	666	0	671
11171	2	658	1	13	0	674
11172	2	9	0	661	0	672
11173	1	659	0	12	0	672
11174	0	11	2	657	0	670
11175	3	2	659	10	0	674
11176	2	3	8	655	0	668
11177	1	1	4	662	0	668
11178	2	0	3	665	0	670
11179	0	2	644	17	0	663
11180	1	0	8	662	0	671
11181	1	1	4	661	0	667
11182	1	0	4	668	0	673
11183	1	2	0	669	0	672
11184	3	1	0	673	0	677
11185	3	0	660	14	0	677
11186	4	0	9	657	0	670
11187	1	3	1	654	0	659
11188	636	1	3	11	0	651
11189	9	625	0	9	0	643
11190	4	635	0	7	0	646
11191	5	9	2	632	0	648
11192	2	3	3	622	0	630
11193	0	592	1	12	0	605
11194	3	9	1	581	0	594
11195	2	572	1	14	0	589
11196	4	10	2	566	0	582
11197	2	2	1	553	0	558
11198	2	3	518	8	0	531
11199	2	505	4	5	0	516
11200	0	472	1	8	0	481
11201	412	6	0	2	0	420
11202	5	414	0	3	0	422
11203	2	3	1	406	0	412
11204	2	3	400	4	0	409
11205	2	3	3	401	0	409
11206	400	1	1	6	0	408
11207	6	0	411	1	0	418
11208	2	429	3	2	0	436
11209	4	4	3	387	0	398
11210	1	2	1	430	0	434
11211	436	0	1	7	0	444
11212	3	0	1	442	0	446
11213	1	1	2	441	0	445
11214	0	1	0	447	0	448
11215	1	2	0	441	0	444
11216	431	0	1	8	0	440
11217	427	0	1	3	0	431
11218	3	1	0	427	0	431
11219	410	0	0	5	0	415
11220	5	0	0	398	0	403
11221	3	2	382	4	0	391
11222	2	2	368	3	0	375
11223	4	1	5	351	0	361
11224	0	347	1	5	0	353
11225	2	2	0	341	0	345
11226	334	1	0	5	0	340
11227	3	0	4	335	0	342
11228	330	1	0	6	0	337
11229	5	0	1	330	0	336
11230	1	1	323	7	0	332
11231	0	317	3	4	0	324
11232	1	329	1	1	0	332
11233	4	6	1	283	0	294
11234	0	0	285	7	0	292
11235	0	235	0	0	0	235
11236	2	1	2	226	0	231
11237	225	0	0	1	0	226
11238	1	0	232	0	0	233
11239	0	0	1	237	0	238
11240	0	0	0	252	0	252
11241	0	0	250	2	0	252
11242	0	1	241	0	0	242
11243	1	0	253	0	0	254
11244	0	0	2	258	0	260
11245	0	0	261	2	0	263
11246	255	0	2	0	0	257
11247	3	0	0	278	0	281
11248	0	0	322	3	0	325
11249	0	335	4	0	0	339
11250	0	4	330	0	0	334
11251	0	1	5	334	0	340
11252	341	1	0	5	0	347
11253	5	0	0	350	0	355
11254	0	0	0	345	0	345
11255	367	0	0	6	0	373
11256	6	0	0	380	0	386
11257	0	0	384	6	0	390
11258	378	0	5	0	0	383
11259	6	391	0	0	0	397
11260	395	4	0	1	0	400
11261	6	0	0	398	0	404
11262	0	0	399	6	0	405
11263	0	0	403	0	0	403
11264	0	0	4	402	0	406
11265	0	0	0	410	0	410
11266	0	0	405	5	0	410
11267	0	0	398	0	0	398
11268	405	0	6	0	0	411
11269	6	0	0	409	0	415
11270	407	0	0	7	0	414
11271	6	0	0	407	0	413
11272	1	0	423	6	0	430
11273	0	1	450	0	0	451
11274	1	0	8	456	0	465
11275	0	0	0	475	0	475
11276	1	0	491	6	0	498
11277	488	0	7	1	0	496
11278	8	0	0	510	0	518
11279	524	0	0	7	0	531
11280	9	586	0	1	0	596
11281	0	9	2	597	0	608
11282	600	0	0	10	0	610
11283	10	1	620	0	0	631
11284	3	1	8	617	0	629
11285	2	0	0	618	0	620
11286	2	0	1	629	0	632
11287	1	0	622	8	0	631
11288	0	0	9	612	0	621
11289	0	621	0	12	0	633
11290	2	10	1	624	0	637
11291	0	0	620	10	0	630
11292	1	0	633	1	0	635
11293	1	1	10	639	0	651
11294	1	0	0	648	0	649
11295	0	0	1	650	0	651
11296	0	0	2	649	0	651
11297	643	0	1	13	0	657
11298	646	0	1	2	0	649
11299	11	1	636	2	0	650
11300	0	638	10	2	0	650
11301	4	10	0	658	0	672
11302	667	0	0	12	0	679
11303	617	0	1	3	0	621
11304	674	2	0	1	0	677
11305	682	0	2	2	0	686
11306	12	0	663	1	0	676
11307	646	0	12	0	0	658
11308	12	641	0	2	0	655
11309	1	10	1	649	0	661
11310	0	1	653	12	0	666
11311	1	1	11	637	0	650
11312	0	2	641	13	0	656
11313	0	0	11	647	0	658
11314	2	0	2	659	0	663
11315	651	0	0	15	0	666
11316	12	0	3	659	0	674
11317	1	0	660	13	0	674
11318	2	1	11	674	0	688
11319	673	0	0	16	0	689
11320	13	0	0	677	0	690
11321	1	0	679	11	0	691
11322	1	675	13	1	0	690
11323	691	12	0	2	0	705
11324	13	1	0	670	0	684
11325	0	699	2	10	0	711
11326	698	12	1	1	0	712
11327	15	0	686	0	0	701
11328	1	691	12	1	0	705
11329	3	12	0	706	0	721
11330	1	1	700	12	0	714
11331	2	0	12	695	0	709
11332	695	1	2	11	0	709
11333	11	0	685	4	0	700
11334	0	0	14	682	0	696
11335	0	0	684	14	0	698
11336	3	0	11	688	0	702
11337	1	0	1	701	0	703
11338	684	0	0	13	0	697
11339	12	679	1	0	0	692
11340	0	10	0	676	0	686
11341	670	0	1	14	0	685
11342	672	0	2	1	0	675
11343	11	2	1	665	0	679
11344	0	650	1	13	0	664
11345	2	666	0	2	0	670
11346	1	11	6	647	0	665
11347	1	1	0	648	0	650
11348	595	2	0	8	0	605
11349	8	0	1	579	0	588
11350	0	1	564	8	0	573
11351	539	0	9	1	0	549
11352	7	537	1	2	0	547
11353	534	7	0	5	0	546
11354	8	0	543	1	0	552
11355	2	561	7	1	0	571
11356	555	6	0	2	0	563
11357	557	0	1	0	0	558
11358	6	0	555	1	0	562
11359	548	1	5	1	0	555
11360	559	0	0	1	0	560
11361	8	552	0	0	0	560
11362	0	5	1	558	0	564
11363	3	0	546	6	0	555
11364	6	0	8	559	0	573
11365	0	0	572	10	0	582
11366	3	1	9	560	0	573
11367	574	2	1	10	0	587
11368	8	0	0	586	0	594
11369	0	0	646	10	0	656
11370	652	0	11	3	0	666
11371	15	0	1	663	0	679
11372	0	0	646	13	0	659
11373	609	0	12	2	0	623
11374	14	1	2	616	0	633
11375	1	0	607	15	0	623
11376	0	0	588	0	0	588
11377	1	1	13	572	0	587
11378	1	0	576	14	0	591
11379	1	558	10	3	0	572
11380	0	8	1	500	0	509
11381	499	0	1	11	0	511
11382	11	0	498	1	0	510
11383	0	0	483	2	0	485
11384	471	0	9	2	0	482
11385	12	0	482	1	0	495
11386	477	0	12	3	0	492
11387	9	0	490	0	0	499
11388	1	0	8	485	0	494
11389	1	0	486	10	0	497
11390	0	1	10	485	0	496
11391	1	1	493	9	0	504
11392	2	1	488	2	0	493
11393	475	0	9	0	0	484
11394	8	491	3	1	0	503
11395	496	8	1	1	0	506
11396	9	502	2	1	0	514
11397	2	9	2	502	0	515
11398	1	2	0	515	0	518
11399	506	0	1	11	0	518
11400	9	0	2	505	0	516
11401	1	0	503	11	0	515
11402	488	0	10	2	0	500
11403	494	0	4	1	0	499
11404	10	0	1	490	0	501
11405	3	1	510	8	0	522
11406	1	1	9	504	0	515
11407	2	506	2	10	0	520
11408	2	9	0	510	0	521
11409	0	1	1	524	0	526
11410	1	0	509	12	0	522
11411	475	0	8	3	0	486
11412	10	496	2	1	0	509
11413	502	7	1	2	0	512
11414	6	509	1	0	0	516
11415	4	8	0	496	0	508
11416	1	501	1	7	0	510
11417	1	9	497	3	0	510
11418	1	3	8	480	0	492
11419	2	1	2	493	0	498
11420	2	1	2	497	0	502
11421	481	0	3	11	0	495
11422	11	0	1	484	0	496
11423	471	1	3	9	0	484
11424	480	2	1	2	0	485
11425	472	3	0	2	0	477
11426	10	1	461	3	0	475
11427	1	2	9	467	0	479
11428	0	1	4	500	0	505
11429	1	1	2	516	0	520
11430	542	2	1	11	0	556
11431	12	1	0	549	0	562
11432	4	1	1	565	0	571
11433	584	0	1	17	0	602
11434	15	1	2	600	0	618
11435	8	0	614	14	0	636
11436	4	0	622	5	0	631
11437	3	0	20	623	0	646
11438	620	1	7	15	0	643
11439	616	0	2	8	0	626
11440	19	0	1	613	0	633
11441	7	1	604	17	0	629
11442	2	610	13	8	0	633
11443	2	14	5	616	0	637
11444	4	5	3	633	0	645
11445	3	1	1	636	0	641
11446	622	1	2	23	0	648
11447	17	1	627	7	0	652
11448	628	1	17	1	0	647
11449	17	0	6	624	0	647
11450	8	632	1	16	0	657
11451	639	15	0	7	0	661
11452	642	5	3	7	0	657
11453	20	1	649	3	0	673
11454	7	616	17	2	0	642
11455	2	615	3	3	0	623
11456	599	18	1	4	0	622
11457	18	5	0	605	0	628
11458	6	1	1	612	0	620
11459	2	2	2	598	0	604
11460	2	557	1	20	0	580
11461	2	601	1	7	0	611
11462	582	19	2	1	0	604
11463	16	8	0	576	0	600
11464	8	1	621	14	0	644
11465	4	1	15	647	0	667
11466	1	2	697	17	0	717
11467	0	1	704	6	0	711
11468	1	2	705	1	0	709
11469	1	628	22	1	0	652
11470	2	19	8	600	0	629
11471	3	623	5	15	0	646
11472	3	16	5	597	0	621
11473	1	11	5	636	0	653
11474	618	7	1	25	0	651
11475	15	3	2	625	0	645
11476	619	3	1	20	0	643
11477	626	0	2	15	0	643
11478	25	1	2	610	0	638
11479	12	600	2	18	0	632
11480	3	16	1	606	0	626
11481	7	604	1	16	0	628
11482	4	17	0	612	0	633
11483	1	11	601	23	0	636
11484	0	5	14	612	0	631
11485	3	2	10	618	0	633
11486	591	5	4	26	0	626
11487	19	596	3	15	0	633
11488	11	15	4	598	0	628
11489	3	7	1	610	0	621
11490	4	589	0	33	0	626
11491	7	17	2	603	0	629
11492	568	13	2	21	0	604
11493	589	1	2	20	0	612
11494	22	577	2	6	0	607
11495	12	16	0	581	0	609
11496	572	9	2	20	0	603
11497	19	572	2	12	0	605
11498	12	17	0	555	0	584
11499	3	578	2	19	0	602
11500	573	17	2	14	0	606
11501	21	8	560	6	0	595
11502	9	4	567	7	0	587
11503	3	4	23	558	0	588
11504	4	7	559	20	0	590
11505	8	3	19	549	0	579
11506	544	3	13	17	0	577
11507	16	3	554	13	0	586
11508	7	4	18	564	0	593
11509	4	3	12	572	0	591
11510	559	4	2	27	0	592
11511	21	578	3	14	0	616
11512	585	15	6	6	0	612
11513	592	7	2	10	0	611
11514	23	560	2	12	0	597
11515	17	18	1	567	0	603
11516	5	12	564	19	0	600
11517	10	5	14	567	0	596
11518	7	566	9	17	0	599
11519	575	23	2	9	0	609
11520	14	10	4	582	0	610
11521	12	4	584	18	0	618
11522	3	7	15	591	0	616
11523	5	4	8	602	0	619
11524	7	0	4	614	0	625
11525	4	2	4	615	0	625
11526	4	3	5	606	0	618
11527	3	3	582	30	0	618
11528	4	3	556	21	0	584
11529	3	514	20	10	0	547
11530	3	531	8	11	0	553
11531	516	14	5	6	0	541
11532	15	5	515	4	0	539
11533	474	6	14	4	0	498
11534	11	4	465	6	0	486
11535	6	12	430	3	0	451
11536	7	2	13	429	0	451
11537	446	2	8	10	0	466
11538	15	3	5	444	0	467
11539	5	1	7	458	0	471
11540	1	2	498	15	0	516
11541	4	1	6	507	0	518
11542	6	0	5	503	0	514
11543	0	1	4	510	0	515
11544	4	1	2	508	0	515
11545	1	0	6	509	0	516
11546	489	1	3	19	0	512
11547	7	0	1	491	0	499
11548	8	1	476	14	0	499
11549	3	4	5	477	0	489
11550	4	0	468	16	0	488
11551	6	0	9	476	0	491
11552	2	3	481	12	0	498
11553	2	2	10	457	0	471
11554	1	1	6	470	0	478
11555	3	3	457	13	0	476
11556	436	2	8	12	0	458
11557	9	1	462	4	0	476
11558	4	1	9	466	0	480
11559	471	2	8	11	0	492
11560	8	0	6	473	0	487
11561	8	2	4	475	0	489
11562	2	1	483	15	0	501
11563	2	465	5	13	0	485
11564	4	407	3	7	0	421
11565	2	400	2	6	0	410
11566	3	1	4	334	0	342
11567	335	1	0	3	0	339
11568	1	1	0	333	0	335
11569	1	0	0	330	0	331
11570	3	0	0	336	0	339
11571	1	0	0	343	0	344
11572	1	341	0	2	0	344
11573	1	1	0	347	0	349
11574	0	0	0	348	0	348
11575	0	344	1	0	0	345
11576	346	0	0	2	0	348
11577	0	1	0	343	0	344
11578	345	1	0	1	0	347
11579	341	0	0	2	0	343
11580	0	352	1	1	0	354
11581	1	0	0	374	0	375
11582	1	0	374	1	0	376
11583	0	1	368	1	0	370
11584	0	0	0	373	0	373
11585	382	0	1	2	0	385
11586	393	0	0	0	0	393
11587	0	0	0	394	0	394
11588	393	0	0	1	0	394
11589	1	388	0	0	0	389
11590	386	0	0	1	0	387
11591	1	418	0	0	0	419
11592	1	1	1	421	0	424
11593	2	0	0	417	0	419
11594	0	422	0	0	0	422
11595	424	0	0	2	0	426
11596	0	0	419	1	0	420
11597	0	1	0	416	0	417
11598	1	0	425	0	0	426
11599	0	0	1	419	0	420
11600	427	0	0	1	0	428
11601	0	0	1	427	0	428
11602	425	0	0	4	0	429
11603	427	0	0	2	0	429
11604	0	0	0	425	0	425
11605	0	2	420	0	0	422
11606	0	441	0	0	0	441
11607	0	0	0	425	0	425
11608	424	0	0	0	0	424
11609	0	0	432	0	0	432
11610	0	0	0	431	0	431
11611	0	0	0	419	0	419
11612	0	0	0	424	0	424
11613	428	0	0	2	0	430
11614	1	0	0	427	0	428
11615	0	0	0	431	0	431
11616	0	0	433	0	0	433
11617	0	0	0	435	0	435
11618	0	0	0	438	0	438
11619	0	0	0	434	0	434
11620	0	440	1	0	0	441
11621	0	0	0	424	0	424
11622	0	3	0	421	0	424
11623	417	0	0	0	0	417
11624	0	0	415	0	0	415
11625	1	0	390	0	0	391
11626	1	414	0	0	0	415
11627	1	0	0	416	0	417
11628	415	0	0	0	0	415
11629	0	0	0	410	0	410
11630	2	0	0	406	0	408
11631	0	0	1	413	0	414
11632	0	0	0	411	0	411
11633	2	0	0	409	0	411
11634	0	0	411	0	0	411
11635	1	0	0	409	0	410
11636	406	0	0	1	0	407
11637	0	400	0	0	0	400
11638	0	0	0	398	0	398
11639	0	0	0	398	0	398
11640	0	0	373	0	0	373
11641	1	0	0	365	0	366
11642	0	0	0	395	0	395
11643	400	0	0	0	0	400
11644	0	421	0	0	0	421
11645	1	0	0	428	0	429
11646	0	1	0	430	0	431
11647	0	1	0	430	0	431
11648	1	0	444	2	0	447
11649	0	0	429	2	0	431
11650	0	437	2	1	0	440
11651	0	450	1	1	0	452
11652	0	2	1	448	0	451
11653	0	427	0	2	0	429
11654	1	2	1	486	0	490
11655	1	2	0	545	0	548
11656	0	1	0	575	0	576
11657	3	0	0	632	0	635
11658	0	1	635	7	0	643
11659	1	0	2	641	0	644
11660	2	0	3	641	0	646
11661	0	0	2	648	0	650
11662	635	0	0	9	0	644
11663	2	643	1	6	0	652
11664	3	2	1	627	0	633
11665	2	644	0	5	0	651
11666	632	4	1	4	0	641
11667	590	3	0	4	0	597
11668	5	653	0	1	0	659
11669	5	664	0	2	0	671
11670	3	5	648	1	0	657
11671	1	669	2	0	0	672
11672	3	7	2	651	0	663
11673	657	5	2	5	0	669
11674	4	681	0	3	0	688
11675	4	4	1	686	0	695
11676	2	4	1	689	0	696
11677	0	4	0	702	0	706
11678	697	0	1	12	0	710
11679	4	3	696	5	0	708
11680	674	1	2	8	0	685
11681	6	685	3	4	0	698
11682	5	4	2	682	0	693
11683	3	4	681	6	0	694
11684	668	3	4	6	0	681
11685	5	678	4	4	0	691
11686	5	5	2	657	0	669
11687	3	677	1	6	0	687
11688	2	7	1	687	0	697
11689	1	5	2	699	0	707
11690	1	1	688	10	0	700
11691	0	2	643	9	0	654
11692	2	1	7	660	0	670
11693	1	2	677	6	0	686
11694	0	1	6	670	0	677
11695	1	1	5	669	0	676
11696	3	1	4	681	0	689
11697	677	0	1	14	0	692
11698	7	0	1	677	0	685
11699	5	0	673	7	0	685
11700	678	2	4	7	0	691
11701	5	1	6	691	0	703
11702	8	1	2	686	0	697
11703	687	1	1	12	0	701
11704	4	706	0	8	0	718
11705	5	6	2	721	0	734
11706	4	3	0	712	0	719
11707	697	3	1	13	0	714
11708	6	0	706	10	0	722
11709	8	0	5	694	0	707
11710	4	1	6	695	0	706
11711	2	1	3	689	0	695
11712	2	690	1	14	0	707
11713	3	5	2	688	0	698
11714	682	4	2	11	0	699
11715	7	683	1	10	0	701
11716	671	5	3	5	0	684
11717	6	687	1	5	0	699
11718	682	8	0	10	0	700
11719	6	5	693	4	0	708
11720	8	5	681	3	0	697
11721	690	1	9	6	0	706
11722	6	2	708	4	0	720
11723	10	3	5	703	0	721
11724	7	2	8	625	0	642
11725	0	2	5	720	0	727
11726	706	1	2	15	0	724
11727	8	1	693	10	0	712
11728	706	2	9	6	0	723
11729	9	0	3	751	0	763
11730	750	2	4	10	0	766
11731	10	1	2	766	0	779
11732	784	2	1	12	0	799
11733	10	3	2	823	0	838
11734	11	1	853	12	0	877
11735	855	3	7	9	0	874
11736	887	1	5	9	0	902
11737	14	4	4	887	0	909
11738	11	0	2	889	0	902
11739	5	905	3	14	0	927
11740	890	8	3	10	0	911
11741	11	894	0	4	0	909
11742	851	10	4	5	0	870
11743	9	4	848	7	0	868
11744	7	3	842	3	0	855
11745	3	2	839	4	0	848
11746	829	3	11	4	0	847
11747	8	846	7	6	0	867
11748	8	7	3	832	0	850
11749	827	4	2	8	0	841
11750	10	839	4	7	0	860
11751	9	11	5	832	0	857
11752	8	831	3	7	0	849
11753	4	794	2	7	0	807
11754	4	803	2	5	0	814
11755	742	7	8	5	0	762
11756	7	725	3	4	0	739
11757	3	647	3	4	0	657
11758	6	661	1	1	0	669
11759	657	8	5	2	0	672
11760	650	2	4	6	0	662
11761	8	1	648	3	0	660
11762	632	2	6	6	0	646
11763	641	1	3	1	0	646
11764	10	3	1	642	0	656
11765	653	3	0	5	0	661
11766	7	0	641	6	0	654
11767	4	675	7	6	0	692
11768	684	10	3	4	0	701
11769	9	3	2	704	0	718
11770	708	4	0	5	0	717
11771	6	2	684	6	0	698
11772	687	1	4	1	0	693
11773	6	3	2	692	0	703
11774	4	1	688	8	0	701
11775	1	667	4	4	0	676
11776	1	699	2	1	0	703
11777	5	10	3	687	0	705
11778	3	4	2	674	0	683
11779	3	691	1	5	0	700
11780	690	5	1	5	0	701
11781	682	4	1	1	0	688
11782	678	1	2	3	0	684
11783	11	689	0	1	0	701
11784	3	3	3	665	0	674
11785	2	696	1	3	0	702
11786	700	3	1	4	0	708
11787	684	4	0	6	0	694
11788	8	680	1	1	0	690
11789	690	2	2	0	0	694
11790	5	4	1	697	0	707
11791	6	0	0	698	0	704
11792	705	1	2	8	0	716
11793	689	3	0	4	0	696
11794	697	2	1	1	0	701
11795	6	1	2	698	0	707
11796	6	2	0	708	0	716
11797	3	4	717	4	0	728
11798	5	1	2	709	0	717
11799	2	4	3	708	0	717
11800	4	2	700	6	0	712
11801	5	2	671	4	0	682
11802	1	3	702	4	0	710
11803	6	1	6	700	0	713
11804	5	1	698	3	0	707
11805	4	3	4	679	0	690
11806	2	3	5	695	0	705
11807	4	0	686	9	0	699
11808	1	6	685	4	0	696
11809	3	0	6	683	0	692
11810	6	3	731	2	0	742
11811	2	6	721	3	0	732
11812	3	729	6	4	0	742
11813	748	3	3	3	0	757
11814	742	8	0	5	0	755
11815	747	4	1	3	0	755
11816	8	741	1	4	0	754
11817	6	735	2	2	0	745
11818	4	7	2	745	0	758
11819	2	5	4	729	0	740
11820	5	0	725	7	0	737
11821	6	1	3	727	0	737
11822	736	1	6	6	0	749
11823	9	2	1	720	0	732
11824	8	735	3	3	0	749
11825	746	5	3	6	0	760
11826	759	5	2	1	0	767
11827	758	0	2	8	0	768
11828	6	3	743	5	0	757
11829	7	1	6	738	0	752
11830	781	1	4	9	0	795
11831	8	1	785	5	0	799
11832	5	766	5	3	0	779
11833	1	752	6	2	0	761
11834	694	7	5	4	0	710
11835	5	697	2	1	0	705
11836	5	4	0	683	0	692
11837	1	4	692	5	0	702
11838	1	3	3	683	0	690
11839	676	0	4	5	0	685
11840	3	670	2	3	0	678
11841	671	4	0	2	0	677
11842	4	4	671	1	0	680
11843	4	2	5	656	0	667
11844	0	692	4	6	0	702
11845	2	5	3	701	0	711
11846	706	3	3	8	0	720
11847	708	1	1	6	0	716
11848	714	2	1	2	0	719
11849	714	1	0	4	0	719
11850	9	3	1	692	0	705
11851	4	0	699	7	0	710
11852	3	0	6	681	0	690
11853	1	690	4	5	0	700
11854	695	6	2	4	0	707
11855	6	8	688	1	0	703
11856	672	0	5	2	0	679
11857	9	0	4	688	0	701
11858	5	2	689	6	0	702
11859	2	3	5	695	0	705
11860	701	1	4	10	0	716
11861	705	0	0	7	0	712
11862	708	2	0	4	0	714
11863	13	0	699	0	0	712
11864	10	1	7	684	0	702
11865	3	1	717	9	0	730
11866	1	708	9	5	0	723
11867	676	10	1	3	0	690
11868	11	652	0	4	0	667
11869	636	4	3	4	0	647
11870	7	2	3	625	0	637
11871	7	631	0	6	0	644
11872	633	8	0	6	0	647
11873	8	3	636	1	0	648
11874	2	1	7	631	0	641
11875	633	0	2	7	0	642
11876	10	2	630	2	0	644
11877	7	0	7	609	0	623
11878	4	582	4	7	0	597
11879	3	6	1	641	0	651
11880	3	2	3	639	0	647
11881	628	4	1	7	0	640
11882	9	639	0	4	0	652
11883	7	7	1	618	0	633
11884	4	624	0	9	0	637
11885	4	7	0	638	0	649
11886	5	642	0	6	0	653
11887	635	6	3	2	0	646
11888	9	2	630	2	0	643
11889	2	1	7	626	0	636
11890	4	1	4	630	0	639
11891	1	1	3	630	0	635
11892	4	2	0	615	0	621
11893	3	2	604	8	0	617
11894	3	612	6	6	0	627
11895	612	6	3	5	0	626
11896	616	3	2	2	0	623
11897	7	599	3	2	0	611
11898	604	8	1	3	0	616
11899	605	5	0	1	0	611
11900	10	620	0	3	0	633
11901	5	9	2	614	0	630
11902	4	627	2	7	0	640
11903	621	7	3	4	0	635
11904	7	3	612	4	0	626
11905	585	1	5	4	0	595
11906	8	0	621	5	0	634
11907	4	1	4	620	0	629
11908	619	1	4	8	0	632
11909	8	3	617	2	0	630
11910	576	2	5	3	0	586
11911	586	1	2	1	0	590
11912	9	4	1	578	0	592
11913	9	575	0	5	0	589
11914	596	9	1	4	0	610
11915	8	3	2	595	0	608
11916	1	591	0	11	0	603
11917	597	11	0	2	0	610
11918	12	1	1	595	0	609
11919	5	625	2	6	0	638
11920	5	4	2	645	0	656
11921	646	1	2	12	0	661
11922	637	1	0	6	0	644
11923	645	1	1	3	0	650
11924	10	0	2	632	0	644
11925	7	1	0	635	0	643
11926	6	0	660	8	0	674
11927	0	5	10	659	0	674
11928	3	3	689	10	0	705
11929	3	0	632	1	0	636
11930	1	2	606	0	0	609
11931	1	638	7	1	0	647
11932	3	7	7	615	0	632
11933	0	682	1	4	0	687
11934	698	6	1	3	0	708
11935	708	2	0	4	0	714
11936	10	0	0	743	0	753
11937	4	2	767	6	0	779
11938	3	0	7	765	0	775
11939	1	0	776	10	0	787
11940	1	0	8	756	0	765
11941	0	765	3	10	0	778
11942	1	790	1	3	0	795
11943	784	7	1	1	0	793
11944	6	2	787	1	0	796
11945	2	1	6	776	0	785
11946	0	1	2	778	0	781
11947	768	0	0	11	0	779
11948	7	779	1	1	0	788
11949	771	7	0	2	0	780
11950	6	799	0	1	0	806
11951	789	7	0	0	0	796
11952	799	3	0	4	0	806
11953	10	0	1	798	0	809
11954	2	1	806	8	0	817
11955	784	1	7	3	0	795
11956	7	803	3	0	0	813
11957	815	7	0	4	0	826
11958	8	3	1	794	0	806
11959	4	0	0	793	0	797
11960	0	796	1	7	0	804
11961	0	6	0	792	0	798
11962	0	790	0	14	0	804
11963	3	7	0	793	0	803
11964	1	4	0	787	0	792
11965	765	0	0	12	0	777
11966	7	2	759	2	0	770
11967	3	759	7	2	0	771
11968	1	8	2	763	0	774
11969	771	2	0	10	0	783
11970	781	0	2	2	0	785
11971	777	1	0	3	0	781
11972	10	1	778	1	0	790
11973	780	0	9	2	0	791
11974	11	0	4	787	0	802
11975	784	1	0	14	0	799
11976	10	762	2	6	0	780
11977	3	11	0	785	0	799
11978	767	3	1	12	0	783
11979	11	788	1	5	0	805
11980	4	12	0	798	0	814
11981	3	5	787	12	0	807
11982	801	0	12	6	0	819
11983	838	3	6	4	0	851
11984	18	1	825	5	0	849
11985	6	803	13	3	0	825
11986	4	837	4	0	0	845
11987	4	19	0	831	0	854
11988	4	3	3	812	0	822
11989	4	3	1	837	0	845
11990	2	2	839	21	0	864
11991	833	1	14	7	0	855
11992	890	3	3	2	0	898
11993	923	0	1	3	0	927
11994	917	1	2	1	0	921
11995	924	4	1	3	0	932
11996	936	2	2	5	0	945
11997	21	2	0	969	0	992
11998	6	0	963	22	0	991
11999	3	2	989	6	0	1000
12000	3	2	22	968	0	995
12001	4	2	4	966	0	976
12002	3	2	2	955	0	962
12003	2	958	2	27	0	989
12004	969	20	0	9	0	998
12005	21	997	1	4	0	1023
12006	7	21	2	978	0	1008
12007	980	5	1	23	0	1009
12008	22	979	3	7	0	1011
12009	9	20	2	983	0	1014
12010	4	5	2	1012	0	1023
12011	5	2	1	1029	0	1037
12012	3	1021	1	28	0	1053
12013	6	18	1	1036	0	1061
12014	5	6	1027	22	0	1060
12015	3	6	19	1056	0	1084
12016	3	3	7	1074	0	1087
12017	7	0	2	1140	0	1149
12018	3	5	1	1174	0	1183
12019	1	4	1130	36	0	1171
12020	3	1132	26	16	0	1177
12021	1	28	10	1133	0	1172
12022	5	9	5	1178	0	1197
12023	2	6	3	1164	0	1175
12024	2	1107	1	44	0	1154
12025	1	1158	6	20	0	1185
12026	1108	34	2	14	0	1158
12027	30	14	4	1098	0	1146
12028	11	8	1074	34	0	1127
12029	8	1082	25	20	0	1135
12030	1065	26	8	13	0	1112
12031	26	13	1055	9	0	1103
12032	12	8	1053	6	0	1079
12033	11	5	1039	7	0	1062
12034	7	7	40	999	0	1053
12035	1	7	1014	29	0	1051
12036	4	966	28	19	0	1017
12037	6	23	15	925	0	969
12038	0	14	946	24	0	984
12039	6	9	28	933	0	976
12040	919	4	10	38	0	971
12041	25	0	934	18	0	977
12042	911	7	30	7	0	955
12043	32	935	12	4	0	983
12044	935	23	12	4	0	974
12045	28	10	9	935	0	982
12046	935	8	8	28	0	979
12047	957	7	5	16	0	985
12048	945	2	5	12	0	964
12049	37	944	7	6	0	994
12050	936	24	4	9	0	973
12051	949	10	7	6	0	972
12052	37	7	931	9	0	984
12053	25	935	23	4	0	987
12054	18	26	9	930	0	983
12055	13	10	8	962	0	993
12056	7	10	6	972	0	995
12057	13	3	934	41	0	991
12058	14	1	25	951	0	991
12059	9	5	948	30	0	992
12060	938	3	29	18	0	988
12061	968	4	12	15	0	999
12062	37	6	955	8	0	1006
12063	954	6	24	13	0	997
12064	989	6	9	10	0	1014
12065	1001	1	12	13	0	1027
12066	43	8	6	966	0	1023
12067	25	9	964	27	0	1025
12068	17	981	20	17	0	1035
12069	10	21	16	993	0	1040
12070	9	11	1006	25	0	1051
12071	10	11	973	12	0	1006
12072	947	5	33	18	0	1003
12073	22	981	25	15	0	1043
12074	1003	22	13	11	0	1049
12075	1012	17	6	9	0	1044
12076	31	1001	9	12	0	1053
12077	1003	24	8	7	0	1042
12078	35	12	1010	8	0	1065
12079	19	10	995	10	0	1034
12080	10	5	1016	9	0	1040
12081	13	968	34	7	0	1022
12082	964	21	18	6	0	1009
12083	962	13	15	4	0	994
12084	27	932	8	9	0	976
12085	25	954	10	8	0	997
12086	14	25	7	963	0	1009
12087	14	19	3	965	0	1001
12088	966	14	6	25	0	1011
12089	23	961	9	16	0	1009
12090	970	17	4	12	0	1003
12091	948	16	6	5	0	975
12092	30	14	905	5	0	954
12093	22	881	19	11	0	933
12094	19	22	12	886	0	939
12095	889	15	10	14	0	928
12096	18	10	5	870	0	903
12097	821	4	6	21	0	852
12098	19	2	806	11	0	838
12099	14	772	14	10	0	810
12100	11	796	9	6	0	822
12101	17	22	8	763	0	810
12102	8	796	5	7	0	816
12103	801	19	4	12	0	836
12104	15	10	785	8	0	818
12105	771	7	14	6	0	798
12106	22	4	801	4	0	831
12107	13	6	14	793	0	826
12108	15	2	13	791	0	821
12109	8	5	7	799	0	819
12110	785	3	5	21	0	814
12111	14	4	771	14	0	803
12112	14	2	11	755	0	782
12113	12	6	6	750	0	774
12114	7	724	6	15	0	752
12115	8	711	1	12	0	732
12116	8	716	6	7	0	737
12117	3	17	5	642	0	667
12118	3	6	3	628	0	640
12119	1	596	1	7	0	605
12120	1	598	1	5	0	605
12121	604	3	4	3	0	614
12122	2	2	1	595	0	600
12123	1	588	0	0	0	589
12124	594	0	0	4	0	598
12125	0	2	1	594	0	597
12126	653	0	1	1	0	655
12127	2	0	1	664	0	667
12128	3	0	673	2	0	678
12129	0	674	2	5	0	681
12130	671	2	3	2	0	678
12131	2	3	677	0	0	682
12132	3	672	2	0	0	677
12133	0	3	2	677	0	682
12134	0	1	0	678	0	679
12135	1	0	0	664	0	665
12136	3	0	0	649	0	652
12137	0	0	660	3	0	663
12138	0	657	2	1	0	660
12139	0	1	1	657	0	659
12140	650	1	0	2	0	653
12141	2	651	0	1	0	654
12142	1	2	0	703	0	706
12143	0	3	687	4	0	694
12144	0	681	3	2	0	686
12145	1	4	1	655	0	661
12146	0	704	1	2	0	707
12147	701	6	0	3	0	710
12148	717	2	0	1	0	720
12149	8	1	675	0	0	684
12150	684	0	5	0	0	689
12151	694	0	2	1	0	697
12152	6	0	662	2	0	670
12153	5	660	5	1	0	671
12154	3	4	1	670	0	678
12155	1	2	3	683	0	689
12156	678	3	1	7	0	689
12157	4	0	0	679	0	683
12158	5	1	666	7	0	679
12159	647	0	5	3	0	655
12160	6	0	661	2	0	669
12161	2	657	5	0	0	664
12162	648	5	2	2	0	657
12163	6	2	639	0	0	647
12164	4	1	620	1	0	626
12165	2	630	7	0	0	639
12166	4	7	3	628	0	642
12167	1	2	612	6	0	621
12168	2	3	7	551	0	563
12169	1	0	3	598	0	602
12170	2	0	577	7	0	586
12171	2	576	5	4	0	587
12172	1	5	4	578	0	588
12173	562	4	1	7	0	574
12174	557	1	2	4	0	564
12175	7	2	1	564	0	574
12176	5	1	559	9	0	574
12177	3	2	581	3	0	589
12178	3	1	7	567	0	578
12179	2	0	561	7	0	570
12180	554	0	9	5	0	568
12181	8	2	2	566	0	578
12182	5	1	4	574	0	584
12183	3	582	1	7	0	593
12184	2	6	1	592	0	601
12185	1	5	573	8	0	587
12186	559	2	6	4	0	571
12187	566	1	3	6	0	576
12188	9	0	572	2	0	583
12189	4	0	9	659	0	672
12190	5	0	3	674	0	682
12191	1	3	673	13	0	690
12192	3	1	11	685	0	700
12193	3	2	6	696	0	707
12194	2	708	4	14	0	728
12195	4	11	1	716	0	732
12196	1	5	1	725	0	732
12197	741	2	2	16	0	761
12198	769	1	3	8	0	781
12199	778	1	5	4	0	788
12200	776	1	3	4	0	784
12201	773	1	2	6	0	782
12202	22	1	746	3	0	772
12203	9	2	14	753	0	778
12204	5	1	5	765	0	776
12205	2	2	752	20	0	776
12206	718	2	11	12	0	743
12207	735	1	8	7	0	751
12208	15	2	696	5	0	718
12209	752	1	9	5	0	767
12210	760	1	7	4	0	772
12211	18	2	746	3	0	769
12212	19	2	10	735	0	766
12213	8	784	10	12	0	814
12214	6	11	2	804	0	823
12215	5	7	1	814	0	827
12216	3	5	4	815	0	827
12217	5	1	802	20	0	828
12218	784	1	12	16	0	813
12219	804	1	9	9	0	823
12220	21	0	7	791	0	819
12221	14	3	770	16	0	803
12222	9	1	13	777	0	800
12223	6	1	794	18	0	819
12224	6	1	794	9	0	810
12225	4	812	17	7	0	840
12226	3	8	12	758	0	781
12227	753	5	9	13	0	780
12228	719	3	5	8	0	735
12229	736	1	5	8	0	750
12230	20	1	2	726	0	749
12231	15	782	2	12	0	811
12232	9	7	2	792	0	810
12233	4	6	808	15	0	833
12234	885	6	9	10	0	910
12235	918	1	9	10	0	938
12236	18	2	7	918	0	945
12237	16	0	2	927	0	945
12238	11	0	5	931	0	947
12239	5	1	913	23	0	942
12240	883	1	11	17	0	912
12241	17	905	6	16	0	944
12242	6	863	6	8	0	883
12243	9	10	859	4	0	882
12244	8	10	10	857	0	885
12245	4	6	867	13	0	890
12246	843	4	14	5	0	866
12247	11	3	8	839	0	861
12248	8	0	826	12	0	846
12249	10	870	11	9	0	900
12250	885	9	6	8	0	908
12251	12	6	889	7	0	914
12252	7	878	11	6	0	902
12253	6	895	5	6	0	912
12254	906	17	10	2	0	935
12255	19	6	3	915	0	943
12256	9	5	935	20	0	969
12257	7	944	16	9	0	976
12258	947	13	9	9	0	978
12259	965	5	4	8	0	982
12260	18	951	7	4	0	980
12261	13	17	966	5	0	1001
12262	12	8	16	960	0	996
12263	969	2	9	17	0	997
12264	982	3	5	10	0	1000
12265	22	4	977	3	0	1006
12266	11	3	13	972	0	999
12267	11	2	7	987	0	1007
12268	10	5	994	18	0	1027
12269	11	1	993	10	0	1015
12270	1007	1	21	7	0	1036
12271	1016	6	8	6	0	1036
12272	1021	3	6	6	0	1036
12273	1029	1	5	3	0	1038
12274	23	3	990	7	0	1023
12275	997	2	15	8	0	1022
12276	21	4	7	992	0	1024
12277	15	3	1011	17	0	1046
12278	11	0	1007	11	0	1029
12279	8	1010	17	8	0	1043
12280	8	13	10	1002	0	1033
12281	9	6	1016	19	0	1050
12282	992	3	18	9	0	1022
12283	20	5	11	928	0	964
12284	8	1004	8	16	0	1036
12285	1015	14	7	12	0	1048
12286	1021	5	4	10	0	1040
12287	21	3	1009	5	0	1038
12288	12	1006	16	6	0	1040
12289	10	8	4	934	0	956
12290	928	5	7	11	0	951
12291	13	2	8	916	0	939
12292	11	5	890	12	0	918
12293	832	3	11	10	0	856
12294	14	872	5	5	0	896
12295	6	850	5	5	0	866
12296	5	882	7	3	0	897
12297	868	13	3	2	0	886
12298	855	6	1	7	0	869
12299	861	4	6	3	0	874
12300	15	4	5	846	0	870
12301	8	4	850	11	0	873
12302	8	2	9	855	0	874
12303	854	5	3	13	0	875
12304	15	1	4	860	0	880
12305	866	3	4	16	0	889
12306	880	2	2	8	0	892
12307	866	4	3	2	0	875
12308	13	861	3	5	0	882
12309	856	10	2	8	0	876
12310	15	1	858	4	0	878
12311	6	2	862	4	0	874
12312	10	835	13	0	0	858
12313	8	11	5	801	0	825
12314	806	4	4	6	0	820
12315	12	4	797	4	0	817
12316	790	3	11	3	0	807
12317	14	1	6	779	0	800
12318	10	793	3	9	0	815
12319	6	9	5	804	0	824
12320	5	0	801	11	0	817
12321	779	4	8	8	0	799
12322	11	3	815	4	0	833
12323	3	3	789	6	0	801
12324	784	0	13	4	0	801
12325	14	786	4	2	0	806
12326	810	8	4	2	0	824
12327	817	5	3	1	0	826
12328	18	2	797	2	0	819
12329	784	3	13	0	0	800
12330	11	1	783	1	0	796
12331	5	3	736	1	0	745
12332	2	2	745	5	0	754
12333	7	713	8	0	0	728
12334	629	7	15	2	0	653
12335	616	1	5	1	0	623
12336	613	1	1	2	0	617
12337	614	1	1	2	0	618
12338	7	1	614	0	0	622
12339	3	0	7	608	0	618
12340	3	0	0	614	0	617
12341	608	0	0	7	0	615
12342	7	601	1	1	0	610
12343	4	6	0	599	0	609
12344	608	0	2	6	0	616
12345	9	0	608	0	0	617
12346	0	1	7	612	0	620
12347	1	0	618	7	0	626
12348	2	617	7	0	0	626
12349	1	9	1	572	0	583
12350	565	0	1	9	0	575
12351	6	0	3	573	0	582
12352	2	1	575	5	0	583
12353	1	574	4	2	0	581
12354	560	4	2	2	0	568
12355	5	1	548	2	0	556
12356	529	0	4	3	0	536
12357	5	549	0	1	0	555
12358	555	4	3	2	0	564
12359	557	1	2	2	0	562
12360	6	0	0	571	0	577
12361	1	1	570	4	0	576
12362	1	574	4	3	0	582
12363	2	3	2	600	0	607
12364	0	2	0	622	0	624
12365	2	0	2	669	0	673
12366	1	1	2	694	0	698
12367	2	773	0	9	0	784
12368	780	10	2	2	0	794
12369	9	783	0	1	0	793
12370	5	9	0	796	0	810
12371	815	2	2	11	0	830
12372	13	0	1	819	0	833
12373	2	3	808	9	0	822
12374	2	818	9	4	0	833
12375	4	10	1	823	0	838
12376	1	1	0	833	0	835
12377	787	2	3	11	0	803
12378	10	5	793	2	0	810
12379	789	1	9	7	0	806
12380	778	1	1	8	0	788
12381	775	1	1	6	0	783
12382	13	4	769	3	0	789
12383	6	5	10	760	0	781
12384	6	3	2	764	0	775
12385	4	3	763	15	0	785
12386	4	1	779	6	0	790
12387	794	0	15	6	0	815
12388	16	2	5	803	0	826
12389	805	2	5	12	0	824
12390	818	1	3	9	0	831
12391	16	1	2	821	0	840
12392	6	1	864	19	0	890
12393	861	3	19	7	0	890
12394	19	2	8	868	0	897
12395	12	4	866	15	0	897
12396	7	855	15	7	0	884
12397	867	13	6	6	0	892
12398	17	866	4	11	0	898
12399	9	15	4	820	0	848
12400	7	871	6	16	0	900
12401	861	16	9	7	0	893
12402	873	7	6	9	0	895
12403	22	859	3	11	0	895
12404	867	16	3	10	0	896
12405	872	4	4	3	0	883
12406	22	848	3	4	0	877
12407	853	15	3	9	0	880
12408	20	8	5	849	0	882
12409	13	4	3	861	0	881
12410	849	3	7	21	0	880
12411	21	7	6	809	0	843
12412	13	827	6	17	0	863
12413	835	14	3	7	0	859
12414	832	7	5	9	0	853
12415	22	830	3	9	0	864
12416	838	16	3	11	0	868
12417	849	3	3	14	0	869
12418	24	6	6	831	0	867
12419	14	4	840	16	0	874
12420	10	830	13	14	0	867
12421	850	18	5	7	0	880
12422	847	9	2	6	0	864
12423	25	5	822	8	0	860
12424	826	9	15	7	0	857
12425	25	5	805	7	0	842
12426	794	6	15	8	0	823
12427	20	8	9	792	0	829
12428	17	7	781	17	0	822
12429	12	7	799	5	0	823
12430	18	9	14	777	0	818
12431	15	4	7	783	0	809
12432	11	7	755	20	0	793
12433	14	3	16	754	0	787
12434	12	3	779	18	0	812
12435	7	7	13	786	0	813
12436	12	4	7	779	0	802
12437	11	756	5	22	0	794
12438	10	749	8	11	0	778
12439	7	801	3	11	0	822
12440	10	15	7	795	0	827
12441	10	7	4	807	0	828
12442	8	2	787	28	0	825
12443	749	5	21	9	0	784
12444	794	8	8	9	0	819
12445	26	771	4	12	0	813
12446	772	19	5	8	0	804
12447	21	11	6	762	0	800
12448	779	5	9	19	0	812
12449	792	7	5	11	0	815
12450	29	1	5	777	0	812
12451	763	4	8	18	0	793
12452	22	740	9	6	0	777
12453	15	764	5	6	0	790
12454	10	22	2	743	0	777
12455	10	760	6	18	0	794
12456	11	16	6	755	0	788
12457	11	6	7	764	0	788
12458	746	2	5	20	0	773
12459	19	727	2	16	0	764
12460	723	17	4	8	0	752
12461	705	11	6	5	0	727
12462	17	706	3	8	0	734
12463	671	15	1	8	0	695
12464	15	7	653	10	0	685
12465	6	603	13	9	0	631
12466	572	10	6	6	0	594
12467	14	6	522	2	0	544
12468	8	494	7	2	0	511
12469	7	503	9	2	0	521
12470	476	11	8	3	0	498
12471	470	7	1	1	0	479
12472	478	2	1	1	0	482
12473	13	467	1	2	0	483
12474	6	6	1	477	0	490
12475	475	4	2	6	0	487
12476	480	3	1	4	0	488
12477	12	4	1	466	0	483
12478	8	1	467	8	0	484
12479	3	2	473	4	0	482
12480	5	1	11	472	0	489
12481	2	1	4	484	0	491
12482	7	0	476	9	0	492
12483	1	1	8	472	0	482
12484	2	469	6	8	0	485
12485	458	6	4	6	0	474
12486	6	3	3	451	0	463
12487	432	0	2	8	0	442
12488	6	437	4	4	0	451
12489	3	446	1	4	0	454
12490	431	8	5	3	0	447
12491	5	2	431	3	0	441
12492	366	1	3	1	0	371
12493	1	372	4	1	0	378
12494	4	1	1	362	0	368
12495	364	2	0	1	0	367
12496	1	1	0	365	0	367
12497	361	0	0	3	0	364
12498	350	0	0	3	0	353
12499	4	357	0	0	0	361
12500	354	1	0	0	0	355
12501	1	356	0	0	0	357
12502	352	1	0	0	0	353
12503	1	1	0	350	0	352
12504	360	0	2	1	0	363
12505	1	0	0	370	0	371
12506	386	0	0	3	0	389
12507	394	0	0	3	0	397
12508	395	0	0	0	0	395
12509	400	0	0	0	0	400
12510	394	0	0	0	0	394
12511	3	0	0	402	0	405
12512	397	0	0	1	0	398
12513	2	386	0	3	0	391
12514	1	2	389	0	0	392
12515	1	1	3	385	0	390
12516	0	1	402	3	0	406
12517	0	0	4	423	0	427
12518	0	0	423	4	0	427
12519	404	0	3	1	0	408
12520	3	0	1	422	0	426
12521	2	0	416	5	0	423
12522	1	1	422	2	0	426
12523	0	0	6	432	0	438
12524	482	0	2	5	0	489
12525	4	514	2	2	0	522
12526	530	5	0	3	0	538
12527	529	2	1	2	0	534
12528	8	518	0	2	0	528
12529	564	5	0	1	0	570
12530	6	2	0	575	0	583
12531	2	0	1	577	0	580
12532	0	0	0	583	0	583
12533	579	0	0	8	0	587
12534	5	593	1	3	0	602
12535	3	6	0	592	0	601
12536	3	2	1	603	0	609
12537	599	2	0	10	0	611
12538	12	0	0	601	0	613
12539	3	3	603	9	0	618
12540	2	619	5	4	0	630
12541	638	7	2	3	0	650
12542	12	3	1	634	0	650
12543	3	643	0	10	0	656
12544	646	10	1	5	0	662
12545	11	4	642	3	0	660
12546	4	643	9	1	0	657
12547	651	9	2	3	0	665
12548	10	4	3	648	0	665
12549	5	3	0	647	0	655
12550	3	0	636	12	0	651
12551	1	1	11	633	0	646
12552	0	3	678	12	0	693
12553	5	1	661	4	0	671
12554	0	3	683	3	0	689
12555	680	3	14	1	0	698
12556	691	0	2	2	0	695
12557	691	1	3	2	0	697
12558	15	1	1	669	0	686
12559	3	676	3	8	0	690
12560	2	701	0	4	0	707
12561	713	10	4	3	0	730
12562	711	1	2	1	0	715
12563	9	706	2	3	0	720
12564	708	11	2	1	0	722
12565	13	1	703	1	0	718
12566	4	1	710	0	0	715
12567	4	0	10	657	0	671
12568	1	3	2	702	0	708
12569	2	4	693	9	0	708
12570	6	0	11	689	0	706
12571	698	0	1	11	0	710
12572	9	4	696	2	0	711
12573	693	1	10	2	0	706
12574	13	1	3	695	0	712
12575	2	1	716	11	0	730
12576	4	725	9	3	0	741
12577	737	12	3	3	0	755
12578	14	2	723	0	0	739
12579	716	1	13	5	0	735
12580	14	0	4	722	0	740
12581	721	0	3	14	0	738
12582	14	0	734	3	0	751
12583	4	2	12	744	0	762
12584	784	0	6	14	0	804
12585	802	2	1	6	0	811
12586	829	0	3	2	0	834
12587	823	2	4	3	0	832
12588	21	0	0	801	0	822
12589	6	0	3	816	0	825
12590	5	2	812	15	0	834
12591	4	1	12	822	0	839
12592	2	1	3	822	0	828
12593	4	829	2	11	0	846
12594	843	12	0	9	0	864
12595	857	3	1	4	0	865
12596	18	867	2	1	0	888
12597	8	12	1	875	0	896
12598	4	3	1	885	0	893
12599	871	1	3	18	0	893
12600	11	3	891	9	0	914
12601	7	0	12	899	0	918
12602	1	4	909	15	0	929
12603	899	0	12	7	0	918
12604	909	1	5	5	0	920
12605	911	2	1	1	0	915
12606	19	0	1	878	0	898
12607	7	2	0	880	0	889
12608	878	2	0	17	0	897
12609	16	0	866	6	0	888
12610	6	0	12	871	0	889
12611	881	0	5	13	0	899
12612	13	0	0	874	0	887
12613	7	1	937	10	0	955
12614	2	1	920	3	0	926
12615	913	1	12	4	0	930
12616	11	917	4	2	0	934
12617	922	10	0	1	0	933
12618	937	2	1	4	0	944
12619	15	0	0	930	0	945
12620	5	1	1	932	0	939
12621	1	920	1	16	0	938
12622	909	9	2	6	0	926
12623	10	921	1	2	0	934
12624	4	899	2	2	0	907
12625	0	14	1	856	0	871
12626	853	4	1	10	0	868
12627	866	1	0	4	0	871
12628	13	2	0	863	0	878
12629	8	0	0	830	0	838
12630	1	2	0	827	0	830
12631	815	0	0	13	0	828
12632	10	2	811	3	0	826
12633	4	808	7	3	0	822
12634	782	7	5	4	0	798
12635	9	5	0	788	0	802
12636	7	0	782	8	0	797
12637	4	1	788	4	0	797
12638	1	782	8	4	0	795
12639	1	800	4	3	0	808
12640	11	11	8	757	0	787
12641	4	734	1	3	0	742
12642	5	3	0	765	0	773
12643	3	3	1	772	0	779
12644	775	1	0	11	0	787
12645	6	2	2	773	0	783
12646	6	0	3	778	0	787
12647	2	2	773	6	0	783
12648	3	3	3	795	0	804
12649	790	2	4	4	0	800
12650	797	2	1	5	0	805
12651	8	840	2	3	0	853
12652	805	4	0	2	0	811
12653	3	6	786	4	0	799
12654	8	799	1	4	0	812
12655	6	3	4	799	0	812
12656	2	5	1	809	0	817
12657	3	1	1	818	0	823
12658	810	1	4	8	0	823
12659	770	1	1	9	0	781
12660	11	1	787	1	0	800
12661	8	2	762	2	0	774
12662	3	2	792	3	0	800
12663	4	784	7	3	0	798
12664	4	790	6	4	0	804
12665	793	8	1	3	0	805
12666	791	4	1	5	0	801
12667	8	0	1	798	0	807
12668	6	0	1	786	0	793
12669	2	792	3	6	0	803
12670	2	4	3	803	0	812
12671	3	6	800	1	0	810
12672	2	791	4	6	0	803
12673	5	6	3	794	0	808
12674	2	3	837	5	0	847
12675	5	1	3	785	0	794
12676	4	830	3	3	0	840
12677	835	6	0	6	0	847
12678	833	4	0	4	0	841
12679	853	3	2	3	0	861
12680	10	3	0	864	0	877
12681	5	2	1	887	0	895
12682	882	2	0	10	0	894
12683	6	872	1	6	0	885
12684	868	4	1	6	0	879
12685	7	3	911	3	0	924
12686	909	2	5	6	0	922
12687	929	1	4	4	0	938
12688	11	2	3	926	0	942
12689	943	3	1	6	0	953
12690	970	2	2	4	0	978
12691	13	2	1	964	0	980
12692	5	2	951	8	0	966
12693	923	0	5	7	0	935
12694	6	0	975	3	0	984
12695	2	1000	7	2	0	1011
12696	2	5	5	1007	0	1019
12697	2	2	2	1039	0	1045
12698	1134	2	1	9	0	1146
12699	8	1	1136	5	0	1150
12700	3	1	9	1101	0	1114
12701	2	1117	3	9	0	1131
12702	2	1116	1	2	0	1121
12703	2	10	1	1127	0	1140
12704	2	3	1116	7	0	1128
12705	3	3	8	1115	0	1129
12706	4	1	2	1126	0	1133
12707	3	4	1097	10	0	1114
12708	1	1127	9	4	0	1141
12709	1100	10	2	7	0	1119
12710	9	1130	2	4	0	1145
12711	5	9	1	1127	0	1142
12712	1101	2	2	11	0	1116
12713	12	1063	1	4	0	1080
12714	3	7	1067	4	0	1081
12715	1068	3	11	4	0	1086
12716	10	1098	3	2	0	1113
12717	1099	11	3	2	0	1115
12718	12	4	1066	0	0	1082
12719	1075	1	8	1	0	1085
12720	13	2	4	1080	0	1099
12721	3	4	1066	12	0	1085
12722	3	3	9	1053	0	1068
12723	1	1039	3	13	0	1056
12724	5	8	3	1064	0	1080
12725	5	2	3	1058	0	1068
12726	0	4	1031	14	0	1049
12727	3	3	8	1046	0	1060
12728	2	2	895	13	0	912
12729	0	1045	7	6	0	1058
12730	5	10	5	1046	0	1066
12731	6	4	1054	11	0	1075
12732	4	1044	9	5	0	1062
12733	1	1076	5	3	0	1085
12734	5	12	1067	6	0	1090
12735	4	5	1062	7	0	1078
12736	8	4	12	1058	0	1082
12737	1052	5	4	13	0	1074
12738	11	1044	4	9	0	1068
12739	7	9	5	1022	0	1043
12740	1021	6	4	9	0	1040
12741	16	1022	0	7	0	1045
12742	1001	14	4	7	0	1026
12743	20	1025	4	5	0	1054
12744	1036	11	2	5	0	1054
12745	1043	8	3	7	0	1061
12746	1063	3	4	5	0	1075
12747	19	1121	2	6	0	1148
12748	13	15	1	1117	0	1146
12749	9	7	1107	14	0	1137
12750	7	1107	14	12	0	1140
12751	7	20	9	1064	0	1100
12752	5	6	4	1073	0	1088
12753	6	1	1043	18	0	1068
12754	7	1027	13	8	0	1055
12755	1025	12	7	7	0	1051
12756	10	1024	4	11	0	1049
12757	10	11	5	1023	0	1049
12758	4	11	1027	13	0	1055
12759	1010	4	15	12	0	1041
12760	12	3	8	1041	0	1064
12761	5	5	1017	20	0	1047
12762	985	4	15	10	0	1014
12763	15	996	5	6	0	1022
12764	1000	12	5	7	0	1024
12765	1010	9	4	8	0	1031
12766	18	6	6	998	0	1028
12767	7	6	992	16	0	1021
12768	5	988	17	11	0	1021
12769	9	17	983	2	0	1011
12770	8	7	14	973	0	1002
12771	4	8	10	991	0	1013
12772	984	6	5	20	0	1015
12773	14	4	975	8	0	1001
12774	9	930	14	10	0	963
12775	4	16	7	917	0	944
12776	13	7	2	920	0	942
12777	900	5	6	16	0	927
12778	15	912	4	6	0	937
12779	8	14	1	880	0	903
12780	861	7	2	17	0	887
12781	14	849	3	7	0	873
12782	822	15	3	5	0	845
12783	821	4	3	7	0	835
12784	18	807	0	8	0	833
12785	730	13	5	2	0	750
12786	15	734	3	2	0	754
12787	723	13	0	2	0	738
12788	718	8	1	3	0	730
12789	16	701	2	2	0	721
12790	659	11	1	4	0	675
12791	673	2	3	2	0	680
12792	666	3	3	2	0	674
12793	10	4	667	1	0	682
12794	7	1	617	2	0	627
12795	5	1	605	4	0	615
12796	586	1	12	2	0	601
12797	9	1	582	0	0	592
12798	3	2	481	1	0	487
12799	1	1	9	446	0	457
12800	456	1	2	7	0	466
12801	7	0	455	5	0	467
12802	4	2	470	1	0	477
12803	1	0	8	471	0	480
12804	5	0	4	471	0	480
12805	1	4	1	480	0	486
12806	3	1	469	9	0	482
12807	4	0	6	473	0	483
12808	473	3	2	8	0	486
12809	9	473	0	5	0	487
12810	4	8	1	471	0	484
12811	4	3	0	473	0	480
12812	5	1	479	9	0	494
12813	1	471	7	3	0	482
12814	465	8	4	2	0	479
12815	10	459	0	2	0	471
12816	7	6	4	459	0	476
12817	0	5	462	7	0	474
12818	3	0	9	497	0	509
12819	2	2	5	505	0	514
12820	509	1	1	12	0	523
12821	9	0	5	490	0	504
12822	4	496	2	9	0	511
12823	1	520	0	8	0	529
12824	4	10	524	1	0	539
12825	518	2	9	2	0	531
12826	8	1	5	524	0	538
12827	5	2	0	528	0	535
12828	0	1	3	532	0	536
12829	520	0	2	14	0	536
12830	9	530	2	7	0	548
12831	524	8	1	4	0	537
12832	9	5	491	3	0	508
12833	6	2	497	0	0	505
12834	511	5	11	1	0	528
12835	10	0	3	520	0	533
12836	4	1	6	533	0	544
12837	0	3	3	539	0	545
12838	5	0	525	12	0	542
12839	527	3	8	6	0	544
12840	534	0	4	8	0	546
12841	528	1	3	3	0	535
12842	12	4	2	522	0	540
12843	8	1	509	9	0	527
12844	8	1	504	3	0	516
12845	5	2	514	5	0	526
12846	2	493	10	5	0	510
12847	4	6	8	422	0	440
12848	413	0	2	8	0	423
12849	6	2	414	2	0	424
12850	419	1	6	1	0	427
12851	7	2	3	420	0	432
12852	3	1	1	419	0	424
12853	3	413	1	8	0	425
12854	0	421	4	3	0	428
12855	1	438	3	2	0	444
12856	3	6	1	442	0	452
12857	437	0	1	7	0	445
12858	444	1	1	2	0	448
12859	7	0	442	1	0	450
12860	431	0	6	2	0	439
12861	9	0	434	3	0	446
12862	2	1	7	440	0	450
12863	1	0	433	7	0	441
12864	437	1	6	4	0	448
12865	4	2	3	444	0	453
12866	1	1	454	5	0	461
12867	3	1	440	0	0	444
12868	435	1	4	3	0	443
12869	458	0	0	4	0	462
12870	1	457	4	3	0	465
12871	4	3	2	468	0	477
12872	0	2	467	7	0	476
12873	2	3	462	1	0	468
12874	3	6	5	470	0	484
12875	473	2	3	4	0	482
12876	5	467	2	3	0	477
12877	6	3	1	485	0	495
12878	482	1	2	9	0	494
12879	5	0	1	490	0	496
12880	2	491	3	5	0	501
12881	2	4	2	503	0	511
12882	503	0	2	4	0	509
12883	8	2	0	501	0	511
12884	506	1	3	7	0	517
12885	8	525	2	2	0	537
12886	520	3	5	4	0	532
12887	6	1	516	2	0	525
12888	509	1	5	4	0	519
12889	522	2	1	2	0	527
12890	4	538	2	3	0	547
12891	6	6	4	524	0	540
12892	1	2	522	5	0	530
12893	2	1	498	3	0	504
12894	480	1	9	3	0	493
12895	478	1	2	3	0	484
12896	6	475	0	2	0	483
12897	1	476	0	2	0	479
12898	467	3	1	6	0	477
12899	5	472	2	0	0	479
12900	1	485	1	1	0	488
12901	3	4	0	483	0	490
12902	2	0	0	472	0	474
12903	2	1	474	2	0	479
12904	2	2	1	479	0	484
12905	476	0	1	2	0	479
12906	2	3	477	1	0	483
12907	2	2	469	1	0	474
12908	2	0	2	478	0	482
12909	3	1	2	488	0	494
12910	3	0	1	488	0	492
12911	1	1	482	4	0	488
12912	1	1	3	476	0	481
12913	3	0	2	484	0	489
12914	486	0	3	3	0	492
12915	4	481	0	3	0	488
12916	479	1	0	2	0	482
12917	0	3	483	2	0	488
12918	422	0	2	3	0	427
12919	0	467	2	1	0	470
12920	449	0	1	3	0	453
12921	1	446	0	0	0	447
12922	427	1	0	4	0	432
12923	1	430	0	0	0	431
12924	0	433	0	0	0	433
12925	2	0	2	439	0	443
12926	438	1	1	1	0	441
12927	443	0	0	0	0	443
12928	443	0	0	0	0	443
12929	2	0	440	0	0	442
12930	0	1	432	1	0	434
12931	0	1	1	440	0	442
12932	0	438	1	2	0	441
12933	1	456	0	1	0	458
12934	2	2	0	433	0	437
12935	428	1	0	1	0	430
12936	428	0	1	3	0	432
12937	429	0	0	1	0	430
12938	2	0	429	1	0	432
12939	1	0	1	428	0	430
12940	0	1	441	1	0	443
12941	449	0	1	2	0	452
12942	461	0	1	0	0	462
12943	3	0	455	0	0	458
12944	2	0	1	460	0	463
12945	457	0	2	1	0	460
12946	1	0	0	465	0	466
12947	1	0	1	468	0	470
12948	0	0	0	512	0	512
12949	548	0	0	5	0	553
12950	6	0	1	571	0	578
12951	590	0	0	9	0	599
12952	7	627	0	1	0	635
12953	1	7	0	647	0	655
12954	1	1	0	654	0	656
12955	0	1	0	647	0	648
12956	630	0	0	12	0	642
12957	8	0	0	628	0	636
12958	2	0	0	635	0	637
12959	633	1	0	10	0	644
12960	647	0	0	2	0	649
12961	639	0	0	4	0	643
12962	9	0	628	1	0	638
12963	3	0	617	0	0	620
12964	633	0	9	2	0	644
12965	9	0	3	627	0	639
12966	2	0	1	618	0	621
12967	630	0	0	10	0	640
12968	622	0	0	2	0	624
12969	630	0	1	1	0	632
12970	9	609	2	0	0	620
12971	614	8	0	2	0	624
12972	618	1	0	1	0	620
12973	8	604	0	4	0	616
12974	2	614	1	0	0	617
12975	0	6	0	616	0	622
12976	627	2	0	9	0	638
12977	625	1	0	2	0	628
12978	623	0	0	2	0	625
12979	11	1	0	613	0	625
12980	607	0	0	9	0	616
12981	9	0	597	3	0	609
12982	595	1	7	2	0	605
12983	10	3	593	1	0	607
12984	2	0	582	3	0	587
12985	1	0	10	570	0	581
12986	569	0	4	10	0	583
12987	11	0	0	564	0	575
12988	1	1	571	12	0	585
12989	1	1	577	3	0	582
12990	4	0	9	561	0	574
12991	562	0	1	10	0	573
12992	10	574	1	2	0	587
12993	1	8	3	579	0	591
12994	3	0	2	594	0	599
12995	4	1	598	10	0	613
12996	1	0	600	5	0	606
12997	1	1	10	608	0	620
12998	609	0	3	8	0	620
12999	10	0	618	2	0	630
13000	3	0	7	602	0	612
13001	2	2	1	608	0	613
13002	4	0	1	616	0	621
13003	599	1	0	10	0	610
13004	9	3	558	2	0	572
13005	1	593	7	2	0	603
13006	3	8	0	594	0	605
13007	4	0	594	9	0	607
13008	3	584	7	2	0	596
13009	3	605	1	4	0	613
13010	604	9	1	4	0	618
13011	10	608	1	2	0	621
13012	618	9	1	2	0	630
13013	13	1	602	1	0	617
13014	2	1	11	610	0	624
13015	608	0	3	12	0	623
13016	9	632	3	5	0	649
13017	6	9	621	3	0	639
13018	3	1	10	600	0	614
13019	2	625	3	8	0	638
13020	2	8	2	655	0	667
13021	660	1	1	11	0	673
13022	12	670	1	2	0	685
13023	679	11	2	2	0	694
13024	681	1	1	5	0	688
13025	12	1	688	4	0	705
13026	4	720	13	1	0	738
13027	3	13	3	757	0	776
13028	3	1	787	17	0	808
13029	4	1	842	3	0	850
13030	5	3	18	863	0	889
13031	877	0	2	19	0	898
13032	881	1	2	5	0	889
13033	20	1	0	878	0	899
13034	5	2	872	14	0	893
13035	6	881	14	0	0	901
13036	890	17	1	6	0	914
13037	904	0	5	5	0	914
13038	14	919	3	3	0	939
13039	918	18	1	3	0	940
13040	19	1	896	2	0	918
13041	890	4	15	2	0	911
13042	867	2	3	4	0	876
13043	20	1	900	1	0	922
13044	5	2	18	883	0	908
13045	9	2	880	15	0	906
13046	3	842	18	4	0	867
13047	2	883	3	4	0	892
13048	6	15	4	821	0	846
13049	2	0	820	11	0	833
13050	2	778	9	5	0	794
13051	1	779	3	1	0	784
13052	724	9	6	2	0	741
13053	723	2	3	1	0	729
13054	10	2	1	723	0	736
13055	1	2	0	712	0	715
13056	3	723	0	7	0	733
13057	726	8	2	2	0	738
13058	728	0	1	3	0	732
13059	8	730	1	3	0	742
13060	4	8	1	725	0	738
13061	4	2	721	10	0	737
13062	3	2	8	720	0	733
13063	730	2	0	9	0	741
13064	11	2	1	725	0	739
13065	3	1	1	744	0	749
13066	747	0	1	13	0	761
13067	8	2	1	733	0	744
13068	1	749	0	11	0	761
13069	6	7	1	756	0	770
13070	5	0	0	769	0	774
13071	3	1	0	758	0	762
13072	1	758	1	9	0	769
13073	1	8	1	748	0	758
13074	1	2	747	9	0	759
13075	2	2	7	736	0	747
13076	1	4	731	10	0	746
13077	0	725	7	5	0	737
13078	1	9	5	733	0	748
13079	0	1	3	743	0	747
13080	2	2	4	743	0	751
13081	4	1	0	738	0	743
13082	2	1	725	10	0	738
13083	2	725	8	7	0	742
13084	0	7	1	744	0	752
13085	0	4	740	10	0	754
13086	3	3	8	747	0	761
13087	756	1	0	15	0	772
13088	8	3	730	2	0	743
13089	729	1	6	5	0	741
13090	11	1	3	737	0	752
13091	4	2	749	8	0	763
13092	5	731	8	5	0	749
13093	4	8	2	740	0	754
13094	0	2	757	12	0	771
13095	4	758	8	1	0	771
13096	1	9	3	768	0	781
13097	771	2	2	10	0	785
13098	775	2	2	6	0	785
13099	770	1	3	7	0	781
13100	9	2	773	4	0	788
13101	3	787	11	1	0	802
13102	5	11	1	796	0	813
13103	7	1	2	839	0	849
13104	844	1	1	18	0	864
13105	13	866	3	3	0	885
13106	875	15	1	8	0	899
13107	875	3	2	5	0	885
13108	882	1	1	5	0	889
13109	15	4	868	3	0	890
13110	878	0	13	7	0	898
13111	16	2	2	880	0	900
13112	8	2	2	885	0	897
13113	878	2	2	13	0	895
13114	16	2	3	867	0	888
13115	3	867	2	14	0	886
13116	7	12	2	845	0	866
13117	823	3	3	19	0	848
13118	15	4	817	7	0	843
13119	7	809	10	5	0	831
13120	4	11	3	791	0	809
13121	785	3	2	18	0	808
13122	13	2	773	6	0	794
13123	7	12	13	748	0	780
13124	6	3	756	11	0	776
13125	5	1	731	9	0	746
13126	4	2	700	2	0	708
13127	3	0	686	2	0	691
13128	3	2	658	2	0	665
13129	570	9	16	3	0	598
13130	6	578	7	2	0	593
13131	570	4	1	2	0	577
13132	569	3	1	3	0	576
13133	9	558	3	0	0	570
13134	4	570	0	2	0	576
13135	577	6	1	3	0	587
13136	574	3	3	2	0	582
13137	10	0	0	560	0	570
13138	3	560	1	6	0	570
13139	575	5	2	5	0	587
13140	7	569	0	0	0	576
13141	5	7	1	571	0	584
13142	577	3	2	5	0	587
13143	580	2	0	6	0	588
13144	8	1	0	578	0	587
13145	5	1	0	579	0	585
13146	1	0	574	8	0	583
13147	5	1	4	568	0	578
13148	1	2	571	3	0	577
13149	1	2	4	556	0	563
13150	3	0	1	558	0	562
13151	557	0	1	10	0	568
13152	556	1	0	4	0	561
13153	7	1	549	1	0	558
13154	548	1	5	0	0	554
13155	5	0	3	553	0	561
13156	6	1	556	5	0	568
13157	5	0	3	559	0	567
13158	2	0	4	601	0	607
13159	3	1	598	9	0	611
13160	2	0	3	613	0	618
13161	2	1	655	5	0	663
13162	1	0	7	679	0	687
13163	727	1	3	12	0	743
13164	4	734	4	7	0	749
13165	742	7	0	3	0	752
13166	7	739	2	6	0	754
13167	726	7	1	4	0	738
13168	8	728	1	2	0	739
13169	718	7	4	2	0	731
13170	9	729	3	1	0	742
13171	7	8	2	726	0	743
13172	3	4	732	6	0	745
13173	3	1	723	7	0	734
13174	1	7	9	721	0	738
13175	731	1	4	9	0	745
13176	7	755	2	5	0	769
13177	8	7	2	755	0	772
13178	1	6	757	9	0	773
13179	3	2	757	5	0	767
13180	4	2	9	736	0	751
13181	2	761	6	7	0	776
13182	769	8	1	6	0	784
13183	9	4	778	1	0	792
13184	3	4	764	3	0	774
13185	5	783	7	2	0	797
13186	782	9	4	0	0	795
13187	781	3	1	3	0	788
13188	11	2	3	772	0	788
13189	783	1	2	7	0	793
13190	779	2	2	7	0	790
13191	10	767	2	3	0	782
13192	768	6	4	4	0	782
13193	9	3	788	2	0	802
13194	6	2	7	766	0	781
13195	8	2	3	755	0	768
13196	742	2	0	12	0	756
13197	9	737	4	4	0	754
13198	735	6	3	3	0	747
13199	6	755	3	5	0	769
13200	6	754	1	3	0	764
13201	0	11	739	5	0	755
13202	2	6	728	2	0	738
13203	690	6	7	3	0	706
13204	697	0	5	4	0	706
13205	5	1	672	1	0	679
13206	4	651	3	0	0	658
13207	4	659	1	0	0	664
13208	662	3	2	1	0	668
13209	655	3	3	0	0	661
13210	6	0	0	656	0	662
13211	663	4	0	5	0	672
13212	6	1	0	657	0	664
13213	4	1	660	3	0	668
13214	1	0	640	5	0	646
13215	661	1	2	2	0	666
13216	5	1	1	660	0	667
13217	3	693	1	3	0	700
13218	706	3	2	1	0	712
13219	714	2	0	2	0	718
13220	3	1	709	3	0	716
13221	702	2	4	1	0	709
13222	717	2	3	0	0	722
13223	5	0	2	722	0	729
13224	2	713	2	3	0	720
13225	3	740	2	2	0	747
13226	5	3	3	756	0	767
13227	2	4	2	742	0	750
13228	5	2	1	755	0	763
13229	5	2	752	2	0	761
13230	3	0	730	2	0	735
13231	2	2	3	744	0	751
13232	3	4	738	3	0	748
13233	6	0	734	1	0	741
13234	4	1	7	726	0	738
13235	4	0	774	5	0	783
13236	3	773	5	2	0	783
13237	823	7	2	3	0	835
13238	10	1	2	802	0	815
13239	2	788	3	8	0	801
13240	3	5	809	2	0	819
13241	6	2	6	825	0	839
13242	2	4	830	6	0	842
13243	4	3	5	830	0	842
13244	2	1	3	842	0	848
13245	2	1	878	6	0	887
13246	3	2	6	858	0	869
13247	4	867	3	7	0	881
13248	1	4	3	896	0	904
13249	3	1	892	6	0	902
13250	2	3	7	887	0	899
13251	890	2	3	6	0	901
13252	6	899	1	4	0	910
13253	2	5	2	910	0	919
13254	6	0	903	7	0	916
13255	3	894	5	3	0	905
13256	0	904	4	2	0	910
13257	2	4	906	3	0	915
13258	2	2	6	855	0	865
13259	2	3	1	858	0	864
13260	2	1	858	5	0	866
13261	1	784	4	2	0	791
13262	1	796	1	3	0	801
13263	735	5	1	2	0	743
13264	4	734	1	2	0	741
13265	734	2	3	1	0	740
13266	4	0	1	731	0	736
13267	766	0	0	7	0	773
13268	3	4	760	0	0	767
13269	767	0	3	3	0	773
13270	4	1	2	761	0	768
13271	1	782	2	2	0	787
13272	790	4	1	2	0	797
13273	6	6	1	790	0	803
13274	0	808	0	6	0	814
13275	1	840	2	2	0	845
13276	827	6	1	2	0	836
13277	826	0	1	3	0	830
13278	835	1	1	3	0	840
13279	4	3	0	826	0	833
13280	2	805	1	2	0	810
13281	1	838	2	1	0	842
13282	2	2	2	844	0	850
13283	835	1	2	3	0	841
13284	793	2	2	1	0	798
13285	828	2	0	2	0	832
13286	4	0	799	2	0	805
13287	2	1	824	2	0	829
13288	871	1	2	1	0	875
13289	2	1	1	864	0	868
13290	1	3	0	867	0	871
13291	3	3	0	855	0	861
13292	3	1	0	868	0	872
13293	4	1	843	2	0	850
13294	2	0	3	849	0	854
13295	1	1	842	5	0	849
13296	808	2	4	2	0	816
13297	3	849	2	2	0	856
13298	5	3	0	865	0	873
13299	5	0	0	837	0	842
13300	825	1	0	5	0	831
13301	810	0	2	4	0	816
13302	815	1	1	4	0	821
13303	802	2	2	7	0	813
13304	5	1	815	3	0	824
13305	2	1	791	1	0	795
13306	5	0	2	799	0	806
13307	797	5	1	5	0	808
13308	796	1	2	5	0	804
13309	5	2	798	3	0	808
13310	2	1	2	797	0	802
13311	799	0	4	3	0	806
13312	5	2	1	796	0	804
13313	2	3	794	4	0	803
13314	3	1	5	795	0	804
13315	786	3	0	7	0	796
13316	5	835	2	3	0	845
13317	817	2	2	5	0	826
13318	819	2	3	3	0	827
13319	836	1	2	6	0	845
13320	6	0	2	841	0	849
13321	829	2	0	6	0	837
13322	5	865	2	2	0	874
13323	3	885	2	3	0	893
13324	2	9	1	874	0	886
13325	859	0	2	8	0	869
13326	9	892	2	1	0	904
13327	1059	6	1	7	0	1073
13328	1151	2	1	3	0	1157
13329	24	1186	0	2	0	1212
13330	9	14	1	1198	0	1222
13331	7	6	2	1219	0	1234
13332	5	4	1214	21	0	1244
13333	5	2	14	1220	0	1241
13334	5	3	1208	16	0	1232
13335	9	1165	13	12	0	1199
13336	6	15	7	1176	0	1204
13337	1129	7	3	21	0	1160
13338	1148	2	4	14	0	1168
13339	21	3	4	1132	0	1160
13340	9	3	1112	18	0	1142
13341	1077	3	14	10	0	1104
13342	16	1082	8	5	0	1111
13343	9	1070	1	12	0	1092
13344	7	1107	3	4	0	1121
13345	13	21	3	1050	0	1087
13346	4	7	1069	19	0	1099
13347	2	10	16	1056	0	1084
13348	7	6	1071	14	0	1098
13349	1	4	1064	10	0	1079
13350	3	7	1078	2	0	1090
13351	8	4	19	1052	0	1083
13352	3	3	10	1089	0	1105
13353	0	2	8	1100	0	1110
13354	3	1	5	1089	0	1098
13355	1077	2	8	24	0	1111
13356	12	1072	6	12	0	1102
13357	1065	13	4	9	0	1091
13358	15	1074	4	10	0	1103
13359	12	14	2	1082	0	1110
13360	7	8	1	1101	0	1117
13361	1085	3	2	25	0	1115
13362	1109	5	1	13	0	1128
13363	1109	7	2	9	0	1127
13364	1102	4	1	9	0	1116
13365	1096	9	1	6	0	1112
13366	21	1075	1	7	0	1104
13367	1043	15	2	9	0	1069
13368	24	1033	2	4	0	1063
13369	1024	19	2	2	0	1047
13370	25	8	1014	6	0	1053
13371	18	6	13	989	0	1026
13372	8	1013	7	14	0	1042
13373	8	18	3	1000	0	1029
13374	8	8	991	17	0	1024
13375	5	9	16	957	0	987
13376	936	3	7	24	0	970
13377	16	950	8	16	0	990
13378	7	966	6	9	0	988
13379	3	23	966	13	0	1005
13380	12	8	17	958	0	995
13381	6	975	8	14	0	1003
13382	4	15	4	983	0	1006
13383	9	7	985	18	0	1019
13384	7	978	16	8	0	1009
13385	3	23	989	7	0	1022
13386	3	11	980	4	0	998
13387	8	7	20	949	0	984
13388	956	8	10	20	0	994
13389	16	3	9	970	0	998
13390	8	3	979	17	0	1007
13391	2	9	18	996	0	1025
13392	4	3	1028	16	0	1051
13393	3	1	1025	16	0	1045
13394	1011	2	27	15	0	1055
13395	1060	2	9	13	0	1084
13396	1063	2	10	12	0	1087
13397	21	3	1052	10	0	1086
13398	11	2	1055	10	0	1078
13399	6	2	23	1029	0	1060
13400	8	3	13	1059	0	1083
13401	1059	3	5	22	0	1089
13402	20	3	6	1055	0	1084
13403	17	0	1055	21	0	1093
13404	8	6	1040	11	0	1065
13405	10	1054	22	8	0	1094
13406	7	15	8	1074	0	1104
13407	13	7	1076	19	0	1115
13408	15	3	17	1080	0	1115
13409	1085	5	8	23	0	1121
13410	20	4	1107	8	0	1139
13411	15	4	20	1095	0	1134
13412	10	6	9	1121	0	1146
13413	9	1	1103	26	0	1139
13414	4	4	21	1091	0	1120
13415	5	4	1103	27	0	1139
13416	1048	3	21	14	0	1086
13417	22	1	15	1039	0	1077
13418	7	1040	6	22	0	1075
13419	1032	12	4	18	0	1066
13420	1029	8	11	5	0	1053
13421	18	1021	4	11	0	1054
13422	24	75	9	885	0	993
13423	9	944	3	14	0	970
13424	7	960	1	7	0	975
13425	11	18	922	7	0	958
13426	8	896	11	2	0	917
13427	4	10	714	7	0	735
13428	587	6	5	3	0	601
13429	590	1	0	1	0	592
13430	2	589	1	0	0	592
13431	0	606	0	1	0	607
13432	0	627	0	0	0	627
13433	649	2	1	0	0	652
13434	4	0	0	661	0	665
13435	0	1	721	2	0	724
13436	1	733	2	0	0	736
13437	0	2	0	750	0	752
13438	1	1	1	748	0	751
13439	0	869	0	2	0	871
13440	945	10	0	3	0	958
13441	13	1	961	0	0	975
13442	3	2	12	1120	0	1137
13443	1	1225	1	14	0	1241
13444	1225	20	1	1	0	1247
13445	20	1	1210	2	0	1233
13446	2	1180	19	3	0	1204
13447	3	20	4	1186	0	1213
13448	2	5	1178	19	0	1204
13449	1162	0	19	5	0	1186
13450	20	1	3	1168	0	1192
13451	2	2	1158	21	0	1183
13452	4	1156	19	3	0	1182
13453	1140	19	5	3	0	1167
13454	20	1158	3	4	0	1185
13455	1147	24	2	3	0	1176
13456	1172	4	0	4	0	1180
13457	25	3	1	1148	0	1177
13458	6	1119	2	20	0	1147
13459	7	16	1137	4	0	1164
13460	4	5	21	1137	0	1167
13461	6	7	8	1033	0	1054
13462	4	2	3	1146	0	1155
13463	4	1	5	1137	0	1147
13464	2	4	3	1142	0	1151
13465	1128	3	3	28	0	1162
13466	1107	5	2	6	0	1120
13467	1110	2	1	8	0	1121
13468	25	1100	1	4	0	1130
13469	7	19	1122	2	0	1150
13470	6	5	1128	2	0	1141
13471	3	3	1141	1	0	1148
13472	2	5	26	1114	0	1147
13473	6	2	5	1139	0	1152
13474	4	0	5	1127	0	1136
13475	0	2	1099	31	0	1132
13476	3	1091	20	14	0	1128
13477	2	21	1088	10	0	1121
13478	5	3	1103	4	0	1115
13479	7	5	22	1089	0	1123
13480	5	4	1104	27	0	1140
13481	3	2	28	1086	0	1119
13482	1082	5	6	25	0	1118
13483	1092	4	6	5	0	1107
13484	25	1	1076	7	0	1109
13485	8	2	24	1069	0	1103
13486	6	5	1070	27	0	1108
13487	6	1081	24	8	0	1119
13488	1080	25	11	4	0	1120
13489	23	10	1076	5	0	1114
13490	6	1046	30	8	0	1090
13491	5	1060	9	8	0	1082
13492	6	1050	13	4	0	1073
13493	1	30	1003	10	0	1044
13494	10	11	29	968	0	1018
13495	7	993	8	24	0	1032
13496	15	25	7	990	0	1037
13497	12	10	7	1016	0	1045
13498	993	6	13	25	0	1037
13499	26	986	6	12	0	1030
13500	972	22	11	15	0	1020
13501	26	961	14	6	0	1007
13502	10	984	9	7	0	1010
13503	6	30	969	12	0	1017
13504	8	13	26	956	0	1003
13505	7	12	955	28	0	1002
13506	9	937	25	12	0	983
13507	4	25	948	13	0	990
13508	15	8	947	8	0	978
13509	9	948	26	12	0	995
13510	920	26	7	12	0	965
13511	24	925	10	10	0	969
13512	931	25	12	9	0	977
13513	30	14	929	10	0	983
13514	8	10	935	16	0	969
13515	5	916	27	15	0	963
13516	906	23	14	16	0	959
13517	27	920	9	13	0	969
13518	14	26	12	919	0	971
13519	925	13	11	28	0	977
13520	26	9	928	6	0	969
13521	10	11	29	925	0	975
13522	917	7	16	27	0	967
13523	25	916	14	10	0	965
13524	12	25	9	919	0	965
13525	11	10	908	29	0	958
13526	902	8	31	14	0	955
13527	25	7	19	916	0	967
13528	7	5	905	31	0	948
13529	6	9	27	883	0	925
13530	9	897	13	33	0	952
13531	9	23	888	13	0	933
13532	9	8	27	845	0	889
13533	814	8	11	27	0	860
13534	32	9	7	796	0	844
13535	739	4	9	25	0	777
13536	25	720	10	11	0	766
13537	703	26	12	6	0	747
13538	27	7	689	10	0	733
13539	6	6	594	7	0	613
13540	7	5	498	7	0	517
13541	6	474	24	4	0	508
13542	14	2	24	212	0	252
13543	0	4	1	214	0	219
13544	1	2	1	206	0	210
13545	0	1	1	212	0	214
13546	1	2	212	4	0	219
13547	198	1	4	3	0	206
13548	3	208	1	2	0	214
13549	207	1	3	1	0	212
13550	1	3	3	208	0	215
13551	1	216	2	2	0	221
13552	2	4	1	217	0	224
13553	218	4	1	2	0	225
13554	3	224	0	4	0	231
13555	225	2	1	3	0	231
13556	217	1	1	2	0	221
13557	4	2	2	218	0	226
13558	3	1	231	1	0	236
13559	229	3	2	2	0	236
13560	4	1	2	243	0	250
13561	248	1	1	2	0	252
13562	251	2	2	2	0	257
13563	257	1	0	1	0	259
13564	4	0	254	1	0	259
13565	1	2	2	247	0	252
13566	250	1	1	4	0	256
13567	3	1	266	2	0	272
13568	3	267	3	0	0	273
13569	0	1	2	244	0	247
13570	3	2	263	1	0	269
13571	0	0	260	4	0	264
13572	1	0	3	257	0	261
13573	2	0	1	271	0	274
13574	1	2	0	279	0	282
13575	1	0	2	272	0	275
13576	0	0	271	4	0	275
13577	3	272	2	1	0	278
13578	2	3	2	270	0	277
13579	280	2	0	3	0	285
13580	277	1	1	2	0	281
13581	275	0	1	2	0	278
13582	2	1	2	269	0	274
13583	1	0	1	270	0	272
13584	0	256	0	4	0	260
13585	1	271	0	2	0	274
13586	0	3	0	257	0	260
13587	253	0	1	1	0	255
13588	245	1	0	0	0	246
13589	244	0	0	0	0	244
13590	244	0	1	0	0	245
13591	244	0	1	0	0	245
13592	1	245	1	0	0	247
13593	0	2	0	251	0	253
13594	264	0	0	2	0	266
13595	267	0	0	2	0	269
13596	1	0	0	269	0	270
13597	0	0	0	273	0	273
13598	0	0	275	1	0	276
13599	1	0	1	270	0	272
13600	0	1	0	275	0	276
13601	1	0	295	1	0	297
13602	1	0	1	293	0	295
13603	0	307	0	1	0	308
13604	0	1	305	1	0	307
13605	1	306	1	0	0	308
13606	0	2	0	299	0	301
13607	2	0	0	302	0	304
13608	1	299	0	0	0	300
13609	0	303	0	0	0	303
13610	313	1	1	0	0	315
13611	310	0	0	1	0	311
13612	1	0	310	1	0	312
13613	312	0	1	1	0	314
13614	328	0	0	1	0	329
13615	330	0	0	0	0	330
13616	328	0	1	0	0	329
13617	1	0	327	1	0	329
13618	2	0	332	0	0	334
13619	341	0	1	1	0	343
13620	1	362	0	0	0	363
13621	0	1	356	0	0	357
13622	359	0	1	1	0	361
13623	363	0	0	0	0	363
13624	1	0	357	0	0	358
13625	360	0	1	1	0	362
13626	1	0	0	396	0	397
13627	1	0	399	1	0	401
13628	388	0	1	2	0	391
13629	1	404	1	0	0	406
13630	412	1	0	1	0	414
13631	471	1	0	4	0	476
13632	3	0	0	478	0	481
13633	1	0	0	477	0	478
13634	0	0	0	488	0	488
13635	488	0	0	4	0	492
13636	518	0	0	2	0	520
13637	2	0	0	522	0	524
13638	1	0	0	521	0	522
13639	0	1	511	2	0	514
13640	501	0	1	2	0	504
13641	1	0	1	521	0	523
13642	2	0	0	517	0	519
13643	0	512	0	3	0	515
13644	0	1	0	520	0	521
13645	1	1	0	520	0	522
13646	526	0	0	2	0	528
13647	1	528	0	1	0	530
13648	1	1	0	537	0	539
13649	0	1	0	537	0	538
13650	0	0	0	539	0	539
13651	0	0	530	2	0	532
13652	0	0	1	526	0	527
13653	523	0	1	1	0	525
13654	1	0	527	1	0	529
13655	2	0	1	524	0	527
13656	0	0	1	528	0	529
13657	525	0	0	2	0	527
13658	507	0	0	2	0	509
13659	2	0	504	0	0	506
13660	481	0	0	0	0	481
13661	0	0	501	0	0	501
13662	491	0	1	1	0	493
13663	0	543	1	0	0	544
13664	557	0	0	1	0	558
13665	0	552	0	0	0	552
13666	571	0	0	0	0	571
13667	1	574	0	0	0	575
13668	1	1	0	571	0	573
13669	0	1	0	572	0	573
13670	1	0	0	575	0	576
13671	1	561	0	2	0	564
13672	1	1	0	569	0	571
13673	0	572	1	2	0	575
13674	1	0	0	576	0	577
13675	578	1	1	1	0	581
13676	570	0	0	4	0	574
13677	2	572	0	0	0	574
13678	2	1	0	588	0	591
13679	577	2	0	3	0	582
13680	3	580	1	1	0	585
13681	1	588	1	0	0	590
13682	591	3	0	1	0	595
13683	602	1	0	1	0	604
13684	3	597	1	1	0	602
13685	595	3	0	0	0	598
13686	2	1	0	600	0	603
13687	2	1	629	2	0	634
13688	634	0	2	3	0	639
13689	639	1	2	0	0	642
13690	6	1	640	0	0	647
13691	652	2	2	1	0	657
13692	662	0	2	2	0	666
13693	688	0	0	2	0	690
13694	4	679	0	2	0	685
13695	683	2	0	2	0	687
13696	686	2	0	1	0	689
13697	6	0	0	690	0	696
13698	4	1	0	690	0	695
13699	2	0	1	700	0	703
13700	705	0	0	8	0	713
13701	3	0	2	692	0	697
13702	705	0	0	4	0	709
13703	718	1	0	5	0	724
13704	7	1	1	711	0	720
13705	3	2	0	751	0	756
13706	4	0	0	754	0	758
13707	762	2	0	6	0	770
13708	6	761	1	3	0	771
13709	4	5	0	770	0	779
13710	2	3	0	790	0	795
13711	784	1	0	9	0	794
13712	790	1	0	7	0	798
13713	10	1	775	1	0	787
13714	4	0	771	3	0	778
13715	818	1	8	5	0	832
13716	8	0	3	850	0	861
13717	7	0	0	983	0	990
13718	2	0	970	16	0	988
13719	5	1	10	956	0	972
13720	5	949	1	10	0	965
13721	3	979	1	8	0	991
13722	959	12	2	3	0	976
13723	13	2	951	5	0	971
13724	7	975	8	2	0	992
13725	4	12	2	987	0	1005
13726	4	2	969	13	0	988
13727	5	1	11	958	0	975
13728	6	3	2	963	0	974
13729	2	1	971	15	0	989
13730	5	988	9	4	0	1006
13731	6	9	2	928	0	945
13732	931	0	2	12	0	945
13733	937	1	1	5	0	944
13734	932	3	1	3	0	939
13735	15	921	2	2	0	940
13736	906	11	1	3	0	921
13737	13	3	1	899	0	916
13738	4	3	900	12	0	919
13739	887	1	10	4	0	902
13740	12	906	2	4	0	924
13741	3	12	1	908	0	924
13742	3	2	3	905	0	913
13743	4	905	4	11	0	924
13744	4	9	0	920	0	933
13745	3	1	2	929	0	935
13746	2	0	3	934	0	939
13747	914	3	1	17	0	935
13748	913	3	2	6	0	924
13749	15	5	917	3	0	940
13750	8	3	9	915	0	935
13751	7	2	3	943	0	955
13752	5	3	1	947	0	956
13753	933	2	3	16	0	954
13754	12	5	917	7	0	941
13755	919	2	11	6	0	938
13756	936	2	4	7	0	949
13757	12	2	2	938	0	954
13758	932	2	3	16	0	953
13759	14	2	922	9	0	947
13760	922	4	10	5	0	941
13761	14	1016	4	6	0	1040
13762	8	11	1014	2	0	1035
13763	2	4	1017	3	0	1026
13764	8	4	14	995	0	1021
13765	3	2	1011	17	0	1033
13766	983	0	14	6	0	1003
13767	13	977	4	5	0	999
13768	982	10	3	5	0	1000
13769	10	2	3	993	0	1008
13770	4	3	992	15	0	1014
13771	1	4	993	8	0	1006
13772	4	1	11	995	0	1011
13773	1000	1	3	14	0	1018
13774	12	989	1	7	0	1009
13775	8	1004	2	3	0	1017
13776	1002	10	4	3	0	1019
13777	13	1000	2	6	0	1021
13778	995	9	4	7	0	1015
13779	13	6	4	992	0	1015
13780	989	3	0	15	0	1007
13781	11	2	1	995	0	1009
13782	996	0	4	13	0	1013
13783	16	1	3	989	0	1009
13784	6	984	3	11	0	1004
13785	986	8	1	9	0	1004
13786	16	984	0	4	0	1004
13787	5	11	946	4	0	966
13788	4	3	11	906	0	924
13789	4	952	4	10	0	970
13790	923	13	3	4	0	943
13791	928	1	5	7	0	941
13792	11	912	4	6	0	933
13793	5	12	911	1	0	929
13794	5	4	9	880	0	898
13795	6	877	4	9	0	896
13796	5	11	1	889	0	906
13797	3	4	3	895	0	905
13798	884	0	3	12	0	899
13799	9	882	5	4	0	900
13800	6	8	3	882	0	899
13801	881	3	2	12	0	898
13802	885	2	1	5	0	893
13803	859	4	2	2	0	867
13804	13	6	1	847	0	867
13805	821	2	1	8	0	832
13806	16	817	0	3	0	836
13807	815	10	1	4	0	830
13808	16	821	1	2	0	840
13809	821	8	1	5	0	835
13810	805	3	1	6	0	815
13811	15	4	3	795	0	817
13812	3	3	806	8	0	820
13813	3	3	795	3	0	804
13814	2	790	7	0	0	799
13815	763	9	3	6	0	781
13816	9	4	752	3	0	768
13817	576	0	3	1	0	580
13818	3	586	1	0	0	590
13819	2	609	1	1	0	613
13820	2	4	0	650	0	656
13821	0	679	0	4	0	683
13822	0	4	702	2	0	708
13823	2	2	2	681	0	687
13824	2	724	1	3	0	730
13825	1	5	1	726	0	733
13826	723	3	1	5	0	732
13827	7	3	0	730	0	740
13828	4	0	742	5	0	751
13829	2	736	5	3	0	746
13830	0	6	1	725	0	732
13831	2	3	4	734	0	743
13832	2	2	0	740	0	744
13833	724	2	0	10	0	736
13834	730	1	0	5	0	736
13835	9	0	731	3	0	743
13836	5	0	712	0	0	717
13837	1	721	8	1	0	731
13838	720	5	3	3	0	731
13839	8	3	2	721	0	734
13840	6	3	0	712	0	721
13841	4	1	0	716	0	721
13842	3	0	0	722	0	725
13843	0	2	704	9	0	715
13844	696	2	5	4	0	707
13845	9	1	2	825	0	837
13846	4	1	825	9	0	839
13847	852	1	9	8	0	870
13848	918	0	4	2	0	924
13849	16	0	1040	3	0	1059
13850	4	2	1071	0	0	1077
13851	4	0	16	1048	0	1068
13852	1060	2	6	16	0	1084
13853	1071	0	4	6	0	1081
13854	21	0	3	1049	0	1073
13855	9	2	0	1074	0	1085
13856	5	1	1066	18	0	1090
13857	5	1	13	1057	0	1076
13858	0	1	1062	20	0	1083
13859	1028	0	16	10	0	1054
13860	16	1053	6	2	0	1077
13861	978	13	2	6	0	999
13862	14	981	3	3	0	1001
13863	964	15	1	2	0	982
13864	17	6	0	950	0	973
13865	9	2	0	957	0	968
13866	961	2	0	19	0	982
13867	973	0	0	6	0	979
13868	975	0	1	5	0	981
13869	986	0	0	4	0	990
13870	21	1	960	0	0	982
13871	959	0	12	2	0	973
13872	982	1	4	3	0	990
13873	984	0	3	0	0	987
13874	21	1	2	960	0	984
13875	951	0	1	13	0	965
13876	17	950	2	7	0	976
13877	9	13	2	945	0	969
13878	5	5	1	958	0	969
13879	5	2	949	19	0	975
13880	5	0	13	926	0	944
13881	3	942	5	19	0	969
13882	932	13	3	9	0	957
13883	15	941	3	6	0	965
13884	944	15	2	4	0	965
13885	19	7	4	934	0	964
13886	934	2	0	17	0	953
13887	20	920	3	4	0	947
13888	926	14	2	4	0	946
13889	929	9	2	4	0	944
13890	26	2	0	920	0	948
13891	12	4	1	931	0	948
13892	8	0	919	21	0	948
13893	6	1	13	925	0	945
13894	5	0	5	939	0	949
13895	5	1	920	20	0	946
13896	7	0	16	924	0	947
13897	6	0	921	17	0	944
13898	916	0	16	8	0	940
13899	18	3	9	908	0	938
13900	13	0	899	17	0	929
13901	906	2	11	7	0	926
13902	22	2	5	894	0	923
13903	6	1	907	22	0	936
13904	909	1	14	13	0	937
13905	18	1	9	912	0	940
13906	11	0	4	922	0	937
13907	924	2	5	19	0	950
13908	21	1	3	910	0	935
13909	10	3	4	919	0	936
13910	12	3	0	902	0	917
13911	8	901	0	22	0	931
13912	887	13	1	7	0	908
13913	893	5	0	9	0	907
13914	22	2	0	879	0	903
13915	884	5	2	14	0	905
13916	882	2	1	9	0	894
13917	880	0	1	10	0	891
13918	673	1	6	6	0	686
13919	860	0	3	7	0	870
13920	19	3	775	6	0	803
13921	12	2	747	3	0	764
13922	731	3	15	8	0	757
13923	15	738	10	5	0	768
13924	11	10	5	716	0	742
13925	5	3	721	16	0	745
13926	6	3	708	7	0	724
13927	12	5	16	690	0	723
13928	697	1	14	17	0	729
13929	12	0	7	694	0	713
13930	9	0	693	13	0	715
13931	705	1	11	9	0	726
13932	18	0	5	713	0	736
13933	10	0	1	727	0	738
13934	8	0	3	732	0	743
13935	5	3	0	728	0	736
13936	3	0	709	19	0	731
13937	4	2	10	718	0	734
13938	718	2	3	18	0	741
13939	14	1	702	6	0	723
13940	710	3	12	4	0	729
13941	724	0	5	5	0	734
13942	728	1	3	2	0	734
13943	723	1	2	2	0	728
13944	19	694	1	4	0	718
13945	8	573	1	1	0	583
13946	5	586	2	0	0	593
13947	539	9	8	3	0	559
13948	10	4	500	0	0	514
13949	344	6	5	0	0	355
13950	7	0	2	333	0	342
13951	335	1	2	1	0	339
13952	2	0	1	332	0	335
13953	336	0	1	3	0	340
13954	3	0	2	337	0	342
13955	4	0	0	338	0	342
13956	315	0	1	6	0	322
13957	2	373	1	4	0	380
13958	2	0	371	3	0	376
13959	2	364	2	1	0	369
13960	2	0	357	1	0	360
13961	2	2	4	349	0	357
13962	346	0	3	3	0	352
13963	3	0	0	341	0	344
13964	337	0	1	3	0	341
13965	2	359	2	2	0	365
13966	4	1	358	1	0	364
13967	2	357	1	1	0	361
13968	1	365	1	1	0	368
13969	347	1	0	1	0	349
13970	343	0	0	0	0	343
13971	1	345	0	0	0	346
13972	1	1	0	344	0	346
13973	0	0	0	344	0	344
13974	342	0	1	3	0	346
13975	1	0	342	2	0	345
13976	0	1	335	0	0	336
13977	2	0	1	351	0	354
13978	2	0	355	1	0	358
13979	339	0	1	3	0	343
13980	357	0	0	1	0	358
13981	2	355	0	0	0	357
13982	2	2	360	0	0	364
13983	0	0	1	357	0	358
13984	2	0	371	1	0	374
13985	1	0	2	368	0	371
13986	374	0	1	1	0	376
13987	2	385	0	0	0	387
13988	1	4	394	0	0	399
13989	0	396	1	1	0	398
13990	0	401	1	0	0	402
13991	408	1	1	0	0	410
13992	401	0	0	1	0	402
13993	2	0	408	0	0	410
13994	0	419	1	1	0	421
13995	0	1	1	421	0	423
13996	1	0	0	423	0	424
13997	0	0	0	422	0	422
13998	0	0	429	2	0	431
13999	0	0	1	415	0	416
14000	0	0	0	442	0	442
14001	447	0	1	1	0	449
14002	449	0	0	1	0	450
14003	450	0	0	0	0	450
14004	444	0	1	1	0	446
14005	443	0	0	0	0	443
14006	2	435	0	1	0	438
14007	428	1	0	0	0	429
14008	1	0	425	0	0	426
14009	0	0	0	425	0	425
14010	428	0	0	1	0	429
14011	0	434	0	0	0	434
14012	434	0	0	4	0	438
14013	444	0	0	2	0	446
14014	0	0	0	454	0	454
14015	1	0	0	471	0	472
14016	0	487	0	0	0	487
14017	0	0	0	499	0	499
14018	0	0	527	1	0	528
14019	1	0	2	534	0	537
14020	0	1	535	2	0	538
14021	522	0	2	1	0	525
14022	3	0	1	538	0	542
14023	0	0	532	3	0	535
14024	1	517	4	0	0	522
14025	0	514	0	1	0	515
14026	520	3	1	5	0	529
14027	6	1	0	518	0	525
14028	0	1	548	3	0	552
14029	1	539	3	0	0	543
14030	0	3	545	1	0	549
14031	531	0	3	0	0	534
14032	531	1	0	1	0	533
14033	535	0	1	0	0	536
14034	3	0	0	530	0	533
14035	2	0	529	2	0	533
14036	1	524	3	0	0	528
14037	0	2	0	537	0	539
14038	0	2	530	3	0	535
14039	0	3	519	0	0	522
14040	3	0	2	529	0	534
14041	532	0	1	5	0	538
14042	3	0	3	534	0	540
14043	1	2	0	543	0	546
14044	1	0	545	3	0	549
14045	2	0	3	536	0	541
14046	3	0	0	545	0	548
14047	2	0	552	4	0	558
14048	0	0	540	3	0	543
14049	1	0	5	540	0	546
14050	1	3	544	3	0	551
14051	2	0	4	542	0	548
14052	543	0	2	8	0	553
14053	3	559	4	0	0	566
14054	0	4	1	568	0	573
14055	3	1	559	3	0	566
14056	520	1	3	3	0	527
14057	3	510	0	4	0	517
14058	515	3	5	2	0	525
14059	4	1	0	522	0	527
14060	0	1	1	524	0	526
14061	538	0	2	4	0	544
14062	4	0	545	1	0	550
14063	547	0	2	4	0	553
14064	5	0	2	557	0	564
14065	530	0	1	5	0	536
14066	525	1	0	0	0	526
14067	3	2	0	530	0	535
14068	1	554	1	4	0	560
14069	565	5	3	3	0	576
14070	579	1	0	4	0	584
14071	7	3	573	0	0	583
14072	582	0	5	2	0	589
14073	8	0	2	574	0	584
14074	1	582	2	8	0	593
14075	6	8	0	578	0	592
14076	1	581	2	6	0	590
14077	584	7	1	2	0	594
14078	605	1	2	2	0	610
14079	10	2	0	642	0	654
14080	5	0	645	8	0	658
14081	3	0	645	4	0	652
14082	1	2	9	669	0	681
14083	666	1	4	10	0	681
14084	737	1	2	4	0	744
14085	11	731	4	6	0	752
14086	7	9	1	736	0	753
14087	3	2	749	12	0	766
14088	1	5	782	1	0	789
14089	1	0	12	824	0	837
14090	858	2	3	17	0	880
14091	22	0	3	861	0	886
14092	4	1	858	18	0	881
14093	855	0	16	5	0	876
14094	18	0	5	854	0	877
14095	3	0	7	869	0	879
14096	6	1	2	857	0	866
14097	6	852	1	21	0	880
14098	3	15	854	8	0	880
14099	2	4	868	6	0	880
14100	3	4	17	873	0	897
14101	0	3	873	18	0	894
14102	867	0	23	2	0	892
14103	19	1	3	856	0	879
14104	3	2	5	863	0	873
14105	6	0	4	861	0	871
14106	3	852	3	22	0	880
14107	869	17	0	10	0	896
14108	19	1	1	873	0	894
14109	858	4	1	22	0	885
14110	20	862	2	5	0	889
14111	860	18	1	8	0	887
14112	854	2	4	7	0	867
14113	869	5	3	4	0	881
14114	24	842	3	2	0	871
14115	9	831	2	5	0	847
14116	814	16	2	3	0	835
14117	20	806	1	5	0	832
14118	3	19	779	5	0	806
14119	5	761	15	6	0	787
14120	4	787	4	2	0	797
14121	781	17	8	0	0	806
14122	16	6	777	5	0	804
14123	6	6	781	0	0	793
14124	8	3	14	771	0	796
14125	773	0	8	17	0	798
14126	17	3	781	3	0	804
14127	2	2	15	792	0	811
14128	5	3	742	18	0	768
14129	5	0	755	4	0	764
14130	730	3	19	8	0	760
14131	21	0	752	4	0	777
14132	4	2	18	745	0	769
14133	9	0	5	749	0	763
14134	6	742	5	17	0	770
14135	7	757	3	2	0	769
14136	5	14	2	746	0	767
14137	4	6	740	15	0	765
14138	4	6	14	741	0	765
14139	2	8	4	754	0	768
14140	5	0	759	17	0	781
14141	3	4	16	760	0	783
14142	765	3	5	18	0	791
14143	15	2	767	8	0	792
14144	764	4	19	5	0	792
14145	24	0	3	769	0	796
14146	4	1	7	789	0	801
14147	7	782	6	12	0	807
14148	5	15	1	790	0	811
14149	7	2	0	811	0	820
14150	789	3	7	18	0	817
14151	16	4	6	793	0	819
14152	3	2	3	807	0	815
14153	779	2	7	21	0	809
14154	23	1	2	784	0	810
14155	1	3	6	778	0	788
14156	6	781	3	19	0	809
14157	790	14	1	11	0	816
14158	13	5	1	799	0	818
14159	4	4	3	805	0	816
14160	6	6	789	18	0	819
14161	6	1	16	781	0	804
14162	1	1	5	793	0	800
14163	762	1	3	22	0	788
14164	766	3	6	8	0	783
14165	16	2	3	763	0	784
14166	11	1	750	16	0	778
14167	7	739	15	4	0	765
14168	5	737	0	7	0	749
14169	5	18	6	727	0	756
14170	720	3	5	19	0	747
14171	14	7	0	725	0	746
14172	734	3	1	13	0	751
14173	12	3	2	739	0	756
14174	8	2	0	740	0	750
14175	727	2	1	17	0	747
14176	732	0	1	9	0	742
14177	13	724	2	8	0	747
14178	3	738	2	5	0	748
14179	11	9	0	669	0	689
14180	5	5	0	678	0	688
14181	3	2	662	12	0	679
14182	610	4	14	5	0	633
14183	11	630	2	8	0	651
14184	2	569	3	7	0	581
14185	559	6	4	4	0	573
14186	11	2	559	3	0	575
14187	2	2	544	3	0	551
14188	3	4	495	1	0	503
14189	2	463	3	1	0	469
14190	0	1	1	422	0	424
14191	0	0	0	421	0	421
14192	0	0	0	422	0	422
14193	412	0	0	3	0	415
14194	405	0	0	2	0	407
14195	1	416	0	0	0	417
14196	0	1	0	418	0	419
14197	0	0	414	1	0	415
14198	0	417	1	0	0	418
14199	406	1	0	1	0	408
14200	1	0	404	0	0	405
14201	384	0	1	1	0	386
14202	1	0	388	1	0	390
14203	1	3	1	381	0	386
14204	0	388	2	1	0	391
14205	394	1	0	2	0	397
14206	1	407	0	1	0	409
14207	394	2	0	1	0	397
14208	2	1	0	385	0	388
14209	1	0	399	2	0	402
14210	0	0	1	423	0	424
14211	2	0	0	455	0	457
14212	0	0	450	4	0	454
14213	434	0	2	4	0	440
14214	4	452	1	0	0	457
14215	453	2	0	1	0	456
14216	2	471	0	1	0	474
14217	0	4	0	517	0	521
14218	1	0	510	6	0	517
14219	641	0	5	3	0	649
14220	6	652	1	1	0	660
14221	3	6	1	654	0	664
14222	0	2	0	669	0	671
14223	713	2	0	8	0	723
14224	755	0	0	1	0	756
14225	9	764	1	0	0	774
14226	791	7	1	2	0	801
14227	784	2	2	1	0	789
14228	789	2	1	2	0	794
14229	13	1	783	1	0	798
14230	4	773	7	2	0	786
14231	2	794	3	3	0	802
14232	2	8	2	770	0	782
14233	7	3	0	789	0	799
14234	783	2	0	11	0	796
14235	8	775	1	8	0	792
14236	786	9	1	1	0	797
14237	13	4	0	777	0	794
14238	6	3	0	786	0	795
14239	779	1	3	11	0	794
14240	767	2	0	5	0	774
14241	10	3	765	1	0	779
14242	5	1	7	759	0	772
14243	1	1	745	12	0	759
14244	3	1	739	4	0	747
14245	4	5	736	1	0	746
14246	730	2	14	2	0	748
14247	8	4	4	720	0	736
14248	6	2	1	726	0	735
14249	5	1	1	730	0	737
14250	5	1	732	12	0	750
14251	5	0	13	728	0	746
14252	3	4	2	746	0	755
14253	720	2	3	15	0	740
14254	727	0	3	8	0	738
14255	736	1	3	4	0	744
14256	736	1	2	3	0	742
14257	13	4	2	719	0	738
14258	718	1	1	11	0	731
14259	15	1	1	716	0	733
14260	8	1	688	11	0	708
14261	701	0	10	6	0	717
14262	11	703	2	7	0	723
14263	6	10	2	696	0	714
14264	5	3	1	710	0	719
14265	3	703	1	13	0	720
14266	707	9	2	5	0	723
14267	14	694	1	5	0	714
14268	10	10	690	0	0	710
14269	3	2	692	7	0	704
14270	693	0	14	5	0	712
14271	698	2	3	2	0	705
14272	15	2	673	1	0	691
14273	676	1	8	7	0	692
14274	9	0	675	10	0	694
14275	677	2	12	2	0	693
14276	14	2	674	2	0	692
14277	5	3	673	2	0	683
14278	8	1	12	635	0	656
14279	2	2	5	652	0	661
14280	659	0	2	12	0	673
14281	638	1	1	7	0	647
14282	658	0	7	1	0	666
14283	665	2	2	4	0	673
14284	12	646	3	6	0	667
14285	10	7	2	636	0	655
14286	8	641	5	9	0	663
14287	9	9	3	640	0	661
14288	5	4	2	647	0	658
14289	3	3	0	648	0	654
14290	4	3	631	13	0	651
14291	624	0	10	10	0	644
14292	11	607	3	5	0	626
14293	8	633	3	4	0	648
14294	5	14	634	1	0	654
14295	5	4	8	634	0	651
14296	5	3	5	631	0	644
14297	628	2	2	13	0	645
14298	14	3	1	620	0	638
14299	7	2	2	630	0	641
14300	4	1	5	633	0	643
14301	3	0	2	646	0	651
14302	635	3	3	13	0	654
14303	635	3	3	6	0	647
14304	639	0	6	5	0	650
14305	15	1	1	639	0	656
14306	630	3	2	13	0	648
14307	14	2	2	648	0	666
14308	7	2	5	660	0	674
14309	4	1	639	16	0	660
14310	4	0	606	10	0	620
14311	4	1	581	7	0	593
14312	578	0	15	5	0	598
14313	12	2	7	543	0	564
14314	8	559	4	6	0	577
14315	568	8	4	9	0	589
14316	11	4	544	4	0	563
14317	491	2	7	2	0	502
14318	8	460	6	2	0	476
14319	317	4	1	3	0	325
14320	8	3	0	318	0	329
14321	318	1	1	5	0	325
14322	6	307	1	5	0	319
14323	4	303	1	2	0	310
14324	256	6	2	0	0	264
14325	5	261	3	1	0	270
14326	4	223	0	0	0	227
14327	0	228	2	1	0	231
14328	222	7	3	0	0	232
14329	223	2	0	0	0	225
14330	226	1	0	0	0	227
14331	4	0	0	223	0	227
14332	2	1	0	225	0	228
14333	1	0	221	4	0	226
14334	1	0	2	223	0	226
14335	0	0	231	2	0	233
14336	0	0	2	233	0	235
14337	0	0	2	233	0	235
14338	228	0	1	5	0	234
14339	233	0	0	3	0	236
14340	4	231	1	0	0	236
14341	2	2	0	229	0	233
14342	1	2	246	3	0	252
14343	1	0	2	245	0	248
14344	1	0	2	249	0	252
14345	1	0	1	249	0	251
14346	0	0	246	4	0	250
14347	0	0	243	1	0	244
14348	245	0	4	1	0	250
14349	2	0	2	250	0	254
14350	2	1	236	3	0	242
14351	236	0	3	2	0	241
14352	2	237	3	0	0	242
14353	239	2	0	1	0	242
14354	3	3	241	1	0	248
14355	245	0	3	1	0	249
14356	2	0	2	250	0	254
14357	3	1	257	2	0	263
14358	1	255	1	2	0	259
14359	256	1	3	0	0	260
14360	4	1	0	252	0	257
14361	2	1	0	257	0	260
14362	0	263	1	3	0	267
14363	0	4	0	261	0	265
14364	2	2	262	2	0	268
14365	1	258	2	3	0	264
14366	270	2	2	1	0	275
14367	2	2	0	264	0	268
14368	1	0	0	263	0	264
14369	0	0	261	4	0	265
14370	0	1	2	267	0	270
14371	1	2	274	2	0	279
14372	0	283	2	4	0	289
14373	276	2	3	4	0	285
14374	282	2	0	0	0	284
14375	285	0	0	1	0	286
14376	4	290	0	0	0	294
14377	2	3	0	296	0	301
14378	1	2	1	297	0	301
14379	2	0	0	266	0	268
14380	295	0	0	4	0	299
14381	294	1	0	4	0	299
14382	4	0	1	293	0	298
14383	2	0	325	3	0	330
14384	2	0	2	323	0	327
14385	1	0	2	323	0	326
14386	2	0	1	326	0	329
14387	1	0	0	329	0	330
14388	329	1	1	4	0	335
14389	3	0	0	337	0	340
14390	2	0	1	339	0	342
14391	1	335	1	5	0	342
14392	0	1	0	352	0	353
14393	1	361	1	1	0	364
14394	1	3	0	357	0	361
14395	359	2	0	3	0	364
14396	1	358	0	3	0	362
14397	361	2	0	2	0	365
14398	2	4	363	0	0	369
14399	2	0	2	353	0	357
14400	2	0	368	2	0	372
14401	0	3	2	359	0	364
14402	2	0	2	358	0	362
14403	0	361	1	5	0	367
14404	0	365	0	4	0	369
14405	0	373	2	0	0	375
14406	372	1	0	1	0	374
14407	1	354	0	0	0	355
14408	0	352	0	0	0	352
14409	0	1	0	358	0	359
14410	362	0	0	1	0	363
14411	1	378	0	0	0	379
14412	397	1	0	0	0	398
14413	400	0	0	0	0	400
14414	0	0	424	2	0	426
14415	1	0	0	428	0	429
14416	0	0	0	433	0	433
14417	0	0	0	437	0	437
14418	1	0	0	433	0	434
14419	0	1	427	2	0	430
14420	1	2	394	0	0	397
14421	403	0	0	1	0	404
14422	1	414	0	0	0	415
14423	0	414	0	0	0	414
14424	414	0	0	2	0	416
14425	0	408	1	0	0	409
14426	1	0	0	409	0	410
14427	408	0	1	1	0	410
14428	0	0	408	1	0	409
14429	1	0	0	416	0	417
14430	0	0	411	0	0	411
14431	400	1	0	1	0	402
14432	0	1	446	0	0	447
14433	457	0	0	0	0	457
14434	479	1	0	1	0	481
14435	475	1	0	1	0	477
14436	481	0	0	1	0	482
14437	481	1	0	0	0	482
14438	0	1	0	489	0	490
14439	504	0	0	1	0	505
14440	1	1	0	504	0	506
14441	1	0	1	503	0	505
14442	0	0	0	498	0	498
14443	0	0	510	2	0	512
14444	1	0	1	499	0	501
14445	0	0	0	510	0	510
14446	0	0	506	1	0	507
14447	484	1	1	1	0	487
14448	1	1	0	521	0	523
14449	0	2	521	0	0	523
14450	3	2	511	0	0	516
14451	1	0	0	521	0	522
14452	0	2	528	1	0	531
14453	0	0	0	531	0	531
14454	1	1	0	541	0	543
14455	0	532	1	0	0	533
14456	1	532	0	1	0	534
14457	542	0	1	0	0	543
14458	1	0	1	543	0	545
14459	1	0	1	536	0	538
14460	1	0	0	547	0	548
14461	1	0	549	1	0	551
14462	2	0	0	540	0	542
14463	548	0	1	0	0	549
14464	1	0	556	0	0	557
14465	1	0	0	568	0	569
14466	2	0	0	574	0	576
14467	0	1	0	568	0	569
14468	1	610	0	2	0	613
14469	614	1	0	2	0	617
14470	639	0	1	1	0	641
14471	2	654	0	1	0	657
14472	0	1	0	679	0	680
14473	2	1	678	2	0	683
14474	3	0	677	0	0	680
14475	695	1	4	1	0	701
14476	2	0	2	711	0	715
14477	736	0	2	3	0	741
14478	3	745	3	1	0	752
14479	2	755	1	1	0	759
14480	753	2	1	3	0	759
14481	4	768	2	0	0	774
14482	2	4	0	786	0	792
14483	3	2	0	749	0	754
14484	3	787	1	3	0	794
14485	797	7	0	3	0	807
14486	6	1	799	3	0	809
14487	782	0	2	4	0	788
14488	3	2	813	3	0	821
14489	779	0	3	8	0	790
14490	4	5	814	1	0	824
14491	4	814	5	0	0	823
14492	7	3	5	809	0	824
14493	802	1	1	3	0	807
14494	5	2	796	1	0	804
14495	4	2	792	1	0	799
14496	2	0	5	789	0	796
14497	1	3	798	3	0	805
14498	2	1	3	788	0	794
14499	4	0	2	772	0	778
14500	1	0	791	5	0	797
14501	3	0	5	785	0	793
14502	800	0	2	9	0	811
14503	3	789	2	3	0	797
14504	797	4	2	3	0	806
14505	3	0	0	796	0	799
14506	793	0	2	6	0	801
14507	804	1	2	4	0	811
14508	9	0	1	802	0	812
14509	2	815	0	5	0	822
14510	819	4	1	2	0	826
14511	6	1	791	2	0	800
14512	3	1	776	3	0	783
14513	775	0	5	2	0	782
14514	4	0	2	757	0	763
14515	2	1	759	4	0	766
14516	5	2	4	753	0	764
14517	758	0	3	7	0	768
14518	762	0	4	7	0	773
14519	764	1	2	1	0	768
14520	7	785	0	3	0	795
14521	3	3	3	793	0	802
14522	2	3	1	787	0	793
14523	786	0	2	9	0	797
14524	6	792	2	1	0	801
14525	787	3	1	3	0	794
14526	6	3	0	791	0	800
14527	790	1	2	5	0	798
14528	4	1	771	4	0	780
14529	3	770	3	4	0	780
14530	3	4	2	760	0	769
14531	4	792	2	3	0	801
14532	3	4	1	759	0	767
14533	748	2	1	5	0	756
14534	5	0	726	4	0	735
14535	701	3	5	2	0	711
14536	4	733	2	2	0	741
14537	5	4	0	747	0	756
14538	1	2	2	748	0	753
14539	728	0	0	9	0	737
14540	6	2	732	2	0	742
14541	5	1	6	737	0	749
14542	2	3	1	728	0	734
14543	3	1	1	727	0	732
14544	1	1	1	732	0	735
14545	718	1	2	8	0	729
14546	721	0	1	4	0	726
14547	5	0	712	4	0	721
14548	2	0	692	3	0	697
14549	709	1	4	10	0	724
14550	725	1	0	5	0	731
14551	10	0	1	726	0	737
14552	5	0	2	712	0	719
14553	709	1	2	5	0	717
14554	4	701	5	3	0	713
14555	2	3	1	709	0	715
14556	5	0	1	709	0	715
14557	2	0	695	8	0	705
14558	3	1	3	702	0	709
14559	5	0	699	5	0	709
14560	4	3	4	700	0	711
14561	693	1	4	6	0	704
14562	6	0	0	699	0	705
14563	3	0	696	5	0	704
14564	2	675	4	5	0	686
14565	1	5	3	676	0	685
14566	3	2	677	5	0	687
14567	3	692	4	4	0	703
14568	7	6	1	671	0	685
14569	0	2	667	5	0	674
14570	572	3	5	4	0	584
14571	4	632	0	6	0	642
14572	2	606	4	0	0	612
14573	1	626	1	2	0	630
14574	7	8	1	598	0	614
14575	2	2	642	4	0	650
14576	2	637	4	3	0	646
14577	7	10	2	628	0	647
14578	696	1	1	4	0	702
14579	8	1	1	904	0	914
14580	4	0	1076	8	0	1088
14581	1	1078	11	6	0	1096
14582	1049	11	5	4	0	1069
14583	11	1057	2	4	0	1074
14584	5	13	1022	2	0	1042
14585	4	1024	12	3	0	1043
14586	5	12	6	1006	0	1029
14587	2	9	1005	11	0	1027
14588	2	994	11	6	0	1013
14589	5	16	9	977	0	1007
14590	5	8	3	981	0	997
14591	0	986	5	18	0	1009
14592	1	13	3	992	0	1009
14593	1	9	987	14	0	1011
14594	2	5	993	12	0	1012
14595	3	6	16	991	0	1016
14596	983	6	7	18	0	1014
14597	986	3	3	13	0	1005
14598	18	4	5	968	0	995
14599	8	979	6	17	0	1010
14600	4	11	4	990	0	1009
14601	971	9	7	18	0	1005
14602	16	6	2	975	0	999
14603	12	4	0	984	0	1000
14604	966	4	2	23	0	995
14605	14	966	3	11	0	994
14606	10	14	3	968	0	995
14607	950	7	3	24	0	984
14608	17	4	945	12	0	978
14609	945	4	9	10	0	968
14610	21	3	7	946	0	977
14611	956	4	4	19	0	983
14612	959	5	2	16	0	982
14613	927	4	1	10	0	942
14614	24	936	6	9	0	975
14615	14	10	935	7	0	966
14616	11	945	12	7	0	975
14617	944	15	7	8	0	974
14618	21	940	3	5	0	969
14619	13	16	2	940	0	971
14620	917	14	4	14	0	949
14621	19	915	5	10	0	949
14622	12	23	921	5	0	961
14623	9	9	14	925	0	957
14624	10	10	920	17	0	957
14625	11	915	16	9	0	951
14626	7	18	11	910	0	946
14627	4	10	11	921	0	946
14628	9	11	4	918	0	942
14629	5	10	7	911	0	933
14630	6	909	7	22	0	944
14631	897	17	5	17	0	936
14632	14	10	897	15	0	936
14633	11	9	17	900	0	937
14634	894	8	8	22	0	932
14635	18	9	895	17	0	939
14636	11	885	17	12	0	925
14637	9	15	9	870	0	903
14638	8	15	871	18	0	912
14639	5	865	18	17	0	905
14640	851	11	11	18	0	891
14641	19	862	8	14	0	903
14642	8	23	6	860	0	897
14643	10	13	9	872	0	904
14644	852	14	5	26	0	897
14645	20	854	9	16	0	899
14646	16	22	8	854	0	900
14647	849	14	8	23	0	894
14648	855	13	4	17	0	889
14649	22	842	8	14	0	886
14650	845	18	6	18	0	887
14651	859	15	6	10	0	890
14652	28	10	5	841	0	884
14653	15	14	833	26	0	888
14654	15	8	13	839	0	875
14655	16	7	11	846	0	880
14656	12	6	838	26	0	882
14657	14	825	16	17	0	872
14658	11	16	9	833	0	869
14659	13	8	8	846	0	875
14660	13	10	6	845	0	874
14661	9	8	11	828	0	856
14662	7	830	5	30	0	872
14663	825	15	4	27	0	871
14664	836	10	4	16	0	866
14665	823	6	3	20	0	852
14666	24	794	3	21	0	842
14667	17	14	3	790	0	824
14668	16	13	769	19	0	817
14669	10	14	12	771	0	807
14670	14	780	10	19	0	823
14671	755	14	7	17	0	793
14672	764	9	6	20	0	799
14673	757	8	3	14	0	782
14674	28	730	5	8	0	771
14675	16	678	7	9	0	710
14676	14	702	4	8	0	728
14677	16	21	677	6	0	720
14678	15	23	610	4	0	652
14679	19	87	20	281	0	407
14680	219	0	6	2	0	227
14681	210	0	2	1	0	213
14682	2	0	0	219	0	221
14683	3	0	0	213	0	216
14684	2	0	0	215	0	217
14685	3	0	0	216	0	219
14686	219	0	0	5	0	224
14687	218	0	0	4	0	222
14688	2	220	0	2	0	224
14689	223	1	0	0	0	224
14690	224	1	1	0	0	226
14691	228	1	0	1	0	230
14692	5	0	189	0	0	194
14693	218	0	2	0	0	220
14694	3	221	1	0	0	225
14695	2	1	1	224	0	228
14696	3	1	1	227	0	232
14697	0	232	0	4	0	236
14698	1	2	0	240	0	243
14699	232	2	0	3	0	237
14700	2	2	0	239	0	243
14701	1	0	236	5	0	242
14702	231	0	2	1	0	234
14703	2	240	1	2	0	245
14704	1	2	0	239	0	242
14705	2	1	0	241	0	244
14706	1	1	0	244	0	246
14707	0	1	238	4	0	243
14708	2	224	2	2	0	230
14709	2	2	1	227	0	232
14710	0	2	224	3	0	229
14711	0	1	3	217	0	221
14712	0	0	214	3	0	217
14713	0	1	2	210	0	213
14714	0	210	2	3	0	215
14715	0	3	1	201	0	205
14716	202	1	0	4	0	207
14717	200	1	1	4	0	206
14718	3	0	201	2	0	206
14719	2	0	192	1	0	195
14720	1	1	213	0	0	215
14721	1	2	4	213	0	220
14722	2	1	2	221	0	226
14723	3	0	1	225	0	229
14724	1	229	0	5	0	235
14725	2	2	0	231	0	235
14726	0	3	1	241	0	245
14727	1	2	0	244	0	247
14728	242	2	0	7	0	251
14729	245	0	1	4	0	250
14730	6	0	247	1	0	254
14731	3	1	244	1	0	249
14732	256	0	6	0	0	262
14733	263	0	2	0	0	265
14734	6	0	271	1	0	278
14735	3	1	270	0	0	274
14736	267	0	5	1	0	273
14737	274	0	3	2	0	279
14738	7	0	282	0	0	289
14739	3	0	4	276	0	283
14740	1	1	2	286	0	290
14741	1	299	2	6	0	308
14742	1	4	0	306	0	311
14743	1	2	316	5	0	324
14744	0	1	5	316	0	322
14745	1	0	2	321	0	324
14746	0	1	318	6	0	325
14747	304	0	4	4	0	312
14748	317	0	2	2	0	321
14749	6	1	1	308	0	316
14750	3	0	0	316	0	319
14751	311	0	0	7	0	318
14752	314	0	0	4	0	318
14753	292	0	0	2	0	294
14754	316	0	0	0	0	316
14755	6	303	0	0	0	309
14756	296	3	0	1	0	300
14757	3	307	0	1	0	311
14758	2	3	0	302	0	307
14759	0	2	1	301	0	304
14760	0	307	0	5	0	312
14761	3	3	0	304	0	310
14762	0	2	1	301	0	304
14763	0	298	0	6	0	304
14764	0	5	1	302	0	308
14765	1	2	0	307	0	310
14766	1	2	1	301	0	305
14767	1	0	295	8	0	304
14768	2	292	3	3	0	300
14769	1	3	3	278	0	285
14770	1	284	1	6	0	292
14771	286	3	0	1	0	290
14772	3	2	276	1	0	282
14773	1	0	261	2	0	264
14774	257	0	4	0	0	261
14775	4	1	0	260	0	265
14776	2	0	262	3	0	267
14777	1	1	254	1	0	257
14778	0	2	4	245	0	251
14779	243	0	1	4	0	248
14780	244	1	0	3	0	248
14781	4	0	2	243	0	249
14782	1	0	240	4	0	245
14783	0	251	3	2	0	256
14784	0	3	1	249	0	253
14785	1	1	250	4	0	256
14786	1	241	3	3	0	248
14787	0	3	3	247	0	253
14788	247	1	1	4	0	253
14789	4	0	1	243	0	248
14790	1	245	2	5	0	253
14791	246	3	0	3	0	252
14792	2	1	249	3	0	255
14793	1	248	2	0	0	251
14794	1	3	241	1	0	246
14795	230	1	4	0	0	235
14796	2	0	5	232	0	239
14797	2	0	0	238	0	240
14798	238	0	1	4	0	243
14799	3	0	1	239	0	243
14800	1	0	233	1	0	235
14801	224	0	2	3	0	229
14802	3	233	1	1	0	238
14803	3	2	0	225	0	230
14804	227	1	0	3	0	231
14805	2	228	0	1	0	231
14806	2	3	0	234	0	239
14807	241	2	0	4	0	247
14808	3	0	1	240	0	244
14809	1	243	0	2	0	246
14810	0	2	250	3	0	255
14811	1	1	2	256	0	260
14812	0	0	1	251	0	252
14813	264	1	0	4	0	269
14814	3	0	0	270	0	273
14815	271	1	0	2	0	274
14816	267	0	0	4	0	271
14817	3	0	1	269	0	273
14818	2	268	1	3	0	274
14819	0	2	0	273	0	275
14820	245	2	0	4	0	251
14821	3	250	0	1	0	254
14822	0	262	0	1	0	263
14823	263	2	0	1	0	266
14824	262	0	0	1	0	263
14825	3	258	1	0	0	262
14826	259	3	0	1	0	263
14827	262	0	0	1	0	263
14828	4	3	1	256	0	264
14829	0	0	274	3	0	277
14830	1	1	1	273	0	276
14831	1	0	275	3	0	279
14832	1	1	2	268	0	272
14833	0	0	272	3	0	275
14834	260	0	2	2	0	264
14835	3	0	0	262	0	265
14836	271	0	0	2	0	273
14837	2	2	1	267	0	272
14838	1	277	0	2	0	280
14839	281	2	0	1	0	284
14840	2	0	283	1	0	286
14841	253	2	2	0	0	257
14842	2	260	0	0	0	262
14843	252	2	0	0	0	254
14844	249	0	0	0	0	249
14845	2	250	0	0	0	252
14846	1	2	0	262	0	265
14847	267	0	0	3	0	270
14848	3	262	0	0	0	265
14849	1	3	0	269	0	273
14850	271	0	0	2	0	273
14851	2	0	0	271	0	273
14852	0	0	0	271	0	271
14853	0	0	0	271	0	271
14854	1	0	266	3	0	270
14855	1	0	3	262	0	266
14856	267	0	0	3	0	270
14857	3	0	264	0	0	267
14858	1	0	3	270	0	274
14859	1	0	1	280	0	282
14860	0	0	265	5	0	270
14861	262	1	4	0	0	267
14862	279	0	0	0	0	279
14863	2	0	273	1	0	276
14864	2	0	3	268	0	273
14865	0	1	0	281	0	282
14866	2	1	292	3	0	298
14867	2	0	3	300	0	305
14868	0	1	0	297	0	298
14869	1	1	310	3	0	315
14870	303	1	3	0	0	307
14871	4	1	0	313	0	318
14872	312	0	0	4	0	316
14873	318	1	0	1	0	320
14874	3	0	322	2	0	327
14875	2	0	3	327	0	332
14876	328	1	0	4	0	333
14877	3	354	1	1	0	359
14878	2	3	0	366	0	371
14879	2	1	0	362	0	365
14880	1	1	1	373	0	376
14881	0	0	371	5	0	376
14882	351	0	3	2	0	356
14883	3	0	2	362	0	367
14884	3	0	0	363	0	366
14885	1	0	358	4	0	363
14886	0	0	4	364	0	368
14887	0	0	1	372	0	373
14888	362	0	1	6	0	369
14889	4	365	1	1	0	371
14890	2	3	370	1	0	376
14891	365	1	4	2	0	372
14892	3	0	2	367	0	372
14893	3	0	367	4	0	374
14894	0	0	370	2	0	372
14895	1	0	4	374	0	379
14896	1	0	391	4	0	396
14897	1	0	389	1	0	391
14898	3	380	1	1	0	385
14899	1	3	1	413	0	418
14900	1	1	415	3	0	420
14901	1	0	3	412	0	416
14902	432	0	2	4	0	438
14903	4	0	0	438	0	442
14904	1	0	1	446	0	448
14905	441	1	0	4	0	446
14906	444	0	0	4	0	448
14907	4	0	0	461	0	465
14908	1	0	465	4	0	470
14909	0	458	4	7	0	469
14910	1	3	0	464	0	468
14911	465	1	0	4	0	470
14912	460	0	0	2	0	462
14913	3	451	1	0	0	455
14914	2	457	0	1	0	460
14915	455	3	0	4	0	462
14916	460	1	1	1	0	463
14917	3	1	490	0	0	494
14918	1	0	3	480	0	484
14919	1	488	1	2	0	492
14920	504	2	1	4	0	511
14921	2	1	1	505	0	509
14922	1	482	1	3	0	487
14923	0	3	501	2	0	506
14924	1	1	3	493	0	498
14925	1	498	1	1	0	501
14926	515	3	0	3	0	521
14927	507	1	1	4	0	513
14928	5	506	0	1	0	512
14929	494	1	1	2	0	498
14930	480	1	1	5	0	487
14931	3	492	1	0	0	496
14932	2	494	0	1	0	497
14933	1	1	0	494	0	496
14934	491	2	1	2	0	496
14935	2	0	510	3	0	515
14936	493	0	0	3	0	496
14937	2	515	1	0	0	518
14938	519	2	0	0	0	521
14939	521	1	3	0	0	525
14940	521	1	0	0	0	522
14941	2	0	0	522	0	524
14942	2	525	1	1	0	529
14943	519	2	0	4	0	525
14944	1	3	521	1	0	526
14945	2	522	1	1	0	526
14946	2	0	3	538	0	543
14947	0	3	521	1	0	525
14948	1	0	530	3	0	534
14949	1	1	5	526	0	533
14950	1	0	2	541	0	544
14951	1	0	0	544	0	545
14952	1	0	1	536	0	538
14953	0	522	0	5	0	527
14954	1	530	0	2	0	533
14955	534	2	0	0	0	536
14956	0	2	1	534	0	537
14957	3	1	2	533	0	539
14958	1	1	0	532	0	534
14959	521	0	1	6	0	528
14960	525	0	2	2	0	529
14961	3	0	1	527	0	531
14962	525	1	0	2	0	528
14963	521	2	1	3	0	527
14964	528	0	1	2	0	531
14965	3	1	0	523	0	527
14966	2	1	501	1	0	505
14967	1	0	470	4	0	475
14968	0	1	502	4	0	507
14969	1	0	518	1	0	520
14970	0	0	2	522	0	524
14971	522	1	2	2	0	527
14972	519	0	1	3	0	523
14973	3	0	520	2	0	525
14974	3	1	504	2	0	510
14975	2	556	3	0	0	561
14976	1	1	1	560	0	563
14977	548	1	0	5	0	554
14978	1	0	557	1	0	559
14979	544	0	1	1	0	546
14980	0	580	2	0	0	582
14981	1	0	1	597	0	599
14982	1	1	0	607	0	609
14983	2	0	0	601	0	603
14984	610	0	0	1	0	611
14985	1	0	1	610	0	612
14986	1	0	1	603	0	605
14987	607	1	0	2	0	610
14988	1	0	0	606	0	607
14989	2	0	616	0	0	618
14990	615	0	1	1	0	617
14991	0	0	1	620	0	621
14992	3	1	0	612	0	616
14993	0	621	0	2	0	623
14994	628	0	0	2	0	630
14995	632	1	0	2	0	635
14996	2	0	0	619	0	621
14997	1	0	614	1	0	616
14998	575	0	1	2	0	578
14999	1	0	610	0	0	611
15000	1	0	0	607	0	608
15001	0	0	2	622	0	624
15002	612	0	0	2	0	614
15003	0	0	0	636	0	636
15004	1	0	633	1	0	635
15005	617	1	0	1	0	619
15006	2	0	665	1	0	668
15007	4	0	659	1	0	664
15008	681	0	5	2	0	688
15009	4	0	2	698	0	704
15010	3	711	1	2	0	717
15011	715	3	2	2	0	722
15012	707	2	1	2	0	712
15013	6	0	709	1	0	716
15014	704	1	3	0	0	708
15015	4	0	3	728	0	735
15016	3	1	744	3	0	751
15017	2	717	5	2	0	726
15018	726	3	2	2	0	733
15019	3	744	1	2	0	750
15020	5	2	2	736	0	745
15021	1	3	0	747	0	751
15022	2	0	2	740	0	744
15023	3	2	1	714	0	720
15024	2	710	0	9	0	721
15025	0	3	696	4	0	703
15026	2	699	3	2	0	706
15027	705	3	3	3	0	714
15028	5	5	0	706	0	716
15029	708	0	2	8	0	718
15030	5	2	0	709	0	716
15031	713	1	0	6	0	720
15032	4	721	1	5	0	731
15033	734	5	2	1	0	742
15034	733	2	2	3	0	740
15035	711	2	1	0	0	714
15036	709	1	0	7	0	717
15037	6	701	3	3	0	713
15038	5	5	704	0	0	714
15039	6	3	4	698	0	711
15040	699	2	3	5	0	709
15041	715	3	1	5	0	724
15042	9	1	2	734	0	746
15043	3	2	754	8	0	767
15044	5	0	8	738	0	751
15045	4	747	2	10	0	763
15046	753	8	2	7	0	770
15047	9	3	2	765	0	779
15048	4	750	0	9	0	763
15049	4	784	3	3	0	794
15050	7	811	2	2	0	822
15051	4	9	0	831	0	844
15052	829	4	2	9	0	844
15053	8	848	2	3	0	861
15054	4	10	0	849	0	863
15055	855	2	1	10	0	868
15056	12	4	0	852	0	868
15057	851	1	0	14	0	866
15058	852	2	0	7	0	861
15059	10	894	3	3	0	910
15060	5	8	0	871	0	884
15061	7	897	1	6	0	911
15062	902	9	2	4	0	917
15063	899	5	0	5	0	909
15064	912	2	1	4	0	919
15065	12	4	1	914	0	931
15066	6	2	906	10	0	924
15067	883	1	8	5	0	897
15068	901	2	2	3	0	908
15069	11	5	1	880	0	897
15070	6	899	5	9	0	919
15071	12	9	0	909	0	930
15072	8	2	2	921	0	933
15073	929	2	1	10	0	942
15074	918	5	2	6	0	931
15075	8	1	878	8	0	895
15076	7	2	7	872	0	888
15077	893	2	2	9	0	906
15078	16	1	1	886	0	904
15079	6	1	889	11	0	907
15080	4	848	8	7	0	867
15081	3	879	2	8	0	892
15082	973	10	2	6	0	991
15083	14	3	2	1050	0	1069
15084	6	3	1	1167	0	1177
15085	1161	6	2	15	0	1184
15086	14	4	1152	6	0	1176
15087	8	4	11	1163	0	1186
15088	5	0	1170	17	0	1192
15089	4	1161	14	7	0	1186
15090	1197	15	7	4	0	1223
15091	1220	6	3	5	0	1234
15092	1228	2	3	2	0	1235
15093	20	3	1203	5	0	1231
15094	1211	2	12	2	0	1227
15095	1227	1	5	4	0	1237
15096	22	3	2	1219	0	1246
15097	1023	3	5	18	0	1049
15098	19	5	1197	5	0	1226
15099	1192	1	15	5	0	1213
15100	18	0	1197	7	0	1222
15101	16	1213	12	2	0	1243
15102	12	17	8	1157	0	1194
15103	4	1214	5	14	0	1237
15104	5	14	1199	5	0	1223
15105	4	1204	14	4	0	1226
15106	1150	13	3	6	0	1172
15107	14	1125	4	1	0	1144
15108	6	1121	2	3	0	1132
15109	4	13	1095	3	0	1115
15110	2	7	14	1093	0	1116
15111	1105	5	4	10	0	1124
15112	12	4	1116	4	0	1136
15113	6	1108	10	5	0	1129
15114	5	11	4	1105	0	1125
15115	4	5	1094	10	0	1113
15116	3	4	1079	5	0	1091
15117	5	5	13	1088	0	1111
15118	4	2	1090	10	0	1106
15119	0	2	16	1025	0	1043
15120	1	1060	4	13	0	1078
15121	4	9	6	1073	0	1092
15122	2	1066	3	13	0	1084
15123	6	13	3	1083	0	1105
15124	1071	5	2	15	0	1093
15125	11	4	4	1069	0	1088
15126	3	1059	3	17	0	1082
15127	6	8	2	1083	0	1099
15128	5	6	1068	15	0	1094
15129	4	5	11	1067	0	1087
15130	1077	3	5	14	0	1099
15131	14	3	1060	7	0	1084
15132	8	3	12	1044	0	1067
15133	1038	0	6	15	0	1059
15134	15	1035	1	7	0	1058
15135	5	9	4	1035	0	1053
15136	1036	5	1	16	0	1058
15137	13	3	4	1037	0	1057
15138	6	3	1010	12	0	1031
15139	998	1	9	8	0	1016
15140	12	1000	7	4	0	1023
15141	4	1002	1	5	0	1012
15142	989	11	3	6	0	1009
15143	973	5	3	3	0	984
15144	15	4	2	968	0	989
15145	965	3	5	9	0	982
15146	10	3	949	8	0	970
15147	944	3	7	7	0	961
15148	11	944	8	1	0	964
15149	925	7	3	8	0	943
15150	12	5	935	2	0	954
15151	10	5	11	932	0	958
15152	6	1	7	943	0	957
15153	4	5	3	886	0	898
15154	5	928	2	10	0	945
15155	927	9	3	6	0	945
15156	13	3	1	887	0	904
15157	5	881	4	7	0	897
15158	947	7	1	9	0	964
15159	909	6	3	2	0	920
15160	930	3	2	5	0	940
15161	929	3	2	3	0	937
15162	912	4	3	6	0	925
15163	13	2	4	914	0	933
15164	6	5	2	909	0	922
15165	900	2	2	14	0	918
15166	11	5	0	904	0	920
15167	8	6	2	901	0	917
15168	4	1	866	14	0	885
15169	885	6	6	11	0	908
15170	891	1	5	5	0	902
15171	891	2	7	3	0	903
15172	16	3	1	836	0	856
15173	8	866	1	10	0	885
15174	974	8	4	8	0	994
15175	933	4	3	4	0	944
15176	19	3	1	1022	0	1045
15177	1031	1	4	16	0	1052
15178	28	4	772	10	0	814
15179	9	1016	8	12	0	1045
15180	11	1044	7	8	0	1070
15181	16	24	996	6	0	1042
15182	6	905	10	3	0	924
15183	5	840	4	6	0	855
15184	728	9	9	3	0	749
15185	7	727	4	2	0	740
15186	6	11	1	737	0	755
15187	749	6	2	9	0	766
15188	9	5	738	5	0	757
15189	731	3	7	6	0	747
15190	13	1	706	3	0	723
15191	5	0	706	4	0	715
15192	706	3	10	2	0	721
15193	9	1	731	2	0	743
15194	4	715	12	2	0	733
15195	5	8	5	710	0	728
15196	708	4	3	7	0	722
15197	8	681	4	3	0	696
15198	3	9	1	685	0	698
15199	5	5	684	11	0	705
15200	7	5	6	685	0	703
15201	655	4	4	13	0	676
15202	11	2	657	5	0	675
15203	6	4	10	647	0	667
15204	655	1	4	10	0	670
15205	677	1	2	5	0	685
15206	10	1	4	679	0	694
15207	9	1	2	673	0	685
15208	8	2	680	10	0	700
15209	7	2	683	5	0	697
15210	675	1	10	7	0	693
15211	698	0	6	6	0	710
15212	12	684	6	1	0	703
15213	689	7	3	5	0	704
15214	712	3	0	2	0	717
15215	10	3	752	2	0	767
15216	9	770	7	1	0	787
15217	765	9	3	2	0	779
15218	767	3	2	3	0	775
15219	773	3	2	4	0	782
15220	14	3	0	772	0	789
15221	10	0	1	772	0	783
15222	6	759	2	10	0	777
15223	5	8	0	776	0	789
15224	775	3	0	13	0	791
15225	7	3	0	778	0	788
15226	4	2	769	11	0	786
15227	5	0	763	7	0	775
15228	5	0	11	768	0	784
15229	1	1	790	9	0	801
15230	4	0	776	3	0	783
15231	4	0	14	785	0	803
15232	3	1	6	799	0	809
15233	1	0	806	16	0	823
15234	3	0	792	8	0	803
15235	1	806	14	6	0	827
15236	816	10	6	4	0	836
15237	11	835	2	1	0	849
15238	842	13	2	2	0	859
15239	855	7	1	0	0	863
15240	15	857	1	1	0	874
15241	862	12	0	3	0	877
15242	15	6	1	852	0	874
15243	9	2	866	10	0	887
15244	7	3	10	860	0	880
15245	3	5	4	880	0	892
15246	850	0	5	17	0	872
15247	855	0	6	7	0	868
15248	862	2	0	7	0	871
15249	861	1	2	3	0	867
15250	813	2	2	4	0	821
15251	21	794	1	1	0	817
15252	12	11	1	802	0	826
15253	6	5	826	10	0	847
15254	6	2	11	835	0	854
15255	1	3	4	838	0	846
15256	2	1	4	884	0	891
15257	947	1	1	21	0	970
15258	15	0	2	947	0	964
15259	967	0	2	16	0	985
15260	16	2	985	6	0	1009
15261	10	0	13	1097	0	1120
15262	5	0	1112	22	0	1139
15263	1112	1	21	8	0	1142
15264	21	2	8	1125	0	1156
15265	7	1	1135	25	0	1168
15266	6	2	23	1139	0	1170
15267	1154	1	7	27	0	1189
15268	22	0	1178	12	0	1212
15269	1195	0	22	7	0	1224
15270	1219	0	6	5	0	1230
15271	1216	1	7	2	0	1226
15272	1199	1	1	5	0	1206
15273	31	1167	4	2	0	1204
15274	10	1073	5	3	0	1091
15275	7	1041	1	3	0	1052
15276	7	24	6	970	0	1007
15277	4	994	1	12	0	1011
15278	984	14	2	7	0	1007
15279	18	968	3	0	0	989
15280	7	974	2	5	0	988
15281	1	18	3	966	0	988
15282	5	5	4	984	0	998
15283	972	4	2	22	0	1000
15284	17	3	3	976	0	999
15285	8	2	960	18	0	988
15286	5	2	910	12	0	929
15287	9	2	944	3	0	958
15288	7	3	19	953	0	982
15289	8	3	6	1006	0	1023
15290	7	0	976	21	0	1004
15291	11	2	963	5	0	981
15292	11	2	975	1	0	989
15293	975	8	18	2	0	1003
15294	16	7	7	984	0	1014
15295	5	7	3	1002	0	1017
15296	994	6	2	24	0	1026
15297	17	5	2	994	0	1018
15298	7	1003	2	19	0	1031
15299	4	1038	3	6	0	1051
15300	3	23	2	1024	0	1052
15301	1028	7	3	21	0	1059
15302	1035	2	1	15	0	1053
15303	1037	1	1	8	0	1047
15304	23	1	4	1028	0	1056
15305	7	1	1015	17	0	1040
15306	3	1	24	998	0	1026
15307	5	2	1010	16	0	1033
15308	967	1	19	15	0	1002
15309	16	0	9	970	0	995
15310	943	0	9	18	0	970
15311	15	0	960	8	0	983
15312	932	1	18	8	0	959
15313	17	1	984	7	0	1009
15314	13	941	12	11	0	977
15315	4	923	7	13	0	947
15316	912	15	6	6	0	939
15317	19	6	3	912	0	940
15318	11	7	916	18	0	952
15319	4	898	16	7	0	925
15320	11	926	4	7	0	948
15321	10	17	3	930	0	960
15322	941	5	3	15	0	964
15323	936	4	2	8	0	950
15324	22	929	5	7	0	963
15325	928	16	6	9	0	959
15326	19	7	5	925	0	956
15327	7	3	927	18	0	955
15328	7	934	12	8	0	961
15329	12	14	5	934	0	965
15330	8	7	3	933	0	951
15331	929	4	5	15	0	953
15332	18	4	920	7	0	949
15333	914	5	18	7	0	944
15334	925	7	6	3	0	941
15335	17	5	3	915	0	940
15336	8	6	6	925	0	945
15337	895	4	4	23	0	926
15338	15	4	9	905	0	933
15339	8	6	891	20	0	925
15340	4	5	894	9	0	912
15341	7	883	17	8	0	915
15342	7	923	5	6	0	941
15343	9	16	6	865	0	896
15344	11	872	3	14	0	900
15345	898	14	4	12	0	928
15346	15	894	4	10	0	923
15347	9	12	6	898	0	925
15348	4	8	6	909	0	927
15349	5	5	898	20	0	928
15350	5	7	12	901	0	925
15351	7	2	4	919	0	932
15352	9	920	4	16	0	949
15353	11	12	4	892	0	919
15354	12	3	1	912	0	928
15355	6	1	895	21	0	923
15356	5	859	12	12	0	888
15357	3	31	4	755	0	793
15358	2	775	8	15	0	800
15359	2	11	754	6	0	773
15360	1	725	15	6	0	747
15361	612	6	1	2	0	621
15362	594	1	0	1	0	596
15363	591	0	1	2	0	594
15364	2	588	0	0	0	590
15365	580	3	0	1	0	584
15366	2	0	0	581	0	583
15367	557	0	1	2	0	560
15368	3	526	0	1	0	530
15369	530	3	0	1	0	534
15370	559	1	0	2	0	562
15371	6	557	0	7	0	570
15372	0	7	572	1	0	580
15373	0	1	8	610	0	619
15374	0	1	648	9	0	658
15375	0	0	8	660	0	668
15376	1	1	1	683	0	686
15377	0	0	709	9	0	718
15378	0	1	8	716	0	725
15379	724	0	1	9	0	734
15380	9	0	733	3	0	745
15381	2	737	10	1	0	750
15382	1	7	3	726	0	737
15383	2	3	0	743	0	748
15384	0	0	739	11	0	750
15385	0	1	9	716	0	726
15386	0	738	2	10	0	750
15387	725	9	0	5	0	739
15388	7	712	2	0	0	721
15389	683	10	0	2	0	695
15390	10	680	0	5	0	695
15391	4	728	1	1	0	734
15392	0	16	697	2	0	715
15393	1	3	12	703	0	719
15394	1	3	4	702	0	710
15395	1	1	2	720	0	724
15396	0	758	2	18	0	778
15397	2	15	1	773	0	791
15398	763	6	0	21	0	790
15399	16	4	2	773	0	795
15400	762	2	3	19	0	786
15401	17	3	764	9	0	793
15402	765	0	17	8	0	790
15403	16	1	6	778	0	801
15404	7	2	6	807	0	822
15405	794	1	4	27	0	826
15406	22	4	796	7	0	829
15407	4	800	16	8	0	828
15408	7	14	3	809	0	833
15409	813	4	6	16	0	839
15410	817	3	2	9	0	831
15411	17	5	1	812	0	835
15412	6	2	803	20	0	831
15413	781	5	15	5	0	806
15414	20	3	787	2	0	812
15415	6	4	16	783	0	809
15416	6	3	783	17	0	809
15417	4	2	19	776	0	801
15418	1	7	759	18	0	785
15419	2	762	17	10	0	791
15420	3	17	6	695	0	721
15421	5	755	3	18	0	781
15422	757	17	3	7	0	784
15423	776	8	2	4	0	790
15424	18	2	755	6	0	781
15425	12	3	16	753	0	784
15426	756	3	8	20	0	787
15427	21	1	4	752	0	778
15428	5	1	6	761	0	773
15429	5	3	733	22	0	763
15430	727	2	14	10	0	753
15431	17	2	734	9	0	762
15432	9	3	17	730	0	759
15433	6	3	734	20	0	763
15434	730	3	17	10	0	760
15435	745	1	6	10	0	762
15436	732	0	8	10	0	750
15437	23	1	5	713	0	742
15438	11	3	696	21	0	731
15439	8	2	711	8	0	729
15440	7	1	18	675	0	701
15441	4	692	11	18	0	725
15442	675	15	8	10	0	708
15443	15	7	7	679	0	708
15444	8	6	674	19	0	707
15445	12	1	14	681	0	708
15446	6	5	692	20	0	723
15447	5	3	18	702	0	728
15448	4	4	703	22	0	733
15449	12	4	697	9	0	722
15450	6	687	20	9	0	722
15451	6	15	684	10	0	715
15452	5	3	696	7	0	711
15453	11	5	19	609	0	644
15454	3	2	10	644	0	659
15455	5	663	5	25	0	698
15456	666	11	13	7	0	697
15457	19	666	3	11	0	699
15458	7	16	10	667	0	700
15459	669	8	5	21	0	703
15460	20	2	7	665	0	694
15461	663	5	5	19	0	692
15462	20	2	3	677	0	702
15463	11	3	682	18	0	714
15464	7	2	19	684	0	712
15465	9	4	4	702	0	719
15466	698	2	4	23	0	727
15467	703	1	5	16	0	725
15468	695	1	4	12	0	712
15469	24	659	6	7	0	696
15470	11	649	4	9	0	673
15471	654	10	9	5	0	678
15472	13	5	647	8	0	673
15473	5	6	629	4	0	644
15474	5	18	13	561	0	597
15475	2	1	584	9	0	596
15476	2	1	564	3	0	570
15477	521	0	12	3	0	536
15478	527	0	5	4	0	536
15479	12	519	6	1	0	538
15480	5	522	1	1	0	529
15481	7	10	0	469	0	486
15482	3	515	1	6	0	525
15483	522	11	1	4	0	538
15484	8	3	4	506	0	521
15485	1	528	1	10	0	540
15486	530	7	4	1	0	542
15487	9	1	535	6	0	551
15488	3	2	527	1	0	533
15489	528	1	8	4	0	541
15490	9	2	524	0	0	535
15491	500	1	10	2	0	513
15492	7	1	1	510	0	519
15493	1	1	507	6	0	515
15494	2	499	5	2	0	508
15495	0	511	1	3	0	515
15496	437	4	3	2	0	446
15497	2	456	0	0	0	458
15498	435	3	1	1	0	440
15499	430	1	1	1	0	433
15500	4	430	1	1	0	436
15501	6	2	2	423	0	433
15502	1	1	443	4	0	449
15503	0	450	3	2	0	455
15504	1	4	5	449	0	459
15505	3	4	0	466	0	473
15506	463	0	0	4	0	467
15507	5	1	0	460	0	466
15508	1	2	461	3	0	467
15509	1	460	2	2	0	465
15510	1	4	2	466	0	473
15511	467	2	0	6	0	475
15512	474	0	1	4	0	479
15513	5	1	2	476	0	484
15514	488	2	0	4	0	494
15515	4	0	489	2	0	495
15516	2	0	5	494	0	501
15517	2	1	507	4	0	514
15518	1	0	4	534	0	539
15519	1	1	2	528	0	532
15520	3	0	0	533	0	536
15521	0	0	1	523	0	524
15522	1	0	0	531	0	532
15523	516	1	0	10	0	527
15524	523	0	0	7	0	530
15525	12	521	0	2	0	535
15526	531	7	1	3	0	542
15527	11	6	2	525	0	544
15528	5	1	2	540	0	548
15529	2	0	2	543	0	547
15530	3	1	540	12	0	556
15531	3	1	7	533	0	544
15532	3	532	5	9	0	549
15533	533	7	2	8	0	550
15534	538	4	0	4	0	546
15535	14	1	529	2	0	546
15536	5	530	10	2	0	547
15537	2	7	4	536	0	549
15538	1	7	538	12	0	558
15539	2	2	7	514	0	525
15540	0	520	5	10	0	535
15541	530	7	1	7	0	545
15542	10	527	1	3	0	541
15543	6	8	523	2	0	539
15544	4	6	524	2	0	536
15545	4	520	10	1	0	535
15546	2	522	3	3	0	530
15547	509	8	1	3	0	521
15548	507	6	1	5	0	519
15549	12	0	1	509	0	522
15550	4	1	500	12	0	517
15551	4	2	8	504	0	518
15552	6	1	4	500	0	511
15553	499	4	3	10	0	516
15554	505	3	2	4	0	514
15555	10	4	2	528	0	544
15556	6	0	530	9	0	545
15557	1	546	7	6	0	560
15558	546	9	5	6	0	566
15559	12	576	1	2	0	591
15560	8	8	1	586	0	603
15561	4	6	3	603	0	616
15562	3	0	4	597	0	604
15563	2	3	3	581	0	589
15564	561	4	1	17	0	583
15565	11	1	1	566	0	579
15566	9	546	0	10	0	565
15567	3	9	0	559	0	571
15568	540	4	3	12	0	559
15569	12	551	2	5	0	570
15570	6	10	1	551	0	568
15571	4	6	547	10	0	567
15572	536	1	8	8	0	553
15573	11	2	4	542	0	559
15574	7	1	532	11	0	551
15575	1	1	520	8	0	530
15576	4	4	11	520	0	539
15577	517	2	5	8	0	532
15578	527	3	0	9	0	539
15579	13	532	1	3	0	549
15580	526	9	2	4	0	541
15581	530	6	0	7	0	543
15582	531	1	0	6	0	538
15583	531	0	1	5	0	537
15584	14	2	1	516	0	533
15585	7	3	0	519	0	529
15586	4	0	494	13	0	511
15587	2	477	9	5	0	493
15588	2	493	5	4	0	504
15589	3	10	485	3	0	501
15590	471	3	8	1	0	483
15591	9	2	4	476	0	491
15592	478	2	2	7	0	489
15593	473	1	3	3	0	480
15594	11	0	465	3	0	479
15595	7	1	6	457	0	471
15596	464	0	4	8	0	476
15597	8	1	0	455	0	464
15598	6	2	448	5	0	461
15599	4	7	8	432	0	451
15600	2	475	2	6	0	485
15601	4	484	1	3	0	492
15602	3	9	465	2	0	479
15603	2	450	7	3	0	462
15604	422	11	4	4	0	441
15605	422	4	1	0	0	427
15606	9	2	1	415	0	427
15607	3	1	2	422	0	428
15608	1	0	0	427	0	428
15609	416	0	0	9	0	425
15610	5	420	0	5	0	430
15611	405	5	0	1	0	411
15612	396	3	0	3	0	402
15613	8	399	1	1	0	409
15614	380	4	0	1	0	385
15615	5	381	0	0	0	386
15616	386	4	0	1	0	391
15617	4	3	378	0	0	385
15618	341	1	2	1	0	345
15619	5	358	1	0	0	364
15620	2	2	3	351	0	358
15621	1	0	0	360	0	361
15622	0	0	1	373	0	374
15623	373	0	0	2	0	375
15624	3	1	0	373	0	377
15625	1	0	372	3	0	376
15626	363	1	2	1	0	367
15627	2	1	370	2	0	375
15628	2	1	2	367	0	372
15629	0	1	370	2	0	373
15630	1	0	3	357	0	361
15631	1	367	2	2	0	372
15632	1	2	0	367	0	370
15633	0	367	0	4	0	371
15634	0	2	2	372	0	376
15635	373	0	1	5	0	379
15636	3	1	0	387	0	391
15637	391	0	0	4	0	395
15638	3	1	385	0	0	389
15639	388	1	2	1	0	392
15640	386	0	0	0	0	386
15641	387	0	0	3	0	390
15642	5	0	0	389	0	394
15643	378	0	1	2	0	381
15644	3	0	379	0	0	382
15645	373	0	2	1	0	376
15646	3	0	381	0	0	384
15647	386	1	2	2	0	391
15648	3	1	1	389	0	394
15649	1	0	398	2	0	401
15650	2	1	2	402	0	407
15651	0	0	1	409	0	410
15652	2	3	401	2	0	408
15653	386	0	2	1	0	389
15654	3	403	2	0	0	408
15655	377	2	0	2	0	381
15656	3	383	0	0	0	386
15657	361	1	1	2	0	365
15658	2	0	366	0	0	368
15659	326	1	2	0	0	329
15660	1	327	0	0	0	328
15661	0	0	0	329	0	329
15662	1	0	0	334	0	335
15663	0	0	1	335	0	336
15664	1	0	335	0	0	336
15665	0	0	1	334	0	335
15666	1	0	357	0	0	358
15667	377	0	1	0	0	378
15668	399	0	1	0	0	400
15669	1	0	0	397	0	398
15670	1	0	402	1	0	404
15671	388	0	2	1	0	391
15672	1	0	464	1	0	466
15673	0	1	3	461	0	465
15674	1	0	0	475	0	476
15675	1	1	0	471	0	473
15676	1	0	0	479	0	480
15677	470	0	1	5	0	476
15678	4	481	0	0	0	485
15679	0	4	475	0	0	479
15680	0	473	3	1	0	477
15681	477	3	0	2	0	482
15682	4	2	0	476	0	482
15683	477	0	2	3	0	482
15684	3	0	0	478	0	481
15685	0	0	1	477	0	478
15686	2	0	0	482	0	484
15687	1	0	474	4	0	479
15688	1	472	3	1	0	477
15689	0	3	474	0	0	477
15690	1	0	4	475	0	480
15691	487	1	1	3	0	492
15692	482	0	0	2	0	484
15693	486	0	0	2	0	488
15694	4	487	0	1	0	492
15695	496	3	0	2	0	501
15696	4	0	0	496	0	500
15697	1	1	0	496	0	498
15698	2	0	1	497	0	500
15699	0	506	0	3	0	509
15700	1	3	1	472	0	477
15701	0	479	0	4	0	483
15702	479	3	0	0	0	482
15703	481	0	0	2	0	483
15704	4	0	0	487	0	491
15705	0	1	480	4	0	485
15706	477	0	4	0	0	481
15707	3	1	0	476	0	480
15708	0	0	481	4	0	485
15709	466	0	3	2	0	471
15710	4	2	0	481	0	487
15711	480	0	0	6	0	486
15712	5	482	0	0	0	487
15713	1	4	0	476	0	481
15714	2	492	1	4	0	499
15715	2	5	0	494	0	501
15716	0	494	2	5	0	501
15717	1	5	0	493	0	499
15718	0	1	486	5	0	492
15719	420	1	6	1	0	428
15720	5	477	0	4	0	486
15721	2	4	473	1	0	480
15722	464	0	4	4	0	472
15723	4	2	1	475	0	482
15724	1	0	473	6	0	480
15725	0	472	6	1	0	479
15726	1	3	0	482	0	486
15727	0	2	488	5	0	495
15728	0	0	5	484	0	489
15729	1	1	1	509	0	512
15730	3	0	518	4	0	525
15731	1	2	5	515	0	523
15732	1	0	527	5	0	533
15733	3	1	4	520	0	528
15734	1	0	548	7	0	556
15735	0	0	5	553	0	558
15736	2	1	0	548	0	551
15737	1	1	0	547	0	549
15738	0	536	3	6	0	545
15739	542	5	0	3	0	550
15740	548	0	1	2	0	551
15741	5	1	1	548	0	555
15742	549	0	1	5	0	555
15743	4	1	548	2	0	555
15744	2	554	4	2	0	562
15745	555	4	1	3	0	563
15746	5	567	1	2	0	575
15747	2	5	0	569	0	576
15748	1	1	1	570	0	573
15749	551	1	0	9	0	561
15750	6	1	0	551	0	558
15751	3	0	550	5	0	558
15752	2	547	4	1	0	554
15753	553	5	0	2	0	560
15754	5	1	1	554	0	561
15755	3	560	0	5	0	568
15756	2	4	0	544	0	550
15757	0	561	1	5	0	567
15758	560	5	1	2	0	568
15759	562	1	0	2	0	565
15760	7	1	553	1	0	562
15761	3	1	546	1	0	551
15762	2	0	5	541	0	548
15763	0	552	1	6	0	559
15764	2	4	1	557	0	564
15765	555	2	0	8	0	565
15766	3	1	546	4	0	554
15767	1	1	5	513	0	520
15768	2	1	507	3	0	513
15769	1	0	485	2	0	488
15770	2	512	5	0	0	519
15771	2	8	1	499	0	510
15772	453	1	0	5	0	459
15773	0	0	453	2	0	455
15774	1	444	2	0	0	447
15775	448	1	1	2	0	452
15776	1	1	1	449	0	452
15777	456	0	0	5	0	461
15778	444	0	0	2	0	446
15779	456	0	0	1	0	457
15780	2	1	467	0	0	470
15781	462	0	1	1	0	464
15782	468	0	1	0	0	469
15783	2	485	1	1	0	489
15784	2	1	0	487	0	490
15785	0	1	0	491	0	492
15786	0	0	0	489	0	489
15787	496	0	0	2	0	498
15788	486	1	0	1	0	488
15789	2	0	495	1	0	498
15790	1	0	1	492	0	494
15791	1	492	1	1	0	495
15792	493	1	0	2	0	496
15793	1	1	501	0	0	503
15794	2	1	1	487	0	491
15795	2	0	1	486	0	489
15796	0	492	0	5	0	497
15797	0	2	0	491	0	493
15798	2	2	0	476	0	480
15799	2	1	0	481	0	484
15800	479	0	0	5	0	484
15801	3	0	0	471	0	474
15802	2	0	1	475	0	478
15803	485	1	1	4	0	491
15804	4	0	0	483	0	487
15805	2	591	0	4	0	597
15806	618	5	0	2	0	625
15807	646	2	1	0	0	649
15808	659	2	1	1	0	663
15809	721	1	0	3	0	725
15810	14	761	1	1	0	777
15811	855	9	0	1	0	865
15812	866	4	1	1	0	872
15813	16	2	0	857	0	875
15814	9	0	847	10	0	866
15815	6	2	10	848	0	866
15816	2	3	1	849	0	855
15817	4	0	3	838	0	845
15818	3	1	0	845	0	849
15819	3	1	2	848	0	854
15820	825	0	1	19	0	845
15821	13	0	0	838	0	851
15822	5	0	834	16	0	855
15823	8	0	10	827	0	845
15824	1	831	4	15	0	851
15825	5	10	3	834	0	852
15826	2	4	837	16	0	859
15827	788	3	11	8	0	810
15828	821	1	4	4	0	830
15829	17	2	839	3	0	861
15830	9	832	11	4	0	856
15831	840	10	5	5	0	860
15832	836	5	4	2	0	847
15833	848	2	0	3	0	853
15834	824	0	2	1	0	827
15835	22	2	2	795	0	821
15836	12	2	803	12	0	829
15837	11	1	13	803	0	828
15838	6	3	3	825	0	837
15839	4	2	814	18	0	838
15840	3	1	810	12	0	826
15841	796	0	16	10	0	822
15842	15	801	7	6	0	829
15843	7	11	4	807	0	829
15844	3	4	781	18	0	806
15845	757	5	15	10	0	787
15846	18	1	772	7	0	798
15847	757	1	17	6	0	781
15848	17	767	7	5	0	796
15849	11	11	6	775	0	803
15850	7	7	769	15	0	798
15851	757	5	13	8	0	783
15852	20	767	7	6	0	800
15853	9	806	7	4	0	826
15854	8	20	6	796	0	830
15855	7	10	2	832	0	851
15856	837	9	2	22	0	870
15857	25	835	1	12	0	873
15858	11	16	4	853	0	884
15859	851	7	3	21	0	882
15860	867	6	3	10	0	886
15861	874	3	0	14	0	891
15862	28	2	873	8	0	911
15863	13	1	887	11	0	912
15864	942	2	18	7	0	969
15865	22	924	10	6	0	962
15866	7	941	11	8	0	967
15867	15	18	6	911	0	950
15868	8	929	5	19	0	961
15869	927	22	9	9	0	967
15870	27	9	5	912	0	953
15871	12	12	914	22	0	960
15872	923	6	17	11	0	957
15873	933	5	7	10	0	955
15874	30	6	4	918	0	958
15875	16	4	5	937	0	962
15876	17	3	6	938	0	964
15877	12	3	6	936	0	957
15878	15	6	897	31	0	949
15879	8	895	21	17	0	941
15880	6	18	11	850	0	885
15881	12	882	6	21	0	921
15882	12	29	2	828	0	871
15883	6	867	3	27	0	903
15884	867	22	11	13	0	913
15885	872	9	5	11	0	897
15886	27	874	5	8	0	914
15887	871	24	4	10	0	909
15888	22	11	7	872	0	912
15889	864	11	4	21	0	900
15890	35	860	6	5	0	906
15891	866	23	4	10	0	903
15892	876	12	5	5	0	898
15893	32	12	4	847	0	895
15894	18	5	851	24	0	898
15895	17	845	21	10	0	893
15896	11	22	7	855	0	895
15897	862	12	6	25	0	905
15898	23	13	853	12	0	901
15899	16	4	18	860	0	898
15900	12	5	11	867	0	895
15901	860	7	7	24	0	898
15902	869	4	7	14	0	894
15903	855	5	4	15	0	879
15904	32	830	4	9	0	875
15905	729	14	1	9	0	753
15906	22	6	688	4	0	720
15907	9	10	654	4	0	677
15908	11	3	660	5	0	679
15909	12	33	26	545	0	616
15910	3	4	535	10	0	552
15911	454	2	10	2	0	468
15912	8	3	5	453	0	469
15913	5	1	477	10	0	493
15914	498	1	8	5	0	512
15915	10	1	3	500	0	514
15916	2	5	3	502	0	512
15917	508	1	0	11	0	520
15918	10	1	3	531	0	545
15919	5	2	530	9	0	546
15920	9	0	8	536	0	553
15921	1	3	542	14	0	560
15922	8	1	9	531	0	549
15923	536	3	2	9	0	550
15924	10	521	2	6	0	539
15925	5	540	4	4	0	553
15926	6	10	0	536	0	552
15927	4	4	6	530	0	544
15928	3	525	2	10	0	540
15929	5	503	2	6	0	516
15930	2	9	3	499	0	513
15931	4	6	3	500	0	513
15932	495	2	1	14	0	512
15933	6	485	1	11	0	503
15934	3	485	3	6	0	497
15935	5	504	0	4	0	513
15936	481	9	2	6	0	498
15937	6	5	491	5	0	507
15938	482	1	6	4	0	493
15939	9	4	1	479	0	493
15940	3	457	2	6	0	468
15941	3	490	1	2	0	496
15942	487	8	1	3	0	499
15943	7	2	3	474	0	486
15944	5	517	0	6	0	528
15945	524	6	0	3	0	533
15946	530	5	1	1	0	537
15947	7	4	515	3	0	529
15948	527	1	6	5	0	539
15949	537	1	2	5	0	545
15950	8	4	3	521	0	536
15951	6	514	0	7	0	527
15952	3	515	1	5	0	524
15953	6	6	2	493	0	507
15954	492	3	1	3	0	499
15955	6	2	434	3	0	445
15956	4	1	435	3	0	443
15957	6	2	432	1	0	441
15958	2	3	435	2	0	442
15959	2	438	2	2	0	444
15960	3	438	1	2	0	444
15961	2	1	431	0	0	434
15962	0	3	413	3	0	419
15963	1	378	1	1	0	381
15964	1	0	0	361	0	362
15965	0	0	383	0	0	383
15966	0	0	0	383	0	383
15967	0	0	0	395	0	395
15968	0	0	0	409	0	409
15969	0	0	4	431	0	435
15970	0	0	433	1	0	434
15971	0	0	1	419	0	420
15972	424	0	0	1	0	425
15973	1	0	425	0	0	426
15974	423	0	2	0	0	425
15975	2	0	0	427	0	429
15976	0	0	427	3	0	430
15977	426	0	0	2	0	428
15978	2	0	0	427	0	429
15979	432	0	1	3	0	436
15980	1	2	1	422	0	426
15981	1	427	0	3	0	431
15982	0	0	456	0	0	456
15983	0	0	1	455	0	456
15984	457	0	1	2	0	460
15985	453	1	0	3	0	457
15986	450	2	0	0	0	452
15987	451	2	0	2	0	455
15988	445	1	0	3	0	449
15989	1	455	0	1	0	457
15990	453	2	0	3	0	458
15991	2	2	452	1	0	457
15992	447	2	1	1	0	451
15993	3	0	0	444	0	447
15994	1	1	440	3	0	445
15995	1	1	436	0	0	438
15996	2	2	1	435	0	440
15997	439	1	0	2	0	442
15998	1	441	1	0	0	443
15999	438	2	0	0	0	440
16000	2	439	1	1	0	443
16001	1	2	1	451	0	455
16002	0	2	1	453	0	456
16003	460	0	0	1	0	461
16004	3	1	0	464	0	468
16005	2	2	461	1	0	466
16006	462	0	1	1	0	464
16007	3	1	0	466	0	470
16008	2	1	1	468	0	472
16009	3	1	458	1	0	463
16010	431	1	2	2	0	436
16011	463	0	0	3	0	466
16012	3	467	0	1	0	471
16013	1	1	445	1	0	448
16014	0	0	428	0	0	428
16015	0	4	2	432	0	438
16016	2	2	4	417	0	425
16017	1	423	0	4	0	428
16018	1	1	410	0	0	412
16019	0	1	1	401	0	403
16020	0	0	408	3	0	411
16021	1	0	1	402	0	404
16022	1	404	0	1	0	406
16023	0	2	1	416	0	419
16024	0	1	1	414	0	416
16025	2	0	1	404	0	407
16026	406	0	0	4	0	410
16027	1	1	400	2	0	404
16028	1	421	1	1	0	424
16029	0	3	2	459	0	464
16030	475	2	0	4	0	481
16031	4	1	0	482	0	487
16032	479	1	2	5	0	487
16033	4	1	489	2	0	496
16034	483	0	4	4	0	491
16035	8	0	3	498	0	509
16036	2	0	499	7	0	508
16037	1	495	6	3	0	505
16038	1	5	3	500	0	509
16039	2	2	1	503	0	508
16040	493	0	0	12	0	505
16041	5	495	1	3	0	504
16042	2	481	1	2	0	486
16043	0	499	1	4	0	504
16044	468	7	0	4	0	479
16045	7	470	0	6	0	483
16046	4	6	1	470	0	481
16047	5	4	1	469	0	479
16048	470	1	1	8	0	480
16049	8	462	1	4	0	475
16050	3	6	1	474	0	484
16051	479	2	1	10	0	492
16052	482	1	1	5	0	489
16053	487	2	0	3	0	492
16054	8	475	0	3	0	486
16055	471	6	1	3	0	481
16056	8	5	0	468	0	481
16057	5	465	0	6	0	476
16058	3	475	0	3	0	481
16059	2	9	4	467	0	482
16060	467	4	0	7	0	478
16061	474	2	0	5	0	481
16062	8	3	0	458	0	469
16063	4	462	0	8	0	474
16064	461	7	0	6	0	474
16065	9	3	444	3	0	459
16066	6	1	432	3	0	442
16067	426	2	8	1	0	437
16068	8	2	425	0	0	435
16069	5	2	5	394	0	406
16070	403	1	5	5	0	414
16071	6	2	0	408	0	416
16072	3	2	402	6	0	413
16073	0	407	5	6	0	418
16074	4	3	2	417	0	426
16075	2	4	414	6	0	426
16076	410	1	5	5	0	421
16077	6	2	4	419	0	431
16078	5	1	421	6	0	433
16079	2	2	6	419	0	429
16080	2	415	5	4	0	426
16081	2	4	2	430	0	438
16082	3	2	3	411	0	419
16083	1	1	2	408	0	412
16084	1	409	1	8	0	419
16085	412	5	0	8	0	425
16086	8	2	1	424	0	435
16087	4	1	1	428	0	434
16088	0	3	1	431	0	435
16089	2	3	422	7	0	434
16090	2	0	5	432	0	439
16091	433	1	4	7	0	445
16092	4	434	2	4	0	444
16093	3	4	2	455	0	464
16094	1	3	3	454	0	461
16095	451	1	0	11	0	463
16096	6	453	1	5	0	465
16097	455	6	0	4	0	465
16098	464	3	1	4	0	472
16099	7	2	1	463	0	473
16100	462	2	1	7	0	472
16101	7	446	2	4	0	459
16102	451	4	1	4	0	460
16103	5	2	1	454	0	462
16104	499	0	2	7	0	508
16105	512	1	1	6	0	520
16106	9	3	505	1	0	518
16107	537	2	3	1	0	543
16108	541	1	2	6	0	550
16109	560	0	1	3	0	564
16110	11	1	593	1	0	606
16111	7	592	4	2	0	605
16112	4	6	5	602	0	617
16113	605	4	1	9	0	619
16114	8	596	1	5	0	610
16115	601	5	1	2	0	609
16116	8	6	0	609	0	623
16117	6	1	612	8	0	627
16118	636	3	4	7	0	650
16119	9	3	3	658	0	673
16120	6	2	656	9	0	673
16121	668	1	5	4	0	678
16122	8	1	674	1	0	684
16123	7	0	6	678	0	691
16124	3	1	6	701	0	711
16125	698	1	1	14	0	714
16126	700	3	1	10	0	714
16127	16	701	1	2	0	720
16128	697	6	0	6	0	709
16129	9	4	652	3	0	668
16130	7	2	641	0	0	650
16131	633	1	9	3	0	646
16132	9	639	4	0	0	652
16133	633	5	3	1	0	642
16134	6	630	2	1	0	639
16135	623	4	3	3	0	633
16136	9	4	2	616	0	631
16137	4	1	617	6	0	628
16138	4	0	4	623	0	631
16139	3	3	3	628	0	637
16140	630	0	0	10	0	640
16141	6	4	623	6	0	639
16142	620	0	5	0	0	625
16143	7	616	3	3	0	629
16144	618	6	2	4	0	630
16145	11	2	1	608	0	622
16146	4	2	605	5	0	616
16147	5	1	6	610	0	622
16148	606	1	4	7	0	618
16149	10	3	1	607	0	621
16150	9	2	0	600	0	611
16151	4	586	1	9	0	600
16152	1	5	2	597	0	605
16153	4	3	586	8	0	601
16154	2	0	6	590	0	598
16155	3	0	4	597	0	604
16156	580	2	1	12	0	595
16157	11	2	0	580	0	593
16158	8	1	580	5	0	594
16159	2	584	4	9	0	599
16160	6	6	4	578	0	594
16161	5	4	3	583	0	595
16162	582	0	3	12	0	597
16163	8	570	0	8	0	586
16164	6	7	1	577	0	591
16165	568	6	2	5	0	581
16166	568	4	3	9	0	584
16167	16	0	1	573	0	590
16168	5	6	573	10	0	594
16169	579	0	6	8	0	593
16170	10	2	6	597	0	615
16171	602	3	2	11	0	618
16172	612	0	0	10	0	622
16173	14	585	4	1	0	604
16174	586	5	1	6	0	598
16175	8	589	2	6	0	605
16176	10	9	2	578	0	599
16177	4	4	2	587	0	597
16178	3	586	3	14	0	606
16179	594	6	1	8	0	609
16180	589	7	2	2	0	600
16181	12	2	568	7	0	589
16182	7	3	556	4	0	570
16183	5	2	11	571	0	589
16184	573	1	5	14	0	593
16185	11	1	6	568	0	586
16186	10	1	0	574	0	585
16187	3	4	581	13	0	601
16188	7	2	583	7	0	599
16189	4	1	590	5	0	600
16190	576	3	13	5	0	597
16191	577	1	5	5	0	588
16192	11	573	2	4	0	590
16193	5	573	2	8	0	588
16194	3	10	5	570	0	588
16195	2	9	572	7	0	590
16196	578	0	7	8	0	593
16197	12	2	599	2	0	615
16198	9	2	7	581	0	599
16199	0	2	6	606	0	614
16200	3	2	1	618	0	624
16201	8	0	1	630	0	639
16202	626	1	3	14	0	644
16203	10	1	0	625	0	636
16204	7	0	583	6	0	596
16205	548	2	7	5	0	562
16206	8	1	551	5	0	565
16207	6	4	540	1	0	551
16208	3	543	7	6	0	559
16209	10	7	11	486	0	514
16210	482	2	1	7	0	492
16211	8	0	3	483	0	494
16212	4	1	479	5	0	489
16213	4	0	5	476	0	485
16214	471	1	4	8	0	484
16215	6	472	0	7	0	485
16216	465	4	0	5	0	474
16217	5	456	1	4	0	466
16218	433	4	0	5	0	442
16219	7	425	1	0	0	433
16220	2	438	0	4	0	444
16221	2	5	426	1	0	434
16222	2	429	4	0	0	435
16223	394	2	4	0	0	400
16224	2	1	0	392	0	395
16225	409	0	0	2	0	411
16226	2	404	0	1	0	407
16227	406	3	0	0	0	409
16228	3	1	411	0	0	415
16229	1	1	3	404	0	409
16230	1	432	1	3	0	437
16231	1	3	1	443	0	448
16232	1	1	0	452	0	454
16233	508	1	0	6	0	515
16234	5	528	0	2	0	535
16235	531	4	2	1	0	538
16236	6	1	528	1	0	536
16237	2	1	518	0	0	521
16238	0	523	6	3	0	532
16239	2	5	1	525	0	533
16240	2	1	533	4	0	540
16241	0	1	5	504	0	510
16242	2	1	1	541	0	545
16243	0	0	533	7	0	540
16244	1	0	536	2	0	539
16245	1	1	548	3	0	553
16246	0	1	541	3	0	545
16247	1	570	8	3	0	582
16248	3	6	2	576	0	587
16249	2	2	2	590	0	596
16250	0	0	586	7	0	593
16251	1	2	6	582	0	591
16252	1	0	623	7	0	631
16253	1	1	7	617	0	626
16254	1	2	2	620	0	625
16255	0	621	2	10	0	633
16256	4	7	1	617	0	629
16257	2	1	2	623	0	628
16258	1	0	2	630	0	633
16259	0	2	613	7	0	622
16260	2	606	5	4	0	617
16261	608	6	1	4	0	619
16262	612	1	2	3	0	618
16263	7	1	1	601	0	610
16264	3	2	2	599	0	606
16265	1	614	0	8	0	623
16266	617	6	1	4	0	628
16267	7	626	2	2	0	637
16268	613	7	1	3	0	624
16269	9	1	605	2	0	617
16270	577	1	8	2	0	588
16271	6	606	3	1	0	616
16272	1	9	1	611	0	622
16273	5	0	2	618	0	625
16274	3	615	1	5	0	624
16275	620	5	0	5	0	630
16276	5	0	2	626	0	633
16277	1	1	2	634	0	638
16278	630	2	0	9	0	641
16279	640	2	2	2	0	646
16280	8	1	641	3	0	653
16281	644	3	7	3	0	657
16282	11	0	1	650	0	662
16283	1	1	649	9	0	660
16284	1	1	8	649	0	659
16285	1	0	638	11	0	650
16286	1	2	658	1	0	662
16287	2	1	7	638	0	648
16288	1	0	630	10	0	641
16289	2	649	7	3	0	661
16290	1	6	2	646	0	655
16291	3	0	1	687	0	691
16292	0	2	681	6	0	689
16293	2	677	7	4	0	690
16294	680	8	0	3	0	691
16295	8	0	3	690	0	701
16296	679	2	1	8	0	690
16297	8	662	0	1	0	671
16298	1	8	676	2	0	687
16299	4	0	6	662	0	672
16300	649	2	2	7	0	660
16301	7	2	654	0	0	663
16302	627	0	5	8	0	640
16303	9	638	1	3	0	651
16304	2	646	4	1	0	653
16305	649	7	1	2	0	659
16306	11	1	1	643	0	656
16307	0	3	2	629	0	634
16308	4	647	0	7	0	658
16309	1	6	0	650	0	657
16310	0	1	3	655	0	659
16311	650	2	0	8	0	660
16312	9	1	2	648	0	660
16313	0	0	653	11	0	664
16314	4	1	6	649	0	660
16315	1	2	2	671	0	676
16316	1	3	657	8	0	669
16317	2	1	7	662	0	672
16318	650	1	0	12	0	663
16319	636	0	3	2	0	641
16320	630	2	1	4	0	637
16321	9	1	0	630	0	640
16322	1	1	622	8	0	632
16323	4	619	6	2	0	631
16324	1	6	0	618	0	625
16325	2	0	615	7	0	624
16326	2	2	6	610	0	620
16327	2	2	1	612	0	617
16328	592	0	2	7	0	601
16329	7	616	0	2	0	625
16330	0	6	588	3	0	597
16331	555	1	4	2	0	562
16332	7	570	0	2	0	579
16333	1	503	1	5	0	510
16334	532	4	4	1	0	541
16335	7	1	0	533	0	541
16336	1	1	557	6	0	565
16337	4	1	6	548	0	559
16338	1	553	0	6	0	560
16339	560	6	1	5	0	572
16340	7	1	1	569	0	578
16341	576	1	1	10	0	588
16342	9	0	1	584	0	594
16343	0	592	1	7	0	600
16344	597	6	1	2	0	606
16345	609	0	0	2	0	611
16346	5	605	0	2	0	612
16347	578	7	1	1	0	587
16348	8	0	1	571	0	580
16349	1	568	0	6	0	575
16350	564	6	2	1	0	573
16351	6	573	0	5	0	584
16352	549	10	1	1	0	561
16353	9	0	0	551	0	560
16354	557	3	1	8	0	569
16355	562	2	0	3	0	567
16356	572	2	0	3	0	577
16357	10	4	0	558	0	572
16358	7	0	0	577	0	584
16359	572	1	1	8	0	582
16360	7	3	600	2	0	612
16361	3	1	6	599	0	609
16362	5	610	0	8	0	623
16363	3	8	0	621	0	632
16364	4	1	1	629	0	635
16365	3	4	614	7	0	628
16366	5	2	7	655	0	669
16367	3	685	0	10	0	698
16368	4	7	1	698	0	710
16369	3	2	733	12	0	750
16370	8	1	7	727	0	743
16371	1	1	2	740	0	744
16372	724	1	2	12	0	739
16373	725	1	0	3	0	729
16374	13	2	2	723	0	740
16375	5	712	0	12	0	729
16376	2	715	2	4	0	723
16377	1	10	697	7	0	715
16378	5	6	9	698	0	718
16379	695	4	2	13	0	714
16380	9	1	3	691	0	704
16381	0	2	700	14	0	716
16382	3	1	7	706	0	717
16383	3	1	2	714	0	720
16384	2	0	1	725	0	728
16385	2	1	714	12	0	729
16386	2	715	8	5	0	730
16387	711	10	0	2	0	723
16388	701	0	4	3	0	708
16389	9	2	0	676	0	687
16390	2	4	670	9	0	685
16391	2	672	9	4	0	687
16392	2	9	2	657	0	670
16393	1	661	3	10	0	675
16394	1	686	0	5	0	692
16395	678	8	3	3	0	692
16396	9	2	677	6	0	694
16397	1	2	684	4	0	691
16398	6	1	7	675	0	689
16399	5	3	2	684	0	694
16400	6	1	690	10	0	707
16401	2	1	10	667	0	680
16402	4	4	673	10	0	691
16403	661	0	9	5	0	675
16404	11	3	3	671	0	688
16405	2	2	686	10	0	700
16406	5	2	8	664	0	679
16407	1	713	3	8	0	725
16408	716	8	3	6	0	733
16409	8	715	3	5	0	731
16410	721	11	2	5	0	739
16411	11	1	709	2	0	723
16412	710	4	8	5	0	727
16413	10	0	5	723	0	738
16414	2	2	723	10	0	737
16415	4	0	6	717	0	727
16416	4	1	713	10	0	728
16417	691	3	8	2	0	704
16418	11	727	1	4	0	743
16419	2	9	3	715	0	729
16420	3	735	2	10	0	750
16421	735	10	4	4	0	753
16422	746	1	2	6	0	755
16423	10	750	2	1	0	763
16424	3	7	1	757	0	768
16425	1	2	4	755	0	762
16426	3	3	4	752	0	762
16427	739	1	2	14	0	756
16428	8	737	4	8	0	757
16429	2	7	2	729	0	740
16430	2	1	4	729	0	736
16431	720	3	2	9	0	734
16432	9	1	711	6	0	727
16433	3	1	700	6	0	710
16434	662	1	6	4	0	673
16435	6	1	671	2	0	680
16436	1	2	640	0	0	643
16437	3	1	6	639	0	649
16438	647	0	2	6	0	655
16439	6	1	1	646	0	654
16440	1	0	635	9	0	645
16441	611	1	5	3	0	620
16442	7	1	614	2	0	624
16443	1	615	6	3	0	625
16444	6	9	2	624	0	641
16445	623	2	4	7	0	636
16446	6	1	2	626	0	635
16447	1	0	3	633	0	637
16448	646	0	2	7	0	655
16449	5	1	0	653	0	659
16450	0	0	3	674	0	677
16451	1	1	679	7	0	688
16452	1	0	4	669	0	674
16453	678	0	1	6	0	685
16454	675	1	1	5	0	682
16455	676	0	2	2	0	680
16456	7	0	1	670	0	678
16457	2	663	1	5	0	671
16458	668	5	0	1	0	674
16459	5	675	2	1	0	683
16460	656	4	0	2	0	662
16461	4	0	1	656	0	661
16462	634	0	2	6	0	642
16463	637	0	0	3	0	640
16464	640	0	1	1	0	642
16465	3	634	1	4	0	642
16466	0	597	1	5	0	603
16467	574	2	1	2	0	579
16468	4	573	0	0	0	577
16469	1	546	0	0	0	547
16470	1	540	0	0	0	541
16471	544	1	3	2	0	550
16472	0	1	0	544	0	545
16473	3	0	0	550	0	553
16474	558	2	0	5	0	565
16475	5	0	570	0	0	575
16476	0	1	1	663	0	665
16477	2	1	0	687	0	690
16478	3	1	0	751	0	755
16479	3	0	0	791	0	794
16480	1	763	0	17	0	781
16481	0	927	1	3	0	931
16482	937	20	0	0	0	957
16483	17	7	1	923	0	948
16484	7	3	0	946	0	956
16485	1	1	925	25	0	952
16486	3	0	19	935	0	957
16487	1	1	931	24	0	957
16488	1	1	20	950	0	972
16489	2	1	974	23	0	1000
16490	1	967	25	8	0	1001
16491	2	21	5	968	0	996
16492	967	6	1	26	0	1000
16493	975	2	1	8	0	986
16494	30	1	0	962	0	993
16495	6	1	959	23	0	989
16496	1	2	960	8	0	971
16497	929	0	28	6	0	963
16498	21	955	8	3	0	987
16499	965	22	2	7	0	996
16500	966	5	4	2	0	977
16501	28	2	961	4	0	995
16502	8	2	24	955	0	989
16503	2	2	7	977	0	988
16504	3	1	3	1015	0	1022
16505	4	1	0	1002	0	1007
16506	2	2	1	981	0	986
16507	5	2	941	29	0	977
16508	5	0	946	8	0	959
16509	3	1	30	936	0	970
16510	2	2	7	965	0	976
16511	7	1	5	961	0	974
16512	935	2	1	34	0	972
16513	29	2	2	935	0	968
16514	931	0	2	32	0	965
16515	30	0	3	951	0	984
16516	957	2	4	35	0	998
16517	991	0	1	12	0	1004
16518	965	0	3	8	0	976
16519	969	1	2	7	0	979
16520	968	1	2	7	0	978
16521	35	0	3	941	0	979
16522	939	0	3	33	0	975
16523	24	936	5	11	0	976
16524	946	27	1	10	0	984
16525	34	7	3	950	0	994
16526	12	3	944	32	0	991
16527	8	1	26	961	0	996
16528	6	1	959	34	0	1000
16529	9	0	28	962	0	999
16530	7	0	9	990	0	1006
16531	6	1	959	37	0	1003
16532	4	0	970	13	0	987
16533	7	0	32	964	0	1003
16534	961	3	12	32	0	1008
16535	32	2	952	14	0	1000
16536	10	989	30	7	0	1036
16537	6	27	1008	5	0	1046
16538	994	9	29	9	0	1041
16539	31	1	11	1001	0	1044
16540	1018	0	5	33	0	1056
16541	1029	1	3	17	0	1050
16542	40	0	4	1013	0	1057
16543	11	1	1002	33	0	1047
16544	8	1	32	985	0	1026
16545	6	1	12	1007	0	1026
16546	971	0	5	40	0	1016
16547	29	985	4	15	0	1033
16548	14	25	5	986	0	1030
16549	9	10	964	30	0	1013
16550	929	3	29	12	0	973
16551	32	937	9	10	0	988
16552	16	24	5	946	0	991
16553	10	7	3	963	0	983
16554	6	2	4	970	0	982
16555	928	3	6	41	0	978
16556	959	0	1	19	0	979
16557	36	0	6	949	0	991
16558	13	4	937	34	0	988
16559	8	953	27	14	0	1002
16560	952	25	9	7	0	993
16561	982	7	6	9	0	1004
16562	39	3	6	951	0	999
16563	19	3	3	993	0	1018
16564	8	2	968	37	0	1015
16565	5	963	26	16	0	1010
16566	981	27	8	14	0	1030
16567	995	7	4	6	0	1012
16568	36	957	4	7	0	1004
16569	958	25	3	5	0	991
16570	32	8	2	956	0	998
16571	11	2	954	29	0	996
16572	8	3	24	963	0	998
16573	5	2	951	30	0	988
16574	937	1	26	13	0	977
16575	28	918	10	9	0	965
16576	10	25	3	816	0	854
16577	5	5	803	23	0	836
16578	3	1	754	7	0	765
16579	700	3	20	5	0	728
16580	15	722	7	4	0	748
16581	587	10	6	4	0	607
16582	578	4	3	0	0	585
16583	582	2	0	3	0	587
16584	12	2	1	573	0	588
16585	5	1	565	9	0	580
16586	2	563	12	6	0	583
16587	6	10	5	563	0	584
16588	3	5	562	10	0	580
16589	3	4	541	4	0	552
16590	1	4	8	531	0	544
16591	1	0	525	9	0	535
16592	517	1	8	3	0	529
16593	10	1	4	524	0	539
16594	6	1	1	547	0	555
16595	535	1	0	8	0	544
16596	6	523	3	3	0	535
16597	548	3	0	5	0	556
16598	6	2	3	549	0	560
16599	5	1	0	556	0	562
16600	1	4	1	560	0	566
16601	2	0	2	538	0	542
16602	528	2	3	9	0	542
16603	6	0	528	8	0	542
16604	4	504	7	3	0	518
16605	3	5	4	515	0	527
16606	492	1	0	8	0	501
16607	513	2	1	6	0	522
16608	8	507	1	6	0	522
16609	501	3	1	4	0	509
16610	9	503	2	1	0	515
16611	6	512	0	3	0	521
16612	2	6	5	519	0	532
16613	1	5	526	4	0	536
16614	1	2	2	520	0	525
16615	505	1	4	5	0	515
16616	5	489	4	4	0	502
16617	4	2	2	488	0	496
16618	4	3	521	6	0	534
16619	535	1	3	5	0	544
16620	545	2	3	3	0	553
16621	551	2	2	5	0	560
16622	10	2	532	0	0	544
16623	510	1	2	2	0	515
16624	6	518	1	1	0	526
16625	2	3	2	506	0	513
16626	1	519	2	3	0	525
16627	530	2	2	1	0	535
16628	499	2	1	3	0	505
16629	4	2	533	1	0	540
16630	2	527	0	2	0	531
16631	2	2	1	530	0	535
16632	4	0	2	531	0	537
16633	1	2	2	521	0	526
16634	3	1	1	545	0	550
16635	2	1	1	554	0	558
16636	0	0	529	6	0	535
16637	2	516	4	3	0	525
16638	511	5	0	3	0	519
16639	5	0	515	2	0	522
16640	1	515	4	0	0	520
16641	516	4	0	1	0	521
16642	5	0	548	1	0	554
16643	531	2	8	0	0	541
16644	537	2	0	1	0	540
16645	546	0	2	4	0	552
16646	7	555	1	1	0	564
16647	4	4	542	2	0	552
16648	3	555	4	2	0	564
16649	4	6	2	478	0	490
16650	2	551	1	3	0	557
16651	553	8	0	3	0	564
16652	598	1	1	4	0	604
16653	587	3	1	2	0	593
16654	7	2	601	3	0	613
16655	6	630	6	0	0	642
16656	3	8	3	700	0	714
16657	765	2	2	12	0	781
16658	15	754	2	4	0	775
16659	6	12	1	741	0	760
16660	4	3	748	13	0	768
16661	743	4	13	5	0	765
16662	15	1	778	3	0	797
16663	4	1	794	2	0	801
16664	773	0	14	2	0	789
16665	15	2	774	3	0	794
16666	743	1	14	1	0	759
16667	14	745	6	0	0	765
16668	771	14	6	2	0	793
16669	22	4	3	773	0	802
16670	8	2	4	771	0	785
16671	9	1	1	778	0	789
16672	765	2	3	20	0	790
16673	776	0	3	6	0	785
16674	769	3	2	7	0	781
16675	22	759	1	8	0	790
16676	7	16	3	775	0	801
16677	13	5	757	15	0	790
16678	5	3	16	754	0	778
16679	6	748	8	17	0	779
16680	5	18	3	741	0	767
16681	8	3	3	756	0	770
16682	745	4	5	20	0	774
16683	20	3	0	755	0	778
16684	6	5	744	17	0	772
16685	5	0	744	14	0	763
16686	2	4	18	744	0	768
16687	741	1	6	20	0	768
16688	19	5	2	729	0	755
16689	8	0	5	752	0	765
16690	4	5	743	21	0	773
16691	7	730	12	11	0	760
16692	5	15	7	739	0	766
16693	731	3	4	21	0	759
16694	15	730	4	10	0	759
16695	7	15	3	743	0	768
16696	6	6	735	22	0	769
16697	6	3	18	725	0	752
16698	718	5	5	19	0	747
16699	14	693	9	11	0	727
16700	9	16	704	6	0	735
16701	7	4	19	702	0	732
16702	7	5	705	21	0	738
16703	691	2	18	10	0	721
16704	713	3	8	9	0	733
16705	20	3	701	6	0	730
16706	11	4	14	703	0	732
16707	5	5	713	17	0	740
16708	9	711	14	9	0	743
16709	8	14	12	713	0	747
16710	2	6	719	23	0	750
16711	10	5	17	696	0	728
16712	6	704	10	16	0	736
16713	6	18	5	707	0	736
16714	7	5	706	22	0	740
16715	696	5	19	10	0	730
16716	19	707	7	13	0	746
16717	719	15	7	6	0	747
16718	16	5	695	10	0	726
16719	672	5	14	7	0	698
16720	21	2	673	9	0	705
16721	666	10	17	3	0	696
16722	698	2	7	10	0	717
16723	16	4	12	684	0	716
16724	12	3	6	703	0	724
16725	692	6	8	21	0	727
16726	21	690	3	11	0	725
16727	695	14	6	8	0	723
16728	19	4	5	704	0	732
16729	7	686	5	19	0	717
16730	13	12	3	709	0	737
16731	8	6	3	724	0	741
16732	13	4	4	720	0	741
16733	3	701	4	27	0	735
16734	688	14	7	9	0	718
16735	19	8	3	696	0	726
16736	10	4	690	22	0	726
16737	6	1	674	14	0	695
16738	8	8	689	7	0	712
16739	678	6	15	14	0	713
16740	682	3	5	13	0	703
16741	17	2	670	10	0	699
16742	6	9	14	627	0	656
16743	9	2	6	644	0	661
16744	5	4	651	20	0	680
16745	3	3	648	10	0	664
16746	4	4	19	651	0	678
16747	652	1	8	18	0	679
16748	648	3	6	9	0	666
16749	645	2	5	7	0	659
16750	16	626	10	6	0	658
16751	8	638	6	13	0	665
16752	8	10	5	607	0	630
16753	608	3	5	9	0	625
16754	15	3	593	2	0	613
16755	550	1	7	11	0	569
16756	11	483	2	4	0	500
16757	2	426	2	6	0	436
16758	421	1	1	6	0	429
16759	3	418	4	4	0	429
16760	3	411	2	1	0	417
16761	405	8	11	4	0	428
16762	6	414	0	1	0	421
16763	0	4	1	399	0	404
16764	2	2	0	399	0	403
16765	401	1	2	2	0	406
16766	403	2	1	1	0	407
16767	4	410	1	2	0	417
16768	2	407	0	2	0	411
16769	1	3	398	0	0	402
16770	409	1	2	2	0	414
16771	429	1	0	1	0	431
16772	446	1	1	1	0	449
16773	3	1	1	448	0	453
16774	3	0	0	463	0	466
16775	476	0	0	2	0	478
16776	2	1	0	473	0	476
16777	1	1	486	2	0	490
16778	2	1	1	483	0	487
16779	1	490	0	2	0	493
16780	1	2	0	500	0	503
16781	2	0	0	504	0	506
16782	0	1	1	504	0	506
16783	498	0	0	4	0	502
16784	2	496	0	1	0	499
16785	0	1	0	507	0	508
16786	2	0	503	1	0	506
16787	0	2	487	1	0	490
16788	0	1	1	505	0	507
16789	1	0	0	493	0	494
16790	486	0	1	2	0	489
16791	1	0	0	482	0	483
16792	1	479	0	2	0	482
16793	1	2	491	0	0	494
16794	0	0	1	498	0	499
16795	0	1	498	1	0	500
16796	0	0	3	504	0	507
16797	506	0	0	3	0	509
16798	504	0	1	2	0	507
16799	2	501	0	2	0	505
16800	1	1	0	519	0	521
16801	526	1	0	4	0	531
16802	526	1	1	2	0	530
16803	531	0	0	3	0	534
16804	531	0	1	0	0	532
16805	527	0	0	2	0	529
16806	6	522	1	0	0	529
16807	508	4	0	5	0	517
16808	7	2	510	0	0	519
16809	0	1	4	515	0	520
16810	512	0	0	5	0	517
16811	517	0	1	1	0	519
16812	517	0	0	4	0	521
16813	8	2	508	0	0	518
16814	3	0	5	507	0	515
16815	507	1	1	8	0	517
16816	7	507	2	1	0	517
16817	526	5	1	4	0	536
16818	513	0	1	5	0	519
16819	520	1	1	1	0	523
16820	8	1	0	526	0	535
16821	533	2	0	8	0	543
16822	7	0	536	2	0	545
16823	1	0	539	6	0	546
16824	533	1	5	2	0	541
16825	7	1	536	2	0	546
16826	512	1	6	4	0	523
16827	7	1	528	2	0	538
16828	2	2	6	517	0	527
16829	509	2	1	6	0	518
16830	4	499	1	4	0	508
16831	504	4	1	6	0	515
16832	7	501	1	2	0	511
16833	2	530	0	2	0	534
16834	2	5	1	545	0	553
16835	5	2	1	543	0	551
16836	2	2	2	546	0	552
16837	0	1	554	7	0	562
16838	547	0	6	4	0	557
16839	573	0	0	4	0	577
16840	574	2	2	2	0	580
16841	585	1	0	5	0	591
16842	588	1	0	4	0	593
16843	11	0	553	2	0	566
16844	8	1	581	3	0	593
16845	4	2	5	594	0	605
16846	6	0	587	7	0	600
16847	610	3	4	0	0	617
16848	10	626	2	4	0	642
16849	2	6	3	665	0	676
16850	665	0	1	12	0	678
16851	12	2	1	667	0	682
16852	8	1	667	9	0	685
16853	7	0	672	4	0	683
16854	2	0	13	691	0	706
16855	3	0	699	10	0	712
16856	690	1	11	5	0	707
16857	11	2	1	699	0	713
16858	6	1	696	8	0	711
16859	5	699	8	6	0	718
16860	8	10	2	704	0	724
16861	2	6	706	11	0	725
16862	6	2	7	679	0	694
16863	5	0	6	697	0	708
16864	3	0	691	14	0	708
16865	5	0	10	693	0	708
16866	2	1	5	681	0	689
16867	4	1	4	690	0	699
16868	672	0	4	12	0	688
16869	12	670	3	5	0	690
16870	6	684	1	5	0	696
16871	5	11	660	0	0	676
16872	625	3	9	3	0	640
16873	10	1	633	2	0	646
16874	4	2	625	0	0	631
16875	3	1	10	599	0	613
16876	600	1	3	11	0	615
16877	8	605	2	3	0	618
16878	607	8	1	1	0	617
16879	603	3	0	2	0	608
16880	10	601	0	3	0	614
16881	605	8	1	1	0	615
16882	617	4	0	0	0	621
16883	12	619	0	0	0	631
16884	3	8	2	622	0	635
16885	2	4	1	640	0	647
16886	651	0	1	14	0	666
16887	10	660	2	3	0	675
16888	671	11	1	3	0	686
16889	676	4	1	3	0	684
16890	726	2	2	2	0	732
16891	16	0	0	721	0	737
16892	4	1	1	733	0	739
16893	728	0	1	14	0	743
16894	753	0	1	5	0	759
16895	756	0	1	3	0	760
16896	15	2	2	767	0	786
16897	4	0	776	13	0	793
16898	1	0	13	786	0	800
16899	1	1	6	854	0	862
16900	3	2	825	18	0	848
16901	1	1	910	9	0	921
16902	3	0	19	915	0	937
16903	1	2	916	17	0	936
16904	928	0	15	11	0	954
16905	16	1	11	943	0	971
16906	13	1	2	965	0	981
16907	971	2	1	25	0	999
16908	18	0	3	978	0	999
16909	12	0	0	983	0	995
16910	4	0	3	990	0	997
16911	4	0	3	989	0	996
16912	3	0	959	26	0	988
16913	4	1	14	981	0	1000
16914	1	3	972	20	0	996
16915	4	990	17	14	0	1025
16916	6	12	11	982	0	1011
16917	1	9	968	17	0	995
16918	937	3	15	14	0	969
16919	15	957	9	9	0	990
16920	957	14	5	3	0	979
16921	16	8	3	931	0	958
16922	10	928	2	16	0	956
16923	930	15	1	10	0	956
16924	14	939	2	7	0	962
16925	956	15	1	7	0	979
16926	16	11	0	945	0	972
16927	961	2	1	17	0	981
16928	17	969	3	11	0	1000
16929	980	14	0	9	0	1003
16930	18	9	963	1	0	991
16931	14	5	13	968	0	1000
16932	965	3	9	17	0	994
16933	972	1	4	17	0	994
16934	27	0	4	951	0	982
16935	11	4	956	17	0	988
16936	9	916	13	12	0	950
16937	3	945	12	6	0	966
16938	946	21	8	6	0	981
16939	14	9	1	948	0	972
16940	10	4	3	953	0	970
16941	942	2	2	24	0	970
16942	940	4	3	17	0	964
16943	25	0	931	9	0	965
16944	11	2	13	931	0	957
16945	10	1	913	17	0	941
16946	7	903	17	12	0	939
16947	867	13	9	15	0	904
16948	17	878	4	8	0	907
16949	9	883	2	7	0	901
16950	9	17	1	880	0	907
16951	866	7	4	12	0	889
16952	12	869	1	13	0	895
16953	857	13	7	6	0	883
16954	16	844	2	6	0	868
16955	8	12	2	844	0	866
16956	840	11	4	11	0	866
16957	14	4	850	10	0	878
16958	6	4	10	854	0	874
16959	8	3	847	11	0	869
16960	9	814	10	8	0	841
16961	5	853	6	5	0	869
16962	829	16	3	9	0	857
16963	13	842	4	3	0	862
16964	847	14	3	3	0	867
16965	850	9	0	5	0	864
16966	18	3	830	6	0	857
16967	840	4	12	8	0	864
16968	15	2	849	6	0	872
16969	10	838	13	3	0	864
16970	846	12	7	2	0	867
16971	13	842	5	6	0	866
16972	10	12	5	849	0	876
16973	846	7	3	15	0	871
16974	17	3	2	848	0	870
16975	8	6	848	13	0	875
16976	6	4	12	854	0	876
16977	3	3	8	848	0	862
16978	839	5	3	19	0	866
16979	16	4	837	10	0	867
16980	848	3	14	7	0	872
16981	875	2	5	10	0	892
16982	19	1	6	867	0	893
16983	15	3	3	860	0	881
16984	842	4	4	19	0	869
16985	18	849	0	11	0	878
16986	8	15	4	845	0	872
16987	6	5	827	15	0	853
16988	9	6	799	4	0	818
16989	5	836	14	4	0	859
16990	2	11	8	797	0	818
16991	4	6	5	800	0	815
16992	789	3	2	19	0	813
16993	14	3	1	781	0	799
16994	748	3	2	15	0	768
16995	11	737	4	8	0	760
16996	8	716	1	3	0	728
16997	3	737	0	5	0	745
16998	721	15	1	3	0	740
16999	662	4	1	2	0	669
17000	12	645	2	5	0	664
17001	561	4	4	2	0	571
17002	5	559	1	0	0	565
17003	3	3	0	558	0	564
17004	0	556	0	4	0	560
17005	547	3	1	2	0	553
17006	537	2	0	1	0	540
17007	3	1	0	523	0	527
17008	518	1	0	4	0	523
17009	5	0	1	515	0	521
17010	1	521	1	4	0	527
17011	3	3	0	525	0	531
17012	2	519	1	4	0	526
17013	510	4	0	1	0	515
17014	5	1	497	1	0	504
17015	467	1	4	1	0	473
17016	3	3	1	483	0	490
17017	3	0	484	4	0	491
17018	473	1	4	0	0	478
17019	4	1	502	1	0	508
17020	1	0	4	517	0	522
17021	2	1	2	524	0	529
17022	1	2	0	518	0	521
17023	2	1	1	525	0	529
17024	1	515	1	5	0	522
17025	1	4	0	564	0	569
17026	572	0	1	9	0	582
17027	6	1	563	1	0	571
17028	0	606	6	0	0	612
17029	619	8	0	2	0	629
17030	671	2	0	2	0	675
17031	12	1	1	736	0	750
17032	3	2	731	13	0	749
17033	4	1	13	721	0	739
17034	5	0	2	752	0	759
17035	0	2	730	17	0	749
17036	3	755	14	3	0	775
17037	764	15	5	3	0	787
17038	766	5	1	7	0	779
17039	774	1	4	3	0	782
17040	23	1	3	765	0	792
17041	5	0	0	805	0	810
17042	798	0	3	24	0	825
17043	22	3	3	782	0	810
17044	8	784	0	24	0	816
17045	835	16	2	7	0	860
17046	845	5	1	1	0	852
17047	880	1	1	5	0	887
17048	882	2	0	7	0	891
17049	30	1	823	4	0	858
17050	12	1	832	5	0	850
17051	7	2	19	838	0	866
17052	9	3	7	848	0	867
17053	8	0	833	25	0	866
17054	6	3	832	10	0	851
17055	10	1	22	836	0	869
17056	845	0	8	22	0	875
17057	22	2	9	821	0	854
17058	8	1	819	23	0	851
17059	6	838	18	11	0	873
17060	855	19	10	6	0	890
17061	874	5	10	7	0	896
17062	877	2	7	8	0	894
17063	886	2	3	6	0	897
17064	33	0	845	6	0	884
17065	9	0	26	860	0	895
17066	858	3	7	27	0	895
17067	30	3	5	860	0	898
17068	14	1	5	849	0	869
17069	11	831	3	30	0	875
17070	14	22	1	838	0	875
17071	844	5	3	28	0	880
17072	31	835	5	9	0	880
17073	844	23	1	10	0	878
17074	34	830	6	8	0	878
17075	11	19	5	826	0	861
17076	8	797	3	28	0	836
17077	8	843	5	14	0	870
17078	832	25	1	13	0	871
17079	25	11	815	6	0	857
17080	13	9	801	4	0	827
17081	13	5	784	10	0	812
17082	749	6	22	10	0	787
17083	19	765	9	14	0	807
17084	10	797	13	4	0	824
17085	759	27	1	11	0	798
17086	28	750	4	6	0	788
17087	13	778	10	4	0	805
17088	14	26	10	767	0	817
17089	15	8	763	19	0	805
17090	13	7	785	8	0	813
17091	11	8	26	783	0	828
17092	781	3	12	29	0	825
17093	25	791	6	16	0	838
17094	6	26	5	808	0	845
17095	11	14	795	27	0	847
17096	14	9	787	12	0	822
17097	11	6	28	777	0	822
17098	784	6	10	29	0	829
17099	803	5	8	12	0	828
17100	32	9	779	9	0	829
17101	776	7	25	15	0	823
17102	30	2	781	12	0	825
17103	10	6	33	765	0	814
17104	11	775	12	29	0	827
17105	805	19	13	15	0	852
17106	30	7	12	818	0	867
17107	11	10	11	819	0	851
17108	23	3	4	851	0	881
17109	16	3	7	850	0	876
17110	7	5	823	37	0	872
17111	11	814	23	14	0	862
17112	19	25	8	828	0	880
17113	832	9	8	26	0	875
17114	27	9	5	831	0	872
17115	21	4	6	848	0	879
17116	11	5	820	35	0	871
17117	8	5	785	24	0	822
17118	9	792	28	16	0	845
17119	4	818	9	19	0	850
17120	9	20	11	807	0	847
17121	785	9	14	33	0	841
17122	23	10	785	20	0	838
17123	17	792	23	12	0	844
17124	16	23	10	778	0	827
17125	9	774	7	26	0	816
17126	8	26	8	742	0	784
17127	7	753	5	25	0	790
17128	13	15	6	699	0	733
17129	684	9	5	20	0	718
17130	17	626	5	6	0	654
17131	11	10	3	554	0	578
17132	543	3	2	15	0	563
17133	11	541	3	8	0	563
17134	5	523	1	7	0	536
17135	3	535	3	7	0	548
17136	4	7	7	514	0	532
17137	5	6	2	512	0	525
17138	2	509	0	13	0	524
17139	5	6	0	523	0	534
17140	6	0	506	11	0	523
17141	0	509	6	2	0	517
17142	2	18	1	477	0	498
17143	2	492	2	7	0	503
17144	2	4	476	3	0	485
17145	1	469	4	4	0	478
17146	431	9	1	1	0	442
17147	5	0	1	432	0	438
17148	429	0	2	5	0	436
17149	3	0	427	1	0	431
17150	0	2	3	427	0	432
17151	1	0	426	4	0	431
17152	1	0	3	430	0	434
17153	435	0	0	5	0	440
17154	4	1	0	435	0	440
17155	437	0	0	8	0	445
17156	3	451	1	0	0	455
17157	454	4	0	0	0	458
17158	3	1	479	1	0	484
17159	1	477	0	1	0	479
17160	1	0	0	483	0	484
17161	0	1	0	475	0	476
17162	0	1	475	1	0	477
17163	1	476	1	0	0	478
17164	0	1	0	475	0	476
17165	0	478	0	0	0	478
17166	0	1	0	475	0	476
17167	1	475	1	1	0	478
17168	471	0	1	1	0	473
17169	0	2	0	471	0	473
17170	0	0	470	2	0	472
17171	0	466	0	0	0	466
17172	0	469	0	1	0	470
17173	0	1	476	0	0	477
17174	0	477	0	1	0	478
17175	1	0	0	475	0	476
17176	0	0	485	0	0	485
17177	0	0	0	476	0	476
17178	1	0	0	485	0	486
17179	1	1	481	0	0	483
17180	464	0	0	2	0	466
17181	0	0	0	491	0	491
17182	0	0	530	0	0	530
17183	0	521	0	0	0	521
17184	530	0	0	0	0	530
17185	0	527	0	0	0	527
17186	0	0	0	534	0	534
17187	528	0	0	1	0	529
17188	0	0	0	531	0	531
17189	0	0	535	0	0	535
17190	1	0	0	534	0	535
17191	0	0	536	0	0	536
17192	520	0	0	1	0	521
17193	0	0	532	0	0	532
17194	531	0	1	1	0	533
17195	543	0	0	2	0	545
17196	0	0	548	0	0	548
17197	0	0	532	0	0	532
17198	0	557	1	0	0	558
17199	562	1	0	2	0	565
17200	1	1	0	575	0	577
17201	0	0	0	570	0	570
17202	608	1	1	4	0	614
17203	610	1	0	3	0	614
17204	608	1	0	2	0	611
17205	605	1	0	3	0	609
17206	2	0	1	587	0	590
17207	590	1	0	3	0	594
17208	3	0	0	594	0	597
17209	0	0	0	594	0	594
17210	1	0	1	597	0	599
17211	0	1	590	2	0	593
17212	1	581	2	1	0	585
17213	0	585	0	1	0	586
17214	1	3	0	595	0	599
17215	596	0	1	3	0	600
17216	1	0	0	592	0	593
17217	588	0	1	4	0	593
17218	2	1	605	1	0	609
17219	594	0	1	2	0	597
17220	2	0	0	610	0	612
17221	614	1	0	5	0	620
17222	613	1	0	3	0	617
17223	602	0	0	3	0	605
17224	1	0	2	599	0	602
17225	0	2	592	2	0	596
17226	0	0	2	599	0	601
17227	605	1	0	3	0	609
17228	2	0	669	1	0	672
17229	0	1	2	724	0	727
17230	740	0	0	5	0	745
17231	2	1	741	2	0	746
17232	784	0	3	2	0	789
17233	800	0	0	3	0	803
17234	5	3	0	808	0	816
17235	0	0	1	814	0	815
17236	806	1	1	6	0	814
17237	3	0	0	829	0	832
17238	825	0	0	4	0	829
17239	3	839	0	1	0	843
17240	1	855	0	0	0	856
17241	0	4	0	852	0	856
17242	0	1	872	4	0	877
17243	0	860	6	1	0	867
17244	847	6	1	3	0	857
17245	6	838	0	0	0	844
17246	1	6	836	0	0	843
17247	1	1	6	843	0	851
17248	0	0	854	6	0	860
17249	1	881	5	1	0	888
17250	0	6	2	882	0	890
17251	1	892	0	5	0	898
17252	1	7	880	1	0	889
17253	0	1	6	869	0	876
17254	0	0	884	7	0	891
17255	1	0	5	882	0	888
17256	865	0	2	9	0	876
17257	7	1	849	1	0	858
17258	815	1	6	1	0	823
17259	6	1	815	0	0	822
17260	1	1	5	808	0	815
17261	0	0	873	6	0	879
17262	1	2	6	877	0	886
17263	1	0	2	882	0	885
17264	1	1	0	874	0	876
17265	0	0	2	890	0	892
17266	0	1	941	8	0	950
17267	945	0	7	4	0	956
17268	7	2	1	1001	0	1011
17269	1040	1	1	6	0	1048
17270	1064	2	0	3	0	1069
17271	1074	1	2	2	0	1079
17272	8	0	1	1087	0	1096
17273	4	0	1	1106	0	1111
17274	3	1213	3	11	0	1230
17275	1345	11	0	3	0	1359
17276	1404	3	3	3	0	1413
17277	1409	2	0	5	0	1416
17278	19	2	1427	2	0	1450
17279	9	2	14	1435	0	1460
17280	6	1	1428	14	0	1449
17281	1406	2	15	7	0	1430
17282	1412	1	6	11	0	1430
17283	19	0	4	1399	0	1422
17284	12	0	3	1365	0	1380
17285	4	1426	3	20	0	1453
17286	1431	14	3	6	0	1454
17287	1429	3	1	7	0	1440
17288	22	1404	2	4	0	1432
17289	1423	15	2	7	0	1447
17290	20	5	0	1426	0	1451
17291	6	5	2	1448	0	1461
17292	1441	2	0	25	0	1468
17293	18	3	1433	6	0	1460
17294	1403	2	14	9	0	1428
17295	1435	0	7	8	0	1450
17296	18	1412	3	6	0	1439
17297	1427	13	3	6	0	1449
17298	19	4	1419	3	0	1445
17299	7	2	16	1423	0	1448
17300	1418	1	5	15	0	1439
17301	19	1	2	1419	0	1441
17302	4	5	1350	21	0	1380
17303	6	0	12	1356	0	1374
17304	4	1427	6	14	0	1451
17305	5	17	2	1458	0	1482
17306	7	4	1	1488	0	1500
17307	2	3	2	1475	0	1482
17308	5	2	4	1480	0	1491
17309	3	2	1461	21	0	1487
17310	4	3	12	1470	0	1489
17311	1471	1	3	22	0	1497
17312	14	1459	4	8	0	1485
17313	4	14	2	1485	0	1505
17314	7	4	1479	17	0	1507
17315	3	4	17	1486	0	1510
17316	1498	2	3	22	0	1525
17317	1503	2	5	5	0	1515
17318	1484	4	2	8	0	1498
17319	20	1	9	1485	0	1515
17320	11	2	1459	17	0	1489
17321	8	1453	14	11	0	1486
17322	1477	13	4	10	0	1504
17323	20	4	4	1469	0	1497
17324	11	6	2	1486	0	1505
17325	11	2	1470	19	0	1502
17326	8	1434	16	7	0	1465
17327	2	1483	7	8	0	1500
17328	7	22	4	1388	0	1421
17329	3	8	1348	18	0	1377
17330	1293	3	13	15	0	1324
17331	18	4	1260	6	0	1288
17332	1248	4	16	8	0	1276
17333	18	1323	6	6	0	1353
17334	9	14	1307	5	0	1335
17335	1286	5	13	4	0	1308
17336	22	1287	4	5	0	1318
17337	1310	13	6	2	0	1331
17338	18	4	1319	4	0	1345
17339	7	1309	14	4	0	1334
17340	1323	12	6	8	0	1349
17341	17	3	1303	1	0	1324
17342	1284	3	11	6	0	1304
17343	15	3	5	1287	0	1310
17344	1298	1	4	13	0	1316
17345	12	4	1	1300	0	1317
17346	1299	1	2	17	0	1319
17347	12	0	1318	6	0	1336
17348	8	1	9	1316	0	1334
17349	6	0	3	1293	0	1302
17350	5	0	1290	17	0	1312
17351	3	3	12	1304	0	1322
17352	5	1093	5	17	0	1120
17353	3	9	6	1410	0	1428
17354	3	3	1	1519	0	1526
17355	5	3	1	1646	0	1655
17356	4	3	1624	28	0	1659
17357	1592	0	16	15	0	1623
17358	18	3	8	1686	0	1715
17359	8	1	1714	23	0	1746
17360	1707	2	20	13	0	1742
17361	1703	2	6	8	0	1719
17362	1736	2	6	7	0	1751
17363	33	0	3	1725	0	1761
17364	14	3	5	1891	0	1913
17365	10	2	1	1852	0	1865
17366	13	1832	3	32	0	1880
17367	1803	24	0	23	0	1850
17368	1789	9	6	12	0	1816
17369	42	7	3	1753	0	1805
17370	20	6	1704	30	0	1760
17371	11	4	1718	11	0	1744
17372	5	1661	31	6	0	1703
17373	6	1666	13	43	0	1728
17374	1551	37	13	7	0	1608
17375	21	1491	2	3	0	1517
17376	1466	21	2	6	0	1495
17377	1468	7	0	6	0	1481
17378	1469	3	2	2	0	1476
17379	29	3	0	1483	0	1515
17380	14	0	1	1564	0	1579
17381	1598	0	2	35	0	1635
17382	29	1	1	1625	0	1656
17383	10	4	1616	27	0	1657
17384	1641	2	23	10	0	1676
17385	25	3	5	1637	0	1670
17386	12	2	3	1653	0	1670
17387	7	2	5	1671	0	1685
17388	6	3	1625	35	0	1669
17389	1564	2	23	15	0	1604
17390	27	1	1606	7	0	1641
17391	16	1	24	1594	0	1635
17392	6	4	1622	29	0	1661
17393	8	0	32	1601	0	1641
17394	10	0	7	1634	0	1651
17395	5	1	1654	34	0	1694
17396	9	2	27	1563	0	1601
17397	2	1661	8	27	0	1698
17398	1671	24	4	13	0	1712
17399	1698	7	1	14	0	1720
17400	32	5	6	1684	0	1727
17401	16	4	1683	26	0	1729
17402	13	1627	29	10	0	1679
17403	5	1699	9	9	0	1722
17404	1607	28	11	14	0	1660
17405	27	8	1591	5	0	1631
17406	1574	9	26	6	0	1615
17407	34	5	10	1575	0	1624
17408	18	4	6	1600	0	1628
17409	1553	5	3	38	0	1599
17410	30	1566	2	17	0	1615
17411	18	23	1569	11	0	1621
17412	15	8	24	1570	0	1617
17413	4	4	1603	38	0	1649
17414	6	1594	31	12	0	1643
17415	11	29	8	1606	0	1654
17416	1600	10	7	34	0	1651
17417	1611	3	8	20	0	1642
17418	37	3	1601	9	0	1650
17419	17	1594	27	11	0	1649
17420	1594	25	9	17	0	1645
17421	33	1601	11	10	0	1655
17422	13	28	7	1599	0	1647
17423	1596	12	11	29	0	1648
17424	36	5	4	1607	0	1652
17425	13	2	1565	43	0	1623
17426	9	4	33	1599	0	1645
17427	7	8	1575	38	0	1628
17428	9	5	31	1581	0	1626
17429	1611	2	11	40	0	1664
17430	38	1612	14	17	0	1681
17431	1617	35	9	17	0	1678
17432	34	13	8	1614	0	1669
17433	22	8	4	1621	0	1655
17434	11	11	1419	45	0	1486
17435	11	4	1610	18	0	1643
17436	5	1629	43	9	0	1686
17437	9	37	1605	10	0	1661
17438	1538	13	37	14	0	1602
17439	40	1571	16	13	0	1640
17440	15	1593	11	14	0	1633
17441	10	1623	8	18	0	1659
17442	14	43	6	1592	0	1655
17443	13	19	1605	39	0	1676
17444	11	1620	40	18	0	1689
17445	7	37	15	1536	0	1595
17446	11	1626	9	39	0	1685
17447	1600	37	9	19	0	1665
17448	1632	13	7	17	0	1669
17449	44	11	9	1601	0	1665
17450	23	9	7	1608	0	1647
17451	1556	3	8	43	0	1610
17452	40	1499	5	17	0	1561
17453	9	1501	8	20	0	1538
17454	15	45	9	1346	0	1415
17455	9	9	1265	34	0	1317
17456	5	1263	31	8	0	1307
17457	1226	25	8	13	0	1272
17458	21	1180	11	17	0	1229
17459	9	1189	4	10	0	1212
17460	1153	21	7	8	0	1189
17461	24	1177	3	10	0	1214
17462	10	21	1142	7	0	1180
17463	9	1131	20	9	0	1169
17464	989	16	5	8	0	1018
17465	14	978	4	5	0	1001
17466	981	14	8	3	0	1006
17467	18	5	3	978	0	1004
17468	4	2	4	1007	0	1017
17469	7	7	988	14	0	1016
17470	4	994	11	5	0	1014
17471	6	17	2	997	0	1022
17472	992	6	3	17	0	1018
17473	986	3	3	6	0	998
17474	12	980	1	6	0	999
17475	6	13	3	976	0	998
17476	962	2	1	18	0	983
17477	966	2	5	6	0	979
17478	16	5	922	4	0	947
17479	3	3	882	7	0	895
17480	2	3	850	1	0	856
17481	1	807	7	3	0	818
17482	770	8	3	1	0	782
17483	8	758	1	3	0	770
17484	768	8	4	1	0	781
17485	7	798	0	3	0	808
17486	3	7	1	820	0	831
17487	822	1	0	10	0	833
17488	7	0	824	0	0	831
17489	815	1	6	5	0	827
17490	831	0	1	5	0	837
17491	8	828	1	0	0	837
17492	2	834	0	0	0	836
17493	859	7	3	1	0	870
17494	8	1	882	1	0	892
17495	833	8	9	2	0	852
17496	842	2	1	0	0	845
17497	7	1	2	829	0	839
17498	843	1	2	8	0	854
17499	8	0	2	850	0	860
17500	1	4	1	871	0	877
17501	4	2	0	845	0	851
17502	2	848	0	5	0	855
17503	853	8	0	2	0	863
17504	866	1	0	1	0	868
17505	7	1	1	856	0	865
17506	4	0	0	855	0	859
17507	3	846	3	6	0	858
17508	852	8	2	0	0	862
17509	9	2	847	0	0	858
17510	2	2	6	854	0	864
17511	2	2	843	6	0	853
17512	3	3	5	842	0	853
17513	4	0	825	7	0	836
17514	2	2	7	811	0	822
17515	823	2	0	9	0	834
17516	10	0	830	2	0	842
17517	816	0	7	4	0	827
17518	8	843	1	2	0	854
17519	1	10	0	865	0	876
17520	3	3	0	878	0	884
17521	897	1	0	8	0	906
17522	10	1	1	926	0	938
17523	3	0	957	8	0	968
17524	954	1	8	7	0	970
17525	989	0	1	4	0	994
17526	987	1	2	3	0	993
17527	984	2	0	3	0	989
17528	7	962	3	2	0	974
17529	1	4	2	949	0	956
17530	943	0	2	7	0	952
17531	9	2	1	937	0	949
17532	929	0	0	6	0	935
17533	5	0	918	2	0	925
17534	3	0	883	2	0	888
17535	5	3	4	866	0	878
17536	0	878	2	5	0	885
17537	2	912	1	3	0	918
17538	901	5	0	3	0	909
17539	5	0	900	3	0	908
17540	850	0	5	3	0	858
17541	6	886	0	2	0	894
17542	883	4	1	6	0	894
17543	3	2	1	875	0	881
17544	4	0	887	4	0	895
17545	3	1	6	874	0	884
17546	3	0	2	878	0	883
17547	3	875	2	4	0	884
17548	0	907	1	5	0	913
17549	2	3	1	899	0	905
17550	2	904	1	9	0	916
17551	2	3	904	2	0	911
17552	1	1	885	2	0	889
17553	847	1	4	4	0	856
17554	893	3	1	1	0	898
17555	7	873	0	1	0	881
17556	3	4	1	875	0	883
17557	2	2	1	872	0	877
17558	1	3	872	6	0	882
17559	4	0	5	834	0	843
17560	2	856	2	5	0	865
17561	2	7	831	1	0	841
17562	2	0	821	2	0	825
17563	1	782	4	4	0	791
17564	0	5	819	1	0	825
17565	1	1	4	817	0	823
17566	3	2	1	755	0	761
17567	2	2	844	4	0	852
17568	2	2	5	832	0	841
17569	2	818	2	7	0	829
17570	1	852	1	4	0	858
17571	2	5	1	842	0	850
17572	1	2	847	7	0	857
17573	1	872	5	2	0	880
17574	2	4	2	870	0	878
17575	2	2	861	3	0	868
17576	835	1	3	0	0	839
17577	860	0	1	2	0	863
17578	858	0	0	5	0	863
17579	4	1	0	838	0	843
17580	0	1	2	855	0	858
17581	1	0	884	7	0	892
17582	1	0	4	875	0	880
17583	3	2	0	885	0	890
17584	0	0	876	6	0	882
17585	768	0	6	1	0	775
17586	5	809	1	2	0	817
17587	808	4	1	2	0	815
17588	5	809	2	1	0	817
17589	1	5	0	813	0	819
17590	1	1	813	5	0	820
17591	3	0	4	794	0	801
17592	0	1	805	5	0	811
17593	700	1	3	2	0	706
17594	3	0	749	1	0	753
17595	2	0	3	737	0	742
17596	0	4	753	2	0	759
17597	2	780	3	2	0	787
17598	1	3	2	816	0	822
17599	3	0	0	826	0	829
17600	1	0	2	865	0	868
17601	1	0	860	4	0	865
17602	0	2	880	1	0	883
17603	2	1	4	899	0	906
17604	1	0	3	1078	0	1082
17605	1	0	1	1141	0	1143
17606	1155	1	2	18	0	1176
17607	13	1	2	1195	0	1211
17608	9	1	1247	16	0	1273
17609	1272	2	13	11	0	1298
17610	23	0	7	1314	0	1344
17611	1367	1	7	22	0	1397
17612	1412	1	2	10	0	1425
17613	28	0	2	1416	0	1446
17614	1423	0	3	23	0	1449
17615	1420	0	1	16	0	1437
17616	31	0	1411	3	0	1445
17617	12	1430	20	3	0	1465
17618	9	18	8	1401	0	1436
17619	8	8	2	1435	0	1453
17620	1426	3	2	28	0	1459
17621	1412	2	1	15	0	1430
17622	1386	1	3	12	0	1402
17623	30	0	1300	5	0	1335
17624	15	1297	20	6	0	1338
17625	1307	20	11	6	0	1344
17626	23	1317	3	3	0	1346
17627	1324	21	3	7	0	1355
17628	22	10	3	1322	0	1357
17629	1323	3	3	25	0	1354
17630	1317	4	0	22	0	1343
17631	1333	1	3	6	0	1343
17632	34	3	1330	6	0	1373
17633	1335	1	17	12	0	1365
17634	26	1352	10	3	0	1391
17635	1396	20	4	5	0	1425
17636	1420	9	3	8	0	1440
17637	1447	2	0	7	0	1456
17638	37	1	3	1386	0	1427
17639	18	1415	3	23	0	1459
17640	1421	21	6	9	0	1457
17641	28	11	1431	3	0	1473
17642	17	1443	19	6	0	1485
17643	11	25	9	1366	0	1411
17644	11	1433	3	18	0	1465
17645	1435	21	2	9	0	1467
17646	1471	11	3	8	0	1493
17647	33	6	3	1458	0	1500
17648	21	4	1431	21	0	1477
17649	9	1446	22	11	0	1488
17650	17	24	9	1237	0	1287
17651	10	9	5	1493	0	1517
17652	13	7	5	1527	0	1552
17653	1521	3	2	36	0	1562
17654	1535	7	2	16	0	1560
17655	1540	3	3	12	0	1558
17656	1553	4	6	10	0	1573
17657	45	8	1	1519	0	1573
17658	18	2	1551	28	0	1599
17659	17	6	22	1569	0	1614
17660	13	2	12	1575	0	1602
17661	16	2	4	1589	0	1611
17662	15	6	4	1595	0	1620
17663	1565	3	3	41	0	1612
17664	31	4	4	1576	0	1615
17665	1577	5	1	32	0	1615
17666	1582	4	4	23	0	1613
17667	41	3	1529	12	0	1585
17668	26	3	1490	13	0	1532
17669	15	2	1525	10	0	1552
17670	19	4	29	1506	0	1558
17671	14	1	1525	27	0	1567
17672	11	3	24	1521	0	1559
17673	16	2	17	1513	0	1548
17674	1525	5	8	36	0	1574
17675	29	2	6	1513	0	1550
17676	19	1544	6	30	0	1599
17677	1579	20	6	22	0	1627
17678	32	1588	7	13	0	1640
17679	17	27	1591	13	0	1648
17680	12	1609	23	10	0	1654
17681	1573	21	12	13	0	1619
17682	30	16	7	1569	0	1622
17683	21	5	1557	30	0	1613
17684	1556	10	22	19	0	1607
17685	37	3	14	1570	0	1624
17686	20	4	1580	28	0	1632
17687	14	4	25	1591	0	1634
17688	11	4	16	1606	0	1637
17689	16	6	6	1601	0	1629
17690	8	1584	7	41	0	1640
17691	1605	23	8	24	0	1660
17692	31	13	4	1593	0	1641
17693	20	1602	2	32	0	1656
17694	11	24	7	1604	0	1646
17695	13	15	1586	31	0	1645
17696	9	1599	23	23	0	1654
17697	1578	28	12	16	0	1634
17698	1579	15	5	12	0	1611
17699	38	8	4	1541	0	1591
17700	21	5	4	1551	0	1581
17701	1533	8	3	37	0	1581
17702	1491	5	2	23	0	1521
17703	40	1476	8	12	0	1536
17704	1298	14	3	12	0	1327
17705	22	5	1243	6	0	1276
17706	10	6	1225	6	0	1247
17707	7	1204	16	8	0	1235
17708	4	1197	6	7	0	1214
17709	1123	10	21	10	0	1164
17710	15	1121	3	4	0	1143
17711	1092	12	4	5	0	1113
17712	1074	3	0	4	0	1081
17713	1059	3	1	6	0	1069
17714	12	3	3	1048	0	1066
17715	1057	2	4	8	0	1071
17716	12	3	1019	4	0	1038
17717	5	1	1024	6	0	1036
17718	4	1018	9	6	0	1037
17719	4	8	1036	5	0	1053
17720	6	4	8	1018	0	1036
17721	8	2	1026	7	0	1043
17722	5	3	1019	4	0	1031
17723	8	2	8	1023	0	1041
17724	1036	1	5	8	0	1050
17725	1038	2	6	5	0	1051
17726	8	2	1041	5	0	1056
17727	1040	4	9	3	0	1056
17728	12	2	1056	2	0	1072
17729	1047	3	11	4	0	1065
17730	1082	3	5	5	0	1095
17731	14	2	3	1073	0	1092
17732	8	3	1	1033	0	1045
17733	6	1005	3	9	0	1023
17734	4	1044	3	8	0	1059
17735	4	8	2	1015	0	1029
17736	7	5	4	1006	0	1022
17737	972	5	3	8	0	988
17738	9	966	3	7	0	985
17739	971	5	2	7	0	985
17740	7	976	4	3	0	990
17741	7	7	965	2	0	981
17742	7	4	5	962	0	978
17743	971	3	5	10	0	989
17744	1050	0	1	6	0	1057
17745	15	1063	2	2	0	1082
17746	4	1120	2	4	0	1130
17747	3	1123	1	4	0	1131
17748	6	17	1	1161	0	1185
17749	7	6	1156	10	0	1179
17750	2	1142	13	6	0	1163
17751	6	14	6	1138	0	1164
17752	4	4	2	1151	0	1161
17753	2	3	1133	15	0	1153
17754	3	1	1131	6	0	1141
17755	1111	1	15	4	0	1131
17756	14	4	1162	0	0	1180
17757	1148	1	14	6	0	1169
17758	1118	3	4	5	0	1130
17759	1128	1	3	6	0	1138
17760	1119	0	2	2	0	1123
17761	19	4	1098	0	0	1121
17762	5	1108	12	1	0	1126
17763	6	13	3	1098	0	1120
17764	1	5	1107	14	0	1127
17765	3	3	16	1104	0	1126
17766	3	1024	7	15	0	1049
17767	5	14	3	1137	0	1159
17768	3	4	2	1146	0	1155
17769	4	1	3	1133	0	1141
17770	1136	1	5	15	0	1157
17771	14	2	2	1134	0	1152
17772	6	2	1	1129	0	1138
17773	7	1	4	1115	0	1127
17774	4	1074	4	16	0	1098
17775	1072	12	3	7	0	1094
17776	14	1036	3	2	0	1055
17777	4	1053	1	9	0	1067
17778	4	17	2	1072	0	1095
17779	1	5	3	1074	0	1083
17780	1062	2	6	19	0	1089
17781	15	4	4	1079	0	1102
17782	1098	4	2	18	0	1122
17783	1338	1	1	8	0	1348
17784	31	1	3	1323	0	1358
17785	13	1	3	1330	0	1347
17786	7	1335	3	28	0	1373
17787	1368	27	3	10	0	1408
17788	30	1406	2	6	0	1444
17789	1404	31	2	5	0	1442
17790	34	6	1389	5	0	1434
17791	1395	4	27	4	0	1430
17792	1462	6	8	1	0	1477
17793	36	6	4	1415	0	1461
17794	9	6	1414	34	0	1463
17795	6	1423	30	10	0	1469
17796	8	29	8	1442	0	1487
17797	5	8	1434	31	0	1478
17798	8	7	29	1404	0	1448
17799	1403	2	7	38	0	1450
17800	32	3	1383	12	0	1430
17801	11	1375	30	6	0	1422
17802	7	1416	7	6	0	1436
17803	7	37	3	1297	0	1344
17804	6	1405	1	31	0	1443
17805	1399	38	7	8	0	1452
17806	1420	7	4	6	0	1437
17807	1416	6	2	7	0	1431
17808	43	5	1346	3	0	1397
17809	1356	3	33	7	0	1399
17810	35	5	7	1350	0	1397
17811	14	4	3	1356	0	1377
17812	8	3	3	1372	0	1386
17813	8	3	4	1366	0	1381
17814	10	3	1336	37	0	1386
17815	5	0	1336	16	0	1357
17816	4	2	1337	9	0	1352
17817	1278	4	34	7	0	1323
17818	34	1297	7	7	0	1345
17819	8	33	4	1290	0	1335
17820	1291	12	3	33	0	1339
17821	33	1290	7	12	0	1342
17822	15	1320	3	8	0	1346
17823	1306	37	3	7	0	1353
17824	1329	6	3	10	0	1348
17825	35	1330	6	7	0	1378
17826	18	32	2	1280	0	1332
17827	5	1325	3	38	0	1371
17828	1313	33	4	11	0	1361
17829	1332	8	2	12	0	1354
17830	1317	5	3	10	0	1335
17831	40	1279	7	5	0	1331
17832	15	33	3	1303	0	1354
17833	9	10	1294	33	0	1346
17834	8	5	32	1277	0	1322
17835	10	6	5	1304	0	1325
17836	9	5	1271	38	0	1323
17837	1260	4	32	9	0	1305
17838	37	4	7	1276	0	1324
17839	12	6	5	1283	0	1306
17840	7	1264	5	37	0	1313
17841	1247	31	4	14	0	1296
17842	37	16	4	1212	0	1269
17843	12	1217	1	34	0	1264
17844	1143	29	1	10	0	1183
17845	27	1126	4	4	0	1161
17846	1068	27	3	2	0	1100
17847	28	6	1054	6	0	1094
17848	6	5	979	3	0	993
17849	5	2	982	5	0	994
17850	4	987	28	3	0	1022
17851	13	24	10	912	0	959
17852	2	945	4	21	0	972
17853	959	22	5	7	0	993
17854	25	5	960	4	0	994
17855	949	5	22	3	0	979
17856	979	0	7	6	0	992
17857	28	1	3	948	0	980
17858	960	3	2	21	0	986
17859	23	5	2	970	0	1000
17860	9	3	968	25	0	1005
17861	951	4	22	5	0	982
17862	24	966	4	3	0	997
17863	10	21	2	965	0	998
17864	970	6	4	22	0	1002
17865	30	3	2	965	0	1000
17866	8	2	967	25	0	1002
17867	6	1	23	954	0	984
17868	2	971	6	25	0	1004
17869	976	24	3	8	0	1011
17870	26	4	4	969	0	1003
17871	981	6	3	24	0	1014
17872	23	0	2	986	0	1011
17873	9	2	4	978	0	993
17874	6	971	1	27	0	1005
17875	980	20	3	9	0	1012
17876	25	1007	3	6	0	1041
17877	8	24	1	944	0	977
17878	5	951	0	20	0	976
17879	954	19	0	7	0	980
17880	958	5	0	5	0	968
17881	943	4	2	2	0	951
17882	24	893	1	6	0	924
17883	1	671	1	0	0	673
17884	669	7	1	2	0	679
17885	8	686	0	0	0	694
17886	5	6	3	650	0	664
17887	1	2	645	3	0	651
17888	600	2	2	2	0	606
17889	603	3	0	2	0	608
17890	593	1	0	1	0	595
17891	3	595	0	1	0	599
17892	565	1	0	1	0	567
17893	3	0	592	1	0	596
17894	1	602	1	1	0	605
17895	1	7	1	573	0	582
17896	2	585	0	3	0	590
17897	574	2	0	1	0	577
17898	1	573	0	1	0	575
17899	0	1	1	578	0	580
17900	1	565	1	1	0	568
17901	2	1	0	592	0	595
17902	2	0	0	579	0	581
17903	1	2	576	1	0	580
17904	1	1	1	557	0	560
17905	566	0	1	1	0	568
17906	557	1	1	1	0	560
17907	1	1	0	565	0	567
17908	0	1	560	2	0	563
17909	0	2	1	556	0	559
17910	562	1	0	1	0	564
17911	570	1	0	2	0	573
17912	575	1	0	2	0	578
17913	1	596	0	1	0	598
17914	593	1	0	3	0	597
17915	2	0	588	1	0	591
17916	624	0	2	2	0	628
17917	4	0	0	643	0	647
17918	3	0	0	644	0	647
17919	2	0	0	645	0	647
17920	636	0	1	5	0	642
17921	627	0	1	1	0	629
17922	4	0	0	630	0	634
17923	1	0	637	4	0	642
17924	5	0	3	627	0	635
17925	1	1	0	613	0	615
17926	2	1	601	3	0	607
17927	2	603	3	1	0	609
17928	1	3	1	613	0	618
17929	621	0	1	4	0	626
17930	4	0	0	625	0	629
17931	0	0	0	632	0	632
17932	620	0	1	5	0	626
17933	5	615	0	0	0	620
17934	1	621	0	3	0	625
17935	620	4	0	1	0	625
17936	4	0	618	2	0	624
17937	605	0	4	3	0	612
17938	5	0	661	1	0	667
17939	0	662	5	0	0	667
17940	669	6	0	3	0	678
17941	690	0	0	3	0	693
17942	687	0	1	1	0	689
17943	695	0	0	2	0	697
17944	5	0	678	1	0	684
17945	2	2	4	666	0	674
17946	676	2	0	4	0	682
17947	6	1	709	0	0	716
17948	2	0	692	0	0	694
17949	2	703	5	0	0	710
17950	708	6	4	0	0	718
17951	6	2	1	707	0	716
17952	722	1	0	7	0	730
17953	8	740	1	1	0	750
17954	3	6	1	813	0	823
17955	2	2	0	825	0	829
17956	4	0	1	844	0	849
17957	1	3	872	12	0	888
17958	2	879	7	6	0	894
17959	938	8	4	1	0	951
17960	8	4	3	943	0	958
17961	940	3	1	9	0	953
17962	938	1	0	4	0	943
17963	12	0	0	937	0	949
17964	6	3	940	8	0	957
17965	4	1	6	946	0	957
17966	1	924	4	9	0	938
17967	2	7	1	935	0	945
17968	2	4	932	9	0	947
17969	928	1	7	6	0	942
17970	10	2	4	940	0	956
17971	927	1	1	9	0	938
17972	10	0	928	5	0	943
17973	899	0	7	4	0	910
17974	11	1	931	1	0	944
17975	900	0	10	6	0	916
17976	9	886	6	1	0	902
17977	5	920	1	0	0	926
17978	1	12	2	913	0	928
17979	5	3	1	857	0	866
17980	0	3	0	922	0	925
17981	912	1	0	16	0	929
17982	9	1	0	922	0	932
17983	3	2	920	11	0	936
17984	895	0	8	8	0	911
17985	8	918	4	2	0	932
17986	930	8	1	5	0	944
17987	917	3	1	2	0	923
17988	14	1	926	1	0	942
17989	6	1	9	930	0	946
17990	3	0	2	973	0	978
17991	2	3	984	13	0	1002
17992	1	994	10	6	0	1011
17993	968	10	4	3	0	985
17994	958	3	2	4	0	967
17995	11	1	4	974	0	990
17996	6	2	0	982	0	990
17997	3	0	1	1023	0	1027
17998	1001	1	0	14	0	1016
17999	11	1019	2	7	0	1039
18000	1040	9	0	3	0	1052
18001	1031	3	2	3	0	1039
18002	15	2	1100	2	0	1119
18003	4	3	11	1084	0	1102
18004	2	1125	5	12	0	1144
18005	2	14	1	1155	0	1172
18006	4	3	2	1199	0	1208
18007	3	1	1218	17	0	1239
18008	1295	1	14	6	0	1316
18009	1386	1	5	7	0	1399
18010	1435	2	3	6	0	1446
18011	29	1	1	1413	0	1444
18012	11	3	1	1409	0	1424
18013	9	1377	3	21	0	1410
18014	8	1436	3	10	0	1457
18015	1421	22	4	7	0	1454
18016	21	1388	3	9	0	1421
18017	6	22	1395	4	0	1427
18018	7	8	20	1407	0	1442
18019	1410	5	6	22	0	1443
18020	21	3	1401	8	0	1433
18021	10	1	1396	6	0	1413
18022	1413	2	23	6	0	1444
18023	1415	1	9	4	0	1429
18024	27	0	7	1399	0	1433
18025	13	1	1391	22	0	1427
18026	8	6	19	1397	0	1430
18027	8	4	1336	25	0	1373
18028	7	1	1404	8	0	1420
18029	5	1423	27	6	0	1461
18030	1426	21	11	8	0	1466
18031	1437	7	6	7	0	1457
18032	26	1424	5	5	0	1460
18033	16	22	3	1418	0	1459
18034	11	6	5	1428	0	1450
18035	10	6	6	1430	0	1452
18036	1412	4	2	30	0	1448
18037	27	1406	2	15	0	1450
18038	1375	16	6	12	0	1409
18039	1377	9	5	8	0	1399
18040	29	5	1349	4	0	1387
18041	11	1336	19	5	0	1371
18042	12	20	9	1342	0	1383
18043	6	10	1352	19	0	1387
18044	1342	6	21	9	0	1378
18045	1362	7	9	8	0	1386
18046	1361	3	9	8	0	1381
18047	1341	3	4	9	0	1357
18048	36	3	2	1306	0	1347
18049	19	3	1286	19	0	1327
18050	13	7	17	1295	0	1332
18051	1293	3	7	21	0	1324
18052	1281	4	7	11	0	1303
18053	22	1257	9	8	0	1296
18054	1195	16	4	9	0	1224
18055	23	6	1175	5	0	1209
18056	7	6	1167	8	0	1188
18057	1128	2	21	7	0	1158
18058	23	1134	7	5	0	1169
18059	17	14	6	1050	0	1087
18060	9	1070	3	18	0	1100
18061	12	15	5	1082	0	1114
18062	7	7	5	1093	0	1112
18063	6	3	5	1127	0	1141
18064	1095	4	3	21	0	1123
18065	1123	4	2	10	0	1139
18066	1111	4	4	10	0	1129
18067	22	4	1090	7	0	1123
18068	1106	3	19	4	0	1132
18069	25	4	6	1114	0	1149
18070	15	3	4	1159	0	1181
18071	10	4	1146	21	0	1181
18072	10	5	19	1270	0	1304
18073	1300	5	6	26	0	1337
18074	24	2	1292	14	0	1332
18075	11	2	19	1300	0	1332
18076	1295	3	9	26	0	1333
18077	1296	2	6	11	0	1315
18078	32	5	1281	9	0	1327
18079	18	5	1292	8	0	1323
18080	17	0	24	1308	0	1349
18081	1331	2	12	26	0	1371
18082	1350	2	7	13	0	1372
18083	35	4	2	1308	0	1349
18084	17	1335	5	24	0	1381
18085	1332	20	5	12	0	1369
18086	28	1338	5	18	0	1389
18087	17	24	3	1346	0	1390
18088	11	9	1336	26	0	1382
18089	11	5	1313	12	0	1341
18090	8	3	1311	11	0	1333
18091	11	0	26	1264	0	1301
18092	8	4	17	1276	0	1305
18093	1264	2	6	29	0	1301
18094	22	1260	7	16	0	1305
18095	1269	16	3	15	0	1303
18096	27	6	6	1208	0	1247
18097	15	1205	7	17	0	1244
18098	9	1239	4	9	0	1261
18099	11	23	3	1221	0	1258
18100	1213	9	6	21	0	1249
18101	21	1219	4	15	0	1259
18102	1144	17	4	7	0	1172
18103	24	1148	5	6	0	1183
18104	1126	22	3	10	0	1161
18105	23	8	1098	6	0	1135
18106	12	8	1069	5	0	1094
18107	10	1049	17	3	0	1079
18108	927	17	29	4	0	977
18109	7	889	6	2	0	904
18110	6	814	1	1	0	822
18111	11	12	2	837	0	862
18112	837	7	1	10	0	855
18113	8	844	0	5	0	857
18114	823	6	1	3	0	833
18115	8	822	0	1	0	831
18116	821	8	2	2	0	833
18117	8	799	1	2	0	810
18118	3	811	1	2	0	817
18119	6	9	3	789	0	807
18120	2	805	0	8	0	815
18121	800	9	0	6	0	815
18122	10	4	795	2	0	811
18123	5	4	7	800	0	816
18124	5	2	815	7	0	829
18125	2	2	7	827	0	838
18126	2	2	2	833	0	839
18127	3	2	781	12	0	798
18128	753	1	6	8	0	768
18129	8	765	7	4	0	784
18130	775	7	4	3	0	789
18131	12	788	1	3	0	804
18132	5	8	2	797	0	812
18133	794	3	1	10	0	808
18134	798	2	2	8	0	810
18135	802	3	3	5	0	813
18136	14	3	2	805	0	824
18137	10	2	2	807	0	821
18138	4	833	2	12	0	851
18139	844	8	2	6	0	860
18140	845	3	3	8	0	859
18141	861	2	1	2	0	866
18142	852	1	2	6	0	861
18143	17	822	2	4	0	845
18144	9	9	1	830	0	849
18145	7	6	831	8	0	852
18146	817	5	6	6	0	834
18147	860	1	6	4	0	871
18148	12	4	847	3	0	866
18149	10	2	849	3	0	864
18150	7	3	9	848	0	867
18151	6	3	5	863	0	877
18152	3	6	5	870	0	884
18153	864	2	2	11	0	879
18154	8	3	4	864	0	879
18155	7	0	853	9	0	869
18156	1	2	10	862	0	875
18157	3	1	881	10	0	895
18158	3	2	7	868	0	880
18159	6	4	3	918	0	931
18160	2	5	919	16	0	942
18161	882	3	6	8	0	899
18162	9	929	5	7	0	950
18163	934	9	6	2	0	951
18164	12	6	2	960	0	980
18165	963	7	2	14	0	986
18166	15	995	1	15	0	1026
18167	5	1055	2	7	0	1069
18168	11	26	5	1075	0	1117
18169	6	11	1112	11	0	1140
18170	3	7	1058	6	0	1074
18171	4	1084	19	5	0	1112
18172	942	16	8	8	0	974
18173	13	6	8	928	0	955
18174	925	5	5	13	0	948
18175	14	920	3	6	0	943
18176	7	929	2	4	0	942
18177	5	17	2	940	0	964
18178	943	7	2	13	0	965
18179	939	5	1	7	0	952
18180	19	5	912	3	0	939
18181	7	4	893	4	0	908
18182	888	4	10	4	0	906
18183	17	898	6	5	0	926
18184	885	12	6	4	0	907
18185	18	5	4	879	0	906
18186	11	5	844	10	0	870
18187	819	6	14	6	0	845
18188	16	826	5	5	0	852
18189	7	854	4	4	0	869
18190	7	17	5	843	0	872
18191	851	5	6	14	0	876
18192	14	7	4	852	0	877
18193	874	4	1	15	0	894
18194	15	4	850	7	0	876
18195	847	4	11	6	0	868
18196	870	4	3	8	0	885
18197	20	4	852	2	0	878
18198	836	1	13	5	0	855
18199	18	833	5	5	0	861
18200	12	13	4	808	0	837
18201	9	823	6	13	0	851
18202	836	15	4	4	0	859
18203	16	6	3	816	0	841
18204	9	807	1	15	0	832
18205	7	16	4	803	0	830
18206	6	813	0	16	0	835
18207	5	15	3	820	0	843
18208	817	7	3	16	0	843
18209	15	5	0	820	0	840
18210	6	10	802	17	0	835
18211	794	2	12	16	0	824
18212	19	5	3	814	0	841
18213	7	1	787	19	0	814
18214	8	2	765	8	0	783
18215	6	5	802	6	0	819
18216	6	1	21	797	0	825
18217	8	1	7	834	0	850
18218	2	3	11	830	0	846
18219	6	0	6	833	0	845
18220	818	5	3	24	0	850
18221	836	1	5	12	0	854
18222	834	4	1	12	0	851
18223	844	3	2	8	0	857
18224	20	1	3	812	0	836
18225	10	4	828	13	0	855
18226	818	1	13	9	0	841
18227	864	3	4	6	0	877
18228	17	1	3	861	0	882
18229	11	0	6	877	0	894
18230	882	0	2	20	0	904
18231	17	1	5	849	0	872
18232	12	850	2	17	0	881
18233	860	11	1	13	0	885
18234	856	3	4	8	0	871
18235	17	2	870	7	0	896
18236	9	3	19	867	0	898
18237	9	3	5	884	0	901
18238	869	3	2	18	0	892
18239	872	1	4	12	0	889
18240	19	1	1	878	0	899
18241	14	1	862	16	0	893
18242	12	2	856	8	0	878
18243	12	3	14	865	0	894
18244	11	1	6	877	0	895
18245	861	1	4	22	0	888
18246	12	842	11	8	0	873
18247	9	834	6	8	0	857
18248	7	852	2	9	0	870
18249	10	16	2	841	0	869
18250	841	8	0	17	0	866
18251	841	6	0	8	0	855
18252	16	840	3	6	0	865
18253	839	15	4	4	0	862
18254	19	7	2	838	0	866
18255	9	6	840	15	0	870
18256	9	3	12	837	0	861
18257	12	4	3	838	0	857
18258	7	3	2	831	0	843
18259	788	3	3	17	0	811
18260	13	5	2	760	0	780
18261	8	749	3	16	0	776
18262	744	9	4	12	0	769
18263	12	720	5	7	0	744
18264	9	692	2	6	0	709
18265	4	716	1	5	0	726
18266	4	6	642	6	0	658
18267	1	611	3	4	0	619
18268	3	4	538	2	0	547
18269	500	0	1	3	0	504
18270	500	1	0	4	0	505
18271	2	0	511	3	0	516
18272	505	1	0	1	0	507
18273	509	0	0	5	0	514
18274	2	1	517	0	0	520
18275	1	526	1	2	0	530
18276	0	1	2	529	0	532
18277	527	1	0	1	0	529
18278	2	1	0	517	0	520
18279	540	0	2	1	0	543
18280	536	1	1	3	0	541
18281	1	0	534	0	0	535
18282	525	0	0	3	0	528
18283	1	538	0	1	0	540
18284	542	0	2	2	0	546
18285	3	0	0	544	0	547
18286	3	0	553	0	0	556
18287	1	0	1	555	0	557
18288	549	1	0	3	0	553
18289	2	539	0	1	0	542
18290	2	0	541	2	0	545
18291	3	1	2	531	0	537
18292	3	0	546	0	0	549
18293	3	540	1	0	0	544
18294	518	0	2	3	0	523
18295	1	0	0	518	0	519
18296	1	1	522	1	0	525
18297	4	3	498	1	0	506
18298	536	1	1	1	0	539
18299	0	1	2	545	0	548
18300	1	1	1	548	0	551
18301	3	1	549	1	0	554
18302	2	2	538	2	0	544
18303	0	564	1	1	0	566
18304	2	1	1	568	0	572
18305	1	2	1	566	0	570
18306	0	569	1	2	0	572
18307	3	1	559	1	0	564
18308	551	0	1	5	0	557
18309	1	1	1	569	0	572
18310	3	2	589	0	0	594
18311	1	1	0	570	0	572
18312	3	595	2	1	0	601
18313	2	0	598	3	0	603
18314	589	1	2	3	0	595
18315	2	0	617	2	0	621
18316	1	1	612	2	0	616
18317	0	1	593	3	0	597
18318	1	1	634	2	0	638
18319	2	1	1	672	0	676
18320	0	2	692	1	0	695
18321	5	1	0	661	0	667
18322	1	682	2	2	0	687
18323	732	1	2	3	0	738
18324	2	3	0	740	0	745
18325	4	2	726	0	0	732
18326	2	734	2	3	0	741
18327	4	4	3	720	0	731
18328	715	3	4	4	0	726
18329	1	714	3	4	0	722
18330	5	0	3	728	0	736
18331	733	4	3	0	0	740
18332	1	2	726	6	0	735
18333	720	0	3	3	0	726
18334	2	1	732	3	0	738
18335	706	2	1	1	0	710
18336	689	3	3	2	0	697
18337	5	1	693	3	0	702
18338	3	681	4	0	0	688
18339	2	7	3	663	0	675
18340	0	3	693	2	0	698
18341	2	1	2	682	0	687
18342	3	1	3	685	0	692
18343	0	0	699	5	0	704
18344	1	0	692	3	0	696
18345	0	0	6	708	0	714
18346	711	0	6	1	0	718
18347	2	708	1	4	0	715
18348	4	708	0	1	0	713
18349	715	5	0	2	0	722
18350	732	4	1	1	0	738
18351	6	1	0	736	0	743
18352	4	0	0	736	0	740
18353	0	0	2	741	0	743
18354	731	1	0	8	0	740
18355	3	709	1	5	0	718
18356	7	711	1	0	0	719
18357	2	8	1	708	0	719
18358	1	4	0	732	0	737
18359	7	0	0	731	0	738
18360	721	2	1	9	0	733
18361	3	747	1	5	0	756
18362	765	3	1	3	0	772
18363	5	3	766	1	0	775
18364	5	772	3	1	0	781
18365	0	4	3	762	0	769
18366	768	4	0	5	0	777
18367	5	0	769	4	0	778
18368	3	1	763	1	0	768
18369	1	2	7	773	0	783
18370	4	0	2	784	0	790
18371	2	1	2	780	0	785
18372	2	0	1	772	0	775
18373	2	1	1	762	0	766
18374	2	754	1	8	0	765
18375	1	3	1	755	0	760
18376	749	4	2	6	0	761
18377	5	765	2	3	0	775
18378	766	4	1	6	0	777
18379	5	5	749	2	0	761
18380	4	1	751	2	0	758
18381	2	0	7	816	0	825
18382	2	0	993	6	0	1001
18383	0	1	8	996	0	1005
18384	2	3	5	974	0	984
18385	1015	0	3	15	0	1033
18386	997	2	0	11	0	1010
18387	13	1022	1	4	0	1040
18388	7	1054	1	3	0	1065
18389	6	19	1	1048	0	1074
18390	1060	8	2	13	0	1083
18391	12	5	1074	8	0	1099
18392	9	2	12	1077	0	1100
18393	5	1	8	1080	0	1094
18394	1	1	1079	20	0	1101
18395	2	1082	15	10	0	1109
18396	5	12	9	1066	0	1092
18397	3	9	1084	14	0	1110
18398	3	3	13	1077	0	1096
18399	1035	1	10	16	0	1062
18400	14	1042	4	9	0	1069
18401	9	1057	2	5	0	1073
18402	5	18	1	1050	0	1074
18403	1040	7	4	14	0	1065
18404	11	1042	2	13	0	1068
18405	1051	15	2	8	0	1076
18406	16	9	1060	6	0	1091
18407	13	3	1068	7	0	1091
18408	7	3	22	1061	0	1093
18409	7	5	9	1088	0	1109
18410	1060	5	4	25	0	1094
18411	21	4	2	1077	0	1104
18412	14	5	1053	17	0	1089
18413	6	6	15	1049	0	1076
18414	10	4	7	1059	0	1080
18415	3	1	1031	27	0	1062
18416	1000	3	18	16	0	1037
18417	19	2	10	1026	0	1057
18418	988	1	7	21	0	1017
18419	17	945	2	13	0	977
18420	933	12	3	12	0	960
18421	14	923	8	4	0	949
18422	10	935	3	8	0	956
18423	12	18	4	879	0	913
18424	881	12	3	16	0	912
18425	879	9	2	10	0	900
18426	20	4	2	872	0	898
18427	872	3	3	17	0	895
18428	870	7	3	11	0	891
18429	24	1	1	869	0	895
18430	841	6	4	17	0	868
18431	20	851	5	10	0	886
18432	854	17	3	11	0	885
18433	17	9	839	7	0	872
18434	894	1	13	9	0	917
18435	17	2	4	903	0	926
18436	13	0	9	905	0	927
18437	8	2	3	910	0	923
18438	5	2	3	909	0	919
18439	4	0	7	902	0	913
18440	8	855	1	23	0	887
18441	4	887	2	15	0	908
18442	880	16	3	6	0	905
18443	14	12	866	7	0	899
18444	868	3	13	7	0	891
18445	19	11	868	7	0	905
18446	12	9	12	876	0	909
18447	7	3	6	899	0	915
18448	887	4	3	19	0	913
18449	19	4	876	10	0	909
18450	13	3	9	896	0	921
18451	12	2	925	15	0	954
18452	6	948	17	9	0	980
18453	10	12	7	968	0	997
18454	975	5	9	16	0	1005
18455	963	6	3	11	0	983
18456	987	2	0	14	0	1003
18457	22	959	8	5	0	994
18458	15	989	3	6	0	1013
18459	914	17	2	15	0	948
18460	12	984	4	8	0	1008
18461	10	961	1	6	0	978
18462	5	22	939	12	0	978
18463	9	930	10	6	0	955
18464	4	945	7	2	0	958
18465	8	20	3	943	0	974
18466	6	13	943	13	0	975
18467	3	9	925	8	0	945
18468	913	2	15	13	0	943
18469	17	4	950	2	0	973
18470	978	4	16	5	0	1003
18471	15	0	11	980	0	1006
18472	13	984	5	14	0	1016
18473	1003	14	6	10	0	1033
18474	1056	6	1	16	0	1079
18475	20	2	11	1057	0	1090
18476	13	7	3	1062	0	1085
18477	14	0	2	1057	0	1073
18478	1033	4	3	23	0	1063
18479	990	5	1	12	0	1008
18480	1041	1	2	9	0	1053
18481	21	962	0	5	0	988
18482	784	10	1	6	0	801
18483	12	771	1	3	0	787
18484	5	788	0	4	0	797
18485	2	14	1	755	0	772
18486	1	767	3	11	0	782
18487	732	6	0	5	0	743
18488	8	1	1	730	0	740
18489	725	1	1	8	0	735
18490	8	713	0	3	0	724
18491	3	730	1	2	0	736
18492	737	7	0	2	0	746
18493	7	742	0	1	0	750
18494	2	9	0	731	0	742
18495	3	2	0	742	0	747
18496	739	2	0	11	0	752
18497	8	2	0	744	0	754
18498	3	2	764	9	0	778
18499	1	1	10	770	0	782
18500	781	2	2	11	0	796
18501	8	813	2	4	0	827
18502	836	8	2	2	0	848
18503	816	3	1	3	0	823
18504	840	2	0	1	0	843
18505	9	1	824	1	0	835
18506	2	2	815	0	0	819
18507	804	1	10	2	0	817
18508	10	823	1	0	0	834
18509	4	9	1	829	0	843
18510	4	1	0	830	0	835
18511	2	799	0	11	0	812
18512	1	810	1	2	0	814
18513	3	9	1	812	0	825
18514	4	2	0	819	0	825
18515	3	3	807	10	0	823
18516	1	1	793	3	0	798
18517	797	1	10	4	0	812
18518	833	1	1	2	0	837
18519	11	2	0	830	0	843
18520	2	1	832	11	0	846
18521	0	1	11	827	0	839
18522	820	1	3	12	0	836
18523	10	2	824	1	0	837
18524	3	2	9	839	0	853
18525	3	0	844	12	0	859
18526	1	836	10	4	0	851
18527	4	8	841	1	0	854
18528	6	1	9	833	0	849
18529	841	1	3	10	0	855
18530	9	1	1	838	0	849
18531	833	2	1	13	0	849
18532	839	0	1	2	0	842
18533	812	2	0	2	0	816
18534	11	1	786	1	0	799
18535	775	2	9	5	0	791
18536	13	0	1	781	0	795
18537	2	1	0	790	0	793
18538	2	1	790	10	0	803
18539	2	0	10	800	0	812
18540	802	1	1	11	0	815
18541	11	811	1	3	0	826
18542	839	9	1	3	0	852
18543	844	1	1	4	0	850
18544	844	1	0	3	0	848
18545	13	0	3	838	0	854
18546	2	0	841	11	0	854
18547	1	0	10	858	0	869
18548	0	1	3	868	0	872
18549	859	1	1	13	0	874
18550	828	0	2	4	0	834
18551	12	0	788	1	0	801
18552	3	1	9	804	0	817
18553	2	0	817	14	0	833
18554	830	0	14	3	0	847
18555	17	872	3	2	0	894
18556	881	15	1	1	0	898
18557	16	905	2	0	0	923
18558	897	15	1	1	0	914
18559	15	908	0	4	0	927
18560	9	16	1	895	0	921
18561	4	5	1	928	0	938
18562	925	1	3	22	0	951
18563	935	1	0	8	0	944
18564	923	3	1	2	0	929
18565	910	1	0	2	0	913
18566	917	4	0	0	0	921
18567	24	0	0	893	0	917
18568	7	891	0	18	0	916
18569	7	16	1	866	0	890
18570	2	853	1	14	0	870
18571	2	19	0	842	0	863
18572	3	845	0	18	0	866
18573	6	18	0	826	0	850
18574	2	7	781	18	0	808
18575	752	1	15	8	0	776
18576	18	767	7	2	0	794
18577	779	19	0	2	0	800
18578	16	6	785	3	0	810
18579	787	4	14	0	0	805
18580	15	2	829	4	0	850
18581	8	2	18	827	0	855
18582	2	895	6	18	0	921
18583	1	19	896	6	0	922
18584	3	6	18	901	0	928
18585	848	0	12	19	0	879
18586	23	2	0	895	0	920
18587	9	2	4	909	0	924
18588	3	0	0	919	0	922
18589	3	2	886	24	0	915
18590	4	0	19	873	0	896
18591	0	857	8	20	0	885
18592	2	13	1	871	0	887
18593	0	9	2	878	0	889
18594	881	0	2	26	0	909
18595	13	4	0	903	0	920
18596	11	0	916	16	0	943
18597	0	0	910	12	0	922
18598	2	2	898	1	0	903
18599	0	889	21	5	0	915
18600	862	19	16	3	0	900
18601	20	858	5	1	0	884
18602	846	20	3	2	0	871
18603	21	11	1	848	0	881
18604	13	0	865	19	0	897
18605	2	2	852	10	0	866
18606	5	896	25	2	0	928
18607	4	19	8	897	0	928
18608	3	7	5	907	0	922
18609	5	0	3	920	0	928
18610	0	4	890	30	0	924
18611	852	0	19	14	0	885
18612	20	2	897	3	0	922
18613	13	1	23	886	0	923
18614	4	3	10	911	0	928
18615	4	1	878	30	0	913
18616	846	2	24	10	0	882
18617	20	882	10	4	0	916
18618	881	22	1	5	0	909
18619	21	8	5	860	0	894
18620	11	862	2	21	0	896
18621	4	23	2	876	0	905
18622	873	9	3	24	0	909
18623	24	2	3	870	0	899
18624	10	3	842	24	0	879
18625	829	2	22	15	0	868
18626	858	1	8	6	0	873
18627	27	3	840	5	0	875
18628	14	2	20	838	0	874
18629	860	2	9	22	0	893
18630	23	3	1	865	0	892
18631	10	2	5	865	0	882
18632	3	4	1	871	0	879
18633	9	0	2	873	0	884
18634	2	2	854	34	0	892
18635	7	2	18	855	0	882
18636	3	1	856	25	0	885
18637	841	1	22	11	0	875
18638	855	2	10	8	0	875
18639	847	3	6	4	0	860
18640	851	2	2	8	0	863
18641	35	4	2	811	0	852
18642	800	1	5	25	0	831
18643	24	0	786	16	0	826
18644	16	1	785	4	0	806
18645	755	1	25	8	0	789
18646	23	751	10	7	0	791
18647	8	762	3	11	0	784
18648	6	25	9	745	0	785
18649	8	8	741	22	0	779
18650	713	3	17	15	0	748
18651	18	3	740	6	0	767
18652	13	692	13	10	0	728
18653	7	11	685	3	0	706
18654	6	643	12	6	0	667
18655	602	12	10	5	0	629
18656	16	592	3	6	0	617
18657	10	580	1	5	0	596
18658	2	20	5	573	0	600
18659	7	5	561	13	0	586
18660	4	1	13	561	0	579
18661	5	3	5	556	0	569
18662	3	2	533	19	0	557
18663	5	1	15	517	0	538
18664	7	524	7	11	0	549
18665	4	12	3	539	0	558
18666	540	6	3	12	0	561
18667	14	3	2	544	0	563
18668	5	3	545	12	0	565
18669	6	4	10	543	0	563
18670	4	1	536	13	0	554
18671	531	4	12	9	0	556
18672	13	3	7	543	0	566
18673	548	5	2	17	0	572
18674	15	2	551	5	0	573
18675	529	3	10	7	0	549
18676	9	561	6	5	0	581
18677	9	9	568	4	0	590
18678	5	6	11	547	0	569
18679	3	2	562	13	0	580
18680	2	528	9	12	0	551
18681	4	564	7	4	0	579
18682	486	8	3	8	0	505
18683	9	505	1	2	0	517
18684	516	7	2	6	0	531
18685	14	2	4	524	0	544
18686	5	1	527	9	0	542
18687	2	542	8	4	0	556
18688	6	8	2	549	0	565
18689	1	1	3	577	0	582
18690	5	1	4	574	0	584
18691	2	5	3	572	0	582
18692	3	535	2	10	0	550
18693	1	564	1	7	0	573
18694	531	7	3	5	0	546
18695	7	525	0	2	0	534
18696	2	11	2	488	0	503
18697	2	3	496	6	0	507
18698	2	494	5	0	0	501
18699	2	7	1	490	0	500
18700	4	2	1	485	0	492
18701	1	487	2	2	0	492
18702	470	5	0	1	0	476
18703	2	0	464	3	0	469
18704	439	2	0	4	0	445
18705	2	449	1	2	0	454
18706	397	2	1	2	0	402
18707	2	414	1	1	0	418
18708	4	2	0	434	0	440
18709	1	2	1	437	0	441
18710	437	1	0	2	0	440
18711	1	5	0	436	0	442
18712	3	1	440	5	0	449
18713	3	429	1	3	0	436
18714	3	434	0	3	0	440
18715	0	3	2	437	0	442
18716	1	2	445	2	0	450
18717	0	3	0	445	0	448
18718	1	2	2	446	0	451
18719	0	2	442	5	0	449
18720	0	2	438	3	0	443
18721	0	456	2	5	0	463
18722	454	2	4	6	0	466
18723	1	1	5	448	0	455
18724	1	445	2	3	0	451
18725	465	3	1	3	0	472
18726	5	1	2	465	0	473
18727	1	3	2	462	0	468
18728	3	463	1	2	0	469
18729	3	2	0	448	0	453
18730	463	2	0	5	0	470
18731	2	2	0	476	0	480
18732	2	2	0	472	0	476
18733	4	0	463	6	0	473
18734	2	1	440	5	0	448
18735	462	1	2	6	0	471
18736	2	1	3	468	0	474
18737	2	0	4	465	0	471
18738	3	0	2	468	0	473
18739	1	0	469	6	0	476
18740	465	0	2	6	0	473
18741	2	0	3	469	0	474
18742	3	0	3	472	0	478
18743	470	0	2	6	0	478
18744	3	467	0	6	0	476
18745	1	2	461	6	0	470
18746	3	2	1	444	0	450
18747	3	453	1	4	0	461
18748	1	3	3	461	0	468
18749	461	0	1	6	0	468
18750	2	2	0	462	0	466
18751	456	3	2	3	0	464
18752	453	2	2	4	0	461
18753	4	3	1	449	0	457
18754	3	444	0	6	0	453
18755	5	456	1	3	0	465
18756	3	3	447	5	0	458
18757	4	3	1	430	0	438
18758	2	3	2	448	0	455
18759	2	2	3	452	0	459
18760	450	3	2	5	0	460
18761	3	1	0	452	0	456
18762	2	2	449	6	0	459
18763	450	2	2	5	0	459
18764	4	1	2	470	0	477
18765	2	0	3	471	0	476
18766	3	1	462	5	0	471
18767	460	1	1	5	0	467
18768	2	1	1	468	0	472
18769	3	0	477	5	0	485
18770	2	0	3	479	0	484
18771	5	0	2	447	0	454
18772	1	486	3	7	0	497
18773	476	2	3	4	0	485
18774	471	2	1	8	0	482
18775	4	476	2	3	0	485
18776	458	4	0	4	0	466
18777	437	1	3	4	0	445
18778	4	2	1	436	0	443
18779	4	3	419	3	0	429
18780	4	2	395	2	0	403
18781	5	1	385	3	0	394
18782	3	2	409	3	0	417
18783	2	8	6	383	0	399
18784	4	0	2	396	0	402
18785	2	1	2	390	0	395
18786	1	1	2	391	0	395
18787	382	0	3	6	0	391
18788	3	389	3	4	0	399
18789	393	3	2	3	0	401
18790	5	1	394	4	0	404
18791	3	1	416	4	0	424
18792	2	0	5	428	0	435
18793	433	0	1	7	0	441
18794	417	1	2	4	0	424
18795	5	417	2	4	0	428
18796	4	429	0	3	0	436
18797	1	5	1	419	0	426
18798	421	2	3	5	0	431
18799	5	421	1	4	0	431
18800	436	3	2	4	0	445
18801	440	1	3	3	0	447
18802	448	2	3	0	0	453
18803	5	2	443	5	0	455
18804	5	449	3	2	0	459
18805	447	5	1	1	0	454
18806	439	5	2	2	0	448
18807	7	434	0	1	0	442
18808	1	417	0	3	0	421
18809	421	3	1	0	0	425
18810	4	2	1	418	0	425
18811	4	1	420	3	0	428
18812	404	0	4	0	0	408
18813	6	1	0	421	0	428
18814	1	433	2	3	0	439
18815	2	6	0	438	0	446
18816	3	1	442	3	0	449
18817	3	1	3	443	0	450
18818	468	1	0	4	0	473
18819	3	3	0	466	0	472
18820	3	0	1	469	0	473
18821	1	0	490	6	0	497
18822	0	0	6	469	0	475
18823	3	500	0	4	0	507
18824	498	3	0	3	0	504
18825	485	2	1	1	0	489
18826	3	0	495	4	0	502
18827	1	0	5	487	0	493
18828	0	482	0	6	0	488
18829	4	496	1	1	0	502
18830	483	3	1	3	0	490
18831	3	0	0	491	0	494
18832	0	1	488	4	0	493
18833	1	0	478	3	0	482
18834	1	3	3	492	0	499
18835	490	0	1	6	0	497
18836	489	0	0	2	0	491
18837	5	1	3	510	0	519
18838	0	1	517	6	0	524
18839	1	520	4	0	0	525
18840	524	7	0	2	0	533
18841	6	530	0	0	0	536
18842	535	4	0	3	0	542
18843	4	0	3	537	0	544
18844	1	0	540	4	0	545
18845	1	0	4	536	0	541
18846	540	0	0	5	0	545
18847	7	0	538	0	0	545
18848	0	542	4	3	0	549
18849	2	4	3	541	0	550
18850	544	4	1	5	0	554
18851	8	0	545	1	0	554
18852	0	3	3	559	0	565
18853	3	0	1	566	0	570
18854	0	0	557	10	0	567
18855	3	0	7	552	0	562
18856	0	1	558	7	0	566
18857	559	0	3	1	0	563
18858	5	0	3	587	0	595
18859	1	3	622	4	0	630
18860	0	622	6	4	0	632
18861	650	4	0	2	0	656
18862	689	0	2	2	0	693
18863	5	1	1	756	0	763
18864	1	759	0	8	0	768
18865	764	5	4	4	0	777
18866	6	2	0	772	0	780
18867	1	1	774	6	0	782
18868	756	0	5	1	0	762
18869	5	759	1	3	0	768
18870	4	4	3	763	0	774
18871	764	4	1	4	0	773
18872	8	1	743	3	0	755
18873	5	1	746	0	0	752
18874	3	2	5	748	0	758
18875	1	3	757	5	0	766
18876	6	1	5	750	0	762
18877	2	751	1	8	0	762
18878	1	6	2	776	0	785
18879	768	1	1	4	0	774
18880	5	3	769	3	0	780
18881	2	765	6	4	0	777
18882	5	3	1	748	0	757
18883	0	2	776	4	0	782
18884	1	2	5	747	0	755
18885	1	748	1	5	0	755
18886	0	766	6	5	0	777
18887	758	3	2	2	0	765
18888	3	760	0	1	0	764
18889	1	2	746	1	0	750
18890	707	4	4	3	0	718
18891	1	1	731	0	0	733
18892	1	0	1	706	0	708
18893	2	0	724	1	0	727
18894	1	734	2	2	0	739
18895	0	2	1	742	0	745
18896	1	1	1	737	0	740
18897	1	1	1	734	0	737
18898	0	0	743	3	0	746
18899	2	2	1	724	0	729
18900	2	1	1	731	0	735
18901	718	0	0	5	0	723
18902	724	1	1	3	0	729
18903	3	3	722	1	0	729
18904	2	714	2	0	0	718
18905	0	2	726	0	0	728
18906	0	2	2	728	0	732
18907	0	0	736	3	0	739
18908	1	1	2	733	0	737
18909	2	0	2	745	0	749
18910	0	0	744	5	0	749
18911	709	0	2	3	0	714
18912	2	757	3	0	0	762
18913	4	2	0	744	0	750
18914	0	1	768	3	0	772
18915	2	2	748	2	0	754
18916	736	0	3	1	0	740
18917	2	746	3	1	0	752
18918	2	4	1	737	0	744
18919	757	1	1	2	0	761
18920	3	0	0	767	0	770
18921	1	0	1	756	0	758
18922	1	1	762	4	0	768
18923	736	0	3	8	0	747
18924	755	0	3	5	0	763
18925	4	1	1	761	0	767
18926	760	1	2	4	0	767
18927	3	1	0	765	0	769
18928	3	737	3	3	0	746
18929	3	768	2	2	0	775
18930	2	5	1	782	0	790
18931	765	4	2	5	0	776
18932	4	2	1	772	0	779
18933	784	0	1	5	0	790
18934	789	0	3	4	0	796
18935	7	0	0	798	0	805
18936	6	1	3	810	0	820
18937	2	2	795	7	0	806
18938	3	1	801	2	0	807
18939	2	2	6	809	0	819
18940	3	0	845	7	0	855
18941	850	0	11	6	0	867
18942	8	3	5	883	0	899
18943	2	1	930	11	0	944
18944	932	1	11	5	0	949
18945	972	1	4	3	0	980
18946	10	1000	2	5	0	1017
18947	7	8	2	1030	0	1047
18948	6	2	1047	9	0	1064
18949	1045	3	9	9	0	1066
18950	1073	3	3	5	0	1084
18951	13	1	1094	5	0	1113
18952	1095	0	12	4	0	1111
18953	14	0	4	1091	0	1109
18954	9	0	4	1107	0	1120
18955	1107	3	1	16	0	1127
18956	1117	1	2	8	0	1128
18957	12	1	1	1110	0	1124
18958	6	2	1100	11	0	1119
18959	4	1079	9	7	0	1099
18960	5	9	1080	4	0	1098
18961	4	4	1073	3	0	1084
18962	3	1025	13	2	0	1043
18963	6	9	8	967	0	990
18964	1	2	6	968	0	977
18965	1	3	968	10	0	982
18966	5	2	8	956	0	971
18967	959	2	3	15	0	979
18968	10	0	969	7	0	986
18969	974	0	10	8	0	992
18970	993	0	5	6	0	1004
18971	1002	1	2	4	0	1009
18972	16	0	984	1	0	1001
18973	8	2	990	2	0	1002
18974	8	0	8	984	0	1000
18975	8	2	5	961	0	976
18976	3	991	8	9	0	1011
18977	992	7	3	7	0	1009
18978	982	4	4	9	0	999
18979	11	993	1	7	0	1012
18980	990	11	1	9	0	1011
18981	14	989	4	4	0	1011
18982	993	8	3	5	0	1009
18983	17	6	3	956	0	982
18984	8	5	965	11	0	989
18985	6	5	955	5	0	971
18986	6	3	14	943	0	966
18987	7	1	6	963	0	977
18988	3	3	944	10	0	960
18989	1	3	13	930	0	947
18990	6	2	5	932	0	945
18991	939	1	1	22	0	963
18992	941	1	6	9	0	957
18993	929	0	5	10	0	944
18994	19	1	911	5	0	936
18995	10	914	7	7	0	938
18996	8	7	3	935	0	953
18997	5	4	949	8	0	966
18998	3	947	14	5	0	969
18999	954	9	5	8	0	976
19000	7	3	6	964	0	980
19001	8	3	4	968	0	983
19002	962	3	2	10	0	977
19003	12	2	3	960	0	977
19004	7	2	3	963	0	975
19005	960	0	1	17	0	978
19006	10	4	952	8	0	974
19007	7	935	8	7	0	957
19008	930	8	3	10	0	951
19009	15	2	952	2	0	971
19010	939	2	10	3	0	954
19011	11	974	5	4	0	994
19012	964	7	5	7	0	983
19013	965	3	3	5	0	976
19014	933	3	1	10	0	947
19015	15	6	3	921	0	945
19016	13	6	1	915	0	935
19017	10	910	3	11	0	934
19018	9	924	3	7	0	943
19019	5	927	2	6	0	940
19020	918	11	4	4	0	937
19021	10	6	901	3	0	920
19022	4	6	7	894	0	911
19023	4	4	2	890	0	900
19024	6	895	4	10	0	915
19025	3	7	5	900	0	915
19026	6	2	2	897	0	907
19027	2	902	3	11	0	918
19028	898	10	1	7	0	916
19029	10	906	3	4	0	923
19030	4	9	893	2	0	908
19031	885	5	7	6	0	903
19032	6	903	3	4	0	916
19033	876	5	2	5	0	888
19034	7	4	5	873	0	889
19035	9	3	1	875	0	888
19036	6	3	872	7	0	888
19037	5	1	868	5	0	879
19038	8	4	6	863	0	881
19039	865	2	7	6	0	880
19040	845	2	3	5	0	855
19041	8	850	3	2	0	863
19042	7	836	0	3	0	846
19043	1	818	0	2	0	821
19044	16	18	3	803	0	840
19045	828	5	5	6	0	844
19046	874	3	1	4	0	882
19047	878	1	0	2	0	881
19048	10	0	866	1	0	877
19049	4	998	7	1	0	1010
19050	3	6	2	1092	0	1103
19051	1078	3	0	13	0	1094
19052	13	2	0	1098	0	1113
19053	5	1	0	1125	0	1131
19054	1116	0	0	16	0	1132
19055	1164	0	0	5	0	1169
19056	16	0	1167	2	0	1185
19057	5	0	13	1171	0	1189
19058	2	2	1147	12	0	1163
19059	3	0	13	1146	0	1162
19060	3	1	1144	11	0	1159
19061	3	0	13	1139	0	1155
19062	1124	1	4	15	0	1144
19063	14	1123	1	4	0	1142
19064	6	1153	1	1	0	1161
19065	7	16	3	1083	0	1109
19066	2	1168	0	14	0	1184
19067	1166	16	2	9	0	1193
19068	1156	5	0	3	0	1164
19069	16	2	1131	3	0	1152
19070	5	1132	12	5	0	1154
19071	7	13	4	1127	0	1151
19072	2	4	1135	15	0	1156
19073	1126	4	16	3	0	1149
19074	16	0	3	1136	0	1155
19075	6	3	1145	11	0	1165
19076	2	1	13	1149	0	1165
19077	1146	3	5	18	0	1172
19078	14	2	1138	6	0	1160
19079	1127	1	13	6	0	1147
19080	1150	3	6	2	0	1161
19081	23	2	3	1140	0	1168
19082	9	0	1152	14	0	1175
19083	4	6	1151	3	0	1164
19084	1136	2	16	5	0	1159
19085	1159	2	5	4	0	1170
19086	18	0	1158	4	0	1180
19087	10	2	12	1161	0	1185
19088	13	0	4	1155	0	1172
19089	5	1163	5	18	0	1191
19090	10	15	3	1153	0	1181
19091	1147	7	3	22	0	1179
19092	17	4	4	1151	0	1176
19093	6	1	1143	22	0	1172
19094	1133	0	17	9	0	1159
19095	20	1	7	1121	0	1149
19096	10	1	1120	18	0	1149
19097	10	1106	15	5	0	1136
19098	1095	16	5	8	0	1124
19099	13	1098	8	8	0	1127
19100	1102	22	5	5	0	1134
19101	20	5	1085	8	0	1118
19102	13	1077	17	3	0	1110
19103	7	1101	9	6	0	1123
19104	6	20	6	1089	0	1121
19105	5	7	2	1100	0	1114
19106	3	8	1083	21	0	1115
19107	6	3	17	1085	0	1111
19108	1079	3	5	24	0	1111
19109	21	3	1054	8	0	1086
19110	10	4	19	1056	0	1089
19111	11	3	1039	17	0	1070
19112	1012	5	18	13	0	1048
19113	20	1046	9	6	0	1081
19114	1048	20	5	6	0	1079
19115	1081	6	5	2	0	1094
19116	1077	5	6	6	0	1094
19117	23	3	1044	7	0	1077
19118	9	1044	19	5	0	1077
19119	15	18	6	1055	0	1094
19120	9	5	11	1093	0	1118
19121	1107	5	6	24	0	1142
19122	23	1	4	1119	0	1147
19123	1124	5	5	23	0	1157
19124	1125	5	7	11	0	1148
19125	1132	2	4	7	0	1145
19126	1131	3	7	7	0	1148
19127	32	0	4	1101	0	1137
19128	1109	1	7	16	0	1133
19129	20	2	1085	12	0	1119
19130	1081	4	21	8	0	1114
19131	1098	6	5	12	0	1121
19132	28	3	1076	6	0	1113
19133	1099	4	17	4	0	1124
19134	1112	3	9	7	0	1131
19135	25	5	7	1086	0	1123
19136	14	4	3	1080	0	1101
19137	1062	5	5	22	0	1094
19138	23	5	3	1054	0	1085
19139	11	2	2	1050	0	1065
19140	10	1011	5	20	0	1046
19141	9	12	2	983	0	1006
19142	962	3	5	15	0	985
19143	19	3	7	942	0	971
19144	9	4	2	919	0	934
19145	9	886	7	14	0	916
19146	7	8	3	828	0	846
19147	8	4	3	806	0	821
19148	770	3	4	12	0	789
19149	10	4	1	613	0	628
19150	3	1	536	6	0	546
19151	2	500	4	6	0	512
19152	2	487	2	2	0	493
19153	479	5	5	1	0	490
19154	4	484	3	1	0	492
19155	433	6	5	1	0	445
19156	4	431	1	0	0	436
19157	435	4	1	1	0	441
19158	5	1	1	442	0	449
19159	3	1	1	436	0	441
19160	1	431	0	5	0	437
19161	2	4	0	435	0	441
19162	1	2	430	5	0	438
19163	416	0	3	3	0	422
19164	3	481	1	1	0	486
19165	463	3	0	3	0	469
19166	465	3	1	0	0	469
19167	476	0	0	0	0	476
19168	7	1	0	465	0	473
19169	4	0	0	462	0	466
19170	2	466	0	7	0	475
19171	470	3	1	3	0	477
19172	5	470	0	1	0	476
19173	474	3	0	2	0	479
19174	3	4	492	0	0	499
19175	508	0	3	0	0	511
19176	4	1	3	511	0	519
19177	5	0	508	4	0	517
19178	0	0	506	6	0	512
19179	2	1	6	515	0	524
19180	2	1	518	4	0	525
19181	2	0	4	512	0	518
19182	489	2	4	3	0	498
19183	4	0	0	495	0	499
19184	5	1	480	2	0	488
19185	3	465	3	5	0	476
19186	2	484	3	2	0	491
19187	4	12	1	474	0	491
19188	476	5	1	4	0	486
19189	4	1	0	487	0	492
19190	6	0	1	491	0	498
19191	1	2	0	495	0	498
19192	3	2	1	498	0	504
19193	1	3	491	9	0	504
19194	3	2	480	4	0	489
19195	487	1	7	2	0	497
19196	495	3	5	2	0	505
19197	10	2	0	491	0	503
19198	6	3	0	499	0	508
19199	2	0	489	8	0	499
19200	2	488	4	8	0	502
19201	484	5	4	3	0	496
19202	490	6	1	2	0	499
19203	13	0	1	486	0	500
19204	7	1	497	5	0	510
19205	4	0	3	491	0	498
19206	1	495	5	5	0	506
19207	4	7	495	5	0	511
19208	496	6	2	3	0	507
19209	5	2	6	507	0	520
19210	509	1	2	6	0	518
19211	4	0	494	8	0	506
19212	499	1	4	4	0	508
19213	5	0	4	493	0	502
19214	491	1	4	4	0	500
19215	4	0	4	474	0	482
19216	6	463	4	5	0	478
19217	3	463	3	7	0	476
19218	3	8	1	465	0	477
19219	3	4	461	7	0	475
19220	2	446	6	6	0	460
19221	7	5	9	420	0	441
19222	414	6	2	5	0	427
19223	418	2	0	7	0	427
19224	8	0	0	415	0	423
19225	5	0	2	413	0	420
19226	0	393	3	10	0	406
19227	1	413	0	5	0	419
19228	410	7	1	5	0	423
19229	5	3	3	405	0	416
19230	4	1	3	409	0	417
19231	2	0	403	10	0	415
19232	6	1	4	402	0	413
19233	6	0	4	394	0	404
19234	2	0	1	403	0	406
19235	1	0	405	11	0	417
19236	2	2	7	402	0	413
19237	409	3	3	5	0	420
19238	8	3	396	5	0	412
19239	421	1	4	5	0	431
19240	5	0	6	423	0	434
19241	4	2	4	427	0	437
19242	2	2	0	436	0	440
19243	2	2	424	8	0	436
19244	406	0	5	5	0	416
19245	6	426	5	4	0	441
19246	430	3	1	6	0	440
19247	6	428	1	0	0	435
19248	5	6	3	426	0	440
19249	432	4	1	4	0	441
19250	6	0	423	8	0	437
19251	418	0	3	8	0	429
19252	4	1	435	3	0	443
19253	4	1	5	423	0	433
19254	2	1	420	7	0	430
19255	1	413	4	7	0	425
19256	5	3	4	402	0	414
19257	391	4	3	7	0	405
19258	4	1	0	389	0	394
19259	6	384	1	2	0	393
19260	1	4	3	394	0	402
19261	389	4	0	5	0	398
19262	379	1	0	6	0	386
19263	6	387	1	2	0	396
19264	3	327	2	0	0	332
19265	1	3	1	333	0	338
19266	6	2	2	329	0	339
19267	328	2	0	3	0	333
19268	325	1	0	3	0	329
19269	3	331	1	1	0	336
19270	2	2	0	325	0	329
19271	1	3	0	321	0	325
19272	0	3	324	2	0	329
19273	0	321	1	5	0	327
19274	0	299	2	3	0	304
19275	0	3	2	287	0	292
19276	0	2	288	1	0	291
19277	2	2	283	0	0	287
19278	2	1	2	289	0	294
19279	0	1	3	291	0	295
19280	2	0	288	2	0	292
19281	1	0	3	296	0	300
19282	2	0	293	4	0	299
19283	301	1	5	1	0	308
19284	3	1	0	311	0	315
19285	0	0	320	3	0	323
19286	3	1	305	0	0	309
19287	0	2	2	330	0	334
19288	1	0	343	3	0	347
19289	0	0	353	1	0	354
19290	0	354	2	3	0	359
19291	354	1	1	3	0	359
19292	2	0	363	0	0	365
19293	1	3	1	358	0	363
19294	3	0	0	364	0	367
19295	1	1	5	366	0	373
19296	0	0	360	6	0	366
19297	0	1	1	362	0	364
19298	364	0	2	3	0	369
19299	2	0	5	361	0	368
19300	1	2	362	6	0	371
19301	4	0	2	364	0	370
19302	364	1	3	6	0	374
19303	370	0	4	3	0	377
19304	357	0	2	7	0	366
19305	5	1	1	364	0	371
19306	363	0	1	3	0	367
19307	363	1	2	3	0	369
19308	360	0	2	4	0	366
19309	6	351	1	4	0	362
19310	360	1	1	3	0	365
19311	5	1	1	359	0	366
19312	1	3	354	5	0	363
19313	5	350	4	3	0	362
19314	367	2	1	3	0	373
19315	4	0	2	368	0	374
19316	2	6	2	360	0	370
19317	4	353	2	4	0	363
19318	2	364	1	6	0	373
19319	341	2	3	2	0	348
19320	5	337	0	1	0	343
19321	330	6	0	2	0	338
19322	7	323	2	2	0	334
19323	325	5	1	3	0	334
19324	7	324	2	1	0	334
19325	2	338	0	2	0	342
19326	339	2	0	4	0	345
19327	2	5	334	3	0	344
19328	1	341	3	2	0	347
19329	6	3	0	338	0	347
19330	2	3	4	351	0	360
19331	3	4	1	356	0	364
19332	1	4	0	364	0	369
19333	5	1	368	5	0	379
19334	365	3	3	3	0	374
19335	4	2	0	377	0	383
19336	375	1	3	3	0	382
19337	385	2	1	2	0	390
19338	389	2	1	3	0	395
19339	380	1	1	3	0	385
19340	6	3	370	1	0	380
19341	5	2	1	380	0	388
19342	3	1	374	5	0	383
19343	2	373	8	2	0	385
19344	8	1	1	354	0	364
19345	5	1	2	364	0	372
19346	5	3	0	365	0	373
19347	1	0	1	372	0	374
19348	3	0	360	9	0	372
19349	3	0	5	359	0	367
19350	2	0	1	371	0	374
19351	375	1	2	6	0	384
19352	387	0	2	7	0	396
19353	7	1	0	400	0	408
19354	6	0	1	403	0	410
19355	5	2	1	403	0	411
19356	402	0	1	11	0	414
19357	408	0	1	9	0	418
19358	385	0	2	8	0	395
19359	397	2	1	5	0	405
19360	8	397	1	3	0	409
19361	405	5	0	3	0	413
19362	408	0	0	4	0	412
19363	9	2	0	396	0	407
19364	4	1	1	393	0	399
19365	384	0	0	8	0	392
19366	8	375	0	5	0	388
19367	1	379	0	6	0	386
19368	393	5	2	1	0	401
19369	9	0	0	396	0	405
19370	1	4	0	398	0	403
19371	3	1	0	412	0	416
19372	3	1	0	403	0	407
19373	6	1	0	398	0	405
19374	3	391	0	7	0	401
19375	3	5	0	381	0	389
19376	379	0	0	8	0	387
19377	7	1	0	373	0	381
19378	2	2	0	370	0	374
19379	367	1	0	8	0	376
19380	7	371	0	3	0	381
19381	2	6	0	362	0	370
19382	1	360	1	7	0	369
19383	2	4	1	355	0	362
19384	0	0	356	5	0	361
19385	320	0	6	4	0	330
19386	5	341	0	0	0	346
19387	323	4	0	4	0	331
19388	4	0	325	0	0	329
19389	1	0	5	289	0	295
19390	0	293	0	4	0	297
19391	1	301	0	0	0	302
19392	301	4	1	0	0	306
19393	4	0	0	301	0	305
19394	0	0	313	4	0	317
19395	0	1	4	310	0	315
19396	2	0	313	4	0	319
19397	303	0	4	1	0	308
19398	4	0	317	1	0	322
19399	1	0	4	306	0	311
19400	1	325	1	4	0	331
19401	1	3	1	325	0	330
19402	0	326	1	5	0	332
19403	326	5	0	2	0	333
19404	5	0	0	337	0	342
19405	0	1	335	6	0	342
19406	1	0	331	0	0	332
19407	339	0	4	1	0	344
19408	353	0	1	1	0	355
19409	352	0	2	0	0	354
19410	350	0	1	0	0	351
19411	7	346	0	0	0	353
19412	350	5	0	0	0	355
19413	353	0	0	1	0	354
19414	6	1	339	0	0	346
19415	1	1	5	335	0	342
19416	342	0	0	6	0	348
19417	6	0	340	1	0	347
19418	0	0	6	337	0	343
19419	1	0	348	8	0	357
19420	2	0	6	344	0	352
19421	2	360	0	4	0	366
19422	367	5	1	1	0	374
19423	7	0	357	1	0	365
19424	358	1	5	2	0	366
19425	7	1	0	362	0	370
19426	365	0	1	5	0	371
19427	7	0	1	365	0	373
19428	371	0	0	9	0	380
19429	7	0	365	1	0	373
19430	387	1	5	1	0	394
19431	6	1	0	386	0	393
19432	3	0	1	387	0	391
19433	380	0	1	7	0	388
19434	8	0	0	382	0	390
19435	1	0	374	8	0	383
19436	1	7	4	373	0	385
19437	363	1	0	8	0	372
19438	6	353	1	1	0	361
19439	0	357	1	3	0	361
19440	354	5	0	2	0	361
19441	6	360	0	2	0	368
19442	0	5	0	362	0	367
19443	359	1	3	5	0	368
19444	362	2	0	0	0	364
19445	363	1	0	3	0	367
19446	5	1	357	1	0	364
19447	1	0	3	359	0	363
19448	2	356	1	3	0	362
19449	3	3	1	361	0	368
19450	0	1	373	4	0	378
19451	1	356	3	1	0	361
19452	0	3	0	355	0	358
19453	339	0	2	1	0	342
19454	2	336	0	0	0	338
19455	0	1	353	1	0	355
19456	1	0	1	347	0	349
19457	0	1	347	1	0	349
19458	0	0	3	346	0	349
19459	362	0	1	3	0	366
19460	2	0	3	365	0	370
19461	367	0	0	5	0	372
19462	372	0	1	2	0	375
19463	2	377	2	3	0	384
19464	394	1	0	1	0	396
19465	5	387	0	0	0	392
19466	2	5	401	0	0	408
19467	3	1	1	396	0	401
19468	0	5	1	407	0	413
19469	1	1	398	2	0	402
19470	1	395	1	4	0	401
19471	396	1	2	4	0	403
19472	401	1	3	1	0	406
19473	3	4	0	409	0	416
19474	4	0	1	413	0	418
19475	3	0	0	420	0	423
19476	409	0	1	7	0	417
19477	1	0	407	4	0	412
19478	1	2	405	3	0	411
19479	6	0	2	412	0	420
19480	1	0	418	2	0	421
19481	1	1	413	2	0	417
19482	0	0	2	412	0	414
19483	1	0	428	2	0	431
19484	1	419	4	2	0	426
19485	1	1	2	428	0	432
19486	0	1	442	2	0	445
19487	1	3	2	436	0	442
19488	0	415	2	6	0	423
19489	0	2	4	428	0	434
19490	1	1	429	6	0	437
19491	1	3	3	428	0	435
19492	443	1	2	6	0	452
19493	3	0	446	3	0	452
19494	426	0	4	2	0	432
19495	6	438	1	1	0	446
19496	443	5	2	1	0	451
19497	5	1	0	444	0	450
19498	1	448	1	4	0	454
19499	458	4	0	4	0	466
19500	6	2	0	461	0	469
19501	2	2	463	4	0	471
19502	3	460	5	2	0	470
19503	0	5	2	466	0	473
19504	452	2	2	4	0	460
19505	446	2	0	5	0	453
19506	6	1	0	440	0	447
19507	5	0	443	4	0	452
19508	423	0	5	4	0	432
19509	3	1	441	2	0	447
19510	3	1	5	441	0	450
19511	456	0	2	4	0	462
19512	6	458	2	3	0	469
19513	461	3	0	6	0	470
19514	6	2	460	1	0	469
19515	460	2	4	0	0	466
19516	6	0	4	460	0	470
19517	3	0	4	470	0	477
19518	4	1	467	6	0	478
19519	1	2	4	456	0	463
19520	455	1	2	7	0	465
19521	7	0	4	446	0	457
19522	4	454	1	5	0	464
19523	4	3	0	460	0	467
19524	0	455	1	7	0	463
19525	2	5	452	3	0	462
19526	447	1	4	5	0	457
19527	6	2	2	461	0	471
19528	3	0	452	6	0	461
19529	2	444	5	4	0	455
19530	1	5	2	435	0	443
19531	1	4	3	432	0	440
19532	422	4	2	6	0	434
19533	6	0	1	433	0	440
19534	435	0	1	8	0	444
19535	437	1	3	3	0	444
19536	7	432	0	3	0	442
19537	440	4	0	4	0	448
19538	6	1	1	489	0	497
19539	4	4	490	5	0	503
19540	491	0	4	6	0	501
19541	6	0	3	482	0	491
19542	5	0	480	4	0	489
19543	464	2	4	4	0	474
19544	6	3	3	472	0	484
19545	5	487	3	6	0	501
19546	2	5	1	474	0	482
19547	4	492	1	6	0	503
19548	496	6	0	4	0	506
19549	4	3	514	3	0	524
19550	6	509	5	0	0	520
19551	3	5	2	514	0	524
19552	0	4	518	6	0	528
19553	1	3	497	3	0	504
19554	0	527	9	5	0	541
19555	4	8	3	513	0	528
19556	3	1	2	525	0	531
19557	0	3	1	648	0	652
19558	669	0	1	12	0	682
19559	11	0	696	3	0	710
19560	2	697	16	0	0	715
19561	0	16	3	678	0	697
19562	1	2	1	704	0	708
19563	1	1	679	18	0	699
19564	2	1	15	675	0	693
19565	2	1	677	16	0	696
19566	3	0	656	4	0	663
19567	1	2	667	4	0	674
19568	2	0	18	645	0	665
19569	1	0	5	665	0	671
19570	0	2	2	680	0	684
19571	664	0	1	21	0	686
19572	15	656	2	5	0	678
19573	661	17	4	2	0	684
19574	656	2	1	3	0	662
19575	680	1	2	3	0	686
19576	18	677	3	1	0	699
19577	677	16	2	2	0	697
19578	708	2	1	1	0	712
19579	20	2	0	689	0	711
19580	4	0	0	717	0	721
19581	3	0	1	712	0	716
19582	1	3	694	18	0	716
19583	681	3	16	2	0	702
19584	19	0	3	687	0	709
19585	679	0	0	15	0	694
19586	14	674	1	5	0	694
19587	5	13	0	683	0	701
19588	3	1	1	695	0	700
19589	684	1	2	19	0	706
19590	17	0	0	689	0	706
19591	667	0	0	20	0	687
19592	686	0	3	2	0	691
19593	19	669	0	2	0	690
19594	2	671	1	4	0	678
19595	4	16	1	645	0	666
19596	4	682	1	11	0	698
19597	2	12	0	676	0	690
19598	1	2	661	17	0	681
19599	3	1	662	2	0	668
19600	635	0	15	3	0	653
19601	656	2	0	1	0	659
19602	16	625	1	11	0	653
19603	643	15	2	0	0	660
19604	14	678	1	2	0	695
19605	3	14	0	677	0	694
19606	4	1	2	690	0	697
19607	4	2	1	693	0	700
19608	1	0	1	699	0	701
19609	683	1	3	13	0	700
19610	15	677	3	2	0	697
19611	678	13	2	4	0	697
19612	688	3	2	3	0	696
19613	15	0	676	5	0	696
19614	669	3	14	2	0	688
19615	14	674	1	4	0	693
19616	2	14	1	677	0	694
19617	3	1	1	665	0	670
19618	6	660	1	12	0	679
19619	678	15	1	1	0	695
19620	17	6	661	0	0	684
19621	669	0	13	2	0	684
19622	16	2	672	5	0	695
19623	1	3	15	681	0	700
19624	3	0	1	698	0	702
19625	1	2	2	700	0	705
19626	694	0	1	18	0	713
19627	14	0	705	4	0	723
19628	697	1	11	4	0	713
19629	718	1	1	3	0	723
19630	712	1	2	4	0	719
19631	711	1	2	5	0	719
19632	17	1	2	701	0	721
19633	4	2	688	16	0	710
19634	3	1	12	685	0	701
19635	3	0	681	15	0	699
19636	4	2	671	1	0	678
19637	2	672	13	3	0	690
19638	4	13	3	605	0	625
19639	4	0	0	636	0	640
19640	2	3	2	572	0	579
19641	2	1	2	636	0	641
19642	628	1	4	19	0	652
19643	639	1	1	3	0	644
19644	17	1	0	629	0	647
19645	2	2	618	13	0	635
19646	3	1	13	618	0	635
19647	4	2	1	637	0	644
19648	3	0	619	15	0	637
19649	3	1	10	607	0	621
19650	606	0	2	15	0	623
19651	615	1	1	4	0	621
19652	614	0	0	3	0	617
19653	14	1	2	599	0	616
19654	582	1	1	14	0	598
19655	583	1	1	3	0	588
19656	14	0	580	2	0	596
19657	3	0	434	2	0	439
19658	2	1	432	3	0	438
19659	395	0	1	0	0	396
19660	4	402	0	0	0	406
19661	408	1	1	0	0	410
19662	1	441	1	0	0	443
19663	0	2	1	439	0	442
19664	2	0	0	445	0	447
19665	0	1	0	444	0	445
19666	1	0	440	1	0	442
19667	424	1	1	1	0	427
19668	2	0	0	441	0	443
19669	0	0	440	1	0	441
19670	0	0	420	1	0	421
19671	422	0	1	0	0	423
19672	1	439	1	0	0	441
19673	434	0	0	2	0	436
19674	426	0	1	3	0	430
19675	0	429	1	0	0	430
19676	417	0	0	2	0	419
19677	0	1	434	0	0	435
19678	1	0	414	0	0	415
19679	1	0	432	0	0	433
19680	1	2	0	431	0	434
19681	2	1	437	0	0	440
19682	423	0	1	1	0	425
19683	430	0	1	1	0	432
19684	0	0	437	1	0	438
19685	0	0	1	432	0	433
19686	431	0	1	1	0	433
19687	1	446	0	2	0	449
19688	1	446	1	0	0	448
19689	448	0	1	1	0	450
19690	1	0	453	0	0	454
19691	0	1	0	432	0	433
19692	1	0	0	436	0	437
19693	2	0	0	440	0	442
19694	0	449	0	0	0	449
19695	1	1	0	428	0	430
19696	462	0	1	3	0	466
19697	5	0	1	476	0	482
19698	0	480	1	6	0	487
19699	489	5	0	2	0	496
19700	5	1	1	494	0	501
19701	2	0	0	512	0	514
19702	517	0	0	9	0	526
19703	523	1	2	1	0	527
19704	7	0	1	501	0	509
19705	515	0	0	7	0	522
19706	522	2	0	3	0	527
19707	9	513	0	2	0	524
19708	515	7	0	2	0	524
19709	8	513	2	1	0	524
19710	5	8	0	508	0	521
19711	3	2	524	8	0	537
19712	0	2	7	522	0	531
19713	2	1	2	527	0	532
19714	2	1	2	542	0	547
19715	540	0	1	10	0	551
19716	8	543	1	3	0	555
19717	551	8	0	2	0	561
19718	10	558	1	1	0	570
19719	574	9	0	4	0	587
19720	589	1	0	1	0	591
19721	585	3	0	3	0	591
19722	572	1	0	0	0	573
19723	13	1	591	1	0	606
19724	5	1	10	589	0	605
19725	4	0	2	615	0	621
19726	1	2	602	13	0	618
19727	577	0	11	5	0	593
19728	12	2	2	590	0	606
19729	3	0	580	15	0	598
19730	2	0	589	4	0	595
19731	1	0	14	592	0	607
19732	3	1	598	13	0	615
19733	3	1	13	592	0	609
19734	5	0	4	597	0	606
19735	1	2	584	16	0	603
19736	573	1	13	7	0	594
19737	15	2	4	583	0	604
19738	6	0	587	15	0	608
19739	4	0	12	597	0	613
19740	592	0	5	14	0	611
19741	16	1	586	3	0	606
19742	578	0	13	7	0	598
19743	609	1	5	6	0	621
19744	19	1	1	604	0	625
19745	8	1	1	604	0	614
19746	4	2	598	15	0	619
19747	5	1	14	597	0	617
19748	8	1	5	581	0	595
19749	3	1	4	611	0	619
19750	2	1	575	18	0	596
19751	573	1	14	8	0	596
19752	601	1	5	7	0	614
19753	616	0	3	7	0	626
19754	635	1	2	5	0	643
19755	19	1	1	628	0	649
19756	616	1	2	17	0	636
19757	626	1	3	3	0	633
19758	512	3	2	10	0	527
19759	622	0	2	6	0	630
19760	18	615	2	2	0	637
19761	626	12	1	5	0	644
19762	623	2	2	4	0	631
19763	17	609	3	4	0	633
19764	617	13	1	4	0	635
19765	18	2	4	616	0	640
19766	6	2	1	630	0	639
19767	615	0	1	20	0	636
19768	14	601	5	3	0	623
19769	6	600	2	3	0	611
19770	5	15	1	609	0	630
19771	4	4	605	14	0	627
19772	6	0	13	601	0	620
19773	6	1	3	617	0	627
19774	608	3	4	15	0	630
19775	616	2	0	8	0	626
19776	15	0	3	611	0	629
19777	3	1	597	17	0	618
19778	5	0	14	602	0	621
19779	617	1	3	19	0	640
19780	15	1	650	3	0	669
19781	9	654	12	4	0	679
19782	666	12	4	4	0	686
19783	13	2	2	670	0	687
19784	8	3	1	675	0	687
19785	7	1	3	692	0	703
19786	3	4	665	20	0	692
19787	624	1	12	11	0	648
19788	13	1	653	5	0	672
19789	5	650	12	5	0	672
19790	9	12	1	653	0	675
19791	6	2	3	662	0	673
19792	11	2	3	715	0	731
19793	7	1	702	23	0	733
19794	4	2	691	8	0	705
19795	6	2	696	7	0	711
19796	3	691	15	5	0	714
19797	4	14	6	694	0	718
19798	711	2	2	14	0	729
19799	756	4	3	3	0	766
19800	14	2	774	7	0	797
19801	5	791	14	4	0	814
19802	5	13	797	2	0	817
19803	3	816	12	5	0	836
19804	795	18	5	3	0	821
19805	793	4	5	3	0	805
19806	16	780	5	3	0	804
19807	789	18	2	3	0	812
19808	17	5	5	789	0	816
19809	6	7	2	805	0	820
19810	809	3	3	14	0	829
19811	782	5	2	7	0	796
19812	797	3	0	6	0	806
19813	20	760	2	6	0	788
19814	5	790	2	7	0	804
19815	791	13	0	6	0	810
19816	20	2	772	3	0	797
19817	8	7	12	767	0	794
19818	762	5	0	13	0	780
19819	14	749	4	1	0	768
19820	4	774	2	2	0	782
19821	768	14	2	2	0	786
19822	14	3	748	7	0	772
19823	714	4	12	6	0	736
19824	17	4	719	3	0	743
19825	4	4	727	1	0	736
19826	10	3	11	712	0	736
19827	4	2	749	9	0	764
19828	745	4	12	3	0	764
19829	773	0	5	6	0	784
19830	787	0	8	2	0	797
19831	788	1	3	5	0	797
19832	18	1	6	771	0	796
19833	772	2	2	11	0	787
19834	15	767	2	2	0	786
19835	10	9	2	755	0	776
19836	10	776	3	6	0	795
19837	808	10	1	6	0	825
19838	815	4	0	6	0	825
19839	13	6	2	806	0	827
19840	813	3	0	16	0	832
19841	828	4	2	4	0	838
19842	18	1	2	822	0	843
19843	13	0	0	819	0	832
19844	11	0	0	823	0	834
19845	8	2	798	11	0	819
19846	6	2	771	8	0	787
19847	7	2	806	7	0	822
19848	3	1	12	809	0	825
19849	2	2	822	15	0	841
19850	6	3	15	806	0	830
19851	3	2	874	15	0	894
19852	6	1	835	5	0	847
19853	830	0	12	10	0	852
19854	9	840	10	3	0	862
19855	843	10	7	5	0	865
19856	15	0	9	841	0	865
19857	4	4	7	845	0	860
19858	9	2	848	12	0	871
19859	3	844	15	6	0	868
19860	7	14	4	853	0	878
19861	5	5	863	13	0	886
19862	3	861	9	8	0	881
19863	6	11	3	865	0	885
19864	860	3	5	14	0	882
19865	864	5	4	4	0	877
19866	11	2	5	863	0	881
19867	860	6	1	15	0	882
19868	15	859	3	6	0	883
19869	8	12	2	867	0	889
19870	8	2	877	13	0	900
19871	5	4	11	889	0	909
19872	8	4	876	12	0	900
19873	858	6	10	2	0	876
19874	13	3	1	890	0	907
19875	6	885	7	13	0	911
19876	6	12	4	905	0	927
19877	4	0	894	19	0	917
19878	5	3	868	6	0	882
19879	4	2	858	9	0	873
19880	806	4	20	7	0	837
19881	14	828	7	4	0	853
19882	4	10	7	822	0	843
19883	821	3	7	13	0	844
19884	11	811	7	2	0	831
19885	839	10	4	6	0	859
19886	840	6	7	3	0	856
19887	859	2	4	4	0	869
19888	865	3	1	3	0	872
19889	15	7	838	3	0	863
19890	832	1	9	4	0	846
19891	18	2	831	3	0	854
19892	751	2	3	5	0	761
19893	11	0	5	787	0	803
19894	7	1	775	4	0	787
19895	7	759	5	2	0	773
19896	7	27	5	727	0	766
19897	5	752	3	4	0	764
19898	3	758	2	6	0	769
19899	704	5	5	2	0	716
19900	5	1	682	1	0	689
19901	1	662	2	2	0	667
19902	640	0	3	0	0	643
19903	1	646	0	0	0	647
19904	647	1	0	3	0	651
19905	1	3	1	643	0	648
19906	653	1	0	4	0	658
19907	3	0	1	646	0	650
19908	650	0	0	1	0	651
19909	1	1	0	651	0	653
19910	2	662	0	1	0	665
19911	1	2	0	676	0	679
19912	674	1	1	1	0	677
19913	1	668	2	2	0	673
19914	3	1	1	669	0	674
19915	676	1	0	2	0	679
19916	2	1	0	684	0	687
19917	2	0	0	676	0	678
19918	1	1	687	2	0	691
19919	0	1	670	2	0	673
19920	3	0	2	659	0	664
19921	1	1	700	1	0	703
19922	1	0	1	698	0	700
19923	3	0	1	643	0	647
19924	1	0	1	705	0	707
19925	1	0	696	3	0	700
19926	1	0	3	662	0	666
19927	1	0	2	667	0	670
19928	0	667	1	4	0	672
19929	1	1	2	665	0	669
19930	666	1	0	3	0	670
19931	1	0	0	688	0	689
19932	1	0	772	3	0	776
19933	734	0	4	3	0	741
19934	3	809	5	1	0	818
19935	5	3	1	819	0	828
19936	2	6	806	3	0	817
19937	760	2	3	8	0	773
19938	3	794	4	1	0	802
19939	798	4	2	3	0	807
19940	5	4	2	791	0	802
19941	786	2	1	4	0	793
19942	6	2	774	5	0	787
19943	6	763	3	3	0	775
19944	4	801	6	1	0	812
19945	807	6	2	5	0	820
19946	804	8	1	2	0	815
19947	9	1	809	0	0	819
19948	798	2	3	4	0	807
19949	803	2	5	4	0	814
19950	809	0	3	1	0	813
19951	12	764	1	0	0	777
19952	8	771	2	0	0	781
19953	779	8	0	2	0	789
19954	778	7	0	0	0	785
19955	10	779	1	0	0	790
19956	8	4	0	783	0	795
19957	3	7	793	3	0	806
19958	776	2	3	5	0	786
19959	730	4	5	4	0	743
19960	824	3	2	1	0	830
19961	9	798	1	2	0	810
19962	7	2	792	0	0	801
19963	800	6	3	2	0	811
19964	6	2	5	806	0	819
19965	6	1	3	818	0	828
19966	3	2	1	817	0	823
19967	2	0	824	8	0	834
19968	2	1	2	820	0	825
19969	0	0	831	7	0	838
19970	0	806	3	9	0	818
19971	793	2	5	6	0	806
19972	2	800	5	1	0	808
19973	5	807	1	2	0	815
19974	796	9	2	0	0	807
19975	4	818	0	1	0	823
19976	7	5	0	808	0	820
19977	2	813	1	3	0	819
19978	802	6	3	5	0	816
19979	6	811	0	2	0	819
19980	5	8	0	817	0	830
19981	2	6	814	6	0	828
19982	0	5	3	822	0	830
19983	3	828	3	8	0	842
19984	2	5	2	847	0	856
19985	1	5	1	830	0	837
19986	2	3	2	824	0	831
19987	0	2	0	861	0	863
19988	3	2	1	876	0	882
19989	2	1	0	879	0	882
19990	0	1	871	16	0	888
19991	863	1	7	14	0	885
19992	8	1	5	926	0	940
19993	7	1	914	14	0	936
19994	4	1	921	10	0	936
19995	3	0	16	934	0	953
19996	930	1	10	14	0	955
19997	11	0	906	8	0	925
19998	918	0	13	7	0	938
19999	12	0	934	3	0	949
20000	8	2	13	933	0	956
20001	10	1	8	944	0	963
20002	4	2	933	16	0	955
20003	903	1	13	11	0	928
20004	14	1	8	933	0	956
20005	8	1	931	13	0	953
20006	6	0	928	10	0	944
20007	9	2	17	900	0	928
20008	6	937	11	12	0	966
20009	956	10	6	9	0	981
20010	942	8	5	8	0	963
20011	18	3	942	2	0	965
20012	14	4	13	929	0	960
20013	945	4	8	14	0	971
20014	14	3	946	10	0	973
20015	927	1	12	5	0	945
20016	19	923	9	5	0	956
20017	10	9	7	961	0	987
20018	10	7	5	958	0	980
20019	977	5	4	17	0	1003
20020	12	5	4	988	0	1009
20021	15	4	1	958	0	978
20022	9	3	1	969	0	982
20023	950	1	4	23	0	978
20024	13	1	934	18	0	966
20025	943	0	10	14	0	967
20026	948	1	9	7	0	965
20027	965	0	7	6	0	978
20028	21	6	2	945	0	974
20029	22	2	969	11	0	1004
20030	10	932	12	11	0	965
20031	12	947	9	6	0	974
20032	7	902	7	3	0	919
20033	4	13	926	8	0	951
20034	5	7	13	1060	0	1085
20035	1099	0	7	19	0	1125
20036	1163	3	6	6	0	1178
20037	26	3	3	1203	0	1235
20038	13	5	1188	18	0	1224
20039	8	2	1197	6	0	1213
20040	3	1	26	1207	0	1237
20041	3	2	1218	21	0	1244
20042	8	2	23	1233	0	1266
20043	5	3	9	1231	0	1248
20044	3	1215	13	29	0	1260
20045	3	19	10	1234	0	1266
20046	6	8	5	1264	0	1283
20047	1240	4	7	30	0	1281
20048	30	1	2	1247	0	1280
20049	12	3	2	1263	0	1280
20050	1227	4	4	37	0	1272
20051	22	1223	6	22	0	1273
20052	1237	20	2	18	0	1277
20053	30	8	1226	8	0	1272
20054	1217	5	23	13	0	1258
20055	1232	2	8	14	0	1256
20056	36	4	1209	8	0	1257
20057	13	5	1199	7	0	1224
20058	16	2	30	1156	0	1204
20059	1155	2	19	25	0	1201
20060	30	1	1136	16	0	1183
20061	18	2	25	1140	0	1185
20062	16	2	1140	24	0	1182
20063	8	4	35	1135	0	1182
20064	13	4	11	1167	0	1195
20065	1150	2	12	36	0	1200
20066	1156	0	13	18	0	1187
20067	1170	1	3	18	0	1192
20068	35	4	1148	6	0	1193
20069	18	4	1139	7	0	1168
20070	9	2	40	1134	0	1185
20071	13	3	19	1147	0	1182
20072	14	2	11	1166	0	1193
20073	1133	1	3	38	0	1175
20074	27	1122	12	16	0	1177
20075	1109	19	11	16	0	1155
20076	1092	9	5	16	0	1122
20077	31	1077	9	13	0	1130
20078	20	1093	5	11	0	1129
20079	1089	28	4	11	0	1132
20080	28	14	6	1063	0	1111
20081	16	1061	5	29	0	1111
20082	17	20	4	1078	0	1119
20083	17	11	1039	35	0	1102
20084	16	8	21	1065	0	1110
20085	1049	4	17	38	0	1108
20086	23	5	1041	23	0	1092
20087	17	3	1011	19	0	1050
20088	15	17	31	969	0	1032
20089	13	954	20	25	0	1012
20090	10	955	13	24	0	1002
20091	11	982	9	18	0	1020
20092	960	21	6	14	0	1001
20093	957	10	4	15	0	986
20094	939	5	5	17	0	966
20095	29	931	6	15	0	981
20096	946	18	3	17	0	984
20097	940	10	7	10	0	967
20098	25	9	926	11	0	971
20099	14	907	23	8	0	952
20100	15	16	15	912	0	958
20101	907	7	8	28	0	950
20102	29	5	901	11	0	946
20103	15	4	23	893	0	935
20104	14	896	15	24	0	949
20105	14	17	11	898	0	940
20106	7	5	10	912	0	934
20107	904	5	10	31	0	950
20108	918	1	4	21	0	944
20109	27	2	6	901	0	936
20110	16	3	884	24	0	927
20111	11	5	878	18	0	912
20112	881	4	24	12	0	921
20113	40	0	885	7	0	932
20114	27	1	23	828	0	879
20115	14	867	17	19	0	917
20116	850	21	14	11	0	896
20117	23	855	10	15	0	903
20118	865	22	9	15	0	911
20119	28	10	6	860	0	904
20120	18	5	7	870	0	900
20121	854	7	5	34	0	900
20122	873	5	4	19	0	901
20123	39	6	5	853	0	903
20124	25	7	1	869	0	902
20125	15	8	840	27	0	890
20126	15	10	840	12	0	877
20127	837	6	25	10	0	878
20128	25	5	806	8	0	844
20129	804	5	20	16	0	845
20130	825	2	13	14	0	854
20131	28	2	789	13	0	832
20132	14	744	21	12	0	791
20133	12	762	13	4	0	791
20134	12	10	614	3	0	639
20135	9	35	15	548	0	607
20136	518	3	14	13	0	548
20137	513	1	0	2	0	516
20138	583	0	1	3	0	587
20139	692	1	1	1	0	695
20140	688	1	0	1	0	690
20141	19	699	1	1	0	720
20142	680	15	0	2	0	697
20143	16	672	0	2	0	690
20144	657	15	1	0	0	673
20145	18	3	646	0	0	667
20146	5	1	14	632	0	652
20147	4	1	2	626	0	633
20148	3	633	2	13	0	651
20149	635	15	3	2	0	655
20150	647	3	0	3	0	653
20151	17	3	0	622	0	642
20152	5	1	2	634	0	642
20153	625	0	0	21	0	646
20154	17	0	1	628	0	646
20155	2	1	0	645	0	648
20156	627	2	0	17	0	646
20157	19	0	1	631	0	651
20158	636	0	0	19	0	655
20159	637	0	0	8	0	645
20160	20	0	631	3	0	654
20161	633	0	14	5	0	652
20162	635	0	3	2	0	640
20163	634	0	1	2	0	637
20164	18	2	599	2	0	621
20165	10	0	14	600	0	624
20166	7	1	2	607	0	617
20167	4	0	593	16	0	613
20168	585	0	18	4	0	607
20169	16	1	1	586	0	604
20170	5	0	581	16	0	602
20171	2	3	600	3	0	608
20172	5	0	14	591	0	610
20173	2	0	606	18	0	626
20174	1	0	17	607	0	625
20175	3	0	4	616	0	623
20176	4	1	595	19	0	619
20177	0	1	17	583	0	601
20178	1	577	4	17	0	599
20179	2	616	2	5	0	625
20180	603	14	4	4	0	625
20181	615	3	2	5	0	625
20182	20	604	0	4	0	628
20183	598	15	3	1	0	617
20184	611	3	1	3	0	618
20185	19	4	0	583	0	606
20186	7	3	0	601	0	611
20187	583	2	3	17	0	605
20188	17	580	0	7	0	604
20189	4	601	2	4	0	611
20190	5	15	2	585	0	607
20191	8	4	590	14	0	616
20192	565	2	13	7	0	587
20193	578	1	4	7	0	590
20194	574	1	2	3	0	580
20195	21	568	1	2	0	592
20196	6	18	2	562	0	588
20197	5	3	0	588	0	596
20198	567	1	3	19	0	590
20199	19	564	2	4	0	589
20200	7	14	2	559	0	582
20201	5	3	0	574	0	582
20202	7	5	1	566	0	579
20203	555	3	2	19	0	579
20204	20	550	0	7	0	577
20205	9	18	0	531	0	558
20206	4	553	4	15	0	576
20207	546	16	1	6	0	569
20208	17	3	535	8	0	563
20209	526	2	15	10	0	553
20210	19	1	520	6	0	546
20211	7	8	16	508	0	539
20212	507	3	4	15	0	529
20213	14	1	508	6	0	529
20214	507	1	14	4	0	526
20215	509	0	7	5	0	521
20216	521	0	3	2	0	526
20217	18	0	4	497	0	519
20218	5	2	2	502	0	511
20219	8	0	1	503	0	512
20220	487	1	1	19	0	508
20221	17	506	1	6	0	530
20222	506	12	1	2	0	521
20223	521	0	1	4	0	526
20224	14	1	491	5	0	511
20225	489	2	13	5	0	509
20226	521	0	2	3	0	526
20227	16	1	2	513	0	532
20228	3	3	2	519	0	527
20229	5	2	0	508	0	515
20230	492	1	2	11	0	506
20231	494	1	3	2	0	500
20232	465	0	1	8	0	474
20233	14	444	5	0	0	463
20234	3	405	3	4	0	415
20235	2	413	0	6	0	421
20236	404	8	5	5	0	422
20237	10	3	395	4	0	412
20238	4	4	323	3	0	334
20239	213	0	2	1	0	216
20240	1	0	237	0	0	238
20241	2	0	0	194	0	196
20242	1	184	0	0	0	185
20243	201	0	0	0	0	201
20244	200	1	1	0	0	202
20245	196	0	0	0	0	196
20246	1	0	0	224	0	225
20247	2	0	232	0	0	234
20248	0	1	230	0	0	231
20249	232	0	0	2	0	234
20250	238	0	0	2	0	240
20251	240	0	0	1	0	241
20252	1	1	0	247	0	249
20253	0	1	0	249	0	250
20254	0	0	248	2	0	250
20255	247	1	0	1	0	249
20256	2	0	0	253	0	255
20257	0	1	1	252	0	254
20258	2	0	0	245	0	247
20259	0	253	1	1	0	255
20260	1	0	0	255	0	256
20261	1	0	1	254	0	256
20262	255	0	1	1	0	257
20263	1	2	253	0	0	256
20264	250	0	0	2	0	252
20265	256	0	0	0	0	256
20266	0	0	1	253	0	254
20267	1	0	0	253	0	254
20268	253	0	0	1	0	254
20269	2	0	249	0	0	251
20270	0	252	0	1	0	253
20271	1	2	0	245	0	248
20272	244	0	0	1	0	245
20273	0	0	1	229	0	230
20274	1	1	232	0	0	234
20275	2	0	237	0	0	239
20276	240	0	0	1	0	241
20277	0	0	1	248	0	249
20278	1	0	248	2	0	251
20279	249	0	0	0	0	249
20280	257	0	0	0	0	257
20281	0	0	0	260	0	260
20282	0	1	0	257	0	258
20283	1	259	0	0	0	260
20284	265	1	0	0	0	266
20285	2	0	0	270	0	272
20286	1	1	1	274	0	277
20287	0	0	286	0	0	286
20288	268	1	0	0	0	269
20289	277	0	0	1	0	278
20290	0	279	1	0	0	280
20291	0	0	270	0	0	270
20292	0	0	274	0	0	274
20293	0	0	1	270	0	271
20294	277	0	0	0	0	277
20295	0	0	0	271	0	271
20296	275	0	0	1	0	276
20297	278	0	0	0	0	278
20298	280	0	0	1	0	281
20299	0	0	0	281	0	281
20300	0	0	0	281	0	281
20301	284	0	0	1	0	285
20302	0	0	287	0	0	287
20303	275	0	0	1	0	276
20304	277	0	0	0	0	277
20305	0	0	285	0	0	285
20306	0	0	274	0	0	274
20307	0	281	0	0	0	281
20308	1	0	0	283	0	284
20309	284	0	1	0	0	285
20310	0	0	0	286	0	286
20311	0	0	288	0	0	288
20312	0	286	0	0	0	286
20313	0	279	0	0	0	279
20314	1	0	0	289	0	290
20315	0	1	0	289	0	290
20316	0	295	0	0	0	295
20317	0	0	293	0	0	293
20318	277	0	0	0	0	277
20319	301	0	0	1	0	302
20320	0	303	0	0	0	303
20321	285	0	0	1	0	286
20322	0	0	0	286	0	286
20323	281	0	0	0	0	281
20324	0	0	0	288	0	288
20325	0	307	0	1	0	308
20326	0	3	316	0	0	319
20327	0	0	1	357	0	358
20328	0	0	0	350	0	350
20329	0	0	0	386	0	386
20330	396	0	0	5	0	401
20331	5	0	0	395	0	400
20332	1	0	428	4	0	433
20333	0	1	450	1	0	452
20334	458	0	7	1	0	466
20335	6	0	468	0	0	474
20336	465	0	6	1	0	472
20337	6	0	1	496	0	503
20338	1	0	0	516	0	517
20339	0	0	0	543	0	543
20340	1	0	0	532	0	533
20341	525	0	1	10	0	536
20342	9	1	530	4	0	544
20343	3	0	8	523	0	534
20344	1	537	5	7	0	550
20345	540	6	1	5	0	552
20346	9	3	1	511	0	524
20347	508	0	1	8	0	517
20348	8	0	495	4	0	507
20349	4	0	6	489	0	499
20350	0	495	3	10	0	508
20351	497	7	1	5	0	510
20352	8	4	489	2	0	503
20353	5	0	9	485	0	499
20354	3	0	4	494	0	501
20355	486	1	0	11	0	498
20356	6	1	481	7	0	495
20357	5	0	487	3	0	495
20358	1	2	11	486	0	500
20359	5	0	476	8	0	489
20360	0	1	491	5	0	497
20361	4	1	10	485	0	500
20362	1	2	5	494	0	502
20363	6	0	1	505	0	512
20364	496	1	2	14	0	513
20365	9	498	1	10	0	518
20366	510	7	2	5	0	524
20367	9	2	3	506	0	520
20368	5	510	3	12	0	530
20369	4	9	3	518	0	534
20370	537	3	3	14	0	557
20371	10	558	3	6	0	577
20372	5	10	2	572	0	589
20373	2	4	587	13	0	606
20374	585	1	13	7	0	606
20375	11	1	5	586	0	603
20376	8	2	0	591	0	601
20377	1	2	584	18	0	605
20378	4	0	582	6	0	592
20379	576	4	14	4	0	598
20380	13	574	3	6	0	596
20381	5	9	3	577	0	594
20382	577	5	1	12	0	595
20383	10	6	575	7	0	598
20384	7	562	14	4	0	587
20385	4	9	8	571	0	592
20386	586	5	2	14	0	607
20387	564	2	4	14	0	584
20388	581	2	2	9	0	594
20389	13	571	3	9	0	596
20390	7	11	571	8	0	597
20391	6	3	11	578	0	598
20392	4	5	7	516	0	532
20393	3	0	4	595	0	602
20394	7	3	3	591	0	604
20395	584	3	6	12	0	605
20396	591	2	3	6	0	602
20397	17	1	569	7	0	594
20398	8	2	574	2	0	586
20399	569	1	14	7	0	591
20400	573	2	4	7	0	586
20401	15	4	3	553	0	575
20402	8	569	3	17	0	597
20403	568	12	2	11	0	593
20404	15	559	3	5	0	582
20405	6	570	5	8	0	589
20406	6	14	0	581	0	601
20407	6	6	3	593	0	608
20408	6	0	4	598	0	608
20409	5	2	5	592	0	604
20410	4	2	580	17	0	603
20411	570	0	13	8	0	591
20412	588	3	6	6	0	603
20413	20	1	3	581	0	605
20414	10	4	2	581	0	597
20415	574	2	3	18	0	597
20416	12	6	539	8	0	565
20417	561	3	12	5	0	581
20418	566	3	6	6	0	581
20419	13	4	556	10	0	583
20420	556	3	11	16	0	586
20421	15	1	5	576	0	597
20422	5	3	4	583	0	595
20423	7	2	2	587	0	598
20424	6	1	5	580	0	592
20425	545	2	4	20	0	571
20426	17	0	1	524	0	542
20427	8	1	5	471	0	485
20428	2	450	5	15	0	472
20429	3	448	1	6	0	458
20430	6	8	3	430	0	447
20431	431	2	2	12	0	447
20432	15	0	2	401	0	418
20433	4	1	374	7	0	386
20434	3	1	358	4	0	366
20435	354	1	7	4	0	366
20436	6	362	2	3	0	373
20437	324	3	8	1	0	336
20438	5	3	323	3	0	334
20439	2	9	4	296	0	311
20440	294	1	2	4	0	301
20441	4	294	0	1	0	299
20442	287	3	0	4	0	294
20443	5	2	317	0	0	324
20444	0	1	4	306	0	311
20445	1	0	1	321	0	323
20446	326	0	1	7	0	334
20447	333	0	0	3	0	336
20448	341	1	1	1	0	344
20449	339	0	1	0	0	340
20450	338	0	1	2	0	341
20451	3	338	1	1	0	343
20452	1	3	0	340	0	344
20453	344	1	1	4	0	350
20454	6	0	0	347	0	353
20455	1	0	1	351	0	353
20456	0	2	0	353	0	355
20457	2	346	0	4	0	352
20458	348	3	1	0	0	352
20459	3	2	0	342	0	347
20460	334	0	0	4	0	338
20461	331	0	0	2	0	333
20462	2	329	0	1	0	332
20463	323	3	0	1	0	327
20464	2	0	323	1	0	326
20465	316	0	2	0	0	318
20466	3	0	0	323	0	326
20467	1	0	331	3	0	335
20468	0	329	1	2	0	332
20469	1	3	325	0	0	329
20470	0	296	1	0	0	297
20471	270	2	10	0	0	282
20472	263	0	0	4	0	267
20473	255	0	0	0	0	255
20474	0	248	0	0	0	248
20475	245	0	0	1	0	246
20476	0	0	259	0	0	259
20477	0	0	261	0	0	261
20478	1	0	0	255	0	256
20479	0	0	0	266	0	266
20480	0	269	0	1	0	270
20481	274	0	0	0	0	274
20482	1	0	0	280	0	281
20483	0	280	0	0	0	280
20484	0	0	0	282	0	282
20485	280	0	0	2	0	282
20486	264	0	0	2	0	266
20487	0	0	260	0	0	260
20488	0	0	0	261	0	261
20489	0	0	256	1	0	257
20490	0	0	0	262	0	262
20491	0	0	260	0	0	260
20492	0	0	0	264	0	264
20493	0	0	267	0	0	267
20494	0	0	0	263	0	263
20495	0	0	264	0	0	264
20496	0	0	0	259	0	259
20497	0	0	0	264	0	264
20498	0	278	0	0	0	278
20499	0	0	0	285	0	285
20500	0	0	288	0	0	288
20501	0	0	0	284	0	284
20502	0	0	0	283	0	283
20503	286	0	0	1	0	287
20504	0	0	0	291	0	291
20505	0	0	0	283	0	283
20506	0	0	280	0	0	280
20507	272	0	0	1	0	273
20508	0	0	0	286	0	286
20509	0	0	0	284	0	284
20510	0	0	0	286	0	286
20511	287	0	0	1	0	288
20512	0	0	0	290	0	290
20513	0	0	0	288	0	288
20514	287	0	0	3	0	290
20515	0	292	0	0	0	292
20516	0	0	0	291	0	291
20517	0	0	0	296	0	296
20518	0	0	288	0	0	288
20519	266	0	0	2	0	268
20520	1	0	0	282	0	283
20521	0	0	276	0	0	276
20522	282	0	0	0	0	282
20523	1	0	0	285	0	286
20524	0	0	0	300	0	300
20525	0	0	0	305	0	305
20526	0	0	0	308	0	308
20527	0	0	336	1	0	337
20528	0	0	2	339	0	341
20529	0	0	0	411	0	411
20530	0	0	473	4	0	477
20531	494	1	6	6	0	507
20532	507	0	6	2	0	515
20533	514	0	2	2	0	518
20534	18	0	2	505	0	525
20535	519	0	0	7	0	526
20536	522	0	0	7	0	529
20537	15	0	0	519	0	534
20538	525	0	0	11	0	536
20539	522	0	0	6	0	528
20540	522	0	0	5	0	527
20541	530	0	0	2	0	532
20542	19	0	0	509	0	528
20543	12	476	0	8	0	496
20544	6	476	0	5	0	487
20545	2	488	0	4	0	494
20546	471	16	0	1	0	488
20547	481	10	0	0	0	491
20548	13	6	471	0	0	490
20549	487	2	8	1	0	498
20550	15	0	4	492	0	511
20551	8	0	4	491	0	503
20552	4	0	2	505	0	511
20553	489	0	0	21	0	510
20554	8	0	0	496	0	504
20555	6	479	0	14	0	499
20556	6	7	0	492	0	505
20557	2	6	498	12	0	518
20558	0	3	7	508	0	518
20559	500	1	7	12	0	520
20560	10	0	507	8	0	525
20561	8	1	9	509	0	527
20562	6	0	7	514	0	527
20563	6	0	4	513	0	523
20564	0	510	2	19	0	531
20565	3	8	0	521	0	532
20566	508	6	0	12	0	526
20567	500	3	0	12	0	515
20568	15	2	488	5	0	510
20569	11	1	494	3	0	509
20570	8	0	13	503	0	524
20571	4	0	11	510	0	525
20572	1	0	520	16	0	537
20573	3	1	11	511	0	526
20574	1	514	7	14	0	536
20575	534	10	3	8	0	555
20576	531	6	2	4	0	543
20577	528	4	0	2	0	534
20578	20	3	521	1	0	545
20579	13	0	10	514	0	537
20580	7	1	515	12	0	535
20581	507	0	16	7	0	530
20582	13	515	8	5	0	541
20583	10	10	4	513	0	537
20584	512	7	2	12	0	533
20585	15	6	0	514	0	535
20586	8	3	1	529	0	541
20587	8	0	514	19	0	541
20588	502	0	11	14	0	527
20589	15	514	7	6	0	542
20590	10	11	5	519	0	545
20591	526	6	1	11	0	544
20592	16	4	0	522	0	542
20593	520	2	0	17	0	539
20594	16	519	2	8	0	545
20595	536	11	0	6	0	553
20596	17	7	534	3	0	561
20597	550	4	11	1	0	566
20598	537	3	8	0	0	548
20599	542	2	5	2	0	551
20600	23	1	2	523	0	549
20601	14	1	1	522	0	538
20602	7	0	1	526	0	534
20603	5	514	0	23	0	542
20604	514	12	1	13	0	540
20605	14	7	0	519	0	540
20606	9	5	0	527	0	541
20607	9	2	0	521	0	532
20608	508	0	2	26	0	536
20609	13	1	1	521	0	536
20610	6	1	506	19	0	532
20611	5	513	13	9	0	540
20612	3	13	6	519	0	541
20613	2	6	5	531	0	544
20614	2	4	1	533	0	540
20615	1	2	514	24	0	541
20616	1	0	518	14	0	533
20617	1	0	18	512	0	531
20618	2	1	535	15	0	553
20619	0	1	14	551	0	566
20620	546	1	7	19	0	573
20621	572	0	4	10	0	586
20622	570	1	3	5	0	579
20623	24	0	552	3	0	579
20624	541	1	10	2	0	554
20625	18	0	6	541	0	565
20626	10	0	539	11	0	560
20627	6	0	525	8	0	539
20628	3	523	19	4	0	549
20629	1	460	8	3	0	472
20630	393	5	6	3	0	407
20631	6	1	0	378	0	385
20632	1	0	379	5	0	385
20633	2	0	5	384	0	391
20634	382	0	1	5	0	388
20635	4	1	419	1	0	425
20636	423	0	4	1	0	428
20637	450	0	2	1	0	453
20638	451	0	0	2	0	453
20639	7	443	0	0	0	450
20640	454	5	0	0	0	459
20641	6	1	0	457	0	464
20642	1	1	1	463	0	466
20643	2	0	0	460	0	462
20644	2	0	0	464	0	466
20645	452	0	0	7	0	459
20646	4	441	1	2	0	448
20647	1	436	0	2	0	439
20648	1	443	1	1	0	446
20649	444	6	0	0	0	450
20650	437	2	0	0	0	439
20651	437	0	0	2	0	439
20652	433	0	0	3	0	436
20653	7	0	0	434	0	441
20654	3	0	0	435	0	438
20655	429	0	1	8	0	438
20656	6	425	1	1	0	433
20657	418	8	0	0	0	426
20658	432	1	0	2	0	435
20659	8	1	0	431	0	440
20660	2	435	0	7	0	444
20661	3	4	1	440	0	448
20662	432	2	1	6	0	441
20663	7	0	442	2	0	451
20664	1	0	7	432	0	440
20665	2	438	0	7	0	447
20666	444	4	1	1	0	450
20667	449	2	0	1	0	452
20668	8	2	443	1	0	454
20669	3	436	6	1	0	446
20670	2	5	434	2	0	443
20671	2	4	4	431	0	441
20672	1	0	431	4	0	436
20673	1	0	421	1	0	423
20674	0	419	4	1	0	424
20675	418	3	2	2	0	425
20676	423	2	1	1	0	427
20677	4	434	0	1	0	439
20678	3	428	1	0	0	432
20679	1	3	415	1	0	420
20680	1	2	407	0	0	410
20681	0	1	420	0	0	421
20682	0	0	4	425	0	429
20683	0	0	429	2	0	431
20684	0	0	4	423	0	427
20685	0	1	1	425	0	427
20686	1	0	427	3	0	431
20687	1	426	2	2	0	431
20688	0	3	2	426	0	431
20689	423	2	1	2	0	428
20690	2	1	1	426	0	430
20691	1	0	427	3	0	431
20692	1	423	3	1	0	428
20693	0	444	2	2	0	448
20694	1	3	1	430	0	435
20695	429	2	0	4	0	435
20696	422	1	0	5	0	428
20697	3	1	1	423	0	428
20698	3	440	1	2	0	446
20699	2	2	0	440	0	444
20700	1	1	0	447	0	449
20701	0	1	0	450	0	451
20702	465	0	1	6	0	472
20703	6	470	0	2	0	478
20704	471	6	0	2	0	479
20705	477	1	0	3	0	481
20706	474	1	0	2	0	477
20707	491	0	0	0	0	491
20708	8	0	0	482	0	490
20709	4	1	484	5	0	494
20710	2	486	6	2	0	496
20711	494	6	1	3	0	504
20712	496	1	1	4	0	502
20713	511	1	1	2	0	515
20714	6	2	495	0	0	503
20715	496	0	5	1	0	502
20716	507	0	0	1	0	508
20717	8	0	1	498	0	507
20718	3	1	483	5	0	492
20719	1	465	5	3	0	474
20720	1	7	0	456	0	464
20721	457	0	1	5	0	463
20722	6	2	0	451	0	459
20723	1	1	0	473	0	475
20724	481	0	0	4	0	485
20725	6	0	471	1	0	478
20726	468	0	7	2	0	477
20727	470	1	0	0	0	471
20728	469	0	0	0	0	469
20729	464	0	0	2	0	466
20730	5	1	453	0	0	459
20731	1	1	6	452	0	460
20732	1	1	474	5	0	481
20733	2	0	6	469	0	477
20734	1	0	475	6	0	482
20735	415	0	7	4	0	426
20736	5	422	0	1	0	428
20737	3	421	1	1	0	426
20738	5	4	0	468	0	477
20739	2	2	1	488	0	493
20740	1	498	1	10	0	510
20741	502	7	1	4	0	514
20742	523	2	1	4	0	530
20743	542	1	2	1	0	546
20744	559	0	0	1	0	560
20745	14	0	2	553	0	569
20746	6	0	0	565	0	571
20747	570	0	1	15	0	586
20748	10	0	1	566	0	577
20749	5	2	552	11	0	570
20750	3	0	560	5	0	568
20751	3	1	13	560	0	577
20752	2	0	562	10	0	574
20753	553	0	11	5	0	569
20754	11	1	3	557	0	572
20755	559	1	0	11	0	571
20756	12	0	567	5	0	584
20757	8	0	11	565	0	584
20758	2	1	561	13	0	577
20759	1	563	12	5	0	581
20760	554	11	4	4	0	573
20761	560	5	2	1	0	568
20762	17	553	0	3	0	573
20763	553	9	0	4	0	566
20764	14	5	1	548	0	568
20765	8	1	2	557	0	568
20766	545	0	1	19	0	565
20767	12	538	3	7	0	560
20768	12	552	1	0	0	565
20769	4	15	1	548	0	568
20770	543	4	2	14	0	563
20771	552	2	5	4	0	563
20772	548	1	0	5	0	554
20773	16	0	535	4	0	555
20774	8	1	531	2	0	542
20775	3	522	16	6	0	547
20776	524	11	4	4	0	543
20777	14	5	5	511	0	535
20778	518	1	1	15	0	535
20779	525	0	1	8	0	534
20780	20	2	2	506	0	530
20781	13	1	507	11	0	532
20782	508	1	13	8	0	530
20783	11	4	8	509	0	532
20784	9	2	510	13	0	534
20785	509	2	11	10	0	532
20786	513	2	7	5	0	527
20787	21	2	2	503	0	528
20788	8	1	501	15	0	525
20789	2	5	10	499	0	516
20790	4	503	5	11	0	523
20791	6	10	501	9	0	526
20792	4	510	11	2	0	527
20793	497	12	7	2	0	518
20794	509	6	1	2	0	518
20795	511	0	1	1	0	513
20796	504	3	2	2	0	511
20797	24	0	2	480	0	506
20798	470	0	2	15	0	487
20799	15	3	2	468	0	488
20800	461	1	1	12	0	475
20801	13	449	1	11	0	474
20802	7	8	4	420	0	439
20803	7	422	3	7	0	439
20804	422	8	0	10	0	440
20805	427	5	5	1	0	438
20806	17	414	3	3	0	437
20807	11	7	2	412	0	432
20808	4	5	408	9	0	426
20809	6	5	8	402	0	421
20810	5	1	404	9	0	419
20811	6	5	6	375	0	392
20812	2	384	8	5	0	399
20813	381	8	0	4	0	393
20814	384	6	1	3	0	394
20815	17	2	2	373	0	394
20816	402	2	0	8	0	412
20817	12	0	1	400	0	413
20818	7	2	2	403	0	414
20819	11	0	1	404	0	416
20820	404	1	0	14	0	419
20821	403	1	1	8	0	413
20822	407	2	1	0	0	410
20823	13	386	0	4	0	403
20824	381	9	0	2	0	392
20825	9	375	1	2	0	387
20826	380	7	0	2	0	389
20827	7	9	1	372	0	389
20828	9	0	1	380	0	390
20829	369	1	2	10	0	382
20830	369	1	1	8	0	379
20831	13	366	2	1	0	382
20832	350	6	1	2	0	359
20833	9	6	0	337	0	352
20834	9	0	1	340	0	350
20835	339	1	0	11	0	351
20836	6	1	326	11	0	344
20837	9	309	6	2	0	326
20838	3	6	1	257	0	267
20839	2	2	237	5	0	246
20840	1	6	3	220	0	230
20841	224	0	2	3	0	229
20842	3	200	0	2	0	205
20843	1	182	0	1	0	184
20844	1	176	1	0	0	178
20845	3	0	1	163	0	167
20846	156	2	5	1	0	164
20847	1	0	0	157	0	158
20848	157	0	0	1	0	158
20849	155	0	0	2	0	157
20850	1	0	0	156	0	157
20851	161	0	1	1	0	163
20852	1	1	0	161	0	163
20853	0	0	160	2	0	162
20854	162	0	2	1	0	165
20855	1	0	177	1	0	179
20856	171	0	1	0	0	172
20857	1	1	176	0	0	178
20858	1	1	1	167	0	170
20859	0	1	1	166	0	168
20860	168	0	0	3	0	171
20861	3	0	0	172	0	175
20862	171	0	0	3	0	174
20863	2	165	0	1	0	168
20864	172	1	0	0	0	173
20865	1	1	0	183	0	185
20866	2	0	0	185	0	187
20867	1	0	0	186	0	187
20868	0	0	1	188	0	189
20869	1	0	186	2	0	189
20870	1	0	185	0	0	186
20871	1	0	2	186	0	189
20872	0	0	186	1	0	187
20873	0	179	1	2	0	182
20874	0	1	1	183	0	185
20875	1	1	189	1	0	192
20876	0	0	189	2	0	191
20877	1	0	1	190	0	192
20878	0	1	0	192	0	193
20879	1	192	0	1	0	194
20880	1	1	0	196	0	198
20881	0	0	195	2	0	197
20882	195	0	1	1	0	197
20883	3	0	0	200	0	203
20884	197	0	1	2	0	200
20885	195	0	1	0	0	196
20886	195	0	0	2	0	197
20887	2	0	196	0	0	198
20888	2	1	198	0	0	201
20889	190	0	2	3	0	195
20890	4	0	202	0	0	206
20891	2	0	3	196	0	201
20892	2	0	0	200	0	202
20893	0	0	196	3	0	199
20894	0	194	4	0	0	198
20895	195	2	0	1	0	198
20896	2	189	3	0	0	194
20897	1	199	0	2	0	202
20898	200	2	0	3	0	205
20899	3	0	215	0	0	218
20900	1	2	208	0	0	211
20901	3	0	3	218	0	224
20902	220	2	1	3	0	226
20903	3	223	1	0	0	227
20904	229	3	0	0	0	232
20905	3	0	230	0	0	233
20906	0	243	5	2	0	250
20907	1	4	1	248	0	254
20908	2	1	256	4	0	263
20909	1	3	4	256	0	264
20910	3	1	0	229	0	233
20911	0	1	2	261	0	264
20912	0	2	1	265	0	268
20913	256	0	0	8	0	264
20914	258	0	4	1	0	263
20915	7	0	259	2	0	268
20916	241	0	5	4	0	250
20917	7	241	1	2	0	251
20918	241	7	1	2	0	251
20919	8	0	240	1	0	249
20920	4	0	6	236	0	246
20921	0	0	239	5	0	244
20922	2	0	240	3	0	245
20923	0	2	5	237	0	244
20924	2	0	2	238	0	242
20925	0	1	237	7	0	245
20926	0	223	5	2	0	230
20927	1	235	3	0	0	239
20928	0	7	3	229	0	239
20929	227	1	1	7	0	236
20930	5	236	0	4	0	245
20931	3	5	238	0	0	246
20932	0	4	238	0	0	242
20933	2	2	243	0	0	247
20934	1	1	7	242	0	251
20935	240	1	2	5	0	248
20936	5	241	1	3	0	250
20937	1	6	242	1	0	250
20938	0	236	7	2	0	245
20939	0	6	4	239	0	249
20940	1	1	240	9	0	251
20941	2	238	2	3	0	245
20942	1	8	1	236	0	246
20943	2	1	2	246	0	251
20944	1	2	252	6	0	261
20945	2	1	6	241	0	250
20946	0	249	3	5	0	257
20947	3	6	247	1	0	257
20948	241	1	5	3	0	250
20949	7	0	1	251	0	259
20950	1	0	3	248	0	252
20951	0	245	2	8	0	255
20952	241	6	2	3	0	252
20953	4	1	243	2	0	250
20954	241	0	5	3	0	249
20955	4	1	2	229	0	236
20956	1	227	0	7	0	235
20957	1	7	0	227	0	235
20958	4	2	0	236	0	242
20959	234	0	2	6	0	242
20960	239	1	2	1	0	243
20961	5	1	2	232	0	240
20962	2	2	232	4	0	240
20963	222	0	5	5	0	232
20964	5	229	3	4	0	241
20965	4	5	1	228	0	238
20966	6	3	1	228	0	238
20967	0	4	1	232	0	237
20968	0	0	227	6	0	233
20969	3	1	5	218	0	227
20970	0	222	2	6	0	230
20971	0	6	2	212	0	220
20972	0	220	1	8	0	229
20973	0	5	1	222	0	228
20974	0	1	220	6	0	227
20975	205	1	4	1	0	211
20976	4	1	2	211	0	218
20977	3	0	213	6	0	222
20978	2	212	5	2	0	221
20979	213	4	1	5	0	223
20980	5	2	211	0	0	218
20981	213	1	4	0	0	218
20982	5	0	2	207	0	214
20983	2	0	2	211	0	215
20984	2	215	0	3	0	220
20985	218	2	0	4	0	224
20986	218	1	0	1	0	220
20987	4	236	0	4	0	244
20988	3	4	0	236	0	243
20989	2	1	0	240	0	243
20990	1	2	0	241	0	244
20991	0	0	235	6	0	241
20992	231	0	3	2	0	236
20993	4	1	1	238	0	244
20994	1	1	1	242	0	245
20995	2	0	236	6	0	244
20996	0	0	239	3	0	242
20997	1	0	4	252	0	257
20998	0	0	250	7	0	257
20999	236	0	3	1	0	240
21000	3	1	0	239	0	243
21001	0	0	0	241	0	241
21002	1	1	245	2	0	249
21003	1	0	2	240	0	243
21004	0	0	243	3	0	246
21005	1	237	4	0	0	242
21006	225	1	0	3	0	229
21007	222	1	2	1	0	226
21008	1	216	0	0	0	217
21009	3	1	0	217	0	221
21010	1	0	220	1	0	222
21011	1	1	0	218	0	220
21012	217	0	0	2	0	219
21013	0	218	0	1	0	219
21014	221	1	0	1	0	223
21015	2	0	0	221	0	223
21016	224	1	0	0	0	225
21017	1	219	0	0	0	220
21018	219	0	0	3	0	222
21019	2	0	216	0	0	218
21020	1	215	0	0	0	216
21021	1	0	0	220	0	221
21022	215	0	0	0	0	215
21023	220	1	0	0	0	221
21024	1	0	0	226	0	227
21025	231	0	0	1	0	232
21026	231	0	0	2	0	233
21027	242	0	0	2	0	244
21028	2	0	0	246	0	248
21029	1	1	248	1	0	251
21030	1	0	228	0	0	229
21031	0	0	235	1	0	236
21032	238	0	2	0	0	240
21033	1	0	1	236	0	238
21034	0	239	0	1	0	240
21035	1	1	0	242	0	244
21036	0	238	0	2	0	240
21037	245	1	0	1	0	247
21038	2	0	0	249	0	251
21039	0	1	0	265	0	266
21040	268	0	0	3	0	271
21041	2	0	0	268	0	270
21042	0	0	0	273	0	273
21043	272	0	0	3	0	275
21044	2	0	289	1	0	292
21045	0	0	3	297	0	300
21046	1	0	294	3	0	298
21047	297	0	4	1	0	302
21048	4	0	0	300	0	304
21049	304	0	1	3	0	308
21050	4	0	0	311	0	315
21051	0	0	318	4	0	322
21052	1	0	3	317	0	321
21053	330	0	0	4	0	334
21054	4	332	2	0	0	338
21055	0	4	329	1	0	334
21056	327	0	4	1	0	332
21057	4	343	0	0	0	347
21058	1	356	0	0	0	357
21059	0	386	1	0	0	387
21060	0	7	0	410	0	417
21061	412	1	1	7	0	421
21062	424	0	0	1	0	425
21063	7	0	415	1	0	423
21064	411	0	5	1	0	417
21065	6	409	1	1	0	417
21066	1	6	1	418	0	426
21067	442	1	0	6	0	449
21068	452	0	0	2	0	454
21069	459	1	0	1	0	461
21070	451	0	1	1	0	453
21071	461	0	0	1	0	462
21072	7	1	0	452	0	460
21073	2	1	450	5	0	458
21074	0	1	6	463	0	470
21075	0	0	1	473	0	474
21076	469	1	0	7	0	477
21077	6	453	0	3	0	462
21078	459	5	1	2	0	467
21079	462	1	0	1	0	464
21080	474	1	0	0	0	475
21081	482	0	0	1	0	483
21082	7	0	472	0	0	479
21083	475	0	4	0	0	479
21084	483	0	1	0	0	484
21085	436	0	0	3	0	439
21086	479	1	0	0	0	480
21087	8	1	0	455	0	464
21088	2	0	447	6	0	455
21089	443	0	5	3	0	451
21090	7	456	1	1	0	465
21091	2	6	1	446	0	455
21092	1	465	0	6	0	472
21093	1	6	0	464	0	471
21094	465	1	0	7	0	473
21095	467	1	0	2	0	470
21096	474	1	0	1	0	476
21097	8	0	439	1	0	448
21098	444	0	5	1	0	450
21099	10	0	439	0	0	449
21100	2	0	433	1	0	436
21101	2	0	469	0	0	471
21102	3	0	8	441	0	452
21103	0	1	2	465	0	468
21104	4	0	0	462	0	466
21105	3	2	0	460	0	465
21106	3	0	0	451	0	454
21107	5	1	0	463	0	469
21108	3	463	0	7	0	473
21109	463	6	0	2	0	471
21110	6	467	2	3	0	478
21111	4	6	1	473	0	484
21112	1	1	1	481	0	484
21113	471	0	0	9	0	480
21114	9	473	1	1	0	484
21115	476	7	1	1	0	485
21116	9	1	3	474	0	487
21117	5	1	0	481	0	487
21118	2	2	0	482	0	486
21119	1	1	473	9	0	484
21120	1	1	7	475	0	484
21121	5	0	468	8	0	481
21122	6	0	477	2	0	485
21123	5	1	501	0	0	507
21124	6	0	6	497	0	509
21125	2	2	3	502	0	509
21126	1	1	1	513	0	516
21127	500	1	1	12	0	514
21128	8	1	1	512	0	522
21129	515	1	1	8	0	525
21130	9	522	0	4	0	535
21131	538	7	0	2	0	547
21132	564	1	0	4	0	569
21133	11	581	2	2	0	596
21134	582	7	2	4	0	595
21135	586	2	2	4	0	594
21136	595	2	1	4	0	602
21137	596	1	2	0	0	599
21138	10	1	572	0	0	583
21139	5	567	7	2	0	581
21140	3	6	1	567	0	577
21141	565	1	1	8	0	575
21142	9	1	558	6	0	574
21143	5	549	8	2	0	564
21144	3	7	2	519	0	531
21145	3	527	0	7	0	537
21146	7	9	0	522	0	538
21147	3	5	1	540	0	549
21148	2	1	539	10	0	552
21149	5	0	524	3	0	532
21150	510	2	11	3	0	526
21151	11	2	524	1	0	538
21152	3	2	538	0	0	543
21153	3	3	5	521	0	532
21154	4	3	2	518	0	527
21155	6	507	0	8	0	521
21156	4	539	3	3	0	549
21157	3	6	531	3	0	543
21158	3	2	7	552	0	564
21159	2	3	519	4	0	528
21160	0	0	492	3	0	495
21161	1	492	1	2	0	496
21162	2	2	3	483	0	490
21163	488	1	2	4	0	495
21164	4	0	1	488	0	493
21165	490	1	3	3	0	497
21166	479	1	2	2	0	484
21167	472	0	0	4	0	476
21168	4	0	465	2	0	471
21169	464	1	3	2	0	470
21170	4	2	1	469	0	476
21171	468	0	3	3	0	474
21172	467	0	1	3	0	471
21173	3	467	3	2	0	475
21174	461	3	2	3	0	469
21175	2	4	462	0	0	468
21176	456	1	3	4	0	464
21177	465	0	1	4	0	470
21178	5	463	1	3	0	472
21179	466	6	2	1	0	475
21180	7	1	2	451	0	461
21181	6	1	1	449	0	457
21182	2	440	3	8	0	453
21183	4	3	1	447	0	455
21184	3	0	2	454	0	459
21185	6	1	443	4	0	454
21186	4	0	432	1	0	437
21187	424	3	6	0	0	433
21188	448	1	2	3	0	454
21189	7	0	2	446	0	455
21190	5	0	437	7	0	449
21191	6	434	7	1	0	448
21192	3	9	1	435	0	448
21193	5	1	440	8	0	454
21194	432	1	9	3	0	445
21195	9	1	2	446	0	458
21196	5	449	0	8	0	462
21197	4	9	1	446	0	460
21198	3	3	2	455	0	463
21199	7	0	4	456	0	467
21200	437	0	4	14	0	455
21201	14	2	2	424	0	442
21202	437	2	0	8	0	447
21203	450	2	1	6	0	459
21204	11	1	445	4	0	461
21205	2	451	10	3	0	466
21206	4	10	2	439	0	455
21207	3	456	2	11	0	472
21208	463	10	1	3	0	477
21209	12	0	4	459	0	475
21210	0	6	459	11	0	476
21211	3	2	468	5	0	478
21212	3	1	469	5	0	478
21213	471	1	10	3	0	485
21214	15	470	1	1	0	487
21215	470	14	2	4	0	490
21216	14	468	2	3	0	487
21217	3	10	5	472	0	490
21218	6	1	3	476	0	486
21219	5	471	0	9	0	485
21220	3	11	471	3	0	488
21221	5	477	10	3	0	495
21222	445	12	1	9	0	467
21223	13	0	2	443	0	458
21224	3	2	433	8	0	446
21225	4	2	436	2	0	444
21226	2	2	12	436	0	452
21227	6	4	432	9	0	451
21228	3	1	415	2	0	421
21229	402	1	10	3	0	416
21230	8	401	3	2	0	414
21231	380	8	2	2	0	392
21232	9	0	370	3	0	382
21233	1	343	9	2	0	355
21234	2	352	1	3	0	358
21235	2	9	5	349	0	365
21236	2	1	1	352	0	356
21237	3	0	3	359	0	365
21238	1	3	352	9	0	365
21239	2	3	7	344	0	356
21240	3	3	0	358	0	364
21241	352	1	1	13	0	367
21242	9	351	1	5	0	366
21243	1	9	2	353	0	365
21244	354	1	2	10	0	367
21245	357	1	2	3	0	363
21246	12	1	2	343	0	358
21247	3	1	335	11	0	350
21248	1	2	10	338	0	351
21249	0	2	338	12	0	352
21250	380	0	9	3	0	392
21251	423	1	1	3	0	428
21252	12	0	3	432	0	447
21253	2	1	435	15	0	453
21254	2	454	14	4	0	474
21255	3	15	464	1	0	483
21256	6	9	13	416	0	444
21257	1	435	4	12	0	452
21258	402	16	1	4	0	423
21259	18	3	1	393	0	415
21260	3	398	2	12	0	415
21261	403	15	1	2	0	421
21262	17	1	1	402	0	421
21263	3	397	0	18	0	418
21264	2	16	2	401	0	421
21265	2	2	412	15	0	431
21266	399	1	15	4	0	419
21267	420	1	3	0	0	424
21268	20	0	401	1	0	422
21269	2	395	14	2	0	413
21270	408	17	2	1	0	428
21271	17	2	1	401	0	421
21272	4	0	3	412	0	419
21273	2	0	0	422	0	424
21274	2	1	1	421	0	425
21275	3	1	1	413	0	418
21276	398	2	0	19	0	419
21277	410	0	0	6	0	416
21278	15	0	1	401	0	417
21279	4	0	0	417	0	421
21280	1	0	400	17	0	418
21281	1	0	406	4	0	411
21282	395	1	12	2	0	410
21283	14	0	3	397	0	414
21284	5	0	394	13	0	412
21285	2	0	11	399	0	412
21286	394	0	2	15	0	411
21287	409	0	4	2	0	415
21288	17	1	1	395	0	414
21289	3	0	2	405	0	410
21290	401	0	1	15	0	417
21291	13	1	1	402	0	417
21292	4	406	0	12	0	422
21293	3	9	1	406	0	419
21294	1	3	0	419	0	423
21295	1	0	410	13	0	424
21296	2	0	399	4	0	405
21297	1	414	9	2	0	426
21298	415	9	4	2	0	430
21299	422	4	1	2	0	429
21300	419	0	0	1	0	420
21301	13	406	1	2	0	422
21302	3	417	1	0	0	421
21303	400	11	1	1	0	413
21304	12	409	1	1	0	423
21305	4	6	390	1	0	401
21306	3	396	8	3	0	410
21307	3	8	397	2	0	410
21308	380	6	9	6	0	401
21309	400	2	3	2	0	407
21310	12	382	1	1	0	396
21311	388	10	1	2	0	401
21312	423	2	1	2	0	428
21313	419	2	1	4	0	426
21314	10	2	2	418	0	432
21315	417	1	0	9	0	427
21316	9	1	406	5	0	421
21317	419	2	8	2	0	431
21318	10	0	2	430	0	442
21319	4	1	427	8	0	440
21320	3	1	426	4	0	434
21321	5	0	7	438	0	450
21322	4	0	3	444	0	451
21323	438	0	1	12	0	451
21324	10	0	1	439	0	450
21325	2	0	434	12	0	448
21326	0	0	8	423	0	431
21327	3	432	3	10	0	448
21328	439	7	0	7	0	453
21329	9	2	1	443	0	455
21330	5	0	440	11	0	456
21331	2	437	7	4	0	450
21332	431	8	5	1	0	445
21333	10	2	1	453	0	466
21334	4	1	448	10	0	463
21335	3	440	9	6	0	458
21336	448	8	5	3	0	464
21337	448	2	3	2	0	455
21338	454	0	0	1	0	455
21339	11	0	0	448	0	459
21340	4	0	2	449	0	455
21341	444	0	2	12	0	458
21342	9	444	1	5	0	459
21343	447	7	0	3	0	457
21344	9	1	0	444	0	454
21345	453	0	0	10	0	463
21346	9	2	0	450	0	461
21347	3	1	2	450	0	456
21348	2	3	1	456	0	462
21349	2	3	2	462	0	469
21350	2	0	409	7	0	418
21351	2	0	359	3	0	364
21352	320	0	1	2	0	323
21353	2	1	337	0	0	340
21354	0	1	307	1	0	309
21355	296	0	0	0	0	296
21356	307	0	0	0	0	307
21357	0	0	0	322	0	322
21358	322	0	0	0	0	322
21359	0	332	0	1	0	333
21360	339	0	0	0	0	339
21361	338	0	0	0	0	338
21362	351	0	0	1	0	352
21363	0	0	0	355	0	355
21364	0	349	0	0	0	349
21365	0	342	1	0	0	343
21366	345	0	1	0	0	346
21367	341	0	0	0	0	341
21368	0	0	0	344	0	344
21369	0	0	0	341	0	341
21370	0	338	0	0	0	338
21371	335	0	0	0	0	335
21372	0	0	338	0	0	338
21373	0	0	0	335	0	335
21374	0	0	0	334	0	334
21375	0	0	332	0	0	332
21376	1	0	0	335	0	336
21377	0	251	0	0	0	251
21378	1	0	0	333	0	334
21379	0	0	0	335	0	335
21380	0	312	1	0	0	313
21381	0	333	0	0	0	333
21382	1	0	0	332	0	333
21383	335	0	0	0	0	335
21384	0	0	0	332	0	332
21385	0	1	0	335	0	336
21386	0	366	0	0	0	366
21387	0	0	0	372	0	372
21388	0	1	0	367	0	368
21389	1	0	0	369	0	370
21390	371	0	0	0	0	371
21391	0	0	0	374	0	374
21392	0	0	0	362	0	362
21393	0	0	0	365	0	365
21394	0	0	360	0	0	360
21395	337	0	0	0	0	337
21396	0	354	0	0	0	354
21397	349	0	0	0	0	349
21398	1	0	0	347	0	348
21399	0	0	346	0	0	346
21400	335	0	0	0	0	335
21401	1	0	390	0	0	391
21402	1	1	0	389	0	391
21403	403	0	0	2	0	405
21404	393	0	0	1	0	394
21405	405	0	0	0	0	405
21406	0	0	0	406	0	406
21407	0	0	0	402	0	402
21408	1	0	0	400	0	401
21409	0	395	0	0	0	395
21410	0	389	0	0	0	389
21411	0	390	0	0	0	390
21412	0	380	1	0	0	381
21413	2	0	0	385	0	387
21414	0	0	0	387	0	387
21415	384	0	0	1	0	385
21416	384	0	0	0	0	384
21417	383	0	0	0	0	383
21418	1	0	0	374	0	375
21419	0	0	0	377	0	377
21420	362	0	0	1	0	363
21421	358	0	0	1	0	359
21422	1	0	361	0	0	362
21423	1	0	347	1	0	349
21424	0	0	363	0	0	363
21425	0	0	378	0	0	378
21426	0	0	1	373	0	374
21427	372	0	0	1	0	373
21428	1	368	0	0	0	369
21429	1	1	0	375	0	377
21430	0	0	379	1	0	380
21431	0	400	1	0	0	401
21432	0	1	0	413	0	414
21433	0	0	405	1	0	406
21434	0	0	1	401	0	402
21435	0	0	0	415	0	415
21436	413	0	0	3	0	416
21437	2	0	0	414	0	416
21438	0	0	420	1	0	421
21439	1	0	1	417	0	419
21440	0	456	0	2	0	458
21441	0	1	0	491	0	492
21442	0	0	0	493	0	493
21443	0	0	0	499	0	499
21444	505	0	0	2	0	507
21445	503	0	0	2	0	505
21446	499	0	0	3	0	502
21447	500	0	0	1	0	501
21448	2	0	487	0	0	489
21449	481	0	1	1	0	483
21450	497	0	0	1	0	498
21451	1	0	487	0	0	488
21452	0	1	501	0	0	502
21453	0	0	1	515	0	516
21454	0	519	1	1	0	521
21455	527	1	0	0	0	528
21456	530	0	0	0	0	530
21457	527	0	0	2	0	529
21458	2	1	0	515	0	518
21459	0	525	0	2	0	527
21460	536	1	0	1	0	538
21461	537	0	0	3	0	540
21462	1	0	0	520	0	521
21463	0	0	508	1	0	509
21464	513	0	1	1	0	515
21465	2	1	0	522	0	525
21466	533	0	0	2	0	535
21467	1	0	0	538	0	539
21468	0	0	539	1	0	540
21469	567	0	2	0	0	569
21470	1	0	1	578	0	580
21471	0	0	0	583	0	583
21472	1	0	0	583	0	584
21473	1	0	1	583	0	585
21474	588	0	0	4	0	592
21475	1	0	0	588	0	589
21476	0	582	1	3	0	586
21477	0	1	0	595	0	596
21478	0	597	0	1	0	598
21479	0	2	0	614	0	616
21480	0	1	0	613	0	614
21481	0	608	0	1	0	609
21482	1	1	0	619	0	621
21483	0	0	0	618	0	618
21484	615	0	0	2	0	617
21485	2	1	632	0	0	635
21486	2	0	1	616	0	619
21487	622	0	0	3	0	625
21488	620	0	0	2	0	622
21489	627	0	0	0	0	627
21490	2	0	638	0	0	640
21491	0	0	640	0	0	640
21492	1	3	2	668	0	674
21493	673	0	2	2	0	677
21494	2	0	662	0	0	664
21495	657	0	2	0	0	659
21496	3	687	0	0	0	690
21497	0	2	0	707	0	709
21498	0	0	0	722	0	722
21499	735	0	0	2	0	737
21500	3	0	0	743	0	746
21501	708	0	0	3	0	711
21502	712	0	0	0	0	712
21503	2	0	0	701	0	703
21504	1	0	0	709	0	710
21505	707	0	0	2	0	709
21506	2	0	733	0	0	735
21507	727	0	2	2	0	731
21508	2	1	768	0	0	771
21509	769	0	2	3	0	774
21510	813	0	0	1	0	814
21511	802	0	0	3	0	805
21512	795	0	0	0	0	795
21513	2	783	0	1	0	786
21514	787	2	0	2	0	791
21515	794	0	0	0	0	794
21516	2	820	0	0	0	822
21517	825	1	0	2	0	828
21518	1	0	819	0	0	820
21519	814	0	2	0	0	816
21520	1	1	837	0	0	839
21521	1	0	1	843	0	845
21522	0	0	1	845	0	846
21523	0	0	855	1	0	856
21524	0	0	1	854	0	855
21525	10	2	4	558	0	574
21526	900	0	0	5	0	905
21527	2	0	0	911	0	913
21528	2	0	0	919	0	921
21529	0	0	0	924	0	924
21530	1	912	1	3	0	917
21531	0	2	0	902	0	904
21532	903	0	0	3	0	906
21533	3	0	915	1	0	919
21534	1	1	2	927	0	931
21535	0	0	927	3	0	930
21536	925	0	2	0	0	927
21537	2	1	1	972	0	976
21538	1	0	1222	4	0	1227
21539	4	0	8	1227	0	1239
21540	2	1	9	1200	0	1212
21541	1	1190	8	20	0	1219
21542	2	9	3	1230	0	1244
21543	3	14	1	1274	0	1292
21544	1	6	1266	32	0	1305
21545	0	4	18	1288	0	1310
21546	1	0	13	1299	0	1313
21547	1271	0	9	36	0	1316
21548	1274	1	5	22	0	1302
21549	29	1270	4	16	0	1319
21550	1295	18	2	12	0	1327
21551	1296	12	3	8	0	1319
21552	36	1308	3	6	0	1353
21553	19	23	3	1310	0	1355
21554	1310	13	2	26	0	1351
21555	1318	8	3	21	0	1350
21556	1316	5	1	17	0	1339
21557	35	1294	2	8	0	1339
21558	28	17	1317	5	0	1367
21559	1373	14	19	5	0	1411
21560	1376	10	14	3	0	1403
21561	38	1376	8	6	0	1428
21562	1393	21	6	5	0	1425
21563	1416	18	0	6	0	1440
21564	49	10	0	1388	0	1447
21565	27	9	1387	20	0	1443
21566	17	3	22	1412	0	1454
21567	16	2	14	1415	0	1447
21568	9	6	9	1433	0	1457
21569	5	3	1369	45	0	1422
21570	14	2	21	1356	0	1393
21571	11	3	15	1392	0	1421
21572	11	2	10	1403	0	1426
21573	7	5	8	1411	0	1431
21574	9	2	2	1424	0	1437
21575	6	1384	2	65	0	1457
21576	6	24	5	1431	0	1466
21577	7	17	3	1494	0	1521
21578	5	9	1457	52	0	1523
21579	3	6	26	1604	0	1639
21580	7	0	18	1636	0	1661
21581	6	3	11	1675	0	1695
21582	2	1	11	1701	0	1715
21583	1647	2	3	70	0	1722
21584	33	3	1	1692	0	1729
21585	21	7	4	1681	0	1713
21586	19	6	1603	60	0	1688
21587	14	1534	26	48	0	1622
21588	4	1624	20	37	0	1685
21589	1583	43	19	25	0	1670
21590	29	1597	13	23	0	1662
21591	28	39	5	1570	0	1642
21592	1566	29	3	49	0	1647
21593	37	13	1580	41	0	1671
21594	31	8	31	1587	0	1657
21595	17	1590	20	57	0	1684
21596	11	32	16	1578	0	1637
21597	7	1584	9	56	0	1656
21598	7	43	2	1605	0	1657
21599	1562	34	3	54	0	1653
21600	42	17	1565	37	0	1661
21601	30	16	32	1546	0	1624
21602	19	1568	29	44	0	1660
21603	1580	30	15	28	0	1653
21604	37	28	1560	24	0	1649
21605	25	19	35	1561	0	1640
21606	21	12	1526	46	0	1605
21607	23	5	41	1523	0	1592
21608	12	8	1489	57	0	1566
21609	7	7	46	1491	0	1551
21610	12	7	32	1473	0	1524
21611	1428	9	19	62	0	1518
21612	1446	10	12	43	0	1511
21613	63	13	2	1422	0	1500
21614	37	1417	5	51	0	1510
21615	24	37	3	1445	0	1509
21616	18	22	10	1434	0	1484
21617	1379	10	13	71	0	1473
21618	29	1374	10	54	0	1467
21619	1386	36	5	37	0	1464
21620	1386	22	5	34	0	1447
21621	61	1317	8	28	0	1414
21622	32	1394	10	21	0	1457
21623	1352	46	3	31	0	1432
21624	44	27	1329	28	0	1428
21625	1332	19	32	31	0	1414
21626	1329	17	22	28	0	1396
21627	72	1289	14	23	0	1398
21628	44	39	11	1208	0	1302
21629	22	1297	8	51	0	1378
21630	1285	49	12	30	0	1376
21631	1306	38	7	27	0	1378
21632	55	20	8	1276	0	1359
21633	45	21	6	1259	0	1331
21634	1222	10	3	71	0	1306
21635	47	1208	4	44	0	1303
21636	42	1195	6	30	0	1273
21637	28	1180	5	26	0	1239
21638	8	905	6	9	0	928
21639	5	923	2	19	0	949
21640	10	48	7	881	0	946
21641	10	19	850	34	0	913
21642	11	845	25	18	0	899
21643	796	27	9	12	0	844
21644	27	7	10	792	0	836
21645	787	9	7	26	0	829
21646	23	785	6	17	0	831
21647	789	21	7	11	0	828
21648	25	783	8	13	0	829
21649	15	16	13	783	0	827
21650	786	13	6	23	0	828
21651	792	11	5	21	0	829
21652	27	6	8	791	0	832
21653	18	7	4	791	0	820
21654	13	769	5	34	0	821
21655	22	18	0	781	0	821
21656	12	10	2	796	0	820
21657	9	10	0	786	0	805
21658	9	730	2	33	0	774
21659	664	18	0	21	0	703
21660	21	673	4	12	0	710
21661	668	20	1	12	0	701
21662	24	670	3	6	0	703
21663	17	22	647	5	0	691
21664	17	9	17	646	0	689
21665	8	15	639	16	0	678
21666	14	7	628	7	0	656
21667	8	8	22	628	0	666
21668	9	5	635	18	0	667
21669	11	1	21	621	0	654
21670	10	4	8	629	0	651
21671	12	3	7	640	0	662
21672	621	8	3	25	0	657
21673	19	7	1	623	0	650
21674	14	6	0	618	0	638
21675	574	5	0	24	0	603
21676	19	563	0	19	0	601
21677	12	508	0	13	0	533
21678	8	502	1	11	0	522
21679	3	20	2	350	0	375
21680	4	3	348	7	0	362
21681	295	6	10	3	0	314
21682	8	299	2	0	0	309
21683	295	10	0	0	0	305
21684	294	3	0	2	0	299
21685	293	3	1	2	0	299
21686	8	2	296	1	0	307
21687	2	5	6	298	0	311
21688	6	0	1	309	0	316
21689	4	1	2	308	0	315
21690	4	2	0	304	0	310
21691	3	290	1	7	0	301
21692	283	5	0	3	0	291
21693	5	1	256	3	0	265
21694	242	2	2	3	0	249
21695	6	2	0	234	0	242
21696	2	231	0	5	0	238
21697	2	235	0	5	0	242
21698	2	3	1	216	0	222
21699	3	219	0	1	0	223
21700	196	0	3	2	0	201
21701	1	0	193	1	0	195
21702	0	0	1	183	0	184
21703	0	0	0	190	0	190
21704	1	0	0	190	0	191
21705	0	1	0	187	0	188
21706	192	0	0	1	0	193
21707	1	203	0	1	0	205
21708	230	1	0	0	0	231
21709	1	1	0	234	0	236
21710	1	0	1	242	0	244
21711	0	245	1	6	0	252
21712	257	1	0	3	0	261
21713	263	0	1	0	0	264
21714	3	259	1	1	0	264
21715	1	1	0	245	0	247
21716	1	259	0	1	0	261
21717	257	2	0	1	0	260
21718	1	1	259	1	0	262
21719	1	0	251	1	0	253
21720	242	0	2	0	0	244
21721	1	249	2	0	0	252
21722	1	1	0	250	0	252
21723	0	1	1	253	0	255
21724	0	0	248	3	0	251
21725	1	0	1	250	0	252
21726	1	0	1	248	0	250
21727	1	242	1	2	0	246
21728	0	1	0	244	0	245
21729	1	1	0	242	0	244
21730	239	0	0	3	0	242
21731	1	235	0	2	0	238
21732	1	234	0	0	0	235
21733	0	3	0	234	0	237
21734	1	1	0	239	0	241
21735	0	0	1	241	0	242
21736	0	237	0	2	0	239
21737	0	2	0	236	0	238
21738	1	1	0	232	0	234
21739	2	0	0	234	0	236
21740	2	0	0	228	0	230
21741	0	224	1	2	0	227
21742	0	237	0	2	0	239
21743	230	1	0	2	0	233
21744	233	1	0	2	0	236
21745	2	0	0	232	0	234
21746	1	1	239	1	0	242
21747	1	0	1	237	0	239
21748	0	0	2	235	0	237
21749	233	0	0	2	0	235
21750	1	240	0	2	0	243
21751	1	0	0	241	0	242
21752	0	1	0	239	0	240
21753	0	0	233	1	0	234
21754	0	0	242	1	0	243
21755	1	0	1	239	0	241
21756	0	0	1	237	0	238
21757	0	237	0	2	0	239
21758	0	239	0	1	0	240
21759	240	1	0	0	0	241
21760	0	1	1	240	0	242
21761	1	0	252	0	0	253
21762	1	249	0	1	0	251
21763	1	1	1	251	0	254
21764	251	2	0	1	0	254
21765	1	1	0	254	0	256
21766	255	0	1	0	0	256
21767	1	254	2	2	0	259
21768	252	0	0	3	0	255
21769	0	2	0	257	0	259
21770	1	0	275	0	0	276
21771	0	0	1	276	0	277
21772	2	280	1	1	0	284
21773	0	2	0	279	0	281
21774	0	291	1	2	0	294
21775	0	1	0	299	0	300
21776	0	2	294	3	0	299
21777	1	0	287	2	0	290
21778	0	2	294	2	0	298
21779	292	1	3	3	0	299
21780	2	297	1	0	0	300
21781	2	296	1	1	0	300
21782	295	2	0	1	0	298
21783	296	2	0	1	0	299
21784	3	1	1	295	0	300
21785	2	1	292	2	0	297
21786	2	0	278	1	0	281
21787	1	0	4	278	0	283
21788	279	0	1	3	0	283
21789	3	276	0	2	0	281
21790	3	4	0	277	0	284
21791	282	1	0	3	0	286
21792	280	1	0	3	0	284
21793	3	0	276	1	0	280
21794	269	0	2	2	0	273
21795	2	1	286	1	0	290
21796	1	1	288	1	0	291
21797	1	0	2	285	0	288
21798	0	0	1	290	0	291
21799	1	1	1	290	0	293
21800	0	2	288	2	0	292
21801	289	0	2	1	0	292
21802	4	0	1	295	0	300
21803	288	1	1	3	0	293
21804	285	2	0	2	0	289
21805	4	290	0	1	0	295
21806	3	298	0	1	0	302
21807	1	287	1	3	0	292
21808	4	2	1	260	0	267
21809	0	1	264	3	0	268
21810	1	5	2	247	0	255
21811	1	249	0	6	0	256
21812	0	252	2	2	0	256
21813	0	3	0	241	0	244
21814	239	0	0	3	0	242
21815	4	236	0	0	0	240
21816	0	230	1	0	0	231
21817	234	3	0	0	0	237
21818	3	0	1	232	0	236
21819	0	0	1	236	0	237
21820	0	0	0	240	0	240
21821	238	0	0	3	0	241
21822	239	0	0	1	0	240
21823	2	0	1	239	0	242
21824	1	0	238	3	0	242
21825	236	0	3	0	0	239
21826	4	0	0	241	0	245
21827	1	0	246	4	0	251
21828	0	1	245	0	0	246
21829	0	0	5	251	0	256
21830	0	1	268	4	0	273
21831	0	0	4	289	0	293
21832	0	0	1	286	0	287
21833	1	0	0	310	0	311
21834	310	1	0	6	0	317
21835	5	1	0	310	0	316
21836	1	0	0	315	0	316
21837	1	0	0	316	0	317
21838	0	1	0	316	0	317
21839	0	1	308	6	0	315
21840	1	303	5	2	0	311
21841	0	5	0	302	0	307
21842	2	1	0	302	0	305
21843	0	293	0	6	0	299
21844	0	307	0	1	0	308
21845	302	6	0	0	0	308
21846	5	294	0	0	0	299
21847	1	4	0	292	0	297
21848	2	1	294	5	0	302
21849	290	0	5	1	0	296
21850	5	0	291	0	0	296
21851	293	0	5	0	0	298
21852	304	0	1	0	0	305
21853	6	0	303	0	0	309
21854	2	0	5	288	0	295
21855	0	296	1	5	0	302
21856	0	5	0	306	0	311
21857	316	1	0	5	0	322
21858	324	0	0	1	0	325
21859	6	322	0	0	0	328
21860	319	5	0	1	0	325
21861	5	1	0	306	0	312
21862	303	0	0	5	0	308
21863	311	0	0	2	0	313
21864	6	0	1	309	0	316
21865	311	0	0	6	0	317
21866	304	1	0	1	0	306
21867	7	1	298	0	0	306
21868	292	0	5	2	0	299
21869	6	0	293	0	0	299
21870	1	0	269	0	0	270
21871	0	279	4	0	0	283
21872	1	3	1	281	0	286
21873	0	1	284	5	0	290
21874	0	0	276	2	0	278
21875	274	1	4	2	0	281
21876	4	0	1	274	0	279
21877	2	0	0	288	0	290
21878	0	0	0	286	0	286
21879	0	0	0	291	0	291
21880	1	0	0	293	0	294
21881	0	0	285	5	0	290
21882	1	0	289	1	0	291
21883	1	0	5	288	0	294
21884	286	0	0	5	0	291
21885	3	286	2	1	0	292
21886	1	3	0	290	0	294
21887	287	1	0	5	0	293
21888	3	286	0	2	0	291
21889	2	3	0	289	0	294
21890	0	0	0	294	0	294
21891	0	0	0	290	0	290
21892	285	0	0	5	0	290
21893	3	0	284	2	0	289
21894	282	0	4	1	0	287
21895	3	0	1	286	0	290
21896	1	0	0	280	0	281
21897	0	284	0	5	0	289
21898	0	3	281	1	0	285
21899	280	2	3	0	0	285
21900	284	0	1	0	0	285
21901	4	1	279	0	0	284
21902	271	0	3	1	0	275
21903	3	274	2	0	0	279
21904	2	291	0	0	0	293
21905	0	287	0	0	0	287
21906	276	4	0	0	0	280
21907	5	1	275	0	0	281
21908	1	1	4	264	0	270
21909	0	259	1	2	0	262
21910	0	263	0	1	0	264
21911	0	262	0	1	0	263
21912	1	4	0	211	0	216
21913	254	1	0	4	0	259
21914	2	259	0	1	0	262
21915	2	2	0	265	0	269
21916	0	1	0	268	0	269
21917	260	0	0	3	0	263
21918	3	0	0	259	0	262
21919	1	0	0	269	0	270
21920	1	0	265	3	0	269
21921	0	0	2	260	0	262
21922	0	0	2	268	0	270
21923	265	0	0	3	0	268
21924	268	0	1	1	0	270
21925	3	0	1	264	0	268
21926	259	1	0	1	0	261
21927	251	0	0	3	0	254
21928	2	254	1	0	0	257
21929	1	1	253	0	0	255
21930	1	234	1	0	0	236
21931	2	5	0	201	0	208
21932	193	0	2	1	0	196
21933	0	194	1	1	0	196
21934	0	0	0	193	0	193
21935	192	1	0	1	0	194
21936	190	0	0	0	0	190
21937	0	0	0	191	0	191
21938	0	0	198	1	0	199
21939	1	0	0	202	0	203
21940	0	1	0	202	0	203
21941	0	0	203	1	0	204
21942	1	0	0	202	0	203
21943	0	1	0	201	0	202
21944	211	0	0	1	0	212
21945	0	0	0	213	0	213
21946	0	0	0	214	0	214
21947	213	0	0	0	0	213
21948	208	0	1	0	0	209
21949	208	0	0	0	0	208
21950	0	0	201	1	0	202
21951	0	0	0	194	0	194
21952	0	194	0	0	0	194
21953	0	0	0	195	0	195
21954	0	0	195	0	0	195
21955	0	0	0	184	0	184
21956	0	0	182	0	0	182
21957	170	0	0	0	0	170
21958	166	0	0	1	0	167
21959	0	0	0	168	0	168
21960	0	0	0	160	0	160
21961	0	0	0	160	0	160
21962	0	175	0	0	0	175
21963	169	0	0	0	0	169
21964	179	0	0	0	0	179
21965	0	0	0	181	0	181
21966	0	0	0	187	0	187
21967	0	0	0	193	0	193
21968	0	0	0	193	0	193
21969	0	0	190	0	0	190
21970	0	0	0	193	0	193
21971	179	0	0	0	0	179
21972	177	0	0	0	0	177
21973	0	0	0	173	0	173
21974	0	0	170	0	0	170
21975	166	0	0	0	0	166
21976	0	0	0	171	0	171
21977	0	162	0	1	0	163
21978	0	174	0	0	0	174
21979	175	1	0	0	0	176
21980	1	0	0	179	0	180
21981	0	0	0	186	0	186
21982	0	0	0	191	0	191
21983	0	0	0	189	0	189
21984	0	0	0	197	0	197
21985	0	0	192	2	0	194
21986	0	0	194	1	0	195
21987	0	0	195	0	0	195
21988	0	0	2	194	0	196
21989	1	0	207	2	0	210
21990	1	0	2	203	0	206
21991	0	0	1	209	0	210
21992	0	0	0	212	0	212
21993	219	0	0	3	0	222
21994	3	0	0	219	0	222
21995	1	0	0	221	0	222
21996	218	0	0	3	0	221
21997	3	223	0	1	0	227
21998	1	233	0	1	0	235
21999	230	4	0	1	0	235
22000	3	237	1	0	0	241
22001	236	3	0	1	0	240
22002	242	1	0	0	0	243
22003	246	0	0	0	0	246
22004	235	0	0	0	0	235
22005	233	0	0	1	0	234
22006	4	229	0	1	0	234
22007	231	3	0	1	0	235
22008	241	2	0	0	0	243
22009	4	255	0	0	0	259
22010	295	3	0	1	0	299
22011	305	1	0	1	0	307
22012	342	0	0	1	0	343
22013	354	0	0	1	0	355
22014	5	0	368	1	0	374
22015	1	0	5	387	0	393
22016	0	0	1	393	0	394
22017	1	0	389	5	0	395
22018	1	0	387	3	0	391
22019	385	0	5	3	0	393
22020	4	0	4	393	0	401
22021	2	0	394	4	0	400
22022	2	1	389	1	0	393
22023	388	1	5	2	0	396
22024	400	1	3	0	0	404
22025	398	0	2	1	0	401
22026	7	0	398	1	0	406
22027	2	0	4	408	0	414
22028	2	0	404	5	0	411
22029	410	0	6	2	0	418
22030	4	0	416	3	0	423
22031	1	0	6	413	0	420
22032	2	0	3	415	0	420
22033	0	418	3	4	0	425
22034	422	4	0	3	0	429
22035	5	1	428	0	0	434
22036	421	2	4	1	0	428
22037	6	0	442	1	0	449
22038	2	0	6	431	0	439
22039	3	0	1	437	0	441
22040	1	0	2	435	0	438
22041	436	0	0	8	0	444
22042	7	0	0	432	0	439
22043	2	1	0	438	0	441
22044	2	426	1	5	0	434
22045	2	4	0	430	0	436
22046	425	2	0	6	0	433
22047	8	2	424	1	0	435
22048	4	0	4	421	0	429
22049	5	0	423	5	0	433
22050	2	420	5	4	0	431
22051	2	4	425	3	0	434
22052	421	2	10	1	0	434
22053	434	1	2	1	0	438
22054	7	0	1	426	0	434
22055	432	0	2	5	0	439
22056	434	0	4	1	0	439
22057	7	0	1	429	0	437
22058	5	0	1	434	0	440
22059	5	0	435	5	0	445
22060	2	435	7	3	0	447
22061	437	4	2	4	0	447
22062	6	422	1	3	0	432
22063	3	7	2	420	0	432
22064	4	1	2	417	0	424
22065	0	2	3	418	0	423
22066	3	0	1	408	0	412
22067	1	1	403	8	0	413
22068	390	1	5	5	0	401
22069	401	0	1	3	0	405
22070	7	1	2	397	0	407
22071	402	1	0	3	0	406
22072	7	0	2	405	0	414
22073	2	0	403	8	0	413
22074	3	1	5	401	0	410
22075	1	401	2	9	0	413
22076	2	3	2	393	0	400
22077	0	407	2	8	0	417
22078	2	5	0	399	0	406
22079	1	399	1	5	0	406
22080	390	6	0	4	0	400
22081	4	2	393	2	0	401
22082	2	377	4	3	0	386
22083	3	383	2	5	0	393
22084	1	3	5	377	0	386
22085	3	2	2	369	0	376
22086	3	1	2	377	0	383
22087	2	0	1	379	0	382
22088	1	373	2	6	0	382
22089	3	1	3	369	0	376
22090	5	1	0	368	0	374
22091	367	1	0	3	0	371
22092	3	1	0	368	0	372
22093	2	0	358	5	0	365
22094	3	1	354	3	0	361
22095	346	1	2	4	0	353
22096	3	351	3	2	0	359
22097	0	349	4	1	0	354
22098	5	2	0	343	0	350
22099	2	2	0	347	0	351
22100	0	3	338	5	0	346
22101	323	0	2	5	0	330
22102	335	0	2	5	0	342
22103	4	0	352	2	0	358
22104	3	0	342	3	0	348
22105	357	1	2	3	0	363
22106	363	0	1	3	0	367
22107	362	1	3	3	0	369
22108	355	0	1	4	0	360
22109	3	336	0	3	0	342
22110	286	1	0	3	0	290
22111	3	2	282	0	0	287
22112	0	2	255	2	0	259
22113	3	1	258	0	0	262
22114	1	13	9	209	0	232
22115	213	0	0	0	0	213
22116	212	0	0	0	0	212
22117	0	0	0	212	0	212
22118	2	0	0	200	0	202
22119	1	0	0	210	0	211
22120	0	232	0	0	0	232
22121	235	0	0	0	0	235
22122	233	0	0	0	0	233
22123	235	0	0	0	0	235
22124	234	0	0	0	0	234
22125	233	0	0	1	0	234
22126	0	0	0	235	0	235
22127	0	227	0	0	0	227
22128	1	0	2	217	0	220
22129	1	0	0	215	0	216
22130	213	0	0	0	0	213
22131	0	0	216	0	0	216
22132	0	0	211	0	0	211
22133	0	0	221	0	0	221
22134	226	0	0	0	0	226
22135	228	0	0	0	0	228
22136	0	0	0	237	0	237
22137	0	0	0	227	0	227
22138	0	0	0	228	0	228
22139	0	0	233	0	0	233
22140	0	0	0	228	0	228
22141	0	0	243	0	0	243
22142	0	0	0	243	0	243
22143	0	0	0	244	0	244
22144	0	0	0	247	0	247
22145	250	0	0	0	0	250
22146	252	0	0	0	0	252
22147	0	0	249	0	0	249
22148	248	0	0	0	0	248
22149	247	0	0	0	0	247
22150	0	0	0	248	0	248
22151	249	0	0	0	0	249
22152	0	0	0	250	0	250
22153	0	0	1	252	0	253
22154	0	0	248	1	0	249
22155	247	0	1	0	0	248
22156	3	0	0	253	0	256
22157	0	0	263	3	0	266
22158	0	0	280	1	0	281
22159	0	0	2	272	0	274
22160	0	1	0	276	0	277
22161	276	0	0	2	0	278
22162	3	0	0	282	0	285
22163	1	0	0	285	0	286
22164	0	0	0	288	0	288
22165	1	0	0	319	0	320
22166	329	0	0	3	0	332
22167	331	1	0	0	0	332
22168	335	0	0	3	0	338
22169	341	0	0	1	0	342
22170	5	0	0	352	0	357
22171	356	0	1	3	0	360
22172	5	0	1	352	0	358
22173	353	0	0	6	0	359
22174	6	0	0	354	0	360
22175	1	0	0	362	0	363
22176	2	360	0	3	0	365
22177	0	3	0	351	0	354
22178	353	0	0	6	0	359
22179	349	2	1	0	0	352
22180	3	0	351	3	0	357
22181	2	350	3	0	0	355
22182	357	3	0	2	0	362
22183	4	358	1	1	0	364
22184	359	4	0	2	0	365
22185	6	376	0	0	0	382
22186	2	4	379	0	0	385
22187	1	379	4	1	0	385
22188	2	387	0	0	0	389
22189	1	4	0	395	0	400
22190	405	3	0	5	0	413
22191	3	1	0	409	0	413
22192	2	0	1	418	0	421
22193	411	1	0	5	0	417
22194	412	0	1	5	0	418
22195	6	0	0	414	0	420
22196	4	0	0	423	0	427
22197	3	0	1	418	0	422
22198	413	1	1	6	0	421
22199	5	0	414	4	0	423
22200	2	1	3	420	0	426
22201	4	0	433	4	0	441
22202	1	429	4	2	0	436
22203	0	3	414	5	0	422
22204	1	2	6	413	0	422
22205	0	3	408	5	0	416
22206	404	0	4	4	0	412
22207	5	1	1	410	0	417
22208	3	428	2	6	0	439
22209	4	3	0	434	0	441
22210	2	423	0	7	0	432
22211	2	428	1	1	0	432
22212	0	424	0	4	0	428
22213	3	6	0	402	0	411
22214	2	405	0	5	0	412
22215	406	5	0	2	0	413
22216	3	2	404	3	0	412
22217	3	2	401	2	0	408
22218	3	0	417	3	0	423
22219	3	2	7	417	0	429
22220	1	0	6	401	0	408
22221	3	0	1	398	0	402
22222	2	1	1	406	0	410
22223	4	1	1	397	0	403
22224	4	400	2	8	0	414
22225	5	4	403	4	0	416
22226	2	1	394	7	0	404
22227	4	406	4	1	0	415
22228	2	3	3	418	0	426
22229	5	2	2	420	0	429
22230	2	3	1	429	0	435
22231	411	1	0	11	0	423
22232	7	1	403	4	0	415
22233	398	2	5	4	0	409
22234	394	3	1	1	0	399
22235	7	394	3	4	0	408
22236	5	392	2	4	0	403
22237	402	6	0	3	0	411
22238	5	4	1	406	0	416
22239	4	5	0	420	0	429
22240	8	0	435	6	0	449
22241	2	2	424	5	0	433
22242	1	2	6	446	0	455
22243	448	4	3	5	0	460
22244	5	3	484	2	0	494
22245	503	2	3	5	0	513
22246	10	2	2	505	0	519
22247	1	2	4	532	0	539
22248	5	2	2	546	0	555
22249	1	2	545	9	0	557
22250	3	538	6	7	0	554
22251	3	561	2	6	0	572
22252	571	6	2	2	0	581
22253	576	3	0	5	0	584
22254	10	3	0	576	0	589
22255	579	1	1	7	0	588
22256	11	1	577	4	0	593
22257	1	2	579	4	0	586
22258	6	3	6	571	0	586
22259	587	0	5	8	0	600
22260	6	2	3	596	0	607
22261	4	0	3	614	0	621
22262	604	0	4	9	0	617
22263	619	2	4	6	0	631
22264	9	627	2	6	0	644
22265	614	7	0	3	0	624
22266	9	1	0	609	0	619
22267	3	610	0	9	0	622
22268	609	7	0	2	0	618
22269	10	615	3	1	0	629
22270	1	11	0	606	0	618
22271	604	1	0	9	0	614
22272	8	1	600	3	0	612
22273	1	2	601	2	0	606
22274	3	1	8	601	0	613
22275	1	2	3	610	0	616
22276	2	0	1	603	0	606
22277	2	618	0	9	0	629
22278	633	10	2	5	0	650
22279	634	2	2	4	0	642
22280	648	1	0	2	0	651
22281	13	665	0	3	0	681
22282	4	11	1	701	0	717
22283	2	5	0	703	0	710
22284	3	2	0	712	0	717
22285	682	0	1	13	0	696
22286	14	673	1	3	0	691
22287	2	13	0	675	0	690
22288	4	1	0	679	0	684
22289	0	1	659	14	0	674
22290	0	646	12	4	0	662
22291	3	12	1	646	0	662
22292	4	3	1	642	0	650
22293	2	1	0	649	0	652
22294	632	2	1	17	0	652
22295	12	634	2	3	0	651
22296	635	13	0	3	0	651
22297	14	2	0	634	0	650
22298	631	2	0	13	0	646
22299	12	2	618	5	0	637
22300	628	0	11	4	0	643
22301	629	2	1	3	0	635
22302	15	0	624	1	0	640
22303	2	2	9	629	0	642
22304	5	3	1	627	0	636
22305	644	0	4	17	0	665
22306	14	0	3	652	0	669
22307	4	1	2	660	0	667
22308	3	2	2	649	0	656
22309	3	0	631	18	0	652
22310	604	1	12	10	0	627
22311	18	640	1	3	0	662
22312	4	13	2	632	0	651
22313	3	646	0	14	0	663
22314	2	665	0	7	0	674
22315	3	12	4	657	0	676
22316	4	3	661	13	0	681
22317	1	4	666	3	0	674
22318	4	0	12	658	0	674
22319	2	3	659	13	0	677
22320	659	4	14	6	0	683
22321	15	1	1	673	0	690
22322	4	1	6	677	0	688
22323	4	668	3	13	0	688
22324	2	13	0	672	0	687
22325	2	2	3	671	0	678
22326	2	662	2	17	0	683
22327	3	13	1	673	0	690
22328	2	3	0	671	0	676
22329	1	660	2	13	0	676
22330	657	14	1	6	0	678
22331	16	2	658	5	0	681
22332	2	4	666	1	0	673
22333	6	2	15	657	0	680
22334	2	2	4	675	0	683
22335	0	4	655	17	0	676
22336	2	1	647	7	0	657
22337	619	1	13	6	0	639
22338	14	650	4	2	0	670
22339	631	15	1	5	0	652
22340	14	2	607	7	0	630
22341	1	610	13	8	0	632
22342	3	12	4	625	0	644
22343	4	4	651	12	0	671
22344	1	5	618	4	0	628
22345	3	4	10	610	0	627
22346	0	1	615	14	0	630
22347	2	597	12	2	0	613
22348	4	11	1	588	0	604
22349	2	1	597	11	0	611
22350	0	595	14	6	0	615
22351	585	9	2	7	0	603
22352	10	3	579	2	0	594
22353	4	575	10	2	0	591
22354	12	8	5	562	0	587
22355	2	7	2	588	0	599
22356	576	1	1	13	0	591
22357	11	1	3	575	0	590
22358	7	4	1	561	0	573
22359	547	1	0	17	0	565
22360	8	0	1	549	0	558
22361	4	1	525	10	0	540
22362	1	1	9	523	0	534
22363	0	0	515	13	0	528
22364	4	2	484	3	0	493
22365	0	1	495	7	0	503
22366	3	0	11	465	0	479
22367	1	4	3	481	0	489
22368	478	2	3	11	0	494
22369	8	0	3	466	0	477
22370	4	484	4	5	0	497
22371	0	6	1	498	0	505
22372	1	3	0	495	0	499
22373	2	491	2	10	0	505
22374	488	5	2	5	0	500
22375	480	3	4	1	0	488
22376	7	479	3	4	0	493
22377	4	462	0	4	0	470
22378	2	10	3	457	0	472
22379	466	2	2	5	0	475
22380	6	2	458	3	0	469
22381	2	2	419	2	0	425
22382	380	4	5	1	0	390
22383	3	408	4	5	0	420
22384	3	2	3	407	0	415
22385	2	3	2	404	0	411
22386	0	0	3	408	0	411
22387	3	0	3	411	0	417
22388	1	408	2	7	0	418
22389	2	3	0	418	0	423
22390	418	1	4	5	0	428
22391	3	2	1	435	0	441
22392	2	2	2	437	0	443
22393	439	3	2	5	0	449
22394	439	2	2	4	0	447
22395	446	1	2	1	0	450
22396	442	1	3	5	0	451
22397	6	1	0	444	0	451
22398	446	1	2	6	0	455
22399	5	2	3	445	0	455
22400	445	0	2	6	0	453
22401	437	1	3	6	0	447
22402	3	4	2	440	0	449
22403	6	1	442	5	0	454
22404	438	0	4	7	0	449
22405	444	3	3	2	0	452
22406	445	1	0	4	0	450
22407	438	1	2	5	0	446
22408	4	2	4	440	0	450
22409	4	1	443	4	0	452
22410	2	0	436	8	0	446
22411	444	1	3	3	0	451
22412	453	1	2	3	0	459
22413	2	454	2	5	0	463
22414	3	449	1	4	0	457
22415	450	2	3	4	0	459
22416	4	1	2	444	0	451
22417	5	1	4	437	0	447
22418	432	3	1	7	0	443
22419	3	439	2	1	0	445
22420	449	1	1	2	0	453
22421	2	2	434	6	0	444
22422	437	1	2	4	0	444
22423	6	0	1	445	0	452
22424	4	3	453	3	0	463
22425	4	457	2	1	0	464
22426	1	2	2	472	0	477
22427	3	1	506	3	0	513
22428	0	0	2	499	0	501
22429	514	1	3	3	0	521
22430	5	2	517	2	0	526
22431	511	1	1	3	0	516
22432	2	517	3	1	0	523
22433	4	2	0	520	0	526
22434	4	1	550	3	0	558
22435	1	0	3	550	0	554
22436	3	1	563	2	0	569
22437	1	559	1	3	0	564
22438	539	2	1	3	0	545
22439	2	564	2	1	0	569
22440	1	1	1	564	0	567
22441	2	1	2	556	0	561
22442	0	2	537	3	0	542
22443	456	0	4	2	0	462
22444	2	495	1	1	0	499
22445	1	472	0	3	0	476
22446	0	482	0	2	0	484
22447	0	1	2	472	0	475
22448	2	468	0	2	0	472
22449	0	0	0	456	0	456
22450	0	452	0	1	0	453
22451	0	1	0	452	0	453
22452	0	472	0	0	0	472
22453	480	0	0	1	0	481
22454	0	0	481	0	0	481
22455	453	0	1	1	0	455
22456	471	0	1	0	0	472
22457	482	0	0	0	0	482
22458	1	484	0	1	0	486
22459	488	1	0	1	0	490
22460	489	1	0	1	0	491
22461	498	0	1	1	0	500
22462	1	0	501	1	0	503
22463	4	0	1	509	0	514
22464	1	1	523	0	0	525
22465	2	0	1	511	0	514
22466	515	1	2	1	0	519
22467	0	511	1	3	0	515
22468	3	0	605	2	0	610
22469	2	2	1	602	0	607
22470	2	1	2	636	0	641
22471	0	1	699	5	0	705
22472	681	0	3	3	0	687
22473	693	1	3	1	0	698
22474	704	0	1	1	0	706
22475	9	1	0	697	0	707
22476	4	676	0	7	0	687
22477	1	715	0	4	0	720
22478	4	6	0	710	0	720
22479	1	5	0	701	0	707
22480	1	705	0	7	0	713
22481	701	5	1	5	0	712
22482	5	665	0	44	0	714
22483	5	4	0	693	0	702
22484	2	5	691	4	0	702
22485	5	2	4	681	0	692
22486	690	2	3	5	0	700
22487	5	0	692	5	0	702
22488	692	0	6	3	0	701
22489	701	0	4	5	0	710
22490	713	0	1	3	0	717
22491	702	0	3	0	0	705
22492	739	0	0	1	0	740
22493	12	0	715	0	0	727
22494	8	2	704	2	0	716
22495	766	0	9	1	0	776
22496	781	1	6	1	0	789
22497	12	1	3	810	0	826
22498	5	814	1	9	0	829
22499	6	8	0	825	0	839
22500	833	5	0	9	0	847
22501	10	1	0	814	0	825
22502	4	854	0	11	0	869
22503	845	9	1	7	0	862
22504	845	5	1	3	0	854
22505	850	1	0	3	0	854
22506	14	832	0	0	0	846
22507	9	8	1	832	0	850
22508	6	3	0	830	0	839
22509	3	803	0	13	0	819
22510	1	9	0	810	0	820
22511	801	3	1	11	0	816
22512	806	1	0	7	0	814
22513	13	792	1	1	0	807
22514	5	8	1	793	0	807
22515	7	3	1	803	0	814
22516	5	2	1	811	0	819
22517	796	1	1	17	0	815
22518	12	2	791	8	0	813
22519	772	1	8	3	0	784
22520	12	0	782	2	0	796
22521	11	0	10	770	0	791
22522	4	768	5	9	0	786
22523	5	794	2	6	0	807
22524	778	13	2	4	0	797
22525	765	6	2	9	0	782
22526	12	748	3	2	0	765
22527	9	722	0	5	0	736
22528	736	13	0	3	0	752
22529	737	8	0	3	0	748
22530	17	737	2	5	0	761
22531	749	11	1	2	0	763
22532	16	6	743	3	0	768
22533	754	3	12	3	0	772
22534	737	4	7	4	0	752
22535	22	2	2	726	0	752
22536	11	712	3	15	0	741
22537	9	10	0	727	0	746
22538	735	6	3	15	0	759
22539	16	4	1	718	0	739
22540	9	1	2	729	0	741
22541	5	4	730	20	0	759
22542	6	3	10	742	0	761
22543	4	4	4	752	0	764
22544	739	2	3	19	0	763
22545	13	4	736	9	0	762
22546	744	1	12	7	0	764
22547	14	5	6	749	0	774
22548	15	2	3	749	0	769
22549	6	4	5	752	0	767
22550	8	736	1	19	0	764
22551	7	738	3	11	0	759
22552	8	16	2	728	0	754
22553	721	7	1	12	0	741
22554	719	5	2	9	0	735
22555	20	4	0	715	0	739
22556	718	3	2	13	0	736
22557	20	1	1	706	0	728
22558	14	2	1	714	0	731
22559	690	1	1	18	0	710
22560	14	707	3	9	0	733
22561	704	12	3	6	0	725
22562	704	4	0	7	0	715
22563	682	2	1	5	0	690
22564	16	671	0	4	0	691
22565	8	14	4	664	0	690
22566	8	3	0	675	0	686
22567	6	2	659	16	0	683
22568	5	5	10	578	0	598
22569	2	5	551	12	0	570
22570	3	516	6	9	0	534
22571	2	449	5	4	0	460
22572	4	462	1	4	0	471
22573	2	16	8	465	0	491
22574	3	3	2	474	0	482
22575	2	1	0	471	0	474
22576	1	0	1	476	0	478
22577	3	2	469	8	0	482
22578	2	1	559	4	0	566
22579	1	2	11	572	0	586
22580	3	0	586	12	0	601
22581	589	1	10	6	0	606
22582	598	0	4	3	0	605
22583	11	2	579	5	0	597
22584	5	2	9	599	0	615
22585	6	0	3	612	0	621
22586	3	0	1	614	0	618
22587	7	0	2	614	0	623
22588	1	2	2	614	0	619
22589	443	5	1	18	0	467
22590	584	2	0	10	0	596
22591	13	584	1	5	0	603
22592	3	12	543	4	0	562
22593	1	549	10	3	0	563
22594	4	549	1	4	0	558
22595	499	14	3	2	0	518
22596	7	503	1	5	0	516
22597	2	477	1	1	0	481
22598	469	8	2	2	0	481
22599	8	2	458	4	0	472
22600	459	2	7	1	0	469
22601	5	3	2	469	0	479
22602	4	2	1	434	0	441
22603	2	2	2	435	0	441
22604	3	1	422	10	0	436
22605	3	428	5	6	0	442
22606	436	5	2	5	0	448
22607	6	3	1	438	0	448
22608	2	440	2	8	0	452
22609	1	8	4	455	0	468
22610	4	3	461	7	0	475
22611	4	2	7	465	0	478
22612	2	3	1	475	0	481
22613	2	3	2	474	0	481
22614	470	2	4	7	0	483
22615	8	0	3	474	0	485
22616	2	1	472	10	0	485
22617	1	466	5	9	0	481
22618	4	7	2	472	0	485
22619	4	2	0	469	0	475
22620	1	1	472	9	0	483
22621	2	2	452	3	0	459
22622	450	5	8	5	0	468
22623	438	1	2	8	0	449
22624	5	452	5	7	0	469
22625	452	6	6	4	0	468
22626	12	2	455	2	0	471
22627	9	1	443	2	0	455
22628	445	4	7	5	0	461
22629	442	3	0	9	0	454
22630	6	1	438	9	0	454
22631	422	2	7	11	0	442
22632	7	1	426	8	0	442
22633	423	1	7	3	0	434
22634	425	4	2	3	0	434
22635	9	3	1	393	0	406
22636	2	450	5	6	0	463
22637	305	9	8	3	0	325
22638	7	6	442	2	0	457
22639	6	446	5	3	0	460
22640	449	11	0	4	0	464
22641	419	8	0	3	0	430
22642	9	427	5	3	0	444
22643	5	7	6	422	0	440
22644	6	1	421	7	0	435
22645	9	0	5	421	0	435
22646	3	4	417	12	0	436
22647	2	2	6	422	0	432
22648	3	1	7	422	0	433
22649	2	4	423	7	0	436
22650	6	420	8	3	0	437
22651	8	5	1	418	0	432
22652	3	6	294	8	0	311
22653	418	3	5	7	0	433
22654	7	2	7	422	0	438
22655	1	3	4	429	0	437
22656	420	0	2	14	0	436
22657	10	1	0	424	0	435
22658	6	1	1	413	0	421
22659	3	410	5	11	0	429
22660	5	6	3	407	0	421
22661	2	3	403	8	0	416
22662	2	4	6	394	0	406
22663	4	398	4	11	0	417
22664	2	409	5	8	0	424
22665	1	6	9	407	0	423
22666	415	1	5	6	0	427
22667	11	4	1	409	0	425
22668	410	7	1	9	0	427
22669	10	6	1	410	0	427
22670	417	0	5	8	0	430
22671	418	1	5	6	0	430
22672	12	2	4	415	0	433
22673	11	10	1	405	0	427
22674	7	402	3	9	0	421
22675	7	407	6	2	0	422
22676	7	5	408	5	0	425
22677	4	392	9	6	0	411
22678	288	8	7	3	0	306
22679	1	0	0	285	0	286
22680	1	271	1	0	0	273
22681	285	0	0	2	0	287
22682	1	0	0	287	0	288
22683	0	0	0	277	0	277
22684	1	0	0	280	0	281
22685	0	0	0	284	0	284
22686	0	296	0	0	0	296
22687	0	317	0	0	0	317
22688	339	0	0	2	0	341
22689	0	345	0	1	0	346
22690	0	1	1	341	0	343
22691	1	0	1	341	0	343
22692	1	1	0	341	0	343
22693	1	0	0	346	0	347
22694	344	0	0	1	0	345
22695	348	0	0	0	0	348
22696	0	0	343	1	0	344
22697	1	0	3	341	0	345
22698	3	0	345	2	0	350
22699	2	1	4	343	0	350
22700	0	0	0	349	0	349
22701	355	0	2	2	0	359
22702	2	0	1	361	0	364
22703	1	0	359	4	0	364
22704	3	0	339	0	0	342
22705	349	0	2	3	0	354
22706	2	0	354	0	0	356
22707	0	1	4	335	0	340
22708	2	0	349	2	0	353
22709	0	3	3	343	0	349
22710	0	342	2	4	0	348
22711	0	2	1	340	0	343
22712	0	336	0	4	0	340
22713	0	345	0	0	0	345
22714	0	3	0	339	0	342
22715	340	1	1	4	0	346
22716	2	345	0	1	0	348
22717	0	2	1	349	0	352
22718	347	0	0	4	0	351
22719	348	2	1	0	0	351
22720	356	0	0	3	0	359
22721	4	1	0	354	0	359
22722	2	0	0	358	0	360
22723	363	2	0	2	0	367
22724	363	1	0	1	0	365
22725	365	1	0	3	0	369
22726	5	0	0	361	0	366
22727	3	1	351	3	0	358
22728	349	0	2	3	0	354
22729	4	0	0	344	0	348
22730	4	341	2	2	0	349
22731	4	3	0	344	0	351
22732	0	343	1	6	0	350
22733	1	5	0	355	0	361
22734	2	1	349	4	0	356
22735	2	339	3	1	0	345
22736	1	3	0	331	0	335
22737	2	0	1	331	0	334
22738	1	1	1	328	0	331
22739	333	1	1	5	0	340
22740	4	343	2	3	0	352
22741	3	5	0	348	0	356
22742	357	1	1	6	0	365
22743	358	3	0	5	0	366
22744	4	1	1	362	0	368
22745	5	0	365	5	0	375
22746	2	2	3	364	0	371
22747	1	361	1	8	0	371
22748	2	5	2	368	0	377
22749	365	1	0	10	0	376
22750	3	1	0	393	0	397
22751	2	1	400	7	0	410
22752	3	427	3	3	0	436
22753	430	5	1	5	0	441
22754	7	1	438	1	0	447
22755	443	2	5	1	0	451
22756	6	0	2	450	0	458
22757	0	0	3	448	0	451
22758	3	453	0	7	0	463
22759	491	4	0	5	0	500
22760	6	1	1	489	0	497
22761	4	1	0	506	0	511
22762	2	0	1	523	0	526
22763	0	1	522	7	0	530
22764	4	0	4	516	0	524
22765	519	0	3	6	0	528
22766	527	1	2	4	0	534
22767	5	0	2	527	0	534
22768	4	1	0	523	0	528
22769	520	1	0	5	0	526
22770	5	0	519	3	0	527
22771	510	1	4	4	0	519
22772	6	0	511	2	0	519
22773	1	0	512	2	0	515
22774	2	0	6	515	0	523
22775	1	0	517	5	0	523
22776	515	0	5	2	0	522
22777	5	0	1	531	0	537
22778	2	0	527	5	0	534
22779	532	0	4	2	0	538
22780	534	0	1	7	0	542
22781	5	1	557	0	0	563
22782	4	6	3	539	0	552
22783	3	563	3	3	0	572
22784	575	3	2	4	0	584
22785	4	1	584	2	0	591
22786	560	3	5	0	0	568
22787	6	560	1	1	0	568
22788	543	5	1	3	0	552
22789	553	1	1	1	0	556
22790	558	0	0	0	0	558
22791	7	0	0	554	0	561
22792	2	560	2	4	0	568
22793	1	6	554	1	0	562
22794	2	558	4	1	0	565
22795	2	3	1	526	0	532
22796	1	554	1	3	0	559
22797	1	560	1	2	0	564
22798	553	3	0	2	0	558
22799	3	4	551	0	0	558
22800	3	1	553	0	0	557
22801	2	1	547	1	0	551
22802	0	554	2	4	0	560
22803	561	3	2	1	0	567
22804	559	2	1	0	0	562
22805	561	0	0	1	0	562
22806	4	556	1	0	0	561
22807	3	2	0	563	0	568
22808	1	2	564	4	0	571
22809	0	1	562	3	0	566
22810	571	1	3	2	0	577
22811	591	1	1	1	0	594
22812	590	0	0	1	0	591
22813	3	0	580	2	0	585
22814	585	0	3	2	0	590
22815	2	1	3	589	0	595
22816	2	1	2	580	0	585
22817	3	3	605	5	0	616
22818	4	605	2	5	0	616
22819	0	3	2	614	0	619
22820	3	2	605	3	0	613
22821	589	1	3	5	0	598
22822	3	1	4	608	0	616
22823	2	0	1	607	0	610
22824	605	1	2	5	0	613
22825	4	0	2	607	0	613
22826	605	0	1	6	0	612
22827	607	1	1	4	0	613
22828	7	1	1	605	0	614
22829	2	0	1	607	0	610
22830	604	0	3	6	0	613
22831	5	1	2	607	0	615
22832	618	0	3	6	0	627
22833	612	1	2	4	0	619
22834	598	0	4	3	0	605
22835	5	2	3	595	0	605
22836	5	0	1	606	0	612
22837	600	1	6	6	0	613
22838	8	600	1	2	0	611
22839	2	584	3	2	0	591
22840	574	1	5	0	0	580
22841	5	0	563	4	0	572
22842	562	1	1	2	0	566
22843	3	0	2	576	0	581
22844	0	1	573	1	0	575
22845	585	0	1	0	0	586
22846	3	0	1	589	0	593
22847	4	0	1	599	0	604
22848	3	2	2	608	0	615
22849	3	1	0	613	0	617
22850	590	2	1	1	0	594
22851	3	574	0	0	0	577
22852	542	0	0	1	0	543
22853	2	1	546	1	0	550
22854	0	2	518	0	0	520
22855	2	547	1	0	0	550
22856	3	2	2	544	0	551
22857	2	0	545	0	0	547
22858	0	498	0	2	0	500
22859	0	1	509	0	0	510
22860	0	0	0	505	0	505
22861	2	0	0	483	0	485
22862	485	0	0	0	0	485
22863	0	0	0	480	0	480
22864	477	0	0	3	0	480
22865	0	0	479	0	0	479
22866	0	481	1	0	0	482
22867	0	0	0	499	0	499
22868	0	0	0	555	0	555
22869	0	0	565	0	0	565
22870	0	0	541	0	0	541
22871	545	0	0	1	0	546
22872	570	0	0	0	0	570
22873	0	0	0	567	0	567
22874	0	0	0	564	0	564
22875	1	557	0	0	0	558
22876	0	0	0	570	0	570
22877	575	0	0	1	0	576
22878	580	0	0	0	0	580
22879	1	579	0	0	0	580
22880	589	1	0	0	0	590
22881	567	0	0	0	0	567
22882	1	0	0	608	0	609
22883	0	621	0	2	0	623
22884	0	2	0	629	0	631
22885	1	1	0	621	0	623
22886	0	0	613	3	0	616
22887	622	0	3	1	0	626
22888	5	0	1	667	0	673
22889	2	0	0	717	0	719
22890	0	838	1	12	0	851
22891	1	9	0	900	0	910
22892	915	4	0	12	0	931
22893	964	2	0	4	0	970
22894	15	0	956	4	0	975
22895	9	1	964	0	0	974
22896	5	0	16	1003	0	1024
22897	2	0	7	1033	0	1042
22898	1	0	1028	18	0	1047
22899	2	0	1031	8	0	1041
22900	1	0	18	1010	0	1029
22901	0	0	1048	14	0	1062
22902	1	0	1055	6	0	1062
22903	2	0	19	1044	0	1065
22904	1064	0	9	15	0	1088
22905	1082	0	3	6	0	1091
22906	21	0	2	1081	0	1104
22907	12	1	2	1083	0	1098
22908	1073	1	2	18	0	1094
22909	17	0	2	1058	0	1077
22910	1059	1	1	17	0	1078
22911	1058	1	3	7	0	1069
22912	19	0	2	1061	0	1082
22913	11	0	2	1066	0	1079
22914	1043	0	1	23	0	1067
22915	15	1031	3	9	0	1058
22916	7	1055	3	5	0	1070
22917	5	18	2	1019	0	1044
22918	2	8	1006	17	0	1033
22919	4	2	14	1013	0	1033
22920	1014	1	6	19	0	1040
22921	16	1	4	1016	0	1037
22922	1018	1	1	19	0	1039
22923	19	1	1009	7	0	1036
22924	1010	1	11	8	0	1030
22925	21	1	6	1019	0	1047
22926	9	0	4	1046	0	1059
22927	7	0	1055	21	0	1083
22928	5	1	14	1057	0	1077
22929	8	1	6	1080	0	1095
22930	1	2	5	1083	0	1091
22931	1078	1	1	24	0	1104
22932	17	1	1069	8	0	1095
22933	8	2	1062	7	0	1079
22934	1064	1	17	6	0	1088
22935	1078	1	10	5	0	1094
22936	20	0	1081	5	0	1106
22937	11	1	12	1063	0	1087
22938	8	1086	8	12	0	1114
22939	4	11	5	1111	0	1131
22940	1106	6	3	17	0	1132
22941	1116	4	4	9	0	1133
22942	23	1	5	1105	0	1134
22943	10	1117	4	19	0	1150
22944	9	12	2	1091	0	1114
22945	3	1107	4	22	0	1136
22946	1104	14	7	16	0	1141
22947	1068	7	5	11	0	1091
22948	1094	4	4	10	0	1112
22949	24	1047	6	6	0	1083
22950	13	1071	7	5	0	1096
22951	7	18	6	1077	0	1108
22952	7	10	3	1093	0	1113
22953	7	3	5	1086	0	1101
22954	8	1	4	1103	0	1116
22955	7	2	1059	23	0	1091
22956	1036	3	14	18	0	1071
22957	18	2	1080	13	0	1113
22958	1107	1	21	8	0	1137
22959	24	1	1112	9	0	1146
22960	1104	2	19	11	0	1136
22961	24	2	1124	7	0	1157
22962	1124	2	17	7	0	1150
22963	23	2	7	1131	0	1163
22964	1146	2	6	20	0	1174
22965	28	2	1	1159	0	1190
22966	9	2	3	1166	0	1180
22967	14	3	2	1132	0	1151
22968	4	1070	3	29	0	1106
22969	1067	14	3	16	0	1100
22970	1063	5	3	15	0	1086
22971	25	1065	2	7	0	1099
22972	13	15	4	1064	0	1096
22973	11	6	1050	17	0	1084
22974	1058	3	18	13	0	1092
22975	1079	1	8	9	0	1097
22976	1070	1	7	8	0	1086
22977	26	0	4	1036	0	1066
22978	14	1038	4	18	0	1074
22979	11	11	2	1028	0	1052
22980	1021	6	5	22	0	1054
22981	19	3	2	1003	0	1027
22982	13	960	2	21	0	996
22983	941	14	4	9	0	968
22984	15	4	934	11	0	964
22985	11	6	924	2	0	943
22986	8	917	13	6	0	944
22987	6	902	10	3	0	921
22988	10	9	859	5	0	883
22989	12	10	793	2	0	817
22990	11	52	7	587	0	657
22991	615	2	3	8	0	628
22992	4	3	598	3	0	608
22993	2	566	3	2	0	573
22994	562	3	2	2	0	569
22995	3	550	0	3	0	556
22996	524	3	0	2	0	529
22997	2	519	1	1	0	523
22998	1	525	0	0	0	526
22999	3	1	5	524	0	533
23000	2	0	3	523	0	528
23001	1	0	501	1	0	503
23002	0	0	2	492	0	494
23003	493	0	0	2	0	495
23004	493	0	1	2	0	496
23005	2	0	0	491	0	493
23006	1	0	487	2	0	490
23007	1	0	487	0	0	488
23008	0	0	1	492	0	493
23009	0	0	493	2	0	495
23010	1	0	1	489	0	491
23011	0	1	0	488	0	489
23012	1	1	546	2	0	550
23013	536	0	2	3	0	541
23014	547	1	3	2	0	553
23015	5	0	548	2	0	555
23016	3	0	566	0	0	569
23017	1	1	6	591	0	599
23018	3	0	3	664	0	670
23019	2	1	1	676	0	680
23020	1	0	0	672	0	673
23021	669	1	1	9	0	680
23022	723	1	0	5	0	729
23023	10	0	1	793	0	804
23024	8	0	0	829	0	837
23025	1	0	866	12	0	879
23026	3	1	9	895	0	908
23027	2	0	6	918	0	926
23028	946	0	4	17	0	967
23029	10	1010	0	10	0	1030
23030	6	14	0	1013	0	1033
23031	4	6	1	1007	0	1018
23032	3	3	1	995	0	1002
23033	1	920	0	20	0	941
23034	2	984	2	14	0	1002
23035	1	12	3	997	0	1013
23036	1	10	1	984	0	996
23037	3	2	0	1002	0	1007
23038	960	1	0	21	0	982
23039	12	965	0	14	0	991
23040	972	11	0	5	0	988
23041	984	6	1	2	0	993
23042	18	5	0	964	0	987
23043	8	939	0	15	0	962
23044	943	14	1	6	0	964
23045	13	7	0	948	0	968
23046	973	3	2	15	0	993
23047	16	0	1	981	0	998
23048	6	3	978	17	0	1004
23049	5	3	990	8	0	1006
23050	3	2	19	996	0	1020
23051	3	2	9	1009	0	1023
23052	5	1	5	1001	0	1012
23053	6	964	0	22	0	992
23054	1	1002	2	13	0	1018
23055	996	16	1	5	0	1018
23056	988	10	1	6	0	1005
23057	22	966	1	4	0	993
23058	12	931	0	4	0	947
23059	5	963	1	6	0	975
23060	935	18	3	6	0	962
23061	11	942	1	7	0	961
23062	9	15	0	947	0	971
23063	937	7	2	17	0	963
23064	938	7	2	15	0	962
23065	21	4	2	920	0	947
23066	13	4	904	14	0	935
23067	9	2	911	12	0	934
23068	4	6	17	916	0	943
23069	4	6	936	13	0	959
23070	5	5	14	938	0	962
23071	7	3	5	936	0	951
23072	6	5	937	20	0	968
23073	4	7	935	11	0	957
23074	4	2	15	933	0	954
23075	8	2	10	948	0	968
23076	936	3	6	24	0	969
23077	10	919	4	19	0	952
23078	8	960	4	8	0	980
23079	952	17	2	8	0	979
23080	960	12	2	5	0	979
23081	17	945	4	6	0	972
23082	13	951	2	9	0	975
23083	955	21	2	7	0	985
23084	13	13	4	947	0	977
23085	935	6	4	15	0	960
23086	15	926	2	15	0	958
23087	943	10	1	15	0	969
23088	23	11	929	0	0	963
23089	934	9	9	9	0	961
23090	18	6	927	8	0	959
23091	13	1	17	925	0	956
23092	920	3	10	15	0	948
23093	13	7	912	13	0	945
23094	9	4	11	918	0	942
23095	913	1	11	17	0	942
23096	13	3	915	17	0	948
23097	9	7	12	918	0	946
23098	901	5	11	16	0	933
23099	16	910	7	14	0	947
23100	11	13	3	938	0	965
23101	9	13	4	913	0	939
23102	4	10	4	935	0	953
23103	6	932	2	26	0	966
23104	14	12	3	965	0	994
23105	8	10	4	974	0	996
23106	5	8	2	972	0	987
23107	9	4	3	991	0	1007
23108	10	3	963	24	0	1000
23109	945	5	12	19	0	981
23110	973	4	6	10	0	993
23111	20	965	7	6	0	998
23112	16	10	3	927	0	956
23113	8	9	5	925	0	947
23114	8	926	1	17	0	952
23115	4	12	5	924	0	945
23116	891	4	3	20	0	918
23117	10	854	3	14	0	881
23118	808	9	4	10	0	831
23119	15	4	6	794	0	819
23120	9	6	799	11	0	825
23121	7	796	8	9	0	820
23122	740	7	4	10	0	761
23123	7	670	5	1	0	683
23124	3	655	0	4	0	662
23125	587	3	4	4	0	598
23126	2	5	582	1	0	590
23127	1	550	3	4	0	558
23128	485	6	16	3	0	510
23129	439	2	1	5	0	447
23130	2	444	0	2	0	448
23131	1	0	0	457	0	458
23132	0	1	485	1	0	487
23133	0	3	1	483	0	487
23134	3	0	0	474	0	477
23135	1	2	0	500	0	503
23136	1	2	502	1	0	506
23137	1	2	1	489	0	493
23138	2	0	490	0	0	492
23139	1	0	456	2	0	459
23140	444	1	0	0	0	445
23141	0	484	0	2	0	486
23142	1	485	0	3	0	489
23143	0	1	1	500	0	502
23144	541	0	0	4	0	545
23145	542	0	1	1	0	544
23146	517	1	0	0	0	518
23147	517	0	0	0	0	517
23148	502	1	1	1	0	505
23149	1	1	497	2	0	501
23150	1	1	0	496	0	498
23151	1	485	0	0	0	486
23152	0	0	0	500	0	500
23153	503	1	0	2	0	506
23154	1	496	0	0	0	497
23155	1	0	0	506	0	507
23156	508	1	0	3	0	512
23157	522	0	1	0	0	523
23158	1	2	0	533	0	536
23159	1	1	0	522	0	524
23160	0	1	0	528	0	529
23161	0	2	520	1	0	523
23162	1	1	506	4	0	512
23163	0	0	2	536	0	538
23164	1	1	0	536	0	538
23165	536	0	1	0	0	537
23166	532	0	0	1	0	533
23167	530	1	1	2	0	534
23168	542	0	1	3	0	546
23169	540	1	1	0	0	542
23170	0	541	0	2	0	543
23171	556	1	0	1	0	558
23172	550	1	0	2	0	553
23173	558	0	1	1	0	560
23174	2	0	0	572	0	574
23175	0	0	566	2	0	568
23176	2	3	2	568	0	575
23177	3	0	621	3	0	627
23178	1	1	4	613	0	619
23179	0	623	0	4	0	627
23180	628	4	0	2	0	634
23181	655	0	0	1	0	656
23182	5	0	0	661	0	666
23183	2	1	0	687	0	690
23184	1	0	0	691	0	692
23185	2	703	0	3	0	708
23186	705	3	1	1	0	710
23187	702	0	0	1	0	703
23188	3	704	1	1	0	709
23189	0	3	0	715	0	718
23190	1	1	1	711	0	714
23191	0	717	1	3	0	721
23192	723	3	0	2	0	728
23193	725	0	0	3	0	728
23194	6	0	0	722	0	728
23195	1	0	733	5	0	739
23196	3	1	690	1	0	695
23197	2	0	4	733	0	739
23198	2	0	1	737	0	740
23199	2	1	1	751	0	755
23200	743	0	0	7	0	750
23201	739	0	1	5	0	745
23202	6	745	0	8	0	759
23203	770	4	2	1	0	777
23204	4	0	765	2	0	771
23205	0	1	761	0	0	762
23206	0	784	5	0	0	789
23207	771	4	3	0	0	778
23208	5	771	1	1	0	778
23209	774	4	0	3	0	781
23210	4	0	765	1	0	770
23211	1	2	750	1	0	754
23212	3	0	4	746	0	753
23213	2	2	768	4	0	776
23214	0	0	4	772	0	776
23215	5	0	1	707	0	713
23216	1	768	2	7	0	778
23217	0	6	1	784	0	791
23218	4	1	0	786	0	791
23219	811	1	1	4	0	817
23220	6	818	3	1	0	828
23221	4	6	1	857	0	868
23222	2	0	854	6	0	862
23223	806	1	6	3	0	816
23224	6	0	849	3	0	858
23225	2	0	7	836	0	845
23226	1	883	1	6	0	891
23227	3	5	0	887	0	895
23228	881	2	1	8	0	892
23229	881	1	0	2	0	884
23230	5	904	3	2	0	914
23231	943	6	1	3	0	953
23232	924	3	1	4	0	932
23233	915	1	1	6	0	923
23234	947	2	1	0	0	950
23235	887	1	0	5	0	893
23236	4	2	942	1	0	949
23237	2	0	8	935	0	945
23238	3	0	1	927	0	931
23239	0	0	3	936	0	939
23240	1	925	0	9	0	935
23241	3	6	1	926	0	936
23242	1	2	935	7	0	945
23243	1	911	5	2	0	919
23244	4	895	0	1	0	900
23245	4	6	0	894	0	904
23246	2	1	1	898	0	902
23247	3	2	0	881	0	886
23248	2	870	2	5	0	879
23249	2	891	0	2	0	895
23250	893	5	2	4	0	904
23251	899	1	2	2	0	904
23252	3	895	3	2	0	903
23253	902	5	1	9	0	917
23254	937	1	2	4	0	944
23255	8	3	1	954	0	966
23256	2	2	0	980	0	984
23257	4	2	1	970	0	977
23258	0	2	968	8	0	978
23259	5	2	958	2	0	967
23260	5	1008	6	1	0	1020
23261	1019	9	1	5	0	1034
23262	10	1	1033	3	0	1047
23263	1042	1	7	3	0	1053
23264	8	2	1086	2	0	1098
23265	1112	1	9	1	0	1123
23266	11	1129	2	4	0	1146
23267	1140	12	3	4	0	1159
23268	13	4	1	1134	0	1152
23269	5	3	0	1152	0	1160
23270	2	1	1162	15	0	1180
23271	0	1173	10	8	0	1191
23272	2	13	1	1193	0	1209
23273	3	3	1191	10	0	1207
23274	1123	3	12	7	0	1145
23275	9	1165	4	2	0	1180
23276	1150	9	2	4	0	1165
23277	11	1116	1	1	0	1129
23278	4	15	0	1112	0	1131
23279	1106	4	1	8	0	1119
23280	7	1112	1	5	0	1125
23281	5	10	1	1104	0	1120
23282	1	5	1089	12	0	1107
23283	1046	6	10	4	0	1066
23284	14	1	3	1074	0	1092
23285	5	3	1075	9	0	1092
23286	4	1064	10	3	0	1081
23287	3	10	3	1081	0	1097
23288	3	3	1080	12	0	1098
23289	4	6	11	1057	0	1078
23290	2	1066	3	8	0	1079
23291	4	1090	1	7	0	1102
23292	2	14	1074	2	0	1092
23293	4	3	10	1068	0	1085
23294	3	3	1073	9	0	1088
23295	1051	1	12	4	0	1068
23296	9	3	1	1056	0	1069
23297	4	1036	2	9	0	1051
23298	4	1060	3	3	0	1070
23299	1038	9	0	5	0	1052
23300	8	1069	0	3	0	1080
23301	1073	7	2	2	0	1084
23302	10	6	1059	1	0	1076
23303	1009	1	6	3	0	1019
23304	12	1013	4	2	0	1031
23305	1010	11	3	1	0	1025
23306	9	1003	0	2	0	1014
23307	7	9	2	987	0	1005
23308	3	2	0	1011	0	1016
23309	1	1	1006	12	0	1020
23310	984	0	8	4	0	996
23311	9	3	1023	1	0	1036
23312	1041	0	12	6	0	1059
23313	14	2	5	1029	0	1050
23314	7	2	2	1042	0	1053
23315	3	1046	1	14	0	1064
23316	3	12	2	1075	0	1092
23317	1	6	3	1101	0	1111
23318	2	2	1074	19	0	1097
23319	1007	1	13	10	0	1031
23320	13	1038	4	1	0	1056
23321	1022	13	4	5	0	1044
23322	16	4	1	1019	0	1040
23323	5	3	2	1028	0	1038
23324	1029	0	0	15	0	1044
23325	11	1040	2	4	0	1057
23326	992	12	1	1	0	1006
23327	12	981	1	3	0	997
23328	7	990	2	0	0	999
23329	985	15	2	3	0	1005
23330	13	8	2	961	0	984
23331	8	2	942	11	0	963
23332	5	3	11	918	0	937
23333	4	0	5	915	0	924
23334	0	915	2	16	0	933
23335	5	11	0	930	0	946
23336	0	7	1	939	0	947
23337	4	1	1	945	0	951
23338	5	2	0	958	0	965
23339	0	2	949	18	0	969
23340	1	0	976	8	0	985
23341	1	2	23	980	0	1006
23342	2	1	984	16	0	1003
23343	0	1	985	7	0	993
23344	4	0	20	988	0	1012
23345	1	3	1031	15	0	1050
23346	2	1	15	1003	0	1021
23347	0	1046	7	12	0	1065
23348	1107	16	1	12	0	1136
23349	15	7	1188	5	0	1215
23350	7	2	18	1197	0	1224
23351	3	2	1221	18	0	1244
23352	4	2	19	1311	0	1336
23353	5	3	10	1325	0	1343
23354	1300	1	2	33	0	1336
23355	24	2	1	1313	0	1340
23356	1271	1	2	24	0	1298
23357	1286	2	2	9	0	1299
23358	33	1240	0	5	0	1278
23359	1229	23	1	1	0	1254
23360	24	1198	1	6	0	1229
23361	11	1226	0	2	0	1239
23362	1198	28	3	4	0	1233
23363	22	10	1193	3	0	1228
23364	8	4	1164	2	0	1178
23365	1122	2	28	3	0	1155
23366	1134	4	10	5	0	1153
23367	26	1136	3	1	0	1166
23368	1150	18	3	4	0	1175
23369	1169	7	2	5	0	1183
23370	1142	2	0	4	0	1148
23371	27	2	2	1119	0	1150
23372	1113	4	3	20	0	1140
23373	24	1149	1	7	0	1181
23374	8	18	2	1183	0	1211
23375	6	7	4	1184	0	1201
23376	7	1177	1	23	0	1208
23377	5	18	3	1193	0	1219
23378	1189	6	4	20	0	1219
23379	1196	2	2	8	0	1208
23380	23	1137	0	10	0	1170
23381	8	1182	2	1	0	1193
23382	1173	19	2	9	0	1203
23383	22	6	1168	4	0	1200
23384	11	4	1164	2	0	1181
23385	5	3	21	1157	0	1186
23386	9	4	6	1168	0	1187
23387	11	3	1145	22	0	1181
23388	2	1100	19	13	0	1134
23389	11	17	6	1086	0	1120
23390	9	7	1153	21	0	1190
23391	4	7	19	1158	0	1188
23392	10	4	7	1160	0	1181
23393	5	1188	3	25	0	1221
23394	6	23	5	1197	0	1231
23395	6	10	6	1203	0	1225
23396	6	4	5	1214	0	1229
23397	1189	3	7	26	0	1225
23398	26	4	5	1168	0	1203
23399	10	1182	2	21	0	1215
23400	1173	19	3	11	0	1206
23401	24	5	1149	4	0	1182
23402	14	4	1148	4	0	1170
23403	1152	3	21	8	0	1184
23404	21	7	7	1160	0	1195
23405	14	1	1166	22	0	1203
23406	6	5	19	1169	0	1199
23407	5	4	5	1196	0	1210
23408	1176	2	2	29	0	1209
23409	1180	5	5	14	0	1204
23410	22	1184	4	11	0	1221
23411	16	16	2	1168	0	1202
23412	6	8	1156	21	0	1191
23413	5	1205	17	7	0	1234
23414	1199	17	7	9	0	1232
23415	19	1264	7	4	0	1294
23416	1272	15	8	9	0	1304
23417	21	5	1278	2	0	1306
23418	1276	9	15	7	0	1307
23419	1317	3	8	7	0	1335
23420	23	4	1342	3	0	1372
23421	9	10	18	1300	0	1337
23422	9	1295	8	24	0	1336
23423	10	1351	7	8	0	1376
23424	4	1352	5	8	0	1369
23425	6	24	6	1343	0	1379
23426	6	7	1361	25	0	1399
23427	11	8	19	1343	0	1381
23428	6	8	4	1382	0	1400
23429	5	7	1367	24	0	1403
23430	10	1376	17	8	0	1411
23431	6	19	9	1362	0	1396
23432	1375	9	4	25	0	1413
23433	24	5	5	1374	0	1408
23434	5	5	10	1358	0	1378
23435	5	1342	5	25	0	1377
23436	1362	20	4	11	0	1397
23437	23	8	5	1380	0	1416
23438	6	7	1378	22	0	1413
23439	8	1371	17	12	0	1408
23440	1330	17	9	8	0	1364
23441	18	6	1354	10	0	1388
23442	1310	3	18	11	0	1342
23443	19	8	6	1328	0	1361
23444	5	1347	4	20	0	1376
23445	1306	17	7	9	0	1339
23446	1301	7	3	9	0	1320
23447	24	1308	3	6	0	1341
23448	7	16	1	1255	0	1279
23449	11	5	1	1188	0	1205
23450	1162	5	5	13	0	1185
23451	16	1160	0	6	0	1182
23452	6	7	2	1071	0	1086
23453	4	1065	2	5	0	1076
23454	3	1050	2	2	0	1057
23455	1	8	2	1031	0	1042
23456	1030	2	1	8	0	1041
23457	6	1032	1	4	0	1043
23458	3	6	0	1027	0	1036
23459	3	0	2	1036	0	1041
23460	0	4	1036	7	0	1047
23461	0	1	984	4	0	989
23462	1	1016	7	3	0	1027
23463	2	9	993	1	0	1005
23464	0	3	7	995	0	1005
23465	1	2	1002	9	0	1014
23466	2	0	7	1020	0	1029
23467	1	1	1	1024	0	1027
23468	1	0	3	1028	0	1032
23469	1002	2	1	9	0	1014
23470	9	2	1	994	0	1006
23471	0	0	2	997	0	999
23472	3	986	1	8	0	998
23473	3	5	1	961	0	970
23474	959	1	2	10	0	972
23475	8	983	0	1	0	992
23476	980	8	1	4	0	993
23477	9	2	971	3	0	985
23478	2	1	988	2	0	993
23479	3	2	9	1036	0	1050
23480	2	1	0	1055	0	1058
23481	2	1049	3	15	0	1069
23482	3	7	1	1008	0	1019
23483	1057	3	0	9	0	1069
23484	1049	5	1	5	0	1060
23485	12	2	1	1059	0	1074
23486	5	0	1136	13	0	1154
23487	3	3	9	1140	0	1155
23488	0	3	2	1184	0	1189
23489	4	0	1	1190	0	1195
23490	4	2	3	1150	0	1159
23491	1	3	2	1146	0	1152
23492	2	1136	0	16	0	1154
23493	1111	7	5	6	0	1129
23494	1134	4	2	7	0	1147
23495	1137	2	2	10	0	1151
23496	12	1159	1	4	0	1176
23497	1152	9	0	6	0	1167
23498	10	1160	1	6	0	1177
23499	4	10	1150	3	0	1167
23500	5	3	8	1141	0	1157
23501	3	3	1163	10	0	1179
23502	3	1167	11	3	0	1184
23503	1170	8	3	5	0	1186
23504	10	2	1205	4	0	1221
23505	2	6	1247	1	0	1256
23506	6	1295	11	3	0	1315
23507	5	13	10	1319	0	1347
23508	2	10	1391	13	0	1416
23509	6	4	13	1371	0	1394
23510	3	2	12	1523	0	1540
23511	4	4	4	1603	0	1615
23512	1650	4	2	30	0	1686
23513	1633	1	2	16	0	1652
23514	30	3	3	1626	0	1662
23515	1574	1	3	27	0	1605
23516	21	0	1525	15	0	1561
23517	10	1	1498	8	0	1517
23518	12	1	1520	4	0	1537
23519	6	2	1548	9	0	1565
23520	7	1505	23	9	0	1544
23521	13	17	19	1484	0	1533
23522	3	11	1509	20	0	1543
23523	1456	5	21	16	0	1498
23524	1517	0	19	4	0	1540
23525	28	1487	10	8	0	1533
23526	1490	18	8	7	0	1523
23527	23	9	9	1481	0	1522
23528	15	7	1514	16	0	1552
23529	7	3	23	1439	0	1472
23530	3	1523	20	21	0	1567
23531	1506	19	8	10	0	1543
23532	1550	12	3	7	0	1572
23533	24	1537	5	9	0	1575
23534	1553	16	9	7	0	1585
23535	1549	11	3	13	0	1576
23536	31	1544	5	4	0	1584
23537	21	19	2	1506	0	1548
23538	10	1512	1	21	0	1544
23539	1521	21	3	14	0	1559
23540	30	13	4	1510	0	1557
23541	1517	10	3	21	0	1551
23542	27	9	3	1509	0	1548
23543	20	4	1494	24	0	1542
23544	1468	10	20	12	0	1510
23545	22	7	1501	9	0	1539
23546	21	6	17	1490	0	1534
23547	18	2	1484	18	0	1522
23548	9	5	20	1484	0	1518
23549	10	5	1488	24	0	1527
23550	1457	5	19	21	0	1502
23551	23	1470	18	8	0	1519
23552	1475	18	5	14	0	1512
23553	25	11	11	1470	0	1517
23554	1454	3	11	33	0	1501
23555	23	1457	9	16	0	1505
23556	18	1447	7	9	0	1481
23557	10	1505	10	15	0	1540
23558	1529	25	5	13	0	1572
23559	26	17	6	1523	0	1572
23560	21	7	4	1540	0	1572
23561	9	7	1506	34	0	1556
23562	11	10	1508	18	0	1547
23563	10	11	28	1533	0	1582
23564	10	7	1565	22	0	1604
23565	7	1537	24	19	0	1587
23566	1524	24	15	8	0	1571
23567	26	15	1553	8	0	1602
23568	14	9	1544	10	0	1577
23569	7	7	35	1538	0	1587
23570	1556	5	23	23	0	1607
23571	26	4	9	1570	0	1609
23572	1564	5	12	28	0	1609
23573	24	9	11	1560	0	1604
23574	18	5	1567	26	0	1616
23575	13	1534	27	21	0	1595
23576	9	20	1572	8	0	1609
23577	8	1552	24	14	0	1598
23578	17	27	17	1516	0	1577
23579	1489	8	10	27	0	1534
23580	23	8	1494	13	0	1538
23581	14	5	22	1478	0	1519
23582	11	5	16	1503	0	1535
23583	1499	9	6	30	0	1544
23584	27	4	7	1486	0	1524
23585	15	1485	6	23	0	1529
23586	1416	22	9	19	0	1466
23587	27	10	1396	9	0	1442
23588	1360	5	22	6	0	1393
23589	23	1378	10	14	0	1425
23590	16	27	4	1363	0	1410
23591	14	1406	3	20	0	1443
23592	1402	22	9	14	0	1447
23593	25	13	1388	10	0	1436
23594	1357	9	18	9	0	1393
23595	25	1396	15	12	0	1448
23596	16	19	5	1399	0	1439
23597	1416	16	3	18	0	1453
23598	1424	6	4	14	0	1448
23599	31	5	7	1417	0	1460
23600	24	9	4	1424	0	1461
23601	7	1422	7	29	0	1465
23602	8	25	5	1450	0	1488
23603	9	1650	7	20	0	1686
23604	5	1706	3	21	0	1735
23605	21	50	6	1557	0	1634
23606	16	1579	2	23	0	1620
23607	10	28	1599	13	0	1650
23608	17	9	1596	9	0	1631
23609	6	1606	29	8	0	1649
23610	4	24	1531	4	0	1563
23611	3	13	1494	2	0	1512
23612	1	4	1418	0	0	1423
23613	1	1392	27	2	0	1422
23614	1382	23	18	2	0	1425
23615	16	1378	5	3	0	1402
23616	8	20	1387	0	0	1415
23617	5	10	17	1373	0	1405
23618	1362	4	10	18	0	1394
23619	17	4	1351	8	0	1380
23620	9	3	21	1346	0	1379
23621	4	3	1362	18	0	1387
23622	5	3	20	1333	0	1361
23623	1331	3	14	18	0	1366
23624	17	1	1373	13	0	1404
23625	10	1390	23	5	0	1428
23626	8	18	12	1370	0	1408
23627	1419	9	5	23	0	1456
23628	20	4	1398	10	0	1432
23629	9	4	24	1349	0	1386
23630	5	1375	12	27	0	1419
23631	1407	25	5	11	0	1448
23632	1448	10	5	6	0	1469
23633	32	6	4	1433	0	1475
23634	15	1424	6	21	0	1466
23635	6	1481	4	17	0	1508
23636	1532	27	2	5	0	1566
23637	25	14	7	1512	0	1558
23638	14	1530	2	29	0	1575
23639	1540	28	2	14	0	1584
23640	35	11	1	1538	0	1585
23641	20	4	4	1548	0	1576
23642	3	7	1479	39	0	1528
23643	6	1524	23	16	0	1569
23644	6	1572	13	10	0	1601
23645	7	33	1	1570	0	1611
23646	1572	15	6	27	0	1620
23647	26	1574	1	19	0	1620
23648	1572	31	2	10	0	1615
23649	33	1577	0	5	0	1615
23650	18	31	3	1571	0	1623
23651	1583	17	0	30	0	1630
23652	29	12	0	1593	0	1634
23653	18	5	1586	32	0	1641
23654	12	4	25	1552	0	1593
23655	7	1567	13	33	0	1620
23656	1558	29	5	17	0	1609
23657	27	1561	2	9	0	1599
23658	18	31	1	1517	0	1567
23659	7	15	2	1556	0	1580
23660	6	9	1514	38	0	1567
23661	3	9	1525	18	0	1555
23662	5	8	32	1514	0	1559
23663	3	8	1510	31	0	1552
23664	7	1504	28	15	0	1554
23665	1484	28	15	9	0	1536
23666	24	15	1513	10	0	1562
23667	1512	4	29	7	0	1552
23668	1538	6	19	6	0	1569
23669	1543	4	4	6	0	1557
23670	1548	3	6	4	0	1561
23671	39	7	7	1510	0	1563
23672	25	2	4	1496	0	1527
23673	8	1478	6	43	0	1535
23674	1468	25	6	15	0	1514
23675	26	18	1449	7	0	1500
23676	20	6	27	1440	0	1493
23677	7	8	15	1472	0	1502
23678	7	5	1448	40	0	1500
23679	4	1459	25	19	0	1507
23680	9	25	13	1398	0	1445
23681	10	14	6	1486	0	1516
23682	1448	6	9	39	0	1502
23683	27	1444	5	21	0	1497
23684	16	26	5	1433	0	1480
23685	8	1435	6	30	0	1479
23686	9	28	3	1465	0	1505
23687	1446	15	2	28	0	1491
23688	1467	7	3	19	0	1496
23689	39	5	2	1435	0	1481
23690	1431	3	1	32	0	1467
23691	1426	4	2	19	0	1451
23692	42	1409	3	8	0	1462
23693	17	27	5	1378	0	1427
23694	8	1406	2	30	0	1446
23695	13	27	0	1390	0	1430
23696	1380	13	3	33	0	1429
23697	27	9	1	1385	0	1422
23698	23	8	0	1390	0	1421
23699	7	7	1348	42	0	1404
23700	8	1294	22	22	0	1346
23701	5	1342	12	8	0	1367
23702	1278	21	4	14	0	1317
23703	20	14	2	1061	0	1097
23704	1018	6	0	20	0	1044
23705	18	990	2	14	0	1024
23706	12	934	3	5	0	954
23707	7	981	1	3	0	992
23708	884	17	6	2	0	909
23709	16	878	0	3	0	897
23710	872	10	13	6	0	901
23711	856	4	1	3	0	864
23712	891	2	1	1	0	895
23713	15	1	1	939	0	956
23714	7	2	0	956	0	965
23715	3	0	1	962	0	966
23716	1	2	0	964	0	967
23717	941	0	0	24	0	965
23718	12	941	1	8	0	962
23719	7	12	1	923	0	943
23720	928	5	1	12	0	946
23721	12	1	0	930	0	943
23722	7	0	1	934	0	942
23723	917	3	0	15	0	935
23724	14	0	880	8	0	902
23725	7	1	12	872	0	892
23726	2	1	878	12	0	893
23727	2	0	11	849	0	862
23728	3	3	4	836	0	846
23729	815	1	1	17	0	834
23730	9	804	2	9	0	824
23731	3	788	0	1	0	792
23732	748	9	0	1	0	758
23733	8	771	0	0	0	779
23734	778	7	1	1	0	787
23735	7	2	777	2	0	788
23736	696	1	5	1	0	703
23737	705	1	1	5	0	712
23738	714	1	0	1	0	716
23739	5	1	0	705	0	711
23740	5	0	0	704	0	709
23741	2	699	0	5	0	706
23742	1	3	0	712	0	716
23743	705	1	0	5	0	711
23744	4	699	1	2	0	706
23745	2	702	0	2	0	706
23746	694	3	0	3	0	700
23747	3	1	693	1	0	698
23748	2	2	3	688	0	695
23749	1	0	699	5	0	705
23750	0	1	4	681	0	686
23751	0	689	2	5	0	696
23752	2	3	0	706	0	711
23753	697	2	0	7	0	706
23754	3	2	0	701	0	706
23755	3	1	729	4	0	737
23756	700	0	5	3	0	708
23757	4	731	1	2	0	738
23758	5	768	0	1	0	774
23759	800	6	1	3	0	810
23760	840	3	1	2	0	846
23761	12	0	832	2	0	846
23762	815	0	8	5	0	828
23763	7	841	3	1	0	852
23764	845	7	0	3	0	855
23765	10	5	2	821	0	838
23766	6	766	0	6	0	778
23767	781	10	1	4	0	796
23768	11	4	790	0	0	805
23769	7	2	7	793	0	809
23770	821	2	1	10	0	834
23771	9	0	818	5	0	832
23772	810	0	8	3	0	821
23773	9	3	4	802	0	818
23774	8	0	0	812	0	820
23775	2	1	815	11	0	829
23776	3	1	7	818	0	829
23777	819	2	4	9	0	834
23778	10	794	3	5	0	812
23779	801	7	3	4	0	815
23780	807	5	0	5	0	817
23781	12	2	2	803	0	819
23782	6	2	816	7	0	831
23783	4	1	8	822	0	835
23784	828	0	2	11	0	841
23785	8	826	5	4	0	843
23786	837	7	1	4	0	849
23787	10	5	0	843	0	858
23788	6	2	0	861	0	869
23789	2	2	1	866	0	871
23790	2	2	852	12	0	868
23791	4	0	7	873	0	884
23792	3	1	872	8	0	884
23793	1	0	878	6	0	885
23794	4	1	12	1007	0	1024
23795	1	2	1031	13	0	1047
23796	1138	0	12	9	0	1159
23797	15	0	9	1167	0	1191
23798	7	2	0	1164	0	1173
23799	1	1175	7	17	0	1200
23800	1185	17	2	10	0	1214
23801	1211	5	0	8	0	1224
23802	22	1198	2	2	0	1224
23803	8	17	1	1221	0	1247
23804	4	5	1211	18	0	1238
23805	1191	2	18	12	0	1223
23806	1236	3	5	3	0	1247
23807	27	1	2	1175	0	1205
23808	7	1	1147	18	0	1173
23809	3	1120	18	9	0	1150
23810	1113	19	5	6	0	1143
23811	21	6	1120	4	0	1151
23812	7	1087	19	3	0	1116
23813	1028	14	8	6	0	1056
23814	1043	4	4	4	0	1055
23815	18	2	7	1022	0	1049
23816	8	1019	0	15	0	1042
23817	6	16	3	1045	0	1070
23818	6	7	1	1060	0	1074
23819	9	3	2	1036	0	1050
23820	8	5	0	1061	0	1074
23821	5	2	1047	19	0	1073
23822	5	3	15	1062	0	1085
23823	8	4	6	1071	0	1089
23824	7	2	1046	22	0	1077
23825	5	1051	17	9	0	1082
23826	1049	16	5	9	0	1079
23827	1063	7	4	5	0	1079
23828	21	3	7	1068	0	1099
23829	1079	5	1	21	0	1106
23830	21	0	6	1111	0	1138
23831	11	6	1116	18	0	1151
23832	7	2	1116	11	0	1136
23833	9	1103	17	8	0	1137
23834	1087	16	8	15	0	1126
23835	19	9	1149	8	0	1185
23836	11	4	20	1131	0	1166
23837	8	3	6	1198	0	1215
23838	9	4	5	1209	0	1227
23839	9	4	5	1196	0	1214
23840	10	2	3	1199	0	1214
23841	7	1	1179	29	0	1216
23842	8	5	22	1176	0	1211
23843	1161	3	10	25	0	1199
23844	23	1153	3	13	0	1192
23845	1157	18	7	8	0	1190
23846	26	1145	3	9	0	1183
23847	1159	20	5	12	0	1196
23848	1184	7	3	9	0	1203
23849	25	3	3	1166	0	1197
23850	10	6	8	1181	0	1205
23851	1162	5	6	25	0	1198
23852	1150	3	5	12	0	1170
23853	1158	5	3	11	0	1177
23854	25	1112	4	14	0	1155
23855	10	1124	1	15	0	1150
23856	6	16	1115	16	0	1153
23857	9	14	16	1087	0	1126
23858	7	3	1053	25	0	1088
23859	7	1043	16	13	0	1079
23860	8	16	6	997	0	1027
23861	6	8	3	1011	0	1028
23862	9	5	3	1017	0	1034
23863	1001	6	2	22	0	1031
23864	1004	2	3	10	0	1019
23865	21	995	1	8	0	1025
23866	14	15	1	1000	0	1030
23867	10	4	1008	20	0	1042
23868	9	5	963	12	0	989
23869	992	2	17	6	0	1017
23870	997	8	6	4	0	1015
23871	22	4	4	991	0	1021
23872	982	7	5	19	0	1013
23873	17	8	974	10	0	1009
23874	8	974	15	7	0	1004
23875	7	14	9	980	0	1010
23876	3	9	1000	20	0	1032
23877	9	3	17	1023	0	1052
23878	8	5	8	1031	0	1052
23879	3	1	1026	31	0	1061
23880	1012	5	14	14	0	1045
23881	1041	8	5	12	0	1066
23882	23	1074	6	10	0	1113
23883	1088	17	5	15	0	1125
23884	1111	7	8	9	0	1135
23885	24	4	1084	9	0	1121
23886	1080	4	19	13	0	1116
23887	22	1126	12	10	0	1170
23888	1132	18	1	10	0	1161
23889	1158	6	4	10	0	1178
23890	1173	2	6	10	0	1191
23891	1124	8	3	11	0	1146
23892	1141	5	5	8	0	1159
23893	24	1125	6	6	0	1161
23894	1004	11	6	6	0	1027
23895	17	970	6	7	0	1000
23896	6	831	6	5	0	848
23897	8	864	5	5	0	882
23898	857	10	15	5	0	887
23899	865	5	2	6	0	878
23900	11	4	846	4	0	865
23901	885	1	5	5	0	896
23902	893	0	6	6	0	905
23903	12	4	912	6	0	934
23904	8	3	9	924	0	944
23905	8	2	4	895	0	909
23906	11	2	0	942	0	955
23907	6	4	1	952	0	963
23908	5	3	2	947	0	957
23909	5	6	942	11	0	964
23910	10	928	9	4	0	951
23911	920	9	4	2	0	935
23912	13	919	3	4	0	939
23913	922	9	2	4	0	937
23914	923	5	3	1	0	932
23915	18	2	903	0	0	923
23916	12	3	8	853	0	876
23917	5	882	7	10	0	904
23918	889	9	6	9	0	913
23919	888	5	2	10	0	905
23920	891	3	1	10	0	905
23921	12	921	4	9	0	946
23922	932	10	3	4	0	949
23923	937	6	1	7	0	951
23924	935	6	1	4	0	946
23925	17	3	3	923	0	946
23926	12	4	4	925	0	945
23927	14	2	2	926	0	944
23928	916	4	2	12	0	934
23929	12	908	2	7	0	929
23930	874	6	1	4	0	885
23931	847	4	4	3	0	858
23932	826	4	1	3	0	834
23933	837	2	0	2	0	841
23934	13	822	2	5	0	842
23935	766	4	0	1	0	771
23936	10	742	1	1	0	754
23937	7	719	0	1	0	727
23938	727	7	0	3	0	737
23939	7	714	1	2	0	724
23940	7	724	2	4	0	737
23941	732	7	2	5	0	746
23942	737	5	1	3	0	746
23943	10	2	0	732	0	744
23944	7	2	0	740	0	749
23945	746	2	0	7	0	755
23946	766	2	0	7	0	775
23947	754	2	2	2	0	760
23948	11	1	755	0	0	767
23949	778	2	5	0	0	785
23950	10	1	3	790	0	804
23951	6	4	1	791	0	802
23952	4	3	1	795	0	803
23953	3	2	1	798	0	804
23954	4	1	772	8	0	785
23955	2	1	779	7	0	789
23956	1	2	6	788	0	797
23957	4	2	782	8	0	796
23958	4	3	772	5	0	784
23959	8	1	9	775	0	793
23960	7	2	4	786	0	799
23961	5	2	4	804	0	815
23962	6	1	0	789	0	796
23963	803	1	1	13	0	818
23964	824	0	2	10	0	836
23965	8	0	2	812	0	822
23966	9	1	1	816	0	827
23967	4	2	2	807	0	815
23968	4	0	1	802	0	807
23969	4	2	2	800	0	808
23970	2	790	3	14	0	809
23971	786	6	2	12	0	806
23972	9	785	2	4	0	800
23973	782	10	1	6	0	799
23974	788	2	1	5	0	796
23975	786	4	1	7	0	798
23976	12	1	1	755	0	769
23977	744	0	0	11	0	755
23978	10	3	1	738	0	752
23979	7	6	1	716	0	730
23980	729	4	0	10	0	743
23981	12	707	0	8	0	727
23982	3	664	0	5	0	672
23983	652	8	1	6	0	667
23984	9	7	649	2	0	667
23985	629	5	9	1	0	644
23986	17	4	3	633	0	657
23987	6	589	1	5	0	601
23988	7	599	0	5	0	611
23989	609	7	5	5	0	626
23990	8	4	0	623	0	635
23991	6	655	0	6	0	667
23992	663	5	0	6	0	674
23993	656	2	0	4	0	662
23994	660	1	1	1	0	663
23995	656	1	0	2	0	659
23996	9	631	0	3	0	643
23997	3	640	0	3	0	646
23998	642	6	0	1	0	649
23999	660	4	1	1	0	666
24000	11	2	645	0	0	658
24001	3	619	5	0	0	627
24002	632	5	0	1	0	638
24003	668	0	1	0	0	669
24004	7	4	656	0	0	667
24005	684	0	6	0	0	690
24006	10	1	692	0	0	703
24007	0	0	735	0	0	735
24008	5	0	6	703	0	714
24009	1	717	5	8	0	731
24010	744	9	3	5	0	761
24011	7	3	0	747	0	757
24012	4	5	0	747	0	756
24013	4	0	0	758	0	762
24014	753	0	0	15	0	768
24015	8	0	0	756	0	764
24016	5	1	0	765	0	771
24017	4	0	766	10	0	780
24018	766	1	10	6	0	783
24019	784	1	4	4	0	793
24020	14	0	788	2	0	804
24021	753	1	8	1	0	763
24022	14	0	3	732	0	749
24023	4	737	3	9	0	753
24024	4	9	1	744	0	758
24025	742	3	1	14	0	760
24026	9	749	0	3	0	761
24027	3	9	0	759	0	771
24028	5	3	0	773	0	781
24029	1	4	1	774	0	780
24030	2	0	0	769	0	771
24031	1	793	0	16	0	810
24032	809	10	1	7	0	827
24033	814	4	0	6	0	824
24034	13	832	1	3	0	849
24035	917	11	1	3	0	932
24036	945	4	1	3	0	953
24037	941	4	0	1	0	946
24038	23	2	908	2	0	935
24039	11	1	13	910	0	935
24040	5	0	890	16	0	911
24041	900	1	15	6	0	922
24042	15	908	3	6	0	932
24043	905	17	4	2	0	928
24044	22	904	0	0	0	926
24045	10	16	1	878	0	905
24046	9	6	3	897	0	915
24047	2	6	878	20	0	906
24048	3	878	16	10	0	907
24049	872	15	9	3	0	899
24050	16	7	873	1	0	897
24051	875	5	13	2	0	895
24052	19	2	6	868	0	895
24053	12	2	871	14	0	899
24054	5	876	14	12	0	907
24055	3	13	7	868	0	891
24056	1	8	861	13	0	883
24057	4	4	854	9	0	871
24058	2	865	22	6	0	895
24059	3	12	14	857	0	886
24060	6	8	4	842	0	860
24061	5	842	1	20	0	868
24062	870	14	2	9	0	895
24063	18	7	2	853	0	880
24064	8	847	1	16	0	872
24065	859	14	6	9	0	888
24066	861	10	1	5	0	877
24067	882	5	0	6	0	893
24068	23	854	3	3	0	883
24069	875	15	4	4	0	898
24070	873	11	1	7	0	892
24071	25	2	3	861	0	891
24072	881	4	3	16	0	904
24073	18	6	1	884	0	909
24074	14	3	864	15	0	896
24075	9	1	883	7	0	900
24076	5	6	18	887	0	916
24077	4	1	897	18	0	920
24078	889	2	17	10	0	918
24079	24	3	7	900	0	934
24080	17	1	5	911	0	934
24081	6	1	900	26	0	933
24082	3	879	18	15	0	915
24083	5	921	10	4	0	940
24084	7	19	5	896	0	927
24085	5	12	2	918	0	937
24086	3	8	903	21	0	935
24087	6	2	909	12	0	929
24088	6	3	20	921	0	950
24089	2	3	912	19	0	936
24090	900	2	20	9	0	931
24091	17	5	7	882	0	911
24092	880	3	8	21	0	912
24093	24	2	6	880	0	912
24094	15	3	1	900	0	919
24095	7	4	880	25	0	916
24096	4	886	16	17	0	923
24097	9	14	7	882	0	912
24098	4	8	888	22	0	922
24099	6	871	15	11	0	903
24100	7	17	10	880	0	914
24101	870	7	2	18	0	897
24102	18	1	862	13	0	894
24103	782	2	14	9	0	807
24104	18	2	781	5	0	806
24105	727	1	17	7	0	752
24106	11	738	12	4	0	765
24107	5	719	4	2	0	730
24108	5	19	1	690	0	715
24109	3	687	4	14	0	708
24110	704	11	2	5	0	722
24111	13	4	2	705	0	724
24112	8	0	3	709	0	720
24113	3	2	4	713	0	722
24114	1	5	696	14	0	716
24115	5	4	11	688	0	708
24116	0	2	692	17	0	711
24117	2	666	14	7	0	689
24118	650	11	6	3	0	670
24119	13	684	1	5	0	703
24120	695	9	4	5	0	713
24121	703	5	3	2	0	713
24122	709	0	2	5	0	716
24123	709	0	3	5	0	717
24124	16	3	678	2	0	699
24125	6	3	10	677	0	696
24126	2	3	5	660	0	670
24127	2	3	2	693	0	700
24128	645	2	0	16	0	663
24129	651	0	2	7	0	660
24130	15	662	4	2	0	683
24131	5	12	638	3	0	658
24132	3	3	636	3	0	645
24133	4	618	14	3	0	639
24134	2	638	6	4	0	650
24135	11	9	9	531	0	560
24136	2	1	2	524	0	529
24137	539	3	0	7	0	549
24138	8	532	1	3	0	544
24139	3	7	2	546	0	558
24140	1	3	560	8	0	572
24141	1	3	5	578	0	587
24142	1	0	4	579	0	584
24143	1	1	0	595	0	597
24144	2	0	1	587	0	590
24145	1	2	579	10	0	592
24146	1	560	9	2	0	572
24147	1	557	1	2	0	561
24148	539	6	3	1	0	549
24149	7	541	0	1	0	549
24150	3	556	1	1	0	561
24151	1	9	0	558	0	568
24152	4	0	3	562	0	569
24153	3	2	0	560	0	565
24154	3	1	550	9	0	563
24155	4	549	6	2	0	561
24156	1	7	1	548	0	557
24157	1	556	0	8	0	565
24158	547	7	2	3	0	559
24159	6	549	1	4	0	560
24160	550	6	1	2	0	559
24161	9	1	544	0	0	554
24162	537	3	6	0	0	546
24163	6	1	0	544	0	551
24164	2	1	552	7	0	562
24165	537	0	7	3	0	547
24166	549	2	0	0	0	551
24167	551	0	1	3	0	555
24168	7	0	2	541	0	550
24169	1	1	543	8	0	553
24170	533	1	4	4	0	542
24171	7	0	1	545	0	553
24172	2	0	0	553	0	555
24173	3	1	567	6	0	577
24174	1	564	6	1	0	572
24175	0	7	1	551	0	559
24176	1	558	2	5	0	566
24177	547	6	1	1	0	555
24178	553	2	0	3	0	558
24179	5	0	1	549	0	555
24180	545	1	1	7	0	554
24181	7	545	0	1	0	553
24182	546	7	0	2	0	555
24183	6	541	0	1	0	548
24184	3	7	1	541	0	552
24185	2	2	0	534	0	538
24186	2	530	0	9	0	541
24187	1	9	1	529	0	540
24188	1	2	530	8	0	541
24189	1	508	6	0	0	515
24190	490	4	0	2	0	496
24191	3	491	0	2	0	496
24192	0	4	1	494	0	499
24193	2	0	495	3	0	500
24194	1	2	3	520	0	526
24195	2	0	0	511	0	513
24196	500	0	1	5	0	506
24197	4	1	497	0	0	502
24198	1	494	3	1	0	499
24199	0	3	507	1	0	511
24200	2	0	501	0	0	503
24201	1	0	499	0	0	500
24202	2	2	2	517	0	523
24203	533	0	0	2	0	535
24204	2	536	1	0	0	539
24205	539	2	0	0	0	541
24206	546	0	0	1	0	547
24207	2	2	0	525	0	529
24208	0	528	0	2	0	530
24209	530	3	0	0	0	533
24210	2	528	0	1	0	531
24211	1	5	0	520	0	526
24212	2	0	0	552	0	554
24213	1	562	0	2	0	565
24214	1	2	1	560	0	564
24215	1	1	556	3	0	561
24216	0	2	550	1	0	553
24217	2	1	2	556	0	561
24218	1	1	1	561	0	564
24219	0	1	525	3	0	529
24220	0	1	504	1	0	506
24221	499	1	2	1	0	503
24222	2	502	3	2	0	509
24223	1	536	0	2	0	539
24224	3	5	0	539	0	547
24225	2	2	0	539	0	543
24226	0	2	1	543	0	546
24227	1	1	535	4	0	541
24228	0	1	529	2	0	532
24229	0	0	3	549	0	552
24230	1	1	542	3	0	547
24231	2	538	6	0	0	546
24232	528	1	1	2	0	532
24233	2	1	535	1	0	539
24234	0	1	524	1	0	526
24235	5	0	4	523	0	532
24236	1	1	564	4	0	570
24237	0	574	5	3	0	582
24238	1	4	1	597	0	603
24239	0	2	602	8	0	612
24240	1	574	7	2	0	584
24241	578	7	1	5	0	591
24242	8	2	3	573	0	586
24243	3	4	2	573	0	582
24244	573	1	2	9	0	585
24245	8	564	2	6	0	580
24246	572	7	1	7	0	587
24247	584	2	1	4	0	591
24248	589	4	2	1	0	596
24249	11	3	2	582	0	598
24250	563	1	1	8	0	573
24251	11	549	1	3	0	564
24252	4	551	1	4	0	560
24253	579	7	0	2	0	588
24254	9	4	1	574	0	588
24255	3	7	1	578	0	589
24256	4	2	0	585	0	591
24257	2	2	570	13	0	587
24258	2	572	6	7	0	587
24259	2	6	3	577	0	588
24260	583	2	4	10	0	599
24261	8	2	2	586	0	598
24262	2	4	577	9	0	592
24263	4	583	6	5	0	598
24264	578	6	3	7	0	594
24265	577	1	5	3	0	586
24266	583	4	3	2	0	592
24267	10	2	1	574	0	587
24268	6	1	583	10	0	600
24269	5	0	627	4	0	636
24270	3	648	11	6	0	668
24271	1	13	8	647	0	669
24272	3	3	5	651	0	662
24273	622	5	1	13	0	641
24274	11	1	1	624	0	637
24275	639	0	2	17	0	658
24276	16	4	632	4	0	656
24277	5	1	649	6	0	661
24278	6	1	17	641	0	665
24279	5	2	6	657	0	670
24280	5	1	4	676	0	686
24281	714	0	2	19	0	735
24282	762	2	2	7	0	773
24283	19	2	1	771	0	793
24284	6	3	752	19	0	780
24285	7	3	772	4	0	786
24286	4	1	18	768	0	791
24287	770	1	4	22	0	797
24288	19	0	5	762	0	786
24289	4	2	3	781	0	790
24290	6	4	764	20	0	794
24291	3	3	766	8	0	780
24292	742	0	21	9	0	772
24293	19	0	754	6	0	779
24294	4	2	22	725	0	753
24295	6	1	3	744	0	754
24296	733	1	5	22	0	761
24297	22	719	2	4	0	747
24298	702	17	2	11	0	732
24299	20	678	1	4	0	703
24300	669	19	1	1	0	690
24301	20	4	661	1	0	686
24302	621	5	16	1	0	643
24303	641	1	2	4	0	648
24304	20	2	3	627	0	652
24305	3	0	630	19	0	652
24306	6	0	16	610	0	632
24307	3	0	3	629	0	635
24308	2	613	3	20	0	638
24309	2	16	4	597	0	619
24310	1	609	2	14	0	626
24311	2	18	2	608	0	630
24312	590	3	2	22	0	617
24313	18	3	0	590	0	611
24314	3	1	586	20	0	610
24315	583	2	19	4	0	608
24316	20	1	602	4	0	627
24317	603	0	17	3	0	623
24318	617	1	4	4	0	626
24319	21	604	3	3	0	631
24320	6	638	1	2	0	647
24321	623	22	3	0	0	648
24322	643	5	3	1	0	652
24323	617	4	0	1	0	622
24324	618	2	2	1	0	623
24325	616	1	1	6	0	624
24326	27	0	2	597	0	626
24327	8	1	2	623	0	634
24328	5	1	605	23	0	634
24329	592	2	19	7	0	620
24330	24	1	2	596	0	623
24331	5	3	3	617	0	628
24332	6	1	609	20	0	636
24333	3	584	20	8	0	615
24334	6	618	4	5	0	633
24335	600	18	5	8	0	631
24336	579	2	1	7	0	589
24337	20	543	6	6	0	575
24338	3	539	3	4	0	549
24339	530	15	2	2	0	549
24340	556	3	3	2	0	564
24341	18	1	1	543	0	563
24342	6	1	2	553	0	562
24343	2	1	4	573	0	580
24344	558	2	2	19	0	581
24345	577	0	2	4	0	583
24346	21	1	4	570	0	596
24347	589	1	1	19	0	610
24348	18	1	598	6	0	623
24349	7	4	17	600	0	628
24350	5	3	592	18	0	618
24351	7	593	14	7	0	621
24352	7	19	4	587	0	617
24353	583	4	6	16	0	609
24354	18	1	7	579	0	605
24355	10	1	3	592	0	606
24356	4	3	582	24	0	613
24357	2	3	584	13	0	602
24358	3	589	22	4	0	618
24359	599	16	4	6	0	625
24360	603	8	2	7	0	620
24361	609	2	2	5	0	618
24362	619	4	5	2	0	630
24363	27	4	1	605	0	637
24364	8	2	3	633	0	646
24365	10	608	1	20	0	639
24366	625	14	4	6	0	649
24367	632	4	1	4	0	641
24368	22	4	594	3	0	623
24369	527	5	11	3	0	546
24370	15	543	5	1	0	564
24371	13	18	1	529	0	561
24372	6	541	2	14	0	563
24373	541	13	2	6	0	562
24374	19	536	1	2	0	558
24375	13	11	0	526	0	550
24376	3	3	1	537	0	544
24377	4	3	1	525	0	533
24378	5	514	3	12	0	534
24379	3	13	2	508	0	526
24380	2	8	3	508	0	521
24381	2	430	0	12	0	444
24382	1	405	1	8	0	415
24383	384	12	0	2	0	398
24384	7	386	1	8	0	402
24385	377	6	0	6	0	389
24386	6	6	378	2	0	392
24387	5	378	5	2	0	390
24388	378	10	3	0	0	391
24389	384	5	0	1	0	390
24390	15	0	373	1	0	389
24391	6	2	7	367	0	382
24392	2	3	384	6	0	395
24393	5	378	4	5	0	392
24394	377	6	6	2	0	391
24395	6	384	2	3	0	395
24396	4	5	2	386	0	397
24397	2	5	1	389	0	397
24398	2	2	390	10	0	404
24399	4	1	374	6	0	385
24400	376	2	10	4	0	392
24401	391	2	3	3	0	399
24402	395	1	2	4	0	402
24403	392	0	3	2	0	397
24404	10	381	2	2	0	395
24405	9	6	0	385	0	400
24406	5	3	1	389	0	398
24407	5	389	1	8	0	403
24408	397	7	0	4	0	408
24409	402	5	1	3	0	411
24410	9	1	394	3	0	407
24411	396	1	5	3	0	405
24412	10	1	3	395	0	409
24413	7	0	401	6	0	414
24414	3	2	7	399	0	411
24415	4	1	406	5	0	416
24416	3	3	389	4	0	399
24417	1	2	8	386	0	397
24418	1	391	4	6	0	402
24419	388	4	1	8	0	401
24420	384	4	3	2	0	393
24421	7	386	4	1	0	398
24422	3	410	3	3	0	419
24423	423	8	1	1	0	433
24424	418	3	0	0	0	421
24425	423	1	0	1	0	425
24426	418	3	0	1	0	422
24427	9	3	0	420	0	432
24428	6	2	421	5	0	434
24429	5	419	3	5	0	432
24430	425	6	3	0	0	434
24431	7	429	0	1	0	437
24432	424	3	3	3	0	433
24433	426	5	3	0	0	434
24434	9	2	432	0	0	443
24435	6	442	2	1	0	451
24436	1	5	3	443	0	452
24437	3	4	0	448	0	455
24438	3	0	2	437	0	442
24439	444	3	2	6	0	455
24440	425	2	0	6	0	433
24441	420	1	0	4	0	425
24442	6	420	0	5	0	431
24443	410	2	0	2	0	414
24444	4	407	0	1	0	412
24445	5	1	411	1	0	418
24446	2	401	2	0	0	405
24447	4	1	7	369	0	381
24448	0	1	0	364	0	365
24449	0	0	357	3	0	360
24450	0	0	1	353	0	354
24451	0	0	1	359	0	360
24452	364	0	0	3	0	367
24453	363	0	0	1	0	364
24454	367	0	0	0	0	367
24455	2	368	0	0	0	370
24456	365	1	0	1	0	367
24457	356	1	0	0	0	357
24458	3	359	0	3	0	365
24459	0	2	0	356	0	358
24460	1	0	1	351	0	353
24461	348	1	0	2	0	351
24462	3	0	341	0	0	344
24463	0	328	1	0	0	329
24464	1	2	0	309	0	312
24465	1	314	0	1	0	316
24466	0	312	1	1	0	314
24467	320	2	0	0	0	322
24468	313	0	0	1	0	314
24469	1	1	1	318	0	321
24470	1	0	0	303	0	304
24471	2	0	0	309	0	311
24472	2	0	0	310	0	312
24473	1	1	303	2	0	307
24474	0	1	290	1	0	292
24475	3	0	1	309	0	313
24476	0	1	322	1	0	324
24477	0	318	2	0	0	320
24478	326	1	0	2	0	329
24479	327	0	0	1	0	328
24480	1	2	0	327	0	330
24481	2	0	1	336	0	339
24482	1	0	0	346	0	347
24483	0	345	0	3	0	348
24484	345	1	0	2	0	348
24485	353	0	0	1	0	354
24486	2	2	349	0	0	353
24487	2	0	0	381	0	383
24488	2	0	379	1	0	382
24489	2	0	2	402	0	406
24490	0	1	1	400	0	402
24491	0	0	1	401	0	402
24492	0	0	0	413	0	413
24493	406	0	0	4	0	410
24494	422	0	1	2	0	425
24495	428	1	0	2	0	431
24496	3	0	0	429	0	432
24497	1	1	420	2	0	424
24498	410	1	2	0	0	413
24499	3	0	0	424	0	427
24500	424	0	1	2	0	427
24501	3	0	0	422	0	425
24502	1	406	0	4	0	411
24503	2	432	0	1	0	435
24504	0	2	0	438	0	440
24505	1	0	1	432	0	434
24506	1	1	1	436	0	439
24507	0	430	0	5	0	435
24508	431	2	1	2	0	436
24509	1	424	0	4	0	429
24510	1	3	428	1	0	433
24511	3	1	2	437	0	443
24512	1	454	0	5	0	460
24513	1	2	1	451	0	455
24514	0	0	0	455	0	455
24515	0	2	442	3	0	447
24516	428	0	1	6	0	435
24517	2	454	0	3	0	459
24518	452	2	2	2	0	458
24519	472	0	0	1	0	473
24520	464	3	0	0	0	467
24521	3	3	450	2	0	458
24522	1	0	3	446	0	450
24523	2	0	1	441	0	444
24524	2	1	438	4	0	445
24525	412	2	1	1	0	416
24526	4	0	437	3	0	444
24527	1	2	423	0	0	426
24528	3	442	2	0	0	447
24529	2	2	2	446	0	452
24530	1	1	445	4	0	451
24531	423	0	2	5	0	430
24532	431	2	2	2	0	437
24533	4	1	436	1	0	442
24534	3	1	3	431	0	438
24535	1	1	450	4	0	456
24536	1	447	3	3	0	454
24537	470	4	1	2	0	477
24538	478	0	2	3	0	483
24539	481	2	1	1	0	485
24540	7	0	2	475	0	484
24541	4	0	2	484	0	490
24542	2	2	481	7	0	492
24543	475	0	6	5	0	486
24544	10	1	1	488	0	500
24545	481	0	4	8	0	493
24546	9	1	481	1	0	492
24547	3	2	491	3	0	499
24548	2	0	7	484	0	493
24549	3	0	1	500	0	504
24550	3	0	502	10	0	515
24551	493	1	8	2	0	504
24552	8	0	1	491	0	500
24553	2	510	1	7	0	520
24554	531	8	3	1	0	543
24555	7	523	2	3	0	535
24556	526	8	2	2	0	538
24557	10	0	541	3	0	554
24558	1	3	523	2	0	529
24559	5	530	4	5	0	544
24560	537	5	4	2	0	548
24561	7	3	535	2	0	547
24562	528	2	5	3	0	538
24563	10	534	2	1	0	547
24564	7	5	7	531	0	550
24565	0	1	5	533	0	539
24566	4	519	4	9	0	536
24567	552	7	2	3	0	564
24568	561	2	4	1	0	568
24569	581	0	2	2	0	585
24570	9	0	574	5	0	588
24571	3	4	9	574	0	590
24572	4	2	4	577	0	587
24573	3	2	0	599	0	604
24574	2	2	584	11	0	599
24575	5	575	10	3	0	593
24576	561	8	3	1	0	573
24577	10	3	568	1	0	582
24578	555	2	8	3	0	568
24579	7	561	6	1	0	575
24580	559	9	2	3	0	573
24581	9	7	1	541	0	558
24582	552	0	3	12	0	567
24583	11	3	3	551	0	568
24584	5	5	575	6	0	591
24585	7	2	7	568	0	584
24586	4	1	563	8	0	576
24587	521	2	7	3	0	533
24588	9	539	5	0	0	553
24589	4	9	0	503	0	516
24590	5	533	1	5	0	544
24591	533	5	3	4	0	545
24592	538	1	2	1	0	542
24593	7	531	0	3	0	541
24594	516	5	3	4	0	528
24595	521	2	2	1	0	526
24596	9	2	0	517	0	528
24597	4	0	0	523	0	527
24598	547	0	1	8	0	556
24599	554	0	1	3	0	558
24600	9	1	2	547	0	559
24601	4	0	0	587	0	591
24602	589	0	1	12	0	602
24603	9	0	586	4	0	599
24604	568	0	7	2	0	577
24605	10	1	577	1	0	589
24606	3	574	9	1	0	587
24607	2	9	5	565	0	581
24608	2	4	579	5	0	590
24609	3	603	8	2	0	616
24610	606	7	4	2	0	619
24611	8	5	596	1	0	610
24612	579	1	7	0	0	587
24613	598	0	2	3	0	603
24614	610	1	1	2	0	614
24615	10	2	0	589	0	601
24616	6	594	2	4	0	606
24617	601	6	0	3	0	610
24618	9	3	598	2	0	612
24619	564	0	8	1	0	573
24620	8	1	605	2	0	616
24621	2	596	7	4	0	609
24622	4	7	1	599	0	611
24623	1	3	3	609	0	616
24624	1	595	2	9	0	607
24625	5	7	0	611	0	623
24626	0	2	613	8	0	623
24627	2	616	6	3	0	627
24628	2	5	2	594	0	603
24629	596	2	2	7	0	607
24630	616	1	0	5	0	622
24631	12	0	0	610	0	622
24632	4	616	2	10	0	632
24633	2	6	3	620	0	631
24634	3	3	0	614	0	620
24635	2	0	589	9	0	600
24636	1	599	8	4	0	612
24637	1	6	2	577	0	586
24638	0	2	578	6	0	586
24639	0	576	4	2	0	582
24640	3	3	4	574	0	584
24641	576	2	1	4	0	583
24642	5	581	0	2	0	588
24643	5	3	0	588	0	596
24644	612	3	1	3	0	619
24645	608	1	0	7	0	616
24646	611	1	0	5	0	617
24647	609	0	0	0	0	609
24648	7	1	0	603	0	611
24649	3	0	605	6	0	614
24650	0	1	5	596	0	602
24651	2	603	2	4	0	611
24652	606	3	2	5	0	616
24653	6	2	592	0	0	600
24654	567	1	4	2	0	574
24655	4	1	575	1	0	581
24656	4	0	2	575	0	581
24657	2	0	570	3	0	575
24658	1	2	2	571	0	576
24659	3	0	574	4	0	581
24660	2	0	5	564	0	571
24661	572	0	3	6	0	581
24662	4	597	0	4	0	605
24663	5	2	0	602	0	609
24664	1	3	0	609	0	613
24665	0	1	642	4	0	647
24666	3	0	609	2	0	614
24667	610	0	5	2	0	617
24668	4	613	3	1	0	621
24669	613	2	2	1	0	618
24670	612	1	0	4	0	617
24671	5	1	2	608	0	616
24672	1	619	2	4	0	626
24673	614	2	0	3	0	619
24674	625	2	2	3	0	632
24675	638	2	1	4	0	645
24676	638	0	0	4	0	642
24677	631	0	4	3	0	638
24678	4	1	632	1	0	638
24679	627	0	2	2	0	631
24680	4	1	631	1	0	637
24681	4	0	3	624	0	631
24682	2	1	1	646	0	650
24683	2	0	635	5	0	642
24684	610	2	4	1	0	617
24685	6	1	1	619	0	627
24686	3	0	1	635	0	639
24687	1	1	2	632	0	636
24688	3	1	1	618	0	623
24689	3	0	1	628	0	632
24690	0	4	636	5	0	645
24691	3	0	4	634	0	641
24692	2	0	645	6	0	653
24693	0	2	638	2	0	642
24694	639	1	6	6	0	652
24695	669	0	1	1	0	671
24696	733	1	0	0	0	734
24697	6	2	738	2	0	748
24698	2	1	713	3	0	719
24699	3	0	722	2	0	727
24700	2	745	9	3	0	759
24701	2	10	7	734	0	753
24702	760	0	3	14	0	777
24703	10	2	0	813	0	825
24704	2	818	1	15	0	836
24705	831	8	2	5	0	846
24706	11	1	1	838	0	851
24707	2	859	2	14	0	877
24708	5	9	1	861	0	876
24709	1	2	2	850	0	855
24710	837	4	1	10	0	852
24711	10	0	2	836	0	848
24712	2	2	831	13	0	848
24713	5	1	11	823	0	840
24714	2	814	2	14	0	832
24715	0	833	7	3	0	843
24716	1	12	2	814	0	829
24717	4	4	5	809	0	822
24718	3	799	2	12	0	816
24719	3	798	1	10	0	812
24720	4	800	2	5	0	811
24721	4	15	1	765	0	785
24722	1	798	1	8	0	808
24723	788	16	2	3	0	809
24724	11	1	797	8	0	817
24725	3	8	9	781	0	801
24726	5	801	1	12	0	819
24727	788	10	6	5	0	809
24728	13	2	794	9	0	818
24729	1	799	9	7	0	816
24730	779	11	4	4	0	798
24731	10	770	5	5	0	790
24732	4	803	1	2	0	810
24733	4	14	0	795	0	813
24734	0	805	1	13	0	819
24735	796	14	0	7	0	817
24736	9	6	1	791	0	807
24737	2	9	785	11	0	807
24738	7	5	786	2	0	800
24739	1	3	11	790	0	805
24740	0	7	795	11	0	813
24741	5	1	13	801	0	820
24742	778	3	4	19	0	804
24743	12	2	794	4	0	812
24744	1	4	10	774	0	789
24745	7	773	2	10	0	792
24746	4	10	8	782	0	804
24747	0	7	1	788	0	796
24748	5	789	2	11	0	807
24749	2	12	1	808	0	823
24750	4	7	1	811	0	823
24751	1	7	798	13	0	819
24752	1	794	9	10	0	814
24753	796	11	5	6	0	818
24754	12	2	5	799	0	818
24755	4	4	802	12	0	822
24756	5	4	14	795	0	818
24757	1	2	787	19	0	809
24758	754	2	15	7	0	778
24759	10	791	4	8	0	813
24760	4	11	6	790	0	811
24761	6	4	3	804	0	817
24762	768	5	2	17	0	792
24763	12	3	1	772	0	788
24764	1	3	762	19	0	785
24765	5	1	14	719	0	739
24766	2	721	1	18	0	742
24767	1	738	5	3	0	747
24768	0	737	1	9	0	747
24769	2	17	6	723	0	748
24770	1	12	719	11	0	743
24771	4	720	12	4	0	740
24772	706	12	2	10	0	730
24773	10	712	11	3	0	736
24774	706	16	1	5	0	728
24775	701	4	2	3	0	710
24776	14	6	701	2	0	723
24777	707	2	11	5	0	725
24778	740	1	3	5	0	749
24779	724	3	7	7	0	741
24780	755	0	2	3	0	760
24781	17	4	737	5	0	763
24782	727	1	11	3	0	742
24783	758	0	2	3	0	763
24784	9	779	7	3	0	798
24785	7	16	0	777	0	800
24786	7	4	0	789	0	800
24787	2	793	2	17	0	814
24788	786	13	2	10	0	811
24789	14	791	3	7	0	815
24790	764	16	1	3	0	784
24791	810	4	3	0	0	817
24792	17	816	0	4	0	837
24793	10	13	3	801	0	827
24794	7	3	804	17	0	831
24795	2	790	13	4	0	809
24796	4	19	2	723	0	748
24797	1	757	4	8	0	770
24798	2	833	0	2	0	837
24799	4	17	1	800	0	822
24800	0	7	790	13	0	810
24801	2	761	13	4	0	780
24802	1	766	3	4	0	774
24803	694	13	3	1	0	711
24804	12	3	0	714	0	729
24805	1	1	1	723	0	726
24806	3	0	0	733	0	736
24807	1	0	712	16	0	729
24808	3	1	15	731	0	750
24809	1	755	2	16	0	774
24810	765	15	3	4	0	787
24811	17	2	0	772	0	791
24812	3	2	764	15	0	784
24813	782	0	15	2	0	799
24814	17	0	1	795	0	813
24815	2	0	816	17	0	835
24816	2	0	838	2	0	842
24817	831	0	18	2	0	851
24818	864	1	4	2	0	871
24819	859	0	2	1	0	862
24820	865	0	0	0	0	865
24821	20	1	846	0	0	867
24822	5	857	15	3	0	880
24823	858	16	1	1	0	876
24824	16	856	2	0	0	874
24825	844	17	0	1	0	862
24826	17	857	0	0	0	874
24827	4	19	0	851	0	874
24828	3	2	0	866	0	871
24829	0	2	1	863	0	866
24830	0	834	0	19	0	853
24831	0	862	0	3	0	865
24832	4	16	0	807	0	827
24833	0	822	0	19	0	841
24834	0	19	822	3	0	844
24835	3	2	16	828	0	849
24836	0	2	828	17	0	847
24837	817	0	18	4	0	839
24838	837	2	2	2	0	843
24839	19	0	822	1	0	842
24840	5	1	812	1	0	819
24841	2	1	16	806	0	825
24842	1	2	809	16	0	828
24843	2	0	17	774	0	793
24844	0	749	5	19	0	773
24845	1	17	3	815	0	836
24846	6	2	0	820	0	828
24847	1	3	1	828	0	833
24848	2	0	786	21	0	809
24849	4	1	16	773	0	794
24850	2	0	2	786	0	790
24851	3	0	2	770	0	775
24852	2	782	2	18	0	804
24853	782	20	0	5	0	807
24854	793	2	0	4	0	799
24855	797	5	3	1	0	806
24856	21	3	1	777	0	802
24857	6	1	773	18	0	798
24858	8	3	776	2	0	789
24859	2	773	18	2	0	795
24860	749	16	3	2	0	770
24861	13	763	4	2	0	782
24862	773	18	0	3	0	794
24863	18	769	1	4	0	792
24864	768	20	1	3	0	792
24865	18	804	1	1	0	824
24866	4	18	0	801	0	823
24867	2	5	796	18	0	821
24868	3	3	799	5	0	810
24869	3	1	16	803	0	823
24870	2	2	7	810	0	821
24871	3	2	2	819	0	826
24872	2	2	794	20	0	818
24873	3	1	17	797	0	818
24874	792	0	5	21	0	818
24875	806	0	3	6	0	815
24876	18	783	3	3	0	807
24877	766	18	1	2	0	787
24878	20	762	1	1	0	784
24879	748	18	4	2	0	772
24880	760	3	1	2	0	766
24881	748	3	0	5	0	756
24882	19	1	742	3	0	765
24883	6	1	744	3	0	754
24884	717	1	16	3	0	737
24885	742	1	3	5	0	751
24886	15	1	3	735	0	754
24887	6	2	0	787	0	795
24888	7	1	2	789	0	799
24889	3	0	3	794	0	800
24890	3	3	1	824	0	831
24891	775	0	4	21	0	800
24892	14	4	1	756	0	775
24893	8	1	748	15	0	772
24894	740	3	14	4	0	761
24895	757	1	5	4	0	767
24896	17	751	4	3	0	775
24897	3	734	3	2	0	742
24898	660	11	1	1	0	673
24899	7	677	1	0	0	685
24900	669	9	0	3	0	681
24901	730	2	1	1	0	734
24902	735	1	1	2	0	739
24903	16	0	0	718	0	734
24904	3	711	1	11	0	726
24905	709	8	1	3	0	721
24906	12	2	1	703	0	718
24907	3	0	1	680	0	684
24908	642	0	0	9	0	651
24909	7	627	0	6	0	640
24910	4	6	1	616	0	627
24911	630	2	0	7	0	639
24912	6	636	0	3	0	645
24913	642	6	0	1	0	649
24914	7	4	594	1	0	606
24915	615	0	5	0	0	620
24916	7	630	2	0	0	639
24917	631	6	0	1	0	638
24918	628	4	0	2	0	634
24919	10	638	0	1	0	649
24920	642	5	0	2	0	649
24921	7	632	0	0	0	639
24922	661	6	0	2	0	669
24923	7	3	0	661	0	671
24924	8	0	0	657	0	665
24925	4	0	0	667	0	671
24926	0	2	657	10	0	669
24927	3	2	6	654	0	665
24928	2	2	658	7	0	669
24929	2	1	5	656	0	664
24930	2	659	2	7	0	670
24931	4	7	0	671	0	682
24932	1	6	666	7	0	680
24933	2	0	681	3	0	686
24934	2	2	8	670	0	682
24935	669	1	3	7	0	680
24936	672	0	0	5	0	677
24937	10	681	1	2	0	694
24938	5	7	0	681	0	693
24939	1	4	689	6	0	700
24940	2	0	5	693	0	700
24941	2	1	698	6	0	707
24942	681	2	6	4	0	693
24943	10	1	3	693	0	707
24944	4	1	678	6	0	689
24945	3	0	6	673	0	682
24946	0	1	3	681	0	685
24947	1	3	672	11	0	687
24948	2	0	7	679	0	688
24949	676	1	4	8	0	689
24950	686	0	1	5	0	692
24951	12	1	1	690	0	704
24952	695	1	0	11	0	707
24953	8	1	708	5	0	722
24954	3	1	705	4	0	713
24955	709	0	13	1	0	723
24956	725	0	4	2	0	731
24957	10	0	0	717	0	727
24958	6	0	1	727	0	734
24959	2	1	718	11	0	732
24960	0	0	7	703	0	710
24961	1	721	3	8	0	733
24962	726	8	3	5	0	742
24963	772	3	2	2	0	779
24964	16	766	1	1	0	784
24965	738	11	0	1	0	750
24966	745	3	1	2	0	751
24967	13	751	1	2	0	767
24968	750	10	1	2	0	763
24969	11	748	1	0	0	760
24970	752	11	1	2	0	766
24971	12	3	752	1	0	768
24972	7	0	11	752	0	770
24973	1	1	3	770	0	775
24974	2	0	1	809	0	812
24975	801	0	0	18	0	819
24976	15	1	1	808	0	825
24977	4	0	814	14	0	832
24978	817	1	13	5	0	836
24979	17	0	4	818	0	839
24980	4	812	2	15	0	833
24981	0	839	0	5	0	844
24982	2	16	1	808	0	827
24983	3	2	1	798	0	804
24984	3	2	0	809	0	814
24985	2	0	776	19	0	797
24986	3	767	14	3	0	787
24987	718	11	1	3	0	733
24988	724	2	1	1	0	728
24989	12	693	0	1	0	706
24990	2	704	1	2	0	709
24991	1	13	2	688	0	704
24992	1	2	686	14	0	703
24993	665	1	12	7	0	685
24994	673	1	5	1	0	680
24995	14	0	0	665	0	679
24996	5	0	0	673	0	678
24997	643	1	0	13	0	657
24998	12	2	638	2	0	654
24999	620	1	9	3	0	633
25000	10	630	3	1	0	644
25001	1	8	2	559	0	570
25002	3	565	0	8	0	576
25003	567	7	0	3	0	577
25004	8	1	1	563	0	573
25005	3	0	0	566	0	569
25006	1	563	3	10	0	577
25007	567	8	1	2	0	578
25008	571	4	2	3	0	580
25009	10	2	573	1	0	586
25010	1	1	567	2	0	571
25011	553	2	9	4	0	568
25012	11	0	562	1	0	574
25013	3	1	543	2	0	549
25014	533	5	15	4	0	557
25015	13	2	603	0	0	618
25016	5	2	7	603	0	617
25017	1	1	2	617	0	621
25018	646	0	3	16	0	665
25019	15	0	652	2	0	669
25020	677	0	14	2	0	693
25021	18	0	4	673	0	695
25022	664	0	1	16	0	681
25023	668	0	3	7	0	678
25024	673	1	3	0	0	677
25025	22	0	1	655	0	678
25026	655	0	2	19	0	676
25027	21	2	3	656	0	682
25028	11	1	2	672	0	686
25029	6	1	3	678	0	688
25030	10	1	1	676	0	688
25031	653	0	1	25	0	679
25032	670	1	0	8	0	679
25033	23	1	654	6	0	684
25034	662	0	16	6	0	684
25035	675	0	3	10	0	688
25036	23	0	1	661	0	685
25037	6	641	2	20	0	669
25038	658	15	1	7	0	681
25039	23	4	1	646	0	674
25040	647	0	2	18	0	667
25041	21	639	3	7	0	670
25042	652	15	2	4	0	673
25043	22	4	0	643	0	669
25044	7	633	0	20	0	660
25045	646	19	0	5	0	670
25046	22	631	1	4	0	658
25047	8	666	2	3	0	679
25048	661	19	0	3	0	683
25049	21	5	656	2	0	684
25050	668	1	11	4	0	684
25051	14	7	1	657	0	679
25052	10	3	666	14	0	693
25053	5	3	14	649	0	671
25054	3	5	4	664	0	676
25055	4	4	654	17	0	679
25056	659	1	15	6	0	681
25057	15	1	8	662	0	686
25058	10	3	0	671	0	684
25059	5	0	3	677	0	685
25060	659	2	6	21	0	688
25061	16	2	638	10	0	666
25062	8	1	642	6	0	657
25063	4	0	18	608	0	630
25064	7	1	602	15	0	625
25065	594	0	12	12	0	618
25066	12	601	7	7	0	627
25067	595	10	3	6	0	614
25068	15	5	3	585	0	608
25069	6	591	9	14	0	620
25070	7	11	2	591	0	611
25071	2	596	2	18	0	618
25072	9	11	3	596	0	619
25073	5	8	589	14	0	616
25074	5	5	552	6	0	568
25075	7	553	11	4	0	575
25076	537	9	8	4	0	558
25077	11	7	1	531	0	550
25078	8	3	4	531	0	546
25079	527	3	2	13	0	545
25080	528	3	2	11	0	544
25081	16	2	4	517	0	539
25082	6	3	511	15	0	535
25083	4	516	8	9	0	537
25084	6	7	4	518	0	535
25085	5	8	0	514	0	527
25086	8	525	3	14	0	550
25087	531	9	4	7	0	551
25088	12	6	534	4	0	556
25089	8	4	9	534	0	555
25090	8	2	5	521	0	536
25091	3	3	515	17	0	538
25092	4	2	8	530	0	544
25093	535	1	7	11	0	554
25094	536	0	2	13	0	551
25095	552	2	3	10	0	567
25096	13	542	6	5	0	566
25097	579	9	2	9	0	599
25098	12	6	3	581	0	602
25099	9	2	2	580	0	593
25100	6	626	3	15	0	650
25101	666	13	1	9	0	689
25102	692	5	4	4	0	705
25103	700	5	1	4	0	710
25104	711	4	2	6	0	723
25105	708	1	3	5	0	717
25106	18	3	688	7	0	716
25107	691	4	12	3	0	710
25108	699	4	4	4	0	711
25109	693	2	0	3	0	698
25110	22	2	2	672	0	698
25111	13	1	3	673	0	690
25112	7	2	655	17	0	681
25113	589	2	12	9	0	612
25114	15	633	8	7	0	663
25115	10	575	1	2	0	588
25116	4	8	550	4	0	566
25117	5	541	9	3	0	558
25118	4	519	6	5	0	534
25119	10	13	4	468	0	495
25120	0	481	2	3	0	486
25121	479	7	0	2	0	488
25122	476	2	1	2	0	481
25123	7	2	0	469	0	478
25124	3	2	467	4	0	476
25125	456	1	4	3	0	464
25126	7	1	465	2	0	475
25127	3	0	466	2	0	471
25128	3	1	7	451	0	462
25129	1	0	4	459	0	464
25130	0	0	458	8	0	466
25131	2	452	5	4	0	463
25132	1	471	4	2	0	478
25133	467	6	4	0	0	477
25134	474	4	0	2	0	480
25135	10	1	467	1	0	479
25136	459	0	6	2	0	467
25137	478	1	2	3	0	484
25138	7	4	1	467	0	479
25139	8	0	0	473	0	481
25140	3	0	0	479	0	482
25141	482	0	1	9	0	492
25142	484	1	0	4	0	489
25143	494	0	0	4	0	498
25144	8	0	1	493	0	502
25145	5	0	480	6	0	491
25146	483	0	4	4	0	491
25147	482	0	2	1	0	485
25148	9	0	1	474	0	484
25149	4	476	0	6	0	486
25150	2	5	2	472	0	481
25151	2	473	1	5	0	481
25152	1	8	0	458	0	467
25153	2	465	0	5	0	472
25154	454	6	1	1	0	462
25155	5	1	0	452	0	458
25156	1	446	0	4	0	451
25157	1	5	442	2	0	450
25158	436	2	5	1	0	444
25159	6	4	1	433	0	444
25160	2	432	1	5	0	440
25161	5	5	0	428	0	438
25162	0	422	1	6	0	429
25163	1	442	0	1	0	444
25164	434	5	1	2	0	442
25165	440	2	1	1	0	444
25166	6	1	440	1	0	448
25167	439	0	5	1	0	445
25168	445	0	2	4	0	451
25169	6	436	1	0	0	443
25170	2	6	0	441	0	449
25171	2	1	0	441	0	444
25172	1	2	435	6	0	444
25173	1	0	435	2	0	438
25174	440	0	5	1	0	446
25175	451	0	2	0	0	453
25176	446	0	1	1	0	448
25177	7	0	441	1	0	449
25178	3	0	5	436	0	444
25179	437	0	1	5	0	443
25180	6	0	1	439	0	446
25181	2	0	435	6	0	443
25182	427	0	5	2	0	434
25183	5	0	459	1	0	465
25184	2	443	7	1	0	453
25185	452	5	1	1	0	459
25186	5	1	445	1	0	452
25187	1	2	5	442	0	450
25188	443	0	1	6	0	450
25189	5	1	1	443	0	450
25190	447	0	0	8	0	455
25191	6	0	0	447	0	453
25192	451	0	0	6	0	457
25193	446	0	0	2	0	448
25194	449	1	0	1	0	451
25195	429	0	2	2	0	433
25196	8	1	0	431	0	440
25197	2	0	396	4	0	402
25198	1	0	405	1	0	407
25199	0	392	5	2	0	399
25200	0	348	3	0	0	351
25201	304	2	13	0	0	319
25202	1	0	0	293	0	294
25203	0	0	297	1	0	298
25204	0	0	297	0	0	297
25205	0	0	1	295	0	296
25206	296	0	0	1	0	297
25207	1	307	1	0	0	309
25208	315	1	0	0	0	316
25209	2	0	0	318	0	320
25210	0	0	0	320	0	320
25211	0	0	0	322	0	322
25212	0	0	317	1	0	318
25213	0	1	314	0	0	315
25214	0	313	1	0	0	314
25215	0	1	0	319	0	320
25216	318	0	0	1	0	319
25217	1	0	313	0	0	314
25218	0	0	317	0	0	317
25219	0	0	1	319	0	320
25220	0	0	0	326	0	326
25221	0	0	0	324	0	324
25222	0	0	0	354	0	354
25223	363	0	0	4	0	367
25224	3	0	0	373	0	376
25225	376	0	0	3	0	379
25226	3	0	375	2	0	380
25227	2	380	3	0	0	385
25228	1	5	1	380	0	387
25229	0	2	393	2	0	397
25230	0	0	386	2	0	388
25231	1	393	4	0	0	398
25232	1	3	2	382	0	388
25233	0	2	0	384	0	386
25234	0	0	385	5	0	390
25235	377	0	3	3	0	383
25236	4	0	1	380	0	385
25237	2	0	0	375	0	377
25238	0	0	380	5	0	385
25239	0	384	3	2	0	389
25240	0	427	3	0	0	430
25241	420	8	1	0	0	429
25242	6	3	0	429	0	438
25243	439	0	0	6	0	445
25244	6	0	432	4	0	442
25245	7	0	6	434	0	447
25246	433	0	4	6	0	443
25247	438	0	0	4	0	442
25248	10	0	0	434	0	444
25249	4	0	437	6	0	447
25250	1	0	442	4	0	447
25251	1	0	10	441	0	452
25252	0	0	452	6	0	458
25253	434	0	7	5	0	446
25254	6	450	4	0	0	460
25255	451	7	0	1	0	459
25256	455	4	0	1	0	460
25257	11	0	0	466	0	477
25258	6	0	0	470	0	476
25259	469	0	1	12	0	482
25260	7	0	0	477	0	484
25261	5	0	465	7	0	477
25262	2	473	6	4	0	485
25263	2	3	4	471	0	480
25264	0	4	1	480	0	485
25265	5	0	0	481	0	486
25266	1	1	465	13	0	480
25267	1	457	6	7	0	471
25268	3	6	6	469	0	484
25269	1	5	462	6	0	474
25270	3	0	6	468	0	477
25271	466	0	5	6	0	477
25272	7	0	1	471	0	479
25273	4	0	456	8	0	468
25274	458	0	6	4	0	468
25275	8	462	3	2	0	475
25276	4	488	1	1	0	494
25277	489	10	0	3	0	502
25278	8	4	488	1	0	501
25279	6	0	6	487	0	499
25280	1	0	4	503	0	508
25281	1	0	496	12	0	509
25282	0	498	8	7	0	513
25283	2	5	6	465	0	478
25284	0	5	493	9	0	507
25285	1	0	9	502	0	512
25286	498	2	5	9	0	514
25287	8	1	494	8	0	511
25288	5	0	8	509	0	522
25289	2	0	4	512	0	518
25290	3	1	506	12	0	522
25291	3	2	8	492	0	505
25292	3	464	6	8	0	481
25293	2	6	3	469	0	480
25294	0	497	2	8	0	507
25295	496	7	1	6	0	510
25296	490	4	2	4	0	500
25297	11	2	485	2	0	500
25298	6	1	486	2	0	495
25299	3	1	484	1	0	489
25300	1	484	12	2	0	499
25301	4	5	2	496	0	507
25302	0	4	511	9	0	524
25303	1	0	7	493	0	501
25304	2	1	5	498	0	506
25305	3	0	497	12	0	512
25306	2	5	9	499	0	515
25307	3	1	7	483	0	494
25308	3	478	1	13	0	495
25309	2	9	2	493	0	506
25310	4	4	2	492	0	502
25311	3	1	482	13	0	499
25312	2	0	10	482	0	494
25313	1	1	484	10	0	496
25314	0	0	474	10	0	484
25315	476	1	14	5	0	496
25316	8	4	6	468	0	486
25317	6	486	3	7	0	502
25318	4	501	4	6	0	515
25319	7	10	1	497	0	515
25320	2	6	496	10	0	514
25321	3	494	9	8	0	514
25322	6	5	4	474	0	489
25323	1	1	475	10	0	487
25324	0	496	8	7	0	511
25325	526	6	4	6	0	542
25326	529	4	2	7	0	542
25327	523	3	2	7	0	535
25328	6	2	3	561	0	572
25329	6	0	2	549	0	557
25330	4	3	2	547	0	556
25331	0	0	537	13	0	550
25332	531	0	8	5	0	544
25333	6	2	4	531	0	543
25334	5	1	520	10	0	536
25335	535	1	10	7	0	553
25336	551	0	4	5	0	560
25337	12	2	447	3	0	464
25338	532	3	6	4	0	545
25339	6	539	3	2	0	550
25340	3	3	520	3	0	529
25341	509	4	5	2	0	520
25342	3	517	1	4	0	525
25343	1	2	1	503	0	507
25344	0	501	2	4	0	507
25345	1	2	1	509	0	513
25346	2	1	512	3	0	518
25347	477	0	5	3	0	485
25348	3	0	512	1	0	516
25349	3	490	3	1	0	497
25350	0	493	1	2	0	496
25351	494	3	0	2	0	499
25352	3	1	493	1	0	498
25353	0	1	2	482	0	485
25354	0	1	493	2	0	496
25355	1	491	2	0	0	494
25356	2	2	0	466	0	470
25357	0	479	2	1	0	482
25358	494	3	1	2	0	500
25359	495	0	2	0	0	497
25360	494	0	0	1	0	495
25361	3	1	490	1	0	495
25362	1	0	481	1	0	483
25363	481	0	4	2	0	487
25364	2	0	510	3	0	515
25365	1	1	5	482	0	489
25366	1	498	2	3	0	504
25367	513	2	0	5	0	520
25368	512	3	2	1	0	518
25369	517	0	0	2	0	519
25370	4	0	1	521	0	526
25371	2	1	1	524	0	528
25372	516	0	1	7	0	524
25373	2	510	1	1	0	514
25374	507	2	1	0	0	510
25375	4	1	1	497	0	503
25376	3	0	0	492	0	495
25377	482	2	1	5	0	490
25378	3	492	1	1	0	497
25379	490	2	1	2	0	495
25380	4	490	2	0	0	496
25381	486	2	0	3	0	491
25382	5	2	1	546	0	554
25383	569	0	0	4	0	573
25384	595	1	0	3	0	599
25385	646	0	4	0	0	650
25386	7	656	0	2	0	665
25387	1	6	649	2	0	658
25388	643	1	5	1	0	650
25389	659	2	1	1	0	663
25390	10	642	0	0	0	652
25391	3	7	1	656	0	667
25392	2	4	1	663	0	670
25393	661	1	2	10	0	674
25394	12	1	1	670	0	684
25395	6	1	679	6	0	692
25396	2	3	670	3	0	678
25397	687	0	7	4	0	698
25398	10	1	2	686	0	699
25399	6	0	1	697	0	704
25400	3	0	2	692	0	697
25401	1	2	697	8	0	708
25402	3	1	8	679	0	691
25403	2	1	2	700	0	705
25404	2	0	0	713	0	715
25405	698	1	1	12	0	712
25406	8	2	2	710	0	722
25407	2	0	719	9	0	730
25408	738	1	7	6	0	752
25409	9	1	754	4	0	768
25410	772	0	7	4	0	783
25411	782	0	2	3	0	787
25412	8	0	3	795	0	806
25413	2	800	3	9	0	814
25414	4	8	1	804	0	817
25415	4	3	3	810	0	820
25416	5	818	0	11	0	834
25417	822	7	1	7	0	837
25418	8	810	1	6	0	825
25419	816	9	0	5	0	830
25420	824	1	2	4	0	831
25421	9	2	0	815	0	826
25422	4	2	1	823	0	830
25423	5	1	788	11	0	805
25424	3	3	740	2	0	748
25425	736	0	9	1	0	746
25426	743	1	2	3	0	749
25427	11	708	0	5	0	724
25428	2	9	2	696	0	709
25429	3	2	737	7	0	749
25430	5	1	9	741	0	756
25431	735	3	1	10	0	749
25432	727	3	0	2	0	732
25433	7	722	0	3	0	732
25434	3	6	2	722	0	733
25435	4	2	3	725	0	734
25436	5	0	1	717	0	723
25437	4	1	700	8	0	713
25438	667	0	7	5	0	679
25439	683	2	3	3	0	691
25440	7	0	682	6	0	695
25441	2	676	5	6	0	689
25442	676	6	3	5	0	690
25443	679	2	3	5	0	689
25444	10	1	672	2	0	685
25445	8	0	699	2	0	709
25446	1	3	8	699	0	711
25447	3	3	697	6	0	709
25448	691	1	6	1	0	699
25449	689	1	3	4	0	697
25450	706	1	3	1	0	711
25451	8	0	2	688	0	698
25452	1	712	2	10	0	725
25453	722	7	2	4	0	735
25454	722	1	1	2	0	726
25455	9	1	714	3	0	727
25456	5	2	692	1	0	700
25457	694	1	6	3	0	704
25458	9	4	1	707	0	721
25459	4	2	699	7	0	712
25460	3	702	9	3	0	717
25461	2	5	5	698	0	710
25462	701	1	2	8	0	712
25463	10	714	2	4	0	730
25464	2	7	4	696	0	709
25465	3	688	2	7	0	700
25466	1	702	2	5	0	710
25467	4	7	1	712	0	724
25468	6	2	0	709	0	717
25469	4	717	1	9	0	731
25470	722	7	2	3	0	734
25471	7	6	721	1	0	735
25472	728	3	5	6	0	742
25473	9	2	0	743	0	754
25474	1	3	3	739	0	746
25475	3	3	2	743	0	751
25476	4	1	3	742	0	750
25477	4	2	754	5	0	765
25478	5	2	5	757	0	769
25479	4	2	0	782	0	788
25480	1	808	1	9	0	819
25481	3	6	833	5	0	847
25482	1	842	8	5	0	856
25483	3	6	839	4	0	852
25484	1	834	5	4	0	844
25485	6	6	2	772	0	786
25486	771	0	2	8	0	781
25487	6	779	2	2	0	789
25488	3	5	2	778	0	788
25489	1	3	783	4	0	791
25490	1	792	2	5	0	800
25491	790	6	1	3	0	800
25492	790	2	4	3	0	799
25493	5	783	1	4	0	793
25494	2	4	784	3	0	793
25495	765	4	3	2	0	774
25496	5	1	4	781	0	791
25497	775	3	1	6	0	785
25498	3	817	0	3	0	823
25499	2	828	1	3	0	834
25500	1	7	821	1	0	830
25501	818	3	3	2	0	826
25502	6	4	3	825	0	838
25503	820	0	0	2	0	822
25504	2	828	0	5	0	835
25505	833	2	3	2	0	840
25506	821	2	0	2	0	825
25507	5	1	838	5	0	849
25508	6	806	3	1	0	816
25509	0	813	2	1	0	816
25510	1	7	0	776	0	784
25511	1	758	2	4	0	765
25512	767	2	1	4	0	774
25513	2	762	0	2	0	766
25514	5	3	0	743	0	751
25515	0	746	0	3	0	749
25516	2	723	0	3	0	728
25517	4	748	0	3	0	755
25518	1	7	4	745	0	757
25519	0	4	0	745	0	749
25520	0	4	2	737	0	743
25521	0	725	0	7	0	732
25522	1	5	719	2	0	727
25523	2	2	703	2	0	709
25524	713	3	5	4	0	725
25525	4	0	3	732	0	739
25526	2	5	729	4	0	740
25527	0	2	739	4	0	745
25528	0	761	7	1	0	769
25529	1	4	2	731	0	738
25530	3	2	0	739	0	744
25531	736	1	2	9	0	748
25532	4	3	1	743	0	751
25533	3	1	4	738	0	746
25534	1	1	752	7	0	761
25535	4	0	3	750	0	757
25536	2	1	3	768	0	774
25537	1	2	777	6	0	786
25538	1	2	771	4	0	778
25539	1	775	8	2	0	786
25540	1	5	780	4	0	790
25541	2	4	5	779	0	790
25542	2	1	5	630	0	638
25543	1	2	787	10	0	800
25544	2	778	3	6	0	789
25545	738	6	5	3	0	752
25546	4	754	2	5	0	765
25547	5	5	1	760	0	771
25548	0	5	5	760	0	770
25549	3	770	3	7	0	783
25550	4	8	0	763	0	775
25551	4	4	3	767	0	778
25552	2	5	741	9	0	757
25553	2	740	3	8	0	753
25554	0	6	7	745	0	758
25555	2	10	735	5	0	752
25556	6	1	3	735	0	745
25557	5	3	2	731	0	741
25558	0	3	0	744	0	747
25559	1	1	3	744	0	749
25560	3	3	1	740	0	747
25561	2	741	0	8	0	751
25562	740	4	1	7	0	752
25563	5	3	730	1	0	739
25564	675	3	3	5	0	686
25565	3	1	747	1	0	752
25566	4	778	7	1	0	790
25567	1	5	774	4	0	784
25568	4	771	3	2	0	780
25569	4	7	2	721	0	734
25570	5	2	1	746	0	754
25571	2	753	4	7	0	766
25572	1	777	2	5	0	785
25573	784	6	1	2	0	793
25574	793	5	1	6	0	805
25575	800	1	0	3	0	804
25576	803	3	2	2	0	810
25577	7	1	2	797	0	807
25578	2	781	2	3	0	788
25579	776	2	0	4	0	782
25580	6	2	1	740	0	749
25581	717	1	1	5	0	724
25582	688	1	0	2	0	691
25583	4	671	0	0	0	675
25584	2	654	0	2	0	658
25585	0	693	0	2	0	695
25586	1	7	2	667	0	677
25587	0	686	0	2	0	688
25588	693	1	0	4	0	698
25589	717	0	1	1	0	719
25590	706	1	0	1	0	708
25591	715	0	0	6	0	721
25592	730	0	1	3	0	734
25593	2	0	751	1	0	754
25594	752	0	2	1	0	755
25595	2	0	749	4	0	755
25596	764	0	2	5	0	771
25597	3	0	0	773	0	776
25598	1	1	724	4	0	730
25599	2	0	798	1	0	801
25600	1	862	5	1	0	869
25601	862	3	1	1	0	867
25602	888	1	1	1	0	891
25603	4	954	1	0	0	959
25604	6	3	0	1097	0	1106
25605	1148	1	1	7	0	1157
25606	9	5	1154	2	0	1170
25607	4	1136	6	4	0	1150
25608	1133	6	5	2	0	1146
25609	6	1143	6	2	0	1157
25610	10	13	0	1112	0	1135
25611	8	1151	4	5	0	1168
25612	3	18	1	1126	0	1148
25613	3	1126	1	12	0	1142
25614	2	1153	1	4	0	1160
25615	1131	8	1	9	0	1149
25616	1146	9	1	3	0	1159
25617	11	7	1133	4	0	1155
25618	9	3	1116	1	0	1129
25619	5	5	1131	1	0	1142
25620	6	4	14	1135	0	1159
25621	7	2	1154	6	0	1169
25622	4	2	13	1138	0	1157
25623	2	4	6	1135	0	1147
25624	4	1137	9	11	0	1161
25625	1149	8	1	13	0	1171
25626	6	1144	5	6	0	1161
25627	9	10	3	1151	0	1173
25628	9	4	4	1146	0	1163
25629	3	11	2	1147	0	1163
25630	6	2	1137	16	0	1161
25631	2	3	9	1139	0	1153
25632	0	2	5	1160	0	1167
25633	1	3	5	1156	0	1165
25634	2	6	1120	21	0	1149
25635	4	1122	8	13	0	1147
25636	1112	10	5	11	0	1138
25637	1091	5	5	10	0	1111
25638	12	1116	0	7	0	1135
25639	13	8	8	1107	0	1136
25640	7	9	5	1122	0	1143
25641	6	9	1112	14	0	1141
25642	6	1103	7	16	0	1132
25643	3	11	7	1121	0	1142
25644	3	8	1121	13	0	1145
25645	5	7	6	1117	0	1135
25646	8	3	10	1099	0	1120
25647	5	6	1113	11	0	1135
25648	5	6	6	1108	0	1125
25649	7	1	8	1095	0	1111
25650	6	2	1118	15	0	1141
25651	3	4	9	1117	0	1133
25652	5	2	11	1093	0	1111
25653	1	1	9	1121	0	1132
25654	2	4	1102	24	0	1132
25655	2	4	11	1110	0	1127
25656	1097	2	9	19	0	1127
25657	1099	4	8	13	0	1124
25658	11	1100	1	17	0	1129
25659	1102	6	8	6	0	1122
25660	9	8	1127	9	0	1153
25661	10	6	8	1134	0	1158
25662	12	3	7	1135	0	1157
25663	2	7	10	1148	0	1167
25664	1121	3	2	22	0	1148
25665	8	1114	2	18	0	1142
25666	7	5	6	1076	0	1094
25667	6	1078	4	17	0	1105
25668	1075	14	3	18	0	1110
25669	13	1068	5	7	0	1093
25670	1069	16	3	6	0	1094
25671	12	1044	3	10	0	1069
25672	5	1040	5	9	0	1059
25673	9	12	5	1034	0	1060
25674	6	11	4	1027	0	1048
25675	5	9	5	1024	0	1043
25676	5	6	3	1031	0	1045
25677	4	4	1009	21	0	1038
25678	4	994	6	18	0	1022
25679	7	8	7	979	0	1001
25680	2	978	7	14	0	1001
25681	4	11	971	15	0	1001
25682	3	7	12	990	0	1012
25683	2	10	8	993	0	1013
25684	3	4	992	17	0	1016
25685	2	952	7	15	0	976
25686	7	6	7	955	0	975
25687	1	12	940	13	0	966
25688	3	938	8	20	0	969
25689	4	11	9	923	0	947
25690	6	8	928	8	0	950
25691	3	12	889	12	0	916
25692	4	897	11	11	0	923
25693	3	971	16	2	0	992
25694	2	14	9	993	0	1018
25695	5	10	5	1016	0	1036
25696	0	9	998	17	0	1024
25697	969	6	8	18	0	1001
25698	961	11	6	15	0	993
25699	11	3	929	7	0	950
25700	12	852	5	9	0	878
25701	6	846	11	9	0	872
25702	5	830	6	7	0	848
25703	9	690	7	6	0	712
25704	13	21	12	655	0	701
25705	3	6	0	742	0	751
25706	1	2	1	746	0	750
25707	1	3	1	746	0	751
25708	1	749	1	13	0	764
25709	1	6	1	752	0	760
25710	0	753	1	14	0	768
25711	3	10	0	752	0	765
25712	749	9	1	12	0	771
25713	11	2	0	760	0	773
25714	7	748	3	14	0	772
25715	1	10	1	776	0	788
25716	3	9	0	791	0	803
25717	6	2	1	793	0	802
25718	770	5	1	24	0	800
25719	9	6	0	795	0	810
25720	6	6	773	20	0	805
25721	2	786	9	15	0	812
25722	3	14	4	803	0	824
25723	6	7	1	818	0	832
25724	9	3	3	820	0	835
25725	785	6	2	25	0	818
25726	12	4	777	14	0	807
25727	8	3	11	754	0	776
25728	2	768	8	28	0	806
25729	9	13	2	782	0	806
25730	760	7	3	21	0	791
25731	15	761	4	17	0	797
25732	8	18	3	761	0	790
25733	2	12	3	770	0	787
25734	5	757	1	27	0	790
25735	4	18	0	768	0	790
25736	8	7	3	773	0	791
25737	5	7	753	25	0	790
25738	1	751	15	18	0	785
25739	751	16	7	14	0	788
25740	10	11	738	17	0	776
25741	743	3	15	12	0	773
25742	16	10	748	11	0	785
25743	12	5	15	746	0	778
25744	740	7	12	23	0	782
25745	19	6	2	763	0	790
25746	767	7	5	22	0	801
25747	765	5	3	24	0	797
25748	763	4	5	17	0	789
25749	20	751	6	14	0	791
25750	17	18	0	754	0	789
25751	13	6	3	760	0	782
25752	10	6	4	755	0	775
25753	9	6	737	27	0	779
25754	6	4	17	750	0	777
25755	741	5	8	30	0	784
25756	754	3	6	24	0	787
25757	24	5	739	13	0	781
25758	752	1	16	14	0	783
25759	760	5	9	8	0	782
25760	30	6	3	713	0	752
25761	716	4	7	25	0	752
25762	730	4	4	18	0	756
25763	27	2	7	717	0	753
25764	713	2	5	28	0	748
25765	723	4	6	17	0	750
25766	29	4	3	712	0	748
25767	26	8	556	22	0	612
25768	695	5	13	14	0	727
25769	27	3	696	11	0	737
25770	17	5	706	13	0	741
25771	9	698	21	16	0	744
25772	14	14	9	706	0	743
25773	15	8	9	715	0	747
25774	9	4	12	712	0	737
25775	16	7	701	24	0	748
25776	15	4	701	11	0	731
25777	13	701	20	16	0	750
25778	15	13	10	702	0	740
25779	11	6	8	715	0	740
25780	13	2	9	731	0	755
25781	9	7	702	26	0	744
25782	11	694	18	18	0	741
25783	10	15	9	707	0	741
25784	13	7	698	27	0	745
25785	9	4	716	17	0	746
25786	701	7	24	15	0	747
25787	704	3	15	12	0	734
25788	708	4	14	12	0	738
25789	24	4	9	696	0	733
25790	14	2	689	22	0	727
25791	12	666	16	17	0	711
25792	14	679	12	11	0	716
25793	8	14	582	10	0	614
25794	14	26	16	510	0	566
25795	9	5	9	499	0	522
25796	6	492	9	16	0	523
25797	9	512	11	9	0	541
25798	506	13	4	8	0	531
25799	522	5	3	12	0	542
25800	523	6	0	12	0	541
25801	516	4	5	12	0	537
25802	478	4	7	9	0	498
25803	17	461	4	5	0	487
25804	9	333	1	4	0	347
25805	6	269	5	3	0	283
25806	260	9	16	2	0	287
25807	14	3	4	249	0	270
25808	3	5	2	251	0	261
25809	247	2	0	6	0	255
25810	8	241	3	4	0	256
25811	2	3	4	253	0	262
25812	4	2	2	259	0	267
25813	5	2	1	255	0	263
25814	245	3	0	3	0	251
25815	4	2	0	243	0	249
25816	2	0	228	7	0	237
25817	232	2	3	4	0	241
25818	7	2	1	236	0	246
25819	1	2	236	5	0	244
25820	3	228	4	3	0	238
25821	5	219	1	0	0	225
25822	218	3	4	1	0	226
25823	212	0	5	0	0	217
25824	2	226	0	1	0	229
25825	5	1	0	258	0	264
25826	266	0	0	5	0	271
25827	3	0	1	282	0	286
25828	2	0	0	297	0	299
25829	2	0	1	294	0	297
25830	1	1	0	291	0	293
25831	2	286	0	4	0	292
25832	1	2	0	292	0	295
25833	0	0	0	291	0	291
25834	1	1	0	294	0	296
25835	1	0	286	3	0	290
25836	0	289	2	1	0	292
25837	1	3	0	291	0	295
25838	0	0	289	2	0	291
25839	1	1	275	0	0	277
25840	0	283	1	2	0	286
25841	282	1	1	0	0	284
25842	1	0	2	285	0	288
25843	285	1	0	1	0	287
25844	3	285	0	0	0	288
25845	0	1	0	287	0	288
25846	277	0	0	1	0	278
25847	277	2	0	0	0	279
25848	1	0	0	280	0	281
25849	2	0	0	276	0	278
25850	2	0	273	1	0	276
25851	0	0	1	272	0	273
25852	0	0	0	279	0	279
25853	272	0	2	1	0	275
25854	1	281	0	2	0	284
25855	0	0	268	3	0	271
25856	266	0	1	0	0	267
25857	1	270	0	0	0	271
25858	1	1	1	269	0	272
25859	274	0	0	1	0	275
25860	1	1	0	270	0	272
25861	0	0	0	271	0	271
25862	2	0	266	1	0	269
25863	0	0	1	272	0	273
25864	272	0	0	3	0	275
25865	1	0	2	269	0	272
25866	267	0	0	3	0	270
25867	3	263	0	0	0	266
25868	0	267	0	5	0	272
25869	2	1	0	267	0	270
25870	1	1	0	260	0	262
25871	254	2	0	1	0	257
25872	1	257	0	2	0	260
25873	254	1	0	2	0	257
25874	258	0	0	0	0	258
25875	1	1	0	256	0	258
25876	260	0	0	1	0	261
25877	3	0	250	0	0	253
25878	0	0	1	252	0	253
25879	2	0	256	1	0	259
25880	0	0	3	258	0	261
25881	251	0	0	2	0	253
25882	254	0	2	0	0	256
25883	1	252	0	2	0	255
25884	2	1	0	253	0	256
25885	2	0	0	249	0	251
25886	0	251	0	1	0	252
25887	0	1	0	259	0	260
25888	2	1	0	259	0	262
25889	0	257	0	1	0	258
25890	252	1	0	2	0	255
25891	255	0	0	2	0	257
25892	1	1	0	255	0	257
25893	2	0	0	253	0	255
25894	2	0	253	1	0	256
25895	0	0	1	251	0	252
25896	0	252	0	3	0	255
25897	255	1	2	0	0	258
25898	1	0	0	254	0	255
25899	0	2	0	238	0	240
25900	234	0	0	1	0	235
25901	1	235	0	1	0	237
25902	0	1	0	242	0	243
25903	2	0	0	234	0	236
25904	0	244	0	1	0	245
25905	249	1	0	2	0	252
25906	1	0	251	1	0	253
25907	0	2	250	0	0	252
25908	2	0	1	248	0	251
25909	0	0	251	1	0	252
25910	244	0	3	0	0	247
25911	1	2	0	246	0	249
25912	0	0	256	1	0	257
25913	2	0	246	0	0	248
25914	0	260	1	2	0	263
25915	256	1	2	0	0	259
25916	1	252	4	0	0	257
25917	254	3	0	0	0	257
25918	252	0	0	1	0	253
25919	1	252	0	0	0	253
25920	254	1	0	0	0	255
25921	252	0	0	0	0	252
25922	1	2	250	0	0	253
25923	2	17	1	224	0	244
25924	2	220	0	0	0	222
25925	0	197	1	0	0	198
25926	1	8	0	182	0	191
25927	176	1	0	0	0	177
25928	0	1	0	173	0	174
25929	0	0	0	180	0	180
25930	1	0	0	188	0	189
25931	0	201	0	1	0	202
25932	0	1	0	213	0	214
25933	0	0	225	1	0	226
25934	217	1	0	0	0	218
25935	229	0	0	1	0	230
25936	1	233	0	0	0	234
25937	230	1	0	0	0	231
25938	1	0	0	232	0	233
25939	0	0	232	1	0	233
25940	231	0	1	1	0	233
25941	2	239	0	0	0	241
25942	0	1	1	240	0	242
25943	242	0	1	1	0	244
25944	2	249	0	1	0	252
25945	0	251	0	0	0	251
25946	249	2	1	0	0	252
25947	2	1	245	1	0	249
25948	248	0	3	0	0	251
25949	2	0	1	251	0	254
25950	0	1	0	252	0	253
25951	1	0	253	2	0	256
25952	1	1	245	0	0	247
25953	2	0	2	256	0	260
25954	2	1	249	2	0	254
25955	2	1	244	0	0	247
25956	1	1	1	254	0	257
25957	2	0	1	255	0	258
25958	254	0	0	2	0	256
25959	2	1	1	255	0	259
25960	254	0	0	3	0	257
25961	3	256	0	1	0	260
25962	0	4	0	263	0	267
25963	2	0	274	3	0	279
25964	272	1	2	2	0	277
25965	278	1	1	1	0	281
25966	281	0	0	1	0	282
25967	274	2	1	1	0	278
25968	275	0	0	2	0	277
25969	2	0	1	273	0	276
25970	1	0	272	3	0	276
25971	2	0	264	1	0	267
25972	0	2	272	0	0	274
25973	273	0	3	3	0	279
25974	281	0	1	2	0	284
25975	2	1	2	275	0	280
25976	2	285	0	3	0	290
25977	2	3	0	284	0	289
25978	2	0	282	3	0	287
25979	2	1	267	1	0	271
25980	261	0	2	2	0	265
25981	2	2	285	1	0	290
25982	2	0	3	289	0	294
25983	306	0	2	2	0	310
25984	306	0	0	1	0	307
25985	315	0	1	1	0	317
25986	315	0	1	2	0	318
25987	3	0	309	2	0	314
25988	305	0	4	1	0	310
25989	3	309	1	2	0	315
25990	0	2	3	310	0	315
25991	4	0	310	2	0	316
25992	1	1	3	312	0	317
25993	2	0	310	5	0	317
25994	2	0	2	309	0	313
25995	1	0	0	317	0	318
25996	2	1	315	2	0	320
25997	1	1	3	312	0	317
25998	315	0	1	3	0	319
25999	3	0	2	313	0	318
26000	2	0	0	327	0	329
26001	325	0	2	2	0	329
26002	4	325	1	1	0	331
26003	328	2	1	0	0	331
26004	5	332	0	0	0	337
26005	338	2	1	0	0	341
26006	4	0	338	1	0	343
26007	0	2	3	335	0	340
26008	1	0	0	339	0	340
26009	336	1	2	2	0	341
26010	2	341	1	2	0	346
26011	1	2	2	336	0	341
26012	0	0	1	334	0	335
26013	0	324	1	5	0	330
26014	321	2	1	1	0	325
26015	3	330	0	2	0	335
26016	2	2	1	337	0	342
26017	0	0	0	328	0	328
26018	1	329	2	3	0	335
26019	328	2	0	1	0	331
26020	3	2	319	1	0	325
26021	317	0	3	2	0	322
26022	2	330	1	1	0	334
26023	2	2	0	327	0	331
26024	330	1	3	2	0	336
26025	4	0	1	331	0	336
26026	2	1	1	331	0	335
26027	336	0	3	3	0	342
26028	2	330	0	3	0	335
26029	3	332	0	1	0	336
26030	325	3	0	0	0	328
26031	3	2	333	0	0	338
26032	2	317	1	1	0	321
26033	2	2	5	312	0	321
26034	0	0	383	1	0	384
26035	1	1	2	374	0	378
26036	376	0	0	3	0	379
26037	2	377	1	0	0	380
26038	0	1	0	372	0	373
26039	0	376	1	2	0	379
26040	383	2	0	1	0	386
26041	386	0	0	1	0	387
26042	4	376	1	0	0	381
26043	1	2	0	378	0	381
26044	1	392	0	2	0	395
26045	396	2	0	1	0	399
26046	393	0	0	2	0	395
26047	3	0	0	394	0	397
26048	1	1	0	390	0	392
26049	2	1	385	2	0	390
26050	373	1	3	3	0	380
26051	3	1	382	1	0	387
26052	2	0	3	380	0	385
26053	378	0	0	3	0	381
26054	2	387	0	2	0	391
26055	382	3	0	1	0	386
26056	3	2	360	1	0	366
26057	383	0	2	0	0	385
26058	2	392	1	1	0	396
26059	395	1	0	3	0	399
26060	4	396	0	0	0	400
26061	4	4	1	397	0	406
26062	2	0	388	2	0	392
26063	0	0	382	1	0	383
26064	1	1	2	385	0	389
26065	1	1	387	2	0	391
26066	3	0	3	384	0	390
26067	1	1	1	387	0	390
26068	0	1	397	3	0	401
26069	360	0	2	2	0	364
26070	385	0	1	1	0	387
26071	4	389	1	2	0	396
26072	391	2	1	2	0	396
26073	3	1	0	395	0	399
26074	1	1	401	3	0	406
26075	3	0	3	403	0	409
26076	1	1	1	407	0	410
26077	401	0	0	4	0	405
26078	2	395	1	2	0	400
26079	2	395	1	1	0	399
26080	1	3	0	402	0	406
26081	1	1	2	394	0	398
26082	1	392	1	4	0	398
26083	1	2	0	383	0	386
26084	2	2	1	373	0	378
26085	1	370	0	4	0	375
26086	368	2	0	1	0	371
26087	2	1	1	369	0	373
26088	3	362	0	5	0	370
26089	1	2	0	370	0	373
26090	364	3	2	3	0	372
26091	3	364	0	2	0	369
26092	373	3	0	4	0	380
26093	372	3	1	0	0	376
26094	5	1	0	371	0	377
26095	384	2	1	3	0	390
26096	390	2	0	4	0	396
26097	399	0	0	3	0	402
26098	396	4	0	0	0	400
26099	5	1	0	404	0	410
26100	4	1	0	401	0	406
26101	2	1	400	5	0	408
26102	5	0	2	408	0	415
26103	4	1	2	407	0	414
26104	2	2	401	5	0	410
26105	388	1	2	5	0	396
26106	6	1	2	413	0	422
26107	4	1	426	5	0	436
26108	437	1	3	3	0	444
26109	6	0	463	5	0	474
26110	3	464	11	2	0	480
26111	5	486	3	3	0	497
26112	6	6	3	513	0	528
26113	2	2	555	7	0	566
26114	558	2	9	3	0	572
26115	575	2	2	5	0	584
26116	10	1	566	1	0	578
26117	565	1	11	1	0	578
26118	571	1	2	5	0	579
26119	10	566	3	2	0	581
26120	575	7	2	0	0	584
26121	12	2	2	566	0	582
26122	3	2	572	9	0	586
26123	4	1	10	547	0	562
26124	2	570	2	7	0	581
26125	3	595	3	2	0	603
26126	594	10	1	2	0	607
26127	595	3	2	4	0	604
26128	594	1	4	4	0	603
26129	11	3	4	586	0	604
26130	5	4	0	579	0	588
26131	5	567	1	8	0	581
26132	563	10	3	5	0	581
26133	12	571	2	3	0	588
26134	493	7	2	1	0	503
26135	12	494	3	4	0	513
26136	499	9	4	1	0	513
26137	497	3	0	1	0	501
26138	12	5	0	491	0	508
26139	7	499	1	7	0	514
26140	7	7	480	3	0	497
26141	481	1	7	6	0	495
26142	6	474	5	5	0	490
26143	4	7	492	4	0	507
26144	3	7	499	2	0	511
26145	3	7	8	488	0	506
26146	7	0	2	482	0	491
26147	5	508	2	6	0	521
26148	523	6	2	4	0	535
26149	8	1	1	531	0	541
26150	2	541	2	9	0	554
26151	5	582	0	2	0	589
26152	6	8	569	1	0	584
26153	4	6	573	2	0	585
26154	560	5	6	6	0	577
26155	8	4	575	2	0	589
26156	7	2	8	566	0	583
26157	5	2	2	578	0	587
26158	1	4	570	8	0	583
26159	2	6	7	563	0	578
26160	5	0	4	540	0	549
26161	564	2	1	10	0	577
26162	567	4	2	6	0	579
26163	8	1	7	566	0	582
26164	4	558	5	10	0	577
26165	2	568	1	11	0	582
26166	575	8	4	5	0	592
26167	11	4	572	0	0	587
26168	4	2	6	567	0	579
26169	573	3	2	11	0	589
26170	570	5	5	0	0	580
26171	10	2	3	574	0	589
26172	3	1	571	9	0	584
26173	6	3	546	1	0	556
26174	550	2	8	4	0	564
26175	556	0	5	5	0	566
26176	8	551	3	6	0	568
26177	5	569	5	4	0	583
26178	581	5	7	3	0	596
26179	597	1	6	7	0	611
26180	12	3	0	601	0	616
26181	11	4	2	603	0	620
26182	8	2	1	612	0	623
26183	605	4	2	13	0	624
26184	10	6	3	611	0	630
26185	7	4	619	8	0	638
26186	612	1	9	6	0	628
26187	11	2	4	621	0	638
26188	7	2	629	10	0	648
26189	626	3	6	1	0	636
26190	566	2	1	5	0	574
26191	5	644	4	8	0	661
26192	4	652	8	2	0	666
26193	5	6	616	5	0	632
26194	640	5	5	5	0	655
26195	11	645	1	3	0	660
26196	7	10	621	1	0	639
26197	620	5	3	3	0	631
26198	15	655	0	0	0	670
26199	3	6	644	5	0	658
26200	628	1	6	7	0	642
26201	7	640	1	5	0	653
26202	6	6	1	639	0	652
26203	636	4	1	7	0	648
26204	9	634	3	5	0	651
26205	4	7	4	624	0	639
26206	615	0	0	6	0	621
26207	4	1	602	4	0	611
26208	0	580	4	2	0	586
26209	6	1	564	0	0	571
26210	0	6	3	548	0	557
26211	0	0	548	2	0	550
26212	2	514	1	0	0	517
26213	0	484	1	1	0	486
26214	0	1	0	475	0	476
26215	0	0	1	456	0	457
26216	1	0	0	457	0	458
26217	0	1	469	0	0	470
26218	0	1	0	470	0	471
26219	468	1	0	0	0	469
26220	468	0	0	1	0	469
26221	1	0	478	1	0	480
26222	0	458	0	1	0	459
26223	457	0	1	1	0	459
26224	0	458	1	1	0	460
26225	451	0	0	1	0	452
26226	449	0	0	1	0	450
26227	0	0	451	0	0	451
26228	0	460	1	1	0	462
26229	1	1	0	456	0	458
26230	0	1	456	1	0	458
26231	450	0	1	0	0	451
26232	2	0	0	457	0	459
26233	1	0	454	0	0	455
26234	462	1	0	0	0	463
26235	0	1	479	1	0	481
26236	5	1	1	492	0	499
26237	527	0	1	0	0	528
26238	1	545	0	2	0	548
26239	1	1	544	0	0	546
26240	536	1	1	2	0	540
26241	567	1	3	1	0	572
26242	3	589	0	1	0	593
26243	2	1	1	599	0	603
26244	0	3	1	583	0	587
26245	585	0	1	3	0	589
26246	5	1	0	585	0	591
26247	3	0	584	2	0	589
26248	2	2	2	575	0	581
26249	567	0	4	4	0	575
26250	2	552	0	4	0	558
26251	3	2	1	528	0	534
26252	0	531	0	2	0	533
26253	530	3	2	2	0	537
26254	2	1	0	563	0	566
26255	4	0	1	579	0	584
26256	1	573	0	8	0	582
26257	0	2	575	3	0	580
26258	0	2	2	572	0	576
26259	4	0	1	579	0	584
26260	2	0	0	571	0	573
26261	0	573	3	4	0	580
26262	1	3	571	2	0	577
26263	3	0	572	0	0	575
26264	575	3	2	2	0	582
26265	591	0	1	3	0	595
26266	5	1	596	3	0	605
26267	596	0	4	1	0	601
26268	4	1	617	2	0	624
26269	592	0	6	3	0	601
26270	5	634	3	4	0	646
26271	649	4	4	2	0	659
26272	6	3	650	2	0	661
26273	3	1	653	1	0	658
26274	2	1	6	764	0	773
26275	774	1	2	6	0	783
26276	5	849	1	5	0	860
26277	6	8	935	0	0	949
26278	2	5	12	953	0	972
26279	4	1	5	965	0	975
26280	958	0	4	17	0	979
26281	968	1	0	6	0	975
26282	14	3	4	965	0	986
26283	970	1	2	13	0	986
26284	10	2	956	12	0	980
26285	10	0	10	951	0	971
26286	3	0	8	967	0	978
26287	962	0	3	15	0	980
26288	948	1	2	9	0	960
26289	22	0	2	942	0	966
26290	946	2	2	12	0	962
26291	11	0	920	9	0	940
26292	7	912	9	3	0	931
26293	4	8	925	2	0	939
26294	4	4	9	924	0	941
26295	914	0	6	11	0	931
26296	10	899	2	8	0	919
26297	9	11	2	900	0	922
26298	4	8	2	892	0	906
26299	1	878	3	18	0	900
26300	3	11	1	896	0	911
26301	7	8	2	896	0	913
26302	5	1	1	903	0	910
26303	4	1	2	898	0	905
26304	7	2	2	877	0	888
26305	5	872	4	16	0	897
26306	6	13	1	884	0	904
26307	5	6	3	882	0	896
26308	4	1	859	23	0	887
26309	4	849	13	13	0	879
26310	7	14	6	851	0	878
26311	4	7	1	867	0	879
26312	5	2	0	864	0	871
26313	4	844	3	23	0	874
26314	5	13	852	10	0	880
26315	3	6	16	857	0	882
26316	3	3	859	19	0	884
26317	2	1	853	11	0	867
26318	2	3	18	850	0	873
26319	856	2	7	17	0	882
26320	16	2	3	858	0	879
26321	7	3	1	855	0	866
26322	3	847	5	24	0	879
26323	6	14	1	868	0	889
26324	6	6	2	887	0	901
26325	3	4	880	25	0	912
26326	1	885	16	14	0	916
26327	1	14	6	899	0	920
26328	877	7	5	19	0	908
26329	13	4	885	13	0	915
26330	8	1	13	883	0	905
26331	3	1	9	902	0	915
26332	883	5	1	24	0	913
26333	15	872	4	10	0	901
26334	856	15	2	8	0	881
26335	12	857	2	10	0	881
26336	7	14	0	854	0	875
26337	827	7	3	20	0	857
26338	14	4	822	9	0	849
26339	5	812	16	7	0	840
26340	4	817	10	8	0	839
26341	785	15	6	8	0	814
26342	14	3	2	765	0	784
26343	8	760	3	18	0	789
26344	3	783	3	10	0	799
26345	0	19	0	773	0	792
26346	6	8	0	781	0	795
26347	765	2	1	20	0	788
26348	12	769	2	14	0	797
26349	8	18	4	752	0	782
26350	3	7	756	14	0	780
26351	3	752	11	12	0	778
26352	5	10	753	6	0	774
26353	4	748	14	5	0	771
26354	7	18	8	704	0	737
26355	4	8	2	700	0	714
26356	4	697	1	15	0	717
26357	4	13	699	5	0	721
26358	695	9	12	3	0	719
26359	15	3	6	710	0	734
26360	7	1	2	734	0	744
26361	5	2	724	17	0	748
26362	6	4	12	718	0	740
26363	2	4	721	16	0	743
26364	4	3	12	732	0	751
26365	3	3	742	12	0	760
26366	1	745	13	11	0	770
26367	2	13	758	6	0	779
26368	2	10	11	745	0	768
26369	754	2	5	17	0	778
26370	15	721	2	11	0	749
26371	10	16	1	711	0	738
26372	4	10	706	16	0	736
26373	1	708	13	10	0	732
26374	3	20	7	594	0	624
26375	3	8	597	11	0	619
26376	0	509	12	4	0	525
26377	411	12	8	2	0	433
26378	379	3	3	2	0	387
26379	9	0	0	370	0	379
26380	370	0	0	6	0	376
26381	6	0	0	372	0	378
26382	1	0	0	372	0	373
26383	0	0	374	7	0	381
26384	0	0	6	368	0	374
26385	0	0	1	378	0	379
26386	369	0	0	7	0	376
26387	372	0	0	2	0	374
26388	6	364	0	0	0	370
26389	1	6	371	0	0	378
26390	0	1	6	366	0	373
26391	0	0	363	5	0	368
26392	344	0	6	1	0	351
26393	6	0	355	0	0	361
26394	2	0	5	352	0	359
26395	0	356	1	5	0	362
26396	0	6	0	351	0	357
26397	0	1	0	356	0	357
26398	0	0	364	7	0	371
26399	0	0	6	367	0	373
26400	363	0	1	6	0	370
26401	366	0	1	1	0	368
26402	371	0	0	0	0	371
26403	371	0	0	2	0	373
26404	7	357	0	0	0	364
26405	1	361	1	0	0	363
26406	2	5	0	335	0	342
26407	0	1	0	363	0	364
26408	0	350	0	5	0	355
26409	0	4	0	362	0	366
26410	0	0	0	364	0	364
26411	0	0	0	359	0	359
26412	1	0	0	362	0	363
26413	0	0	0	365	0	365
26414	349	0	0	6	0	355
26415	4	343	0	3	0	350
26416	1	4	345	0	0	350
26417	0	0	5	345	0	350
26418	0	0	1	351	0	352
26419	2	0	0	345	0	347
26420	349	0	0	6	0	355
26421	5	395	0	1	0	401
26422	1	5	0	415	0	421
26423	0	420	0	5	0	425
26424	0	6	0	413	0	419
26425	0	402	0	6	0	408
26426	0	7	431	1	0	439
26427	0	2	8	461	0	471
26428	0	1	529	9	0	539
26429	0	0	10	519	0	529
26430	1	0	2	573	0	576
26431	569	2	2	14	0	587
26432	582	0	1	5	0	588
26433	583	0	1	5	0	589
26434	580	1	1	2	0	584
26435	578	0	0	2	0	580
26436	18	0	1	557	0	576
26437	6	564	0	10	0	580
26438	5	12	0	562	0	579
26439	3	2	548	13	0	566
26440	550	1	10	5	0	566
26441	569	1	3	2	0	575
26442	13	0	2	559	0	574
26443	5	0	1	559	0	565
26444	4	540	1	13	0	558
26445	2	11	1	550	0	564
26446	2	2	0	554	0	558
26447	3	542	0	14	0	559
26448	2	13	0	545	0	560
26449	501	3	0	18	0	522
26450	10	4	526	3	0	543
26451	530	1	12	5	0	548
26452	14	1	538	2	0	555
26453	5	1	13	533	0	552
26454	4	1	3	542	0	550
26455	3	521	1	15	0	540
26456	1	542	2	4	0	549
26457	3	13	1	517	0	534
26458	1	3	522	16	0	542
26459	508	2	14	4	0	528
26460	12	3	1	516	0	532
26461	3	500	3	15	0	521
26462	6	12	2	499	0	519
26463	5	1	1	503	0	510
26464	3	488	1	15	0	507
26465	4	12	1	464	0	481
26466	1	2	440	16	0	459
26467	0	5	439	5	0	449
26468	2	2	9	438	0	451
26469	0	447	4	9	0	460
26470	3	10	4	447	0	464
26471	447	1	3	12	0	463
26472	451	2	1	5	0	459
26473	442	1	2	6	0	451
26474	12	437	0	3	0	452
26475	5	10	426	2	0	443
26476	424	1	8	8	0	441
26477	434	5	2	3	0	444
26478	12	424	3	2	0	441
26479	5	9	2	427	0	443
26480	429	3	2	10	0	444
26481	433	2	3	4	0	442
26482	436	2	2	5	0	445
26483	14	2	1	427	0	444
26484	435	3	1	10	0	449
26485	15	1	1	433	0	450
26486	6	2	4	438	0	450
26487	430	3	0	13	0	446
26488	11	1	4	428	0	444
26489	423	1	2	18	0	444
26490	17	1	1	425	0	444
26491	5	3	2	436	0	446
26492	425	3	0	17	0	445
26493	15	2	416	10	0	443
26494	8	3	9	428	0	448
26495	11	2	2	434	0	449
26496	5	1	3	435	0	444
26497	5	3	5	434	0	447
26498	7	0	2	422	0	431
26499	3	409	4	16	0	432
26500	6	10	0	414	0	430
26501	4	1	404	17	0	426
26502	4	4	10	413	0	431
26503	5	3	1	419	0	428
26504	6	3	3	421	0	433
26505	2	2	404	18	0	426
26506	3	1	405	11	0	420
26507	405	4	10	8	0	427
26508	412	2	5	9	0	428
26509	11	426	3	9	0	449
26510	8	10	3	434	0	455
26511	9	2	1	448	0	460
26512	5	3	4	449	0	461
26513	436	4	3	15	0	458
26514	451	1	3	11	0	466
26515	11	3	2	450	0	466
26516	4	4	3	450	0	461
26517	6	0	0	456	0	462
26518	5	3	3	451	0	462
26519	429	2	7	15	0	453
26520	12	0	424	13	0	449
26521	3	375	8	7	0	393
26522	5	338	2	8	0	353
26523	326	8	1	8	0	343
26524	7	9	7	310	0	333
26525	3	2	311	14	0	330
26526	3	2	282	6	0	293
26527	2	276	3	5	0	286
26528	209	3	2	0	0	214
26529	3	0	206	1	0	210
26530	162	0	3	1	0	166
26531	0	0	0	161	0	161
26532	0	0	0	164	0	164
26533	0	163	0	1	0	164
26534	0	163	0	0	0	163
26535	167	1	0	0	0	168
26536	164	0	0	1	0	165
26537	0	173	1	0	0	174
26538	0	1	166	1	0	168
26539	0	2	164	1	0	167
26540	0	1	1	165	0	167
26541	169	0	3	1	0	173
26542	0	171	2	1	0	174
26543	3	0	0	176	0	179
26544	181	1	0	0	0	182
26545	0	2	0	184	0	186
26546	2	0	0	189	0	191
26547	187	0	0	2	0	189
26548	0	189	0	3	0	192
26549	2	194	0	1	0	197
26550	2	1	203	0	0	206
26551	0	2	0	203	0	205
26552	0	1	1	203	0	205
26553	0	0	211	2	0	213
26554	188	0	0	3	0	191
26555	200	0	1	2	0	203
26556	1	0	215	0	0	216
26557	193	0	0	0	0	193
26558	1	1	224	0	0	226
26559	2	232	1	0	0	235
26560	1	0	1	245	0	247
26561	0	1	2	255	0	258
26562	252	1	1	4	0	258
26563	254	1	1	2	0	258
26564	257	0	0	1	0	258
26565	256	0	1	0	0	257
26566	258	0	0	0	0	258
26567	2	0	248	1	0	251
26568	2	250	0	0	0	252
26569	1	0	1	251	0	253
26570	1	251	1	0	0	253
26571	1	253	0	1	0	255
26572	1	1	0	255	0	257
26573	0	2	0	253	0	255
26574	0	0	254	1	0	255
26575	247	0	1	3	0	251
26576	253	0	1	2	0	256
26577	2	251	1	0	0	254
26578	257	1	0	0	0	258
26579	258	1	0	1	0	260
26580	2	1	0	258	0	261
26581	2	0	276	1	0	279
26582	1	0	272	2	0	275
26583	273	0	1	1	0	275
26584	271	0	1	0	0	272
26585	1	264	1	0	0	266
26586	2	272	0	0	0	274
26587	1	1	0	281	0	283
26588	283	2	0	0	0	285
26589	0	1	286	1	0	288
26590	1	0	1	290	0	292
26591	294	0	1	1	0	296
26592	293	0	0	1	0	294
26593	2	0	0	300	0	302
26594	304	0	0	1	0	305
26595	2	0	290	1	0	293
26596	1	0	314	1	0	316
26597	2	1	2	305	0	310
26598	0	0	2	324	0	326
26599	1	0	1	321	0	323
26600	0	313	1	3	0	317
26601	0	329	0	3	0	332
26602	1	2	0	332	0	335
26603	338	2	0	2	0	342
26604	1	1	0	346	0	348
26605	2	0	0	340	0	342
26606	1	339	0	2	0	342
26607	0	346	1	2	0	349
26608	0	2	0	349	0	351
26609	0	2	0	330	0	332
26610	317	1	0	2	0	320
26611	1	317	0	2	0	320
26612	319	2	0	1	0	322
26613	2	1	0	322	0	325
26614	2	1	317	1	0	321
26615	1	0	304	2	0	307
26616	317	0	2	3	0	322
26617	1	1	2	332	0	336
26618	2	1	0	331	0	334
26619	2	0	0	338	0	340
26620	0	0	341	4	0	345
26621	1	1	1	346	0	349
26622	0	338	1	2	0	341
26623	1	1	1	362	0	365
26624	0	1	0	361	0	362
26625	0	365	1	2	0	368
26626	0	1	1	375	0	377
26627	359	1	0	2	0	362
26628	1	355	0	2	0	358
26629	366	1	0	3	0	370
26630	367	1	0	1	0	369
26631	2	2	1	370	0	375
26632	3	0	0	361	0	364
26633	2	1	0	368	0	371
26634	0	0	360	5	0	365
26635	0	355	1	4	0	360
26636	0	362	1	2	0	365
26637	0	1	1	353	0	355
26638	349	1	0	2	0	352
26639	1	1	0	349	0	351
26640	1	1	344	2	0	348
26641	2	336	1	0	0	339
26642	0	353	0	2	0	355
26643	350	1	4	2	0	357
26644	356	1	1	2	0	360
26645	1	399	1	0	0	401
26646	398	2	0	5	0	405
26647	3	1	405	0	0	409
26648	1	1	401	1	0	404
26649	406	0	2	0	0	408
26650	410	0	1	0	0	411
26651	2	0	2	408	0	412
26652	408	1	0	2	0	411
26653	3	1	419	0	0	423
26654	1	0	425	1	0	427
26655	3	0	2	487	0	492
26656	1	1	1	542	0	545
26657	1	0	1	571	0	573
26658	0	0	1	559	0	560
26659	0	0	1	604	0	605
26660	1	1	576	10	0	588
26661	2	0	6	576	0	584
26662	572	0	1	17	0	590
26663	8	0	5	575	0	588
26664	574	1	2	15	0	592
26665	14	0	1	581	0	596
26666	585	0	1	17	0	603
26667	608	0	3	11	0	622
26668	10	0	1	610	0	621
26669	8	0	0	618	0	626
26670	614	0	1	13	0	628
26671	611	0	2	12	0	625
26672	10	1	613	11	0	635
26673	12	0	9	614	0	635
26674	11	0	1	634	0	646
26675	633	0	5	11	0	649
26676	636	0	1	17	0	654
26677	14	0	0	646	0	660
26678	14	0	1	643	0	658
26679	10	0	3	640	0	653
26680	3	0	3	639	0	645
26681	3	603	0	20	0	626
26682	4	608	0	13	0	625
26683	7	6	1	615	0	629
26684	4	605	0	14	0	623
26685	2	14	2	622	0	640
26686	3	1	604	21	0	629
26687	4	6	592	9	0	611
26688	2	607	8	13	0	630
26689	3	10	7	606	0	626
26690	1	5	607	12	0	625
26691	3	7	8	600	0	618
26692	4	5	1	618	0	628
26693	601	1	8	16	0	626
26694	9	2	4	613	0	628
26695	6	3	617	14	0	640
26696	6	3	601	8	0	618
26697	4	593	10	10	0	617
26698	2	625	9	6	0	642
26699	651	7	7	9	0	674
26700	10	6	701	6	0	723
26701	9	6	7	704	0	726
26702	713	1	5	17	0	736
26703	708	1	10	4	0	723
26704	8	740	4	11	0	763
26705	7	7	3	718	0	735
26706	10	5	4	754	0	773
26707	5	8	2	756	0	771
26708	748	2	3	20	0	773
26709	9	2	745	13	0	769
26710	6	781	6	13	0	806
26711	10	10	5	783	0	808
26712	4	6	7	799	0	816
26713	2	8	786	15	0	811
26714	2	3	6	796	0	807
26715	4	3	2	813	0	822
26716	7	0	8	804	0	819
26717	0	4	7	807	0	818
26718	4	5	788	21	0	818
26719	3	1	7	797	0	808
26720	3	2	793	19	0	817
26721	3	784	12	8	0	807
26722	4	6	3	806	0	819
26723	2	4	5	807	0	818
26724	6	6	796	16	0	824
26725	4	784	10	16	0	814
26726	6	7	8	779	0	800
26727	4	2	785	19	0	810
26728	5	780	9	8	0	802
26729	4	14	4	788	0	810
26730	4	1	791	18	0	814
26731	5	4	9	789	0	807
26732	7	2	6	797	0	812
26733	6	4	7	810	0	827
26734	797	2	4	22	0	825
26735	8	790	5	16	0	819
26736	799	10	3	14	0	826
26737	12	3	802	12	0	829
26738	809	5	12	15	0	841
26739	849	2	3	16	0	870
26740	10	2	6	852	0	870
26741	857	3	3	18	0	881
26742	861	3	2	15	0	881
26743	883	5	5	13	0	906
26744	16	3	3	882	0	904
26745	9	1	5	848	0	863
26746	8	4	836	11	0	859
26747	7	0	789	12	0	808
26748	800	5	6	16	0	827
26749	14	6	6	826	0	852
26750	6	831	8	9	0	854
26751	840	8	5	8	0	861
26752	7	835	1	13	0	856
26753	3	817	3	7	0	830
26754	7	10	791	7	0	815
26755	3	1	795	5	0	804
26756	4	17	9	784	0	814
26757	3	1	811	6	0	821
26758	1	1	783	1	0	786
26759	743	0	2	3	0	748
26760	780	0	1	4	0	785
26761	2	0	0	787	0	789
26762	3	0	0	793	0	796
26763	1	0	812	1	0	814
26764	2	808	0	0	0	810
26765	2	1	0	803	0	806
26766	842	0	0	6	0	848
26767	1	0	0	855	0	856
26768	0	865	1	2	0	868
26769	1	0	864	0	0	865
26770	1	878	1	0	0	880
26771	883	0	0	2	0	885
26772	869	1	0	2	0	872
26773	1	2	0	876	0	879
26774	1	1	890	0	0	892
26775	0	2	853	0	0	855
26776	0	890	2	0	0	892
26777	1	1	3	878	0	883
26778	0	0	1	909	0	910
26779	0	0	913	1	0	914
26780	2	0	3	916	0	921
26781	1	963	2	1	0	967
26782	3	1	0	978	0	982
26783	4	1	0	975	0	980
26784	0	0	976	2	0	978
26785	2	0	2	973	0	977
26786	975	1	1	4	0	981
26787	1	1	995	2	0	999
26788	1	0	968	1	0	970
26789	1	1006	3	1	0	1011
26790	1	2	2	1034	0	1039
26791	1	1	1	1067	0	1070
26792	0	2	1058	3	0	1063
26793	1025	0	3	3	0	1031
26794	6	0	2	1067	0	1075
26795	2	2	1053	4	0	1061
26796	3	0	4	1032	0	1039
26797	0	0	1076	6	0	1082
26798	0	2	1037	1	0	1040
26799	0	1038	5	4	0	1047
26800	2	3	3	985	0	993
26801	0	998	3	6	0	1007
26802	977	7	0	4	0	988
26803	5	3	996	4	0	1008
26804	2	975	4	2	0	983
26805	5	4	2	970	0	981
26806	960	2	3	6	0	971
26807	4	959	0	5	0	968
26808	3	4	1	979	0	987
26809	7	2	1	975	0	985
26810	0	986	3	6	0	995
26811	1001	5	1	7	0	1014
26812	5	3	0	1148	0	1156
26813	4	3	0	1208	0	1215
26814	1	1	1198	9	0	1209
26815	1	1226	7	6	0	1240
26816	1	8	4	1251	0	1264
26817	1	3	3	1332	0	1339
26818	0	1336	0	12	0	1348
26819	1	10	1	1346	0	1358
26820	2	4	1	1376	0	1383
26821	2	3	0	1372	0	1377
26822	0	1371	1	15	0	1387
26823	1357	11	0	9	0	1377
26824	10	3	1368	3	0	1384
26825	1315	4	10	5	0	1334
26826	11	1364	3	2	0	1380
26827	5	9	4	1360	0	1378
26828	3	5	1367	10	0	1385
26829	1	6	9	1367	0	1383
26830	2	0	2	1369	0	1373
26831	2	1	3	1367	0	1373
26832	3	2	1358	15	0	1378
26833	1	1337	9	10	0	1357
26834	0	7	1359	7	0	1373
26835	0	1380	12	5	0	1397
26836	2	11	1389	1	0	1403
26837	0	4	12	1396	0	1412
26838	1371	5	3	13	0	1392
26839	8	1383	6	3	0	1400
26840	3	11	1395	4	0	1413
26841	3	1395	12	1	0	1411
26842	0	14	1389	3	0	1406
26843	2	5	13	1350	0	1370
26844	2	2	3	1344	0	1351
26845	1	1367	5	12	0	1385
26846	0	1381	2	8	0	1391
26847	1377	14	3	9	0	1403
26848	14	6	0	1384	0	1404
26849	3	3	1393	10	0	1409
26850	11	1	10	1378	0	1400
26851	1	3	1390	15	0	1409
26852	1	2	1368	7	0	1378
26853	2	1	14	1361	0	1378
26854	1	1359	6	12	0	1378
26855	1298	11	4	9	0	1322
26856	10	5	1	1276	0	1292
26857	5	4	2	1247	0	1258
26858	6	1257	1	10	0	1274
26859	1249	12	2	8	0	1271
26860	1253	6	1	6	0	1266
26861	15	5	3	1236	0	1259
26862	7	1245	1	16	0	1269
26863	5	1275	1	7	0	1288
26864	1259	17	1	8	0	1285
26865	11	6	1263	3	0	1283
26866	1216	6	15	3	0	1240
26867	1213	3	7	2	0	1225
26868	1200	4	2	4	0	1210
26869	17	1184	2	7	0	1210
26870	8	14	3	1199	0	1224
26871	1199	7	2	14	0	1222
26872	1190	5	1	9	0	1205
26873	16	1195	0	10	0	1221
26874	1193	13	4	6	0	1216
26875	15	5	2	1204	0	1226
26876	5	5	4	1197	0	1211
26877	5	1199	4	16	0	1224
26878	2	13	3	1221	0	1239
26879	6	7	0	1219	0	1232
26880	5	1208	3	12	0	1228
26881	2	13	1	1153	0	1169
26882	1	1171	3	14	0	1189
26883	1165	14	0	11	0	1190
26884	1138	4	6	7	0	1155
26885	12	1156	1	4	0	1173
26886	3	12	1143	6	0	1164
26887	5	9	11	1128	0	1153
26888	2	8	1122	11	0	1143
26889	3	1091	10	5	0	1109
26890	3	1100	6	7	0	1116
26891	1067	12	1	4	0	1084
26892	10	1084	2	1	0	1097
26893	6	9	2	1062	0	1079
26894	2	1063	3	11	0	1079
26895	2	1083	3	3	0	1091
26896	1079	12	1	6	0	1098
26897	11	4	1	1049	0	1065
26898	2	4	1046	8	0	1060
26899	4	2	1014	5	0	1025
26900	2	1048	10	6	0	1066
26901	1033	8	2	6	0	1049
26902	8	1038	2	1	0	1049
26903	5	6	1	1071	0	1083
26904	1065	4	3	13	0	1085
26905	9	3	3	1082	0	1097
26906	4	2	2	1095	0	1103
26907	3	1094	2	11	0	1110
26908	8	10	1	1096	0	1115
26909	3	5	1122	12	0	1142
26910	1132	3	10	4	0	1149
26911	12	1158	2	3	0	1175
26912	3	1074	1	4	0	1082
26913	1025	6	1	5	0	1037
26914	12	3	1035	2	0	1052
26915	994	3	9	2	0	1008
26916	8	1144	0	1	0	1153
26917	2	1230	0	4	0	1236
26918	0	10	1237	0	0	1247
26919	3	1239	10	1	0	1253
26920	3	16	5	1162	0	1186
26921	3	2	2	1194	0	1201
26922	0	1214	1	8	0	1223
26923	7	12	2	1222	0	1243
26924	1223	3	0	14	0	1240
26925	9	3	1213	3	0	1228
26926	1219	2	11	6	0	1238
26927	1252	3	0	6	0	1261
26928	1238	2	2	7	0	1249
26929	14	2	1253	2	0	1271
26930	8	5	12	1253	0	1278
26931	6	3	1253	11	0	1273
26932	1232	0	13	5	0	1250
26933	1234	2	5	5	0	1246
26934	15	1238	3	6	0	1262
26935	14	9	1	1251	0	1275
26936	6	1274	5	10	0	1295
26937	3	17	1286	3	0	1309
26938	4	8	13	1280	0	1305
26939	1256	7	4	19	0	1286
26940	1259	2	4	6	0	1271
26941	17	6	2	1220	0	1245
26942	5	1227	2	19	0	1253
26943	5	13	1239	6	0	1263
26944	6	7	1236	2	0	1251
26945	1198	1	17	13	0	1229
26946	17	3	1250	4	0	1274
26947	7	1246	17	2	0	1272
26948	11	14	6	1241	0	1272
26949	4	4	1256	14	0	1278
26950	6	4	15	1240	0	1265
26951	6	1	1237	13	0	1257
26952	1219	2	18	8	0	1247
26953	17	4	4	1225	0	1250
26954	5	1208	5	14	0	1232
26955	5	1236	4	5	0	1250
26956	6	18	6	1222	0	1252
26957	6	3	4	1227	0	1240
26958	4	1222	6	19	0	1251
26959	5	15	1215	7	0	1242
26960	6	6	10	1225	0	1247
26961	3	5	1230	17	0	1255
26962	3	5	1198	5	0	1211
26963	1157	6	19	10	0	1192
26964	15	1171	8	8	0	1202
26965	1164	15	7	8	0	1194
26966	19	7	6	1148	0	1180
26967	5	1171	5	17	0	1198
26968	8	14	5	1176	0	1203
26969	4	8	6	1178	0	1196
26970	5	1168	7	18	0	1198
26971	7	16	1173	7	0	1203
26972	11	9	13	1165	0	1198
26973	1169	6	8	18	0	1201
26974	16	5	4	1162	0	1187
26975	5	8	5	1159	0	1177
26976	4	8	1148	22	0	1182
26977	4	1133	15	12	0	1164
26978	5	16	9	1125	0	1155
26979	6	4	1120	21	0	1151
26980	3	10	1115	10	0	1138
26981	1099	7	20	8	0	1134
26982	15	1105	9	12	0	1141
26983	1098	15	12	8	0	1133
26984	17	1092	10	6	0	1125
26985	9	1110	4	7	0	1130
26986	1100	18	6	8	0	1132
26987	16	7	8	1070	0	1101
26988	7	1087	7	17	0	1118
26989	10	20	5	1096	0	1131
26990	1097	6	5	22	0	1130
26991	20	6	1112	7	0	1145
26992	10	9	1088	7	0	1114
26993	1090	7	19	8	0	1124
26994	17	1091	8	11	0	1127
26995	8	15	1096	8	0	1127
26996	6	1099	18	7	0	1130
26997	9	15	4	1093	0	1121
26998	7	8	1102	15	0	1132
26999	6	10	20	1086	0	1122
27000	2	5	1092	21	0	1120
27001	1047	5	21	9	0	1082
27002	15	1078	14	7	0	1114
27003	1071	15	8	8	0	1102
27004	16	12	5	1083	0	1116
27005	9	1158	10	16	0	1193
27006	1159	15	9	9	0	1192
27007	1093	8	5	8	0	1114
27008	19	6	1150	4	0	1179
27009	13	4	1102	6	0	1125
27010	1007	7	9	1	0	1024
27011	9	1007	9	3	0	1028
27012	6	965	4	4	0	979
27013	12	24	3	918	0	957
27014	2	8	923	9	0	942
27015	6	872	8	8	0	894
27016	2	760	6	7	0	775
27017	11	6	2	591	0	610
27018	613	3	1	7	0	624
27019	615	4	0	3	0	622
27020	625	2	1	1	0	629
27021	8	1	623	2	0	634
27022	621	2	4	1	0	628
27023	636	2	2	4	0	644
27024	650	0	3	3	0	656
27025	9	2	1	635	0	647
27026	3	634	3	6	0	646
27027	633	4	1	2	0	640
27028	4	632	0	2	0	638
27029	2	5	2	609	0	618
27030	2	2	629	5	0	638
27031	0	5	4	622	0	631
27032	4	0	2	640	0	646
27033	0	0	633	6	0	639
27034	0	624	4	3	0	631
27035	3	3	1	581	0	588
27036	580	1	2	2	0	585
27037	4	568	0	1	0	573
27038	560	2	0	2	0	564
27039	2	1	0	555	0	558
27040	2	567	1	2	0	572
27041	566	2	0	1	0	569
27042	2	569	2	1	0	574
27043	1	3	556	0	0	560
27044	555	4	3	0	0	562
27045	565	3	0	4	0	572
27046	4	561	1	1	0	567
27047	3	3	549	1	0	556
27048	2	583	3	1	0	589
27049	4	9	2	409	0	424
27050	2	2	3	592	0	599
27051	1	2	0	600	0	603
27052	1	598	0	6	0	605
27053	2	3	1	604	0	610
27054	3	1	0	601	0	605
27055	604	2	1	5	0	612
27056	4	0	1	592	0	597
27057	4	0	0	595	0	599
27058	598	0	0	4	0	602
27059	3	596	0	7	0	606
27060	607	4	0	3	0	614
27061	601	2	1	0	0	604
27062	610	4	0	0	0	614
27063	5	3	1	604	0	613
27064	10	0	1	606	0	617
27065	8	1	604	6	0	619
27066	2	4	588	5	0	599
27067	1	0	596	2	0	599
27068	592	4	7	1	0	604
27069	5	3	611	4	0	623
27070	4	604	5	4	0	617
27071	9	4	1	610	0	624
27072	4	7	4	598	0	613
27073	3	612	1	5	0	621
27074	2	4	622	9	0	637
27075	4	634	5	4	0	647
27076	645	7	3	4	0	659
27077	6	4	650	4	0	664
27078	6	650	5	6	0	667
27079	8	9	655	1	0	673
27080	7	4	8	655	0	674
27081	5	5	651	6	0	667
27082	6	1	8	642	0	657
27083	656	3	1	12	0	672
27084	7	3	654	7	0	671
27085	4	652	7	5	0	668
27086	656	6	4	5	0	671
27087	7	4	666	3	0	680
27088	8	2	672	2	0	684
27089	5	3	8	670	0	686
27090	3	4	684	8	0	699
27091	650	1	8	6	0	665
27092	7	650	2	5	0	664
27093	5	8	3	678	0	694
27094	6	695	5	5	0	711
27095	709	14	0	3	0	726
27096	11	1	705	6	0	723
27097	3	3	736	5	0	747
27098	2	6	7	729	0	744
27099	3	1	6	740	0	750
27100	1	1	5	746	0	753
27101	2	3	6	746	0	757
27102	3	0	742	14	0	759
27103	5	731	5	8	0	749
27104	1	4	5	668	0	678
27105	1	6	630	6	0	643
27106	4	623	6	4	0	637
27107	626	4	5	1	0	636
27108	7	5	6	615	0	633
27109	614	1	1	8	0	624
27110	6	610	3	5	0	624
27111	609	5	1	3	0	618
27112	5	4	632	2	0	643
27113	1	1	5	619	0	626
27114	2	624	5	5	0	636
27115	3	5	624	4	0	636
27116	1	621	7	4	0	633
27117	5	3	7	477	0	492
27118	589	3	2	5	0	599
27119	5	577	0	4	0	586
27120	569	3	1	6	0	579
27121	4	1	573	3	0	581
27122	1	2	566	1	0	570
27123	553	2	4	0	0	559
27124	5	0	4	550	0	559
27125	3	1	3	559	0	566
27126	1	3	564	6	0	574
27127	2	1	563	3	0	569
27128	1	568	3	3	0	575
27129	558	5	6	2	0	571
27130	537	3	2	3	0	545
27131	7	538	0	2	0	547
27132	3	3	3	550	0	559
27133	566	2	1	6	0	575
27134	3	3	1	567	0	574
27135	581	0	3	5	0	589
27136	582	2	0	3	0	587
27137	605	0	0	7	0	612
27138	9	0	2	598	0	609
27139	2	3	0	618	0	623
27140	599	2	0	6	0	607
27141	597	0	2	5	0	604
27142	595	0	3	3	0	601
27143	6	585	1	1	0	593
27144	562	2	0	4	0	568
27145	4	567	1	0	0	572
27146	559	3	0	3	0	565
27147	8	2	553	0	0	563
27148	517	1	4	2	0	524
27149	3	523	1	0	0	527
27150	2	529	0	1	0	532
27151	543	3	1	1	0	548
27152	6	1	1	532	0	540
27153	2	0	0	569	0	571
27154	1	564	0	4	0	569
27155	0	614	0	2	0	616
27156	628	3	0	5	0	636
27157	3	2	665	0	0	670
27158	2	1	3	705	0	711
27159	713	0	1	5	0	719
27160	5	0	722	1	0	728
27161	1	756	4	0	0	761
27162	801	5	1	1	0	808
27163	6	1	826	1	0	834
27164	3	0	5	888	0	896
27165	1	1	913	7	0	922
27166	895	0	7	5	0	907
27167	6	920	4	2	0	932
27168	920	6	2	1	0	929
27169	922	3	1	2	0	928
27170	9	1	0	914	0	924
27171	923	0	0	7	0	930
27172	8	1	1	929	0	939
27173	3	1	0	933	0	937
27174	2	1	901	9	0	913
27175	0	903	7	6	0	916
27176	0	6	3	899	0	908
27177	0	3	2	904	0	909
27178	1	0	0	906	0	907
27179	0	1	892	9	0	902
27180	2	883	4	6	0	895
27181	3	5	3	898	0	909
27182	0	2	1	907	0	910
27183	1	1	900	8	0	910
27184	0	0	5	891	0	896
27185	888	0	2	8	0	898
27186	5	890	2	4	0	901
27187	878	7	0	3	0	888
27188	7	3	874	1	0	885
27189	5	1	7	872	0	885
27190	875	0	3	8	0	886
27191	874	0	1	4	0	879
27192	7	0	901	2	0	910
27193	6	1	4	894	0	905
27194	2	0	895	6	0	903
27195	882	1	7	3	0	893
27196	6	888	3	2	0	899
27197	903	5	2	0	0	910
27198	904	3	0	3	0	910
27199	11	907	0	1	0	919
27200	915	5	1	1	0	922
27201	9	4	901	0	0	914
27202	907	1	6	4	0	918
27203	9	1	5	912	0	927
27204	4	0	925	11	0	940
27205	2	0	9	929	0	940
27206	4	1	2	907	0	914
27207	4	3	4	913	0	924
27208	4	923	1	14	0	942
27209	937	6	2	5	0	950
27210	8	3	2	936	0	949
27211	4	930	1	7	0	942
27212	3	6	1	907	0	917
27213	5	900	0	10	0	915
27214	3	9	909	4	0	925
27215	5	4	7	903	0	919
27216	6	1	3	923	0	933
27217	2	1	909	13	0	925
27218	887	1	5	10	0	903
27219	7	914	5	4	0	930
27220	7	10	2	917	0	936
27221	5	4	1	900	0	910
27222	5	2	0	899	0	906
27223	3	905	2	13	0	923
27224	906	7	2	10	0	925
27225	8	3	904	4	0	919
27226	2	4	877	4	0	887
27227	5	2	7	885	0	899
27228	0	2	7	902	0	911
27229	893	1	2	12	0	908
27230	10	883	2	6	0	901
27231	6	8	1	895	0	910
27232	888	4	3	7	0	902
27233	8	2	3	870	0	883
27234	868	1	3	9	0	881
27235	11	0	834	6	0	851
27236	4	851	8	3	0	866
27237	842	6	5	3	0	856
27238	9	4	845	2	0	860
27239	826	3	8	1	0	838
27240	11	5	832	1	0	849
27241	835	2	8	1	0	846
27242	14	1	3	833	0	851
27243	843	2	2	9	0	856
27244	13	2	3	832	0	850
27245	5	2	1	847	0	855
27246	836	1	4	10	0	851
27247	9	834	1	11	0	855
27248	5	8	2	844	0	859
27249	858	1	3	10	0	872
27250	862	4	1	7	0	874
27251	12	4	1	858	0	875
27252	5	1	1	873	0	880
27253	865	4	0	10	0	879
27254	9	1	3	868	0	881
27255	3	3	1	827	0	834
27256	810	0	1	11	0	822
27257	9	1	1	776	0	787
27258	4	0	729	5	0	738
27259	705	0	4	4	0	713
27260	6	1	723	1	0	731
27261	3	1	666	1	0	671
27262	608	5	14	2	0	629
27263	4	602	4	0	0	610
27264	2	2	8	561	0	573
27265	1	0	0	569	0	570
27266	1	1	0	615	0	617
27267	2	0	0	624	0	626
27268	612	0	0	5	0	617
27269	666	0	0	1	0	667
27270	700	0	0	1	0	701
27271	6	0	747	1	0	754
27272	0	0	8	790	0	798
27273	1	3	1	802	0	807
27274	1	0	1	793	0	795
27275	1	763	1	11	0	776
27276	4	787	0	3	0	794
27277	805	10	2	1	0	818
27278	9	3	1	804	0	817
27279	3	1	1	853	0	858
27280	2	1	0	864	0	867
27281	2	1	848	15	0	866
27282	1	2	824	5	0	832
27283	849	1	8	2	0	860
27284	867	1	4	1	0	873
27285	12	0	2	859	0	873
27286	5	863	0	12	0	880
27287	3	8	1	871	0	883
27288	3	5	1	868	0	877
27289	2	3	852	13	0	870
27290	873	1	10	5	0	889
27291	11	0	3	887	0	901
27292	4	1	2	858	0	865
27293	832	1	0	16	0	849
27294	8	851	1	7	0	867
27295	864	9	3	2	0	878
27296	13	4	1	853	0	871
27297	5	826	2	11	0	844
27298	836	9	1	7	0	853
27299	10	6	0	835	0	851
27300	826	3	1	12	0	842
27301	825	0	0	7	0	832
27302	821	1	1	4	0	827
27303	15	794	1	6	0	816
27304	8	793	1	3	0	805
27305	3	13	0	783	0	799
27306	4	790	0	12	0	806
27307	799	11	0	6	0	816
27308	15	5	0	797	0	817
27309	796	2	0	15	0	813
27310	803	2	1	10	0	816
27311	17	3	2	794	0	816
27312	9	3	3	823	0	838
27313	827	0	1	19	0	847
27314	838	2	2	7	0	849
27315	856	1	0	6	0	863
27316	863	3	0	7	0	873
27317	864	3	0	9	0	876
27318	19	3	0	855	0	877
27319	6	4	3	860	0	873
27320	13	2	2	860	0	877
27321	854	2	0	23	0	879
27322	19	1	0	845	0	865
27323	11	840	1	21	0	873
27324	7	17	2	854	0	880
27325	841	5	2	22	0	870
27326	852	1	0	14	0	867
27327	26	3	839	4	0	872
27328	15	4	10	826	0	855
27329	7	835	3	15	0	860
27330	843	13	1	14	0	871
27331	21	845	2	6	0	874
27332	8	15	3	858	0	884
27333	865	5	2	16	0	888
27334	866	3	1	12	0	882
27335	20	857	2	8	0	887
27336	17	16	0	865	0	898
27337	4	11	851	23	0	889
27338	833	3	12	11	0	859
27339	23	2	850	5	0	880
27340	861	2	14	4	0	881
27341	875	3	7	4	0	889
27342	20	3	2	869	0	894
27343	889	2	1	18	0	910
27344	906	4	0	8	0	918
27345	905	2	3	6	0	916
27346	24	3	0	889	0	916
27347	886	4	2	15	0	907
27348	21	2	0	878	0	901
27349	6	8	2	875	0	891
27350	9	875	1	23	0	908
27351	12	14	2	855	0	883
27352	13	863	1	18	0	895
27353	848	17	2	8	0	875
27354	853	6	0	8	0	867
27355	24	4	1	842	0	871
27356	17	2	0	848	0	867
27357	832	2	3	24	0	861
27358	22	3	809	11	0	845
27359	818	2	13	5	0	838
27360	23	2	4	804	0	833
27361	11	5	773	20	0	809
27362	772	3	11	14	0	800
27363	789	2	5	12	0	808
27364	24	5	766	5	0	800
27365	757	3	12	7	0	779
27366	18	6	719	7	0	750
27367	9	726	13	7	0	755
27368	730	12	11	4	0	757
27369	700	6	4	5	0	715
27370	18	655	4	3	0	680
27371	15	612	1	0	0	628
27372	559	10	6	5	0	580
27373	568	0	1	3	0	572
27374	14	1	0	579	0	594
27375	8	0	561	8	0	577
27376	3	2	549	4	0	558
27377	558	0	8	5	0	571
27378	9	3	558	3	0	573
27379	530	4	10	3	0	547
27380	9	1	3	526	0	539
27381	4	3	0	530	0	537
27382	1	0	525	13	0	539
27383	544	1	7	3	0	555
27384	10	2	4	540	0	556
27385	6	2	0	571	0	579
27386	562	0	1	10	0	573
27387	570	0	1	4	0	575
27388	565	0	1	4	0	570
27389	10	570	3	2	0	585
27390	3	6	543	0	0	552
27391	539	1	5	1	0	546
27392	542	1	3	2	0	548
27393	8	527	0	3	0	538
27394	515	3	4	4	0	526
27395	8	0	0	512	0	520
27396	2	0	532	5	0	539
27397	517	1	6	2	0	526
27398	530	0	2	1	0	533
27399	532	0	1	2	0	535
27400	534	0	1	1	0	536
27401	5	1	0	532	0	538
27402	2	0	0	536	0	538
27403	536	1	1	6	0	544
27404	5	0	2	533	0	540
27405	2	0	0	535	0	537
27406	3	532	2	6	0	543
27407	2	4	0	536	0	542
27408	4	0	1	538	0	543
27409	2	0	0	545	0	547
27410	1	1	1	568	0	571
27411	3	557	1	3	0	564
27412	3	2	0	541	0	546
27413	4	0	0	537	0	541
27414	1	2	521	2	0	526
27415	2	0	494	2	0	498
27416	1	504	1	4	0	510
27417	615	1	2	2	0	620
27418	4	621	0	3	0	628
27419	2	4	0	648	0	654
27420	2	2	685	6	0	695
27421	725	1	6	3	0	735
27422	6	0	1	752	0	759
27423	739	1	1	10	0	751
27424	755	1	0	2	0	758
27425	9	752	1	2	0	764
27426	751	10	1	6	0	768
27427	9	781	1	3	0	794
27428	3	10	2	806	0	821
27429	3	801	2	13	0	819
27430	1	12	808	2	0	823
27431	6	817	10	0	0	833
27432	4	15	1	809	0	829
27433	833	1	0	12	0	846
27434	12	838	1	2	0	853
27435	4	12	2	846	0	864
27436	3	3	1	860	0	867
27437	2	4	849	12	0	867
27438	4	1	12	855	0	872
27439	1	6	841	12	0	860
27440	838	0	11	6	0	855
27441	12	3	868	2	0	885
27442	3	869	12	3	0	887
27443	5	12	2	861	0	880
27444	2	3	4	864	0	873
27445	3	3	1	864	0	871
27446	855	3	2	18	0	878
27447	18	2	2	844	0	866
27448	4	848	1	15	0	868
27449	837	16	2	5	0	860
27450	14	814	1	6	0	835
27451	5	15	2	819	0	841
27452	819	3	3	18	0	843
27453	13	801	1	7	0	822
27454	5	840	2	4	0	851
27455	837	15	2	4	0	858
27456	854	4	2	4	0	864
27457	16	4	853	4	0	877
27458	871	3	13	6	0	893
27459	16	3	901	6	0	926
27460	6	3	15	915	0	939
27461	5	4	915	15	0	939
27462	3	3	15	918	0	939
27463	6	2	923	15	0	946
27464	4	5	15	910	0	934
27465	2	2	3	953	0	960
27466	928	1	3	19	0	951
27467	15	4	909	7	0	935
27468	881	5	14	7	0	907
27469	16	2	904	6	0	928
27470	7	3	907	2	0	919
27471	6	3	14	903	0	926
27472	908	3	4	19	0	934
27473	19	910	3	4	0	936
27474	909	17	4	4	0	934
27475	913	2	3	8	0	926
27476	20	900	3	2	0	925
27477	894	13	6	4	0	917
27478	17	6	909	3	0	935
27479	7	2	20	904	0	933
27480	916	3	2	18	0	939
27481	14	912	8	7	0	941
27482	8	13	1	914	0	936
27483	5	4	6	912	0	927
27484	3	3	0	922	0	928
27485	5	0	6	926	0	937
27486	916	2	1	20	0	939
27487	922	1	4	9	0	936
27488	923	3	3	7	0	936
27489	906	1	5	8	0	920
27490	21	3	906	4	0	934
27491	901	5	18	4	0	928
27492	925	0	4	6	0	935
27493	18	906	4	8	0	936
27494	10	922	2	8	0	942
27495	12	17	3	905	0	937
27496	10	4	2	907	0	923
27497	6	4	894	18	0	922
27498	7	900	15	4	0	926
27499	7	16	6	890	0	919
27500	2	900	6	20	0	928
27501	5	17	1	936	0	959
27502	8	3	2	948	0	961
27503	2	960	2	18	0	982
27504	8	16	1	964	0	989
27505	4	8	964	25	0	1001
27506	5	3	962	9	0	979
27507	948	2	19	7	0	976
27508	981	5	6	2	0	994
27509	24	958	2	7	0	991
27510	953	17	4	1	0	975
27511	22	6	1	943	0	972
27512	938	4	4	17	0	963
27513	21	932	2	5	0	960
27514	11	17	922	6	0	956
27515	906	6	17	4	0	933
27516	22	6	948	5	0	981
27517	9	3	835	4	0	851
27518	3	5	827	6	0	841
27519	3	811	19	5	0	838
27520	761	21	19	4	0	805
27521	740	4	6	6	0	756
27522	17	3	0	725	0	745
27523	6	3	1	724	0	734
27524	3	726	1	12	0	742
27525	728	10	1	7	0	746
27526	11	729	1	7	0	748
27527	5	709	4	1	0	719
27528	700	10	4	1	0	715
27529	11	4	3	687	0	705
27530	7	2	0	693	0	702
27531	4	3	0	693	0	700
27532	4	685	3	9	0	701
27533	663	5	0	5	0	673
27534	9	3	1	657	0	670
27535	4	635	1	5	0	645
27536	0	633	3	2	0	638
27537	6	8	0	620	0	634
27538	1	638	4	6	0	649
27539	1	5	2	633	0	641
27540	616	3	1	8	0	628
27541	4	2	607	4	0	617
27542	4	607	4	4	0	619
27543	2	3	2	621	0	628
27544	1	3	634	6	0	644
27545	622	1	3	7	0	633
27546	4	4	2	643	0	653
27547	654	0	1	4	0	659
27548	646	3	1	6	0	656
27549	6	682	0	1	0	689
27550	690	3	0	2	0	695
27551	691	3	0	3	0	697
27552	689	0	0	3	0	692
27553	8	0	0	679	0	687
27554	4	0	0	661	0	665
27555	3	1	0	668	0	672
27556	0	0	646	7	0	653
27557	1	632	3	2	0	638
27558	612	3	3	1	0	619
27559	3	592	1	1	0	597
27560	2	3	1	581	0	587
27561	0	2	576	3	0	581
27562	549	0	3	6	0	558
27563	4	580	2	0	0	586
27564	3	3	0	576	0	582
27565	0	2	0	567	0	569
27566	1	1	562	5	0	569
27567	1	557	3	6	0	567
27568	0	5	2	563	0	570
27569	2	2	1	565	0	570
27570	1	0	1	551	0	553
27571	539	0	0	6	0	545
27572	2	0	528	4	0	534
27573	3	519	3	1	0	526
27574	516	2	2	2	0	522
27575	2	525	0	0	0	527
27576	3	2	0	524	0	529
27577	1	545	0	2	0	548
27578	535	2	0	3	0	540
27579	541	2	0	3	0	546
27580	5	0	0	568	0	573
27581	2	0	0	582	0	584
27582	0	0	1	607	0	608
27583	0	1	617	6	0	624
27584	1	640	4	3	0	648
27585	2	5	3	759	0	769
27586	2	2	0	769	0	773
27587	1	0	1	787	0	789
27588	4	0	0	784	0	788
27589	1	3	761	20	0	785
27590	0	815	12	9	0	836
27591	1	14	6	851	0	872
27592	2	6	2	903	0	913
27593	0	3	884	20	0	907
27594	2	1	14	884	0	901
27595	0	865	7	17	0	889
27596	0	891	3	7	0	901
27597	5	18	1	881	0	905
27598	0	6	868	16	0	890
27599	828	4	14	6	0	852
27600	13	856	5	8	0	882
27601	5	14	832	5	0	856
27602	3	4	835	4	0	846
27603	0	830	18	2	0	850
27604	2	13	843	4	0	862
27605	3	8	16	828	0	855
27606	826	4	5	17	0	852
27607	850	0	4	9	0	863
27608	856	1	2	5	0	864
27609	879	2	4	4	0	889
27610	17	889	1	7	0	914
27611	905	14	4	4	0	927
27612	17	905	2	5	0	929
27613	4	20	910	2	0	936
27614	7	4	16	892	0	919
27615	2	916	7	14	0	939
27616	3	18	5	883	0	909
27617	874	4	4	19	0	901
27618	15	6	3	865	0	889
27619	9	889	2	16	0	916
27620	891	14	2	7	0	914
27621	16	6	898	6	0	926
27622	9	4	15	897	0	925
27623	6	6	6	913	0	931
27624	883	0	5	20	0	908
27625	17	885	0	9	0	911
27626	7	15	880	7	0	909
27627	8	7	12	884	0	911
27628	4	7	879	14	0	904
27629	2	862	18	8	0	890
27630	3	887	5	8	0	903
27631	873	19	5	9	0	906
27632	16	11	868	8	0	903
27633	881	4	16	4	0	905
27634	19	2	8	867	0	896
27635	7	879	3	16	0	905
27636	878	14	5	9	0	906
27637	17	6	899	8	0	930
27638	7	8	13	890	0	918
27639	5	2	11	892	0	910
27640	5	6	6	890	0	907
27641	3	880	6	19	0	908
27642	864	16	4	13	0	897
27643	14	864	4	5	0	887
27644	9	863	3	10	0	885
27645	12	23	5	857	0	897
27646	875	10	5	14	0	904
27647	864	5	4	12	0	885
27648	871	6	7	5	0	889
27649	23	829	3	4	0	859
27650	7	17	4	828	0	856
27651	8	7	828	17	0	860
27652	8	5	17	821	0	851
27653	5	5	6	824	0	840
27654	5	831	5	21	0	862
27655	837	15	2	11	0	865
27656	19	8	1	828	0	856
27657	9	843	3	15	0	870
27658	841	14	2	11	0	868
27659	18	11	825	5	0	859
27660	829	7	13	9	0	858
27661	20	837	7	5	0	869
27662	844	17	5	5	0	871
27663	848	7	1	10	0	866
27664	20	10	850	2	0	882
27665	844	9	12	6	0	871
27666	21	2	883	7	0	913
27667	6	4	890	4	0	904
27668	878	1	17	7	0	903
27669	893	6	9	6	0	914
27670	20	5	893	4	0	922
27671	14	2	15	884	0	915
27672	6	5	8	885	0	904
27673	8	918	7	17	0	950
27674	893	15	3	12	0	923
27675	934	6	3	4	0	947
27676	25	7	911	3	0	946
27677	916	4	16	0	0	936
27678	936	2	5	1	0	944
27679	21	907	8	6	0	942
27680	14	14	4	884	0	916
27681	10	8	1	858	0	877
27682	7	4	5	860	0	876
27683	827	1	3	21	0	852
27684	15	798	3	9	0	825
27685	2	9	2	685	0	698
27686	5	671	3	4	0	683
27687	3	18	1	643	0	665
27688	1	651	1	8	0	661
27689	4	664	0	3	0	671
27690	600	8	3	5	0	616
27691	585	2	2	2	0	591
27692	5	1	0	558	0	564
27693	2	0	0	561	0	563
27694	0	0	0	568	0	568
27695	2	0	1	566	0	569
27696	1	1	0	558	0	560
27697	0	559	2	8	0	569
27698	0	6	0	556	0	562
27699	1	2	0	573	0	576
27700	566	1	0	6	0	573
27701	6	1	1	565	0	573
27702	3	0	0	564	0	567
27703	1	0	550	6	0	557
27704	4	2	5	525	0	536
27705	3	0	0	541	0	544
27706	0	0	549	8	0	557
27707	3	556	6	4	0	569
27708	0	6	568	2	0	576
27709	0	1	556	1	0	558
27710	0	527	5	1	0	533
27711	531	6	2	1	0	540
27712	525	1	0	0	0	526
27713	8	0	0	515	0	523
27714	515	0	0	8	0	523
27715	6	0	532	1	0	539
27716	1	0	6	535	0	542
27717	0	0	573	8	0	581
27718	1	1	5	584	0	591
27719	2	1	0	588	0	591
27720	0	0	1	596	0	597
27721	594	1	1	6	0	602
27722	8	1	0	600	0	609
27723	598	0	1	9	0	608
27724	617	0	0	2	0	619
27725	8	617	0	1	0	626
27726	611	6	0	2	0	619
27727	8	633	1	0	0	642
27728	0	7	1	635	0	643
27729	2	1	1	641	0	645
27730	1	0	1	653	0	655
27731	0	0	636	10	0	646
27732	1	636	6	3	0	646
27733	2	7	1	624	0	634
27734	0	2	1	633	0	636
27735	1	636	0	11	0	648
27736	636	7	0	6	0	649
27737	7	612	0	0	0	619
27738	611	7	0	0	0	618
27739	8	619	0	0	0	627
27740	2	7	1	617	0	627
27741	1	629	0	7	0	637
27742	637	7	0	5	0	649
27743	646	3	1	2	0	652
27744	649	1	0	3	0	653
27745	645	0	0	4	0	649
27746	9	0	651	2	0	662
27747	644	1	5	1	0	651
27748	665	1	0	1	0	667
27749	668	1	0	3	0	672
27750	11	0	659	0	0	670
27751	658	1	7	2	0	668
27752	7	675	2	5	0	689
27753	678	8	1	3	0	690
27754	8	2	728	2	0	740
27755	730	0	7	4	0	741
27756	736	0	1	2	0	739
27757	9	1	0	732	0	742
27758	2	0	739	8	0	749
27759	751	0	6	4	0	761
27760	9	1	1	761	0	772
27761	4	0	0	785	0	789
27762	1	3	782	11	0	797
27763	758	0	8	4	0	770
27764	784	2	1	1	0	788
27765	10	784	1	2	0	797
27766	3	7	2	763	0	775
27767	1	2	1	767	0	771
27768	2	0	1	769	0	772
27769	1	764	1	11	0	777
27770	764	8	1	6	0	779
27771	11	3	0	761	0	775
27772	3	0	0	770	0	773
27773	744	1	0	11	0	756
27774	749	0	1	3	0	753
27775	13	1	1	745	0	760
27776	6	0	0	744	0	750
27777	2	2	721	6	0	731
27778	692	0	5	5	0	702
27779	4	721	2	2	0	729
27780	4	3	0	774	0	781
27781	3	2	1	788	0	794
27782	0	844	3	8	0	855
27783	2	5	0	868	0	875
27784	925	2	0	7	0	934
27785	8	2	0	1055	0	1065
27786	5	0	1	1079	0	1085
27787	3	2	0	1096	0	1101
27788	2	0	1076	21	0	1099
27789	0	1	11	1086	0	1098
27790	0	1	1083	14	0	1098
27791	1	1056	10	8	0	1075
27792	3	12	9	1060	0	1084
27793	1	7	0	1058	0	1066
27794	1	1	0	1084	0	1086
27795	4	1	0	1079	0	1084
27796	3	0	1	1085	0	1089
27797	1057	1	0	18	0	1076
27798	10	0	1057	8	0	1075
27799	6	1042	10	2	0	1060
27800	0	1089	8	2	0	1099
27801	0	16	0	1090	0	1106
27802	2	7	1	1106	0	1116
27803	0	1	0	1104	0	1105
27804	0	1087	0	18	0	1105
27805	1	7	0	1098	0	1106
27806	1	6	1094	10	0	1111
27807	0	1069	9	11	0	1089
27808	2	8	5	1072	0	1087
27809	1065	7	1	11	0	1084
27810	10	1	1	1069	0	1081
27811	7	1	0	1068	0	1076
27812	1	1037	0	17	0	1055
27813	0	1098	0	11	0	1109
27814	1	16	0	1097	0	1114
27815	0	4	1	1099	0	1104
27816	1	1	1094	17	0	1113
27817	3	0	10	1076	0	1089
27818	0	0	6	1080	0	1086
27819	0	1	0	1080	0	1081
27820	2	0	3	1083	0	1088
27821	1055	0	0	20	0	1075
27822	1056	0	2	12	0	1070
27823	18	2	0	1050	0	1070
27824	7	1	0	1073	0	1081
27825	1060	1	1	20	0	1082
27826	8	0	0	1088	0	1096
27827	8	0	1085	12	0	1105
27828	0	1090	9	11	0	1110
27829	3	8	7	1100	0	1118
27830	3	7	0	1112	0	1122
27831	1118	1	1	19	0	1139
27832	10	2	1	1130	0	1143
27833	9	2	0	1148	0	1159
27834	1151	1	0	22	0	1174
27835	9	0	1	1154	0	1164
27836	8	1167	1	14	0	1190
27837	3	11	1	1205	0	1220
27838	3	7	1	1238	0	1249
27839	3	5	1	1241	0	1250
27840	3	1	0	1241	0	1245
27841	1	2	1215	23	0	1241
27842	0	2	1205	12	0	1219
27843	3	2	17	1208	0	1230
27844	1	1	7	1200	0	1209
27845	0	1208	1	20	0	1229
27846	4	12	2	1178	0	1196
27847	1	1189	3	18	0	1211
27848	1182	15	1	14	0	1212
27849	12	1210	1	10	0	1233
27850	7	14	0	1236	0	1257
27851	4	8	1	1241	0	1254
27852	3	3	1224	25	0	1255
27853	1188	0	15	16	0	1219
27854	1170	4	8	7	0	1189
27855	18	1170	2	12	0	1202
27856	9	9	5	1151	0	1174
27857	4	9	1202	14	0	1229
27858	2	1196	13	13	0	1224
27859	1182	16	7	8	0	1213
27860	1188	8	1	6	0	1203
27861	19	3	1152	8	0	1182
27862	1151	3	12	9	0	1175
27863	17	2	6	1153	0	1178
27864	9	1153	4	18	0	1184
27865	1150	14	1	14	0	1179
27866	18	9	5	1152	0	1184
27867	1170	6	2	19	0	1197
27868	1233	3	2	14	0	1252
27869	19	3	2	1214	0	1238
27870	9	4	1235	19	0	1267
27871	1255	1	14	16	0	1286
27872	1288	3	9	8	0	1308
27873	1291	4	3	7	0	1305
27874	23	1295	3	9	0	1330
27875	10	18	2	1294	0	1324
27876	5	10	1	1340	0	1356
27877	7	5	1325	27	0	1364
27878	3	1	14	1320	0	1338
27879	3	1301	7	26	0	1337
27880	1266	13	3	14	0	1296
27881	12	1269	2	11	0	1294
27882	8	14	1205	5	0	1232
27883	5	1214	11	8	0	1238
27884	6	1200	15	5	0	1226
27885	12	7	6	1051	0	1076
27886	1051	2	1	8	0	1062
27887	1053	3	1	4	0	1061
27888	1046	1	0	7	0	1054
27889	8	1063	2	1	0	1074
27890	1	7	1058	4	0	1070
27891	1058	1	6	5	0	1070
27892	1065	1	1	4	0	1071
27893	8	1058	1	4	0	1071
27894	1090	8	3	2	0	1103
27895	8	2	2	1091	0	1103
27896	3	2	1129	7	0	1141
27897	1132	0	7	2	0	1141
27898	1136	0	0	4	0	1140
27899	1177	1	1	2	0	1181
27900	11	2	1	1147	0	1161
27901	6	1	1	1189	0	1197
27902	6	1	1	1240	0	1248
27903	4	1242	1	12	0	1259
27904	4	9	0	1304	0	1317
27905	4	3	1	1399	0	1407
27906	2	3	1386	13	0	1404
27907	4	0	10	1384	0	1398
27908	2	4	2	1412	0	1420
27909	3	1	3	1418	0	1425
27910	6	1	0	1421	0	1428
27911	1	1411	3	15	0	1430
27912	7	14	1	1417	0	1439
27913	6	2	0	1404	0	1412
27914	1395	2	2	18	0	1417
27915	16	1	1390	5	0	1412
27916	3	2	1362	5	0	1372
27917	1342	0	13	10	0	1365
27918	1373	2	5	5	0	1385
27919	16	1	4	1304	0	1325
27920	7	1353	1	11	0	1372
27921	1365	13	2	3	0	1383
27922	16	3	0	1353	0	1372
27923	3	1370	2	12	0	1387
27924	1367	12	3	6	0	1388
27925	14	1365	2	4	0	1385
27926	1349	15	0	3	0	1367
27927	1325	2	0	4	0	1331
27928	15	1302	1	3	0	1321
27929	5	11	1	1291	0	1308
27930	4	1	1289	14	0	1308
27931	0	3	11	1278	0	1292
27932	1270	3	2	12	0	1287
27933	12	1	1252	4	0	1269
27934	3	1244	12	3	0	1262
27935	5	10	1	1236	0	1252
27936	3	2	1222	12	0	1239
27937	1	1196	11	3	0	1211
27938	1187	10	4	3	0	1204
27939	12	1	2	1195	0	1210
27940	4	1	0	1199	0	1204
27941	5	1	1	1186	0	1193
27942	1	1187	1	13	0	1202
27943	1177	11	0	8	0	1196
27944	11	1163	1	5	0	1180
27945	3	1195	1	8	0	1207
27946	1185	12	3	3	0	1203
27947	1187	1	1	7	0	1196
27948	11	1	1174	2	0	1188
27949	1146	0	9	6	0	1161
27950	1136	2	1	2	0	1141
27951	12	2	2	1125	0	1141
27952	3	2	1105	11	0	1121
27953	3	0	10	1110	0	1123
27954	1129	1	3	16	0	1149
27955	13	2	1143	3	0	1161
27956	5	1	12	1279	0	1297
27957	6	1	3	1414	0	1424
27958	4	1	2	1502	0	1509
27959	1479	2	1	30	0	1512
27960	27	1505	1	5	0	1538
27961	1505	25	2	6	0	1538
27962	26	6	1517	3	0	1552
27963	9	2	27	1480	0	1518
27964	4	1503	3	25	0	1535
27965	1519	26	3	5	0	1553
27966	32	3	1	1508	0	1544
27967	6	6	1485	26	0	1523
27968	7	3	24	1429	0	1463
27969	1421	1	4	30	0	1456
27970	26	1395	4	11	0	1436
27971	5	26	1	1303	0	1335
27972	8	1378	1	19	0	1406
27973	1370	28	2	6	0	1406
27974	1361	5	3	9	0	1378
27975	23	1345	5	7	0	1380
27976	1329	25	3	7	0	1364
27977	32	5	1	1298	0	1336
27978	4	1319	3	21	0	1347
27979	1320	24	2	11	0	1357
27980	1352	6	3	7	0	1368
27981	30	1302	1	6	0	1339
27982	7	1308	1	7	0	1323
27983	1272	28	5	3	0	1308
27984	27	3	1	1267	0	1298
27985	1264	4	4	28	0	1300
27986	29	2	3	1270	0	1304
27987	10	2	1248	26	0	1286
27988	8	7	23	1263	0	1301
27989	1244	3	4	31	0	1282
27990	30	4	1248	7	0	1289
27991	9	5	25	1259	0	1298
27992	10	2	3	1298	0	1313
27993	6	6	1285	29	0	1326
27994	1247	2	25	11	0	1285
27995	28	5	4	1266	0	1303
27996	11	2	1210	27	0	1250
27997	1171	4	24	7	0	1206
27998	29	1212	5	6	0	1252
27999	3	1175	3	8	0	1189
28000	4	1197	3	10	0	1214
28001	7	24	1130	3	0	1164
28002	12	6	23	1083	0	1124
28003	3	0	1067	26	0	1096
28004	1	20	23	946	0	990
28005	5	935	2	21	0	963
28006	2	938	2	4	0	946
28007	8	25	0	909	0	942
28008	918	3	2	24	0	947
28009	20	1	2	922	0	945
28010	5	3	2	918	0	928
28011	2	908	1	22	0	933
28012	900	19	1	4	0	924
28013	19	904	1	4	0	928
28014	2	19	2	898	0	921
28015	4	1	0	895	0	900
28016	2	890	4	23	0	919
28017	2	19	1	896	0	918
28018	895	5	0	23	0	923
28019	26	3	2	896	0	927
28020	4	5	1	910	0	920
28021	9	887	4	18	0	918
28022	2	21	6	904	0	933
28023	862	6	2	27	0	897
28024	889	7	2	6	0	904
28025	896	2	2	6	0	906
28026	25	5	2	882	0	914
28027	4	2	882	26	0	914
28028	4	2	884	8	0	898
28029	6	5	18	886	0	915
28030	889	5	3	23	0	920
28031	24	4	0	892	0	920
28032	893	9	1	23	0	926
28033	27	2	1	902	0	932
28034	10	6	1	908	0	925
28035	904	6	2	22	0	934
28036	27	3	887	7	0	924
28037	890	4	18	6	0	918
28038	24	6	886	5	0	921
28039	10	3	19	878	0	910
28040	901	3	3	23	0	930
28041	25	2	918	4	0	949
28042	6	5	933	4	0	948
28043	914	6	21	3	0	944
28044	26	2	922	8	0	958
28045	8	904	22	5	0	939
28046	3	18	3	932	0	956
28047	980	1	5	28	0	1014
28048	23	1	1013	7	0	1044
28049	1020	0	24	7	0	1051
28050	1047	0	7	6	0	1060
28051	1046	1	4	10	0	1061
28052	1053	2	4	8	0	1067
28053	29	7	3	1014	0	1053
28054	6	1012	4	23	0	1045
28055	990	15	8	5	0	1018
28056	22	0	846	2	0	870
28057	2	669	11	2	0	684
28058	611	6	4	1	0	622
28059	7	595	2	1	0	605
28060	0	615	3	0	0	618
28061	9	7	7	608	0	631
28062	2	0	1	625	0	628
28063	0	1	0	628	0	629
28064	643	0	0	6	0	649
28065	660	1	0	1	0	662
28066	7	1	0	674	0	682
28067	3	0	0	721	0	724
28068	1	0	762	10	0	773
28069	744	0	8	3	0	755
28070	768	0	2	1	0	771
28071	10	0	1	760	0	771
28072	5	0	0	762	0	767
28073	1	0	760	10	0	771
28074	1	0	10	754	0	765
28075	3	0	773	9	0	785
28076	1	777	10	2	0	790
28077	0	9	772	2	0	783
28078	1	4	9	768	0	782
28079	1	1	788	10	0	800
28080	0	1	758	2	0	761
28081	800	1	11	1	0	813
28082	8	1	3	834	0	846
28083	2	0	830	9	0	841
28084	793	0	9	2	0	804
28085	8	0	839	2	0	849
28086	2	2	901	0	0	905
28087	3	930	9	1	0	943
28088	0	7	3	924	0	934
28089	3	2	925	7	0	937
28090	3	1	918	1	0	923
28091	0	1	9	937	0	947
28092	2	1	3	930	0	936
28093	0	943	0	8	0	951
28094	0	6	1	940	0	947
28095	950	1	2	7	0	960
28096	954	1	1	3	0	959
28097	963	0	1	3	0	967
28098	9	1	0	936	0	946
28099	4	955	0	7	0	966
28100	956	6	0	3	0	965
28101	7	962	0	2	0	971
28102	3	948	2	0	0	953
28103	2	953	0	3	0	958
28104	963	6	1	1	0	971
28105	7	4	0	960	0	971
28106	2	2	1	961	0	966
28107	2	959	0	10	0	971
28108	947	8	1	3	0	959
28109	7	2	936	1	0	946
28110	3	1	5	944	0	953
28111	941	0	2	10	0	953
28112	6	976	2	3	0	987
28113	1017	7	0	3	0	1027
28114	9	1	2	1037	0	1049
28115	1	1053	3	9	0	1066
28116	3	5	1045	3	0	1056
28117	1052	2	7	2	0	1063
28118	8	2	3	1062	0	1075
28119	1071	2	2	9	0	1084
28120	7	1	1	1074	0	1083
28121	1	1076	2	11	0	1090
28122	2	7	1113	3	0	1125
28123	2	1	1099	4	0	1106
28124	5	3	7	1125	0	1140
28125	1136	1	6	10	0	1153
28126	1142	1	1	7	0	1151
28127	12	1	1	1126	0	1140
28128	3	1	4	1132	0	1140
28129	1161	0	2	11	0	1174
28130	9	2	0	1169	0	1180
28131	1157	2	1	12	0	1172
28132	9	1160	2	3	0	1174
28133	1157	7	2	4	0	1170
28134	8	2	1175	7	0	1192
28135	2	2	8	1178	0	1190
28136	4	3	2	1200	0	1209
28137	4	1	3	1201	0	1209
28138	2	1169	3	11	0	1185
28139	3	1050	3	4	0	1060
28140	3	5	5	1163	0	1176
28141	3	3	1151	8	0	1165
28142	4	2	6	1136	0	1148
28143	5	1	3	1156	0	1165
28144	2	1128	2	26	0	1158
28145	1144	5	3	6	0	1158
28146	6	1126	2	2	0	1136
28147	4	1111	3	2	0	1120
28148	6	6	2	1085	0	1099
28149	1	3	3	1098	0	1105
28150	4	5	3	1090	0	1102
28151	5	1	1	1097	0	1104
28152	1080	2	4	12	0	1098
28153	4	1076	3	5	0	1088
28154	1089	4	1	5	0	1099
28155	1114	2	1	6	0	1123
28156	5	2	1	1116	0	1124
28157	6	1	0	1115	0	1122
28158	1113	5	0	8	0	1126
28159	1121	0	1	6	0	1128
28160	8	0	1	1100	0	1109
28161	6	4	0	1077	0	1087
28162	6	1	1073	5	0	1085
28163	6	1051	2	2	0	1061
28164	4	1095	2	3	0	1104
28165	1068	1	1	7	0	1077
28166	6	2	1075	2	0	1085
28167	2	3	1009	1	0	1015
28168	955	0	1	3	0	959
28169	989	0	1	3	0	993
28170	1	1071	0	1	0	1073
28171	1	1116	1	1	0	1119
28172	4	1	0	1134	0	1139
28173	1179	0	1	5	0	1185
28174	1182	0	1	7	0	1190
28175	1212	0	0	5	0	1217
28176	1	2	0	1208	0	1211
28177	2	0	2	1213	0	1217
28178	1	2	1230	1	0	1234
28179	1	1	1162	2	0	1166
28180	3	1	1207	1	0	1212
28181	3	11	0	1189	0	1203
28182	1172	0	0	4	0	1176
28183	2	1	1208	1	0	1212
28184	3	0	2	1201	0	1206
28185	0	1229	2	3	0	1234
28186	0	2	0	1195	0	1197
28187	0	1	0	1214	0	1215
28188	2	1	1249	5	0	1257
28189	0	0	5	1245	0	1250
28190	1297	0	0	9	0	1306
28191	11	0	1354	0	0	1365
28192	2	0	11	1346	0	1359
28193	0	1	1370	11	0	1382
28194	2	1350	11	4	0	1367
28195	1	10	1371	1	0	1383
28196	3	7	13	1305	0	1328
28197	2	1	3	1391	0	1397
28198	4	1	1415	13	0	1433
28199	3	1	13	1385	0	1402
28200	1	0	4	1380	0	1385
28201	0	1381	2	18	0	1401
28202	0	15	1398	4	0	1417
28203	0	2	16	1395	0	1413
28204	2	1	2	1420	0	1425
28205	0	1416	0	17	0	1433
28206	1	16	2	1430	0	1449
28207	1437	2	0	21	0	1460
28208	18	1	0	1438	0	1457
28209	2	0	1448	17	0	1467
28210	1427	1	15	6	0	1449
28211	1542	0	4	7	0	1553
28212	19	2	1527	3	0	1551
28213	1484	0	15	2	0	1501
28214	17	1509	9	4	0	1539
28215	11	17	1	1558	0	1587
28216	2	6	2	1688	0	1698
28217	6	2	2	1664	0	1674
28218	4	2	1	1728	0	1735
28219	3	1	1	1731	0	1736
28220	1701	0	2	35	0	1738
28221	24	1	1663	10	0	1698
28222	1612	1	21	8	0	1642
28223	26	1	1629	8	0	1664
28224	12	2	20	1622	0	1656
28225	1638	1	11	24	0	1674
28226	29	2	1	1649	0	1681
28227	8	1656	4	27	0	1695
28228	1703	23	3	10	0	1739
28229	34	8	3	1735	0	1780
28230	13	2	1645	26	0	1686
28231	1678	2	18	16	0	1714
28232	26	1792	9	6	0	1833
28233	12	21	1834	3	0	1870
28234	6	8	25	1799	0	1838
28235	4	2	13	1792	0	1811
28236	6	1793	3	35	0	1837
28237	4	24	1809	9	0	1846
28238	3	11	22	1808	0	1844
28239	5	9	1840	31	0	1885
28240	2	7	26	1837	0	1872
28241	1	1	12	1852	0	1866
28242	2	2	1839	43	0	1886
28243	5	4	29	1849	0	1887
28244	11	3	17	1515	0	1546
28245	10	0	8	1968	0	1986
28246	9	1	8	1982	0	2000
28247	1921	3	5	48	0	1977
28248	32	1	1919	19	0	1971
28249	1956	3	28	19	0	2006
28250	30	3	16	1997	0	2046
28251	23	4	3	2021	0	2051
28252	5	3	7	2022	0	2037
28253	9	1983	6	47	0	2045
28254	2001	27	6	28	0	2062
28255	36	12	4	2033	0	2085
28256	12	2040	8	34	0	2094
28257	8	29	6	2071	0	2114
28258	2082	9	5	46	0	2142
28259	2097	7	10	19	0	2133
28260	2095	6	4	17	0	2122
28261	40	2078	2	20	0	2140
28262	14	31	2110	11	0	2166
28263	2110	9	29	17	0	2165
28264	2137	3	11	19	0	2170
28265	39	2151	4	15	0	2209
28266	2136	34	7	9	0	2186
28267	2120	14	5	13	0	2152
28268	2159	6	8	10	0	2183
28269	41	2189	7	12	0	2249
28270	21	27	3	2157	0	2208
28271	2149	16	5	35	0	2205
28272	2198	7	4	22	0	2231
28273	2136	6	6	16	0	2164
28274	2162	4	4	19	0	2189
28275	47	9	5	2112	0	2173
28276	18	6	2105	45	0	2174
28277	17	2	30	2099	0	2148
28278	14	2098	13	38	0	2163
28279	15	35	4	2175	0	2229
28280	13	12	2176	43	0	2244
28281	2174	5	32	27	0	2238
28282	43	9	18	2200	0	2270
28283	2200	3	5	41	0	2249
28284	2209	9	8	23	0	2249
28285	60	3	6	2214	0	2283
28286	25	5	2212	45	0	2287
28287	23	5	2120	21	0	2169
28288	2064	6	42	26	0	2138
28289	43	2118	15	13	0	2189
28290	26	2058	3	11	0	2098
28291	13	2035	8	9	0	2065
28292	17	2089	7	5	0	2118
28293	2038	33	8	12	0	2091
28294	2068	15	3	8	0	2094
28295	2062	4	4	8	0	2078
28296	2064	8	2	7	0	2081
28297	44	10	3	2006	0	2063
28298	20	1985	7	25	0	2037
28299	2001	23	6	11	0	2041
28300	35	10	2006	7	0	2058
28301	23	1991	20	8	0	2042
28302	15	20	1997	6	0	2038
28303	1979	14	21	9	0	2023
28304	2015	9	12	11	0	2047
28305	2023	7	5	8	0	2043
28306	39	1	6	2000	0	2046
28307	27	7	1996	21	0	2051
28308	14	1989	22	16	0	2041
28309	1946	21	7	9	0	1983
28310	30	1936	4	6	0	1976
28311	16	1860	3	4	0	1883
28312	11	1868	5	6	0	1890
28313	9	1877	6	7	0	1899
28314	12	27	1817	3	0	1859
28315	12	1803	20	6	0	1841
28316	1662	18	8	6	0	1694
28317	23	9	1	1663	0	1696
28318	12	5	3	1669	0	1689
28319	1654	4	5	22	0	1685
28320	18	1636	7	9	0	1670
28321	9	20	1691	4	0	1724
28322	12	6	17	1673	0	1708
28323	9	5	6	1710	0	1730
28324	12	3	0	1716	0	1731
28325	6	4	1695	20	0	1725
28326	6	8	1673	9	0	1696
28327	8	4	16	1670	0	1698
28328	7	6	1652	16	0	1681
28329	7	2	1578	8	0	1595
28330	1482	3	18	8	0	1511
28331	16	1578	4	6	0	1604
28332	11	1509	5	6	0	1531
28333	6	1544	6	5	0	1561
28334	13	18	4	1512	0	1547
28335	8	1588	4	13	0	1613
28336	1631	16	5	10	0	1662
28337	18	8	1673	5	0	1704
28338	1703	6	13	5	0	1727
28339	20	8	7	1700	0	1735
28340	14	3	3	1743	0	1763
28341	10	1791	3	24	0	1828
28342	1794	16	3	14	0	1827
28343	1813	7	6	9	0	1835
28344	21	1945	7	5	0	1978
28345	9	22	2	1879	0	1912
28346	6	10	1897	19	0	1932
28347	6	3	1874	12	0	1895
28348	4	1931	26	3	0	1964
28349	1978	24	12	6	0	2020
28350	24	10	1999	5	0	2038
28351	19	3	20	1989	0	2031
28352	2014	8	6	22	0	2050
28353	2039	4	4	13	0	2060
28354	32	2321	11	2	0	2366
28355	8	2408	12	8	0	2436
28356	2436	36	9	5	0	2486
28357	34	17	2433	2	0	2486
28358	2426	6	29	4	0	2465
28359	2449	11	12	6	0	2478
28360	49	11	2	2437	0	2499
28361	22	6	2498	27	0	2553
28362	14	6	2448	12	0	2480
28363	2410	5	40	7	0	2462
28364	41	4	2451	6	0	2502
28365	2366	1	35	9	0	2411
28366	2410	3	17	5	0	2435
28367	44	2392	7	4	0	2447
28368	17	26	2396	4	0	2443
28369	10	2359	31	4	0	2404
28370	2314	32	16	2	0	2364
28371	32	15	2299	4	0	2350
28372	23	7	31	2212	0	2273
28373	11	6	2258	28	0	2303
28374	13	4	2272	10	0	2299
28375	10	5	2258	5	0	2278
28376	7	6	2268	4	0	2285
28377	7	2222	45	8	0	2282
28378	10	29	2190	2	0	2231
28379	9	2163	38	3	0	2213
28380	8	27	2144	2	0	2181
28381	2121	11	29	8	0	2169
28382	31	10	18	2022	0	2081
28383	18	2147	10	17	0	2192
28384	2134	24	12	10	0	2180
28385	2117	16	7	10	0	2150
28386	2028	9	11	6	0	2054
28387	2091	9	10	7	0	2117
28388	36	2098	14	4	0	2152
28389	2037	22	13	7	0	2079
28390	2103	15	7	7	0	2132
28391	40	2050	10	10	0	2110
28392	25	33	1942	3	0	2003
28393	17	17	26	1948	0	2008
28394	17	2036	21	22	0	2096
28395	24	28	2057	8	0	2117
28396	15	19	2094	5	0	2133
28397	11	2051	38	9	0	2109
28398	15	2068	30	6	0	2119
28399	13	2153	17	10	0	2193
28400	15	2140	22	5	0	2182
28401	2178	36	16	6	0	2236
28402	2183	24	15	7	0	2229
28403	43	23	2206	4	0	2276
28404	26	13	2238	3	0	2280
28405	22	14	44	2214	0	2294
28406	23	11	25	2266	0	2325
28407	31	17	14	2281	0	2343
28408	2270	10	18	38	0	2336
28409	32	2255	22	21	0	2330
28410	28	2301	16	13	0	2358
28411	25	2350	18	9	0	2402
28412	2325	43	22	14	0	2404
28413	2345	30	19	5	0	2399
28414	66	15	8	2300	0	2389
28415	2380	20	12	31	0	2443
28416	2388	17	19	14	0	2438
28417	65	20	15	2357	0	2457
28418	2384	16	15	35	0	2450
28419	56	2369	21	16	0	2462
28420	39	39	29	2346	0	2453
28421	36	25	2330	32	0	2423
28422	25	2315	50	22	0	2412
28423	25	43	2365	20	0	2453
28424	28	25	45	2262	0	2360
28425	22	2359	31	37	0	2449
28426	27	42	31	2353	0	2453
28427	24	31	32	2365	0	2452
28428	29	18	2364	39	0	2450
28429	29	15	2468	20	0	2532
28430	29	19	55	2436	0	2539
28431	25	22	36	2372	0	2455
28432	24	2462	29	49	0	2564
28433	2382	44	20	26	0	2472
28434	45	2390	29	16	0	2480
28435	33	2405	24	20	0	2482
28436	18	60	2322	13	0	2413
28437	24	2283	45	16	0	2368
28438	23	45	35	2139	0	2242
28439	19	2261	28	35	0	2343
28440	18	47	21	2159	0	2245
28441	21	2189	20	34	0	2264
28442	2168	46	15	22	0	2251
28443	36	2180	22	15	0	2253
28444	27	44	9	1940	0	2020
28445	21	2024	14	28	0	2087
28446	2019	38	10	17	0	2084
28447	2030	26	10	15	0	2081
28448	52	2005	6	3	0	2066
28449	1906	34	5	8	0	1953
28450	42	54	9	1819	0	1924
28451	23	18	1846	28	0	1915
28452	25	14	1843	16	0	1898
28453	14	1864	39	16	0	1933
28454	1486	17	25	6	0	1534
28455	1453	8	4	4	0	1469
28456	21	4	1438	8	0	1471
28457	6	4	1429	6	0	1445
28458	1404	7	21	3	0	1435
28459	1433	7	4	3	0	1447
28460	19	4	1396	6	0	1425
28461	1314	6	14	2	0	1336
28462	18	1321	6	2	0	1347
28463	8	1397	4	4	0	1413
28464	7	22	1	1379	0	1409
28465	6	6	5	1405	0	1422
28466	1402	6	7	20	0	1435
28467	1416	5	5	8	0	1434
28468	1396	8	2	6	0	1412
28469	19	6	4	1390	0	1419
28470	8	8	3	1387	0	1406
28471	6	1352	4	19	0	1381
28472	6	1351	3	7	0	1367
28473	8	1392	4	6	0	1410
28474	10	22	4	1331	0	1367
28475	10	1375	2	13	0	1400
28476	6	16	1324	7	0	1353
28477	1264	9	13	3	0	1289
28478	15	8	1336	6	0	1365
28479	10	5	1330	8	0	1353
28480	1323	4	15	4	0	1346
28481	14	1352	7	6	0	1379
28482	1365	13	7	4	0	1389
28483	1362	6	2	5	0	1375
28484	21	5	1335	7	0	1368
28485	10	5	1380	4	0	1399
28486	5	1403	18	7	0	1433
28487	8	21	1440	3	0	1472
28488	8	10	17	1453	0	1488
28489	6	16	8	1226	0	1256
28490	7	1446	7	20	0	1480
28491	7	1481	5	7	0	1500
28492	1483	23	5	5	0	1516
28493	1501	13	4	3	0	1521
28494	20	12	4	1494	0	1530
28495	15	7	6	1498	0	1526
28496	1452	9	3	23	0	1487
28497	1457	7	3	8	0	1475
28498	24	1463	5	6	0	1498
28499	1379	22	1	3	0	1405
28500	16	1338	5	4	0	1363
28501	10	1371	4	3	0	1388
28502	1372	21	3	7	0	1403
28503	1349	11	0	8	0	1368
28504	20	10	2	1330	0	1362
28505	1311	4	1	15	0	1331
28506	24	5	1299	5	0	1333
28507	16	1300	15	3	0	1334
28508	1300	17	5	7	0	1329
28509	16	7	1320	8	0	1351
28510	13	4	15	1266	0	1298
28511	7	1267	9	12	0	1295
28512	7	1300	8	3	0	1318
28513	1293	16	6	4	0	1319
28514	22	2	1267	1	0	1292
28515	1205	2	17	5	0	1229
28516	18	4	8	1216	0	1246
28517	11	4	1211	11	0	1237
28518	1221	4	14	5	0	1244
28519	17	1266	5	3	0	1291
28520	6	1300	5	5	0	1316
28521	1314	16	2	3	0	1335
28522	1314	9	5	3	0	1331
28523	1343	4	4	5	0	1356
28524	18	5	3	1332	0	1358
28525	5	4	2	1347	0	1358
28526	11	3	1318	13	0	1345
28527	10	5	1269	3	0	1287
28528	8	1322	10	4	0	1344
28529	6	9	2	1233	0	1250
28530	1223	2	1	10	0	1236
28531	10	1237	3	2	0	1252
28532	1	9	3	1235	0	1248
28533	1240	3	1	11	0	1255
28534	8	1229	1	2	0	1240
28535	2	1275	2	1	0	1280
28536	5	8	1251	0	0	1264
28537	1225	1	9	4	0	1239
28538	1255	3	1	5	0	1264
28539	9	2	1229	3	0	1243
28540	1167	0	7	3	0	1177
28541	10	2	1207	1	0	1220
28542	1	1195	7	3	0	1206
28543	4	8	0	1175	0	1187
28544	1170	2	2	8	0	1182
28545	7	1150	1	1	0	1159
28546	2	1153	0	1	0	1156
28547	1116	4	2	2	0	1124
28548	5	0	1184	2	0	1191
28549	1152	2	4	3	0	1161
28550	5	1212	0	2	0	1219
28551	2	5	1192	0	0	1199
28552	1166	1	5	1	0	1173
28553	1214	1	0	1	0	1216
28554	4	1	1	1208	0	1214
28555	1	0	1	1218	0	1220
28556	3	1220	0	4	0	1227
28557	1	4	1217	0	0	1222
28558	2	2	4	1244	0	1252
28559	2	0	1271	4	0	1277
28560	1	2	1273	0	0	1276
28561	3	1	4	1344	0	1352
28562	2	1	1363	6	0	1372
28563	1	0	1339	2	0	1342
28564	2	1	8	1333	0	1344
28565	2	0	1338	5	0	1345
28566	1275	1	10	3	0	1289
28567	6	1312	2	2	0	1322
28568	5	5	1354	0	0	1364
28569	1	3	1432	0	0	1436
28570	2	2	7	1404	0	1415
28571	1475	1	3	10	0	1489
28572	1483	2	4	5	0	1494
28573	1483	1	1	4	0	1489
28574	1491	1	3	1	0	1496
28575	11	0	3	1469	0	1483
28576	8	1	1498	8	0	1515
28577	1501	1	9	4	0	1515
28578	1529	0	5	3	0	1537
28579	1531	0	4	3	0	1538
28580	10	3	1501	1	0	1515
28581	1467	1	7	2	0	1477
28582	10	3	3	1535	0	1551
28583	4	1551	6	8	0	1569
28584	8	11	2	1516	0	1537
28585	1	1531	2	9	0	1543
28586	1549	8	5	5	0	1567
28587	10	2	1540	2	0	1554
28588	7	4	8	1483	0	1502
28589	7	1503	4	5	0	1519
28590	1	1531	6	7	0	1545
28591	1532	9	1	1	0	1543
28592	1515	9	3	4	0	1531
28593	12	7	1489	2	0	1510
28594	1505	0	10	3	0	1518
28595	16	1	7	1498	0	1522
28596	10	2	1537	8	0	1557
28597	5	2	1515	7	0	1529
28598	6	2	11	1608	0	1627
28599	1670	2	12	12	0	1696
28600	14	3	4	1684	0	1705
28601	11	0	1	1674	0	1686
28602	9	0	5	1682	0	1696
28603	5	1700	2	19	0	1726
28604	5	13	3	1720	0	1741
28605	1693	4	3	16	0	1716
28606	12	1700	4	8	0	1724
28607	9	11	6	1725	0	1751
28608	1719	5	7	15	0	1746
28609	17	1677	3	10	0	1707
28610	11	1691	3	5	0	1710
28611	7	16	6	1693	0	1722
28612	1663	7	4	21	0	1695
28613	16	4	1660	8	0	1688
28614	9	5	1632	6	0	1652
28615	1675	1	22	9	0	1707
28616	1743	3	11	5	0	1762
28617	28	1769	6	7	0	1810
28618	15	18	3	1720	0	1756
28619	6	8	1728	21	0	1763
28620	10	6	1681	6	0	1703
28621	6	4	1809	7	0	1826
28622	8	1775	24	5	0	1812
28623	7	1780	12	2	0	1801
28624	1776	25	9	7	0	1817
28625	26	11	1773	2	0	1812
28626	1734	5	19	6	0	1764
28627	1784	4	9	4	0	1801
28628	35	3	1783	1	0	1822
28629	12	1838	22	5	0	1877
28630	15	21	9	1784	0	1829
28631	7	8	1847	22	0	1884
28632	4	7	1782	10	0	1803
28633	1799	6	24	6	0	1835
28634	19	1831	13	4	0	1867
28635	16	19	7	1773	0	1815
28636	10	8	5	1789	0	1812
28637	5	1787	4	28	0	1824
28638	2	1800	4	13	0	1819
28639	8	1856	5	5	0	1874
28640	9	30	3	1878	0	1920
28641	1909	12	5	28	0	1954
28642	32	8	4	1931	0	1975
28643	11	6	1943	37	0	1997
28644	9	4	1936	12	0	1961
28645	11	6	38	1941	0	1996
28646	5	8	1955	37	0	2005
28647	8	1942	35	24	0	2009
28648	7	37	13	2032	0	2089
28649	2117	18	6	48	0	2189
28650	2137	5	9	17	0	2168
28651	51	2127	10	11	0	2199
28652	2134	45	7	15	0	2201
28653	2184	17	4	8	0	2213
28654	2183	16	3	10	0	2212
28655	62	5	1933	10	0	2010
28656	2063	3	38	9	0	2113
28657	55	2065	8	7	0	2135
28658	28	41	2028	5	0	2102
28659	13	15	2059	7	0	2094
28660	14	2033	53	3	0	2103
28661	1996	41	20	7	0	2064
28662	47	11	9	1959	0	2026
28663	15	1935	6	39	0	1995
28664	1971	44	9	13	0	2037
28665	53	14	7	1997	0	2071
28666	2021	7	6	53	0	2087
28667	55	9	6	2030	0	2100
28668	14	10	1998	53	0	2075
28669	17	10	1932	19	0	1978
28670	10	8	1975	12	0	2005
28671	6	9	60	1917	0	1992
28672	11	6	16	1988	0	2021
28673	9	4	1947	57	0	2017
28674	12	1939	54	19	0	2024
28675	1975	48	18	19	0	2060
28676	1987	13	14	14	0	2028
28677	60	1969	16	8	0	2053
28678	28	53	10	2001	0	2092
28679	25	15	2039	46	0	2125
28680	2008	12	48	23	0	2091
28681	62	13	2041	10	0	2126
28682	21	9	1916	11	0	1957
28683	14	9	2011	7	0	2041
28684	1934	9	70	7	0	2020
28685	58	10	1962	11	0	2041
28686	23	1863	59	10	0	1955
28687	13	1969	25	9	0	2016
28688	16	58	17	1907	0	1998
28689	20	17	14	1943	0	1994
28690	10	12	1919	63	0	2004
28691	1884	12	54	22	0	1972
28692	1962	8	24	19	0	2013
28693	65	10	12	1935	0	2022
28694	1927	6	12	54	0	1999
28695	55	1919	11	24	0	2009
28696	1905	45	10	17	0	1977
28697	55	1858	6	17	0	1936
28698	27	1859	9	12	0	1907
28699	1788	55	13	12	0	1868
28700	1798	18	8	9	0	1833
28701	1828	13	11	6	0	1858
28702	1846	11	8	12	0	1877
28703	63	12	1721	7	0	1803
28704	1736	9	47	7	0	1799
28705	63	8	19	1697	0	1787
28706	28	1717	11	45	0	1801
28707	1726	46	13	17	0	1802
28708	59	1715	10	10	0	1794
28709	1733	40	9	13	0	1795
28710	62	17	13	1713	0	1805
28711	32	13	9	1757	0	1811
28712	18	19	1678	53	0	1768
28713	19	7	1721	31	0	1778
28714	15	1731	44	17	0	1807
28715	1683	38	23	10	0	1754
28716	51	1647	10	9	0	1717
28717	27	1621	15	10	0	1673
28718	25	1686	7	16	0	1734
28719	24	50	1621	13	0	1708
28720	13	1652	38	8	0	1711
28721	1508	50	21	7	0	1586
28722	1533	25	10	5	0	1573
28723	52	18	12	1478	0	1560
28724	34	1447	7	38	0	1526
28725	17	1501	11	19	0	1548
28726	26	52	5	1474	0	1557
28727	25	17	1479	39	0	1560
28728	14	1444	45	20	0	1523
28729	30	45	15	1418	0	1508
28730	1403	18	7	46	0	1474
28731	1428	14	10	24	0	1476
28732	50	1424	11	11	0	1496
28733	1421	49	11	10	0	1491
28734	1455	21	7	10	0	1493
28735	57	12	8	1412	0	1489
28736	30	15	1390	39	0	1474
28737	19	1414	37	19	0	1489
28738	21	47	22	1403	0	1493
28739	18	20	1395	32	0	1465
28740	11	1364	30	18	0	1423
28741	1312	30	16	18	0	1376
28742	1327	22	11	4	0	1364
28743	41	14	5	1285	0	1345
28744	19	1278	8	26	0	1331
28745	16	28	1276	11	0	1331
28746	19	17	24	1261	0	1321
28747	14	6	1298	27	0	1345
28748	9	1161	25	13	0	1208
28749	30	16	7	1043	0	1096
28750	1043	8	5	15	0	1071
28751	20	1035	4	10	0	1069
28752	1018	20	3	6	0	1047
28753	1019	12	3	7	0	1041
28754	27	1022	5	4	0	1058
28755	15	13	4	1034	0	1066
28756	9	13	4	1036	0	1062
28757	9	1006	3	18	0	1036
28758	5	1024	1	14	0	1044
28759	6	22	6	971	0	1005
28760	3	992	1	8	0	1004
28761	997	14	4	9	0	1024
28762	1002	13	1	4	0	1020
28763	19	6	992	6	0	1023
28764	12	4	969	4	0	989
28765	960	1	19	3	0	983
28766	978	3	8	5	0	994
28767	16	1025	4	3	0	1048
28768	1016	11	1	3	0	1031
28769	1012	8	0	8	0	1028
28770	20	993	1	0	0	1014
28771	1017	17	0	1	0	1035
28772	19	5	1	1142	0	1167
28773	10	4	1	1182	0	1197
28774	5	7	1215	23	0	1250
28775	3	1165	17	8	0	1193
28776	4	1219	7	5	0	1235
28777	1192	30	11	11	0	1244
28778	1168	5	2	1	0	1176
28779	1128	1	1	8	0	1138
28780	1169	0	1	5	0	1175
28781	21	1	1113	1	0	1136
28782	5	7	1145	2	0	1159
28783	3	1179	15	5	0	1202
28784	7	14	3	1176	0	1200
28785	5	4	3	1179	0	1191
28786	5	1204	2	15	0	1226
28787	4	16	1	1171	0	1192
28788	1157	2	6	20	0	1185
28789	17	1168	5	3	0	1193
28790	4	19	1177	2	0	1202
28791	5	1204	12	6	0	1227
28792	1186	14	5	4	0	1209
28793	17	9	1178	7	0	1211
28794	1165	1	16	5	0	1187
28795	1203	4	4	2	0	1213
28796	17	5	1179	3	0	1204
28797	4	5	1161	1	0	1171
28798	3	7	1141	4	0	1155
28799	1109	0	18	4	0	1131
28800	16	4	1153	1	0	1174
28801	11	1129	14	6	0	1160
28802	1131	14	7	6	0	1158
28803	19	4	1121	2	0	1146
28804	1069	3	22	0	0	1094
28805	20	4	1110	1	0	1135
28806	14	4	1135	0	0	1153
28807	3	1155	29	1	0	1188
28808	6	18	1158	0	0	1182
28809	11	3	1135	0	0	1149
28810	6	977	24	3	0	1010
28811	1112	18	8	3	0	1141
28812	16	5	1125	1	0	1147
28813	11	2	21	1066	0	1100
28814	4	1121	9	13	0	1147
28815	1130	19	8	9	0	1166
28816	1126	6	9	5	0	1146
28817	18	14	1101	3	0	1136
28818	13	1078	20	2	0	1113
28819	3	1126	13	3	0	1145
28820	10	23	6	1092	0	1131
28821	9	1024	6	16	0	1055
28822	14	20	6	988	0	1028
28823	9	6	7	1134	0	1156
28824	4	1135	12	21	0	1172
28825	11	26	4	1124	0	1165
28826	7	1130	8	18	0	1163
28827	10	20	1126	11	0	1167
28828	10	13	21	1110	0	1154
28829	10	6	7	1113	0	1136
28830	8	1094	4	24	0	1130
28831	8	1135	6	6	0	1155
28832	5	24	7	1089	0	1125
28833	3	1106	6	19	0	1134
28834	1090	22	8	14	0	1134
28835	22	11	6	1102	0	1141
28836	4	1110	8	26	0	1148
28837	1068	25	4	8	0	1105
28838	19	1071	6	6	0	1102
28839	9	18	1061	13	0	1101
28840	5	17	21	1060	0	1103
28841	1074	7	9	20	0	1110
28842	23	9	1081	9	0	1122
28843	15	6	21	1063	0	1105
28844	11	1088	11	15	0	1125
28845	9	22	1076	5	0	1112
28846	9	1103	24	5	0	1141
28847	1029	22	14	6	0	1071
28848	1070	9	10	3	0	1092
28849	20	1057	15	5	0	1097
28850	1046	24	8	10	0	1088
28851	23	12	1037	4	0	1076
28852	6	11	28	1019	0	1064
28853	8	12	12	1006	0	1038
28854	11	1016	9	31	0	1067
28855	1097	20	13	8	0	1138
28856	1133	10	11	5	0	1159
28857	24	11	1133	3	0	1171
28858	1147	8	19	8	0	1182
28859	1161	11	10	9	0	1191
28860	1171	8	11	6	0	1196
28861	25	12	7	1136	0	1180
28862	17	6	7	1130	0	1160
28863	11	1129	6	20	0	1166
28864	1103	22	7	3	0	1135
28865	1119	7	6	4	0	1136
28866	20	1086	7	8	0	1121
28867	12	23	5	1033	0	1073
28868	6	1043	6	24	0	1079
28869	8	1074	4	9	0	1095
28870	1042	23	8	7	0	1080
28871	18	6	1023	10	0	1057
28872	4	6	872	1	0	883
28873	4	873	6	0	0	883
28874	810	5	6	2	0	823
28875	3	4	799	2	0	808
28876	2	733	5	4	0	744
28877	730	3	0	1	0	734
28878	2	1	731	0	0	734
28879	2	0	1	726	0	729
28880	770	0	2	1	0	773
28881	3	0	776	1	0	780
28882	1	1	815	0	0	817
28883	2	0	823	0	0	825
28884	0	0	826	1	0	827
28885	807	1	8	1	0	817
28886	854	0	1	2	0	857
28887	5	862	1	0	0	868
28888	3	7	0	895	0	905
28889	2	1	0	912	0	915
28890	0	887	0	11	0	898
28891	2	12	0	904	0	918
28892	0	936	1	12	0	949
28893	0	946	0	6	0	952
28894	2	14	0	933	0	949
28895	0	7	945	13	0	965
28896	0	951	9	4	0	964
28897	2	11	3	962	0	978
28898	972	4	4	13	0	993
28899	12	4	977	4	0	997
28900	944	4	12	3	0	963
28901	1014	1	3	3	0	1021
28902	16	0	5	1028	0	1049
28903	7	2	1056	12	0	1077
28904	5	1	1055	5	0	1066
28905	6	1107	16	4	0	1133
28906	2	15	9	1080	0	1106
28907	1	5	1092	12	0	1110
28908	2	5	1097	5	0	1109
28909	0	1129	20	5	0	1154
28910	1138	15	9	2	0	1164
28911	1155	5	7	3	0	1170
28912	19	6	2	1232	0	1259
28913	10	2	1242	18	0	1272
28914	8	2	1234	8	0	1252
28915	4	1310	27	5	0	1346
28916	2	16	1334	2	0	1354
28917	1	8	1340	2	0	1351
28918	1	13	27	1273	0	1314
28919	1	2	1345	19	0	1367
28920	1302	2	28	10	0	1342
28921	21	2	11	1345	0	1379
28922	9	1	1380	23	0	1413
28923	7	1385	24	10	0	1426
28924	3	19	13	1399	0	1434
28925	3	10	1427	22	0	1462
28926	2	1475	26	9	0	1512
28927	3	26	12	1442	0	1483
28928	1	1498	12	23	0	1534
28929	4	29	12	1507	0	1552
28930	4	14	3	1514	0	1535
28931	2	10	1486	34	0	1532
28932	3	1495	28	15	0	1541
28933	2	26	11	1505	0	1544
28934	2	8	13	1522	0	1545
28935	5	12	6	1533	0	1556
28936	3	3	1489	42	0	1537
28937	1	1498	28	18	0	1545
28938	1	26	12	1508	0	1547
28939	1	8	1499	29	0	1537
28940	2	1495	28	10	0	1535
28941	2	29	13	1502	0	1546
28942	1	11	1485	30	0	1527
28943	2	1482	30	14	0	1528
28944	0	34	11	1478	0	1523
28945	2	10	9	1515	0	1536
28946	1	13	1522	34	0	1570
28947	1443	7	26	27	0	1503
28948	22	1536	15	12	0	1585
28949	1537	27	10	11	0	1585
28950	28	13	1546	11	0	1598
28951	1548	8	29	8	0	1593
28952	31	8	11	1556	0	1606
28953	11	5	6	1594	0	1616
28954	9	1	1553	35	0	1598
28955	1440	7	23	18	0	1488
28956	1474	3	12	14	0	1503
28957	30	1435	12	9	0	1486
28958	16	1480	9	7	0	1512
28959	1478	31	5	10	0	1524
28960	27	20	1460	7	0	1514
28961	14	1512	23	7	0	1556
28962	13	26	17	1551	0	1607
28963	10	16	8	1581	0	1615
28964	6	9	1559	41	0	1615
28965	1538	2	29	21	0	1590
28966	27	8	1616	12	0	1663
28967	1611	5	31	11	0	1658
28968	35	6	1678	10	0	1729
28969	15	1686	35	8	0	1744
28970	1706	28	20	8	0	1762
28971	1731	11	13	8	0	1763
28972	1709	10	11	10	0	1740
28973	1726	7	9	7	0	1749
28974	49	6	8	1698	0	1761
28975	27	4	1701	32	0	1764
28976	24	5	31	1654	0	1714
28977	15	1695	11	36	0	1757
28978	7	29	13	1718	0	1767
28979	11	12	1698	36	0	1757
28980	9	7	1671	17	0	1704
28981	8	9	37	1623	0	1677
28982	1596	6	21	34	0	1657
28983	1566	6	12	19	0	1603
28984	1589	4	11	12	0	1616
28985	43	4	1558	6	0	1611
28986	26	3	1557	13	0	1599
28987	17	1531	33	8	0	1589
28988	11	1556	22	10	0	1599
28989	1523	27	23	8	0	1581
28990	1530	10	9	7	0	1556
28991	29	1545	10	7	0	1591
28992	1519	20	6	8	0	1553
28993	1526	10	5	9	0	1550
28994	31	1529	6	11	0	1577
28995	1547	17	11	3	0	1578
28996	1520	12	3	8	0	1543
28997	28	1534	6	7	0	1575
28998	1533	19	8	6	0	1566
28999	1544	9	9	8	0	1570
29000	29	8	1540	7	0	1584
29001	20	5	1517	11	0	1553
29002	17	1481	21	4	0	1523
29003	11	1524	10	4	0	1549
29004	1506	19	9	4	0	1538
29005	1460	6	8	4	0	1478
29006	1433	10	5	1	0	1449
29007	29	1443	2	2	0	1476
29008	16	18	4	1422	0	1460
29009	11	8	1442	14	0	1475
29010	11	21	17	1380	0	1429
29011	8	1443	5	14	0	1470
29012	1380	15	0	2	0	1397
29013	19	1388	2	4	0	1413
29014	7	16	4	1370	0	1397
29015	1412	4	2	11	0	1429
29016	1412	5	1	6	0	1424
29017	19	9	1400	2	0	1430
29018	1415	2	13	5	0	1435
29019	1487	4	4	4	0	1499
29020	1500	2	7	3	0	1512
29021	18	6	4	1444	0	1472
29022	8	1448	3	15	0	1474
29023	11	20	4	1451	0	1486
29024	11	3	1498	15	0	1527
29025	9	1495	22	4	0	1530
29026	9	18	8	1443	0	1478
29027	4	9	1456	17	0	1486
29028	6	1443	16	6	0	1471
29029	6	14	7	1408	0	1435
29030	5	6	1430	16	0	1457
29031	1337	7	14	9	0	1367
29032	21	5	1462	3	0	1491
29033	6	6	1471	5	0	1488
29034	4	1506	19	5	0	1534
29035	10	18	4	1507	0	1539
29036	12	7	2	1469	0	1490
29037	7	1479	3	17	0	1506
29038	10	13	4	1518	0	1545
29039	1549	6	2	19	0	1576
29040	1568	3	1	9	0	1581
29041	25	4	1458	5	0	1492
29042	1576	4	12	3	0	1595
29043	1600	2	7	5	0	1614
29044	22	2	1593	4	0	1621
29045	6	1585	18	2	0	1611
29046	3	1590	6	5	0	1604
29047	6	22	4	1479	0	1511
29048	6	1574	2	15	0	1597
29049	6	19	1425	7	0	1457
29050	5	9	1534	2	0	1550
29051	6	1565	18	2	0	1591
29052	1551	18	8	5	0	1582
29053	1597	8	5	5	0	1615
29054	1608	3	5	4	0	1620
29055	1611	5	3	6	0	1625
29056	1528	9	0	7	0	1544
29057	23	1576	1	4	0	1604
29058	12	16	1551	4	0	1583
29059	11	4	15	1553	0	1583
29060	1545	3	9	17	0	1574
29061	22	1503	3	6	0	1534
29062	15	21	7	1461	0	1504
29063	9	6	1473	18	0	1506
29064	3	1427	17	8	0	1455
29065	5	1470	4	3	0	1482
29066	1379	25	7	8	0	1419
29067	15	1363	7	1	0	1386
29068	7	14	1	1323	0	1345
29069	1312	5	1	14	0	1332
29070	1304	1	0	5	0	1310
29071	1314	1	1	2	0	1318
29072	21	1	1286	0	0	1308
29073	8	1295	15	0	0	1318
29074	1303	16	4	2	0	1325
29075	16	7	1	1301	0	1325
29076	1330	4	1	17	0	1352
29077	20	1327	3	5	0	1355
29078	1414	21	1	4	0	1440
29079	1519	4	0	6	0	1529
29080	30	3	3	1490	0	1526
29081	11	4	1533	23	0	1571
29082	5	3	26	1555	0	1589
29083	1553	2	6	28	0	1589
29084	1568	2	3	10	0	1583
29085	34	1550	6	3	0	1593
29086	1509	24	3	6	0	1542
29087	29	1516	0	7	0	1552
29088	1527	26	4	7	0	1564
29089	1495	8	2	9	0	1514
29090	32	7	1506	4	0	1549
29091	11	1488	26	6	0	1531
29092	7	29	10	1518	0	1564
29093	7	11	6	1544	0	1568
29094	3	8	5	1503	0	1519
29095	5	1521	4	32	0	1562
29096	6	27	1526	13	0	1572
29097	3	8	1546	7	0	1564
29098	3	1837	34	6	0	1880
29099	1837	38	12	7	0	1894
29100	39	10	1837	4	0	1890
29101	1774	6	40	3	0	1823
29102	43	1792	13	2	0	1850
29103	12	41	1787	5	0	1845
29104	9	11	40	1785	0	1845
29105	5	11	1812	41	0	1869
29106	7	7	1860	10	0	1884
29107	12	2	45	1748	0	1807
29108	10	1801	15	32	0	1858
29109	5	1875	11	8	0	1899
29110	1841	43	11	7	0	1902
29111	44	14	1834	6	0	1898
29112	1823	13	40	2	0	1878
29113	1846	8	12	3	0	1869
29114	47	1823	9	4	0	1883
29115	1748	42	7	0	0	1797
29116	1781	10	3	2	0	1796
29117	1717	6	3	5	0	1731
29118	46	1668	6	1	0	1721
29119	13	1568	4	2	0	1587
29120	13	1641	5	1	0	1660
29121	1620	45	10	4	0	1679
29122	1642	9	5	6	0	1662
29123	37	8	1573	2	0	1620
29124	14	4	1571	2	0	1591
29125	1579	2	32	2	0	1615
29126	1607	4	8	5	0	1624
29127	1624	2	8	6	0	1640
29128	37	3	3	1586	0	1629
29129	17	3	0	1614	0	1634
29130	14	2	2	1619	0	1637
29131	12	4	0	1624	0	1640
29132	9	5	1514	35	0	1563
29133	7	2	1537	13	0	1559
29134	8	3	1527	8	0	1546
29135	9	3	1513	5	0	1530
29136	1496	2	38	7	0	1543
29137	33	1520	13	2	0	1568
29138	11	1573	6	5	0	1595
29139	1561	34	6	3	0	1604
29140	30	12	1531	5	0	1578
29141	9	11	1504	7	0	1531
29142	1497	4	38	7	0	1546
29143	1549	1	19	11	0	1580
29144	39	1519	12	4	0	1574
29145	19	29	9	1525	0	1582
29146	1553	10	4	30	0	1597
29147	1579	12	9	10	0	1610
29148	41	9	4	1569	0	1623
29149	22	1612	4	33	0	1671
29150	1621	32	5	8	0	1666
29151	37	14	1591	7	0	1649
29152	1570	13	33	10	0	1626
29153	40	1599	13	9	0	1661
29154	1619	32	9	10	0	1670
29155	1606	8	9	12	0	1635
29156	39	13	1622	5	0	1679
29157	21	9	1598	3	0	1631
29158	1628	6	39	6	0	1679
29159	1661	8	15	4	0	1688
29160	41	1659	11	2	0	1713
29161	24	31	7	1699	0	1761
29162	19	9	1696	29	0	1753
29163	1676	10	34	7	0	1727
29164	36	8	13	1705	0	1762
29165	18	5	12	1734	0	1769
29166	1722	2	12	40	0	1776
29167	33	1786	7	20	0	1846
29168	1803	31	8	14	0	1856
29169	1822	10	8	9	0	1849
29170	1830	12	6	11	0	1859
29171	50	1799	9	10	0	1868
29172	1827	30	8	6	0	1871
29173	46	8	3	1815	0	1872
29174	19	13	5	1811	0	1848
29175	24	9	1790	39	0	1862
29176	21	4	1759	12	0	1796
29177	12	1760	37	8	0	1817
29178	13	1751	13	6	0	1783
29179	9	31	1671	1	0	1712
29180	9	1677	27	4	0	1717
29181	1693	37	13	6	0	1749
29182	1721	8	4	2	0	1735
29183	1720	6	3	3	0	1732
29184	35	2	4	1652	0	1693
29185	16	5	3	1699	0	1723
29186	10	5	1714	32	0	1761
29187	8	1695	28	12	0	1743
29188	1716	29	6	6	0	1757
29189	31	1709	7	3	0	1750
29190	1716	31	5	3	0	1755
29191	1735	7	1	4	0	1747
29192	34	8	1	1677	0	1720
29193	17	3	4	1682	0	1706
29194	13	1	2	1710	0	1726
29195	8	3	1642	35	0	1688
29196	7	1593	26	14	0	1640
29197	6	1611	8	7	0	1632
29198	4	1300	2	2	0	1308
29199	2	1290	4	1	0	1297
29200	5	1299	0	2	0	1306
29201	1242	13	1	4	0	1260
29202	11	7	1270	3	0	1291
29203	9	1262	12	1	0	1284
29204	2	13	1228	1	0	1244
29205	3	1283	11	0	0	1297
29206	6	23	5	912	0	946
29207	4	5	2	1224	0	1235
29208	2	1240	1	12	0	1255
29209	1225	10	2	6	0	1243
29210	13	6	1211	2	0	1232
29211	9	1208	10	2	0	1229
29212	3	12	1196	3	0	1214
29213	3	7	11	1198	0	1219
29214	4	0	6	1145	0	1155
29215	2	1206	1	12	0	1221
29216	4	13	3	1215	0	1235
29217	6	7	1	1226	0	1240
29218	4	1229	1	16	0	1250
29219	5	17	1208	4	0	1234
29220	6	6	1206	2	0	1220
29221	1160	1	17	5	0	1183
29222	1243	4	4	4	0	1255
29223	16	2	4	1194	0	1216
29224	5	4	1181	14	0	1204
29225	4	4	11	1158	0	1177
29226	1	1210	6	14	0	1231
29227	4	12	1194	4	0	1214
29228	4	1183	9	1	0	1197
29229	3	11	1179	3	0	1196
29230	2	1198	13	2	0	1215
29231	1189	13	6	4	0	1212
29232	14	5	5	1180	0	1204
29233	7	4	0	1171	0	1182
29234	3	2	1179	14	0	1198
29235	2	2	1141	7	0	1152
29236	3	1175	12	5	0	1195
29237	1166	13	5	3	0	1187
29238	13	7	3	1141	0	1164
29239	8	3	1152	12	0	1175
29240	2	6	1115	3	0	1126
29241	1056	1	14	2	0	1073
29242	1096	1	5	5	0	1107
29243	14	0	1103	4	0	1121
29244	5	1	9	1065	0	1080
29245	0	1090	4	10	0	1104
29246	1113	11	2	4	0	1130
29247	12	1098	0	4	0	1114
29248	1055	12	1	0	0	1068
29249	9	1034	3	0	0	1046
29250	3	1061	1	0	0	1065
29251	1	9	1	1050	0	1061
29252	3	2	0	1057	0	1062
29253	0	1037	2	15	0	1054
29254	0	10	1022	2	0	1034
29255	0	3	994	2	0	999
29256	1	3	1004	1	0	1009
29257	975	1	11	3	0	990
29258	1007	2	2	2	0	1013
29259	8	1098	3	1	0	1110
29260	3	14	1091	1	0	1109
29261	3	2	13	1067	0	1085
29262	1	1	1130	15	0	1147
29263	0	0	1139	3	0	1142
29264	1	0	19	1256	0	1276
29265	0	0	5	1341	0	1346
29266	0	1	1395	33	0	1429
29267	1344	1	23	15	0	1383
29268	23	1433	11	4	0	1471
29269	11	1495	3	4	0	1513
29270	4	32	6	1457	0	1499
29271	1510	13	3	25	0	1551
29272	27	1524	1	9	0	1561
29273	1526	28	1	4	0	1559
29274	27	1533	1	8	0	1569
29275	1630	27	1	7	0	1665
29276	33	15	1626	0	0	1674
29277	17	9	1649	1	0	1676
29278	12	16	32	1598	0	1658
29279	7	5	1600	24	0	1636
29280	6	1534	30	9	0	1579
29281	2	1522	15	5	0	1544
29282	1550	31	7	8	0	1596
29283	27	14	5	1513	0	1559
29284	13	1557	4	22	0	1596
29285	1577	30	2	10	0	1619
29286	1544	15	3	5	0	1567
29287	1589	5	1	7	0	1602
29288	37	7	5	1552	0	1601
29289	19	5	2	1578	0	1604
29290	12	4	1573	33	0	1622
29291	11	3	1565	14	0	1593
29292	1556	5	33	15	0	1609
29293	29	4	13	1567	0	1613
29294	17	0	1572	28	0	1617
29295	1564	2	29	16	0	1611
29296	30	1625	13	4	0	1672
29297	1628	23	8	14	0	1673
29298	1654	10	6	9	0	1679
29299	1660	4	9	7	0	1680
29300	40	6	1623	6	0	1675
29301	1611	4	23	8	0	1646
29302	41	3	12	1559	0	1615
29303	23	1538	9	20	0	1590
29304	14	1622	5	12	0	1653
29305	1605	35	3	5	0	1648
29306	1610	14	5	7	0	1636
29307	1623	5	2	6	0	1636
29308	45	9	1	1561	0	1616
29309	26	5	4	1587	0	1622
29310	23	4	2	1567	0	1596
29311	14	1569	2	35	0	1620
29312	1562	26	5	20	0	1613
29313	1585	14	6	12	0	1617
29314	1609	9	2	15	0	1635
29315	40	10	1569	11	0	1630
29316	1601	8	27	7	0	1643
29317	42	7	12	1550	0	1611
29318	30	1566	9	31	0	1636
29319	1555	23	9	17	0	1604
29320	1554	16	5	12	0	1587
29321	46	7	1567	10	0	1630
29322	28	8	26	1550	0	1612
29323	22	1586	16	28	0	1652
29324	1623	27	9	16	0	1675
29325	41	17	5	1629	0	1692
29326	24	7	7	1638	0	1676
29327	16	8	8	1667	0	1699
29328	20	4	4	1722	0	1750
29329	13	9	1678	51	0	1751
29330	10	1684	33	28	0	1755
29331	16	30	15	1693	0	1754
29332	17	20	1702	36	0	1775
29333	1707	8	38	23	0	1776
29334	1741	13	17	16	0	1787
29335	49	12	8	1733	0	1802
29336	1736	7	12	44	0	1799
29337	1775	9	8	25	0	1817
29338	57	13	1752	13	0	1835
29339	38	1734	30	16	0	1818
29340	1759	32	14	16	0	1821
29341	46	21	11	1751	0	1829
29342	1789	6	16	33	0	1844
29343	47	7	9	1772	0	1835
29344	31	7	6	1791	0	1835
29345	22	9	1748	52	0	1831
29346	1705	9	26	32	0	1772
29347	39	1775	20	20	0	1854
29348	30	34	1755	12	0	1831
29349	26	1766	31	14	0	1837
29350	1748	36	20	11	0	1815
29351	47	23	10	1739	0	1819
29352	1750	9	10	35	0	1804
29353	43	1729	3	26	0	1801
29354	1749	35	8	18	0	1810
29355	1776	19	3	20	0	1818
29356	1787	10	6	14	0	1817
29357	1770	7	13	12	0	1802
29358	67	1731	11	7	0	1816
29359	1675	26	3	21	0	1725
29360	43	20	9	1647	0	1719
29361	42	12	2	1622	0	1678
29362	22	1556	2	37	0	1617
29363	27	1524	6	22	0	1579
29364	22	1461	8	9	0	1500
29365	1369	24	7	8	0	1408
29366	24	1284	10	8	0	1326
29367	18	1180	2	11	0	1211
29368	1190	12	8	7	0	1217
29369	1142	9	5	8	0	1164
29370	18	1158	3	11	0	1190
29371	1123	14	2	4	0	1143
29372	21	6	1097	3	0	1127
29373	1079	4	7	7	0	1097
29374	14	4	1093	4	0	1115
29375	10	965	4	4	0	983
29376	4	964	7	7	0	982
29377	27	15	8	919	0	969
29378	944	5	1	11	0	961
29379	950	5	3	9	0	967
29380	967	3	3	6	0	979
29381	961	3	0	6	0	970
29382	936	3	2	4	0	945
29383	10	4	919	3	0	936
29384	9	7	884	2	0	902
29385	902	3	9	8	0	922
29386	9	926	6	5	0	946
29387	908	7	2	1	0	918
29388	920	6	0	3	0	929
29389	952	3	0	8	0	963
29390	950	3	1	3	0	957
29391	948	1	1	4	0	954
29392	12	3	946	3	0	964
29393	962	6	4	4	0	976
29394	967	2	4	4	0	977
29395	10	2	881	5	0	898
29396	891	7	5	8	0	911
29397	919	5	4	6	0	934
29398	9	6	964	3	0	982
29399	10	4	944	3	0	961
29400	10	969	8	0	0	987
29401	4	10	3	971	0	988
29402	7	9	977	4	0	997
29403	1000	2	6	7	0	1015
29404	11	2	6	1050	0	1069
29405	9	6	1075	5	0	1095
29406	1080	3	7	5	0	1095
29407	1094	5	7	2	0	1108
29408	1095	2	1	2	0	1100
29409	15	1112	3	6	0	1136
29410	13	8	1	1103	0	1125
29411	5	1115	5	9	0	1134
29412	1123	9	2	9	0	1143
29413	1114	8	1	5	0	1128
29414	16	1	1100	4	0	1121
29415	9	1062	8	1	0	1080
29416	11	1066	3	0	0	1080
29417	5	10	2	1059	0	1076
29418	5	5	4	1064	0	1078
29419	1065	2	3	11	0	1081
29420	17	1057	0	2	0	1076
29421	9	1047	2	0	0	1058
29422	12	9	1029	0	0	1050
29423	10	1048	7	0	0	1065
29424	1029	10	5	3	0	1047
29425	13	6	1026	0	0	1045
29426	939	2	5	4	0	950
29427	8	1	968	2	0	979
29428	875	0	7	6	0	888
29429	7	986	2	3	0	998
29430	1013	8	1	2	0	1024
29431	9	2	1038	1	0	1050
29432	1045	2	9	2	0	1058
29433	1048	0	3	0	0	1051
29434	9	3	1091	1	0	1104
29435	1085	1	7	4	0	1097
29436	1131	0	7	3	0	1141
29437	1108	1	0	3	0	1112
29438	9	1095	1	3	0	1108
29439	1120	6	3	0	0	1129
29440	10	2	1179	1	0	1192
29441	4	1240	7	2	0	1253
29442	1271	9	3	1	0	1284
29443	1263	3	1	1	0	1268
29444	1270	0	1	2	0	1273
29445	12	1263	2	0	0	1277
29446	6	9	1	1405	0	1421
29447	3	4	1406	13	0	1426
29448	2	2	15	1408	0	1427
29449	4	3	1430	13	0	1450
29450	1390	2	14	4	0	1410
29451	16	1426	4	4	0	1450
29452	6	14	2	1420	0	1442
29453	7	1442	2	13	0	1464
29454	3	17	4	1453	0	1477
29455	5	5	2	1464	0	1476
29456	5	1492	2	16	0	1515
29457	4	17	0	1498	0	1519
29458	5	4	3	1555	0	1567
29459	3	1574	3	17	0	1597
29460	2	1616	4	8	0	1630
29461	7	18	5	1613	0	1643
29462	6	6	1619	16	0	1647
29463	7	1634	19	5	0	1665
29464	7	19	5	1631	0	1662
29465	2	10	1725	19	0	1756
29466	2	1730	17	12	0	1761
29467	1725	20	3	5	0	1753
29468	18	4	1726	3	0	1751
29469	1720	6	14	2	0	1742
29470	21	3	4	1715	0	1743
29471	5	4	4	1721	0	1734
29472	3	7	0	1733	0	1743
29473	2	4	1716	23	0	1745
29474	3	3	1697	11	0	1714
29475	1669	6	21	6	0	1702
29476	23	4	5	1706	0	1738
29477	5	6	1735	17	0	1763
29478	1711	4	18	7	0	1740
29479	19	7	4	1717	0	1747
29480	9	4	1	1714	0	1728
29481	7	2	4	1709	0	1722
29482	6	1721	3	22	0	1752
29483	2	16	7	1681	0	1706
29484	5	1687	2	22	0	1716
29485	4	1736	1	11	0	1752
29486	1709	20	8	7	0	1744
29487	1621	11	5	4	0	1641
29488	1723	4	2	7	0	1736
29489	19	1682	3	8	0	1712
29490	1661	19	5	8	0	1693
29491	1675	4	8	8	0	1695
29492	25	6	3	1660	0	1694
29493	13	3	2	1662	0	1680
29494	4	4	1645	27	0	1680
29495	7	1688	19	9	0	1723
29496	1670	18	5	6	0	1699
29497	1678	6	4	7	0	1695
29498	20	1647	5	11	0	1683
29499	1651	20	4	4	0	1679
29500	1650	4	4	8	0	1666
29501	28	3	3	1629	0	1663
29502	9	1608	1	17	0	1635
29503	7	1634	3	4	0	1648
29504	1595	19	2	7	0	1623
29505	21	8	2	1562	0	1593
29506	4	4	1546	21	0	1575
29507	1514	3	13	12	0	1542
29508	19	7	1569	5	0	1600
29509	5	1561	16	5	0	1587
29510	1553	15	3	8	0	1579
29511	15	9	1567	2	0	1593
29512	12	5	13	1595	0	1625
29513	7	3	1636	16	0	1662
29514	6	1642	15	9	0	1672
29515	5	19	4	1650	0	1678
29516	4	8	1631	18	0	1661
29517	1584	6	13	7	0	1610
29518	16	1686	4	9	0	1715
29519	5	14	6	1664	0	1689
29520	6	1706	6	13	0	1731
29521	1691	17	1	7	0	1716
29522	1675	6	2	10	0	1693
29523	21	1689	1	5	0	1716
29524	11	16	5	1664	0	1696
29525	6	1703	4	16	0	1729
29526	1691	11	5	9	0	1716
29527	35	10	1658	7	0	1710
29528	6	10	1640	7	0	1663
29529	4	1676	17	5	0	1702
29530	6	1686	9	2	0	1703
29531	8	20	3	1659	0	1690
29532	1641	6	4	18	0	1669
29533	1649	3	2	8	0	1662
29534	1590	4	4	5	0	1603
29535	23	1641	2	3	0	1669
29536	9	15	2	1603	0	1629
29537	2	1621	4	14	0	1641
29538	1632	18	1	10	0	1661
29539	19	6	3	1601	0	1629
29540	7	3	1533	15	0	1558
29541	3	1492	13	7	0	1515
29542	1459	10	6	4	0	1479
29543	17	3	1459	2	0	1481
29544	1419	4	12	7	0	1442
29545	13	1432	4	6	0	1455
29546	4	1332	1	1	0	1338
29547	1319	8	1	3	0	1331
29548	8	1329	1	3	0	1341
29549	1314	8	1	2	0	1325
29550	10	1317	0	2	0	1329
29551	1343	9	2	1	0	1355
29552	1340	3	2	3	0	1348
29553	10	1	1401	1	0	1413
29554	5	0	1340	0	0	1345
29555	0	1373	8	2	0	1383
29556	1347	9	1	2	0	1359
29557	10	4	1322	1	0	1337
29558	1250	1	4	2	0	1257
29559	9	8	2	1251	0	1270
29560	6	1	1273	4	0	1284
29561	2	2	1210	2	0	1216
29562	1	3	1285	1	0	1290
29563	0	1294	3	1	0	1298
29564	11	20	20	1243	0	1294
29565	1199	1	0	7	0	1207
29566	5	0	1	1226	0	1232
29567	1243	0	1	6	0	1250
29568	5	2	1	1249	0	1257
29569	1277	1	0	9	0	1287
29570	1241	1	3	6	0	1251
29571	1434	0	1	2	0	1437
29572	7	1465	1	1	0	1474
29573	4	8	1485	0	0	1497
29574	8	4	6	1487	0	1505
29575	23	14	9	772	0	818
29576	2	2	3	1532	0	1539
29577	1	4	0	1506	0	1511
29578	4	1434	0	13	0	1451
29579	4	6	1440	7	0	1457
29580	3	1477	7	3	0	1490
29581	6	11	7	1408	0	1432
29582	2	10	2	1491	0	1505
29583	3	5	0	1505	0	1513
29584	2	3	3	1498	0	1506
29585	5	1470	0	14	0	1489
29586	2	1473	1	12	0	1488
29587	2	12	1462	1	0	1477
29588	4	7	10	1457	0	1478
29589	4	5	7	1483	0	1499
29590	2	3	4	1509	0	1518
29591	1511	3	0	23	0	1537
29592	13	1498	2	9	0	1522
29593	6	9	1491	4	0	1510
29594	1496	5	8	2	0	1511
29595	11	4	5	1469	0	1489
29596	1493	0	2	10	0	1505
29597	12	4	1	1495	0	1512
29598	1506	1	2	13	0	1522
29599	14	3	1	1502	0	1520
29600	1502	3	5	14	0	1524
29601	13	2	1536	5	0	1556
29602	9	2	8	1537	0	1556
29603	6	1583	4	10	0	1603
29604	7	8	3	1622	0	1640
29605	1610	5	1	13	0	1629
29606	10	1583	6	6	0	1605
29607	8	13	2	1676	0	1699
29608	4	1659	2	12	0	1677
29609	2	12	4	1673	0	1691
29610	5	5	0	1677	0	1687
29611	2	4	1638	21	0	1665
29612	2	3	10	1607	0	1622
29613	2	4	1581	15	0	1602
29614	2	1548	17	15	0	1582
29615	1555	12	7	7	0	1581
29616	12	6	1562	7	0	1587
29617	1532	3	12	8	0	1555
29618	1571	3	5	6	0	1585
29619	18	4	5	1597	0	1624
29620	8	2	1651	18	0	1679
29621	1625	2	16	7	0	1650
29622	1736	2	5	7	0	1750
29623	24	1	4	1698	0	1727
29624	12	4	2	1700	0	1718
29625	8	1728	4	19	0	1759
29626	7	19	0	1710	0	1736
29627	5	1727	0	21	0	1753
29628	3	19	1719	12	0	1753
29629	1	8	12	1658	0	1679
29630	1639	6	5	17	0	1667
29631	1652	2	3	11	0	1668
29632	17	1650	2	6	0	1675
29633	10	12	2	1727	0	1751
29634	1740	6	1	16	0	1763
29635	19	1710	0	9	0	1738
29636	1711	18	2	10	0	1741
29637	22	6	1	1807	0	1836
29638	1858	5	0	27	0	1890
29639	24	2	1989	7	0	2022
29640	9	1990	20	8	0	2027
29641	1981	19	8	10	0	2018
29642	21	2037	7	3	0	2068
29643	2050	27	3	6	0	2086
29644	2096	6	3	7	0	2112
29645	28	11	2085	8	0	2132
29646	21	2	20	2064	0	2107
29647	2121	3	9	25	0	2158
29648	25	1	2100	8	0	2134
29649	2088	4	23	7	0	2122
29650	33	2	7	2096	0	2138
29651	11	4	2079	24	0	2118
29652	11	1	22	2079	0	2113
29653	2003	2	8	29	0	2042
29654	23	4	2038	13	0	2078
29655	12	2	22	2036	0	2072
29656	15	1	10	2068	0	2094
29657	2068	1	7	35	0	2111
29658	2064	2	4	16	0	2086
29659	26	2076	5	13	0	2120
29660	18	28	1	2063	0	2110
29661	18	9	1	2058	0	2086
29662	12	9	2	2039	0	2062
29663	2001	4	4	36	0	2045
29664	2015	3	2	23	0	2043
29665	35	3	2	2003	0	2043
29666	22	1967	3	25	0	2017
29667	16	21	3	1942	0	1982
29668	9	1964	7	25	0	2005
29669	1928	24	3	20	0	1975
29670	26	1902	4	13	0	1945
29671	1760	22	7	5	0	1794
29672	32	7	1	1724	0	1764
29673	1707	4	3	24	0	1738
29674	26	2	1699	12	0	1739
29675	10	1710	23	10	0	1753
29676	1720	21	7	12	0	1760
29677	1724	9	9	4	0	1746
29678	34	9	6	1678	0	1727
29679	14	1714	2	28	0	1758
29680	13	17	3	1753	0	1786
29681	13	5	3	1765	0	1786
29682	11	7	7	1759	0	1784
29683	1753	5	7	33	0	1798
29684	1778	4	2	18	0	1802
29685	29	7	3	1743	0	1782
29686	19	1735	3	34	0	1791
29687	1766	17	0	20	0	1803
29688	29	10	1743	7	0	1789
29689	10	12	20	1746	0	1788
29690	12	8	1747	27	0	1794
29691	12	2	23	1738	0	1775
29692	16	5	1750	29	0	1800
29693	20	4	26	1744	0	1794
29694	1745	8	8	31	0	1792
29695	1759	6	5	20	0	1790
29696	35	1717	4	13	0	1769
29697	1737	18	8	11	0	1774
29698	33	10	3	1727	0	1773
29699	21	4	3	1753	0	1781
29700	1744	5	3	39	0	1791
29701	27	6	1688	18	0	1739
29702	14	7	1655	17	0	1693
29703	17	8	1603	8	0	1636
29704	1597	5	27	21	0	1650
29705	27	10	1641	11	0	1689
29706	23	3	1589	7	0	1622
29707	1533	1	26	12	0	1572
29708	24	1565	13	14	0	1616
29709	12	22	7	1592	0	1633
29710	11	9	5	1623	0	1648
29711	9	5	1622	27	0	1663
29712	1597	3	19	19	0	1638
29713	1616	6	7	15	0	1644
29714	1547	3	5	15	0	1570
29715	29	5	1618	16	0	1668
29716	1583	5	17	11	0	1616
29717	32	4	1568	10	0	1614
29718	16	1564	21	11	0	1612
29719	15	1543	6	11	0	1575
29720	1463	16	11	8	0	1498
29721	18	1457	6	8	0	1489
29722	8	1436	8	8	0	1460
29723	1412	14	3	13	0	1442
29724	17	1417	6	11	0	1451
29725	1385	14	9	8	0	1416
29726	23	6	7	1443	0	1479
29727	16	6	4	1465	0	1491
29728	10	7	3	1490	0	1510
29729	9	2	3	1457	0	1471
29730	13	1457	4	20	0	1494
29731	1511	18	7	12	0	1548
29732	22	1674	6	14	0	1716
29733	10	1693	4	15	0	1722
29734	11	25	1762	11	0	1809
29735	1708	7	33	6	0	1754
29736	31	3	1831	4	0	1869
29737	15	8	1830	4	0	1857
29738	11	1815	26	3	0	1855
29739	3	1793	10	4	0	1810
29740	1841	34	3	10	0	1888
29741	26	1914	4	2	0	1946
29742	11	32	1874	2	0	1919
29743	5	1859	26	4	0	1894
29744	4	31	1861	2	0	1898
29745	7	9	1806	2	0	1824
29746	1772	8	36	3	0	1819
29747	32	2	1807	1	0	1842
29748	12	7	29	1777	0	1825
29749	1763	3	17	28	0	1811
29750	24	1766	10	12	0	1812
29751	14	22	1763	6	0	1805
29752	1765	8	30	1	0	1804
29753	30	4	15	1714	0	1763
29754	12	1674	11	25	0	1722
29755	12	24	1699	14	0	1749
29756	1687	12	28	5	0	1732
29757	27	7	1706	4	0	1744
29758	20	0	31	1695	0	1746
29759	8	5	1678	29	0	1720
29760	4	4	32	1679	0	1719
29761	1664	3	13	32	0	1712
29762	27	1674	12	11	0	1724
29763	1701	26	6	12	0	1745
29764	32	9	1695	3	0	1739
29765	12	6	28	1732	0	1778
29766	7	4	1746	30	0	1787
29767	1735	5	32	15	0	1787
29768	1761	3	11	5	0	1780
29769	37	1742	9	5	0	1793
29770	1758	26	4	6	0	1794
29771	1772	12	7	5	0	1796
29772	46	5	4	1736	0	1791
29773	21	2	1719	28	0	1770
29774	12	1662	26	14	0	1714
29775	12	29	8	1682	0	1731
29776	1702	9	6	27	0	1744
29777	35	5	1680	14	0	1734
29778	15	4	1697	6	0	1722
29779	9	9	1648	3	0	1669
29780	1625	5	40	6	0	1676
29781	31	12	1643	5	0	1691
29782	1622	4	39	6	0	1671
29783	38	5	1517	0	0	1560
29784	11	1606	41	6	0	1664
29785	13	26	19	1584	0	1642
29786	6	13	1607	26	0	1652
29787	12	1545	34	13	0	1604
29788	7	1607	21	4	0	1639
29789	12	38	11	1580	0	1641
29790	1574	17	8	29	0	1628
29791	35	11	11	1575	0	1632
29792	1544	4	10	37	0	1595
29793	39	11	10	1534	0	1594
29794	13	8	1535	38	0	1594
29795	11	6	1556	13	0	1586
29796	1529	10	36	15	0	1590
29797	1545	3	17	9	0	1574
29798	43	2	1510	12	0	1567
29799	1493	5	36	9	0	1543
29800	35	4	1492	10	0	1541
29801	24	1432	41	5	0	1502
29802	16	1441	17	7	0	1481
29803	13	1454	15	5	0	1487
29804	18	40	14	1419	0	1491
29805	1423	12	12	33	0	1480
29806	1445	11	14	14	0	1484
29807	43	10	18	1417	0	1488
29808	25	9	1369	28	0	1431
29809	18	8	33	1368	0	1427
29810	12	8	1365	36	0	1421
29811	15	5	37	1335	0	1392
29812	1331	4	17	39	0	1391
29813	1346	4	15	18	0	1383
29814	1351	8	9	14	0	1382
29815	1351	8	12	9	0	1380
29816	51	2	10	1315	0	1378
29817	25	5	11	1334	0	1375
29818	1312	6	8	41	0	1367
29819	1342	1	12	19	0	1374
29820	54	2	10	1305	0	1371
29821	26	5	6	1331	0	1368
29822	18	3	7	1325	0	1353
29823	25	2	2	1327	0	1356
29824	1295	2	5	47	0	1349
29825	43	7	1274	22	0	1346
29826	20	4	31	1215	0	1270
29827	1199	4	16	35	0	1254
29828	30	1	1178	23	0	1232
29829	23	2	30	1181	0	1236
29830	18	3	1180	31	0	1232
29831	11	1099	34	17	0	1161
29832	16	21	10	909	0	956
29833	826	8	15	19	0	868
29834	19	10	12	741	0	782
29835	8	716	7	25	0	756
29836	12	663	6	6	0	687
29837	9	528	3	8	0	548
29838	8	473	7	10	0	498
29839	293	21	29	25	0	368
29840	10	3	14	208	0	235
29841	2	0	184	7	0	193
29842	3	3	6	176	0	188
29843	4	1	174	3	0	182
29844	170	1	3	4	0	178
29845	9	1	1	168	0	179
29846	6	1	1	172	0	180
29847	3	2	2	172	0	179
29848	5	2	2	170	0	179
29849	168	2	2	6	0	178
29850	170	2	1	3	0	176
29851	7	0	2	166	0	175
29852	163	1	2	6	0	172
29853	5	1	159	5	0	170
29854	1	159	4	7	0	171
29855	3	3	3	159	0	168
29856	1	0	2	163	0	166
29857	5	154	1	6	0	166
29858	3	2	3	146	0	154
29859	2	4	2	142	0	150
29860	139	0	2	5	0	146
29861	6	1	131	1	0	139
29862	3	1	118	2	0	124
29863	106	1	4	4	0	115
29864	5	1	103	3	0	112
29865	49	0	3	1	0	53
29866	44	2	3	0	0	49
29867	2	0	0	30	0	32
29868	0	0	20	1	0	21
29869	19	0	1	0	0	20
29870	1	17	1	0	0	19
29871	24	0	1	0	0	25
29872	38	2	0	1	0	41
29873	42	0	2	0	0	44
29874	78	0	0	0	0	78
29875	78	1	0	0	0	79
29876	79	0	0	0	0	79
29877	82	0	0	0	0	82
29878	82	0	0	0	0	82
29879	78	0	0	0	0	78
29880	77	0	0	0	0	77
29881	75	0	0	0	0	75
29882	75	0	0	0	0	75
29883	64	0	0	0	0	64
29884	59	0	0	0	0	59
29885	56	0	0	0	0	56
29886	74	0	0	0	0	74
29887	78	0	0	0	0	78
29888	74	0	0	0	0	74
29889	65	0	0	0	0	65
29890	72	0	0	0	0	72
29891	67	0	0	0	0	67
29892	80	0	0	0	0	80
29893	79	0	0	0	0	79
29894	77	0	0	0	0	77
29895	80	0	0	0	0	80
29896	76	0	0	0	0	76
29897	79	0	0	0	0	79
29898	78	0	0	0	0	78
29899	76	0	1	0	0	77
29900	74	0	0	0	0	74
29901	70	0	0	0	0	70
29902	55	0	2	0	0	57
29903	45	0	8	0	0	53
