Pos	A	C	G	T	Other	Total
1	3	0	0	0	0	3
2	0	0	0	3	0	3
3	0	0	0	7	0	7
4	8	0	0	0	0	8
5	16	0	0	0	0	16
6	17	0	0	0	0	17
7	0	0	18	0	0	18
8	0	0	21	0	0	21
9	0	0	0	28	0	28
10	0	0	0	31	0	31
11	0	0	2	35	0	37
12	70	0	0	0	0	70
13	0	0	0	137	0	137
14	231	0	1	2	0	234
15	1	340	0	0	0	341
16	0	609	0	6	0	615
17	5	0	0	1661	0	1666
18	3	0	0	1846	0	1849
19	1	2708	0	4	0	2713
20	1	3100	1	2	0	3104
21	2	3716	1	33	0	3752
22	4235	1	2	30	0	4268
23	4	5	4353	0	0	4362
24	4	1	4424	1	0	4430
25	4	1	3	4928	0	4936
26	5388	0	1	20	0	5409
27	5481	0	0	14	0	5495
28	1	5475	2	4	0	5482
29	6435	3	1	35	0	6474
30	6937	0	1	42	0	6980
31	7128	1	0	20	0	7149
32	2	7152	1	5	0	7160
33	2	7403	0	7	0	7412
34	7803	1	1	18	0	7823
35	7967	1	2	22	0	7992
36	3	8151	3	5	0	8162
37	2	8799	3	11	0	8815
38	8973	1	2	19	0	8995
39	8954	2	1	9	0	8966
40	5	9025	3	10	0	9043
41	4	3	0	9523	0	9530
42	2	1	1	9639	0	9643
43	3	1	1	9658	0	9663
44	1	9514	1	15	0	9531
45	2	6	9492	4	0	9504
46	9155	1	4	10	0	9170
47	4	1	0	9850	0	9855
48	1	9858	0	6	0	9865
49	3	4	1	10026	0	10034
50	0	9992	1	9	0	10002
51	3	5	1	10117	0	10126
52	3	0	1	10270	0	10274
53	3	2	10365	6	0	10376
54	10	1	6	10265	0	10282
55	10402	0	1	19	0	10422
56	8	2	10330	3	0	10343
57	10164	0	7	9	0	10180
58	8	5	0	10608	0	10621
59	0	10617	1	11	0	10629
60	1	8	0	10772	0	10781
61	2	5	10816	10	0	10833
62	8	2	7	10610	0	10627
63	4	0	3	10862	0	10869
64	1	10963	3	16	0	10983
65	5	10	0	11135	0	11150
66	10	10991	1	20	0	11022
67	3	8	1	11168	0	11180
68	11156	1	3	22	0	11182
69	11018	1	1	29	0	11049
70	11093	1	4	26	0	11124
71	36	11231	4	31	0	11302
72	11	12	11197	5	0	11225
73	11068	2	14	19	0	11103
74	11682	0	4	12	0	11698
75	27	11981	5	16	0	12029
76	21	33	1	10694	0	10749
77	12	14	1	10889	0	10916
78	14	11	2	10295	0	10322
79	10507	4	1	93	0	10605
80	10615	7	1	44	0	10667
81	10608	2	1	35	0	10646
82	10778	2	0	33	0	10813
83	78	1	0	10724	0	10803
84	27	10735	1	63	0	10826
85	17	47	1	11063	0	11128
86	14	27	11105	56	0	11202
87	30	2	50	11299	0	11381
88	15	10	11574	68	0	11667
89	29	7	65	11550	0	11651
90	5	12	11855	75	0	11947
91	5	8	11628	37	0	11678
92	4	12170	105	17	0	12296
93	30	73	31	12605	0	12739
94	5	35	13076	85	0	13201
95	27	8	86	12868	0	12989
96	2	13109	44	92	0	13247
97	13225	78	20	68	0	13391
98	79	13709	25	11	0	13824
99	45	87	11	13640	0	13783
100	9	13864	9	80	0	13962
101	13	91	13550	44	0	13698
102	10	47	13385	20	0	13462
103	10	13657	104	21	0	13792
104	27	95	39	13937	0	14098
105	24	45	13976	94	0	14139
106	9	13847	90	64	0	14010
107	13943	93	43	42	0	14121
108	98	41	24	14039	0	14202
109	47	18	14368	88	0	14521
110	13	14403	92	52	0	14560
111	35	100	40	14559	0	14734
112	18	44	25	14572	0	14659
113	14327	24	20	166	0	14537
114	92	28	14449	55	0	14624
115	57	11	88	14359	0	14515
116	17	23	14205	100	0	14345
117	10	13542	106	49	0	13707
118	13285	90	49	65	0	13489
119	81	13072	26	34	0	13213
120	56	97	29	12733	0	12915
121	22	12531	19	96	0	12668
122	12198	93	25	75	0	12391
123	87	12261	26	25	0	12399
124	52	117	11992	15	0	12176
125	28	11999	92	24	0	12143
126	11673	109	41	55	0	11878
127	96	61	11906	29	0	12092
128	54	32	103	11873	0	12062
129	11550	32	56	119	0	11757
130	113	30	30	11264	0	11437
131	11321	28	26	136	0	11511
132	11387	26	23	73	0	11509
133	158	16	28	11249	0	11451
134	70	19	26	11197	0	11312
135	10959	26	20	167	0	11172
136	10842	23	17	90	0	10972
137	162	20	17	10539	0	10738
138	10528	22	21	144	0	10715
139	10584	24	14	86	0	10708
140	162	10516	15	58	0	10751
141	76	103	20	10518	0	10717
142	10538	55	18	140	0	10751
143	10671	23	19	81	0	10794
144	157	30	16	10611	0	10814
145	85	23	22	10707	0	10837
146	10583	24	13	160	0	10780
147	133	10674	17	80	0	10904
148	65	111	22	10619	0	10817
149	43	67	10639	128	0	10877
150	70	31	102	10428	0	10631
151	31	10514	45	135	0	10725
152	41	104	10502	74	0	10721
153	47	56	115	10325	0	10543
154	54	31	49	10034	0	10168
155	29	29	10457	171	0	10686
156	9854	14	120	99	0	10087
157	123	10592	58	53	0	10826
158	10636	116	23	65	0	10840
159	127	58	10531	57	0	10773
160	76	25	10629	40	0	10770
161	10239	35	134	62	0	10470
162	120	10720	62	49	0	10951
163	10711	109	35	44	0	10899
164	134	10800	24	30	0	10988
165	75	127	10804	36	0	11042
166	10579	59	117	57	0	10812
167	137	28	11084	28	0	11277
168	83	40	102	10910	0	11135
169	10967	23	52	148	0	11190
170	10926	23	30	69	0	11048
171	148	10783	34	42	0	11007
172	79	276	19	10386	0	10760
173	43	10582	31	108	0	10764
174	48	95	10460	58	0	10661
175	69	128	99	9809	0	10105
176	36	9608	49	97	0	9790
177	65	96	25	9556	0	9742
178	9170	40	29	93	0	9332
179	87	23	8	9267	0	9385
180	37	9293	16	76	0	9422
181	43	57	15	9335	0	9450
182	34	32	15	9275	0	9356
183	21	9264	19	91	0	9395
184	51	71	10	9247	0	9379
185	32	27	9078	78	0	9215
186	32	8927	56	44	0	9059
187	8534	53	16	39	0	8642
188	56	17	8584	21	0	8678
189	31	11	8330	16	0	8388
190	25	8288	53	12	0	8378
191	57	95	54	7983	0	8189
192	21	18	7861	41	0	7941
193	15	6506	54	27	0	6602
194	29	40	8	7149	0	7226
195	18	7	9	7305	0	7339
196	7170	9	7	67	0	7253
197	37	7250	4	21	0	7312
198	17	31	6952	13	0	7013
199	12	12	7050	14	0	7088
200	12	9	37	7020	0	7078
201	13	13	13	8439	0	8478
202	16	3	11	8584	0	8614
203	10	8506	5	1296	0	9817
204	14	146	9871	58	0	10089
205	24	62	162	10130	0	10378
206	8	10414	69	196	0	10687
207	12	11113	29	75	0	11229
208	11	263	11492	27	0	11793
209	32	94	220	11252	0	11598
210	9	35	12488	232	0	12764
211	41	27	272	12382	0	12722
212	35	17	115	12904	0	13071
213	18	15	12767	335	0	13135
214	5	12628	264	140	0	13037
215	12502	249	117	89	0	12957
216	261	107	12689	41	0	13098
217	100	12688	259	43	0	13090
218	43	13158	119	34	0	13354
219	27	344	12745	37	0	13153
220	12494	146	278	40	0	12958
221	291	71	126	11959	0	12447
222	102	12755	66	245	0	13168
223	12720	295	44	112	0	13171
224	298	126	46	12357	0	12827
225	126	12576	38	286	0	13026
226	12726	293	35	153	0	13207
227	272	136	12474	65	0	12947
228	119	12511	287	62	0	12979
229	12276	292	139	72	0	12779
230	267	12402	77	39	0	12785
231	12193	335	52	46	0	12626
232	315	162	47	11818	0	12342
233	119	11962	73	256	0	12410
234	94	293	47	12039	0	12473
235	11899	131	67	338	0	12435
236	271	91	11748	172	0	12282
237	144	76	11964	86	0	12270
238	97	64	365	11613	0	12139
239	68	73	156	11891	0	12188
240	86	62	91	11671	0	11910
241	42	11474	80	371	0	11967
242	50	313	11342	170	0	11875
243	92	145	290	10985	0	11512
244	44	10901	151	273	0	11369
245	68	11462	84	132	0	11746
246	65	356	11325	97	0	11843
247	73	174	11252	78	0	11577
248	58	112	11575	83	0	11828
249	62	103	395	11293	0	11853
250	70	93	11552	278	0	11993
251	75	60	353	11575	0	12063
252	65	79	11801	325	0	12270
253	11190	89	342	180	0	11801
254	312	12107	176	108	0	12703
255	143	13039	93	98	0	13373
256	88	450	13463	82	0	14083
257	13210	214	365	94	0	13883
258	13707	118	172	98	0	14095
259	13748	87	113	116	0	14064
260	496	104	13170	72	0	13842
261	206	75	13529	81	0	13891
262	136	67	512	13227	0	13942
263	13364	66	237	424	0	14091
264	13497	100	157	214	0	13968
265	470	85	13064	153	0	13772
266	13083	74	425	144	0	13726
267	449	86	227	12912	0	13674
268	181	109	13103	416	0	13809
269	109	107	13256	200	0	13672
270	12628	96	546	172	0	13442
271	371	95	13233	121	0	13820
272	13031	78	512	119	0	13740
273	445	80	13275	105	0	13905
274	213	12655	533	109	0	13510
275	134	13385	297	122	0	13938
276	140	492	217	12778	0	13627
277	127	234	194	13507	0	14062
278	121	146	13194	515	0	13976
279	157	145	495	12815	0	13612
280	165	12597	269	410	0	13441
281	179	12950	185	200	0	13514
282	160	13491	159	144	0	13954
283	172	550	176	12979	0	13877
284	175	243	13076	393	0	13887
285	171	140	13258	219	0	13788
286	191	145	549	12879	0	13764
287	188	123	279	13136	0	13726
288	185	111	210	12505	0	13011
289	169	12911	131	517	0	13728
290	13004	415	142	238	0	13799
291	13011	220	141	178	0	13550
292	531	12940	157	140	0	13768
293	281	401	13007	140	0	13829
294	13116	218	449	140	0	13923
295	494	147	13290	118	0	14049
296	13108	113	497	126	0	13844
297	13287	125	248	148	0	13808
298	13139	129	195	145	0	13608
299	12944	112	155	174	0	13385
300	546	12695	172	180	0	13593
301	11261	305	122	157	0	11845
302	358	11214	122	152	0	11846
303	9954	268	92	118	0	10432
304	289	9698	80	103	0	10170
305	150	235	9135	60	0	9580
306	104	669	229	7983	0	8985
307	79	8431	150	177	0	8837
308	81	8303	78	109	0	8571
309	7748	263	269	138	0	8418
310	7151	70	52	53	0	7326
311	180	7275	57	37	0	7549
312	103	139	48	6942	0	7232
313	73	7516	34	141	0	7764
314	7649	162	41	35	0	7887
315	196	49	7637	33	0	7915
316	105	53	162	7381	0	7701
317	70	35	74	7421	0	7600
318	74	32	61	7541	0	7708
319	66	36	7425	173	0	7700
320	65	7158	162	57	0	7442
321	69	7625	55	42	0	7791
322	67	181	56	7695	0	7999
323	70	73	7757	157	0	8057
324	66	58	175	7646	0	7945
325	55	56	62	7869	0	8042
326	50	67	44	7819	0	7980
327	57	48	40	7820	0	7965
328	7639	37	43	220	0	7939
329	159	7677	52	85	0	7973
330	7692	180	46	75	0	7993
331	187	73	7663	52	0	7975
332	72	61	7740	57	0	7930
333	55	59	183	7556	0	7853
334	54	51	70	7682	0	7857
335	44	7812	61	186	0	8103
336	49	165	7859	88	0	8161
337	39	7943	178	84	0	8244
338	30	179	8005	63	0	8277
339	7602	55	180	84	0	7921
340	171	8072	53	76	0	8372
341	65	179	8121	50	0	8415
342	67	76	163	8019	0	8325
343	55	66	8108	180	0	8409
344	46	8097	187	78	0	8408
345	53	181	60	7917	0	8211
346	48	8070	53	188	0	8359
347	58	183	8087	77	0	8405
348	68	60	162	7939	0	8229
349	7907	48	59	189	0	8203
350	182	7839	38	67	0	8126
351	76	175	7564	51	0	7866
352	69	207	143	7149	0	7568
353	43	63	7414	133	0	7653
354	49	33	6534	44	0	6660
355	29	6062	131	27	0	6249
356	66	74	58	5452	0	5650
357	8	20	22	5528	0	5578
358	11	14	12	5451	0	5488
359	10	11	5454	86	0	5561
360	12	7	5377	16	0	5412
361	5013	13	75	25	0	5126
362	67	8	5345	14	0	5434
363	5010	2	76	13	0	5101
364	68	5235	17	10	0	5330
365	15	68	6	5151	0	5240
366	8	5285	7	62	0	5362
367	7	5430	12	13	0	5462
368	4	69	5352	13	0	5438
369	7	20	61	5271	0	5359
370	6	15	5357	73	0	5451
371	9	9	5057	23	0	5098
372	4985	10	79	18	0	5092
373	60	7	5253	11	0	5331
374	11	11	5091	13	0	5126
375	4872	8	68	21	0	4969
376	61	12	5083	10	0	5166
377	7	12	5217	15	0	5251
378	12	11	63	5032	0	5118
379	4	5204	22	66	0	5296
380	3	60	22	5298	0	5383
381	12	16	10	5190	0	5228
382	5242	17	13	81	0	5353
383	64	11	11	5185	0	5271
384	12	5290	17	64	0	5383
385	5242	57	16	29	0	5344
386	65	18	5245	14	0	5342
387	5075	19	63	20	0	5177
388	69	10	5554	14	0	5647
389	12	11	5678	15	0	5716
390	9	5886	84	13	0	5992
391	5954	72	28	21	0	6075
392	72	6039	26	12	0	6149
393	21	83	6037	15	0	6156
394	15	27	85	5638	0	5765
395	12	6143	24	71	0	6250
396	6248	82	25	22	0	6377
397	6296	24	17	13	0	6350
398	87	6281	18	19	0	6405
399	6441	86	22	16	0	6565
400	99	22	18	6301	0	6440
401	22	6396	16	91	0	6525
402	16	96	15	6651	0	6778
403	15	26	20	7027	0	7088
404	7102	25	18	103	0	7248
405	7009	19	18	32	0	7078
406	7018	8	15	31	0	7072
407	121	11	6938	8	0	7078
408	6765	16	97	12	0	6890
409	109	27	30	6991	0	7157
410	26	11	6929	96	0	7062
411	24	14	6565	23	0	6626
412	12	6623	105	24	0	6764
413	6177	77	35	22	0	6311
414	81	6299	11	14	0	6405
415	26	73	6	6389	0	6494
416	16	20	6	6495	0	6537
417	15	10	6572	87	0	6684
418	24	12	79	6318	0	6433
419	19	7	6550	80	0	6656
420	14	5	6254	15	0	6288
421	8	6518	77	17	0	6620
422	9	57	21	6378	0	6465
423	14	9	10	6369	0	6402
424	6344	9	7	69	0	6429
425	55	9	6337	20	0	6421
426	21	4	51	6436	0	6512
427	6545	8	16	63	0	6632
428	66	4	6534	22	0	6626
429	6387	3	63	17	0	6470
430	6610	5	20	16	0	6651
431	71	11	6807	8	0	6897
432	21	5	67	6701	0	6794
433	10	8	20	6822	0	6860
434	20	8	6933	68	0	7029
435	6760	12	61	25	0	6858
436	6997	5	23	17	0	7042
437	6810	6	17	19	0	6852
438	6853	12	18	14	0	6897
439	6822	6	10	19	0	6857
440	88	24	5515	32	0	5659
441	28	14	6606	15	0	6663
442	22	6789	62	18	0	6891
443	18	63	6900	17	0	6998
444	17	22	70	6746	0	6855
445	66	25	44	4860	0	4995
446	28	11	16	6943	0	6998
447	32	9	13	7002	0	7056
448	37	9	6972	77	0	7095
449	34	6774	65	29	0	6902
450	32	7042	25	17	0	7116
451	35	74	16	7003	0	7128
452	22	7277	14	63	0	7376
453	7309	70	18	34	0	7431
454	7292	21	14	37	0	7364
455	91	7551	20	24	0	7686
456	41	74	16	7649	0	7780
457	35	18	15	7850	0	7918
458	29	9	7831	104	0	7973
459	7248	13	90	49	0	7400
460	7913	11	31	44	0	7999
461	108	8017	21	26	0	8172
462	8164	95	27	28	0	8314
463	110	31	8288	23	0	8452
464	45	8134	96	27	0	8302
465	31	8458	34	35	0	8558
466	31	8525	29	38	0	8623
467	37	118	18	8492	0	8665
468	8415	31	24	124	0	8594
469	133	17	27	8553	0	8730
470	52	16	8717	122	0	8907
471	48	19	124	8731	0	8922
472	36	18	9060	144	0	9258
473	28	24	150	8796	0	8998
474	38	17	56	8738	0	8849
475	26	8991	38	144	0	9199
476	9159	128	37	54	0	9378
477	140	44	28	8947	0	9159
478	55	9076	20	138	0	9289
479	9191	130	24	64	0	9409
480	7993	47	47	65	0	8152
481	9215	24	30	63	0	9332
482	159	9099	41	46	0	9345
483	52	120	9221	37	0	9430
484	38	48	135	9237	0	9458
485	54	45	48	9020	0	9167
486	37	9174	37	164	0	9412
487	50	126	9133	56	0	9365
488	35	32	8831	52	0	8950
489	8642	19	137	41	0	8839
490	151	56	36	8698	0	8941
491	45	24	8836	125	0	9030
492	35	8993	114	42	0	9184
493	59	117	35	8756	0	8967
494	37	9141	37	96	0	9311
495	36	110	9030	43	0	9219
496	8643	30	113	52	0	8838
497	9038	21	42	41	0	9142
498	137	9024	23	41	0	9225
499	49	112	19	8965	0	9145
500	39	33	8937	108	0	9117
501	41	8768	106	31	0	8946
502	8628	103	28	37	0	8796
503	103	8288	20	19	0	8430
504	29	8358	11	21	0	8419
505	35	109	8	8295	0	8447
506	15	8343	15	100	0	8473
507	8338	107	7	35	0	8487
508	103	34	13	8315	0	8465
509	25	23	8050	98	0	8196
510	27	16	7651	24	0	7718
511	22	20	96	7753	0	7891
512	14	7872	27	79	0	7992
513	7926	91	21	27	0	8065
514	93	25	17	7751	0	7886
515	20	21	7706	93	0	7840
516	23	20	91	7670	0	7804
517	12	24	19	7683	0	7738
518	7602	18	22	106	0	7748
519	97	17	15	7504	0	7633
520	29	13	7412	105	0	7559
521	25	11	7289	29	0	7354
522	23	11	102	7463	0	7599
523	19	15	30	7631	0	7695
524	11	18	7786	112	0	7927
525	7057	20	96	51	0	7224
526	100	20	7660	23	0	7803
527	34	7544	90	31	0	7699
528	21	93	28	7737	0	7879
529	17	31	7720	95	0	7863
530	16	22	7512	36	0	7586
531	26	25	105	7407	0	7563
532	7498	17	25	100	0	7640
533	90	14	7538	37	0	7679
534	23	7510	93	31	0	7657
535	7658	88	38	43	0	7827
536	92	27	7741	27	0	7887
537	7517	19	98	38	0	7672
538	7813	13	38	22	0	7886
539	102	7963	28	29	0	8122
540	41	92	30	7678	0	7841
541	26	7815	19	80	0	7940
542	25	100	7859	33	0	8017
543	7777	29	103	30	0	7939
544	8115	20	34	31	0	8200
545	107	23	8035	28	0	8193
546	48	18	7811	24	0	7901
547	29	8276	110	23	0	8438
548	8492	102	38	22	0	8654
549	117	27	33	8493	0	8670
550	42	19	28	8189	0	8278
551	27	8333	30	115	0	8505
552	8292	110	16	40	0	8458
553	104	35	8452	38	0	8629
554	31	22	107	9201	0	9361
555	9331	22	37	180	0	9570
556	198	9460	30	57	0	9745
557	58	184	10329	23	0	10594
558	30	41	10532	22	0	10625
559	45	56	295	10153	0	10549
560	19	10550	73	241	0	10883
561	14	261	10733	38	0	11046
562	37	53	267	10605	0	10962
563	10835	18	48	286	0	11187
564	274	25	11092	45	0	11436
565	55	34	294	11049	0	11432
566	44	16	11221	290	0	11571
567	28	13	11462	49	0	11552
568	30	74	334	11258	0	11696
569	20	14	11518	303	0	11855
570	10199	8	312	72	0	10591
571	269	13	11192	29	0	11503
572	10526	5	286	41	0	10858
573	279	10902	63	22	0	11266
574	11202	268	31	31	0	11532
575	272	11421	43	18	0	11754
576	57	276	31	11477	0	11841
577	48	44	24	12005	0	12121
578	28	34	11742	301	0	12105
579	23	21	11853	66	0	11963
580	17	12	320	11942	0	12291
581	24	14	12067	305	0	12410
582	33	21	316	11657	0	12027
583	29	11524	81	275	0	11909
584	27	12176	55	72	0	12330
585	40	310	50	11964	0	12364
586	43	67	36	12202	0	12348
587	23	48	11923	321	0	12315
588	36	40	281	11621	0	11978
589	21	11517	66	317	0	11921
590	24	11632	50	84	0	11790
591	11	11897	52	69	0	12029
592	43	301	51	11128	0	11523
593	17	11272	58	283	0	11630
594	11169	296	49	81	0	11595
595	281	72	40	11131	0	11524
596	50	45	11064	306	0	11465
597	42	38	305	11032	0	11417
598	31	37	11170	322	0	11560
599	32	38	11193	84	0	11347
600	30	31	11242	66	0	11369
601	31	11183	333	74	0	11621
602	29	286	11359	54	0	11728
603	11236	60	334	70	0	11700
604	11528	56	100	58	0	11742
605	11683	55	87	45	0	11870
606	340	46	62	11460	0	11908
607	11379	38	65	329	0	11811
608	303	10988	72	90	0	11453
609	88	11700	51	83	0	11922
610	11570	318	63	78	0	12029
611	305	85	11675	80	0	12145
612	76	66	313	11709	0	12164
613	53	63	11907	320	0	12343
614	47	61	11938	92	0	12138
615	33	11918	349	91	0	12391
616	64	302	123	11316	0	11805
617	56	84	106	12224	0	12470
618	11923	63	94	357	0	12437
619	312	11904	53	132	0	12401
620	93	12301	71	90	0	12555
621	78	345	12068	101	0	12592
622	58	12371	322	93	0	12844
623	12220	329	129	104	0	12782
624	12345	116	111	104	0	12676
625	337	75	12457	72	0	12941
626	77	80	12617	91	0	12865
627	79	73	410	12014	0	12576
628	85	77	166	12079	0	12407
629	73	12163	141	345	0	12722
630	93	349	116	12072	0	12630
631	98	82	117	12291	0	12588
632	83	12126	109	399	0	12717
633	90	317	112	12187	0	12706
634	75	92	131	11966	0	12264
635	64	11681	117	386	0	12248
636	67	314	11771	136	0	12288
637	80	106	371	11927	0	12484
638	11958	96	137	379	0	12570
639	11923	77	126	117	0	12243
640	393	100	11639	87	0	12219
641	11322	85	341	127	0	11875
642	11755	94	94	136	0	12079
643	342	11608	94	128	0	12172
644	110	332	11304	121	0	11867
645	71	119	11495	128	0	11813
646	61	128	370	11945	0	12504
647	11964	83	157	390	0	12594
648	12586	84	117	142	0	12929
649	379	84	102	13027	0	13592
650	13822	85	78	417	0	14402
651	14334	80	75	140	0	14629
652	13865	89	92	143	0	14189
653	437	84	13317	128	0	13966
654	127	67	13203	93	0	13490
655	12891	49	282	110	0	13332
656	278	43	12960	73	0	13354
657	66	12034	182	39	0	12321
658	99	188	137	11880	0	12304
659	35	54	12361	165	0	12615
660	34	26	12122	53	0	12235
661	58	106	192	11702	0	12058
662	29	17	11979	166	0	12191
663	36	18	11657	58	0	11769
664	41	10720	154	43	0	10958
665	39	11413	57	26	0	11535
666	11570	149	52	27	0	11798
667	141	47	21	11377	0	11586
668	11416	25	21	132	0	11594
669	149	18	11235	30	0	11432
670	57	14	135	11130	0	11336
671	40	27	45	11319	0	11431
672	11200	10	28	164	0	11402
673	130	11240	26	55	0	11451
674	61	127	10324	32	0	10544
675	30	38	10847	34	0	10949
676	31	11097	151	19	0	11298
677	17	110	10936	18	0	11081
678	21	10903	121	18	0	11063
679	20	10340	41	13	0	10414
680	41	136	10515	11	0	10703
681	10184	33	124	23	0	10364
682	125	19	40	10698	0	10882
683	36	10809	33	123	0	11001
684	37	101	13	10843	0	10994
685	10857	27	21	131	0	11036
686	10675	22	15	42	0	10754
687	10669	15	15	43	0	10742
688	146	6	10505	13	0	10670
689	59	14	112	10273	0	10458
690	20	10640	42	103	0	10805
691	11108	105	40	38	0	11291
692	127	34	17	11243	0	11421
693	57	35	13	11005	0	11110
694	36	12	29	11485	0	11562
695	33	11	11429	151	0	11624
696	10717	11	114	76	0	10918
697	135	11518	36	32	0	11721
698	61	113	30	11490	0	11694
699	44	31	26	11584	0	11685
700	11481	24	23	154	0	11682
701	149	14	10726	50	0	10939
702	50	22	11471	29	0	11572
703	34	11431	160	29	0	11654
704	28	122	11851	20	0	12021
705	11298	48	168	35	0	11549
706	133	11777	58	35	0	12003
707	49	141	11846	35	0	12071
708	11462	48	139	43	0	11692
709	143	30	12437	25	0	12635
710	64	12521	162	30	0	12777
711	61	153	54	12604	0	12872
712	40	47	49	12789	0	12925
713	42	41	12546	174	0	12803
714	51	32	12205	59	0	12347
715	49	12365	189	42	0	12645
716	12265	140	81	42	0	12528
717	148	12655	53	40	0	12896
718	54	158	58	12677	0	12947
719	49	60	12619	149	0	12877
720	11775	40	177	72	0	12064
721	163	39	75	12264	0	12541
722	64	12016	56	148	0	12284
723	30	12560	66	59	0	12715
724	32	186	53	12498	0	12769
725	35	83	43	12685	0	12846
726	12526	60	42	188	0	12816
727	160	42	43	12716	0	12961
728	61	58	12689	186	0	12994
729	12487	39	166	90	0	12782
730	12965	25	67	73	0	13130
731	194	38	12955	56	0	13243
732	12904	29	155	64	0	13152
733	183	31	75	13464	0	13753
734	90	33	48	13628	0	13799
735	74	44	32	13709	0	13859
736	66	37	46	13412	0	13561
737	45	13618	44	213	0	13920
738	13957	167	43	100	0	14267
739	14338	75	49	94	0	14556
740	235	57	14388	55	0	14735
741	14933	35	171	80	0	15219
742	15759	39	83	65	0	15946
743	15977	41	47	59	0	16124
744	16450	34	48	58	0	16590
745	331	16283	39	52	0	16705
746	121	263	23	15737	0	16144
747	74	66	15835	237	0	16212
748	57	42	14950	83	0	15132
749	13975	141	316	84	0	14516
750	13937	47	151	54	0	14189
751	207	13567	40	31	0	13845
752	13664	153	28	34	0	13879
753	200	13690	17	20	0	13927
754	101	173	15	13768	0	14057
755	14036	50	15	187	0	14288
756	14035	37	5	67	0	14144
757	13895	19	15	52	0	13981
758	226	13695	20	24	0	13965
759	13751	165	14	31	0	13961
760	222	44	14	13804	0	14084
761	14000	32	16	185	0	14233
762	221	23	13639	52	0	13935
763	79	13748	159	37	0	14023
764	13753	170	52	25	0	14000
765	200	48	13714	22	0	13984
766	87	41	168	13677	0	13973
767	65	14	13818	169	0	14066
768	49	23	13750	47	0	13869
769	68	25	204	13681	0	13978
770	56	20	14032	170	0	14278
771	50	17	176	13930	0	14173
772	51	18	65	14040	0	14174
773	14098	15	40	223	0	14376
774	198	14046	32	71	0	14347
775	74	14180	27	52	0	14333
776	71	14391	23	32	0	14517
777	52	228	14301	32	0	14613
778	62	82	201	14151	0	14496
779	58	38	14498	192	0	14786
780	13828	31	222	73	0	14154
781	14370	20	76	56	0	14522
782	250	14394	47	42	0	14733
783	115	189	37	14153	0	14494
784	57	14502	31	197	0	14787
785	14583	217	30	73	0	14903
786	231	82	32	14572	0	14917
787	77	51	14554	229	0	14911
788	59	14372	209	82	0	14722
789	47	203	14690	50	0	14990
790	52	67	220	14552	0	14891
791	60	48	14431	212	0	14751
792	13788	44	236	83	0	14151
793	225	45	14355	69	0	14694
794	95	14410	239	36	0	14780
795	62	229	84	14401	0	14776
796	70	63	50	14743	0	14926
797	14465	54	48	276	0	14843
798	14560	36	46	101	0	14743
799	265	14357	46	83	0	14751
800	104	216	14265	42	0	14627
801	82	77	14114	46	0	14319
802	13952	56	258	55	0	14321
803	248	51	14178	43	0	14520
804	96	37	13781	41	0	13955
805	63	46	13798	51	0	13958
806	57	37	13731	49	0	13874
807	55	13724	282	42	0	14103
808	13814	216	118	53	0	14201
809	253	78	77	13495	0	13903
810	13402	57	60	226	0	13745
811	257	13275	57	87	0	13676
812	13316	227	54	67	0	13664
813	255	13584	57	50	0	13946
814	121	234	63	13508	0	13926
815	81	14233	69	207	0	14590
816	73	262	14082	67	0	14484
817	60	14503	259	61	0	14883
818	82	268	106	15564	0	16020
819	15660	98	87	269	0	16114
820	302	73	59	15663	0	16097
821	124	77	15600	281	0	16082
822	106	52	261	15199	0	15618
823	74	15633	111	292	0	16110
824	76	277	15659	112	0	16124
825	15573	111	281	92	0	16057
826	292	85	131	16035	0	16543
827	15676	66	94	305	0	16141
828	15899	67	73	142	0	16181
829	357	15884	78	106	0	16425
830	15376	270	76	109	0	15831
831	15996	118	65	88	0	16267
832	356	15921	81	66	0	16424
833	151	295	69	15772	0	16287
834	122	112	77	15720	0	16031
835	79	15704	64	356	0	16203
836	96	302	58	15851	0	16307
837	74	127	15598	320	0	16119
838	98	162	271	15244	0	15775
839	74	62	15093	307	0	15536
840	81	51	14014	129	0	14275
841	52	13829	290	84	0	14255
842	52	13641	110	78	0	13881
843	57	13985	73	55	0	14170
844	142	273	119	13190	0	13724
845	27	111	13292	195	0	13625
846	12887	49	202	102	0	13240
847	203	38	77	13242	0	13560
848	65	41	13223	204	0	13533
849	47	34	13091	88	0	13260
850	32	13361	231	55	0	13679
851	53	214	83	13163	0	13513
852	13023	78	54	208	0	13363
853	170	12895	59	70	0	13194
854	67	12913	42	58	0	13080
855	43	12908	41	44	0	13036
856	47	238	50	12863	0	13198
857	28	13293	46	197	0	13564
858	43	209	46	13925	0	14223
859	49	89	27	14305	0	14470
860	44	54	14010	295	0	14403
861	12769	52	215	141	0	13177
862	227	49	14207	55	0	14538
863	96	92	232	14175	0	14595
864	55	43	14328	250	0	14676
865	40	14241	254	98	0	14633
866	14178	230	128	79	0	14615
867	246	99	58	13930	0	14333
868	87	51	49	14261	0	14448
869	14086	52	49	296	0	14483
870	14012	34	43	134	0	14223
871	14436	31	36	87	0	14590
872	295	27	14117	70	0	14509
873	13482	28	206	66	0	13782
874	248	13715	77	41	0	14081
875	106	13945	48	37	0	14136
876	77	250	31	13605	0	13963
877	64	99	32	13347	0	13542
878	47	13443	25	261	0	13776
879	57	224	21	13475	0	13777
880	13345	103	27	257	0	13732
881	217	55	13395	110	0	13777
882	99	13249	196	61	0	13605
883	12868	220	79	68	0	13235
884	194	13106	47	63	0	13410
885	78	212	13075	61	0	13426
886	68	119	201	12927	0	13315
887	47	65	13000	219	0	13331
888	47	12857	209	101	0	13214
889	58	202	93	12797	0	13150
890	36	92	12740	213	0	13081
891	46	53	12753	97	0	12949
892	56	60	235	12774	0	13125
893	12750	48	109	226	0	13133
894	12831	40	71	113	0	13055
895	12871	37	42	87	0	13037
896	266	51	12898	54	0	13269
897	126	12853	190	63	0	13232
898	71	196	85	12891	0	13243
899	63	98	64	12698	0	12923
900	49	12858	54	246	0	13207
901	12795	215	34	123	0	13167
902	209	94	41	12890	0	13234
903	102	59	12826	234	0	13221
904	52	12828	203	116	0	13199
905	12485	208	91	95	0	12879
906	191	12747	64	75	0	13077
907	99	210	64	12561	0	12934
908	64	109	56	12650	0	12879
909	68	61	56	12740	0	12925
910	51	69	12513	270	0	12903
911	58	56	207	12253	0	12574
912	59	12094	103	230	0	12486
913	47	12055	63	134	0	12299
914	61	223	11656	82	0	12022
915	10835	89	181	90	0	11195
916	11364	56	84	78	0	11582
917	237	11062	40	60	0	11399
918	9928	138	59	61	0	10186
919	9942	48	30	68	0	10088
920	182	10254	38	41	0	10515
921	93	165	29	10350	0	10637
922	60	61	10683	170	0	10974
923	43	48	10302	75	0	10468
924	10454	50	187	65	0	10756
925	172	10640	66	48	0	10926
926	79	174	40	10633	0	10926
927	46	60	36	10686	0	10828
928	57	48	32	10674	0	10811
929	10453	50	32	224	0	10759
930	196	38	26	10479	0	10739
931	89	36	29	10485	0	10639
932	49	31	10059	200	0	10339
933	9454	28	156	90	0	9728
934	169	9921	61	53	0	10204
935	9857	164	32	55	0	10108
936	165	9735	44	45	0	9989
937	77	156	39	9799	0	10071
938	9857	61	39	168	0	10125
939	10010	36	28	90	0	10164
940	192	38	9896	54	0	10180
941	10235	28	140	65	0	10468
942	186	33	10398	42	0	10659
943	85	37	10015	48	0	10185
944	58	37	10102	41	0	10238
945	52	39	10769	45	0	10905
946	47	34	234	11069	0	11384
947	46	37	11222	211	0	11516
948	54	39	215	11085	0	11393
949	11150	36	75	249	0	11510
950	231	27	47	11123	0	11428
951	10940	43	58	243	0	11284
952	215	10905	34	109	0	11263
953	111	221	53	10958	0	11343
954	60	76	10761	239	0	11136
955	52	11263	207	98	0	11620
956	67	322	82	11004	0	11475
957	62	57	11085	230	0	11434
958	26	10572	199	72	0	10869
959	23	10812	65	54	0	10954
960	48	191	10672	38	0	10949
961	54	143	200	10249	0	10646
962	24	26	10341	183	0	10574
963	9799	24	183	53	0	10059
964	10163	10	51	41	0	10265
965	187	10057	36	22	0	10302
966	10115	159	20	27	0	10321
967	203	41	11	10150	0	10405
968	52	26	10045	170	0	10293
969	9663	18	156	52	0	9889
970	179	18	9850	33	0	10080
971	43	9846	172	32	0	10093
972	10131	174	65	19	0	10389
973	196	42	31	10140	0	10409
974	48	28	10203	173	0	10452
975	10052	22	182	51	0	10307
976	10164	16	46	43	0	10269
977	10255	16	38	32	0	10341
978	240	5	32	10035	0	10312
979	81	15	19	10255	0	10370
980	38	15	10051	214	0	10318
981	40	10058	179	62	0	10339
982	39	174	43	9968	0	10224
983	38	36	33	10286	0	10393
984	33	25	10081	217	0	10356
985	27	24	10035	61	0	10147
986	30	24	211	10067	0	10332
987	9952	14	72	203	0	10241
988	183	10004	53	60	0	10300
989	10020	187	39	65	0	10311
990	212	10041	44	34	0	10331
991	65	203	10018	34	0	10320
992	54	58	10199	33	0	10344
993	9992	46	231	45	0	10314
994	11043	26	69	46	0	11184
995	254	10944	54	55	0	11307
996	97	215	10764	48	0	11124
997	107	56	232	10651	0	11046
998	74	66	74	10558	0	10772
999	48	10818	74	281	0	11221
1000	54	223	53	10959	0	11289
1001	25	91	10918	279	0	11313
1002	10713	72	237	121	0	11143
1003	11071	43	86	98	0	11298
1004	10873	39	72	67	0	11051
1005	11325	38	54	51	0	11468
1006	358	23	10960	46	0	11387
1007	10927	21	243	42	0	11233
1008	326	36	10978	17	0	11357
1009	142	10899	273	33	0	11347
1010	117	202	115	11124	0	11558
1011	11345	80	95	242	0	11762
1012	279	57	77	11793	0	12206
1013	104	41	11818	305	0	12268
1014	11789	39	263	122	0	12213
1015	12188	41	94	111	0	12434
1016	361	27	83	12025	0	12496
1017	171	30	57	12294	0	12552
1018	122	31	11953	320	0	12426
1019	88	12083	258	141	0	12570
1020	11752	228	88	108	0	12176
1021	267	83	11145	68	0	11563
1022	10947	65	225	65	0	11302
1023	292	11217	98	43	0	11650
1024	11211	229	86	39	0	11565
1025	308	10892	46	36	0	11282
1026	142	10976	55	43	0	11216
1027	130	276	50	11056	0	11512
1028	79	114	53	11369	0	11615
1029	94	97	36	11414	0	11641
1030	91	55	33	11484	0	11663
1031	57	46	11142	355	0	11600
1032	10931	42	227	184	0	11384
1033	11334	30	91	142	0	11597
1034	11577	27	84	95	0	11783
1035	366	35	60	11314	0	11775
1036	190	30	57	11505	0	11782
1037	11431	33	37	312	0	11813
1038	11478	30	54	142	0	11704
1039	11477	32	32	121	0	11662
1040	357	43	47	11024	0	11471
1041	181	52	45	10886	0	11164
1042	142	28	10455	280	0	10905
1043	95	40	10127	148	0	10410
1044	76	10276	249	113	0	10714
1045	9413	253	234	136	0	10036
1046	9432	76	90	67	0	9665
1047	9467	61	43	72	0	9643
1048	258	37	9637	66	0	9998
1049	9565	35	162	65	0	9827
1050	9794	31	72	61	0	9958
1051	9910	26	57	54	0	10047
1052	278	18	36	9699	0	10031
1053	170	21	40	9645	0	9876
1054	126	25	42	9648	0	9841
1055	100	28	8495	239	0	8862
1056	8317	17	101	145	0	8580
1057	177	8646	48	91	0	8962
1058	8125	115	34	71	0	8345
1059	184	7928	25	60	0	8197
1060	112	8086	24	48	0	8270
1061	125	170	43	7982	0	8320
1062	78	89	36	7928	0	8131
1063	63	7917	21	173	0	8174
1064	7867	118	16	122	0	8123
1065	7918	57	19	92	0	8086
1066	168	53	34	7824	0	8079
1067	119	29	7791	140	0	8079
1068	106	27	7511	81	0	7725
1069	99	11	7786	63	0	7959
1070	81	25	7814	46	0	7966
1071	7548	49	189	65	0	7851
1072	7551	23	97	46	0	7717
1073	173	21	68	7385	0	7647
1074	121	16	7341	108	0	7586
1075	90	28	103	7390	0	7611
1076	70	7311	53	145	0	7579
1077	62	7991	50	84	0	8187
1078	8205	127	40	79	0	8451
1079	8264	83	35	63	0	8445
1080	8353	63	25	64	0	8505
1081	184	48	24	8215	0	8471
1082	132	31	16	8387	0	8566
1083	101	26	25	8409	0	8561
1084	87	19	22	8390	0	8518
1085	80	22	8317	185	0	8604
1086	85	14	97	8381	0	8577
1087	8675	18	59	172	0	8924
1088	131	12	53	8794	0	8990
1089	86	17	33	8897	0	9033
1090	74	55	36	8754	0	8919
1091	68	8467	28	198	0	8761
1092	66	8342	29	115	0	8552
1093	50	8456	29	83	0	8618
1094	48	89	31	7885	0	8053
1095	42	40	24	7950	0	8056
1096	7984	21	12	111	0	8128
1097	7966	9	11	73	0	8059
1098	8026	15	16	46	0	8103
1099	104	20	14	7944	0	8082
1100	56	13	17	7951	0	8037
1101	50	7833	16	103	0	8002
1102	43	8061	8	57	0	8169
1103	8035	79	11	36	0	8161
1104	103	24	19	7969	0	8115
1105	7925	15	19	96	0	8055
1106	8084	14	15	51	0	8164
1107	99	9	19	7991	0	8118
1108	40	8330	13	87	0	8470
1109	8462	71	13	41	0	8587
1110	8611	18	7	47	0	8683
1111	99	14	8697	34	0	8844
1112	8108	10	53	34	0	8205
1113	62	8290	9	16	0	8377
1114	24	50	4	8448	0	8526
1115	9154	12	2	82	0	9250
1116	77	7	6	9155	0	9245
1117	36	4	4	9208	0	9252
1118	19	9214	6	70	0	9309
1119	9215	59	2	47	0	9323
1120	9176	18	2	35	0	9231
1121	80	9144	4	11	0	9239
1122	29	9479	4	7	0	9519
1123	9517	65	14	17	0	9613
1124	9464	21	2	18	0	9505
1125	70	17	9340	10	0	9437
1126	37	4	8897	15	0	8953
1127	17	7	9379	8	0	9411
1128	12	2	76	9461	0	9551
1129	19	8	19	9676	0	9722
1130	8	6	9642	75	0	9731
1131	9396	3	57	40	0	9496
1132	9931	7	18	29	0	9985
1133	9980	7	7	19	0	10013
1134	9824	6	7	26	0	9863
1135	86	9	10468	6	0	10569
1136	10526	4	63	32	0	10625
1137	10688	4	38	30	0	10760
1138	10692	11	13	32	0	10748
1139	10852	5	9	30	0	10896
1140	10794	4	4	30	0	10832
1141	83	7	10909	14	0	11013
1142	28	10859	60	20	0	10967
1143	35	60	14	10702	0	10811
1144	22	16	11	11160	0	11209
1145	21	13	11083	77	0	11194
1146	10371	11	58	40	0	10480
1147	77	7	19	10793	0	10896
1148	35	11	10734	63	0	10843
1149	27	11	10005	32	0	10075
1150	21	10862	71	29	0	10983
1151	24	66	23	11092	0	11205
1152	20	15	17	11167	0	11219
1153	20	17	5	11077	0	11119
1154	11176	11	5	98	0	11290
1155	75	6	7	11153	0	11241
1156	25	9	11080	83	0	11197
1157	29	13	10145	46	0	10233
1158	29	11	11287	25	0	11352
1159	28	14	76	11554	0	11672
1160	11742	10	32	91	0	11875
1161	80	11	11808	26	0	11925
1162	11579	7	68	46	0	11700
1163	12755	12	20	61	0	12848
1164	92	11	17	12997	0	13117
1165	48	6	11	13082	0	13147
1166	31	12962	13	89	0	13095
1167	26	65	13153	34	0	13278
1168	12891	18	70	58	0	13037
1169	83	13	27	13483	0	13606
1170	36	13395	21	79	0	13531
1171	33	63	9	13625	0	13730
1172	24	23	13593	81	0	13721
1173	33	27	71	13364	0	13495
1174	24	13424	24	84	0	13556
1175	26	64	19	13413	0	13522
1176	13356	19	11	101	0	13487
1177	77	27	8	12988	0	13100
1178	30	12668	14	93	0	12805
1179	32	12897	17	33	0	12979
1180	12553	67	18	48	0	12686
1181	74	28	12923	19	0	13044
1182	32	27	66	12795	0	12920
1183	29	16	22	13161	0	13228
1184	23	9	13301	83	0	13416
1185	17	13194	74	42	0	13327
1186	21	69	13232	35	0	13357
1187	28	52	70	12992	0	13142
1188	17	13185	30	56	0	13288
1189	13433	57	15	51	0	13556
1190	55	13348	16	32	0	13451
1191	39	13473	11	31	0	13554
1192	13650	65	25	43	0	13783
1193	13754	16	14	55	0	13839
1194	13923	14	12	49	0	13998
1195	81	6	11	14081	0	14179
1196	32	11	14111	52	0	14206
1197	13966	6	59	64	0	14095
1198	14872	6	16	60	0	14954
1199	93	8	17	15250	0	15368
1200	34	13	15281	71	0	15399
1201	25	15121	76	26	0	15248
1202	15191	70	20	57	0	15338
1203	15442	21	17	60	0	15540
1204	88	15588	13	14	0	15703
1205	37	15946	7	16	0	16006
1206	15916	88	15	42	0	16061
1207	15915	28	9	46	0	15998
1208	15635	21	7	35	0	15698
1209	112	7	5	15556	0	15680
1210	39	15	15526	78	0	15658
1211	42	15	72	15113	0	15242
1212	25	13	15227	90	0	15355
1213	13	14804	84	31	0	14932
1214	18	15043	18	28	0	15107
1215	52	69	29	14174	0	14324
1216	21	21	12	14357	0	14411
1217	22	17	8	14106	0	14153
1218	15	14299	7	87	0	14408
1219	14228	66	9	48	0	14351
1220	14131	25	9	49	0	14214
1221	77	14310	12	18	0	14417
1222	42	65	7	13980	0	14094
1223	28	14064	6	71	0	14169
1224	22	70	9	14001	0	14102
1225	21	14106	9	65	0	14201
1226	14188	73	6	45	0	14312
1227	81	26	7	13953	0	14067
1228	28	23	13896	76	0	14023
1229	13510	16	64	57	0	13647
1230	13743	14	20	56	0	13833
1231	80	20	13693	32	0	13825
1232	53	20	74	13650	0	13797
1233	26	26	13839	75	0	13966
1234	27	22	69	13822	0	13940
1235	26	22	13288	80	0	13416
1236	12765	30	74	76	0	12945
1237	90	26	22	13019	0	13157
1238	42	13165	18	77	0	13302
1239	13538	89	10	59	0	13696
1240	112	34	11	13774	0	13931
1241	54	31	11	13765	0	13861
1242	47	34	13673	113	0	13867
1243	54	25	92	14352	0	14523
1244	29	22	14852	170	0	15073
1245	31	26	15272	51	0	15380
1246	47	17	176	15871	0	16111
1247	28	22	17068	174	0	17292
1248	17168	18	202	100	0	17488
1249	19691	18	67	93	0	19869
1250	20360	33	37	93	0	20523
1251	382	21523	36	47	0	21988
1252	203	322	26	21728	0	22279
1253	143	147	25	20884	0	21199
1254	63	22187	33	401	0	22684
1255	22161	359	21	198	0	22739
1256	384	140	19	22107	0	22650
1257	147	80	22414	372	0	23013
1258	98	68	21471	165	0	21802
1259	64	21723	429	122	0	22338
1260	21941	351	181	99	0	22572
1261	379	141	21828	71	0	22419
1262	20952	68	385	90	0	21495
1263	401	20487	168	74	0	21130
1264	170	339	20805	56	0	21370
1265	114	134	19318	44	0	19610
1266	82	66	20802	62	0	21012
1267	62	20356	487	57	0	20962
1268	88	339	20577	44	0	21048
1269	20048	141	417	62	0	20668
1270	433	83	192	19427	0	20135
1271	214	58	99	20656	0	21027
1272	131	44	74	20836	0	21085
1273	123	55	52	20967	0	21197
1274	66	52	20586	549	0	21253
1275	120	43	366	20530	0	21059
1276	106	31	165	20886	0	21188
1277	20389	41	113	550	0	21093
1278	20897	53	84	281	0	21315
1279	19489	44	92	235	0	19860
1280	499	55	20019	108	0	20681
1281	236	20492	364	97	0	21189
1282	138	21476	174	91	0	21879
1283	20183	480	108	118	0	20889
1284	383	21014	109	80	0	21586
1285	228	445	96	20744	0	21513
1286	155	200	95	21232	0	21682
1287	92	126	20829	526	0	21573
1288	82	20584	418	249	0	21333
1289	87	401	20159	146	0	20793
1290	20162	186	446	137	0	20931
1291	20871	105	198	125	0	21299
1292	544	75	136	20557	0	21312
1293	257	60	123	20474	0	20914
1294	160	66	101	20547	0	20874
1295	139	62	95	20719	0	21015
1296	102	55	20338	636	0	21131
1297	120	83	417	20097	0	20717
1298	79	47	20140	528	0	20794
1299	75	39	19438	260	0	19812
1300	59	19572	539	169	0	20339
1301	19671	392	234	162	0	20459
1302	417	20101	154	124	0	20796
1303	216	482	101	19693	0	20492
1304	116	187	20387	467	0	21157
1305	19898	99	489	233	0	20719
1306	496	84	20209	149	0	20938
1307	20266	64	528	144	0	21002
1308	20675	77	250	108	0	21110
1309	684	67	146	20851	0	21748
1310	319	67	128	20926	0	21440
1311	208	77	110	21132	0	21527
1312	152	87	20400	720	0	21359
1313	20073	90	486	359	0	21008
1314	553	20246	231	242	0	21272
1315	315	499	149	20215	0	21178
1316	20420	211	121	587	0	21339
1317	20844	140	114	293	0	21391
1318	20982	128	114	225	0	21449
1319	801	126	19969	203	0	21099
1320	20605	148	529	217	0	21499
1321	20949	184	249	244	0	21626
1322	780	139	17850	274	0	19043
1323	363	132	20965	200	0	21660
1324	281	160	710	20792	0	21943
1325	244	88	21200	615	0	22147
1326	161	20164	765	325	0	21415
1327	168	21253	441	151	0	22013
1328	20592	701	336	140	0	21769
1329	641	21258	209	134	0	22242
1330	360	630	225	21158	0	22373
1331	20561	274	251	625	0	21711
1332	651	21256	187	306	0	22400
1333	288	643	211	21132	0	22274
1334	196	235	265	21584	0	22280
1335	168	156	21006	820	0	22150
1336	192	129	669	21044	0	22034
1337	180	138	20875	776	0	21969
1338	181	78	20852	432	0	21543
1339	260	59	688	20280	0	21287
1340	189	64	284	20784	0	21321
1341	20096	69	189	919	0	21273
1342	600	21057	165	498	0	22320
1343	298	512	153	20450	0	21413
1344	244	452	141	20330	0	21167
1345	19249	118	90	835	0	20292
1346	643	18496	84	409	0	19632
1347	340	17406	83	205	0	18034
1348	209	16500	76	169	0	16954
1349	115	14794	94	87	0	15090
1350	12690	396	464	80	0	13630
1351	12395	124	102	66	0	12687
1352	12046	61	42	72	0	12221
1353	12060	50	38	46	0	12194
1354	414	48	27	11678	0	12167
1355	138	39	11485	312	0	11974
1356	83	11366	281	107	0	11837
1357	89	282	99	11220	0	11690
1358	71	86	11197	311	0	11665
1359	63	56	296	11092	0	11507
1360	75	32	86	11310	0	11503
1361	55	50	11067	365	0	11537
1362	50	33	310	11098	0	11491
1363	78	28	106	10711	0	10923
1364	11153	42	56	396	0	11647
1365	11223	31	56	151	0	11461
1366	11172	39	38	101	0	11350
1367	11184	40	39	93	0	11356
1368	409	33	36	10847	0	11325
1369	182	32	36	11034	0	11284
1370	128	32	44	11066	0	11270
1371	10777	32	34	416	0	11259
1372	361	40	38	10848	0	11287
1373	142	41	33	11035	0	11251
1374	97	39	10531	418	0	11085
1375	103	64	312	10364	0	10843
1376	94	10131	91	350	0	10666
1377	76	10742	48	156	0	11022
1378	10282	320	51	104	0	10757
1379	351	111	10141	79	0	10682
1380	130	9820	276	76	0	10302
1381	9683	291	101	81	0	10156
1382	338	102	65	9611	0	10116
1383	128	69	9617	312	0	10126
1384	100	95	281	9415	0	9891
1385	62	9895	92	322	0	10371
1386	9846	276	70	132	0	10324
1387	291	10008	57	134	0	10490
1388	9981	303	61	102	0	10447
1389	10258	97	43	88	0	10486
1390	380	74	29	10032	0	10515
1391	142	57	35	9900	0	10134
1392	98	9949	26	370	0	10443
1393	10034	292	27	147	0	10500
1394	339	90	9889	104	0	10422
1395	9553	83	251	86	0	9973
1396	9528	45	72	91	0	9736
1397	359	36	9076	87	0	9558
1398	143	83	245	8634	0	9105
1399	8723	30	84	298	0	9135
1400	277	36	8634	116	0	9063
1401	112	31	8392	92	0	8627
1402	7836	31	270	89	0	8226
1403	237	7729	94	74	0	8134
1404	95	7473	56	47	0	7671
1405	113	240	69	7256	0	7678
1406	54	94	7235	205	0	7588
1407	6899	72	193	86	0	7250
1408	226	38	7008	61	0	7333
1409	68	6504	187	55	0	6814
1410	6525	167	76	60	0	6828
1411	187	66	51	6510	0	6814
1412	6546	48	36	180	0	6810
1413	212	36	6440	72	0	6760
1414	92	39	159	6294	0	6584
1415	89	6503	54	168	0	6814
1416	63	172	45	6482	0	6762
1417	67	64	30	6660	0	6821
1418	65	50	6557	205	0	6877
1419	62	6332	155	103	0	6652
1420	50	6404	61	102	0	6617
1421	55	164	6143	51	0	6413
1422	5815	77	149	55	0	6096
1423	5999	41	62	46	0	6148
1424	203	40	61	5818	0	6122
1425	5633	26	34	146	0	5839
1426	172	5364	41	66	0	5643
1427	76	5650	39	58	0	5823
1428	5710	147	38	50	0	5945
1429	180	84	36	5670	0	5970
1430	5801	43	38	141	0	6023
1431	5949	24	29	72	0	6074
1432	181	31	30	5716	0	5958
1433	113	35	5663	136	0	5947
1434	5623	30	124	71	0	5848
1435	5718	24	59	64	0	5865
1436	193	22	48	5579	0	5842
1437	96	5610	40	137	0	5883
1438	77	145	35	5630	0	5887
1439	57	47	5569	149	0	5822
1440	56	38	5434	78	0	5606
1441	45	5392	141	82	0	5660
1442	109	81	76	4241	0	4507
1443	18	30	31	4345	0	4424
1444	23	29	4289	76	0	4417
1445	4164	13	65	53	0	4295
1446	4389	13	29	28	0	4459
1447	4391	11	30	24	0	4456
1448	4383	9	15	24	0	4431
1449	107	4226	12	16	0	4361
1450	56	4396	16	14	0	4482
1451	4509	80	13	21	0	4623
1452	91	38	16	4586	0	4731
1453	42	28	12	4689	0	4771
1454	38	4695	6	104	0	4843
1455	29	77	14	4751	0	4871
1456	31	31	13	4719	0	4794
1457	29	4634	12	111	0	4786
1458	20	82	4625	63	0	4790
1459	34	35	76	4678	0	4823
1460	4674	26	27	93	0	4820
1461	4648	24	26	48	0	4746
1462	110	16	4559	33	0	4718
1463	71	12	4458	25	0	4566
1464	50	14	4502	25	0	4591
1465	36	15	102	4458	0	4611
1466	29	18	4459	82	0	4588
1467	16	14	4457	44	0	4531
1468	42	48	103	4414	0	4607
1469	24	4512	47	84	0	4667
1470	23	77	4593	45	0	4738
1471	22	4658	85	32	0	4797
1472	4571	80	34	37	0	4722
1473	76	4608	33	26	0	4743
1474	46	75	24	4561	0	4706
1475	4599	39	13	77	0	4728
1476	76	31	19	4592	0	4718
1477	40	19	18	4663	0	4740
1478	32	15	4676	102	0	4825
1479	31	4455	73	51	0	4610
1480	22	4622	37	35	0	4716
1481	14	86	19	4499	0	4618
1482	11	34	24	4496	0	4565
1483	15	25	16	4398	0	4454
1484	16	19	4233	86	0	4354
1485	12	9	3976	44	0	4041
1486	3782	9	67	35	0	3893
1487	58	10	3946	17	0	4031
1488	24	8	3929	12	0	3973
1489	13	3911	60	9	0	3993
1490	17	66	30	3952	0	4065
1491	9	17	3996	56	0	4078
1492	9	15	58	3888	0	3970
1493	11	8	4048	66	0	4133
1494	8	5	64	4054	0	4131
1495	7	8	4251	70	0	4336
1496	6	8	66	4215	0	4295
1497	5	7	32	4246	0	4290
1498	7	4319	17	78	0	4421
1499	7	53	16	4352	0	4428
1500	5	4403	18	75	0	4501
1501	6	57	8	4475	0	4546
1502	7	24	11	4490	0	4532
1503	4386	7	16	89	0	4498
1504	60	14	10	4377	0	4461
1505	22	10	4341	75	0	4448
1506	15	10	58	4338	0	4421
1507	11	10	23	4397	0	4441
1508	8	7	4305	91	0	4411
1509	4	6	4253	41	0	4304
1510	12	7	71	4214	0	4304
1511	8	6	36	4357	0	4407
1512	8	17	4307	79	0	4411
1513	7	4119	70	42	0	4238
1514	6	4315	25	39	0	4385
1515	4259	68	16	34	0	4377
1516	60	28	18	4335	0	4441
1517	4397	13	21	74	0	4505
1518	4289	14	15	42	0	4360
1519	73	4375	11	27	0	4486
1520	4408	60	15	28	0	4511
1521	4440	21	19	23	0	4503
1522	82	15	4389	16	0	4502
1523	31	23	51	4436	0	4541
1524	23	10	4538	59	0	4630
1525	21	9	67	4548	0	4645
1526	8	13	4571	65	0	4657
1527	15	4317	57	38	0	4427
1528	10	4398	40	20	0	4468
1529	29	67	16	4280	0	4392
1530	4238	13	18	60	0	4329
1531	45	14	14	4248	0	4321
1532	18	7	10	4255	0	4290
1533	11	6	4257	67	0	4341
1534	9	6	4200	33	0	4248
1535	3	10	4271	24	0	4308
1536	9	5	64	4268	0	4346
1537	12	13	26	4213	0	4264
1538	5	4206	20	69	0	4300
1539	9	4373	10	29	0	4421
1540	4286	59	13	27	0	4385
1541	50	4298	12	30	0	4390
1542	17	62	4258	12	0	4349
1543	12	21	53	4205	0	4291
1544	10	13	4379	67	0	4469
1545	4	4448	62	26	0	4540
1546	8	60	29	4486	0	4583
1547	4383	22	15	62	0	4482
1548	42	8	4434	26	0	4510
1549	14	4470	55	23	0	4562
1550	13	44	4454	27	0	4538
1551	9	4409	56	15	0	4489
1552	29	68	33	4144	0	4274
1553	4223	17	10	55	0	4305
1554	4180	9	6	27	0	4222
1555	43	4140	8	21	0	4212
1556	4185	40	8	25	0	4258
1557	45	13	8	4192	0	4258
1558	4228	10	11	49	0	4298
1559	47	6	4287	21	0	4361
1560	20	4	4336	17	0	4377
1561	14	8	62	4251	0	4335
1562	11	6	17	4522	0	4556
1563	9	8	4468	59	0	4544
1564	11	10	47	4468	0	4536
1565	4505	10	16	67	0	4598
1566	4530	7	15	23	0	4575
1567	59	4338	14	16	0	4427
1568	19	4345	8	20	0	4392
1569	4263	56	12	18	0	4349
1570	53	18	16	4202	0	4289
1571	4188	6	11	60	0	4265
1572	55	4162	9	23	0	4249
1573	4177	47	12	20	0	4256
1574	55	17	4103	15	0	4190
1575	18	10	4099	7	0	4134
1576	19	12	59	4181	0	4271
1577	14	11	4231	50	0	4306
1578	8	11	50	4141	0	4210
1579	16	8	20	4023	0	4067
1580	5	7	4418	64	0	4494
1581	13	14	53	4435	0	4515
1582	10	9	22	4696	0	4737
1583	10	11	4838	78	0	4937
1584	10	9	4864	17	0	4900
1585	4803	16	67	24	0	4910
1586	61	8	5043	13	0	5125
1587	5229	6	81	13	0	5329
1588	5646	5	29	16	0	5696
1589	92	4	5685	19	0	5800
1590	37	8	5848	11	0	5904
1591	20	31	100	5669	0	5820
1592	21	8	25	5595	0	5649
1593	10	5678	24	95	0	5807
1594	11	5857	17	43	0	5928
1595	8	85	5802	19	0	5914
1596	5622	37	78	18	0	5755
1597	5783	14	33	18	0	5848
1598	96	6	5677	19	0	5798
1599	43	6	5699	5	0	5753
1600	28	5	95	5591	0	5719
1601	19	5695	33	68	0	5815
1602	20	74	21	5883	0	5998
1603	19	30	17	5972	0	6038
1604	5989	15	11	94	0	6109
1605	6018	4	15	40	0	6077
1606	107	10	11	6144	0	6272
1607	45	8	6151	82	0	6286
1608	5931	7	76	43	0	6057
1609	76	6310	35	22	0	6443
1610	6398	64	12	18	0	6492
1611	6307	29	19	17	0	6372
1612	98	6331	10	16	0	6455
1613	37	6496	10	14	0	6557
1614	23	97	17	6456	0	6593
1615	25	34	6	6514	0	6579
1616	20	6393	8	104	0	6525
1617	11	71	16	6520	0	6618
1618	15	31	14	6576	0	6636
1619	13	13	6481	111	0	6618
1620	6359	9	83	44	0	6495
1621	6615	5	33	24	0	6677
1622	6647	7	15	19	0	6688
1623	116	3	13	6516	0	6648
1624	6451	4	12	78	0	6545
1625	85	6343	14	35	0	6477
1626	48	78	12	6134	0	6272
1627	23	6181	6	72	0	6282
1628	11	6461	4	33	0	6509
1629	6514	88	17	21	0	6640
1630	6555	30	9	13	0	6607
1631	6489	14	5	15	0	6523
1632	6472	13	8	12	0	6505
1633	6468	8	8	13	0	6497
1634	114	8	6464	15	0	6601
1635	6387	10	75	12	0	6484
1636	92	6	6658	15	0	6771
1637	6479	6	74	25	0	6584
1638	6663	7	33	9	0	6712
1639	6587	6	17	19	0	6629
1640	111	6	6769	21	0	6907
1641	50	17	76	6765	0	6908
1642	28	7059	33	52	0	7172
1643	7207	73	14	31	0	7325
1644	7163	34	25	14	0	7236
1645	112	7159	16	12	0	7299
1646	7333	71	10	15	0	7429
1647	92	34	20	7212	0	7358
1648	44	7315	12	74	0	7445
1649	7344	72	7	54	0	7477
1650	7345	34	17	29	0	7425
1651	116	21	13	7332	0	7482
1652	7417	11	17	86	0	7531
1653	92	5	28	7451	0	7576
1654	61	7	15	7512	0	7595
1655	44	8	7476	100	0	7628
1656	27	16	82	7355	0	7480
1657	27	11	36	7493	0	7567
1658	17	10	7456	113	0	7596
1659	26	16	7280	45	0	7367
1660	31	16	88	7357	0	7492
1661	18	12	7473	83	0	7586
1662	7016	7	75	47	0	7145
1663	83	7484	31	24	0	7622
1664	38	63	16	7654	0	7771
1665	25	28	17	7775	0	7845
1666	28	17	13	7701	0	7759
1667	7791	18	6	102	0	7917
1668	7767	11	7	48	0	7833
1669	7859	9	6	36	0	7910
1670	97	7799	6	34	0	7936
1671	50	68	4	7941	0	8063
1672	30	30	5	7995	0	8060
1673	7928	9	5	102	0	8044
1674	7930	21	8	44	0	8003
1675	94	14	7	7948	0	8063
1676	47	16	7903	73	0	8039
1677	7771	11	60	53	0	7895
1678	7984	7	24	34	0	8049
1679	96	10	8071	19	0	8196
1680	7513	8	49	22	0	7592
1681	67	7	7936	24	0	8034
1682	7795	5	46	20	0	7866
1683	64	79	30	7906	0	8079
1684	42	8235	12	52	0	8341
1685	22	46	8470	24	0	8562
1686	26	8373	53	14	0	8466
1687	21	7614	25	9	0	7669
1688	8198	59	48	47	0	8352
1689	42	14	13	8122	0	8191
1690	14	3	0	8007	0	8024
1691	8310	4	0	58	0	8372
1692	34	2	3	8384	0	8423
1693	13	2	1	8354	0	8370
1694	6	2	3	8328	0	8339
1695	9	3	1	8241	0	8254
1696	7	4	8266	37	0	8314
1697	7	3	7967	10	0	7987
1698	6	8141	31	6	0	8184
1699	8275	30	9	15	0	8329
1700	33	9	4	8397	0	8443
1701	9	8173	4	45	0	8231
1702	9	34	3	8753	0	8799
1703	9	5	5	8776	0	8795
1704	8	2	4	8753	0	8767
1705	6	8	2	8866	0	8882
1706	11	2	1	8824	0	8838
1707	2	8677	3	46	0	8728
1708	2	30	4	8803	0	8839
1709	7	9	8630	36	0	8682
1710	4	8613	29	19	0	8665
1711	10	33	7	8725	0	8775
1712	11	6	6	8674	0	8697
1713	1	8538	4	40	0	8583
1714	2	8654	5	13	0	8674
1715	8558	30	3	23	0	8614
1716	27	8519	4	13	0	8563
1717	8473	24	1	20	0	8518
1718	8418	2	3	19	0	8442
1719	27	5	8827	10	0	8869
1720	21	7	23	8531	0	8582
1721	7	7	8966	31	0	9011
1722	6	9159	33	20	0	9218
1723	29	55	11	8445	0	8540
1724	12	4	6	9273	0	9295
1725	12	9	2	9410	0	9433
1726	9	3	4	9498	0	9514
1727	7	6	9663	49	0	9725
1728	14	5	40	9592	0	9651
1729	7	12	9671	44	0	9734
1730	8	3	9482	17	0	9510
1731	9270	4	40	30	0	9344
1732	9853	1	10	27	0	9891
1733	9891	2	5	19	0	9917
1734	43	9690	7	5	0	9745
1735	10	39	0	9804	0	9853
1736	7	6	9960	42	0	10015
1737	16	4	38	9828	0	9886
1738	6	6	10271	48	0	10331
1739	10108	0	43	35	0	10186
1740	10109	7	8	26	0	10150
1741	10038	7	5	26	0	10076
1742	55	1	9810	9	0	9875
1743	13	6	9642	7	0	9668
1744	13	14	39	9947	0	10013
1745	22	4	16	9361	0	9403
1746	10	3	5	10103	0	10121
1747	7	5	10107	46	0	10165
1748	11	3	9376	14	0	9404
1749	9775	4	42	23	0	9844
1750	42	1	8	10285	0	10336
1751	12	1	11	10330	0	10354
1752	10504	5	5	66	0	10580
1753	42	2	5	10465	0	10514
1754	11000	1	13	70	0	11084
1755	11284	2	9	45	0	11340
1756	11267	4	9	24	0	11304
1757	52	6	11453	9	0	11520
1758	12	11318	40	33	0	11403
1759	11793	39	8	46	0	11886
1760	53	4	12	11832	0	11901
1761	14	5	6	11801	0	11826
1762	9	11830	5	53	0	11897
1763	11819	41	6	38	0	11904
1764	11758	9	6	33	0	11806
1765	11867	4	7	18	0	11896
1766	55	11888	10	15	0	11968
1767	12476	50	5	42	0	12573
1768	12534	5	2	37	0	12578
1769	12555	4	7	29	0	12595
1770	65	2	9	12417	0	12493
1771	18	3	3	12478	0	12502
1772	16	3	12693	57	0	12769
1773	18	8	51	12404	0	12481
1774	34	3	10	12437	0	12484
1775	11	9	12636	58	0	12714
1776	12131	5	40	30	0	12206
1777	12669	1	8	24	0	12702
1778	61	6	6	12573	0	12646
1779	14	12290	9	49	0	12362
1780	12	12430	3	16	0	12461
1781	19	76	6	12371	0	12472
1782	14	19	12116	51	0	12200
1783	30	22	45	11723	0	11820
1784	11	6	11690	48	0	11755
1785	7	4	11461	12	0	11484
1786	13	1	30	11852	0	11896
1787	11945	1	7	63	0	12016
1788	11694	2	5	27	0	11728
1789	45	2	4	11968	0	12019
1790	18	1	6	11926	0	11951
1791	13	2	3	11954	0	11972
1792	15	1	1	11856	0	11873
1793	11921	3	3	59	0	11986
1794	11798	4	3	33	0	11838
1795	11777	2	5	32	0	11816
1796	35	5	11810	8	0	11858
1797	21	5	33	11720	0	11779
1798	12	3	9	11991	0	12015
1799	11939	2	5	48	0	11994
1800	37	11731	9	8	0	11785
1801	11730	31	3	31	0	11795
1802	11662	6	3	31	0	11702
1803	11567	2	7	32	0	11608
1804	11505	2	1	34	0	11542
1805	57	9	11554	9	0	11629
1806	32	8	10749	11	0	10800
1807	12034	1	59	41	0	12135
1808	12328	0	11	24	0	12363
1809	12334	1	6	28	0	12369
1810	12599	3	4	27	0	12633
1811	73	7	13480	21	0	13581
1812	18	14218	98	15	0	14349
1813	50	115	31	15257	0	15453
1814	16104	37	11	176	0	16328
1815	16396	15	8	98	0	16517
1816	17493	5	6	54	0	17558
1817	17864	4	7	33	0	17908
1818	18142	4	8	41	0	18195
1819	17596	1	7	31	0	17635
1820	365	16	15350	41	0	15772
1821	162	8	16616	12	0	16798
1822	121	26	229	16464	0	16840
1823	74	6	16783	188	0	17051
1824	73	16174	223	94	0	16564
1825	52	16268	121	45	0	16486
1826	66	265	64	17053	0	17448
1827	46	108	17525	210	0	17889
1828	43	41	16734	111	0	16929
1829	17028	40	315	68	0	17451
1830	18775	39	126	61	0	19001
1831	387	29	67	18993	0	19476
1832	19259	19	58	341	0	19677
1833	376	25	57	19206	0	19664
1834	194	17	47	19361	0	19619
1835	108	19	19345	429	0	19901
1836	80	13	18623	185	0	18901
1837	88	20	421	18852	0	19381
1838	65	23	18826	339	0	19253
1839	17967	8	347	204	0	18526
1840	19039	7	163	116	0	19325
1841	443	19149	105	63	0	19760
1842	19520	304	58	92	0	19974
1843	408	121	19124	55	0	19708
1844	19050	47	355	54	0	19506
1845	19503	20	147	67	0	19737
1846	19737	24	79	57	0	19897
1847	579	29	47	18932	0	19587
1848	263	19044	66	313	0	19686
1849	19427	313	56	157	0	19953
1850	19651	127	47	92	0	19917
1851	578	56	46	19612	0	20292
1852	19632	33	58	428	0	20151
1853	474	19788	47	213	0	20522
1854	269	382	61	19602	0	20314
1855	167	159	19184	439	0	19949
1856	18148	67	407	245	0	18867
1857	480	52	19199	135	0	19866
1858	280	80	427	19219	0	20006
1859	166	18871	193	429	0	19659
1860	154	20439	118	204	0	20915
1861	199	550	88	20466	0	21303
1862	190	19617	112	498	0	20417
1863	192	613	86	25902	0	26793
1864	182	227	93	27322	0	27824
1865	194	152	72	27826	0	28244
1866	26644	102	70	1145	0	27961
1867	901	95	59	26761	0	27816
1868	384	92	25972	1021	0	27469
1869	253	26060	750	462	0	27525
1870	26402	774	233	341	0	27750
1871	999	265	140	26332	0	27736
1872	484	150	117	26914	0	27665
1873	339	115	118	27341	0	27913
1874	217	136	26077	1153	0	27583
1875	214	26153	783	524	0	27674
1876	26460	801	327	365	0	27953
1877	927	309	177	25589	0	27002
1878	369	26613	160	921	0	28063
1879	26687	897	145	445	0	28174
1880	924	374	26348	286	0	27932
1881	26458	217	844	288	0	27807
1882	1027	177	26717	240	0	28161
1883	472	187	26639	222	0	27520
1884	280	26542	1065	277	0	28164
1885	309	856	411	25950	0	27526
1886	231	316	26054	956	0	27557
1887	207	25045	972	469	0	26693
1888	233	868	441	24977	0	26519
1889	175	25330	281	935	0	26721
1890	164	940	25349	453	0	26906
1891	183	401	925	25311	0	26820
1892	177	263	25520	1048	0	27008
1893	236	214	946	25418	0	26814
1894	191	215	408	26258	0	27072
1895	190	175	25316	1278	0	26959
1896	201	165	991	25555	0	26912
1897	24753	129	441	1214	0	26537
1898	913	24969	283	642	0	26807
1899	445	859	24943	464	0	26711
1900	24859	357	954	425	0	26595
1901	1050	235	437	24165	0	25887
1902	521	24884	285	985	0	26675
1903	25428	904	260	502	0	27094
1904	26057	436	255	386	0	27134
1905	1249	296	221	24705	0	26471
1906	562	268	190	25378	0	26398
1907	364	246	175	25566	0	26351
1908	323	222	173	25198	0	25916
1909	303	24107	187	1416	0	26013
1910	372	1405	191	23011	0	24979
1911	206	22278	191	1162	0	23837
1912	230	21904	165	735	0	23034
1913	159	21792	181	534	0	22666
1914	213	1032	20093	475	0	21813
1915	218	20618	796	465	0	22097
1916	19022	922	459	498	0	20901
1917	767	19087	256	459	0	20569
1918	369	881	245	17780	0	19275
1919	303	19103	228	906	0	20540
1920	304	899	220	19012	0	20435
1921	300	452	223	19703	0	20678
1922	255	351	18853	1162	0	20621
1923	18321	335	801	650	0	20107
1924	19056	336	321	543	0	20256
1925	18981	244	245	538	0	20008
1926	940	18328	263	570	0	20101
1927	438	823	253	18007	0	19521
1928	344	387	17570	1004	0	19305
1929	317	17331	826	538	0	19012
1930	340	862	324	14963	0	16489
1931	278	16101	282	734	0	17395
1932	16013	758	269	418	0	17458
1933	16196	446	242	313	0	17197
1934	16505	287	292	290	0	17374
1935	16474	272	325	257	0	17328
1936	944	266	238	15786	0	17234
1937	424	255	268	15837	0	16784
1938	322	15764	259	822	0	17167
1939	334	739	197	16043	0	17313
1940	241	333	15516	951	0	17041
1941	196	314	674	15518	0	16702
1942	160	315	15070	968	0	16513
1943	134	14906	710	600	0	16350
1944	138	704	15065	445	0	16352
1945	172	342	783	15093	0	16390
1946	148	241	15101	938	0	16428
1947	153	292	772	15001	0	16218
1948	201	259	368	15351	0	16179
1949	230	222	303	15393	0	16148
1950	220	249	282	15286	0	16037
1951	14284	253	199	953	0	15689
1952	708	14384	156	551	0	15799
1953	14040	663	164	428	0	15295
1954	695	341	13366	423	0	14825
1955	13542	248	484	403	0	14677
1956	14000	243	187	428	0	14858
1957	882	241	13204	382	0	14709
1958	605	186	12773	343	0	13907
1959	369	12324	586	388	0	13667
1960	286	11877	215	376	0	12754
1961	351	602	10862	356	0	12171
1962	190	9758	485	393	0	10826
1963	318	310	205	5320	0	6153
1964	4932	43	95	114	0	5184
1965	86	37	19	4886	0	5028
1966	4876	24	19	104	0	5023
1967	4889	20	12	51	0	4972
1968	93	4919	14	43	0	5069
1969	4906	69	18	29	0	5022
1970	4917	31	15	39	0	5002
1971	97	30	14	4841	0	4982
1972	4840	25	13	87	0	4965
1973	91	4890	9	49	0	5039
1974	36	70	9	4948	0	5063
1975	4948	20	8	103	0	5079
1976	80	29	4884	37	0	5030
1977	4880	13	56	48	0	4997
1978	83	26	19	4996	0	5124
1979	32	11	4967	57	0	5067
1980	32	11	4769	37	0	4849
1981	4806	31	66	37	0	4940
1982	4745	10	23	14	0	4792
1983	55	8	19	4706	0	4788
1984	33	6	9	4755	0	4803
1985	22	8	8	4755	0	4793
1986	13	4750	8	57	0	4828
1987	4811	40	7	41	0	4899
1988	43	4793	9	27	0	4872
1989	4805	46	7	24	0	4882
1990	57	17	4773	15	0	4862
1991	27	14	38	4799	0	4878
1992	4912	8	20	54	0	4994
1993	51	9	16	4918	0	4994
1994	28	2	15	4896	0	4941
1995	27	4749	6	54	0	4836
1996	4883	35	2	40	0	4960
1997	46	5066	9	30	0	5151
1998	19	54	8	5171	0	5252
1999	23	19	5120	57	0	5219
2000	4718	18	48	33	0	4817
2001	56	11	5012	20	0	5099
2002	4772	10	61	17	0	4860
2003	67	5064	20	16	0	5167
2004	32	57	18	4907	0	5014
2005	20	5049	13	58	0	5140
2006	5094	65	8	28	0	5195
2007	67	19	7	5146	0	5239
2008	23	21	6	5225	0	5275
2009	29	14	5059	71	0	5173
2010	4869	16	50	38	0	4973
2011	68	9	15	5151	0	5243
2012	25	12	5034	67	0	5138
2013	29	5005	59	29	0	5122
2014	24	51	18	5078	0	5171
2015	5107	17	18	72	0	5214
2016	66	14	17	5127	0	5224
2017	24	12	5196	76	0	5308
2018	5515	12	57	35	0	5619
2019	92	6	21	5585	0	5704
2020	28	10	5978	101	0	6117
2021	31	6	95	6097	0	6229
2022	22	7	36	6086	0	6151
2023	15	6152	29	127	0	6323
2024	6095	98	14	60	0	6267
2025	106	6144	8	39	0	6297
2026	6151	120	14	26	0	6311
2027	125	39	9	6039	0	6212
2028	47	6153	6	108	0	6314
2029	39	105	10	6192	0	6346
2030	22	35	6067	126	0	6250
2031	5871	28	92	55	0	6046
2032	114	18	31	5945	0	6108
2033	50	6	21	5952	0	6029
2034	27	15	11	6011	0	6064
2035	20	14	5810	153	0	5997
2036	20	12	5673	74	0	5779
2037	23	5809	115	55	0	6002
2038	26	98	44	5717	0	5885
2039	5768	34	32	106	0	5940
2040	98	5850	21	49	0	6018
2041	54	102	15	6061	0	6232
2042	6155	38	13	129	0	6335
2043	6210	31	12	58	0	6311
2044	128	6218	14	37	0	6397
2045	6706	99	11	39	0	6855
2046	7393	45	7	42	0	7487
2047	182	26	11	7552	0	7771
2048	77	7521	13	167	0	7778
2049	66	131	22	7703	0	7922
2050	7646	62	13	190	0	7911
2051	173	38	7649	82	0	7942
2052	88	36	136	7658	0	7918
2053	88	23	48	7779	0	7938
2054	42	29	7618	222	0	7911
2055	59	36	140	7682	0	7917
2056	7645	16	69	223	0	7953
2057	7184	25	54	119	0	7382
2058	207	24	32	7554	0	7817
2059	94	22	7442	208	0	7766
2060	80	21	7144	122	0	7367
2061	53	7166	188	111	0	7518
2062	52	7467	79	74	0	7672
2063	66	181	46	7342	0	7635
2064	7235	69	40	188	0	7532
2065	149	7268	51	96	0	7564
2066	7242	164	36	82	0	7524
2067	174	86	32	7222	0	7514
2068	95	57	23	7249	0	7424
2069	7019	39	27	218	0	7303
2070	165	7053	30	109	0	7357
2071	7102	156	19	81	0	7358
2072	184	79	6874	79	0	7216
2073	89	62	6732	59	0	6942
2074	90	50	172	6684	0	6996
2075	61	51	6718	157	0	6987
2076	65	38	6654	87	0	6844
2077	57	35	175	6385	0	6652
2078	52	17	6531	175	0	6775
2079	47	24	186	6386	0	6643
2080	42	28	99	6430	0	6599
2081	40	25	6564	225	0	6854
2082	43	25	172	6503	0	6743
2083	53	24	99	6368	0	6544
2084	47	6372	61	227	0	6707
2085	6393	142	47	130	0	6712
2086	151	63	6400	102	0	6716
2087	79	55	154	6384	0	6672
2088	64	31	84	6504	0	6683
2089	46	37	6323	230	0	6636
2090	6026	36	151	145	0	6358
2091	163	6271	88	113	0	6635
2092	79	130	73	6339	0	6621
2093	72	69	45	6379	0	6565
2094	49	6320	46	240	0	6655
2095	55	144	6270	131	0	6600
2096	49	6341	159	108	0	6657
2097	6111	170	81	101	0	6463
2098	158	78	6043	74	0	6353
2099	78	75	145	6039	0	6337
2100	69	39	6146	183	0	6437
2101	57	47	6060	115	0	6279
2102	52	6035	182	88	0	6357
2103	75	143	105	5799	0	6122
2104	5874	63	69	167	0	6173
2105	5879	50	74	87	0	6090
2106	162	5904	55	108	0	6229
2107	106	134	58	5951	0	6249
2108	5943	64	58	174	0	6239
2109	6024	48	45	119	0	6236
2110	172	5972	60	85	0	6289
2111	6121	131	43	80	0	6375
2112	176	66	38	5997	0	6277
2113	85	6151	46	163	0	6445
2114	96	132	42	6273	0	6543
2115	82	78	36	6291	0	6487
2116	87	100	28	6289	0	6504
2117	69	39	6071	216	0	6395
2118	58	43	5475	104	0	5680
2119	59	5655	121	92	0	5927
2120	5203	94	69	65	0	5431
2121	84	5098	37	73	0	5292
2122	62	82	33	5087	0	5264
2123	47	51	5236	95	0	5429
2124	32	47	100	5141	0	5320
2125	37	32	56	5256	0	5381
2126	34	31	48	5346	0	5459
2127	5260	25	48	134	0	5467
2128	73	27	38	5336	0	5474
2129	36	27	5610	118	0	5791
2130	5391	21	94	85	0	5591
2131	5544	31	42	91	0	5708
2132	5688	25	38	73	0	5824
2133	5720	20	28	73	0	5841
2134	5690	10	33	63	0	5796
2135	118	5621	36	55	0	5830
2136	82	68	25	5461	0	5636
2137	76	5575	28	84	0	5763
2138	5607	84	15	60	0	5766
2139	5536	39	28	53	0	5656
2140	5356	37	25	42	0	5460
2141	115	5164	15	42	0	5336
2142	65	5070	21	31	0	5187
2143	56	5104	25	30	0	5215
2144	66	102	5022	29	0	5219
2145	77	297	72	4156	0	4602
2146	17	3704	20	26	0	3767
2147	4	3682	8	4	0	3698
2148	17	11	5	3698	0	3731
2149	6	3	0	3694	0	3703
2150	7	3	3733	15	0	3758
2151	3653	1	14	5	0	3673
2152	17	2	2	3886	0	3907
2153	7	3	0	3921	0	3931
2154	2	4	3870	21	0	3897
2155	4	2	3756	6	0	3768
2156	4	3980	21	6	0	4011
2157	6	19	5	4054	0	4084
2158	3	5	3	4092	0	4103
2159	0	6	3996	24	0	4026
2160	3719	3	21	17	0	3760
2161	3973	1	11	9	0	3994
2162	27	2	4026	6	0	4061
2163	3946	3	21	14	0	3984
2164	22	2	4111	9	0	4144
2165	4058	2	22	6	0	4088
2166	4171	1	4	5	0	4181
2167	31	5	4316	1	0	4353
2168	9	2	22	4253	0	4286
2169	15	1	6	4113	0	4135
2170	9	2	3	4436	0	4450
2171	4418	1	3	35	0	4457
2172	4376	2	3	14	0	4395
2173	31	4	4479	6	0	4520
2174	8	4	4265	5	0	4282
2175	4508	2	30	15	0	4555
2176	4616	2	10	9	0	4637
2177	37	1	4578	5	0	4621
2178	15	5	4540	3	0	4563
2179	12	1	31	4664	0	4708
2180	3	3	4796	29	0	4831
2181	9	0	27	4615	0	4651
2182	4892	2	9	36	0	4939
2183	35	1	5196	11	0	5243
2184	4972	4	41	11	0	5028
2185	41	1	5726	10	0	5778
2186	15	0	56	5663	0	5734
2187	6	0	12	5976	0	5994
2188	12	0	3	5977	0	5992
2189	9	6052	4	66	0	6131
2190	19	58	8	5545	0	5630
2191	20	8	3	6119	0	6150
2192	6042	2	4	74	0	6122
2193	64	1	5995	14	0	6074
2194	5687	3	58	13	0	5761
2195	64	2	5937	6	0	6009
2196	5463	3	59	20	0	5545
2197	62	5877	13	11	0	5963
2198	14	57	5862	9	0	5942
2199	11	9	5826	9	0	5855
2200	34	15	75	5241	0	5365
2201	8	1	20	5892	0	5921
2202	10	0	5907	65	0	5982
2203	9	3	5796	17	0	5825
2204	12	5	6324	11	0	6352
2205	6569	2	70	26	0	6667
2206	6696	4	18	20	0	6738
2207	6709	3	10	21	0	6743
2208	70	2	16	6608	0	6696
2209	20	4	9	6667	0	6700
2210	12	2	6979	74	0	7067
2211	13	1	67	6760	0	6841
2212	33	6	27	6432	0	6498
2213	6879	5	12	81	0	6977
2214	6850	6	8	38	0	6902
2215	6984	3	9	32	0	7028
2216	77	4	15	6949	0	7045
2217	29	4	14	6940	0	6987
2218	18	1	16	6978	0	7013
2219	6922	2	20	80	0	7024
2220	74	3	14	6821	0	6912
2221	27	6877	17	51	0	6972
2222	18	54	17	6787	0	6876
2223	13	6716	15	60	0	6804
2224	6746	55	11	33	0	6845
2225	6644	14	18	24	0	6700
2226	62	6653	20	21	0	6756
2227	19	6790	21	20	0	6850
2228	19	64	18	6731	0	6832
2229	16	16	6501	67	0	6600
2230	31	6	65	6331	0	6433
2231	24	12	6509	70	0	6615
2232	18	6517	61	35	0	6631
2233	22	57	17	6586	0	6682
2234	24	17	12	6679	0	6732
2235	14	5	6951	83	0	7053
2236	24	6	61	6902	0	6993
2237	18	5	7041	75	0	7139
2238	6915	6	63	35	0	7019
2239	7135	12	19	23	0	7189
2240	7209	1	11	31	0	7252
2241	82	12	10	7125	0	7229
2242	28	6	10	7185	0	7229
2243	12	8	7328	102	0	7450
2244	22	16	68	7098	0	7204
2245	14	7109	22	78	0	7223
2246	21	65	7234	27	0	7347
2247	22	24	7097	21	0	7164
2248	41	18	68	6669	0	6796
2249	25	11	7201	62	0	7299
2250	24	18	7067	30	0	7139
2251	6730	15	64	38	0	6847
2252	54	7632	25	26	0	7737
2253	7924	51	18	47	0	8040
2254	7957	13	14	40	0	8024
2255	8049	10	18	33	0	8110
2256	68	8	17	7984	0	8077
2257	27	11	14	8086	0	8138
2258	17	8	8099	79	0	8203
2259	24	6	59	7965	0	8054
2260	17	8108	25	72	0	8222
2261	8233	48	23	38	0	8342
2262	63	8163	20	24	0	8270
2263	28	8286	15	17	0	8346
2264	23	53	16	8297	0	8389
2265	16	17	8428	62	0	8523
2266	31	8	59	8282	0	8380
2267	18	8	8295	66	0	8387
2268	12	8221	53	38	0	8324
2269	8283	47	23	28	0	8381
2270	8334	16	23	24	0	8397
2271	8504	11	20	31	0	8566
2272	61	7	8846	24	0	8938
2273	29	4	8285	22	0	8340
2274	8822	5	61	38	0	8926
2275	9098	9	19	37	0	9163
2276	9241	11	17	31	0	9300
2277	64	12	11	9158	0	9245
2278	29	12	4	9247	0	9292
2279	9241	4	10	72	0	9327
2280	9098	6	12	36	0	9152
2281	66	6	9245	19	0	9336
2282	23	6	8720	14	0	8763
2283	8491	5	33	33	0	8562
2284	36	7	8875	13	0	8931
2285	8201	0	15	30	0	8246
2286	18	5	8407	5	0	8435
2287	17	7	8	8180	0	8212
2288	3	6	8542	8	0	8559
2289	10	3	8	8451	0	8472
2290	4	2	1	8637	0	8644
2291	3	8668	3	16	0	8690
2292	8892	7	4	25	0	8928
2293	9	3	9071	0	0	9083
2294	8764	1	10	18	0	8793
2295	12	9241	5	8	0	9266
2296	9677	9	5	26	0	9717
2297	20	1	2	9660	0	9683
2298	8	0	2	9773	0	9783
2299	4	10061	5	28	0	10098
2300	7	23	0	10403	0	10433
2301	12	4	1	10447	0	10464
2302	14	6	3	10541	0	10564
2303	10275	0	3	76	0	10354
2304	9785	2	1	27	0	9815
2305	50	2	9691	12	0	9755
2306	12	9740	43	20	0	9815
2307	14	38	6	9983	0	10041
2308	15	8	5	10361	0	10389
2309	8	10	10450	62	0	10530
2310	14	3	59	10052	0	10128
2311	10224	2	9	77	0	10312
2312	10255	2	9	30	0	10296
2313	10363	1	3	35	0	10402
2314	76	1	2	10453	0	10532
2315	10788	4	4	91	0	10887
2316	10799	2	1	46	0	10848
2317	11000	1	2	27	0	11030
2318	81	3	4	10995	0	11083
2319	36	0	0	11101	0	11137
2320	20	2	3	11143	0	11168
2321	27	2	2	10941	0	10972
2322	30	1	1	10995	0	11027
2323	9	7	10932	83	0	11031
2324	13	1	10687	28	0	10729
2325	10	10643	72	26	0	10751
2326	17	67	13	11022	0	11119
2327	12	9	12	11165	0	11198
2328	20	5	4	11231	0	11260
2329	14	4	11133	86	0	11237
2330	16	6	67	11003	0	11092
2331	2	6	11076	84	0	11168
2332	11	0	65	10998	0	11074
2333	9	8	11389	85	0	11491
2334	5	11313	70	72	0	11460
2335	15	64	16	11256	0	11351
2336	6	13	11158	80	0	11257
2337	10045	9	75	58	0	10187
2338	70	11256	17	22	0	11365
2339	20	78	17	11419	0	11534
2340	17	11454	11	82	0	11564
2341	28	84	9	11403	0	11524
2342	11628	17	11	118	0	11774
2343	104	15	4	11456	0	11579
2344	15	11505	10	102	0	11632
2345	11546	85	6	49	0	11686
2346	100	18	5	11965	0	12088
2347	24	25	10	12198	0	12257
2348	12366	6	12	171	0	12555
2349	140	15	7	13280	0	13442
2350	60	5	6	15701	0	15772
2351	34	12	15911	340	0	16297
2352	22	7	15769	126	0	15924
2353	45	10	400	15727	0	16182
2354	27	8	15886	356	0	16277
2355	22	5	15651	132	0	15810
2356	14936	5	449	131	0	15521
2357	346	11	15934	56	0	16347
2358	108	15865	422	60	0	16455
2359	130	325	136	15960	0	16551
2360	16407	91	122	391	0	17011
2361	16781	82	70	168	0	17101
2362	16682	33	50	157	0	16922
2363	512	16424	74	61	0	17071
2364	255	347	60	16405	0	17067
2365	163	114	42	16817	0	17136
2366	15747	101	64	530	0	16442
2367	16694	39	56	236	0	17025
2368	16816	28	62	185	0	17091
2369	555	36	16710	105	0	17406
2370	241	16432	400	99	0	17172
2371	168	18417	156	102	0	18843
2372	179	541	119	17808	0	18647
2373	152	254	79	18541	0	19026
2374	95	175	18396	690	0	19356
2375	18052	101	499	409	0	19061
2376	18761	73	245	283	0	19362
2377	757	62	157	18482	0	19458
2378	456	43	88	18742	0	19329
2379	339	32	64	18963	0	19398
2380	18496	40	57	877	0	19470
2381	621	50	17913	462	0	19046
2382	313	72	18255	316	0	18956
2383	243	68	682	18046	0	19039
2384	139	62	18197	654	0	19052
2385	17754	44	672	371	0	18841
2386	18147	27	342	282	0	18798
2387	18456	30	262	177	0	18925
2388	892	17520	159	171	0	18742
2389	17885	489	102	163	0	18639
2390	791	250	75	17510	0	18626
2391	434	156	77	17741	0	18408
2392	337	75	80	18017	0	18509
2393	191	73	17178	908	0	18350
2394	199	70	557	16887	0	17713
2395	142	16952	340	787	0	18221
2396	16525	469	246	483	0	17723
2397	555	16928	175	386	0	18044
2398	378	592	16564	216	0	17750
2399	338	16668	536	197	0	17739
2400	16221	651	335	166	0	17373
2401	616	16302	233	189	0	17340
2402	406	664	141	14765	0	15976
2403	275	16197	159	593	0	17224
2404	16145	666	140	360	0	17311
2405	16471	312	150	320	0	17253
2406	15346	248	154	251	0	15999
2407	864	178	15827	202	0	17071
2408	528	163	15562	158	0	16411
2409	379	127	15672	168	0	16346
2410	15469	159	832	156	0	16616
2411	699	134	473	15225	0	16531
2412	450	144	306	15570	0	16470
2413	340	134	15091	754	0	16319
2414	232	167	547	15291	0	16237
2415	14548	135	305	750	0	15738
2416	610	14618	220	475	0	15923
2417	14926	523	182	349	0	15980
2418	754	300	14603	235	0	15892
2419	14913	228	560	176	0	15877
2420	15248	147	374	144	0	15913
2421	15344	166	280	168	0	15958
2422	990	134	14563	157	0	15844
2423	618	125	568	14565	0	15876
2424	458	72	14703	606	0	15839
2425	300	102	684	14746	0	15832
2426	272	93	14831	709	0	15905
2427	256	101	683	14728	0	15768
2428	268	89	396	15149	0	15902
2429	14725	90	300	827	0	15942
2430	15005	78	190	555	0	15828
2431	15250	55	223	359	0	15887
2432	986	77	185	14334	0	15582
2433	615	13274	180	605	0	14674
2434	449	14290	154	407	0	15300
2435	14238	613	166	340	0	15357
2436	679	350	14018	269	0	15316
2437	14144	205	592	274	0	15215
2438	738	145	13791	258	0	14932
2439	14271	142	629	208	0	15250
2440	13288	128	365	244	0	14025
2441	853	87	14073	210	0	15223
2442	14380	81	568	233	0	15262
2443	14606	84	353	190	0	15233
2444	14638	77	261	202	0	15178
2445	984	14024	178	201	0	15387
2446	606	650	189	13567	0	15012
2447	413	308	13636	542	0	14899
2448	376	192	13598	322	0	14488
2449	301	12414	625	273	0	13613
2450	197	10318	328	124	0	10967
2451	324	297	283	9526	0	10430
2452	9369	185	167	247	0	9968
2453	328	9427	86	213	0	10054
2454	295	251	86	9229	0	9861
2455	238	9500	66	241	0	10045
2456	9498	271	38	216	0	10023
2457	325	201	61	9301	0	9888
2458	228	161	9114	260	0	9763
2459	180	8747	215	227	0	9369
2460	110	8856	205	154	0	9325
2461	150	298	145	8237	0	8830
2462	111	8751	99	215	0	9176
2463	134	292	102	8609	0	9137
2464	8584	226	61	274	0	9145
2465	8587	146	62	206	0	9001
2466	9026	120	55	129	0	9330
2467	9055	98	50	114	0	9317
2468	452	96	8839	93	0	9480
2469	319	8290	186	61	0	8856
2470	224	8249	128	103	0	8704
2471	71	7060	32	23	0	7186
2472	60	6893	37	39	0	7029
2473	6874	112	126	21	0	7133
2474	6714	30	22	16	0	6782
2475	6804	19	9	14	0	6846
2476	6808	15	5	13	0	6841
2477	109	14	6704	10	0	6837
2478	6962	12	80	18	0	7072
2479	7164	10	25	13	0	7212
2480	7254	7	8	8	0	7277
2481	124	9	10	7140	0	7283
2482	57	8	7	7165	0	7237
2483	7221	8	10	105	0	7344
2484	93	11	8	7105	0	7217
2485	46	7033	8	85	0	7172
2486	29	73	6	7159	0	7267
2487	24	28	5	7158	0	7215
2488	14	7180	6	109	0	7309
2489	35	73	7	7197	0	7312
2490	24	30	4	7263	0	7321
2491	7137	13	5	104	0	7259
2492	78	15	6919	41	0	7053
2493	6806	7	67	26	0	6906
2494	89	14	6902	21	0	7026
2495	36	10	6646	14	0	6706
2496	23	7	6791	15	0	6836
2497	6683	4	98	21	0	6806
2498	84	11	7055	6	0	7156
2499	6921	16	79	22	0	7038
2500	7048	5	28	21	0	7102
2501	7093	5	19	14	0	7131
2502	96	7072	13	5	0	7186
2503	7113	66	10	13	0	7202
2504	82	7200	12	10	0	7304
2505	38	75	8	7279	0	7400
2506	28	27	9	7301	0	7365
2507	25	7232	5	80	0	7342
2508	18	7252	9	29	0	7308
2509	19	7466	13	16	0	7514
2510	7423	92	7	11	0	7533
2511	74	7555	4	9	0	7642
2512	7596	76	5	17	0	7694
2513	84	37	7471	10	0	7602
2514	7475	18	64	19	0	7576
2515	7646	18	21	13	0	7698
2516	105	14	7468	8	0	7595
2517	47	13	66	7457	0	7583
2518	22	16	7565	68	0	7671
2519	26	8	71	7512	0	7617
2520	24	12	26	7598	0	7660
2521	7656	16	8	96	0	7776
2522	7664	12	7	45	0	7728
2523	96	7620	10	31	0	7757
2524	7753	68	8	22	0	7851
2525	87	30	7849	16	0	7982
2526	7759	13	74	21	0	7867
2527	94	7	8145	11	0	8257
2528	43	8	8140	11	0	8202
2529	8345	6	100	26	0	8477
2530	8516	8	37	13	0	8574
2531	106	8	8642	8	0	8764
2532	63	12	82	8310	0	8467
2533	42	10	36	8672	0	8760
2534	36	9	8571	99	0	8715
2535	39	13	87	8349	0	8488
2536	33	8074	37	86	0	8230
2537	34	79	18	8745	0	8876
2538	32	35	17	8744	0	8828
2539	35	23	8486	100	0	8644
2540	8029	11	80	52	0	8172
2541	8447	10	33	34	0	8524
2542	8353	11	20	32	0	8416
2543	8269	11	11	31	0	8322
2544	121	8143	18	18	0	8300
2545	68	78	14	7904	0	8064
2546	44	33	7830	84	0	7991
2547	35	15	7735	44	0	7829
2548	36	26	88	7532	0	7682
2549	23	11	7738	82	0	7854
2550	7462	7	71	47	0	7587
2551	80	14	33	7701	0	7828
2552	39	12	18	7747	0	7816
2553	27	8	16	7767	0	7818
2554	7657	9	15	114	0	7795
2555	64	7666	19	57	0	7806
2556	7664	61	16	40	0	7781
2557	7636	22	15	31	0	7704
2558	99	7474	18	22	0	7613
2559	49	7535	18	25	0	7627
2560	7728	77	23	25	0	7853
2561	80	31	30	7726	0	7867
2562	59	15	22	7687	0	7783
2563	7968	7	21	100	0	8096
2564	99	6	7892	37	0	8034
2565	7766	15	78	26	0	7885
2566	7933	10	33	31	0	8007
2567	124	8063	21	22	0	8230
2568	8314	76	10	18	0	8418
2569	8317	35	10	34	0	8396
2570	131	8999	10	22	0	9162
2571	53	9200	9	22	0	9284
2572	69	142	19	8937	0	9167
2573	9152	63	6	115	0	9336
2574	115	9403	7	57	0	9582
2575	60	123	7	9571	0	9761
2576	9694	53	7	137	0	9891
2577	140	26	9610	53	0	9829
2578	79	9	125	9526	0	9739
2579	35	15	9610	133	0	9793
2580	9348	14	147	72	0	9581
2581	9755	10	51	49	0	9865
2582	194	8	9674	16	0	9892
2583	82	9558	140	19	0	9799
2584	61	129	57	9654	0	9901
2585	31	52	9774	133	0	9990
2586	38	27	142	9737	0	9944
2587	42	16	66	10016	0	10140
2588	25	20	9889	196	0	10130
2589	9585	13	151	109	0	9858
2590	9971	8	66	48	0	10093
2591	197	19	9936	30	0	10182
2592	80	9944	150	35	0	10209
2593	55	137	70	9699	0	9961
2594	32	9823	43	137	0	10035
2595	26	9973	24	65	0	10088
2596	10084	186	30	54	0	10354
2597	162	77	20	10080	0	10339
2598	84	33	21	10035	0	10173
2599	41	28	10076	196	0	10341
2600	27	27	9966	87	0	10107
2601	43	20	193	9953	0	10209
2602	44	19	80	10177	0	10320
2603	26	27	10065	208	0	10326
2604	29	24	10060	100	0	10213
2605	40	13	218	9983	0	10254
2606	10071	21	96	191	0	10379
2607	155	10176	54	96	0	10481
2608	10157	158	33	84	0	10432
2609	188	10132	36	43	0	10399
2610	86	10354	28	41	0	10509
2611	10175	211	30	44	0	10460
2612	182	99	10317	35	0	10633
2613	100	44	169	10362	0	10675
2614	71	28	84	10621	0	10804
2615	47	34	49	11296	0	11426
2616	47	34	11267	270	0	11618
2617	54	25	208	11311	0	11598
2618	11530	36	90	251	0	11907
2619	221	27	54	11928	0	12230
2620	103	23	43	12273	0	12442
2621	12136	22	42	318	0	12518
2622	12175	13	32	162	0	12382
2623	293	12016	34	89	0	12432
2624	121	205	12079	59	0	12464
2625	81	76	11805	57	0	12019
2626	68	33	11978	46	0	12125
2627	50	11528	299	42	0	11919
2628	60	212	148	11219	0	11639
2629	60	80	62	11461	0	11663
2630	11324	52	42	302	0	11720
2631	233	36	43	11208	0	11520
2632	94	39	11174	266	0	11573
2633	76	23	236	11208	0	11543
2634	61	25	98	11325	0	11509
2635	38	32	11118	311	0	11499
2636	37	11025	230	151	0	11443
2637	70	203	104	10272	0	10649
2638	50	11027	69	212	0	11358
2639	40	234	10992	107	0	11373
2640	10890	81	244	87	0	11302
2641	11105	57	117	75	0	11354
2642	11207	42	54	88	0	11391
2643	318	41	52	10909	0	11320
2644	118	11074	58	235	0	11485
2645	11035	232	41	124	0	11432
2646	11263	84	49	93	0	11489
2647	11124	55	45	82	0	11306
2648	311	34	10896	72	0	11313
2649	10621	32	224	79	0	10956
2650	276	10784	101	75	0	11236
2651	10690	225	55	81	0	11051
2652	269	10830	52	55	0	11206
2653	10905	239	57	53	0	11254
2654	275	99	10956	54	0	11384
2655	10939	61	218	80	0	11298
2656	11263	44	96	56	0	11459
2657	9377	66	73	102	0	9618
2658	11307	47	38	55	0	11447
2659	328	46	10985	57	0	11416
2660	147	41	230	10833	0	11251
2661	10835	31	98	254	0	11218
2662	275	10785	68	116	0	11244
2663	136	214	46	10596	0	10992
2664	93	73	10489	243	0	10898
2665	91	117	223	10450	0	10881
2666	83	39	10491	258	0	10871
2667	76	10021	226	123	0	10446
2668	64	9600	87	73	0	9824
2669	66	9704	58	82	0	9910
2670	95	260	69	8772	0	9196
2671	69	73	34	8724	0	8900
2672	57	43	8516	173	0	8789
2673	45	8154	125	74	0	8398
2674	7800	136	51	56	0	8043
2675	141	7570	43	41	0	7795
2676	50	7614	40	38	0	7742
2677	107	140	39	7385	0	7671
2678	7325	40	35	141	0	7541
2679	7380	36	29	64	0	7509
2680	143	28	24	7302	0	7497
2681	7231	30	32	121	0	7414
2682	130	24	23	7206	0	7383
2683	50	22	7143	139	0	7354
2684	7107	26	111	52	0	7296
2685	123	28	35	7134	0	7320
2686	50	27	6960	109	0	7146
2687	44	25	6861	55	0	6985
2688	40	32	120	6970	0	7162
2689	7085	24	50	118	0	7277
2690	7115	23	24	48	0	7210
2691	135	7082	26	35	0	7278
2692	7270	105	24	46	0	7445
2693	7273	37	22	45	0	7377
2694	7364	28	27	34	0	7453
2695	141	7373	26	33	0	7573
2696	7385	94	18	33	0	7530
2697	7481	43	12	34	0	7570
2698	145	24	27	7402	0	7598
2699	7182	17	23	109	0	7331
2700	117	7085	16	48	0	7266
2701	66	7204	21	30	0	7321
2702	51	103	22	7161	0	7337
2703	46	47	16	7225	0	7334
2704	41	7260	17	104	0	7422
2705	7219	87	20	37	0	7363
2706	112	7043	18	19	0	7192
2707	6947	92	11	27	0	7077
2708	114	7037	14	22	0	7187
2709	49	98	17	6914	0	7078
2710	40	7222	6	96	0	7364
2711	7251	98	44	22	0	7415
2712	7125	29	26	41	0	7221
2713	7014	32	27	24	0	7097
2714	128	11	6725	22	0	6886
2715	42	15	6201	24	0	6282
2716	20	6145	54	19	0	6238
2717	39	47	5967	20	0	6073
2718	20	30	5744	23	0	5817
2719	21	89	52	5073	0	5235
2720	3	11	5301	31	0	5346
2721	3	5255	29	11	0	5298
2722	5254	28	6	9	0	5297
2723	34	5170	4	5	0	5213
2724	10	5241	4	4	0	5259
2725	5308	31	4	7	0	5350
2726	5376	12	2	8	0	5398
2727	33	5455	3	16	0	5507
2728	5547	31	6	12	0	5596
2729	5551	9	1	9	0	5570
2730	5535	8	7	6	0	5556
2731	38	12	5418	6	0	5474
2732	22	4	5334	5	0	5365
2733	11	12	28	5504	0	5555
2734	16	8	7	5506	0	5537
2735	5672	7	3	35	0	5717
2736	28	5524	3	16	0	5571
2737	10	34	3	5714	0	5761
2738	11	10	2	5760	0	5783
2739	9	7	4	5837	0	5857
2740	11	7	4	5860	0	5882
2741	7	5	5869	44	0	5925
2742	8	8	5755	18	0	5789
2743	17	4	44	6006	0	6071
2744	8	5	6130	50	0	6193
2745	6023	3	50	17	0	6093
2746	56	6	13	6216	0	6291
2747	21	2	6233	54	0	6310
2748	5832	5	52	25	0	5914
2749	50	6181	15	20	0	6266
2750	6173	42	15	15	0	6245
2751	51	6287	13	12	0	6363
2752	20	48	11	6203	0	6282
2753	17	15	6264	48	0	6344
2754	20	20	51	5999	0	6090
2755	15	6	6025	51	0	6097
2756	5915	3	48	23	0	5989
2757	49	10	19	6106	0	6184
2758	6162	3	11	51	0	6227
2759	60	10	6108	13	0	6191
2760	6247	3	46	15	0	6311
2761	6690	7	15	7	0	6719
2762	76	5	6680	10	0	6771
2763	35	9	61	6607	0	6712
2764	19	7	6745	61	0	6832
2765	14	6730	57	21	0	6822
2766	6753	59	33	19	0	6864
2767	6760	14	13	17	0	6804
2768	86	11	6756	6	0	6859
2769	29	10	6685	4	0	6728
2770	24	5	67	6683	0	6779
2771	25	2	28	6809	0	6864
2772	6837	4	24	72	0	6937
2773	57	6834	16	34	0	6941
2774	6927	55	7	21	0	7010
2775	6967	18	7	14	0	7006
2776	87	12	6795	8	0	6902
2777	6674	8	59	19	0	6760
2778	71	5	6854	11	0	6941
2779	34	4	65	6923	0	7026
2780	23	7	7222	62	0	7314
2781	25	5	63	7188	0	7281
2782	17	4	7251	66	0	7338
2783	7050	12	70	33	0	7165
2784	7198	2	20	20	0	7240
2785	83	3	16	7122	0	7224
2786	7256	3	23	70	0	7352
2787	81	3	15	7266	0	7365
2788	28	7353	14	64	0	7459
2789	7303	47	15	45	0	7410
2790	63	7324	14	14	0	7415
2791	33	60	10	7379	0	7482
2792	24	21	15	7295	0	7355
2793	31	10	7	7245	0	7293
2794	23	6	14	7167	0	7210
2795	17	7	6989	82	0	7095
2796	6443	8	49	50	0	6550
2797	6805	7	17	40	0	6869
2798	74	6820	11	24	0	6929
2799	34	51	13	6847	0	6945
2800	36	16	6	6870	0	6928
2801	19	14	6745	72	0	6850
2802	6540	9	56	41	0	6646
2803	65	7	24	6717	0	6813
2804	25	8	6648	73	0	6754
2805	6597	5	60	37	0	6699
2806	6766	9	26	28	0	6829
2807	6780	2	20	37	0	6839
2808	81	7	6599	15	0	6702
2809	48	3	6245	18	0	6314
2810	6253	8	62	22	0	6345
2811	74	6	30	6360	0	6470
2812	35	7	25	6474	0	6541
2813	27	7	6446	62	0	6542
2814	6335	6	52	35	0	6428
2815	68	6	21	6571	0	6666
2816	6741	6	15	77	0	6839
2817	6791	5	19	31	0	6846
2818	6775	4	14	34	0	6827
2819	89	1	6927	26	0	7043
2820	48	4	58	6935	0	7045
2821	6980	4	28	85	0	7097
2822	81	7164	16	28	0	7289
2823	39	62	12	7314	0	7427
2824	35	22	8	7340	0	7405
2825	7262	11	4	102	0	7379
2826	7232	7	14	54	0	7307
2827	102	3	12	7133	0	7250
2828	44	5	7133	80	0	7262
2829	7016	6	61	48	0	7131
2830	89	8	7465	24	0	7586
2831	7540	7	77	28	0	7652
2832	7756	6	29	32	0	7823
2833	109	3	7674	16	0	7802
2834	59	13	69	7875	0	8016
2835	30	5	8258	94	0	8387
2836	30	8738	97	38	0	8903
2837	37	112	38	8446	0	8633
2838	16	8932	19	111	0	9078
2839	35	118	17	9028	0	9198
2840	26	34	9284	124	0	9468
2841	24	9277	120	43	0	9464
2842	13	9617	31	30	0	9691
2843	59	171	28	9655	0	9913
2844	9720	40	19	154	0	9933
2845	152	24	14	10509	0	10699
2846	10764	12	11	189	0	10976
2847	172	10985	11	58	0	11226
2848	11815	167	10	48	0	12040
2849	214	51	12185	27	0	12477
2850	96	30	190	12098	0	12414
2851	63	17	47	12177	0	12304
2852	39	10	12090	243	0	12382
2853	11733	10	197	93	0	12033
2854	12066	15	70	65	0	12216
2855	249	12002	31	30	0	12312
2856	124	229	29	11195	0	11577
2857	50	11959	26	178	0	12213
2858	46	211	11829	60	0	12146
2859	28	68	11891	49	0	12036
2860	67	137	229	11537	0	11970
2861	11435	21	74	202	0	11732
2862	188	11293	33	60	0	11574
2863	11356	189	19	47	0	11611
2864	210	58	11184	26	0	11478
2865	11282	39	179	34	0	11534
2866	11553	27	59	35	0	11674
2867	237	25	11385	24	0	11671
2868	105	21	189	11313	0	11628
2869	11461	20	58	194	0	11733
2870	11494	20	41	82	0	11637
2871	11571	16	27	47	0	11661
2872	266	23	28	11354	0	11671
2873	103	21	11279	195	0	11598
2874	11208	20	198	80	0	11506
2875	227	21	11433	39	0	11720
2876	100	15	207	11248	0	11570
2877	81	15	70	11322	0	11488
2878	62	11346	35	242	0	11685
2879	55	192	11287	70	0	11604
2880	49	10820	200	58	0	11127
2881	47	11146	80	50	0	11323
2882	60	222	45	11056	0	11383
2883	49	79	11044	214	0	11386
2884	50	49	205	11045	0	11349
2885	44	40	11092	229	0	11405
2886	64	40	214	10952	0	11270
2887	60	42	78	11010	0	11190
2888	43	39	10652	268	0	11002
2889	46	36	224	10638	0	10944
2890	52	28	10707	246	0	11033
2891	51	25	10566	103	0	10745
2892	47	10532	258	77	0	10914
2893	10597	199	100	78	0	10974
2894	232	69	10598	57	0	10956
2895	10440	49	234	61	0	10784
2896	249	47	96	10631	0	11023
2897	101	38	10575	234	0	10948
2898	60	10571	241	97	0	10969
2899	63	208	93	10576	0	10940
2900	56	78	10611	233	0	10978
2901	81	62	225	10131	0	10499
2902	64	10543	92	221	0	10920
2903	10607	214	67	97	0	10985
2904	238	81	61	10618	0	10998
2905	10431	48	60	257	0	10796
2906	10643	47	59	100	0	10849
2907	10605	35	61	101	0	10802
2908	10720	39	59	81	0	10899
2909	10586	39	54	88	0	10767
2910	296	10344	58	72	0	10770
2911	141	207	61	10377	0	10786
2912	107	74	57	10500	0	10738
2913	105	37	59	10468	0	10669
2914	82	28	10092	298	0	10500
2915	72	10021	226	134	0	10453
2916	10129	195	91	95	0	10510
2917	10137	78	66	90	0	10371
2918	280	9854	72	69	0	10275
2919	111	10021	56	78	0	10266
2920	9884	239	55	79	0	10257
2921	227	105	9676	60	0	10068
2922	102	97	231	9420	0	9850
2923	9425	48	108	220	0	9801
2924	246	34	72	9208	0	9560
2925	104	9298	59	220	0	9681
2926	84	202	47	9341	0	9674
2927	69	80	9370	232	0	9751
2928	9155	47	223	108	0	9533
2929	9515	35	90	78	0	9718
2930	272	33	66	8992	0	9363
2931	137	35	57	9048	0	9277
2932	8609	36	45	266	0	8956
2933	239	8566	50	110	0	8965
2934	125	166	46	8337	0	8674
2935	104	70	39	8240	0	8453
2936	7525	23	22	230	0	7800
2937	178	7650	46	93	0	7967
2938	7519	142	30	81	0	7772
2939	186	7386	31	53	0	7656
2940	82	7355	28	48	0	7513
2941	7089	152	35	58	0	7334
2942	151	7150	22	52	0	7375
2943	66	286	64	6702	0	7118
2944	56	47	6710	137	0	6950
2945	36	19	5784	47	0	5886
2946	27	15	5560	23	0	5625
2947	24	5355	122	21	0	5522
2948	4514	76	153	15	0	4758
2949	70	24	16	4284	0	4394
2950	28	8	9	4299	0	4344
2951	9	8	4245	80	0	4342
2952	4225	4	57	34	0	4320
2953	63	6	23	4332	0	4424
2954	25	7	6	4363	0	4401
2955	18	4	9	4345	0	4376
2956	4224	3	8	92	0	4327
2957	67	7	4147	35	0	4256
2958	4160	5	58	22	0	4245
2959	77	7	17	4154	0	4255
2960	30	6	4124	68	0	4228
2961	4051	5	57	34	0	4147
2962	69	4	4134	15	0	4222
2963	36	21	64	4059	0	4180
2964	16	10	4150	64	0	4240
2965	18	8	3982	27	0	4035
2966	3812	6	82	15	0	3915
2967	64	5	3882	18	0	3969
2968	33	10	70	3777	0	3890
2969	3772	7	38	65	0	3882
2970	70	4	19	3825	0	3918
2971	24	5	3773	67	0	3869
2972	13	5	3800	33	0	3851
2973	17	3827	77	19	0	3940
2974	19	54	34	3765	0	3872
2975	3657	21	15	71	0	3764
2976	58	3609	13	34	0	3714
2977	3659	55	12	22	0	3748
2978	69	22	11	3612	0	3714
2979	3609	10	10	69	0	3698
2980	68	3584	7	33	0	3692
2981	36	52	10	3575	0	3673
2982	3577	24	9	66	0	3676
2983	66	3623	5	30	0	3724
2984	35	57	7	3606	0	3705
2985	22	28	7	3632	0	3689
2986	3653	9	11	78	0	3751
2987	65	11	10	3660	0	3746
2988	33	10	11	3700	0	3754
2989	18	6	15	3771	0	3810
2990	21	10	3617	82	0	3730
2991	3653	6	65	47	0	3771
2992	69	5	30	4265	0	4369
2993	34	7	4433	96	0	4570
2994	4391	8	99	48	0	4546
2995	102	7	4554	32	0	4695
2996	43	4	105	4458	0	4610
2997	21	4578	40	92	0	4731
2998	26	92	19	4649	0	4786
2999	20	26	4661	114	0	4821
3000	14	14	4756	46	0	4830
3001	26	13	126	4738	0	4903
3002	14	10	4758	121	0	4903
3003	4644	7	117	48	0	4816
3004	104	15	4737	25	0	4881
3005	44	11	115	4663	0	4833
3006	24	9	48	4739	0	4820
3007	21	9	27	4761	0	4818
3008	4649	9	20	153	0	4831
3009	4704	6	18	62	0	4790
3010	4768	6	20	35	0	4829
3011	146	5	16	4667	0	4834
3012	60	10	14	4709	0	4793
3013	24	4	4562	149	0	4739
3014	27	8	4584	58	0	4677
3015	25	4541	125	34	0	4725
3016	36	111	38	4230	0	4415
3017	22	23	21	4177	0	4243
3018	20	4213	16	109	0	4358
3019	4206	85	18	45	0	4354
3020	92	4233	16	27	0	4368
3021	4233	88	24	27	0	4372
3022	99	40	15	4224	0	4378
3023	4259	11	16	104	0	4390
3024	101	11	20	4253	0	4385
3025	38	14	4185	94	0	4331
3026	22	12	89	4248	0	4371
3027	4185	9	31	109	0	4334
3028	99	7	16	4225	0	4347
3029	40	7	20	4227	0	4294
3030	17	7	4196	129	0	4349
3031	22	5	89	4228	0	4344
3032	20	5	31	4197	0	4253
3033	21	4112	13	122	0	4268
3034	23	84	17	4163	0	4287
3035	17	22	13	4248	0	4300
3036	28	9	9	4170	0	4216
3037	14	3849	11	162	0	4036
3038	18	75	7	3716	0	3816
3039	3571	25	7	106	0	3709
3040	86	3444	5	44	0	3579
3041	23	3276	8	28	0	3335
3042	10	3279	4	28	0	3321
3043	16	118	11	3087	0	3232
3044	18	3038	14	85	0	3155
3045	15	3182	29	36	0	3262
3046	3093	78	23	22	0	3216
3047	86	18	3040	17	0	3161
3048	2976	16	76	31	0	3099
3049	74	20	28	3012	0	3134
3050	16	20	2999	86	0	3121
3051	2936	4	90	42	0	3072
3052	65	10	2989	27	0	3091
3053	25	6	2998	31	0	3060
3054	3022	1	109	25	0	3157
3055	88	2	41	3059	0	3190
3056	31	3	3085	95	0	3214
3057	3057	3	89	51	0	3200
3058	3154	1	25	55	0	3235
3059	97	1	3147	48	0	3293
3060	3205	4	82	34	0	3325
3061	3303	6	17	37	0	3363
3062	120	4	3158	34	0	3316
3063	3197	5	77	41	0	3320
3064	3248	6	30	43	0	3327
3065	99	8	3084	33	0	3224
3066	28	9	3436	34	0	3507
3067	17	24	98	3437	0	3576
3068	19	20	3466	108	0	3613
3069	3461	17	87	48	0	3613
3070	87	32	21	3451	0	3591
3071	43	22	10	3524	0	3599
3072	32	26	3389	112	0	3559
3073	42	18	80	3357	0	3497
3074	35	13	3380	110	0	3538
3075	3430	14	83	48	0	3575
3076	3515	3	24	48	0	3590
3077	104	6	3435	40	0	3585
3078	3404	9	92	47	0	3552
3079	3522	8	22	47	0	3599
3080	107	10	3468	43	0	3628
3081	3515	4	83	59	0	3661
3082	3571	7	36	52	0	3666
3083	99	16	3489	48	0	3652
3084	3470	13	84	53	0	3620
3085	87	24	3527	48	0	3686
3086	28	17	77	3529	0	3651
3087	22	17	19	3596	0	3654
3088	18	18	7	3644	0	3687
3089	21	21	3474	128	0	3644
3090	3285	18	74	57	0	3434
3091	100	18	3306	35	0	3459
3092	22	2688	50	21	0	2781
3093	10	2626	16	7	0	2659
3094	2543	43	27	13	0	2626
3095	44	8	10	2473	0	2535
3096	8	2472	8	43	0	2531
3097	2392	33	4	14	0	2443
3098	2386	2	8	12	0	2408
3099	40	2453	6	8	0	2507
3100	8	33	5	2321	0	2367
3101	6	2373	5	33	0	2417
3102	2409	32	10	8	0	2459
3103	2441	6	6	7	0	2460
3104	44	3	5	2343	0	2395
3105	2362	4	5	37	0	2408
3106	46	2	1	2351	0	2400
3107	10	5	2362	37	0	2414
3108	2310	4	38	10	0	2362
3109	47	3	2374	2	0	2426
3110	7	3	34	2310	0	2354
3111	2366	2	6	37	0	2411
3112	44	4	3	2394	0	2445
3113	8	3	2393	34	0	2438
3114	9	0	2359	9	0	2377
3115	9	16	38	2354	0	2417
3116	2365	1	5	41	0	2412
3117	36	2432	5	8	0	2481
3118	9	32	5	2458	0	2504
3119	9	2	2494	32	0	2537
3120	2477	2	37	6	0	2522
3121	2585	3	11	8	0	2607
3122	40	2	2521	5	0	2568
3123	2532	3	34	5	0	2574
3124	41	2	5	2623	0	2671
3125	9	2	2621	34	0	2666
3126	2571	3	39	7	0	2620
3127	39	1	6	2585	0	2631
3128	12	1	8	2560	0	2581
3129	2584	5	5	35	0	2629
3130	36	2500	3	10	0	2549
3131	7	2582	6	7	0	2602
3132	2581	28	4	7	0	2620
3133	2519	7	5	0	0	2531
3134	32	4	2593	6	0	2635
3135	13	1	2571	5	0	2590
3136	9	4	21	2598	0	2632
3137	2659	0	12	25	0	2696
3138	2649	1	7	10	0	2667
3139	2688	3	7	6	0	2704
3140	31	2631	0	11	0	2673
3141	12	2720	6	0	0	2738
3142	11	25	1	2804	0	2841
3143	10	8	7	2736	0	2761
3144	7	4	5	2868	0	2884
3145	10	2	2909	33	0	2954
3146	6	2	2674	11	0	2693
3147	2880	3	34	10	0	2927
3148	3044	1	9	9	0	3063
3149	35	2	9	3034	0	3080
3150	9	1	8	3009	0	3027
3151	20	1	3	3061	0	3085
3152	4	3	2987	39	0	3033
3153	8	3	2941	15	0	2967
3154	9	2	27	2993	0	3031
3155	5	2	3072	33	0	3112
3156	7	2945	32	10	0	2994
3157	5	3074	9	11	0	3099
3158	3057	26	8	17	0	3108
3159	28	3035	6	4	0	3073
3160	10	34	3	3074	0	3121
3161	10	9	4	3089	0	3112
3162	4	3184	4	32	0	3224
3163	9	26	2	3224	0	3261
3164	7	5	3188	32	0	3232
3165	1	3181	29	13	0	3224
3166	5	27	6	3049	0	3087
3167	5	5	3030	27	0	3067
3168	0	2990	24	11	0	3025
3169	3	24	9	2949	0	2985
3170	1	2989	8	25	0	3023
3171	6	25	6	3000	0	3037
3172	6	9	5	2944	0	2964
3173	4	2950	4	29	0	2987
3174	2893	27	2	13	0	2935
3175	2842	11	1	13	0	2867
3176	27	2843	3	10	0	2883
3177	12	2936	4	12	0	2964
3178	9	29	4	2939	0	2981
3179	7	8	2923	27	0	2965
3180	2845	9	25	8	0	2887
3181	2882	8	4	12	0	2906
3182	32	3	2889	6	0	2930
3183	2844	7	25	7	0	2883
3184	2944	6	6	7	0	2963
3185	32	1	2864	10	0	2907
3186	2790	4	26	5	0	2825
3187	31	4	2979	8	0	3022
3188	13	3035	28	4	0	3080
3189	3080	25	10	3	0	3118
3190	3080	7	6	4	0	3097
3191	31	6	3093	4	0	3134
3192	3081	8	24	3	0	3116
3193	3212	4	8	10	0	3234
3194	30	4	3175	6	0	3215
3195	3232	6	19	9	0	3266
3196	3321	0	8	7	0	3336
3197	30	2	3288	4	0	3324
3198	3313	4	26	2	0	3345
3199	33	4	6	3257	0	3300
3200	11	2	9	3267	0	3289
3201	12	4	3256	31	0	3303
3202	7	3	3173	16	0	3199
3203	7	4	29	3289	0	3329
3204	9	5	14	3340	0	3368
3205	3499	3	8	28	0	3538
3206	29	1	3467	14	0	3511
3207	3473	3	27	12	0	3515
3208	39	5	6	3592	0	3642
3209	9	4	3643	30	0	3686
3210	3781	4	29	18	0	3832
3211	39	3	10	3970	0	4022
3212	10	5	3967	39	0	4021
3213	3924	1	38	17	0	3980
3214	38	3	12	4001	0	4054
3215	4085	1	13	33	0	4132
3216	46	2	4257	8	0	4313
3217	17	3	33	4053	0	4106
3218	17	4317	11	28	0	4373
3219	4383	30	11	17	0	4441
3220	4313	9	7	15	0	4344
3221	39	4425	8	9	0	4481
3222	4508	33	5	8	0	4554
3223	4436	11	10	13	0	4470
3224	4429	8	6	6	0	4449
3225	57	4371	4	4	0	4436
3226	22	35	4	4440	0	4501
3227	11	11	4484	38	0	4544
3228	17	7	36	4384	0	4444
3229	12	4	12	4436	0	4464
3230	11	3	4445	46	0	4505
3231	15	6	4330	14	0	4365
3232	14	6	43	4270	0	4333
3233	9	4461	17	34	0	4521
3234	4470	36	11	14	0	4531
3235	4400	10	9	21	0	4440
3236	44	4510	10	9	0	4573
3237	4588	35	7	11	0	4641
3238	4566	9	7	12	0	4594
3239	48	7	4588	9	0	4652
3240	4539	5	35	11	0	4590
3241	47	4693	9	10	0	4759
3242	21	34	4634	3	0	4692
3243	20	11	4462	7	0	4500
3244	12	4585	36	5	0	4638
3245	4559	28	12	5	0	4604
3246	37	8	4611	10	0	4666
3247	15	5	32	4612	0	4664
3248	10	4	4606	32	0	4652
3249	4372	2	40	18	0	4432
3250	32	2	5110	10	0	5154
3251	17	7	5040	3	0	5067
3252	5067	4	37	14	0	5122
3253	33	5246	17	3	0	5299
3254	5375	29	5	9	0	5418
3255	5431	12	5	6	0	5454
3256	48	5	4	5370	0	5427
3257	17	5777	10	29	0	5833
3258	5871	27	6	26	0	5930
3259	39	11	5880	7	0	5937
3260	5751	6	24	14	0	5795
3261	32	5956	14	10	0	6012
3262	5917	29	11	7	0	5964
3263	5901	11	4	12	0	5928
3264	39	6005	8	5	0	6057
3265	18	28	8	6049	0	6103
3266	6133	9	5	37	0	6184
3267	29	6097	10	11	0	6147
3268	17	24	5	6160	0	6206
3269	6295	8	10	41	0	6354
3270	36	4	10	6528	0	6578
3271	22	6	4	6499	0	6531
3272	9	6559	9	40	0	6617
3273	6628	32	5	19	0	6684
3274	6662	13	2	12	0	6689
3275	6795	5	3	16	0	6819
3276	47	6952	5	12	0	7016
3277	7050	33	2	16	0	7101
3278	7061	11	4	12	0	7088
3279	57	6	5	7006	0	7074
3280	21	5	4	7010	0	7040
3281	15	6	7049	42	0	7112
3282	21	7	35	6913	0	6976
3283	19	15	13	6696	0	6743
3284	11	9	7051	43	0	7114
3285	6455	6	33	29	0	6523
3286	37	7	7003	9	0	7056
3287	18	12	7006	10	0	7046
3288	25	6	38	7038	0	7107
3289	14	5	11	7091	0	7121
3290	8	7210	11	40	0	7269
3291	7200	37	8	16	0	7261
3292	7152	9	12	17	0	7190
3293	48	7160	8	15	0	7231
3294	16	7514	7	9	0	7546
3295	27	52	8	7461	0	7548
3296	12	7744	6	36	0	7798
3297	7755	51	8	17	0	7831
3298	7759	20	3	16	0	7798
3299	66	6	6	7673	0	7751
3300	30	6	7	7757	0	7800
3301	7734	8	2	83	0	7827
3302	59	9	7545	22	0	7635
3303	7448	5	47	23	0	7523
3304	58	12	7521	10	0	7601
3305	7466	4	47	14	0	7531
3306	57	13	23	7550	0	7643
3307	22	6	7677	48	0	7753
3308	10	5	7514	28	0	7557
3309	7445	24	70	27	0	7566
3310	7529	2	12	23	0	7566
3311	52	7679	6	9	0	7746
3312	19	35	5	7946	0	8005
3313	12	14	5	8094	0	8125
3314	8060	3	2	78	0	8143
3315	54	7953	6	26	0	8039
3316	7847	49	4	15	0	7915
3317	54	7749	4	8	0	7815
3318	22	7732	2	12	0	7768
3319	7704	63	4	23	0	7794
3320	54	24	7659	4	0	7741
3321	35	7	45	7569	0	7656
3322	14	6	15	7610	0	7645
3323	7	12	7638	66	0	7723
3324	22	5	50	7573	0	7650
3325	32	5	26	6764	0	6827
3326	9	7663	6	72	0	7750
3327	7669	49	6	32	0	7756
3328	50	20	7729	6	0	7805
3329	7430	3	45	17	0	7495
3330	49	7720	20	12	0	7801
3331	31	47	5	7823	0	7906
3332	8029	22	8	64	0	8123
3333	65	3	9	8042	0	8119
3334	39	6	1	8060	0	8106
3335	6	13	8041	77	0	8137
3336	7638	6	55	48	0	7747
3337	7941	5	25	21	0	7992
3338	82	7	7930	8	0	8027
3339	33	14	52	7856	0	7955
3340	13	8	7887	54	0	7962
3341	7693	4	52	41	0	7790
3342	7989	10	23	27	0	8049
3343	87	5	6	7966	0	8064
3344	7991	4	9	67	0	8071
3345	63	6	8360	27	0	8456
3346	38	4	54	8287	0	8383
3347	24	1	34	8233	0	8292
3348	18	1	7	8545	0	8571
3349	18	1	8	8522	0	8549
3350	7875	3	9	92	0	7979
3351	67	4	7815	33	0	7919
3352	36	1	59	7860	0	7956
3353	16	4	7785	66	0	7871
3354	11	12	7625	38	0	7686
3355	20	2	83	7611	0	7716
3356	17	5	32	7708	0	7762
3357	7406	6	7	85	0	7504
3358	66	3	7	7435	0	7511
3359	36	7	8	7464	0	7515
3360	13	5	5	7565	0	7588
3361	7492	6	4	99	0	7601
3362	7530	2	5	44	0	7581
3363	7613	7	6	23	0	7649
3364	7494	6	7	25	0	7532
3365	93	8031	5	16	0	8145
3366	44	81	8	8035	0	8168
3367	21	31	5	8182	0	8239
3368	8414	5	8	133	0	8560
3369	105	8875	12	53	0	9045
3370	54	125	2	9313	0	9494
3371	16	37	9969	135	0	10157
3372	10389	9	157	67	0	10622
3373	222	10945	44	22	0	11233
3374	11481	233	17	25	0	11756
3375	11874	66	12	30	0	11982
3376	360	16	10	11657	0	12043
3377	102	12	11722	270	0	12106
3378	58	16	249	11935	0	12258
3379	12019	7	70	303	0	12399
3380	306	10	16	12050	0	12382
3381	12036	10	14	292	0	12352
3382	279	11896	16	108	0	12299
3383	12338	256	14	54	0	12662
3384	323	73	8	12410	0	12814
3385	127	28	9	13150	0	13314
3386	13239	14	8	379	0	13640
3387	13321	19	11	126	0	13477
3388	13381	12	4	58	0	13455
3389	13352	22	11	45	0	13430
3390	13328	9	10	40	0	13387
3391	424	14	10	12925	0	13373
3392	133	16	12525	308	0	12982
3393	69	12639	223	108	0	13039
3394	12410	265	76	56	0	12807
3395	338	76	12090	36	0	12540
3396	12047	30	255	52	0	12384
3397	335	12070	88	33	0	12526
3398	12312	277	31	46	0	12666
3399	357	79	26	12213	0	12675
3400	170	26	26	12458	0	12680
3401	94	27	12269	381	0	12771
3402	107	26	267	12215	0	12615
3403	88	20	12418	312	0	12838
3404	98	22	12354	143	0	12617
3405	12499	21	339	97	0	12956
3406	12980	21	107	96	0	13204
3407	399	36	12506	77	0	13018
3408	12434	24	281	76	0	12815
3409	12794	26	96	81	0	12997
3410	442	24	12303	67	0	12836
3411	179	12175	268	64	0	12686
3412	190	271	93	12452	0	13006
3413	12785	86	47	315	0	13233
3414	13096	40	34	139	0	13309
3415	13165	33	41	71	0	13310
3416	13148	32	43	82	0	13305
3417	13132	24	50	75	0	13281
3418	436	38	12647	57	0	13178
3419	214	30	12901	61	0	13206
3420	169	44	322	12893	0	13428
3421	13029	46	126	312	0	13513
3422	13333	49	53	149	0	13584
3423	13258	43	64	108	0	13473
3424	12609	21	78	133	0	12841
3425	395	12522	57	126	0	13100
3426	206	13215	72	123	0	13616
3427	13203	314	62	126	0	13705
3428	13418	82	43	124	0	13667
3429	456	13187	63	93	0	13799
3430	13370	279	52	105	0	13806
3431	464	102	13230	68	0	13864
3432	250	54	287	13096	0	13687
3433	195	38	13186	307	0	13726
3434	191	49	13083	137	0	13460
3435	205	31	347	13032	0	13615
3436	198	40	124	13414	0	13776
3437	215	36	13421	365	0	14037
3438	217	44	300	13122	0	13683
3439	210	46	116	13600	0	13972
3440	13512	43	73	416	0	14044
3441	13666	45	82	192	0	13985
3442	475	58	91	13388	0	14012
3443	245	59	13323	326	0	13953
3444	194	13378	301	132	0	14005
3445	13201	282	132	99	0	13714
3446	430	96	13370	85	0	13981
3447	227	12801	324	84	0	13436
3448	176	13579	151	102	0	14008
3449	13685	300	94	110	0	14189
3450	14023	107	88	96	0	14314
3451	455	61	98	13669	0	14283
3452	224	63	14127	315	0	14729
3453	196	39	331	14122	0	14688
3454	182	52	138	14343	0	14715
3455	193	42	89	14519	0	14843
3456	14304	37	98	403	0	14842
3457	417	13864	107	144	0	14532
3458	227	14444	85	106	0	14862
3459	177	317	111	14082	0	14687
3460	158	108	104	14505	0	14875
3461	14307	59	70	425	0	14861
3462	14336	49	86	166	0	14637
3463	14298	47	85	124	0	14554
3464	465	13926	71	125	0	14587
3465	13574	234	62	95	0	13965
3466	408	171	72	13311	0	13962
3467	207	49	13240	303	0	13799
3468	175	39	12378	134	0	12726
3469	12018	31	279	104	0	12432
3470	278	26	11615	74	0	11993
3471	129	19	10712	57	0	10917
3472	9742	15	134	41	0	9932
3473	115	18	9777	14	0	9924
3474	42	13	9326	14	0	9395
3475	54	98	80	8834	0	9066
3476	17	10	9193	45	0	9265
3477	27	12	39	8878	0	8956
3478	30	9	18	8763	0	8820
3479	22	6	9141	42	0	9211
3480	13	9200	40	17	0	9270
3481	9240	34	22	32	0	9328
3482	49	14	9459	12	0	9534
3483	17	8	9186	14	0	9225
3484	8199	5	53	29	0	8286
3485	44	10	8710	8	0	8772
3486	15	8364	36	7	0	8422
3487	18	7290	29	17	0	7354
3488	16	31	11	8594	0	8652
3489	12	10	8	8515	0	8545
3490	8777	5	7	58	0	8847
3491	8742	6	12	26	0	8786
3492	8791	5	3	22	0	8821
3493	47	3	7	8774	0	8831
3494	8828	5	5	57	0	8895
3495	8780	7	5	21	0	8813
3496	46	7	8819	9	0	8881
3497	20	12	8485	10	0	8527
3498	11	8896	39	7	0	8953
3499	12	35	17	9002	0	9066
3500	9006	6	10	52	0	9074
3501	36	8924	7	14	0	8981
3502	18	33	5	9095	0	9151
3503	9031	12	2	59	0	9104
3504	8838	9	5	34	0	8886
3505	45	8879	8	19	0	8951
3506	8831	33	3	25	0	8892
3507	8903	7	6	18	0	8934
3508	58	7	4	8881	0	8950
3509	22	5	8945	35	0	9007
3510	12	8720	37	18	0	8787
3511	13	8823	15	11	0	8862
3512	8472	36	9	16	0	8533
3513	42	20	9	8434	0	8505
3514	14	14	8494	39	0	8561
3515	8	8499	42	12	0	8561
3516	8539	37	6	32	0	8614
3517	8578	8	9	26	0	8621
3518	50	12	8776	3	0	8841
3519	25	5	41	8560	0	8631
3520	16	3	9	9168	0	9196
3521	6	6	10022	64	0	10098
3522	10168	3	80	51	0	10302
3523	12005	4	18	30	0	12057
3524	196	7	20	13085	0	13308
3525	56	13444	10	203	0	13713
3526	60	206	5	14235	0	14506
3527	25	91	14193	266	0	14575
3528	14121	44	211	135	0	14511
3529	270	31	87	14640	0	15028
3530	115	23	14529	280	0	14947
3531	14197	23	257	150	0	14627
3532	299	23	115	14473	0	14910
3533	157	14	67	14645	0	14883
3534	14479	7	57	378	0	14921
3535	298	14534	55	169	0	15056
3536	14514	233	31	142	0	14920
3537	333	94	35	14381	0	14843
3538	14406	59	25	309	0	14799
3539	344	41	14325	152	0	14862
3540	166	14367	253	114	0	14900
3541	158	260	97	14631	0	15146
3542	14736	127	63	331	0	15257
3543	318	14687	68	148	0	15221
3544	191	282	50	14844	0	15367
3545	14974	124	33	350	0	15481
3546	14703	62	60	190	0	15015
3547	431	75	46	14404	0	14956
3548	209	58	14222	362	0	14851
3549	142	39	14255	199	0	14635
3550	14206	44	350	153	0	14753
3551	357	14052	144	113	0	14666
3552	185	13968	89	98	0	14340
3553	13750	338	74	109	0	14271
3554	339	14018	61	93	0	14511
3555	222	336	60	13968	0	14586
3556	163	169	61	14323	0	14716
3557	14169	121	45	416	0	14751
3558	14061	97	40	213	0	14411
3559	14127	100	35	154	0	14416
3560	480	72	13659	129	0	14340
3561	301	55	270	13742	0	14368
3562	201	59	13744	325	0	14329
3563	163	45	13590	204	0	14002
3564	156	35	14014	135	0	14340
3565	147	47	445	13787	0	14426
3566	128	44	14039	350	0	14561
3567	97	62	14216	184	0	14559
3568	112	57	462	14015	0	14646
3569	14082	49	243	382	0	14756
3570	361	53	14181	196	0	14791
3571	196	57	390	13945	0	14588
3572	178	41	204	14336	0	14759
3573	142	47	14292	453	0	14934
3574	144	49	361	14184	0	14738
3575	129	50	14377	435	0	14991
3576	145	52	376	14157	0	14730
3577	134	51	208	14320	0	14713
3578	140	43	143	14394	0	14720
3579	107	43	141	14370	0	14661
3580	13777	40	146	555	0	14518
3581	13841	41	114	350	0	14346
3582	428	40	13533	234	0	14235
3583	236	13324	356	213	0	14129
3584	163	275	13724	184	0	14346
3585	153	123	13637	171	0	14084
3586	13389	70	470	148	0	14077
3587	370	13791	254	160	0	14575
3588	13938	298	188	164	0	14588
3589	394	14057	188	127	0	14766
3590	14055	351	186	125	0	14717
3591	14293	172	144	133	0	14742
3592	518	115	152	13914	0	14699
3593	273	14081	119	397	0	14870
3594	206	350	95	14230	0	14881
3595	180	174	102	14504	0	14960
3596	151	127	14151	523	0	14952
3597	151	14282	354	304	0	15091
3598	159	323	184	14464	0	15130
3599	14403	159	142	490	0	15194
3600	14815	118	136	285	0	15354
3601	14926	70	131	220	0	15347
3602	505	14609	118	202	0	15434
3603	14976	351	132	158	0	15617
3604	467	15467	124	149	0	16207
3605	292	407	102	15770	0	16571
3606	234	206	15701	421	0	16562
3607	215	124	399	15545	0	16283
3608	189	15672	229	450	0	16540
3609	142	424	142	15751	0	16459
3610	156	201	116	15832	0	16305
3611	115	15778	110	599	0	16602
3612	15798	406	108	316	0	16628
3613	450	214	98	15806	0	16568
3614	218	135	15460	547	0	16360
3615	165	126	390	15679	0	16360
3616	171	100	195	16105	0	16571
3617	116	97	15808	633	0	16654
3618	159	99	413	15229	0	15900
3619	132	15624	203	533	0	16492
3620	160	388	15430	328	0	16306
3621	220	174	14727	210	0	15331
3622	94	14055	464	186	0	14799
3623	83	12674	191	126	0	13074
3624	65	11744	108	74	0	11991
3625	10837	271	250	106	0	11464
3626	10455	81	71	48	0	10655
3627	10375	37	26	41	0	10479
3628	251	35	27	10184	0	10497
3629	87	26	9988	200	0	10301
3630	55	34	171	9974	0	10234
3631	49	26	60	10124	0	10259
3632	9924	23	31	254	0	10232
3633	9974	22	30	101	0	10127
3634	235	9920	27	54	0	10236
3635	9912	171	17	63	0	10163
3636	10002	61	29	42	0	10134
3637	10119	38	23	56	0	10236
3638	251	32	9813	45	0	10141
3639	97	34	9748	34	0	9913
3640	82	56	211	9556	0	9905
3641	38	33	9553	192	0	9816
3642	9274	31	186	75	0	9566
3643	9476	21	62	59	0	9618
3644	235	23	9132	36	0	9426
3645	8980	18	167	29	0	9194
3646	188	9054	61	27	0	9330
3647	9146	160	36	34	0	9376
3648	193	58	25	8999	0	9275
3649	86	33	23	8844	0	8986
3650	53	9005	20	205	0	9283
3651	9012	159	14	80	0	9265
3652	9078	55	19	42	0	9194
3653	204	9016	14	38	0	9272
3654	92	172	14	8803	0	9081
3655	73	65	16	8815	0	8969
3656	44	8779	16	209	0	9048
3657	54	166	25	8770	0	9015
3658	43	73	24	8945	0	9085
3659	8736	44	20	228	0	9028
3660	8792	28	18	105	0	8943
3661	209	27	8609	67	0	8912
3662	8549	34	143	53	0	8779
3663	205	26	8573	40	0	8844
3664	89	33	165	8421	0	8708
3665	56	29	8417	177	0	8679
3666	38	8305	173	74	0	8590
3667	69	153	72	8123	0	8417
3668	43	52	37	8239	0	8371
3669	8121	30	23	206	0	8380
3670	178	31	20	8051	0	8280
3671	77	31	7790	181	0	8079
3672	7976	28	126	89	0	8219
3673	8123	28	48	55	0	8254
3674	8218	20	32	58	0	8328
3675	8235	22	30	48	0	8335
3676	237	17	31	8516	0	8801
3677	106	19	18	8816	0	8959
3678	66	31	22	9163	0	9282
3679	61	17	24	9255	0	9357
3680	9001	20	21	283	0	9325
3681	9074	18	27	100	0	9219
3682	272	15	16	8568	0	8871
3683	99	8684	29	214	0	9026
3684	8717	191	25	96	0	9029
3685	218	59	8615	72	0	8964
3686	82	8629	185	53	0	8949
3687	8225	168	52	41	0	8486
3688	190	8277	22	38	0	8527
3689	74	174	8137	26	0	8411
3690	8152	53	159	30	0	8394
3691	8316	29	48	22	0	8415
3692	226	23	8108	22	0	8379
3693	98	18	169	8114	0	8399
3694	64	23	45	8115	0	8247
3695	42	8103	33	215	0	8393
3696	60	164	21	8067	0	8312
3697	7841	46	17	198	0	8102
3698	176	7870	20	81	0	8147
3699	81	151	14	7535	0	7781
3700	55	45	17	7602	0	7719
3701	38	31	7320	194	0	7583
3702	34	7278	144	76	0	7532
3703	6848	158	48	49	0	7103
3704	129	6128	16	35	0	6308
3705	43	5989	12	23	0	6067
3706	5897	138	46	20	0	6101
3707	134	42	20	5755	0	5951
3708	44	23	11	5852	0	5930
3709	5789	10	7	146	0	5952
3710	125	16	8	5852	0	6001
3711	54	12	7	5955	0	6028
3712	6011	10	4	148	0	6173
3713	136	12	4	5856	0	6008
3714	48	5838	5	138	0	6029
3715	5799	111	5	52	0	5967
3716	132	36	5559	30	0	5757
3717	47	5303	111	27	0	5488
3718	39	140	29	5130	0	5338
3719	16	34	5019	103	0	5172
3720	21	23	4995	39	0	5078
3721	67	169	110	4594	0	4940
3722	4597	7	53	108	0	4765
3723	95	10	11	4576	0	4692
3724	36	6	6	4657	0	4705
3725	32	14	9	4672	0	4727
3726	24	9	10	4689	0	4732
3727	20	13	9	4716	0	4758
3728	17	15	4512	113	0	4657
3729	17	13	4444	41	0	4515
3730	22	12	97	4480	0	4611
3731	20	13	4495	89	0	4617
3732	17	4501	87	35	0	4640
3733	23	82	29	4548	0	4682
3734	15	25	4435	98	0	4573
3735	4120	18	86	55	0	4279
3736	87	4303	27	42	0	4459
3737	30	4188	19	24	0	4261
3738	22	4325	10	27	0	4384
3739	29	90	12	4262	0	4393
3740	4261	37	15	97	0	4410
3741	87	15	6	4276	0	4384
3742	4180	15	12	98	0	4305
3743	82	4124	12	43	0	4261
3744	4215	88	11	28	0	4342
3745	93	35	7	4210	0	4345
3746	37	23	9	4224	0	4293
3747	21	4164	5	107	0	4297
3748	32	79	6	4214	0	4331
3749	15	28	13	4274	0	4330
3750	26	16	6	4242	0	4290
3751	4133	11	8	127	0	4279
3752	3914	16	9	60	0	3999
3753	95	13	4065	42	0	4215
3754	4065	11	75	40	0	4191
3755	91	15	4123	28	0	4257
3756	36	17	77	4119	0	4249
3757	28	9	26	4206	0	4269
3758	23	14	27	4247	0	4311
3759	16	11	4121	119	0	4267
3760	21	10	78	4167	0	4276
3761	13	9	4204	99	0	4325
3762	24	17	88	4210	0	4339
3763	4194	15	31	107	0	4347
3764	87	11	4215	45	0	4358
3765	4205	10	83	47	0	4345
3766	94	8	25	4271	0	4398
3767	4256	16	22	104	0	4398
3768	89	4273	12	60	0	4434
3769	33	75	15	4326	0	4449
3770	20	23	4451	106	0	4600
3771	26	27	77	4407	0	4537
3772	20	62	28	4316	0	4426
3773	13	4340	23	97	0	4473
3774	11	75	4260	50	0	4396
3775	13	4222	70	37	0	4342
3776	3694	62	29	27	0	3812
3777	52	3769	20	17	0	3858
3778	3491	41	31	20	0	3583
3779	3519	12	10	6	0	3547
3780	3493	7	7	15	0	3522
3781	61	0	7	3502	0	3570
3782	21	3	3507	48	0	3579
3783	15	5	41	3457	0	3518
3784	5	3511	12	51	0	3579
3785	6	41	13	3550	0	3610
3786	3508	13	8	55	0	3584
3787	45	3534	0	21	0	3600
3788	17	42	6	3427	0	3492
3789	14	22	4	3453	0	3493
3790	3432	4	5	58	0	3499
3791	46	5	3409	23	0	3483
3792	14	3332	40	15	0	3401
3793	10	45	10	3257	0	3322
3794	3	10	3257	41	0	3311
3795	7	14	41	3131	0	3193
3796	4	3148	7	46	0	3205
3797	8	44	11	3305	0	3368
3798	7	11	5	3263	0	3286
3799	5	8	2	3247	0	3262
3800	5	2	3211	50	0	3268
3801	3137	4	37	17	0	3195
3802	44	1	9	3402	0	3456
3803	3625	4	7	52	0	3688
3804	3724	3	2	16	0	3745
3805	3761	2	3	13	0	3779
3806	3726	2	5	11	0	3744
3807	3773	5	4	11	0	3793
3808	63	7	1	3694	0	3765
3809	19	3612	0	57	0	3688
3810	17	43	3	3557	0	3620
3811	6	3511	5	49	0	3571
3812	8	41	2	3356	0	3407
3813	3366	2	1	45	0	3414
3814	43	2	1	3344	0	3390
3815	8	2	3335	36	0	3381
3816	3172	5	31	15	0	3223
3817	33	3347	5	10	0	3395
3818	3369	34	11	9	0	3423
3819	3359	6	7	5	0	3377
3820	3297	5	3	6	0	3311
3821	42	3385	0	7	0	3434
3822	10	36	3	3390	0	3439
3823	6	4	2	3411	0	3423
3824	9	5	3391	39	0	3444
3825	10	2	35	3265	0	3312
3826	12	3	6	3233	0	3254
3827	10	1	3	3366	0	3380
3828	7	3400	0	38	0	3445
3829	3431	37	0	13	0	3481
3830	3348	9	1	12	0	3370
3831	43	3	3460	8	0	3514
3832	10	3456	35	9	0	3510
3833	12	39	6	3526	0	3583
3834	7	3	4	3572	0	3586
3835	10	6	3	3568	0	3587
3836	8	8	3	3609	0	3628
3837	13	0	1	3669	0	3683
3838	7	5	3590	51	0	3653
3839	10	5	3448	13	0	3476
3840	3625	4	39	13	0	3681
3841	3762	7	5	16	0	3790
3842	3815	2	7	12	0	3836
3843	52	4	7	3844	0	3907
3844	10	4	3783	55	0	3852
3845	3755	7	44	9	0	3815
3846	3892	3	6	17	0	3918
3847	50	3	3796	13	0	3862
3848	3757	2	43	14	0	3816
3849	59	5	4105	8	0	4177
3850	25	1	53	4144	0	4223
3851	11	4	4185	55	0	4255
3852	4093	3	52	14	0	4162
3853	4232	3	8	13	0	4256
3854	4234	2	6	14	0	4256
3855	4247	2	7	10	0	4266
3856	62	3	4392	8	0	4465
3857	14	4383	49	11	0	4457
3858	4443	51	8	14	0	4516
3859	4474	5	8	11	0	4498
3860	58	9	4496	6	0	4569
3861	19	2	48	4376	0	4445
3862	19	3	9	4538	0	4569
3863	12	2	4458	65	0	4537
3864	4256	4	55	18	0	4333
3865	4477	1	9	12	0	4499
3866	64	4517	6	9	0	4596
3867	4701	51	7	12	0	4771
3868	4692	12	11	8	0	4723
3869	4766	5	4	13	0	4788
3870	4631	7	8	9	0	4655
3871	73	3	4507	7	0	4590
3872	4409	3	48	14	0	4474
3873	64	16	15	4447	0	4542
3874	15	4502	12	59	0	4588
3875	24	44	4424	13	0	4505
3876	14	4474	50	12	0	4550
3877	21	61	14	4282	0	4378
3878	17	6	4388	43	0	4454
3879	4157	6	45	6	0	4214
3880	51	2	4348	7	0	4408
3881	4303	0	43	5	0	4351
3882	50	3	7	4348	0	4408
3883	13	2	9	4345	0	4369
3884	12	4265	7	42	0	4326
3885	11	4426	4	12	0	4453
3886	8	39	9	4547	0	4603
3887	4488	17	2	42	0	4549
3888	4478	2	7	9	0	4496
3889	4472	4	8	10	0	4494
3890	53	0	4495	7	0	4555
3891	4393	0	41	10	0	4444
3892	46	3	4647	5	0	4701
3893	13	2	4443	1	0	4459
3894	4558	0	45	6	0	4609
3895	4727	6	9	7	0	4749
3896	47	2	4762	4	0	4815
3897	19	6	35	4638	0	4698
3898	9	4	9	4842	0	4864
3899	4861	2	11	40	0	4914
3900	4809	0	4	14	0	4827
3901	43	5	5056	5	0	5109
3902	14	4885	28	4	0	4931
3903	6	4806	5	6	0	4823
3904	4814	24	7	7	0	4852
3905	35	4	7	4812	0	4858
3906	9	3	4	4890	0	4906
3907	9	3	2	4959	0	4973
3908	4910	3	0	33	0	4946
3909	31	1	6	4972	0	5010
3910	4997	0	2	34	0	5033
3911	5154	1	2	7	0	5164
3912	46	5528	3	10	0	5587
3913	15	31	7	6053	0	6106
3914	10	5	6110	49	0	6174
3915	5962	10	49	14	0	6035
3916	6165	9	7	20	0	6201
3917	6192	3	10	9	0	6214
3918	66	3	6364	11	0	6444
3919	30	4	53	6390	0	6477
3920	6501	3	11	58	0	6573
3921	6282	3	12	19	0	6316
3922	6277	1	6	17	0	6301
3923	69	6214	6	8	0	6297
3924	26	6472	1	11	0	6510
3925	22	54	8	6620	0	6704
3926	16	17	0	6611	0	6644
3927	12	6574	5	53	0	6644
3928	6595	50	4	18	0	6667
3929	65	14	6712	13	0	6804
3930	22	12	48	6703	0	6785
3931	24	4	12	6746	0	6786
3932	15	8	6700	59	0	6782
3933	6396	5	57	27	0	6485
3934	6772	4	16	21	0	6813
3935	62	6678	17	15	0	6772
3936	6713	45	6	17	0	6781
3937	69	14	7007	11	0	7101
3938	7028	14	53	23	0	7118
3939	82	4	7246	7	0	7339
3940	7184	20	71	16	0	7291
3941	7422	6	13	13	0	7454
3942	7360	4	25	17	0	7406
3943	7311	1	13	12	0	7337
3944	76	7273	10	11	0	7370
3945	7448	46	5	15	0	7514
3946	7606	10	6	14	0	7636
3947	78	11	7597	10	0	7696
3948	7622	8	48	18	0	7696
3949	81	11	14	7532	0	7638
3950	31	7	7506	53	0	7597
3951	7518	6	48	22	0	7594
3952	72	10	15	7655	0	7752
3953	7835	8	14	63	0	7920
3954	8263	7	7	35	0	8312
3955	74	10	8574	20	0	8678
3956	8461	7	52	22	0	8542
3957	8695	6	13	22	0	8736
3958	8718	8	18	15	0	8759
3959	8874	2	9	18	0	8903
3960	86	3	17	8683	0	8789
3961	44	8670	13	59	0	8786
3962	8483	52	10	37	0	8582
3963	8889	10	11	31	0	8941
3964	8920	17	12	13	0	8962
3965	96	9	8799	14	0	8918
3966	47	8735	64	12	0	8858
3967	57	59	20	8779	0	8915
3968	47	14	24	8871	0	8956
3969	50	17	9136	74	0	9277
3970	48	9	89	9102	0	9248
3971	41	11	9227	96	0	9375
3972	44	7	93	9231	0	9375
3973	32	19	25	9377	0	9453
3974	50	10	9380	100	0	9540
3975	9095	12	93	55	0	9255
3976	9514	13	35	48	0	9610
3977	123	12	9617	31	0	9783
3978	9504	8	88	49	0	9649
3979	9748	12	37	30	0	9827
3980	132	14	10008	25	0	10179
3981	69	5	96	9942	0	10112
3982	49	4	39	10115	0	10207
3983	10160	4	29	126	0	10319
3984	118	10363	21	54	0	10556
3985	9762	96	30	65	0	9953
3986	10389	17	19	43	0	10468
3987	131	10573	17	23	0	10744
3988	10749	90	16	29	0	10884
3989	10805	30	12	26	0	10873
3990	146	10636	17	18	0	10817
3991	73	88	24	10736	0	10921
3992	62	10812	15	88	0	10977
3993	63	96	13	10912	0	11084
3994	46	34	10841	111	0	11032
3995	41	30	10553	34	0	10658
3996	10624	18	102	51	0	10795
3997	10951	24	36	38	0	11049
3998	133	17	10932	28	0	11110
3999	10877	14	111	33	0	11035
4000	11183	8	44	30	0	11265
4001	10942	9	37	30	0	11018
4002	159	11060	26	28	0	11273
4003	80	94	29	11301	0	11504
4004	11285	27	16	123	0	11451
4005	11218	20	19	52	0	11309
4006	151	18	11327	33	0	11529
4007	91	15	96	11210	0	11412
4008	70	12	34	11400	0	11516
4009	54	11310	36	110	0	11510
4010	52	12020	18	56	0	12146
4011	55	194	21	11670	0	11940
4012	45	11785	15	140	0	11985
4013	11460	126	12	41	0	11639
4014	149	11928	13	24	0	12114
4015	12293	150	6	45	0	12494
4016	183	45	12282	14	0	12524
4017	12843	19	147	32	0	13041
4018	13419	10	32	24	0	13485
4019	13401	13	19	21	0	13454
4020	13209	6	14	35	0	13264
4021	247	12992	7	17	0	13263
4022	110	180	7	13252	0	13549
4023	76	42	9	13251	0	13378
4024	36	35	13084	223	0	13378
4025	54	24	167	12905	0	13150
4026	39	31	33	13203	0	13306
4027	13269	11	22	261	0	13563
4028	227	13332	26	74	0	13659
4029	96	197	16	13452	0	13761
4030	64	47	22	13701	0	13834
4031	74	29	9	13791	0	13903
4032	13556	41	17	293	0	13907
4033	228	20	20	13648	0	13916
4034	13693	19	18	284	0	14014
4035	250	8	24	13758	0	14040
4036	108	15	21	13949	0	14093
4037	75	7	13183	290	0	13555
4038	12392	16	195	123	0	12726
4039	245	13026	50	68	0	13389
4040	13394	198	25	102	0	13719
4041	245	45	27	13330	0	13647
4042	100	26	25	13592	0	13743
4043	13700	22	7	290	0	14019
4044	13926	16	10	115	0	14067
4045	327	20	9	14264	0	14620
4046	107	22	14237	298	0	14664
4047	80	16	13905	116	0	14117
4048	58	14663	270	71	0	15062
4049	14928	257	88	75	0	15348
4050	15037	80	42	71	0	15230
4051	347	41	34	14921	0	15343
4052	120	15143	15	268	0	15546
4053	100	267	14	15135	0	15516
4054	93	75	24	14775	0	14967
4055	67	14078	21	344	0	14510
4056	14223	269	26	148	0	14666
4057	311	84	35	14202	0	14632
4058	122	14029	33	289	0	14473
4059	88	14780	22	104	0	14994
4060	14790	301	23	75	0	15189
4061	326	95	14618	64	0	15103
4062	14748	65	269	77	0	15159
4063	348	84	63	14831	0	15326
4064	155	53	44	14816	0	15068
4065	89	14811	40	347	0	15287
4066	103	333	21	14874	0	15331
4067	102	83	14879	348	0	15412
4068	74	14477	256	167	0	14974
4069	61	14813	64	96	0	15034
4070	14615	316	49	97	0	15077
4071	285	14667	33	81	0	15066
4072	113	290	36	14693	0	15132
4073	73	14726	37	282	0	15118
4074	90	267	11	14880	0	15248
4075	73	91	17	15080	0	15261
4076	68	78	14578	371	0	15095
4077	74	68	246	14414	0	14802
4078	71	46	85	14721	0	14923
4079	14385	75	47	390	0	14897
4080	306	58	14190	158	0	14712
4081	151	46	245	14489	0	14931
4082	96	59	14428	360	0	14943
4083	14270	50	264	187	0	14771
4084	318	14603	99	152	0	15172
4085	15385	287	65	158	0	15895
4086	354	87	71	15802	0	16314
4087	163	64	55	15906	0	16188
4088	111	85	15563	446	0	16205
4089	14788	47	279	234	0	15348
4090	350	15731	88	172	0	16341
4091	15752	316	67	156	0	16291
4092	398	106	52	15681	0	16237
4093	159	15691	52	378	0	16280
4094	15764	325	51	176	0	16316
4095	378	15910	36	133	0	16457
4096	176	340	37	15912	0	16465
4097	118	142	38	16194	0	16492
4098	111	83	50	16077	0	16321
4099	87	15617	58	458	0	16220
4100	119	332	41	15795	0	16287
4101	114	151	35	16110	0	16410
4102	15462	72	36	530	0	16100
4103	15656	101	31	218	0	16006
4104	15670	106	30	166	0	15972
4105	467	79	15408	148	0	16102
4106	15420	83	304	154	0	15961
4107	15805	69	106	138	0	16118
4108	15156	83	65	151	0	15455
4109	442	105	14200	119	0	14866
4110	14710	82	211	123	0	15126
4111	386	65	74	14861	0	15386
4112	172	60	14493	346	0	15071
4113	132	14286	268	181	0	14867
4114	139	477	79	13499	0	14194
4115	93	13259	73	290	0	13715
4116	89	13400	60	134	0	13683
4117	12645	246	88	100	0	13079
4118	245	81	40	12525	0	12891
4119	12577	53	41	246	0	12917
4120	261	45	35	12569	0	12910
4121	12563	39	26	252	0	12880
4122	261	36	20	12560	0	12877
4123	12548	55	26	254	0	12883
4124	247	34	12141	112	0	12534
4125	103	51	177	12269	0	12600
4126	81	53	12251	236	0	12621
4127	100	38	11590	105	0	11833
4128	63	42	12131	86	0	12322
4129	84	61	216	11846	0	12207
4130	59	42	11996	235	0	12332
4131	11865	38	208	117	0	12228
4132	222	36	64	12019	0	12341
4133	101	38	12255	236	0	12630
4134	86	36	197	12228	0	12547
4135	71	34	60	12410	0	12575
4136	67	28	12683	274	0	13052
4137	76	32	193	12667	0	12968
4138	78	25	82	12647	0	12832
4139	64	12834	49	260	0	13207
4140	12775	167	48	129	0	13119
4141	12896	60	36	88	0	13080
4142	266	43	12514	70	0	12893
4143	12148	32	163	80	0	12423
4144	212	18	11915	76	0	12221
4145	97	21	11274	58	0	11450
4146	66	23	11351	59	0	11499
4147	105	194	201	10732	0	11232
4148	41	16	11014	159	0	11230
4149	42	42	123	10709	0	10916
4150	54	15	60	10788	0	10917
4151	63	12	36	10831	0	10942
4152	51	15	38	10754	0	10858
4153	10626	26	25	178	0	10855
4154	10794	13	33	98	0	10938
4155	149	11031	39	78	0	11297
4156	67	109	37	11221	0	11434
4157	62	41	11417	153	0	11673
4158	40	11567	138	82	0	11827
4159	49	145	63	11954	0	12211
4160	44	44	12082	183	0	12353
4161	55	36	158	11853	0	12102
4162	37	27	12007	192	0	12263
4163	42	21	11830	75	0	11968
4164	52	26	186	12077	0	12341
4165	43	23	69	12162	0	12297
4166	12078	11	54	223	0	12366
4167	159	18	42	12013	0	12232
4168	11899	19	31	210	0	12159
4169	158	11740	29	101	0	12028
4170	64	12210	39	72	0	12385
4171	62	155	24	12414	0	12655
4172	12416	49	35	182	0	12682
4173	162	12491	38	74	0	12765
4174	65	144	37	12834	0	13080
4175	13216	49	30	201	0	13496
4176	13391	28	37	98	0	13554
4177	13036	29	28	101	0	13194
4178	12969	12	33	86	0	13100
4179	13615	22	26	65	0	13728
4180	220	28	13169	62	0	13479
4181	94	13	12847	46	0	13000
4182	65	12949	167	38	0	13219
4183	67	217	74	12855	0	13213
4184	37	44	13248	136	0	13465
4185	45	34	12665	55	0	12799
4186	45	62	130	12237	0	12474
4187	29	15	13238	118	0	13400
4188	28	19	12979	47	0	13073
4189	22	15670	155	40	0	15887
4190	15724	241	66	64	0	16095
4191	244	16787	50	22	0	17103
4192	75	272	37	17351	0	17735
4193	17705	50	23	308	0	18086
4194	286	17976	38	65	0	18365
4195	88	280	40	17898	0	18306
4196	53	52	18066	299	0	18470
4197	18214	38	283	90	0	18625
4198	18661	35	62	77	0	18835
4199	18961	23	43	72	0	19099
4200	392	25	37	18847	0	19301
4201	96	42	18829	310	0	19277
4202	56	18763	300	79	0	19198
4203	83	292	63	18962	0	19400
4204	18987	62	47	348	0	19444
4205	320	57	18732	77	0	19186
4206	75	18155	301	82	0	18613
4207	78	280	18471	46	0	18875
4208	18713	54	312	69	0	19148
4209	19347	45	71	52	0	19515
4210	19329	38	52	64	0	19483
4211	403	32	18612	35	0	19082
4212	120	18448	313	41	0	18922
4213	110	298	80	18729	0	19217
4214	102	64	66	19058	0	19290
4215	83	48	63	19094	0	19288
4216	55	45	18518	384	0	19002
4217	18325	34	316	139	0	18814
4218	356	29	18648	91	0	19124
4219	18958	36	354	81	0	19429
4220	19418	35	90	80	0	19623
4221	19461	39	71	78	0	19649
4222	19052	52	62	78	0	19244
4223	427	50	18880	55	0	19412
4224	193	50	312	18984	0	19539
4225	128	78	18679	329	0	19214
4226	111	18127	336	115	0	18689
4227	98	19073	94	94	0	19359
4228	19034	380	81	98	0	19593
4229	18659	104	74	118	0	18955
4230	380	19117	75	79	0	19651
4231	19293	349	63	98	0	19803
4232	480	118	15947	97	0	16642
4233	18699	84	225	87	0	19095
4234	449	19172	77	80	0	19778
4235	19492	364	74	85	0	20015
4236	19343	109	75	81	0	19608
4237	495	103	72	18821	0	19491
4238	214	74	73	19156	0	19517
4239	18861	74	98	425	0	19458
4240	463	92	73	18809	0	19437
4241	18870	66	91	440	0	19467
4242	511	61	84	18865	0	19521
4243	18727	61	96	421	0	19305
4244	18785	58	83	144	0	19070
4245	500	18169	98	113	0	18880
4246	200	18840	97	87	0	19224
4247	18360	390	85	114	0	18949
4248	439	18539	80	98	0	19156
4249	207	420	86	18337	0	19050
4250	191	120	89	18625	0	19025
4251	18134	120	93	468	0	18815
4252	449	18042	103	173	0	18767
4253	227	17630	95	140	0	18092
4254	214	18063	99	119	0	18495
4255	233	405	17514	122	0	18274
4256	244	142	17314	98	0	17798
4257	240	152	17294	104	0	17790
4258	249	356	405	15526	0	16536
4259	204	16505	146	327	0	17182
4260	16490	354	104	166	0	17114
4261	430	118	16335	142	0	17025
4262	216	119	16190	118	0	16643
4263	206	101	16564	107	0	16978
4264	237	102	410	16208	0	16957
4265	232	74	148	16550	0	17004
4266	225	89	128	16650	0	17092
4267	16520	88	107	380	0	17095
4268	16528	97	105	140	0	16870
4269	16566	86	87	144	0	16883
4270	486	79	112	15978	0	16655
4271	202	90	15536	340	0	16168
4272	194	100	15798	127	0	16219
4273	204	69	344	15677	0	16294
4274	198	66	118	15620	0	16002
4275	15168	78	93	374	0	15713
4276	434	14916	99	164	0	15613
4277	14945	295	80	135	0	15455
4278	458	14759	83	146	0	15446
4279	221	329	62	14827	0	15439
4280	205	80	14701	362	0	15348
4281	205	118	303	14593	0	15219
4282	14752	75	81	398	0	15306
4283	429	58	14569	143	0	15199
4284	13933	66	317	137	0	14453
4285	463	50	13816	102	0	14431
4286	257	77	13457	79	0	13870
4287	12668	67	298	87	0	13120
4288	423	60	12737	78	0	13298
4289	108	39	9937	34	0	10118
4290	178	9831	232	43	0	10284
4291	8720	205	341	90	0	9356
4292	8236	23	77	30	0	8366
4293	8184	11	12	27	0	8234
4294	80	14	7827	7	0	7928
4295	7578	10	57	19	0	7664
4296	77	7701	9	6	0	7793
4297	7510	56	7	20	0	7593
4298	68	6	7531	14	0	7619
4299	21	57	52	7183	0	7313
4300	13	5	7106	44	0	7168
4301	9	7082	38	11	0	7140
4302	20	39	18	6958	0	7035
4303	18	2	17	7063	0	7100
4304	7188	3	3	49	0	7243
4305	7155	1	6	15	0	7177
4306	7175	4	5	11	0	7195
4307	7163	2	3	8	0	7176
4308	7057	5	3	10	0	7075
4309	51	2	7060	4	0	7117
4310	13	2	39	7041	0	7095
4311	11	2	7295	37	0	7345
4312	11	4	44	7267	0	7326
4313	7413	2	4	58	0	7477
4314	7510	5	7	22	0	7544
4315	7597	3	5	13	0	7618
4316	7643	4	7	13	0	7667
4317	59	3	7791	5	0	7858
4318	22	3	46	7724	0	7795
4319	12	4	7730	48	0	7794
4320	7	7823	51	12	0	7893
4321	4	7637	12	25	0	7678
4322	40	50	13	7560	0	7663
4323	13	9	5	8290	0	8317
4324	19	6	9	8297	0	8331
4325	13	4	3	8752	0	8772
4326	8668	1	5	94	0	8768
4327	73	8615	7	23	0	8718
4328	8492	62	6	29	0	8589
4329	75	12	6	8493	0	8586
4330	25	6	5	8387	0	8423
4331	19	8452	5	87	0	8563
4332	21	67	3	8516	0	8607
4333	8537	10	6	90	0	8643
4334	72	8197	9	19	0	8297
4335	17	8070	3	15	0	8105
4336	8033	71	6	18	0	8128
4337	83	18	1	8050	0	8152
4338	18	8027	4	70	0	8119
4339	30	70	5	8113	0	8218
4340	8149	11	4	92	0	8256
4341	79	8	3	8065	0	8155
4342	25	7	4	8116	0	8152
4343	8100	5	4	93	0	8202
4344	86	3	5	8047	0	8141
4345	25	8087	9	77	0	8198
4346	16	63	3	8043	0	8125
4347	11	8051	4	68	0	8134
4348	14	66	1	8094	0	8175
4349	8041	18	2	87	0	8148
4350	8132	11	2	30	0	8175
4351	88	8	4	8114	0	8214
4352	33	8	8036	70	0	8147
4353	7840	7	62	42	0	7951
4354	79	11	7987	17	0	8094
4355	7951	4	71	21	0	8047
4356	8020	6	17	30	0	8073
4357	86	9	7825	13	0	7933
4358	28	7733	69	26	0	7856
4359	7717	67	26	25	0	7835
4360	7700	20	9	29	0	7758
4361	86	12	7886	16	0	8000
4362	7823	9	67	33	0	7932
4363	7775	15	13	21	0	7824
4364	7834	10	7	28	0	7879
4365	108	4	5	7769	0	7886
4366	39	7	4	7801	0	7851
4367	22	7839	2	91	0	7954
4368	17	69	10	8014	0	8110
4369	27	18	3	8043	0	8091
4370	16	20	7891	85	0	8012
4371	18	20	7597	37	0	7672
4372	7407	15	70	39	0	7531
4373	7669	10	22	37	0	7738
4374	91	7640	11	20	0	7762
4375	43	75	7	7723	0	7848
4376	33	23	7938	87	0	8081
4377	23	11	77	8033	0	8144
4378	36	13	25	8193	0	8267
4379	28	8	12	8436	0	8484
4380	24	8435	9	122	0	8590
4381	25	88	3	8571	0	8687
4382	28	36	6	8728	0	8798
4383	20	24	8615	128	0	8787
4384	25	19	8634	58	0	8736
4385	8413	11	104	54	0	8582
4386	8724	12	41	43	0	8820
4387	141	10	26	9169	0	9346
4388	71	16	13	9090	0	9190
4389	49	10	8	9274	0	9341
4390	32	14	8898	173	0	9117
4391	28	8768	125	77	0	8998
4392	27	131	8778	47	0	8983
4393	8674	41	138	45	0	8898
4394	143	25	8819	34	0	9021
4395	8746	20	140	36	0	8942
4396	8628	17	45	33	0	8723
4397	8876	15	26	34	0	8951
4398	183	14	17	8789	0	9003
4399	75	20	8791	147	0	9033
4400	46	8978	130	63	0	9217
4401	48	137	44	8821	0	9050
4402	35	50	22	9172	0	9279
4403	33	23	9346	201	0	9603
4404	26	9232	145	91	0	9494
4405	9547	154	58	60	0	9819
4406	178	9757	36	38	0	10009
4407	10294	202	26	33	0	10555
4408	256	69	23	10392	0	10740
4409	82	27	10593	221	0	10923
4410	53	10656	215	90	0	11014
4411	10713	212	85	51	0	11061
4412	248	58	10730	37	0	11073
4413	10686	29	228	34	0	10977
4414	10836	20	75	40	0	10971
4415	301	16	10703	31	0	11051
4416	10550	13	239	35	0	10837
4417	10597	16	84	36	0	10733
4418	10453	14	40	33	0	10540
4419	311	10163	38	31	0	10543
4420	9945	213	27	28	0	10213
4421	261	10068	20	21	0	10370
4422	106	218	9964	21	0	10309
4423	48	9957	209	38	0	10252
4424	9544	219	134	38	0	9935
4425	9642	69	39	27	0	9777
4426	9740	38	27	16	0	9821
4427	292	25	18	9471	0	9806
4428	117	14	20	9675	0	9826
4429	9248	14	29	262	0	9553
4430	9644	17	27	83	0	9771
4431	298	16	12	9392	0	9718
4432	96	18	9319	210	0	9643
4433	63	8927	200	71	0	9261
4434	50	9357	66	32	0	9505
4435	49	239	34	9217	0	9539
4436	33	85	9243	195	0	9556
4437	57	50	197	8885	0	9189
4438	41	9067	66	180	0	9354
4439	51	196	37	9088	0	9372
4440	47	74	9026	201	0	9348
4441	47	34	196	9075	0	9352
4442	43	18	9382	225	0	9668
4443	57	18	211	9361	0	9647
4444	40	19	9615	221	0	9895
4445	48	30	9582	80	0	9740
4446	9375	19	247	46	0	9687
4447	9662	27	85	26	0	9800
4448	9681	29	37	43	0	9790
4449	267	9536	42	29	0	9874
4450	105	202	29	9650	0	9986
4451	9381	63	31	213	0	9688
4452	9800	37	36	75	0	9948
4453	9795	28	32	42	0	9897
4454	295	25	9557	44	0	9921
4455	116	9050	202	54	0	9422
4456	73	9683	68	43	0	9867
4457	9668	226	42	48	0	9984
4458	239	77	45	9609	0	9970
4459	9618	46	45	207	0	9916
4460	249	47	9535	69	0	9900
4461	124	31	207	9399	0	9761
4462	80	26	83	9549	0	9738
4463	76	37	39	9359	0	9511
4464	61	9476	33	241	0	9811
4465	9477	195	31	98	0	9801
4466	9577	62	30	58	0	9727
4467	269	9341	33	52	0	9695
4468	111	213	30	9227	0	9581
4469	9273	74	37	212	0	9596
4470	266	48	26	9286	0	9626
4471	9273	36	36	227	0	9572
4472	244	9194	34	92	0	9564
4473	9184	212	27	50	0	9473
4474	277	78	8996	36	0	9387
4475	118	9098	195	61	0	9472
4476	74	204	9020	49	0	9347
4477	132	200	242	8728	0	9302
4478	8638	53	86	210	0	8987
4479	8751	33	40	70	0	8894
4480	8660	30	43	43	0	8776
4481	278	20	30	8370	0	8698
4482	8359	27	34	210	0	8630
4483	259	23	28	8262	0	8572
4484	8281	26	22	225	0	8554
4485	8388	19	36	103	0	8546
4486	280	26	8235	37	0	8578
4487	94	27	7676	40	0	7837
4488	71	21	7657	32	0	7781
4489	49	36	188	7375	0	7648
4490	7440	17	107	169	0	7733
4491	164	25	39	7536	0	7764
4492	87	14	29	7691	0	7821
4493	7893	16	26	206	0	8141
4494	7963	8	29	81	0	8081
4495	8012	18	20	49	0	8099
4496	8053	18	15	43	0	8129
4497	224	13	21	7902	0	8160
4498	7759	17	13	174	0	7963
4499	173	7721	25	58	0	7977
4500	7563	119	21	39	0	7742
4501	7524	43	33	34	0	7634
4502	166	22	7110	31	0	7329
4503	6595	18	107	26	0	6746
4504	126	15	6615	25	0	6781
4505	43	8	6108	18	0	6177
4506	37	15	6082	15	0	6149
4507	60	141	81	5244	0	5526
4508	21	9	5368	42	0	5440
4509	15	39	35	5010	0	5099
4510	9	3	5134	34	0	5180
4511	16	4	5259	9	0	5288
4512	8	10	39	5142	0	5199
4513	12	4	6	5447	0	5469
4514	5	2	5675	30	0	5712
4515	5482	1	35	11	0	5529
4516	38	0	9	5637	0	5684
4517	8	0	2	5732	0	5742
4518	5750	1	8	39	0	5798
4519	40	3	1	5845	0	5889
4520	8	3	5845	37	0	5893
4521	8	1	5532	10	0	5551
4522	10	3	34	5522	0	5569
4523	7	3	5643	37	0	5690
4524	6	5858	36	5	0	5905
4525	15	33	8	5767	0	5823
4526	5899	2	4	39	0	5944
4527	31	7	5893	5	0	5936
4528	5841	4	34	12	0	5891
4529	36	0	4	6070	0	6110
4530	16	0	10	6120	0	6146
4531	12	1	5	6119	0	6137
4532	8	1	4	6073	0	6086
4533	6076	1	4	55	0	6136
4534	39	6352	4	11	0	6406
4535	12	47	3	6446	0	6508
4536	11	8	4	6468	0	6491
4537	14	7	6	6463	0	6490
4538	9	6	5	6467	0	6487
4539	6408	1	4	79	0	6492
4540	50	6408	4	21	0	6483
4541	6341	47	2	27	0	6417
4542	53	6007	6	19	0	6085
4543	15	6095	5	12	0	6127
4544	5944	54	5	10	0	6013
4545	60	13	6042	8	0	6123
4546	18	12	48	6075	0	6153
4547	6194	5	13	66	0	6278
4548	6301	3	10	23	0	6337
4549	5612	25	16	47	0	5700
4550	6313	4	2	24	0	6343
4551	70	6602	8	7	0	6687
4552	6694	65	3	16	0	6778
4553	6909	13	1	20	0	6943
4554	85	7280	2	12	0	7379
4555	39	90	5	7491	0	7625
4556	23	25	7533	88	0	7669
4557	17	15	92	7585	0	7709
4558	7602	14	24	116	0	7756
4559	92	9	7914	37	0	8052
4560	34	7791	99	28	0	7952
4561	23	92	7987	20	0	8122
4562	27	41	110	7676	0	7854
4563	13	7796	38	92	0	7939
4564	8005	101	22	39	0	8167
4565	101	8106	20	36	0	8263
4566	51	111	7	8096	0	8265
4567	29	43	14	8271	0	8357
4568	8198	27	7	133	0	8365
4569	106	17	7	8099	0	8229
4570	34	8105	11	116	0	8266
4571	8179	102	3	48	0	8332
4572	8222	30	8	41	0	8301
4573	114	8271	7	28	0	8420
4574	8280	99	5	25	0	8409
4575	118	8146	8	18	0	8290
4576	8096	117	3	20	0	8236
4577	122	8105	7	12	0	8246
4578	61	109	4	7856	0	8030
4579	34	47	3	8283	0	8367
4580	8222	29	8	117	0	8376
4581	8349	25	8	53	0	8435
4582	126	8287	6	39	0	8458
4583	62	96	8237	21	0	8416
4584	8335	41	87	25	0	8488
4585	116	21	29	8384	0	8550
4586	48	8385	24	91	0	8548
4587	46	90	12	8468	0	8616
4588	8484	44	3	116	0	8647
4589	8534	23	11	53	0	8621
4590	8605	21	7	46	0	8679
4591	141	10	4	8540	0	8695
4592	65	11	8506	110	0	8692
4593	8122	16	87	52	0	8277
4594	8303	13	33	47	0	8396
4595	8481	12	19	31	0	8543
4596	151	8338	16	21	0	8526
4597	80	96	7	8458	0	8641
4598	35	8598	14	116	0	8763
4599	48	113	7	8633	0	8801
4600	38	46	4	8811	0	8899
4601	44	27	9176	138	0	9385
4602	42	28	114	9642	0	9826
4603	23	18	39	9930	0	10010
4604	9891	16	21	200	0	10128
4605	152	9989	17	76	0	10234
4606	10025	149	7	59	0	10240
4607	10419	65	15	46	0	10545
4608	227	35	10	10338	0	10610
4609	94	31	10428	166	0	10719
4610	60	10109	143	70	0	10382
4611	37	10197	46	48	0	10328
4612	10022	197	34	47	0	10300
4613	173	10064	21	33	0	10291
4614	83	180	11	9847	0	10121
4615	58	68	19	10126	0	10271
4616	31	46	9940	203	0	10220
4617	39	41	9775	83	0	9938
4618	44	9860	179	50	0	10133
4619	36	163	70	9899	0	10168
4620	9933	61	36	172	0	10202
4621	165	42	21	10013	0	10241
4622	64	28	10134	190	0	10416
4623	52	33	161	10065	0	10311
4624	9801	29	56	202	0	10088
4625	9812	26	28	98	0	9964
4626	210	9767	17	66	0	10060
4627	9838	162	11	60	0	10071
4628	189	9819	22	47	0	10077
4629	9803	176	19	44	0	10042
4630	201	87	10	9657	0	9955
4631	101	47	9562	159	0	9869
4632	67	33	9398	74	0	9572
4633	45	9732	185	45	0	10007
4634	56	148	71	9545	0	9820
4635	53	63	34	9814	0	9964
4636	9795	33	22	200	0	10050
4637	9858	35	19	100	0	10012
4638	10056	23	24	51	0	10154
4639	218	35	12	9974	0	10239
4640	108	33	8	10121	0	10270
4641	74	23	13	10193	0	10303
4642	51	28	10038	222	0	10339
4643	50	18	9849	88	0	10005
4644	9913	16	175	76	0	10180
4645	9915	19	69	64	0	10067
4646	197	26	9943	50	0	10216
4647	9770	26	144	64	0	10004
4648	9685	10	64	59	0	9818
4649	224	22	9696	28	0	9970
4650	93	9714	138	49	0	9994
4651	90	151	79	9442	0	9762
4652	48	57	9704	144	0	9953
4653	42	9838	143	78	0	10101
4654	62	207	52	9110	0	9431
4655	32	9369	29	128	0	9558
4656	42	119	9213	53	0	9427
4657	37	67	9223	33	0	9360
4658	51	83	167	9194	0	9495
4659	9177	27	72	149	0	9425
4660	159	34	28	9173	0	9394
4661	9143	16	22	162	0	9343
4662	149	27	21	9178	0	9375
4663	69	21	9046	157	0	9293
4664	8862	19	138	87	0	9106
4665	142	27	9041	48	0	9258
4666	9137	18	143	45	0	9343
4667	156	26	65	8990	0	9237
4668	83	9050	33	142	0	9308
4669	54	128	33	9114	0	9329
4670	34	9328	41	146	0	9549
4671	62	130	29	8994	0	9215
4672	36	9358	33	140	0	9567
4673	9291	133	27	85	0	9536
4674	9353	61	19	61	0	9494
4675	9315	37	28	53	0	9433
4676	194	18	9185	39	0	9436
4677	95	38	131	9194	0	9458
4678	49	22	9328	156	0	9555
4679	58	8964	141	68	0	9231
4680	44	9258	66	47	0	9415
4681	9101	169	48	40	0	9358
4682	146	61	9108	47	0	9362
4683	69	9011	143	45	0	9268
4684	50	143	61	9195	0	9449
4685	9150	59	36	169	0	9414
4686	156	9200	39	63	0	9458
4687	9355	147	29	48	0	9579
4688	180	63	9363	36	0	9642
4689	86	28	147	9537	0	9798
4690	55	28	71	9752	0	9906
4691	45	22	43	9947	0	10057
4692	40	9873	36	209	0	10158
4693	60	161	31	9379	0	9631
4694	45	72	10005	179	0	10301
4695	55	14	163	9826	0	10058
4696	39	29	70	10010	0	10148
4697	50	21	32	9827	0	9930
4698	34	9645	34	212	0	9925
4699	43	158	26	9633	0	9860
4700	58	59	24	9560	0	9701
4701	23	8960	31	188	0	9202
4702	8474	111	17	58	0	8660
4703	111	8395	16	39	0	8561
4704	36	8363	14	34	0	8447
4705	42	161	19	8210	0	8432
4706	15	41	8224	115	0	8395
4707	7751	22	97	53	0	7923
4708	97	16	38	8009	0	8160
4709	39	12	7841	111	0	8003
4710	11	7854	95	56	0	8016
4711	16	95	36	7894	0	8041
4712	15	41	8003	104	0	8163
4713	22	31	99	7792	0	7944
4714	27	22	38	7839	0	7926
4715	7685	12	10	137	0	7844
4716	90	7666	12	56	0	7824
4717	7642	97	17	29	0	7785
4718	101	39	7682	23	0	7845
4719	43	7694	91	16	0	7844
4720	11	98	7770	13	0	7892
4721	29	68	96	7859	0	8052
4722	7823	7	41	109	0	7980
4723	89	19	12	7814	0	7934
4724	7851	9	8	114	0	7982
4725	7955	9	12	52	0	8028
4726	132	10	6	8066	0	8214
4727	37	12	8209	104	0	8362
4728	24	8	8316	40	0	8388
4729	21	4	117	8516	0	8658
4730	15	16	35	8688	0	8754
4731	8667	10	20	131	0	8828
4732	106	13	10	8580	0	8709
4733	41	8376	13	112	0	8542
4734	19	97	13	8522	0	8651
4735	26	40	10	8548	0	8624
4736	8441	11	8	148	0	8608
4737	104	8524	10	57	0	8695
4738	45	105	9	8592	0	8751
4739	17	37	11	8567	0	8632
4740	14	8462	18	155	0	8649
4741	19	105	9	8583	0	8716
4742	23	38	8	8501	0	8570
4743	15	8367	13	148	0	8543
4744	13	114	6	8424	0	8557
4745	15	34	8	8362	0	8419
4746	6	8261	17	151	0	8435
4747	14	116	7	8351	0	8488
4748	8240	39	8	154	0	8441
4749	8243	19	7	74	0	8343
4750	8061	25	6	48	0	8140
4751	8094	12	4	49	0	8159
4752	140	7744	13	35	0	7932
4753	7379	101	5	33	0	7518
4754	101	7173	7	34	0	7315
4755	40	7240	6	26	0	7312
4756	38	113	23	7216	0	7390
4757	28	33	7236	101	0	7398
4758	6958	19	93	38	0	7108
4759	7211	22	19	28	0	7280
4760	105	14	7276	29	0	7424
4761	7259	12	84	31	0	7386
4762	7508	10	22	28	0	7568
4763	113	7309	11	25	0	7458
4764	7910	85	10	40	0	8045
4765	111	35	4	7852	0	8002
4766	40	17	11	7915	0	7983
4767	27	12	14	7946	0	7999
4768	25	12	9	7919	0	7965
4769	7860	13	7	135	0	8015
4770	105	15	5	7746	0	7871
4771	44	9	7	7837	0	7897
4772	25	13	7657	129	0	7824
4773	7268	13	85	60	0	7426
4774	7735	14	24	43	0	7816
4775	7782	5	11	35	0	7833
4776	113	7565	12	28	0	7718
4777	39	7743	4	25	0	7811
4778	7662	94	11	37	0	7804
4779	105	33	5	7740	0	7883
4780	43	7797	6	104	0	7950
4781	33	92	4	7769	0	7898
4782	23	7881	7	107	0	8018
4783	7850	103	4	48	0	8005
4784	97	7945	6	36	0	8084
4785	44	97	7	7938	0	8086
4786	34	37	7	8081	0	8159
4787	35	18	8187	121	0	8361
4788	21	8492	90	46	0	8649
4789	47	124	25	8761	0	8957
4790	30	54	8896	119	0	9099
4791	25	25	8955	55	0	9060
4792	27	21	136	9038	0	9222
4793	27	22	57	9002	0	9108
4794	12	8757	28	171	0	8968
4795	19	9057	13	77	0	9166
4796	34	147	11	9055	0	9247
4797	9062	60	13	148	0	9283
4798	138	26	11	9380	0	9555
4799	9517	19	6	169	0	9711
4800	9764	18	10	85	0	9877
4801	9882	25	6	43	0	9956
4802	192	24	9828	31	0	10075
4803	9826	16	117	38	0	9997
4804	166	15	53	9882	0	10116
4805	95	14	22	9940	0	10071
4806	42	22	9770	186	0	10020
4807	46	13	9665	93	0	9817
4808	38	41	165	9490	0	9734
4809	29	9300	73	123	0	9525
4810	28	9621	22	75	0	9746
4811	54	157	17	9605	0	9833
4812	9587	71	15	142	0	9815
4813	125	28	21	9657	0	9831
4814	78	19	13	9622	0	9732
4815	34	9612	10	195	0	9851
4816	30	124	15	9809	0	9978
4817	28	68	9843	138	0	10077
4818	34	25	9430	94	0	9583
4819	9332	18	153	62	0	9565
4820	116	9583	75	37	0	9811
4821	9528	116	26	34	0	9704
4822	9529	61	11	45	0	9646
4823	167	23	18	9219	0	9427
4824	71	9413	22	108	0	9614
4825	47	114	10	9498	0	9669
4826	9363	60	7	141	0	9571
4827	120	9226	11	88	0	9445
4828	9051	109	9	38	0	9207
4829	115	9016	10	36	0	9177
4830	9068	113	6	27	0	9214
4831	9092	68	7	38	0	9205
4832	169	8951	12	31	0	9163
4833	88	119	12	9010	0	9229
4834	9033	54	7	124	0	9218
4835	118	23	8803	70	0	9014
4836	77	28	8719	19	0	8843
4837	47	89	144	8641	0	8921
4838	8760	11	57	110	0	8938
4839	105	17	27	8797	0	8946
4840	8784	11	19	125	0	8939
4841	119	16	8838	76	0	9049
4842	8974	15	85	38	0	9112
4843	9332	19	55	40	0	9446
4844	161	15	21	9264	0	9461
4845	88	9	21	9348	0	9466
4846	46	12	8	9353	0	9419
4847	27	9326	12	166	0	9531
4848	35	95	10	9374	0	9514
4849	38	53	13	9512	0	9616
4850	9402	15	20	163	0	9600
4851	9416	15	22	86	0	9539
4852	150	16	9271	47	0	9484
4853	9136	16	84	56	0	9292
4854	121	15	9289	28	0	9453
4855	8825	13	102	45	0	8985
4856	107	18	9159	33	0	9317
4857	84	15	8966	33	0	9098
4858	52	27	129	8932	0	9140
4859	34	16	8961	106	0	9117
4860	8754	14	104	88	0	8960
4861	112	13	70	9105	0	9300
4862	9233	20	19	123	0	9395
4863	9298	13	22	91	0	9424
4864	8875	17	15	36	0	8943
4865	8762	14	13	48	0	8837
4866	162	7	8682	31	0	8882
4867	105	8	93	8688	0	8894
4868	44	15	8790	104	0	8953
4869	52	18	94	8686	0	8850
4870	8691	9	65	114	0	8879
4871	121	8	36	8770	0	8935
4872	8826	8	31	120	0	8985
4873	123	13	16	8897	0	9049
4874	74	25	18	8950	0	9067
4875	8869	13	14	164	0	9060
4876	111	8840	14	86	0	9051
4877	8871	83	15	51	0	9020
4878	104	8822	17	44	0	8987
4879	80	84	10	8899	0	9073
4880	8822	61	12	109	0	9004
4881	105	22	8888	77	0	9092
4882	78	17	84	8947	0	9126
4883	8978	12	61	122	0	9173
4884	9290	7	23	73	0	9393
4885	179	21	16	9131	0	9347
4886	95	9214	12	132	0	9453
4887	57	9097	15	76	0	9245
4888	46	340	18	8386	0	8790
4889	8463	54	17	106	0	8640
4890	98	8146	7	49	0	8300
4891	39	7882	4	15	0	7940
4892	7712	98	10	19	0	7839
4893	67	7728	3	10	0	7808
4894	7930	77	22	20	0	8049
4895	84	36	1	7899	0	8020
4896	45	15	0	7918	0	7978
4897	12	7790	3	103	0	7908
4898	12	7752	1	39	0	7804
4899	7417	93	4	28	0	7542
4900	72	7706	4	8	0	7790
4901	30	8306	3	5	0	8344
4902	27	124	5	8336	0	8492
4903	8531	53	1	121	0	8706
4904	115	20	9009	44	0	9188
4905	9110	9	125	23	0	9267
4906	160	4	63	9721	0	9948
4907	80	6	9851	156	0	10093
4908	38	8	10039	85	0	10170
4909	27	6	228	10205	0	10466
4910	8	9	10575	173	0	10765
4911	10574	4	196	104	0	10878
4912	10831	9	92	53	0	10985
4913	259	9	10750	25	0	11043
4914	122	9	185	10674	0	10990
4915	65	9	94	10638	0	10806
4916	10779	4	43	278	0	11104
4917	194	10	27	10399	0	10630
4918	101	10455	26	202	0	10784
4919	10607	173	18	109	0	10907
4920	190	10444	20	53	0	10707
4921	101	10856	18	39	0	11014
4922	72	247	13	10724	0	11056
4923	45	112	8	10906	0	11071
4924	36	51	13	10987	0	11087
4925	26	34	10550	290	0	10900
4926	10022	22	171	161	0	10376
4927	187	10418	82	77	0	10764
4928	10615	190	39	52	0	10896
4929	10754	97	20	44	0	10915
4930	281	50	14	10677	0	11022
4931	132	10600	21	207	0	10960
4932	71	193	17	10972	0	11253
4933	64	85	15	11160	0	11324
4934	11170	46	13	319	0	11548
4935	11158	26	12	160	0	11356
4936	293	36	10540	70	0	10939
4937	11188	29	167	62	0	11446
4938	242	11290	65	45	0	11642
4939	11405	220	28	55	0	11708
4940	264	11795	13	44	0	12116
4941	138	246	17	11670	0	12071
4942	82	122	15	11672	0	11891
4943	57	11502	19	300	0	11878
4944	64	228	18	11854	0	12164
4945	65	104	18	11915	0	12102
4946	64	65	18	11801	0	11948
4947	50	11522	20	351	0	11943
4948	54	247	15	11747	0	12063
4949	54	129	18	11883	0	12084
4950	47	76	14	11969	0	12106
4951	45	67	11549	377	0	12038
4952	11226	51	208	214	0	11699
4953	239	41	11624	123	0	12027
4954	11535	41	235	97	0	11908
4955	276	44	11646	90	0	12056
4956	11610	33	253	95	0	11991
4957	11838	43	116	83	0	12080
4958	353	35	11709	73	0	12170
4959	173	45	244	11626	0	12088
4960	103	45	10951	270	0	11369
4961	11201	33	225	142	0	11601
4962	275	43	11762	90	0	12170
4963	159	37	11584	79	0	11859
4964	11513	35	323	81	0	11952
4965	280	11621	146	70	0	12117
4966	141	220	90	11803	0	12254
4967	12007	110	64	282	0	12463
4968	294	59	62	12085	0	12500
4969	161	48	63	12297	0	12569
4970	12083	34	50	381	0	12548
4971	12197	33	60	194	0	12484
4972	365	37	11953	103	0	12458
4973	192	30	11964	111	0	12297
4974	117	27	324	12056	0	12524
4975	98	26	12245	289	0	12658
4976	97	40	278	12172	0	12587
4977	104	27	146	12129	0	12406
4978	108	39	68	12510	0	12725
4979	12051	45	68	400	0	12564
4980	275	12119	54	207	0	12655
4981	12074	231	47	159	0	12511
4982	12068	119	41	142	0	12370
4983	328	11907	50	137	0	12422
4984	11588	213	33	113	0	11947
4985	276	103	11426	101	0	11906
4986	154	101	189	11299	0	11743
4987	11445	50	83	264	0	11842
4988	257	60	10955	138	0	11410
4989	11179	38	176	109	0	11502
4990	236	11610	83	101	0	12030
4991	12586	185	50	103	0	12924
4992	12668	86	47	79	0	12880
4993	378	12736	49	67	0	13230
4994	13056	236	53	87	0	13432
4995	362	110	43	13128	0	13643
4996	201	70	43	13392	0	13706
4997	13175	51	33	342	0	13601
4998	12961	40	30	186	0	13217
4999	363	12940	38	111	0	13452
5000	193	12868	32	94	0	13187
5001	116	360	32	11834	0	12342
5002	101	11999	26	209	0	12335
5003	77	12309	32	110	0	12528
5004	11496	236	48	73	0	11853
5005	204	11567	19	52	0	11842
5006	11002	169	17	40	0	11228
5007	164	11167	15	45	0	11391
5008	86	154	11055	27	0	11322
5009	50	11163	118	43	0	11374
5010	10856	224	90	63	0	11233
5011	10728	51	29	36	0	10844
5012	165	36	10657	15	0	10873
5013	92	30	120	10295	0	10537
5014	56	21	55	10766	0	10898
5015	40	19	10703	154	0	10916
5016	37	16	124	10482	0	10659
5017	29	14	10676	163	0	10882
5018	33	18	10388	69	0	10508
5019	10362	14	153	49	0	10578
5020	136	10557	60	29	0	10782
5021	10556	125	33	39	0	10753
5022	169	44	28	10546	0	10787
5023	70	31	10647	123	0	10871
5024	56	33	122	10344	0	10555
5025	40	10647	50	135	0	10872
5026	10827	116	35	68	0	11046
5027	10927	44	22	54	0	11047
5028	181	30	18	10881	0	11110
5029	73	28	10701	124	0	10926
5030	10242	22	111	62	0	10437
5031	144	10470	43	32	0	10689
5032	10462	121	23	33	0	10639
5033	166	42	20	10367	0	10595
5034	10332	37	14	126	0	10509
5035	171	34	13	10241	0	10459
5036	77	38	10214	136	0	10465
5037	70	20	9752	70	0	9912
5038	9787	21	124	87	0	10019
5039	118	10203	56	47	0	10424
5040	10016	92	60	46	0	10214
5041	10050	49	22	27	0	10148
5042	126	10136	14	20	0	10296
5043	9982	123	13	32	0	10150
5044	128	57	10322	30	0	10537
5045	64	51	90	10335	0	10540
5046	56	48	37	10417	0	10558
5047	56	31	25	10559	0	10671
5048	45	43	10458	127	0	10673
5049	47	30	10412	62	0	10551
5050	28	40	120	10432	0	10620
5051	25	10305	72	96	0	10498
5052	33	10713	30	50	0	10826
5053	10691	125	23	53	0	10892
5054	10769	58	31	51	0	10909
5055	128	10974	36	42	0	11180
5056	75	103	17	11141	0	11336
5057	52	52	17	11241	0	11362
5058	11342	32	34	157	0	11565
5059	122	19	24	11580	0	11745
5060	71	17	33	11503	0	11624
5061	50	27	37	11595	0	11709
5062	54	26	11039	146	0	11265
5063	39	44	10441	88	0	10612
5064	11075	23	132	72	0	11302
5065	140	9	63	11715	0	11927
5066	55	20	11709	143	0	11927
5067	44	22	11319	78	0	11463
5068	11554	37	152	67	0	11810
5069	168	19	12634	41	0	12862
5070	72	12885	172	38	0	13167
5071	61	137	71	13737	0	14006
5072	43	53	13719	180	0	13995
5073	13704	53	184	70	0	14011
5074	216	44	66	14430	0	14756
5075	107	19	14381	208	0	14715
5076	79	15	206	14548	0	14848
5077	74	21	79	14713	0	14887
5078	14676	9	59	300	0	15044
5079	215	14848	59	130	0	15252
5080	109	189	43	14822	0	15163
5081	14912	68	32	243	0	15255
5082	15004	52	25	112	0	15193
5083	15076	26	27	77	0	15206
5084	15241	25	29	62	0	15357
5085	324	38	31	14953	0	15346
5086	14775	19	29	244	0	15067
5087	14875	11	46	112	0	15044
5088	14261	22	23	114	0	14420
5089	14444	17	29	103	0	14593
5090	292	13611	34	65	0	14002
5091	71	12759	16	22	0	12868
5092	60	189	12	12646	0	12907
5093	41	12533	15	128	0	12717
5094	12477	152	13	64	0	12706
5095	162	50	9	12388	0	12609
5096	12327	17	10	159	0	12513
5097	12430	9	10	63	0	12512
5098	188	9	8	12600	0	12805
5099	81	12	11	12514	0	12618
5100	46	12480	9	170	0	12705
5101	12493	133	7	86	0	12719
5102	161	12427	11	38	0	12637
5103	12504	138	12	42	0	12696
5104	182	42	8	12573	0	12805
5105	63	31	12430	143	0	12667
5106	12269	23	133	70	0	12495
5107	12037	16	36	60	0	12149
5108	181	20	11843	32	0	12076
5109	79	19	11867	23	0	11988
5110	84	13	157	11629	0	11883
5111	12544	22	44	166	0	12776
5112	12915	21	26	67	0	13029
5113	12963	20	11	86	0	13080
5114	13192	20	11	66	0	13289
5115	225	12982	16	27	0	13250
5116	13372	160	8	57	0	13597
5117	223	50	14	13240	0	13527
5118	98	23	18	13385	0	13524
5119	66	17	15	13830	0	13928
5120	52	11	24	14053	0	14140
5121	13833	16	13	253	0	14115
5122	225	13	16	14398	0	14652
5123	82	18	14149	239	0	14488
5124	86	22	190	14443	0	14741
5125	76	10	54	14594	0	14734
5126	74	17	41	14542	0	14674
5127	69	17	18	14472	0	14576
5128	14097	16	16	331	0	14460
5129	250	13940	29	113	0	14332
5130	92	14156	23	69	0	14340
5131	86	250	26	14130	0	14492
5132	13937	81	27	257	0	14302
5133	14388	44	14	121	0	14567
5134	305	21	18	14360	0	14704
5135	109	21	14027	262	0	14419
5136	14189	26	206	131	0	14552
5137	291	19	57	14650	0	15017
5138	109	28	14683	277	0	15097
5139	14211	29	224	149	0	14613
5140	292	14667	62	86	0	15107
5141	15983	235	34	86	0	16338
5142	381	16463	23	67	0	16934
5143	204	334	12	16555	0	17105
5144	116	16826	30	347	0	17319
5145	114	424	19	17254	0	17811
5146	16691	175	15	493	0	17374
5147	373	16999	20	236	0	17628
5148	197	349	16876	133	0	17555
5149	152	193	324	16902	0	17571
5150	110	95	17009	379	0	17593
5151	109	65	383	16770	0	17327
5152	86	45	177	17254	0	17562
5153	59	49	16744	528	0	17380
5154	15750	30	356	318	0	16454
5155	402	42	16542	168	0	17154
5156	206	50	16449	102	0	16807
5157	130	16627	482	101	0	17340
5158	119	358	207	16502	0	17186
5159	84	176	125	16748	0	17133
5160	99	99	60	16363	0	16621
5161	73	74	43	16987	0	17177
5162	58	44	16261	586	0	16949
5163	15510	44	338	335	0	16227
5164	362	29	16261	196	0	16848
5165	204	26	400	15811	0	16441
5166	15635	29	202	415	0	16281
5167	377	15702	117	232	0	16428
5168	206	425	73	15149	0	15853
5169	14611	150	66	384	0	15211
5170	347	14060	48	231	0	14686
5171	154	14118	47	132	0	14451
5172	13853	381	48	106	0	14388
5173	317	13918	38	79	0	14352
5174	13537	336	33	87	0	13993
5175	355	13681	39	67	0	14142
5176	13777	340	35	61	0	14213
5177	14032	160	27	71	0	14290
5178	422	14020	37	39	0	14518
5179	230	304	24	13789	0	14347
5180	122	161	13640	305	0	14228
5181	13525	106	280	154	0	14065
5182	326	69	121	13573	0	14089
5183	176	13130	82	321	0	13709
5184	103	13646	49	160	0	13958
5185	94	374	30	13652	0	14150
5186	13514	171	34	334	0	14053
5187	307	116	13490	164	0	14077
5188	168	65	262	13705	0	14200
5189	124	46	139	13990	0	14299
5190	86	58	83	14164	0	14391
5191	84	43	57	13942	0	14126
5192	44	13580	41	493	0	14158
5193	65	283	41	13918	0	14307
5194	46	162	13539	417	0	14164
5195	63	100	13366	221	0	13750
5196	41	68	13674	148	0	13931
5197	54	62	434	13486	0	14036
5198	13231	55	222	342	0	13850
5199	298	51	13236	202	0	13787
5200	170	38	13443	143	0	13794
5201	126	48	423	13195	0	13792
5202	13258	44	210	363	0	13875
5203	301	13213	134	208	0	13856
5204	13278	311	78	150	0	13817
5205	370	154	88	13195	0	13807
5206	204	106	13401	343	0	14054
5207	149	143	300	12928	0	13520
5208	89	13449	172	372	0	14082
5209	13854	310	109	206	0	14479
5210	319	157	13798	156	0	14430
5211	171	13455	294	126	0	14046
5212	13391	311	186	108	0	13996
5213	390	182	142	13330	0	14044
5214	200	114	77	13572	0	13963
5215	13518	70	71	450	0	14109
5216	13684	57	57	262	0	14060
5217	14118	64	69	143	0	14394
5218	537	58	44	13514	0	14153
5219	280	13310	46	348	0	13984
5220	13409	292	57	224	0	13982
5221	379	13386	43	152	0	13960
5222	12866	327	46	110	0	13349
5223	372	12676	42	86	0	13176
5224	223	317	47	12514	0	13101
5225	12637	195	32	311	0	13175
5226	12828	110	22	200	0	13160
5227	12950	76	32	135	0	13193
5228	13045	63	29	113	0	13250
5229	13069	54	27	81	0	13231
5230	515	58	12554	74	0	13201
5231	316	62	246	12545	0	13169
5232	186	56	12643	277	0	13162
5233	133	62	12513	169	0	12877
5234	12388	57	379	120	0	12944
5235	12613	48	200	93	0	12954
5236	12668	45	113	57	0	12883
5237	494	49	68	12125	0	12736
5238	12080	46	52	284	0	12462
5239	377	11801	48	189	0	12415
5240	236	11822	44	121	0	12223
5241	119	11063	24	53	0	11259
5242	10252	189	67	49	0	10557
5243	179	10291	24	40	0	10534
5244	10059	139	46	33	0	10277
5245	9969	52	13	24	0	10058
5246	210	39	9860	30	0	10139
5247	109	23	140	9708	0	9980
5248	75	24	47	10111	0	10257
5249	10168	29	28	181	0	10406
5250	10233	18	19	82	0	10352
5251	218	21	21	10092	0	10352
5252	105	21	9970	165	0	10261
5253	78	23	10009	69	0	10179
5254	78	20	170	10198	0	10466
5255	71	15	57	10240	0	10383
5256	58	19	31	10407	0	10515
5257	10042	20	24	229	0	10315
5258	10110	23	16	92	0	10241
5259	215	10055	20	51	0	10341
5260	115	156	14	10074	0	10359
5261	86	56	17	10115	0	10274
5262	50	10116	21	196	0	10383
5263	64	150	21	10241	0	10476
5264	10228	59	19	195	0	10501
5265	207	35	21	10138	0	10401
5266	104	22	26	10282	0	10434
5267	10064	22	19	232	0	10337
5268	10122	24	18	101	0	10265
5269	10124	19	27	75	0	10245
5270	252	46	31	9873	0	10202
5271	102	25	9445	181	0	9753
5272	90	13	9310	82	0	9495
5273	70	20	9266	53	0	9409
5274	63	9005	167	51	0	9286
5275	8814	146	117	56	0	9133
5276	172	49	8638	42	0	8901
5277	8375	38	128	36	0	8577
5278	179	24	54	8427	0	8684
5279	8116	20	37	160	0	8333
5280	8628	18	33	73	0	8752
5281	175	8668	23	57	0	8923
5282	8791	129	19	49	0	8988
5283	8830	44	25	45	0	8944
5284	197	8764	21	47	0	9029
5285	108	120	20	8959	0	9207
5286	73	54	8974	140	0	9241
5287	60	27	129	8802	0	9018
5288	75	15	48	8955	0	9093
5289	8886	29	29	189	0	9133
5290	169	24	24	8845	0	9062
5291	90	8888	23	153	0	9154
5292	64	136	22	8933	0	9155
5293	47	57	18	9080	0	9202
5294	55	39	8904	186	0	9184
5295	56	8643	121	99	0	8919
5296	44	8945	48	69	0	9106
5297	8793	155	28	63	0	9039
5298	154	9064	15	54	0	9287
5299	88	136	24	9083	0	9331
5300	59	69	9085	148	0	9361
5301	44	9100	131	85	0	9360
5302	9185	140	55	66	0	9446
5303	156	66	37	9160	0	9419
5304	85	42	25	9328	0	9480
5305	70	18	9239	191	0	9518
5306	55	30	136	8920	0	9141
5307	55	32	58	9139	0	9284
5308	8931	29	31	203	0	9194
5309	8498	20	17	102	0	8637
5310	176	8349	17	75	0	8617
5311	8033	111	15	51	0	8210
5312	145	7909	18	28	0	8100
5313	63	162	19	7527	0	7771
5314	35	7584	17	113	0	7749
5315	29	7784	19	67	0	7899
5316	7530	127	61	74	0	7792
5317	7361	38	12	53	0	7464
5318	108	7285	10	35	0	7438
5319	7328	83	14	40	0	7465
5320	7356	23	14	47	0	7440
5321	7567	16	20	34	0	7637
5322	108	24	16	7652	0	7800
5323	7669	20	4	108	0	7801
5324	109	16	7458	35	0	7618
5325	7263	19	73	37	0	7392
5326	98	28	7604	25	0	7755
5327	59	15	82	7750	0	7906
5328	44	22	26	7909	0	8001
5329	29	29	7864	103	0	8025
5330	7526	14	72	56	0	7668
5331	7751	18	26	43	0	7838
5332	110	12	7984	35	0	8141
5333	52	13	78	7916	0	8059
5334	38	9	25	7903	0	7975
5335	34	7	20	8098	0	8159
5336	7990	13	15	112	0	8130
5337	7995	14	9	57	0	8075
5338	119	13	11	7738	0	7881
5339	40	7431	13	74	0	7558
5340	16	7307	13	28	0	7364
5341	7029	69	9	31	0	7138
5342	65	6958	10	19	0	7052
5343	23	6851	7	9	0	6890
5344	33	43	8	6470	0	6554
5345	12	13	6479	46	0	6550
5346	4	6352	30	15	0	6401
5347	18	50	7	6318	0	6393
5348	16	6310	10	30	0	6366
5349	17	31	2	6258	0	6308
5350	6274	7	0	36	0	6317
5351	29	6316	3	15	0	6363
5352	6370	26	5	21	0	6422
5353	6199	10	4	15	0	6228
5354	27	9	6113	8	0	6157
5355	5980	7	26	15	0	6028
5356	29	11	5	6203	0	6248
5357	7	5	6294	21	0	6327
5358	8	6254	23	8	0	6293
5359	16	27	9	6231	0	6283
5360	12	7	5	6274	0	6298
5361	6272	2	5	38	0	6317
5362	31	3	4	6259	0	6297
5363	13	4	2	6282	0	6301
5364	6256	0	3	37	0	6296
5365	28	6236	2	15	0	6281
5366	6148	20	5	22	0	6195
5367	29	9	6143	6	0	6187
5368	5784	6	23	26	0	5839
5369	28	3	6289	11	0	6331
5370	8	6377	23	10	0	6418
5371	6449	29	8	6	0	6492
5372	6219	10	3	13	0	6245
5373	31	7	6287	4	0	6329
5374	13	10	6242	7	0	6272
5375	5	8	6591	14	0	6618
5376	4	6891	44	9	0	6948
5377	15	39	15	6993	0	7062
5378	18	16	7611	37	0	7682
5379	13	9	7431	15	0	7468
5380	18	7	87	7512	0	7624
5381	10	7	7695	65	0	7777
5382	7665	6	66	39	0	7776
5383	8732	6	31	22	0	8791
5384	129	6	8628	13	0	8776
5385	51	8608	101	15	0	8775
5386	26	98	52	8572	0	8748
5387	10	46	8685	99	0	8840
5388	8	8574	99	59	0	8740
5389	25	101	55	8614	0	8795
5390	8691	54	14	123	0	8882
5391	8661	10	15	70	0	8756
5392	140	8797	10	21	0	8968
5393	68	99	10	8801	0	8978
5394	28	46	15	8845	0	8934
5395	24	18	12	8809	0	8863
5396	27	11	8	8876	0	8922
5397	15	12	8691	159	0	8877
5398	23	10	93	8591	0	8717
5399	11	15	8482	114	0	8622
5400	8	8324	106	66	0	8504
5401	8325	97	54	32	0	8508
5402	86	8568	20	22	0	8696
5403	56	100	8	8610	0	8774
5404	26	48	8	8643	0	8725
5405	8534	15	6	146	0	8701
5406	97	10	7	8597	0	8711
5407	49	8384	11	112	0	8556
5408	19	88	11	8606	0	8724
5409	18	50	7	8638	0	8713
5410	8515	17	10	147	0	8689
5411	94	12	8272	74	0	8452
5412	54	8170	76	32	0	8332
5413	17	8407	43	21	0	8488
5414	21	115	15	8346	0	8497
5415	8193	61	7	98	0	8359
5416	83	8149	5	65	0	8302
5417	48	86	5	8268	0	8407
5418	16	54	8178	97	0	8345
5419	19	15	85	8186	0	8305
5420	8164	9	48	115	0	8336
5421	8103	10	16	69	0	8198
5422	125	11	9	7995	0	8140
5423	8114	10	4	107	0	8235
5424	8056	7	10	72	0	8145
5425	138	9	8000	30	0	8177
5426	7696	11	89	30	0	7826
5427	99	7870	48	20	0	8037
5428	7920	85	16	29	0	8050
5429	106	58	7815	10	0	7989
5430	65	18	85	7948	0	8116
5431	8140	8	53	101	0	8302
5432	106	8	7829	57	0	8000
5433	62	9	7943	26	0	8040
5434	44	16	131	7908	0	8099
5435	22	8	8145	103	0	8278
5436	8036	9	109	67	0	8221
5437	107	10	8283	25	0	8425
5438	75	10	120	8505	0	8710
5439	40	4	58	8720	0	8822
5440	9068	13	26	169	0	9276
5441	143	8	9177	74	0	9402
5442	73	10	9665	30	0	9778
5443	37	10	206	10148	0	10401
5444	19	5	10265	184	0	10473
5445	10190	6	203	76	0	10475
5446	188	7	101	10288	0	10584
5447	73	4	10381	191	0	10649
5448	49	4	200	10363	0	10616
5449	52	8	79	10563	0	10702
5450	10470	5	44	248	0	10767
5451	210	10	10431	97	0	10748
5452	10138	17	205	77	0	10437
5453	212	19	10662	45	0	10938
5454	10509	15	204	64	0	10792
5455	10681	17	91	51	0	10840
5456	10661	15	46	51	0	10773
5457	257	10312	39	54	0	10662
5458	10448	172	22	42	0	10684
5459	10514	63	25	39	0	10641
5460	256	30	25	10401	0	10712
5461	104	14	10336	224	0	10678
5462	10077	11	183	129	0	10400
5463	198	10	10441	83	0	10732
5464	106	6	202	10305	0	10619
5465	67	11	90	10635	0	10803
5466	10579	12	53	276	0	10920
5467	210	10742	52	103	0	11107
5468	120	185	29	10679	0	11013
5469	90	71	29	10822	0	11012
5470	45	45	10707	265	0	11062
5471	57	23	185	10715	0	10980
5472	72	11	69	10955	0	11107
5473	66	16	40	10682	0	10804
5474	34	10513	29	283	0	10859
5475	10276	171	29	122	0	10598
5476	10469	58	31	99	0	10657
5477	233	10444	31	69	0	10777
5478	9864	143	15	53	0	10075
5479	184	62	24	10168	0	10438
5480	75	32	10367	186	0	10660
5481	57	10312	167	69	0	10605
5482	38	10610	63	53	0	10764
5483	10278	180	61	36	0	10555
5484	10801	33	31	39	0	10904
5485	227	23	15	10794	0	11059
5486	72	19	14	11013	0	11118
5487	54	13	21	10976	0	11064
5488	10697	20	17	245	0	10979
5489	216	6	10558	77	0	10857
5490	10661	7	183	65	0	10916
5491	227	18	49	10713	0	11007
5492	85	6	41	10587	0	10719
5493	54	10563	23	228	0	10868
5494	54	173	32	10824	0	11083
5495	55	40	20	11003	0	11118
5496	48	34	10882	236	0	11200
5497	51	10911	188	93	0	11243
5498	11152	189	37	92	0	11470
5499	10972	42	46	75	0	11135
5500	11296	35	28	62	0	11421
5501	11159	22	35	69	0	11285
5502	262	14	10877	53	0	11206
5503	10802	32	210	48	0	11092
5504	267	20	10965	42	0	11294
5505	94	22	206	10734	0	11056
5506	90	10980	56	212	0	11338
5507	84	195	47	11012	0	11338
5508	61	46	49	11238	0	11394
5509	70	42	11075	262	0	11449
5510	10786	22	221	118	0	11147
5511	11010	28	68	92	0	11198
5512	244	10827	53	78	0	11202
5513	101	195	10929	74	0	11299
5514	103	43	203	11012	0	11361
5515	63	36	11021	243	0	11363
5516	71	40	11016	83	0	11210
5517	96	35	207	10969	0	11307
5518	68	36	10964	234	0	11302
5519	88	22	216	10992	0	11318
5520	65	26	11198	256	0	11545
5521	77	30	226	11205	0	11538
5522	11242	29	86	264	0	11621
5523	11312	26	47	129	0	11514
5524	11270	31	51	100	0	11452
5525	11139	18	48	94	0	11299
5526	267	11097	45	88	0	11497
5527	113	190	48	11095	0	11446
5528	106	54	40	11274	0	11474
5529	91	49	10987	266	0	11393
5530	82	40	208	10874	0	11204
5531	66	38	10821	270	0	11195
5532	54	42	10517	108	0	10721
5533	10297	35	221	115	0	10668
5534	230	10749	78	94	0	11151
5535	10782	206	69	92	0	11149
5536	10833	57	45	109	0	11044
5537	252	10807	49	84	0	11192
5538	10678	179	53	86	0	10996
5539	265	45	10619	62	0	10991
5540	95	10444	165	52	0	10756
5541	10355	159	63	53	0	10630
5542	205	55	9710	48	0	10018
5543	9357	41	113	57	0	9568
5544	155	9711	47	51	0	9964
5545	9670	129	42	52	0	9893
5546	9623	37	40	57	0	9757
5547	166	9513	27	44	0	9750
5548	63	9444	40	31	0	9578
5549	57	9693	32	39	0	9821
5550	62	153	31	9714	0	9960
5551	55	47	39	9834	0	9975
5552	9945	24	23	169	0	10161
5553	9789	26	30	82	0	9927
5554	163	29	9806	46	0	10044
5555	64	25	9602	46	0	9737
5556	40	36	9923	44	0	10043
5557	50	16	159	9915	0	10140
5558	48	12	10116	161	0	10337
5559	64	17	147	10039	0	10267
5560	10174	15	55	165	0	10409
5561	165	13	10200	50	0	10428
5562	10144	21	162	50	0	10377
5563	10285	26	52	61	0	10424
5564	183	26	10531	35	0	10775
5565	55	10676	161	42	0	10934
5566	78	126	45	10662	0	10911
5567	35	41	10767	151	0	10994
5568	64	23	166	10556	0	10809
5569	67	14	57	11435	0	11573
5570	11176	29	57	195	0	11457
5571	208	23	28	11147	0	11406
5572	59	30	11100	183	0	11372
5573	63	28	174	11113	0	11378
5574	11210	15	54	207	0	11486
5575	191	11227	38	68	0	11524
5576	11144	167	43	50	0	11404
5577	221	80	47	11049	0	11397
5578	71	25	11049	177	0	11322
5579	72	25	10635	44	0	10776
5580	63	29	10543	41	0	10676
5581	36	10208	147	23	0	10414
5582	9877	170	126	47	0	10220
5583	122	9535	21	23	0	9701
5584	9113	87	21	20	0	9241
5585	85	9106	16	10	0	9217
5586	23	90	18	9266	0	9397
5587	21	17	8	9373	0	9419
5588	25	10	12	9382	0	9429
5589	13	9406	12	98	0	9529
5590	29	107	10	9884	0	10030
5591	24	19	11	10926	0	10980
5592	11283	9	14	183	0	11489
5593	188	10	9	11697	0	11904
5594	34	14	12111	192	0	12351
5595	11930	13	196	67	0	12206
5596	12379	11	30	45	0	12465
5597	226	12414	18	39	0	12697
5598	12456	197	17	44	0	12714
5599	12816	34	18	44	0	12912
5600	275	16	11	12630	0	12932
5601	93	17	12	12904	0	13026
5602	62	14	8	13184	0	13268
5603	13081	14	9	269	0	13373
5604	13195	12	14	84	0	13305
5605	266	15	12902	51	0	13234
5606	12844	12	191	62	0	13109
5607	13107	12	38	50	0	13207
5608	13101	12	14	56	0	13183
5609	287	9	12691	37	0	13024
5610	87	12	12855	27	0	12981
5611	86	9	240	12896	0	13231
5612	52	12	13153	241	0	13458
5613	79	10	246	12971	0	13306
5614	93	18	60	12309	0	12480
5615	58	13236	38	222	0	13554
5616	13301	224	30	83	0	13638
5617	258	46	13462	59	0	13825
5618	13727	19	236	49	0	14031
5619	305	21	51	13909	0	14286
5620	13659	27	44	287	0	14017
5621	293	13369	36	86	0	13784
5622	109	14037	35	71	0	14252
5623	91	291	41	13947	0	14370
5624	92	54	32	14247	0	14425
5625	74	34	13959	328	0	14395
5626	97	33	262	13922	0	14314
5627	13698	34	55	330	0	14117
5628	287	13735	48	114	0	14184
5629	106	255	13720	78	0	14159
5630	96	71	266	13650	0	14083
5631	69	30	13849	315	0	14263
5632	97	33	284	13786	0	14200
5633	68	34	13927	315	0	14344
5634	68	34	13635	104	0	13841
5635	88	45	309	13643	0	14085
5636	13815	27	99	325	0	14266
5637	13809	24	69	108	0	14010
5638	13591	30	57	87	0	13765
5639	321	13453	62	82	0	13918
5640	13558	257	50	75	0	13940
5641	13516	64	53	85	0	13718
5642	336	43	13183	81	0	13643
5643	106	13060	267	95	0	13528
5644	118	272	75	12972	0	13437
5645	12944	66	54	305	0	13369
5646	306	12941	44	107	0	13398
5647	13306	279	44	78	0	13707
5648	13438	67	49	77	0	13631
5649	13364	38	53	90	0	13545
5650	13301	39	37	83	0	13460
5651	368	42	46	12965	0	13421
5652	13005	37	39	313	0	13394
5653	337	31	48	12807	0	13223
5654	113	12600	51	276	0	13040
5655	99	223	45	12784	0	13151
5656	12757	49	50	309	0	13165
5657	326	30	12742	98	0	13196
5658	123	32	254	12740	0	13149
5659	12647	34	76	297	0	13054
5660	303	12542	64	99	0	13008
5661	12611	239	54	83	0	12987
5662	12828	62	54	88	0	13032
5663	337	12762	47	77	0	13223
5664	12592	239	48	81	0	12960
5665	320	65	12076	60	0	12521
5666	137	49	11930	57	0	12173
5667	11794	41	245	73	0	12153
5668	306	45	11841	52	0	12244
5669	133	63	208	11189	0	11593
5670	114	11176	63	196	0	11549
5671	11528	209	41	75	0	11853
5672	267	11259	52	55	0	11633
5673	123	10541	49	76	0	10789
5674	104	224	42	11796	0	12166
5675	95	59	36	11888	0	12078
5676	91	48	30	11740	0	11909
5677	89	42	36	11784	0	11951
5678	76	38	11447	263	0	11824
5679	96	30	186	11179	0	11491
5680	66	46	59	11419	0	11590
5681	11205	26	38	267	0	11536
5682	251	25	39	11170	0	11485
5683	84	41	10885	233	0	11243
5684	10620	30	190	96	0	10936
5685	260	35	49	10864	0	11208
5686	96	39	10898	205	0	11238
5687	94	60	186	10663	0	11003
5688	78	10841	65	193	0	11177
5689	10795	181	45	80	0	11101
5690	219	55	10339	42	0	10655
5691	63	9232	132	36	0	9463
5692	8844	123	54	32	0	9053
5693	103	8317	30	18	0	8468
5694	40	7875	14	24	0	7953
5695	7834	82	66	21	0	8003
5696	83	7554	21	14	0	7672
5697	19	7589	11	21	0	7640
5698	71	87	46	7448	0	7652
5699	19	15	7355	68	0	7457
5700	18	7438	56	24	0	7536
5701	24	71	11	7369	0	7475
5702	15	7294	9	59	0	7377
5703	7222	50	8	22	0	7302
5704	52	15	7169	19	0	7255
5705	24	13	47	7160	0	7244
5706	7357	10	10	57	0	7434
5707	56	9	10	7432	0	7507
5708	17	12	7440	55	0	7524
5709	7110	7	51	26	0	7194
5710	7494	9	13	17	0	7533
5711	65	7623	10	12	0	7710
5712	25	51	12	7619	0	7707
5713	17	16	4	7786	0	7823
5714	7887	9	5	64	0	7965
5715	7688	4	12	26	0	7730
5716	58	12	7727	17	0	7814
5717	23	7530	46	7	0	7606
5718	7566	37	11	10	0	7624
5719	42	11	6	7528	0	7587
5720	15	7	7661	37	0	7720
5721	12	3	7289	14	0	7318
5722	26	54	32	7298	0	7410
5723	7400	4	14	32	0	7450
5724	27	7322	5	7	0	7361
5725	7782	24	2	22	0	7830
5726	30	4	3	7820	0	7857
5727	9	3	1	7933	0	7946
5728	8	2	5	7983	0	7998
5729	7951	3	3	46	0	8003
5730	25	8042	2	18	0	8087
5731	13	26	3	8169	0	8211
5732	9	6	1	8130	0	8146
5733	8	6	8069	29	0	8112
5734	13	3	25	7958	0	7999
5735	3	11	8097	32	0	8143
5736	5	7898	26	11	0	7940
5737	7	25	9	8008	0	8049
5738	7904	4	6	31	0	7945
5739	24	6	7812	7	0	7849
5740	5	3	26	7783	0	7817
5741	7	0	7761	26	0	7794
5742	7349	0	26	23	0	7398
5743	23	11	7770	3	0	7807
5744	10	2	24	7506	0	7542
5745	7657	1	3	28	0	7689
5746	30	6629	8	9	0	6676
5747	7299	22	2	12	0	7335
5748	31	6575	11	4	0	6621
5749	13	23	1	7483	0	7520
5750	6	7	7350	24	0	7387
5751	9	11	7210	9	0	7239
5752	10	4	28	7473	0	7515
5753	7676	4	6	36	0	7722
5754	7563	4	3	15	0	7585
5755	35	3	4	7590	0	7632
5756	9	2	1	7696	0	7708
5757	7546	1	5	31	0	7583
5758	27	7235	9	11	0	7282
5759	4	7683	2	12	0	7701
5760	7811	27	1	9	0	7848
5761	32	8	7651	5	0	7696
5762	15	2	29	7638	0	7684
5763	6	4	7466	34	0	7510
5764	16	1	29	7579	0	7625
5765	11	5	7554	36	0	7606
5766	12	7	7438	14	0	7471
5767	10	5	32	7646	0	7693
5768	7	7284	17	31	0	7339
5769	7757	29	6	14	0	7806
5770	32	7647	4	14	0	7697
5771	13	36	7	7791	0	7847
5772	7903	7	9	44	0	7963
5773	39	6	6	7974	0	8025
5774	7997	4	7	41	0	8049
5775	7964	10	3	21	0	7998
5776	7995	4	7	14	0	8020
5777	41	7820	4	13	0	7878
5778	8214	32	8	19	0	8273
5779	49	32	7	8623	0	8711
5780	9015	5	1	63	0	9084
5781	60	7	6	9403	0	9476
5782	9494	5	3	86	0	9588
5783	9663	5	5	41	0	9714
5784	94	9667	5	24	0	9790
5785	38	73	7	10622	0	10740
5786	19	24	6	10691	0	10740
5787	12	11102	8	131	0	11253
5788	24	116	6	11427	0	11573
5789	11417	39	8	150	0	11614
5790	11943	23	5	60	0	12031
5791	11724	11	5	47	0	11787
5792	164	5	12144	26	0	12339
5793	12632	10	113	34	0	12789
5794	13109	4	41	36	0	13190
5795	13227	9	20	40	0	13296
5796	219	13060	11	22	0	13312
5797	98	142	6	13264	0	13510
5798	53	51	7	13474	0	13585
5799	40	21	5	13377	0	13443
5800	24	14	13032	214	0	13284
5801	26	12	142	13185	0	13365
5802	13266	9	53	203	0	13531
5803	178	6	28	13376	0	13588
5804	89	7	9	13735	0	13840
5805	53	12	13445	235	0	13745
5806	28	13283	172	108	0	13591
5807	13686	174	57	72	0	13989
5808	201	62	37	13731	0	14031
5809	13723	35	18	204	0	13980
5810	207	16	13466	79	0	13768
5811	12961	10	169	64	0	13204
5812	210	13576	59	45	0	13890
5813	83	160	13457	27	0	13727
5814	48	60	13483	30	0	13621
5815	71	63	217	13053	0	13404
5816	28	16	13690	184	0	13918
5817	33	13588	183	84	0	13888
5818	37	184	65	13446	0	13732
5819	28	56	38	13792	0	13914
5820	32	41	17	13768	0	13858
5821	13473	18	13	270	0	13774
5822	185	13512	18	118	0	13833
5823	82	170	13	13739	0	14004
5824	60	56	21	13972	0	14109
5825	13544	39	15	246	0	13844
5826	182	13582	19	132	0	13915
5827	13785	168	22	73	0	14048
5828	13764	75	16	63	0	13918
5829	13747	36	12	62	0	13857
5830	285	28	13436	47	0	13796
5831	144	20	167	13196	0	13527
5832	82	13341	69	185	0	13677
5833	64	13684	46	90	0	13884
5834	66	233	24	13425	0	13748
5835	56	13459	25	189	0	13729
5836	14162	208	31	110	0	14511
5837	210	94	14132	76	0	14512
5838	13974	46	180	78	0	14278
5839	14569	33	64	86	0	14752
5840	287	25	47	14644	0	15003
5841	14709	26	34	231	0	15000
5842	253	15316	29	113	0	15711
5843	15595	189	27	106	0	15917
5844	15676	87	29	80	0	15872
5845	16723	51	28	80	0	16882
5846	343	51	16737	63	0	17194
5847	165	48	16861	73	0	17147
5848	117	37	310	16840	0	17304
5849	93	16608	124	276	0	17101
5850	83	17240	82	136	0	17541
5851	95	307	51	17031	0	17484
5852	17148	127	38	317	0	17630
5853	291	71	45	17166	0	17573
5854	144	47	47	17399	0	17637
5855	17118	59	39	396	0	17612
5856	293	17131	45	196	0	17665
5857	146	258	17153	120	0	17677
5858	119	106	17021	96	0	17342
5859	17270	67	325	110	0	17772
5860	310	77	143	17150	0	17680
5861	154	41	17467	290	0	17952
5862	106	42	273	17266	0	17687
5863	109	41	120	17246	0	17516
5864	79	56	74	17706	0	17915
5865	86	48	50	17400	0	17584
5866	67	17064	55	404	0	17590
5867	79	263	46	17325	0	17713
5868	17139	112	56	366	0	17673
5869	281	17113	51	186	0	17631
5870	17428	274	50	131	0	17883
5871	17619	122	44	138	0	17923
5872	17732	77	46	119	0	17974
5873	379	72	17237	92	0	17780
5874	17306	60	259	115	0	17740
5875	17748	54	102	108	0	18012
5876	17405	64	49	103	0	17621
5877	17589	52	49	89	0	17779
5878	396	17304	46	87	0	17833
5879	16997	243	33	72	0	17345
5880	315	123	16683	67	0	17188
5881	168	71	221	16167	0	16627
5882	132	52	83	16508	0	16775
5883	16623	43	46	311	0	17023
5884	274	16370	48	152	0	16844
5885	15818	194	23	98	0	16133
5886	262	15791	20	66	0	16139
5887	15521	189	21	51	0	15782
5888	15509	60	16	54	0	15639
5889	265	16739	20	36	0	17060
5890	16762	249	30	49	0	17090
5891	17353	74	34	48	0	17509
5892	376	16129	16	33	0	16554
5893	114	16750	22	29	0	16915
5894	17458	331	58	36	0	17883
5895	421	91	12	17742	0	18266
5896	17900	47	5	366	0	18318
5897	18514	34	8	119	0	18675
5898	18870	26	4	77	0	18977
5899	18774	27	8	70	0	18879
5900	509	17964	19	46	0	18538
5901	168	18594	17	37	0	18816
5902	18613	388	23	48	0	19072
5903	424	123	18529	18	0	19094
5904	172	84	336	18157	0	18749
5905	94	39	106	18701	0	18940
5906	18429	24	40	455	0	18948
5907	358	18256	24	183	0	18821
5908	169	333	17	18291	0	18810
5909	103	114	14	18975	0	19206
5910	18771	56	12	503	0	19342
5911	429	44	13	18912	0	19398
5912	18961	44	11	456	0	19472
5913	19085	58	12	195	0	19350
5914	19203	42	15	86	0	19346
5915	567	20	22	18878	0	19487
5916	251	33	17	19093	0	19394
5917	142	29	19953	489	0	20613
5918	130	31	19770	180	0	20111
5919	20000	40	547	112	0	20699
5920	547	30	191	20551	0	21319
5921	228	31	21402	494	0	22155
5922	144	35	21621	208	0	22008
5923	126	32	668	21527	0	22353
5924	108	40	21577	567	0	22292
5925	107	49	559	21533	0	22248
5926	144	29	229	21724	0	22126
5927	91	36	21582	759	0	22468
5928	124	29	528	21813	0	22494
5929	148	28	246	21263	0	21685
5930	143	27	105	22452	0	22727
5931	107	48	21682	817	0	22654
5932	148	28	511	22288	0	22975
5933	22001	30	239	717	0	22987
5934	605	22034	119	333	0	23091
5935	22337	521	77	227	0	23162
5936	684	239	21838	141	0	22902
5937	22071	98	566	134	0	22869
5938	22457	71	246	156	0	22930
5939	22382	74	139	136	0	22731
5940	897	58	86	21684	0	22725
5941	440	50	93	22146	0	22729
5942	231	50	20608	811	0	21700
5943	19875	28	547	387	0	20837
5944	665	19921	257	216	0	21059
5945	319	19027	106	158	0	19610
5946	185	19640	102	154	0	20081
5947	240	681	114	18856	0	19891
5948	18690	246	100	612	0	19648
5949	19004	101	98	308	0	19511
5950	773	69	18298	192	0	19332
5951	364	78	496	18374	0	19312
5952	216	92	218	18774	0	19300
5953	166	81	18207	747	0	19201
5954	160	63	17736	389	0	18348
5955	17910	30	642	244	0	18826
5956	588	17999	263	190	0	19040
5957	18280	461	134	194	0	19069
5958	18518	219	93	179	0	19009
5959	788	100	80	17982	0	18950
5960	374	64	98	18449	0	18985
5961	17864	59	84	763	0	18770
5962	649	60	96	17972	0	18777
5963	357	59	97	18250	0	18763
5964	17901	56	99	779	0	18835
5965	642	48	96	18073	0	18859
5966	18152	54	104	712	0	19022
5967	18440	26	112	401	0	18979
5968	759	45	17806	243	0	18853
5969	17982	36	540	248	0	18806
5970	18238	42	285	222	0	18787
5971	18198	50	170	217	0	18635
5972	809	103	13559	259	0	14730
5973	17224	46	357	214	0	17841
5974	622	16947	206	209	0	17984
5975	17436	445	124	251	0	18256
5976	17738	190	113	214	0	18255
5977	790	78	107	17345	0	18320
5978	416	48	98	17499	0	18061
5979	277	17303	99	758	0	18437
5980	235	457	99	17628	0	18419
5981	242	212	94	17975	0	18523
5982	17541	95	108	790	0	18534
5983	676	57	102	17378	0	18213
5984	429	54	73	17516	0	18072
5985	301	54	80	17393	0	17828
5986	229	16515	93	796	0	17633
5987	16274	445	95	425	0	17239
5988	628	16266	117	232	0	17243
5989	14770	428	64	189	0	15451
5990	533	201	14134	180	0	15048
5991	13604	85	351	174	0	14214
5992	494	53	13744	158	0	14449
5993	278	13209	390	150	0	14027
5994	12464	300	353	125	0	13242
5995	12159	175	107	125	0	12566
5996	427	11651	58	118	0	12254
5997	267	11611	49	111	0	12038
5998	11287	338	80	92	0	11797
5999	11478	156	49	92	0	11775
6000	442	77	47	11316	0	11882
6001	271	69	29	11589	0	11958
6002	150	54	11271	374	0	11849
6003	11069	59	222	208	0	11558
6004	356	44	128	11119	0	11647
6005	206	11107	68	284	0	11665
6006	155	224	37	11150	0	11566
6007	121	126	33	11206	0	11486
6008	95	78	10793	396	0	11362
6009	112	52	216	10890	0	11270
6010	10674	48	122	316	0	11160
6011	271	10437	61	207	0	10976
6012	167	10459	30	125	0	10781
6013	10444	317	31	83	0	10875
6014	10589	150	38	86	0	10863
6015	10468	69	34	88	0	10659
6016	423	9973	36	75	0	10507
6017	126	9137	21	34	0	9318
6018	9448	209	54	23	0	9734
6019	9541	104	29	44	0	9718
6020	279	9093	14	33	0	9419
6021	55	8214	4	15	0	8288
6022	8069	133	32	22	0	8256
6023	153	37	10	7982	0	8182
6024	8178	20	6	122	0	8326
6025	143	25	3	8265	0	8436
6026	52	8327	4	113	0	8496
6027	27	8489	2	40	0	8558
6028	8766	154	15	30	0	8965
6029	8793	47	16	27	0	8883
6030	9071	21	9	24	0	9125
6031	189	8918	5	21	0	9133
6032	50	134	8477	11	0	8672
6033	19	8547	116	13	0	8695
6034	8321	146	48	23	0	8538
6035	8127	40	9	18	0	8194
6036	152	21	8067	8	0	8248
6037	46	7941	112	15	0	8114
6038	40	123	41	7973	0	8177
6039	37	37	11	7864	0	7949
6040	30	6938	24	190	0	7182
6041	16	134	7731	39	0	7920
6042	7928	39	117	23	0	8107
6043	142	24	34	8053	0	8253
6044	8125	14	10	129	0	8278
6045	8244	15	15	49	0	8323
6046	172	34	6	8516	0	8728
6047	71	26	7	8919	0	9023
6048	48	13	11	9108	0	9180
6049	34	22	7	9206	0	9269
6050	9013	18	7	229	0	9267
6051	9149	18	7	83	0	9257
6052	226	17	9084	32	0	9359
6053	93	22	151	9116	0	9382
6054	58	15	49	9308	0	9430
6055	43	20	21	9376	0	9460
6056	35	17	9109	235	0	9396
6057	39	13	169	9047	0	9268
6058	8982	15	52	207	0	9256
6059	193	12	19	9010	0	9234
6060	77	21	8967	200	0	9265
6061	44	20	171	9028	0	9263
6062	35	27	9045	206	0	9313
6063	9164	12	169	104	0	9449
6064	198	12	61	9234	0	9505
6065	9251	18	34	202	0	9505
6066	9227	16	14	97	0	9354
6067	260	10	15	9124	0	9409
6068	9322	17	17	219	0	9575
6069	210	19	15	9253	0	9497
6070	87	9657	12	201	0	9957
6071	9975	169	10	85	0	10239
6072	10053	58	19	60	0	10190
6073	10168	24	18	55	0	10265
6074	283	21	11	9985	0	10300
6075	110	18	10	10105	0	10243
6076	61	20	19	10144	0	10244
6077	51	22	9689	279	0	10041
6078	52	9522	174	114	0	9862
6079	63	168	51	9417	0	9699
6080	41	58	9326	218	0	9643
6081	9272	22	180	95	0	9569
6082	198	23	64	9333	0	9618
6083	88	16	9251	214	0	9569
6084	9417	9	174	107	0	9707
6085	205	9	62	9618	0	9894
6086	100	15	26	9737	0	9878
6087	63	10	18	9845	0	9936
6088	9740	7	17	288	0	10052
6089	9850	11	24	116	0	10001
6090	9769	16	21	88	0	9894
6091	259	9268	26	60	0	9613
6092	105	9458	18	57	0	9638
6093	9510	183	28	60	0	9781
6094	212	65	9402	50	0	9729
6095	95	26	154	9334	0	9609
6096	53	16	62	9559	0	9690
6097	9428	11	33	238	0	9710
6098	9293	20	21	120	0	9454
6099	230	9185	28	57	0	9500
6100	110	154	17	9279	0	9560
6101	56	56	9102	203	0	9417
6102	57	19	9188	107	0	9371
6103	57	19	199	9312	0	9587
6104	58	14	64	9580	0	9716
6105	9406	12	28	256	0	9702
6106	202	8	26	9552	0	9788
6107	9784	22	22	235	0	10063
6108	9737	13	18	122	0	9890
6109	235	19	9561	55	0	9870
6110	9724	9	135	69	0	9937
6111	9840	16	51	78	0	9985
6112	9890	14	29	66	0	9999
6113	256	9614	30	62	0	9962
6114	102	9743	23	59	0	9927
6115	77	203	22	9647	0	9949
6116	52	50	9584	205	0	9891
6117	49	9256	133	77	0	9515
6118	72	142	63	8865	0	9142
6119	60	49	25	8736	0	8870
6120	46	8670	22	149	0	8887
6121	8735	114	18	82	0	8949
6122	8805	39	15	73	0	8932
6123	167	21	8840	47	0	9075
6124	8534	16	103	58	0	8711
6125	139	22	8523	37	0	8721
6126	7951	14	104	51	0	8120
6127	139	16	8186	33	0	8374
6128	66	7936	96	23	0	8121
6129	88	65	81	7678	0	7912
6130	37	31	30	7704	0	7802
6131	7783	17	18	115	0	7933
6132	7773	8	13	72	0	7866
6133	7695	6	9	48	0	7758
6134	127	7	7790	33	0	7957
6135	63	11	71	7814	0	7959
6136	44	3	30	7960	0	8037
6137	7950	7	16	111	0	8084
6138	93	7916	15	45	0	8069
6139	8200	76	9	47	0	8332
6140	103	35	13	8309	0	8460
6141	60	13	14	8443	0	8530
6142	28	9	19	8466	0	8522
6143	29	13	7	8504	0	8553
6144	33	18	8	8471	0	8530
6145	29	8177	14	130	0	8350
6146	20	7792	1	56	0	7869
6147	9	7576	8	15	0	7608
6148	15	47	4	7618	0	7684
6149	10	9	7517	40	0	7576
6150	6986	5	34	26	0	7051
6151	39	7676	15	10	0	7740
6152	28	29	8	7713	0	7778
6153	13	12	7	7788	0	7820
6154	7929	7	4	54	0	7994
6155	7871	5	6	31	0	7913
6156	8043	3	4	20	0	8070
6157	64	2	2	8347	0	8415
6158	22	5	8426	45	0	8498
6159	21	5	8617	14	0	8657
6160	19	4	63	8732	0	8818
6161	10	7	8838	61	0	8916
6162	8513	1	57	30	0	8601
6163	63	3	10	8632	0	8708
6164	16	6	8720	53	0	8795
6165	23	7	52	8553	0	8635
6166	8	5	8999	61	0	9073
6167	12	5	9288	24	0	9329
6168	16	11	70	9761	0	9858
6169	9	4	10176	78	0	10267
6170	7	4	9659	19	0	9689
6171	9	9281	93	18	0	9401
6172	41	81	42	9894	0	10058
6173	10384	17	22	86	0	10509
6174	81	13	8	10269	0	10371
6175	26	7	10	10669	0	10712
6176	18	7	10585	92	0	10702
6177	10079	5	69	60	0	10213
6178	76	4	21	10788	0	10889
6179	28	2	17	10993	0	11040
6180	10904	1	13	115	0	11033
6181	80	0	11	11039	0	11130
6182	11106	3	9	108	0	11226
6183	11092	4	4	53	0	11153
6184	11047	1	6	48	0	11102
6185	107	10803	4	25	0	10939
6186	11022	72	4	24	0	11122
6187	100	11001	5	12	0	11118
6188	45	83	2	11114	0	11244
6189	11199	29	5	93	0	11326
6190	84	11200	11	33	0	11328
6191	11311	89	7	29	0	11436
6192	99	11196	7	19	0	11321
6193	11229	93	2	24	0	11348
6194	103	11003	2	10	0	11118
6195	39	11186	6	16	0	11247
6196	27	11780	4	17	0	11828
6197	34	119	8	11586	0	11747
6198	18	11935	5	89	0	12047
6199	17	117	4	11913	0	12051
6200	28	47	6	12070	0	12151
6201	24	31	4	12107	0	12166
6202	15	20	1	12109	0	12145
6203	12047	10	4	149	0	12210
6204	12107	14	5	67	0	12193
6205	138	12	12006	37	0	12193
6206	12339	12	102	46	0	12499
6207	12826	13	29	34	0	12902
6208	13148	15	19	33	0	13215
6209	173	16	12809	14	0	13012
6210	60	13	12810	18	0	12901
6211	12776	9	153	36	0	12974
6212	161	13	13268	21	0	13463
6213	45	13815	149	35	0	14044
6214	58	138	45	14020	0	14261
6215	14334	39	28	177	0	14578
6216	14392	22	19	59	0	14492
6217	14493	14	15	45	0	14567
6218	214	11	20	14470	0	14715
6219	86	11	13	14683	0	14793
6220	50	7	14789	198	0	15044
6221	61	8	163	14774	0	15006
6222	53	13	35	15102	0	15203
6223	14886	7	31	224	0	15148
6224	175	15027	26	68	0	15296
6225	15231	160	15	62	0	15468
6226	197	47	21	15317	0	15582
6227	15120	31	16	194	0	15361
6228	15050	23	9	72	0	15154
6229	14722	15	13	67	0	14817
6230	211	14577	15	54	0	14857
6231	93	14940	18	40	0	15091
6232	70	176	22	15044	0	15312
6233	15130	55	18	199	0	15402
6234	196	36	14	14980	0	15226
6235	69	32	23	15132	0	15256
6236	55	35	15064	217	0	15371
6237	73	24	147	14930	0	15174
6238	74	20	42	15079	0	15215
6239	59	19	29	15151	0	15258
6240	57	19	14969	232	0	15277
6241	45	22	14573	100	0	14740
6242	50	14775	189	80	0	15094
6243	14856	162	59	73	0	15150
6244	197	49	38	14984	0	15268
6245	79	44	14958	186	0	15267
6246	84	26	159	14797	0	15066
6247	74	28	42	15632	0	15776
6248	15537	15	28	253	0	15833
6249	15533	14	25	124	0	15696
6250	221	15446	29	75	0	15771
6251	15388	158	37	73	0	15656
6252	15350	48	33	63	0	15494
6253	235	42	27	15308	0	15612
6254	89	48	15207	176	0	15520
6255	77	15210	158	77	0	15522
6256	15266	173	58	79	0	15576
6257	15552	56	35	74	0	15717
6258	222	15812	22	67	0	16123
6259	112	165	27	16218	0	16522
6260	16681	47	23	253	0	17004
6261	16858	36	17	118	0	17029
6262	270	25	29	16964	0	17288
6263	16922	34	25	283	0	17264
6264	18091	28	19	118	0	18256
6265	18367	26	23	99	0	18515
6266	339	36	18436	60	0	18871
6267	138	17871	213	62	0	18284
6268	84	18272	50	71	0	18477
6269	17792	242	49	68	0	18151
6270	266	17834	32	42	0	18174
6271	92	247	17743	44	0	18126
6272	110	74	228	17705	0	18117
6273	17755	53	53	257	0	18118
6274	290	40	33	17689	0	18052
6275	17718	34	25	284	0	18061
6276	17813	31	18	118	0	17980
6277	17766	21	27	86	0	17900
6278	323	17285	34	50	0	17692
6279	108	18058	21	66	0	18253
6280	17997	270	20	78	0	18365
6281	17733	81	18	95	0	17927
6282	18042	42	25	74	0	18183
6283	355	33	21	17792	0	18201
6284	17639	36	20	286	0	17981
6285	310	17262	24	88	0	17684
6286	109	17863	26	70	0	18068
6287	95	269	17	17755	0	18136
6288	87	73	17508	267	0	17935
6289	65	51	17317	93	0	17526
6290	86	43	254	17506	0	17889
6291	84	39	17544	258	0	17925
6292	70	59	241	17536	0	17906
6293	17685	35	62	287	0	18069
6294	294	31	40	17655	0	18020
6295	17480	32	35	297	0	17844
6296	280	17014	41	94	0	17429
6297	106	242	17193	62	0	17603
6298	113	67	228	16757	0	17165
6299	100	47	58	17274	0	17479
6300	58	62	17337	294	0	17751
6301	99	38	232	16956	0	17325
6302	63	17466	61	267	0	17857
6303	94	241	36	17785	0	18156
6304	81	71	36	18081	0	18269
6305	101	33	30	18524	0	18688
6306	88	16	18304	362	0	18770
6307	67	37	17250	136	0	17490
6308	16460	25	304	113	0	16902
6309	304	33	16961	59	0	17357
6310	97	16968	281	47	0	17393
6311	17043	241	91	67	0	17442
6312	273	17126	56	57	0	17512
6313	16723	266	77	55	0	17121
6314	16787	77	51	70	0	16985
6315	16580	57	47	60	0	16744
6316	16630	46	37	71	0	16784
6317	350	16048	35	56	0	16489
6318	139	16397	24	42	0	16602
6319	16415	300	33	44	0	16792
6320	319	97	16143	37	0	16596
6321	150	70	242	15851	0	16313
6322	123	43	86	16260	0	16512
6323	74	47	16134	318	0	16573
6324	15386	43	247	115	0	15791
6325	16111	39	85	81	0	16316
6326	15998	36	47	84	0	16165
6327	358	15725	43	59	0	16185
6328	16359	264	50	74	0	16747
6329	359	93	43	15943	0	16438
6330	151	16946	49	244	0	17390
6331	17288	281	55	107	0	17731
6332	17645	100	39	93	0	17877
6333	18459	62	36	72	0	18629
6334	463	67	27	18091	0	18648
6335	225	60	20	18176	0	18481
6336	137	17676	30	406	0	18249
6337	131	299	17938	150	0	18518
6338	133	118	284	17927	0	18462
6339	133	63	130	17783	0	18109
6340	97	58	79	18664	0	18898
6341	97	53	18322	459	0	18931
6342	18084	51	322	202	0	18659
6343	370	47	119	18710	0	19246
6344	170	42	18902	385	0	19499
6345	122	46	351	18861	0	19380
6346	19232	35	138	438	0	19843
6347	395	19086	69	203	0	19753
6348	187	358	65	19474	0	20084
6349	114	126	19490	418	0	20148
6350	18861	67	366	201	0	19495
6351	19556	55	157	153	0	19921
6352	498	54	19390	107	0	20049
6353	237	111	375	18264	0	18987
6354	132	19065	161	358	0	19716
6355	19305	345	107	179	0	19936
6356	429	132	18909	137	0	19607
6357	18438	80	384	95	0	18997
6358	494	50	18149	80	0	18773
6359	265	53	17356	56	0	17730
6360	16746	47	432	87	0	17312
6361	368	17058	172	77	0	17675
6362	247	321	16841	56	0	17465
6363	139	16345	325	70	0	16879
6364	124	316	15875	65	0	16380
6365	81	15732	311	64	0	16188
6366	14925	306	183	94	0	15508
6367	289	103	14664	63	0	15119
6368	149	61	14425	56	0	14691
6369	105	64	14230	54	0	14453
6370	13832	55	395	68	0	14350
6371	14097	41	167	52	0	14357
6372	343	38	85	13813	0	14279
6373	160	36	14101	239	0	14536
6374	97	39	14157	134	0	14427
6375	14105	28	337	87	0	14557
6376	290	43	169	14319	0	14821
6377	14384	20	91	272	0	14767
6378	14529	26	83	134	0	14772
6379	379	77	77	13731	0	14264
6380	180	13782	77	262	0	14301
6381	123	236	71	13967	0	14397
6382	96	103	61	14183	0	14443
6383	83	78	13928	335	0	14424
6384	96	13481	267	155	0	13999
6385	76	13912	145	94	0	14227
6386	93	288	105	13548	0	14034
6387	64	128	13656	255	0	14103
6388	72	13596	279	133	0	14080
6389	94	235	13699	82	0	14110
6390	13398	125	309	87	0	13919
6391	13877	57	161	87	0	14182
6392	338	77	13637	55	0	14107
6393	13570	47	294	65	0	13976
6394	329	51	152	13664	0	14196
6395	173	14097	116	242	0	14628
6396	120	241	107	14340	0	14808
6397	14059	118	92	285	0	14554
6398	14272	60	89	137	0	14558
6399	14195	59	78	102	0	14434
6400	13903	42	83	68	0	14096
6401	372	13404	89	85	0	13950
6402	178	13375	90	64	0	13707
6403	13295	272	83	78	0	13728
6404	298	116	13286	62	0	13762
6405	172	315	238	12649	0	13374
6406	103	13192	110	218	0	13623
6407	95	221	95	13040	0	13451
6408	66	13450	66	245	0	13827
6409	86	257	77	13598	0	14018
6410	78	106	13514	251	0	13949
6411	13311	67	247	131	0	13756
6412	13632	49	136	78	0	13895
6413	301	65	13403	74	0	13843
6414	13329	72	251	70	0	13722
6415	13578	52	119	90	0	13839
6416	319	52	13343	51	0	13765
6417	172	53	253	13048	0	13526
6418	13326	35	135	238	0	13734
6419	293	38	13216	96	0	13643
6420	177	44	242	12968	0	13431
6421	117	38	13410	237	0	13802
6422	105	43	13282	100	0	13530
6423	13245	53	305	90	0	13693
6424	13735	55	146	71	0	14007
6425	13886	35	85	81	0	14087
6426	14356	40	69	58	0	14523
6427	381	44	60	13897	0	14382
6428	163	13143	73	241	0	13620
6429	105	13523	61	121	0	13810
6430	99	279	53	12827	0	13258
6431	12946	99	41	223	0	13309
6432	277	12439	44	84	0	12844
6433	89	12287	28	46	0	12450
6434	12245	216	46	35	0	12542
6435	239	85	36	12117	0	12477
6436	12230	39	23	235	0	12527
6437	242	12200	31	66	0	12539
6438	12454	203	31	64	0	12752
6439	256	60	12857	35	0	13208
6440	13821	48	233	54	0	14156
6441	14328	36	68	46	0	14478
6442	14621	21	38	54	0	14734
6443	392	56	12479	46	0	12973
6444	13958	27	184	39	0	14208
6445	323	13962	54	29	0	14368
6446	126	236	13780	21	0	14163
6447	171	137	257	13124	0	13689
6448	97	42	71	12946	0	13156
6449	52	13158	56	258	0	13524
6450	67	225	32	13282	0	13606
6451	73	61	28	13505	0	13667
6452	40	35	13102	288	0	13465
6453	12490	27	234	132	0	12883
6454	266	24	13158	72	0	13520
6455	96	37	266	13152	0	13551
6456	61	16	13363	274	0	13714
6457	74	20	272	13402	0	13768
6458	13632	20	92	305	0	14049
6459	14062	21	66	106	0	14255
6460	329	13	48	13990	0	14380
6461	116	17	14104	297	0	14534
6462	120	13	268	14110	0	14511
6463	61	20	13916	321	0	14318
6464	13701	18	291	124	0	14134
6465	14186	21	91	84	0	14382
6466	13805	18	56	85	0	13964
6467	13955	24	48	60	0	14087
6468	364	13349	33	59	0	13805
6469	161	247	44	13561	0	14013
6470	13368	86	35	306	0	13795
6471	312	13137	30	117	0	13596
6472	120	13482	42	77	0	13721
6473	130	279	12849	58	0	13316
6474	12888	106	271	45	0	13310
6475	13221	56	93	47	0	13417
6476	391	43	12737	33	0	13204
6477	195	33	284	12661	0	13173
6478	138	34	99	13046	0	13317
6479	106	27	12838	334	0	13305
6480	108	33	286	12721	0	13148
6481	12781	28	109	336	0	13254
6482	317	25	12323	126	0	12791
6483	140	21	12749	90	0	13000
6484	12675	28	312	94	0	13109
6485	324	28	12794	50	0	13196
6486	12698	25	326	80	0	13129
6487	354	12582	117	60	0	13113
6488	12814	272	90	56	0	13232
6489	355	76	75	12652	0	13158
6490	166	56	39	12914	0	13175
6491	12754	52	49	372	0	13227
6492	344	50	50	12756	0	13200
6493	12719	43	39	356	0	13157
6494	354	12739	50	134	0	13277
6495	174	266	48	12300	0	12788
6496	128	96	51	12626	0	12901
6497	12408	55	37	357	0	12857
6498	12423	39	50	160	0	12672
6499	12472	31	33	126	0	12662
6500	423	11740	32	87	0	12282
6501	188	12090	39	73	0	12390
6502	12011	303	34	93	0	12441
6503	354	109	11706	55	0	12224
6504	137	11563	260	73	0	12033
6505	10953	248	206	61	0	11468
6506	10707	72	93	40	0	10912
6507	10654	58	33	37	0	10782
6508	360	39	40	10280	0	10719
6509	10418	27	38	240	0	10723
6510	10444	40	28	81	0	10593
6511	348	30	19	10051	0	10448
6512	10156	23	34	259	0	10472
6513	305	28	9787	86	0	10206
6514	154	36	203	9917	0	10310
6515	111	35	79	10096	0	10321
6516	95	22	63	10320	0	10500
6517	10091	13	38	348	0	10490
6518	10418	20	28	149	0	10615
6519	10406	29	44	95	0	10574
6520	10366	13	25	109	0	10513
6521	10077	10	34	82	0	10203
6522	340	13	44	9644	0	10041
6523	188	14	33	9789	0	10024
6524	9521	10	36	275	0	9842
6525	274	9201	35	134	0	9644
6526	9180	190	41	70	0	9481
6527	291	51	8756	71	0	9169
6528	9340	31	195	47	0	9613
6529	9629	30	50	61	0	9770
6530	316	25	9858	57	0	10256
6531	10171	13	220	49	0	10453
6532	319	9	10176	53	0	10557
6533	175	12	10532	37	0	10756
6534	167	41	303	10418	0	10929
6535	134	23	160	10952	0	11269
6536	85	16	10822	328	0	11251
6537	81	24	10791	182	0	11078
6538	55	10141	313	132	0	10641
6539	53	9985	153	73	0	10264
6540	8597	246	157	34	0	9034
6541	167	8974	42	33	0	9216
6542	8645	196	59	42	0	8942
6543	198	8463	27	39	0	8727
6544	8414	178	36	30	0	8658
6545	193	99	8096	20	0	8408
6546	8172	71	144	18	0	8405
6547	207	45	89	8036	0	8377
6548	118	8083	60	132	0	8393
6549	98	152	26	8272	0	8548
6550	8237	97	13	184	0	8531
6551	8334	75	13	93	0	8515
6552	244	40	18	8203	0	8505
6553	160	16	8028	142	0	8346
6554	98	24	7810	90	0	8022
6555	58	8069	180	73	0	8380
6556	54	197	121	7972	0	8344
6557	47	83	7937	142	0	8209
6558	36	7407	135	93	0	7671
6559	76	156	91	7446	0	7769
6560	38	71	58	7554	0	7721
6561	7171	53	39	187	0	7450
6562	128	30	30	7193	0	7381
6563	80	25	7035	179	0	7319
6564	70	21	120	7086	0	7297
6565	6946	19	87	176	0	7228
6566	132	23	6909	96	0	7160
6567	6965	12	122	83	0	7182
6568	166	7121	74	67	0	7428
6569	7296	115	55	46	0	7512
6570	7384	65	41	44	0	7534
6571	201	52	36	7188	0	7477
6572	141	25	22	7288	0	7476
6573	89	7114	23	195	0	7421
6574	57	109	31	7366	0	7563
6575	7193	75	23	189	0	7480
6576	149	65	7119	100	0	7433
6577	99	35	111	7143	0	7388
6578	91	7076	71	138	0	7376
6579	53	128	52	7313	0	7546
6580	45	76	30	7426	0	7577
6581	7227	68	18	203	0	7516
6582	145	7128	10	138	0	7421
6583	97	116	24	7265	0	7502
6584	7166	71	28	157	0	7422
6585	144	63	19	7175	0	7401
6586	97	42	12	7327	0	7478
6587	7337	22	17	234	0	7610
6588	7324	16	13	163	0	7516
6589	193	27	7212	96	0	7528
6590	7229	25	109	71	0	7434
6591	7401	25	67	52	0	7545
6592	7426	21	48	50	0	7545
6593	236	6970	34	53	0	7293
6594	142	7009	23	50	0	7224
6595	115	163	15	7014	0	7307
6596	7064	113	19	138	0	7334
6597	7147	62	24	100	0	7333
6598	201	31	21	7067	0	7320
6599	156	24	7046	141	0	7367
6600	7149	23	106	106	0	7384
6601	7516	27	67	86	0	7696
6602	200	27	56	7363	0	7646
6603	151	23	33	7445	0	7652
6604	7465	18	16	196	0	7695
6605	184	24	13	7364	0	7585
6606	109	7359	20	201	0	7689
6607	99	110	26	7664	0	7899
6608	7679	75	16	180	0	7950
6609	157	58	7541	114	0	7870
6610	7349	31	108	100	0	7588
6611	188	15	7541	75	0	7819
6612	121	18	148	7570	0	7857
6613	7704	15	75	156	0	7950
6614	168	26	57	7671	0	7922
6615	105	21	33	7729	0	7888
6616	7569	14	25	223	0	7831
6617	160	15	7444	142	0	7761
6618	114	14	7577	102	0	7807
6619	93	18	170	7746	0	8027
6620	56	16	112	7983	0	8167
6621	58	11	60	8086	0	8215
6622	46	9	7878	240	0	8173
6623	7735	9	112	173	0	8029
6624	8158	8	75	115	0	8356
6625	8220	8	63	71	0	8362
6626	8182	9	48	57	0	8296
6627	248	7759	29	55	0	8091
6628	149	7639	20	65	0	7873
6629	80	7490	20	55	0	7645
6630	52	129	23	6612	0	6816
6631	53	28	24	6761	0	6866
6632	44	15	6513	69	0	6641
6633	24	5983	36	35	0	6078
6634	55	34	17	5743	0	5849
6635	5622	10	13	39	0	5684
6636	35	5638	6	20	0	5699
6637	20	35	8	5605	0	5668
6638	14	5687	4	33	0	5738
6639	5861	29	8	18	0	5916
6640	43	16	4	5845	0	5908
6641	10	8	5772	37	0	5827
6642	10	7	5733	18	0	5768
6643	13	17	47	5971	0	6048
6644	11	5	11	6041	0	6068
6645	8	3	8	6263	0	6282
6646	6198	6	10	62	0	6276
6647	54	8	6132	22	0	6216
6648	10	6044	44	17	0	6115
6649	17	44	12	6053	0	6126
6650	7	9	6135	51	0	6202
6651	9	6079	45	18	0	6151
6652	13	48	12	6258	0	6331
6653	3	9	6299	50	0	6361
6654	6	9	46	6166	0	6227
6655	7	3	14	6317	0	6341
6656	6348	4	9	61	0	6422
6657	6344	3	3	30	0	6380
6658	51	1	6	6327	0	6385
6659	6347	3	4	61	0	6415
6660	53	1	6401	14	0	6469
6661	13	6	54	6454	0	6527
6662	16	4	6627	57	0	6704
6663	14	12	56	6758	0	6840
6664	7	6653	13	67	0	6740
6665	6	6676	6	17	0	6705
6666	3	6924	3	14	0	6944
6667	18	65	8	7037	0	7128
6668	9	17	4	7760	0	7790
6669	6	9	7700	104	0	7819
6670	5	7	7608	28	0	7648
6671	3	8	8021	17	0	8049
6672	8352	7	111	12	0	8482
6673	107	4	23	8634	0	8768
6674	8796	3	17	116	0	8932
6675	118	8940	5	32	0	9095
6676	29	122	5	9086	0	9242
6677	9247	25	6	129	0	9407
6678	137	19	5	9234	0	9395
6679	9206	6	5	163	0	9380
6680	148	5	9378	39	0	9570
6681	32	9457	119	25	0	9633
6682	29	128	27	9654	0	9838
6683	9670	25	19	157	0	9871
6684	9902	15	8	39	0	9964
6685	160	9	3	9856	0	10028
6686	53	4	10	9994	0	10061
6687	9745	7	15	166	0	9933
6688	143	8	19	9724	0	9894
6689	41	9	9637	157	0	9844
6690	36	9653	134	47	0	9870
6691	24	132	34	9831	0	10021
6692	9883	32	26	159	0	10100
6693	9981	30	6	57	0	10074
6694	182	9	10062	48	0	10301
6695	61	9791	143	30	0	10025
6696	32	10343	33	37	0	10445
6697	41	177	24	10322	0	10564
6698	32	51	17	10521	0	10621
6699	32	30	12	10506	0	10580
6700	39	14	12	10532	0	10597
6701	28	10249	20	218	0	10515
6702	37	163	11	10355	0	10566
6703	30	38	12	10575	0	10655
6704	10363	25	12	230	0	10630
6705	10384	12	8	97	0	10501
6706	209	10319	12	67	0	10607
6707	10461	173	17	54	0	10705
6708	10519	54	11	49	0	10633
6709	10501	28	15	56	0	10600
6710	232	26	10269	44	0	10571
6711	82	18	163	10319	0	10582
6712	55	12	51	10588	0	10706
6713	43	24	10337	222	0	10626
6714	39	19	173	10307	0	10538
6715	46	23	62	9777	0	9908
6716	10305	24	27	243	0	10599
6717	195	24	10224	100	0	10543
6718	60	23	163	10052	0	10298
6719	9959	17	41	221	0	10238
6720	172	9941	40	88	0	10241
6721	9947	175	17	81	0	10220
6722	9951	48	14	56	0	10069
6723	222	9752	16	56	0	10046
6724	83	179	18	9836	0	10116
6725	9823	46	13	206	0	10088
6726	206	9781	10	75	0	10072
6727	77	178	21	9845	0	10121
6728	9679	49	18	217	0	9963
6729	9684	28	15	82	0	9809
6730	219	9534	22	75	0	9850
6731	9653	176	30	57	0	9916
6732	216	47	13	9660	0	9936
6733	9640	42	16	220	0	9918
6734	229	19	9505	73	0	9826
6735	69	18	170	9530	0	9787
6736	65	22	38	9592	0	9717
6737	9382	16	34	229	0	9661
6738	194	9211	22	94	0	9521
6739	9069	159	25	77	0	9330
6740	204	9006	21	43	0	9274
6741	80	194	8657	43	0	8974
6742	67	44	8631	60	0	8802
6743	88	111	199	8365	0	8763
6744	44	38	8494	191	0	8767
6745	47	30	149	8520	0	8746
6746	63	27	35	8410	0	8535
6747	59	28	23	8750	0	8860
6748	8765	30	18	236	0	9049
6749	8838	15	16	93	0	8962
6750	9048	30	11	85	0	9174
6751	266	8903	19	36	0	9224
6752	93	9690	20	55	0	9858
6753	77	230	10232	54	0	10593
6754	72	75	241	10414	0	10802
6755	55	58	10368	282	0	10763
6756	48	37	279	10350	0	10714
6757	62	23	76	10588	0	10749
6758	52	42	65	10611	0	10770
6759	42	30	10225	390	0	10687
6760	57	30	272	10192	0	10551
6761	10078	24	83	371	0	10556
6762	257	9792	77	153	0	10279
6763	107	241	38	9897	0	10283
6764	9813	70	35	335	0	10253
6765	9897	61	34	129	0	10121
6766	357	35	32	9584	0	10008
6767	142	31	23	9418	0	9614
6768	8790	29	17	316	0	9152
6769	272	21	24	8739	0	9056
6770	8351	12	9	306	0	8678
6771	287	16	15	8149	0	8467
6772	90	11	7685	281	0	8067
6773	69	7253	172	117	0	7611
6774	48	7546	55	89	0	7738
6775	101	189	80	7257	0	7627
6776	72	55	44	7417	0	7588
6777	7175	36	25	244	0	7480
6778	194	32	24	7232	0	7482
6779	69	28	18	7310	0	7425
6780	50	24	10	6924	0	7008
6781	32	6672	7	269	0	6980
6782	46	155	11	6843	0	7055
6783	50	43	8	6880	0	6981
6784	41	30	6	6865	0	6942
6785	6466	23	19	295	0	6803
6786	165	6537	14	122	0	6838
6787	52	161	10	6624	0	6847
6788	45	59	10	6746	0	6860
6789	36	30	9	6765	0	6840
6790	6453	18	10	281	0	6762
6791	187	16	8	6524	0	6735
6792	72	21	9	6510	0	6612
6793	39	19	6009	261	0	6328
6794	20	5848	136	135	0	6139
6795	31	140	32	6003	0	6206
6796	5855	39	30	198	0	6122
6797	151	5898	14	97	0	6160
6798	5749	138	20	82	0	5989
6799	5841	54	15	55	0	5965
6800	184	42	15	5687	0	5928
6801	77	26	5	5842	0	5950
6802	60	20	5737	204	0	6021
6803	50	18	118	5891	0	6077
6804	45	16	5833	200	0	6094
6805	39	7	150	5945	0	6141
6806	5631	9	48	220	0	5908
6807	141	5708	36	100	0	5985
6808	48	148	26	6002	0	6224
6809	44	49	29	6098	0	6220
6810	37	33	17	6105	0	6192
6811	37	20	17	6118	0	6192
6812	5885	23	10	245	0	6163
6813	155	5827	10	120	0	6112
6814	48	139	7	6017	0	6211
6815	5952	36	20	229	0	6237
6816	158	28	5840	112	0	6138
6817	5835	20	133	98	0	6086
6818	6025	22	54	63	0	6164
6819	199	25	5872	62	0	6158
6820	95	24	155	5942	0	6216
6821	6019	14	48	190	0	6271
6822	179	6143	39	91	0	6452
6823	6301	146	25	82	0	6554
6824	6424	41	20	56	0	6541
6825	6450	33	13	65	0	6561
6826	227	20	16	6319	0	6582
6827	108	24	8	6641	0	6781
6828	82	7007	12	211	0	7312
6829	82	163	8	7157	0	7410
6830	7160	45	9	217	0	7431
6831	208	33	6983	101	0	7325
6832	6930	30	156	84	0	7200
6833	7289	22	43	77	0	7431
6834	223	21	31	7125	0	7400
6835	113	25	19	7312	0	7469
6836	7242	14	18	246	0	7520
6837	7347	10	19	99	0	7475
6838	6743	16	24	102	0	6885
6839	243	7	7115	73	0	7438
6840	103	7052	135	70	0	7360
6841	7131	160	41	69	0	7401
6842	219	45	25	7091	0	7380
6843	98	7099	20	185	0	7402
6844	84	167	19	7128	0	7398
6845	7084	55	21	201	0	7361
6846	200	51	15	7113	0	7379
6847	86	38	6842	208	0	7174
6848	57	6773	110	108	0	7048
6849	39	6975	40	82	0	7136
6850	45	153	6521	48	0	6767
6851	5852	108	188	71	0	6219
6852	106	5733	40	43	0	5922
6853	56	55	16	4923	0	5050
6854	4883	11	15	43	0	4952
6855	43	4865	0	19	0	4927
6856	17	42	4	4916	0	4979
6857	4939	16	5	50	0	5010
6858	50	5	3	4949	0	5007
6859	4948	11	5	46	0	5010
6860	45	2	4962	31	0	5040
6861	29	5001	30	15	0	5075
6862	5192	41	14	25	0	5272
6863	5156	17	5	32	0	5210
6864	5136	8	9	16	0	5169
6865	53	9	4926	20	0	5008
6866	5002	4	30	14	0	5050
6867	5145	5	14	13	0	5177
6868	57	13	8	5105	0	5183
6869	5119	5	7	52	0	5183
6870	53	5052	5	23	0	5133
6871	32	40	4	5102	0	5178
6872	20	16	5084	47	0	5167
6873	25	10	39	5047	0	5121
6874	19	16	16	5143	0	5194
6875	5111	9	8	62	0	5190
6876	5100	2	10	32	0	5144
6877	60	16	5029	12	0	5117
6878	4940	5	35	27	0	5007
6879	57	7	5030	13	0	5107
6880	36	11	38	5058	0	5143
6881	16	3	5064	54	0	5137
6882	32	7	35	5035	0	5109
6883	19	5057	21	42	0	5139
6884	17	36	5133	25	0	5211
6885	21	14	5225	11	0	5271
6886	29	14	68	4534	0	4645
6887	5277	7	16	55	0	5355
6888	5297	5	18	24	0	5344
6889	5331	10	12	18	0	5371
6890	75	7	9	5270	0	5361
6891	42	5	12	5319	0	5378
6892	28	8	9	5327	0	5372
6893	31	4	10	5332	0	5377
6894	25	9	5240	69	0	5343
6895	23	18	38	5217	0	5296
6896	21	5155	21	61	0	5258
6897	19	36	12	5273	0	5340
6898	5371	23	9	61	0	5464
6899	54	5	5314	43	0	5416
6900	5160	11	44	24	0	5239
6901	65	8	5508	23	0	5604
6902	37	2	5493	19	0	5551
6903	26	5497	86	16	0	5625
6904	36	71	46	5057	0	5210
6905	23	23	20	5497	0	5563
6906	24	4779	35	89	0	4927
6907	5895	77	16	39	0	6027
6908	94	43	13	6127	0	6277
6909	78	15	12	6617	0	6722
6910	34	15	10	6932	0	6991
6911	7500	9	12	213	0	7734
6912	7965	5	10	110	0	8090
6913	228	11	13	7837	0	8089
6914	115	6	11	7928	0	8060
6915	7807	7	13	234	0	8061
6916	185	13	9	7826	0	8033
6917	87	7	9	7961	0	8064
6918	62	4	12	8019	0	8097
6919	61	13	7598	252	0	7924
6920	7367	8	146	144	0	7665
6921	7581	4	56	117	0	7758
6922	244	6	7220	74	0	7544
6923	131	60	159	6881	0	7231
6924	69	7124	70	197	0	7460
6925	7071	149	30	134	0	7384
6926	167	7039	36	99	0	7341
6927	92	6679	30	74	0	6875
6928	104	179	24	6313	0	6620
6929	6307	66	33	181	0	6587
6930	6482	30	25	98	0	6635
6931	214	31	14	6374	0	6633
6932	113	30	16	6413	0	6572
6933	84	24	9	6400	0	6517
6934	55	44	9	6382	0	6490
6935	47	30	11	6266	0	6354
6936	46	6077	8	257	0	6388
6937	65	148	5	6221	0	6439
6938	6144	59	7	229	0	6439
6939	6237	34	9	145	0	6425
6940	6277	24	6	122	0	6429
6941	241	6059	8	103	0	6411
6942	119	142	13	6050	0	6324
6943	70	68	5992	212	0	6342
6944	5914	49	145	124	0	6232
6945	188	36	50	6036	0	6310
6946	6009	25	27	198	0	6259
6947	5932	25	16	98	0	6071
6948	5928	33	12	79	0	6052
6949	250	34	11	5709	0	6004
6950	5756	19	21	203	0	5999
6951	244	19	28	5717	0	6008
6952	137	15	13	5877	0	6042
6953	5748	22	20	262	0	6052
6954	227	16	15	5820	0	6078
6955	5740	14	9	240	0	6003
6956	5866	17	8	123	0	6014
6957	265	21	6	5786	0	6078
6958	140	22	7	5910	0	6079
6959	99	12	5	5971	0	6087
6960	103	10	5546	284	0	5943
6961	91	6	5624	153	0	5874
6962	82	11	175	5541	0	5809
6963	89	15	70	5635	0	5809
6964	77	7	36	5716	0	5836
6965	69	15	19	5702	0	5805
6966	63	11	16	5759	0	5849
6967	5452	14	24	316	0	5806
6968	186	5391	43	156	0	5776
6969	106	134	38	5532	0	5810
6970	5542	51	25	239	0	5857
6971	202	28	18	5593	0	5841
6972	96	22	20	5690	0	5828
6973	5475	18	18	303	0	5814
6974	5534	15	15	170	0	5734
6975	246	24	5363	122	0	5755
6976	128	27	145	5471	0	5771
6977	109	20	5417	236	0	5782
6978	84	16	167	5516	0	5783
6979	75	9	59	5603	0	5746
6980	83	11	30	5665	0	5789
6981	77	10	5348	302	0	5737
6982	62	5144	166	165	0	5537
6983	49	5427	74	133	0	5683
6984	51	168	50	5388	0	5657
6985	5261	63	44	230	0	5598
6986	185	35	5188	155	0	5563
6987	100	20	5461	112	0	5693
6988	65	19	213	5431	0	5728
6989	54	24	88	5434	0	5600
6990	38	5484	51	251	0	5824
6991	46	174	41	5490	0	5751
6992	48	67	39	5772	0	5926
6993	54	35	42	5862	0	5993
6994	5615	27	46	273	0	5961
6995	5706	16	36	160	0	5918
6996	226	14	31	5679	0	5950
6997	98	5518	31	242	0	5889
6998	63	145	24	5545	0	5777
6999	5372	55	20	253	0	5700
7000	171	5456	20	151	0	5798
7001	85	140	18	5124	0	5367
7002	71	5159	13	189	0	5432
7003	5101	138	13	130	0	5382
7004	4893	66	18	101	0	5078
7005	185	5032	11	92	0	5320
7006	88	5026	15	69	0	5198
7007	58	148	4591	49	0	4846
7008	24	4327	99	62	0	4512
7009	53	132	51	3742	0	3978
7010	40	39	3648	100	0	3827
7011	11	2858	46	16	0	2931
7012	13	42	10	2517	0	2582
7013	7	9	8	2573	0	2597
7014	6	6	6	2590	0	2608
7015	2519	8	3	39	0	2569
7016	25	9	2486	14	0	2534
7017	6	3	2485	13	0	2507
7018	8	3	30	2509	0	2550
7019	8	3	2670	28	0	2709
7020	4	2	32	2699	0	2737
7021	8	2	12	2571	0	2593
7022	5	5	5	2746	0	2761
7023	7	3	5	2767	0	2782
7024	2724	1	4	44	0	2773
7025	2729	2	4	19	0	2754
7026	35	0	4	2752	0	2791
7027	13	3	2852	32	0	2900
7028	11	3	25	2859	0	2898
7029	8	2813	8	31	0	2860
7030	4	25	5	2834	0	2868
7031	2804	8	3	42	0	2857
7032	2856	4	4	20	0	2884
7033	31	8	3	2854	0	2896
7034	10	3	2	2871	0	2886
7035	10	4	4	2886	0	2904
7036	2828	5	2	42	0	2877
7037	32	4	2816	18	0	2870
7038	11	6	2726	13	0	2756
7039	8	2718	24	12	0	2762
7040	2759	18	11	13	0	2801
7041	23	7	8	2801	0	2839
7042	11	7	2844	23	0	2885
7043	6	2772	19	14	0	2811
7044	5	2856	9	9	0	2879
7045	2	24	6	2905	0	2937
7046	7	12	6	2925	0	2950
7047	6	2867	3	26	0	2902
7048	10	22	4	2968	0	3004
7049	5	9	3	2984	0	3001
7050	2954	6	2	39	0	3001
7051	21	2948	1	16	0	2986
7052	4	21	3	2951	0	2979
7053	8	6	2896	29	0	2939
7054	6	11	16	2878	0	2911
7055	2891	8	8	27	0	2934
7056	22	2886	3	19	0	2930
7057	11	17	5	2919	0	2952
7058	6	13	2877	25	0	2921
7059	5	6	3007	19	0	3037
7060	7	10	27	3126	0	3170
7061	10	7	13	3200	0	3230
7062	3200	4	10	34	0	3248
7063	25	3257	7	16	0	3305
7064	3300	30	6	14	0	3350
7065	30	10	3346	12	0	3398
7066	3256	10	30	16	0	3312
7067	33	10	3433	8	0	3484
7068	3384	3	35	12	0	3434
7069	3487	7	13	10	0	3517
7070	39	5	3629	12	0	3685
7071	15	1	3630	15	0	3661
7072	13	3512	37	10	0	3572
7073	16	31	17	3749	0	3813
7074	3826	8	14	43	0	3891
7075	36	5	10	3893	0	3944
7076	15	2	7	3976	0	4000
7077	10	2	6	3996	0	4014
7078	6	3	3956	47	0	4012
7079	3721	4	32	32	0	3789
7080	4034	4	12	24	0	4074
7081	46	4099	11	19	0	4175
7082	17	33	5	4121	0	4176
7083	17	4181	7	36	0	4241
7084	6	42	4	4269	0	4321
7085	4250	14	5	51	0	4320
7086	42	4220	4	26	0	4292
7087	16	35	4	4103	0	4158
7088	4112	13	3	42	0	4170
7089	4107	11	5	16	0	4139
7090	52	3	4	4001	0	4060
7091	24	2	4018	40	0	4084
7092	15	33	34	3864	0	3946
7093	6	3999	12	42	0	4059
7094	3996	34	9	19	0	4058
7095	31	3991	6	15	0	4043
7096	16	35	7	3962	0	4020
7097	4024	15	4	33	0	4076
7098	34	11	1	4111	0	4157
7099	15	3	3	4132	0	4153
7100	11	7	4077	43	0	4138
7101	2	4030	31	23	0	4086
7102	3953	30	11	21	0	4015
7103	3673	14	12	15	0	3714
7104	33	3902	3	7	0	3945
7105	12	3878	0	1	0	3891
7106	15	30	3	3822	0	3870
7107	3791	13	0	32	0	3836
7108	28	3753	1	12	0	3794
7109	10	26	0	3812	0	3848
7110	8	7	3782	28	0	3825
7111	6	6	26	3766	0	3804
7112	3823	6	6	36	0	3871
7113	28	3841	5	14	0	3888
7114	16	28	2	3960	0	4006
7115	6	8	3931	31	0	3976
7116	5	3	3889	10	0	3907
7117	6	5	33	3983	0	4027
7118	9	3	12	4057	0	4081
7119	5	3932	6	29	0	3972
7120	6	32	2	3914	0	3954
7121	3950	7	5	36	0	3998
7122	33	7	6	3980	0	4026
7123	4002	4	2	46	0	4054
7124	37	3936	3	12	0	3988
7125	10	4056	4	12	0	4082
7126	14	38	2	4159	0	4213
7127	13	17	3	4070	0	4103
7128	6	9	4070	48	0	4133
7129	7	3	37	3990	0	4037
7130	4042	9	9	41	0	4101
7131	38	6	4013	19	0	4076
7132	17	5	32	4112	0	4166
7133	9	4	4245	46	0	4304
7134	9	6	43	4269	0	4327
7135	10	4	13	4282	0	4309
7136	9	2	7	4373	0	4391
7137	5	6	4328	59	0	4398
7138	5	5	36	4253	0	4299
7139	5	4298	13	53	0	4369
7140	8	35	13	4389	0	4445
7141	9	13	4	4388	0	4414
7142	4336	11	6	63	0	4416
7143	44	8	4282	28	0	4362
7144	13	7	39	4302	0	4361
7145	15	8	4268	51	0	4342
7146	6	9	4174	28	0	4217
7147	11	3	48	4352	0	4414
7148	11	5	19	4216	0	4251
7149	9	6	11	4498	0	4524
7150	4446	5	6	69	0	4526
7151	46	7	4388	28	0	4469
7152	4492	2	45	36	0	4575
7153	50	7	16	4702	0	4775
7154	15	1	14	4836	0	4866
7155	14	5038	6	65	0	5123
7156	8	43	6	5163	0	5220
7157	10	12	10	5155	0	5187
7158	14	8	3	5168	0	5193
7159	4763	5	4	60	0	4832
7160	36	1	4585	30	0	4652
7161	4325	8	30	23	0	4386
7162	41	4689	11	11	0	4752
7163	4625	36	12	15	0	4688
7164	40	4609	4	15	0	4668
7165	18	4588	6	13	0	4625
7166	30	40	9	4618	0	4697
7167	4694	14	12	45	0	4765
7168	31	8	3	4769	0	4811
7169	16	4659	4	42	0	4721
7170	10	4822	5	17	0	4854
7171	14	46	2	4851	0	4913
7172	10	15	2	4862	0	4889
7173	6	4848	2	49	0	4905
7174	8	39	4	5032	0	5083
7175	4	16	6	5076	0	5102
7176	11	9	4	5123	0	5147
7177	5093	10	4	61	0	5168
7178	39	5	5039	28	0	5111
7179	5003	7	32	33	0	5075
7180	5230	5	10	23	0	5268
7181	5163	3	5	19	0	5190
7182	46	5070	4	15	0	5135
7183	17	27	6	5037	0	5087
7184	5083	10	2	36	0	5131
7185	36	8	3	5150	0	5197
7186	5125	6	2	46	0	5179
7187	41	5367	3	16	0	5427
7188	5575	32	6	27	0	5640
7189	5694	13	2	15	0	5724
7190	5752	8	0	20	0	5780
7191	49	2	1	5731	0	5783
7192	22	5	3	5836	0	5866
7193	5873	6	4	52	0	5935
7194	38	5805	1	17	0	5861
7195	17	5809	3	12	0	5841
7196	6008	33	1	19	0	6061
7197	35	12	5	6034	0	6086
7198	14	9	3	6062	0	6088
7199	13	3	0	6133	0	6149
7200	6	6030	2	63	0	6101
7201	6118	37	3	20	0	6178
7202	37	16	0	6167	0	6220
7203	19	6212	2	50	0	6283
7204	15	38	3	6506	0	6562
7205	11	15	0	6601	0	6627
7206	13	10	5	6576	0	6604
7207	10	8	2	6651	0	6671
7208	6612	7	0	64	0	6683
7209	6556	4	3	41	0	6604
7210	6680	11	2	29	0	6722
7211	53	7	0	6713	0	6773
7212	28	3	6596	51	0	6678
7213	17	5	6193	29	0	6244
7214	17	11	6347	24	0	6399
7215	6730	6	51	22	0	6809
7216	52	3	21	6839	0	6915
7217	23	1	11	6817	0	6852
7218	21	5	5	6875	0	6906
7219	6812	7	6	65	0	6890
7220	6773	6	6	44	0	6829
7221	50	6989	8	23	0	7070
7222	21	32	3	7109	0	7165
7223	19	16	7006	40	0	7081
7224	14	7034	27	22	0	7097
7225	14	47	8	7121	0	7190
7226	17	16	6	7144	0	7183
7227	13	6	5	7105	0	7129
7228	12	12	7	6961	0	6992
7229	13	9	6960	50	0	7032
7230	18	7	6579	32	0	6636
7231	9	6967	33	21	0	7030
7232	9	26	13	7024	0	7072
7233	10	6	9	6907	0	6932
7234	6829	6	7	52	0	6894
7235	31	4	6864	24	0	6923
7236	24	9	24	6871	0	6928
7237	16	5	14	7057	0	7092
7238	16	4	7166	36	0	7222
7239	7	7134	19	28	0	7188
7240	7169	24	14	38	0	7245
7241	31	10	7141	17	0	7199
7242	6921	4	28	30	0	6983
7243	36	12	7435	16	0	7499
7244	15	12	27	7486	0	7540
7245	13	8	7498	30	0	7549
7246	14	9	7498	22	0	7543
7247	15	3	28	7661	0	7707
7248	75	15	58	5849	0	5997
7249	13	5	11	7896	0	7925
7250	14	3	13	7732	0	7762
7251	11	4	7	7750	0	7772
7252	9	7	7750	47	0	7813
7253	10	8	7374	30	0	7422
7254	7	7720	40	23	0	7790
7255	7753	30	23	27	0	7833
7256	40	15	9	7802	0	7866
7257	7829	7	10	61	0	7907
7258	50	6	10	7797	0	7863
7259	8032	7	4	79	0	8122
7260	53	2	9	8098	0	8162
7261	18	8	8	8148	0	8182
7262	17	8279	4	71	0	8371
7263	11	44	7	8519	0	8581
7264	11	17	2	8529	0	8559
7265	14	5	3	8483	0	8505
7266	10	4	4	8422	0	8440
7267	6	8225	4	69	0	8304
7268	8180	35	2	45	0	8262
7269	37	8134	5	22	0	8198
7270	16	38	5	7967	0	8026
7271	7857	13	5	57	0	7932
7272	35	8	7728	19	0	7790
7273	16	6	7626	19	0	7667
7274	25	24	52	7465	0	7566
7275	6	3	27	7745	0	7781
7276	4	1	9	7755	0	7769
7277	17	3	15	7259	0	7294
7278	3	1	3	7576	0	7583
7279	5	7434	1	56	0	7496
7280	3	29	4	7566	0	7602
7281	7566	10	3	67	0	7646
7282	36	6	3	7665	0	7710
7283	14	4	7909	43	0	7970
7284	11	2	42	7796	0	7851
7285	7789	1	14	68	0	7872
7286	42	8150	12	23	0	8227
7287	29	44	4	8749	0	8826
7288	23	14	1	9149	0	9187
7289	6	9	9034	109	0	9158
7290	8	4	10944	38	0	10994
7291	12776	5	221	31	0	13033
7292	303	7	75	13033	0	13418
7293	166	3	62	13497	0	13728
7294	101	7	14079	415	0	14602
7295	77	9	14256	244	0	14586
7296	26	14406	442	186	0	15060
7297	54	298	224	14333	0	14909
7298	13	139	14439	347	0	14938
7299	5	14441	398	175	0	15019
7300	14414	375	202	140	0	15131
7301	14930	169	158	103	0	15360
7302	491	132	97	14395	0	15115
7303	256	14622	50	357	0	15285
7304	14611	359	68	197	0	15235
7305	486	192	47	13870	0	14595
7306	238	147	14278	380	0	15043
7307	185	14478	342	192	0	15197
7308	14461	368	157	165	0	15151
7309	14867	189	132	131	0	15319
7310	527	151	89	14676	0	15443
7311	314	99	53	14982	0	15448
7312	209	59	14553	520	0	15341
7313	163	75	350	14796	0	15384
7314	161	52	164	14247	0	14624
7315	132	20	135	14902	0	15189
7316	89	33	93	14961	0	15176
7317	81	40	56	14504	0	14681
7318	57	14297	72	720	0	15146
7319	14355	331	44	443	0	15173
7320	367	164	14269	333	0	15133
7321	189	14115	356	240	0	14900
7322	178	398	166	14465	0	15207
7323	14460	183	141	492	0	15276
7324	423	161	106	14546	0	15236
7325	234	114	67	14832	0	15247
7326	185	57	80	14970	0	15292
7327	140	74	65	15065	0	15344
7328	97	59	14243	775	0	15174
7329	101	14277	386	479	0	15243
7330	14427	370	162	389	0	15348
7331	385	187	14375	295	0	15242
7332	221	139	449	14517	0	15326
7333	14465	121	217	521	0	15324
7334	470	14401	184	278	0	15333
7335	14624	434	138	247	0	15443
7336	613	208	96	13637	0	14554
7337	327	161	100	14918	0	15506
7338	245	134	61	14890	0	15330
7339	204	75	46	15036	0	15361
7340	14340	82	71	814	0	15307
7341	447	77	54	14697	0	15275
7342	262	54	50	14972	0	15338
7343	14082	47	48	796	0	14973
7344	506	64	13848	470	0	14888
7345	270	46	381	14233	0	14930
7346	13730	54	179	629	0	14592
7347	13989	37	144	380	0	14550
7348	595	50	126	13663	0	14434
7349	378	62	75	13647	0	14162
7350	301	12824	79	650	0	13854
7351	213	353	66	13353	0	13985
7352	168	165	43	13506	0	13882
7353	151	127	12619	760	0	13657
7354	121	91	12471	504	0	13187
7355	75	12456	492	441	0	13464
7356	94	378	278	12572	0	13322
7357	105	200	229	13025	0	13559
7358	12587	142	159	688	0	13576
7359	402	132	143	12643	0	13320
7360	245	91	12237	679	0	13252
7361	239	80	401	12571	0	13291
7362	160	81	11971	679	0	12891
7363	132	76	12119	447	0	12774
7364	152	78	585	11991	0	12806
7365	116	68	324	12516	0	13024
7366	12050	69	245	709	0	13073
7367	12391	52	169	454	0	13066
7368	587	48	139	12338	0	13112
7369	12438	57	132	636	0	13263
7370	12822	48	85	413	0	13368
7371	689	58	64	12603	0	13414
7372	431	57	66	12910	0	13464
7373	12606	39	70	712	0	13427
7374	12566	26	82	482	0	13156
7375	634	35	60	12415	0	13144
7376	404	12046	70	646	0	13166
7377	338	344	53	12442	0	13177
7378	240	156	44	12824	0	13264
7379	174	119	12046	773	0	13112
7380	172	97	347	12660	0	13276
7381	11874	63	180	751	0	12868
7382	399	12038	175	483	0	13095
7383	11982	370	104	368	0	12824
7384	12092	161	84	321	0	12658
7385	12287	141	64	283	0	12775
7386	716	163	57	11516	0	12452
7387	517	71	10199	499	0	11286
7388	430	74	9845	269	0	10618
7389	231	9708	400	299	0	10638
7390	134	7634	167	162	0	8097
7391	82	5801	93	60	0	6036
7392	89	5515	105	64	0	5773
7393	163	101	5244	68	0	5576
7394	4278	117	188	58	0	4641
7395	59	15	6	4251	0	4331
7396	18	12	4	4187	0	4221
7397	22	5	9	4131	0	4167
7398	12	4119	9	56	0	4196
7399	4085	40	8	18	0	4151
7400	43	5	4057	20	0	4125
7401	6	3877	34	27	0	3944
7402	14	39	8	3945	0	4006
7403	3954	8	6	45	0	4013
7404	48	5	10	3930	0	3993
7405	6	7	3859	49	0	3921
7406	12	8	3869	13	0	3902
7407	14	8	36	3946	0	4004
7408	13	7	7	3986	0	4013
7409	3963	5	9	49	0	4026
7410	44	7	3909	9	0	3969
7411	3829	3	37	14	0	3883
7412	3868	6	5	16	0	3895
7413	42	4	8	3904	0	3958
7414	14	9	4003	42	0	4068
7415	15	4	36	4018	0	4073
7416	4028	2	9	49	0	4088
7417	41	4019	13	10	0	4083
7418	4086	33	6	17	0	4142
7419	46	8	9	4129	0	4192
7420	11	4251	2	54	0	4318
7421	15	46	2	4253	0	4316
7422	14	7	6	4335	0	4362
7423	12	4348	6	56	0	4422
7424	13	46	4	4410	0	4473
7425	9	10	9	4537	0	4565
7426	7	6	5	4640	0	4658
7427	6	7	4662	64	0	4739
7428	8	4620	55	19	0	4702
7429	4735	47	10	21	0	4813
7430	63	8	7	4835	0	4913
7431	12	5080	7	68	0	5167
7432	5405	60	8	19	0	5492
7433	73	18	2	5463	0	5556
7434	25	11	3	5521	0	5560
7435	16	10	5	5439	0	5470
7436	19	8	6	5352	0	5385
7437	5323	5	3	93	0	5424
7438	69	3	3	5378	0	5453
7439	26	9	3	5440	0	5478
7440	5368	6	1	98	0	5473
7441	76	4	3	5398	0	5481
7442	30	6	5328	91	0	5455
7443	18	5	61	5368	0	5452
7444	5206	1	12	94	0	5313
7445	76	6	8	5240	0	5330
7446	23	10	5279	88	0	5400
7447	20	4	5184	34	0	5242
7448	5321	6	77	35	0	5439
7449	5482	7	26	28	0	5543
7450	5496	0	16	31	0	5543
7451	5506	3	13	24	0	5546
7452	96	5	5479	21	0	5601
7453	42	2	72	5440	0	5556
7454	31	3	18	5549	0	5601
7455	5500	4	12	93	0	5609
7456	82	5	12	5528	0	5627
7457	29	2	5438	89	0	5558
7458	27	10	73	5483	0	5593
7459	19	5	5519	96	0	5639
7460	16	5552	78	37	0	5683
7461	5637	67	31	42	0	5777
7462	87	14	18	5635	0	5754
7463	23	10	5564	91	0	5688
7464	25	8	77	5610	0	5720
7465	29	5	23	5780	0	5837
7466	16	4	5765	115	0	5900
7467	22	9	87	5789	0	5907
7468	5775	5	26	112	0	5918
7469	96	8	5350	49	0	5503
7470	5446	5	76	43	0	5570
7471	90	5480	34	31	0	5635
7472	30	75	5413	40	0	5558
7473	25	22	5487	30	0	5564
7474	38	78	109	4727	0	4952
7475	28	8	36	5195	0	5267
7476	12	13	5189	103	0	5317
7477	24	5	82	5185	0	5296
7478	5235	9	20	107	0	5371
7479	5285	7	17	48	0	5357
7480	93	4	22	5205	0	5324
7481	30	6	17	5219	0	5272
7482	23	5237	12	121	0	5393
7483	5369	74	13	59	0	5515
7484	102	20	9	5408	0	5539
7485	39	5467	13	102	0	5621
7486	5524	82	10	58	0	5674
7487	5640	19	13	43	0	5715
7488	114	5694	5	47	0	5860
7489	41	93	13	5719	0	5866
7490	35	27	11	5711	0	5784
7491	35	8	5547	129	0	5719
7492	21	14	95	5514	0	5644
7493	5512	11	35	125	0	5683
7494	114	4	22	5472	0	5612
7495	45	11	5393	118	0	5567
7496	5353	5	103	58	0	5519
7497	117	4	27	5402	0	5550
7498	48	6	5377	113	0	5544
7499	30	6	102	5398	0	5536
7500	29	5	5377	121	0	5532
7501	30	8	103	5410	0	5551
7502	36	3	38	5507	0	5584
7503	5420	5	27	140	0	5592
7504	101	5418	24	66	0	5609
7505	5512	88	27	58	0	5685
7506	5485	26	25	45	0	5581
7507	5492	16	19	41	0	5568
7508	139	5413	20	32	0	5604
7509	52	100	5376	40	0	5568
7510	45	23	110	5401	0	5579
7511	5447	23	40	116	0	5626
7512	5530	16	26	57	0	5629
7513	138	10	21	5385	0	5554
7514	5331	10	19	122	0	5482
7515	123	12	5251	56	0	5442
7516	5234	12	106	42	0	5394
7517	127	7	5222	44	0	5400
7518	42	5191	101	49	0	5383
7519	5164	83	42	33	0	5322
7520	5044	24	24	39	0	5131
7521	121	5003	22	32	0	5178
7522	4985	82	30	39	0	5136
7523	4878	22	20	27	0	4947
7524	114	20	4726	26	0	4886
7525	4547	17	77	22	0	4663
7526	105	12	4487	24	0	4628
7527	50	36	73	4233	0	4392
7528	29	4350	31	77	0	4487
7529	32	57	4293	39	0	4421
7530	3927	102	96	87	0	4212
7531	3796	31	35	60	0	3922
7532	69	13	13	3568	0	3663
7533	31	7	3497	55	0	3590
7534	29	7	53	3494	0	3583
7535	3494	6	15	59	0	3574
7536	56	3517	14	22	0	3609
7537	3470	47	15	20	0	3552
7538	3495	13	8	20	0	3536
7539	70	3473	10	13	0	3566
7540	34	50	10	3478	0	3572
7541	3553	15	6	57	0	3631
7542	77	9	4	3577	0	3667
7543	31	9	11	3742	0	3793
7544	25	8	3772	61	0	3866
7545	25	8	55	3740	0	3828
7546	21	13	15	3780	0	3829
7547	3723	4	7	71	0	3805
7548	3734	7	12	23	0	3776
7549	71	9	12	3712	0	3804
7550	39	3	3633	61	0	3736
7551	25	7	3581	29	0	3642
7552	22	9	60	3589	0	3680
7553	23	3	3720	66	0	3812
7554	21	17	64	3674	0	3776
7555	20	6	19	3676	0	3721
7556	3706	6	16	71	0	3799
7557	63	5	3688	28	0	3784
7558	3614	8	49	28	0	3699
7559	3616	7	20	24	0	3667
7560	67	3	3510	22	0	3602
7561	24	6	3522	16	0	3568
7562	35	77	51	3378	0	3541
7563	22	3306	22	47	0	3397
7564	14	3404	15	18	0	3451
7565	39	41	8	3206	0	3294
7566	21	12	11	3113	0	3157
7567	15	13	4	3254	0	3286
7568	14	2	10	3246	0	3272
7569	3170	5	8	52	0	3235
7570	35	4	9	3185	0	3233
7571	19	2	3112	50	0	3183
7572	14	6	36	3060	0	3116
7573	17	3006	9	47	0	3079
7574	13	28	12	3032	0	3085
7575	3019	11	10	38	0	3078
7576	45	5	8	3058	0	3116
7577	17	6	3058	44	0	3125
7578	14	3019	34	18	0	3085
7579	13	32	14	3040	0	3099
7580	3038	11	10	44	0	3103
7581	3066	7	14	13	0	3100
7582	47	13	2	3077	0	3139
7583	21	6	2914	39	0	2980
7584	24	3	2733	14	0	2774
7585	2794	1	38	19	0	2852
7586	36	1	2872	10	0	2919
7587	18	2	2887	5	0	2912
7588	16	8	25	2761	0	2810
7589	2910	1	18	25	0	2954
7590	2880	2	6	15	0	2903
7591	2895	0	3	14	0	2912
7592	29	3	3036	4	0	3072
7593	15	3	3086	4	0	3108
7594	11	3277	24	7	0	3319
7595	7	17	10	3251	0	3285
7596	4	8	9	3315	0	3336
7597	6	6	6	3206	0	3224
7598	3	2	2	3326	0	3333
7599	6	3	3336	29	0	3374
7600	6	3400	16	12	0	3434
7601	3617	17	9	13	0	3656
7602	3934	7	8	13	0	3962
7603	3996	2	7	8	0	4013
7604	59	4041	1	4	0	4105
7605	24	47	4	4045	0	4120
7606	4254	11	5	58	0	4328
7607	56	4443	4	22	0	4525
7608	4418	51	2	20	0	4491
7609	50	4425	5	6	0	4486
7610	4470	53	1	10	0	4534
7611	4516	21	3	8	0	4548
7612	77	7	3	4589	0	4676
7613	31	5	3	4787	0	4826
7614	13	7	4734	72	0	4826
7615	15	4	4601	26	0	4646
7616	4711	6	65	20	0	4802
7617	4864	3	24	10	0	4901
7618	82	6	11	4764	0	4863
7619	37	3	7	4815	0	4862
7620	22	3	4738	70	0	4833
7621	21	6	54	4685	0	4766
7622	10	4	4707	69	0	4790
7623	10	7	59	4727	0	4803
7624	14	7	24	4826	0	4871
7625	4801	4	13	84	0	4902
7626	4791	7	4	41	0	4843
7627	85	4	6	4786	0	4881
7628	42	3	5	4817	0	4867
7629	19	9	4746	80	0	4854
7630	23	4	55	4781	0	4863
7631	16	6	4819	79	0	4920
7632	4770	6	64	39	0	4879
7633	74	1	23	4874	0	4972
7634	4848	11	15	69	0	4943
7635	77	4805	7	41	0	4930
7636	4889	57	13	26	0	4985
7637	81	25	6	4847	0	4959
7638	43	13	12	4833	0	4901
7639	23	4797	9	82	0	4911
7640	24	58	13	4894	0	4989
7641	20	26	4810	78	0	4934
7642	31	16	56	4794	0	4897
7643	17	8	4677	82	0	4784
7644	17	4570	65	44	0	4696
7645	19	52	35	4620	0	4726
7646	18	19	4578	79	0	4694
7647	19	9	4480	36	0	4544
7648	18	20	72	4539	0	4649
7649	4510	6	41	85	0	4642
7650	65	3	4499	36	0	4603
7651	35	5	60	4489	0	4589
7652	4557	2	29	79	0	4667
7653	62	4415	21	37	0	4535
7654	4628	52	16	33	0	4729
7655	70	21	12	4635	0	4738
7656	40	12	14	4669	0	4735
7657	24	7	12	4755	0	4798
7658	4726	7	5	102	0	4840
7659	78	3	11	4769	0	4861
7660	33	9	8	4838	0	4888
7661	4663	10	16	94	0	4783
7662	71	11	4655	54	0	4791
7663	46	6	64	4677	0	4793
7664	28	12	4640	82	0	4762
7665	4587	12	67	49	0	4715
7666	78	10	29	4679	0	4796
7667	39	13	4695	80	0	4827
7668	4605	9	67	47	0	4728
7669	4729	17	29	37	0	4812
7670	90	10	4853	38	0	4991
7671	53	14	68	4862	0	4997
7672	47	10	32	4953	0	5042
7673	21	8	4996	99	0	5124
7674	21	4956	65	57	0	5099
7675	21	53	5065	40	0	5179
7676	4864	23	72	43	0	5002
7677	75	12	5150	30	0	5267
7678	4975	12	79	34	0	5100
7679	84	6	5137	34	0	5261
7680	5022	5	79	36	0	5142
7681	75	5183	39	42	0	5339
7682	40	51	29	5149	0	5269
7683	39	24	17	5263	0	5343
7684	22	12	5269	94	0	5397
7685	29	10	61	5114	0	5214
7686	28	5140	33	82	0	5283
7687	5058	53	27	41	0	5179
7688	75	5086	14	44	0	5219
7689	36	59	23	5147	0	5265
7690	5149	20	15	89	0	5273
7691	77	5201	16	54	0	5348
7692	5042	63	23	39	0	5167
7693	85	18	5123	32	0	5258
7694	45	15	73	5079	0	5212
7695	44	11	39	5133	0	5227
7696	25	15	16	5253	0	5309
7697	5196	11	19	110	0	5336
7698	5198	6	23	57	0	5284
7699	5209	13	14	46	0	5282
7700	5108	11	18	27	0	5164
7701	104	9	4776	23	0	4912
7702	4338	5	34	15	0	4392
7703	43	4347	24	16	0	4430
7704	23	4350	12	12	0	4397
7705	4317	33	110	19	0	4479
7706	4293	14	29	20	0	4356
7707	33	9	4	4101	0	4147
7708	4187	0	6	32	0	4225
7709	4208	2	2	17	0	4229
7710	4462	1	5	15	0	4483
7711	52	8	4	4419	0	4483
7712	20	4303	4	35	0	4362
7713	11	4326	7	14	0	4358
7714	5	46	4	4337	0	4392
7715	4266	10	9	39	0	4324
7716	37	4333	3	8	0	4381
7717	14	27	3	4345	0	4389
7718	9	6	4387	37	0	4439
7719	4198	8	32	15	0	4253
7720	38	4392	8	8	0	4446
7721	11	4485	10	7	0	4513
7722	4424	42	3	12	0	4481
7723	41	11	4500	10	0	4562
7724	18	10	34	4408	0	4470
7725	9	4505	7	37	0	4558
7726	16	34	6	4554	0	4610
7727	8	8	3	4535	0	4554
7728	13	4070	7	48	0	4138
7729	8	38	4	4680	0	4730
7730	11	7	4	4740	0	4762
7731	4671	7	2	44	0	4724
7732	41	4631	2	16	0	4690
7733	4713	38	1	16	0	4768
7734	52	9	7	4643	0	4711
7735	14	4745	2	46	0	4807
7736	12	44	4754	13	0	4823
7737	17	13	39	4809	0	4878
7738	21	5	8	4962	0	4996
7739	8	7	5070	57	0	5142
7740	4879	2	47	25	0	4953
7741	57	4	10	5438	0	5509
7742	5424	6	6	80	0	5516
7743	79	6	5320	21	0	5426
7744	23	7	71	5396	0	5497
7745	17	7	5615	80	0	5719
7746	10	6	85	5681	0	5782
7747	11	5	20	5865	0	5901
7748	5774	5	14	98	0	5891
7749	80	5849	4	35	0	5968
7750	5895	76	2	25	0	5998
7751	96	23	5880	7	0	6006
7752	30	17	77	5905	0	6029
7753	18	5	6034	81	0	6138
7754	5473	6	84	30	0	5593
7755	5949	4	21	22	0	5996
7756	98	2	5922	9	0	6031
7757	5829	5	79	15	0	5928
7758	6014	3	18	10	0	6045
7759	101	0	14	5924	0	6039
7760	39	2	5823	84	0	5948
7761	19	6	5990	21	0	6036
7762	11	10	95	5995	0	6111
7763	11	4	26	6017	0	6058
7764	9	5875	17	96	0	5997
7765	8	6079	9	32	0	6128
7766	6050	91	5	21	0	6167
7767	88	23	9	6042	0	6162
7768	25	5935	14	86	0	6060
7769	21	6152	7	23	0	6203
7770	5907	93	7	28	0	6035
7771	90	29	2	5935	0	6056
7772	28	5979	12	89	0	6108
7773	23	88	11	5989	0	6111
7774	17	24	5	6038	0	6084
7775	17	18	7	5981	0	6023
7776	5860	4	10	124	0	5998
7777	89	5790	8	43	0	5930
7778	33	84	7	5835	0	5959
7779	26	19	7	5896	0	5948
7780	18	14	9	5910	0	5951
7781	15	15	5666	113	0	5809
7782	5515	9	81	46	0	5651
7783	95	5	26	5687	0	5813
7784	5594	7	20	100	0	5721
7785	5645	8	14	33	0	5700
7786	5639	6	13	35	0	5693
7787	114	7	5563	24	0	5708
7788	45	5504	82	20	0	5651
7789	24	78	26	5428	0	5556
7790	19	26	5424	82	0	5551
7791	25	16	5339	30	0	5410
7792	25	40	89	5143	0	5297
7793	12	5156	38	72	0	5278
7794	5230	72	19	36	0	5357
7795	5309	18	14	35	0	5376
7796	5328	15	12	35	0	5390
7797	5313	11	6	28	0	5358
7798	104	13	5239	17	0	5373
7799	5152	11	68	27	0	5258
7800	90	5319	25	16	0	5450
7801	31	72	21	5408	0	5532
7802	21	28	12	5493	0	5554
7803	5440	11	17	104	0	5572
7804	86	10	10	5476	0	5582
7805	32	14	5329	86	0	5461
7806	5126	5	74	38	0	5243
7807	5302	5	20	35	0	5362
7808	5246	5	18	29	0	5298
7809	104	11	5118	14	0	5247
7810	4800	8	66	21	0	4895
7811	75	4862	18	22	0	4977
7812	4908	62	22	23	0	5015
7813	87	27	11	4821	0	4946
7814	30	17	13	4892	0	4952
7815	21	4851	10	78	0	4960
7816	12	65	9	4873	0	4959
7817	13	4867	11	71	0	4962
7818	20	66	6	4784	0	4876
7819	19	4755	7	80	0	4861
7820	18	75	7	4782	0	4882
7821	19	4817	8	70	0	4914
7822	21	75	6	5039	0	5141
7823	13	5137	11	82	0	5243
7824	5462	81	5	33	0	5581
7825	102	26	6	5527	0	5661
7826	37	19	5	5618	0	5679
7827	34	11	6	5843	0	5894
7828	16	11	5	5884	0	5916
7829	12	15	5886	144	0	6057
7830	25	5	95	5896	0	6021
7831	25	6	30	6025	0	6086
7832	5889	5	21	138	0	6053
7833	5874	13	8	50	0	5945
7834	122	6006	10	38	0	6176
7835	64	99	3	6048	0	6214
7836	41	30	13	6441	0	6525
7837	6577	20	6	147	0	6750
7838	139	17	6158	55	0	6369
7839	6236	11	99	44	0	6390
7840	144	6354	33	24	0	6555
7841	6019	94	10	14	0	6137
7842	6014	29	6	19	0	6068
7843	118	5921	6	12	0	6057
7844	41	6121	4	11	0	6177
7845	56	128	12	5782	0	5978
7846	11	40	5744	95	0	5890
7847	5595	17	90	44	0	5746
7848	103	11	5690	18	0	5822
7849	5510	12	93	17	0	5632
7850	102	10	5636	13	0	5761
7851	37	5563	93	11	0	5704
7852	29	89	34	5565	0	5717
7853	5463	25	16	97	0	5601
7854	5580	17	9	36	0	5642
7855	132	11	4	5594	0	5741
7856	5780	7	10	106	0	5903
7857	5837	10	5	44	0	5896
7858	131	5754	6	19	0	5910
7859	5792	103	1	21	0	5917
7860	120	5846	8	12	0	5986
7861	49	112	4	5817	0	5982
7862	5756	35	8	110	0	5909
7863	5900	15	6	41	0	5962
7864	5905	11	4	28	0	5948
7865	151	11	5818	12	0	5992
7866	55	14	5927	9	0	6005
7867	38	10	131	6036	0	6215
7868	31	10	33	6332	0	6406
7869	20	6578	21	147	0	6766
7870	6647	127	8	54	0	6836
7871	148	39	8	6647	0	6842
7872	51	22	15	6761	0	6849
7873	31	10	6737	166	0	6944
7874	20	6498	121	69	0	6708
7875	20	6818	39	33	0	6910
7876	32	153	21	6807	0	7013
7877	6751	46	12	149	0	6958
7878	147	19	7	6777	0	6950
7879	54	18	15	6951	0	7038
7880	6871	18	13	181	0	7083
7881	6984	16	10	69	0	7079
7882	177	12	6	6918	0	7113
7883	64	15	6895	152	0	7126
7884	51	11	128	6955	0	7145
7885	40	13	40	7104	0	7197
7886	7005	14	18	203	0	7240
7887	158	18	12	7049	0	7237
7888	7054	12	10	184	0	7260
7889	169	11	7107	73	0	7360
7890	65	13	142	7328	0	7548
7891	56	10	49	7471	0	7586
7892	42	11	21	7533	0	7607
7893	46	12	16	7483	0	7557
7894	43	14	16	7381	0	7454
7895	40	9	7157	219	0	7425
7896	7114	12	147	91	0	7364
7897	167	12	48	7189	0	7416
7898	59	17	7072	178	0	7326
7899	51	14	7100	82	0	7247
7900	46	9	176	7079	0	7310
7901	7036	8	65	175	0	7284
7902	7115	16	40	73	0	7244
7903	7205	22	19	63	0	7309
7904	220	22	21	6899	0	7162
7905	87	7049	23	172	0	7331
7906	7236	137	20	87	0	7480
7907	7311	45	19	67	0	7442
7908	7325	29	28	51	0	7433
7909	7327	21	17	38	0	7403
7910	228	15	24	7121	0	7388
7911	95	22	7096	181	0	7394
7912	73	23	158	7085	0	7339
7913	48	17	7099	196	0	7360
7914	7047	12	161	84	0	7304
7915	7208	9	45	74	0	7336
7916	223	13	6983	55	0	7274
7917	7009	6	154	58	0	7227
7918	7282	9	59	59	0	7409
7919	218	11	34	7077	0	7340
7920	95	7075	23	176	0	7369
7921	7078	136	18	71	0	7303
7922	188	99	17	6724	0	7028
7923	86	6643	25	149	0	6903
7924	69	128	18	6476	0	6691
7925	48	31	6509	151	0	6739
7926	37	6567	114	73	0	6791
7927	6372	120	53	47	0	6592
7928	6350	44	43	64	0	6501
7929	6222	12	19	45	0	6298
7930	6246	11	19	43	0	6319
7931	165	50	18	6042	0	6275
7932	67	6035	21	127	0	6250
7933	5716	103	28	59	0	5906
7934	122	32	5861	41	0	6056
7935	62	5670	98	29	0	5859
7936	51	79	5377	28	0	5535
7937	33	18	83	4995	0	5129
7938	35	4470	38	78	0	4621
7939	31	70	18	5167	0	5286
7940	34	26	5394	85	0	5539
7941	44	16	76	5218	0	5354
7942	41	12	19	5469	0	5541
7943	36	15	15	5532	0	5598
7944	5342	12	12	106	0	5472
7945	94	5370	15	43	0	5522
7946	46	69	14	5392	0	5521
7947	5314	20	10	104	0	5448
7948	86	5373	19	45	0	5523
7949	5370	73	18	39	0	5500
7950	93	28	5475	31	0	5627
7951	43	17	78	5326	0	5464
7952	46	5445	27	75	0	5593
7953	5472	74	19	35	0	5600
7954	101	24	5367	20	0	5512
7955	44	4959	79	27	0	5109
7956	35	65	22	5167	0	5289
7957	27	22	9	5216	0	5274
7958	5136	17	8	87	0	5248
7959	69	15	11	5104	0	5199
7960	22	18	5008	69	0	5117
7961	25	19	53	4926	0	5023
7962	26	10	5094	71	0	5201
7963	27	17	60	4877	0	4981
7964	32	5064	15	54	0	5165
7965	5070	51	13	26	0	5160
7966	4934	18	12	30	0	4994
7967	73	4688	7	15	0	4783
7968	26	4520	7	14	0	4567
7969	52	34	26	4325	0	4437
7970	4302	11	7	36	0	4356
7971	44	6	6	4283	0	4339
7972	4237	4	7	31	0	4279
7973	34	4124	2	7	0	4167
7974	12	30	6	4261	0	4309
7975	15	7	4358	30	0	4410
7976	12	17	29	4312	0	4370
7977	13	6	7	4389	0	4415
7978	4453	9	6	34	0	4502
7979	28	4517	5	11	0	4561
7980	9	27	4	4552	0	4592
7981	4522	6	6	31	0	4565
7982	27	7	4556	10	0	4600
7983	4461	2	21	15	0	4499
7984	35	17	3	4607	0	4662
7985	13	4732	6	23	0	4774
7986	4753	23	2	15	0	4793
7987	29	5	4872	7	0	4913
7988	10	8	4763	0	0	4781
7989	10	4817	24	7	0	4858
7990	4724	19	24	6	0	4773
7991	21	2	1	4766	0	4790
7992	6	2	3	4772	0	4783
7993	4838	3	1	31	0	4873
7994	21	4	4840	8	0	4873
7995	15	5	19	4930	0	4969
7996	3	4	5174	21	0	5202
7997	8	1	21	5138	0	5168
7998	2	5219	8	26	0	5255
7999	6	30	4	5365	0	5405
8000	3	7	5327	30	0	5367
8001	5243	2	29	18	0	5292
8002	33	2	7	5438	0	5480
8003	11	5	5449	28	0	5493
8004	5	0	28	5373	0	5406
8005	10	2	8	5412	0	5432
8006	5	3	5321	39	0	5368
8007	5	5	5280	18	0	5308
8008	6	1	38	5458	0	5503
8009	6	2	5521	34	0	5563
8010	5412	3	37	16	0	5468
8011	32	4	12	5569	0	5617
8012	5535	1	8	42	0	5586
8013	34	5	5491	15	0	5545
8014	22	0	34	5554	0	5610
8015	5	5	5865	40	0	5915
8016	5	5752	36	22	0	5815
8017	5	31	5875	12	0	5923
8018	6	10	5646	9	0	5671
8019	5587	3	41	12	0	5643
8020	5792	5	16	12	0	5825
8021	43	4	5994	9	0	6050
8022	20	1	41	5725	0	5787
8023	11	2	16	5895	0	5924
8024	9	5	6076	43	0	6133
8025	5	5845	40	13	0	5903
8026	5766	30	15	18	0	5829
8027	42	5	5990	6	0	6043
8028	14	5	34	6024	0	6077
8029	11	2	12	6171	0	6196
8030	6309	3	11	42	0	6365
8031	6388	2	9	24	0	6423
8032	6423	2	8	14	0	6447
8033	6463	2	8	11	0	6484
8034	44	3	6	6424	0	6477
8035	14	2	6704	37	0	6757
8036	19	0	35	6660	0	6714
8037	17	1	12	6743	0	6773
8038	13	2	5	6915	0	6935
8039	7	1	6836	50	0	6894
8040	6473	2	34	26	0	6535
8041	43	0	13	6766	0	6822
8042	16	3	6920	42	0	6981
8043	8	7024	41	15	0	7088
8044	8	32	18	7176	0	7234
8045	10	11	6	7229	0	7256
8046	7152	3	7	67	0	7229
8047	38	7281	7	24	0	7350
8048	17	37	7331	12	0	7397
8049	14	13	42	7270	0	7339
8050	13	4	12	7234	0	7263
8051	7213	4	7	64	0	7288
8052	7196	5	7	25	0	7233
8053	54	5	13	7272	0	7344
8054	7256	2	8	55	0	7321
8055	43	7209	8	26	0	7286
8056	21	35	7617	12	0	7685
8057	13	14	45	7620	0	7692
8058	15	6	14	7810	0	7845
8059	16	2	7	7820	0	7845
8060	15	4	11	7701	0	7731
8061	9	7644	9	54	0	7716
8062	7604	36	4	28	0	7672
8063	42	12	8	7643	0	7705
8064	19	7874	9	48	0	7950
8065	7927	38	6	38	0	8009
8066	7912	11	8	16	0	7947
8067	52	8127	6	20	0	8205
8068	24	42	6	8322	0	8394
8069	14	14	4	8361	0	8393
8070	20	7	9	8223	0	8259
8071	15	5	7	8407	0	8434
8072	8624	4	6	69	0	8703
8073	8715	7	4	32	0	8758
8074	78	8708	8	26	0	8820
8075	24	69	8712	15	0	8820
8076	17	22	68	8759	0	8866
8077	8881	6	14	89	0	8990
8078	79	8618	14	31	0	8742
8079	19	8730	9	21	0	8779
8080	8884	84	3	26	0	8997
8081	9022	23	9	23	0	9077
8082	104	13	4	8968	0	9089
8083	34	11	9057	84	0	9186
8084	27	9	9012	29	0	9077
8085	9387	10	91	43	0	9531
8086	9747	12	26	31	0	9816
8087	9665	8	10	15	0	9698
8088	9594	6	7	19	0	9626
8089	9534	4	11	18	0	9567
8090	107	9540	10	14	0	9671
8091	35	81	6	9415	0	9537
8092	23	9851	13	80	0	9967
8093	10061	83	15	39	0	10198
8094	9955	28	4	29	0	10016
8095	9985	8	4	34	0	10031
8096	9854	7	3	23	0	9887
8097	95	9718	6	16	0	9835
8098	9673	69	4	19	0	9765
8099	73	9700	7	12	0	9792
8100	28	91	2	9756	0	9877
8101	9697	14	2	82	0	9795
8102	81	8	9842	20	0	9951
8103	29	9	63	9650	0	9751
8104	35	1	17	9876	0	9929
8105	11	10	9895	78	0	9994
8106	12	9888	68	24	0	9992
8107	9869	67	13	21	0	9970
8108	9847	19	9	19	0	9894
8109	83	9798	5	15	0	9901
8110	35	68	6	9815	0	9924
8111	22	20	10005	68	0	10115
8112	16	10280	65	19	0	10380
8113	10360	68	16	37	0	10481
8114	72	21	10324	10	0	10427
8115	9628	7	57	30	0	9722
8116	10053	6	13	16	0	10088
8117	85	9	10259	11	0	10364
8118	29	10233	59	17	0	10338
8119	38	67	17	10115	0	10237
8120	25	20	10540	59	0	10644
8121	9990	19	64	29	0	10102
8122	10326	7	17	16	0	10366
8123	89	10341	9	21	0	10460
8124	40	58	5	10337	0	10440
8125	29	20	10	10486	0	10545
8126	14	23	10515	71	0	10623
8127	17	10477	61	23	0	10578
8128	10792	61	15	43	0	10911
8129	10831	17	11	32	0	10891
8130	10853	7	6	41	0	10907
8131	86	18	10749	5	0	10858
8132	10516	8	57	30	0	10611
8133	10860	14	9	23	0	10906
8134	82	11	12	10856	0	10961
8135	31	14	10594	59	0	10698
8136	31	14	47	10512	0	10604
8137	27	10	10640	60	0	10737
8138	28	27	55	10360	0	10470
8139	15	10515	19	72	0	10621
8140	17	10951	12	23	0	11003
8141	28	68	15	11123	0	11234
8142	30	24	7	10769	0	10830
8143	10828	13	8	93	0	10942
8144	80	12	10740	24	0	10856
8145	10336	12	64	40	0	10452
8146	68	10844	24	21	0	10957
8147	10859	59	12	28	0	10958
8148	10913	24	12	31	0	10980
8149	86	17	7	10899	0	11009
8150	37	10	11171	68	0	11286
8151	34	9	61	11104	0	11208
8152	19	11646	19	69	0	11753
8153	22	75	17	11753	0	11867
8154	27	29	9	11863	0	11928
8155	11697	19	8	115	0	11839
8156	97	10	6	11388	0	11501
8157	36	11242	13	87	0	11378
8158	37	78	12	11451	0	11578
8159	11577	23	8	117	0	11725
8160	94	11668	10	35	0	11807
8161	31	91	7	11984	0	12113
8162	27	34	9	12023	0	12093
8163	32	10	9	12579	0	12630
8164	32	11	11	12561	0	12615
8165	12642	8	8	171	0	12829
8166	141	8	9	12899	0	13057
8167	54	16	8	13066	0	13144
8168	47	25	5	13250	0	13327
8169	22	13470	2	197	0	13691
8170	13426	145	11	95	0	13677
8171	164	56	13379	34	0	13633
8172	56	13178	121	27	0	13382
8173	12930	127	42	37	0	13136
8174	140	54	13111	12	0	13317
8175	57	13041	117	22	0	13237
8176	56	174	52	12823	0	13105
8177	12	13154	21	123	0	13310
8178	21	126	13017	60	0	13224
8179	20	51	13010	29	0	13110
8180	13	13078	146	40	0	13277
8181	12997	123	62	47	0	13229
8182	13029	48	31	53	0	13161
8183	157	31	12737	21	0	12946
8184	68	14	11903	24	0	12009
8185	29	22	12290	17	0	12358
8186	35	14	175	12153	0	12377
8187	36	11	64	12093	0	12204
8188	17	19	39	12480	0	12555
8189	16	15	12624	183	0	12838
8190	37	11	134	12179	0	12361
8191	26	15	56	12589	0	12686
8192	12	11	12367	191	0	12581
8193	12121	15	147	98	0	12381
8194	153	21	65	12666	0	12905
8195	79	6	43	12627	0	12755
8196	37	12830	21	203	0	13091
8197	12850	140	24	105	0	13119
8198	162	56	12820	43	0	13081
8199	12735	33	159	43	0	12970
8200	179	18	71	12826	0	13094
8201	82	23	12913	178	0	13196
8202	60	15	159	12843	0	13077
8203	12863	18	76	210	0	13167
8204	164	17	12844	95	0	13120
8205	12640	14	170	85	0	12909
8206	12809	20	78	54	0	12961
8207	12983	12	40	55	0	13090
8208	232	12745	41	46	0	13064
8209	120	156	32	13037	0	13345
8210	13343	71	21	195	0	13630
8211	13388	35	33	110	0	13566
8212	13682	24	29	77	0	13812
8213	289	23	13210	35	0	13557
8214	13892	19	194	48	0	14153
8215	278	21	84	14546	0	14929
8216	117	18	14536	265	0	14936
8217	101	15	252	14967	0	15335
8218	70	14	102	15090	0	15276
8219	60	12	15131	381	0	15584
8220	59	16	303	15247	0	15625
8221	79	11	116	15655	0	15861
8222	49	26	16955	411	0	17441
8223	17680	17	359	226	0	18282
8224	19244	14	167	130	0	19555
8225	594	17	104	19651	0	20366
8226	277	15	19524	471	0	20287
8227	233	17	483	19104	0	19837
8228	191	19118	191	539	0	20039
8229	203	401	144	19231	0	19979
8230	171	155	112	19682	0	20120
8231	19215	92	108	767	0	20182
8232	19364	79	111	455	0	20009
8233	19672	97	96	325	0	20190
8234	750	75	69	19299	0	20193
8235	419	67	68	19609	0	20163
8236	329	64	18969	769	0	20131
8237	321	52	446	18553	0	19372
8238	263	18850	209	658	0	19980
8239	18928	443	132	396	0	19899
8240	599	18628	114	318	0	19659
8241	18786	510	140	298	0	19734
8242	647	238	114	17958	0	18957
8243	321	18351	103	604	0	19379
8244	18453	542	103	332	0	19430
8245	18800	298	77	268	0	19443
8246	777	202	66	18219	0	19264
8247	414	18254	68	621	0	19357
8248	350	547	70	18334	0	19301
8249	319	237	18012	667	0	19235
8250	17786	192	464	381	0	18823
8251	637	17931	200	310	0	19078
8252	17594	525	133	258	0	18510
8253	669	231	111	17573	0	18584
8254	17787	196	140	644	0	18767
8255	697	143	17868	347	0	19055
8256	18400	155	502	279	0	19336
8257	18553	131	245	240	0	19169
8258	886	111	18175	245	0	19417
8259	595	98	533	18011	0	19237
8260	464	78	270	18328	0	19140
8261	17819	79	218	775	0	18891
8262	726	17572	197	447	0	18942
8263	440	816	162	16844	0	18262
8264	332	214	16688	706	0	17940
8265	281	163	16532	467	0	17443
8266	286	16241	573	366	0	17466
8267	317	490	16144	313	0	17264
8268	15470	298	604	317	0	16689
8269	580	217	315	15120	0	16232
8270	15432	147	256	590	0	16425
8271	571	162	15327	341	0	16401
8272	380	122	563	15314	0	16379
8273	348	151	281	15656	0	16436
8274	308	129	15155	667	0	16259
8275	338	106	510	15275	0	16229
8276	14944	134	277	691	0	16046
8277	15373	84	228	457	0	16142
8278	686	95	192	15136	0	16109
8279	15034	97	185	662	0	15978
8280	15156	76	150	479	0	15861
8281	815	14567	142	365	0	15889
8282	566	423	120	14771	0	15880
8283	14884	194	135	667	0	15880
8284	764	138	156	14847	0	15905
8285	14792	139	133	682	0	15746
8286	738	174	112	14685	0	15709
8287	488	143	14525	708	0	15864
8288	403	14451	431	502	0	15787
8289	407	501	220	12907	0	14035
8290	412	14255	178	595	0	15440
8291	14123	499	177	452	0	15251
8292	681	13655	172	349	0	14857
8293	382	13823	187	318	0	14710
8294	335	609	179	13537	0	14660
8295	13431	373	146	636	0	14586
8296	629	285	124	13431	0	14469
8297	13350	281	118	677	0	14426
8298	13336	286	109	423	0	14154
8299	723	13269	106	356	0	14454
8300	13545	508	155	304	0	14512
8301	13687	283	111	319	0	14400
8302	13757	237	116	256	0	14366
8303	910	165	12906	246	0	14227
8304	602	199	408	12923	0	14132
8305	596	130	202	13285	0	14213
8306	469	154	12429	636	0	13688
8307	13023	119	464	432	0	14038
8308	13340	101	255	378	0	14074
8309	13190	100	236	353	0	13879
8310	12678	101	191	352	0	13322
8311	822	11993	162	336	0	13313
8312	12044	365	129	265	0	12803
8313	840	185	112	11628	0	12765
8314	589	135	10166	480	0	11370
8315	10578	117	294	260	0	11249
8316	690	10328	166	234	0	11418
8317	9889	346	106	207	0	10548
8318	598	9501	87	243	0	10429
8319	404	9063	99	210	0	9776
8320	359	8918	98	237	0	9612
8321	339	8841	145	213	0	9538
8322	287	350	7083	190	0	7910
8323	263	554	271	5604	0	6692
8324	92	80	5116	164	0	5452
8325	4245	32	90	58	0	4425
8326	89	4210	32	51	0	4382
8327	60	4254	25	33	0	4372
8328	43	102	19	4130	0	4294
8329	38	55	15	4186	0	4294
8330	34	43	4089	101	0	4267
8331	37	35	4102	42	0	4216
8332	36	34	73	4107	0	4250
8333	41	18	4164	92	0	4315
8334	49	4174	81	52	0	4356
8335	59	81	33	4078	0	4251
8336	50	41	14	4439	0	4544
8337	58	22	4344	100	0	4524
8338	64	12	63	4293	0	4432
8339	4342	20	34	90	0	4486
8340	106	14	23	4295	0	4438
8341	62	14	20	4329	0	4425
8342	42	13	4248	125	0	4428
8343	4127	6	81	61	0	4275
8344	108	4287	37	39	0	4471
8345	75	70	15	4274	0	4434
8346	59	27	4258	79	0	4423
8347	55	31	66	4235	0	4387
8348	4282	19	30	93	0	4424
8349	118	22	4255	42	0	4437
8350	81	32	77	4231	0	4421
8351	51	16	4359	87	0	4513
8352	45	4338	77	51	0	4511
8353	61	69	4294	35	0	4459
8354	35	4170	80	21	0	4306
8355	29	61	3721	18	0	3829
8356	24	73	59	3317	0	3473
8357	6	3401	25	49	0	3481
8358	3342	49	11	17	0	3419
8359	47	24	7	3365	0	3443
8360	3415	12	8	52	0	3487
8361	49	11	9	3556	0	3625
8362	23	12	11	3593	0	3639
8363	3578	10	6	69	0	3663
8364	3640	5	7	36	0	3688
8365	72	7	8	3788	0	3875
8366	37	8	3886	56	0	3987
8367	20	3847	47	27	0	3941
8368	14	53	3942	17	0	4026
8369	13	3975	51	17	0	4056
8370	3932	47	21	13	0	4013
8371	52	21	3865	9	0	3947
8372	27	8	3825	14	0	3874
8373	14	7	60	3785	0	3866
8374	3816	7	25	53	0	3901
8375	50	6	3971	26	0	4053
8376	30	4135	49	10	0	4224
8377	4319	43	26	17	0	4405
8378	4412	19	14	12	0	4457
8379	4472	9	9	13	0	4503
8380	4485	11	15	12	0	4523
8381	4458	13	11	11	0	4493
8382	68	8	4412	8	0	4496
8383	35	23	45	4264	0	4367
8384	20	4251	24	39	0	4334
8385	4397	40	12	27	0	4476
8386	45	4426	15	8	0	4494
8387	4219	33	7	16	0	4275
8388	4210	14	7	8	0	4239
8389	47	4175	10	11	0	4243
8390	4263	39	4	13	0	4319
8391	48	17	5	4268	0	4338
8392	29	6	4	4309	0	4348
8393	16	12	4253	42	0	4323
8394	17	4368	31	22	0	4438
8395	16	33	14	4428	0	4491
8396	13	18	10	4493	0	4534
8397	13	6	9	4491	0	4519
8398	11	10	4388	54	0	4463
8399	4199	6	40	22	0	4267
8400	36	7	20	4434	0	4497
8401	4449	9	10	50	0	4518
8402	48	10	7	4461	0	4526
8403	28	10	4542	44	0	4624
8404	17	5	4491	25	0	4538
8405	4416	3	57	24	0	4500
8406	4615	4	25	23	0	4667
8407	60	4515	13	10	0	4598
8408	20	42	4588	11	0	4661
8409	18	22	45	4491	0	4576
8410	51	10	46	3440	0	3547
8411	4782	9	8	68	0	4867
8412	4802	4	13	26	0	4845
8413	4814	4	8	19	0	4845
8414	68	6	4741	17	0	4832
8415	4860	3	45	14	0	4922
8416	48	6	20	4891	0	4965
8417	29	5	17	4922	0	4973
8418	21	4	10	4960	0	4995
8419	19	4893	10	58	0	4980
8420	4834	44	6	24	0	4908
8421	51	23	7	4808	0	4889
8422	25	8	4789	50	0	4872
8423	21	4	41	4734	0	4800
8424	12	4785	17	57	0	4871
8425	4862	42	9	29	0	4942
8426	54	17	14	4820	0	4905
8427	27	9	5	4804	0	4845
8428	12	6	4853	67	0	4938
8429	20	8	45	4784	0	4857
8430	12	4838	18	57	0	4925
8431	9	42	11	4945	0	5007
8432	12	20	4929	57	0	5018
8433	4509	12	45	29	0	4595
8434	4824	4	19	14	0	4861
8435	50	4876	8	23	0	4957
8436	4783	37	9	13	0	4842
8437	4957	16	7	13	0	4993
8438	60	4935	3	4	0	5002
8439	31	40	2	4983	0	5056
8440	5109	16	3	43	0	5171
8441	48	5235	6	25	0	5314
8442	22	41	5305	9	0	5377
8443	5265	14	50	22	0	5351
8444	5521	10	12	10	0	5553
8445	5530	4	8	15	0	5557
8446	5518	4	5	13	0	5540
8447	67	5657	6	4	0	5734
8448	5756	47	4	5	0	5812
8449	5901	18	3	10	0	5932
8450	5936	4	0	11	0	5951
8451	84	5	3	5880	0	5972
8452	5871	8	2	66	0	5947
8453	56	6026	4	22	0	6108
8454	25	66	6289	7	0	6387
8455	20	27	71	6447	0	6565
8456	6531	5	18	88	0	6642
8457	82	9	6558	18	0	6667
8458	28	5	83	6544	0	6660
8459	12	5	6570	82	0	6669
8460	14	6499	77	29	0	6619
8461	21	83	17	6441	0	6562
8462	11	16	6451	84	0	6562
8463	8	6414	76	28	0	6526
8464	24	83	20	6406	0	6533
8465	6434	18	15	83	0	6550
8466	6437	6	5	23	0	6471
8467	6466	7	7	12	0	6492
8468	6435	2	2	13	0	6452
8469	6401	2	2	10	0	6415
8470	93	5	6388	1	0	6487
8471	6416	4	71	9	0	6500
8472	6615	3	15	7	0	6640
8473	101	3	3	6579	0	6686
8474	6588	4	4	82	0	6678
8475	6418	2	4	19	0	6443
8476	88	6201	6	11	0	6306
8477	26	72	2	6251	0	6351
8478	16	13	4	6285	0	6318
8479	6218	3	2	89	0	6312
8480	85	6140	2	23	0	6250
8481	23	6313	3	13	0	6352
8482	15	93	5	6437	0	6550
8483	19	20	4	6516	0	6559
8484	21	10	1	6428	0	6460
8485	15	6	2	6561	0	6584
8486	6385	5	4	118	0	6512
8487	6382	7	4	37	0	6430
8488	107	9	6416	17	0	6549
8489	34	6	88	6354	0	6482
8490	23	2	15	6476	0	6516
8491	16	6	6341	109	0	6472
8492	6110	4	88	41	0	6243
8493	98	6245	16	21	0	6380
8494	6194	88	12	16	0	6310
8495	105	17	9	6184	0	6315
8496	32	9	6247	93	0	6381
8497	28	10	86	6321	0	6445
8498	21	8	6497	98	0	6624
8499	19	6583	90	27	0	6719
8500	6537	84	21	22	0	6664
8501	6579	14	11	21	0	6625
8502	102	6528	8	13	0	6651
8503	34	86	8	6400	0	6528
8504	6350	17	4	93	0	6464
8505	96	6297	9	20	0	6422
8506	28	89	4	6374	0	6495
8507	6419	17	3	99	0	6538
8508	98	12	6302	21	0	6433
8509	6204	11	82	17	0	6314
8510	92	6381	15	20	0	6508
8511	6364	79	14	16	0	6473
8512	6393	19	9	12	0	6433
8513	102	9	6277	18	0	6406
8514	38	8	78	6125	0	6249
8515	32	9	18	6341	0	6400
8516	17	7	6318	102	0	6444
8517	26	7	88	6194	0	6315
8518	42	7	17	5862	0	5928
8519	6370	4	16	109	0	6499
8520	6426	5	12	32	0	6475
8521	104	7	9	6347	0	6467
8522	25	6	6344	99	0	6474
8523	23	9	79	6362	0	6473
8524	23	3	15	6453	0	6494
8525	19	6	6464	106	0	6595
8526	20	7	84	6537	0	6648
8527	6535	5	19	102	0	6661
8528	6509	8	13	35	0	6565
8529	99	6437	15	28	0	6579
8530	6551	81	6	33	0	6671
8531	6567	14	8	25	0	6614
8532	110	6541	6	12	0	6669
8533	6649	92	4	19	0	6764
8534	6711	20	5	17	0	6753
8535	6827	10	3	16	0	6856
8536	120	12	6612	17	0	6761
8537	6542	6	80	20	0	6648
8538	113	6	10	6688	0	6817
8539	6671	12	13	99	0	6795
8540	113	6	6550	19	0	6688
8541	29	6321	89	22	0	6461
8542	6345	94	22	19	0	6480
8543	96	6447	14	15	0	6572
8544	35	88	7	6410	0	6540
8545	30	21	10	6569	0	6630
8546	6546	16	8	110	0	6680
8547	6450	4	9	43	0	6506
8548	111	13	6336	25	0	6485
8549	38	4	5885	20	0	5947
8550	31	13	6076	14	0	6134
8551	31	47	98	5997	0	6173
8552	26	7	6005	91	0	6129
8553	15	6	5807	21	0	5849
8554	75	117	73	5440	0	5705
8555	5654	4	37	83	0	5778
8556	5738	3	15	21	0	5777
8557	5742	1	12	17	0	5772
8558	5781	1	5	18	0	5805
8559	83	1	10	5735	0	5829
8560	36	2	10	5808	0	5856
8561	18	2	6023	75	0	6118
8562	21	5	59	5977	0	6062
8563	26	6	33	5741	0	5806
8564	6186	2	11	96	0	6295
8565	6239	1	6	40	0	6286
8566	93	2	10	6161	0	6266
8567	6207	2	10	87	0	6306
8568	6303	1	10	32	0	6346
8569	100	1	5	6375	0	6481
8570	47	2	5	6310	0	6364
8571	24	0	6201	103	0	6328
8572	18	8	6048	37	0	6111
8573	18	8	84	6205	0	6315
8574	22	2	28	6322	0	6374
8575	24	4	6318	99	0	6445
8576	6117	2	80	45	0	6244
8577	6203	2	25	33	0	6263
8578	110	0	6124	13	0	6247
8579	45	6097	72	16	0	6230
8580	6149	54	35	22	0	6260
8581	84	15	6323	13	0	6435
8582	38	16	69	6223	0	6346
8583	21	7	29	6427	0	6484
8584	6639	5	14	99	0	6757
8585	6979	3	12	51	0	7045
8586	90	3	15	7054	0	7162
8587	54	1	4	7468	0	7527
8588	7518	0	16	106	0	7640
8589	7575	1	14	40	0	7630
8590	7546	3	8	27	0	7584
8591	113	3	7588	17	0	7721
8592	39	1	82	7602	0	7724
8593	24	6	26	7816	0	7872
8594	7765	0	18	118	0	7901
8595	96	7849	17	43	0	8005
8596	8415	72	12	32	0	8531
8597	124	8367	11	37	0	8539
8598	49	101	16	8579	0	8745
8599	40	27	6	8732	0	8805
8600	26	11	8621	154	0	8812
8601	31	6	131	8661	0	8829
8602	16	14	8636	147	0	8813
8603	36	1	122	8720	0	8879
8604	36	6	39	8743	0	8824
8605	28	8408	22	173	0	8631
8606	23	8772	17	64	0	8876
8607	44	143	25	8601	0	8813
8608	42	32	15	8916	0	9005
8609	34	8	11	9028	0	9081
8610	29	5	19	9119	0	9172
8611	35	11	22	9181	0	9249
8612	29	6	9005	199	0	9239
8613	46	6	145	8963	0	9160
8614	29	7	38	9155	0	9229
8615	29	8	8831	198	0	9066
8616	28	8730	137	70	0	8965
8617	35	134	41	8837	0	9047
8618	19	42	8784	179	0	9024
8619	25	8808	141	70	0	9044
8620	29	132	41	8939	0	9141
8621	9059	33	26	194	0	9312
8622	147	14	22	9031	0	9214
8623	64	13	27	9115	0	9219
8624	37	23	13	9197	0	9270
8625	34	14	23	8994	0	9065
8626	33	8734	18	203	0	8988
8627	34	134	17	8941	0	9126
8628	9100	30	15	214	0	9359
8629	163	21	19	9173	0	9376
8630	60	18	15	9158	0	9251
8631	26	14	22	9259	0	9321
8632	8934	15	14	223	0	9186
8633	8981	16	15	113	0	9125
8634	180	11	22	8964	0	9177
8635	8484	15	14	178	0	8691
8636	8723	10	15	96	0	8844
8637	155	8676	16	61	0	8908
8638	8566	117	13	70	0	8766
8639	142	8506	11	46	0	8705
8640	51	8602	12	45	0	8710
8641	42	141	26	8631	0	8840
8642	24	43	8716	158	0	8941
8643	32	27	113	8462	0	8634
8644	32	15	32	8528	0	8607
8645	12	8429	17	171	0	8629
8646	8410	113	13	74	0	8610
8647	130	31	15	8414	0	8590
8648	41	14	8655	151	0	8861
8649	35	16	103	8576	0	8730
8650	15	8776	33	137	0	8961
8651	8891	118	11	76	0	9096
8652	122	35	15	8936	0	9108
8653	47	14	8974	158	0	9193
8654	41	25	106	8993	0	9165
8655	29	8882	31	136	0	9078
8656	21	129	8	9076	0	9234
8657	9502	32	9	174	0	9717
8658	9649	20	16	92	0	9777
8659	9709	16	16	70	0	9811
8660	181	9706	14	58	0	9959
8661	9654	149	14	51	0	9868
8662	170	45	9	9733	0	9957
8663	9641	14	13	200	0	9868
8664	161	9645	16	71	0	9893
8665	58	162	9	9690	0	9919
8666	23	61	9699	176	0	9959
8667	9282	20	142	96	0	9540
8668	143	9699	36	59	0	9937
8669	60	152	21	9653	0	9886
8670	26	45	9	9911	0	9991
8671	29	30	12	9700	0	9771
8672	31	17	15	9550	0	9613
8673	13	9543	9	197	0	9762
8674	9615	140	11	85	0	9851
8675	9671	39	7	63	0	9780
8676	175	30	9705	43	0	9953
8677	61	14	138	9793	0	10006
8678	36	16	9761	168	0	9981
8679	9648	22	147	69	0	9886
8680	9830	15	33	56	0	9934
8681	9607	17	14	52	0	9690
8682	195	16	18	9306	0	9535
8683	54	9217	12	168	0	9451
8684	9188	144	11	79	0	9422
8685	176	42	12	8987	0	9217
8686	8917	28	8	164	0	9117
8687	162	19	8436	55	0	8672
8688	48	14	8170	44	0	8276
8689	8424	13	130	43	0	8610
8690	161	32	34	8442	0	8669
8691	8351	10	19	149	0	8529
8692	147	8336	9	57	0	8549
8693	8356	121	13	40	0	8530
8694	8415	47	20	44	0	8526
8695	165	24	8184	32	0	8405
8696	54	16	7409	19	0	7498
8697	38	7502	112	23	0	7675
8698	81	95	101	7294	0	7571
8699	7313	27	62	93	0	7495
8700	84	16	10	7338	0	7448
8701	46	14	4	7537	0	7601
8702	27	7	7373	105	0	7512
8703	7306	8	71	53	0	7438
8704	92	14	33	7561	0	7700
8705	39	17	7485	79	0	7620
8706	38	14	7260	29	0	7341
8707	36	51	85	7440	0	7612
8708	28	4	7475	76	0	7583
8709	26	13	7369	34	0	7442
8710	34	15	88	7006	0	7143
8711	27	11	7554	78	0	7670
8712	31	11	72	7381	0	7495
8713	25	7185	34	72	0	7316
8714	7717	66	17	50	0	7850
8715	80	7843	21	35	0	7979
8716	45	80	11	7901	0	8037
8717	24	8128	20	83	0	8255
8718	16	86	8486	42	0	8630
8719	39	28	98	9473	0	9638
8720	17	28	10581	151	0	10777
8721	10513	13	169	78	0	10773
8722	178	11240	77	40	0	11535
8723	11430	171	45	31	0	11677
8724	242	77	26	11270	0	11615
8725	11487	57	27	191	0	11762
8726	255	25	11385	81	0	11746
8727	106	11472	191	68	0	11837
8728	11436	188	87	47	0	11758
8729	239	87	52	11086	0	11464
8730	104	11537	36	184	0	11861
8731	109	200	24	11793	0	12126
8732	11998	90	28	259	0	12375
8733	243	12770	27	118	0	13158
8734	12856	265	23	100	0	13244
8735	305	123	12681	37	0	13146
8736	12820	70	243	53	0	13186
8737	341	37	101	12822	0	13301
8738	12768	29	71	279	0	13147
8739	302	12715	39	116	0	13172
8740	149	250	38	12814	0	13251
8741	120	107	28	13026	0	13281
8742	65	66	12524	358	0	13013
8743	81	42	244	12527	0	12894
8744	63	43	98	12826	0	13030
8745	66	43	61	12893	0	13063
8746	69	29	31	12952	0	13081
8747	46	29	12737	409	0	13221
8748	37	12280	259	190	0	12766
8749	48	254	93	12494	0	12889
8750	12311	91	69	321	0	12792
8751	12329	61	43	167	0	12600
8752	336	12353	37	131	0	12857
8753	12283	259	41	99	0	12682
8754	12324	102	43	88	0	12557
8755	12273	73	28	77	0	12451
8756	406	11907	30	82	0	12425
8757	11527	242	24	71	0	11864
8758	344	90	33	11188	0	11655
8759	136	76	11071	262	0	11545
8760	104	11057	213	119	0	11493
8761	109	242	104	10972	0	11427
8762	68	98	10898	259	0	11323
8763	10803	66	229	122	0	11220
8764	263	49	85	10929	0	11326
8765	131	44	55	10996	0	11226
8766	99	34	35	10971	0	11139
8767	84	38	26	11020	0	11168
8768	66	32	10579	353	0	11030
8769	10094	27	217	191	0	10529
8770	257	10466	87	119	0	10929
8771	10532	234	61	87	0	10914
8772	277	10522	35	88	0	10922
8773	10635	263	38	69	0	11005
8774	307	101	40	10561	0	11009
8775	116	80	10508	271	0	10975
8776	112	47	10468	127	0	10754
8777	79	42	281	10426	0	10828
8778	66	30	125	10582	0	10803
8779	51	40	79	10712	0	10882
8780	10399	20	54	375	0	10848
8781	254	38	10403	191	0	10886
8782	129	38	238	10087	0	10492
8783	97	10425	90	269	0	10881
8784	10419	232	63	146	0	10860
8785	271	96	10361	102	0	10830
8786	138	10265	237	75	0	10715
8787	103	240	10352	70	0	10765
8788	87	112	266	10367	0	10832
8789	72	85	10316	275	0	10748
8790	72	46	10314	132	0	10564
8791	62	41	319	10373	0	10795
8792	64	39	10400	284	0	10787
8793	47	49	10516	145	0	10757
8794	59	33	316	10307	0	10715
8795	10267	39	153	295	0	10754
8796	260	33	10341	157	0	10791
8797	120	29	285	10195	0	10629
8798	89	33	129	10444	0	10695
8799	10275	29	96	350	0	10750
8800	265	31	67	10372	0	10735
8801	10156	24	69	337	0	10586
8802	294	10068	57	162	0	10581
8803	133	227	55	10268	0	10683
8804	10255	84	54	297	0	10690
8805	10391	56	44	168	0	10659
8806	346	47	46	10204	0	10643
8807	170	33	10102	295	0	10600
8808	9859	38	246	153	0	10296
8809	280	10095	98	120	0	10593
8810	9710	226	74	114	0	10124
8811	10081	84	43	92	0	10300
8812	10096	70	52	84	0	10302
8813	383	33	9689	70	0	10175
8814	176	9658	229	85	0	10148
8815	138	275	96	9478	0	9987
8816	108	154	78	9636	0	9976
8817	93	64	9303	317	0	9777
8818	69	8687	209	161	0	9126
8819	52	7559	82	88	0	7781
8820	27	6812	49	49	0	6937
8821	6303	138	246	34	0	6721
8822	151	33	20	6079	0	6283
8823	39	15	15	6144	0	6213
8824	32	20	6118	122	0	6292
8825	5926	16	97	34	0	6073
8826	103	11	21	6117	0	6252
8827	43	38	19	6154	0	6254
8828	36	15	6064	112	0	6227
8829	20	5963	93	39	0	6115
8830	36	152	27	5893	0	6108
8831	26	19	5833	97	0	5975
8832	7	5320	70	26	0	5423
8833	4741	36	7	11	0	4795
8834	42	4	4879	11	0	4936
8835	6	5	35	4687	0	4733
8836	7	4788	10	29	0	4834
8837	4846	32	7	9	0	4894
8838	35	5	7	4869	0	4916
8839	4876	5	3	39	0	4923
8840	4871	4	2	11	0	4888
8841	36	4883	4	16	0	4939
8842	4924	27	6	7	0	4964
8843	5097	7	3	13	0	5120
8844	35	5	5135	9	0	5184
8845	5075	3	27	13	0	5118
8846	32	3	5149	5	0	5189
8847	5033	4	29	8	0	5074
8848	5127	6	3	4	0	5140
8849	36	6	5248	4	0	5294
8850	13	10	28	5261	0	5312
8851	9	2	5385	29	0	5425
8852	6	3	4999	9	0	5017
8853	6	8	5416	9	0	5439
8854	9	20	27	5383	0	5439
8855	13	4	6	5842	0	5865
8856	6	2	7	5905	0	5920
8857	5	2	0	6019	0	6026
8858	3	5	6083	32	0	6123
8859	6	2	25	5953	0	5986
8860	4	5503	10	40	0	5557
8861	2	29	6209	6	0	6246
8862	9	5	28	6139	0	6181
8863	1	6	6294	37	0	6338
8864	3	6118	32	10	0	6163
8865	2	6279	14	7	0	6302
8866	4	35	7	6293	0	6339
8867	0	14	6295	34	0	6343
8868	6	7	6251	11	0	6275
8869	7	13	43	6342	0	6405
8870	7	6	11	6441	0	6465
8871	6	5	7	6531	0	6549
8872	3	5	6525	40	0	6573
8873	3	6452	33	17	0	6505
8874	5	6780	14	9	0	6808
8875	4	36	8	6799	0	6847
8876	4	10	6710	38	0	6762
8877	2	8	6672	14	0	6696
8878	5	6989	42	8	0	7044
8879	7126	36	12	20	0	7194
8880	40	7209	4	11	0	7264
8881	8	40	7455	4	0	7507
8882	7483	10	45	13	0	7551
8883	55	6	13	7700	0	7774
8884	7864	5	11	62	0	7942
8885	63	6	6	7883	0	7958
8886	24	6	5	8017	0	8052
8887	8055	5	4	78	0	8142
8888	64	8255	13	19	0	8351
8889	15	62	8233	12	0	8322
8890	8	8388	61	14	0	8471
8891	8373	59	15	15	0	8462
8892	62	8335	6	12	0	8415
8893	8318	63	8	15	0	8404
8894	8329	17	10	16	0	8372
8895	69	8382	7	7	0	8465
8896	29	62	5	8303	0	8399
8897	8282	20	3	70	0	8375
8898	8322	4	10	22	0	8358
8899	81	8	4	8210	0	8303
8900	25	6	8050	67	0	8148
8901	9	13	8102	17	0	8141
8902	27	9	72	8238	0	8346
8903	8	7	8107	76	0	8198
8904	7887	6	74	23	0	7990
8905	72	7996	15	17	0	8100
8906	20	63	7	8255	0	8345
8907	15	14	12	8260	0	8301
8908	15	9	15	8185	0	8224
8909	14	6	7	8110	0	8137
8910	18	7	7	8207	0	8239
8911	13	10	8127	83	0	8233
8912	7	8133	66	24	0	8230
8913	8238	66	23	21	0	8348
8914	74	17	10	8137	0	8238
8915	20	9	8	8183	0	8220
8916	10	8	9	8154	0	8181
8917	13	8153	9	89	0	8264
8918	13	71	9	8284	0	8377
8919	15	28	5	8350	0	8398
8920	8193	7	8	100	0	8308
8921	68	7961	14	35	0	8078
8922	15	8058	10	31	0	8114
8923	15	85	10	8124	0	8234
8924	8003	24	12	93	0	8132
8925	72	18	8051	31	0	8172
8926	7683	12	68	38	0	7801
8927	76	10	8149	22	0	8257
8928	28	14	74	8092	0	8208
8929	14	10	20	8236	0	8280
8930	19	10	12	8126	0	8167
8931	20	9	14	8141	0	8184
8932	8	15	16	8026	0	8065
8933	8097	11	4	107	0	8219
8934	78	12	7956	32	0	8078
8935	26	10	77	8113	0	8226
8936	14	10	8315	94	0	8433
8937	15	8268	74	41	0	8398
8938	8275	75	21	38	0	8409
8939	82	17	8531	32	0	8662
8940	35	8	76	8669	0	8788
8941	20	16	24	8899	0	8959
8942	11	18	8854	114	0	8997
8943	22	9	8712	32	0	8775
8944	33	14	102	8248	0	8397
8945	8781	7	23	113	0	8924
8946	8797	9	14	42	0	8862
8947	108	8725	11	24	0	8868
8948	8850	85	14	36	0	8985
8949	97	21	17	8527	0	8662
8950	31	8780	9	96	0	8916
8951	29	84	5	8854	0	8972
8952	28	23	8996	98	0	9145
8953	35	9	91	8659	0	8794
8954	32	18	19	8830	0	8899
8955	8440	7	15	109	0	8571
8956	84	8412	10	44	0	8550
8957	8305	76	8	23	0	8412
8958	70	8267	9	32	0	8378
8959	8079	73	9	31	0	8192
8960	76	7984	13	20	0	8093
8961	27	7958	9	25	0	8019
8962	8051	80	12	33	0	8176
8963	80	35	21	7831	0	7967
8964	21	7945	10	74	0	8050
8965	8053	71	14	31	0	8169
8966	8080	20	8	32	0	8140
8967	8164	6	12	27	0	8209
8968	8045	13	4	31	0	8093
8969	83	8071	6	19	0	8179
8970	33	69	5	8152	0	8259
8971	17	24	8	8250	0	8299
8972	8301	7	5	95	0	8408
8973	82	12	7	8182	0	8283
8974	8060	14	4	95	0	8173
8975	77	15	7847	28	0	7967
8976	7689	11	60	33	0	7793
8977	72	19	7794	27	0	7912
8978	35	43	67	7678	0	7823
8979	7609	14	19	79	0	7721
8980	76	7498	9	25	0	7608
8981	7237	50	8	16	0	7311
8982	51	6911	12	14	0	6988
8983	39	58	7	7540	0	7644
8984	11	12	7350	53	0	7426
8985	6872	22	53	33	0	6980
8986	48	7220	9	21	0	7298
8987	27	51	9	7160	0	7247
8988	14	13	4	7052	0	7083
8989	20	9	2	6937	0	6968
8990	8	9	6899	45	0	6961
8991	8	6833	32	15	0	6888
8992	6857	34	8	26	0	6925
8993	6850	14	3	20	0	6887
8994	45	6825	4	7	0	6881
8995	6995	32	3	23	0	7053
8996	42	15	6	6989	0	7052
8997	16	6943	4	35	0	6998
8998	6997	29	3	20	0	7049
8999	40	17	6883	6	0	6946
9000	20	6931	31	10	0	6992
9001	15	37	13	7009	0	7074
9002	19	8	3	7095	0	7125
9003	5	10	7019	41	0	7075
9004	21	8	26	6854	0	6909
9005	11	7	6985	34	0	7037
9006	13	8	28	6948	0	6997
9007	12	7	13	7039	0	7071
9008	11	8	5	7071	0	7095
9009	14	2	8	7233	0	7257
9010	10	9	7204	50	0	7273
9011	18	5	7471	28	0	7522
9012	10	8260	59	16	0	8345
9013	11	72	11	8782	0	8876
9014	12	28	9089	86	0	9215
9015	10	9067	88	32	0	9197
9016	24	99	34	9524	0	9681
9017	8	37	9843	101	0	9989
9018	9507	18	110	47	0	9682
9019	10356	8	29	30	0	10423
9020	160	8	19	10303	0	10490
9021	47	18	10247	133	0	10445
9022	38	5	120	10251	0	10414
9023	10255	10	42	152	0	10459
9024	124	10373	18	51	0	10566
9025	10605	123	13	36	0	10777
9026	10726	36	9	34	0	10805
9027	181	19	9	10416	0	10625
9028	69	12	13	10560	0	10654
9029	38	8	16	10597	0	10659
9030	27	14	11	10535	0	10587
9031	31	7	8	10487	0	10533
9032	10420	10	9	191	0	10630
9033	10450	11	11	80	0	10552
9034	10429	2	8	61	0	10500
9035	182	9	9765	33	0	9989
9036	9927	13	107	40	0	10087
9037	155	14	28	9953	0	10150
9038	64	11	9898	150	0	10123
9039	31	9681	127	65	0	9904
9040	50	158	42	9584	0	9834
9041	32	40	20	9620	0	9712
9042	23	9582	26	157	0	9788
9043	38	115	24	9815	0	9992
9044	30	39	9717	159	0	9945
9045	33	26	9719	73	0	9851
9046	26	22	168	9868	0	10084
9047	9812	10	65	172	0	10059
9048	9781	18	25	81	0	9905
9049	173	13	9712	57	0	9955
9050	80	9033	135	34	0	9282
9051	51	9472	48	33	0	9604
9052	9109	145	30	54	0	9338
9053	146	54	9194	37	0	9431
9054	73	32	123	9124	0	9352
9055	9112	11	46	179	0	9348
9056	153	8984	38	77	0	9252
9057	56	9245	24	54	0	9379
9058	9170	158	10	64	0	9402
9059	171	55	15	9301	0	9542
9060	9944	31	20	171	0	10166
9061	219	12	16	10947	0	11194
9062	110	18	18	11178	0	11324
9063	68	26	11108	288	0	11490
9064	62	18	200	11409	0	11689
9065	40	17	74	11592	0	11723
9066	11507	18	55	334	0	11914
9067	237	20	33	11662	0	11952
9068	96	26	11606	301	0	12029
9069	11552	18	216	149	0	11935
9070	238	9	97	11709	0	12053
9071	11653	17	69	290	0	12029
9072	291	11050	40	136	0	11517
9073	120	11622	36	110	0	11888
9074	11546	275	44	77	0	11942
9075	11675	119	32	60	0	11886
9076	330	77	20	11528	0	11955
9077	167	37	11440	246	0	11890
9078	110	30	229	11572	0	11941
9079	11391	37	97	321	0	11846
9080	260	11475	72	123	0	11930
9081	134	244	40	11512	0	11930
9082	11448	97	31	271	0	11847
9083	282	71	10929	131	0	11413
9084	11144	47	210	122	0	11523
9085	10539	35	94	104	0	10772
9086	330	36	11127	73	0	11566
9087	176	30	11250	80	0	11536
9088	132	22	303	11015	0	11472
9089	90	24	141	11257	0	11512
9090	79	11360	85	334	0	11858
9091	90	229	42	11568	0	11929
9092	65	101	11570	319	0	12055
9093	76	64	258	11700	0	12098
9094	90	30	110	12176	0	12406
9095	79	24	11753	374	0	12230
9096	71	11659	254	206	0	12190
9097	61	234	111	11811	0	12217
9098	62	94	86	12059	0	12301
9099	11843	70	61	377	0	12351
9100	288	47	32	11847	0	12214
9101	124	47	11644	357	0	12172
9102	11541	38	255	168	0	12002
9103	11822	36	112	137	0	12107
9104	11919	24	83	104	0	12130
9105	394	33	11428	93	0	11948
9106	200	30	254	11357	0	11841
9107	126	28	122	11554	0	11830
9108	113	30	89	11571	0	11803
9109	11064	30	57	406	0	11557
9110	290	11031	52	206	0	11579
9111	144	205	10246	150	0	10745
9112	97	9923	222	100	0	10342
9113	66	9554	94	91	0	9805
9114	58	9475	73	88	0	9694
9115	136	311	134	9047	0	9628
9116	67	118	8866	229	0	9280
9117	8118	93	171	130	0	8512
9118	175	8484	81	111	0	8851
9119	8136	152	60	79	0	8427
9120	191	8328	32	65	0	8616
9121	8419	190	33	64	0	8706
9122	202	8596	26	57	0	8881
9123	116	204	8712	45	0	9077
9124	113	96	153	8703	0	9065
9125	79	77	78	9116	0	9350
9126	9045	38	62	254	0	9399
9127	208	35	44	9540	0	9827
9128	106	34	9491	269	0	9900
9129	104	35	192	9611	0	9942
9130	60	36	9565	265	0	9926
9131	55	9553	232	136	0	9976
9132	77	195	92	9201	0	9565
9133	57	9658	86	205	0	10006
9134	9688	236	46	110	0	10080
9135	208	89	53	9670	0	10020
9136	107	77	9599	233	0	10016
9137	86	41	9568	112	0	9807
9138	9438	56	243	114	0	9851
9139	218	38	133	9466	0	9855
9140	99	59	9378	215	0	9751
9141	89	38	9171	120	0	9418
9142	50	9231	258	99	0	9638
9143	47	187	154	8753	0	9141
9144	32	9226	105	213	0	9576
9145	58	206	50	9207	0	9521
9146	9297	86	46	265	0	9694
9147	207	74	48	9405	0	9734
9148	88	50	44	9598	0	9780
9149	9549	34	52	290	0	9925
9150	210	50	38	10068	0	10366
9151	112	34	44	10033	0	10223
9152	85	10164	38	301	0	10588
9153	10210	199	48	169	0	10626
9154	10455	90	30	138	0	10713
9155	292	70	47	10318	0	10727
9156	157	46	42	10348	0	10593
9157	118	31	38	10296	0	10483
9158	71	9732	36	367	0	10206
9159	57	10031	47	210	0	10345
9160	81	257	34	9331	0	9703
9161	8027	63	22	182	0	8294
9162	8076	42	19	84	0	8221
9163	162	7855	15	54	0	8086
9164	7443	124	20	63	0	7650
9165	147	7357	17	43	0	7564
9166	54	7376	25	46	0	7501
9167	148	153	30	7148	0	7479
9168	7043	57	30	142	0	7272
9169	123	6848	13	60	0	7044
9170	35	7041	12	36	0	7124
9171	43	123	10	7001	0	7177
9172	38	43	11	7114	0	7206
9173	20	39	6941	141	0	7141
9174	6851	25	102	75	0	7053
9175	6762	25	29	62	0	6878
9176	132	19	7034	45	0	7230
9177	51	32	7035	38	0	7156
9178	41	25	134	7087	0	7287
9179	33	25	40	7235	0	7333
9180	30	7115	31	150	0	7326
9181	32	137	14	7187	0	7370
9182	28	47	7097	168	0	7340
9183	36	38	120	7099	0	7293
9184	37	27	41	7191	0	7296
9185	7024	24	33	190	0	7271
9186	131	21	6952	78	0	7182
9187	6742	21	131	63	0	6957
9188	140	29	6792	57	0	7018
9189	56	31	133	6642	0	6862
9190	34	24	6601	148	0	6807
9191	33	29	6583	63	0	6708
9192	28	48	153	6465	0	6694
9193	6202	36	97	177	0	6512
9194	6187	27	42	77	0	6333
9195	138	6191	39	58	0	6426
9196	6172	121	36	57	0	6386
9197	6201	48	27	61	0	6337
9198	158	6146	31	59	0	6394
9199	74	138	29	6242	0	6483
9200	46	42	27	6376	0	6491
9201	42	35	31	6376	0	6484
9202	28	31	29	6411	0	6499
9203	35	27	6234	195	0	6491
9204	6142	18	121	100	0	6381
9205	140	22	47	6285	0	6494
9206	73	23	32	6286	0	6414
9207	49	6286	34	168	0	6537
9208	55	126	21	6410	0	6612
9209	32	50	6182	173	0	6437
9210	6196	36	111	100	0	6443
9211	134	36	6416	83	0	6669
9212	61	36	122	6324	0	6543
9213	6333	25	43	161	0	6562
9214	146	6443	21	77	0	6687
9215	61	126	26	6659	0	6872
9216	47	50	6624	169	0	6890
9217	51	33	121	6704	0	6909
9218	6632	39	36	175	0	6882
9219	151	24	6610	74	0	6859
9220	61	35	6428	54	0	6578
9221	40	6348	149	62	0	6599
9222	6132	124	65	52	0	6373
9223	135	5981	30	48	0	6194
9224	61	126	5798	48	0	6033
9225	33	61	5491	30	0	5615
9226	33	5403	122	38	0	5596
9227	4860	85	61	24	0	5030
9228	88	4828	27	27	0	4970
9229	31	80	20	4778	0	4909
9230	19	29	21	4865	0	4934
9231	21	14	4784	98	0	4917
9232	20	20	88	4772	0	4900
9233	9	9	4836	100	0	4954
9234	4740	10	90	53	0	4893
9235	4902	10	38	23	0	4973
9236	4897	9	25	21	0	4952
9237	105	17	4781	17	0	4920
9238	4809	9	83	24	0	4925
9239	100	15	26	4714	0	4855
9240	32	4780	15	86	0	4913
9241	4769	72	26	42	0	4909
9242	93	19	4567	16	0	4695
9243	4590	11	71	28	0	4700
9244	4607	7	25	29	0	4668
9245	105	7	4435	20	0	4567
9246	36	4427	77	27	0	4567
9247	30	98	28	4407	0	4563
9248	24	26	4433	73	0	4556
9249	31	7	4264	29	0	4331
9250	34	81	75	3652	0	3842
9251	9	13	3689	51	0	3762
9252	13	4	51	3568	0	3636
9253	17	5	18	3407	0	3447
9254	10	10	12	3592	0	3624
9255	12	8	3558	65	0	3643
9256	11	4	60	3587	0	3662
9257	8	8	3608	56	0	3680
9258	7	6	55	3638	0	3706
9259	3779	3	22	58	0	3862
9260	63	10	11	3790	0	3874
9261	13	3889	7	69	0	3978
9262	7	62	11	3992	0	4072
9263	4023	12	10	72	0	4117
9264	64	4039	12	29	0	4144
9265	16	63	15	4067	0	4161
9266	4044	15	11	65	0	4135
9267	69	7	4061	23	0	4160
9268	21	5	63	4044	0	4133
9269	9	5	4079	75	0	4168
9270	11	8	4061	26	0	4106
9271	11	7	75	4031	0	4124
9272	4029	6	25	68	0	4128
9273	69	3	3965	23	0	4060
9274	3932	4	61	10	0	4007
9275	75	16	18	4006	0	4115
9276	23	7	3993	57	0	4080
9277	13	2	3910	19	0	3944
9278	9	13	3931	8	0	3961
9279	10	28	64	3816	0	3918
9280	3909	5	36	52	0	4002
9281	48	3931	17	16	0	4012
9282	18	45	5	3919	0	3987
9283	21	11	13	3994	0	4039
9284	3983	5	11	66	0	4065
9285	4006	4	7	29	0	4046
9286	59	3962	15	15	0	4051
9287	4007	45	18	19	0	4089
9288	4016	11	8	16	0	4051
9289	68	2	14	3980	0	4064
9290	15	8	3993	54	0	4070
9291	3943	6	53	17	0	4019
9292	64	6	15	4042	0	4127
9293	19	11	6	4045	0	4081
9294	3987	2	7	73	0	4069
9295	63	6	12	3866	0	3947
9296	18	9	9	3903	0	3939
9297	3841	3	4	80	0	3928
9298	65	3901	8	17	0	3991
9299	3862	52	9	15	0	3938
9300	65	13	3873	19	0	3970
9301	3884	1	71	17	0	3973
9302	73	5	12	3920	0	4010
9303	17	3999	12	66	0	4094
9304	17	54	9	4052	0	4132
9305	24	9	11	4088	0	4132
9306	13	2	7	4076	0	4098
9307	3969	6	9	74	0	4058
9308	63	3867	5	20	0	3955
9309	16	3871	7	11	0	3905
9310	3805	56	5	16	0	3882
9311	53	13	3868	11	0	3945
9312	17	3	3769	13	0	3802
9313	3730	16	82	14	0	3842
9314	49	9	3769	12	0	3839
9315	13	1	43	3626	0	3683
9316	18	1	15	3430	0	3464
9317	6	4	5	3750	0	3765
9318	7	3	1	3743	0	3754
9319	6	3529	11	56	0	3602
9320	5	46	7	3748	0	3806
9321	5	10	3716	55	0	3786
9322	9	3	48	3690	0	3750
9323	4	4	3615	49	0	3672
9324	8	3	3585	17	0	3613
9325	5	1	53	3663	0	3722
9326	8	3	3685	52	0	3748
9327	4	4	54	3679	0	3741
9328	3681	1	17	60	0	3759
9329	51	5	3693	21	0	3770
9330	3642	1	45	12	0	3700
9331	50	3	14	3699	0	3766
9332	17	4	3660	54	0	3735
9333	6	3615	49	17	0	3687
9334	14	49	16	3733	0	3812
9335	6	12	3900	57	0	3975
9336	8	4	54	3891	0	3957
9337	4000	1	16	60	0	4077
9338	4046	3	3	29	0	4081
9339	4167	3	7	19	0	4196
9340	65	3	9	4133	0	4210
9341	17	4	1	4210	0	4232
9342	10	0	6	4266	0	4282
9343	4312	1	6	70	0	4389
9344	56	4393	4	19	0	4472
9345	18	52	6	4423	0	4499
9346	10	18	8	4536	0	4572
9347	4445	1	3	84	0	4533
9348	60	4552	5	26	0	4643
9349	25	63	4	4741	0	4833
9350	4815	18	2	76	0	4911
9351	4791	3	2	34	0	4830
9352	86	5	1	4753	0	4845
9353	4762	6	2	74	0	4844
9354	71	5	4	4762	0	4842
9355	32	6	4778	72	0	4888
9356	16	2	57	4769	0	4844
9357	18	3	21	4858	0	4900
9358	13	4	9	4890	0	4916
9359	4662	1	6	95	0	4764
9360	62	4642	4	34	0	4742
9361	4554	49	2	27	0	4632
9362	50	4468	6	17	0	4541
9363	21	4553	2	9	0	4585
9364	4539	61	5	16	0	4621
9365	50	4608	7	10	0	4675
9366	27	52	2	4625	0	4706
9367	4575	22	3	57	0	4657
9368	4647	7	4	23	0	4681
9369	66	8	5	4589	0	4668
9370	27	6	2	4590	0	4625
9371	15	4600	5	72	0	4692
9372	4698	54	1	26	0	4779
9373	4596	20	4	26	0	4646
9374	67	4799	0	13	0	4879
9375	23	4865	2	14	0	4904
9376	15	72	3	4889	0	4979
9377	4890	22	0	70	0	4982
9378	67	12	2	4856	0	4937
9379	22	12	1	4952	0	4987
9380	17	6	4804	84	0	4911
9381	11	8	4781	27	0	4827
9382	14	12	64	4810	0	4900
9383	9	6	4803	73	0	4891
9384	9	4825	61	29	0	4924
9385	13	65	23	4818	0	4919
9386	9	20	6	4941	0	4976
9387	10	7	5	4957	0	4979
9388	5	9	4879	84	0	4977
9389	8	8	4772	37	0	4825
9390	4721	4	71	18	0	4814
9391	62	4844	23	17	0	4946
9392	4852	60	6	15	0	4933
9393	66	23	6	4851	0	4946
9394	4906	12	5	61	0	4984
9395	66	8	3	4895	0	4972
9396	26	4935	5	72	0	5038
9397	4963	53	5	31	0	5052
9398	61	25	4853	16	0	4955
9399	25	4798	49	17	0	4889
9400	4803	51	19	22	0	4895
9401	65	25	16	4684	0	4790
9402	26	4648	10	59	0	4743
9403	23	52	4	4786	0	4865
9404	4749	23	3	68	0	4843
9405	61	18	7	4763	0	4849
9406	4760	12	1	78	0	4851
9407	74	8	4703	29	0	4814
9408	32	8	45	4733	0	4818
9409	4688	9	19	72	0	4788
9410	60	10	4657	38	0	4765
9411	39	4507	53	21	0	4620
9412	11	61	25	4421	0	4518
9413	18	23	4394	64	0	4499
9414	15	12	4306	31	0	4364
9415	17	36	62	4308	0	4423
9416	12	8	4262	64	0	4346
9417	8	11	4224	31	0	4274
9418	19	12	55	4162	0	4248
9419	4181	9	19	57	0	4266
9420	50	10	12	4186	0	4258
9421	29	9	10	4224	0	4272
9422	21	11	4242	72	0	4346
9423	23	5	52	4305	0	4385
9424	4378	9	22	68	0	4477
9425	49	11	4367	31	0	4458
9426	22	4412	49	30	0	4513
9427	27	47	22	4476	0	4572
9428	4528	23	17	62	0	4630
9429	54	18	8	4504	0	4584
9430	24	4499	9	70	0	4602
9431	26	49	4664	25	0	4764
9432	15	20	61	4774	0	4870
9433	5062	17	22	71	0	5172
9434	75	16	4956	30	0	5077
9435	28	14	68	5107	0	5217
9436	5231	11	20	92	0	5354
9437	5450	7	19	42	0	5518
9438	99	5427	15	36	0	5577
9439	5383	81	12	32	0	5508
9440	105	23	12	5350	0	5490
9441	35	21	5369	91	0	5516
9442	24	5186	82	45	0	5337
9443	24	5313	26	26	0	5389
9444	24	104	25	5187	0	5340
9445	19	39	14	5263	0	5335
9446	14	24	5074	107	0	5219
9447	19	5018	79	39	0	5155
9448	8	4999	29	30	0	5066
9449	25	100	23	4770	0	4918
9450	4707	29	15	80	0	4831
9451	68	4704	14	32	0	4818
9452	25	65	12	4771	0	4873
9453	4836	18	7	90	0	4951
9454	77	12	6	4865	0	4960
9455	28	16	5	4851	0	4900
9456	17	10	10	4866	0	4903
9457	12	8	11	4871	0	4902
9458	4774	13	5	97	0	4889
9459	78	13	6	4771	0	4868
9460	21	7	4669	85	0	4782
9461	4599	10	70	40	0	4719
9462	75	6	4654	28	0	4763
9463	25	10	4641	24	0	4700
9464	20	16	77	4611	0	4724
9465	18	7	22	4653	0	4700
9466	17	6	16	4698	0	4737
9467	4631	6	10	100	0	4747
9468	77	7	4599	35	0	4718
9469	4541	8	70	31	0	4650
9470	4678	7	24	33	0	4742
9471	92	5	4556	24	0	4677
9472	4517	9	62	26	0	4614
9473	76	10	4585	24	0	4695
9474	30	4548	64	24	0	4666
9475	52	66	64	4464	0	4646
9476	24	19	19	4557	0	4619
9477	20	15	14	4537	0	4586
9478	22	8	17	4506	0	4553
9479	11	8	4486	94	0	4599
9480	15	8	4482	39	0	4544
9481	14	13	72	4455	0	4554
9482	8	13	4467	82	0	4570
9483	4338	7	76	41	0	4462
9484	4485	9	26	30	0	4550
9485	80	11	21	4435	0	4547
9486	4397	4	13	76	0	4490
9487	80	4492	19	32	0	4623
9488	4492	58	14	38	0	4602
9489	78	21	4510	27	0	4636
9490	39	14	68	4465	0	4586
9491	19	4538	19	83	0	4659
9492	4597	52	25	42	0	4716
9493	73	21	16	4627	0	4737
9494	36	18	4576	73	0	4703
9495	22	15	63	4568	0	4668
9496	4533	6	26	88	0	4653
9497	73	10	4566	34	0	4683
9498	38	14	67	4557	0	4676
9499	29	13	28	4637	0	4707
9500	25	5	4591	94	0	4715
9501	17	4473	67	51	0	4608
9502	38	3693	41	44	0	3816
9503	27	79	15	4618	0	4739
9504	29	32	22	4716	0	4799
9505	21	16	22	4767	0	4826
9506	4680	19	16	115	0	4830
9507	4720	17	21	58	0	4816
9508	87	25	16	4715	0	4843
9509	4702	17	13	94	0	4826
9510	75	4693	19	55	0	4842
9511	31	73	21	4821	0	4946
9512	21	31	10	4902	0	4964
9513	27	20	12	4913	0	4972
9514	4715	13	15	115	0	4858
9515	76	4635	11	71	0	4793
9516	37	64	21	4737	0	4859
9517	4707	30	9	93	0	4839
9518	89	16	10	4760	0	4875
9519	40	16	16	4750	0	4822
9520	27	4499	11	118	0	4655
9521	29	4734	11	53	0	4827
9522	23	77	8	4709	0	4817
9523	24	31	12	4704	0	4771
9524	4511	11	9	113	0	4644
9525	82	10	17	4494	0	4603
9526	35	11	4400	86	0	4532
9527	21	9	66	4360	0	4456
9528	25	4286	27	76	0	4414
9529	4364	59	18	56	0	4497
9530	72	20	14	4372	0	4478
9531	38	15	16	4216	0	4285
9532	21	4117	10	89	0	4237
9533	3858	43	9	34	0	3944
9534	49	4007	12	26	0	4094
9535	31	58	2	3859	0	3950
9536	14	16	3739	55	0	3824
9537	30	54	41	3415	0	3540
9538	3443	4	17	53	0	3517
9539	41	3461	5	19	0	3526
9540	16	41	7	3463	0	3527
9541	9	3349	6	38	0	3402
9542	10	41	6	3469	0	3526
9543	7	14	3443	47	0	3511
9544	8	16	34	3385	0	3443
9545	10	7	7	3455	0	3479
9546	16	8	6	3473	0	3503
9547	3374	5	8	63	0	3450
9548	3410	4	5	23	0	3442
9549	40	3412	1	15	0	3468
9550	3446	35	3	16	0	3500
9551	44	3398	2	14	0	3458
9552	15	3506	3	12	0	3536
9553	3387	46	6	17	0	3456
9554	46	15	3371	9	0	3441
9555	21	7	35	3361	0	3424
9556	11	7	7	3434	0	3459
9557	12	5	5	3528	0	3550
9558	3441	4	4	59	0	3508
9559	40	3418	3	23	0	3484
9560	12	51	0	3498	0	3561
9561	12	3469	1	50	0	3532
9562	3701	55	2	22	0	3780
9563	55	15	3	3773	0	3846
9564	21	7	2	4314	0	4344
9565	12	4554	6	91	0	4663
9566	10	70	2	4818	0	4900
9567	11	25	1	4869	0	4906
9568	4732	8	1	116	0	4857
9569	77	4637	4	42	0	4760
9570	26	4774	2	24	0	4826
9571	14	97	2	4719	0	4832
9572	9	30	4587	88	0	4714
9573	10	15	4541	32	0	4598
9574	8	11	88	4550	0	4657
9575	7	10	4520	88	0	4625
9576	11	9	78	4542	0	4640
9577	11	8	33	4300	0	4352
9578	7	11	12	4649	0	4679
9579	4546	4	8	120	0	4678
9580	77	6	14	4569	0	4666
9581	31	6	6	4582	0	4625
9582	14	4506	9	121	0	4650
9583	14	74	9	4654	0	4751
9584	13	24	4531	106	0	4674
9585	10	15	77	4605	0	4707
9586	11	12	29	4691	0	4743
9587	4477	3	11	130	0	4621
9588	81	8	9	4525	0	4623
9589	31	6	7	4490	0	4534
9590	15	6	7	4545	0	4573
9591	4288	5	9	128	0	4430
9592	79	4309	3	62	0	4453
9593	25	75	4	4371	0	4475
9594	14	28	2	4449	0	4493
9595	16	13	4288	113	0	4430
9596	9	11	73	4325	0	4418
9597	4178	7	26	107	0	4318
9598	78	4215	9	52	0	4354
9599	29	80	5	4193	0	4307
9600	16	24	8	4267	0	4315
9601	11	12	4134	116	0	4273
9602	3932	10	72	57	0	4071
9603	70	4023	27	42	0	4162
9604	4061	76	10	32	0	4179
9605	83	34	9	4099	0	4225
9606	33	18	6	4129	0	4186
9607	19	10	7	4166	0	4202
9608	12	10	10	4182	0	4214
9609	4064	11	12	123	0	4210
9610	75	6	7	4012	0	4100
9611	27	3916	16	98	0	4057
9612	18	67	7	4014	0	4106
9613	17	24	8	4105	0	4154
9614	4013	13	4	122	0	4152
9615	80	3983	3	61	0	4127
9616	39	75	5	4067	0	4186
9617	4016	28	7	100	0	4151
9618	4105	13	3	52	0	4173
9619	104	12	4	4060	0	4180
9620	44	6	4007	100	0	4157
9621	3989	7	66	56	0	4118
9622	76	6	27	4073	0	4182
9623	36	4	4094	99	0	4233
9624	22	7	70	4188	0	4287
9625	22	4	27	4158	0	4211
9626	18	9	10	4270	0	4307
9627	12	4319	6	118	0	4455
9628	15	68	9	4401	0	4493
9629	10	28	7	4471	0	4516
9630	16	12	7	4473	0	4508
9631	23	13	6	4459	0	4501
9632	10	14	3	4428	0	4455
9633	15	6	5	4415	0	4441
9634	4070	9	5	118	0	4202
9635	63	13	4004	63	0	4143
9636	29	3975	58	47	0	4109
9637	3992	56	30	35	0	4113
9638	62	3984	11	29	0	4086
9639	3941	66	10	31	0	4048
9640	87	33	10	3904	0	4034
9641	3992	12	9	87	0	4100
9642	69	8	9	4015	0	4101
9643	38	10	5	3892	0	3945
9644	23	3913	5	95	0	4036
9645	3936	59	2	51	0	4048
9646	68	24	4069	37	0	4198
9647	34	15	52	4148	0	4249
9648	21	8	4214	81	0	4324
9649	14	8	4022	48	0	4092
9650	4156	10	72	30	0	4268
9651	68	11	27	4236	0	4342
9652	33	13	4209	75	0	4330
9653	26	6	4395	43	0	4470
9654	22	6	76	4359	0	4463
9655	18	5	27	4555	0	4605
9656	4556	5	16	95	0	4672
9657	65	9	13	4587	0	4674
9658	37	6	4790	76	0	4909
9659	16	3	51	4859	0	4929
9660	13	22	31	4840	0	4906
9661	15	4928	13	78	0	5034
9662	4811	39	17	48	0	4915
9663	41	4758	10	25	0	4834
9664	4236	25	6	13	0	4280
9665	23	3855	6	10	0	3894
9666	9	3811	3	7	0	3830
9667	26	27	12	3804	0	3869
9668	7	12	9	3800	0	3828
9669	3	4	1	3796	0	3804
9670	3715	5	1	20	0	3741
9671	13	2	3736	11	0	3762
9672	4	5	10	3707	0	3726
9673	3683	0	5	14	0	3702
9674	10	3653	0	11	0	3674
9675	7	3654	2	3	0	3666
9676	9	15	2	3705	0	3731
9677	2	7	0	3784	0	3793
9678	4	3	1	3827	0	3835
9679	3	3904	1	14	0	3922
9680	2	7	1	3958	0	3968
9681	5	4	3958	8	0	3975
9682	3	1	3673	8	0	3685
9683	3841	1	4	10	0	3856
9684	4	3	6	4037	0	4050
9685	4072	2	2	13	0	4089
9686	4039	1	1	12	0	4053
9687	8	4120	2	8	0	4138
9688	4219	3	2	8	0	4232
9689	4324	4	2	16	0	4346
9690	12	0	1	4343	0	4356
9691	7	1	2	4455	0	4465
9692	5	4	4591	7	0	4607
9693	2	4707	5	14	0	4728
9694	26	7	12	4135	0	4180
9695	2	2	2	4861	0	4867
9696	4887	3	3	20	0	4913
9697	10	4	1	4896	0	4911
9698	4978	2	0	12	0	4992
9699	9	1	4	5092	0	5106
9700	4	5125	1	14	0	5144
9701	5299	12	1	17	0	5329
9702	16	4	3	5751	0	5774
9703	14	1	0	6082	0	6097
9704	4	1	0	6396	0	6401
9705	4	3	6407	63	0	6477
9706	9	3	57	6476	0	6545
9707	6685	2	16	81	0	6784
9708	66	0	3	6980	0	7049
9709	23	1	2	7525	0	7551
9710	17	1	2	7576	0	7596
9711	4	7482	4	113	0	7603
9712	3	7772	2	35	0	7812
9713	7753	104	1	29	0	7887
9714	90	7813	3	12	0	7918
9715	7820	99	1	20	0	7940
9716	7862	28	1	13	0	7904
9717	7886	14	1	20	0	7921
9718	123	10	7889	12	0	8034
9719	36	8030	85	9	0	8160
9720	8226	99	20	25	0	8370
9721	115	26	9	8295	0	8445
9722	44	15	2	8308	0	8369
9723	24	7	5	8387	0	8423
9724	11	8201	4	133	0	8349
9725	25	98	1	8255	0	8379
9726	8272	21	3	119	0	8415
9727	102	16	3	8152	0	8273
9728	41	9	3	8251	0	8304
9729	21	10	8154	128	0	8313
9730	15	13	8228	44	0	8300
9731	22	6	108	8354	0	8490
9732	23	9	30	8466	0	8528
9733	10	8479	16	131	0	8636
9734	19	94	10	8520	0	8643
9735	16	30	8	8693	0	8747
9736	16	14	7	8748	0	8785
9737	8603	10	3	161	0	8777
9738	98	9	8640	55	0	8802
9739	37	19	94	8778	0	8928
9740	8839	10	25	130	0	9004
9741	8866	9	8	65	0	8948
9742	129	9	11	8802	0	8951
9743	49	10	12	8916	0	8987
9744	8764	17	7	154	0	8942
9745	113	8694	9	51	0	8867
9746	45	8796	12	38	0	8891
9747	38	117	8	8861	0	9024
9748	8869	39	7	137	0	9052
9749	8960	19	3	70	0	9052
9750	8862	15	11	46	0	8934
9751	131	16	8938	37	0	9122
9752	8512	16	100	67	0	8695
9753	129	21	8682	36	0	8868
9754	8485	12	103	48	0	8648
9755	123	8621	29	50	0	8823
9756	51	98	8663	39	0	8851
9757	30	42	109	8693	0	8874
9758	35	28	8564	127	0	8754
9759	32	13	113	8522	0	8680
9760	8499	17	32	157	0	8705
9761	124	19	8552	69	0	8764
9762	59	18	111	8544	0	8732
9763	31	8758	48	136	0	8973
9764	33	99	25	9178	0	9335
9765	48	36	13	9172	0	9269
9766	38	26	27	8773	0	8864
9767	9033	21	21	180	0	9255
9768	9134	20	13	82	0	9249
9769	154	24	21	9082	0	9281
9770	65	18	8989	151	0	9223
9771	43	18	8800	74	0	8935
9772	33	20	121	9079	0	9253
9773	44	19	9310	145	0	9518
9774	44	18	110	9359	0	9531
9775	44	18	38	8907	0	9007
9776	39	17	25	9489	0	9570
9777	42	9155	24	170	0	9391
9778	46	8527	35	80	0	8688
9779	36	130	28	9441	0	9635
9780	38	40	20	9445	0	9543
9781	41	25	26	9427	0	9519
9782	9261	21	17	182	0	9481
9783	131	17	9436	79	0	9663
9784	49	26	117	9452	0	9644
9785	9412	17	44	170	0	9643
9786	120	9400	34	88	0	9642
9787	66	114	27	9621	0	9828
9788	49	38	23	9723	0	9833
9789	28	22	27	9620	0	9697
9790	33	17	24	9611	0	9685
9791	34	21	9388	184	0	9627
9792	8777	17	113	104	0	9011
9793	9106	11	32	92	0	9241
9794	146	20	9146	55	0	9367
9795	9007	13	116	67	0	9203
9796	9241	13	34	71	0	9359
9797	148	15	9292	56	0	9511
9798	65	9587	104	56	0	9812
9799	56	130	58	9592	0	9836
9800	36	31	9904	135	0	10106
9801	44	9554	104	67	0	9769
9802	50	83	9287	50	0	9470
9803	24	9040	79	54	0	9197
9804	40	70	59	8809	0	8978
9805	25	12	8808	66	0	8911
9806	41	27	65	8602	0	8735
9807	19	14	8850	66	0	8949
9808	15	8629	58	40	0	8742
9809	8145	16	35	20	0	8216
9810	11	8019	4	7	0	8041
9811	5	8508	7	10	0	8530
9812	46	31	17	8539	0	8633
9813	9	13	3	8711	0	8736
9814	4	3	3	8702	0	8712
9815	10	5	1	8580	0	8596
9816	6	3	3	8799	0	8811
9817	4	6	9231	15	0	9256
9818	14	1	11	9034	0	9060
9819	4	1	6	9383	0	9394
9820	9449	0	1	44	0	9494
9821	9512	0	5	27	0	9544
9822	9634	2	2	28	0	9666
9823	36	1	1	9694	0	9732
9824	10466	4	4	52	0	10526
9825	11121	2	1	39	0	11163
9826	11352	1	2	24	0	11379
9827	91	2	11327	9	0	11429
9828	11070	0	76	27	0	11173
9829	11682	1	14	23	0	11720
9830	11599	0	5	21	0	11625
9831	115	0	8	11618	0	11741
9832	29	12	11768	86	0	11895
9833	21	6	83	11655	0	11765
9834	11984	1	19	110	0	12114
9835	96	1	7	12109	0	12213
9836	25	12433	6	95	0	12559
9837	18	81	2	12788	0	12889
9838	12725	11	1	127	0	12864
9839	12837	7	4	55	0	12903
9840	12757	4	4	39	0	12804
9841	127	10	13141	14	0	13292
9842	46	2	102	12938	0	13088
9843	30	4	20	13465	0	13519
9844	25	7	13521	119	0	13672
9845	22	13125	109	31	0	13287
9846	17	103	13320	18	0	13458
9847	31	15	117	13448	0	13611
9848	13470	6	31	134	0	13641
9849	125	4	13789	27	0	13945
9850	39	4	111	13817	0	13971
9851	21	7	13888	117	0	14033
9852	13668	8	121	47	0	13844
9853	142	4	33	14052	0	14231
9854	36	5	14539	128	0	14708
9855	40	4	124	14480	0	14648
9856	14	5	14715	139	0	14873
9857	16	14765	127	60	0	14968
9858	18	117	31	14905	0	15071
9859	15083	18	18	151	0	15270
9860	137	13	18	15121	0	15289
9861	50	13	13	14965	0	15041
9862	14947	4	10	179	0	15140
9863	139	14217	17	46	0	14419
9864	32	14594	9	39	0	14674
9865	31	132	14	14612	0	14789
9866	20	14633	15	138	0	14806
9867	25	126	10	14764	0	14925
9868	22	27	16	14869	0	14934
9869	14828	14	9	182	0	15033
9870	131	14753	10	48	0	14942
9871	38	123	14743	26	0	14930
9872	18	15082	112	38	0	15250
9873	15020	129	33	40	0	15222
9874	15394	29	14	50	0	15487
9875	179	11	16	15221	0	15427
9876	15488	14	16	170	0	15688
9877	175	9	12	15485	0	15681
9878	15439	13	19	196	0	15667
9879	15681	17	13	77	0	15788
9880	203	12	13	16110	0	16338
9881	16281	7	12	213	0	16513
9882	191	7	16377	67	0	16642
9883	16154	7	154	61	0	16376
9884	193	7	37	16471	0	16708
9885	16601	12	26	186	0	16825
9886	190	16688	23	58	0	16959
9887	78	149	19	16746	0	16992
9888	61	37	24	16871	0	16993
9889	16759	19	26	242	0	17046
9890	195	24	16763	69	0	17051
9891	66	16652	155	72	0	16945
9892	63	151	39	16833	0	17086
9893	39	16761	39	174	0	17013
9894	64	169	21	16997	0	17251
9895	57	45	24	16737	0	16863
9896	60	20	21	17091	0	17192
9897	16908	23	12	256	0	17199
9898	193	24	24	16566	0	16807
9899	16656	22	17	242	0	16937
9900	16515	24	19	106	0	16664
9901	238	20	19	16519	0	16796
9902	16471	16	21	241	0	16749
9903	16366	18	21	116	0	16521
9904	230	17	16378	63	0	16688
9905	96	23	162	16171	0	16452
9906	16461	25	53	220	0	16759
9907	190	16320	32	73	0	16615
9908	16496	160	31	96	0	16783
9909	16524	41	18	110	0	16693
9910	233	26	16317	56	0	16632
9911	101	22	169	15737	0	16029
9912	16836	20	51	253	0	17160
9913	227	17	35	17193	0	17472
9914	94	20	19	17829	0	17962
9915	59	27	26	17996	0	18108
9916	76	11	24	18980	0	19091
9917	18826	14	21	374	0	19235
9918	333	22	19270	105	0	19730
9919	135	34	285	19745	0	20199
9920	82	21	20897	351	0	21351
9921	66	25	21247	130	0	21468
9922	21239	14	546	132	0	21931
9923	495	20	22359	76	0	22950
9924	218	21634	508	64	0	22424
9925	21793	431	287	87	0	22598
9926	22152	182	125	81	0	22540
9927	662	83	44	21709	0	22498
9928	298	42	21908	446	0	22694
9929	151	29	21756	214	0	22150
9930	22340	22	592	156	0	23110
9931	534	43	287	22718	0	23582
9932	22780	26	134	521	0	23461
9933	568	23147	84	235	0	24034
9934	23366	448	63	154	0	24031
9935	23462	200	51	118	0	23831
9936	696	22989	73	63	0	23821
9937	360	495	41	23062	0	23958
9938	23055	196	40	525	0	23816
9939	556	99	22999	240	0	23894
9940	271	23163	497	140	0	24071
9941	215	475	222	23080	0	23992
9942	23168	192	136	536	0	24032
9943	546	23311	80	235	0	24172
9944	23653	519	66	171	0	24409
9945	633	228	23443	96	0	24400
9946	23246	132	497	103	0	23978
9947	662	83	23646	46	0	24437
9948	23356	72	575	92	0	24095
9949	23225	48	258	104	0	23635
9950	772	48	22903	79	0	23802
9951	363	22960	519	71	0	23913
9952	276	480	249	22305	0	23310
9953	165	217	23205	516	0	24103
9954	147	22781	536	247	0	23711
9955	191	509	267	22286	0	23253
9956	192	234	157	23093	0	23676
9957	146	139	22577	708	0	23570
9958	171	93	568	22245	0	23077
9959	176	76	287	22827	0	23366
9960	138	76	22455	757	0	23426
9961	169	77	608	21821	0	22675
9962	126	22256	316	618	0	23316
9963	22540	513	217	335	0	23605
9964	612	260	185	22231	0	23288
9965	324	22544	183	579	0	23630
9966	319	541	171	21616	0	22647
9967	216	22987	185	585	0	23973
9968	218	598	22758	310	0	23884
9969	205	23090	599	246	0	24140
9970	22957	629	343	195	0	24124
9971	23166	310	235	196	0	23907
9972	23574	189	180	220	0	24163
9973	916	171	23499	150	0	24736
9974	488	154	23180	185	0	24007
9975	351	23852	795	158	0	25156
9976	318	627	401	22980	0	24326
9977	272	24447	256	547	0	25522
9978	287	729	193	22129	0	23338
9979	290	24420	149	621	0	25480
9980	24502	755	157	347	0	25761
9981	26205	381	165	239	0	26990
9982	1020	271	152	26599	0	28042
9983	587	200	26234	745	0	27766
9984	26060	194	733	456	0	27443
9985	933	26666	379	298	0	28276
9986	530	738	297	26296	0	27861
9987	478	417	212	26063	0	27170
9988	340	26831	228	897	0	28296
9989	27018	805	187	514	0	28524
9990	911	456	26639	304	0	28310
9991	573	313	784	26714	0	28384
9992	26855	255	435	832	0	28377
9993	26999	229	293	480	0	28001
9994	1118	26675	283	310	0	28386
9995	666	793	215	26022	0	27696
9996	423	27066	207	829	0	28525
9997	27503	871	208	498	0	29080
9998	907	503	27287	344	0	29041
9999	506	362	27340	325	0	28533
10000	423	245	1013	27022	0	28703
10001	334	243	523	26955	0	28055
10002	285	27144	346	1033	0	28808
10003	322	837	257	27429	0	28845
10004	278	424	27078	1018	0	28798
10005	26723	326	839	610	0	28498
10006	862	286	409	27378	0	28935
10007	446	265	27095	969	0	28775
10008	369	247	852	27197	0	28665
10009	289	248	472	26949	0	27958
10010	248	26985	310	1179	0	28722
10011	284	813	252	27182	0	28531
10012	282	454	241	26696	0	27673
10013	280	305	197	26709	0	27491
10014	24774	233	186	1230	0	26423
10015	763	24120	221	663	0	25767
10016	423	24107	155	415	0	25100
10017	23198	796	138	348	0	24480
10018	22496	384	162	273	0	23315
10019	832	21336	132	237	0	22537
10020	352	20637	95	160	0	21244
10021	19049	512	76	139	0	19776
10022	460	18831	66	110	0	19467
10023	205	19051	50	127	0	19433
10024	18531	531	168	132	0	19362
10025	451	18611	60	110	0	19232
10026	18527	473	76	133	0	19209
10027	18299	262	72	114	0	18747
10028	18471	180	56	118	0	18825
10029	554	18160	49	126	0	18889
10030	287	18216	55	111	0	18669
10031	254	482	40	17639	0	18415
10032	187	17691	48	366	0	18292
10033	176	462	55	18274	0	18967
10034	18477	250	46	460	0	19233
10035	461	184	58	18164	0	18867
10036	238	18001	66	482	0	18787
10037	17836	433	66	248	0	18583
10038	494	17524	44	201	0	18263
10039	258	18165	42	173	0	18638
10040	247	643	58	17190	0	18138
10041	165	17695	65	387	0	18312
10042	17608	462	78	236	0	18384
10043	411	278	17260	186	0	18135
10044	236	17054	355	180	0	17825
10045	180	437	169	17231	0	18017
10046	174	258	17111	437	0	17980
10047	186	182	379	16890	0	17637
10048	156	182	185	17242	0	17765
10049	152	156	126	17449	0	17883
10050	141	120	135	17356	0	17752
10051	124	142	16834	627	0	17727
10052	120	16679	383	392	0	17574
10053	16649	395	207	326	0	17577
10054	388	225	16460	291	0	17364
10055	16319	185	377	273	0	17154
10056	449	151	16568	236	0	17404
10057	275	149	444	16659	0	17527
10058	220	131	16615	471	0	17437
10059	197	138	16829	282	0	17446
10060	182	119	525	16811	0	17637
10061	189	130	288	16062	0	16669
10062	169	140	184	17269	0	17762
10063	157	144	151	17195	0	17647
10064	16887	153	114	674	0	17828
10065	411	135	16763	400	0	17709
10066	16870	131	363	346	0	17710
10067	16999	136	184	279	0	17598
10068	16981	145	119	247	0	17492
10069	16903	155	90	195	0	17343
10070	17007	144	87	191	0	17429
10071	731	137	54	16411	0	17333
10072	383	138	15304	422	0	16247
10073	302	148	14861	234	0	15545
10074	234	15304	335	199	0	16072
10075	14733	375	238	156	0	15502
10076	388	271	126	14439	0	15224
10077	267	311	70	14123	0	14771
10078	211	13950	58	402	0	14621
10079	196	13749	55	244	0	14244
10080	198	13672	43	163	0	14076
10081	11997	434	85	143	0	12659
10082	224	231	40	10867	0	11362
10083	76	10719	24	166	0	10985
10084	66	160	13	10757	0	10996
10085	55	70	10747	176	0	11048
10086	43	57	11111	83	0	11294
10087	73	57	176	12001	0	12307
10088	12391	41	64	231	0	12727
10089	13056	42	34	116	0	13248
10090	13084	48	24	90	0	13246
10091	325	60	12976	69	0	13430
10092	155	49	218	12935	0	13357
10093	106	59	93	13422	0	13680
10094	87	65	12950	305	0	13407
10095	12442	53	226	162	0	12883
10096	278	47	13125	108	0	13558
10097	105	45	12794	84	0	13028
10098	80	42	12975	60	0	13157
10099	84	27	292	12647	0	13050
10100	44	44	151	13025	0	13264
10101	53	24	13174	314	0	13565
10102	56	32	263	13240	0	13591
10103	13412	26	112	316	0	13866
10104	260	18	84	13696	0	14058
10105	103	28	13761	314	0	14206
10106	68	23	14201	197	0	14489
10107	69	30	343	14190	0	14632
10108	14603	29	156	323	0	15111
10109	293	15214	99	155	0	15761
10110	15601	267	105	118	0	16091
10111	15844	114	97	120	0	16175
10112	444	58	16004	87	0	16593
10113	212	40	331	16011	0	16594
10114	16209	16	188	376	0	16789
10115	16102	19	146	226	0	16493
10116	430	16066	107	163	0	16766
10117	247	269	85	16261	0	16862
10118	152	120	107	16704	0	17083
10119	122	53	16299	476	0	16950
10120	105	44	340	16227	0	16716
10121	108	31	16243	421	0	16803
10122	121	34	15987	237	0	16379
10123	143	21	419	15895	0	16478
10124	15851	15	196	392	0	16454
10125	349	15486	148	207	0	16190
10126	15528	263	118	148	0	16057
10127	15512	120	82	146	0	15860
10128	459	15327	82	103	0	15971
10129	239	292	74	14812	0	15417
10130	14714	141	59	305	0	15219
10131	381	14632	46	187	0	15246
10132	14480	275	54	121	0	14930
10133	337	14062	58	103	0	14560
10134	212	246	54	13746	0	14258
10135	149	134	65	14054	0	14402
10136	13765	81	53	370	0	14269
10137	13599	69	35	219	0	13922
10138	395	13724	44	144	0	14307
10139	192	244	13515	114	0	14065
10140	137	113	13290	109	0	13649
10141	109	78	320	13095	0	13602
10142	84	13520	178	287	0	14069
10143	96	219	139	13824	0	14278
10144	103	124	97	13801	0	14125
10145	105	74	99	13813	0	14091
10146	86	76	13553	384	0	14099
10147	96	58	13247	229	0	13630
10148	97	13690	323	163	0	14273
10149	94	243	159	13804	0	14300
10150	124	122	100	14259	0	14605
10151	109	90	13891	363	0	14453
10152	12935	150	276	237	0	13598
10153	302	62	155	14124	0	14643
10154	181	66	14030	332	0	14609
10155	13486	67	288	254	0	14095
10156	313	14007	155	169	0	14644
10157	202	248	14388	145	0	14983
10158	157	135	278	14406	0	14976
10159	14340	93	180	326	0	14939
10160	323	81	14637	175	0	15216
10161	188	64	310	14626	0	15188
10162	113	67	171	14734	0	15085
10163	120	53	129	15829	0	16131
10164	15847	48	109	498	0	16502
10165	355	15500	91	280	0	16226
10166	191	300	97	15810	0	16398
10167	116	149	15929	432	0	16626
10168	118	91	355	15648	0	16212
10169	80	15330	177	416	0	16003
10170	88	16312	132	263	0	16795
10171	16178	392	119	197	0	16886
10172	16358	183	85	190	0	16816
10173	483	105	16109	138	0	16835
10174	15786	95	341	164	0	16386
10175	421	15990	207	124	0	16742
10176	16327	338	106	152	0	16923
10177	441	186	88	16194	0	16909
10178	275	120	16484	352	0	17231
10179	216	123	322	16429	0	17090
10180	160	90	16559	424	0	17233
10181	16324	62	385	291	0	17062
10182	376	73	199	16712	0	17360
10183	212	16962	105	430	0	17709
10184	147	359	114	17283	0	17903
10185	151	179	16990	455	0	17775
10186	100	16552	351	282	0	17285
10187	15659	332	168	204	0	16363
10188	297	15137	96	138	0	15668
10189	135	14998	81	103	0	15317
10190	119	352	59	14588	0	15118
10191	67	14814	69	268	0	15218
10192	95	279	59	14978	0	15411
10193	86	169	14695	290	0	15240
10194	13872	102	236	182	0	14392
10195	14614	70	106	109	0	14899
10196	348	74	14359	78	0	14859
10197	13863	52	240	102	0	14257
10198	294	14101	114	87	0	14596
10199	14320	238	68	89	0	14715
10200	309	113	55	14096	0	14573
10201	149	76	14185	247	0	14657
10202	89	14420	225	153	0	14887
10203	93	237	124	14365	0	14819
10204	72	109	56	14439	0	14676
10205	13924	61	44	312	0	14341
10206	13347	51	43	161	0	13602
10207	274	13074	41	96	0	13485
10208	107	12408	31	84	0	12630
10209	57	12263	23	33	0	12376
10210	85	193	49	11922	0	12249
10211	11817	51	43	151	0	12062
10212	11617	26	13	72	0	11728
10213	178	18	15	11505	0	11716
10214	56	19	12	11523	0	11610
10215	11390	22	18	172	0	11602
10216	141	18	6	11556	0	11721
10217	56	22	11434	147	0	11659
10218	11311	15	108	81	0	11515
10219	11611	13	41	52	0	11717
10220	171	19	11708	33	0	11931
10221	11892	23	110	50	0	12075
10222	156	33	38	12168	0	12395
10223	67	26	19	12146	0	12258
10224	39	20	20	12310	0	12389
10225	12098	24	20	200	0	12342
10226	143	12303	18	83	0	12547
10227	69	140	18	12368	0	12595
10228	56	12091	16	151	0	12314
10229	12272	139	17	62	0	12490
10230	158	56	22	12353	0	12589
10231	87	24	20	12592	0	12723
10232	58	12408	22	198	0	12686
10233	61	151	12366	62	0	12640
10234	49	59	138	12460	0	12706
10235	12514	33	56	180	0	12783
10236	13424	22	31	103	0	13580
10237	267	26	13896	56	0	14245
10238	129	28	229	14138	0	14524
10239	52	14467	100	251	0	14870
10240	44	253	51	14821	0	15169
10241	14742	101	22	329	0	15194
10242	14807	62	32	143	0	15044
10243	369	41	22	14552	0	14984
10244	155	14330	16	288	0	14789
10245	15254	273	16	155	0	15698
10246	310	118	10	15630	0	16068
10247	15632	74	18	339	0	16063
10248	16372	55	15	190	0	16632
10249	432	43	16	16267	0	16758
10250	198	33	22	16439	0	16692
10251	122	24	26	16722	0	16894
10252	77	16485	22	491	0	17075
10253	95	294	23	16815	0	17227
10254	90	118	19	16937	0	17164
10255	89	66	16229	427	0	16811
10256	82	49	15751	212	0	16094
10257	68	38	350	15952	0	16408
10258	15799	32	134	385	0	16350
10259	321	15821	64	178	0	16384
10260	15466	284	39	163	0	15952
10261	362	115	15439	104	0	16020
10262	166	70	14680	93	0	15009
10263	93	14812	320	80	0	15305
10264	124	270	167	14603	0	15164
10265	54	103	14592	282	0	15031
10266	44	63	14628	126	0	14861
10267	64	65	300	14539	0	14968
10268	14546	23	126	307	0	15002
10269	14630	27	78	155	0	14890
10270	331	32	42	14474	0	14879
10271	152	33	15101	278	0	15564
10272	112	29	223	15258	0	15622
10273	76	25	116	15240	0	15457
10274	45	15285	74	314	0	15718
10275	15282	227	55	178	0	15742
10276	15318	101	45	116	0	15580
10277	320	15445	37	94	0	15896
10278	172	238	46	14771	0	15227
10279	93	15202	43	235	0	15573
10280	15156	258	36	160	0	15610
10281	281	110	14964	97	0	15452
10282	139	78	14292	67	0	14576
10283	92	38	14346	67	0	14543
10284	66	40	315	14335	0	14756
10285	75	26	140	14473	0	14714
10286	14298	23	69	341	0	14731
10287	239	40	44	14357	0	14680
10288	149	29	30	14579	0	14787
10289	93	37	14988	334	0	15452
10290	72	40	14472	180	0	14764
10291	14553	33	291	145	0	15022
10292	232	14791	136	103	0	15262
10293	15096	217	86	101	0	15500
10294	289	96	58	15011	0	15454
10295	141	79	50	14965	0	15235
10296	102	14801	58	318	0	15279
10297	78	219	49	15070	0	15416
10298	14853	85	44	342	0	15324
10299	244	74	49	14920	0	15287
10300	126	51	14870	325	0	15372
10301	88	14521	218	181	0	15008
10302	14378	206	126	155	0	14865
10303	14610	89	90	141	0	14930
10304	14661	59	53	119	0	14892
10305	14809	48	51	114	0	15022
10306	382	45	34	14567	0	15028
10307	202	38	43	14819	0	15102
10308	116	48	14594	355	0	15113
10309	108	47	220	14705	0	15080
10310	85	48	14606	331	0	15070
10311	100	38	253	14627	0	15018
10312	14594	43	122	335	0	15094
10313	258	14884	87	183	0	15412
10314	148	218	56	15257	0	15679
10315	111	106	60	15554	0	15831
10316	15249	61	44	375	0	15729
10317	14949	45	48	231	0	15273
10318	339	37	14821	136	0	15333
10319	164	14919	238	126	0	15447
10320	129	207	120	14859	0	15315
10321	90	96	96	15031	0	15313
10322	14762	66	60	394	0	15282
10323	14711	46	77	226	0	15060
10324	345	50	14824	145	0	15364
10325	200	39	14792	118	0	15149
10326	127	54	316	14438	0	14935
10327	98	42	154	14892	0	15186
10328	86	43	14709	347	0	15185
10329	14285	38	241	218	0	14782
10330	290	40	139	14798	0	15267
10331	14582	33	89	323	0	15027
10332	274	14465	77	170	0	14986
10333	14886	214	59	155	0	15314
10334	320	100	15685	122	0	16227
10335	168	15349	226	107	0	15850
10336	93	15058	103	64	0	15318
10337	14178	162	223	100	0	14663
10338	13915	54	43	83	0	14095
10339	194	26	23	13842	0	14085
10340	69	13659	24	140	0	13892
10341	42	14163	27	82	0	14314
10342	45	152	21	14385	0	14603
10343	14474	59	21	187	0	14741
10344	14767	27	21	113	0	14928
10345	193	34	13810	33	0	14070
10346	13538	13	105	49	0	13705
10347	141	14749	39	31	0	14960
10348	15089	168	10	49	0	15316
10349	232	17479	16	37	0	17764
10350	89	19127	19	28	0	19263
10351	173	535	24	20347	0	21079
10352	22013	221	33	504	0	22771
10353	22728	120	7	258	0	23113
10354	742	71	22160	151	0	23124
10355	435	30	508	22276	0	23249
10356	22630	26	228	605	0	23489
10357	709	23	126	22789	0	23647
10358	22958	13	84	717	0	23772
10359	23250	24	59	367	0	23700
10360	870	26	22841	224	0	23961
10361	520	22	535	22566	0	23643
10362	351	38	233	23149	0	23771
10363	250	19	142	23397	0	23808
10364	168	23	22506	909	0	23606
10365	181	26	571	22659	0	23437
10366	143	27	261	22071	0	22502
10367	74	22136	179	878	0	23267
10368	81	531	21863	475	0	22950
10369	65	22303	549	385	0	23302
10370	22272	648	253	253	0	23426
10371	637	301	171	21429	0	22538
10372	336	200	108	21102	0	21746
10373	212	21431	101	768	0	22512
10374	21341	595	65	450	0	22451
10375	21644	273	55	295	0	22267
10376	825	21108	45	235	0	22213
10377	442	21875	47	180	0	22544
10378	21520	780	38	173	0	22511
10379	712	409	21134	112	0	22367
10380	384	265	21059	108	0	21816
10381	20633	188	746	129	0	21696
10382	661	21233	374	109	0	22377
10383	21327	620	245	144	0	22336
10384	741	317	20702	106	0	21866
10385	21221	204	575	146	0	22146
10386	795	21687	276	99	0	22857
10387	487	617	200	21774	0	23078
10388	341	332	129	22173	0	22975
10389	337	223	97	20728	0	21385
10390	268	128	86	21715	0	22197
10391	215	105	93	21258	0	21671
10392	177	20912	74	1088	0	22251
10393	21005	586	59	641	0	22291
10394	651	292	20894	426	0	22263
10395	382	216	559	21233	0	22390
10396	273	161	21191	767	0	22392
10397	254	130	720	21242	0	22346
10398	221	113	372	21716	0	22422
10399	21092	97	265	1006	0	22460
10400	659	99	20867	582	0	22207
10401	352	20710	648	411	0	22121
10402	295	569	322	21007	0	22193
10403	217	333	225	21589	0	22364
10404	211	232	21092	908	0	22443
10405	211	182	621	21290	0	22304
10406	190	153	320	21844	0	22507
10407	20654	134	218	1054	0	22060
10408	620	20973	162	635	0	22390
10409	21069	614	129	475	0	22287
10410	21500	338	95	362	0	22295
10411	989	248	92	21020	0	22349
10412	573	197	20691	711	0	22172
10413	406	193	20851	393	0	21843
10414	341	160	804	20511	0	21816
10415	292	143	443	20249	0	21127
10416	224	20478	316	903	0	21921
10417	20439	587	254	565	0	21845
10418	686	20123	203	430	0	21442
10419	411	20841	157	327	0	21736
10420	20574	881	129	318	0	21902
10421	806	487	135	20186	0	21614
10422	464	20934	112	756	0	22266
10423	370	741	123	21104	0	22338
10424	252	381	20542	933	0	22108
10425	210	297	20628	572	0	21707
10426	244	204	777	20843	0	22068
10427	188	159	20926	876	0	22149
10428	196	145	828	20799	0	21968
10429	177	144	472	20984	0	21777
10430	162	122	352	21495	0	22131
10431	20255	116	262	1159	0	21792
10432	594	19648	221	752	0	21215
10433	335	20349	187	535	0	21406
10434	19130	754	138	435	0	20457
10435	19579	434	105	363	0	20481
10436	890	307	105	19049	0	20351
10437	502	275	18907	712	0	20396
10438	396	224	559	19127	0	20306
10439	292	189	18993	817	0	20291
10440	227	18874	683	535	0	20319
10441	239	598	348	19063	0	20248
10442	18728	312	279	798	0	20117
10443	687	239	193	18853	0	19972
10444	388	194	17998	764	0	19344
10445	17664	185	588	501	0	18938
10446	737	160	18088	330	0	19315
10447	477	129	17288	278	0	18172
10448	306	16207	666	276	0	17455
10449	173	13415	298	141	0	14027
10450	172	12474	245	130	0	13021
10451	9879	343	448	264	0	10934
10452	9049	21	71	54	0	9195
10453	44	7	5	9097	0	9153
10454	23	6	10	9110	0	9149
10455	19	7	6	9253	0	9285
10456	6	9232	3	55	0	9296
10457	9196	34	6	31	0	9267
10458	38	9215	3	15	0	9271
10459	17	39	5	9285	0	9346
10460	9098	13	6	59	0	9176
10461	44	10	6	9141	0	9201
10462	32	4	5	9260	0	9301
10463	9309	5	10	72	0	9396
10464	9212	8	5	50	0	9275
10465	57	4	9253	13	0	9327
10466	23	12	9133	9	0	9177
10467	11	9	9384	14	0	9418
10468	20	12	57	9429	0	9518
10469	17	6	17	9608	0	9648
10470	10	9602	10	63	0	9685
10471	9882	50	4	40	0	9976
10472	58	14	6	10069	0	10147
10473	23	8	9	10293	0	10333
10474	12	10296	11	87	0	10406
10475	7	10861	10	30	0	10908
10476	15	85	9	11117	0	11226
10477	20	20	5	12225	0	12270
10478	12275	10	7	180	0	12472
10479	12391	7	6	67	0	12471
10480	165	9	3	12358	0	12535
10481	51	12	12375	149	0	12587
10482	30	12	12046	49	0	12137
10483	42	9	155	12269	0	12475
10484	43	6	35	12121	0	12205
10485	14	12021	31	189	0	12255
10486	11655	125	20	76	0	11876
10487	145	29	16	11675	0	11865
10488	41	22	11690	156	0	11909
10489	37	18	135	11825	0	12015
10490	20	17	11808	164	0	12009
10491	32	14	11863	64	0	11973
10492	37	47	164	11989	0	12237
10493	12000	20	63	174	0	12257
10494	134	5	11948	65	0	12152
10495	49	9	151	11834	0	12043
10496	33	11	12480	148	0	12672
10497	40	11	143	12459	0	12653
10498	36	9	52	12562	0	12659
10499	21	13	12529	182	0	12745
10500	22	14	12222	78	0	12336
10501	41	12	193	11552	0	11798
10502	22	8	59	12576	0	12665
10503	29	7	37	12631	0	12704
10504	23	5	43	12488	0	12559
10505	12359	5	40	206	0	12610
10506	12379	4	24	114	0	12521
10507	157	12301	35	71	0	12564
10508	12401	130	29	73	0	12633
10509	161	28	26	12513	0	12728
10510	12578	16	28	180	0	12802
10511	174	13	12646	63	0	12896
10512	12842	12	151	72	0	13077
10513	182	8	58	13112	0	13360
10514	63	11	37	13575	0	13686
10515	13455	10	30	249	0	13744
10516	206	3	29	14201	0	14439
10517	56	13	14573	261	0	14903
10518	14457	9	214	129	0	14809
10519	233	14914	61	92	0	15300
10520	95	203	29	15409	0	15736
10521	47	68	16421	274	0	16810
10522	71	37	274	16323	0	16705
10523	54	25	16514	318	0	16911
10524	55	34	287	16565	0	16941
10525	41	16685	84	329	0	17139
10526	69	268	56	16833	0	17226
10527	37	17476	45	357	0	17915
10528	97	320	61	16619	0	17097
10529	81	86	38	18384	0	18589
10530	68	49	46	18486	0	18649
10531	64	32	52	18519	0	18667
10532	69	40	42	18595	0	18746
10533	53	38	18096	496	0	18683
10534	56	27	337	18201	0	18621
10535	46	23	115	18566	0	18750
10536	18341	21	75	519	0	18956
10537	330	18298	72	258	0	18958
10538	18497	355	60	172	0	19084
10539	394	105	52	18601	0	19152
10540	107	77	18561	455	0	19200
10541	69	18500	372	218	0	19159
10542	18425	377	107	195	0	19104
10543	372	18331	79	156	0	18938
10544	98	18900	64	148	0	19210
10545	18668	437	53	158	0	19316
10546	408	128	39	19437	0	20012
10547	19373	81	53	517	0	20024
10548	465	58	46	19167	0	19736
10549	153	51	19162	534	0	19900
10550	110	47	19083	230	0	19470
10551	18604	47	486	199	0	19336
10552	19339	43	157	171	0	19710
10553	530	38	99	18772	0	19439
10554	206	53	77	19096	0	19432
10555	18342	65	64	565	0	19036
10556	438	18197	51	228	0	18914
10557	167	18754	61	155	0	19137
10558	18458	459	49	157	0	19123
10559	18712	160	44	149	0	19065
10560	522	18511	52	133	0	19218
10561	225	429	56	18534	0	19244
10562	159	148	18310	463	0	19080
10563	133	96	18327	182	0	18738
10564	17949	76	486	162	0	18673
10565	484	67	18229	137	0	18917
10566	214	50	432	17850	0	18546
10567	150	54	153	17740	0	18097
10568	120	17780	105	526	0	18531
10569	17748	390	87	232	0	18457
10570	476	144	81	17677	0	18378
10571	180	116	17303	475	0	18074
10572	158	17227	373	208	0	17966
10573	154	437	108	17032	0	17731
10574	110	147	16882	423	0	17562
10575	102	122	16441	192	0	16857
10576	96	16128	424	147	0	16795
10577	14932	330	173	125	0	15560
10578	315	15083	114	114	0	15626
10579	15010	334	93	114	0	15551
10580	343	119	14857	115	0	15434
10581	14532	94	315	136	0	15077
10582	354	14828	132	111	0	15425
10583	150	316	109	14945	0	15520
10584	113	119	79	15413	0	15724
10585	15146	89	70	449	0	15754
10586	347	89	15098	198	0	15732
10587	14989	84	333	184	0	15590
10588	15246	72	127	138	0	15583
10589	425	77	14702	107	0	15311
10590	173	99	14967	106	0	15345
10591	145	98	381	14671	0	15295
10592	14830	74	157	389	0	15450
10593	14993	76	116	160	0	15345
10594	409	15019	103	132	0	15663
10595	213	320	70	15185	0	15788
10596	155	127	78	14940	0	15300
10597	140	94	81	15110	0	15425
10598	138	86	57	15320	0	15601
10599	15059	66	68	468	0	15661
10600	407	62	74	15154	0	15697
10601	193	72	14960	408	0	15633
10602	165	70	14756	163	0	15154
10603	14579	64	398	161	0	15202
10604	390	14646	171	117	0	15324
10605	183	15152	120	113	0	15568
10606	185	392	89	15188	0	15854
10607	147	138	78	15482	0	15845
10608	146	102	75	15394	0	15717
10609	132	69	84	15548	0	15833
10610	114	71	15114	501	0	15800
10611	139	59	324	14945	0	15467
10612	139	68	116	14915	0	15238
10613	107	46	14172	472	0	14797
10614	13369	42	330	256	0	13997
10615	347	13757	148	179	0	14431
10616	13035	245	87	140	0	13507
10617	304	90	12756	111	0	13261
10618	147	54	12380	103	0	12684
10619	115	12341	283	78	0	12817
10620	11473	407	499	164	0	12543
10621	10853	91	101	105	0	11150
10622	10826	47	48	82	0	11003
10623	246	10572	47	77	0	10942
10624	10319	162	45	70	0	10596
10625	205	64	10294	77	0	10640
10626	82	10194	170	67	0	10513
10627	9823	144	75	75	0	10117
10628	176	9922	49	53	0	10200
10629	9582	150	37	52	0	9821
10630	9328	48	39	60	0	9475
10631	184	35	9537	31	0	9787
10632	77	9561	152	35	0	9825
10633	9470	136	54	42	0	9702
10634	155	53	9389	22	0	9619
10635	72	9316	136	27	0	9551
10636	86	160	51	9065	0	9362
10637	54	52	9001	105	0	9212
10638	46	32	8759	39	0	8876
10639	35	61	130	8774	0	9000
10640	8592	24	52	120	0	8788
10641	124	8635	28	50	0	8837
10642	56	113	8513	26	0	8708
10643	58	39	8365	24	0	8486
10644	7986	34	122	26	0	8168
10645	108	8369	56	15	0	8548
10646	7662	68	33	14	0	7777
10647	73	7626	14	3	0	7716
10648	7784	71	27	16	0	7898
10649	7649	26	6	13	0	7694
10650	94	7567	11	10	0	7682
10651	37	72	18	7647	0	7774
10652	8087	30	13	96	0	8226
10653	92	12	10	8292	0	8406
10654	39	11	13	8703	0	8766
10655	8620	11	13	152	0	8796
10656	109	8630	14	53	0	8806
10657	8774	113	13	33	0	8933
10658	124	41	8769	11	0	8945
10659	53	17	117	8806	0	8993
10660	38	11	37	8836	0	8922
10661	8737	18	16	154	0	8925
10662	8792	17	12	50	0	8871
10663	161	18	8	8730	0	8917
10664	62	14	8838	117	0	9031
10665	46	12	100	8797	0	8955
10666	31	11	35	8954	0	9031
10667	21	16	21	9008	0	9066
10668	44	7	16	9033	0	9100
10669	8907	14	5	181	0	9107
10670	136	21	8856	58	0	9071
10671	63	8893	118	33	0	9107
10672	34	118	42	8881	0	9075
10673	29	40	17	9294	0	9380
10674	33	20	9204	181	0	9438
10675	32	13	9057	82	0	9184
10676	37	11	156	9303	0	9507
10677	30	12	50	9459	0	9551
10678	34	10	9221	196	0	9461
10679	36	5	143	9253	0	9437
10680	9340	18	54	189	0	9601
10681	160	9563	27	84	0	9834
10682	74	138	9461	50	0	9723
10683	39	9445	158	47	0	9689
10684	38	156	61	9559	0	9814
10685	48	68	9547	170	0	9833
10686	34	9541	160	83	0	9818
10687	44	140	68	9648	0	9900
10688	20	58	9800	171	0	10049
10689	31	28	151	9768	0	9978
10690	33	17	65	9863	0	9978
10691	9789	18	46	224	0	10077
10692	169	21	33	9845	0	10068
10693	9855	16	21	209	0	10101
10694	9541	22	39	96	0	9698
10695	9522	26	28	72	0	9648
10696	236	14	23	9451	0	9724
10697	77	20	9151	179	0	9427
10698	42	22	9000	81	0	9145
10699	9169	19	183	60	0	9431
10700	163	19	9281	31	0	9494
10701	9020	21	151	54	0	9246
10702	159	9160	66	47	0	9432
10703	9312	137	39	63	0	9551
10704	171	47	9422	44	0	9684
10705	79	30	9709	37	0	9855
10706	66	17	175	9974	0	10232
10707	44	13	10240	189	0	10486
10708	49	16	10479	77	0	10621
10709	60	12	219	10823	0	11114
10710	54	20	86	11190	0	11350
10711	46	14	51	11568	0	11679
10712	36	11429	43	267	0	11775
10713	51	203	37	11314	0	11605
10714	30	11778	45	246	0	12099
10715	11827	226	34	109	0	12196
10716	12168	95	29	73	0	12365
10717	294	37	38	11794	0	12163
10718	100	11780	45	265	0	12190
10719	62	221	12060	119	0	12462
10720	12142	57	249	92	0	12540
10721	280	43	96	12156	0	12575
10722	109	32	64	12364	0	12569
10723	92	28	45	12476	0	12641
10724	12097	23	41	384	0	12545
10725	281	11621	39	178	0	12119
10726	86	11949	60	122	0	12217
10727	11646	289	42	89	0	12066
10728	269	11757	42	78	0	12146
10729	11854	271	42	89	0	12256
10730	11908	104	46	92	0	12150
10731	341	11740	40	72	0	12193
10732	146	276	41	11548	0	12011
10733	88	11699	49	279	0	12115
10734	96	266	45	11732	0	12139
10735	73	123	31	12256	0	12483
10736	12134	63	33	393	0	12623
10737	12567	66	38	173	0	12844
10738	380	66	24	12409	0	12879
10739	160	48	12127	352	0	12687
10740	11930	59	269	159	0	12417
10741	328	12068	97	126	0	12619
10742	164	265	56	12141	0	12626
10743	118	117	55	12367	0	12657
10744	121	77	37	12468	0	12703
10745	11928	73	31	449	0	12481
10746	12001	71	34	223	0	12329
10747	376	11373	39	172	0	11960
10748	166	11667	41	124	0	11998
10749	164	304	30	11598	0	12096
10750	144	141	31	11816	0	12132
10751	89	101	11517	392	0	12099
10752	103	103	247	11218	0	11671
10753	93	58	10976	357	0	11484
10754	77	58	10396	169	0	10700
10755	61	10457	278	148	0	10944
10756	122	219	123	10515	0	10979
10757	10543	106	68	313	0	11030
10758	274	69	61	10502	0	10906
10759	130	75	10348	301	0	10854
10760	10238	78	225	144	0	10685
10761	10494	61	85	119	0	10759
10762	330	79	10294	102	0	10805
10763	177	48	226	10581	0	11032
10764	10443	53	97	301	0	10894
10765	309	10557	61	150	0	11077
10766	10756	244	71	128	0	11199
10767	11092	122	44	137	0	11395
10768	367	76	53	10934	0	11430
10769	199	69	46	11280	0	11594
10770	11154	66	33	400	0	11653
10771	359	49	37	11230	0	11675
10772	170	59	11062	380	0	11671
10773	10757	52	259	198	0	11266
10774	11029	48	94	143	0	11314
10775	363	10581	58	130	0	11132
10776	157	10808	55	142	0	11162
10777	141	326	43	10528	0	11038
10778	106	10748	40	308	0	11202
10779	121	338	47	10816	0	11322
10780	10678	116	41	320	0	11155
10781	10514	82	36	182	0	10814
10782	323	10362	44	127	0	10856
10783	10311	240	45	135	0	10731
10784	311	10234	41	114	0	10700
10785	10256	256	53	110	0	10675
10786	10409	112	45	114	0	10680
10787	362	73	10036	92	0	10563
10788	9901	85	226	101	0	10313
10789	323	9762	86	100	0	10271
10790	184	10081	52	101	0	10418
10791	10129	281	61	88	0	10559
10792	347	119	36	10149	0	10651
10793	186	95	10130	265	0	10676
10794	158	92	222	10235	0	10707
10795	161	71	83	10492	0	10807
10796	117	74	10155	344	0	10690
10797	9921	56	237	184	0	10398
10798	321	9977	98	139	0	10535
10799	9918	238	70	123	0	10349
10800	346	95	65	9724	0	10230
10801	9695	76	49	272	0	10092
10802	311	9598	35	169	0	10113
10803	197	265	43	9623	0	10128
10804	9493	99	44	287	0	9923
10805	300	73	8987	146	0	9506
10806	150	54	8365	104	0	8673
10807	8059	70	232	114	0	8475
10808	271	7872	86	82	0	8311
10809	111	7326	50	58	0	7545
10810	207	208	111	6851	0	7377
10811	88	6911	45	154	0	7198
10812	108	175	44	6909	0	7236
10813	78	92	26	7137	0	7333
10814	73	49	28	7023	0	7173
10815	63	6860	27	197	0	7147
10816	63	140	32	6776	0	7011
10817	63	74	6606	166	0	6909
10818	55	6437	116	99	0	6707
10819	68	127	42	6001	0	6238
10820	49	6119	36	112	0	6316
10821	6100	114	29	66	0	6309
10822	6111	57	29	58	0	6255
10823	6112	37	32	58	0	6239
10824	161	6156	27	40	0	6384
10825	101	108	14	6173	0	6396
10826	76	54	6086	110	0	6326
10827	72	37	5980	59	0	6148
10828	5898	59	111	50	0	6118
10829	5943	47	48	60	0	6098
10830	138	34	34	6186	0	6392
10831	81	33	30	6324	0	6468
10832	67	26	6321	155	0	6569
10833	53	6164	102	120	0	6439
10834	58	6064	46	69	0	6237
10835	54	99	5957	48	0	6158
10836	45	88	116	5666	0	5915
10837	37	39	36	4977	0	5089
10838	45	16	16	5756	0	5833
10839	39	31	19	5749	0	5838
10840	5700	32	18	100	0	5850
10841	105	21	5525	44	0	5695
10842	5513	24	73	39	0	5649
10843	102	28	27	5561	0	5718
10844	5582	23	13	101	0	5719
10845	98	21	18	5586	0	5723
10846	51	28	5586	83	0	5748
10847	33	31	75	5627	0	5766
10848	28	30	5686	86	0	5830
10849	31	34	69	5585	0	5719
10850	32	18	5749	101	0	5900
10851	17	5815	78	48	0	5958
10852	24	74	33	5850	0	5981
10853	20	30	16	5869	0	5935
10854	18	5916	21	92	0	6047
10855	6063	76	17	49	0	6205
10856	94	27	14	6065	0	6200
10857	39	27	15	6067	0	6148
10858	6111	15	15	125	0	6266
10859	6198	20	10	61	0	6289
10860	6364	20	17	38	0	6439
10861	6411	16	16	36	0	6479
10862	118	12	6134	33	0	6297
10863	5960	9	78	32	0	6079
10864	6183	9	29	33	0	6254
10865	108	11	20	5910	0	6049
10866	43	12	11	5870	0	5936
10867	5641	10	17	87	0	5755
10868	71	5592	12	36	0	5711
10869	34	54	11	5457	0	5556
10870	17	22	5528	63	0	5630
10871	11	5426	46	31	0	5514
10872	5403	51	28	27	0	5509
10873	5487	11	12	19	0	5529
10874	5489	7	3	11	0	5510
10875	5552	6	8	11	0	5577
10876	66	10	6	5411	0	5493
10877	19	6	5403	56	0	5484
10878	5	8	5596	19	0	5628
10879	16	5	63	5948	0	6032
10880	6288	1	17	71	0	6377
10881	87	3	1	6355	0	6446
10882	25	4	6410	82	0	6521
10883	6406	4	86	36	0	6532
10884	6476	4	24	21	0	6525
10885	111	4	8	6524	0	6647
10886	28	4	6641	95	0	6768
10887	20	3	6718	26	0	6767
10888	6555	1	100	28	0	6684
10889	90	6642	26	15	0	6773
10890	34	69	6753	10	0	6866
10891	17	19	84	6684	0	6804
10892	6672	4	23	90	0	6789
10893	89	6435	12	24	0	6560
10894	28	6552	12	17	0	6609
10895	6538	84	12	24	0	6658
10896	93	21	13	6532	0	6659
10897	6946	8	9	92	0	7055
10898	111	8	5	7059	0	7183
10899	36	9	14	7146	0	7205
10900	18	11	7098	119	0	7246
10901	20	10	6798	37	0	6865
10902	25	11	7116	11	0	7163
10903	13	13	125	7130	0	7281
10904	7244	5	37	118	0	7404
10905	112	3	7227	51	0	7393
10906	49	7	107	7244	0	7407
10907	15	15	7374	120	0	7524
10908	23	7445	113	38	0	7619
10909	39	101	36	7601	0	7777
10910	38	23	18	7638	0	7717
10911	29	6	16	7719	0	7770
10912	7594	4	26	156	0	7780
10913	124	5	19	7551	0	7699
10914	54	7	26	7637	0	7724
10915	7546	12	26	149	0	7733
10916	127	7	7461	58	0	7653
10917	7440	8	118	42	0	7608
10918	7484	10	43	27	0	7564
10919	151	21	7379	27	0	7578
10920	7326	12	121	34	0	7493
10921	138	9	38	7591	0	7776
10922	58	19	7643	126	0	7846
10923	7618	9	120	64	0	7811
10924	7769	3	38	47	0	7857
10925	159	4	18	7700	0	7881
10926	62	4	24	7752	0	7842
10927	38	2	26	7789	0	7855
10928	7628	0	27	175	0	7830
10929	128	7642	29	65	0	7864
10930	7453	93	27	40	0	7613
10931	114	7096	25	30	0	7265
10932	46	7133	32	34	0	7245
10933	33	120	30	7176	0	7359
10934	38	37	12	7292	0	7379
10935	29	9	22	7231	0	7291
10936	20	18	27	7249	0	7314
10937	36	9	7051	155	0	7251
10938	6946	14	107	67	0	7134
10939	121	16	32	7138	0	7307
10940	48	14	7145	144	0	7351
10941	37	9	114	7193	0	7353
10942	44	14	39	7317	0	7414
10943	42	22	7467	150	0	7681
10944	33	12	119	7459	0	7623
10945	37	15	42	7505	0	7599
10946	7553	11	18	170	0	7752
10947	118	10	7590	69	0	7787
10948	7364	5	111	57	0	7537
10949	124	7694	44	61	0	7923
10950	7654	100	39	50	0	7843
10951	7587	27	31	46	0	7691
10952	158	10	31	7541	0	7740
10953	54	15	7455	145	0	7669
10954	34	7872	125	59	0	8090
10955	36	132	35	7607	0	7810
10956	23	8144	22	147	0	8336
10957	8155	138	20	67	0	8380
10958	146	41	7993	42	0	8222
10959	43	19	7932	49	0	8043
10960	39	22	139	7843	0	8043
10961	32	18	8080	152	0	8282
10962	43	13	129	8118	0	8303
10963	26	15	47	8100	0	8188
10964	8253	4	24	193	0	8474
10965	149	8295	33	67	0	8544
10966	49	135	30	8410	0	8624
10967	32	30	26	8605	0	8693
10968	41	13	31	8490	0	8575
10969	33	8216	34	178	0	8461
10970	30	8484	26	82	0	8622
10971	8344	147	28	59	0	8578
10972	8408	33	26	60	0	8527
10973	8395	10	26	43	0	8474
10974	178	19	8208	40	0	8445
10975	66	43	124	8115	0	8348
10976	44	21	8105	146	0	8316
10977	44	8066	122	60	0	8292
10978	7731	132	52	50	0	7965
10979	130	36	7549	44	0	7759
10980	47	29	111	7238	0	7425
10981	26	14	7364	111	0	7515
10982	7204	7	107	51	0	7369
10983	7446	9	34	35	0	7524
10984	7446	11	13	29	0	7499
10985	7366	11	22	30	0	7429
10986	133	10	7442	18	0	7603
10987	7252	9	92	27	0	7380
10988	7397	8	34	22	0	7461
10989	117	7326	21	26	0	7490
10990	7247	82	14	32	0	7375
10991	7374	23	13	26	0	7436
10992	134	9	16	7188	0	7347
10993	36	7437	14	99	0	7586
10994	7782	84	7	56	0	7929
10995	8247	21	10	32	0	8310
10996	156	15	8743	26	0	8940
10997	45	9	8668	17	0	8739
10998	22	10	8858	12	0	8902
10999	32	41	167	8769	0	9009
11000	8784	10	49	142	0	8985
11001	136	8774	29	45	0	8984
11002	8654	127	20	40	0	8841
11003	152	8685	22	28	0	8887
11004	8585	144	16	19	0	8764
11005	149	8453	10	17	0	8629
11006	56	8620	6	17	0	8699
11007	8354	157	12	25	0	8548
11008	133	8513	12	12	0	8670
11009	45	141	11	8424	0	8621
11010	31	38	8548	123	0	8740
11011	19	36	8512	35	0	8602
11012	26	19	142	8470	0	8657
11013	29	11	46	8638	0	8724
11014	14	17	8613	153	0	8797
11015	20	12	125	8525	0	8682
11016	15	9	41	8662	0	8727
11017	8618	8	28	176	0	8830
11018	127	8626	19	73	0	8845
11019	46	124	12	8363	0	8545
11020	28	8641	22	121	0	8812
11021	8611	132	18	53	0	8814
11022	134	8637	13	39	0	8823
11023	8641	137	13	32	0	8823
11024	8664	43	14	29	0	8750
11025	167	35	10	8547	0	8759
11026	79	24	19	8589	0	8711
11027	48	29	18	8657	0	8752
11028	37	24	18	8675	0	8754
11029	33	13	8372	189	0	8607
11030	7998	17	117	87	0	8219
11031	135	8350	40	45	0	8570
11032	67	130	29	8541	0	8767
11033	59	46	15	8554	0	8674
11034	40	8536	15	167	0	8758
11035	8572	145	20	67	0	8804
11036	146	8630	20	38	0	8834
11037	65	150	14	8724	0	8953
11038	45	58	15	8911	0	9029
11039	49	36	12	8932	0	9029
11040	39	28	16	8871	0	8954
11041	8706	21	25	209	0	8961
11042	153	23	8705	83	0	8964
11043	62	18	139	8512	0	8731
11044	48	18	61	8613	0	8740
11045	45	15	41	8640	0	8741
11046	33	19	28	8585	0	8665
11047	8303	21	19	219	0	8562
11048	168	26	8255	86	0	8535
11049	69	41	121	7916	0	8147
11050	44	7741	38	156	0	7979
11051	40	8143	28	59	0	8270
11052	8015	174	16	64	0	8269
11053	160	71	7930	32	0	8193
11054	7302	44	104	42	0	7492
11055	147	26	7466	39	0	7678
11056	61	20	117	7151	0	7349
11057	7272	18	40	144	0	7474
11058	100	7368	35	76	0	7579
11059	50	99	36	7189	0	7374
11060	41	6821	29	119	0	7010
11061	7267	123	20	78	0	7488
11062	7326	42	20	64	0	7452
11063	146	33	18	7311	0	7508
11064	65	30	7166	135	0	7396
11065	53	32	7105	62	0	7252
11066	37	39	120	7083	0	7279
11067	30	7089	53	130	0	7302
11068	32	125	21	7470	0	7648
11069	39	46	12	7139	0	7236
11070	45	36	12	7140	0	7233
11071	31	25	7232	178	0	7466
11072	36	18	110	7179	0	7343
11073	24	18	43	7308	0	7393
11074	12	7194	45	199	0	7450
11075	21	130	20	7136	0	7307
11076	18	52	19	7515	0	7604
11077	25	30	23	7626	0	7704
11078	33	15	26	7596	0	7670
11079	24	22	16	7521	0	7583
11080	25	18	12	7521	0	7576
11081	24	36	11	7362	0	7433
11082	29	28	12	7243	0	7312
11083	28	34	6872	230	0	7164
11084	36	22	92	7008	0	7158
11085	6913	21	45	168	0	7147
11086	131	13	28	6813	0	6985
11087	63	9	6904	156	0	7132
11088	6783	16	108	91	0	6998
11089	7052	14	49	80	0	7195
11090	7038	24	29	65	0	7156
11091	7124	18	10	62	0	7214
11092	178	22	17	7113	0	7330
11093	74	9	7037	148	0	7268
11094	40	6738	101	78	0	6957
11095	29	6140	42	57	0	6268
11096	79	130	163	5502	0	5874
11097	24	17	43	5767	0	5851
11098	10	8	5	5776	0	5799
11099	5	6	3	6002	0	6016
11100	2	10	1	6590	0	6603
11101	6981	6	4	147	0	7138
11102	129	7030	4	45	0	7208
11103	37	7366	9	23	0	7435
11104	32	158	4	7485	0	7679
11105	15	49	9	7669	0	7742
11106	16	22	3	7710	0	7751
11107	14	4	0	7720	0	7738
11108	11	14	7341	216	0	7582
11109	6	7233	138	85	0	7462
11110	14	142	33	7242	0	7431
11111	7115	39	21	172	0	7347
11112	148	28	5	7180	0	7361
11113	40	15	7148	194	0	7397
11114	31	15	6943	69	0	7058
11115	10	17	7274	53	0	7354
11116	16	25	188	7151	0	7380
11117	7347	13	65	192	0	7617
11118	148	10	31	7451	0	7640
11119	52	14	15	7760	0	7841
11120	7628	9	16	220	0	7873
11121	156	10	24	7818	0	8008
11122	54	10	23	7959	0	8046
11123	38	9	8181	205	0	8433
11124	18	8233	155	93	0	8499
11125	20	144	45	8511	0	8720
11126	8488	33	37	203	0	8761
11127	171	25	21	8547	0	8764
11128	44	6	8644	219	0	8913
11129	51	10	165	8615	0	8841
11130	24	8771	45	203	0	9043
11131	19	157	34	8946	0	9156
11132	21	39	8894	216	0	9170
11133	17	9432	166	75	0	9690
11134	29	180	40	9675	0	9924
11135	19	46	35	10514	0	10614
11136	34	34	17	10668	0	10753
11137	22	21	19	10736	0	10798
11138	15	13	10448	305	0	10781
11139	15	10437	207	122	0	10781
11140	10490	201	57	84	0	10832
11141	10696	53	48	60	0	10857
11142	238	41	17	10583	0	10879
11143	81	21	10482	241	0	10825
11144	10333	18	206	104	0	10661
11145	213	17	63	10657	0	10950
11146	68	24	10851	240	0	11183
11147	57	15	204	10946	0	11222
11148	43	15	60	11022	0	11140
11149	32	13	40	11160	0	11245
11150	22	15	11241	324	0	11602
11151	50	18	210	10809	0	11087
11152	30	11284	66	248	0	11628
11153	11344	206	52	95	0	11697
11154	11478	63	24	95	0	11660
11155	11458	41	26	75	0	11600
11156	283	11295	30	67	0	11675
11157	11372	196	26	68	0	11662
11158	256	53	28	11219	0	11556
11159	11184	41	41	254	0	11520
11160	11269	23	30	124	0	11446
11161	275	23	10975	95	0	11368
11162	107	10905	208	67	0	11287
11163	10937	199	72	72	0	11280
11164	226	75	48	10911	0	11260
11165	95	53	10897	231	0	11276
11166	77	10892	203	97	0	11269
11167	10779	200	70	99	0	11148
11168	241	73	35	10847	0	11196
11169	116	61	19	10981	0	11177
11170	83	26	24	10983	0	11116
11171	62	10803	38	311	0	11214
11172	66	202	20	10861	0	11149
11173	49	10705	31	267	0	11052
11174	44	220	40	10835	0	11139
11175	42	88	10776	269	0	11175
11176	53	57	203	10838	0	11151
11177	48	33	77	10996	0	11154
11178	42	33	59	11128	0	11262
11179	45	38	10839	330	0	11252
11180	57	30	201	10820	0	11108
11181	39	30	75	11121	0	11265
11182	35	34	59	11187	0	11315
11183	43	31	44	11162	0	11280
11184	42	38	37	11238	0	11355
11185	41	42	10891	357	0	11331
11186	63	23	210	10906	0	11202
11187	49	25	79	10909	0	11062
11188	10450	24	65	351	0	10890
11189	217	10268	50	185	0	10720
11190	88	10599	37	146	0	10870
11191	73	235	45	10569	0	10922
11192	63	85	37	10519	0	10704
11193	40	10061	29	322	0	10452
11194	41	184	30	10100	0	10355
11195	43	10017	39	289	0	10388
11196	62	210	28	9954	0	10254
11197	47	84	34	9859	0	10024
11198	45	55	9412	256	0	9768
11199	49	9088	159	151	0	9447
11200	52	8849	59	100	0	9060
11201	7976	144	56	59	0	8235
11202	111	8025	28	42	0	8206
11203	67	110	10	7891	0	8078
11204	46	50	7685	124	0	7905
11205	49	45	88	7618	0	7800
11206	7552	30	44	139	0	7765
11207	99	35	7641	69	0	7844
11208	56	7774	86	60	0	7976
11209	73	100	44	6770	0	6987
11210	26	40	33	7960	0	8059
11211	7971	35	31	144	0	8181
11212	97	31	14	8074	0	8216
11213	52	17	16	8083	0	8168
11214	27	26	14	8064	0	8131
11215	30	22	17	8031	0	8100
11216	7831	28	15	180	0	8054
11217	7771	20	18	113	0	7922
11218	116	20	19	7800	0	7955
11219	7555	20	19	152	0	7746
11220	102	20	21	7437	0	7580
11221	46	17	7199	142	0	7404
11222	24	15	7015	104	0	7158
11223	39	53	106	6563	0	6761
11224	18	6603	48	113	0	6782
11225	21	80	28	6531	0	6660
11226	6442	27	17	132	0	6618
11227	71	27	5	6543	0	6646
11228	6378	15	16	129	0	6538
11229	85	22	13	6386	0	6506
11230	42	16	6317	112	0	6487
11231	27	6118	66	75	0	6286
11232	14	6272	24	77	0	6387
11233	28	157	29	5518	0	5732
11234	13	24	5627	64	0	5728
11235	5	4898	18	19	0	4940
11236	28	40	15	4682	0	4765
11237	4642	6	7	31	0	4686
11238	12	5	4776	11	0	4804
11239	7	2	11	4778	0	4798
11240	3	2	6	4945	0	4956
11241	6	1	4947	26	0	4980
11242	5	3	4698	14	0	4720
11243	2	3	4995	6	0	5006
11244	3	16	25	5063	0	5107
11245	1	3	5192	24	0	5220
11246	4903	0	26	15	0	4944
11247	29	1	13	5326	0	5369
11248	19	3	6042	32	0	6096
11249	3	6205	38	21	0	6267
11250	8	40	6207	5	0	6260
11251	8	20	52	6179	0	6259
11252	6363	2	26	62	0	6453
11253	51	1	5	6558	0	6615
11254	22	0	3	6638	0	6663
11255	7060	2	1	84	0	7147
11256	72	1	3	7255	0	7331
11257	24	6	7353	76	0	7459
11258	7204	0	78	39	0	7321
11259	78	7478	24	10	0	7590
11260	7568	75	8	17	0	7668
11261	84	22	1	7601	0	7708
11262	26	7	7604	80	0	7717
11263	11	3	7631	29	0	7674
11264	14	16	96	7530	0	7656
11265	9	4	29	7588	0	7630
11266	8	5	7652	96	0	7761
11267	8	4	7431	31	0	7474
11268	7569	0	104	17	0	7690
11269	86	5	34	7704	0	7829
11270	7768	1	17	93	0	7879
11271	95	3	7	7696	0	7801
11272	34	7	7984	96	0	8121
11273	13	5	8293	31	0	8342
11274	15	0	107	8478	0	8600
11275	14	1	35	8687	0	8737
11276	9	8	8924	117	0	9058
11277	8926	2	101	49	0	9078
11278	119	1	28	9250	0	9398
11279	9586	3	20	123	0	9732
11280	135	10578	13	38	0	10764
11281	40	161	6	10821	0	11028
11282	10882	43	8	193	0	11126
11283	189	6	10957	56	0	11208
11284	65	2	184	11020	0	11271
11285	29	3	53	11078	0	11163
11286	33	7	17	11321	0	11378
11287	19	8	11113	242	0	11382
11288	26	5	186	11020	0	11237
11289	15	11138	59	188	0	11400
11290	25	168	21	11269	0	11483
11291	19	43	11186	208	0	11456
11292	17	19	11266	69	0	11371
11293	23	10	232	11314	0	11579
11294	20	7	64	11458	0	11549
11295	24	4	28	11623	0	11679
11296	23	5	25	11647	0	11700
11297	11387	9	17	276	0	11689
11298	11424	1	21	105	0	11551
11299	244	9	11243	46	0	11542
11300	60	11394	200	42	0	11696
11301	40	174	56	11672	0	11942
11302	11905	53	16	243	0	12217
11303	10531	27	37	143	0	10738
11304	12100	9	27	62	0	12198
11305	12164	7	34	43	0	12248
11306	256	11	11924	48	0	12239
11307	11598	15	199	54	0	11866
11308	218	11629	65	48	0	11960
11309	89	187	34	11781	0	12091
11310	53	49	11870	204	0	12176
11311	55	18	205	11816	0	12094
11312	35	17	11799	233	0	12084
11313	38	20	214	11810	0	12082
11314	37	13	69	12106	0	12225
11315	11957	8	37	295	0	12297
11316	227	12	39	12012	0	12290
11317	80	17	12038	245	0	12380
11318	48	8	210	12298	0	12564
11319	12267	8	80	264	0	12619
11320	236	9	50	12373	0	12668
11321	80	15	12299	257	0	12651
11322	39	12212	208	120	0	12579
11323	12521	185	73	103	0	12882
11324	223	61	50	12222	0	12556
11325	83	12673	50	228	0	13034
11326	12689	198	41	123	0	13051
11327	244	61	12642	72	0	13019
11328	79	12602	214	76	0	12971
11329	52	194	85	12844	0	13175
11330	48	74	12723	245	0	13090
11331	61	19	223	12528	0	12831
11332	12585	16	82	268	0	12951
11333	215	32	12465	121	0	12833
11334	93	20	227	12430	0	12770
11335	53	27	12495	253	0	12828
11336	49	18	223	12473	0	12763
11337	59	26	85	12690	0	12860
11338	12385	17	41	322	0	12765
11339	225	12435	48	125	0	12833
11340	110	186	41	12524	0	12861
11341	12386	61	45	268	0	12760
11342	12486	29	45	124	0	12684
11343	267	32	35	12242	0	12576
11344	86	11980	45	246	0	12357
11345	50	12293	46	123	0	12512
11346	70	229	54	11990	0	12343
11347	62	68	41	11981	0	12152
11348	11141	20	30	277	0	11468
11349	206	23	42	10966	0	11237
11350	75	25	10510	223	0	10833
11351	10141	17	166	117	0	10441
11352	191	10268	57	71	0	10587
11353	10230	147	29	75	0	10481
11354	191	43	10353	62	0	10649
11355	82	10328	143	57	0	10610
11356	10159	164	100	59	0	10482
11357	10253	51	50	58	0	10412
11358	212	29	10240	50	0	10531
11359	10092	29	180	50	0	10351
11360	10304	15	53	44	0	10416
11361	209	10279	33	41	0	10562
11362	78	167	31	10480	0	10756
11363	61	40	10411	185	0	10697
11364	59	25	171	10676	0	10931
11365	44	19	10797	204	0	11064
11366	38	27	181	10639	0	10885
11367	10760	20	65	218	0	11063
11368	206	14	34	11025	0	11279
11369	72	20	11437	214	0	11743
11370	11512	15	207	92	0	11826
11371	245	11	72	11798	0	12126
11372	83	15	11422	227	0	11747
11373	11015	15	213	102	0	11345
11374	251	21	76	11103	0	11451
11375	93	16	10799	235	0	11143
11376	53	25	10479	99	0	10656
11377	54	113	229	10253	0	10649
11378	32	15	10474	207	0	10728
11379	26	10018	190	89	0	10323
11380	43	157	62	9045	0	9307
11381	8996	27	45	142	0	9210
11382	123	19	9016	53	0	9211
11383	41	7	8927	32	0	9007
11384	8616	5	156	38	0	8815
11385	124	3	8975	30	0	9132
11386	8608	3	153	33	0	8797
11387	141	8	8865	17	0	9031
11388	59	8	139	8755	0	8961
11389	42	11	8952	119	0	9124
11390	29	8	157	8887	0	9081
11391	24	6	9109	136	0	9275
11392	23	6	8880	52	0	8961
11393	8521	8	144	45	0	8718
11394	114	8922	75	20	0	9131
11395	9027	104	42	31	0	9204
11396	130	9115	34	18	0	9297
11397	52	131	33	9227	0	9443
11398	55	32	21	9445	0	9553
11399	9406	20	43	154	0	9623
11400	138	9	29	9324	0	9500
11401	50	10	9284	134	0	9478
11402	8914	11	120	65	0	9110
11403	9130	5	60	49	0	9244
11404	164	8	54	9097	0	9323
11405	68	5	9261	146	0	9480
11406	43	10	148	9209	0	9410
11407	37	9243	56	146	0	9482
11408	27	125	45	9348	0	9545
11409	33	34	27	9542	0	9636
11410	32	28	9278	165	0	9503
11411	8504	9	136	99	0	8748
11412	139	9147	50	56	0	9392
11413	9184	119	47	33	0	9383
11414	156	9314	31	43	0	9544
11415	72	147	25	9163	0	9407
11416	50	9299	28	150	0	9527
11417	26	142	9161	58	0	9387
11418	44	51	146	8870	0	9111
11419	41	40	51	8953	0	9085
11420	43	14	52	9208	0	9317
11421	8992	18	33	204	0	9247
11422	145	14	37	9015	0	9211
11423	8790	19	39	186	0	9034
11424	8876	31	36	75	0	9018
11425	8697	27	33	85	0	8842
11426	196	21	8689	54	0	8960
11427	94	15	145	8749	0	9003
11428	62	26	62	9240	0	9390
11429	59	15	64	9437	0	9575
11430	9737	26	37	243	0	10043
11431	208	17	50	9832	0	10107
11432	97	21	44	10111	0	10273
11433	10442	16	45	265	0	10768
11434	223	18	48	10790	0	11079
11435	88	27	10916	257	0	11288
11436	70	23	11004	117	0	11214
11437	64	15	262	11163	0	11504
11438	11092	12	109	274	0	11487
11439	10999	10	73	118	0	11200
11440	309	12	51	10965	0	11337
11441	135	19	10833	257	0	11244
11442	96	10793	230	101	0	11220
11443	83	197	95	11033	0	11408
11444	60	55	74	11219	0	11408
11445	65	44	54	11248	0	11411
11446	11074	18	52	356	0	11500
11447	253	16	11174	150	0	11593
11448	11204	19	243	119	0	11585
11449	297	353	76	10848	0	11574
11450	110	11300	60	269	0	11739
11451	11408	226	52	117	0	11803
11452	11376	67	41	113	0	11597
11453	321	50	11807	75	0	12253
11454	127	11098	253	93	0	11571
11455	79	11314	77	74	0	11544
11456	11232	252	56	88	0	11628
11457	264	70	35	11239	0	11608
11458	115	39	33	11254	0	11441
11459	97	28	38	11206	0	11369
11460	59	10591	34	324	0	11008
11461	57	11088	26	141	0	11312
11462	10848	266	28	103	0	11245
11463	271	72	28	10864	0	11235
11464	93	43	11350	258	0	11744
11465	68	26	256	11749	0	12099
11466	52	35	12561	331	0	12979
11467	56	32	12543	133	0	12764
11468	56	34	12560	88	0	12738
11469	39	11762	364	49	0	12214
11470	89	256	220	11307	0	11872
11471	30	11642	115	238	0	12025
11472	83	284	71	10827	0	11265
11473	57	127	43	11862	0	12089
11474	11722	74	43	384	0	12223
11475	271	49	32	11868	0	12220
11476	11673	35	31	369	0	12108
11477	11830	24	29	192	0	12075
11478	389	28	24	11466	0	11907
11479	177	11392	25	318	0	11912
11480	137	240	17	11347	0	11741
11481	81	11460	24	318	0	11883
11482	73	287	19	11457	0	11836
11483	46	139	11376	360	0	11921
11484	66	84	247	11460	0	11857
11485	45	52	103	11757	0	11957
11486	11259	41	72	435	0	11807
11487	258	11256	61	228	0	11803
11488	150	250	37	11426	0	11863
11489	94	118	39	11337	0	11588
11490	66	11092	29	408	0	11595
11491	65	290	31	11265	0	11651
11492	10571	125	17	416	0	11129
11493	11136	77	29	223	0	11465
11494	374	10888	28	153	0	11443
11495	178	275	26	10986	0	11465
11496	10712	118	24	347	0	11201
11497	302	10836	27	176	0	11341
11498	175	294	27	10426	0	10922
11499	101	10756	35	311	0	11203
11500	10670	311	33	170	0	11184
11501	295	167	10447	126	0	11035
11502	163	97	10423	106	0	10789
11503	115	95	335	10439	0	10984
11504	79	57	10563	304	0	11003
11505	58	56	332	10352	0	10798
11506	10259	32	161	354	0	10806
11507	269	50	10531	195	0	11045
11508	149	38	287	10591	0	11065
11509	97	44	147	10914	0	11202
11510	10697	42	96	405	0	11240
11511	278	10812	70	238	0	11398
11512	10900	259	50	177	0	11386
11513	10936	131	36	133	0	11236
11514	404	10624	38	101	0	11167
11515	216	276	38	10696	0	11226
11516	157	134	10560	293	0	11144
11517	113	111	253	10550	0	11027
11518	74	10542	116	335	0	11067
11519	10783	287	76	204	0	11350
11520	294	138	59	10879	0	11370
11521	131	100	10971	344	0	11546
11522	111	81	258	11188	0	11638
11523	90	63	130	11410	0	11693
11524	65	71	83	11542	0	11761
11525	63	61	61	11569	0	11754
11526	70	51	48	11355	0	11524
11527	54	43	10837	504	0	11438
11528	103	49	10288	283	0	10723
11529	52	9837	306	192	0	10387
11530	43	10061	142	137	0	10383
11531	9793	254	95	131	0	10273
11532	231	132	9787	81	0	10231
11533	9011	116	253	84	0	9464
11534	236	65	8864	66	0	9231
11535	129	47	8525	54	0	8755
11536	97	44	250	8340	0	8731
11537	8640	34	151	194	0	9019
11538	184	32	101	8755	0	9072
11539	125	21	54	8817	0	9017
11540	75	39	9295	278	0	9687
11541	65	14	159	9444	0	9682
11542	56	15	107	9385	0	9563
11543	49	17	71	9527	0	9664
11544	34	21	41	9540	0	9636
11545	53	15	32	9541	0	9641
11546	9204	20	24	345	0	9593
11547	169	22	22	9232	0	9445
11548	98	21	8848	274	0	9241
11549	86	26	133	8934	0	9179
11550	53	33	8840	234	0	9160
11551	64	39	174	8914	0	9191
11552	35	23	9131	241	0	9430
11553	33	48	188	8557	0	8826
11554	18	17	123	8883	0	9041
11555	22	12	8671	243	0	8948
11556	8027	17	162	186	0	8392
11557	120	17	8734	122	0	8993
11558	94	28	176	8723	0	9021
11559	8839	7	114	185	0	9145
11560	148	13	84	8907	0	9152
11561	110	36	46	8968	0	9160
11562	79	13	8866	244	0	9202
11563	50	8486	120	184	0	8840
11564	30	7685	64	109	0	7888
11565	29	7515	54	66	0	7664
11566	153	45	86	6422	0	6706
11567	6502	11	14	43	0	6570
11568	26	10	4	6505	0	6545
11569	7	5	4	6544	0	6560
11570	11	1	4	6593	0	6609
11571	5	4	2	6555	0	6566
11572	4	6514	4	39	0	6561
11573	4	15	2	6663	0	6684
11574	5	9	1	6648	0	6663
11575	1	6576	1	34	0	6612
11576	6676	17	1	29	0	6723
11577	18	8	1	6699	0	6726
11578	6689	6	0	37	0	6732
11579	6577	4	2	33	0	6616
11580	25	6701	4	13	0	6743
11581	18	25	1	7030	0	7074
11582	11	10	6993	21	0	7035
11583	8	7	6777	15	0	6807
11584	11	15	21	6912	0	6959
11585	7025	2	14	33	0	7074
11586	7145	1	10	30	0	7186
11587	26	5	11	7249	0	7291
11588	7263	1	7	38	0	7309
11589	25	7189	6	17	0	7237
11590	7239	18	4	28	0	7289
11591	33	7522	9	7	0	7571
11592	18	25	3	7766	0	7812
11593	17	10	5	7785	0	7817
11594	9	7760	3	31	0	7803
11595	7769	21	8	34	0	7832
11596	25	16	7723	17	0	7781
11597	14	9	23	7676	0	7722
11598	11	6	7813	27	0	7857
11599	11	7	26	7739	0	7783
11600	7904	6	9	43	0	7962
11601	27	2	10	7909	0	7948
11602	7870	3	7	51	0	7931
11603	7824	2	3	32	0	7861
11604	37	2	5	7822	0	7866
11605	20	4	7717	34	0	7775
11606	15	7943	20	25	0	8003
11607	17	22	10	7821	0	7870
11608	7699	9	5	51	0	7764
11609	29	10	7666	19	0	7724
11610	18	3	25	7664	0	7710
11611	15	9	11	7556	0	7591
11612	11	5	9	7697	0	7722
11613	7730	3	6	58	0	7797
11614	33	2	6	7568	0	7609
11615	16	4	6	7735	0	7761
11616	12	7	7654	42	0	7715
11617	10	1	25	7623	0	7659
11618	15	1	19	7767	0	7802
11619	13	2	9	7883	0	7907
11620	9	7830	8	53	0	7900
11621	13	24	5	7651	0	7693
11622	16	9	7	7635	0	7667
11623	7433	8	5	63	0	7509
11624	33	6	7316	30	0	7385
11625	18	10	6919	22	0	6969
11626	16	7364	32	15	0	7427
11627	26	24	15	7590	0	7655
11628	7559	13	12	48	0	7632
11629	34	10	9	7490	0	7543
11630	23	5	8	7593	0	7629
11631	13	5	5	7667	0	7690
11632	7	3	4	7572	0	7586
11633	11	3	5	7575	0	7594
11634	10	4	7522	48	0	7584
11635	11	3	22	7505	0	7541
11636	7542	0	11	61	0	7614
11637	30	7343	9	28	0	7410
11638	19	27	2	7422	0	7470
11639	12	11	7	7440	0	7470
11640	7	10	7013	47	0	7077
11641	18	5	29	6928	0	6980
11642	12	6	8	7388	0	7414
11643	7502	4	6	73	0	7585
11644	40	7737	11	43	0	7831
11645	25	45	7	7919	0	7996
11646	19	17	7	8026	0	8069
11647	20	19	4	8076	0	8119
11648	14	7	8166	91	0	8278
11649	16	8	7665	58	0	7747
11650	8	7989	75	32	0	8104
11651	4	8274	29	24	0	8331
11652	12	69	13	8212	0	8306
11653	6	7626	12	78	0	7722
11654	9	89	12	9012	0	9122
11655	10	30	6	9915	0	9961
11656	16	15	4	10541	0	10576
11657	19	5	3	11640	0	11667
11658	4	7	11684	271	0	11966
11659	27	6	165	11796	0	11994
11660	19	1	82	11983	0	12085
11661	13	5	48	12273	0	12339
11662	11949	2	29	357	0	12337
11663	180	12129	30	209	0	12548
11664	105	188	26	11678	0	11997
11665	56	12271	28	260	0	12615
11666	12038	241	20	183	0	12482
11667	10852	136	3	196	0	11187
11668	250	12227	13	100	0	12590
11669	136	12720	7	87	0	12950
11670	84	327	12460	63	0	12934
11671	55	12825	197	65	0	13142
11672	79	322	89	12709	0	13199
11673	12775	172	56	269	0	13272
11674	250	13049	30	147	0	13476
11675	130	308	41	13243	0	13722
11676	87	176	25	13424	0	13712
11677	64	123	32	13697	0	13916
11678	13391	92	30	417	0	13930
11679	258	84	13273	237	0	13852
11680	12965	66	215	180	0	13426
11681	303	13140	98	136	0	13677
11682	162	279	74	13264	0	13779
11683	110	139	13107	305	0	13661
11684	12759	100	255	187	0	13301
11685	292	13169	111	114	0	13686
11686	172	275	91	12931	0	13469
11687	113	13214	53	280	0	13660
11688	83	330	46	13336	0	13795
11689	68	162	43	13648	0	13921
11690	58	108	13252	394	0	13812
11691	59	90	12872	230	0	13251
11692	67	81	313	13023	0	13484
11693	50	66	13165	351	0	13632
11694	46	61	310	13121	0	13538
11695	58	51	184	12923	0	13216
11696	40	33	123	13506	0	13702
11697	13120	39	95	486	0	13740
11698	264	41	88	13346	0	13739
11699	127	46	13160	420	0	13753
11700	13225	40	261	276	0	13802
11701	281	42	137	13447	0	13907
11702	158	43	87	13669	0	13957
11703	13317	32	85	474	0	13908
11704	296	13501	97	281	0	14175
11705	167	248	71	13871	0	14357
11706	107	132	66	13844	0	14149
11707	13495	91	61	489	0	14136
11708	303	67	13438	323	0	14131
11709	179	66	245	13482	0	13972
11710	136	61	135	13660	0	13992
11711	103	62	113	13439	0	13717
11712	84	13297	78	496	0	13955
11713	85	244	71	13575	0	13975
11714	13254	130	53	466	0	13903
11715	280	13232	54	300	0	13866
11716	13123	274	53	254	0	13704
11717	329	13343	31	207	0	13910
11718	13387	325	42	208	0	13962
11719	352	184	13159	144	0	13839
11720	211	144	13023	144	0	13522
11721	13091	90	326	160	0	13667
11722	333	110	13477	128	0	14048
11723	203	80	309	13423	0	14015
11724	195	87	206	12214	0	12702
11725	123	70	139	13810	0	14142
11726	13544	60	103	479	0	14186
11727	311	70	13335	286	0	14002
11728	13409	61	290	223	0	13983
11729	363	68	163	13993	0	14587
11730	13973	63	119	420	0	14575
11731	405	50	86	14168	0	14709
11732	14519	58	102	435	0	15114
11733	436	55	87	15307	0	15885
11734	239	43	15452	455	0	16189
11735	15576	47	328	289	0	16240
11736	16177	45	167	243	0	16632
11737	526	42	116	16141	0	16825
11738	322	37	79	15964	0	16402
11739	206	16026	98	507	0	16837
11740	15882	291	101	296	0	16570
11741	421	16019	82	227	0	16749
11742	15552	339	78	198	0	16167
11743	445	162	15528	185	0	16320
11744	237	103	15376	174	0	15890
11745	186	85	14941	157	0	15369
11746	15052	87	442	145	0	15726
11747	404	15282	236	124	0	16046
11748	248	290	153	15081	0	15772
11749	15029	145	120	372	0	15666
11750	384	15235	112	227	0	15958
11751	231	478	95	14723	0	15527
11752	172	14735	70	376	0	15353
11753	156	14311	62	222	0	14751
11754	115	14383	64	141	0	14703
11755	13077	362	110	141	0	13690
11756	289	12782	46	89	0	13206
11757	101	11456	27	53	0	11637
11758	71	11451	33	80	0	11635
11759	11332	207	95	41	0	11675
11760	11393	69	26	40	0	11528
11761	206	47	11048	37	0	11338
11762	10721	28	132	50	0	10931
11763	11121	25	50	45	0	11241
11764	196	31	30	11049	0	11306
11765	11174	28	25	160	0	11387
11766	172	27	11029	71	0	11299
11767	87	11614	132	39	0	11872
11768	11763	152	64	43	0	12022
11769	179	65	28	12013	0	12285
11770	11996	29	22	166	0	12213
11771	179	35	11408	71	0	11693
11772	11724	16	126	40	0	11906
11773	187	23	61	11900	0	12171
11774	95	22	11794	147	0	12058
11775	47	11272	144	73	0	11536
11776	40	11752	59	43	0	11894
11777	54	227	43	11619	0	11943
11778	43	76	30	11466	0	11615
11779	24	11629	8	166	0	11827
11780	11679	148	7	77	0	11911
11781	11593	62	14	41	0	11710
11782	11551	20	11	42	0	11624
11783	194	11635	12	21	0	11862
11784	88	136	12	11183	0	11419
11785	45	11675	8	115	0	11843
11786	11662	143	12	61	0	11878
11787	11569	67	2	34	0	11672
11788	193	11329	4	26	0	11552
11789	11581	147	8	25	0	11761
11790	185	58	6	11588	0	11837
11791	83	27	13	11664	0	11787
11792	11741	29	7	191	0	11968
11793	11520	14	14	76	0	11624
11794	11631	18	19	41	0	11709
11795	212	20	12	11535	0	11779
11796	98	20	12	11708	0	11838
11797	47	21	11532	199	0	11799
11798	54	21	130	11437	0	11642
11799	49	20	55	11513	0	11637
11800	39	26	11214	204	0	11483
11801	46	23	10646	81	0	10796
11802	30	21	11279	42	0	11372
11803	34	24	191	11258	0	11507
11804	32	26	11155	147	0	11360
11805	42	26	161	11104	0	11333
11806	42	23	64	11287	0	11416
11807	28	33	11218	204	0	11483
11808	32	27	11112	80	0	11251
11809	45	21	181	11084	0	11331
11810	33	25	11633	172	0	11863
11811	40	27	11388	76	0	11531
11812	28	11537	197	39	0	11801
11813	11887	159	76	43	0	12165
11814	11970	67	39	38	0	12114
11815	12006	35	30	35	0	12106
11816	207	11695	27	42	0	11971
11817	93	11995	23	32	0	12143
11818	64	194	25	12015	0	12298
11819	69	66	21	12003	0	12159
11820	64	39	11810	207	0	12120
11821	61	33	149	11766	0	12009
11822	11854	35	68	182	0	12139
11823	183	24	29	11487	0	11723
11824	85	11789	32	180	0	12086
11825	12141	150	26	100	0	12417
11826	12304	73	27	51	0	12455
11827	12417	45	24	66	0	12552
11828	244	37	12184	50	0	12515
11829	113	52	125	12317	0	12607
11830	12764	20	81	208	0	13073
11831	221	32	13132	81	0	13466
11832	107	12604	176	63	0	12950
11833	46	12201	65	50	0	12362
11834	11779	160	56	36	0	12031
11835	144	11714	37	26	0	11921
11836	89	157	21	11497	0	11764
11837	40	59	11650	142	0	11891
11838	52	52	132	11571	0	11807
11839	11548	25	53	175	0	11801
11840	138	11425	29	75	0	11667
11841	11380	128	26	46	0	11580
11842	164	49	11272	37	0	11522
11843	83	56	129	10979	0	11247
11844	33	11557	52	120	0	11762
11845	57	133	34	11843	0	12067
11846	11898	45	30	165	0	12138
11847	11964	19	22	75	0	12080
11848	11978	23	18	52	0	12071
11849	12064	14	24	42	0	12144
11850	206	15	26	11635	0	11882
11851	77	24	11766	151	0	12018
11852	67	31	129	11490	0	11717
11853	39	11718	53	138	0	11948
11854	11861	125	22	89	0	12097
11855	146	46	11761	40	0	11993
11856	11535	21	138	46	0	11740
11857	153	23	69	11729	0	11974
11858	75	14	12012	148	0	12249
11859	53	14	145	12004	0	12216
11860	12175	13	59	179	0	12426
11861	12195	14	39	89	0	12337
11862	12240	12	32	60	0	12344
11863	187	22	12081	33	0	12323
11864	95	26	126	12061	0	12308
11865	52	24	12293	130	0	12499
11866	53	12126	137	65	0	12381
11867	11642	116	76	49	0	11883
11868	120	11303	30	39	0	11492
11869	11082	112	34	27	0	11255
11870	125	40	22	10891	0	11078
11871	42	10921	17	103	0	11083
11872	11101	107	12	45	0	11265
11873	120	32	11133	25	0	11310
11874	50	35	94	11050	0	11229
11875	11171	9	32	110	0	11322
11876	106	19	11158	39	0	11322
11877	67	17	92	10905	0	11081
11878	40	10440	36	93	0	10609
11879	45	98	28	11347	0	11518
11880	43	30	14	11410	0	11497
11881	11274	30	13	129	0	11446
11882	109	11206	16	50	0	11381
11883	51	98	18	11046	0	11213
11884	36	11217	18	105	0	11376
11885	44	110	14	11275	0	11443
11886	29	11464	16	110	0	11619
11887	11502	107	24	50	0	11683
11888	125	43	11680	35	0	11883
11889	64	36	100	11537	0	11737
11890	40	26	46	11636	0	11748
11891	46	13	27	11651	0	11737
11892	46	24	17	11507	0	11594
11893	55	13	11346	147	0	11561
11894	41	11398	104	67	0	11610
11895	11590	96	37	62	0	11785
11896	11696	42	27	54	0	11819
11897	136	11561	27	41	0	11765
11898	11746	110	21	48	0	11925
11899	11686	44	19	45	0	11794
11900	143	11831	16	31	0	12021
11901	82	108	20	11763	0	11973
11902	49	12018	20	91	0	12178
11903	11993	115	16	59	0	12183
11904	122	46	11874	33	0	12075
11905	11149	29	100	65	0	11343
11906	128	24	12085	36	0	12273
11907	69	28	103	12039	0	12239
11908	12133	14	42	131	0	12320
11909	127	16	12004	54	0	12201
11910	11453	25	103	55	0	11636
11911	11803	19	44	53	0	11919
11912	151	20	29	11851	0	12051
11913	68	11837	25	121	0	12051
11914	12055	114	17	59	0	12245
11915	145	34	12	11967	0	12158
11916	59	11611	17	123	0	11810
11917	11847	107	16	66	0	12036
11918	128	44	15	11907	0	12094
11919	57	12181	23	121	0	12382
11920	45	100	18	12623	0	12786
11921	12762	41	24	136	0	12963
11922	12667	29	22	81	0	12799
11923	12760	22	19	52	0	12853
11924	164	17	25	12466	0	12672
11925	67	25	22	12445	0	12559
11926	39	20	12552	144	0	12755
11927	64	61	108	12576	0	12809
11928	40	7	12954	148	0	13149
11929	37	17	11892	64	0	12010
11930	19	8	11705	14	0	11746
11931	13	12236	99	25	0	12373
11932	31	92	75	11869	0	12067
11933	9	13122	20	59	0	13210
11934	13438	107	19	41	0	13605
11935	13537	38	12	29	0	13616
11936	157	12	11	13907	0	14087
11937	51	8	14358	131	0	14548
11938	31	12	148	14330	0	14521
11939	21	10	14723	167	0	14921
11940	26	14	160	14518	0	14718
11941	19	14535	60	177	0	14791
11942	16	15093	20	57	0	15186
11943	14959	179	19	46	0	15203
11944	166	57	14801	24	0	15048
11945	78	25	158	14644	0	14905
11946	45	15	58	14863	0	14981
11947	14894	15	27	242	0	15178
11948	164	14977	24	83	0	15248
11949	14994	168	21	55	0	15238
11950	173	15202	18	41	0	15434
11951	15087	183	18	35	0	15323
11952	15359	63	16	41	0	15479
11953	240	36	13	15463	0	15752
11954	95	23	15423	184	0	15725
11955	14940	27	169	89	0	15225
11956	191	15521	63	50	0	15825
11957	15788	182	27	48	0	16045
11958	228	63	22	15287	0	15600
11959	101	36	20	15267	0	15424
11960	40	15201	21	230	0	15492
11961	48	188	19	15066	0	15321
11962	44	15315	19	190	0	15568
11963	47	184	20	15197	0	15448
11964	51	69	17	15114	0	15251
11965	14689	40	21	263	0	15013
11966	197	32	14673	96	0	14998
11967	86	14541	163	50	0	14840
11968	56	177	55	14838	0	15126
11969	14980	62	31	219	0	15292
11970	15261	37	22	104	0	15424
11971	15087	22	22	71	0	15202
11972	265	35	14897	45	0	15242
11973	14971	23	189	59	0	15242
11974	245	33	76	15187	0	15541
11975	15079	23	32	239	0	15373
11976	239	14820	40	97	0	15196
11977	124	197	29	15072	0	15422
11978	14873	74	29	242	0	15218
11979	236	15235	24	109	0	15604
11980	119	232	17	15452	0	15820
11981	73	89	14849	259	0	15270
11982	15474	48	182	134	0	15838
11983	16319	38	70	92	0	16519
11984	353	46	16054	63	0	16516
11985	140	15518	251	59	0	15968
11986	86	16147	80	65	0	16378
11987	95	304	57	16237	0	16693
11988	95	119	39	15489	0	15742
11989	90	62	32	16318	0	16502
11990	65	61	16338	361	0	16825
11991	16271	47	278	183	0	16779
11992	17268	42	99	132	0	17541
11993	17647	41	56	120	0	17864
11994	17727	47	49	99	0	17922
11995	17918	59	40	92	0	18109
11996	18201	60	44	100	0	18405
11997	498	45	35	18649	0	19227
11998	220	55	18282	368	0	18925
11999	153	43	18787	164	0	19147
12000	140	52	381	18775	0	19348
12001	154	54	129	18626	0	18963
12002	141	45	82	18850	0	19118
12003	115	18804	74	472	0	19465
12004	19121	369	54	225	0	19769
12005	426	19556	49	149	0	20180
12006	218	394	46	19365	0	20023
12007	19196	147	53	456	0	19852
12008	449	19223	49	218	0	19939
12009	216	416	52	19386	0	20070
12010	169	171	42	19801	0	20183
12011	158	100	28	19913	0	20199
12012	114	19495	48	585	0	20242
12013	132	417	35	19973	0	20557
12014	116	155	19766	569	0	20606
12015	126	132	397	20130	0	20785
12016	123	105	126	20583	0	20937
12017	125	83	87	21393	0	21688
12018	124	79	68	21768	0	22039
12019	126	95	20888	766	0	21875
12020	95	20845	467	423	0	21830
12021	116	496	183	21230	0	22025
12022	123	191	109	21964	0	22387
12023	135	155	90	21732	0	22112
12024	109	20524	76	870	0	21579
12025	99	21792	73	492	0	22456
12026	21272	602	63	334	0	22271
12027	551	280	51	20941	0	21823
12028	227	197	20487	684	0	21595
12029	159	20496	451	367	0	21473
12030	20144	528	168	303	0	21143
12031	533	223	19743	256	0	20755
12032	240	188	19440	221	0	20089
12033	170	141	19424	212	0	19947
12034	159	282	646	18845	0	19932
12035	112	117	19108	571	0	19908
12036	76	18230	590	330	0	19226
12037	105	439	263	17853	0	18660
12038	72	210	18038	538	0	18858
12039	90	182	515	17787	0	18574
12040	17457	138	244	638	0	18477
12041	449	112	17479	362	0	18402
12042	17065	83	528	327	0	18003
12043	518	17712	253	246	0	18729
12044	17878	479	198	207	0	18762
12045	598	196	162	17841	0	18797
12046	17961	151	169	584	0	18865
12047	18082	122	182	311	0	18697
12048	17788	137	155	263	0	18343
12049	693	17769	167	208	0	18837
12050	17932	441	151	233	0	18757
12051	18090	189	175	195	0	18649
12052	685	176	17535	169	0	18565
12053	381	17400	453	215	0	18449
12054	317	496	264	17404	0	18481
12055	254	231	202	17785	0	18472
12056	223	202	162	17917	0	18504
12057	189	165	17305	726	0	18385
12058	221	116	500	17523	0	18360
12059	207	128	17446	671	0	18452
12060	17328	108	557	397	0	18390
12061	17874	109	276	334	0	18593
12062	667	127	17624	275	0	18693
12063	17609	128	527	253	0	18517
12064	18145	123	258	256	0	18782
12065	18367	102	218	245	0	18932
12066	824	94	185	17716	0	18819
12067	498	99	17712	556	0	18865
12068	364	17709	492	312	0	18877
12069	328	474	244	17868	0	18914
12070	296	207	17896	576	0	18975
12071	265	167	16957	337	0	17726
12072	16952	173	556	301	0	17982
12073	505	17597	316	306	0	18724
12074	17933	430	243	283	0	18889
12075	18101	196	213	287	0	18797
12076	658	17818	234	223	0	18933
12077	17894	465	192	233	0	18784
12078	659	204	18035	210	0	19108
12079	436	169	17423	177	0	18205
12080	368	133	17530	164	0	18195
12081	314	17301	585	145	0	18345
12082	17033	364	396	175	0	17968
12083	17111	183	278	160	0	17732
12084	616	16381	214	160	0	17371
12085	378	16954	216	173	0	17721
12086	313	440	209	16721	0	17683
12087	263	295	194	16968	0	17720
12088	16914	238	160	508	0	17820
12089	484	16942	172	286	0	17884
12090	16830	376	175	254	0	17635
12091	16637	206	153	165	0	17161
12092	593	238	16026	128	0	16985
12093	415	15784	335	134	0	16668
12094	398	394	234	15660	0	16686
12095	15498	223	188	343	0	16252
12096	501	194	164	15137	0	15996
12097	14644	128	153	360	0	15285
12098	468	106	14170	189	0	14933
12099	328	13520	331	155	0	14334
12100	257	14192	189	129	0	14767
12101	278	445	176	13491	0	14390
12102	251	14222	129	266	0	14868
12103	14212	359	119	202	0	14892
12104	360	255	13852	136	0	14603
12105	13286	190	239	175	0	13890
12106	361	132	13990	141	0	14624
12107	274	111	279	13908	0	14572
12108	237	133	170	13939	0	14479
12109	241	107	144	14071	0	14563
12110	13951	97	124	369	0	14541
12111	375	76	13868	218	0	14537
12112	227	99	231	13730	0	14287
12113	200	106	132	13639	0	14077
12114	205	13164	122	316	0	13807
12115	170	12980	91	224	0	13465
12116	172	13187	86	161	0	13606
12117	135	237	69	12622	0	13063
12118	110	113	51	12197	0	12471
12119	55	11634	37	143	0	11869
12120	52	11784	39	95	0	11970
12121	11711	90	60	95	0	11956
12122	98	62	33	11619	0	11812
12123	40	11351	23	69	0	11483
12124	11623	44	21	50	0	11738
12125	72	19	24	11757	0	11872
12126	12428	11	13	85	0	12537
12127	93	15	20	12686	0	12814
12128	28	18	12808	90	0	12944
12129	27	12850	62	49	0	12988
12130	12738	68	26	39	0	12871
12131	74	24	12981	14	0	13093
12132	31	12872	51	23	0	12977
12133	27	45	22	12959	0	13053
12134	14	9	12	13112	0	13147
12135	22	14	2	12765	0	12803
12136	21	4	2	12556	0	12583
12137	10	9	12859	57	0	12935
12138	3	12651	40	33	0	12727
12139	13	43	8	12788	0	12852
12140	12634	8	5	77	0	12724
12141	47	12703	6	27	0	12783
12142	22	51	3	13541	0	13617
12143	14	15	13243	83	0	13355
12144	3	13252	78	27	0	13360
12145	56	80	19	12465	0	12620
12146	11	13732	26	52	0	13821
12147	13848	120	5	43	0	14016
12148	14004	26	6	44	0	14080
12149	136	27	13510	14	0	13687
12150	13495	12	91	29	0	13627
12151	13902	9	23	35	0	13969
12152	145	12	13469	10	0	13636
12153	59	13591	103	9	0	13762
12154	51	112	28	13711	0	13902
12155	30	30	27	14268	0	14355
12156	14159	21	11	176	0	14367
12157	139	6	6	14190	0	14341
12158	42	8	14126	146	0	14322
12159	13499	8	124	58	0	13689
12160	131	10	13737	37	0	13915
12161	36	13867	132	26	0	14061
12162	13631	127	33	33	0	13824
12163	139	37	13704	16	0	13896
12164	44	41	13195	22	0	13302
12165	43	13577	119	21	0	13760
12166	31	126	58	13774	0	13989
12167	24	41	13541	126	0	13732
12168	62	34	147	12039	0	12282
12169	27	9	40	13354	0	13430
12170	18	10	13033	152	0	13213
12171	17	12954	133	63	0	13167
12172	15	126	44	13094	0	13279
12173	12906	35	41	158	0	13140
12174	12800	42	14	62	0	12918
12175	168	11	16	12928	0	13123
12176	63	15	12758	146	0	12982
12177	41	22	13111	52	0	13226
12178	29	13	176	13095	0	13313
12179	20	18	12926	157	0	13121
12180	12874	15	172	62	0	13123
12181	177	11	42	13227	0	13457
12182	59	9	51	13402	0	13521
12183	48	13362	30	192	0	13632
12184	27	160	19	13648	0	13854
12185	21	45	13318	211	0	13595
12186	12779	39	180	85	0	13083
12187	13318	11	46	88	0	13463
12188	207	7	13424	35	0	13673
12189	99	19	178	14262	0	14558
12190	68	19	47	14786	0	14920
12191	31	20	14763	342	0	15156
12192	49	15	275	15044	0	15383
12193	59	10	92	14911	0	15072
12194	26	15483	76	360	0	15945
12195	56	291	29	15920	0	16296
12196	46	72	36	16336	0	16490
12197	16347	50	40	466	0	16903
12198	17056	20	23	191	0	17290
12199	17367	16	23	135	0	17541
12200	17287	17	29	77	0	17410
12201	17141	27	20	78	0	17266
12202	536	19	16382	66	0	17003
12203	234	14	368	16312	0	16928
12204	154	16	101	16789	0	17060
12205	86	20	16454	492	0	17052
12206	15889	20	381	205	0	16495
12207	16436	16	115	154	0	16721
12208	493	26	14986	91	0	15596
12209	16240	16	305	94	0	16655
12210	16704	19	101	86	0	16910
12211	523	14	16248	69	0	16854
12212	260	20	392	15800	0	16472
12213	170	16254	135	380	0	16939
12214	113	372	119	17288	0	17892
12215	119	108	55	17579	0	17861
12216	105	79	45	17550	0	17779
12217	76	31	17091	602	0	17800
12218	16781	19	425	256	0	17481
12219	17389	28	134	169	0	17720
12220	557	21	103	17020	0	17701
12221	232	23	16733	472	0	17460
12222	171	23	436	16703	0	17333
12223	80	18	16998	532	0	17628
12224	92	19	17050	200	0	17361
12225	86	16925	522	169	0	17702
12226	137	359	200	16389	0	17085
12227	16252	102	128	453	0	16935
12228	15982	67	67	215	0	16331
12229	16430	30	73	160	0	16693
12230	610	27	67	15883	0	16587
12231	239	16489	56	475	0	17259
12232	163	411	63	16906	0	17543
12233	114	136	17300	534	0	18084
12234	18213	77	486	227	0	19003
12235	19570	34	154	181	0	19939
12236	694	29	122	19282	0	20127
12237	313	34	71	19698	0	20116
12238	228	27	71	19907	0	20233
12239	155	27	19133	804	0	20119
12240	18057	31	508	378	0	18974
12241	601	18453	203	231	0	19488
12242	217	18419	116	179	0	18931
12243	176	510	18333	145	0	19164
12244	155	230	531	18103	0	19019
12245	103	117	18268	583	0	19071
12246	17607	76	551	246	0	18480
12247	578	73	186	17672	0	18509
12248	251	45	17416	536	0	18248
12249	207	17814	512	226	0	18759
12250	17976	434	175	210	0	18795
12251	576	121	18191	158	0	19046
12252	225	17546	516	138	0	18425
12253	161	18422	203	131	0	18917
12254	18338	546	171	124	0	19179
12255	571	207	110	18319	0	19207
12256	241	132	18722	531	0	19626
12257	183	18753	536	225	0	19697
12258	18867	488	193	206	0	19754
12259	19189	153	149	183	0	19674
12260	658	18879	128	112	0	19777
12261	278	527	19019	134	0	19958
12262	230	169	526	19143	0	20068
12263	19152	148	186	585	0	20071
12264	19503	113	161	222	0	19999
12265	708	67	19117	174	0	20066
12266	331	82	530	18940	0	19883
12267	239	64	210	19546	0	20059
12268	185	81	19303	664	0	20233
12269	184	71	19224	286	0	19765
12270	19420	65	636	235	0	20356
12271	19939	75	276	167	0	20457
12272	20106	79	199	152	0	20536
12273	20211	81	126	156	0	20574
12274	802	67	19253	127	0	20249
12275	19509	64	532	158	0	20263
12276	739	56	204	19284	0	20283
12277	342	53	19196	581	0	20172
12278	265	62	19223	254	0	19804
12279	219	19085	608	201	0	20113
12280	167	477	279	18782	0	19705
12281	158	177	18956	545	0	19836
12282	18450	130	559	240	0	19379
12283	589	108	247	17138	0	18082
12284	267	18648	193	446	0	19554
12285	18886	471	157	220	0	19734
12286	19219	145	128	210	0	19702
12287	668	100	18714	157	0	19639
12288	313	18426	528	161	0	19428
12289	224	354	175	17554	0	18307
12290	17476	139	141	416	0	18172
12291	491	126	134	17233	0	17984
12292	220	89	16668	426	0	17403
12293	15546	81	360	200	0	16187
12294	436	16060	154	139	0	16789
12295	173	15350	127	137	0	15787
12296	169	16297	116	98	0	16680
12297	15840	383	241	146	0	16610
12298	15642	154	115	81	0	15992
12299	15714	99	91	68	0	15972
12300	432	73	84	15388	0	15977
12301	217	59	15454	290	0	16020
12302	159	62	297	15563	0	16081
12303	15678	54	121	340	0	16193
12304	362	50	83	15805	0	16300
12305	15959	32	96	358	0	16445
12306	16032	42	72	168	0	16314
12307	15730	44	100	121	0	15995
12308	385	15732	97	97	0	16311
12309	15724	292	76	88	0	16180
12310	408	104	15464	62	0	16038
12311	214	66	15508	59	0	15847
12312	175	15235	315	68	0	15793
12313	223	246	183	14573	0	15225
12314	14515	90	89	271	0	14965
12315	335	60	14348	94	0	14837
12316	14211	46	272	96	0	14625
12317	337	51	118	14103	0	14609
12318	142	14262	109	267	0	14780
12319	134	237	89	14566	0	15026
12320	125	79	14500	283	0	14987
12321	14121	64	275	125	0	14585
12322	324	76	14704	96	0	15200
12323	150	45	14209	80	0	14484
12324	13915	34	281	73	0	14303
12325	309	14062	131	60	0	14562
12326	14409	246	99	57	0	14811
12327	14571	84	72	89	0	14816
12328	369	72	14179	57	0	14677
12329	13753	50	252	76	0	14131
12330	320	39	13728	67	0	14154
12331	125	33	12824	63	0	13045
12332	147	44	12887	58	0	13136
12333	98	12263	223	49	0	12633
12334	11005	190	329	44	0	11568
12335	10698	34	66	44	0	10842
12336	10690	17	21	29	0	10757
12337	10672	12	19	34	0	10737
12338	129	18	10648	6	0	10801
12339	55	11	92	10603	0	10761
12340	48	10	39	10623	0	10720
12341	10709	10	23	134	0	10876
12342	110	10723	22	32	0	10887
12343	47	82	18	10633	0	10780
12344	10579	29	16	102	0	10726
12345	101	19	10705	37	0	10862
12346	63	13	89	10725	0	10890
12347	33	21	10946	92	0	11092
12348	27	10824	102	43	0	10996
12349	54	104	42	10418	0	10618
12350	10370	26	34	104	0	10534
12351	116	24	7	10567	0	10714
12352	44	12	10593	107	0	10756
12353	29	10619	93	42	0	10783
12354	10471	85	35	39	0	10630
12355	119	25	10474	8	0	10626
12356	10023	18	94	28	0	10163
12357	108	10338	33	18	0	10497
12358	10529	97	31	29	0	10686
12359	10691	32	14	22	0	10759
12360	140	18	9	10837	0	11004
12361	59	20	10851	99	0	11029
12362	23	11022	102	43	0	11190
12363	33	100	43	11479	0	11655
12364	41	37	17	11725	0	11820
12365	32	14	11	12348	0	12405
12366	37	12	23	12801	0	12873
12367	16	13708	10	233	0	13967
12368	13992	190	11	91	0	14284
12369	224	14050	10	40	0	14324
12370	107	223	10	14412	0	14752
12371	14690	75	16	249	0	15030
12372	288	33	9	14713	0	15043
12373	92	25	14647	261	0	15025
12374	53	14636	227	98	0	15014
12375	60	239	73	14753	0	15125
12376	55	83	37	15109	0	15284
12377	14556	40	20	327	0	14943
12378	256	31	14459	115	0	14861
12379	14333	20	234	105	0	14692
12380	14575	17	80	60	0	14732
12381	14573	30	39	54	0	14696
12382	352	29	14379	40	0	14800
12383	161	38	239	14294	0	14732
12384	110	29	73	14555	0	14767
12385	59	33	14661	339	0	15092
12386	54	32	14772	134	0	14992
12387	14916	27	315	91	0	15349
12388	317	29	111	15224	0	15681
12389	15418	20	58	330	0	15826
12390	15873	23	47	149	0	16092
12391	401	23	35	15777	0	16236
12392	151	32	16382	333	0	16898
12393	16255	17	302	156	0	16730
12394	380	25	99	16674	0	17178
12395	148	21	16634	360	0	17163
12396	120	16488	318	141	0	17067
12397	16517	305	115	112	0	17049
12398	351	16688	79	79	0	17197
12399	202	354	48	15537	0	16141
12400	122	16914	45	325	0	17406
12401	16595	339	60	167	0	17161
12402	16890	117	70	112	0	17189
12403	412	16695	60	116	0	17283
12404	16725	314	52	109	0	17200
12405	16688	115	50	121	0	16974
12406	460	16382	64	97	0	17003
12407	16537	334	64	92	0	17027
12408	462	103	53	16352	0	16970
12409	242	68	53	16606	0	16969
12410	16439	48	72	410	0	16969
12411	414	45	82	15731	0	16272
12412	191	16078	59	364	0	16692
12413	16090	319	49	182	0	16640
12414	16188	115	60	132	0	16495
12415	408	16197	89	97	0	16791
12416	16297	332	57	120	0	16806
12417	16528	124	47	106	0	16805
12418	523	86	48	16080	0	16737
12419	260	66	16059	356	0	16741
12420	182	16001	301	179	0	16663
12421	16258	329	119	147	0	16853
12422	16358	127	71	115	0	16671
12423	522	100	15865	108	0	16595
12424	15903	70	322	119	0	16414
12425	443	76	15522	117	0	16158
12426	15732	93	324	96	0	16245
12427	461	91	104	15694	0	16350
12428	213	88	15634	362	0	16297
12429	178	111	15745	159	0	16193
12430	222	125	362	15466	0	16175
12431	191	104	139	15679	0	16113
12432	162	89	15241	421	0	15913
12433	191	83	314	15246	0	15834
12434	193	75	15386	388	0	16042
12435	189	97	361	15314	0	15961
12436	197	93	113	15284	0	15687
12437	185	14762	86	438	0	15471
12438	197	14817	75	223	0	15312
12439	170	15478	82	159	0	15889
12440	192	391	70	15310	0	15963
12441	174	152	71	15651	0	16048
12442	168	91	15184	475	0	15918
12443	14794	74	368	208	0	15444
12444	15439	94	127	177	0	15837
12445	476	15019	109	136	0	15740
12446	15114	319	88	120	0	15641
12447	456	118	83	14874	0	15531
12448	15057	93	105	382	0	15637
12449	15297	85	102	171	0	15655
12450	532	63	77	14867	0	15539
12451	14394	75	79	383	0	14931
12452	399	14028	124	178	0	14729
12453	203	14406	92	120	0	14821
12454	207	370	77	13745	0	14399
12455	181	14414	84	322	0	15001
12456	156	321	88	14110	0	14675
12457	171	117	81	14378	0	14747
12458	13895	80	92	407	0	14474
12459	381	13669	79	209	0	14338
12460	13408	283	76	167	0	13934
12461	13170	112	83	148	0	13513
12462	380	13075	100	117	0	13672
12463	12783	284	62	136	0	13265
12464	383	101	12433	130	0	13047
12465	147	11855	244	101	0	12347
12466	11286	213	81	108	0	11688
12467	237	68	10676	52	0	11033
12468	91	9963	144	41	0	10239
12469	89	10227	85	55	0	10456
12470	9747	152	137	50	0	10086
12471	9640	57	29	33	0	9759
12472	9657	29	18	39	0	9743
12473	166	9514	21	79	0	9780
12474	80	115	25	9694	0	9914
12475	9692	49	18	140	0	9899
12476	9731	31	21	62	0	9845
12477	180	23	15	9619	0	9837
12478	68	30	9735	127	0	9960
12479	57	31	9652	51	0	9791
12480	43	25	139	9776	0	9983
12481	46	27	50	9910	0	10033
12482	49	22	9900	153	0	10124
12483	51	20	117	9592	0	9780
12484	42	9672	49	127	0	9890
12485	9427	111	31	57	0	9626
12486	141	47	28	9281	0	9497
12487	8937	23	22	111	0	9093
12488	116	8873	23	59	0	9071
12489	43	8969	26	36	0	9074
12490	8806	89	26	37	0	8958
12491	91	32	8616	27	0	8766
12492	7654	31	64	23	0	7772
12493	65	7812	35	17	0	7929
12494	28	47	13	7551	0	7639
12495	7504	15	5	59	0	7583
12496	51	6	4	7454	0	7515
12497	7546	7	7	67	0	7627
12498	7414	6	4	33	0	7457
12499	55	7649	6	14	0	7724
12500	7451	36	4	13	0	7504
12501	41	7390	4	7	0	7442
12502	7432	35	7	18	0	7492
12503	50	21	5	7435	0	7511
12504	7585	8	5	43	0	7641
12505	42	8	1	7729	0	7780
12506	7958	0	5	48	0	8011
12507	8123	8	1	25	0	8157
12508	8211	4	4	12	0	8231
12509	8266	6	2	16	0	8290
12510	8347	6	1	10	0	8364
12511	56	9	1	8410	0	8476
12512	8235	6	3	43	0	8287
12513	42	8085	4	20	0	8151
12514	21	39	8108	7	0	8175
12515	17	14	31	8111	0	8173
12516	11	7	8343	35	0	8396
12517	14	6	36	8591	0	8647
12518	12	9	8731	44	0	8796
12519	8538	6	39	24	0	8607
12520	45	6	15	8737	0	8803
12521	19	7	8640	39	0	8705
12522	14	8	8720	19	0	8761
12523	17	23	49	8903	0	8992
12524	9634	1	23	58	0	9716
12525	61	10018	6	30	0	10115
12526	10186	56	6	26	0	10274
12527	10186	23	5	27	0	10241
12528	79	10186	8	16	0	10289
12529	10570	54	6	34	0	10664
12530	72	29	4	10646	0	10751
12531	32	12	4	10680	0	10728
12532	19	2	8	10765	0	10794
12533	10789	5	3	96	0	10893
12534	66	10921	1	45	0	11033
12535	35	68	4	11096	0	11203
12536	20	31	3	11249	0	11303
12537	11218	16	4	102	0	11340
12538	86	6	3	11227	0	11322
12539	36	8	11390	83	0	11517
12540	20	11692	74	36	0	11822
12541	11959	82	29	29	0	12099
12542	104	42	11	11784	0	11941
12543	43	12064	10	83	0	12200
12544	12106	86	7	51	0	12250
12545	104	38	12011	16	0	12169
12546	45	12004	83	13	0	12145
12547	12164	87	34	23	0	12308
12548	116	39	18	12030	0	12203
12549	55	20	8	12046	0	12129
12550	29	16	12015	122	0	12182
12551	39	11	82	11845	0	11977
12552	16	11	12552	113	0	12692
12553	26	6	11800	56	0	11888
12554	12	10	12410	25	0	12457
12555	12351	10	142	24	0	12527
12556	12530	3	62	28	0	12623
12557	12777	7	29	24	0	12837
12558	151	5	14	12603	0	12773
12559	68	12543	13	90	0	12714
12560	35	12745	9	42	0	12831
12561	12954	105	8	42	0	13109
12562	12897	50	10	41	0	12998
12563	121	12967	10	12	0	13110
12564	12868	82	13	25	0	12988
12565	103	44	12768	9	0	12924
12566	52	27	12500	7	0	12586
12567	56	13	110	12072	0	12251
12568	26	9	47	12725	0	12807
12569	11	15	12713	109	0	12848
12570	31	7	92	12398	0	12528
12571	12587	2	48	119	0	12756
12572	94	10	12567	44	0	12715
12573	12310	6	85	38	0	12439
12574	120	7	39	12627	0	12793
12575	47	7	12899	96	0	13049
12576	29	13005	96	45	0	13175
12577	13150	85	40	45	0	13320
12578	103	36	12868	21	0	13028
12579	12677	20	104	25	0	12826
12580	116	13	48	12824	0	13001
12581	12914	9	27	109	0	13059
12582	123	14	13307	41	0	13485
12583	67	12	98	13434	0	13611
12584	13987	8	45	126	0	14166
12585	14301	8	26	71	0	14406
12586	14665	16	17	52	0	14750
12587	14794	13	10	34	0	14851
12588	181	5	15	14351	0	14552
12589	78	12	19	14379	0	14488
12590	60	12	14343	149	0	14564
12591	38	13	115	14378	0	14544
12592	46	7	53	14062	0	14168
12593	28	14829	29	166	0	15052
12594	15041	127	16	89	0	15273
12595	15323	43	25	49	0	15440
12596	193	15660	17	35	0	15905
12597	91	163	15	15685	0	15954
12598	68	46	17	15883	0	16014
12599	15445	29	11	236	0	15721
12600	193	20	15870	85	0	16168
12601	81	11	169	16058	0	16319
12602	39	20	16273	191	0	16523
12603	15896	15	181	88	0	16180
12604	16311	12	62	61	0	16446
12605	16360	9	32	47	0	16448
12606	253	9	25	15972	0	16259
12607	98	11	15	15924	0	16048
12608	15832	12	18	246	0	16108
12609	207	14	15647	80	0	15948
12610	93	13	179	15668	0	15953
12611	15764	4	55	220	0	16043
12612	214	14	29	15765	0	16022
12613	81	19	16359	209	0	16668
12614	68	5	15660	89	0	15822
12615	15712	19	209	84	0	16024
12616	185	16224	71	53	0	16533
12617	16286	167	38	69	0	16560
12618	16482	42	21	54	0	16599
12619	242	31	32	16379	0	16684
12620	111	35	21	16326	0	16493
12621	63	16279	21	219	0	16582
12622	16152	167	14	104	0	16437
12623	187	16206	22	56	0	16471
12624	65	15988	10	48	0	16111
12625	75	173	16	15523	0	15787
12626	15496	47	31	182	0	15756
12627	15730	28	16	96	0	15870
12628	212	13	24	15530	0	15779
12629	81	14	12	15208	0	15315
12630	72	20	10	15148	0	15250
12631	14970	9	14	220	0	15213
12632	177	15	14959	91	0	15242
12633	67	14910	144	73	0	15194
12634	14761	133	39	57	0	14990
12635	195	56	32	14732	0	15015
12636	79	21	14671	172	0	14943
12637	66	26	14405	72	0	14569
12638	45	14413	162	71	0	14691
12639	37	14645	54	55	0	14791
12640	118	166	77	14059	0	14420
12641	56	12698	40	145	0	12939
12642	61	134	10	13982	0	14187
12643	50	38	20	14261	0	14369
12644	14257	19	18	199	0	14493
12645	160	17	23	14246	0	14446
12646	57	18	15	14380	0	14470
12647	40	28	14238	168	0	14474
12648	61	23	124	14416	0	14624
12649	14575	18	41	194	0	14828
12650	14629	26	30	80	0	14765
12651	187	14998	24	59	0	15268
12652	14586	152	17	64	0	14819
12653	200	38	14530	44	0	14812
12654	81	14545	150	55	0	14831
12655	63	166	37	14825	0	15091
12656	40	48	33	15070	0	15191
12657	56	35	22	15175	0	15288
12658	15075	27	26	224	0	15352
12659	14289	27	34	115	0	14465
12660	196	29	14749	65	0	15039
12661	85	23	14456	60	0	14624
12662	70	18	14623	57	0	14768
12663	58	14589	199	44	0	14890
12664	55	15026	53	49	0	15183
12665	14904	201	21	73	0	15199
12666	14929	52	21	88	0	15090
12667	224	36	27	15040	0	15327
12668	88	26	34	14851	0	14999
12669	50	14997	25	234	0	15306
12670	54	178	25	15324	0	15581
12671	42	57	15274	218	0	15591
12672	46	15321	182	96	0	15645
12673	50	181	52	15636	0	15919
12674	51	63	16052	206	0	16372
12675	77	45	182	15133	0	15437
12676	62	15840	44	206	0	16152
12677	16290	205	28	91	0	16614
12678	16350	60	27	83	0	16520
12679	16981	27	32	95	0	17135
12680	292	48	23	16967	0	17330
12681	113	45	21	17456	0	17635
12682	17223	44	21	311	0	17599
12683	270	17211	33	100	0	17614
12684	17267	244	27	93	0	17631
12685	280	75	17688	60	0	18103
12686	17675	35	269	62	0	18041
12687	18269	28	68	74	0	18439
12688	407	23	38	18118	0	18586
12689	18395	19	35	341	0	18790
12690	18873	32	34	133	0	19072
12691	413	27	31	18755	0	19226
12692	131	34	18370	319	0	18854
12693	17762	25	286	138	0	18211
12694	317	28	18518	64	0	18927
12695	123	18883	276	55	0	19337
12696	129	270	130	19037	0	19566
12697	69	82	28	19723	0	19902
12698	20682	27	29	398	0	21136
12699	354	25	20724	119	0	21222
12700	136	42	338	19785	0	20301
12701	53	20211	105	329	0	20698
12702	42	20314	41	119	0	20516
12703	58	388	36	20625	0	21107
12704	47	112	20289	379	0	20827
12705	61	54	330	20564	0	21009
12706	77	36	92	20559	0	20764
12707	56	30	19878	443	0	20407
12708	41	20403	319	142	0	20905
12709	20006	346	98	107	0	20557
12710	333	20505	45	81	0	20964
12711	145	357	38	20428	0	20968
12712	19778	122	37	388	0	20325
12713	337	19664	45	130	0	20176
12714	106	358	19569	85	0	20118
12715	19386	113	331	87	0	19917
12716	373	20108	96	51	0	20628
12717	20211	365	50	77	0	20703
12718	397	111	19511	53	0	20072
12719	19607	58	335	89	0	20089
12720	405	53	93	19862	0	20413
12721	135	41	19682	381	0	20239
12722	102	43	351	19236	0	19732
12723	83	19128	118	361	0	19690
12724	78	334	48	19677	0	20137
12725	84	115	51	19884	0	20134
12726	74	60	19191	474	0	19799
12727	82	56	355	19462	0	19955
12728	87	101	16517	441	0	17146
12729	65	19531	260	174	0	20030
12730	99	391	88	19560	0	20138
12731	85	125	19612	404	0	20226
12732	74	19327	395	158	0	19954
12733	92	20179	123	91	0	20485
12734	75	454	19812	101	0	20442
12735	85	137	19852	96	0	20170
12736	117	70	465	19564	0	20216
12737	19508	77	140	437	0	20162
12738	440	19480	83	169	0	20172
12739	181	405	87	19274	0	19947
12740	19247	130	51	449	0	19877
12741	462	19357	68	175	0	20062
12742	19278	414	64	162	0	19918
12743	476	19666	68	134	0	20344
12744	19800	412	80	112	0	20404
12745	19838	157	69	144	0	20208
12746	20203	105	76	112	0	20496
12747	594	20589	73	139	0	21395
12748	265	447	79	20758	0	21549
12749	204	145	20420	478	0	21247
12750	147	20399	423	250	0	21219
12751	176	469	165	19946	0	20756
12752	220	175	101	20194	0	20690
12753	138	107	19537	547	0	20329
12754	135	19208	431	252	0	20026
12755	19115	430	183	173	0	19901
12756	500	19044	92	154	0	19790
12757	236	442	78	19009	0	19765
12758	120	169	18964	502	0	19755
12759	18571	103	433	251	0	19358
12760	505	102	172	19178	0	19957
12761	169	119	18937	495	0	19720
12762	18125	113	448	246	0	18932
12763	458	18562	178	155	0	19353
12764	18659	457	125	171	0	19412
12765	18872	191	84	192	0	19339
12766	544	103	107	18704	0	19458
12767	192	133	18591	500	0	19416
12768	159	18555	433	213	0	19360
12769	126	467	18487	144	0	19224
12770	118	229	412	18116	0	18875
12771	127	150	172	18750	0	19199
12772	18132	132	129	555	0	18948
12773	426	105	17954	283	0	18768
12774	167	17432	451	165	0	18215
12775	134	433	170	17444	0	18181
12776	128	178	101	17579	0	17986
12777	16920	134	99	517	0	17670
12778	424	17088	76	219	0	17807
12779	208	402	49	16357	0	17016
12780	15842	166	74	428	0	16510
12781	354	15775	62	200	0	16391
12782	15264	357	49	110	0	15780
12783	15287	148	67	108	0	15610
12784	428	14904	72	102	0	15506
12785	13689	274	40	72	0	14075
12786	303	13747	47	76	0	14173
12787	13638	269	38	67	0	14012
12788	13611	103	64	56	0	13834
12789	337	13389	26	75	0	13827
12790	12824	240	39	78	0	13181
12791	13165	82	45	58	0	13350
12792	13089	64	40	82	0	13275
12793	327	65	12775	50	0	13217
12794	114	50	11970	57	0	12191
12795	86	45	12113	59	0	12303
12796	11918	78	344	55	0	12395
12797	247	41	11748	44	0	12080
12798	89	35	10596	17	0	10737
12799	91	75	206	9906	0	10278
12800	10014	25	83	163	0	10285
12801	185	21	10114	60	0	10380
12802	68	23	10464	44	0	10599
12803	83	35	200	10353	0	10671
12804	45	23	82	10566	0	10716
12805	57	20	56	10690	0	10823
12806	55	28	10505	228	0	10816
12807	55	27	168	10489	0	10739
12808	10411	30	79	204	0	10724
12809	179	10489	52	83	0	10803
12810	81	166	29	10582	0	10858
12811	78	53	44	10798	0	10973
12812	57	49	10855	218	0	11179
12813	49	10685	180	96	0	11010
12814	10719	177	63	93	0	11052
12815	207	10873	53	55	0	11188
12816	98	206	36	10847	0	11187
12817	80	62	10853	195	0	11190
12818	62	57	184	11361	0	11664
12819	67	39	76	11620	0	11802
12820	11702	38	70	268	0	12078
12821	247	29	46	11380	0	11702
12822	84	11301	60	256	0	11701
12823	66	11968	53	100	0	12187
12824	52	235	11992	82	0	12361
12825	12012	90	223	72	0	12397
12826	260	43	86	12173	0	12562
12827	107	49	68	12215	0	12439
12828	73	43	44	12301	0	12461
12829	12166	34	47	309	0	12556
12830	229	12331	40	143	0	12743
12831	12234	200	48	127	0	12609
12832	259	66	11850	88	0	12263
12833	99	53	11746	81	0	11979
12834	12032	43	251	76	0	12402
12835	278	50	132	12151	0	12611
12836	112	38	72	12383	0	12605
12837	89	38	65	12464	0	12656
12838	66	37	12314	312	0	12729
12839	12247	30	235	159	0	12671
12840	12507	38	93	135	0	12773
12841	12268	33	58	116	0	12475
12842	317	49	50	12084	0	12500
12843	142	29	11734	257	0	12162
12844	128	41	11402	119	0	11690
12845	99	37	11710	102	0	11948
12846	81	11384	271	89	0	11825
12847	136	180	191	10623	0	11130
12848	10551	56	78	218	0	10903
12849	179	44	10572	126	0	10921
12850	10699	30	177	105	0	11011
12851	223	43	84	10789	0	11139
12852	112	41	64	10779	0	10996
12853	83	10408	56	231	0	10778
12854	68	10560	66	116	0	10810
12855	82	10986	66	88	0	11222
12856	67	204	63	11038	0	11372
12857	10938	73	48	221	0	11280
12858	11008	52	57	145	0	11262
12859	227	33	10842	96	0	11198
12860	10703	35	185	85	0	11008
12861	225	30	10806	82	0	11143
12862	128	35	191	10779	0	11133
12863	95	20	10756	222	0	11093
12864	10718	32	215	123	0	11088
12865	218	39	105	10899	0	11261
12866	98	38	11175	200	0	11511
12867	80	35	10622	130	0	10867
12868	10764	42	216	125	0	11147
12869	11061	26	102	112	0	11301
12870	223	11089	88	93	0	11493
12871	145	149	65	11308	0	11667
12872	89	75	11237	211	0	11612
12873	82	55	11107	119	0	11363
12874	80	68	204	11215	0	11567
12875	11254	52	135	194	0	11635
12876	196	11177	58	107	0	11538
12877	104	153	57	11411	0	11725
12878	11391	69	53	227	0	11740
12879	191	43	59	11379	0	11672
12880	116	11404	64	217	0	11801
12881	93	150	66	11581	0	11890
12882	11563	62	52	218	0	11895
12883	221	56	45	11573	0	11895
12884	11564	33	57	230	0	11884
12885	202	11727	73	106	0	12108
12886	11802	140	71	105	0	12118
12887	208	60	11586	67	0	11921
12888	11339	44	167	119	0	11669
12889	11673	41	107	75	0	11896
12890	238	11663	69	85	0	12055
12891	128	169	70	11438	0	11805
12892	94	70	11405	166	0	11735
12893	76	42	11043	113	0	11274
12894	10590	88	201	100	0	10979
12895	10340	44	95	93	0	10572
12896	167	10375	53	71	0	10666
12897	82	10519	46	72	0	10719
12898	10453	124	44	57	0	10678
12899	148	10290	46	60	0	10544
12900	85	10557	52	58	0	10752
12901	89	107	43	10471	0	10710
12902	55	56	41	10257	0	10409
12903	65	33	10241	165	0	10504
12904	60	27	104	10240	0	10431
12905	10205	24	45	146	0	10420
12906	132	40	10148	66	0	10386
12907	78	23	10117	64	0	10282
12908	95	24	122	10053	0	10294
12909	73	25	63	10382	0	10543
12910	94	26	44	10340	0	10504
12911	53	38	10194	143	0	10428
12912	68	30	101	9746	0	9945
12913	45	29	70	10093	0	10237
12914	9912	22	53	111	0	10098
12915	104	9805	33	63	0	10005
12916	9696	78	30	44	0	9848
12917	110	37	9712	42	0	9901
12918	8707	16	66	30	0	8819
12919	66	9269	40	24	0	9399
12920	8853	29	21	23	0	8926
12921	44	8810	9	14	0	8877
12922	8474	39	27	16	0	8556
12923	36	8272	6	10	0	8324
12924	12	8235	18	18	0	8283
12925	59	37	22	8238	0	8356
12926	8308	9	19	29	0	8365
12927	8300	8	4	14	0	8326
12928	8355	3	4	22	0	8384
12929	33	3	8233	5	0	8274
12930	17	6	8134	6	0	8163
12931	12	5	25	8376	0	8418
12932	4	8357	6	33	0	8400
12933	5	8682	6	9	0	8702
12934	8	32	4	8493	0	8537
12935	8381	11	4	33	0	8429
12936	8400	7	1	18	0	8426
12937	8469	4	1	18	0	8492
12938	40	4	8441	4	0	8489
12939	16	4	28	8536	0	8584
12940	9	4	8687	31	0	8731
12941	8666	1	30	21	0	8718
12942	8855	2	5	23	0	8885
12943	41	5	8892	3	0	8941
12944	21	2	32	8902	0	8957
12945	8996	4	8	50	0	9058
12946	47	5	7	9203	0	9262
12947	10	4	2	9341	0	9357
12948	43	8	13	9459	0	9523
12949	10350	2	2	102	0	10456
12950	95	2	6	10866	0	10969
12951	11145	5	4	126	0	11280
12952	121	11718	5	37	0	11881
12953	50	116	6	12235	0	12407
12954	41	38	7	12324	0	12410
12955	26	16	4	12217	0	12263
12956	12105	8	4	204	0	12321
12957	152	7	2	12090	0	12251
12958	69	10	7	12148	0	12234
12959	12222	4	3	205	0	12434
12960	12331	5	4	88	0	12428
12961	12305	3	3	45	0	12356
12962	207	7	11964	26	0	12204
12963	93	8	11443	28	0	11572
12964	12108	7	162	26	0	12303
12965	167	3	58	12041	0	12269
12966	80	8	21	11777	0	11886
12967	11980	9	14	194	0	12197
12968	11777	8	13	91	0	11889
12969	11799	5	8	61	0	11873
12970	183	11553	9	34	0	11779
12971	11575	124	12	35	0	11746
12972	11395	43	4	52	0	11494
12973	192	11269	6	27	0	11494
12974	89	11416	10	49	0	11564
12975	69	143	6	11587	0	11805
12976	11739	45	9	128	0	11921
12977	11764	17	11	73	0	11865
12978	11732	15	8	33	0	11788
12979	206	14	5	11594	0	11819
12980	11542	10	5	163	0	11720
12981	168	9	11394	70	0	11641
12982	11337	5	118	43	0	11503
12983	172	6	11426	26	0	11630
12984	83	14	11124	26	0	11247
12985	55	15	166	11051	0	11287
12986	11146	5	65	154	0	11370
12987	158	10	22	11117	0	11307
12988	72	9	11105	157	0	11343
12989	40	6	11016	89	0	11151
12990	41	7	160	10865	0	11073
12991	10958	11	62	164	0	11195
12992	150	11053	19	85	0	11307
12993	86	119	20	11223	0	11448
12994	61	47	17	11450	0	11575
12995	48	18	11472	191	0	11729
12996	52	13	11336	77	0	11478
12997	43	19	173	11488	0	11723
12998	11554	7	71	180	0	11812
12999	155	16	11551	93	0	11815
13000	99	9	142	11462	0	11712
13001	72	10	56	11516	0	11654
13002	66	13	29	11715	0	11823
13003	11431	12	31	223	0	11697
13004	188	13	10547	124	0	10872
13005	100	11332	98	86	0	11616
13006	83	136	50	11539	0	11808
13007	65	63	11468	178	0	11774
13008	70	11168	147	107	0	11492
13009	74	11637	75	66	0	11852
13010	11645	172	46	63	0	11926
13011	197	11679	25	82	0	11983
13012	11857	170	16	83	0	12126
13013	212	70	11774	74	0	12130
13014	121	37	162	11913	0	12233
13015	11917	28	67	218	0	12230
13016	211	12171	39	118	0	12539
13017	131	168	12209	75	0	12583
13018	106	76	172	11476	0	11830
13019	95	12328	70	174	0	12667
13020	88	180	39	12802	0	13109
13021	12755	75	40	237	0	13107
13022	210	13132	51	117	0	13510
13023	13350	199	40	89	0	13678
13024	13603	73	41	79	0	13796
13025	323	32	13593	67	0	14015
13026	140	14122	213	74	0	14549
13027	122	237	86	14834	0	15279
13028	94	71	15310	266	0	15741
13029	101	41	16267	110	0	16519
13030	108	75	361	16704	0	17248
13031	17150	24	145	323	0	17642
13032	17309	24	72	144	0	17549
13033	465	32	63	17073	0	17633
13034	160	29	17119	403	0	17711
13035	113	17198	328	155	0	17794
13036	17619	317	119	104	0	18159
13037	17838	114	58	103	0	18113
13038	470	17712	56	74	0	18312
13039	17905	348	57	56	0	18366
13040	406	123	17560	59	0	18148
13041	17500	53	336	75	0	17964
13042	16922	55	128	55	0	17160
13043	438	47	17458	38	0	17981
13044	190	31	352	17237	0	17810
13045	113	34	17186	350	0	17683
13046	108	16549	368	127	0	17152
13047	67	16797	158	104	0	17126
13048	100	430	58	16099	0	16687
13049	38	101	16000	282	0	16421
13050	37	15023	261	90	0	15411
13051	31	15232	87	51	0	15401
13052	14164	319	93	77	0	14653
13053	14233	75	48	28	0	14384
13054	267	43	24	14210	0	14544
13055	101	33	16	14142	0	14292
13056	63	14290	22	249	0	14624
13057	14243	230	16	94	0	14583
13058	14405	59	13	72	0	14549
13059	274	14228	19	57	0	14578
13060	95	242	11	14375	0	14723
13061	61	66	14354	231	0	14712
13062	72	35	212	14389	0	14708
13063	14518	40	58	254	0	14870
13064	266	23	25	14631	0	14945
13065	89	23	28	14979	0	15119
13066	14966	19	21	314	0	15320
13067	280	15	24	14832	0	15151
13068	83	14765	18	286	0	15152
13069	65	218	22	15177	0	15482
13070	58	67	18	15389	0	15532
13071	53	34	23	15212	0	15322
13072	40	14981	21	305	0	15347
13073	43	236	16	15057	0	15352
13074	29	69	14845	303	0	15246
13075	37	44	239	14867	0	15187
13076	35	48	14753	292	0	15128
13077	43	14626	250	116	0	15035
13078	51	246	81	14926	0	15304
13079	47	74	49	15142	0	15312
13080	43	42	50	15184	0	15319
13081	48	42	37	15136	0	15263
13082	47	46	14805	343	0	15241
13083	53	14621	244	137	0	15055
13084	46	240	73	15061	0	15420
13085	46	63	15124	307	0	15540
13086	52	47	282	15190	0	15571
13087	15301	49	80	339	0	15769
13088	295	40	14759	115	0	15209
13089	14958	30	253	93	0	15334
13090	332	34	73	15281	0	15720
13091	105	37	15260	312	0	15714
13092	66	15145	288	120	0	15619
13093	96	272	76	15166	0	15610
13094	62	77	15454	326	0	15919
13095	58	15322	303	119	0	15802
13096	49	295	94	15487	0	15925
13097	15479	99	67	338	0	15983
13098	15861	55	57	129	0	16102
13099	15950	59	46	110	0	16165
13100	380	43	15728	92	0	16243
13101	133	15973	294	64	0	16464
13102	104	313	77	16064	0	16558
13103	106	96	48	16862	0	17112
13104	16912	60	46	397	0	17415
13105	344	17206	45	152	0	17747
13106	17418	342	45	140	0	17945
13107	17415	105	48	125	0	17693
13108	17693	73	38	94	0	17898
13109	451	66	17268	81	0	17866
13110	17486	44	332	102	0	17964
13111	441	42	87	17549	0	18119
13112	180	39	50	17663	0	17932
13113	17277	34	58	444	0	17813
13114	409	39	37	17110	0	17595
13115	122	16974	35	427	0	17558
13116	91	325	31	16923	0	17370
13117	16496	91	22	443	0	17052
13118	348	59	16263	187	0	16857
13119	111	16099	315	118	0	16643
13120	93	306	78	15947	0	16424
13121	15775	82	39	392	0	16288
13122	332	58	15478	136	0	16004
13123	144	298	320	14981	0	15743
13124	141	37	14885	334	0	15397
13125	112	47	14330	136	0	14625
13126	101	40	13918	104	0	14163
13127	90	25	13566	94	0	13775
13128	62	30	13113	59	0	13264
13129	11438	144	384	69	0	12035
13130	170	11402	74	37	0	11683
13131	11109	136	44	34	0	11323
13132	11057	32	31	33	0	11153
13133	172	10925	33	26	0	11156
13134	55	11148	31	17	0	11251
13135	11092	146	38	40	0	11316
13136	11101	40	19	38	0	11198
13137	178	23	15	10759	0	10975
13138	61	10900	15	138	0	11114
13139	11019	132	14	62	0	11227
13140	143	10963	13	26	0	11145
13141	63	135	17	11050	0	11265
13142	11143	37	17	148	0	11345
13143	11213	25	15	62	0	11315
13144	176	26	20	11129	0	11351
13145	69	21	16	11177	0	11283
13146	55	23	11083	157	0	11318
13147	40	15	137	10995	0	11187
13148	35	20	11091	154	0	11300
13149	44	11	140	10847	0	11042
13150	38	14	44	11081	0	11177
13151	11032	14	28	191	0	11265
13152	11020	14	33	74	0	11141
13153	166	17	10934	36	0	11153
13154	10788	19	139	40	0	10986
13155	169	20	36	10946	0	11171
13156	67	14	11056	155	0	11292
13157	61	14	140	11026	0	11241
13158	52	22	42	11819	0	11935
13159	38	22	11840	186	0	12086
13160	51	14	154	12002	0	12221
13161	40	10	12381	187	0	12618
13162	35	22	177	12776	0	13010
13163	13203	23	50	224	0	13500
13164	208	13396	35	74	0	13713
13165	13547	187	37	61	0	13832
13166	212	13743	29	42	0	14026
13167	13618	207	30	52	0	13907
13168	238	13603	22	39	0	13902
13169	13495	202	24	53	0	13774
13170	219	13684	23	46	0	13972
13171	113	211	26	13773	0	14123
13172	59	77	13773	200	0	14109
13173	59	42	13605	80	0	13786
13174	69	53	227	13675	0	14024
13175	13738	35	79	223	0	14075
13176	223	13891	47	88	0	14249
13177	96	211	36	13992	0	14335
13178	71	75	13969	220	0	14335
13179	65	47	13952	86	0	14150
13180	76	68	241	13525	0	13910
13181	36	14091	103	203	0	14433
13182	14078	194	56	97	0	14425
13183	215	77	14329	58	0	14679
13184	83	45	13871	56	0	14055
13185	48	14245	248	52	0	14593
13186	14161	209	144	73	0	14587
13187	14335	68	63	50	0	14516
13188	242	55	47	14239	0	14583
13189	14374	35	45	192	0	14646
13190	14207	34	41	104	0	14386
13191	254	14162	43	56	0	14515
13192	14151	190	36	53	0	14430
13193	236	72	14343	45	0	14696
13194	115	46	177	14087	0	14425
13195	92	40	74	14107	0	14313
13196	13980	32	60	227	0	14299
13197	187	13914	54	102	0	14257
13198	13781	169	35	83	0	14068
13199	210	13958	37	43	0	14248
13200	105	13988	29	41	0	14163
13201	84	199	13681	43	0	14007
13202	87	109	13185	44	0	13425
13203	12684	148	193	49	0	13074
13204	12830	61	103	49	0	13043
13205	185	32	12516	18	0	12751
13206	85	11936	113	28	0	12162
13207	56	12222	57	31	0	12366
13208	12263	148	52	30	0	12493
13209	12229	73	34	25	0	12361
13210	161	55	31	12264	0	12511
13211	12461	37	23	116	0	12637
13212	139	37	25	12362	0	12563
13213	77	31	12377	111	0	12596
13214	57	28	11681	65	0	11831
13215	12168	25	140	65	0	12398
13216	135	34	65	12279	0	12513
13217	81	12972	54	86	0	13193
13218	13306	104	42	74	0	13526
13219	13295	57	36	69	0	13457
13220	168	42	13295	30	0	13535
13221	13387	34	103	55	0	13579
13222	13809	27	58	32	0	13926
13223	176	26	51	13658	0	13911
13224	105	13414	43	109	0	13671
13225	74	13186	31	78	0	13369
13226	78	166	22	14160	0	14426
13227	82	84	29	13672	0	13867
13228	73	46	29	14057	0	14205
13229	58	51	13865	194	0	14168
13230	83	41	13302	92	0	13518
13231	76	46	173	13625	0	13920
13232	56	35	13747	154	0	13992
13233	51	49	13549	72	0	13721
13234	67	32	186	13536	0	13821
13235	52	40	14222	165	0	14479
13236	40	14076	195	94	0	14405
13237	14775	160	89	96	0	15120
13238	175	84	60	14611	0	14930
13239	88	14624	52	175	0	14939
13240	66	161	15106	92	0	15425
13241	61	78	191	15061	0	15391
13242	45	51	15629	178	0	15903
13243	56	42	201	15545	0	15844
13244	67	33	100	16011	0	16211
13245	50	39	16458	252	0	16799
13246	54	25	213	16163	0	16455
13247	37	15891	100	228	0	16256
13248	72	189	65	16841	0	17167
13249	66	80	16804	218	0	17168
13250	69	45	201	16610	0	16925
13251	16536	37	99	258	0	16930
13252	195	16590	61	133	0	16979
13253	114	192	56	16706	0	17068
13254	63	99	16899	227	0	17288
13255	62	16303	194	118	0	16677
13256	55	16739	104	105	0	17003
13257	48	241	16523	87	0	16899
13258	44	139	187	15749	0	16119
13259	74	98	106	15567	0	15845
13260	45	49	15617	237	0	15948
13261	38	14702	173	123	0	15036
13262	30	14859	89	71	0	15049
13263	14223	146	51	68	0	14488
13264	113	14178	36	38	0	14365
13265	14107	136	32	47	0	14322
13266	139	63	23	13793	0	14018
13267	14494	35	19	173	0	14721
13268	130	27	14425	71	0	14653
13269	14330	27	120	63	0	14540
13270	146	24	65	14563	0	14798
13271	63	14763	44	140	0	15010
13272	14926	118	27	78	0	15149
13273	134	113	36	14873	0	15156
13274	63	14843	32	133	0	15071
13275	30	15608	23	85	0	15746
13276	15588	162	32	71	0	15853
13277	15674	67	29	47	0	15817
13278	15810	39	18	49	0	15916
13279	178	32	22	15394	0	15626
13280	77	14923	24	135	0	15159
13281	48	15434	25	70	0	15577
13282	34	155	24	15509	0	15722
13283	15317	59	25	168	0	15569
13284	14504	49	13	118	0	14684
13285	15091	25	20	75	0	15211
13286	187	25	14322	48	0	14582
13287	88	38	14451	43	0	14620
13288	15471	42	142	54	0	15709
13289	173	26	54	15449	0	15702
13290	83	34	37	15618	0	15772
13291	63	31	28	15450	0	15572
13292	64	34	31	15648	0	15777
13293	41	51	15253	220	0	15565
13294	52	30	141	15123	0	15346
13295	34	36	15109	204	0	15383
13296	14246	33	159	140	0	14578
13297	156	15052	85	76	0	15369
13298	78	138	59	15428	0	15703
13299	46	75	39	15207	0	15367
13300	14996	45	49	234	0	15324
13301	14934	32	50	127	0	15143
13302	14953	35	35	96	0	15119
13303	14914	47	30	87	0	15078
13304	220	42	14815	67	0	15144
13305	118	40	14458	61	0	14677
13306	73	45	180	14732	0	15030
13307	14882	49	84	196	0	15211
13308	14770	34	70	126	0	15000
13309	191	36	14696	93	0	15016
13310	118	20	152	14464	0	14754
13311	14513	32	71	214	0	14830
13312	169	47	60	14545	0	14821
13313	105	44	14581	185	0	14915
13314	77	52	150	14429	0	14708
13315	14552	43	65	215	0	14875
13316	178	15313	61	106	0	15658
13317	15151	149	36	107	0	15443
13318	15280	68	39	101	0	15488
13319	15469	36	45	89	0	15639
13320	236	38	31	15314	0	15619
13321	14979	42	32	169	0	15222
13322	170	15415	39	94	0	15718
13323	109	15922	25	74	0	16130
13324	107	216	31	15801	0	16155
13325	16000	97	27	204	0	16328
13326	203	16697	19	102	0	17021
13327	19465	201	24	85	0	19775
13328	20915	94	26	88	0	21123
13329	467	21608	27	72	0	22174
13330	254	386	21	21831	0	22492
13331	199	168	14	22348	0	22729
13332	138	118	22116	501	0	22873
13333	173	96	369	21974	0	22612
13334	144	68	22003	527	0	22742
13335	107	21101	415	520	0	22143
13336	118	417	166	21754	0	22455
13337	20927	153	128	562	0	21770
13338	21332	101	108	312	0	21853
13339	531	98	110	21160	0	21899
13340	232	79	20469	501	0	21281
13341	19479	71	394	307	0	20251
13342	459	19561	164	194	0	20378
13343	250	19373	104	173	0	19900
13344	216	19912	89	126	0	20343
13345	228	528	93	19085	0	19934
13346	119	228	19363	425	0	20135
13347	130	174	383	19179	0	19866
13348	106	147	19250	440	0	19943
13349	68	144	18895	220	0	19327
13350	72	130	19430	159	0	19791
13351	102	108	551	18517	0	19278
13352	74	76	283	19533	0	19966
13353	60	48	221	19757	0	20086
13354	66	49	174	19378	0	19667
13355	19157	30	165	643	0	19995
13356	341	19043	167	345	0	19896
13357	19131	334	120	279	0	19864
13358	406	19307	80	244	0	20037
13359	220	411	60	19470	0	20161
13360	175	180	47	20075	0	20477
13361	19748	133	36	612	0	20529
13362	20036	116	40	318	0	20510
13363	20233	111	40	223	0	20607
13364	20138	102	35	190	0	20465
13365	19997	102	26	182	0	20307
13366	639	19551	31	163	0	20384
13367	18860	357	18	146	0	19381
13368	586	18738	20	110	0	19454
13369	18694	397	26	107	0	19224
13370	598	183	18344	54	0	19179
13371	373	173	307	17862	0	18715
13372	261	18411	127	304	0	19103
13373	218	415	94	18358	0	19085
13374	166	220	18099	414	0	18899
13375	176	163	361	17467	0	18167
13376	17012	126	175	503	0	17816
13377	397	17207	153	281	0	18038
13378	195	17565	124	226	0	18110
13379	153	510	17503	199	0	18365
13380	150	281	384	17126	0	17941
13381	102	17628	204	490	0	18424
13382	123	436	158	18086	0	18803
13383	103	220	17980	508	0	18811
13384	89	17531	412	286	0	18318
13385	100	473	17730	198	0	18501
13386	108	252	17676	194	0	18230
13387	134	190	514	17551	0	18389
13388	17656	166	251	473	0	18546
13389	417	139	194	17920	0	18670
13390	213	133	17928	511	0	18785
13391	183	147	467	18156	0	18953
13392	131	142	18611	529	0	19413
13393	121	112	18353	319	0	18905
13394	18340	111	604	285	0	19340
13395	19498	95	306	287	0	20186
13396	19661	64	287	272	0	20284
13397	568	64	19306	223	0	20161
13398	298	63	19389	215	0	19965
13399	253	47	645	18972	0	19917
13400	243	62	374	19445	0	20124
13401	19442	64	230	615	0	20351
13402	540	63	182	19577	0	20362
13403	281	54	19491	622	0	20448
13404	209	76	18986	373	0	19644
13405	184	19267	544	316	0	20311
13406	196	407	278	19804	0	20685
13407	193	193	20002	561	0	20949
13408	201	142	518	19838	0	20699
13409	19893	116	258	633	0	20900
13410	471	114	20226	345	0	21156
13411	282	95	537	20167	0	21081
13412	248	95	264	20600	0	21207
13413	207	87	20096	653	0	21043
13414	226	67	527	19935	0	20755
13415	203	66	19866	639	0	20774
13416	18699	94	540	373	0	19706
13417	519	78	285	18703	0	19585
13418	236	18545	214	583	0	19578
13419	18517	417	166	351	0	19451
13420	18567	166	189	289	0	19211
13421	590	18360	165	258	0	19373
13422	529	1573	169	15844	0	18115
13423	235	17105	105	400	0	17845
13424	200	17369	92	239	0	17900
13425	399	549	16220	193	0	17361
13426	210	15872	385	186	0	16653
13427	199	378	12821	135	0	13533
13428	10518	162	189	68	0	10937
13429	10560	33	35	37	0	10665
13430	121	10781	24	19	0	10945
13431	39	10758	23	17	0	10837
13432	20	11241	24	16	0	11301
13433	11576	135	19	29	0	11759
13434	154	37	23	11910	0	12124
13435	42	26	12811	135	0	13014
13436	25	12923	142	36	0	13126
13437	40	163	31	13369	0	13603
13438	33	42	18	13146	0	13239
13439	14	14761	9	181	0	14965
13440	15824	243	15	67	0	16149
13441	293	52	16126	27	0	16498
13442	116	33	287	18549	0	18985
13443	20	20664	66	409	0	21159
13444	20720	495	25	109	0	21349
13445	516	107	20513	69	0	21205
13446	113	20187	481	51	0	20832
13447	121	508	104	20361	0	21094
13448	57	120	20338	479	0	20994
13449	19893	74	516	134	0	20617
13450	539	57	116	20081	0	20793
13451	116	39	20107	516	0	20778
13452	66	20049	520	133	0	20768
13453	19755	493	120	113	0	20481
13454	483	20064	90	91	0	20728
13455	20108	549	60	78	0	20795
13456	20482	143	43	81	0	20749
13457	632	102	46	19822	0	20602
13458	188	19264	45	530	0	20027
13459	125	452	19616	124	0	20317
13460	138	130	500	19579	0	20347
13461	199	103	195	17495	0	17992
13462	98	54	96	20024	0	20272
13463	117	54	74	20002	0	20247
13464	106	44	47	20103	0	20300
13465	19543	47	71	751	0	20412
13466	19018	62	56	270	0	19406
13467	19080	58	47	206	0	19391
13468	609	18921	40	162	0	19732
13469	220	482	19283	101	0	20086
13470	163	131	19373	90	0	19757
13471	110	95	19733	86	0	20024
13472	105	102	679	19023	0	19909
13473	98	62	224	19664	0	20048
13474	85	77	133	19743	0	20038
13475	81	55	19146	724	0	20006
13476	64	18791	565	288	0	19708
13477	78	519	18950	195	0	19742
13478	68	152	19350	159	0	19729
13479	116	107	646	19000	0	19869
13480	88	128	19366	594	0	20176
13481	119	84	626	19038	0	19867
13482	18897	94	216	671	0	19878
13483	19179	94	165	221	0	19659
13484	687	76	18759	173	0	19695
13485	249	91	599	18745	0	19684
13486	192	94	18853	625	0	19764
13487	140	18948	629	223	0	19940
13488	18994	593	203	200	0	19990
13489	610	203	18951	146	0	19910
13490	212	18105	629	146	0	19092
13491	180	18258	226	154	0	18818
13492	152	18427	197	156	0	18932
13493	145	668	17582	167	0	18562
13494	186	356	577	16524	0	17643
13495	149	17199	212	571	0	18131
13496	164	631	179	17096	0	18070
13497	178	247	169	17580	0	18174
13498	16839	163	142	749	0	17893
13499	596	16882	165	338	0	17981
13500	16681	573	137	289	0	17680
13501	630	16295	152	259	0	17336
13502	276	17030	156	189	0	17651
13503	212	673	16568	184	0	17637
13504	216	323	602	16377	0	17518
13505	150	241	16520	635	0	17546
13506	156	16209	634	289	0	17288
13507	176	573	16230	259	0	17238
13508	167	212	16257	272	0	16908
13509	184	16286	652	264	0	17386
13510	15845	602	291	239	0	16977
13511	572	16185	231	255	0	17243
13512	16201	623	233	251	0	17308
13513	599	260	16208	252	0	17319
13514	261	170	16332	259	0	17022
13515	176	16193	685	281	0	17335
13516	16145	550	270	256	0	17221
13517	601	16216	271	247	0	17335
13518	293	583	226	16269	0	17371
13519	16438	272	200	583	0	17493
13520	641	217	16405	240	0	17503
13521	253	197	674	16404	0	17528
13522	16315	159	291	675	0	17440
13523	610	16318	260	304	0	17492
13524	230	564	221	16414	0	17429
13525	196	206	16162	730	0	17294
13526	16069	160	625	311	0	17165
13527	570	174	277	16345	0	17366
13528	183	146	16102	702	0	17133
13529	163	145	656	15671	0	16635
13530	161	15875	252	696	0	16984
13531	149	525	15903	330	0	16907
13532	207	187	586	15394	0	16374
13533	14901	146	233	619	0	15899
13534	607	137	220	14433	0	15397
13535	13302	128	200	555	0	14185
13536	539	13233	184	224	0	14180
13537	12846	477	189	178	0	13690
13538	500	212	12579	178	0	13469
13539	216	151	11255	150	0	11772
13540	144	117	10107	119	0	10487
13541	149	9551	583	129	0	10412
13542	300	88	496	5164	0	6048
13543	26	19	52	5009	0	5106
13544	9	13	14	4940	0	4976
13545	15	9	11	5077	0	5112
13546	7	10	5080	60	0	5157
13547	4726	8	41	37	0	4812
13548	41	5087	16	17	0	5161
13549	5068	37	14	21	0	5140
13550	46	14	15	5069	0	5144
13551	22	5120	8	40	0	5190
13552	11	48	6	5189	0	5254
13553	5165	10	9	50	0	5234
13554	35	5391	10	22	0	5458
13555	5383	42	11	15	0	5451
13556	5371	16	8	14	0	5409
13557	51	13	7	5487	0	5558
13558	19	17	5580	35	0	5651
13559	5493	10	38	24	0	5565
13560	43	6	18	5857	0	5924
13561	5933	6	13	48	0	6000
13562	6105	5	10	19	0	6139
13563	6106	9	4	15	0	6134
13564	55	7	6126	14	0	6202
13565	32	7	40	6009	0	6088
13566	6066	4	17	45	0	6132
13567	52	9	6275	17	0	6353
13568	23	6295	45	15	0	6378
13569	34	48	15	5845	0	5942
13570	13	11	6360	32	0	6416
13571	8	12	6289	12	0	6321
13572	14	11	44	6233	0	6302
13573	17	6	22	6510	0	6555
13574	10	3	17	6534	0	6564
13575	12	3	6	6471	0	6492
13576	7	3	6464	54	0	6528
13577	6	6488	33	26	0	6553
13578	14	30	13	6591	0	6648
13579	6618	14	11	51	0	6694
13580	6505	7	10	31	0	6553
13581	6542	9	5	18	0	6574
13582	50	4	7	6533	0	6594
13583	25	17	10	6447	0	6499
13584	15	6195	3	37	0	6250
13585	15	6329	3	19	0	6366
13586	21	54	12	6259	0	6346
13587	6204	15	9	43	0	6271
13588	6214	10	2	22	0	6248
13589	6148	5	5	19	0	6177
13590	6142	1	3	15	0	6161
13591	6176	3	3	13	0	6195
13592	36	6182	6	11	0	6235
13593	20	25	1	6300	0	6346
13594	6448	10	5	34	0	6497
13595	6483	4	7	20	0	6514
13596	37	7	4	6462	0	6510
13597	20	3	4	6487	0	6514
13598	9	3	6626	36	0	6674
13599	14	6	20	6451	0	6491
13600	11	1	10	6557	0	6579
13601	9	3	6886	37	0	6935
13602	13	5	16	6822	0	6856
13603	6	6932	8	30	0	6976
13604	11	25	6948	9	0	6993
13605	8	6996	27	8	0	7039
13606	17	26	11	6860	0	6914
13607	6	20	5	7036	0	7067
13608	3	6966	4	32	0	7005
13609	9	7049	2	13	0	7073
13610	7175	27	4	18	0	7224
13611	7098	12	2	16	0	7128
13612	32	9	7021	6	0	7068
13613	7107	2	20	32	0	7161
13614	7539	2	12	15	0	7568
13615	7536	1	7	16	0	7560
13616	7521	4	7	20	0	7552
13617	35	1	7299	9	0	7344
13618	15	5	6882	8	0	6910
13619	7414	1	26	12	0	7453
13620	22	7741	10	14	0	7787
13621	9	18	7835	7	0	7869
13622	7859	8	19	15	0	7901
13623	7883	0	11	8	0	7902
13624	26	3	7843	5	0	7877
13625	7905	2	17	13	0	7937
13626	26	1	11	8528	0	8566
13627	11	6	8734	19	0	8770
13628	8237	4	23	27	0	8291
13629	21	8725	10	12	0	8768
13630	8940	20	7	11	0	8978
13631	9719	9	3	49	0	9780
13632	38	3	3	9832	0	9876
13633	16	2	6	9819	0	9843
13634	11	1	2	10043	0	10057
13635	10116	3	5	50	0	10174
13636	10590	2	4	30	0	10626
13637	65	3	2	10671	0	10741
13638	35	4	0	10637	0	10676
13639	13	3	10546	67	0	10629
13640	10196	3	43	42	0	10284
13641	53	4	20	10815	0	10892
13642	28	1	2	10809	0	10840
13643	10	10693	2	82	0	10787
13644	19	54	2	10777	0	10852
13645	12	18	2	10796	0	10828
13646	10677	6	2	88	0	10773
13647	59	10798	7	42	0	10906
13648	37	53	3	10934	0	11027
13649	15	22	2	10933	0	10972
13650	16	8	1	11046	0	11071
13651	10	14	10909	86	0	11019
13652	15	7	58	10763	0	10843
13653	10728	2	23	90	0	10843
13654	68	2	10733	38	0	10841
13655	36	4	64	10909	0	11013
13656	18	6	19	11088	0	11131
13657	11046	1	11	111	0	11169
13658	10791	1	10	62	0	10864
13659	85	6	10798	24	0	10913
13660	10163	6	64	42	0	10275
13661	79	6	10659	21	0	10765
13662	10566	4	68	43	0	10681
13663	84	11315	28	38	0	11465
13664	11547	77	11	44	0	11679
13665	87	11753	11	24	0	11875
13666	12046	91	11	42	0	12190
13667	87	12081	12	37	0	12217
13668	46	90	10	12344	0	12490
13669	29	25	12	12365	0	12431
13670	29	16	10	12302	0	12357
13671	17	12071	3	120	0	12211
13672	21	85	13	12138	0	12257
13673	16	12203	9	113	0	12341
13674	30	86	7	12363	0	12486
13675	12438	25	11	120	0	12594
13676	12359	14	5	58	0	12436
13677	119	12259	11	31	0	12420
13678	55	97	6	12422	0	12580
13679	12329	25	8	130	0	12492
13680	118	12396	10	40	0	12564
13681	41	12510	7	28	0	12586
13682	12590	129	10	27	0	12756
13683	12634	42	2	41	0	12719
13684	133	12623	10	16	0	12782
13685	12610	110	4	34	0	12758
13686	142	40	4	12628	0	12814
13687	43	22	13052	128	0	13245
13688	12967	23	110	70	0	13170
13689	13244	22	23	48	0	13337
13690	150	27	13336	31	0	13544
13691	13456	14	113	53	0	13636
13692	13748	22	38	42	0	13850
13693	14298	16	16	56	0	14386
13694	176	14196	16	30	0	14418
13695	14373	131	7	57	0	14568
13696	14509	49	10	52	0	14620
13697	207	30	10	14503	0	14750
13698	96	27	9	14686	0	14818
13699	69	24	5	14905	0	15003
13700	14933	26	12	200	0	15171
13701	187	26	4	14668	0	14885
13702	14794	27	3	205	0	15029
13703	15002	21	10	91	0	15124
13704	235	23	5	14934	0	15197
13705	107	22	9	15365	0	15503
13706	83	13	11	15483	0	15590
13707	15441	25	10	241	0	15717
13708	190	15439	16	87	0	15732
13709	102	164	12	15794	0	16072
13710	81	49	4	16118	0	16252
13711	15940	43	9	256	0	16248
13712	16064	29	24	113	0	16230
13713	268	28	15612	72	0	15980
13714	112	29	15518	72	0	15731
13715	16467	28	212	78	0	16785
13716	276	31	51	16857	0	17215
13717	124	30	28	18806	0	18988
13718	80	32	18621	409	0	19142
13719	101	44	310	18351	0	18806
13720	91	18268	67	361	0	18787
13721	80	19010	30	121	0	19241
13722	18656	359	32	112	0	19159
13723	385	75	18417	97	0	18974
13724	97	18910	298	76	0	19381
13725	124	369	51	19127	0	19671
13726	91	103	18915	367	0	19476
13727	113	63	339	18467	0	18982
13728	102	47	67	18886	0	19102
13729	79	45	18783	417	0	19324
13730	72	18787	338	140	0	19337
13731	95	338	83	18193	0	18709
13732	18178	68	60	401	0	18707
13733	18322	41	41	145	0	18549
13734	18280	39	38	116	0	18473
13735	417	17897	54	100	0	18468
13736	17618	323	31	101	0	18073
13737	405	73	31	17620	0	18129
13738	136	47	17305	349	0	17837
13739	17185	49	300	116	0	17650
13740	372	17498	65	101	0	18036
13741	120	308	47	17440	0	17915
13742	120	58	36	17511	0	17725
13743	83	17238	43	391	0	17755
13744	84	345	50	17667	0	18146
13745	96	83	37	17952	0	18168
13746	91	66	34	18204	0	18395
13747	17728	54	42	455	0	18279
13748	17785	48	42	200	0	18075
13749	383	62	17703	133	0	18281
13750	132	61	316	17665	0	18174
13751	141	58	60	18181	0	18440
13752	118	58	59	18253	0	18488
13753	17908	58	70	439	0	18475
13754	371	52	17522	159	0	18104
13755	17223	42	322	174	0	17761
13756	17853	41	82	160	0	18136
13757	417	31	58	17789	0	18295
13758	17781	40	62	429	0	18312
13759	409	61	17114	133	0	17717
13760	17258	52	281	148	0	17739
13761	414	18596	72	138	0	19220
13762	171	328	18139	100	0	18738
13763	122	90	18289	119	0	18620
13764	151	142	401	17985	0	18679
13765	110	61	18206	375	0	18752
13766	17514	66	361	167	0	18108
13767	361	17629	94	137	0	18221
13768	17585	316	107	136	0	18144
13769	402	86	71	17766	0	18325
13770	131	63	17690	406	0	18290
13771	112	65	17652	153	0	17982
13772	119	99	356	17731	0	18305
13773	17844	62	105	443	0	18454
13774	364	17506	81	178	0	18129
13775	108	18103	63	190	0	18464
13776	17897	356	83	170	0	18506
13777	386	18071	81	144	0	18682
13778	18101	343	66	147	0	18657
13779	437	132	70	17998	0	18637
13780	17931	86	62	399	0	18478
13781	408	68	65	17954	0	18495
13782	18081	64	59	422	0	18626
13783	407	54	67	17951	0	18479
13784	173	17801	79	382	0	18435
13785	17844	306	62	188	0	18400
13786	394	17800	52	145	0	18391
13787	159	328	17161	116	0	17764
13788	161	118	316	16517	0	17112
13789	113	17310	88	326	0	17837
13790	16700	338	70	133	0	17241
13791	16823	103	73	110	0	17109
13792	400	16568	65	90	0	17123
13793	115	331	16203	84	0	16733
13794	145	89	311	15723	0	16268
13795	96	15485	110	329	0	16020
13796	107	305	89	16079	0	16580
13797	148	82	60	16228	0	16518
13798	15756	100	44	391	0	16291
13799	332	15643	71	137	0	16183
13800	124	289	44	15782	0	16239
13801	15708	99	53	373	0	16233
13802	15773	62	42	189	0	16066
13803	15578	60	37	146	0	15821
13804	418	70	52	15276	0	15816
13805	14888	74	28	337	0	15327
13806	371	14785	45	116	0	15317
13807	14638	279	46	106	0	15069
13808	337	14696	37	104	0	15174
13809	14557	261	42	128	0	14988
13810	14487	76	30	129	0	14722
13811	398	135	46	14230	0	14809
13812	149	56	14467	293	0	14965
13813	166	58	14060	98	0	14382
13814	113	14297	238	64	0	14712
13815	13718	266	133	107	0	14224
13816	283	77	13495	62	0	13917
13817	10995	33	91	44	0	11163
13818	103	11139	30	19	0	11291
13819	53	11537	19	20	0	11629
13820	44	120	19	12030	0	12213
13821	36	12428	15	92	0	12571
13822	26	140	12795	39	0	13000
13823	45	66	131	12448	0	12690
13824	30	13046	37	142	0	13255
13825	30	184	15	13134	0	13363
13826	13168	47	15	201	0	13431
13827	179	48	14	13333	0	13574
13828	57	30	13523	205	0	13815
13829	43	13705	178	83	0	14009
13830	39	223	56	13707	0	14025
13831	51	64	43	13871	0	14029
13832	44	45	26	14057	0	14172
13833	13782	43	18	295	0	14138
13834	13752	29	23	133	0	13937
13835	251	39	13778	75	0	14143
13836	104	36	13597	55	0	13792
13837	58	13828	221	62	0	14169
13838	14061	196	75	70	0	14402
13839	244	59	48	14139	0	14490
13840	105	45	31	14187	0	14368
13841	82	35	27	14272	0	14416
13842	70	31	23	14342	0	14466
13843	50	34	13918	304	0	14306
13844	13652	29	200	144	0	14025
13845	255	24	51	15198	0	15528
13846	95	21	15123	319	0	15558
13847	15318	29	288	148	0	15783
13848	16795	13	87	104	0	16999
13849	411	34	18187	65	0	18697
13850	187	27	19012	40	0	19266
13851	143	24	494	18794	0	19455
13852	19055	32	156	466	0	19709
13853	19468	12	102	149	0	19731
13854	575	24	72	18956	0	19627
13855	219	18	81	19419	0	19737
13856	121	24	19146	545	0	19836
13857	125	63	444	18824	0	19456
13858	98	18	18891	541	0	19548
13859	18158	21	462	214	0	18855
13860	451	18850	154	158	0	19613
13861	18108	386	92	137	0	18723
13862	469	18126	91	94	0	18780
13863	18105	455	111	84	0	18755
13864	544	131	52	17765	0	18492
13865	220	79	58	18073	0	18430
13866	17989	73	37	544	0	18643
13867	18282	50	27	221	0	18580
13868	18374	37	45	149	0	18605
13869	18598	47	26	121	0	18792
13870	657	33	17962	96	0	18748
13871	18000	23	412	103	0	18538
13872	18608	31	113	100	0	18852
13873	18611	20	79	85	0	18795
13874	687	27	69	18018	0	18801
13875	17648	22	59	463	0	18192
13876	577	17506	69	156	0	18308
13877	290	397	71	17659	0	18417
13878	256	115	49	18041	0	18461
13879	205	69	17516	568	0	18358
13880	188	44	437	17208	0	17877
13881	133	17521	155	585	0	18394
13882	17392	429	99	273	0	18193
13883	523	17472	101	179	0	18275
13884	17617	464	66	208	0	18355
13885	587	167	81	17542	0	18377
13886	17341	95	88	554	0	18078
13887	554	17209	62	248	0	18073
13888	17420	478	68	166	0	18132
13889	17718	166	59	159	0	18102
13890	701	130	54	17303	0	18188
13891	351	108	52	17696	0	18207
13892	246	90	17222	628	0	18186
13893	259	88	410	17365	0	18122
13894	253	78	123	17628	0	18082
13895	218	48	17217	664	0	18147
13896	211	57	457	17370	0	18095
13897	201	36	17164	632	0	18033
13898	17093	40	490	273	0	17896
13899	605	46	190	17149	0	17990
13900	300	40	16794	583	0	17717
13901	16893	42	485	274	0	17694
13902	628	38	174	17017	0	17857
13903	291	47	17052	595	0	17985
13904	17104	36	502	285	0	17927
13905	618	37	169	17290	0	18114
13906	265	48	133	17634	0	18080
13907	17487	53	117	672	0	18329
13908	623	54	85	17460	0	18222
13909	267	47	97	17758	0	18169
13910	232	58	104	17175	0	17569
13911	222	16925	67	656	0	17870
13912	16510	456	72	367	0	17405
13913	16855	145	61	255	0	17316
13914	697	110	49	16353	0	17209
13915	16393	93	70	600	0	17156
13916	16623	62	52	292	0	17029
13917	16688	76	59	237	0	17060
13918	12807	125	111	346	0	13389
13919	16188	45	89	216	0	16538
13920	740	34	14736	184	0	15694
13921	324	50	14178	225	0	14777
13922	14079	40	466	166	0	14751
13923	550	13873	190	168	0	14781
13924	248	344	144	13520	0	14256
13925	206	86	13448	456	0	14196
13926	177	76	13481	225	0	13959
13927	200	204	463	13042	0	13909
13928	12939	120	328	471	0	13858
13929	451	49	109	12933	0	13542
13930	196	58	12837	465	0	13556
13931	13253	24	359	236	0	13872
13932	462	29	154	13372	0	14017
13933	222	21	114	13656	0	14013
13934	205	22	84	13735	0	14046
13935	193	18	55	13545	0	13811
13936	151	31	13021	568	0	13771
13937	163	24	346	13105	0	13638
13938	12974	20	118	512	0	13624
13939	411	35	12483	289	0	13218
13940	12656	27	307	229	0	13219
13941	13105	36	99	213	0	13453
13942	13083	40	83	159	0	13365
13943	12909	27	71	147	0	13154
13944	559	12308	59	169	0	13095
13945	227	11093	40	120	0	11480
13946	180	11338	58	102	0	11678
13947	10623	372	279	156	0	11430
13948	339	86	9861	91	0	10377
13949	7695	114	215	48	0	8072
13950	199	17	55	7306	0	7577
13951	7293	9	18	110	0	7430
13952	106	7	15	7259	0	7387
13953	7272	6	17	111	0	7406
13954	112	1	10	7248	0	7371
13955	58	6	14	7391	0	7469
13956	6937	9	17	120	0	7083
13957	114	7613	15	42	0	7784
13958	56	70	7594	28	0	7748
13959	39	7479	77	37	0	7632
13960	29	58	7228	20	0	7335
13961	39	83	57	6797	0	6976
13962	6898	8	52	53	0	7011
13963	41	10	5	6790	0	6846
13964	6726	4	12	52	0	6794
13965	48	6978	6	25	0	7057
13966	38	32	7047	12	0	7129
13967	16	6953	38	19	0	7026
13968	27	7004	12	13	0	7056
13969	6655	31	40	21	0	6747
13970	6484	7	13	12	0	6516
13971	31	6503	4	11	0	6549
13972	9	32	7	6615	0	6663
13973	13	7	5	6642	0	6667
13974	6636	8	4	49	0	6697
13975	45	6	6661	12	0	6724
13976	14	6	6503	11	0	6534
13977	16	3	39	6730	0	6788
13978	8	2	6781	46	0	6837
13979	6493	2	34	18	0	6547
13980	6801	2	4	27	0	6834
13981	42	6791	7	12	0	6852
13982	13	42	7012	10	0	7077
13983	20	11	43	6993	0	7067
13984	10	7	7364	45	0	7426
13985	14	10	41	7309	0	7374
13986	7473	4	12	56	0	7545
13987	48	7626	5	15	0	7694
13988	18	45	7855	8	0	7926
13989	12	7842	41	19	0	7914
13990	15	8207	7	17	0	8246
13991	8371	57	7	27	0	8462
13992	8129	6	12	30	0	8177
13993	62	20	8286	8	0	8376
13994	15	8494	50	17	0	8576
13995	19	53	7	8597	0	8676
13996	22	12	7	8611	0	8652
13997	28	12	6	8559	0	8605
13998	18	9	8682	67	0	8776
13999	23	8	53	8605	0	8689
14000	18	6	10	8953	0	8987
14001	9063	3	7	85	0	9158
14002	9105	6	11	28	0	9150
14003	9046	2	10	36	0	9094
14004	8927	7	9	25	0	8968
14005	8899	9	10	26	0	8944
14006	60	8795	9	11	0	8875
14007	8610	53	3	18	0	8684
14008	68	10	8603	3	0	8684
14009	25	21	49	8546	0	8641
14010	8668	9	11	65	0	8753
14011	60	8648	7	10	0	8725
14012	8810	52	8	25	0	8895
14013	9000	9	5	21	0	9035
14014	55	10	8	9034	0	9107
14015	22	4	11	9141	0	9178
14016	17	9384	7	67	0	9475
14017	16	59	6	9622	0	9703
14018	15	22	9933	66	0	10036
14019	24	8	60	10002	0	10094
14020	11	7	10059	76	0	10153
14021	9738	6	75	41	0	9860
14022	88	6	20	10173	0	10287
14023	14	16	10333	75	0	10438
14024	18	9940	78	27	0	10063
14025	10	10249	20	22	0	10301
14026	10245	74	16	26	0	10361
14027	85	29	17	10222	0	10353
14028	28	13	10575	73	0	10689
14029	16	10301	66	24	0	10407
14030	15	67	10423	13	0	10518
14031	10070	24	66	30	0	10190
14032	10266	12	17	22	0	10317
14033	10310	8	9	21	0	10348
14034	76	5	9	10360	0	10450
14035	23	14	10292	58	0	10387
14036	14	10264	64	22	0	10364
14037	22	59	23	10524	0	10628
14038	16	19	10379	63	0	10477
14039	21	14	9985	26	0	10046
14040	19	7	68	10425	0	10519
14041	10594	5	25	85	0	10709
14042	65	7	24	10565	0	10661
14043	27	11	5	10770	0	10813
14044	19	8	10829	73	0	10929
14045	30	7	70	10732	0	10839
14046	14	8	16	10818	0	10856
14047	18	5	10848	75	0	10946
14048	15	9	10549	29	0	10602
14049	18	10	70	10830	0	10928
14050	14	9	11007	66	0	11096
14051	15	4	78	10939	0	11036
14052	11001	3	25	103	0	11132
14053	64	11182	27	35	0	11308
14054	25	57	22	11407	0	11511
14055	16	16	11207	75	0	11314
14056	10136	8	70	65	0	10279
14057	64	10575	28	34	0	10701
14058	10746	63	15	42	0	10866
14059	79	16	16	10727	0	10838
14060	31	14	13	10734	0	10792
14061	10935	4	15	106	0	11060
14062	72	14	11012	33	0	11131
14063	10838	7	71	38	0	10954
14064	82	7	24	11181	0	11294
14065	10955	4	21	103	0	11083
14066	10958	5	15	45	0	11023
14067	95	11	11	11051	0	11168
14068	43	11295	21	89	0	11448
14069	11662	78	15	45	0	11800
14070	11714	23	13	50	0	11800
14071	115	18	11758	21	0	11912
14072	11638	16	86	28	0	11768
14073	128	7	26	11761	0	11922
14074	49	11883	25	97	0	12054
14075	45	92	11	11705	0	11853
14076	32	11812	21	93	0	11958
14077	11868	93	19	59	0	12039
14078	12158	32	14	55	0	12259
14079	134	20	13	12811	0	12978
14080	60	21	12638	138	0	12857
14081	46	26	12442	59	0	12573
14082	49	16	150	13101	0	13316
14083	13175	10	67	178	0	13430
14084	13973	10	45	97	0	14125
14085	213	14164	31	52	0	14460
14086	105	169	29	14198	0	14501
14087	54	66	14471	187	0	14778
14088	37	45	14741	94	0	14917
14089	63	88	289	15637	0	16077
14090	16630	19	116	326	0	17091
14091	342	13	54	16824	0	17233
14092	123	25	16642	355	0	17145
14093	16589	13	328	158	0	17088
14094	354	11	126	16556	0	17047
14095	145	7	88	16832	0	17072
14096	105	10	53	16635	0	16803
14097	62	16479	31	446	0	17018
14098	59	302	16421	188	0	16970
14099	55	106	16695	121	0	16977
14100	65	48	416	16639	0	17168
14101	37	34	16712	362	0	17145
14102	16447	20	388	178	0	17033
14103	367	12	152	16614	0	17145
14104	147	35	86	16727	0	16995
14105	100	17	72	16619	0	16808
14106	60	16588	75	449	0	17172
14107	16844	315	57	219	0	17435
14108	367	104	52	16845	0	17368
14109	16700	57	45	424	0	17226
14110	384	16755	42	184	0	17365
14111	16755	336	42	133	0	17266
14112	16378	116	45	145	0	16684
14113	16702	67	48	121	0	16938
14114	498	16153	50	76	0	16777
14115	199	16264	34	93	0	16590
14116	15876	380	31	91	0	16378
14117	394	16000	33	75	0	16502
14118	153	370	15514	71	0	16108
14119	105	14940	294	83	0	15422
14120	108	15595	114	73	0	15890
14121	15450	401	65	71	0	15987
14122	358	162	15240	58	0	15818
14123	160	109	15063	39	0	15371
14124	129	94	379	14957	0	15559
14125	15143	64	151	354	0	15712
14126	368	52	15170	119	0	15709
14127	161	67	341	15159	0	15728
14128	105	70	14509	347	0	15031
14129	99	55	14375	144	0	14673
14130	14143	54	399	110	0	14706
14131	352	48	14538	61	0	14999
14132	170	42	394	14290	0	14896
14133	128	47	159	14327	0	14661
14134	95	14136	110	403	0	14744
14135	87	14618	95	178	0	14978
14136	83	398	94	14237	0	14812
14137	71	150	14308	366	0	14895
14138	85	92	338	14316	0	14831
14139	75	74	155	14566	0	14870
14140	57	53	14472	476	0	15058
14141	74	47	358	14595	0	15074
14142	14671	53	179	441	0	15344
14143	345	59	14630	208	0	15242
14144	14513	46	391	152	0	15102
14145	389	39	184	14513	0	15125
14146	181	28	109	14860	0	15178
14147	108	14887	110	490	0	15595
14148	119	344	97	14984	0	15544
14149	95	129	75	15483	0	15782
14150	15150	84	101	531	0	15866
14151	406	51	89	15263	0	15809
14152	178	52	82	15575	0	15887
14153	14944	57	80	581	0	15662
14154	411	57	79	15082	0	15629
14155	199	62	81	14570	0	14912
14156	119	14854	87	553	0	15613
14157	15005	333	89	274	0	15701
14158	435	131	63	15031	0	15660
14159	180	88	64	15334	0	15666
14160	154	84	14782	572	0	15592
14161	125	76	361	14761	0	15323
14162	96	51	149	15083	0	15379
14163	14494	53	93	591	0	15231
14164	14767	68	77	281	0	15193
14165	492	59	68	14576	0	15195
14166	209	54	14108	486	0	14857
14167	150	13482	360	238	0	14230
14168	108	13985	136	201	0	14430
14169	159	413	130	13785	0	14487
14170	13776	146	85	481	0	14488
14171	402	113	53	13903	0	14471
14172	13893	78	43	488	0	14502
14173	420	69	53	14129	0	14671
14174	216	56	57	14248	0	14577
14175	13832	74	45	536	0	14487
14176	13870	66	50	259	0	14245
14177	483	13719	36	160	0	14398
14178	214	14024	41	163	0	14442
14179	143	401	35	12902	0	13481
14180	103	143	54	13197	0	13497
14181	110	87	12711	411	0	13319
14182	11778	84	287	221	0	12370
14183	330	12122	99	151	0	12702
14184	91	11448	72	98	0	11709
14185	11013	266	81	100	0	11460
14186	284	98	10941	57	0	11380
14187	92	62	10460	75	0	10689
14188	93	62	9574	52	0	9781
14189	63	8780	166	32	0	9041
14190	77	85	119	7804	0	8085
14191	17	32	15	7785	0	7849
14192	13	21	14	7856	0	7904
14193	7689	12	9	121	0	7831
14194	7670	12	11	57	0	7750
14195	87	7649	18	28	0	7782
14196	43	80	8	7796	0	7927
14197	23	30	7812	87	0	7952
14198	22	7861	72	34	0	7989
14199	7738	77	27	34	0	7876
14200	82	28	7709	17	0	7836
14201	7199	12	91	32	0	7334
14202	77	20	7628	11	0	7736
14203	34	48	70	7396	0	7548
14204	14	7631	27	75	0	7747
14205	7666	67	14	43	0	7790
14206	79	7857	12	30	0	7978
14207	7704	78	13	22	0	7817
14208	92	20	7	7684	0	7803
14209	31	25	7948	91	0	8095
14210	29	15	80	8315	0	8439
14211	20	15	21	8985	0	9041
14212	19	19	8951	139	0	9128
14213	8675	11	131	65	0	8882
14214	129	9143	31	37	0	9340
14215	9115	123	14	46	0	9298
14216	131	9332	17	27	0	9507
14217	47	139	6	9758	0	9950
14218	23	41	9673	162	0	9899
14219	11062	23	149	50	0	11284
14220	227	11479	35	26	0	11767
14221	60	231	12	11450	0	11753
14222	47	51	16	11986	0	12100
14223	12511	28	14	286	0	12839
14224	13173	20	6	104	0	13303
14225	310	13408	19	53	0	13790
14226	13988	279	16	43	0	14326
14227	14174	63	7	53	0	14297
14228	14388	50	14	51	0	14503
14229	417	34	14310	25	0	14786
14230	128	13910	282	53	0	14373
14231	78	14646	75	48	0	14847
14232	109	346	46	13929	0	14430
14233	88	110	23	14465	0	14686
14234	14324	69	19	366	0	14778
14235	332	14273	23	120	0	14748
14236	14370	331	17	84	0	14802
14237	395	101	13	14227	0	14736
14238	134	67	12	14552	0	14765
14239	14141	54	14	414	0	14623
14240	14175	35	14	142	0	14366
14241	410	48	13781	78	0	14317
14242	177	36	294	13687	0	14194
14243	96	31	13483	340	0	13950
14244	70	45	13421	105	0	13641
14245	83	30	13560	66	0	13739
14246	13075	59	410	78	0	13622
14247	353	29	127	12921	0	13430
14248	129	34	65	13027	0	13255
14249	104	30	50	13252	0	13436
14250	63	30	13036	395	0	13524
14251	85	24	314	13040	0	13463
14252	85	23	94	13404	0	13606
14253	13070	27	67	408	0	13572
14254	13282	29	44	154	0	13509
14255	13473	25	33	111	0	13642
14256	13491	32	40	90	0	13653
14257	482	32	38	13062	0	13614
14258	13161	39	32	369	0	13601
14259	428	42	35	13127	0	13632
14260	174	52	12357	384	0	12967
14261	12886	43	244	179	0	13352
14262	407	12858	87	115	0	13467
14263	204	296	44	12761	0	13305
14264	179	121	40	12768	0	13108
14265	120	12893	38	378	0	13429
14266	12846	323	42	171	0	13382
14267	393	12758	36	129	0	13316
14268	168	330	12596	98	0	13192
14269	151	117	12704	87	0	13059
14270	12485	93	353	112	0	13043
14271	12758	74	131	107	0	13070
14272	430	51	12420	102	0	13003
14273	12323	52	326	109	0	12810
14274	406	53	12321	86	0	12866
14275	12298	56	364	101	0	12819
14276	429	66	12251	108	0	12854
14277	202	39	12447	118	0	12806
14278	180	48	400	11851	0	12479
14279	164	55	169	12028	0	12416
14280	12218	47	130	434	0	12829
14281	12055	48	83	213	0	12399
14282	12235	34	89	176	0	12534
14283	12499	37	97	137	0	12770
14284	514	12057	86	115	0	12772
14285	269	294	79	11848	0	12490
14286	214	12110	83	362	0	12769
14287	182	299	95	12244	0	12820
14288	170	104	72	12325	0	12671
14289	183	96	80	12286	0	12645
14290	167	80	11810	455	0	12512
14291	11563	54	325	249	0	12191
14292	412	11345	108	218	0	12083
14293	197	11889	94	172	0	12352
14294	197	356	11889	158	0	12600
14295	177	150	330	11843	0	12500
14296	164	96	136	11996	0	12392
14297	11833	67	111	456	0	12467
14298	415	70	92	11753	0	12330
14299	222	57	109	12006	0	12394
14300	189	54	117	12047	0	12407
14301	173	62	94	12161	0	12490
14302	11731	51	112	501	0	12395
14303	11957	43	118	238	0	12356
14304	12023	41	119	183	0	12366
14305	499	35	100	11903	0	12537
14306	11868	42	90	417	0	12417
14307	428	48	96	12021	0	12593
14308	237	49	105	12367	0	12758
14309	190	30	11718	465	0	12403
14310	187	32	11211	233	0	11663
14311	181	30	10863	143	0	11217
14312	10703	62	385	131	0	11281
14313	385	52	178	10083	0	10698
14314	199	10434	118	325	0	11076
14315	10623	223	98	185	0	11129
14316	371	75	10284	144	0	10874
14317	9762	59	256	117	0	10194
14318	325	9363	156	122	0	9966
14319	7949	133	62	57	0	8201
14320	218	67	54	7877	0	8216
14321	7782	26	50	154	0	8012
14322	194	7462	44	105	0	7805
14323	115	7250	42	61	0	7468
14324	6477	111	54	48	0	6690
14325	125	6496	40	43	0	6704
14326	37	5724	17	25	0	5803
14327	36	5808	31	32	0	5907
14328	5509	91	124	31	0	5755
14329	5282	31	26	11	0	5350
14330	5314	14	6	8	0	5342
14331	76	13	9	5230	0	5328
14332	40	9	1	5281	0	5331
14333	17	17	5234	62	0	5330
14334	33	8	44	5234	0	5319
14335	12	9	5332	61	0	5414
14336	25	5	48	5303	0	5381
14337	18	9	17	5392	0	5436
14338	5361	12	9	69	0	5451
14339	5323	6	9	38	0	5376
14340	61	5348	6	20	0	5435
14341	29	48	10	5336	0	5423
14342	22	28	5502	47	0	5599
14343	32	14	44	5525	0	5615
14344	22	12	14	5590	0	5638
14345	27	10	5	5629	0	5671
14346	21	9	5560	71	0	5661
14347	14	9	5275	36	0	5334
14348	5445	3	61	23	0	5532
14349	54	2	20	5597	0	5673
14350	22	5	5522	58	0	5607
14351	5275	5	47	47	0	5374
14352	51	5517	21	27	0	5616
14353	5557	43	14	20	0	5634
14354	58	15	5685	17	0	5775
14355	5594	9	47	17	0	5667
14356	50	7	16	5709	0	5782
14357	24	8	5838	44	0	5914
14358	16	5685	44	136	0	5881
14359	5859	42	25	19	0	5945
14360	43	22	16	5873	0	5954
14361	23	4	18	5880	0	5925
14362	12	5943	16	51	0	6022
14363	24	35	8	5971	0	6038
14364	11	14	5983	50	0	6058
14365	10	5917	44	24	0	5995
14366	5979	37	19	15	0	6050
14367	43	24	14	5928	0	6009
14368	28	10	6	5892	0	5936
14369	10	17	5874	52	0	5953
14370	23	11	40	5859	0	5933
14371	11	9	6090	50	0	6160
14372	15	6090	41	20	0	6166
14373	6091	42	23	23	0	6179
14374	6066	13	10	18	0	6107
14375	6094	7	8	22	0	6131
14376	52	6334	8	19	0	6413
14377	26	43	12	6349	0	6430
14378	18	15	7	6362	0	6402
14379	23	19	15	5414	0	5471
14380	6268	13	4	69	0	6354
14381	6262	7	6	31	0	6306
14382	63	8	6	6240	0	6317
14383	25	9	6697	59	0	6790
14384	17	7	41	6657	0	6722
14385	16	7	11	6739	0	6773
14386	14	2	15	6738	0	6769
14387	15	10	9	6771	0	6805
14388	6797	4	10	72	0	6883
14389	52	6	8	6908	0	6974
14390	26	3	9	6900	0	6938
14391	15	6909	9	68	0	7001
14392	19	49	3	7085	0	7156
14393	13	7190	3	73	0	7279
14394	17	58	6	7220	0	7301
14395	7209	16	2	80	0	7307
14396	62	7257	6	32	0	7357
14397	7215	62	3	36	0	7316
14398	66	16	7289	25	0	7396
14399	35	11	56	7205	0	7307
14400	19	13	7427	74	0	7533
14401	23	7	63	7391	0	7484
14402	13	11	20	7414	0	7458
14403	14	7298	15	84	0	7411
14404	10	7419	9	32	0	7470
14405	10	7436	6	25	0	7477
14406	7352	58	10	28	0	7448
14407	48	7077	3	21	0	7149
14408	8	7074	6	11	0	7099
14409	65	53	8	7116	0	7242
14410	7174	7	3	58	0	7242
14411	39	7466	5	13	0	7523
14412	7620	41	3	37	0	7701
14413	7641	6	8	19	0	7674
14414	46	13	7924	8	0	7991
14415	21	2	45	7769	0	7837
14416	21	8	5	8010	0	8044
14417	11	4	5	8094	0	8114
14418	9	6	6	8006	0	8027
14419	10	5	7757	51	0	7823
14420	6	10	7037	13	0	7066
14421	7195	4	35	22	0	7256
14422	35	7487	6	9	0	7537
14423	9	7560	5	5	0	7579
14424	7601	36	1	9	0	7647
14425	34	7452	6	8	0	7500
14426	8	36	2	7516	0	7562
14427	7519	2	4	45	0	7570
14428	40	7	7483	11	0	7541
14429	15	4	33	7551	0	7603
14430	8	8	7618	37	0	7671
14431	7402	7	33	21	0	7463
14432	40	5	8295	13	0	8353
14433	8383	9	34	21	0	8447
14434	8792	4	11	30	0	8837
14435	8786	8	6	26	0	8826
14436	8851	10	4	18	0	8883
14437	8866	3	5	16	0	8890
14438	56	6	7	8882	0	8951
14439	9122	2	5	74	0	9203
14440	54	3	9	9156	0	9222
14441	22	3	8	9173	0	9206
14442	16	2	1	9192	0	9211
14443	12	5	9186	54	0	9257
14444	18	5	36	9001	0	9060
14445	14	6	9	9315	0	9344
14446	14	9	9157	50	0	9230
14447	8605	5	42	40	0	8692
14448	47	6	10	9326	0	9389
14449	12	7	9310	50	0	9379
14450	16	9	9036	14	0	9075
14451	17	8	44	9123	0	9192
14452	18	9	9332	42	0	9401
14453	15	8	40	9383	0	9446
14454	23	2	17	9280	0	9322
14455	6	9216	9	55	0	9286
14456	5	9402	11	25	0	9443
14457	9423	40	10	29	0	9502
14458	44	13	4	9530	0	9591
14459	20	8	11	9355	0	9394
14460	17	6	8	9629	0	9660
14461	12	9	9681	53	0	9755
14462	19	11	38	9500	0	9568
14463	9592	4	16	71	0	9683
14464	48	4	9828	24	0	9904
14465	20	8	39	10001	0	10068
14466	13	6	14	10109	0	10142
14467	15	3	8	10263	0	10289
14468	7	10661	11	64	0	10743
14469	10719	71	4	46	0	10840
14470	11107	16	11	27	0	11161
14471	101	11230	5	16	0	11352
14472	32	83	6	11672	0	11793
14473	21	21	11727	103	0	11872
14474	28	12	11463	38	0	11541
14475	11965	13	123	37	0	12138
14476	132	9	47	12207	0	12395
14477	12630	6	25	134	0	12795
14478	145	12811	19	57	0	13032
14479	60	13006	11	33	0	13110
14480	13042	160	12	56	0	13270
14481	155	13401	11	22	0	13589
14482	69	165	9	13593	0	13836
14483	51	63	8	13184	0	13306
14484	33	13952	10	169	0	14164
14485	14082	170	7	92	0	14351
14486	185	66	14203	47	0	14501
14487	13829	49	159	64	0	14101
14488	220	28	14480	27	0	14755
14489	13593	27	196	55	0	13871
14490	223	29	14578	26	0	14856
14491	97	14327	205	31	0	14660
14492	78	229	87	14490	0	14884
14493	14398	70	49	202	0	14719
14494	201	35	14202	66	0	14504
14495	95	41	14188	38	0	14362
14496	76	26	239	13966	0	14307
14497	50	28	14226	192	0	14496
14498	61	17	221	13991	0	14290
14499	56	24	106	13679	0	13865
14500	46	19	14071	260	0	14396
14501	56	7	222	13936	0	14221
14502	14208	10	93	267	0	14578
14503	186	14081	63	110	0	14440
14504	14299	174	54	85	0	14612
14505	231	68	45	14104	0	14448
14506	14179	41	39	228	0	14487
14507	14405	34	34	128	0	14601
14508	285	21	45	14195	0	14546
14509	115	14326	45	224	0	14710
14510	14464	182	34	118	0	14798
14511	229	84	14042	68	0	14423
14512	108	48	13779	67	0	14002
14513	13743	33	243	82	0	14101
14514	241	30	105	13681	0	14057
14515	113	22	13743	213	0	14091
14516	75	23	219	13755	0	14072
14517	13852	33	91	260	0	14236
14518	14050	23	59	148	0	14280
14519	14033	20	66	100	0	14219
14520	295	14181	40	84	0	14600
14521	178	177	36	14359	0	14750
14522	112	87	32	14462	0	14693
14523	14359	50	42	289	0	14740
14524	239	14316	32	126	0	14713
14525	14351	198	29	128	0	14706
14526	270	85	40	14283	0	14678
14527	14254	54	39	262	0	14609
14528	258	72	13764	102	0	14196
14529	153	13805	190	85	0	14233
14530	118	204	89	13548	0	13959
14531	95	14126	59	189	0	14469
14532	97	214	50	13643	0	14004
14533	13461	100	41	247	0	13849
14534	250	51	13026	113	0	13440
14535	12731	58	208	101	0	13098
14536	267	13195	76	80	0	13618
14537	136	205	62	13461	0	13864
14538	106	89	53	13677	0	13925
14539	13310	64	53	288	0	13715
14540	242	76	13186	129	0	13633
14541	134	37	201	13291	0	13663
14542	117	45	98	13307	0	13567
14543	87	34	76	13324	0	13521
14544	84	49	64	13370	0	13567
14545	13035	37	55	363	0	13490
14546	13077	35	44	183	0	13339
14547	294	43	12964	117	0	13418
14548	157	47	12559	112	0	12875
14549	13119	26	265	122	0	13532
14550	13606	34	105	118	0	13863
14551	319	32	83	13433	0	13867
14552	159	38	50	13469	0	13716
14553	13268	29	54	311	0	13662
14554	258	13127	56	169	0	13610
14555	139	179	64	13267	0	13649
14556	115	64	60	13444	0	13683
14557	99	42	13115	321	0	13577
14558	99	47	206	13155	0	13507
14559	80	30	13204	321	0	13635
14560	77	28	238	13187	0	13530
14561	13066	22	109	304	0	13501
14562	273	37	61	13120	0	13491
14563	132	25	12984	299	0	13440
14564	107	12321	223	160	0	12811
14565	111	208	81	12925	0	13325
14566	84	75	12844	273	0	13276
14567	88	12966	211	138	0	13403
14568	110	240	76	12743	0	13169
14569	76	94	12607	248	0	13025
14570	10421	50	201	189	0	10861
14571	176	11994	91	130	0	12391
14572	104	11671	66	78	0	11919
14573	47	12009	54	91	0	12201
14574	117	282	61	11524	0	11984
14575	45	89	11926	192	0	12252
14576	54	11830	168	98	0	12150
14577	102	246	80	11707	0	12135
14578	12349	44	51	222	0	12666
14579	204	44	30	15710	0	15988
14580	90	38	18040	380	0	18548
14581	62	18325	400	151	0	18938
14582	17895	430	114	137	0	18576
14583	442	18203	85	87	0	18817
14584	134	477	17296	89	0	17996
14585	85	17506	443	90	0	18124
14586	148	569	183	16961	0	17861
14587	80	229	16951	397	0	17657
14588	95	16909	458	122	0	17584
14589	154	548	160	16485	0	17347
14590	113	262	151	16611	0	17137
14591	32	16700	154	512	0	17398
14592	61	535	132	16731	0	17459
14593	28	231	16630	556	0	17445
14594	24	195	16944	248	0	17411
14595	60	187	506	16798	0	17551
14596	16574	142	182	642	0	17540
14597	16832	140	147	327	0	17446
14598	503	130	131	16509	0	17273
14599	163	16596	167	578	0	17504
14600	158	420	205	16658	0	17441
14601	16500	146	177	597	0	17420
14602	567	121	88	16529	0	17305
14603	315	105	48	16782	0	17250
14604	16371	115	60	674	0	17220
14605	489	16267	56	357	0	17169
14606	248	493	48	16421	0	17210
14607	16231	173	52	685	0	17141
14608	561	122	15833	334	0	16850
14609	15931	107	387	354	0	16779
14610	602	107	114	16171	0	16994
14611	16171	132	101	593	0	16997
14612	16394	131	81	314	0	16920
14613	15503	114	86	314	0	16017
14614	679	15772	130	221	0	16802
14615	370	423	15808	173	0	16774
14616	337	15943	413	187	0	16880
14617	15893	477	146	212	0	16728
14618	664	15827	107	149	0	16747
14619	405	538	74	15863	0	16880
14620	15534	247	96	495	0	16372
14621	558	15539	125	178	0	16400
14622	238	581	15491	162	0	16472
14623	256	314	431	15481	0	16482
14624	249	241	15469	536	0	16495
14625	219	15600	479	319	0	16617
14626	198	573	161	15419	0	16351
14627	195	273	171	15823	0	16462
14628	166	246	189	15866	0	16467
14629	132	168	204	15406	0	15910
14630	95	15348	175	734	0	16352
14631	15131	541	154	409	0	16235
14632	475	270	15139	359	0	16243
14633	220	205	426	15418	0	16269
14634	15127	140	156	779	0	16202
14635	514	161	15145	424	0	16244
14636	232	15002	503	321	0	16058
14637	248	559	213	14866	0	15886
14638	227	240	15019	575	0	16061
14639	193	15010	586	297	0	16086
14640	14653	516	247	341	0	15757
14641	566	15003	215	241	0	16025
14642	223	651	202	14871	0	15947
14643	188	313	173	15420	0	16094
14644	14838	265	181	706	0	15990
14645	538	14947	183	358	0	16026
14646	290	636	158	15076	0	16160
14647	14793	338	136	681	0	15948
14648	14761	318	130	379	0	15588
14649	650	14587	105	388	0	15730
14650	14587	619	98	372	0	15676
14651	14927	323	115	289	0	15654
14652	755	323	101	14438	0	15617
14653	408	251	14204	676	0	15539
14654	444	209	458	14217	0	15328
14655	395	215	165	14549	0	15324
14656	328	205	14033	716	0	15282
14657	330	13773	472	526	0	15101
14658	298	510	217	13987	0	15012
14659	207	224	237	14509	0	15177
14660	186	179	240	14563	0	15168
14661	188	153	205	14261	0	14807
14662	170	13880	193	863	0	15106
14663	13972	541	160	492	0	15165
14664	14139	250	100	478	0	14967
14665	13908	209	78	485	0	14680
14666	642	13327	76	486	0	14531
14667	325	534	72	13421	0	14352
14668	354	277	13034	696	0	14361
14669	335	304	408	12874	0	13921
14670	370	13230	143	655	0	14398
14671	13104	518	87	335	0	14044
14672	13136	285	101	315	0	13837
14673	12920	275	100	317	0	13612
14674	650	12457	144	325	0	13576
14675	363	11879	176	248	0	12666
14676	345	12256	138	266	0	13005
14677	386	574	11747	187	0	12894
14678	429	434	10735	260	0	11858
14679	482	1161	362	5952	0	7957
14680	4702	47	210	89	0	5048
14681	4633	11	7	36	0	4687
14682	69	11	5	4720	0	4805
14683	31	15	7	4645	0	4698
14684	13	11	7	4798	0	4829
14685	15	11	6	4821	0	4853
14686	4819	11	7	78	0	4915
14687	4923	10	7	42	0	4982
14688	68	5033	5	22	0	5128
14689	5118	57	3	24	0	5202
14690	5191	26	6	23	0	5246
14691	5224	14	5	19	0	5262
14692	88	9	4387	22	0	4506
14693	5063	13	33	20	0	5129
14694	71	5177	16	13	0	5277
14695	38	66	6	5338	0	5448
14696	24	27	5	5414	0	5470
14697	17	5238	14	85	0	5354
14698	25	66	10	5498	0	5599
14699	5473	26	9	83	0	5591
14700	80	16	9	5554	0	5659
14701	36	19	5470	79	0	5604
14702	5346	14	66	48	0	5474
14703	73	5612	24	36	0	5745
14704	43	70	10	5652	0	5775
14705	28	31	4	5678	0	5741
14706	30	17	5	5701	0	5753
14707	27	17	5560	105	0	5709
14708	29	5468	60	62	0	5619
14709	33	78	22	5536	0	5669
14710	36	32	5440	72	0	5580
14711	32	27	56	5357	0	5472
14712	32	10	5330	76	0	5448
14713	28	17	65	5237	0	5347
14714	25	5234	27	78	0	5364
14715	21	67	17	5216	0	5321
14716	5212	23	5	88	0	5328
14717	5203	17	12	44	0	5276
14718	88	12	5198	36	0	5334
14719	33	15	4889	31	0	4968
14720	26	5	5408	31	0	5470
14721	17	12	78	5475	0	5582
14722	22	17	25	5714	0	5778
14723	25	13	16	5761	0	5815
14724	18	5810	11	103	0	5942
14725	27	70	11	5783	0	5891
14726	27	34	14	6019	0	6094
14727	34	20	5	6189	0	6248
14728	6146	17	12	122	0	6297
14729	6212	6	13	68	0	6299
14730	107	16	6188	33	0	6344
14731	40	14	6074	38	0	6166
14732	6274	13	101	35	0	6423
14733	6480	15	42	27	0	6564
14734	111	15	6553	36	0	6715
14735	53	15	6363	26	0	6457
14736	6442	10	104	33	0	6589
14737	6558	14	54	19	0	6645
14738	115	9	6560	24	0	6708
14739	63	9	80	6511	0	6663
14740	26	7	43	6647	0	6723
14741	19	6873	30	109	0	7031
14742	31	87	14	7051	0	7183
14743	22	36	7372	109	0	7539
14744	21	17	113	7392	0	7543
14745	20	8	45	7505	0	7578
14746	21	6	7306	143	0	7476
14747	7135	11	107	69	0	7322
14748	7440	2	48	50	0	7540
14749	141	11	31	7328	0	7511
14750	70	8	14	7430	0	7522
14751	7389	8	17	149	0	7563
14752	7366	7	20	79	0	7472
14753	6900	10	25	58	0	6993
14754	7392	16	22	27	0	7457
14755	150	7217	16	36	0	7419
14756	7144	99	28	33	0	7304
14757	119	7124	16	39	0	7298
14758	60	101	19	7151	0	7331
14759	42	37	21	7116	0	7216
14760	31	7011	19	143	0	7204
14761	35	97	15	7118	0	7265
14762	33	43	11	7081	0	7168
14763	22	7013	13	146	0	7194
14764	38	94	16	7042	0	7190
14765	33	44	16	7140	0	7233
14766	25	27	22	7137	0	7211
14767	28	10	6949	159	0	7146
14768	33	6731	97	77	0	6938
14769	36	112	43	6558	0	6749
14770	24	6745	27	111	0	6907
14771	6671	102	23	58	0	6854
14772	114	36	6620	54	0	6824
14773	53	26	6415	44	0	6538
14774	6289	17	115	39	0	6460
14775	103	22	57	6392	0	6574
14776	47	18	6238	91	0	6394
14777	38	12	6111	53	0	6214
14778	44	51	100	5995	0	6190
14779	5961	12	49	97	0	6119
14780	6003	11	27	46	0	6087
14781	108	11	16	5909	0	6044
14782	49	12	5787	87	0	5935
14783	27	5992	79	45	0	6143
14784	24	79	29	6024	0	6156
14785	12	32	5995	84	0	6123
14786	18	5924	77	50	0	6069
14787	31	87	29	5822	0	5969
14788	5817	24	18	90	0	5949
14789	72	13	16	5672	0	5773
14790	28	5717	15	85	0	5845
14791	5685	63	15	49	0	5812
14792	70	36	5896	23	0	6025
14793	37	5778	62	29	0	5906
14794	23	64	5756	31	0	5874
14795	5581	29	77	33	0	5720
14796	82	21	28	5477	0	5608
14797	43	8	21	5701	0	5773
14798	5699	5	19	90	0	5813
14799	74	14	17	5715	0	5820
14800	34	11	5578	80	0	5703
14801	5398	10	59	45	0	5512
14802	80	5600	29	28	0	5737
14803	32	61	17	5540	0	5650
14804	5514	24	14	83	0	5635
14805	83	5493	10	37	0	5623
14806	32	72	13	5636	0	5753
14807	5663	29	15	85	0	5792
14808	76	23	11	5680	0	5790
14809	24	5659	10	90	0	5783
14810	23	66	5775	50	0	5914
14811	21	28	69	5944	0	6062
14812	23	20	26	5685	0	5754
14813	5972	10	13	106	0	6101
14814	75	12	13	5997	0	6097
14815	6004	15	12	95	0	6126
14816	6042	9	16	43	0	6110
14817	97	8	13	5944	0	6062
14818	40	5988	10	86	0	6124
14819	36	66	6	5995	0	6103
14820	5589	28	6	84	0	5707
14821	66	5636	11	40	0	5753
14822	22	5769	5	28	0	5824
14823	5868	72	4	24	0	5968
14824	5914	21	10	18	0	5963
14825	73	5907	9	15	0	6004
14826	5895	72	20	23	0	6010
14827	5880	16	11	16	0	5923
14828	86	14	4	5866	0	5970
14829	25	15	6022	77	0	6139
14830	32	25	77	6046	0	6180
14831	17	4	6176	94	0	6291
14832	21	15	79	6148	0	6263
14833	10	7	6151	90	0	6258
14834	5925	6	86	32	0	6049
14835	85	8	29	6014	0	6136
14836	6164	3	14	93	0	6274
14837	102	33	12	6056	0	6203
14838	29	6217	6	90	0	6342
14839	6344	77	11	40	0	6472
14840	98	33	5969	25	0	6125
14841	5836	20	55	23	0	5934
14842	82	5926	19	11	0	6038
14843	5647	56	4	14	0	5721
14844	5695	17	10	12	0	5734
14845	75	5704	6	9	0	5794
14846	33	58	4	5926	0	6021
14847	5947	19	7	73	0	6046
14848	82	5935	7	26	0	6050
14849	33	75	7	5999	0	6114
14850	6057	24	3	79	0	6163
14851	87	9	4	6040	0	6140
14852	39	8	4	6080	0	6131
14853	20	14	1	6146	0	6181
14854	22	9	6037	100	0	6168
14855	23	15	68	6013	0	6119
14856	6076	10	21	93	0	6200
14857	90	12	6100	33	0	6235
14858	45	2	69	6140	0	6256
14859	18	6	21	6266	0	6311
14860	12	9	6116	110	0	6247
14861	6010	6	80	44	0	6140
14862	6336	4	23	37	0	6400
14863	103	11	6318	19	0	6451
14864	40	6	77	6291	0	6414
14865	28	2	28	6502	0	6560
14866	20	8	6770	108	0	6906
14867	17	8	82	6907	0	7014
14868	33	6	25	6840	0	6904
14869	22	4	7065	126	0	7217
14870	6949	4	95	56	0	7104
14871	100	6	35	7239	0	7380
14872	7183	5	18	121	0	7327
14873	7257	4	17	47	0	7325
14874	127	4	7269	37	0	7437
14875	52	7	99	7152	0	7310
14876	7200	3	35	125	0	7363
14877	115	7331	20	49	0	7515
14878	41	97	15	7618	0	7771
14879	31	26	16	7646	0	7719
14880	30	11	13	7824	0	7878
14881	27	6	7705	142	0	7880
14882	7218	4	108	70	0	7400
14883	121	0	32	7435	0	7588
14884	46	8	19	7477	0	7550
14885	22	4	7362	154	0	7542
14886	25	5	108	7330	0	7468
14887	18	2	35	7523	0	7578
14888	7319	8	23	149	0	7499
14889	122	7287	13	59	0	7481
14890	35	93	7291	45	0	7464
14891	7281	29	100	36	0	7446
14892	118	15	34	7216	0	7383
14893	43	6	7268	124	0	7441
14894	27	6	7295	61	0	7389
14895	33	7	124	7450	0	7614
14896	21	13	7554	118	0	7706
14897	19	6	7541	59	0	7625
14898	14	7384	121	52	0	7571
14899	19	94	47	7974	0	8134
14900	22	28	8042	118	0	8210
14901	24	14	115	7927	0	8080
14902	8356	6	40	142	0	8544
14903	114	7	24	8412	0	8557
14904	38	7	27	8609	0	8681
14905	8468	10	24	149	0	8651
14906	8614	5	20	76	0	8715
14907	144	7	22	8873	0	9046
14908	42	9	8931	133	0	9115
14909	27	8800	114	52	0	8993
14910	26	99	42	8957	0	9124
14911	8841	29	25	141	0	9036
14912	8857	12	30	70	0	8969
14913	142	8666	25	39	0	8872
14914	50	8908	15	43	0	9016
14915	8999	117	30	35	0	9181
14916	9049	38	21	39	0	9147
14917	146	18	9321	36	0	9521
14918	71	19	106	9146	0	9342
14919	35	9427	45	125	0	9632
14920	9738	115	19	57	0	9929
14921	137	60	9	9607	0	9813
14922	53	9397	20	119	0	9589
14923	36	103	9573	48	0	9760
14924	35	82	111	9196	0	9424
14925	30	9659	36	122	0	9847
14926	9876	99	22	64	0	10061
14927	9913	33	21	38	0	10005
14928	129	9798	11	30	0	9968
14929	9602	82	12	28	0	9724
14930	9595	24	11	32	0	9662
14931	108	9386	12	22	0	9528
14932	41	9540	20	26	0	9627
14933	39	120	12	9472	0	9643
14934	9480	34	11	97	0	9622
14935	95	18	9718	39	0	9870
14936	9294	14	78	38	0	9424
14937	91	9783	24	22	0	9920
14938	9817	76	25	32	0	9950
14939	9846	29	11	21	0	9907
14940	9868	23	11	32	0	9934
14941	114	14	11	9721	0	9860
14942	40	9668	21	73	0	9802
14943	9776	79	13	40	0	9908
14944	90	38	9814	26	0	9968
14945	43	9651	74	16	0	9784
14946	39	69	23	10067	0	10198
14947	18	28	9856	72	0	9974
14948	26	20	9839	25	0	9910
14949	41	14	74	9773	0	9902
14950	29	11	30	10319	0	10389
14951	32	16	15	10431	0	10494
14952	25	16	12	10261	0	10314
14953	22	9854	10	95	0	9981
14954	25	10350	13	41	0	10429
14955	10504	79	11	41	0	10635
14956	75	32	9	10516	0	10632
14957	43	25	13	10499	0	10580
14958	35	7	9	10670	0	10721
14959	10589	18	14	104	0	10725
14960	10640	16	13	53	0	10722
14961	98	14	7	10680	0	10799
14962	10776	17	9	89	0	10891
14963	10692	8	15	48	0	10763
14964	10830	13	10	50	0	10903
14965	108	25	7	10678	0	10818
14966	39	13	10091	75	0	10218
14967	34	16	9344	36	0	9430
14968	27	21	9735	27	0	9810
14969	29	12	10192	16	0	10249
14970	34	30	71	10246	0	10381
14971	10325	13	25	59	0	10422
14972	10230	6	12	39	0	10287
14973	65	7	10181	19	0	10272
14974	34	16	10030	12	0	10092
14975	22	10872	50	13	0	10957
14976	28	50	16	11100	0	11194
14977	11117	16	24	56	0	11213
14978	50	9	10989	20	0	11068
14979	10638	6	46	30	0	10720
14980	47	11260	19	17	0	11343
14981	20	39	14	11582	0	11655
14982	23	13	8	11874	0	11918
14983	19	14	7	11596	0	11636
14984	11980	8	4	86	0	12078
14985	70	5	6	12011	0	12092
14986	33	3	7	12110	0	12153
14987	12103	6	4	92	0	12205
14988	64	8	8	12041	0	12121
14989	26	4	12185	64	0	12279
14990	11982	5	53	47	0	12087
14991	71	5	21	12305	0	12402
14992	31	9	9	12227	0	12276
14993	16	12184	8	74	0	12282
14994	12295	51	6	48	0	12400
14995	12421	14	5	45	0	12485
14996	83	6	7	12298	0	12394
14997	31	11	12194	63	0	12299
14998	11362	5	63	50	0	11480
14999	72	8	12187	19	0	12286
15000	30	6	74	12007	0	12117
15001	27	6	23	12408	0	12464
15002	12294	7	12	117	0	12430
15003	101	2	9	12552	0	12664
15004	29	3	12612	102	0	12746
15005	12287	6	85	56	0	12434
15006	98	4	13350	26	0	13478
15007	43	10	13061	16	0	13130
15008	13593	4	146	34	0	13777
15009	155	21	56	13902	0	14134
15010	55	14292	27	108	0	14482
15011	14429	118	23	61	0	14631
15012	14414	30	18	38	0	14500
15013	171	13	14330	17	0	14531
15014	14225	8	124	29	0	14386
15015	153	7	50	14419	0	14629
15016	63	15	14654	125	0	14857
15017	39	14221	128	75	0	14463
15018	14242	118	57	50	0	14467
15019	131	14350	21	32	0	14534
15020	79	128	21	14264	0	14492
15021	44	49	23	14372	0	14488
15022	42	17	16	14194	0	14269
15023	37	14	15	13891	0	13957
15024	24	13766	16	183	0	13989
15025	16	122	13367	67	0	13572
15026	17	13494	118	47	0	13676
15027	13576	128	37	34	0	13775
15028	133	51	20	13586	0	13790
15029	13617	26	15	152	0	13810
15030	142	18	8	13698	0	13866
15031	13977	14	12	186	0	14189
15032	137	14119	14	82	0	14352
15033	14528	128	18	57	0	14731
15034	14620	48	21	49	0	14738
15035	14313	21	19	43	0	14396
15036	14380	24	10	55	0	14469
15037	198	14192	15	34	0	14439
15038	87	123	14295	29	0	14534
15039	76	51	119	14287	0	14533
15040	14395	29	55	143	0	14622
15041	14732	23	23	66	0	14844
15042	203	19	22	14935	0	15179
15043	96	13	15211	160	0	15480
15044	73	20	142	14844	0	15079
15045	53	15123	67	175	0	15418
15046	15312	166	33	79	0	15590
15047	177	69	27	15367	0	15640
15048	89	14831	22	190	0	15132
15049	46	15646	18	93	0	15803
15050	47	16049	16	58	0	16170
15051	47	210	21	16285	0	16563
15052	16375	74	29	219	0	16697
15053	186	16451	22	87	0	16746
15054	105	195	19	16668	0	16987
15055	16615	77	11	230	0	16933
15056	221	39	8	16679	0	16947
15057	16629	42	15	234	0	16920
15058	16683	39	7	110	0	16839
15059	256	17115	23	58	0	17452
15060	134	198	10	16500	0	16842
15061	79	17278	22	165	0	17544
15062	17192	202	17	88	0	17499
15063	17305	78	16	71	0	17470
15064	17550	45	15	69	0	17679
15065	306	35	33	17492	0	17866
15066	126	40	17276	218	0	17660
15067	16917	34	182	103	0	17236
15068	17449	33	66	83	0	17631
15069	298	41	24	17160	0	17523
15070	136	17410	29	221	0	17796
15071	111	206	19	17664	0	18000
15072	97	98	33	17964	0	18192
15073	17929	44	19	282	0	18274
15074	17749	49	27	139	0	17964
15075	294	31	17074	69	0	17468
15076	140	44	186	17049	0	17419
15077	17432	33	70	250	0	17785
15078	259	63	32	17538	0	17892
15079	123	56	17533	255	0	17967
15080	72	16635	201	146	0	17054
15081	81	17606	62	99	0	17848
15082	19261	261	46	109	0	19677
15083	351	106	31	20396	0	20884
15084	164	53	30	22487	0	22734
15085	22368	57	29	533	0	22987
15086	487	45	22194	212	0	22938
15087	226	38	378	22419	0	23061
15088	136	53	22483	463	0	23135
15089	121	22501	425	210	0	23257
15090	23071	405	190	171	0	23837
15091	23527	163	75	145	0	23910
15092	23800	86	75	116	0	24077
15093	646	97	23072	116	0	23931
15094	23201	46	411	112	0	23770
15095	23792	60	201	92	0	24145
15096	686	51	94	23384	0	24215
15097	18611	130	191	580	0	19512
15098	451	80	22700	199	0	23430
15099	22601	62	375	171	0	23209
15100	575	37	22825	118	0	23555
15101	340	23063	402	112	0	23917
15102	216	618	231	21676	0	22741
15103	212	23117	105	386	0	23820
15104	191	426	22705	167	0	23489
15105	133	22898	379	157	0	23567
15106	21780	418	162	125	0	22485
15107	400	21273	109	66	0	21848
15108	200	21249	80	90	0	21619
15109	156	475	20761	51	0	21443
15110	143	234	363	20614	0	21354
15111	20845	144	135	386	0	21510
15112	387	133	20698	159	0	21377
15113	196	20802	385	115	0	21498
15114	164	377	159	20740	0	21440
15115	149	184	20910	376	0	21619
15116	119	122	20590	177	0	21008
15117	134	127	461	20703	0	21425
15118	107	64	20935	417	0	21523
15119	115	73	446	19634	0	20268
15120	126	19714	224	376	0	20440
15121	115	342	155	20333	0	20945
15122	95	20504	143	376	0	21118
15123	110	393	86	20680	0	21269
15124	20439	198	116	443	0	21196
15125	417	109	94	20420	0	21040
15126	196	20320	89	459	0	21064
15127	141	369	86	20820	0	21416
15128	152	174	20531	458	0	21315
15129	124	129	372	20740	0	21365
15130	20635	106	190	501	0	21432
15131	404	89	20113	269	0	20875
15132	207	107	411	20059	0	20784
15133	19671	72	180	491	0	20414
15134	432	19542	145	248	0	20367
15135	217	380	134	19725	0	20456
15136	19797	193	88	478	0	20556
15137	486	113	125	19729	0	20453
15138	230	117	19343	459	0	20149
15139	18877	90	359	292	0	19618
15140	460	19011	224	155	0	19850
15141	221	19433	126	199	0	19979
15142	19323	406	155	126	0	20010
15143	19084	202	92	149	0	19527
15144	503	152	100	18871	0	19626
15145	18857	120	113	392	0	19482
15146	475	102	18276	222	0	19075
15147	18288	102	351	191	0	18932
15148	446	18227	191	171	0	19035
15149	18195	350	145	148	0	18838
15150	449	198	18116	124	0	18887
15151	324	164	352	17881	0	18721
15152	205	104	222	18142	0	18673
15153	196	107	149	17243	0	17695
15154	160	17675	135	462	0	18432
15155	17812	338	118	246	0	18514
15156	442	178	112	16950	0	17682
15157	243	17105	96	376	0	17820
15158	18273	333	104	233	0	18943
15159	17768	152	120	187	0	18227
15160	18101	137	97	219	0	18554
15161	18069	111	95	187	0	18462
15162	17925	95	107	177	0	18304
15163	538	124	82	17592	0	18336
15164	348	110	110	17524	0	18092
15165	17349	103	94	470	0	18016
15166	433	137	74	17383	0	18027
15167	302	130	65	17461	0	17958
15168	222	121	16457	497	0	17297
15169	16754	129	301	306	0	17490
15170	17118	107	169	246	0	17640
15171	17276	136	114	205	0	17731
15172	517	123	119	16131	0	16890
15173	293	16556	109	429	0	17387
15174	18013	323	127	261	0	18724
15175	17352	161	121	240	0	17874
15176	586	120	108	18857	0	19671
15177	18783	122	138	462	0	19505
15178	695	238	14463	362	0	15758
15179	344	18621	300	227	0	19492
15180	362	19098	176	249	0	19885
15181	418	485	18568	202	0	19673
15182	133	16499	327	178	0	17137
15183	173	15540	188	163	0	16064
15184	13669	197	190	113	0	14169
15185	165	13574	56	85	0	13880
15186	138	206	46	13674	0	14064
15187	13893	114	51	217	0	14275
15188	195	73	13533	132	0	13933
15189	13306	68	131	143	0	13648
15190	214	70	13170	94	0	13548
15191	133	45	13066	82	0	13326
15192	12898	41	192	89	0	13220
15193	189	32	13431	80	0	13732
15194	105	13279	176	59	0	13619
15195	108	132	99	13233	0	13572
15196	13318	63	63	180	0	13624
15197	182	12946	36	100	0	13264
15198	115	145	43	13128	0	13431
15199	103	85	13061	164	0	13413
15200	96	58	129	13094	0	13377
15201	12764	48	72	211	0	13095
15202	203	31	12622	107	0	12963
15203	141	34	146	12484	0	12805
15204	12619	45	79	195	0	12938
15205	12939	37	58	125	0	13159
15206	274	34	42	12844	0	13194
15207	173	29	26	12881	0	13109
15208	125	33	12990	210	0	13358
15209	94	19	12658	125	0	12896
15210	12851	24	192	117	0	13184
15211	13247	30	100	81	0	13458
15212	230	13088	69	50	0	13437
15213	13143	134	49	35	0	13361
15214	13427	66	30	64	0	13587
15215	236	51	14012	35	0	14334
15216	127	14284	157	38	0	14606
15217	14614	167	76	46	0	14903
15218	14745	71	46	26	0	14888
15219	15055	51	26	26	0	15158
15220	296	29	21	14761	0	15107
15221	164	16	9	14846	0	15035
15222	91	14721	21	224	0	15057
15223	59	169	13	15009	0	15250
15224	14889	67	12	249	0	15217
15225	200	45	15	14999	0	15259
15226	97	23	14769	225	0	15114
15227	71	23	14437	110	0	14641
15228	57	10	226	14636	0	14929
15229	37	22	14832	206	0	15097
15230	31	16	14588	112	0	14747
15231	48	7	254	14547	0	14856
15232	47	17	129	14988	0	15181
15233	29	17	15018	254	0	15318
15234	32	5	14856	119	0	15012
15235	30	15013	248	81	0	15372
15236	15120	171	131	60	0	15482
15237	185	15493	85	43	0	15806
15238	15562	209	50	59	0	15880
15239	15808	97	25	43	0	15973
15240	263	15834	38	36	0	16171
15241	15967	214	29	36	0	16246
15242	274	100	23	15797	0	16194
15243	128	61	16058	197	0	16444
15244	106	41	188	15855	0	16190
15245	65	29	88	16309	0	16491
15246	15705	22	52	297	0	16076
15247	15861	27	35	148	0	16071
15248	15933	16	30	101	0	16080
15249	15926	16	24	72	0	16038
15250	15409	10	30	63	0	15512
15251	337	14945	33	45	0	15360
15252	167	180	30	15244	0	15621
15253	109	78	15520	210	0	15917
15254	74	54	217	15497	0	15842
15255	75	33	96	15625	0	15829
15256	57	25	60	16492	0	16634
15257	17193	15	44	363	0	17615
15258	313	30	38	17290	0	17671
15259	17594	23	31	387	0	18035
15260	374	26	17875	151	0	18426
15261	192	20	302	19936	0	20450
15262	120	28	20533	452	0	21133
15263	20539	16	457	210	0	21222
15264	497	22	147	20800	0	21466
15265	170	32	21024	491	0	21717
15266	159	23	466	21163	0	21811
15267	21319	14	176	567	0	22076
15268	477	22	21009	221	0	21729
15269	21372	15	430	178	0	21995
15270	22060	16	168	129	0	22373
15271	21948	13	108	110	0	22179
15272	21539	14	92	126	0	21771
15273	656	20826	86	86	0	21654
15274	269	19680	67	90	0	20106
15275	202	19070	68	100	0	19440
15276	190	645	125	17802	0	18762
15277	119	18250	64	360	0	18793
15278	17948	365	73	143	0	18529
15279	388	17437	73	97	0	17995
15280	156	17980	57	86	0	18279
15281	159	422	52	17799	0	18432
15282	130	145	51	18232	0	18558
15283	17965	85	65	477	0	18592
15284	442	59	57	17993	0	18551
15285	200	63	17633	437	0	18333
15286	154	67	16939	176	0	17336
15287	125	60	17590	134	0	17909
15288	169	49	451	17523	0	18192
15289	189	46	142	18628	0	19005
15290	171	51	18096	483	0	18801
15291	143	80	17618	183	0	18024
15292	126	80	18163	114	0	18483
15293	18271	90	501	114	0	18976
15294	455	89	182	18493	0	19219
15295	196	86	102	18805	0	19189
15296	18592	89	84	553	0	19318
15297	478	93	78	18481	0	19130
15298	174	18207	86	498	0	18965
15299	137	18979	84	251	0	19451
15300	134	449	71	18966	0	19620
15301	18908	151	68	522	0	19649
15302	19094	85	78	267	0	19524
15303	19354	62	108	210	0	19734
15304	570	39	118	18981	0	19708
15305	223	42	18694	486	0	19445
15306	177	32	446	18734	0	19389
15307	144	38	18631	543	0	19356
15308	18059	36	513	249	0	18857
15309	507	42	227	18353	0	19129
15310	17796	33	176	535	0	18540
15311	493	47	18149	257	0	18946
15312	17244	41	461	226	0	17972
15313	549	43	18403	162	0	19157
15314	278	17163	438	157	0	18036
15315	206	17567	180	148	0	18101
15316	17201	446	115	179	0	17941
15317	508	190	78	17023	0	17799
15318	238	93	17010	448	0	17789
15319	207	16498	385	184	0	17274
15320	173	17304	134	133	0	17744
15321	198	453	109	17138	0	17898
15322	17176	161	88	476	0	17901
15323	17300	117	96	231	0	17744
15324	529	17098	106	169	0	17902
15325	17265	421	112	161	0	17959
15326	506	147	110	17225	0	17988
15327	206	112	17061	496	0	17875
15328	193	17126	432	222	0	17973
15329	189	394	192	17273	0	18048
15330	171	143	143	17532	0	17989
15331	17245	91	131	538	0	18005
15332	461	94	17074	239	0	17868
15333	17004	97	419	172	0	17692
15334	17349	87	174	183	0	17793
15335	541	80	148	16981	0	17750
15336	251	96	131	17380	0	17858
15337	16790	108	114	533	0	17545
15338	488	120	88	16877	0	17573
15339	219	95	16502	526	0	17342
15340	154	89	16315	239	0	16797
15341	164	16030	460	162	0	16816
15342	171	17203	165	156	0	17695
15343	208	455	87	16036	0	16786
15344	157	16151	90	451	0	16849
15345	16580	422	95	236	0	17333
15346	456	16666	98	188	0	17408
15347	203	440	75	16717	0	17435
15348	166	186	80	17088	0	17520
15349	141	127	16717	563	0	17548
15350	164	92	425	16707	0	17388
15351	185	71	167	17148	0	17571
15352	175	17133	129	551	0	17988
15353	188	378	116	17124	0	17806
15354	151	136	108	17519	0	17914
15355	170	100	16873	588	0	17731
15356	133	16357	419	312	0	17221
15357	140	1041	148	14399	0	15728
15358	99	15223	98	378	0	15798
15359	94	310	14585	186	0	15175
15360	73	14059	306	143	0	14581
15361	11771	296	196	119	0	12382
15362	11483	63	48	44	0	11638
15363	11395	45	29	51	0	11520
15364	199	11270	26	20	0	11515
15365	11170	149	19	41	0	11379
15366	178	65	18	10986	0	11247
15367	10754	37	23	164	0	10978
15368	163	10642	17	73	0	10895
15369	10650	156	19	62	0	10887
15370	10941	67	15	47	0	11070
15371	209	11087	18	47	0	11361
15372	98	168	11187	30	0	11483
15373	70	70	163	11987	0	12290
15374	46	54	12692	224	0	13016
15375	52	32	254	13077	0	13415
15376	47	29	88	13800	0	13964
15377	35	34	13860	370	0	14299
15378	40	33	292	14055	0	14420
15379	14083	19	93	381	0	14576
15380	305	28	14149	134	0	14616
15381	105	14119	316	95	0	14635
15382	84	283	103	13921	0	14391
15383	86	92	56	14434	0	14668
15384	38	53	14166	400	0	14657
15385	75	56	293	13695	0	14119
15386	34	13935	105	334	0	14408
15387	13680	297	52	159	0	14188
15388	268	13679	61	81	0	14089
15389	12873	291	20	73	0	13257
15390	267	12972	32	50	0	13321
15391	89	13464	24	51	0	13628
15392	63	335	12987	41	0	13426
15393	83	157	302	12895	0	13437
15394	48	77	79	12853	0	13057
15395	47	52	50	13283	0	13432
15396	18	13593	47	379	0	14037
15397	45	318	29	13788	0	14180
15398	13785	101	35	413	0	14334
15399	329	68	33	13847	0	14277
15400	13718	53	31	444	0	14246
15401	386	32	13714	184	0	14316
15402	13809	41	333	128	0	14311
15403	414	42	107	13767	0	14330
15404	156	55	74	14375	0	14660
15405	14318	39	59	489	0	14905
15406	392	39	14272	209	0	14912
15407	128	14177	351	168	0	14824
15408	112	341	122	14437	0	15012
15409	14420	129	80	412	0	15041
15410	14692	89	55	178	0	15014
15411	481	72	31	14496	0	15080
15412	199	69	14306	414	0	14988
15413	13899	73	347	171	0	14490
15414	412	63	14040	124	0	14639
15415	175	64	396	13937	0	14572
15416	112	65	13989	416	0	14582
15417	93	53	385	13870	0	14401
15418	69	54	13560	464	0	14147
15419	73	13387	389	241	0	14090
15420	111	350	155	12387	0	13003
15421	77	13490	88	367	0	14022
15422	13557	374	64	180	0	14175
15423	13832	131	66	134	0	14163
15424	465	92	13375	105	0	14037
15425	234	63	350	13333	0	13980
15426	13493	53	140	404	0	14090
15427	424	49	88	13468	0	14029
15428	199	45	82	13555	0	13881
15429	133	45	13045	526	0	13749
15430	12720	43	371	232	0	13366
15431	390	57	13070	190	0	13707
15432	199	57	396	12994	0	13646
15433	142	40	13078	448	0	13708
15434	12926	33	411	244	0	13614
15435	13174	33	199	181	0	13587
15436	13132	34	146	163	0	13475
15437	527	49	132	12803	0	13511
15438	241	34	12577	438	0	13290
15439	154	55	12682	222	0	13113
15440	154	101	449	11085	0	11789
15441	118	12355	222	370	0	13065
15442	12097	337	151	189	0	12774
15443	398	142	100	12196	0	12836
15444	211	104	12102	419	0	12836
15445	182	76	354	12240	0	12852
15446	143	78	12465	448	0	13134
15447	145	81	405	12576	0	13207
15448	152	43	12608	459	0	13262
15449	130	50	12549	256	0	12985
15450	113	12280	462	223	0	13078
15451	123	310	12268	177	0	12878
15452	116	113	12331	174	0	12734
15453	161	105	472	10467	0	11205
15454	135	57	223	11361	0	11776
15455	117	11694	163	421	0	12395
15456	11785	287	159	223	0	12454
15457	380	11757	128	181	0	12446
15458	209	321	130	11713	0	12373
15459	11754	128	128	401	0	12411
15460	427	74	102	11785	0	12388
15461	11757	66	138	431	0	12392
15462	407	60	112	11934	0	12513
15463	196	55	11953	429	0	12633
15464	152	59	368	12076	0	12655
15465	137	57	171	12344	0	12709
15466	12083	58	144	513	0	12798
15467	12253	47	132	259	0	12691
15468	12020	41	116	229	0	12406
15469	440	11377	153	158	0	12128
15470	216	11483	116	163	0	11978
15471	11349	307	142	154	0	11952
15472	352	120	11355	149	0	11976
15473	166	72	10751	117	0	11106
15474	146	366	330	9625	0	10467
15475	95	50	9655	253	0	10053
15476	85	33	9177	126	0	9421
15477	8731	39	248	111	0	9129
15478	8855	24	140	97	0	9116
15479	239	8680	94	75	0	9088
15480	127	8883	82	80	0	9172
15481	121	192	60	7952	0	8325
15482	89	8765	74	159	0	9087
15483	9005	167	60	116	0	9348
15484	212	69	65	8674	0	9020
15485	115	8949	56	213	0	9333
15486	9225	154	71	113	0	9563
15487	189	67	9241	102	0	9599
15488	99	52	9120	89	0	9360
15489	9185	49	230	69	0	9533
15490	208	40	8991	72	0	9311
15491	8859	23	156	75	0	9113
15492	189	25	98	8923	0	9235
15493	94	22	8903	172	0	9191
15494	69	8637	172	105	0	8983
15495	52	8807	104	73	0	9036
15496	8008	106	62	55	0	8231
15497	97	8108	56	32	0	8293
15498	7758	80	46	27	0	7911
15499	7751	34	39	24	0	7848
15500	97	7708	36	20	0	7861
15501	54	85	15	7644	0	7798
15502	31	26	7848	72	0	7977
15503	25	8174	84	33	0	8316
15504	29	237	33	7952	0	8251
15505	21	46	20	8502	0	8589
15506	8336	14	9	119	0	8478
15507	95	15	11	8359	0	8480
15508	31	11	8242	116	0	8400
15509	15	8227	96	47	0	8385
15510	24	93	30	8364	0	8511
15511	8486	22	17	114	0	8639
15512	8734	16	19	50	0	8819
15513	122	14	24	8768	0	8928
15514	8987	11	13	127	0	9138
15515	131	18	9053	42	0	9244
15516	64	8	114	9067	0	9253
15517	38	6	9264	127	0	9435
15518	36	11	121	9762	0	9930
15519	28	13	48	9802	0	9891
15520	24	16	31	9864	0	9935
15521	26	15	19	9908	0	9968
15522	25	10	16	9838	0	9889
15523	9771	4	15	233	0	10023
15524	9874	10	10	98	0	9992
15525	180	9853	7	78	0	10118
15526	10052	144	7	68	0	10271
15527	181	41	14	10051	0	10287
15528	91	22	11	10235	0	10359
15529	65	23	16	10230	0	10334
15530	49	20	10274	211	0	10554
15531	57	11	146	9892	0	10106
15532	33	10167	53	192	0	10445
15533	10210	151	28	97	0	10486
15534	10235	42	26	76	0	10379
15535	198	33	10075	57	0	10363
15536	78	10103	160	58	0	10399
15537	57	156	48	10143	0	10404
15538	50	52	10248	181	0	10531
15539	50	34	157	9803	0	10044
15540	34	10102	60	199	0	10395
15541	9903	160	36	96	0	10195
15542	176	10011	29	77	0	10293
15543	68	157	9988	58	0	10271
15544	64	61	9906	54	0	10085
15545	37	9843	173	55	0	10108
15546	36	9826	60	63	0	9985
15547	9597	183	49	62	0	9891
15548	9621	69	30	70	0	9790
15549	200	42	28	9601	0	9871
15550	81	38	9562	182	0	9863
15551	62	41	152	9571	0	9826
15552	63	33	53	9612	0	9761
15553	9520	26	44	218	0	9808
15554	9470	26	28	124	0	9648
15555	209	23	35	9873	0	10140
15556	87	25	9960	219	0	10291
15557	51	10029	169	112	0	10361
15558	10041	176	67	92	0	10376
15559	205	10326	44	68	0	10643
15560	95	212	29	10577	0	10913
15561	70	91	37	10920	0	11118
15562	61	55	41	10882	0	11039
15563	49	63	30	10706	0	10848
15564	10441	45	28	303	0	10817
15565	219	37	33	10418	0	10707
15566	83	10222	28	282	0	10615
15567	74	182	25	10345	0	10626
15568	10076	72	27	273	0	10448
15569	219	10102	34	142	0	10497
15570	92	201	31	10133	0	10457
15571	74	79	9917	246	0	10316
15572	9806	64	173	127	0	10170
15573	232	47	67	9942	0	10288
15574	108	47	9758	234	0	10147
15575	70	33	9635	134	0	9872
15576	79	80	225	9634	0	10018
15577	9616	41	97	264	0	10018
15578	9712	45	56	136	0	9949
15579	249	9875	56	122	0	10302
15580	9843	187	39	115	0	10184
15581	9965	73	34	122	0	10194
15582	9959	48	28	126	0	10161
15583	9844	40	32	119	0	10035
15584	297	42	32	9654	0	10025
15585	141	53	34	9713	0	9941
15586	106	50	9237	275	0	9668
15587	95	8759	175	140	0	9169
15588	74	9021	70	126	0	9291
15589	70	194	8983	115	0	9362
15590	8837	70	180	108	0	9195
15591	202	44	72	8959	0	9277
15592	8995	32	57	224	0	9308
15593	8972	54	36	113	0	9175
15594	259	39	8774	74	0	9146
15595	132	50	169	8724	0	9075
15596	8840	35	63	209	0	9147
15597	220	39	40	8782	0	9081
15598	121	44	8733	212	0	9110
15599	99	203	168	8391	0	8861
15600	78	8835	75	195	0	9183
15601	69	9098	47	103	0	9317
15602	78	191	8728	73	0	9070
15603	65	8423	149	66	0	8703
15604	7992	172	97	105	0	8366
15605	7865	45	55	73	0	8038
15606	176	41	30	7725	0	7972
15607	72	30	23	7812	0	7937
15608	67	24	27	7885	0	8003
15609	7720	19	20	170	0	7929
15610	149	7701	17	67	0	7934
15611	7549	111	14	55	0	7729
15612	7410	35	22	42	0	7509
15613	148	7357	20	43	0	7568
15614	7056	95	9	35	0	7195
15615	120	7110	13	38	0	7281
15616	7159	101	17	40	0	7317
15617	111	35	7017	29	0	7192
15618	6399	28	100	31	0	6558
15619	89	6609	18	18	0	6734
15620	74	66	33	6654	0	6827
15621	29	22	8	6955	0	7014
15622	41	13	3	7022	0	7079
15623	7114	11	8	126	0	7259
15624	115	15	5	7190	0	7325
15625	37	14	7025	110	0	7186
15626	6829	19	89	55	0	6992
15627	113	15	6970	29	0	7127
15628	43	30	93	6963	0	7129
15629	21	24	7071	110	0	7226
15630	34	24	86	6767	0	6911
15631	14	6903	41	103	0	7061
15632	30	93	15	6808	0	6946
15633	26	6880	22	104	0	7032
15634	26	88	11	6952	0	7077
15635	6993	35	7	118	0	7153
15636	99	14	17	7179	0	7309
15637	7171	15	11	121	0	7318
15638	112	19	6943	46	0	7120
15639	7001	15	89	36	0	7141
15640	7129	9	33	33	0	7204
15641	7161	9	18	33	0	7221
15642	131	11	16	7140	0	7298
15643	7034	11	17	102	0	7164
15644	108	13	6861	32	0	7014
15645	6811	15	93	31	0	6950
15646	118	11	6821	31	0	6981
15647	6910	11	86	23	0	7030
15648	116	13	30	7003	0	7162
15649	57	16	7092	101	0	7266
15650	48	8	88	7094	0	7238
15651	46	11	27	7220	0	7304
15652	36	11	7165	112	0	7324
15653	6672	7	95	63	0	6837
15654	107	7211	34	32	0	7384
15655	6986	66	17	37	0	7106
15656	76	6904	21	19	0	7020
15657	6764	63	8	33	0	6868
15658	73	22	6734	16	0	6845
15659	6214	37	106	26	0	6383
15660	63	6297	23	12	0	6395
15661	41	47	8	6204	0	6300
15662	17	10	8	6377	0	6412
15663	13	8	8	6404	0	6433
15664	15	6	6440	64	0	6525
15665	12	3	56	6404	0	6475
15666	16	5	6748	61	0	6830
15667	6896	6	59	25	0	6986
15668	7377	4	14	22	0	7417
15669	83	6	8	7452	0	7549
15670	19	6	7520	79	0	7624
15671	7328	2	75	32	0	7437
15672	92	5	8689	15	0	8801
15673	31	1	100	8664	0	8796
15674	24	7	23	8955	0	9009
15675	30	0	9	9134	0	9173
15676	17	4	17	9226	0	9264
15677	9000	0	17	140	0	9157
15678	111	9065	13	41	0	9230
15679	21	96	8724	32	0	8873
15680	15	8757	98	28	0	8898
15681	8867	103	15	24	0	9009
15682	118	22	12	8877	0	9029
15683	8902	9	12	131	0	9054
15684	117	15	10	8909	0	9051
15685	36	12	12	8943	0	9003
15686	23	8	13	8989	0	9033
15687	28	13	8829	129	0	8999
15688	24	8678	100	53	0	8855
15689	16	97	8903	36	0	9052
15690	26	19	104	8961	0	9110
15691	9063	9	27	127	0	9226
15692	8983	16	16	51	0	9066
15693	9106	5	24	34	0	9169
15694	115	9039	15	33	0	9202
15695	9232	100	13	42	0	9387
15696	119	17	17	9267	0	9420
15697	47	12	13	9313	0	9385
15698	35	19	10	9341	0	9405
15699	24	9394	16	128	0	9562
15700	26	106	8	8924	0	9064
15701	23	9061	11	112	0	9207
15702	9025	101	8	54	0	9188
15703	9090	26	9	48	0	9173
15704	129	18	7	9138	0	9292
15705	39	23	8990	114	0	9166
15706	8927	16	96	44	0	9083
15707	131	15	19	9162	0	9327
15708	35	24	9101	121	0	9281
15709	8821	9	100	57	0	8987
15710	122	9	17	9204	0	9352
15711	9146	9	14	139	0	9308
15712	120	9107	22	39	0	9288
15713	43	108	12	8970	0	9133
15714	22	9194	21	123	0	9360
15715	34	135	17	9206	0	9392
15716	34	9296	10	119	0	9459
15717	29	112	14	9402	0	9557
15718	25	24	9274	107	0	9430
15719	7848	25	87	83	0	8043
15720	101	9072	18	40	0	9231
15721	42	79	8856	24	0	9001
15722	8668	21	77	39	0	8805
15723	91	13	19	8992	0	9115
15724	23	14	8929	94	0	9060
15725	20	8976	81	31	0	9108
15726	25	80	19	9136	0	9260
15727	14	19	9268	91	0	9392
15728	34	18	71	9169	0	9292
15729	24	15	16	9416	0	9471
15730	20	19	9571	96	0	9706
15731	18	23	84	9557	0	9682
15732	25	18	9793	102	0	9938
15733	20	14	89	9782	0	9905
15734	25	13	10214	111	0	10363
15735	21	15	83	10201	0	10320
15736	36	9	33	10223	0	10301
15737	30	12	19	10175	0	10236
15738	15	10120	26	121	0	10282
15739	10147	81	21	66	0	10315
15740	10276	16	29	55	0	10376
15741	101	16	14	10334	0	10465
15742	10329	16	20	131	0	10496
15743	101	17	10319	45	0	10482
15744	32	10392	87	41	0	10552
15745	10490	79	21	63	0	10653
15746	102	10563	22	30	0	10717
15747	35	87	15	10676	0	10813
15748	33	28	15	10753	0	10829
15749	10476	22	16	119	0	10633
15750	109	24	5	10465	0	10603
15751	35	21	10395	115	0	10566
15752	32	10336	81	41	0	10490
15753	10477	83	19	57	0	10636
15754	106	26	12	10343	0	10487
15755	36	10499	14	110	0	10659
15756	36	96	19	10322	0	10473
15757	25	10539	22	107	0	10693
15758	10576	102	22	59	0	10759
15759	10577	22	20	57	0	10676
15760	108	22	10389	43	0	10562
15761	44	25	10239	32	0	10340
15762	44	13	89	10252	0	10398
15763	30	10491	22	109	0	10652
15764	38	84	16	10586	0	10724
15765	10537	28	17	122	0	10704
15766	84	20	10285	33	0	10422
15767	36	25	70	9877	0	10008
15768	15	9	9741	82	0	9847
15769	17	13	9309	25	0	9364
15770	13	9795	68	27	0	9903
15771	117	186	66	9370	0	9739
15772	8658	18	15	74	0	8765
15773	42	6	8622	16	0	8686
15774	8	8451	39	11	0	8509
15775	8435	31	7	30	0	8503
15776	37	9	4	8465	0	8515
15777	8671	4	6	55	0	8736
15778	8678	7	6	36	0	8727
15779	8799	5	7	37	0	8848
15780	42	5	9228	6	0	9281
15781	8953	3	41	25	0	9022
15782	9328	4	9	20	0	9361
15783	47	9446	14	6	0	9513
15784	19	53	1	9585	0	9658
15785	17	8	10	9512	0	9547
15786	14	8	7	9706	0	9735
15787	9787	8	4	66	0	9865
15788	9540	2	9	36	0	9587
15789	60	5	9645	17	0	9727
15790	26	1	49	9569	0	9645
15791	11	9561	13	46	0	9631
15792	9653	50	6	43	0	9752
15793	55	14	9710	13	0	9792
15794	30	9	50	9480	0	9569
15795	14	5	15	9598	0	9632
15796	10	9612	7	60	0	9689
15797	16	53	10	9688	0	9767
15798	32	13	5	9209	0	9259
15799	13	8	5	9728	0	9754
15800	9664	8	5	83	0	9760
15801	63	6	6	9595	0	9670
15802	23	5	10	9639	0	9677
15803	9772	4	7	92	0	9875
15804	64	14	4	9798	0	9880
15805	39	10873	8	65	0	10985
15806	11297	102	9	46	0	11454
15807	11703	30	1	55	0	11789
15808	12024	24	6	38	0	12092
15809	12889	10	6	44	0	12949
15810	239	13630	10	25	0	13904
15811	14852	202	6	46	0	15106
15812	15221	59	6	55	0	15341
15813	388	51	6	14995	0	15440
15814	128	29	14857	294	0	15308
15815	120	21	274	14842	0	15257
15816	99	16	62	15000	0	15177
15817	74	11	46	14846	0	14977
15818	46	18	37	14845	0	14946
15819	51	14	22	14954	0	15041
15820	14474	10	11	466	0	14961
15821	322	9	13	14592	0	14936
15822	96	13	14546	398	0	15053
15823	91	15	278	14335	0	14719
15824	53	14489	72	371	0	14985
15825	77	280	48	14525	0	14930
15826	34	67	14571	369	0	15041
15827	13476	53	296	164	0	13989
15828	14281	38	71	123	0	14513
15829	369	28	14394	80	0	14871
15830	125	14396	296	66	0	14883
15831	14668	268	92	61	0	15089
15832	14785	63	55	57	0	14960
15833	14779	56	34	60	0	14929
15834	14466	31	33	56	0	14586
15835	474	32	24	14025	0	14555
15836	206	27	14180	313	0	14726
15837	184	27	288	14234	0	14733
15838	136	21	87	14735	0	14979
15839	76	17	14496	425	0	15014
15840	74	24	14420	183	0	14701
15841	14219	12	366	159	0	14756
15842	352	14463	155	125	0	15095
15843	141	299	99	14538	0	15077
15844	112	84	14320	375	0	14891
15845	13877	64	341	181	0	14463
15846	384	44	14296	138	0	14862
15847	14038	34	369	148	0	14589
15848	399	14259	130	130	0	14918
15849	196	303	112	14368	0	14979
15850	146	106	14314	402	0	14968
15851	13919	77	340	188	0	14524
15852	411	14223	129	124	0	14887
15853	173	15134	96	107	0	15510
15854	192	410	85	14890	0	15577
15855	140	154	73	15625	0	15992
15856	15906	118	67	497	0	16588
15857	478	15852	60	244	0	16634
15858	221	402	61	16200	0	16884
15859	16056	136	68	524	0	16784
15860	16656	98	58	255	0	17067
15861	16963	66	41	231	0	17301
15862	639	62	16937	172	0	17810
15863	325	41	17335	192	0	17893
15864	18222	49	491	188	0	18950
15865	571	18154	217	176	0	19118
15866	245	18640	171	189	0	19245
15867	247	545	118	17749	0	18659
15868	169	18470	108	527	0	19274
15869	18544	542	117	264	0	19467
15870	586	221	117	18461	0	19385
15871	271	161	18313	590	0	19335
15872	18445	111	499	268	0	19323
15873	18912	121	205	217	0	19455
15874	756	111	156	18460	0	19483
15875	379	116	118	18795	0	19408
15876	328	122	118	18880	0	19448
15877	289	108	87	18759	0	19243
15878	210	130	17696	803	0	18839
15879	223	17598	494	384	0	18699
15880	240	489	201	16288	0	17218
15881	215	17430	167	608	0	18420
15882	255	573	122	16148	0	17098
15883	192	17202	130	635	0	18159
15884	17140	570	117	363	0	18190
15885	17305	222	113	305	0	17945
15886	687	17052	132	260	0	18131
15887	17140	533	135	246	0	18054
15888	707	239	124	17027	0	18097
15889	16899	212	119	585	0	17815
15890	674	16879	130	290	0	17973
15891	17004	579	136	227	0	17946
15892	17389	260	122	186	0	17957
15893	796	235	112	16765	0	17908
15894	406	213	16695	550	0	17864
15895	332	16645	492	278	0	17747
15896	303	536	193	16815	0	17847
15897	16921	265	145	619	0	17950
15898	640	231	16667	324	0	17862
15899	377	182	478	16513	0	17550
15900	319	165	197	16963	0	17644
15901	16834	125	162	723	0	17844
15902	17070	136	129	395	0	17730
15903	16829	134	122	344	0	17429
15904	770	16261	122	275	0	17428
15905	15337	445	89	254	0	16125
15906	610	202	14471	229	0	15512
15907	313	168	14013	203	0	14697
15908	250	137	13972	209	0	14568
15909	285	614	572	12314	0	13785
15910	187	91	12075	365	0	12718
15911	10914	75	246	168	0	11403
15912	328	78	94	10961	0	11461
15913	215	82	11083	263	0	11643
15914	11337	64	241	165	0	11807
15915	340	65	126	11396	0	11927
15916	194	68	100	11628	0	11990
15917	11675	63	94	336	0	12168
15918	307	66	95	11938	0	12406
15919	170	68	11981	315	0	12534
15920	160	71	259	12103	0	12593
15921	148	56	12240	309	0	12753
15922	134	57	279	12149	0	12619
15923	11965	37	135	352	0	12489
15924	293	11649	107	197	0	12246
15925	188	12122	85	159	0	12554
15926	176	262	59	12013	0	12510
15927	151	119	72	11987	0	12329
15928	126	11676	84	356	0	12242
15929	122	11698	82	215	0	12117
15930	135	253	81	11565	0	12034
15931	133	106	90	11630	0	11959
15932	11287	86	73	367	0	11813
15933	265	11110	83	200	0	11658
15934	141	11031	70	166	0	11408
15935	126	11530	71	130	0	11857
15936	11020	291	94	133	0	11538
15937	249	146	10988	127	0	11510
15938	10821	91	246	158	0	11316
15939	261	77	101	10859	0	11298
15940	153	10374	70	284	0	10881
15941	122	10987	52	180	0	11341
15942	10903	261	58	139	0	11361
15943	267	140	54	10606	0	11067
15944	158	11447	64	250	0	11919
15945	11632	246	73	161	0	12112
15946	11746	120	75	132	0	12073
15947	307	91	11447	127	0	11972
15948	11512	84	218	115	0	11929
15949	11727	76	103	115	0	12021
15950	311	85	72	11359	0	11827
15951	144	11084	78	278	0	11584
15952	124	11275	43	160	0	11602
15953	140	302	39	10894	0	11375
15954	10535	116	42	249	0	10942
15955	240	81	9525	123	0	9969
15956	142	61	9490	91	0	9784
15957	195	62	9265	83	0	9605
15958	202	56	9442	72	0	9772
15959	84	9506	163	70	0	9823
15960	85	9437	95	80	0	9697
15961	135	189	8890	69	0	9283
15962	89	113	8594	74	0	8870
15963	40	7560	126	43	0	7769
15964	45	57	59	7224	0	7385
15965	6	20	7607	51	0	7684
15966	15	8	52	7329	0	7404
15967	9	6	18	7825	0	7858
15968	7	4	11	7978	0	8000
15969	13	6	7	8302	0	8328
15970	8	8	8193	100	0	8309
15971	18	4	81	7962	0	8065
15972	8124	4	26	105	0	8259
15973	85	9	8005	26	0	8125
15974	8070	3	89	28	0	8190
15975	101	5	20	8337	0	8463
15976	27	8	8404	95	0	8534
15977	8321	4	97	33	0	8455
15978	99	10	28	8515	0	8652
15979	8591	5	15	113	0	8724
15980	108	8	15	8463	0	8594
15981	24	8450	9	110	0	8593
15982	22	93	8745	33	0	8893
15983	22	21	94	8834	0	8971
15984	8895	11	27	113	0	9046
15985	8979	8	15	41	0	9043
15986	8966	12	15	27	0	9020
15987	8890	11	13	39	0	8953
15988	8812	10	6	27	0	8855
15989	117	8793	12	14	0	8936
15990	8869	96	7	32	0	9004
15991	105	27	8737	15	0	8884
15992	8749	19	97	22	0	8887
15993	113	17	22	8586	0	8738
15994	32	15	8746	84	0	8877
15995	24	14	8662	25	0	8725
15996	25	16	107	8740	0	8888
15997	8880	13	34	115	0	9042
15998	100	8746	24	39	0	8909
15999	8799	98	21	32	0	8950
16000	115	8811	15	24	0	8965
16001	49	103	12	9066	0	9230
16002	36	32	16	9187	0	9271
16003	9182	17	11	128	0	9338
16004	116	12	16	9238	0	9382
16005	35	13	9280	122	0	9450
16006	9184	15	95	49	0	9343
16007	124	13	31	9502	0	9670
16008	55	11	21	9510	0	9597
16009	37	19	9437	123	0	9616
16010	8721	16	112	59	0	8908
16011	9445	10	32	39	0	9526
16012	110	9466	27	29	0	9632
16013	48	91	9307	15	0	9461
16014	34	28	9072	19	0	9153
16015	33	51	108	8959	0	9151
16016	31	36	43	8928	0	9038
16017	17	8992	22	116	0	9147
16018	18	94	8783	32	0	8927
16019	29	22	94	8511	0	8656
16020	17	12	8694	99	0	8822
16021	23	9	99	8374	0	8505
16022	19	8583	29	101	0	8732
16023	14	90	23	8814	0	8941
16024	16	21	20	8874	0	8931
16025	22	14	19	8802	0	8857
16026	8758	7	12	131	0	8908
16027	101	14	8706	36	0	8857
16028	27	9189	97	36	0	9349
16029	24	111	27	9636	0	9798
16030	9878	23	21	135	0	10057
16031	129	15	15	10047	0	10206
16032	10124	12	12	147	0	10295
16033	145	8	10158	39	0	10350
16034	10145	7	127	46	0	10325
16035	166	7	31	10489	0	10693
16036	43	7	10469	147	0	10666
16037	37	10400	141	45	0	10623
16038	38	124	38	10327	0	10527
16039	39	30	27	10536	0	10632
16040	10314	19	22	171	0	10526
16041	135	10172	22	56	0	10385
16042	40	9976	17	47	0	10080
16043	34	10298	25	34	0	10391
16044	9657	143	20	43	0	9863
16045	131	9698	16	25	0	9870
16046	44	131	14	9621	0	9810
16047	50	34	16	9714	0	9814
16048	9628	18	12	164	0	9822
16049	132	9547	10	56	0	9745
16050	44	122	11	9722	0	9899
16051	9872	33	6	153	0	10064
16052	9874	22	17	52	0	9965
16053	9779	17	11	52	0	9859
16054	152	9688	20	34	0	9894
16055	9571	114	16	32	0	9733
16056	147	37	17	9447	0	9648
16057	39	9298	11	136	0	9484
16058	27	9533	11	32	0	9603
16059	58	142	10	9420	0	9630
16060	9343	28	13	148	0	9532
16061	9513	24	9	52	0	9598
16062	143	20	6	9224	0	9393
16063	41	9154	9	131	0	9335
16064	9187	121	9	38	0	9355
16065	123	34	8929	31	0	9117
16066	34	32	8682	28	0	8776
16067	8572	20	99	34	0	8725
16068	108	20	8614	30	0	8772
16069	38	10	80	8193	0	8321
16070	8260	18	25	80	0	8383
16071	96	10	12	8435	0	8553
16072	30	16	8390	87	0	8523
16073	27	8413	65	42	0	8547
16074	31	78	23	8581	0	8713
16075	23	24	8565	71	0	8683
16076	8261	25	68	38	0	8392
16077	77	13	21	8514	0	8625
16078	27	18	8547	82	0	8674
16079	28	17	69	8405	0	8519
16080	24	8345	20	90	0	8479
16081	26	76	14	8715	0	8831
16082	32	17	10	8628	0	8687
16083	29	18	6	8474	0	8527
16084	21	8476	10	96	0	8603
16085	8651	76	10	46	0	8783
16086	85	22	15	8736	0	8858
16087	33	25	17	8769	0	8844
16088	33	15	13	8839	0	8900
16089	21	14	8788	111	0	8934
16090	27	13	71	8795	0	8906
16091	8832	13	20	111	0	8976
16092	83	8922	19	44	0	9068
16093	31	83	13	9112	0	9239
16094	35	27	8	9136	0	9206
16095	9006	25	14	113	0	9158
16096	86	9046	13	62	0	9207
16097	9125	81	11	48	0	9265
16098	9338	20	12	41	0	9411
16099	124	23	14	9255	0	9416
16100	9229	20	12	130	0	9391
16101	122	8956	11	37	0	9126
16102	9030	103	9	48	0	9190
16103	132	26	4	9247	0	9409
16104	10036	25	8	135	0	10204
16105	10278	26	6	52	0	10362
16106	173	25	9718	41	0	9957
16107	10278	24	105	40	0	10447
16108	10547	15	18	50	0	10630
16109	10448	15	18	71	0	10552
16110	209	14	11109	33	0	11365
16111	70	11135	180	33	0	11418
16112	82	198	47	11193	0	11520
16113	11220	64	35	210	0	11529
16114	218	11051	18	74	0	11361
16115	11145	195	11	82	0	11433
16116	258	61	18	11352	0	11689
16117	93	45	11332	205	0	11675
16118	11690	22	190	83	0	11985
16119	265	15	52	12010	0	12342
16120	89	13	12107	230	0	12439
16121	12109	19	221	80	0	12429
16122	261	22	12481	54	0	12818
16123	126	22	246	12741	0	13135
16124	98	20	74	13422	0	13614
16125	13221	12	48	334	0	13615
16126	13322	16	27	149	0	13514
16127	345	13094	30	73	0	13542
16128	12918	241	25	68	0	13252
16129	312	61	12318	26	0	12717
16130	113	46	12214	29	0	12402
16131	12003	34	282	38	0	12357
16132	274	12150	105	26	0	12555
16133	11880	216	72	33	0	12201
16134	261	11865	44	19	0	12189
16135	11829	239	24	29	0	12121
16136	273	72	26	11677	0	12048
16137	112	47	11717	215	0	12091
16138	86	24	211	11703	0	12024
16139	65	21	73	12078	0	12237
16140	11898	11	49	301	0	12259
16141	244	22	11778	114	0	12158
16142	11604	18	228	84	0	11934
16143	273	11679	64	52	0	12068
16144	11814	223	50	37	0	12124
16145	298	66	38	11650	0	12052
16146	100	58	11619	238	0	12015
16147	94	27	232	11636	0	11989
16148	11719	19	86	279	0	12103
16149	266	18	57	11751	0	12092
16150	116	22	32	11682	0	11852
16151	84	11310	28	297	0	11719
16152	85	214	28	11558	0	11885
16153	51	76	11462	284	0	11873
16154	68	46	223	11471	0	11808
16155	67	31	72	11686	0	11856
16156	11445	19	57	317	0	11838
16157	273	27	36	11459	0	11795
16158	118	25	11277	290	0	11710
16159	83	11339	229	122	0	11773
16160	87	216	85	11394	0	11782
16161	68	77	60	11577	0	11782
16162	11371	62	42	316	0	11791
16163	270	11160	27	140	0	11597
16164	116	232	32	11402	0	11782
16165	11113	79	45	290	0	11527
16166	11409	56	35	133	0	11633
16167	322	36	27	11341	0	11726
16168	129	24	11355	296	0	11804
16169	11420	26	234	136	0	11816
16170	305	39	81	11802	0	12227
16171	11733	28	61	324	0	12146
16172	11881	17	52	154	0	12104
16173	354	11463	45	100	0	11962
16174	11442	245	24	92	0	11803
16175	316	11441	40	83	0	11880
16176	137	262	51	11445	0	11895
16177	125	92	46	11417	0	11680
16178	82	11403	48	320	0	11853
16179	11564	252	30	167	0	12013
16180	11509	96	42	120	0	11767
16181	352	68	11107	83	0	11610
16182	147	61	11070	77	0	11355
16183	132	44	292	11160	0	11628
16184	11280	28	104	306	0	11718
16185	307	34	76	11224	0	11641
16186	141	37	51	11466	0	11695
16187	107	30	11241	369	0	11747
16188	105	38	11246	157	0	11546
16189	75	40	11435	114	0	11664
16190	11107	40	328	97	0	11572
16191	11342	34	126	87	0	11589
16192	345	10892	72	73	0	11382
16193	163	11219	49	81	0	11512
16194	123	286	38	11120	0	11567
16195	87	98	11095	290	0	11570
16196	10971	64	244	161	0	11440
16197	284	44	11421	114	0	11863
16198	146	37	259	11291	0	11733
16199	111	26	106	11647	0	11890
16200	81	38	71	11765	0	11955
16201	84	34	55	12023	0	12196
16202	11758	36	39	384	0	12217
16203	308	37	36	11671	0	12052
16204	112	27	11033	298	0	11470
16205	10432	26	212	161	0	10831
16206	247	20	10747	107	0	11121
16207	115	22	10522	84	0	10743
16208	85	10484	254	80	0	10903
16209	187	180	155	9868	0	10390
16210	9793	50	67	176	0	10086
16211	176	31	37	9793	0	10037
16212	63	26	9715	190	0	9994
16213	62	16	138	9782	0	9998
16214	9700	12	58	189	0	9959
16215	162	9690	32	88	0	9972
16216	9452	135	31	78	0	9696
16217	175	9341	35	47	0	9598
16218	9186	132	30	56	0	9404
16219	153	9017	29	36	0	9235
16220	74	8983	23	32	0	9112
16221	56	134	8690	34	0	8914
16222	51	8511	105	26	0	8693
16223	7850	88	82	28	0	8048
16224	84	26	21	7772	0	7903
16225	7857	13	7	90	0	7967
16226	87	7986	7	20	0	8100
16227	8019	86	5	26	0	8136
16228	103	25	8058	12	0	8198
16229	29	19	94	7998	0	8140
16230	26	8316	20	84	0	8446
16231	24	101	17	8591	0	8733
16232	23	24	12	8680	0	8739
16233	9346	21	9	145	0	9521
16234	145	9443	16	50	0	9654
16235	9618	139	11	52	0	9820
16236	186	41	9710	18	0	9955
16237	56	46	9459	20	0	9581
16238	44	9666	179	15	0	9904
16239	35	147	73	9663	0	9918
16240	19	50	9803	154	0	10026
16241	43	41	168	9279	0	9531
16242	27	29	48	10039	0	10143
16243	24	16	9610	206	0	9856
16244	28	19	9591	83	0	9721
16245	25	16	9900	67	0	10008
16246	23	22	9967	30	0	10042
16247	17	10349	223	39	0	10628
16248	30	160	100	10296	0	10586
16249	20	56	62	10639	0	10777
16250	20	50	10465	213	0	10748
16251	28	31	180	10417	0	10656
16252	15	15	10764	216	0	11010
16253	41	17	205	10698	0	10961
16254	29	28	72	10748	0	10877
16255	18	10769	69	206	0	11062
16256	26	176	34	10907	0	11143
16257	44	56	35	10873	0	11008
16258	29	61	29	10978	0	11097
16259	29	25	10700	261	0	11015
16260	15	10657	173	128	0	10973
16261	10672	162	58	99	0	10991
16262	10761	60	55	72	0	10948
16263	200	59	36	10644	0	10939
16264	95	29	29	10550	0	10703
16265	67	10667	19	218	0	10971
16266	10650	170	26	129	0	10975
16267	169	10812	29	82	0	11092
16268	10632	193	31	56	0	10912
16269	197	71	10473	47	0	10788
16270	10105	58	158	53	0	10374
16271	186	10461	58	47	0	10752
16272	78	158	55	10554	0	10845
16273	84	65	25	10547	0	10721
16274	42	10528	27	207	0	10804
16275	10701	165	26	116	0	11008
16276	173	67	30	10939	0	11209
16277	75	65	34	11150	0	11324
16278	11175	48	31	233	0	11487
16279	11302	39	31	132	0	11504
16280	214	31	11185	84	0	11514
16281	11364	29	170	71	0	11634
16282	221	33	78	11412	0	11744
16283	87	33	11457	199	0	11776
16284	89	25	178	11338	0	11630
16285	40	32	11195	237	0	11504
16286	50	22	11341	103	0	11516
16287	35	36	221	11368	0	11660
16288	29	23	11489	209	0	11750
16289	27	11582	219	128	0	11956
16290	33	168	87	11631	0	11919
16291	33	64	86	12031	0	12214
16292	33	61	11957	246	0	12297
16293	24	11864	202	146	0	12236
16294	12017	177	85	113	0	12392
16295	183	72	71	12224	0	12550
16296	12175	57	43	240	0	12515
16297	211	12031	42	111	0	12395
16298	84	206	12111	103	0	12504
16299	75	93	198	11995	0	12361
16300	11956	64	84	238	0	12342
16301	196	34	11847	101	0	12178
16302	11360	28	201	114	0	11703
16303	232	11471	83	72	0	11858
16304	70	11453	65	51	0	11639
16305	11394	208	45	44	0	11691
16306	193	90	41	11304	0	11628
16307	90	62	35	11273	0	11460
16308	65	11293	30	238	0	11626
16309	41	175	22	11504	0	11742
16310	43	67	25	11599	0	11734
16311	11428	55	22	247	0	11752
16312	186	30	27	11392	0	11635
16313	83	26	11345	223	0	11677
16314	78	12	181	11331	0	11602
16315	47	27	72	11664	0	11810
16316	37	32	11523	236	0	11828
16317	33	26	172	11548	0	11779
16318	11361	21	67	262	0	11711
16319	11246	30	54	120	0	11450
16320	11254	17	37	117	0	11425
16321	253	22	28	11184	0	11487
16322	115	27	11153	217	0	11512
16323	80	11150	160	112	0	11502
16324	51	150	70	11252	0	11523
16325	52	62	11244	184	0	11542
16326	57	57	142	11035	0	11291
16327	50	35	70	11143	0	11298
16328	10889	20	51	235	0	11195
16329	152	11167	30	121	0	11470
16330	77	132	10842	70	0	11121
16331	10181	57	132	66	0	10436
16332	146	10593	72	55	0	10866
16333	47	9979	25	32	0	10083
16334	10222	114	67	43	0	10446
16335	118	43	24	10248	0	10433
16336	49	24	10821	107	0	11001
16337	32	17	95	10662	0	10806
16338	13	10809	47	123	0	10992
16339	11008	109	21	59	0	11197
16340	111	44	8	11091	0	11254
16341	11291	20	18	137	0	11466
16342	130	10	12	11165	0	11317
16343	47	11481	9	133	0	11670
16344	11691	109	19	67	0	11886
16345	11627	45	12	50	0	11734
16346	159	11597	4	27	0	11787
16347	11364	114	12	29	0	11519
16348	138	55	10	11131	0	11334
16349	45	11172	8	128	0	11353
16350	11207	115	11	61	0	11394
16351	122	11270	8	37	0	11437
16352	11246	124	14	47	0	11431
16353	152	42	12	11247	0	11453
16354	11411	31	8	147	0	11597
16355	11493	19	8	68	0	11588
16356	11594	19	10	45	0	11668
16357	190	18	8	11487	0	11703
16358	75	21	4	11733	0	11833
16359	11585	15	7	181	0	11788
16360	142	26	11771	65	0	12004
16361	85	17	122	11796	0	12020
16362	41	12090	35	154	0	12320
16363	44	142	12	12349	0	12547
16364	54	47	8	12459	0	12568
16365	35	29	12274	190	0	12528
16366	55	20	133	12907	0	13115
16367	31	13381	42	200	0	13654
16368	56	208	18	13773	0	14055
16369	38	94	14548	243	0	14923
16370	70	50	234	14587	0	14941
16371	58	24	91	15029	0	15202
16372	14777	26	48	383	0	15234
16373	14844	17	25	198	0	15084
16374	370	39	19	14551	0	14979
16375	171	14099	20	289	0	14579
16376	73	14384	15	159	0	14631
16377	59	313	14170	83	0	14625
16378	82	175	241	14078	0	14576
16379	14070	78	112	306	0	14566
16380	278	36	49	14182	0	14545
16381	117	30	14057	311	0	14515
16382	94	28	243	14029	0	14394
16383	62	30	109	14320	0	14521
16384	76	28	53	14492	0	14649
16385	49	34	14052	405	0	14540
16386	43	13958	249	197	0	14447
16387	13924	247	93	147	0	14411
16388	13930	118	50	90	0	14188
16389	360	66	32	13582	0	14040
16390	164	44	13511	283	0	14002
16391	96	13440	229	147	0	13912
16392	88	257	102	13050	0	13497
16393	56	13213	63	277	0	13609
16394	49	13625	33	131	0	13838
16395	13294	308	31	109	0	13742
16396	264	150	13319	67	0	13800
16397	141	76	13139	75	0	13431
16398	101	65	290	13069	0	13525
16399	74	52	133	13484	0	13743
16400	61	36	13457	322	0	13876
16401	85	34	232	13217	0	13568
16402	44	44	13358	302	0	13748
16403	12776	25	257	184	0	13242
16404	245	26	110	13286	0	13667
16405	135	39	13495	267	0	13936
16406	91	42	235	13010	0	13378
16407	58	13720	108	283	0	14169
16408	13735	211	75	185	0	14206
16409	226	13798	53	114	0	14191
16410	13836	257	56	113	0	14262
16411	274	127	13666	75	0	14142
16412	13734	77	209	99	0	14119
16413	278	54	117	13877	0	14326
16414	138	43	13924	268	0	14373
16415	94	47	232	13800	0	14173
16416	77	33	13635	308	0	14053
16417	12923	49	251	199	0	13422
16418	255	13550	118	141	0	14064
16419	146	220	87	13232	0	13685
16420	91	13802	73	233	0	14199
16421	13716	251	54	176	0	14197
16422	13781	128	58	128	0	14095
16423	321	13727	61	108	0	14217
16424	168	249	46	13850	0	14313
16425	112	125	50	13911	0	14198
16426	84	82	56	13940	0	14162
16427	13610	52	51	431	0	14144
16428	232	13560	55	236	0	14083
16429	139	224	57	13390	0	13810
16430	84	117	65	13526	0	13792
16431	13206	73	50	393	0	13722
16432	254	61	13026	219	0	13560
16433	152	46	12814	159	0	13171
16434	12262	32	286	131	0	12711
16435	231	39	12443	106	0	12819
16436	126	53	11625	76	0	11880
16437	104	48	286	11496	0	11934
16438	11667	34	171	242	0	12114
16439	225	26	82	11682	0	12015
16440	128	35	11500	247	0	11910
16441	10919	28	215	159	0	11321
16442	208	33	11226	105	0	11572
16443	120	11076	215	75	0	11486
16444	118	208	150	11198	0	11674
16445	11298	90	79	244	0	11711
16446	188	67	70	11329	0	11654
16447	114	36	55	11428	0	11633
16448	11629	18	48	301	0	11996
16449	194	28	52	11770	0	12044
16450	116	16	42	11976	0	12150
16451	76	30	11832	283	0	12221
16452	56	28	179	11744	0	12007
16453	11838	28	99	279	0	12244
16454	11813	31	61	153	0	12058
16455	11808	32	51	117	0	12008
16456	298	36	35	11546	0	11915
16457	152	11439	32	188	0	11811
16458	11511	158	42	137	0	11848
16459	185	11652	39	92	0	11968
16460	11413	172	34	77	0	11696
16461	211	90	44	11334	0	11679
16462	11145	53	24	201	0	11423
16463	11069	23	33	138	0	11263
16464	11139	11	41	92	0	11283
16465	253	10874	37	73	0	11237
16466	101	10323	25	40	0	10489
16467	9787	92	17	28	0	9924
16468	95	9849	8	31	0	9983
16469	20	9012	3	13	0	9048
16470	25	8988	16	6	0	9035
16471	9004	43	56	16	0	9119
16472	41	15	2	8944	0	9002
16473	19	8	1	9044	0	9072
16474	9193	0	0	71	0	9264
16475	47	6	9453	16	0	9522
16476	22	3	50	10491	0	10566
16477	19	4	12	10628	0	10663
16478	19	3	7	11563	0	11592
16479	17	7	3	11987	0	12014
16480	9	11738	4	233	0	11984
16481	7	13817	5	82	0	13911
16482	14118	256	4	53	0	14431
16483	273	83	8	14166	0	14530
16484	102	55	1	14468	0	14626
16485	68	25	14246	330	0	14669
16486	57	12	239	14401	0	14709
16487	17	15	14531	355	0	14918
16488	45	9	307	14665	0	15026
16489	18	12	15356	370	0	15756
16490	5	15319	343	140	0	15807
16491	34	289	108	15572	0	16003
16492	15544	92	80	370	0	16086
16493	15678	67	46	141	0	15932
16494	416	29	31	15519	0	15995
16495	147	22	15454	381	0	16004
16496	103	20	15341	132	0	15596
16497	14884	19	387	128	0	15418
16498	320	15245	154	96	0	15815
16499	15484	312	103	84	0	15983
16500	15569	89	56	85	0	15799
16501	438	73	15252	48	0	15811
16502	200	53	330	15150	0	15733
16503	163	27	122	15279	0	15591
16504	121	28	83	16008	0	16240
16505	96	22	62	15598	0	15778
16506	93	20	43	15342	0	15498
16507	52	20	14815	547	0	15434
16508	52	25	14872	251	0	15200
16509	79	18	406	14864	0	15367
16510	77	26	176	15198	0	15477
16511	69	21	122	15403	0	15615
16512	14946	31	79	551	0	15607
16513	397	36	66	15018	0	15517
16514	15010	22	42	520	0	15594
16515	480	13	46	15350	0	15889
16516	15501	21	51	530	0	16103
16517	15859	14	58	265	0	16196
16518	15621	14	59	215	0	15909
16519	15735	14	65	170	0	15984
16520	15755	18	49	141	0	15963
16521	606	25	40	15355	0	16026
16522	15419	20	55	466	0	15960
16523	508	15228	54	203	0	15993
16524	15472	351	47	178	0	16048
16525	507	99	35	15613	0	16254
16526	232	72	15431	475	0	16210
16527	184	53	364	15644	0	16245
16528	148	44	15569	516	0	16277
16529	139	30	433	15613	0	16215
16530	137	30	176	16044	0	16387
16531	104	31	15664	594	0	16393
16532	113	29	15731	287	0	16160
16533	115	24	485	15851	0	16475
16534	15750	17	210	538	0	16515
16535	445	40	15670	254	0	16409
16536	201	15612	425	237	0	16475
16537	152	341	16140	188	0	16821
16538	16097	109	470	162	0	16838
16539	476	82	195	16267	0	17020
16540	16386	58	149	477	0	17070
16541	16661	32	113	262	0	17068
16542	597	25	90	16430	0	17142
16543	269	29	16169	523	0	16990
16544	227	25	426	16132	0	16810
16545	180	32	149	16343	0	16704
16546	15678	30	136	616	0	16460
16547	471	15944	110	320	0	16845
16548	217	359	92	16132	0	16800
16549	163	117	15744	538	0	16562
16550	15395	83	424	278	0	16180
16551	479	15580	159	236	0	16454
16552	236	376	139	15799	0	16550
16553	203	118	111	15965	0	16397
16554	154	88	101	16193	0	16536
16555	15614	62	103	646	0	16425
16556	15990	47	67	377	0	16481
16557	605	37	69	15875	0	16586
16558	297	36	15555	554	0	16442
16559	217	15625	407	286	0	16535
16560	15716	383	154	264	0	16517
16561	16178	113	135	211	0	16637
16562	626	80	86	15789	0	16581
16563	306	71	79	16241	0	16697
16564	225	55	15974	600	0	16854
16565	183	15996	425	306	0	16910
16566	16304	382	164	248	0	17098
16567	16128	131	130	205	0	16594
16568	557	15861	83	192	0	16693
16569	15837	422	86	170	0	16515
16570	579	148	74	15661	0	16462
16571	261	106	15407	525	0	16299
16572	222	66	404	15557	0	16249
16573	181	50	15336	536	0	16103
16574	14979	51	439	307	0	15776
16575	473	14991	188	231	0	15883
16576	202	345	98	13930	0	14575
16577	126	113	13742	417	0	14398
16578	130	65	13092	160	0	13447
16579	12418	96	334	159	0	13007
16580	301	12373	141	128	0	12943
16581	10778	177	211	76	0	11242
16582	10549	51	81	53	0	10734
16583	10578	35	38	69	0	10720
16584	244	53	51	10341	0	10689
16585	98	27	10211	192	0	10528
16586	78	10108	139	69	0	10394
16587	95	217	77	10048	0	10437
16588	59	59	10048	180	0	10346
16589	40	23	9208	63	0	9334
16590	39	30	140	9160	0	9369
16591	32	20	9059	139	0	9250
16592	8811	15	122	59	0	9007
16593	127	16	47	9031	0	9221
16594	55	15	25	9292	0	9387
16595	9165	17	28	155	0	9365
16596	124	9006	29	54	0	9213
16597	9377	102	26	43	0	9548
16598	126	36	27	9283	0	9472
16599	63	28	18	9396	0	9505
16600	46	22	20	9447	0	9535
16601	54	12	22	9283	0	9371
16602	9122	11	20	158	0	9311
16603	125	18	9022	72	0	9237
16604	47	8898	110	52	0	9107
16605	33	93	39	8974	0	9139
16606	8609	32	21	125	0	8787
16607	8959	15	24	60	0	9058
16608	126	8919	27	35	0	9107
16609	8795	94	20	38	0	8947
16610	107	8778	16	42	0	8943
16611	50	9114	26	27	0	9217
16612	39	116	20	9191	0	9366
16613	31	43	9260	114	0	9448
16614	34	54	90	9044	0	9222
16615	8901	27	38	123	0	9089
16616	106	8700	20	76	0	8902
16617	49	96	17	8770	0	8932
16618	25	38	9169	123	0	9355
16619	9229	17	96	71	0	9413
16620	9572	23	43	39	0	9677
16621	9616	15	9	44	0	9684
16622	146	18	9282	19	0	9465
16623	8994	19	92	30	0	9135
16624	104	9161	31	34	0	9330
16625	49	92	19	8874	0	9034
16626	33	9087	22	77	0	9219
16627	9199	87	22	56	0	9364
16628	8842	39	13	40	0	8934
16629	110	21	9244	26	0	9401
16630	44	9213	82	30	0	9369
16631	25	96	40	9270	0	9431
16632	37	30	12	9336	0	9415
16633	17	15	24	9273	0	9329
16634	35	10	22	9407	0	9474
16635	42	20	11	9600	0	9673
16636	24	19	9283	141	0	9467
16637	27	9083	106	52	0	9268
16638	9029	109	32	41	0	9211
16639	124	39	9193	29	0	9385
16640	48	9328	110	30	0	9516
16641	9408	107	40	26	0	9581
16642	128	38	9783	25	0	9974
16643	9503	18	133	35	0	9689
16644	9451	29	38	39	0	9557
16645	9714	15	13	50	0	9792
16646	167	9747	23	25	0	9962
16647	46	132	9569	24	0	9771
16648	31	9817	128	31	0	10007
16649	67	145	49	8499	0	8760
16650	25	9897	13	101	0	10036
16651	9929	133	13	53	0	10128
16652	10383	36	15	41	0	10475
16653	10221	28	10	45	0	10304
16654	186	12	10373	29	0	10600
16655	79	10853	140	26	0	11098
16656	46	170	50	11781	0	12047
16657	12441	57	23	203	0	12724
16658	228	12332	19	71	0	12650
16659	86	218	16	12319	0	12639
16660	47	88	12491	215	0	12841
16661	12400	30	224	99	0	12753
16662	252	22	13131	34	0	13439
16663	114	18	13367	22	0	13521
16664	12672	16	316	32	0	13036
16665	283	16	12938	22	0	13259
16666	12427	17	262	30	0	12736
16667	269	12496	112	26	0	12903
16668	12929	220	51	36	0	13236
16669	299	92	30	12972	0	13393
16670	130	45	34	12968	0	13177
16671	84	27	29	13352	0	13492
16672	13165	17	29	359	0	13570
16673	13142	18	33	156	0	13349
16674	13235	19	30	70	0	13354
16675	363	12830	24	42	0	13259
16676	182	229	26	12937	0	13374
16677	95	101	12841	239	0	13276
16678	78	48	229	12505	0	12860
16679	54	12427	110	278	0	12869
16680	67	232	48	12594	0	12941
16681	70	106	26	12796	0	12998
16682	12633	48	30	355	0	13066
16683	289	47	25	12699	0	13060
16684	131	38	12545	316	0	13030
16685	83	34	12353	141	0	12611
16686	88	21	319	12552	0	12980
16687	12538	26	138	283	0	12985
16688	291	30	78	12480	0	12879
16689	153	35	43	12828	0	13059
16690	84	31	12556	365	0	13036
16691	73	12537	252	193	0	13055
16692	71	248	110	12756	0	13185
16693	12547	104	85	308	0	13044
16694	276	12532	43	154	0	13005
16695	163	250	38	12679	0	13130
16696	96	109	12614	309	0	13128
16697	81	63	254	12481	0	12879
16698	12304	38	125	334	0	12801
16699	282	12159	87	170	0	12698
16700	133	242	12356	111	0	12842
16701	110	123	243	12347	0	12823
16702	85	81	12524	290	0	12980
16703	12268	43	286	187	0	12784
16704	12527	50	143	127	0	12847
16705	367	48	12408	106	0	12929
16706	202	40	268	12351	0	12861
16707	119	41	12659	296	0	13115
16708	101	12534	302	172	0	13109
16709	99	272	161	12732	0	13264
16710	79	115	12723	311	0	13228
16711	91	103	303	12079	0	12576
16712	102	12392	149	285	0	12928
16713	93	264	105	12513	0	12975
16714	77	119	12430	353	0	12979
16715	11993	57	292	194	0	12536
16716	295	12368	148	134	0	12945
16717	12603	260	85	128	0	13076
16718	336	130	12235	92	0	12793
16719	12068	75	281	112	0	12536
16720	334	64	12173	111	0	12682
16721	12120	59	321	101	0	12601
16722	12611	51	158	114	0	12934
16723	407	41	100	12442	0	12990
16724	220	52	92	12804	0	13168
16725	12700	66	78	389	0	13233
16726	320	12780	69	232	0	13401
16727	12925	279	79	163	0	13446
16728	376	125	94	12790	0	13385
16729	203	12649	90	341	0	13283
16730	167	271	91	13012	0	13541
16731	135	127	64	13370	0	13696
16732	113	65	84	13225	0	13487
16733	98	12901	79	461	0	13539
16734	12923	259	56	249	0	13487
16735	317	134	78	12989	0	13518
16736	173	74	12738	359	0	13344
16737	129	66	12444	212	0	12851
16738	106	62	12644	174	0	12986
16739	12581	55	358	165	0	13159
16740	12737	40	182	133	0	13092
16741	371	57	12463	117	0	13008
16742	218	56	241	11779	0	12294
16743	130	51	136	12075	0	12392
16744	96	49	12316	354	0	12815
16745	73	44	12234	226	0	12577
16746	79	42	318	12406	0	12845
16747	12384	43	177	298	0	12902
16748	12102	35	104	184	0	12425
16749	12118	31	80	149	0	12378
16750	354	11787	75	142	0	12358
16751	182	12010	74	105	0	12371
16752	103	263	77	11791	0	12234
16753	11696	95	73	266	0	12130
16754	229	67	11379	157	0	11832
16755	10514	51	179	116	0	10860
16756	203	9957	83	87	0	10330
16757	72	9440	32	49	0	9593
16758	9378	131	58	34	0	9601
16759	133	9237	23	28	0	9421
16760	48	9042	26	29	0	9145
16761	8809	175	151	84	0	9219
16762	75	8799	21	22	0	8917
16763	21	55	11	8619	0	8706
16764	17	27	8	8636	0	8688
16765	8632	8	5	84	0	8729
16766	8586	10	9	36	0	8641
16767	67	8668	4	30	0	8769
16768	25	8720	9	14	0	8768
16769	19	65	8632	6	0	8722
16770	8724	31	63	19	0	8837
16771	9133	11	20	21	0	9185
16772	9340	6	13	12	0	9371
16773	95	9	9	9402	0	9515
16774	47	4	3	9711	0	9765
16775	9828	6	5	103	0	9942
16776	100	4	7	9890	0	10001
16777	34	6	9980	102	0	10122
16778	25	9	81	9955	0	10070
16779	23	10264	23	92	0	10402
16780	17	89	12	10435	0	10553
16781	12	31	13	10663	0	10719
16782	19	15	2	10679	0	10715
16783	10577	11	3	145	0	10736
16784	94	10488	7	55	0	10644
16785	39	92	10	10652	0	10793
16786	23	33	10656	98	0	10810
16787	20	23	10227	41	0	10311
16788	32	10	109	10452	0	10603
16789	18	4	35	10515	0	10572
16790	10341	7	27	131	0	10506
16791	116	11	7	10126	0	10260
16792	36	10121	3	126	0	10286
16793	26	94	10292	43	0	10455
16794	19	39	96	10406	0	10560
16795	10	22	10524	111	0	10667
16796	22	13	97	10487	0	10619
16797	10482	8	33	123	0	10646
16798	10524	7	20	53	0	10604
16799	126	10481	18	27	0	10652
16800	57	95	9	10492	0	10653
16801	10761	23	11	109	0	10904
16802	10821	19	17	54	0	10911
16803	10929	11	16	42	0	10998
16804	10936	5	10	39	0	10990
16805	10815	7	8	35	0	10865
16806	144	10638	20	16	0	10818
16807	10559	82	8	35	0	10684
16808	101	41	10512	18	0	10672
16809	52	13	87	10517	0	10669
16810	10626	12	23	116	0	10777
16811	10620	7	17	54	0	10698
16812	10563	6	7	39	0	10615
16813	130	19	10460	25	0	10634
16814	67	11	79	10527	0	10684
16815	10782	17	30	106	0	10935
16816	92	10744	20	47	0	10903
16817	11053	88	14	49	0	11204
16818	10857	28	10	45	0	10940
16819	10921	20	12	19	0	10972
16820	140	13	9	10971	0	11133
16821	11054	16	7	122	0	11199
16822	122	19	10844	45	0	11030
16823	53	16	10739	37	0	10845
16824	10756	15	112	38	0	10921
16825	107	9	10877	30	0	11023
16826	10371	7	77	30	0	10485
16827	100	16	10752	23	0	10891
16828	50	30	80	10527	0	10687
16829	10462	6	29	110	0	10607
16830	95	10078	23	45	0	10241
16831	10394	70	13	42	0	10519
16832	98	10109	10	23	0	10240
16833	44	10608	8	29	0	10689
16834	41	83	9	10768	0	10901
16835	36	28	13	10812	0	10889
16836	24	15	11	10809	0	10859
16837	20	11	10689	113	0	10833
16838	10455	7	81	61	0	10604
16839	11111	9	24	44	0	11188
16840	11188	6	15	43	0	11252
16841	11216	11	14	30	0	11271
16842	11232	6	16	30	0	11284
16843	132	9	10570	35	0	10746
16844	64	10	10925	15	0	11014
16845	47	10	113	11212	0	11382
16846	40	10	11129	112	0	11291
16847	11319	5	110	59	0	11493
16848	156	11896	29	33	0	12114
16849	60	132	18	12521	0	12731
16850	12658	37	10	177	0	12882
16851	194	24	13	12924	0	13155
16852	74	8	12935	189	0	13206
16853	58	14	12968	61	0	13101
16854	48	8	203	13398	0	13657
16855	41	11	13469	185	0	13706
16856	13224	5	193	71	0	13493
16857	210	7	67	13478	0	13762
16858	85	16	13492	189	0	13782
16859	47	13487	191	64	0	13789
16860	59	162	67	13807	0	14095
16861	43	54	13934	201	0	14232
16862	42	34	206	13496	0	13778
16863	50	12	56	13847	0	13965
16864	34	17	13927	267	0	14245
16865	36	13	209	13851	0	14109
16866	59	9	77	13563	0	13708
16867	48	7	40	13954	0	14049
16868	13546	12	22	305	0	13885
16869	222	13394	24	103	0	13743
16870	80	13586	17	63	0	13746
16871	56	223	13175	40	0	13494
16872	12574	62	192	52	0	12880
16873	198	31	12905	32	0	13166
16874	63	25	12747	27	0	12862
16875	47	31	202	12485	0	12765
16876	12567	10	67	187	0	12831
16877	166	12604	30	68	0	12868
16878	12485	158	25	58	0	12726
16879	12395	51	20	40	0	12506
16880	198	12476	12	23	0	12709
16881	12424	160	33	35	0	12652
16882	12423	45	31	40	0	12539
16883	207	12575	15	22	0	12819
16884	84	168	18	12649	0	12919
16885	61	56	18	13022	0	13157
16886	13224	22	20	216	0	13482
16887	191	13446	21	87	0	13745
16888	13765	197	10	52	0	14024
16889	13910	49	23	46	0	14028
16890	14531	30	15	40	0	14616
16891	296	20	11	14397	0	14724
16892	108	18	13	14784	0	14923
16893	14613	9	14	287	0	14923
16894	14916	18	12	108	0	15054
16895	15026	21	11	64	0	15122
16896	328	5	17	15275	0	15625
16897	109	13	15396	261	0	15779
16898	72	25	231	15696	0	16024
16899	60	8	76	16718	0	16862
16900	43	17	16329	346	0	16735
16901	45	18	17300	125	0	17488
16902	53	10	392	17506	0	17961
16903	34	19	17516	374	0	17943
16904	17717	8	359	169	0	18253
16905	363	17	142	17967	0	18489
16906	156	17	72	18403	0	18648
16907	18417	4	49	496	0	18966
16908	389	12	53	18420	0	18874
16909	171	14	45	18707	0	18937
16910	96	4	39	18823	0	18962
16911	83	14	37	18889	0	19023
16912	63	19	18254	546	0	18882
16913	73	15	332	18528	0	18948
16914	51	15	18097	469	0	18632
16915	57	18375	378	211	0	19021
16916	59	349	123	18396	0	18927
16917	38	121	18001	451	0	18611
16918	17244	53	380	234	0	17911
16919	373	17838	151	133	0	18495
16920	17998	342	90	123	0	18553
16921	430	125	71	17549	0	18175
16922	164	17529	54	381	0	18128
16923	17613	361	48	201	0	18223
16924	382	17751	46	129	0	18308
16925	17971	393	45	102	0	18511
16926	449	161	41	17877	0	18528
16927	17998	87	34	420	0	18539
16928	420	18102	46	194	0	18762
16929	18305	388	36	123	0	18852
16930	448	162	18018	97	0	18725
16931	229	78	367	18158	0	18832
16932	18065	54	147	450	0	18716
16933	18411	47	71	214	0	18743
16934	558	38	53	18054	0	18703
16935	242	48	17920	427	0	18637
16936	152	16982	358	222	0	17714
16937	117	18101	146	141	0	18505
16938	18184	460	131	140	0	18915
16939	447	146	62	17981	0	18636
16940	205	73	65	18306	0	18649
16941	17937	42	64	567	0	18610
16942	18023	50	72	286	0	18431
16943	519	51	17737	149	0	18456
16944	240	60	362	17604	0	18266
16945	143	52	17279	457	0	17931
16946	119	17158	371	243	0	17891
16947	16605	296	152	213	0	17266
16948	337	16486	82	172	0	17077
16949	168	16539	79	136	0	16922
16950	236	376	88	16251	0	16951
16951	15924	137	76	386	0	16523
16952	307	15861	70	222	0	16460
16953	15724	311	63	168	0	16266
16954	337	15478	60	143	0	16018
16955	183	327	60	15595	0	16165
16956	15509	149	62	368	0	16088
16957	349	100	15555	203	0	16207
16958	199	109	290	15477	0	16075
16959	150	77	15327	366	0	15920
16960	139	14455	296	220	0	15110
16961	110	15225	144	161	0	15640
16962	14868	373	81	176	0	15498
16963	318	15041	91	137	0	15587
16964	15043	309	71	159	0	15582
16965	15304	152	84	162	0	15702
16966	391	111	14858	131	0	15491
16967	14908	105	261	126	0	15400
16968	359	118	15275	107	0	15859
16969	233	15283	290	132	0	15938
16970	15510	304	137	124	0	16075
16971	363	15350	79	123	0	15915
16972	253	302	80	15569	0	16204
16973	15616	138	89	341	0	16184
16974	395	93	73	15543	0	16104
16975	215	100	15673	363	0	16351
16976	179	92	295	15570	0	16136
16977	129	123	134	15860	0	16246
16978	15689	102	69	449	0	16309
16979	371	108	15524	207	0	16210
16980	15713	101	285	160	0	16259
16981	16385	63	124	151	0	16723
16982	507	74	97	16139	0	16817
16983	266	81	73	16245	0	16665
16984	15877	84	64	475	0	16500
16985	430	15796	86	214	0	16526
16986	250	321	61	15551	0	16183
16987	178	155	15145	318	0	15796
16988	164	98	14302	200	0	14764
16989	118	14994	330	170	0	15612
16990	176	307	145	14519	0	15147
16991	138	178	74	14684	0	15074
16992	14303	123	67	399	0	14892
16993	346	107	63	14208	0	14724
16994	13749	67	67	347	0	14230
16995	343	13352	78	175	0	13948
16996	184	13035	45	118	0	13382
16997	135	13472	42	117	0	13766
16998	13107	300	102	117	0	13626
16999	12287	131	75	115	0	12608
17000	338	11939	44	70	0	12391
17001	10880	128	32	36	0	11076
17002	131	10723	12	36	0	10902
17003	65	131	14	10506	0	10716
17004	38	10493	12	113	0	10656
17005	10520	143	28	57	0	10748
17006	10535	51	10	37	0	10633
17007	156	37	12	10169	0	10374
17008	10192	27	11	126	0	10356
17009	146	18	6	10127	0	10297
17010	56	10227	18	140	0	10441
17011	48	154	11	10276	0	10489
17012	45	10274	13	112	0	10444
17013	10179	114	12	64	0	10369
17014	130	50	9903	36	0	10119
17015	9597	19	77	45	0	9738
17016	115	23	31	9877	0	10046
17017	54	19	9760	103	0	9936
17018	9505	21	83	68	0	9677
17019	106	27	10174	35	0	10342
17020	60	24	86	10149	0	10319
17021	45	18	45	10350	0	10458
17022	38	19	17	10358	0	10432
17023	37	14	18	10526	0	10595
17024	32	10279	19	169	0	10499
17025	34	118	19	11051	0	11222
17026	11110	49	14	182	0	11355
17027	143	24	10957	86	0	11210
17028	66	11494	108	53	0	11721
17029	11821	153	40	60	0	12074
17030	12610	70	19	58	0	12757
17031	252	49	21	13595	0	13917
17032	102	49	13571	254	0	13976
17033	86	36	226	13420	0	13768
17034	81	23	98	14241	0	14443
17035	59	26	14021	352	0	14458
17036	57	14526	263	152	0	14998
17037	14970	287	106	96	0	15459
17038	15077	128	45	95	0	15345
17039	15491	64	43	81	0	15679
17040	505	56	33	15138	0	15732
17041	260	31	31	15948	0	16270
17042	16145	33	33	480	0	16691
17043	466	39	31	15633	0	16169
17044	231	15985	23	423	0	16662
17045	16825	341	22	241	0	17429
17046	17026	158	42	173	0	17399
17047	18135	72	34	157	0	18398
17048	18304	68	32	148	0	18552
17049	710	39	17207	108	0	18064
17050	353	58	17318	96	0	17825
17051	278	66	508	17307	0	18159
17052	242	47	200	17780	0	18269
17053	192	35	17304	584	0	18115
17054	183	42	17463	272	0	17960
17055	172	31	554	17489	0	18246
17056	17527	36	260	534	0	18357
17057	548	28	162	17329	0	18067
17058	275	48	17288	567	0	18178
17059	223	17505	439	313	0	18480
17060	17862	416	224	204	0	18706
17061	18270	168	167	177	0	18782
17062	18462	83	139	140	0	18824
17063	18486	69	133	165	0	18853
17064	739	55	17497	141	0	18432
17065	379	58	488	17624	0	18549
17066	17833	51	249	549	0	18682
17067	629	48	175	17798	0	18650
17068	384	27	156	17352	0	17919
17069	245	16930	121	695	0	17991
17070	259	411	110	17517	0	18297
17071	17176	185	109	639	0	18109
17072	571	17134	120	348	0	18173
17073	17211	495	84	245	0	18035
17074	636	17093	87	207	0	18023
17075	433	498	79	16343	0	17353
17076	334	16339	92	518	0	17283
17077	305	17193	74	308	0	17880
17078	16889	584	122	236	0	17831
17079	590	261	16574	258	0	17683
17080	361	182	16173	224	0	16940
17081	274	154	15975	259	0	16662
17082	15508	147	570	294	0	16519
17083	514	15703	306	250	0	16773
17084	355	16174	194	225	0	16948
17085	15817	559	133	235	0	16744
17086	624	15540	148	170	0	16482
17087	407	16219	132	174	0	16932
17088	322	639	104	16148	0	17213
17089	321	318	16000	532	0	17171
17090	313	255	16154	327	0	17049
17091	286	244	550	16342	0	17422
17092	16230	190	306	574	0	17300
17093	624	16345	255	307	0	17531
17094	414	474	217	16620	0	17725
17095	338	276	16421	543	0	17578
17096	358	204	16194	316	0	17072
17097	328	196	592	16269	0	17385
17098	16297	214	309	574	0	17394
17099	16586	170	236	362	0	17354
17100	729	177	16079	276	0	17261
17101	16051	179	574	272	0	17076
17102	670	143	16279	296	0	17388
17103	472	101	585	15751	0	16909
17104	360	16071	413	533	0	17377
17105	16618	440	293	388	0	17739
17106	643	250	244	16793	0	17930
17107	486	196	223	16494	0	17399
17108	390	155	225	17232	0	18002
17109	354	124	265	17213	0	17956
17110	326	127	16351	773	0	17577
17111	346	16139	530	481	0	17496
17112	406	426	313	16662	0	17807
17113	16703	236	218	665	0	17822
17114	659	163	264	16711	0	17797
17115	449	152	226	16912	0	17739
17116	326	168	16278	785	0	17557
17117	351	163	15508	538	0	16560
17118	302	15671	579	454	0	17006
17119	279	16252	338	384	0	17253
17120	261	575	249	16275	0	17360
17121	16077	287	175	728	0	17267
17122	569	243	15837	481	0	17130
17123	371	15923	443	378	0	17115
17124	317	512	277	15512	0	16618
17125	258	15693	183	526	0	16660
17126	219	528	165	15221	0	16133
17127	243	15280	140	570	0	16233
17128	225	471	162	14712	0	15570
17129	14219	280	141	525	0	15165
17130	400	13406	160	303	0	14269
17131	177	444	90	12233	0	12944
17132	12005	196	72	366	0	12639
17133	332	11820	65	205	0	12422
17134	138	11063	68	187	0	11456
17135	167	11190	76	161	0	11594
17136	163	273	131	10626	0	11193
17137	63	143	60	10507	0	10773
17138	66	10369	36	225	0	10696
17139	52	242	35	10393	0	10722
17140	83	109	10322	218	0	10732
17141	51	10171	116	83	0	10421
17142	40	516	42	9405	0	10003
17143	63	9849	27	124	0	10063
17144	52	126	9355	72	0	9605
17145	30	9167	83	69	0	9349
17146	8283	103	77	53	0	8516
17147	32	17	4	8185	0	8238
17148	8228	2	2	37	0	8269
17149	18	14	8148	17	0	8197
17150	26	0	23	8277	0	8326
17151	3	4	8370	28	0	8405
17152	15	6	22	8361	0	8404
17153	8659	9	20	41	0	8729
17154	28	3	5	8689	0	8725
17155	8775	3	10	40	0	8828
17156	19	8837	5	24	0	8885
17157	8862	23	3	25	0	8913
17158	31	17	9059	7	0	9114
17159	16	9028	26	9	0	9079
17160	13	23	23	9240	0	9299
17161	21	13	6	9140	0	9180
17162	4	6	8996	34	0	9040
17163	4	8904	18	18	0	8944
17164	9	22	15	9109	0	9155
17165	3	9096	6	29	0	9134
17166	5	18	3	9103	0	9129
17167	2	9031	3	35	0	9071
17168	8963	23	1	29	0	9016
17169	25	18	4	9041	0	9088
17170	14	6	9030	20	0	9070
17171	4	8979	19	15	0	9017
17172	6	9256	10	12	0	9284
17173	6	24	9227	13	0	9270
17174	2	9270	23	4	0	9299
17175	10	16	17	9247	0	9290
17176	4	15	9457	12	0	9488
17177	10	3	13	9330	0	9356
17178	5	5	10	9498	0	9518
17179	5	10	9509	26	0	9550
17180	9075	2	16	28	0	9121
17181	19	2	8	9697	0	9726
17182	13	4	10103	18	0	10138
17183	1	10122	19	17	0	10159
17184	10283	13	13	15	0	10324
17185	14	10226	2	12	0	10254
17186	10	15	3	10395	0	10423
17187	10267	14	1	32	0	10314
17188	24	3	1	10232	0	10260
17189	8	5	10507	21	0	10541
17190	8	1	20	10446	0	10475
17191	9	6	10512	23	0	10550
17192	10114	5	23	37	0	10179
17193	23	2	10496	3	0	10524
17194	10446	6	21	23	0	10496
17195	10569	6	15	22	0	10612
17196	34	7	10566	5	0	10612
17197	11	7	10030	5	0	10053
17198	6	10564	31	7	0	10608
17199	10939	21	9	16	0	10985
17200	28	8	4	11092	0	11132
17201	21	3	6	10962	0	10992
17202	11613	3	3	81	0	11700
17203	11706	3	5	40	0	11754
17204	11785	0	3	27	0	11815
17205	11706	5	4	23	0	11738
17206	40	0	2	11578	0	11620
17207	11687	4	4	43	0	11738
17208	41	1	1	11687	0	11730
17209	20	1	5	11643	0	11669
17210	12	4	2	11780	0	11798
17211	9	6	11623	35	0	11673
17212	6	11287	28	23	0	11344
17213	5	11478	15	12	0	11510
17214	7	35	4	11727	0	11773
17215	11733	10	3	43	0	11789
17216	37	7	2	11649	0	11695
17217	11608	3	2	50	0	11663
17218	34	8	11815	12	0	11869
17219	11534	3	29	30	0	11596
17220	30	1	15	12034	0	12080
17221	12290	3	2	58	0	12353
17222	12147	1	6	40	0	12194
17223	12223	6	1	35	0	12265
17224	51	5	6	12190	0	12252
17225	18	11	12074	30	0	12133
17226	16	8	30	12118	0	12172
17227	12351	7	16	52	0	12426
17228	49	9	13343	22	0	13423
17229	28	5	51	14136	0	14220
17230	14601	2	17	107	0	14727
17231	77	5	14736	25	0	14843
17232	15303	4	72	31	0	15410
17233	15940	3	16	51	0	16010
17234	118	8	5	16130	0	16261
17235	40	3	14	16352	0	16409
17236	16354	8	3	143	0	16508
17237	125	2	3	16768	0	16898
17238	16648	0	11	170	0	16829
17239	120	16656	11	56	0	16843
17240	40	16896	7	33	0	16976
17241	30	131	8	16892	0	17061
17242	22	42	17227	129	0	17420
17243	14	17101	128	49	0	17292
17244	16939	139	36	60	0	17174
17245	138	16766	23	33	0	16960
17246	32	140	16808	9	0	16989
17247	48	44	129	16716	0	16937
17248	14	40	17051	140	0	17245
17249	11	17306	139	43	0	17499
17250	25	135	34	17390	0	17584
17251	8	17194	24	130	0	17356
17252	16	142	17246	29	0	17433
17253	26	38	137	17041	0	17242
17254	12	29	17259	137	0	17437
17255	40	14	145	17088	0	17287
17256	17107	17	39	163	0	17326
17257	142	18	16847	39	0	17046
17258	15914	8	138	80	0	16140
17259	152	18	16427	24	0	16621
17260	49	11	143	16387	0	16590
17261	36	6	17116	151	0	17309
17262	39	17	155	17079	0	17290
17263	28	10	43	17326	0	17407
17264	46	11	31	16967	0	17055
17265	24	7	29	17411	0	17471
17266	25	11	17939	187	0	18162
17267	17747	6	149	104	0	18006
17268	168	10	34	19310	0	19522
17269	19550	7	37	199	0	19793
17270	20081	11	28	85	0	20205
17271	20330	9	15	77	0	20431
17272	250	14	20	20522	0	20806
17273	92	16	19	20846	0	20973
17274	45	22480	28	229	0	22782
17275	24432	263	13	116	0	24824
17276	25503	94	23	91	0	25711
17277	25837	55	27	65	0	25984
17278	543	59	25676	47	0	26325
17279	287	24	343	25788	0	26442
17280	166	21	25578	366	0	26131
17281	25455	26	398	167	0	26046
17282	25939	19	167	123	0	26248
17283	531	13	111	25468	0	26123
17284	264	30	78	24919	0	25291
17285	167	25716	66	486	0	26435
17286	26132	353	37	230	0	26752
17287	26148	117	39	183	0	26487
17288	520	25824	48	127	0	26519
17289	26049	387	47	120	0	26603
17290	525	147	40	26021	0	26733
17291	291	88	53	26217	0	26649
17292	26271	75	29	528	0	26903
17293	483	56	25826	229	0	26594
17294	25705	22	352	235	0	26314
17295	26199	43	136	187	0	26565
17296	543	25706	79	134	0	26462
17297	26186	350	69	108	0	26713
17298	530	164	25638	60	0	26392
17299	321	99	347	25791	0	26558
17300	25906	63	138	423	0	26530
17301	508	53	87	25855	0	26503
17302	267	45	24735	467	0	25514
17303	209	27	398	24281	0	24915
17304	151	25844	157	516	0	26668
17305	183	372	93	26740	0	27388
17306	156	134	85	27324	0	27699
17307	155	92	63	26927	0	27237
17308	132	66	54	27313	0	27565
17309	102	70	26558	669	0	27399
17310	146	35	376	26892	0	27449
17311	26718	36	137	639	0	27530
17312	442	26385	113	310	0	27250
17313	233	398	89	27208	0	27928
17314	162	169	27130	532	0	27993
17315	180	103	396	27467	0	28146
17316	27607	74	149	604	0	28434
17317	27763	63	115	329	0	28270
17318	27509	45	91	271	0	27916
17319	705	45	105	27316	0	28171
17320	389	50	26915	529	0	27883
17321	322	26594	419	258	0	27593
17322	27210	398	186	227	0	28021
17323	566	160	131	26947	0	27804
17324	302	119	130	27243	0	27794
17325	263	99	26617	617	0	27596
17326	288	25634	420	322	0	26664
17327	265	26909	177	275	0	27626
17328	272	569	167	25662	0	26670
17329	196	239	24941	544	0	25920
17330	23530	143	419	330	0	24422
17331	520	164	22819	225	0	23728
17332	22817	127	351	244	0	23539
17333	553	23846	180	204	0	24783
17334	311	348	23599	200	0	24458
17335	23082	168	384	216	0	23850
17336	520	23313	194	159	0	24186
17337	24064	379	134	161	0	24738
17338	526	206	23947	126	0	24805
17339	354	24006	382	137	0	24879
17340	24475	397	175	171	0	25218
17341	541	186	24112	156	0	24995
17342	23963	114	401	161	0	24639
17343	528	124	214	23998	0	24864
17344	24288	106	163	428	0	24985
17345	570	71	146	24229	0	25016
17346	24304	89	119	489	0	25001
17347	528	93	24255	340	0	25216
17348	306	71	395	24581	0	25353
17349	220	79	199	24642	0	25140
17350	210	95	24514	617	0	25436
17351	212	62	405	24964	0	25643
17352	207	19597	356	648	0	20808
17353	136	363	147	27051	0	27697
17354	185	171	144	28406	0	28906
17355	196	108	115	30546	0	30965
17356	164	130	29823	885	0	31002
17357	29172	89	562	527	0	30350
17358	705	63	272	31830	0	32870
17359	334	55	32170	845	0	33404
17360	31695	52	705	485	0	32937
17361	32877	70	299	292	0	33538
17362	33802	89	177	272	0	34340
17363	1106	82	158	33489	0	34835
17364	562	77	155	36601	0	37395
17365	421	87	116	35743	0	36367
17366	288	35551	151	1233	0	37223
17367	35446	786	122	657	0	37011
17368	35215	298	104	499	0	36116
17369	1188	207	130	34844	0	36369
17370	595	153	33649	973	0	35370
17371	427	138	33615	498	0	34678
17372	319	32353	1034	354	0	34060
17373	251	33893	449	352	0	34945
17374	30982	1042	445	418	0	32887
17375	756	30044	153	205	0	31158
17376	29949	700	139	159	0	30947
17377	30083	246	88	157	0	30574
17378	30104	130	77	147	0	30458
17379	1012	106	78	29788	0	30984
17380	503	70	65	31692	0	32330
17381	32091	68	57	983	0	33199
17382	935	71	59	32548	0	33613
17383	383	80	32201	907	0	33571
17384	32570	64	724	407	0	33765
17385	934	87	242	32649	0	33912
17386	441	79	128	33275	0	33923
17387	324	79	80	33766	0	34249
17388	231	86	32395	1161	0	33873
17389	30707	66	772	528	0	32073
17390	914	56	32308	307	0	33585
17391	423	66	879	32297	0	33665
17392	232	93	32713	927	0	33965
17393	280	87	895	32237	0	33499
17394	256	93	346	33210	0	33905
17395	212	83	33209	1176	0	34680
17396	287	105	883	30923	0	32198
17397	247	33197	317	932	0	34693
17398	33539	783	189	491	0	35002
17399	34303	256	149	383	0	35091
17400	1194	121	147	33733	0	35195
17401	492	95	33643	1053	0	35283
17402	324	32181	898	500	0	33903
17403	235	34227	363	368	0	35193
17404	32649	980	227	348	0	34204
17405	986	360	31996	265	0	33607
17406	32113	186	869	335	0	33503
17407	1071	123	354	32189	0	33737
17408	518	90	241	32987	0	33836
17409	31612	108	230	1266	0	33216
17410	981	31629	195	621	0	33426
17411	492	803	32052	410	0	33757
17412	388	297	862	31851	0	33398
17413	288	172	32249	1072	0	33781
17414	257	31837	966	546	0	33606
17415	293	814	435	32377	0	33919
17416	32021	337	267	1120	0	33745
17417	32677	215	230	576	0	33698
17418	1218	221	31798	404	0	33641
17419	584	31875	894	342	0	33695
17420	31931	851	397	340	0	33519
17421	1055	32044	290	319	0	33708
17422	558	938	233	31870	0	33599
17423	31930	405	195	1093	0	33623
17424	1071	285	197	32189	0	33742
17425	552	213	31454	1140	0	33359
17426	451	176	895	32036	0	33558
17427	390	203	31802	1137	0	33532
17428	370	184	999	31851	0	33404
17429	31740	176	448	1210	0	33574
17430	1093	31835	284	611	0	33823
17431	32184	917	268	506	0	33875
17432	1120	389	273	32008	0	33790
17433	569	284	255	32534	0	33642
17434	423	300	27398	1355	0	29476
17435	391	217	31545	653	0	32806
17436	400	31680	1065	481	0	33626
17437	364	911	31515	435	0	33225
17438	29651	367	1111	431	0	31560
17439	1055	30677	501	418	0	32651
17440	517	31570	329	420	0	32836
17441	394	32070	318	366	0	33148
17442	378	1221	245	31466	0	33310
17443	342	535	31582	1103	0	33562
17444	324	31827	986	624	0	33761
17445	357	978	446	29977	0	31758
17446	307	31973	317	1049	0	33646
17447	31466	1041	283	577	0	33367
17448	32118	442	288	470	0	33318
17449	1266	321	256	31418	0	33261
17450	636	270	280	31567	0	32753
17451	29936	238	244	1301	0	31719
17452	1013	29008	239	682	0	30942
17453	468	29236	222	496	0	30422
17454	419	1087	182	27017	0	28705
17455	212	342	25240	835	0	26629
17456	206	25021	682	420	0	26329
17457	23880	677	360	293	0	25210
17458	625	23171	213	298	0	24307
17459	283	23158	181	251	0	23873
17460	22150	744	220	176	0	23290
17461	605	22639	109	194	0	23547
17462	309	625	21777	143	0	22854
17463	224	21740	530	188	0	22682
17464	18826	416	271	116	0	19629
17465	359	18741	90	101	0	19291
17466	18667	387	123	97	0	19274
17467	409	181	45	18507	0	19142
17468	161	113	63	18955	0	19292
17469	124	101	18757	418	0	19400
17470	91	18850	320	191	0	19452
17471	100	337	108	19155	0	19700
17472	19029	137	79	397	0	19642
17473	18944	99	62	173	0	19278
17474	391	18952	59	145	0	19547
17475	180	345	62	18943	0	19530
17476	18856	133	64	378	0	19431
17477	18977	109	72	161	0	19319
17478	435	96	18145	103	0	18779
17479	186	87	16830	92	0	17195
17480	111	83	16753	57	0	17004
17481	80	16349	230	54	0	16713
17482	15733	192	227	58	0	16210
17483	187	15546	56	39	0	15828
17484	15456	191	80	55	0	15782
17485	180	15884	38	42	0	16144
17486	79	195	36	16325	0	16635
17487	16429	74	25	199	0	16727
17488	203	54	16451	49	0	16757
17489	16155	51	158	65	0	16429
17490	16624	38	44	60	0	16766
17491	216	16437	25	48	0	16726
17492	84	16642	22	36	0	16784
17493	17097	179	49	43	0	17368
17494	203	68	17424	32	0	17727
17495	16496	99	175	53	0	16823
17496	16838	42	70	35	0	16985
17497	214	33	25	16558	0	16830
17498	16970	34	22	161	0	17187
17499	197	35	14	17247	0	17493
17500	91	32	15	17616	0	17754
17501	73	27	15	17267	0	17382
17502	52	16054	20	1361	0	17487
17503	17392	139	17	106	0	17654
17504	17558	46	21	62	0	17687
17505	197	29	17	17504	0	17747
17506	93	26	13	17350	0	17482
17507	58	17369	16	189	0	17632
17508	17448	161	15	86	0	17710
17509	180	65	17237	44	0	17526
17510	95	41	140	17358	0	17634
17511	68	40	17050	159	0	17317
17512	69	30	151	17082	0	17332
17513	58	36	17026	172	0	17292
17514	63	29	153	16746	0	16991
17515	16809	32	51	207	0	17099
17516	180	31	16926	79	0	17216
17517	16491	20	163	78	0	16752
17518	185	17254	59	58	0	17556
17519	92	148	44	17613	0	17897
17520	69	55	36	17764	0	17924
17521	18213	36	25	237	0	18511
17522	197	44	29	18780	0	19050
17523	91	42	18946	182	0	19261
17524	18873	37	128	128	0	19166
17525	19673	26	43	114	0	19856
17526	19655	38	23	94	0	19810
17527	19575	19	33	89	0	19716
17528	230	19245	33	63	0	19571
17529	103	127	38	19332	0	19600
17530	19217	40	21	186	0	19464
17531	190	45	20	19006	0	19261
17532	18796	29	18	174	0	19017
17533	183	30	18237	65	0	18515
17534	99	26	17927	52	0	18104
17535	75	175	153	17604	0	18007
17536	60	17813	61	147	0	18081
17537	53	18429	55	69	0	18606
17538	18176	135	44	117	0	18472
17539	144	42	18014	48	0	18248
17540	16724	19	116	77	0	16936
17541	135	17660	46	34	0	17875
17542	17768	104	29	55	0	17956
17543	137	33	23	17590	0	17783
17544	70	35	17840	130	0	18075
17545	76	22	91	17676	0	17865
17546	56	15	37	17759	0	17867
17547	45	17492	32	130	0	17699
17548	53	18026	24	68	0	18171
17549	55	114	25	18091	0	18285
17550	61	18153	24	127	0	18365
17551	61	112	17867	44	0	18084
17552	45	57	17064	50	0	17216
17553	16808	16	132	86	0	17042
17554	17931	31	40	69	0	18071
17555	139	17526	34	52	0	17751
17556	83	108	26	17617	0	17834
17557	63	41	32	17778	0	17914
17558	51	27	17730	132	0	17940
17559	58	19	108	17102	0	17287
17560	33	17288	53	123	0	17497
17561	39	126	16680	65	0	16910
17562	56	50	16353	41	0	16500
17563	58	14382	143	80	0	14663
17564	70	110	16525	41	0	16746
17565	65	40	123	16119	0	16347
17566	117	37	78	14268	0	14500
17567	40	47	16627	140	0	16854
17568	56	41	115	16206	0	16418
17569	32	15729	48	159	0	15968
17570	31	16623	40	78	0	16772
17571	39	127	30	16476	0	16672
17572	38	45	16475	118	0	16676
17573	34	16633	122	64	0	16853
17574	75	156	59	16715	0	17005
17575	41	39	16393	119	0	16592
17576	15161	21	101	89	0	15372
17577	16497	17	35	47	0	16596
17578	16508	20	20	58	0	16606
17579	121	19	16	16128	0	16284
17580	50	18	20	16318	0	16406
17581	33	26	16683	121	0	16863
17582	37	17	104	16460	0	16618
17583	35	24	37	16839	0	16935
17584	28	25	16684	120	0	16857
17585	14034	16	100	105	0	14255
17586	105	15634	38	30	0	15807
17587	15796	88	23	46	0	15953
17588	88	15591	29	36	0	15744
17589	45	90	20	15703	0	15858
17590	29	35	15754	110	0	15928
17591	55	43	92	15233	0	15423
17592	21	30	15456	107	0	15614
17593	12941	18	79	103	0	13141
17594	66	16	14796	22	0	14900
17595	33	14	72	14293	0	14412
17596	16	14	14836	79	0	14945
17597	15	14995	89	40	0	15139
17598	49	73	33	15584	0	15739
17599	51	25	28	15617	0	15721
17600	44	10	18	16552	0	16624
17601	28	17	16537	160	0	16742
17602	26	17	17013	66	0	17122
17603	51	13	168	16867	0	17099
17604	55	9	53	20314	0	20431
17605	32	9	33	21880	0	21954
17606	22366	7	31	513	0	22917
17607	410	8	23	23358	0	23799
17608	158	20	24331	473	0	24982
17609	25306	12	450	215	0	25983
17610	541	23	185	26597	0	27346
17611	27555	17	93	579	0	28244
17612	28330	11	47	277	0	28665
17613	797	11	37	28098	0	28943
17614	28299	7	43	653	0	29002
17615	28679	5	34	337	0	29055
17616	819	12	27872	159	0	28862
17617	354	28155	545	126	0	29180
17618	244	515	225	27610	0	28594
17619	172	214	98	28799	0	29283
17620	28373	82	68	835	0	29358
17621	28244	52	60	392	0	28748
17622	28213	34	49	251	0	28547
17623	889	29	26428	148	0	27494
17624	413	26730	558	125	0	27826
17625	26857	551	237	140	0	27785
17626	698	27043	127	112	0	27980
17627	27331	623	76	127	0	28157
17628	779	248	68	27121	0	28216
17629	27284	136	53	648	0	28121
17630	27638	79	49	321	0	28087
17631	27884	62	51	208	0	28205
17632	982	57	26791	146	0	27976
17633	27634	42	523	147	0	28346
17634	826	27597	204	126	0	28753
17635	28425	561	126	128	0	29240
17636	28841	253	79	134	0	29307
17637	29395	119	62	124	0	29700
17638	1054	86	72	28004	0	29216
17639	539	28414	65	608	0	29626
17640	28708	606	66	309	0	29689
17641	834	270	28303	194	0	29601
17642	473	28591	599	134	0	29797
17643	400	666	237	26747	0	28050
17644	272	28439	142	578	0	29431
17645	28514	725	91	277	0	29607
17646	29480	320	82	196	0	30078
17647	1062	183	75	28877	0	30197
17648	553	136	28345	718	0	29752
17649	350	28468	617	352	0	29787
17650	490	692	282	24668	0	26132
17651	318	312	146	29492	0	30268
17652	322	178	95	30462	0	31057
17653	29923	122	95	1063	0	31203
17654	30386	139	103	509	0	31137
17655	30632	96	78	315	0	31121
17656	30897	114	77	242	0	31330
17657	1244	111	75	30029	0	31459
17658	644	110	30065	822	0	31641
17659	466	97	675	30542	0	31780
17660	415	81	297	30906	0	31699
17661	379	96	163	31093	0	31731
17662	401	93	121	31243	0	31858
17663	30387	101	108	1210	0	31806
17664	973	98	126	30605	0	31802
17665	30445	84	118	1049	0	31696
17666	30871	99	94	622	0	31686
17667	1281	95	29683	411	0	31470
17668	782	88	29231	312	0	30413
17669	547	75	30242	352	0	31216
17670	517	130	979	29539	0	31165
17671	486	87	30059	867	0	31499
17672	449	105	851	29617	0	31022
17673	425	121	404	30061	0	31011
17674	29846	118	228	1198	0	31390
17675	1005	108	183	29526	0	30822
17676	589	29778	186	1047	0	31600
17677	30401	696	149	586	0	31832
17678	1073	30431	149	402	0	32055
17679	635	806	30341	334	0	32116
17680	458	30894	748	288	0	32388
17681	30473	873	349	303	0	31998
17682	1031	423	213	30325	0	31992
17683	664	273	29958	822	0	31717
17684	30097	196	758	508	0	31559
17685	1063	201	359	30235	0	31858
17686	666	172	30166	880	0	31884
17687	547	148	756	30445	0	31896
17688	483	148	381	30839	0	31851
17689	500	137	225	30693	0	31555
17690	435	30244	178	1131	0	31988
17691	30682	736	165	589	0	32172
17692	1068	354	155	30170	0	31747
17693	652	30251	138	904	0	31945
17694	519	773	112	30513	0	31917
17695	401	415	30094	953	0	31863
17696	410	30252	723	528	0	31913
17697	29919	782	359	426	0	31486
17698	30021	415	215	333	0	30984
17699	1114	241	155	29217	0	30727
17700	575	199	151	29525	0	30450
17701	28997	165	145	1083	0	30390
17702	28221	168	113	588	0	29090
17703	1056	28128	131	425	0	29740
17704	25029	485	126	246	0	25886
17705	708	196	23671	180	0	24755
17706	386	113	22961	176	0	23636
17707	192	22096	475	177	0	22940
17708	152	21745	233	119	0	22249
17709	19766	373	468	128	0	20735
17710	300	19630	82	97	0	20109
17711	19052	265	73	78	0	19468
17712	18784	106	51	80	0	19021
17713	18617	56	46	79	0	18798
17714	335	56	43	18326	0	18760
17715	18459	42	41	277	0	18819
17716	312	40	17998	110	0	18460
17717	120	53	17908	81	0	18162
17718	100	17986	269	81	0	18436
17719	97	234	18261	51	0	18643
17720	102	95	257	17851	0	18305
17721	64	58	18233	259	0	18614
17722	81	59	17948	110	0	18198
17723	80	38	280	18080	0	18478
17724	18212	46	116	285	0	18659
17725	18360	51	66	138	0	18615
17726	309	46	18430	76	0	18861
17727	18227	34	242	116	0	18619
17728	261	40	18633	71	0	19005
17729	18607	29	257	102	0	18995
17730	19353	27	108	97	0	19585
17731	337	35	75	19116	0	19563
17732	164	30	45	18675	0	18914
17733	104	18097	58	295	0	18554
17734	91	18751	49	131	0	19022
17735	78	259	56	18285	0	18678
17736	93	95	51	18464	0	18703
17737	17878	57	32	288	0	18255
17738	238	17778	33	116	0	18165
17739	17636	222	31	98	0	17987
17740	235	17719	49	75	0	18078
17741	112	220	17598	51	0	17981
17742	105	114	198	17568	0	17985
17743	17807	60	90	245	0	18202
17744	18345	49	40	135	0	18569
17745	306	18871	46	78	0	19301
17746	131	19199	33	61	0	19424
17747	85	19761	30	69	0	19945
17748	124	393	37	20587	0	21141
17749	66	128	20802	319	0	21315
17750	60	20660	305	108	0	21133
17751	108	335	94	20546	0	21083
17752	95	94	51	20985	0	21225
17753	54	42	20676	368	0	21140
17754	49	44	20441	111	0	20645
17755	20146	33	371	84	0	20634
17756	332	41	21123	39	0	21535
17757	20851	25	334	73	0	21283
17758	20637	28	100	51	0	20816
17759	20783	34	56	69	0	20942
17760	20675	28	39	78	0	20820
17761	418	44	19931	38	0	20431
17762	136	20116	286	50	0	20588
17763	111	288	94	19952	0	20445
17764	69	100	20311	307	0	20787
17765	90	55	317	19811	0	20273
17766	77	17918	155	342	0	18492
17767	100	310	69	20628	0	21107
17768	99	96	50	20824	0	21069
17769	105	52	52	20503	0	20712
17770	20463	41	47	437	0	20988
17771	377	45	48	20453	0	20923
17772	152	34	56	20547	0	20789
17773	127	42	48	20314	0	20531
17774	61	19670	64	410	0	20205
17775	19594	303	45	193	0	20135
17776	330	18794	54	102	0	19280
17777	106	19458	73	85	0	19722
17778	119	361	51	19592	0	20123
17779	103	141	47	19856	0	20147
17780	19728	56	44	464	0	20292
17781	383	47	49	19996	0	20475
17782	20188	47	52	431	0	20718
17783	23334	37	36	202	0	23609
17784	678	45	55	23142	0	23920
17785	304	46	51	23141	0	23542
17786	131	23588	40	713	0	24472
17787	24385	573	47	316	0	25321
17788	612	25155	47	172	0	25986
17789	25213	677	51	136	0	26077
17790	702	255	24587	103	0	25647
17791	24846	144	560	148	0	25698
17792	26102	91	195	145	0	26533
17793	867	75	107	25286	0	26335
17794	330	90	25274	691	0	26385
17795	189	25233	626	320	0	26368
17796	221	669	214	25754	0	26858
17797	138	253	25651	749	0	26791
17798	185	174	678	25465	0	26502
17799	25127	90	248	785	0	26250
17800	768	74	24889	310	0	26041
17801	326	24260	668	208	0	25462
17802	216	25362	262	147	0	25987
17803	278	848	142	22336	0	23604
17804	162	24959	119	563	0	25803
17805	24788	734	120	273	0	25915
17806	25077	279	76	239	0	25671
17807	25198	150	82	193	0	25623
17808	885	127	24043	161	0	25216
17809	24570	103	653	184	0	25510
17810	780	129	234	24399	0	25542
17811	382	106	112	24854	0	25454
17812	231	103	101	25044	0	25479
17813	212	100	85	25006	0	25403
17814	178	104	24141	983	0	25406
17815	168	107	24084	444	0	24803
17816	154	98	24147	289	0	24688
17817	23138	121	827	218	0	24304
17818	738	23523	320	200	0	24781
17819	381	655	152	23458	0	24646
17820	23286	269	108	806	0	24469
17821	712	23478	95	387	0	24672
17822	328	24234	108	266	0	24936
17823	23730	834	108	227	0	24899
17824	24101	314	122	208	0	24745
17825	917	23914	119	190	0	25140
17826	441	699	97	22653	0	23890
17827	294	23648	84	709	0	24735
17828	23612	709	110	345	0	24776
17829	23665	323	87	239	0	24314
17830	23588	229	89	200	0	24106
17831	950	22852	92	169	0	24063
17832	451	678	83	23043	0	24255
17833	291	304	22892	732	0	24219
17834	275	203	629	22839	0	23946
17835	258	191	240	23496	0	24185
17836	228	157	22632	889	0	23906
17837	22430	148	654	377	0	23609
17838	805	137	256	22756	0	23954
17839	392	157	142	22687	0	23378
17840	270	22423	122	851	0	23666
17841	22374	665	116	411	0	23566
17842	771	316	104	21831	0	23022
17843	352	21798	129	764	0	23043
17844	20833	625	121	343	0	21922
17845	691	20610	109	243	0	21653
17846	19710	593	123	225	0	20651
17847	664	265	19366	209	0	20504
17848	287	146	17705	159	0	18297
17849	173	117	17740	144	0	18174
17850	152	17783	660	160	0	18755
17851	217	516	395	16293	0	17421
17852	151	17022	143	441	0	17757
17853	17405	555	97	196	0	18253
17854	549	236	17343	122	0	18250
17855	17141	149	486	126	0	17902
17856	17558	139	220	87	0	18004
17857	689	106	132	17060	0	17987
17858	17368	113	106	475	0	18062
17859	610	98	90	17426	0	18224
17860	265	128	17284	512	0	18189
17861	17052	101	480	265	0	17898
17862	518	17228	220	152	0	18118
17863	291	461	139	17310	0	18201
17864	17370	184	105	506	0	18165
17865	566	149	77	17342	0	18134
17866	301	104	16969	542	0	17916
17867	190	98	456	16812	0	17556
17868	180	16978	192	530	0	17880
17869	17110	472	116	275	0	17973
17870	520	209	94	17074	0	17897
17871	17215	116	78	532	0	17941
17872	586	96	61	17219	0	17962
17873	291	74	83	17034	0	17482
17874	181	16954	82	612	0	17829
17875	16964	461	73	289	0	17787
17876	517	17490	73	194	0	18274
17877	257	487	57	16380	0	17181
17878	145	16560	42	459	0	17206
17879	16392	468	52	221	0	17133
17880	16150	211	51	195	0	16607
17881	16132	120	59	166	0	16477
17882	597	15269	81	127	0	16074
17883	112	12434	29	46	0	12621
17884	12228	222	38	63	0	12551
17885	213	12363	28	60	0	12664
17886	148	324	66	11548	0	12086
17887	72	67	11201	168	0	11508
17888	10294	23	106	79	0	10502
17889	10552	38	30	51	0	10671
17890	10503	20	9	44	0	10576
17891	133	10434	13	21	0	10601
17892	10085	98	8	26	0	10217
17893	123	35	10348	16	0	10522
17894	45	10210	78	25	0	10358
17895	46	132	31	9793	0	10002
17896	23	9816	9	44	0	9892
17897	9528	49	14	17	0	9608
17898	47	9670	1	8	0	9726
17899	16	43	4	9683	0	9746
17900	6	9697	6	38	0	9747
17901	13	42	6	9937	0	9998
17902	16	10	7	9768	0	9801
17903	13	10	9798	47	0	9868
17904	19	9	36	9544	0	9608
17905	9531	9	6	54	0	9600
17906	9522	8	10	21	0	9561
17907	53	10	5	9547	0	9615
17908	20	10	9519	44	0	9593
17909	14	11	41	9393	0	9459
17910	9424	9	10	55	0	9498
17911	9616	9	5	38	0	9668
17912	9735	10	10	22	0	9777
17913	58	10022	4	11	0	10095
17914	10132	48	4	29	0	10213
17915	56	11	10082	12	0	10161
17916	10751	8	51	47	0	10857
17917	65	13	8	11185	0	11271
17918	24	10	13	11246	0	11293
17919	19	8	5	11286	0	11318
17920	11115	12	1	86	0	11214
17921	10938	6	5	34	0	10983
17922	76	5	6	10994	0	11081
17923	23	7	11126	73	0	11229
17924	29	6	62	11063	0	11160
17925	38	4	7	10928	0	10977
17926	22	10	10859	70	0	10961
17927	16	10811	59	32	0	10918
17928	19	65	14	10956	0	11054
17929	11169	11	8	80	0	11268
17930	64	10	14	11246	0	11334
17931	22	14	6	11283	0	11325
17932	11316	8	2	96	0	11422
17933	76	11187	3	26	0	11292
17934	26	11364	4	24	0	11418
17935	11270	69	4	42	0	11385
17936	79	25	11314	8	0	11426
17937	10845	17	62	37	0	10961
17938	70	18	11866	17	0	11971
17939	23	12069	72	22	0	12186
17940	12223	68	13	42	0	12346
17941	12350	9	10	39	0	12408
17942	12364	14	10	33	0	12421
17943	12418	10	4	45	0	12477
17944	89	17	12424	11	0	12541
17945	42	6	65	12222	0	12335
17946	12423	9	11	85	0	12528
17947	86	10	12808	10	0	12914
17948	25	11	12555	9	0	12600
17949	10	12655	62	11	0	12738
17950	12908	53	16	31	0	13008
17951	77	6	17	12874	0	12974
17952	13018	6	6	81	0	13111
17953	63	13212	7	14	0	13296
17954	28	67	4	14145	0	14244
17955	22	7	3	14195	0	14227
17956	31	4	2	14537	0	14574
17957	18	6	14751	115	0	14890
17958	10	14916	96	39	0	15061
17959	15791	99	28	40	0	15958
17960	146	30	14	15811	0	16001
17961	15792	13	12	174	0	15991
17962	15759	12	9	51	0	15831
17963	199	9	7	15713	0	15928
17964	52	16	15861	160	0	16089
17965	54	2	134	15744	0	15934
17966	27	15835	34	149	0	16045
17967	26	130	12	16139	0	16307
17968	19	35	16071	162	0	16287
17969	15925	15	142	69	0	16151
17970	152	10	37	16319	0	16518
17971	16101	15	21	169	0	16306
17972	164	14	15992	51	0	16221
17973	15424	9	144	62	0	15639
17974	177	5	15878	27	0	16087
17975	15262	9	138	58	0	15467
17976	162	15445	34	17	0	15658
17977	51	15836	30	36	0	15953
17978	32	172	25	15932	0	16161
17979	65	47	37	14731	0	14880
17980	33	24	7	16022	0	16086
17981	16012	25	7	208	0	16252
17982	153	16	13	16191	0	16373
17983	52	12	16182	168	0	16414
17984	15625	9	125	105	0	15864
17985	142	16294	40	46	0	16522
17986	16453	136	26	66	0	16681
17987	16316	44	18	55	0	16433
17988	201	20	16395	21	0	16637
17989	85	16	145	16373	0	16619
17990	65	19	48	17280	0	17412
17991	56	20	17500	202	0	17778
17992	31	17438	180	81	0	17730
17993	17220	172	62	74	0	17528
17994	17358	44	22	66	0	17490
17995	242	30	19	17715	0	18006
17996	93	14	27	17765	0	17899
17997	61	19	21	18498	0	18599
17998	18129	21	26	305	0	18481
17999	229	18526	14	106	0	18875
18000	18717	222	15	86	0	19040
18001	18775	53	27	63	0	18918
18002	328	34	19514	42	0	19918
18003	139	23	278	19041	0	19481
18004	75	19884	81	277	0	20317
18005	81	281	36	20288	0	20686
18006	77	89	32	20978	0	21176
18007	71	48	21223	400	0	21742
18008	21637	33	314	183	0	22167
18009	23511	30	107	116	0	23764
18010	24366	28	59	119	0	24572
18011	586	29	40	23954	0	24609
18012	212	44	40	23776	0	24072
18013	132	23390	39	545	0	24106
18014	99	24496	37	200	0	24832
18015	24087	522	42	146	0	24797
18016	509	23614	39	100	0	24262
18017	180	483	23541	75	0	24279
18018	157	167	444	23850	0	24618
18019	24075	79	140	538	0	24832
18020	515	77	23888	190	0	24670
18021	217	74	23718	110	0	24119
18022	24067	50	575	124	0	24816
18023	24412	54	183	115	0	24764
18024	655	54	107	23918	0	24734
18025	245	50	23820	533	0	24648
18026	185	64	483	23907	0	24639
18027	165	87	22403	560	0	23215
18028	132	73	23776	221	0	24202
18029	117	24023	570	163	0	24873
18030	24194	450	219	140	0	25003
18031	24339	158	137	153	0	24787
18032	655	23907	119	137	0	24818
18033	311	527	94	23899	0	24831
18034	211	166	101	24229	0	24707
18035	173	88	98	24593	0	24952
18036	23985	83	93	706	0	24867
18037	555	23881	75	306	0	24817
18038	23470	486	85	208	0	24249
18039	23518	186	86	184	0	23974
18040	686	124	22766	130	0	23706
18041	302	22688	507	133	0	23630
18042	227	515	194	22970	0	23906
18043	194	198	22963	526	0	23881
18044	22619	120	509	259	0	23507
18045	23272	108	205	183	0	23768
18046	23327	90	110	181	0	23708
18047	23052	67	102	164	0	23385
18048	770	63	106	22276	0	23215
18049	333	87	21990	543	0	22953
18050	264	69	494	22050	0	22877
18051	22035	75	202	592	0	22904
18052	21957	66	120	270	0	22413
18053	688	21228	117	183	0	22216
18054	20835	446	103	141	0	21525
18055	633	180	20361	124	0	21298
18056	317	91	20339	128	0	20875
18057	19803	98	588	144	0	20633
18058	586	19690	223	123	0	20622
18059	322	379	121	18384	0	19206
18060	215	18873	100	366	0	19554
18061	194	422	74	19158	0	19848
18062	196	175	77	19402	0	19850
18063	169	95	95	19957	0	20316
18064	19312	93	81	599	0	20085
18065	19915	92	59	252	0	20318
18066	19750	100	84	156	0	20090
18067	619	98	19250	130	0	20097
18068	19490	68	434	126	0	20118
18069	582	67	206	19839	0	20694
18070	296	56	117	20719	0	21188
18071	215	62	20413	618	0	21308
18072	223	71	467	21596	0	22357
18073	22201	65	175	646	0	23087
18074	623	62	22097	284	0	23066
18075	329	51	536	22244	0	23160
18076	22330	47	213	637	0	23227
18077	22390	46	131	290	0	22857
18078	768	60	22000	200	0	23028
18079	367	72	22340	157	0	22936
18080	260	62	646	22520	0	23488
18081	22743	64	267	617	0	23691
18082	23178	70	157	283	0	23688
18083	791	71	109	22120	0	23091
18084	352	22551	112	588	0	23603
18085	22653	481	105	296	0	23535
18086	633	22752	122	243	0	23750
18087	335	518	125	22788	0	23766
18088	243	186	22443	600	0	23472
18089	243	99	21926	261	0	22529
18090	228	78	22076	159	0	22541
18091	226	68	646	21323	0	22263
18092	205	56	274	21881	0	22416
18093	21407	64	166	672	0	22309
18094	550	21206	139	327	0	22222
18095	21207	437	112	231	0	21987
18096	654	171	114	20158	0	21097
18097	294	20250	110	474	0	21128
18098	218	21076	101	215	0	21610
18099	223	556	93	20678	0	21550
18100	20536	199	100	540	0	21375
18101	506	20576	114	263	0	21459
18102	19432	391	99	178	0	20100
18103	479	19770	88	169	0	20506
18104	19430	421	86	138	0	20075
18105	511	185	18955	102	0	19753
18106	259	137	18502	85	0	18983
18107	165	18234	399	88	0	18886
18108	16792	456	386	117	0	17751
18109	314	15810	83	37	0	16244
18110	109	14617	50	59	0	14835
18111	236	303	54	15021	0	15614
18112	14996	109	42	239	0	15386
18113	243	15159	34	106	0	15542
18114	14677	202	39	77	0	14995
18115	237	14634	23	45	0	14939
18116	14343	216	31	42	0	14632
18117	211	14185	31	31	0	14458
18118	85	14391	24	34	0	14534
18119	84	244	31	13867	0	14226
18120	38	14147	25	167	0	14377
18121	14050	203	15	78	0	14346
18122	191	81	13981	43	0	14296
18123	95	62	156	13958	0	14271
18124	58	65	14153	172	0	14448
18125	56	37	184	14058	0	14335
18126	50	39	60	14239	0	14388
18127	52	38	13589	227	0	13906
18128	12547	30	168	150	0	12895
18129	207	13241	75	62	0	13585
18130	13435	173	57	63	0	13728
18131	221	13513	39	61	0	13834
18132	125	195	38	13642	0	14000
18133	13641	83	51	211	0	13986
18134	13714	59	42	99	0	13914
18135	13828	36	40	77	0	13981
18136	280	43	33	13642	0	13998
18137	139	49	35	13644	0	13867
18138	98	14035	30	217	0	14380
18139	14179	194	25	128	0	14526
18140	14358	68	30	85	0	14541
18141	14341	58	45	72	0	14516
18142	14260	57	33	64	0	14414
18143	273	13843	46	63	0	14225
18144	144	189	39	14028	0	14400
18145	92	94	13830	208	0	14224
18146	13640	66	181	114	0	14001
18147	14340	57	58	97	0	14552
18148	299	49	14230	54	0	14632
18149	139	70	14242	55	0	14506
18150	114	64	228	14259	0	14665
18151	75	47	90	14581	0	14793
18152	70	66	58	14859	0	15053
18153	14676	62	43	288	0	15069
18154	246	58	43	14774	0	15121
18155	116	40	14465	276	0	14897
18156	99	64	219	14635	0	15017
18157	80	51	14904	274	0	15309
18158	85	46	229	14947	0	15307
18159	81	53	77	15991	0	16202
18160	73	45	16094	304	0	16516
18161	15162	47	240	171	0	15620
18162	260	16303	88	98	0	16749
18163	16547	268	59	65	0	16939
18164	320	105	30	17003	0	17458
18165	17019	87	31	321	0	17458
18166	337	17680	30	128	0	18175
18167	149	18670	22	101	0	18942
18168	148	606	44	19080	0	19878
18169	100	189	19729	378	0	20396
18170	75	122	19011	144	0	19352
18171	70	19365	469	108	0	20012
18172	17874	350	187	104	0	18515
18173	342	126	99	17736	0	18303
18174	17551	70	65	344	0	18030
18175	350	17313	57	138	0	17858
18176	141	17886	48	101	0	18176
18177	149	425	49	17858	0	18481
18178	17854	173	34	384	0	18445
18179	18036	123	23	158	0	18340
18180	455	91	17630	91	0	18267
18181	186	83	17052	81	0	17402
18182	17129	60	365	86	0	17640
18183	349	17292	154	65	0	17860
18184	17281	322	103	60	0	17766
18185	439	135	59	17049	0	17682
18186	193	89	16721	304	0	17307
18187	16155	54	319	157	0	16685
18188	353	16319	152	75	0	16899
18189	164	16903	98	53	0	17218
18190	177	407	70	16614	0	17268
18191	16822	173	69	354	0	17418
18192	385	100	58	16914	0	17457
18193	17290	88	56	391	0	17825
18194	388	94	16458	152	0	17092
18195	16952	78	266	136	0	17432
18196	17472	60	93	121	0	17746
18197	489	62	16791	78	0	17420
18198	16389	47	296	82	0	16814
18199	425	16277	144	70	0	16916
18200	229	286	97	16173	0	16785
18201	200	16360	69	261	0	16890
18202	16648	347	65	116	0	17176
18203	408	155	63	16204	0	16830
18204	205	16017	63	320	0	16605
18205	161	345	55	16088	0	16649
18206	128	16242	28	366	0	16764
18207	106	384	33	16383	0	16906
18208	16345	170	41	395	0	16951
18209	354	123	29	16386	0	16892
18210	192	99	16094	390	0	16775
18211	15942	98	295	229	0	16564
18212	380	92	119	16245	0	16836
18213	192	73	15853	393	0	16511
18214	162	67	15272	215	0	15716
18215	141	53	16022	150	0	16366
18216	153	40	449	15830	0	16472
18217	127	47	217	16458	0	16849
18218	117	62	152	16424	0	16755
18219	118	49	116	16525	0	16808
18220	16267	59	114	510	0	16950
18221	16586	52	93	271	0	17002
18222	16709	54	64	208	0	17035
18223	16901	61	51	187	0	17200
18224	529	50	53	16500	0	17132
18225	282	63	16615	403	0	17363
18226	16658	58	297	250	0	17263
18227	17352	67	133	163	0	17715
18228	533	65	91	17035	0	17724
18229	301	44	87	17419	0	17851
18230	17464	47	72	498	0	18081
18231	449	45	70	16862	0	17426
18232	238	16830	89	454	0	17611
18233	17205	308	72	253	0	17838
18234	17109	139	64	199	0	17511
18235	509	91	17340	166	0	18106
18236	282	73	344	17427	0	18126
18237	221	67	165	17933	0	18386
18238	17695	60	116	511	0	18382
18239	17912	62	91	272	0	18337
18240	574	52	63	17743	0	18432
18241	310	48	17512	437	0	18307
18242	232	41	17569	258	0	18100
18243	218	47	409	17847	0	18521
18244	215	57	181	18059	0	18512
18245	17730	43	126	523	0	18422
18246	429	17283	107	265	0	18084
18247	259	17050	89	205	0	17603
18248	170	17737	104	169	0	18180
18249	189	423	101	17481	0	18194
18250	17457	184	64	428	0	18133
18251	17441	129	44	242	0	17856
18252	503	17296	32	173	0	18004
18253	17461	347	34	142	0	17984
18254	445	181	39	17263	0	17928
18255	241	119	17242	385	0	17987
18256	225	93	299	16955	0	17572
18257	200	57	135	17153	0	17545
18258	197	62	91	16963	0	17313
18259	16070	40	65	496	0	16671
18260	352	106	60	15447	0	15965
18261	208	15309	68	404	0	15989
18262	14911	247	139	251	0	15548
18263	317	14517	53	194	0	15081
18264	154	13860	45	151	0	14210
18265	131	14210	59	114	0	14514
18266	122	213	12863	93	0	13291
18267	64	12274	175	89	0	12602
18268	88	133	11162	50	0	11433
18269	10157	52	95	49	0	10353
18270	10356	12	21	38	0	10427
18271	72	8	10503	31	0	10614
18272	10407	12	55	52	0	10526
18273	10806	6	19	42	0	10873
18274	78	13	10804	19	0	10914
18275	33	11064	52	28	0	11177
18276	39	67	23	11122	0	11251
18277	11212	15	14	81	0	11322
18278	65	17	9	11066	0	11157
18279	11454	15	10	86	0	11565
18280	11366	13	3	42	0	11424
18281	77	14	11340	22	0	11453
18282	11169	14	52	47	0	11282
18283	75	11617	17	23	0	11732
18284	11773	57	10	34	0	11874
18285	81	18	8	11832	0	11939
18286	39	14	11850	67	0	11970
18287	37	9	58	11784	0	11888
18288	11793	8	20	85	0	11906
18289	66	11761	14	53	0	11894
18290	32	62	11803	36	0	11933
18291	47	23	54	11450	0	11574
18292	34	16	11783	72	0	11905
18293	28	11702	60	38	0	11828
18294	11711	56	29	55	0	11851
18295	90	20	11	11746	0	11867
18296	48	26	11766	66	0	11906
18297	39	35	11189	30	0	11293
18298	11959	21	76	43	0	12099
18299	99	21	32	12050	0	12202
18300	40	16	21	12127	0	12204
18301	33	18	12162	85	0	12298
18302	35	15	12001	52	0	12103
18303	38	12504	82	32	0	12656
18304	52	76	31	12628	0	12787
18305	47	31	27	12571	0	12676
18306	28	12540	17	101	0	12686
18307	28	79	12493	46	0	12646
18308	12312	29	84	43	0	12468
18309	104	18	31	12818	0	12971
18310	44	18	12957	106	0	13125
18311	47	22	89	12566	0	12724
18312	30	13017	42	99	0	13188
18313	34	90	13033	45	0	13202
18314	12578	31	103	55	0	12767
18315	119	30	13283	24	0	13456
18316	47	18	13001	29	0	13095
18317	35	27	12791	26	0	12879
18318	25	16	13819	30	0	13890
18319	42	23	141	14088	0	14294
18320	38	17	14714	141	0	14910
18321	41	23	145	14330	0	14539
18322	22	14693	42	148	0	14905
18323	15526	145	29	69	0	15769
18324	187	42	26	15798	0	16053
18325	60	25	15608	189	0	15882
18326	33	15599	185	86	0	15903
18327	48	170	55	15799	0	16072
18328	15710	50	45	208	0	16013
18329	190	15798	28	59	0	16075
18330	73	188	23	16083	0	16367
18331	16181	52	34	214	0	16481
18332	195	30	16159	68	0	16452
18333	16014	22	187	60	0	16283
18334	201	27	16461	27	0	16716
18335	15590	24	183	34	0	15831
18336	15704	8	58	43	0	15813
18337	221	8	15433	19	0	15681
18338	62	15247	154	21	0	15484
18339	65	195	67	14805	0	15132
18340	28	51	15605	176	0	15860
18341	46	47	171	15083	0	15347
18342	46	18	56	15358	0	15478
18343	14	14	15517	220	0	15765
18344	17	14	15389	73	0	15493
18345	30	7	211	15494	0	15742
18346	15743	6	74	202	0	16025
18347	187	15429	35	70	0	15721
18348	61	15754	30	38	0	15883
18349	15755	197	23	65	0	16040
18350	16138	66	29	56	0	16289
18351	233	39	21	16127	0	16420
18352	100	29	12	16225	0	16366
18353	52	17	17	16382	0	16468
18354	16048	20	14	260	0	16342
18355	183	15497	18	104	0	15802
18356	68	15951	20	66	0	16105
18357	44	212	32	16033	0	16321
18358	41	61	19	16402	0	16523
18359	41	36	26	16434	0	16537
18360	16236	22	26	261	0	16545
18361	182	16487	22	99	0	16790
18362	16713	190	26	74	0	17003
18363	230	67	16743	38	0	17078
18364	76	16973	208	44	0	17301
18365	56	207	73	16964	0	17300
18366	16905	70	50	272	0	17297
18367	241	46	16976	87	0	17350
18368	91	46	16996	55	0	17188
18369	62	23	288	17169	0	17542
18370	51	24	94	17479	0	17648
18371	36	33	51	17392	0	17512
18372	54	27	40	16818	0	16939
18373	47	25	33	16938	0	17043
18374	36	16481	28	347	0	16892
18375	56	214	29	16591	0	16890
18376	16307	66	35	319	0	16727
18377	228	16521	32	127	0	16908
18378	16529	241	31	111	0	16912
18379	281	88	16129	67	0	16565
18380	104	57	16387	54	0	16602
18381	78	45	289	17162	0	17574
18382	57	28	19362	303	0	19750
18383	69	34	399	19172	0	19674
18384	91	32	152	18949	0	19224
18385	19678	30	85	532	0	20325
18386	19619	35	56	239	0	19949
18387	483	19980	50	128	0	20641
18388	211	20881	59	78	0	21229
18389	137	527	38	20803	0	21505
18390	20942	213	44	482	0	21681
18391	457	104	21088	198	0	21847
18392	199	53	441	21121	0	21814
18393	146	54	174	21396	0	21770
18394	88	55	21027	605	0	21775
18395	63	20922	463	294	0	21742
18396	96	440	175	20724	0	21435
18397	55	183	21246	516	0	22000
18398	87	92	441	21012	0	21632
18399	20341	55	192	579	0	21167
18400	417	20294	139	266	0	21116
18401	196	20777	84	160	0	21217
18402	137	528	68	20619	0	21352
18403	20236	235	79	506	0	21056
18404	432	20432	85	257	0	21206
18405	20671	458	70	206	0	21405
18406	516	205	20610	161	0	21492
18407	239	119	21098	149	0	21605
18408	194	88	582	20597	0	21461
18409	160	78	245	21667	0	22150
18410	21113	105	144	688	0	22050
18411	564	106	84	21276	0	22030
18412	256	105	20925	619	0	21905
18413	201	109	459	20827	0	21596
18414	156	101	199	21392	0	21848
18415	114	90	20467	716	0	21387
18416	19700	89	497	365	0	20651
18417	528	103	221	20495	0	21347
18418	19622	69	160	580	0	20431
18419	478	18876	121	313	0	19788
18420	18690	406	109	273	0	19478
18421	468	18389	110	216	0	19183
18422	220	18708	117	184	0	19229
18423	278	528	166	17581	0	18553
18424	17480	224	158	457	0	18319
18425	17680	149	77	249	0	18155
18426	520	110	66	17388	0	18084
18427	17384	119	52	478	0	18033
18428	17499	120	66	246	0	17931
18429	566	107	69	17274	0	18016
18430	16663	102	95	465	0	17325
18431	460	16883	111	268	0	17722
18432	16902	381	101	233	0	17617
18433	480	166	15950	203	0	16799
18434	17073	76	318	232	0	17699
18435	481	60	163	17306	0	18010
18436	283	50	120	17567	0	18020
18437	204	77	97	17589	0	17967
18438	172	98	89	17481	0	17840
18439	140	97	96	17403	0	17736
18440	146	16016	104	609	0	16875
18441	151	17015	98	342	0	17606
18442	16919	429	84	255	0	17687
18443	461	204	16744	198	0	17607
18444	16564	155	349	221	0	17289
18445	495	139	16740	192	0	17566
18446	278	153	386	16576	0	17393
18447	220	142	158	17216	0	17736
18448	16800	115	102	578	0	17595
18449	511	126	16756	290	0	17683
18450	342	119	361	16917	0	17739
18451	265	94	17295	477	0	18131
18452	235	17684	406	291	0	18616
18453	247	388	172	18166	0	18973
18454	18239	163	103	547	0	19052
18455	17771	128	99	312	0	18310
18456	18315	91	87	260	0	18753
18457	614	17901	124	224	0	18863
18458	305	18543	121	219	0	19188
18459	16953	495	112	286	0	17846
18460	466	18235	80	249	0	19030
18461	246	18205	89	267	0	18807
18462	217	485	17730	242	0	18674
18463	146	17371	363	249	0	18129
18464	139	17629	158	210	0	18136
18465	162	503	111	17612	0	18388
18466	151	266	17579	437	0	18433
18467	157	167	17032	226	0	17582
18468	16753	122	469	210	0	17554
18469	467	124	17274	142	0	18007
18470	17508	109	425	162	0	18204
18471	495	93	211	17460	0	18259
18472	286	17649	141	429	0	18505
18473	18282	385	124	257	0	19048
18474	18873	172	109	251	0	19405
18475	552	116	112	18826	0	19606
18476	335	113	102	18987	0	19537
18477	264	78	102	19073	0	19517
18478	18616	82	84	590	0	19372
18479	17129	106	66	351	0	17652
18480	18543	112	60	236	0	18951
18481	544	17293	44	174	0	18055
18482	15271	201	29	89	0	15590
18483	268	14921	28	77	0	15294
18484	138	15063	29	60	0	15290
18485	141	388	59	14275	0	14863
18486	61	14460	41	193	0	14755
18487	13944	173	41	75	0	14233
18488	192	63	17	13781	0	14053
18489	13504	31	19	170	0	13724
18490	159	13070	13	55	0	13297
18491	54	13419	16	41	0	13530
18492	13733	162	12	54	0	13961
18493	179	14013	20	26	0	14238
18494	85	156	22	14160	0	14423
18495	78	49	25	14314	0	14466
18496	14312	31	14	218	0	14575
18497	190	19	17	14438	0	14664
18498	67	28	14672	200	0	14967
18499	55	26	177	14770	0	15028
18500	15054	27	42	223	0	15346
18501	207	15382	27	67	0	15683
18502	15987	203	18	55	0	16263
18503	15417	71	24	68	0	15580
18504	16137	36	15	52	0	16240
18505	281	30	15753	43	0	16107
18506	93	39	15201	24	0	15357
18507	15101	25	206	43	0	15375
18508	217	15228	63	45	0	15553
18509	83	209	30	15528	0	15850
18510	50	78	22	15497	0	15647
18511	51	14869	23	228	0	15171
18512	32	15398	28	72	0	15530
18513	55	247	16	15444	0	15762
18514	37	75	20	15624	0	15756
18515	42	42	15251	267	0	15602
18516	39	40	14563	87	0	14729
18517	14972	34	235	81	0	15322
18518	15723	28	70	62	0	15883
18519	278	29	45	15577	0	15929
18520	94	33	15535	236	0	15898
18521	73	34	223	15398	0	15728
18522	15377	28	63	263	0	15731
18523	252	35	15276	87	0	15650
18524	101	21	226	15456	0	15804
18525	67	32	15457	239	0	15795
18526	56	15241	224	105	0	15626
18527	64	216	15442	60	0	15782
18528	83	96	229	15182	0	15590
18529	15422	51	87	251	0	15811
18530	239	38	44	15604	0	15925
18531	15476	35	37	267	0	15815
18532	15718	31	24	116	0	15889
18533	15452	28	33	90	0	15603
18534	284	32	15086	59	0	15461
18535	15152	31	208	57	0	15448
18536	288	31	58	15203	0	15580
18537	112	32	34	15385	0	15563
18538	67	28	15150	275	0	15520
18539	84	49	207	15250	0	15590
18540	15338	41	77	258	0	15714
18541	242	15481	48	109	0	15880
18542	15860	200	33	90	0	16183
18543	16026	65	28	91	0	16210
18544	16210	44	44	72	0	16370
18545	313	32	36	16003	0	16384
18546	134	26	16055	250	0	16465
18547	91	34	223	16170	0	16518
18548	88	16	67	16403	0	16574
18549	16237	20	57	311	0	16625
18550	15877	33	29	129	0	16068
18551	310	25	15424	67	0	15826
18552	131	48	219	15500	0	15898
18553	95	19	15618	287	0	16019
18554	15923	24	274	127	0	16348
18555	321	17119	89	95	0	17624
18556	17248	301	62	78	0	17689
18557	371	17558	47	59	0	18035
18558	17482	349	41	66	0	17938
18559	385	17505	44	56	0	17990
18560	192	364	36	17454	0	18046
18561	142	125	30	17990	0	18287
18562	17840	70	38	429	0	18377
18563	17810	52	27	192	0	18081
18564	17979	39	39	109	0	18166
18565	17292	40	26	121	0	17479
18566	17759	33	34	67	0	17893
18567	540	33	31	17174	0	17778
18568	230	17166	37	355	0	17788
18569	188	328	35	16856	0	17407
18570	114	16827	25	390	0	17356
18571	140	357	27	16435	0	16959
18572	114	16602	31	376	0	17123
18573	116	358	27	16452	0	16953
18574	95	124	15885	396	0	16500
18575	15424	75	317	174	0	15990
18576	383	15830	105	126	0	16444
18577	15946	347	68	105	0	16466
18578	434	126	15858	82	0	16500
18579	15737	86	312	89	0	16224
18580	429	61	16504	82	0	17076
18581	210	55	370	16433	0	17068
18582	126	17394	140	382	0	18042
18583	119	366	17557	146	0	18188
18584	122	147	403	17679	0	18351
18585	16874	93	164	451	0	17582
18586	446	72	97	17914	0	18529
18587	205	44	78	18242	0	18569
18588	170	47	55	18394	0	18666
18589	120	49	17772	588	0	18529
18590	112	53	388	17481	0	18034
18591	98	17231	138	519	0	17986
18592	99	363	106	17390	0	17958
18593	115	133	66	17524	0	17838
18594	17055	89	50	565	0	17759
18595	442	61	44	17446	0	17993
18596	196	47	17234	514	0	17991
18597	146	44	17189	254	0	17633
18598	114	30	17082	182	0	17408
18599	82	16931	496	145	0	17654
18600	16608	375	306	131	0	17420
18601	371	16450	131	122	0	17074
18602	16208	385	94	109	0	16796
18603	447	171	66	15994	0	16678
18604	206	110	16257	384	0	16957
18605	144	94	15900	189	0	16327
18606	96	16416	462	151	0	17125
18607	105	402	210	16417	0	17134
18608	98	167	134	16794	0	17193
18609	94	117	79	16992	0	17282
18610	79	80	16538	594	0	17291
18611	15664	73	409	317	0	16463
18612	441	61	16579	206	0	17287
18613	231	68	451	16311	0	17061
18614	189	61	207	16995	0	17452
18615	131	74	16479	577	0	17261
18616	15812	67	423	331	0	16633
18617	435	16492	189	250	0	17366
18618	16579	409	145	182	0	17315
18619	508	182	115	16188	0	16993
18620	224	16442	86	479	0	17231
18621	177	441	67	16759	0	17444
18622	16647	177	85	578	0	17487
18623	494	110	73	16702	0	17379
18624	242	98	16275	553	0	17168
18625	16096	68	418	308	0	16890
18626	16601	72	194	221	0	17088
18627	578	78	16152	183	0	16991
18628	287	86	443	16188	0	17004
18629	16491	87	206	532	0	17316
18630	534	82	136	16293	0	17045
18631	251	80	110	16389	0	16830
18632	208	78	95	16400	0	16781
18633	165	51	107	16508	0	16831
18634	141	67	15833	690	0	16731
18635	137	65	453	15986	0	16641
18636	142	79	15805	616	0	16642
18637	15549	51	504	341	0	16445
18638	16036	66	240	242	0	16584
18639	15992	56	173	204	0	16425
18640	16000	67	124	208	0	16399
18641	682	59	112	15317	0	16170
18642	15064	54	109	557	0	15784
18643	560	52	14826	300	0	15738
18644	274	45	14713	267	0	15299
18645	14308	42	526	224	0	15100
18646	478	14120	271	198	0	15067
18647	247	14399	190	180	0	15016
18648	224	477	150	14177	0	15028
18649	155	204	14098	486	0	14943
18650	13629	146	410	289	0	14474
18651	472	94	14049	238	0	14853
18652	239	13212	418	187	0	14056
18653	215	301	13100	173	0	13789
18654	144	12289	353	151	0	12937
18655	11109	322	296	145	0	11872
18656	297	10947	125	124	0	11493
18657	164	10683	95	101	0	11043
18658	159	287	74	10571	0	11091
18659	111	147	10489	278	0	11025
18660	107	97	231	10224	0	10659
18661	91	56	144	10481	0	10772
18662	82	60	10189	381	0	10712
18663	100	31	295	9919	0	10345
18664	96	9759	142	303	0	10300
18665	94	216	109	10292	0	10711
18666	10253	125	93	316	0	10787
18667	292	70	86	10347	0	10795
18668	162	68	10245	328	0	10803
18669	133	54	246	10429	0	10862
18670	93	48	10318	340	0	10799
18671	10227	61	278	188	0	10754
18672	273	49	148	10461	0	10931
18673	10493	50	119	317	0	10979
18674	308	47	10425	196	0	10976
18675	10015	44	243	163	0	10465
18676	309	10565	138	123	0	11135
18677	170	223	10670	124	0	11187
18678	144	189	264	10384	0	10981
18679	110	66	10745	283	0	11204
18680	98	10050	261	165	0	10574
18681	90	10422	149	154	0	10815
18682	9368	216	105	96	0	9785
18683	211	9744	43	95	0	10093
18684	9866	205	63	86	0	10220
18685	282	96	56	9917	0	10351
18686	114	50	9811	231	0	10206
18687	89	9989	198	132	0	10408
18688	81	215	116	10026	0	10438
18689	89	89	69	10456	0	10703
18690	73	57	49	10668	0	10847
18691	82	49	52	10443	0	10626
18692	63	9950	50	326	0	10389
18693	67	10389	45	150	0	10651
18694	9972	248	44	89	0	10353
18695	200	9891	39	66	0	10196
18696	99	194	34	9566	0	9893
18697	54	89	9494	211	0	9848
18698	48	9461	189	92	0	9790
18699	46	192	75	9355	0	9668
18700	62	103	43	9325	0	9533
18701	32	9341	28	241	0	9642
18702	9109	188	31	104	0	9432
18703	192	83	9064	56	0	9395
18704	8514	28	150	47	0	8739
18705	166	8884	58	39	0	9147
18706	8440	137	21	35	0	8633
18707	136	8742	21	26	0	8925
18708	71	154	16	9075	0	9316
18709	32	62	8	9255	0	9357
18710	9108	26	14	200	0	9348
18711	149	29	14	9198	0	9390
18712	63	26	9096	154	0	9339
18713	23	8764	129	65	0	8981
18714	23	9023	40	27	0	9113
18715	26	169	21	8926	0	9142
18716	25	57	9018	122	0	9222
18717	31	40	113	8877	0	9061
18718	29	25	44	9052	0	9150
18719	15	20	8860	173	0	9068
18720	26	18	8604	74	0	8722
18721	12	8867	139	45	0	9063
18722	8951	112	59	57	0	9179
18723	122	62	22	8876	0	9082
18724	56	8621	21	121	0	8819
18725	8936	126	17	86	0	9165
18726	123	61	23	8964	0	9171
18727	56	38	20	8963	0	9077
18728	21	8832	11	183	0	9047
18729	19	124	24	8819	0	8986
18730	8853	53	23	155	0	9084
18731	119	44	17	8985	0	9165
18732	78	26	15	9049	0	9168
18733	25	33	8854	179	0	9091
18734	30	31	8368	93	0	8522
18735	8793	34	160	48	0	9035
18736	140	21	58	8879	0	9098
18737	66	29	20	8945	0	9060
18738	43	34	19	9003	0	9099
18739	27	35	8793	206	0	9061
18740	8733	23	122	104	0	8982
18741	126	32	59	8830	0	9047
18742	74	20	27	8928	0	9049
18743	8705	33	27	209	0	8974
18744	132	8686	35	102	0	8955
18745	70	118	8671	74	0	8933
18746	32	64	126	8442	0	8664
18747	26	8562	61	157	0	8806
18748	34	120	41	8767	0	8962
18749	8644	64	30	173	0	8911
18750	144	36	27	8663	0	8870
18751	8565	28	16	187	0	8796
18752	8524	31	30	110	0	8695
18753	186	30	21	8356	0	8593
18754	86	8188	23	158	0	8455
18755	33	8476	29	103	0	8641
18756	42	164	8463	62	0	8731
18757	41	88	121	8057	0	8307
18758	33	36	67	8514	0	8650
18759	41	37	30	8666	0	8774
18760	8492	34	19	226	0	8771
18761	147	22	20	8583	0	8772
18762	80	35	8560	166	0	8841
18763	8569	18	122	121	0	8830
18764	145	35	59	8934	0	9173
18765	84	18	34	9110	0	9246
18766	35	25	8959	215	0	9234
18767	8744	29	134	112	0	9019
18768	157	23	52	9031	0	9263
18769	69	25	9173	196	0	9463
18770	48	22	139	9178	0	9387
18771	60	18	75	8727	0	8880
18772	37	9220	37	192	0	9486
18773	9174	118	34	108	0	9434
18774	9071	58	20	102	0	9251
18775	175	8994	19	76	0	9264
18776	8770	125	35	67	0	8997
18777	8652	39	25	66	0	8782
18778	182	23	22	8614	0	8841
18779	65	18	8248	162	0	8493
18780	54	15	7854	90	0	8013
18781	39	13	7835	62	0	7949
18782	27	24	8047	46	0	8144
18783	60	99	145	7589	0	7893
18784	32	8	64	7918	0	8022
18785	25	17	25	7850	0	7917
18786	40	17	11	7969	0	8037
18787	7910	12	11	163	0	8096
18788	120	8036	19	65	0	8240
18789	8173	87	7	56	0	8323
18790	120	29	8207	32	0	8388
18791	43	16	8522	31	0	8612
18792	42	38	124	8722	0	8926
18793	8846	10	94	143	0	9093
18794	8648	6	39	58	0	8751
18795	142	8618	22	34	0	8816
18796	45	8874	18	37	0	8974
18797	43	127	19	8922	0	9111
18798	8890	37	16	134	0	9077
18799	111	8997	12	61	0	9181
18800	9106	100	8	47	0	9261
18801	9173	44	8	35	0	9260
18802	9195	26	6	31	0	9258
18803	146	23	9135	19	0	9323
18804	63	9233	101	19	0	9416
18805	9121	97	34	32	0	9284
18806	9060	36	22	31	0	9149
18807	140	8654	11	23	0	8828
18808	45	8423	5	9	0	8482
18809	8467	104	18	12	0	8601
18810	100	39	8	8460	0	8607
18811	35	15	8411	90	0	8551
18812	8210	10	83	43	0	8346
18813	106	14	22	8501	0	8643
18814	33	8714	9	86	0	8842
18815	35	85	2	8887	0	9009
18816	23	27	8941	100	0	9091
18817	27	20	89	8860	0	8996
18818	9262	11	21	111	0	9405
18819	112	8	12	9334	0	9466
18820	41	9	8	9430	0	9488
18821	21	12	9658	119	0	9810
18822	31	14	93	9406	0	9544
18823	16	9662	25	103	0	9806
18824	9717	82	14	47	0	9860
18825	9524	26	13	38	0	9601
18826	115	22	9706	19	0	9862
18827	56	19	87	9428	0	9590
18828	27	9446	20	103	0	9596
18829	13	9754	20	36	0	9823
18830	9711	111	16	26	0	9864
18831	108	34	8	9830	0	9980
18832	37	16	9789	109	0	9951
18833	31	12	9669	40	0	9752
18834	27	10	114	9868	0	10019
18835	9821	9	40	116	0	9986
18836	9815	16	20	44	0	9895
18837	139	14	11	10159	0	10323
18838	53	14	10273	105	0	10445
18839	31	10291	102	38	0	10462
18840	10373	94	36	41	0	10544
18841	108	10462	25	23	0	10618
18842	10544	112	13	42	0	10711
18843	125	36	13	10562	0	10736
18844	45	25	10562	113	0	10745
18845	40	18	102	10475	0	10635
18846	10579	18	31	127	0	10755
18847	117	21	10550	40	0	10728
18848	46	10562	110	39	0	10757
18849	44	102	26	10672	0	10844
18850	10748	25	27	130	0	10930
18851	113	22	10762	47	0	10944
18852	48	19	108	10846	0	11021
18853	50	14	32	11068	0	11164
18854	37	23	11038	128	0	11226
18855	39	19	109	10906	0	11073
18856	34	16	10946	134	0	11130
18857	10709	18	120	59	0	10906
18858	133	20	33	11398	0	11584
18859	59	19	11926	122	0	12126
18860	38	12091	132	47	0	12308
18861	12425	126	46	60	0	12657
18862	13242	40	31	53	0	13366
18863	198	32	14	14038	0	14282
18864	72	14246	22	182	0	14522
18865	14389	196	25	70	0	14680
18866	228	55	16	14432	0	14731
18867	77	45	14395	214	0	14731
18868	13955	34	185	93	0	14267
18869	225	14164	58	64	0	14511
18870	96	199	55	14313	0	14663
18871	14324	51	22	253	0	14650
18872	221	49	14127	70	0	14467
18873	77	40	14246	56	0	14419
18874	87	32	231	14170	0	14520
18875	60	22	14542	218	0	14842
18876	75	14	235	14286	0	14610
18877	31	14030	91	239	0	14391
18878	47	201	65	14844	0	15157
18879	14724	60	41	269	0	15094
18880	212	48	14685	108	0	15053
18881	76	14687	204	90	0	15057
18882	80	202	62	14590	0	14934
18883	52	71	14866	221	0	15210
18884	60	93	195	14181	0	14529
18885	37	14377	74	212	0	14700
18886	32	14770	63	73	0	14938
18887	14370	191	47	93	0	14701
18888	155	14457	44	38	0	14694
18889	51	189	13972	48	0	14260
18890	13140	85	198	54	0	13477
18891	165	63	13779	27	0	14034
18892	75	44	161	13085	0	13365
18893	57	27	13688	145	0	13917
18894	41	13645	168	54	0	13908
18895	40	135	67	13730	0	13972
18896	31	42	60	13689	0	13822
18897	43	35	35	13575	0	13688
18898	19	35	13565	188	0	13807
18899	32	30	135	13319	0	13516
18900	20	31	44	13637	0	13732
18901	13312	23	46	227	0	13608
18902	13322	19	40	100	0	13481
18903	166	28	13333	72	0	13599
18904	68	13081	146	59	0	13354
18905	66	136	13378	39	0	13619
18906	54	44	169	13452	0	13719
18907	33	41	13720	166	0	13960
18908	39	31	176	13509	0	13755
18909	40	28	65	13841	0	13974
18910	14	21	13739	203	0	13977
18911	12702	22	167	126	0	13017
18912	145	13762	58	86	0	14051
18913	60	139	52	13935	0	14186
18914	46	44	14120	171	0	14381
18915	46	44	13605	81	0	13776
18916	13364	41	178	71	0	13654
18917	146	13881	82	47	0	14156
18918	58	135	56	13921	0	14170
18919	14164	42	58	175	0	14439
18920	175	34	46	14229	0	14484
18921	69	36	33	14389	0	14527
18922	55	36	14354	208	0	14653
18923	13732	21	148	131	0	14032
18924	14491	23	69	102	0	14685
18925	200	22	66	14505	0	14793
18926	14519	19	46	206	0	14790
18927	210	29	51	14476	0	14766
18928	98	14052	41	225	0	14416
18929	80	14730	42	94	0	14946
18930	74	214	33	14904	0	15225
18931	14718	77	29	222	0	15046
18932	172	64	32	14804	0	15072
18933	14934	38	30	235	0	15237
18934	15078	43	27	112	0	15260
18935	226	23	32	15132	0	15413
18936	134	13	23	15389	0	15559
18937	88	26	14948	238	0	15300
18938	99	26	15002	103	0	15230
18939	91	23	210	15206	0	15530
18940	29	29	15836	242	0	16136
18941	15718	17	245	130	0	16110
18942	220	14	99	16542	0	16875
18943	61	32	17057	260	0	17410
18944	16748	18	264	142	0	17172
18945	18044	19	102	121	0	18286
18946	354	18610	69	80	0	19113
18947	181	259	48	18966	0	19454
18948	114	97	19355	278	0	19844
18949	19259	68	280	148	0	19755
18950	19912	30	106	125	0	20173
18951	369	49	19852	66	0	20336
18952	19949	15	287	102	0	20353
18953	384	22	126	19914	0	20446
18954	169	22	90	20188	0	20469
18955	20033	20	68	377	0	20498
18956	20124	17	54	192	0	20387
18957	417	81	44	19809	0	20351
18958	200	18	19586	338	0	20142
18959	133	19028	253	146	0	19560
18960	131	222	19083	96	0	19532
18961	115	89	18785	73	0	19062
18962	77	18229	340	90	0	18736
18963	142	207	229	16892	0	17470
18964	73	79	81	17169	0	17402
18965	39	47	17014	247	0	17347
18966	63	18	201	16794	0	17076
18967	16988	23	83	272	0	17366
18968	207	17	17141	119	0	17484
18969	17071	10	199	119	0	17399
18970	17495	14	103	76	0	17688
18971	17612	17	62	82	0	17773
18972	340	15	17260	47	0	17662
18973	169	20	17200	37	0	17426
18974	131	31	243	17107	0	17512
18975	104	23	120	16664	0	16911
18976	53	17300	86	236	0	17675
18977	17262	181	69	139	0	17651
18978	17233	62	48	117	0	17460
18979	278	17228	51	65	0	17622
18980	17201	192	39	96	0	17528
18981	262	17069	36	72	0	17439
18982	17238	215	50	83	0	17586
18983	292	79	43	16836	0	17250
18984	139	74	16906	210	0	17329
18985	112	35	16679	112	0	16938
18986	99	35	255	16617	0	17006
18987	90	27	133	16836	0	17086
18988	54	42	16698	285	0	17079
18989	74	24	244	16412	0	16754
18990	84	31	132	16214	0	16461
18991	16538	23	74	326	0	16961
18992	16681	26	56	180	0	16943
18993	16351	35	63	123	0	16572
18994	330	25	16027	85	0	16467
18995	176	15993	208	72	0	16449
18996	145	182	96	16212	0	16635
18997	102	74	16438	213	0	16827
18998	98	16394	233	107	0	16832
18999	16639	201	127	121	0	17088
19000	268	80	91	16703	0	17142
19001	154	58	72	16887	0	17171
19002	16758	35	67	308	0	17168
19003	262	41	54	16712	0	17069
19004	168	36	49	16804	0	17057
19005	16737	29	44	354	0	17164
19006	274	45	16471	160	0	16950
19007	139	16270	226	135	0	16770
19008	16337	212	107	120	0	16776
19009	270	98	16506	77	0	16951
19010	16210	71	245	97	0	16623
19011	281	16782	136	83	0	17282
19012	16567	216	97	124	0	17004
19013	16612	82	81	111	0	16886
19014	16293	57	72	119	0	16541
19015	374	49	61	15999	0	16483
19016	194	106	60	15939	0	16299
19017	153	15664	53	317	0	16187
19018	115	15753	86	153	0	16107
19019	120	15800	60	107	0	16087
19020	15733	250	37	113	0	16133
19021	255	100	15492	66	0	15913
19022	158	63	212	15301	0	15734
19023	120	52	104	15383	0	15659
19024	84	15373	72	282	0	15811
19025	94	213	59	15506	0	15872
19026	97	97	51	15299	0	15544
19027	87	15420	47	274	0	15828
19028	15285	215	62	161	0	15723
19029	231	15377	37	107	0	15752
19030	120	228	15187	73	0	15608
19031	14898	92	195	127	0	15312
19032	236	15271	76	85	0	15668
19033	15140	185	63	88	0	15476
19034	253	79	54	15106	0	15492
19035	141	52	61	15030	0	15284
19036	103	54	14862	256	0	15275
19037	98	45	14683	117	0	14943
19038	103	85	204	14759	0	15151
19039	14718	35	110	212	0	15075
19040	14396	30	62	108	0	14596
19041	269	14551	44	71	0	14935
19042	118	14237	35	41	0	14431
19043	58	14239	31	39	0	14367
19044	293	364	145	13665	0	14467
19045	13621	41	162	218	0	14042
19046	13819	21	7	76	0	13923
19047	13800	12	8	52	0	13872
19048	238	25	13496	18	0	13777
19049	52	15581	208	26	0	15867
19050	61	211	44	17144	0	17460
19051	17321	48	19	308	0	17696
19052	340	22	16	17609	0	17987
19053	121	17	4	18305	0	18447
19054	18211	13	20	398	0	18642
19055	19298	30	17	114	0	19459
19056	444	29	19318	48	0	19839
19057	150	23	367	19367	0	19907
19058	66	21	19240	389	0	19716
19059	96	25	368	19209	0	19698
19060	51	28	19099	419	0	19597
19061	89	46	388	19005	0	19528
19062	18689	18	112	453	0	19272
19063	395	18593	48	140	0	19176
19064	113	19442	42	80	0	19677
19065	133	460	31	17793	0	18417
19066	59	19593	32	346	0	20030
19067	19524	407	45	118	0	20094
19068	19350	123	37	93	0	19603
19069	500	47	18853	62	0	19462
19070	146	18793	391	55	0	19385
19071	102	376	110	18979	0	19567
19072	56	117	18947	409	0	19529
19073	18825	49	401	153	0	19428
19074	472	72	123	18917	0	19584
19075	153	40	18977	422	0	19592
19076	90	36	413	18996	0	19535
19077	18990	37	117	456	0	19600
19078	440	35	18835	142	0	19452
19079	18779	28	416	99	0	19322
19080	19320	32	127	82	0	19561
19081	563	34	51	18942	0	19590
19082	159	44	18798	429	0	19430
19083	85	34	18725	149	0	18993
19084	18529	27	492	102	0	19150
19085	19107	27	146	95	0	19375
19086	547	32	18763	69	0	19411
19087	214	28	442	18747	0	19431
19088	144	20	151	18511	0	18826
19089	101	18829	81	509	0	19520
19090	114	398	87	18942	0	19541
19091	18945	119	61	506	0	19631
19092	490	34	50	18985	0	19559
19093	176	47	18743	473	0	19439
19094	18525	30	443	205	0	19203
19095	504	35	142	18622	0	19303
19096	186	50	18545	475	0	19256
19097	99	18264	443	184	0	18990
19098	17854	406	148	140	0	18548
19099	441	18380	94	128	0	19043
19100	18340	442	75	130	0	18987
19101	514	143	18071	111	0	18839
19102	213	17366	439	123	0	18141
19103	124	18327	170	133	0	18754
19104	166	518	103	17832	0	18619
19105	143	161	91	18302	0	18697
19106	127	75	17852	584	0	18638
19107	149	71	450	17991	0	18661
19108	17798	65	187	546	0	18596
19109	484	69	17569	241	0	18363
19110	229	75	470	17550	0	18324
19111	132	62	17428	529	0	18151
19112	17017	74	478	233	0	17802
19113	481	17395	210	151	0	18237
19114	17390	456	118	170	0	18134
19115	17997	166	96	159	0	18418
19116	18133	80	113	150	0	18476
19117	622	88	17375	123	0	18208
19118	280	17416	456	138	0	18290
19119	191	446	196	17566	0	18399
19120	143	182	122	18428	0	18875
19121	18552	88	122	622	0	19384
19122	592	77	118	18742	0	19529
19123	18867	72	127	596	0	19662
19124	19014	75	162	286	0	19537
19125	19156	68	114	196	0	19534
19126	19224	75	120	165	0	19584
19127	769	74	100	18544	0	19487
19128	18650	56	103	578	0	19387
19129	641	87	17949	234	0	18911
19130	18106	64	516	172	0	18858
19131	18651	65	195	159	0	19070
19132	762	58	17714	322	0	18856
19133	18088	69	521	137	0	18815
19134	18663	60	203	159	0	19085
19135	754	49	131	18011	0	18945
19136	348	56	133	18333	0	18870
19137	17636	246	108	687	0	18677
19138	637	50	108	17687	0	18482
19139	330	38	105	17464	0	17937
19140	224	16773	106	645	0	17748
19141	210	375	105	16643	0	17333
19142	16307	97	99	537	0	17040
19143	567	74	81	16108	0	16830
19144	266	45	86	15689	0	16086
19145	162	14839	97	575	0	15673
19146	214	339	75	14370	0	14998
19147	210	137	71	14260	0	14678
19148	13599	59	58	476	0	14192
19149	410	145	48	10945	0	11548
19150	152	31	9607	285	0	10075
19151	73	8907	201	166	0	9347
19152	74	8864	80	82	0	9100
19153	8398	236	67	80	0	8781
19154	218	8460	43	71	0	8792
19155	7488	138	94	55	0	7775
19156	171	7437	26	39	0	7673
19157	7532	140	27	52	0	7751
19158	179	59	6	7545	0	7789
19159	93	35	4	7608	0	7740
19160	55	7573	8	191	0	7827
19161	68	146	10	7704	0	7928
19162	41	49	7694	171	0	7955
19163	7423	24	119	92	0	7658
19164	155	8020	44	49	0	8268
19165	7844	144	23	52	0	8063
19166	7905	47	19	27	0	7998
19167	7993	38	11	28	0	8070
19168	220	23	12	7754	0	8009
19169	114	20	8	7748	0	7890
19170	61	7756	12	201	0	8030
19171	7792	147	4	92	0	8035
19172	176	7841	3	49	0	8069
19173	7841	160	7	48	0	8056
19174	192	53	7974	45	0	8264
19175	8324	34	159	47	0	8564
19176	225	35	42	8413	0	8715
19177	92	20	8406	200	0	8718
19178	71	20	8432	69	0	8592
19179	60	19	221	8442	0	8742
19180	45	18	8495	210	0	8768
19181	51	20	210	8373	0	8654
19182	8159	12	68	233	0	8472
19183	220	13	42	8232	0	8507
19184	87	14	8102	228	0	8431
19185	65	7839	184	101	0	8189
19186	44	8173	63	70	0	8350
19187	54	220	56	7940	0	8270
19188	7983	84	42	204	0	8313
19189	210	54	17	7996	0	8277
19190	96	24	15	8182	0	8317
19191	90	25	19	8256	0	8390
19192	49	25	21	8310	0	8405
19193	48	25	8108	283	0	8464
19194	49	13	8001	130	0	8193
19195	8044	15	229	100	0	8388
19196	8241	13	90	63	0	8407
19197	247	23	47	8134	0	8451
19198	130	17	30	8314	0	8491
19199	74	15	8065	262	0	8416
19200	63	8087	183	111	0	8444
19201	8076	185	59	92	0	8412
19202	8231	64	53	67	0	8415
19203	258	51	30	8088	0	8427
19204	121	37	8100	224	0	8482
19205	88	29	175	7996	0	8288
19206	62	8073	62	232	0	8429
19207	57	183	8141	104	0	8485
19208	8114	65	191	87	0	8457
19209	207	45	71	8256	0	8579
19210	8315	33	52	228	0	8628
19211	236	31	8066	91	0	8424
19212	8147	25	184	90	0	8446
19213	245	27	73	8109	0	8454
19214	8049	16	56	235	0	8356
19215	242	25	37	7842	0	8146
19216	99	7534	31	252	0	7916
19217	73	7859	31	112	0	8075
19218	81	236	40	7603	0	7960
19219	50	76	7455	181	0	7762
19220	40	7291	158	78	0	7567
19221	108	148	71	6805	0	7132
19222	6640	44	46	155	0	6885
19223	6684	33	30	68	0	6815
19224	163	19	20	6624	0	6826
19225	72	23	18	6623	0	6736
19226	60	6349	21	160	0	6590
19227	37	6647	22	82	0	6788
19228	6584	138	15	72	0	6809
19229	131	54	20	6564	0	6769
19230	56	38	19	6625	0	6738
19231	42	30	6504	183	0	6759
19232	40	14	127	6447	0	6628
19233	48	15	50	6479	0	6592
19234	36	20	34	6562	0	6652
19235	31	16	6474	204	0	6725
19236	38	16	139	6526	0	6719
19237	6501	18	54	181	0	6754
19238	139	13	6410	86	0	6648
19239	6668	22	137	80	0	6907
19240	160	19	47	6791	0	7017
19241	76	14	39	7037	0	7166
19242	56	18	25	7211	0	7310
19243	31	18	7001	215	0	7265
19244	6813	13	146	110	0	7082
19245	141	7182	59	70	0	7452
19246	7213	124	35	76	0	7448
19247	154	7266	36	42	0	7498
19248	79	133	27	7339	0	7578
19249	7362	49	15	164	0	7590
19250	143	30	7227	85	0	7485
19251	7069	25	127	76	0	7297
19252	154	22	7329	56	0	7561
19253	76	37	147	7209	0	7469
19254	54	17	7175	140	0	7386
19255	44	7077	126	73	0	7320
19256	66	122	73	6836	0	7097
19257	6667	61	55	150	0	6933
19258	117	27	24	6572	0	6740
19259	54	6473	13	139	0	6679
19260	47	99	24	6550	0	6720
19261	6463	35	15	139	0	6652
19262	6304	24	15	76	0	6419
19263	157	6217	25	43	0	6442
19264	48	5873	15	27	0	5963
19265	45	105	23	5792	0	5965
19266	34	39	23	5858	0	5954
19267	5779	28	5	123	0	5935
19268	5758	13	14	60	0	5845
19269	105	5782	12	32	0	5931
19270	45	91	12	5627	0	5775
19271	50	41	8	5689	0	5788
19272	35	22	5632	101	0	5790
19273	17	5522	72	59	0	5670
19274	16	5378	29	37	0	5460
19275	29	64	9	5142	0	5244
19276	7	12	5127	55	0	5201
19277	14	12	5099	19	0	5144
19278	10	7	56	5161	0	5234
19279	16	12	23	5253	0	5304
19280	3	3	5263	61	0	5330
19281	12	5	45	5337	0	5399
19282	7	2	5432	63	0	5504
19283	5633	10	52	25	0	5720
19284	70	10	18	5708	0	5806
19285	27	3	5817	77	0	5924
19286	16	2	5835	36	0	5889
19287	26	11	88	6180	0	6305
19288	10	7	6571	96	0	6684
19289	15	10	6680	35	0	6740
19290	8	6555	113	26	0	6702
19291	6771	89	43	31	0	6934
19292	87	30	7001	14	0	7132
19293	36	16	94	6894	0	7040
19294	25	12	35	7035	0	7107
19295	23	4	23	7175	0	7225
19296	11	5	7050	127	0	7193
19297	18	8	100	6897	0	7023
19298	6955	4	38	131	0	7128
19299	97	4	22	6919	0	7042
19300	30	7	6909	117	0	7063
19301	28	7	95	6902	0	7032
19302	6980	4	48	117	0	7149
19303	7056	4	14	67	0	7141
19304	6990	3	19	43	0	7055
19305	143	4	22	6960	0	7129
19306	6994	4	17	114	0	7129
19307	6997	9	14	56	0	7076
19308	6979	3	18	24	0	7024
19309	135	6763	13	28	0	6939
19310	6860	87	17	24	0	6988
19311	136	28	14	6828	0	7006
19312	49	18	6779	111	0	6957
19313	35	6789	92	45	0	6961
19314	6876	91	37	35	0	7039
19315	110	31	24	6852	0	7017
19316	53	19	18	6807	0	6897
19317	30	6636	15	129	0	6810
19318	27	6899	15	52	0	6993
19319	6623	122	14	40	0	6799
19320	103	6631	13	27	0	6774
19321	6461	101	9	29	0	6600
19322	106	6469	17	18	0	6610
19323	6430	101	4	26	0	6561
19324	117	6411	7	18	0	6553
19325	46	6667	13	21	0	6747
19326	6607	120	12	26	0	6765
19327	109	42	6603	16	0	6770
19328	44	6650	87	21	0	6802
19329	33	106	36	6712	0	6887
19330	27	35	25	6989	0	7076
19331	26	21	20	6922	0	6989
19332	30	22	14	7061	0	7127
19333	21	16	7061	146	0	7244
19334	7005	17	105	69	0	7196
19335	115	16	35	7308	0	7474
19336	7390	9	27	139	0	7565
19337	7604	14	26	65	0	7709
19338	7671	11	16	53	0	7751
19339	7494	13	18	39	0	7564
19340	169	10	7336	31	0	7546
19341	81	17	112	7274	0	7484
19342	47	15	7208	128	0	7398
19343	41	7130	129	64	0	7364
19344	56	126	60	6638	0	6880
19345	46	35	26	7077	0	7184
19346	27	21	26	7135	0	7209
19347	37	17	20	7078	0	7152
19348	29	11	6931	185	0	7156
19349	31	8	126	6998	0	7163
19350	25	15	54	7126	0	7220
19351	7106	16	30	186	0	7338
19352	7305	18	22	84	0	7429
19353	204	13	20	7356	0	7593
19354	90	19	23	7470	0	7602
19355	57	12	19	7563	0	7651
19356	7455	13	23	239	0	7730
19357	7617	19	17	119	0	7772
19358	7343	18	18	81	0	7460
19359	7625	18	19	55	0	7717
19360	217	7497	16	50	0	7780
19361	7598	131	16	66	0	7811
19362	7702	57	22	55	0	7836
19363	221	27	15	7487	0	7750
19364	110	26	10	7482	0	7628
19365	7328	17	8	211	0	7564
19366	178	7126	18	91	0	7413
19367	87	7334	9	69	0	7499
19368	7533	159	11	55	0	7758
19369	179	76	15	7588	0	7858
19370	101	38	8	7685	0	7832
19371	69	26	6	7818	0	7919
19372	69	23	10	7752	0	7854
19373	59	30	6	7648	0	7743
19374	46	7439	9	220	0	7714
19375	42	133	8	7340	0	7523
19376	7304	48	10	175	0	7537
19377	151	28	7	7223	0	7409
19378	78	12	13	7262	0	7365
19379	7073	22	4	204	0	7303
19380	152	7075	5	101	0	7333
19381	74	174	14	6924	0	7186
19382	50	7040	11	137	0	7238
19383	38	211	17	6734	0	7000
19384	36	42	6693	134	0	6905
19385	6253	35	94	69	0	6451
19386	105	6406	35	43	0	6589
19387	6056	84	10	36	0	6186
19388	93	41	5877	34	0	6045
19389	55	63	73	5444	0	5635
19390	25	5480	28	91	0	5624
19391	19	5670	15	48	0	5752
19392	5504	87	13	34	0	5638
19393	87	39	12	5509	0	5647
19394	44	19	5756	81	0	5900
19395	21	12	73	5857	0	5963
19396	12	10	5861	101	0	5984
19397	5602	6	70	59	0	5737
19398	85	9	5925	30	0	6049
19399	44	7	75	5865	0	5991
19400	24	6023	25	85	0	6157
19401	18	77	15	6035	0	6145
19402	16	6073	7	86	0	6182
19403	6199	77	9	46	0	6331
19404	92	30	7	6394	0	6523
19405	38	14	6432	94	0	6578
19406	24	17	6238	49	0	6328
19407	6380	18	88	35	0	6521
19408	6686	10	30	36	0	6762
19409	6684	12	19	29	0	6744
19410	6627	4	12	34	0	6677
19411	109	6561	14	30	0	6714
19412	6637	76	9	27	0	6749
19413	6660	34	6	33	0	6733
19414	118	17	6528	26	0	6689
19415	61	13	70	6508	0	6652
19416	6586	8	27	101	0	6722
19417	95	7	6475	52	0	6629
19418	47	10	75	6470	0	6602
19419	38	7	6664	96	0	6805
19420	41	14	79	6561	0	6695
19421	33	6735	33	82	0	6883
19422	6816	74	13	55	0	6958
19423	94	40	6684	30	0	6848
19424	6635	20	76	34	0	6765
19425	109	14	32	6688	0	6843
19426	6735	12	14	101	0	6862
19427	99	14	9	6700	0	6822
19428	6973	11	7	115	0	7106
19429	96	17	6805	48	0	6966
19430	7076	14	67	37	0	7194
19431	94	17	34	7114	0	7259
19432	52	11	13	7137	0	7213
19433	7004	10	8	108	0	7130
19434	75	6	7	7026	0	7114
19435	29	14	6867	82	0	6992
19436	25	21	51	6804	0	6901
19437	6574	7	29	83	0	6693
19438	60	6462	15	43	0	6580
19439	29	6475	7	27	0	6538
19440	6360	58	9	25	0	6452
19441	53	6609	9	26	0	6697
19442	58	45	11	6526	0	6640
19443	6552	16	19	57	0	6644
19444	6569	11	5	31	0	6616
19445	6555	11	3	22	0	6591
19446	61	11	6576	10	0	6658
19447	29	28	36	6496	0	6589
19448	14	6560	19	41	0	6634
19449	23	42	12	6639	0	6716
19450	10	21	6804	43	0	6878
19451	18	6455	42	17	0	6532
19452	24	69	8	6533	0	6634
19453	6390	3	9	41	0	6443
19454	26	6405	6	9	0	6446
19455	9	25	6564	5	0	6603
19456	16	11	32	6512	0	6571
19457	9	5	6541	33	0	6588
19458	12	3	35	6398	0	6448
19459	6649	5	7	45	0	6706
19460	37	0	6	6636	0	6679
19461	6701	3	3	44	0	6751
19462	6749	1	3	21	0	6774
19463	42	6875	7	9	0	6933
19464	6957	32	5	15	0	7009
19465	40	6972	5	4	0	7021
19466	14	40	7158	5	0	7217
19467	22	10	45	7088	0	7165
19468	14	3	10	7505	0	7532
19469	7	5	7294	56	0	7362
19470	9	7261	45	13	0	7328
19471	7350	47	11	10	0	7418
19472	7540	9	6	17	0	7572
19473	69	3	8	7635	0	7715
19474	24	3	3	7652	0	7682
19475	11	5	3	7789	0	7808
19476	7682	3	3	77	0	7765
19477	55	4	7580	19	0	7658
19478	16	8	7573	10	0	7607
19479	15	2	54	7739	0	7810
19480	12	1	7665	55	0	7733
19481	5	7	7634	18	0	7664
19482	18	4	53	7481	0	7556
19483	8	8	7796	54	0	7866
19484	5	7782	51	26	0	7864
19485	12	52	16	7930	0	8010
19486	7	18	8063	62	0	8150
19487	16	6	54	7979	0	8055
19488	13	7729	13	56	0	7811
19489	16	52	7	7974	0	8049
19490	10	9	8150	62	0	8231
19491	14	14	45	8005	0	8078
19492	8128	7	13	67	0	8215
19493	52	3	8099	17	0	8171
19494	7681	2	59	14	0	7756
19495	53	8002	14	22	0	8091
19496	8112	51	12	22	0	8197
19497	58	16	14	8183	0	8271
19498	15	8173	6	57	0	8251
19499	8492	62	9	20	0	8583
19500	78	12	6	8661	0	8757
19501	18	11	8718	81	0	8828
19502	7	8799	78	21	0	8905
19503	23	72	20	8832	0	8947
19504	8710	18	9	96	0	8833
19505	8579	8	8	32	0	8627
19506	99	7	9	8533	0	8648
19507	27	3	8467	86	0	8583
19508	8057	5	82	30	0	8174
19509	84	12	8448	15	0	8559
19510	36	6	80	8418	0	8540
19511	8567	7	23	89	0	8686
19512	85	8564	11	26	0	8686
19513	8610	78	9	30	0	8727
19514	91	21	8510	15	0	8637
19515	8602	7	90	17	0	8716
19516	90	7	19	8707	0	8823
19517	29	4	17	8873	0	8923
19518	21	12	8763	103	0	8899
19519	19	5	85	8549	0	8658
19520	8681	14	25	103	0	8823
19521	106	4	14	8731	0	8855
19522	25	8853	11	106	0	8995
19523	29	78	16	8869	0	8992
19524	19	8912	9	92	0	9032
19525	16	84	8782	39	0	8921
19526	8580	19	84	32	0	8715
19527	99	16	19	8949	0	9083
19528	28	12	8649	101	0	8790
19529	23	8582	87	33	0	8725
19530	26	91	25	8483	0	8625
19531	20	24	14	8595	0	8653
19532	8529	13	12	114	0	8668
19533	105	7	11	8655	0	8778
19534	8697	14	15	117	0	8843
19535	8710	11	14	55	0	8790
19536	121	8727	16	21	0	8885
19537	8881	102	10	40	0	9033
19538	122	26	12	9397	0	9557
19539	38	12	9472	135	0	9657
19540	9458	15	114	51	0	9638
19541	133	8	36	9339	0	9516
19542	56	12	9324	125	0	9517
19543	9059	7	130	52	0	9248
19544	134	12	34	9349	0	9529
19545	47	9592	22	126	0	9787
19546	38	112	12	9387	0	9549
19547	23	9579	25	132	0	9759
19548	9511	124	16	52	0	9703
19549	135	41	9754	33	0	9963
19550	41	9670	126	40	0	9877
19551	47	121	31	9774	0	9973
19552	17	33	9870	137	0	10057
19553	26	30	9531	40	0	9627
19554	26	9877	128	43	0	10074
19555	53	145	48	9922	0	10168
19556	30	36	21	10231	0	10318
19557	38	16	20	11748	0	11822
19558	12166	21	23	282	0	12492
19559	263	12	12664	54	0	12993
19560	50	12761	288	48	0	13147
19561	57	299	47	12651	0	13054
19562	51	51	36	13231	0	13369
19563	27	37	12900	358	0	13322
19564	51	25	302	12909	0	13287
19565	26	14	12858	341	0	13239
19566	27	29	12453	82	0	12591
19567	34	13	12677	70	0	12794
19568	51	20	330	12216	0	12617
19569	41	16	91	12666	0	12814
19570	33	21	39	12988	0	13081
19571	12650	6	38	376	0	13070
19572	290	12530	37	106	0	12963
19573	12790	292	38	63	0	13183
19574	12603	58	25	77	0	12763
19575	13113	33	24	61	0	13231
19576	356	13170	30	56	0	13612
19577	13289	300	34	45	0	13668
19578	13606	65	20	51	0	13742
19579	383	44	21	13274	0	13722
19580	123	33	20	13608	0	13784
19581	95	18	20	13763	0	13896
19582	43	32	13398	385	0	13858
19583	13089	21	310	120	0	13540
19584	345	26	65	13374	0	13810
19585	13149	19	49	373	0	13590
19586	339	13160	47	116	0	13662
19587	96	291	37	13293	0	13717
19588	68	58	42	13675	0	13843
19589	13371	32	35	416	0	13854
19590	328	33	37	13384	0	13782
19591	12661	29	21	415	0	13126
19592	13407	32	26	122	0	13587
19593	392	12902	19	97	0	13410
19594	97	13396	10	79	0	13582
19595	102	402	19	12670	0	13193
19596	55	13150	26	305	0	13536
19597	81	354	14	13089	0	13538
19598	63	69	12941	351	0	13424
19599	60	53	12517	103	0	12733
19600	12127	42	318	88	0	12575
19601	12468	34	92	72	0	12666
19602	331	12213	55	60	0	12659
19603	12196	275	40	78	0	12589
19604	307	12531	36	71	0	12945
19605	93	304	36	12677	0	13110
19606	79	68	31	12911	0	13089
19607	65	40	41	12935	0	13081
19608	51	37	38	13017	0	13143
19609	12666	30	46	397	0	13139
19610	290	12656	32	172	0	13150
19611	12710	277	32	136	0	13155
19612	12938	54	36	99	0	13127
19613	365	53	12574	77	0	13069
19614	12413	42	278	81	0	12814
19615	361	12439	57	52	0	12909
19616	109	314	45	12518	0	12986
19617	106	72	36	12385	0	12599
19618	72	12209	35	333	0	12649
19619	12484	309	38	129	0	12960
19620	344	67	12292	99	0	12802
19621	12159	67	295	102	0	12623
19622	374	42	12313	105	0	12834
19623	137	39	332	12317	0	12825
19624	129	66	91	12641	0	12927
19625	108	49	79	12801	0	13037
19626	12699	60	73	430	0	13262
19627	357	52	12781	194	0	13384
19628	12797	58	329	199	0	13383
19629	13166	50	112	174	0	13502
19630	13099	39	97	175	0	13410
19631	13065	30	108	154	0	13357
19632	434	32	100	12792	0	13358
19633	165	29	12637	370	0	13201
19634	141	57	303	12595	0	13096
19635	129	45	12567	383	0	13124
19636	114	58	12356	160	0	12688
19637	122	12392	280	152	0	12946
19638	155	309	81	11586	0	12131
19639	137	86	47	12121	0	12391
19640	175	86	57	10597	0	10915
19641	169	57	47	11945	0	12218
19642	11888	63	39	359	0	12349
19643	12029	57	36	131	0	12253
19644	419	50	30	11699	0	12198
19645	152	54	11424	375	0	12005
19646	121	39	262	11551	0	11973
19647	116	27	73	11869	0	12085
19648	88	34	11560	402	0	12084
19649	114	22	259	11381	0	11776
19650	11347	41	64	379	0	11831
19651	11475	55	55	147	0	11732
19652	11453	60	25	149	0	11687
19653	398	50	21	11151	0	11620
19654	10909	45	36	351	0	11341
19655	10795	44	34	169	0	11042
19656	375	29	10462	137	0	11003
19657	101	12	8373	75	0	8561
19658	90	11	8376	44	0	8521
19659	7667	13	85	31	0	7796
19660	69	7799	27	15	0	7910
19661	7797	33	34	23	0	7887
19662	53	8170	16	20	0	8259
19663	48	47	11	8175	0	8281
19664	28	20	5	8277	0	8330
19665	26	10	9	8277	0	8322
19666	15	11	8197	66	0	8289
19667	7728	12	44	36	0	7820
19668	51	9	21	8087	0	8168
19669	18	9	8024	42	0	8093
19670	21	11	7625	24	0	7681
19671	7650	12	49	31	0	7742
19672	45	7968	25	24	0	8062
19673	7859	29	17	26	0	7931
19674	7771	12	7	28	0	7818
19675	51	7724	8	17	0	7800
19676	7543	31	9	16	0	7599
19677	53	16	7752	11	0	7832
19678	31	9	7499	14	0	7553
19679	19	5	7838	11	0	7873
19680	20	29	56	7795	0	7900
19681	15	4	7951	37	0	8007
19682	7619	7	36	23	0	7685
19683	7817	9	16	17	0	7859
19684	57	9	7920	5	0	7991
19685	33	5	30	7821	0	7889
19686	7850	3	20	37	0	7910
19687	38	8085	12	20	0	8155
19688	26	8220	9	12	0	8267
19689	8234	36	12	11	0	8293
19690	30	17	8309	11	0	8367
19691	24	59	29	7952	0	8064
19692	14	0	26	8006	0	8046
19693	8	0	6	8152	0	8166
19694	9	8201	4	33	0	8247
19695	31	32	5	7702	0	7770
19696	8709	13	4	48	0	8774
19697	54	2	4	8963	0	9023
19698	27	9043	3	60	0	9133
19699	9209	55	2	40	0	9306
19700	64	29	2	9259	0	9354
19701	35	15	5	9638	0	9693
19702	9798	6	3	105	0	9912
19703	9870	3	2	49	0	9924
19704	111	0	3	9788	0	9902
19705	9971	11	1	105	0	10088
19706	10083	4	0	55	0	10142
19707	128	10176	5	23	0	10332
19708	10259	87	2	33	0	10381
19709	111	10215	3	16	0	10345
19710	74	95	1	10181	0	10351
19711	33	40	10402	102	0	10577
19712	26	19	90	10370	0	10505
19713	44	7	41	10458	0	10550
19714	29	14	12	10804	0	10859
19715	10710	6	8	169	0	10893
19716	112	10674	8	58	0	10852
19717	11020	100	2	46	0	11168
19718	126	11324	13	30	0	11493
19719	11617	119	5	47	0	11788
19720	11683	55	5	36	0	11779
19721	11790	25	7	46	0	11868
19722	11697	7	11	28	0	11743
19723	172	24	11654	25	0	11875
19724	95	10	114	11642	0	11861
19725	44	18	43	11944	0	12049
19726	33	22	11785	179	0	12019
19727	11423	16	130	73	0	11642
19728	177	9	46	11607	0	11839
19729	82	13	11506	156	0	11757
19730	47	16	11449	58	0	11570
19731	45	5	176	11744	0	11970
19732	41	13	12055	162	0	12271
19733	44	10	160	11897	0	12111
19734	54	8	65	12007	0	12134
19735	28	15	11771	207	0	12021
19736	11377	6	157	104	0	11644
19737	177	8	69	11770	0	12024
19738	74	9	11850	179	0	12112
19739	51	9	164	11904	0	12128
19740	11930	4	62	198	0	12194
19741	172	7	11897	84	0	12160
19742	11614	7	164	71	0	11856
19743	12187	8	67	48	0	12310
19744	216	10	29	12129	0	12384
19745	110	15	28	12089	0	12242
19746	52	10	12054	218	0	12334
19747	73	8	153	12038	0	12272
19748	74	13	92	10958	0	11137
19749	46	7	43	12210	0	12306
19750	55	8	11879	240	0	12182
19751	11586	7	166	125	0	11884
19752	11976	11	67	82	0	12136
19753	12220	8	37	63	0	12328
19754	12469	17	26	80	0	12592
19755	241	11	33	12433	0	12718
19756	12362	11	24	210	0	12607
19757	12451	12	35	109	0	12607
19758	10143	71	37	141	0	10392
19759	12409	10	30	71	0	12520
19760	227	12407	27	67	0	12728
19761	12513	154	35	56	0	12758
19762	12414	45	30	69	0	12558
19763	280	12293	26	54	0	12653
19764	12409	180	24	59	0	12672
19765	277	51	25	12396	0	12749
19766	132	27	26	12550	0	12735
19767	12351	18	25	273	0	12667
19768	255	12088	28	107	0	12478
19769	111	12257	23	73	0	12464
19770	83	233	22	12385	0	12723
19771	70	69	12506	221	0	12866
19772	87	40	188	12255	0	12570
19773	63	18	63	12674	0	12818
19774	12419	21	46	286	0	12772
19775	12542	11	30	140	0	12723
19776	273	19	29	12471	0	12792
19777	117	14	12291	246	0	12668
19778	77	14	211	12475	0	12777
19779	12639	22	68	280	0	13009
19780	280	15	12999	99	0	13393
19781	113	13088	240	74	0	13515
19782	13444	233	87	70	0	13834
19783	293	62	48	13484	0	13887
19784	126	25	27	13626	0	13804
19785	78	14	31	13905	0	14028
19786	59	18	13397	369	0	13843
19787	12380	9	246	158	0	12793
19788	298	19	12957	91	0	13365
19789	120	12905	274	66	0	13365
19790	89	227	85	13106	0	13507
19791	79	67	56	13407	0	13609
19792	93	44	33	14192	0	14362
19793	75	22	13865	423	0	14385
19794	50	28	13508	163	0	13749
19795	54	16	13770	115	0	13955
19796	47	13873	351	81	0	14352
19797	116	297	119	14025	0	14557
19798	14344	64	69	353	0	14830
19799	15281	48	33	125	0	15487
19800	444	20	15884	86	0	16434
19801	172	15983	363	85	0	16603
19802	90	366	15889	67	0	16412
19803	74	16570	386	63	0	17093
19804	16157	441	179	79	0	16856
19805	16257	133	86	62	0	16538
19806	463	16030	53	56	0	16602
19807	16093	389	54	62	0	16598
19808	474	147	44	15960	0	16625
19809	217	79	44	16377	0	16717
19810	16166	62	42	494	0	16764
19811	15976	65	34	182	0	16257
19812	16020	47	29	121	0	16217
19813	545	15460	21	98	0	16124
19814	229	16115	24	90	0	16458
19815	15999	454	20	92	0	16565
19816	468	159	15791	71	0	16489
19817	225	167	343	15450	0	16185
19818	15229	69	134	381	0	15813
19819	447	14746	70	152	0	15415
19820	188	15464	52	84	0	15788
19821	15335	441	50	77	0	15903
19822	443	164	14991	67	0	15665
19823	14695	126	366	65	0	15252
19824	458	77	14647	52	0	15234
19825	199	71	14783	44	0	15097
19826	162	75	445	14764	0	15446
19827	112	54	15241	337	0	15744
19828	15065	66	385	153	0	15669
19829	15536	42	170	99	0	15847
19830	15787	49	111	74	0	16021
19831	15715	41	83	79	0	15918
19832	559	32	81	15072	0	15744
19833	15213	42	75	363	0	15693
19834	467	14963	61	141	0	15632
19835	264	332	51	14553	0	15200
19836	165	15179	56	323	0	15723
19837	15805	362	40	159	0	16366
19838	15983	137	49	101	0	16270
19839	517	92	47	15676	0	16332
19840	15890	70	43	393	0	16396
19841	16178	78	56	163	0	16475
19842	549	59	46	15849	0	16503
19843	285	71	47	15994	0	16397
19844	194	62	46	16247	0	16549
19845	174	52	15631	498	0	16355
19846	162	54	14898	233	0	15347
19847	156	45	15570	141	0	15912
19848	159	58	447	15644	0	16308
19849	134	49	15975	422	0	16580
19850	135	47	413	15914	0	16509
19851	132	47	16833	446	0	17458
19852	138	39	16462	206	0	16845
19853	16010	58	482	181	0	16731
19854	397	16294	230	124	0	17045
19855	16695	347	147	120	0	17309
19856	445	148	124	16566	0	17283
19857	238	80	113	16788	0	17219
19858	169	67	16622	486	0	17344
19859	141	16550	373	228	0	17292
19860	158	348	163	16936	0	17605
19861	124	149	17027	399	0	17699
19862	124	16790	340	212	0	17466
19863	134	319	179	16934	0	17566
19864	16908	138	126	376	0	17548
19865	16982	87	95	197	0	17361
19866	433	82	114	16875	0	17504
19867	16991	74	88	391	0	17544
19868	392	16897	97	190	0	17576
19869	235	313	84	17132	0	17764
19870	170	145	17278	365	0	17958
19871	167	94	328	17296	0	17885
19872	167	68	17306	398	0	17939
19873	17004	73	354	207	0	17638
19874	419	68	138	17438	0	18063
19875	224	17410	105	368	0	18107
19876	160	380	75	18003	0	18618
19877	144	130	17741	418	0	18433
19878	132	93	17081	210	0	17516
19879	119	74	17073	147	0	17413
19880	16215	94	459	128	0	16896
19881	340	16639	184	111	0	17274
19882	164	275	124	16607	0	17170
19883	16604	108	95	344	0	17151
19884	319	16528	99	166	0	17112
19885	17054	282	84	152	0	17572
19886	17249	135	88	116	0	17588
19887	17546	75	86	120	0	17827
19888	17775	57	82	97	0	18011
19889	441	64	17219	79	0	17803
19890	16703	40	269	105	0	17117
19891	380	42	16836	82	0	17340
19892	15745	36	238	71	0	16090
19893	333	42	142	16457	0	16974
19894	201	31	16209	192	0	16633
19895	153	15813	205	115	0	16286
19896	165	766	145	14940	0	16016
19897	113	15360	71	165	0	15709
19898	69	15424	63	115	0	15671
19899	14165	125	100	93	0	14483
19900	127	33	13666	30	0	13856
19901	40	13204	70	18	0	13332
19902	12943	53	76	25	0	13097
19903	60	13045	11	13	0	13129
19904	13146	48	12	22	0	13228
19905	69	19	12	13104	0	13204
19906	13185	13	6	62	0	13266
19907	65	4	13	13015	0	13097
19908	13087	11	4	63	0	13165
19909	63	8	3	13025	0	13099
19910	18	13238	8	61	0	13325
19911	25	47	7	13516	0	13595
19912	13507	17	6	71	0	13601
19913	62	13383	11	24	0	13480
19914	19	53	4	13391	0	13467
19915	13543	17	7	74	0	13641
19916	67	9	5	13621	0	13702
19917	24	7	9	13602	0	13642
19918	21	12	13759	62	0	13854
19919	19	8	13274	22	0	13323
19920	18	12	53	13424	0	13507
19921	12	11	14013	53	0	14089
19922	14	8	54	13937	0	14013
19923	62	15	35	12348	0	12460
19924	11	10	9	14131	0	14161
19925	20	8	14050	63	0	14141
19926	25	10	48	13372	0	13455
19927	16	10	9	13615	0	13650
19928	11	13661	14	61	0	13747
19929	14	52	9	13833	0	13908
19930	13867	9	9	75	0	13960
19931	63	8	6	14024	0	14101
19932	19	12	15179	72	0	15282
19933	14274	9	102	67	0	14452
19934	121	15816	66	38	0	16041
19935	101	124	43	16104	0	16372
19936	48	76	15905	132	0	16161
19937	14716	48	133	113	0	15010
19938	133	15551	90	59	0	15833
19939	15712	136	50	55	0	15953
19940	192	82	27	15644	0	15945
19941	15479	53	19	166	0	15717
19942	188	29	15426	87	0	15730
19943	113	15024	129	65	0	15331
19944	68	16259	74	38	0	16439
19945	16492	187	53	78	0	16810
19946	16501	110	27	47	0	16685
19947	215	61	16432	14	0	16722
19948	16061	32	121	52	0	16266
19949	16443	23	86	25	0	16577
19950	16449	8	51	45	0	16553
19951	255	15489	23	22	0	15789
19952	149	15707	26	18	0	15900
19953	15863	195	15	25	0	16098
19954	15921	117	3	32	0	16073
19955	217	15980	16	21	0	16234
19956	152	153	6	16046	0	16357
19957	77	100	16125	133	0	16435
19958	15666	46	133	118	0	15963
19959	14866	59	110	158	0	15193
19960	16529	27	58	73	0	16687
19961	228	16206	27	33	0	16494
19962	145	136	16240	20	0	16541
19963	16471	79	134	35	0	16719
19964	183	55	90	16648	0	16976
19965	126	38	48	16680	0	16892
19966	87	27	23	17064	0	17201
19967	44	15	16917	264	0	17240
19968	63	12	131	16628	0	16834
19969	28	37	16801	217	0	17083
19970	26	16270	155	116	0	16567
19971	16156	118	97	101	0	16472
19972	123	16143	57	35	0	16358
19973	100	16218	25	24	0	16367
19974	16253	206	40	44	0	16543
19975	140	16594	17	12	0	16763
19976	116	166	10	16346	0	16638
19977	69	16317	10	103	0	16499
19978	16327	169	16	101	0	16613
19979	139	16519	7	54	0	16719
19980	115	167	9	16787	0	17078
19981	66	116	16728	130	0	17040
19982	57	79	123	16908	0	17167
19983	29	16838	95	225	0	17187
19984	34	145	66	17327	0	17572
19985	40	127	24	17101	0	17292
19986	58	91	26	16484	0	16659
19987	42	32	11	17352	0	17437
19988	38	30	21	17555	0	17644
19989	45	23	23	17706	0	17797
19990	37	34	17508	371	0	17950
19991	17124	25	201	250	0	17600
19992	215	23	115	18552	0	18905
19993	134	26	18584	283	0	19027
19994	107	41	18490	178	0	18816
19995	82	29	331	18921	0	19363
19996	19106	26	219	340	0	19691
19997	262	32	18820	217	0	19331
19998	18532	32	314	170	0	19048
19999	341	41	19288	100	0	19770
20000	232	36	338	19248	0	19854
20001	197	27	197	19701	0	20122
20002	124	40	19535	379	0	20078
20003	18609	35	321	280	0	19245
20004	318	42	200	19247	0	19807
20005	208	37	19213	356	0	19814
20006	177	36	19170	215	0	19598
20007	139	32	426	18478	0	19075
20008	103	19287	259	293	0	19942
20009	19666	252	176	219	0	20313
20010	19694	149	130	157	0	20130
20011	436	117	19671	113	0	20337
20012	294	79	308	19370	0	20051
20013	19820	62	187	339	0	20408
20014	396	43	19724	204	0	20367
20015	19207	34	332	195	0	19768
20016	397	18939	213	136	0	19685
20017	280	261	162	19811	0	20514
20018	227	148	133	19969	0	20477
20019	20379	111	112	453	0	21055
20020	377	79	84	20557	0	21097
20021	244	73	82	20331	0	20730
20022	186	52	73	20609	0	20920
20023	20112	46	73	615	0	20846
20024	377	51	20011	374	0	20813
20025	19976	43	309	312	0	20640
20026	20115	48	192	236	0	20591
20027	20661	46	160	198	0	21065
20028	602	58	108	20231	0	20999
20029	352	72	20450	409	0	21283
20030	273	19666	363	268	0	20570
20031	206	19915	193	244	0	20558
20032	130	19922	113	170	0	20335
20033	123	388	20217	176	0	20904
20034	156	254	393	21905	0	22708
20035	22460	101	173	583	0	23317
20036	24250	88	117	332	0	24787
20037	742	72	85	25194	0	26093
20038	426	51	24903	682	0	26062
20039	308	41	25035	368	0	25752
20040	249	35	723	25267	0	26274
20041	160	32	25478	717	0	26387
20042	186	38	764	25686	0	26674
20043	161	37	404	25234	0	25836
20044	125	25023	310	889	0	26347
20045	164	529	223	25620	0	26536
20046	167	226	175	26445	0	27013
20047	25710	179	160	1051	0	27100
20048	695	95	155	26110	0	27055
20049	380	72	144	26385	0	26981
20050	25485	65	186	1085	0	26821
20051	713	25304	183	670	0	26870
20052	25706	572	158	496	0	26932
20053	863	259	25225	353	0	26700
20054	25222	201	669	381	0	26473
20055	25478	134	371	365	0	26348
20056	1019	126	24777	278	0	26200
20057	604	106	24672	297	0	25679
20058	512	102	959	23913	0	25486
20059	24075	77	578	785	0	25515
20060	836	72	23764	468	0	25140
20061	552	55	844	23654	0	25105
20062	404	66	23554	846	0	24870
20063	367	63	881	23342	0	24653
20064	369	69	497	23887	0	24822
20065	23196	82	438	1113	0	24829
20066	22978	69	319	761	0	24127
20067	23810	84	279	585	0	24758
20068	1091	53	23254	464	0	24862
20069	639	76	23348	450	0	24513
20070	575	76	904	23185	0	24740
20071	487	139	541	23574	0	24741
20072	444	112	405	24041	0	25002
20073	23044	92	362	1197	0	24695
20074	844	22815	331	763	0	24753
20075	22675	569	252	667	0	24163
20076	22323	272	228	540	0	23363
20077	1116	21579	271	401	0	23367
20078	706	22417	228	376	0	23727
20079	22219	824	239	386	0	23668
20080	948	417	246	21500	0	23111
20081	663	21327	201	1051	0	23242
20082	728	675	195	21723	0	23321
20083	551	342	21063	1130	0	23086
20084	482	254	720	21498	0	22954
20085	21036	206	554	1193	0	22989
20086	864	177	20767	806	0	22614
20087	557	136	20684	701	0	22078
20088	554	484	1065	19087	0	21190
20089	457	18966	664	997	0	21084
20090	394	19012	442	776	0	20624
20091	323	19877	351	754	0	21305
20092	18903	799	284	698	0	20684
20093	19098	416	164	615	0	20293
20094	18529	266	204	604	0	19603
20095	1000	18220	214	614	0	20048
20096	18672	527	210	551	0	19960
20097	18605	334	210	506	0	19655
20098	1051	330	17873	385	0	19639
20099	779	17394	646	342	0	19161
20100	675	621	458	17553	0	19307
20101	17708	350	400	682	0	19140
20102	934	249	17361	480	0	19024
20103	635	164	780	16915	0	18494
20104	514	17065	544	819	0	18942
20105	491	514	387	17348	0	18740
20106	489	271	375	17677	0	18812
20107	17444	202	377	1062	0	19085
20108	17624	187	326	771	0	18908
20109	941	144	371	17474	0	18930
20110	618	175	16819	981	0	18593
20111	554	151	16814	687	0	18206
20112	17052	160	747	568	0	18527
20113	1052	141	17132	397	0	18722
20114	790	158	764	15546	0	17258
20115	611	16125	592	631	0	17959
20116	16322	501	508	474	0	17805
20117	780	16113	399	544	0	17836
20118	16483	592	295	606	0	17976
20119	854	356	263	16287	0	17760
20120	632	314	217	16580	0	17743
20121	16329	289	198	941	0	17757
20122	16862	246	203	573	0	17884
20123	1083	288	170	16357	0	17898
20124	787	330	170	16426	0	17713
20125	619	310	15689	812	0	17430
20126	521	296	15525	576	0	16918
20127	15491	280	673	533	0	16977
20128	742	276	14509	494	0	16021
20129	15042	206	612	528	0	16388
20130	15405	166	450	483	0	16504
20131	892	139	14705	461	0	16197
20132	643	13679	595	367	0	15284
20133	540	14088	484	279	0	15391
20134	267	258	11989	155	0	12669
20135	498	768	586	10216	0	12068
20136	9535	174	348	395	0	10452
20137	9218	36	28	92	0	9374
20138	10253	39	26	66	0	10384
20139	11635	24	27	68	0	11754
20140	11842	29	21	77	0	11969
20141	348	12147	40	53	0	12588
20142	11801	260	31	49	0	12141
20143	306	11722	34	32	0	12094
20144	11465	260	19	38	0	11782
20145	317	71	11163	15	0	11566
20146	141	27	234	10801	0	11203
20147	102	20	55	10639	0	10816
20148	49	10849	23	261	0	11182
20149	10894	248	18	77	0	11237
20150	11098	79	12	45	0	11234
20151	344	39	14	10783	0	11180
20152	141	20	27	10995	0	11183
20153	10875	18	16	327	0	11236
20154	282	19	10	10930	0	11241
20155	120	28	10	11101	0	11259
20156	10922	21	11	326	0	11280
20157	316	11	8	10918	0	11253
20158	10974	12	11	311	0	11308
20159	11097	14	4	140	0	11255
20160	340	10	10893	64	0	11307
20161	10996	10	224	96	0	11326
20162	11123	7	58	75	0	11263
20163	11194	12	21	60	0	11287
20164	357	11	10656	48	0	11072
20165	155	5	233	10589	0	10982
20166	114	7	67	10931	0	11119
20167	62	12	10656	312	0	11042
20168	10525	9	248	105	0	10887
20169	319	10	66	10452	0	10847
20170	125	7	10314	266	0	10712
20171	81	8	10565	92	0	10746
20172	69	12	296	10510	0	10887
20173	67	9	10690	288	0	11054
20174	80	15	274	10610	0	10979
20175	91	11	101	10813	0	11016
20176	61	18	10648	337	0	11064
20177	67	18	264	10334	0	10683
20178	50	10119	117	290	0	10576
20179	48	10928	61	116	0	11153
20180	10690	280	59	89	0	11118
20181	10795	74	41	92	0	11002
20182	308	10645	43	90	0	11086
20183	10679	251	42	72	0	11044
20184	10896	77	32	73	0	11078
20185	368	64	22	10609	0	11063
20186	168	53	26	10847	0	11094
20187	10599	37	22	335	0	10993
20188	317	10339	21	133	0	10810
20189	149	10727	24	86	0	10986
20190	134	300	23	10570	0	11027
20191	116	94	10617	290	0	11117
20192	10443	46	247	147	0	10883
20193	10817	39	74	100	0	11030
20194	10484	49	33	84	0	10650
20195	401	10554	36	40	0	11031
20196	174	289	27	10457	0	10947
20197	129	96	25	10816	0	11066
20198	10556	60	56	360	0	11032
20199	370	10489	35	153	0	11047
20200	199	275	22	10431	0	10927
20201	147	92	34	10702	0	10975
20202	145	71	28	10682	0	10926
20203	10478	54	22	414	0	10968
20204	373	10370	40	183	0	10966
20205	211	342	26	10041	0	10620
20206	142	10353	53	311	0	10859
20207	10218	291	46	168	0	10723
20208	354	97	10075	148	0	10674
20209	9967	59	268	157	0	10451
20210	359	70	9816	139	0	10384
20211	203	148	278	9429	0	10058
20212	9476	53	91	348	0	9968
20213	366	54	9398	158	0	9976
20214	9451	47	273	129	0	9900
20215	9751	33	109	127	0	10020
20216	9887	27	56	125	0	10095
20217	416	16	72	9470	0	9974
20218	194	14	62	9583	0	9853
20219	158	28	44	9738	0	9968
20220	9361	16	66	429	0	9872
20221	366	9369	63	170	0	9968
20222	9456	220	41	136	0	9853
20223	9629	63	66	112	0	9870
20224	393	44	9281	103	0	9821
20225	9344	33	253	116	0	9746
20226	9707	33	96	107	0	9943
20227	409	36	70	9503	0	10018
20228	193	40	71	9579	0	9883
20229	162	32	59	9578	0	9831
20230	9227	29	66	358	0	9680
20231	9165	19	70	175	0	9429
20232	8777	34	62	133	0	9006
20233	342	8217	52	113	0	8724
20234	117	7695	68	104	0	7984
20235	78	7863	55	123	0	8119
20236	7650	233	97	123	0	8103
20237	272	68	7472	102	0	7914
20238	105	55	6272	94	0	6526
20239	4730	14	97	32	0	4873
20240	68	6	4866	24	0	4964
20241	8	4	27	4073	0	4112
20242	8	3921	4	24	0	3957
20243	4235	25	7	11	0	4278
20244	4264	5	4	10	0	4283
20245	4274	3	2	6	0	4285
20246	40	2	4	4481	0	4527
20247	12	4	4594	25	0	4635
20248	14	6	4414	8	0	4442
20249	4541	6	22	11	0	4580
20250	4662	3	4	11	0	4680
20251	4645	2	5	8	0	4660
20252	33	2	5	4694	0	4734
20253	16	1	2	4710	0	4729
20254	11	3	4684	23	0	4721
20255	4624	2	25	7	0	4658
20256	29	8	5	4842	0	4884
20257	10	6	1	4826	0	4843
20258	9	2	3	4794	0	4808
20259	8	4773	3	28	0	4812
20260	7	22	6	4764	0	4799
20261	11	2	5	4769	0	4787
20262	4734	3	5	30	0	4772
20263	30	4	4651	9	0	4694
20264	4520	3	22	13	0	4558
20265	4721	6	3	14	0	4744
20266	35	1	1	4690	0	4727
20267	9	4	1	4705	0	4719
20268	4661	0	2	35	0	4698
20269	29	3	4579	10	0	4621
20270	9	4561	30	5	0	4605
20271	8	21	4	4551	0	4584
20272	4541	2	3	29	0	4575
20273	31	1	3	4427	0	4462
20274	12	6	4379	23	0	4420
20275	6	5	4311	13	0	4335
20276	4389	2	22	15	0	4428
20277	27	5	7	4567	0	4606
20278	9	1	4516	23	0	4549
20279	4419	0	18	14	0	4451
20280	4666	0	2	11	0	4679
20281	24	0	1	4678	0	4703
20282	5	3	2	4683	0	4693
20283	4	4646	1	23	0	4674
20284	4809	18	2	21	0	4850
20285	24	6	2	4846	0	4878
20286	8	0	2	4918	0	4928
20287	10	4	4987	19	0	5020
20288	4689	1	18	15	0	4723
20289	4858	1	5	18	0	4882
20290	22	4810	2	8	0	4842
20291	9	13	4668	4	0	4694
20292	4	2	4656	5	0	4667
20293	7	14	14	4587	0	4622
20294	4770	2	7	24	0	4803
20295	16	6	0	4742	0	4764
20296	4871	0	2	16	0	4889
20297	4911	2	1	11	0	4925
20298	4957	1	3	14	0	4975
20299	16	0	2	4960	0	4978
20300	5	2	2	4965	0	4974
20301	5077	0	2	20	0	5099
20302	13	0	5160	2	0	5175
20303	4816	0	7	12	0	4835
20304	4900	0	0	13	0	4913
20305	10	1	4993	0	0	5004
20306	1	1	4873	1	0	4876
20307	2	4978	12	1	0	4993
20308	5	10	5	5051	0	5071
20309	4976	2	1	11	0	4990
20310	9	0	0	5057	0	5066
20311	3	4	5068	6	0	5081
20312	0	4942	6	3	0	4951
20313	0	4988	4	1	0	4993
20314	1	10	0	5107	0	5118
20315	3	2	0	5028	0	5033
20316	0	4994	0	6	0	5000
20317	3	9	4972	3	0	4987
20318	4738	2	10	13	0	4763
20319	5106	0	3	8	0	5117
20320	11	5153	1	1	0	5166
20321	4999	14	0	7	0	5020
20322	15	3	0	4935	0	4953
20323	4896	0	0	27	0	4923
20324	17	1	0	4919	0	4937
20325	3	5266	1	17	0	5287
20326	0	24	5380	4	0	5408
20327	5	11	25	5863	0	5904
20328	16	2	14	5693	0	5725
20329	6	0	1	6305	0	6312
20330	6462	1	0	76	0	6539
20331	77	0	0	6546	0	6623
20332	25	2	6942	75	0	7044
20333	13	1	7282	19	0	7315
20334	7432	2	116	20	0	7570
20335	107	2	7598	1	0	7708
20336	7668	0	112	21	0	7801
20337	120	0	21	8171	0	8312
20338	34	0	13	8374	0	8421
20339	19	0	2	8828	0	8849
20340	17	1	6	8864	0	8888
20341	8789	0	5	187	0	8981
20342	142	0	8818	49	0	9009
20343	52	1	139	8590	0	8782
20344	18	8918	36	132	0	9104
20345	8973	136	15	50	0	9174
20346	149	22	14	8740	0	8925
20347	8645	10	11	167	0	8833
20348	167	3	8592	46	0	8808
20349	50	5	149	8280	0	8484
20350	20	8540	32	147	0	8739
20351	8586	145	17	57	0	8805
20352	166	29	8527	39	0	8761
20353	49	13	153	8414	0	8629
20354	38	6	28	8648	0	8720
20355	8463	13	27	186	0	8689
20356	170	7	8399	61	0	8637
20357	43	14	8480	45	0	8582
20358	56	17	179	8471	0	8723
20359	25	9	8471	161	0	8666
20360	24	7	8610	55	0	8696
20361	40	15	195	8559	0	8809
20362	51	9	53	8765	0	8878
20363	27	7	48	9100	0	9182
20364	8901	7	22	241	0	9171
20365	168	9075	23	93	0	9359
20366	9164	164	33	48	0	9409
20367	207	31	35	9085	0	9358
20368	47	9214	36	200	0	9497
20369	48	170	20	9462	0	9700
20370	9770	37	36	229	0	10072
20371	191	10238	35	84	0	10548
20372	60	206	30	10577	0	10873
20373	50	41	10691	233	0	11015
20374	10616	27	216	116	0	10975
20375	244	21	62	10773	0	11100
20376	80	24	34	10936	0	11074
20377	60	18	10656	287	0	11021
20378	44	29	10639	111	0	10823
20379	10431	21	251	86	0	10789
20380	233	10390	90	69	0	10782
20381	101	213	43	10458	0	10815
20382	10488	65	38	267	0	10858
20383	240	38	10480	106	0	10864
20384	84	10363	242	77	0	10766
20385	80	208	90	10395	0	10773
20386	10470	57	41	288	0	10856
20387	10249	40	44	133	0	10466
20388	10522	18	49	87	0	10676
20389	280	10252	52	131	0	10715
20390	103	222	10358	68	0	10751
20391	79	77	226	10437	0	10819
20392	120	36	106	9430	0	9692
20393	73	30	58	10637	0	10798
20394	67	33	51	10647	0	10798
20395	10389	35	48	332	0	10804
20396	10377	34	47	139	0	10597
20397	308	25	10150	93	0	10576
20398	127	31	10109	92	0	10359
20399	9911	28	261	93	0	10293
20400	10115	29	93	90	0	10327
20401	300	32	68	9741	0	10141
20402	130	9834	55	252	0	10271
20403	9840	222	47	124	0	10233
20404	252	9648	56	107	0	10063
20405	96	9786	40	106	0	10028
20406	103	262	46	9908	0	10319
20407	96	76	39	10127	0	10338
20408	80	54	53	10132	0	10319
20409	76	40	60	10153	0	10329
20410	89	30	9833	318	0	10270
20411	9686	39	230	133	0	10088
20412	10017	48	84	98	0	10247
20413	301	46	59	9742	0	10148
20414	141	42	43	9846	0	10072
20415	9708	47	39	326	0	10120
20416	263	46	8989	141	0	9439
20417	9587	45	202	109	0	9943
20418	9681	45	69	108	0	9903
20419	298	32	9496	101	0	9927
20420	9679	38	226	114	0	10057
20421	283	33	83	9767	0	10166
20422	137	27	59	9943	0	10166
20423	113	27	59	9943	0	10142
20424	99	32	40	9914	0	10085
20425	9292	21	36	330	0	9679
20426	295	23	57	9080	0	9455
20427	110	25	37	8500	0	8672
20428	78	7961	31	241	0	8311
20429	70	8139	33	123	0	8365
20430	73	168	33	7918	0	8192
20431	7848	42	23	209	0	8122
20432	209	27	24	7371	0	7631
20433	66	26	6812	155	0	7059
20434	43	22	6425	84	0	6574
20435	6398	19	130	75	0	6622
20436	150	6455	45	55	0	6705
20437	6006	106	66	45	0	6223
20438	129	33	5996	43	0	6201
20439	109	149	101	5468	0	5827
20440	5401	20	49	95	0	5565
20441	100	5398	19	49	0	5566
20442	5294	76	27	41	0	5438
20443	105	30	5602	34	0	5771
20444	54	22	78	5542	0	5696
20445	31	15	37	5688	0	5771
20446	5712	12	24	107	0	5855
20447	5762	14	19	48	0	5843
20448	5875	15	11	32	0	5933
20449	5830	15	12	39	0	5896
20450	5876	9	14	45	0	5944
20451	111	5795	12	42	0	5960
20452	58	65	14	5857	0	5994
20453	5965	24	11	96	0	6096
20454	101	13	6	5976	0	6096
20455	59	6	7	5976	0	6048
20456	42	6	10	5970	0	6028
20457	29	5793	14	101	0	5937
20458	5844	65	7	51	0	5967
20459	81	28	14	5817	0	5940
20460	5637	10	13	90	0	5750
20461	5543	11	1	63	0	5618
20462	83	5431	7	36	0	5557
20463	5378	52	4	41	0	5475
20464	77	22	5285	23	0	5407
20465	5106	8	47	23	0	5184
20466	75	38	55	5068	0	5236
20467	39	13	5219	49	0	5320
20468	37	5210	41	32	0	5320
20469	41	44	5085	20	0	5190
20470	20	4616	24	17	0	4677
20471	4143	72	96	30	0	4341
20472	4051	9	16	24	0	4100
20473	3945	7	7	15	0	3974
20474	13	3919	3	2	0	3937
20475	3843	3	5	8	0	3859
20476	12	5	3856	0	0	3873
20477	8	6	3805	3	0	3822
20478	12	10	9	3864	0	3895
20479	8	4	2	4099	0	4113
20480	0	4112	2	14	0	4128
20481	4211	10	2	10	0	4233
20482	12	3	0	4259	0	4274
20483	2	4209	2	15	0	4228
20484	4	15	0	4336	0	4355
20485	4331	2	0	24	0	4357
20486	4200	4	0	11	0	4215
20487	16	2	4070	6	0	4094
20488	10	1	13	4119	0	4143
20489	6	4	4121	13	0	4144
20490	4	1	18	4135	0	4158
20491	2	0	4191	20	0	4213
20492	7	3	16	4151	0	4177
20493	2	1	4222	22	0	4247
20494	4	1	21	4182	0	4208
20495	4	4	4273	20	0	4301
20496	14	1	24	4228	0	4267
20497	2	2	7	4306	0	4317
20498	2	4360	8	22	0	4392
20499	3	18	3	4506	0	4530
20500	3	4	4463	24	0	4494
20501	4	7	19	4432	0	4462
20502	2	1	3	4470	0	4476
20503	4506	2	6	27	0	4541
20504	21	1	4	4579	0	4605
20505	5	0	3	4543	0	4551
20506	6	7	4442	25	0	4480
20507	4370	3	18	23	0	4414
20508	21	0	2	4555	0	4578
20509	7	0	7	4563	0	4577
20510	7	1	3	4585	0	4596
20511	4620	0	2	43	0	4665
20512	21	0	3	4682	0	4706
20513	4	2	1	4712	0	4719
20514	4660	0	2	37	0	4699
20515	19	4682	6	12	0	4719
20516	11	18	1	4638	0	4668
20517	12	0	1	4681	0	4694
20518	2	11	4602	23	0	4638
20519	4147	0	17	34	0	4198
20520	21	1	3	4541	0	4566
20521	4	4	4399	20	0	4427
20522	4452	1	18	22	0	4493
20523	25	0	4	4682	0	4711
20524	9	3	6	4855	0	4873
20525	13	2	3	4878	0	4896
20526	10	1	1	5035	0	5047
20527	4	3	5423	44	0	5474
20528	18	2	43	5496	0	5559
20529	12	1	2	6602	0	6617
20530	4	4	7339	108	0	7455
20531	7581	2	130	65	0	7778
20532	7933	1	54	64	0	8052
20533	8007	2	49	31	0	8089
20534	264	1	27	7857	0	8149
20535	7981	0	12	157	0	8150
20536	8148	2	10	77	0	8237
20537	260	0	7	8122	0	8389
20538	8166	2	6	197	0	8371
20539	8262	1	11	89	0	8363
20540	8273	2	2	84	0	8361
20541	8351	1	5	49	0	8406
20542	299	3	7	8049	0	8358
20543	162	7669	4	164	0	7999
20544	111	7703	12	77	0	7903
20545	75	7899	8	67	0	8049
20546	7663	236	4	55	0	7958
20547	7913	127	5	29	0	8074
20548	219	84	7705	26	0	8034
20549	7917	43	148	34	0	8142
20550	262	18	65	7979	0	8324
20551	134	10	51	8045	0	8240
20552	110	10	28	8165	0	8313
20553	7943	6	12	285	0	8246
20554	195	5	10	7964	0	8174
20555	106	7799	9	254	0	8168
20556	99	146	4	8010	0	8259
20557	57	70	8100	229	0	8456
20558	59	60	142	8199	0	8460
20559	8212	40	67	242	0	8561
20560	202	20	8253	118	0	8593
20561	122	13	176	8317	0	8628
20562	112	13	80	8313	0	8518
20563	87	10	57	8428	0	8582
20564	40	8393	36	282	0	8751
20565	54	154	19	8570	0	8797
20566	8474	65	13	281	0	8833
20567	8390	55	14	146	0	8605
20568	256	25	8215	108	0	8604
20569	149	22	8291	72	0	8534
20570	123	13	210	8329	0	8675
20571	74	12	112	8597	0	8795
20572	38	12	8588	260	0	8898
20573	57	20	188	8284	0	8549
20574	34	8430	89	245	0	8798
20575	8788	173	65	129	0	9155
20576	8809	70	44	105	0	9028
20577	8779	53	30	81	0	8943
20578	319	34	8696	44	0	9093
20579	189	25	170	8718	0	9102
20580	122	12	8654	214	0	9002
20581	8428	15	210	118	0	8771
20582	212	8515	103	103	0	8933
20583	128	162	63	8553	0	8906
20584	8579	74	36	226	0	8915
20585	215	63	32	8578	0	8888
20586	124	36	26	8804	0	8990
20587	99	17	8577	294	0	8987
20588	8296	21	181	175	0	8673
20589	223	8522	93	122	0	8960
20590	132	160	64	8646	0	9002
20591	8641	74	48	219	0	8982
20592	243	51	32	8653	0	8979
20593	8598	46	20	273	0	8937
20594	259	8612	22	139	0	9032
20595	8814	180	12	120	0	9126
20596	293	89	8789	71	0	9242
20597	8849	56	177	72	0	9154
20598	8883	45	98	56	0	9082
20599	9007	27	80	57	0	9171
20600	349	23	55	8701	0	9128
20601	231	35	33	8257	0	8556
20602	162	20	22	8792	0	8996
20603	99	8508	27	310	0	8944
20604	8644	177	18	190	0	9029
20605	249	84	15	8661	0	9009
20606	140	66	19	8733	0	8958
20607	126	42	26	8767	0	8961
20608	8578	27	22	336	0	8963
20609	236	19	24	8677	0	8956
20610	133	21	8434	301	0	8889
20611	114	8488	162	164	0	8928
20612	82	173	75	8644	0	8974
20613	61	99	53	8776	0	8989
20614	67	75	38	8905	0	9085
20615	60	50	8579	337	0	9026
20616	66	20	8594	220	0	8900
20617	69	26	243	8691	0	9029
20618	63	25	8905	274	0	9267
20619	57	22	245	9024	0	9348
20620	9022	16	112	327	0	9477
20621	9324	16	66	196	0	9602
20622	9302	21	52	143	0	9518
20623	342	30	8944	112	0	9428
20624	8819	29	188	83	0	9119
20625	300	31	101	8966	0	9398
20626	162	13	8806	229	0	9210
20627	125	13	8422	127	0	8687
20628	98	8245	230	113	0	8686
20629	41	7420	97	64	0	7622
20630	6493	106	186	30	0	6815
20631	98	21	23	6348	0	6490
20632	30	7	6432	67	0	6536
20633	21	15	56	6512	0	6604
20634	6587	9	23	69	0	6688
20635	73	3	6951	33	0	7060
20636	6896	4	74	35	0	7009
20637	7237	3	22	28	0	7290
20638	7163	7	6	29	0	7205
20639	103	7071	11	17	0	7202
20640	7249	76	11	30	0	7366
20641	100	18	12	7305	0	7435
20642	39	12	8	7281	0	7340
20643	34	8	8	7396	0	7446
20644	22	6	7	7330	0	7365
20645	7148	4	11	122	0	7285
20646	82	6994	8	48	0	7132
20647	38	6842	7	22	0	6909
20648	17	7018	9	22	0	7066
20649	7011	85	21	29	0	7146
20650	7001	28	16	26	0	7071
20651	6984	9	10	29	0	7032
20652	6990	12	4	30	0	7036
20653	119	3	9	6944	0	7075
20654	43	4	8	6991	0	7046
20655	6930	8	10	104	0	7052
20656	88	6908	6	41	0	7043
20657	6737	70	8	35	0	6850
20658	6862	15	7	40	0	6924
20659	103	10	7	6785	0	6905
20660	35	6813	11	82	0	6941
20661	34	76	8	6968	0	7086
20662	6902	15	5	103	0	7025
20663	86	14	7008	33	0	7141
20664	36	14	70	6778	0	6898
20665	26	6943	17	83	0	7069
20666	7001	68	9	33	0	7111
20667	6954	16	16	26	0	7012
20668	96	10	6984	19	0	7109
20669	31	6850	71	17	0	6969
20670	29	71	6955	18	0	7073
20671	37	30	73	6799	0	6939
20672	9	9	6754	77	0	6849
20673	21	10	6653	22	0	6706
20674	10	6609	71	19	0	6709
20675	6564	55	17	23	0	6659
20676	6650	19	10	26	0	6705
20677	73	6779	11	13	0	6876
20678	23	6766	8	14	0	6811
20679	23	67	6523	11	0	6624
20680	17	22	6401	16	0	6456
20681	15	16	6609	7	0	6647
20682	18	13	75	6635	0	6741
20683	16	12	6734	61	0	6823
20684	14	10	69	6591	0	6684
20685	22	8	24	6531	0	6585
20686	15	5	6691	76	0	6787
20687	15	6651	63	23	0	6752
20688	15	59	23	6673	0	6770
20689	6680	15	16	78	0	6789
20690	72	16	16	6659	0	6763
20691	24	17	6711	61	0	6813
20692	20	6627	58	27	0	6732
20693	19	6989	23	16	0	7047
20694	18	76	20	6850	0	6964
20695	6818	13	19	84	0	6934
20696	6805	10	14	32	0	6861
20697	78	17	10	6773	0	6878
20698	25	7071	11	70	0	7177
20699	35	72	7	7180	0	7294
20700	35	17	10	7374	0	7436
20701	21	19	9	7417	0	7466
20702	7691	17	9	115	0	7832
20703	107	7746	11	39	0	7903
20704	7807	86	17	32	0	7942
20705	7900	34	8	31	0	7973
20706	7902	20	8	27	0	7957
20707	8085	17	9	31	0	8142
20708	143	14	10	7985	0	8152
20709	48	11	8009	118	0	8186
20710	32	8047	88	52	0	8219
20711	8192	107	32	32	0	8363
20712	8287	35	6	34	0	8362
20713	8399	17	10	34	0	8460
20714	145	23	8195	15	0	8378
20715	8118	19	96	22	0	8255
20716	8320	15	26	15	0	8376
20717	155	14	13	8219	0	8401
20718	52	14	7953	104	0	8123
20719	32	7858	94	39	0	8023
20720	48	102	31	7826	0	8007
20721	7792	25	28	118	0	7963
20722	109	16	11	7793	0	7929
20723	50	12	12	8026	0	8100
20724	8205	14	9	126	0	8354
20725	123	11	8103	49	0	8286
20726	8107	10	97	44	0	8258
20727	8117	8	34	38	0	8197
20728	8132	15	15	31	0	8193
20729	8136	14	16	19	0	8185
20730	152	9	7942	17	0	8120
20731	70	14	102	7813	0	7999
20732	40	8	7938	105	0	8091
20733	36	26	102	7803	0	7967
20734	28	11	7869	105	0	8013
20735	7265	14	100	56	0	7435
20736	116	7223	35	17	0	7391
20737	50	7480	17	14	0	7561
20738	49	122	22	7877	0	8070
20739	54	29	17	8173	0	8273
20740	30	8363	10	143	0	8546
20741	8488	136	12	54	0	8690
20742	8864	45	12	25	0	8946
20743	9170	15	13	30	0	9228
20744	9550	11	8	32	0	9601
20745	231	7	11	9477	0	9726
20746	91	15	10	9769	0	9885
20747	9812	16	8	235	0	10071
20748	213	6	6	9778	0	10003
20749	87	10	9587	191	0	9875
20750	48	7	9643	79	0	9777
20751	58	7	218	9724	0	10007
20752	38	8	9746	190	0	9982
20753	9635	6	184	84	0	9909
20754	208	6	77	9691	0	9982
20755	9749	4	36	200	0	9989
20756	202	13	9840	86	0	10141
20757	91	13	181	9836	0	10121
20758	44	8	9921	199	0	10172
20759	40	9833	192	96	0	10161
20760	9714	180	97	54	0	10045
20761	9797	70	39	48	0	9954
20762	255	9646	32	36	0	9969
20763	9598	182	19	36	0	9835
20764	237	70	17	9466	0	9790
20765	119	32	16	9638	0	9805
20766	9443	16	19	259	0	9737
20767	219	9250	20	99	0	9588
20768	108	9398	10	49	0	9565
20769	72	227	19	9315	0	9633
20770	9223	83	12	213	0	9531
20771	9354	31	20	96	0	9501
20772	9364	30	10	57	0	9461
20773	299	23	9075	35	0	9432
20774	134	19	9041	42	0	9236
20775	74	9065	230	50	0	9419
20776	9081	180	93	42	0	9396
20777	248	74	39	8940	0	9301
20778	8982	26	36	213	0	9257
20779	9025	24	33	97	0	9179
20780	293	23	31	8806	0	9153
20781	136	23	8804	208	0	9171
20782	8814	9	193	103	0	9119
20783	240	19	81	8843	0	9183
20784	112	20	8811	219	0	9162
20785	8756	16	190	102	0	9064
20786	8905	21	79	67	0	9072
20787	294	7	42	8737	0	9080
20788	151	19	8699	214	0	9083
20789	83	26	196	8563	0	8868
20790	76	8711	87	225	0	9099
20791	75	176	8701	99	0	9051
20792	81	8801	183	59	0	9124
20793	8627	180	76	49	0	8932
20794	8743	80	46	50	0	8919
20795	8710	30	51	56	0	8847
20796	8650	27	40	55	0	8772
20797	305	27	30	8341	0	8703
20798	8109	27	36	198	0	8370
20799	244	24	30	7971	0	8269
20800	7729	18	26	210	0	7983
20801	218	7593	29	104	0	7944
20802	130	155	26	7161	0	7472
20803	73	7268	21	172	0	7534
20804	7273	145	21	87	0	7526
20805	7305	61	25	53	0	7444
20806	234	7135	28	48	0	7445
20807	114	161	24	7025	0	7324
20808	68	61	6947	159	0	7235
20809	66	52	139	6839	0	7096
20810	63	24	6807	168	0	7062
20811	75	42	159	6300	0	6576
20812	55	6530	59	157	0	6801
20813	6514	137	33	83	0	6767
20814	6613	60	34	48	0	6755
20815	223	20	27	6513	0	6783
20816	6743	23	27	168	0	6961
20817	197	23	23	6732	0	6975
20818	103	24	23	6820	0	6970
20819	71	17	19	6901	0	7008
20820	6790	16	23	210	0	7039
20821	6791	14	20	106	0	6931
20822	6819	17	17	64	0	6917
20823	212	6450	26	43	0	6731
20824	6283	133	16	51	0	6483
20825	181	6155	23	33	0	6392
20826	6242	143	10	48	0	6443
20827	198	56	18	6149	0	6421
20828	114	30	14	6250	0	6408
20829	6129	34	6	193	0	6362
20830	6221	17	18	78	0	6334
20831	208	6026	14	61	0	6309
20832	6015	128	14	40	0	6197
20833	179	56	11	5832	0	6078
20834	97	28	14	5898	0	6037
20835	5780	17	14	190	0	6001
20836	171	27	5639	80	0	5917
20837	93	5367	103	40	0	5603
20838	64	104	33	4838	0	5039
20839	32	34	4440	89	0	4595
20840	43	104	76	4181	0	4404
20841	4182	16	40	97	0	4335
20842	77	3851	14	42	0	3984
20843	38	3482	8	26	0	3554
20844	25	3261	15	15	0	3316
20845	73	100	50	3006	0	3229
20846	3020	9	59	54	0	3142
20847	37	10	2	2959	0	3008
20848	2946	5	1	35	0	2987
20849	2957	3	0	13	0	2973
20850	34	1	4	2949	0	2988
20851	2937	1	2	37	0	2977
20852	43	1	1	2987	0	3032
20853	10	1	3055	42	0	3108
20854	3015	2	34	15	0	3066
20855	41	2	3272	12	0	3327
20856	3037	4	35	5	0	3081
20857	43	1	3094	7	0	3145
20858	5	4	28	2921	0	2958
20859	8	2	1	3003	0	3014
20860	3072	0	4	37	0	3113
20861	32	2	0	3140	0	3174
20862	3142	0	2	37	0	3181
20863	30	3134	3	12	0	3179
20864	3263	27	0	14	0	3304
20865	37	4	1	3341	0	3383
20866	10	0	1	3373	0	3384
20867	6	3	3	3390	0	3402
20868	6	2	0	3370	0	3378
20869	4	3	3274	34	0	3315
20870	6	1	3183	9	0	3199
20871	1	2	30	3301	0	3334
20872	4	2	3319	31	0	3356
20873	2	3294	26	10	0	3332
20874	6	31	5	3301	0	3343
20875	4	5	3386	30	0	3425
20876	4	3	3306	10	0	3323
20877	6	7	30	3415	0	3458
20878	4	3	3	3457	0	3467
20879	3	3472	2	33	0	3510
20880	2	29	4	3541	0	3576
20881	3	3	3554	34	0	3594
20882	3475	3	42	13	0	3533
20883	42	2	7	3588	0	3639
20884	3609	3	4	48	0	3664
20885	3658	1	3	17	0	3679
20886	3693	2	5	16	0	3716
20887	53	2	3714	2	0	3771
20888	8	2	3647	8	0	3665
20889	3491	4	48	9	0	3552
20890	47	0	3721	11	0	3779
20891	10	1	46	3585	0	3642
20892	14	0	6	3646	0	3666
20893	5	4	3654	49	0	3712
20894	9	3627	44	8	0	3688
20895	3669	45	11	11	0	3736
20896	50	3660	6	5	0	3721
20897	6	3801	5	11	0	3823
20898	3803	49	6	12	0	3870
20899	50	10	3951	6	0	4017
20900	13	5	4004	4	0	4026
20901	10	3	54	3929	0	3996
20902	3985	3	11	53	0	4052
20903	47	4025	6	12	0	4090
20904	4052	51	5	11	0	4119
20905	53	7	4152	4	0	4216
20906	12	4448	50	7	0	4517
20907	10	55	12	4577	0	4654
20908	7	14	4705	59	0	4785
20909	13	6	59	4726	0	4804
20910	25	4	34	4129	0	4192
20911	12	6	9	4813	0	4840
20912	10	2	10	4794	0	4816
20913	4713	6	7	86	0	4812
20914	4726	4	8	25	0	4763
20915	77	8	4747	11	0	4843
20916	4522	5	61	14	0	4602
20917	62	4539	18	16	0	4635
20918	4548	55	9	12	0	4624
20919	68	14	4586	15	0	4683
20920	21	12	57	4501	0	4591
20921	16	6	4607	64	0	4693
20922	19	2	4633	19	0	4673
20923	16	12	69	4575	0	4672
20924	13	5	28	4642	0	4688
20925	13	3	4609	71	0	4696
20926	14	4472	63	24	0	4573
20927	6	4568	26	17	0	4617
20928	10	75	12	4605	0	4702
20929	4561	15	12	74	0	4662
20930	59	4740	15	32	0	4846
20931	20	58	4755	16	0	4849
20932	11	15	4653	18	0	4697
20933	10	11	4805	15	0	4841
20934	17	11	82	4697	0	4807
20935	4768	6	28	72	0	4874
20936	72	4714	12	23	0	4821
20937	23	68	4721	16	0	4828
20938	25	4686	67	12	0	4790
20939	16	66	24	4744	0	4850
20940	10	20	4781	68	0	4879
20941	12	4794	71	26	0	4903
20942	9	63	31	4807	0	4910
20943	17	22	15	4922	0	4976
20944	15	7	4986	84	0	5092
20945	13	10	72	4894	0	4989
20946	9	4917	26	72	0	5024
20947	11	65	4914	32	0	5022
20948	4859	23	71	21	0	4974
20949	64	13	27	4966	0	5070
20950	24	13	12	4958	0	5007
20951	10	4951	17	73	0	5051
20952	4884	58	16	34	0	4992
20953	70	17	4772	18	0	4877
20954	4681	8	61	13	0	4763
20955	62	21	22	4626	0	4731
20956	25	4664	11	61	0	4761
20957	13	65	18	4699	0	4795
20958	16	22	10	4839	0	4887
20959	4767	7	16	93	0	4883
20960	4810	10	14	38	0	4872
20961	79	9	15	4790	0	4893
20962	27	4	4811	70	0	4912
20963	4563	8	67	37	0	4675
20964	62	4796	23	23	0	4904
20965	24	71	8	4805	0	4908
20966	14	31	6	4939	0	4990
20967	12	9	9	4936	0	4966
20968	15	7	4879	93	0	4994
20969	13	6	77	4818	0	4914
20970	9	4892	23	79	0	5003
20971	4	65	20	4842	0	4931
20972	14	4873	11	76	0	4974
20973	16	72	13	4863	0	4964
20974	8	20	4829	86	0	4943
20975	4528	14	67	38	0	4647
20976	76	14	23	4765	0	4878
20977	20	3	4751	77	0	4851
20978	8	4711	68	32	0	4819
20979	4709	68	19	17	0	4813
20980	62	24	4657	19	0	4762
20981	4539	11	67	22	0	4639
20982	59	2	22	4717	0	4800
20983	23	4	9	4751	0	4787
20984	13	4737	9	58	0	4817
20985	4737	46	12	30	0	4825
20986	4676	19	10	15	0	4720
20987	61	4850	6	17	0	4934
20988	28	51	9	4905	0	4993
20989	12	21	8	4943	0	4984
20990	14	6	4	4917	0	4941
20991	3	7	4846	71	0	4927
20992	4756	5	53	32	0	4846
20993	54	9	21	4835	0	4919
20994	25	11	10	4892	0	4938
20995	10	5	4784	73	0	4872
20996	6	13	4739	32	0	4790
20997	13	9	62	4920	0	5004
20998	9	6	5031	60	0	5106
20999	4828	8	53	30	0	4919
21000	53	2	27	4915	0	4997
21001	26	3	6	5025	0	5060
21002	2	12	5171	73	0	5258
21003	9	6	49	5284	0	5348
21004	2	11	5328	60	0	5401
21005	9	5181	53	30	0	5273
21006	4872	44	38	27	0	4981
21007	4868	9	8	9	0	4894
21008	50	4759	6	12	0	4827
21009	12	39	8	4823	0	4882
21010	5	14	4883	42	0	4944
21011	8	4	38	4864	0	4914
21012	4879	5	16	45	0	4945
21013	48	4899	2	17	0	4966
21014	4905	38	4	17	0	4964
21015	46	12	3	4890	0	4951
21016	4891	8	5	46	0	4950
21017	43	4866	4	16	0	4929
21018	4897	34	5	15	0	4951
21019	39	17	4789	9	0	4854
21020	13	4838	34	13	0	4898
21021	8	33	7	4854	0	4902
21022	5010	9	7	43	0	5069
21023	5077	2	3	12	0	5094
21024	47	2	0	5056	0	5105
21025	5105	5	3	42	0	5155
21026	5114	3	3	16	0	5136
21027	5241	5	5	16	0	5267
21028	45	2	6	5258	0	5311
21029	13	4	5308	38	0	5363
21030	7	1	4985	18	0	5011
21031	9	2	5165	6	0	5182
21032	5221	3	37	9	0	5270
21033	45	1	8	5257	0	5311
21034	12	5349	4	37	0	5402
21035	8	29	2	5369	0	5408
21036	3	5436	9	34	0	5482
21037	5526	32	7	18	0	5583
21038	45	7	5	5610	0	5667
21039	15	1	4	5787	0	5807
21040	5871	4	3	51	0	5929
21041	50	3	1	5918	0	5972
21042	14	3	5	6034	0	6056
21043	6136	4	8	55	0	6203
21044	56	4	6229	10	0	6299
21045	22	4	51	6234	0	6311
21046	10	4	6274	55	0	6343
21047	6211	2	53	28	0	6294
21048	60	1	11	6345	0	6417
21049	6337	4	2	66	0	6409
21050	60	2	4	6442	0	6508
21051	15	4	6557	64	0	6640
21052	10	3	57	6683	0	6753
21053	6813	3	11	77	0	6904
21054	62	6916	6	22	0	7006
21055	23	51	6893	11	0	6978
21056	6622	8	57	21	0	6708
21057	68	6971	15	17	0	7071
21058	12	7122	12	23	0	7169
21059	17	7758	7	6	0	7788
21060	16	80	4	8250	0	8350
21061	8377	19	8	101	0	8505
21062	8643	13	8	37	0	8701
21063	132	12	8569	13	0	8726
21064	8413	11	100	25	0	8549
21065	124	8439	28	7	0	8598
21066	55	91	9	8543	0	8698
21067	8817	25	12	107	0	8961
21068	8913	11	7	45	0	8976
21069	8974	12	14	19	0	9019
21070	8880	8	9	24	0	8921
21071	8965	14	11	11	0	9001
21072	159	9	6	8858	0	9032
21073	61	13	8840	104	0	9018
21074	46	5	93	8910	0	9054
21075	55	10	29	9058	0	9152
21076	9031	6	13	138	0	9188
21077	139	8864	15	53	0	9071
21078	9020	100	7	43	0	9170
21079	9209	23	21	32	0	9285
21080	9398	14	10	49	0	9471
21081	9499	13	16	38	0	9566
21082	178	11	9185	25	0	9399
21083	9296	15	99	34	0	9444
21084	9473	11	32	26	0	9542
21085	8204	36	30	60	0	8330
21086	9469	8	9	20	0	9506
21087	202	8	8	9114	0	9332
21088	93	5	8978	118	0	9194
21089	8934	7	106	50	0	9097
21090	159	9002	37	35	0	9233
21091	85	109	21	8884	0	9099
21092	65	9119	19	111	0	9314
21093	60	112	11	9313	0	9496
21094	9338	37	16	139	0	9530
21095	9381	20	11	65	0	9477
21096	9379	28	20	37	0	9464
21097	195	20	8858	24	0	9097
21098	8915	19	97	36	0	9067
21099	175	13	8763	23	0	8974
21100	91	17	8696	26	0	8830
21101	73	14	8980	33	0	9100
21102	96	33	141	8358	0	8628
21103	59	12	62	8734	0	8867
21104	80	7	31	8696	0	8814
21105	64	11	30	8664	0	8769
21106	66	12	27	8348	0	8453
21107	61	16	32	8644	0	8753
21108	40	8652	39	158	0	8889
21109	8588	106	28	69	0	8791
21110	135	8659	19	64	0	8877
21111	70	117	20	8763	0	8970
21112	64	43	10	8894	0	9011
21113	8747	23	14	173	0	8957
21114	145	8712	27	71	0	8955
21115	8824	102	16	63	0	9005
21116	159	57	20	8749	0	8985
21117	100	30	19	8815	0	8964
21118	65	36	28	8833	0	8962
21119	61	19	8733	179	0	8992
21120	62	30	114	8704	0	8910
21121	73	19	8581	154	0	8827
21122	64	27	8431	87	0	8609
21123	66	18	8938	79	0	9101
21124	76	19	143	9045	0	9283
21125	55	21	65	9287	0	9428
21126	56	21	48	9367	0	9492
21127	9326	25	43	204	0	9598
21128	162	32	28	9521	0	9743
21129	9538	21	30	202	0	9791
21130	178	9461	41	107	0	9787
21131	9851	134	31	83	0	10099
21132	10185	45	19	104	0	10353
21133	222	10430	25	69	0	10746
21134	10517	153	23	89	0	10782
21135	10543	50	26	73	0	10692
21136	10721	33	42	72	0	10868
21137	10681	20	34	63	0	10798
21138	262	27	10406	48	0	10743
21139	135	10233	151	45	0	10564
21140	109	153	58	10030	0	10350
21141	10116	57	42	176	0	10391
21142	200	28	10019	83	0	10330
21143	109	9773	131	62	0	10075
21144	97	132	44	9451	0	9724
21145	76	9748	37	149	0	10010
21146	86	138	29	9782	0	10035
21147	78	75	24	9844	0	10021
21148	70	43	9769	204	0	10086
21149	77	40	9673	84	0	9874
21150	9279	29	169	77	0	9554
21151	173	41	9684	47	0	9945
21152	89	34	9599	45	0	9767
21153	86	34	164	9470	0	9754
21154	73	31	71	9473	0	9648
21155	60	9406	49	186	0	9701
21156	57	10052	42	84	0	10235
21157	79	158	9938	53	0	10228
21158	75	149	175	9929	0	10328
21159	42	30	9636	159	0	9867
21160	20	23	8855	48	0	8946
21161	22	8790	143	37	0	8992
21162	77	105	59	8534	0	8775
21163	8580	34	29	117	0	8760
21164	111	18	31	8635	0	8795
21165	8683	22	21	116	0	8842
21166	8669	9	12	62	0	8752
21167	8632	11	11	44	0	8698
21168	144	19	8503	20	0	8686
21169	8526	16	109	29	0	8680
21170	141	7	36	8669	0	8853
21171	8713	11	22	123	0	8869
21172	8755	9	32	37	0	8833
21173	135	8616	27	29	0	8807
21174	8650	110	19	32	0	8811
21175	126	30	8621	31	0	8808
21176	8457	17	103	26	0	8603
21177	8538	15	39	31	0	8623
21178	140	8545	20	12	0	8717
21179	8492	99	22	24	0	8637
21180	140	29	15	8166	0	8350
21181	52	20	18	8181	0	8271
21182	42	8085	11	120	0	8258
21183	42	100	22	8210	0	8374
21184	36	29	12	8305	0	8382
21185	36	21	8192	138	0	8387
21186	22	25	8047	53	0	8147
21187	7960	11	125	42	0	8138
21188	8248	9	42	42	0	8341
21189	156	8	28	8248	0	8440
21190	57	15	8260	112	0	8444
21191	45	8238	110	41	0	8434
21192	44	102	42	8195	0	8383
21193	27	41	8245	120	0	8433
21194	8105	24	128	60	0	8317
21195	139	25	39	8438	0	8641
21196	53	8618	25	145	0	8841
21197	51	127	29	8692	0	8899
21198	50	36	29	8879	0	8994
21199	50	27	22	8955	0	9054
21200	8726	29	23	201	0	8979
21201	169	15	23	8682	0	8889
21202	8779	19	19	187	0	9004
21203	8891	20	22	78	0	9011
21204	211	17	8730	47	0	9005
21205	87	8783	142	59	0	9071
21206	85	149	52	8209	0	8495
21207	60	9136	44	128	0	9368
21208	9321	167	35	57	0	9580
21209	193	70	24	9321	0	9608
21210	77	38	9310	194	0	9619
21211	69	29	9197	73	0	9368
21212	54	24	9270	57	0	9405
21213	9192	24	202	54	0	9472
21214	184	9312	74	51	0	9621
21215	9315	166	45	41	0	9567
21216	200	9377	38	46	0	9661
21217	93	180	37	9327	0	9637
21218	73	66	36	9336	0	9511
21219	46	9381	35	208	0	9670
21220	67	180	9380	76	0	9703
21221	41	9479	176	70	0	9766
21222	9212	178	62	62	0	9514
21223	186	63	41	8887	0	9177
21224	75	35	8715	174	0	8999
21225	48	34	8677	70	0	8829
21226	56	56	193	8574	0	8879
21227	51	31	8433	162	0	8677
21228	36	28	8219	69	0	8352
21229	7847	31	168	57	0	8103
21230	149	7940	66	47	0	8202
21231	7653	136	47	45	0	7881
21232	164	44	7598	31	0	7837
21233	61	7113	143	46	0	7363
21234	43	7287	60	33	0	7423
21235	64	182	70	7159	0	7475
21236	46	44	36	7319	0	7445
21237	34	41	27	7407	0	7509
21238	31	23	7291	181	0	7526
21239	40	28	133	7340	0	7541
21240	38	25	44	7502	0	7609
21241	7431	23	36	179	0	7669
21242	147	7370	35	85	0	7637
21243	65	125	30	7528	0	7748
21244	7514	51	25	176	0	7766
21245	7520	33	29	68	0	7650
21246	180	33	22	7425	0	7660
21247	74	26	7451	177	0	7728
21248	52	24	147	7478	0	7701
21249	43	23	7469	173	0	7708
21250	7732	16	146	87	0	7981
21251	8343	11	58	58	0	8470
21252	214	23	50	8445	0	8732
21253	70	23	8526	192	0	8811
21254	42	8709	180	79	0	9010
21255	48	192	8860	41	0	9141
21256	56	131	189	7899	0	8275
21257	27	8343	68	171	0	8609
21258	8085	164	27	54	0	8330
21259	178	40	20	7883	0	8121
21260	44	7983	22	182	0	8231
21261	8117	166	21	58	0	8362
21262	181	46	23	8031	0	8281
21263	53	8053	20	171	0	8297
21264	48	167	10	8152	0	8377
21265	29	53	8080	182	0	8344
21266	7850	22	157	73	0	8102
21267	8044	31	49	31	0	8155
21268	212	19	7852	28	0	8111
21269	63	7811	163	33	0	8070
21270	7899	169	60	27	0	8155
21271	182	51	33	7844	0	8110
21272	72	25	27	7869	0	7993
21273	48	25	14	8025	0	8112
21274	42	19	16	8064	0	8141
21275	30	13	26	8022	0	8091
21276	7825	22	20	233	0	8100
21277	7990	18	16	82	0	8106
21278	220	11	21	7863	0	8115
21279	75	12	20	8008	0	8115
21280	43	17	7783	228	0	8071
21281	31	23	7761	73	0	7888
21282	7689	15	196	62	0	7962
21283	193	17	56	7708	0	7974
21284	72	15	7659	186	0	7932
21285	38	18	171	7690	0	7917
21286	7720	13	54	210	0	7997
21287	7922	12	35	81	0	8050
21288	222	11	26	7812	0	8071
21289	84	9	20	7884	0	7997
21290	7883	11	11	240	0	8145
21291	189	9	24	7824	0	8046
21292	60	7875	26	206	0	8167
21293	52	167	14	7824	0	8057
21294	54	51	20	7892	0	8017
21295	27	19	7678	215	0	7939
21296	32	15	7435	77	0	7559
21297	33	7603	159	52	0	7847
21298	7484	156	59	56	0	7755
21299	7453	42	28	45	0	7568
21300	7496	18	29	43	0	7586
21301	190	7224	21	47	0	7482
21302	62	7381	26	39	0	7508
21303	7265	156	23	40	0	7484
21304	143	7379	19	42	0	7583
21305	57	141	7206	38	0	7442
21306	41	7237	123	41	0	7442
21307	49	126	7031	40	0	7246
21308	6782	43	138	40	0	7003
21309	7005	32	40	43	0	7120
21310	146	6940	17	42	0	7145
21311	7151	123	24	47	0	7345
21312	7644	34	22	40	0	7740
21313	7764	23	20	31	0	7838
21314	201	20	21	7637	0	7879
21315	7723	20	11	155	0	7909
21316	188	20	7474	62	0	7744
21317	7628	19	128	54	0	7829
21318	175	21	40	7778	0	8014
21319	83	16	7666	158	0	7923
21320	51	18	7744	70	0	7883
21321	60	19	159	7797	0	8035
21322	47	14	61	8013	0	8135
21323	7972	20	41	191	0	8224
21324	159	14	25	7960	0	8158
21325	70	12	7876	189	0	8147
21326	66	14	141	7779	0	8000
21327	46	8035	46	171	0	8298
21328	8168	130	31	92	0	8421
21329	176	40	23	8182	0	8421
21330	69	21	8087	168	0	8345
21331	44	8046	140	69	0	8299
21332	7955	131	47	52	0	8185
21333	161	46	34	8111	0	8352
21334	67	17	8105	161	0	8350
21335	41	8012	133	79	0	8265
21336	8057	133	60	46	0	8296
21337	8000	48	28	55	0	8131
21338	8066	19	24	43	0	8152
21339	186	16	17	7865	0	8084
21340	77	10	23	7986	0	8096
21341	7847	16	20	177	0	8060
21342	152	7765	14	75	0	8006
21343	7868	115	13	60	0	8056
21344	148	38	15	7817	0	8018
21345	8018	21	12	149	0	8200
21346	158	25	16	8060	0	8259
21347	72	18	17	8081	0	8188
21348	59	13	16	8106	0	8194
21349	63	22	14	8136	0	8235
21350	29	14	7516	170	0	7729
21351	27	9	6933	68	0	7037
21352	6334	8	88	54	0	6484
21353	76	6	6741	27	0	6850
21354	27	4	6183	19	0	6233
21355	6084	1	87	11	0	6183
21356	6260	6	58	10	0	6334
21357	75	5	25	6657	0	6762
21358	6738	0	21	59	0	6818
21359	68	6839	12	24	0	6943
21360	7033	43	9	33	0	7118
21361	6958	20	6	23	0	7007
21362	7274	14	2	31	0	7321
21363	85	17	3	7239	0	7344
21364	50	7032	5	48	0	7135
21365	28	7228	5	30	0	7291
21366	7322	59	7	18	0	7406
21367	7315	30	5	24	0	7374
21368	74	18	3	7279	0	7374
21369	36	17	5	7266	0	7324
21370	28	7200	9	63	0	7300
21371	7221	52	5	34	0	7312
21372	59	26	7226	23	0	7334
21373	35	19	40	7159	0	7253
21374	31	11	20	7255	0	7317
21375	19	4	7293	68	0	7384
21376	22	7	46	7217	0	7292
21377	41	5101	50	61	0	5253
21378	10	43	12	7401	0	7466
21379	18	17	10	7344	0	7389
21380	14	6654	10	74	0	6752
21381	16	7327	12	36	0	7391
21382	12	52	6	7419	0	7489
21383	7414	27	4	69	0	7514
21384	43	19	6	7418	0	7486
21385	27	10	8	7464	0	7509
21386	17	7483	13	67	0	7580
21387	22	39	13	7765	0	7839
21388	21	18	7	7707	0	7753
21389	14	12	11	7755	0	7792
21390	7638	7	9	86	0	7740
21391	48	9	7	7655	0	7719
21392	30	6	7	7571	0	7614
21393	23	8	7	7602	0	7640
21394	24	9	7361	70	0	7464
21395	6619	12	37	57	0	6725
21396	56	7180	18	33	0	7287
21397	7345	35	10	32	0	7422
21398	52	19	10	7344	0	7425
21399	33	20	7204	46	0	7303
21400	6669	14	35	42	0	6760
21401	57	10	8188	18	0	8273
21402	40	8	41	8259	0	8348
21403	8624	6	28	57	0	8715
21404	8476	5	17	44	0	8542
21405	8715	4	14	40	0	8773
21406	81	9	5	8715	0	8810
21407	52	3	7	8849	0	8911
21408	28	10	9	8876	0	8923
21409	23	8387	4	77	0	8491
21410	15	8354	7	44	0	8420
21411	15	8235	8	32	0	8290
21412	5	7953	3	7	0	7968
21413	9	11	4	8346	0	8370
21414	8	3	2	8393	0	8406
21415	8330	1	1	30	0	8362
21416	8185	2	5	17	0	8209
21417	8332	3	0	18	0	8353
21418	16	2	3	8231	0	8252
21419	8	1	0	8330	0	8339
21420	8179	1	0	25	0	8205
21421	8061	2	2	15	0	8080
21422	15	6	7934	3	0	7958
21423	17	3	7530	9	0	7559
21424	9	3	7749	14	0	7775
21425	3	3	8234	5	0	8245
21426	6	2	8	8261	0	8277
21427	8250	3	5	19	0	8277
21428	10	8156	2	14	0	8182
21429	8	8	2	8443	0	8461
21430	1	7	8430	12	0	8450
21431	2	8659	8	16	0	8685
21432	4	6	3	8901	0	8914
21433	3	6	8831	11	0	8851
21434	8	0	9	8626	0	8643
21435	12	1	5	8766	0	8784
21436	8941	3	0	26	0	8970
21437	13	2	2	9019	0	9036
21438	6	5	9059	9	0	9079
21439	5	0	11	8956	0	8972
21440	2	9587	6	14	0	9609
21441	6	8	4	10134	0	10152
21442	6	2	4	10209	0	10221
21443	5	0	2	10131	0	10138
21444	10323	0	0	37	0	10360
21445	10244	2	1	21	0	10268
21446	10373	0	1	25	0	10399
21447	10397	2	1	31	0	10431
21448	17	4	10292	8	0	10321
21449	10067	3	10	21	0	10101
21450	10390	0	6	15	0	10411
21451	15	3	10174	4	0	10196
21452	6	4	10643	7	0	10660
21453	12	2	11	10770	0	10795
21454	3	10823	5	17	0	10848
21455	11075	8	8	24	0	11115
21456	11289	1	0	24	0	11314
21457	11144	1	1	19	0	11165
21458	18	0	1	11067	0	11086
21459	2	11286	4	16	0	11308
21460	11656	9	3	46	0	11714
21461	11875	4	2	29	0	11910
21462	17	2	2	11683	0	11704
21463	8	4	11529	11	0	11552
21464	11533	1	9	20	0	11563
21465	16	1	8	11959	0	11984
21466	12207	1	1	40	0	12249
21467	16	0	2	12394	0	12412
21468	7	3	12433	9	0	12452
21469	13016	1	12	52	0	13081
21470	15	0	5	13399	0	13419
21471	16	1	1	13511	0	13529
21472	12	3	1	13549	0	13565
21473	11	0	4	13522	0	13537
21474	13726	0	2	36	0	13764
21475	13	5	2	13670	0	13690
21476	23	13687	5	20	0	13735
21477	7	19	2	14036	0	14064
21478	6	13996	8	24	0	14034
21479	4	20	1	14319	0	14344
21480	11	6	4	14411	0	14432
21481	5	14296	5	43	0	14349
21482	6	23	2	14573	0	14604
21483	13	7	1	14559	0	14580
21484	14517	0	2	55	0	14574
21485	34	6	14811	7	0	14858
21486	14	2	37	14955	0	15008
21487	15097	1	7	70	0	15175
21488	15102	2	3	36	0	15143
21489	15137	0	4	26	0	15167
21490	60	10	15151	7	0	15228
21491	25	7	15212	14	0	15258
21492	28	11	74	15726	0	15839
21493	15994	3	21	97	0	16115
21494	75	3	15821	23	0	15922
21495	15408	3	66	45	0	15522
21496	70	15956	19	23	0	16068
21497	33	66	7	16639	0	16745
21498	23	17	5	16955	0	17000
21499	17091	8	6	123	0	17228
21500	82	2	3	17284	0	17371
21501	16526	4	4	113	0	16647
21502	16701	10	2	57	0	16770
21503	95	3	5	16610	0	16713
21504	36	1	8	16685	0	16730
21505	16656	2	2	129	0	16789
21506	90	5	17266	29	0	17390
21507	16994	4	77	83	0	17158
21508	98	7	17872	11	0	17988
21509	17998	4	71	58	0	18131
21510	18974	1	20	58	0	19053
21511	18732	4	12	51	0	18799
21512	18543	3	7	51	0	18604
21513	100	18459	12	27	0	18598
21514	18860	73	5	50	0	18988
21515	18949	16	7	36	0	19008
21516	112	19603	7	24	0	19746
21517	19874	77	4	60	0	20015
21518	99	29	19721	16	0	19865
21519	19677	9	85	45	0	19816
21520	121	29	20150	10	0	20310
21521	54	5	102	20230	0	20391
21522	43	1	31	20477	0	20552
21523	32	23	20369	125	0	20549
21524	38	6	100	20453	0	20597
21525	370	101	262	12928	0	13661
21526	21521	4	17	209	0	21751
21527	159	5	21	21745	0	21930
21528	57	11	16	21684	0	21768
21529	48	8	7	21811	0	21874
21530	32	21405	20	190	0	21647
21531	43	137	14	21565	0	21759
21532	21672	33	12	206	0	21923
21533	175	23	22070	58	0	22326
21534	77	8	167	22488	0	22740
21535	42	15	22575	197	0	22829
21536	22406	4	185	112	0	22707
21537	239	13	40	23931	0	24223
21538	76	25	28651	276	0	29028
21539	87	6	501	28891	0	29485
21540	77	12	360	28847	0	29296
21541	39	28628	271	878	0	29816
21542	69	489	143	29997	0	30698
21543	94	334	49	31691	0	32168
21544	51	265	31028	1137	0	32481
21545	85	146	612	31456	0	32299
21546	93	46	396	32007	0	32542
21547	30854	28	296	1242	0	32420
21548	30914	29	177	824	0	31944
21549	972	30804	99	551	0	32426
21550	31548	617	74	386	0	32625
21551	31777	390	88	299	0	32554
21552	1196	31175	103	246	0	32720
21553	809	774	77	31167	0	32827
21554	31598	456	62	871	0	32987
21555	31889	322	56	631	0	32898
21556	31214	210	54	523	0	32001
21557	1422	30505	80	319	0	32326
21558	980	697	31191	231	0	33099
21559	31935	452	653	239	0	33279
21560	32316	378	393	245	0	33332
21561	1278	31881	293	214	0	33666
21562	32413	801	172	240	0	33626
21563	33228	483	106	212	0	34029
21564	1515	389	78	32071	0	34053
21565	986	277	32015	854	0	34132
21566	778	157	749	32629	0	34313
21567	566	126	457	32951	0	34100
21568	449	142	324	33299	0	34214
21569	354	158	31553	1482	0	33547
21570	421	128	775	31076	0	32400
21571	366	114	471	32361	0	33312
21572	316	101	362	32737	0	33516
21573	324	73	242	32928	0	33567
21574	290	81	139	33002	0	33512
21575	218	31681	135	1980	0	34014
21576	222	779	122	32923	0	34046
21577	192	445	160	33779	0	34576
21578	159	313	32300	1694	0	34466
21579	232	188	810	34695	0	35925
21580	211	123	456	35392	0	36182
21581	212	105	356	36288	0	36961
21582	205	104	241	36961	0	37511
21583	35219	123	157	2260	0	37759
21584	1058	121	132	36672	0	37983
21585	655	137	107	36815	0	37714
21586	499	125	34348	2041	0	37013
21587	371	32658	892	1459	0	35380
21588	185	35013	593	1111	0	36902
21589	34122	1237	506	874	0	36739
21590	958	34705	302	753	0	36718
21591	675	1272	160	34429	0	36536
21592	34192	725	156	1504	0	36577
21593	1161	519	33985	1103	0	36768
21594	742	375	943	34346	0	36406
21595	576	34038	603	1518	0	36735
21596	475	1017	455	34154	0	36101
21597	268	34549	304	1693	0	36814
21598	349	1329	171	34875	0	36724
21599	34329	795	121	1759	0	37004
21600	1221	601	34434	1102	0	37358
21601	832	415	1014	33657	0	35918
21602	662	34474	631	1431	0	37198
21603	34607	1096	479	994	0	37176
21604	1233	711	34200	864	0	37008
21605	812	610	1045	34207	0	36674
21606	708	436	33350	1405	0	35899
21607	633	287	1336	33429	0	35685
21608	442	240	32889	1718	0	35289
21609	362	278	1449	32516	0	34605
21610	341	248	862	33084	0	34535
21611	31715	230	607	1979	0	34531
21612	32540	233	409	1356	0	34538
21613	1675	220	325	31613	0	33833
21614	1110	31282	293	1574	0	34259
21615	819	1064	239	32260	0	34382
21616	552	625	254	32370	0	33801
21617	30421	451	295	2180	0	33347
21618	1130	30574	267	1581	0	33552
21619	30633	1092	216	1218	0	33159
21620	30847	666	220	953	0	32686
21621	1686	29163	199	845	0	31893
21622	1095	30935	182	854	0	33066
21623	30323	1411	218	879	0	32831
21624	1375	878	29336	947	0	32536
21625	29520	630	994	897	0	32041
21626	29764	480	627	773	0	31644
21627	1834	28510	539	751	0	31634
21628	1311	1097	358	26521	0	29287
21629	885	28795	284	1398	0	31362
21630	28510	1435	284	1029	0	31258
21631	29207	945	317	828	0	31297
21632	1762	715	250	28178	0	30905
21633	1257	609	216	28381	0	30463
21634	27041	392	183	1886	0	29502
21635	1435	26386	204	1390	0	29415
21636	1005	25647	183	1148	0	27983
21637	813	25438	226	819	0	27296
21638	362	19622	128	462	0	20574
21639	317	20219	137	484	0	21157
21640	435	1112	219	19135	0	20901
21641	283	467	18513	925	0	20188
21642	331	18463	529	500	0	19823
21643	16922	638	241	360	0	18161
21644	665	310	200	16691	0	17866
21645	16534	307	148	644	0	17633
21646	659	16507	140	376	0	17682
21647	16503	571	190	322	0	17586
21648	703	16478	205	257	0	17643
21649	375	593	231	16546	0	17745
21650	16569	272	193	684	0	17718
21651	16930	231	212	400	0	17773
21652	673	187	175	16801	0	17836
21653	417	182	150	16840	0	17589
21654	373	16327	117	785	0	17602
21655	343	514	90	16569	0	17516
21656	325	274	65	16875	0	17539
21657	333	320	62	16455	0	17170
21658	254	15421	69	877	0	16621
21659	14387	482	56	523	0	15448
21660	525	14495	51	418	0	15489
21661	14279	556	42	309	0	15186
21662	659	14248	68	218	0	15193
21663	413	555	13723	200	0	14891
21664	372	370	390	13628	0	14760
21665	300	280	13405	448	0	14433
21666	252	249	13294	254	0	14049
21667	280	243	519	13019	0	14061
21668	316	155	13112	460	0	14043
21669	304	166	492	12906	0	13868
21670	329	156	228	13033	0	13746
21671	257	185	150	13334	0	13926
21672	12895	187	98	686	0	13866
21673	558	183	84	12904	0	13729
21674	386	156	49	12827	0	13418
21675	12006	128	49	647	0	12830
21676	556	11559	22	431	0	12568
21677	308	10928	37	344	0	11617
21678	305	11122	20	257	0	11704
21679	202	681	51	8813	0	9747
21680	126	168	8824	281	0	9399
21681	7723	175	227	138	0	8263
21682	213	7851	73	89	0	8226
21683	7468	199	60	72	0	7799
21684	7474	87	29	46	0	7636
21685	7477	89	24	46	0	7636
21686	241	77	7378	40	0	7736
21687	134	82	135	7414	0	7765
21688	105	59	56	7572	0	7792
21689	115	51	39	7624	0	7829
21690	107	39	28	7442	0	7616
21691	81	7145	26	230	0	7482
21692	7118	141	17	122	0	7398
21693	136	69	6669	71	0	6945
21694	6390	47	98	59	0	6594
21695	163	92	35	6025	0	6315
21696	82	5859	19	126	0	6086
21697	48	6023	16	84	0	6171
21698	87	385	25	5333	0	5830
21699	39	5450	9	104	0	5602
21700	4836	70	9	51	0	4966
21701	73	25	4710	21	0	4829
21702	32	23	41	4433	0	4529
21703	22	13	16	4624	0	4675
21704	15	10	10	4709	0	4744
21705	8	9	11	4695	0	4723
21706	4708	10	3	75	0	4796
21707	53	4872	6	35	0	4966
21708	5323	59	5	20	0	5407
21709	78	31	2	5401	0	5512
21710	54	16	4	5624	0	5698
21711	28	5789	7	97	0	5921
21712	6027	64	8	62	0	6161
21713	6129	35	2	46	0	6212
21714	112	6120	3	24	0	6259
21715	59	79	1	5712	0	5851
21716	27	5916	4	75	0	6022
21717	5906	86	0	45	0	6037
21718	80	55	5894	19	0	6048
21719	50	18	5754	14	0	5836
21720	5608	19	100	19	0	5746
21721	80	5762	49	21	0	5912
21722	45	65	27	5792	0	5929
21723	33	44	12	5844	0	5933
21724	16	29	5857	111	0	6013
21725	12	14	64	5830	0	5920
21726	20	12	40	5899	0	5971
21727	20	5800	19	113	0	5952
21728	23	72	16	5837	0	5948
21729	8	49	6	5848	0	5911
21730	5696	20	3	131	0	5850
21731	67	5564	9	68	0	5708
21732	50	5660	7	41	0	5758
21733	22	93	12	5694	0	5821
21734	19	54	12	5754	0	5839
21735	15	26	6	5748	0	5795
21736	10	5654	7	127	0	5798
21737	13	71	7	5761	0	5852
21738	14	42	3	5719	0	5778
21739	19	22	8	5753	0	5802
21740	18	17	2	5724	0	5761
21741	4	5457	4	151	0	5616
21742	5	5774	7	82	0	5868
21743	5646	92	2	45	0	5785
21744	5663	48	5	32	0	5748
21745	117	29	0	5638	0	5784
21746	52	26	5654	85	0	5817
21747	34	20	67	5702	0	5823
21748	29	13	35	5702	0	5779
21749	5564	12	17	132	0	5725
21750	75	5676	13	65	0	5829
21751	49	82	6	5653	0	5790
21752	30	48	3	5713	0	5794
21753	26	22	5562	128	0	5738
21754	16	20	5602	70	0	5708
21755	16	12	104	5591	0	5723
21756	23	11	50	5563	0	5647
21757	7	5476	24	119	0	5626
21758	16	5611	16	69	0	5712
21759	5566	101	12	46	0	5725
21760	84	47	12	5650	0	5793
21761	43	30	5583	88	0	5744
21762	26	5578	68	66	0	5738
21763	16	80	35	5673	0	5804
21764	5680	44	18	106	0	5848
21765	66	31	14	5788	0	5899
21766	5671	21	9	110	0	5811
21767	89	5735	5	83	0	5912
21768	5706	82	11	43	0	5842
21769	89	53	9	5824	0	5975
21770	57	29	5998	104	0	6188
21771	40	24	81	5959	0	6104
21772	22	6156	38	111	0	6327
21773	22	105	23	6185	0	6335
21774	21	6436	20	113	0	6590
21775	33	111	7	6625	0	6776
21776	12	50	6470	149	0	6681
21777	16	31	6340	75	0	6462
21778	15	24	6477	59	0	6575
21779	6377	27	141	50	0	6595
21780	104	6415	63	54	0	6636
21781	58	6613	32	31	0	6734
21782	6478	147	20	43	0	6688
21783	6518	63	15	43	0	6639
21784	152	35	14	6445	0	6646
21785	69	33	6427	119	0	6648
21786	41	29	6254	73	0	6397
21787	34	26	138	6251	0	6449
21788	6223	20	63	144	0	6450
21789	108	6195	41	73	0	6417
21790	65	113	23	6241	0	6442
21791	6197	55	21	148	0	6421
21792	6237	29	22	95	0	6383
21793	130	23	6117	60	0	6330
21794	6022	25	95	57	0	6199
21795	136	16	6221	54	0	6427
21796	65	35	6324	39	0	6463
21797	46	22	142	6150	0	6360
21798	47	22	61	6245	0	6375
21799	38	22	34	6351	0	6445
21800	31	16	6180	171	0	6398
21801	6194	27	113	96	0	6430
21802	121	21	59	6427	0	6628
21803	6206	22	28	159	0	6415
21804	6244	24	24	85	0	6377
21805	157	6219	20	61	0	6457
21806	70	6324	22	57	0	6473
21807	47	6248	27	44	0	6366
21808	40	128	27	5786	0	5981
21809	23	39	5772	102	0	5936
21810	21	195	87	5334	0	5637
21811	22	5440	34	93	0	5589
21812	23	5371	12	31	0	5437
21813	25	89	11	5299	0	5424
21814	5231	27	12	82	0	5352
21815	79	5169	14	32	0	5294
21816	27	5174	10	24	0	5235
21817	5305	89	13	26	0	5433
21818	81	30	13	5296	0	5420
21819	29	15	9	5370	0	5423
21820	29	12	14	5429	0	5484
21821	5262	8	11	107	0	5388
21822	5331	11	10	43	0	5395
21823	103	12	6	5310	0	5431
21824	37	14	5178	83	0	5312
21825	5182	11	79	34	0	5306
21826	87	10	20	5303	0	5420
21827	27	15	5218	92	0	5352
21828	19	12	5196	35	0	5262
21829	14	13	92	5335	0	5454
21830	22	10	5566	95	0	5693
21831	17	11	86	5921	0	6035
21832	29	16	34	5743	0	5822
21833	34	13	15	6231	0	6293
21834	6164	13	11	140	0	6328
21835	109	19	11	6184	0	6323
21836	40	18	8	6273	0	6339
21837	33	21	16	6257	0	6327
21838	20	13	21	6257	0	6311
21839	20	18	6023	139	0	6200
21840	18	6013	80	64	0	6175
21841	15	96	30	5915	0	6056
21842	26	38	18	5864	0	5946
21843	24	5645	10	117	0	5796
21844	19	5939	11	49	0	6018
21845	5862	107	19	44	0	6032
21846	97	5778	18	26	0	5919
21847	42	86	17	5726	0	5871
21848	22	35	5780	113	0	5950
21849	5598	29	87	52	0	5766
21850	97	19	5601	36	0	5753
21851	5547	11	90	47	0	5695
21852	5651	13	34	33	0	5731
21853	117	7	5647	34	0	5805
21854	62	12	89	5401	0	5564
21855	38	5420	43	99	0	5600
21856	29	83	29	5779	0	5920
21857	5880	30	24	125	0	6059
21858	5921	19	19	70	0	6029
21859	117	5877	17	57	0	6068
21860	5908	89	14	54	0	6065
21861	115	25	21	5826	0	5987
21862	5821	20	15	124	0	5980
21863	5948	12	13	64	0	6037
21864	127	16	15	5878	0	6036
21865	5857	14	10	122	0	6003
21866	5694	14	9	78	0	5795
21867	111	28	5708	48	0	5895
21868	5638	29	81	38	0	5786
21869	105	22	5568	40	0	5735
21870	45	11	5260	35	0	5351
21871	29	5397	93	29	0	5548
21872	45	82	57	5188	0	5372
21873	30	31	5221	76	0	5358
21874	26	17	5066	41	0	5150
21875	5205	21	78	42	0	5346
21876	68	17	40	5229	0	5354
21877	41	16	21	5375	0	5453
21878	28	11	16	5431	0	5486
21879	19	13	17	5435	0	5484
21880	24	13	12	5478	0	5527
21881	25	12	5379	103	0	5519
21882	29	13	5320	55	0	5417
21883	31	13	80	5432	0	5556
21884	5371	11	34	86	0	5502
21885	70	5341	27	54	0	5492
21886	48	60	15	5360	0	5483
21887	5353	29	13	93	0	5488
21888	75	5351	11	60	0	5497
21889	51	60	14	5444	0	5569
21890	39	32	14	5508	0	5593
21891	24	13	13	5523	0	5573
21892	5440	11	19	110	0	5580
21893	77	11	5341	62	0	5491
21894	5367	8	72	49	0	5496
21895	92	8	37	5436	0	5573
21896	42	17	20	5295	0	5374
21897	30	5343	25	102	0	5500
21898	21	57	5229	61	0	5368
21899	5251	28	64	50	0	5393
21900	5377	18	34	43	0	5472
21901	94	12	5270	43	0	5419
21902	5095	9	62	48	0	5214
21903	79	5248	29	37	0	5393
21904	38	5314	23	29	0	5404
21905	30	5362	17	29	0	5438
21906	5167	84	28	30	0	5309
21907	77	36	5148	29	0	5290
21908	43	50	55	4889	0	5037
21909	29	4796	31	55	0	4911
21910	19	4840	23	27	0	4909
21911	19	4828	17	29	0	4893
21912	77	104	19	3787	0	3987
21913	4590	33	10	66	0	4699
21914	45	4591	13	44	0	4693
21915	33	48	2	4659	0	4742
21916	27	25	9	4695	0	4756
21917	4583	12	8	67	0	4670
21918	63	10	10	4577	0	4660
21919	43	8	9	4673	0	4733
21920	25	11	4627	77	0	4740
21921	20	15	39	4580	0	4654
21922	24	7	25	4695	0	4751
21923	4671	6	14	71	0	4762
21924	4649	5	8	41	0	4703
21925	83	6	11	4652	0	4752
21926	4451	10	9	57	0	4527
21927	4574	11	7	35	0	4627
21928	69	4564	10	20	0	4663
21929	34	46	4445	9	0	4534
21930	21	4292	47	13	0	4373
21931	30	110	32	3916	0	4088
21932	3814	15	30	31	0	3890
21933	25	3777	6	20	0	3828
21934	8	22	6	3804	0	3840
21935	3779	11	6	28	0	3824
21936	3755	7	5	19	0	3786
21937	32	4	3	3751	0	3790
21938	9	4	3860	35	0	3908
21939	10	2	21	3873	0	3906
21940	6	6	6	3963	0	3981
21941	6	5	3963	34	0	4008
21942	5	3	27	3928	0	3963
21943	11	1	10	3966	0	3988
21944	4115	3	6	44	0	4168
21945	31	4	2	4199	0	4236
21946	13	4	5	4210	0	4232
21947	4156	7	3	42	0	4208
21948	4130	2	1	23	0	4156
21949	4104	3	1	15	0	4123
21950	33	10	4116	7	0	4166
21951	16	4	23	4062	0	4105
21952	7	4129	6	31	0	4173
21953	8	25	6	4261	0	4300
21954	10	6	4324	27	0	4367
21955	14	22	27	4072	0	4135
21956	12	1	4171	29	0	4213
21957	3943	2	31	17	0	3993
21958	4027	1	6	5	0	4039
21959	25	2	4	4086	0	4117
21960	12	2	1	4092	0	4107
21961	9	4	1	4047	0	4061
21962	3	4161	2	26	0	4192
21963	4151	18	4	15	0	4188
21964	4177	5	1	16	0	4199
21965	23	5	1	4121	0	4150
21966	12	2	1	4111	0	4126
21967	6	2	1	4114	0	4123
21968	5	1	2	4107	0	4115
21969	4	2	4079	28	0	4113
21970	6	1	18	4075	0	4100
21971	3971	1	4	28	0	4004
21972	3935	1	4	11	0	3951
21973	24	0	1	3845	0	3870
21974	7	3	3746	20	0	3776
21975	3583	0	18	21	0	3622
21976	22	1	6	3765	0	3794
21977	6	3633	2	27	0	3668
21978	4	3744	3	5	0	3756
21979	3828	19	1	15	0	3863
21980	22	6	0	3888	0	3916
21981	6	3	1	3983	0	3993
21982	5	0	1	4155	0	4161
21983	3	2	1	4181	0	4187
21984	4	2	0	4338	0	4344
21985	1	1	4308	46	0	4356
21986	1	3	4242	18	0	4264
21987	2	2	4294	13	0	4311
21988	5	1	49	4302	0	4357
21989	1	1	4474	45	0	4521
21990	2	2	49	4459	0	4512
21991	7	3	14	4486	0	4510
21992	3	0	7	4658	0	4668
21993	4764	1	3	78	0	4846
21994	50	1	9	4822	0	4882
21995	12	0	2	4901	0	4915
21996	4851	1	5	76	0	4933
21997	54	4855	7	31	0	4947
21998	11	5016	3	17	0	5047
21999	5009	67	4	17	0	5097
22000	56	5123	4	12	0	5195
22001	5117	65	2	14	0	5198
22002	5185	14	1	9	0	5209
22003	5188	9	1	17	0	5215
22004	5076	1	0	17	0	5094
22005	5149	6	1	10	0	5166
22006	78	5095	1	6	0	5180
22007	5075	59	1	16	0	5151
22008	5194	12	6	11	0	5223
22009	78	5346	3	4	0	5431
22010	5911	61	1	15	0	5988
22011	6057	15	1	18	0	6091
22012	6506	12	4	15	0	6537
22013	6806	9	2	16	0	6833
22014	160	14	7027	10	0	7211
22015	72	9	127	7419	0	7627
22016	51	7	29	7639	0	7726
22017	27	9	7519	171	0	7726
22018	25	12	7436	52	0	7525
22019	7432	5	172	35	0	7644
22020	173	7	49	7565	0	7794
22021	53	10	7628	149	0	7840
22022	42	9	7595	42	0	7688
22023	7514	3	170	44	0	7731
22024	7725	7	58	20	0	7810
22025	7738	4	37	21	0	7800
22026	211	7	7662	11	0	7891
22027	93	7	148	7656	0	7904
22028	59	5	7775	150	0	7989
22029	7730	5	168	53	0	7956
22030	169	8	7909	37	0	8123
22031	75	7	185	7839	0	8106
22032	76	1	51	7867	0	7995
22033	40	7967	53	159	0	8219
22034	8065	148	35	68	0	8316
22035	177	33	8050	52	0	8312
22036	8024	25	171	42	0	8262
22037	199	14	8262	24	0	8499
22038	77	13	198	8040	0	8328
22039	84	4	53	8244	0	8385
22040	58	9	51	8250	0	8368
22041	8103	4	31	229	0	8367
22042	190	5	46	8011	0	8252
22043	92	7	27	8130	0	8256
22044	69	7855	28	215	0	8167
22045	48	150	33	7958	0	8189
22046	7831	33	34	217	0	8115
22047	179	28	7812	86	0	8105
22048	87	15	173	7786	0	8061
22049	58	19	7809	193	0	8079
22050	53	7626	200	75	0	7954
22051	44	137	7849	70	0	8100
22052	7664	50	210	65	0	7989
22053	7894	32	72	53	0	8051
22054	221	16	68	7677	0	7982
22055	7740	16	48	197	0	8001
22056	7852	7	52	82	0	7993
22057	233	11	42	7774	0	8060
22058	106	11	41	7953	0	8111
22059	65	13	7809	232	0	8119
22060	73	7776	170	95	0	8114
22061	7810	155	61	85	0	8111
22062	203	7686	48	64	0	8001
22063	84	179	53	7718	0	8034
22064	77	54	40	7834	0	8005
22065	73	41	37	7849	0	8000
22066	61	25	46	7850	0	7982
22067	54	20	7611	250	0	7935
22068	7458	18	195	113	0	7784
22069	7761	22	60	99	0	7942
22070	233	24	58	7642	0	7957
22071	7662	14	49	218	0	7943
22072	241	17	35	7670	0	7963
22073	98	12	7611	245	0	7966
22074	84	20	165	7575	0	7844
22075	65	7558	67	223	0	7913
22076	76	155	41	7410	0	7682
22077	56	7526	43	220	0	7845
22078	46	173	31	7368	0	7618
22079	38	7469	40	218	0	7765
22080	7300	177	35	100	0	7612
22081	185	57	7281	80	0	7603
22082	77	6936	155	72	0	7240
22083	65	7127	63	70	0	7325
22084	81	164	78	6911	0	7234
22085	54	47	47	6914	0	7062
22086	49	48	31	6929	0	7057
22087	64	30	39	6966	0	7099
22088	51	6780	42	215	0	7088
22089	60	134	31	6716	0	6941
22090	51	39	25	6754	0	6869
22091	6511	40	26	215	0	6792
22092	173	24	29	6589	0	6815
22093	57	34	6414	205	0	6710
22094	58	27	6294	104	0	6483
22095	6085	32	138	94	0	6349
22096	140	6244	58	75	0	6517
22097	56	6337	44	61	0	6498
22098	55	145	43	6204	0	6447
22099	48	61	18	6302	0	6429
22100	33	43	6056	180	0	6312
22101	5846	33	118	104	0	6101
22102	6090	23	40	87	0	6240
22103	145	30	6172	70	0	6417
22104	68	22	5996	62	0	6148
22105	6096	15	140	73	0	6324
22106	6355	15	50	64	0	6484
22107	6327	24	37	61	0	6449
22108	6239	23	31	64	0	6357
22109	176	5912	23	54	0	6165
22110	5367	86	19	39	0	5511
22111	115	29	5115	43	0	5302
22112	40	22	4601	25	0	4688
22113	30	14	4679	23	0	4746
22114	86	269	130	3791	0	4276
22115	3796	5	47	30	0	3878
22116	3789	3	5	13	0	3810
22117	29	6	3	3795	0	3833
22118	9	6	3	3613	0	3631
22119	6	2	4	3787	0	3799
22120	5	3979	4	31	0	4019
22121	4057	23	4	15	0	4099
22122	4063	3	3	13	0	4082
22123	4089	4	1	13	0	4107
22124	4065	2	3	12	0	4082
22125	4078	2	5	13	0	4098
22126	34	2	2	3968	0	4006
22127	11	3887	5	26	0	3929
22128	12	20	4	3695	0	3731
22129	9	8	3	3763	0	3783
22130	3686	3	2	27	0	3718
22131	19	3	3640	4	0	3666
22132	11	4	3411	4	0	3430
22133	6	3	3517	8	0	3534
22134	3723	2	19	8	0	3752
22135	3835	3	17	8	0	3863
22136	21	2	1	3958	0	3982
22137	6	0	3	3856	0	3865
22138	7	1	2	3942	0	3952
22139	5	0	3959	21	0	3985
22140	4	2	17	3908	0	3931
22141	4	0	4162	19	0	4185
22142	7	3	20	4158	0	4188
22143	4	2	5	4179	0	4190
22144	2	0	4	4318	0	4324
22145	4311	2	3	29	0	4345
22146	4343	0	1	16	0	4360
22147	21	1	4360	5	0	4387
22148	4319	1	16	10	0	4346
22149	4368	1	2	7	0	4378
22150	25	0	5	4361	0	4391
22151	4391	0	1	28	0	4420
22152	22	1	2	4504	0	4529
22153	8	0	1	4503	0	4512
22154	4	2	4445	26	0	4477
22155	4302	1	16	18	0	4337
22156	18	0	7	4482	0	4507
22157	9	1	4524	19	0	4553
22158	5	1	4659	12	0	4677
22159	4	3	21	4588	0	4616
22160	10	0	12	4624	0	4646
22161	4736	0	4	32	0	4772
22162	22	0	4	4787	0	4813
22163	10	0	6	4771	0	4787
22164	8	1	3	4866	0	4878
22165	5	0	5	5128	0	5138
22166	5297	0	1	36	0	5334
22167	5301	1	2	24	0	5328
22168	5436	1	4	17	0	5458
22169	5534	0	6	14	0	5554
22170	47	0	2	5702	0	5751
22171	5773	0	1	47	0	5821
22172	46	1	3	5803	0	5853
22173	5884	0	6	41	0	5931
22174	46	1	1	5888	0	5936
22175	18	0	3	5870	0	5891
22176	13	5864	3	50	0	5930
22177	19	31	0	5902	0	5952
22178	5858	9	2	53	0	5922
22179	5745	5	2	30	0	5782
22180	49	2	5816	21	0	5888
22181	22	5835	32	14	0	5903
22182	5891	33	12	11	0	5947
22183	45	5952	11	12	0	6020
22184	5952	37	2	16	0	6007
22185	47	6133	8	16	0	6204
22186	20	41	6196	12	0	6269
22187	19	6193	35	18	0	6265
22188	16	6264	13	16	0	6309
22189	17	46	9	6484	0	6556
22190	6612	18	2	64	0	6696
22191	44	11	6	6678	0	6739
22192	20	12	4	6664	0	6700
22193	6593	5	0	78	0	6676
22194	6756	5	1	31	0	6793
22195	66	3	6	6772	0	6847
22196	34	12	8	6759	0	6813
22197	20	8	5	6765	0	6798
22198	6637	10	5	72	0	6724
22199	60	14	6654	25	0	6753
22200	36	10	34	6655	0	6735
22201	18	8	6798	48	0	6872
22202	14	6682	51	31	0	6778
22203	16	40	6601	24	0	6681
22204	18	19	43	6549	0	6629
22205	23	12	6556	53	0	6644
22206	6379	6	42	43	0	6470
22207	43	6	17	6585	0	6651
22208	27	6769	11	61	0	6868
22209	33	38	5	6770	0	6846
22210	19	6713	8	65	0	6805
22211	22	6734	5	37	0	6798
22212	22	6824	6	28	0	6880
22213	24	52	5	6509	0	6590
22214	16	6643	14	44	0	6717
22215	6589	46	9	44	0	6688
22216	48	17	6539	27	0	6631
22217	39	21	6382	12	0	6454
22218	24	12	6569	16	0	6621
22219	10	8	62	6699	0	6779
22220	19	10	26	6464	0	6519
22221	21	11	14	6408	0	6454
22222	27	6	8	6448	0	6489
22223	34	15	7	6255	0	6311
22224	22	6514	14	67	0	6617
22225	19	50	6496	37	0	6602
22226	25	28	6395	23	0	6471
22227	27	6626	49	22	0	6724
22228	32	42	22	6774	0	6870
22229	18	25	11	6804	0	6858
22230	23	22	11	6770	0	6826
22231	6707	13	13	77	0	6810
22232	52	18	6638	36	0	6744
22233	6465	18	48	47	0	6578
22234	6572	9	21	48	0	6650
22235	60	6442	19	31	0	6552
22236	35	6457	13	26	0	6531
22237	6542	56	20	29	0	6647
22238	64	34	11	6586	0	6695
22239	38	17	12	6790	0	6857
22240	22	22	6959	80	0	7083
22241	24	19	6863	36	0	6942
22242	23	32	69	7076	0	7200
22243	7176	21	39	74	0	7310
22244	70	21	7535	34	0	7660
22245	7663	17	82	39	0	7801
22246	92	22	26	7963	0	8103
22247	42	20	20	8286	0	8368
22248	32	13	18	8557	0	8620
22249	29	7	8531	129	0	8696
22250	33	8254	97	49	0	8433
22251	19	8784	29	45	0	8877
22252	8803	109	19	46	0	8977
22253	9028	29	3	49	0	9109
22254	128	16	16	9033	0	9193
22255	9097	11	23	136	0	9267
22256	124	10	8999	45	0	9178
22257	40	14	8918	39	0	9011
22258	36	12	117	8896	0	9061
22259	9148	11	42	134	0	9335
22260	130	11	37	9251	0	9429
22261	38	12	26	9580	0	9656
22262	9425	12	21	173	0	9631
22263	9670	12	23	73	0	9778
22264	153	9858	22	54	0	10087
22265	9794	130	20	34	0	9978
22266	165	43	12	9638	0	9858
22267	41	9739	13	142	0	9935
22268	9688	122	14	47	0	9871
22269	145	9752	16	37	0	9950
22270	62	138	11	9657	0	9868
22271	9623	26	13	137	0	9799
22272	144	16	9507	38	0	9705
22273	32	17	9445	33	0	9527
22274	49	30	132	9389	0	9600
22275	42	10	36	9628	0	9716
22276	37	13	17	9457	0	9524
22277	24	9753	18	147	0	9942
22278	10005	139	14	57	0	10215
22279	10063	38	15	47	0	10163
22280	10141	25	13	43	0	10222
22281	180	10508	11	41	0	10740
22282	79	147	11	11205	0	11442
22283	56	48	12	11367	0	11483
22284	52	33	17	11428	0	11530
22285	10946	21	16	262	0	11245
22286	186	10899	14	96	0	11195
22287	86	169	11	10947	0	11213
22288	58	61	14	11086	0	11219
22289	35	43	10712	240	0	11030
22290	48	10631	154	96	0	10929
22291	52	179	49	10594	0	10874
22292	63	54	26	10751	0	10894
22293	47	40	23	10727	0	10837
22294	10353	27	17	279	0	10676
22295	187	10353	15	143	0	10698
22296	10436	184	18	95	0	10733
22297	237	68	13	10428	0	10746
22298	10477	47	7	228	0	10759
22299	223	44	10309	104	0	10680
22300	10352	28	172	88	0	10640
22301	10435	37	53	88	0	10613
22302	259	39	10368	44	0	10710
22303	111	40	176	10401	0	10728
22304	82	26	53	10278	0	10439
22305	10645	22	35	285	0	10987
22306	221	25	35	10778	0	11059
22307	109	26	23	10782	0	10940
22308	89	36	20	10780	0	10925
22309	72	20	10489	279	0	10860
22310	10190	21	183	140	0	10534
22311	226	10601	62	93	0	10982
22312	112	187	42	10465	0	10806
22313	76	10404	31	227	0	10738
22314	63	10902	20	114	0	11099
22315	70	226	31	10889	0	11216
22316	56	80	10815	264	0	11215
22317	63	59	10821	123	0	11066
22318	67	48	218	10960	0	11293
22319	53	35	10936	279	0	11303
22320	10889	43	210	131	0	11273
22321	233	47	78	11179	0	11537
22322	102	31	53	11295	0	11481
22323	71	11225	51	293	0	11640
22324	53	218	35	11276	0	11582
22325	60	70	31	11256	0	11417
22326	38	11035	43	317	0	11433
22327	58	213	30	11238	0	11539
22328	66	71	30	11238	0	11405
22329	58	11100	38	294	0	11490
22330	11104	210	35	139	0	11488
22331	240	69	11066	101	0	11476
22332	108	55	10958	92	0	11213
22333	91	63	220	10953	0	11327
22334	64	46	81	11221	0	11412
22335	53	43	10976	312	0	11384
22336	56	51	10711	145	0	10963
22337	10280	41	221	134	0	10676
22338	206	10770	96	100	0	11172
22339	10637	197	62	96	0	10992
22340	225	65	10448	106	0	10844
22341	85	10406	202	99	0	10792
22342	73	225	95	10518	0	10911
22343	61	79	10731	240	0	11111
22344	44	45	10355	117	0	10561
22345	72	117	230	10470	0	10889
22346	46	30	10425	241	0	10742
22347	39	10156	196	112	0	10503
22348	40	197	85	10047	0	10369
22349	32	77	10079	209	0	10397
22350	43	10075	198	100	0	10416
22351	9944	177	102	81	0	10304
22352	181	75	9818	55	0	10129
22353	71	9819	181	48	0	10119
22354	68	189	86	9672	0	10015
22355	39	68	51	10034	0	10192
22356	9855	44	47	246	0	10192
22357	179	27	42	9875	0	10123
22358	79	27	26	9770	0	9902
22359	9432	18	40	254	0	9744
22360	172	39	31	9361	0	9603
22361	70	23	9002	207	0	9302
22362	66	24	147	8971	0	9208
22363	29	35	8831	191	0	9086
22364	34	16	8392	106	0	8548
22365	21	14	8446	65	0	8546
22366	58	34	194	8103	0	8389
22367	34	11	98	8372	0	8515
22368	8246	11	50	200	0	8507
22369	143	14	29	8055	0	8241
22370	61	8250	31	167	0	8509
22371	37	121	36	8556	0	8750
22372	36	52	35	8454	0	8577
22373	21	8428	28	192	0	8669
22374	8396	112	41	109	0	8658
22375	8292	54	28	78	0	8452
22376	152	8187	39	53	0	8431
22377	51	8033	34	43	0	8161
22378	62	347	46	7685	0	8140
22379	7872	62	55	134	0	8123
22380	112	47	7825	77	0	8061
22381	66	21	7061	44	0	7192
22382	6456	13	92	27	0	6588
22383	65	6682	45	23	0	6815
22384	31	74	20	6711	0	6836
22385	31	32	14	6567	0	6644
22386	27	23	13	6722	0	6785
22387	20	11	12	6787	0	6830
22388	12	6663	12	112	0	6799
22389	12	68	10	6817	0	6907
22390	6833	29	7	98	0	6967
22391	68	16	15	6922	0	7021
22392	39	11	14	6970	0	7034
22393	6997	7	10	115	0	7129
22394	7037	7	11	73	0	7128
22395	7116	16	12	41	0	7185
22396	7167	7	9	40	0	7223
22397	120	5	12	7094	0	7231
22398	7107	12	7	84	0	7210
22399	92	11	9	7081	0	7193
22400	7026	6	14	92	0	7138
22401	6996	10	11	55	0	7072
22402	100	7	10	7017	0	7134
22403	50	8	7074	92	0	7224
22404	7081	6	70	50	0	7207
22405	7124	7	33	47	0	7211
22406	7038	7	25	41	0	7111
22407	7097	10	9	29	0	7145
22408	129	6	9	7082	0	7226
22409	56	14	7056	83	0	7209
22410	43	14	6817	52	0	6926
22411	6951	4	86	48	0	7089
22412	7141	7	39	30	0	7217
22413	101	7011	19	25	0	7156
22414	55	7015	13	18	0	7101
22415	7132	74	16	32	0	7254
22416	83	39	10	6999	0	7131
22417	45	33	15	7139	0	7232
22418	7112	8	6	95	0	7221
22419	79	7146	11	52	0	7288
22420	7282	63	7	45	0	7397
22421	80	29	7161	30	0	7300
22422	7152	17	57	40	0	7266
22423	94	10	23	7174	0	7301
22424	41	9	7304	84	0	7438
22425	41	7348	60	43	0	7492
22426	42	52	26	7592	0	7712
22427	30	32	7874	77	0	8013
22428	23	22	69	7850	0	7964
22429	8034	5	36	113	0	8188
22430	79	8	7985	54	0	8126
22431	7806	8	70	52	0	7936
22432	93	8030	38	28	0	8189
22433	55	64	27	8183	0	8329
22434	42	31	8443	77	0	8593
22435	35	20	68	8455	0	8578
22436	30	12	8594	88	0	8724
22437	31	8455	73	52	0	8611
22438	8456	60	37	46	0	8599
22439	64	8631	22	26	0	8743
22440	54	74	16	8594	0	8738
22441	46	47	16	8593	0	8702
22442	34	20	8277	96	0	8427
22443	7067	19	61	71	0	7218
22444	68	7699	30	35	0	7832
22445	42	7246	15	16	0	7319
22446	25	7427	10	10	0	7472
22447	38	96	24	7170	0	7328
22448	10	7173	21	43	0	7247
22449	22	64	6	7069	0	7161
22450	15	7074	8	44	0	7141
22451	11	45	8	6971	0	7035
22452	14	7121	7	33	0	7175
22453	7125	37	7	37	0	7206
22454	35	24	7066	15	0	7140
22455	6817	14	40	27	0	6898
22456	7135	11	17	18	0	7181
22457	7216	8	6	25	0	7255
22458	48	7223	6	10	0	7287
22459	7337	31	7	16	0	7391
22460	7335	19	5	18	0	7377
22461	7496	10	6	13	0	7525
22462	60	13	7379	9	0	7461
22463	39	6	34	7625	0	7704
22464	18	12	7769	41	0	7840
22465	24	6	42	7711	0	7783
22466	7761	7	25	54	0	7847
22467	52	7753	10	27	0	7842
22468	27	51	8817	11	0	8906
22469	35	27	90	8811	0	8963
22470	24	10	21	9428	0	9483
22471	14	10	10183	125	0	10332
22472	10063	5	124	47	0	10239
22473	10447	6	37	19	0	10509
22474	10678	9	18	18	0	10723
22475	176	7	11	10545	0	10739
22476	52	10203	13	136	0	10404
22477	29	10771	8	43	0	10851
22478	38	153	9	10719	0	10919
22479	29	43	9	10653	0	10734
22480	13	10569	13	156	0	10751
22481	10586	130	6	52	0	10774
22482	137	10559	7	34	0	10737
22483	48	141	10	10463	0	10662
22484	21	34	10398	139	0	10592
22485	27	22	132	10310	0	10491
22486	10423	16	30	151	0	10620
22487	145	16	10411	44	0	10616
22488	10415	19	131	27	0	10592
22489	10714	18	39	22	0	10793
22490	10815	8	20	32	0	10875
22491	10786	7	10	37	0	10840
22492	11099	11	21	26	0	11157
22493	191	13	10653	11	0	10868
22494	73	16	10666	9	0	10764
22495	11460	7	161	23	0	11651
22496	11844	4	48	20	0	11916
22497	226	14	18	12012	0	12270
22498	74	12125	14	177	0	12390
22499	58	172	15	12345	0	12590
22500	12572	59	10	208	0	12849
22501	220	33	11	12239	0	12503
22502	79	12563	10	192	0	12844
22503	12581	185	11	72	0	12849
22504	12440	65	11	59	0	12575
22505	12476	28	16	48	0	12568
22506	248	12278	15	37	0	12578
22507	117	170	18	12292	0	12597
22508	66	57	15	12214	0	12352
22509	55	11829	9	232	0	12125
22510	56	178	14	12107	0	12355
22511	11996	65	11	220	0	12292
22512	12047	36	8	88	0	12179
22513	251	11831	11	56	0	12149
22514	104	187	18	11889	0	12198
22515	70	66	16	11994	0	12146
22516	61	32	29	12098	0	12220
22517	11726	23	25	277	0	12051
22518	235	25	11527	103	0	11890
22519	11244	30	168	86	0	11528
22520	230	42	11424	76	0	11772
22521	124	47	191	11079	0	11441
22522	80	11069	65	208	0	11422
22523	78	11559	34	89	0	11760
22524	11252	235	28	90	0	11605
22525	11182	97	18	74	0	11371
22526	271	10797	17	61	0	11146
22527	106	10777	25	72	0	10980
22528	10870	247	21	67	0	11205
22529	11090	101	24	62	0	11277
22530	287	11167	24	60	0	11538
22531	11407	234	22	63	0	11726
22532	269	95	11295	44	0	11703
22533	11363	59	200	59	0	11681
22534	11398	43	61	59	0	11561
22535	326	45	29	11120	0	11520
22536	141	11041	28	231	0	11441
22537	135	201	31	11108	0	11475
22538	11214	73	31	255	0	11573
22539	291	52	28	10938	0	11309
22540	180	32	22	11157	0	11391
22541	117	33	11105	289	0	11544
22542	116	41	201	11197	0	11555
22543	93	44	80	11465	0	11682
22544	11348	36	39	308	0	11731
22545	268	44	11254	130	0	11696
22546	11338	46	206	108	0	11698
22547	292	54	68	11383	0	11797
22548	132	50	38	11519	0	11739
22549	106	57	24	11422	0	11609
22550	90	11003	32	308	0	11433
22551	98	11329	26	123	0	11576
22552	100	260	13	11161	0	11534
22553	11122	101	25	262	0	11510
22554	11259	55	32	108	0	11454
22555	334	54	24	11094	0	11506
22556	11087	48	22	262	0	11419
22557	307	50	25	10987	0	11369
22558	145	54	19	11156	0	11374
22559	10618	45	19	320	0	11002
22560	266	11096	24	156	0	11542
22561	11008	227	15	111	0	11361
22562	10944	82	20	105	0	11151
22563	10720	50	29	110	0	10909
22564	306	10519	31	100	0	10956
22565	158	253	32	10479	0	10922
22566	120	89	30	10682	0	10921
22567	102	54	10278	287	0	10721
22568	90	103	164	9341	0	9698
22569	77	30	8983	210	0	9300
22570	56	8331	143	118	0	8648
22571	44	7353	54	71	0	7522
22572	57	7448	37	54	0	7596
22573	112	151	95	7479	0	7837
22574	54	59	26	7550	0	7689
22575	30	38	14	7548	0	7630
22576	37	25	9	7657	0	7728
22577	30	32	7584	187	0	7833
22578	29	32	8725	93	0	8879
22579	48	21	163	9036	0	9268
22580	30	16	9235	182	0	9463
22581	9222	19	156	106	0	9503
22582	9437	22	59	74	0	9592
22583	201	19	9334	65	0	9619
22584	107	17	151	9420	0	9695
22585	64	24	60	9550	0	9698
22586	66	19	32	9683	0	9800
22587	66	21	26	9572	0	9685
22588	63	13	21	9713	0	9810
22589	7016	91	39	281	0	7427
22590	9389	22	29	134	0	9574
22591	187	9335	25	100	0	9647
22592	84	143	8883	72	0	9182
22593	48	8817	145	71	0	9081
22594	41	8891	55	57	0	9044
22595	8311	154	30	65	0	8560
22596	136	8208	19	46	0	8409
22597	42	7840	15	40	0	7937
22598	7757	135	29	29	0	7950
22599	122	45	7651	31	0	7849
22600	7435	31	108	50	0	7624
22601	113	26	29	7718	0	7886
22602	42	17	16	7556	0	7631
22603	39	17	16	7625	0	7697
22604	24	21	7445	150	0	7640
22605	19	7445	113	67	0	7644
22606	7529	100	35	53	0	7717
22607	119	26	33	7678	0	7856
22608	33	7684	15	144	0	7876
22609	25	109	23	7923	0	8080
22610	26	38	7906	138	0	8108
22611	55	33	110	7965	0	8163
22612	35	19	44	8150	0	8248
22613	32	21	20	8229	0	8302
22614	8139	23	12	188	0	8362
22615	126	18	18	8222	0	8384
22616	42	13	8120	172	0	8347
22617	28	8107	119	82	0	8336
22618	31	114	38	8226	0	8409
22619	50	33	23	8251	0	8357
22620	22	41	8118	175	0	8356
22621	35	20	7855	68	0	7978
22622	7862	33	168	62	0	8125
22623	7811	33	62	77	0	7983
22624	164	7894	63	54	0	8175
22625	7916	126	38	47	0	8127
22626	163	43	7879	61	0	8146
22627	68	22	7757	57	0	7904
22628	7691	37	174	96	0	7998
22629	7590	22	63	103	0	7778
22630	142	17	7412	109	0	7680
22631	7196	20	110	98	0	7424
22632	129	26	7341	82	0	7578
22633	7289	25	127	31	0	7472
22634	7388	44	53	30	0	7515
22635	153	63	40	7063	0	7319
22636	63	7731	45	116	0	7955
22637	5979	176	62	83	0	6300
22638	99	80	7836	49	0	8064
22639	82	7869	133	32	0	8116
22640	7964	156	50	53	0	8223
22641	7682	79	32	58	0	7851
22642	186	7676	37	63	0	7962
22643	93	118	61	7725	0	7997
22644	74	64	7609	158	0	7905
22645	55	35	134	7668	0	7892
22646	45	49	7608	191	0	7893
22647	40	46	136	7612	0	7834
22648	55	33	73	7714	0	7875
22649	47	69	7536	156	0	7808
22650	61	7523	133	83	0	7800
22651	56	122	58	7516	0	7752
22652	56	89	5671	182	0	5998
22653	7529	45	83	107	0	7764
22654	127	26	66	7711	0	7930
22655	64	26	41	7829	0	7960
22656	7737	28	41	205	0	8011
22657	154	27	38	7705	0	7924
22658	107	31	28	7566	0	7732
22659	47	7580	50	171	0	7848
22660	58	112	54	7476	0	7700
22661	41	65	7366	167	0	7639
22662	48	30	113	7300	0	7491
22663	47	7231	70	166	0	7514
22664	37	7345	80	103	0	7565
22665	46	127	62	7373	0	7608
22666	7393	64	35	137	0	7629
22667	157	47	44	7375	0	7623
22668	7387	67	44	144	0	7642
22669	173	27	47	7436	0	7683
22670	7443	28	72	148	0	7691
22671	7624	41	57	87	0	7809
22672	195	41	36	7560	0	7832
22673	128	236	61	7304	0	7729
22674	74	7368	77	160	0	7679
22675	99	7467	43	79	0	7688
22676	86	117	7324	72	0	7599
22677	84	7133	101	83	0	7401
22678	5801	93	91	38	0	6023
22679	110	22	33	5750	0	5915
22680	31	5555	28	68	0	5682
22681	5718	55	17	46	0	5836
22682	83	23	13	5748	0	5867
22683	38	13	19	5650	0	5720
22684	25	15	24	5772	0	5836
22685	24	17	29	5813	0	5883
22686	30	5962	22	81	0	6095
22687	32	6251	8	36	0	6327
22688	6470	72	14	29	0	6585
22689	88	6577	13	18	0	6696
22690	33	84	14	6614	0	6745
22691	25	22	8	6685	0	6740
22692	35	19	10	6670	0	6734
22693	17	16	10	6742	0	6785
22694	6666	17	8	101	0	6792
22695	6790	8	8	41	0	6847
22696	99	11	6764	30	0	6904
22697	36	17	81	6823	0	6957
22698	32	11	6955	101	0	7099
22699	31	11	87	6950	0	7079
22700	29	12	27	7070	0	7138
22701	7047	12	26	119	0	7204
22702	101	9	16	7109	0	7235
22703	32	6	7104	115	0	7257
22704	28	7	6785	46	0	6866
22705	6991	9	98	57	0	7155
22706	90	10	7140	40	0	7280
22707	30	16	97	6924	0	7067
22708	22	6	7175	96	0	7299
22709	18	30	94	6999	0	7141
22710	14	7048	31	95	0	7188
22711	15	79	25	7061	0	7180
22712	10	6999	21	86	0	7116
22713	5	7056	17	36	0	7114
22714	18	79	8	7035	0	7140
22715	7021	22	8	89	0	7140
22716	65	7106	9	35	0	7215
22717	27	76	7	7163	0	7273
22718	7183	19	8	96	0	7306
22719	7291	19	2	41	0	7353
22720	7448	12	7	33	0	7500
22721	97	10	3	7377	0	7487
22722	33	10	8	7469	0	7520
22723	7510	7	3	113	0	7633
22724	7518	3	10	47	0	7578
22725	7599	6	3	34	0	7642
22726	104	7	2	7537	0	7650
22727	40	7	7353	79	0	7479
22728	7355	3	58	35	0	7451
22729	94	2	16	7368	0	7480
22730	25	7488	16	76	0	7605
22731	29	84	4	7472	0	7589
22732	22	7452	12	86	0	7572
22733	20	83	3	7557	0	7663
22734	16	18	7500	80	0	7614
22735	11	7453	59	35	0	7558
22736	16	65	11	7238	0	7330
22737	14	24	17	7225	0	7280
22738	16	16	7	7181	0	7220
22739	7300	10	6	86	0	7402
22740	61	7334	10	39	0	7444
22741	17	66	6	7516	0	7605
22742	7576	24	6	82	0	7688
22743	7614	18	4	46	0	7682
22744	101	14	1	7640	0	7756
22745	38	15	7760	91	0	7904
22746	38	10	68	7701	0	7817
22747	18	7745	16	89	0	7868
22748	21	71	21	7899	0	8012
22749	7921	21	6	109	0	8057
22750	91	16	8	8218	0	8333
22751	21	11	8367	113	0	8512
22752	31	8680	86	38	0	8835
22753	8847	91	18	51	0	9007
22754	105	29	8889	24	0	9047
22755	8943	17	98	46	0	9104
22756	126	13	25	9205	0	9369
22757	37	10	22	9319	0	9388
22758	29	9362	17	129	0	9537
22759	9746	100	14	51	0	9911
22760	129	21	10	9842	0	10002
22761	49	22	18	9934	0	10023
22762	46	9	11	10179	0	10245
22763	28	9	10159	154	0	10350
22764	33	8	108	10177	0	10326
22765	10318	11	29	167	0	10525
22766	10510	9	28	69	0	10616
22767	139	9	10	10488	0	10646
22768	55	14	11	10573	0	10653
22769	10419	11	6	168	0	10604
22770	119	8	10282	63	0	10472
22771	10083	9	99	68	0	10259
22772	135	17	10055	34	0	10241
22773	53	12	10051	31	0	10147
22774	45	14	113	10144	0	10316
22775	38	7	10253	118	0	10416
22776	10274	6	120	53	0	10453
22777	126	5	37	10511	0	10679
22778	50	8	10478	118	0	10654
22779	10200	12	116	60	0	10388
22780	10436	8	34	52	0	10530
22781	147	4	10570	39	0	10760
22782	65	33	110	10235	0	10443
22783	47	10653	36	109	0	10845
22784	10811	96	30	72	0	11009
22785	128	32	10890	33	0	11083
22786	10180	31	95	48	0	10354
22787	126	10573	35	36	0	10770
22788	10365	81	48	37	0	10531
22789	10349	23	6	46	0	10424
22790	10443	15	13	38	0	10509
22791	122	29	24	10447	0	10622
22792	55	10462	22	93	0	10632
22793	38	85	10365	45	0	10533
22794	28	10521	85	29	0	10663
22795	46	106	27	9759	0	9938
22796	31	10262	21	81	0	10395
22797	21	10434	19	43	0	10517
22798	10288	88	13	34	0	10423
22799	83	32	10242	26	0	10383
22800	46	20	10244	18	0	10328
22801	36	20	10199	24	0	10279
22802	31	10456	79	27	0	10593
22803	10481	75	40	43	0	10639
22804	10481	28	18	34	0	10561
22805	10425	20	16	34	0	10495
22806	101	10314	18	26	0	10459
22807	46	68	13	10626	0	10753
22808	35	25	10473	87	0	10620
22809	32	21	10251	45	0	10349
22810	10530	15	79	65	0	10689
22811	10840	11	30	49	0	10930
22812	10838	17	23	39	0	10917
22813	103	12	10648	37	0	10800
22814	10603	11	76	48	0	10738
22815	106	8	42	10749	0	10905
22816	54	8	28	10672	0	10762
22817	46	16	10934	100	0	11096
22818	47	10934	74	52	0	11107
22819	42	67	37	11102	0	11248
22820	39	21	10897	103	0	11060
22821	10546	17	92	68	0	10723
22822	93	14	41	11028	0	11176
22823	52	9	41	11040	0	11142
22824	10998	9	44	117	0	11168
22825	125	9	26	10984	0	11144
22826	10966	6	31	127	0	11130
22827	10975	4	31	85	0	11095
22828	122	17	29	10973	0	11141
22829	74	13	33	11003	0	11123
22830	10917	14	34	138	0	11103
22831	124	5	35	11032	0	11196
22832	11067	9	37	119	0	11232
22833	11016	18	40	75	0	11149
22834	11045	14	31	54	0	11144
22835	140	12	38	10884	0	11074
22836	83	10	40	10888	0	11021
22837	10898	14	29	126	0	11067
22838	104	10725	40	47	0	10916
22839	59	10506	27	22	0	10614
22840	10432	61	30	40	0	10563
22841	88	17	10292	22	0	10419
22842	10219	12	63	27	0	10321
22843	76	15	24	10603	0	10718
22844	42	16	10575	57	0	10690
22845	10471	9	55	39	0	10574
22846	83	25	21	10699	0	10828
22847	46	13	16	10851	0	10926
22848	45	20	14	11022	0	11101
22849	55	18	12	10973	0	11058
22850	10754	14	19	64	0	10851
22851	55	10483	19	29	0	10586
22852	9986	36	12	25	0	10059
22853	44	20	9958	4	0	10026
22854	36	5	9474	11	0	9526
22855	22	10021	28	9	0	10080
22856	54	101	53	9848	0	10056
22857	9	13	9866	22	0	9910
22858	9	8925	22	22	0	8978
22859	4	16	9339	3	0	9362
22860	11	3	8	9207	0	9229
22861	7	2	2	9141	0	9152
22862	9195	0	1	33	0	9229
22863	14	0	0	9046	0	9060
22864	9031	0	0	37	0	9068
22865	14	2	8927	4	0	8947
22866	4	8932	13	7	0	8956
22867	8	9	4	9316	0	9337
22868	6	1	2	9684	0	9693
22869	3	7	9754	13	0	9777
22870	14	3	9134	4	0	9155
22871	9332	0	16	24	0	9372
22872	9936	1	1	10	0	9948
22873	14	0	1	9862	0	9877
22874	4	3	2	9842	0	9851
22875	4	9692	2	17	0	9715
22876	10	14	1	9989	0	10014
22877	10183	1	1	53	0	10238
22878	10379	1	2	24	0	10406
22879	28	10524	3	3	0	10558
22880	10685	30	2	21	0	10738
22881	10671	9	2	27	0	10709
22882	62	5	0	11477	0	11544
22883	15	11603	2	78	0	11698
22884	14	75	2	11755	0	11846
22885	15	17	2	11837	0	11871
22886	10	8	11617	93	0	11728
22887	11722	2	81	48	0	11853
22888	126	6	18	12743	0	12893
22889	64	11	3	13435	0	13513
22890	14	15108	3	194	0	15319
22891	41	236	3	16251	0	16531
22892	16601	71	2	339	0	17013
22893	17887	40	1	139	0	18067
22894	426	52	17682	69	0	18229
22895	148	25	17861	60	0	18094
22896	138	23	422	18099	0	18682
22897	111	8	135	18803	0	19057
22898	55	12	18532	457	0	19056
22899	48	8	18670	158	0	18884
22900	74	8	481	17940	0	18503
22901	29	9	18435	441	0	18914
22902	38	11	18546	160	0	18755
22903	48	11	525	18221	0	18805
22904	18521	4	190	462	0	19177
22905	18998	3	132	174	0	19307
22906	498	7	105	18764	0	19374
22907	203	5	73	18978	0	19259
22908	18640	6	66	519	0	19231
22909	474	7	44	18434	0	18959
22910	18271	8	41	518	0	18838
22911	18518	8	40	241	0	18807
22912	563	7	34	18316	0	18920
22913	230	16	25	18654	0	18925
22914	18201	15	27	567	0	18810
22915	473	17863	28	244	0	18608
22916	197	18331	26	190	0	18744
22917	166	433	29	17920	0	18548
22918	134	155	17723	462	0	18474
22919	97	100	389	17804	0	18390
22920	17752	65	120	541	0	18478
22921	447	48	91	17873	0	18459
22922	17848	46	101	537	0	18532
22923	472	33	17678	267	0	18450
22924	17777	37	409	191	0	18414
22925	503	31	147	17952	0	18633
22926	244	30	106	18347	0	18727
22927	165	17	18253	569	0	19004
22928	196	18	406	18336	0	18956
22929	110	26	160	18798	0	19094
22930	104	29	110	19095	0	19338
22931	18556	21	105	679	0	19361
22932	452	28	18388	356	0	19224
22933	191	33	18287	252	0	18763
22934	18163	15	510	241	0	18929
22935	18708	16	219	198	0	19141
22936	579	22	18525	181	0	19307
22937	284	28	505	17921	0	18738
22938	212	18395	214	486	0	19307
22939	211	378	160	18961	0	19710
22940	18833	116	183	583	0	19715
22941	19190	69	149	307	0	19715
22942	579	65	159	18794	0	19597
22943	258	18505	154	606	0	19523
22944	261	378	142	18056	0	18837
22945	206	18464	143	586	0	19399
22946	18590	435	139	348	0	19512
22947	17851	169	136	295	0	18451
22948	18359	94	114	281	0	18848
22949	633	17354	124	268	0	18379
22950	339	18145	134	243	0	18861
22951	276	513	108	18166	0	19063
22952	254	177	84	18525	0	19040
22953	236	116	101	18383	0	18836
22954	246	102	89	18696	0	19133
22955	217	74	17745	792	0	18828
22956	17531	70	428	460	0	18489
22957	565	73	18105	337	0	19080
22958	18362	75	496	346	0	19279
22959	634	68	18629	271	0	19602
22960	18601	55	517	309	0	19482
22961	620	68	18915	266	0	19869
22962	18726	65	535	269	0	19595
22963	655	67	274	19041	0	20037
22964	19371	57	164	640	0	20232
22965	674	49	180	19430	0	20333
22966	405	52	143	19632	0	20232
22967	294	46	155	19133	0	19628
22968	248	18373	146	776	0	19543
22969	18447	410	109	446	0	19412
22970	18603	146	114	390	0	19253
22971	695	18307	101	315	0	19418
22972	361	455	114	18507	0	19437
22973	301	182	18113	638	0	19234
22974	18089	131	477	380	0	19077
22975	18650	96	196	340	0	19282
22976	18498	76	154	308	0	19036
22977	747	66	137	17494	0	18444
22978	384	17150	136	571	0	18241
22979	314	431	125	17242	0	18112
22980	17119	147	112	609	0	17987
22981	630	117	119	16438	0	17304
22982	307	15792	115	515	0	16729
22983	15536	372	101	310	0	16319
22984	554	163	15377	227	0	16321
22985	341	134	15025	227	0	15727
22986	241	14974	444	191	0	15850
22987	223	14697	213	163	0	15296
22988	391	414	13633	160	0	14598
22989	332	211	12796	140	0	13479
22990	253	797	359	9728	0	11137
22991	9943	46	153	184	0	10326
22992	172	40	9777	69	0	10058
22993	59	8889	89	43	0	9080
22994	8713	75	92	47	0	8927
22995	89	8649	32	21	0	8791
22996	8247	67	23	27	0	8364
22997	62	8222	16	15	0	8315
22998	37	8392	13	14	0	8456
22999	44	63	29	8499	0	8635
23000	44	32	23	8468	0	8567
23001	27	23	8184	64	0	8298
23002	22	9	40	8091	0	8162
23003	8125	21	26	63	0	8235
23004	8132	15	11	51	0	8209
23005	78	10	4	8042	0	8134
23006	42	16	7912	54	0	8024
23007	20	15	7755	39	0	7829
23008	23	13	56	8015	0	8107
23009	15	10	8165	54	0	8244
23010	17	7	69	8126	0	8219
23011	28	9	34	8015	0	8086
23012	16	18	8841	65	0	8940
23013	8569	13	90	62	0	8734
23014	8890	10	50	29	0	8979
23015	110	7	8999	16	0	9132
23016	65	8	9213	19	0	9305
23017	45	5	150	9428	0	9628
23018	37	10	63	10428	0	10538
23019	26	11	28	10773	0	10838
23020	24	17	25	10696	0	10762
23021	10817	9	12	214	0	11052
23022	11455	14	12	96	0	11577
23023	200	24	14	12177	0	12415
23024	102	10	9	12769	0	12890
23025	48	14	13375	265	0	13702
23026	39	5	229	13763	0	14036
23027	43	7	114	14348	0	14512
23028	14608	11	44	429	0	15092
23029	313	15596	25	185	0	16119
23030	155	314	25	15747	0	16241
23031	89	122	23	15940	0	16174
23032	69	49	18	15726	0	15862
23033	30	14327	25	529	0	14911
23034	23	15547	29	232	0	15831
23035	43	416	15	15451	0	15925
23036	50	164	16	15505	0	15735
23037	50	61	21	15740	0	15872
23038	14874	38	20	562	0	15494
23039	332	15080	22	244	0	15678
23040	15204	337	20	145	0	15706
23041	15482	146	20	110	0	15758
23042	489	68	25	15014	0	15596
23043	195	14914	18	391	0	15518
23044	14994	358	17	217	0	15586
23045	390	153	9	15045	0	15597
23046	15233	72	14	438	0	15757
23047	422	55	16	15377	0	15870
23048	186	48	15235	445	0	15914
23049	105	52	15503	229	0	15889
23050	88	37	438	15557	0	16120
23051	81	31	173	15887	0	16172
23052	69	29	73	15662	0	15833
23053	66	14949	47	551	0	15613
23054	70	15889	31	257	0	16247
23055	15493	431	30	160	0	16114
23056	15400	185	25	152	0	15762
23057	462	14996	23	130	0	15611
23058	190	14573	26	100	0	14889
23059	91	15243	24	90	0	15448
23060	14557	446	35	115	0	15153
23061	319	14689	26	110	0	15144
23062	167	372	26	14698	0	15263
23063	14628	167	26	382	0	15203
23064	14747	104	20	198	0	15069
23065	460	64	18	14348	0	14890
23066	201	58	14032	396	0	14687
23067	103	71	14192	189	0	14555
23068	91	72	404	14238	0	14805
23069	82	61	14527	402	0	15072
23070	115	44	369	14535	0	15063
23071	90	60	145	14646	0	14941
23072	62	57	14445	508	0	15072
23073	67	67	14505	218	0	14857
23074	81	50	433	14481	0	15045
23075	63	47	168	15100	0	15378
23076	14550	49	91	543	0	15233
23077	361	14299	57	277	0	14994
23078	172	15083	48	178	0	15481
23079	14733	422	50	168	0	15373
23080	15117	181	46	162	0	15506
23081	465	14671	56	174	0	15366
23082	210	15063	54	154	0	15481
23083	14970	453	65	137	0	15625
23084	382	210	45	14901	0	15538
23085	14758	105	42	464	0	15369
23086	410	14752	60	259	0	15481
23087	14872	374	43	208	0	15497
23088	426	197	14628	161	0	15412
23089	14685	107	327	167	0	15286
23090	463	83	14733	156	0	15435
23091	229	104	374	14641	0	15348
23092	14528	106	168	449	0	15251
23093	421	89	14271	263	0	15044
23094	234	84	344	14424	0	15086
23095	14266	93	145	463	0	14967
23096	423	116	14198	259	0	14996
23097	233	87	344	14397	0	15061
23098	14170	74	156	479	0	14879
23099	419	14008	93	262	0	14782
23100	205	383	52	14403	0	15043
23101	180	182	44	14210	0	14616
23102	148	136	64	14500	0	14848
23103	124	14373	59	563	0	15119
23104	153	397	59	14936	0	15545
23105	158	182	51	15212	0	15603
23106	148	122	52	15216	0	15538
23107	152	86	61	15596	0	15895
23108	147	93	14926	614	0	15780
23109	14402	106	347	315	0	15170
23110	15077	73	163	217	0	15530
23111	527	14773	97	186	0	15583
23112	267	350	64	14317	0	14998
23113	163	187	54	14517	0	14921
23114	126	14279	66	528	0	14999
23115	117	293	77	14341	0	14828
23116	13700	141	73	442	0	14356
23117	303	13400	77	262	0	14042
23118	12782	287	72	168	0	13309
23119	335	134	54	12656	0	13179
23120	160	84	12471	368	0	13083
23121	94	12515	262	196	0	13067
23122	11767	291	179	134	0	12371
23123	263	11010	67	80	0	11420
23124	138	10847	33	71	0	11089
23125	9784	213	74	53	0	10124
23126	177	71	9720	47	0	10015
23127	44	9037	96	44	0	9221
23128	7894	242	320	84	0	8540
23129	7270	36	60	22	0	7388
23130	54	7234	2	11	0	7301
23131	30	42	3	7458	0	7533
23132	10	17	7619	47	0	7693
23133	11	10	45	7565	0	7631
23134	15	5	13	7342	0	7375
23135	11	5	10	7883	0	7909
23136	5	9	7871	74	0	7959
23137	21	7	42	7682	0	7752
23138	2	6	7841	60	0	7909
23139	7	8	7371	25	0	7411
23140	6994	5	56	26	0	7081
23141	53	7612	22	10	0	7697
23142	18	7742	6	10	0	7776
23143	21	59	12	8039	0	8131
23144	8594	28	6	81	0	8709
23145	8677	12	3	36	0	8728
23146	8471	6	1	30	0	8508
23147	8575	7	7	18	0	8607
23148	8315	6	5	15	0	8341
23149	83	9	8052	10	0	8154
23150	40	11	58	8085	0	8194
23151	13	7819	26	64	0	7922
23152	12	56	10	8107	0	8185
23153	8198	35	3	78	0	8314
23154	65	8015	4	33	0	8117
23155	31	61	5	8327	0	8424
23156	8355	25	6	69	0	8455
23157	8556	17	8	31	0	8612
23158	95	4	8	8568	0	8675
23159	44	8	11	8425	0	8488
23160	23	10	6	8523	0	8562
23161	17	9	8376	87	0	8489
23162	11	13	8356	34	0	8414
23163	15	18	76	8608	0	8717
23164	28	7	26	8713	0	8774
23165	8732	13	9	96	0	8850
23166	8694	15	6	51	0	8766
23167	8827	8	3	40	0	8878
23168	8983	7	12	30	0	9032
23169	8837	16	4	34	0	8891
23170	97	8910	8	24	0	9039
23171	9190	65	10	40	0	9305
23172	9242	30	13	30	0	9315
23173	9225	18	7	41	0	9291
23174	113	10	10	9417	0	9550
23175	39	15	9286	101	0	9441
23176	37	4	76	9466	0	9583
23177	20	12	9900	111	0	10043
23178	30	12	93	9646	0	9781
23179	23	9894	30	106	0	10053
23180	10045	92	19	39	0	10195
23181	10360	33	10	36	0	10439
23182	138	18	6	10497	0	10659
23183	63	11	5	10895	0	10974
23184	48	10	9	10909	0	10976
23185	31	10980	8	120	0	11139
23186	11006	96	14	55	0	11171
23187	11075	34	7	30	0	11146
23188	138	11070	7	17	0	11232
23189	60	98	10	11186	0	11354
23190	31	34	6	11133	0	11204
23191	18	11140	6	138	0	11302
23192	11350	97	10	54	0	11511
23193	11389	34	10	45	0	11478
23194	140	14	12	11400	0	11566
23195	45	9	11418	128	0	11600
23196	35	15	10962	41	0	11053
23197	36	13	120	11731	0	11900
23198	39	6	39	11792	0	11876
23199	24	12	13	12069	0	12118
23200	11863	9	13	180	0	12065
23201	12045	10	13	77	0	12145
23202	154	12363	16	46	0	12579
23203	12489	118	13	42	0	12662
23204	152	42	12302	26	0	12522
23205	56	20	12187	24	0	12287
23206	32	12731	135	27	0	12925
23207	12473	132	80	44	0	12729
23208	111	12447	13	22	0	12593
23209	12479	113	10	29	0	12631
23210	133	38	12410	16	0	12597
23211	64	16	12197	21	0	12298
23212	42	10	125	12185	0	12362
23213	23	10	12662	119	0	12814
23214	29	12	113	12739	0	12893
23215	79	18	58	11259	0	11414
23216	20	12748	24	155	0	12947
23217	31	114	14	13096	0	13255
23218	32	40	18	13272	0	13362
23219	13612	18	21	175	0	13826
23220	131	13541	19	67	0	13758
23221	64	125	19	13953	0	14161
23222	36	42	13908	152	0	14138
23223	12739	26	145	90	0	13000
23224	158	29	13767	34	0	13988
23225	74	30	143	13537	0	13784
23226	36	14038	51	146	0	14271
23227	44	155	29	14105	0	14333
23228	14257	47	23	191	0	14518
23229	14323	22	14	91	0	14450
23230	214	14529	20	46	0	14809
23231	14945	169	18	66	0	15198
23232	15038	55	21	57	0	15171
23233	14999	33	26	61	0	15119
23234	15341	32	21	64	0	15458
23235	14396	29	23	80	0	14528
23236	205	32	14897	43	0	15177
23237	106	25	162	14808	0	15101
23238	79	34	53	14302	0	14468
23239	66	22	33	14976	0	15097
23240	43	14827	27	219	0	15116
23241	58	155	29	14822	0	15064
23242	44	55	14821	192	0	15112
23243	39	14254	161	75	0	14529
23244	41	14225	51	63	0	14380
23245	71	184	33	14266	0	14554
23246	58	61	23	14273	0	14415
23247	49	32	26	14135	0	14242
23248	53	13683	21	215	0	13972
23249	35	14012	26	100	0	14173
23250	14004	175	30	64	0	14273
23251	14082	50	29	60	0	14221
23252	201	13980	25	61	0	14267
23253	14212	169	16	69	0	14466
23254	14570	58	30	78	0	14736
23255	212	34	34	14626	0	14906
23256	92	34	46	15019	0	15191
23257	58	38	29	15049	0	15174
23258	48	56	14916	231	0	15251
23259	60	33	14747	108	0	14948
23260	63	15631	186	76	0	15956
23261	16023	182	63	71	0	16339
23262	208	89	16111	63	0	16471
23263	15947	49	208	90	0	16294
23264	247	32	16961	65	0	17305
23265	16913	35	243	74	0	17265
23266	264	17751	83	56	0	18154
23267	17852	249	49	68	0	18218
23268	293	85	48	17648	0	18074
23269	141	64	35	17966	0	18206
23270	104	52	17566	313	0	18035
23271	74	18054	222	138	0	18488
23272	72	263	74	18282	0	18691
23273	79	81	18164	262	0	18586
23274	17046	51	243	135	0	17475
23275	243	17898	96	85	0	18322
23276	17757	231	44	101	0	18133
23277	241	17321	39	82	0	17683
23278	99	231	42	17376	0	17748
23279	17225	73	37	265	0	17600
23280	232	17260	40	112	0	17644
23281	100	215	42	17383	0	17740
23282	76	77	17055	242	0	17450
23283	16296	58	205	125	0	16684
23284	246	50	71	16960	0	17327
23285	100	48	16713	252	0	17113
23286	73	16704	199	110	0	17086
23287	79	211	77	16815	0	17182
23288	64	95	16783	240	0	17182
23289	93	66	201	16246	0	16606
23290	70	16632	81	211	0	16994
23291	71	17010	55	106	0	17242
23292	70	257	16869	60	0	17256
23293	71	97	198	16697	0	17063
23294	54	64	16899	224	0	17241
23295	16473	36	203	122	0	16834
23296	243	49	81	16487	0	16860
23297	78	16056	40	207	0	16381
23298	56	16778	35	77	0	16946
23299	16502	226	35	92	0	16855
23300	199	16886	37	50	0	17172
23301	16883	198	34	103	0	17218
23302	217	74	16502	34	0	16827
23303	15694	48	177	67	0	15986
23304	185	16128	60	42	0	16415
23305	16141	184	53	49	0	16427
23306	192	15878	21	47	0	16138
23307	89	198	24	15818	0	16129
23308	51	69	24	16275	0	16419
23309	38	45	16137	222	0	16442
23310	15443	41	170	106	0	15760
23311	201	40	16332	41	0	16614
23312	16587	31	194	41	0	16853
23313	206	38	54	16538	0	16836
23314	84	27	36	16747	0	16894
23315	41	16917	29	242	0	17229
23316	54	215	22	17466	0	17757
23317	50	80	38	17840	0	18008
23318	41	47	17522	285	0	17895
23319	16199	26	219	123	0	16567
23320	220	16964	72	54	0	17310
23321	16882	197	39	57	0	17175
23322	232	75	25	16855	0	17187
23323	76	47	16	17077	0	17216
23324	16832	27	36	280	0	17175
23325	216	17012	32	98	0	17358
23326	16538	197	25	68	0	16828
23327	221	16406	25	32	0	16684
23328	76	16535	22	35	0	16668
23329	16526	220	38	41	0	16825
23330	233	82	32	16102	0	16449
23331	73	59	15964	196	0	16292
23332	72	29	183	15720	0	16004
23333	49	40	56	15791	0	15936
23334	37	15751	49	246	0	16083
23335	53	221	17	16081	0	16372
23336	34	85	20	16207	0	16346
23337	49	52	18	16471	0	16590
23338	31	41	24	16739	0	16835
23339	31	31	16540	311	0	16913
23340	26	41	16717	124	0	16908
23341	59	35	255	17129	0	17478
23342	26	44	17182	272	0	17524
23343	38	25	17010	117	0	17190
23344	51	30	290	17256	0	17627
23345	37	42	17701	275	0	18055
23346	51	35	267	17062	0	17415
23347	32	17633	105	269	0	18039
23348	18732	241	53	157	0	19183
23349	286	81	19929	78	0	20374
23350	126	59	335	20008	0	20528
23351	67	32	20544	355	0	20998
23352	68	36	361	21455	0	21920
23353	64	47	118	22065	0	22294
23354	21785	38	76	554	0	22453
23355	440	29	56	22183	0	22708
23356	21299	33	74	522	0	21928
23357	21913	31	48	237	0	22229
23358	518	21498	57	151	0	22224
23359	21315	407	41	118	0	21881
23360	458	20584	44	107	0	21193
23361	172	21253	46	95	0	21566
23362	20730	503	78	110	0	21421
23363	441	186	20658	97	0	21382
23364	192	88	20090	58	0	20428
23365	19461	104	584	90	0	20239
23366	19687	52	206	87	0	20032
23367	486	19584	80	63	0	20213
23368	19958	369	66	67	0	20460
23369	20167	145	58	88	0	20458
23370	20050	78	54	69	0	20251
23371	573	48	48	19481	0	20150
23372	19362	58	44	407	0	19871
23373	466	19685	41	172	0	20364
23374	237	368	47	20196	0	20848
23375	173	143	56	20301	0	20673
23376	120	20113	60	501	0	20794
23377	108	383	57	20495	0	21043
23378	20221	156	52	491	0	20920
23379	20449	91	47	240	0	20827
23380	538	19623	52	153	0	20366
23381	239	20237	44	121	0	20641
23382	20160	457	40	125	0	20782
23383	480	194	19873	98	0	20645
23384	251	107	19803	98	0	20259
23385	197	90	466	19665	0	20418
23386	165	90	176	20163	0	20594
23387	142	102	19772	513	0	20529
23388	135	18928	398	243	0	19704
23389	178	385	194	18520	0	19277
23390	137	191	19808	416	0	20552
23391	171	115	402	19676	0	20364
23392	156	92	182	19680	0	20110
23393	128	20096	110	528	0	20862
23394	151	410	87	20230	0	20878
23395	150	187	80	20428	0	20845
23396	141	120	68	20647	0	20976
23397	20225	73	77	600	0	20975
23398	482	78	72	19763	0	20395
23399	252	19852	56	501	0	20661
23400	19790	395	61	266	0	20512
23401	456	190	19234	184	0	20064
23402	251	127	19050	152	0	19580
23403	19255	83	459	187	0	19984
23404	483	90	206	19453	0	20232
23405	253	97	19497	466	0	20313
23406	188	93	394	19483	0	20158
23407	157	102	197	19994	0	20450
23408	19546	77	123	601	0	20347
23409	19628	106	101	303	0	20138
23410	550	19581	91	197	0	20419
23411	317	395	92	19351	0	20155
23412	205	172	19286	462	0	20125
23413	139	19770	424	250	0	20583
23414	19672	405	181	227	0	20485
23415	458	20086	128	172	0	20844
23416	19976	420	114	163	0	20673
23417	465	190	19737	149	0	20541
23418	19696	120	369	176	0	20361
23419	20539	95	173	175	0	20982
23420	566	107	20698	156	0	21527
23421	314	137	377	20209	0	21037
23422	200	19879	178	441	0	20698
23423	176	21163	105	263	0	21707
23424	162	21461	106	197	0	21926
23425	170	578	90	20900	0	21738
23426	157	233	21227	457	0	22074
23427	169	174	394	21164	0	21901
23428	170	125	163	21747	0	22205
23429	146	129	21393	551	0	22219
23430	150	21299	419	266	0	22134
23431	140	412	201	21179	0	21932
23432	21299	172	130	514	0	22115
23433	463	112	121	21386	0	22082
23434	237	109	103	21236	0	21685
23435	152	20988	80	594	0	21814
23436	21141	405	76	313	0	21935
23437	482	203	65	21490	0	22240
23438	223	125	21159	494	0	22001
23439	144	20997	355	280	0	21776
23440	20671	384	160	216	0	21431
23441	393	184	20703	160	0	21440
23442	20420	148	379	149	0	21096
23443	452	128	172	20468	0	21220
23444	218	20668	106	387	0	21379
23445	20416	350	108	217	0	21091
23446	20414	177	77	175	0	20843
23447	451	20562	88	136	0	21237
23448	236	330	63	19851	0	20480
23449	122	137	54	19107	0	19420
23450	18553	73	41	375	0	19042
23451	275	18486	55	190	0	19006
23452	134	227	33	17361	0	17755
23453	78	16919	35	203	0	17235
23454	58	16901	30	90	0	17079
23455	94	199	38	16537	0	16868
23456	16426	65	47	177	0	16715
23457	140	16487	22	65	0	16714
23458	81	135	14	16473	0	16703
23459	55	50	24	16580	0	16709
23460	52	49	16444	156	0	16701
23461	46	50	15485	96	0	15677
23462	26	16134	138	69	0	16367
23463	36	126	15912	44	0	16118
23464	39	73	119	15859	0	16090
23465	29	43	15952	132	0	16156
23466	40	38	122	16308	0	16508
23467	35	33	49	16469	0	16586
23468	24	31	34	16507	0	16596
23469	16176	34	24	199	0	16433
23470	120	32	19	16128	0	16299
23471	57	32	23	16063	0	16175
23472	40	15967	16	180	0	16203
23473	43	117	16	15748	0	15924
23474	15589	53	24	183	0	15849
23475	125	15926	20	78	0	16149
23476	16006	145	18	107	0	16276
23477	136	51	16074	59	0	16320
23478	65	56	16275	49	0	16445
23479	65	39	153	16864	0	17121
23480	57	36	67	17139	0	17299
23481	31	17179	47	214	0	17471
23482	72	153	40	16144	0	16409
23483	17194	65	31	233	0	17523
23484	17169	42	31	120	0	17362
23485	215	50	16	17462	0	17743
23486	87	35	18147	211	0	18480
23487	76	35	163	18389	0	18663
23488	63	26	64	18987	0	19140
23489	42	34	39	19207	0	19322
23490	43	42	36	18951	0	19072
23491	42	30	18	18701	0	18791
23492	29	18649	31	298	0	19007
23493	18381	193	22	182	0	18778
23494	18702	74	21	151	0	18948
23495	18911	48	35	110	0	19104
23496	263	19101	31	75	0	19470
23497	18950	204	25	115	0	19294
23498	236	19018	35	77	0	19366
23499	110	249	18869	58	0	19286
23500	83	84	206	18677	0	19050
23501	73	59	19183	242	0	19557
23502	41	19392	235	119	0	19787
23503	19255	225	83	138	0	19701
23504	241	98	19747	77	0	20163
23505	109	68	20264	82	0	20523
23506	82	21078	337	81	0	21578
23507	99	299	149	21513	0	22060
23508	65	150	22728	341	0	23284
23509	98	77	357	22115	0	22647
23510	88	66	167	24656	0	24977
23511	77	58	82	26103	0	26320
23512	26469	48	59	712	0	27288
23513	26541	35	53	335	0	26964
23514	653	61	50	26374	0	27138
23515	26407	32	44	644	0	27127
23516	618	40	25723	278	0	26659
23517	299	24	25350	183	0	25856
23518	192	26	25487	158	0	25863
23519	162	37	25629	129	0	25957
23520	137	25025	631	153	0	25946
23521	252	420	371	24708	0	25751
23522	166	162	25223	450	0	26001
23523	23896	82	542	292	0	24812
23524	24999	57	291	180	0	25527
23525	609	24705	247	143	0	25704
23526	24738	430	244	144	0	25556
23527	589	189	226	24555	0	25559
23528	273	121	25030	470	0	25894
23529	219	139	564	23814	0	24736
23530	164	25208	293	482	0	26147
23531	24417	487	198	313	0	25415
23532	25405	217	156	200	0	25978
23533	687	25276	139	164	0	26266
23534	25567	507	118	158	0	26350
23535	25618	238	92	155	0	26103
23536	730	25404	90	167	0	26391
23537	422	518	102	24692	0	25734
23538	268	25013	96	513	0	25890
23539	25204	565	101	275	0	26145
23540	658	349	89	25053	0	26149
23541	25204	199	75	561	0	26039
23542	702	182	71	24989	0	25944
23543	435	185	24592	552	0	25764
23544	24271	159	446	334	0	25210
23545	657	165	24605	203	0	25630
23546	423	132	503	24496	0	25554
23547	270	156	24337	573	0	25336
23548	299	118	535	24350	0	25302
23549	234	104	24345	658	0	25341
23550	23718	104	567	416	0	24805
23551	595	24051	315	306	0	25267
23552	24197	454	248	274	0	25173
23553	658	222	221	23954	0	25055
23554	23751	120	247	623	0	24741
23555	629	23344	211	351	0	24535
23556	361	23134	232	239	0	23966
23557	252	24286	189	254	0	24981
23558	24258	655	183	263	0	25359
23559	648	308	173	24195	0	25324
23560	388	246	141	24516	0	25291
23561	319	217	23829	697	0	25062
23562	277	199	23707	382	0	24565
23563	307	176	584	24063	0	25130
23564	261	191	24271	617	0	25340
23565	206	23958	569	360	0	25093
23566	23780	572	311	287	0	24950
23567	608	297	23990	242	0	25137
23568	342	205	24037	233	0	24817
23569	268	164	721	23716	0	24869
23570	24079	135	417	662	0	25293
23571	617	128	301	24301	0	25347
23572	24242	108	288	688	0	25326
23573	628	125	296	24311	0	25360
23574	390	148	24352	630	0	25520
23575	326	23794	626	370	0	25116
23576	260	519	24285	261	0	25325
23577	246	24155	675	255	0	25331
23578	236	613	423	23667	0	24939
23579	23455	252	278	612	0	24597
23580	594	170	23348	397	0	24509
23581	421	158	551	23216	0	24346
23582	316	153	296	23948	0	24713
23583	24090	128	228	747	0	25193
23584	593	165	220	23695	0	24673
23585	318	23832	240	619	0	25009
23586	23191	526	198	416	0	24331
23587	576	304	22916	271	0	24067
23588	22217	190	488	305	0	23200
23589	609	22621	280	246	0	23756
23590	437	552	168	21868	0	23025
23591	290	22949	164	534	0	23937
23592	22849	532	143	350	0	23874
23593	610	314	22790	273	0	23987
23594	22290	290	457	259	0	23296
23595	645	22786	229	273	0	23933
23596	387	482	185	22996	0	24050
23597	23243	270	167	571	0	24251
23598	23601	196	184	321	0	24302
23599	701	176	160	23359	0	24396
23600	424	213	132	23483	0	24252
23601	319	23332	133	643	0	24427
23602	310	561	143	23368	0	24382
23603	293	25696	147	577	0	26713
23604	240	26891	153	370	0	27654
23605	255	1015	133	24615	0	26018
23606	220	25619	93	568	0	26500
23607	282	528	25541	300	0	26651
23608	359	255	25337	286	0	26237
23609	192	25867	565	297	0	26921
23610	172	470	25178	155	0	25975
23611	113	238	24582	136	0	25069
23612	71	116	23388	47	0	23622
23613	19	23174	526	62	0	23781
23614	22430	394	356	82	0	23262
23615	291	22435	162	24	0	22912
23616	137	399	22494	20	0	23050
23617	148	176	347	22163	0	22834
23618	22291	115	178	335	0	22919
23619	336	64	22253	129	0	22782
23620	183	64	366	22189	0	22802
23621	106	44	22531	328	0	23009
23622	95	31	414	22298	0	22838
23623	22215	26	200	440	0	22881
23624	330	39	22538	186	0	23093
23625	158	22694	357	161	0	23370
23626	163	336	182	22341	0	23022
23627	23207	148	129	379	0	23863
23628	360	107	22882	158	0	23507
23629	213	66	378	21813	0	22470
23630	129	22739	169	354	0	23391
23631	23098	340	154	179	0	23771
23632	23582	170	103	142	0	23997
23633	527	115	93	23163	0	23898
23634	265	23186	68	398	0	23917
23635	156	24397	73	188	0	24814
23636	24909	513	68	144	0	25634
23637	502	263	49	24477	0	25291
23638	200	24816	69	515	0	25600
23639	25030	472	66	209	0	25777
23640	508	205	69	25119	0	25901
23641	243	147	57	25491	0	25938
23642	141	121	24112	603	0	24977
23643	110	24449	385	289	0	25233
23644	91	25876	183	179	0	26329
23645	91	564	109	25844	0	26608
23646	25786	278	64	522	0	26650
23647	456	25876	89	213	0	26634
23648	25937	500	52	188	0	26677
23649	532	25876	71	105	0	26584
23650	258	538	64	25953	0	26813
23651	26025	245	56	487	0	26813
23652	536	178	55	26058	0	26827
23653	240	119	25984	557	0	26900
23654	208	118	436	25004	0	25766
23655	115	25715	189	528	0	26547
23656	25620	498	125	267	0	26510
23657	483	25601	92	203	0	26379
23658	245	561	77	24984	0	25867
23659	205	264	60	25628	0	26157
23660	123	183	24948	635	0	25889
23661	103	131	24818	317	0	25369
23662	126	138	598	24801	0	25663
23663	104	126	24730	545	0	25505
23664	83	24606	562	265	0	25516
23665	24639	516	246	233	0	25634
23666	478	261	25007	157	0	25903
23667	24658	191	504	174	0	25527
23668	25479	160	249	143	0	26031
23669	25462	140	181	158	0	25941
23670	25577	117	148	132	0	25974
23671	750	118	148	24983	0	25999
23672	402	108	141	24534	0	25185
23673	259	24423	155	610	0	25447
23674	24383	497	144	321	0	25345
23675	539	269	24084	213	0	25105
23676	288	196	488	23850	0	24822
23677	255	153	253	24242	0	24903
23678	177	135	23599	639	0	24550
23679	159	23677	511	381	0	24728
23680	201	511	268	22618	0	23598
23681	183	236	195	24352	0	24966
23682	23703	178	154	712	0	24747
23683	480	23471	143	396	0	24490
23684	291	493	113	23336	0	24233
23685	205	23338	119	568	0	24230
23686	188	528	110	23812	0	24638
23687	23388	256	106	648	0	24398
23688	23791	195	101	350	0	24437
23689	681	142	98	23449	0	24370
23690	23338	134	83	606	0	24161
23691	23338	119	88	352	0	23897
23692	706	22892	89	260	0	23947
23693	407	477	78	22305	0	23267
23694	265	22868	88	519	0	23740
23695	250	549	62	22754	0	23615
23696	22638	273	61	613	0	23585
23697	561	220	74	22458	0	23313
23698	339	178	50	22711	0	23278
23699	269	183	21746	667	0	22865
23700	213	20604	372	409	0	21598
23701	209	21743	161	286	0	22399
23702	21086	522	108	303	0	22019
23703	437	287	57	18201	0	18982
23704	17248	145	54	378	0	17825
23705	383	16592	39	238	0	17252
23706	191	15709	49	175	0	16124
23707	142	16274	40	133	0	16589
23708	14578	342	263	133	0	15316
23709	241	14568	56	92	0	14957
23710	14130	204	151	104	0	14589
23711	13898	56	29	89	0	14072
23712	14294	36	18	68	0	14416
23713	236	40	14	14774	0	15064
23714	83	44	22	15081	0	15230
23715	55	36	13	15210	0	15314
23716	59	44	16	15062	0	15181
23717	14945	31	18	295	0	15289
23718	241	14704	21	94	0	15060
23719	83	194	18	14793	0	15088
23720	14839	58	16	246	0	15159
23721	237	30	16	14682	0	14965
23722	89	30	15	14742	0	14876
23723	14522	30	20	293	0	14865
23724	231	40	14123	91	0	14485
23725	94	36	180	14021	0	14331
23726	62	32	14135	227	0	14456
23727	46	25	181	13769	0	14021
23728	73	58	45	13709	0	13885
23729	13406	19	23	260	0	13708
23730	197	13023	26	90	0	13336
23731	59	12908	18	55	0	13040
23732	12512	156	18	58	0	12744
23733	157	12644	12	40	0	12853
23734	12598	137	30	73	0	12838
23735	186	24	12424	29	0	12663
23736	11440	21	107	34	0	11602
23737	11763	5	12	26	0	11806
23738	11818	8	11	30	0	11867
23739	105	5	2	11622	0	11734
23740	36	2	4	11609	0	11651
23741	22	11484	1	96	0	11603
23742	25	155	5	11325	0	11510
23743	11238	19	9	113	0	11379
23744	91	11041	5	18	0	11155
23745	23	10985	3	19	0	11030
23746	10926	77	3	25	0	11031
23747	80	14	10892	9	0	10995
23748	33	8	72	10680	0	10793
23749	17	9	10870	74	0	10970
23750	23	4	69	10704	0	10800
23751	9	10733	13	74	0	10829
23752	12	80	8	11007	0	11107
23753	10883	18	2	90	0	10993
23754	79	8	5	10880	0	10972
23755	19	8	11181	85	0	11293
23756	10521	9	87	56	0	10673
23757	96	11200	24	13	0	11333
23758	26	11869	7	19	0	11921
23759	12369	120	11	36	0	12536
23760	13004	24	4	41	0	13073
23761	153	12	13026	9	0	13200
23762	12647	9	125	28	0	12809
23763	138	12968	34	17	0	13157
23764	13163	130	9	24	0	13326
23765	160	44	5	12710	0	12919
23766	54	12073	5	130	0	12262
23767	12300	133	9	61	0	12503
23768	165	46	12241	18	0	12470
23769	68	24	130	12356	0	12578
23770	12597	23	36	167	0	12823
23771	180	15	12505	46	0	12746
23772	12606	13	144	54	0	12817
23773	186	16	47	12467	0	12716
23774	82	12	19	12761	0	12874
23775	37	18	12747	191	0	12993
23776	40	11	155	12722	0	12928
23777	12891	12	51	192	0	13146
23778	157	12647	24	74	0	12902
23779	12831	144	18	55	0	13048
23780	12933	38	18	58	0	13047
23781	213	18	9	12853	0	13093
23782	76	37	12974	177	0	13264
23783	56	6	168	12978	0	13208
23784	13066	6	49	209	0	13330
23785	181	12945	23	72	0	13221
23786	13359	161	15	61	0	13596
23787	200	51	13	13326	0	13590
23788	95	18	13	13624	0	13750
23789	51	19	14	13708	0	13792
23790	37	25	13451	242	0	13755
23791	59	15	173	13603	0	13850
23792	44	25	13573	199	0	13841
23793	40	28	13679	86	0	13833
23794	49	13	227	15040	0	15329
23795	34	16	15244	255	0	15549
23796	16265	14	237	127	0	16643
23797	300	17	89	16808	0	17214
23798	147	11	50	16766	0	16974
23799	55	17149	44	366	0	17614
23800	17348	276	31	187	0	17842
23801	17839	106	34	133	0	18112
23802	404	17907	40	59	0	18410
23803	199	300	26	17914	0	18439
23804	93	133	17986	319	0	18531
23805	17594	54	298	164	0	18110
23806	18350	38	125	121	0	18634
23807	461	37	55	17579	0	18132
23808	208	50	17107	318	0	17683
23809	112	17001	280	161	0	17554
23810	16766	300	123	110	0	17299
23811	361	143	16855	72	0	17431
23812	192	16593	301	64	0	17150
23813	15985	278	195	87	0	16545
23814	16062	121	88	70	0	16341
23815	419	75	56	15725	0	16275
23816	213	15729	44	302	0	16288
23817	149	275	53	16599	0	17076
23818	87	150	59	16861	0	17157
23819	113	79	54	16500	0	16746
23820	110	55	52	16953	0	17170
23821	90	51	16665	465	0	17271
23822	104	46	287	16894	0	17331
23823	101	62	132	17249	0	17544
23824	88	44	16720	468	0	17320
23825	79	16789	290	248	0	17406
23826	16837	306	132	197	0	17472
23827	17089	148	83	150	0	17470
23828	443	71	53	17096	0	17663
23829	17230	45	38	434	0	17747
23830	400	42	63	17590	0	18095
23831	185	42	17608	449	0	18284
23832	108	50	17484	251	0	17893
23833	87	17753	432	173	0	18445
23834	17586	336	198	147	0	18267
23835	410	164	18471	98	0	19143
23836	245	79	396	17911	0	18631
23837	178	59	192	18970	0	19399
23838	143	34	122	19522	0	19821
23839	131	46	75	19526	0	19778
23840	129	53	82	19492	0	19756
23841	100	65	18967	696	0	19828
23842	120	69	430	19188	0	19807
23843	18961	55	213	565	0	19794
23844	457	18883	116	307	0	19763
23845	18856	417	95	241	0	19609
23846	470	18986	95	214	0	19765
23847	19038	462	98	193	0	19791
23848	19538	202	57	206	0	20003
23849	655	97	75	19152	0	19979
23850	321	87	82	19454	0	19944
23851	19064	65	78	670	0	19877
23852	18812	82	79	358	0	19331
23853	19089	90	62	228	0	19469
23854	667	18198	78	158	0	19101
23855	330	18531	64	182	0	19107
23856	231	505	18302	141	0	19179
23857	216	348	387	17905	0	18856
23858	156	127	17661	518	0	18462
23859	142	17166	425	311	0	18044
23860	149	373	212	16621	0	17355
23861	151	170	78	16769	0	17168
23862	153	100	82	17034	0	17369
23863	16528	84	70	630	0	17312
23864	16669	84	67	325	0	17145
23865	518	16535	75	224	0	17352
23866	282	378	80	16620	0	17360
23867	176	181	16573	454	0	17384
23868	141	140	16216	255	0	16752
23869	16305	89	469	222	0	17085
23870	16622	70	237	187	0	17116
23871	555	74	107	16427	0	17163
23872	16553	53	96	502	0	17204
23873	484	69	16282	308	0	17143
23874	264	16170	395	227	0	17056
23875	192	355	218	16212	0	16977
23876	134	199	16505	464	0	17302
23877	167	107	412	16599	0	17285
23878	166	72	216	16975	0	17429
23879	151	73	16817	612	0	17653
23880	16523	68	361	401	0	17353
23881	17172	72	189	324	0	17757
23882	509	17535	148	264	0	18456
23883	17987	387	122	229	0	18725
23884	18440	205	97	237	0	18979
23885	621	125	17877	224	0	18847
23886	18000	85	395	233	0	18713
23887	536	18842	223	190	0	19791
23888	18949	421	130	191	0	19691
23889	19529	224	98	179	0	20030
23890	19916	143	88	139	0	20286
23891	18872	119	76	181	0	19248
23892	19668	92	76	194	0	20030
23893	740	19025	87	163	0	20015
23894	17955	369	69	159	0	18552
23895	524	17431	78	133	0	18166
23896	225	15806	45	108	0	16184
23897	146	16660	54	97	0	16957
23898	16246	394	235	112	0	16987
23899	16251	148	50	101	0	16550
23900	443	97	15636	78	0	16254
23901	16332	87	258	83	0	16760
23902	16376	59	103	99	0	16637
23903	439	79	16475	85	0	17078
23904	235	49	318	16343	0	16945
23905	208	50	150	15935	0	16343
23906	149	46	77	17114	0	17386
23907	134	49	50	17152	0	17385
23908	141	41	44	17173	0	17399
23909	100	62	16675	478	0	17315
23910	108	16627	331	205	0	17271
23911	16270	314	144	127	0	16855
23912	348	16382	89	106	0	16925
23913	16329	338	59	117	0	16843
23914	16389	136	62	92	0	16679
23915	465	71	15998	87	0	16621
23916	238	97	304	14934	0	15573
23917	143	15375	144	304	0	15966
23918	15512	312	86	137	0	16047
23919	15557	123	53	113	0	15846
23920	15714	89	50	80	0	15933
23921	471	15573	63	61	0	16168
23922	15652	294	61	82	0	16089
23923	15822	127	57	72	0	16078
23924	15853	88	34	73	0	16048
23925	494	64	37	15359	0	15954
23926	303	42	42	15545	0	15932
23927	201	57	28	15692	0	15978
23928	15326	66	24	408	0	15824
23929	383	15243	31	162	0	15819
23930	15123	280	42	85	0	15530
23931	14827	138	26	59	0	15050
23932	14326	92	31	62	0	14511
23933	14329	75	38	56	0	14498
23934	472	13879	21	58	0	14430
23935	12973	222	15	39	0	13249
23936	322	12523	20	36	0	12901
23937	150	12523	12	22	0	12707
23938	12484	228	43	40	0	12795
23939	261	12148	16	21	0	12446
23940	149	12509	14	21	0	12693
23941	12487	236	60	33	0	12816
23942	12561	103	10	39	0	12713
23943	282	70	16	12261	0	12629
23944	159	61	7	12426	0	12653
23945	12452	49	12	243	0	12756
23946	12828	51	23	116	0	13018
23947	12364	61	19	86	0	12530
23948	273	47	12328	42	0	12690
23949	12848	48	153	48	0	13097
23950	274	37	53	12828	0	13192
23951	158	33	42	12964	0	13197
23952	127	35	36	13026	0	13224
23953	108	35	33	13038	0	13214
23954	87	34	12614	274	0	13009
23955	79	50	12622	128	0	12879
23956	100	33	209	12717	0	13059
23957	95	38	12684	223	0	13040
23958	83	51	12659	106	0	12899
23959	101	38	234	12635	0	13008
23960	93	51	91	12907	0	13142
23961	97	38	67	13242	0	13444
23962	123	45	42	12856	0	13066
23963	13162	45	36	303	0	13546
23964	13511	46	39	161	0	13757
23965	326	26	45	13253	0	13650
23966	177	43	32	13391	0	13643
23967	138	43	31	13375	0	13587
23968	119	45	27	13350	0	13541
23969	131	30	27	13264	0	13452
23970	120	13105	34	305	0	13564
23971	13078	195	28	176	0	13477
23972	252	13140	19	123	0	13534
23973	13138	215	31	110	0	13494
23974	13230	89	16	111	0	13446
23975	13241	71	19	98	0	13429
23976	348	48	20	12711	0	13127
23977	12662	62	14	243	0	12981
23978	305	45	21	12502	0	12873
23979	174	65	19	12350	0	12608
23980	12344	50	15	266	0	12675
23981	290	11950	15	130	0	12385
23982	120	11612	8	81	0	11821
23983	11313	157	8	76	0	11554
23984	212	62	11155	45	0	11474
23985	10745	57	136	65	0	11003
23986	233	126	46	10799	0	11204
23987	102	10063	24	131	0	10320
23988	97	10258	9	62	0	10426
23989	10276	137	23	84	0	10520
23990	152	88	13	10296	0	10549
23991	91	10668	5	119	0	10883
23992	10608	108	19	71	0	10806
23993	10621	54	5	62	0	10742
23994	10655	39	4	52	0	10750
23995	10676	33	6	55	0	10770
23996	160	10241	5	41	0	10447
23997	78	10148	4	15	0	10245
23998	10349	99	6	33	0	10487
23999	10752	41	7	26	0	10826
24000	138	26	10613	17	0	10794
24001	52	10441	69	13	0	10575
24002	10560	84	37	24	0	10705
24003	11053	28	6	16	0	11103
24004	128	15	11104	10	0	11257
24005	11053	14	100	24	0	11191
24006	143	12	11521	7	0	11683
24007	39	11	12152	9	0	12211
24008	58	24	172	11505	0	11759
24009	19	11584	52	137	0	11792
24010	12643	150	19	53	0	12865
24011	171	34	10	12626	0	12841
24012	63	17	10	12793	0	12883
24013	46	15	9	12929	0	12999
24014	12846	5	12	223	0	13086
24015	175	12	6	12807	0	13000
24016	62	5	12	13168	0	13247
24017	32	11	13074	207	0	13324
24018	12816	4	173	88	0	13081
24019	13307	9	35	58	0	13409
24020	233	7	13136	26	0	13402
24021	12841	8	185	40	0	13074
24022	230	3	47	12764	0	13044
24023	71	12851	32	202	0	13156
24024	67	182	18	13006	0	13273
24025	12907	46	16	228	0	13197
24026	204	12896	22	71	0	13193
24027	87	189	13	13085	0	13374
24028	59	47	19	13438	0	13563
24029	65	27	13	13531	0	13636
24030	52	21	24	13131	0	13228
24031	30	13649	13	248	0	13940
24032	13735	201	13	115	0	14064
24033	13963	56	17	81	0	14117
24034	266	14174	17	78	0	14535
24035	14967	231	9	64	0	15271
24036	15508	69	19	64	0	15660
24037	15436	37	10	68	0	15551
24038	389	25	14957	49	0	15420
24039	149	28	270	14960	0	15407
24040	95	25	14494	309	0	14923
24041	14740	17	270	110	0	15137
24042	323	14918	76	64	0	15381
24043	14800	274	46	82	0	15202
24044	335	15011	36	53	0	15435
24045	143	312	28	14538	0	15021
24046	131	89	22	14932	0	15174
24047	89	61	14846	350	0	15346
24048	71	14955	293	147	0	15466
24049	14855	312	85	109	0	15361
24050	344	109	14824	58	0	15335
24051	14872	68	311	77	0	15328
24052	381	59	101	14899	0	15440
24053	150	52	14988	331	0	15521
24054	102	14987	323	137	0	15549
24055	110	300	97	14970	0	15477
24056	81	117	15066	341	0	15605
24057	89	79	15025	127	0	15320
24058	83	15044	351	108	0	15586
24059	123	312	124	14806	0	15365
24060	102	100	92	14695	0	14989
24061	93	14579	64	378	0	15114
24062	14866	311	61	186	0	15424
24063	365	118	68	14637	0	15188
24064	134	14572	69	341	0	15116
24065	14789	316	62	170	0	15337
24066	14786	114	80	108	0	15088
24067	15029	93	72	104	0	15298
24068	442	14741	58	100	0	15341
24069	15015	318	53	122	0	15508
24070	15156	140	65	90	0	15451
24071	454	102	46	14880	0	15482
24072	14999	85	43	389	0	15516
24073	410	83	50	15032	0	15575
24074	181	87	14726	417	0	15411
24075	167	63	14990	178	0	15398
24076	142	66	384	15180	0	15772
24077	119	79	15269	397	0	15864
24078	15079	87	369	181	0	15716
24079	430	51	134	15443	0	16058
24080	191	71	99	15657	0	16018
24081	160	61	15282	451	0	15954
24082	153	14735	347	198	0	15433
24083	126	15481	146	156	0	15909
24084	131	405	113	15133	0	15782
24085	135	144	84	15420	0	15783
24086	130	100	14918	449	0	15597
24087	116	92	15144	198	0	15550
24088	132	75	386	15209	0	15802
24089	100	77	14986	427	0	15590
24090	14769	79	397	201	0	15446
24091	405	91	155	14775	0	15426
24092	14869	94	97	447	0	15507
24093	446	85	81	14766	0	15378
24094	213	69	75	15026	0	15383
24095	146	77	14590	507	0	15320
24096	114	14782	381	237	0	15514
24097	141	358	153	14754	0	15406
24098	120	129	14666	430	0	15345
24099	115	14218	379	180	0	14892
24100	128	340	158	14395	0	15021
24101	14217	122	113	427	0	14879
24102	374	75	14131	186	0	14766
24103	13226	67	336	149	0	13778
24104	376	64	13117	117	0	13674
24105	12262	54	344	109	0	12769
24106	325	12369	148	94	0	12936
24107	104	12035	98	87	0	12324
24108	117	396	86	11380	0	11979
24109	66	11293	85	262	0	11706
24110	11456	266	68	139	0	11929
24111	270	97	64	11503	0	11934
24112	109	71	61	11645	0	11886
24113	83	63	51	11773	0	11970
24114	62	45	11387	336	0	11830
24115	79	55	247	11328	0	11709
24116	51	66	11186	302	0	11605
24117	54	10913	249	158	0	11374
24118	10614	206	103	104	0	11027
24119	240	10958	77	72	0	11347
24120	11194	217	52	111	0	11574
24121	11283	79	61	111	0	11534
24122	11320	58	41	107	0	11526
24123	11225	55	66	82	0	11428
24124	287	65	10983	65	0	11400
24125	127	43	215	10930	0	11315
24126	104	66	96	10559	0	10825
24127	89	41	72	11096	0	11298
24128	10044	48	62	318	0	10472
24129	10175	41	49	166	0	10431
24130	259	10598	53	118	0	11028
24131	124	177	10265	71	0	10637
24132	105	56	10079	79	0	10319
24133	84	10033	225	68	0	10410
24134	57	10078	101	72	0	10308
24135	217	180	170	8991	0	9558
24136	58	63	36	8622	0	8779
24137	8937	39	26	154	0	9156
24138	131	8855	27	82	0	9095
24139	63	113	34	9109	0	9319
24140	53	47	9200	139	0	9439
24141	40	26	124	9409	0	9599
24142	33	25	49	9561	0	9668
24143	42	23	39	9673	0	9777
24144	38	32	27	9566	0	9663
24145	42	14	9289	177	0	9522
24146	40	8897	127	77	0	9141
24147	39	9029	49	47	0	9164
24148	8778	127	40	45	0	8990
24149	114	8724	43	37	0	8918
24150	58	9019	19	46	0	9142
24151	63	134	31	9032	0	9260
24152	55	58	20	9115	0	9248
24153	45	47	24	9058	0	9174
24154	43	40	8887	173	0	9143
24155	29	8852	112	92	0	9085
24156	37	124	41	8697	0	8899
24157	25	8825	37	137	0	9024
24158	8775	116	36	90	0	9017
24159	109	8814	28	70	0	9021
24160	8806	121	33	73	0	9033
24161	124	62	8719	49	0	8954
24162	8772	45	127	58	0	9002
24163	133	57	41	8884	0	9115
24164	60	48	8936	119	0	9163
24165	8742	41	102	73	0	8958
24166	8919	44	40	61	0	9064
24167	8969	42	29	42	0	9082
24168	150	29	28	8883	0	9090
24169	75	33	8843	145	0	9096
24170	8887	30	108	90	0	9115
24171	124	27	41	9136	0	9328
24172	71	27	33	9118	0	9249
24173	50	33	9242	158	0	9483
24174	44	9173	107	77	0	9401
24175	47	101	50	8923	0	9121
24176	35	9088	48	101	0	9272
24177	8979	112	25	54	0	9170
24178	8958	44	34	49	0	9085
24179	133	40	18	8870	0	9061
24180	8875	23	20	117	0	9035
24181	126	8784	17	56	0	8983
24182	8780	88	18	54	0	8940
24183	127	8804	18	39	0	8988
24184	67	109	28	8822	0	9026
24185	49	44	10	8751	0	8854
24186	32	8789	23	122	0	8966
24187	38	97	14	8716	0	8865
24188	31	35	8651	120	0	8837
24189	24	8450	74	51	0	8599
24190	8125	68	23	46	0	8262
24191	62	8197	21	19	0	8299
24192	31	71	7	8172	0	8281
24193	23	30	8215	67	0	8335
24194	26	26	59	8296	0	8407
24195	25	20	11	8394	0	8450
24196	8147	15	13	90	0	8265
24197	72	15	8185	42	0	8314
24198	19	8276	61	48	0	8404
24199	25	65	8621	28	0	8739
24200	14	23	8430	19	0	8486
24201	13	20	8447	14	0	8494
24202	41	76	78	8413	0	8608
24203	8759	6	55	73	0	8893
24204	54	8755	15	25	0	8849
24205	8973	61	8	32	0	9074
24206	9157	26	6	20	0	9209
24207	91	18	4	8945	0	9058
24208	33	9002	6	68	0	9109
24209	8980	61	5	36	0	9082
24210	66	9023	7	20	0	9116
24211	43	66	6	8879	0	8994
24212	21	27	6	9234	0	9288
24213	11	9237	6	98	0	9352
24214	20	61	10	9269	0	9360
24215	14	22	9145	77	0	9258
24216	18	16	9055	32	0	9121
24217	10	17	79	9213	0	9319
24218	14	9	36	9331	0	9390
24219	11	9	8971	78	0	9069
24220	12	6	8692	47	0	8757
24221	8371	9	82	39	0	8501
24222	61	8653	39	13	0	8766
24223	31	9168	20	19	0	9238
24224	30	83	11	8920	0	9044
24225	15	38	8	9049	0	9110
24226	20	23	8	9103	0	9154
24227	16	18	9015	95	0	9144
24228	13	12	8900	52	0	8977
24229	17	11	88	9137	0	9253
24230	10	13	9060	80	0	9163
24231	10	8969	85	42	0	9106
24232	8916	70	31	35	0	9052
24233	73	24	8909	21	0	9027
24234	32	26	8882	10	0	8950
24235	31	14	89	9087	0	9221
24236	19	20	9698	80	0	9817
24237	9	9880	95	56	0	10040
24238	24	76	48	9990	0	10138
24239	15	47	10038	88	0	10188
24240	8	9852	90	49	0	9999
24241	9782	87	49	41	0	9959
24242	96	47	28	9763	0	9934
24243	42	30	19	9831	0	9922
24244	9785	27	9	134	0	9955
24245	88	9784	19	66	0	9957
24246	9874	83	23	42	0	10022
24247	9888	47	15	38	0	9988
24248	9933	25	17	44	0	10019
24249	130	25	22	9794	0	9971
24250	9561	16	14	105	0	9696
24251	107	9063	19	62	0	9251
24252	64	9404	24	33	0	9525
24253	9739	115	12	31	0	9897
24254	120	58	15	9827	0	10020
24255	62	34	17	9862	0	9975
24256	34	24	14	9936	0	10008
24257	23	19	9625	152	0	9819
24258	20	9652	87	78	0	9837
24259	35	99	49	9826	0	10009
24260	9879	44	28	121	0	10072
24261	100	33	15	9886	0	10034
24262	55	29	9756	124	0	9964
24263	31	9817	96	73	0	10017
24264	9815	99	54	56	0	10024
24265	9784	51	37	46	0	9918
24266	9859	29	34	35	0	9957
24267	175	22	24	9944	0	10165
24268	75	17	9950	128	0	10170
24269	45	25	10074	67	0	10211
24270	41	10453	151	39	0	10684
24271	56	152	48	10378	0	10634
24272	43	56	29	10640	0	10768
24273	10217	30	21	202	0	10470
24274	158	23	16	10387	0	10584
24275	10637	21	27	182	0	10867
24276	176	29	10509	82	0	10796
24277	67	29	10699	52	0	10847
24278	54	18	191	10599	0	10862
24279	54	14	71	10837	0	10976
24280	41	16	35	11175	0	11267
24281	11425	11	33	239	0	11708
24282	12023	14	36	108	0	12181
24283	261	19	36	12075	0	12391
24284	91	23	11872	237	0	12223
24285	44	9	12204	124	0	12381
24286	57	18	282	12202	0	12559
24287	12392	18	95	253	0	12758
24288	240	12	47	12353	0	12652
24289	106	26	38	12554	0	12724
24290	57	18	12389	320	0	12784
24291	41	11	12356	144	0	12552
24292	12126	13	292	92	0	12523
24293	245	11	12323	73	0	12652
24294	124	17	254	11946	0	12341
24295	93	16	113	12189	0	12411
24296	12020	14	58	324	0	12416
24297	243	11885	57	145	0	12330
24298	11677	210	61	92	0	12040
24299	258	11322	51	53	0	11684
24300	11079	212	47	70	0	11408
24301	254	77	10914	53	0	11298
24302	10261	59	275	64	0	10659
24303	10434	22	87	60	0	10603
24304	290	54	59	10240	0	10643
24305	120	28	10172	213	0	10533
24306	87	23	209	9846	0	10165
24307	69	20	97	9971	0	10157
24308	52	9836	60	281	0	10229
24309	72	199	35	9682	0	9988
24310	70	9881	38	224	0	10213
24311	70	216	39	9913	0	10238
24312	9795	82	33	265	0	10175
24313	253	52	36	9846	0	10187
24314	115	37	9769	261	0	10182
24315	9731	32	215	121	0	10099
24316	262	30	10050	84	0	10426
24317	10063	31	236	81	0	10411
24318	10308	17	96	84	0	10505
24319	302	10074	69	69	0	10514
24320	131	10643	51	68	0	10893
24321	10529	272	42	82	0	10925
24322	10830	101	43	78	0	11052
24323	10673	47	43	75	0	10838
24324	10651	39	37	78	0	10805
24325	10689	31	29	92	0	10841
24326	360	41	41	10416	0	10858
24327	156	30	41	10689	0	10916
24328	98	44	10517	308	0	10967
24329	10415	16	232	131	0	10794
24330	302	21	92	10481	0	10896
24331	159	34	55	10679	0	10927
24332	111	35	10522	308	0	10976
24333	95	10053	233	146	0	10527
24334	97	10555	103	100	0	10855
24335	10311	279	70	93	0	10753
24336	9868	83	55	65	0	10071
24337	316	9234	45	67	0	9662
24338	139	9396	35	64	0	9634
24339	9376	238	48	66	0	9728
24340	9754	71	40	90	0	9955
24341	297	44	42	9521	0	9904
24342	129	37	33	9696	0	9895
24343	113	24	35	9877	0	10049
24344	9620	28	29	320	0	9997
24345	9762	29	38	143	0	9972
24346	306	47	46	9744	0	10143
24347	9991	40	35	252	0	10318
24348	309	44	9950	109	0	10412
24349	150	33	225	10017	0	10425
24350	107	38	9975	268	0	10388
24351	88	9885	232	117	0	10322
24352	115	247	114	9822	0	10298
24353	9787	72	57	275	0	10191
24354	293	38	41	9722	0	10094
24355	124	34	41	9871	0	10070
24356	94	40	9636	328	0	10098
24357	87	35	9662	146	0	9930
24358	86	9859	262	99	0	10306
24359	9914	238	81	80	0	10313
24360	10068	86	50	79	0	10283
24361	10118	55	43	64	0	10280
24362	10230	28	41	70	0	10369
24363	359	25	44	9974	0	10402
24364	139	37	43	9972	0	10191
24365	105	9991	43	290	0	10429
24366	10081	230	38	120	0	10469
24367	10113	82	27	83	0	10305
24368	323	48	9663	68	0	10102
24369	8968	36	183	64	0	9251
24370	255	9120	69	58	0	9502
24371	130	306	47	8759	0	9242
24372	98	9122	24	190	0	9434
24373	9114	205	25	96	0	9440
24374	252	9057	29	65	0	9403
24375	124	181	24	8788	0	9117
24376	90	72	21	8915	0	9098
24377	77	35	19	8748	0	8879
24378	62	8539	17	248	0	8866
24379	58	234	23	8478	0	8793
24380	96	124	24	8327	0	8571
24381	61	7491	17	197	0	7766
24382	37	7277	16	69	0	7399
24383	6938	131	9	44	0	7122
24384	124	6981	17	33	0	7155
24385	6753	109	12	36	0	6910
24386	133	40	6676	25	0	6874
24387	48	6603	86	21	0	6758
24388	6624	91	32	35	0	6782
24389	6566	32	19	30	0	6647
24390	122	22	6470	25	0	6639
24391	49	18	82	6450	0	6599
24392	39	14	6554	102	0	6709
24393	25	6484	88	40	0	6637
24394	6444	97	32	39	0	6612
24395	98	6409	21	22	0	6550
24396	44	99	9	6455	0	6607
24397	42	38	8	6602	0	6690
24398	30	24	6534	115	0	6703
24399	35	16	6285	47	0	6383
24400	6310	18	109	34	0	6471
24401	6528	12	29	29	0	6598
24402	6549	12	20	31	0	6612
24403	6524	10	13	35	0	6582
24404	128	6495	16	23	0	6662
24405	55	89	14	6477	0	6635
24406	45	34	8	6549	0	6636
24407	27	6624	16	110	0	6777
24408	6744	100	8	54	0	6906
24409	6831	38	8	33	0	6910
24410	133	29	6737	18	0	6917
24411	6705	16	91	32	0	6844
24412	123	22	29	6716	0	6890
24413	52	12	6663	104	0	6831
24414	49	32	98	6597	0	6776
24415	37	11	6683	105	0	6836
24416	30	14	6443	38	0	6525
24417	24	54	106	6201	0	6385
24418	11	6263	47	87	0	6408
24419	6295	87	27	36	0	6445
24420	6106	29	15	29	0	6179
24421	107	6295	13	12	0	6427
24422	44	6469	13	15	0	6541
24423	6615	100	17	31	0	6763
24424	6704	39	14	21	0	6778
24425	6726	20	13	17	0	6776
24426	6754	13	10	19	0	6796
24427	127	17	9	6767	0	6920
24428	51	9	6653	90	0	6803
24429	36	6628	81	39	0	6784
24430	6555	98	26	25	0	6704
24431	97	6658	16	19	0	6790
24432	6691	100	5	17	0	6813
24433	6712	29	11	15	0	6767
24434	121	19	6774	7	0	6921
24435	42	6994	87	8	0	7131
24436	29	95	26	6989	0	7139
24437	22	29	12	7134	0	7197
24438	26	21	10	6802	0	6859
24439	6976	12	8	128	0	7124
24440	6733	8	7	54	0	6802
24441	6737	14	9	28	0	6788
24442	115	6698	7	17	0	6837
24443	6609	84	5	19	0	6717
24444	96	6616	7	17	0	6736
24445	37	91	6522	14	0	6664
24446	20	6532	74	8	0	6634
24447	37	110	44	6214	0	6405
24448	17	15	7	6169	0	6208
24449	10	13	6125	71	0	6219
24450	11	5	62	5976	0	6054
24451	17	4	13	6118	0	6152
24452	6172	5	10	86	0	6273
24453	6080	4	2	35	0	6121
24454	6171	7	7	20	0	6205
24455	78	6129	6	14	0	6227
24456	6109	59	2	20	0	6190
24457	5957	16	7	15	0	5995
24458	75	6028	9	8	0	6120
24459	38	60	4	6002	0	6104
24460	18	18	6	6037	0	6079
24461	5974	9	10	74	0	6067
24462	65	10	5864	23	0	5962
24463	15	5660	53	13	0	5741
24464	21	87	15	5462	0	5585
24465	8	5410	6	58	0	5482
24466	9	5486	8	16	0	5519
24467	5557	57	14	15	0	5643
24468	5554	16	3	14	0	5587
24469	68	9	5	5559	0	5641
24470	25	6	5	5499	0	5535
24471	22	6	2	5502	0	5532
24472	17	7	4	5470	0	5498
24473	14	9	5321	66	0	5410
24474	5	11	5012	21	0	5049
24475	12	8	56	5374	0	5450
24476	15	6	5691	54	0	5766
24477	10	5780	62	18	0	5870
24478	5878	61	14	19	0	5972
24479	5952	14	9	15	0	5990
24480	80	4	3	6006	0	6093
24481	26	6	11	6057	0	6100
24482	17	8	4	6172	0	6201
24483	14	6196	3	75	0	6288
24484	6256	59	5	28	0	6348
24485	6345	18	1	19	0	6383
24486	97	12	6279	10	0	6398
24487	35	8	73	6624	0	6740
24488	17	11	6863	99	0	6990
24489	25	5	99	7330	0	7459
24490	15	14	16	7342	0	7387
24491	25	6	15	7290	0	7336
24492	17	9	5	7560	0	7591
24493	7502	8	11	159	0	7680
24494	7727	6	8	50	0	7791
24495	7887	8	5	39	0	7939
24496	187	8	8	7787	0	7990
24497	52	10	7659	139	0	7860
24498	7516	5	125	46	0	7692
24499	149	7	29	7694	0	7879
24500	7745	6	17	150	0	7918
24501	156	9	12	7728	0	7905
24502	49	7521	12	148	0	7730
24503	32	7957	7	56	0	8052
24504	30	159	8	7967	0	8164
24505	40	36	13	7976	0	8065
24506	31	19	7	7983	0	8040
24507	16	7791	10	178	0	7995
24508	7774	126	5	69	0	7974
24509	129	7751	6	38	0	7924
24510	39	135	7755	25	0	7954
24511	34	38	121	7749	0	7942
24512	21	7979	30	135	0	8165
24513	34	130	18	7986	0	8168
24514	27	32	13	8104	0	8176
24515	16	24	7955	178	0	8173
24516	7549	13	128	80	0	7770
24517	139	8182	38	45	0	8404
24518	8275	128	19	49	0	8471
24519	8496	34	6	51	0	8587
24520	8531	25	9	34	0	8599
24521	196	34	8085	23	0	8338
24522	83	15	129	7973	0	8200
24523	38	13	37	8058	0	8146
24524	32	18	7823	184	0	8057
24525	7355	11	135	80	0	7581
24526	161	17	7815	41	0	8034
24527	50	14	7665	37	0	7766
24528	29	7721	138	40	0	7928
24529	39	131	55	7744	0	7969
24530	17	38	7811	144	0	8010
24531	7388	23	119	64	0	7594
24532	7639	14	34	42	0	7729
24533	161	19	7633	30	0	7843
24534	69	13	141	7642	0	7865
24535	43	15	7715	139	0	7912
24536	29	7804	133	50	0	8016
24537	8138	122	46	52	0	8358
24538	8264	37	31	43	0	8375
24539	8391	16	26	39	0	8472
24540	191	20	18	8281	0	8510
24541	69	23	20	8461	0	8573
24542	39	15	8302	185	0	8541
24543	8270	16	142	81	0	8509
24544	166	19	45	8398	0	8628
24545	8345	13	32	165	0	8555
24546	170	18	8328	63	0	8579
24547	61	16	8543	44	0	8664
24548	51	14	166	8342	0	8573
24549	45	20	53	8768	0	8886
24550	36	13	8645	180	0	8874
24551	8447	13	153	85	0	8698
24552	167	18	53	8500	0	8738
24553	59	8828	43	155	0	9085
24554	8982	139	30	70	0	9221
24555	158	9054	27	52	0	9291
24556	9123	154	32	46	0	9355
24557	188	53	9246	36	0	9523
24558	89	21	9028	48	0	9186
24559	47	9282	183	36	0	9548
24560	9339	143	64	39	0	9585
24561	182	41	9267	39	0	9529
24562	9043	26	165	47	0	9281
24563	186	9241	61	28	0	9516
24564	86	143	52	9421	0	9702
24565	53	46	39	9365	0	9503
24566	50	9142	39	185	0	9416
24567	9703	163	32	83	0	9981
24568	9992	47	40	53	0	10132
24569	10202	28	27	48	0	10305
24570	235	23	10086	35	0	10379
24571	74	24	190	10107	0	10395
24572	77	20	54	10239	0	10390
24573	56	25	41	10454	0	10576
24574	57	29	10191	214	0	10491
24575	59	9978	164	77	0	10278
24576	9733	164	48	66	0	10011
24577	187	52	9783	37	0	10059
24578	9548	30	175	48	0	9801
24579	181	9709	57	50	0	9997
24580	9793	163	47	36	0	10039
24581	216	60	32	9651	0	9959
24582	9774	30	34	180	0	10018
24583	214	27	18	9749	0	10008
24584	75	24	9900	176	0	10175
24585	57	54	153	9809	0	10073
24586	48	22	9748	180	0	9998
24587	9043	21	143	75	0	9282
24588	144	9220	63	42	0	9469
24589	68	119	31	8556	0	8774
24590	37	8975	35	91	0	9138
24591	8939	113	46	41	0	9139
24592	8927	38	35	44	0	9044
24593	134	8853	18	30	0	9035
24594	8806	98	26	42	0	8972
24595	8948	26	23	35	0	9032
24596	114	23	22	8894	0	9053
24597	55	24	19	8955	0	9053
24598	9215	19	26	107	0	9367
24599	9331	19	19	46	0	9415
24600	139	19	21	9136	0	9315
24601	63	22	19	9662	0	9766
24602	9733	15	18	147	0	9913
24603	137	27	9623	55	0	9842
24604	9218	18	111	63	0	9410
24605	144	21	9473	34	0	9672
24606	71	9375	118	36	0	9600
24607	54	109	58	9360	0	9581
24608	59	28	9568	111	0	9766
24609	49	9703	118	44	0	9914
24610	9676	121	45	59	0	9901
24611	118	46	9704	55	0	9923
24612	9412	25	128	46	0	9611
24613	9777	28	35	35	0	9875
24614	9931	22	32	35	0	10020
24615	162	13	33	9558	0	9766
24616	83	9718	23	100	0	9924
24617	9653	106	23	57	0	9839
24618	134	36	9734	44	0	9948
24619	9056	28	101	59	0	9244
24620	129	32	9683	24	0	9868
24621	63	9620	101	46	0	9830
24622	55	93	53	9723	0	9924
24623	60	35	31	9745	0	9871
24624	44	9519	48	123	0	9734
24625	57	112	20	9835	0	10024
24626	44	39	9889	129	0	10101
24627	41	9916	97	59	0	10113
24628	58	125	31	9833	0	10047
24629	9821	39	34	129	0	10023
24630	10127	35	29	50	0	10241
24631	170	40	21	10230	0	10461
24632	88	10384	25	140	0	10637
24633	76	118	26	10391	0	10611
24634	81	39	23	10267	0	10410
24635	55	31	9801	177	0	10064
24636	44	9861	115	81	0	10101
24637	55	109	32	9729	0	9925
24638	42	49	9615	133	0	9839
24639	46	9572	115	65	0	9798
24640	54	131	35	9654	0	9874
24641	9676	42	32	149	0	9899
24642	143	9779	29	61	0	10012
24643	71	138	28	9826	0	10063
24644	10025	49	18	163	0	10255
24645	10100	33	22	77	0	10232
24646	10089	43	31	60	0	10223
24647	9978	37	14	64	0	10093
24648	198	20	23	9847	0	10088
24649	90	32	9840	141	0	10103
24650	81	53	114	9630	0	9878
24651	59	9780	49	147	0	10035
24652	9921	112	28	83	0	10144
24653	136	44	9633	51	0	9864
24654	9255	32	105	55	0	9447
24655	140	26	9442	37	0	9645
24656	90	29	115	9388	0	9622
24657	47	29	9365	109	0	9550
24658	56	22	105	9231	0	9414
24659	46	24	9304	119	0	9493
24660	55	23	109	9125	0	9312
24661	9313	18	52	127	0	9510
24662	129	9673	37	52	0	9891
24663	79	97	34	9750	0	9960
24664	57	36	34	9709	0	9836
24665	54	27	9935	134	0	10150
24666	39	30	9426	70	0	9565
24667	9299	18	126	66	0	9509
24668	105	9527	56	45	0	9733
24669	9440	87	40	36	0	9603
24670	9528	35	37	43	0	9643
24671	137	11	30	9459	0	9637
24672	64	9621	30	92	0	9807
24673	9850	92	25	66	0	10033
24674	9999	36	24	49	0	10108
24675	10082	22	19	63	0	10186
24676	10139	28	22	48	0	10237
24677	10037	16	24	37	0	10114
24678	153	20	9912	28	0	10113
24679	9781	19	92	36	0	9928
24680	137	16	9926	16	0	10095
24681	95	11	90	9769	0	9965
24682	57	12	47	10129	0	10245
24683	51	18	9968	121	0	10158
24684	9790	11	109	66	0	9976
24685	132	17	42	10059	0	10250
24686	68	14	28	10395	0	10505
24687	54	18	28	10498	0	10598
24688	62	19	15	10395	0	10491
24689	44	16	21	10524	0	10605
24690	46	12	10580	172	0	10810
24691	45	10	120	10501	0	10676
24692	46	15	10730	144	0	10935
24693	38	21	10573	82	0	10714
24694	10658	8	161	67	0	10894
24695	11062	12	73	62	0	11209
24696	11678	14	48	60	0	11800
24697	214	12	11867	51	0	12144
24698	99	14	11704	42	0	11859
24699	67	21	12075	48	0	12211
24700	62	12449	230	58	0	12799
24701	119	224	155	12381	0	12879
24702	12939	56	73	212	0	13280
24703	230	36	50	13532	0	13848
24704	86	13746	54	271	0	14157
24705	13954	203	54	126	0	14337
24706	258	80	43	13857	0	14238
24707	119	14048	46	255	0	14468
24708	106	211	47	14209	0	14573
24709	81	81	40	14207	0	14409
24710	13912	50	42	313	0	14317
24711	270	41	53	13961	0	14325
24712	126	46	13825	297	0	14294
24713	109	36	232	13716	0	14093
24714	69	13336	108	295	0	13808
24715	72	13897	97	159	0	14225
24716	73	270	82	13521	0	13946
24717	65	131	84	13452	0	13732
24718	63	13231	58	344	0	13696
24719	62	13262	49	212	0	13585
24720	65	13554	38	161	0	13818
24721	108	351	25	12749	0	13233
24722	74	13423	31	312	0	13840
24723	13292	308	36	179	0	13815
24724	269	174	13369	144	0	13956
24725	141	136	227	13075	0	13579
24726	80	13393	101	320	0	13894
24727	13280	305	51	214	0	13850
24728	281	165	13268	169	0	13883
24729	125	13288	241	150	0	13804
24730	13009	255	111	155	0	13530
24731	226	12884	73	134	0	13317
24732	113	13111	61	99	0	13384
24733	79	359	60	12879	0	13377
24734	51	13165	38	279	0	13533
24735	13037	316	30	180	0	13563
24736	243	187	29	13009	0	13468
24737	111	154	12866	273	0	13404
24738	72	139	12832	157	0	13200
24739	63	171	254	12895	0	13383
24740	66	150	13015	249	0	13480
24741	82	114	241	13042	0	13479
24742	12759	111	116	312	0	13298
24743	240	103	12826	157	0	13326
24744	138	103	235	12528	0	13004
24745	84	12520	127	251	0	12982
24746	86	256	92	12805	0	13239
24747	96	157	67	12808	0	13128
24748	84	12551	95	294	0	13024
24749	83	269	73	12960	0	13385
24750	76	174	64	13086	0	13400
24751	48	153	12802	329	0	13332
24752	52	12731	223	211	0	13217
24753	12727	279	104	168	0	13278
24754	228	156	93	12874	0	13351
24755	124	110	12878	317	0	13429
24756	92	100	266	12873	0	13331
24757	63	90	12843	329	0	13325
24758	12237	90	283	207	0	12817
24759	219	12743	151	182	0	13295
24760	140	220	123	12895	0	13378
24761	106	128	86	13155	0	13475
24762	12574	98	107	366	0	13145
24763	241	78	90	12733	0	13142
24764	116	104	12518	348	0	13086
24765	83	98	241	12090	0	12512
24766	60	11885	122	346	0	12413
24767	83	12248	90	236	0	12657
24768	52	12472	80	204	0	12808
24769	65	344	76	12349	0	12834
24770	71	191	12085	316	0	12663
24771	65	12042	234	223	0	12564
24772	11806	288	119	183	0	12396
24773	223	11933	92	179	0	12427
24774	11951	272	78	186	0	12487
24775	11945	155	109	147	0	12356
24776	288	125	11828	146	0	12387
24777	12103	112	249	155	0	12619
24778	12628	109	132	148	0	13017
24779	12000	118	73	172	0	12363
24780	12678	96	68	144	0	12986
24781	342	83	12399	149	0	12973
24782	12315	91	235	128	0	12769
24783	12810	90	123	128	0	13151
24784	313	12980	98	102	0	13493
24785	185	301	51	12741	0	13278
24786	125	195	52	12801	0	13173
24787	109	12772	52	308	0	13241
24788	12715	274	64	172	0	13225
24789	266	12815	78	107	0	13266
24790	12438	289	74	101	0	12902
24791	12701	168	55	91	0	13015
24792	339	12786	53	61	0	13239
24793	210	272	50	12759	0	13291
24794	154	134	12917	248	0	13453
24795	145	12515	232	116	0	13008
24796	140	343	93	11565	0	12141
24797	107	11838	71	165	0	12181
24798	91	12437	37	85	0	12650
24799	144	399	61	11758	0	12362
24800	77	110	11917	193	0	12297
24801	58	11374	176	107	0	11715
24802	32	11392	82	56	0	11562
24803	10342	184	80	32	0	10638
24804	139	69	9	10593	0	10810
24805	62	35	8	10761	0	10866
24806	38	20	4	10996	0	11058
24807	14	17	10964	218	0	11213
24808	26	17	160	11036	0	11239
24809	13	11400	60	207	0	11680
24810	11770	188	22	88	0	12068
24811	204	63	13	11777	0	12057
24812	63	24	11737	213	0	12037
24813	11837	20	194	86	0	12137
24814	226	26	65	12198	0	12515
24815	84	14	12726	225	0	13049
24816	34	20	12829	91	0	12974
24817	12906	16	298	60	0	13280
24818	13528	8	90	50	0	13676
24819	13495	22	47	34	0	13598
24820	13632	27	26	40	0	13725
24821	343	27	13305	21	0	13696
24822	123	13447	234	38	0	13842
24823	13503	241	80	54	0	13878
24824	262	13480	32	31	0	13805
24825	13436	257	31	36	0	13760
24826	277	13502	31	28	0	13838
24827	126	266	25	13459	0	13876
24828	70	87	28	13598	0	13783
24829	63	48	16	13494	0	13621
24830	51	13130	20	323	0	13524
24831	36	13483	28	110	0	13657
24832	56	307	17	12971	0	13351
24833	30	13186	26	271	0	13513
24834	36	280	13143	92	0	13551
24835	55	96	250	13132	0	13533
24836	40	65	13217	262	0	13584
24837	12958	42	267	112	0	13379
24838	13224	46	93	68	0	13431
24839	340	42	13067	45	0	13494
24840	122	44	13071	40	0	13277
24841	86	35	318	12909	0	13348
24842	61	46	13061	267	0	13435
24843	62	53	288	12489	0	12892
24844	53	11748	125	271	0	12197
24845	52	271	63	13027	0	13413
24846	61	103	42	13210	0	13416
24847	53	63	32	13238	0	13386
24848	36	53	12842	365	0	13296
24849	45	52	273	12688	0	13058
24850	51	50	101	12797	0	12999
24851	49	53	56	12497	0	12655
24852	44	12740	46	340	0	13170
24853	12753	270	46	162	0	13231
24854	12872	97	54	113	0	13136
24855	12876	65	52	88	0	13081
24856	364	47	48	12560	0	13019
24857	150	46	12543	299	0	13038
24858	158	42	12364	136	0	12700
24859	78	12533	307	95	0	13013
24860	12289	270	126	97	0	12782
24861	269	12465	75	93	0	12902
24862	12508	288	77	88	0	12961
24863	296	12497	66	79	0	12938
24864	12418	315	54	89	0	12876
24865	339	12794	61	104	0	13298
24866	147	304	45	12853	0	13349
24867	106	118	12710	310	0	13244
24868	72	86	12809	151	0	13118
24869	76	79	342	12631	0	13128
24870	87	72	137	12850	0	13146
24871	93	70	66	13031	0	13260
24872	79	75	12725	384	0	13263
24873	89	59	282	12639	0	13069
24874	12401	47	120	385	0	12953
24875	12573	45	85	179	0	12882
24876	353	12275	73	120	0	12821
24877	12008	280	65	115	0	12468
24878	308	11892	59	90	0	12349
24879	11870	295	60	91	0	12316
24880	11968	130	67	87	0	12252
24881	11751	89	56	79	0	11975
24882	385	65	11604	77	0	12131
24883	166	71	11452	88	0	11777
24884	11237	48	334	89	0	11708
24885	11665	52	124	88	0	11929
24886	382	66	89	11472	0	12009
24887	182	43	67	11813	0	12105
24888	124	50	53	12037	0	12264
24889	110	50	74	12155	0	12389
24890	83	64	66	12371	0	12584
24891	11902	46	48	406	0	12402
24892	314	61	43	11796	0	12214
24893	149	54	11429	316	0	11948
24894	11098	66	232	163	0	11559
24895	11428	37	116	137	0	11718
24896	322	11229	66	122	0	11739
24897	119	11195	41	92	0	11447
24898	10382	214	41	65	0	10702
24899	195	10707	28	52	0	10982
24900	10477	200	49	52	0	10778
24901	11216	60	38	55	0	11369
24902	11263	40	27	46	0	11376
24903	277	31	29	10793	0	11130
24904	99	10754	27	224	0	11104
24905	10776	181	31	73	0	11061
24906	224	56	21	10752	0	11053
24907	95	33	18	10512	0	10658
24908	9978	21	21	204	0	10224
24909	166	9823	18	93	0	10100
24910	62	141	12	9684	0	9899
24911	9750	42	13	179	0	9984
24912	150	9862	2	69	0	10083
24913	9829	140	5	60	0	10034
24914	172	54	9090	28	0	9344
24915	9080	31	80	31	0	9222
24916	145	9206	22	19	0	9392
24917	9026	111	37	30	0	9204
24918	8981	39	5	20	0	9045
24919	137	9124	6	17	0	9284
24920	9090	103	6	26	0	9225
24921	131	9008	6	12	0	9157
24922	9248	122	2	26	0	9398
24923	135	44	3	9286	0	9468
24924	64	30	1	9264	0	9359
24925	54	25	0	9366	0	9445
24926	30	20	9101	149	0	9300
24927	39	11	96	9104	0	9250
24928	25	19	9151	125	0	9320
24929	32	9	115	9061	0	9217
24930	23	9151	33	127	0	9334
24931	29	106	26	9282	0	9443
24932	23	45	9236	124	0	9428
24933	29	31	9443	45	0	9548
24934	32	22	118	9405	0	9577
24935	9365	17	53	121	0	9556
24936	9409	12	28	59	0	9508
24937	145	9488	17	45	0	9695
24938	73	104	12	9554	0	9743
24939	49	38	9730	118	0	9935
24940	31	37	105	9785	0	9958
24941	31	18	9855	137	0	10041
24942	9623	10	137	66	0	9836
24943	136	20	35	9865	0	10056
24944	72	17	9679	141	0	9909
24945	54	23	111	9674	0	9862
24946	32	19	48	9825	0	9924
24947	34	18	9777	165	0	9994
24948	41	11	122	9700	0	9874
24949	9747	15	41	176	0	9979
24950	9918	17	41	80	0	10056
24951	169	22	18	9970	0	10179
24952	10035	20	23	153	0	10231
24953	153	19	10070	77	0	10319
24954	71	28	9923	57	0	10079
24955	10087	16	141	43	0	10287
24956	10385	17	62	44	0	10508
24957	180	19	39	10165	0	10403
24958	96	25	23	10329	0	10473
24959	67	24	10192	157	0	10440
24960	60	19	126	9847	0	10052
24961	45	10144	53	133	0	10375
24962	10331	122	33	76	0	10562
24963	10902	47	28	63	0	11040
24964	194	10892	22	46	0	11154
24965	10512	140	19	55	0	10726
24966	10581	50	21	65	0	10717
24967	184	10636	29	60	0	10909
24968	10661	142	32	46	0	10881
24969	181	10703	28	40	0	10952
24970	10731	161	26	51	0	10969
24971	188	48	10754	44	0	11034
24972	83	40	151	10729	0	11003
24973	70	22	56	11001	0	11149
24974	43	34	47	11479	0	11603
24975	11445	14	33	228	0	11720
24976	198	21	25	11684	0	11928
24977	91	25	11645	218	0	11979
24978	11699	20	170	90	0	11979
24979	211	26	54	11704	0	11995
24980	92	11489	43	199	0	11823
24981	59	11895	34	92	0	12080
24982	56	207	25	11697	0	11985
24983	60	82	30	11635	0	11807
24984	76	39	31	11749	0	11895
24985	53	25	11294	255	0	11627
24986	31	11132	176	113	0	11452
24987	10918	166	49	99	0	11232
24988	10815	58	47	73	0	10993
24989	217	10606	21	62	0	10906
24990	83	10738	46	54	0	10921
24991	101	193	57	10490	0	10841
24992	53	58	10421	172	0	10704
24993	10038	63	161	110	0	10372
24994	10332	25	50	68	0	10475
24995	207	26	38	10198	0	10469
24996	79	15	29	10260	0	10383
24997	9909	13	24	218	0	10164
24998	170	12	9837	90	0	10109
24999	9455	18	145	76	0	9694
25000	162	9516	51	46	0	9775
25001	48	106	14	8612	0	8780
25002	32	8712	14	111	0	8869
25003	8766	103	36	61	0	8966
25004	121	28	16	8664	0	8829
25005	52	22	17	8548	0	8639
25006	29	8533	10	143	0	8715
25007	8628	109	14	43	0	8794
25008	8680	31	5	32	0	8748
25009	131	22	8569	20	0	8742
25010	51	10	8203	30	0	8294
25011	8254	15	112	35	0	8416
25012	116	12	8392	22	0	8542
25013	47	22	8180	21	0	8270
25014	8144	25	128	30	0	8327
25015	109	8	9022	26	0	9165
25016	55	16	146	9064	0	9281
25017	38	9	51	9248	0	9346
25018	9724	9	37	209	0	9979
25019	186	12	9896	78	0	10172
25020	10381	14	183	52	0	10630
25021	238	15	62	10461	0	10776
25022	10436	11	48	221	0	10716
25023	10611	6	16	88	0	10721
25024	10646	9	28	73	0	10756
25025	335	9	17	10390	0	10751
25026	10549	11	21	224	0	10805
25027	317	8	12	10523	0	10860
25028	145	7	14	10642	0	10808
25029	139	10	16	10692	0	10857
25030	92	11	16	10748	0	10867
25031	10488	5	17	327	0	10837
25032	10594	14	20	172	0	10800
25033	296	6	10426	120	0	10848
25034	10503	9	207	93	0	10812
25035	10777	2	70	90	0	10939
25036	312	10	61	10497	0	10880
25037	178	10382	25	240	0	10825
25038	10551	195	33	97	0	10876
25039	300	63	33	10255	0	10651
25040	10186	44	26	241	0	10497
25041	298	10062	23	108	0	10491
25042	10229	204	21	104	0	10558
25043	311	79	12	10038	0	10440
25044	134	9990	13	237	0	10374
25045	10174	207	16	123	0	10520
25046	260	9958	17	103	0	10338
25047	127	10421	15	72	0	10635
25048	10413	262	17	87	0	10779
25049	262	128	10244	65	0	10699
25050	10314	84	201	61	0	10660
25051	327	42	67	10246	0	10682
25052	149	45	10313	222	0	10729
25053	142	45	219	10115	0	10521
25054	125	39	79	10416	0	10659
25055	111	32	10271	309	0	10723
25056	10236	26	242	178	0	10682
25057	311	25	85	10332	0	10753
25058	161	27	78	10469	0	10735
25059	147	23	35	10459	0	10664
25060	10243	22	42	414	0	10721
25061	287	31	10027	196	0	10541
25062	156	21	10099	154	0	10430
25063	133	22	244	9632	0	10031
25064	82	22	9540	285	0	9929
25065	9414	17	232	158	0	9821
25066	248	9465	108	137	0	9958
25067	9459	189	111	90	0	9849
25068	324	68	67	9204	0	9663
25069	138	9276	65	237	0	9716
25070	159	232	52	9175	0	9618
25071	119	9313	39	265	0	9736
25072	124	254	43	9341	0	9762
25073	111	98	9138	272	0	9619
25074	78	84	8734	146	0	9042
25075	78	8729	212	150	0	9169
25076	8420	181	120	113	0	8834
25077	205	100	76	8328	0	8709
25078	123	79	48	8427	0	8677
25079	8362	52	49	260	0	8723
25080	8400	49	46	152	0	8647
25081	288	49	41	8282	0	8660
25082	167	48	8151	209	0	8575
25083	129	8169	170	123	0	8591
25084	104	171	81	8306	0	8662
25085	99	71	90	8158	0	8418
25086	99	8424	52	232	0	8807
25087	8465	178	40	164	0	8847
25088	212	91	8472	110	0	8885
25089	113	88	178	8429	0	8808
25090	104	53	76	8478	0	8711
25091	67	48	8384	285	0	8784
25092	80	55	185	8528	0	8848
25093	8541	35	89	284	0	8949
25094	8548	38	99	153	0	8838
25095	8655	33	68	145	0	8901
25096	285	8471	59	116	0	8931
25097	8983	161	68	105	0	9317
25098	284	62	53	8959	0	9358
25099	155	77	55	8909	0	9196
25100	147	9501	49	270	0	9967
25101	10074	220	46	163	0	10503
25102	10500	101	41	118	0	10760
25103	10635	97	39	99	0	10870
25104	10845	56	36	108	0	11045
25105	10818	56	40	112	0	11026
25106	411	67	10505	96	0	11079
25107	10721	55	241	82	0	11099
25108	10906	44	107	76	0	11133
25109	10756	36	85	75	0	10952
25110	450	32	54	10440	0	10976
25111	257	38	58	10487	0	10840
25112	185	27	10065	333	0	10610
25113	8883	43	235	218	0	9379
25114	293	9793	114	138	0	10338
25115	144	9119	58	85	0	9406
25116	112	197	8897	72	0	9278
25117	80	8675	168	69	0	8992
25118	63	8464	89	60	0	8676
25119	135	359	135	7319	0	7948
25120	27	7545	30	121	0	7723
25121	7448	131	15	47	0	7641
25122	7415	54	16	29	0	7514
25123	168	36	9	7290	0	7503
25124	77	22	7228	127	0	7454
25125	7134	14	118	64	0	7330
25126	142	21	7273	27	0	7463
25127	73	11	7340	27	0	7451
25128	59	11	151	7075	0	7296
25129	48	12	59	7294	0	7413
25130	30	12	7287	148	0	7477
25131	31	7028	116	71	0	7246
25132	17	7392	57	47	0	7513
25133	7381	146	36	41	0	7604
25134	7496	48	27	28	0	7599
25135	163	26	7311	17	0	7517
25136	7241	15	115	19	0	7390
25137	7629	16	39	23	0	7707
25138	168	15	14	7536	0	7733
25139	88	9	17	7615	0	7729
25140	56	18	14	7638	0	7726
25141	7622	18	9	160	0	7809
25142	7712	10	13	64	0	7799
25143	7826	9	12	39	0	7886
25144	192	9	7	7773	0	7981
25145	100	6	7637	120	0	7863
25146	7510	10	114	54	0	7688
25147	7557	5	45	36	0	7643
25148	189	11	24	7394	0	7618
25149	93	7481	20	130	0	7724
25150	66	114	16	7494	0	7690
25151	47	7549	16	128	0	7740
25152	51	136	16	7315	0	7518
25153	29	7569	23	131	0	7752
25154	7450	121	17	58	0	7646
25155	136	60	11	7482	0	7689
25156	57	7435	14	118	0	7624
25157	32	120	7407	48	0	7607
25158	7289	52	105	40	0	7486
25159	124	48	38	7356	0	7566
25160	49	7305	23	117	0	7494
25161	44	112	19	7208	0	7383
25162	39	7096	13	102	0	7250
25163	45	7475	18	46	0	7584
25164	7451	134	13	51	0	7649
25165	7586	51	19	41	0	7697
25166	140	33	7595	20	0	7788
25167	7539	17	110	33	0	7699
25168	7628	26	49	29	0	7732
25169	139	7565	23	26	0	7753
25170	73	97	19	7633	0	7822
25171	50	46	22	7651	0	7769
25172	43	25	7532	124	0	7724
25173	52	34	7266	48	0	7400
25174	7489	14	127	36	0	7666
25175	7673	13	55	33	0	7774
25176	7643	6	37	33	0	7719
25177	168	10	7478	21	0	7677
25178	80	12	107	7431	0	7630
25179	7510	9	39	131	0	7689
25180	128	9	16	7515	0	7668
25181	59	5	7352	128	0	7544
25182	7059	15	105	59	0	7238
25183	130	13	7539	27	0	7709
25184	73	7335	107	24	0	7539
25185	7435	92	42	35	0	7604
25186	110	44	7367	23	0	7544
25187	70	24	106	7273	0	7473
25188	7333	16	42	109	0	7500
25189	114	18	17	7396	0	7545
25190	7460	26	13	116	0	7615
25191	123	12	12	7410	0	7557
25192	7513	20	9	132	0	7674
25193	7564	18	11	67	0	7660
25194	7568	16	11	36	0	7631
25195	7448	17	13	29	0	7507
25196	158	20	16	7410	0	7604
25197	66	17	7091	96	0	7270
25198	44	10	7094	45	0	7193
25199	31	7067	105	23	0	7226
25200	24	6539	36	17	0	6616
25201	5958	61	126	13	0	6158
25202	45	6	14	5788	0	5853
25203	10	2	5823	32	0	5867
25204	8	1	5765	16	0	5790
25205	18	16	37	5865	0	5936
25206	5893	2	11	41	0	5947
25207	33	5908	5	9	0	5955
25208	6303	31	3	20	0	6357
25209	36	5	4	6377	0	6422
25210	11	4	4	6374	0	6393
25211	12	0	2	6384	0	6398
25212	5	1	6393	40	0	6439
25213	7	5	6154	14	0	6180
25214	8	6207	35	5	0	6255
25215	9	35	9	6515	0	6568
25216	6415	2	4	41	0	6462
25217	42	8	6289	7	0	6346
25218	6	4	6313	9	0	6332
25219	15	3	38	6540	0	6596
25220	5	6	8	6700	0	6719
25221	7	4	6	6734	0	6751
25222	14	4	4	7120	0	7142
25223	7227	1	6	66	0	7300
25224	59	5	5	7311	0	7380
25225	7318	3	3	69	0	7393
25226	66	7	7360	15	0	7448
25227	12	7347	58	14	0	7431
25228	19	63	14	7421	0	7517
25229	7	14	7504	68	0	7593
25230	8	4	7309	21	0	7342
25231	12	7496	68	11	0	7587
25232	17	57	22	7426	0	7522
25233	15	15	5	7491	0	7526
25234	7	9	7568	71	0	7655
25235	7362	5	69	33	0	7469
25236	81	7	22	7607	0	7717
25237	19	7	18	7486	0	7530
25238	10	4	7709	89	0	7812
25239	4	7609	95	28	0	7736
25240	7	8373	19	20	0	8419
25241	8511	121	10	26	0	8668
25242	124	23	12	8612	0	8771
25243	8957	14	11	138	0	9120
25244	152	3	8899	35	0	9089
25245	35	11	137	8888	0	9071
25246	8900	13	28	152	0	9093
25247	9020	8	25	53	0	9106
25248	172	15	10	8948	0	9145
25249	66	7	8813	146	0	9032
25250	30	8	8872	48	0	8958
25251	35	12	157	8914	0	9118
25252	24	7	8929	152	0	9112
25253	8557	13	143	67	0	8780
25254	147	8785	37	42	0	9011
25255	8937	131	40	31	0	9139
25256	9061	25	25	47	0	9158
25257	170	24	31	8994	0	9219
25258	51	13	36	9103	0	9203
25259	9094	16	18	188	0	9316
25260	152	16	28	9121	0	9317
25261	64	12	9049	167	0	9292
25262	43	9041	133	49	0	9266
25263	35	125	38	9033	0	9231
25264	47	34	35	9046	0	9162
25265	40	25	22	9056	0	9143
25266	34	13	8779	208	0	9034
25267	37	8647	141	77	0	8902
25268	26	128	50	8879	0	9083
25269	26	28	8776	168	0	8998
25270	31	37	148	8740	0	8956
25271	8755	11	47	195	0	9008
25272	150	23	40	8812	0	9025
25273	49	18	8687	190	0	8944
25274	8556	14	156	79	0	8805
25275	152	8736	52	61	0	9001
25276	47	9063	46	59	0	9215
25277	9141	150	40	50	0	9381
25278	159	43	9264	62	0	9528
25279	76	29	158	9200	0	9463
25280	53	23	43	9504	0	9623
25281	32	29	9418	183	0	9662
25282	49	9388	147	79	0	9663
25283	51	137	53	8643	0	8884
25284	30	52	9395	166	0	9643
25285	50	34	151	9326	0	9561
25286	9370	28	58	198	0	9654
25287	167	20	9543	88	0	9818
25288	60	21	153	9638	0	9872
25289	51	19	67	9712	0	9849
25290	34	32	9496	209	0	9771
25291	43	18	160	9240	0	9461
25292	50	8136	69	195	0	8450
25293	53	139	62	8838	0	9092
25294	52	9247	42	168	0	9509
25295	9293	161	46	94	0	9594
25296	9137	43	50	84	0	9314
25297	186	31	8972	78	0	9267
25298	79	26	8731	65	0	8901
25299	45	25	8671	68	0	8809
25300	37	8682	188	41	0	8948
25301	62	145	91	8939	0	9237
25302	37	54	9019	167	0	9277
25303	50	36	164	8658	0	8908
25304	60	25	57	8843	0	8985
25305	44	22	8946	188	0	9200
25306	49	24	155	8908	0	9136
25307	32	17	75	8847	0	8971
25308	30	8632	68	187	0	8917
25309	29	142	34	8821	0	9026
25310	33	39	51	9032	0	9155
25311	22	36	8861	220	0	9139
25312	41	22	155	8751	0	8969
25313	31	32	8825	205	0	9093
25314	32	29	8599	107	0	8767
25315	8553	20	181	106	0	8860
25316	160	47	76	8476	0	8759
25317	46	8741	61	186	0	9034
25318	47	8902	44	88	0	9081
25319	34	185	62	8897	0	9178
25320	27	61	8840	203	0	9131
25321	39	8778	181	90	0	9088
25322	39	149	72	8558	0	8818
25323	36	47	8756	167	0	9006
25324	31	8936	139	75	0	9181
25325	9435	140	64	84	0	9723
25326	9520	60	54	48	0	9682
25327	9546	42	27	75	0	9690
25328	185	22	42	10123	0	10372
25329	51	30	44	10211	0	10336
25330	47	27	31	10188	0	10293
25331	29	22	9922	226	0	10199
25332	9963	33	171	102	0	10269
25333	198	13	58	9935	0	10204
25334	55	27	9555	176	0	9813
25335	9946	25	131	88	0	10190
25336	10298	20	46	82	0	10446
25337	205	80	8092	76	0	8453
25338	9896	13	91	80	0	10080
25339	140	10153	53	64	0	10410
25340	40	92	9804	33	0	9969
25341	9380	53	133	47	0	9613
25342	107	9492	51	33	0	9683
25343	34	78	20	9127	0	9259
25344	16	9241	17	82	0	9356
25345	16	82	13	9344	0	9455
25346	12	26	9368	90	0	9496
25347	8598	6	84	64	0	8752
25348	76	13	9403	23	0	9515
25349	30	9109	76	27	0	9242
25350	14	9393	35	15	0	9457
25351	9244	90	15	32	0	9381
25352	80	31	9244	18	0	9373
25353	38	10	79	9130	0	9257
25354	5	14	9267	79	0	9365
25355	9	9378	74	33	0	9494
25356	22	77	32	8817	0	8948
25357	14	9314	20	59	0	9407
25358	9590	77	14	39	0	9720
25359	9675	27	10	31	0	9743
25360	9638	11	16	20	0	9685
25361	101	16	9488	13	0	9618
25362	30	10	9109	18	0	9167
25363	9284	13	99	25	0	9421
25364	86	9	9734	14	0	9843
25365	46	5	88	9306	0	9445
25366	17	9558	35	72	0	9682
25367	9859	78	13	42	0	9992
25368	9848	26	17	24	0	9915
25369	10107	9	11	22	0	10149
25370	113	5	14	10157	0	10289
25371	31	7	14	10238	0	10290
25372	10172	13	14	120	0	10319
25373	94	10100	15	46	0	10255
25374	10083	78	10	22	0	10193
25375	96	31	8	9927	0	10062
25376	35	15	4	9993	0	10047
25377	9744	5	6	133	0	9888
25378	87	9606	9	43	0	9745
25379	9675	85	8	28	0	9796
25380	98	9710	7	12	0	9827
25381	9684	84	7	19	0	9794
25382	105	29	5	10186	0	10325
25383	10335	13	8	94	0	10450
25384	10762	7	9	43	0	10821
25385	11507	10	9	30	0	11556
25386	159	11799	5	12	0	11975
25387	52	132	11567	16	0	11767
25388	11577	44	130	22	0	11773
25389	11856	18	40	20	0	11934
25390	183	11686	22	16	0	11907
25391	87	131	11	11874	0	12103
25392	36	56	5	11965	0	12062
25393	11912	17	12	187	0	12128
25394	167	20	7	12054	0	12248
25395	78	9	12005	158	0	12250
25396	41	22	11807	68	0	11938
25397	12247	12	168	47	0	12474
25398	162	14	57	12288	0	12521
25399	81	12	27	12402	0	12522
25400	51	11	10	12577	0	12649
25401	25	10	12637	209	0	12881
25402	44	6	158	12527	0	12735
25403	52	15	57	12772	0	12896
25404	31	13	27	13007	0	13078
25405	12788	8	20	236	0	13052
25406	182	10	17	12932	0	13141
25407	77	9	13002	191	0	13279
25408	13299	12	160	97	0	13568
25409	196	20	13708	53	0	13977
25410	13938	19	195	62	0	14214
25411	13966	15	69	42	0	14092
25412	266	15	35	14246	0	14562
25413	109	14301	29	224	0	14663
25414	80	191	17	14500	0	14788
25415	62	89	29	14621	0	14801
25416	57	14621	24	283	0	14985
25417	14592	196	38	128	0	14954
25418	221	14519	38	83	0	14861
25419	14611	212	33	55	0	14911
25420	14717	71	23	69	0	14880
25421	301	40	24	14521	0	14886
25422	145	36	17	14507	0	14705
25423	68	23	13978	304	0	14373
25424	54	33	13262	142	0	13491
25425	13139	21	237	98	0	13495
25426	13355	24	98	70	0	13547
25427	265	12697	49	70	0	13081
25428	142	166	38	12399	0	12745
25429	91	58	12767	212	0	13128
25430	82	137	193	12694	0	13106
25431	12619	41	100	243	0	13003
25432	12343	22	57	107	0	12529
25433	240	12308	44	88	0	12680
25434	156	166	16	12320	0	12658
25435	88	70	26	12468	0	12652
25436	68	40	19	12566	0	12693
25437	50	42	12028	266	0	12386
25438	11302	26	166	163	0	11657
25439	11767	39	75	93	0	11974
25440	271	31	11723	71	0	12096
25441	151	11716	163	70	0	12100
25442	11756	168	76	77	0	12077
25443	11811	64	52	88	0	12015
25444	258	54	11471	81	0	11864
25445	134	32	11829	77	0	12072
25446	102	40	234	11838	0	12214
25447	91	34	11958	190	0	12273
25448	11715	41	215	91	0	12062
25449	11899	37	91	77	0	12104
25450	12031	40	67	60	0	12198
25451	301	31	51	11533	0	11916
25452	151	12089	51	208	0	12499
25453	12323	151	53	130	0	12657
25454	12263	78	55	90	0	12486
25455	281	56	11954	68	0	12359
25456	165	40	11618	78	0	11901
25457	11690	41	199	78	0	12008
25458	231	42	100	11901	0	12274
25459	139	39	11854	222	0	12254
25460	119	11769	192	130	0	12210
25461	107	166	119	11881	0	12273
25462	11811	86	61	214	0	12172
25463	247	12019	57	121	0	12444
25464	150	184	53	11788	0	12175
25465	119	11633	60	202	0	12014
25466	98	11988	68	138	0	12292
25467	94	200	59	12032	0	12385
25468	81	98	80	12006	0	12265
25469	95	12032	63	240	0	12430
25470	11962	180	51	145	0	12338
25471	235	104	11928	82	0	12349
25472	11893	62	176	108	0	12239
25473	256	69	83	12167	0	12575
25474	162	48	51	12271	0	12532
25475	127	40	55	12319	0	12541
25476	101	46	59	12302	0	12508
25477	85	44	12265	282	0	12676
25478	115	39	188	12357	0	12699
25479	112	46	102	12491	0	12751
25480	104	12885	75	278	0	13342
25481	100	187	13082	146	0	13515
25482	59	13309	206	141	0	13715
25483	83	214	13491	95	0	13883
25484	66	13337	208	85	0	13696
25485	141	210	156	12203	0	12710
25486	12182	72	63	160	0	12477
25487	178	12176	46	84	0	12484
25488	106	161	39	12322	0	12628
25489	64	71	12425	181	0	12741
25490	44	12638	171	78	0	12931
25491	12494	169	83	76	0	12822
25492	12622	72	66	72	0	12832
25493	224	12572	47	40	0	12883
25494	101	161	12421	48	0	12731
25495	12174	84	158	58	0	12474
25496	197	68	74	12600	0	12939
25497	12471	53	43	196	0	12763
25498	209	12609	37	96	0	12951
25499	93	12897	45	77	0	13112
25500	74	205	12704	56	0	13039
25501	12451	97	163	60	0	12771
25502	205	99	82	12588	0	12974
25503	12574	46	55	179	0	12854
25504	183	12608	42	87	0	12920
25505	12618	162	32	79	0	12891
25506	12509	72	26	76	0	12683
25507	215	63	12498	54	0	12830
25508	101	11665	129	36	0	11931
25509	56	11900	61	43	0	12060
25510	57	196	42	11103	0	11398
25511	31	10860	29	122	0	11042
25512	11131	136	19	49	0	11335
25513	119	11018	19	35	0	11191
25514	69	164	11	10711	0	10955
25515	35	10591	12	110	0	10748
25516	38	10376	22	33	0	10469
25517	29	10720	13	30	0	10792
25518	64	150	21	10613	0	10848
25519	38	56	13	10697	0	10804
25520	26	41	15	10629	0	10711
25521	30	10467	9	120	0	10626
25522	40	114	10307	45	0	10506
25523	31	53	10047	38	0	10169
25524	10182	54	101	35	0	10372
25525	118	35	33	10502	0	10688
25526	35	46	10493	97	0	10671
25527	40	40	10310	45	0	10435
25528	21	10822	106	38	0	10987
25529	19	116	37	10381	0	10553
25530	29	53	23	10636	0	10741
25531	10583	43	17	130	0	10773
25532	103	40	17	10599	0	10759
25533	39	28	22	10583	0	10672
25534	33	34	10717	131	0	10915
25535	34	42	110	10633	0	10819
25536	26	39	39	11074	0	11178
25537	26	31	10993	136	0	11186
25538	21	31	10805	70	0	10927
25539	25	10802	121	54	0	11002
25540	28	103	10942	47	0	11120
25541	30	50	116	10805	0	11001
25542	88	54	92	8543	0	8777
25543	24	45	11037	142	0	11248
25544	26	10924	108	70	0	11128
25545	10475	106	53	73	0	10707
25546	105	10614	43	54	0	10816
25547	41	123	42	10669	0	10875
25548	28	63	31	10791	0	10913
25549	20	10731	47	160	0	10958
25550	46	115	47	10754	0	10962
25551	36	54	34	10784	0	10908
25552	34	51	10306	150	0	10541
25553	22	10216	130	71	0	10439
25554	23	131	46	10409	0	10609
25555	30	59	10369	136	0	10594
25556	39	53	116	10283	0	10491
25557	32	58	40	10309	0	10439
25558	48	36	53	10430	0	10567
25559	42	55	30	10376	0	10503
25560	37	45	24	10254	0	10360
25561	35	10323	42	146	0	10546
25562	10184	129	38	89	0	10440
25563	97	60	10045	87	0	10289
25564	9087	50	109	84	0	9330
25565	110	45	10301	62	0	10518
25566	42	10726	118	73	0	10959
25567	35	125	10646	54	0	10860
25568	23	10744	130	57	0	10954
25569	52	127	53	10023	0	10255
25570	42	45	34	10463	0	10584
25571	24	10466	37	165	0	10692
25572	28	10912	23	79	0	11042
25573	10871	137	35	78	0	11121
25574	11067	57	35	65	0	11224
25575	11085	43	25	73	0	11226
25576	11186	40	35	74	0	11335
25577	147	40	24	11041	0	11252
25578	45	10899	34	135	0	11113
25579	10798	119	24	71	0	11012
25580	105	47	22	10388	0	10562
25581	10042	33	22	111	0	10208
25582	9789	26	30	59	0	9904
25583	96	9384	17	37	0	9534
25584	31	9080	15	27	0	9153
25585	16	9508	14	24	0	9562
25586	33	148	18	9082	0	9281
25587	10	9430	15	72	0	9527
25588	9467	66	15	46	0	9594
25589	9731	22	9	36	0	9798
25590	9643	22	3	28	0	9696
25591	9874	17	7	30	0	9928
25592	9968	14	10	24	0	10016
25593	117	16	10244	16	0	10393
25594	10219	10	89	19	0	10337
25595	112	18	10303	10	0	10443
25596	10208	11	84	31	0	10334
25597	116	16	30	10286	0	10448
25598	46	18	9499	102	0	9665
25599	25	16	10352	37	0	10430
25600	28	11144	106	19	0	11297
25601	11305	128	52	29	0	11514
25602	11668	36	29	29	0	11762
25603	192	12579	12	13	0	12796
25604	83	148	7	14125	0	14363
25605	15238	65	13	216	0	15532
25606	263	25	15351	90	0	15729
25607	118	15355	230	38	0	15741
25608	15049	246	104	46	0	15445
25609	272	15321	37	30	0	15660
25610	165	267	37	14656	0	15125
25611	59	15429	37	211	0	15736
25612	92	304	22	14873	0	15291
25613	61	14950	22	254	0	15287
25614	42	15570	23	130	0	15765
25615	15268	371	10	86	0	15735
25616	15607	182	17	68	0	15874
25617	359	100	15397	61	0	15917
25618	167	88	15088	48	0	15391
25619	99	91	15425	33	0	15648
25620	121	55	347	15458	0	15981
25621	78	79	15702	239	0	16098
25622	83	65	310	15528	0	15986
25623	89	72	167	15478	0	15806
25624	57	15516	90	373	0	16036
25625	15575	296	69	196	0	16136
25626	262	15695	79	118	0	16154
25627	172	315	49	16002	0	16538
25628	100	176	50	16126	0	16452
25629	94	112	60	16172	0	16438
25630	91	80	15920	421	0	16512
25631	108	85	295	15918	0	16406
25632	104	63	145	16153	0	16465
25633	90	65	101	16325	0	16581
25634	66	91	15640	467	0	16264
25635	56	15572	297	266	0	16191
25636	15428	326	130	209	0	16093
25637	15101	165	67	202	0	15535
25638	354	15547	65	143	0	16109
25639	200	323	64	15533	0	16120
25640	131	213	52	15878	0	16274
25641	126	117	15499	430	0	16172
25642	101	15424	299	242	0	16066
25643	119	298	149	15592	0	16158
25644	84	165	15627	394	0	16270
25645	81	99	319	15568	0	16067
25646	72	112	202	15588	0	15974
25647	72	104	15523	493	0	16192
25648	91	85	339	15480	0	15995
25649	92	109	182	15319	0	15702
25650	88	91	15498	486	0	16163
25651	107	91	317	15565	0	16080
25652	105	81	209	15148	0	15543
25653	63	84	119	15912	0	16178
25654	47	65	15506	551	0	16169
25655	47	73	332	15584	0	16036
25656	15238	66	198	493	0	15995
25657	15262	76	127	351	0	15816
25658	370	15270	115	268	0	16023
25659	15475	290	115	239	0	16119
25660	345	167	15743	224	0	16479
25661	213	96	329	15854	0	16492
25662	130	96	185	16104	0	16515
25663	124	84	119	16359	0	16686
25664	15650	72	97	558	0	16377
25665	289	15487	116	345	0	16237
25666	146	287	99	14753	0	15285
25667	91	15005	100	444	0	15640
25668	14898	298	93	311	0	15600
25669	309	14977	94	209	0	15589
25670	14766	339	81	223	0	15409
25671	327	14578	76	201	0	15182
25672	193	14690	94	178	0	15155
25673	153	390	70	14580	0	15193
25674	102	217	81	14744	0	15144
25675	103	126	68	14765	0	15062
25676	89	117	88	14713	0	15007
25677	70	143	14189	516	0	14918
25678	91	14101	271	354	0	14817
25679	78	318	150	13640	0	14186
25680	69	14050	89	443	0	14651
25681	75	329	14020	292	0	14716
25682	98	191	312	13982	0	14583
25683	108	155	155	14435	0	14853
25684	102	128	14063	479	0	14772
25685	101	13774	309	288	0	14472
25686	91	305	187	13883	0	14466
25687	53	163	13694	459	0	14369
25688	49	13596	307	358	0	14310
25689	57	308	202	13389	0	13956
25690	67	184	13295	432	0	13978
25691	78	121	12914	291	0	13404
25692	68	12742	342	187	0	13339
25693	53	13667	157	194	0	14071
25694	89	384	116	13960	0	14549
25695	97	183	132	14831	0	15243
25696	45	146	14558	486	0	15235
25697	14090	122	283	350	0	14845
25698	14355	116	169	254	0	14894
25699	365	100	14001	195	0	14661
25700	163	13261	283	179	0	13886
25701	96	13227	161	177	0	13661
25702	92	12985	103	155	0	13335
25703	133	10270	163	168	0	10734
25704	304	476	220	10192	0	11192
25705	49	66	32	11382	0	11529
25706	21	42	6	11366	0	11435
25707	23	36	9	11508	0	11576
25708	9	11531	11	292	0	11843
25709	25	204	8	11564	0	11801
25710	6	11567	12	255	0	11840
25711	29	217	6	11741	0	11993
25712	11568	104	9	268	0	11949
25713	204	51	12	11701	0	11968
25714	89	11572	8	261	0	11930
25715	57	215	12	11869	0	12153
25716	52	101	9	12225	0	12387
25717	35	58	6	12333	0	12432
25718	11903	58	13	411	0	12385
25719	222	76	8	12166	0	12472
25720	85	62	11809	334	0	12290
25721	47	12089	192	222	0	12550
25722	55	238	81	12426	0	12800
25723	63	108	44	12841	0	13056
25724	60	70	35	13022	0	13187
25725	12527	84	27	427	0	13065
25726	253	61	12245	230	0	12789
25727	129	61	230	11873	0	12293
25728	62	12134	88	365	0	12649
25729	74	275	37	12296	0	12682
25730	11695	146	37	394	0	12272
25731	220	11975	43	238	0	12476
25732	101	284	28	12032	0	12445
25733	63	128	15	12129	0	12335
25734	43	11865	21	471	0	12400
25735	63	266	20	12209	0	12558
25736	71	143	23	12391	0	12628
25737	42	94	11955	444	0	12535
25738	30	11970	222	280	0	12502
25739	11969	291	92	225	0	12577
25740	264	155	11904	192	0	12515
25741	11858	97	241	209	0	12405
25742	294	101	11857	210	0	12462
25743	138	86	264	12020	0	12508
25744	11791	62	119	486	0	12458
25745	294	109	63	12040	0	12506
25746	11931	90	54	469	0	12544
25747	12049	90	54	330	0	12523
25748	11937	119	73	247	0	12376
25749	397	11871	60	212	0	12540
25750	248	300	38	11859	0	12445
25751	156	156	62	12141	0	12515
25752	131	114	61	12162	0	12468
25753	119	87	11789	538	0	12533
25754	103	85	275	12041	0	12504
25755	11858	60	130	509	0	12557
25756	12099	64	79	332	0	12574
25757	416	79	11790	258	0	12543
25758	11958	86	292	190	0	12526
25759	12132	111	139	199	0	12581
25760	427	108	80	11632	0	12247
25761	11483	81	70	493	0	12127
25762	11613	74	50	366	0	12103
25763	468	68	74	11509	0	12119
25764	11464	65	111	455	0	12095
25765	11563	78	81	320	0	12042
25766	476	110	75	11346	0	12007
25767	332	97	8604	437	0	9470
25768	10983	80	247	258	0	11568
25769	405	103	11202	199	0	11909
25770	283	75	11254	239	0	11851
25771	188	11168	352	267	0	11975
25772	212	287	157	11215	0	11871
25773	216	126	105	11541	0	11988
25774	212	71	91	11489	0	11863
25775	225	86	11200	504	0	12015
25776	222	95	11169	292	0	11778
25777	201	11235	385	242	0	12063
25778	187	284	214	11106	0	11791
25779	234	121	136	11455	0	11946
25780	168	74	159	11599	0	12000
25781	175	59	11175	548	0	11957
25782	195	11065	320	326	0	11906
25783	182	273	159	11255	0	11869
25784	236	126	11209	434	0	12005
25785	225	83	11234	285	0	11827
25786	11173	85	419	227	0	11904
25787	11245	101	216	215	0	11777
25788	11404	95	131	245	0	11875
25789	466	67	115	11128	0	11776
25790	270	53	10890	467	0	11680
25791	193	10652	346	318	0	11509
25792	186	11043	201	284	0	11714
25793	219	286	9799	185	0	10489
25794	259	352	312	8816	0	9739
25795	173	138	218	8261	0	8790
25796	195	8036	162	285	0	8678
25797	185	8387	99	198	0	8869
25798	8227	235	94	175	0	8731
25799	8327	113	69	155	0	8664
25800	8355	55	88	170	0	8668
25801	8140	61	96	166	0	8463
25802	7755	70	66	132	0	8023
25803	349	7296	61	138	0	7844
25804	126	5854	62	98	0	6140
25805	74	5094	46	61	0	5275
25806	4986	99	177	68	0	5330
25807	190	84	81	4693	0	5048
25808	59	18	26	4684	0	4787
25809	4617	11	27	103	0	4758
25810	96	4642	39	54	0	4831
25811	60	73	30	4664	0	4827
25812	53	33	28	4703	0	4817
25813	52	18	36	4669	0	4775
25814	4500	10	27	102	0	4639
25815	98	12	22	4527	0	4659
25816	52	19	4241	82	0	4394
25817	4171	21	51	40	0	4283
25818	86	17	26	4193	0	4322
25819	53	8	4171	59	0	4291
25820	44	4105	49	37	0	4235
25821	23	3944	20	25	0	4012
25822	3714	66	81	20	0	3881
25823	3679	10	19	19	0	3727
25824	36	3762	10	19	0	3827
25825	21	30	6	3910	0	3967
25826	4044	8	6	52	0	4110
25827	47	8	8	4206	0	4269
25828	22	5	6	4386	0	4419
25829	14	3	8	4408	0	4433
25830	9	4	10	4400	0	4423
25831	17	4353	8	63	0	4441
25832	11	40	4	4392	0	4447
25833	14	10	12	4402	0	4438
25834	18	10	4	4467	0	4499
25835	6	10	4309	77	0	4402
25836	6	4340	50	35	0	4431
25837	10	64	13	4378	0	4465
25838	4	15	4315	66	0	4400
25839	5	4	4114	29	0	4152
25840	1	4305	56	19	0	4381
25841	4264	57	16	16	0	4353
25842	53	14	9	4314	0	4390
25843	4306	10	6	62	0	4384
25844	50	4392	10	28	0	4480
25845	14	50	7	4428	0	4499
25846	4350	18	6	63	0	4437
25847	4428	10	4	24	0	4466
25848	66	7	3	4413	0	4489
25849	23	3	5	4388	0	4419
25850	12	11	4386	69	0	4478
25851	9	9	51	4366	0	4435
25852	16	12	16	4475	0	4519
25853	4383	6	9	73	0	4471
25854	57	4436	6	32	0	4531
25855	17	48	4362	24	0	4451
25856	4244	15	46	20	0	4325
25857	52	4408	14	15	0	4489
25858	27	45	8	4415	0	4495
25859	4382	16	7	63	0	4468
25860	57	10	3	4331	0	4401
25861	19	12	8	4369	0	4408
25862	11	4	4331	73	0	4419
25863	12	9	43	4359	0	4423
25864	4387	6	14	72	0	4479
25865	51	6	6	4408	0	4471
25866	4351	4	8	73	0	4436
25867	55	4298	6	32	0	4391
25868	21	4396	5	34	0	4456
25869	15	55	8	4451	0	4529
25870	25	18	7	4458	0	4508
25871	4325	15	2	84	0	4426
25872	50	4359	5	41	0	4455
25873	4397	47	9	36	0	4489
25874	4411	24	6	31	0	4472
25875	64	13	7	4393	0	4477
25876	4395	8	6	75	0	4484
25877	67	10	4252	27	0	4356
25878	30	12	50	4283	0	4375
25879	22	17	4346	59	0	4444
25880	21	8	51	4404	0	4484
25881	4346	7	19	74	0	4446
25882	4424	5	10	39	0	4478
25883	66	4410	13	29	0	4518
25884	30	51	6	4401	0	4488
25885	25	21	11	4449	0	4506
25886	25	4421	6	79	0	4531
25887	30	54	6	4571	0	4661
25888	23	19	7	4587	0	4636
25889	16	4501	6	73	0	4596
25890	4407	51	7	51	0	4516
25891	4413	20	5	41	0	4479
25892	64	16	7	4402	0	4489
25893	33	12	7	4396	0	4448
25894	22	11	4365	75	0	4473
25895	21	15	42	4337	0	4415
25896	30	4294	16	61	0	4401
25897	4410	55	12	38	0	4515
25898	60	20	11	4412	0	4503
25899	28	15	4	4357	0	4404
25900	4266	17	12	82	0	4377
25901	65	4268	7	47	0	4387
25902	25	53	8	4401	0	4487
25903	24	23	6	4402	0	4455
25904	25	4370	5	84	0	4484
25905	4378	52	11	41	0	4482
25906	64	16	4332	32	0	4444
25907	26	28	4315	24	0	4393
25908	16	7	59	4385	0	4467
25909	13	13	4350	75	0	4451
25910	4303	14	49	39	0	4405
25911	68	10	22	4396	0	4496
25912	30	13	4539	64	0	4646
25913	24	7	4549	33	0	4613
25914	25	4667	53	25	0	4770
25915	4646	53	25	31	0	4755
25916	61	4747	15	32	0	4855
25917	4834	54	18	21	0	4927
25918	4859	18	18	26	0	4921
25919	66	4730	12	24	0	4832
25920	4726	48	17	19	0	4810
25921	4723	20	7	19	0	4769
25922	72	15	4712	18	0	4817
25923	40	120	38	4556	0	4754
25924	27	4423	16	43	0	4509
25925	13	4386	8	21	0	4428
25926	56	73	17	4225	0	4371
25927	4148	20	17	53	0	4238
25928	29	7	2	4099	0	4137
25929	16	5	2	4297	0	4320
25930	9	3	3	4426	0	4441
25931	7	4603	2	48	0	4660
25932	5	34	1	4853	0	4893
25933	8	16	5100	47	0	5171
25934	4927	7	49	31	0	5014
25935	5259	2	18	11	0	5290
25936	69	5168	4	10	0	5251
25937	5243	51	4	9	0	5307
25938	58	17	0	5323	0	5398
25939	19	5	5294	56	0	5374
25940	5186	3	50	22	0	5261
25941	50	5364	13	8	0	5435
25942	23	52	6	5367	0	5448
25943	5521	20	3	58	0	5602
25944	60	5498	2	16	0	5576
25945	18	5590	0	13	0	5621
25946	5568	70	4	13	0	5655
25947	64	24	5417	6	0	5511
25948	5477	12	54	10	0	5553
25949	66	6	20	5483	0	5575
25950	28	4	8	5494	0	5534
25951	15	8	5424	76	0	5523
25952	8	4	5370	26	0	5408
25953	19	6	67	5453	0	5545
25954	7	8	5354	54	0	5423
25955	14	6	5383	24	0	5427
25956	19	3	66	5359	0	5447
25957	14	6	29	5453	0	5502
25958	5458	7	12	75	0	5552
25959	65	11	10	5452	0	5538
25960	5466	6	4	76	0	5552
25961	68	5457	13	27	0	5565
25962	32	60	13	5533	0	5638
25963	20	24	5664	64	0	5772
25964	5601	13	61	37	0	5712
25965	5777	6	28	19	0	5830
25966	5798	5	9	25	0	5837
25967	5732	8	8	17	0	5765
25968	5714	9	5	15	0	5743
25969	84	13	9	5601	0	5707
25970	35	8	5542	67	0	5652
25971	26	4	5412	33	0	5475
25972	10	3	5565	21	0	5599
25973	5455	6	78	21	0	5560
25974	5684	8	28	19	0	5739
25975	88	6	18	5571	0	5683
25976	41	5678	16	68	0	5803
25977	32	57	12	5798	0	5899
25978	15	25	5759	75	0	5874
25979	20	15	5595	30	0	5660
25980	5560	5	95	23	0	5683
25981	85	7	5851	18	0	5961
25982	42	8	74	5863	0	5987
25983	6060	8	30	76	0	6174
25984	5794	9	18	53	0	5874
25985	6160	4	17	25	0	6206
25986	6203	13	12	18	0	6246
25987	111	14	6026	18	0	6169
25988	5943	3	85	20	0	6051
25989	100	6034	37	13	0	6184
25990	49	75	18	6133	0	6275
25991	36	28	6106	84	0	6254
25992	36	11	78	6109	0	6234
25993	39	9	6232	90	0	6370
25994	22	13	97	6150	0	6282
25995	22	9	37	6273	0	6341
25996	30	9	6183	104	0	6326
25997	34	5	98	6119	0	6256
25998	6210	5	35	100	0	6350
25999	101	14	19	6255	0	6389
26000	33	4	24	6376	0	6437
26001	6257	5	24	114	0	6400
26002	102	6251	18	53	0	6424
26003	6332	82	16	38	0	6468
26004	97	6373	21	27	0	6518
26005	6569	80	19	43	0	6711
26006	104	25	6586	15	0	6730
26007	47	19	80	6527	0	6673
26008	42	11	26	6629	0	6708
26009	6555	10	30	113	0	6708
26010	100	6484	23	40	0	6647
26011	50	81	15	6445	0	6591
26012	33	26	18	6394	0	6471
26013	28	6189	25	102	0	6344
26014	6151	74	24	48	0	6297
26015	88	6179	19	44	0	6330
26016	45	76	20	6136	0	6277
26017	31	24	18	6030	0	6103
26018	18	5956	15	109	0	6098
26019	5918	79	15	54	0	6066
26020	93	27	5846	38	0	6004
26021	5680	17	82	27	0	5806
26022	98	5832	25	29	0	5984
26023	34	79	12	5848	0	5973
26024	5885	16	16	104	0	6021
26025	86	16	18	5897	0	6017
26026	53	14	10	5927	0	6004
26027	5929	14	15	106	0	6064
26028	91	5806	12	41	0	5950
26029	41	5823	17	23	0	5904
26030	5735	71	19	30	0	5855
26031	84	14	5740	18	0	5856
26032	31	5403	51	18	0	5503
26033	43	63	37	5390	0	5533
26034	21	10	5881	39	0	5951
26035	11	29	53	5711	0	5804
26036	5800	4	19	70	0	5893
26037	58	5903	15	22	0	5998
26038	30	59	5	5732	0	5826
26039	16	5873	13	48	0	5950
26040	5952	72	3	22	0	6049
26041	6111	21	3	18	0	6153
26042	76	6209	6	22	0	6313
26043	40	64	1	6136	0	6241
26044	25	6290	7	79	0	6401
26045	6410	90	1	24	0	6525
26046	6517	26	5	23	0	6571
26047	97	28	8	6432	0	6565
26048	46	15	6	6549	0	6616
26049	32	18	6388	98	0	6536
26050	6082	9	70	51	0	6212
26051	86	18	6358	32	0	6494
26052	34	11	88	6336	0	6469
26053	6350	5	26	91	0	6472
26054	87	6444	18	28	0	6577
26055	6282	78	9	36	0	6405
26056	90	38	5961	24	0	6113
26057	6170	22	64	22	0	6278
26058	104	6414	19	20	0	6557
26059	6474	83	11	17	0	6585
26060	101	6627	9	21	0	6758
26061	36	102	11	6601	0	6750
26062	30	34	6468	86	0	6618
26063	32	28	6234	22	0	6316
26064	28	20	98	6327	0	6473
26065	22	19	6431	88	0	6560
26066	25	14	96	6385	0	6520
26067	32	11	36	6415	0	6494
26068	15	12	6635	108	0	6770
26069	5884	9	88	67	0	6048
26070	6569	12	28	42	0	6651
26071	97	6485	26	31	0	6639
26072	6521	75	17	18	0	6631
26073	105	27	10	6508	0	6650
26074	41	19	6675	91	0	6826
26075	33	23	79	6640	0	6775
26076	30	13	30	6714	0	6787
26077	6599	17	23	103	0	6742
26078	83	6536	15	49	0	6683
26079	34	6596	6	43	0	6679
26080	35	87	8	6666	0	6796
26081	28	40	11	6540	0	6619
26082	28	6483	15	92	0	6618
26083	18	75	12	6416	0	6521
26084	17	31	12	6373	0	6433
26085	18	6302	8	108	0	6436
26086	6270	68	7	54	0	6399
26087	76	34	15	6275	0	6400
26088	36	6280	8	84	0	6408
26089	38	62	12	6289	0	6401
26090	6237	37	7	95	0	6376
26091	70	6227	7	41	0	6345
26092	6307	80	4	41	0	6432
26093	6320	37	9	31	0	6397
26094	106	28	8	6365	0	6507
26095	6520	25	10	91	0	6646
26096	6646	17	8	57	0	6728
26097	6714	15	10	44	0	6783
26098	6726	19	11	27	0	6783
26099	121	9	5	6713	0	6848
26100	62	14	9	6762	0	6847
26101	41	21	6710	101	0	6873
26102	44	6	63	6782	0	6895
26103	34	16	25	6835	0	6910
26104	30	18	6763	115	0	6926
26105	6601	9	83	60	0	6753
26106	93	10	34	6801	0	6938
26107	51	13	6919	98	0	7081
26108	6751	14	78	60	0	6903
26109	106	8	7420	42	0	7576
26110	50	7608	100	35	0	7793
26111	33	7986	43	38	0	8100
26112	39	116	27	8357	0	8539
26113	24	49	8957	114	0	9144
26114	8926	33	112	64	0	9135
26115	9400	21	49	56	0	9526
26116	158	14	9314	40	0	9526
26117	9325	12	126	31	0	9494
26118	9456	14	53	36	0	9559
26119	173	9437	40	21	0	9671
26120	9503	113	24	35	0	9675
26121	155	45	27	9435	0	9662
26122	70	34	9441	121	0	9666
26123	71	31	112	8980	0	9194
26124	37	9403	52	131	0	9623
26125	35	9709	39	61	0	9844
26126	9670	144	25	43	0	9882
26127	9566	69	30	36	0	9701
26128	9601	52	38	24	0	9715
26129	199	39	20	9465	0	9723
26130	102	63	25	9155	0	9345
26131	66	9157	36	155	0	9414
26132	9125	120	32	103	0	9380
26133	169	9284	44	52	0	9549
26134	8706	101	37	45	0	8889
26135	170	8734	44	31	0	8979
26136	8772	98	51	28	0	8949
26137	8510	58	29	30	0	8627
26138	199	50	32	8486	0	8767
26139	106	8678	35	101	0	8920
26140	120	101	8270	54	0	8545
26141	8138	72	86	82	0	8378
26142	122	7861	60	48	0	8091
26143	78	101	8157	54	0	8390
26144	56	77	8132	38	0	8303
26145	67	70	88	7922	0	8147
26146	86	51	24	7825	0	7986
26147	79	8184	12	94	0	8369
26148	8363	96	8	69	0	8536
26149	140	53	8	8227	0	8428
26150	99	8436	10	103	0	8648
26151	73	8876	8	63	0	9020
26152	77	108	8742	47	0	8974
26153	70	92	8691	40	0	8893
26154	8596	70	84	30	0	8780
26155	132	66	8800	27	0	9025
26156	114	59	76	8699	0	8948
26157	89	58	30	8951	0	9128
26158	61	54	8880	114	0	9109
26159	78	55	88	8782	0	9003
26160	78	39	59	8250	0	8426
26161	8719	51	47	131	0	8948
26162	8862	59	62	58	0	9041
26163	123	62	64	8746	0	8995
26164	68	8651	62	97	0	8878
26165	38	9029	51	95	0	9213
26166	9107	99	57	84	0	9347
26167	101	76	9068	65	0	9310
26168	80	44	90	9043	0	9257
26169	9214	65	62	142	0	9483
26170	9339	78	54	73	0	9544
26171	139	67	46	9331	0	9583
26172	67	54	9317	114	0	9552
26173	78	59	8785	54	0	8976
26174	8788	38	145	73	0	9044
26175	9024	37	115	88	0	9264
26176	139	9051	81	81	0	9352
26177	94	9211	69	100	0	9474
26178	9406	112	76	110	0	9704
26179	9503	53	54	119	0	9729
26180	183	40	46	9680	0	9949
26181	123	42	60	9822	0	10047
26182	108	43	45	9861	0	10057
26183	9800	47	41	166	0	10054
26184	177	63	41	9834	0	10115
26185	116	71	9838	125	0	10150
26186	9735	56	87	101	0	9979
26187	167	72	72	9879	0	10190
26188	127	55	9943	128	0	10253
26189	9769	48	109	94	0	10020
26190	8863	68	79	98	0	9108
26191	155	10156	59	87	0	10457
26192	119	10389	65	54	0	10627
26193	120	126	9558	64	0	9868
26194	10147	82	95	72	0	10396
26195	175	10416	71	57	0	10719
26196	137	127	9689	65	0	10018
26197	9977	78	73	83	0	10211
26198	173	10674	45	75	0	10967
26199	112	120	10538	96	0	10866
26200	10256	63	81	105	0	10505
26201	166	10567	35	95	0	10863
26202	104	94	29	10506	0	10733
26203	10450	46	44	150	0	10690
26204	145	10392	35	149	0	10721
26205	95	132	51	10356	0	10634
26206	10337	33	48	138	0	10556
26207	115	30	10276	84	0	10505
26208	81	9933	116	58	0	10188
26209	86	72	9808	43	0	10009
26210	60	102	91	9357	0	9610
26211	45	31	9330	62	0	9468
26212	44	8811	59	29	0	8943
26213	16	8372	29	18	0	8435
26214	32	56	28	8257	0	8373
26215	9	14	10	7985	0	8018
26216	18	9	7	8053	0	8087
26217	14	9	8275	36	0	8334
26218	18	8	31	8280	0	8337
26219	8270	9	11	51	0	8341
26220	8208	6	9	22	0	8245
26221	48	9	8416	13	0	8486
26222	16	8351	35	16	0	8418
26223	8352	29	9	39	0	8429
26224	37	8301	13	16	0	8367
26225	8328	35	3	26	0	8392
26226	8388	11	5	18	0	8422
26227	46	9	8351	9	0	8415
26228	21	8482	36	15	0	8554
26229	28	36	13	8525	0	8602
26230	19	11	8594	38	0	8662
26231	8362	13	42	28	0	8445
26232	52	9	8	8618	0	8687
26233	25	11	8510	37	0	8583
26234	8342	13	37	33	0	8425
26235	52	10	8844	13	0	8919
26236	37	7	51	8955	0	9050
26237	9243	6	17	64	0	9330
26238	57	9394	17	20	0	9488
26239	29	53	9564	14	0	9660
26240	9540	13	62	26	0	9641
26241	10171	19	18	27	0	10235
26242	79	10421	19	21	0	10540
26243	49	68	14	10515	0	10646
26244	47	27	5	10460	0	10539
26245	10382	16	10	120	0	10528
26246	90	12	12	10501	0	10615
26247	30	14	10544	99	0	10687
26248	32	9	78	10440	0	10559
26249	10481	4	25	119	0	10629
26250	90	10400	23	41	0	10554
26251	44	84	10	10010	0	10148
26252	21	10154	12	85	0	10272
26253	10347	94	9	44	0	10494
26254	107	32	7	10867	0	11013
26255	49	28	13	11073	0	11163
26256	32	11114	6	151	0	11303
26257	20	123	10963	59	0	11165
26258	27	44	121	10857	0	11049
26259	34	27	37	11089	0	11187
26260	32	21	19	11023	0	11095
26261	9	10946	19	166	0	11140
26262	28	124	10932	71	0	11155
26263	17	43	10904	36	0	11000
26264	10997	26	150	39	0	11212
26265	11152	11	60	31	0	11254
26266	167	11	11168	22	0	11368
26267	10953	7	133	34	0	11127
26268	158	8	11397	25	0	11588
26269	11037	21	147	29	0	11234
26270	148	11476	59	45	0	11728
26271	11731	131	31	39	0	11932
26272	173	50	11846	20	0	12089
26273	60	28	12035	28	0	12151
26274	47	20	180	12887	0	13134
26275	13166	14	71	200	0	13451
26276	192	13966	53	67	0	14278
26277	77	209	15107	52	0	15445
26278	79	68	257	15377	0	15781
26279	50	43	88	15898	0	16079
26280	15602	21	52	362	0	16037
26281	15721	20	33	140	0	15914
26282	367	20	20	15585	0	15992
26283	15650	26	21	313	0	16010
26284	331	18	15366	106	0	15821
26285	128	13	280	15239	0	15660
26286	96	13	93	15651	0	15853
26287	15465	21	49	382	0	15917
26288	15501	20	27	153	0	15701
26289	396	17	27	15331	0	15771
26290	15351	17	48	321	0	15737
26291	342	21	14917	130	0	15410
26292	116	14848	281	98	0	15343
26293	93	259	14883	55	0	15290
26294	83	102	300	15025	0	15510
26295	14759	41	105	345	0	15250
26296	308	14693	61	128	0	15190
26297	134	276	53	14650	0	15113
26298	87	95	41	14423	0	14646
26299	71	14379	47	364	0	14861
26300	77	289	33	14626	0	15025
26301	78	101	48	14672	0	14899
26302	85	54	27	14816	0	14982
26303	80	36	40	14752	0	14908
26304	80	24	45	14546	0	14695
26305	66	14118	42	443	0	14669
26306	75	268	47	14376	0	14766
26307	99	91	37	14406	0	14633
26308	74	58	13900	425	0	14457
26309	70	13783	277	223	0	14353
26310	88	287	102	13960	0	14437
26311	83	112	65	14025	0	14285
26312	94	63	58	13939	0	14154
26313	61	13622	52	460	0	14195
26314	72	290	13658	223	0	14243
26315	114	112	291	13842	0	14359
26316	79	79	13725	395	0	14278
26317	83	46	13576	209	0	13914
26318	79	54	355	13619	0	14107
26319	13620	50	146	388	0	14204
26320	315	50	89	13645	0	14099
26321	143	44	59	13550	0	13796
26322	106	13423	59	441	0	14029
26323	84	283	58	13792	0	14217
26324	91	99	64	14003	0	14257
26325	74	67	13736	478	0	14355
26326	62	13683	295	256	0	14296
26327	81	292	116	13906	0	14395
26328	13537	127	86	419	0	14169
26329	297	78	13538	239	0	14152
26330	148	59	306	13603	0	14116
26331	96	62	133	13807	0	14098
26332	13346	62	82	482	0	13972
26333	289	13276	59	281	0	13905
26334	13025	301	53	207	0	13586
26335	297	12929	73	193	0	13492
26336	135	321	47	12852	0	13355
26337	12589	112	57	431	0	13189
26338	299	82	12443	253	0	13077
26339	131	12047	272	213	0	12663
26340	92	12122	121	272	0	12607
26341	11583	314	104	173	0	12174
26342	277	142	63	11226	0	11708
26343	122	11095	73	375	0	11665
26344	86	11535	56	231	0	11908
26345	93	319	54	11466	0	11932
26346	90	147	49	11616	0	11902
26347	11176	83	49	448	0	11756
26348	264	11140	62	244	0	11710
26349	118	290	76	11084	0	11568
26350	83	132	10911	359	0	11485
26351	69	10927	269	206	0	11471
26352	75	260	10812	166	0	11313
26353	72	10776	273	168	0	11289
26354	148	301	170	10176	0	10795
26355	76	98	60	10096	0	10330
26356	54	10035	50	339	0	10478
26357	58	246	10051	169	0	10524
26358	10018	111	211	173	0	10513
26359	231	97	72	10416	0	10816
26360	95	78	76	10599	0	10848
26361	60	82	10424	353	0	10919
26362	47	93	212	10541	0	10893
26363	51	92	10487	319	0	10949
26364	71	79	231	10493	0	10874
26365	55	74	10649	318	0	11096
26366	43	10719	229	207	0	11198
26367	43	268	10972	163	0	11446
26368	70	135	232	10870	0	11307
26369	10710	93	88	346	0	11237
26370	245	10527	63	190	0	11025
26371	103	277	52	10383	0	10815
26372	72	121	10089	290	0	10572
26373	39	10103	249	159	0	10550
26374	64	274	88	9060	0	9486
26375	34	99	9024	213	0	9370
26376	30	8072	156	86	0	8344
26377	6569	168	150	81	0	6968
26378	6236	37	41	39	0	6353
26379	89	14	7	6161	0	6271
26380	6165	13	4	79	0	6261
26381	74	5	9	6141	0	6229
26382	22	6	5	6229	0	6262
26383	12	6	6314	89	0	6421
26384	17	8	65	6217	0	6307
26385	14	1	17	6340	0	6372
26386	6214	5	11	98	0	6328
26387	6158	7	8	35	0	6208
26388	80	6140	7	20	0	6247
26389	22	64	6197	11	0	6294
26390	11	27	62	6113	0	6213
26391	13	6	6053	69	0	6141
26392	5636	5	63	33	0	5737
26393	64	5	5870	14	0	5953
26394	27	8	65	5683	0	5783
26395	3	5752	24	63	0	5842
26396	9	58	11	5777	0	5855
26397	10	12	9	5778	0	5809
26398	8	7	5844	82	0	5941
26399	14	5	57	5829	0	5905
26400	5823	2	18	85	0	5928
26401	5867	4	6	39	0	5916
26402	5862	8	7	25	0	5902
26403	5861	3	11	16	0	5891
26404	77	5712	9	26	0	5824
26405	20	5753	13	11	0	5797
26406	32	69	5	5326	0	5432
26407	16	15	8	5715	0	5754
26408	8	5468	10	82	0	5568
26409	12	65	8	5808	0	5893
26410	5	26	9	5847	0	5887
26411	5	8	11	5834	0	5858
26412	14	7	14	5829	0	5864
26413	11	11	4	5874	0	5900
26414	5739	9	9	93	0	5850
26415	66	5679	13	29	0	5787
26416	19	65	5614	28	0	5726
26417	15	21	65	5622	0	5723
26418	13	11	20	5736	0	5780
26419	12	13	12	5701	0	5738
26420	5798	9	10	98	0	5915
26421	75	6454	12	38	0	6579
26422	37	124	8	6622	0	6791
26423	20	6863	10	160	0	7053
26424	21	164	7	6732	0	6924
26425	16	6763	7	180	0	6966
26426	16	172	7226	57	0	7471
26427	28	54	184	7633	0	7899
26428	14	26	8806	224	0	9070
26429	32	11	264	8865	0	9172
26430	23	21	67	9626	0	9737
26431	9507	13	46	345	0	9911
26432	9637	18	26	141	0	9822
26433	9810	13	25	89	0	9937
26434	9791	18	18	57	0	9884
26435	9848	21	22	41	0	9932
26436	383	19	19	9321	0	9742
26437	118	9514	30	290	0	9952
26438	79	281	18	9462	0	9840
26439	41	72	9176	340	0	9629
26440	9224	52	264	113	0	9653
26441	9655	17	72	71	0	9815
26442	378	12	46	9426	0	9862
26443	141	13	20	9429	0	9603
26444	92	9138	9	369	0	9608
26445	77	265	15	9337	0	9694
26446	67	72	15	9397	0	9551
26447	53	9173	13	365	0	9604
26448	56	269	19	9346	0	9690
26449	8734	72	15	384	0	9205
26450	286	58	8966	131	0	9441
26451	8909	29	262	103	0	9303
26452	325	29	9000	74	0	9428
26453	107	27	302	8894	0	9330
26454	97	22	82	8864	0	9065
26455	46	8575	54	369	0	9044
26456	40	9028	37	150	0	9255
26457	55	330	23	8616	0	9024
26458	36	108	8630	321	0	9095
26459	8318	58	276	121	0	8773
26460	296	28	79	8410	0	8813
26461	94	8304	55	314	0	8767
26462	85	275	23	8366	0	8749
26463	71	85	20	8386	0	8562
26464	55	8097	16	361	0	8529
26465	58	276	24	7795	0	8153
26466	52	73	7274	303	0	7702
26467	30	65	7228	100	0	7423
26468	44	42	251	6857	0	7194
26469	30	7152	88	229	0	7499
26470	52	230	46	7203	0	7531
26471	7183	72	26	288	0	7569
26472	7398	47	14	118	0	7577
26473	7154	33	22	84	0	7293
26474	302	6982	20	58	0	7362
26475	106	231	6904	55	0	7296
26476	6862	81	226	62	0	7231
26477	7096	61	63	71	0	7291
26478	282	6902	50	67	0	7301
26479	118	256	19	6884	0	7277
26480	6910	72	26	275	0	7283
26481	7072	64	35	98	0	7269
26482	7127	29	43	76	0	7275
26483	350	27	26	6748	0	7151
26484	6868	30	40	262	0	7200
26485	313	25	25	6821	0	7184
26486	122	19	27	7021	0	7189
26487	6836	37	20	323	0	7216
26488	303	32	23	6819	0	7177
26489	6759	31	17	317	0	7124
26490	331	34	36	6762	0	7163
26491	150	38	15	7001	0	7204
26492	6690	34	19	394	0	7137
26493	305	49	6643	157	0	7154
26494	137	31	232	6815	0	7215
26495	126	26	78	6960	0	7190
26496	110	25	55	6919	0	7109
26497	105	34	25	7019	0	7183
26498	76	26	25	6821	0	6948
26499	86	6548	33	372	0	7039
26500	88	235	26	6669	0	7018
26501	94	70	6495	333	0	6992
26502	109	61	230	6635	0	7035
26503	99	44	67	6808	0	7018
26504	83	39	46	6943	0	7111
26505	76	32	6566	398	0	7072
26506	71	56	6645	172	0	6944
26507	6525	30	292	148	0	6995
26508	6733	38	125	112	0	7008
26509	307	6746	56	125	0	7234
26510	147	249	34	6902	0	7332
26511	112	95	21	7193	0	7421
26512	62	74	42	7240	0	7418
26513	7001	49	34	412	0	7496
26514	7205	35	62	190	0	7492
26515	330	26	32	7098	0	7486
26516	137	43	39	7241	0	7460
26517	97	55	26	7267	0	7445
26518	53	46	34	7311	0	7444
26519	6890	37	41	407	0	7375
26520	260	30	6601	195	0	7086
26521	106	5590	172	130	0	5998
26522	62	5461	55	100	0	5678
26523	5155	145	44	88	0	5432
26524	167	204	58	4977	0	5406
26525	60	51	4949	195	0	5255
26526	55	38	4367	83	0	4543
26527	36	4225	120	83	0	4464
26528	3042	43	75	21	0	3181
26529	44	5	2969	26	0	3044
26530	2437	21	42	12	0	2512
26531	21	1	5	2474	0	2501
26532	3	4	3	2509	0	2519
26533	4	2455	2	28	0	2489
26534	3	2496	3	7	0	2509
26535	2569	13	3	11	0	2596
26536	2587	3	1	9	0	2600
26537	17	2559	3	4	0	2583
26538	1	12	2505	5	0	2523
26539	7	4	2480	6	0	2497
26540	6	9	13	2565	0	2593
26541	2624	3	8	17	0	2652
26542	13	2623	3	6	0	2645
26543	3	15	1	2769	0	2788
26544	2792	2	1	24	0	2819
26545	17	4	0	2839	0	2860
26546	6	2	3	2950	0	2961
26547	2929	1	4	26	0	2960
26548	17	2902	3	11	0	2933
26549	8	3004	4	7	0	3023
26550	6	19	3096	3	0	3124
26551	3	11	14	3134	0	3162
26552	5	3	6	3146	0	3160
26553	3	2	3244	22	0	3271
26554	2914	4	17	17	0	2952
26555	3086	3	8	8	0	3105
26556	23	3	3224	2	0	3252
26557	2872	3	15	17	0	2907
26558	23	3	3325	5	0	3356
26559	8	3432	22	7	0	3469
26560	8	15	6	3679	0	3708
26561	5	7	6	3775	0	3793
26562	3783	7	3	23	0	3816
26563	3715	3	1	19	0	3738
26564	3732	0	3	13	0	3748
26565	3764	3	2	6	0	3775
26566	3738	3	3	12	0	3756
26567	27	1	3689	6	0	3723
26568	14	3672	15	6	0	3707
26569	5	20	6	3720	0	3751
26570	5	3688	4	9	0	3706
26571	6	3758	8	7	0	3779
26572	8	17	2	3759	0	3786
26573	6	11	4	3793	0	3814
26574	7	10	3746	21	0	3784
26575	3497	1	17	17	0	3532
26576	3710	4	8	10	0	3732
26577	20	3653	7	12	0	3692
26578	3712	15	1	6	0	3734
26579	3804	7	5	10	0	3826
26580	17	11	3	3791	0	3822
26581	11	6	3914	19	0	3950
26582	7	1	3877	12	0	3897
26583	3908	2	12	14	0	3936
26584	3945	2	8	8	0	3963
26585	22	3906	5	10	0	3943
26586	16	4052	4	2	0	4074
26587	11	17	2	4169	0	4199
26588	4184	12	6	22	0	4224
26589	16	7	4217	9	0	4249
26590	14	1	15	4254	0	4284
26591	4356	5	6	20	0	4387
26592	4370	2	3	11	0	4386
26593	19	2	1	4484	0	4506
26594	4486	2	3	19	0	4510
26595	21	2	4377	8	0	4408
26596	11	1	4635	10	0	4657
26597	16	2	20	4613	0	4651
26598	6	4	12	4856	0	4878
26599	10	3	7	4851	0	4871
26600	8	4700	0	30	0	4738
26601	5	4825	7	15	0	4852
26602	7	20	5	4951	0	4983
26603	4980	12	4	32	0	5028
26604	25	6	5	5032	0	5068
26605	14	2	1	5056	0	5073
26606	7	4975	0	30	0	5012
26607	6	5169	1	17	0	5193
26608	7	24	2	5229	0	5262
26609	11	16	3	5067	0	5097
26610	4966	8	7	33	0	5014
26611	19	4920	3	24	0	4966
26612	5014	21	1	17	0	5053
26613	28	15	3	5031	0	5077
26614	9	8	4958	27	0	5002
26615	12	5	4794	14	0	4825
26616	5038	4	35	12	0	5089
26617	23	10	13	5261	0	5307
26618	20	3	6	5288	0	5317
26619	7	4	1	5333	0	5345
26620	7	3	5404	34	0	5448
26621	11	7	21	5485	0	5524
26622	11	5355	9	36	0	5411
26623	11	22	6	5667	0	5706
26624	16	10	1	5669	0	5696
26625	6	5713	4	39	0	5762
26626	9	27	5	5944	0	5985
26627	5839	10	7	51	0	5907
26628	35	5810	7	15	0	5867
26629	6039	36	0	35	0	6110
26630	6083	14	2	23	0	6122
26631	60	15	2	6096	0	6173
26632	34	7	3	6051	0	6095
26633	17	7	1	6176	0	6201
26634	3	7	5985	72	0	6067
26635	8	5786	40	35	0	5869
26636	8	6028	18	15	0	6069
26637	13	51	7	5966	0	6037
26638	5899	26	1	55	0	5981
26639	41	9	3	5893	0	5946
26640	24	4	5893	52	0	5973
26641	11	5742	36	26	0	5815
26642	6	5900	17	23	0	5946
26643	5880	44	10	22	0	5956
26644	5957	22	3	17	0	5999
26645	48	6356	4	22	0	6430
26646	6483	42	6	11	0	6542
26647	45	22	6412	12	0	6491
26648	26	13	6241	8	0	6288
26649	6513	4	53	18	0	6588
26650	6689	4	19	14	0	6726
26651	70	9	8	6693	0	6780
26652	6669	5	3	62	0	6739
26653	58	8	6659	21	0	6746
26654	24	8	7027	14	0	7073
26655	34	6	69	7492	0	7601
26656	16	6	25	8534	0	8581
26657	15	6	10	8874	0	8905
26658	30	5	14	8687	0	8736
26659	22	6	7	9383	0	9418
26660	18	7	9136	208	0	9369
26661	23	9	135	9090	0	9257
26662	9132	3	45	197	0	9377
26663	149	2	28	9203	0	9382
26664	9159	4	20	205	0	9388
26665	180	3	9	9213	0	9405
26666	9356	4	14	214	0	9588
26667	9697	8	13	111	0	9829
26668	218	8	11	9612	0	9849
26669	95	4	18	9762	0	9879
26670	9617	5	13	246	0	9881
26671	9691	5	9	120	0	9825
26672	216	8	9740	93	0	10057
26673	126	9	143	9799	0	10077
26674	93	6	44	10096	0	10239
26675	10007	5	27	245	0	10284
26676	10199	9	24	119	0	10351
26677	253	6	3	10181	0	10443
26678	134	5	16	10293	0	10448
26679	86	4	22	10262	0	10374
26680	75	5	16	10205	0	10301
26681	44	9502	20	374	0	9940
26682	66	9830	16	134	0	10046
26683	63	187	19	9837	0	10106
26684	43	9864	18	217	0	10142
26685	43	167	11	10012	0	10233
26686	36	51	9810	251	0	10148
26687	41	37	9451	142	0	9671
26688	26	9874	181	108	0	10189
26689	38	162	64	9892	0	10156
26690	25	65	9841	224	0	10155
26691	31	55	160	9708	0	9954
26692	39	31	58	10039	0	10167
26693	9821	30	48	271	0	10170
26694	183	26	36	9995	0	10240
26695	80	27	10073	242	0	10422
26696	61	26	9860	126	0	10073
26697	52	9811	192	98	0	10153
26698	49	10516	83	91	0	10739
26699	10682	170	67	109	0	11028
26700	192	80	11497	84	0	11853
26701	101	38	167	11530	0	11836
26702	11678	20	82	229	0	12009
26703	11679	15	58	137	0	11889
26704	217	11874	49	108	0	12248
26705	126	169	41	11522	0	11858
26706	102	63	33	12371	0	12569
26707	64	49	32	12283	0	12428
26708	12101	26	29	306	0	12462
26709	196	30	12003	149	0	12378
26710	93	12188	150	134	0	12565
26711	90	161	57	12209	0	12517
26712	67	67	49	12576	0	12759
26713	38	68	12404	271	0	12781
26714	57	41	152	12329	0	12579
26715	67	27	68	12678	0	12840
26716	42	37	62	12679	0	12820
26717	49	37	48	12626	0	12760
26718	42	28	12326	328	0	12724
26719	46	36	166	12302	0	12550
26720	36	28	12415	293	0	12772
26721	38	12263	200	203	0	12704
26722	58	143	86	12497	0	12784
26723	46	61	59	12737	0	12903
26724	71	41	12369	313	0	12794
26725	54	12166	177	209	0	12606
26726	72	160	88	12298	0	12618
26727	79	57	12304	248	0	12688
26728	54	12106	158	181	0	12499
26729	71	150	76	12307	0	12604
26730	105	68	12250	245	0	12668
26731	78	44	167	12168	0	12457
26732	70	46	78	12104	0	12298
26733	63	33	56	12591	0	12743
26734	12359	40	59	278	0	12736
26735	174	12223	40	175	0	12612
26736	12337	138	49	151	0	12675
26737	183	69	12337	136	0	12725
26738	12464	35	140	188	0	12827
26739	13157	41	76	149	0	13423
26740	210	37	48	13133	0	13428
26741	13361	44	41	254	0	13700
26742	13519	46	31	196	0	13792
26743	13802	42	36	158	0	14038
26744	214	58	35	13725	0	14032
26745	136	36	25	13442	0	13639
26746	75	43	12983	225	0	13326
26747	72	40	12228	146	0	12486
26748	12606	30	171	138	0	12945
26749	149	74	94	12957	0	13274
26750	85	12911	74	165	0	13235
26751	12968	127	68	140	0	13303
26752	148	12830	42	117	0	13137
26753	79	12783	49	113	0	13024
26754	84	159	12210	113	0	12566
26755	65	38	12020	56	0	12179
26756	61	169	132	11840	0	12202
26757	37	31	12370	86	0	12524
26758	24	17	11484	35	0	11560
26759	11117	7	34	47	0	11205
26760	11685	5	8	34	0	11732
26761	26	2	3	11853	0	11884
26762	12	4	7	11915	0	11938
26763	15	10	12101	11	0	12137
26764	8	12161	15	9	0	12193
26765	16	13	9	12093	0	12131
26766	12718	2	10	67	0	12797
26767	21	7	3	12790	0	12821
26768	10	12884	6	26	0	12926
26769	7	19	12825	14	0	12865
26770	9	13082	15	15	0	13121
26771	13222	15	5	46	0	13288
26772	12995	9	6	30	0	13040
26773	27	5	6	13012	0	13050
26774	12	9	13136	20	0	13177
26775	22	10	12154	16	0	12202
26776	6	12991	32	17	0	13046
26777	28	22	16	12533	0	12599
26778	12	10	7	13271	0	13300
26779	8	12	13215	31	0	13266
26780	18	5	30	13075	0	13128
26781	10	13704	13	28	0	13755
26782	16	42	4	13967	0	14029
26783	10	15	6	14015	0	14046
26784	8	12	13950	67	0	14037
26785	14	5	49	13718	0	13786
26786	13894	6	19	90	0	14009
26787	66	7	13892	27	0	13992
26788	32	8	13647	20	0	13707
26789	15	14133	84	12	0	14244
26790	20	66	31	14572	0	14689
26791	18	23	16	15147	0	15204
26792	10	11	14992	104	0	15117
26793	14207	8	88	73	0	14376
26794	97	4	45	14965	0	15111
26795	40	12	14811	90	0	14953
26796	43	4	86	14352	0	14485
26797	14	10	14718	102	0	14844
26798	14	8	14066	52	0	14140
26799	6	14356	130	35	0	14527
26800	29	84	58	13547	0	13718
26801	6	13987	31	100	0	14124
26802	13741	98	24	74	0	13937
26803	84	53	13869	31	0	14037
26804	44	13619	90	25	0	13778
26805	34	86	53	13588	0	13761
26806	13471	45	25	132	0	13673
26807	87	13517	23	58	0	13685
26808	53	95	24	13708	0	13880
26809	26	55	14	13745	0	13840
26810	13	13957	19	133	0	14122
26811	14107	121	16	92	0	14336
26812	127	57	14	15450	0	15648
26813	56	26	18	16090	0	16190
26814	25	33	15931	252	0	16241
26815	16	16425	197	125	0	16763
26816	40	211	81	16638	0	16970
26817	35	88	46	17902	0	18071
26818	15	18199	29	335	0	18578
26819	43	281	18	18369	0	18711
26820	47	111	30	19013	0	19201
26821	41	60	16	19298	0	19415
26822	12	19233	13	424	0	19682
26823	19029	301	13	217	0	19560
26824	294	122	19167	85	0	19668
26825	18515	58	284	121	0	18978
26826	327	19097	123	84	0	19631
26827	137	303	66	19091	0	19597
26828	68	145	19181	328	0	19722
26829	72	66	306	19176	0	19620
26830	55	34	131	19372	0	19592
26831	52	45	69	19705	0	19871
26832	24	55	19300	466	0	19845
26833	30	19021	307	241	0	19599
26834	25	297	19349	128	0	19799
26835	25	19462	340	107	0	19934
26836	29	343	19736	85	0	20193
26837	47	134	373	19617	0	20171
26838	19240	88	160	413	0	19901
26839	297	19570	85	225	0	20177
26840	119	340	19643	131	0	20233
26841	61	19556	338	99	0	20054
26842	46	372	19637	99	0	20154
26843	81	166	361	18977	0	19585
26844	56	106	157	18866	0	19185
26845	38	18974	105	455	0	19572
26846	33	19718	95	206	0	20052
26847	19649	450	69	161	0	20329
26848	361	189	78	19853	0	20481
26849	137	138	19835	431	0	20541
26850	117	91	367	19838	0	20413
26851	66	94	20048	465	0	20673
26852	62	86	20080	236	0	20464
26853	83	82	477	19291	0	19933
26854	48	19692	229	386	0	20355
26855	19397	400	122	255	0	20174
26856	374	181	114	19180	0	19849
26857	175	115	106	18770	0	19166
26858	72	19041	96	521	0	19730
26859	18864	411	78	284	0	19637
26860	19119	201	93	190	0	19603
26861	481	116	92	18644	0	19333
26862	196	18522	94	439	0	19251
26863	89	19397	98	260	0	19844
26864	18963	480	109	188	0	19740
26865	377	236	18940	143	0	19696
26866	18315	150	402	190	0	19057
26867	18523	118	182	176	0	18999
26868	18391	132	111	156	0	18790
26869	500	18113	94	154	0	18861
26870	232	392	81	18247	0	18952
26871	18239	199	91	458	0	18987
26872	18238	147	94	243	0	18722
26873	454	18225	105	179	0	18963
26874	18343	366	95	160	0	18964
26875	408	220	100	18427	0	19155
26876	198	144	94	18419	0	18855
26877	141	18224	84	512	0	18961
26878	125	394	80	18540	0	19139
26879	130	198	75	18615	0	19018
26880	104	18332	76	556	0	19068
26881	120	367	76	17413	0	17976
26882	91	17993	70	414	0	18568
26883	17918	399	89	224	0	18630
26884	17541	189	75	203	0	18008
26885	422	17516	74	172	0	18184
26886	220	358	17312	133	0	18023
26887	145	272	300	17163	0	17880
26888	131	131	17111	371	0	17744
26889	117	16485	332	220	0	17154
26890	104	16768	155	165	0	17192
26891	16053	377	96	104	0	16630
26892	324	16340	82	113	0	16859
26893	181	327	67	15967	0	16542
26894	121	15987	71	308	0	16487
26895	113	16465	62	161	0	16801
26896	16284	391	53	127	0	16855
26897	352	174	47	16249	0	16822
26898	178	128	16091	331	0	16728
26899	117	119	15825	184	0	16245
26900	104	16209	328	130	0	16771
26901	16097	332	146	123	0	16698
26902	320	16336	84	101	0	16841
26903	172	349	61	16618	0	17200
26904	16597	195	48	374	0	17214
26905	358	139	57	16766	0	17320
26906	178	123	52	16872	0	17225
26907	130	16761	49	451	0	17391
26908	132	342	44	16998	0	17516
26909	91	195	17144	363	0	17793
26910	16932	116	286	221	0	17555
26911	358	17348	120	165	0	17991
26912	128	17019	74	86	0	17307
26913	16406	323	33	86	0	16848
26914	331	132	16602	68	0	17133
26915	15960	112	298	98	0	16468
26916	295	17831	85	73	0	18284
26917	80	19078	45	58	0	19261
26918	55	426	19294	32	0	19807
26919	27	19522	395	69	0	20013
26920	119	452	148	17927	0	18646
26921	71	141	56	18432	0	18700
26922	24	18745	28	415	0	19212
26923	65	366	18	18927	0	19376
26924	18994	146	11	425	0	19576
26925	375	76	18860	130	0	19441
26926	18875	68	359	101	0	19403
26927	19528	60	107	81	0	19776
26928	19432	55	68	74	0	19629
26929	527	90	19055	37	0	19709
26930	233	62	378	19094	0	19767
26931	110	57	19223	409	0	19799
26932	18812	49	428	172	0	19461
26933	18899	47	138	144	0	19228
26934	493	19011	69	60	0	19633
26935	228	397	49	18789	0	19463
26936	126	19425	56	365	0	19972
26937	92	433	19575	132	0	20232
26938	126	160	401	19608	0	20295
26939	19432	84	149	452	0	20117
26940	19669	51	74	176	0	19970
26941	561	57	74	18869	0	19561
26942	225	18851	49	422	0	19547
26943	121	427	19182	144	0	19874
26944	103	159	19358	84	0	19704
26945	18678	84	512	133	0	19407
26946	460	82	19243	68	0	19853
26947	179	19138	468	76	0	19861
26948	136	432	151	19004	0	19723
26949	88	160	19302	409	0	19959
26950	144	83	437	18933	0	19597
26951	83	70	19129	469	0	19751
26952	18437	76	467	188	0	19168
26953	466	46	197	18531	0	19240
26954	177	18186	128	411	0	18902
26955	113	18876	114	167	0	19270
26956	107	512	105	18549	0	19273
26957	121	215	73	18496	0	18905
26958	78	18463	90	559	0	19190
26959	81	463	18487	214	0	19245
26960	88	184	416	18606	0	19294
26961	63	111	18752	473	0	19399
26962	83	98	18367	208	0	18756
26963	17478	71	556	163	0	18268
26964	452	17880	225	123	0	18680
26965	17983	468	126	119	0	18696
26966	500	199	119	17446	0	18264
26967	210	17875	101	470	0	18656
26968	160	471	111	18113	0	18855
26969	133	210	131	18085	0	18559
26970	111	17910	101	567	0	18689
26971	95	473	17866	271	0	18705
26972	126	206	455	17991	0	18778
26973	17930	154	210	531	0	18825
26974	498	133	137	17864	0	18632
26975	246	100	106	17987	0	18439
26976	151	114	17509	614	0	18388
26977	135	17400	480	269	0	18284
26978	124	469	211	17417	0	18221
26979	106	232	17326	511	0	18175
26980	118	161	17259	264	0	17802
26981	16674	143	612	220	0	17649
26982	448	17063	260	194	0	17965
26983	16904	484	206	181	0	17775
26984	507	16801	141	201	0	17650
26985	234	17261	124	235	0	17854
26986	16888	603	163	190	0	17844
26987	528	272	156	16457	0	17413
26988	265	16775	171	525	0	17736
26989	230	480	153	17080	0	17943
26990	17046	206	135	562	0	17949
26991	582	145	16908	249	0	17884
26992	266	168	16501	188	0	17123
26993	16482	129	555	183	0	17349
26994	489	16691	304	161	0	17645
26995	266	513	16627	149	0	17555
26996	193	16700	522	148	0	17563
26997	190	532	224	16453	0	17399
26998	160	260	16635	505	0	17560
26999	127	190	516	16444	0	17277
27000	131	153	16342	591	0	17217
27001	15493	146	557	300	0	16496
27002	504	16070	291	196	0	17061
27003	15987	461	192	168	0	16808
27004	544	247	134	15572	0	16497
27005	252	16609	153	476	0	17490
27006	16463	541	169	261	0	17434
27007	15694	254	185	229	0	16362
27008	565	170	16397	150	0	17282
27009	264	138	16088	162	0	16652
27010	14517	108	556	126	0	15307
27011	408	14596	284	164	0	15452
27012	182	14417	172	140	0	14911
27013	346	713	214	13361	0	14634
27014	119	221	13444	376	0	14160
27015	131	12662	342	209	0	13344
27016	102	11435	176	135	0	11848
27017	364	238	120	8822	0	9544
27018	8887	54	56	114	0	9111
27019	8939	30	21	61	0	9051
27020	9021	34	15	48	0	9118
27021	149	27	8952	32	0	9160
27022	8829	25	109	30	0	8993
27023	8994	31	47	31	0	9103
27024	9112	31	28	26	0	9197
27025	162	26	24	8846	0	9058
27026	71	8809	20	107	0	9007
27027	8801	104	30	47	0	8982
27028	118	8839	23	35	0	9015
27029	46	107	21	8738	0	8912
27030	44	47	9010	93	0	9194
27031	38	41	98	8912	0	9089
27032	37	23	49	9022	0	9131
27033	34	26	9023	129	0	9212
27034	24	8897	95	64	0	9080
27035	25	83	32	8426	0	8566
27036	8278	37	26	93	0	8434
27037	92	8100	20	37	0	8249
27038	7961	77	7	31	0	8076
27039	94	51	9	7820	0	7974
27040	44	7999	7	69	0	8119
27041	7969	82	7	34	0	8092
27042	87	8123	15	16	0	8241
27043	30	79	7991	14	0	8114
27044	7939	45	86	34	0	8104
27045	8137	33	28	21	0	8219
27046	119	8067	11	22	0	8219
27047	40	93	7808	8	0	7949
27048	22	8067	89	15	0	8193
27049	128	139	68	5460	0	5795
27050	25	39	17	8261	0	8342
27051	18	25	9	8293	0	8345
27052	13	8238	8	144	0	8403
27053	22	120	4	8324	0	8470
27054	20	37	7	8368	0	8432
27055	8210	26	8	151	0	8395
27056	131	12	8	8161	0	8312
27057	55	5	9	8298	0	8367
27058	8149	9	7	162	0	8327
27059	129	8220	9	58	0	8416
27060	8326	126	10	37	0	8499
27061	8329	45	14	18	0	8406
27062	8388	25	4	25	0	8442
27063	177	20	6	8261	0	8464
27064	74	13	9	8439	0	8535
27065	34	20	8158	166	0	8378
27066	22	19	7945	71	0	8057
27067	24	20	8036	34	0	8114
27068	7749	24	150	34	0	7957
27069	153	20	7977	16	0	8166
27070	55	8020	141	34	0	8250
27071	45	134	44	8035	0	8258
27072	47	44	26	7930	0	8047
27073	28	8129	16	133	0	8306
27074	24	141	8225	60	0	8450
27075	37	8346	121	44	0	8548
27076	8382	144	39	36	0	8601
27077	166	58	8419	19	0	8662
27078	61	8381	143	37	0	8622
27079	37	152	8479	23	0	8691
27080	46	44	149	8449	0	8688
27081	31	33	8555	154	0	8773
27082	32	22	155	8384	0	8593
27083	8571	16	56	177	0	8820
27084	154	29	8577	69	0	8829
27085	65	8607	139	51	0	8862
27086	8700	149	57	52	0	8958
27087	165	66	8839	38	0	9108
27088	69	36	8902	45	0	9052
27089	45	23	169	8820	0	9057
27090	32	28	8892	176	0	9128
27091	8521	31	167	80	0	8799
27092	155	8678	62	62	0	8957
27093	75	155	38	8843	0	9111
27094	57	9248	25	151	0	9481
27095	9332	181	19	73	0	9605
27096	170	64	9298	56	0	9588
27097	75	41	9560	36	0	9712
27098	57	35	195	9487	0	9774
27099	44	31	64	9692	0	9831
27100	45	24	46	9826	0	9941
27101	45	35	31	9849	0	9960
27102	30	32	9791	235	0	10088
27103	36	9633	164	97	0	9930
27104	35	161	53	9206	0	9455
27105	27	51	8811	151	0	9040
27106	19	8733	154	71	0	8977
27107	8727	148	61	54	0	8990
27108	198	59	37	8674	0	8968
27109	8541	35	30	163	0	8769
27110	150	8529	26	74	0	8779
27111	8539	141	19	53	0	8752
27112	175	52	8739	33	0	8999
27113	66	75	140	8429	0	8710
27114	44	8700	60	135	0	8939
27115	32	146	8651	58	0	8887
27116	21	8592	140	49	0	8802
27117	87	164	80	6294	0	6625
27118	8192	44	26	147	0	8409
27119	133	8164	29	48	0	8374
27120	8167	125	29	42	0	8363
27121	136	45	8099	31	0	8311
27122	68	22	8016	23	0	8129
27123	8023	18	161	36	0	8238
27124	136	18	78	8051	0	8283
27125	54	30	27	8199	0	8310
27126	28	20	8127	163	0	8338
27127	27	24	8023	55	0	8129
27128	26	8258	148	30	0	8462
27129	8138	134	75	34	0	8381
27130	7932	37	30	23	0	8022
27131	136	7762	23	28	0	7949
27132	53	113	24	8015	0	8205
27133	8110	29	29	130	0	8298
27134	110	21	20	8115	0	8266
27135	8223	9	22	143	0	8397
27136	8294	11	19	55	0	8379
27137	8581	14	16	38	0	8649
27138	156	10	19	8358	0	8543
27139	54	19	13	8782	0	8868
27140	8502	13	12	158	0	8685
27141	8531	13	17	64	0	8625
27142	8446	16	18	34	0	8514
27143	148	8276	14	20	0	8458
27144	7946	79	10	21	0	8056
27145	93	7865	11	14	0	7983
27146	7815	89	11	19	0	7934
27147	91	23	7747	15	0	7876
27148	7215	28	83	23	0	7349
27149	64	7354	17	16	0	7451
27150	19	7448	9	9	0	7485
27151	7599	59	6	20	0	7684
27152	67	15	3	7636	0	7721
27153	22	10	3	8021	0	8056
27154	11	7974	8	78	0	8071
27155	8	8702	4	22	0	8736
27156	9045	75	6	16	0	9142
27157	90	24	9421	6	0	9541
27158	37	12	80	9897	0	10026
27159	10076	5	21	116	0	10218
27160	118	13	10058	25	0	10214
27161	35	10774	112	11	0	10932
27162	11301	128	28	16	0	11473
27163	182	30	11631	8	0	11851
27164	51	14	175	12108	0	12348
27165	19	13	12417	183	0	12632
27166	11990	8	195	56	0	12249
27167	190	12525	43	26	0	12784
27168	12681	185	15	38	0	12919
27169	12768	35	14	32	0	12849
27170	242	17	11	12656	0	12926
27171	12747	19	12	210	0	12988
27172	225	14	12	12797	0	13048
27173	66	12	12	12913	0	13003
27174	26	17	12511	232	0	12786
27175	33	12513	177	63	0	12786
27176	29	184	42	12658	0	12913
27177	32	42	18	12773	0	12865
27178	28	19	16	12830	0	12893
27179	18	19	12574	227	0	12838
27180	14	12512	182	67	0	12775
27181	17	174	36	12658	0	12885
27182	21	42	14	12850	0	12927
27183	16	17	12606	218	0	12857
27184	29	27	175	12389	0	12620
27185	12505	11	42	223	0	12781
27186	185	12489	15	59	0	12748
27187	12345	174	15	38	0	12572
27188	195	39	12233	34	0	12501
27189	75	17	183	12301	0	12576
27190	12512	23	43	204	0	12782
27191	12555	12	15	62	0	12644
27192	221	14	12491	27	0	12753
27193	80	19	179	12392	0	12670
27194	29	11	12410	190	0	12640
27195	11983	14	171	67	0	12235
27196	190	12338	50	22	0	12600
27197	12574	168	22	39	0	12803
27198	12521	35	27	43	0	12626
27199	207	12563	19	33	0	12822
27200	12746	181	16	39	0	12982
27201	211	38	12599	13	0	12861
27202	12648	30	167	28	0	12873
27203	222	26	37	12717	0	13002
27204	75	18	13005	192	0	13290
27205	54	13	188	13010	0	13265
27206	64	16	52	12711	0	12843
27207	48	13	33	13030	0	13124
27208	36	12972	31	222	0	13261
27209	13094	184	15	86	0	13379
27210	207	37	40	13088	0	13372
27211	55	12986	22	229	0	13292
27212	57	191	22	12611	0	12881
27213	62	12764	26	212	0	13064
27214	44	219	12815	74	0	13152
27215	61	54	197	12784	0	13096
27216	61	22	55	12957	0	13095
27217	34	33	12805	268	0	13140
27218	12102	24	194	116	0	12436
27219	211	12727	60	70	0	13068
27220	69	202	35	12863	0	13169
27221	65	51	36	12738	0	12890
27222	57	39	34	12649	0	12779
27223	36	12682	24	265	0	13007
27224	12649	189	33	116	0	12987
27225	212	62	12628	88	0	12990
27226	76	44	12390	74	0	12584
27227	63	40	222	12396	0	12721
27228	51	25	72	12677	0	12825
27229	12497	23	48	293	0	12861
27230	208	12438	63	101	0	12810
27231	76	196	45	12598	0	12915
27232	12435	60	38	262	0	12795
27233	231	46	36	12344	0	12657
27234	12340	29	28	276	0	12673
27235	239	34	12032	99	0	12404
27236	106	12241	194	65	0	12606
27237	12258	207	51	85	0	12601
27238	258	62	12239	52	0	12611
27239	11821	32	227	82	0	12162
27240	235	43	11891	67	0	12236
27241	11987	30	218	70	0	12305
27242	254	29	74	12057	0	12414
27243	12146	27	49	234	0	12456
27244	224	32	55	12099	0	12410
27245	107	27	34	12240	0	12408
27246	12099	30	37	280	0	12446
27247	229	12197	28	103	0	12557
27248	101	204	36	12361	0	12702
27249	12446	57	34	269	0	12806
27250	12803	46	27	108	0	12984
27251	270	35	40	12767	0	13112
27252	101	33	31	12993	0	13158
27253	12982	30	40	291	0	13343
27254	265	31	34	13026	0	13356
27255	107	38	22	12734	0	12901
27256	12335	20	30	281	0	12666
27257	239	20	26	11989	0	12274
27258	70	20	11147	228	0	11465
27259	10867	14	153	99	0	11133
27260	198	30	11255	46	0	11529
27261	70	20	10394	44	0	10528
27262	9801	43	205	39	0	10088
27263	110	9675	49	24	0	9858
27264	63	79	46	9373	0	9561
27265	26	22	16	9388	0	9452
27266	38	8	8	9875	0	9929
27267	18	3	4	10168	0	10193
27268	9859	7	6	158	0	10030
27269	10691	3	3	60	0	10757
27270	11038	7	4	42	0	11091
27271	171	10	11610	21	0	11812
27272	69	5	181	12026	0	12281
27273	38	6	51	12296	0	12391
27274	43	10	24	12043	0	12120
27275	20	11761	15	292	0	12088
27276	23	11971	11	115	0	12120
27277	12381	269	11	58	0	12719
27278	248	94	9	12420	0	12771
27279	111	36	12	13093	0	13252
27280	67	12	11	13313	0	13403
27281	34	18	12917	369	0	13338
27282	28	12	12724	156	0	12920
27283	12750	11	308	85	0	13154
27284	13269	16	107	69	0	13461
27285	342	10	64	12992	0	13408
27286	132	13082	31	283	0	13528
27287	76	257	17	13213	0	13563
27288	55	79	17	13373	0	13524
27289	41	43	12952	364	0	13400
27290	12999	23	251	156	0	13429
27291	297	10	80	13543	0	13930
27292	128	13	48	13443	0	13632
27293	13109	6	30	394	0	13539
27294	309	13334	19	166	0	13828
27295	13576	273	28	101	0	13978
27296	349	108	16	13337	0	13810
27297	127	13101	16	312	0	13556
27298	13283	286	10	146	0	13725
27299	328	96	11	13247	0	13682
27300	13099	57	12	342	0	13510
27301	13054	32	14	152	0	13252
27302	13074	20	17	102	0	13213
27303	424	12619	25	69	0	13137
27304	179	12596	18	64	0	12857
27305	113	351	20	12244	0	12728
27306	79	12403	22	298	0	12802
27307	12672	322	14	146	0	13154
27308	336	118	14	12669	0	13137
27309	12692	63	18	337	0	13110
27310	12945	47	23	149	0	13164
27311	438	27	22	12620	0	13107
27312	195	32	18	13129	0	13374
27313	13022	25	19	441	0	13507
27314	13223	38	20	206	0	13487
27315	13487	31	21	125	0	13664
27316	13621	34	13	136	0	13804
27317	13815	41	10	96	0	13962
27318	477	35	10	13441	0	13963
27319	219	38	12	13660	0	13929
27320	139	37	16	13775	0	13967
27321	13455	22	14	474	0	13965
27322	383	21	18	13358	0	13780
27323	163	13259	27	398	0	13847
27324	143	290	15	13536	0	13984
27325	13246	111	22	400	0	13779
27326	13434	74	16	183	0	13707
27327	462	57	13049	110	0	13678
27328	225	61	280	12785	0	13351
27329	129	13134	102	356	0	13721
27330	13264	295	44	208	0	13811
27331	375	13377	36	132	0	13920
27332	185	318	28	13591	0	14122
27333	13698	123	31	367	0	14219
27334	13867	65	16	188	0	14136
27335	464	13630	18	149	0	14261
27336	238	317	17	13587	0	14159
27337	145	136	13484	371	0	14136
27338	13214	76	292	177	0	13759
27339	406	51	13473	126	0	14056
27340	13563	51	334	125	0	14073
27341	13856	57	110	102	0	14125
27342	502	34	47	13680	0	14263
27343	13854	41	34	418	0	14347
27344	14130	54	23	199	0	14406
27345	14239	59	25	131	0	14454
27346	533	47	18	13847	0	14445
27347	13796	46	29	366	0	14237
27348	462	40	21	13675	0	14198
27349	246	44	22	13635	0	13947
27350	162	13355	28	453	0	13998
27351	173	293	25	12891	0	13382
27352	122	12982	20	373	0	13497
27353	12732	300	11	168	0	13211
27354	12761	105	18	132	0	13016
27355	428	72	8	12485	0	12993
27356	215	54	12	12557	0	12838
27357	12301	38	9	410	0	12758
27358	372	45	11957	195	0	12569
27359	12054	26	258	136	0	12474
27360	409	38	72	11882	0	12401
27361	187	40	11343	329	0	11899
27362	11369	33	248	170	0	11820
27363	11676	37	75	124	0	11912
27364	431	32	11337	97	0	11897
27365	11245	18	250	96	0	11609
27366	364	25	10924	98	0	11411
27367	193	10891	261	71	0	11416
27368	10833	221	188	106	0	11348
27369	10675	92	63	79	0	10909
27370	327	10061	41	66	0	10495
27371	141	9485	38	54	0	9718
27372	8965	151	94	55	0	9265
27373	8998	44	18	37	0	9097
27374	194	39	13	9086	0	9332
27375	80	31	8870	148	0	9129
27376	67	21	8541	57	0	8686
27377	8763	18	127	46	0	8954
27378	161	11	8830	35	0	9037
27379	8391	46	145	33	0	8615
27380	138	12	31	8306	0	8487
27381	61	12	18	8342	0	8433
27382	45	13	8431	121	0	8610
27383	8482	10	91	59	0	8642
27384	122	8	29	8623	0	8782
27385	57	11	17	8999	0	9084
27386	8804	8	13	128	0	8953
27387	8809	9	14	63	0	8895
27388	8793	6	14	62	0	8875
27389	138	8921	11	31	0	9101
27390	46	66	8527	22	0	8661
27391	8299	18	67	30	0	8414
27392	8466	9	20	28	0	8523
27393	95	8273	15	25	0	8408
27394	8009	48	16	16	0	8089
27395	75	18	5	7901	0	7999
27396	24	7	8168	48	0	8247
27397	8067	7	54	37	0	8165
27398	8221	7	16	28	0	8272
27399	8248	10	6	28	0	8292
27400	8271	8	7	21	0	8307
27401	68	7	5	8266	0	8346
27402	33	2	12	8279	0	8326
27403	8337	3	7	67	0	8414
27404	68	3	3	8298	0	8372
27405	34	3	5	8294	0	8336
27406	25	8232	5	61	0	8323
27407	21	46	4	8418	0	8489
27408	24	9	7	8454	0	8494
27409	29	8	7	8466	0	8510
27410	26	5	4	8580	0	8615
27411	14	8491	6	78	0	8589
27412	19	52	4	8372	0	8447
27413	17	13	1	8193	0	8224
27414	6	10	8101	80	0	8197
27415	17	9	7755	24	0	7805
27416	14	8010	63	19	0	8106
27417	9112	59	15	33	0	9219
27418	123	9340	15	21	0	9499
27419	34	128	6	9820	0	9988
27420	21	17	10427	143	0	10608
27421	11123	16	162	46	0	11347
27422	186	18	21	11550	0	11775
27423	11483	4	26	210	0	11723
27424	11798	11	19	53	0	11881
27425	200	11720	16	45	0	11981
27426	11721	167	15	45	0	11948
27427	208	12115	13	20	0	12356
27428	80	217	9	12273	0	12579
27429	44	12400	8	177	0	12629
27430	55	208	12361	50	0	12674
27431	37	12498	166	37	0	12738
27432	49	232	43	12196	0	12520
27433	12314	60	30	210	0	12614
27434	185	12572	22	68	0	12847
27435	74	212	11	12741	0	13038
27436	64	71	12	12985	0	13132
27437	42	39	12868	256	0	13205
27438	52	34	210	12863	0	13159
27439	33	35	12906	270	0	13244
27440	12520	17	239	119	0	12895
27441	248	30	13107	54	0	13439
27442	77	13146	233	55	0	13511
27443	89	235	65	13136	0	13525
27444	67	70	55	13240	0	13432
27445	51	64	34	13280	0	13429
27446	13232	42	29	347	0	13650
27447	270	39	21	13101	0	13431
27448	75	13103	33	289	0	13500
27449	12947	257	17	132	0	13353
27450	244	12826	18	95	0	13183
27451	98	267	23	12869	0	13257
27452	12881	87	19	284	0	13271
27453	255	12543	25	106	0	12929
27454	92	13117	18	99	0	13326
27455	13055	272	23	92	0	13442
27456	13276	110	31	80	0	13497
27457	304	78	13086	74	0	13542
27458	13315	64	251	73	0	13703
27459	315	45	13556	59	0	13975
27460	119	75	268	13661	0	14123
27461	83	43	13697	292	0	14115
27462	86	50	283	13720	0	14139
27463	59	57	13802	323	0	14241
27464	68	42	280	13598	0	13988
27465	64	50	95	13987	0	14196
27466	13687	39	66	371	0	14163
27467	283	51	13553	162	0	14049
27468	13058	47	277	132	0	13514
27469	312	45	13400	92	0	13849
27470	121	45	13441	71	0	13678
27471	113	57	319	13358	0	13847
27472	13420	49	121	285	0	13875
27473	283	13401	90	124	0	13898
27474	13328	258	62	107	0	13755
27475	13398	78	63	89	0	13628
27476	342	13179	58	83	0	13662
27477	13283	268	65	64	0	13680
27478	342	88	13290	70	0	13790
27479	143	72	268	13347	0	13830
27480	13390	61	99	306	0	13856
27481	312	13422	82	124	0	13940
27482	135	253	59	13413	0	13860
27483	111	95	59	13473	0	13738
27484	107	72	55	13608	0	13842
27485	91	53	60	13689	0	13893
27486	13375	38	57	406	0	13876
27487	13579	42	57	174	0	13852
27488	13503	38	72	129	0	13742
27489	13251	39	61	120	0	13471
27490	388	37	13084	101	0	13610
27491	13098	40	259	98	0	13495
27492	13380	43	106	89	0	13618
27493	386	12950	84	97	0	13517
27494	197	13348	54	82	0	13681
27495	154	312	68	13029	0	13563
27496	119	120	56	13216	0	13511
27497	118	75	12899	358	0	13450
27498	110	12873	282	147	0	13412
27499	101	284	102	12683	0	13170
27500	102	12929	73	317	0	13421
27501	113	289	65	13301	0	13768
27502	90	121	45	13386	0	13642
27503	112	13521	45	385	0	14063
27504	90	296	64	13768	0	14218
27505	99	114	13839	376	0	14428
27506	118	57	13602	176	0	13953
27507	13510	80	347	133	0	14070
27508	14053	50	144	116	0	14363
27509	397	13743	107	112	0	14359
27510	13839	280	67	101	0	14287
27511	372	123	55	13781	0	14331
27512	13765	90	54	328	0	14237
27513	350	13659	52	177	0	14238
27514	208	279	13450	132	0	14069
27515	13261	113	305	123	0	13802
27516	343	103	13804	96	0	14346
27517	167	56	12275	61	0	12559
27518	109	50	12187	59	0	12405
27519	69	11950	238	66	0	12323
27520	11117	247	363	74	0	11801
27521	10698	91	62	57	0	10908
27522	215	37	30	10469	0	10751
27523	112	48	33	10319	0	10512
27524	55	10470	36	197	0	10758
27525	10586	129	32	121	0	10868
27526	163	10556	39	62	0	10820
27527	91	10302	31	51	0	10475
27528	10159	145	47	46	0	10397
27529	168	59	41	10039	0	10307
27530	88	31	30	10035	0	10184
27531	74	26	27	10079	0	10206
27532	39	9941	30	170	0	10180
27533	9800	103	20	87	0	10010
27534	138	65	14	9677	0	9894
27535	69	9235	21	111	0	9436
27536	44	9284	15	59	0	9402
27537	44	110	24	9007	0	9185
27538	38	9115	13	92	0	9258
27539	31	116	22	9078	0	9247
27540	8924	51	25	111	0	9111
27541	89	29	8674	53	0	8845
27542	45	8767	71	32	0	8915
27543	45	88	35	8872	0	9040
27544	35	46	9062	85	0	9228
27545	8841	32	88	64	0	9025
27546	125	45	40	9057	0	9267
27547	9105	13	17	111	0	9246
27548	9010	21	27	69	0	9127
27549	113	9382	12	32	0	9539
27550	9510	90	10	44	0	9654
27551	9535	39	11	43	0	9628
27552	9574	27	16	39	0	9656
27553	134	26	12	9412	0	9584
27554	82	10	13	9319	0	9424
27555	48	16	17	9425	0	9506
27556	41	26	9214	120	0	9401
27557	32	9037	76	67	0	9212
27558	8874	69	37	44	0	9024
27559	80	8761	8	29	0	8878
27560	55	72	11	8731	0	8869
27561	29	38	8653	74	0	8794
27562	8066	21	71	63	0	8221
27563	76	8609	23	30	0	8738
27564	36	67	11	8622	0	8736
27565	30	32	10	8591	0	8663
27566	17	21	8457	90	0	8585
27567	14	8414	62	42	0	8532
27568	22	72	27	8480	0	8601
27569	22	28	14	8584	0	8648
27570	17	18	14	8398	0	8447
27571	8223	21	8	115	0	8367
27572	73	17	8133	47	0	8270
27573	35	8051	63	33	0	8182
27574	7970	62	25	32	0	8089
27575	68	8049	13	26	0	8156
27576	33	68	14	7959	0	8074
27577	19	8181	8	68	0	8276
27578	8050	73	10	46	0	8179
27579	8212	37	11	34	0	8294
27580	105	23	7	8429	0	8564
27581	52	21	10	8519	0	8602
27582	30	15	10	8888	0	8943
27583	23	16	8961	134	0	9134
27584	16	9286	95	57	0	9454
27585	32	121	35	10476	0	10664
27586	30	41	20	10782	0	10873
27587	36	24	12	10937	0	11009
27588	38	19	9	10966	0	11032
27589	16	22	10725	279	0	11042
27590	18	11222	164	120	0	11524
27591	29	215	64	11737	0	12045
27592	28	86	22	12825	0	12961
27593	18	54	12543	333	0	12948
27594	42	42	232	12251	0	12567
27595	21	12044	96	322	0	12483
27596	10	12655	59	176	0	12900
27597	33	302	31	12543	0	12909
27598	17	128	12226	322	0	12693
27599	11414	81	239	215	0	11949
27600	224	12116	108	136	0	12584
27601	88	245	11743	109	0	12185
27602	55	111	11695	100	0	11961
27603	25	11631	319	90	0	12065
27604	26	256	11851	86	0	12219
27605	80	221	293	11438	0	12032
27606	11427	91	146	290	0	11954
27607	11650	64	82	175	0	11971
27608	11785	55	68	116	0	12024
27609	12068	56	63	100	0	12287
27610	337	12179	52	89	0	12657
27611	12258	270	70	93	0	12691
27612	306	12473	75	85	0	12939
27613	146	305	12346	76	0	12873
27614	122	152	284	11880	0	12438
27615	73	12533	121	273	0	13000
27616	97	304	94	12172	0	12667
27617	11990	156	80	311	0	12537
27618	318	93	63	11775	0	12249
27619	152	12124	49	303	0	12628
27620	12205	277	68	158	0	12708
27621	328	132	12137	119	0	12716
27622	178	124	275	12106	0	12683
27623	140	75	134	12379	0	12728
27624	11890	87	70	386	0	12433
27625	307	11830	80	188	0	12405
27626	158	301	11631	140	0	12230
27627	153	132	258	11703	0	12246
27628	93	110	11707	329	0	12239
27629	94	11253	289	183	0	11819
27630	88	11801	122	164	0	12175
27631	11625	367	100	127	0	12219
27632	290	160	11585	144	0	12179
27633	11745	119	300	147	0	12311
27634	329	105	144	11482	0	12060
27635	143	11767	114	331	0	12355
27636	11792	312	85	189	0	12378
27637	293	155	11899	172	0	12519
27638	183	115	278	11814	0	12390
27639	137	108	159	11967	0	12371
27640	114	115	132	11802	0	12163
27641	93	11704	94	436	0	12327
27642	11408	307	107	228	0	12050
27643	314	11323	84	201	0	11922
27644	141	11471	95	145	0	11852
27645	156	369	84	11393	0	12002
27646	11425	184	100	334	0	12043
27647	11380	136	108	195	0	11819
27648	11387	132	100	161	0	11780
27649	399	10859	78	127	0	11463
27650	215	299	73	10938	0	11525
27651	156	175	10864	308	0	11503
27652	184	111	266	10820	0	11381
27653	140	130	142	10711	0	11123
27654	136	10847	80	384	0	11447
27655	10940	313	71	240	0	11564
27656	328	195	80	10737	0	11340
27657	194	10913	78	338	0	11523
27658	10956	312	81	206	0	11555
27659	322	190	10665	179	0	11356
27660	10652	142	263	177	0	11234
27661	360	10918	130	147	0	11555
27662	11028	332	95	140	0	11595
27663	11115	199	85	131	0	11530
27664	411	152	10931	137	0	11631
27665	11017	149	264	127	0	11557
27666	399	101	11290	139	0	11929
27667	243	111	11421	102	0	11877
27668	11294	137	335	122	0	11888
27669	11581	112	178	113	0	11984
27670	438	118	11497	80	0	12133
27671	239	95	322	11365	0	12021
27672	194	94	175	11397	0	11860
27673	168	11772	132	350	0	12422
27674	11299	292	108	201	0	11900
27675	11951	163	86	134	0	12334
27676	437	142	11653	104	0	12336
27677	11900	101	267	122	0	12390
27678	12070	93	161	102	0	12426
27679	451	11776	125	77	0	12429
27680	259	297	103	11570	0	12229
27681	235	149	87	11158	0	11629
27682	191	109	92	11197	0	11589
27683	10652	66	88	340	0	11146
27684	296	10159	66	187	0	10708
27685	107	179	57	8957	0	9300
27686	104	8826	56	176	0	9162
27687	79	345	37	8401	0	8862
27688	74	8494	34	159	0	8761
27689	67	8685	45	88	0	8885
27690	7883	148	80	112	0	8223
27691	7753	80	83	98	0	8014
27692	83	31	11	7174	0	7299
27693	31	15	8	7213	0	7267
27694	18	14	9	7277	0	7318
27695	20	15	4	7260	0	7299
27696	24	9	10	7140	0	7183
27697	19	7082	11	79	0	7191
27698	25	60	6	7200	0	7291
27699	19	24	5	7324	0	7372
27700	7216	12	6	79	0	7313
27701	88	2	8	7199	0	7297
27702	28	3	12	7157	0	7200
27703	27	8	7158	78	0	7271
27704	22	9	66	6974	0	7071
27705	14	25	22	7254	0	7315
27706	21	14	7341	84	0	7460
27707	18	7412	68	40	0	7538
27708	9	67	7485	22	0	7583
27709	10	11	7322	10	0	7353
27710	6	7075	61	8	0	7150
27711	7209	52	44	26	0	7331
27712	7116	8	9	16	0	7149
27713	57	5	0	7013	0	7075
27714	7095	0	2	61	0	7158
27715	56	0	7229	11	0	7296
27716	15	3	51	7299	0	7368
27717	10	3	7877	56	0	7946
27718	11	0	54	7931	0	7996
27719	7	3	8	7979	0	7997
27720	8	4	6	8065	0	8083
27721	8062	4	2	91	0	8159
27722	55	1	2	8181	0	8239
27723	8119	3	6	72	0	8200
27724	8254	4	2	30	0	8290
27725	63	8239	7	12	0	8321
27726	8269	51	5	17	0	8342
27727	58	8495	7	9	0	8569
27728	15	60	3	8445	0	8523
27729	11	14	4	8575	0	8604
27730	9	8	3	8642	0	8662
27731	14	2	8497	76	0	8589
27732	4	8450	63	27	0	8544
27733	14	60	13	8224	0	8311
27734	13	17	7	8279	0	8316
27735	9	8464	6	70	0	8549
27736	8499	59	4	39	0	8601
27737	60	8274	7	20	0	8361
27738	8268	67	2	27	0	8364
27739	64	8389	5	21	0	8479
27740	29	64	5	8221	0	8319
27741	12	8499	7	59	0	8577
27742	8644	69	3	36	0	8752
27743	8748	15	4	33	0	8800
27744	8723	8	4	32	0	8767
27745	8680	7	2	29	0	8718
27746	84	8	8678	18	0	8788
27747	8703	8	61	33	0	8805
27748	8969	3	17	33	0	9022
27749	8953	10	8	28	0	8999
27750	87	13	8856	14	0	8970
27751	8789	10	54	36	0	8889
27752	71	9026	12	18	0	9127
27753	9116	62	8	35	0	9221
27754	74	26	9567	18	0	9685
27755	9551	11	61	46	0	9669
27756	9764	13	19	29	0	9825
27757	82	11	7	9742	0	9842
27758	33	14	9668	70	0	9785
27759	9719	8	58	48	0	9833
27760	76	3	19	10023	0	10121
27761	27	9	13	10154	0	10203
27762	26	13	10200	78	0	10317
27763	9794	11	64	50	0	9919
27764	10239	10	15	29	0	10293
27765	82	10220	10	21	0	10333
27766	38	71	7	10145	0	10261
27767	26	24	10	10121	0	10181
27768	26	9	10	10057	0	10102
27769	24	10174	11	71	0	10280
27770	10149	59	8	51	0	10267
27771	74	21	10	10120	0	10225
27772	30	7	17	10137	0	10191
27773	9884	9	10	85	0	9988
27774	9853	3	13	43	0	9912
27775	80	11	16	10030	0	10137
27776	44	8	8	9930	0	9990
27777	21	11	9592	67	0	9691
27778	9190	10	43	57	0	9300
27779	73	9783	21	17	0	9894
27780	42	55	11	10354	0	10462
27781	32	15	8	10645	0	10700
27782	18	11050	11	106	0	11185
27783	32	106	7	11421	0	11566
27784	12042	39	10	165	0	12256
27785	165	20	5	13392	0	13582
27786	69	11	7	13764	0	13851
27787	51	13	6	14109	0	14179
27788	38	5	13844	333	0	14220
27789	37	16	191	13930	0	14174
27790	29	14	13774	293	0	14110
27791	21	13458	229	156	0	13864
27792	40	200	115	13546	0	13901
27793	28	88	62	13766	0	13944
27794	40	61	37	14083	0	14221
27795	38	27	21	14166	0	14252
27796	36	24	32	14313	0	14405
27797	13838	22	10	413	0	14283
27798	192	12	13849	218	0	14271
27799	101	13482	193	146	0	13922
27800	67	14288	92	99	0	14546
27801	57	263	51	14606	0	14977
27802	38	130	27	14880	0	15075
27803	47	73	29	14772	0	14921
27804	20	14591	26	357	0	14994
27805	45	207	23	14692	0	14967
27806	16	109	14335	299	0	14759
27807	13	14058	184	186	0	14441
27808	23	217	93	14220	0	14553
27809	13970	105	60	286	0	14421
27810	195	65	23	14081	0	14364
27811	102	41	16	13994	0	14153
27812	59	13444	25	335	0	13863
27813	35	14274	21	195	0	14525
27814	55	248	22	14293	0	14618
27815	42	139	26	14341	0	14548
27816	18	78	14168	339	0	14603
27817	39	63	169	13842	0	14113
27818	24	44	90	14005	0	14163
27819	44	36	57	13949	0	14086
27820	29	23	33	14114	0	14199
27821	13678	45	41	406	0	14170
27822	13863	29	24	262	0	14178
27823	277	20	27	14064	0	14388
27824	150	21	25	14441	0	14637
27825	14165	11	20	425	0	14621
27826	251	19	24	14596	0	14890
27827	131	27	14492	369	0	15019
27828	78	14481	207	253	0	15019
27829	63	205	107	14830	0	15205
27830	56	103	71	15092	0	15322
27831	15019	70	51	416	0	15556
27832	229	42	35	15324	0	15630
27833	128	41	43	15573	0	15785
27834	15497	44	22	466	0	16029
27835	254	36	22	15674	0	15986
27836	128	15637	19	395	0	16179
27837	102	237	34	16323	0	16696
27838	74	122	18	16863	0	17077
27839	76	71	20	16775	0	16942
27840	70	55	30	16915	0	17070
27841	27	52	16304	503	0	16886
27842	38	65	16001	285	0	16389
27843	31	61	311	16273	0	16676
27844	44	44	149	16124	0	16361
27845	21	16153	92	472	0	16738
27846	49	258	59	15850	0	16216
27847	26	16012	53	417	0	16508
27848	15803	281	54	271	0	16409
27849	233	16328	47	206	0	16814
27850	130	322	30	16593	0	17075
27851	96	152	16	16916	0	17180
27852	66	98	16459	463	0	17086
27853	15749	75	227	338	0	16389
27854	15969	56	104	240	0	16369
27855	332	15865	86	169	0	16452
27856	179	258	65	15644	0	16146
27857	100	144	16196	348	0	16788
27858	70	16429	263	208	0	16970
27859	16224	275	123	207	0	16829
27860	16263	129	79	201	0	16672
27861	375	98	15706	160	0	16339
27862	15760	71	246	154	0	16231
27863	364	64	107	15843	0	16378
27864	206	15869	84	338	0	16497
27865	15884	260	58	221	0	16423
27866	308	135	57	15857	0	16357
27867	15995	94	38	370	0	16497
27868	16624	59	26	263	0	16972
27869	411	46	45	16358	0	16860
27870	215	69	16408	374	0	17066
27871	16592	47	259	279	0	17177
27872	17019	53	108	219	0	17399
27873	17123	36	73	194	0	17426
27874	453	17195	63	160	0	17871
27875	250	282	47	17125	0	17704
27876	167	126	42	17817	0	18152
27877	123	84	17449	483	0	18139
27878	100	90	282	17116	0	17588
27879	74	16973	127	446	0	17620
27880	16501	270	85	247	0	17103
27881	293	16344	54	194	0	16885
27882	136	270	15869	141	0	16416
27883	97	15880	242	137	0	16356
27884	77	15768	145	117	0	16107
27885	188	197	148	13896	0	14429
27886	13889	52	59	181	0	14181
27887	13843	30	13	74	0	13960
27888	13660	30	12	61	0	13763
27889	173	13895	20	49	0	14137
27890	59	144	13750	42	0	13995
27891	13639	44	139	53	0	13875
27892	14002	27	37	56	0	14122
27893	182	13822	21	37	0	14062
27894	14029	133	18	44	0	14224
27895	177	49	20	14038	0	14284
27896	62	32	14537	157	0	14788
27897	14517	29	142	96	0	14784
27898	14595	25	44	69	0	14733
27899	15178	22	20	69	0	15289
27900	222	26	19	14929	0	15196
27901	95	25	20	15280	0	15420
27902	64	29	19	15916	0	16028
27903	42	15740	18	242	0	16042
27904	103	200	36	15746	0	16085
27905	70	73	15	17748	0	17906
27906	53	48	17751	307	0	18159
27907	56	36	232	17714	0	18038
27908	55	34	67	18181	0	18337
27909	67	24	41	18220	0	18352
27910	56	30	36	18093	0	18215
27911	52	17903	35	356	0	18346
27912	71	244	23	18116	0	18454
27913	69	75	37	18055	0	18236
27914	17760	45	19	407	0	18231
27915	284	43	17596	161	0	18084
27916	113	38	17111	119	0	17381
27917	16966	40	318	122	0	17446
27918	17597	43	104	100	0	17844
27919	369	31	57	16493	0	16950
27920	140	17277	48	270	0	17735
27921	17392	250	41	116	0	17799
27922	326	96	45	17058	0	17525
27923	123	17126	47	282	0	17578
27924	17140	234	23	131	0	17528
27925	279	17221	29	87	0	17616
27926	17001	253	23	90	0	17367
27927	16623	106	17	82	0	16828
27928	330	16287	21	61	0	16699
27929	148	237	17	16173	0	16575
27930	99	95	16094	244	0	16532
27931	111	89	209	15808	0	16217
27932	15777	62	70	298	0	16207
27933	268	41	15569	113	0	15991
27934	119	15398	215	82	0	15814
27935	93	291	75	15217	0	15676
27936	56	89	15072	258	0	15475
27937	48	14760	237	119	0	15164
27938	14673	232	96	106	0	15107
27939	251	76	50	14772	0	15149
27940	119	54	46	14914	0	15133
27941	80	56	30	14704	0	14870
27942	50	14658	40	313	0	15061
27943	14667	209	35	169	0	15080
27944	227	14498	24	94	0	14843
27945	101	14852	23	87	0	15063
27946	14828	265	25	99	0	15217
27947	14888	108	26	96	0	15118
27948	288	68	14475	63	0	14894
27949	14273	66	199	75	0	14613
27950	14285	52	63	53	0	14453
27951	301	45	45	13997	0	14388
27952	139	69	13899	229	0	14336
27953	132	32	194	13927	0	14285
27954	14212	43	75	256	0	14586
27955	261	39	14530	115	0	14945
27956	156	36	228	15578	0	15998
27957	153	26	96	16602	0	16877
27958	93	28	60	17714	0	17895
27959	17464	31	51	532	0	18078
27960	420	17705	44	207	0	18376
27961	17765	415	33	156	0	18369
27962	472	106	17841	100	0	18519
27963	170	67	404	17346	0	17987
27964	90	17894	109	445	0	18538
27965	18040	407	59	180	0	18686
27966	464	126	50	18006	0	18646
27967	142	84	17678	496	0	18400
27968	115	61	392	17408	0	17976
27969	16982	45	125	516	0	17668
27970	405	16929	59	218	0	17611
27971	184	446	49	15780	0	16459
27972	98	16723	44	404	0	17269
27973	16583	422	43	191	0	17239
27974	16480	138	47	132	0	16797
27975	494	16165	47	111	0	16817
27976	16040	407	35	89	0	16571
27977	475	132	39	15492	0	16138
27978	158	15892	37	395	0	16482
27979	15904	391	38	141	0	16474
27980	16186	144	31	107	0	16468
27981	513	15523	35	72	0	16143
27982	185	15825	35	74	0	16119
27983	15502	433	34	73	0	16042
27984	456	164	31	15360	0	16011
27985	15467	114	24	396	0	16001
27986	501	78	16	15455	0	16050
27987	174	62	15253	426	0	15915
27988	139	77	349	15499	0	16064
27989	15333	63	80	456	0	15932
27990	458	67	15437	143	0	16105
27991	179	57	373	15481	0	16090
27992	146	57	99	16058	0	16360
27993	93	50	15633	481	0	16257
27994	15366	47	371	193	0	15977
27995	439	29	102	15646	0	16216
27996	145	45	14924	425	0	15539
27997	14108	48	386	168	0	14710
27998	382	14663	115	131	0	15291
27999	130	14655	83	115	0	14983
28000	102	14912	69	109	0	15192
28001	92	392	14145	87	0	14716
28002	88	256	330	13546	0	14220
28003	73	69	13622	354	0	14118
28004	74	326	317	12223	0	12940
28005	40	11911	98	304	0	12353
28006	39	12069	41	88	0	12237
28007	80	326	33	11804	0	12243
28008	11880	82	31	318	0	12311
28009	271	61	23	12050	0	12405
28010	93	42	20	12001	0	12156
28011	47	11876	32	322	0	12277
28012	11831	258	20	119	0	12228
28013	273	11895	26	81	0	12275
28014	111	289	27	11944	0	12371
28015	79	100	22	11990	0	12191
28016	51	11814	27	331	0	12223
28017	72	263	31	11997	0	12363
28018	11944	84	17	364	0	12409
28019	312	123	19	11958	0	12412
28020	163	76	21	12011	0	12271
28021	93	11843	50	331	0	12317
28022	98	284	53	12044	0	12479
28023	11659	110	39	349	0	12157
28024	11941	86	27	144	0	12198
28025	12066	84	25	127	0	12302
28026	382	57	43	11899	0	12381
28027	132	70	11620	356	0	12178
28028	140	62	11553	144	0	11899
28029	124	81	290	11824	0	12319
28030	11930	95	69	358	0	12452
28031	336	91	42	11983	0	12452
28032	12192	80	22	356	0	12650
28033	391	78	25	12285	0	12779
28034	191	78	27	12568	0	12864
28035	12422	74	24	376	0	12896
28036	357	74	12076	141	0	12648
28037	12075	85	273	116	0	12549
28038	396	69	12143	97	0	12705
28039	180	63	283	12056	0	12582
28040	12260	56	85	331	0	12732
28041	355	84	12375	123	0	12937
28042	156	65	12327	87	0	12635
28043	12234	53	317	129	0	12733
28044	382	54	12432	103	0	12971
28045	132	12379	327	129	0	12967
28046	124	267	120	12871	0	13382
28047	13533	73	86	420	0	14112
28048	349	46	13746	151	0	14292
28049	13832	35	324	133	0	14324
28050	14247	36	125	135	0	14543
28051	14294	32	91	141	0	14558
28052	14265	39	85	126	0	14515
28053	421	109	70	13737	0	14337
28054	141	13698	70	342	0	14251
28055	13204	282	80	150	0	13716
28056	299	57	12131	93	0	12580
28057	69	10412	130	50	0	10661
28058	9920	91	80	34	0	10125
28059	83	9466	27	21	0	9597
28060	34	9697	15	18	0	9764
28061	217	95	98	9584	0	9994
28062	39	24	28	9894	0	9985
28063	26	17	4	9886	0	9933
28064	10029	9	11	94	0	10143
28065	10318	9	7	55	0	10389
28066	105	6	5	10645	0	10761
28067	54	3	12	11134	0	11203
28068	31	5	11348	121	0	11505
28069	11115	3	117	56	0	11291
28070	11633	3	32	40	0	11708
28071	163	13	19	11552	0	11747
28072	61	8	11	11650	0	11730
28073	36	6	11504	158	0	11704
28074	29	6	127	11485	0	11647
28075	25	7	11754	152	0	11938
28076	27	11686	149	53	0	11915
28077	20	119	11913	32	0	12084
28078	36	42	142	11675	0	11895
28079	20	23	12104	134	0	12281
28080	20	19	11460	55	0	11554
28081	11963	10	157	40	0	12170
28082	153	5	72	12589	0	12819
28083	46	16	12601	149	0	12812
28084	11786	9	147	64	0	12006
28085	154	11	12545	48	0	12758
28086	58	16	13162	30	0	13266
28087	39	13523	177	37	0	13776
28088	42	129	61	13548	0	13780
28089	16	37	13540	149	0	13742
28090	31	30	13093	52	0	13206
28091	42	19	169	13246	0	13476
28092	32	10	66	13420	0	13528
28093	26	13502	44	171	0	13743
28094	30	133	34	13667	0	13864
28095	13822	36	18	193	0	14069
28096	13814	27	22	76	0	13939
28097	14056	15	29	66	0	14166
28098	204	10	35	13766	0	14015
28099	79	13806	30	170	0	14085
28100	13934	133	33	75	0	14175
28101	160	13838	42	49	0	14089
28102	63	13597	25	47	0	13732
28103	49	13796	32	47	0	13924
28104	14007	172	39	46	0	14264
28105	153	62	32	13982	0	14229
28106	65	39	37	13989	0	14130
28107	44	13981	36	174	0	14235
28108	13803	147	40	84	0	14074
28109	160	48	13700	56	0	13964
28110	58	40	159	13792	0	14049
28111	13815	27	63	169	0	14074
28112	154	14137	56	68	0	14415
28113	14790	136	34	91	0	15051
28114	191	52	28	15044	0	15315
28115	61	15256	29	168	0	15514
28116	58	150	15114	52	0	15374
28117	15154	47	147	76	0	15424
28118	164	42	66	15619	0	15891
28119	15794	32	45	187	0	16058
28120	189	38	33	15732	0	15992
28121	74	15589	32	183	0	15878
28122	61	143	15824	71	0	16099
28123	49	55	15704	74	0	15882
28124	57	106	164	16092	0	16419
28125	16375	22	87	187	0	16671
28126	16468	35	42	80	0	16625
28127	190	23	29	16338	0	16580
28128	101	27	27	16390	0	16545
28129	16682	21	29	204	0	16936
28130	174	28	34	16780	0	17016
28131	16793	24	31	217	0	17065
28132	175	16646	20	81	0	16922
28133	16538	146	33	90	0	16807
28134	188	58	16887	51	0	17184
28135	89	46	157	16867	0	17159
28136	84	37	61	17211	0	17393
28137	59	24	58	17288	0	17429
28138	60	16708	40	231	0	17039
28139	59	14354	45	138	0	14596
28140	59	161	48	16862	0	17130
28141	40	59	16575	185	0	16859
28142	49	57	163	16383	0	16652
28143	52	39	53	16779	0	16923
28144	43	16394	69	210	0	16716
28145	16353	138	43	103	0	16637
28146	157	15800	51	68	0	16076
28147	66	15916	33	59	0	16074
28148	62	170	42	15833	0	16107
28149	52	68	38	15939	0	16097
28150	63	40	33	15822	0	15958
28151	50	27	35	15952	0	16064
28152	15745	28	36	216	0	16025
28153	134	15626	33	111	0	15904
28154	15861	140	26	93	0	16120
28155	16153	47	43	96	0	16339
28156	173	50	21	16045	0	16289
28157	78	37	17	16234	0	16366
28158	16129	32	22	224	0	16407
28159	16244	26	25	108	0	16403
28160	178	33	15	15920	0	16146
28161	94	27	4	15916	0	16041
28162	76	28	15770	166	0	16040
28163	44	15197	113	105	0	15459
28164	45	15967	36	66	0	16114
28165	15523	129	30	82	0	15764
28166	140	40	15664	33	0	15877
28167	37	36	14547	43	0	14663
28168	13972	25	103	55	0	14155
28169	14692	11	44	41	0	14788
28170	77	15401	13	18	0	15509
28171	26	16089	17	24	0	16156
28172	30	75	7	16517	0	16629
28173	17000	20	6	111	0	17137
28174	17121	14	4	57	0	17196
28175	17227	11	3	53	0	17294
28176	96	21	5	17120	0	17242
28177	42	10	8	17261	0	17321
28178	23	12	16973	110	0	17118
28179	42	12	15569	46	0	15669
28180	16	11	17001	24	0	17052
28181	27	164	85	17016	0	17292
28182	16909	5	23	122	0	17059
28183	88	10	17321	22	0	17441
28184	29	7	88	17326	0	17450
28185	11	17480	26	91	0	17608
28186	17	89	9	17570	0	17685
28187	20	17	10	17884	0	17931
28188	12	8	18449	154	0	18623
28189	23	7	143	18335	0	18508
28190	19272	13	34	183	0	19502
28191	200	18	19833	46	0	20097
28192	64	12	189	19847	0	20112
28193	17	11	20381	207	0	20616
28194	29	20294	215	74	0	20612
28195	20	201	20720	33	0	20974
28196	55	67	226	19570	0	19918
28197	32	23	85	21048	0	21188
28198	22	28	21483	274	0	21807
28199	29	22	256	20998	0	21305
28200	46	15	83	20942	0	21086
28201	19	20895	45	301	0	21260
28202	18	214	21303	124	0	21659
28203	39	55	249	21233	0	21576
28204	40	29	81	21583	0	21733
28205	18	21538	50	322	0	21928
28206	25	244	49	21949	0	22267
28207	22013	72	45	341	0	22471
28208	254	43	34	22148	0	22479
28209	72	46	22177	315	0	22610
28210	21869	33	266	179	0	22347
28211	23455	27	85	140	0	23707
28212	393	32	23283	94	0	23802
28213	22507	21	333	119	0	22980
28214	355	23461	123	87	0	24026
28215	160	324	59	24067	0	24610
28216	110	100	68	25997	0	26275
28217	106	58	57	25658	0	25879
28218	96	38	52	26446	0	26632
28219	80	44	38	26494	0	26656
28220	26064	25	48	674	0	26811
28221	442	31	25699	287	0	26459
28222	24713	27	403	243	0	25386
28223	463	26	25361	202	0	26052
28224	219	25	440	25279	0	25963
28225	25379	16	177	569	0	26141
28226	499	34	107	25278	0	25918
28227	238	25301	98	505	0	26142
28228	26237	400	107	264	0	27008
28229	532	132	76	26826	0	27566
28230	236	84	24428	545	0	25293
28231	25170	56	349	337	0	25912
28232	534	26934	128	198	0	27794
28233	241	432	27503	166	0	28342
28234	176	180	462	27170	0	27988
28235	200	80	199	26471	0	26950
28236	145	26987	111	639	0	27882
28237	126	473	27129	292	0	28020
28238	142	178	485	27063	0	27868
28239	91	112	27811	617	0	28631
28240	123	80	494	27678	0	28375
28241	93	85	212	28033	0	28423
28242	90	72	27678	749	0	28589
28243	128	61	554	27732	0	28475
28244	238	81	405	22401	0	23125
28245	134	52	170	29274	0	29630
28246	125	40	169	29484	0	29818
28247	28385	35	160	932	0	29512
28248	551	56	28080	474	0	29161
28249	28712	58	588	370	0	29728
28250	656	64	258	29827	0	30805
28251	291	50	195	30500	0	31036
28252	222	69	166	30194	0	30651
28253	176	29668	184	948	0	30976
28254	30065	561	145	519	0	31290
28255	633	217	151	30864	0	31865
28256	269	30733	145	800	0	31947
28257	174	558	110	31443	0	32285
28258	31356	234	143	882	0	32615
28259	31381	160	131	545	0	32217
28260	31299	136	158	427	0	32020
28261	758	30994	123	422	0	32297
28262	310	559	30990	374	0	32233
28263	30721	239	572	387	0	31919
28264	31616	133	250	389	0	32388
28265	796	31572	173	329	0	32870
28266	31547	579	149	344	0	32619
28267	30988	242	155	362	0	31747
28268	31913	133	120	346	0	32512
28269	862	31863	156	340	0	33221
28270	499	598	134	31781	0	33012
28271	31819	248	112	785	0	32964
28272	32611	152	101	445	0	33309
28273	31747	132	86	388	0	32353
28274	32382	136	81	343	0	32942
28275	988	158	74	31630	0	32850
28276	533	134	31232	753	0	32652
28277	454	113	555	31041	0	32163
28278	371	31301	229	781	0	32682
28279	387	611	127	32309	0	33434
28280	335	236	32209	852	0	33632
28281	32217	163	621	435	0	33436
28282	873	136	257	32779	0	34045
28283	32463	170	173	822	0	33628
28284	32593	137	134	493	0	33357
28285	997	121	129	32465	0	33712
28286	550	121	32121	788	0	33580
28287	465	108	30076	405	0	31054
28288	29649	126	668	311	0	30754
28289	823	30098	261	286	0	31468
28290	428	29448	179	214	0	30269
28291	357	28932	116	228	0	29633
28292	273	30071	151	230	0	30725
28293	29166	651	270	242	0	30329
28294	29310	248	133	208	0	29899
28295	29114	197	80	185	0	29576
28296	29201	204	77	187	0	29669
28297	820	165	75	28233	0	29293
28298	446	27794	82	547	0	28869
28299	27846	512	80	313	0	28751
28300	721	206	27726	213	0	28866
28301	430	27423	454	180	0	28487
28302	364	447	27689	181	0	28681
28303	27327	199	489	211	0	28226
28304	28020	161	202	214	0	28597
28305	28018	171	133	217	0	28539
28306	792	151	127	27550	0	28620
28307	415	133	27462	518	0	28528
28308	355	27283	484	221	0	28343
28309	26778	445	202	210	0	27635
28310	652	26413	139	186	0	27390
28311	385	25390	72	169	0	26016
28312	301	25139	75	172	0	25687
28313	271	25210	89	191	0	25761
28314	228	472	23961	117	0	24778
28315	216	23961	384	133	0	24694
28316	22211	323	176	116	0	22826
28317	372	121	71	22102	0	22666
28318	185	106	43	22304	0	22638
28319	22143	72	53	363	0	22631
28320	353	21859	65	158	0	22435
28321	174	280	22169	93	0	22716
28322	198	129	261	21947	0	22535
28323	202	86	88	22464	0	22840
28324	154	97	73	22645	0	22969
28325	119	114	22250	345	0	22828
28326	130	108	21975	130	0	22343
28327	164	115	292	22036	0	22607
28328	144	96	21755	273	0	22268
28329	148	100	20320	108	0	20676
28330	19137	101	288	136	0	19662
28331	317	20478	113	107	0	21015
28332	156	19792	84	89	0	20121
28333	184	20114	63	78	0	20439
28334	169	356	67	19529	0	20121
28335	132	20707	89	221	0	21149
28336	21180	299	69	124	0	21672
28337	322	129	21450	115	0	22016
28338	21899	112	288	117	0	22416
28339	402	87	126	22097	0	22712
28340	203	79	113	22561	0	22956
28341	143	23389	83	394	0	24009
28342	23469	351	106	191	0	24117
28343	23735	124	128	141	0	24128
28344	514	24744	72	124	0	25454
28345	241	488	65	23952	0	24746
28346	157	165	24374	393	0	25089
28347	119	119	24405	154	0	24797
28348	99	25046	488	115	0	25748
28349	24931	503	210	154	0	25798
28350	493	150	25033	38	0	25714
28351	253	113	439	24663	0	25468
28352	25208	83	149	471	0	25911
28353	25705	72	92	216	0	26085
28354	596	29125	92	119	0	29932
28355	239	30889	82	86	0	31296
28356	30851	844	69	88	0	31852
28357	770	330	30857	57	0	32014
28358	30857	205	680	113	0	31855
28359	31589	137	231	100	0	32057
28360	1011	116	161	31019	0	32307
28361	387	127	31553	697	0	32764
28362	271	103	31279	223	0	31876
28363	30683	90	916	188	0	31877
28364	833	95	31529	110	0	32567
28365	30246	89	844	109	0	31288
28366	31108	75	297	103	0	31583
28367	976	30697	194	86	0	31953
28368	396	729	30557	69	0	31751
28369	290	30387	722	76	0	31475
28370	29948	798	328	89	0	31163
28371	839	293	29690	59	0	30881
28372	403	232	768	28548	0	29951
28373	270	126	29287	687	0	30370
28374	243	83	29469	218	0	30013
28375	180	82	29419	127	0	29808
28376	238	94	29196	93	0	29621
28377	186	28207	1048	82	0	29523
28378	223	672	28196	79	0	29170
28379	196	27697	821	92	0	28806
28380	170	738	27303	90	0	28301
28381	26958	278	847	108	0	28191
28382	792	190	378	25351	0	26711
28383	370	27273	272	569	0	28484
28384	27120	678	237	227	0	28262
28385	27488	309	210	192	0	28199
28386	25712	228	240	164	0	26344
28387	27202	186	250	114	0	27752
28388	1011	26870	237	116	0	28234
28389	25645	735	235	150	0	26765
28390	27155	340	227	135	0	27857
28391	938	26155	279	124	0	27496
28392	483	783	24679	93	0	26038
28393	423	334	758	24778	0	26293
28394	345	26216	392	611	0	27564
28395	273	797	26337	243	0	27650
28396	292	397	26561	182	0	27432
28397	320	25739	983	130	0	27172
28398	350	26204	539	104	0	27197
28399	352	27089	377	129	0	27947
28400	371	26732	286	143	0	27532
28401	27151	1102	302	136	0	28691
28402	27859	563	275	144	0	28841
28403	1161	375	27555	108	0	29199
28404	706	301	28139	93	0	29239
28405	564	261	1081	27421	0	29327
28406	474	288	558	28206	0	29526
28407	501	273	411	28555	0	29740
28408	28062	277	439	1011	0	29789
28409	995	27766	374	471	0	29606
28410	596	28487	395	269	0	29747
28411	521	29500	377	249	0	30647
28412	28905	1254	385	165	0	30709
28413	29652	690	393	183	0	30918
28414	1412	485	367	28878	0	31142
28415	29823	366	493	824	0	31506
28416	30398	368	432	359	0	31557
28417	1496	396	421	29520	0	31833
28418	29987	391	377	1002	0	31757
28419	1322	29427	519	423	0	31691
28420	814	1015	551	29206	0	31586
28421	770	500	29192	884	0	31346
28422	571	29134	1268	424	0	31397
28423	645	1066	29634	329	0	31674
28424	696	550	1246	27640	0	30132
28425	586	29685	761	846	0	31878
28426	603	1060	751	29426	0	31840
28427	587	633	609	30156	0	31985
28428	666	505	29474	1138	0	31783
28429	590	427	30977	519	0	32513
28430	553	400	1399	30441	0	32793
28431	594	417	878	29150	0	31039
28432	515	30682	743	1077	0	33017
28433	29523	1113	648	570	0	31854
28434	1169	29996	622	414	0	32201
28435	720	30610	485	332	0	32147
28436	558	1302	29122	280	0	31262
28437	379	29299	1136	320	0	31134
28438	458	1156	779	26885	0	29278
28439	432	28610	595	841	0	30478
28440	433	1064	464	27129	0	29090
28441	329	27656	446	903	0	29334
28442	27286	1099	381	452	0	29218
28443	1074	27436	385	328	0	29223
28444	591	1027	276	24361	0	26255
28445	488	25984	253	671	0	27396
28446	25734	988	256	323	0	27301
28447	25642	558	159	294	0	26653
28448	1120	25144	190	211	0	26665
28449	24469	839	190	163	0	25661
28450	1050	830	216	23120	0	25216
28451	488	358	23310	736	0	24892
28452	471	350	23323	346	0	24490
28453	321	23524	816	313	0	24974
28454	18428	401	336	121	0	19286
28455	18225	151	121	104	0	18601
28456	408	139	17966	92	0	18605
28457	181	100	17557	89	0	17927
28458	17290	125	349	97	0	17861
28459	17902	84	136	108	0	18230
28460	388	99	17375	73	0	17935
28461	16253	99	281	100	0	16733
28462	340	16531	131	67	0	17069
28463	142	17243	77	100	0	17562
28464	130	378	113	16906	0	17527
28465	82	175	75	17254	0	17586
28466	17283	140	70	365	0	17858
28467	17252	99	69	157	0	17577
28468	17323	89	81	114	0	17607
28469	376	103	63	17067	0	17609
28470	199	83	53	17121	0	17456
28471	117	16384	52	355	0	16908
28472	111	16650	71	165	0	16997
28473	81	17278	70	104	0	17533
28474	114	386	46	16456	0	17002
28475	96	16972	56	282	0	17406
28476	96	361	16386	120	0	16963
28477	15601	153	257	124	0	16135
28478	313	157	16586	73	0	17129
28479	161	93	16375	90	0	16719
28480	16168	127	297	69	0	16661
28481	341	16707	112	89	0	17249
28482	16916	319	63	81	0	17379
28483	16980	137	49	116	0	17282
28484	355	138	16341	74	0	16908
28485	183	98	16748	81	0	17110
28486	150	17130	314	74	0	17668
28487	133	333	17513	68	0	18047
28488	146	149	313	17596	0	18204
28489	155	142	173	14664	0	15134
28490	112	17565	108	347	0	18132
28491	119	18178	93	137	0	18527
28492	17946	406	87	92	0	18531
28493	18524	194	78	90	0	18886
28494	415	139	75	18331	0	18960
28495	205	116	95	18661	0	19077
28496	18249	105	87	385	0	18826
28497	18377	105	92	169	0	18743
28498	402	18510	76	123	0	19111
28499	17855	308	80	91	0	18334
28500	357	17286	61	59	0	17763
28501	142	17834	66	73	0	18115
28502	17790	343	46	79	0	18258
28503	17722	148	65	86	0	18021
28504	385	114	44	17450	0	17993
28505	17419	83	51	262	0	17815
28506	342	101	17236	93	0	17772
28507	181	17339	226	84	0	17830
28508	17148	260	84	116	0	17608
28509	288	87	17343	90	0	17808
28510	136	156	226	16400	0	16918
28511	115	16451	86	178	0	16830
28512	128	16838	67	65	0	17098
28513	16842	238	77	63	0	17220
28514	249	91	16544	44	0	16928
28515	15980	56	168	41	0	16245
28516	252	42	65	16219	0	16578
28517	139	43	16189	145	0	16516
28518	15623	45	185	79	0	15932
28519	213	16440	77	43	0	16773
28520	93	17111	55	42	0	17301
28521	17338	207	68	59	0	17672
28522	17328	92	40	79	0	17539
28523	17586	57	21	78	0	17742
28524	266	56	22	17393	0	17737
28525	153	64	33	17459	0	17709
28526	107	32	17239	178	0	17556
28527	72	40	16466	99	0	16677
28528	85	17035	142	80	0	17342
28529	70	175	80	16295	0	16620
28530	16191	38	30	137	0	16396
28531	114	16156	14	59	0	16343
28532	38	132	16	16263	0	16449
28533	16234	47	23	131	0	16435
28534	124	16047	17	46	0	16234
28535	59	16604	10	33	0	16706
28536	68	114	16170	28	0	16380
28537	15819	46	99	44	0	16008
28538	16325	31	35	49	0	16440
28539	117	39	16027	32	0	16215
28540	15071	17	84	46	0	15218
28541	97	27	15939	21	0	16084
28542	39	15674	85	14	0	15812
28543	63	101	50	15593	0	15807
28544	15550	36	23	95	0	15704
28545	90	15286	18	31	0	15425
28546	40	15325	20	11	0	15396
28547	14999	72	10	40	0	15121
28548	75	34	15613	9	0	15731
28549	15121	13	61	40	0	15235
28550	70	15895	17	13	0	15995
28551	31	56	15525	9	0	15621
28552	15273	16	44	21	0	15354
28553	15654	12	16	31	0	15713
28554	77	15	7	15561	0	15660
28555	38	6	16	15706	0	15766
28556	24	15561	7	67	0	15659
28557	21	72	15525	21	0	15639
28558	25	23	68	15702	0	15818
28559	18	18	16465	96	0	16597
28560	20	22	16317	21	0	16380
28561	27	9	125	17285	0	17446
28562	22	14	17561	139	0	17736
28563	17	8	17086	45	0	17156
28564	31	14	182	16938	0	17165
28565	15	9	17412	147	0	17583
28566	16143	10	185	85	0	16423
28567	142	16859	74	45	0	17120
28568	59	138	17239	20	0	17456
28569	55	44	18058	16	0	18173
28570	52	37	190	17314	0	17593
28571	18766	14	75	177	0	19032
28572	18890	8	58	77	0	19033
28573	18784	10	27	66	0	18887
28574	18945	12	23	41	0	19021
28575	221	12	29	18481	0	18743
28576	96	13	18669	152	0	18930
28577	18610	8	160	76	0	18854
28578	18974	4	59	78	0	19115
28579	19072	12	47	45	0	19176
28580	223	8	18562	24	0	18817
28581	18079	10	147	34	0	18270
28582	195	15	67	19238	0	19515
28583	72	19432	57	158	0	19719
28584	89	174	33	19015	0	19311
28585	33	19248	43	185	0	19509
28586	19325	189	28	88	0	19630
28587	199	56	19278	63	0	19596
28588	87	48	208	18752	0	19095
28589	68	18816	75	189	0	19148
28590	34	19446	69	82	0	19631
28591	19482	214	62	78	0	19836
28592	19416	94	39	54	0	19603
28593	253	63	18751	34	0	19101
28594	18958	25	202	46	0	19231
28595	276	24	83	19023	0	19406
28596	120	23	19334	202	0	19679
28597	119	23	19007	84	0	19233
28598	90	14	261	19642	0	20007
28599	20746	16	114	261	0	21137
28600	308	11	77	20710	0	21106
28601	146	18	50	20799	0	21013
28602	115	13	52	20728	0	20908
28603	79	20857	52	383	0	21371
28604	93	243	39	21283	0	21658
28605	20768	94	46	366	0	21274
28606	298	20918	61	138	0	21415
28607	141	279	36	21295	0	21751
28608	21215	119	40	355	0	21729
28609	320	20746	46	140	0	21252
28610	128	21263	52	98	0	21541
28611	122	373	36	21329	0	21860
28612	20948	153	44	363	0	21508
28613	370	79	20967	137	0	21553
28614	162	56	20553	108	0	20879
28615	21187	58	403	99	0	21747
28616	22132	44	171	105	0	22452
28617	482	22340	96	61	0	22979
28618	239	365	64	21893	0	22561
28619	144	121	22013	366	0	22644
28620	102	85	21436	159	0	21782
28621	84	50	22975	117	0	23226
28622	83	22516	562	86	0	23247
28623	78	23102	212	105	0	23497
28624	23036	524	112	109	0	23781
28625	474	206	23016	86	0	23782
28626	22710	122	447	105	0	23384
28627	23327	62	178	118	0	23685
28628	612	85	23215	71	0	23983
28629	259	23731	467	86	0	24543
28630	215	463	183	23224	0	24085
28631	143	185	24274	477	0	25079
28632	133	135	23065	198	0	23531
28633	23060	93	553	164	0	23870
28634	500	23997	246	95	0	24838
28635	229	505	129	23385	0	24248
28636	166	197	101	23443	0	23907
28637	114	23303	118	573	0	24108
28638	110	23856	108	225	0	24299
28639	116	24339	103	153	0	24711
28640	129	654	79	24662	0	25524
28641	25155	241	79	592	0	26067
28642	633	143	76	25485	0	26337
28643	228	139	25308	625	0	26300
28644	153	110	25369	254	0	25886
28645	141	84	700	25741	0	26666
28646	114	95	25916	609	0	26734
28647	112	25853	652	243	0	26860
28648	134	572	251	26785	0	27742
28649	27792	221	166	695	0	28874
28650	27771	130	128	291	0	28320
28651	828	28017	105	197	0	29147
28652	28266	726	110	193	0	29295
28653	29096	268	90	145	0	29599
28654	29223	178	116	158	0	29675
28655	975	179	24932	135	0	26221
28656	27501	115	534	159	0	28309
28657	819	27594	219	162	0	28794
28658	366	671	27421	84	0	28542
28659	225	237	27347	113	0	27922
28660	194	26951	803	139	0	28087
28661	26737	683	379	140	0	27939
28662	762	257	199	25851	0	27069
28663	284	25967	142	616	0	27009
28664	26423	646	130	277	0	27476
28665	755	278	103	26498	0	27634
28666	26809	144	106	754	0	27813
28667	801	140	112	26984	0	28037
28668	347	120	26530	714	0	27711
28669	207	135	25984	316	0	26642
28670	223	132	26333	184	0	26872
28671	227	157	825	25470	0	26679
28672	207	161	318	26640	0	27326
28673	191	125	26125	840	0	27281
28674	214	25985	713	334	0	27246
28675	26550	677	321	203	0	27751
28676	26756	273	214	179	0	27422
28677	928	26745	183	160	0	28016
28678	432	793	169	27148	0	28542
28679	259	304	27629	742	0	28934
28680	27182	187	788	333	0	28490
28681	868	157	27658	209	0	28892
28682	395	151	25529	148	0	26223
28683	289	146	26992	149	0	27576
28684	26168	168	951	140	0	27427
28685	826	140	26576	159	0	27701
28686	401	25368	818	148	0	26735
28687	280	26619	413	133	0	27445
28688	310	818	284	25639	0	27051
28689	259	331	228	26289	0	27107
28690	244	229	25794	844	0	27111
28691	25094	186	779	359	0	26418
28692	26477	168	368	236	0	27249
28693	983	141	262	26025	0	27411
28694	25953	140	248	725	0	27066
28695	849	25814	237	330	0	27230
28696	25594	715	176	261	0	26746
28697	849	24869	194	252	0	26164
28698	386	25236	181	201	0	26004
28699	24399	765	197	192	0	25553
28700	24361	314	171	165	0	25011
28701	25060	208	173	153	0	25594
28702	25272	150	179	176	0	25777
28703	934	153	23532	152	0	24771
28704	23524	142	649	153	0	24468
28705	833	142	299	23055	0	24329
28706	365	23276	240	600	0	24481
28707	23319	592	180	266	0	24357
28708	744	23259	164	192	0	24359
28709	23320	632	156	179	0	24287
28710	785	276	144	23066	0	24271
28711	397	216	140	23517	0	24270
28712	336	164	21977	727	0	23204
28713	318	163	22685	316	0	23482
28714	269	22940	676	239	0	24124
28715	22251	555	301	203	0	23310
28716	709	21707	213	144	0	22773
28717	379	21248	171	141	0	21939
28718	326	22245	158	116	0	22845
28719	328	693	21320	102	0	22443
28720	277	21599	526	124	0	22526
28721	19949	577	273	146	0	20945
28722	20119	250	185	123	0	20677
28723	700	191	153	19390	0	20434
28724	365	19128	126	473	0	20092
28725	292	19781	122	216	0	20411
28726	270	598	119	19491	0	20478
28727	244	272	19506	485	0	20507
28728	236	19017	475	215	0	19943
28729	273	565	227	18530	0	19595
28730	18111	264	145	497	0	19017
28731	18291	200	130	249	0	18870
28732	598	18386	134	177	0	19295
28733	18511	504	127	143	0	19285
28734	18713	246	124	127	0	19210
28735	660	198	138	17954	0	18950
28736	334	185	17688	451	0	18658
28737	278	17927	438	231	0	18874
28738	247	569	218	17669	0	18703
28739	219	247	17640	410	0	18516
28740	227	17184	385	201	0	17997
28741	16507	449	251	155	0	17362
28742	16740	219	149	146	0	17254
28743	537	199	120	16317	0	17173
28744	307	16379	121	385	0	17192
28745	217	409	16248	172	0	17046
28746	232	299	371	16044	0	16946
28747	204	190	16266	365	0	17025
28748	158	15043	288	184	0	15673
28749	271	318	198	13669	0	14456
28750	13573	138	116	239	0	14066
28751	243	13405	60	149	0	13857
28752	13205	226	72	120	0	13623
28753	13056	152	42	96	0	13346
28754	328	13172	52	87	0	13639
28755	217	252	49	13138	0	13656
28756	179	172	46	13144	0	13541
28757	131	12691	49	273	0	13144
28758	142	13109	50	150	0	13451
28759	126	285	49	12423	0	12883
28760	131	12750	38	199	0	13118
28761	12856	250	52	87	0	13245
28762	12834	135	39	86	0	13094
28763	304	116	12574	53	0	13047
28764	160	95	12178	64	0	12497
28765	12341	71	213	95	0	12720
28766	12763	74	117	76	0	13030
28767	258	13021	69	54	0	13402
28768	13015	231	59	84	0	13389
28769	12993	116	42	63	0	13214
28770	292	12677	33	63	0	13065
28771	12910	225	18	95	0	13248
28772	285	118	51	14270	0	14724
28773	145	136	49	14755	0	15085
28774	101	86	15271	391	0	15849
28775	89	14584	297	131	0	15101
28776	81	15460	75	103	0	15719
28777	14635	491	141	179	0	15446
28778	14691	120	47	85	0	14943
28779	14134	75	35	101	0	14345
28780	14889	56	27	73	0	15045
28781	371	56	13753	37	0	14217
28782	102	68	14410	27	0	14607
28783	80	14666	303	55	0	15104
28784	121	306	92	14546	0	15065
28785	117	90	56	14590	0	14853
28786	88	14859	38	273	0	15258
28787	135	315	28	14656	0	15134
28788	14608	84	41	324	0	15057
28789	331	14603	53	91	0	15078
28790	109	325	14676	60	0	15170
28791	83	15056	275	87	0	15501
28792	14982	323	79	93	0	15477
28793	317	129	14881	62	0	15389
28794	14658	101	301	85	0	15145
28795	15208	63	80	63	0	15414
28796	367	94	14893	42	0	15396
28797	126	70	14725	36	0	14957
28798	106	74	14632	36	0	14848
28799	13926	53	340	52	0	14371
28800	336	49	14686	27	0	15098
28801	131	14430	327	27	0	14915
28802	14454	274	97	33	0	14858
28803	322	63	14471	20	0	14876
28804	13835	61	331	33	0	14260
28805	340	38	14271	28	0	14677
28806	145	39	14718	25	0	14927
28807	86	14867	363	29	0	15345
28808	75	296	15022	21	0	15414
28809	109	68	14802	19	0	14998
28810	81	12798	377	32	0	13288
28811	14540	290	147	27	0	15004
28812	299	97	14779	10	0	15185
28813	136	55	338	13738	0	14267
28814	79	14717	131	234	0	15161
28815	14921	293	128	91	0	15433
28816	14895	94	127	79	0	15195
28817	348	109	14839	40	0	15336
28818	145	14227	325	48	0	14745
28819	101	14954	149	42	0	15246
28820	105	358	86	14529	0	15078
28821	111	13360	84	263	0	13818
28822	162	347	84	12984	0	13577
28823	151	112	90	14880	0	15233
28824	101	14795	108	315	0	15319
28825	126	350	74	14692	0	15242
28826	116	14724	78	309	0	15227
28827	101	348	14448	130	0	15027
28828	102	158	320	14450	0	15030
28829	96	147	96	14566	0	14905
28830	89	14292	99	382	0	14862
28831	80	14918	71	148	0	15217
28832	91	389	73	14280	0	14833
28833	93	14550	73	347	0	15063
28834	14481	380	111	144	0	15116
28835	355	159	82	14466	0	15062
28836	144	14573	89	344	0	15150
28837	14235	388	86	130	0	14839
28838	359	14133	108	106	0	14706
28839	134	393	14002	112	0	14641
28840	147	153	361	13932	0	14593
28841	14118	134	151	353	0	14756
28842	379	129	14268	133	0	14909
28843	147	151	369	13770	0	14437
28844	169	13985	153	288	0	14595
28845	158	373	13807	98	0	14436
28846	137	14160	401	95	0	14793
28847	13263	370	165	99	0	13897
28848	14050	123	172	62	0	14407
28849	376	13864	184	65	0	14489
28850	13776	341	153	84	0	14354
28851	373	158	13684	70	0	14285
28852	171	126	403	13372	0	14072
28853	152	132	179	13295	0	13758
28854	143	13584	162	305	0	14194
28855	14392	354	135	122	0	15003
28856	14770	180	152	105	0	15207
28857	410	150	14698	61	0	15319
28858	14689	113	368	73	0	15243
28859	15172	109	156	88	0	15525
28860	15180	121	138	88	0	15527
28861	451	130	118	14668	0	15367
28862	220	124	118	14800	0	15262
28863	163	14767	116	317	0	15363
28864	14418	329	108	136	0	14991
28865	14574	126	106	104	0	14910
28866	396	14302	80	118	0	14896
28867	166	381	72	13847	0	14466
28868	128	13743	65	317	0	14253
28869	129	14499	63	134	0	14825
28870	14054	375	96	124	0	14649
28871	360	129	13646	119	0	14254
28872	93	76	11925	39	0	12133
28873	65	11901	151	42	0	12159
28874	10946	122	99	40	0	11207
28875	110	36	10864	27	0	11037
28876	31	9934	91	29	0	10085
28877	10157	81	33	22	0	10293
28878	87	23	9966	12	0	10088
28879	24	28	78	9831	0	9961
28880	10469	14	19	93	0	10595
28881	106	16	10436	18	0	10576
28882	25	12	10852	15	0	10904
28883	29	11	11304	12	0	11356
28884	13	13	11358	13	0	11397
28885	11047	16	117	23	0	11203
28886	12076	14	35	14	0	12139
28887	127	12138	21	21	0	12307
28888	40	128	11	12548	0	12727
28889	27	29	9	12974	0	13039
28890	12	12591	5	173	0	12781
28891	24	170	10	12905	0	13109
28892	10	13217	13	183	0	13423
28893	9	13650	7	54	0	13720
28894	22	215	7	13454	0	13698
28895	13	86	13629	179	0	13907
28896	9	13688	171	60	0	13928
28897	21	200	50	13892	0	14163
28898	14032	60	39	220	0	14351
28899	199	54	13922	61	0	14236
28900	13660	34	195	63	0	13952
28901	14353	17	62	33	0	14465
28902	283	23	47	14545	0	14898
28903	104	19	14950	259	0	15332
28904	66	26	14871	82	0	15045
28905	34	15875	320	59	0	16288
28906	36	301	123	15681	0	16141
28907	22	90	15849	279	0	16240
28908	26	61	15826	89	0	16002
28909	25	16301	342	70	0	16738
28910	16375	292	143	63	0	16873
28911	16803	101	92	37	0	17033
28912	395	72	57	17151	0	17675
28913	160	38	17595	337	0	18130
28914	117	30	17424	128	0	17699
28915	59	18224	426	96	0	18805
28916	40	343	18485	57	0	18925
28917	43	131	18426	40	0	18640
28918	59	110	503	17479	0	18151
28919	30	59	18618	363	0	19070
28920	17974	39	460	141	0	18614
28921	375	36	189	18733	0	19333
28922	155	44	19168	382	0	19749
28923	96	19299	415	155	0	19965
28924	77	367	196	19479	0	20119
28925	52	154	19824	384	0	20414
28926	33	20172	452	158	0	20815
28927	62	414	195	19799	0	20470
28928	51	20651	154	383	0	21239
28929	64	457	113	20750	0	21384
28930	68	170	91	20965	0	21294
28931	35	104	20583	577	0	21299
28932	43	20738	458	247	0	21486
28933	53	422	187	20880	0	21542
28934	50	166	160	21051	0	21427
28935	41	122	123	21389	0	21675
28936	31	83	20671	633	0	21418
28937	33	20496	453	302	0	21284
28938	41	457	198	20733	0	21429
28939	32	169	20684	505	0	21390
28940	34	20583	480	227	0	21324
28941	35	475	211	20730	0	21451
28942	37	206	20803	503	0	21549
28943	35	20782	464	245	0	21526
28944	45	464	203	20682	0	21394
28945	46	202	149	21359	0	21756
28946	30	151	21294	615	0	22090
28947	19989	102	469	346	0	20906
28948	387	21282	232	227	0	22128
28949	21377	472	167	180	0	22196
28950	470	214	21506	165	0	22355
28951	21314	155	483	158	0	22110
28952	501	118	243	21738	0	22600
28953	202	100	169	22369	0	22840
28954	106	113	21867	643	0	22729
28955	20135	109	491	358	0	21093
28956	20762	80	248	253	0	21343
28957	535	20385	186	182	0	21288
28958	230	21240	152	160	0	21782
28959	21129	577	109	148	0	21963
28960	493	268	20973	153	0	21887
28961	218	21670	498	166	0	22552
28962	164	487	238	22160	0	23049
28963	129	216	174	22801	0	23320
28964	106	149	22394	651	0	23300
28965	21624	112	510	332	0	22578
28966	496	106	22648	222	0	23472
28967	22433	100	571	186	0	23290
28968	579	121	23321	130	0	24151
28969	273	23405	570	164	0	24412
28970	23754	464	312	170	0	24700
28971	23940	229	217	149	0	24535
28972	23735	171	161	149	0	24216
28973	24034	144	131	148	0	24457
28974	735	99	135	23524	0	24493
28975	339	102	23390	530	0	24361
28976	238	142	529	22843	0	23752
28977	169	23135	258	559	0	24121
28978	149	463	214	23550	0	24376
28979	129	221	23364	577	0	24291
28980	137	154	23144	258	0	23693
28981	167	143	587	22893	0	23790
28982	22523	87	341	529	0	23480
28983	21930	89	220	265	0	22504
28984	22328	83	156	214	0	22781
28985	674	89	22058	157	0	22978
28986	326	95	21629	139	0	22189
28987	238	21344	531	129	0	22242
28988	157	21967	247	155	0	22526
28989	21179	469	285	153	0	22086
28990	21434	196	164	153	0	21947
28991	494	21811	135	151	0	22591
28992	21455	360	99	143	0	22057
28993	21531	164	106	160	0	21961
28994	491	21531	118	119	0	22259
28995	21756	361	117	138	0	22372
28996	21565	165	117	126	0	21973
28997	503	21726	104	112	0	22445
28998	21804	353	106	115	0	22378
28999	21892	160	106	119	0	22277
29000	524	129	21670	89	0	22412
29001	294	86	21185	99	0	21664
29002	176	20847	359	84	0	21466
29003	144	21310	180	80	0	21714
29004	20970	364	270	98	0	21702
29005	20230	142	123	78	0	20573
29006	19886	95	69	67	0	20117
29007	385	19873	67	62	0	20387
29008	210	229	51	19742	0	20232
29009	159	119	19883	210	0	20371
29010	155	206	225	19199	0	19785
29011	117	19881	122	230	0	20350
29012	19516	179	66	90	0	19851
29013	223	19171	56	57	0	19507
29014	132	207	35	19114	0	19488
29015	19993	79	42	213	0	20327
29016	19827	62	45	95	0	20029
29017	303	63	19576	45	0	19987
29018	19893	53	198	56	0	20200
29019	21012	47	83	66	0	21208
29020	21238	39	73	53	0	21403
29021	357	56	42	20491	0	20946
29022	157	20504	35	226	0	20922
29023	134	246	31	20897	0	21308
29024	110	90	21141	243	0	21584
29025	94	21160	249	90	0	21593
29026	88	237	77	20871	0	21273
29027	74	88	20891	214	0	21267
29028	72	20811	216	74	0	21173
29029	98	252	75	20096	0	20521
29030	88	84	20695	218	0	21085
29031	18934	48	233	146	0	19361
29032	273	59	21018	42	0	21392
29033	119	55	20847	47	0	21068
29034	101	21322	258	43	0	21724
29035	113	248	90	21400	0	21851
29036	110	93	57	20949	0	21209
29037	88	20663	60	260	0	21071
29038	85	254	50	21800	0	22189
29039	22144	101	50	294	0	22589
29040	22250	62	46	123	0	22481
29041	334	84	20585	65	0	21068
29042	21792	53	202	85	0	22132
29043	22342	59	76	79	0	22556
29044	358	63	22335	41	0	22797
29045	151	22212	257	46	0	22666
29046	94	22457	108	46	0	22705
29047	139	329	52	20523	0	21043
29048	88	22128	53	211	0	22480
29049	114	277	19722	93	0	20206
29050	109	101	21086	59	0	21355
29051	86	21983	290	51	0	22410
29052	21872	280	114	79	0	22345
29053	22409	117	65	69	0	22660
29054	22568	90	45	90	0	22793
29055	22601	67	46	73	0	22787
29056	21226	69	41	85	0	21421
29057	350	22034	49	50	0	22483
29058	163	278	21849	33	0	22323
29059	155	95	255	21725	0	22230
29060	21528	67	98	274	0	21967
29061	305	21079	64	108	0	21556
29062	146	291	44	20723	0	21204
29063	92	110	20785	255	0	21242
29064	80	19997	262	105	0	20444
29065	60	20826	97	54	0	21037
29066	20079	380	113	127	0	20699
29067	248	20023	40	58	0	20369
29068	130	255	40	19406	0	19831
29069	19464	84	40	243	0	19831
29070	19406	46	35	81	0	19568
29071	19500	47	37	57	0	19641
29072	324	52	19212	24	0	19612
29073	122	19347	223	35	0	19727
29074	19799	235	71	59	0	20164
29075	278	96	30	19727	0	20131
29076	19989	69	34	265	0	20357
29077	268	19935	39	103	0	20345
29078	20994	265	32	82	0	21373
29079	22377	98	39	64	0	22578
29080	434	66	30	22048	0	22578
29081	184	61	22772	327	0	23344
29082	174	49	329	23074	0	23626
29083	23199	44	118	382	0	23743
29084	23446	58	71	153	0	23728
29085	496	23007	60	80	0	23643
29086	22583	339	49	87	0	23058
29087	415	22740	55	85	0	23295
29088	22863	373	36	95	0	23367
29089	22236	132	42	115	0	22525
29090	463	100	22560	65	0	23188
29091	171	22453	326	85	0	23035
29092	164	382	131	22677	0	23354
29093	131	143	74	23073	0	23421
29094	130	88	63	22437	0	22718
29095	100	22553	66	465	0	23184
29096	83	366	22537	172	0	23158
29097	90	141	22711	96	0	23038
29098	82	26181	433	101	0	26797
29099	26278	491	144	96	0	27009
29100	519	183	26216	67	0	26985
29101	25509	130	502	107	0	26248
29102	553	25879	207	68	0	26707
29103	217	510	26152	63	0	26942
29104	208	204	499	25913	0	26824
29105	137	134	26527	498	0	27296
29106	123	96	27051	185	0	27455
29107	200	90	618	24901	0	25809
29108	150	25924	229	467	0	26770
29109	120	27016	139	152	0	27427
29110	26803	584	111	108	0	27606
29111	539	242	26561	82	0	27424
29112	26461	136	520	108	0	27225
29113	26703	105	200	89	0	27097
29114	614	26785	111	66	0	27576
29115	25804	482	69	59	0	26414
29116	25999	202	59	44	0	26304
29117	25098	112	49	56	0	25315
29118	658	24342	54	47	0	25101
29119	268	22647	75	48	0	23038
29120	168	24068	47	57	0	24340
29121	23950	541	172	43	0	24706
29122	23894	201	97	67	0	24259
29123	592	115	22145	47	0	22899
29124	253	106	22407	32	0	22798
29125	22940	75	459	43	0	23517
29126	23470	56	180	72	0	23778
29127	23707	55	114	61	0	23937
29128	604	50	93	23017	0	23764
29129	304	56	55	23436	0	23851
29130	212	54	40	23702	0	24008
29131	157	71	44	23842	0	24114
29132	137	75	21713	531	0	22456
29133	131	67	22406	216	0	22820
29134	147	52	22474	116	0	22789
29135	135	48	22316	82	0	22581
29136	22286	59	502	71	0	22918
29137	427	22392	213	66	0	23098
29138	212	23136	124	65	0	23537
29139	22853	458	88	64	0	23463
29140	453	209	22785	59	0	23506
29141	225	146	22174	64	0	22609
29142	22190	108	518	98	0	22914
29143	22860	69	228	86	0	23243
29144	525	22652	131	81	0	23389
29145	301	365	115	22628	0	23409
29146	23065	156	110	360	0	23691
29147	23491	112	91	157	0	23851
29148	603	101	78	23112	0	23894
29149	297	23797	72	350	0	24516
29150	24034	396	67	199	0	24696
29151	473	189	23617	123	0	24402
29152	23246	122	412	117	0	23897
29153	458	23590	192	81	0	24321
29154	23848	397	148	110	0	24503
29155	23221	179	122	111	0	23633
29156	536	122	23872	62	0	24592
29157	261	116	23312	61	0	23750
29158	23480	88	540	60	0	24168
29159	24031	102	246	67	0	24446
29160	549	24194	134	61	0	24938
29161	311	393	107	24301	0	25112
29162	201	172	24240	362	0	24975
29163	24000	133	436	150	0	24719
29164	496	126	193	24365	0	25180
29165	298	84	137	24716	0	25235
29166	24482	101	116	504	0	25203
29167	474	25059	111	252	0	25896
29168	25365	412	126	155	0	26058
29169	25541	170	98	111	0	25920
29170	25781	129	97	103	0	26110
29171	621	25342	110	87	0	26160
29172	25526	416	78	88	0	26108
29173	591	182	106	25312	0	26191
29174	362	143	83	25392	0	25980
29175	300	115	24989	521	0	25925
29176	259	106	24333	217	0	24915
29177	224	24403	483	143	0	25253
29178	183	24428	193	92	0	24896
29179	161	397	23129	55	0	23742
29180	148	23323	337	65	0	23873
29181	23289	433	187	118	0	24027
29182	23505	170	68	55	0	23798
29183	23730	84	51	72	0	23937
29184	517	85	65	22750	0	23417
29185	249	75	51	23297	0	23672
29186	141	62	23340	424	0	23967
29187	102	23151	311	191	0	23755
29188	23179	341	122	126	0	23768
29189	389	23246	91	62	0	23788
29190	23395	360	61	46	0	23862
29191	23429	145	50	70	0	23694
29192	517	84	49	22830	0	23480
29193	267	64	49	23014	0	23394
29194	178	69	61	23500	0	23808
29195	152	73	22476	466	0	23167
29196	117	21736	306	255	0	22414
29197	103	21738	140	147	0	22128
29198	58	18368	24	47	0	18497
29199	39	18273	34	53	0	18399
29200	43	18508	38	53	0	18642
29201	17623	195	71	46	0	17935
29202	195	93	17723	28	0	18039
29203	78	17729	158	46	0	18011
29204	71	160	17204	26	0	17461
29205	52	17759	144	38	0	17993
29206	165	231	112	12765	0	13273
29207	74	70	22	17036	0	17202
29208	46	17286	32	166	0	17530
29209	17143	161	26	92	0	17422
29210	168	84	16966	34	0	17252
29211	81	17045	142	42	0	17310
29212	60	176	16795	28	0	17059
29213	66	81	133	16748	0	17028
29214	62	58	67	15927	0	16114
29215	56	16663	30	154	0	16903
29216	66	163	27	16950	0	17206
29217	51	78	34	16989	0	17152
29218	50	16853	42	198	0	17143
29219	41	159	16795	69	0	17064
29220	54	82	16533	56	0	16725
29221	16157	57	190	63	0	16467
29222	17098	67	63	45	0	17273
29223	209	55	38	16603	0	16905
29224	91	58	16454	151	0	16754
29225	67	52	153	16010	0	16282
29226	54	16616	71	173	0	16914
29227	46	165	16599	90	0	16900
29228	35	16415	147	58	0	16655
29229	43	178	16370	52	0	16643
29230	28	16480	160	59	0	16727
29231	16377	184	78	53	0	16692
29232	169	107	46	16266	0	16588
29233	97	64	38	16118	0	16317
29234	63	59	16120	201	0	16443
29235	70	51	15405	100	0	15626
29236	47	16019	185	72	0	16323
29237	16071	169	83	89	0	16412
29238	168	84	54	15869	0	16175
29239	63	70	16152	173	0	16458
29240	43	76	15530	81	0	15730
29241	14749	60	193	71	0	15073
29242	15435	57	73	67	0	15632
29243	189	63	15571	39	0	15862
29244	94	115	161	14948	0	15318
29245	54	15256	70	161	0	15541
29246	15413	155	45	89	0	15702
29247	147	15276	60	63	0	15546
29248	14785	137	44	56	0	15022
29249	134	14738	35	45	0	14952
29250	80	14976	31	48	0	15135
29251	58	164	30	14946	0	15198
29252	44	78	34	15032	0	15188
29253	33	14963	38	227	0	15261
29254	37	144	14720	68	0	14969
29255	47	61	14450	37	0	14595
29256	32	62	14439	45	0	14578
29257	14091	40	166	59	0	14356
29258	14644	44	71	65	0	14824
29259	161	15492	49	58	0	15760
29260	66	182	15371	33	0	15652
29261	52	107	164	15435	0	15758
29262	32	56	16364	187	0	16639
29263	28	56	16770	83	0	16937
29264	55	49	272	17893	0	18269
29265	70	61	101	19015	0	19247
29266	36	41	19960	399	0	20436
29267	19100	35	304	254	0	19693
29268	312	20420	180	107	0	21019
29269	181	21548	95	56	0	21880
29270	123	488	46	20934	0	21591
29271	21785	258	47	314	0	22404
29272	362	22252	53	218	0	22885
29273	22328	404	45	130	0	22907
29274	436	22536	40	78	0	23090
29275	23260	463	32	97	0	23852
29276	518	258	23065	50	0	23891
29277	277	152	23402	61	0	23892
29278	220	188	561	22729	0	23698
29279	86	106	23082	407	0	23681
29280	98	21605	487	240	0	22430
29281	83	21839	286	106	0	22314
29282	22072	598	162	81	0	22913
29283	478	325	98	21355	0	22256
29284	242	22286	89	391	0	23008
29285	22539	458	80	226	0	23303
29286	22203	281	87	112	0	22683
29287	22942	158	69	93	0	23262
29288	766	106	69	22348	0	23289
29289	430	93	72	22761	0	23356
29290	210	97	22494	642	0	23443
29291	156	95	22391	315	0	22957
29292	22162	66	613	201	0	23042
29293	552	84	313	22092	0	23041
29294	315	82	22174	489	0	23060
29295	21846	71	475	300	0	22692
29296	532	22672	300	172	0	23676
29297	22961	432	178	133	0	23704
29298	23252	258	106	153	0	23769
29299	23391	144	111	131	0	23777
29300	816	79	22528	106	0	23529
29301	22669	73	484	89	0	23315
29302	722	68	268	21643	0	22701
29303	404	21135	178	458	0	22175
29304	298	22725	125	248	0	23396
29305	22532	605	121	165	0	23423
29306	22751	307	102	112	0	23272
29307	23063	145	76	132	0	23416
29308	908	114	75	22074	0	23171
29309	530	88	83	22418	0	23119
29310	364	103	88	21710	0	22265
29311	267	22081	69	731	0	23148
29312	22019	471	78	384	0	22952
29313	22368	306	70	238	0	22982
29314	22810	192	63	187	0	23252
29315	886	129	22143	170	0	23328
29316	22704	133	472	142	0	23451
29317	804	129	243	21423	0	22599
29318	477	22073	146	494	0	23190
29319	22195	502	87	316	0	23100
29320	22191	280	167	221	0	22859
29321	873	176	22141	133	0	23323
29322	551	125	492	21528	0	22696
29323	337	22343	280	527	0	23487
29324	23023	511	173	339	0	24046
29325	741	307	120	22918	0	24086
29326	494	190	126	22968	0	23778
29327	361	136	108	23465	0	24070
29328	298	149	91	24100	0	24638
29329	272	136	23334	916	0	24658
29330	255	23384	542	494	0	24675
29331	278	567	294	23518	0	24657
29332	249	321	23674	700	0	24944
29333	23497	228	569	443	0	24737
29334	24264	149	316	304	0	25033
29335	912	137	204	24024	0	25277
29336	24250	128	170	729	0	25277
29337	24662	134	149	465	0	25410
29338	962	147	24071	307	0	25487
29339	575	24025	604	234	0	25438
29340	24328	587	324	246	0	25485
29341	821	314	221	24165	0	25521
29342	24749	192	177	685	0	25803
29343	879	119	171	24512	0	25681
29344	530	155	141	24940	0	25766
29345	415	135	24008	912	0	25470
29346	22937	114	578	562	0	24191
29347	801	24253	327	338	0	25719
29348	483	594	24020	282	0	25379
29349	388	24135	573	270	0	25366
29350	23881	670	346	224	0	25121
29351	827	356	198	23673	0	25054
29352	23686	201	157	690	0	24734
29353	794	23402	141	479	0	24816
29354	23911	611	135	331	0	24988
29355	24214	316	134	272	0	24936
29356	24360	217	130	239	0	24946
29357	24088	160	119	236	0	24603
29358	1050	23424	131	226	0	24831
29359	23156	553	123	179	0	24011
29360	908	318	118	22530	0	23874
29361	614	277	89	22105	0	23085
29362	472	20379	100	730	0	21681
29363	366	20284	91	411	0	21152
29364	338	19739	69	199	0	20345
29365	18420	559	115	205	0	19299
29366	522	17255	62	147	0	17986
29367	307	16171	69	105	0	16652
29368	15785	398	256	130	0	16569
29369	15331	161	70	121	0	15683
29370	452	15271	44	126	0	15893
29371	14832	292	42	103	0	15269
29372	401	132	14330	74	0	14937
29373	13978	93	236	87	0	14394
29374	375	100	13969	85	0	14529
29375	165	12668	197	72	0	13102
29376	133	12898	83	67	0	13181
29377	412	343	125	12107	0	12987
29378	12390	73	67	208	0	12738
29379	12558	60	21	92	0	12731
29380	12721	61	27	74	0	12883
29381	12727	50	37	67	0	12881
29382	12500	50	26	68	0	12644
29383	243	63	12036	62	0	12404
29384	121	74	11538	53	0	11786
29385	11942	70	145	61	0	12218
29386	221	12174	49	63	0	12507
29387	11897	158	52	70	0	12177
29388	12211	69	32	58	0	12370
29389	12537	51	22	68	0	12678
29390	12524	43	25	69	0	12661
29391	12514	62	35	73	0	12684
29392	222	56	12358	45	0	12681
29393	12684	54	141	59	0	12938
29394	12871	47	47	81	0	13046
29395	228	62	11813	68	0	12171
29396	11961	63	91	79	0	12194
29397	12680	66	41	53	0	12840
29398	241	54	12969	46	0	13310
29399	147	56	12800	40	0	13043
29400	120	13155	165	30	0	13470
29401	127	182	64	13180	0	13553
29402	131	66	13343	131	0	13671
29403	13514	52	133	74	0	13773
29404	230	50	50	14139	0	14469
29405	121	53	14498	145	0	14817
29406	14371	58	155	67	0	14651
29407	14809	59	45	55	0	14968
29408	14875	54	41	60	0	15030
29409	256	15068	30	49	0	15403
29410	140	182	29	14796	0	15147
29411	124	15139	28	152	0	15443
29412	15254	179	37	82	0	15552
29413	15130	60	52	70	0	15312
29414	237	61	15028	27	0	15353
29415	117	14462	130	29	0	14738
29416	89	14635	53	21	0	14798
29417	116	164	36	14513	0	14829
29418	103	67	26	14656	0	14852
29419	14605	43	20	152	0	14820
29420	209	14396	24	42	0	14671
29421	119	14336	10	40	0	14505
29422	126	162	14222	15	0	14525
29423	95	14514	115	20	0	14744
29424	14348	133	54	40	0	14575
29425	187	56	14164	24	0	14431
29426	12989	28	119	31	0	13167
29427	151	26	13658	18	0	13853
29428	12223	16	90	41	0	12370
29429	111	13708	25	21	0	13865
29430	14048	120	19	21	0	14208
29431	146	27	14439	13	0	14625
29432	14355	31	141	31	0	14558
29433	14507	14	30	29	0	14580
29434	165	23	14957	12	0	15157
29435	14804	12	115	36	0	14967
29436	15434	16	39	24	0	15513
29437	15211	20	18	25	0	15274
29438	165	15002	18	19	0	15204
29439	15362	127	16	24	0	15529
29440	177	43	15407	6	0	15633
29441	52	16443	106	29	0	16630
29442	16759	160	50	29	0	16998
29443	16702	35	33	34	0	16804
29444	16919	25	15	31	0	16990
29445	241	16852	12	16	0	17121
29446	91	177	10	18476	0	18754
29447	63	41	18509	216	0	18829
29448	50	35	244	18432	0	18761
29449	45	31	18849	265	0	19190
29450	18181	18	268	99	0	18566
29451	274	19101	69	42	0	19486
29452	121	254	40	18979	0	19394
29453	70	19427	34	239	0	19770
29454	67	288	18	19576	0	19949
29455	58	111	23	19718	0	19910
29456	54	20081	29	347	0	20511
29457	83	320	18	20319	0	20740
29458	84	99	21	21093	0	21297
29459	42	21014	25	396	0	21477
29460	44	21741	18	135	0	21938
29461	61	399	39	21550	0	22049
29462	38	142	21488	354	0	22022
29463	48	21737	335	130	0	22250
29464	83	363	102	21736	0	22284
29465	51	140	22267	369	0	22827
29466	41	22480	361	151	0	23033
29467	22385	402	112	115	0	23014
29468	394	148	22337	72	0	22951
29469	22199	105	384	90	0	22778
29470	454	87	118	22295	0	22954
29471	175	60	78	22533	0	22846
29472	120	81	46	22620	0	22867
29473	81	81	22161	542	0	22865
29474	62	77	21799	203	0	22141
29475	21537	68	457	160	0	22222
29476	411	71	170	22180	0	22832
29477	160	76	22285	438	0	22959
29478	22097	74	389	189	0	22749
29479	444	68	144	22412	0	23068
29480	190	76	102	22543	0	22911
29481	147	68	65	22389	0	22669
29482	81	22471	71	551	0	23174
29483	110	402	78	21935	0	22525
29484	84	21927	64	450	0	22525
29485	73	22772	55	207	0	23107
29486	22524	488	65	175	0	23252
29487	20704	211	83	164	0	21162
29488	22500	114	69	137	0	22820
29489	503	21994	59	159	0	22715
29490	21936	412	60	149	0	22557
29491	22220	173	76	127	0	22596
29492	548	89	66	21728	0	22431
29493	224	91	69	21920	0	22304
29494	129	92	21351	553	0	22125
29495	91	21672	398	259	0	22420
29496	21354	417	157	172	0	22100
29497	21514	172	87	150	0	21923
29498	486	21272	63	141	0	21962
29499	21227	441	71	147	0	21886
29500	21359	179	46	154	0	21738
29501	540	108	61	20859	0	21568
29502	218	20345	75	449	0	21087
29503	169	21041	55	202	0	21467
29504	20693	472	74	163	0	21402
29505	471	211	60	20344	0	21086
29506	209	122	20164	462	0	20957
29507	19591	101	367	274	0	20333
29508	434	96	20607	159	0	21296
29509	201	20258	378	137	0	20974
29510	20182	400	164	180	0	20926
29511	442	160	20218	155	0	20975
29512	202	176	394	20424	0	21196
29513	159	120	20914	461	0	21654
29514	135	21082	397	216	0	21830
29515	134	424	143	21192	0	21893
29516	115	211	20985	460	0	21771
29517	19791	145	384	258	0	20578
29518	418	21306	144	190	0	22058
29519	216	411	104	20718	0	21449
29520	132	21568	108	397	0	22205
29521	21344	446	87	201	0	22078
29522	21307	208	71	202	0	21788
29523	474	21289	96	164	0	22023
29524	251	436	83	20871	0	21641
29525	165	21400	88	419	0	22072
29526	21182	427	115	223	0	21947
29527	438	221	21024	153	0	21836
29528	235	166	20583	146	0	21130
29529	153	20610	430	133	0	21326
29530	159	21073	185	128	0	21545
29531	145	433	137	20581	0	21296
29532	20415	218	96	395	0	21124
29533	20519	131	89	222	0	20961
29534	20011	110	76	166	0	20363
29535	489	20485	85	157	0	21216
29536	248	343	84	20065	0	20740
29537	167	20525	78	340	0	21110
29538	20542	360	96	202	0	21200
29539	439	168	57	20277	0	20941
29540	214	94	19678	360	0	20346
29541	126	19315	300	182	0	19923
29542	18937	290	129	127	0	19483
29543	315	170	18815	99	0	19399
29544	18335	109	258	133	0	18835
29545	337	18497	114	116	0	19064
29546	120	17336	43	70	0	17569
29547	17082	238	53	57	0	17430
29548	211	17454	23	49	0	17737
29549	17161	203	38	46	0	17448
29550	205	17253	28	50	0	17536
29551	17342	177	48	61	0	17628
29552	17336	95	34	49	0	17514
29553	250	64	17636	24	0	17974
29554	110	63	16897	23	0	17093
29555	71	17363	145	51	0	17630
29556	17187	129	130	41	0	17487
29557	144	61	16851	22	0	17078
29558	16127	51	120	39	0	16337
29559	111	61	59	16090	0	16321
29560	51	33	16310	62	0	16456
29561	38	27	15273	35	0	15373
29562	56	20	16327	23	0	16426
29563	26	16663	84	14	0	16787
29564	130	178	119	16281	0	16708
29565	16118	17	19	42	0	16196
29566	37	10	6	16327	0	16380
29567	16589	5	9	46	0	16649
29568	53	3	9	16615	0	16680
29569	16841	6	4	74	0	16925
29570	16646	12	8	73	0	16739
29571	18394	4	6	32	0	18436
29572	105	18677	9	13	0	18804
29573	49	103	18843	4	0	18999
29574	30	36	100	18907	0	19073
29575	417	143	246	9472	0	10278
29576	22	13	15	19505	0	19555
29577	36	10	8	19232	0	19286
29578	16	18601	7	183	0	18807
29579	13	132	18569	60	0	18774
29580	18	18872	134	37	0	19061
29581	57	163	40	17711	0	17971
29582	25	67	22	19187	0	19301
29583	31	21	13	19265	0	19330
29584	27	26	7	19191	0	19251
29585	16	18619	25	200	0	18860
29586	16	18838	22	71	0	18947
29587	14	182	18638	49	0	18883
29588	29	63	141	18699	0	18932
29589	21	43	47	18908	0	19019
29590	26	26	24	19381	0	19457
29591	19474	28	15	248	0	19765
29592	164	19403	12	82	0	19661
29593	63	172	19345	49	0	19629
29594	19326	57	162	50	0	19595
29595	176	36	47	19476	0	19735
29596	19730	29	28	216	0	20003
29597	214	30	19	19812	0	20075
29598	19936	34	14	220	0	20204
29599	210	29	22	19923	0	20184
29600	19838	20	22	224	0	20104
29601	212	25	20197	86	0	20520
29602	104	22	159	20102	0	20387
29603	59	20705	54	188	0	21006
29604	59	195	38	21124	0	21416
29605	21032	73	30	250	0	21385
29606	219	20850	24	104	0	21197
29607	96	226	19	21818	0	22159
29608	53	21569	23	261	0	21906
29609	60	265	22	21929	0	22276
29610	51	100	20	22083	0	22254
29611	54	59	21652	328	0	22093
29612	69	43	243	21222	0	21577
29613	37	31	20887	312	0	21267
29614	32	20513	269	147	0	20961
29615	20605	251	80	113	0	21049
29616	261	88	20655	82	0	21086
29617	20127	57	268	84	0	20536
29618	21132	46	88	90	0	21356
29619	352	34	62	21449	0	21897
29620	121	42	22084	304	0	22551
29621	21640	29	289	176	0	22134
29622	23230	27	113	124	0	23494
29623	423	36	59	22720	0	23238
29624	186	28	44	22956	0	23214
29625	90	22850	45	441	0	23426
29626	86	322	42	22849	0	23299
29627	61	22937	43	381	0	23422
29628	62	348	22825	168	0	23403
29629	59	142	298	22527	0	23026
29630	22221	62	100	396	0	22779
29631	22589	35	53	169	0	22846
29632	386	22479	35	110	0	23010
29633	169	318	36	23119	0	23642
29634	23313	112	37	367	0	23829
29635	348	22660	26	185	0	23219
29636	22954	348	16	130	0	23448
29637	419	131	26	23836	0	24412
29638	24765	91	38	444	0	25338
29639	460	61	26086	171	0	26778
29640	181	26058	428	149	0	26816
29641	26161	474	147	114	0	26896
29642	474	26843	85	121	0	27523
29643	27286	536	42	125	0	27989
29644	27970	185	34	123	0	28312
29645	678	123	27680	79	0	28560
29646	316	96	485	27514	0	28411
29647	28214	62	165	564	0	29005
29648	591	76	27863	192	0	28722
29649	27886	65	519	151	0	28621
29650	675	53	159	27862	0	28749
29651	243	70	27663	561	0	28537
29652	226	55	535	27462	0	28278
29653	26930	59	184	646	0	27819
29654	656	69	27014	229	0	27968
29655	300	51	531	27100	0	27982
29656	225	49	187	27438	0	27899
29657	27327	37	143	743	0	28250
29658	27327	50	94	329	0	27800
29659	715	27171	103	204	0	28193
29660	372	531	85	27028	0	28016
29661	265	185	86	27298	0	27834
29662	234	119	92	27018	0	27463
29663	26386	89	98	805	0	27378
29664	26765	73	78	365	0	27281
29665	828	85	85	26121	0	27119
29666	382	25587	99	636	0	26704
29667	311	537	81	25084	0	26013
29668	227	25718	88	636	0	26669
29669	25338	555	96	351	0	26340
29670	671	24939	100	257	0	25967
29671	23714	512	100	206	0	24532
29672	685	196	111	23300	0	24292
29673	23092	132	96	600	0	23920
29674	678	94	22607	299	0	23678
29675	325	22970	474	252	0	24021
29676	22911	493	249	235	0	23888
29677	23204	187	148	224	0	23763
29678	704	151	120	22399	0	23374
29679	371	22445	106	555	0	23477
29680	323	463	94	23270	0	24150
29681	271	168	106	23489	0	24034
29682	260	125	104	23556	0	24045
29683	23230	92	74	771	0	24167
29684	23547	91	79	421	0	24138
29685	733	103	80	22943	0	23859
29686	345	22882	55	663	0	23945
29687	23333	468	64	369	0	24234
29688	630	201	22916	321	0	24068
29689	388	183	400	23255	0	24226
29690	298	141	23028	614	0	24081
29691	270	122	455	22988	0	23835
29692	256	137	22789	683	0	23865
29693	250	151	474	22888	0	23763
29694	22845	148	171	672	0	23836
29695	22921	137	108	347	0	23513
29696	712	22312	94	285	0	23403
29697	22755	487	79	275	0	23596
29698	684	225	94	22502	0	23505
29699	379	177	91	22962	0	23609
29700	22748	155	105	710	0	23718
29701	675	129	21844	401	0	23049
29702	385	157	21580	290	0	22412
29703	365	139	20906	257	0	21667
29704	20945	126	494	274	0	21839
29705	622	142	21325	250	0	22339
29706	382	130	20499	270	0	21281
29707	19696	129	505	287	0	20617
29708	578	20091	255	265	0	21189
29709	341	388	181	20385	0	21295
29710	303	184	152	20876	0	21515
29711	260	152	20574	613	0	21599
29712	20248	99	499	407	0	21253
29713	20576	86	237	332	0	21231
29714	19346	103	207	330	0	19986
29715	653	86	20412	267	0	21418
29716	20024	86	442	317	0	20869
29717	591	104	19418	291	0	20404
29718	338	19287	424	283	0	20332
29719	296	19517	222	274	0	20309
29720	18536	373	169	248	0	19326
29721	493	18065	141	240	0	18939
29722	292	18175	145	219	0	18831
29723	17992	384	180	220	0	18776
29724	475	18042	165	220	0	18902
29725	18039	361	147	231	0	18778
29726	523	170	149	18364	0	19206
29727	306	144	159	18711	0	19320
29728	293	128	149	18793	0	19363
29729	225	134	159	18477	0	18995
29730	226	18381	150	529	0	19286
29731	18796	343	150	282	0	19571
29732	487	19785	166	207	0	20645
29733	316	20154	140	291	0	20901
29734	308	504	20640	192	0	21644
29735	20070	189	514	228	0	21001
29736	662	137	21345	155	0	22299
29737	330	90	21336	135	0	21891
29738	182	20295	573	128	0	21178
29739	100	20256	164	73	0	20593
29740	20494	504	199	101	0	21298
29741	456	21499	87	81	0	22123
29742	223	476	21186	53	0	21938
29743	133	20631	451	59	0	21274
29744	100	476	20822	44	0	21442
29745	74	180	20277	34	0	20565
29746	19563	135	579	47	0	20324
29747	430	82	20021	22	0	20555
29748	216	65	492	19369	0	20142
29749	19174	45	246	407	0	19872
29750	418	19028	141	183	0	19770
29751	190	378	19232	87	0	19887
29752	19060	177	438	87	0	19762
29753	465	96	180	18344	0	19085
29754	199	18079	111	371	0	18760
29755	111	368	18701	155	0	19335
29756	18490	156	423	119	0	19188
29757	447	95	18723	52	0	19317
29758	217	51	471	18551	0	19290
29759	122	63	18467	402	0	19054
29760	131	36	486	18454	0	19107
29761	18192	39	220	498	0	18949
29762	401	18571	143	219	0	19334
29763	18848	394	93	146	0	19481
29764	477	181	18735	82	0	19475
29765	256	101	439	18974	0	19770
29766	146	67	19246	431	0	19890
29767	18952	62	489	200	0	19703
29768	19374	46	236	126	0	19782
29769	562	19290	172	91	0	20115
29770	19532	426	111	86	0	20155
29771	19814	174	99	59	0	20146
29772	661	103	89	19265	0	20118
29773	317	80	19184	424	0	20005
29774	185	18619	437	190	0	19431
29775	170	438	179	18822	0	19609
29776	18923	193	114	461	0	19691
29777	480	133	18732	184	0	19529
29778	225	94	18754	106	0	19179
29779	162	91	18370	95	0	18718
29780	18031	79	649	84	0	18843
29781	503	84	18298	45	0	18930
29782	17962	77	589	52	0	18680
29783	554	81	16498	49	0	17182
29784	272	17652	506	43	0	18473
29785	207	436	261	17432	0	18336
29786	143	181	17602	426	0	18352
29787	111	16864	545	192	0	17712
29788	106	17514	251	125	0	17996
29789	144	592	171	17141	0	18048
29790	17118	285	126	458	0	17987
29791	478	173	152	17221	0	18024
29792	17024	148	123	516	0	17811
29793	547	118	125	16999	0	17789
29794	269	102	16845	518	0	17734
29795	214	82	16966	250	0	17512
29796	16529	59	640	191	0	17419
29797	16832	78	331	149	0	17390
29798	643	68	16492	135	0	17338
29799	16273	81	576	117	0	17047
29800	615	102	16328	87	0	17132
29801	345	15500	570	66	0	16481
29802	242	15651	301	87	0	16281
29803	213	15857	226	85	0	16381
29804	210	607	188	15414	0	16419
29805	15387	284	195	451	0	16317
29806	15706	181	167	215	0	16269
29807	689	144	137	15346	0	16316
29808	342	148	14862	472	0	15824
29809	246	104	502	14893	0	15745
29810	257	75	14835	523	0	15690
29811	187	90	570	14686	0	15533
29812	14503	68	332	582	0	15485
29813	14832	59	245	285	0	15421
29814	14862	72	197	221	0	15352
29815	14904	79	195	166	0	15344
29816	758	77	174	14260	0	15269
29817	438	54	148	14628	0	15268
29818	14413	63	150	604	0	15230
29819	14731	64	125	310	0	15230
29820	763	64	136	14253	0	15216
29821	388	61	126	14533	0	15108
29822	302	68	102	14409	0	14881
29823	227	95	117	14495	0	14934
29824	13913	79	113	747	0	14852
29825	530	69	13610	409	0	14618
29826	310	61	469	13248	0	14088
29827	13021	64	241	562	0	13888
29828	564	60	12794	313	0	13731
29829	360	65	476	12799	0	13700
29830	245	55	12750	520	0	13570
29831	227	11930	515	292	0	12964
29832	254	308	290	10453	0	11305
29833	9659	130	195	361	0	10345
29834	360	208	153	8644	0	9365
29835	230	8230	143	351	0	8954
29836	201	7660	103	201	0	8165
29837	139	6249	77	139	0	6604
29838	133	5908	110	85	0	6236
29839	3621	411	389	306	0	4727
29840	200	125	127	2644	0	3096
29841	35	12	2225	62	0	2334
29842	27	9	53	2044	0	2133
29843	42	6	2010	55	0	2113
29844	2014	5	48	27	0	2094
29845	68	7	26	1994	0	2095
29846	38	6	14	2030	0	2088
29847	27	6	17	2028	0	2078
29848	20	9	10	2031	0	2070
29849	1979	14	10	68	0	2071
29850	2011	13	8	30	0	2062
29851	55	9	9	1972	0	2045
29852	1920	11	8	71	0	2010
29853	57	10	1883	35	0	1985
29854	21	1845	45	43	0	1954
29855	31	39	15	1859	0	1944
29856	21	7	29	1822	0	1879
29857	18	1793	15	67	0	1893
29858	32	34	17	1749	0	1832
29859	17	45	21	1719	0	1802
29860	1691	3	18	74	0	1786
29861	50	7	1588	25	0	1670
29862	19	10	1417	14	0	1460
29863	1350	5	40	24	0	1419
29864	51	4	1254	15	0	1324
29865	729	3	43	5	0	780
29866	573	1	14	10	0	598
29867	22	13	2	462	0	499
29868	5	1	353	6	0	365
29869	280	8	9	5	0	302
29870	5	276	2	5	0	288
29871	187	16	22	4	0	229
29872	134	7	17	13	0	171
29873	101	1	2	0	0	104
29874	136	0	1	0	0	137
29875	123	1	0	1	0	125
29876	124	0	0	0	0	124
29877	126	0	1	0	0	127
29878	132	0	0	1	0	133
29879	128	0	1	0	0	129
29880	128	1	0	0	0	129
29881	123	0	0	1	0	124
29882	124	0	0	0	0	124
29883	126	0	0	1	0	127
29884	120	0	0	0	0	120
29885	116	0	0	0	0	116
29886	128	1	0	0	0	129
29887	122	1	0	0	0	123
29888	120	0	0	0	0	120
29889	118	0	0	1	0	119
29890	122	0	1	0	0	123
29891	120	0	0	1	0	121
29892	131	0	1	0	0	132
29893	122	0	0	0	0	122
29894	118	0	0	1	0	119
29895	127	0	0	1	0	128
29896	127	0	0	1	0	128
29897	121	0	0	1	0	122
29898	116	0	0	0	0	116
29899	123	0	1	0	0	124
29900	124	0	0	1	0	125
29901	114	0	0	0	0	114
29902	104	0	3	0	0	107
29903	78	0	17	0	0	95
29904	0	0	0	0	0	0
29905	0	0	0	1	0	1
29906	0	1	0	0	0	1
29907	0	0	0	1	0	1
29908	0	0	0	1	0	1
29909	1	0	0	0	0	1
29910	0	0	1	0	0	1
29911	0	0	1	0	0	1
29912	1	0	0	0	0	1
29913	0	0	1	0	0	1
