Pos	A	C	G	T	Other	Total
1	0	0	0	0	0	0
2	0	0	0	0	0	0
3	0	0	0	0	0	0
4	0	0	0	0	0	0
5	0	0	0	0	0	0
6	0	0	0	0	0	0
7	0	0	0	0	0	0
8	0	0	0	0	0	0
9	0	0	0	0	0	0
10	0	0	0	0	0	0
11	0	0	0	0	0	0
12	294	0	0	0	0	294
13	0	0	1	396	0	397
14	792	0	0	1	0	793
15	0	2015	6	0	0	2021
16	1	6128	11	5	0	6145
17	1	2	0	22988	0	22991
18	3	4	1	25293	0	25301
19	2	34921	22	12	0	34957
20	3	37961	16	30	0	38010
21	0	42962	12	31	0	43005
22	45710	8	175	8	0	45901
23	24	8	46529	12	0	46573
24	25	34	46173	7	0	46239
25	1	17	11	48632	0	48661
26	52906	1	1	5	0	52913
27	53244	0	5	6	0	53255
28	8	51758	17	23	0	51806
29	61310	11	1	8	0	61330
30	64312	5	9	9	0	64335
31	65992	1	5	11	0	66009
32	8	65999	24	45	0	66076
33	8	66617	21	50	0	66696
34	71564	13	1	5	0	71583
35	71471	6	6	10	0	71493
36	12	71238	30	35	0	71315
37	3	76452	31	30	0	76516
38	78835	10	3	1	0	78849
39	78221	4	199	6	0	78430
40	12	77444	22	33	0	77511
41	7	11	4	81242	0	81264
42	8	5	1	81612	0	81626
43	10	11	4	80804	0	80829
44	6	81175	3	46	0	81230
45	51	194	79043	13	0	79301
46	72050	29	60	16	0	72155
47	14	3	2	82597	0	82616
48	10	80698	24	33	0	80765
49	3	25	1	84449	0	84478
50	5	82378	22	40	0	82445
51	8	40	4	84744	0	84796
52	6	14	1	85071	0	85092
53	40	18	85108	41	0	85207
54	4	14	38	82532	0	82588
55	85451	3	13	55	0	85522
56	78	18	84022	201	0	84319
57	80373	12	61	10	0	80456
58	42	10	4	86028	0	86084
59	6	84552	21	90	0	84669
60	9	68	4	87597	0	87678
61	47	20	86433	291	0	86791
62	6	13	68	83668	0	83755
63	6	9	8	87021	0	87044
64	2	87059	38	102	0	87201
65	3	67	6	90278	0	90354
66	10	87563	29	101	0	87703
67	5	85	3	90307	0	90400
68	88970	12	8	109	0	89099
69	84336	19	23	51	0	84429
70	86638	8	15	31	0	86692
71	536	84763	43	179	0	85521
72	73	138	84164	22	0	84397
73	81604	27	120	19	0	81770
74	89466	8	18	15	0	89507
75	200	88704	39	33	0	88976
76	57	462	9	67450	0	67978
77	45	70	7	70478	0	70600
78	37	37	9	68978	0	69061
79	70048	17	11	709	0	70785
80	68960	24	8	284	0	69276
81	68635	22	9	177	0	68843
82	70202	11	9	86	0	70308
83	847	18	12	68934	0	69811
84	322	67328	49	582	0	68281
85	198	512	10	70985	0	71705
86	163	311	69675	688	0	70837
87	96	95	605	72105	0	72901
88	115	82	74461	1007	0	75665
89	57	50	922	73189	0	74218
90	99	57	76572	1092	0	77820
91	88	111	74530	357	0	75086
92	33	74652	1276	295	0	76256
93	61	1005	389	80560	0	82015
94	115	321	82187	1128	0	83751
95	85	159	1135	79721	0	81100
96	73	80331	410	1173	0	81987
97	83373	1077	184	372	0	85006
98	1061	84214	188	263	0	85726
99	292	1215	103	84394	0	86004
100	141	85713	429	1077	0	87360
101	127	1234	83126	464	0	84951
102	144	493	82617	265	0	83519
103	74	82430	1444	300	0	84248
104	97	1157	448	86582	0	88284
105	242	423	85973	1133	0	87771
106	97	83470	1276	446	0	85289
107	87023	1219	399	239	0	88880
108	1141	443	240	86112	0	87936
109	416	313	88523	1189	0	90441
110	187	86969	1189	502	0	88847
111	149	1364	369	89907	0	91789
112	104	436	226	90969	0	91735
113	88266	277	196	1502	0	90241
114	1209	240	89303	561	0	91313
115	348	172	1194	88575	0	90289
116	244	182	86399	1323	0	88148
117	120	74596	1331	535	0	76582
118	73760	1176	472	322	0	75730
119	1059	69771	313	300	0	71443
120	353	1353	208	67654	0	69568
121	205	66962	213	1075	0	68455
122	65603	1335	177	389	0	67504
123	1153	65170	180	380	0	66883
124	453	1396	63005	235	0	65089
125	222	63838	1170	228	0	65458
126	63655	1386	404	214	0	65659
127	1274	556	64373	192	0	66395
128	429	362	1267	64797	0	66855
129	62512	252	472	1328	0	64564
130	1373	257	303	59535	0	61468
131	60875	236	231	1521	0	62863
132	61640	208	205	587	0	62640
133	1804	223	176	60386	0	62589
134	718	226	137	60396	0	61477
135	59414	197	144	1853	0	61608
136	58517	208	148	772	0	59645
137	1901	203	120	56673	0	58897
138	57091	221	140	1594	0	59046
139	57776	180	155	679	0	58790
140	1937	55813	194	445	0	58389
141	799	1378	186	58372	0	60735
142	58855	519	166	1602	0	61142
143	59453	293	194	696	0	60636
144	1892	259	192	58109	0	60452
145	798	205	188	59576	0	60767
146	58185	187	196	1950	0	60518
147	1795	57274	228	880	0	60177
148	697	1379	188	58874	0	61138
149	554	530	57415	1830	0	60329
150	478	307	1322	56662	0	58769
151	403	56240	538	1705	0	58886
152	402	1354	56384	797	0	58937
153	384	521	1374	55854	0	58133
154	394	372	539	55541	0	56846
155	382	292	56295	1998	0	58967
156	52450	260	1450	925	0	55085
157	1561	56307	580	696	0	59144
158	57794	1400	392	547	0	60133
159	1772	592	56546	523	0	59433
160	824	399	58706	412	0	60341
161	55687	309	1713	460	0	58169
162	1649	58557	665	484	0	61355
163	59130	1441	406	410	0	61387
164	1665	58850	352	478	0	61345
165	793	1582	59380	432	0	62187
166	58307	669	1406	392	0	60774
167	1751	427	60427	389	0	62994
168	723	333	1488	60010	0	62554
169	61169	263	645	1636	0	63713
170	60909	271	420	748	0	62348
171	1883	60147	384	567	0	62981
172	824	1993	310	60028	0	63155
173	570	60020	323	1515	0	62428
174	531	1462	58674	654	0	61321
175	448	915	1170	54400	0	56933
176	377	55394	666	1344	0	57781
177	317	898	280	53732	0	55227
178	46184	404	239	1053	0	47880
179	949	211	190	52286	0	53636
180	489	51572	200	989	0	53250
181	583	860	173	52633	0	54249
182	294	443	180	52553	0	53470
183	303	51252	204	1277	0	53036
184	271	870	199	52845	0	54185
185	341	393	50969	1021	0	52724
186	273	49037	814	681	0	50805
187	46270	564	262	242	0	47338
188	656	267	46725	215	0	47863
189	383	197	45425	176	0	46181
190	253	43238	584	219	0	44294
191	561	565	213	43249	0	44588
192	257	174	42368	417	0	43216
193	201	37016	450	265	0	37932
194	194	320	175	39285	0	39974
195	176	228	80	39877	0	40361
196	39204	143	111	440	0	39898
197	340	38042	144	337	0	38863
198	397	343	36422	179	0	37341
199	175	231	36280	189	0	36875
200	138	141	386	35170	0	35835
201	172	137	171	43007	0	43487
202	144	148	124	44552	0	44968
203	121	54923	164	1373	0	56581
204	139	1645	56503	533	0	58820
205	122	810	1446	60314	0	62692
206	99	63535	775	1826	0	66235
207	127	66635	342	915	0	68019
208	166	2769	68171	370	0	71476
209	100	1132	2315	67885	0	71432
210	156	582	74679	2522	0	77939
211	122	298	2872	74493	0	77785
212	102	232	1311	78338	0	79983
213	197	451	73563	3889	0	78100
214	83	73939	2818	1792	0	78632
215	74337	2713	1324	711	0	79085
216	2746	1343	73773	505	0	78367
217	1142	73952	2997	506	0	78597
218	407	78552	1413	418	0	80790
219	383	3965	74409	357	0	79114
220	73374	1716	3122	411	0	78623
221	2893	1273	1500	66637	0	72303
222	1243	75187	834	2678	0	79942
223	76132	3185	640	1395	0	81352
224	3009	1724	538	71759	0	77030
225	1327	73905	600	3013	0	78845
226	75973	3109	536	1556	0	81174
227	3124	1745	70566	870	0	76305
228	1364	72332	3162	665	0	77523
229	71662	3231	1549	643	0	77085
230	2963	73136	853	573	0	77525
231	71907	3435	736	511	0	76589
232	3224	1970	571	67440	0	73205
233	1505	68760	687	2795	0	73747
234	698	3233	760	71282	0	75973
235	70113	1644	678	3432	0	75867
236	3038	956	67544	1899	0	73437
237	1517	925	70123	993	0	73558
238	958	761	3982	67766	0	73467
239	660	784	1848	70090	0	73382
240	733	893	1057	68987	0	71670
241	702	66057	849	4221	0	71829
242	674	3340	63555	1855	0	69424
243	629	1887	3136	61608	0	67260
244	680	63971	1681	3009	0	69341
245	712	67006	987	1582	0	70287
246	842	4101	65168	951	0	71062
247	849	2092	66449	812	0	70202
248	702	1447	67984	743	0	70876
249	716	1067	4292	65270	0	71345
250	815	1005	66432	3260	0	71512
251	698	863	3740	67153	0	72454
252	704	920	66762	3585	0	71971
253	63550	888	3692	1873	0	70003
254	3179	68067	2029	1199	0	74474
255	1681	73814	1182	1018	0	77695
256	1055	4638	75634	1050	0	82377
257	75789	2206	3919	979	0	82893
258	80345	1253	1857	1107	0	84562
259	81316	1169	1232	989	0	84706
260	5281	1041	73919	940	0	81181
261	2257	849	77563	1000	0	81669
262	1201	862	5295	75122	0	82480
263	76158	820	2729	4230	0	83937
264	77741	893	1690	2307	0	82631
265	4973	936	73466	1557	0	80932
266	74393	946	4547	1305	0	81191
267	4304	1013	2566	73620	0	81503
268	2082	1042	74313	4273	0	81710
269	1204	1111	75660	2268	0	80243
270	72422	1180	5716	1492	0	80810
271	4190	1048	74703	1208	0	81149
272	72956	991	5450	1183	0	80580
273	4610	887	73194	1145	0	79836
274	2278	69303	5357	1283	0	78221
275	1559	74622	3001	1166	0	80348
276	1458	5009	2191	71625	0	80283
277	1372	2391	1958	76397	0	82118
278	1459	1636	70923	5228	0	79246
279	1494	1435	4832	69891	0	77652
280	1533	69192	3042	4411	0	78178
281	1837	73286	2098	2201	0	79422
282	2051	75939	1778	1455	0	81223
283	2036	5443	1901	72414	0	81794
284	2059	2586	71805	4117	0	80567
285	1717	1588	74255	2230	0	79790
286	1871	1519	5962	71200	0	80552
287	1806	1249	3007	73949	0	80011
288	1974	1109	2189	67894	0	73166
289	1981	70973	1802	5139	0	79895
290	72194	4155	1666	2547	0	80562
291	72531	2298	1660	1848	0	78337
292	5470	70629	1751	1696	0	79546
293	2880	4315	71655	1445	0	80295
294	72312	2363	4800	1354	0	80829
295	5024	1552	72439	1230	0	80245
296	72674	1315	5300	1208	0	80497
297	74727	1338	2912	1335	0	80312
298	74570	1544	2033	1367	0	79514
299	73201	1480	1640	1616	0	77937
300	5528	70853	1729	1839	0	79949
301	61941	3717	1526	1784	0	68968
302	3965	63514	1469	1839	0	70787
303	49138	2984	969	1069	0	54160
304	2917	47774	987	1055	0	52733
305	1104	2679	40893	521	0	45197
306	727	4601	2046	35320	0	42694
307	630	38884	1173	1921	0	42608
308	656	37959	891	989	0	40495
309	33284	2078	2294	1402	0	39058
310	30038	657	637	520	0	31852
311	1505	30499	361	595	0	32960
312	643	1264	285	29260	0	31452
313	657	31591	313	1085	0	33646
314	32904	1276	341	319	0	34840
315	1703	513	31836	254	0	34306
316	730	446	1264	30809	0	33249
317	676	335	623	30988	0	32622
318	582	259	630	31671	0	33142
319	691	241	30158	1257	0	32347
320	718	30045	1189	443	0	32395
321	814	31453	431	319	0	33017
322	842	1211	349	31580	0	33982
323	677	678	31557	1079	0	33991
324	601	601	1133	31208	0	33543
325	474	657	426	32323	0	33880
326	580	520	360	32237	0	33697
327	499	583	303	32776	0	34161
328	31594	472	397	1498	0	33961
329	1084	31660	440	792	0	33976
330	32024	1298	428	671	0	34421
331	1220	748	31855	518	0	34341
332	592	743	32510	396	0	34241
333	654	556	1232	30645	0	33087
334	563	509	482	31398	0	32952
335	402	32669	451	1355	0	34877
336	303	1363	32180	781	0	34627
337	318	32161	1190	802	0	34471
338	407	1315	32286	542	0	34550
339	29824	473	1364	569	0	32230
340	1137	32880	558	675	0	35250
341	492	1193	33186	711	0	35582
342	447	497	1235	33082	0	35261
343	358	547	33571	1372	0	35848
344	327	32886	1338	528	0	35079
345	328	1421	450	32415	0	34614
346	350	33086	469	1388	0	35293
347	371	1242	32814	754	0	35181
348	377	470	1223	32994	0	35064
349	32985	462	355	1524	0	35326
350	1234	32488	349	783	0	34854
351	622	1223	31558	580	0	33983
352	508	789	1026	29422	0	31745
353	495	528	30527	1052	0	32602
354	523	383	26711	334	0	27951
355	160	23315	751	241	0	24467
356	180	356	581	18950	0	20067
357	36	94	78	19085	0	19293
358	46	71	56	19153	0	19326
359	45	72	19351	367	0	19835
360	50	69	19104	131	0	19354
361	17050	69	364	113	0	17596
362	310	73	18629	71	0	19083
363	16997	32	299	57	0	17385
364	277	17716	101	78	0	18172
365	58	272	81	17349	0	17760
366	44	18271	62	256	0	18633
367	24	19321	70	122	0	19537
368	36	313	18951	87	0	19387
369	26	114	279	18683	0	19102
370	32	97	19672	299	0	20100
371	37	87	18526	103	0	18753
372	18268	59	334	110	0	18771
373	265	48	19792	84	0	20189
374	70	62	19392	94	0	19618
375	18686	45	342	110	0	19183
376	261	54	19629	101	0	20045
377	77	68	19567	90	0	19802
378	59	60	308	18149	0	18576
379	42	19077	138	276	0	19533
380	48	286	113	19485	0	19932
381	46	89	104	19335	0	19574
382	19505	79	95	345	0	20024
383	263	62	83	18834	0	19242
384	75	19179	87	329	0	19670
385	19417	278	89	123	0	19907
386	268	121	19294	101	0	19784
387	18362	92	317	111	0	18882
388	325	89	21496	77	0	21987
389	110	93	22099	74	0	22376
390	55	22288	499	96	0	22938
391	22967	398	185	103	0	23653
392	367	22820	163	130	0	23480
393	123	442	22867	91	0	23523
394	92	165	441	21182	0	21880
395	39	23758	191	346	0	24334
396	24351	434	138	114	0	25037
397	24338	146	95	102	0	24681
398	462	24269	124	61	0	24916
399	24910	442	111	75	0	25538
400	461	138	112	23667	0	24378
401	120	23932	138	423	0	24613
402	99	425	112	24648	0	25284
403	54	175	106	25958	0	26293
404	25943	137	123	544	0	26747
405	24954	79	112	212	0	25357
406	24926	96	106	143	0	25271
407	591	83	24246	137	0	25057
408	23772	58	512	86	0	24428
409	498	90	182	25054	0	25824
410	174	63	24594	456	0	25287
411	149	83	22732	148	0	23112
412	85	22400	542	118	0	23145
413	20807	329	115	54	0	21305
414	311	21951	81	63	0	22406
415	109	324	34	22119	0	22586
416	80	91	43	22535	0	22749
417	61	51	22690	369	0	23171
418	66	42	328	20825	0	21261
419	87	38	23020	347	0	23492
420	57	48	22163	298	0	22566
421	57	22420	371	80	0	22928
422	46	246	97	22503	0	22892
423	46	87	62	22553	0	22748
424	22599	44	50	296	0	22989
425	266	37	22692	102	0	23097
426	73	39	262	23008	0	23382
427	23136	42	89	283	0	23550
428	286	42	22774	325	0	23427
429	22372	39	275	87	0	22773
430	23355	34	90	52	0	23531
431	356	38	23949	49	0	24392
432	109	52	268	22805	0	23234
433	74	33	107	23928	0	24142
434	62	43	24928	350	0	25383
435	24207	39	300	123	0	24669
436	25500	27	121	79	0	25727
437	25484	50	89	69	0	25692
438	25727	57	69	64	0	25917
439	25468	38	131	77	0	25714
440	385	81	24981	74	0	25521
441	160	50	25334	77	0	25621
442	110	24566	362	90	0	25128
443	105	273	25241	62	0	25681
444	108	90	297	24237	0	24732
445	123	104	168	22506	0	22901
446	92	55	96	25776	0	26019
447	99	38	77	26203	0	26417
448	110	49	26075	373	0	26607
449	97	24971	294	175	0	25537
450	99	27053	135	132	0	27419
451	97	330	99	26586	0	27112
452	104	27355	72	292	0	27823
453	27854	296	60	116	0	28326
454	26874	100	104	109	0	27187
455	380	28532	101	118	0	29131
456	181	299	96	28790	0	29366
457	109	125	123	29719	0	30076
458	114	114	29813	446	0	30487
459	27521	90	421	195	0	28227
460	31580	110	171	140	0	32001
461	499	31935	104	140	0	32678
462	32994	423	214	160	0	33791
463	599	327	33736	133	0	34795
464	224	33466	479	145	0	34314
465	188	35444	180	269	0	36081
466	129	35468	156	148	0	35901
467	266	694	126	34592	0	35678
468	34439	208	107	620	0	35374
469	612	280	126	34611	0	35629
470	241	151	36000	792	0	37184
471	210	146	685	36809	0	37850
472	189	191	39033	800	0	40213
473	303	167	798	37028	0	38296
474	427	223	240	36194	0	37084
475	176	38593	185	761	0	39715
476	40044	960	144	270	0	41418
477	853	283	262	38326	0	39724
478	256	38977	149	845	0	40227
479	39569	912	151	310	0	40942
480	36608	404	203	291	0	37506
481	39124	192	180	351	0	39847
482	1082	38821	145	276	0	40324
483	342	847	38248	361	0	39798
484	285	268	885	39197	0	40635
485	244	282	236	38442	0	39204
486	184	38845	336	950	0	40315
487	235	886	38857	431	0	40409
488	216	267	37662	326	0	38471
489	35463	520	715	236	0	36934
490	905	320	175	36819	0	38219
491	263	164	38628	884	0	39939
492	182	39250	721	304	0	40457
493	315	697	205	39056	0	40273
494	266	40798	208	646	0	41918
495	299	713	40608	271	0	41891
496	38086	332	656	275	0	39349
497	40603	226	374	176	0	41379
498	799	40522	176	339	0	41836
499	242	666	153	41457	0	42518
500	230	422	40594	710	0	41956
501	228	39739	766	258	0	40991
502	39751	686	331	231	0	40999
503	803	38260	183	147	0	39393
504	217	39315	157	305	0	39994
505	211	752	281	38889	0	40133
506	152	39088	169	652	0	40061
507	39682	744	124	348	0	40898
508	661	405	125	39356	0	40547
509	180	237	38001	660	0	39078
510	279	244	36770	217	0	37510
511	339	233	641	37643	0	38856
512	131	37964	219	634	0	38948
513	39049	679	180	322	0	40230
514	637	278	245	37547	0	38707
515	173	380	37259	682	0	38494
516	286	219	600	36816	0	37921
517	128	340	191	37841	0	38500
518	37371	310	165	723	0	38569
519	686	182	150	36214	0	37232
520	192	345	36213	682	0	37432
521	309	198	35459	264	0	36230
522	195	131	685	35883	0	36894
523	123	227	351	36304	0	37005
524	213	164	36744	752	0	37873
525	32222	195	671	451	0	33539
526	615	375	35571	358	0	36919
527	365	34745	670	311	0	36091
528	157	694	189	36948	0	37988
529	221	234	36946	677	0	38078
530	192	171	36240	452	0	37055
531	133	149	743	35420	0	36445
532	36497	135	342	725	0	37699
533	641	143	36502	472	0	37758
534	200	34399	824	276	0	35699
535	36286	638	421	210	0	37555
536	659	217	36410	430	0	37716
537	34400	170	691	292	0	35553
538	36087	138	406	244	0	36875
539	769	35632	271	384	0	37056
540	294	618	277	34305	0	35494
541	221	34824	259	645	0	35949
542	166	665	34742	285	0	35858
543	34329	227	798	208	0	35562
544	36202	183	404	252	0	37041
545	737	207	35799	260	0	37003
546	406	163	35241	174	0	35984
547	281	35582	901	175	0	36939
548	37171	654	260	125	0	38210
549	729	202	198	36185	0	37314
550	269	163	195	34488	0	35115
551	165	35406	211	639	0	36421
552	35651	682	219	237	0	36789
553	726	223	35689	176	0	36814
554	207	378	694	38092	0	39371
555	38462	141	244	934	0	39781
556	971	37679	228	470	0	39348
557	296	1017	45856	158	0	47327
558	224	248	46730	132	0	47334
559	161	966	1533	42585	0	45245
560	117	43465	380	1248	0	45210
561	151	1428	44884	209	0	46672
562	323	389	1401	44345	0	46458
563	45547	180	268	1450	0	47445
564	1449	123	45510	235	0	47317
565	227	72	1484	45387	0	47170
566	221	88	46604	1506	0	48419
567	130	82	47987	273	0	48472
568	81	573	1669	46637	0	48960
569	120	103	48028	1517	0	49768
570	40573	61	1538	384	0	42556
571	1344	69	45261	184	0	46858
572	41436	34	1379	96	0	42945
573	1338	42561	330	103	0	44332
574	44744	1263	205	88	0	46300
575	1290	45422	176	75	0	46963
576	280	1363	109	45645	0	47397
577	180	253	104	48630	0	49167
578	153	191	46203	1544	0	48091
579	88	155	47917	390	0	48550
580	77	65	1559	48471	0	50172
581	126	79	48726	1493	0	50424
582	64	78	1516	46546	0	48204
583	81	47117	421	1440	0	49059
584	104	49936	325	436	0	50801
585	91	1605	208	49156	0	51060
586	87	411	197	50483	0	51178
587	109	271	47543	1641	0	49564
588	97	148	1360	47001	0	48606
589	94	46373	379	1552	0	48398
590	70	47551	358	416	0	48395
591	82	47520	211	396	0	48209
592	107	1684	223	43548	0	45562
593	79	43780	258	1353	0	45470
594	43946	1518	191	398	0	46053
595	1402	337	239	43812	0	45790
596	309	287	43095	1531	0	45222
597	200	195	1477	43329	0	45201
598	172	179	43208	1893	0	45452
599	139	194	44397	466	0	45196
600	145	150	44343	395	0	45033
601	112	41704	1825	371	0	44012
602	148	1479	44082	246	0	45955
603	44265	347	1679	276	0	46567
604	45692	318	544	232	0	46786
605	46782	229	430	283	0	47724
606	1729	233	278	45531	0	47771
607	45400	227	336	1569	0	47532
608	1518	43695	385	524	0	46122
609	382	46910	297	492	0	48081
610	47175	1646	352	347	0	49520
611	1564	487	46614	327	0	48992
612	390	374	1586	46598	0	48948
613	328	289	47379	1590	0	49586
614	227	328	48460	507	0	49522
615	160	47945	1788	434	0	50327
616	210	1642	633	46187	0	48672
617	177	477	489	49958	0	51101
618	48494	352	373	1856	0	51075
619	1465	47745	423	732	0	50365
620	442	49586	381	581	0	50990
621	445	1862	47397	432	0	50136
622	275	48390	1630	375	0	50670
623	48336	1791	614	415	0	51156
624	48681	540	610	399	0	50230
625	1724	487	48919	367	0	51497
626	507	473	50010	450	0	51440
627	399	345	2161	46955	0	49860
628	323	336	891	47965	0	49515
629	323	47846	670	1820	0	50659
630	334	1683	557	48746	0	51320
631	357	507	555	48958	0	50377
632	355	47585	511	1918	0	50369
633	364	1747	513	48180	0	50804
634	250	545	557	47313	0	48665
635	309	45698	570	2044	0	48621
636	357	1629	45156	780	0	47922
637	326	503	1779	47474	0	50082
638	47448	460	697	1879	0	50484
639	47663	395	653	592	0	49303
640	1937	473	45939	514	0	48863
641	45347	512	1638	487	0	47984
642	47272	489	566	495	0	48822
643	1804	45039	511	638	0	47992
644	608	1710	44840	563	0	47721
645	386	605	45653	618	0	47262
646	289	624	1813	46608	0	49334
647	47464	389	759	1802	0	50414
648	50332	381	636	651	0	52000
649	1899	397	491	53052	0	55839
650	56608	419	454	2180	0	59661
651	58647	470	373	733	0	60223
652	58768	488	333	630	0	60219
653	2485	494	56251	558	0	59788
654	691	373	55077	457	0	56598
655	53011	213	1808	461	0	55493
656	1778	269	53496	398	0	55941
657	372	45991	1121	186	0	47670
658	559	1401	434	46439	0	48833
659	210	307	46990	964	0	48471
660	185	186	46593	278	0	47242
661	174	516	1111	44612	0	46413
662	147	95	45120	954	0	46316
663	162	111	44008	277	0	44558
664	131	39961	1109	482	0	41683
665	113	43520	321	110	0	44064
666	43587	889	169	70	0	44715
667	838	224	89	42865	0	44016
668	43046	88	112	831	0	44077
669	908	76	42926	191	0	44101
670	231	65	836	42225	0	43357
671	146	60	221	44111	0	44538
672	42671	58	146	972	0	43847
673	819	42456	124	310	0	43709
674	239	836	41213	137	0	42425
675	139	220	41035	90	0	41484
676	98	40570	948	147	0	41763
677	91	798	40175	98	0	41162
678	107	40130	839	115	0	41191
679	96	39263	243	106	0	39708
680	185	896	38028	66	0	39175
681	35427	209	815	45	0	36496
682	775	102	206	39469	0	40552
683	212	39580	174	711	0	40677
684	142	718	142	40711	0	41713
685	40301	206	101	796	0	41404
686	40048	95	147	221	0	40511
687	39898	74	171	120	0	40263
688	917	104	38906	102	0	40029
689	234	76	800	38217	0	39327
690	126	38693	300	694	0	39813
691	41353	735	177	191	0	42456
692	741	222	157	41553	0	42673
693	241	144	130	41545	0	42060
694	147	101	98	42992	0	43338
695	137	258	40673	943	0	42011
696	38593	87	774	318	0	39772
697	821	40610	249	188	0	41868
698	296	725	158	41522	0	42701
699	247	187	139	42899	0	43472
700	41711	136	167	957	0	42971
701	873	106	41476	320	0	42775
702	286	122	42455	187	0	43050
703	211	40530	1011	166	0	41918
704	164	810	42887	118	0	43979
705	38195	248	965	163	0	39571
706	773	42380	338	323	0	43814
707	233	882	43559	148	0	44822
708	38648	266	1002	155	0	40071
709	924	205	44375	141	0	45645
710	273	43737	1005	181	0	45196
711	219	906	298	45339	0	46762
712	235	282	206	46867	0	47590
713	235	207	45331	1018	0	46791
714	253	174	44171	342	0	44940
715	242	43076	1069	258	0	44645
716	43343	861	392	204	0	44800
717	833	45191	279	242	0	46545
718	310	978	203	45669	0	47160
719	212	318	45322	940	0	46792
720	41910	216	976	339	0	43441
721	973	177	398	44506	0	46054
722	301	43387	360	871	0	44919
723	190	46676	324	334	0	47524
724	174	1084	247	46688	0	48193
725	175	409	267	47815	0	48666
726	46804	265	246	1098	0	48413
727	941	279	200	47536	0	48956
728	319	197	46961	1082	0	48559
729	45845	157	995	424	0	47421
730	47944	195	356	334	0	48829
731	1118	184	47647	241	0	49190
732	46625	188	1009	191	0	48013
733	1062	210	322	49469	0	51063
734	364	229	254	50004	0	50851
735	305	212	234	50354	0	51105
736	251	192	231	48841	0	49515
737	170	47976	259	1390	0	49795
738	50512	1004	258	441	0	52215
739	52043	381	223	366	0	53013
740	1285	269	54040	294	0	55888
741	55074	213	1163	261	0	56711
742	59049	204	369	296	0	59918
743	59907	188	301	280	0	60676
744	62327	178	247	239	0	62991
745	1688	60359	225	282	0	62554
746	520	1290	373	59935	0	62118
747	395	375	59325	1427	0	61522
748	299	262	56328	404	0	57293
749	50017	596	1126	295	0	52034
750	50558	130	692	96	0	51476
751	971	48509	165	134	0	49779
752	50513	755	168	101	0	51537
753	918	49674	91	111	0	50794
754	366	843	71	49863	0	51143
755	51080	195	78	831	0	52184
756	50022	144	80	253	0	50499
757	50195	95	91	172	0	50553
758	1034	49138	120	154	0	50446
759	50340	788	104	104	0	51336
760	1000	190	100	50754	0	52044
761	51655	146	105	822	0	52728
762	1075	130	49635	219	0	51059
763	374	49489	799	179	0	50841
764	51188	737	178	102	0	52205
765	1004	231	50880	103	0	52218
766	329	161	741	50742	0	51973
767	311	109	52126	803	0	53349
768	289	139	51226	217	0	51871
769	268	107	895	50016	0	51286
770	270	139	51845	804	0	53058
771	247	122	835	51032	0	52236
772	216	97	272	52186	0	52771
773	52090	104	213	1114	0	53521
774	960	51851	190	353	0	53354
775	339	54514	192	237	0	55282
776	295	56623	157	190	0	57265
777	369	1103	55320	147	0	56939
778	220	326	949	55274	0	56769
779	222	201	57145	994	0	58562
780	53366	151	1051	292	0	54860
781	57273	134	294	237	0	57938
782	1108	58144	247	245	0	59744
783	408	965	170	57726	0	59269
784	287	58233	182	925	0	59627
785	59537	1031	162	300	0	61030
786	1086	325	162	58839	0	60412
787	404	289	58861	1018	0	60572
788	310	57658	958	363	0	59289
789	319	1004	59803	247	0	61373
790	246	318	1031	59151	0	60746
791	277	236	59602	1089	0	61204
792	55824	183	1111	343	0	57461
793	1132	210	59920	275	0	61537
794	394	59021	1114	241	0	60770
795	317	1032	386	59918	0	61653
796	268	338	296	62208	0	63110
797	61091	261	247	1215	0	62814
798	60782	192	227	435	0	61636
799	1163	57969	314	350	0	59796
800	464	1027	58620	358	0	60469
801	383	360	58556	235	0	59534
802	57813	252	1203	244	0	59512
803	1145	228	59442	228	0	61043
804	449	228	58348	195	0	59220
805	376	208	59011	320	0	59915
806	331	246	58513	210	0	59300
807	305	57632	1284	244	0	59465
808	59561	990	743	251	0	61545
809	1106	366	366	57816	0	59654
810	57906	261	310	942	0	59419
811	1130	55972	331	342	0	57775
812	56360	1023	312	272	0	57967
813	1098	57607	335	556	0	59596
814	442	1052	331	57814	0	59639
815	362	59812	340	925	0	61439
816	397	1160	58204	313	0	60074
817	316	60365	1076	311	0	62068
818	306	1178	465	65444	0	67393
819	65754	443	350	1251	0	67798
820	1325	349	301	65588	0	67563
821	508	353	66405	1366	0	68632
822	460	283	1288	64484	0	66515
823	312	65019	495	1271	0	67097
824	375	1285	65603	439	0	67702
825	64002	477	1394	330	0	66203
826	1347	366	521	67855	0	70089
827	68001	286	460	1339	0	70086
828	66970	297	427	488	0	68182
829	1426	66699	400	475	0	69000
830	67510	1253	412	326	0	69501
831	67182	458	344	341	0	68325
832	1449	65488	390	386	0	67713
833	569	1238	360	66440	0	68607
834	427	436	318	66927	0	68108
835	355	66252	382	1400	0	68389
836	331	1309	328	68777	0	70745
837	380	471	66785	1433	0	69069
838	316	562	1233	65813	0	67924
839	501	321	65397	1413	0	67632
840	342	335	59434	458	0	60569
841	267	57735	1273	436	0	59711
842	280	58281	471	343	0	59375
843	309	60425	346	277	0	61357
844	531	1233	534	57408	0	59706
845	223	408	57253	893	0	58777
846	54646	265	974	343	0	56228
847	838	203	317	59684	0	61042
848	308	214	59434	912	0	60868
849	272	243	59466	315	0	60296
850	210	59646	1004	346	0	61206
851	204	904	398	60737	0	62243
852	60443	332	280	873	0	61928
853	802	59423	252	420	0	60897
854	279	60142	220	288	0	60929
855	249	60523	210	247	0	61229
856	177	1173	183	60780	0	62313
857	130	61276	289	904	0	62599
858	161	1034	209	66795	0	68199
859	131	395	234	69808	0	70568
860	179	315	67590	1579	0	69663
861	59241	280	1450	642	0	61613
862	1413	289	69963	335	0	72000
863	376	417	1499	70319	0	72611
864	330	339	70412	1543	0	72624
865	187	68756	1565	604	0	71112
866	71185	1483	638	362	0	73668
867	1474	451	349	68288	0	70562
868	405	337	257	72172	0	73171
869	72252	264	245	1690	0	74451
870	71114	214	261	600	0	72189
871	73882	223	219	412	0	74736
872	1898	258	71285	300	0	73741
873	65968	222	1305	281	0	67776
874	1489	69476	444	275	0	71684
875	483	70660	263	285	0	71691
876	288	1753	200	68316	0	70557
877	228	548	139	66735	0	67650
878	219	66779	192	1557	0	68747
879	225	1407	130	68048	0	69810
880	66191	426	177	1618	0	68412
881	1428	368	65021	554	0	67371
882	444	64588	1311	467	0	66810
883	63174	1408	382	320	0	65284
884	1262	63964	357	577	0	66160
885	437	1425	64180	307	0	66349
886	287	481	1350	64108	0	66226
887	292	393	63768	1440	0	65893
888	252	61850	1435	576	0	64113
889	408	1380	428	63541	0	65757
890	273	499	62767	1444	0	64983
891	312	425	62627	498	0	63862
892	272	308	1494	63229	0	65303
893	63710	248	549	1441	0	65948
894	63643	311	332	505	0	64791
895	64394	237	255	443	0	65329
896	1768	341	63985	344	0	66438
897	604	63930	1358	391	0	66283
898	404	1422	421	65167	0	67414
899	296	483	364	64154	0	65297
900	259	65223	275	1526	0	67283
901	65431	1445	278	610	0	67764
902	1403	535	257	65928	0	68123
903	515	427	64490	1565	0	66997
904	353	64264	1389	634	0	66640
905	63191	1453	590	502	0	65736
906	1326	64572	417	485	0	66800
907	518	1541	364	63695	0	66118
908	425	561	385	64740	0	66111
909	391	424	373	64464	0	65652
910	368	346	63100	1830	0	65644
911	367	423	1483	61490	0	63763
912	359	61924	622	1639	0	64544
913	409	61535	518	760	0	63222
914	546	1647	59281	633	0	62107
915	57275	628	1402	553	0	59858
916	60485	553	511	525	0	62074
917	1740	58628	413	541	0	61322
918	55973	1232	383	404	0	57992
919	55918	417	272	404	0	57011
920	1535	57544	305	510	0	59894
921	719	1417	286	58540	0	60962
922	624	560	59219	1428	0	61831
923	515	551	56134	622	0	57822
924	59008	460	1563	488	0	61519
925	1479	59835	601	561	0	62476
926	592	1549	404	61502	0	64047
927	472	626	372	62185	0	63655
928	449	551	317	62612	0	63929
929	60502	476	319	1945	0	63242
930	1612	450	331	60945	0	63338
931	708	402	304	61785	0	63199
932	575	457	57564	1861	0	60457
933	54745	424	1407	772	0	57348
934	1583	57533	633	789	0	60538
935	58323	1492	416	492	0	60723
936	1544	56571	455	481	0	59051
937	572	1536	504	57668	0	60280
938	58256	631	391	1556	0	60834
939	59563	495	391	720	0	61169
940	1673	505	57390	589	0	60157
941	60060	387	1396	570	0	62413
942	1634	434	61310	489	0	63867
943	727	400	60067	460	0	61654
944	576	443	59870	489	0	61378
945	526	411	64903	418	0	66258
946	409	590	1945	66888	0	69832
947	527	395	66904	1928	0	69754
948	388	424	1983	67712	0	70507
949	66763	380	752	2212	0	70107
950	1859	433	585	66790	0	69667
951	63732	424	475	2247	0	66878
952	1935	64590	499	914	0	67938
953	747	1855	395	65830	0	68827
954	750	864	59911	2082	0	63607
955	534	66053	1654	931	0	69172
956	640	2034	724	67901	0	71299
957	498	660	66964	2198	0	70320
958	385	64863	1757	716	0	67721
959	288	66273	536	565	0	67662
960	645	2095	64123	555	0	67418
961	796	909	1740	62100	0	65545
962	203	429	62476	1787	0	64895
963	59622	202	1850	493	0	62167
964	61855	137	516	411	0	62919
965	1941	60067	436	310	0	62754
966	61593	1622	214	232	0	63661
967	1952	448	169	61620	0	64189
968	572	357	59285	1788	0	62002
969	57370	175	1641	557	0	59743
970	2009	209	57435	482	0	60135
971	452	56420	1716	261	0	58849
972	58399	1735	469	180	0	60783
973	1728	530	345	58181	0	60784
974	483	370	58085	1613	0	60551
975	58113	179	1628	462	0	60382
976	57868	151	509	401	0	58929
977	58390	136	407	218	0	59151
978	2074	139	254	56910	0	59377
979	734	120	191	59196	0	60241
980	488	180	56153	1989	0	58810
981	265	55891	1625	781	0	58562
982	235	1540	516	55870	0	58161
983	203	448	377	59362	0	60390
984	239	362	57155	2019	0	59775
985	237	236	57281	724	0	58478
986	217	159	1982	57546	0	59904
987	55537	155	787	1812	0	58291
988	1616	56556	577	614	0	59363
989	56712	1694	342	465	0	59213
990	1865	56168	358	411	0	58802
991	640	1854	55819	314	0	58627
992	518	575	57167	279	0	58539
993	54287	458	2173	298	0	57216
994	59056	255	812	345	0	60468
995	2136	57525	629	427	0	60717
996	916	1773	55380	418	0	58487
997	679	545	1913	55328	0	58465
998	467	467	683	54701	0	56318
999	441	55783	604	2164	0	58992
1000	359	1852	422	57238	0	59871
1001	378	629	55976	2319	0	59302
1002	55333	567	1969	842	0	58711
1003	57121	394	723	689	0	58927
1004	56709	361	655	494	0	58219
1005	57945	315	517	433	0	59210
1006	2799	303	54565	398	0	58065
1007	55121	265	2063	387	0	57836
1008	2575	276	54404	325	0	57580
1009	1010	54204	2323	359	0	57896
1010	821	1830	945	55297	0	58893
1011	56260	667	770	1990	0	59687
1012	2143	554	611	58753	0	62061
1013	875	396	57672	2520	0	61463
1014	57724	349	2263	934	0	61270
1015	59783	333	885	836	0	61837
1016	2760	340	765	57585	0	61450
1017	1253	308	521	60389	0	62471
1018	913	390	56230	2797	0	60330
1019	698	57663	2185	1249	0	61795
1020	55676	2063	849	839	0	59427
1021	2309	802	52040	567	0	55718
1022	50772	570	2094	464	0	53900
1023	2512	51806	872	463	0	55653
1024	50080	1995	840	342	0	53257
1025	2487	49185	518	383	0	52573
1026	1116	51371	502	488	0	53477
1027	980	2395	512	49523	0	53410
1028	734	1006	500	51427	0	53667
1029	669	697	492	51851	0	53709
1030	609	424	483	53019	0	54535
1031	614	380	49195	2942	0	53131
1032	49913	338	2013	1318	0	53582
1033	52525	328	820	949	0	54622
1034	53667	312	747	653	0	55379
1035	3033	322	562	51136	0	55053
1036	1516	284	483	53345	0	55628
1037	52560	288	472	2582	0	55902
1038	52954	335	497	1160	0	54946
1039	53118	346	465	819	0	54748
1040	2883	499	456	50397	0	54235
1041	1347	302	367	49410	0	51426
1042	974	312	45731	2502	0	49519
1043	644	321	45066	1136	0	47167
1044	638	45853	2181	845	0	49517
1045	38373	2452	1681	1193	0	43699
1046	37371	515	740	372	0	38998
1047	38434	316	241	394	0	39385
1048	1907	230	37019	363	0	39519
1049	36706	188	1279	354	0	38527
1050	38085	194	475	353	0	39107
1051	38367	164	357	353	0	39241
1052	1962	153	315	36804	0	39234
1053	903	150	311	37315	0	38679
1054	726	127	269	37589	0	38711
1055	527	177	33365	1807	0	35876
1056	28629	157	946	706	0	30438
1057	1209	30309	452	482	0	32452
1058	26385	668	210	220	0	27483
1059	943	24996	154	251	0	26344
1060	471	25405	172	196	0	26244
1061	479	798	347	25082	0	26706
1062	314	346	378	24384	0	25422
1063	292	24065	119	752	0	25228
1064	24371	601	109	370	0	25451
1065	24366	272	121	274	0	25033
1066	835	177	98	23691	0	24801
1067	468	100	23862	713	0	25143
1068	379	106	23293	353	0	24131
1069	315	114	24435	285	0	25149
1070	324	89	23983	190	0	24586
1071	22825	411	727	176	0	24139
1072	23344	70	310	167	0	23891
1073	804	79	192	22443	0	23518
1074	433	92	21774	677	0	22976
1075	317	76	525	22336	0	23254
1076	277	22981	246	657	0	24161
1077	303	27481	164	299	0	28247
1078	28354	690	109	248	0	29401
1079	28332	288	104	226	0	28950
1080	28581	217	115	220	0	29133
1081	862	145	128	27939	0	29074
1082	419	121	137	28542	0	29219
1083	326	114	125	28649	0	29214
1084	316	101	99	28819	0	29335
1085	315	74	28467	844	0	29700
1086	277	65	541	28316	0	29199
1087	30301	67	275	777	0	31420
1088	741	69	233	30650	0	31693
1089	405	91	138	31393	0	32027
1090	329	87	140	31485	0	32041
1091	260	29388	165	987	0	30800
1092	248	29682	122	470	0	30522
1093	208	30086	94	322	0	30710
1094	181	672	79	28543	0	29475
1095	155	227	94	28832	0	29308
1096	28873	153	62	762	0	29850
1097	28641	103	62	345	0	29151
1098	28845	104	60	256	0	29265
1099	787	104	60	28337	0	29288
1100	336	78	75	28583	0	29072
1101	280	27800	75	710	0	28865
1102	225	29556	55	332	0	30168
1103	29923	632	55	216	0	30826
1104	657	223	43	29812	0	30735
1105	30517	138	69	713	0	31437
1106	31585	82	88	321	0	32076
1107	758	87	94	30390	0	31329
1108	371	31554	88	645	0	32658
1109	32873	565	71	305	0	33814
1110	33349	192	61	258	0	33860
1111	818	156	35054	186	0	36214
1112	32670	72	318	101	0	33161
1113	491	32429	132	118	0	33170
1114	193	355	63	35585	0	36196
1115	40488	127	21	487	0	41123
1116	658	110	38	40100	0	40906
1117	251	52	36	40274	0	40613
1118	169	40011	37	646	0	40863
1119	40493	485	25	296	0	41299
1120	40543	173	27	175	0	40918
1121	684	39295	51	136	0	40166
1122	309	43115	39	110	0	43573
1123	44784	573	19	77	0	45453
1124	44304	252	27	80	0	44663
1125	695	148	42318	95	0	43256
1126	329	150	40051	85	0	40615
1127	213	117	43357	70	0	43757
1128	134	75	647	43794	0	44650
1129	131	73	240	45416	0	45860
1130	136	79	44778	653	0	45646
1131	43376	67	494	283	0	44220
1132	46357	73	187	172	0	46789
1133	46299	63	133	106	0	46601
1134	45788	71	53	121	0	46033
1135	825	79	48505	101	0	49510
1136	49359	71	503	88	0	50021
1137	52050	65	204	96	0	52415
1138	51654	61	146	94	0	51955
1139	51602	73	79	100	0	51854
1140	51485	67	107	104	0	51763
1141	847	70	52655	126	0	53698
1142	392	51006	518	130	0	52046
1143	275	476	194	53848	0	54793
1144	235	182	137	54730	0	55284
1145	225	131	53428	666	0	54450
1146	49672	78	518	304	0	50572
1147	657	74	202	53088	0	54021
1148	351	76	54352	578	0	55357
1149	301	133	51552	258	0	52244
1150	237	52550	661	207	0	53655
1151	235	500	302	55871	0	56908
1152	204	203	153	56496	0	57056
1153	188	156	125	56256	0	56725
1154	56745	75	115	775	0	57710
1155	625	72	119	56327	0	57143
1156	335	104	55136	694	0	56269
1157	309	142	51480	337	0	52268
1158	264	129	57801	249	0	58443
1159	206	115	764	57737	0	58822
1160	61090	89	311	608	0	62098
1161	676	103	60917	292	0	61988
1162	59857	85	598	216	0	60756
1163	67669	63	371	174	0	68277
1164	811	69	200	69043	0	70123
1165	408	65	147	69498	0	70118
1166	304	67837	170	913	0	69224
1167	258	539	68446	379	0	69622
1168	65691	194	618	242	0	66745
1169	691	144	264	71173	0	72272
1170	343	69819	238	697	0	71097
1171	273	587	153	72289	0	73302
1172	266	236	71176	764	0	72442
1173	225	173	670	69457	0	70525
1174	231	69188	333	759	0	70511
1175	287	554	210	71251	0	72302
1176	70780	210	136	741	0	71867
1177	674	132	149	67499	0	68454
1178	336	64793	176	733	0	66038
1179	243	66471	174	384	0	67272
1180	65712	691	129	274	0	66806
1181	709	387	67055	264	0	68415
1182	324	166	586	65927	0	67003
1183	238	99	315	68512	0	69164
1184	223	115	68391	776	0	69505
1185	180	66118	649	503	0	67450
1186	206	587	69027	233	0	70053
1187	142	334	554	66669	0	67699
1188	137	68133	285	500	0	69055
1189	71282	426	146	219	0	72073
1190	471	68299	145	169	0	69084
1191	208	69747	127	176	0	70258
1192	73093	479	91	133	0	73796
1193	73661	198	100	155	0	74114
1194	74920	113	83	141	0	75257
1195	562	103	99	74511	0	75275
1196	268	94	73914	454	0	74730
1197	71716	76	433	239	0	72464
1198	78351	66	207	155	0	78779
1199	680	237	118	80377	0	81412
1200	264	88	80312	711	0	81375
1201	162	77136	664	290	0	78252
1202	80721	653	166	152	0	81692
1203	85556	191	238	128	0	86113
1204	750	84026	137	151	0	85064
1205	223	87645	96	126	0	88090
1206	90016	729	55	84	0	90884
1207	89222	206	56	112	0	89596
1208	88806	126	62	85	0	89079
1209	798	99	57	87543	0	88497
1210	286	101	89941	700	0	91028
1211	154	62	589	86208	0	87013
1212	149	108	87450	741	0	88448
1213	96	83354	665	285	0	84400
1214	96	85172	174	163	0	85605
1215	126	497	118	81651	0	82392
1216	66	111	45	82854	0	83076
1217	74	77	43	81798	0	81992
1218	69	81419	80	546	0	82114
1219	83001	467	50	143	0	83661
1220	80606	113	47	107	0	80873
1221	500	82497	63	158	0	83218
1222	152	508	42	80133	0	80835
1223	103	79785	38	485	0	80411
1224	120	514	35	80764	0	81433
1225	114	80344	46	514	0	81018
1226	81483	502	48	132	0	82165
1227	516	112	48	79895	0	80571
1228	170	101	78086	555	0	78912
1229	76804	78	482	164	0	77528
1230	78746	79	94	128	0	79047
1231	577	135	78208	109	0	79029
1232	192	102	478	77777	0	78549
1233	121	127	80258	633	0	81139
1234	80	95	474	79738	0	80387
1235	126	123	76953	554	0	77756
1236	72436	107	479	180	0	73202
1237	559	96	94	75091	0	75840
1238	159	72629	131	574	0	73493
1239	77848	595	53	152	0	78648
1240	623	173	50	78298	0	79144
1241	186	134	48	77842	0	78210
1242	171	132	75420	851	0	76574
1243	138	108	552	77882	0	78680
1244	169	112	80931	889	0	82101
1245	171	158	84729	231	0	85289
1246	133	106	903	88112	0	89254
1247	194	118	95430	881	0	96623
1248	92998	87	1161	264	0	94510
1249	114203	107	298	202	0	114810
1250	120808	151	197	195	0	121351
1251	2670	127507	208	262	0	130647
1252	943	2462	137	130019	0	133561
1253	584	810	149	126784	0	128327
1254	351	132169	156	2812	0	135488
1255	132481	2653	202	913	0	136249
1256	2597	826	84	133338	0	136845
1257	860	481	134919	3009	0	139269
1258	606	487	127730	1008	0	129831
1259	357	127191	3124	733	0	131405
1260	132996	2581	1059	421	0	137057
1261	2819	801	129955	385	0	133960
1262	120985	504	2878	356	0	124723
1263	2883	118641	1204	468	0	123196
1264	1120	2443	123917	346	0	127826
1265	729	959	124547	313	0	126548
1266	560	630	124651	407	0	126248
1267	505	117933	3706	669	0	122813
1268	520	2766	123541	398	0	127225
1269	120902	863	3121	341	0	125227
1270	2809	499	1218	124250	0	128776
1271	1089	411	825	128142	0	130467
1272	736	513	650	129816	0	131715
1273	642	429	434	131165	0	132670
1274	667	472	124843	4064	0	130046
1275	526	462	2744	125593	0	129325
1276	616	315	1062	129736	0	131729
1277	126296	476	769	3851	0	131392
1278	128626	417	852	1501	0	131396
1279	126970	329	918	1077	0	129294
1280	3750	829	122444	751	0	127774
1281	1659	126638	3123	711	0	132131
1282	978	134654	1426	670	0	137728
1283	124637	3722	920	622	0	129901
1284	3011	131402	822	731	0	135966
1285	1171	3486	780	130723	0	136160
1286	807	1348	767	135416	0	138338
1287	733	934	128470	4221	0	134358
1288	545	124114	3555	2054	0	130268
1289	624	3155	127532	1197	0	132508
1290	123179	1149	3748	1000	0	129076
1291	131823	752	1539	969	0	135083
1292	4245	549	1125	129816	0	135735
1293	1702	518	898	130017	0	133135
1294	1096	528	848	130420	0	132892
1295	852	598	880	131649	0	133979
1296	819	677	126997	5085	0	133578
1297	777	622	3287	127845	0	132531
1298	835	566	126727	4398	0	132526
1299	845	600	120511	2178	0	124134
1300	815	121925	4083	1658	0	128481
1301	125306	3175	1945	1164	0	131590
1302	3453	126790	1303	1078	0	132624
1303	1369	4009	1168	121893	0	128439
1304	1299	1508	125723	3630	0	132160
1305	122248	1154	3713	1614	0	128729
1306	4083	811	122838	1437	0	129169
1307	123844	707	4098	1271	0	129920
1308	125800	668	1868	1466	0	129802
1309	4730	766	1336	127210	0	134042
1310	2096	820	1403	126549	0	130868
1311	1620	761	1141	128891	0	132413
1312	1360	779	119961	5465	0	127565
1313	119460	863	4146	2497	0	126966
1314	4287	119769	1822	1903	0	127781
1315	2045	3863	1278	123380	0	130566
1316	123851	1623	1150	4866	0	131490
1317	126495	1278	1234	2285	0	131292
1318	127123	1010	1096	2039	0	131268
1319	5965	966	119690	1656	0	128277
1320	122954	1017	4534	1699	0	130204
1321	126358	1233	2055	1829	0	131475
1322	5970	1019	114912	1907	0	123808
1323	2711	1217	124188	1754	0	129870
1324	2026	928	5576	124847	0	133377
1325	1684	963	123253	5082	0	130982
1326	1432	120025	5739	2418	0	129614
1327	1428	127282	3294	1531	0	133535
1328	121402	5229	2320	1221	0	130172
1329	4984	126191	1782	1282	0	134239
1330	2523	4881	1807	126707	0	135918
1331	119959	1948	1769	4787	0	128463
1332	4836	126922	1528	2496	0	135782
1333	2099	4622	1882	126375	0	134978
1334	1826	1779	1814	130580	0	135999
1335	1533	1458	123407	6325	0	132723
1336	1447	1016	4885	125722	0	133070
1337	1546	1054	123529	6055	0	132184
1338	1582	751	123967	3400	0	129700
1339	1694	720	5236	121595	0	129245
1340	1470	819	2402	125749	0	130440
1341	121232	869	1577	6420	0	130098
1342	4959	131016	1483	3391	0	140849
1343	2217	4737	1408	128712	0	137074
1344	1878	2687	1234	132554	0	138353
1345	120484	1396	874	6748	0	129502
1346	5374	117304	1074	3166	0	126918
1347	2456	112432	924	2155	0	117967
1348	1648	107212	994	1682	0	111536
1349	824	93381	628	979	0	95812
1350	76092	3467	2783	657	0	82999
1351	74521	1090	603	506	0	76720
1352	72085	686	234	492	0	73497
1353	72646	390	263	461	0	73760
1354	3214	376	297	69687	0	73574
1355	1176	420	67127	2613	0	71336
1356	758	67296	2354	903	0	71311
1357	511	2362	721	67077	0	70671
1358	526	810	65518	2565	0	69419
1359	518	550	2454	65751	0	69273
1360	536	364	739	67835	0	69474
1361	459	340	64960	3101	0	68860
1362	457	325	2446	65224	0	68452
1363	490	328	782	67337	0	68937
1364	66319	337	598	3278	0	70532
1365	66584	320	444	1345	0	68693
1366	66637	324	365	1011	0	68337
1367	66541	362	360	753	0	68016
1368	3483	354	345	63305	0	67487
1369	1370	360	332	65142	0	67204
1370	981	384	336	65475	0	67176
1371	62459	394	338	3515	0	66706
1372	2922	380	317	62795	0	66414
1373	1194	337	310	64924	0	66765
1374	1084	378	59035	3404	0	63901
1375	888	498	2378	58596	0	62360
1376	817	57815	776	3115	0	62523
1377	704	61796	594	1272	0	64366
1378	58438	2729	470	984	0	62621
1379	2789	984	56309	967	0	61049
1380	938	53841	2223	836	0	57838
1381	53498	2243	765	605	0	57111
1382	2468	811	508	53384	0	57171
1383	948	697	52129	2559	0	56333
1384	760	955	2158	49935	0	53808
1385	693	52285	689	2570	0	56237
1386	50987	2212	665	1065	0	54929
1387	2253	52934	435	899	0	56521
1388	53545	2443	318	800	0	57106
1389	54901	855	323	816	0	56895
1390	2865	643	435	53540	0	57483
1391	1154	464	260	53024	0	54902
1392	849	52728	327	2853	0	56757
1393	53921	2235	447	1270	0	57873
1394	2591	912	52256	1041	0	56800
1395	51800	690	2128	756	0	55374
1396	52439	521	630	751	0	54341
1397	2940	414	48944	851	0	53149
1398	1109	467	2000	47031	0	50607
1399	47554	496	782	2404	0	51236
1400	2501	363	46324	1094	0	50282
1401	1047	410	44260	874	0	46591
1402	41514	326	2052	731	0	44623
1403	2146	41323	871	649	0	44989
1404	903	39052	631	513	0	41099
1405	936	2033	514	37713	0	41196
1406	789	896	36951	1777	0	40413
1407	35955	786	1905	756	0	39402
1408	1913	512	36290	672	0	39387
1409	887	34629	1648	543	0	37707
1410	34834	1737	584	465	0	37620
1411	1873	807	444	34368	0	37492
1412	35040	501	430	1823	0	37794
1413	2003	408	33700	808	0	36919
1414	1026	576	1479	33008	0	36089
1415	748	34692	698	1629	0	37767
1416	581	1724	502	33892	0	36699
1417	663	663	407	35717	0	37450
1418	672	543	33722	2085	0	37022
1419	744	33110	1544	942	0	36340
1420	610	34020	718	756	0	36104
1421	651	1586	32328	664	0	35229
1422	30545	775	1527	546	0	33393
1423	32537	461	612	625	0	34235
1424	1687	355	546	30955	0	33543
1425	29788	294	512	1397	0	31991
1426	1673	28177	418	653	0	30921
1427	699	30780	348	767	0	32594
1428	30828	1546	411	564	0	33349
1429	1808	788	323	30662	0	33581
1430	31497	513	292	1578	0	33880
1431	32458	347	309	842	0	33956
1432	2028	343	258	29388	0	32017
1433	994	472	28317	1636	0	31419
1434	28901	437	1342	687	0	31367
1435	29775	338	521	593	0	31227
1436	1958	313	438	28326	0	31035
1437	1076	28540	438	1442	0	31496
1438	826	1496	302	29213	0	31837
1439	678	566	27821	1811	0	30876
1440	566	450	27599	789	0	29404
1441	650	27127	1524	718	0	30019
1442	1098	759	622	15760	0	18239
1443	203	259	386	15992	0	16840
1444	253	339	15436	618	0	16646
1445	14974	196	528	433	0	16131
1446	16581	125	316	258	0	17280
1447	16640	108	291	240	0	17279
1448	16909	219	182	220	0	17530
1449	872	15868	154	281	0	17175
1450	451	16809	141	300	0	17701
1451	17346	648	257	187	0	18438
1452	862	276	158	17634	0	18930
1453	466	271	113	18403	0	19253
1454	316	18014	125	836	0	19291
1455	354	710	140	18402	0	19606
1456	235	411	121	18098	0	18865
1457	241	17695	158	958	0	19052
1458	352	726	17441	427	0	18946
1459	233	301	632	18122	0	19288
1460	17884	265	254	885	0	19288
1461	18320	314	195	376	0	19205
1462	927	163	17450	423	0	18963
1463	432	143	17252	320	0	18147
1464	390	220	17234	192	0	18036
1465	311	224	748	16230	0	17513
1466	241	154	16443	708	0	17546
1467	254	148	16442	298	0	17142
1468	327	200	719	15710	0	16956
1469	226	16780	426	644	0	18076
1470	238	624	16679	331	0	17872
1471	166	17134	600	265	0	18165
1472	17169	660	267	192	0	18288
1473	587	17223	237	241	0	18288
1474	270	682	174	17388	0	18514
1475	17223	259	183	658	0	18323
1476	624	209	167	17298	0	18298
1477	323	119	158	17899	0	18499
1478	273	147	16907	784	0	18111
1479	205	16184	611	412	0	17412
1480	183	17187	296	288	0	17954
1481	152	614	213	16241	0	17220
1482	141	287	168	16744	0	17340
1483	109	174	186	16978	0	17447
1484	152	141	15903	744	0	16940
1485	144	164	15846	354	0	16508
1486	14898	113	614	298	0	15923
1487	485	106	15139	207	0	15937
1488	183	122	14625	141	0	15071
1489	126	14375	584	156	0	15241
1490	100	540	224	14407	0	15271
1491	130	149	14291	457	0	15027
1492	86	108	442	14142	0	14778
1493	79	71	14555	551	0	15256
1494	81	62	506	14615	0	15264
1495	74	71	15535	575	0	16255
1496	74	67	509	15406	0	16056
1497	76	70	219	15305	0	15670
1498	64	16149	168	598	0	16979
1499	68	450	130	16561	0	17209
1500	56	16695	134	578	0	17463
1501	50	506	145	17220	0	17921
1502	60	168	129	17595	0	17952
1503	16972	128	135	697	0	17932
1504	451	122	129	17170	0	17872
1505	190	95	17116	695	0	18096
1506	126	90	574	17226	0	18016
1507	78	94	202	17942	0	18316
1508	90	94	17094	714	0	17992
1509	85	101	17100	393	0	17679
1510	73	97	590	16937	0	17697
1511	83	160	261	17821	0	18325
1512	80	85	17166	775	0	18106
1513	65	16356	498	383	0	17302
1514	61	17438	259	330	0	18088
1515	16906	554	205	316	0	17981
1516	504	225	142	17273	0	18144
1517	17653	152	142	703	0	18650
1518	17164	100	251	295	0	17810
1519	519	16930	141	346	0	17936
1520	17245	500	159	286	0	18190
1521	17462	163	209	250	0	18084
1522	590	138	16889	235	0	17852
1523	229	120	527	16922	0	17798
1524	144	111	17382	672	0	18309
1525	87	228	627	17504	0	18446
1526	123	140	17358	675	0	18296
1527	94	15859	495	322	0	16770
1528	160	16531	237	225	0	17153
1529	81	632	150	15814	0	16677
1530	15365	158	138	438	0	16099
1531	425	98	121	15050	0	15694
1532	126	139	114	15382	0	15761
1533	160	100	15216	504	0	15980
1534	135	82	15222	270	0	15709
1535	88	58	15409	224	0	15779
1536	92	77	488	14915	0	15572
1537	64	81	284	14571	0	15000
1538	44	14798	173	543	0	15558
1539	72	15568	199	227	0	16066
1540	15208	522	134	189	0	16053
1541	352	15567	121	214	0	16254
1542	151	427	15354	243	0	16175
1543	182	154	417	15283	0	16036
1544	75	171	15865	554	0	16665
1545	90	15918	481	297	0	16786
1546	91	376	224	15896	0	16587
1547	15205	137	215	443	0	16000
1548	351	89	15205	242	0	15887
1549	102	14760	428	294	0	15584
1550	67	366	14827	222	0	15482
1551	40	14327	406	147	0	14920
1552	247	638	124	13651	0	14660
1553	13795	101	68	245	0	14209
1554	13604	124	70	123	0	13921
1555	258	13316	111	118	0	13803
1556	13640	208	67	164	0	14079
1557	230	83	122	13371	0	13806
1558	13674	117	87	278	0	14156
1559	259	45	13517	178	0	13999
1560	166	56	13504	94	0	13820
1561	62	73	332	12927	0	13394
1562	70	102	97	14334	0	14603
1563	62	66	13834	327	0	14289
1564	59	138	246	13679	0	14122
1565	13893	60	111	353	0	14417
1566	13863	76	100	117	0	14156
1567	336	13101	91	117	0	13645
1568	89	13156	64	128	0	13437
1569	12918	263	93	84	0	13358
1570	291	99	54	13015	0	13459
1571	12964	71	57	280	0	13372
1572	293	12585	129	88	0	13095
1573	12700	234	113	83	0	13130
1574	253	110	12244	122	0	12729
1575	93	73	12395	128	0	12689
1576	61	63	304	12187	0	12615
1577	64	53	12559	322	0	12998
1578	140	62	248	12261	0	12711
1579	144	67	66	12345	0	12622
1580	76	88	12911	259	0	13334
1581	73	100	245	12528	0	12946
1582	114	44	58	13398	0	13614
1583	71	44	13566	354	0	14035
1584	71	46	13453	103	0	13673
1585	13399	81	317	87	0	13884
1586	354	38	14429	82	0	14903
1587	15070	24	386	87	0	15567
1588	16397	23	140	73	0	16633
1589	472	33	16475	134	0	17114
1590	157	32	16632	58	0	16879
1591	117	83	474	15545	0	16219
1592	47	32	159	15495	0	15733
1593	40	15330	124	452	0	15946
1594	35	16441	89	159	0	16724
1595	41	458	15526	93	0	16118
1596	14942	131	415	75	0	15563
1597	15745	82	123	51	0	16001
1598	500	62	14744	44	0	15350
1599	154	59	14590	42	0	14845
1600	104	27	439	14053	0	14623
1601	66	14448	159	353	0	15026
1602	61	380	100	14693	0	15234
1603	52	100	74	15212	0	15438
1604	14969	62	73	476	0	15580
1605	14613	53	47	150	0	14863
1606	455	34	49	14862	0	15400
1607	138	28	14811	431	0	15408
1608	14301	19	383	133	0	14836
1609	407	14882	117	106	0	15512
1610	15263	362	82	86	0	15793
1611	15021	94	72	59	0	15246
1612	461	15037	62	60	0	15620
1613	147	15733	60	64	0	16004
1614	102	460	47	15419	0	16028
1615	102	121	38	15696	0	15957
1616	72	15580	56	501	0	16209
1617	65	411	49	15305	0	15830
1618	56	110	53	15766	0	15985
1619	55	75	15581	511	0	16222
1620	15576	44	386	178	0	16184
1621	16308	44	122	114	0	16588
1622	16579	40	83	88	0	16790
1623	527	39	72	16136	0	16774
1624	15975	24	58	418	0	16475
1625	470	15363	58	188	0	16079
1626	181	386	48	14992	0	15607
1627	96	14909	66	384	0	15455
1628	80	16074	50	129	0	16333
1629	16100	503	37	66	0	16706
1630	16288	135	45	70	0	16538
1631	16295	76	31	55	0	16457
1632	16309	51	36	55	0	16451
1633	16303	33	41	46	0	16423
1634	539	52	16775	48	0	17414
1635	17000	28	350	52	0	17430
1636	472	40	17299	43	0	17854
1637	16781	31	386	35	0	17233
1638	17241	31	131	43	0	17446
1639	17043	26	85	39	0	17193
1640	503	50	17548	55	0	18156
1641	182	156	351	16188	0	16877
1642	125	17294	125	296	0	17840
1643	18239	348	63	90	0	18740
1644	17855	100	65	63	0	18083
1645	470	18182	62	71	0	18785
1646	18745	368	56	42	0	19211
1647	442	98	62	18060	0	18662
1648	171	18264	59	354	0	18848
1649	19034	368	39	122	0	19563
1650	19047	109	51	76	0	19283
1651	491	72	50	18730	0	19343
1652	19090	62	61	395	0	19608
1653	475	43	66	19275	0	19859
1654	194	44	60	19731	0	20029
1655	146	63	19122	490	0	19821
1656	109	69	337	18822	0	19337
1657	104	70	118	19706	0	19998
1658	103	65	19344	494	0	20006
1659	120	69	18825	160	0	19174
1660	111	59	429	19061	0	19660
1661	102	47	19166	416	0	19731
1662	17737	41	392	165	0	18335
1663	376	20143	153	108	0	20780
1664	159	340	84	22012	0	22595
1665	107	117	75	22542	0	22841
1666	122	69	53	22577	0	22821
1667	22644	58	35	476	0	23213
1668	22197	48	47	197	0	22489
1669	22991	44	53	142	0	23230
1670	499	22219	50	123	0	22891
1671	240	345	36	23108	0	23729
1672	175	208	28	23494	0	23905
1673	23497	83	24	445	0	24049
1674	23377	91	18	163	0	23649
1675	476	83	18	23358	0	23935
1676	214	76	23409	415	0	24114
1677	23181	76	323	168	0	23748
1678	24174	51	91	117	0	24433
1679	515	66	24284	106	0	24971
1680	22542	45	325	97	0	23009
1681	443	53	24111	93	0	24700
1682	23582	18	288	63	0	23951
1683	382	149	136	24707	0	25374
1684	213	25954	79	330	0	26576
1685	174	296	27171	122	0	27763
1686	130	26943	340	92	0	27505
1687	78	26944	85	69	0	27176
1688	30464	322	215	113	0	31114
1689	335	45	21	29610	0	30011
1690	40	27	17	29682	0	29766
1691	31921	16	21	225	0	32183
1692	178	19	18	31621	0	31836
1693	44	28	18	31867	0	31957
1694	26	21	19	31750	0	31816
1695	29	30	14	31405	0	31478
1696	28	19	32046	244	0	32337
1697	44	26	30700	71	0	30841
1698	33	30162	213	69	0	30477
1699	32285	174	43	51	0	32553
1700	190	35	16	33032	0	33273
1701	44	31830	59	232	0	32165
1702	35	243	20	34644	0	34942
1703	34	42	20	35102	0	35198
1704	31	27	19	35077	0	35154
1705	32	32	23	36035	0	36122
1706	29	23	22	35889	0	35963
1707	28	34449	167	252	0	34896
1708	29	195	15	36414	0	36653
1709	57	75	35529	241	0	35902
1710	37	34792	182	232	0	35243
1711	28	189	36	36729	0	36982
1712	32	44	29	36510	0	36615
1713	34	34889	38	439	0	35400
1714	25	35925	37	109	0	36096
1715	36295	206	25	61	0	36587
1716	170	35050	43	76	0	35339
1717	36342	189	22	58	0	36611
1718	35730	49	34	63	0	35876
1719	217	47	37854	57	0	38175
1720	62	47	182	34797	0	35088
1721	49	96	38120	220	0	38485
1722	26	37675	198	106	0	38005
1723	39	402	43	38279	0	38763
1724	47	47	23	39141	0	39258
1725	27	37	24	39191	0	39279
1726	38	27	14	39946	0	40025
1727	47	27	40527	276	0	40877
1728	23	34	203	39530	0	39790
1729	46	27	41114	267	0	41454
1730	38	51	39882	95	0	40066
1731	38237	35	268	83	0	38623
1732	41429	23	60	76	0	41588
1733	42101	17	35	71	0	42224
1734	279	39072	61	72	0	39484
1735	78	240	27	41600	0	41945
1736	58	60	41935	358	0	42411
1737	49	36	232	41192	0	41509
1738	49	53	43189	269	0	43560
1739	42211	24	262	91	0	42588
1740	43493	27	71	63	0	43654
1741	43803	35	41	61	0	43940
1742	314	67	42230	56	0	42667
1743	108	79	41729	48	0	41964
1744	37	46	264	42778	0	43125
1745	47	38	84	43304	0	43473
1746	33	22	51	44721	0	44827
1747	51	38	44043	299	0	44431
1748	64	71	40209	124	0	40468
1749	41818	21	268	77	0	42184
1750	242	24	72	44931	0	45269
1751	61	30	50	45110	0	45251
1752	46500	23	46	326	0	46895
1753	232	33	37	45653	0	45955
1754	49255	22	39	310	0	49626
1755	51294	21	62	130	0	51507
1756	49514	25	53	99	0	49691
1757	321	34	51786	71	0	52212
1758	98	49352	259	444	0	50153
1759	55102	243	58	66	0	55469
1760	278	56	42	53725	0	54101
1761	99	44	28	53608	0	53779
1762	56	52639	53	330	0	53078
1763	53237	239	35	117	0	53628
1764	52091	61	50	83	0	52285
1765	53016	38	40	70	0	53164
1766	292	52007	88	81	0	52468
1767	58322	253	33	62	0	58670
1768	58464	71	27	79	0	58641
1769	58280	36	26	71	0	58413
1770	324	45	27	56423	0	56819
1771	106	159	27	57521	0	57813
1772	152	213	58487	455	0	59307
1773	81	49	237	56489	0	56856
1774	67	41	63	59125	0	59296
1775	86	37	59162	333	0	59618
1776	55569	31	252	112	0	55964
1777	59669	21	58	74	0	59822
1778	311	128	47	58371	0	58857
1779	100	56466	62	284	0	56912
1780	76	57600	58	148	0	57882
1781	54	579	38	58625	0	59296
1782	82	106	56851	399	0	57438
1783	64	39	171	54174	0	54448
1784	62	27	57366	224	0	57679
1785	63	63	57467	84	0	57677
1786	27	27	127	58072	0	58253
1787	60506	11	49	134	0	60700
1788	56878	15	37	67	0	56997
1789	155	9	22	58077	0	58263
1790	68	22	30	58699	0	58819
1791	46	17	26	58405	0	58494
1792	42	16	25	58010	0	58093
1793	58965	9	31	174	0	59179
1794	57214	10	41	108	0	57373
1795	57612	18	37	88	0	57755
1796	176	33	57487	51	0	57747
1797	69	12	122	56859	0	57062
1798	56	28	41	59318	0	59443
1799	60006	11	32	162	0	60211
1800	147	55877	83	107	0	56214
1801	59455	113	25	58	0	59651
1802	58715	41	29	68	0	58853
1803	58348	24	17	61	0	58450
1804	58094	16	57	59	0	58226
1805	256	70	58198	44	0	58568
1806	139	146	54657	43	0	54985
1807	61028	6	305	43	0	61382
1808	62399	16	75	36	0	62526
1809	61127	13	52	38	0	61230
1810	62849	14	31	62	0	62956
1811	387	43	66078	47	0	66555
1812	126	67314	435	71	0	67946
1813	115	462	113	75946	0	76636
1814	80743	156	55	682	0	81636
1815	81995	55	31	294	0	82375
1816	87578	37	49	149	0	87813
1817	89155	21	38	92	0	89306
1818	89724	25	53	83	0	89885
1819	86232	40	142	75	0	86489
1820	1999	99	82339	69	0	84506
1821	776	84	82949	41	0	83850
1822	439	184	1326	81724	0	83673
1823	403	62	83902	1075	0	85442
1824	304	79368	1297	599	0	81568
1825	285	84322	586	261	0	85454
1826	242	1375	354	86699	0	88670
1827	232	502	89023	1078	0	90835
1828	207	320	84268	576	0	85371
1829	84523	147	1549	238	0	86457
1830	93824	134	658	165	0	94781
1831	1776	147	348	94804	0	97075
1832	97603	111	236	1490	0	99440
1833	1779	92	220	96496	0	98587
1834	732	72	212	97733	0	98749
1835	660	88	97491	2056	0	100295
1836	380	132	94549	803	0	95864
1837	268	232	1993	94327	0	96820
1838	326	95	95245	1712	0	97378
1839	89127	65	1800	788	0	91780
1840	96518	56	716	464	0	97754
1841	2137	95390	445	387	0	98359
1842	99142	1508	320	260	0	101230
1843	2078	543	95713	250	0	98584
1844	95388	213	1764	211	0	97576
1845	98684	107	731	210	0	99732
1846	99590	101	430	218	0	100339
1847	2631	121	307	93921	0	96980
1848	1152	94892	375	1574	0	97993
1849	99001	1627	286	592	0	101506
1850	99211	582	298	403	0	100494
1851	2537	284	314	98473	0	101608
1852	99212	165	309	1885	0	101571
1853	2293	99208	333	821	0	102655
1854	1131	1794	239	99413	0	102577
1855	838	680	96109	2057	0	99684
1856	85516	391	2049	944	0	88900
1857	2370	284	95398	523	0	98575
1858	1106	190	2078	94645	0	98019
1859	759	94382	888	2056	0	98085
1860	659	105448	569	847	0	107523
1861	667	2806	411	105723	0	109607
1862	612	111643	473	2559	0	115287
1863	642	3324	398	143163	0	147527
1864	615	1096	418	152246	0	154375
1865	619	701	357	155221	0	156898
1866	147919	507	343	6356	0	155125
1867	5002	435	269	148354	0	154060
1868	1899	537	140211	5774	0	148421
1869	1220	141964	4472	2433	0	150089
1870	144482	4530	1273	1404	0	151689
1871	5413	1382	738	143408	0	150941
1872	2083	782	509	146700	0	150074
1873	1388	548	531	150121	0	152588
1874	1351	682	138609	7073	0	147715
1875	999	141281	4718	2696	0	149694
1876	144149	4832	1554	1662	0	152197
1877	5220	1679	938	136048	0	143885
1878	1780	144374	853	5030	0	152037
1879	146802	5085	794	2235	0	154916
1880	5415	1813	143068	1611	0	151907
1881	144306	1118	5137	1297	0	151858
1882	6046	921	146325	1125	0	154417
1883	2361	946	145221	1106	0	149634
1884	1496	141942	6206	1360	0	151004
1885	1306	5455	2286	139100	0	148147
1886	1425	1788	137941	5534	0	146688
1887	1154	134344	5666	2426	0	143590
1888	1009	5066	2138	131892	0	140105
1889	918	133571	1495	5508	0	141492
1890	972	5452	133827	2266	0	142517
1891	781	2076	5444	135137	0	143438
1892	899	1457	135328	6106	0	143790
1893	832	1090	5802	135966	0	143690
1894	875	979	2185	141236	0	145275
1895	997	1103	133426	7320	0	142846
1896	1029	852	5656	137009	0	144546
1897	131173	752	2197	6655	0	140777
1898	5308	131558	1639	3192	0	141697
1899	2207	5225	130497	2157	0	140086
1900	132535	1882	5527	1911	0	141855
1901	5888	1300	2166	125772	0	135126
1902	2445	131181	1486	5713	0	140825
1903	134559	5340	1277	2477	0	143653
1904	138102	2156	1121	1909	0	143288
1905	6846	1533	1083	130149	0	139611
1906	2826	1578	1014	134028	0	139446
1907	1830	1092	1053	135732	0	139707
1908	1469	1135	991	133437	0	137032
1909	1442	127580	1044	8001	0	138067
1910	1388	6486	1140	120620	0	129634
1911	1189	120789	979	6511	0	129468
1912	1071	120820	1052	3365	0	126308
1913	914	118889	1082	2489	0	123374
1914	1316	6268	104583	2146	0	114313
1915	852	111574	4762	2290	0	119478
1916	102683	5069	2123	1995	0	111870
1917	4390	104105	1138	2133	0	111766
1918	1679	5087	1034	93221	0	101021
1919	1318	104145	1073	4819	0	111355
1920	1246	5141	1004	102474	0	109865
1921	1162	2322	1047	107622	0	112153
1922	1114	1801	101245	6240	0	110400
1923	100004	1574	4515	3031	0	109124
1924	104412	1429	1583	2523	0	109947
1925	102681	1261	1292	2328	0	107562
1926	5397	100098	1264	2533	0	109292
1927	2158	4598	1266	98625	0	106647
1928	1673	2090	93971	5645	0	103379
1929	1338	95803	4645	2860	0	104646
1930	1344	5021	1755	81207	0	89327
1931	1359	90383	1313	4101	0	97156
1932	89568	4744	1281	1876	0	97469
1933	92158	2183	1182	1600	0	97123
1934	92834	1550	1351	1461	0	97196
1935	92357	1407	1454	1377	0	96595
1936	5308	1285	1328	87946	0	95867
1937	2021	1370	1304	88200	0	92895
1938	1473	87729	1315	5270	0	95787
1939	1339	4521	1044	90197	0	97101
1940	1236	1931	85926	5394	0	94487
1941	966	1484	4078	87181	0	93709
1942	923	1485	83493	5345	0	91246
1943	888	82953	4370	2754	0	90965
1944	885	4355	83876	2081	0	91197
1945	840	1852	4641	84619	0	91952
1946	785	1512	85224	5178	0	92699
1947	748	1303	4515	85809	0	92375
1948	901	1255	1922	87785	0	91863
1949	1053	1294	1437	87580	0	91364
1950	1083	1269	1184	88018	0	91554
1951	83026	1217	963	5643	0	90849
1952	4174	83578	916	2743	0	91411
1953	82666	4086	813	2241	0	89806
1954	4382	1782	79286	2020	0	87470
1955	79750	1361	3503	1868	0	86482
1956	83316	1135	1196	1924	0	87571
1957	5084	1176	77961	1694	0	85915
1958	3156	1072	76002	1647	0	81877
1959	1619	74240	3968	1809	0	81636
1960	1101	69992	1603	1642	0	74338
1961	1810	3763	62138	1459	0	69170
1962	812	57220	2700	1681	0	62413
1963	1087	1889	1180	26029	0	30185
1964	22295	227	259	759	0	23540
1965	447	217	71	22331	0	23066
1966	22834	134	68	529	0	23565
1967	22821	132	72	268	0	23293
1968	531	22560	86	233	0	23410
1969	22970	396	61	179	0	23606
1970	23191	188	51	172	0	23602
1971	512	161	52	22508	0	23233
1972	22868	113	52	440	0	23473
1973	487	22590	61	236	0	23374
1974	218	502	62	22845	0	23627
1975	23005	186	68	455	0	23714
1976	456	172	21639	230	0	22497
1977	21541	93	354	151	0	22139
1978	433	214	126	21716	0	22489
1979	179	82	21468	376	0	22105
1980	148	99	20693	167	0	21107
1981	19927	61	427	104	0	20519
1982	21099	39	133	77	0	21348
1983	377	46	95	20735	0	21253
1984	165	48	53	21030	0	21296
1985	134	46	46	20930	0	21156
1986	107	20522	56	386	0	21071
1987	21741	289	32	189	0	22251
1988	331	21252	46	180	0	21809
1989	22116	344	49	112	0	22621
1990	401	127	21294	125	0	21947
1991	183	91	284	21743	0	22301
1992	22568	66	105	500	0	23239
1993	364	71	100	22591	0	23126
1994	192	56	65	22366	0	22679
1995	169	21487	80	408	0	22144
1996	22261	294	59	213	0	22827
1997	360	23015	62	179	0	23616
1998	139	401	58	23306	0	23904
1999	137	153	22511	399	0	23200
2000	19669	103	340	192	0	20304
2001	389	103	22310	129	0	22931
2002	20508	63	388	105	0	21064
2003	420	22103	150	142	0	22815
2004	157	374	132	21770	0	22433
2005	138	22152	115	395	0	22800
2006	23360	429	71	157	0	24017
2007	452	148	61	23193	0	23854
2008	175	129	46	23870	0	24220
2009	181	85	22476	564	0	23306
2010	20737	95	355	297	0	21484
2011	440	71	118	23393	0	24022
2012	196	79	22133	453	0	22861
2013	161	21087	404	214	0	21866
2014	124	356	138	22225	0	22843
2015	22455	136	122	425	0	23138
2016	407	127	84	22556	0	23174
2017	180	155	21960	485	0	22780
2018	22743	74	373	200	0	23390
2019	542	63	114	23396	0	24115
2020	191	71	25069	581	0	25912
2021	167	303	584	25098	0	26152
2022	110	89	187	25703	0	26089
2023	102	25414	144	741	0	26401
2024	25367	590	87	310	0	26354
2025	619	25238	82	225	0	26164
2026	25673	677	84	137	0	26571
2027	733	209	52	25084	0	26078
2028	241	25429	57	588	0	26315
2029	197	625	54	26217	0	27093
2030	114	234	25089	762	0	26199
2031	23593	158	565	240	0	24556
2032	617	91	166	24559	0	25433
2033	220	61	142	24582	0	25005
2034	184	82	97	24955	0	25318
2035	151	62	23721	905	0	24839
2036	119	88	23551	398	0	24156
2037	125	23451	708	298	0	24582
2038	63	602	251	23484	0	24400
2039	23217	189	156	644	0	24206
2040	586	23434	97	270	0	24387
2041	207	602	83	24735	0	25627
2042	24756	213	93	671	0	25733
2043	24409	165	74	297	0	24945
2044	762	23755	79	248	0	24844
2045	26506	617	85	170	0	27378
2046	28997	224	75	180	0	29476
2047	1005	232	59	30309	0	31605
2048	425	29897	109	1040	0	31471
2049	291	943	89	31612	0	32935
2050	31123	356	56	1249	0	32784
2051	1176	267	30327	452	0	32222
2052	434	141	964	30605	0	32144
2053	345	209	280	31423	0	32257
2054	202	153	29796	1535	0	31686
2055	233	187	998	30626	0	32044
2056	30310	118	376	1451	0	32255
2057	30230	118	318	631	0	31297
2058	1339	101	190	30510	0	32140
2059	596	120	29480	1408	0	31604
2060	389	155	27888	726	0	29158
2061	319	28774	1251	549	0	30893
2062	335	30250	491	423	0	31499
2063	315	1163	307	29247	0	31032
2064	28762	430	249	1170	0	30611
2065	1009	28680	252	566	0	30507
2066	28506	1066	252	410	0	30234
2067	1155	457	230	28151	0	29993
2068	436	389	142	29098	0	30065
2069	27647	241	127	1400	0	29415
2070	1119	27548	127	697	0	29491
2071	28567	1050	121	476	0	30214
2072	1300	444	27170	360	0	29274
2073	518	340	26945	370	0	28173
2074	436	190	1126	26478	0	28230
2075	313	244	26839	1171	0	28567
2076	344	208	26810	520	0	27882
2077	269	218	1244	25785	0	27516
2078	309	174	26598	1109	0	28190
2079	239	125	1248	26168	0	27780
2080	211	123	571	26988	0	27893
2081	213	131	26794	1448	0	28586
2082	221	122	1144	26384	0	27871
2083	196	149	576	26280	0	27201
2084	216	25468	433	1462	0	27579
2085	26127	938	359	792	0	28216
2086	1026	367	25576	616	0	27585
2087	421	328	1070	25386	0	27205
2088	287	171	545	26507	0	27510
2089	223	228	24610	1491	0	26552
2090	23372	211	1046	827	0	25456
2091	1041	24598	520	590	0	26749
2092	457	957	357	24599	0	26370
2093	378	473	306	24863	0	26020
2094	254	24170	345	1657	0	26426
2095	331	979	23238	956	0	25504
2096	248	24305	1090	601	0	26244
2097	23515	1090	422	496	0	25523
2098	1031	445	23156	483	0	25115
2099	394	369	1045	23728	0	25536
2100	364	273	23595	1274	0	25506
2101	262	295	23647	626	0	24830
2102	276	22974	1280	522	0	25052
2103	396	963	575	22331	0	24265
2104	22455	364	462	1148	0	24429
2105	22553	284	411	606	0	23854
2106	1068	21704	398	592	0	23762
2107	455	971	418	22563	0	24407
2108	22397	400	374	1162	0	24333
2109	22853	380	288	590	0	24111
2110	1191	22235	295	557	0	24278
2111	22972	937	271	402	0	24582
2112	1182	430	251	22104	0	23967
2113	546	22356	287	1075	0	24264
2114	496	925	287	22945	0	24653
2115	395	445	236	23287	0	24363
2116	412	422	222	23325	0	24381
2117	340	307	21489	1410	0	23546
2118	316	327	19950	688	0	21281
2119	281	20238	939	621	0	22079
2120	18053	756	386	449	0	19644
2121	715	18104	270	498	0	19587
2122	318	734	341	18179	0	19572
2123	269	315	19115	877	0	20576
2124	196	289	827	18635	0	19947
2125	218	259	422	19653	0	20552
2126	213	296	318	20114	0	20941
2127	19270	223	236	1037	0	20766
2128	630	222	276	19689	0	20817
2129	268	187	19985	1022	0	21462
2130	19671	162	766	578	0	21177
2131	20226	177	337	563	0	21303
2132	20775	289	260	487	0	21811
2133	20977	136	209	463	0	21785
2134	20896	141	240	389	0	21666
2135	959	19717	253	392	0	21321
2136	524	597	248	19102	0	20471
2137	482	19743	189	843	0	21257
2138	20453	636	164	411	0	21664
2139	20479	301	150	348	0	21278
2140	19554	271	140	312	0	20277
2141	908	19085	200	335	0	20528
2142	421	19107	156	287	0	19971
2143	391	19535	153	283	0	20362
2144	561	915	18426	239	0	20141
2145	410	1414	396	15879	0	18099
2146	144	13510	128	287	0	14069
2147	25	11706	21	44	0	11796
2148	15	76	3	12023	0	12117
2149	16	23	9	12134	0	12182
2150	18	16	12079	92	0	12205
2151	12403	14	71	36	0	12524
2152	103	20	20	13555	0	13698
2153	36	12	14	13852	0	13914
2154	23	19	13628	136	0	13806
2155	29	27	12959	44	0	13059
2156	21	13793	129	24	0	13967
2157	10	105	30	14355	0	14500
2158	11	30	15	14874	0	14930
2159	10	53	14228	129	0	14420
2160	13473	7	105	46	0	13631
2161	14571	14	35	28	0	14648
2162	133	22	14679	23	0	14857
2163	14845	9	99	31	0	14984
2164	135	19	15163	21	0	15338
2165	15354	9	108	11	0	15482
2166	16097	8	37	18	0	16160
2167	147	22	16202	12	0	16383
2168	53	12	102	15924	0	16091
2169	34	14	32	16323	0	16403
2170	28	15	21	16972	0	17036
2171	16950	9	17	159	0	17135
2172	16940	15	18	71	0	17044
2173	171	33	17020	97	0	17321
2174	64	47	15654	36	0	15801
2175	17265	8	154	30	0	17457
2176	17852	26	35	29	0	17942
2177	176	24	17408	30	0	17638
2178	49	30	17057	37	0	17173
2179	25	12	162	17535	0	17734
2180	48	11	18275	131	0	18465
2181	43	14	137	16902	0	17096
2182	17894	16	62	163	0	18135
2183	176	16	19152	57	0	19401
2184	18069	11	276	48	0	18404
2185	293	24	22833	47	0	23197
2186	107	15	398	22402	0	22922
2187	68	8	99	24060	0	24235
2188	47	10	77	24591	0	24725
2189	42	24163	67	521	0	24793
2190	50	455	45	24839	0	25389
2191	60	78	32	25524	0	25694
2192	25131	43	47	563	0	25784
2193	501	32	24387	140	0	25060
2194	23379	20	463	94	0	23956
2195	543	22	24682	73	0	25320
2196	22491	21	502	67	0	23081
2197	524	23684	177	65	0	24450
2198	145	449	24585	60	0	25239
2199	76	94	23972	61	0	24203
2200	61	55	546	22546	0	23208
2201	57	36	125	24123	0	24341
2202	62	36	24660	534	0	25292
2203	50	51	25670	155	0	25926
2204	72	57	29054	93	0	29276
2205	31009	17	555	80	0	31661
2206	31985	18	278	71	0	32352
2207	31895	13	155	67	0	32130
2208	596	18	101	31119	0	31834
2209	176	30	109	32010	0	32325
2210	114	26	34664	585	0	35389
2211	83	11	471	33450	0	34015
2212	66	35	141	35340	0	35582
2213	35660	47	104	618	0	36429
2214	35396	34	89	258	0	35777
2215	36479	24	94	195	0	36792
2216	590	35	85	36275	0	36985
2217	205	23	96	36463	0	36787
2218	171	18	95	36859	0	37143
2219	36616	14	123	604	0	37357
2220	549	29	107	35374	0	36059
2221	172	34988	94	527	0	35781
2222	137	457	144	35491	0	36229
2223	105	34112	165	455	0	34837
2224	35374	495	113	202	0	36184
2225	33851	106	123	179	0	34259
2226	488	34093	155	155	0	34891
2227	167	35611	151	204	0	36133
2228	129	546	141	35929	0	36745
2229	154	142	34781	545	0	35622
2230	157	90	535	32953	0	33735
2231	165	68	35239	604	0	36076
2232	135	34323	520	308	0	35286
2233	116	492	168	35705	0	36481
2234	139	110	142	36293	0	36684
2235	117	81	37688	685	0	38571
2236	137	62	529	36593	0	37321
2237	148	63	38220	659	0	39090
2238	37835	52	547	243	0	38677
2239	39326	52	169	194	0	39741
2240	39603	33	131	199	0	39966
2241	678	44	130	38450	0	39302
2242	254	145	84	39017	0	39500
2243	207	60	39949	712	0	40928
2244	165	42	552	38391	0	39150
2245	133	38500	186	700	0	39519
2246	141	511	40033	274	0	40959
2247	146	197	38962	218	0	39523
2248	159	139	624	35680	0	36602
2249	151	89	40304	633	0	41177
2250	147	142	40262	250	0	40801
2251	36500	108	599	248	0	37455
2252	508	41878	262	250	0	42898
2253	45756	477	161	242	0	46636
2254	45660	127	131	249	0	46167
2255	46043	110	145	186	0	46484
2256	618	113	155	45110	0	45996
2257	251	83	115	46397	0	46846
2258	192	78	45828	677	0	46775
2259	185	66	543	44465	0	45259
2260	126	44962	232	650	0	45970
2261	46496	467	224	250	0	47437
2262	485	45381	223	230	0	46319
2263	224	46587	162	200	0	47173
2264	211	576	166	47229	0	48182
2265	192	187	47528	580	0	48487
2266	160	126	523	46105	0	46914
2267	171	101	47263	627	0	48162
2268	138	44154	611	445	0	45348
2269	48119	487	209	238	0	49053
2270	48029	108	205	203	0	48545
2271	48591	111	187	195	0	49084
2272	634	140	49727	198	0	50699
2273	249	173	46421	161	0	47004
2274	50514	70	574	208	0	51366
2275	52163	64	196	208	0	52631
2276	52688	86	161	185	0	53120
2277	643	64	138	51071	0	51916
2278	304	50	74	52427	0	52855
2279	52541	67	86	617	0	53311
2280	51547	71	175	286	0	52079
2281	623	88	52865	267	0	53843
2282	254	133	50293	161	0	50841
2283	50604	46	336	145	0	51131
2284	384	72	51965	126	0	52547
2285	48053	19	174	158	0	48404
2286	194	33	49239	47	0	49513
2287	40	203	107	47004	0	47354
2288	59	28	50619	83	0	50789
2289	33	10	88	51055	0	51186
2290	25	19	25	51840	0	51909
2291	23	51485	75	113	0	51696
2292	54644	68	27	43	0	54782
2293	107	46	54610	28	0	54791
2294	51439	23	93	37	0	51592
2295	99	53321	100	69	0	53589
2296	58195	79	20	15	0	58309
2297	105	27	15	57269	0	57416
2298	30	12	23	57751	0	57816
2299	25	59708	60	153	0	59946
2300	35	115	17	63744	0	63911
2301	18	41	19	63659	0	63737
2302	26	20	21	63913	0	63980
2303	61641	14	18	262	0	61935
2304	56890	11	25	119	0	57045
2305	262	38	56851	59	0	57210
2306	75	55059	242	98	0	55474
2307	49	201	49	59146	0	59445
2308	36	80	20	60451	0	60587
2309	55	40	60281	318	0	60694
2310	41	30	302	57105	0	57478
2311	59171	13	76	387	0	59647
2312	58458	24	55	124	0	58661
2313	59185	24	34	80	0	59323
2314	432	21	24	59677	0	60154
2315	64394	12	29	408	0	64843
2316	63918	14	25	151	0	64108
2317	65352	16	35	99	0	65502
2318	508	21	23	64642	0	65194
2319	158	27	21	65555	0	65761
2320	100	18	18	65998	0	66134
2321	79	15	31	64521	0	64646
2322	60	22	25	65148	0	65255
2323	100	41	63423	540	0	64104
2324	89	67	62689	187	0	63032
2325	76	59611	495	181	0	60363
2326	67	362	107	64338	0	64874
2327	80	67	54	64362	0	64563
2328	73	41	42	64885	0	65041
2329	99	91	63846	544	0	64580
2330	72	23	382	62821	0	63298
2331	87	40	63213	510	0	63850
2332	60	20	374	63053	0	63507
2333	125	61	66964	507	0	67657
2334	328	64582	448	356	0	65714
2335	43	362	121	67955	0	68481
2336	56	125	65849	466	0	66496
2337	57445	64	447	255	0	58211
2338	391	63925	199	200	0	64715
2339	104	379	72	67870	0	68425
2340	63	65300	122	501	0	65986
2341	51	461	56	68864	0	69432
2342	69433	110	57	551	0	70151
2343	443	77	47	67462	0	68029
2344	121	65063	112	583	0	65879
2345	68489	435	160	206	0	69290
2346	455	129	56	68779	0	69419
2347	120	79	38	70333	0	70570
2348	72023	46	71	813	0	72953
2349	719	54	53	78435	0	79261
2350	232	51	51	102207	0	102541
2351	201	134	103397	2693	0	106425
2352	150	168	102616	940	0	103874
2353	106	50	3161	103309	0	106626
2354	169	84	103981	2849	0	107083
2355	144	176	101071	1080	0	102471
2356	96898	49	3613	795	0	101355
2357	2822	139	103541	397	0	106899
2358	867	101915	3223	619	0	106624
2359	602	2526	1145	106298	0	110571
2360	107884	814	823	2752	0	112273
2361	109682	550	471	1042	0	111745
2362	109025	236	391	846	0	110498
2363	3962	107172	422	635	0	112191
2364	1660	2749	375	106331	0	111115
2365	1038	888	553	111522	0	114001
2366	106736	633	850	3847	0	112066
2367	108535	331	622	1984	0	111472
2368	109861	280	635	1443	0	112219
2369	4307	291	106805	842	0	112245
2370	2109	104882	3522	706	0	111219
2371	1430	122873	1542	651	0	126496
2372	1043	4675	1216	118737	0	125671
2373	708	2021	796	126564	0	130089
2374	947	1173	121237	5617	0	128974
2375	119070	660	4393	2580	0	126703
2376	126704	593	2074	1443	0	130814
2377	5842	650	1334	123252	0	131078
2378	2685	545	802	126698	0	130730
2379	1793	363	903	129475	0	132534
2380	125997	295	687	6453	0	133432
2381	5601	416	120527	2869	0	129413
2382	2616	637	121871	1899	0	127023
2383	1634	706	5389	120672	0	128401
2384	1281	739	119927	5146	0	127093
2385	118497	752	5041	2372	0	126662
2386	122128	490	2128	1881	0	126627
2387	123996	466	1555	1473	0	127490
2388	6506	115727	1176	1385	0	124794
2389	118275	4068	908	1379	0	124630
2390	6120	1581	637	115413	0	123751
2391	3015	1119	565	117385	0	122084
2392	2253	570	643	121178	0	124644
2393	1585	508	110989	7212	0	120294
2394	1436	558	4686	110663	0	117343
2395	1224	111463	2256	5836	0	120779
2396	108731	4206	2030	3087	0	118054
2397	4530	112066	1329	3206	0	121131
2398	2650	4786	109212	2202	0	118850
2399	2295	110855	5168	1542	0	119860
2400	109421	5130	2201	1232	0	117984
2401	5722	109183	1741	1609	0	118255
2402	2706	5398	1449	96025	0	105578
2403	2022	108477	1340	4858	0	116697
2404	109297	5093	1219	2857	0	118466
2405	111691	2080	1291	2177	0	117239
2406	110664	1674	1700	1820	0	115858
2407	6976	1214	107644	1760	0	117594
2408	3653	1126	108037	1751	0	114567
2409	2852	1288	107166	1574	0	112880
2410	106063	1124	6497	1369	0	115053
2411	6105	1329	3105	104121	0	114660
2412	3151	1254	2176	108593	0	115174
2413	2479	1774	102942	6117	0	113312
2414	2281	1308	4730	105897	0	114216
2415	99567	1438	2233	6427	0	109665
2416	5118	99681	1695	3842	0	110336
2417	102628	4824	1484	2691	0	111627
2418	6586	2334	99162	1647	0	109729
2419	102086	2079	4687	1605	0	110457
2420	105706	1618	2391	1261	0	110976
2421	106467	1619	2080	1288	0	111454
2422	7477	1433	99119	1345	0	109374
2423	4102	1207	5407	99843	0	110559
2424	3664	1111	99315	5018	0	109108
2425	3096	954	5377	101450	0	110877
2426	2322	1060	100069	6088	0	109539
2427	1945	977	5819	100838	0	109579
2428	2095	1185	2821	105480	0	111581
2429	102531	742	2095	6631	0	111999
2430	103893	850	1546	3585	0	109874
2431	106529	695	1844	2522	0	111590
2432	7500	648	2198	96776	0	107122
2433	4274	89922	2141	5014	0	101351
2434	3429	97423	1677	2871	0	105400
2435	98046	5022	1200	2471	0	106739
2436	5918	2476	93990	2392	0	104776
2437	96696	1560	5025	2202	0	105483
2438	6157	1151	94012	1978	0	103298
2439	96933	953	5437	2013	0	105336
2440	98860	987	2895	1775	0	104517
2441	7048	1074	94665	1861	0	104648
2442	97459	656	5067	1902	0	105084
2443	98687	699	3121	1583	0	104090
2444	99708	691	2092	1356	0	103847
2445	8239	95531	1363	1589	0	106722
2446	4400	4836	1712	95257	0	106205
2447	3060	2243	93086	5058	0	103447
2448	2590	1842	94269	2760	0	101461
2449	2339	85608	5193	2032	0	95172
2450	1239	65009	1850	1038	0	69136
2451	2013	2483	1499	57435	0	63430
2452	55534	988	765	2274	0	59561
2453	2448	56141	576	1268	0	60433
2454	1607	2196	510	54781	0	59094
2455	1462	56396	422	1989	0	60269
2456	55327	2306	410	1015	0	59058
2457	2508	1071	418	55125	0	59122
2458	1269	1122	52695	2190	0	57276
2459	1124	52433	1969	1137	0	56663
2460	924	53987	1211	785	0	56907
2461	1021	2343	886	48757	0	53007
2462	955	52228	592	1634	0	55409
2463	754	2286	658	51102	0	54800
2464	51644	1110	409	2178	0	55341
2465	52454	926	450	954	0	54784
2466	53675	682	515	773	0	55645
2467	54264	670	460	567	0	55961
2468	3186	589	50923	544	0	55242
2469	1724	49167	1746	469	0	53106
2470	1099	49850	849	500	0	52298
2471	452	39121	280	324	0	40177
2472	412	39322	344	211	0	40289
2473	37265	1092	281	111	0	38749
2474	36530	390	125	73	0	37118
2475	37572	208	77	93	0	37950
2476	37431	123	84	91	0	37729
2477	1158	160	35023	83	0	36424
2478	37352	91	746	89	0	38278
2479	38322	92	291	85	0	38790
2480	38977	91	149	74	0	39291
2481	1187	131	91	37713	0	39122
2482	494	126	77	38836	0	39533
2483	38628	102	73	1002	0	39805
2484	918	118	64	37562	0	38662
2485	432	36921	81	861	0	38295
2486	288	764	66	38663	0	39781
2487	227	313	72	38443	0	39055
2488	246	38055	78	988	0	39367
2489	235	780	71	38995	0	40081
2490	231	335	83	39721	0	40370
2491	38663	203	75	1063	0	40004
2492	935	186	36343	456	0	37920
2493	37343	150	763	259	0	38515
2494	1024	184	37176	190	0	38574
2495	480	174	35852	165	0	36671
2496	388	137	36392	166	0	37083
2497	35112	126	980	166	0	36384
2498	947	134	37107	145	0	38333
2499	36260	85	769	162	0	37276
2500	37166	104	322	131	0	37723
2501	36768	94	207	112	0	37181
2502	1047	35255	127	163	0	36592
2503	36255	714	112	143	0	37224
2504	857	36549	103	173	0	37682
2505	399	807	82	37147	0	38435
2506	318	463	74	36936	0	37791
2507	228	36156	107	907	0	37398
2508	235	37208	127	427	0	37997
2509	258	38151	119	238	0	38766
2510	37832	961	117	142	0	39052
2511	810	38341	148	323	0	39622
2512	39345	839	126	144	0	40454
2513	957	440	37415	113	0	38925
2514	38379	284	720	120	0	39503
2515	39891	207	309	136	0	40543
2516	1143	221	37371	114	0	38849
2517	588	184	717	37455	0	38944
2518	426	171	38116	758	0	39471
2519	345	167	808	37422	0	38742
2520	331	175	343	38556	0	39405
2521	38307	169	214	1053	0	39743
2522	38234	166	153	599	0	39152
2523	1072	36768	167	295	0	38302
2524	38995	806	101	190	0	40092
2525	1035	448	37354	174	0	39011
2526	38263	275	753	201	0	39492
2527	1092	229	40249	196	0	41766
2528	610	233	40026	182	0	41051
2529	41240	161	1115	165	0	42681
2530	42799	162	509	168	0	43638
2531	1346	160	43006	153	0	44665
2532	700	179	988	41161	0	43028
2533	460	186	542	44376	0	45564
2534	489	185	43166	1181	0	45021
2535	503	172	970	41467	0	43112
2536	426	41621	573	1060	0	43680
2537	389	902	358	44802	0	46451
2538	417	438	240	44840	0	45935
2539	421	324	42931	1266	0	44942
2540	40471	220	1017	669	0	42377
2541	42931	274	490	436	0	44131
2542	42952	191	340	392	0	43875
2543	42108	108	358	394	0	42968
2544	1654	39837	361	297	0	42149
2545	1058	883	289	39773	0	42003
2546	845	409	38405	988	0	40647
2547	715	289	38434	579	0	40017
2548	585	488	1090	37401	0	39564
2549	452	282	38337	1076	0	40147
2550	35483	193	870	702	0	37248
2551	839	178	553	36795	0	38365
2552	506	133	472	37082	0	38193
2553	322	158	305	38125	0	38910
2554	36442	151	348	1315	0	38256
2555	953	35727	278	760	0	37718
2556	36372	665	231	676	0	37944
2557	36141	331	201	511	0	37184
2558	1196	34301	247	439	0	36183
2559	727	35489	293	264	0	36773
2560	36755	950	279	238	0	38222
2561	1013	487	354	35961	0	37815
2562	693	240	374	36504	0	37811
2563	37828	239	308	1007	0	39382
2564	971	315	36003	458	0	37747
2565	36351	162	831	332	0	37676
2566	37086	111	424	427	0	38048
2567	1236	36715	292	434	0	38677
2568	40993	728	174	284	0	42179
2569	40378	403	227	197	0	41205
2570	1410	44306	219	260	0	46195
2571	672	44398	121	175	0	45366
2572	386	1218	57	43091	0	44752
2573	43595	526	53	891	0	45065
2574	1078	43477	101	347	0	45003
2575	489	1039	47	44703	0	46278
2576	45169	474	51	1155	0	46849
2577	1136	281	43678	521	0	45616
2578	575	143	968	44205	0	45891
2579	339	202	44008	1128	0	45677
2580	42255	159	1206	494	0	44114
2581	45111	146	400	333	0	45990
2582	1454	164	43875	204	0	45697
2583	602	43250	1168	275	0	45295
2584	397	971	459	45344	0	47171
2585	366	421	45047	1088	0	46922
2586	340	276	1114	44518	0	46248
2587	293	159	428	47031	0	47911
2588	276	231	44886	1428	0	46821
2589	41650	229	1147	704	0	43730
2590	45594	107	469	518	0	46688
2591	1520	119	44766	328	0	46733
2592	582	44630	1228	432	0	46872
2593	431	1063	494	43018	0	45006
2594	389	43633	400	1003	0	45425
2595	444	45655	199	432	0	46730
2596	46051	1398	253	256	0	47958
2597	1165	608	277	46002	0	48052
2598	478	434	153	46411	0	47476
2599	338	338	45672	1615	0	47963
2600	316	351	44902	648	0	46217
2601	373	206	1452	44455	0	46486
2602	342	135	579	46844	0	47900
2603	254	209	45253	1873	0	47589
2604	290	217	45214	756	0	46477
2605	289	172	1691	44963	0	47115
2606	44656	204	741	1527	0	47128
2607	1244	44129	407	862	0	46642
2608	44084	1249	346	571	0	46250
2609	1460	43891	389	402	0	46142
2610	665	44864	328	493	0	46350
2611	44300	1560	235	397	0	46492
2612	1445	756	43912	361	0	46474
2613	731	438	1316	43545	0	46030
2614	567	381	606	45755	0	47309
2615	398	423	406	48913	0	50140
2616	626	371	48314	2071	0	51382
2617	369	287	1696	49855	0	52207
2618	49816	258	736	2148	0	52958
2619	1761	266	500	50603	0	53130
2620	686	236	354	55228	0	56504
2621	53849	229	323	2596	0	56997
2622	52551	284	318	1166	0	54319
2623	2505	51217	422	1057	0	55201
2624	1056	1836	52454	535	0	55881
2625	663	701	52050	514	0	53928
2626	594	423	51927	498	0	53442
2627	508	48601	2454	437	0	52000
2628	391	1792	1049	46786	0	50018
2629	328	681	529	50135	0	51673
2630	48766	408	443	2386	0	52003
2631	1898	308	375	48273	0	50854
2632	761	270	46364	2302	0	49697
2633	487	271	1907	47436	0	50101
2634	451	245	767	48993	0	50456
2635	441	272	46052	2614	0	49379
2636	394	45612	1978	1163	0	49147
2637	478	1845	830	39524	0	42677
2638	372	45277	639	1805	0	48093
2639	355	1947	45539	903	0	48744
2640	45580	827	2005	697	0	49109
2641	47148	516	877	629	0	49170
2642	47698	421	584	623	0	49326
2643	2488	412	499	44486	0	47885
2644	1010	45562	506	2037	0	49115
2645	45924	1859	529	1021	0	49333
2646	47270	673	522	758	0	49223
2647	46802	429	481	726	0	48438
2648	2512	354	43801	712	0	47379
2649	42753	290	1867	665	0	45575
2650	2109	43616	818	625	0	47168
2651	43014	1801	537	550	0	45902
2652	2060	44146	499	550	0	47255
2653	44956	1978	391	618	0	47943
2654	2240	807	44510	516	0	48073
2655	44715	520	1841	492	0	47568
2656	46795	445	731	450	0	48421
2657	44729	389	566	490	0	46174
2658	47428	384	475	458	0	48745
2659	2728	342	44087	480	0	47637
2660	1187	310	1870	44644	0	48011
2661	43814	329	774	2011	0	46928
2662	2152	43715	491	998	0	47356
2663	1020	1688	399	43237	0	46344
2664	770	697	41435	2032	0	44934
2665	716	633	1744	42515	0	45608
2666	694	354	42244	2111	0	45403
2667	643	40247	1890	1033	0	43813
2668	554	37301	762	600	0	39217
2669	513	37917	455	530	0	39415
2670	546	1901	315	31432	0	34194
2671	524	595	269	32593	0	33981
2672	484	375	30707	1603	0	33169
2673	421	29478	1159	607	0	31665
2674	28682	1206	479	424	0	30791
2675	1209	28045	336	377	0	29967
2676	515	28532	295	364	0	29706
2677	626	1439	358	27507	0	29930
2678	27246	505	259	1206	0	29216
2679	27936	349	352	571	0	29208
2680	1364	267	265	27054	0	28950
2681	26755	249	225	1301	0	28530
2682	1274	255	240	26520	0	28289
2683	570	280	25647	1330	0	27827
2684	26099	260	1074	633	0	28066
2685	1244	267	446	26512	0	28469
2686	555	275	25546	1250	0	27626
2687	392	297	25369	563	0	26621
2688	361	305	1286	25776	0	27728
2689	26103	257	534	1236	0	28130
2690	25709	263	506	556	0	27034
2691	1392	25486	287	394	0	27559
2692	26842	1107	247	339	0	28535
2693	26864	445	226	360	0	27895
2694	27240	300	199	334	0	28073
2695	1499	26969	210	412	0	29090
2696	26979	1020	195	317	0	28511
2697	27859	395	230	287	0	28771
2698	1378	243	178	26797	0	28596
2699	25573	193	181	1044	0	26991
2700	1227	24696	222	372	0	26517
2701	606	25969	165	300	0	27040
2702	469	1112	188	25789	0	27558
2703	450	407	172	26122	0	27151
2704	382	26001	184	1127	0	27694
2705	25951	988	141	379	0	27459
2706	1178	25706	145	268	0	27297
2707	26170	996	140	211	0	27517
2708	1223	26040	140	223	0	27626
2709	605	1159	118	24242	0	26124
2710	510	25541	106	836	0	26993
2711	26386	1061	113	303	0	27863
2712	26292	431	142	248	0	27113
2713	26259	288	146	234	0	26927
2714	1282	278	23424	182	0	25166
2715	679	211	21319	192	0	22401
2716	282	19524	605	161	0	20572
2717	264	813	19027	121	0	20225
2718	205	344	18273	282	0	19104
2719	207	580	495	14370	0	15652
2720	79	51	15125	213	0	15468
2721	36	14294	156	86	0	14572
2722	14891	154	39	49	0	15133
2723	173	14168	31	47	0	14419
2724	65	14490	23	32	0	14610
2725	15035	186	21	30	0	15272
2726	15128	60	24	43	0	15255
2727	168	15050	28	42	0	15288
2728	15739	161	26	34	0	15960
2729	15587	55	20	43	0	15705
2730	15607	42	21	42	0	15712
2731	215	56	14655	35	0	14961
2732	88	62	14882	37	0	15069
2733	65	56	176	15110	0	15407
2734	59	57	50	15686	0	15852
2735	15894	45	37	170	0	16146
2736	165	14855	32	86	0	15138
2737	76	153	25	15701	0	15955
2738	73	55	26	15913	0	16067
2739	69	54	25	16066	0	16214
2740	48	40	15	16271	0	16374
2741	68	39	16028	247	0	16382
2742	58	54	15618	101	0	15831
2743	45	43	237	16589	0	16914
2744	57	38	17278	228	0	17601
2745	16374	23	248	91	0	16736
2746	259	34	83	17566	0	17942
2747	109	36	17366	244	0	17755
2748	15978	34	244	91	0	16347
2749	260	16695	101	84	0	17140
2750	17427	208	60	51	0	17746
2751	252	17749	57	54	0	18112
2752	108	236	122	17927	0	18393
2753	100	95	17905	216	0	18316
2754	74	60	213	16401	0	16748
2755	79	55	16479	319	0	16932
2756	16560	108	227	101	0	16996
2757	243	36	82	17464	0	17825
2758	17668	47	58	238	0	18011
2759	293	57	17385	90	0	17825
2760	18390	40	323	74	0	18827
2761	21331	34	99	56	0	21520
2762	482	40	21740	47	0	22309
2763	183	226	390	21217	0	22016
2764	139	44	21994	368	0	22545
2765	73	21641	399	150	0	22263
2766	22098	304	135	81	0	22618
2767	22157	112	110	71	0	22450
2768	469	75	22205	55	0	22804
2769	215	56	22043	49	0	22363
2770	124	44	447	21697	0	22312
2771	82	45	176	22782	0	23085
2772	23018	38	128	416	0	23600
2773	360	22559	92	187	0	23198
2774	23700	335	73	107	0	24215
2775	23816	124	81	67	0	24088
2776	480	83	23171	66	0	23800
2777	22562	36	369	80	0	23047
2778	456	43	23266	74	0	23839
2779	190	48	411	23724	0	24373
2780	164	39	24645	368	0	25216
2781	134	43	403	24426	0	25006
2782	132	45	24661	388	0	25226
2783	23771	35	409	151	0	24366
2784	24345	27	216	105	0	24693
2785	468	21	145	24147	0	24781
2786	24829	29	137	366	0	25361
2787	416	28	119	24429	0	24992
2788	209	24158	140	416	0	24923
2789	25256	307	133	210	0	25906
2790	394	24456	140	237	0	25227
2791	234	345	76	25414	0	26069
2792	200	124	102	24578	0	25004
2793	154	94	93	24588	0	24929
2794	131	64	98	24401	0	24694
2795	126	89	23040	547	0	23802
2796	21143	76	365	267	0	21851
2797	22974	55	155	197	0	23381
2798	484	22390	115	158	0	23147
2799	243	318	98	22697	0	23356
2800	178	130	97	23457	0	23862
2801	155	78	22604	489	0	23326
2802	21699	54	382	251	0	22386
2803	409	45	176	22722	0	23352
2804	221	50	22289	404	0	22964
2805	21968	45	378	231	0	22622
2806	22923	56	207	164	0	23350
2807	22903	36	130	151	0	23220
2808	528	50	22475	143	0	23196
2809	290	48	21352	145	0	21835
2810	21875	27	429	112	0	22443
2811	418	140	210	22166	0	22934
2812	257	41	157	23024	0	23479
2813	208	44	22655	445	0	23352
2814	21685	52	346	237	0	22320
2815	423	42	182	23431	0	24078
2816	24164	61	155	402	0	24782
2817	24237	26	125	241	0	24629
2818	24310	42	111	194	0	24657
2819	552	46	24757	163	0	25518
2820	289	31	391	25078	0	25789
2821	25832	35	212	459	0	26538
2822	511	26138	147	247	0	27043
2823	288	383	111	27060	0	27842
2824	253	147	87	27602	0	28089
2825	27261	86	106	576	0	28029
2826	26759	59	123	308	0	27249
2827	645	39	122	26598	0	27404
2828	355	63	25986	522	0	26926
2829	25918	45	462	290	0	26715
2830	585	67	26841	205	0	27698
2831	27476	59	478	171	0	28184
2832	27580	47	233	171	0	28031
2833	665	42	27551	153	0	28411
2834	377	26	479	27943	0	28825
2835	284	51	29073	563	0	29971
2836	223	31122	560	287	0	32192
2837	228	596	376	29821	0	31021
2838	180	31863	198	507	0	32748
2839	181	486	141	32495	0	33303
2840	202	186	31619	578	0	32585
2841	182	31452	546	293	0	32473
2842	179	33304	224	177	0	33884
2843	139	943	146	33947	0	35175
2844	33932	244	95	630	0	34901
2845	622	132	83	37127	0	37964
2846	37361	101	74	937	0	38473
2847	904	37455	83	388	0	38830
2848	41793	871	84	214	0	42962
2849	1169	281	42755	165	0	44370
2850	406	167	989	42076	0	43638
2851	240	93	281	42582	0	43196
2852	231	108	41969	1325	0	43633
2853	39946	90	1036	491	0	41563
2854	42081	81	349	267	0	42778
2855	1284	41952	210	236	0	43682
2856	515	1305	169	37612	0	39601
2857	291	41208	199	849	0	42547
2858	248	1072	41293	334	0	42947
2859	209	343	41609	360	0	42521
2860	143	1290	1132	39113	0	41678
2861	38695	91	319	901	0	40006
2862	868	37075	177	337	0	38457
2863	38524	867	114	165	0	39670
2864	1040	274	37088	120	0	38522
2865	37657	157	872	101	0	38787
2866	39337	134	242	103	0	39816
2867	1177	184	38279	91	0	39731
2868	397	98	933	37908	0	39336
2869	39035	77	307	945	0	40364
2870	39070	88	186	312	0	39656
2871	39108	97	127	191	0	39523
2872	1263	80	117	38181	0	39641
2873	479	106	37024	976	0	38585
2874	37075	86	920	324	0	38405
2875	1144	110	37780	200	0	39234
2876	413	81	1026	37737	0	39257
2877	311	103	331	37059	0	37804
2878	239	37876	259	1108	0	39482
2879	263	917	37423	391	0	38994
2880	225	36491	998	272	0	37986
2881	249	38263	352	235	0	39099
2882	226	1189	238	38098	0	39751
2883	220	403	37746	1031	0	39400
2884	203	244	1008	38011	0	39466
2885	241	164	38098	1116	0	39619
2886	205	171	1064	37894	0	39334
2887	222	136	370	38679	0	39407
2888	215	149	36542	1342	0	38248
2889	199	144	1052	36404	0	37799
2890	247	165	37224	1207	0	38843
2891	231	172	36237	480	0	37120
2892	245	35831	1251	385	0	37712
2893	37374	984	469	276	0	39103
2894	1169	353	36655	247	0	38424
2895	35236	250	1137	300	0	36923
2896	1169	191	450	37367	0	39177
2897	501	188	36363	1139	0	38191
2898	345	36775	1136	542	0	38798
2899	242	1026	485	38377	0	40130
2900	264	370	38024	1172	0	39830
2901	261	320	1140	35552	0	37273
2902	285	37494	512	1075	0	39366
2903	38862	1081	369	433	0	40745
2904	1146	419	300	39111	0	40976
2905	39324	320	255	1215	0	41114
2906	39698	232	329	496	0	40755
2907	39863	223	310	410	0	40806
2908	40057	202	302	407	0	40968
2909	39420	175	301	372	0	40268
2910	1487	37481	305	360	0	39633
2911	670	1033	275	38537	0	40515
2912	507	376	307	39243	0	40433
2913	440	259	259	39561	0	40519
2914	462	233	37082	1480	0	39257
2915	381	36568	1138	727	0	38814
2916	39826	1029	481	467	0	41803
2917	39301	378	402	416	0	40497
2918	1562	38431	392	383	0	40768
2919	700	39379	339	368	0	40786
2920	38914	1357	323	389	0	40983
2921	1354	551	37289	328	0	39522
2922	607	404	1240	36546	0	38797
2923	37007	275	537	1261	0	39080
2924	1312	254	428	35598	0	37592
2925	527	36249	361	1302	0	38439
2926	443	1149	285	37768	0	39645
2927	422	446	36840	1334	0	39042
2928	36111	316	1234	592	0	38253
2929	38809	252	483	436	0	39980
2930	1533	221	364	37297	0	39415
2931	764	217	309	37923	0	39213
2932	36065	174	285	1514	0	38038
2933	1349	35566	325	688	0	37928
2934	605	988	257	35328	0	37178
2935	506	360	215	36163	0	37244
2936	32279	215	203	1429	0	34126
2937	1150	33081	222	672	0	35125
2938	33091	1018	176	441	0	34726
2939	1301	32975	200	332	0	34808
2940	563	33868	169	306	0	34906
2941	32684	1183	232	248	0	34347
2942	1108	32661	158	289	0	34216
2943	447	1444	211	32272	0	34374
2944	326	407	31119	1139	0	32991
2945	173	229	27646	367	0	28415
2946	136	165	27115	272	0	27688
2947	130	26743	1128	193	0	28194
2948	24260	625	526	72	0	25483
2949	640	235	151	22715	0	23741
2950	237	145	95	23892	0	24369
2951	134	98	22484	825	0	23541
2952	22016	75	612	334	0	23037
2953	666	45	232	23404	0	24347
2954	260	70	139	23865	0	24334
2955	170	45	75	23776	0	24066
2956	22669	53	81	957	0	23760
2957	684	54	21620	424	0	22782
2958	21883	51	601	254	0	22789
2959	763	47	223	22470	0	23503
2960	327	77	22088	709	0	23201
2961	21799	59	638	326	0	22822
2962	737	93	22869	211	0	23910
2963	337	127	738	22257	0	23459
2964	234	91	22912	683	0	23920
2965	182	97	22402	278	0	22959
2966	21021	66	849	225	0	22161
2967	678	60	21667	161	0	22566
2968	302	54	797	21210	0	22363
2969	21534	46	417	655	0	22652
2970	668	88	260	21123	0	22139
2971	331	65	20975	738	0	22109
2972	217	83	20813	354	0	21467
2973	167	20405	827	263	0	21662
2974	151	584	401	20894	0	22030
2975	20471	235	223	707	0	21636
2976	657	19862	166	392	0	21077
2977	20498	629	142	265	0	21534
2978	754	265	121	20294	0	21434
2979	20159	162	115	757	0	21193
2980	791	19412	139	382	0	20724
2981	390	615	123	19705	0	20833
2982	19624	264	111	745	0	20744
2983	713	19405	152	372	0	20642
2984	419	656	113	19618	0	20806
2985	230	299	142	19909	0	20580
2986	19886	146	132	925	0	21089
2987	738	123	166	19923	0	20950
2988	346	93	180	20117	0	20736
2989	246	78	167	20693	0	21184
2990	214	85	18736	1043	0	20078
2991	18445	81	718	542	0	19786
2992	763	73	332	21939	0	23107
2993	377	66	21908	1057	0	23408
2994	22036	72	963	483	0	23554
2995	1029	71	22488	338	0	23926
2996	390	97	1040	22061	0	23588
2997	263	21951	474	988	0	23676
2998	238	868	273	22803	0	24182
2999	216	333	21943	1140	0	23632
3000	230	213	22783	468	0	23694
3001	209	149	1184	22944	0	24486
3002	211	110	22287	1129	0	23737
3003	21827	128	1128	467	0	23550
3004	1004	131	21879	373	0	23387
3005	424	112	1113	21259	0	22908
3006	295	160	426	22212	0	23093
3007	224	109	316	22696	0	23345
3008	21620	116	203	1466	0	23405
3009	22121	107	208	644	0	23080
3010	22712	80	180	502	0	23474
3011	1367	72	186	22126	0	23751
3012	576	60	179	22902	0	23717
3013	354	74	20704	1454	0	22586
3014	285	79	20871	660	0	21895
3015	256	20968	1181	469	0	22874
3016	230	850	400	18141	0	19621
3017	232	387	243	17813	0	18675
3018	200	18063	206	1008	0	19477
3019	17982	772	209	603	0	19566
3020	831	18444	202	351	0	19828
3021	18509	843	184	295	0	19831
3022	910	272	177	18414	0	19773
3023	18632	177	182	978	0	19969
3024	941	108	181	18769	0	19999
3025	346	120	17519	1029	0	19014
3026	290	81	842	18647	0	19860
3027	18005	108	317	1063	0	19493
3028	944	69	226	18183	0	19422
3029	330	67	182	18496	0	19075
3030	273	73	17652	1204	0	19202
3031	221	57	790	18634	0	19702
3032	207	63	330	18687	0	19287
3033	235	17791	226	1168	0	19420
3034	222	717	180	18444	0	19563
3035	197	205	171	19029	0	19602
3036	201	122	160	18270	0	18753
3037	128	15909	155	1183	0	17375
3038	122	733	98	15637	0	16590
3039	14218	184	109	916	0	15427
3040	661	13746	106	412	0	14925
3041	196	13202	90	283	0	13771
3042	161	13254	70	226	0	13711
3043	113	832	102	12298	0	13345
3044	110	11681	172	618	0	12581
3045	146	12673	151	281	0	13251
3046	11984	484	185	184	0	12837
3047	537	154	11251	185	0	12127
3048	11234	127	488	172	0	12021
3049	481	84	147	11402	0	12114
3050	103	74	11079	577	0	11833
3051	10993	55	564	251	0	11863
3052	475	58	10878	242	0	11653
3053	124	53	11103	209	0	11489
3054	11294	45	628	179	0	12146
3055	551	47	299	11506	0	12403
3056	174	36	11288	667	0	12165
3057	11376	59	543	313	0	12291
3058	12025	42	175	334	0	12576
3059	668	57	12006	260	0	12991
3060	12442	60	480	214	0	13196
3061	13108	30	133	223	0	13494
3062	668	51	11981	259	0	12959
3063	12281	36	512	251	0	13080
3064	12650	55	218	243	0	13166
3065	596	71	11925	197	0	12789
3066	195	121	13279	204	0	13799
3067	141	99	606	13446	0	14292
3068	104	129	13389	704	0	14326
3069	13632	146	546	271	0	14595
3070	641	151	127	13959	0	14878
3071	243	166	106	14535	0	15050
3072	279	131	13752	711	0	14873
3073	226	121	501	13926	0	14774
3074	232	84	13955	736	0	15007
3075	14243	72	571	322	0	15208
3076	14898	58	199	289	0	15444
3077	681	72	14141	291	0	15185
3078	14060	59	564	236	0	14919
3079	14731	55	155	305	0	15246
3080	666	50	14344	320	0	15380
3081	14544	52	569	295	0	15460
3082	15192	48	186	317	0	15743
3083	614	75	14428	304	0	15421
3084	14306	116	526	291	0	15239
3085	606	92	14535	339	0	15572
3086	144	77	531	14586	0	15338
3087	140	86	138	15178	0	15542
3088	130	114	91	15610	0	15945
3089	113	121	14456	813	0	15503
3090	13542	103	461	318	0	14424
3091	573	140	14131	247	0	15091
3092	129	11186	325	107	0	11747
3093	83	11581	98	90	0	11852
3094	10451	233	151	58	0	10893
3095	224	59	103	10734	0	11120
3096	88	10433	37	193	0	10751
3097	10472	153	31	69	0	10725
3098	10299	38	44	50	0	10431
3099	215	10437	40	41	0	10733
3100	72	158	26	10214	0	10470
3101	40	10270	46	171	0	10527
3102	10782	177	23	50	0	11032
3103	10821	42	32	43	0	10938
3104	217	17	28	10541	0	10803
3105	10624	21	30	183	0	10858
3106	198	29	31	10566	0	10824
3107	75	22	10219	195	0	10511
3108	10164	24	169	56	0	10413
3109	208	47	10314	30	0	10599
3110	76	13	155	10093	0	10337
3111	10353	20	53	183	0	10609
3112	202	14	34	10327	0	10577
3113	78	16	10428	199	0	10721
3114	56	31	10290	55	0	10432
3115	50	11	215	10307	0	10583
3116	10498	13	67	199	0	10777
3117	219	10191	53	63	0	10526
3118	90	180	36	10712	0	11018
3119	51	49	10505	205	0	10810
3120	10076	16	198	72	0	10362
3121	10682	11	68	41	0	10802
3122	253	25	10314	27	0	10619
3123	10327	14	187	34	0	10562
3124	224	10	74	10630	0	10938
3125	90	14	10838	197	0	11139
3126	10624	11	183	73	0	10891
3127	190	14	78	10668	0	10950
3128	91	11	41	10766	0	10909
3129	10945	14	43	220	0	11222
3130	194	9759	44	92	0	10089
3131	86	10129	37	50	0	10302
3132	10291	200	33	40	0	10564
3133	9857	55	45	38	0	9995
3134	249	27	10222	40	0	10538
3135	112	23	9872	43	0	10050
3136	70	168	221	10032	0	10491
3137	10854	7	73	179	0	11113
3138	10744	10	47	71	0	10872
3139	10837	8	42	51	0	10938
3140	244	10415	46	42	0	10747
3141	95	10600	45	50	0	10790
3142	66	196	41	11020	0	11323
3143	63	63	58	11057	0	11241
3144	66	25	40	11379	0	11510
3145	60	30	11413	258	0	11761
3146	61	70	10315	95	0	10541
3147	11471	21	268	54	0	11814
3148	12164	24	96	44	0	12328
3149	299	25	50	11960	0	12334
3150	113	28	51	11940	0	12132
3151	71	20	41	12346	0	12478
3152	60	26	11772	310	0	12168
3153	49	28	11492	104	0	11673
3154	33	61	246	11853	0	12193
3155	42	22	12104	249	0	12417
3156	27	11631	238	114	0	12010
3157	44	12328	98	64	0	12534
3158	12433	248	58	49	0	12788
3159	206	11821	49	56	0	12132
3160	88	232	46	12120	0	12486
3161	60	87	31	12222	0	12400
3162	57	12055	39	283	0	12434
3163	44	238	38	12621	0	12941
3164	47	88	11904	294	0	12333
3165	46	11889	248	139	0	12322
3166	24	223	83	11085	0	11415
3167	34	84	10764	231	0	11113
3168	35	10555	212	104	0	10906
3169	33	202	78	10226	0	10539
3170	28	10489	47	192	0	10756
3171	34	209	32	10596	0	10871
3172	23	94	29	10035	0	10181
3173	31	10173	40	244	0	10488
3174	9833	201	33	98	0	10165
3175	9506	92	31	70	0	9699
3176	239	9526	43	222	0	10030
3177	96	9973	39	52	0	10160
3178	64	255	35	10082	0	10436
3179	51	111	9664	225	0	10051
3180	9130	59	205	114	0	9508
3181	9522	49	82	76	0	9729
3182	262	52	9270	60	0	9644
3183	9249	39	209	54	0	9551
3184	9644	41	87	54	0	9826
3185	274	54	9144	55	0	9527
3186	8948	50	204	55	0	9257
3187	255	48	9209	58	0	9570
3188	106	9137	226	60	0	9529
3189	9632	219	95	51	0	9997
3190	9772	97	57	49	0	9975
3191	287	57	9300	50	0	9694
3192	9480	43	232	61	0	9816
3193	9628	50	93	52	0	9823
3194	321	39	9125	53	0	9538
3195	9375	46	226	46	0	9693
3196	9774	45	94	55	0	9968
3197	309	61	9226	40	0	9636
3198	9474	65	226	51	0	9816
3199	269	41	100	9254	0	9664
3200	124	44	64	9310	0	9542
3201	77	53	8941	289	0	9360
3202	70	40	8875	128	0	9113
3203	78	50	267	9040	0	9435
3204	76	36	112	9356	0	9580
3205	10017	21	73	280	0	10391
3206	318	54	9685	98	0	10155
3207	9819	36	283	80	0	10218
3208	308	37	101	10089	0	10535
3209	125	53	10069	292	0	10539
3210	11232	33	282	104	0	11651
3211	299	24	111	12290	0	12724
3212	123	22	12160	309	0	12614
3213	11923	30	273	100	0	12326
3214	309	15	99	12082	0	12505
3215	12318	14	84	277	0	12693
3216	334	24	12491	94	0	12943
3217	137	52	276	11660	0	12125
3218	101	13271	115	246	0	13733
3219	13929	277	79	96	0	14381
3220	13720	71	68	74	0	13933
3221	371	14077	63	72	0	14583
3222	14791	312	67	33	0	15203
3223	14446	85	50	41	0	14622
3224	14524	62	48	61	0	14695
3225	446	13647	54	52	0	14199
3226	195	288	48	14204	0	14735
3227	121	99	14040	335	0	14595
3228	96	61	314	13614	0	14085
3229	86	33	125	13970	0	14214
3230	71	28	13804	423	0	14326
3231	82	49	13645	169	0	13945
3232	93	39	412	12310	0	12854
3233	76	13434	151	264	0	13925
3234	13940	314	92	110	0	14456
3235	13736	110	65	75	0	13986
3236	420	13844	64	70	0	14398
3237	14064	321	41	44	0	14470
3238	14134	114	35	55	0	14338
3239	432	70	13764	58	0	14324
3240	13264	47	325	41	0	13677
3241	394	13527	112	95	0	14128
3242	153	307	13798	65	0	14323
3243	145	108	13395	48	0	13696
3244	96	13083	359	79	0	13617
3245	13355	278	118	54	0	13805
3246	319	112	13248	37	0	13716
3247	142	55	287	12928	0	13412
3248	114	49	13108	279	0	13550
3249	12357	58	317	102	0	12834
3250	333	55	14891	78	0	15357
3251	158	54	14783	57	0	15052
3252	14484	39	314	45	0	14882
3253	312	14879	130	53	0	15374
3254	15771	245	88	29	0	16133
3255	15566	81	71	32	0	15750
3256	333	73	60	14875	0	15341
3257	156	15949	52	217	0	16374
3258	16824	249	63	69	0	17205
3259	289	92	16492	71	0	16944
3260	15931	73	249	50	0	16303
3261	296	16030	120	48	0	16494
3262	16395	202	75	33	0	16705
3263	16375	70	68	25	0	16538
3264	288	16291	70	32	0	16681
3265	133	220	53	16983	0	17389
3266	17183	75	64	210	0	17532
3267	261	16675	62	70	0	17068
3268	127	235	45	17120	0	17527
3269	17306	89	52	231	0	17678
3270	276	70	54	17693	0	18093
3271	141	46	47	17641	0	17875
3272	106	17457	61	309	0	17933
3273	17885	262	50	99	0	18296
3274	18213	101	61	72	0	18447
3275	18350	65	55	50	0	18520
3276	387	18127	60	37	0	18611
3277	18944	294	47	39	0	19324
3278	19064	90	50	51	0	19255
3279	378	75	46	18566	0	19065
3280	161	61	31	19041	0	19294
3281	129	58	18758	325	0	19270
3282	119	54	264	18299	0	18736
3283	89	57	92	18765	0	19003
3284	99	55	18957	334	0	19445
3285	16553	64	292	133	0	17042
3286	336	56	19001	93	0	19486
3287	165	50	18996	68	0	19279
3288	126	73	295	18460	0	18954
3289	112	69	100	18827	0	19108
3290	116	18955	87	276	0	19434
3291	19756	277	47	106	0	20186
3292	18967	106	55	96	0	19224
3293	349	19307	51	86	0	19793
3294	157	21173	57	74	0	21461
3295	120	381	42	20788	0	21331
3296	97	21261	65	291	0	21714
3297	21947	365	60	110	0	22482
3298	21888	123	51	98	0	22160
3299	443	83	66	21280	0	21872
3300	189	137	68	21722	0	22116
3301	21997	44	51	426	0	22518
3302	417	63	20803	165	0	21448
3303	21182	53	354	106	0	21695
3304	446	56	20857	83	0	21442
3305	20642	49	295	62	0	21048
3306	359	124	116	20855	0	21454
3307	174	45	21188	318	0	21725
3308	111	60	20667	128	0	20966
3309	20403	141	376	158	0	21078
3310	19966	38	273	77	0	20354
3311	356	20379	81	51	0	20867
3312	130	268	40	21772	0	22210
3313	84	111	27	22447	0	22669
3314	22235	50	26	413	0	22724
3315	325	21774	36	182	0	22317
3316	21952	285	21	72	0	22330
3317	315	20920	53	55	0	21343
3318	121	20623	34	53	0	20831
3319	21223	314	27	22	0	21586
3320	307	123	20608	15	0	21053
3321	119	216	233	19887	0	20455
3322	47	25	77	20571	0	20720
3323	48	36	20401	325	0	20810
3324	35	16	232	19848	0	20131
3325	36	34	85	19458	0	19613
3326	36	20177	38	345	0	20596
3327	21149	245	31	101	0	21526
3328	286	99	20951	60	0	21396
3329	19930	40	239	49	0	20258
3330	284	20012	106	43	0	20445
3331	124	242	34	21255	0	21655
3332	22837	81	27	266	0	23211
3333	287	45	26	22526	0	22884
3334	118	31	13	22771	0	22933
3335	61	29	22339	357	0	22786
3336	21009	23	245	149	0	21426
3337	22609	19	92	83	0	22803
3338	370	31	22435	61	0	22897
3339	135	25	267	22241	0	22668
3340	77	25	22675	297	0	23074
3341	22176	26	285	124	0	22611
3342	23441	29	111	53	0	23634
3343	366	28	51	22907	0	23352
3344	23280	18	36	294	0	23628
3345	338	32	24652	115	0	25137
3346	131	27	268	24341	0	24767
3347	73	19	111	24686	0	24889
3348	52	24	53	25636	0	25765
3349	45	32	32	25589	0	25698
3350	23545	24	35	423	0	24027
3351	312	30	22692	161	0	23195
3352	133	23	283	23042	0	23481
3353	86	26	22473	312	0	22897
3354	73	48	21890	131	0	22142
3355	53	24	343	22194	0	22614
3356	43	30	131	22827	0	23031
3357	21720	17	60	397	0	22194
3358	296	28	38	21469	0	21831
3359	132	25	26	21848	0	22031
3360	85	23	25	22385	0	22518
3361	22488	19	43	453	0	23003
3362	22381	15	38	182	0	22616
3363	22481	19	49	91	0	22640
3364	22093	24	40	83	0	22240
3365	423	22238	57	80	0	22798
3366	162	312	38	23022	0	23534
3367	77	130	29	23600	0	23836
3368	23992	42	36	486	0	24556
3369	391	24574	49	242	0	25256
3370	145	407	26	26769	0	27347
3371	83	167	28212	548	0	29010
3372	29788	50	553	244	0	30635
3373	838	32054	192	122	0	33206
3374	34932	829	87	79	0	35927
3375	36189	247	51	86	0	36573
3376	1344	93	40	35776	0	37253
3377	406	78	35438	1142	0	37064
3378	199	43	1046	37280	0	38568
3379	37638	27	268	1292	0	39225
3380	1169	31	129	37501	0	38830
3381	37382	35	80	1297	0	38794
3382	1255	36267	77	431	0	38030
3383	39998	1140	39	236	0	41413
3384	1360	300	43	39633	0	41336
3385	443	134	48	43154	0	43779
3386	43553	82	52	1529	0	45216
3387	43807	61	44	514	0	44426
3388	44331	46	44	239	0	44660
3389	44037	51	30	184	0	44302
3390	44021	32	43	157	0	44253
3391	1777	50	42	42316	0	44185
3392	613	97	40557	1339	0	42606
3393	295	39827	1072	502	0	41696
3394	40544	1128	316	268	0	42256
3395	1357	344	38610	135	0	40446
3396	38878	159	1107	137	0	40281
3397	1398	38308	316	205	0	40227
3398	40432	1139	125	133	0	41829
3399	1425	315	87	39702	0	41529
3400	513	164	62	41110	0	41849
3401	346	95	39942	1527	0	41910
3402	261	82	1171	39844	0	41358
3403	275	76	40933	1374	0	42658
3404	251	120	40596	488	0	41455
3405	41592	83	1398	276	0	43349
3406	43821	92	420	266	0	44599
3407	1644	100	41610	222	0	43576
3408	41067	76	1149	213	0	42505
3409	42734	72	343	202	0	43351
3410	1651	104	40595	168	0	42518
3411	642	38737	1128	204	0	40711
3412	551	1087	326	42492	0	44456
3413	43640	294	177	1208	0	45319
3414	44805	153	145	409	0	45512
3415	44924	107	150	259	0	45440
3416	45042	84	150	222	0	45498
3417	44935	87	191	204	0	45417
3418	1788	123	42289	177	0	44377
3419	769	158	44069	164	0	45160
3420	532	137	1358	44384	0	46411
3421	45589	150	502	1280	0	47521
3422	46406	100	244	476	0	47226
3423	46543	97	196	336	0	47172
3424	45557	147	252	311	0	46267
3425	1650	43611	231	325	0	45817
3426	737	46329	179	350	0	47595
3427	47249	1288	200	289	0	49026
3428	47866	415	188	306	0	48775
3429	1639	46143	198	310	0	48290
3430	48451	1171	169	273	0	50064
3431	1710	455	46293	240	0	48698
3432	829	224	1152	45688	0	47893
3433	654	198	45952	1268	0	48072
3434	648	204	45840	449	0	47141
3435	587	210	1334	46092	0	48223
3436	594	127	485	48328	0	49534
3437	622	159	48189	1465	0	50435
3438	602	153	1189	46232	0	48176
3439	541	159	427	49292	0	50419
3440	48410	161	310	1541	0	50422
3441	48815	143	269	566	0	49793
3442	1766	148	285	48299	0	50498
3443	823	162	48028	1440	0	50453
3444	628	47146	1182	648	0	49604
3445	47811	1145	450	422	0	49828
3446	1585	357	48575	343	0	50860
3447	708	47080	1310	354	0	49452
3448	550	49564	492	348	0	50954
3449	51007	1362	340	286	0	52995
3450	52082	391	307	278	0	53058
3451	1678	258	320	50371	0	52627
3452	787	214	53034	1288	0	55323
3453	662	161	1286	53391	0	55500
3454	571	151	516	54761	0	55999
3455	522	144	385	55614	0	56665
3456	54020	143	307	1668	0	56138
3457	1575	52026	309	619	0	54529
3458	759	55400	293	658	0	57110
3459	603	1442	277	55126	0	57448
3460	488	471	252	57099	0	58310
3461	55773	269	249	1618	0	57909
3462	52897	212	266	657	0	54032
3463	55982	136	219	407	0	56744
3464	1854	53602	241	402	0	56099
3465	54726	1130	248	281	0	56385
3466	1599	468	406	53699	0	56172
3467	902	228	52177	1318	0	54625
3468	559	242	48676	491	0	49968
3469	49476	142	1293	303	0	51214
3470	1278	123	48412	221	0	50034
3471	506	137	44730	222	0	45595
3472	41187	70	636	112	0	42005
3473	716	67	41700	104	0	42587
3474	232	64	39974	68	0	40338
3475	291	413	369	37211	0	38284
3476	89	37	39951	260	0	40337
3477	72	82	259	37714	0	38127
3478	61	71	113	38960	0	39205
3479	74	34	40094	279	0	40481
3480	52	38203	285	137	0	38677
3481	40510	189	104	51	0	40854
3482	259	71	40520	36	0	40886
3483	82	44	39194	30	0	39350
3484	32740	26	257	46	0	33069
3485	196	17	37491	26	0	37730
3486	49	34543	211	69	0	34872
3487	40	34908	125	164	0	35237
3488	32	183	37	37983	0	38235
3489	15	68	26	37704	0	37813
3490	38923	28	10	204	0	39165
3491	38160	19	19	90	0	38288
3492	38492	13	25	44	0	38574
3493	223	17	13	38597	0	38850
3494	39304	12	16	187	0	39519
3495	38319	15	46	89	0	38469
3496	243	26	38963	46	0	39278
3497	96	45	37408	34	0	37583
3498	47	36767	269	51	0	37134
3499	36	159	59	39420	0	39674
3500	39394	56	32	171	0	39653
3501	170	37404	53	111	0	37738
3502	62	163	18	39321	0	39564
3503	38578	55	28	171	0	38832
3504	37311	30	34	66	0	37441
3505	209	36317	158	182	0	36866
3506	37820	171	18	45	0	38054
3507	37881	63	28	40	0	38012
3508	328	38	15	37548	0	37929
3509	105	87	38245	205	0	38642
3510	55	35897	231	119	0	36302
3511	41	37311	78	101	0	37531
3512	36559	210	30	41	0	36840
3513	203	135	27	35698	0	36063
3514	121	48	35788	191	0	36148
3515	58	34036	235	107	0	34436
3516	36186	201	71	43	0	36501
3517	36157	70	40	52	0	36319
3518	268	59	36677	47	0	37051
3519	102	35	215	34932	0	35284
3520	57	35	71	37687	0	37850
3521	61	29	41588	298	0	41976
3522	41870	35	489	138	0	42532
3523	54086	34	110	80	0	54310
3524	1190	33	99	61939	0	63261
3525	359	63374	116	1496	0	65345
3526	247	1542	53	67737	0	69579
3527	208	476	65863	1880	0	68427
3528	65419	253	1658	616	0	67946
3529	1766	145	461	69802	0	72174
3530	567	184	68229	1953	0	70933
3531	65722	145	1828	735	0	68430
3532	1881	124	595	69171	0	71771
3533	652	71	384	70148	0	71255
3534	68468	55	282	2437	0	71242
3535	1935	67674	243	970	0	70822
3536	68646	1713	202	747	0	71308
3537	2181	570	261	67854	0	70866
3538	68333	299	150	2179	0	70961
3539	2302	268	65582	938	0	69090
3540	929	65985	1872	682	0	69468
3541	721	1897	554	68913	0	72085
3542	68825	654	397	2241	0	72117
3543	2228	67321	292	997	0	70838
3544	891	2050	287	69615	0	72843
3545	69563	786	264	2378	0	72991
3546	69212	463	272	1000	0	70947
3547	2803	428	212	67313	0	70756
3548	1361	302	64857	2585	0	69105
3549	829	372	64006	1156	0	66363
3550	64460	357	2461	884	0	68162
3551	2457	63336	989	893	0	67675
3552	1156	63639	608	610	0	66013
3553	62431	2483	455	594	0	65963
3554	2461	63028	440	712	0	66641
3555	1170	2385	404	63243	0	67202
3556	1014	859	330	66214	0	68417
3557	64708	773	264	2892	0	68637
3558	63894	608	403	1202	0	66107
3559	64273	529	285	956	0	66043
3560	3326	484	60478	677	0	64965
3561	1464	515	2064	61473	0	65516
3562	1208	477	61277	2523	0	65485
3563	1064	416	61670	1119	0	64269
3564	1010	461	63521	790	0	65782
3565	780	339	3017	61439	0	65575
3566	673	405	63068	2731	0	66877
3567	780	363	64692	1123	0	66958
3568	744	385	3055	62963	0	67147
3569	63671	361	1345	2611	0	67988
3570	2679	354	63617	1106	0	67756
3571	1126	350	2680	62255	0	66411
3572	850	322	1312	65688	0	68172
3573	742	352	64499	3203	0	68796
3574	713	358	2689	64131	0	67891
3575	877	331	65369	3052	0	69629
3576	784	413	2780	64157	0	68134
3577	690	365	1198	66200	0	68453
3578	598	317	907	66789	0	68611
3579	665	296	793	66698	0	68452
3580	62802	228	977	3716	0	67723
3581	63934	212	759	1866	0	66771
3582	3008	236	61855	1399	0	66498
3583	1337	59975	2610	1483	0	65405
3584	954	2052	62620	1231	0	66857
3585	773	646	63331	997	0	65747
3586	60763	381	3278	1027	0	65449
3587	2603	61083	1706	916	0	66308
3588	61813	2174	1250	951	0	66188
3589	2560	62400	1130	1015	0	67105
3590	63039	2512	1036	855	0	67442
3591	65495	823	960	848	0	68126
3592	3263	633	934	62115	0	66945
3593	1502	62554	735	2755	0	67546
3594	1011	2371	739	64016	0	68137
3595	851	960	700	66169	0	68680
3596	876	602	61852	3675	0	67005
3597	817	62304	2544	1827	0	67492
3598	928	2301	1035	64598	0	68862
3599	61677	995	888	3180	0	66740
3600	66319	636	800	1574	0	69329
3601	67308	493	767	1300	0	69868
3602	3382	64817	759	1201	0	70159
3603	66697	2546	688	905	0	70836
3604	3206	69401	681	991	0	74279
3605	1529	2939	598	72657	0	77723
3606	1300	1121	69998	3049	0	75468
3607	1008	904	2867	69773	0	74552
3608	990	70600	1297	3171	0	76058
3609	897	3056	863	70986	0	75802
3610	860	1193	624	72296	0	74973
3611	795	71795	576	3741	0	76907
3612	72265	3105	560	1803	0	77733
3613	3106	1291	524	72222	0	77143
3614	1268	1060	69447	3557	0	75332
3615	921	777	2753	71624	0	76075
3616	857	630	1085	74721	0	77293
3617	856	585	70224	4272	0	75937
3618	785	654	2969	66130	0	70538
3619	719	68795	1151	3658	0	74323
3620	659	2974	68298	1845	0	73776
3621	1158	1192	64730	1217	0	68297
3622	585	61795	3142	1118	0	66640
3623	447	53580	1055	796	0	55878
3624	236	44399	718	350	0	45703
3625	41304	1718	512	257	0	43791
3626	39812	520	299	257	0	40888
3627	39526	262	181	235	0	40204
3628	1602	263	161	38463	0	40489
3629	539	201	36822	1403	0	38965
3630	289	380	1245	36896	0	38810
3631	214	154	416	38392	0	39176
3632	37199	168	238	1698	0	39303
3633	37852	164	192	597	0	38805
3634	1498	37041	181	384	0	39104
3635	37550	1238	149	315	0	39252
3636	38390	399	172	259	0	39220
3637	39130	257	131	295	0	39813
3638	1708	184	36931	274	0	39097
3639	590	185	36543	232	0	37550
3640	324	206	1368	36281	0	38179
3641	359	192	36193	1284	0	38028
3642	34397	158	1174	438	0	36167
3643	35941	155	499	258	0	36853
3644	1402	159	33896	192	0	35649
3645	33477	120	997	194	0	34788
3646	1234	33849	395	161	0	35639
3647	34992	1004	207	163	0	36366
3648	1212	377	168	34477	0	36234
3649	530	215	144	33889	0	34778
3650	339	34344	127	1229	0	36039
3651	34671	1020	140	459	0	36290
3652	34784	382	146	264	0	35576
3653	1324	34090	156	222	0	35792
3654	545	1044	139	33367	0	35095
3655	373	410	128	33726	0	34637
3656	294	33276	164	1295	0	35029
3657	279	1070	134	33659	0	35142
3658	266	411	138	34794	0	35609
3659	33808	240	141	1405	0	35594
3660	34110	209	135	589	0	35043
3661	1430	181	33098	365	0	35074
3662	33005	153	995	325	0	34478
3663	1282	195	32985	271	0	34733
3664	558	164	1057	32492	0	34271
3665	363	198	31931	1155	0	33647
3666	287	31072	1062	523	0	32944
3667	247	948	441	30932	0	32568
3668	236	353	183	32026	0	32798
3669	31287	236	169	1289	0	32981
3670	1070	178	148	31044	0	32440
3671	452	189	29795	1180	0	31616
3672	30192	192	909	517	0	31810
3673	30926	149	331	368	0	31774
3674	31118	167	231	304	0	31820
3675	30000	145	196	273	0	30614
3676	1403	163	168	31233	0	32967
3677	593	151	151	32550	0	33445
3678	404	140	149	34335	0	35028
3679	334	129	147	35428	0	36038
3680	34102	130	171	1837	0	36240
3681	34571	122	153	774	0	35620
3682	1682	129	179	30998	0	32988
3683	677	32306	184	1323	0	34490
3684	33215	1138	194	561	0	35108
3685	1536	481	31762	379	0	34158
3686	646	32649	1182	339	0	34816
3687	31552	1210	471	278	0	33511
3688	1324	32737	268	270	0	34599
3689	594	1268	32236	246	0	34344
3690	32672	444	1193	241	0	34550
3691	33323	270	430	233	0	34256
3692	1733	234	31488	212	0	33667
3693	799	155	1202	32829	0	34985
3694	559	124	445	33248	0	34376
3695	451	32553	274	1582	0	34860
3696	379	1169	205	33562	0	35315
3697	31870	418	171	1558	0	34017
3698	1353	32659	187	668	0	34867
3699	553	1207	135	31266	0	33161
3700	413	413	102	32130	0	33058
3701	372	269	29179	1527	0	31347
3702	333	30012	1043	649	0	32037
3703	28365	1135	431	383	0	30314
3704	993	24579	225	266	0	26063
3705	339	23158	117	183	0	23797
3706	22750	967	544	144	0	24405
3707	841	345	95	22129	0	23410
3708	334	201	82	23124	0	23741
3709	22586	132	71	1006	0	23795
3710	874	103	55	22780	0	23812
3711	359	104	62	23468	0	23993
3712	23887	88	54	1095	0	25124
3713	899	104	49	23655	0	24707
3714	337	23374	61	972	0	24744
3715	23853	731	48	380	0	25012
3716	864	290	22419	251	0	23824
3717	364	21717	696	213	0	22990
3718	201	825	185	22391	0	23602
3719	157	269	21505	815	0	22746
3720	151	189	21853	343	0	22536
3721	125	759	727	20541	0	22152
3722	20809	126	245	653	0	21833
3723	628	69	127	20614	0	21438
3724	249	67	94	20961	0	21371
3725	174	88	71	21231	0	21564
3726	148	66	77	21290	0	21581
3727	118	85	64	21503	0	21770
3728	134	94	19699	967	0	20894
3729	138	113	19376	405	0	20032
3730	119	84	651	20359	0	21213
3731	125	116	19890	692	0	20823
3732	134	19805	643	363	0	20945
3733	137	550	272	20374	0	21333
3734	127	237	19357	666	0	20387
3735	17262	140	616	367	0	18385
3736	581	18931	248	292	0	20052
3737	195	18672	165	249	0	19281
3738	171	19358	112	223	0	19864
3739	178	720	98	19411	0	20407
3740	19471	302	91	673	0	20537
3741	612	216	65	19630	0	20523
3742	19213	148	90	771	0	20222
3743	622	18647	89	380	0	19738
3744	19564	582	98	292	0	20536
3745	704	267	87	19210	0	20268
3746	294	216	90	19409	0	20009
3747	234	19210	93	794	0	20331
3748	188	591	83	20172	0	21034
3749	176	258	82	20232	0	20748
3750	150	203	70	20592	0	21015
3751	19625	147	83	916	0	20771
3752	19750	159	83	481	0	20473
3753	766	125	19069	377	0	20337
3754	19384	133	536	305	0	20358
3755	723	144	19234	272	0	20373
3756	327	127	601	19338	0	20393
3757	240	129	245	19923	0	20537
3758	193	122	174	20416	0	20905
3759	151	129	18971	958	0	20209
3760	154	105	577	19848	0	20684
3761	136	125	19722	861	0	20844
3762	114	124	615	20216	0	21069
3763	20110	114	259	819	0	21302
3764	574	125	19671	462	0	20832
3765	19844	104	572	374	0	20894
3766	633	87	244	20620	0	21584
3767	20992	95	175	774	0	22036
3768	654	20434	150	451	0	21689
3769	286	532	136	21479	0	22433
3770	216	216	21269	764	0	22465
3771	175	142	553	21585	0	22455
3772	167	302	251	20960	0	21680
3773	113	20567	193	861	0	21734
3774	170	542	20323	470	0	21505
3775	94	20530	546	388	0	21558
3776	18415	412	166	232	0	19225
3777	388	18004	136	231	0	18759
3778	16607	287	334	149	0	17377
3779	16376	118	65	110	0	16669
3780	15941	53	56	117	0	16167
3781	355	50	57	15746	0	16208
3782	151	55	15808	310	0	16324
3783	96	146	234	15755	0	16231
3784	70	15838	112	302	0	16322
3785	56	228	64	16253	0	16601
3786	16024	101	49	343	0	16517
3787	246	15965	64	188	0	16463
3788	98	242	44	15170	0	15554
3789	67	95	37	15237	0	15436
3790	15141	48	46	347	0	15582
3791	254	68	14545	152	0	15019
3792	114	13730	228	137	0	14209
3793	62	153	67	13976	0	14258
3794	54	80	13141	206	0	13481
3795	49	27	180	12727	0	12983
3796	40	13275	88	198	0	13601
3797	43	169	152	14276	0	14640
3798	32	68	38	13680	0	13818
3799	32	41	35	13623	0	13731
3800	27	46	13133	250	0	13456
3801	12430	31	157	127	0	12745
3802	180	29	53	14597	0	14859
3803	16537	31	36	273	0	16877
3804	16592	32	40	121	0	16785
3805	16751	32	24	82	0	16889
3806	16661	27	37	75	0	16800
3807	17171	20	27	80	0	17298
3808	464	24	18	16499	0	17005
3809	183	15765	32	333	0	16313
3810	92	294	26	16179	0	16591
3811	68	15808	28	347	0	16251
3812	45	280	15	15161	0	15501
3813	14868	129	13	321	0	15331
3814	265	39	13	14539	0	14856
3815	120	44	14079	311	0	14554
3816	13578	14	245	146	0	13983
3817	287	14054	113	76	0	14530
3818	14628	244	32	57	0	14961
3819	14383	98	96	37	0	14614
3820	13899	37	15	25	0	13976
3821	341	14086	16	30	0	14473
3822	150	233	5	14200	0	14588
3823	64	99	6	14434	0	14603
3824	51	45	13999	336	0	14431
3825	44	30	211	13356	0	13641
3826	40	19	87	14158	0	14304
3827	31	20	36	14343	0	14430
3828	32	14066	26	336	0	14460
3829	14588	248	12	143	0	14991
3830	13791	114	22	69	0	13996
3831	368	53	14227	45	0	14693
3832	162	13889	237	39	0	14327
3833	92	254	83	14639	0	15068
3834	71	104	34	14990	0	15199
3835	64	43	20	14962	0	15089
3836	53	32	24	14966	0	15075
3837	48	30	15	15144	0	15237
3838	56	38	14291	422	0	14807
3839	64	57	13324	195	0	13640
3840	14458	34	326	100	0	14918
3841	15461	23	130	71	0	15685
3842	15700	25	50	66	0	15841
3843	427	27	36	15729	0	16219
3844	188	31	15328	318	0	15865
3845	15547	30	284	156	0	16017
3846	16148	25	122	95	0	16390
3847	419	39	14860	64	0	15382
3848	15193	18	290	63	0	15564
3849	385	37	16137	64	0	16623
3850	177	22	342	16214	0	16755
3851	93	31	16369	354	0	16847
3852	15967	23	344	166	0	16500
3853	16514	30	152	84	0	16780
3854	16638	21	58	79	0	16796
3855	17062	17	42	84	0	17205
3856	523	33	16928	59	0	17543
3857	222	16531	341	75	0	17169
3858	17509	310	117	70	0	18006
3859	17737	133	63	59	0	17992
3860	468	60	16733	63	0	17324
3861	200	44	330	16247	0	16821
3862	105	27	135	17160	0	17427
3863	82	35	16659	477	0	17253
3864	15872	28	370	204	0	16474
3865	16978	17	141	113	0	17249
3866	495	16537	91	94	0	17217
3867	17313	378	62	61	0	17814
3868	17589	131	50	65	0	17835
3869	17727	60	55	49	0	17891
3870	17453	41	57	56	0	17607
3871	631	41	16341	58	0	17071
3872	16180	17	393	60	0	16650
3873	534	119	146	16038	0	16837
3874	253	16539	100	389	0	17281
3875	157	371	16145	166	0	16839
3876	133	16394	404	94	0	17025
3877	108	544	142	16461	0	17255
3878	98	141	16750	381	0	17370
3879	15850	69	421	146	0	16486
3880	448	52	16480	75	0	17055
3881	16550	28	414	52	0	17044
3882	450	23	155	16524	0	17152
3883	214	20	93	16272	0	16599
3884	135	15785	72	480	0	16472
3885	116	16522	74	295	0	17007
3886	115	418	47	17241	0	17821
3887	17170	159	53	401	0	17783
3888	17448	74	65	162	0	17749
3889	17624	46	42	91	0	17803
3890	592	41	17220	59	0	17912
3891	17432	27	377	61	0	17897
3892	518	32	17851	53	0	18454
3893	242	52	16921	64	0	17279
3894	17433	35	469	39	0	17976
3895	18284	38	190	51	0	18563
3896	560	32	17292	43	0	17927
3897	253	42	385	16711	0	17391
3898	159	35	163	17960	0	18317
3899	18006	20	114	482	0	18622
3900	17715	29	79	189	0	18012
3901	538	41	19917	97	0	20593
3902	255	18707	329	90	0	19381
3903	104	17123	94	38	0	17359
3904	17369	238	100	32	0	17739
3905	245	79	41	17234	0	17599
3906	110	54	45	17664	0	17873
3907	96	43	29	18288	0	18456
3908	14460	149	61	329	0	14999
3909	289	37	36	18391	0	18753
3910	18577	22	32	291	0	18922
3911	19423	25	43	146	0	19637
3912	442	21017	56	79	0	21594
3913	230	297	40	24196	0	24763
3914	164	125	24410	411	0	25110
3915	23665	61	421	184	0	24331
3916	24806	35	199	93	0	25133
3917	25337	45	129	73	0	25584
3918	703	46	25881	93	0	26723
3919	331	193	480	25538	0	26542
3920	26939	30	207	456	0	27632
3921	25815	25	127	204	0	26171
3922	25689	39	79	120	0	25927
3923	708	24996	105	98	0	25907
3924	352	26784	85	118	0	27339
3925	232	535	49	28060	0	28876
3926	186	234	42	27396	0	27858
3927	181	27015	47	690	0	27933
3928	27902	488	62	245	0	28697
3929	550	250	27769	159	0	28728
3930	268	112	428	27725	0	28533
3931	183	87	191	27887	0	28348
3932	175	93	27292	645	0	28205
3933	25598	61	457	289	0	26405
3934	28193	59	248	161	0	28661
3935	702	26872	149	155	0	27878
3936	28318	444	98	135	0	28995
3937	834	200	28803	96	0	29933
3938	29613	108	472	110	0	30303
3939	714	84	29848	89	0	30735
3940	29412	201	527	99	0	30239
3941	30550	61	244	90	0	30945
3942	30803	59	204	86	0	31152
3943	30154	49	112	107	0	30422
3944	816	28373	165	87	0	29441
3945	30572	408	97	70	0	31147
3946	31156	194	83	91	0	31524
3947	813	148	30299	102	0	31362
3948	30431	105	411	99	0	31046
3949	644	110	176	30700	0	31630
3950	413	111	30664	473	0	31661
3951	30791	101	439	233	0	31564
3952	614	93	243	31646	0	32596
3953	32904	89	147	528	0	33668
3954	36750	92	99	329	0	37270
3955	765	86	36810	197	0	37858
3956	36726	53	491	138	0	37408
3957	37927	69	261	150	0	38407
3958	37888	52	172	122	0	38234
3959	38236	57	152	108	0	38553
3960	881	57	178	36534	0	37650
3961	558	36389	143	460	0	37550
3962	38190	436	151	201	0	38978
3963	38076	197	120	135	0	38528
3964	38755	115	112	106	0	39088
3965	947	101	37653	120	0	38821
3966	523	36660	487	93	0	37763
3967	397	434	247	37956	0	39034
3968	385	204	143	38291	0	39023
3969	418	121	38261	802	0	39602
3970	349	92	567	37227	0	38235
3971	353	120	38764	632	0	39869
3972	320	94	620	37699	0	38733
3973	281	68	274	39403	0	40026
3974	305	103	39625	778	0	40811
3975	36927	87	601	401	0	38016
3976	41160	79	295	264	0	41798
3977	908	93	40945	219	0	42165
3978	39829	104	611	201	0	40745
3979	41803	78	308	209	0	42398
3980	982	74	42895	163	0	44114
3981	612	72	594	41154	0	42432
3982	437	61	318	43435	0	44251
3983	43922	52	249	739	0	44962
3984	840	43480	177	438	0	44935
3985	43949	561	212	242	0	44964
3986	44642	234	150	188	0	45214
3987	984	46108	131	190	0	47413
3988	47779	558	166	133	0	48636
3989	47277	302	129	119	0	47827
3990	979	46176	150	165	0	47470
3991	548	591	164	46668	0	47971
3992	469	46722	177	571	0	47939
3993	410	631	158	47934	0	49133
3994	415	274	46789	699	0	48177
3995	340	239	46203	363	0	47145
3996	45258	133	774	312	0	46477
3997	47847	118	402	224	0	48591
3998	997	118	47722	227	0	49064
3999	47219	84	726	164	0	48193
4000	49592	68	371	206	0	50237
4001	47781	72	290	173	0	48316
4002	1141	47370	235	159	0	48905
4003	638	553	205	49846	0	51242
4004	50717	223	210	656	0	51806
4005	49404	137	174	335	0	50050
4006	1104	120	50721	229	0	52174
4007	528	134	584	49019	0	50265
4008	449	102	253	50519	0	51323
4009	415	49360	203	924	0	50902
4010	360	51532	182	371	0	52445
4011	313	946	155	49886	0	51300
4012	273	49679	130	556	0	50638
4013	48031	420	77	145	0	48673
4014	490	48576	82	132	0	49280
4015	50765	503	69	104	0	51441
4016	667	202	49826	71	0	50766
4017	49654	87	554	80	0	50375
4018	53190	59	204	60	0	53513
4019	53288	48	126	68	0	53530
4020	52768	49	108	74	0	52999
4021	941	51771	132	79	0	52923
4022	427	633	65	53956	0	55081
4023	282	219	61	54479	0	55041
4024	235	176	52561	855	0	53827
4025	172	108	591	49978	0	50849
4026	153	109	195	52936	0	53393
4027	53509	74	126	849	0	54558
4028	722	52037	116	367	0	53242
4029	343	639	99	54055	0	55136
4030	264	236	98	54525	0	55123
4031	227	168	75	54971	0	55441
4032	55116	113	88	997	0	56314
4033	792	112	90	54944	0	55938
4034	56024	98	87	901	0	57110
4035	868	101	106	55760	0	56835
4036	387	83	107	57338	0	57915
4037	321	101	53521	1000	0	54943
4038	48184	78	706	437	0	49405
4039	877	53059	278	299	0	54513
4040	59181	677	176	204	0	60238
4041	964	242	113	58259	0	59578
4042	431	250	79	59113	0	59873
4043	60127	108	68	1016	0	61319
4044	59388	114	74	444	0	60020
4045	1110	122	68	61993	0	63293
4046	527	131	62560	1096	0	64314
4047	374	154	60569	461	0	61558
4048	242	64335	1124	355	0	66056
4049	67927	1111	498	285	0	69821
4050	65733	317	190	268	0	66508
4051	1532	231	111	66759	0	68633
4052	577	68359	110	1287	0	70333
4053	372	1292	58	70026	0	71748
4054	297	361	90	66143	0	66891
4055	264	62783	128	1656	0	64831
4056	63579	1332	101	645	0	65657
4057	1407	412	98	63925	0	65842
4058	559	64200	184	1425	0	66368
4059	424	68975	154	588	0	70141
4060	70400	1571	156	395	0	72522
4061	1604	630	67222	339	0	69795
4062	68141	374	1290	334	0	70139
4063	1704	288	353	69541	0	71886
4064	729	213	213	69657	0	70812
4065	503	69425	158	1892	0	71978
4066	407	1507	172	71201	0	73287
4067	437	681	69647	2014	0	72779
4068	477	68352	1288	802	0	70919
4069	468	70967	450	599	0	72484
4070	71087	1664	276	559	0	73586
4071	1417	71787	235	731	0	74170
4072	601	1683	143	72856	0	75283
4073	505	71952	183	1751	0	74391
4074	439	1725	136	73912	0	76212
4075	492	660	133	74422	0	75707
4076	363	562	70364	2243	0	73532
4077	365	538	1306	70184	0	72393
4078	377	477	433	73122	0	74409
4079	71450	406	322	2124	0	74302
4080	1697	408	69954	991	0	73050
4081	773	412	1392	71696	0	74273
4082	599	429	70131	2060	0	73219
4083	69015	413	1543	1074	0	72045
4084	1756	70756	639	820	0	73971
4085	77978	1700	394	836	0	80908
4086	2070	745	359	78072	0	81246
4087	888	607	202	79277	0	80974
4088	598	599	75945	2681	0	79823
4089	68021	494	1814	1335	0	71664
4090	2024	77705	591	1069	0	81389
4091	70838	2161	454	930	0	74383
4092	2384	916	319	78856	0	82475
4093	954	78969	379	2395	0	82697
4094	80647	2122	314	1164	0	84247
4095	2197	81312	409	933	0	84851
4096	911	2284	264	82700	0	86159
4097	740	853	291	84263	0	86147
4098	694	640	304	83868	0	85506
4099	543	80178	426	3117	0	84264
4100	567	2137	293	83032	0	86029
4101	554	887	372	84455	0	86268
4102	81223	703	261	2989	0	85176
4103	81526	755	283	1369	0	83933
4104	81865	603	438	1104	0	84010
4105	2923	659	78264	1029	0	82875
4106	79408	607	1906	951	0	82872
4107	82470	605	722	822	0	84619
4108	81782	574	461	908	0	83725
4109	2992	718	76890	929	0	81529
4110	76579	564	1824	951	0	79918
4111	2697	488	621	80562	0	84368
4112	1226	625	77090	2546	0	81487
4113	1005	75897	1994	1188	0	80084
4114	872	2655	596	75025	0	79148
4115	725	73038	553	2216	0	76532
4116	710	76034	367	1050	0	78161
4117	73894	2149	567	821	0	77431
4118	1980	897	311	73505	0	76693
4119	74142	586	245	2202	0	77175
4120	2129	482	251	73814	0	76676
4121	73554	476	213	2214	0	76457
4122	2249	591	260	72910	0	76010
4123	73484	459	255	2280	0	76478
4124	2225	485	69424	966	0	73100
4125	1142	415	1619	71194	0	74370
4126	962	614	69952	2135	0	73663
4127	924	504	66342	928	0	68698
4128	676	498	70983	840	0	72997
4129	760	384	2065	69321	0	72530
4130	635	473	70250	2268	0	73626
4131	70075	351	1938	1050	0	73414
4132	1965	465	664	71748	0	74842
4133	832	394	73818	2337	0	77381
4134	725	417	1762	73442	0	76346
4135	607	438	697	75359	0	77101
4136	771	340	77256	2427	0	80794
4137	631	342	1763	76655	0	79391
4138	769	458	695	76798	0	78720
4139	727	75121	634	2314	0	78796
4140	76791	1584	479	1082	0	79936
4141	77292	530	468	970	0	79260
4142	2428	418	73387	835	0	77068
4143	72960	306	1756	779	0	75801
4144	2157	289	71494	803	0	74743
4145	848	283	67574	612	0	69317
4146	699	281	68906	608	0	70494
4147	528	1220	2592	64889	0	69229
4148	523	228	66610	1403	0	68764
4149	357	256	1198	64100	0	65911
4150	359	146	490	65787	0	66782
4151	367	163	390	65496	0	66416
4152	494	164	318	65277	0	66253
4153	63956	154	289	1507	0	65906
4154	63172	166	312	752	0	64402
4155	1332	63127	381	655	0	65495
4156	596	1025	273	66738	0	68632
4157	532	338	66344	1425	0	68639
4158	431	66754	1341	640	0	69166
4159	416	1563	507	69664	0	72150
4160	378	439	69600	1804	0	72221
4161	333	296	1610	68001	0	70240
4162	293	242	69188	1930	0	71653
4163	311	240	67734	766	0	69051
4164	263	169	1903	69136	0	71471
4165	261	153	812	69959	0	71185
4166	69066	113	550	2196	0	71925
4167	1598	96	406	68346	0	70446
4168	66324	109	361	2207	0	69001
4169	1683	64985	377	925	0	67970
4170	620	67843	335	898	0	69696
4171	459	1685	252	69352	0	71748
4172	68566	552	275	1727	0	71120
4173	1540	67459	315	738	0	70052
4174	565	1575	275	71299	0	73714
4175	72151	459	302	1842	0	74754
4176	72622	371	299	701	0	73993
4177	72590	235	313	616	0	73754
4178	72961	173	300	499	0	73933
4179	74242	161	314	455	0	75172
4180	2275	185	68983	414	0	71857
4181	925	205	67944	391	0	69465
4182	616	67775	1742	399	0	70532
4183	503	1718	572	69625	0	72418
4184	537	419	70017	1453	0	72426
4185	287	425	65771	491	0	66974
4186	240	413	1555	66025	0	68233
4187	271	164	70905	1572	0	72912
4188	259	242	68553	486	0	69540
4189	215	89841	1882	471	0	92409
4190	91985	2902	620	286	0	95793
4191	2711	101811	468	304	0	105294
4192	623	3518	269	103851	0	108261
4193	106519	729	280	3284	0	110812
4194	3488	107615	366	790	0	112259
4195	722	3582	288	109358	0	113950
4196	582	800	106013	3658	0	111053
4197	108565	554	3421	868	0	113408
4198	111922	326	780	727	0	113755
4199	114335	203	566	462	0	115566
4200	4569	243	351	112566	0	117729
4201	1350	366	108864	3901	0	114481
4202	853	108309	3691	1005	0	113858
4203	582	3636	773	113382	0	118373
4204	112907	781	556	3979	0	118223
4205	4086	751	107433	875	0	113145
4206	989	103937	3731	834	0	109491
4207	802	3602	110076	535	0	115015
4208	107230	930	4060	380	0	112600
4209	115840	637	977	478	0	117932
4210	117075	382	742	384	0	118583
4211	5090	695	107818	364	0	113967
4212	1623	106167	3739	519	0	112048
4213	1135	3695	1016	108646	0	114492
4214	818	922	766	113121	0	115627
4215	645	762	551	115205	0	117163
4216	708	620	107210	5030	0	113568
4217	107169	488	3928	1735	0	113320
4218	4415	618	108367	1172	0	114572
4219	110926	469	4298	892	0	116585
4220	115621	470	1235	725	0	118051
4221	115983	504	961	701	0	118149
4222	115716	472	737	657	0	117582
4223	5694	705	108811	567	0	115777
4224	2301	565	4039	110539	0	117444
4225	1750	846	106208	4290	0	113094
4226	1366	104801	4277	1496	0	111940
4227	1242	112801	1275	1268	0	116586
4228	110504	4891	1118	1009	0	117522
4229	109813	1833	878	996	0	113520
4230	4934	110676	1053	1104	0	117767
4231	114277	4561	864	858	0	120560
4232	5714	1534	106095	851	0	114194
4233	107817	1139	4010	948	0	113914
4234	5569	108811	1623	939	0	116942
4235	112882	4538	1179	858	0	119457
4236	111295	1520	1037	935	0	114787
4237	6319	1154	963	106175	0	114611
4238	2765	946	990	110183	0	114884
4239	107126	898	1252	5376	0	114652
4240	5558	1089	908	107388	0	114943
4241	106591	799	1281	5412	0	114083
4242	6173	874	961	106732	0	114740
4243	105470	701	1245	5179	0	112595
4244	105845	819	963	1667	0	109294
4245	6251	101390	1386	1348	0	110375
4246	3020	106662	1157	1125	0	111964
4247	100271	5119	1209	1094	0	107693
4248	5336	103433	1087	1198	0	111054
4249	2444	5180	1177	101202	0	110003
4250	2252	1832	1219	106050	0	111353
4251	99182	1475	1134	5677	0	107468
4252	5252	100093	1300	2315	0	108960
4253	2648	99919	1175	1891	0	105633
4254	2653	100840	1271	1587	0	106351
4255	2655	5426	96569	1286	0	105936
4256	2479	2093	97608	1196	0	103376
4257	2602	1726	97562	1117	0	103007
4258	2487	2392	4683	80119	0	89681
4259	2204	89748	2001	3626	0	97579
4260	92865	4178	1116	1576	0	99735
4261	5137	1549	90079	1439	0	98204
4262	2708	1287	90604	1387	0	95986
4263	2446	1245	92895	1152	0	97738
4264	2261	1071	4548	89733	0	97613
4265	2214	1043	1733	93618	0	98608
4266	2310	1096	1294	95376	0	100076
4267	93192	1098	1033	4756	0	100079
4268	93854	1451	1000	1639	0	97944
4269	95085	1153	1018	1376	0	98632
4270	5598	1166	1119	89928	0	97811
4271	2717	1153	86054	4121	0	94045
4272	2087	1293	88531	1604	0	93515
4273	2207	1027	4058	88193	0	95485
4274	2106	1064	1457	89741	0	94368
4275	86945	1058	1116	4521	0	93640
4276	4879	85531	856	2120	0	93386
4277	86103	3910	846	1556	0	92415
4278	4900	84305	846	1692	0	91743
4279	2386	4161	795	85225	0	92567
4280	1855	1481	83143	4504	0	90983
4281	2076	1188	3570	84852	0	91686
4282	85822	1144	1240	4649	0	92855
4283	4931	906	82584	1832	0	90253
4284	82663	1008	3645	1500	0	88816
4285	5427	758	80733	1260	0	88178
4286	2436	1128	79038	1039	0	83641
4287	73529	809	3433	1236	0	79007
4288	4310	960	72961	1188	0	79419
4289	1120	456	49031	748	0	51355
4290	1694	46317	2794	912	0	51717
4291	36518	1270	2016	307	0	40111
4292	33844	437	562	218	0	35061
4293	33679	165	98	193	0	34135
4294	845	186	30621	185	0	31837
4295	29750	179	541	200	0	30670
4296	746	30204	213	168	0	31331
4297	30017	586	103	150	0	30856
4298	699	264	29846	124	0	30933
4299	231	231	445	27850	0	28757
4300	152	92	27186	432	0	27862
4301	86	26073	386	153	0	26698
4302	108	447	286	26237	0	27078
4303	180	102	71	26919	0	27272
4304	26953	57	60	377	0	27447
4305	26671	37	72	148	0	26928
4306	26687	39	53	87	0	26866
4307	26507	23	64	63	0	26657
4308	25827	34	61	69	0	25991
4309	434	42	25570	65	0	26111
4310	170	30	319	25123	0	25642
4311	111	43	26619	305	0	27078
4312	82	44	333	26199	0	26658
4313	26881	41	132	343	0	27397
4314	27611	36	83	126	0	27856
4315	27603	40	60	86	0	27789
4316	27738	44	66	70	0	27918
4317	518	41	28241	73	0	28873
4318	186	29	380	27207	0	27802
4319	139	44	27617	395	0	28195
4320	101	27381	414	201	0	28097
4321	95	28908	166	108	0	29277
4322	94	741	66	28801	0	29702
4323	72	138	67	31445	0	31722
4324	96	56	75	32848	0	33075
4325	69	39	67	34495	0	34670
4326	33929	36	51	945	0	34961
4327	726	33231	66	346	0	34369
4328	32447	646	43	169	0	33305
4329	763	195	46	32153	0	33157
4330	294	91	50	31514	0	31949
4331	150	31690	60	836	0	32736
4332	124	645	52	32454	0	33275
4333	31854	213	39	775	0	32881
4334	722	29734	58	296	0	30810
4335	199	29666	41	163	0	30069
4336	30018	796	26	113	0	30953
4337	737	255	28	29567	0	30587
4338	242	29165	51	709	0	30167
4339	176	685	24	30597	0	31482
4340	30553	219	40	780	0	31592
4341	722	187	33	30311	0	31253
4342	242	89	33	31236	0	31600
4343	30956	60	30	964	0	32010
4344	754	72	30	30584	0	31440
4345	294	29924	38	841	0	31097
4346	163	649	22	30842	0	31676
4347	127	29610	45	791	0	30573
4348	88	697	10	30938	0	31733
4349	30409	223	26	807	0	31465
4350	30667	141	30	328	0	31166
4351	874	117	14	30568	0	31573
4352	319	88	29295	800	0	30502
4353	29053	87	627	312	0	30079
4354	779	94	29386	210	0	30469
4355	29265	69	695	169	0	30198
4356	30187	56	207	158	0	30608
4357	972	90	28415	170	0	29647
4358	350	27649	652	188	0	28839
4359	29041	652	174	121	0	29988
4360	29910	220	106	128	0	30364
4361	876	146	29902	119	0	31043
4362	29837	99	595	125	0	30656
4363	29462	66	196	120	0	29844
4364	29432	78	100	129	0	29739
4365	905	67	77	29064	0	30113
4366	400	72	37	29166	0	29675
4367	243	28287	67	841	0	29438
4368	224	597	41	30119	0	30981
4369	145	222	50	30492	0	30909
4370	162	136	28874	942	0	30114
4371	153	138	27251	401	0	27943
4372	25579	80	760	270	0	26689
4373	27774	81	330	192	0	28377
4374	842	26983	161	200	0	28186
4375	368	655	91	28077	0	29191
4376	266	261	28202	733	0	29462
4377	176	152	658	28990	0	29976
4378	192	124	233	29443	0	29992
4379	146	106	125	30751	0	31128
4380	159	29961	117	1009	0	31246
4381	165	743	62	31655	0	32625
4382	146	288	73	32254	0	32761
4383	171	165	30884	1104	0	32324
4384	175	117	31196	494	0	31982
4385	29468	100	899	348	0	30815
4386	31396	118	312	257	0	32083
4387	987	117	194	32795	0	34093
4388	402	114	118	32882	0	33516
4389	237	97	120	33875	0	34329
4390	217	109	31056	1432	0	32814
4391	196	29855	954	665	0	31670
4392	209	996	31040	397	0	32642
4393	31211	317	1042	331	0	32901
4394	1123	196	32054	274	0	33647
4395	31688	127	1066	230	0	33111
4396	31840	93	377	229	0	32539
4397	33019	136	209	195	0	33559
4398	1355	80	174	31338	0	32947
4399	574	114	30702	1095	0	32485
4400	321	30875	978	481	0	32655
4401	275	977	293	31329	0	32874
4402	231	287	216	32910	0	33644
4403	257	213	32887	1369	0	34726
4404	195	33052	1172	623	0	35042
4405	35545	1204	696	329	0	37774
4406	1409	37280	261	274	0	39224
4407	40600	1594	198	256	0	42648
4408	1901	476	130	40618	0	43125
4409	676	274	39942	1793	0	42685
4410	418	40394	1657	587	0	43056
4411	42416	1751	448	414	0	45029
4412	1978	507	41588	311	0	44384
4413	41898	353	1819	253	0	44323
4414	43547	192	491	250	0	44480
4415	2345	170	41158	176	0	43849
4416	41577	152	1782	199	0	43710
4417	42519	106	533	181	0	43339
4418	41845	114	398	174	0	42531
4419	2431	39887	242	194	0	42754
4420	38840	1743	181	154	0	40918
4421	2052	39098	228	176	0	41554
4422	711	1782	38388	175	0	41056
4423	433	38273	1520	159	0	40385
4424	37003	1732	610	123	0	39468
4425	37675	413	234	117	0	38439
4426	38216	261	177	106	0	38760
4427	1947	209	153	35828	0	38137
4428	661	129	144	38068	0	39002
4429	36019	142	139	1775	0	38075
4430	37315	121	133	501	0	38070
4431	1889	114	104	35721	0	37828
4432	709	359	34572	1562	0	37202
4433	404	33563	1377	435	0	35779
4434	314	36029	340	318	0	37001
4435	284	1674	226	35484	0	37668
4436	298	476	34908	1506	0	37188
4437	261	306	1383	33132	0	35082
4438	314	34231	397	1435	0	36377
4439	242	1502	249	35011	0	37004
4440	291	455	34568	1556	0	36870
4441	252	288	1432	35191	0	37163
4442	276	202	36418	1708	0	38604
4443	249	174	1587	36209	0	38219
4444	297	197	37096	1719	0	39309
4445	273	202	37405	530	0	38410
4446	35683	164	1803	352	0	38002
4447	37927	180	545	282	0	38934
4448	38201	165	411	224	0	39001
4449	2018	36133	274	242	0	38667
4450	746	1501	247	37751	0	40245
4451	36705	422	249	1590	0	38966
4452	38659	319	230	465	0	39673
4453	38577	210	220	350	0	39357
4454	2305	228	36463	264	0	39260
4455	803	34700	1489	256	0	37248
4456	549	38556	440	263	0	39808
4457	38029	1762	355	203	0	40349
4458	1792	591	266	37985	0	40634
4459	38341	380	272	1585	0	40578
4460	1964	297	36571	467	0	39299
4461	728	282	1507	36423	0	38940
4462	636	268	454	37755	0	39113
4463	538	233	354	36158	0	37283
4464	446	36402	282	1839	0	38969
4465	36726	1589	261	627	0	39203
4466	37510	476	271	422	0	38679
4467	1978	36287	257	333	0	38855
4468	842	1631	218	36442	0	39133
4469	36411	509	238	1760	0	38918
4470	1880	410	219	36395	0	38904
4471	36287	285	222	1793	0	38587
4472	1991	35395	225	615	0	38226
4473	36117	1677	217	412	0	38423
4474	2030	551	34566	346	0	37493
4475	783	34650	1504	331	0	37268
4476	643	1598	34776	314	0	37331
4477	488	715	1814	34139	0	37156
4478	34476	399	868	1577	0	37320
4479	35297	267	368	496	0	36428
4480	34991	207	258	402	0	35858
4481	2113	192	253	32874	0	35432
4482	33525	190	230	1619	0	35564
4483	1946	177	177	33012	0	35312
4484	32969	210	215	1725	0	35119
4485	33991	214	227	608	0	35040
4486	2037	243	32214	482	0	34976
4487	726	188	30676	504	0	32094
4488	519	241	30369	243	0	31372
4489	376	278	1409	29272	0	31335
4490	29672	176	621	1316	0	31785
4491	1354	157	348	29298	0	31157
4492	537	169	225	31016	0	31947
4493	31564	157	187	1651	0	33559
4494	31776	112	187	606	0	32681
4495	32110	118	199	425	0	32852
4496	32411	137	163	331	0	33042
4497	1661	121	180	30842	0	32804
4498	30640	125	162	1361	0	32288
4499	1463	29800	206	421	0	31890
4500	30405	1126	166	386	0	32083
4501	31191	319	182	295	0	31987
4502	1509	255	27892	246	0	29902
4503	26238	145	865	204	0	27452
4504	1198	123	25722	221	0	27264
4505	371	92	22874	143	0	23480
4506	424	62	22472	127	0	23085
4507	301	373	505	18585	0	19764
4508	148	47	19149	369	0	19713
4509	100	24	282	17245	0	17651
4510	115	19	17724	300	0	18158
4511	83	29	18421	118	0	18651
4512	60	34	255	17585	0	17934
4513	78	31	105	19439	0	19653
4514	80	27	19827	253	0	20187
4515	18948	22	200	100	0	19270
4516	252	21	92	19995	0	20360
4517	129	19	45	20338	0	20531
4518	20416	23	37	278	0	20754
4519	238	15	43	20553	0	20849
4520	150	25	20339	247	0	20761
4521	85	36	18311	120	0	18552
4522	50	14	183	17766	0	18013
4523	53	15	17995	167	0	18230
4524	39	18163	167	102	0	18471
4525	153	111	67	18842	0	19173
4526	19115	45	34	143	0	19337
4527	151	19	18730	68	0	18968
4528	18171	12	152	52	0	18387
4529	156	16	60	19680	0	19912
4530	73	4	42	19913	0	20032
4531	45	13	34	19975	0	20067
4532	39	15	32	19906	0	19992
4533	19928	9	27	201	0	20165
4534	149	21156	42	108	0	21455
4535	90	211	27	21681	0	22009
4536	61	71	28	21613	0	21773
4537	26	53	29	21727	0	21835
4538	51	14	29	21630	0	21724
4539	21393	12	19	369	0	21793
4540	244	20671	45	189	0	21149
4541	20668	182	34	69	0	20953
4542	232	18961	26	65	0	19284
4543	82	19314	32	54	0	19482
4544	18955	236	25	30	0	19246
4545	217	108	18835	50	0	19210
4546	90	46	189	19172	0	19497
4547	19855	14	72	231	0	20172
4548	20243	13	56	99	0	20411
4549	19937	26	36	91	0	20090
4550	20786	13	25	46	0	20870
4551	310	21182	31	52	0	21575
4552	22367	262	15	54	0	22698
4553	23015	75	16	55	0	23161
4554	395	25127	33	57	0	25612
4555	150	470	12	26252	0	26884
4556	93	148	26249	530	0	27020
4557	58	130	494	25843	0	26525
4558	26260	38	117	595	0	27010
4559	567	53	26851	177	0	27648
4560	155	26020	547	146	0	26868
4561	100	538	27482	82	0	28202
4562	81	159	555	25310	0	26105
4563	56	26691	213	454	0	27414
4564	27780	546	83	135	0	28544
4565	541	27885	82	97	0	28605
4566	191	585	50	28286	0	29112
4567	97	191	31	29236	0	29555
4568	28622	103	43	693	0	29461
4569	597	74	42	27843	0	28556
4570	170	27606	59	597	0	28432
4571	28833	544	28	228	0	29633
4572	29256	167	38	124	0	29585
4573	687	28870	40	131	0	29728
4574	29544	576	19	105	0	30244
4575	635	28649	35	84	0	29403
4576	29139	617	23	80	0	29859
4577	637	28767	32	93	0	29529
4578	227	652	32	27341	0	28252
4579	146	218	32	29930	0	30326
4580	29908	124	35	641	0	30708
4581	30556	95	41	219	0	30911
4582	713	29434	52	178	0	30377
4583	287	643	29104	114	0	30148
4584	30094	208	555	92	0	30949
4585	687	130	148	30501	0	31466
4586	251	30127	104	877	0	31359
4587	150	618	60	31640	0	32468
4588	31758	200	41	696	0	32695
4589	32008	145	27	254	0	32434
4590	32603	113	43	188	0	32947
4591	841	96	28	31967	0	32932
4592	350	87	31282	684	0	32403
4593	29444	102	558	266	0	30370
4594	30541	103	145	184	0	30973
4595	31153	102	97	135	0	31487
4596	896	30080	87	126	0	31189
4597	370	639	62	31100	0	32171
4598	248	31869	65	657	0	32839
4599	195	728	54	32644	0	33621
4600	205	247	72	33149	0	33673
4601	195	182	33768	897	0	35042
4602	217	136	643	36099	0	37095
4603	188	126	204	37960	0	38478
4604	37613	104	135	1092	0	38944
4605	907	37203	102	415	0	38627
4606	37693	891	75	260	0	38919
4607	38834	356	54	188	0	39432
4608	1219	275	59	38680	0	40233
4609	508	210	38711	1088	0	40517
4610	299	37325	874	410	0	38908
4611	227	38820	265	310	0	39622
4612	38287	1104	149	214	0	39754
4613	967	38633	113	220	0	39933
4614	371	1024	95	37721	0	39211
4615	277	381	84	39092	0	39834
4616	262	264	37575	1170	0	39271
4617	236	256	37087	450	0	38029
4618	238	36683	1087	268	0	38276
4619	228	1015	326	38152	0	39721
4620	37841	385	192	1015	0	39433
4621	1005	264	128	39115	0	40512
4622	365	254	39201	1182	0	41002
4623	253	183	959	39519	0	40914
4624	38164	182	275	1239	0	39860
4625	38293	161	176	469	0	39099
4626	1269	37774	111	381	0	39535
4627	38601	1046	115	268	0	40030
4628	1172	37865	122	267	0	39426
4629	38607	1139	113	214	0	40073
4630	1228	418	84	37630	0	39360
4631	530	297	36824	1075	0	38726
4632	410	258	36151	440	0	37259
4633	305	36610	1138	297	0	38350
4634	276	908	306	36084	0	37574
4635	234	346	158	38493	0	39231
4636	38389	188	152	1212	0	39941
4637	38613	187	122	468	0	39390
4638	39575	166	102	318	0	40161
4639	1289	182	101	38910	0	40482
4640	526	211	96	39930	0	40763
4641	353	194	93	40673	0	41313
4642	307	197	39298	1278	0	41080
4643	285	182	38576	536	0	39579
4644	38022	167	1126	389	0	39704
4645	39993	160	367	344	0	40864
4646	1231	157	39067	310	0	40765
4647	38175	157	947	331	0	39610
4648	39022	142	337	296	0	39797
4649	1298	166	37677	279	0	39420
4650	550	37190	950	301	0	38991
4651	433	1101	333	37051	0	38918
4652	359	313	37903	974	0	39549
4653	293	38335	893	465	0	39986
4654	284	873	371	35025	0	36553
4655	223	35913	213	754	0	37103
4656	249	776	34785	315	0	36125
4657	259	337	35888	235	0	36719
4658	235	354	868	35708	0	37165
4659	36347	156	442	852	0	37797
4660	876	153	215	36174	0	37418
4661	36910	165	179	882	0	38136
4662	919	184	175	36702	0	37980
4663	432	153	36040	935	0	37560
4664	34862	171	787	470	0	36290
4665	860	135	36316	326	0	37637
4666	36199	157	858	261	0	37475
4667	916	160	377	36136	0	37589
4668	433	36117	277	1001	0	37828
4669	300	767	216	36985	0	38268
4670	249	37231	219	915	0	38614
4671	277	849	190	36249	0	37565
4672	286	36966	198	864	0	38314
4673	37355	832	198	431	0	38816
4674	37229	344	173	376	0	38122
4675	36747	229	197	296	0	37469
4676	1157	160	36354	280	0	37951
4677	578	164	789	36328	0	37859
4678	481	163	37018	917	0	38579
4679	336	35077	911	450	0	36774
4680	316	36775	425	311	0	37827
4681	36163	926	257	244	0	37590
4682	942	391	35625	246	0	37204
4683	440	34354	834	262	0	35890
4684	305	843	359	36448	0	37955
4685	36548	362	257	870	0	38037
4686	846	36490	243	468	0	38047
4687	37790	862	218	303	0	39173
4688	1031	401	36893	294	0	38619
4689	496	239	891	37467	0	39093
4690	343	180	393	38849	0	39765
4691	282	176	255	41451	0	42164
4692	303	40524	208	1529	0	42564
4693	314	1168	212	41416	0	43110
4694	305	427	41525	1444	0	43701
4695	291	243	1159	41071	0	42764
4696	273	167	446	42364	0	43250
4697	268	249	300	41810	0	42627
4698	271	40111	241	1575	0	42198
4699	256	1129	236	40951	0	42572
4700	260	392	209	41116	0	41977
4701	177	37846	191	1488	0	39702
4702	35626	962	122	493	0	37203
4703	942	35195	133	299	0	36569
4704	298	35914	101	279	0	36592
4705	274	1150	101	36144	0	37669
4706	171	413	35079	1201	0	36864
4707	31709	233	919	424	0	33285
4708	886	143	284	35140	0	36453
4709	267	160	33802	1091	0	35320
4710	151	33453	893	465	0	34962
4711	141	937	280	34430	0	35788
4712	238	340	34241	1105	0	35924
4713	128	185	903	33377	0	34593
4714	123	137	292	35014	0	35566
4715	33704	128	184	1290	0	35306
4716	940	32911	141	677	0	34669
4717	33520	935	136	348	0	34939
4718	1065	335	34235	267	0	35902
4719	358	33414	919	271	0	34962
4720	258	973	34220	211	0	35662
4721	145	469	926	34299	0	35839
4722	34448	213	325	1002	0	35988
4723	895	151	195	34321	0	35562
4724	34474	127	160	1086	0	35847
4725	35198	123	111	477	0	35909
4726	1183	120	119	35068	0	36490
4727	453	158	35517	1084	0	37212
4728	277	190	36270	447	0	37184
4729	191	122	1083	37330	0	38726
4730	155	141	435	38750	0	39481
4731	38276	137	229	1372	0	40014
4732	1040	139	177	38016	0	39372
4733	420	37506	188	1219	0	39333
4734	276	1021	143	38997	0	40437
4735	190	398	143	39262	0	39993
4736	37585	222	158	1493	0	39458
4737	1046	37178	142	683	0	39049
4738	387	1061	140	37877	0	39465
4739	278	396	129	37688	0	38491
4740	228	36333	144	1495	0	38200
4741	211	1062	111	37824	0	39208
4742	212	425	133	37403	0	38173
4743	174	35747	140	1574	0	37635
4744	159	1075	123	37477	0	38834
4745	144	450	165	37401	0	38160
4746	155	36046	186	1610	0	37997
4747	140	1083	129	37814	0	39166
4748	36724	437	135	1534	0	38830
4749	37244	302	121	760	0	38427
4750	36445	238	110	624	0	37417
4751	37080	243	117	493	0	37933
4752	1434	34242	136	501	0	36313
4753	33259	1010	86	472	0	34827
4754	1162	32228	110	420	0	33920
4755	459	32452	98	376	0	33385
4756	446	1390	308	32196	0	34340
4757	227	487	31652	1175	0	33541
4758	30610	325	831	543	0	32309
4759	33347	207	293	484	0	34331
4760	1230	225	33457	390	0	35302
4761	32797	194	920	379	0	34290
4762	35027	176	305	400	0	35908
4763	1333	32767	198	397	0	34695
4764	37341	1040	119	352	0	38852
4765	1260	396	107	36422	0	38185
4766	546	257	121	36892	0	37816
4767	386	244	116	37401	0	38147
4768	335	203	119	37495	0	38152
4769	36821	225	121	1572	0	38739
4770	1176	227	95	36415	0	37913
4771	506	205	125	37044	0	37880
4772	386	212	35095	1504	0	37197
4773	32409	237	942	704	0	34292
4774	36231	202	315	546	0	37294
4775	36477	163	209	439	0	37288
4776	1427	34842	183	440	0	36892
4777	601	36296	145	424	0	37466
4778	36166	1183	129	421	0	37899
4779	1186	456	122	36045	0	37809
4780	543	36299	109	1279	0	38230
4781	394	1130	98	36321	0	37943
4782	324	35992	119	1274	0	37709
4783	36021	1085	78	675	0	37859
4784	1123	36449	99	531	0	38202
4785	489	1041	72	36462	0	38064
4786	355	436	88	37538	0	38417
4787	398	274	36581	1397	0	38650
4788	331	39488	889	664	0	41372
4789	321	1228	284	42070	0	43903
4790	382	511	41708	1483	0	44084
4791	262	321	42099	598	0	43280
4792	226	242	1334	42204	0	44006
4793	227	154	620	42523	0	43524
4794	222	39677	324	1745	0	41968
4795	238	43093	170	854	0	44355
4796	207	1643	128	44230	0	46208
4797	43486	747	119	1487	0	45839
4798	1343	369	70	45224	0	47006
4799	46666	262	81	1695	0	48704
4800	47828	256	54	852	0	48990
4801	48642	215	83	535	0	49475
4802	2231	228	46954	373	0	49786
4803	46907	199	1332	356	0	48794
4804	1818	147	605	47765	0	50335
4805	867	156	328	48437	0	49788
4806	551	189	45742	2086	0	48568
4807	363	230	45495	1055	0	47143
4808	296	160	1767	44865	0	47088
4809	281	43424	847	1527	0	46079
4810	264	45984	368	829	0	47445
4811	391	1761	190	46954	0	49296
4812	45640	763	196	1569	0	48168
4813	1431	364	152	46359	0	48306
4814	749	207	151	45921	0	47028
4815	464	45229	134	1961	0	47788
4816	287	1373	152	47418	0	49230
4817	313	691	46101	1801	0	48906
4818	292	400	43963	944	0	45599
4819	42979	225	1692	625	0	45521
4820	1372	45212	824	453	0	47861
4821	46107	1349	371	375	0	48202
4822	46527	671	238	335	0	47771
4823	1869	409	228	42189	0	44695
4824	922	44901	201	1252	0	47276
4825	484	1426	167	45952	0	48029
4826	45006	674	128	1593	0	47401
4827	1425	44090	167	849	0	46531
4828	43539	1356	121	524	0	45540
4829	1477	43152	142	381	0	45152
4830	43932	1462	127	377	0	45898
4831	44049	708	141	280	0	45178
4832	1826	42308	182	314	0	44630
4833	891	1202	137	43015	0	45245
4834	43486	622	156	1350	0	45614
4835	1492	397	40690	703	0	43282
4836	795	263	40681	653	0	42392
4837	511	332	1483	40718	0	43044
4838	42409	243	669	1308	0	44629
4839	1329	219	354	42419	0	44321
4840	42723	208	220	1557	0	44708
4841	1572	258	41853	772	0	44455
4842	42891	207	1177	507	0	44782
4843	45407	226	565	347	0	46545
4844	1870	208	321	43668	0	46067
4845	999	210	208	44619	0	46036
4846	608	203	202	44512	0	45525
4847	430	42810	203	1987	0	45430
4848	392	1182	173	44608	0	46355
4849	337	579	217	45772	0	46905
4850	44505	320	237	1984	0	47046
4851	44801	212	206	1098	0	46317
4852	1792	282	42949	664	0	45687
4853	42969	231	1206	538	0	44944
4854	1662	255	43121	448	0	45486
4855	40910	193	1412	470	0	42985
4856	1698	204	42897	442	0	45241
4857	900	324	42202	431	0	43857
4858	596	373	1598	40665	0	43232
4859	464	213	41352	1488	0	43517
4860	39690	209	1471	883	0	42253
4861	1271	245	715	41993	0	44224
4862	42424	218	416	1500	0	44558
4863	42434	256	299	897	0	43886
4864	40120	240	364	585	0	41309
4865	40172	182	252	441	0	41047
4866	2127	180	38338	425	0	41070
4867	1245	169	1124	38550	0	41088
4868	801	174	38900	1349	0	41224
4869	660	165	1299	39218	0	41342
4870	39123	156	693	1558	0	41530
4871	1420	183	492	40052	0	42147
4872	39886	188	377	1604	0	42055
4873	1537	165	332	39601	0	41635
4874	861	202	269	40508	0	41840
4875	39504	208	263	1855	0	41830
4876	1423	38304	254	1022	0	41003
4877	38872	1117	201	642	0	40832
4878	1536	38093	195	533	0	40357
4879	867	1282	188	38601	0	40938
4880	38670	621	205	1375	0	40871
4881	1429	386	37297	885	0	39997
4882	842	242	1091	38444	0	40619
4883	38540	226	601	1432	0	40799
4884	40047	223	394	824	0	41488
4885	1950	221	240	38632	0	41043
4886	1167	38896	266	1425	0	41754
4887	722	39160	232	790	0	40904
4888	443	2049	154	34773	0	37419
4889	35419	610	96	1019	0	37144
4890	1156	33268	107	577	0	35108
4891	389	31095	63	234	0	31781
4892	30249	898	54	119	0	31320
4893	712	30280	51	133	0	31176
4894	31602	783	121	96	0	32602
4895	836	306	254	30874	0	32270
4896	347	173	29	31287	0	31836
4897	199	30075	54	925	0	31253
4898	124	30329	41	369	0	30863
4899	27714	782	24	134	0	28654
4900	635	28219	51	112	0	29017
4901	227	31241	25	72	0	31565
4902	281	976	88	31523	0	32868
4903	31963	373	14	806	0	33156
4904	893	172	33061	340	0	34466
4905	32731	83	940	156	0	33910
4906	1102	58	385	35636	0	37181
4907	486	72	36210	1179	0	37947
4908	244	95	37243	530	0	38112
4909	111	81	1570	37360	0	39122
4910	122	80	38440	1266	0	39908
4911	36817	74	1426	599	0	38916
4912	38821	62	624	288	0	39795
4913	1764	70	38172	177	0	40183
4914	771	59	1289	37299	0	39418
4915	372	58	626	39152	0	40208
4916	39279	61	314	1773	0	41427
4917	1366	75	195	36422	0	38058
4918	630	36602	173	1469	0	38874
4919	37478	1204	112	667	0	39461
4920	1334	36456	151	381	0	38322
4921	653	38652	115	249	0	39669
4922	362	1723	109	37447	0	39641
4923	271	773	82	38207	0	39333
4924	207	372	100	39512	0	40191
4925	183	270	36718	1984	0	39155
4926	34513	206	1210	949	0	36878
4927	1311	35678	551	760	0	38300
4928	37835	1266	259	360	0	39720
4929	38828	643	170	272	0	39913
4930	1897	352	140	37574	0	39963
4931	897	37515	146	1409	0	39967
4932	500	1309	112	38751	0	40672
4933	333	617	115	40316	0	41381
4934	40033	331	116	2000	0	42480
4935	40619	248	110	998	0	41975
4936	1978	249	38652	526	0	41405
4937	39732	170	1190	372	0	41464
4938	1722	39497	532	356	0	42107
4939	40758	1364	261	286	0	42669
4940	1659	42263	167	308	0	44397
4941	845	1581	153	41001	0	43580
4942	523	774	113	41419	0	42829
4943	394	40316	133	1976	0	42819
4944	388	1473	123	41861	0	43845
4945	354	793	117	42523	0	43787
4946	339	436	132	41817	0	42724
4947	299	40110	159	2320	0	42888
4948	346	1584	142	41311	0	43383
4949	350	790	132	41887	0	43159
4950	326	512	147	42856	0	43841
4951	360	356	39256	2477	0	42449
4952	38232	341	1412	1276	0	41261
4953	1699	297	39938	849	0	42783
4954	39827	331	1607	635	0	42400
4955	1885	329	40173	581	0	42968
4956	39985	302	1662	571	0	42520
4957	41728	294	766	575	0	43363
4958	2348	297	40437	504	0	43586
4959	1182	319	1557	40014	0	43072
4960	744	300	38991	1823	0	41858
4961	37547	337	1626	1040	0	40550
4962	1854	319	40805	772	0	43750
4963	1014	306	40608	627	0	42555
4964	39575	276	2107	604	0	42562
4965	1797	39293	1116	549	0	42755
4966	1017	1528	622	40778	0	43945
4967	41244	766	521	1775	0	44306
4968	1883	468	448	41267	0	44066
4969	1080	327	459	43088	0	44954
4970	41940	309	441	2403	0	45093
4971	42222	248	420	1332	0	44222
4972	2413	253	40050	900	0	43616
4973	1329	261	41127	746	0	43463
4974	820	229	2206	41339	0	44594
4975	711	239	42353	1985	0	45288
4976	589	235	1906	42310	0	45040
4977	583	268	1035	42961	0	44847
4978	617	225	635	44890	0	46367
4979	42687	263	460	2685	0	46095
4980	1836	42426	457	1480	0	46199
4981	44025	1563	362	991	0	46941
4982	43891	811	352	835	0	45889
4983	2301	42839	361	820	0	46321
4984	42508	1451	269	698	0	44926
4985	1940	720	40776	654	0	44090
4986	1039	482	1231	40504	0	43256
4987	41085	350	664	1595	0	43694
4988	1633	368	39029	940	0	41970
4989	38143	278	1178	675	0	40274
4990	1529	39777	691	619	0	42616
4991	46949	1102	395	532	0	48978
4992	47506	540	367	526	0	48939
4993	2585	47085	311	609	0	50590
4994	49352	1627	286	410	0	51675
4995	2287	885	263	49016	0	52451
4996	1310	463	246	50751	0	52770
4997	49666	338	260	2391	0	52655
4998	46402	310	221	1295	0	48228
4999	2465	48043	271	817	0	51596
5000	1339	48958	229	636	0	51162
5001	695	1904	155	44426	0	47180
5002	527	44747	237	1329	0	46840
5003	467	46498	193	808	0	47966
5004	43239	1595	138	403	0	45375
5005	1261	43854	161	327	0	45603
5006	41884	1095	91	201	0	43271
5007	1127	43061	96	201	0	44485
5008	733	1082	41873	292	0	43980
5009	383	43255	799	190	0	44627
5010	43143	1096	462	235	0	44936
5011	42627	436	181	246	0	43490
5012	1290	270	41724	120	0	43404
5013	692	163	813	39607	0	41275
5014	358	179	399	43120	0	44056
5015	259	134	42156	1193	0	43742
5016	250	145	842	40473	0	41710
5017	202	171	42301	1055	0	43729
5018	217	183	40391	519	0	41310
5019	40073	110	1184	298	0	41665
5020	916	40921	587	215	0	42639
5021	42330	847	254	151	0	43582
5022	1102	470	207	41723	0	43502
5023	594	327	42431	876	0	44228
5024	377	231	801	40793	0	42202
5025	241	42214	434	885	0	43774
5026	44423	816	232	516	0	45987
5027	44293	509	148	245	0	45195
5028	1270	255	105	43923	0	45553
5029	664	182	42554	867	0	44267
5030	40628	175	753	438	0	41994
5031	951	41315	408	262	0	42936
5032	43011	837	193	130	0	44171
5033	1110	483	112	42251	0	43956
5034	42335	281	111	794	0	43521
5035	1184	209	48	41877	0	43318
5036	678	216	41449	1004	0	43347
5037	445	165	39544	593	0	40747
5038	38607	110	1047	514	0	40278
5039	941	41484	569	321	0	43315
5040	43219	716	256	180	0	44371
5041	42904	475	121	142	0	43642
5042	1076	42158	131	230	0	43595
5043	43199	906	79	158	0	44342
5044	991	597	44647	180	0	46415
5045	567	430	675	44946	0	46618
5046	428	308	376	45680	0	46792
5047	307	295	190	46930	0	47722
5048	311	276	44861	1166	0	46614
5049	287	299	44590	611	0	45787
5050	236	443	1052	44420	0	46151
5051	237	43615	601	718	0	45171
5052	271	46033	274	418	0	46996
5053	47555	1068	178	260	0	49061
5054	47264	573	195	192	0	48224
5055	1090	47856	228	405	0	49579
5056	576	835	162	49811	0	51384
5057	322	487	197	50571	0	51577
5058	50366	276	233	1226	0	52101
5059	958	176	241	50755	0	52130
5060	579	211	279	51014	0	52083
5061	444	200	249	51651	0	52544
5062	417	247	47301	1291	0	49256
5063	377	311	43488	746	0	44922
5064	46088	206	1105	469	0	47868
5065	955	121	609	49665	0	51350
5066	595	185	49175	1086	0	51041
5067	376	301	47331	592	0	48600
5068	46176	240	1217	392	0	48025
5069	1156	282	53891	298	0	55627
5070	640	54115	1081	346	0	56182
5071	390	971	590	61005	0	62956
5072	368	558	59739	1218	0	61883
5073	58115	395	1204	597	0	60311
5074	1383	291	578	62011	0	64263
5075	800	231	60327	1408	0	62766
5076	479	177	1294	61416	0	63366
5077	364	179	656	63454	0	64653
5078	63259	119	388	1970	0	65736
5079	1442	62527	433	925	0	65327
5080	818	1279	294	64053	0	66444
5081	65008	631	181	1551	0	67371
5082	65462	374	216	808	0	66860
5083	65956	196	176	489	0	66817
5084	67046	211	221	377	0	67855
5085	2232	172	265	65266	0	67935
5086	65489	142	257	1500	0	67388
5087	65174	132	289	848	0	66443
5088	63047	118	230	629	0	64024
5089	63602	125	257	534	0	64518
5090	2094	59524	351	471	0	62440
5091	443	53672	103	370	0	54588
5092	260	951	57	55469	0	56737
5093	172	53479	101	716	0	54468
5094	54975	708	51	293	0	56027
5095	884	275	45	54311	0	55515
5096	53973	105	67	793	0	54938
5097	54524	73	46	324	0	54967
5098	982	65	44	56376	0	57467
5099	402	37	53	56280	0	56772
5100	221	54872	97	979	0	56169
5101	56924	673	53	353	0	58003
5102	832	55347	84	221	0	56484
5103	57613	740	47	161	0	58561
5104	915	268	44	58236	0	59463
5105	426	368	56202	798	0	57794
5106	56688	91	712	339	0	57830
5107	54708	76	233	237	0	55254
5108	1125	97	53882	140	0	55244
5109	482	123	53661	152	0	54418
5110	303	92	902	51706	0	53003
5111	56879	76	285	846	0	58086
5112	60455	92	140	348	0	61035
5113	63519	71	107	249	0	63946
5114	63480	113	63	188	0	63844
5115	1591	60136	108	186	0	62021
5116	65108	1068	70	183	0	66429
5117	1438	333	66	64024	0	65861
5118	579	197	64	65368	0	66208
5119	384	115	66	67004	0	67569
5120	309	108	65	67974	0	68456
5121	66707	105	71	1682	0	68565
5122	1397	95	57	69651	0	71200
5123	588	151	67499	1597	0	69835
5124	397	185	1201	69675	0	71458
5125	346	65	364	70906	0	71681
5126	310	130	202	70412	0	71054
5127	315	106	130	70771	0	71322
5128	68017	75	134	2094	0	70320
5129	1528	65958	139	854	0	68479
5130	644	67688	133	479	0	68944
5131	443	1757	80	68598	0	70878
5132	68043	576	110	1590	0	70319
5133	69330	307	106	647	0	70390
5134	2018	171	84	68961	0	71234
5135	815	193	65958	1725	0	68691
5136	66206	151	1385	725	0	68467
5137	1767	147	417	71691	0	74022
5138	758	155	69930	1859	0	72702
5139	65670	136	1448	790	0	68044
5140	1775	67769	522	562	0	70628
5141	78791	1511	233	436	0	80971
5142	2527	80204	222	430	0	83383
5143	1192	2431	104	81459	0	85186
5144	700	81184	172	2633	0	84689
5145	486	2788	113	86273	0	89660
5146	80381	1052	110	3269	0	84812
5147	2611	81485	204	1549	0	85849
5148	1225	2568	80917	846	0	85556
5149	703	1052	2413	83755	0	87923
5150	571	579	83549	3026	0	87725
5151	490	349	2815	81677	0	85331
5152	457	333	1089	86849	0	88728
5153	469	258	82660	3913	0	87300
5154	73271	281	2799	1888	0	78239
5155	2939	242	81354	1063	0	85598
5156	1329	320	79630	720	0	81999
5157	805	78706	3484	673	0	83668
5158	573	2626	1364	81399	0	85962
5159	463	1124	705	83770	0	86062
5160	409	642	466	82954	0	84471
5161	363	397	307	85943	0	87010
5162	409	345	80336	4330	0	85420
5163	73990	272	2669	2129	0	79060
5164	2893	292	80899	1224	0	85308
5165	1237	253	2833	80843	0	85166
5166	79673	252	1210	3138	0	84273
5167	2738	79605	760	1917	0	85020
5168	1218	2755	462	80993	0	85428
5169	75378	1044	363	3041	0	79826
5170	2757	72348	374	1529	0	77008
5171	1149	72370	300	887	0	74706
5172	70978	2969	262	634	0	74843
5173	2418	71958	307	658	0	75341
5174	71129	2653	296	519	0	74597
5175	2659	72486	275	568	0	75988
5176	74035	2606	268	503	0	77412
5177	74772	1097	247	503	0	76619
5178	3253	73644	333	628	0	77858
5179	1441	2483	286	73792	0	78002
5180	935	1189	70575	2637	0	75336
5181	69792	692	2294	1205	0	73983
5182	2605	506	927	70749	0	74787
5183	1192	67778	620	2672	0	72262
5184	749	71484	456	1326	0	74015
5185	578	2926	352	72559	0	76415
5186	71405	1266	329	2872	0	75872
5187	2545	846	69611	1383	0	74385
5188	1189	507	2362	71903	0	75961
5189	788	451	972	73845	0	76056
5190	576	402	617	75501	0	77096
5191	495	363	432	73667	0	74957
5192	432	69985	421	3829	0	74667
5193	420	2469	347	73405	0	76641
5194	465	1131	69100	3410	0	74106
5195	442	860	68666	1641	0	71609
5196	473	615	70188	1137	0	72413
5197	440	567	3358	68164	0	72529
5198	66784	507	1491	2815	0	71597
5199	2622	506	66535	1495	0	71158
5200	1293	467	68178	1027	0	70965
5201	838	491	3232	65930	0	70491
5202	67148	467	1517	2945	0	72077
5203	2594	66171	999	1555	0	71319
5204	67204	2601	682	1133	0	71620
5205	2966	1220	542	66967	0	71695
5206	1437	893	66952	2922	0	72204
5207	995	700	2508	63869	0	68072
5208	737	66802	1236	2867	0	71642
5209	70611	2624	972	1515	0	75722
5210	2799	1288	68910	1165	0	74162
5211	1208	69392	2441	972	0	74013
5212	68136	2604	1318	866	0	72924
5213	2673	1422	778	68685	0	73558
5214	1432	783	624	71872	0	74711
5215	71175	527	584	3834	0	76120
5216	71601	471	622	2034	0	74728
5217	74675	436	651	1265	0	77027
5218	4313	397	545	69358	0	74613
5219	2104	69560	475	3159	0	75298
5220	70989	2740	439	1736	0	75904
5221	3237	70752	430	1286	0	75705
5222	69070	2999	454	826	0	73349
5223	3334	66349	483	703	0	70869
5224	1743	2987	371	66625	0	71726
5225	67859	1480	382	2916	0	72637
5226	68645	973	297	1643	0	71558
5227	69811	669	236	1154	0	71870
5228	70514	620	257	928	0	72319
5229	70495	511	272	788	0	72066
5230	4576	563	65572	683	0	71394
5231	2402	559	2456	66376	0	71793
5232	1602	534	66593	2721	0	71450
5233	1199	560	66433	1453	0	69645
5234	66448	532	3501	967	0	71448
5235	68217	489	1696	756	0	71158
5236	68611	511	921	599	0	70642
5237	4429	494	566	63824	0	69313
5238	63469	482	539	2777	0	67267
5239	3703	61865	420	1563	0	67551
5240	2055	63008	468	1008	0	66539
5241	1156	57039	228	568	0	58991
5242	52536	2263	156	414	0	55369
5243	1942	54944	206	367	0	57459
5244	54411	1730	216	287	0	56644
5245	53912	903	156	303	0	55274
5246	2666	525	51532	373	0	55096
5247	1481	332	1580	50525	0	53918
5248	915	324	783	54862	0	56884
5249	54012	265	437	2335	0	57049
5250	54957	236	288	1157	0	56638
5251	2801	250	249	53996	0	57296
5252	1542	277	51802	2023	0	55644
5253	994	304	52345	1106	0	54749
5254	799	280	2204	52794	0	56077
5255	798	255	1012	54038	0	56103
5256	704	311	494	55939	0	57448
5257	53299	291	354	2843	0	56787
5258	53519	292	280	1384	0	55475
5259	2874	51335	285	805	0	55299
5260	1534	1877	239	52031	0	55681
5261	1046	914	244	52742	0	54946
5262	866	52513	262	2630	0	56271
5263	813	1946	272	54354	0	57385
5264	53870	992	266	2416	0	57544
5265	2474	549	272	53742	0	57037
5266	1517	382	303	55201	0	57403
5267	52530	356	283	2930	0	56099
5268	52892	310	280	1609	0	55091
5269	53866	302	326	1007	0	55501
5270	3229	377	381	51720	0	55707
5271	1807	305	48911	2361	0	53384
5272	1369	339	49385	1260	0	52353
5273	1090	352	49197	858	0	51497
5274	967	47613	2446	741	0	51767
5275	47414	1764	1442	648	0	51268
5276	2323	947	44865	568	0	48703
5277	44235	451	1674	623	0	46983
5278	2345	336	953	44615	0	48249
5279	44789	380	536	1963	0	47668
5280	45705	303	409	1274	0	47691
5281	2753	44913	356	807	0	48829
5282	46830	1616	300	730	0	49476
5283	47020	867	328	793	0	49008
5284	2896	45768	369	683	0	49716
5285	1698	1639	383	47497	0	51217
5286	1171	901	46260	2009	0	50341
5287	974	491	1628	46768	0	49861
5288	915	394	907	48603	0	50819
5289	47345	402	507	2709	0	50963
5290	2301	346	400	46194	0	49241
5291	1443	46724	401	2188	0	50756
5292	1028	1747	344	46688	0	49807
5293	771	989	350	49022	0	51132
5294	896	569	45017	2837	0	49319
5295	846	44946	1588	1665	0	49045
5296	895	47554	900	1050	0	50399
5297	44553	2329	465	904	0	48251
5298	2095	47540	352	911	0	50898
5299	1363	2006	427	47340	0	51136
5300	1024	1139	45341	2187	0	49691
5301	842	46447	1751	1416	0	50456
5302	46793	1865	996	898	0	50552
5303	2147	1059	630	46457	0	50293
5304	1351	618	472	48427	0	50868
5305	912	503	45299	2781	0	49495
5306	777	474	1782	44791	0	47824
5307	745	432	954	46939	0	49070
5308	44895	482	569	2921	0	48867
5309	42003	362	377	1654	0	44396
5310	2674	40573	369	1339	0	44955
5311	37549	1421	238	784	0	39992
5312	1889	37059	246	772	0	39966
5313	979	1379	358	33043	0	35759
5314	753	32857	239	1347	0	35196
5315	630	34606	196	858	0	36290
5316	31876	1450	409	830	0	34565
5317	31333	618	265	493	0	32709
5318	1385	29890	209	499	0	31983
5319	30512	990	176	470	0	32148
5320	30462	466	197	468	0	31593
5321	31469	305	179	462	0	32415
5322	1438	282	180	30998	0	32898
5323	31513	327	138	1194	0	33172
5324	1250	331	28650	676	0	30907
5325	29395	272	851	479	0	30997
5326	1306	292	29340	388	0	31326
5327	692	333	911	29237	0	31173
5328	549	337	396	31422	0	32704
5329	512	351	30147	1247	0	32257
5330	29342	287	896	656	0	31181
5331	30950	283	456	479	0	32168
5332	1403	286	31237	420	0	33346
5333	706	229	948	31199	0	33082
5334	502	227	449	32322	0	33500
5335	479	200	272	33560	0	34511
5336	32253	179	243	1483	0	34158
5337	32935	182	263	770	0	34150
5338	1408	226	215	30333	0	32182
5339	687	28644	194	1066	0	30591
5340	468	28822	142	558	0	29990
5341	27162	1028	142	363	0	28695
5342	979	27598	122	337	0	29036
5343	429	25773	110	381	0	26693
5344	323	589	149	22782	0	23843
5345	178	214	21923	502	0	22817
5346	141	21221	356	219	0	21937
5347	213	584	106	21202	0	22105
5348	139	20967	101	389	0	21596
5349	140	383	48	21227	0	21798
5350	21212	136	51	422	0	21821
5351	387	20861	65	196	0	21509
5352	21956	369	64	153	0	22542
5353	21777	143	57	137	0	22114
5354	470	145	20827	134	0	21576
5355	20727	82	220	125	0	21154
5356	323	86	78	21500	0	21987
5357	117	86	20993	257	0	21453
5358	91	20350	223	118	0	20782
5359	86	240	68	21532	0	21926
5360	82	102	202	21607	0	21993
5361	21501	68	43	275	0	21887
5362	241	69	40	20996	0	21346
5363	134	67	40	21290	0	21531
5364	21233	55	34	276	0	21598
5365	251	20389	49	184	0	20873
5366	20981	225	43	117	0	21366
5367	270	108	20263	102	0	20743
5368	19043	80	189	111	0	19423
5369	306	75	20796	69	0	21246
5370	140	20051	216	81	0	20488
5371	21205	217	54	64	0	21540
5372	20270	90	57	67	0	20484
5373	279	81	20484	63	0	20907
5374	133	96	21467	69	0	21765
5375	119	84	22093	75	0	22371
5376	98	21814	317	156	0	22385
5377	212	265	106	23004	0	23587
5378	116	122	25091	272	0	25601
5379	111	109	24464	106	0	24790
5380	103	60	470	24380	0	25013
5381	118	58	24766	373	0	25315
5382	24108	63	414	185	0	24770
5383	29487	54	173	108	0	29822
5384	798	78	28651	77	0	29604
5385	339	28558	679	120	0	29696
5386	198	606	283	29086	0	30173
5387	156	259	28809	665	0	29889
5388	106	29144	654	305	0	30209
5389	199	621	272	30412	0	31504
5390	29754	228	181	668	0	30831
5391	29400	153	98	301	0	29952
5392	788	30269	120	196	0	31373
5393	380	636	77	30996	0	32089
5394	200	229	106	31041	0	31576
5395	110	184	80	31182	0	31556
5396	104	93	61	31734	0	31992
5397	100	80	30152	1011	0	31343
5398	86	97	592	30333	0	31108
5399	74	90	29457	847	0	30468
5400	68	28787	650	369	0	29874
5401	29282	557	265	211	0	30315
5402	533	30461	170	159	0	31323
5403	231	652	82	31380	0	32345
5404	157	261	61	31764	0	32243
5405	31234	170	69	848	0	32321
5406	592	99	58	30956	0	31705
5407	253	29984	103	747	0	31087
5408	163	550	56	31520	0	32289
5409	64	230	71	31529	0	31894
5410	30907	169	74	832	0	31982
5411	610	160	29180	419	0	30369
5412	256	29033	464	257	0	30010
5413	179	30878	201	174	0	31432
5414	76	703	106	30965	0	31850
5415	30233	325	63	618	0	31239
5416	518	29845	63	376	0	30802
5417	227	566	53	31004	0	31850
5418	178	288	29758	663	0	30887
5419	74	177	513	30380	0	31144
5420	30740	107	221	737	0	31805
5421	29883	86	164	332	0	30465
5422	739	110	62	29866	0	30777
5423	30829	100	56	658	0	31643
5424	30338	84	68	366	0	30856
5425	815	82	29458	271	0	30626
5426	29045	101	541	165	0	29852
5427	687	28505	279	190	0	29661
5428	30261	560	155	144	0	31120
5429	734	291	28804	139	0	29968
5430	334	197	558	29466	0	30555
5431	30569	92	273	648	0	31582
5432	683	107	27635	347	0	28772
5433	364	108	27968	238	0	28678
5434	277	77	806	27678	0	28838
5435	143	84	28521	685	0	29433
5436	28316	77	747	355	0	29495
5437	707	109	29699	242	0	30757
5438	326	88	767	29757	0	30938
5439	220	74	360	31258	0	31912
5440	32369	77	241	981	0	33668
5441	850	68	32110	477	0	33505
5442	387	89	34130	261	0	34867
5443	248	84	1130	36585	0	38047
5444	174	68	37191	1193	0	38626
5445	36282	61	1280	442	0	38065
5446	1163	61	464	36374	0	38062
5447	445	62	37068	1113	0	38688
5448	294	72	1186	36765	0	38317
5449	178	63	446	38453	0	39140
5450	38069	66	298	1469	0	39902
5451	1210	85	37337	606	0	39238
5452	36219	72	1198	382	0	37871
5453	1351	98	38829	267	0	40545
5454	37736	68	1339	235	0	39378
5455	39040	89	516	220	0	39865
5456	39085	69	314	255	0	39723
5457	1549	36329	287	248	0	38413
5458	38253	1078	182	236	0	39749
5459	38440	328	180	286	0	39234
5460	1545	190	183	37743	0	39661
5461	681	83	36947	1274	0	38985
5462	36274	82	1184	563	0	38103
5463	1276	89	37775	365	0	39505
5464	591	69	1289	36862	0	38811
5465	403	66	525	39236	0	40230
5466	38405	63	341	1500	0	40309
5467	1213	38145	250	656	0	40264
5468	578	1072	172	38741	0	40563
5469	419	366	201	39566	0	40552
5470	292	362	37571	1577	0	39802
5471	261	100	1130	38028	0	39519
5472	284	90	482	39602	0	40458
5473	299	77	325	37932	0	38633
5474	240	36273	229	1555	0	38297
5475	36299	998	175	623	0	38095
5476	36120	336	165	439	0	37060
5477	1363	35610	170	315	0	37458
5478	33704	956	113	240	0	35013
5479	1126	322	129	35163	0	36740
5480	492	192	35634	1125	0	37443
5481	287	34905	1100	487	0	36779
5482	237	36830	376	337	0	37780
5483	34774	961	317	178	0	36230
5484	37001	250	116	149	0	37516
5485	1152	131	84	37458	0	38825
5486	387	88	90	38871	0	39436
5487	233	77	76	39131	0	39517
5488	37555	70	92	1321	0	39038
5489	1099	92	36034	448	0	37673
5490	36430	56	937	316	0	37739
5491	1127	63	308	37010	0	38508
5492	387	84	183	36590	0	37244
5493	271	35778	140	1205	0	37394
5494	236	917	133	36901	0	38187
5495	239	269	108	37969	0	38585
5496	239	173	35956	1328	0	37696
5497	231	35894	952	526	0	37603
5498	38151	977	302	341	0	39771
5499	36913	281	230	286	0	37710
5500	38805	190	139	250	0	39384
5501	39342	113	150	266	0	39871
5502	1414	136	35865	241	0	37656
5503	36264	90	995	241	0	37590
5504	1257	129	36597	238	0	38221
5505	502	169	1035	35806	0	37512
5506	411	36741	372	1127	0	38651
5507	306	1007	225	37770	0	39308
5508	328	293	201	39008	0	39830
5509	319	188	37647	1417	0	39571
5510	35643	129	1123	642	0	37537
5511	37357	132	385	421	0	38295
5512	1298	35176	289	610	0	37373
5513	561	970	36507	386	0	38424
5514	389	325	1064	37173	0	38951
5515	347	237	37276	1254	0	39114
5516	344	208	36812	585	0	37949
5517	334	175	1259	37164	0	38932
5518	403	183	37140	1243	0	38969
5519	374	169	1121	37399	0	39063
5520	442	151	38068	1284	0	39945
5521	400	179	1145	38217	0	39941
5522	38567	158	418	1321	0	40464
5523	38478	136	329	612	0	39555
5524	38335	143	256	526	0	39260
5525	37818	149	265	457	0	38689
5526	1431	36591	282	566	0	38870
5527	596	1041	268	37581	0	39486
5528	470	349	226	38768	0	39813
5529	429	221	36923	1496	0	39069
5530	357	231	1056	36768	0	38412
5531	358	207	36906	1404	0	38875
5532	347	201	35750	679	0	36977
5533	34796	154	1218	533	0	36701
5534	1106	36346	550	466	0	38468
5535	37597	1032	336	442	0	39407
5536	37605	376	282	391	0	38654
5537	1327	36202	323	432	0	38284
5538	37010	959	324	412	0	38705
5539	1313	341	35585	399	0	37638
5540	519	34349	919	375	0	36162
5541	34945	794	380	331	0	36450
5542	1036	286	32450	308	0	34080
5543	29708	154	654	250	0	30766
5544	742	30779	292	249	0	32062
5545	31948	628	194	226	0	32996
5546	31607	207	179	221	0	32214
5547	835	30676	197	238	0	31946
5548	383	30507	177	192	0	31259
5549	292	31430	176	229	0	32127
5550	221	728	199	31531	0	32679
5551	194	266	207	32595	0	33262
5552	32495	174	225	818	0	33712
5553	31207	97	275	346	0	31925
5554	807	127	31192	289	0	32415
5555	337	162	30324	245	0	31068
5556	282	156	31398	234	0	32070
5557	279	95	838	31581	0	32793
5558	324	123	32228	717	0	33392
5559	286	116	730	32136	0	33268
5560	32712	98	287	754	0	33851
5561	818	132	32256	287	0	33493
5562	31940	138	703	224	0	33005
5563	32664	110	300	196	0	33270
5564	873	145	32240	207	0	33465
5565	366	31925	751	238	0	33280
5566	263	650	336	33884	0	35133
5567	263	252	33817	748	0	35080
5568	258	169	807	33507	0	34741
5569	224	159	353	37528	0	38264
5570	36722	157	263	1021	0	38163
5571	965	154	219	36876	0	38214
5572	388	178	36359	1001	0	37926
5573	368	146	848	37010	0	38372
5574	37090	138	342	997	0	38567
5575	1008	36986	291	371	0	38656
5576	38504	876	234	264	0	39878
5577	1147	286	481	38089	0	40003
5578	517	221	38079	933	0	39750
5579	355	177	35861	341	0	36734
5580	408	157	35231	276	0	36072
5581	249	33626	871	212	0	34958
5582	33612	703	519	154	0	34988
5583	748	31165	218	310	0	32441
5584	29302	545	152	85	0	30084
5585	556	28168	79	94	0	28897
5586	137	539	72	28159	0	28907
5587	108	139	76	28691	0	29014
5588	81	93	90	28755	0	29019
5589	77	28048	118	634	0	28877
5590	82	547	80	30212	0	30921
5591	88	136	90	35455	0	35769
5592	37123	93	92	1002	0	38310
5593	1057	84	74	38535	0	39750
5594	249	135	39538	1143	0	41065
5595	39434	79	1082	289	0	40884
5596	41069	84	254	198	0	41605
5597	1333	39759	184	243	0	41519
5598	40951	1192	120	160	0	42423
5599	42090	273	119	158	0	42640
5600	1579	152	98	40941	0	42770
5601	490	118	92	42268	0	42968
5602	285	110	81	43935	0	44411
5603	42404	93	100	1677	0	44274
5604	43322	117	81	521	0	44041
5605	1694	127	41498	300	0	43619
5606	41329	112	1238	254	0	42933
5607	42593	91	310	247	0	43241
5608	42931	91	164	227	0	43413
5609	1785	101	40775	228	0	42889
5610	580	100	41474	230	0	42384
5611	364	64	1550	41290	0	43268
5612	336	91	42210	1474	0	44111
5613	301	69	1452	40735	0	42557
5614	344	132	481	37146	0	38103
5615	327	41431	288	1325	0	43371
5616	42501	1325	223	513	0	44562
5617	1635	350	42061	296	0	44342
5618	42392	185	1390	281	0	44248
5619	1727	144	432	43375	0	45678
5620	42114	130	302	1571	0	44117
5621	1706	41035	276	585	0	43602
5622	618	43798	227	495	0	45138
5623	473	1679	210	43279	0	45641
5624	377	449	226	44884	0	45936
5625	432	252	42823	1939	0	45446
5626	428	180	1455	43611	0	45674
5627	41698	129	479	1819	0	44125
5628	1593	41585	366	696	0	44240
5629	750	1418	42396	449	0	45013
5630	498	409	1562	42659	0	45128
5631	478	261	42761	1702	0	45202
5632	373	206	1644	43350	0	45573
5633	379	172	43841	1822	0	46214
5634	316	196	42740	713	0	43965
5635	310	172	1825	42839	0	45146
5636	43836	146	647	1738	0	46367
5637	44077	194	437	644	0	45352
5638	43250	194	383	454	0	44281
5639	1907	42849	310	477	0	45543
5640	44816	1459	317	357	0	46949
5641	44791	473	256	402	0	45922
5642	1959	305	42518	392	0	45174
5643	750	41882	1394	424	0	44450
5644	637	1413	502	42217	0	44769
5645	41726	442	377	1582	0	44127
5646	1532	41203	287	865	0	43887
5647	43470	1434	260	452	0	45616
5648	44232	490	286	425	0	45433
5649	43958	280	254	411	0	44903
5650	44219	267	264	352	0	45102
5651	1951	252	263	42295	0	44761
5652	42853	204	263	1580	0	44900
5653	1692	222	262	41752	0	43928
5654	680	40473	269	1582	0	43004
5655	477	1239	227	42473	0	44416
5656	42138	344	289	1608	0	44379
5657	1645	201	40795	657	0	43298
5658	707	157	1342	41891	0	44097
5659	41879	152	458	1554	0	44043
5660	1627	40946	318	730	0	43621
5661	42316	1324	250	401	0	44291
5662	42985	417	271	340	0	44013
5663	1901	42117	239	358	0	44615
5664	43030	1313	264	282	0	44889
5665	1710	434	40682	459	0	43285
5666	727	308	40262	266	0	41563
5667	39119	216	1544	276	0	41155
5668	1649	216	40062	218	0	42145
5669	671	275	1128	35781	0	37855
5670	535	36931	430	1084	0	38980
5671	37909	1084	200	362	0	39555
5672	1389	36773	210	263	0	38635
5673	636	38275	228	266	0	39405
5674	470	1247	169	40346	0	42232
5675	418	537	167	39778	0	40900
5676	370	258	167	39430	0	40225
5677	350	222	183	39921	0	40676
5678	366	192	37824	1530	0	39912
5679	319	227	1016	37751	0	39313
5680	333	186	344	39385	0	40248
5681	38661	157	213	1437	0	40468
5682	1193	208	200	38313	0	39914
5683	529	245	36766	1269	0	38809
5684	36020	162	958	543	0	37683
5685	1216	235	353	37807	0	39611
5686	564	209	39911	1212	0	41896
5687	413	252	1056	39097	0	40818
5688	338	39623	434	1103	0	41498
5689	40548	957	328	477	0	42310
5690	1188	339	39671	297	0	41495
5691	407	32992	735	209	0	34343
5692	32746	491	227	185	0	33649
5693	491	29899	280	218	0	30888
5694	241	28999	91	143	0	29474
5695	29243	389	294	117	0	30043
5696	328	27919	105	94	0	28446
5697	163	28460	57	122	0	28802
5698	164	376	132	28302	0	28974
5699	129	139	28146	286	0	28700
5700	79	27736	236	205	0	28256
5701	82	349	80	28909	0	29420
5702	93	27454	65	193	0	27805
5703	28824	170	87	109	0	29190
5704	197	135	27635	102	0	28069
5705	113	60	123	27806	0	28102
5706	29413	97	65	180	0	29755
5707	184	79	39	29589	0	29891
5708	114	62	29251	218	0	29645
5709	27526	66	185	115	0	27892
5710	29256	80	79	116	0	29531
5711	200	29931	107	173	0	30411
5712	107	177	56	31127	0	31467
5713	87	118	41	31856	0	32102
5714	32103	70	56	203	0	32432
5715	30374	91	49	92	0	30606
5716	274	99	31377	40	0	31790
5717	93	29656	192	80	0	30021
5718	32353	163	54	66	0	32636
5719	220	79	36	32043	0	32378
5720	112	64	32355	188	0	32719
5721	58	125	30240	73	0	30496
5722	67	250	131	30617	0	31065
5723	31931	40	46	141	0	32158
5724	106	29911	71	81	0	30169
5725	34496	125	23	65	0	34709
5726	140	49	25	34710	0	34924
5727	100	50	24	34940	0	35114
5728	79	15	31	35361	0	35486
5729	35151	26	51	159	0	35387
5730	124	35197	38	100	0	35459
5731	85	89	41	36781	0	36996
5732	27	42	31	36329	0	36429
5733	61	19	35112	140	0	35332
5734	46	48	119	33987	0	34200
5735	61	29	35578	159	0	35827
5736	40	32915	135	130	0	33220
5737	39	119	40	35478	0	35676
5738	34962	36	16	159	0	35173
5739	156	27	34066	92	0	34341
5740	62	47	113	34617	0	34839
5741	41	38	34337	164	0	34580
5742	32572	37	105	108	0	32822
5743	138	41	35448	50	0	35677
5744	46	23	142	34137	0	34348
5745	35648	12	94	152	0	35906
5746	129	30737	156	99	0	31121
5747	34107	119	29	82	0	34337
5748	166	31262	110	55	0	31593
5749	60	154	24	34232	0	34470
5750	55	90	33619	178	0	33942
5751	68	109	32699	108	0	32984
5752	44	22	157	33531	0	33754
5753	35730	31	71	178	0	36010
5754	34174	25	55	82	0	34336
5755	172	30	39	34748	0	34989
5756	53	28	63	35950	0	36094
5757	35498	14	24	209	0	35745
5758	125	32574	95	116	0	32910
5759	70	35686	44	71	0	35871
5760	37241	212	44	54	0	37551
5761	216	176	35506	54	0	35952
5762	86	41	210	35729	0	36066
5763	59	52	37364	218	0	37693
5764	27	22	235	36400	0	36684
5765	58	46	37830	251	0	38185
5766	26	56	37374	76	0	37532
5767	26	24	214	37501	0	37765
5768	26	34354	207	194	0	34781
5769	39283	184	37	69	0	39573
5770	189	36930	68	59	0	37246
5771	65	200	33	39316	0	39614
5772	40074	56	23	210	0	40363
5773	205	29	29	39810	0	40073
5774	40771	26	27	236	0	41060
5775	40525	29	25	96	0	40675
5776	41125	17	20	76	0	41238
5777	263	38172	66	75	0	38576
5778	42162	196	24	51	0	42433
5779	239	91	23	41855	0	42208
5780	44140	27	27	274	0	44468
5781	279	39	34	45723	0	46075
5782	46767	24	31	450	0	47272
5783	47164	21	20	163	0	47368
5784	471	44984	59	95	0	45609
5785	148	379	30	52099	0	52656
5786	82	101	37	51027	0	51247
5787	62	52819	70	748	0	53699
5788	62	699	35	56262	0	57058
5789	55591	225	40	951	0	56807
5790	57267	80	42	333	0	57722
5791	57056	75	47	153	0	57331
5792	1188	110	58791	115	0	60204
5793	61161	51	819	104	0	62135
5794	64798	40	302	91	0	65231
5795	65656	36	107	105	0	65904
5796	1409	63100	107	87	0	64703
5797	544	911	56	65533	0	67044
5798	261	347	32	66991	0	67631
5799	190	131	41	66526	0	66888
5800	154	117	62908	1492	0	64671
5801	126	69	951	64024	0	65170
5802	64711	44	355	1264	0	66374
5803	1068	52	145	65235	0	66500
5804	477	49	97	67775	0	68398
5805	261	107	64789	1584	0	66741
5806	179	62157	1131	983	0	64450
5807	69052	1088	374	310	0	70824
5808	1206	393	151	68594	0	70344
5809	69491	141	107	1285	0	71024
5810	1328	164	66869	516	0	68877
5811	62929	89	1080	281	0	64379
5812	1257	66219	495	335	0	68306
5813	554	1121	67454	203	0	69332
5814	306	439	68329	147	0	69221
5815	206	270	1409	66376	0	68261
5816	215	155	71242	1247	0	72859
5817	151	68893	1346	586	0	70976
5818	161	1156	437	71477	0	73231
5819	164	410	218	72590	0	73382
5820	160	189	152	73567	0	74068
5821	71999	126	112	1579	0	73816
5822	1128	70348	172	706	0	72354
5823	519	1094	94	73272	0	74979
5824	260	448	107	74841	0	75656
5825	71994	191	113	1579	0	73877
5826	1178	70345	117	821	0	72461
5827	74230	1138	120	413	0	75901
5828	74867	439	124	349	0	75779
5829	74592	216	96	355	0	75259
5830	1753	183	71858	265	0	74059
5831	751	162	1072	70486	0	72471
5832	464	70248	484	1224	0	72420
5833	373	73560	245	604	0	74782
5834	330	1523	145	73474	0	75472
5835	288	74651	208	1235	0	76382
5836	79490	1297	112	746	0	81645
5837	1334	610	76751	378	0	79073
5838	76201	296	1089	421	0	78007
5839	80367	200	444	381	0	81392
5840	1734	214	235	79650	0	81833
5841	80484	193	202	1382	0	82261
5842	1490	81813	239	752	0	84294
5843	85872	1234	149	481	0	87736
5844	86153	542	218	446	0	87359
5845	92497	328	202	457	0	93484
5846	2280	273	91682	365	0	94600
5847	1175	343	91889	373	0	93780
5848	787	183	1976	92343	0	95289
5849	635	89253	943	1730	0	92561
5850	556	93092	501	890	0	95039
5851	478	2047	292	94736	0	97553
5852	94821	927	237	1918	0	97903
5853	1774	504	245	94719	0	97242
5854	847	342	258	97118	0	98565
5855	95015	246	259	2484	0	98004
5856	1914	91359	355	1330	0	94958
5857	1085	1648	92045	823	0	95601
5858	763	835	89622	641	0	91861
5859	95224	402	1971	582	0	98179
5860	1816	402	950	93549	0	96717
5861	915	472	95302	1842	0	98531
5862	628	339	1662	92997	0	95626
5863	581	298	744	94866	0	96489
5864	455	257	471	97473	0	98656
5865	464	281	339	95631	0	96715
5866	447	90589	373	2541	0	93950
5867	453	1624	305	95581	0	97963
5868	94079	743	316	2190	0	97328
5869	1712	90723	467	1173	0	94075
5870	96190	1677	487	786	0	99140
5871	97063	814	314	656	0	98847
5872	97619	552	324	613	0	99108
5873	2514	548	91223	548	0	94833
5874	93572	360	1605	581	0	96118
5875	96863	312	755	548	0	98478
5876	96250	323	470	519	0	97562
5877	96133	297	347	494	0	97271
5878	2562	92404	346	604	0	95916
5879	95616	1670	261	530	0	98077
5880	2230	847	92116	501	0	95694
5881	1043	522	1370	89971	0	92906
5882	793	354	616	92063	0	93826
5883	93232	279	368	1994	0	95873
5884	1859	89992	292	1083	0	93226
5885	87566	1241	191	538	0	89536
5886	1672	86731	436	407	0	89246
5887	85092	1213	267	213	0	86785
5888	84139	482	125	222	0	84968
5889	1567	91967	129	284	0	93947
5890	94745	1349	89	127	0	96310
5891	99071	590	124	163	0	99948
5892	2360	89496	192	216	0	92264
5893	848	93340	165	171	0	94524
5894	100161	2120	690	114	0	103085
5895	2303	692	82	102429	0	105506
5896	103337	405	212	2303	0	106257
5897	106943	251	68	740	0	108002
5898	108534	192	67	470	0	109263
5899	107818	150	100	271	0	108339
5900	3490	101063	245	289	0	105087
5901	1303	105081	212	277	0	106873
5902	109144	2836	118	157	0	112255
5903	2880	1159	104806	131	0	108976
5904	1069	647	2279	103648	0	107643
5905	607	281	809	109498	0	111195
5906	105902	229	395	3171	0	109697
5907	2513	102872	223	1307	0	106915
5908	1025	2406	147	105342	0	108920
5909	642	898	112	109423	0	111075
5910	106598	511	87	3491	0	110687
5911	2787	355	89	107787	0	111018
5912	106761	287	110	3193	0	110351
5913	106888	374	117	1173	0	108552
5914	107330	299	102	752	0	108483
5915	3960	274	118	104308	0	108660
5916	1781	272	116	106224	0	108393
5917	1120	330	110522	3594	0	115566
5918	932	367	108989	1465	0	111753
5919	110964	252	4246	809	0	116271
5920	3743	260	1730	116678	0	122411
5921	1838	328	123290	3740	0	129196
5922	1152	340	124718	1728	0	127938
5923	827	291	5471	125261	0	131850
5924	878	362	124642	4543	0	130425
5925	684	343	4826	123099	0	128952
5926	746	314	2129	127672	0	130861
5927	737	325	123411	6214	0	130687
5928	719	242	4335	124446	0	129742
5929	682	314	2043	126984	0	130023
5930	733	286	1043	131027	0	133089
5931	804	362	121603	7163	0	129932
5932	823	277	4144	128585	0	133829
5933	126669	299	1886	5935	0	134789
5934	4817	123818	1153	2984	0	132772
5935	128432	4267	727	1761	0	135187
5936	5802	1964	122157	1202	0	131125
5937	125877	943	4515	1120	0	132455
5938	127997	568	2229	949	0	131743
5939	128076	529	1372	948	0	130925
5940	7433	482	991	122600	0	131506
5941	3571	717	895	127788	0	132971
5942	2111	523	111021	7036	0	120691
5943	110153	298	4582	3500	0	118533
5944	5406	110959	2391	2185	0	120941
5945	2510	106111	1332	1594	0	111547
5946	1591	110932	963	1499	0	114985
5947	1189	5821	870	106567	0	114447
5948	103969	2538	1089	5226	0	112822
5949	106467	1229	881	2876	0	111453
5950	6395	800	101188	1927	0	110310
5951	3246	668	4318	102610	0	110842
5952	1942	644	2157	107127	0	111870
5953	1577	683	100731	6770	0	109761
5954	1449	650	98950	3614	0	104663
5955	98808	481	5919	2269	0	107477
5956	5057	98799	2751	1961	0	108568
5957	103504	4156	1534	1640	0	110834
5958	105948	1934	1253	1520	0	110655
5959	6873	1106	1025	100511	0	109515
5960	3725	730	877	106048	0	111380
5961	101974	659	937	6572	0	110142
5962	5691	658	908	101845	0	109102
5963	3157	647	883	104824	0	109511
5964	100622	561	1036	7066	0	109285
5965	5641	545	937	102623	0	109746
5966	101565	474	1007	6347	0	109393
5967	104496	534	1073	3662	0	109765
5968	6937	631	96237	2742	0	106547
5969	99967	576	4706	2155	0	107404
5970	101744	589	2558	2089	0	106980
5971	103115	554	1737	1936	0	107342
5972	7481	700	88010	2088	0	98279
5973	94496	473	4466	1946	0	101381
5974	6025	92603	2350	2061	0	103039
5975	97204	3969	1739	1959	0	104871
5976	99727	1785	1479	1948	0	104939
5977	7077	940	1206	95614	0	104837
5978	3903	597	1091	96808	0	102399
5979	2612	93582	1128	6876	0	104198
5980	2391	4107	1006	96926	0	104430
5981	2155	2022	935	100909	0	106021
5982	96262	1133	1037	7293	0	105725
5983	5967	727	867	96509	0	104070
5984	3753	590	809	99567	0	104719
5985	2646	537	924	98431	0	102538
5986	2288	91008	926	7761	0	101983
5987	89464	4206	999	4207	0	98876
5988	5744	90896	944	2939	0	100523
5989	83046	4377	818	2037	0	90278
5990	5824	2044	75725	1845	0	85438
5991	74033	1138	3572	1680	0	80423
5992	5299	802	71044	1637	0	78782
5993	3146	69158	3743	1517	0	77564
5994	64857	3062	2579	1295	0	71793
5995	61654	1649	1233	1276	0	65812
5996	4694	58875	809	1310	0	65688
5997	2739	59538	743	1163	0	64183
5998	56994	3417	777	1043	0	62231
5999	58396	1824	685	994	0	61899
6000	4432	1039	503	55895	0	61869
6001	2697	831	441	58382	0	62351
6002	1931	757	53136	4129	0	59953
6003	53715	616	2230	2446	0	59007
6004	3483	650	1324	53522	0	58979
6005	2326	53156	765	3162	0	59409
6006	1736	2393	461	55488	0	60078
6007	1405	1446	386	56938	0	60175
6008	1254	891	51511	4355	0	58011
6009	1128	675	2166	54918	0	58887
6010	52222	642	1315	3619	0	57798
6011	2991	50557	675	2333	0	56556
6012	2039	52749	486	1457	0	56731
6013	52653	3316	473	1021	0	57463
6014	52672	1890	429	1002	0	55993
6015	52853	1038	467	802	0	55160
6016	4372	48720	532	949	0	54573
6017	1581	40823	303	553	0	43260
6018	43047	2094	530	411	0	46082
6019	43979	1098	308	477	0	45862
6020	2816	40675	287	415	0	44193
6021	636	31934	79	213	0	32862
6022	31682	1226	57	223	0	33188
6023	1123	648	49	30884	0	32704
6024	31107	233	151	1070	0	32561
6025	1209	191	47	30393	0	31840
6026	520	30682	109	1020	0	32331
6027	367	31273	89	405	0	32134
6028	32122	1258	220	256	0	33856
6029	33986	499	71	200	0	34756
6030	34065	273	60	170	0	34568
6031	1739	32173	78	174	0	34164
6032	581	1202	28028	115	0	29926
6033	254	28756	841	106	0	29957
6034	28439	1237	209	73	0	29958
6035	28209	352	95	70	0	28726
6036	1283	226	26436	64	0	28009
6037	428	25941	872	63	0	27304
6038	254	950	224	26871	0	28299
6039	202	330	104	25863	0	26499
6040	189	24926	114	1008	0	26237
6041	188	1016	25080	293	0	26577
6042	26142	322	871	142	0	27477
6043	1071	199	244	26920	0	28434
6044	26927	152	140	1008	0	28227
6045	27722	157	85	316	0	28280
6046	1313	149	78	28259	0	29799
6047	519	165	167	30472	0	31323
6048	340	178	88	31536	0	32142
6049	270	161	89	32117	0	32637
6050	30546	177	68	1664	0	32455
6051	31362	176	71	617	0	32226
6052	1620	164	30196	365	0	32345
6053	653	150	1127	30596	0	32526
6054	406	145	349	31998	0	32898
6055	294	158	159	32684	0	33295
6056	302	159	29975	1789	0	32225
6057	277	140	1120	30240	0	31777
6058	29673	136	353	1539	0	31701
6059	1332	135	197	30250	0	31914
6060	532	160	29451	1503	0	31646
6061	351	149	1159	30306	0	31965
6062	316	158	29364	1519	0	31357
6063	30443	134	1229	702	0	32508
6064	1397	130	425	31195	0	33147
6065	31539	131	222	1471	0	33363
6066	31795	136	166	655	0	32752
6067	1723	149	121	31230	0	33223
6068	32569	158	135	1533	0	34395
6069	1631	150	149	31353	0	33283
6070	668	32557	172	1467	0	34864
6071	35290	1256	154	621	0	37321
6072	36259	419	149	432	0	37259
6073	36911	223	144	369	0	37647
6074	2031	196	114	35767	0	38108
6075	786	150	124	36858	0	37918
6076	543	150	106	37602	0	38401
6077	427	172	33581	2186	0	36366
6078	406	33464	1342	922	0	36134
6079	420	1326	369	34602	0	36717
6080	402	431	33245	1721	0	35799
6081	33373	257	1348	675	0	35653
6082	1604	162	413	34344	0	36523
6083	698	138	33091	1722	0	35649
6084	33626	113	1310	752	0	35801
6085	1601	106	406	34565	0	36678
6086	658	102	288	35884	0	36932
6087	484	107	196	36784	0	37571
6088	35755	106	188	2105	0	38154
6089	36411	107	196	938	0	37652
6090	35910	115	224	614	0	36863
6091	1853	32855	248	531	0	35487
6092	784	34711	211	462	0	36168
6093	35518	1421	174	468	0	37581
6094	1667	458	34672	475	0	37272
6095	676	216	1208	34890	0	36990
6096	614	152	403	36708	0	37877
6097	35431	119	259	1862	0	37671
6098	34746	122	184	841	0	35893
6099	1723	33583	183	732	0	36221
6100	797	1181	162	34656	0	36796
6101	615	378	34071	1581	0	36645
6102	529	246	34794	760	0	36329
6103	457	149	1510	35323	0	37439
6104	391	143	495	37262	0	38291
6105	35796	116	320	2027	0	38259
6106	1520	120	252	36789	0	38681
6107	37166	147	230	1842	0	39385
6108	37658	139	211	864	0	38872
6109	1884	152	35915	586	0	38537
6110	36369	113	1235	545	0	38262
6111	36806	100	462	541	0	37909
6112	36651	120	324	525	0	37620
6113	1878	34424	287	575	0	37164
6114	798	36260	242	564	0	37864
6115	601	1549	196	36398	0	38744
6116	538	447	34902	1681	0	37568
6117	455	33607	1102	748	0	35912
6118	411	1022	298	31287	0	33018
6119	435	285	251	30595	0	31566
6120	396	30306	211	1142	0	32055
6121	31725	920	161	586	0	33392
6122	32296	297	177	482	0	33252
6123	1344	237	31795	394	0	33770
6124	32561	148	887	401	0	33997
6125	1259	158	31595	366	0	33378
6126	29492	123	877	352	0	30844
6127	1255	150	30376	301	0	32082
6128	528	29040	759	258	0	30585
6129	386	554	359	28474	0	29773
6130	254	189	212	29670	0	30325
6131	29907	135	177	834	0	31053
6132	30174	100	146	465	0	30885
6133	29703	86	142	365	0	30296
6134	963	102	29478	313	0	30856
6135	509	87	593	29665	0	30854
6136	408	154	265	30983	0	31810
6137	31045	89	191	854	0	32179
6138	796	30443	179	441	0	31859
6139	34279	591	136	330	0	35336
6140	846	238	129	34161	0	35374
6141	462	163	101	35336	0	36062
6142	390	130	105	35593	0	36218
6143	323	146	105	35782	0	36356
6144	265	146	103	35685	0	36199
6145	247	33019	140	1013	0	34419
6146	203	32377	103	444	0	33127
6147	181	31088	76	236	0	31581
6148	153	424	75	31804	0	32456
6149	171	161	30372	425	0	31129
6150	27760	90	320	182	0	28352
6151	418	31120	147	156	0	31841
6152	212	330	95	31389	0	32026
6153	160	124	102	31687	0	32073
6154	32116	111	88	430	0	32745
6155	31137	92	108	211	0	31548
6156	30821	77	85	193	0	31176
6157	471	67	54	33078	0	33670
6158	253	55	33319	444	0	34071
6159	214	67	33509	210	0	34000
6160	177	53	373	34107	0	34710
6161	193	64	34253	463	0	34973
6162	32447	53	409	217	0	33126
6163	428	44	117	34149	0	34738
6164	198	61	34232	430	0	34921
6165	195	40	334	32978	0	33547
6166	167	58	35001	454	0	35680
6167	137	75	37083	192	0	37487
6168	114	59	428	39513	0	40114
6169	86	74	41799	650	0	42609
6170	75	63	39487	221	0	39846
6171	58	33998	846	186	0	35088
6172	219	486	201	39341	0	40247
6173	41235	150	96	472	0	41953
6174	457	64	43	40590	0	41154
6175	169	34	34	42503	0	42740
6176	87	43	41076	682	0	41888
6177	36837	25	510	305	0	37677
6178	490	14	167	42510	0	43181
6179	184	14	86	43795	0	44079
6180	42368	15	55	694	0	43132
6181	517	12	40	42917	0	43486
6182	43726	9	43	624	0	44402
6183	43236	11	30	284	0	43561
6184	43152	12	41	141	0	43346
6185	700	41024	71	122	0	41917
6186	43357	469	30	69	0	43925
6187	571	41456	50	113	0	42190
6188	256	515	26	43170	0	43967
6189	43797	198	23	524	0	44542
6190	509	41838	31	284	0	42662
6191	43637	512	36	118	0	44303
6192	564	41819	51	116	0	42550
6193	42140	551	30	87	0	42808
6194	575	39180	89	89	0	39933
6195	268	42162	47	81	0	42558
6196	130	45240	25	93	0	45488
6197	111	726	27	44027	0	44891
6198	84	46086	49	490	0	46709
6199	81	594	24	48207	0	48906
6200	73	353	33	48234	0	48693
6201	86	141	29	48212	0	48468
6202	89	108	25	48852	0	49074
6203	47806	90	34	839	0	48769
6204	48167	57	33	381	0	48638
6205	743	135	46319	193	0	47390
6206	48975	60	510	164	0	49709
6207	51758	74	188	127	0	52147
6208	54033	46	91	139	0	54309
6209	1112	104	52269	102	0	53587
6210	427	163	52596	108	0	53294
6211	52414	77	1027	113	0	53631
6212	1101	140	55322	129	0	56692
6213	399	56160	1082	202	0	57843
6214	274	1035	323	59856	0	61488
6215	61470	360	146	1136	0	63112
6216	61747	150	143	393	0	62433
6217	62782	138	144	201	0	63265
6218	1554	83	113	61197	0	62947
6219	555	105	96	63251	0	64007
6220	342	156	62966	1499	0	64963
6221	291	129	1084	62516	0	64020
6222	310	72	341	65731	0	66454
6223	64438	114	209	1616	0	66377
6224	1324	62827	195	625	0	64971
6225	65854	1187	127	343	0	67511
6226	1395	398	113	65488	0	67394
6227	65536	193	121	1414	0	67264
6228	64425	147	425	541	0	65538
6229	61444	127	120	338	0	62029
6230	1645	61235	179	297	0	63356
6231	676	63782	117	232	0	64807
6232	432	1511	86	64592	0	66621
6233	64910	441	102	1352	0	66805
6234	1346	245	168	63341	0	65100
6235	542	178	122	64928	0	65770
6236	451	177	63242	1678	0	65548
6237	358	153	1149	63036	0	64696
6238	305	248	332	63390	0	64275
6239	266	165	166	62959	0	63556
6240	357	109	61010	1805	0	63281
6241	410	146	58579	740	0	59875
6242	385	58710	1404	534	0	61033
6243	61363	1200	418	421	0	63402
6244	1393	426	229	61072	0	63120
6245	586	276	61472	1395	0	63729
6246	398	174	1189	60914	0	62675
6247	407	133	381	67443	0	68364
6248	66135	110	230	1748	0	68223
6249	65685	221	214	694	0	66814
6250	1673	63747	259	451	0	66130
6251	65606	1214	195	483	0	67498
6252	65956	413	209	352	0	66930
6253	1802	232	202	65243	0	67479
6254	782	254	63999	1430	0	66465
6255	447	62843	1236	643	0	65169
6256	66153	1372	346	387	0	68258
6257	66853	457	186	433	0	67929
6258	1818	65760	208	449	0	68235
6259	731	1298	173	71313	0	73515
6260	73843	452	157	1903	0	76355
6261	74852	240	232	755	0	76079
6262	2186	201	156	74456	0	76999
6263	76532	209	168	2051	0	78960
6264	79314	188	159	834	0	80495
6265	79880	187	205	548	0	80820
6266	2751	314	78281	467	0	81813
6267	1000	75983	1688	504	0	79175
6268	720	78086	455	399	0	79660
6269	76414	2084	206	396	0	79100
6270	2090	75839	254	340	0	78523
6271	878	1987	75144	328	0	78337
6272	617	722	1660	75161	0	78160
6273	76990	311	409	1991	0	79701
6274	2134	267	241	76455	0	79097
6275	77503	279	186	2079	0	80047
6276	78051	233	141	708	0	79133
6277	77403	224	173	475	0	78275
6278	2498	72876	253	475	0	76102
6279	863	77665	272	527	0	79327
6280	80977	2090	187	422	0	83676
6281	80749	655	173	430	0	82007
6282	81104	370	186	370	0	82030
6283	2546	341	164	79010	0	82061
6284	78780	262	179	2089	0	81310
6285	2260	75151	263	741	0	78415
6286	874	79267	199	537	0	80877
6287	688	2178	163	79402	0	82431
6288	706	690	76056	2112	0	79564
6289	711	474	74602	686	0	76473
6290	660	304	2026	76927	0	79917
6291	649	312	77535	2096	0	80592
6292	569	387	1874	77585	0	80415
6293	79357	395	485	2140	0	82377
6294	2303	327	260	78868	0	81758
6295	78064	299	254	2217	0	80834
6296	2367	73509	313	791	0	76980
6297	995	1955	74741	533	0	78224
6298	722	641	1830	71570	0	74763
6299	567	470	480	76180	0	77697
6300	606	399	73651	2397	0	77053
6301	591	307	1820	71316	0	74034
6302	599	74260	601	2091	0	77551
6303	567	2013	361	77276	0	80217
6304	528	649	267	78501	0	79945
6305	590	444	251	80843	0	82128
6306	657	298	77667	2974	0	81596
6307	590	290	72402	1004	0	74286
6308	67090	206	2356	648	0	70300
6309	2283	244	69559	420	0	72506
6310	695	68290	2047	452	0	71484
6311	70988	1761	644	301	0	73694
6312	1953	69411	429	371	0	72164
6313	69587	1795	695	262	0	72339
6314	70457	508	228	274	0	71467
6315	70154	311	196	270	0	70931
6316	70194	257	193	274	0	70918
6317	2217	65299	236	326	0	68078
6318	826	67467	204	289	0	68786
6319	69012	1883	166	248	0	71309
6320	2030	621	64570	256	0	67477
6321	754	396	1535	64549	0	67234
6322	545	307	447	68054	0	69353
6323	484	287	65685	1986	0	68442
6324	60979	281	1610	670	0	63540
6325	67947	289	476	412	0	69124
6326	67122	283	314	342	0	68061
6327	2288	63948	277	364	0	66877
6328	68439	1695	263	301	0	70698
6329	2099	534	277	65408	0	68318
6330	819	68187	276	1662	0	70944
6331	72885	1837	270	528	0	75520
6332	73288	662	255	399	0	74604
6333	79509	471	233	307	0	80520
6334	2891	364	217	77211	0	80683
6335	1242	354	208	78227	0	80031
6336	804	73356	252	2852	0	77264
6337	752	2092	74442	980	0	78266
6338	668	703	1926	75944	0	79241
6339	634	491	658	77151	0	78934
6340	630	361	393	81613	0	82997
6341	593	340	77534	3086	0	81553
6342	74968	282	2149	1258	0	78657
6343	2442	351	744	80313	0	83850
6344	1083	292	79926	2512	0	83813
6345	697	283	2298	79717	0	82995
6346	81357	264	795	2824	0	85240
6347	2661	80020	503	1289	0	84473
6348	1031	2548	390	84829	0	88798
6349	779	860	82936	2912	0	87487
6350	78420	486	2583	1223	0	82712
6351	84104	318	913	830	0	86165
6352	3362	336	81378	737	0	85813
6353	1352	417	2653	75375	0	79797
6354	840	79105	986	2420	0	83351
6355	83423	2535	618	998	0	87574
6356	2911	858	80032	779	0	84580
6357	79466	516	2722	706	0	83410
6358	3335	365	78518	558	0	82776
6359	1413	338	73777	657	0	76185
6360	70482	210	2719	480	0	73891
6361	2373	72456	1136	539	0	76504
6362	1360	2150	71815	647	0	75972
6363	629	70211	2244	500	0	73584
6364	629	2064	69903	389	0	72985
6365	453	69911	2291	394	0	73049
6366	68405	2042	1089	433	0	71969
6367	1962	722	66463	372	0	69519
6368	831	466	65291	337	0	66925
6369	587	305	64619	270	0	65781
6370	63882	232	2387	254	0	66755
6371	65648	193	943	275	0	67059
6372	2085	213	544	63477	0	66319
6373	923	190	67411	1626	0	70150
6374	579	254	67014	696	0	68543
6375	68095	188	2136	379	0	70798
6376	1753	207	973	69993	0	72926
6377	69981	164	582	1680	0	72407
6378	71234	170	486	623	0	72513
6379	2288	180	416	66644	0	69528
6380	1029	65254	434	1638	0	68355
6381	608	1498	428	67819	0	70353
6382	531	628	389	69324	0	70872
6383	539	398	66653	2146	0	69736
6384	482	63393	1749	1063	0	66687
6385	456	67342	826	528	0	69152
6386	424	1961	581	65892	0	68858
6387	432	823	65729	1603	0	68587
6388	429	63614	1887	796	0	66726
6389	444	1725	66252	526	0	68947
6390	64438	703	2074	420	0	67635
6391	69033	424	1013	396	0	70866
6392	2300	368	67207	310	0	70185
6393	66852	300	1923	357	0	69432
6394	2113	265	978	67668	0	71024
6395	1012	70582	730	1608	0	73932
6396	697	1670	590	74507	0	77464
6397	72858	737	569	1836	0	76000
6398	73214	391	523	843	0	74971
6399	72560	323	536	531	0	73950
6400	71937	467	535	409	0	73348
6401	2637	67901	571	446	0	71555
6402	1051	68890	544	337	0	70822
6403	69748	1890	576	382	0	72596
6404	1947	926	68621	346	0	71840
6405	974	1257	1778	68596	0	72605
6406	617	73554	881	1541	0	76593
6407	546	1751	589	73198	0	76084
6408	419	75211	491	1758	0	77879
6409	410	2069	464	77246	0	80189
6410	512	869	76094	2024	0	79499
6411	74113	527	2006	843	0	77489
6412	77928	350	1001	506	0	79785
6413	2542	436	75818	376	0	79172
6414	73925	330	2004	370	0	76629
6415	76811	342	993	344	0	78490
6416	2702	332	74157	323	0	77514
6417	1237	318	2096	72623	0	76274
6418	75670	248	1000	1921	0	78839
6419	2327	276	74462	795	0	77860
6420	1193	259	1986	72393	0	75831
6421	832	299	77212	1924	0	80267
6422	624	365	74897	880	0	76766
6423	75563	454	2496	533	0	79046
6424	80804	298	1161	440	0	82703
6425	80433	281	647	393	0	81754
6426	82839	312	548	318	0	84017
6427	2963	314	422	78787	0	82486
6428	1299	73982	548	1918	0	77747
6429	846	77922	500	901	0	80169
6430	566	2325	592	76558	0	80041
6431	76468	819	401	1853	0	79541
6432	2253	73065	413	835	0	76566
6433	748	71770	289	327	0	73134
6434	72306	2015	277	222	0	74820
6435	2042	658	231	71222	0	74153
6436	71888	341	338	1849	0	74416
6437	1988	68892	297	664	0	71841
6438	73054	1757	170	364	0	75345
6439	2302	575	74039	282	0	77198
6440	84482	333	1897	240	0	86952
6441	89198	231	583	219	0	90231
6442	91551	182	481	267	0	92481
6443	3770	355	85041	208	0	89374
6444	85945	524	2315	242	0	89026
6445	3011	84199	897	273	0	88380
6446	1285	2322	84436	196	0	88239
6447	693	1022	2342	79996	0	84053
6448	644	366	1003	79401	0	81414
6449	395	79690	419	2753	0	83257
6450	411	2230	250	82858	0	85749
6451	348	761	241	85449	0	86799
6452	357	405	80537	3089	0	84388
6453	75260	250	2453	1154	0	79117
6454	2531	197	82148	558	0	85434
6455	912	171	2568	80768	0	84419
6456	538	169	83756	2468	0	86931
6457	382	145	2682	83847	0	87056
6458	87076	129	1020	2797	0	91022
6459	89818	140	549	1049	0	91556
6460	3487	127	355	88905	0	92874
6461	1339	171	89867	2926	0	94303
6462	734	123	2690	91880	0	95427
6463	593	178	89401	3120	0	93292
6464	86602	180	2926	1185	0	90893
6465	91086	191	996	676	0	92949
6466	89696	225	553	465	0	90939
6467	88285	216	368	461	0	89330
6468	3813	83399	366	619	0	88197
6469	1520	2638	273	86926	0	91357
6470	84180	947	418	2930	0	88475
6471	2982	81935	401	1177	0	86495
6472	1239	85523	400	700	0	87862
6473	914	3397	77541	512	0	82364
6474	79549	1200	2783	412	0	83944
6475	83416	567	1054	378	0	85415
6476	3999	406	79054	326	0	83785
6477	1731	287	2922	77752	0	82692
6478	1094	260	1096	82940	0	85390
6479	939	242	79753	3584	0	84518
6480	806	241	3036	79546	0	83629
6481	80730	249	1271	3335	0	85585
6482	3366	268	77782	1289	0	82705
6483	1548	246	80024	782	0	82600
6484	78502	261	3684	609	0	83056
6485	3414	254	79080	587	0	83335
6486	78586	297	3301	544	0	82728
6487	3499	77149	1365	628	0	82641
6488	80291	2799	736	560	0	84386
6489	3497	1038	611	78560	0	83706
6490	1496	607	478	81516	0	84097
6491	79115	491	475	3754	0	83835
6492	3325	540	487	79449	0	83801
6493	78922	379	456	3468	0	83225
6494	3465	78284	501	1512	0	83762
6495	1646	2843	426	74139	0	79054
6496	1128	1095	464	78641	0	81328
6497	76598	610	442	3809	0	81459
6498	77193	426	456	1588	0	79663
6499	77289	378	459	1061	0	79187
6500	4269	71756	519	829	0	77373
6501	1970	75313	510	696	0	78489
6502	76185	3270	439	659	0	80553
6503	3617	1282	71707	584	0	77190
6504	1757	71587	2770	648	0	76762
6505	67946	3086	1415	520	0	72967
6506	65198	826	1138	449	0	67611
6507	65524	449	410	369	0	66752
6508	3336	332	398	62044	0	66110
6509	63597	268	354	2354	0	66573
6510	63109	326	342	902	0	64679
6511	3338	327	313	60394	0	64372
6512	62270	276	350	2504	0	65400
6513	2903	308	57750	1052	0	62013
6514	1387	328	2106	60128	0	63949
6515	951	341	823	61999	0	64114
6516	797	217	581	64411	0	66006
6517	62358	206	391	3308	0	66263
6518	64252	225	381	1482	0	66340
6519	65377	266	361	924	0	66928
6520	64980	153	357	864	0	66354
6521	62344	133	415	690	0	63582
6522	3556	177	429	58416	0	62578
6523	1729	164	400	60665	0	62958
6524	57069	167	425	3056	0	60717
6525	2729	55089	353	1413	0	59584
6526	57518	1994	369	798	0	60679
6527	2877	688	53301	723	0	57589
6528	56871	360	1970	452	0	59653
6529	62284	343	715	494	0	63836
6530	3549	288	63051	482	0	67370
6531	65177	196	2504	436	0	68313
6532	3357	216	63881	654	0	68108
6533	1809	197	69186	359	0	71551
6534	1230	441	3708	68467	0	73846
6535	1014	214	1554	74877	0	77659
6536	1104	226	71258	4039	0	76627
6537	726	251	72319	1736	0	75032
6538	593	68391	3821	1136	0	73941
6539	579	68443	1490	754	0	71266
6540	54120	2739	736	299	0	57894
6541	2046	57671	921	278	0	60916
6542	56335	2291	336	314	0	59276
6543	2223	55294	301	330	0	58148
6544	56105	2242	338	217	0	58902
6545	2419	1006	52763	205	0	56393
6546	54282	671	1959	180	0	57092
6547	2456	465	772	51839	0	55532
6548	1159	52963	506	1765	0	56393
6549	740	2011	311	55643	0	58705
6550	54971	816	234	2230	0	58251
6551	57293	515	184	912	0	58904
6552	2874	568	189	55648	0	59279
6553	1267	260	54671	2242	0	58440
6554	847	270	53497	908	0	55522
6555	557	53912	2493	597	0	57559
6556	371	2197	911	54103	0	57582
6557	420	810	52984	2255	0	56469
6558	319	47285	1909	801	0	50314
6559	419	2063	713	48841	0	52036
6560	232	677	403	51304	0	52616
6561	46379	377	365	2392	0	49513
6562	1773	273	265	46736	0	49047
6563	712	234	44823	2230	0	47999
6564	395	175	1703	45723	0	47996
6565	44550	166	776	2177	0	47669
6566	1803	328	43259	988	0	46378
6567	43123	141	1754	651	0	45669
6568	1966	44017	783	537	0	47303
6569	46516	1699	474	338	0	49027
6570	47470	678	377	345	0	48870
6571	2506	381	329	45283	0	48499
6572	1099	272	273	46468	0	48112
6573	733	44266	260	2440	0	47699
6574	469	1771	279	47159	0	49678
6575	45981	705	233	2318	0	49237
6576	1963	512	43561	1058	0	47094
6577	1011	488	1683	43923	0	47105
6578	653	43928	743	2020	0	47344
6579	496	1782	443	45038	0	47759
6580	349	777	319	47675	0	49120
6581	45457	557	218	2610	0	48842
6582	1921	44250	223	1265	0	47659
6583	983	1781	222	45950	0	48936
6584	45280	780	307	2131	0	48498
6585	2068	484	237	45513	0	48302
6586	930	411	204	47407	0	48952
6587	45837	279	195	2872	0	49183
6588	46613	222	185	1484	0	48504
6589	2625	256	44145	923	0	47949
6590	45148	268	1715	708	0	47839
6591	46720	256	746	627	0	48349
6592	46522	228	482	514	0	47746
6593	2803	42288	395	540	0	46026
6594	1369	43570	290	492	0	45721
6595	943	2244	225	43398	0	46810
6596	43396	990	245	1961	0	46592
6597	44750	630	279	942	0	46601
6598	2736	419	202	43224	0	46581
6599	1421	327	42510	2136	0	46394
6600	43988	287	1674	997	0	46946
6601	46361	320	689	728	0	48098
6602	2682	293	459	44056	0	47490
6603	1340	263	309	45945	0	47857
6604	45251	238	220	2655	0	48364
6605	2374	244	243	44173	0	47034
6606	1207	43155	348	2404	0	47114
6607	865	1769	281	45898	0	48813
6608	45393	737	221	2316	0	48667
6609	2266	478	43923	1205	0	47872
6610	43194	382	1715	909	0	46200
6611	2355	277	43618	816	0	47066
6612	1252	242	1913	43875	0	47282
6613	44755	222	831	2220	0	48028
6614	2201	269	464	45004	0	47938
6615	1079	234	396	46067	0	47776
6616	44458	179	291	2900	0	47828
6617	2282	184	42548	1438	0	46452
6618	1200	173	45022	967	0	47362
6619	798	163	2329	44124	0	47414
6620	665	187	1040	46508	0	48400
6621	603	170	625	47543	0	48941
6622	549	192	45282	2985	0	49008
6623	44527	161	1758	1597	0	48043
6624	47924	149	812	1017	0	49902
6625	47797	165	590	738	0	49290
6626	47173	131	450	655	0	48409
6627	2908	43780	347	862	0	47897
6628	1430	44547	311	734	0	47022
6629	835	42814	226	634	0	44509
6630	422	1886	222	34785	0	37315
6631	469	488	283	35068	0	36308
6632	514	149	33154	1304	0	35121
6633	306	26890	593	441	0	28230
6634	818	353	170	24525	0	25866
6635	22940	140	108	413	0	23601
6636	307	23383	88	271	0	24049
6637	158	306	73	23548	0	24085
6638	116	23777	93	387	0	24373
6639	25035	308	58	215	0	25616
6640	418	108	61	24566	0	25153
6641	197	64	23210	426	0	23897
6642	144	70	22871	191	0	23276
6643	110	42	435	23226	0	23813
6644	99	50	181	23489	0	23819
6645	90	44	78	25030	0	25242
6646	24545	30	64	627	0	25266
6647	482	68	23483	256	0	24289
6648	201	23054	428	168	0	23851
6649	106	373	133	23377	0	23989
6650	112	148	23120	435	0	23815
6651	66	21829	322	196	0	22413
6652	40	295	113	23187	0	23635
6653	35	120	21884	323	0	22362
6654	39	30	291	21302	0	21662
6655	39	22	126	22107	0	22294
6656	22030	16	53	370	0	22469
6657	21685	21	33	149	0	21888
6658	382	13	36	21570	0	22001
6659	21712	15	29	337	0	22093
6660	331	27	21589	152	0	22099
6661	139	11	303	22026	0	22479
6662	64	32	22458	350	0	22904
6663	42	22	336	22733	0	23133
6664	37	21749	146	392	0	22324
6665	38	22381	94	165	0	22678
6666	40	23476	53	94	0	23663
6667	34	686	33	24231	0	24984
6668	45	117	28	27687	0	27877
6669	49	102	27105	490	0	27746
6670	66	87	28025	160	0	28338
6671	58	69	29278	55	0	29460
6672	30141	23	487	53	0	30704
6673	408	25	125	32405	0	32963
6674	32950	23	66	498	0	33537
6675	520	33262	81	168	0	34031
6676	149	615	53	34456	0	35273
6677	35251	183	47	684	0	36165
6678	681	93	41	35269	0	36084
6679	35248	49	46	782	0	36125
6680	763	98	34397	275	0	35533
6681	251	35152	667	317	0	36387
6682	119	674	195	37001	0	37989
6683	36466	196	98	758	0	37518
6684	36753	89	94	264	0	37200
6685	863	66	67	36610	0	37606
6686	303	52	73	37491	0	37919
6687	36406	46	120	975	0	37547
6688	765	45	118	36088	0	37016
6689	300	73	34801	884	0	36058
6690	168	34649	739	354	0	35910
6691	160	683	247	36632	0	37722
6692	36473	208	151	875	0	37707
6693	36603	145	113	359	0	37220
6694	996	140	35866	253	0	37255
6695	372	34439	757	267	0	35835
6696	257	37522	249	264	0	38292
6697	197	964	153	37530	0	38844
6698	214	328	131	38347	0	39020
6699	191	211	125	37459	0	37986
6700	150	177	136	37410	0	37873
6701	216	36354	127	1212	0	37909
6702	219	830	125	37482	0	38656
6703	277	280	111	38611	0	39279
6704	37024	166	120	1271	0	38581
6705	36216	149	104	613	0	37082
6706	1112	36141	143	446	0	37842
6707	37885	831	133	400	0	39249
6708	38442	333	130	376	0	39281
6709	38533	197	138	379	0	39247
6710	1237	198	36390	374	0	38199
6711	563	143	799	37078	0	38583
6712	380	147	280	39139	0	39946
6713	324	176	36728	1241	0	38469
6714	294	193	858	36519	0	37864
6715	233	197	339	37038	0	37807
6716	37100	188	210	1315	0	38813
6717	996	198	36043	678	0	37915
6718	410	164	850	35575	0	36999
6719	34532	172	388	1230	0	36322
6720	939	34393	207	705	0	36244
6721	34947	872	148	533	0	36500
6722	34223	328	138	488	0	35177
6723	1216	33095	114	488	0	34913
6724	599	915	109	34312	0	35935
6725	34144	363	114	1126	0	35747
6726	1157	33890	116	607	0	35770
6727	612	920	132	34742	0	36406
6728	34282	375	155	1090	0	35902
6729	33809	225	166	604	0	34804
6730	1251	32869	164	483	0	34767
6731	33789	848	148	458	0	35243
6732	1098	328	153	33883	0	35462
6733	33902	214	165	1195	0	35476
6734	1133	200	32401	729	0	34463
6735	537	176	824	33292	0	34829
6736	451	142	320	34093	0	35006
6737	32727	133	249	1316	0	34425
6738	1049	31705	204	644	0	33602
6739	30979	841	180	480	0	32480
6740	1132	30421	167	427	0	32147
6741	577	872	29039	379	0	30867
6742	501	355	28809	391	0	30056
6743	558	414	800	28573	0	30345
6744	396	287	28421	970	0	30074
6745	373	252	711	28388	0	29724
6746	367	203	263	28665	0	29498
6747	397	215	163	29936	0	30711
6748	29471	185	155	1169	0	30980
6749	28706	216	125	575	0	29622
6750	29355	246	117	495	0	30213
6751	1210	28321	148	470	0	30149
6752	630	31516	141	446	0	32733
6753	578	1040	34287	403	0	36308
6754	430	444	1101	35420	0	37395
6755	421	346	35192	1453	0	37412
6756	395	257	1245	35648	0	37545
6757	437	250	511	37060	0	38258
6758	381	231	383	37654	0	38649
6759	382	263	34429	1973	0	37047
6760	335	232	1208	35772	0	37547
6761	34732	188	575	1774	0	37269
6762	1272	33737	438	1063	0	36510
6763	593	1147	291	35609	0	37640
6764	34741	491	272	1639	0	37143
6765	35116	330	265	902	0	36613
6766	1611	233	218	34360	0	36422
6767	847	214	179	34178	0	35418
6768	29798	178	185	1700	0	31861
6769	1353	133	117	30069	0	31672
6770	26627	110	135	1555	0	28427
6771	1356	83	79	26090	0	27608
6772	590	94	23293	1489	0	25466
6773	395	21630	824	749	0	23598
6774	317	22839	470	476	0	24102
6775	278	907	204	22344	0	23733
6776	355	382	532	22506	0	23775
6777	21649	207	103	1106	0	23065
6778	744	150	103	21987	0	22984
6779	349	172	78	22281	0	22880
6780	240	141	53	20666	0	21100
6781	191	19335	57	1316	0	20899
6782	179	615	43	20731	0	21568
6783	229	259	41	20922	0	21451
6784	152	170	46	21300	0	21668
6785	19327	130	57	1339	0	20853
6786	687	19836	79	746	0	21348
6787	320	708	61	20751	0	21840
6788	222	317	36	21156	0	21731
6789	140	196	52	21597	0	21985
6790	20312	120	49	1355	0	21836
6791	806	87	46	20852	0	21791
6792	361	125	43	20804	0	21333
6793	213	92	18204	1353	0	19862
6794	137	18285	561	780	0	19763
6795	126	714	225	19662	0	20727
6796	18450	282	134	961	0	19827
6797	669	18782	83	632	0	20166
6798	18932	641	66	450	0	20089
6799	19169	307	93	306	0	19875
6800	896	242	50	18775	0	19963
6801	448	138	39	19414	0	20039
6802	343	111	18543	1058	0	20055
6803	223	140	594	19141	0	20098
6804	238	88	19180	1020	0	20526
6805	188	68	717	19941	0	20914
6806	18727	52	296	1141	0	20216
6807	686	19027	209	628	0	20550
6808	285	661	193	20792	0	21931
6809	204	280	118	21210	0	21812
6810	153	194	144	21002	0	21493
6811	171	127	76	21292	0	21666
6812	19838	119	150	1313	0	21420
6813	755	19402	81	738	0	20976
6814	316	665	67	20813	0	21861
6815	20492	261	91	1171	0	22015
6816	796	190	19573	795	0	21354
6817	19907	127	660	560	0	21254
6818	20983	111	279	421	0	21794
6819	1064	170	19807	331	0	21372
6820	536	112	681	20473	0	21802
6821	21308	90	303	928	0	22629
6822	874	21573	252	548	0	23247
6823	22928	679	154	484	0	24245
6824	22882	272	110	398	0	23662
6825	22923	193	128	375	0	23619
6826	1151	142	67	22486	0	23846
6827	648	128	62	23565	0	24403
6828	442	25982	58	1182	0	27664
6829	401	853	63	27598	0	28915
6830	27412	374	53	1189	0	29028
6831	1053	250	26220	664	0	28187
6832	25929	158	782	570	0	27439
6833	28510	158	312	447	0	29427
6834	1254	183	197	26880	0	28514
6835	634	121	133	28694	0	29582
6836	28288	91	124	1290	0	29793
6837	28144	84	138	679	0	29045
6838	27922	81	90	488	0	28581
6839	1451	79	26680	437	0	28647
6840	690	26578	754	443	0	28465
6841	28188	836	283	415	0	29722
6842	1153	350	188	27510	0	29201
6843	631	27320	117	996	0	29064
6844	463	864	110	28263	0	29700
6845	27704	383	130	1104	0	29321
6846	989	320	87	27809	0	29205
6847	573	198	27533	1207	0	29511
6848	355	27057	645	735	0	28792
6849	265	29090	270	545	0	30170
6850	469	901	27312	419	0	29101
6851	24678	464	600	532	0	26274
6852	657	24969	304	358	0	26288
6853	183	369	62	22111	0	22725
6854	21852	108	227	324	0	22511
6855	292	20937	58	122	0	21409
6856	151	250	37	21841	0	22279
6857	22057	101	40	283	0	22481
6858	321	63	41	21481	0	21906
6859	22060	44	21	354	0	22479
6860	360	70	21709	147	0	22286
6861	177	21186	240	136	0	21739
6862	23790	261	59	109	0	24219
6863	23069	96	58	93	0	23316
6864	23339	65	53	107	0	23564
6865	454	69	22190	72	0	22785
6866	21772	63	249	78	0	22162
6867	23359	63	72	82	0	23576
6868	398	56	56	23074	0	23584
6869	23401	54	44	322	0	23821
6870	386	22144	62	145	0	22737
6871	195	254	56	23340	0	23845
6872	160	119	23070	316	0	23665
6873	107	106	277	22614	0	23104
6874	123	84	101	23430	0	23738
6875	23577	82	66	397	0	24122
6876	23172	83	54	204	0	23513
6877	410	60	22590	153	0	23213
6878	22209	53	265	128	0	22655
6879	418	58	22713	121	0	23310
6880	211	43	289	22633	0	23176
6881	201	64	23112	334	0	23711
6882	154	179	297	22639	0	23269
6883	181	22192	136	371	0	22880
6884	186	305	23118	136	0	23745
6885	156	115	23974	117	0	24362
6886	172	114	428	20578	0	21292
6887	24321	59	150	379	0	24909
6888	24409	66	99	164	0	24738
6889	24652	50	101	124	0	24927
6890	513	68	85	23993	0	24659
6891	278	64	54	24541	0	24937
6892	229	30	67	24682	0	25008
6893	202	47	53	24703	0	25005
6894	158	85	23405	604	0	24252
6895	137	69	314	23295	0	23815
6896	143	22637	122	489	0	23391
6897	111	313	102	23757	0	24283
6898	23866	107	80	487	0	24540
6899	481	84	23548	212	0	24325
6900	21218	55	376	193	0	21842
6901	492	251	23840	147	0	24730
6902	217	87	23253	133	0	23690
6903	162	22267	537	115	0	23081
6904	125	516	232	22871	0	23744
6905	129	144	141	23229	0	23643
6906	94	22650	196	492	0	23432
6907	26045	529	94	191	0	26859
6908	689	227	88	27269	0	28273
6909	329	110	87	29731	0	30257
6910	200	74	79	31801	0	32154
6911	35320	62	67	1444	0	36893
6912	37870	57	61	646	0	38634
6913	1826	39	59	37129	0	39053
6914	662	49	60	38561	0	39332
6915	36849	42	45	2022	0	38958
6916	1589	61	42	37151	0	38843
6917	570	56	52	38221	0	38899
6918	420	49	72	39077	0	39618
6919	329	58	35354	2287	0	38028
6920	34613	38	1347	1016	0	37014
6921	36854	51	377	690	0	37972
6922	2037	63	33233	525	0	35858
6923	809	92	1389	31627	0	33917
6924	530	33466	481	1640	0	36117
6925	33230	1394	315	732	0	35671
6926	1541	33129	251	562	0	35483
6927	593	33009	165	534	0	34301
6928	434	1580	124	30303	0	32441
6929	30339	515	146	1623	0	32623
6930	32174	303	107	662	0	33246
6931	1832	223	121	31027	0	33203
6932	779	185	104	31853	0	32921
6933	572	191	71	31906	0	32740
6934	429	207	80	31855	0	32571
6935	390	168	63	31163	0	31784
6936	368	28835	66	2144	0	31413
6937	382	1301	47	30873	0	32603
6938	30239	404	57	2099	0	32799
6939	31179	247	65	1052	0	32543
6940	31518	158	74	835	0	32585
6941	1997	29183	135	724	0	32039
6942	887	1337	108	30780	0	33112
6943	611	470	29233	1882	0	32196
6944	29877	310	1317	899	0	32403
6945	1735	244	383	30616	0	32978
6946	30910	239	251	1837	0	33237
6947	30069	228	170	827	0	31294
6948	30184	295	95	609	0	31183
6949	2238	253	102	28147	0	30740
6950	28200	209	128	1773	0	30310
6951	2046	222	101	28175	0	30544
6952	942	171	104	29665	0	30882
6953	28346	138	103	2213	0	30800
6954	1922	116	80	28805	0	30923
6955	28312	127	74	2183	0	30696
6956	29147	114	58	1094	0	30413
6957	2153	135	34	28405	0	30727
6958	1031	137	35	29513	0	30716
6959	794	115	49	30032	0	30990
6960	704	138	25802	2457	0	29101
6961	642	124	26487	1257	0	28510
6962	657	87	1550	26643	0	28937
6963	614	113	546	27586	0	28859
6964	521	218	319	28004	0	29062
6965	511	114	227	28029	0	28881
6966	472	100	199	28632	0	29403
6967	26070	94	218	2567	0	28949
6968	1747	25127	226	1295	0	28395
6969	827	1309	180	27129	0	29445
6970	26641	391	188	2141	0	29361
6971	1864	235	162	26921	0	29182
6972	830	188	148	28202	0	29368
6973	26548	136	121	2538	0	29343
6974	27347	156	91	1378	0	28972
6975	2180	160	25843	1074	0	29257
6976	1021	129	1315	27110	0	29575
6977	833	142	26413	2133	0	29521
6978	662	116	1433	27358	0	29569
6979	601	81	471	28297	0	29450
6980	589	77	297	28929	0	29892
6981	513	83	25235	2653	0	28484
6982	420	24553	1401	1428	0	27802
6983	383	26546	550	1128	0	28607
6984	407	1585	502	26426	0	28920
6985	25214	524	332	2120	0	28190
6986	1631	322	24403	1186	0	27542
6987	642	237	25782	1007	0	27668
6988	503	176	1742	25474	0	27895
6989	434	219	763	25439	0	26855
6990	366	25652	442	2124	0	28584
6991	379	1431	320	26785	0	28915
6992	392	540	278	28557	0	29767
6993	353	365	290	29235	0	30243
6994	27407	239	264	2513	0	30423
6995	27855	191	218	1312	0	29576
6996	2022	152	238	27713	0	30125
6997	920	26921	247	2103	0	30191
6998	626	1348	221	28173	0	30368
6999	26707	454	224	2247	0	29632
7000	1551	27493	198	1287	0	30529
7001	679	1365	151	26316	0	28511
7002	495	26474	158	1959	0	29086
7003	26319	1436	156	1073	0	28984
7004	25275	604	165	854	0	26898
7005	1657	25541	183	747	0	28128
7006	739	25898	176	549	0	27362
7007	610	1422	22043	489	0	24564
7008	295	21573	910	455	0	23233
7009	331	1337	229	19244	0	21141
7010	239	332	18103	1019	0	19693
7011	78	12710	415	224	0	13427
7012	78	234	193	11297	0	11802
7013	28	118	47	11538	0	11731
7014	30	54	30	11609	0	11723
7015	11293	29	31	368	0	11721
7016	228	42	10610	180	0	11060
7017	104	44	10740	100	0	10988
7018	54	41	299	10831	0	11225
7019	42	46	12325	292	0	12705
7020	37	29	277	12228	0	12571
7021	29	35	131	12232	0	12427
7022	35	36	66	13048	0	13185
7023	29	29	42	13323	0	13423
7024	12851	25	39	430	0	13345
7025	12696	33	24	215	0	12968
7026	326	22	29	13072	0	13449
7027	152	33	13650	311	0	14146
7028	81	30	225	13716	0	14052
7029	49	12795	118	348	0	13310
7030	39	218	81	13118	0	13456
7031	12927	103	38	344	0	13412
7032	13037	54	46	180	0	13317
7033	321	43	37	12818	0	13219
7034	148	33	28	13038	0	13247
7035	77	40	26	13296	0	13439
7036	12869	41	37	439	0	13386
7037	273	43	12504	233	0	13053
7038	141	31	12207	133	0	12512
7039	80	11944	279	107	0	12410
7040	12407	195	112	71	0	12785
7041	213	93	52	12825	0	13183
7042	113	56	13291	222	0	13682
7043	64	12697	187	151	0	13099
7044	38	13747	96	93	0	13974
7045	32	240	46	14203	0	14521
7046	33	123	17	14489	0	14662
7047	37	14179	30	292	0	14538
7048	37	186	20	14798	0	15041
7049	39	93	31	14785	0	14948
7050	14648	61	31	290	0	15030
7051	195	14273	21	187	0	14676
7052	93	189	27	14458	0	14767
7053	67	93	14344	235	0	14739
7054	29	70	175	14165	0	14439
7055	14971	39	98	248	0	15356
7056	182	14472	54	146	0	14854
7057	100	191	27	15345	0	15663
7058	62	107	15028	231	0	15428
7059	36	82	15113	150	0	15381
7060	39	45	252	15727	0	16063
7061	26	43	109	17268	0	17446
7062	17495	40	58	296	0	17889
7063	205	18193	40	180	0	18618
7064	18985	253	42	98	0	19378
7065	302	115	18922	92	0	19431
7066	17785	72	280	89	0	18226
7067	352	59	19560	71	0	20042
7068	18491	47	321	84	0	18943
7069	19605	40	136	75	0	19856
7070	412	52	22541	71	0	23076
7071	185	64	22186	95	0	22530
7072	97	21529	414	85	0	22125
7073	70	291	161	23408	0	23930
7074	24518	127	98	345	0	25088
7075	311	84	68	23530	0	23993
7076	139	53	63	24303	0	24558
7077	93	38	53	24991	0	25175
7078	81	40	24585	504	0	25210
7079	21130	35	314	248	0	21727
7080	24190	41	141	142	0	24514
7081	395	25488	102	108	0	26093
7082	184	274	58	26341	0	26857
7083	106	26636	75	346	0	27163
7084	65	325	56	28152	0	28598
7085	28332	125	58	421	0	28936
7086	351	27185	59	205	0	27800
7087	147	275	38	27533	0	27993
7088	27485	106	68	346	0	28005
7089	26842	89	46	169	0	27146
7090	402	42	35	26472	0	26951
7091	208	47	27089	349	0	27693
7092	115	322	259	25651	0	26347
7093	76	26783	111	329	0	27299
7094	27549	244	62	140	0	27995
7095	278	26569	56	130	0	27033
7096	124	270	42	27286	0	27722
7097	28204	97	34	302	0	28637
7098	276	72	31	28489	0	28868
7099	126	52	27	28573	0	28778
7100	113	48	29558	361	0	30080
7101	72	28773	239	174	0	29258
7102	29511	218	85	102	0	29916
7103	28057	122	73	90	0	28342
7104	249	28892	56	86	0	29283
7105	116	30176	36	75	0	30403
7106	152	219	28	30212	0	30611
7107	30297	78	21	208	0	30604
7108	196	29937	37	102	0	30272
7109	80	195	26	31016	0	31317
7110	70	93	31201	207	0	31571
7111	49	76	167	29922	0	30214
7112	32054	30	53	231	0	32368
7113	188	30740	65	105	0	31098
7114	188	196	20	32976	0	33380
7115	88	70	32677	217	0	33052
7116	64	86	32003	101	0	32254
7117	50	50	357	31386	0	31843
7118	39	36	75	33536	0	33686
7119	31	32623	51	251	0	32956
7120	53	160	22	33958	0	34193
7121	34513	71	22	206	0	34812
7122	186	64	26	33659	0	33935
7123	34698	30	28	225	0	34981
7124	194	33365	53	96	0	33708
7125	111	34815	49	84	0	35059
7126	83	223	44	36523	0	36873
7127	88	88	36	35769	0	35981
7128	70	57	35510	271	0	35908
7129	66	61	213	33298	0	33638
7130	35896	43	78	258	0	36275
7131	258	69	35215	113	0	35655
7132	118	35	242	35254	0	35649
7133	103	57	40903	345	0	41408
7134	60	49	326	39960	0	40395
7135	72	87	117	39801	0	40077
7136	69	46	111	42085	0	42311
7137	81	42	42825	492	0	43440
7138	66	51	299	39932	0	40348
7139	41	41473	279	430	0	42223
7140	58	290	82	44815	0	45245
7141	49	110	56	43374	0	43589
7142	44194	115	45	451	0	44805
7143	345	76	43503	260	0	44184
7144	120	70	292	42406	0	42888
7145	145	74	43669	422	0	44310
7146	105	98	41675	208	0	42086
7147	88	71	452	42963	0	43574
7148	80	83	195	43391	0	43749
7149	50	63	112	46949	0	47174
7150	47242	46	55	548	0	47891
7151	348	83	45574	265	0	46270
7152	46926	69	347	237	0	47579
7153	421	38	118	51199	0	51776
7154	150	66	139	53817	0	54172
7155	139	56743	107	575	0	57564
7156	90	377	81	60338	0	60886
7157	78	127	88	59651	0	59944
7158	71	125	58	59900	0	60154
7159	58263	48	53	694	0	59058
7160	412	66	57132	322	0	57932
7161	48270	61	421	279	0	49031
7162	449	55581	166	208	0	56404
7163	56828	300	88	137	0	57353
7164	337	54464	73	176	0	55050
7165	159	54406	72	337	0	54974
7166	109	345	54	57156	0	57664
7167	58610	139	43	367	0	59159
7168	284	82	57	57285	0	57708
7169	102	54939	111	460	0	55612
7170	102	57201	85	213	0	57601
7171	44	434	37	59105	0	59620
7172	48	194	29	57922	0	58193
7173	72	57585	53	566	0	58276
7174	70	397	50	61122	0	61639
7175	77	153	41	60825	0	61096
7176	69	113	37	61460	0	61679
7177	61613	51	40	733	0	62437
7178	458	113	60475	328	0	61374
7179	59723	81	421	262	0	60487
7180	64901	63	132	180	0	65276
7181	63414	50	100	169	0	63733
7182	671	61300	88	142	0	62201
7183	264	399	54	63784	0	64501
7184	63952	154	47	469	0	64622
7185	447	156	37	64434	0	65074
7186	66151	62	37	561	0	66811
7187	499	66620	78	373	0	67570
7188	71617	442	22	184	0	72265
7189	73032	165	27	145	0	73369
7190	73207	130	35	121	0	73493
7191	662	71	34	70754	0	71521
7192	287	90	30	73009	0	73416
7193	75611	98	29	624	0	76362
7194	470	71488	67	377	0	72402
7195	211	72461	53	279	0	73004
7196	77987	552	28	170	0	78737
7197	482	254	32	75013	0	75781
7198	205	170	31	76466	0	76872
7199	179	67	30	79709	0	79985
7200	128	75411	56	1040	0	76635
7201	78228	522	60	409	0	79219
7202	630	207	55	79050	0	79942
7203	293	77788	72	652	0	78805
7204	278	752	36	82818	0	83884
7205	178	236	40	82093	0	82547
7206	138	191	27	81670	0	82026
7207	160	95	23	83086	0	83364
7208	82781	94	44	988	0	83907
7209	80867	109	44	511	0	81531
7210	81425	108	47	346	0	81926
7211	974	84	31	81586	0	82675
7212	541	125	78866	730	0	80262
7213	426	213	71756	400	0	72795
7214	262	183	75843	383	0	76671
7215	80212	89	765	282	0	81348
7216	669	82	319	83771	0	84841
7217	327	106	183	82483	0	83099
7218	298	130	86	84898	0	85412
7219	84165	97	63	991	0	85316
7220	81367	93	49	536	0	82045
7221	811	84911	110	423	0	86255
7222	445	571	59	89260	0	90335
7223	396	251	85916	764	0	87327
7224	244	82941	584	550	0	84319
7225	209	640	180	88645	0	89674
7226	189	258	155	89139	0	89741
7227	167	260	70	87057	0	87554
7228	173	136	70	85226	0	85605
7229	210	131	85278	1236	0	86855
7230	214	181	80654	606	0	81655
7231	172	82053	678	520	0	83423
7232	126	468	222	87751	0	88567
7233	160	192	137	84446	0	84935
7234	83630	164	92	723	0	84609
7235	634	135	82808	383	0	83960
7236	244	108	463	80794	0	81609
7237	199	71	177	83882	0	84329
7238	234	97	84223	785	0	85339
7239	133	78092	571	480	0	79276
7240	84456	486	177	550	0	85669
7241	612	222	82360	311	0	83505
7242	79342	156	482	307	0	80287
7243	720	153	83720	261	0	84854
7244	287	100	575	82204	0	83166
7245	373	119	83929	619	0	85040
7246	221	173	83529	356	0	84279
7247	169	86	619	82602	0	83476
7248	196	242	435	77736	0	78609
7249	139	88	203	88956	0	89386
7250	126	85	153	86540	0	86904
7251	134	75	156	86542	0	86907
7252	178	99	83516	963	0	84756
7253	189	198	76658	583	0	77628
7254	147	74710	719	439	0	76015
7255	80261	459	293	273	0	81286
7256	554	209	211	80104	0	81078
7257	81576	153	144	745	0	82618
7258	712	99	139	80282	0	81232
7259	82208	70	126	904	0	83308
7260	731	83	129	81790	0	82733
7261	283	69	128	83113	0	83593
7262	247	81303	208	1021	0	82779
7263	169	570	123	88528	0	89390
7264	167	228	110	88319	0	88824
7265	163	176	107	87949	0	88395
7266	139	93	106	87600	0	87938
7267	107	81178	174	1129	0	82588
7268	85539	537	123	536	0	86735
7269	565	81343	151	436	0	82495
7270	204	594	66	82552	0	83416
7271	82226	189	69	728	0	83212
7272	631	281	77598	347	0	78857
7273	268	174	76681	338	0	77461
7274	419	247	605	73404	0	74675
7275	106	56	266	79364	0	79792
7276	88	78	178	79372	0	79716
7277	98	81	144	75737	0	76060
7278	86	57	125	77369	0	77637
7279	305	70844	117	995	0	72261
7280	96	430	75	75901	0	76502
7281	75033	140	81	767	0	76021
7282	483	150	91	74634	0	75358
7283	218	84	75438	783	0	76523
7284	165	83	528	73494	0	74270
7285	73939	56	210	821	0	75026
7286	510	72982	242	441	0	74175
7287	212	546	87	78994	0	79839
7288	173	203	82	83510	0	83968
7289	191	191	80818	1590	0	82790
7290	160	234	118130	553	0	119077
7291	147552	94	3521	416	0	151583
7292	5495	157	1223	152648	0	159523
7293	1952	72	1089	160420	0	163533
7294	1815	227	162987	7986	0	173015
7295	1057	383	161979	4101	0	167520
7296	390	162679	8395	3304	0	174768
7297	236	6643	3732	168602	0	179213
7298	396	2292	159519	7120	0	169327
7299	105	161750	7694	2921	0	172470
7300	164777	7413	2728	2196	0	177114
7301	172156	2587	2289	1353	0	178385
7302	9040	2252	1296	161111	0	173699
7303	4199	164646	820	7021	0	176686
7304	168443	7307	689	2627	0	179066
7305	8721	2975	959	139158	0	151813
7306	3338	2525	156970	6122	0	168955
7307	2716	161696	6931	2486	0	173829
7308	163401	7453	2366	2169	0	175389
7309	168518	2672	2012	1430	0	174632
7310	9411	2373	1224	164833	0	177841
7311	4526	1334	744	172817	0	179421
7312	3247	1054	156924	10071	0	171296
7313	1910	684	6824	165900	0	175318
7314	1229	617	2376	166722	0	170944
7315	1043	484	2043	168111	0	171681
7316	860	627	1192	169312	0	171991
7317	724	432	750	164175	0	166081
7318	702	153403	708	12718	0	167531
7319	158673	6754	559	6459	0	172445
7320	7650	2484	149097	4775	0	164006
7321	2854	149024	6870	3016	0	161764
7322	2488	7454	2497	155312	0	167751
7323	152619	2754	2161	8558	0	166092
7324	7535	2350	1440	156222	0	167547
7325	2921	1502	965	160707	0	166095
7326	2517	969	816	162496	0	166798
7327	1472	808	809	165189	0	168278
7328	1368	881	142507	13489	0	158245
7329	1076	147844	6799	7601	0	163320
7330	153837	7255	2435	5277	0	168804
7331	7995	2674	148584	3558	0	162811
7332	2975	2352	8187	153252	0	166766
7333	152686	1719	3161	8996	0	166562
7334	8574	150047	2661	4112	0	165394
7335	154107	7611	1810	3656	0	167184
7336	9683	3171	1310	151735	0	165899
7337	4320	2821	986	159516	0	167643
7338	3570	1698	821	160051	0	166140
7339	2449	1111	620	163054	0	167234
7340	150103	980	748	13932	0	165763
7341	8190	993	655	155442	0	165280
7342	3585	616	671	161896	0	166768
7343	149332	692	740	13016	0	163780
7344	9070	838	139642	6996	0	156546
7345	3850	1082	6916	150117	0	161965
7346	143858	680	2560	10648	0	157746
7347	148422	574	2279	5184	0	156459
7348	10493	619	1468	143520	0	156100
7349	5464	597	1121	146001	0	153183
7350	4184	134871	1037	11547	0	151639
7351	2496	7046	743	144683	0	154968
7352	1798	2510	651	149563	0	154522
7353	1654	2195	130069	13219	0	147137
7354	1297	1406	133395	7781	0	143879
7355	1094	132813	8967	6226	0	149100
7356	1178	7356	4393	134422	0	147349
7357	1184	2862	3408	143149	0	150603
7358	134681	2616	2321	11496	0	151114
7359	7803	1881	1593	138944	0	150221
7360	3538	1235	130059	12079	0	146911
7361	3260	1061	7592	138179	0	150092
7362	2153	1163	126179	12037	0	141532
7363	1819	947	130503	6254	0	139523
7364	1388	1169	10486	126968	0	140011
7365	1225	1195	5233	136521	0	144174
7366	128088	1248	3574	11802	0	144712
7367	134530	882	2218	6786	0	144416
7368	10210	756	1818	132743	0	145527
7369	132120	942	1475	10558	0	145095
7370	137463	664	1116	5208	0	144451
7371	11894	787	939	131035	0	144655
7372	6026	934	971	137818	0	145749
7373	131048	788	794	12065	0	144695
7374	136489	394	998	6982	0	144863
7375	10950	448	935	132286	0	144619
7376	6071	126139	959	10924	0	144093
7377	4839	7159	579	133419	0	145996
7378	3283	2359	825	140981	0	147448
7379	2265	2169	121276	13672	0	139382
7380	1792	1405	6735	136930	0	146862
7381	123014	880	2755	13108	0	139757
7382	7555	127402	2602	6915	0	144474
7383	130271	7274	1427	5701	0	144673
7384	134655	2740	984	4411	0	142790
7385	137565	2536	764	3611	0	144476
7386	12432	1760	688	127986	0	142866
7387	7398	1238	111304	9834	0	129774
7388	5832	1191	110004	4576	0	121603
7389	3192	110545	8515	4555	0	126807
7390	1559	69545	2469	2277	0	75850
7391	1028	36861	733	776	0	39398
7392	879	36315	915	768	0	38877
7393	1837	2065	31685	725	0	36312
7394	18000	1537	1768	245	0	21550
7395	462	114	151	17926	0	18653
7396	198	81	69	17599	0	17947
7397	144	66	55	17715	0	17980
7398	114	16888	65	548	0	17615
7399	17058	382	95	250	0	17785
7400	416	164	16670	170	0	17420
7401	128	14777	302	111	0	15318
7402	64	296	273	15660	0	16293
7403	15467	106	78	321	0	15972
7404	286	59	58	15386	0	15789
7405	121	52	14529	354	0	15056
7406	89	65	14250	178	0	14582
7407	89	30	275	14346	0	14740
7408	79	25	94	14432	0	14630
7409	14224	21	129	352	0	14726
7410	292	29	13702	158	0	14181
7411	13550	24	239	110	0	13923
7412	13834	24	89	96	0	14043
7413	351	17	46	13837	0	14251
7414	154	28	13980	288	0	14450
7415	97	26	238	14098	0	14459
7416	14250	25	93	328	0	14696
7417	263	13767	63	164	0	14257
7418	14814	245	48	102	0	15209
7419	318	84	50	14744	0	15196
7420	131	15251	57	354	0	15793
7421	90	321	34	15474	0	15919
7422	81	121	42	15543	0	15787
7423	75	15610	41	446	0	16172
7424	75	317	28	16239	0	16659
7425	92	107	24	16428	0	16651
7426	62	57	41	17074	0	17234
7427	60	76	16347	535	0	17018
7428	48	16210	374	217	0	16849
7429	16647	333	81	106	0	17167
7430	342	101	58	16986	0	17487
7431	112	17890	51	420	0	18473
7432	19971	416	22	161	0	20570
7433	470	148	27	19875	0	20520
7434	173	92	25	20083	0	20373
7435	113	60	33	19412	0	19618
7436	83	78	25	19153	0	19339
7437	18571	61	14	723	0	19369
7438	500	40	24	18779	0	19343
7439	177	57	25	19288	0	19547
7440	18931	38	30	732	0	19731
7441	524	37	19	19306	0	19886
7442	227	41	18635	672	0	19575
7443	124	40	430	19337	0	19931
7444	18656	45	151	681	0	19533
7445	519	51	75	18940	0	19585
7446	223	62	18652	642	0	19579
7447	125	65	18245	318	0	18753
7448	19666	37	596	223	0	20522
7449	20967	39	198	201	0	21405
7450	21358	36	124	176	0	21694
7451	21393	22	96	180	0	21691
7452	759	41	20541	141	0	21482
7453	340	39	509	20706	0	21594
7454	229	33	180	22016	0	22458
7455	21141	27	114	712	0	21994
7456	595	29	78	21458	0	22160
7457	253	37	20825	680	0	21795
7458	156	28	506	21411	0	22101
7459	135	30	21095	724	0	21984
7460	121	20814	549	354	0	21838
7461	22519	475	219	229	0	23442
7462	604	147	136	22645	0	23532
7463	248	94	22031	693	0	23066
7464	179	63	615	22527	0	23384
7465	149	60	223	24598	0	25030
7466	147	76	23904	930	0	25057
7467	138	29	673	24391	0	25231
7468	24480	40	285	938	0	25743
7469	708	57	23505	430	0	24700
7470	22870	32	655	340	0	23897
7471	746	23108	290	307	0	24451
7472	345	601	23718	202	0	24866
7473	246	215	24072	222	0	24755
7474	494	646	818	20328	0	22286
7475	127	77	321	21642	0	22167
7476	144	70	21872	748	0	22834
7477	101	78	574	21975	0	22728
7478	22127	36	279	726	0	23168
7479	22353	32	175	405	0	22965
7480	669	42	133	21550	0	22394
7481	314	39	141	21706	0	22200
7482	213	21490	146	799	0	22648
7483	21484	518	98	458	0	22558
7484	642	167	91	22255	0	23155
7485	292	22416	112	692	0	23512
7486	23342	533	88	415	0	24378
7487	23462	212	111	302	0	24087
7488	771	23839	119	283	0	25012
7489	365	601	108	23896	0	24970
7490	253	226	100	24290	0	24869
7491	247	166	23038	926	0	24377
7492	204	87	639	23225	0	24155
7493	23002	72	272	914	0	24260
7494	718	96	197	23129	0	24140
7495	349	66	22139	901	0	23455
7496	22339	56	666	439	0	23500
7497	779	58	297	22938	0	24072
7498	379	58	22481	870	0	23788
7499	275	41	686	22816	0	23818
7500	206	64	22051	925	0	23246
7501	197	50	788	22415	0	23450
7502	199	46	298	23952	0	24495
7503	23161	52	254	1078	0	24545
7504	711	23226	235	575	0	24747
7505	24120	614	170	443	0	25347
7506	24091	236	194	339	0	24860
7507	24437	156	163	339	0	25095
7508	1017	23588	175	301	0	25081
7509	520	699	24082	250	0	25551
7510	380	267	719	24855	0	26221
7511	25379	193	319	841	0	26732
7512	25972	145	261	468	0	26846
7513	971	115	203	24780	0	26069
7514	25262	134	234	873	0	26503
7515	912	92	24115	559	0	25678
7516	24294	71	694	500	0	25559
7517	998	100	23944	373	0	25415
7518	467	23249	777	385	0	24878
7519	23912	564	348	319	0	25143
7520	23299	242	272	314	0	24127
7521	869	22709	317	308	0	24203
7522	23493	616	288	316	0	24713
7523	23137	251	225	310	0	23923
7524	921	174	22295	326	0	23716
7525	21894	128	640	352	0	23014
7526	849	130	22320	292	0	23591
7527	450	251	601	20116	0	21418
7528	394	20897	280	624	0	22195
7529	412	543	21386	292	0	22633
7530	19400	549	627	396	0	20972
7531	19599	152	209	278	0	20238
7532	644	94	161	17919	0	18818
7533	365	91	18196	461	0	19113
7534	289	106	386	18469	0	19250
7535	18610	77	241	499	0	19427
7536	530	18126	181	315	0	19152
7537	18559	366	101	255	0	19281
7538	18771	123	150	148	0	19192
7539	604	17996	145	192	0	18937
7540	387	360	128	18541	0	19416
7541	18643	177	154	440	0	19414
7542	554	179	114	18330	0	19177
7543	372	101	119	18789	0	19381
7544	312	160	18759	499	0	19730
7545	305	159	396	18904	0	19764
7546	310	88	150	19322	0	19870
7547	18770	98	162	611	0	19641
7548	18435	97	133	302	0	18967
7549	756	64	131	18354	0	19305
7550	340	68	17343	574	0	18325
7551	274	89	17461	319	0	18143
7552	230	75	611	17678	0	18594
7553	218	65	18588	569	0	19440
7554	224	82	502	18197	0	19005
7555	204	66	259	18498	0	19027
7556	18665	51	194	681	0	19591
7557	603	58	18134	314	0	19109
7558	18033	45	486	322	0	18886
7559	18446	76	248	235	0	19005
7560	830	83	17446	212	0	18571
7561	425	84	17107	200	0	17816
7562	297	874	471	15667	0	17309
7563	264	15683	231	429	0	16607
7564	245	16186	170	335	0	16936
7565	298	359	68	15056	0	15781
7566	146	121	97	14800	0	15164
7567	155	67	120	15085	0	15427
7568	164	28	100	15243	0	15535
7569	14622	28	76	518	0	15244
7570	361	56	119	14739	0	15275
7571	214	43	14248	430	0	14935
7572	175	37	309	14161	0	14682
7573	153	13528	166	427	0	14274
7574	177	262	195	14152	0	14786
7575	14041	68	196	455	0	14760
7576	351	53	190	14101	0	14695
7577	160	50	13848	465	0	14523
7578	140	13300	398	292	0	14130
7579	131	281	177	14443	0	15032
7580	14262	103	124	452	0	14941
7581	14363	57	167	212	0	14799
7582	547	46	107	14317	0	15017
7583	299	41	13285	355	0	13980
7584	227	44	12536	130	0	12937
7585	12779	48	415	125	0	13367
7586	348	67	13236	137	0	13788
7587	121	113	12847	98	0	13179
7588	148	86	281	11640	0	12155
7589	12885	50	174	273	0	13382
7590	12685	11	57	163	0	12916
7591	12720	13	47	148	0	12928
7592	280	12	13555	133	0	13980
7593	130	23	13447	96	0	13696
7594	106	13681	285	87	0	14159
7595	64	185	119	14276	0	14644
7596	55	61	105	14470	0	14691
7597	70	55	61	13799	0	13985
7598	70	54	31	14519	0	14674
7599	101	30	14210	323	0	14664
7600	95	13746	234	166	0	14241
7601	14889	214	113	122	0	15338
7602	15980	90	111	95	0	16276
7603	16504	83	75	97	0	16759
7604	576	16153	59	146	0	16934
7605	276	400	68	16656	0	17400
7606	18087	103	112	501	0	18803
7607	514	19088	179	236	0	20017
7608	19219	518	162	150	0	20049
7609	606	18825	138	123	0	19692
7610	19035	563	103	161	0	19862
7611	19174	158	129	169	0	19630
7612	691	115	98	19044	0	19948
7613	395	88	65	20254	0	20802
7614	413	127	19599	699	0	20838
7615	416	109	19513	277	0	20315
7616	20017	82	743	160	0	21002
7617	20864	94	448	114	0	21520
7618	780	199	251	20251	0	21481
7619	332	233	82	21022	0	21669
7620	247	87	20042	1063	0	21439
7621	211	76	566	20564	0	21417
7622	162	141	20163	984	0	21450
7623	208	90	720	20298	0	21316
7624	203	190	350	21143	0	21886
7625	20598	190	168	840	0	21796
7626	20191	77	93	403	0	20764
7627	1018	80	114	19712	0	20924
7628	521	142	110	20348	0	21121
7629	275	234	19288	945	0	20742
7630	314	78	630	19821	0	20843
7631	364	173	19393	844	0	20774
7632	19246	203	679	385	0	20513
7633	822	144	264	19895	0	21125
7634	19447	168	202	815	0	20632
7635	977	18821	165	454	0	20417
7636	19965	557	179	450	0	21151
7637	769	187	199	19886	0	21041
7638	353	106	245	19952	0	20656
7639	329	19118	350	891	0	20688
7640	361	573	272	20042	0	21248
7641	483	199	19445	951	0	21078
7642	312	120	669	20074	0	21175
7643	194	75	19289	1173	0	20731
7644	145	17934	820	795	0	19694
7645	146	511	430	19211	0	20298
7646	174	176	18783	880	0	20013
7647	227	133	18399	592	0	19351
7648	208	208	670	18385	0	19471
7649	18223	79	297	787	0	19386
7650	770	100	17506	396	0	18772
7651	388	46	574	17374	0	18382
7652	17792	57	240	932	0	19021
7653	570	16712	287	524	0	18093
7654	18022	548	215	388	0	19173
7655	640	190	231	18390	0	19451
7656	375	126	257	18635	0	19393
7657	297	133	142	19101	0	19673
7658	18282	94	142	1009	0	19527
7659	669	172	138	18417	0	19396
7660	335	146	153	18945	0	19579
7661	18034	87	199	930	0	19250
7662	636	80	17343	653	0	18712
7663	302	129	576	17919	0	18926
7664	253	156	17430	842	0	18681
7665	16937	78	766	501	0	18282
7666	646	105	348	18041	0	19140
7667	360	94	17765	817	0	19036
7668	16860	186	689	399	0	18134
7669	17539	164	286	424	0	18413
7670	782	89	18738	435	0	20044
7671	402	79	685	18411	0	19577
7672	288	60	385	19448	0	20181
7673	294	70	19271	1010	0	20645
7674	296	19031	635	545	0	20507
7675	201	520	20101	459	0	21281
7676	19266	176	682	380	0	20504
7677	699	192	21412	330	0	22633
7678	20140	159	662	340	0	21301
7679	822	76	21147	336	0	22381
7680	20499	33	673	419	0	21624
7681	655	21169	316	487	0	22627
7682	376	476	269	21397	0	22518
7683	388	165	169	22314	0	23036
7684	246	114	21455	964	0	22779
7685	248	66	590	20603	0	21507
7686	245	20765	356	759	0	22125
7687	20880	487	305	435	0	22107
7688	524	20552	299	443	0	21818
7689	224	499	136	21597	0	22456
7690	21556	150	130	675	0	22511
7691	589	21470	147	337	0	22543
7692	21413	566	131	244	0	22354
7693	729	185	21328	208	0	22450
7694	290	124	594	21379	0	22387
7695	224	53	278	21732	0	22287
7696	173	77	185	22602	0	23037
7697	22092	65	177	886	0	23220
7698	22543	69	142	358	0	23112
7699	22255	59	142	237	0	22693
7700	22361	62	152	195	0	22770
7701	841	64	20699	377	0	21981
7702	18289	39	407	130	0	18865
7703	551	18206	172	120	0	19049
7704	184	18244	130	106	0	18664
7705	18717	453	501	301	0	19972
7706	18254	111	226	48	0	18639
7707	357	53	33	16679	0	17122
7708	17160	20	45	270	0	17495
7709	16600	31	33	92	0	16756
7710	18223	20	39	67	0	18349
7711	404	22	39	18252	0	18717
7712	134	17875	32	316	0	18357
7713	66	18205	31	85	0	18387
7714	43	330	23	18683	0	19079
7715	18170	83	15	293	0	18561
7716	278	17879	10	84	0	18251
7717	70	281	12	18191	0	18554
7718	67	61	17893	290	0	18311
7719	15966	41	263	75	0	16345
7720	314	17629	62	45	0	18050
7721	69	17883	39	22	0	18013
7722	18154	314	10	22	0	18500
7723	310	81	18782	29	0	19202
7724	83	37	247	18276	0	18643
7725	53	18639	60	253	0	19005
7726	44	280	21	19302	0	19647
7727	47	60	10	19203	0	19320
7728	44	18172	141	320	0	18677
7729	39	281	11	20012	0	20343
7730	38	97	11	20153	0	20299
7731	20127	49	9	340	0	20525
7732	290	19252	12	277	0	19831
7733	19971	295	4	47	0	20317
7734	316	84	8	19602	0	20010
7735	78	20731	37	300	0	21146
7736	100	283	20806	76	0	21265
7737	51	129	260	20742	0	21182
7738	41	57	47	21818	0	21963
7739	36	53	21884	350	0	22323
7740	20739	49	286	103	0	21177
7741	318	44	72	25428	0	25862
7742	25539	40	33	551	0	26163
7743	553	53	24880	168	0	25654
7744	164	46	494	25307	0	26011
7745	133	49	26322	579	0	27083
7746	63	54	582	26482	0	27181
7747	55	53	169	27550	0	27827
7748	27297	43	124	743	0	28207
7749	554	26511	55	329	0	27449
7750	27688	578	23	193	0	28482
7751	698	215	26983	107	0	28003
7752	238	128	541	26718	0	27625
7753	151	86	28100	601	0	28938
7754	24408	47	655	233	0	25343
7755	27674	35	210	174	0	28093
7756	764	57	27491	104	0	28416
7757	27218	29	592	77	0	27916
7758	28621	47	214	83	0	28965
7759	786	42	129	28007	0	28964
7760	347	51	27542	638	0	28578
7761	207	79	28623	263	0	29172
7762	127	48	736	28973	0	29884
7763	111	46	310	28744	0	29211
7764	132	27635	222	847	0	28836
7765	124	29628	130	388	0	30270
7766	29715	750	102	250	0	30817
7767	686	323	107	29557	0	30673
7768	277	28869	115	694	0	29955
7769	218	30338	97	323	0	30976
7770	27858	757	91	219	0	28925
7771	701	344	86	28741	0	29872
7772	308	28710	117	695	0	29830
7773	260	623	124	28837	0	29844
7774	168	241	108	28609	0	29126
7775	181	154	115	28536	0	28986
7776	27842	114	98	988	0	29042
7777	723	26656	118	456	0	27953
7778	364	624	131	27133	0	28252
7779	284	248	114	27483	0	28129
7780	203	194	107	27784	0	28288
7781	153	136	25915	1007	0	27211
7782	24665	93	667	488	0	25913
7783	706	101	302	26724	0	27833
7784	26299	95	191	825	0	27410
7785	26348	106	145	382	0	26981
7786	26484	138	109	304	0	27035
7787	1009	144	25559	233	0	26945
7788	446	24710	674	224	0	26054
7789	268	594	233	24998	0	26093
7790	188	277	24680	696	0	25841
7791	167	226	23597	341	0	24331
7792	164	207	639	22833	0	23843
7793	154	22520	336	616	0	23626
7794	23448	555	197	337	0	24537
7795	23494	250	133	347	0	24224
7796	23755	192	106	296	0	24349
7797	23680	132	109	287	0	24208
7798	889	113	22665	256	0	23923
7799	22621	113	527	240	0	23501
7800	722	23228	251	248	0	24449
7801	352	524	174	23938	0	24988
7802	285	242	146	24524	0	25197
7803	24116	164	156	835	0	25271
7804	679	97	120	24010	0	24906
7805	381	76	22864	793	0	24114
7806	22057	64	554	393	0	23068
7807	23018	87	277	286	0	23668
7808	22851	72	233	226	0	23382
7809	938	92	21921	192	0	23143
7810	20354	86	516	198	0	21154
7811	677	20110	306	230	0	21323
7812	20508	425	285	177	0	21395
7813	605	221	178	20191	0	21195
7814	313	184	131	20056	0	20684
7815	263	19515	129	643	0	20550
7816	228	457	97	20018	0	20800
7817	208	19463	97	626	0	20394
7818	233	541	80	19624	0	20478
7819	207	18837	104	542	0	19690
7820	214	513	95	19324	0	20146
7821	203	19046	93	579	0	19921
7822	203	534	74	20600	0	21411
7823	160	20040	107	631	0	20938
7824	22356	546	66	358	0	23326
7825	723	237	78	22989	0	24027
7826	351	179	79	23411	0	24020
7827	308	119	83	25773	0	26283
7828	258	102	78	26950	0	27388
7829	217	123	25552	1328	0	27220
7830	192	93	820	26680	0	27785
7831	213	103	318	27610	0	28244
7832	26641	101	185	1266	0	28193
7833	26201	103	123	597	0	27024
7834	1168	26261	88	405	0	27922
7835	575	842	69	25602	0	27088
7836	371	352	84	28625	0	29432
7837	28889	225	107	1492	0	30713
7838	1300	216	26593	674	0	28783
7839	26950	157	1032	406	0	28545
7840	1336	27594	386	304	0	29620
7841	24942	892	125	128	0	26087
7842	24654	309	72	122	0	25157
7843	1169	23730	76	149	0	25124
7844	431	24781	59	136	0	25407
7845	218	1258	43	23391	0	24910
7846	142	354	22485	922	0	23903
7847	22643	128	829	316	0	23916
7848	926	104	22703	164	0	23897
7849	22608	78	888	103	0	23677
7850	1004	78	22211	110	0	23403
7851	350	22068	907	102	0	23427
7852	190	852	264	22800	0	24106
7853	21351	264	147	915	0	22677
7854	22428	134	85	324	0	22971
7855	1125	80	92	22158	0	23455
7856	22604	73	82	928	0	23687
7857	22868	67	66	340	0	23341
7858	1250	22075	72	185	0	23582
7859	22595	899	49	134	0	23677
7860	1102	22120	84	142	0	23448
7861	459	904	49	21835	0	23247
7862	21654	336	57	969	0	23016
7863	22508	166	51	347	0	23072
7864	22934	112	58	165	0	23269
7865	1394	140	21063	128	0	22725
7866	553	155	21499	119	0	22326
7867	320	119	1131	21132	0	22702
7868	232	120	387	22216	0	22955
7869	237	23342	176	1238	0	24993
7870	23752	1064	138	454	0	25408
7871	1267	401	95	23772	0	25535
7872	541	191	112	24863	0	25707
7873	329	148	23246	1493	0	25216
7874	248	23078	1050	599	0	24975
7875	236	24619	392	351	0	25598
7876	270	1421	154	24510	0	26355
7877	23986	565	107	1243	0	25901
7878	1262	289	111	23985	0	25647
7879	588	182	94	25490	0	26354
7880	24341	206	131	1607	0	26285
7881	25237	173	128	738	0	26276
7882	1653	187	112	24809	0	26761
7883	781	185	23696	1375	0	26037
7884	461	140	1094	24910	0	26605
7885	379	110	475	25998	0	26962
7886	24721	128	247	1805	0	26901
7887	1328	106	144	25558	0	27136
7888	25483	118	146	1561	0	27308
7889	1507	177	24646	786	0	27116
7890	714	155	1158	25780	0	27807
7891	419	149	481	26928	0	27977
7892	321	149	246	27658	0	28374
7893	372	158	191	27075	0	27796
7894	364	188	157	27544	0	28253
7895	347	229	24993	2025	0	27594
7896	25295	150	1188	979	0	27612
7897	1420	130	521	26208	0	28279
7898	699	141	24851	1725	0	27416
7899	399	169	25676	961	0	27205
7900	414	146	1525	25396	0	27481
7901	25407	159	570	1646	0	27782
7902	25867	150	331	945	0	27293
7903	26667	140	348	558	0	27713
7904	1964	147	244	23836	0	26191
7905	858	24306	260	1517	0	26941
7906	25586	1163	284	777	0	27810
7907	26600	493	264	594	0	27951
7908	26890	293	190	533	0	27906
7909	26981	212	252	497	0	27942
7910	2069	197	174	25616	0	28056
7911	1025	150	24416	1655	0	27246
7912	666	187	1188	25649	0	27690
7913	563	201	24842	1751	0	27357
7914	25433	137	1314	923	0	27807
7915	26706	105	649	608	0	28068
7916	1989	117	24916	558	0	27580
7917	25575	98	1304	655	0	27632
7918	27173	71	671	564	0	28479
7919	1990	123	428	25069	0	27610
7920	1006	25283	314	1560	0	28163
7921	26304	1165	327	781	0	28577
7922	1726	972	233	23377	0	26308
7923	1024	23014	205	1380	0	25623
7924	592	1161	179	22199	0	24131
7925	561	486	20870	1304	0	23221
7926	567	21471	978	789	0	23805
7927	19010	926	741	774	0	21451
7928	18929	399	246	329	0	19903
7929	18547	153	168	341	0	19209
7930	18753	133	201	373	0	19460
7931	1275	348	198	16996	0	18817
7932	674	17242	215	948	0	19079
7933	17398	705	240	483	0	18826
7934	1143	354	16809	327	0	18633
7935	733	15692	726	218	0	17369
7936	434	475	14358	308	0	15575
7937	361	281	455	12612	0	13709
7938	330	12589	247	510	0	13676
7939	230	433	165	13771	0	14599
7940	285	328	14049	519	0	15181
7941	341	124	418	13864	0	14747
7942	265	142	275	14433	0	15115
7943	241	176	154	15111	0	15682
7944	14267	93	138	744	0	15242
7945	534	13932	159	500	0	15125
7946	322	458	133	14590	0	15503
7947	14087	223	112	603	0	15025
7948	589	14065	142	430	0	15226
7949	14590	429	111	299	0	15429
7950	664	248	14242	241	0	15395
7951	427	126	446	14038	0	15037
7952	324	14378	240	473	0	15415
7953	14835	453	159	295	0	15742
7954	634	243	13924	227	0	15028
7955	419	13084	464	184	0	14151
7956	242	384	196	13363	0	14185
7957	197	235	123	13550	0	14105
7958	13216	129	122	548	0	14015
7959	421	106	108	13238	0	13873
7960	295	126	12715	462	0	13598
7961	223	106	311	12359	0	12999
7962	219	98	12738	444	0	13499
7963	231	91	459	11646	0	12427
7964	201	12600	208	408	0	13417
7965	12620	336	107	252	0	13315
7966	12199	190	82	198	0	12669
7967	535	11605	110	142	0	12392
7968	186	10668	76	103	0	11033
7969	132	171	71	10028	0	10402
7970	9892	76	40	166	0	10174
7971	195	54	24	9607	0	9880
7972	9775	54	38	149	0	10016
7973	156	9031	36	95	0	9318
7974	104	135	29	9491	0	9759
7975	90	76	9391	161	0	9718
7976	85	113	121	9145	0	9464
7977	72	53	58	9631	0	9814
7978	10000	38	55	189	0	10282
7979	137	10123	40	126	0	10426
7980	77	214	41	10493	0	10825
7981	10550	57	43	158	0	10808
7982	142	45	10243	73	0	10503
7983	10001	33	113	63	0	10210
7984	159	37	50	10469	0	10715
7985	91	10618	38	120	0	10867
7986	11274	114	39	62	0	11489
7987	138	71	11398	58	0	11665
7988	73	50	10953	48	0	11124
7989	44	10494	142	50	0	10730
7990	10861	70	20	16	0	10967
7991	75	37	101	10582	0	10795
7992	33	16	10	10774	0	10833
7993	11106	18	18	130	0	11272
7994	110	19	10996	59	0	11184
7995	45	13	115	10986	0	11159
7996	37	17	11909	125	0	12088
7997	27	17	121	11714	0	11879
7998	21	11569	56	211	0	11857
7999	29	140	18	12438	0	12625
8000	22	57	12048	171	0	12298
8001	11782	17	137	64	0	12000
8002	152	14	47	12523	0	12736
8003	64	19	12553	163	0	12799
8004	37	15	152	11883	0	12087
8005	20	10	60	13009	0	13099
8006	21	13	12514	196	0	12744
8007	22	24	12727	77	0	12850
8008	18	13	217	12962	0	13210
8009	23	13	13186	182	0	13404
8010	12681	13	184	81	0	12959
8011	164	13	65	13463	0	13705
8012	13551	11	48	185	0	13795
8013	183	14	13086	86	0	13369
8014	75	12	277	13200	0	13564
8015	38	15	15381	194	0	15628
8016	25	14336	213	110	0	14684
8017	42	154	15368	66	0	15630
8018	24	71	14663	53	0	14811
8019	14354	25	252	34	0	14665
8020	15243	14	88	52	0	15397
8021	226	15	15690	32	0	15963
8022	100	17	191	13993	0	14301
8023	39	8	80	16104	0	16231
8024	51	19	16294	217	0	16581
8025	22	15146	209	110	0	15487
8026	15547	159	93	63	0	15862
8027	203	57	16024	132	0	16416
8028	83	31	195	15807	0	16116
8029	45	11	84	16469	0	16609
8030	16973	5	58	225	0	17261
8031	16992	18	49	102	0	17161
8032	16908	13	33	71	0	17025
8033	17171	10	54	42	0	17277
8034	242	19	41	17013	0	17315
8035	107	17	17902	207	0	18233
8036	52	18	200	17806	0	18076
8037	45	28	90	18408	0	18571
8038	48	13	58	18930	0	19049
8039	39	10	18245	279	0	18573
8040	16626	15	200	105	0	16946
8041	226	8	83	18135	0	18452
8042	99	15	18407	243	0	18764
8043	54	18436	220	111	0	18821
8044	50	185	82	19545	0	19862
8045	35	66	64	19939	0	20104
8046	19768	32	37	292	0	20129
8047	222	19976	36	152	0	20386
8048	91	201	20228	73	0	20593
8049	50	76	220	19938	0	20284
8050	45	25	78	20559	0	20707
8051	20375	16	60	293	0	20744
8052	19916	10	50	115	0	20091
8053	284	17	27	20744	0	21072
8054	20868	8	45	259	0	21180
8055	252	19974	57	133	0	20416
8056	116	213	22253	81	0	22663
8057	65	67	226	21904	0	22262
8058	55	34	96	23394	0	23579
8059	37	27	56	23421	0	23541
8060	41	19	52	23214	0	23326
8061	44	22580	39	352	0	23015
8062	23038	202	47	157	0	23444
8063	239	80	41	23040	0	23400
8064	114	24434	58	259	0	24865
8065	26029	209	33	136	0	26407
8066	25396	72	49	82	0	25599
8067	292	25708	52	83	0	26135
8068	119	218	39	27846	0	28222
8069	70	195	35	28036	0	28336
8070	58	50	32	27539	0	27679
8071	60	38	29	28030	0	28157
8072	28289	19	38	356	0	28702
8073	28408	31	31	171	0	28641
8074	410	28578	51	125	0	29164
8075	178	365	28928	76	0	29547
8076	71	119	369	29163	0	29722
8077	30173	46	118	416	0	30753
8078	420	28162	62	204	0	28848
8079	139	28143	48	105	0	28435
8080	29818	483	33	91	0	30425
8081	29654	144	34	85	0	29917
8082	563	77	22	29270	0	29932
8083	203	58	29454	488	0	30203
8084	111	131	29234	210	0	29686
8085	32353	43	641	93	0	33130
8086	34030	33	188	84	0	34335
8087	33563	32	75	80	0	33750
8088	33511	39	43	86	0	33679
8089	33748	34	38	71	0	33891
8090	625	32494	60	86	0	33265
8091	215	481	35	33860	0	34591
8092	110	34881	34	478	0	35503
8093	36644	507	21	152	0	37324
8094	36098	123	24	89	0	36334
8095	35967	58	36	74	0	36135
8096	36108	42	28	48	0	36226
8097	539	34562	45	69	0	35215
8098	35691	341	20	57	0	36109
8099	386	34392	41	51	0	34870
8100	178	436	21	35562	0	36197
8101	35579	102	21	357	0	36059
8102	403	77	35280	263	0	36023
8103	147	49	318	35003	0	35517
8104	81	42	92	37136	0	37351
8105	97	38	36791	439	0	37365
8106	60	35254	350	194	0	35858
8107	36977	334	103	75	0	37489
8108	36249	112	43	62	0	36466
8109	438	35471	43	77	0	36029
8110	170	346	25	36474	0	37015
8111	180	129	37154	352	0	37815
8112	81	37407	354	149	0	37991
8113	38690	347	102	63	0	39202
8114	386	134	38625	55	0	39200
8115	32589	82	347	70	0	33088
8116	36516	48	94	55	0	36713
8117	479	52	39607	51	0	40189
8118	168	38582	376	71	0	39197
8119	108	352	89	40753	0	41302
8120	109	121	41004	349	0	41583
8121	37129	70	362	128	0	37689
8122	40585	45	97	66	0	40793
8123	462	40099	78	75	0	40714
8124	172	337	37	41120	0	41666
8125	99	128	27	41919	0	42173
8126	120	54	41923	408	0	42505
8127	85	40705	332	164	0	41286
8128	45519	342	88	69	0	46018
8129	45396	122	49	62	0	45629
8130	46082	62	33	52	0	46229
8131	475	61	45182	53	0	45771
8132	43500	46	333	57	0	43936
8133	46165	55	102	36	0	46358
8134	449	57	43	46232	0	46781
8135	189	61	45357	333	0	45940
8136	124	128	305	44047	0	44604
8137	134	52	45435	329	0	45950
8138	120	38	300	43942	0	44400
8139	88	43517	133	338	0	44076
8140	63	47025	71	142	0	47301
8141	79	376	76	48564	0	49095
8142	83	136	42	46936	0	47197
8143	47294	72	38	408	0	47812
8144	395	88	46843	129	0	47455
8145	44589	46	308	78	0	45021
8146	352	45725	148	75	0	46300
8147	47955	319	51	46	0	48371
8148	47809	115	47	48	0	48019
8149	450	69	42	47193	0	47754
8150	218	71	49826	331	0	50446
8151	136	42	324	49557	0	50059
8152	100	51358	237	347	0	52042
8153	92	434	52	53559	0	54137
8154	77	180	48	53769	0	54074
8155	53532	99	39	605	0	54275
8156	487	63	38	51506	0	52094
8157	223	49195	87	532	0	50037
8158	142	432	30	52140	0	52744
8159	52326	168	30	518	0	53042
8160	505	51329	74	249	0	52157
8161	208	499	29	54355	0	55091
8162	117	194	40	54770	0	55121
8163	108	94	40	55903	0	56145
8164	91	69	32	54352	0	54544
8165	54591	46	42	853	0	55532
8166	672	47	44	55113	0	55876
8167	240	61	35	56281	0	56617
8168	132	57	30	56412	0	56631
8169	83	54512	65	1053	0	55713
8170	55796	790	54	385	0	57025
8171	924	267	55065	189	0	56445
8172	261	52426	770	166	0	53623
8173	53374	683	194	87	0	54338
8174	752	225	54256	73	0	55306
8175	216	52200	688	106	0	53210
8176	128	832	237	53643	0	54840
8177	63	53145	147	648	0	54003
8178	63	723	53067	176	0	54029
8179	85	267	53126	123	0	53601
8180	35	51377	804	188	0	52404
8181	55100	644	221	70	0	56035
8182	54883	179	120	71	0	55253
8183	758	146	52542	54	0	53500
8184	256	122	47930	47	0	48355
8185	164	88	50606	58	0	50916
8186	74	38	799	49474	0	50385
8187	45	51	271	50034	0	50401
8188	51	34	125	52266	0	52476
8189	61	55	52984	875	0	53975
8190	45	67	697	50601	0	51410
8191	53	38	188	52548	0	52827
8192	68	80	50727	859	0	51734
8193	46243	69	702	356	0	47370
8194	691	43	223	52508	0	53465
8195	240	60	139	51990	0	52429
8196	139	51500	117	869	0	52625
8197	53557	668	143	313	0	54681
8198	764	265	52311	181	0	53521
8199	52077	131	708	131	0	53047
8200	808	94	266	53190	0	54358
8201	329	106	54115	766	0	55316
8202	180	78	738	53292	0	54288
8203	54288	66	279	881	0	55514
8204	785	86	53457	320	0	54648
8205	52531	55	794	230	0	53610
8206	54407	67	303	182	0	54959
8207	55271	49	202	158	0	55680
8208	1043	52461	179	223	0	53906
8209	417	728	98	55924	0	57167
8210	56581	236	131	825	0	57773
8211	55826	151	134	318	0	56429
8212	56857	98	107	242	0	57304
8213	1251	122	54253	187	0	55813
8214	56086	86	877	170	0	57219
8215	1167	55	340	60524	0	62086
8216	476	96	59660	1288	0	61520
8217	307	164	1209	62167	0	63847
8218	214	67	407	63920	0	64608
8219	215	95	63491	1968	0	65769
8220	182	71	1553	64442	0	66248
8221	165	85	564	68420	0	69234
8222	175	126	76172	2311	0	78784
8223	79465	60	2297	1048	0	82870
8224	89126	68	937	612	0	90743
8225	3737	66	731	91588	0	96122
8226	1751	140	88304	3371	0	93566
8227	1215	82	3211	87838	0	92346
8228	881	86755	1156	3848	0	92640
8229	834	3065	876	88063	0	92838
8230	580	965	572	92243	0	94360
8231	88824	731	568	4945	0	95068
8232	88569	426	538	2486	0	92019
8233	91450	419	412	1832	0	94113
8234	4912	389	354	88495	0	94150
8235	2268	271	293	92505	0	95337
8236	1820	339	84022	5042	0	91223
8237	1407	222	3071	85514	0	90214
8238	1213	85698	1149	4629	0	92689
8239	87437	3145	948	2147	0	93677
8240	3781	85021	663	2398	0	91863
8241	87271	3815	666	1436	0	93188
8242	4335	1413	635	81266	0	87649
8243	1870	84252	543	3862	0	90527
8244	85517	3773	486	1826	0	91602
8245	85955	1641	450	1583	0	89629
8246	4994	1273	444	84173	0	90884
8247	2541	84398	447	4241	0	91627
8248	1888	3762	400	86471	0	92521
8249	1562	1568	81604	4822	0	89556
8250	80308	1147	3201	2304	0	86960
8251	4271	81312	1235	1994	0	88812
8252	80993	3598	924	1512	0	87027
8253	4535	1557	697	80713	0	87502
8254	82450	1189	695	4322	0	88656
8255	4875	873	81672	2062	0	89482
8256	85628	799	3616	1751	0	91794
8257	88996	742	1388	1406	0	92532
8258	6145	694	84008	1316	0	92163
8259	3450	561	3911	84043	0	91965
8260	2687	603	1699	87717	0	92706
8261	82994	498	1401	5666	0	90559
8262	4902	81177	1125	3080	0	90284
8263	2468	3859	955	83001	0	90283
8264	2164	1602	79720	5140	0	88626
8265	1859	1267	78690	2784	0	84600
8266	1680	77443	4337	2651	0	86111
8267	1743	3899	77896	1924	0	85462
8268	75807	1679	4652	1770	0	83908
8269	4407	1267	2210	75606	0	83490
8270	77644	904	1863	4343	0	84754
8271	4917	1083	75126	2181	0	83307
8272	2489	919	4219	75798	0	83425
8273	2091	832	1930	79475	0	84328
8274	2034	845	74109	5313	0	82301
8275	1857	847	4010	76998	0	83712
8276	74957	863	1827	5395	0	83042
8277	77929	704	1694	2832	0	83159
8278	5355	577	1351	76499	0	83782
8279	76319	778	1168	5056	0	83321
8280	77325	622	1232	2855	0	82034
8281	6206	72394	926	2502	0	82028
8282	3591	3515	921	75385	0	83412
8283	75866	1445	832	4870	0	83013
8284	5312	1277	1017	75838	0	83444
8285	73743	863	1024	5368	0	80998
8286	5585	979	842	73773	0	81179
8287	3060	908	71445	5482	0	80895
8288	2791	72427	3726	3197	0	82141
8289	2428	3705	1797	62870	0	70800
8290	2542	71617	1416	4543	0	80118
8291	70133	4228	1366	2684	0	78411
8292	4759	69669	1348	2449	0	78225
8293	2692	71869	1185	2062	0	77808
8294	2338	5101	1157	70235	0	78831
8295	69623	2674	909	5069	0	78275
8296	4847	2078	908	70033	0	77866
8297	69334	1536	761	5634	0	77265
8298	69779	1577	830	2965	0	75151
8299	5597	68067	818	2833	0	77315
8300	70670	4046	1002	2190	0	77908
8301	71632	2065	1063	1915	0	76675
8302	72399	1646	952	1863	0	76860
8303	6905	1360	64151	1677	0	74093
8304	4267	1129	3617	65075	0	74088
8305	3507	1135	1616	68755	0	75013
8306	2837	1135	63076	5525	0	72573
8307	65432	936	3968	3205	0	73541
8308	69399	849	1926	2617	0	74791
8309	69020	734	1605	2488	0	73847
8310	67317	809	1233	2109	0	71468
8311	6754	62594	1086	2215	0	72649
8312	64321	3622	872	1748	0	70563
8313	6482	1613	750	62155	0	71000
8314	4087	1361	56532	4275	0	66255
8315	56963	953	2852	2131	0	62899
8316	5374	56221	1361	1934	0	64890
8317	51401	3128	951	1520	0	57000
8318	4773	50210	725	1752	0	57460
8319	2906	48626	839	1484	0	53855
8320	2493	47711	826	1373	0	52403
8321	2324	47802	1191	1225	0	52542
8322	1881	2983	33399	1282	0	39545
8323	1398	3338	1636	26448	0	32820
8324	820	638	23020	1410	0	25888
8325	18540	491	940	542	0	20513
8326	1060	18879	436	631	0	21006
8327	557	19798	383	547	0	21285
8328	561	1088	300	18333	0	20282
8329	540	706	206	19075	0	20527
8330	557	569	17703	1084	0	19913
8331	501	537	18073	536	0	19647
8332	445	614	932	18249	0	20240
8333	419	511	17845	977	0	19752
8334	488	17712	849	521	0	19570
8335	572	871	440	18041	0	19924
8336	469	477	323	19821	0	21090
8337	611	272	18680	1150	0	20713
8338	622	259	819	19074	0	20774
8339	18945	307	421	1041	0	20714
8340	1098	361	345	18680	0	20484
8341	570	308	257	19166	0	20301
8342	411	218	17600	1483	0	19712
8343	17326	187	909	777	0	19199
8344	1055	17901	589	534	0	20079
8345	712	775	312	18627	0	20426
8346	690	359	17902	972	0	19923
8347	613	375	773	18157	0	19918
8348	18146	375	315	1002	0	19838
8349	1149	355	17714	598	0	19816
8350	643	255	833	18311	0	20042
8351	425	188	17841	1153	0	19607
8352	519	17793	913	612	0	19837
8353	640	847	17686	470	0	19643
8354	362	17321	892	491	0	19066
8355	193	687	13929	144	0	14953
8356	128	450	418	11485	0	12481
8357	100	12281	210	307	0	12898
8358	11597	307	86	153	0	12143
8359	301	146	54	11680	0	12181
8360	11888	109	68	286	0	12351
8361	343	101	42	12433	0	12919
8362	176	99	47	12978	0	13300
8363	13075	75	50	429	0	13629
8364	13650	53	47	217	0	13967
8365	483	48	68	14160	0	14759
8366	226	49	14226	443	0	14944
8367	170	13752	369	193	0	14484
8368	136	375	14132	105	0	14748
8369	121	14508	395	100	0	15124
8370	14730	378	140	230	0	15478
8371	433	140	14199	87	0	14859
8372	181	82	14627	88	0	14978
8373	93	83	477	13977	0	14630
8374	14644	45	328	416	0	15433
8375	396	59	15884	216	0	16555
8376	178	16302	439	99	0	17018
8377	17557	353	143	89	0	18142
8378	17828	143	93	73	0	18137
8379	18021	86	81	79	0	18267
8380	18234	79	70	78	0	18461
8381	18049	91	70	91	0	18301
8382	558	67	17325	90	0	18040
8383	219	124	366	16501	0	17210
8384	158	17297	185	327	0	17967
8385	17927	346	110	148	0	18531
8386	375	17781	110	88	0	18354
8387	16986	269	48	56	0	17359
8388	17004	94	57	51	0	17206
8389	344	16537	53	55	0	16989
8390	17168	260	40	52	0	17520
8391	321	93	52	16872	0	17338
8392	139	60	56	17312	0	17567
8393	108	47	16631	339	0	17125
8394	90	16692	278	133	0	17193
8395	80	266	108	17446	0	17900
8396	68	117	83	17568	0	17836
8397	85	64	64	17944	0	18157
8398	88	61	16932	364	0	17445
8399	15774	73	279	150	0	16276
8400	328	62	115	17650	0	18155
8401	17770	44	76	327	0	18217
8402	345	51	61	17918	0	18375
8403	167	48	18366	339	0	18920
8404	107	86	17779	161	0	18133
8405	17223	38	383	110	0	17754
8406	18672	55	145	95	0	18967
8407	392	17531	108	100	0	18131
8408	178	277	17411	80	0	17946
8409	120	124	284	17150	0	17678
8410	108	79	138	17435	0	17760
8411	18721	50	76	386	0	19233
8412	18500	51	82	177	0	18810
8413	19033	37	74	95	0	19239
8414	423	73	18295	85	0	18876
8415	18858	50	301	97	0	19306
8416	369	46	138	19323	0	19876
8417	172	68	86	19474	0	19800
8418	140	46	84	19837	0	20107
8419	119	19044	75	407	0	19645
8420	19348	293	58	189	0	19888
8421	378	116	84	18821	0	19399
8422	199	88	18443	358	0	19088
8423	141	46	337	18166	0	18690
8424	112	18230	163	340	0	18845
8425	18878	289	101	153	0	19421
8426	372	130	76	18612	0	19190
8427	198	91	62	18351	0	18702
8428	160	67	18017	426	0	18670
8429	140	71	297	17752	0	18260
8430	138	18121	143	392	0	18794
8431	144	305	80	18867	0	19396
8432	143	130	18410	583	0	19266
8433	17070	66	334	208	0	17678
8434	18406	83	152	118	0	18759
8435	407	18044	84	119	0	18654
8436	17833	239	69	76	0	18217
8437	18001	103	50	88	0	18242
8438	362	17483	73	129	0	18047
8439	152	264	56	18265	0	18737
8440	18875	86	58	304	0	19323
8441	304	19004	80	160	0	19548
8442	142	297	19240	89	0	19768
8443	19023	74	273	95	0	19465
8444	20276	70	93	80	0	20519
8445	20229	64	48	81	0	20422
8446	20217	46	48	130	0	20441
8447	407	20430	49	81	0	20967
8448	21695	264	47	84	0	22090
8449	21714	99	43	92	0	21948
8450	21529	52	53	94	0	21728
8451	430	47	40	21592	0	22109
8452	21183	57	52	358	0	21650
8453	374	21912	43	156	0	22485
8454	175	416	23176	79	0	23846
8455	123	100	441	24264	0	24928
8456	24758	55	130	548	0	25491
8457	561	82	24465	177	0	25285
8458	206	47	509	24681	0	25443
8459	127	55	24392	571	0	25145
8460	108	23895	536	236	0	24775
8461	89	466	128	24150	0	24833
8462	121	144	23737	529	0	24531
8463	64	23097	438	166	0	23765
8464	204	412	119	23341	0	24076
8465	24482	103	45	420	0	25050
8466	24253	32	49	130	0	24464
8467	24462	28	39	59	0	24588
8468	24365	30	26	57	0	24478
8469	24246	30	33	43	0	24352
8470	549	34	23874	46	0	24503
8471	24380	18	388	47	0	24833
8472	25131	32	120	49	0	25332
8473	527	35	40	24851	0	25453
8474	24932	29	52	436	0	25449
8475	23062	39	39	144	0	23284
8476	498	21676	61	72	0	22307
8477	175	390	34	23116	0	23715
8478	130	222	32	23612	0	23996
8479	23338	41	41	523	0	23943
8480	462	22529	56	162	0	23209
8481	176	23525	38	96	0	23835
8482	124	480	38	24300	0	24942
8483	90	143	41	24591	0	24865
8484	100	50	36	24182	0	24368
8485	83	52	31	24897	0	25063
8486	23992	44	20	651	0	24707
8487	23663	22	27	220	0	23932
8488	653	49	24050	101	0	24853
8489	229	64	457	22999	0	23749
8490	128	41	118	24611	0	24898
8491	116	50	23757	610	0	24533
8492	22387	39	470	197	0	23093
8493	525	23271	133	128	0	24057
8494	23881	458	51	84	0	24474
8495	561	135	33	23579	0	24308
8496	217	57	23531	525	0	24330
8497	133	36	433	23907	0	24509
8498	124	53	24823	542	0	25542
8499	109	24799	460	237	0	25605
8500	25036	491	225	183	0	25935
8501	25174	124	141	76	0	25515
8502	528	24800	57	113	0	25498
8503	188	444	39	24880	0	25551
8504	24731	123	51	483	0	25388
8505	479	24116	50	185	0	24830
8506	165	460	45	24944	0	25614
8507	25207	135	46	502	0	25890
8508	506	86	24357	181	0	25130
8509	23780	43	427	115	0	24365
8510	478	24057	157	112	0	24804
8511	25345	442	72	95	0	25954
8512	25197	142	58	83	0	25480
8513	605	80	24360	72	0	25117
8514	210	66	443	23040	0	23759
8515	125	66	128	24707	0	25026
8516	142	57	24169	573	0	24941
8517	127	244	439	22938	0	23748
8518	108	59	141	23713	0	24021
8519	24502	56	66	574	0	25198
8520	24650	42	56	199	0	24947
8521	592	45	61	24234	0	24932
8522	230	56	24454	478	0	25218
8523	144	46	410	24691	0	25291
8524	143	54	134	25306	0	25637
8525	133	66	25320	572	0	26091
8526	115	36	436	25395	0	25982
8527	25494	44	139	532	0	26209
8528	25442	55	66	224	0	25787
8529	552	24664	73	168	0	25457
8530	25808	416	59	132	0	26415
8531	25507	132	42	125	0	25806
8532	575	24833	58	125	0	25591
8533	25956	426	47	103	0	26532
8534	26111	130	52	120	0	26413
8535	27392	61	58	105	0	27616
8536	624	59	26136	128	0	26947
8537	26334	40	408	130	0	26912
8538	518	33	131	27193	0	27875
8539	27547	30	73	506	0	28156
8540	550	64	26007	191	0	26812
8541	215	24982	434	124	0	25755
8542	25994	420	117	100	0	26631
8543	489	25794	85	106	0	26474
8544	188	423	52	25784	0	26447
8545	127	140	41	26836	0	27144
8546	26803	85	44	545	0	27477
8547	25926	48	50	204	0	26228
8548	586	50	25188	127	0	25951
8549	197	107	23557	99	0	23960
8550	149	48	24467	91	0	24755
8551	114	166	476	24079	0	24835
8552	125	50	24744	440	0	25359
8553	218	281	22532	126	0	23157
8554	215	593	316	21091	0	22215
8555	23413	5	202	260	0	23880
8556	23130	12	50	80	0	23272
8557	23275	14	58	51	0	23398
8558	22782	18	42	49	0	22891
8559	297	16	35	22986	0	23334
8560	114	14	38	23191	0	23357
8561	72	28	24264	262	0	24626
8562	55	33	257	23357	0	23702
8563	68	26	102	24265	0	24461
8564	25420	24	60	352	0	25856
8565	24464	15	46	160	0	24685
8566	380	16	44	24191	0	24631
8567	24780	13	52	320	0	25165
8568	24995	12	57	142	0	25206
8569	414	17	65	24766	0	25262
8570	200	11	49	24409	0	24669
8571	120	35	23543	433	0	24131
8572	109	47	22849	193	0	23198
8573	86	27	393	23516	0	24022
8574	99	34	155	24469	0	24757
8575	100	34	24057	422	0	24613
8576	23022	23	314	214	0	23573
8577	23145	10	144	147	0	23446
8578	497	21	22801	109	0	23428
8579	234	21544	439	120	0	22337
8580	23687	230	139	76	0	24132
8581	365	93	26188	73	0	26719
8582	168	155	307	25333	0	25963
8583	112	28	151	26981	0	27272
8584	28304	16	107	394	0	28821
8585	30616	16	84	200	0	30916
8586	420	19	79	30368	0	30886
8587	220	18	64	31719	0	32021
8588	31514	11	71	430	0	32026
8589	31472	14	81	215	0	31782
8590	31198	21	64	154	0	31437
8591	542	31	31520	125	0	32218
8592	246	20	379	31509	0	32154
8593	157	19	167	32740	0	33083
8594	32629	9	136	528	0	33302
8595	421	31611	118	298	0	32448
8596	36981	324	91	178	0	37574
8597	793	36909	110	165	0	37977
8598	307	710	88	38621	0	39726
8599	235	174	90	39560	0	40059
8600	204	111	38207	1125	0	39647
8601	195	42	831	38438	0	39506
8602	162	71	38000	1078	0	39311
8603	148	40	908	38589	0	39685
8604	171	47	280	39062	0	39560
8605	168	36043	230	1323	0	37764
8606	159	38373	134	506	0	39172
8607	183	1020	121	38671	0	39995
8608	182	290	118	39751	0	40341
8609	189	140	105	40141	0	40575
8610	208	77	129	40789	0	41203
8611	183	74	113	41494	0	41864
8612	194	74	39759	1507	0	41534
8613	171	74	1001	39524	0	40770
8614	154	72	321	41456	0	42003
8615	183	87	38490	1475	0	40235
8616	149	37569	984	668	0	39370
8617	161	943	313	40119	0	41536
8618	201	312	38517	1242	0	40272
8619	151	37834	1026	600	0	39611
8620	179	972	339	40456	0	41946
8621	40920	293	202	1260	0	42675
8622	1072	178	152	40928	0	42330
8623	396	107	160	41288	0	41951
8624	237	120	123	42136	0	42616
8625	184	93	130	41002	0	41409
8626	179	38189	165	1611	0	40144
8627	159	999	131	41265	0	42554
8628	42119	324	132	1487	0	44062
8629	1076	193	135	42603	0	44007
8630	371	132	135	42834	0	43472
8631	237	113	170	44049	0	44569
8632	41687	120	144	1732	0	43683
8633	41797	122	164	834	0	42917
8634	1316	114	152	42679	0	44261
8635	40777	98	97	1397	0	42369
8636	40918	105	98	645	0	41766
8637	1270	39903	130	540	0	41843
8638	40510	1001	97	440	0	42048
8639	1055	39518	128	491	0	41192
8640	365	40081	185	408	0	41039
8641	235	1159	84	40922	0	42400
8642	185	408	40304	1285	0	42182
8643	159	222	916	39510	0	40807
8644	166	136	298	40838	0	41438
8645	136	39450	204	1436	0	41226
8646	40330	995	123	640	0	42088
8647	1013	355	106	40317	0	41791
8648	377	248	41541	1324	0	43490
8649	214	190	866	41483	0	42753
8650	156	41497	290	1264	0	43207
8651	42979	987	132	642	0	44740
8652	1010	335	104	43087	0	44536
8653	357	270	42346	1315	0	44288
8654	248	163	851	42940	0	44202
8655	191	40941	299	1321	0	42752
8656	167	999	169	43485	0	44820
8657	45198	370	107	1451	0	47126
8658	46714	239	135	742	0	47830
8659	47284	172	142	578	0	48176
8660	1566	46132	181	538	0	48417
8661	47154	1132	152	471	0	48909
8662	1370	418	123	47374	0	49285
8663	47291	282	117	1536	0	49226
8664	1405	46432	114	796	0	48747
8665	581	1335	98	48730	0	50744
8666	359	543	47890	1590	0	50382
8667	44619	329	1102	799	0	46849
8668	1229	48135	404	624	0	50392
8669	523	1309	280	49096	0	51208
8670	297	467	115	50809	0	51688
8671	237	287	115	49897	0	50536
8672	199	214	116	48509	0	49038
8673	212	47020	150	1947	0	49329
8674	49179	1274	123	911	0	51487
8675	49802	504	144	571	0	51021
8676	1687	347	47924	464	0	50422
8677	694	215	1151	48767	0	50827
8678	410	212	48142	1570	0	50334
8679	47628	197	1252	788	0	49865
8680	49208	202	423	556	0	50389
8681	46083	194	228	453	0	46958
8682	1815	200	111	43552	0	45678
8683	735	42664	134	1500	0	45033
8684	43873	1223	107	668	0	45871
8685	1408	507	88	42214	0	44217
8686	41995	303	137	1507	0	43942
8687	1541	219	39326	700	0	41786
8688	681	209	38983	453	0	40326
8689	40302	133	1296	386	0	42117
8690	1350	138	483	40707	0	42678
8691	39737	183	197	1366	0	41483
8692	1437	38364	141	662	0	40604
8693	40379	1185	120	437	0	42121
8694	41104	444	91	338	0	41977
8695	1698	348	39510	320	0	41876
8696	598	165	34106	184	0	35053
8697	338	32885	1058	344	0	34625
8698	630	818	357	33703	0	35508
8699	34246	281	357	720	0	35604
8700	732	151	91	33854	0	34828
8701	416	107	74	35063	0	35660
8702	318	117	33071	898	0	34404
8703	32343	117	548	423	0	33431
8704	737	114	251	34791	0	35893
8705	443	108	33831	703	0	35085
8706	309	135	33102	376	0	33922
8707	218	102	789	34028	0	35137
8708	267	107	34198	713	0	35285
8709	285	108	33738	370	0	34501
8710	219	92	742	30969	0	32022
8711	250	105	34351	629	0	35335
8712	203	114	614	32887	0	33818
8713	181	31984	321	698	0	33184
8714	34589	544	172	476	0	35781
8715	650	33994	164	424	0	35232
8716	331	690	129	34783	0	35933
8717	248	34854	158	770	0	36030
8718	224	743	36591	339	0	37897
8719	203	304	753	44104	0	45364
8720	239	209	51883	1391	0	53722
8721	51867	112	1649	628	0	54256
8722	1806	53937	708	355	0	56806
8723	56100	1763	365	203	0	58431
8724	2135	706	204	55229	0	58274
8725	56299	387	190	1885	0	58761
8726	2291	288	53323	805	0	56707
8727	992	54007	1787	481	0	57267
8728	54635	1849	705	356	0	57545
8729	2115	759	440	50261	0	53575
8730	925	52908	365	1824	0	56022
8731	555	1927	230	55189	0	57901
8732	54356	794	447	2182	0	57779
8733	2065	58103	253	1226	0	61647
8734	60707	2391	189	593	0	63880
8735	2773	980	57273	380	0	61406
8736	57412	532	2312	308	0	60564
8737	2878	326	839	59046	0	63089
8738	58454	259	506	2462	0	61681
8739	2688	57390	423	1000	0	61501
8740	1156	2346	313	59001	0	62816
8741	716	916	249	61483	0	63364
8742	564	584	55830	3263	0	60241
8743	489	361	2247	57316	0	60413
8744	412	303	878	59913	0	61506
8745	439	267	521	59877	0	61104
8746	406	252	340	60782	0	61780
8747	458	260	56142	3709	0	60569
8748	395	53463	2395	1652	0	57905
8749	370	2385	916	56110	0	59781
8750	55112	847	583	2905	0	59447
8751	56109	516	442	1330	0	58397
8752	3199	54780	366	927	0	59272
8753	55874	2481	340	743	0	59438
8754	56405	970	330	637	0	58342
8755	56109	589	278	651	0	57627
8756	3654	53422	309	749	0	58134
8757	52204	2392	303	453	0	55352
8758	3013	1053	245	49889	0	54200
8759	1313	508	47995	2648	0	52464
8760	895	48160	2244	1085	0	52384
8761	821	2501	924	49256	0	53502
8762	596	886	47172	2687	0	51341
8763	46438	591	2139	1099	0	50267
8764	2395	532	788	48006	0	51721
8765	1015	343	420	49325	0	51103
8766	707	323	357	49178	0	50565
8767	593	302	301	50023	0	51219
8768	516	320	44882	3574	0	49292
8769	43302	253	2067	1653	0	47275
8770	2323	44835	744	1145	0	49047
8771	45978	2135	478	811	0	49402
8772	2570	45753	438	575	0	49336
8773	46685	2501	306	581	0	50073
8774	2719	982	254	46058	0	50013
8775	1380	574	44470	2504	0	48928
8776	917	522	45883	1121	0	48443
8777	733	461	2559	45518	0	49271
8778	722	376	994	46775	0	48867
8779	721	306	538	48306	0	49871
8780	45738	353	403	3452	0	49946
8781	2492	384	44731	1624	0	49231
8782	1127	621	2138	42662	0	46548
8783	761	44945	898	2599	0	49203
8784	45951	2253	611	1203	0	50018
8785	2600	1001	45130	862	0	49593
8786	1114	44256	2383	890	0	48643
8787	909	2328	45695	696	0	49628
8788	804	911	2447	46107	0	50269
8789	670	590	45744	2799	0	49803
8790	583	477	46793	1424	0	49277
8791	548	403	2919	46382	0	50252
8792	526	373	45997	2895	0	49791
8793	637	372	47001	1324	0	49334
8794	631	414	2944	45585	0	49574
8795	45103	435	1240	2762	0	49540
8796	2548	457	43963	1326	0	48294
8797	1098	435	2524	43734	0	47791
8798	771	368	1082	46274	0	48495
8799	43736	350	827	3314	0	48227
8800	2467	294	804	44834	0	48399
8801	43458	281	690	3150	0	47579
8802	2628	42340	562	1617	0	47147
8803	1152	2145	532	44540	0	48369
8804	43577	775	483	3055	0	47890
8805	44902	510	581	1388	0	47381
8806	3060	392	598	44128	0	48178
8807	1314	454	42075	2937	0	46780
8808	41197	434	2266	1342	0	45239
8809	2575	42310	1074	1099	0	47058
8810	42767	2172	744	940	0	46623
8811	43772	907	688	772	0	46139
8812	44371	523	640	809	0	46343
8813	3296	358	40918	903	0	45475
8814	1495	41308	2393	747	0	45943
8815	980	2430	1042	41298	0	45750
8816	755	990	663	43771	0	46179
8817	737	546	40073	3021	0	44377
8818	654	37445	2233	1495	0	41827
8819	466	30370	676	910	0	32422
8820	436	22745	458	444	0	24083
8821	20670	1051	1017	382	0	23120
8822	1101	328	236	19970	0	21635
8823	440	216	172	20555	0	21383
8824	408	216	19365	1151	0	21140
8825	18582	184	763	545	0	20074
8826	1017	188	267	19752	0	21224
8827	467	230	205	20374	0	21276
8828	376	147	19125	1149	0	20797
8829	361	18954	825	492	0	20632
8830	350	999	286	19314	0	20949
8831	233	242	19318	1048	0	20841
8832	201	16994	623	389	0	18207
8833	14333	336	178	125	0	14972
8834	269	92	14659	81	0	15101
8835	90	62	219	14077	0	14448
8836	95	14367	72	226	0	14760
8837	15089	227	59	83	0	15458
8838	245	70	41	14850	0	15206
8839	15234	62	44	241	0	15581
8840	15131	47	33	90	0	15301
8841	271	14646	50	85	0	15052
8842	15437	219	33	60	0	15749
8843	15730	51	45	54	0	15880
8844	280	58	15595	45	0	15978
8845	15687	45	232	48	0	16012
8846	285	36	15972	56	0	16349
8847	15561	23	156	40	0	15780
8848	15943	24	168	36	0	16171
8849	202	28	16705	30	0	16965
8850	73	22	150	16445	0	16690
8851	55	28	17222	174	0	17479
8852	36	43	16450	69	0	16598
8853	50	35	19109	43	0	19237
8854	20	17	119	18336	0	18492
8855	16	6	35	21108	0	21165
8856	14	12	19	21412	0	21457
8857	17	12	11	22161	0	22201
8858	29	19	22078	187	0	22313
8859	28	11	182	21613	0	21834
8860	13	21824	68	239	0	22144
8861	24	196	23463	70	0	23753
8862	13	59	224	22727	0	23023
8863	40	22	24496	252	0	24810
8864	9	23307	275	93	0	23684
8865	17	23961	89	49	0	24116
8866	7	293	29	23956	0	24285
8867	28	98	23542	251	0	23919
8868	20	51	23650	99	0	23820
8869	16	27	296	23483	0	23822
8870	12	24	98	23595	0	23729
8871	13	22	43	24450	0	24528
8872	30	42	23859	324	0	24255
8873	15	23224	249	129	0	23617
8874	11	24336	92	66	0	24505
8875	12	298	41	25028	0	25379
8876	26	92	24406	244	0	24768
8877	28	86	23715	101	0	23930
8878	20	24575	307	68	0	24970
8879	25543	260	96	51	0	25950
8880	229	24737	92	87	0	25145
8881	86	286	26180	40	0	26592
8882	26282	90	328	40	0	26740
8883	316	44	110	27711	0	28181
8884	27770	29	63	367	0	28229
8885	352	30	52	27734	0	28168
8886	116	42	38	28230	0	28426
8887	27949	33	42	492	0	28516
8888	383	28732	58	219	0	29392
8889	142	395	28335	66	0	28938
8890	59	29387	388	79	0	29913
8891	29765	408	117	51	0	30341
8892	380	29254	79	62	0	29775
8893	29631	438	35	61	0	30165
8894	29543	145	49	56	0	29793
8895	501	29869	53	69	0	30492
8896	152	560	33	30464	0	31209
8897	30616	141	43	431	0	31231
8898	30726	75	50	159	0	31010
8899	522	47	52	30234	0	30855
8900	186	61	29544	436	0	30227
8901	91	87	29600	156	0	29934
8902	74	48	514	30229	0	30865
8903	75	58	29943	478	0	30554
8904	28545	46	479	175	0	29245
8905	451	29301	171	98	0	30021
8906	159	397	59	30301	0	30916
8907	91	136	60	30682	0	30969
8908	64	77	64	30353	0	30558
8909	56	54	59	29956	0	30125
8910	46	51	51	30597	0	30745
8911	70	71	29026	616	0	29783
8912	44	28377	456	247	0	29124
8913	29657	409	166	117	0	30349
8914	419	157	71	28873	0	29520
8915	155	86	64	29290	0	29595
8916	72	67	58	29374	0	29571
8917	66	28579	70	595	0	29310
8918	58	412	67	29644	0	30181
8919	59	158	61	30102	0	30380
8920	29276	79	56	638	0	30049
8921	430	28142	85	264	0	28921
8922	155	28551	69	167	0	28942
8923	67	500	46	29403	0	30016
8924	29138	170	61	503	0	29872
8925	453	123	29778	217	0	30571
8926	28270	78	437	173	0	28958
8927	471	95	31462	141	0	32169
8928	186	82	460	31407	0	32135
8929	95	84	168	32266	0	32613
8930	69	73	91	32333	0	32566
8931	63	68	79	31802	0	32012
8932	77	83	69	31818	0	32047
8933	31449	78	51	665	0	32243
8934	476	60	30199	277	0	31012
8935	176	57	456	31756	0	32445
8936	113	70	33143	542	0	33868
8937	71	32274	482	313	0	33140
8938	33311	429	172	173	0	34085
8939	495	178	35118	164	0	35955
8940	172	96	494	35275	0	36037
8941	121	79	169	36561	0	36930
8942	103	93	36500	766	0	37462
8943	98	92	37706	316	0	38212
8944	82	78	716	36233	0	37109
8945	38833	74	230	645	0	39782
8946	38623	75	125	274	0	39097
8947	719	37506	102	214	0	38541
8948	39430	539	90	143	0	40202
8949	629	215	72	37353	0	38269
8950	258	38005	87	630	0	38980
8951	150	527	71	39531	0	40279
8952	141	226	39433	677	0	40477
8953	103	113	559	36390	0	37165
8954	118	85	201	38362	0	38766
8955	36365	69	108	737	0	37279
8956	541	35418	76	370	0	36405
8957	35592	507	67	173	0	36339
8958	576	35119	67	214	0	35976
8959	33990	514	53	98	0	34655
8960	534	33926	77	119	0	34656
8961	184	33800	39	122	0	34145
8962	34673	539	55	95	0	35362
8963	522	349	42	32859	0	33772
8964	171	33234	60	453	0	33918
8965	34832	439	48	190	0	35509
8966	34159	157	51	133	0	34500
8967	35873	88	47	122	0	36130
8968	35332	52	52	105	0	35541
8969	605	34607	47	126	0	35385
8970	233	434	34	36301	0	37002
8971	125	168	46	36848	0	37187
8972	36877	100	27	604	0	37608
8973	476	62	36	36060	0	36634
8974	36414	62	50	543	0	37069
8975	527	71	34955	224	0	35777
8976	34239	63	417	156	0	34875
8977	542	51	35638	113	0	36344
8978	190	296	417	34637	0	35540
8979	35596	66	135	459	0	36256
8980	472	33945	110	204	0	34731
8981	34098	340	34	94	0	34566
8982	398	33102	236	101	0	33837
8983	139	358	27	35129	0	35653
8984	120	155	34419	362	0	35056
8985	30660	85	307	169	0	31221
8986	331	34475	118	102	0	35026
8987	133	290	44	35747	0	36214
8988	101	111	21	34732	0	34965
8989	74	76	29	34968	0	35147
8990	92	65	34368	416	0	34941
8991	61	32861	349	384	0	33655
8992	34612	266	87	123	0	35088
8993	34671	103	49	91	0	34914
8994	363	33940	45	93	0	34441
8995	35162	274	21	66	0	35523
8996	359	127	21	34640	0	35147
8997	146	33633	34	307	0	34120
8998	34764	287	28	116	0	35195
8999	347	158	33487	76	0	34068
9000	150	32241	292	86	0	32769
9001	95	410	80	34347	0	34932
9002	65	134	38	35080	0	35317
9003	88	70	33643	363	0	34164
9004	71	69	250	31906	0	32296
9005	93	74	33627	316	0	34110
9006	84	41	287	33159	0	33571
9007	89	58	88	34045	0	34280
9008	86	60	45	34302	0	34493
9009	83	57	29	34579	0	34748
9010	75	75	33335	404	0	33889
9011	80	109	35011	191	0	35391
9012	62	37560	564	159	0	38345
9013	75	648	207	43019	0	43949
9014	165	283	43890	775	0	45113
9015	70	42347	863	352	0	43632
9016	78	885	291	46723	0	47977
9017	99	331	46962	919	0	48311
9018	44463	255	1010	369	0	46097
9019	51803	91	350	171	0	52415
9020	1400	90	149	51237	0	52876
9021	563	99	50506	1187	0	52355
9022	278	73	1071	50908	0	52330
9023	51005	83	453	1341	0	52882
9024	1107	50636	267	564	0	52574
9025	53399	1212	122	296	0	55029
9026	54494	424	98	195	0	55211
9027	1589	220	104	51775	0	53688
9028	667	133	91	52881	0	53772
9029	339	110	94	53990	0	54533
9030	205	94	99	53582	0	53980
9031	192	101	80	54104	0	54477
9032	52722	70	93	1878	0	54763
9033	53422	92	109	809	0	54432
9034	53907	92	109	449	0	54557
9035	1802	108	49924	328	0	52162
9036	48816	93	1072	322	0	50303
9037	1408	105	425	50064	0	52002
9038	660	147	48322	1419	0	50548
9039	386	46194	1164	691	0	48435
9040	261	1495	461	47267	0	49484
9041	276	481	273	47469	0	48499
9042	258	46358	221	1495	0	48332
9043	278	1064	148	48389	0	49879
9044	263	434	46415	1508	0	48620
9045	262	247	47228	707	0	48444
9046	197	194	1525	48279	0	50195
9047	47805	112	665	1503	0	50085
9048	47266	152	350	702	0	48470
9049	1763	183	46319	479	0	48744
9050	853	42917	1216	443	0	45429
9051	484	45899	563	378	0	47324
9052	43881	1419	317	418	0	46035
9053	1321	571	44521	462	0	46875
9054	641	314	1179	44664	0	46798
9055	45054	212	496	1491	0	47253
9056	1419	43003	311	797	0	45530
9057	758	45134	203	494	0	46589
9058	44741	1467	192	396	0	46796
9059	1453	657	196	44583	0	46889
9060	46577	345	190	1425	0	48537
9061	1636	194	170	52292	0	54292
9062	800	165	208	54351	0	55524
9063	541	221	52289	2092	0	55143
9064	463	211	1285	54980	0	56939
9065	402	208	580	56718	0	57908
9066	55633	237	403	2395	0	58668
9067	1720	175	243	55982	0	58120
9068	843	188	53479	2245	0	56755
9069	53550	166	1613	1175	0	56504
9070	1743	186	755	55656	0	58340
9071	54984	151	493	2099	0	57727
9072	1997	51367	397	1163	0	54924
9073	1000	55187	311	824	0	57322
9074	55360	2031	286	621	0	58298
9075	56279	988	296	487	0	58050
9076	2384	562	281	55187	0	58414
9077	1227	377	53526	1982	0	57112
9078	857	318	1650	55887	0	58712
9079	54328	286	772	2231	0	57617
9080	1901	53425	569	1168	0	57063
9081	1084	1738	326	55166	0	58314
9082	54917	875	261	2027	0	58080
9083	2070	581	52284	1179	0	56114
9084	52953	350	1699	896	0	55898
9085	54179	303	779	862	0	56123
9086	2613	259	52113	763	0	55748
9087	1408	300	52493	765	0	54966
9088	966	295	2213	50389	0	53863
9089	813	279	1091	51398	0	53581
9090	688	52926	660	2510	0	56784
9091	734	1658	413	55300	0	58105
9092	694	777	54594	2506	0	58571
9093	652	514	1879	55612	0	58657
9094	685	288	915	59790	0	61678
9095	678	285	55337	3015	0	59315
9096	600	55139	1953	1774	0	59466
9097	626	1852	898	56888	0	60264
9098	604	868	605	59100	0	61177
9099	57309	579	466	2903	0	61257
9100	2219	398	406	57960	0	60983
9101	1157	310	55231	2753	0	59451
9102	55341	312	1925	1472	0	59050
9103	58025	387	908	1171	0	60491
9104	58947	351	689	907	0	60894
9105	3158	438	54416	773	0	58785
9106	1622	340	1893	55069	0	58924
9107	1022	292	1084	57362	0	59760
9108	840	263	824	58639	0	60566
9109	54484	239	551	3289	0	58563
9110	2214	54526	626	1872	0	59238
9111	1059	1602	49470	1151	0	53282
9112	794	48713	1544	1044	0	52095
9113	550	46703	758	838	0	48849
9114	505	45764	601	739	0	47609
9115	1000	2051	496	44630	0	48177
9116	538	868	42282	1715	0	45403
9117	37717	665	1475	993	0	40850
9118	1254	41090	707	850	0	43901
9119	38172	1002	429	564	0	40167
9120	1220	39327	336	562	0	41445
9121	39963	1160	263	611	0	41997
9122	1303	39996	325	593	0	42217
9123	772	1310	40101	499	0	42682
9124	650	629	1132	40650	0	43061
9125	501	453	549	42322	0	43825
9126	41206	281	456	1749	0	43692
9127	1436	293	288	46140	0	48157
9128	757	279	44850	1996	0	47882
9129	679	251	1459	46218	0	48607
9130	567	305	44593	2052	0	47517
9131	429	44391	1677	1112	0	47609
9132	474	1477	772	41666	0	44389
9133	431	45126	593	1650	0	47800
9134	45574	1742	411	843	0	48570
9135	1660	809	363	46115	0	48947
9136	877	559	45256	1825	0	48517
9137	620	502	45243	906	0	47271
9138	44516	403	1903	831	0	47653
9139	1620	394	888	45554	0	48456
9140	845	400	44692	1832	0	47769
9141	703	510	42765	939	0	44917
9142	452	43941	1951	857	0	47201
9143	514	1610	968	39484	0	42576
9144	411	42891	631	1523	0	45456
9145	351	1638	426	43643	0	46058
9146	43051	724	461	1853	0	46089
9147	1492	556	445	43871	0	46364
9148	782	372	371	45184	0	46709
9149	44214	336	397	2297	0	47244
9150	1681	352	469	46697	0	49199
9151	882	378	418	46210	0	47888
9152	640	46376	479	2539	0	50034
9153	46995	1642	464	1401	0	50502
9154	47958	728	448	1156	0	50290
9155	2117	642	591	47530	0	50880
9156	1076	542	530	48609	0	50757
9157	724	594	471	48203	0	49992
9158	578	44064	533	2836	0	48011
9159	702	47041	485	1608	0	49836
9160	501	1950	462	46154	0	49067
9161	38197	745	426	1999	0	41367
9162	37742	399	404	1007	0	39552
9163	1722	36216	427	1009	0	39374
9164	33479	1348	435	735	0	35997
9165	1408	33637	406	514	0	35965
9166	683	34066	318	576	0	35643
9167	985	1611	298	33923	0	36817
9168	32778	636	416	1603	0	35433
9169	1269	31316	260	869	0	33714
9170	542	32921	206	855	0	34524
9171	502	1504	167	33072	0	35245
9172	305	767	139	34876	0	36087
9173	400	457	32074	1977	0	34908
9174	31705	438	1053	872	0	34068
9175	33054	382	301	822	0	34559
9176	1615	462	32150	709	0	34936
9177	888	426	31750	614	0	33678
9178	581	463	1216	32409	0	34669
9179	463	527	414	33561	0	34965
9180	467	32355	290	1883	0	34995
9181	572	1394	193	33836	0	35995
9182	458	735	31869	1894	0	34956
9183	425	652	1155	32805	0	35037
9184	419	447	411	34040	0	35317
9185	32592	525	316	2100	0	35533
9186	1537	517	31561	990	0	34605
9187	31163	518	1250	851	0	33782
9188	1749	486	31046	768	0	34049
9189	796	405	1461	30320	0	32982
9190	664	517	30056	1535	0	32772
9191	496	561	30014	961	0	32032
9192	455	489	1439	29117	0	31500
9193	27545	671	918	1926	0	31060
9194	26269	498	460	1017	0	28244
9195	1347	26576	564	763	0	29250
9196	27210	1291	385	768	0	29654
9197	26925	599	403	790	0	28717
9198	1539	26631	561	585	0	29316
9199	776	1126	557	27436	0	29895
9200	698	460	533	28337	0	30028
9201	557	384	653	27995	0	29589
9202	545	363	473	28678	0	30059
9203	476	324	26535	1969	0	29304
9204	25625	260	1507	1095	0	28487
9205	1226	320	608	27665	0	29819
9206	626	302	468	27520	0	28916
9207	625	26714	420	1838	0	29597
9208	498	1296	285	28293	0	30372
9209	674	456	26288	1878	0	29296
9210	26228	368	1228	964	0	28788
9211	1403	440	26952	1001	0	29796
9212	783	274	1170	27278	0	29505
9213	26681	255	649	1743	0	29328
9214	1314	27658	453	1210	0	30635
9215	740	1071	413	29714	0	31938
9216	600	489	28961	1731	0	31781
9217	643	452	1231	29862	0	32188
9218	29136	303	587	1801	0	31827
9219	1551	351	28542	987	0	31431
9220	776	567	27632	810	0	29785
9221	730	27834	1308	818	0	30690
9222	26445	1312	569	554	0	28880
9223	1411	25703	373	574	0	28061
9224	766	1154	24039	624	0	26583
9225	408	393	23363	453	0	24617
9226	458	23108	1073	355	0	24994
9227	17788	890	485	222	0	19385
9228	641	17786	187	359	0	18973
9229	240	667	273	17622	0	18802
9230	167	268	144	18779	0	19358
9231	260	132	18112	813	0	19317
9232	137	110	846	18135	0	19228
9233	133	147	17981	798	0	19059
9234	17531	245	674	295	0	18745
9235	18396	191	299	220	0	19106
9236	18375	245	231	223	0	19074
9237	785	149	17117	201	0	18252
9238	17549	125	780	184	0	18638
9239	720	240	252	16180	0	17392
9240	357	16962	254	642	0	18215
9241	17904	724	226	263	0	19117
9242	724	227	17272	325	0	18548
9243	17255	117	633	194	0	18199
9244	17840	84	240	180	0	18344
9245	760	96	16438	153	0	17447
9246	289	16137	839	160	0	17425
9247	209	535	234	17096	0	18074
9248	188	178	17025	629	0	18020
9249	178	133	16265	213	0	16789
9250	362	406	516	13736	0	15020
9251	116	65	13129	440	0	13750
9252	102	60	419	12302	0	12883
9253	102	64	157	12137	0	12460
9254	96	61	137	13041	0	13335
9255	100	57	12504	506	0	13167
9256	114	53	413	12612	0	13192
9257	101	67	12576	467	0	13211
9258	105	74	417	12802	0	13398
9259	13271	73	179	485	0	14008
9260	422	59	130	13554	0	14165
9261	153	13602	135	471	0	14361
9262	110	386	123	14478	0	15097
9263	14276	131	123	498	0	15028
9264	433	14208	132	226	0	14999
9265	176	418	100	14683	0	15377
9266	14736	140	105	527	0	15508
9267	489	94	14599	231	0	15413
9268	176	87	471	14686	0	15420
9269	149	74	14916	556	0	15695
9270	110	189	14078	222	0	14599
9271	105	66	510	14220	0	14901
9272	14160	58	233	463	0	14914
9273	448	83	13719	208	0	14458
9274	13751	60	446	137	0	14394
9275	454	71	193	14088	0	14806
9276	198	85	13884	440	0	14607
9277	117	80	13579	205	0	13981
9278	116	59	14077	147	0	14399
9279	89	188	501	13199	0	13977
9280	13544	47	316	431	0	14338
9281	387	13295	152	158	0	13992
9282	150	320	128	13252	0	13850
9283	113	105	105	13939	0	14262
9284	13753	72	126	453	0	14404
9285	13515	52	119	198	0	13884
9286	434	13107	127	141	0	13809
9287	13465	300	124	127	0	14016
9288	13504	104	116	103	0	13827
9289	444	60	117	13149	0	13770
9290	159	44	12713	413	0	13329
9291	12834	55	355	158	0	13402
9292	386	36	131	13221	0	13774
9293	145	47	104	13544	0	13840
9294	13306	62	78	447	0	13893
9295	395	52	69	12490	0	13006
9296	152	45	81	12846	0	13124
9297	12352	33	85	458	0	12928
9298	385	12089	74	204	0	12752
9299	12294	292	80	123	0	12789
9300	370	83	11752	119	0	12324
9301	11899	53	322	101	0	12375
9302	382	43	125	11724	0	12274
9303	148	11697	124	351	0	12320
9304	130	276	79	12137	0	12622
9305	99	81	84	12222	0	12486
9306	80	49	75	12435	0	12639
9307	11731	45	89	471	0	12336
9308	335	11307	85	221	0	11948
9309	127	11599	64	143	0	11933
9310	11395	298	50	117	0	11860
9311	333	115	11905	82	0	12435
9312	132	80	11991	78	0	12281
9313	11836	205	338	97	0	12476
9314	265	33	11198	69	0	11565
9315	70	15	176	10242	0	10503
9316	58	27	66	10101	0	10252
9317	38	17	38	10502	0	10595
9318	56	16	40	10361	0	10473
9319	29	9722	50	259	0	10060
9320	43	178	36	10386	0	10643
9321	58	64	9833	378	0	10333
9322	44	38	211	9931	0	10224
9323	53	35	9955	251	0	10294
9324	53	27	9890	104	0	10074
9325	44	19	258	10173	0	10494
9326	66	18	10296	246	0	10626
9327	45	21	243	10569	0	10878
9328	10570	17	98	282	0	10967
9329	251	29	10337	123	0	10740
9330	9735	26	208	83	0	10052
9331	242	22	85	10245	0	10594
9332	115	30	10015	240	0	10400
9333	70	9964	219	117	0	10370
9334	66	185	86	10994	0	11331
9335	67	57	11398	257	0	11779
9336	45	36	214	11502	0	11797
9337	12326	22	87	270	0	12705
9338	12058	26	55	143	0	12282
9339	12280	25	58	95	0	12458
9340	297	29	34	12330	0	12690
9341	129	30	42	12410	0	12611
9342	88	14	53	12506	0	12661
9343	12449	18	49	348	0	12864
9344	266	12311	52	148	0	12777
9345	118	229	50	12757	0	13154
9346	79	89	43	13205	0	13416
9347	12663	49	33	389	0	13134
9348	287	12611	40	178	0	13116
9349	127	261	40	14110	0	14538
9350	14154	97	36	394	0	14681
9351	14258	53	35	175	0	14521
9352	457	39	39	14152	0	14687
9353	14142	40	107	405	0	14694
9354	420	30	37	14110	0	14597
9355	172	52	14608	431	0	15263
9356	120	22	302	14824	0	15268
9357	92	32	129	15447	0	15700
9358	71	42	72	15450	0	15635
9359	14261	24	39	506	0	14830
9360	310	13357	37	245	0	13949
9361	13252	289	28	147	0	13716
9362	328	12820	46	104	0	13298
9363	130	13193	28	91	0	13442
9364	13504	327	39	83	0	13953
9365	277	13249	128	141	0	13795
9366	121	295	22	13652	0	14090
9367	13417	114	75	299	0	13905
9368	13581	63	27	160	0	13831
9369	353	35	32	13588	0	14008
9370	168	35	112	13779	0	14094
9371	109	13828	22	364	0	14323
9372	14353	258	31	173	0	14815
9373	13842	111	28	135	0	14116
9374	355	14736	43	107	0	15241
9375	149	14929	46	98	0	15222
9376	100	419	27	15985	0	16531
9377	16128	150	34	476	0	16788
9378	455	91	35	15885	0	16466
9379	161	49	25	16446	0	16681
9380	131	53	15563	575	0	16322
9381	98	56	15809	247	0	16210
9382	75	38	482	16048	0	16643
9383	79	60	15906	499	0	16544
9384	65	15823	421	228	0	16537
9385	74	411	132	17331	0	17948
9386	75	147	75	17671	0	17968
9387	76	116	38	18294	0	18524
9388	74	76	17495	640	0	18285
9389	83	83	16745	287	0	17198
9390	16685	61	481	203	0	17430
9391	449	17344	175	158	0	18126
9392	18157	415	90	131	0	18793
9393	510	136	58	18241	0	18945
9394	18825	99	52	488	0	19464
9395	514	63	48	18250	0	18875
9396	200	18267	49	511	0	19027
9397	19112	421	46	213	0	19792
9398	465	172	18618	199	0	19454
9399	170	18507	383	189	0	19249
9400	19723	405	117	152	0	20397
9401	457	151	105	19335	0	20048
9402	186	18745	82	469	0	19482
9403	144	448	53	20599	0	21244
9404	20388	156	49	566	0	21159
9405	488	138	49	20415	0	21090
9406	20685	89	44	597	0	21415
9407	584	87	20050	257	0	20978
9408	227	91	404	20172	0	20894
9409	20738	70	137	595	0	21540
9410	539	88	19897	269	0	20793
9411	206	18468	469	255	0	19398
9412	184	418	161	19058	0	19821
9413	125	180	18351	504	0	19160
9414	122	152	18487	224	0	18985
9415	83	80	469	18564	0	19196
9416	113	92	18936	473	0	19614
9417	108	89	18683	241	0	19121
9418	89	56	437	18353	0	18935
9419	19212	55	188	474	0	19929
9420	399	52	130	18953	0	19534
9421	161	56	89	19690	0	19996
9422	166	55	19468	541	0	20230
9423	108	63	385	19515	0	20071
9424	20804	68	152	520	0	21544
9425	412	90	20396	228	0	21126
9426	180	20213	397	225	0	21015
9427	167	360	156	21411	0	22094
9428	21570	143	125	466	0	22304
9429	407	136	98	21640	0	22281
9430	179	21471	126	507	0	22283
9431	147	429	21627	222	0	22425
9432	93	177	431	21975	0	22676
9433	23742	129	163	508	0	24542
9434	584	91	23006	253	0	23934
9435	219	66	516	24208	0	25009
9436	25345	49	191	739	0	26324
9437	25653	50	145	302	0	26150
9438	826	25762	117	239	0	26944
9439	26097	693	96	146	0	27032
9440	851	245	78	26296	0	27470
9441	318	158	26004	813	0	27293
9442	210	25518	684	317	0	26729
9443	115	27351	220	227	0	27913
9444	142	915	141	27178	0	28376
9445	90	512	101	28085	0	28788
9446	94	178	26424	879	0	27575
9447	81	25718	706	367	0	26872
9448	87	26902	240	213	0	27442
9449	78	845	131	26321	0	27375
9450	26217	225	74	662	0	27178
9451	631	25430	83	250	0	26394
9452	203	605	55	26921	0	27784
9453	28507	182	57	706	0	29452
9454	647	129	67	28567	0	29410
9455	221	92	73	27985	0	28371
9456	124	92	64	28489	0	28769
9457	96	75	69	28584	0	28824
9458	27742	78	80	924	0	28824
9459	652	89	63	28017	0	28821
9460	193	108	26722	797	0	27820
9461	26304	100	641	313	0	27358
9462	682	111	26523	218	0	27534
9463	230	115	27154	180	0	27679
9464	164	79	715	27513	0	28471
9465	106	77	245	28564	0	28992
9466	114	57	201	29263	0	29635
9467	28795	59	84	881	0	29819
9468	691	65	27929	367	0	29052
9469	27339	56	598	261	0	28254
9470	28439	56	187	231	0	28913
9471	818	71	28326	215	0	29430
9472	28099	53	624	194	0	28970
9473	760	91	29281	173	0	30305
9474	237	29649	570	149	0	30605
9475	264	784	388	31111	0	32547
9476	339	131	120	31119	0	31709
9477	80	77	81	30608	0	30846
9478	85	56	78	30506	0	30725
9479	76	58	30724	706	0	31564
9480	78	55	30353	279	0	30765
9481	76	55	571	30213	0	30915
9482	82	68	30998	574	0	31722
9483	28712	52	519	256	0	29539
9484	31345	40	189	175	0	31749
9485	620	41	117	30109	0	30887
9486	30449	48	88	541	0	31126
9487	568	30209	91	249	0	31117
9488	31284	463	86	156	0	31989
9489	573	321	30475	166	0	31535
9490	217	81	471	30635	0	31404
9491	124	30577	179	547	0	31427
9492	32268	473	95	246	0	33082
9493	526	143	84	32105	0	32858
9494	217	97	31490	642	0	32446
9495	133	54	532	31395	0	32114
9496	31997	52	204	668	0	32921
9497	604	71	31741	268	0	32684
9498	237	56	526	31275	0	32094
9499	171	54	207	32415	0	32847
9500	159	79	32012	745	0	32995
9501	139	30471	545	346	0	31501
9502	136	29752	287	228	0	30403
9503	133	616	108	32998	0	33855
9504	135	205	102	33286	0	33728
9505	105	143	93	33896	0	34237
9506	33163	99	93	813	0	34168
9507	32718	86	101	356	0	33261
9508	743	86	101	33500	0	34430
9509	33513	93	98	702	0	34406
9510	614	33007	94	365	0	34080
9511	241	525	86	34883	0	35735
9512	163	207	86	35077	0	35533
9513	109	128	82	35434	0	35753
9514	33728	72	83	890	0	34773
9515	575	32454	82	436	0	33547
9516	240	527	87	34028	0	34882
9517	33795	207	79	744	0	34825
9518	615	110	87	33648	0	34460
9519	275	66	62	33583	0	33986
9520	169	31560	90	869	0	32688
9521	148	32612	78	411	0	33249
9522	147	637	77	33210	0	34071
9523	148	216	73	33531	0	33968
9524	31825	90	79	880	0	32874
9525	633	58	86	31661	0	32438
9526	284	88	30728	758	0	31858
9527	161	68	548	30689	0	31466
9528	141	29595	230	748	0	30714
9529	31677	482	121	350	0	32630
9530	580	176	85	31279	0	32120
9531	265	89	86	31232	0	31672
9532	180	30342	101	1045	0	31668
9533	30197	397	57	268	0	30919
9534	442	31185	79	237	0	31943
9535	161	331	33	31784	0	32309
9536	99	136	30526	398	0	31159
9537	56	692	352	28778	0	29878
9538	29501	36	157	431	0	30125
9539	324	28625	68	176	0	29193
9540	110	494	15	29566	0	30185
9541	65	28434	41	381	0	28921
9542	38	390	13	29973	0	30414
9543	71	136	29192	450	0	29849
9544	31	175	321	28276	0	28803
9545	42	46	103	28973	0	29164
9546	29	48	43	29824	0	29944
9547	28726	36	33	558	0	29353
9548	28285	52	26	237	0	28600
9549	433	28699	44	170	0	29346
9550	29091	387	20	125	0	29623
9551	386	27917	33	138	0	28474
9552	136	28505	56	111	0	28808
9553	27578	441	24	130	0	28173
9554	411	192	26383	140	0	27126
9555	153	101	349	26667	0	27270
9556	106	69	102	28049	0	28326
9557	76	77	58	29213	0	29424
9558	28449	80	21	617	0	29167
9559	405	27742	62	279	0	28488
9560	158	443	28	28296	0	28925
9561	126	28209	42	476	0	28853
9562	28890	486	37	218	0	29631
9563	478	186	30	29039	0	29733
9564	209	133	40	36437	0	36819
9565	110	40686	51	1220	0	42067
9566	93	1033	32	44329	0	45487
9567	91	454	32	45153	0	45730
9568	42232	255	37	1916	0	44440
9569	1139	40786	97	910	0	42932
9570	500	42278	112	535	0	43425
9571	256	1536	35	42948	0	44775
9572	248	719	39446	1534	0	41947
9573	191	454	38892	784	0	40321
9574	164	306	1512	39080	0	41062
9575	147	281	38111	1563	0	40102
9576	113	231	1375	39022	0	40741
9577	111	226	673	38944	0	39954
9578	93	219	342	41339	0	41993
9579	38929	160	290	2242	0	41621
9580	1242	164	212	40181	0	41799
9581	568	165	171	40125	0	41029
9582	298	38445	170	2282	0	41195
9583	264	1419	120	42137	0	43940
9584	230	678	38808	2160	0	41876
9585	184	340	1324	41340	0	43188
9586	210	314	583	42958	0	44065
9587	39277	314	297	2462	0	42350
9588	1392	379	269	40359	0	42399
9589	575	240	241	40883	0	41939
9590	321	166	233	41860	0	42580
9591	36631	170	258	2688	0	39747
9592	1387	37628	169	1537	0	40721
9593	637	1396	187	39500	0	41720
9594	361	640	170	41098	0	42269
9595	291	402	36587	2655	0	39935
9596	208	345	1334	39266	0	41153
9597	36577	229	610	2440	0	39856
9598	1384	37017	346	1454	0	40201
9599	597	1455	265	37486	0	39803
9600	373	731	186	38628	0	39918
9601	352	447	34381	2692	0	37872
9602	33370	309	1389	1542	0	36610
9603	1472	34920	650	1230	0	38272
9604	36351	1470	325	1078	0	39224
9605	1593	771	279	36978	0	39621
9606	771	451	226	38008	0	39456
9607	435	377	229	38842	0	39883
9608	454	311	231	38935	0	39931
9609	36313	348	197	2863	0	39721
9610	1596	340	183	35919	0	38038
9611	732	33599	212	2554	0	37097
9612	422	1426	253	36120	0	38221
9613	431	636	323	37198	0	38588
9614	34427	419	283	2837	0	37966
9615	1634	33335	263	1627	0	36859
9616	813	1495	173	35904	0	38385
9617	34320	746	171	2478	0	37715
9618	35715	401	177	1629	0	37922
9619	2023	370	221	35901	0	38515
9620	1037	357	32850	2435	0	36679
9621	34503	414	1246	1516	0	37679
9622	1804	396	550	36278	0	39028
9623	925	282	34027	2478	0	37712
9624	586	275	1501	36392	0	38754
9625	549	262	703	36604	0	38118
9626	515	256	357	36362	0	37490
9627	564	34333	343	2827	0	38067
9628	502	1598	198	37657	0	39955
9629	335	745	197	38103	0	39380
9630	396	401	195	38555	0	39547
9631	490	382	163	38458	0	39493
9632	532	401	153	38009	0	39095
9633	407	459	172	38510	0	39548
9634	33160	340	208	3209	0	36917
9635	1617	283	30495	1935	0	34330
9636	827	30620	1232	1458	0	34137
9637	31436	1254	595	1310	0	34595
9638	1482	31345	401	1152	0	34380
9639	31765	1399	485	1081	0	34730
9640	1652	730	274	31849	0	34505
9641	31928	414	326	2032	0	34700
9642	1649	378	278	32210	0	34515
9643	985	305	195	30725	0	32210
9644	648	29783	152	2489	0	33072
9645	30891	1300	155	1605	0	33951
9646	1482	644	29841	1443	0	33410
9647	842	333	1156	32059	0	34390
9648	588	309	30909	2276	0	34082
9649	538	312	30184	1465	0	32499
9650	30771	329	1615	1170	0	33885
9651	1489	321	700	32373	0	34883
9652	899	261	30819	2085	0	34064
9653	584	220	31323	1419	0	33546
9654	544	265	1611	31310	0	33730
9655	505	302	740	32276	0	33823
9656	31143	298	458	2346	0	34245
9657	1593	267	339	31904	0	34103
9658	930	252	30516	2144	0	33842
9659	619	225	1312	33015	0	35171
9660	559	416	663	32547	0	34185
9661	459	31981	407	2299	0	35146
9662	31100	1231	376	1383	0	34090
9663	1388	31358	381	1155	0	34282
9664	24247	568	183	579	0	25577
9665	493	17469	109	218	0	18289
9666	133	16580	59	157	0	16929
9667	241	356	87	16784	0	17468
9668	77	125	302	16565	0	17069
9669	70	76	61	16434	0	16641
9670	16150	44	55	429	0	16678
9671	290	49	15805	366	0	16510
9672	122	37	257	15729	0	16145
9673	15179	49	78	371	0	15677
9674	289	15209	78	185	0	15761
9675	120	15689	58	154	0	16021
9676	90	288	64	15917	0	16359
9677	64	95	47	15838	0	16044
9678	54	65	47	15814	0	15980
9679	76	15485	49	405	0	16015
9680	57	222	39	15948	0	16266
9681	59	76	15448	354	0	15937
9682	42	64	13673	91	0	13870
9683	13744	22	145	77	0	13988
9684	134	42	72	14509	0	14757
9685	14672	29	40	156	0	14897
9686	14364	33	19	107	0	14523
9687	154	14142	32	103	0	14431
9688	14786	116	28	78	0	15008
9689	15183	56	21	77	0	15337
9690	163	46	17	14830	0	15056
9691	97	33	27	14773	0	14930
9692	70	39	15186	186	0	15481
9693	49	15524	135	130	0	15838
9694	35	340	45	15610	0	16030
9695	35	30	16	16041	0	16122
9696	16190	44	22	117	0	16373
9697	91	114	25	15846	0	16076
9698	16200	19	20	123	0	16362
9699	117	20	18	16506	0	16661
9700	54	16482	29	169	0	16734
9701	17486	149	15	108	0	17758
9702	183	73	19	19185	0	19460
9703	99	44	18	21220	0	21381
9704	69	23	22	22485	0	22599
9705	39	41	21534	782	0	22396
9706	49	23	522	22157	0	22751
9707	22938	13	173	765	0	23889
9708	579	21	97	25260	0	25957
9709	213	21	62	29492	0	29788
9710	127	37	52	29933	0	30149
9711	87	27874	79	1539	0	29579
9712	59	30424	39	604	0	31126
9713	29856	1328	35	314	0	31533
9714	1074	30347	53	233	0	31707
9715	30892	1260	37	176	0	32365
9716	31287	424	32	178	0	31921
9717	31542	205	25	177	0	31949
9718	1651	178	29545	169	0	31543
9719	602	30742	1026	166	0	32536
9720	32104	1138	282	145	0	33669
9721	1238	487	116	32122	0	33963
9722	458	232	103	32997	0	33790
9723	278	191	57	33056	0	33582
9724	252	30757	70	1600	0	32679
9725	237	1052	32	33019	0	34340
9726	31822	410	55	1453	0	33740
9727	1218	217	35	31280	0	32750
9728	491	160	35	32278	0	32964
9729	269	169	30083	1701	0	32222
9730	225	162	31797	714	0	32898
9731	197	116	1293	32250	0	33856
9732	182	118	433	33438	0	34171
9733	159	32701	233	1686	0	34779
9734	183	1099	136	34251	0	35669
9735	158	398	95	35364	0	36015
9736	129	225	91	35707	0	36152
9737	33828	187	77	1906	0	35998
9738	1253	176	33251	842	0	35522
9739	461	137	1089	34805	0	36492
9740	35071	153	358	1557	0	37139
9741	35448	157	194	706	0	36505
9742	1566	137	153	34546	0	36402
9743	622	141	84	36064	0	36911
9744	34607	165	103	1835	0	36710
9745	1334	33363	150	831	0	35678
9746	570	34516	134	564	0	35784
9747	396	1480	108	35388	0	37372
9748	35267	542	89	1486	0	37384
9749	36494	283	81	766	0	37624
9750	36322	221	84	567	0	37194
9751	1753	193	35536	639	0	38121
9752	33920	217	1116	438	0	35691
9753	1598	218	35113	446	0	37375
9754	34261	173	1208	526	0	36168
9755	1434	33946	486	530	0	36396
9756	713	1184	35346	517	0	37760
9757	451	501	1251	34805	0	37008
9758	431	299	36677	1574	0	38981
9759	396	375	1278	35264	0	37313
9760	36327	228	497	1698	0	38750
9761	1429	209	35531	891	0	38060
9762	653	187	1267	35350	0	37457
9763	434	37334	589	1535	0	39892
9764	433	1174	348	39716	0	41671
9765	397	480	279	39705	0	40861
9766	394	339	236	39870	0	40839
9767	39082	277	210	2066	0	41635
9768	39402	224	194	1058	0	40878
9769	1727	185	208	39384	0	41504
9770	787	220	37658	1764	0	40429
9771	559	236	37402	918	0	39115
9772	488	223	1462	38668	0	40841
9773	455	255	40125	1709	0	42544
9774	443	200	1316	40236	0	42195
9775	469	203	521	39936	0	41129
9776	454	162	299	41327	0	42242
9777	431	37501	336	2035	0	40303
9778	453	39804	300	1020	0	41577
9779	399	1446	296	40980	0	43121
9780	366	585	246	41376	0	42573
9781	419	332	254	41540	0	42545
9782	40205	239	264	2105	0	42813
9783	1493	228	39275	1157	0	42153
9784	648	188	1285	40275	0	42396
9785	40561	174	585	1745	0	43065
9786	1413	39774	413	1090	0	42690
9787	645	1189	328	42417	0	44579
9788	412	502	281	43574	0	44769
9789	366	335	278	43117	0	44096
9790	325	254	247	43284	0	44110
9791	336	194	41065	2295	0	43890
9792	38753	156	1221	1259	0	41389
9793	41288	152	477	889	0	42806
9794	1733	215	40084	695	0	42727
9795	39558	184	1265	676	0	41683
9796	41637	192	529	640	0	42998
9797	1795	172	41376	674	0	44017
9798	764	42267	1298	720	0	45049
9799	533	1216	506	43826	0	46081
9800	528	363	45100	1511	0	47502
9801	486	43193	1220	876	0	45775
9802	508	974	42501	758	0	44741
9803	300	40496	900	416	0	42112
9804	306	798	417	40490	0	42011
9805	244	243	40058	917	0	41462
9806	223	96	774	38258	0	39351
9807	284	89	40328	879	0	41580
9808	170	36506	593	406	0	37675
9809	34697	151	327	68	0	35243
9810	67	32896	56	49	0	33068
9811	26	34312	35	221	0	34594
9812	83	71	14	36074	0	36242
9813	14	23	10	35890	0	35937
9814	8	64	8	35272	0	35352
9815	13	20	10	35027	0	35070
9816	5	16	6	35832	0	35859
9817	20	17	39443	77	0	39557
9818	10	13	42	37548	0	37613
9819	7	10	16	39429	0	39462
9820	40531	2	12	131	0	40676
9821	39956	5	15	45	0	40021
9822	40678	6	14	32	0	40730
9823	178	12	11	40583	0	40784
9824	45376	9	11	169	0	45565
9825	48189	11	13	76	0	48289
9826	49719	13	5	42	0	49779
9827	563	29	48280	39	0	48911
9828	46853	9	429	38	0	47329
9829	50111	7	74	32	0	50224
9830	50500	5	56	19	0	50580
9831	636	11	32	49157	0	49836
9832	206	26	50094	530	0	50856
9833	108	12	491	48816	0	49427
9834	51757	3	86	578	0	52424
9835	550	18	41	51306	0	51915
9836	111	52173	66	527	0	52877
9837	84	481	21	56075	0	56661
9838	56137	74	32	590	0	56833
9839	56382	53	29	170	0	56634
9840	55619	36	25	100	0	55780
9841	700	31	57051	86	0	57868
9842	211	38	537	54909	0	55695
9843	132	18	97	59200	0	59447
9844	115	30	59300	713	0	60158
9845	88	54739	652	266	0	55745
9846	406	591	58878	117	0	59992
9847	155	89	570	58219	0	59033
9848	60517	54	150	623	0	61344
9849	722	71	60701	164	0	61658
9850	200	121	662	60484	0	61467
9851	208	45	60552	998	0	61803
9852	58465	21	633	173	0	59292
9853	720	146	144	62127	0	63137
9854	235	44	65431	736	0	66446
9855	130	29	660	64229	0	65048
9856	171	57	65550	812	0	66590
9857	176	62930	680	358	0	64144
9858	173	586	151	66071	0	66981
9859	67100	168	97	763	0	68128
9860	735	159	123	66432	0	67449
9861	301	46	99	66207	0	66653
9862	66571	21	101	825	0	67518
9863	841	60828	125	312	0	62106
9864	294	64319	151	289	0	65053
9865	215	727	109	65971	0	67022
9866	180	64813	178	811	0	65982
9867	196	661	131	67221	0	68209
9868	235	303	99	67347	0	67984
9869	67609	121	152	917	0	68799
9870	709	64266	157	515	0	65647
9871	360	711	66275	345	0	67691
9872	229	67501	696	259	0	68685
9873	70844	720	175	243	0	71982
9874	72364	203	194	214	0	72975
9875	953	136	149	70969	0	72207
9876	73131	117	90	917	0	74255
9877	947	75	175	72274	0	73471
9878	73639	108	133	951	0	74831
9879	75551	114	177	380	0	76222
9880	1072	130	157	78837	0	80196
9881	80300	74	96	1205	0	81675
9882	1134	98	78337	385	0	79954
9883	76533	81	792	358	0	77764
9884	1006	107	266	79070	0	80449
9885	81448	104	209	916	0	82677
9886	1035	79596	216	439	0	81286
9887	555	800	137	82830	0	84322
9888	367	227	229	83031	0	83854
9889	83010	169	189	1179	0	84547
9890	1101	179	81577	539	0	83396
9891	533	77652	851	458	0	79494
9892	445	833	239	82744	0	84261
9893	362	81357	304	979	0	83002
9894	316	849	256	85375	0	86796
9895	359	339	174	83998	0	84870
9896	408	181	155	85240	0	85984
9897	84505	221	111	1283	0	86120
9898	1016	191	106	82425	0	83738
9899	83544	185	151	1235	0	85115
9900	82031	195	125	641	0	82992
9901	1322	189	124	82239	0	83874
9902	82417	146	161	1179	0	83903
9903	80513	152	160	657	0	81482
9904	1276	202	80260	471	0	82209
9905	483	173	903	78160	0	79719
9906	82458	179	304	1135	0	84076
9907	1110	78021	330	565	0	80026
9908	83408	899	220	462	0	84989
9909	83448	299	207	439	0	84393
9910	1287	230	80499	363	0	82379
9911	552	184	908	76304	0	77948
9912	87255	137	341	1157	0	88890
9913	1216	166	280	87389	0	89051
9914	533	388	203	90584	0	91708
9915	470	161	171	91795	0	92597
9916	382	143	194	95985	0	96704
9917	94395	70	191	1811	0	96467
9918	1617	182	93869	812	0	96480
9919	601	188	1321	98547	0	100657
9920	549	201	110814	1788	0	113352
9921	421	290	115676	857	0	117244
9922	115694	93	3723	678	0	120188
9923	3557	209	122065	523	0	126354
9924	1357	116220	3447	346	0	121370
9925	122499	2920	1911	265	0	127595
9926	122660	1208	597	185	0	124650
9927	4406	488	297	117560	0	122751
9928	1961	308	119945	2970	0	125184
9929	860	286	116958	1336	0	119440
9930	117376	132	4215	603	0	122326
9931	3346	104	1823	122405	0	127678
9932	123615	74	852	3296	0	127837
9933	3709	123045	485	1769	0	129008
9934	126643	3137	394	721	0	130895
9935	125635	1390	334	438	0	127797
9936	4753	121442	377	359	0	126931
9937	2125	3257	255	123310	0	128947
9938	122902	1428	486	3444	0	128260
9939	3786	755	118598	1606	0	124745
9940	1821	119755	3459	959	0	125994
9941	995	3306	1562	121745	0	127608
9942	121265	1427	857	3454	0	127003
9943	3644	120591	538	1696	0	126469
9944	124444	3464	457	824	0	129189
9945	4397	1730	119529	515	0	126171
9946	119797	842	3562	414	0	124615
9947	4607	563	120621	463	0	126254
9948	119030	380	4050	417	0	123877
9949	120939	322	1953	442	0	123656
9950	5621	456	115030	418	0	121525
9951	2694	115198	3808	705	0	122405
9952	1566	3444	1835	117334	0	124179
9953	1238	1692	117114	3746	0	123790
9954	1073	113198	3842	2043	0	120156
9955	998	3722	1898	115049	0	121667
9956	1057	1846	1112	119499	0	123514
9957	1086	979	115052	5218	0	122335
9958	1052	681	3953	112205	0	117891
9959	930	540	2164	118362	0	121996
9960	1107	534	114057	5565	0	121263
9961	1035	564	4163	111136	0	116898
9962	1035	113681	2253	4381	0	121350
9963	117226	3796	1393	2304	0	124719
9964	4345	1923	1205	113244	0	120717
9965	2501	116289	1296	4108	0	124194
9966	1859	4047	1261	107924	0	115091
9967	1521	116666	1446	3921	0	123554
9968	1731	4481	111822	2020	0	120054
9969	1521	115882	4268	1385	0	123056
9970	116777	4543	2297	1066	0	124683
9971	116561	2281	1552	1056	0	121450
9972	117838	1393	1337	1213	0	121781
9973	6505	1095	114774	1133	0	123507
9974	3500	1027	113129	1214	0	118870
9975	2295	115853	5891	1213	0	125252
9976	1916	4563	3036	110641	0	120156
9977	1930	119466	1800	4318	0	127514
9978	1964	5368	1386	106070	0	114788
9979	1847	118167	1311	4294	0	125619
9980	117062	5375	1143	2407	0	125987
9981	125613	2895	1135	1704	0	131347
9982	7283	1862	1207	130133	0	140485
9983	4055	1488	125710	5710	0	136963
9984	124356	1287	5380	2960	0	133983
9985	6310	128369	2975	1973	0	139627
9986	3662	5376	1870	127058	0	137966
9987	2702	3019	1415	124195	0	131331
9988	2228	128251	1459	6724	0	138662
9989	130489	5968	1456	3290	0	141203
9990	6458	3253	126230	1977	0	137918
9991	3934	2218	5505	128562	0	140219
9992	129321	1631	2996	5722	0	139670
9993	128666	1533	2101	3106	0	135406
9994	8216	125381	1646	2281	0	137524
9995	4375	5606	1792	121124	0	132897
9996	2696	127221	1707	5583	0	137207
9997	130476	6387	1570	3357	0	141790
9998	6407	3417	127799	2449	0	140072
9999	3568	2675	128540	1926	0	136709
10000	2510	1972	7135	124893	0	136510
10001	1935	1700	3623	125125	0	132383
10002	1905	126862	2411	7343	0	138521
10003	1822	5830	1871	131017	0	140540
10004	1838	3078	125392	7280	0	137588
10005	124605	2146	5879	3981	0	136611
10006	5875	1808	3145	129531	0	140359
10007	3265	1908	125004	6792	0	136969
10008	2405	1741	5715	128453	0	138314
10009	1840	1628	3187	125398	0	132053
10010	1587	126463	2131	7850	0	138031
10011	1617	5907	1585	128357	0	137466
10012	1492	3278	1602	127033	0	133405
10013	1444	2381	1544	128360	0	133729
10014	115807	1725	1295	8775	0	127602
10015	5836	113814	1332	4604	0	125586
10016	3190	115745	1203	2835	0	122973
10017	109206	6505	1127	2058	0	118896
10018	105591	3286	1252	1711	0	111840
10019	6560	101453	1330	1537	0	110880
10020	2481	90176	1039	1191	0	94887
10021	76030	3552	542	817	0	80941
10022	2964	75667	447	864	0	79942
10023	1209	75575	391	802	0	77977
10024	72335	3216	1226	702	0	77479
10025	2457	72453	329	889	0	76128
10026	72527	2837	513	721	0	76598
10027	72149	1325	383	668	0	74525
10028	71620	1038	423	670	0	73751
10029	3195	71078	463	714	0	75450
10030	1599	72600	317	735	0	75251
10031	1193	2904	234	70026	0	74357
10032	882	72338	292	2313	0	75825
10033	851	2823	277	72874	0	76825
10034	73261	1326	328	2803	0	77718
10035	2696	1152	312	72156	0	76316
10036	1314	71335	355	2945	0	75949
10037	70477	2646	385	1358	0	74866
10038	2744	70202	340	1115	0	74401
10039	1315	73356	252	954	0	75877
10040	1174	3706	228	68666	0	73774
10041	783	70480	278	2493	0	74034
10042	70894	2919	567	1131	0	75511
10043	2682	1406	67154	934	0	72176
10044	1257	67584	2200	918	0	71959
10045	948	2539	911	69560	0	73958
10046	840	1375	67796	2707	0	72718
10047	814	1124	2183	67914	0	72035
10048	708	1017	934	69878	0	72537
10049	732	922	727	70567	0	72948
10050	701	768	593	70914	0	72976
10051	802	810	66441	3684	0	71737
10052	737	65906	2342	2126	0	71111
10053	67200	2483	1043	1619	0	72345
10054	2428	1321	65489	1421	0	70659
10055	65514	1084	2259	1344	0	70201
10056	2816	921	65823	1221	0	70781
10057	1342	887	2485	65941	0	70655
10058	1221	826	65555	2847	0	70449
10059	1028	835	66716	1474	0	70053
10060	893	864	2967	65259	0	69983
10061	849	876	1485	65701	0	68911
10062	847	877	1014	68081	0	70819
10063	736	920	761	67429	0	69846
10064	65117	852	695	3830	0	70494
10065	2572	845	62400	2089	0	67906
10066	63512	727	2352	1671	0	68262
10067	65402	793	1004	1408	0	68607
10068	65639	786	800	1195	0	68420
10069	65176	851	558	1124	0	67709
10070	65557	807	434	1076	0	67874
10071	3844	749	379	62683	0	67655
10072	2110	724	59623	2789	0	65246
10073	1546	743	57231	1392	0	60912
10074	1208	58461	2278	1202	0	63149
10075	56123	2234	1027	992	0	60376
10076	2226	1295	651	54083	0	58255
10077	1223	1225	576	53284	0	56308
10078	1092	53089	393	2424	0	56998
10079	1026	53473	386	1339	0	56224
10080	984	53026	321	958	0	55289
10081	44838	2251	394	709	0	48192
10082	1145	873	224	37229	0	39471
10083	460	36583	174	1058	0	38275
10084	343	1083	173	37197	0	38796
10085	369	482	36300	1138	0	38289
10086	332	360	37702	539	0	38933
10087	357	285	1055	40530	0	42227
10088	41858	339	363	1448	0	44008
10089	45056	296	223	553	0	46128
10090	45400	290	184	391	0	46265
10091	1857	335	44390	360	0	46942
10092	766	333	1243	43685	0	46027
10093	481	361	485	46896	0	48223
10094	421	336	45182	1816	0	47755
10095	42834	321	1439	767	0	45361
10096	1616	324	46065	606	0	48611
10097	623	279	45384	425	0	46711
10098	442	239	45401	352	0	46434
10099	357	216	1688	42159	0	44420
10100	333	174	676	44634	0	45817
10101	295	167	45749	1718	0	47929
10102	270	200	1428	46109	0	48007
10103	46773	148	681	1698	0	49300
10104	1383	121	519	47768	0	49791
10105	620	141	47562	1715	0	50038
10106	374	167	50098	848	0	51487
10107	300	277	1795	48594	0	50966
10108	51719	148	763	1643	0	54273
10109	1577	53252	612	862	0	56303
10110	55704	1474	506	560	0	58244
10111	56582	573	471	510	0	58136
10112	2472	257	55873	525	0	59127
10113	1129	155	1896	55768	0	58948
10114	56908	141	1020	2052	0	60121
10115	55615	137	728	1109	0	57589
10116	2406	55467	637	750	0	59260
10117	1212	1496	586	56544	0	59838
10118	676	609	591	59173	0	61049
10119	602	301	56891	2534	0	60328
10120	592	182	1964	56405	0	59143
10121	611	177	57098	2302	0	60188
10122	701	173	56334	1160	0	58368
10123	599	122	2419	55284	0	58424
10124	55392	116	1166	2065	0	58739
10125	1958	53330	765	1200	0	57253
10126	54588	1539	661	854	0	57642
10127	55199	616	605	741	0	57161
10128	2420	54493	614	719	0	58246
10129	1114	1522	438	52472	0	55546
10130	52642	706	432	1667	0	55447
10131	1930	52207	466	889	0	55492
10132	51215	1637	412	547	0	53811
10133	1828	49293	463	558	0	52142
10134	885	1373	345	47419	0	50022
10135	704	575	321	49238	0	50838
10136	47366	374	366	1804	0	49910
10137	46561	319	259	848	0	47987
10138	1911	46149	340	642	0	49042
10139	879	1216	45548	601	0	48244
10140	602	529	45427	582	0	47140
10141	471	411	1701	42737	0	45320
10142	450	45155	867	1451	0	47923
10143	402	1291	605	47040	0	49338
10144	387	563	484	46937	0	48371
10145	421	309	502	47571	0	48803
10146	430	321	46150	1992	0	48893
10147	443	337	45990	1004	0	47774
10148	521	46511	1782	671	0	49485
10149	525	1331	816	47475	0	50147
10150	567	669	438	50220	0	51894
10151	654	449	48225	1877	0	51205
10152	42349	453	1421	982	0	45205
10153	1610	383	708	49494	0	52195
10154	908	390	48971	1625	0	51894
10155	45628	381	1408	1052	0	48469
10156	1488	48710	782	827	0	51807
10157	1047	1395	51954	671	0	55067
10158	694	891	1412	51398	0	54395
10159	52922	458	806	1633	0	55819
10160	1610	399	53563	963	0	56535
10161	793	315	1608	53379	0	56095
10162	561	313	895	54569	0	56338
10163	531	329	591	59238	0	60689
10164	59496	346	532	2256	0	62630
10165	1667	58020	537	1330	0	61554
10166	827	1548	533	60169	0	63077
10167	534	742	59101	2170	0	62547
10168	446	496	1817	57400	0	60159
10169	429	57647	933	2090	0	61099
10170	420	61555	565	1231	0	63771
10171	60886	2059	505	983	0	64433
10172	61620	865	527	858	0	63870
10173	2384	534	60205	654	0	63777
10174	58446	442	1825	651	0	61364
10175	1935	59431	950	783	0	63099
10176	62195	1719	536	664	0	65114
10177	2115	911	425	61612	0	65063
10178	1165	626	63013	1934	0	66738
10179	832	474	1763	61996	0	65065
10180	764	409	62320	2162	0	65655
10181	59336	359	1973	1115	0	62783
10182	1831	374	989	62515	0	65709
10183	934	63847	603	2147	0	67531
10184	635	1819	462	66720	0	69636
10185	682	832	64527	2391	0	68432
10186	585	62580	1815	1365	0	66345
10187	59976	1634	920	840	0	63370
10188	1478	58298	594	590	0	60960
10189	605	57389	366	418	0	58778
10190	420	1773	270	56113	0	58576
10191	271	56255	299	1400	0	58225
10192	351	1502	214	58688	0	60755
10193	310	766	56986	1580	0	59642
10194	51812	431	1233	701	0	54177
10195	56522	352	521	432	0	57827
10196	1787	348	56311	317	0	58763
10197	52853	276	1146	330	0	54605
10198	1367	54375	541	353	0	56636
10199	56512	1190	692	282	0	58676
10200	1358	597	222	55450	0	57627
10201	652	437	55113	1232	0	57434
10202	391	55917	1141	664	0	58113
10203	372	1118	496	56996	0	58982
10204	259	529	263	58541	0	59592
10205	56340	257	203	1583	0	58383
10206	52700	250	244	704	0	53898
10207	1432	52396	238	421	0	54487
10208	478	49765	178	249	0	50670
10209	233	49766	125	173	0	50297
10210	218	867	358	49706	0	51149
10211	49173	302	195	733	0	50403
10212	48469	169	54	279	0	48971
10213	849	123	65	47941	0	48978
10214	315	106	61	48647	0	49129
10215	48264	102	60	869	0	49295
10216	726	117	67	49508	0	50418
10217	263	140	50235	799	0	51437
10218	49748	103	613	314	0	50778
10219	50956	105	193	194	0	51448
10220	934	129	51437	191	0	52691
10221	52659	91	625	159	0	53534
10222	840	96	190	55010	0	56136
10223	311	119	118	55003	0	55551
10224	188	113	119	56098	0	56518
10225	54962	106	88	984	0	56140
10226	733	54617	130	449	0	55929
10227	299	731	112	56117	0	57259
10228	226	53662	116	754	0	54758
10229	55406	785	87	301	0	56579
10230	801	304	100	55485	0	56690
10231	349	330	93	55940	0	56712
10232	264	55387	178	947	0	56776
10233	277	807	55431	373	0	56888
10234	205	316	699	56500	0	57720
10235	57534	214	229	876	0	58853
10236	61496	164	157	372	0	62189
10237	1509	217	65049	269	0	67044
10238	530	138	1320	65642	0	67630
10239	286	66746	538	1515	0	69085
10240	206	1428	263	70638	0	72535
10241	70044	509	158	1739	0	72450
10242	70568	306	121	698	0	71693
10243	1945	195	120	68810	0	71070
10244	771	66508	152	1565	0	68996
10245	74530	1478	95	573	0	76676
10246	1665	584	78	75603	0	77930
10247	75709	364	91	1779	0	77943
10248	79776	246	99	706	0	80827
10249	2151	197	74	79722	0	82144
10250	895	151	113	80325	0	81484
10251	533	153	87	82231	0	83004
10252	360	78509	129	2440	0	81438
10253	343	1674	74	82018	0	84109
10254	345	610	91	82249	0	83295
10255	371	369	78231	2451	0	81422
10256	356	475	75519	1067	0	77417
10257	328	190	1961	77027	0	79506
10258	76970	136	881	2033	0	80020
10259	1663	75712	400	1006	0	78781
10260	76242	1672	202	618	0	78734
10261	2008	647	75558	550	0	78763
10262	844	402	73162	547	0	74955
10263	445	72200	1941	462	0	75048
10264	555	1665	1125	74888	0	78233
10265	360	523	74510	1601	0	76994
10266	371	347	74937	637	0	76292
10267	203	299	1657	74798	0	76957
10268	75758	197	749	1580	0	78284
10269	75404	132	379	658	0	76573
10270	1822	113	212	74338	0	76485
10271	860	184	78724	1580	0	81348
10272	539	133	1341	79611	0	81624
10273	288	150	544	79161	0	80143
10274	184	78510	403	1833	0	80930
10275	80535	1306	235	904	0	82980
10276	80191	576	212	544	0	81523
10277	1746	79205	250	591	0	81792
10278	733	1398	182	77682	0	79995
10279	457	78104	342	1447	0	80350
10280	81229	1500	319	628	0	83676
10281	1662	632	77695	556	0	80545
10282	770	469	74550	396	0	76185
10283	483	354	75636	280	0	76753
10284	371	239	1912	74880	0	77402
10285	235	152	780	76709	0	77876
10286	76685	161	496	1773	0	79115
10287	1363	261	241	75625	0	77490
10288	610	192	198	78724	0	79724
10289	456	189	80755	1891	0	83291
10290	353	237	76574	856	0	78020
10291	76742	244	1638	653	0	79277
10292	1477	77005	777	467	0	79726
10293	81267	1236	441	386	0	83330
10294	1590	504	282	80274	0	82650
10295	664	340	316	80227	0	81547
10296	508	77276	274	1902	0	79960
10297	349	1387	240	80486	0	82462
10298	79229	595	254	1820	0	81898
10299	1520	381	209	79364	0	81474
10300	809	303	78232	1822	0	81166
10301	548	75048	1357	1033	0	77986
10302	77971	1323	589	759	0	80642
10303	78709	620	397	568	0	80294
10304	78249	410	301	509	0	79469
10305	79072	249	342	523	0	80186
10306	2090	248	324	77112	0	79774
10307	993	237	329	79197	0	80756
10308	694	259	76464	2328	0	79745
10309	474	221	1236	76468	0	78399
10310	577	251	76277	1922	0	79027
10311	437	218	1410	76930	0	78995
10312	76462	191	602	2025	0	79280
10313	1463	77942	554	1032	0	80991
10314	769	1299	413	80034	0	82515
10315	647	573	316	81923	0	83459
10316	80069	420	319	2056	0	82864
10317	75793	264	337	1123	0	77517
10318	1945	245	76080	864	0	79134
10319	883	74781	1443	821	0	77928
10320	583	1378	653	76156	0	78770
10321	391	634	492	77018	0	78535
10322	75495	373	429	2046	0	78343
10323	74572	288	407	1138	0	76405
10324	1996	269	75099	734	0	78098
10325	1004	369	73844	499	0	75716
10326	706	262	1816	72050	0	74834
10327	614	204	866	75272	0	76956
10328	547	265	73011	2019	0	75842
10329	69434	208	1493	1029	0	72164
10330	1567	197	690	74303	0	76757
10331	73595	150	503	1833	0	76081
10332	1553	70307	503	1080	0	73443
10333	74071	1237	432	844	0	76584
10334	1899	601	79159	649	0	82308
10335	890	76419	1568	701	0	79578
10336	549	76009	612	417	0	77587
10337	72010	1076	711	322	0	74119
10338	70260	308	152	210	0	70930
10339	955	145	111	68937	0	70148
10340	422	68513	155	811	0	69901
10341	235	70316	142	390	0	71083
10342	183	960	96	72083	0	73322
10343	71956	354	115	865	0	73290
10344	71489	187	106	416	0	72198
10345	1055	168	67004	190	0	68417
10346	63616	85	595	134	0	64430
10347	726	69377	274	137	0	70514
10348	73226	1002	90	96	0	74414
10349	1669	90470	159	140	0	92438
10350	479	100790	145	147	0	101561
10351	389	4099	56	113585	0	118129
10352	120889	1842	133	4118	0	126982
10353	125286	1023	74	1613	0	127996
10354	6099	627	118160	1167	0	126053
10355	2890	323	4165	120348	0	127726
10356	122073	222	1564	4887	0	128746
10357	5351	187	1088	123188	0	129814
10358	123816	157	535	5776	0	130284
10359	126488	155	453	2313	0	129409
10360	6936	256	119807	1756	0	128755
10361	3480	182	4387	119243	0	127292
10362	2141	233	1624	125323	0	129321
10363	1420	237	1155	127543	0	130355
10364	1101	328	116765	7492	0	125686
10365	809	301	4621	121150	0	126881
10366	775	224	1812	119295	0	122106
10367	670	116620	1453	7135	0	125878
10368	823	4552	112034	3735	0	121144
10369	515	119088	4606	2469	0	126678
10370	118700	5729	1755	1668	0	127852
10371	5012	2567	1291	113031	0	121901
10372	2273	2600	740	110537	0	116150
10373	1877	113883	649	6223	0	122632
10374	114389	5135	514	3578	0	123616
10375	117723	2036	573	2259	0	122591
10376	7150	111599	738	1926	0	121413
10377	3603	117113	869	1807	0	123392
10378	117410	6237	471	1777	0	125895
10379	6558	3092	111469	1418	0	122537
10380	3348	2172	111421	1614	0	118555
10381	110818	1365	5980	1056	0	119219
10382	5944	112486	3368	1175	0	122973
10383	117078	5047	2413	1156	0	125694
10384	6469	2508	114761	1791	0	125529
10385	115785	1735	5028	1912	0	124460
10386	6561	118242	2535	1909	0	129247
10387	3224	5120	2178	122264	0	132786
10388	2715	2363	1100	125120	0	131298
10389	2009	2073	1038	120680	0	125800
10390	1826	1727	944	122347	0	126844
10391	1474	1547	1206	119130	0	123357
10392	1726	114708	717	8600	0	125751
10393	118748	4931	802	4941	0	129422
10394	5645	2429	114305	4189	0	126568
10395	3001	1993	4897	119281	0	129172
10396	2826	1700	117640	6605	0	128771
10397	2435	1304	5983	118870	0	128592
10398	2203	1322	2732	123507	0	129764
10399	119243	1674	2270	7865	0	131052
10400	6035	1523	115088	4586	0	127232
10401	3161	113939	5787	3248	0	126135
10402	2250	5143	3229	118181	0	128803
10403	1941	2453	2489	124675	0	131558
10404	1995	2424	117740	7693	0	129852
10405	1650	1877	5333	119201	0	128061
10406	1929	1507	2515	125852	0	131803
10407	116039	1355	2234	8146	0	127774
10408	5835	118524	1292	4879	0	130530
10409	121047	5832	1230	3738	0	131847
10410	124044	2735	803	3546	0	131128
10411	7462	2195	847	120277	0	130781
10412	4310	1486	116354	7252	0	129402
10413	3113	1628	117407	4139	0	126287
10414	2463	1569	6574	117207	0	127813
10415	2294	1666	3601	114533	0	122094
10416	2140	116022	2815	7524	0	128501
10417	116670	5241	2462	4464	0	128837
10418	5788	115491	2023	3796	0	127098
10419	2906	120815	1961	2952	0	128634
10420	118720	7019	1060	3364	0	130163
10421	6556	4063	1090	116413	0	128122
10422	4018	121008	1129	6377	0	132532
10423	2662	6752	1309	123938	0	134661
10424	2059	3445	117288	8121	0	130913
10425	1666	2419	119796	5145	0	129026
10426	1277	1646	6771	122553	0	132247
10427	1289	1290	122068	7724	0	132371
10428	1177	1040	6847	122978	0	132042
10429	1281	1107	3470	125473	0	131331
10430	1548	1286	2623	129250	0	134707
10431	120104	1599	1864	9452	0	133019
10432	6226	115960	1622	5520	0	129328
10433	3090	122558	1385	4472	0	131505
10434	114395	6482	1416	3444	0	125737
10435	117015	3383	1679	2770	0	124847
10436	6814	2597	1377	113570	0	124358
10437	3673	2024	112612	6842	0	125151
10438	2716	1889	4943	115129	0	124677
10439	2232	1858	113329	7190	0	124609
10440	2103	111792	5823	4006	0	123724
10441	1477	5819	2673	118311	0	128280
10442	116971	2902	2148	6506	0	128527
10443	5827	2194	1442	119122	0	128585
10444	2901	1699	112828	7132	0	124560
10445	110457	1832	5239	3927	0	121455
10446	6388	1296	114136	3619	0	125439
10447	3278	1227	112387	1997	0	118889
10448	2278	104455	6240	2217	0	115190
10449	1051	85818	2365	1042	0	90276
10450	1007	80940	1904	1161	0	85012
10451	67455	1838	2269	922	0	72484
10452	63180	267	220	258	0	63925
10453	402	94	70	64596	0	65162
10454	161	112	49	64910	0	65232
10455	114	89	58	68233	0	68494
10456	106	64730	115	523	0	65474
10457	69116	315	58	206	0	69695
10458	384	65952	130	189	0	66655
10459	139	411	90	68577	0	69217
10460	69352	150	77	434	0	70013
10461	386	120	73	67041	0	67620
10462	163	109	59	68600	0	68931
10463	69710	85	77	536	0	70408
10464	66707	96	97	267	0	67167
10465	569	88	67151	183	0	67991
10466	266	122	64822	138	0	65348
10467	196	124	67983	128	0	68431
10468	106	105	646	65802	0	66659
10469	84	99	247	69099	0	69529
10470	96	68262	189	607	0	69154
10471	72275	539	95	260	0	73169
10472	533	208	94	72512	0	73347
10473	231	130	64	73253	0	73678
10474	173	71836	103	812	0	72924
10475	126	75667	126	356	0	76275
10476	120	711	65	78862	0	79758
10477	120	246	77	89201	0	89644
10478	89044	159	70	1629	0	90902
10479	88161	132	95	611	0	88999
10480	1769	131	69	88272	0	90241
10481	776	147	87083	1604	0	89610
10482	508	225	82620	649	0	84002
10483	262	85	1644	85075	0	87066
10484	224	108	660	83614	0	84606
10485	190	81303	436	1958	0	83887
10486	81599	1383	228	870	0	84080
10487	1465	506	202	81472	0	83645
10488	595	371	80735	1703	0	83404
10489	387	178	1425	81904	0	83894
10490	314	195	81653	1946	0	84108
10491	251	257	82295	958	0	83761
10492	224	352	1840	83673	0	86089
10493	84835	108	796	1728	0	87467
10494	1524	104	83519	738	0	85885
10495	557	74	1502	81176	0	83309
10496	473	120	87792	1691	0	90076
10497	242	98	1699	86491	0	88530
10498	198	96	610	88147	0	89051
10499	280	123	87098	2179	0	89680
10500	264	193	83952	1020	0	85429
10501	279	145	2007	79169	0	81600
10502	199	82	866	86832	0	87979
10503	157	90	609	88124	0	88980
10504	145	92	415	87858	0	88510
10505	86408	70	390	2472	0	89340
10506	86496	112	340	1217	0	88165
10507	1865	83339	348	897	0	86449
10508	87586	1370	296	588	0	89840
10509	1804	485	338	86552	0	89179
10510	88129	305	338	1876	0	90648
10511	1867	198	84932	891	0	87888
10512	84769	127	1651	777	0	87324
10513	1835	147	726	85270	0	87978
10514	806	82	553	89266	0	90707
10515	89127	77	397	2389	0	91990
10516	1903	94	320	96187	0	98504
10517	754	143	100571	2946	0	104414
10518	99777	109	2283	1382	0	103551
10519	2500	101682	1050	1149	0	106381
10520	988	2177	606	113965	0	117736
10521	874	805	121117	3517	0	126313
10522	491	576	3277	121689	0	126033
10523	538	579	119592	4275	0	124984
10524	448	223	3611	121035	0	125317
10525	376	119926	1416	4258	0	125976
10526	437	3191	856	123752	0	128236
10527	499	126796	676	4214	0	132185
10528	488	4286	454	128517	0	133745
10529	525	1290	458	137304	0	139577
10530	642	788	428	138185	0	140043
10531	621	487	499	138047	0	139654
10532	648	307	603	139458	0	141016
10533	732	476	128057	6694	0	135959
10534	493	362	4091	133395	0	138341
10535	402	297	1705	137954	0	140358
10536	133373	284	1290	6579	0	141526
10537	4095	129908	927	3490	0	138420
10538	133607	4257	741	2411	0	141016
10539	5023	1607	660	134186	0	141476
10540	1922	1386	126062	5754	0	135124
10541	1106	129115	4300	3099	0	137620
10542	128893	4493	1731	2319	0	137436
10543	4397	127484	1239	2202	0	135322
10544	1518	134026	1031	1994	0	138569
10545	131812	5675	972	2107	0	140566
10546	4734	2376	795	141509	0	149414
10547	141020	1319	726	6578	0	149643
10548	5673	874	934	139019	0	146500
10549	2196	731	133907	7459	0	144293
10550	1434	838	133681	3756	0	139709
10551	128873	574	6194	3094	0	138735
10552	136705	846	2593	2275	0	142419
10553	6685	649	1634	131025	0	139993
10554	2819	704	1052	135849	0	140424
10555	127272	838	881	7791	0	136782
10556	5597	123495	879	4093	0	134064
10557	2494	129661	664	3135	0	135954
10558	128169	6204	781	2231	0	137385
10559	130444	2737	706	1969	0	135856
10560	7040	126444	827	1776	0	136087
10561	3506	5493	691	128824	0	138514
10562	2450	2438	124036	6287	0	135211
10563	1958	1944	125952	2945	0	132799
10564	123050	1362	6444	2415	0	133271
10565	6176	986	124489	1972	0	133623
10566	2978	1017	5728	121030	0	130753
10567	2295	892	2300	121687	0	127174
10568	1770	121539	1632	7071	0	132012
10569	122273	5302	1224	3631	0	132430
10570	6241	2185	997	123664	0	133087
10571	2905	1935	116127	6475	0	127442
10572	2393	117034	4854	3391	0	127672
10573	1818	5832	2124	119386	0	129160
10574	1796	2346	115059	6206	0	125407
10575	1699	1825	112973	3214	0	119711
10576	1324	111164	6393	2927	0	121808
10577	100883	4309	2636	1764	0	109592
10578	4528	102878	1717	1912	0	111035
10579	104671	4920	1216	1683	0	112490
10580	5446	2150	99721	1714	0	109031
10581	99313	1591	4304	1832	0	107040
10582	5051	100446	1922	1789	0	109208
10583	2422	4507	1521	100977	0	109427
10584	1707	2097	1206	106719	0	111729
10585	103551	1577	1109	6188	0	112425
10586	4712	1335	100362	3328	0	109737
10587	101315	1330	4552	2386	0	109583
10588	105066	1188	2121	2170	0	110545
10589	5928	1086	99046	2041	0	108101
10590	2713	1170	101384	1849	0	107116
10591	2100	1397	5360	97836	0	106693
10592	98869	1168	2521	5360	0	107918
10593	99770	1299	1812	2708	0	105589
10594	5923	98822	1393	2284	0	108422
10595	2908	4522	1156	102120	0	110706
10596	2307	2169	1185	100590	0	106251
10597	1907	1751	1015	101965	0	106638
10598	1745	1340	1126	104042	0	108253
10599	98694	1207	1296	6803	0	108000
10600	5365	1181	1150	102431	0	110127
10601	2847	1282	97109	5758	0	106996
10602	2509	1166	96941	2776	0	103392
10603	94791	1199	5522	2112	0	103624
10604	5650	94059	2668	1864	0	104241
10605	2789	99625	2102	1530	0	106046
10606	2655	5405	1407	98836	0	108303
10607	2160	2472	1312	102823	0	108767
10608	2004	1636	1222	102190	0	107052
10609	1801	1324	1102	105126	0	109353
10610	1841	1190	96052	7160	0	106243
10611	1810	1015	4491	99611	0	106927
10612	1911	1007	1942	103091	0	107951
10613	1822	938	93878	6730	0	103368
10614	89529	826	5091	3581	0	99027
10615	4990	92955	2388	2804	0	103137
10616	86857	3625	1482	2189	0	94153
10617	4522	1394	78880	1590	0	86386
10618	2111	1009	75652	1486	0	80258
10619	1478	73521	3977	1416	0	80392
10620	63817	4158	5506	1604	0	75085
10621	57410	934	1103	959	0	60406
10622	57312	893	549	765	0	59519
10623	2906	54427	492	801	0	58626
10624	54923	2047	467	707	0	58144
10625	2586	827	51881	614	0	55908
10626	1035	51468	2037	629	0	55169
10627	47649	1787	998	542	0	50976
10628	1872	47881	598	537	0	50888
10629	46010	1659	409	381	0	48459
10630	45922	620	507	351	0	47400
10631	2098	435	44381	321	0	47235
10632	963	44795	1560	320	0	47638
10633	44938	1426	626	297	0	47287
10634	1690	590	43458	276	0	46014
10635	749	43047	1404	354	0	45554
10636	525	1241	444	43005	0	45215
10637	440	511	42440	1304	0	44695
10638	376	415	41141	540	0	42472
10639	379	403	1305	42054	0	44141
10640	41391	188	602	1292	0	43473
10641	1201	40621	420	647	0	42889
10642	541	1043	40972	427	0	42983
10643	461	440	40308	252	0	41461
10644	37417	511	1515	207	0	39650
10645	1080	39138	656	191	0	41065
10646	31946	449	111	34	0	32540
10647	468	31068	83	58	0	31677
10648	31707	570	68	38	0	32383
10649	30987	149	68	34	0	31238
10650	521	29509	81	62	0	30173
10651	216	416	62	30681	0	31375
10652	31971	164	71	437	0	32643
10653	544	105	62	32279	0	32990
10654	174	69	81	34532	0	34856
10655	34545	56	96	788	0	35485
10656	699	33835	105	249	0	34888
10657	35505	721	69	141	0	36436
10658	854	204	33966	81	0	35105
10659	246	145	693	34582	0	35666
10660	166	90	198	35114	0	35568
10661	34652	90	132	881	0	35755
10662	34620	87	88	324	0	35119
10663	911	79	70	34375	0	35435
10664	371	103	33998	819	0	35291
10665	198	96	694	34455	0	35443
10666	159	82	173	35009	0	35423
10667	153	74	120	35489	0	35836
10668	100	99	83	35668	0	35950
10669	34936	61	85	1052	0	36134
10670	851	92	33836	369	0	35148
10671	256	33658	750	259	0	34923
10672	212	926	195	34485	0	35818
10673	197	198	138	36556	0	37089
10674	173	175	35313	1053	0	36714
10675	181	142	34828	390	0	35541
10676	167	84	936	35875	0	37062
10677	161	307	279	36417	0	37164
10678	198	180	35260	1108	0	36746
10679	156	100	885	35205	0	36346
10680	35501	73	280	1101	0	36955
10681	943	35029	209	447	0	36628
10682	363	1058	34954	280	0	36655
10683	241	35115	850	250	0	36456
10684	203	953	261	36235	0	37652
10685	233	299	35810	977	0	37319
10686	181	34873	932	469	0	36455
10687	159	893	316	36402	0	37770
10688	184	280	36322	1032	0	37818
10689	175	195	931	36112	0	37413
10690	196	120	292	37466	0	38074
10691	36962	113	223	1249	0	38547
10692	1003	147	154	37034	0	38338
10693	37106	112	174	1192	0	38584
10694	34291	127	175	452	0	35045
10695	34054	126	177	375	0	34732
10696	1206	112	146	32823	0	34287
10697	408	114	31419	1123	0	33064
10698	279	143	31311	427	0	32160
10699	32053	93	1069	314	0	33529
10700	989	120	30781	245	0	32135
10701	28471	69	805	221	0	29566
10702	837	29033	320	226	0	30416
10703	30137	721	224	232	0	31314
10704	920	216	30309	231	0	31676
10705	313	134	31326	243	0	32016
10706	219	79	943	31488	0	32729
10707	182	90	33387	1065	0	34724
10708	181	89	35023	397	0	35690
10709	166	91	1170	37568	0	38995
10710	167	85	391	39653	0	40296
10711	159	101	248	40487	0	40995
10712	149	40105	211	1757	0	42222
10713	175	1292	178	39245	0	40890
10714	156	40834	202	1440	0	42632
10715	41070	1390	193	572	0	43225
10716	42557	438	178	415	0	43588
10717	1710	251	169	40202	0	42332
10718	616	39374	234	1505	0	41729
10719	376	1341	40169	655	0	42541
10720	41216	379	1456	459	0	43510
10721	1556	231	527	41619	0	43933
10722	552	150	340	42125	0	43167
10723	358	365	229	43837	0	44789
10724	41717	126	228	2150	0	44221
10725	1545	39617	241	867	0	42270
10726	542	41622	254	574	0	42992
10727	39011	1726	229	388	0	41354
10728	1434	40112	234	382	0	42162
10729	40519	1621	229	329	0	42698
10730	40583	550	221	332	0	41686
10731	1864	39472	218	348	0	41902
10732	654	1495	225	38725	0	41099
10733	360	39347	219	1645	0	41571
10734	312	1575	206	39579	0	41672
10735	285	555	191	42802	0	43833
10736	41883	354	192	2198	0	44627
10737	43765	247	195	897	0	45104
10738	2213	243	184	43248	0	45888
10739	894	262	41078	2057	0	44291
10740	40786	236	1692	796	0	43510
10741	1892	41026	613	613	0	44144
10742	689	1727	424	41672	0	44512
10743	538	566	302	43182	0	44588
10744	383	429	261	44052	0	45125
10745	40677	298	191	2627	0	43793
10746	40585	284	186	1136	0	42191
10747	2197	38429	237	777	0	41640
10748	879	40501	218	556	0	42154
10749	647	2031	158	39251	0	42087
10750	510	905	178	41046	0	42639
10751	390	525	38369	2291	0	41575
10752	322	350	1596	38896	0	41164
10753	329	270	37670	2198	0	40467
10754	282	232	36167	859	0	37540
10755	249	34908	1800	631	0	37588
10756	370	1455	647	35765	0	38237
10757	36364	512	334	1753	0	38963
10758	1574	400	221	36576	0	38771
10759	687	296	35536	1860	0	38379
10760	34919	310	1462	780	0	37471
10761	36381	260	501	584	0	37726
10762	2023	294	34265	418	0	37000
10763	884	243	1370	36468	0	38965
10764	36326	204	518	1735	0	38783
10765	1728	36207	349	803	0	39087
10766	37627	1561	252	667	0	40107
10767	39009	584	240	526	0	40359
10768	2084	461	209	37546	0	40300
10769	912	327	175	39500	0	40914
10770	38652	298	209	2216	0	41375
10771	1882	226	192	39377	0	41677
10772	793	271	37740	2191	0	40995
10773	36603	227	1512	926	0	39268
10774	37821	249	517	677	0	39264
10775	2027	36679	381	542	0	39629
10776	856	38476	233	616	0	40181
10777	621	1937	167	37014	0	39739
10778	466	38440	154	1727	0	40787
10779	460	1710	162	39357	0	41689
10780	38350	634	156	1918	0	41058
10781	38087	455	219	852	0	39613
10782	1970	37041	226	715	0	39952
10783	37089	1539	214	506	0	39348
10784	1823	36868	201	506	0	39398
10785	37216	1716	219	459	0	39610
10786	37908	650	216	480	0	39254
10787	2132	484	35599	460	0	38675
10788	35371	369	1408	413	0	37561
10789	1965	34670	511	410	0	37556
10790	890	36765	343	431	0	38429
10791	36970	1857	263	392	0	39482
10792	1874	766	189	36817	0	39646
10793	928	527	36052	1669	0	39176
10794	717	389	1391	36400	0	38897
10795	568	339	510	38561	0	39978
10796	583	301	36311	2089	0	39284
10797	34780	319	1457	1004	0	37560
10798	1737	35807	565	928	0	39037
10799	36266	1483	382	559	0	38690
10800	1942	586	286	35728	0	38542
10801	35798	449	222	1690	0	38159
10802	1951	35127	221	801	0	38100
10803	877	1577	192	35920	0	38566
10804	35628	609	190	1776	0	38203
10805	1825	461	33032	891	0	36209
10806	841	324	30987	628	0	32780
10807	28857	393	1710	477	0	31437
10808	1476	28055	559	445	0	30535
10809	552	25224	292	264	0	26332
10810	721	1354	496	23774	0	26345
10811	396	24418	201	1003	0	26018
10812	347	1058	165	24707	0	26277
10813	334	402	182	25475	0	26393
10814	322	287	214	24967	0	25790
10815	335	23906	227	1264	0	25732
10816	296	855	159	23986	0	25296
10817	356	340	22561	1052	0	24309
10818	305	23026	713	466	0	24510
10819	258	775	232	21828	0	23093
10820	280	22428	203	700	0	23611
10821	22837	832	130	340	0	24139
10822	22654	302	136	348	0	23440
10823	22613	240	166	285	0	23304
10824	980	23169	165	268	0	24582
10825	544	785	125	23834	0	25288
10826	421	323	23692	756	0	25192
10827	371	311	23197	299	0	24178
10828	22329	311	725	281	0	23646
10829	23287	237	272	288	0	24084
10830	907	281	177	24340	0	25705
10831	486	190	113	25756	0	26545
10832	381	180	25644	1082	0	27287
10833	293	24629	771	506	0	26199
10834	319	25399	290	495	0	26503
10835	223	687	23569	234	0	24713
10836	166	493	538	22090	0	23287
10837	147	200	254	21242	0	21843
10838	162	140	83	23144	0	23529
10839	153	134	84	23035	0	23406
10840	22957	121	88	672	0	23838
10841	578	127	21828	252	0	22785
10842	21684	137	456	162	0	22439
10843	573	141	141	22243	0	23098
10844	22222	126	95	531	0	22974
10845	579	118	91	22379	0	23167
10846	257	123	22311	571	0	23262
10847	200	188	467	22727	0	23582
10848	143	150	23034	593	0	23920
10849	169	91	426	22542	0	23228
10850	144	124	23512	543	0	24323
10851	111	23127	462	282	0	23982
10852	139	389	146	23436	0	24110
10853	116	181	96	23081	0	23474
10854	93	22553	97	475	0	23218
10855	23577	392	71	234	0	24274
10856	413	189	71	23303	0	23976
10857	172	118	100	23048	0	23438
10858	23289	93	86	587	0	24055
10859	22926	83	78	299	0	23386
10860	23810	94	88	190	0	24182
10861	23901	89	68	196	0	24254
10862	650	99	22311	162	0	23222
10863	22148	90	382	131	0	22751
10864	23081	88	164	142	0	23475
10865	569	69	100	22093	0	22831
10866	228	92	86	22156	0	22562
10867	21631	72	69	578	0	22350
10868	455	21017	62	260	0	21794
10869	184	327	51	21162	0	21724
10870	115	128	21300	415	0	21958
10871	94	20724	318	197	0	21333
10872	21243	290	261	119	0	21913
10873	21412	124	62	95	0	21693
10874	21186	46	47	80	0	21359
10875	21478	45	40	73	0	21636
10876	427	50	27	20497	0	21001
10877	179	48	20043	336	0	20606
10878	114	79	20570	151	0	20914
10879	98	32	448	21871	0	22449
10880	23403	31	167	452	0	24053
10881	517	29	69	23523	0	24138
10882	185	42	23987	553	0	24767
10883	24413	27	517	215	0	25172
10884	24769	30	157	113	0	25069
10885	691	20	100	25030	0	25841
10886	242	35	26444	608	0	27329
10887	201	30	26686	178	0	27095
10888	25770	24	669	152	0	26615
10889	607	26133	238	164	0	27142
10890	225	522	26933	96	0	27776
10891	127	107	575	26708	0	27517
10892	28069	53	184	647	0	28953
10893	622	26432	143	227	0	27424
10894	209	27176	124	156	0	27665
10895	27845	675	69	121	0	28710
10896	660	190	95	27530	0	28475
10897	29789	99	86	647	0	30621
10898	737	79	71	30313	0	31200
10899	241	57	71	31023	0	31392
10900	145	71	29953	911	0	31080
10901	136	90	28471	304	0	29001
10902	171	69	30428	177	0	30845
10903	147	74	839	30171	0	31231
10904	31106	64	265	746	0	32181
10905	801	53	30939	267	0	32060
10906	292	41	725	30804	0	31862
10907	242	151	31365	806	0	32564
10908	153	31502	763	311	0	32729
10909	159	832	262	32853	0	34106
10910	153	180	167	33016	0	33516
10911	158	100	142	33055	0	33455
10912	32531	64	138	1064	0	33797
10913	785	63	132	32906	0	33886
10914	273	61	163	33629	0	34126
10915	33060	65	144	1038	0	34307
10916	873	73	31984	389	0	33319
10917	31922	60	762	261	0	33005
10918	32209	76	247	219	0	32751
10919	1046	70	31352	181	0	32649
10920	29218	64	757	215	0	30254
10921	874	53	268	30797	0	31992
10922	365	61	31519	776	0	32721
10923	31120	45	743	360	0	32268
10924	31456	42	258	255	0	32011
10925	954	34	174	30790	0	31952
10926	407	39	144	31126	0	31716
10927	285	35	137	31588	0	32045
10928	30538	23	136	1101	0	31798
10929	834	29876	174	457	0	31341
10930	29269	607	128	267	0	30271
10931	777	27403	153	215	0	28548
10932	317	26932	156	200	0	27605
10933	224	722	131	27568	0	28645
10934	220	192	129	27916	0	28457
10935	189	121	118	27746	0	28174
10936	162	63	132	28125	0	28482
10937	206	61	26735	940	0	27942
10938	25943	70	654	393	0	27060
10939	744	64	207	27805	0	28820
10940	288	78	27707	839	0	28912
10941	221	82	671	27732	0	28706
10942	235	78	198	28618	0	29129
10943	209	112	29804	912	0	31037
10944	185	95	662	29565	0	30507
10945	182	92	222	30201	0	30697
10946	30140	94	162	965	0	31361
10947	758	73	30076	433	0	31340
10948	29127	57	676	368	0	30228
10949	744	29954	265	306	0	31269
10950	30413	613	184	278	0	31488
10951	29604	176	193	281	0	30254
10952	899	104	155	29720	0	30878
10953	391	90	29563	849	0	30893
10954	237	31223	718	423	0	32601
10955	202	789	241	31190	0	32422
10956	172	33880	196	839	0	35087
10957	34663	928	196	342	0	36129
10958	1026	229	33894	321	0	35470
10959	284	377	33128	293	0	34082
10960	234	105	989	32689	0	34017
10961	240	94	34150	1069	0	35553
10962	189	87	946	34289	0	35511
10963	201	104	269	35565	0	36139
10964	35517	72	213	1210	0	37012
10965	988	34821	208	458	0	36475
10966	301	863	171	36469	0	37804
10967	227	207	192	37640	0	38266
10968	209	159	182	37038	0	37588
10969	193	35268	211	1214	0	36886
10970	191	36257	180	479	0	37107
10971	35503	972	150	367	0	36992
10972	35727	265	168	327	0	36487
10973	35563	178	166	274	0	36181
10974	1187	138	34584	334	0	36243
10975	372	110	873	34477	0	35832
10976	297	144	34415	1095	0	35951
10977	233	33901	921	455	0	35510
10978	34117	800	236	285	0	35438
10979	917	227	33040	251	0	34435
10980	398	216	713	31993	0	33320
10981	230	102	32875	817	0	34024
10982	31169	59	652	305	0	32185
10983	33032	89	220	230	0	33571
10984	33592	67	175	193	0	34027
10985	32541	75	141	192	0	32949
10986	861	101	34271	185	0	35418
10987	33153	74	566	150	0	33943
10988	34786	68	217	139	0	35210
10989	750	33305	165	180	0	34400
10990	34169	529	106	127	0	34931
10991	34945	161	82	123	0	35311
10992	737	127	96	32360	0	33320
10993	303	33883	99	540	0	34825
10994	36967	523	100	181	0	37771
10995	39077	155	97	142	0	39471
10996	1045	126	43001	161	0	44333
10997	395	120	43148	101	0	43764
10998	273	106	44699	118	0	45196
10999	156	196	1517	43847	0	45716
11000	44839	74	541	1189	0	46643
11001	1215	43930	295	427	0	45867
11002	44404	1148	189	247	0	45988
11003	1330	44719	137	181	0	46367
11004	44667	1287	118	125	0	46197
11005	1622	43028	197	106	0	44953
11006	473	44521	179	107	0	45280
11007	43316	1401	194	83	0	44994
11008	1165	44399	98	88	0	45750
11009	379	1266	60	45085	0	46790
11010	310	405	44901	1122	0	46738
11011	206	303	44761	300	0	45570
11012	135	341	1345	43540	0	45361
11013	133	116	438	46451	0	47138
11014	158	134	45382	1468	0	47142
11015	122	129	1151	44507	0	45909
11016	152	97	332	46815	0	47396
11017	46033	107	260	1519	0	47919
11018	1189	45643	196	607	0	47635
11019	378	1208	176	44788	0	46550
11020	268	47148	185	1155	0	48756
11021	48345	1335	166	389	0	50235
11022	1229	48194	158	321	0	49902
11023	49890	1361	116	199	0	51566
11024	50374	442	86	176	0	51078
11025	1630	310	80	48809	0	50829
11026	616	225	107	49120	0	50068
11027	412	200	127	50026	0	50765
11028	257	205	147	50453	0	51062
11029	233	219	47895	1787	0	50134
11030	43592	179	1189	700	0	45660
11031	1288	47262	402	564	0	49516
11032	517	1291	270	49964	0	52042
11033	409	418	217	50635	0	51679
11034	271	49442	196	1651	0	51560
11035	50105	1333	217	661	0	52316
11036	1312	49895	220	476	0	51903
11037	488	1461	174	50942	0	53065
11038	410	527	144	52257	0	53338
11039	356	387	89	52310	0	53142
11040	305	348	110	52150	0	52913
11041	51004	252	129	1970	0	53355
11042	1562	259	49471	752	0	52044
11043	498	259	1366	48689	0	50812
11044	442	206	512	49840	0	51000
11045	306	253	466	50612	0	51637
11046	319	191	313	50300	0	51123
11047	47764	175	249	2146	0	50334
11048	1566	251	46137	947	0	48901
11049	642	220	1199	45566	0	47627
11050	487	44345	424	1547	0	46803
11051	391	47442	303	663	0	48799
11052	47183	1697	171	521	0	49572
11053	1562	776	46187	396	0	48921
11054	42083	532	1117	325	0	44057
11055	1628	428	43506	485	0	46047
11056	555	257	1084	41346	0	43242
11057	43143	218	437	1280	0	45078
11058	1092	42972	406	722	0	45192
11059	419	1080	333	42084	0	43916
11060	306	42745	343	1281	0	44675
11061	44051	1171	268	689	0	46179
11062	43988	456	220	643	0	45307
11063	1461	317	174	43283	0	45235
11064	682	292	42268	1443	0	44685
11065	471	321	42045	771	0	43608
11066	358	325	1239	42207	0	44129
11067	301	43771	533	1269	0	45874
11068	308	1389	250	47248	0	49195
11069	288	698	140	46605	0	47731
11070	375	452	93	47301	0	48221
11071	347	364	45093	1949	0	47753
11072	313	236	1120	45475	0	47144
11073	278	199	463	47003	0	47943
11074	190	44065	386	2535	0	47176
11075	183	1277	248	45794	0	47502
11076	168	435	236	49213	0	50052
11077	208	255	243	49775	0	50481
11078	234	200	238	49795	0	50467
11079	264	184	162	49476	0	50086
11080	249	229	164	49494	0	50136
11081	213	296	137	48686	0	49332
11082	207	323	131	48336	0	48997
11083	284	387	42242	3875	0	46788
11084	322	332	1047	45307	0	47008
11085	45044	263	396	1894	0	47597
11086	1396	207	276	43034	0	44913
11087	651	155	43345	1914	0	46065
11088	41452	170	1248	1043	0	43913
11089	45095	166	465	820	0	46546
11090	45124	211	351	670	0	46356
11091	45509	182	226	698	0	46615
11092	1850	167	260	45591	0	47868
11093	822	166	43049	1813	0	45850
11094	530	40202	1146	1024	0	42902
11095	274	40209	478	722	0	41683
11096	412	723	1038	35855	0	38028
11097	152	197	72	36553	0	36974
11098	72	114	58	35511	0	35755
11099	68	75	47	36154	0	36344
11100	69	54	61	40940	0	41124
11101	44594	47	54	1245	0	45940
11102	1202	43292	83	607	0	45184
11103	504	44922	85	363	0	45874
11104	335	1887	67	47153	0	49442
11105	176	728	69	48903	0	49876
11106	122	369	75	48858	0	49424
11107	140	167	44	49070	0	49421
11108	138	155	44267	2639	0	47199
11109	136	42908	1428	1260	0	45732
11110	142	1402	476	46102	0	48122
11111	44499	579	263	1840	0	47181
11112	1449	399	145	45725	0	47718
11113	593	258	43588	2114	0	46553
11114	393	249	42127	1020	0	43789
11115	208	222	44423	769	0	45622
11116	167	257	2165	42455	0	45044
11117	45078	141	916	1902	0	48037
11118	1464	142	479	45818	0	47903
11119	606	125	259	47454	0	48444
11120	44953	128	198	2410	0	47689
11121	1618	119	210	46600	0	48547
11122	651	110	245	47340	0	48346
11123	471	121	46229	2452	0	49273
11124	255	45138	1551	1278	0	48222
11125	211	1429	662	49445	0	51747
11126	48333	542	444	2020	0	51339
11127	1577	327	305	49774	0	51983
11128	715	199	48574	2284	0	51772
11129	524	222	1500	49408	0	51654
11130	318	48201	642	2290	0	51451
11131	253	1446	421	51118	0	53238
11132	249	661	48120	2243	0	51273
11133	171	50638	1523	1199	0	53531
11134	193	1844	618	54626	0	57281
11135	188	727	426	60237	0	61578
11136	164	512	279	61393	0	62348
11137	157	254	240	62372	0	63023
11138	216	264	56465	3747	0	60692
11139	153	56263	2056	1826	0	60298
11140	59150	2142	742	1164	0	63198
11141	60915	806	564	840	0	63125
11142	2725	577	340	59993	0	63635
11143	1143	344	58310	2727	0	62524
11144	57275	222	2220	1321	0	61038
11145	2347	227	862	61173	0	64609
11146	1029	202	60963	2926	0	65120
11147	623	198	2317	62250	0	65388
11148	422	182	841	63933	0	65378
11149	339	174	618	65403	0	66534
11150	363	251	62519	3825	0	66958
11151	368	232	2271	61316	0	64187
11152	401	62652	954	3090	0	67097
11153	65119	2187	624	1451	0	69381
11154	66024	807	451	1139	0	68421
11155	66946	575	389	929	0	68839
11156	3400	63308	380	934	0	68022
11157	65473	2266	332	940	0	69011
11158	2911	833	357	64155	0	68256
11159	64403	572	381	2996	0	68352
11160	64435	361	365	1552	0	66713
11161	3298	361	60243	1234	0	65136
11162	1488	59886	2274	1002	0	64650
11163	62321	2272	930	819	0	66342
11164	2684	931	661	61811	0	66087
11165	1256	748	58937	2757	0	63698
11166	1045	59041	2247	1356	0	63689
11167	59502	2219	820	1035	0	63576
11168	2599	928	575	59432	0	63534
11169	1276	676	402	61165	0	63519
11170	986	473	316	61659	0	63434
11171	766	57504	319	3688	0	62277
11172	692	2228	299	61280	0	64499
11173	586	58065	418	3266	0	62335
11174	522	2562	392	60939	0	64415
11175	615	1081	57536	3113	0	62345
11176	562	797	2180	59494	0	63033
11177	536	465	927	61538	0	63466
11178	496	393	745	62979	0	64613
11179	517	455	57600	3995	0	62567
11180	468	379	2225	59632	0	62704
11181	485	367	986	62705	0	64543
11182	398	388	726	63409	0	64921
11183	398	418	494	63244	0	64554
11184	439	380	443	64199	0	65461
11185	461	476	58759	4300	0	63996
11186	491	366	2120	61754	0	64731
11187	493	345	969	62624	0	64431
11188	57360	320	716	3982	0	62378
11189	2337	55154	554	2386	0	60431
11190	1121	58675	448	1850	0	62094
11191	848	2731	431	59276	0	63286
11192	582	1205	435	59303	0	61525
11193	457	55823	466	3716	0	60462
11194	539	2237	390	58497	0	61663
11195	474	55008	355	3889	0	59726
11196	497	2432	387	57188	0	60504
11197	465	1032	381	57622	0	59500
11198	507	772	51486	3612	0	56377
11199	444	49908	2026	2188	0	54566
11200	453	49322	751	1471	0	51997
11201	41755	1622	567	825	0	44769
11202	1127	41739	235	664	0	43765
11203	581	1332	177	42577	0	44667
11204	464	540	39948	1570	0	42522
11205	300	546	1004	40036	0	41886
11206	40301	380	350	1773	0	42804
11207	1146	374	39415	957	0	41892
11208	435	39509	1075	836	0	41855
11209	371	1170	414	40250	0	42205
11210	277	457	399	43402	0	44535
11211	42978	379	288	1847	0	45492
11212	1068	324	231	44425	0	46048
11213	461	367	218	45288	0	46334
11214	363	420	202	45424	0	46409
11215	217	396	155	45636	0	46404
11216	43899	273	194	2082	0	46448
11217	43817	300	166	1246	0	45529
11218	1262	276	192	44357	0	46087
11219	43562	253	239	1680	0	45734
11220	1248	254	224	43205	0	44931
11221	462	261	40521	1840	0	43084
11222	414	243	38977	1039	0	40673
11223	459	283	1169	37703	0	39614
11224	279	36686	493	1451	0	38909
11225	250	1074	283	39397	0	41004
11226	38258	395	170	1754	0	40577
11227	927	376	150	38963	0	40416
11228	37035	239	209	1718	0	39201
11229	1153	191	207	38535	0	40086
11230	481	260	37214	1671	0	39626
11231	454	35254	921	938	0	37567
11232	297	37803	395	834	0	39329
11233	353	1060	145	34616	0	36174
11234	183	303	33432	1242	0	35160
11235	116	27452	312	340	0	28220
11236	104	250	166	28647	0	29167
11237	28240	97	89	392	0	28818
11238	205	120	27745	272	0	28342
11239	85	67	192	28170	0	28514
11240	87	42	76	29864	0	30069
11241	149	75	28715	335	0	29274
11242	100	118	26339	293	0	26850
11243	81	71	28949	228	0	29329
11244	100	49	251	28188	0	28588
11245	69	48	29356	303	0	29776
11246	26071	35	299	207	0	26612
11247	246	81	170	30623	0	31120
11248	122	105	37001	400	0	37628
11249	71	37090	354	310	0	37825
11250	98	318	37745	179	0	38340
11251	85	108	336	37345	0	37874
11252	39876	59	333	439	0	40707
11253	373	46	107	41008	0	41534
11254	107	53	82	42071	0	42313
11255	45636	61	131	525	0	46353
11256	678	113	77	46106	0	46974
11257	188	119	46424	894	0	47625
11258	45539	39	771	349	0	46698
11259	763	45682	282	237	0	46964
11260	48651	741	123	114	0	49629
11261	842	148	65	48622	0	49677
11262	265	120	47693	821	0	48899
11263	154	114	48395	245	0	48908
11264	84	55	900	48492	0	49531
11265	93	47	288	48889	0	49317
11266	95	65	48783	929	0	49872
11267	117	111	46067	328	0	46623
11268	48257	28	1033	220	0	49538
11269	856	42	333	49383	0	50614
11270	50019	22	249	971	0	51261
11271	1067	39	143	49944	0	51193
11272	282	55	51683	1099	0	53119
11273	212	104	53946	302	0	54564
11274	114	95	1133	54541	0	55883
11275	109	30	343	56964	0	57446
11276	104	47	56843	1286	0	58280
11277	54921	35	1170	436	0	56562
11278	1283	25	301	59792	0	61401
11279	61671	21	207	1410	0	63309
11280	1514	68673	204	420	0	70811
11281	323	1811	161	73243	0	75538
11282	73596	412	140	2114	0	76262
11283	2116	220	72496	639	0	75471
11284	581	125	2017	73521	0	76244
11285	309	107	566	74734	0	75716
11286	214	52	284	77067	0	77617
11287	214	104	72864	2836	0	76018
11288	170	156	2094	72456	0	74876
11289	159	71960	633	2473	0	75225
11290	149	1934	350	75926	0	78359
11291	202	499	73406	2490	0	76597
11292	210	268	73760	860	0	75098
11293	182	166	2534	73313	0	76195
11294	209	133	763	75150	0	76255
11295	163	109	470	77181	0	77923
11296	159	81	385	78644	0	79269
11297	76178	70	350	3093	0	79691
11298	76244	66	288	1219	0	77817
11299	2673	118	73031	752	0	76574
11300	795	73631	2153	671	0	77250
11301	458	2025	634	78315	0	81432
11302	80138	495	357	2551	0	83541
11303	78127	282	395	956	0	79760
11304	81791	205	327	663	0	82986
11305	81641	161	737	585	0	83124
11306	3001	172	78109	561	0	81843
11307	76437	121	2269	541	0	79368
11308	2578	75391	759	590	0	79318
11309	903	2061	434	79259	0	82657
11310	613	558	78171	2547	0	81889
11311	475	282	2320	78084	0	81161
11312	578	282	77358	2783	0	81001
11313	413	201	2375	78258	0	81247
11314	324	194	859	81809	0	83186
11315	79902	173	541	3241	0	83857
11316	2448	162	433	80931	0	83974
11317	862	157	79603	3034	0	83656
11318	522	149	2329	82698	0	85698
11319	82234	147	850	3067	0	86298
11320	2510	152	600	82269	0	85531
11321	991	146	80105	3033	0	84275
11322	615	77239	2461	1368	0	81683
11323	84347	2208	860	988	0	88403
11324	2575	623	619	79321	0	83138
11325	937	83909	574	2507	0	87927
11326	85453	2322	522	1150	0	89447
11327	2736	738	83409	883	0	87766
11328	969	79824	2492	956	0	84241
11329	668	2326	918	85279	0	89191
11330	663	701	84273	2769	0	88406
11331	591	386	2553	82289	0	85819
11332	84083	290	930	3099	0	88402
11333	2600	357	81260	1370	0	85587
11334	1023	238	2429	82235	0	85925
11335	730	230	82722	3046	0	86728
11336	630	265	2636	82178	0	85709
11337	636	391	974	85812	0	87813
11338	83283	217	654	3509	0	87663
11339	2537	80783	691	1658	0	85669
11340	1006	2230	586	84682	0	88504
11341	83355	634	542	3160	0	87691
11342	83201	366	504	1480	0	85551
11343	3013	339	507	80511	0	84370
11344	1129	78069	542	2963	0	82703
11345	732	82557	534	1431	0	85254
11346	943	2716	480	81975	0	86114
11347	675	913	453	82646	0	84687
11348	74287	456	429	3322	0	78494
11349	2333	350	435	72827	0	75945
11350	833	316	68815	2971	0	72935
11351	65234	245	2103	1372	0	68954
11352	2301	66432	770	1086	0	70589
11353	68018	2032	437	889	0	71376
11354	2567	634	66399	807	0	70407
11355	869	64151	1879	668	0	67567
11356	68314	1770	703	539	0	71326
11357	68460	627	419	516	0	70022
11358	2433	321	66878	472	0	70104
11359	65613	483	1854	431	0	68381
11360	68369	253	606	447	0	69675
11361	2405	65857	373	470	0	69105
11362	937	1716	330	69739	0	72722
11363	708	607	66521	2025	0	69861
11364	594	325	1805	68614	0	71338
11365	491	321	69345	2191	0	72348
11366	382	262	1839	68297	0	70780
11367	70392	236	706	2191	0	73525
11368	1979	188	390	72442	0	74999
11369	741	197	78236	2443	0	81617
11370	79269	161	2625	1052	0	83107
11371	2872	149	858	82435	0	86314
11372	1031	167	77930	3339	0	82467
11373	73239	133	2767	1223	0	77362
11374	2983	142	893	77329	0	81347
11375	1090	179	74272	3155	0	78696
11376	669	226	73736	1161	0	75792
11377	532	982	2995	71794	0	76303
11378	488	218	73303	2738	0	76747
11379	360	67707	2700	1071	0	71838
11380	437	1671	748	61402	0	64258
11381	60755	392	559	1839	0	63545
11382	1676	291	60178	610	0	62755
11383	583	168	59468	475	0	60694
11384	55727	64	2014	374	0	58179
11385	1718	63	60501	238	0	62520
11386	56272	172	2057	265	0	58766
11387	1861	60	59618	331	0	61870
11388	654	51	2002	58218	0	60925
11389	518	117	60356	1701	0	62692
11390	327	82	1971	58749	0	61129
11391	329	98	61061	1946	0	63434
11392	285	104	60028	752	0	61169
11393	54359	108	2298	599	0	57364
11394	1674	57288	1133	495	0	60590
11395	60290	1479	843	317	0	62929
11396	1938	58862	668	324	0	61792
11397	858	1656	523	60550	0	63587
11398	573	540	605	62911	0	64629
11399	61892	339	705	2069	0	65005
11400	1778	193	525	60824	0	63320
11401	690	162	59819	2095	0	62766
11402	57388	200	1862	816	0	60266
11403	59352	135	985	620	0	61092
11404	2214	197	623	58553	0	61587
11405	971	158	58543	1806	0	61478
11406	717	268	1851	57931	0	60767
11407	514	57847	879	2043	0	61283
11408	455	1562	716	59225	0	61958
11409	578	504	563	61561	0	63206
11410	379	406	57858	2482	0	61125
11411	50961	260	1855	1200	0	54276
11412	1767	55819	987	812	0	59385
11413	57308	1578	580	740	0	60206
11414	1906	57052	700	576	0	60234
11415	864	1799	497	56193	0	59353
11416	695	56129	527	1879	0	59230
11417	509	2055	55117	919	0	58600
11418	541	735	1843	51918	0	55037
11419	436	592	778	55164	0	56970
11420	516	255	635	57864	0	59270
11421	55449	328	559	2610	0	58946
11422	2044	252	466	55647	0	58409
11423	54175	352	492	2460	0	57479
11424	55290	300	509	1232	0	57331
11425	54325	266	529	1133	0	56253
11426	2795	293	52673	764	0	56525
11427	1293	258	1904	53610	0	57065
11428	834	281	1095	56844	0	59054
11429	764	255	855	58117	0	59991
11430	58471	405	665	3030	0	62571
11431	2321	240	640	59263	0	62464
11432	927	360	775	61631	0	63693
11433	64435	242	781	3335	0	68793
11434	2981	352	645	67096	0	71074
11435	1254	360	67011	3646	0	72271
11436	1068	334	67727	1568	0	70697
11437	871	341	3408	69499	0	74119
11438	68876	226	1458	3591	0	74151
11439	66686	374	1183	1414	0	69657
11440	3855	161	903	67596	0	72515
11441	1626	302	65844	3510	0	71282
11442	1124	65477	3135	1622	0	71358
11443	932	2623	1145	69557	0	74257
11444	784	664	1063	71747	0	74258
11445	786	528	869	72726	0	74909
11446	69999	280	831	4328	0	75438
11447	3309	276	68524	2147	0	74256
11448	69626	266	3054	1325	0	74271
11449	3703	282	1132	67913	0	73030
11450	1537	68612	993	3391	0	74533
11451	70734	2710	769	1562	0	75775
11452	70225	835	588	1435	0	73083
11453	3877	703	70635	1344	0	76559
11454	1600	67491	2870	1435	0	73396
11455	1254	69330	905	1256	0	72745
11456	67953	3133	837	1156	0	73079
11457	3287	1064	696	68481	0	73528
11458	1334	822	639	69808	0	72603
11459	1116	483	649	68991	0	71239
11460	876	63589	518	4360	0	69343
11461	834	67608	428	2012	0	70882
11462	65391	3227	450	1398	0	70466
11463	3169	1092	538	65579	0	70378
11464	1074	830	68849	3386	0	74139
11465	920	630	3129	74772	0	79451
11466	869	581	83392	4429	0	89271
11467	722	527	85122	1716	0	88087
11468	749	573	83229	1362	0	85913
11469	336	71787	4490	613	0	77226
11470	365	3447	2196	67783	0	73791
11471	226	71530	1364	2934	0	76054
11472	273	3633	837	70881	0	75624
11473	215	1537	530	75137	0	77419
11474	71866	975	348	4572	0	77761
11475	3099	661	266	74057	0	78083
11476	71651	367	228	4513	0	76759
11477	74134	290	227	2015	0	76666
11478	4472	271	286	69625	0	74654
11479	2072	69488	262	3748	0	75570
11480	1468	3077	218	70162	0	74925
11481	919	70492	241	3945	0	75597
11482	592	3652	208	73137	0	77589
11483	490	1581	68552	4323	0	74946
11484	339	1044	2949	71452	0	75784
11485	367	786	1141	74738	0	77032
11486	68529	532	834	5045	0	74940
11487	3137	69659	661	2523	0	75980
11488	1281	3196	427	71600	0	76504
11489	985	1230	429	71908	0	74552
11490	724	69190	413	4876	0	75203
11491	531	3475	521	72841	0	77368
11492	68539	1460	469	4698	0	75166
11493	71135	1103	389	2266	0	74893
11494	4095	68827	265	1721	0	74908
11495	1965	3300	216	71241	0	76722
11496	68284	1512	237	3951	0	73984
11497	3671	69145	244	2095	0	75155
11498	1680	3608	259	66964	0	72511
11499	1377	68371	349	3873	0	73970
11500	69115	3876	410	1962	0	75363
11501	3845	1758	66569	1524	0	73696
11502	1744	1279	67456	1271	0	71750
11503	1235	1042	4085	67439	0	73801
11504	990	808	67584	3920	0	73302
11505	660	627	4260	67554	0	73101
11506	67007	678	2183	4453	0	74321
11507	3402	582	67261	2452	0	73697
11508	1566	598	3708	68065	0	73937
11509	1235	556	1435	72789	0	76015
11510	69587	611	1087	5216	0	76501
11511	3623	71990	793	2872	0	79278
11512	73635	3365	478	2312	0	79790
11513	74474	1474	482	1757	0	78187
11514	4742	70039	447	1537	0	76765
11515	2568	3716	376	73247	0	79907
11516	1976	1695	69332	3877	0	76880
11517	1418	1388	3041	70557	0	76404
11518	993	70796	1325	4302	0	77416
11519	73598	3706	1061	2378	0	80743
11520	3440	1765	794	74949	0	80948
11521	1669	1406	74175	4403	0	81653
11522	1203	1117	3251	77176	0	82747
11523	976	858	1427	80328	0	83589
11524	818	892	1071	81424	0	84205
11525	857	662	825	81786	0	84130
11526	670	681	716	79980	0	82047
11527	635	653	72376	6564	0	80228
11528	1109	683	70058	3834	0	75684
11529	653	68021	3787	2766	0	75227
11530	617	72321	1842	2027	0	76807
11531	72196	3657	1298	1421	0	78572
11532	3203	1818	70924	1236	0	77181
11533	65406	1400	3102	1108	0	71016
11534	3132	982	63421	1029	0	68564
11535	1741	700	61381	787	0	64609
11536	1170	696	3309	59591	0	64766
11537	62534	456	2011	2667	0	67668
11538	2531	470	1337	62499	0	66837
11539	1281	613	877	64691	0	67462
11540	976	365	68308	4017	0	73666
11541	733	355	2394	69606	0	73088
11542	592	302	1152	71502	0	73548
11543	580	417	867	72303	0	74167
11544	734	279	645	72073	0	73731
11545	562	306	460	72817	0	74145
11546	68829	320	474	4587	0	74210
11547	2221	291	248	70612	0	73372
11548	1180	336	65610	4095	0	71221
11549	969	398	1882	68114	0	71363
11550	800	399	65787	3515	0	70501
11551	620	519	2501	66804	0	70444
11552	523	339	68078	3377	0	72317
11553	324	609	2736	64229	0	67898
11554	247	393	1429	70056	0	72125
11555	281	313	67356	3711	0	71661
11556	61049	235	2287	2285	0	65856
11557	2027	321	67919	1661	0	71928
11558	1206	342	2354	68073	0	71975
11559	70403	145	1460	2606	0	74614
11560	2221	197	1069	69557	0	73044
11561	1291	227	610	71185	0	73313
11562	1056	215	69543	3468	0	74282
11563	666	66043	1793	2439	0	70941
11564	341	62601	875	1648	0	65465
11565	248	59879	586	934	0	61647
11566	1039	191	660	49229	0	51119
11567	51038	53	143	117	0	51351
11568	78	48	19	50325	0	50470
11569	38	34	20	50664	0	50756
11570	39	19	19	51080	0	51157
11571	24	17	21	51083	0	51145
11572	20	48184	37	208	0	48449
11573	20	73	30	51905	0	52028
11574	17	35	14	51661	0	51727
11575	16	49462	33	171	0	49682
11576	52758	85	15	99	0	52957
11577	89	42	5	51713	0	51849
11578	52035	36	10	142	0	52223
11579	50733	15	15	79	0	50842
11580	113	49866	42	96	0	50117
11581	71	204	11	56470	0	56756
11582	53	70	54540	140	0	54803
11583	45	90	52589	61	0	52785
11584	18	182	113	53815	0	54128
11585	57186	12	50	114	0	57362
11586	57282	5	48	62	0	57397
11587	134	11	25	58363	0	58533
11588	59923	3	19	154	0	60099
11589	151	56962	45	100	0	57258
11590	59093	102	16	57	0	59268
11591	150	59209	71	68	0	59498
11592	59	153	11	63344	0	63567
11593	51	62	14	63911	0	64038
11594	25	62034	40	184	0	62283
11595	64912	158	13	103	0	65186
11596	199	111	62316	69	0	62695
11597	58	51	150	62806	0	63065
11598	88	50	64964	184	0	65286
11599	42	35	181	63375	0	63633
11600	66891	22	62	225	0	67200
11601	176	36	62	65835	0	66109
11602	66496	18	33	239	0	66786
11603	65824	17	38	122	0	66001
11604	226	33	19	65383	0	65661
11605	135	54	65689	213	0	66091
11606	88	63772	241	134	0	64235
11607	63	154	48	68820	0	69085
11608	68325	45	57	229	0	68656
11609	210	122	66318	96	0	66746
11610	90	48	158	65565	0	65861
11611	84	41	60	64587	0	64772
11612	54	18	55	66823	0	66950
11613	66856	25	39	296	0	67216
11614	190	33	33	64963	0	65219
11615	80	25	30	66483	0	66618
11616	103	62	66307	272	0	66744
11617	67	32	196	65001	0	65296
11618	50	32	81	66942	0	67105
11619	62	28	59	69427	0	69576
11620	59	65847	104	346	0	66356
11621	61	199	43	67023	0	67326
11622	61	70	34	65745	0	65910
11623	63950	60	52	667	0	64729
11624	337	88	62504	199	0	63128
11625	154	145	58684	172	0	59155
11626	97	59204	430	168	0	59899
11627	62	262	120	66930	0	67374
11628	67247	90	214	371	0	67922
11629	317	71	58	66202	0	66648
11630	103	43	43	66432	0	66621
11631	99	46	44	67543	0	67732
11632	65	34	35	66188	0	66322
11633	56	38	27	65822	0	65943
11634	85	42	64732	688	0	65547
11635	53	44	257	63880	0	64234
11636	65834	28	97	463	0	66422
11637	294	61689	120	251	0	62354
11638	100	272	54	66030	0	66456
11639	103	96	51	65832	0	66082
11640	90	87	60007	487	0	60671
11641	64	52	289	57402	0	57807
11642	66	36	97	63824	0	64023
11643	65128	28	87	757	0	66000
11644	508	64609	103	543	0	65763
11645	237	639	55	67785	0	68716
11646	138	238	41	68735	0	69152
11647	95	116	36	68953	0	69200
11648	104	116	68510	1268	0	69998
11649	130	207	64996	586	0	65919
11650	68	64920	1171	410	0	66569
11651	59	69301	417	304	0	70081
11652	45	1225	185	70561	0	72016
11653	46	68350	270	1093	0	69759
11654	64	1289	124	75732	0	77209
11655	52	603	105	82583	0	83343
11656	48	257	88	87496	0	87889
11657	56	194	53	103648	0	103951
11658	76	257	98023	4390	0	102746
11659	66	136	2680	102393	0	105275
11660	62	138	1407	105114	0	106721
11661	47	95	694	109027	0	109863
11662	100069	109	542	6421	0	107141
11663	2976	101627	582	3507	0	108692
11664	1583	3223	387	96867	0	102060
11665	730	102822	385	4359	0	108296
11666	98467	3958	246	2894	0	105565
11667	86150	2430	310	2044	0	90934
11668	4098	100210	190	1678	0	106176
11669	2105	105397	205	1341	0	109048
11670	1430	5874	93767	1513	0	102584
11671	1045	103526	3122	1101	0	108794
11672	904	4904	1595	104152	0	111555
11673	102974	3021	844	4356	0	111195
11674	3812	105083	650	2891	0	112436
11675	2052	4783	643	106959	0	114437
11676	1143	2965	522	110202	0	114832
11677	953	1864	497	113894	0	117208
11678	108292	1490	414	7159	0	117355
11679	4392	1501	103023	4177	0	113093
11680	101838	1226	3505	2864	0	109433
11681	4902	102832	1808	2284	0	111826
11682	2711	4524	913	106973	0	115121
11683	1820	2809	101005	5165	0	110799
11684	96438	1723	4119	3093	0	105373
11685	4826	102291	2187	2169	0	111473
11686	2795	4781	1233	101341	0	110150
11687	1672	101992	998	4848	0	109510
11688	1299	5208	888	104417	0	111812
11689	1129	3091	728	108388	0	113336
11690	1032	1987	99426	7192	0	109637
11691	1029	1687	96569	4275	0	103560
11692	921	1479	5345	99515	0	107260
11693	898	1250	97732	6145	0	106025
11694	686	1061	5048	99378	0	106173
11695	792	886	3008	100153	0	104839
11696	690	835	2068	105466	0	109059
11697	98116	666	1717	8299	0	108798
11698	4334	768	1578	101572	0	108252
11699	2427	893	94197	7257	0	104774
11700	95679	885	4290	4932	0	105786
11701	4648	979	2502	100281	0	108410
11702	2884	838	1586	104191	0	109499
11703	97825	874	1392	8104	0	108195
11704	4874	97654	1388	4984	0	108900
11705	2924	4295	1310	102871	0	111400
11706	1754	2454	1122	104885	0	110215
11707	99531	1566	1051	8411	0	110559
11708	4975	1266	94909	5460	0	106610
11709	2831	1257	4128	99254	0	107470
11710	1869	1006	2492	102128	0	107495
11711	1629	1015	1608	100025	0	104277
11712	1493	94207	1331	9030	0	106061
11713	1289	4091	1423	101658	0	108461
11714	95701	2307	1120	7944	0	107072
11715	4685	95402	1025	5720	0	106832
11716	94400	4675	882	4472	0	104429
11717	5273	95169	897	3754	0	105093
11718	97438	5306	803	3501	0	107048
11719	5988	3282	91339	3041	0	103650
11720	3761	2310	91744	3100	0	100915
11721	92536	1756	5601	2821	0	102714
11722	5760	1776	92980	2601	0	103117
11723	3710	1495	5242	92887	0	103334
11724	2411	1389	3258	93117	0	100175
11725	2073	1163	2356	99617	0	105209
11726	94363	1109	1960	8316	0	105748
11727	5326	1168	89485	5292	0	101271
11728	91928	1113	4775	4141	0	101957
11729	5740	1143	2796	96404	0	106083
11730	96457	1230	1789	7169	0	106645
11731	6586	1119	1522	98020	0	107247
11732	98824	1255	1488	7072	0	108639
11733	7007	1101	1385	104324	0	113817
11734	4302	1147	99626	7587	0	112662
11735	104277	1110	5065	4780	0	115232
11736	109668	886	2828	3844	0	117226
11737	8500	895	2002	107008	0	118405
11738	5000	840	1672	106277	0	113789
11739	3283	103206	1904	8786	0	117179
11740	99985	4740	1723	5317	0	111765
11741	6703	102930	1448	4007	0	115088
11742	101796	5216	1347	3518	0	111877
11743	7208	2665	96816	3393	0	110082
11744	4228	1795	96684	3116	0	105823
11745	3347	1383	95236	2855	0	102821
11746	91476	1339	7173	2473	0	102461
11747	6390	93769	3770	3001	0	106930
11748	4181	4497	2502	94772	0	105952
11749	91739	2399	2156	5811	0	102105
11750	6051	93614	1826	3833	0	105324
11751	3882	5615	1557	90458	0	101512
11752	2823	90224	1426	5880	0	100353
11753	2387	89236	1319	3871	0	96813
11754	2394	90854	1071	2555	0	96874
11755	75709	5349	850	2611	0	84519
11756	4197	76269	821	1828	0	83115
11757	1453	58599	709	1047	0	61808
11758	972	58336	549	859	0	60716
11759	57510	2716	809	847	0	61882
11760	58437	1042	605	753	0	60837
11761	3252	959	53367	744	0	58322
11762	52598	431	1843	659	0	55531
11763	55374	445	771	670	0	57260
11764	2725	469	486	53444	0	57124
11765	54666	455	397	2208	0	57726
11766	2551	529	50185	929	0	54194
11767	1113	55028	1689	732	0	58562
11768	56027	2004	634	534	0	59199
11769	2162	780	450	57861	0	61253
11770	58037	509	323	2092	0	60961
11771	2457	486	53654	911	0	57508
11772	54992	389	1647	574	0	57602
11773	2284	471	614	56162	0	59531
11774	1072	383	54465	1939	0	57859
11775	642	52837	1780	884	0	56143
11776	542	57374	632	529	0	59077
11777	568	2506	528	53002	0	56604
11778	367	819	194	52363	0	53743
11779	306	53563	165	1863	0	55897
11780	54515	1729	179	622	0	57045
11781	54214	651	139	326	0	55330
11782	53149	377	129	225	0	53880
11783	2361	53017	137	301	0	55816
11784	952	1665	107	50402	0	53126
11785	498	53339	165	1459	0	55461
11786	54269	1781	144	532	0	56726
11787	54086	643	193	327	0	55249
11788	2238	52575	218	282	0	55313
11789	54085	1788	124	213	0	56210
11790	1972	656	127	53414	0	56169
11791	781	373	144	54818	0	56116
11792	55054	335	163	2146	0	57698
11793	53296	353	150	742	0	54541
11794	54200	260	156	393	0	55009
11795	2496	269	143	52928	0	55836
11796	1052	338	173	54986	0	56549
11797	595	372	52289	2292	0	55548
11798	472	423	1580	53003	0	55478
11799	509	427	563	54758	0	56257
11800	654	320	51890	2291	0	55155
11801	535	442	50270	876	0	52123
11802	485	431	52507	479	0	53902
11803	480	336	2225	51085	0	54126
11804	478	382	50395	2090	0	53345
11805	507	388	1798	48991	0	51684
11806	595	367	610	51835	0	53407
11807	627	394	49886	2301	0	53208
11808	526	430	51008	1085	0	53049
11809	425	412	2071	50210	0	53118
11810	414	442	53920	2048	0	56824
11811	467	420	53305	895	0	55087
11812	418	52519	2163	641	0	55741
11813	55772	1862	870	433	0	58937
11814	56167	755	572	384	0	57878
11815	56320	489	484	387	0	57680
11816	2405	53909	387	497	0	57198
11817	1129	55762	368	471	0	57730
11818	699	2175	389	55565	0	58828
11819	592	813	319	56760	0	58484
11820	557	481	53788	2459	0	57285
11821	496	348	1897	54263	0	57004
11822	55337	298	764	2278	0	58677
11823	2068	267	559	51238	0	54132
11824	919	53272	563	1861	0	56615
11825	55489	1881	440	835	0	58645
11826	56017	793	368	552	0	57730
11827	57077	430	335	525	0	58367
11828	2864	328	53471	714	0	57377
11829	1053	630	1435	53364	0	56482
11830	58842	381	657	1966	0	61846
11831	2249	372	57740	958	0	61319
11832	947	56401	1997	752	0	60097
11833	470	55411	739	452	0	57072
11834	50340	1918	336	344	0	52938
11835	1626	49672	215	295	0	51808
11836	652	1585	120	48874	0	51231
11837	304	652	47943	1631	0	50530
11838	333	299	1383	48000	0	50015
11839	48639	196	497	1658	0	50990
11840	1668	47149	234	683	0	49734
11841	48082	1405	257	290	0	50034
11842	1634	519	47315	372	0	49840
11843	715	292	1362	45516	0	47885
11844	348	48501	624	1365	0	50838
11845	556	1503	302	50647	0	53008
11846	51023	665	187	1625	0	53500
11847	51757	330	177	621	0	52885
11848	51746	281	157	323	0	52507
11849	52102	243	182	350	0	52877
11850	2037	162	253	49167	0	51619
11851	767	197	49475	1676	0	52115
11852	511	159	1378	48374	0	50422
11853	385	48382	529	1521	0	50817
11854	50668	1451	276	593	0	52988
11855	1637	504	49201	313	0	51655
11856	47813	209	1429	331	0	49782
11857	1541	241	526	49180	0	51488
11858	610	370	50163	1584	0	52727
11859	429	143	1353	50241	0	52166
11860	52516	114	540	1613	0	54783
11861	53038	121	293	658	0	54110
11862	53030	129	418	383	0	53960
11863	1997	165	51661	426	0	54249
11864	760	483	1382	50270	0	52895
11865	389	178	53196	1552	0	55315
11866	329	51779	1418	664	0	54190
11867	49747	1385	488	302	0	51922
11868	1390	48967	364	279	0	51000
11869	47288	1075	223	174	0	48760
11870	1204	343	151	45179	0	46877
11871	424	45578	306	1121	0	47429
11872	47878	1020	201	479	0	49578
11873	1279	337	47297	284	0	49197
11874	421	316	939	45345	0	47021
11875	47242	108	313	1045	0	48708
11876	1107	102	46102	371	0	47682
11877	458	108	929	44856	0	46351
11878	295	45229	391	986	0	46901
11879	266	1008	176	47436	0	48886
11880	275	395	132	47945	0	48747
11881	46559	245	106	1227	0	48137
11882	1091	45789	119	485	0	47484
11883	466	998	130	46277	0	47871
11884	267	46658	183	1017	0	48125
11885	274	1051	175	47235	0	48735
11886	246	47426	176	1045	0	48893
11887	48221	1148	163	411	0	49943
11888	1264	432	48320	246	0	50262
11889	491	226	1038	47792	0	49547
11890	328	175	340	48847	0	49690
11891	271	175	221	49509	0	50176
11892	268	158	176	48847	0	49449
11893	373	161	47544	1487	0	49565
11894	351	47045	1024	598	0	49018
11895	48667	1001	319	296	0	50283
11896	48295	348	226	244	0	49113
11897	1200	47492	167	298	0	49157
11898	48715	1050	146	261	0	50172
11899	48310	349	167	281	0	49107
11900	1228	48856	156	290	0	50530
11901	515	1077	118	48369	0	50079
11902	358	49322	165	887	0	50732
11903	50099	1071	163	385	0	51718
11904	1146	367	48612	339	0	50464
11905	45198	204	1028	290	0	46720
11906	1187	186	49428	307	0	51108
11907	497	148	1027	48291	0	49963
11908	49154	155	341	1126	0	50776
11909	1295	140	47239	420	0	49094
11910	43738	120	1019	313	0	45190
11911	46623	120	338	326	0	47407
11912	1344	186	230	44620	0	46380
11913	510	44253	221	999	0	45983
11914	46860	1070	149	379	0	48458
11915	1213	439	110	45841	0	47603
11916	536	44313	146	1059	0	46054
11917	46128	1030	139	380	0	47677
11918	1136	376	146	46127	0	47785
11919	470	47338	200	1051	0	49059
11920	289	1020	163	50832	0	52304
11921	50927	328	339	1191	0	52785
11922	50735	184	155	489	0	51563
11923	50880	166	182	299	0	51527
11924	1315	154	184	48946	0	50599
11925	524	162	132	50686	0	51504
11926	316	178	49987	1305	0	51786
11927	244	188	934	50585	0	51951
11928	322	204	52233	1293	0	54052
11929	254	187	47873	427	0	48741
11930	120	114	45176	131	0	45541
11931	73	45921	569	133	0	46696
11932	112	533	335	45008	0	45988
11933	79	49270	144	298	0	49791
11934	52184	619	130	116	0	53049
11935	52525	182	103	115	0	52925
11936	791	115	67	54748	0	55721
11937	297	77	57557	927	0	58858
11938	143	80	1040	57346	0	58609
11939	271	139	59233	1232	0	60875
11940	105	94	1094	58411	0	59704
11941	109	58295	353	1144	0	59901
11942	115	61184	190	376	0	61865
11943	60678	1339	119	193	0	62329
11944	1237	410	59924	154	0	61725
11945	360	197	1109	59278	0	60944
11946	189	137	312	61975	0	62613
11947	62692	125	156	1444	0	64417
11948	1186	61672	145	525	0	63528
11949	63174	1213	102	260	0	64749
11950	1212	63000	172	236	0	64620
11951	63054	1269	155	184	0	64662
11952	64059	397	153	193	0	64802
11953	1503	221	135	64100	0	65959
11954	523	205	63648	1369	0	65745
11955	61302	185	1199	479	0	63165
11956	1338	63360	439	244	0	65381
11957	66332	1330	197	212	0	68071
11958	1480	440	156	63178	0	65254
11959	526	271	117	63590	0	64504
11960	366	61950	150	1589	0	64055
11961	292	1272	117	62463	0	64144
11962	279	62458	131	1388	0	64256
11963	257	1410	109	63111	0	64887
11964	275	482	94	63081	0	63932
11965	60539	300	137	1699	0	62675
11966	1489	274	59247	648	0	61658
11967	510	58507	1152	417	0	60586
11968	384	1250	339	61424	0	63397
11969	61687	451	236	1454	0	63828
11970	62659	245	167	640	0	63711
11971	62970	229	197	425	0	63821
11972	1898	237	59995	459	0	62589
11973	60934	233	1333	316	0	62816
11974	1628	241	417	62632	0	64918
11975	61686	222	262	1599	0	63769
11976	1606	60024	245	656	0	62531
11977	669	1427	176	62233	0	64505
11978	61050	528	158	1626	0	63362
11979	1581	62214	208	708	0	64711
11980	707	1581	161	63850	0	66299
11981	492	629	62184	1793	0	65098
11982	61220	395	1503	704	0	63822
11983	66523	322	438	431	0	67714
11984	2372	314	64286	421	0	67393
11985	884	62673	1651	582	0	65790
11986	593	67445	521	387	0	68946
11987	497	2050	336	67038	0	69921
11988	447	759	256	65944	0	67406
11989	391	452	267	67873	0	68983
11990	648	404	67149	2483	0	70684
11991	66880	358	1736	988	0	69962
11992	72967	345	579	645	0	74536
11993	74435	349	361	543	0	75688
11994	74133	343	273	516	0	75265
11995	75610	329	272	536	0	76747
11996	76490	306	294	489	0	77579
11997	3018	338	298	79062	0	82716
11998	1239	370	77793	2395	0	81797
11999	887	374	79618	930	0	81809
12000	698	386	2406	80938	0	84428
12001	721	369	760	81148	0	82998
12002	666	368	438	80501	0	81973
12003	682	80579	376	2986	0	84623
12004	82024	2409	319	1181	0	85933
12005	2717	84334	366	865	0	88282
12006	1170	2591	310	85414	0	89485
12007	83185	852	310	2875	0	87222
12008	2736	83589	308	1269	0	87902
12009	1190	2569	272	85411	0	89442
12010	885	962	208	87666	0	89721
12011	732	625	238	87962	0	89557
12012	614	84823	313	3634	0	89384
12013	642	2597	297	88437	0	91973
12014	689	988	85077	3429	0	90183
12015	619	639	2467	88478	0	92203
12016	602	526	764	91086	0	92978
12017	685	517	413	96073	0	97688
12018	700	516	312	98921	0	100449
12019	779	620	90660	4590	0	96649
12020	666	92677	2822	2101	0	98266
12021	719	3166	949	94883	0	99717
12022	688	1151	574	99161	0	101574
12023	664	952	434	96292	0	98342
12024	652	92116	542	4812	0	98122
12025	660	98588	449	2302	0	101999
12026	96380	3948	374	1613	0	102315
12027	3347	1381	306	94766	0	99800
12028	1273	998	91521	4104	0	97896
12029	767	92850	2911	2083	0	98611
12030	92555	3240	1022	1449	0	98266
12031	3382	1334	89932	1210	0	95858
12032	1332	856	89517	1179	0	92884
12033	934	684	89564	1065	0	92247
12034	740	1687	3751	86727	0	92905
12035	646	655	86476	3458	0	91235
12036	456	82049	3209	1706	0	87420
12037	352	2427	1213	81174	0	85166
12038	460	995	81292	2906	0	85653
12039	304	711	2733	79494	0	83242
12040	78809	520	1198	3296	0	83823
12041	2466	551	77542	1670	0	82229
12042	75715	482	2623	1306	0	80126
12043	2655	79013	1145	1093	0	83906
12044	80688	2607	818	924	0	85037
12045	2880	1010	704	80128	0	84722
12046	80750	694	686	2982	0	85112
12047	80650	568	732	1371	0	83321
12048	78500	628	638	1097	0	80863
12049	3334	79367	699	954	0	84354
12050	80783	2564	657	890	0	84894
12051	81627	991	716	924	0	84258
12052	3570	718	78080	973	0	83341
12053	1691	78127	2539	930	0	83287
12054	1267	2795	1140	79094	0	84296
12055	1011	1158	829	81464	0	84462
12056	939	839	721	83062	0	85561
12057	871	708	79109	3704	0	84392
12058	862	607	2610	80006	0	84085
12059	885	594	79926	3473	0	84878
12060	79850	540	2874	1787	0	85051
12061	83512	571	1242	1410	0	86735
12062	3489	577	82307	1318	0	87691
12063	82106	591	2767	1173	0	86637
12064	85194	545	1260	1172	0	88171
12065	86024	542	992	1057	0	88615
12066	3935	521	815	83136	0	88407
12067	2065	562	82785	3091	0	88503
12068	1523	83309	2660	1575	0	89067
12069	1371	2627	1155	85973	0	91126
12070	1341	1128	86063	3109	0	91641
12071	1166	891	82504	1594	0	86155
12072	79767	738	3081	1386	0	84972
12073	2679	85134	1685	1307	0	90805
12074	87968	2532	1077	1295	0	92872
12075	88739	1076	964	1252	0	92031
12076	3243	87226	1026	1206	0	92701
12077	88980	2498	1099	1109	0	93686
12078	3323	1102	89161	1025	0	94611
12079	1805	819	87198	947	0	90769
12080	1598	638	87081	933	0	90250
12081	1320	84215	3082	978	0	89595
12082	84370	2178	2299	858	0	89705
12083	84636	952	1165	995	0	87748
12084	3044	80928	1096	748	0	85816
12085	1644	84511	1028	845	0	88028
12086	1304	2435	956	82820	0	87515
12087	1069	1324	842	84314	0	87549
12088	83388	924	892	2655	0	87859
12089	2465	83700	830	1322	0	88317
12090	82671	2229	784	977	0	86661
12091	79470	1136	754	810	0	82170
12092	2893	928	78530	759	0	83110
12093	1737	77245	1934	695	0	81611
12094	1699	2088	1235	78562	0	83584
12095	77345	1009	855	1696	0	80905
12096	2524	999	694	76174	0	80391
12097	72673	565	754	1744	0	75736
12098	2295	514	69196	832	0	72837
12099	1237	66805	1856	736	0	70634
12100	1026	68977	843	615	0	71461
12101	984	2157	662	64429	0	68232
12102	939	68524	704	1232	0	71399
12103	70192	1650	561	674	0	73077
12104	1690	964	67104	599	0	70357
12105	63906	774	1428	581	0	66689
12106	1652	686	66932	601	0	69871
12107	1066	549	1317	66577	0	69509
12108	956	584	682	67365	0	69587
12109	1001	470	599	69116	0	71186
12110	68514	414	562	1612	0	71102
12111	1763	405	67561	813	0	70542
12112	1032	367	1211	67423	0	70033
12113	834	393	666	67542	0	69435
12114	834	64776	521	1562	0	67693
12115	745	64688	429	975	0	66837
12116	778	68080	440	783	0	70081
12117	577	1338	307	65052	0	67274
12118	358	654	222	61759	0	62993
12119	192	57978	152	608	0	58930
12120	193	58594	159	303	0	59249
12121	60033	380	115	178	0	60706
12122	352	267	84	59687	0	60390
12123	162	57437	108	292	0	57999
12124	60217	251	72	140	0	60680
12125	354	108	177	60294	0	60933
12126	67697	86	85	333	0	68201
12127	708	62	91	69478	0	70339
12128	277	181	68402	701	0	69561
12129	158	67348	631	312	0	68449
12130	68924	590	176	150	0	69840
12131	730	313	70043	103	0	71189
12132	222	69125	680	121	0	70148
12133	108	535	118	72556	0	73317
12134	48	146	181	73186	0	73561
12135	51	96	52	71650	0	71849
12136	43	66	29	72071	0	72209
12137	74	113	70686	737	0	71610
12138	37	68503	541	325	0	69406
12139	28	496	96	71820	0	72440
12140	69443	145	48	580	0	70216
12141	491	69744	74	291	0	70600
12142	143	516	34	77052	0	77745
12143	175	275	73313	867	0	74630
12144	60	73069	872	385	0	74386
12145	259	968	262	69303	0	70792
12146	31	75477	208	569	0	76285
12147	78410	1100	70	213	0	79793
12148	78276	315	47	184	0	78822
12149	1366	226	74388	310	0	76290
12150	74739	95	986	94	0	75914
12151	77624	53	280	108	0	78065
12152	1406	144	73032	83	0	74665
12153	460	73111	1101	119	0	74791
12154	256	986	271	76775	0	78288
12155	164	307	141	78879	0	79491
12156	77718	188	114	1395	0	79415
12157	1104	118	64	77792	0	79078
12158	361	100	76589	1286	0	78336
12159	71592	106	1096	431	0	73225
12160	1289	124	73199	250	0	74862
12161	378	72037	1276	258	0	73949
12162	72357	1083	390	127	0	73957
12163	1267	366	72778	116	0	74527
12164	480	297	70012	116	0	70905
12165	262	69594	1432	157	0	71445
12166	161	1135	426	74030	0	75752
12167	151	384	71561	1169	0	73265
12168	129	278	1198	65497	0	67102
12169	149	111	332	71544	0	72136
12170	146	136	68475	1509	0	70266
12171	127	65621	1321	590	0	67659
12172	156	1089	366	70860	0	72471
12173	67937	352	291	1251	0	69831
12174	67535	257	167	428	0	68387
12175	1451	164	111	67485	0	69211
12176	542	158	65770	1280	0	67750
12177	339	188	67732	432	0	68691
12178	183	160	1429	68282	0	70054
12179	155	140	67660	1336	0	69291
12180	65949	141	1362	471	0	67923
12181	1343	96	440	70384	0	72263
12182	468	117	301	71322	0	72208
12183	312	68235	299	1592	0	70438
12184	201	1256	190	72984	0	74631
12185	201	461	68822	1534	0	71018
12186	66036	287	1303	605	0	68231
12187	70595	168	446	438	0	71647
12188	1644	318	70104	372	0	72438
12189	633	147	1404	75007	0	77191
12190	368	174	540	79058	0	80140
12191	309	151	77323	2237	0	80020
12192	252	117	1826	78411	0	80606
12193	280	154	605	81192	0	82231
12194	327	80223	498	2423	0	83471
12195	290	1832	300	86143	0	88565
12196	238	591	225	89447	0	90501
12197	89803	393	266	2898	0	93360
12198	92584	202	339	1185	0	94310
12199	94390	173	358	744	0	95665
12200	94411	161	284	531	0	95387
12201	94027	201	291	452	0	94971
12202	3311	227	87794	509	0	91841
12203	1316	173	2263	88420	0	92172
12204	739	114	767	92936	0	94556
12205	570	277	88299	3242	0	92388
12206	85685	285	2395	1454	0	89819
12207	90231	209	848	1025	0	92313
12208	3230	330	85082	544	0	89186
12209	87784	145	2327	621	0	90877
12210	90978	139	925	587	0	92629
12211	3399	217	88442	557	0	92615
12212	1532	137	2489	84556	0	88714
12213	984	89963	1135	2513	0	94595
12214	742	2333	721	96298	0	100094
12215	653	725	429	97849	0	99656
12216	593	470	449	96571	0	98083
12217	563	339	90715	3845	0	95462
12218	88357	170	2653	1786	0	92966
12219	93561	204	995	1046	0	95806
12220	3658	131	664	92252	0	96705
12221	1725	161	89052	2964	0	93902
12222	1127	137	2737	89616	0	93617
12223	890	152	90856	3280	0	95178
12224	831	225	90820	1300	0	93176
12225	580	88765	3478	1067	0	93890
12226	987	2060	1071	87221	0	91339
12227	86123	644	690	2689	0	90146
12228	84125	358	515	1198	0	86196
12229	86164	168	440	899	0	87671
12230	3393	133	508	82584	0	86618
12231	1402	85913	564	2790	0	90669
12232	1060	2345	368	91399	0	95172
12233	766	714	92560	3144	0	97184
12234	100752	420	2972	1387	0	105531
12235	111729	256	1045	968	0	113998
12236	4477	262	702	111593	0	117034
12237	1672	210	507	114445	0	116834
12238	1076	236	458	116691	0	118461
12239	795	292	108027	5347	0	114461
12240	94492	249	3860	2361	0	100962
12241	4193	105432	1287	1378	0	112290
12242	1351	103440	799	937	0	106527
12243	1005	3411	102851	853	0	108120
12244	721	1064	3306	102949	0	108040
12245	582	675	103624	3863	0	108744
12246	98617	336	3665	1283	0	103901
12247	3447	518	1204	102481	0	107650
12248	1337	442	99384	3708	0	104871
12249	1110	102381	3246	1530	0	108267
12250	103404	3006	1034	1110	0	108554
12251	3770	911	104748	891	0	110320
12252	1391	102347	3379	858	0	107975
12253	985	107919	1128	896	0	110928
12254	106872	3807	822	699	0	112200
12255	3474	1476	648	106956	0	112554
12256	1319	919	108052	3601	0	113891
12257	1124	108018	3587	1449	0	114178
12258	110729	3356	1180	1108	0	116373
12259	112035	1042	867	917	0	114861
12260	4217	108585	715	891	0	114408
12261	1655	3515	111911	895	0	117976
12262	1044	1126	3738	113980	0	119888
12263	114522	937	1281	3770	0	120510
12264	116570	717	918	1346	0	119551
12265	4587	552	112343	1005	0	118487
12266	1753	631	3713	108840	0	114937
12267	1231	558	1273	116424	0	119486
12268	1134	447	113759	4332	0	119672
12269	1021	560	111872	1824	0	115277
12270	113463	480	4576	1203	0	119722
12271	118624	564	1724	837	0	121749
12272	119624	588	1115	807	0	122134
12273	120420	450	1001	811	0	122682
12274	5060	638	113126	764	0	119588
12275	115359	565	3756	782	0	120462
12276	4704	415	1349	114695	0	121163
12277	2036	428	115616	3913	0	121993
12278	1570	491	115409	1515	0	118985
12279	1129	112679	4488	1635	0	119931
12280	828	3364	1715	113622	0	119529
12281	975	1087	113743	3705	0	119510
12282	110390	806	3832	1375	0	116403
12283	4035	961	1580	96944	0	103520
12284	1579	111709	1258	2757	0	117303
12285	114995	3405	936	1266	0	120602
12286	116775	1022	986	1076	0	119859
12287	4688	847	112403	938	0	118876
12288	2025	109972	3777	901	0	116675
12289	1329	2949	1282	108203	0	113763
12290	107366	1058	977	3273	0	112674
12291	3601	883	803	106798	0	112085
12292	1498	595	102293	3550	0	107936
12293	93151	550	3052	1278	0	98031
12294	3162	97623	1343	996	0	103124
12295	1209	94031	953	774	0	96967
12296	1028	99960	713	717	0	102418
12297	98547	3176	1172	689	0	103584
12298	97488	1099	687	511	0	99785
12299	98277	723	619	494	0	100113
12300	3593	528	495	95109	0	99725
12301	1496	520	94097	2637	0	98750
12302	1019	573	2617	96719	0	100928
12303	97543	442	898	2941	0	101824
12304	3011	389	723	98392	0	102515
12305	100519	385	582	2907	0	104393
12306	101282	389	616	1068	0	103355
12307	99663	398	656	802	0	101519
12308	3298	97531	608	771	0	102208
12309	100391	2542	591	592	0	104116
12310	3320	810	97430	516	0	102076
12311	1480	639	96868	433	0	99420
12312	1220	93825	2920	428	0	98393
12313	1200	2380	1221	91871	0	96672
12314	91584	733	682	2290	0	95289
12315	2955	565	88644	735	0	92899
12316	86704	385	2455	613	0	90157
12317	2971	349	901	86300	0	90521
12318	1165	88102	777	2199	0	92243
12319	890	2199	703	91765	0	95557
12320	775	815	89659	2586	0	93835
12321	85693	570	2538	985	0	89786
12322	2841	459	91025	842	0	95167
12323	1224	402	87921	530	0	90077
12324	85109	342	2700	455	0	88606
12325	2646	84413	1123	488	0	88670
12326	89287	2284	720	341	0	92632
12327	90774	707	570	396	0	92447
12328	3382	503	85982	355	0	90222
12329	84934	378	2638	412	0	88362
12330	2910	393	84560	510	0	88373
12331	1123	323	79275	487	0	81208
12332	1030	305	78470	483	0	80288
12333	646	71232	2299	430	0	74607
12334	60873	1907	4502	396	0	67678
12335	59464	284	656	285	0	60689
12336	58670	136	169	127	0	59102
12337	58662	117	189	118	0	59086
12338	1328	135	56651	98	0	58212
12339	569	78	903	56355	0	57905
12340	355	101	344	58853	0	59653
12341	57846	105	232	1048	0	59231
12342	995	56163	256	365	0	57779
12343	401	808	195	56774	0	58178
12344	56445	276	203	909	0	57833
12345	1048	194	56301	289	0	57832
12346	442	130	876	55800	0	57248
12347	330	222	56749	932	0	58233
12348	308	54578	999	384	0	56269
12349	417	946	317	52993	0	54673
12350	52149	250	182	808	0	53389
12351	912	137	198	51539	0	52786
12352	435	148	51492	858	0	52933
12353	271	50359	849	397	0	51876
12354	51675	781	264	175	0	52895
12355	967	277	50927	221	0	52392
12356	47862	109	867	136	0	48974
12357	822	48593	339	120	0	49874
12358	49572	682	442	98	0	50794
12359	49623	239	119	101	0	50082
12360	920	116	110	49409	0	50555
12361	404	125	47835	694	0	49058
12362	211	46948	744	310	0	48213
12363	208	671	272	50546	0	51697
12364	186	260	149	51306	0	51901
12365	176	126	133	54881	0	55316
12366	183	108	119	57201	0	57611
12367	166	65286	147	1493	0	67092
12368	69024	1423	119	508	0	71074
12369	1684	68723	134	290	0	70831
12370	523	1730	124	73619	0	75996
12371	74577	499	107	1955	0	77138
12372	2015	247	99	74851	0	77212
12373	707	225	72400	2162	0	75494
12374	338	72593	1843	720	0	75494
12375	310	1945	534	73020	0	75809
12376	235	615	264	76920	0	78034
12377	71925	326	178	2560	0	74989
12378	2107	276	69377	1027	0	72787
12379	69159	209	1925	565	0	71858
12380	70310	196	635	407	0	71548
12381	71196	246	303	365	0	72110
12382	2814	279	68014	360	0	71467
12383	1053	417	1960	67092	0	70522
12384	619	244	614	69728	0	71205
12385	475	264	68172	2697	0	71608
12386	483	262	69250	1048	0	71043
12387	70320	205	2536	602	0	73663
12388	2300	200	889	72077	0	75466
12389	72948	216	499	2356	0	76019
12390	75140	191	357	995	0	76683
12391	2975	183	345	74409	0	77912
12392	1274	221	76627	2560	0	80682
12393	74503	250	2564	1071	0	78388
12394	2839	192	894	79128	0	83053
12395	1416	239	74856	2846	0	79357
12396	860	75330	2431	1194	0	79815
12397	75623	2383	983	714	0	79703
12398	2741	76656	634	655	0	80686
12399	1307	2688	461	66400	0	70856
12400	817	77028	456	2328	0	80629
12401	75165	2701	467	1036	0	79369
12402	75761	920	499	808	0	77988
12403	3398	74870	456	829	0	79553
12404	75408	2503	469	703	0	79083
12405	74691	952	549	658	0	76850
12406	3584	72586	496	749	0	77415
12407	73574	2619	456	719	0	77368
12408	3241	931	427	72073	0	76672
12409	1517	580	443	74637	0	77177
12410	73011	452	519	3377	0	77359
12411	3279	407	464	66181	0	70331
12412	1552	70264	441	2710	0	74967
12413	70108	2651	428	1146	0	74333
12414	69602	1042	402	852	0	71898
12415	3388	70544	387	845	0	75164
12416	71387	2710	468	666	0	75231
12417	72890	1061	434	613	0	74998
12418	3821	713	385	70561	0	75480
12419	1955	593	67966	2858	0	73372
12420	1419	69079	2383	1262	0	74143
12421	70628	2724	806	878	0	75036
12422	72220	1157	502	775	0	74654
12423	4352	761	67191	839	0	73143
12424	69264	648	2426	836	0	73174
12425	3701	782	65726	734	0	70943
12426	67597	614	2553	749	0	71513
12427	3414	666	969	67750	0	72799
12428	1854	670	65856	2848	0	71228
12429	1437	656	67117	1291	0	70501
12430	1139	1180	3062	64589	0	69970
12431	1269	692	1056	66194	0	69211
12432	1205	643	62217	3281	0	67346
12433	1314	599	2447	63880	0	68240
12434	1377	641	63205	2980	0	68203
12435	1356	646	2632	63267	0	67901
12436	1445	730	1081	62338	0	65594
12437	1478	62123	801	3095	0	67497
12438	1426	62799	702	1601	0	66528
12439	1270	66344	700	1300	0	69614
12440	1358	3122	650	64731	0	69861
12441	1257	1280	772	67180	0	70489
12442	1142	772	62370	3881	0	68165
12443	62113	618	2684	1741	0	67156
12444	65306	640	1222	1264	0	68432
12445	3737	62629	825	1370	0	68561
12446	64547	2535	744	996	0	68822
12447	3416	1058	794	63872	0	69140
12448	64663	729	777	2991	0	69160
12449	66078	576	784	1513	0	68951
12450	3746	659	737	64073	0	69215
12451	60784	652	759	3111	0	65306
12452	3126	60050	755	1519	0	65450
12453	1631	62816	703	1130	0	66280
12454	1335	3181	750	56853	0	62119
12455	1327	61582	689	2540	0	66138
12456	1335	2802	619	58320	0	63076
12457	1317	1221	539	61553	0	64630
12458	59055	788	624	3203	0	63670
12459	3104	58235	559	1765	0	63663
12460	57292	2542	640	1107	0	61581
12461	56259	1137	592	1000	0	58988
12462	3299	57157	567	1051	0	62074
12463	56656	2538	510	999	0	60703
12464	3187	1129	53413	1022	0	58751
12465	1387	51427	1865	1050	0	55729
12466	48475	1950	719	1027	0	52171
12467	2061	710	39368	523	0	42662
12468	891	34498	1164	511	0	37064
12469	655	36185	792	496	0	38128
12470	31629	1175	918	313	0	34035
12471	30983	527	191	262	0	31963
12472	31180	339	170	286	0	31975
12473	1339	30656	186	288	0	32469
12474	634	908	165	31507	0	33214
12475	31453	454	205	924	0	33036
12476	32124	326	191	471	0	33112
12477	1245	281	155	31242	0	32923
12478	668	258	32146	957	0	34029
12479	475	279	32420	453	0	33627
12480	400	255	1039	32476	0	34170
12481	386	243	449	33698	0	34776
12482	409	213	33392	1184	0	35198
12483	368	206	873	31738	0	33185
12484	365	33065	443	991	0	34864
12485	33086	842	289	488	0	34705
12486	948	448	257	32562	0	34215
12487	30589	206	168	929	0	31892
12488	910	30488	193	489	0	32080
12489	411	31774	190	336	0	32711
12490	31728	778	155	266	0	32927
12491	742	341	29983	208	0	31274
12492	24679	285	355	120	0	25439
12493	417	25389	200	128	0	26134
12494	136	258	77	24793	0	25264
12495	24815	109	43	281	0	25248
12496	265	86	50	24298	0	24699
12497	26128	56	63	306	0	26553
12498	25546	51	48	153	0	25798
12499	333	25814	52	129	0	26328
12500	26613	225	31	68	0	26937
12501	249	25351	41	75	0	25716
12502	26808	247	20	70	0	27145
12503	270	115	23	26989	0	27397
12504	27844	85	29	230	0	28188
12505	234	58	21	28159	0	28472
12506	29395	52	20	218	0	29685
12507	30153	69	24	91	0	30337
12508	30383	48	20	83	0	30534
12509	30559	46	24	57	0	30686
12510	30794	41	24	56	0	30915
12511	305	41	23	30901	0	31270
12512	30823	33	26	192	0	31074
12513	256	29050	38	132	0	29476
12514	149	200	29802	64	0	30215
12515	97	89	135	28770	0	29091
12516	103	58	30607	174	0	30942
12517	74	52	144	30886	0	31156
12518	84	52	32389	240	0	32765
12519	31555	40	211	124	0	31930
12520	257	41	91	33622	0	34011
12521	138	36	33718	243	0	34135
12522	126	50	34260	120	0	34556
12523	81	56	262	34528	0	34927
12524	39289	27	132	242	0	39690
12525	264	40043	110	158	0	40575
12526	41694	248	53	68	0	42063
12527	41462	132	35	54	0	41683
12528	395	40627	51	144	0	41217
12529	44729	253	20	38	0	45040
12530	334	142	26	44086	0	44588
12531	191	76	22	44128	0	44417
12532	105	48	20	44864	0	45037
12533	45040	44	24	405	0	45513
12534	292	44576	46	251	0	45165
12535	161	314	24	46030	0	46529
12536	100	160	23	46381	0	46664
12537	46335	83	22	494	0	46934
12538	381	55	15	45180	0	45631
12539	191	66	45101	448	0	45806
12540	113	45619	376	244	0	46352
12541	47668	470	165	117	0	48420
12542	545	229	89	46267	0	47130
12543	244	48574	84	470	0	49372
12544	50169	509	40	232	0	50950
12545	643	244	48375	128	0	49390
12546	286	47137	484	108	0	48015
12547	49931	523	206	76	0	50736
12548	562	240	113	49223	0	50138
12549	265	134	73	49684	0	50156
12550	182	108	49398	736	0	50424
12551	135	68	486	47553	0	48242
12552	114	63	52505	688	0	53370
12553	112	100	49838	329	0	50379
12554	116	80	52655	190	0	53041
12555	52733	51	760	128	0	53672
12556	53228	41	345	166	0	53780
12557	55912	52	191	91	0	56246
12558	801	44	122	54890	0	55857
12559	395	54018	106	489	0	55008
12560	241	55245	64	279	0	55829
12561	56938	640	63	153	0	57794
12562	56350	296	61	138	0	56845
12563	694	56177	78	125	0	57074
12564	57040	496	87	65	0	57688
12565	676	229	55196	90	0	56191
12566	296	161	55051	58	0	55566
12567	189	120	679	49203	0	50191
12568	240	65	291	55433	0	56029
12569	119	55	55454	659	0	56287
12570	96	49	547	52411	0	53103
12571	55550	30	260	666	0	56506
12572	524	54	54597	475	0	55650
12573	52065	50	560	164	0	52839
12574	645	46	236	54334	0	55261
12575	352	64	56105	574	0	57095
12576	196	54732	601	285	0	55814
12577	58285	496	244	171	0	59196
12578	626	212	55533	130	0	56501
12579	54059	143	587	103	0	54892
12580	659	100	275	55125	0	56159
12581	56162	62	176	597	0	56997
12582	712	77	58908	275	0	59972
12583	341	71	561	59220	0	60193
12584	62814	60	243	625	0	63742
12585	64307	78	166	285	0	64836
12586	66731	61	129	208	0	67129
12587	67458	73	101	172	0	67804
12588	1103	70	93	64136	0	65402
12589	477	70	96	63667	0	64310
12590	329	90	64265	991	0	65675
12591	225	73	717	62969	0	63984
12592	193	118	281	63518	0	64110
12593	175	64195	183	992	0	65545
12594	66612	844	127	435	0	68018
12595	67636	262	173	287	0	68358
12596	1169	69879	137	240	0	71425
12597	466	1121	95	69810	0	71492
12598	323	358	99	72032	0	72812
12599	69939	175	108	1531	0	71753
12600	1335	146	71849	645	0	73975
12601	481	101	1188	72932	0	74702
12602	323	117	72871	1676	0	74987
12603	69197	78	1312	547	0	71134
12604	73464	84	479	327	0	74354
12605	74151	94	262	261	0	74768
12606	1805	86	183	71376	0	73450
12607	733	90	122	71665	0	72610
12608	72118	87	152	1633	0	73990
12609	1540	116	70056	649	0	72361
12610	583	135	1207	70637	0	72562
12611	71291	66	423	1503	0	73283
12612	1454	77	258	70990	0	72779
12613	613	82	75046	1542	0	77283
12614	403	131	73453	625	0	74612
12615	71021	82	1607	427	0	73137
12616	1367	73291	640	367	0	75665
12617	77666	1158	408	259	0	79491
12618	78596	348	206	244	0	79394
12619	1627	194	166	76864	0	78851
12620	670	136	154	75994	0	76954
12621	426	74568	185	1683	0	76862
12622	76206	1174	135	630	0	78145
12623	1371	76182	173	449	0	78175
12624	565	76264	157	363	0	77349
12625	372	1395	165	75111	0	77043
12626	75400	432	157	1314	0	77303
12627	75902	239	169	479	0	76789
12628	1604	163	124	73875	0	75766
12629	691	138	122	72411	0	73362
12630	494	101	116	73178	0	73889
12631	71911	77	141	1731	0	73860
12632	1437	148	71058	737	0	73380
12633	601	70197	1145	519	0	72462
12634	71262	1073	350	428	0	73113
12635	1374	351	208	70306	0	72239
12636	641	215	70275	1352	0	72483
12637	494	229	69302	649	0	70674
12638	390	67989	1470	509	0	70358
12639	347	70872	468	441	0	72128
12640	526	1215	338	69255	0	71334
12641	407	66290	428	1069	0	68194
12642	350	1141	136	70254	0	71881
12643	318	393	139	70137	0	70987
12644	69669	236	141	1458	0	71504
12645	1238	243	143	69271	0	70895
12646	525	192	145	70654	0	71516
12647	435	241	68595	1472	0	70743
12648	360	206	977	70372	0	71915
12649	70977	191	322	1449	0	72939
12650	70995	193	250	580	0	72018
12651	1434	72733	258	497	0	74922
12652	73020	1224	137	458	0	74839
12653	1586	495	70404	475	0	72960
12654	641	69547	1204	536	0	71928
12655	436	1249	435	72730	0	74850
12656	436	455	284	74220	0	75395
12657	376	369	241	74369	0	75355
12658	73633	287	222	1831	0	75973
12659	70460	249	295	822	0	71826
12660	1690	296	71170	642	0	73798
12661	713	242	69674	578	0	71207
12662	587	369	70522	452	0	71930
12663	516	68561	1517	534	0	71128
12664	425	69910	582	512	0	71429
12665	73233	1545	298	503	0	75579
12666	73220	523	270	583	0	74596
12667	1678	298	225	73321	0	75522
12668	759	255	225	73483	0	74722
12669	523	73728	255	1781	0	76287
12670	471	1323	233	77921	0	79948
12671	487	490	74662	1736	0	77375
12672	402	74330	1415	827	0	76974
12673	373	1338	477	77675	0	79863
12674	444	556	78867	1560	0	81427
12675	449	443	1332	74697	0	76921
12676	424	75324	456	1549	0	77753
12677	80985	1389	269	693	0	83336
12678	80689	519	304	565	0	82077
12679	83783	349	275	610	0	85017
12680	1962	343	270	82846	0	85421
12681	784	349	206	86215	0	87554
12682	86089	383	210	2142	0	88824
12683	1978	82914	318	804	0	86014
12684	86345	1650	276	544	0	88815
12685	2080	664	86290	482	0	89516
12686	88642	289	1868	460	0	91259
12687	91111	325	662	481	0	92579
12688	2827	291	268	90014	0	93400
12689	92595	248	272	2280	0	95395
12690	94250	276	271	1028	0	95825
12691	2989	391	226	94576	0	98182
12692	1152	349	90526	2572	0	94599
12693	86755	245	2050	1078	0	90128
12694	2433	610	89308	542	0	92893
12695	1034	94466	2117	462	0	98079
12696	586	1847	987	94408	0	97828
12697	496	659	253	99178	0	100586
12698	103888	266	221	2700	0	107075
12699	2549	443	100375	923	0	104290
12700	885	218	2218	98705	0	102026
12701	445	101804	828	2434	0	105511
12702	394	102741	381	940	0	104456
12703	308	2977	249	105384	0	108918
12704	394	956	100908	2745	0	105003
12705	337	393	2368	103427	0	106525
12706	278	279	762	104465	0	105784
12707	409	767	93087	3237	0	97500
12708	292	101642	2230	1176	0	105340
12709	99666	2557	702	610	0	103535
12710	2536	102913	353	581	0	106383
12711	906	2670	233	103872	0	107681
12712	98478	864	273	2714	0	102329
12713	2548	95988	486	983	0	100005
12714	940	2535	93120	597	0	97192
12715	93643	871	2314	497	0	97325
12716	2559	97763	868	449	0	101639
12717	100326	2561	365	400	0	103652
12718	3010	912	94536	425	0	98883
12719	95834	388	2471	456	0	99149
12720	2910	335	841	96038	0	100124
12721	1206	375	94893	2703	0	99177
12722	601	365	2461	94451	0	97878
12723	531	94310	919	2712	0	98472
12724	536	2483	407	96538	0	99964
12725	465	921	296	97825	0	99507
12726	546	523	91115	3487	0	95671
12727	525	481	2431	95185	0	98622
12728	696	1059	79018	3120	0	83893
12729	524	93195	2058	1472	0	97249
12730	529	2647	822	95244	0	99242
12731	664	1044	93087	2923	0	97718
12732	550	93589	2654	1262	0	98055
12733	566	98631	994	794	0	100985
12734	628	3316	96518	673	0	101135
12735	735	1158	96369	593	0	98855
12736	585	582	3213	96191	0	100571
12737	96458	454	1068	3001	0	100981
12738	3046	95079	587	1337	0	100049
12739	1328	2843	455	95322	0	99948
12740	95015	995	463	3075	0	99548
12741	3239	94545	462	1353	0	99599
12742	94948	2825	450	852	0	99075
12743	3316	95934	527	774	0	100551
12744	97172	2944	483	759	0	101358
12745	97645	1123	519	880	0	100167
12746	98888	706	514	697	0	100805
12747	4227	101154	526	853	0	106760
12748	1753	3259	512	104211	0	109735
12749	1390	1195	98746	3594	0	104925
12750	1148	100154	3203	1794	0	106299
12751	1310	3217	1179	98603	0	104309
12752	1209	1337	797	100670	0	104013
12753	1163	895	92329	4178	0	98565
12754	1193	92506	3145	1883	0	98727
12755	92574	3157	1466	1198	0	98395
12756	3670	92091	773	1137	0	97671
12757	1632	3288	629	94659	0	100208
12758	1101	1424	92130	3670	0	98325
12759	89900	967	3242	1652	0	95761
12760	3538	694	1228	95214	0	100674
12761	1289	773	92308	3841	0	98211
12762	88029	793	3326	1744	0	93892
12763	3294	90813	1363	1324	0	96794
12764	93019	3408	913	1148	0	98488
12765	94214	1701	555	1213	0	97683
12766	4026	982	603	94045	0	99656
12767	1644	930	91496	3755	0	97825
12768	1126	90586	3237	1696	0	96645
12769	799	3473	89830	1260	0	95362
12770	638	1850	3216	87728	0	93432
12771	588	1298	1360	92533	0	95779
12772	89763	1014	929	4268	0	95974
12773	3260	873	86644	2101	0	92878
12774	1395	84562	3272	1401	0	90630
12775	872	3324	1184	85006	0	90386
12776	856	1424	856	88902	0	92038
12777	84257	1146	719	3818	0	89940
12778	3258	84280	540	1759	0	89837
12779	1417	3151	448	82052	0	87068
12780	77863	1469	443	3300	0	83075
12781	2790	78049	548	1559	0	82946
12782	74245	2736	371	720	0	78072
12783	74257	1110	528	539	0	76434
12784	3279	72528	525	724	0	77056
12785	64336	2063	301	373	0	67073
12786	2270	64156	273	400	0	67099
12787	65896	2096	256	388	0	68636
12788	65371	719	319	347	0	66756
12789	2451	63035	229	485	0	66200
12790	60658	1791	172	370	0	62991
12791	62496	572	247	351	0	63666
12792	62952	488	177	392	0	64009
12793	2363	438	58774	376	0	61951
12794	878	346	54457	342	0	56023
12795	561	304	55809	311	0	56985
12796	55032	1025	2235	248	0	58540
12797	1865	288	53497	300	0	55950
12798	552	246	46806	181	0	47785
12799	540	302	1334	42299	0	44475
12800	43868	190	552	1031	0	45641
12801	1197	209	43544	432	0	45382
12802	561	192	45825	315	0	46893
12803	399	174	1365	44469	0	46407
12804	348	182	573	45873	0	46976
12805	347	156	338	46841	0	47682
12806	334	182	45220	1515	0	47251
12807	323	155	1101	45871	0	47450
12808	45535	200	461	1352	0	47548
12809	1186	46017	373	619	0	48195
12810	565	1086	263	47414	0	49328
12811	427	441	234	49063	0	50165
12812	367	367	48366	1514	0	50614
12813	323	48306	1266	753	0	50648
12814	48911	1284	468	463	0	51126
12815	1367	48920	398	396	0	51081
12816	553	1391	287	50121	0	52352
12817	485	528	49122	1379	0	51514
12818	368	374	1316	53064	0	55122
12819	311	260	554	55180	0	56305
12820	54424	214	450	1923	0	57011
12821	1581	211	363	52136	0	54291
12822	637	51655	347	1823	0	54462
12823	504	55770	315	715	0	57304
12824	409	1860	55082	526	0	57877
12825	55480	622	1619	425	0	58146
12826	1714	403	596	56109	0	58822
12827	657	289	466	57217	0	58629
12828	485	243	377	58811	0	59916
12829	57370	224	323	2295	0	60212
12830	1747	57664	345	1066	0	60822
12831	59744	1591	342	701	0	62378
12832	1933	606	55659	482	0	58680
12833	739	457	55170	671	0	57037
12834	57675	244	2041	407	0	60367
12835	1833	272	777	58374	0	61256
12836	693	235	528	60664	0	62120
12837	506	226	397	61953	0	63082
12838	393	275	59238	2439	0	62345
12839	60246	243	1730	1007	0	63226
12840	61952	232	649	743	0	63576
12841	61260	229	521	610	0	62620
12842	2332	215	369	59572	0	62488
12843	971	229	57061	2026	0	60287
12844	694	294	56428	916	0	58332
12845	544	276	58123	764	0	59707
12846	452	55475	1938	564	0	58429
12847	954	1444	1201	50775	0	54374
12848	51008	400	362	1344	0	53114
12849	1317	265	49716	639	0	51937
12850	52061	165	1263	548	0	54037
12851	1402	156	544	52808	0	54910
12852	530	183	423	52148	0	53284
12853	469	50151	368	1613	0	52601
12854	398	51220	330	795	0	52743
12855	406	53435	365	554	0	54760
12856	393	1400	365	54394	0	56552
12857	53242	477	376	1452	0	55547
12858	54005	286	378	746	0	55415
12859	1604	212	51681	589	0	54086
12860	52158	202	1310	579	0	54249
12861	1448	234	52032	545	0	54259
12862	648	228	1352	52015	0	54243
12863	497	245	51497	1566	0	53805
12864	51370	229	1435	681	0	53715
12865	1430	197	575	52600	0	54802
12866	618	206	53805	1409	0	56038
12867	486	238	51420	721	0	52865
12868	51603	203	1489	598	0	53893
12869	54068	198	654	521	0	55441
12870	1479	53450	439	555	0	55923
12871	662	1137	388	56454	0	58641
12872	491	478	55784	1500	0	58253
12873	502	353	54785	742	0	56382
12874	484	488	1465	55616	0	58053
12875	56287	240	654	1463	0	58644
12876	1308	54804	478	757	0	57347
12877	602	1184	401	57624	0	59811
12878	57848	468	357	1490	0	60163
12879	1378	462	349	56692	0	58881
12880	702	55959	375	1532	0	58568
12881	530	1146	367	59073	0	61116
12882	58241	430	437	1528	0	60636
12883	1457	350	405	58842	0	61054
12884	58683	261	412	1519	0	60875
12885	1464	57516	420	790	0	60190
12886	59781	1161	424	689	0	62055
12887	1586	464	56031	545	0	58626
12888	55380	285	1374	601	0	57640
12889	58224	269	642	517	0	59652
12890	1778	55951	497	533	0	58759
12891	712	1225	420	56674	0	59031
12892	605	454	55467	1333	0	57859
12893	545	377	53624	626	0	55172
12894	52536	486	1348	578	0	54948
12895	51437	312	482	463	0	52694
12896	1209	51506	327	525	0	53567
12897	573	53360	285	437	0	54655
12898	52882	1096	324	371	0	54673
12899	1230	51564	554	316	0	53664
12900	592	53614	334	330	0	54870
12901	493	958	264	54074	0	55789
12902	366	328	284	52984	0	53962
12903	357	204	52098	1275	0	53934
12904	351	177	966	52215	0	53709
12905	52842	164	395	1224	0	54625
12906	1153	215	51737	466	0	53571
12907	576	215	51656	403	0	52850
12908	513	193	1063	49906	0	51675
12909	453	276	439	52638	0	53806
12910	417	177	363	52753	0	53710
12911	367	219	50587	1197	0	52370
12912	288	152	796	47542	0	48778
12913	227	182	374	49121	0	49904
12914	48139	144	255	871	0	49409
12915	779	46326	264	418	0	47787
12916	47884	687	195	277	0	49043
12917	893	232	46173	345	0	47643
12918	40290	125	502	123	0	41040
12919	572	42554	225	169	0	43520
12920	40905	287	153	64	0	41409
12921	322	40230	82	103	0	40737
12922	39377	265	52	85	0	39779
12923	234	37005	47	60	0	37346
12924	77	36456	34	398	0	36965
12925	59	271	71	38059	0	38460
12926	38717	99	11	203	0	39030
12927	38704	47	18	83	0	38852
12928	38921	33	26	61	0	39041
12929	342	51	37211	27	0	37631
12930	142	62	36864	243	0	37311
12931	70	30	317	38085	0	38502
12932	48	37731	129	297	0	38205
12933	36	39378	78	97	0	39589
12934	41	455	21	39154	0	39671
12935	38683	129	21	299	0	39132
12936	38367	56	18	107	0	38548
12937	38472	25	16	70	0	38583
12938	450	50	36820	23	0	37343
12939	165	30	292	37096	0	37583
12940	94	41	37061	325	0	37521
12941	37443	36	334	102	0	37915
12942	38262	26	89	78	0	38455
12943	442	44	37684	34	0	38204
12944	154	42	308	37624	0	38128
12945	37739	35	88	392	0	38254
12946	369	29	55	38300	0	38753
12947	143	31	30	39013	0	39217
12948	114	32	30	43347	0	43523
12949	44784	29	39	723	0	45575
12950	641	40	31	47130	0	47842
12951	47610	33	48	933	0	48624
12952	890	52145	93	275	0	53403
12953	254	896	38	56672	0	57860
12954	182	255	39	57543	0	58019
12955	96	129	42	56848	0	57115
12956	55885	44	43	1491	0	57463
12957	1128	50	54	55527	0	56759
12958	361	47	43	55483	0	55934
12959	56724	34	38	1341	0	58137
12960	56891	48	37	534	0	57510
12961	57250	49	49	239	0	57587
12962	1568	71	53773	127	0	55539
12963	546	122	50657	114	0	51439
12964	54668	55	1216	121	0	56060
12965	1179	54	372	55030	0	56635
12966	418	55	147	52885	0	53505
12967	54852	43	79	1447	0	56421
12968	54163	31	79	512	0	54785
12969	52924	54	60	259	0	53297
12970	1487	51486	87	162	0	53222
12971	52840	1026	59	232	0	54157
12972	50163	298	66	149	0	50676
12973	1353	49936	94	161	0	51544
12974	479	49671	111	159	0	50420
12975	292	1103	57	51838	0	53290
12976	53812	291	67	1097	0	55267
12977	53845	114	69	379	0	54407
12978	53417	65	52	254	0	53788
12979	1571	58	68	52526	0	54223
12980	53007	50	65	1237	0	54359
12981	1349	93	50284	432	0	52158
12982	50741	75	1029	291	0	52136
12983	1374	83	51343	204	0	53004
12984	558	104	48945	199	0	49806
12985	342	80	1127	49593	0	51142
12986	49123	66	479	1211	0	50879
12987	1099	66	169	50753	0	52087
12988	444	69	50388	1347	0	52248
12989	358	86	49293	510	0	50247
12990	292	59	1157	49854	0	51362
12991	48684	85	358	1206	0	50333
12992	1147	49576	221	500	0	51444
12993	540	964	114	51193	0	52811
12994	433	285	119	53368	0	54205
12995	394	163	52341	1483	0	54381
12996	366	117	50281	658	0	51422
12997	453	65	1246	52128	0	53892
12998	51757	74	433	1366	0	53630
12999	1375	112	50544	653	0	52684
13000	645	98	986	51596	0	53325
13001	528	120	345	51973	0	52966
13002	455	122	199	52701	0	53477
13003	50664	137	141	1748	0	52690
13004	1484	318	42611	891	0	45304
13005	722	49545	735	761	0	51763
13006	618	1098	244	51694	0	53654
13007	617	348	50179	1601	0	52745
13008	638	48505	1125	938	0	51206
13009	663	50976	412	727	0	52778
13010	50998	1363	270	616	0	53247
13011	1668	50828	217	687	0	53400
13012	52410	1286	230	725	0	54651
13013	1806	427	50639	760	0	53632
13014	971	301	1228	52243	0	54743
13015	52149	171	458	1920	0	54698
13016	1841	51213	333	1194	0	54581
13017	1131	1418	51233	1051	0	54833
13018	1133	472	1236	45216	0	48057
13019	1070	51689	497	1527	0	54783
13020	1046	1356	383	53847	0	56632
13021	52791	555	397	1847	0	55590
13022	1949	53068	407	1040	0	56464
13023	54279	1331	317	888	0	56815
13024	55033	483	321	831	0	56668
13025	2467	342	53257	779	0	56845
13026	1478	55560	1558	699	0	59295
13027	1187	2091	558	59072	0	62908
13028	1187	557	60124	2210	0	64078
13029	1202	385	64797	840	0	67224
13030	1028	435	2665	65949	0	70077
13031	67810	261	953	2560	0	71584
13032	67623	313	640	964	0	69540
13033	3544	321	402	66948	0	71215
13034	1633	382	64834	2878	0	69727
13035	1152	65915	2389	1189	0	70645
13036	68327	2510	713	761	0	72311
13037	69713	856	476	541	0	71586
13038	3541	68153	400	710	0	72804
13039	71149	2633	428	548	0	74758
13040	3467	947	67514	442	0	72370
13041	69124	574	2634	477	0	72809
13042	70073	393	1002	568	0	72036
13043	3473	409	67877	537	0	72296
13044	1498	277	2691	68041	0	72507
13045	1220	202	66659	2949	0	71030
13046	826	65250	2858	1224	0	70158
13047	730	68367	1192	904	0	71193
13048	569	3161	622	61886	0	66238
13049	489	840	59913	2480	0	63722
13050	300	55526	2069	810	0	58705
13051	195	56533	821	469	0	58018
13052	48599	2062	855	238	0	51754
13053	48891	597	165	171	0	49824
13054	1968	298	156	48813	0	51235
13055	660	190	120	48196	0	49166
13056	329	48365	155	1844	0	50693
13057	48193	1640	165	576	0	50574
13058	49656	498	126	335	0	50615
13059	1970	48623	140	273	0	51006
13060	648	1687	74	49856	0	52265
13061	414	572	48385	1808	0	51179
13062	311	320	1499	49824	0	51954
13063	49911	234	446	1835	0	52426
13064	1784	204	242	50321	0	52551
13065	615	146	192	52328	0	53281
13066	51283	112	189	2177	0	53761
13067	1815	127	163	49154	0	51259
13068	564	49125	211	1855	0	51755
13069	405	1708	130	50544	0	52787
13070	299	502	135	51608	0	52544
13071	241	320	141	49668	0	50370
13072	211	49440	189	2121	0	51961
13073	194	1796	164	50061	0	52215
13074	229	603	47834	2100	0	50766
13075	294	330	1612	48988	0	51224
13076	308	307	46841	2135	0	49591
13077	252	46393	1700	856	0	49201
13078	256	1738	515	48916	0	51425
13079	284	579	337	50150	0	51350
13080	358	359	209	50246	0	51172
13081	315	287	235	50442	0	51279
13082	314	334	46607	2511	0	49766
13083	259	46143	1686	1089	0	49177
13084	268	1783	542	49012	0	51605
13085	337	612	48551	2118	0	51618
13086	352	356	1858	49804	0	52370
13087	50407	287	690	2313	0	53697
13088	2056	313	47580	878	0	50827
13089	49033	250	1682	666	0	51631
13090	2218	266	633	50153	0	53270
13091	917	342	49158	2199	0	52616
13092	639	48137	1912	1044	0	51732
13093	526	1924	643	49455	0	52548
13094	532	759	49218	2188	0	52697
13095	455	47872	2019	965	0	51311
13096	459	2095	682	49283	0	52519
13097	48708	777	552	2230	0	52267
13098	51134	522	428	928	0	53012
13099	51543	442	414	661	0	53060
13100	2835	553	47850	528	0	51766
13101	1131	48876	1996	605	0	52608
13102	750	2098	728	49614	0	53190
13103	544	788	477	53745	0	55554
13104	52929	558	439	2770	0	56696
13105	2322	54553	552	1165	0	58592
13106	55884	2523	335	798	0	59540
13107	56018	917	349	737	0	58021
13108	57991	654	352	688	0	59685
13109	3219	525	54569	677	0	58990
13110	55954	423	2304	541	0	59222
13111	2947	418	732	55897	0	59994
13112	1140	371	429	57900	0	59840
13113	55909	350	395	3238	0	59892
13114	2679	349	328	54650	0	58006
13115	993	53913	276	2962	0	58144
13116	692	2418	210	54758	0	58078
13117	53246	832	262	3062	0	57402
13118	2575	621	51186	1307	0	55689
13119	968	50867	2154	1113	0	55102
13120	678	2353	622	52194	0	55847
13121	51812	782	414	2739	0	55747
13122	2606	464	50509	1190	0	54769
13123	942	758	2197	50757	0	54654
13124	719	413	50162	2822	0	54116
13125	695	321	49463	1226	0	51705
13126	611	244	45535	874	0	47264
13127	569	218	44140	623	0	45550
13128	384	188	41872	565	0	43009
13129	33843	497	2231	403	0	36974
13130	964	33752	494	265	0	35475
13131	32806	755	312	175	0	34048
13132	32743	250	183	175	0	33351
13133	988	31650	204	194	0	33036
13134	396	33045	167	155	0	33763
13135	33265	886	160	127	0	34438
13136	34162	330	124	134	0	34750
13137	1032	174	136	31890	0	33232
13138	426	32553	146	765	0	33890
13139	33694	771	123	284	0	34872
13140	883	33235	134	225	0	34477
13141	383	791	106	34074	0	35354
13142	34192	283	117	821	0	35413
13143	34255	188	140	316	0	34899
13144	1026	144	147	33901	0	35218
13145	426	126	120	34759	0	35431
13146	308	141	33557	986	0	34992
13147	247	134	755	33019	0	34155
13148	294	120	33784	942	0	35140
13149	241	114	818	32319	0	33492
13150	210	110	307	33803	0	34430
13151	33297	111	237	1045	0	34690
13152	32961	113	216	438	0	33728
13153	1039	119	32542	320	0	34020
13154	31961	108	807	246	0	33122
13155	999	127	332	32714	0	34172
13156	463	142	32762	901	0	34268
13157	341	121	836	32487	0	33785
13158	300	114	305	34840	0	35559
13159	295	141	34104	1140	0	35680
13160	289	121	898	34736	0	36044
13161	258	132	35844	1090	0	37324
13162	233	121	984	37490	0	38828
13163	40355	108	360	1226	0	42049
13164	1237	40212	266	519	0	42234
13165	41421	1167	214	334	0	43136
13166	1374	41953	201	368	0	43896
13167	41908	1287	178	243	0	43616
13168	1401	41446	172	233	0	43252
13169	41488	1304	146	242	0	43180
13170	1374	41799	175	276	0	43624
13171	620	1328	138	42508	0	44594
13172	453	540	41957	1300	0	44250
13173	447	348	41592	520	0	42907
13174	329	273	1467	41426	0	43495
13175	41553	200	560	1386	0	43699
13176	1389	41195	348	603	0	43535
13177	573	1264	259	42655	0	44751
13178	422	449	41721	1472	0	44064
13179	342	310	42984	635	0	44271
13180	321	292	1524	40351	0	42488
13181	254	42444	648	1366	0	44712
13182	43012	1249	611	602	0	45474
13183	1407	493	44072	444	0	46416
13184	604	345	43581	345	0	44875
13185	364	43546	1565	331	0	45806
13186	44165	1274	681	303	0	46423
13187	44310	490	404	243	0	45447
13188	1545	299	332	43325	0	45501
13189	44176	236	307	1261	0	45980
13190	43666	202	303	511	0	44682
13191	1585	43769	299	397	0	46050
13192	44605	1173	329	251	0	46358
13193	1532	483	45219	241	0	47475
13194	643	312	1241	44553	0	46749
13195	461	252	530	46038	0	47281
13196	45498	217	352	1506	0	47573
13197	1307	44791	325	733	0	47156
13198	44410	1166	234	382	0	46192
13199	1339	45609	244	323	0	47515
13200	612	45681	234	477	0	47004
13201	515	1366	44829	230	0	46940
13202	394	652	44508	284	0	45838
13203	39825	535	1161	186	0	41707
13204	42345	326	404	175	0	43250
13205	1088	306	39696	153	0	41243
13206	480	37938	785	151	0	39354
13207	332	39578	382	163	0	40455
13208	40548	886	252	103	0	41789
13209	40455	390	161	80	0	41086
13210	938	268	166	39994	0	41366
13211	42280	210	182	676	0	43348
13212	893	164	179	40943	0	42179
13213	472	193	41370	762	0	42797
13214	383	235	38271	340	0	39229
13215	39849	184	871	219	0	41123
13216	851	205	593	40009	0	41658
13217	442	43564	274	605	0	44885
13218	46255	737	200	285	0	47477
13219	45807	354	200	217	0	46578
13220	1056	230	46176	267	0	47729
13221	45719	186	724	208	0	46837
13222	48843	173	377	160	0	49553
13223	1079	179	300	47411	0	48969
13224	534	46004	298	737	0	47573
13225	470	48790	205	296	0	49761
13226	402	948	151	50397	0	51898
13227	357	439	176	49025	0	49997
13228	363	319	166	49712	0	50560
13229	376	245	48614	1062	0	50297
13230	396	267	46496	482	0	47641
13231	359	213	974	46868	0	48414
13232	369	234	48572	845	0	50020
13233	327	241	47675	421	0	48664
13234	271	224	1013	45083	0	46591
13235	329	222	49776	878	0	51205
13236	297	47387	1016	490	0	49190
13237	52417	835	547	324	0	54123
13238	957	374	346	51653	0	53330
13239	476	50777	303	887	0	52443
13240	425	846	52210	412	0	53893
13241	315	400	934	50445	0	52094
13242	311	285	55571	953	0	57120
13243	289	204	1097	53981	0	55571
13244	278	205	470	57349	0	58302
13245	312	205	59763	1319	0	61599
13246	278	238	1060	57186	0	58762
13247	232	58370	560	1129	0	60291
13248	298	1013	332	61877	0	63520
13249	325	427	60723	1233	0	62708
13250	262	301	1072	59289	0	60924
13251	59504	214	540	1263	0	61521
13252	1017	59212	435	691	0	61355
13253	487	1101	272	61217	0	63077
13254	406	406	62657	1197	0	64666
13255	277	59598	1104	641	0	61620
13256	245	62329	475	516	0	63565
13257	298	1216	60978	366	0	62858
13258	215	577	938	58319	0	60049
13259	238	402	541	59548	0	60729
13260	272	195	59671	1224	0	61362
13261	196	55571	922	662	0	57351
13262	171	56848	438	488	0	57945
13263	54671	670	248	134	0	55723
13264	462	54699	147	146	0	55454
13265	56005	532	56	106	0	56699
13266	487	340	62	53409	0	54298
13267	55260	137	73	494	0	55964
13268	553	110	55173	213	0	56049
13269	53467	80	467	183	0	54197
13270	609	80	200	56560	0	57449
13271	234	56178	159	534	0	57105
13272	58731	476	67	224	0	59498
13273	536	279	76	58061	0	58952
13274	198	58077	161	555	0	58991
13275	144	61498	86	249	0	61977
13276	61951	585	72	141	0	62749
13277	62354	239	38	104	0	62735
13278	62871	131	62	70	0	63134
13279	662	78	52	60320	0	61112
13280	269	58636	83	505	0	59493
13281	141	60625	72	223	0	61061
13282	80	571	45	61721	0	62417
13283	61115	238	64	514	0	61931
13284	58775	141	51	251	0	59218
13285	58697	90	42	155	0	58984
13286	748	117	58847	79	0	59791
13287	343	196	57326	101	0	57966
13288	61862	78	602	81	0	62623
13289	563	75	240	62164	0	63042
13290	230	90	123	62772	0	63215
13291	160	93	79	62239	0	62571
13292	108	79	67	63048	0	63302
13293	135	78	61131	787	0	62131
13294	85	80	502	59238	0	59905
13295	120	81	60075	677	0	60953
13296	55217	69	597	328	0	56211
13297	511	58210	272	232	0	59225
13298	244	518	158	62454	0	63374
13299	163	213	112	61330	0	61818
13300	61043	159	94	730	0	62026
13301	59940	93	92	368	0	60493
13302	59962	105	76	250	0	60393
13303	59562	105	129	182	0	59978
13304	819	100	60565	181	0	61665
13305	381	139	58947	157	0	59624
13306	231	103	645	59287	0	60266
13307	61500	76	283	627	0	62486
13308	59695	74	202	347	0	60318
13309	734	90	59794	258	0	60876
13310	329	92	549	57805	0	58775
13311	59649	75	231	643	0	60598
13312	604	82	181	59264	0	60131
13313	315	100	60409	708	0	61532
13314	239	98	528	59330	0	60195
13315	60744	95	253	702	0	61794
13316	582	62044	224	364	0	63214
13317	64180	540	122	273	0	65115
13318	64304	234	118	203	0	64859
13319	63772	171	122	187	0	64252
13320	807	127	95	62749	0	63778
13321	62554	117	100	591	0	63362
13322	626	63995	136	328	0	65085
13323	304	66293	123	259	0	66979
13324	248	1122	71	67726	0	69167
13325	68458	458	67	877	0	69860
13326	1022	70387	101	570	0	72080
13327	90808	1235	62	264	0	92369
13328	95085	549	103	209	0	95946
13329	3258	98824	95	291	0	102468
13330	1262	2797	70	100655	0	104784
13331	708	996	64	104743	0	106511
13332	568	589	102197	3769	0	107123
13333	545	315	2756	101254	0	104870
13334	600	380	101547	3640	0	106167
13335	424	97622	3073	1630	0	102749
13336	314	2898	1026	103567	0	107805
13337	98679	1037	665	3538	0	103919
13338	99654	560	503	1605	0	102322
13339	3728	364	446	100308	0	104846
13340	1461	423	96757	3515	0	102156
13341	90358	368	3062	1569	0	95357
13342	3188	92421	1127	1049	0	97785
13343	1375	93696	614	805	0	96490
13344	1008	96462	405	638	0	98513
13345	824	3905	429	91806	0	96964
13346	676	1458	91808	3076	0	97018
13347	526	929	2826	91476	0	95757
13348	541	704	91445	3321	0	96011
13349	406	725	91990	1296	0	94417
13350	370	666	93946	854	0	95836
13351	311	537	4033	87527	0	92408
13352	275	445	1696	92678	0	95094
13353	230	367	1101	95202	0	96900
13354	186	467	889	93452	0	94994
13355	91362	220	867	4451	0	96900
13356	2721	89181	851	2068	0	94821
13357	91464	2722	666	1389	0	96241
13358	3080	92074	567	1234	0	96955
13359	1190	3114	379	92917	0	97600
13360	789	1228	326	98235	0	100578
13361	95556	777	251	4227	0	100811
13362	96840	588	250	1900	0	99578
13363	98416	596	251	1165	0	100428
13364	97266	556	215	921	0	98958
13365	97212	498	205	868	0	98783
13366	4429	92831	215	838	0	98313
13367	93770	2880	188	699	0	97537
13368	3857	91785	215	641	0	96498
13369	92936	3073	234	498	0	96741
13370	4048	1156	89627	510	0	95341
13371	1974	894	2610	86456	0	91934
13372	1465	90265	967	2564	0	95261
13373	1118	3040	577	91982	0	96717
13374	1199	1382	88958	3192	0	94731
13375	893	927	2774	87935	0	92529
13376	85987	658	1190	3667	0	91502
13377	2950	85673	813	1903	0	91339
13378	1283	88706	594	1415	0	91998
13379	986	3784	87607	1092	0	93469
13380	668	1665	2942	85568	0	90843
13381	644	89199	1308	3253	0	94404
13382	691	3117	867	92668	0	97343
13383	656	1522	90295	3689	0	96162
13384	608	86619	3141	1996	0	92364
13385	726	3283	89547	1218	0	94774
13386	776	1602	90110	944	0	93432
13387	709	1139	3730	87274	0	92852
13388	89143	913	1635	3401	0	95092
13389	3084	967	1155	89861	0	95067
13390	1361	890	88917	3740	0	94908
13391	884	809	3480	89710	0	94883
13392	741	797	92134	3908	0	97580
13393	665	829	91998	1863	0	95355
13394	90359	657	4358	1555	0	96929
13395	97101	521	2078	1372	0	101072
13396	97953	462	1528	1397	0	101340
13397	4430	397	94401	1460	0	100688
13398	1915	391	95926	1224	0	99456
13399	1295	377	4606	92580	0	98858
13400	1154	451	2198	96999	0	100802
13401	95401	483	1321	4416	0	101621
13402	3797	539	1061	95845	0	101242
13403	1786	511	95731	4299	0	102327
13404	1287	476	94483	2166	0	98412
13405	1005	93081	4267	1715	0	100068
13406	1061	3127	1807	96937	0	102932
13407	1124	1318	97391	3871	0	103704
13408	945	885	3693	97124	0	102647
13409	98028	640	1832	4304	0	104804
13410	3572	622	98994	2137	0	105325
13411	1741	671	3732	99345	0	105489
13412	1320	585	1628	103390	0	106923
13413	1230	520	98884	4739	0	105373
13414	1101	473	3772	98647	0	103993
13415	1059	513	98670	4413	0	104655
13416	92486	507	3994	2173	0	99160
13417	3627	502	1796	92153	0	98078
13418	1634	92018	1300	3981	0	98933
13419	93695	3132	1021	2066	0	99914
13420	93433	1201	1068	1525	0	97227
13421	4433	92543	1034	1475	0	99485
13422	2794	8537	995	79035	0	91361
13423	1393	85819	727	2887	0	90826
13424	1066	86999	575	1600	0	90240
13425	1445	3551	79767	1051	0	85814
13426	1162	78430	2752	1072	0	83416
13427	602	1763	58989	811	0	62165
13428	46162	619	886	249	0	47916
13429	47653	156	227	127	0	48163
13430	650	48981	152	439	0	50222
13431	219	49671	130	123	0	50143
13432	110	50651	118	101	0	50980
13433	52018	725	95	84	0	52922
13434	816	252	72	53189	0	54329
13435	240	184	55491	681	0	56596
13436	111	55350	661	572	0	56694
13437	121	808	218	58218	0	59365
13438	115	259	125	55728	0	56227
13439	77	64467	118	859	0	65521
13440	70337	1138	100	286	0	71861
13441	1450	336	70130	182	0	72098
13442	416	224	1441	88386	0	90467
13443	145	101621	401	2254	0	104421
13444	103282	2842	184	576	0	106884
13445	3041	830	98869	350	0	103090
13446	722	98392	2827	833	0	102774
13447	436	2991	633	101636	0	105696
13448	362	868	100154	2944	0	104328
13449	97796	484	3095	749	0	102124
13450	2992	343	763	100015	0	104113
13451	859	649	96943	3164	0	101615
13452	473	98089	3075	1322	0	102959
13453	97007	2995	796	542	0	101340
13454	2904	99004	527	430	0	102865
13455	99602	3281	370	322	0	103575
13456	101806	1016	290	345	0	103457
13457	3811	777	225	96526	0	101339
13458	1341	92696	439	3007	0	97483
13459	885	2875	93464	855	0	98079
13460	554	960	2948	95326	0	99788
13461	466	676	920	93623	0	95685
13462	385	381	715	97834	0	99315
13463	456	473	450	98205	0	99584
13464	386	312	361	99256	0	100315
13465	94963	310	461	4601	0	100335
13466	95569	416	332	1626	0	97943
13467	93305	404	271	1122	0	95102
13468	3911	88720	487	1243	0	94361
13469	1565	2924	93026	587	0	98102
13470	1128	995	95346	501	0	97970
13471	746	746	96308	632	0	98432
13472	509	635	4145	90672	0	95961
13473	490	494	1527	95027	0	97538
13474	411	377	910	97003	0	98701
13475	412	484	91234	4541	0	96671
13476	432	88560	3400	2247	0	94639
13477	526	3111	91677	1385	0	96699
13478	554	1081	93847	1000	0	96482
13479	661	759	3939	90698	0	96057
13480	785	644	92261	3470	0	97160
13481	670	603	3809	91062	0	96144
13482	90593	619	1415	3914	0	96541
13483	92153	567	1125	1403	0	95248
13484	4136	430	88669	1183	0	94418
13485	1451	496	3565	89951	0	95463
13486	1139	574	88236	3933	0	93882
13487	805	89655	3648	1809	0	95917
13488	90610	3367	1448	1214	0	96639
13489	3654	1329	88460	956	0	94399
13490	1354	87675	3646	972	0	93647
13491	960	90216	1479	949	0	93604
13492	852	89566	1139	827	0	92384
13493	853	4354	82163	1047	0	88417
13494	712	2078	3594	78602	0	84986
13495	684	82853	1350	3401	0	88288
13496	813	3480	1043	82978	0	88314
13497	794	1333	906	86120	0	89153
13498	80873	882	929	4460	0	87144
13499	3265	81312	903	2195	0	87675
13500	79699	3305	859	1510	0	85373
13501	3483	79204	865	1340	0	84892
13502	1539	82623	871	1018	0	86051
13503	1387	4018	78228	966	0	84599
13504	936	1962	3373	79240	0	85511
13505	887	1426	77925	3551	0	83789
13506	787	76342	3656	1964	0	82749
13507	869	3279	77421	1537	0	83106
13508	846	1320	77843	1324	0	81333
13509	759	78169	3958	1312	0	84198
13510	74189	3445	1700	1279	0	80613
13511	3131	76129	1223	1377	0	81860
13512	76812	3628	1191	1193	0	82824
13513	3607	1575	75263	1242	0	81687
13514	1508	1123	75770	1221	0	79622
13515	1088	75233	3971	1138	0	81430
13516	73818	3537	1622	1111	0	80088
13517	3331	74383	1507	1205	0	80426
13518	1279	3469	1343	75213	0	81304
13519	75484	1572	1232	3445	0	81733
13520	3501	1244	73900	1413	0	80058
13521	1266	979	3818	75586	0	81649
13522	73973	903	1682	3743	0	80301
13523	3416	74245	1336	1672	0	80669
13524	1354	3487	1106	75670	0	81617
13525	1154	1469	73123	3764	0	79510
13526	73425	1189	3590	1534	0	79738
13527	3228	984	1728	74986	0	80926
13528	1064	938	73008	3799	0	78809
13529	844	886	3685	71700	0	77115
13530	799	72414	1584	3874	0	78671
13531	848	3230	72274	1814	0	78166
13532	796	1244	3410	71595	0	77045
13533	69656	974	1366	3520	0	75516
13534	3254	852	1174	68314	0	73594
13535	63178	823	928	3417	0	68346
13536	3340	63576	870	1320	0	69106
13537	62862	3042	906	946	0	67756
13538	3195	1334	61094	945	0	66568
13539	1205	1038	55177	658	0	58078
13540	965	842	49607	519	0	51933
13541	588	46752	3248	709	0	51297
13542	1729	670	3722	15695	0	21816
13543	43	111	400	15357	0	15911
13544	43	79	81	15036	0	15239
13545	48	55	64	15242	0	15409
13546	43	59	15011	280	0	15393
13547	13647	45	213	130	0	14035
13548	192	15065	94	86	0	15437
13549	15325	188	69	61	0	15643
13550	205	152	44	15461	0	15862
13551	91	15585	70	184	0	15930
13552	60	214	54	16368	0	16696
13553	16459	116	59	201	0	16835
13554	164	16702	55	109	0	17030
13555	17345	185	43	63	0	17636
13556	17154	89	44	44	0	17331
13557	206	76	33	17149	0	17464
13558	106	61	16872	186	0	17225
13559	16458	57	168	85	0	16768
13560	179	44	72	17612	0	17907
13561	17764	41	52	210	0	18067
13562	18218	54	55	94	0	18421
13563	18427	54	50	58	0	18589
13564	296	56	18246	52	0	18650
13565	115	45	216	17668	0	18044
13566	18372	36	84	240	0	18732
13567	241	56	18426	109	0	18832
13568	99	17931	229	57	0	18316
13569	62	515	87	17706	0	18370
13570	54	71	18088	185	0	18398
13571	47	51	18340	68	0	18506
13572	45	71	189	17936	0	18241
13573	42	33	69	18752	0	18896
13574	35	26	46	18932	0	19039
13575	43	34	28	18584	0	18689
13576	45	32	18476	225	0	18778
13577	44	17966	170	84	0	18264
13578	30	162	63	19277	0	19532
13579	19455	40	42	192	0	19729
13580	18585	34	38	70	0	18727
13581	18889	29	35	50	0	19003
13582	209	19	31	18681	0	18940
13583	73	20	29	18756	0	18878
13584	52	17097	38	213	0	17400
13585	34	17280	34	90	0	17438
13586	179	250	28	17186	0	17643
13587	16988	76	16	155	0	17235
13588	16659	26	13	58	0	16756
13589	16369	17	17	42	0	16445
13590	16385	10	10	34	0	16439
13591	16382	17	9	27	0	16435
13592	166	15838	23	38	0	16065
13593	49	112	17	16565	0	16743
13594	17520	42	12	125	0	17699
13595	17662	10	16	49	0	17737
13596	154	13	14	17194	0	17375
13597	47	9	16	17503	0	17575
13598	38	9	17772	159	0	17978
13599	27	20	113	16803	0	16963
13600	30	12	27	17617	0	17686
13601	45	21	18187	153	0	18406
13602	37	14	108	17753	0	17912
13603	40	17747	38	147	0	17972
13604	44	130	17804	46	0	18024
13605	31	17801	111	52	0	17995
13606	26	118	28	18415	0	18587
13607	19	36	22	18328	0	18405
13608	15	17727	19	126	0	17887
13609	15	17772	25	55	0	17867
13610	18803	107	16	30	0	18956
13611	18432	24	12	27	0	18495
13612	134	26	17811	24	0	17995
13613	18089	7	97	32	0	18225
13614	19260	7	22	31	0	19320
13615	19310	9	16	27	0	19362
13616	19056	12	115	24	0	19207
13617	173	27	18631	38	0	18869
13618	75	41	17890	21	0	18027
13619	19176	8	119	26	0	19329
13620	131	18651	73	43	0	18898
13621	43	93	19721	29	0	19886
13622	19898	25	116	36	0	20075
13623	20416	19	37	43	0	20515
13624	180	24	20059	26	0	20289
13625	19118	20	143	37	0	19318
13626	171	22	56	21736	0	21985
13627	67	23	22735	177	0	23002
13628	20453	18	189	77	0	20737
13629	182	21896	66	83	0	22227
13630	23261	155	41	74	0	23531
13631	25725	44	43	73	0	25885
13632	208	32	38	25171	0	25449
13633	72	32	34	24987	0	25125
13634	52	24	29	25828	0	25933
13635	25724	24	21	274	0	26043
13636	26808	10	21	123	0	26962
13637	287	21	18	27008	0	27334
13638	118	20	23	26466	0	26627
13639	83	35	25375	322	0	25815
13640	24125	36	210	143	0	24514
13641	269	43	64	26627	0	27003
13642	122	36	27	26498	0	26683
13643	86	25482	31	386	0	25985
13644	78	253	12	26738	0	27081
13645	81	91	9	26695	0	26876
13646	26120	52	9	401	0	26582
13647	319	26473	29	165	0	26986
13648	146	360	11	27424	0	27941
13649	98	108	13	27133	0	27352
13650	100	49	21	27765	0	27935
13651	112	24	27057	458	0	27651
13652	85	36	276	26598	0	26995
13653	26801	24	104	423	0	27352
13654	353	57	26142	184	0	26736
13655	137	29	307	26750	0	27223
13656	82	18	110	27683	0	27893
13657	27556	27	61	495	0	28139
13658	26624	34	61	236	0	26955
13659	439	43	26879	140	0	27501
13660	25110	32	318	129	0	25589
13661	384	57	26488	106	0	27035
13662	26129	15	319	92	0	26555
13663	410	28472	143	137	0	29162
13664	30453	380	106	84	0	31023
13665	442	30006	69	76	0	30593
13666	31933	436	26	76	0	32471
13667	475	32160	40	82	0	32757
13668	181	493	32	33496	0	34202
13669	108	147	27	33644	0	33926
13670	75	74	32	33486	0	33667
13671	66	31717	58	664	0	32505
13672	78	449	28	32818	0	33373
13673	54	32320	61	584	0	33019
13674	82	533	24	33694	0	34333
13675	33704	173	39	599	0	34515
13676	33008	97	31	234	0	33370
13677	643	32487	51	171	0	33352
13678	253	521	31	33233	0	34038
13679	32626	204	32	566	0	33428
13680	562	32168	37	265	0	33032
13681	212	32880	33	268	0	33393
13682	33961	662	27	110	0	34760
13683	34063	257	38	107	0	34465
13684	705	33243	39	123	0	34110
13685	34543	578	34	84	0	35239
13686	670	216	15	34734	0	35635
13687	291	179	36797	574	0	37841
13688	37042	109	525	257	0	37933
13689	37872	103	174	175	0	38324
13690	835	112	37585	128	0	38660
13691	37972	106	542	126	0	38746
13692	39933	103	197	147	0	40380
13693	40758	83	94	134	0	41069
13694	860	38684	72	210	0	39826
13695	40750	636	52	120	0	41558
13696	41132	271	50	118	0	41571
13697	912	177	33	40291	0	41413
13698	415	129	43	40732	0	41319
13699	278	118	36	41648	0	42080
13700	41705	105	34	923	0	42767
13701	746	114	46	40840	0	41746
13702	41188	114	36	822	0	42160
13703	41590	100	41	382	0	42113
13704	931	113	49	40821	0	41914
13705	454	123	39	42370	0	42986
13706	325	108	42	43024	0	43499
13707	42781	119	44	1015	0	43959
13708	809	41433	66	481	0	42789
13709	436	703	35	43140	0	44314
13710	307	300	51	44011	0	44669
13711	43607	174	61	1066	0	44908
13712	43769	127	55	520	0	44471
13713	1109	154	41922	323	0	43508
13714	554	187	41524	286	0	42551
13715	45879	128	950	285	0	47242
13716	1181	128	360	47581	0	49250
13717	628	133	121	56714	0	57596
13718	422	183	55132	2329	0	58066
13719	346	247	1579	54097	0	56269
13720	313	55376	476	1940	0	58105
13721	330	58487	222	716	0	59755
13722	56745	2118	117	451	0	59431
13723	1984	708	54158	369	0	57219
13724	708	56966	1491	373	0	59538
13725	496	1898	577	59042	0	62013
13726	395	584	58417	1936	0	61332
13727	369	301	1762	56182	0	58614
13728	323	228	511	58727	0	59789
13729	391	289	56932	2360	0	59972
13730	312	57166	1728	914	0	60120
13731	339	1819	517	57359	0	60034
13732	57516	549	324	2001	0	60390
13733	58225	315	206	803	0	59549
13734	58396	230	190	510	0	59326
13735	2419	55875	261	474	0	59029
13736	55876	1755	199	308	0	58138
13737	2024	538	198	55952	0	58712
13738	752	346	54079	1978	0	57155
13739	53240	362	1694	748	0	56044
13740	1910	54392	559	517	0	57378
13741	680	1709	269	55545	0	58203
13742	459	537	234	55936	0	57166
13743	358	54652	264	2251	0	57525
13744	407	1824	209	56970	0	59410
13745	392	598	217	58141	0	59348
13746	385	401	220	59407	0	60413
13747	56465	346	289	2621	0	59721
13748	56595	285	282	1118	0	58280
13749	2322	420	56109	780	0	59631
13750	856	457	1749	55965	0	59027
13751	656	316	551	58558	0	60081
13752	500	432	477	59597	0	61006
13753	57486	409	324	2673	0	60892
13754	2078	362	54401	1205	0	58046
13755	54197	316	1833	826	0	57172
13756	57637	348	579	727	0	59291
13757	2384	260	399	56654	0	59697
13758	57290	243	425	2213	0	60171
13759	2298	344	54413	1026	0	58081
13760	52860	284	1701	856	0	55701
13761	2249	58553	684	872	0	62358
13762	1118	1793	58806	617	0	62334
13763	787	671	59383	767	0	61608
13764	784	690	2121	58206	0	61801
13765	740	371	59148	2126	0	62385
13766	56362	389	1836	984	0	59571
13767	1940	56163	718	811	0	59632
13768	57925	1709	425	694	0	60753
13769	2033	676	330	58398	0	61437
13770	873	438	57313	2269	0	60893
13771	657	348	57863	1176	0	60044
13772	471	499	1957	58955	0	61882
13773	59342	296	792	2317	0	62747
13774	1867	56578	486	1283	0	60214
13775	778	59857	431	1071	0	62137
13776	60354	1963	357	881	0	63555
13777	2033	60135	385	807	0	63360
13778	62687	1865	420	698	0	65670
13779	2281	688	376	62245	0	65590
13780	62575	377	426	2138	0	65516
13781	2217	298	459	62140	0	65114
13782	62440	271	397	2246	0	65354
13783	2219	237	479	61227	0	64162
13784	1035	59549	468	2144	0	63196
13785	60997	1677	439	926	0	64039
13786	1997	59519	460	974	0	62950
13787	1004	1858	56440	571	0	59873
13788	758	639	1818	53613	0	56828
13789	627	58133	722	1661	0	61143
13790	57906	1811	492	674	0	60883
13791	56731	651	585	558	0	58525
13792	2203	56338	488	550	0	59579
13793	867	1840	55618	580	0	58905
13794	682	630	1783	54092	0	57187
13795	568	55241	731	1852	0	58392
13796	561	1787	547	57238	0	60133
13797	625	667	464	58447	0	60203
13798	56786	519	337	2298	0	59940
13799	1975	55070	413	984	0	58442
13800	868	1747	344	57444	0	60403
13801	57319	724	304	2068	0	60415
13802	57723	478	314	832	0	59347
13803	57662	518	320	668	0	59168
13804	2416	504	273	56044	0	59237
13805	55388	393	322	1894	0	57997
13806	2078	53930	302	845	0	57155
13807	55021	1708	224	631	0	57584
13808	2016	55003	253	647	0	57919
13809	56755	1761	181	541	0	59238
13810	56657	650	211	552	0	58070
13811	2311	493	207	54508	0	57519
13812	1022	358	55009	1799	0	58188
13813	848	434	53529	733	0	55544
13814	670	53468	1496	504	0	56138
13815	52762	1439	361	437	0	54999
13816	1593	503	50937	275	0	53308
13817	37769	165	316	81	0	38331
13818	389	38841	195	102	0	39527
13819	234	40798	94	107	0	41233
13820	153	451	52	43181	0	43837
13821	151	43757	107	361	0	44376
13822	161	711	44774	198	0	45844
13823	140	186	543	43750	0	44619
13824	117	45584	203	614	0	46518
13825	121	704	81	47639	0	48545
13826	47070	236	60	742	0	48108
13827	746	174	60	47336	0	48316
13828	284	152	47514	918	0	48868
13829	179	45979	786	340	0	47284
13830	145	877	232	47947	0	49201
13831	159	292	138	48599	0	49188
13832	130	220	91	49774	0	50215
13833	48470	159	84	1209	0	49922
13834	48009	109	92	474	0	48684
13835	1131	163	47479	298	0	49071
13836	456	189	46342	185	0	47172
13837	254	45505	1109	249	0	47117
13838	49440	881	335	180	0	50836
13839	964	321	195	49311	0	50791
13840	345	213	150	50142	0	50850
13841	266	222	93	50241	0	50822
13842	206	146	64	50750	0	51166
13843	222	161	47102	1347	0	48832
13844	45742	130	863	539	0	47274
13845	1017	118	249	54409	0	55793
13846	423	113	53113	1364	0	55013
13847	52635	141	1300	780	0	54856
13848	58615	100	465	382	0	59562
13849	1954	148	65964	246	0	68312
13850	893	129	69130	214	0	70366
13851	504	108	2532	68332	0	71476
13852	69784	106	818	2376	0	73084
13853	71616	80	508	725	0	72929
13854	2802	136	348	66957	0	70243
13855	936	116	320	71967	0	73339
13856	601	132	69081	2922	0	72736
13857	379	104	2289	69812	0	72584
13858	458	142	69031	2849	0	72480
13859	66911	110	2377	1004	0	70402
13860	2452	68608	893	740	0	72693
13861	66932	2172	399	538	0	70041
13862	2564	65398	385	420	0	68767
13863	66084	2424	295	385	0	69188
13864	2695	749	275	63120	0	66839
13865	1003	376	248	65939	0	67566
13866	65027	328	178	2993	0	68526
13867	66295	237	193	1051	0	67776
13868	67650	213	171	633	0	68667
13869	68248	200	152	453	0	69053
13870	3636	170	63164	447	0	67417
13871	64697	134	2241	458	0	67530
13872	66946	117	675	406	0	68144
13873	66857	95	413	348	0	67713
13874	3761	87	323	63924	0	68095
13875	61810	89	278	2581	0	64758
13876	3041	60602	373	1038	0	65054
13877	1416	2241	322	62553	0	66532
13878	1042	682	253	64918	0	66895
13879	857	466	58726	3284	0	63333
13880	695	268	2257	59459	0	62679
13881	652	60685	808	3043	0	65188
13882	60801	2453	485	1290	0	65029
13883	2744	61379	413	992	0	65528
13884	62432	2714	328	877	0	66351
13885	3104	961	375	62103	0	66543
13886	61191	506	324	3001	0	65022
13887	2994	59344	356	1250	0	63944
13888	61732	2543	336	806	0	65417
13889	63003	936	301	682	0	64922
13890	3722	614	267	60633	0	65236
13891	1720	455	300	63629	0	66104
13892	1293	403	59472	3523	0	64691
13893	1110	419	2337	60933	0	64799
13894	1002	432	757	63568	0	65759
13895	1088	307	58982	3752	0	64129
13896	919	300	2533	61063	0	64815
13897	935	212	59250	3508	0	63905
13898	59378	226	2793	1643	0	64040
13899	3145	225	1097	60674	0	65141
13900	1504	335	57880	3248	0	62967
13901	58836	304	2716	1384	0	63240
13902	3379	240	983	60091	0	64693
13903	1470	378	60394	3405	0	65647
13904	61927	244	2731	1481	0	66383
13905	3285	325	1030	62712	0	67352
13906	1502	353	693	64855	0	67403
13907	64126	270	518	3877	0	68791
13908	3363	341	506	62966	0	67176
13909	1603	254	484	65108	0	67449
13910	1278	293	527	62723	0	64821
13911	1250	60407	416	3963	0	66036
13912	60507	2640	421	2003	0	65571
13913	62547	819	457	1391	0	65214
13914	4015	558	377	60767	0	65717
13915	61859	361	358	3680	0	66258
13916	62650	322	418	1829	0	65219
13917	63686	394	461	1297	0	65838
13918	59311	407	444	1290	0	61452
13919	62018	280	551	1177	0	64026
13920	4368	260	54430	1116	0	60174
13921	2016	271	52026	1228	0	55541
13922	51811	220	2792	900	0	55723
13923	3246	50877	1061	1046	0	56230
13924	1537	2143	774	51207	0	55661
13925	1343	722	49622	2757	0	54444
13926	1203	425	49604	1331	0	52563
13927	855	808	2660	48835	0	53158
13928	48120	499	1516	2796	0	52931
13929	2820	322	621	49681	0	53444
13930	1365	377	47863	2805	0	52410
13931	50532	259	2047	1499	0	54337
13932	2758	248	918	51608	0	55532
13933	1358	152	719	53101	0	55330
13934	1078	135	545	54022	0	55780
13935	1089	179	405	53373	0	55046
13936	1031	309	49222	3451	0	54013
13937	1109	136	2026	51386	0	54657
13938	51620	140	919	3023	0	55702
13939	2652	168	49001	1723	0	53544
13940	49835	173	2044	1343	0	53395
13941	52421	195	920	1128	0	54664
13942	51951	212	616	976	0	53755
13943	51290	158	633	921	0	53002
13944	3419	48687	519	931	0	53556
13945	1341	43762	476	708	0	46287
13946	1057	45859	478	709	0	48103
13947	44216	2203	811	740	0	47970
13948	2077	644	40374	682	0	43777
13949	29738	499	928	424	0	31589
13950	976	203	588	28187	0	29954
13951	28536	71	250	713	0	29570
13952	701	67	198	28464	0	29430
13953	28846	64	143	734	0	29787
13954	792	46	143	28464	0	29445
13955	534	28	170	30334	0	31066
13956	24631	74	137	891	0	25733
13957	649	31615	121	596	0	32981
13958	407	502	31340	384	0	32633
13959	308	30515	472	369	0	31664
13960	323	399	29561	277	0	30560
13961	274	142	537	27729	0	28682
13962	29836	136	250	440	0	30662
13963	506	44	115	29159	0	29824
13964	28842	51	156	359	0	29408
13965	524	29945	106	298	0	30873
13966	456	309	31612	176	0	32553
13967	303	31174	290	204	0	31971
13968	228	31427	152	190	0	31997
13969	31199	375	113	85	0	31772
13970	30693	234	82	82	0	31091
13971	356	30881	149	102	0	31488
13972	225	368	96	31942	0	32631
13973	149	89	173	32290	0	32701
13974	32815	50	77	434	0	33376
13975	373	54	32207	276	0	32910
13976	271	79	31106	240	0	31696
13977	87	33	249	31145	0	31514
13978	84	36	32401	282	0	32803
13979	29797	32	232	133	0	30194
13980	32541	25	90	97	0	32753
13981	308	31481	94	100	0	31983
13982	170	210	33042	79	0	33501
13983	115	81	224	32188	0	32608
13984	121	50	35275	255	0	35701
13985	108	52	240	34434	0	34834
13986	35196	57	92	260	0	35605
13987	243	35573	90	158	0	36064
13988	142	265	37642	104	0	38153
13989	85	37325	272	96	0	37778
13990	86	39294	141	94	0	39615
13991	40995	304	72	89	0	41460
13992	38832	121	64	102	0	39119
13993	366	82	39982	206	0	40636
13994	170	40669	281	100	0	41220
13995	126	283	99	42630	0	43138
13996	105	99	58	42311	0	42573
13997	74	82	43	42234	0	42433
13998	107	57	43307	392	0	43863
13999	77	61	262	42212	0	42612
14000	93	58	120	44826	0	45097
14001	45062	49	70	398	0	45579
14002	44503	54	64	172	0	44793
14003	43329	36	81	126	0	43572
14004	42318	31	59	111	0	42519
14005	42765	53	54	103	0	42975
14006	413	41210	77	105	0	41805
14007	41550	231	29	63	0	41873
14008	321	98	40719	52	0	41190
14009	109	55	198	39989	0	40351
14010	41398	45	64	207	0	41714
14011	236	39941	72	114	0	40363
14012	42434	231	44	52	0	42761
14013	42734	86	43	60	0	42923
14014	282	50	40	42373	0	42745
14015	105	41	34	42472	0	42652
14016	72	44331	68	344	0	44815
14017	86	265	33	46546	0	46930
14018	95	104	47964	325	0	48488
14019	77	46	361	49171	0	49655
14020	85	70	50095	506	0	50756
14021	44008	74	573	231	0	44886
14022	518	44	160	50727	0	51449
14023	273	71	50898	548	0	51790
14024	91	48049	586	279	0	49005
14025	74	50444	204	121	0	50843
14026	51515	632	89	78	0	52314
14027	532	299	137	51084	0	52052
14028	192	114	52368	558	0	53232
14029	117	49263	600	279	0	50259
14030	112	551	51658	98	0	52419
14031	49729	149	540	71	0	50489
14032	51069	92	183	69	0	51413
14033	52248	76	106	56	0	52486
14034	706	63	65	52413	0	53247
14035	256	84	52328	569	0	53237
14036	144	50106	611	228	0	51089
14037	100	504	178	53332	0	54114
14038	105	169	51924	591	0	52789
14039	116	155	49916	221	0	50408
14040	93	62	692	51700	0	52547
14041	53360	58	227	625	0	54270
14042	552	54	146	52851	0	53603
14043	195	62	130	54113	0	54500
14044	130	87	53298	769	0	54284
14045	111	68	589	52837	0	53605
14046	101	62	222	53549	0	53934
14047	98	71	53795	772	0	54736
14048	126	106	52521	297	0	53050
14049	101	64	703	53058	0	53926
14050	159	58	54413	685	0	55315
14051	95	57	642	53999	0	54793
14052	54467	49	272	709	0	55497
14053	569	54531	220	411	0	55731
14054	195	554	147	57304	0	58200
14055	143	194	54946	744	0	56027
14056	46360	120	759	458	0	47697
14057	593	50395	415	282	0	51685
14058	52993	575	258	260	0	54086
14059	741	181	152	52628	0	53702
14060	323	120	135	52716	0	53294
14061	53736	83	128	966	0	54913
14062	662	89	52992	450	0	54193
14063	52234	58	713	365	0	53370
14064	694	49	289	54596	0	55628
14065	52871	80	280	820	0	54051
14066	51997	57	301	361	0	52716
14067	840	77	357	50457	0	51731
14068	356	51869	289	841	0	53355
14069	55074	655	200	466	0	56395
14070	55104	249	185	289	0	55827
14071	1187	246	53649	226	0	55308
14072	53293	180	812	275	0	54560
14073	1029	131	410	54200	0	55770
14074	511	54230	275	849	0	55865
14075	376	898	219	53188	0	54681
14076	364	54457	167	806	0	55794
14077	55644	870	160	460	0	57134
14078	55139	314	138	392	0	55983
14079	1190	183	151	59308	0	60832
14080	575	139	59224	1106	0	61044
14081	459	171	58501	462	0	59593
14082	318	110	1252	59867	0	61547
14083	60611	94	504	1283	0	62492
14084	63173	97	330	580	0	64180
14085	1628	63255	289	454	0	65626
14086	724	1334	186	65177	0	67421
14087	548	505	64596	1470	0	67119
14088	466	337	66558	630	0	67991
14089	326	455	2080	70397	0	73258
14090	76812	119	880	2343	0	80154
14091	2458	104	454	78399	0	81415
14092	883	219	75564	2935	0	79601
14093	75791	151	2475	1130	0	79547
14094	2606	200	863	75703	0	79372
14095	1032	145	601	78259	0	80037
14096	728	122	345	76194	0	77389
14097	431	73317	391	3582	0	77721
14098	421	2255	73923	1539	0	78138
14099	321	791	76239	1107	0	78458
14100	270	476	3214	76248	0	80208
14101	426	261	75302	2846	0	78835
14102	74207	185	2885	1124	0	78401
14103	2695	395	1057	75004	0	79151
14104	959	203	666	76146	0	77974
14105	659	176	493	76598	0	77926
14106	407	74613	559	3651	0	79230
14107	76303	2442	418	1626	0	80789
14108	2741	784	336	77085	0	80946
14109	75857	502	348	3124	0	79831
14110	2965	75247	366	1375	0	79953
14111	76240	2535	330	952	0	80057
14112	74625	846	365	768	0	76604
14113	76094	547	281	826	0	77748
14114	3703	71430	377	740	0	76250
14115	1577	75488	275	655	0	77995
14116	70055	3152	339	579	0	74125
14117	2823	71335	429	573	0	75160
14118	1134	2895	66795	603	0	71427
14119	783	65285	2302	551	0	68921
14120	632	67800	815	494	0	69741
14121	67178	2959	641	405	0	71183
14122	2706	1287	65261	400	0	69654
14123	1075	806	65210	717	0	67808
14124	813	567	2834	64044	0	68258
14125	65774	458	1421	2631	0	70284
14126	2638	396	66004	1086	0	70124
14127	1117	392	2480	65899	0	69888
14128	841	439	64378	2700	0	68358
14129	730	471	63330	1136	0	65667
14130	61611	452	2983	831	0	65877
14131	2776	386	63868	541	0	67571
14132	1194	465	2718	60991	0	65368
14133	914	497	1131	62629	0	65171
14134	756	61246	894	2828	0	65724
14135	682	64437	648	1355	0	67122
14136	638	2915	616	63985	0	68154
14137	647	1245	62666	2700	0	67258
14138	569	823	2495	63277	0	67164
14139	467	582	1098	65997	0	68144
14140	502	475	64967	3390	0	69334
14141	465	506	2651	66040	0	69662
14142	66522	415	1243	3259	0	71439
14143	2632	471	64770	1487	0	69360
14144	64667	435	2790	1184	0	69076
14145	2949	485	1281	64219	0	68934
14146	1289	357	992	66909	0	69547
14147	976	65343	791	3578	0	70688
14148	725	2495	810	68061	0	72091
14149	651	946	724	70671	0	72992
14150	68005	711	719	3972	0	73407
14151	2802	472	725	69184	0	73183
14152	1282	409	711	71191	0	73593
14153	65667	424	680	4220	0	70991
14154	2927	459	705	67155	0	71246
14155	1340	499	771	64462	0	67072
14156	965	64670	756	3883	0	70274
14157	65189	2598	713	2160	0	70660
14158	2899	1036	653	66028	0	70616
14159	1307	881	543	68337	0	71068
14160	1148	619	63874	4149	0	69790
14161	795	516	2607	65413	0	69331
14162	749	445	1136	68307	0	70637
14163	63158	478	841	4316	0	68793
14164	64237	523	653	2317	0	67730
14165	3535	500	567	64487	0	69089
14166	1826	515	60537	3491	0	66369
14167	1241	58431	2609	1760	0	64041
14168	986	61107	1122	1634	0	64849
14169	1010	3210	996	60177	0	65393
14170	59544	1313	712	3121	0	64690
14171	2735	927	443	60362	0	64467
14172	60255	696	303	3472	0	64726
14173	3070	614	395	60885	0	64964
14174	1429	515	370	62189	0	64503
14175	58952	494	428	3853	0	63727
14176	57816	612	469	1907	0	60804
14177	3434	57946	416	1393	0	63189
14178	1735	61600	402	1125	0	64862
14179	1024	2932	420	54738	0	59114
14180	761	1313	407	56918	0	59399
14181	733	814	52731	3226	0	57504
14182	48292	551	2148	1659	0	52650
14183	2401	51422	889	1320	0	56032
14184	813	48912	577	920	0	51222
14185	47704	2226	761	753	0	51444
14186	2188	850	46703	667	0	50408
14187	946	599	46127	580	0	48252
14188	796	505	41735	575	0	43611
14189	626	36083	1361	383	0	38453
14190	772	707	929	30195	0	32603
14191	136	219	165	30468	0	30988
14192	126	184	107	31041	0	31458
14193	30013	128	95	815	0	31051
14194	29451	99	133	404	0	30087
14195	698	29485	79	328	0	30590
14196	308	550	84	31435	0	32377
14197	313	216	30896	665	0	32090
14198	156	30432	545	371	0	31504
14199	30511	582	193	266	0	31552
14200	667	211	30445	217	0	31540
14201	27172	155	504	220	0	28051
14202	619	123	30212	218	0	31172
14203	243	190	507	28997	0	29937
14204	185	29571	201	551	0	30508
14205	30689	493	134	279	0	31595
14206	537	30262	97	235	0	31131
14207	30797	573	82	195	0	31647
14208	596	232	68	30208	0	31104
14209	244	184	31633	638	0	32699
14210	224	112	471	32276	0	33083
14211	163	112	164	36685	0	37124
14212	168	107	35585	1041	0	36901
14213	33635	98	880	484	0	35097
14214	870	36203	301	300	0	37674
14215	36823	804	145	184	0	37956
14216	902	36607	94	218	0	37821
14217	314	934	87	38196	0	39531
14218	242	314	37237	987	0	38780
14219	45002	190	879	369	0	46440
14220	1372	47563	280	304	0	49519
14221	526	1469	175	47293	0	49463
14222	325	503	99	51185	0	52112
14223	53107	306	80	1900	0	55393
14224	56234	140	87	760	0	57221
14225	2173	57014	119	423	0	59729
14226	63064	1825	88	228	0	65205
14227	64165	682	94	203	0	65144
14228	65869	380	75	185	0	66509
14229	3306	332	61664	195	0	65497
14230	1350	61400	2057	289	0	65096
14231	662	66035	774	297	0	67768
14232	496	2912	404	60291	0	64103
14233	426	1206	186	65200	0	67018
14234	63371	595	164	2907	0	67037
14235	2433	62742	135	1211	0	66521
14236	64244	2346	86	549	0	67225
14237	2780	978	117	62095	0	65970
14238	1205	530	148	65088	0	66971
14239	62057	400	167	3107	0	65731
14240	61676	363	154	1318	0	63511
14241	3267	376	58444	897	0	62984
14242	1469	376	2106	59513	0	63464
14243	838	307	58365	2475	0	61985
14244	616	329	58572	1081	0	60598
14245	512	361	59375	617	0	60865
14246	56777	260	3073	422	0	60532
14247	2343	294	1183	56293	0	60113
14248	1213	235	564	57167	0	59179
14249	727	230	364	59982	0	61303
14250	597	228	56153	3327	0	60305
14251	563	239	2169	56838	0	59809
14252	523	240	950	60152	0	61865
14253	58013	224	618	3226	0	62081
14254	59119	236	408	1514	0	61277
14255	60110	222	362	772	0	61466
14256	60187	227	330	638	0	61382
14257	3618	248	324	57669	0	61859
14258	58475	251	308	2644	0	61678
14259	2974	334	336	58589	0	62233
14260	1603	331	53707	2966	0	58607
14261	55581	317	2085	1547	0	59530
14262	2930	55224	950	983	0	60087
14263	1713	2193	529	55417	0	59852
14264	1295	1086	392	55947	0	58720
14265	1075	56483	440	3141	0	61139
14266	55911	2422	473	1627	0	60433
14267	2927	55172	396	1238	0	59733
14268	1702	2538	54856	924	0	60020
14269	1216	1263	56190	890	0	59559
14270	55635	744	2906	817	0	60102
14271	58776	556	1307	913	0	61552
14272	3690	506	55186	882	0	60264
14273	55984	493	2407	871	0	59755
14274	3409	510	54803	810	0	59532
14275	55952	474	2552	918	0	59896
14276	3342	462	54673	1012	0	59489
14277	2068	447	55725	956	0	59196
14278	1509	606	3276	50508	0	55899
14279	1263	480	1709	55548	0	59000
14280	54721	432	1057	3518	0	59728
14281	55604	422	909	1943	0	58878
14282	56288	423	846	1199	0	58756
14283	56267	507	734	1115	0	58623
14284	4180	52821	881	1035	0	58917
14285	2474	2222	774	51590	0	57060
14286	1703	52691	831	2892	0	58117
14287	1546	2387	799	54584	0	59316
14288	1373	1199	845	54373	0	57790
14289	1508	827	752	55156	0	58243
14290	1566	552	50192	4133	0	56443
14291	49354	508	2534	2313	0	54709
14292	3375	48146	1440	1626	0	54587
14293	2186	51705	1029	1349	0	56269
14294	1853	2982	50398	1267	0	56500
14295	1499	1431	2550	50918	0	56398
14296	1415	842	1423	52815	0	56495
14297	50985	588	996	3948	0	56517
14298	3291	580	927	51314	0	56112
14299	2156	508	872	52507	0	56043
14300	1628	578	828	53395	0	56429
14301	1374	584	895	54289	0	57142
14302	50824	553	881	4271	0	56529
14303	52096	520	1005	2331	0	55952
14304	53269	441	932	1685	0	56327
14305	4200	459	906	51610	0	57175
14306	51935	398	985	3385	0	56703
14307	3632	330	981	52303	0	57246
14308	2179	424	986	54344	0	57933
14309	1833	369	48560	4073	0	54835
14310	1425	406	47906	2325	0	52062
14311	1443	329	45211	1503	0	48486
14312	44387	394	3164	1343	0	49288
14313	2930	264	1656	40249	0	45099
14314	1928	42612	1069	2540	0	48149
14315	44672	1772	878	1664	0	48986
14316	3016	890	42390	1411	0	47707
14317	41801	602	2139	1253	0	45795
14318	3036	40225	1225	982	0	45468
14319	32297	1239	598	669	0	34803
14320	2116	641	395	31540	0	34692
14321	31250	312	472	1601	0	33635
14322	1887	28864	337	1163	0	32251
14323	1022	27627	377	988	0	30014
14324	23000	1197	428	610	0	25235
14325	1052	23287	251	579	0	25169
14326	218	16056	80	155	0	16509
14327	195	15999	350	112	0	16656
14328	15574	391	532	75	0	16572
14329	14453	159	79	50	0	14741
14330	14682	104	20	46	0	14852
14331	345	68	27	14281	0	14721
14332	166	49	40	14667	0	14922
14333	144	42	14278	296	0	14760
14334	87	37	223	14123	0	14470
14335	85	43	14791	300	0	15219
14336	82	28	253	14635	0	14998
14337	72	31	91	15250	0	15444
14338	15288	31	83	328	0	15730
14339	14837	39	57	170	0	15103
14340	308	14784	52	149	0	15293
14341	157	240	57	14914	0	15368
14342	124	102	15386	330	0	15942
14343	88	81	219	15232	0	15620
14344	90	63	79	15485	0	15717
14345	86	53	73	15775	0	15987
14346	93	49	15332	375	0	15849
14347	78	50	14033	191	0	14352
14348	14400	38	269	127	0	14834
14349	222	35	135	15305	0	15697
14350	100	34	15551	283	0	15968
14351	14743	19	232	146	0	15140
14352	231	15706	117	148	0	16202
14353	16569	203	84	96	0	16952
14354	286	84	16753	88	0	17211
14355	16472	69	255	78	0	16874
14356	269	55	96	17380	0	17800
14357	152	57	18268	223	0	18700
14358	114	17669	227	137	0	18147
14359	18352	236	103	209	0	18900
14360	212	85	88	18179	0	18564
14361	115	80	67	18195	0	18457
14362	110	18493	68	270	0	18941
14363	69	185	59	19093	0	19406
14364	94	97	18700	260	0	19151
14365	57	18119	200	161	0	18537
14366	19000	172	105	121	0	19398
14367	197	95	90	18495	0	18877
14368	121	89	47	18577	0	18834
14369	123	56	18443	269	0	18891
14370	75	81	179	18335	0	18670
14371	107	67	20385	266	0	20825
14372	68	19954	237	151	0	20410
14373	20912	186	102	122	0	21322
14374	20693	102	93	85	0	20973
14375	20619	78	58	98	0	20853
14376	276	21193	75	114	0	21658
14377	142	168	55	22316	0	22681
14378	116	94	52	22308	0	22570
14379	91	84	51	21888	0	22114
14380	22446	48	50	283	0	22827
14381	22146	56	57	170	0	22429
14382	248	47	38	22372	0	22705
14383	157	53	25399	244	0	25853
14384	117	39	171	24709	0	25036
14385	86	32	92	25414	0	25624
14386	81	34	92	25789	0	25996
14387	78	44	49	25899	0	26070
14388	26295	42	64	345	0	26746
14389	222	43	55	26457	0	26777
14390	118	38	39	26632	0	26827
14391	88	26117	44	349	0	26598
14392	68	225	35	27373	0	27701
14393	71	27035	54	374	0	27534
14394	77	297	27	28106	0	28507
14395	27791	108	38	374	0	28311
14396	268	27081	53	199	0	27601
14397	27275	296	39	156	0	27766
14398	367	123	27753	126	0	28369
14399	143	99	273	27609	0	28124
14400	132	58	28900	363	0	29453
14401	80	52	304	28679	0	29115
14402	76	143	125	28992	0	29336
14403	77	28075	116	419	0	28687
14404	82	28989	84	251	0	29406
14405	53	29882	56	156	0	30147
14406	30466	304	38	116	0	30924
14407	227	29455	34	106	0	29822
14408	84	29695	33	101	0	29913
14409	270	267	13	30435	0	30985
14410	30561	91	20	239	0	30911
14411	193	31258	49	199	0	31699
14412	32785	206	24	83	0	33098
14413	32323	81	18	76	0	32498
14414	283	86	34008	68	0	34445
14415	95	64	194	32334	0	32687
14416	63	53	48	34609	0	34773
14417	42	42	34	34921	0	35039
14418	42	42	25	34166	0	34275
14419	67	51	32746	325	0	33189
14420	60	148	28184	129	0	28521
14421	29795	39	228	103	0	30165
14422	225	31490	104	231	0	32050
14423	74	32515	52	78	0	32719
14424	33495	240	28	67	0	33830
14425	195	32291	48	76	0	32610
14426	68	235	28	34402	0	34733
14427	34492	81	27	408	0	35008
14428	244	80	33539	100	0	33963
14429	69	53	220	34292	0	34634
14430	57	51	34921	250	0	35279
14431	33666	44	231	112	0	34053
14432	252	65	38593	75	0	38985
14433	39017	51	244	66	0	39378
14434	41124	47	92	58	0	41321
14435	41282	29	44	63	0	41418
14436	41450	47	40	50	0	41587
14437	41615	42	34	50	0	41741
14438	364	34	29	41056	0	41483
14439	43997	30	30	290	0	44347
14440	303	48	38	43834	0	44223
14441	143	36	26	43694	0	43899
14442	97	31	34	44694	0	44856
14443	98	37	44608	378	0	45121
14444	72	51	251	42857	0	43231
14445	61	50	83	45389	0	45583
14446	83	66	44076	438	0	44663
14447	38696	54	299	204	0	39253
14448	277	155	91	44955	0	45478
14449	164	40	45593	322	0	46119
14450	99	53	43222	131	0	43505
14451	64	50	296	43010	0	43420
14452	99	138	45065	417	0	45719
14453	61	41	286	44862	0	45250
14454	53	46	106	45522	0	45727
14455	57	44136	100	387	0	44680
14456	58	44246	86	183	0	44573
14457	46217	298	46	127	0	46688
14458	278	95	36	45821	0	46230
14459	114	73	44	44882	0	45113
14460	69	44	44	46406	0	46563
14461	91	44	46637	372	0	47144
14462	63	52	245	44854	0	45214
14463	46272	42	98	358	0	46770
14464	324	63	46636	149	0	47172
14465	139	47	288	47736	0	48210
14466	84	47	103	48228	0	48462
14467	87	28	60	49095	0	49270
14468	57	49384	99	426	0	49966
14469	51958	411	51	202	0	52622
14470	52296	132	68	143	0	52639
14471	729	51849	108	137	0	52823
14472	227	584	49	56701	0	57561
14473	158	191	55482	816	0	56647
14474	124	200	53297	287	0	53908
14475	56189	50	999	190	0	57428
14476	977	30	367	58700	0	60074
14477	62299	45	209	1038	0	63591
14478	1354	62486	160	410	0	64410
14479	475	64503	127	262	0	65367
14480	64606	1661	74	189	0	66530
14481	1347	65330	121	184	0	66982
14482	496	1503	73	66663	0	68735
14483	307	546	77	63483	0	64413
14484	201	66217	85	1582	0	68085
14485	68781	1470	81	597	0	70929
14486	1573	641	67834	337	0	70385
14487	64682	358	1436	282	0	66758
14488	1860	306	68123	207	0	70496
14489	61209	249	1682	242	0	63382
14490	1922	210	68445	215	0	70792
14491	753	66199	1783	235	0	68970
14492	440	1540	674	69950	0	72604
14493	69686	546	386	1610	0	72228
14494	1758	334	68054	580	0	70726
14495	737	223	68753	312	0	70025
14496	457	268	2083	66300	0	69108
14497	345	153	69301	1675	0	71474
14498	275	131	1937	67616	0	69959
14499	228	154	768	69209	0	70359
14500	331	142	67465	2314	0	70252
14501	244	110	1755	67229	0	69338
14502	69245	116	772	2015	0	72148
14503	1645	67217	580	913	0	70355
14504	70179	1544	398	558	0	72679
14505	1867	575	327	68362	0	71131
14506	69120	320	305	1897	0	71642
14507	70707	198	279	846	0	72030
14508	2311	181	346	68314	0	71152
14509	1011	68460	350	1716	0	71537
14510	71744	1551	268	831	0	74394
14511	2050	760	67596	545	0	70951
14512	915	387	67621	459	0	69382
14513	66652	481	2137	439	0	69709
14514	1935	369	869	66483	0	69656
14515	946	206	66604	1848	0	69604
14516	597	189	1808	67029	0	69623
14517	67269	233	736	2100	0	70338
14518	68623	195	562	927	0	70307
14519	68100	160	455	662	0	69377
14520	2499	67478	416	724	0	71117
14521	1238	1638	298	69516	0	72690
14522	786	685	320	70804	0	72595
14523	69769	404	301	2373	0	72847
14524	2035	67867	322	1101	0	71325
14525	69495	1695	256	672	0	72118
14526	2257	685	259	67851	0	71052
14527	68453	501	261	1913	0	71128
14528	2314	447	64300	884	0	67945
14529	1114	63791	1700	692	0	67297
14530	851	1758	717	61831	0	65157
14531	670	64805	463	1609	0	67547
14532	642	1864	336	63583	0	66425
14533	63024	773	341	2025	0	66163
14534	2049	542	59218	939	0	62748
14535	58927	385	1736	682	0	61730
14536	2157	60239	805	535	0	63736
14537	1058	1710	520	62978	0	66266
14538	768	785	409	64595	0	66557
14539	61674	529	374	2355	0	64932
14540	2045	432	59157	1203	0	62837
14541	1057	332	1661	61294	0	64344
14542	820	352	736	61443	0	63351
14543	679	351	526	61309	0	62865
14544	574	329	401	62672	0	63976
14545	60545	310	377	2737	0	63969
14546	60877	293	365	1394	0	62929
14547	2489	358	59019	915	0	62781
14548	1200	395	57388	794	0	59777
14549	60500	278	2114	758	0	63650
14550	63288	264	964	729	0	65245
14551	2526	250	611	61571	0	64958
14552	1280	232	528	62470	0	64510
14553	60657	224	436	2460	0	63777
14554	2162	58427	473	1302	0	62364
14555	1103	1559	461	60651	0	63774
14556	819	613	441	61991	0	63864
14557	825	374	58664	2580	0	62443
14558	667	293	1777	59600	0	62337
14559	675	277	59463	2509	0	62924
14560	611	194	1947	60647	0	63399
14561	59076	208	859	2464	0	62607
14562	2063	205	576	59989	0	62833
14563	1093	232	57477	2521	0	61323
14564	805	53648	1790	1439	0	57682
14565	619	1611	767	58842	0	61839
14566	669	653	57187	2286	0	60795
14567	659	57039	1821	1286	0	60805
14568	623	1834	670	57214	0	60341
14569	559	674	54747	2000	0	57980
14570	43332	438	1710	1154	0	46634
14571	1523	51774	743	808	0	54848
14572	706	49724	421	694	0	51545
14573	610	51370	364	558	0	52902
14574	620	2000	291	48685	0	51596
14575	416	712	48594	1392	0	51114
14576	302	47773	1265	780	0	50120
14577	701	1973	527	44833	0	48034
14578	46782	361	232	1170	0	48545
14579	1204	243	193	66003	0	67643
14580	498	325	75137	2897	0	78857
14581	359	77317	2818	1215	0	81709
14582	75617	3148	922	693	0	80380
14583	2998	77258	632	597	0	81485
14584	1201	3651	71794	420	0	77066
14585	591	74161	3131	475	0	78358
14586	424	3986	1203	73194	0	78807
14587	451	1838	71068	3019	0	76376
14588	437	71996	3278	1203	0	76914
14589	450	3706	1192	70261	0	75609
14590	252	1879	906	71572	0	74609
14591	168	71175	860	3764	0	75967
14592	129	3687	575	73093	0	77484
14593	150	1665	69755	4004	0	75574
14594	156	1254	71737	1787	0	74934
14595	105	1029	3695	72119	0	76948
14596	70489	764	1497	4032	0	76782
14597	71387	724	994	1954	0	75059
14598	3581	693	779	68869	0	73922
14599	1388	68461	887	3856	0	74592
14600	890	3073	980	71630	0	76573
14601	69124	1227	854	4055	0	75260
14602	3434	840	584	69777	0	74635
14603	1737	781	543	72161	0	75222
14604	68835	839	375	4753	0	74802
14605	3606	67238	452	2455	0	73751
14606	1464	3631	402	68719	0	74216
14607	67908	1482	479	4227	0	74096
14608	3761	1160	63597	2303	0	70821
14609	65678	721	2983	2039	0	71421
14610	3955	740	1197	67567	0	73459
14611	67713	858	657	4112	0	73340
14612	68926	744	574	2272	0	72516
14613	67018	675	502	1775	0	69970
14614	4991	64815	658	1453	0	71917
14615	2591	3082	62335	1224	0	69232
14616	1916	66014	3200	1026	0	72156
14617	65825	3533	1336	1095	0	71789
14618	4293	65869	745	945	0	71852
14619	2574	3751	594	65919	0	72838
14620	64006	1903	505	3496	0	69910
14621	3847	63717	582	1689	0	69835
14622	1913	4165	62166	1150	0	69394
14623	1513	2013	2947	64609	0	71082
14624	1485	1734	62642	3785	0	69646
14625	1019	64560	3312	2188	0	71079
14626	1121	3832	1403	63119	0	69475
14627	1121	1964	976	66044	0	70105
14628	725	1617	960	66865	0	70167
14629	830	1081	960	65310	0	68181
14630	807	63617	909	5170	0	70503
14631	63518	3685	973	2796	0	70972
14632	3648	1871	61984	2300	0	69803
14633	1587	1210	3369	64853	0	71019
14634	63903	1103	1341	4650	0	70997
14635	4123	1067	62333	2537	0	70060
14636	2014	61548	3434	1861	0	68857
14637	1448	4129	1717	61790	0	69084
14638	1314	2027	61392	3906	0	68639
14639	984	62599	3823	2323	0	69729
14640	59480	3938	1839	1843	0	67100
14641	3536	62412	1364	1537	0	68849
14642	1700	4465	1161	60653	0	67979
14643	1235	2467	877	65202	0	69781
14644	60714	1916	991	5170	0	68791
14645	3618	61191	1217	2717	0	68743
14646	1710	4252	1090	62863	0	69915
14647	60085	2229	1224	4461	0	67999
14648	60751	1887	787	2771	0	66196
14649	4654	58997	632	2543	0	66826
14650	60244	4110	527	2211	0	67092
14651	62432	2158	442	1959	0	66991
14652	5175	1894	466	59746	0	67281
14653	2874	1598	56699	4511	0	65682
14654	2588	1115	3223	58657	0	65583
14655	1997	1112	1525	61514	0	66148
14656	1887	1074	55256	5562	0	63779
14657	1967	55767	3438	2841	0	64013
14658	1494	3827	1599	57385	0	64305
14659	1152	1903	1238	60587	0	64880
14660	1101	1160	1347	61239	0	64847
14661	1052	1128	1262	59553	0	62995
14662	1147	56494	966	5969	0	64576
14663	57795	3734	822	3406	0	65757
14664	58953	1983	520	2777	0	64233
14665	58128	1220	382	2734	0	62464
14666	5040	53866	391	2542	0	61839
14667	2668	3902	397	55312	0	62279
14668	1887	2168	51901	4637	0	60593
14669	1875	1951	2930	52865	0	59621
14670	2225	54255	1073	4208	0	61761
14671	53773	3741	661	2228	0	60403
14672	54247	2113	528	1853	0	58741
14673	53879	1468	579	1689	0	57615
14674	4896	50990	784	1613	0	58283
14675	2407	50327	1079	1585	0	55398
14676	1812	52352	1025	1494	0	56683
14677	1845	4450	48393	1442	0	56130
14678	1899	2833	45916	1152	0	51800
14679	1670	6325	1938	20295	0	30228
14680	13504	358	706	476	0	15044
14681	13409	56	56	145	0	13666
14682	363	66	30	13790	0	14249
14683	151	71	42	13546	0	13810
14684	84	67	33	13827	0	14011
14685	78	69	38	13967	0	14152
14686	13915	57	34	420	0	14426
14687	14186	59	34	192	0	14471
14688	430	14466	30	135	0	15061
14689	15194	343	27	101	0	15665
14690	15299	147	38	84	0	15568
14691	15471	96	35	93	0	15695
14692	515	86	14114	101	0	14816
14693	14570	60	283	81	0	14994
14694	404	14606	123	91	0	15224
14695	206	355	56	15626	0	16243
14696	122	144	49	15921	0	16236
14697	111	15648	56	537	0	16352
14698	101	414	44	16544	0	17103
14699	16192	177	58	501	0	16928
14700	460	110	37	16466	0	17073
14701	228	79	15932	523	0	16762
14702	15390	71	387	252	0	16100
14703	447	15998	141	190	0	16776
14704	208	403	64	16548	0	17223
14705	156	162	41	16633	0	16992
14706	147	113	27	16891	0	17178
14707	156	83	15894	666	0	16799
14708	157	15390	376	313	0	16236
14709	159	370	106	16237	0	16872
14710	150	173	15326	441	0	16090
14711	130	109	357	15230	0	15826
14712	119	94	14780	478	0	15471
14713	106	80	371	14706	0	15263
14714	120	14304	196	444	0	15064
14715	119	365	87	14595	0	15166
14716	14297	165	60	462	0	14984
14717	14549	104	59	237	0	14949
14718	507	88	14143	160	0	14898
14719	192	85	13077	137	0	13491
14720	115	56	15459	131	0	15761
14721	87	44	463	15494	0	16088
14722	67	75	173	16274	0	16589
14723	74	53	97	16325	0	16549
14724	72	16711	76	584	0	17443
14725	82	384	55	17108	0	17629
14726	88	166	78	17484	0	17816
14727	99	98	61	17801	0	18059
14728	17488	85	72	657	0	18302
14729	17676	71	79	333	0	18159
14730	561	65	17629	229	0	18484
14731	252	80	17265	173	0	17770
14732	17383	44	553	176	0	18156
14733	18676	69	265	143	0	19153
14734	630	58	18334	188	0	19210
14735	266	71	17421	140	0	17898
14736	17485	52	563	173	0	18273
14737	18341	56	249	157	0	18803
14738	663	58	18045	170	0	18936
14739	304	64	501	18120	0	18989
14740	193	44	229	18660	0	19126
14741	161	19305	168	654	0	20288
14742	162	484	124	20457	0	21227
14743	137	193	21557	681	0	22568
14744	149	107	612	21703	0	22571
14745	151	82	256	22671	0	23160
14746	145	72	21577	873	0	22667
14747	21079	61	629	429	0	22198
14748	22607	58	285	274	0	23224
14749	832	64	173	21984	0	23053
14750	359	76	155	22913	0	23503
14751	22431	50	155	868	0	23504
14752	22459	71	155	389	0	23074
14753	21941	62	144	307	0	22454
14754	22615	54	174	249	0	23092
14755	856	21624	173	262	0	22915
14756	21675	559	153	220	0	22607
14757	748	21652	113	230	0	22743
14758	360	610	130	22077	0	23177
14759	239	213	160	21794	0	22406
14760	220	21080	135	865	0	22300
14761	212	666	109	21784	0	22771
14762	190	243	138	21336	0	21907
14763	204	20828	146	888	0	22066
14764	210	588	107	21412	0	22317
14765	207	251	133	21736	0	22327
14766	191	163	144	21870	0	22368
14767	218	130	20355	977	0	21680
14768	228	19893	586	518	0	21225
14769	223	643	269	18862	0	19997
14770	227	20277	199	682	0	21385
14771	20221	605	178	375	0	21379
14772	697	266	19704	310	0	20977
14773	354	194	19076	297	0	19921
14774	18856	111	801	302	0	20070
14775	607	109	313	19013	0	20042
14776	311	115	18197	615	0	19238
14777	229	123	18268	334	0	18954
14778	229	216	600	18076	0	19121
14779	17620	92	240	619	0	18571
14780	17553	113	157	318	0	18141
14781	597	87	120	17500	0	18304
14782	281	111	16630	621	0	17643
14783	208	16971	462	330	0	17971
14784	188	643	199	17643	0	18673
14785	174	184	17506	620	0	18484
14786	156	17191	482	347	0	18176
14787	155	413	204	17517	0	18289
14788	17149	147	158	516	0	17970
14789	456	125	138	16165	0	16884
14790	229	16759	127	532	0	17647
14791	17116	402	104	287	0	17909
14792	499	183	17591	235	0	18508
14793	228	17097	452	221	0	17998
14794	221	407	17712	201	0	18541
14795	16498	165	429	185	0	17277
14796	411	127	217	16478	0	17233
14797	216	83	177	17082	0	17558
14798	17040	84	162	515	0	17801
14799	429	93	151	17023	0	17696
14800	252	73	16356	491	0	17172
14801	15129	77	401	308	0	15915
14802	429	16489	204	235	0	17357
14803	252	338	124	17105	0	17819
14804	16874	151	151	467	0	17643
14805	411	16474	138	283	0	17306
14806	229	379	117	17401	0	18126
14807	17413	168	102	476	0	18159
14808	402	129	129	17156	0	17816
14809	218	16627	103	499	0	17447
14810	214	376	16661	292	0	17543
14811	189	171	334	17505	0	18199
14812	173	133	178	17430	0	17914
14813	17737	125	121	531	0	18514
14814	423	106	92	17950	0	18571
14815	17973	102	110	498	0	18683
14816	17914	104	104	288	0	18410
14817	515	93	79	17378	0	18065
14818	258	16844	82	568	0	17752
14819	176	351	65	17391	0	17983
14820	15054	150	72	443	0	15719
14821	364	15529	69	252	0	16214
14822	128	16179	65	152	0	16524
14823	16400	310	51	157	0	16918
14824	16372	123	59	139	0	16693
14825	343	16216	62	123	0	16744
14826	16381	315	56	143	0	16895
14827	16551	125	55	119	0	16850
14828	356	87	48	16536	0	17027
14829	152	80	16735	354	0	17321
14830	119	296	283	16632	0	17330
14831	95	67	17041	397	0	17600
14832	85	179	297	16887	0	17448
14833	75	36	16959	373	0	17443
14834	16641	40	326	186	0	17193
14835	334	39	140	17050	0	17563
14836	17580	27	91	370	0	18068
14837	405	120	63	16788	0	17376
14838	196	17529	57	379	0	18161
14839	18350	320	45	188	0	18903
14840	395	121	17425	99	0	18040
14841	16390	53	247	73	0	16763
14842	324	16590	131	64	0	17109
14843	15381	211	46	37	0	15675
14844	15461	98	31	33	0	15623
14845	326	15309	29	40	0	15704
14846	159	249	25	16141	0	16574
14847	16057	108	24	289	0	16478
14848	326	15707	29	151	0	16213
14849	150	283	20	16126	0	16579
14850	16142	129	11	322	0	16604
14851	322	68	20	16146	0	16556
14852	176	40	21	16522	0	16759
14853	96	46	20	16822	0	16984
14854	84	50	16090	447	0	16671
14855	78	34	271	16273	0	16656
14856	16714	47	103	379	0	17243
14857	341	45	16667	192	0	17245
14858	172	31	289	16962	0	17454
14859	97	34	124	17459	0	17714
14860	61	41	16971	469	0	17542
14861	16200	33	307	230	0	16770
14862	17816	21	140	132	0	18109
14863	448	116	18245	110	0	18919
14864	194	32	308	17693	0	18227
14865	98	29	137	18905	0	19169
14866	85	22	19320	475	0	19902
14867	76	23	313	19483	0	19895
14868	77	29	166	20087	0	20359
14869	80	22	20346	550	0	20998
14870	19504	24	385	258	0	20171
14871	407	20	161	21031	0	21619
14872	20968	17	107	470	0	21562
14873	21087	21	71	258	0	21437
14874	547	176	20731	164	0	21618
14875	232	26	400	20930	0	21588
14876	21125	17	172	518	0	21832
14877	458	20492	106	263	0	21319
14878	214	386	79	21664	0	22343
14879	131	148	71	22463	0	22813
14880	107	56	67	23066	0	23296
14881	111	36	22382	716	0	23245
14882	19666	31	502	325	0	20524
14883	511	44	179	22333	0	23067
14884	234	25	104	22411	0	22774
14885	167	30	21708	702	0	22607
14886	106	37	478	21341	0	21962
14887	120	18	190	22281	0	22609
14888	21460	27	119	740	0	22346
14889	511	20359	98	503	0	21471
14890	223	443	20665	255	0	21586
14891	20780	140	499	216	0	21635
14892	539	67	193	20572	0	21371
14893	248	41	20590	651	0	21530
14894	167	44	20862	328	0	21401
14895	119	37	617	20979	0	21752
14896	127	49	21924	644	0	22744
14897	145	40	22269	318	0	22772
14898	116	20219	682	277	0	21294
14899	89	471	251	23277	0	24088
14900	148	160	23343	619	0	24270
14901	116	91	544	22872	0	23623
14902	24418	54	264	662	0	25398
14903	644	43	170	24270	0	25127
14904	239	45	151	25280	0	25715
14905	24497	46	167	854	0	25564
14906	24403	43	148	411	0	25005
14907	768	44	147	25195	0	26154
14908	284	52	26049	796	0	27181
14909	164	25114	692	357	0	26327
14910	140	603	263	26822	0	27828
14911	26967	167	180	760	0	28074
14912	27297	79	163	385	0	27924
14913	865	26502	165	299	0	27831
14914	338	27443	162	266	0	28209
14915	28309	737	156	259	0	29461
14916	28234	218	137	285	0	28874
14917	910	131	28991	257	0	30289
14918	359	87	709	27821	0	28976
14919	215	28727	259	944	0	30145
14920	31113	682	176	347	0	32318
14921	863	224	147	30061	0	31295
14922	352	29216	162	839	0	30569
14923	276	751	29508	460	0	30995
14924	209	386	821	27783	0	29199
14925	177	31483	306	721	0	32687
14926	32232	724	148	362	0	33466
14927	32117	257	150	238	0	32762
14928	871	31428	128	233	0	32660
14929	31525	725	158	197	0	32605
14930	30983	242	115	200	0	31540
14931	803	30692	125	223	0	31843
14932	303	31573	107	212	0	32195
14933	203	724	113	31513	0	32553
14934	31787	235	91	765	0	32878
14935	734	169	32392	283	0	33578
14936	30157	102	722	178	0	31159
14937	645	32655	204	201	0	33705
14938	34080	610	127	177	0	34994
14939	34319	195	131	141	0	34786
14940	34634	153	96	150	0	35033
14941	859	147	106	33019	0	34131
14942	352	32904	121	639	0	34016
14943	34003	618	87	249	0	34957
14944	753	269	33498	159	0	34679
14945	275	32357	616	174	0	33422
14946	198	561	166	34772	0	35697
14947	182	227	33323	597	0	34329
14948	189	156	33859	224	0	34428
14949	171	126	602	33421	0	34320
14950	195	103	204	35609	0	36111
14951	171	103	145	36167	0	36586
14952	159	115	97	35159	0	35530
14953	150	33756	96	735	0	34737
14954	145	35129	106	296	0	35676
14955	36021	689	71	167	0	36948
14956	643	220	87	35850	0	36800
14957	277	163	74	36090	0	36604
14958	185	140	76	36706	0	37107
14959	35924	120	84	776	0	36904
14960	36114	118	84	297	0	36613
14961	767	120	64	35690	0	36641
14962	36155	109	63	641	0	36968
14963	35688	111	81	275	0	36155
14964	36446	108	62	184	0	36800
14965	789	101	74	35528	0	36492
14966	296	106	33581	615	0	34598
14967	213	111	32005	247	0	32576
14968	169	91	34232	167	0	34659
14969	179	77	35008	119	0	35383
14970	186	69	586	34417	0	35258
14971	35528	69	193	503	0	36293
14972	34841	73	106	218	0	35238
14973	697	77	35010	134	0	35918
14974	287	102	34792	132	0	35313
14975	173	38006	556	130	0	38865
14976	151	600	212	40041	0	41004
14977	40519	150	128	489	0	41286
14978	538	106	39742	206	0	40592
14979	37843	67	456	128	0	38494
14980	494	39977	200	117	0	40788
14981	214	379	85	42021	0	42699
14982	124	163	77	43293	0	43657
14983	113	93	88	43189	0	43483
14984	43498	64	72	689	0	44323
14985	543	76	67	43244	0	43930
14986	250	65	55	43774	0	44144
14987	43818	59	70	683	0	44630
14988	598	74	60	43179	0	43911
14989	299	61	44126	630	0	45116
14990	42345	62	478	286	0	43171
14991	580	71	175	44507	0	45333
14992	261	75	119	43750	0	44205
14993	183	43467	95	629	0	44374
14994	45447	447	66	302	0	46262
14995	46214	171	77	203	0	46665
14996	726	122	80	45290	0	46218
14997	333	81	45218	602	0	46234
14998	42352	54	539	286	0	43231
14999	643	59	45900	220	0	46822
15000	298	51	558	44844	0	45751
15001	198	68	352	46808	0	47426
15002	46561	41	125	685	0	47412
15003	595	41	86	48367	0	49089
15004	290	55	48199	647	0	49191
15005	47317	55	521	313	0	48206
15006	689	54	51482	241	0	52466
15007	298	86	52279	164	0	52827
15008	53696	31	846	134	0	54707
15009	811	70	357	56735	0	57973
15010	323	57868	343	596	0	59130
15011	60167	661	295	238	0	61361
15012	59690	225	109	215	0	60239
15013	995	134	58820	149	0	60098
15014	58391	74	705	135	0	59305
15015	885	48	271	60958	0	62162
15016	409	63	62466	746	0	63684
15017	228	60023	751	343	0	61345
15018	61465	748	281	205	0	62699
15019	771	61310	195	181	0	62457
15020	274	943	102	61520	0	62839
15021	199	223	77	62383	0	62882
15022	169	130	67	62812	0	63178
15023	116	86	70	60786	0	61058
15024	97	60540	96	990	0	61723
15025	161	610	58113	409	0	59293
15026	104	58742	610	317	0	59773
15027	60706	662	201	177	0	61746
15028	660	242	126	60409	0	61437
15029	60941	147	101	675	0	61864
15030	759	111	84	62073	0	63027
15031	65770	69	87	764	0	66690
15032	762	64587	99	325	0	65773
15033	67305	628	81	210	0	68224
15034	67367	232	54	172	0	67825
15035	65765	142	62	143	0	66112
15036	67087	89	50	125	0	67351
15037	986	65266	96	146	0	66494
15038	447	594	64806	100	0	65947
15039	288	193	569	65450	0	66500
15040	66327	134	209	658	0	67328
15041	67064	89	130	257	0	67540
15042	889	78	92	67673	0	68732
15043	395	91	69779	822	0	71087
15044	290	77	712	68194	0	69273
15045	194	69485	266	869	0	70814
15046	72214	715	192	338	0	73459
15047	818	243	103	71767	0	72931
15048	339	70120	154	843	0	71456
15049	238	74420	104	331	0	75093
15050	163	75553	81	230	0	76027
15051	147	1138	60	76738	0	78083
15052	76864	425	56	952	0	78297
15053	932	76159	91	387	0	77569
15054	368	954	60	79235	0	80617
15055	79005	348	69	998	0	80420
15056	1014	225	69	78838	0	80146
15057	78895	150	48	1103	0	80196
15058	79013	121	47	428	0	79609
15059	1253	80961	108	335	0	82657
15060	580	933	62	80564	0	82139
15061	350	81887	110	790	0	83137
15062	83414	1048	90	312	0	84864
15063	83727	369	76	248	0	84420
15064	85486	245	81	199	0	86011
15065	1371	171	109	84901	0	86552
15066	599	201	84007	1006	0	85813
15067	82202	140	902	388	0	83632
15068	85466	171	309	319	0	86265
15069	1341	145	195	83388	0	85069
15070	620	84876	145	1010	0	86651
15071	457	996	94	87860	0	89407
15072	331	424	96	89038	0	89889
15073	88574	307	110	1285	0	90276
15074	87361	208	124	591	0	88284
15075	1369	214	82036	374	0	83993
15076	637	181	925	81692	0	83435
15077	83918	185	311	1153	0	85567
15078	1228	200	188	84933	0	86549
15079	567	224	84692	1348	0	86831
15080	428	78806	989	626	0	80849
15081	335	83616	334	436	0	84721
15082	93208	1328	151	329	0	95016
15083	1686	476	126	97833	0	100121
15084	619	772	88	111461	0	112940
15085	111343	256	116	3136	0	114851
15086	2929	294	108684	1146	0	113053
15087	989	234	2425	110632	0	114280
15088	806	287	108558	2961	0	112612
15089	527	108398	2731	1110	0	112766
15090	118044	2592	845	752	0	122233
15091	121641	809	555	533	0	123538
15092	123534	570	357	442	0	124903
15093	4066	443	115913	428	0	120850
15094	120230	322	2581	365	0	123498
15095	124914	273	798	350	0	126335
15096	3890	267	500	121710	0	126367
15097	119875	248	475	2796	0	123394
15098	3513	311	117576	931	0	122331
15099	116393	199	2630	700	0	119922
15100	3698	505	115400	521	0	120124
15101	1506	120399	2827	529	0	125261
15102	1192	3251	1021	111632	0	117096
15103	816	121114	726	2289	0	124945
15104	852	3072	116574	806	0	121304
15105	613	121382	2584	643	0	125222
15106	116322	2784	942	370	0	120418
15107	2500	113978	592	401	0	117471
15108	975	113626	450	381	0	115432
15109	879	2972	108003	347	0	112201
15110	509	1147	2429	107551	0	111636
15111	110627	755	784	2407	0	114573
15112	2590	649	107336	843	0	111418
15113	1007	107439	2451	656	0	111553
15114	745	2403	856	109932	0	113936
15115	622	918	109696	2559	0	113795
15116	643	714	107646	943	0	109946
15117	551	470	3065	109213	0	113299
15118	609	498	109050	2698	0	112855
15119	552	543	2895	101477	0	105467
15120	508	106849	1257	2537	0	111151
15121	606	2459	855	107781	0	111701
15122	630	108394	677	2667	0	112368
15123	700	2651	522	111810	0	115683
15124	108157	933	574	2920	0	112584
15125	2781	687	467	108360	0	112295
15126	1177	106351	481	2955	0	110964
15127	908	2488	451	112447	0	116294
15128	878	928	107572	3092	0	112470
15129	774	717	2524	109714	0	113729
15130	109392	476	1044	3128	0	114040
15131	2882	539	101664	1245	0	106330
15132	1166	550	2681	104308	0	108705
15133	102802	509	1038	2956	0	107305
15134	2823	100712	869	1301	0	105705
15135	1386	2631	659	103228	0	107904
15136	104434	1026	649	2838	0	108947
15137	3114	749	586	103228	0	107677
15138	1467	738	98950	3045	0	104200
15139	98164	700	2594	1326	0	102784
15140	2962	100276	1223	1071	0	105532
15141	1279	102761	918	950	0	105908
15142	105274	2924	745	722	0	109665
15143	103248	1241	749	699	0	105937
15144	3295	1008	673	100361	0	105337
15145	104206	811	697	2662	0	108376
15146	3223	907	98437	1192	0	103759
15147	99828	710	2587	1069	0	104194
15148	3080	97072	1212	1053	0	102417
15149	100843	2438	1179	959	0	105419
15150	3334	1095	98108	1032	0	103569
15151	1704	1035	2619	100470	0	105828
15152	1312	829	1437	102043	0	105621
15153	1217	1025	1178	95393	0	98813
15154	1119	98466	1105	3089	0	103779
15155	101556	2538	871	1819	0	106784
15156	3315	1106	1003	91253	0	96677
15157	1835	92641	912	2683	0	98071
15158	107396	2489	919	1489	0	112293
15159	103539	1265	970	1226	0	107000
15160	106595	982	770	1155	0	109502
15161	105957	884	855	1195	0	108891
15162	104039	779	863	1219	0	106900
15163	3961	829	993	101600	0	107383
15164	2220	1069	857	102288	0	106434
15165	101012	855	786	3408	0	106061
15166	3019	1090	884	100533	0	105526
15167	1776	1156	738	101902	0	105572
15168	1361	1076	91593	3739	0	97769
15169	96691	1153	2575	1925	0	102344
15170	99165	1084	1352	1641	0	103242
15171	99444	1344	974	1327	0	103089
15172	3631	1172	1001	89856	0	95660
15173	1880	93327	882	2901	0	98990
15174	104183	2653	1076	1552	0	109464
15175	102688	1350	1057	1645	0	106740
15176	3987	1104	854	108101	0	114046
15177	106837	933	1076	3646	0	112492
15178	4279	2241	89409	2222	0	98151
15179	1985	105130	2841	1754	0	111710
15180	2098	110428	1467	1996	0	115989
15181	1836	3842	106220	1450	0	113348
15182	1008	96909	2792	1496	0	102205
15183	997	94398	1356	1455	0	98206
15184	81433	1503	1193	863	0	84992
15185	1228	79442	590	796	0	82056
15186	800	1423	420	81827	0	84470
15187	84480	836	365	1580	0	87261
15188	1478	693	80382	1058	0	83611
15189	80121	598	990	980	0	82689
15190	1614	592	78779	824	0	81809
15191	892	461	75736	872	0	77961
15192	74715	351	1378	728	0	77172
15193	1466	292	77512	742	0	80012
15194	769	72563	1216	507	0	75055
15195	805	897	666	75073	0	77441
15196	75200	490	401	1093	0	77184
15197	1189	71182	343	770	0	73484
15198	720	1005	303	74439	0	76467
15199	610	564	72780	1238	0	75192
15200	620	373	884	72796	0	74673
15201	71559	280	528	1289	0	73656
15202	1362	288	69167	739	0	71556
15203	898	294	1003	69124	0	71319
15204	69913	362	498	1179	0	71952
15205	70786	284	316	670	0	72056
15206	1842	247	263	69160	0	71512
15207	1020	463	216	70290	0	71989
15208	797	266	70784	1449	0	73296
15209	764	279	68598	780	0	70421
15210	69142	206	1290	468	0	71106
15211	73383	227	570	398	0	74578
15212	1590	70502	440	373	0	72905
15213	73407	920	311	196	0	74834
15214	75162	452	265	297	0	76176
15215	1775	284	78321	331	0	80711
15216	788	76618	1193	342	0	78941
15217	81202	1079	715	246	0	83242
15218	80208	450	264	146	0	81068
15219	82889	229	177	127	0	83422
15220	1750	248	166	79520	0	81684
15221	823	182	117	80292	0	81414
15222	531	77687	145	1486	0	79849
15223	372	1180	106	81907	0	83565
15224	81040	483	112	1460	0	83095
15225	1355	298	80	81059	0	82792
15226	618	225	79375	1666	0	81884
15227	478	267	76465	647	0	77857
15228	353	163	1473	78218	0	80207
15229	315	134	79678	1479	0	81606
15230	283	197	78353	682	0	79515
15231	268	139	1749	73828	0	75984
15232	296	202	737	80434	0	81669
15233	281	130	80003	1724	0	82138
15234	326	139	78602	735	0	79802
15235	275	76690	1794	517	0	79276
15236	80878	1223	738	339	0	83178
15237	1304	79947	515	299	0	82065
15238	81365	1396	366	205	0	83332
15239	82184	573	274	186	0	83217
15240	1717	79312	273	240	0	81542
15241	81881	1452	206	183	0	83722
15242	1722	586	195	80344	0	82847
15243	773	393	80777	1438	0	83381
15244	564	491	1349	78549	0	80953
15245	383	235	510	81888	0	83016
15246	78286	158	339	1945	0	80728
15247	77756	145	276	854	0	79031
15248	78977	142	236	557	0	79912
15249	78588	143	225	421	0	79377
15250	74747	120	203	397	0	75467
15251	2153	69876	309	327	0	72665
15252	1001	1284	226	74622	0	77133
15253	686	515	73882	1566	0	76649
15254	543	466	1436	73617	0	76062
15255	483	219	725	75997	0	77424
15256	394	175	430	79885	0	80884
15257	83428	161	350	2249	0	86188
15258	2085	154	283	81795	0	84317
15259	83909	178	270	2436	0	86793
15260	2493	223	84442	1035	0	88193
15261	1109	126	2159	107395	0	110789
15262	776	243	110035	3560	0	114614
15263	110398	148	3481	1484	0	115511
15264	3641	181	1251	111967	0	117040
15265	1476	227	112682	3892	0	118277
15266	874	147	3551	115488	0	120060
15267	115747	150	1489	4219	0	121605
15268	3841	205	116097	1840	0	121983
15269	116436	143	3676	1199	0	121454
15270	122068	142	1540	953	0	124703
15271	120427	117	977	863	0	122384
15272	118381	143	869	835	0	120228
15273	5320	113107	854	774	0	120055
15274	2173	109596	658	750	0	113177
15275	1568	111666	657	683	0	114574
15276	1035	4180	578	99180	0	104973
15277	903	102053	566	2748	0	106270
15278	100854	3136	440	1068	0	105498
15279	3140	97973	533	839	0	102485
15280	1418	101914	412	702	0	104446
15281	1167	3678	416	101234	0	106495
15282	1002	1561	524	104872	0	107959
15283	101052	1010	468	3879	0	106409
15284	3308	831	468	102618	0	107225
15285	1584	816	97702	3899	0	104001
15286	1184	745	94598	1898	0	98425
15287	1242	603	98071	1252	0	101168
15288	1217	516	3952	92997	0	98682
15289	1375	443	1541	102685	0	106044
15290	1239	566	98174	4214	0	104193
15291	1244	629	96662	1798	0	100333
15292	1130	669	99142	1232	0	102173
15293	97278	781	4280	1040	0	103379
15294	3578	780	1821	99291	0	105470
15295	1453	869	1231	102527	0	106080
15296	99862	774	1144	4575	0	106355
15297	3656	811	969	98471	0	103907
15298	1728	96049	863	4151	0	102791
15299	1193	101925	716	2235	0	106069
15300	986	4028	635	102586	0	108235
15301	101255	1583	702	4290	0	107830
15302	102461	911	745	2347	0	106464
15303	104569	675	828	1622	0	107694
15304	4779	588	812	102294	0	108473
15305	2240	527	98676	4166	0	105609
15306	1534	400	3729	101068	0	106731
15307	1372	437	98448	4351	0	104608
15308	93466	440	4031	2392	0	100329
15309	3750	497	2162	97233	0	103642
15310	95675	400	1592	4281	0	101948
15311	4102	336	94235	2388	0	101061
15312	89191	323	3920	1697	0	95131
15313	4671	377	95246	1430	0	101724
15314	2490	90019	3645	1561	0	97715
15315	1801	91844	1665	1496	0	96806
15316	89482	3844	1181	1363	0	95870
15317	3992	1754	896	89289	0	95931
15318	2159	1256	87929	3801	0	95145
15319	1552	86395	3153	1886	0	92986
15320	1462	91132	1396	1446	0	95436
15321	1499	4129	1011	90154	0	96793
15322	91079	1726	892	3767	0	97464
15323	91391	1129	911	1933	0	95364
15324	4410	89793	922	1763	0	96888
15325	91770	3628	982	1395	0	97775
15326	4253	1634	937	91586	0	98410
15327	2300	1052	88923	4036	0	96311
15328	1849	89507	3536	2179	0	97071
15329	1575	3412	1774	91412	0	98173
15330	1503	1685	1204	94095	0	98487
15331	91715	1020	1175	4782	0	98692
15332	4229	895	88136	2340	0	95600
15333	88728	897	3652	1537	0	94814
15334	91450	1046	1737	1308	0	95541
15335	4802	1010	1214	89138	0	96164
15336	2568	912	1019	92907	0	97406
15337	90051	892	978	4759	0	96680
15338	4114	981	1021	91506	0	97622
15339	2159	1077	87495	4466	0	95197
15340	1479	1146	87585	2527	0	92737
15341	1433	86383	3866	1965	0	93647
15342	1504	92690	1682	1565	0	97441
15343	1545	4257	1088	83026	0	89916
15344	1405	88883	885	3364	0	94537
15345	88896	3770	830	2002	0	95498
15346	3402	90585	845	1757	0	96589
15347	1833	3722	823	90937	0	97315
15348	1224	2017	753	94512	0	98506
15349	1101	1337	88995	4884	0	96317
15350	1102	1045	3352	90486	0	95985
15351	1281	781	1707	92542	0	96311
15352	1208	91623	1257	4800	0	98888
15353	1311	3313	1032	90592	0	96248
15354	1159	1421	913	96241	0	99734
15355	1321	949	89857	5254	0	97381
15356	1000	88072	3437	2999	0	95508
15357	1098	6518	1400	76452	0	85468
15358	803	82582	982	3485	0	87852
15359	778	2973	77028	2055	0	82834
15360	736	75820	2928	1363	0	80847
15361	53171	2220	1212	891	0	57494
15362	50069	587	268	303	0	51227
15363	49917	363	181	238	0	50699
15364	1424	49051	162	253	0	50890
15365	48959	1103	140	249	0	50451
15366	1269	510	133	47900	0	49812
15367	47232	293	111	1142	0	48778
15368	1189	43832	126	577	0	45724
15369	45011	1104	135	377	0	46627
15370	46526	475	158	300	0	47459
15371	1474	46035	160	321	0	47990
15372	672	1246	45777	248	0	47943
15373	393	590	1086	51160	0	53229
15374	351	354	55614	1600	0	57919
15375	261	386	1883	58211	0	60741
15376	214	253	681	62876	0	64024
15377	226	247	62077	2807	0	65357
15378	185	226	2124	62911	0	65446
15379	63455	209	756	2601	0	67021
15380	2252	266	61716	1050	0	65284
15381	791	61665	2195	610	0	65261
15382	461	2234	739	60804	0	64238
15383	351	778	341	64852	0	66322
15384	279	440	61377	3010	0	65106
15385	277	329	2092	59058	0	61756
15386	232	61443	773	2403	0	64851
15387	58933	2208	390	1048	0	62579
15388	1899	60698	321	578	0	63496
15389	56546	2211	244	358	0	59359
15390	1985	56479	224	365	0	59053
15391	685	58352	283	440	0	59760
15392	548	2729	54825	346	0	58448
15393	216	923	1920	56181	0	59240
15394	224	440	662	57264	0	58590
15395	196	333	468	58282	0	59279
15396	245	57939	351	3275	0	61810
15397	303	2181	294	60886	0	63664
15398	58916	762	344	2746	0	62768
15399	2239	542	334	59734	0	62849
15400	58941	370	268	3034	0	62613
15401	2541	313	57722	1356	0	61932
15402	57732	302	2382	933	0	61349
15403	2577	359	866	58389	0	62191
15404	939	441	500	62577	0	64457
15405	61590	462	389	3304	0	65745
15406	2612	509	58848	1501	0	63470
15407	1050	59774	2367	966	0	64157
15408	619	2605	832	62422	0	66478
15409	62101	1135	503	2753	0	66492
15410	63828	783	498	1196	0	66305
15411	3135	596	360	62881	0	66972
15412	1218	586	61366	3056	0	66226
15413	58740	515	2397	1436	0	63088
15414	2653	651	59707	1044	0	64055
15415	1032	530	2546	60017	0	64125
15416	793	458	59831	3018	0	64100
15417	586	388	2463	60086	0	63523
15418	681	431	56596	3248	0	60956
15419	582	56744	2519	1605	0	61450
15420	708	2393	1005	51295	0	55401
15421	571	56677	652	2601	0	60501
15422	57721	2359	442	1351	0	61873
15423	59215	890	495	985	0	61585
15424	3181	578	56184	813	0	60756
15425	1333	542	2366	56162	0	60403
15426	57126	464	931	2773	0	61294
15427	2735	413	618	56774	0	60540
15428	1362	427	478	58153	0	60420
15429	951	454	54639	3363	0	59407
15430	53040	447	2477	1631	0	57595
15431	2791	406	55864	1093	0	60154
15432	1308	337	2576	55942	0	60163
15433	951	325	55718	3037	0	60031
15434	56048	283	2725	1579	0	60635
15435	57206	284	1297	1291	0	60078
15436	57362	326	1042	1066	0	59796
15437	3322	422	854	55534	0	60132
15438	1470	413	54406	2937	0	59226
15439	971	475	55224	1576	0	58246
15440	857	503	3048	50569	0	54977
15441	876	53879	1425	2501	0	58681
15442	53991	2297	1038	1451	0	58777
15443	2718	1189	768	54496	0	59171
15444	1473	674	53508	2961	0	58616
15445	1146	535	2434	55159	0	59274
15446	954	520	55098	3198	0	59770
15447	1012	399	2754	55896	0	60061
15448	1028	390	56192	3164	0	60774
15449	941	346	55554	1756	0	58597
15450	844	53360	3219	1561	0	58984
15451	822	2067	55001	1260	0	59150
15452	984	862	55062	1138	0	58046
15453	949	563	3205	44787	0	49504
15454	948	406	1518	47621	0	50493
15455	879	50991	1150	2731	0	55751
15456	51850	2041	1082	1524	0	56497
15457	2538	50988	1079	1084	0	55689
15458	1352	2207	885	50991	0	55435
15459	51395	1010	826	2595	0	55826
15460	2748	559	776	50715	0	54798
15461	50848	391	866	2900	0	55005
15462	2727	348	922	51589	0	55586
15463	1316	394	49805	3019	0	54534
15464	921	441	2505	51338	0	55205
15465	883	376	1264	53326	0	55849
15466	50962	364	1137	3314	0	55777
15467	50850	265	1179	1848	0	54142
15468	50323	391	1138	1305	0	53157
15469	2981	47706	1216	1176	0	53079
15470	1184	47572	1153	1015	0	50924
15471	47007	2206	1062	1003	0	51278
15472	2281	911	47735	902	0	51829
15473	1009	602	43543	747	0	45901
15474	848	3107	2062	35489	0	41506
15475	516	301	36393	1318	0	38528
15476	473	187	34134	661	0	35455
15477	30865	458	1224	580	0	33127
15478	31346	161	642	445	0	32594
15479	1136	31094	383	497	0	33110
15480	616	32013	340	455	0	33424
15481	494	950	422	26533	0	28399
15482	355	31496	381	824	0	33056
15483	32687	795	402	488	0	34372
15484	975	370	369	30033	0	31747
15485	478	31038	400	895	0	32811
15486	33276	727	357	494	0	34854
15487	990	349	32810	418	0	34567
15488	578	266	32185	330	0	33359
15489	32538	170	1120	361	0	34189
15490	1030	196	32083	396	0	33705
15491	30515	146	899	285	0	31845
15492	939	121	479	32638	0	34177
15493	445	188	31992	899	0	33524
15494	350	30578	917	576	0	32421
15495	298	32747	507	369	0	33921
15496	29329	625	291	229	0	30474
15497	545	29681	294	273	0	30793
15498	29432	525	283	195	0	30435
15499	29141	177	266	203	0	29787
15500	655	28887	284	160	0	29986
15501	277	512	248	29328	0	30365
15502	230	235	30272	568	0	31305
15503	146	30970	674	230	0	32020
15504	111	1405	255	31763	0	33534
15505	64	269	157	34193	0	34683
15506	33060	119	94	901	0	34174
15507	708	68	75	32793	0	33644
15508	235	71	31859	895	0	33060
15509	130	31425	702	360	0	32617
15510	90	701	228	33174	0	34193
15511	32871	238	196	846	0	34151
15512	33776	146	116	330	0	34368
15513	945	96	116	34284	0	35441
15514	35316	104	151	873	0	36444
15515	1071	149	35290	337	0	36847
15516	395	84	915	35748	0	37142
15517	288	76	36092	1021	0	37477
15518	198	79	980	40094	0	41351
15519	154	67	355	40918	0	41494
15520	161	88	216	41248	0	41713
15521	145	76	149	40919	0	41289
15522	140	66	113	41726	0	42045
15523	40071	69	119	1910	0	42169
15524	40887	63	86	774	0	41810
15525	1580	39534	97	519	0	41730
15526	40844	1248	105	374	0	42571
15527	1497	367	110	40916	0	42890
15528	540	217	105	42287	0	43149
15529	410	140	107	41749	0	42406
15530	346	135	40290	1914	0	42685
15531	285	132	1259	38370	0	40046
15532	263	39696	411	1560	0	41930
15533	40952	1297	253	649	0	43151
15534	40683	398	186	547	0	41814
15535	1699	265	38650	414	0	41028
15536	645	39253	1270	416	0	41584
15537	393	1339	378	40221	0	42331
15538	305	464	40366	1546	0	42681
15539	332	294	1312	36877	0	38815
15540	264	39355	466	1776	0	41861
15541	38001	1324	309	699	0	40333
15542	1394	38563	222	583	0	40762
15543	666	1453	38240	478	0	40837
15544	438	543	38087	402	0	39470
15545	331	36996	1482	413	0	39222
15546	246	37579	488	415	0	38728
15547	36924	1543	296	403	0	39166
15548	37443	575	232	353	0	38603
15549	1611	360	230	36923	0	39124
15550	648	287	36374	1560	0	38869
15551	449	265	1289	36288	0	38291
15552	367	272	385	38098	0	39122
15553	36786	213	294	1847	0	39140
15554	36097	226	264	803	0	37390
15555	1700	218	232	38888	0	41038
15556	654	255	38152	1767	0	40828
15557	440	38698	1377	839	0	41354
15558	39521	1459	464	611	0	42055
15559	1554	40585	333	488	0	42960
15560	643	1658	231	41553	0	44085
15561	493	616	230	44340	0	45679
15562	351	400	315	44265	0	45331
15563	286	366	299	44272	0	45223
15564	42237	366	238	2410	0	45251
15565	1764	332	186	42450	0	44732
15566	722	41066	210	2185	0	44183
15567	503	1567	203	42849	0	45122
15568	40537	538	264	2225	0	43564
15569	1666	40788	253	1060	0	43767
15570	683	1675	251	42146	0	44755
15571	531	629	39684	2359	0	43203
15572	39541	455	1516	973	0	42485
15573	1903	320	501	41171	0	43895
15574	804	323	39374	2143	0	42644
15575	615	301	39109	1033	0	41058
15576	610	277	1949	39348	0	42184
15577	39253	283	768	2057	0	42361
15578	39532	323	471	1007	0	41333
15579	2071	39869	324	914	0	43178
15580	40847	1581	277	874	0	43579
15581	41611	561	311	810	0	43293
15582	41454	428	261	828	0	42971
15583	41282	281	272	833	0	42668
15584	2320	332	291	39797	0	42740
15585	1104	338	228	41608	0	43278
15586	827	333	37553	2417	0	41130
15587	625	36244	1436	1266	0	39571
15588	545	38493	562	975	0	40575
15589	548	1751	36864	840	0	40003
15590	36106	631	1449	772	0	38958
15591	1641	464	552	37717	0	40374
15592	37877	382	432	1855	0	40546
15593	38427	336	320	880	0	39963
15594	2117	389	36441	669	0	39616
15595	1026	297	1454	36935	0	39712
15596	37779	252	579	1788	0	40398
15597	1836	297	381	37556	0	40070
15598	851	342	36213	1973	0	39379
15599	683	1410	1517	34215	0	37825
15600	612	37205	639	1578	0	40034
15601	557	39272	375	842	0	41046
15602	683	1670	36112	571	0	39036
15603	517	36080	1322	484	0	38403
15604	34538	1249	558	544	0	36889
15605	34722	373	280	347	0	35722
15606	1373	254	245	33771	0	35643
15607	556	239	230	34177	0	35202
15608	412	196	170	35497	0	36275
15609	34650	172	174	1401	0	36397
15610	1231	34108	165	618	0	36122
15611	34548	988	190	401	0	36127
15612	34271	338	159	351	0	35119
15613	1334	33036	161	320	0	34851
15614	31747	849	126	278	0	33000
15615	1019	30178	162	257	0	31616
15616	31088	888	103	293	0	32372
15617	1051	283	30341	334	0	32009
15618	25151	188	638	156	0	26133
15619	556	26343	172	194	0	27265
15620	455	467	95	27411	0	28428
15621	212	155	62	28479	0	28908
15622	204	111	65	28510	0	28890
15623	28964	118	64	803	0	29949
15624	687	77	57	29407	0	30228
15625	327	106	28252	754	0	29439
15626	27789	154	530	325	0	28798
15627	710	119	28154	236	0	29219
15628	286	161	559	27675	0	28681
15629	260	128	28373	679	0	29440
15630	180	100	632	27443	0	28355
15631	180	28594	245	640	0	29659
15632	173	586	166	28552	0	29477
15633	183	28298	131	653	0	29265
15634	186	591	111	29361	0	30249
15635	29181	246	106	724	0	30257
15636	673	154	100	29611	0	30538
15637	30064	106	84	746	0	31000
15638	741	129	27322	317	0	28509
15639	27861	112	509	246	0	28728
15640	28757	93	229	191	0	29270
15641	28496	116	131	173	0	28916
15642	868	110	138	27973	0	29089
15643	28208	116	106	633	0	29063
15644	780	168	26142	290	0	27380
15645	26756	101	539	276	0	27672
15646	786	142	26595	210	0	27733
15647	26605	102	570	225	0	27502
15648	790	114	232	27439	0	28575
15649	390	112	28493	622	0	29617
15650	326	89	577	27737	0	28729
15651	266	89	269	28984	0	29608
15652	282	83	28222	789	0	29376
15653	25428	77	614	412	0	26531
15654	721	28566	285	401	0	29973
15655	28425	464	136	209	0	29234
15656	625	27618	131	181	0	28555
15657	27885	445	139	141	0	28610
15658	590	145	26752	144	0	27631
15659	23294	362	617	120	0	24393
15660	509	24882	160	108	0	25659
15661	146	222	55	24983	0	25406
15662	98	99	56	25291	0	25544
15663	111	50	40	25411	0	25612
15664	97	67	25324	382	0	25870
15665	90	35	273	24682	0	25080
15666	96	39	27301	348	0	27784
15667	27394	26	326	161	0	27907
15668	29279	33	140	85	0	29537
15669	511	26	78	30010	0	30625
15670	192	50	30465	474	0	31181
15671	28262	29	469	202	0	28962
15672	553	47	37068	108	0	37776
15673	188	26	573	36291	0	37078
15674	132	36	174	37500	0	37842
15675	110	258	116	38353	0	38837
15676	106	40	91	39465	0	39702
15677	38286	21	86	855	0	39248
15678	623	37546	126	334	0	38629
15679	240	594	36434	219	0	37487
15680	142	36480	596	175	0	37393
15681	37964	615	179	171	0	38929
15682	666	162	113	37726	0	38667
15683	37962	91	101	707	0	38861
15684	693	85	89	37528	0	38395
15685	232	72	104	37521	0	37929
15686	163	77	100	38321	0	38661
15687	177	80	36723	899	0	37879
15688	127	35808	625	419	0	36979
15689	148	587	37953	269	0	38957
15690	148	170	660	38117	0	39095
15691	39106	97	227	807	0	40237
15692	38627	85	139	372	0	39223
15693	38689	81	137	277	0	39184
15694	816	38324	124	263	0	39527
15695	40095	602	138	226	0	41061
15696	759	191	112	39724	0	40786
15697	305	128	127	39835	0	40395
15698	230	94	105	40038	0	40467
15699	215	38730	128	1061	0	40134
15700	223	655	89	37187	0	38154
15701	208	37614	143	747	0	38712
15702	38850	671	94	403	0	40018
15703	38259	199	140	308	0	38906
15704	837	153	82	38541	0	39613
15705	363	144	36675	809	0	37991
15706	36103	120	601	396	0	37220
15707	763	136	211	38470	0	39580
15708	353	114	37581	850	0	38898
15709	34589	119	666	401	0	35775
15710	763	114	199	38159	0	39235
15711	37681	118	159	810	0	38768
15712	805	36465	133	377	0	37780
15713	329	639	112	37107	0	38187
15714	279	38291	135	814	0	39519
15715	257	665	88	40788	0	41798
15716	322	40226	120	822	0	41490
15717	203	680	233	41572	0	42688
15718	237	253	40824	793	0	42107
15719	31472	196	635	485	0	32788
15720	676	39859	212	574	0	41321
15721	298	564	39211	265	0	40338
15722	38224	221	534	266	0	39245
15723	623	214	192	40636	0	41665
15724	294	124	40478	645	0	41541
15725	208	39658	559	387	0	40812
15726	183	518	412	42020	0	43133
15727	226	195	41924	893	0	43238
15728	200	143	501	41794	0	42638
15729	161	135	165	43615	0	44076
15730	206	160	44213	743	0	45322
15731	185	151	540	43716	0	44592
15732	191	181	44951	766	0	46089
15733	161	147	601	44609	0	45518
15734	188	177	48184	784	0	49333
15735	179	128	601	48399	0	49307
15736	196	133	243	49320	0	49892
15737	207	144	192	49131	0	49674
15738	189	47379	232	1016	0	48816
15739	49587	575	186	447	0	50795
15740	49125	174	227	347	0	49873
15741	714	142	177	49910	0	50943
15742	50723	132	208	821	0	51884
15743	658	178	50057	440	0	51333
15744	263	50322	613	402	0	51600
15745	53131	564	205	402	0	54302
15746	653	52042	220	362	0	53277
15747	271	632	146	54150	0	55199
15748	218	245	181	54597	0	55241
15749	52202	198	175	829	0	53404
15750	662	189	143	51911	0	52905
15751	331	174	51459	833	0	52797
15752	237	49718	552	446	0	50953
15753	51922	566	197	366	0	53051
15754	651	206	152	51225	0	52234
15755	267	51676	158	788	0	52889
15756	248	617	171	51836	0	52872
15757	215	51937	195	696	0	53043
15758	53544	670	152	332	0	54698
15759	52767	217	188	352	0	53524
15760	777	208	51472	321	0	52778
15761	368	207	51161	260	0	51996
15762	271	151	586	51469	0	52477
15763	215	51651	261	662	0	52789
15764	197	592	160	54423	0	55372
15765	53694	194	146	856	0	54890
15766	566	163	51563	450	0	52742
15767	178	180	442	49282	0	50082
15768	169	103	49895	544	0	50711
15769	133	152	47623	242	0	48150
15770	119	50253	499	229	0	51100
15771	346	754	215	51592	0	52907
15772	46541	62	50	257	0	46910
15773	253	45	46457	78	0	46833
15774	68	44971	245	86	0	45370
15775	46404	171	53	33	0	46661
15776	173	45	42	46210	0	46470
15777	49280	37	21	198	0	49536
15778	49353	30	27	68	0	49478
15779	48481	16	23	61	0	48581
15780	265	35	50844	18	0	51162
15781	47237	16	200	35	0	47488
15782	51387	14	58	27	0	51486
15783	235	53687	92	45	0	54059
15784	108	196	23	56599	0	56926
15785	66	60	28	55905	0	56059
15786	32	50	15	56730	0	56827
15787	56706	20	22	285	0	57033
15788	53780	22	25	135	0	53962
15789	308	46	54549	65	0	54968
15790	128	22	206	53874	0	54230
15791	66	52556	141	230	0	52993
15792	55730	212	50	99	0	56091
15793	277	105	54464	57	0	54903
15794	107	52	230	52590	0	52979
15795	83	26	87	54261	0	54457
15796	49	52649	110	326	0	53134
15797	51	363	33	55085	0	55532
15798	58	97	38	53990	0	54183
15799	46	62	38	55665	0	55811
15800	55696	25	40	402	0	56163
15801	275	37	32	54708	0	55052
15802	107	45	21	54800	0	54973
15803	55054	26	31	384	0	55495
15804	319	35	30	54405	0	54789
15805	169	58193	42	347	0	58751
15806	62399	585	24	139	0	63147
15807	63606	234	36	130	0	64006
15808	65444	120	33	109	0	65706
15809	74311	55	29	109	0	74504
15810	1876	78042	90	118	0	80126
15811	89812	1800	39	100	0	91751
15812	92231	528	48	94	0	92901
15813	3112	377	18	90328	0	93835
15814	1039	211	86582	2609	0	90441
15815	635	108	2314	87174	0	90231
15816	353	74	530	89129	0	90086
15817	272	56	367	88620	0	89315
15818	238	68	163	88822	0	89291
15819	201	84	81	90213	0	90579
15820	84967	85	100	3821	0	88973
15821	2722	73	44	86579	0	89418
15822	823	124	84327	3369	0	88643
15823	620	105	2429	83364	0	86518
15824	365	83682	651	3117	0	87815
15825	329	2437	413	86781	0	89960
15826	316	624	84233	3247	0	88420
15827	74234	425	2676	1252	0	78587
15828	81070	232	708	836	0	82846
15829	3313	181	86167	626	0	90287
15830	1130	84428	2541	496	0	88595
15831	89771	2501	616	474	0	93362
15832	90197	608	461	414	0	91680
15833	90957	463	234	366	0	92020
15834	88534	393	162	337	0	89426
15835	4070	200	185	85169	0	89624
15836	1721	247	84755	2948	0	89671
15837	1127	215	2609	85642	0	89593
15838	783	195	833	90808	0	92619
15839	695	194	87221	3966	0	92076
15840	630	308	87635	1593	0	90166
15841	85328	179	3377	1240	0	90124
15842	3312	86058	1241	1043	0	91654
15843	1207	2852	769	88971	0	93799
15844	1114	777	85909	3563	0	91363
15845	81622	472	3089	1689	0	86872
15846	3430	309	85268	1345	0	90352
15847	82239	170	3275	1338	0	87022
15848	3539	84970	1126	1323	0	90958
15849	1256	2882	782	87567	0	92487
15850	1078	856	84717	3671	0	90322
15851	80527	628	3008	1597	0	85760
15852	3513	82640	1234	1239	0	88626
15853	1342	88922	1086	905	0	92255
15854	1138	3844	714	87263	0	92959
15855	1028	1436	567	91235	0	94266
15856	92152	1037	591	4168	0	97948
15857	4249	90123	564	1830	0	96766
15858	1924	3494	569	93940	0	99927
15859	92184	1050	598	4319	0	98151
15860	95558	800	705	1666	0	98729
15861	98184	629	501	1525	0	100839
15862	5599	489	94527	1423	0	102038
15863	2442	515	96263	1183	0	100403
15864	102002	333	4636	1229	0	108200
15865	5304	102628	1722	1261	0	110915
15866	1968	107723	1247	1304	0	112242
15867	1548	5379	871	100546	0	108344
15868	1084	104608	977	4900	0	111569
15869	104858	5178	914	1991	0	112941
15870	5132	1768	1222	103509	0	111631
15871	2213	1349	100136	5266	0	108964
15872	101897	1059	4685	1991	0	109632
15873	106640	761	1682	1707	0	110790
15874	6393	888	1419	102710	0	111410
15875	3066	819	1071	106289	0	111245
15876	2078	913	1037	107681	0	111709
15877	1850	849	944	106813	0	110456
15878	1826	987	95049	7033	0	104895
15879	1639	96930	4407	3227	0	106203
15880	1646	4937	1691	87936	0	96210
15881	1350	98012	1357	5260	0	105979
15882	1517	5542	947	88235	0	96241
15883	1393	94029	811	5438	0	101671
15884	93132	5494	919	2693	0	102238
15885	95443	1987	886	2216	0	100532
15886	6334	93128	1046	1866	0	102374
15887	95040	5249	969	1543	0	102801
15888	6439	1962	892	93998	0	103291
15889	92850	1831	882	5589	0	101152
15890	6229	92019	857	2462	0	101567
15891	93863	5206	961	1914	0	101944
15892	97424	2344	1013	1399	0	102180
15893	7104	1781	956	92635	0	102476
15894	3189	1563	89352	5549	0	99653
15895	2475	89965	4779	2309	0	99528
15896	2067	5458	1685	92927	0	102137
15897	93171	2365	1215	5643	0	102394
15898	5960	2004	89848	2594	0	100406
15899	2800	1570	4544	90415	0	99329
15900	2396	1392	1585	94440	0	99813
15901	92940	1063	1295	6702	0	102000
15902	95098	1065	1188	3289	0	100640
15903	94342	1213	936	2560	0	99051
15904	6979	89603	1036	2314	0	99932
15905	88205	4759	779	1908	0	95651
15906	5970	1691	80648	2086	0	90395
15907	2526	1569	80450	1963	0	86508
15908	2134	1289	80291	1601	0	85315
15909	1726	4514	5324	64450	0	76014
15910	1412	836	62426	3411	0	68085
15911	53924	749	2541	1195	0	58409
15912	2752	605	926	54657	0	58940
15913	1440	624	54037	2634	0	58735
15914	54784	603	2299	1323	0	59009
15915	2941	490	967	55619	0	60017
15916	1560	555	774	57955	0	60844
15917	56744	508	628	3128	0	61008
15918	2939	562	589	58132	0	62222
15919	1534	538	56844	2970	0	61886
15920	1253	533	2356	59194	0	63336
15921	1212	541	58789	2955	0	63497
15922	1030	562	2567	59804	0	63963
15923	57756	438	1098	3167	0	62459
15924	2850	54791	853	1662	0	60156
15925	1485	58182	721	1369	0	61757
15926	1232	2700	626	57074	0	61632
15927	1118	1145	707	57126	0	60096
15928	1070	54709	689	3267	0	59735
15929	1105	53308	702	1711	0	56826
15930	972	2716	663	52015	0	56366
15931	936	1333	680	53149	0	56098
15932	49723	749	673	3515	0	54660
15933	2607	48892	690	1953	0	54142
15934	1242	49332	691	1451	0	52716
15935	1003	51102	640	1225	0	53970
15936	48171	2839	654	1252	0	52916
15937	2561	1218	46732	1143	0	51654
15938	45451	959	2353	1051	0	49814
15939	2517	771	982	44765	0	49035
15940	1253	41813	756	2739	0	46561
15941	1006	46010	513	1441	0	48970
15942	45116	2603	498	1129	0	49346
15943	2448	1262	553	41904	0	46167
15944	1203	45663	559	2395	0	49820
15945	46976	2282	625	1306	0	51189
15946	48283	1050	511	1158	0	51002
15947	2846	912	45538	992	0	50288
15948	46058	790	1959	958	0	49765
15949	47597	820	819	918	0	50154
15950	2900	785	621	44209	0	48515
15951	1434	44082	540	2413	0	48469
15952	1070	46607	448	1326	0	49451
15953	873	2643	397	44038	0	47951
15954	42901	1199	335	2382	0	46817
15955	2365	912	39645	1178	0	44100
15956	1011	651	37010	788	0	39460
15957	1171	620	36175	714	0	38680
15958	1281	615	35556	669	0	38121
15959	633	34503	1830	676	0	37642
15960	561	35113	962	547	0	37183
15961	690	1827	31702	495	0	34714
15962	586	930	30157	385	0	32058
15963	313	26852	1395	380	0	28940
15964	404	416	223	20040	0	21083
15965	100	210	22070	357	0	22737
15966	63	119	390	21054	0	21626
15967	60	80	170	22593	0	22903
15968	88	70	109	23759	0	24026
15969	72	106	74	26575	0	26827
15970	84	57	25902	887	0	26930
15971	87	65	659	25391	0	26202
15972	26072	60	228	838	0	27198
15973	743	81	25124	293	0	26241
15974	25811	69	702	207	0	26789
15975	825	66	233	26658	0	27782
15976	274	70	26675	819	0	27838
15977	26463	65	799	297	0	27624
15978	819	60	263	27206	0	28348
15979	27513	73	182	869	0	28637
15980	881	85	145	26555	0	27666
15981	265	25869	138	932	0	27204
15982	207	780	27099	309	0	28395
15983	127	256	797	27933	0	29113
15984	28473	189	278	912	0	29852
15985	28671	147	212	341	0	29371
15986	28809	128	154	278	0	29369
15987	28927	115	158	216	0	29416
15988	28296	132	140	217	0	28785
15989	1024	27593	141	204	0	28962
15990	28725	838	132	199	0	29894
15991	981	316	27716	212	0	29225
15992	27956	230	800	210	0	29196
15993	1022	212	368	22946	0	24548
15994	384	182	27564	600	0	28730
15995	271	184	27706	304	0	28465
15996	241	147	948	27576	0	28912
15997	28138	134	371	917	0	29560
15998	902	26866	293	378	0	28439
15999	27541	838	176	285	0	28840
16000	1013	27786	178	248	0	29225
16001	468	944	180	29000	0	30592
16002	394	330	137	30085	0	30946
16003	29536	238	168	1058	0	31000
16004	1012	171	168	29701	0	31052
16005	484	176	28969	1033	0	30662
16006	29172	136	855	409	0	30572
16007	1030	120	298	29882	0	31330
16008	431	145	250	30408	0	31234
16009	368	160	29276	1103	0	30907
16010	27540	145	917	444	0	29046
16011	29669	137	354	321	0	30481
16012	1165	28797	264	245	0	30471
16013	491	834	28488	193	0	30006
16014	411	280	29008	234	0	29933
16015	313	287	929	27997	0	29526
16016	259	206	457	27150	0	28072
16017	236	27871	266	882	0	29255
16018	227	701	27087	316	0	28331
16019	187	165	760	26215	0	27327
16020	225	118	26588	839	0	27770
16021	171	83	761	24184	0	25199
16022	169	25330	310	752	0	26561
16023	177	650	227	26880	0	27934
16024	161	242	196	27179	0	27778
16025	193	141	143	27356	0	27833
16026	26782	105	176	969	0	28032
16027	844	106	25908	485	0	27343
16028	309	26595	696	320	0	27920
16029	232	737	236	29465	0	30670
16030	30215	203	224	920	0	31562
16031	934	134	185	30778	0	32031
16032	31369	87	169	1123	0	32748
16033	1142	101	30854	415	0	32512
16034	30756	96	895	347	0	32094
16035	1202	94	288	32462	0	34046
16036	595	94	31626	1147	0	33462
16037	342	31840	966	461	0	33609
16038	340	939	318	32447	0	34044
16039	314	250	238	33739	0	34541
16040	32498	181	201	1253	0	34133
16041	1101	31806	196	509	0	33612
16042	431	31694	212	353	0	32690
16043	359	32993	167	287	0	33806
16044	31464	1155	170	303	0	33092
16045	1006	31407	169	216	0	32798
16046	396	1038	151	31374	0	32959
16047	318	321	163	32289	0	33091
16048	31525	200	163	1206	0	33094
16049	988	30404	162	581	0	32135
16050	341	906	161	32096	0	33504
16051	32404	283	152	1141	0	33980
16052	32701	211	121	456	0	33489
16053	32592	169	129	343	0	33233
16054	1249	31605	139	259	0	33252
16055	32396	922	114	214	0	33646
16056	1067	291	112	31422	0	32892
16057	388	30191	134	977	0	31690
16058	308	31962	117	399	0	32786
16059	286	978	104	32295	0	33663
16060	31940	345	133	1049	0	33467
16061	32459	256	145	390	0	33250
16062	1105	162	141	30851	0	32259
16063	412	30144	151	1031	0	31738
16064	31450	864	126	407	0	32847
16065	1028	293	29138	341	0	30800
16066	384	256	28552	245	0	29437
16067	27791	174	834	216	0	29015
16068	887	174	27949	200	0	29210
16069	222	201	532	24600	0	25555
16070	25170	70	380	556	0	26176
16071	542	56	120	25081	0	25799
16072	216	71	24753	589	0	25629
16073	166	24435	462	284	0	25347
16074	134	431	129	25410	0	26104
16075	123	164	24893	494	0	25674
16076	23370	107	413	187	0	24077
16077	441	86	132	25214	0	25873
16078	189	59	25137	463	0	25848
16079	126	84	374	24528	0	25112
16080	98	24249	157	476	0	24980
16081	95	413	82	26396	0	26986
16082	93	142	62	25784	0	26081
16083	82	116	53	25236	0	25487
16084	85	24557	66	585	0	25293
16085	26087	412	53	273	0	26825
16086	450	157	52	26377	0	27036
16087	192	108	55	26529	0	26884
16088	143	85	47	26910	0	27185
16089	126	78	25924	632	0	26760
16090	106	70	400	26416	0	26992
16091	26623	71	144	596	0	27434
16092	461	26073	113	283	0	26930
16093	176	463	70	27201	0	27910
16094	147	198	54	27846	0	28245
16095	27220	138	49	694	0	28101
16096	527	26686	54	344	0	27611
16097	27820	549	54	258	0	28681
16098	28274	209	51	193	0	28727
16099	714	154	49	27524	0	28441
16100	27719	110	49	641	0	28519
16101	678	25767	54	293	0	26792
16102	26556	557	47	191	0	27351
16103	669	235	46	26549	0	27499
16104	29505	144	36	661	0	30346
16105	30372	120	35	290	0	30817
16106	899	152	28745	213	0	30009
16107	29032	120	529	171	0	29852
16108	30151	96	128	198	0	30573
16109	32717	94	96	156	0	33063
16110	1183	125	31830	142	0	33280
16111	478	32033	871	210	0	33592
16112	351	907	271	33537	0	35066
16113	33578	315	193	1023	0	35109
16114	1101	32275	114	396	0	33886
16115	32801	1025	95	269	0	34190
16116	1229	378	66	33017	0	34690
16117	498	261	32493	1123	0	34375
16118	33737	145	902	395	0	35179
16119	1198	149	325	35548	0	37220
16120	564	125	34724	1114	0	36527
16121	35202	90	1048	468	0	36808
16122	1411	96	35550	294	0	37351
16123	626	104	1234	37386	0	39350
16124	497	132	458	41337	0	42424
16125	40289	99	350	1934	0	42672
16126	40464	143	175	837	0	41619
16127	1981	39141	195	584	0	41901
16128	40661	1327	142	376	0	42506
16129	1823	579	37149	278	0	39829
16130	904	322	37756	216	0	39198
16131	37085	276	1654	226	0	39241
16132	1528	36936	710	227	0	39401
16133	36818	1150	396	133	0	38497
16134	1497	36197	382	211	0	38287
16135	36830	1386	297	187	0	38700
16136	1669	512	189	35799	0	38169
16137	859	394	35432	1225	0	37910
16138	638	277	1180	35878	0	37973
16139	533	320	483	37773	0	39109
16140	37111	144	354	1764	0	39373
16141	1517	155	35618	794	0	38084
16142	35588	157	1266	535	0	37546
16143	1602	35249	609	450	0	37910
16144	36306	1187	499	235	0	38227
16145	1740	521	339	35379	0	37979
16146	868	357	34719	1329	0	37273
16147	618	306	1233	35385	0	37542
16148	35704	216	534	1560	0	38014
16149	1683	227	337	35758	0	38005
16150	918	237	291	35583	0	37029
16151	610	33779	283	1802	0	36474
16152	539	1129	334	35509	0	37511
16153	455	483	34201	1747	0	36886
16154	440	278	1376	34843	0	36937
16155	593	254	542	36151	0	37540
16156	34917	331	437	1884	0	37569
16157	1648	240	263	35267	0	37418
16158	828	346	33310	1749	0	36233
16159	745	33775	1314	963	0	36797
16160	504	1204	621	34881	0	37210
16161	531	548	509	36019	0	37607
16162	35397	381	303	2091	0	38172
16163	1621	33808	289	1070	0	36788
16164	841	1316	306	35725	0	38188
16165	34366	542	354	1705	0	36967
16166	35752	512	262	917	0	37443
16167	1938	360	225	35527	0	38050
16168	1004	308	34245	1802	0	37359
16169	34995	203	1322	1105	0	37625
16170	1705	213	650	37110	0	39678
16171	37848	168	441	1927	0	40384
16172	38038	197	328	1096	0	39659
16173	2075	35718	342	908	0	39043
16174	36631	1450	246	745	0	39072
16175	1860	36370	286	684	0	39200
16176	1017	1517	339	36629	0	39502
16177	817	701	360	36239	0	38117
16178	668	35382	284	2081	0	38415
16179	36791	1429	225	1212	0	39657
16180	37091	714	243	844	0	38892
16181	2117	470	34046	784	0	37417
16182	1076	440	34389	686	0	36591
16183	779	381	1713	35025	0	37898
16184	35377	211	736	1928	0	38252
16185	1824	211	481	35137	0	37653
16186	1073	288	382	36145	0	37888
16187	794	350	34142	2231	0	37517
16188	684	320	34217	1258	0	36479
16189	814	263	34919	842	0	36838
16190	32912	319	1901	730	0	35862
16191	34285	261	866	732	0	36144
16192	2021	32341	661	553	0	35576
16193	1086	34262	409	586	0	36343
16194	793	1680	327	34346	0	37146
16195	811	779	33111	1618	0	36319
16196	32759	486	1345	899	0	35489
16197	1616	480	33756	665	0	36517
16198	920	311	1450	33990	0	36671
16199	650	283	680	35650	0	37263
16200	496	176	527	35912	0	37111
16201	523	213	374	36395	0	37505
16202	35134	297	389	2186	0	38006
16203	1734	261	280	35227	0	37502
16204	822	144	31780	1831	0	34577
16205	29240	163	1349	909	0	31661
16206	1463	169	30907	708	0	33247
16207	819	216	30563	595	0	32193
16208	601	29668	1662	509	0	32440
16209	603	802	584	27127	0	29116
16210	26745	348	508	1031	0	28632
16211	883	191	219	26828	0	28121
16212	457	158	25983	1010	0	27608
16213	277	111	744	26443	0	27575
16214	25948	84	389	998	0	27419
16215	853	25648	190	646	0	27337
16216	25920	700	213	367	0	27200
16217	864	24982	176	368	0	26390
16218	25173	738	250	303	0	26464
16219	828	24163	119	255	0	25365
16220	428	24298	107	207	0	25040
16221	277	822	22932	139	0	24170
16222	219	22907	606	156	0	23888
16223	19627	297	148	40	0	20112
16224	245	103	36	18833	0	19217
16225	19043	41	41	288	0	19413
16226	278	18670	37	121	0	19106
16227	18922	275	30	67	0	19294
16228	343	106	18675	45	0	19169
16229	125	53	277	18583	0	19038
16230	69	18932	117	292	0	19410
16231	63	347	56	19760	0	20226
16232	72	114	42	20136	0	20364
16233	24137	62	40	467	0	24706
16234	672	23973	46	192	0	24883
16235	25039	660	59	87	0	25845
16236	863	286	24384	162	0	25695
16237	367	189	23703	61	0	24320
16238	216	23449	958	81	0	24704
16239	113	746	389	24298	0	25546
16240	120	297	24406	770	0	25593
16241	95	170	804	23308	0	24377
16242	60	92	347	25731	0	26230
16243	76	95	24916	1065	0	26152
16244	96	78	24554	483	0	25211
16245	76	63	26041	240	0	26420
16246	104	67	26162	156	0	26489
16247	61	26622	1144	179	0	28006
16248	86	779	515	27672	0	29052
16249	74	371	279	28803	0	29527
16250	91	188	27937	1124	0	29340
16251	66	103	875	27605	0	28649
16252	57	111	30586	1046	0	31800
16253	56	70	946	30101	0	31173
16254	70	75	400	30668	0	31213
16255	57	30141	285	1185	0	31668
16256	57	809	157	31443	0	32466
16257	67	340	164	31363	0	31934
16258	57	212	107	31778	0	32154
16259	92	124	29361	1339	0	30916
16260	50	29184	814	652	0	30700
16261	30180	819	393	355	0	31747
16262	30340	359	215	259	0	31173
16263	1101	194	133	29650	0	31078
16264	482	116	144	29521	0	30263
16265	238	29530	127	1117	0	31012
16266	29940	858	101	516	0	31415
16267	856	30094	100	351	0	31401
16268	29607	891	124	223	0	30845
16269	917	402	28476	199	0	29994
16270	26256	266	849	192	0	27563
16271	888	27937	344	162	0	29331
16272	374	754	221	28566	0	29915
16273	245	344	124	28903	0	29616
16274	112	28497	160	1022	0	29791
16275	28894	756	124	496	0	30270
16276	759	395	126	28962	0	30242
16277	362	234	95	29818	0	30509
16278	29418	147	111	1162	0	30838
16279	29618	144	102	573	0	30437
16280	1127	131	28542	324	0	30124
16281	29359	82	781	255	0	30477
16282	980	102	376	30044	0	31502
16283	472	91	29579	928	0	31070
16284	286	102	837	29785	0	31010
16285	163	107	29946	1067	0	31283
16286	168	125	30130	509	0	30932
16287	117	113	1089	29946	0	31265
16288	131	109	30230	983	0	31453
16289	105	29736	998	589	0	31428
16290	126	802	457	30723	0	32108
16291	104	363	314	32440	0	33221
16292	154	232	31075	1262	0	32723
16293	134	30935	844	705	0	32618
16294	31534	846	391	402	0	33173
16295	850	387	249	32693	0	34179
16296	33103	323	186	1049	0	34661
16297	1027	32251	206	557	0	34041
16298	526	965	32832	384	0	34707
16299	315	552	980	32631	0	34478
16300	33131	293	468	1075	0	34967
16301	1015	182	33133	581	0	34911
16302	31113	175	986	444	0	32718
16303	1087	32213	564	307	0	34171
16304	439	33278	365	341	0	34423
16305	33760	1096	375	242	0	35473
16306	905	517	295	33911	0	35628
16307	478	303	248	34161	0	35190
16308	290	34455	219	1278	0	36242
16309	192	895	192	36269	0	37548
16310	200	426	192	36634	0	37452
16311	35662	275	183	1432	0	37552
16312	886	138	222	36124	0	37370
16313	424	189	35742	1223	0	37578
16314	321	129	924	35833	0	37207
16315	163	145	460	39235	0	40003
16316	219	145	38136	1464	0	39964
16317	147	179	895	38519	0	39740
16318	38267	133	531	1339	0	40270
16319	36956	126	311	777	0	38170
16320	37914	141	214	572	0	38841
16321	1326	143	181	37858	0	39508
16322	667	156	38002	1135	0	39960
16323	429	37929	840	703	0	39901
16324	290	864	362	39492	0	41008
16325	322	417	39863	1061	0	41663
16326	216	349	827	39387	0	40779
16327	177	152	403	40994	0	41726
16328	39760	175	290	1294	0	41519
16329	861	40300	214	789	0	42164
16330	420	783	39024	478	0	40705
16331	35494	325	773	342	0	36934
16332	891	38537	425	313	0	40166
16333	187	34870	127	194	0	35378
16334	36232	471	419	151	0	37273
16335	471	186	69	36515	0	37241
16336	213	138	39872	527	0	40750
16337	153	74	491	39312	0	40030
16338	92	39420	185	648	0	40345
16339	41022	521	118	229	0	41890
16340	525	189	72	41532	0	42318
16341	42855	97	58	622	0	43632
16342	611	72	67	42703	0	43453
16343	214	43356	85	630	0	44285
16344	45158	581	67	251	0	46057
16345	43825	192	67	194	0	44278
16346	785	43592	86	154	0	44617
16347	43273	581	55	133	0	44042
16348	680	174	53	42031	0	42938
16349	203	41255	68	634	0	42160
16350	42550	609	46	209	0	43414
16351	655	42160	57	171	0	43043
16352	42603	624	48	122	0	43397
16353	659	204	56	41995	0	42914
16354	42878	140	42	627	0	43687
16355	43486	113	35	233	0	43867
16356	42866	106	54	165	0	43191
16357	778	87	36	42477	0	43378
16358	304	104	28	43236	0	43672
16359	42988	87	36	741	0	43852
16360	713	111	42826	280	0	43930
16361	271	92	524	42793	0	43680
16362	225	43228	171	673	0	44297
16363	179	641	77	44926	0	45823
16364	181	226	54	45240	0	45701
16365	199	168	44626	845	0	45838
16366	181	128	552	47780	0	48641
16367	151	49738	232	997	0	51118
16368	170	1038	83	53600	0	54891
16369	191	440	57687	1273	0	59591
16370	179	242	1276	57228	0	58925
16371	205	129	472	60517	0	61323
16372	58600	109	227	2021	0	60957
16373	57905	101	142	873	0	59021
16374	1919	221	104	57253	0	59497
16375	808	55885	130	1571	0	58394
16376	470	57830	124	713	0	59137
16377	473	1746	56702	421	0	59342
16378	334	770	1303	57780	0	60187
16379	58881	345	521	1604	0	61351
16380	1446	293	278	60134	0	62151
16381	616	217	59382	1772	0	61987
16382	354	143	1371	59123	0	60991
16383	273	132	545	61119	0	62069
16384	242	85	278	62590	0	63195
16385	287	167	59092	2269	0	61815
16386	214	58269	1350	1039	0	60872
16387	59700	1362	508	639	0	62209
16388	59989	582	281	428	0	61280
16389	1888	334	174	59613	0	62009
16390	861	254	58576	1677	0	61368
16391	456	57654	1338	843	0	60291
16392	341	1562	528	57825	0	60256
16393	273	58966	326	1415	0	60980
16394	236	61038	228	693	0	62195
16395	60294	1801	355	444	0	62894
16396	1490	780	59675	347	0	62292
16397	687	420	58943	328	0	60378
16398	393	437	1709	56936	0	59475
16399	322	215	677	61295	0	62509
16400	337	212	60430	1840	0	62819
16401	239	144	1388	58509	0	60280
16402	242	155	60351	1804	0	62552
16403	54440	181	1513	908	0	57042
16404	1462	174	657	59917	0	62210
16405	682	198	61086	1634	0	63600
16406	418	196	1343	58530	0	60487
16407	293	62091	647	1609	0	64640
16408	63505	1306	361	784	0	65956
16409	1383	61679	315	570	0	63947
16410	63974	1491	256	471	0	66192
16411	1590	707	61580	464	0	64341
16412	61124	407	1357	399	0	63287
16413	1617	257	624	62841	0	65339
16414	792	235	62600	1588	0	65215
16415	496	200	1424	60970	0	63090
16416	397	220	59744	1809	0	62170
16417	54716	187	1536	1014	0	57453
16418	1356	59132	769	756	0	62013
16419	682	1390	468	58047	0	60587
16420	430	60400	351	1439	0	62620
16421	61460	1569	305	872	0	64206
16422	60621	716	260	730	0	62327
16423	1875	59135	366	659	0	62035
16424	893	1452	312	60587	0	63244
16425	548	726	325	60426	0	62025
16426	514	433	276	60460	0	61683
16427	59284	325	295	2407	0	62311
16428	1380	57648	388	1345	0	60761
16429	685	1428	387	58817	0	61317
16430	433	754	344	60014	0	61545
16431	58852	430	303	2308	0	61893
16432	1632	354	56379	1298	0	59663
16433	864	364	55374	921	0	57523
16434	54026	228	1895	732	0	56881
16435	1589	232	55674	610	0	58105
16436	831	291	51150	564	0	52836
16437	546	238	1862	49618	0	52264
16438	52364	207	1028	1529	0	55128
16439	1415	254	603	51839	0	54111
16440	977	320	50664	1596	0	53557
16441	47205	333	1387	846	0	49771
16442	1493	302	48239	663	0	50697
16443	731	47785	1394	510	0	50420
16444	476	1313	738	51230	0	53757
16445	52015	637	487	1303	0	54442
16446	1223	427	390	51442	0	53482
16447	615	265	384	52664	0	53928
16448	53088	167	298	1912	0	55465
16449	1234	160	318	53633	0	55345
16450	728	179	319	54607	0	55833
16451	521	251	52920	1880	0	55572
16452	335	203	1106	52696	0	54340
16453	53912	169	615	1723	0	56419
16454	53532	208	412	934	0	55086
16455	53702	221	403	539	0	54865
16456	1782	244	345	51529	0	53900
16457	960	51193	276	1309	0	53738
16458	53281	1113	313	694	0	55401
16459	1312	52542	347	523	0	54724
16460	52832	1202	261	406	0	54701
16461	1388	582	262	52397	0	54629
16462	52215	353	228	1310	0	54106
16463	51790	194	329	782	0	53095
16464	51740	151	335	468	0	52694
16465	1739	49707	339	441	0	52226
16466	603	46125	240	346	0	47314
16467	44607	687	146	233	0	45673
16468	787	44387	136	253	0	45563
16469	122	39030	64	170	0	39386
16470	72	39094	123	148	0	39437
16471	40335	313	177	84	0	40909
16472	402	111	13	38718	0	39244
16473	91	66	20	39517	0	39694
16474	40294	35	71	375	0	40775
16475	334	57	39942	192	0	40525
16476	211	25	266	45639	0	46141
16477	196	31	85	46836	0	47148
16478	135	28	45	52492	0	52700
16479	89	39	28	54181	0	54337
16480	51	51766	112	1701	0	53630
16481	86	64539	75	674	0	65374
16482	66642	2245	41	308	0	69236
16483	2074	893	18	66649	0	69634
16484	781	422	16	69137	0	70356
16485	530	265	64457	2975	0	68227
16486	325	143	2004	67041	0	69513
16487	251	154	66246	2907	0	69558
16488	132	194	2438	67808	0	70572
16489	190	149	69011	2970	0	72320
16490	67	66674	2797	1341	0	70879
16491	90	2313	972	70886	0	74261
16492	69828	793	602	2854	0	74077
16493	69774	511	336	1165	0	71786
16494	3232	276	225	69560	0	73293
16495	1275	246	67881	2989	0	72391
16496	773	223	67935	1214	0	70145
16497	64176	158	3230	790	0	68354
16498	2541	65485	1327	653	0	70006
16499	69604	2483	910	436	0	73433
16500	70478	889	476	512	0	72355
16501	3611	592	66141	543	0	70887
16502	1497	401	2676	65538	0	70112
16503	938	233	1076	69934	0	72181
16504	641	234	729	71817	0	73421
16505	467	252	417	69934	0	71070
16506	425	181	470	69735	0	70811
16507	416	235	61614	4589	0	66854
16508	346	201	63004	2158	0	65709
16509	422	166	3462	63570	0	67620
16510	406	193	1464	66247	0	68310
16511	395	207	887	67906	0	69395
16512	64267	172	645	4573	0	69657
16513	2975	202	564	65236	0	68977
16514	65042	173	450	4032	0	69697
16515	3509	251	406	66859	0	71025
16516	66694	177	335	4151	0	71357
16517	68975	116	356	2017	0	71464
16518	67995	104	416	1457	0	69972
16519	68089	147	428	1172	0	69836
16520	67999	132	434	1049	0	69614
16521	4682	167	360	64865	0	70074
16522	64923	176	361	3651	0	69111
16523	3896	62438	306	1803	0	68443
16524	64809	2686	380	1305	0	69180
16525	3816	913	393	65762	0	70884
16526	1778	562	63226	3768	0	69334
16527	1178	350	2935	65861	0	70324
16528	1020	302	64174	4238	0	69734
16529	943	233	3317	64938	0	69431
16530	868	229	1308	68578	0	70983
16531	958	200	63735	4680	0	69573
16532	816	205	64467	2453	0	67941
16533	831	155	3963	64508	0	69457
16534	64441	152	1630	4132	0	70355
16535	3617	206	62449	2020	0	68292
16536	1667	61576	3268	1662	0	68173
16537	1320	2745	65481	1255	0	70801
16538	65406	992	3646	1071	0	71115
16539	3633	605	1550	66888	0	72676
16540	67610	425	1062	3761	0	72858
16541	69482	300	727	1850	0	72359
16542	4553	248	724	67739	0	73264
16543	2208	260	63428	3994	0	69890
16544	1466	217	3252	64558	0	69493
16545	1146	152	1435	66563	0	69296
16546	61599	165	963	5062	0	67789
16547	3438	62111	882	2583	0	69014
16548	1650	2868	699	65010	0	70227
16549	1232	1042	60914	4180	0	67368
16550	59820	652	3239	2123	0	65834
16551	3578	60553	1472	1689	0	67292
16552	1788	2923	1059	62353	0	68123
16553	1340	1180	802	63772	0	67094
16554	1013	745	739	65918	0	68415
16555	61580	433	625	5238	0	67876
16556	64296	297	679	2761	0	68033
16557	4640	275	547	63860	0	69322
16558	2332	306	59725	4417	0	66780
16559	1542	60574	3091	2545	0	67752
16560	62467	2937	1365	1755	0	68524
16561	65330	1110	979	1467	0	68886
16562	4668	692	708	62664	0	68732
16563	2262	436	591	66166	0	69455
16564	1577	436	60998	4948	0	67959
16565	1212	62025	3271	2561	0	69069
16566	64383	3214	1344	1788	0	70729
16567	63650	1149	906	1404	0	67109
16568	4423	62236	697	1259	0	68615
16569	63159	3290	501	1217	0	68167
16570	4302	1188	528	62146	0	68164
16571	2090	804	59540	4014	0	66448
16572	1455	552	3160	62360	0	67527
16573	1284	413	60094	4412	0	66203
16574	59267	334	3536	2167	0	65304
16575	3626	58714	1548	1734	0	65622
16576	1399	2797	884	54469	0	59549
16577	1122	947	52399	3406	0	57874
16578	914	574	49530	1408	0	52426
16579	44603	548	3298	1019	0	49468
16580	2371	45524	1177	1059	0	50131
16581	34913	1225	1292	434	0	37864
16582	34278	357	325	354	0	35314
16583	34646	198	296	285	0	35425
16584	1560	175	160	33609	0	35504
16585	648	135	33495	1352	0	35630
16586	460	33630	1041	501	0	35632
16587	323	1046	694	34259	0	36322
16588	333	298	34003	1204	0	35838
16589	208	205	30705	389	0	31507
16590	180	97	899	30334	0	31510
16591	184	94	29951	891	0	31120
16592	28064	93	811	339	0	29307
16593	806	100	287	31125	0	32318
16594	310	97	215	32379	0	33001
16595	32186	82	175	946	0	33389
16596	812	30908	176	377	0	32273
16597	33751	694	144	265	0	34854
16598	873	230	146	33426	0	34675
16599	363	162	143	33797	0	34465
16600	272	119	119	34043	0	34553
16601	222	104	151	33442	0	33919
16602	32562	88	174	1043	0	33867
16603	837	123	31853	441	0	33254
16604	332	31371	653	305	0	32661
16605	250	625	258	32889	0	34022
16606	32464	218	188	795	0	33665
16607	32543	115	152	375	0	33185
16608	796	31958	178	309	0	33241
16609	31723	579	131	199	0	32632
16610	673	30904	140	204	0	31921
16611	300	33122	96	218	0	33736
16612	224	730	94	33744	0	34792
16613	213	253	33917	740	0	35123
16614	186	234	528	32940	0	33888
16615	32919	100	196	700	0	33915
16616	615	32139	127	331	0	33212
16617	253	562	106	33328	0	34249
16618	194	232	35967	686	0	37079
16619	36574	128	552	329	0	37583
16620	38546	110	227	249	0	39132
16621	38949	101	158	215	0	39423
16622	837	84	37117	171	0	38209
16623	36949	84	573	142	0	37748
16624	727	37513	223	232	0	38695
16625	248	512	100	36835	0	37695
16626	188	37242	102	459	0	37991
16627	38557	533	97	192	0	39379
16628	37077	205	67	164	0	37513
16629	752	141	37869	144	0	38906
16630	260	37737	495	151	0	38643
16631	156	516	181	39012	0	39865
16632	155	182	113	39440	0	39890
16633	125	128	100	39213	0	39566
16634	121	91	87	39206	0	39505
16635	125	77	88	40446	0	40736
16636	166	90	37677	781	0	38714
16637	135	36468	537	379	0	37519
16638	37254	495	182	175	0	38106
16639	646	232	37304	123	0	38305
16640	250	37565	547	144	0	38506
16641	39200	567	192	114	0	40073
16642	646	219	40114	121	0	41100
16643	38991	138	625	116	0	39870
16644	40028	103	216	128	0	40475
16645	39385	82	136	127	0	39730
16646	784	39776	110	256	0	40926
16647	362	634	39178	118	0	40292
16648	172	40053	589	131	0	40945
16649	165	715	215	37507	0	38602
16650	162	40444	122	505	0	41233
16651	41225	634	69	164	0	42092
16652	42132	199	62	132	0	42525
16653	41654	109	79	128	0	41970
16654	937	116	41727	94	0	42874
16655	353	43578	675	140	0	44746
16656	209	851	205	50169	0	51434
16657	54818	260	127	929	0	56134
16658	1219	54088	120	330	0	55757
16659	431	1200	77	55657	0	57365
16660	339	438	55550	1240	0	57567
16661	55455	260	1248	424	0	57387
16662	1451	154	59542	252	0	61399
16663	562	135	61412	110	0	62219
16664	57895	73	1919	110	0	59997
16665	1631	101	59718	195	0	61645
16666	57923	77	1682	78	0	59760
16667	1635	57780	685	125	0	60225
16668	62135	1358	347	81	0	63921
16669	1693	554	238	62394	0	64879
16670	751	279	224	63694	0	64948
16671	444	141	210	65580	0	66375
16672	63761	102	204	2189	0	66256
16673	63078	111	177	920	0	64286
16674	63686	137	155	477	0	64455
16675	2287	61532	162	303	0	64284
16676	1085	1402	116	63873	0	66476
16677	667	612	61527	1669	0	64475
16678	414	371	1488	60981	0	63254
16679	337	59948	723	1898	0	62906
16680	446	1557	382	60760	0	63145
16681	395	693	259	62448	0	63795
16682	61202	405	204	2217	0	64028
16683	1680	314	253	61881	0	64128
16684	891	223	60751	2067	0	63932
16685	584	232	59631	980	0	61427
16686	556	200	2203	60440	0	63399
16687	60443	200	1049	1894	0	63586
16688	1847	241	647	60023	0	62758
16689	1043	202	391	62957	0	64593
16690	745	267	59667	2478	0	63157
16691	582	58869	1680	1284	0	62415
16692	476	1548	831	61851	0	64706
16693	59093	689	640	2079	0	62501
16694	1810	58634	407	1252	0	62103
16695	1020	1616	338	60636	0	63610
16696	847	739	59155	2058	0	62799
16697	613	477	1681	59316	0	62087
16698	57708	369	816	2254	0	61147
16699	1744	56469	610	1324	0	60147
16700	1003	1706	57669	913	0	61291
16701	635	801	1666	57827	0	60929
16702	544	529	58456	2184	0	61713
16703	57205	417	1897	1309	0	60828
16704	58704	322	926	1085	0	61037
16705	2486	279	57452	798	0	61015
16706	1329	327	1821	57288	0	60765
16707	881	343	58240	2043	0	61507
16708	563	57250	2233	1327	0	61373
16709	510	1692	1189	59301	0	62692
16710	591	808	58398	2328	0	62125
16711	592	605	1933	55137	0	58267
16712	554	56585	1098	2256	0	60493
16713	472	1696	722	57956	0	60846
16714	480	890	55785	2347	0	59502
16715	54002	580	1951	1338	0	57871
16716	1902	55372	1049	1050	0	59373
16717	58071	1783	762	837	0	61453
16718	2193	872	53555	821	0	57441
16719	53266	628	1948	748	0	56590
16720	2226	446	53241	850	0	56763
16721	53056	399	2050	808	0	56313
16722	55208	409	1124	742	0	57483
16723	2582	458	821	53267	0	57128
16724	1383	446	650	55069	0	57548
16725	53707	339	683	2646	0	57375
16726	2150	52690	668	1492	0	57000
16727	54545	1726	664	991	0	57926
16728	2368	841	716	52748	0	56673
16729	1304	53030	708	2204	0	57246
16730	910	1782	687	55492	0	58871
16731	756	945	547	56120	0	58368
16732	671	623	652	55439	0	57385
16733	650	53671	592	3031	0	57944
16734	54430	1785	533	1592	0	58340
16735	2065	918	538	55259	0	58780
16736	1194	688	53306	2343	0	57531
16737	873	543	52739	1421	0	55576
16738	726	437	53397	1107	0	55667
16739	52488	399	2534	909	0	56330
16740	53929	473	1190	863	0	56455
16741	2553	478	52186	765	0	55982
16742	1388	389	1955	48408	0	52140
16743	937	323	1091	51433	0	53784
16744	681	405	52279	2550	0	55915
16745	685	396	52309	1486	0	54876
16746	631	338	2254	53317	0	56540
16747	52512	297	1199	2216	0	56224
16748	51475	341	833	1294	0	53943
16749	51095	364	627	943	0	53029
16750	2528	49924	658	848	0	53958
16751	1302	51068	563	786	0	53719
16752	858	1907	623	50846	0	54234
16753	50388	882	535	1900	0	53705
16754	1784	574	47520	1140	0	51018
16755	42779	455	1323	852	0	45409
16756	1468	39316	704	668	0	42156
16757	611	34514	300	355	0	35780
16758	33554	1158	562	312	0	35586
16759	908	33350	329	344	0	34931
16760	446	31966	304	264	0	32980
16761	30477	1307	1105	648	0	33537
16762	522	30077	178	146	0	30923
16763	213	395	192	28688	0	29488
16764	141	179	122	29161	0	29603
16765	28957	119	72	491	0	29639
16766	28333	94	95	232	0	28754
16767	460	28184	98	191	0	28933
16768	213	27709	121	136	0	28179
16769	170	421	27166	105	0	27862
16770	27320	180	559	97	0	28156
16771	28528	93	131	80	0	28832
16772	28723	74	86	76	0	28959
16773	490	47	74	28462	0	29073
16774	192	57	65	29846	0	30160
16775	30358	72	59	512	0	31001
16776	484	53	58	30020	0	30615
16777	191	67	30070	505	0	30833
16778	124	57	407	29953	0	30541
16779	104	30501	143	519	0	31267
16780	98	473	86	31372	0	32029
16781	91	163	51	31801	0	32106
16782	75	106	43	32296	0	32520
16783	31155	82	40	848	0	32125
16784	465	30071	58	302	0	30896
16785	156	436	41	31415	0	32048
16786	112	163	30836	519	0	31630
16787	94	124	28863	203	0	29284
16788	105	82	520	29636	0	30343
16789	86	64	182	30390	0	30722
16790	29892	44	86	621	0	30643
16791	487	69	66	29186	0	29808
16792	180	28897	69	554	0	29700
16793	128	474	31271	216	0	32089
16794	92	172	433	31999	0	32696
16795	107	99	32681	541	0	33428
16796	87	73	470	32828	0	33458
16797	33148	57	153	576	0	33934
16798	33351	63	98	239	0	33751
16799	600	32469	93	169	0	33331
16800	219	478	55	33971	0	34723
16801	34672	180	49	521	0	35422
16802	34633	99	61	226	0	35019
16803	34963	71	67	167	0	35268
16804	34874	63	79	126	0	35142
16805	34951	64	85	133	0	35233
16806	692	33361	84	133	0	34270
16807	34142	393	53	82	0	34670
16808	544	159	32950	86	0	33739
16809	207	73	397	33138	0	33815
16810	34429	61	122	476	0	35088
16811	34017	60	72	171	0	34320
16812	33652	41	62	151	0	33906
16813	590	71	33055	123	0	33839
16814	225	47	392	33321	0	33985
16815	35108	41	111	478	0	35738
16816	488	34119	114	208	0	34929
16817	37254	439	47	140	0	37880
16818	36328	156	62	108	0	36654
16819	36652	110	31	117	0	36910
16820	576	98	54	36941	0	37669
16821	37990	52	48	533	0	38623
16822	582	205	37630	226	0	38643
16823	244	82	37438	162	0	37926
16824	38043	62	703	125	0	38933
16825	522	67	39208	123	0	39920
16826	36017	44	433	115	0	36609
16827	507	57	38637	92	0	39293
16828	170	38	350	37831	0	38389
16829	37885	23	184	401	0	38493
16830	386	37854	125	197	0	38562
16831	39579	337	60	125	0	40101
16832	405	38487	61	206	0	39159
16833	158	40302	70	100	0	40630
16834	124	407	134	41345	0	42010
16835	102	132	46	41288	0	41568
16836	91	68	43	41631	0	41833
16837	100	66	40450	491	0	41107
16838	39220	38	358	201	0	39817
16839	42862	38	112	112	0	43124
16840	42923	34	61	108	0	43126
16841	43012	35	46	93	0	43186
16842	42638	52	171	85	0	42946
16843	656	64	41296	83	0	42099
16844	259	90	40550	81	0	40980
16845	190	37	499	40975	0	41701
16846	157	46	42430	485	0	43118
16847	40047	46	538	167	0	40798
16848	628	43369	182	139	0	44318
16849	238	573	96	48765	0	49672
16850	48662	154	58	746	0	49620
16851	821	89	68	49039	0	50017
16852	375	60	49846	776	0	51057
16853	239	81	49330	304	0	49954
16854	178	41	917	51154	0	52290
16855	172	47	51370	825	0	52414
16856	49036	42	861	327	0	50266
16857	860	45	313	51629	0	52847
16858	399	65	51359	829	0	52652
16859	243	50739	823	416	0	52221
16860	191	723	318	53622	0	54854
16861	210	259	53717	903	0	55089
16862	180	131	877	51016	0	52204
16863	162	62	342	52830	0	53396
16864	180	59	53088	1188	0	54515
16865	149	43	920	52699	0	53811
16866	153	65	358	52564	0	53140
16867	167	37	195	53725	0	54124
16868	51870	42	148	1220	0	53280
16869	893	50424	181	524	0	52022
16870	343	51656	157	305	0	52461
16871	221	1100	50938	166	0	52425
16872	48898	334	841	175	0	50248
16873	887	160	51060	254	0	52361
16874	341	110	49653	144	0	50248
16875	171	64	909	48661	0	49805
16876	50061	47	356	777	0	51241
16877	720	49553	213	378	0	50864
16878	51588	658	122	204	0	52572
16879	50693	247	100	144	0	51184
16880	874	50931	136	142	0	52083
16881	52274	694	88	114	0	53170
16882	51562	251	84	127	0	52024
16883	893	51841	120	123	0	52977
16884	337	715	94	53393	0	54539
16885	186	294	94	54639	0	55213
16886	55419	129	101	907	0	56556
16887	774	55025	131	389	0	56319
16888	57538	779	91	192	0	58600
16889	57665	284	93	176	0	58218
16890	60187	134	91	144	0	60556
16891	1219	82	85	58971	0	60357
16892	463	86	79	61194	0	61822
16893	59073	72	89	1182	0	60416
16894	59252	91	81	452	0	59876
16895	59674	77	76	270	0	60097
16896	1279	86	78	61131	0	62574
16897	499	100	61109	1133	0	62841
16898	259	73	1039	62502	0	63873
16899	197	85	416	68422	0	69120
16900	197	109	65772	1679	0	67757
16901	236	125	72781	671	0	73813
16902	201	87	2052	76316	0	78656
16903	226	143	75749	1925	0	78043
16904	76179	58	1978	945	0	79160
16905	1833	79	846	79364	0	82122
16906	863	82	447	81052	0	82444
16907	81855	77	280	2664	0	84876
16908	1936	76	289	82207	0	84508
16909	1013	322	213	82493	0	84041
16910	510	91	229	84231	0	85061
16911	359	66	184	84814	0	85423
16912	349	131	79459	3136	0	83075
16913	241	89	1749	82372	0	84451
16914	357	171	78218	2532	0	81278
16915	265	79083	1946	1469	0	82763
16916	268	1732	815	80946	0	83761
16917	303	834	76740	2309	0	80186
16918	71893	354	1915	1326	0	75488
16919	1966	76530	1042	807	0	80345
16920	78806	1803	497	571	0	81677
16921	2184	820	443	74788	0	78235
16922	988	75759	391	2077	0	79215
16923	77240	1841	290	1096	0	80467
16924	2003	77254	312	768	0	80337
16925	79188	2073	356	508	0	82125
16926	2263	987	245	77282	0	80777
16927	78928	467	259	2145	0	81799
16928	2256	77738	283	1231	0	81508
16929	78832	2027	246	698	0	81803
16930	2493	945	75944	596	0	79978
16931	1147	475	1932	77741	0	81295
16932	76526	266	879	2325	0	79996
16933	77091	267	459	1304	0	79121
16934	2902	218	366	75460	0	78946
16935	1420	400	74219	2371	0	78410
16936	780	70343	1956	1379	0	74458
16937	591	75432	972	850	0	77845
16938	77179	2497	596	666	0	80938
16939	2282	1179	336	76356	0	80153
16940	1220	474	398	78467	0	80559
16941	76906	330	362	3073	0	80671
16942	74633	324	434	1603	0	76994
16943	2991	313	74498	957	0	78759
16944	1444	356	1923	75401	0	79124
16945	977	281	73708	2525	0	77491
16946	723	73422	2076	1567	0	77788
16947	70762	1817	941	1132	0	74652
16948	1955	71433	634	905	0	74927
16949	1008	70847	413	770	0	73038
16950	902	2198	381	71660	0	75141
16951	69350	967	418	2242	0	72977
16952	1897	68569	421	1395	0	72282
16953	68056	1879	419	961	0	71315
16954	2074	66981	449	764	0	70268
16955	1098	1978	366	68688	0	72130
16956	68261	998	409	2198	0	71866
16957	2120	643	67551	1369	0	71683
16958	1256	460	1740	68307	0	71763
16959	957	548	65983	2259	0	69747
16960	789	62416	1869	1488	0	66562
16961	701	66669	893	1115	0	69378
16962	65018	2444	726	956	0	69144
16963	1905	66769	445	985	0	70104
16964	68287	1991	650	814	0	71742
16965	68975	1076	477	934	0	71462
16966	2541	772	67192	866	0	71371
16967	66800	571	1831	803	0	70005
16968	2361	674	68596	814	0	72445
16969	1444	68062	1983	809	0	72298
16970	70013	1880	1012	736	0	73641
16971	2168	68814	700	824	0	72506
16972	1454	1957	471	70775	0	74657
16973	71385	1045	487	2130	0	75047
16974	2380	767	376	71115	0	74638
16975	1498	582	71860	2474	0	76414
16976	970	712	1763	72120	0	75565
16977	854	654	923	74129	0	76560
16978	72365	722	561	2826	0	76474
16979	2325	691	70901	1614	0	75531
16980	71981	639	1895	1048	0	75563
16981	75394	546	963	906	0	77809
16982	3063	579	692	74003	0	78337
16983	1774	679	451	75555	0	78459
16984	73277	512	504	3010	0	77303
16985	2626	73424	518	1540	0	78108
16986	1558	2043	445	74213	0	78259
16987	1182	1122	71542	2274	0	76120
16988	1000	926	69479	1297	0	72702
16989	856	71855	2343	993	0	76047
16990	930	2166	1284	70560	0	74940
16991	739	1244	563	72956	0	75502
16992	70841	837	382	2731	0	74791
16993	2250	737	414	70642	0	74043
16994	67928	576	404	2417	0	71325
16995	2367	66285	437	1413	0	70502
16996	1201	66837	350	875	0	69263
16997	892	68983	334	740	0	70949
16998	66977	2179	546	683	0	70385
16999	61491	880	462	514	0	63347
17000	2101	60119	299	594	0	63113
17001	52494	803	141	143	0	53581
17002	892	50010	93	173	0	51168
17003	355	908	73	49682	0	51018
17004	228	49573	91	738	0	50630
17005	50497	878	89	272	0	51736
17006	50729	315	50	186	0	51280
17007	1054	255	69	47928	0	49306
17008	48464	169	58	846	0	49537
17009	942	143	78	47877	0	49040
17010	367	47878	91	901	0	49237
17011	252	827	71	48999	0	50149
17012	231	47918	90	850	0	49089
17013	49345	824	66	330	0	50565
17014	906	368	46738	221	0	48233
17015	45955	171	638	208	0	46972
17016	856	159	207	48066	0	49288
17017	393	193	46901	785	0	48272
17018	46298	155	711	334	0	47498
17019	876	190	48515	237	0	49818
17020	372	156	740	47156	0	48424
17021	277	143	254	48841	0	49515
17022	255	133	150	48357	0	48895
17023	219	133	111	48103	0	48566
17024	213	45904	137	1139	0	47393
17025	209	859	93	49520	0	50681
17026	50134	322	133	1099	0	51688
17027	1046	239	48643	452	0	50380
17028	427	52234	830	327	0	53818
17029	54693	1101	291	260	0	56345
17030	59612	526	153	263	0	60554
17031	1711	244	127	67796	0	69878
17032	720	287	66628	1827	0	69462
17033	424	207	1608	67076	0	69315
17034	368	166	745	72608	0	73887
17035	420	243	69277	2765	0	72705
17036	319	71685	1977	1227	0	75208
17037	76460	2011	906	555	0	79932
17038	75690	1004	346	531	0	77571
17039	77475	378	342	492	0	78687
17040	3404	327	248	74787	0	78766
17041	1581	243	185	79280	0	81289
17042	80213	194	236	3440	0	84083
17043	2946	289	191	75880	0	79306
17044	1531	75681	227	2843	0	80282
17045	81803	2264	166	1443	0	85676
17046	85329	1099	220	811	0	87459
17047	89374	456	184	745	0	90759
17048	90834	358	200	655	0	92047
17049	4925	318	82663	562	0	88468
17050	2380	325	83541	797	0	87043
17051	1300	310	3712	82588	0	87910
17052	1129	267	1530	87601	0	90527
17053	1027	239	83206	4171	0	88643
17054	920	283	85029	1877	0	88109
17055	834	315	3957	85139	0	90245
17056	84934	184	1796	3416	0	90330
17057	3269	171	933	84636	0	89009
17058	1831	291	82112	3568	0	87802
17059	1044	84324	2976	2058	0	90402
17060	86370	2741	1598	1051	0	91760
17061	88597	1261	903	952	0	91713
17062	90026	512	791	910	0	92239
17063	89881	397	770	819	0	91867
17064	4971	406	82439	799	0	88615
17065	2437	315	3081	84370	0	90203
17066	84739	359	1607	3415	0	90120
17067	3966	306	940	84835	0	90047
17068	2414	229	859	81181	0	84683
17069	1558	80594	711	4462	0	87325
17070	1462	2821	555	84417	0	89255
17071	81585	1304	686	4015	0	87590
17072	3595	81112	804	2618	0	88129
17073	80881	3061	577	1414	0	85933
17074	3919	80983	545	1255	0	86702
17075	2407	3210	520	74499	0	80636
17076	1698	75878	653	3269	0	81498
17077	1487	80066	652	2015	0	84220
17078	79307	3903	716	1324	0	85250
17079	3929	1938	75837	1356	0	83060
17080	2234	1089	74797	1257	0	79377
17081	1480	964	74175	1237	0	77856
17082	69561	836	3901	1294	0	75592
17083	3453	71681	2019	1458	0	78611
17084	2303	75364	1204	1077	0	79948
17085	70340	3873	902	1041	0	76156
17086	3734	71429	898	1007	0	77068
17087	2418	73904	1032	1059	0	78413
17088	1663	4220	720	73397	0	80000
17089	1674	2162	71203	3510	0	78549
17090	1518	1508	72179	2269	0	77474
17091	1488	1311	3812	71978	0	78589
17092	70689	1076	2038	3541	0	77344
17093	3751	71107	1325	2171	0	78354
17094	2564	3244	1211	73056	0	80075
17095	2050	1881	70859	3530	0	78320
17096	1990	1243	70320	2229	0	75782
17097	1683	1203	4046	70221	0	77153
17098	70142	1118	2111	3900	0	77271
17099	72459	1044	1383	2446	0	77332
17100	4846	1055	68967	1535	0	76403
17101	70223	976	3481	1607	0	76287
17102	4318	810	69673	1423	0	76224
17103	2940	705	3861	64027	0	71533
17104	2119	68255	2469	3182	0	76025
17105	71948	2905	1636	2017	0	78506
17106	3982	1861	1471	72013	0	79327
17107	2784	1189	1409	72816	0	78198
17108	2079	1001	1301	75266	0	79647
17109	1933	778	1383	75762	0	79856
17110	1854	785	68589	5126	0	76354
17111	1721	68800	3544	3127	0	77192
17112	1946	2813	2269	71934	0	78962
17113	69972	1661	1554	4155	0	77342
17114	3871	1028	1368	72354	0	78621
17115	2632	988	1391	73634	0	78645
17116	1865	1044	68433	5084	0	76426
17117	1747	1042	68108	3170	0	74067
17118	1752	67855	4125	2244	0	75976
17119	1698	70815	2135	2277	0	76925
17120	1607	3859	1505	70374	0	77345
17121	69788	2116	1370	4063	0	77337
17122	3497	1465	68018	2962	0	75942
17123	2511	69908	3055	1995	0	77469
17124	1786	3328	1944	65668	0	72726
17125	1394	69267	1197	3435	0	75293
17126	1357	3508	1167	64492	0	70524
17127	1274	67529	1028	3544	0	73375
17128	1269	2966	793	63616	0	68644
17129	60392	1943	771	3272	0	66378
17130	2560	55560	746	2030	0	60896
17131	1110	2411	563	46798	0	50882
17132	44521	1267	590	2119	0	48497
17133	1785	45034	468	1387	0	48674
17134	848	40687	360	935	0	42830
17135	919	40651	350	928	0	42848
17136	1187	1513	325	36998	0	40023
17137	279	856	507	36429	0	38071
17138	289	35909	213	1447	0	37858
17139	250	1279	239	36940	0	38708
17140	367	800	35351	1281	0	37799
17141	266	36093	790	606	0	37755
17142	178	1962	413	32819	0	35372
17143	299	34233	253	758	0	35543
17144	320	955	31857	430	0	33562
17145	247	32822	556	343	0	33968
17146	27009	266	190	163	0	27628
17147	135	103	16	26161	0	26415
17148	26472	19	21	150	0	26662
17149	156	34	26144	55	0	26389
17150	54	19	133	26365	0	26571
17151	37	26	27306	150	0	27519
17152	16	16	145	26748	0	26925
17153	28622	17	46	158	0	28843
17154	142	17	26	28299	0	28484
17155	28689	13	16	249	0	28967
17156	146	28347	38	104	0	28635
17157	28453	135	19	32	0	28639
17158	161	73	28677	25	0	28936
17159	57	28354	167	40	0	28618
17160	26	143	41	30147	0	30357
17161	18	61	15	30082	0	30176
17162	22	41	29373	192	0	29628
17163	14	28801	144	101	0	29060
17164	13	142	49	30192	0	30396
17165	13	29537	37	150	0	29737
17166	17	169	13	30055	0	30254
17167	14	29456	16	134	0	29620
17168	29667	157	16	62	0	29902
17169	137	65	8	30026	0	30236
17170	67	46	30102	153	0	30368
17171	20	29709	144	107	0	29980
17172	11	31304	49	45	0	31409
17173	79	192	30970	24	0	31265
17174	8	30731	138	35	0	30912
17175	8	132	38	31855	0	32033
17176	30	64	32785	121	0	33000
17177	8	40	125	31219	0	31392
17178	5	193	45	32582	0	32825
17179	14	32	32742	169	0	32957
17180	30034	30	145	78	0	30287
17181	122	12	49	34134	0	34317
17182	70	44	36940	142	0	37196
17183	14	36368	156	96	0	36634
17184	38638	138	53	24	0	38853
17185	143	36681	54	50	0	36928
17186	54	163	6	38550	0	38773
17187	38093	58	21	153	0	38325
17188	158	37	6	37673	0	37874
17189	69	27	38447	171	0	38714
17190	25	24	164	37710	0	37923
17191	25	31	38270	175	0	38501
17192	36767	21	187	83	0	37058
17193	176	26	38822	43	0	39067
17194	38327	13	181	33	0	38554
17195	38343	19	76	35	0	38473
17196	229	35	39117	31	0	39412
17197	104	52	36956	35	0	37147
17198	40	37402	247	38	0	37727
17199	40405	166	86	20	0	40677
17200	176	73	45	41569	0	41863
17201	73	40	31	41639	0	41783
17202	46321	15	24	237	0	46597
17203	46844	21	25	185	0	47075
17204	47140	17	39	48	0	47244
17205	46631	18	28	38	0	46715
17206	253	25	21	45311	0	45610
17207	46465	17	20	186	0	46688
17208	186	19	24	46131	0	46360
17209	84	23	27	45669	0	45803
17210	58	23	23	46873	0	46977
17211	51	41	45845	273	0	46210
17212	35	43317	188	132	0	43672
17213	40	44586	97	83	0	44806
17214	34	234	37	46634	0	46939
17215	46778	91	39	192	0	47100
17216	205	52	20	45685	0	45962
17217	46158	33	33	235	0	46459
17218	233	47	47327	199	0	47806
17219	44750	32	188	75	0	45045
17220	215	27	85	48676	0	49003
17221	50673	27	48	217	0	50965
17222	48631	20	29	133	0	48813
17223	49265	21	36	72	0	49394
17224	282	31	28	49024	0	49365
17225	157	51	48656	216	0	49080
17226	86	33	194	47334	0	47647
17227	49733	12	96	244	0	50085
17228	290	56	54273	114	0	54733
17229	135	41	274	56447	0	56897
17230	60423	17	128	342	0	60910
17231	412	62	59664	149	0	60287
17232	62106	25	374	112	0	62617
17233	66718	29	148	75	0	66970
17234	684	31	75	66674	0	67464
17235	256	31	48	67690	0	68025
17236	68373	20	52	808	0	69253
17237	676	25	42	69899	0	70642
17238	69507	25	51	1007	0	70590
17239	892	68035	91	370	0	69388
17240	283	69339	58	241	0	69921
17241	192	1033	16	69842	0	71083
17242	161	390	69121	948	0	70620
17243	95	68599	859	369	0	69922
17244	69546	939	241	278	0	71004
17245	849	66453	200	184	0	67686
17246	295	1020	67848	107	0	69270
17247	217	316	877	64447	0	65857
17248	170	288	69177	977	0	70612
17249	90	68013	1018	394	0	69515
17250	115	915	297	70262	0	71589
17251	77	67327	262	984	0	68650
17252	165	1016	68773	270	0	70224
17253	83	337	926	66462	0	67808
17254	107	244	70136	1003	0	71490
17255	85	152	1014	68196	0	69447
17256	70400	87	355	1117	0	71959
17257	972	154	68566	370	0	70062
17258	64043	82	1006	266	0	65397
17259	1100	115	66910	198	0	68323
17260	364	78	1060	65187	0	66689
17261	238	94	68650	1055	0	70037
17262	174	88	1118	67457	0	68837
17263	134	86	383	68686	0	69289
17264	143	81	242	68070	0	68536
17265	100	92	178	68966	0	69336
17266	136	99	71535	1417	0	73187
17267	66796	88	988	614	0	68486
17268	987	51	340	76975	0	78353
17269	77475	55	258	1201	0	78989
17270	78223	62	177	474	0	78936
17271	79117	84	149	348	0	79698
17272	1483	81	151	79030	0	80745
17273	586	106	135	80474	0	81301
17274	329	87457	193	1480	0	89459
17275	100116	1649	144	625	0	102534
17276	106204	644	153	459	0	107460
17277	107091	421	130	341	0	107983
17278	4029	321	104152	335	0	108837
17279	1858	312	2522	103740	0	108432
17280	1182	204	103684	2733	0	107803
17281	101361	110	3037	1178	0	105686
17282	103293	96	1341	732	0	105462
17283	3710	128	751	100167	0	104756
17284	1756	155	533	98067	0	100511
17285	1123	99876	398	3338	0	104735
17286	102940	2460	266	1526	0	107192
17287	103519	1000	226	1024	0	105769
17288	3820	100106	286	773	0	104985
17289	103997	2768	252	521	0	107538
17290	3603	1300	213	102670	0	107786
17291	1884	680	264	105333	0	108161
17292	105607	459	260	3699	0	110025
17293	3378	365	100832	1798	0	106373
17294	101309	250	2471	1217	0	105247
17295	104745	207	1197	921	0	107070
17296	4039	99644	701	763	0	105147
17297	105199	2533	463	537	0	108732
17298	3897	1178	100322	439	0	105836
17299	2160	732	2549	101369	0	106810
17300	102227	512	1139	2822	0	106700
17301	3596	374	666	101687	0	106323
17302	1920	356	95849	3368	0	101493
17303	1320	230	2766	93645	0	97961
17304	1064	99468	1432	3638	0	105602
17305	988	2519	801	105108	0	109416
17306	925	1118	589	106941	0	109573
17307	816	714	498	106581	0	108609
17308	774	548	365	108072	0	109759
17309	777	507	101712	4885	0	107881
17310	747	453	2519	104769	0	108488
17311	103106	332	1189	4209	0	108836
17312	3105	100453	801	2330	0	106689
17313	1632	2707	559	106326	0	111224
17314	1328	1338	103390	3634	0	109690
17315	980	745	2740	106398	0	110863
17316	107391	535	1288	3902	0	113116
17317	106589	418	842	2199	0	110048
17318	103835	367	742	1510	0	106454
17319	4814	314	602	104826	0	110556
17320	2817	319	101583	3456	0	108175
17321	1998	99594	2781	1947	0	106320
17322	105205	2687	1334	1360	0	110586
17323	3603	1249	987	103192	0	109031
17324	2052	722	798	106107	0	109679
17325	1635	607	101814	4474	0	108530
17326	1422	98105	2909	2517	0	104953
17327	1335	104108	1415	2015	0	108873
17328	1137	3840	891	99593	0	105461
17329	1103	1727	93841	3745	0	100416
17330	88632	1134	2879	2146	0	94791
17331	3465	971	90429	1534	0	96399
17332	84601	652	2739	1339	0	89331
17333	3505	88342	1540	1401	0	94788
17334	2128	2497	87771	1179	0	93575
17335	85607	1214	2736	1047	0	90604
17336	3415	86976	1630	1051	0	93072
17337	90986	2527	836	829	0	95178
17338	3412	1452	87874	916	0	93654
17339	2137	87262	2359	972	0	92730
17340	91745	2474	1491	801	0	96511
17341	3382	1433	87939	850	0	93604
17342	88785	827	2442	792	0	92846
17343	3275	704	1545	87974	0	93498
17344	90253	578	1014	2614	0	94459
17345	3323	527	877	89113	0	93840
17346	90276	541	658	3064	0	94539
17347	3276	533	87747	2026	0	93582
17348	1936	442	2301	89642	0	94321
17349	1319	495	1337	90754	0	93905
17350	1134	693	88158	3845	0	93830
17351	964	544	2518	87735	0	91761
17352	762	83931	1733	3352	0	89778
17353	743	2190	1020	96502	0	100455
17354	814	1253	905	101226	0	104198
17355	912	796	700	111331	0	113739
17356	954	686	106339	5122	0	113101
17357	105977	598	3131	2957	0	112663
17358	3747	505	1642	116234	0	122128
17359	2066	461	115652	4571	0	122750
17360	116891	380	3827	2559	0	123657
17361	120707	458	1949	1650	0	124764
17362	126041	472	1125	1385	0	129023
17363	6229	512	914	122550	0	130205
17364	3191	572	777	137448	0	141988
17365	2077	507	795	134442	0	137821
17366	1548	129669	772	7283	0	139272
17367	130554	4672	711	3709	0	139646
17368	132688	2032	718	2629	0	138067
17369	7021	1060	635	130012	0	138728
17370	3706	883	123935	5956	0	134480
17371	2303	769	125655	3146	0	131873
17372	1693	118632	6731	2008	0	129064
17373	1398	126290	2908	1994	0	132590
17374	111582	6382	1938	1694	0	121596
17375	3977	107471	874	863	0	113185
17376	104695	3642	489	508	0	109334
17377	104987	1410	298	515	0	107210
17378	105086	695	264	531	0	106576
17379	5153	502	292	103512	0	109459
17380	2299	370	296	112531	0	115496
17381	114368	326	318	5112	0	120124
17382	4610	366	287	118348	0	123611
17383	1987	424	114384	5046	0	121841
17384	117756	406	4059	2023	0	124244
17385	4916	438	1388	116417	0	123159
17386	2150	475	721	120353	0	123699
17387	1478	422	452	124000	0	126352
17388	1196	512	115545	6507	0	123760
17389	111175	372	4308	2936	0	118791
17390	5120	381	115141	1764	0	122406
17391	2119	459	4856	115691	0	123125
17392	1593	475	115979	5344	0	123391
17393	1306	447	5252	114525	0	121530
17394	1124	453	1984	120095	0	123656
17395	1105	500	117584	6750	0	125939
17396	1154	452	5133	111142	0	117881
17397	1050	116971	2007	5442	0	125470
17398	119193	4660	1151	2509	0	127513
17399	122664	1637	822	1818	0	126941
17400	6671	928	699	120649	0	128947
17401	2978	584	118297	5805	0	127664
17402	1905	112935	4846	2848	0	122534
17403	1454	121978	1964	2013	0	127409
17404	115602	5688	1257	1741	0	124288
17405	5471	2138	111796	1657	0	121062
17406	114454	1048	5048	1558	0	122108
17407	5891	664	2070	114653	0	123278
17408	2534	503	1507	119955	0	124499
17409	113397	539	1075	7268	0	122279
17410	5478	112017	1124	3588	0	122207
17411	2705	4655	113123	2360	0	122843
17412	1769	1791	5163	112976	0	121699
17413	1390	1095	114597	6128	0	123210
17414	1297	113488	5814	3010	0	123609
17415	1228	5171	2671	116415	0	125485
17416	114135	2010	1626	6189	0	123960
17417	117476	1208	1519	3008	0	123211
17418	7021	897	111672	2444	0	122034
17419	3212	112042	5145	1978	0	122377
17420	113235	5013	2270	1785	0	122303
17421	5864	113316	1495	1822	0	122497
17422	2886	5791	1162	113612	0	123451
17423	113682	2481	1200	5723	0	123086
17424	6045	1564	1014	115459	0	124082
17425	3004	1145	111023	6615	0	121787
17426	2084	1046	5337	115546	0	124013
17427	1722	1163	112507	6704	0	122096
17428	1725	1113	5680	114499	0	123017
17429	113920	919	2419	6701	0	123959
17430	5914	112377	1852	3315	0	123458
17431	115741	5244	1531	2263	0	124779
17432	6575	2379	1247	113456	0	123657
17433	2926	1646	1153	117776	0	123501
17434	2190	1376	108883	7765	0	120214
17435	1867	1254	113455	3689	0	120265
17436	1732	111027	6612	2795	0	122166
17437	1741	5231	112588	2243	0	121803
17438	103248	2145	6414	2059	0	113866
17439	5644	109488	3015	1893	0	120040
17440	2659	115462	1974	2124	0	122219
17441	2184	118219	1424	1872	0	123699
17442	1966	7495	1089	113731	0	124281
17443	1855	3300	112766	6105	0	124026
17444	1644	114798	5586	3411	0	125439
17445	1658	5963	2465	106369	0	116455
17446	1457	116249	1847	5676	0	125229
17447	115545	6008	1672	3002	0	126227
17448	119735	2694	1469	2412	0	126310
17449	7052	1839	1451	116042	0	126384
17450	3222	1443	1410	119174	0	125249
17451	111334	1342	1342	7704	0	121722
17452	5684	108204	1389	3863	0	119140
17453	2598	113739	1269	2548	0	120154
17454	1716	6346	1001	105501	0	114564
17455	1375	2490	94564	5503	0	103932
17456	1087	95080	4436	2607	0	103210
17457	89913	4589	1863	1744	0	98109
17458	4029	88809	1360	1514	0	95712
17459	1758	90029	1076	1214	0	94077
17460	84449	5042	1008	899	0	91398
17461	3867	87055	863	1042	0	92827
17462	1712	4475	81379	1235	0	88801
17463	1284	85026	3333	1189	0	90832
17464	72892	2894	1155	586	0	77527
17465	2235	71604	571	509	0	74919
17466	71947	2811	675	695	0	76128
17467	2461	1204	465	70296	0	74426
17468	939	912	400	73493	0	75744
17469	863	727	70758	2757	0	75105
17470	633	70722	1996	1176	0	74527
17471	569	2375	675	74161	0	77780
17472	72793	1068	479	2438	0	76778
17473	73434	816	370	1022	0	75642
17474	2638	72239	511	783	0	76171
17475	1023	2427	409	72968	0	76827
17476	72579	1080	356	2352	0	76367
17477	73789	969	489	909	0	76156
17478	2990	800	69550	688	0	74028
17479	1166	766	64555	505	0	66992
17480	757	670	62786	552	0	64765
17481	399	59314	1841	468	0	62022
17482	57067	1419	1269	300	0	60055
17483	1344	55456	414	252	0	57466
17484	56080	1361	383	215	0	58039
17485	1320	58107	214	207	0	59848
17486	703	1344	159	60192	0	62398
17487	60707	609	163	1125	0	62604
17488	1360	434	59484	420	0	61698
17489	58899	361	1044	251	0	60555
17490	61928	309	456	197	0	62890
17491	1328	60015	391	272	0	62006
17492	495	61594	350	168	0	62607
17493	64584	1128	295	185	0	66192
17494	1158	549	66415	172	0	68294
17495	63409	516	932	112	0	64969
17496	65392	196	306	89	0	65983
17497	1124	192	144	63906	0	65366
17498	65907	192	109	785	0	66993
17499	1007	207	87	66419	0	67720
17500	445	190	93	68079	0	68807
17501	309	169	88	66579	0	67145
17502	318	64127	117	1017	0	65579
17503	66881	829	142	398	0	68250
17504	67850	315	142	245	0	68552
17505	1105	210	118	66998	0	68431
17506	460	206	117	66224	0	67007
17507	342	64528	135	974	0	65979
17508	66732	891	120	386	0	68129
17509	1006	403	64329	252	0	65990
17510	477	277	776	65815	0	67345
17511	396	237	64073	909	0	65615
17512	298	188	816	64234	0	65536
17513	355	211	64133	963	0	65662
17514	293	206	860	62152	0	63511
17515	64022	175	313	997	0	65507
17516	1007	231	64027	424	0	65689
17517	62206	172	868	300	0	63546
17518	1048	64206	415	442	0	66111
17519	484	863	245	67988	0	69580
17520	358	380	214	69144	0	70096
17521	71394	231	147	1130	0	72902
17522	1024	238	156	75138	0	76556
17523	543	240	77720	1049	0	79552
17524	75049	187	784	490	0	76510
17525	79180	204	310	374	0	80068
17526	79014	168	183	336	0	79701
17527	79086	158	156	318	0	79718
17528	1302	74560	206	325	0	76393
17529	564	747	173	78714	0	80198
17530	78634	282	142	926	0	79984
17531	1037	213	144	76809	0	78203
17532	76875	194	190	968	0	78227
17533	1130	194	73995	404	0	75723
17534	615	191	73523	334	0	74663
17535	406	1176	922	67959	0	70463
17536	366	70392	397	783	0	71938
17537	293	73170	236	467	0	74166
17538	73067	695	179	436	0	74377
17539	925	239	72475	268	0	73907
17540	63157	281	594	280	0	64312
17541	726	69909	303	250	0	71188
17542	72777	526	156	198	0	73657
17543	728	227	118	70713	0	71786
17544	417	169	71106	655	0	72347
17545	338	112	517	70116	0	71083
17546	268	123	206	71000	0	71597
17547	251	68691	173	784	0	69899
17548	242	71158	192	416	0	72008
17549	262	629	149	72183	0	73223
17550	451	71014	167	666	0	72298
17551	299	639	70561	298	0	71797
17552	317	336	68569	272	0	69494
17553	63281	193	667	251	0	64392
17554	70597	152	260	217	0	71226
17555	783	67636	216	264	0	68899
17556	384	556	164	69178	0	70282
17557	285	233	153	70273	0	70944
17558	314	161	69424	730	0	70629
17559	224	150	560	64059	0	64993
17560	213	65863	313	703	0	67092
17561	236	609	65009	339	0	66193
17562	242	298	64192	234	0	64966
17563	247	58275	806	316	0	59644
17564	328	613	62963	173	0	64077
17565	241	281	584	61816	0	62922
17566	254	216	264	59694	0	60428
17567	271	168	64803	727	0	65969
17568	255	149	562	63116	0	64082
17569	181	60646	315	777	0	61919
17570	181	65100	236	387	0	65904
17571	162	735	137	65502	0	66536
17572	261	268	65505	743	0	66777
17573	169	64813	801	395	0	66178
17574	128	884	198	68607	0	69817
17575	147	326	66419	672	0	67564
17576	62504	154	618	243	0	63519
17577	67618	95	201	173	0	68087
17578	68236	108	135	168	0	68647
17579	748	86	130	65466	0	66430
17580	240	77	118	66989	0	67424
17581	209	89	68258	833	0	69389
17582	133	88	586	66452	0	67259
17583	88	124	171	69746	0	70129
17584	121	139	67733	790	0	68783
17585	55102	106	652	365	0	56225
17586	593	61238	268	230	0	62329
17587	64342	581	155	126	0	65204
17588	622	61828	140	183	0	62773
17589	201	626	70	63762	0	64659
17590	185	214	62704	605	0	63708
17591	110	203	558	59950	0	60821
17592	107	133	60920	850	0	62010
17593	48228	185	614	340	0	49367
17594	448	75	55772	175	0	56470
17595	127	87	544	52789	0	53547
17596	152	72	55790	549	0	56563
17597	116	54443	654	284	0	55497
17598	182	547	209	61527	0	62465
17599	194	157	160	60978	0	61489
17600	197	110	80	63370	0	63757
17601	164	100	61826	1093	0	63183
17602	117	108	62839	499	0	63563
17603	58	72	967	63081	0	64178
17604	81	70	371	80213	0	80735
17605	88	213	229	89676	0	90206
17606	92527	53	196	2637	0	95413
17607	2079	73	150	96893	0	99195
17608	989	179	99203	2682	0	103053
17609	106147	111	2314	1204	0	109776
17610	2830	149	1013	111446	0	115438
17611	115631	103	517	3152	0	119403
17612	117370	81	306	1539	0	119296
17613	4709	53	286	117633	0	122681
17614	118247	38	322	3449	0	122056
17615	119461	54	282	1678	0	121475
17616	4579	136	113900	913	0	119528
17617	1992	114946	3008	691	0	120637
17618	1059	2929	1300	109360	0	114648
17619	599	1265	631	119316	0	121811
17620	116758	555	374	4398	0	122085
17621	115186	272	342	2170	0	117970
17622	114314	157	352	1361	0	116184
17623	5168	169	101814	944	0	108095
17624	2512	104216	3091	804	0	110623
17625	106499	2973	1449	757	0	111678
17626	3731	107249	783	796	0	112559
17627	109163	3523	455	704	0	113845
17628	4122	1467	415	108682	0	114686
17629	108854	787	406	3616	0	113663
17630	110205	450	344	1913	0	112912
17631	111847	303	347	1323	0	113820
17632	5658	321	106977	883	0	113839
17633	110033	237	3032	879	0	114181
17634	4764	109551	1449	804	0	116568
17635	114894	3202	802	689	0	119587
17636	115585	1536	508	825	0	118454
17637	117699	852	471	703	0	119725
17638	6063	574	406	108219	0	115262
17639	3126	111021	518	3438	0	118103
17640	114301	3401	402	1849	0	119953
17641	4723	1629	109231	1296	0	116879
17642	2943	111556	3171	1059	0	118729
17643	2396	3619	1428	99426	0	106869
17644	2010	111179	879	2894	0	116962
17645	112853	3900	646	1400	0	118799
17646	116490	1949	640	980	0	120059
17647	5838	1277	450	114258	0	121823
17648	3507	821	109196	4179	0	117703
17649	2349	111036	3337	2378	0	119100
17650	2485	3998	2301	86283	0	95067
17651	1835	1959	1244	109967	0	115005
17652	1828	1157	927	119153	0	123065
17653	117683	814	795	5728	0	125020
17654	120179	812	701	2804	0	124496
17655	121128	822	643	1850	0	124443
17656	123283	820	578	1397	0	126078
17657	7097	920	524	118670	0	127211
17658	4223	761	117108	4739	0	126831
17659	2941	825	3756	121605	0	129127
17660	2636	715	1805	123951	0	129107
17661	2605	711	1104	125231	0	129651
17662	2720	871	892	126526	0	131009
17663	122076	681	939	7350	0	131046
17664	6097	702	1216	123097	0	131112
17665	122612	741	1013	6005	0	130371
17666	125525	708	1022	3754	0	131009
17667	8402	919	117371	2804	0	129496
17668	5539	707	116542	2510	0	125298
17669	4423	700	120236	2704	0	128063
17670	4080	1043	5624	116480	0	127227
17671	3811	921	117841	5301	0	127874
17672	3380	1062	4824	115733	0	124999
17673	3032	1280	2524	118761	0	125597
17674	117481	1121	1453	7233	0	127288
17675	6671	936	1052	114204	0	122863
17676	5245	116560	1122	5746	0	128673
17677	120504	3931	1316	3389	0	129140
17678	6949	120599	1367	2529	0	131444
17679	4842	4684	120758	2233	0	132517
17680	3579	123571	4443	2292	0	133885
17681	123135	5091	2530	1819	0	132575
17682	6621	2960	1644	122835	0	134060
17683	5127	1903	119330	5273	0	131633
17684	122798	1486	4272	3438	0	131994
17685	7363	1371	2192	123315	0	134241
17686	5603	1273	121025	5082	0	132983
17687	4539	1408	4379	123800	0	134126
17688	3885	1328	2676	125819	0	133708
17689	3984	1452	1725	124188	0	131349
17690	3872	122566	1466	6325	0	134229
17691	126923	4447	1404	3390	0	136164
17692	7038	2584	1383	122611	0	133616
17693	4927	123115	1164	5305	0	134511
17694	3886	4896	1053	127250	0	137085
17695	3572	3125	122236	5736	0	134669
17696	3548	123233	4405	3526	0	134712
17697	123362	4854	2634	2651	0	133501
17698	121986	3167	1683	2153	0	128989
17699	6399	2289	1231	117860	0	127779
17700	4062	2014	1027	121138	0	128241
17701	119697	1537	1110	5943	0	128287
17702	114923	1310	1314	3617	0	121164
17703	6180	116078	1334	3033	0	126625
17704	99186	3108	886	1613	0	104793
17705	4042	1432	90312	1481	0	97267
17706	2365	894	87372	1170	0	91801
17707	1449	83331	2746	1298	0	88824
17708	929	82011	1534	1070	0	85544
17709	73337	1997	2242	625	0	78201
17710	1716	72196	456	577	0	74945
17711	71950	1328	217	331	0	73826
17712	70670	554	215	358	0	71797
17713	69664	313	255	371	0	70603
17714	1664	300	199	68390	0	70553
17715	69803	241	205	1337	0	71586
17716	1553	242	67071	639	0	69505
17717	781	284	66917	491	0	68473
17718	564	66632	1392	555	0	69143
17719	543	1068	68494	379	0	70484
17720	480	496	1297	65312	0	67585
17721	442	316	69518	1422	0	71698
17722	514	323	68564	640	0	70041
17723	386	268	1463	68083	0	70200
17724	69984	246	692	1288	0	72210
17725	69985	259	421	642	0	71307
17726	1627	275	72087	453	0	74442
17727	70845	212	1241	439	0	72737
17728	1496	269	73846	376	0	75987
17729	72721	217	1330	358	0	74626
17730	77208	234	631	340	0	78413
17731	1699	234	468	75935	0	78336
17732	867	214	348	73302	0	74731
17733	610	70827	395	1511	0	73343
17734	491	72966	319	743	0	74519
17735	449	1313	348	72897	0	75007
17736	438	560	306	73685	0	74989
17737	71284	369	258	1442	0	73353
17738	1251	69896	290	759	0	72196
17739	70241	1079	286	470	0	72076
17740	1244	69250	320	449	0	71263
17741	634	1278	68267	293	0	70472
17742	499	531	1088	68098	0	70216
17743	68692	338	440	1247	0	70717
17744	71256	265	328	581	0	72430
17745	1680	72168	284	474	0	74606
17746	737	75733	260	364	0	77094
17747	506	77309	254	318	0	78387
17748	404	2075	228	83598	0	86305
17749	487	821	82723	1979	0	86010
17750	354	82476	1958	697	0	85485
17751	357	1792	823	82928	0	85900
17752	222	575	265	85909	0	86971
17753	279	342	83145	2238	0	86004
17754	312	291	82354	738	0	83695
17755	81324	202	2277	429	0	84232
17756	2114	222	85682	428	0	88446
17757	84177	204	2008	260	0	86649
17758	84061	215	624	182	0	85082
17759	84476	220	357	204	0	85257
17760	84092	186	295	256	0	84829
17761	2639	322	79453	225	0	82639
17762	903	79749	1821	268	0	82741
17763	559	1919	560	82917	0	85955
17764	496	627	81452	1982	0	84557
17765	364	478	1945	80185	0	82972
17766	357	79600	846	2058	0	82861
17767	416	1911	418	85797	0	88542
17768	416	640	365	86977	0	88398
17769	401	416	335	86663	0	87815
17770	85109	302	296	2669	0	88376
17771	2189	383	343	85997	0	88912
17772	867	283	305	87211	0	88666
17773	558	281	391	86419	0	87649
17774	428	81564	452	2700	0	85144
17775	82529	1977	363	994	0	85863
17776	2117	77314	442	733	0	80606
17777	706	78895	343	492	0	80436
17778	559	2307	366	79279	0	82511
17779	517	787	334	80186	0	81824
17780	78640	409	316	2645	0	82010
17781	2206	300	345	79604	0	82455
17782	79052	266	315	2442	0	82075
17783	96519	262	329	1056	0	98166
17784	3996	323	341	95736	0	100396
17785	1684	289	369	96250	0	98592
17786	828	95902	387	4497	0	101614
17787	99151	3465	308	2003	0	104927
17788	3748	101880	370	1244	0	107242
17789	103663	4218	438	710	0	109029
17790	4627	1792	99050	705	0	106174
17791	99936	877	3653	736	0	105202
17792	106835	545	1424	739	0	109543
17793	5647	446	686	102768	0	109547
17794	2506	524	100250	4525	0	107805
17795	1345	101390	3967	2277	0	108979
17796	889	4349	1564	106201	0	113003
17797	962	1966	102897	4975	0	110800
17798	802	965	4211	105154	0	111132
17799	102944	642	1749	5290	0	110625
17800	4933	587	98976	2387	0	106883
17801	2099	98742	4286	1485	0	106612
17802	1320	104428	1771	1075	0	108594
17803	1171	5634	966	88254	0	96025
17804	861	100862	693	3939	0	106355
17805	101702	4794	675	1703	0	108874
17806	103212	2232	489	1176	0	107109
17807	104930	1080	486	999	0	107495
17808	6401	919	94310	860	0	102490
17809	98925	771	4119	925	0	104740
17810	5249	807	1662	96586	0	104304
17811	2437	706	907	99514	0	103564
17812	1402	712	654	100916	0	103684
17813	1146	678	779	102214	0	104817
17814	1152	677	93751	6723	0	102303
17815	1140	695	95384	3101	0	100320
17816	1041	663	94957	1881	0	98542
17817	89017	639	5850	1443	0	96949
17818	4828	91164	2452	1462	0	99906
17819	2236	4506	1248	92358	0	100348
17820	91491	1998	774	5023	0	99286
17821	4798	92254	750	2702	0	100504
17822	2371	97062	776	1626	0	101835
17823	93749	5841	731	1167	0	101488
17824	95882	2524	754	1087	0	100247
17825	6092	93849	893	1210	0	102044
17826	2960	4735	636	86633	0	94964
17827	1796	90840	635	4606	0	97877
17828	90398	4814	617	2312	0	98141
17829	91024	2296	652	1508	0	95480
17830	91148	1431	602	1278	0	94459
17831	6692	85856	670	1309	0	94527
17832	3013	4504	624	88668	0	96809
17833	1921	2262	85738	5097	0	95018
17834	1564	1377	4161	87890	0	94992
17835	1404	1103	1783	92458	0	96748
17836	1446	1267	85027	6351	0	94091
17837	84440	978	4360	2985	0	92763
17838	5062	993	1879	88379	0	96313
17839	2665	1045	1057	88194	0	92961
17840	1869	86565	805	6110	0	95349
17841	87441	4635	712	2993	0	95781
17842	5196	2583	659	84843	0	93281
17843	2671	85876	719	5308	0	94574
17844	82016	4412	715	2647	0	89790
17845	4776	81403	652	1903	0	88734
17846	77804	4546	577	1425	0	84352
17847	5072	2038	74972	1346	0	83428
17848	2335	1216	67616	1051	0	72218
17849	1452	827	65495	1003	0	68777
17850	1040	65187	4657	1030	0	71914
17851	1374	3632	2461	58196	0	65663
17852	1211	64318	1063	2976	0	69568
17853	64640	3672	866	1742	0	70920
17854	3611	1959	63338	1213	0	70121
17855	62857	1268	3258	874	0	68257
17856	65210	1028	1713	760	0	68711
17857	4861	871	1005	62189	0	68926
17858	64626	845	781	3366	0	69618
17859	4248	791	786	64264	0	70089
17860	2297	860	62132	3743	0	69032
17861	62099	816	3176	1926	0	68017
17862	3739	61565	1677	1268	0	68249
17863	2120	3275	1014	63455	0	69864
17864	63805	1810	726	3388	0	69729
17865	3874	1135	622	63961	0	69592
17866	2271	828	60489	4012	0	67600
17867	1465	674	3162	61977	0	67278
17868	1177	61016	1678	3861	0	67732
17869	62689	3227	916	2010	0	68842
17870	3591	1695	705	62692	0	68683
17871	62919	1108	627	3658	0	68312
17872	3978	707	494	62999	0	68178
17873	2138	648	560	61984	0	65330
17874	1441	60774	575	4579	0	67369
17875	60285	3180	533	2207	0	66205
17876	3596	62878	464	1571	0	68509
17877	1839	3603	511	58231	0	64184
17878	1225	60260	446	3540	0	65471
17879	60461	3444	413	1910	0	66228
17880	60636	1785	407	1340	0	64168
17881	60390	1041	395	1159	0	62985
17882	4691	56513	523	1012	0	62739
17883	861	39911	199	405	0	41376
17884	39959	1725	153	385	0	42222
17885	1645	40373	165	428	0	42611
17886	761	1561	305	37508	0	40135
17887	584	515	35420	1214	0	37733
17888	32136	247	721	430	0	33534
17889	34275	219	304	237	0	35035
17890	33772	212	100	171	0	34255
17891	1161	32817	75	210	0	34263
17892	32283	714	37	109	0	33143
17893	869	386	32154	127	0	33536
17894	326	31118	666	100	0	32210
17895	162	860	136	29482	0	30640
17896	81	29886	56	369	0	30392
17897	29307	315	127	82	0	29831
17898	307	30471	29	70	0	30877
17899	78	271	17	30667	0	31033
17900	58	30130	30	260	0	30478
17901	56	286	16	31677	0	32035
17902	36	83	29	31231	0	31379
17903	61	67	31333	339	0	31800
17904	44	44	254	30328	0	30670
17905	30955	53	66	319	0	31393
17906	30866	38	48	105	0	31057
17907	354	56	25	30975	0	31410
17908	149	53	30263	301	0	30766
17909	95	51	264	29854	0	30264
17910	30651	41	64	322	0	31078
17911	32518	42	57	113	0	32730
17912	32827	37	36	100	0	33000
17913	383	33378	53	69	0	33883
17914	35346	279	29	67	0	35721
17915	349	119	33632	55	0	34155
17916	37184	68	353	59	0	37664
17917	350	53	96	39039	0	39538
17918	138	51	65	39422	0	39676
17919	114	39	33	39997	0	40183
17920	39134	63	27	511	0	39735
17921	37823	34	44	224	0	38125
17922	457	55	32	38053	0	38597
17923	243	48	37823	403	0	38517
17924	154	39	336	37141	0	37670
17925	112	40	107	37780	0	38039
17926	135	47	37418	499	0	38099
17927	84	36014	338	276	0	36712
17928	86	351	120	38640	0	39197
17929	39208	124	68	409	0	39809
17930	406	95	44	39018	0	39563
17931	166	76	22	39614	0	39878
17932	39967	57	25	540	0	40589
17933	411	38041	46	269	0	38767
17934	197	38848	46	172	0	39263
17935	39792	444	28	121	0	40385
17936	472	201	38800	231	0	39704
17937	36246	115	356	112	0	36829
17938	499	113	41552	74	0	42238
17939	199	40791	419	113	0	41522
17940	43267	380	123	103	0	43873
17941	43099	128	77	92	0	43396
17942	43246	107	42	85	0	43480
17943	43208	76	30	90	0	43404
17944	609	102	42457	64	0	43232
17945	250	122	340	41500	0	42212
17946	43622	66	121	409	0	44218
17947	480	72	45044	156	0	45752
17948	212	259	44469	97	0	45037
17949	141	42796	467	82	0	43486
17950	45133	232	173	34	0	45572
17951	271	89	59	43846	0	44265
17952	44865	43	52	233	0	45193
17953	300	45083	57	249	0	45689
17954	119	253	29	50131	0	50532
17955	92	100	18	50073	0	50283
17956	63	56	17	51805	0	51941
17957	88	52	51792	664	0	52596
17958	64	50192	541	323	0	51120
17959	56289	610	175	128	0	57202
17960	786	195	69	56084	0	57134
17961	56170	89	50	802	0	57111
17962	55239	47	54	286	0	55626
17963	1033	51	27	55459	0	56570
17964	404	69	56696	860	0	58029
17965	200	39	728	56482	0	57449
17966	121	54737	291	858	0	56007
17967	94	709	126	57765	0	58694
17968	95	269	56246	908	0	57518
17969	55824	124	766	349	0	57063
17970	807	66	258	57683	0	58814
17971	57506	41	227	890	0	58664
17972	953	67	55820	321	0	57161
17973	53167	44	774	210	0	54195
17974	981	79	55916	109	0	57085
17975	52309	55	816	125	0	53305
17976	914	53389	341	118	0	54762
17977	355	55716	158	134	0	56363
17978	199	915	99	56909	0	58122
17979	155	370	96	55338	0	55959
17980	117	167	81	57177	0	57542
17981	57060	100	65	1099	0	58324
17982	792	72	63	57960	0	58887
17983	358	72	57375	968	0	58773
17984	55056	51	728	437	0	56272
17985	827	57963	319	287	0	59396
17986	60794	746	148	185	0	61873
17987	58533	289	114	170	0	59106
17988	1124	154	59274	190	0	60742
17989	502	131	776	57009	0	58418
17990	278	75	300	62516	0	63169
17991	241	102	63236	1151	0	64730
17992	175	60717	953	547	0	62392
17993	63838	892	346	303	0	65379
17994	63639	322	191	253	0	64405
17995	1235	193	121	63885	0	65434
17996	530	122	111	64215	0	64978
17997	302	100	99	67399	0	67900
17998	65028	82	127	1466	0	66703
17999	1056	65662	144	666	0	67528
18000	67966	1002	128	357	0	69453
18001	67063	350	122	270	0	67805
18002	1486	249	69632	204	0	71571
18003	662	178	1202	67669	0	69711
18004	421	70702	486	1285	0	72894
18005	336	1228	231	72795	0	74590
18006	272	548	167	76684	0	77671
18007	320	310	77320	1961	0	79911
18008	79974	184	1531	869	0	82558
18009	89568	128	575	513	0	90784
18010	92499	138	303	409	0	93349
18011	2907	153	235	90814	0	94109
18012	1120	222	205	89386	0	90933
18013	644	87238	424	2811	0	91117
18014	465	91215	255	1203	0	93138
18015	91157	2759	195	648	0	94759
18016	2404	87333	295	558	0	90590
18017	1068	2448	88254	366	0	92136
18018	600	940	2195	91368	0	95103
18019	93398	426	834	2562	0	97220
18020	2712	351	90624	1043	0	94730
18021	1158	371	89609	618	0	91756
18022	92255	244	3021	513	0	96033
18023	94316	289	1075	476	0	96156
18024	3330	281	545	92740	0	96896
18025	1418	323	91905	2683	0	96329
18026	840	350	2407	92957	0	96554
18027	802	368	92770	2963	0	96903
18028	718	425	92574	1360	0	95077
18029	650	94074	3077	825	0	98626
18030	96966	2378	1173	647	0	101164
18031	96668	918	768	587	0	98941
18032	3313	95027	624	742	0	99706
18033	1593	2550	492	96290	0	100925
18034	1116	1039	490	97714	0	100359
18035	925	625	488	100432	0	102470
18036	97672	541	506	3626	0	102345
18037	2761	95277	505	1743	0	100286
18038	96303	2505	484	1067	0	100359
18039	96360	1139	537	777	0	98813
18040	3638	784	90935	682	0	96039
18041	1704	91263	2557	611	0	96135
18042	1145	2547	1165	94744	0	99601
18043	988	1102	92903	2731	0	97724
18044	91840	693	2681	1331	0	96545
18045	95885	499	1212	951	0	98547
18046	95228	430	783	844	0	97285
18047	94394	379	704	773	0	96250
18048	3994	372	596	91443	0	96405
18049	1955	446	90322	2886	0	95609
18050	1320	388	2581	91736	0	96025
18051	92161	460	1200	3054	0	96875
18052	92308	421	814	1512	0	95055
18053	3562	88404	722	1031	0	93719
18054	88510	2252	597	773	0	92132
18055	3193	1020	86086	654	0	90953
18056	1717	682	85782	648	0	88829
18057	82682	543	2791	591	0	86607
18058	2979	84164	1247	658	0	89048
18059	1453	1880	554	79979	0	83866
18060	1094	81196	473	1980	0	84743
18061	1019	2085	375	84362	0	87841
18062	920	928	388	84392	0	86628
18063	878	638	421	87744	0	89681
18064	84865	525	435	2872	0	88697
18065	85863	494	433	1293	0	88083
18066	85902	491	459	808	0	87660
18067	3227	493	82190	683	0	86593
18068	79748	454	2167	641	0	83010
18069	2948	377	1059	85467	0	89851
18070	1625	330	725	88903	0	91583
18071	1316	321	86810	3192	0	91639
18072	1174	402	2358	94188	0	98122
18073	100070	352	1026	3350	0	104798
18074	3449	389	97893	1612	0	103343
18075	1644	316	2966	100459	0	105385
18076	101592	291	1254	3367	0	106504
18077	101319	370	893	1554	0	104136
18078	4437	410	99184	1054	0	105085
18079	2151	504	99909	814	0	103378
18080	1481	412	3605	101390	0	106888
18081	103203	395	1644	3253	0	108495
18082	103765	668	1019	1591	0	107043
18083	4202	473	755	95935	0	101365
18084	1992	100595	650	3171	0	106408
18085	102586	2817	600	1575	0	107578
18086	3576	102398	675	1289	0	107938
18087	1807	3028	590	105222	0	110647
18088	1535	1148	101742	3528	0	107953
18089	1357	775	99104	1666	0	102902
18090	1335	497	101581	1101	0	104514
18091	1215	393	3970	97190	0	102768
18092	1084	345	1740	102015	0	105184
18093	99684	299	1183	3915	0	105081
18094	3409	98197	850	2094	0	104550
18095	100303	2633	737	1380	0	105053
18096	3781	1105	672	93810	0	99368
18097	1891	96000	687	2950	0	101528
18098	1386	100737	669	1506	0	104298
18099	1183	3477	623	99198	0	104481
18100	97744	1339	637	3350	0	103070
18101	3357	97433	680	1736	0	103206
18102	93245	2645	603	1052	0	97545
18103	3200	94056	674	901	0	98831
18104	94297	2791	720	743	0	98551
18105	3456	1253	90407	699	0	95815
18106	1734	881	87529	635	0	90779
18107	1281	86249	2792	630	0	90952
18108	79006	2435	1922	675	0	84038
18109	1935	75426	585	435	0	78381
18110	802	72137	393	372	0	73704
18111	971	2046	304	72760	0	76081
18112	72276	861	382	1556	0	75075
18113	1654	71642	338	722	0	74356
18114	71358	1499	313	404	0	73574
18115	1691	70122	287	343	0	72443
18116	69387	1597	210	326	0	71520
18117	1677	67003	187	274	0	69141
18118	629	67943	167	261	0	69000
18119	646	1907	134	64953	0	67640
18120	339	66344	145	1138	0	67966
18121	66727	1513	135	459	0	68834
18122	1416	713	64211	392	0	66732
18123	648	496	1208	65067	0	67419
18124	476	343	65928	1368	0	68115
18125	313	297	1426	64960	0	66996
18126	362	257	510	67124	0	68253
18127	320	312	61024	1773	0	63429
18128	53717	235	1357	924	0	56233
18129	1476	57946	641	618	0	60681
18130	60977	1334	437	422	0	63170
18131	1682	59993	307	464	0	62446
18132	784	1577	282	60548	0	63191
18133	60475	675	254	1429	0	62833
18134	60201	570	319	617	0	61707
18135	61170	350	282	553	0	62355
18136	2075	367	229	58981	0	61652
18137	1056	434	208	59748	0	61446
18138	803	60939	263	1658	0	63663
18139	63496	1439	279	826	0	66040
18140	64393	663	264	538	0	65858
18141	63984	540	317	430	0	65271
18142	64172	430	283	412	0	65297
18143	2080	60880	377	398	0	63735
18144	1086	1435	357	63017	0	65895
18145	732	713	61350	1494	0	64289
18146	60857	547	1410	673	0	63487
18147	65804	433	619	633	0	67489
18148	2102	473	63358	405	0	66338
18149	1071	496	63218	417	0	65202
18150	766	504	1794	62463	0	65527
18151	553	479	744	66174	0	67950
18152	498	440	506	67989	0	69433
18153	65612	532	365	2223	0	68732
18154	1787	436	309	66258	0	68790
18155	863	461	63033	2069	0	66426
18156	657	427	1533	64611	0	67228
18157	566	421	65398	2040	0	68425
18158	545	411	1732	64086	0	66774
18159	534	391	651	70972	0	72548
18160	525	410	69259	2214	0	72408
18161	62916	431	1760	1187	0	66294
18162	1762	68634	731	745	0	71872
18163	71040	1881	431	496	0	73848
18164	2188	893	235	74215	0	77531
18165	72524	772	240	2051	0	75587
18166	2337	76353	239	1032	0	79961
18167	1134	84516	246	686	0	86582
18168	898	3781	229	91198	0	96106
18169	650	1521	92508	3031	0	97710
18170	600	1134	89805	1267	0	92806
18171	510	91682	3925	927	0	97044
18172	82140	2903	1499	461	0	87003
18173	2682	1234	862	82202	0	86980
18174	80655	641	639	2842	0	84777
18175	2966	78855	573	1193	0	83587
18176	1320	82733	451	729	0	85233
18177	1005	3713	333	82081	0	87132
18178	82183	1620	252	2888	0	86943
18179	83171	1032	187	1331	0	85721
18180	3938	784	79413	794	0	84929
18181	1764	724	77856	594	0	80938
18182	77639	566	3196	503	0	81904
18183	3094	78269	1462	515	0	83340
18184	79238	2665	897	353	0	83153
18185	3416	1154	621	77858	0	83049
18186	1646	871	74202	2621	0	79340
18187	71659	548	2692	1160	0	76059
18188	2957	72919	1302	720	0	77898
18189	1364	77178	809	553	0	79904
18190	1180	3466	576	75917	0	81139
18191	76751	1561	476	2827	0	81615
18192	2928	996	530	77108	0	81562
18193	79426	742	460	3131	0	83759
18194	3332	826	75596	1441	0	81195
18195	76442	684	2322	980	0	80428
18196	80522	520	956	923	0	82921
18197	4193	524	74475	687	0	79879
18198	73371	447	2541	669	0	77028
18199	3686	74546	1223	545	0	80000
18200	1984	2568	910	72348	0	77810
18201	1606	75549	696	2386	0	80237
18202	77070	2961	624	1039	0	81694
18203	3291	1425	638	72477	0	77831
18204	1735	73200	598	2727	0	78260
18205	1243	2982	487	74197	0	78909
18206	1032	74306	385	3157	0	78880
18207	934	3501	320	76899	0	81654
18208	75997	1595	338	3430	0	81360
18209	2979	1128	312	76658	0	81077
18210	1601	972	73457	3444	0	79474
18211	72408	802	2457	1934	0	77601
18212	3170	754	1099	75623	0	80646
18213	1669	637	73269	3459	0	79034
18214	1409	586	71309	1813	0	75117
18215	1197	554	74645	1373	0	77769
18216	1088	467	3937	71842	0	77334
18217	1022	462	1995	76729	0	80208
18218	903	517	1434	76955	0	79809
18219	863	475	1141	79040	0	81519
18220	76596	535	1030	4531	0	82692
18221	78701	512	952	2457	0	82622
18222	79820	540	744	1838	0	82942
18223	81407	599	623	1587	0	84216
18224	4527	587	543	78682	0	84339
18225	2592	617	79151	3628	0	85988
18226	81424	569	2520	1968	0	86481
18227	86001	640	1154	1440	0	89235
18228	4616	607	818	82939	0	88980
18229	2576	774	779	86095	0	90224
18230	86258	538	706	4278	0	91780
18231	3996	542	739	81238	0	86515
18232	2237	80374	785	3849	0	87245
18233	84730	2697	820	2255	0	90502
18234	84815	1262	774	1750	0	88601
18235	4635	962	84502	1514	0	91613
18236	2545	871	3049	85383	0	91848
18237	1967	768	1487	90431	0	94653
18238	87823	681	1128	4507	0	94139
18239	89301	659	896	2383	0	93239
18240	4815	762	692	87831	0	94100
18241	2757	675	85419	4047	0	92898
18242	2183	580	85292	2406	0	90461
18243	1873	481	3575	86390	0	92319
18244	1911	768	1707	89167	0	93553
18245	85785	452	1236	4486	0	91959
18246	3915	82478	1174	2606	0	90173
18247	2258	83470	1016	1965	0	88709
18248	1798	86554	954	1473	0	90779
18249	2050	3657	878	85429	0	92014
18250	84619	1731	829	3587	0	90766
18251	84048	1244	618	1980	0	87890
18252	4114	83017	490	1608	0	89229
18253	85607	3272	394	1306	0	90579
18254	3959	1626	388	84598	0	90571
18255	2232	1212	85937	3515	0	92896
18256	1887	924	2544	85700	0	91055
18257	1700	754	1094	89110	0	92658
18258	1430	720	803	89870	0	92823
18259	84070	467	663	4581	0	89781
18260	3317	630	599	81334	0	85880
18261	1921	79004	643	4000	0	85568
18262	78664	2412	864	2321	0	84261
18263	3100	76799	643	1764	0	82306
18264	1404	75006	558	1441	0	78409
18265	1297	76794	543	1201	0	79835
18266	1218	2617	66250	919	0	71004
18267	609	62922	1598	750	0	65879
18268	352	1142	54123	532	0	56149
18269	48288	308	631	202	0	49429
18270	51909	115	180	220	0	52424
18271	580	108	52497	183	0	53368
18272	49993	84	393	190	0	50660
18273	55118	79	125	171	0	55493
18274	568	124	54652	304	0	55648
18275	242	55312	399	193	0	56146
18276	195	458	96	59059	0	59808
18277	60274	137	75	452	0	60938
18278	459	109	74	58474	0	59116
18279	62388	110	69	475	0	63042
18280	60817	98	78	196	0	61189
18281	544	122	60585	155	0	61406
18282	59225	92	363	262	0	59942
18283	494	61173	147	188	0	62002
18284	64478	399	92	128	0	65097
18285	514	150	53	63477	0	64194
18286	226	128	64077	490	0	64921
18287	216	105	384	62204	0	62909
18288	63903	80	136	516	0	64635
18289	459	61429	132	288	0	62308
18290	253	465	62423	175	0	63316
18291	204	145	415	57604	0	58368
18292	255	113	62917	507	0	63792
18293	173	60619	465	250	0	61507
18294	64010	439	140	164	0	64753
18295	534	157	110	63271	0	64072
18296	234	152	64021	488	0	64895
18297	217	182	59445	211	0	60055
18298	62488	133	599	192	0	63412
18299	561	133	187	64747	0	65628
18300	230	145	104	64738	0	65217
18301	212	140	65856	584	0	66792
18302	227	137	65397	224	0	65985
18303	201	66714	667	223	0	67805
18304	206	536	209	71031	0	71982
18305	222	206	164	70386	0	70978
18306	207	67854	172	769	0	69002
18307	222	638	68691	288	0	69839
18308	63551	208	635	198	0	64592
18309	612	161	204	71302	0	72279
18310	287	124	73383	672	0	74466
18311	190	138	582	68814	0	69724
18312	189	68941	309	628	0	70067
18313	242	638	71040	278	0	72198
18314	66581	214	664	210	0	67669
18315	714	220	74312	183	0	75429
18316	272	209	72032	139	0	72652
18317	336	265	70264	135	0	71000
18318	180	157	76987	144	0	77468
18319	141	121	855	74396	0	75513
18320	195	103	83408	702	0	84408
18321	148	137	755	79321	0	80361
18322	113	80156	323	775	0	81367
18323	86952	716	214	262	0	88144
18324	899	216	137	86449	0	87701
18325	356	195	83111	951	0	84613
18326	187	80645	992	611	0	82435
18327	130	845	302	85198	0	86475
18328	84117	279	327	941	0	85664
18329	834	82698	204	355	0	84091
18330	304	868	140	87067	0	88379
18331	88638	267	162	937	0	90004
18332	961	207	85730	365	0	87263
18333	85352	116	891	288	0	86647
18334	1011	125	88024	138	0	89298
18335	82382	98	912	129	0	83521
18336	83413	78	338	116	0	83945
18337	1095	118	81800	129	0	83142
18338	354	79216	806	142	0	80518
18339	189	701	298	82321	0	83509
18340	187	269	83666	789	0	84911
18341	147	157	794	78788	0	79886
18342	150	94	308	82804	0	83356
18343	140	98	84474	1049	0	85761
18344	166	153	82435	388	0	83142
18345	128	105	1002	83360	0	84595
18346	86730	74	395	876	0	88075
18347	859	81543	307	487	0	83196
18348	345	84757	214	300	0	85616
18349	88809	950	158	177	0	90094
18350	90507	352	174	152	0	91185
18351	1040	190	196	89651	0	91077
18352	454	121	140	90928	0	91643
18353	251	121	154	93102	0	93628
18354	90686	105	174	1215	0	92180
18355	881	83519	197	531	0	85128
18356	360	87919	214	305	0	88798
18357	250	1116	183	88989	0	90538
18358	165	369	200	89160	0	89894
18359	169	184	175	89605	0	90133
18360	88943	127	175	1287	0	90532
18361	899	89024	218	652	0	90793
18362	92678	989	172	307	0	94146
18363	1231	465	89902	286	0	91884
18364	509	89755	1173	282	0	91719
18365	256	1286	477	92907	0	94926
18366	93215	502	249	1439	0	95405
18367	1464	317	91763	598	0	94142
18368	648	303	90483	367	0	91801
18369	338	208	1739	90423	0	92708
18370	269	185	668	93332	0	94454
18371	227	205	345	93151	0	93928
18372	232	225	247	90932	0	91636
18373	285	217	216	90453	0	91171
18374	236	85547	249	2289	0	88321
18375	223	1291	221	89282	0	91017
18376	87300	520	242	1801	0	89863
18377	1354	86992	255	968	0	89569
18378	87696	1390	270	590	0	89946
18379	1644	646	84763	458	0	87511
18380	745	404	84789	448	0	86386
18381	447	287	1766	88771	0	91271
18382	344	301	114841	1752	0	117238
18383	390	225	2944	113498	0	117057
18384	306	227	1289	117945	0	119767
18385	118820	218	642	4217	0	123897
18386	114370	240	448	1878	0	116936
18387	4142	117709	435	989	0	123275
18388	1673	125626	360	662	0	128321
18389	759	4406	306	124042	0	129513
18390	125629	1772	373	3686	0	131460
18391	3491	812	125408	1770	0	131481
18392	1491	453	3408	125516	0	130868
18393	837	306	1470	129018	0	131631
18394	601	382	121310	5018	0	127311
18395	438	121811	3520	2320	0	128089
18396	447	3476	1435	125396	0	130754
18397	500	1499	123364	4137	0	129500
18398	458	774	3606	124603	0	129441
18399	117823	469	1644	4468	0	124404
18400	3316	117985	953	2340	0	124594
18401	1553	122720	617	1388	0	126278
18402	875	4536	540	122109	0	128060
18403	116122	1963	487	4142	0	122714
18404	3547	117660	586	2189	0	123982
18405	120364	3718	633	1564	0	126279
18406	4220	1811	117488	1392	0	124911
18407	2126	967	120398	1341	0	124832
18408	1368	837	5129	110729	0	118063
18409	1064	784	2123	125775	0	129746
18410	121429	783	1095	5794	0	129101
18411	4573	975	812	120815	0	127175
18412	2331	1057	118263	5039	0	126690
18413	1387	1065	3972	116560	0	122984
18414	1051	840	1913	124374	0	128178
18415	920	740	114125	6228	0	122013
18416	108346	761	4221	3280	0	116608
18417	4031	743	2116	118469	0	125359
18418	112155	715	1268	5147	0	119285
18419	4155	105546	1078	2927	0	113706
18420	105015	3892	1038	1947	0	111892
18421	4256	103165	852	1679	0	109952
18422	1938	106921	928	1626	0	111413
18423	1373	5028	1052	102266	0	109719
18424	101782	2247	813	4363	0	109205
18425	103748	1349	701	2402	0	108200
18426	4999	1206	590	101554	0	108349
18427	102614	1065	584	4540	0	108803
18428	103508	863	763	2456	0	107590
18429	5613	899	739	101798	0	109049
18430	99474	871	964	4493	0	105802
18431	4569	97395	1169	2650	0	105783
18432	101025	3749	937	1936	0	107647
18433	4727	1844	96699	1786	0	105056
18434	101703	959	3635	1859	0	108156
18435	4677	689	1911	102254	0	109531
18436	2563	493	1317	106185	0	110558
18437	1508	645	1044	107439	0	110636
18438	1327	620	1071	107199	0	110217
18439	1167	791	930	105363	0	108251
18440	1250	93776	1015	6457	0	102498
18441	1460	101925	1001	3372	0	107758
18442	102862	4643	668	2299	0	110472
18443	4816	2450	98429	1705	0	107400
18444	100131	1694	3570	1566	0	106961
18445	5081	1541	99581	1615	0	107818
18446	2948	1271	3872	97599	0	105690
18447	2142	1315	1566	105509	0	110532
18448	101149	1164	876	5890	0	109079
18449	5383	1095	97836	2978	0	107292
18450	3403	936	3706	100604	0	108649
18451	2411	796	102733	5157	0	111097
18452	2205	104030	4007	3166	0	113408
18453	2096	3965	1817	109800	0	117678
18454	108673	1870	1133	5434	0	117110
18455	105475	1194	915	3215	0	110799
18456	108041	1010	962	2248	0	112261
18457	6225	105072	1099	2163	0	114559
18458	3267	110456	1034	2166	0	116923
18459	98975	5400	1226	2318	0	107919
18460	4715	107609	955	2538	0	115817
18461	2217	108316	999	2613	0	114145
18462	1795	5217	100856	2525	0	110393
18463	1382	102438	3658	2283	0	109761
18464	1349	105464	1756	1925	0	110494
18465	1372	5421	1034	104340	0	112167
18466	1609	2738	103143	4482	0	111972
18467	1639	1719	101625	2394	0	107377
18468	98632	1168	4962	1915	0	106677
18469	4811	1015	102524	1571	0	109921
18470	104086	876	4449	1566	0	110977
18471	5099	818	2226	99817	0	107960
18472	3072	101026	1415	4499	0	110012
18473	107959	3775	1102	2620	0	115456
18474	112119	1993	1128	1907	0	117147
18475	5637	1336	1125	109699	0	117797
18476	3096	1141	1056	112236	0	117529
18477	2159	987	1067	114379	0	118592
18478	110302	935	845	6255	0	118337
18479	108602	1034	778	3168	0	113582
18480	109386	1168	636	1948	0	113138
18481	6120	99729	492	1641	0	107982
18482	75810	1926	298	573	0	78607
18483	2345	73911	298	588	0	77142
18484	1119	74435	283	564	0	76401
18485	1015	2880	207	69908	0	74010
18486	564	71090	173	1643	0	73470
18487	68548	1539	180	666	0	70933
18488	1510	651	137	67355	0	69653
18489	66217	396	195	1491	0	68299
18490	1577	61889	189	657	0	64312
18491	671	64636	205	435	0	65947
18492	65908	1562	149	348	0	67967
18493	1473	67467	214	369	0	69523
18494	722	1450	160	69273	0	71605
18495	637	541	198	70404	0	71780
18496	70902	337	159	1772	0	73170
18497	1560	277	154	71130	0	73121
18498	761	317	72415	1691	0	75184
18499	473	319	1424	73621	0	75837
18500	75103	295	490	1862	0	77750
18501	1750	76013	329	757	0	78849
18502	81796	1851	196	422	0	84265
18503	81544	782	181	393	0	82900
18504	82537	528	161	389	0	83615
18505	2787	448	79391	367	0	82993
18506	1125	451	76698	312	0	78586
18507	74156	272	1938	271	0	76637
18508	1836	76385	829	271	0	79321
18509	792	1808	546	78025	0	81171
18510	490	756	290	77603	0	79139
18511	444	73486	320	2014	0	76264
18512	439	77756	285	842	0	79322
18513	393	2101	244	79590	0	82328
18514	392	851	226	81154	0	82623
18515	424	566	76696	2383	0	80069
18516	446	507	73723	1072	0	75748
18517	75729	331	2196	652	0	78908
18518	81259	332	817	600	0	83008
18519	2464	343	464	80041	0	83312
18520	1102	372	79730	2031	0	83235
18521	721	353	1811	79085	0	81970
18522	79079	369	696	2242	0	82386
18523	2208	390	77997	968	0	81563
18524	1044	408	1840	78873	0	82165
18525	820	409	79594	2010	0	82833
18526	623	74149	2106	1167	0	78045
18527	597	1888	78722	701	0	81908
18528	689	848	2009	77470	0	81016
18529	80233	517	934	1944	0	83628
18530	2037	462	552	80996	0	84047
18531	83062	430	366	2142	0	86000
18532	83994	309	388	1080	0	85771
18533	81649	356	409	748	0	83162
18534	2764	361	77320	614	0	81059
18535	79305	294	1779	627	0	82005
18536	2501	254	841	80203	0	83799
18537	1195	290	545	81744	0	83774
18538	883	348	79062	2610	0	82903
18539	706	373	1879	80217	0	83175
18540	81678	352	741	2320	0	85091
18541	2084	79752	611	1287	0	83734
18542	85058	1730	308	1059	0	88155
18543	86095	665	406	808	0	87974
18544	86623	458	337	802	0	88220
18545	3045	345	346	83944	0	87680
18546	1747	369	83235	2172	0	87523
18547	1018	295	1768	84546	0	87627
18548	808	312	898	87278	0	89296
18549	86340	333	529	2715	0	89917
18550	82511	252	494	1369	0	84626
18551	2719	351	78833	974	0	82877
18552	1286	278	1852	77928	0	81344
18553	928	269	78453	2499	0	82149
18554	80362	271	2319	1069	0	84021
18555	2780	89060	982	924	0	93746
18556	92285	2336	519	535	0	95675
18557	3038	94061	549	620	0	98268
18558	95644	2858	342	602	0	99446
18559	3157	95041	456	741	0	99395
18560	1526	3067	573	94681	0	99847
18561	924	1130	484	99675	0	102213
18562	99207	594	295	3662	0	103758
18563	99708	371	290	1385	0	101754
18564	100933	387	370	903	0	102593
18565	98572	255	383	766	0	99976
18566	99132	290	394	690	0	100506
18567	4396	241	395	94264	0	99296
18568	1887	93553	334	3004	0	98778
18569	1341	2761	349	93487	0	97938
18570	1094	93062	290	3169	0	97615
18571	1022	3003	258	92509	0	96792
18572	1017	92763	346	3197	0	97323
18573	897	3006	258	93241	0	97402
18574	807	1036	87135	3502	0	92480
18575	83237	672	2511	1498	0	87918
18576	3223	86713	906	1090	0	91932
18577	89764	2746	426	732	0	93668
18578	3643	1060	86409	698	0	91810
18579	86098	657	2757	665	0	90177
18580	3644	578	90091	738	0	95051
18581	1462	589	3116	90443	0	95610
18582	1113	94759	1099	3370	0	100341
18583	960	3365	98216	1328	0	103869
18584	918	1190	3522	98922	0	104552
18585	98510	814	1282	3977	0	104583
18586	3936	568	804	100750	0	106058
18587	1644	513	584	103417	0	106158
18588	1332	415	490	105180	0	107417
18589	1148	561	97550	5091	0	104350
18590	1030	500	3352	98494	0	103376
18591	947	96707	1331	4349	0	103334
18592	900	3386	835	99566	0	104687
18593	831	1281	558	101279	0	103949
18594	97387	743	515	5018	0	103663
18595	3910	621	377	101229	0	106137
18596	1646	595	99543	4692	0	106476
18597	1127	522	99483	2076	0	103208
18598	1044	496	96872	1415	0	99827
18599	796	95535	4619	1269	0	102219
18600	94054	3726	2185	2117	0	102082
18601	3511	93190	1103	994	0	98798
18602	93660	3744	722	682	0	98808
18603	4067	1421	638	92216	0	98342
18604	1674	993	93156	3824	0	99647
18605	1298	889	90742	1546	0	94475
18606	903	94108	4422	1286	0	100719
18607	835	3757	1620	95036	0	101248
18608	824	1422	1017	98098	0	101361
18609	636	987	738	101789	0	104150
18610	642	793	96071	5459	0	102965
18611	91483	644	3980	2359	0	98466
18612	4144	715	96815	1574	0	103248
18613	1743	528	4178	93730	0	100179
18614	1256	550	1576	100356	0	103738
18615	999	577	94586	5310	0	101472
18616	90362	539	4012	2455	0	97368
18617	4016	93611	1680	1863	0	101170
18618	95809	3828	1149	1297	0	102083
18619	4565	1505	832	91352	0	98254
18620	1787	93483	838	4114	0	100222
18621	1282	3924	707	97461	0	103374
18622	96180	1551	710	4864	0	103305
18623	4282	1016	726	96776	0	102800
18624	1914	1032	92751	4984	0	100681
18625	92890	742	3906	2308	0	99846
18626	97005	640	1630	1747	0	101022
18627	5210	741	91345	1442	0	98738
18628	2290	769	3924	93760	0	100743
18629	95042	655	1633	4699	0	102029
18630	4528	689	1173	93137	0	99527
18631	2005	689	892	93519	0	97105
18632	1467	632	861	94908	0	97868
18633	1184	537	907	96134	0	98762
18634	1144	585	88553	6343	0	96625
18635	1017	559	4067	91436	0	97079
18636	1047	517	88457	5713	0	95734
18637	88538	575	4406	2769	0	96288
18638	92733	554	1985	2237	0	97509
18639	92780	495	1429	1915	0	96619
18640	92697	530	1156	1720	0	96103
18641	5742	589	1032	87750	0	95113
18642	86964	496	1028	4822	0	93310
18643	5088	523	83283	2527	0	91421
18644	2343	509	83844	1949	0	88645
18645	79885	404	4690	1756	0	86735
18646	4303	79579	2121	1651	0	87654
18647	1941	81608	1384	1514	0	86447
18648	1511	4330	1142	80091	0	87074
18649	1265	1585	77813	4397	0	85060
18650	75249	916	3951	2356	0	82472
18651	4251	657	77688	1685	0	84281
18652	1946	74292	3772	1576	0	81586
18653	1537	2998	73888	1420	0	79843
18654	1113	68588	3499	1246	0	74446
18655	59495	3024	2263	1161	0	65943
18656	2667	59193	1006	1116	0	63982
18657	1175	56243	810	963	0	59191
18658	912	2687	763	55686	0	60048
18659	811	1146	54247	2644	0	58848
18660	776	733	2384	53106	0	56999
18661	712	547	1217	55437	0	57913
18662	804	505	51980	3155	0	56444
18663	947	434	2384	50241	0	54006
18664	890	50852	1240	2555	0	55537
18665	816	2144	843	53899	0	57702
18666	53237	925	749	2850	0	57761
18667	2502	645	708	54132	0	57987
18668	1281	502	52607	2876	0	57266
18669	886	545	2433	54083	0	57947
18670	792	528	52496	2899	0	56715
18671	51954	587	2521	1487	0	56549
18672	2375	602	1159	53579	0	57715
18673	53832	477	910	2895	0	58114
18674	2717	452	52276	1476	0	56921
18675	48958	415	2412	1209	0	52994
18676	2586	52885	1309	937	0	57717
18677	1277	2184	52979	908	0	57348
18678	904	1241	2466	51863	0	56474
18679	828	708	52887	2506	0	56929
18680	839	48662	2292	1361	0	53154
18681	707	51916	1093	947	0	54663
18682	43195	1932	819	882	0	46828
18683	1667	46207	539	758	0	49171
18684	46568	1886	550	711	0	49715
18685	2040	795	615	47004	0	50454
18686	955	515	45065	2096	0	48631
18687	636	45819	1834	1092	0	49381
18688	589	2276	850	46615	0	50330
18689	552	856	752	51348	0	53508
18690	558	560	452	52602	0	54172
18691	564	486	452	50123	0	51625
18692	528	46651	500	2832	0	50511
18693	402	50185	520	1323	0	52430
18694	47137	2167	533	787	0	50624
18695	1824	46594	466	670	0	49554
18696	642	1700	300	44083	0	46725
18697	544	648	42317	1815	0	45324
18698	426	42749	1525	759	0	45459
18699	361	1563	505	42027	0	44456
18700	333	619	403	42090	0	43445
18701	258	43019	311	1788	0	45376
18702	41668	1536	268	694	0	44166
18703	1448	634	41417	543	0	44042
18704	37412	421	1290	366	0	39489
18705	1350	39518	500	311	0	41679
18706	34361	1054	117	132	0	35664
18707	999	35525	98	138	0	36760
18708	382	1159	43	37371	0	38955
18709	143	394	64	38801	0	39402
18710	37362	285	63	1479	0	39189
18711	1148	225	63	37906	0	39342
18712	442	195	36260	1327	0	38224
18713	212	35664	1062	524	0	37462
18714	194	37145	310	287	0	37936
18715	164	1382	160	37232	0	38938
18716	208	532	36760	1211	0	38711
18717	116	323	1074	36646	0	38159
18718	126	244	307	38241	0	38918
18719	165	235	36257	1583	0	38240
18720	178	260	35159	632	0	36229
18721	127	36128	1278	422	0	37955
18722	36770	1255	397	297	0	38719
18723	1154	534	199	35633	0	37520
18724	397	34767	184	1197	0	36545
18725	36450	1251	174	526	0	38401
18726	1160	508	149	36755	0	38572
18727	382	304	132	37169	0	37987
18728	204	35562	192	1653	0	37611
18729	164	1254	175	36692	0	38285
18730	36102	516	154	1478	0	38250
18731	1231	379	163	36330	0	38103
18732	459	305	172	37302	0	38238
18733	279	301	34996	1732	0	37308
18734	260	350	33401	757	0	34768
18735	34979	283	1332	565	0	37159
18736	1224	268	451	35315	0	37258
18737	432	280	301	35835	0	36848
18738	290	368	220	36689	0	37567
18739	301	337	34194	1843	0	36675
18740	34168	273	1173	854	0	36468
18741	1289	269	472	35380	0	37410
18742	484	303	318	36491	0	37596
18743	34812	273	264	1833	0	37182
18744	1299	33851	275	919	0	36344
18745	507	1241	33520	682	0	35950
18746	295	514	1224	33262	0	35295
18747	330	34847	489	1533	0	37199
18748	307	1271	326	36480	0	38384
18749	35449	582	292	1690	0	38013
18750	1432	404	206	35587	0	37629
18751	34955	318	216	1831	0	37320
18752	34883	290	246	922	0	36341
18753	1641	346	238	33299	0	35524
18754	595	31899	280	1721	0	34495
18755	418	33693	244	950	0	35305
18756	347	1444	32943	728	0	35462
18757	255	598	1281	32667	0	34801
18758	306	376	513	34637	0	35832
18759	335	290	417	35134	0	36176
18760	33515	270	294	2033	0	36112
18761	1473	313	220	33991	0	35997
18762	645	279	32567	1865	0	35356
18763	32725	257	1224	1042	0	35248
18764	1422	295	506	34244	0	36467
18765	656	276	357	35577	0	36866
18766	477	224	33259	2115	0	36075
18767	32355	282	1258	1135	0	35030
18768	1440	272	462	34573	0	36747
18769	631	320	34415	1808	0	37174
18770	457	277	1334	34712	0	36780
18771	401	224	609	31832	0	33066
18772	395	34323	375	1784	0	36877
18773	34957	1304	305	1046	0	37612
18774	35067	468	320	848	0	36703
18775	1628	34053	311	779	0	36771
18776	34476	1250	315	729	0	36770
18777	34734	440	231	710	0	36115
18778	1690	271	226	34117	0	36304
18779	709	242	32466	1750	0	35167
18780	551	305	30861	839	0	32556
18781	379	319	30141	618	0	31457
18782	326	172	30183	625	0	31306
18783	254	396	1070	26505	0	28225
18784	227	201	577	27972	0	28977
18785	314	149	261	27871	0	28595
18786	346	102	179	28916	0	29543
18787	27259	107	240	1478	0	29084
18788	1035	27639	270	748	0	29692
18789	25947	612	185	404	0	27148
18790	869	247	25537	425	0	27078
18791	432	165	27173	339	0	28109
18792	340	255	866	28273	0	29734
18793	28806	156	680	1005	0	30647
18794	25729	110	312	523	0	26674
18795	946	27473	223	376	0	29018
18796	368	28730	176	367	0	29641
18797	237	839	117	29713	0	30906
18798	29467	343	111	841	0	30762
18799	818	28877	123	444	0	30262
18800	29480	828	96	253	0	30657
18801	28868	343	105	232	0	29548
18802	29081	188	113	240	0	29622
18803	995	146	28349	259	0	29749
18804	465	28236	659	248	0	29608
18805	29140	589	325	218	0	30272
18806	29009	405	271	170	0	29855
18807	900	27009	221	177	0	28307
18808	260	25874	72	93	0	26299
18809	26692	571	50	97	0	27410
18810	579	222	50	26723	0	27574
18811	280	171	26563	485	0	27499
18812	25536	131	433	151	0	26251
18813	559	111	154	26587	0	27411
18814	255	27495	122	461	0	28333
18815	177	498	62	29250	0	29987
18816	176	210	29237	549	0	30172
18817	182	121	464	29109	0	29876
18818	31243	124	307	575	0	32249
18819	603	120	103	31367	0	32193
18820	254	94	69	32327	0	32744
18821	199	104	34310	722	0	35335
18822	148	105	503	33162	0	33918
18823	166	33790	198	615	0	34769
18824	35131	527	116	271	0	36045
18825	33633	216	68	192	0	34109
18826	728	335	34069	168	0	35300
18827	282	117	504	32690	0	33593
18828	203	32608	229	537	0	33577
18829	186	33900	136	256	0	34478
18830	34457	632	77	168	0	35334
18831	581	270	81	34882	0	35814
18832	297	153	34492	577	0	35519
18833	179	139	33943	329	0	34590
18834	116	107	680	34804	0	35707
18835	34677	98	251	619	0	35645
18836	34454	91	140	296	0	34981
18837	723	116	123	36855	0	37817
18838	320	87	37957	668	0	39032
18839	189	37019	591	321	0	38120
18840	38853	524	220	206	0	39803
18841	614	37769	156	181	0	38720
18842	39341	568	150	180	0	40239
18843	661	223	101	39046	0	40031
18844	292	145	39155	623	0	40215
18845	186	140	537	38358	0	39221
18846	39185	142	236	652	0	40215
18847	673	124	38018	322	0	39137
18848	321	37247	579	247	0	38394
18849	235	530	277	39268	0	40310
18850	39376	223	185	661	0	40445
18851	642	187	40576	328	0	41733
18852	315	156	576	40985	0	42032
18853	281	124	253	42999	0	43657
18854	218	134	42686	825	0	43863
18855	217	137	639	41730	0	42723
18856	211	128	43199	743	0	44281
18857	39979	132	646	409	0	41166
18858	704	127	296	44120	0	45247
18859	382	160	46308	706	0	47556
18860	261	45264	764	420	0	46709
18861	48546	749	315	266	0	49876
18862	53786	290	214	231	0	54521
18863	1331	219	189	57611	0	59350
18864	494	59685	197	1297	0	61673
18865	62119	1385	165	475	0	64144
18866	1572	481	135	61889	0	64077
18867	593	311	61191	1555	0	63650
18868	58549	210	1380	606	0	60745
18869	1585	58990	465	384	0	61424
18870	605	1368	309	61481	0	63763
18871	61626	472	220	1573	0	63891
18872	1617	302	60050	591	0	62560
18873	682	245	60470	348	0	61745
18874	412	235	1788	56847	0	59282
18875	345	184	61744	1562	0	63835
18876	325	159	1647	58995	0	61126
18877	235	59371	721	1533	0	61860
18878	231	1433	421	63739	0	65824
18879	62396	457	311	1779	0	64943
18880	1602	314	61966	699	0	64581
18881	518	61769	1554	612	0	64453
18882	361	1486	526	63717	0	66090
18883	309	552	65063	1712	0	67636
18884	292	429	1542	62077	0	64340
18885	255	62146	632	1728	0	64761
18886	214	65248	371	663	0	66496
18887	63890	1604	342	417	0	66253
18888	1227	64260	303	392	0	66182
18889	387	1539	62925	301	0	65152
18890	58024	526	1297	248	0	60095
18891	1369	468	64273	190	0	66300
18892	464	218	1347	58681	0	60710
18893	326	201	64481	1240	0	66248
18894	213	61546	1369	464	0	63592
18895	199	1127	481	64844	0	66651
18896	161	395	300	65072	0	65928
18897	133	255	265	63489	0	64142
18898	155	218	63185	1679	0	65237
18899	121	191	1209	61585	0	63106
18900	104	160	425	65153	0	65842
18901	62907	126	284	1756	0	65073
18902	62715	180	237	823	0	63955
18903	1523	152	63540	499	0	65714
18904	575	60289	1275	572	0	62711
18905	386	1192	63906	267	0	65751
18906	278	437	1347	63887	0	65949
18907	253	284	66247	1380	0	68164
18908	176	208	1458	64602	0	66444
18909	150	224	539	67501	0	68414
18910	134	161	65783	1715	0	67793
18911	57938	183	1461	768	0	60350
18912	1218	65902	579	598	0	68297
18913	396	1212	329	68509	0	70446
18914	250	425	69303	1371	0	71349
18915	260	347	65934	516	0	67057
18916	63826	173	1485	408	0	65892
18917	1163	65490	650	388	0	67691
18918	363	1147	374	68367	0	70251
18919	69445	400	286	1296	0	71427
18920	1225	237	243	69176	0	70881
18921	451	220	205	70318	0	71194
18922	272	202	68685	1777	0	70936
18923	64573	167	1263	782	0	66785
18924	70450	142	670	528	0	71790
18925	1589	142	330	70526	0	72587
18926	70994	129	289	1439	0	72851
18927	1585	138	266	70455	0	72444
18928	649	66094	325	1536	0	68604
18929	423	70598	283	746	0	72050
18930	290	1522	257	72833	0	74902
18931	71143	636	195	1564	0	73538
18932	1268	342	191	71650	0	73451
18933	72140	256	181	1683	0	74260
18934	72475	217	197	755	0	73644
18935	1678	189	198	71935	0	74000
18936	702	181	181	73999	0	75063
18937	489	186	69440	1858	0	71973
18938	442	207	68968	790	0	70407
18939	330	137	1632	70105	0	72204
18940	264	170	75187	1661	0	77282
18941	74022	132	1611	718	0	76483
18942	1404	161	668	80648	0	82881
18943	535	155	83526	1844	0	86060
18944	81675	134	1773	859	0	84441
18945	88765	112	722	600	0	90199
18946	2441	90399	469	564	0	93873
18947	1001	1868	341	97327	0	100537
18948	704	705	98510	2089	0	102008
18949	98440	365	1955	899	0	101659
18950	103678	251	823	652	0	105404
18951	2731	273	100573	467	0	104044
18952	102324	174	2079	475	0	105052
18953	2456	208	862	101452	0	104978
18954	1099	207	489	104277	0	106072
18955	102635	151	397	2740	0	105923
18956	102079	176	340	1212	0	103807
18957	2788	275	326	103137	0	106526
18958	1358	151	102460	2460	0	106429
18959	796	96115	1981	1277	0	100169
18960	909	1704	100136	679	0	103428
18961	686	680	99628	572	0	101566
18962	466	94082	2283	548	0	97379
18963	910	1525	1073	86630	0	90138
18964	441	472	469	90267	0	91649
18965	418	332	88503	1620	0	90873
18966	527	249	1380	86358	0	88514
18967	90296	144	715	1695	0	92850
18968	1534	345	90066	938	0	92883
18969	91042	194	1400	791	0	93427
18970	94083	133	997	564	0	95777
18971	94821	140	599	465	0	96025
18972	2556	184	92262	420	0	95422
18973	1303	287	91599	450	0	93639
18974	996	195	1802	91152	0	94145
18975	750	238	1066	88018	0	90072
18976	702	90921	669	1877	0	94169
18977	93540	1257	585	863	0	96245
18978	91804	512	648	651	0	93615
18979	2131	90786	501	736	0	94154
18980	93405	1318	651	604	0	95978
18981	1824	90328	483	739	0	93374
18982	93494	1503	602	582	0	96181
18983	1916	640	591	89860	0	93007
18984	1070	599	89289	1661	0	92619
18985	901	426	88436	961	0	90724
18986	652	578	1878	88987	0	92095
18987	593	280	1209	90400	0	92482
18988	618	299	88367	2071	0	91355
18989	673	353	1760	85842	0	88628
18990	626	248	1083	89667	0	91624
18991	88056	289	700	2184	0	91229
18992	88396	194	700	1144	0	90434
18993	86481	230	527	937	0	88175
18994	2398	225	83961	668	0	87252
18995	1239	81780	1789	696	0	85504
18996	1077	1290	841	86314	0	89522
18997	1019	573	86951	1619	0	90162
18998	968	84480	1660	832	0	87940
18999	89750	1416	936	636	0	92738
19000	1942	647	776	88817	0	92182
19001	1084	600	613	90563	0	92860
19002	89317	398	535	2072	0	92322
19003	1847	575	494	87565	0	90481
19004	1283	403	501	88620	0	90807
19005	88650	388	516	2304	0	91858
19006	1963	643	85371	1272	0	89249
19007	1232	83210	1735	957	0	87134
19008	86700	1544	897	918	0	90059
19009	2059	670	86221	932	0	89882
19010	84024	515	1790	926	0	87255
19011	1993	86295	1115	961	0	90364
19012	88466	1370	831	945	0	91612
19013	87762	649	788	846	0	90045
19014	85170	467	659	869	0	87165
19015	2578	416	660	82998	0	86652
19016	1401	458	741	83405	0	86005
19017	1110	81307	647	2237	0	85301
19018	1136	82616	588	1328	0	85668
19019	1074	84028	697	1086	0	86885
19020	84740	1745	478	767	0	87730
19021	2003	831	80497	726	0	84057
19022	1219	617	1357	80927	0	84120
19023	840	476	741	81296	0	83353
19024	945	80116	698	1930	0	83689
19025	802	1522	499	82493	0	85316
19026	853	759	645	81504	0	83761
19027	865	81759	482	2030	0	85136
19028	81238	1461	620	1117	0	84436
19029	1633	80990	459	999	0	84081
19030	1155	1608	78954	822	0	82539
19031	78485	732	1513	791	0	81521
19032	1897	80265	689	976	0	83827
19033	79502	1478	585	679	0	82244
19034	1923	871	462	80454	0	83710
19035	1251	583	458	80510	0	82802
19036	1041	568	79352	1705	0	82666
19037	1123	512	78434	979	0	81048
19038	751	883	1447	79194	0	82275
19039	79467	479	724	1376	0	82046
19040	75662	493	450	738	0	77343
19041	1836	77627	387	610	0	80460
19042	715	75658	330	460	0	77163
19043	503	74399	249	350	0	75501
19044	1509	2040	526	72966	0	77041
19045	71853	337	1109	1190	0	74489
19046	71127	164	84	331	0	71706
19047	69091	105	71	228	0	69495
19048	1360	182	63839	144	0	65525
19049	421	79595	1058	167	0	81241
19050	243	1026	258	96339	0	97866
19051	95371	280	164	1269	0	97084
19052	1478	189	116	96181	0	97964
19053	411	146	75	102782	0	103414
19054	101759	117	123	2039	0	104038
19055	108326	131	102	623	0	109182
19056	2537	191	107109	354	0	110191
19057	911	115	1947	109058	0	112031
19058	447	189	105075	2208	0	107919
19059	274	121	2135	107518	0	110048
19060	359	231	102478	2385	0	105453
19061	258	310	2125	105914	0	108607
19062	99677	112	776	2433	0	102998
19063	2018	101095	432	1040	0	104585
19064	764	105932	238	551	0	107485
19065	584	2704	251	91191	0	94730
19066	279	105882	200	1839	0	108200
19067	105835	2316	167	734	0	109052
19068	101602	895	189	423	0	103109
19069	2848	570	96262	408	0	100088
19070	1060	98143	2115	472	0	101790
19071	554	2018	721	102356	0	105649
19072	511	778	99584	2306	0	103179
19073	99728	349	2130	1002	0	103209
19074	2352	253	1002	101862	0	105469
19075	1024	299	100676	2368	0	104367
19076	521	255	2183	102777	0	105736
19077	102616	217	986	2587	0	106406
19078	2370	235	99716	1142	0	103463
19079	99368	202	2243	692	0	102505
19080	102108	243	962	514	0	103827
19081	2960	275	499	100547	0	104281
19082	1278	371	98902	2387	0	102938
19083	755	429	97461	1096	0	99741
19084	97672	363	2808	702	0	101545
19085	101084	318	1121	612	0	103135
19086	3232	372	96640	689	0	100933
19087	1470	351	2380	97119	0	101320
19088	949	349	1114	92290	0	94702
19089	828	98042	699	3046	0	102615
19090	809	2271	538	100716	0	104334
19091	99386	910	592	2923	0	103811
19092	2725	458	532	101133	0	104848
19093	1436	348	96942	3120	0	101846
19094	95202	341	2565	1584	0	99692
19095	2859	314	1226	98077	0	102476
19096	1552	569	93943	2864	0	98928
19097	1012	94133	2572	1719	0	99436
19098	90031	2388	1306	1239	0	94964
19099	2838	96451	920	1247	0	101456
19100	96489	2590	735	1198	0	101012
19101	3301	1219	91654	1295	0	97469
19102	1829	90631	2631	1216	0	96307
19103	1454	96781	1387	1075	0	100697
19104	1278	3106	1000	93313	0	98697
19105	1257	1374	880	97472	0	100983
19106	1232	843	93035	3855	0	98965
19107	1148	636	2861	96111	0	100756
19108	94213	648	1624	3681	0	100166
19109	3129	670	91491	2216	0	97506
19110	1845	729	3022	93376	0	98972
19111	1443	816	89353	3480	0	95092
19112	86574	806	3200	2154	0	92734
19113	3158	90034	1778	1930	0	96900
19114	90781	2818	1323	1768	0	96690
19115	93087	1462	1116	1762	0	97427
19116	94516	967	1141	1650	0	98274
19117	4566	1024	86234	1583	0	93407
19118	2631	87775	3094	1529	0	95029
19119	2059	2916	1783	86637	0	93395
19120	1792	1556	1569	93017	0	97934
19121	93584	958	1478	4363	0	100383
19122	3938	865	1554	94817	0	101174
19123	94529	859	1638	4359	0	101385
19124	95049	832	1543	2574	0	99998
19125	95906	807	1433	2170	0	100316
19126	95940	844	1590	1797	0	100171
19127	5033	940	1307	93253	0	100533
19128	93701	978	1283	4101	0	100063
19129	4564	958	87567	2504	0	95593
19130	90310	988	3513	1867	0	96678
19131	93779	904	2005	1576	0	98264
19132	5387	1016	85871	1685	0	93959
19133	90559	942	3549	1360	0	96410
19134	93878	928	2165	1335	0	98306
19135	5205	759	1547	90470	0	97981
19136	3037	792	1536	93470	0	98835
19137	90302	990	1472	4606	0	97370
19138	4478	776	1326	90933	0	97513
19139	2769	696	1417	88898	0	93780
19140	2156	83405	1303	4888	0	91752
19141	2040	2265	1203	84403	0	89911
19142	81733	1030	1291	3827	0	87881
19143	3928	647	1055	81652	0	87282
19144	2332	539	1169	79004	0	83044
19145	1924	75590	1155	4161	0	82830
19146	1827	2280	1050	74187	0	79344
19147	1995	1100	1143	75153	0	79391
19148	71641	675	1069	3627	0	77012
19149	2932	697	607	52356	0	56592
19150	1270	269	37971	2299	0	41809
19151	716	34958	1502	1187	0	38363
19152	541	34618	692	648	0	36499
19153	30865	1553	314	474	0	33206
19154	1484	31431	247	425	0	33587
19155	24725	861	248	249	0	26083
19156	898	24337	83	216	0	25534
19157	24603	878	105	182	0	25768
19158	987	331	55	25296	0	26669
19159	437	198	46	25960	0	26641
19160	272	25279	56	1141	0	26748
19161	227	919	32	26177	0	27355
19162	212	343	25896	1038	0	27489
19163	25225	169	754	485	0	26633
19164	923	28992	270	311	0	30496
19165	28713	911	96	239	0	29959
19166	28924	353	97	202	0	29576
19167	29468	171	77	178	0	29894
19168	1369	143	75	28127	0	29714
19169	610	151	58	28253	0	29072
19170	357	27603	72	1238	0	29270
19171	27881	954	40	528	0	29403
19172	1091	27726	57	324	0	29198
19173	28518	1017	48	232	0	29815
19174	1233	437	28448	196	0	30314
19175	30164	197	973	229	0	31563
19176	1393	151	360	30503	0	32407
19177	655	162	29892	1313	0	32022
19178	399	165	30668	580	0	31812
19179	320	116	1507	30610	0	32553
19180	319	118	30638	1332	0	32407
19181	287	126	1333	30519	0	32265
19182	28683	132	548	1455	0	30818
19183	1376	106	266	30390	0	32138
19184	665	134	28414	1471	0	30684
19185	417	27619	1139	702	0	29877
19186	303	29043	506	424	0	30276
19187	350	1410	276	28572	0	30608
19188	28739	571	160	1264	0	30734
19189	1250	291	126	29052	0	30719
19190	607	210	153	29720	0	30690
19191	376	167	154	30501	0	31198
19192	292	155	136	31193	0	31776
19193	278	149	29134	2129	0	31690
19194	289	143	29094	901	0	30427
19195	28975	110	1506	566	0	31157
19196	30210	110	626	479	0	31425
19197	1649	129	356	29595	0	31729
19198	721	153	239	30890	0	32003
19199	477	158	28575	1745	0	30955
19200	329	28927	1169	892	0	31317
19201	29611	1161	514	521	0	31807
19202	30589	518	270	432	0	31809
19203	1657	319	166	30075	0	32217
19204	759	246	29241	1464	0	31710
19205	450	185	1145	28206	0	29986
19206	370	28858	548	1439	0	31215
19207	330	1159	29203	744	0	31436
19208	28762	516	1246	521	0	31045
19209	1368	312	535	30329	0	32544
19210	30863	193	338	1499	0	32893
19211	1479	167	29252	800	0	31698
19212	29764	191	1256	529	0	31740
19213	1488	194	553	30556	0	32791
19214	31132	210	363	1433	0	33138
19215	1570	176	250	30168	0	32164
19216	761	28634	309	1515	0	31219
19217	548	30500	286	855	0	32189
19218	436	1610	189	30619	0	32854
19219	396	615	29158	1583	0	31752
19220	330	29275	1134	731	0	31470
19221	345	997	439	27836	0	29617
19222	26689	391	283	1117	0	28480
19223	27039	228	198	600	0	28065
19224	1245	174	185	27037	0	28641
19225	667	129	275	26934	0	28005
19226	401	25294	233	1369	0	27297
19227	369	27163	195	681	0	28408
19228	26827	1143	173	514	0	28657
19229	970	563	172	27064	0	28769
19230	524	310	194	27765	0	28793
19231	340	223	26412	1503	0	28478
19232	308	186	961	26529	0	27984
19233	286	172	466	27062	0	27986
19234	288	152	302	27888	0	28630
19235	310	160	25879	1594	0	27943
19236	245	159	976	26689	0	28069
19237	26382	140	521	1434	0	28477
19238	1014	182	25367	767	0	27330
19239	26441	173	989	598	0	28201
19240	1146	160	581	27003	0	28890
19241	612	111	323	27598	0	28644
19242	382	131	255	29017	0	29785
19243	309	132	26516	1629	0	28586
19244	25449	133	1000	912	0	27494
19245	1084	27719	520	671	0	29994
19246	28051	891	329	535	0	29806
19247	1147	28107	272	494	0	30020
19248	578	1033	241	28768	0	30620
19249	28888	479	208	1266	0	30841
19250	1143	291	27495	739	0	29668
19251	26876	174	972	566	0	28588
19252	1218	164	27866	486	0	29734
19253	619	222	1093	27728	0	29662
19254	454	159	27437	1136	0	29186
19255	339	26766	1070	747	0	28922
19256	363	780	522	26497	0	28162
19257	26040	448	305	1126	0	27919
19258	875	242	193	24579	0	25889
19259	486	23940	204	942	0	25572
19260	433	759	131	25027	0	26350
19261	23999	378	150	1050	0	25577
19262	23040	220	157	549	0	23966
19263	1107	22181	198	459	0	23945
19264	403	19840	115	252	0	20610
19265	276	666	102	19976	0	21020
19266	194	359	109	20392	0	21054
19267	20058	179	95	860	0	21192
19268	19675	151	99	476	0	20401
19269	766	20120	121	303	0	21310
19270	405	568	78	20005	0	21056
19271	259	272	96	20633	0	21260
19272	240	179	19807	852	0	21078
19273	186	19634	531	510	0	20861
19274	122	19091	164	348	0	19725
19275	71	334	51	17990	0	18446
19276	81	160	17794	349	0	18384
19277	94	96	17516	163	0	17869
19278	67	93	359	17476	0	17995
19279	63	59	145	18021	0	18288
19280	86	62	18182	413	0	18743
19281	61	53	328	18139	0	18581
19282	78	53	18399	545	0	19075
19283	18493	67	360	212	0	19132
19284	423	40	153	19298	0	19914
19285	199	69	19822	505	0	20595
19286	111	65	19846	244	0	20266
19287	91	49	622	21242	0	22004
19288	95	61	23183	714	0	24053
19289	88	74	23633	314	0	24109
19290	64	22257	901	224	0	23446
19291	23893	639	312	149	0	24993
19292	717	233	24276	227	0	25453
19293	241	129	745	23310	0	24425
19294	129	94	284	24565	0	25072
19295	95	79	172	25468	0	25814
19296	84	52	24228	1053	0	25417
19297	70	59	717	23846	0	24692
19298	23984	41	287	918	0	25230
19299	717	48	165	23847	0	24777
19300	262	62	23594	883	0	24801
19301	143	47	721	23484	0	24395
19302	23926	47	279	930	0	25182
19303	24662	37	197	405	0	25301
19304	24723	61	156	251	0	25191
19305	1025	53	131	24200	0	25409
19306	24619	40	119	853	0	25631
19307	24694	34	123	355	0	25206
19308	24747	28	134	239	0	25148
19309	1045	23010	120	220	0	24395
19310	24182	666	127	163	0	25138
19311	921	225	118	24041	0	25305
19312	397	151	23234	841	0	24623
19313	241	23339	733	361	0	24674
19314	23710	715	287	231	0	24943
19315	786	258	185	23623	0	24852
19316	336	150	155	23321	0	23962
19317	203	22921	146	932	0	24202
19318	161	24122	116	430	0	24829
19319	22712	899	119	269	0	23999
19320	750	22454	120	233	0	23557
19321	21870	789	84	136	0	22879
19322	789	21673	73	173	0	22708
19323	21300	756	82	136	0	22274
19324	785	21370	87	181	0	22423
19325	328	22577	76	159	0	23140
19326	22303	863	68	145	0	23379
19327	774	337	21092	136	0	22339
19328	282	21643	608	140	0	22673
19329	252	700	221	21892	0	23065
19330	181	246	144	22868	0	23439
19331	167	168	130	22755	0	23220
19332	158	132	63	23350	0	23703
19333	164	97	22158	1047	0	23466
19334	22299	108	622	457	0	23486
19335	770	68	241	24296	0	25375
19336	24761	108	155	831	0	25855
19337	25921	99	144	334	0	26498
19338	26264	90	115	262	0	26731
19339	25799	97	110	227	0	26233
19340	1153	114	24633	185	0	26085
19341	464	119	781	25167	0	26531
19342	323	114	25128	898	0	26463
19343	188	25103	942	399	0	26632
19344	151	775	332	25120	0	26378
19345	136	271	185	25847	0	26439
19346	134	148	172	26363	0	26817
19347	130	124	134	26268	0	26656
19348	149	102	25126	1238	0	26615
19349	162	85	786	25556	0	26589
19350	166	72	332	26598	0	27168
19351	26426	93	211	1210	0	27940
19352	27645	83	192	532	0	28452
19353	1235	93	154	27783	0	29265
19354	520	76	144	28124	0	28864
19355	346	71	140	28881	0	29438
19356	27920	74	145	1642	0	29781
19357	29425	95	146	655	0	30321
19358	29076	71	145	456	0	29748
19359	29121	78	137	344	0	29680
19360	1424	28202	120	329	0	30075
19361	29360	899	113	307	0	30679
19362	29658	291	110	321	0	30380
19363	1390	179	86	28702	0	30357
19364	633	127	90	29402	0	30252
19365	28454	101	89	1381	0	30025
19366	1218	27120	98	625	0	29061
19367	588	28233	89	433	0	29343
19368	29398	1115	70	330	0	30913
19369	1221	414	62	29045	0	30742
19370	613	262	71	29642	0	30588
19371	483	182	72	30400	0	31137
19372	395	161	55	30158	0	30769
19373	346	125	80	29741	0	30292
19374	318	27792	81	1509	0	29700
19375	292	874	57	28587	0	29810
19376	28111	532	61	1224	0	29928
19377	1056	223	64	28448	0	29791
19378	469	177	51	29025	0	29722
19379	27939	160	76	1425	0	29600
19380	1072	27519	72	686	0	29349
19381	464	905	64	27796	0	29229
19382	381	27386	67	1097	0	28931
19383	249	1059	38	27234	0	28580
19384	287	365	25594	997	0	27243
19385	23502	222	592	497	0	24813
19386	777	24896	251	373	0	26297
19387	23680	533	72	300	0	24585
19388	663	228	21685	250	0	22826
19389	329	369	428	19696	0	20822
19390	231	20404	183	560	0	21378
19391	208	21530	105	373	0	22216
19392	20775	548	76	258	0	21657
19393	558	196	47	20634	0	21435
19394	294	120	20832	642	0	21888
19395	213	107	433	21333	0	22086
19396	195	97	21296	676	0	22264
19397	20140	83	483	420	0	21126
19398	600	104	21583	304	0	22591
19399	310	89	483	20952	0	21834
19400	231	21410	205	647	0	22493
19401	199	481	102	21544	0	22326
19402	191	21635	86	698	0	22610
19403	23268	537	70	410	0	24285
19404	708	273	57	23944	0	24982
19405	377	163	23944	784	0	25268
19406	280	169	23137	451	0	24037
19407	23167	106	661	368	0	24302
19408	25229	100	224	337	0	25890
19409	25051	105	104	313	0	25573
19410	24747	90	96	305	0	25238
19411	908	23417	84	484	0	24893
19412	24674	589	67	284	0	25614
19413	24852	267	61	258	0	25438
19414	1000	181	23348	245	0	24774
19415	454	166	518	23116	0	24254
19416	24243	132	198	822	0	25395
19417	797	121	23203	467	0	24588
19418	391	146	572	23275	0	24384
19419	290	166	24162	850	0	25468
19420	279	161	581	23440	0	24461
19421	270	23840	262	760	0	25132
19422	25336	612	139	434	0	26521
19423	739	297	24176	329	0	25541
19424	24272	194	544	329	0	25339
19425	787	159	228	24504	0	25678
19426	25146	134	121	844	0	26245
19427	773	150	110	25144	0	26177
19428	27629	151	120	836	0	28736
19429	806	161	26014	453	0	27434
19430	28337	152	600	323	0	29412
19431	793	137	218	28628	0	29776
19432	398	124	150	29088	0	29760
19433	28312	127	154	921	0	29514
19434	703	140	111	28051	0	29005
19435	335	150	27120	792	0	28397
19436	195	132	502	26963	0	27792
19437	25726	95	239	688	0	26748
19438	595	24925	158	364	0	26042
19439	255	25364	140	242	0	26001
19440	25256	556	178	175	0	26165
19441	573	26090	122	181	0	26966
19442	218	411	75	25730	0	26434
19443	26156	168	174	477	0	26975
19444	25586	112	49	184	0	25931
19445	25505	89	59	131	0	25784
19446	572	87	25144	111	0	25914
19447	205	45	358	24610	0	25218
19448	137	24981	150	405	0	25673
19449	125	363	87	25911	0	26486
19450	139	132	25927	436	0	26634
19451	119	23850	357	175	0	24501
19452	64	258	91	24698	0	25111
19453	23816	83	46	278	0	24223
19454	246	23533	50	172	0	24001
19455	152	252	24727	56	0	25187
19456	95	101	289	23658	0	24143
19457	85	53	24281	313	0	24732
19458	84	46	313	23265	0	23708
19459	24877	31	104	353	0	25365
19460	350	27	72	24548	0	24997
19461	25011	33	45	347	0	25436
19462	24846	30	64	144	0	25084
19463	425	24616	69	98	0	25208
19464	26062	278	63	58	0	26461
19465	385	24521	56	87	0	25049
19466	189	362	25159	56	0	25766
19467	133	126	325	24330	0	24914
19468	117	64	135	27098	0	27414
19469	113	69	26004	488	0	26674
19470	77	24747	400	217	0	25441
19471	26986	360	149	107	0	27602
19472	28458	128	89	112	0	28787
19473	518	61	72	28772	0	29423
19474	222	57	63	28737	0	29079
19475	130	35	54	29794	0	30013
19476	29197	47	66	555	0	29865
19477	468	51	28084	307	0	28910
19478	201	72	28284	133	0	28690
19479	126	47	484	28408	0	29065
19480	124	46	28669	458	0	29297
19481	136	55	28399	187	0	28777
19482	95	42	499	27099	0	27735
19483	130	43	29312	472	0	29957
19484	87	28157	455	319	0	29018
19485	95	380	162	30278	0	30915
19486	103	138	31114	478	0	31833
19487	96	74	431	30301	0	30902
19488	97	29194	192	450	0	29933
19489	101	391	78	31462	0	32032
19490	121	147	31635	506	0	32409
19491	73	86	394	29968	0	30521
19492	30725	54	151	504	0	31434
19493	440	79	30880	223	0	31622
19494	28337	45	399	136	0	28917
19495	451	30165	174	117	0	30907
19496	31832	363	78	91	0	32364
19497	423	124	62	31930	0	32539
19498	159	30685	92	476	0	31412
19499	32844	396	62	194	0	33496
19500	479	157	67	32775	0	33478
19501	184	83	32793	592	0	33652
19502	86	31601	525	232	0	32444
19503	48	412	168	32645	0	33273
19504	31757	134	67	452	0	32410
19505	30868	57	57	180	0	31162
19506	519	52	40	30847	0	31458
19507	195	38	30891	470	0	31594
19508	28373	35	439	211	0	29058
19509	469	41	30966	112	0	31588
19510	187	45	442	30485	0	31159
19511	31687	36	166	473	0	32362
19512	472	30504	107	218	0	31301
19513	31994	422	80	96	0	32592
19514	513	172	30735	108	0	31528
19515	31023	62	444	100	0	31629
19516	514	58	176	31923	0	32671
19517	224	43	91	32828	0	33186
19518	124	54	32496	619	0	33293
19519	114	56	457	31042	0	31669
19520	31871	58	168	537	0	32634
19521	501	134	94	31719	0	32448
19522	226	31435	102	536	0	32299
19523	131	442	77	32798	0	33448
19524	99	32223	84	543	0	32949
19525	104	498	31731	246	0	32579
19526	29265	176	471	175	0	30087
19527	500	137	204	32643	0	33484
19528	222	88	31208	538	0	32056
19529	133	29457	512	256	0	30358
19530	102	491	195	29883	0	30671
19531	111	205	89	30602	0	31007
19532	30277	94	98	679	0	31148
19533	516	87	95	31201	0	31899
19534	31552	65	81	623	0	32321
19535	31276	65	79	306	0	31726
19536	649	30248	111	193	0	31201
19537	31565	518	73	178	0	32334
19538	626	177	53	35453	0	36309
19539	280	114	34656	789	0	35839
19540	35475	74	654	292	0	36495
19541	799	57	193	34668	0	35717
19542	309	79	33918	791	0	35097
19543	31441	64	722	312	0	32539
19544	788	75	239	33847	0	34949
19545	298	34568	164	784	0	35814
19546	233	693	105	34047	0	35078
19547	139	34294	123	806	0	35362
19548	34464	756	100	286	0	35606
19549	790	250	34463	241	0	35744
19550	291	33932	733	235	0	35191
19551	207	681	213	35568	0	36669
19552	191	253	35263	790	0	36497
19553	156	210	33713	313	0	34392
19554	144	33555	850	317	0	34866
19555	159	688	264	34018	0	35129
19556	132	213	172	34797	0	35314
19557	139	146	154	44927	0	45366
19558	47193	102	144	1691	0	49130
19559	1664	192	50473	478	0	52807
19560	409	50716	1940	444	0	53509
19561	266	2061	458	50543	0	53328
19562	172	525	267	54795	0	55759
19563	201	304	52076	2604	0	55185
19564	149	158	2068	53233	0	55608
19565	162	156	52575	2491	0	55384
19566	173	161	51956	715	0	53005
19567	170	121	52986	430	0	53707
19568	202	118	2485	49355	0	52160
19569	159	129	705	51688	0	52681
19570	141	227	367	53950	0	54685
19571	51793	101	239	2679	0	54812
19572	2026	50291	190	848	0	53355
19573	51564	2052	163	499	0	54278
19574	52819	511	181	303	0	53814
19575	53604	265	159	279	0	54307
19576	2563	52265	189	259	0	55276
19577	53791	2072	154	227	0	56244
19578	55012	506	142	271	0	55931
19579	2602	308	166	52717	0	55793
19580	831	211	155	54183	0	55380
19581	443	173	171	56393	0	57180
19582	321	207	52079	2925	0	55532
19583	51085	147	2134	986	0	54352
19584	2250	178	562	53390	0	56380
19585	52153	129	422	2576	0	55280
19586	2331	51646	322	902	0	55201
19587	657	2124	345	52569	0	55695
19588	423	688	299	54842	0	56252
19589	52800	335	321	2880	0	56336
19590	2302	203	225	53176	0	55906
19591	51732	195	219	2813	0	54959
19592	52976	191	164	951	0	54282
19593	2685	50112	183	673	0	53653
19594	898	53471	211	448	0	55028
19595	643	2821	163	50662	0	54289
19596	397	51691	187	2294	0	54569
19597	411	2419	150	52480	0	55460
19598	387	671	50746	2600	0	54404
19599	375	428	49750	982	0	51535
19600	48118	338	2272	604	0	51332
19601	51238	163	723	492	0	52616
19602	2539	50436	411	469	0	53855
19603	51771	2116	278	455	0	54620
19604	2347	54988	270	511	0	58116
19605	700	2256	256	56241	0	59453
19606	465	583	292	57774	0	59114
19607	377	390	264	57744	0	58775
19608	277	239	285	58442	0	59243
19609	55876	167	326	3068	0	59437
19610	2121	54700	323	1263	0	58407
19611	56563	2071	276	859	0	59769
19612	57963	546	278	751	0	59538
19613	2896	401	54684	520	0	58501
19614	54142	303	1970	524	0	56939
19615	2553	53626	558	450	0	57187
19616	889	2239	336	54863	0	58327
19617	712	727	222	54608	0	56269
19618	530	53512	254	2450	0	56746
19619	55714	2239	271	1016	0	59240
19620	2476	717	53199	693	0	57085
19621	53484	440	2154	708	0	56786
19622	2720	284	53811	627	0	57442
19623	993	255	2393	53321	0	56962
19624	774	328	774	55903	0	57779
19625	567	320	585	57287	0	58759
19626	55721	411	417	3297	0	59846
19627	2467	368	55201	1483	0	59519
19628	55344	368	2158	1207	0	59077
19629	58671	245	796	1035	0	60747
19630	58592	259	656	966	0	60473
19631	58691	253	592	767	0	60303
19632	3072	291	539	56610	0	60512
19633	1303	264	55050	2609	0	59226
19634	926	387	2119	55289	0	58721
19635	833	285	55543	2873	0	59534
19636	806	400	54285	1100	0	56591
19637	745	54384	2236	930	0	58295
19638	872	2098	534	51885	0	55389
19639	754	742	310	54289	0	56095
19640	781	581	250	50967	0	52579
19641	823	390	243	54852	0	56308
19642	53714	387	262	2594	0	56957
19643	55056	233	242	1036	0	56567
19644	2754	261	245	53459	0	56719
19645	1182	235	51207	2554	0	55178
19646	694	236	1806	53094	0	55830
19647	601	227	506	55640	0	56974
19648	578	205	52387	2897	0	56067
19649	604	211	1852	52374	0	55041
19650	53100	260	504	2586	0	56450
19651	54009	255	294	1123	0	55681
19652	54751	337	192	835	0	56115
19653	2790	315	163	52895	0	56163
19654	53448	279	172	2434	0	56333
19655	53762	222	255	968	0	55207
19656	2784	217	50472	825	0	54298
19657	742	160	37631	400	0	38933
19658	522	147	37089	378	0	38136
19659	31087	29	543	132	0	31791
19660	340	31013	174	123	0	31650
19661	32593	248	231	95	0	33167
19662	324	34612	107	116	0	35159
19663	310	288	57	35565	0	36220
19664	131	91	45	35358	0	35625
19665	103	53	55	35562	0	35773
19666	102	55	34525	415	0	35097
19667	31534	30	263	182	0	32009
19668	309	40	98	34941	0	35388
19669	163	39	34756	330	0	35288
19670	203	67	31599	165	0	32034
19671	32124	35	309	123	0	32591
19672	293	33063	171	109	0	33636
19673	34592	221	140	91	0	35044
19674	33799	83	54	87	0	34023
19675	314	32427	81	90	0	32912
19676	33021	220	68	69	0	33378
19677	329	96	32757	92	0	33274
19678	144	151	31711	83	0	32089
19679	156	60	33575	58	0	33849
19680	66	202	352	33024	0	33644
19681	79	70	33953	211	0	34313
19682	32263	13	195	92	0	32563
19683	33521	10	93	50	0	33674
19684	296	24	33876	41	0	34237
19685	101	23	189	32871	0	33184
19686	33540	8	119	184	0	33851
19687	205	33776	78	232	0	34291
19688	94	34740	56	64	0	34954
19689	35848	201	47	31	0	36127
19690	202	83	35608	40	0	35933
19691	66	27	100	34330	0	34523
19692	31	20	51	35272	0	35374
19693	21	13	21	35784	0	35839
19694	27	34137	42	168	0	34374
19695	26	145	31	36961	0	37163
19696	38486	42	18	285	0	38831
19697	339	17	9	39159	0	39524
19698	115	38201	51	426	0	38793
19699	40767	419	22	145	0	41353
19700	447	148	20	40136	0	40751
19701	167	59	18	41855	0	42099
19702	42319	39	21	626	0	43005
19703	42444	37	15	233	0	42729
19704	786	23	18	41105	0	41932
19705	42267	21	12	748	0	43048
19706	42555	35	16	270	0	42876
19707	931	41698	41	331	0	43001
19708	43818	695	19	116	0	44648
19709	843	42557	46	119	0	43565
19710	331	784	19	43524	0	44658
19711	202	283	43356	817	0	44658
19712	145	112	708	43445	0	44410
19713	128	82	205	44375	0	44790
19714	125	67	81	45652	0	45925
19715	44854	52	50	1132	0	46088
19716	864	43926	67	454	0	45311
19717	46449	798	22	216	0	47485
19718	977	46764	61	185	0	47987
19719	49297	931	42	138	0	50408
19720	49673	336	43	141	0	50193
19721	50022	160	48	164	0	50394
19722	49744	116	58	156	0	50074
19723	1357	141	48098	142	0	49738
19724	508	118	938	47862	0	49426
19725	313	277	275	51672	0	52537
19726	256	135	49880	1428	0	51699
19727	48078	105	1155	475	0	49813
19728	1277	94	314	50441	0	52126
19729	483	115	48731	1367	0	50696
19730	340	129	48325	447	0	49241
19731	267	86	1399	50175	0	51927
19732	308	111	51756	1358	0	53533
19733	258	194	1306	50274	0	52032
19734	210	158	419	52083	0	52870
19735	264	85	49523	1607	0	51479
19736	46700	80	1261	612	0	48653
19737	1360	88	386	49976	0	51810
19738	539	91	50165	1433	0	52228
19739	332	70	1296	51116	0	52814
19740	51505	50	469	1564	0	53588
19741	1400	61	50012	602	0	52075
19742	48705	43	1315	457	0	50520
19743	52135	48	474	387	0	53044
19744	1684	52	316	51280	0	53332
19745	619	68	243	51473	0	52403
19746	393	106	50096	1707	0	52302
19747	326	80	1331	49912	0	51649
19748	295	106	481	49068	0	49950
19749	249	72	309	51600	0	52230
19750	296	70	48562	1892	0	50820
19751	47872	58	1322	800	0	50052
19752	50474	76	483	553	0	51586
19753	51433	69	296	465	0	52263
19754	53226	89	242	414	0	53971
19755	1927	125	225	52644	0	54921
19756	52718	96	224	1637	0	54675
19757	53986	106	211	704	0	55007
19758	49603	144	321	568	0	50636
19759	53953	62	239	495	0	54749
19760	1951	52110	251	466	0	54778
19761	55225	1308	218	449	0	57200
19762	54030	334	228	454	0	55046
19763	2206	52963	230	439	0	55838
19764	54372	1633	219	404	0	56628
19765	2212	436	197	54146	0	56991
19766	988	217	208	55798	0	57211
19767	53722	147	208	2274	0	56351
19768	2077	52288	266	918	0	55549
19769	906	54320	246	603	0	56075
19770	656	2097	212	55722	0	58687
19771	653	593	55297	1981	0	58524
19772	585	300	1720	54311	0	56916
19773	529	212	505	57385	0	58631
19774	55556	185	353	2382	0	58476
19775	56494	160	289	901	0	57844
19776	2409	161	219	55897	0	58686
19777	929	195	54716	2162	0	58002
19778	668	255	1711	55687	0	58321
19779	56752	177	566	2213	0	59708
19780	2240	199	57173	897	0	60509
19781	892	57728	2013	705	0	61338
19782	60762	1953	608	588	0	63911
19783	2402	551	365	59664	0	62982
19784	953	314	281	61905	0	63453
19785	659	235	259	64122	0	65275
19786	566	220	60228	3022	0	64036
19787	54025	145	2125	1342	0	57637
19788	2484	168	57507	880	0	61039
19789	989	56999	2210	686	0	60884
19790	781	1886	730	58650	0	62047
19791	652	550	443	61073	0	62718
19792	599	307	342	64670	0	65918
19793	542	241	60925	3386	0	65094
19794	533	215	61094	1328	0	63170
19795	502	213	60824	895	0	62434
19796	473	60976	2588	683	0	64720
19797	446	2023	1274	62835	0	66578
19798	63977	505	474	2361	0	67317
19799	67975	332	373	855	0	69535
19800	3019	270	67543	676	0	71508
19801	1044	68438	2356	694	0	72532
19802	790	2370	67282	497	0	70939
19803	490	70387	2413	505	0	73795
19804	69139	2594	1202	410	0	73345
19805	69259	698	570	439	0	70966
19806	2826	66770	380	458	0	70434
19807	68648	2443	503	375	0	71969
19808	2772	659	321	67336	0	71088
19809	931	476	297	70636	0	72340
19810	69373	304	305	2930	0	72912
19811	68025	308	256	1042	0	69631
19812	67901	255	220	699	0	69075
19813	3099	64534	284	542	0	68459
19814	1153	70083	250	562	0	72048
19815	70246	2734	239	449	0	73668
19816	2752	913	67973	425	0	72063
19817	973	689	2121	67875	0	71658
19818	66042	384	657	2420	0	69503
19819	2601	64632	500	817	0	68550
19820	1013	69800	330	561	0	71704
19821	71090	2744	252	387	0	74473
19822	2704	998	67801	359	0	71862
19823	67523	601	2221	382	0	70727
19824	2739	458	66918	334	0	70449
19825	980	427	68554	311	0	70272
19826	761	344	2404	67246	0	70755
19827	747	338	69216	2071	0	72372
19828	68083	345	2215	668	0	71311
19829	71670	304	762	492	0	73228
19830	71811	317	553	430	0	73111
19831	71123	277	420	387	0	72207
19832	2966	298	365	68043	0	71672
19833	68780	267	367	2113	0	71527
19834	2620	66528	356	807	0	70311
19835	1126	2058	330	65575	0	69089
19836	865	68161	314	1944	0	71284
19837	73049	2213	292	691	0	76245
19838	72551	763	299	588	0	74201
19839	2812	539	312	71221	0	74884
19840	72185	386	356	2269	0	75196
19841	73562	369	350	851	0	75132
19842	2851	443	345	72031	0	75670
19843	1354	385	343	72782	0	74864
19844	1025	388	329	74601	0	76343
19845	934	367	69836	2863	0	74000
19846	841	392	66331	1143	0	68707
19847	790	346	70086	818	0	72040
19848	740	304	2618	70120	0	73782
19849	776	349	72834	2341	0	76300
19850	730	347	2428	71104	0	74609
19851	784	365	77854	2550	0	81553
19852	794	363	75219	1049	0	77425
19853	71446	349	2649	824	0	75268
19854	2347	72378	1133	723	0	76581
19855	75754	2029	893	530	0	79206
19856	2569	693	560	74367	0	78189
19857	1189	491	511	76033	0	78224
19858	922	485	73603	2770	0	77780
19859	827	73009	1973	1328	0	77137
19860	693	2081	781	76806	0	80361
19861	786	783	75390	2231	0	79190
19862	681	72679	1908	902	0	76170
19863	700	1797	718	74808	0	78023
19864	73888	643	904	2031	0	77466
19865	73876	529	475	877	0	75757
19866	2273	399	494	73930	0	77096
19867	74448	390	468	1960	0	77266
19868	2198	72688	509	867	0	76262
19869	1080	1786	476	75685	0	79027
19870	938	719	76132	1942	0	79731
19871	801	528	1923	76875	0	80127
19872	797	432	77238	2398	0	80865
19873	74738	362	2120	940	0	78160
19874	2370	336	761	77733	0	81200
19875	1078	77112	623	2246	0	81059
19876	888	2067	468	81925	0	85348
19877	936	718	79186	2482	0	83322
19878	869	582	78298	1054	0	80803
19879	758	459	76635	809	0	78661
19880	72635	384	2715	580	0	76314
19881	1949	73536	911	575	0	76971
19882	800	1623	622	75077	0	78122
19883	75642	603	577	1806	0	78628
19884	1800	73180	558	851	0	76389
19885	79371	1684	577	643	0	82275
19886	80558	624	472	564	0	82218
19887	81717	440	467	569	0	83193
19888	83173	339	493	517	0	84522
19889	2495	399	79058	495	0	82447
19890	79069	283	1825	508	0	81685
19891	2248	235	79915	717	0	83115
19892	70079	294	1713	521	0	72607
19893	1862	178	790	78349	0	81179
19894	985	198	76508	1487	0	79178
19895	730	74105	1519	724	0	77078
19896	831	2878	794	71719	0	76222
19897	609	72666	503	1201	0	74979
19898	567	74007	406	618	0	75598
19899	68984	1153	529	372	0	71038
19900	1044	359	68931	263	0	70597
19901	427	65398	733	248	0	66806
19902	66490	938	286	156	0	67870
19903	734	66678	187	147	0	67746
19904	69822	611	201	99	0	70733
19905	722	233	146	68375	0	69476
19906	70131	136	140	579	0	70986
19907	716	147	137	68163	0	69163
19908	69863	142	131	706	0	70842
19909	726	137	123	68628	0	69614
19910	346	69682	152	649	0	70829
19911	233	563	135	73120	0	74051
19912	72997	234	148	667	0	74046
19913	688	71270	141	320	0	72419
19914	250	649	122	72092	0	73113
19915	73321	290	117	655	0	74383
19916	663	238	72	73574	0	74547
19917	321	146	113	73275	0	73855
19918	241	233	73715	772	0	74961
19919	251	223	70828	344	0	71646
19920	236	143	648	69647	0	70674
19921	235	180	74770	678	0	75863
19922	209	119	582	73617	0	74527
19923	198	163	284	70677	0	71322
19924	168	172	182	75826	0	76348
19925	256	92	74806	880	0	76034
19926	202	148	561	71046	0	71957
19927	190	137	188	74389	0	74904
19928	175	74210	138	993	0	75516
19929	207	603	105	79033	0	79948
19930	78622	200	154	807	0	79783
19931	656	166	145	78956	0	79923
19932	287	141	87361	836	0	88625
19933	81157	157	1151	444	0	82909
19934	1274	92675	548	435	0	94932
19935	610	1352	332	96501	0	98795
19936	478	574	93539	1637	0	96228
19937	87105	341	1483	836	0	89765
19938	1517	90469	696	1159	0	93841
19939	94418	1509	470	376	0	96773
19940	1732	560	271	94339	0	96902
19941	94105	382	259	1677	0	96423
19942	1910	301	92119	725	0	95055
19943	779	88461	1474	634	0	91348
19944	544	98539	615	425	0	100123
19945	101052	1773	401	322	0	103548
19946	100828	791	303	326	0	102248
19947	2052	537	98894	227	0	101710
19948	95270	310	1432	238	0	97250
19949	99864	274	579	220	0	100937
19950	101415	151	423	225	0	102214
19951	2318	94094	277	221	0	96910
19952	1087	96435	227	448	0	98197
19953	98641	1798	203	203	0	100845
19954	99708	817	140	215	0	100880
19955	1979	99335	198	226	0	101738
19956	1000	1595	99	102889	0	105583
19957	667	764	101119	1519	0	104069
19958	99494	476	1397	648	0	102015
19959	104179	348	726	465	0	105718
19960	108427	227	449	287	0	109390
19961	2110	103095	322	324	0	105851
19962	1065	1708	104254	204	0	107231
19963	107302	577	1377	225	0	109481
19964	1769	455	579	111062	0	113865
19965	845	332	444	110946	0	112567
19966	649	270	233	115010	0	116162
19967	570	245	111876	2233	0	114924
19968	412	190	1394	109507	0	111503
19969	431	259	112072	1982	0	114744
19970	209	105850	1460	948	0	108467
19971	107393	1227	565	497	0	109682
19972	1184	105878	433	349	0	107844
19973	590	108495	236	303	0	109624
19974	109927	1590	163	149	0	111829
19975	1244	109467	198	240	0	111149
19976	622	1468	75	110508	0	112673
19977	489	108949	139	1074	0	110651
19978	112508	1438	71	402	0	114419
19979	1349	110519	111	401	0	112380
19980	650	1622	72	114507	0	116851
19981	593	772	110499	1423	0	113287
19982	324	491	1261	112375	0	114451
19983	234	111580	649	2005	0	114468
19984	211	1499	399	117661	0	119770
19985	230	734	229	115344	0	116537
19986	272	476	160	113958	0	114866
19987	240	270	135	116551	0	117196
19988	252	236	139	116918	0	117545
19989	236	216	143	117430	0	118025
19990	275	246	112127	2709	0	115357
19991	107226	172	1818	1375	0	110591
19992	1904	194	736	122008	0	124842
19993	853	227	119130	2526	0	122736
19994	719	468	116498	1164	0	118849
19995	422	222	2835	120649	0	124128
19996	123286	208	1488	2641	0	127623
19997	2390	345	118282	1162	0	122179
19998	117489	259	2562	920	0	121230
19999	2959	300	121628	752	0	125639
20000	1367	314	2818	120078	0	124577
20001	1037	321	1171	126693	0	129222
20002	787	340	123367	3120	0	127614
20003	113767	333	2676	1604	0	118380
20004	2641	298	1114	122924	0	126977
20005	1282	394	121355	2817	0	125848
20006	1075	332	120498	1311	0	123216
20007	765	336	3185	114258	0	118544
20008	594	117310	1723	2352	0	121979
20009	123692	2263	1106	1122	0	128183
20010	121264	964	775	951	0	123954
20011	3432	809	121358	977	0	126576
20012	1731	509	2582	116443	0	121265
20013	122029	376	1161	2799	0	126365
20014	3093	359	119716	1320	0	124488
20015	116052	246	2769	1136	0	120203
20016	3169	114444	1483	896	0	119992
20017	1469	2344	1025	121402	0	126240
20018	1164	881	813	123578	0	126436
20019	125400	676	652	3534	0	130262
20020	3120	437	624	125194	0	129375
20021	1387	375	595	124772	0	127129
20022	1076	300	553	126740	0	128669
20023	122650	241	583	4627	0	128101
20024	3221	331	119030	2283	0	124865
20025	118077	294	2876	1656	0	122903
20026	121711	282	1204	1287	0	124484
20027	122921	279	1035	1045	0	125280
20028	4440	331	719	119033	0	124523
20029	2489	397	117903	3429	0	124218
20030	1556	112720	3276	1638	0	119190
20031	1101	118469	1373	1473	0	122416
20032	759	112711	806	948	0	115224
20033	879	3152	110361	821	0	115213
20034	570	1252	2803	132153	0	136778
20035	136220	629	877	4344	0	142070
20036	148379	441	702	1939	0	151461
20037	5628	304	485	154897	0	161314
20038	2487	342	152459	5351	0	160639
20039	1644	340	153180	2191	0	157355
20040	1023	205	5777	154961	0	161966
20041	877	290	153412	5675	0	160254
20042	783	230	5596	156319	0	162928
20043	690	468	2241	153620	0	157019
20044	765	151609	1662	6544	0	160580
20045	858	4638	1095	156011	0	162602
20046	737	1614	853	164635	0	167839
20047	156739	1078	1011	7491	0	166319
20048	5312	618	978	159080	0	165988
20049	2150	475	828	163910	0	167363
20050	154253	388	1041	7755	0	163437
20051	5470	151655	1021	4030	0	162176
20052	157671	4821	841	2701	0	166034
20053	6451	1936	151420	1930	0	161737
20054	152751	1158	5301	1984	0	161194
20055	155773	759	2303	1860	0	160695
20056	7679	650	147459	1510	0	157298
20057	3555	617	147509	1850	0	153531
20058	2530	551	6899	143531	0	153511
20059	143514	445	3331	6142	0	153432
20060	6223	577	139712	3175	0	149687
20061	3055	415	6244	141391	0	151105
20062	2236	514	138817	6623	0	148190
20063	1836	424	6719	137706	0	146685
20064	1674	408	3231	143977	0	149290
20065	139533	460	2520	8300	0	150813
20066	140638	521	1734	4671	0	147564
20067	144254	666	1465	3473	0	149858
20068	8550	680	137685	2697	0	149612
20069	4041	641	137778	2783	0	145243
20070	2975	581	7217	136102	0	146875
20071	2389	640	3539	138531	0	145099
20072	2073	565	2479	144989	0	150106
20073	133730	523	1972	8951	0	145176
20074	6540	134915	1736	4829	0	148020
20075	134010	5284	1570	3426	0	144290
20076	132560	2032	1587	2566	0	138745
20077	8034	129422	1856	2379	0	141691
20078	4330	133536	1616	2279	0	141761
20079	128984	6242	1674	2501	0	139401
20080	6411	2576	1742	124846	0	135575
20081	3689	126501	1529	7288	0	139007
20082	3671	5312	1319	130250	0	140552
20083	3118	2386	123930	7912	0	137346
20084	2799	1563	5942	128357	0	138661
20085	126967	1150	3609	8124	0	139850
20086	6809	1078	124146	4746	0	136779
20087	3573	970	122668	4115	0	131326
20088	3159	2875	7946	109333	0	123313
20089	2552	112658	4472	6973	0	126655
20090	2388	116699	2841	4592	0	126520
20091	2169	121147	2180	4264	0	129760
20092	115490	6235	2115	3735	0	127575
20093	117181	2710	1551	3766	0	125208
20094	111967	1674	1735	3707	0	119083
20095	7135	110559	1663	4048	0	123405
20096	114707	4439	1539	3581	0	124266
20097	114768	2291	1452	3279	0	121790
20098	7933	2343	106515	2941	0	119732
20099	5080	105751	5176	2399	0	118406
20100	4131	5344	3082	107492	0	120049
20101	107456	2850	2532	5736	0	118574
20102	7198	1971	102209	3516	0	114894
20103	4150	1526	5832	100786	0	112294
20104	3263	103044	3512	6589	0	116408
20105	3110	4682	2792	102939	0	113523
20106	2930	2155	2591	108566	0	116242
20107	105655	1643	2620	8020	0	117938
20108	107536	1543	2415	4980	0	116474
20109	7235	1359	2461	106589	0	117644
20110	4190	1565	101366	7169	0	114290
20111	3550	1557	101575	4637	0	111319
20112	103865	1596	6073	3875	0	115409
20113	7718	1672	101605	2939	0	113934
20114	4946	1469	5699	89316	0	101430
20115	4197	97207	3446	5236	0	110086
20116	98511	4546	3086	3215	0	109358
20117	6636	97673	2761	3086	0	110156
20118	100781	4998	2387	3350	0	111516
20119	6837	2350	2289	98876	0	110352
20120	4442	1959	1966	102539	0	110906
20121	99886	1924	1896	7039	0	110745
20122	102564	1893	1864	3771	0	110092
20123	8040	1999	1735	99293	0	111067
20124	5091	2365	1573	101400	0	110429
20125	4080	2207	94358	6642	0	107287
20126	3209	2142	94041	4112	0	103504
20127	95216	1948	5646	3455	0	106265
20128	6222	1950	89543	3293	0	101008
20129	91699	1470	5151	3620	0	101940
20130	95780	1218	3027	3362	0	103387
20131	7316	1190	87135	3156	0	98797
20132	4492	83467	4919	2887	0	95765
20133	3752	87820	3473	2210	0	97255
20134	1995	2398	60408	1247	0	66048
20135	2528	8501	3659	47826	0	62514
20136	43943	1076	2157	1718	0	48894
20137	41251	307	314	679	0	42551
20138	46288	252	237	541	0	47318
20139	56449	235	203	504	0	57391
20140	57640	229	244	469	0	58582
20141	2999	56789	372	440	0	60600
20142	54639	2140	198	282	0	57259
20143	2480	54333	271	238	0	57322
20144	54080	2217	416	162	0	56875
20145	2413	600	50380	103	0	53496
20146	708	226	1760	49500	0	52194
20147	485	133	424	47466	0	48508
20148	283	48418	238	2313	0	51252
20149	49685	1921	119	560	0	52285
20150	51163	574	58	251	0	52046
20151	2482	316	64	48685	0	51547
20152	804	165	122	51014	0	52105
20153	49030	84	110	2454	0	51678
20154	2086	102	92	49279	0	51559
20155	619	145	78	51273	0	52115
20156	49281	134	85	2467	0	51967
20157	2236	103	64	49603	0	52006
20158	49381	94	67	2327	0	51869
20159	51086	86	71	769	0	52012
20160	2669	92	47843	393	0	50997
20161	49249	81	1826	319	0	51475
20162	49909	69	434	322	0	50734
20163	50235	77	205	274	0	50791
20164	2752	121	45626	272	0	48771
20165	1010	90	1850	44452	0	47402
20166	651	78	476	48104	0	49309
20167	469	101	45239	2452	0	48261
20168	44440	83	1988	763	0	47274
20169	2326	92	495	45196	0	48109
20170	932	84	43762	2141	0	46919
20171	609	90	45654	629	0	46982
20172	436	92	2227	45450	0	48205
20173	441	87	45290	2272	0	48090
20174	390	104	2179	45156	0	47829
20175	456	90	626	47345	0	48517
20176	467	251	43713	2641	0	47072
20177	400	144	1986	41600	0	44130
20178	405	42498	686	2116	0	45705
20179	400	45788	408	755	0	47351
20180	44112	2357	365	464	0	47298
20181	44586	665	300	436	0	45987
20182	2466	43851	242	485	0	47044
20183	44208	2021	269	404	0	46902
20184	45371	573	265	387	0	46596
20185	2798	373	189	43392	0	46752
20186	1043	350	182	45830	0	47405
20187	42830	284	192	2666	0	45972
20188	2414	41945	203	988	0	45550
20189	998	44475	178	609	0	46260
20190	806	2504	216	43751	0	47277
20191	752	780	42519	2337	0	46388
20192	42657	397	1972	966	0	45992
20193	44247	381	598	777	0	46003
20194	42541	263	342	577	0	43723
20195	3022	42518	252	482	0	46274
20196	1333	2378	235	41118	0	45064
20197	954	732	229	45124	0	47039
20198	42812	442	295	2872	0	46421
20199	2675	42762	270	1100	0	46807
20200	1305	2306	252	42617	0	46480
20201	1157	704	248	44556	0	46665
20202	1050	552	237	45422	0	47261
20203	42965	407	273	3181	0	46826
20204	2885	42941	302	1391	0	47519
20205	1409	2545	267	40666	0	44887
20206	1117	42610	326	2888	0	46941
20207	42913	2492	368	1068	0	46841
20208	2901	783	41124	1002	0	45810
20209	41639	555	2201	1000	0	45395
20210	2931	385	40033	957	0	44306
20211	1172	693	2058	38300	0	42223
20212	38503	370	842	2629	0	42344
20213	2660	342	37248	1246	0	41496
20214	38292	262	1967	946	0	41467
20215	39846	212	887	919	0	41864
20216	40372	174	536	873	0	41955
20217	3065	176	472	37536	0	41249
20218	1386	188	423	38634	0	40631
20219	1158	140	394	39655	0	41347
20220	36523	155	433	3082	0	40193
20221	2500	36863	421	1438	0	41222
20222	37764	1798	418	881	0	40861
20223	39456	523	457	697	0	41133
20224	3030	359	36260	669	0	40318
20225	37438	296	1975	686	0	40395
20226	39201	223	726	732	0	40882
20227	2901	252	587	37118	0	40858
20228	1322	284	526	38719	0	40851
20229	943	271	495	39662	0	41371
20230	36675	257	494	2849	0	40275
20231	37302	223	527	1258	0	39310
20232	35473	195	452	902	0	37022
20233	2561	32359	460	747	0	36127
20234	878	31336	468	690	0	33372
20235	514	32157	402	725	0	33798
20236	31081	2080	498	755	0	34414
20237	1991	674	29870	698	0	33233
20238	668	367	24926	566	0	26527
20239	13930	126	759	155	0	14970
20240	481	49	13854	118	0	14502
20241	68	15	180	10459	0	10722
20242	46	10470	62	163	0	10741
20243	11288	183	24	47	0	11542
20244	11333	46	14	38	0	11431
20245	11499	25	13	27	0	11564
20246	247	29	10	12339	0	12625
20247	95	19	12763	192	0	13069
20248	69	22	12327	53	0	12471
20249	12599	15	297	35	0	12946
20250	13320	16	50	39	0	13425
20251	13147	22	20	29	0	13218
20252	249	24	26	13142	0	13441
20253	90	72	21	13397	0	13580
20254	61	32	13039	232	0	13364
20255	12799	11	189	55	0	13054
20256	223	29	42	13616	0	13910
20257	93	20	27	13599	0	13739
20258	49	80	20	13515	0	13664
20259	58	13177	30	256	0	13521
20260	59	197	25	13720	0	14001
20261	73	44	31	13779	0	13927
20262	13678	28	75	244	0	14025
20263	231	33	13219	80	0	13563
20264	13035	15	191	66	0	13307
20265	13781	24	49	40	0	13894
20266	269	18	22	13482	0	13791
20267	98	25	27	13710	0	13860
20268	13630	18	22	256	0	13926
20269	238	36	13129	83	0	13486
20270	105	12574	188	164	0	13031
20271	75	186	57	13023	0	13341
20272	12956	46	39	203	0	13244
20273	229	30	32	12585	0	12876
20274	113	24	12341	220	0	12698
20275	73	40	12450	84	0	12647
20276	12717	12	214	65	0	13008
20277	222	17	67	13138	0	13444
20278	107	11	12950	209	0	13277
20279	12564	9	222	61	0	12856
20280	13559	12	40	48	0	13659
20281	205	12	23	13332	0	13572
20282	85	20	17	13497	0	13619
20283	53	13001	42	196	0	13292
20284	14144	154	11	73	0	14382
20285	195	33	17	14143	0	14388
20286	77	26	20	14548	0	14671
20287	59	22	14463	195	0	14739
20288	13360	21	158	73	0	13612
20289	14299	10	50	49	0	14408
20290	204	13491	47	67	0	13809
20291	80	154	13512	41	0	13787
20292	54	37	13778	40	0	13909
20293	54	115	288	13386	0	13843
20294	14150	13	182	165	0	14510
20295	141	15	17	13908	0	14081
20296	14974	10	23	152	0	15159
20297	15039	9	11	46	0	15105
20298	15198	11	21	39	0	15269
20299	165	23	22	14986	0	15196
20300	48	22	14	15442	0	15526
20301	15941	9	20	162	0	16132
20302	154	19	16195	51	0	16419
20303	14061	8	67	19	0	14155
20304	14390	4	18	23	0	14435
20305	56	9	15360	6	0	15431
20306	8	11	15003	16	0	15038
20307	8	14346	60	14	0	14428
20308	6	100	7	15331	0	15444
20309	12108	77	61	67	0	12313
20310	13	3	2	15073	0	15091
20311	11	2	15719	18	0	15750
20312	3	14629	22	26	0	14680
20313	10	15203	16	15	0	15244
20314	4	18	5	15890	0	15917
20315	3	8	3	15566	0	15580
20316	2	15297	9	27	0	15335
20317	13	31	15396	11	0	15451
20318	14265	8	21	17	0	14311
20319	16161	3	8	7	0	16179
20320	19	15493	20	9	0	15541
20321	15421	17	2	1	0	15441
20322	20	9	2	15119	0	15150
20323	15258	6	3	15	0	15282
20324	23	5	4	14795	0	14827
20325	10	15427	15	30	0	15482
20326	13	29	15935	12	0	15989
20327	5	10	22	17371	0	17408
20328	7	16	12	17250	0	17285
20329	5	2	4	18549	0	18560
20330	19316	0	1	79	0	19396
20331	88	1	1	19408	0	19498
20332	52	9	20549	105	0	20715
20333	19	43	20536	41	0	20639
20334	21947	3	152	17	0	22119
20335	166	20	22277	13	0	22476
20336	22154	4	169	11	0	22338
20337	185	4	49	24395	0	24633
20338	56	5	17	24682	0	24760
20339	24	6	14	26581	0	26625
20340	13	3	15	26729	0	26760
20341	26195	3	17	463	0	26678
20342	367	32	25913	136	0	26448
20343	103	13	343	25651	0	26110
20344	42	26162	112	360	0	26676
20345	26558	352	36	121	0	27067
20346	364	107	30	25799	0	26300
20347	25474	34	20	435	0	25963
20348	424	31	24932	144	0	25531
20349	139	15	379	23763	0	24296
20350	60	24488	122	357	0	25027
20351	25381	358	42	134	0	25915
20352	416	108	24932	77	0	25533
20353	132	46	392	24497	0	25067
20354	75	20	117	25635	0	25847
20355	25415	19	61	511	0	26006
20356	428	32	24898	169	0	25527
20357	137	28	25220	123	0	25508
20358	84	24	484	25243	0	25835
20359	94	29	25322	440	0	25885
20360	78	23	25822	178	0	26101
20361	63	31	607	25655	0	26356
20362	69	24	188	26164	0	26445
20363	67	17	121	27638	0	27843
20364	27322	18	101	580	0	28021
20365	452	27206	104	289	0	28051
20366	27719	407	98	167	0	28391
20367	510	120	86	27926	0	28642
20368	191	27872	103	531	0	28697
20369	104	457	84	30048	0	30693
20370	30715	116	70	673	0	31574
20371	652	31950	91	380	0	33073
20372	229	718	73	34188	0	35208
20373	149	206	33179	912	0	34446
20374	33148	103	816	338	0	34405
20375	839	81	240	34135	0	35295
20376	272	70	141	34937	0	35420
20377	219	74	33559	1127	0	34979
20378	185	94	32888	425	0	33592
20379	32572	69	1032	291	0	33964
20380	871	32541	377	257	0	34046
20381	312	811	201	33457	0	34781
20382	33701	241	159	966	0	35067
20383	980	140	33000	424	0	34544
20384	341	32749	896	293	0	34279
20385	208	870	309	33841	0	35228
20386	33905	246	206	1009	0	35366
20387	33601	155	173	441	0	34370
20388	34072	116	166	319	0	34673
20389	1113	32773	183	320	0	34389
20390	461	837	32834	273	0	34405
20391	286	276	907	33794	0	35263
20392	232	189	370	33083	0	33874
20393	208	123	233	34820	0	35384
20394	201	100	188	35517	0	36006
20395	34509	99	184	1321	0	36113
20396	33804	98	168	597	0	34667
20397	1176	110	32912	417	0	34615
20398	469	137	32398	342	0	33346
20399	31981	90	1105	341	0	33517
20400	33257	127	406	297	0	34087
20401	1208	131	256	31464	0	33059
20402	508	31647	242	979	0	33376
20403	31972	893	196	462	0	33523
20404	1011	31135	229	369	0	32744
20405	408	31861	203	413	0	32885
20406	392	1012	165	33191	0	34760
20407	314	471	161	33919	0	34865
20408	285	216	164	33935	0	34600
20409	244	198	186	34341	0	34969
20410	252	178	32279	1372	0	34081
20411	31798	151	912	602	0	33463
20412	33580	149	354	448	0	34531
20413	1226	153	238	31995	0	33612
20414	490	153	224	32865	0	33732
20415	32544	137	180	1279	0	34140
20416	1130	195	30428	551	0	32304
20417	31682	133	923	408	0	33146
20418	32791	164	365	381	0	33701
20419	1310	149	30597	347	0	32403
20420	32502	136	935	317	0	33890
20421	1156	136	369	33175	0	34836
20422	488	148	264	33769	0	34669
20423	366	123	222	34034	0	34745
20424	336	139	205	34141	0	34821
20425	32550	151	186	1404	0	34291
20426	1075	118	187	32049	0	33429
20427	419	122	153	30576	0	31270
20428	310	28283	176	1308	0	30077
20429	293	29327	149	576	0	30345
20430	242	890	172	29187	0	30491
20431	29075	288	126	1065	0	30554
20432	969	162	109	27695	0	28935
20433	360	126	25778	1010	0	27274
20434	274	131	23961	417	0	24783
20435	23849	76	817	320	0	25062
20436	819	24162	310	272	0	25563
20437	23277	636	203	211	0	24327
20438	860	173	22847	179	0	24059
20439	553	398	594	21293	0	22838
20440	21636	90	194	598	0	22518
20441	607	20833	145	296	0	21881
20442	21528	489	126	242	0	22385
20443	660	164	21746	201	0	22771
20444	252	167	480	21597	0	22496
20445	182	84	220	22326	0	22812
20446	22677	60	116	715	0	23568
20447	22386	65	130	274	0	22855
20448	23334	87	108	206	0	23735
20449	23234	110	58	171	0	23573
20450	23484	102	78	166	0	23830
20451	719	22807	82	206	0	23814
20452	307	461	75	24158	0	25001
20453	24342	151	96	589	0	25178
20454	608	196	57	23855	0	24716
20455	293	68	59	24301	0	24721
20456	251	57	56	24472	0	24836
20457	216	23032	79	674	0	24001
20458	23762	481	77	283	0	24603
20459	555	221	90	23528	0	24394
20460	22405	68	88	616	0	23177
20461	21978	58	45	334	0	22415
20462	644	20960	69	251	0	21924
20463	21987	440	66	187	0	22680
20464	649	129	20806	158	0	21742
20465	21000	75	435	96	0	21606
20466	602	100	259	20912	0	21873
20467	232	55	21216	459	0	21962
20468	177	19994	454	239	0	20864
20469	269	359	20317	138	0	21083
20470	90	18784	219	82	0	19175
20471	18120	287	252	100	0	18759
20472	18071	24	11	24	0	18130
20473	17810	8	8	22	0	17848
20474	78	17309	24	23	0	17434
20475	17895	18	10	12	0	17935
20476	42	23	16982	6	0	17053
20477	22	26	17202	10	0	17260
20478	12	20	53	16661	0	16746
20479	9	8	6	18860	0	18883
20480	7	18277	24	62	0	18370
20481	19380	47	4	10	0	19441
20482	54	10	4	19239	0	19307
20483	12	18073	17	158	0	18260
20484	2	63	3	19450	0	19518
20485	19237	17	5	76	0	19335
20486	18701	9	4	33	0	18747
20487	88	23	17727	13	0	17851
20488	30	4	70	17784	0	17888
20489	26	18	18267	73	0	18384
20490	12	6	67	18156	0	18241
20491	21	16	18237	95	0	18369
20492	7	7	88	17894	0	17996
20493	16	15	18350	107	0	18488
20494	9	5	96	17963	0	18073
20495	20	13	18734	105	0	18872
20496	9	11	103	18360	0	18483
20497	7	8	38	18962	0	19015
20498	6	19833	63	140	0	20042
20499	12	91	13	21511	0	21627
20500	18	32	20909	120	0	21079
20501	6	28	95	20578	0	20707
20502	14	7	32	21498	0	21551
20503	22047	2	30	133	0	22212
20504	94	11	16	22063	0	22184
20505	34	6	16	22010	0	22066
20506	29	22	20811	147	0	21009
20507	19854	5	90	78	0	20027
20508	88	5	41	21712	0	21846
20509	36	86	28	21727	0	21877
20510	19	7	20	22027	0	22073
20511	22089	5	15	205	0	22314
20512	100	7	11	22128	0	22246
20513	35	2	14	22264	0	22315
20514	22208	6	19	180	0	22413
20515	99	21794	14	187	0	22094
20516	53	101	10	22247	0	22411
20517	27	41	8	22332	0	22408
20518	17	29	21815	176	0	22037
20519	16294	39	162	163	0	16658
20520	106	7	42	21346	0	21501
20521	57	12	20684	142	0	20895
20522	20536	2	104	83	0	20725
20523	117	6	42	21743	0	21908
20524	62	10	29	22047	0	22148
20525	37	7	8	22219	0	22271
20526	20	6	18	22715	0	22759
20527	30	17	23594	551	0	24192
20528	23	8	226	23811	0	24068
20529	24	9	72	33273	0	33378
20530	34	30	38772	833	0	39669
20531	40146	6	1078	310	0	41540
20532	42506	9	409	268	0	43192
20533	42833	12	323	122	0	43290
20534	1994	10	168	41733	0	43905
20535	42905	11	91	1305	0	44312
20536	43804	8	57	511	0	44380
20537	1984	6	45	43109	0	45144
20538	43386	7	37	1509	0	44939
20539	43508	6	58	567	0	44139
20540	43446	10	37	485	0	43978
20541	44335	7	31	302	0	44675
20542	2290	20	35	41719	0	44064
20543	1121	40659	59	1369	0	43208
20544	769	41546	89	545	0	42949
20545	468	42517	87	460	0	43532
20546	41622	1910	36	290	0	43858
20547	43150	930	37	188	0	44305
20548	1974	642	40704	172	0	43492
20549	42043	301	1267	193	0	43804
20550	2025	161	452	42995	0	45633
20551	949	104	370	42781	0	44204
20552	718	79	201	43703	0	44701
20553	42194	58	94	2261	0	44607
20554	1689	113	91	42122	0	44015
20555	812	40396	70	2007	0	43285
20556	653	1431	30	42713	0	44827
20557	480	561	41573	1969	0	44583
20558	321	493	1288	42925	0	45027
20559	43088	320	486	1953	0	45847
20560	1961	220	41659	858	0	44698
20561	800	122	1464	42692	0	45078
20562	725	132	574	42555	0	43986
20563	506	105	434	43735	0	44780
20564	349	42038	274	2249	0	44910
20565	295	1377	141	44589	0	46402
20566	43171	519	104	2225	0	46019
20567	42991	435	123	1035	0	44584
20568	2138	262	40957	737	0	44094
20569	1106	197	41169	552	0	43024
20570	810	196	1772	40586	0	43364
20571	522	112	866	42557	0	44057
20572	356	133	40439	2183	0	43111
20573	380	223	1606	38065	0	40274
20574	345	39539	694	1924	0	42502
20575	41438	1417	519	974	0	44348
20576	42169	560	308	764	0	43801
20577	42058	435	204	602	0	43299
20578	2478	301	40053	490	0	43322
20579	1311	194	1471	40851	0	43827
20580	988	149	40180	1773	0	43090
20581	39671	107	1812	833	0	42423
20582	1848	39772	805	784	0	43209
20583	892	1395	547	41191	0	44025
20584	41136	532	407	1820	0	43895
20585	1835	475	243	41117	0	43670
20586	871	308	234	42810	0	44223
20587	789	240	39888	2381	0	43298
20588	38708	214	1522	1278	0	41722
20589	1939	39741	686	955	0	43321
20590	1067	1356	543	41296	0	44262
20591	41413	545	352	1848	0	44158
20592	2068	456	271	41483	0	44278
20593	40864	315	264	2235	0	43678
20594	2181	40044	239	1218	0	43682
20595	42610	1501	175	910	0	45196
20596	2437	661	40892	656	0	44646
20597	42543	528	1522	588	0	45181
20598	42347	339	651	595	0	43932
20599	42809	231	587	537	0	44164
20600	2873	245	412	40686	0	44216
20601	1682	311	273	41042	0	43308
20602	1270	302	254	41246	0	43072
20603	1007	39201	188	2537	0	42933
20604	40255	1572	197	1446	0	43470
20605	2101	634	222	40275	0	43232
20606	1198	529	190	41085	0	43002
20607	998	361	215	41725	0	43299
20608	39667	264	247	2784	0	42962
20609	2067	270	202	40566	0	43105
20610	1136	272	37768	2615	0	41791
20611	898	38278	1487	1446	0	42109
20612	731	1651	576	39972	0	42930
20613	610	778	464	41339	0	43191
20614	512	617	371	42471	0	43971
20615	566	424	38513	2935	0	42438
20616	567	262	39199	1715	0	41743
20617	548	207	2113	40592	0	43460
20618	562	247	42363	2418	0	45590
20619	511	175	2029	43763	0	46478
20620	43216	144	920	2765	0	47045
20621	44992	183	603	1634	0	47412
20622	45212	211	414	1280	0	47117
20623	2785	240	42155	933	0	46113
20624	42615	267	1664	744	0	45290
20625	2474	339	811	43514	0	47138
20626	1251	186	42036	2058	0	45531
20627	941	173	41883	1141	0	44138
20628	701	40381	2144	1090	0	44316
20629	361	32945	721	575	0	34602
20630	25805	766	850	178	0	27599
20631	566	137	74	24974	0	25751
20632	187	77	25278	462	0	26004
20633	107	127	354	25246	0	25834
20634	25800	30	162	458	0	26450
20635	456	42	27676	181	0	28355
20636	27630	46	514	119	0	28309
20637	30912	43	156	115	0	31226
20638	30772	40	91	126	0	31029
20639	800	29212	90	182	0	30284
20640	31136	593	64	99	0	31892
20641	740	166	66	30800	0	31772
20642	268	105	77	30680	0	31130
20643	202	52	73	31227	0	31554
20644	121	46	64	31445	0	31676
20645	30196	31	62	945	0	31234
20646	730	29238	77	369	0	30414
20647	226	28751	74	184	0	29235
20648	164	29714	77	144	0	30099
20649	30452	764	123	141	0	31480
20650	30628	212	51	139	0	31030
20651	30336	124	61	134	0	30655
20652	30497	66	57	120	0	30740
20653	926	51	55	29797	0	30829
20654	306	70	69	30514	0	30959
20655	30062	64	45	874	0	31045
20656	726	28739	70	411	0	29946
20657	29293	664	53	185	0	30195
20658	29838	152	47	127	0	30164
20659	888	125	64	28808	0	29885
20660	322	28926	63	725	0	30036
20661	221	683	49	30431	0	31384
20662	30018	153	61	883	0	31115
20663	872	139	29916	260	0	31187
20664	255	90	697	29165	0	30207
20665	215	29702	193	832	0	30942
20666	30646	720	143	235	0	31744
20667	29815	179	126	199	0	30319
20668	952	160	30044	142	0	31298
20669	361	28632	735	182	0	29910
20670	278	708	29196	123	0	30305
20671	163	160	716	28853	0	29892
20672	162	153	29505	760	0	30580
20673	153	109	28764	226	0	29252
20674	137	27738	764	184	0	28823
20675	28328	664	236	101	0	29329
20676	28131	168	140	93	0	28532
20677	761	27857	109	125	0	28852
20678	319	28309	89	111	0	28828
20679	231	798	26874	124	0	28027
20680	162	287	27293	115	0	27857
20681	133	169	27864	105	0	28271
20682	132	230	821	27299	0	28482
20683	173	76	28000	722	0	28971
20684	140	72	727	27002	0	27941
20685	145	106	190	27382	0	27823
20686	186	109	27521	833	0	28649
20687	164	26505	675	294	0	27638
20688	159	703	183	27994	0	29039
20689	27247	196	148	735	0	28326
20690	772	159	73	27887	0	28891
20691	304	104	27596	819	0	28823
20692	207	26327	672	289	0	27495
20693	176	28430	193	250	0	29049
20694	149	827	134	28270	0	29380
20695	27436	278	100	780	0	28594
20696	27499	200	93	212	0	28004
20697	898	122	93	26046	0	27159
20698	364	26659	92	671	0	27786
20699	290	685	89	27637	0	28701
20700	215	200	76	28167	0	28658
20701	207	182	82	28251	0	28722
20702	29263	115	77	989	0	30444
20703	892	29044	106	369	0	30411
20704	30229	809	101	251	0	31390
20705	30914	302	81	199	0	31496
20706	30675	225	94	173	0	31167
20707	31782	144	87	193	0	32206
20708	1212	149	101	30579	0	32041
20709	489	151	29603	976	0	31219
20710	269	29382	850	427	0	30928
20711	30456	801	263	285	0	31805
20712	31426	288	180	165	0	32059
20713	31801	207	86	192	0	32286
20714	1272	154	29949	123	0	31498
20715	29865	141	790	112	0	30908
20716	31072	109	259	111	0	31551
20717	1128	135	161	30402	0	31826
20718	550	118	27005	870	0	28543
20719	333	26313	809	338	0	27793
20720	231	879	278	27804	0	29192
20721	27021	273	260	853	0	28407
20722	886	186	117	27264	0	28453
20723	376	118	104	28897	0	29495
20724	29181	123	90	1039	0	30433
20725	988	100	27858	433	0	29379
20726	28669	120	808	261	0	29858
20727	28209	114	327	152	0	28802
20728	28274	117	201	178	0	28770
20729	28511	95	136	166	0	28908
20730	1273	97	26635	163	0	28168
20731	536	100	842	26820	0	28298
20732	341	115	26591	990	0	28037
20733	240	269	929	26480	0	27918
20734	228	118	26181	1019	0	27546
20735	22672	92	897	344	0	24005
20736	798	22259	338	255	0	23650
20737	341	21708	179	114	0	22342
20738	253	744	102	23778	0	24877
20739	185	304	114	24590	0	25193
20740	186	25100	106	965	0	26357
20741	25912	722	98	383	0	27115
20742	28228	308	86	189	0	28811
20743	29183	145	103	114	0	29545
20744	30648	80	105	129	0	30962
20745	1454	71	86	29656	0	31267
20746	621	72	102	30852	0	31647
20747	30381	77	75	1421	0	31954
20748	1198	146	96	30142	0	31582
20749	603	93	28409	1247	0	30352
20750	380	99	28860	515	0	29854
20751	293	73	1300	29728	0	31394
20752	298	94	29069	1189	0	30650
20753	28879	62	1101	554	0	30596
20754	1120	66	473	29505	0	31164
20755	29815	60	270	1141	0	31286
20756	1264	86	28788	669	0	30807
20757	620	66	1018	30002	0	31706
20758	436	108	29346	1154	0	31044
20759	319	29453	1141	595	0	31508
20760	28996	1107	642	507	0	31252
20761	29493	483	263	259	0	30498
20762	1434	28553	186	268	0	30441
20763	28931	961	163	256	0	30311
20764	1286	426	169	28269	0	30150
20765	665	200	161	29416	0	30442
20766	28375	99	150	1437	0	30061
20767	1209	27337	183	667	0	29396
20768	656	28942	164	392	0	30154
20769	446	1276	140	28732	0	30594
20770	28361	519	153	1158	0	30191
20771	29278	260	166	570	0	30274
20772	29743	181	166	355	0	30445
20773	1724	180	27916	278	0	30098
20774	887	185	27809	298	0	29179
20775	555	28073	1278	333	0	30239
20776	28837	1025	644	318	0	30824
20777	1379	487	287	28138	0	30291
20778	28617	265	221	1148	0	30251
20779	29013	190	212	595	0	30010
20780	1683	173	221	27956	0	30033
20781	960	149	27843	1219	0	30171
20782	28322	169	1055	654	0	30200
20783	1404	148	498	28470	0	30520
20784	832	153	27658	1260	0	29903
20785	28002	139	1064	705	0	29910
20786	29071	133	574	520	0	30298
20787	1640	137	350	28337	0	30464
20788	913	119	27502	1314	0	29848
20789	593	149	1091	26934	0	28767
20790	544	27633	601	1260	0	30038
20791	610	976	27827	659	0	30072
20792	536	28773	1110	487	0	30906
20793	29057	1093	596	369	0	31115
20794	29727	469	392	362	0	30950
20795	30031	271	325	353	0	30980
20796	30216	207	312	369	0	31104
20797	1808	220	290	28899	0	31217
20798	28462	223	281	1236	0	30202
20799	1520	219	228	28099	0	30066
20800	26894	165	257	1346	0	28662
20801	1442	26635	223	774	0	29074
20802	783	975	196	24622	0	26576
20803	533	24526	184	1078	0	26321
20804	24990	947	186	587	0	26710
20805	25012	446	166	382	0	26006
20806	1432	23917	230	364	0	25943
20807	695	880	169	24008	0	25752
20808	553	372	22834	1015	0	24774
20809	521	270	837	23607	0	25235
20810	517	201	22944	1045	0	24707
20811	438	315	885	21205	0	22843
20812	411	21820	426	882	0	23539
20813	22557	791	244	483	0	24075
20814	23044	349	217	345	0	23955
20815	1247	225	210	22592	0	24274
20816	24609	161	194	972	0	25936
20817	1148	176	181	24139	0	25644
20818	644	192	155	24644	0	25635
20819	461	157	184	25235	0	26037
20820	24359	142	147	1296	0	25944
20821	25117	150	151	633	0	26051
20822	24972	143	163	420	0	25698
20823	1305	22859	180	426	0	24770
20824	22958	768	132	285	0	24143
20825	1065	21862	159	456	0	23542
20826	23085	818	135	232	0	24270
20827	1086	377	129	22159	0	23751
20828	616	222	117	23000	0	23955
20829	22750	207	94	1054	0	24105
20830	22910	169	113	502	0	23694
20831	1184	21831	99	341	0	23455
20832	22537	743	89	290	0	23659
20833	1073	323	85	21918	0	23399
20834	605	216	64	22520	0	23405
20835	22063	128	93	1073	0	23357
20836	1041	154	21001	493	0	22689
20837	575	20185	603	334	0	21697
20838	337	560	222	18619	0	19738
20839	269	145	16853	543	0	17810
20840	216	273	385	16491	0	17365
20841	16351	66	156	549	0	17122
20842	434	14014	105	222	0	14775
20843	164	13144	55	132	0	13495
20844	97	12513	33	60	0	12703
20845	95	312	199	12180	0	12786
20846	12370	53	199	169	0	12791
20847	153	48	7	12113	0	12321
20848	12359	21	6	156	0	12542
20849	12391	7	8	53	0	12459
20850	160	18	4	12221	0	12403
20851	12673	16	17	134	0	12840
20852	161	19	6	13009	0	13195
20853	47	30	13199	169	0	13445
20854	13191	16	134	40	0	13381
20855	181	25	14458	53	0	14717
20856	13788	10	174	31	0	14003
20857	208	20	13943	43	0	14214
20858	59	12	120	13122	0	13313
20859	47	10	42	13908	0	14007
20860	14189	11	24	175	0	14399
20861	140	12	12	14701	0	14865
20862	14921	8	18	175	0	15122
20863	152	14100	21	70	0	14343
20864	15501	124	12	38	0	15675
20865	168	44	12	15497	0	15721
20866	62	31	19	15668	0	15780
20867	48	16	9	15827	0	15900
20868	32	9	18	15599	0	15658
20869	45	15	15211	218	0	15489
20870	37	21	14901	96	0	15055
20871	37	10	149	15182	0	15378
20872	48	220	14957	360	0	15585
20873	37	14514	154	90	0	14795
20874	34	115	43	15132	0	15324
20875	45	39	15324	156	0	15564
20876	31	49	15207	68	0	15355
20877	34	11	181	16062	0	16288
20878	26	10	76	16490	0	16602
20879	38	16143	61	379	0	16621
20880	33	181	37	17448	0	17699
20881	42	54	16626	242	0	16964
20882	15866	37	241	98	0	16242
20883	242	19	85	17155	0	17501
20884	17289	12	52	297	0	17650
20885	16958	11	46	113	0	17128
20886	17437	34	28	108	0	17607
20887	316	26	17311	94	0	17747
20888	120	43	16963	70	0	17196
20889	15051	31	299	97	0	15478
20890	286	25	17171	83	0	17565
20891	91	19	256	15789	0	16155
20892	91	27	74	16477	0	16669
20893	82	31	16623	307	0	17043
20894	61	16462	259	144	0	16926
20895	16765	209	111	94	0	17179
20896	246	16379	89	105	0	16819
20897	98	17115	82	90	0	17385
20898	17450	269	79	72	0	17870
20899	276	89	18681	89	0	19135
20900	96	65	18849	81	0	19091
20901	74	43	405	18379	0	18901
20902	19052	36	133	397	0	19618
20903	349	18611	120	123	0	19203
20904	19367	358	72	104	0	19901
20905	413	100	19029	89	0	19631
20906	119	20509	393	81	0	21102
20907	106	432	115	21916	0	22569
20908	107	103	21307	947	0	22464
20909	82	82	475	21787	0	22426
20910	87	90	139	21354	0	21670
20911	102	43	110	22634	0	22889
20912	109	48	118	22959	0	23234
20913	22303	56	108	636	0	23103
20914	21883	55	78	248	0	22264
20915	625	43	21811	145	0	22624
20916	20366	60	497	122	0	21045
20917	566	20257	171	129	0	21123
20918	20853	436	132	124	0	21545
20919	549	135	20457	123	0	21264
20920	172	85	476	20545	0	21278
20921	144	73	20588	525	0	21330
20922	136	61	20409	193	0	20799
20923	108	44	601	20010	0	20763
20924	109	52	197	20752	0	21110
20925	112	82	19943	632	0	20769
20926	117	19257	517	233	0	20124
20927	118	20402	184	162	0	20866
20928	99	579	156	20488	0	21322
20929	19589	165	127	566	0	20447
20930	477	20165	150	244	0	21036
20931	179	501	20491	198	0	21369
20932	140	139	20519	174	0	20972
20933	142	101	20706	161	0	21110
20934	89	112	640	19848	0	20689
20935	20538	70	251	601	0	21460
20936	531	19784	166	261	0	20742
20937	250	535	19695	196	0	20676
20938	143	19826	584	157	0	20710
20939	119	554	228	20513	0	21414
20940	127	188	20329	557	0	21201
20941	100	20532	587	264	0	21483
20942	123	496	207	20904	0	21730
20943	115	184	171	21705	0	22175
20944	136	141	21424	663	0	22364
20945	103	127	608	20521	0	21359
20946	132	21021	259	606	0	22018
20947	118	553	21261	255	0	22187
20948	20856	193	590	190	0	21829
20949	556	152	221	21324	0	22253
20950	162	134	211	21057	0	21564
20951	142	21039	183	660	0	22024
20952	21148	517	174	247	0	22086
20953	547	181	20033	191	0	20952
20954	19987	198	549	157	0	20891
20955	576	299	188	19125	0	20188
20956	158	19295	154	514	0	20121
20957	95	462	159	19685	0	20401
20958	86	152	120	20588	0	20946
20959	20056	125	126	600	0	20907
20960	20474	121	124	206	0	20925
20961	595	85	113	20488	0	21281
20962	203	76	19847	621	0	20747
20963	18407	99	543	246	0	19295
20964	511	19308	209	183	0	20211
20965	187	544	152	19697	0	20580
20966	135	151	133	20548	0	20967
20967	143	117	100	20618	0	20978
20968	123	149	19475	769	0	20516
20969	94	118	571	19202	0	19985
20970	103	19388	241	671	0	20403
20971	113	566	167	19189	0	20035
20972	109	19455	151	657	0	20372
20973	114	608	130	19893	0	20745
20974	98	229	19112	753	0	20192
20975	17799	131	543	317	0	18790
20976	547	97	206	19124	0	19974
20977	178	97	17864	610	0	18749
20978	122	17494	519	277	0	18412
20979	18064	492	202	191	0	18949
20980	507	175	17366	179	0	18227
20981	16858	146	452	161	0	17617
20982	493	95	169	17781	0	18538
20983	195	76	131	17970	0	18372
20984	115	17681	138	574	0	18508
20985	18200	474	123	228	0	19025
20986	17797	150	91	161	0	18199
20987	575	18238	87	155	0	19055
20988	191	573	94	18807	0	19665
20989	131	182	84	19276	0	19673
20990	102	133	91	19333	0	19659
20991	98	94	18119	707	0	19018
20992	17607	82	485	294	0	18468
20993	519	64	170	18443	0	19196
20994	150	95	117	18610	0	18972
20995	107	106	17805	658	0	18676
20996	91	102	17907	281	0	18381
20997	80	72	553	18285	0	18990
20998	97	101	18091	592	0	18881
20999	16089	61	421	216	0	16787
21000	371	52	173	16890	0	17486
21001	144	150	114	17229	0	17637
21002	85	67	17478	544	0	18174
21003	55	57	400	17992	0	18504
21004	66	60	17924	548	0	18598
21005	50	17414	456	261	0	18181
21006	15610	339	369	123	0	16441
21007	15176	88	70	66	0	15400
21008	340	15172	60	74	0	15646
21009	121	296	25	15508	0	15950
21010	85	100	15387	324	0	15896
21011	56	64	278	15447	0	15845
21012	15378	32	102	361	0	15873
21013	293	15099	72	228	0	15692
21014	15567	271	195	108	0	16141
21015	318	99	38	15487	0	15942
21016	15489	62	34	343	0	15928
21017	336	15164	28	145	0	15673
21018	15635	300	38	87	0	16060
21019	358	109	14671	149	0	15287
21020	117	14644	275	82	0	15118
21021	64	270	92	14834	0	15260
21022	15579	83	66	303	0	16031
21023	15711	54	49	130	0	15944
21024	383	41	42	15539	0	16005
21025	15794	42	26	357	0	16219
21026	15554	22	30	133	0	15739
21027	16122	27	37	103	0	16289
21028	438	23	29	15751	0	16241
21029	153	32	15672	373	0	16230
21030	126	53	15223	117	0	15519
21031	61	54	15588	111	0	15814
21032	15618	26	408	69	0	16121
21033	346	32	143	15942	0	16463
21034	126	16258	145	349	0	16878
21035	102	319	52	16362	0	16835
21036	68	16726	57	361	0	17212
21037	17602	365	32	122	0	18121
21038	369	102	39	17652	0	18162
21039	134	81	38	18195	0	18448
21040	18250	46	46	471	0	18813
21041	406	31	54	17872	0	18363
21042	150	35	58	18564	0	18807
21043	18544	39	44	522	0	19149
21044	477	42	17998	204	0	18721
21045	151	39	401	18293	0	18884
21046	122	61	17912	490	0	18585
21047	17661	43	449	182	0	18335
21048	476	38	136	18408	0	19058
21049	18308	19	96	528	0	18951
21050	522	29	58	18775	0	19384
21051	196	43	18646	556	0	19441
21052	135	47	435	19165	0	19782
21053	19063	30	133	576	0	19802
21054	503	18413	106	233	0	19255
21055	166	466	18202	150	0	18984
21056	17411	107	470	110	0	18098
21057	512	17773	169	113	0	18567
21058	165	18632	112	114	0	19023
21059	124	20736	70	130	0	21060
21060	105	551	46	22820	0	23522
21061	22745	123	37	695	0	23600
21062	24235	81	51	177	0	24544
21063	854	83	23109	140	0	24186
21064	23420	64	630	106	0	24220
21065	803	22692	162	95	0	23752
21066	214	650	86	23505	0	24455
21067	23983	120	55	728	0	24886
21068	24450	122	56	211	0	24839
21069	24654	57	74	174	0	24959
21070	24175	65	69	277	0	24586
21071	24746	62	80	132	0	25020
21072	986	50	82	24136	0	25254
21073	388	75	23560	754	0	24777
21074	275	77	652	24139	0	25143
21075	247	68	143	25130	0	25588
21076	24788	85	108	883	0	25864
21077	869	23864	90	346	0	25169
21078	25011	695	62	232	0	26000
21079	25842	150	95	180	0	26267
21080	26407	135	92	190	0	26824
21081	27012	74	89	161	0	27336
21082	1109	129	24952	170	0	26360
21083	25226	94	630	197	0	26147
21084	26481	84	159	162	0	26886
21085	24612	103	160	176	0	25051
21086	26330	75	74	158	0	26637
21087	1130	68	79	24816	0	26093
21088	521	81	23309	757	0	24668
21089	24073	64	647	214	0	24998
21090	984	23800	187	285	0	25256
21091	465	664	139	23660	0	24928
21092	424	24262	110	723	0	25519
21093	350	715	108	25466	0	26639
21094	25387	172	96	842	0	26497
21095	25793	145	81	258	0	26277
21096	25921	98	89	259	0	26367
21097	1153	128	23522	194	0	24997
21098	24465	94	683	195	0	25437
21099	1011	124	23533	187	0	24855
21100	500	129	23399	158	0	24186
21101	440	141	23971	174	0	24726
21102	392	232	777	22123	0	23524
21103	392	104	226	23188	0	23910
21104	383	71	182	23188	0	23824
21105	360	75	154	23177	0	23766
21106	367	82	171	23057	0	23677
21107	334	91	155	22670	0	23250
21108	286	22504	171	851	0	23812
21109	22303	645	120	327	0	23395
21110	777	23044	134	304	0	24259
21111	371	701	117	23617	0	24806
21112	334	191	116	24279	0	24920
21113	23601	143	118	932	0	24794
21114	827	23108	117	416	0	24468
21115	23756	689	113	322	0	24880
21116	923	221	135	23534	0	24813
21117	406	182	141	23976	0	24705
21118	425	134	143	24249	0	24951
21119	344	151	23163	951	0	24609
21120	372	160	663	23429	0	24624
21121	337	150	23017	934	0	24438
21122	357	126	22353	391	0	23227
21123	360	118	23654	444	0	24576
21124	359	86	750	23202	0	24397
21125	333	117	275	24635	0	25360
21126	312	100	191	25092	0	25695
21127	24321	118	176	987	0	25602
21128	788	174	181	25307	0	26450
21129	25282	105	189	1043	0	26619
21130	934	24393	192	458	0	25977
21131	25872	706	161	404	0	27143
21132	26921	203	147	324	0	27595
21133	1048	26192	157	338	0	27735
21134	26856	728	180	334	0	28098
21135	26939	216	111	341	0	27607
21136	27228	160	141	344	0	27873
21137	27296	93	141	301	0	27831
21138	1236	138	25681	230	0	27285
21139	593	25026	726	229	0	26574
21140	515	783	234	25610	0	27142
21141	25633	210	203	841	0	26887
21142	992	163	24516	383	0	26054
21143	485	23900	673	348	0	25406
21144	423	634	196	22878	0	24131
21145	382	23740	176	704	0	25002
21146	390	724	119	24243	0	25476
21147	353	266	123	25000	0	25742
21148	402	219	24429	837	0	25887
21149	387	172	24281	377	0	25217
21150	22452	180	724	304	0	23660
21151	851	155	24273	231	0	25510
21152	425	156	23924	213	0	24718
21153	390	139	705	22870	0	24104
21154	326	286	314	22895	0	23821
21155	272	23232	299	732	0	24535
21156	279	25742	232	404	0	26657
21157	312	782	25950	324	0	27368
21158	224	471	758	26701	0	28154
21159	192	180	25541	830	0	26743
21160	124	94	22340	269	0	22827
21161	131	22052	651	198	0	23032
21162	289	508	418	21289	0	22504
21163	21539	160	145	433	0	22277
21164	400	113	98	21509	0	22120
21165	21897	62	85	508	0	22552
21166	21868	58	89	217	0	22232
21167	22387	66	67	174	0	22694
21168	624	53	21553	81	0	22311
21169	21842	59	416	100	0	22417
21170	538	40	168	22627	0	23373
21171	22683	34	123	474	0	23314
21172	22932	48	93	175	0	23248
21173	568	22041	95	160	0	22864
21174	22786	415	55	79	0	23335
21175	539	146	22583	92	0	23360
21176	21948	99	438	55	0	22540
21177	22415	47	135	71	0	22668
21178	565	21888	114	176	0	22743
21179	22158	399	71	43	0	22671
21180	536	156	59	21148	0	21899
21181	228	102	67	21127	0	21524
21182	191	20985	94	492	0	21762
21183	146	403	91	21682	0	22322
21184	123	162	140	21865	0	22290
21185	145	116	21175	558	0	21994
21186	137	163	20535	291	0	21126
21187	19742	86	489	239	0	20556
21188	21387	47	209	157	0	21800
21189	615	61	123	21162	0	21961
21190	397	56	21290	477	0	22220
21191	315	20768	440	208	0	21731
21192	269	387	193	21254	0	22103
21193	194	161	21042	469	0	21866
21194	19963	109	482	256	0	20810
21195	551	84	175	21954	0	22764
21196	303	21881	147	515	0	22846
21197	298	461	96	22839	0	23694
21198	179	234	138	23020	0	23571
21199	235	154	127	23371	0	23887
21200	22741	75	161	725	0	23702
21201	626	104	148	22707	0	23585
21202	22951	112	109	641	0	23813
21203	22706	142	82	354	0	23284
21204	778	111	22426	266	0	23581
21205	389	22234	488	282	0	23393
21206	311	532	190	20728	0	21761
21207	216	23663	169	479	0	24527
21208	24520	637	152	325	0	25634
21209	670	230	139	24540	0	25579
21210	311	174	23848	704	0	25037
21211	319	130	23708	279	0	24436
21212	291	117	23947	278	0	24633
21213	23291	85	830	202	0	24408
21214	746	23667	372	253	0	25038
21215	23950	634	312	187	0	25083
21216	762	24476	219	171	0	25628
21217	385	715	177	24309	0	25586
21218	306	271	222	23707	0	24506
21219	309	24474	172	753	0	25708
21220	279	669	24143	425	0	25516
21221	187	24709	597	351	0	25844
21222	24740	743	222	318	0	26023
21223	646	271	193	24150	0	25260
21224	301	214	23578	790	0	24883
21225	326	161	23692	328	0	24507
21226	270	121	736	23644	0	24771
21227	301	113	23680	705	0	24799
21228	250	115	22476	270	0	23111
21229	20977	98	737	224	0	22036
21230	520	21751	351	186	0	22808
21231	21500	505	215	187	0	22407
21232	603	262	21398	173	0	22436
21233	322	20708	601	150	0	21781
21234	254	22230	300	180	0	22964
21235	239	729	291	22225	0	23484
21236	160	278	236	22906	0	23580
21237	118	207	199	23521	0	24045
21238	179	146	22443	829	0	23597
21239	143	190	563	22605	0	23501
21240	175	135	213	23447	0	23970
21241	23107	128	150	859	0	24244
21242	596	22667	108	496	0	23867
21243	268	580	115	23906	0	24869
21244	23674	300	111	697	0	24782
21245	23560	223	159	326	0	24268
21246	778	193	104	23295	0	24370
21247	420	157	22827	680	0	24084
21248	251	106	581	23061	0	23999
21249	146	97	22542	807	0	23592
21250	22860	63	773	361	0	24057
21251	25358	71	361	286	0	26076
21252	921	56	396	27078	0	28451
21253	386	112	26918	1134	0	28550
21254	326	27203	925	439	0	28893
21255	269	977	27960	235	0	29441
21256	227	643	906	24063	0	25839
21257	150	26480	371	787	0	27788
21258	25198	814	124	210	0	26346
21259	803	234	88	23839	0	24964
21260	225	24574	80	758	0	25637
21261	25126	822	88	227	0	26263
21262	839	278	87	24440	0	25644
21263	233	24336	80	852	0	25501
21264	155	815	81	25471	0	26522
21265	120	256	24384	911	0	25671
21266	23683	156	801	297	0	24937
21267	24628	118	216	191	0	25153
21268	1005	118	23386	132	0	24641
21269	318	23113	772	142	0	24345
21270	23996	805	275	113	0	25189
21271	828	255	138	23868	0	25089
21272	298	170	99	24307	0	24874
21273	194	105	102	24402	0	24803
21274	137	91	119	24399	0	24746
21275	120	93	89	24425	0	24727
21276	23332	92	87	1117	0	24628
21277	24058	72	83	424	0	24637
21278	996	89	96	23430	0	24611
21279	337	71	101	24173	0	24682
21280	204	78	22779	1078	0	24139
21281	140	109	22706	500	0	23455
21282	22181	63	929	278	0	23451
21283	853	81	318	22826	0	24078
21284	303	114	22168	903	0	23488
21285	215	68	809	22634	0	23726
21286	22788	72	258	1018	0	24136
21287	23455	98	164	359	0	24076
21288	993	94	120	22726	0	23933
21289	355	69	125	23665	0	24214
21290	23563	74	100	1114	0	24851
21291	902	64	102	23053	0	24121
21292	309	22978	115	969	0	24371
21293	228	784	94	23497	0	24603
21294	181	223	82	23738	0	24224
21295	176	128	22006	1090	0	23400
21296	174	136	21771	419	0	22500
21297	142	21757	812	437	0	23148
21298	22073	751	276	252	0	23352
21299	21960	235	187	202	0	22584
21300	22551	130	114	241	0	23036
21301	1015	21174	132	318	0	22639
21302	357	21989	122	240	0	22708
21303	21467	892	118	219	0	22696
21304	821	21967	140	345	0	23273
21305	333	849	21595	215	0	22992
21306	224	21649	752	263	0	22888
21307	174	791	20947	217	0	22129
21308	20167	254	699	209	0	21329
21309	21451	158	213	210	0	22032
21310	829	20940	151	211	0	22131
21311	22069	703	102	188	0	23062
21312	24895	248	92	204	0	25439
21313	25526	156	95	199	0	25976
21314	1189	119	111	24565	0	25984
21315	25485	108	113	960	0	26666
21316	1177	140	23771	397	0	25485
21317	24650	117	833	269	0	25869
21318	1109	118	308	25050	0	26585
21319	505	149	24498	995	0	26147
21320	378	130	24794	432	0	25734
21321	301	125	1037	24685	0	26148
21322	235	108	413	25962	0	26718
21323	25341	101	289	1245	0	26976
21324	990	102	203	25546	0	26841
21325	439	112	24733	1220	0	26504
21326	337	95	831	24291	0	25554
21327	295	25733	320	1126	0	27474
21328	26412	848	214	548	0	28022
21329	972	292	211	26471	0	27946
21330	454	209	25876	1061	0	27600
21331	322	25825	884	532	0	27563
21332	25558	801	322	316	0	26997
21333	929	287	229	26147	0	27592
21334	429	171	25637	928	0	27165
21335	295	25049	811	428	0	26583
21336	25571	742	299	297	0	26909
21337	25561	251	210	283	0	26305
21338	25835	161	179	236	0	26411
21339	1108	150	103	24979	0	26340
21340	567	96	96	25896	0	26655
21341	25416	74	102	1085	0	26677
21342	949	23988	99	520	0	25556
21343	25151	739	110	416	0	26416
21344	951	256	120	24869	0	26196
21345	25875	188	148	901	0	27112
21346	1019	170	120	25647	0	26956
21347	486	115	123	26263	0	26987
21348	351	114	122	26759	0	27346
21349	327	114	114	26847	0	27402
21350	269	93	24430	1201	0	25993
21351	213	102	22080	513	0	22908
21352	19260	146	562	304	0	20272
21353	503	71	21379	218	0	22171
21354	222	33	19679	129	0	20063
21355	18590	25	659	108	0	19382
21356	19594	29	351	81	0	20055
21357	439	17	178	20248	0	20882
21358	21102	17	130	353	0	21602
21359	459	20648	101	382	0	21590
21360	22494	274	60	157	0	22985
21361	22020	142	161	147	0	22470
21362	24791	108	64	95	0	25058
21363	566	110	40	24584	0	25300
21364	364	23561	62	315	0	24302
21365	268	24318	66	193	0	24845
21366	25243	334	51	155	0	25783
21367	25376	204	58	155	0	25793
21368	430	149	63	24379	0	25021
21369	277	120	64	24600	0	25061
21370	230	24056	81	397	0	24764
21371	24860	286	57	246	0	25449
21372	411	154	24276	221	0	25062
21373	267	101	249	23534	0	24151
21374	218	97	126	24476	0	24917
21375	164	64	25299	483	0	26010
21376	110	60	336	24023	0	24529
21377	123	22374	228	473	0	23198
21378	128	284	113	26141	0	26666
21379	130	145	126	25677	0	26078
21380	104	24348	118	609	0	25179
21381	115	25994	75	316	0	26500
21382	87	399	67	26834	0	27387
21383	27167	210	58	469	0	27904
21384	327	167	50	26947	0	27491
21385	189	121	79	27237	0	27626
21386	167	27688	118	617	0	28590
21387	179	276	77	29919	0	30451
21388	140	160	67	29519	0	29886
21389	146	102	58	29780	0	30086
21390	29010	87	62	560	0	29719
21391	326	79	49	28926	0	29380
21392	237	115	28	28500	0	28880
21393	186	84	30	29075	0	29375
21394	208	72	27996	591	0	28867
21395	25565	57	282	400	0	26304
21396	387	27063	164	302	0	27916
21397	28887	303	93	232	0	29515
21398	451	159	91	28501	0	29202
21399	266	151	28112	383	0	28912
21400	25864	124	341	231	0	26560
21401	467	103	33348	194	0	34112
21402	247	60	368	32670	0	33345
21403	35708	42	290	398	0	36438
21404	34775	59	153	208	0	35195
21405	35330	50	112	212	0	35704
21406	556	59	137	35836	0	36588
21407	371	53	44	36199	0	36667
21408	274	60	34	36676	0	37044
21409	196	34539	73	569	0	35377
21410	139	34722	43	390	0	35294
21411	138	34593	64	399	0	35194
21412	16	33538	36	55	0	33645
21413	16	106	53	34469	0	34644
21414	18	43	1	34244	0	34306
21415	34596	29	4	98	0	34727
21416	32809	10	12	57	0	32888
21417	33671	9	8	50	0	33738
21418	99	20	11	33828	0	33958
21419	48	18	13	34266	0	34345
21420	34845	7	16	111	0	34979
21421	32821	18	40	60	0	32939
21422	133	24	33630	63	0	33850
21423	74	71	31072	47	0	31264
21424	88	71	32145	35	0	32339
21425	57	32	34536	40	0	34665
21426	18	22	138	33314	0	33492
21427	34849	16	36	137	0	35038
21428	94	32893	55	79	0	33121
21429	28	124	9	34811	0	34972
21430	53	66	34686	139	0	34944
21431	25	35003	133	116	0	35277
21432	19	106	27	37868	0	38020
21433	45	47	37428	153	0	37673
21434	29	38	112	35902	0	36081
21435	24	23	32	38316	0	38395
21436	39661	10	26	177	0	39874
21437	114	15	22	39414	0	39565
21438	59	23	40109	170	0	40361
21439	54	19	106	39096	0	39275
21440	31	40713	58	155	0	40957
21441	31	110	35	43581	0	43757
21442	31	37	43	43367	0	43478
21443	25	33	39	43138	0	43235
21444	44829	24	32	176	0	45061
21445	43456	16	34	99	0	43605
21446	44293	13	20	77	0	44403
21447	43968	30	28	63	0	44089
21448	187	33	43748	55	0	44023
21449	42037	19	129	60	0	42245
21450	44505	33	57	60	0	44655
21451	164	37	43269	75	0	43545
21452	93	60	44233	51	0	44437
21453	59	97	130	44373	0	44659
21454	39	45014	70	141	0	45264
21455	48661	99	36	80	0	48876
21456	49189	34	21	88	0	49332
21457	49798	17	20	43	0	49878
21458	144	18	20	48648	0	48830
21459	67	51675	56	127	0	51925
21460	56844	91	25	64	0	57024
21461	56861	30	28	63	0	56982
21462	136	32	20	54600	0	54788
21463	85	34	53681	211	0	54011
21464	52976	15	119	54	0	53164
21465	145	33	36	56755	0	56969
21466	58202	24	42	121	0	58389
21467	154	17	31	59011	0	59213
21468	80	32	58976	148	0	59236
21469	62587	22	123	177	0	62909
21470	277	10	46	65566	0	65899
21471	72	26	36	64861	0	64995
21472	65	11	18	66334	0	66428
21473	59	29	22	65904	0	66014
21474	66999	14	21	181	0	67215
21475	132	12	21	65356	0	65521
21476	142	62614	50	223	0	63029
21477	44	134	19	65962	0	66159
21478	38	63478	50	146	0	63712
21479	32	137	17	66899	0	67085
21480	27	40	28	66815	0	66910
21481	33	64102	47	201	0	64383
21482	29	139	22	67089	0	67279
21483	37	38	13	65858	0	65946
21484	66243	23	18	223	0	66507
21485	191	52	65720	94	0	66057
21486	68	14	148	65846	0	66076
21487	67274	16	39	219	0	67548
21488	65082	18	36	103	0	65239
21489	65594	10	30	88	0	65722
21490	276	32	65889	50	0	66247
21491	109	70	65133	56	0	65368
21492	58	109	256	64898	0	65321
21493	69638	18	84	262	0	70002
21494	277	45	67754	108	0	68184
21495	64041	19	238	79	0	64377
21496	239	65879	176	70	0	66364
21497	115	215	45	72436	0	72811
21498	73	82	34	73632	0	73821
21499	74906	34	43	314	0	75297
21500	271	34	25	74005	0	74335
21501	70545	30	24	295	0	70894
21502	71262	18	36	147	0	71463
21503	314	18	26	70660	0	71018
21504	137	22	31	70767	0	70957
21505	71791	10	24	345	0	72170
21506	364	47	74432	130	0	74973
21507	72262	10	250	130	0	72652
21508	362	47	77086	78	0	77573
21509	76816	13	264	95	0	77188
21510	84359	16	88	75	0	84538
21511	83480	14	76	71	0	83641
21512	81640	7	45	71	0	81763
21513	400	80116	111	91	0	80718
21514	84603	245	31	48	0	84927
21515	84893	68	28	69	0	85058
21516	434	88065	90	87	0	88676
21517	92803	277	42	64	0	93186
21518	453	129	89274	45	0	89901
21519	86876	50	297	63	0	87286
21520	567	70	90685	40	0	91362
21521	207	45	387	88615	0	89254
21522	146	27	143	91812	0	92128
21523	168	45	92655	585	0	93453
21524	127	52	396	89131	0	89706
21525	211	248	321	81523	0	82303
21526	96160	18	73	683	0	96934
21527	570	47	63	95815	0	96495
21528	211	33	63	94917	0	95224
21529	150	21	49	96936	0	97156
21530	131	91352	97	800	0	92380
21531	142	527	43	94672	0	95384
21532	93360	128	45	754	0	94287
21533	716	118	92126	286	0	93246
21534	236	68	565	92701	0	93570
21535	212	84	92774	721	0	93791
21536	87368	58	652	288	0	88366
21537	773	35	232	95815	0	96855
21538	371	92	120328	964	0	121755
21539	219	39	2553	120163	0	122974
21540	195	34	1456	120728	0	122413
21541	148	119374	1085	4064	0	124671
21542	181	2552	623	127156	0	130512
21543	157	1367	237	136695	0	138456
21544	237	1007	130668	5793	0	137705
21545	209	582	3231	132650	0	136672
21546	179	224	1640	137796	0	139839
21547	131722	175	1106	5866	0	138869
21548	129828	129	767	3293	0	134017
21549	4810	128845	458	2281	0	136394
21550	133696	3312	418	1483	0	138909
21551	133191	1729	458	1129	0	136507
21552	5760	140810	458	1187	0	148215
21553	3139	3996	339	143562	0	151036
21554	144423	1961	258	4327	0	150969
21555	142792	1297	318	2620	0	147027
21556	142260	893	346	1891	0	145390
21557	6493	135779	530	1592	0	144394
21558	4032	3678	138214	1144	0	147068
21559	141240	1964	3507	1136	0	147847
21560	145996	1463	1755	1022	0	150236
21561	6777	142948	1325	1004	0	152054
21562	147902	4724	810	1045	0	154481
21563	151791	2270	591	941	0	155593
21564	7893	1592	479	146920	0	156884
21565	4361	1230	145669	5403	0	156663
21566	3152	790	4530	150329	0	158801
21567	2502	630	2161	152828	0	158121
21568	1930	689	1533	155689	0	159841
21569	1734	831	141352	8432	0	152349
21570	1555	673	4827	143738	0	150793
21571	1584	571	2274	149626	0	154055
21572	1523	484	1479	151569	0	155055
21573	1494	609	1055	152732	0	155890
21574	1396	532	624	153361	0	155913
21575	1368	143889	681	10364	0	156302
21576	1217	4838	639	153408	0	160102
21577	1000	2264	773	160725	0	164762
21578	1031	1603	147750	9546	0	159930
21579	1152	958	5096	167046	0	174252
21580	1166	683	2338	173035	0	177222
21581	1152	647	1656	181050	0	184505
21582	1213	644	1322	186919	0	190098
21583	176655	601	936	13892	0	192084
21584	7763	722	768	183386	0	192639
21585	3899	824	611	189111	0	194445
21586	3054	1251	166205	13294	0	183804
21587	2233	162224	6558	8181	0	179196
21588	1382	177426	3391	6197	0	188396
21589	171976	9128	2668	4849	0	188621
21590	7226	175676	2018	4518	0	189438
21591	3643	8854	1040	177022	0	190559
21592	174533	4269	958	10759	0	190519
21593	8584	2979	166943	6864	0	185370
21594	4102	2106	7076	171841	0	185125
21595	3147	170469	3564	11009	0	188189
21596	2296	7797	2606	172461	0	185160
21597	1535	173421	1707	11911	0	188574
21598	1645	9120	1125	178290	0	190180
21599	172140	4732	952	12145	0	189969
21600	8725	3366	170166	7414	0	189671
21601	4566	2605	7685	168101	0	182957
21602	3423	171813	3936	10982	0	190154
21603	174087	8442	2777	6726	0	192032
21604	9354	4278	168636	5933	0	188201
21605	4870	3034	8088	172004	0	187996
21606	3976	2526	162584	11315	0	180401
21607	3314	1811	9403	168417	0	182945
21608	2573	1811	161006	12783	0	178173
21609	1929	1812	10034	160961	0	174736
21610	1864	1640	5346	167806	0	176656
21611	156852	1778	3372	14460	0	176462
21612	161086	1843	2616	8386	0	173931
21613	11956	1919	1823	152300	0	167998
21614	6412	152368	1753	11529	0	172062
21615	4558	8598	1356	157881	0	172393
21616	3083	4198	1764	159775	0	168820
21617	144721	2735	1831	15456	0	164743
21618	8741	146037	1847	9504	0	166129
21619	147344	8798	1507	7461	0	165110
21620	147282	4761	1494	5912	0	159449
21621	11815	137725	1488	5589	0	156617
21622	6361	148607	1321	5707	0	161996
21623	145392	10603	1588	5769	0	163352
21624	10590	5465	135023	6030	0	157108
21625	140857	3753	8199	5765	0	158574
21626	145368	2972	4027	5600	0	157967
21627	13166	137116	3114	5627	0	159023
21628	7629	8902	2416	123994	0	142941
21629	5251	139250	2360	10785	0	157646
21630	138961	10308	2385	7349	0	159003
21631	144427	5895	2454	6079	0	158855
21632	12577	4549	2090	136401	0	155617
21633	7412	4208	1753	146414	0	159787
21634	133444	3225	1473	14558	0	152700
21635	10979	132755	1416	9337	0	154487
21636	6781	133698	1604	7450	0	149533
21637	5581	134449	1918	5792	0	147740
21638	2876	101022	1384	4271	0	109553
21639	2416	105691	1148	4359	0	113614
21640	2972	9432	1478	101810	0	115692
21641	2447	4986	90588	8794	0	106815
21642	2736	97558	5140	5012	0	110446
21643	88824	7013	2162	3551	0	101550
21644	6838	3435	1889	88808	0	100970
21645	87810	3018	1526	7052	0	99406
21646	7059	87130	1421	4225	0	99835
21647	87773	6229	1739	3322	0	99063
21648	7388	86962	1884	2957	0	99191
21649	4195	6386	1892	88551	0	101024
21650	88638	3402	1603	7189	0	100832
21651	92456	2628	1774	4303	0	101161
21652	7737	2376	1583	90065	0	101761
21653	4280	2209	1459	92112	0	100060
21654	3613	86433	1193	8831	0	100070
21655	3429	5836	1066	90839	0	101170
21656	3169	3121	845	94001	0	101136
21657	3095	3118	734	92708	0	99655
21658	2779	83793	715	9590	0	96877
21659	75240	5339	643	5061	0	86283
21660	5493	77684	661	4014	0	87852
21661	74987	5797	606	3047	0	84437
21662	6259	75114	757	2511	0	84641
21663	4025	5786	68986	2210	0	81007
21664	3530	3264	3720	71277	0	81791
21665	3047	2722	68028	4980	0	78777
21666	2685	2459	69463	2563	0	77170
21667	2565	2223	5454	68219	0	78461
21668	2821	1798	68177	4896	0	77692
21669	2766	1565	4939	67960	0	77230
21670	2690	1572	2432	70661	0	77355
21671	2482	1532	1621	73069	0	78704
21672	68536	1801	1238	7011	0	78586
21673	5367	1639	792	69494	0	77292
21674	3397	1785	615	70999	0	76796
21675	64064	1332	445	6873	0	72714
21676	5523	61733	399	4346	0	72001
21677	3178	59294	357	3371	0	66200
21678	2846	62489	297	2579	0	68211
21679	1518	5250	449	44664	0	51881
21680	1295	1629	42760	3319	0	49003
21681	33982	1187	1855	1434	0	38458
21682	1945	35768	694	826	0	39233
21683	33218	1564	290	443	0	35515
21684	33607	778	204	381	0	34970
21685	33934	606	176	323	0	35039
21686	1996	606	33089	323	0	36014
21687	1025	570	1209	33439	0	36243
21688	801	446	527	35052	0	36826
21689	758	380	361	35280	0	36779
21690	724	320	322	34216	0	35582
21691	668	33249	262	1788	0	35967
21692	32969	1240	208	959	0	35376
21693	1306	615	30983	677	0	33581
21694	29979	379	896	577	0	31831
21695	1400	533	297	30030	0	32260
21696	723	29066	187	1289	0	31265
21697	543	30901	117	737	0	32298
21698	496	2494	90	28460	0	31540
21699	377	29012	106	1096	0	30591
21700	24730	605	59	277	0	25671
21701	627	261	23631	221	0	24740
21702	248	121	395	22747	0	23511
21703	122	95	156	23516	0	23889
21704	113	91	85	24228	0	24517
21705	103	110	64	24106	0	24383
21706	23982	99	70	625	0	24776
21707	499	24073	63	293	0	24928
21708	25899	514	75	169	0	26657
21709	643	191	66	25993	0	26893
21710	263	148	54	26647	0	27112
21711	172	16692	50	10961	0	27875
21712	27533	512	53	557	0	28655
21713	28248	207	54	323	0	28832
21714	954	28332	77	221	0	29584
21715	380	674	48	26682	0	27784
21716	212	28140	79	688	0	29119
21717	28509	769	73	333	0	29684
21718	784	318	28471	247	0	29820
21719	315	235	27271	168	0	27989
21720	26560	129	806	147	0	27642
21721	697	27107	352	276	0	28432
21722	319	681	192	28145	0	29337
21723	216	286	95	28736	0	29333
21724	152	213	27796	949	0	29110
21725	120	128	642	27668	0	28558
21726	102	117	259	28883	0	29361
21727	134	27763	179	980	0	29056
21728	121	687	116	28766	0	29690
21729	124	305	99	29081	0	29609
21730	28330	231	81	1035	0	29677
21731	716	26895	122	519	0	28252
21732	321	27578	98	384	0	28381
21733	224	859	94	28151	0	29328
21734	158	404	97	28706	0	29365
21735	149	257	76	28477	0	28959
21736	126	27524	83	1184	0	28917
21737	144	720	64	28879	0	29807
21738	156	402	53	28985	0	29596
21739	132	254	50	29316	0	29752
21740	160	168	51	28930	0	29309
21741	138	25701	123	1254	0	27216
21742	142	28101	66	641	0	28950
21743	27989	933	58	393	0	29373
21744	28329	450	39	304	0	29122
21745	997	284	53	28225	0	29559
21746	461	210	27186	983	0	28840
21747	301	176	677	27976	0	29130
21748	204	176	258	28519	0	29157
21749	27368	186	174	1151	0	28879
21750	858	27135	108	750	0	28851
21751	376	803	83	27709	0	28971
21752	278	350	85	28319	0	29032
21753	234	261	26578	1199	0	28272
21754	194	223	26859	633	0	27909
21755	161	181	898	26871	0	28111
21756	162	179	393	26710	0	27444
21757	174	25904	227	1152	0	27457
21758	142	27371	145	698	0	28356
21759	27138	999	135	499	0	28771
21760	826	440	144	27717	0	29127
21761	359	285	25750	1030	0	27424
21762	221	25388	647	563	0	26819
21763	146	928	261	26847	0	28182
21764	26464	357	161	957	0	27939
21765	664	272	77	26344	0	27357
21766	25534	185	89	984	0	26792
21767	735	25402	85	551	0	26773
21768	24813	709	82	463	0	26067
21769	803	375	60	26086	0	27324
21770	334	307	26560	1011	0	28212
21771	261	212	725	26907	0	28105
21772	166	27652	290	1110	0	29218
21773	196	949	190	28799	0	30134
21774	155	29636	145	1259	0	31195
21775	152	1163	113	31685	0	33113
21776	179	465	29293	1528	0	31465
21777	184	383	28617	755	0	29939
21778	186	262	28779	621	0	29848
21779	28359	255	1366	480	0	30460
21780	1118	28254	538	472	0	30382
21781	453	30200	318	443	0	31414
21782	29178	1368	194	457	0	31197
21783	29448	583	198	422	0	30651
21784	1415	455	172	28451	0	30493
21785	626	298	27987	1423	0	30334
21786	426	272	26720	662	0	28080
21787	251	256	1315	26934	0	28756
21788	26929	229	551	1517	0	29226
21789	1156	26533	354	740	0	28783
21790	412	1215	242	27761	0	29630
21791	26974	472	200	1541	0	29187
21792	27488	373	204	785	0	28850
21793	1451	266	26472	690	0	28879
21794	25344	306	1157	514	0	27321
21795	1388	301	26713	443	0	28845
21796	605	267	27821	406	0	29099
21797	454	232	1361	26494	0	28541
21798	328	238	605	27944	0	29115
21799	307	252	383	28751	0	29693
21800	287	281	26362	1759	0	28689
21801	26473	257	1092	911	0	28733
21802	1242	475	440	28122	0	30279
21803	27453	234	376	1546	0	29609
21804	27516	280	250	763	0	28809
21805	1435	26954	283	680	0	29352
21806	669	28254	322	539	0	29784
21807	430	27940	277	462	0	29109
21808	301	1473	235	25662	0	27671
21809	298	534	24569	1179	0	26580
21810	258	534	944	23747	0	25483
21811	263	23987	388	1135	0	25773
21812	251	24740	313	569	0	25873
21813	229	1136	189	23513	0	25067
21814	22722	401	195	998	0	24316
21815	924	22321	213	443	0	23901
21816	329	22373	175	374	0	23251
21817	23025	1001	163	306	0	24495
21818	971	381	158	22994	0	24504
21819	428	272	138	23518	0	24356
21820	327	209	143	24282	0	24961
21821	23073	199	132	1284	0	24688
21822	23543	166	141	559	0	24409
21823	1166	170	169	23320	0	24825
21824	546	152	21790	1089	0	23577
21825	22013	156	885	502	0	23556
21826	1023	158	343	23092	0	24616
21827	427	186	22075	1101	0	23789
21828	352	176	22158	511	0	23197
21829	241	135	1056	22505	0	23937
21830	228	154	23222	1152	0	24756
21831	242	161	970	25682	0	27055
21832	243	164	408	26496	0	27311
21833	247	167	305	28277	0	28996
21834	26828	169	219	1568	0	28784
21835	1113	207	209	27423	0	28952
21836	480	207	199	27797	0	28683
21837	331	248	193	28056	0	28828
21838	266	227	206	28284	0	28983
21839	241	280	24664	1637	0	26822
21840	208	25405	930	854	0	27397
21841	218	956	386	26158	0	27718
21842	209	394	280	25588	0	26471
21843	202	23810	269	1310	0	25591
21844	222	25920	235	686	0	27063
21845	25755	1140	220	544	0	27659
21846	1038	25314	207	451	0	27010
21847	454	1089	194	25825	0	27562
21848	382	478	25234	1185	0	27279
21849	24922	341	900	610	0	26773
21850	1095	268	25188	552	0	27103
21851	25157	195	1026	496	0	26874
21852	25933	171	416	499	0	27019
21853	1382	152	25456	489	0	27479
21854	663	137	1026	24269	0	26095
21855	485	24948	479	1155	0	27067
21856	396	900	381	26529	0	28206
21857	27335	327	311	1352	0	29325
21858	27960	222	301	741	0	29224
21859	1368	26805	316	601	0	29090
21860	27401	1050	355	616	0	29422
21861	1319	355	277	27414	0	29365
21862	27080	260	260	1508	0	29108
21863	27998	216	241	766	0	29221
21864	1487	206	191	27473	0	29357
21865	27774	201	164	1585	0	29724
21866	27903	206	161	816	0	29086
21867	1456	225	26488	718	0	28887
21868	26214	237	1021	595	0	28067
21869	1361	241	25697	515	0	27814
21870	531	247	24019	466	0	25263
21871	398	24227	1108	462	0	26195
21872	516	879	454	23553	0	25402
21873	258	357	24521	905	0	26041
21874	261	286	23317	427	0	24291
21875	24387	179	776	513	0	25855
21876	710	190	607	24800	0	26307
21877	312	160	235	26173	0	26880
21878	245	169	197	26858	0	27469
21879	223	153	152	26835	0	27363
21880	232	165	146	27260	0	27803
21881	307	154	25748	1228	0	27437
21882	283	163	25318	537	0	26301
21883	235	117	713	26384	0	27449
21884	26532	125	307	895	0	27859
21885	737	25327	249	522	0	26835
21886	431	585	176	26319	0	27511
21887	26184	205	176	859	0	27424
21888	784	25051	181	497	0	26513
21889	457	608	145	26392	0	27602
21890	365	244	154	27096	0	27859
21891	313	167	168	27233	0	27881
21892	26764	127	176	1053	0	28120
21893	766	126	25240	585	0	26717
21894	25221	112	705	449	0	26487
21895	857	91	307	26115	0	27370
21896	379	93	255	24839	0	25566
21897	310	24380	254	1011	0	25955
21898	306	573	24835	576	0	26290
21899	24185	221	675	493	0	25574
21900	25606	163	310	438	0	26517
21901	909	146	24823	462	0	26340
21902	23188	102	680	439	0	24409
21903	798	24826	388	385	0	26397
21904	408	25074	263	342	0	26087
21905	307	25650	231	319	0	26507
21906	24633	802	355	297	0	26087
21907	742	347	24545	286	0	25920
21908	356	332	517	23397	0	24602
21909	238	23020	257	650	0	24165
21910	240	24089	180	354	0	24863
21911	215	24171	158	252	0	24796
21912	230	690	117	21563	0	22600
21913	23391	234	88	622	0	24335
21914	559	23179	108	327	0	24173
21915	282	509	72	23677	0	24540
21916	217	196	85	24187	0	24685
21917	23222	147	104	660	0	24133
21918	600	135	95	22901	0	23731
21919	285	83	96	24065	0	24529
21920	206	102	23394	757	0	24459
21921	220	120	477	23320	0	24137
21922	212	86	223	25090	0	25611
21923	24986	71	167	721	0	25945
21924	24717	86	149	344	0	25296
21925	704	65	131	25047	0	25947
21926	24083	113	103	663	0	24962
21927	23724	139	104	325	0	24292
21928	680	23606	123	251	0	24660
21929	371	512	23424	204	0	24511
21930	256	22141	546	168	0	23111
21931	291	544	156	20534	0	21525
21932	19965	307	378	366	0	21016
21933	302	18932	67	184	0	19485
21934	133	312	63	20054	0	20562
21935	20040	138	60	376	0	20614
21936	20004	100	60	205	0	20369
21937	401	89	43	19990	0	20523
21938	150	103	20339	435	0	21027
21939	124	59	282	20589	0	21054
21940	118	53	93	21292	0	21556
21941	104	51	20666	525	0	21346
21942	108	57	308	20328	0	20801
21943	74	49	125	21159	0	21407
21944	21816	47	81	528	0	22472
21945	369	51	65	21957	0	22442
21946	159	49	55	22151	0	22414
21947	21808	54	56	523	0	22441
21948	21343	40	81	244	0	21708
21949	21545	48	65	179	0	21837
21950	607	69	20745	147	0	21568
21951	219	361	385	19968	0	20933
21952	143	20647	133	414	0	21337
21953	146	464	61	22056	0	22727
21954	174	156	22285	491	0	23106
21955	118	120	394	21329	0	21961
21956	126	109	22426	545	0	23206
21957	20268	130	292	161	0	20851
21958	21240	58	108	123	0	21529
21959	385	51	55	21424	0	21915
21960	162	49	38	21697	0	21946
21961	87	37	42	21728	0	21894
21962	75	20799	62	424	0	21360
21963	21817	267	43	201	0	22328
21964	21795	100	24	153	0	22072
21965	390	52	29	21707	0	22178
21966	164	29	31	21692	0	21916
21967	107	42	34	21928	0	22111
21968	83	24	52	22034	0	22193
21969	98	30	21230	489	0	21847
21970	91	25	260	21416	0	21792
21971	20916	24	109	415	0	21464
21972	20747	21	52	207	0	21027
21973	399	39	48	19446	0	19932
21974	181	43	18174	399	0	18797
21975	16854	49	282	178	0	17363
21976	383	37	99	17505	0	18024
21977	151	16509	97	363	0	17120
21978	77	17430	63	154	0	17724
21979	18446	340	42	139	0	18967
21980	361	109	27	18969	0	19466
21981	134	62	30	19727	0	19953
21982	77	43	27	20745	0	20892
21983	69	37	21	20947	0	21074
21984	58	31	25	21942	0	22056
21985	75	45	21029	738	0	21887
21986	87	38	20884	303	0	21312
21987	89	37	21171	214	0	21511
21988	56	13	621	20969	0	21659
21989	58	30	21552	647	0	22287
21990	54	23	575	21400	0	22052
21991	73	22	228	21828	0	22151
21992	60	12	148	23182	0	23402
21993	22854	17	122	970	0	23963
21994	559	17	99	22972	0	23647
21995	193	19	93	24172	0	24477
21996	23566	13	111	825	0	24515
21997	574	22361	91	396	0	23422
21998	178	23144	84	246	0	23652
21999	23269	621	27	205	0	24122
22000	592	23538	47	241	0	24418
22001	24030	604	35	192	0	24861
22002	24516	177	45	193	0	24931
22003	23913	100	23	146	0	24182
22004	23520	82	36	136	0	23774
22005	23794	56	37	115	0	24002
22006	787	22799	42	123	0	23751
22007	23434	570	35	104	0	24143
22008	23769	177	48	86	0	24080
22009	802	23893	48	109	0	24852
22010	26504	557	52	84	0	27197
22011	27221	188	39	119	0	27567
22012	30032	114	40	103	0	30289
22013	31549	93	23	123	0	31788
22014	1535	92	32831	225	0	34683
22015	565	95	1220	35153	0	37033
22016	388	80	328	37498	0	38294
22017	305	90	35829	1781	0	38005
22018	258	113	35765	633	0	36769
22019	35404	63	1698	370	0	37535
22020	1572	80	602	36670	0	38924
22021	604	63	37290	1518	0	39475
22022	442	88	37025	509	0	38064
22023	36537	54	1806	354	0	38751
22024	38587	42	635	275	0	39539
22025	38881	49	385	221	0	39536
22026	2160	63	37241	176	0	39640
22027	887	50	1502	37086	0	39525
22028	581	61	37369	1560	0	39571
22029	36876	58	1690	546	0	39170
22030	1753	68	38025	367	0	40213
22031	676	81	1711	37999	0	40467
22032	526	86	637	37979	0	39228
22033	407	39411	449	1734	0	42001
22034	40706	1471	338	719	0	43234
22035	1795	422	39829	500	0	42546
22036	40157	230	1677	353	0	42417
22037	1967	145	40490	279	0	42881
22038	798	74	1813	39304	0	41989
22039	530	341	760	40686	0	42317
22040	463	97	475	41795	0	42830
22041	40278	72	364	2244	0	42958
22042	1826	112	335	40175	0	42448
22043	833	79	315	40781	0	42008
22044	617	38056	360	2171	0	41204
22045	542	1416	303	40063	0	42324
22046	38905	401	371	2083	0	41760
22047	1883	266	38462	871	0	41482
22048	791	157	1620	38861	0	41429
22049	655	115	38335	1948	0	41053
22050	505	36430	1912	887	0	39734
22051	464	1388	39007	670	0	41529
22052	38480	425	1914	583	0	41402
22053	40174	296	839	483	0	41792
22054	2096	160	662	38573	0	41491
22055	39173	130	593	1820	0	41716
22056	39817	98	556	848	0	41319
22057	2265	102	499	38758	0	41624
22058	1078	106	527	40023	0	41734
22059	849	169	38106	2238	0	41362
22060	687	38027	1739	1050	0	41503
22061	38979	1452	702	728	0	41861
22062	1912	38303	604	656	0	41475
22063	985	1621	478	39015	0	42099
22064	813	564	442	40244	0	42063
22065	677	337	452	40299	0	41765
22066	592	244	471	40594	0	41901
22067	524	220	37752	2522	0	41018
22068	36904	187	1760	1244	0	40095
22069	39685	252	788	870	0	41595
22070	2218	217	576	38771	0	41782
22071	39099	221	496	2006	0	41822
22072	2202	218	396	39187	0	42003
22073	1078	175	37335	2241	0	40829
22074	835	182	1676	37586	0	40279
22075	755	37933	702	2210	0	41600
22076	638	1400	613	37528	0	40179
22077	627	38388	503	2107	0	41625
22078	587	1708	385	36202	0	38882
22079	505	37297	413	2136	0	40351
22080	36470	1664	388	1083	0	39605
22081	1760	594	35682	1004	0	39040
22082	806	34151	1467	844	0	37268
22083	666	35893	704	757	0	38020
22084	782	1534	558	34718	0	37592
22085	533	564	502	35534	0	37133
22086	553	426	447	35872	0	37298
22087	549	292	456	36050	0	37347
22088	608	33648	452	2228	0	36936
22089	633	1260	377	34990	0	37260
22090	513	482	387	35862	0	37244
22091	34016	355	317	2056	0	36744
22092	1595	282	313	34064	0	36254
22093	736	257	32953	1999	0	35945
22094	638	282	32106	1096	0	34122
22095	30969	275	1467	927	0	33638
22096	1384	31581	594	1058	0	34617
22097	655	33817	436	749	0	35657
22098	563	1553	352	33059	0	35527
22099	430	718	267	34294	0	35709
22100	382	501	31582	1960	0	34425
22101	30312	375	1242	1114	0	33043
22102	32633	286	488	969	0	34376
22103	1640	282	33076	999	0	35997
22104	755	265	32858	843	0	34721
22105	32511	276	1404	759	0	34950
22106	34351	223	611	766	0	35951
22107	34206	248	414	705	0	35573
22108	33869	251	282	657	0	35059
22109	1776	31016	267	624	0	33683
22110	30283	1030	177	530	0	32020
22111	1364	373	27885	485	0	30107
22112	469	270	25188	368	0	26295
22113	302	203	25643	328	0	26476
22114	127	1895	1052	18823	0	21897
22115	19233	45	220	273	0	19771
22116	19134	52	68	139	0	19393
22117	253	57	48	19004	0	19362
22118	120	67	65	18968	0	19220
22119	99	55	45	19514	0	19713
22120	82	19084	52	382	0	19600
22121	19587	188	40	183	0	19998
22122	19853	74	35	165	0	20127
22123	20020	69	50	143	0	20282
22124	19895	52	44	144	0	20135
22125	20065	41	36	132	0	20274
22126	295	44	47	19476	0	19862
22127	146	18903	54	301	0	19404
22128	120	205	46	19572	0	19943
22129	94	85	52	19356	0	19587
22130	18953	55	43	291	0	19342
22131	236	44	17018	105	0	17403
22132	74	269	15902	73	0	16318
22133	57	62	15902	50	0	16071
22134	16983	18	149	53	0	17203
22135	17781	15	152	45	0	17993
22136	144	17	39	18296	0	18496
22137	66	18	30	18145	0	18259
22138	51	17	23	19017	0	19108
22139	41	13	19039	222	0	19315
22140	37	15	150	18149	0	18351
22141	45	21	20191	198	0	20455
22142	30	17	163	19942	0	20152
22143	27	17	65	20201	0	20310
22144	32	13	42	21040	0	21127
22145	20964	12	41	229	0	21246
22146	20739	5	27	157	0	20928
22147	255	23	20589	73	0	20940
22148	20313	14	150	84	0	20561
22149	20854	18	68	64	0	21004
22150	214	12	46	20391	0	20663
22151	20684	11	41	194	0	20930
22152	202	14	35	20463	0	20714
22153	87	10	32	20820	0	20949
22154	85	11	20092	234	0	20422
22155	18794	5	142	119	0	19060
22156	169	8	76	20646	0	20899
22157	102	8	20476	193	0	20779
22158	78	13	21100	179	0	21370
22159	60	7	175	20035	0	20277
22160	50	3	99	20449	0	20601
22161	20806	5	149	237	0	21197
22162	167	5	46	20746	0	20964
22163	87	1	40	20540	0	20668
22164	69	6	61	21418	0	21554
22165	56	2	36	23392	0	23486
22166	24777	1	47	400	0	25225
22167	24499	5	54	243	0	24801
22168	25315	2	52	146	0	25515
22169	26499	1	37	134	0	26671
22170	515	3	29	27805	0	28352
22171	28661	2	26	469	0	29158
22172	504	3	38	28472	0	29017
22173	28941	0	35	507	0	29483
22174	525	4	27	28427	0	28983
22175	267	3	35	27456	0	27761
22176	148	27052	45	1032	0	28277
22177	121	355	22	28134	0	28632
22178	27402	155	34	543	0	28134
22179	26388	57	52	292	0	26789
22180	611	36	26578	172	0	27397
22181	295	26437	381	168	0	27281
22182	27100	398	179	125	0	27802
22183	491	27716	116	115	0	28438
22184	28162	431	61	122	0	28776
22185	517	28588	58	156	0	29319
22186	295	465	29277	119	0	30156
22187	155	29716	402	157	0	30430
22188	161	30274	185	143	0	30763
22189	108	587	73	31615	0	32383
22190	32999	229	59	518	0	33805
22191	475	119	35	32800	0	33429
22192	276	60	40	33509	0	33885
22193	32757	59	39	707	0	33562
22194	33682	48	36	351	0	34117
22195	687	52	35	33752	0	34526
22196	361	47	34	34017	0	34459
22197	227	60	30	34439	0	34756
22198	33690	63	30	768	0	34551
22199	588	60	33006	453	0	34107
22200	354	70	412	33068	0	33904
22201	225	74	34619	596	0	35514
22202	173	32947	520	384	0	34024
22203	202	467	33562	232	0	34463
22204	187	243	501	33117	0	34048
22205	172	142	33850	585	0	34749
22206	32942	98	501	361	0	33902
22207	564	98	240	34634	0	35536
22208	330	34736	132	640	0	35838
22209	232	495	104	36142	0	36973
22210	197	35634	73	667	0	36571
22211	190	35852	86	396	0	36524
22212	203	36237	89	278	0	36807
22213	209	633	60	34495	0	35397
22214	178	34712	69	567	0	35526
22215	35578	495	72	348	0	36493
22216	619	296	33628	256	0	34799
22217	374	193	31831	233	0	32631
22218	246	145	32963	221	0	33575
22219	202	109	638	33510	0	34459
22220	189	115	289	33121	0	33714
22221	225	123	131	33665	0	34144
22222	246	105	113	33516	0	33980
22223	288	104	89	32596	0	33077
22224	289	32683	121	848	0	33941
22225	315	525	32015	465	0	33320
22226	295	306	31079	314	0	31994
22227	268	32291	622	296	0	33477
22228	267	522	268	33875	0	34932
22229	260	298	126	34181	0	34865
22230	245	216	112	34116	0	34689
22231	34269	208	123	853	0	35453
22232	601	180	32581	534	0	33896
22233	32113	184	431	376	0	33104
22234	32718	190	265	342	0	33515
22235	730	30065	231	334	0	31360
22236	378	31630	139	297	0	32444
22237	32640	605	125	274	0	33644
22238	609	333	122	32342	0	33406
22239	431	217	114	32886	0	33648
22240	266	233	33407	799	0	34705
22241	245	240	32269	422	0	33176
22242	186	308	678	33817	0	34989
22243	35073	260	335	701	0	36369
22244	692	229	35718	424	0	37063
22245	36670	235	690	279	0	37874
22246	756	207	348	37862	0	39173
22247	372	204	193	38735	0	39504
22248	262	176	176	39959	0	40573
22249	250	166	38175	1201	0	39792
22250	215	36400	769	635	0	38019
22251	203	39198	337	471	0	40209
22252	40334	991	155	418	0	41898
22253	41163	371	148	357	0	42039
22254	1146	217	167	41058	0	42588
22255	41179	139	177	1105	0	42600
22256	1017	169	39340	552	0	41078
22257	426	206	39411	380	0	40423
22258	224	139	1108	38453	0	39924
22259	39986	123	470	1104	0	41683
22260	913	144	311	40154	0	41522
22261	392	171	287	41598	0	42448
22262	40645	131	250	1326	0	42352
22263	40831	161	263	586	0	41841
22264	1137	41800	218	447	0	43602
22265	41278	865	172	304	0	42619
22266	1007	316	117	39190	0	40630
22267	341	39556	146	985	0	41028
22268	40024	861	102	389	0	41376
22269	920	39015	114	402	0	40451
22270	404	764	79	39132	0	40379
22271	39126	207	52	822	0	40207
22272	870	140	37497	248	0	38755
22273	297	107	37392	160	0	37956
22274	183	149	830	36685	0	37847
22275	153	60	232	39316	0	39761
22276	141	78	124	38912	0	39255
22277	115	39389	112	964	0	40580
22278	42349	874	77	337	0	43637
22279	42075	269	78	225	0	42647
22280	42412	156	58	201	0	42827
22281	1206	43738	84	243	0	45271
22282	437	1033	76	48109	0	49655
22283	276	318	78	48564	0	49236
22284	193	165	86	48903	0	49347
22285	46023	140	89	1755	0	48007
22286	1290	44411	112	607	0	46420
22287	416	1283	80	45153	0	46932
22288	268	382	73	46318	0	47041
22289	252	264	42886	1953	0	45355
22290	217	42551	1142	758	0	44668
22291	257	1279	296	43666	0	45498
22292	252	406	136	45168	0	45962
22293	250	231	102	45506	0	46089
22294	42950	172	95	1865	0	45082
22295	1356	41907	89	791	0	44143
22296	43607	1337	78	506	0	45528
22297	1498	444	80	43053	0	45075
22298	43788	266	104	1611	0	45769
22299	1556	240	41526	663	0	43985
22300	42308	202	1220	521	0	44251
22301	43462	180	347	460	0	44449
22302	1750	220	41544	397	0	43911
22303	662	200	1234	42010	0	44106
22304	404	188	363	43965	0	44920
22305	44025	189	179	1869	0	46262
22306	1506	168	170	45038	0	46882
22307	584	192	164	45501	0	46441
22308	445	174	118	45788	0	46525
22309	394	195	41911	1987	0	44487
22310	38335	136	1283	845	0	40599
22311	1501	43061	409	608	0	45579
22312	643	1349	222	43357	0	45571
22313	476	43006	210	1562	0	45254
22314	387	45796	181	754	0	47118
22315	370	1651	147	46646	0	48814
22316	368	554	45958	1847	0	48727
22317	384	343	46479	840	0	48046
22318	358	284	1631	47788	0	50061
22319	368	269	47118	1887	0	49642
22320	45454	257	1643	875	0	48229
22321	1614	288	515	48669	0	51086
22322	646	231	277	49711	0	50865
22323	399	48523	274	2201	0	51397
22324	351	1553	239	50186	0	52329
22325	274	540	244	50007	0	51065
22326	290	47664	285	2199	0	50438
22327	311	1518	272	50704	0	52805
22328	332	564	216	50918	0	52030
22329	304	48751	241	2292	0	51588
22330	50149	1545	243	1027	0	52964
22331	1728	599	48497	787	0	51611
22332	710	410	48645	681	0	50446
22333	526	359	1817	48470	0	51172
22334	382	295	575	51084	0	52336
22335	375	260	48743	2334	0	51712
22336	387	385	47697	1057	0	49526
22337	43187	301	1673	829	0	45990
22338	1492	47703	604	827	0	50626
22339	49135	1646	353	693	0	51827
22340	1751	543	47449	697	0	50440
22341	617	47940	1511	715	0	50783
22342	375	1512	572	50502	0	52961
22343	449	555	50939	1859	0	53802
22344	303	348	49940	843	0	51434
22345	289	269	1679	52196	0	54433
22346	337	288	52441	2008	0	55074
22347	317	51576	1762	950	0	54605
22348	262	1661	690	52932	0	55545
22349	366	675	52271	1963	0	55275
22350	260	52097	1763	998	0	55118
22351	53422	1677	712	580	0	56391
22352	1778	711	51116	554	0	54159
22353	705	51182	1751	550	0	54188
22354	431	1753	829	52139	0	55152
22355	316	727	482	55418	0	56943
22356	53868	433	419	2438	0	57158
22357	1754	326	381	53651	0	56112
22358	670	293	343	55319	0	56625
22359	53322	255	359	2588	0	56524
22360	1788	343	307	53929	0	56367
22361	748	291	51308	2366	0	54713
22362	387	384	1761	52021	0	54553
22363	330	280	51764	2354	0	54728
22364	350	233	49013	1046	0	50642
22365	248	264	50813	724	0	52049
22366	440	351	2101	47763	0	50655
22367	250	157	952	51687	0	53046
22368	50344	165	548	2255	0	53312
22369	1569	186	425	48764	0	50944
22370	643	50389	408	1974	0	53414
22371	388	1413	371	53996	0	56168
22372	222	600	367	53841	0	55030
22373	221	52542	351	2267	0	55381
22374	53207	1468	357	1155	0	56187
22375	51433	646	335	746	0	53160
22376	1806	50534	371	683	0	53394
22377	663	51033	311	583	0	52590
22378	379	2076	515	49716	0	52686
22379	49930	718	397	1656	0	52701
22380	1473	448	49027	892	0	51840
22381	582	340	45726	575	0	47223
22382	41539	207	1304	321	0	43371
22383	1028	43872	607	317	0	45824
22384	473	1000	358	44818	0	46649
22385	291	473	278	46002	0	47044
22386	210	314	244	47049	0	47817
22387	196	406	201	46575	0	47378
22388	175	44452	235	1579	0	46441
22389	184	949	196	46681	0	48010
22390	45931	430	159	1407	0	47927
22391	1016	288	161	46187	0	47652
22392	444	199	169	47056	0	47868
22393	46894	181	144	1629	0	48848
22394	46880	153	161	911	0	48105
22395	48067	136	177	585	0	48965
22396	48599	139	177	481	0	49396
22397	1530	140	158	47613	0	49441
22398	47993	145	161	1264	0	49563
22399	1284	141	189	47665	0	49279
22400	47634	94	186	1395	0	49309
22401	48096	97	186	718	0	49097
22402	1517	117	176	47189	0	48999
22403	835	129	45630	1277	0	47871
22404	45114	117	958	695	0	46884
22405	47245	122	435	537	0	48339
22406	46813	141	260	439	0	47653
22407	46870	116	182	450	0	47618
22408	1809	129	195	45881	0	48014
22409	879	156	45210	1324	0	47569
22410	562	180	44549	677	0	45968
22411	43454	157	1291	507	0	45409
22412	46615	142	571	336	0	47664
22413	1426	44676	367	411	0	46880
22414	677	45323	248	328	0	46576
22415	47175	1162	216	280	0	48833
22416	1198	504	192	45210	0	47104
22417	636	465	187	46827	0	48115
22418	46308	189	168	1373	0	48038
22419	1072	46104	156	747	0	48079
22420	48014	938	130	527	0	49609
22421	1288	440	46092	424	0	48244
22422	45542	250	859	415	0	47066
22423	1217	171	354	46742	0	48484
22424	626	151	47063	1175	0	49015
22425	485	46263	936	715	0	48399
22426	413	855	384	49097	0	50749
22427	443	363	50046	1320	0	52172
22428	356	201	1029	49527	0	51113
22429	51744	134	541	1340	0	53759
22430	1252	144	50242	923	0	52561
22431	48660	226	1126	521	0	50533
22432	1393	50363	578	422	0	52756
22433	747	1020	318	52830	0	54915
22434	608	483	53362	1230	0	55683
22435	385	348	1078	53043	0	54854
22436	420	186	54695	1433	0	56734
22437	376	52523	1239	798	0	54936
22438	52936	981	508	454	0	54879
22439	1141	54209	351	349	0	56050
22440	680	1141	190	53628	0	55639
22441	463	542	207	54253	0	55465
22442	379	359	50781	1443	0	52962
22443	40280	231	1009	781	0	42301
22444	1014	47427	537	448	0	49426
22445	408	43609	223	364	0	44604
22446	250	44288	150	188	0	44876
22447	168	871	266	42857	0	44162
22448	179	43045	130	560	0	43914
22449	249	607	97	42658	0	43611
22450	146	41836	97	588	0	42667
22451	122	491	246	41235	0	42094
22452	97	41811	84	443	0	42435
22453	42558	464	89	214	0	43325
22454	463	237	41196	166	0	42062
22455	39079	141	416	137	0	39773
22456	40680	107	201	107	0	41095
22457	41757	104	100	114	0	42075
22458	545	40818	92	191	0	41646
22459	42505	347	65	115	0	43032
22460	42049	206	64	102	0	42421
22461	43087	116	82	125	0	43410
22462	702	114	42673	96	0	43585
22463	371	100	446	42057	0	42974
22464	249	74	43957	483	0	44763
22465	173	76	499	42357	0	43105
22466	42677	86	267	554	0	43584
22467	516	41787	166	359	0	42828
22468	357	522	49473	285	0	50637
22469	210	311	1239	49420	0	51180
22470	140	146	293	54443	0	55022
22471	138	124	60146	1812	0	62220
22472	58276	116	2090	426	0	60908
22473	62138	100	548	206	0	62992
22474	63987	91	189	160	0	64427
22475	2766	168	169	60204	0	63307
22476	770	58029	220	2184	0	61203
22477	342	63098	156	634	0	64230
22478	228	2525	148	62152	0	65053
22479	223	671	324	61669	0	62887
22480	202	60445	155	2525	0	63327
22481	61259	2223	126	661	0	64269
22482	2258	60710	141	365	0	63474
22483	648	2267	112	60686	0	63713
22484	371	670	59335	2332	0	62708
22485	231	321	2252	59141	0	61945
22486	59634	212	523	2531	0	62900
22487	2364	219	57429	732	0	60744
22488	58592	199	2185	364	0	61340
22489	61369	209	565	309	0	62452
22490	62111	182	235	307	0	62835
22491	62371	192	204	235	0	63002
22492	63456	157	293	276	0	64182
22493	3163	198	58304	234	0	61899
22494	1031	240	58896	215	0	60382
22495	62795	144	2634	222	0	65795
22496	66236	164	730	200	0	67330
22497	3368	199	313	67253	0	71133
22498	1098	67828	262	2780	0	71968
22499	623	2823	175	70909	0	74530
22500	70546	907	161	3148	0	74762
22501	3125	420	176	65956	0	69677
22502	1083	69044	197	2872	0	73196
22503	70880	2911	183	1002	0	74976
22504	71258	930	218	528	0	72934
22505	71086	437	228	458	0	72209
22506	3877	68355	215	468	0	72915
22507	1460	2885	222	69098	0	73665
22508	866	910	193	70141	0	72110
22509	715	66797	193	3727	0	71432
22510	692	2941	167	69372	0	73172
22511	67842	951	312	3417	0	72522
22512	68422	470	163	1230	0	70285
22513	3940	65050	221	678	0	69889
22514	1509	2892	223	65674	0	70298
22515	907	950	257	67451	0	69565
22516	739	535	273	69146	0	70693
22517	65223	409	268	4252	0	70152
22518	3462	432	62042	1633	0	67569
22519	62511	369	2832	1051	0	66763
22520	3728	405	61806	841	0	66780
22521	1646	427	2976	58652	0	63701
22522	1147	59551	1038	3104	0	64840
22523	994	64653	494	1384	0	67525
22524	61240	3945	366	954	0	66505
22525	62265	1460	297	933	0	64955
22526	4029	59440	301	875	0	64645
22527	1533	60374	272	822	0	63001
22528	59417	3738	281	776	0	64212
22529	60653	1456	280	758	0	63147
22530	4007	59817	328	992	0	65144
22531	62253	3264	336	724	0	66577
22532	4090	1328	58605	667	0	64690
22533	60696	797	2835	721	0	65049
22534	61798	657	1018	725	0	64198
22535	4454	583	571	58170	0	63778
22536	2078	56416	475	3334	0	62303
22537	1649	3020	432	59198	0	64299
22538	58569	1042	436	3581	0	63628
22539	4129	647	381	56559	0	61716
22540	2080	580	466	59699	0	62825
22541	1522	598	55869	4159	0	62148
22542	1385	544	2936	58026	0	62891
22543	1256	676	1061	60859	0	63852
22544	58779	603	590	4384	0	64356
22545	3885	727	56750	1801	0	63163
22546	58503	727	2980	1168	0	63378
22547	4031	713	965	58460	0	64169
22548	1959	628	475	60861	0	63923
22549	1380	719	392	59960	0	62451
22550	1274	55314	400	4251	0	61239
22551	1421	59184	376	1768	0	62749
22552	1383	3739	366	57734	0	63222
22553	57502	1419	352	3690	0	62963
22554	59858	865	357	1590	0	62670
22555	4622	689	321	57949	0	63581
22556	58408	667	306	3806	0	63187
22557	4167	638	308	58024	0	63137
22558	1971	648	274	60578	0	63471
22559	55214	636	326	4552	0	60728
22560	3780	56700	317	2086	0	62883
22561	57102	3069	266	1400	0	61837
22562	57881	1119	340	1316	0	60656
22563	56291	674	299	1328	0	58592
22564	4184	54029	350	1253	0	59816
22565	1857	3133	305	55056	0	60351
22566	1417	1069	293	58080	0	60859
22567	1260	732	52159	4279	0	58430
22568	944	747	1947	46958	0	50596
22569	901	441	42888	2821	0	47051
22570	812	38604	1736	1457	0	42609
22571	416	30229	558	716	0	31919
22572	440	31669	322	530	0	32961
22573	571	1554	625	31683	0	34433
22574	383	711	143	32458	0	33695
22575	308	400	115	32569	0	33392
22576	315	333	102	33247	0	33997
22577	341	345	30922	1839	0	33447
22578	338	315	35280	1075	0	37008
22579	346	299	1507	37387	0	39539
22580	400	248	37878	1755	0	40281
22581	37748	206	1416	1007	0	40377
22582	39616	165	674	647	0	41102
22583	1969	212	38392	635	0	41208
22584	989	162	1358	38817	0	41326
22585	670	167	666	40433	0	41936
22586	547	191	395	41265	0	42398
22587	564	212	281	40940	0	41997
22588	441	214	292	41544	0	42491
22589	35476	268	255	2408	0	38407
22590	38625	216	226	1262	0	40329
22591	1772	38093	196	984	0	41045
22592	868	1319	36346	809	0	39342
22593	524	36379	1184	752	0	38839
22594	403	37716	564	636	0	39319
22595	33908	1358	265	437	0	35968
22596	1077	33376	258	466	0	35177
22597	340	28726	138	245	0	29449
22598	28202	914	275	230	0	29621
22599	793	386	27132	194	0	28505
22600	26798	217	625	167	0	27807
22601	751	174	262	27243	0	28430
22602	363	130	141	26667	0	27301
22603	246	97	119	27465	0	27927
22604	214	100	25633	1020	0	26967
22605	190	25612	626	555	0	26983
22606	26800	582	249	410	0	28041
22607	697	237	158	27519	0	28611
22608	298	27256	161	898	0	28613
22609	190	740	130	28868	0	29928
22610	198	339	28173	923	0	29633
22611	193	219	721	28149	0	29282
22612	204	207	256	29189	0	29856
22613	184	301	165	29491	0	30141
22614	28714	176	146	1211	0	30247
22615	831	138	141	29075	0	30185
22616	356	124	28036	1130	0	29646
22617	244	27743	751	615	0	29353
22618	245	743	279	28787	0	30054
22619	225	305	171	29711	0	30412
22620	215	206	27736	1207	0	29364
22621	189	207	27125	553	0	28074
22622	26707	168	995	425	0	28295
22623	27401	165	402	361	0	28329
22624	991	27086	284	357	0	28718
22625	27634	756	211	338	0	28939
22626	974	319	26933	310	0	28536
22627	448	194	26957	314	0	27913
22628	26268	238	934	311	0	27751
22629	26320	146	531	329	0	27326
22630	974	117	24881	318	0	26290
22631	24343	85	791	321	0	25540
22632	941	101	24580	268	0	25890
22633	24362	101	800	242	0	25505
22634	25429	161	361	237	0	26188
22635	984	176	217	24660	0	26037
22636	437	26963	236	854	0	28490
22637	26619	824	230	362	0	28035
22638	910	371	27394	253	0	28928
22639	426	27866	835	282	0	29409
22640	28629	847	285	251	0	30012
22641	27644	336	215	248	0	28443
22642	989	27035	258	276	0	28558
22643	469	794	218	27818	0	29299
22644	383	303	26943	948	0	28577
22645	310	213	817	27421	0	28761
22646	298	218	27329	971	0	28816
22647	259	176	928	27105	0	28468
22648	221	168	413	28234	0	29036
22649	235	172	26765	1126	0	28298
22650	233	26384	910	569	0	28096
22651	228	789	396	27467	0	28880
22652	270	322	25617	1050	0	27259
22653	25743	201	798	488	0	27230
22654	872	206	344	27534	0	28956
22655	418	160	260	28199	0	29037
22656	27406	151	248	1151	0	28956
22657	957	164	192	26583	0	27896
22658	500	144	165	26597	0	27406
22659	337	26545	212	1074	0	28168
22660	270	840	178	27174	0	28462
22661	270	293	26025	1075	0	27663
22662	257	179	838	25279	0	26553
22663	251	25296	376	926	0	26849
22664	231	26259	281	514	0	27285
22665	229	958	246	26493	0	27926
22666	26389	386	240	991	0	28006
22667	871	291	270	26612	0	28044
22668	26671	264	272	995	0	28202
22669	968	209	221	27011	0	28409
22670	27030	142	257	1032	0	28461
22671	27500	159	207	555	0	28421
22672	1170	141	180	26640	0	28131
22673	550	480	242	25962	0	27234
22674	467	24572	241	1128	0	26408
22675	391	26000	210	574	0	27175
22676	348	868	24304	458	0	25978
22677	310	24650	699	421	0	26080
22678	20459	623	442	256	0	21780
22679	545	147	149	19837	0	20678
22680	206	18721	127	503	0	19557
22681	20004	444	99	257	0	20804
22682	503	171	115	19806	0	20595
22683	246	111	98	19238	0	19693
22684	160	101	115	19759	0	20135
22685	156	129	110	20064	0	20459
22686	170	20732	104	614	0	21620
22687	163	22304	107	300	0	22874
22688	24172	606	106	231	0	25115
22689	744	24879	115	220	0	25958
22690	271	731	101	25464	0	26567
22691	229	271	70	26104	0	26674
22692	226	178	73	25984	0	26461
22693	158	165	78	26398	0	26799
22694	25420	135	90	1114	0	26759
22695	26134	113	113	450	0	26810
22696	990	150	24933	371	0	26444
22697	375	116	749	25398	0	26638
22698	283	134	25679	958	0	27054
22699	236	121	814	25790	0	26961
22700	191	126	296	27337	0	27950
22701	26861	124	185	1186	0	28356
22702	905	122	163	27160	0	28350
22703	350	111	26350	1127	0	27938
22704	259	142	25549	475	0	26425
22705	26064	104	962	404	0	27534
22706	899	107	26385	401	0	27792
22707	299	100	829	25216	0	26444
22708	240	85	25779	970	0	27074
22709	145	104	772	25336	0	26357
22710	127	25924	314	919	0	27284
22711	133	651	210	26494	0	27488
22712	119	25912	196	896	0	27123
22713	84	26811	166	409	0	27470
22714	94	889	140	26649	0	27772
22715	26350	299	113	869	0	27631
22716	653	26119	114	418	0	27304
22717	260	710	74	26957	0	28001
22718	27010	281	57	889	0	28237
22719	27501	193	69	415	0	28178
22720	28093	147	52	301	0	28593
22721	968	136	63	27141	0	28308
22722	404	116	80	28110	0	28710
22723	27822	121	69	1008	0	29020
22724	27491	93	81	481	0	28146
22725	27706	115	83	335	0	28239
22726	972	121	66	27158	0	28317
22727	446	114	25339	803	0	26702
22728	25466	89	575	380	0	26510
22729	815	82	189	25772	0	26858
22730	357	25742	135	812	0	27046
22731	300	695	78	25943	0	27016
22732	246	25435	85	983	0	26749
22733	195	690	72	27175	0	28132
22734	198	231	25452	887	0	26768
22735	142	24999	563	400	0	26104
22736	120	561	176	24615	0	25472
22737	99	193	109	24211	0	24612
22738	102	145	86	24304	0	24637
22739	23924	121	39	829	0	24913
22740	605	23483	81	387	0	24556
22741	249	614	49	24851	0	25763
22742	24924	246	64	761	0	25995
22743	25141	147	54	398	0	25740
22744	858	108	49	25155	0	26170
22745	380	96	25128	867	0	26471
22746	213	89	613	25392	0	26307
22747	163	25206	227	908	0	26504
22748	137	665	134	26797	0	27733
22749	26259	247	83	896	0	27485
22750	738	145	90	26914	0	27887
22751	319	111	27296	930	0	28656
22752	189	28926	659	484	0	30258
22753	30937	765	246	325	0	32273
22754	855	292	30463	305	0	31915
22755	30994	146	808	239	0	32187
22756	927	113	308	32421	0	33769
22757	389	79	176	32844	0	33488
22758	242	32192	162	1113	0	33709
22759	34487	824	112	477	0	35900
22760	992	272	122	35186	0	36572
22761	383	151	136	35979	0	36649
22762	251	125	102	37066	0	37544
22763	206	95	35797	1415	0	37513
22764	172	101	908	36183	0	37364
22765	37165	109	314	1244	0	38832
22766	39089	102	189	578	0	39958
22767	1218	106	127	38725	0	40176
22768	477	90	107	39640	0	40314
22769	38875	98	77	1445	0	40495
22770	1090	134	37198	586	0	39008
22771	38107	81	969	429	0	39586
22772	1177	103	37310	306	0	38896
22773	486	116	37894	268	0	38764
22774	295	85	1138	37566	0	39084
22775	289	80	38250	1136	0	39755
22776	38083	80	1008	480	0	39651
22777	1077	59	377	40491	0	42004
22778	487	64	40002	1135	0	41688
22779	38552	71	985	509	0	40117
22780	40267	58	382	336	0	41043
22781	1328	81	41601	308	0	43318
22782	573	257	934	39703	0	41467
22783	359	41817	370	937	0	43483
22784	44020	893	240	429	0	45582
22785	1131	333	43915	298	0	45677
22786	39581	154	765	256	0	40756
22787	961	40608	349	218	0	42136
22788	39870	567	559	150	0	41146
22789	39251	182	99	146	0	39678
22790	39764	96	150	162	0	40172
22791	815	205	101	38555	0	39676
22792	354	38477	111	622	0	39564
22793	241	572	37783	292	0	38888
22794	162	38911	562	227	0	39862
22795	182	575	197	37116	0	38070
22796	147	38005	144	521	0	38817
22797	155	39248	148	269	0	39820
22798	38974	646	111	183	0	39914
22799	640	272	38030	175	0	39117
22800	284	142	39050	135	0	39611
22801	223	154	39062	123	0	39562
22802	168	38807	640	178	0	39793
22803	41602	444	229	156	0	42431
22804	41388	201	126	157	0	41872
22805	41393	80	90	184	0	41747
22806	650	39898	112	216	0	40876
22807	293	473	76	42732	0	43574
22808	211	193	40813	583	0	41800
22809	192	183	38356	309	0	39040
22810	40087	84	582	253	0	41006
22811	41602	94	252	234	0	42182
22812	41748	79	163	185	0	42175
22813	778	77	40349	210	0	41414
22814	40211	56	530	234	0	41031
22815	686	70	252	41095	0	42103
22816	348	76	178	41090	0	41692
22817	281	140	41739	744	0	42904
22818	276	40748	543	411	0	41978
22819	258	452	296	43055	0	44061
22820	253	185	41703	719	0	42860
22821	38811	107	641	420	0	39979
22822	648	80	356	42832	0	43916
22823	383	65	225	43288	0	43961
22824	43112	67	395	799	0	44373
22825	796	58	151	43420	0	44425
22826	43607	49	184	801	0	44641
22827	43337	64	222	504	0	44127
22828	875	89	169	43273	0	44406
22829	482	81	259	43787	0	44609
22830	44314	78	251	790	0	45433
22831	730	66	272	44543	0	45611
22832	45235	87	271	674	0	46267
22833	44599	99	253	371	0	45322
22834	44533	79	247	288	0	45147
22835	954	100	228	43276	0	44558
22836	519	95	217	44077	0	44908
22837	44473	93	229	757	0	45552
22838	810	42101	271	349	0	43531
22839	456	41605	233	180	0	42474
22840	43344	492	218	194	0	44248
22841	617	244	41032	170	0	42063
22842	41802	140	457	126	0	42525
22843	593	97	209	44699	0	45598
22844	366	112	44459	426	0	45363
22845	44348	95	449	187	0	45079
22846	593	158	168	45803	0	46722
22847	365	110	124	46476	0	47075
22848	306	108	144	46998	0	47556
22849	296	112	91	47304	0	47803
22850	47605	145	78	542	0	48370
22851	488	44582	148	277	0	45495
22852	42948	263	121	109	0	43441
22853	476	139	41829	63	0	42507
22854	216	120	40341	64	0	40741
22855	159	42043	308	78	0	42588
22856	205	571	177	42961	0	43914
22857	101	128	42555	206	0	42990
22858	56	38018	239	192	0	38505
22859	112	196	39840	43	0	40191
22860	6	26	76	38756	0	38864
22861	6	17	23	39653	0	39699
22862	40415	8	6	112	0	40541
22863	84	15	7	38751	0	38857
22864	39417	1	8	107	0	39533
22865	96	27	38708	34	0	38865
22866	27	36723	118	37	0	36905
22867	14	91	18	39699	0	39822
22868	11	45	8	42849	0	42913
22869	19	22	43264	109	0	43414
22870	23	89	39409	31	0	39552
22871	39427	15	116	37	0	39595
22872	43852	4	24	27	0	43907
22873	110	7	15	43208	0	43340
22874	33	7	9	43010	0	43059
22875	15	42008	30	133	0	42186
22876	17	98	5	45427	0	45547
22877	45089	30	8	166	0	45293
22878	44466	11	10	80	0	44567
22879	222	44485	50	43	0	44800
22880	46478	226	10	27	0	46741
22881	44075	58	16	24	0	44173
22882	338	28	7	46241	0	46614
22883	88	46205	50	311	0	46654
22884	42	289	13	48492	0	48836
22885	35	70	6	48970	0	49081
22886	34	50	47204	470	0	47758
22887	46756	17	383	137	0	47293
22888	493	24	72	52122	0	52711
22889	146	28	30	54382	0	54586
22890	60	61766	45	1079	0	62950
22891	60	1377	16	68070	0	69523
22892	68196	335	33	1743	0	70307
22893	72110	183	37	489	0	72819
22894	2270	139	70046	285	0	72740
22895	680	174	70194	164	0	71212
22896	356	90	2297	69994	0	72737
22897	231	52	603	76514	0	77400
22898	215	60	74499	2576	0	77350
22899	198	72	75373	803	0	76446
22900	135	71	2616	71769	0	74591
22901	133	61	75597	2423	0	78214
22902	165	141	75565	730	0	76601
22903	132	46	2704	72992	0	75874
22904	75864	32	947	2336	0	79179
22905	78157	42	597	747	0	79543
22906	2566	67	430	76989	0	80052
22907	813	48	337	78896	0	80094
22908	77416	24	299	2875	0	80614
22909	2338	36	269	77710	0	80353
22910	77225	38	284	2669	0	80216
22911	77675	44	294	978	0	78991
22912	2803	61	201	76884	0	79949
22913	1003	69	226	79451	0	80749
22914	76378	64	240	3010	0	79692
22915	2410	74709	262	1226	0	78607
22916	939	77646	222	827	0	79634
22917	650	2495	216	76535	0	79896
22918	484	792	74669	2686	0	78631
22919	383	410	2167	75053	0	78013
22920	75531	248	681	2853	0	79313
22921	2328	220	468	75355	0	78371
22922	76466	179	365	2876	0	79886
22923	2662	388	74483	1252	0	78785
22924	73820	170	2268	918	0	77176
22925	2688	178	735	76255	0	79856
22926	1071	155	470	79156	0	80852
22927	812	205	80562	3154	0	84733
22928	653	183	2227	80692	0	83755
22929	511	129	775	84122	0	85537
22930	513	169	585	86188	0	87455
22931	83575	201	395	3614	0	87785
22932	2665	243	82686	1608	0	87202
22933	1040	221	81766	1231	0	84258
22934	80701	111	2844	1023	0	84679
22935	84087	102	1191	972	0	86352
22936	3256	169	82664	902	0	86991
22937	1293	142	2622	79293	0	83350
22938	890	81250	1199	2661	0	86000
22939	750	2127	944	86090	0	89911
22940	84849	571	778	3185	0	89383
22941	86721	349	801	1519	0	89390
22942	3075	235	847	83968	0	88125
22943	1359	81637	913	3119	0	87028
22944	1049	2176	840	80822	0	84887
22945	953	81683	804	3005	0	86445
22946	83702	2338	727	1604	0	88371
22947	82286	761	763	1311	0	85121
22948	82011	464	770	1262	0	84507
22949	3349	76821	742	1449	0	82361
22950	1615	80565	722	1236	0	84138
22951	1306	2725	588	82661	0	87280
22952	1126	908	625	83945	0	86604
22953	1075	599	596	83455	0	85725
22954	1058	444	497	85659	0	87658
22955	1021	510	78410	4084	0	84025
22956	75472	370	2470	2131	0	80443
22957	3235	433	80931	1632	0	86231
22958	81138	410	2733	1475	0	85756
22959	3406	460	83690	1392	0	88948
22960	82865	396	2860	1449	0	87570
22961	3420	408	84677	1438	0	89943
22962	82378	372	2960	1252	0	86962
22963	3562	295	1254	86257	0	91368
22964	88028	338	935	3464	0	92765
22965	3517	354	804	88550	0	93225
22966	1729	339	755	89995	0	92818
22967	1367	317	806	87441	0	89931
22968	1311	81244	693	4129	0	87377
22969	82486	2352	699	2189	0	87726
22970	82660	819	611	1843	0	85933
22971	3666	81771	743	1593	0	87773
22972	1889	2468	624	84586	0	89567
22973	1453	949	80579	3561	0	86542
22974	79816	582	2558	1941	0	84897
22975	84058	411	1119	1576	0	87164
22976	82757	368	913	1317	0	85355
22977	3811	348	686	78399	0	83244
22978	1960	77196	697	2993	0	82846
22979	1395	2326	638	79589	0	83948
22980	78943	884	646	3267	0	83740
22981	3115	560	655	74933	0	79263
22982	1530	73529	553	2990	0	78602
22983	72754	2266	547	1571	0	77138
22984	3205	897	72386	1351	0	77839
22985	1815	692	71399	932	0	74838
22986	1210	69550	2675	966	0	74401
22987	1006	69688	1074	859	0	72627
22988	1217	2400	66438	803	0	70858
22989	1261	1192	63768	604	0	66825
22990	853	2412	1339	51218	0	55822
22991	53677	216	642	900	0	55435
22992	1003	225	53079	418	0	54725
22993	326	48139	597	279	0	49341
22994	51513	518	408	245	0	52684
22995	527	49614	187	163	0	50491
22996	48508	343	87	70	0	49008
22997	395	47180	109	114	0	47798
22998	207	48247	184	95	0	48733
22999	238	507	76	48228	0	49049
23000	143	207	187	48222	0	48759
23001	206	115	45181	365	0	45867
23002	108	118	272	43544	0	44042
23003	45197	105	124	341	0	45767
23004	45069	89	83	196	0	45437
23005	368	60	79	43820	0	44327
23006	213	69	42635	352	0	43269
23007	149	79	41460	235	0	41923
23008	118	174	371	42481	0	43144
23009	132	80	44139	314	0	44665
23010	88	50	355	43272	0	43765
23011	102	60	194	43164	0	43520
23012	87	69	48026	544	0	48726
23013	44473	63	546	229	0	45311
23014	48623	45	302	146	0	49116
23015	686	83	48955	113	0	49837
23016	332	94	50486	107	0	51019
23017	167	77	896	49722	0	50862
23018	137	58	352	55847	0	56394
23019	143	73	169	57759	0	58144
23020	132	83	132	58658	0	59005
23021	57908	63	111	1274	0	59356
23022	61265	71	114	519	0	61969
23023	1387	80	107	65909	0	67483
23024	517	72	102	71016	0	71707
23025	304	111	73052	1988	0	75455
23026	212	62	1737	76481	0	78492
23027	177	57	689	80851	0	81774
23028	81371	53	315	3376	0	85115
23029	2698	86790	233	1267	0	90988
23030	972	2900	157	88131	0	92160
23031	428	937	129	90785	0	92279
23032	292	390	129	88369	0	89180
23033	229	80066	239	4391	0	84925
23034	186	88108	187	1712	0	90193
23035	231	3681	138	86823	0	90873
23036	202	1284	153	87834	0	89473
23037	170	593	160	90477	0	91400
23038	82904	350	151	4786	0	88191
23039	2956	83920	146	2015	0	89037
23040	85748	3144	144	1099	0	90135
23041	88322	1132	134	802	0	90390
23042	4204	568	104	83530	0	88406
23043	1534	82553	129	3540	0	87756
23044	83223	3264	104	1558	0	88149
23045	3463	1219	108	84565	0	89355
23046	84258	631	166	3883	0	88938
23047	3641	448	143	85666	0	89898
23048	1563	443	81981	4136	0	88123
23049	828	423	84103	1816	0	87170
23050	541	364	3755	84371	0	89031
23051	494	358	1395	86208	0	88455
23052	512	314	611	85588	0	87025
23053	480	79932	456	4930	0	85798
23054	593	86723	319	2242	0	89877
23055	83517	4116	236	1348	0	89217
23056	82591	1528	234	1172	0	85525
23057	3993	82042	255	1145	0	87435
23058	1471	81737	213	1069	0	84490
23059	823	84824	202	946	0	86795
23060	78146	4432	307	860	0	83745
23061	3108	79678	204	1265	0	84255
23062	1272	3643	225	80987	0	86127
23063	79426	1431	201	3851	0	84909
23064	80790	861	199	1710	0	83560
23065	4220	739	212	78261	0	83432
23066	1836	629	74923	3847	0	81235
23067	1133	632	76734	1746	0	80245
23068	796	574	3659	77488	0	82517
23069	727	656	77634	3965	0	82982
23070	776	570	3372	78223	0	82941
23071	690	591	1250	80439	0	82970
23072	775	544	77445	4798	0	83562
23073	687	564	78480	2318	0	82049
23074	670	527	4090	76788	0	82075
23075	617	555	1623	81996	0	84791
23076	76746	529	840	5083	0	83198
23077	3354	75991	661	2561	0	82567
23078	1405	82307	497	1931	0	86140
23079	77878	4298	458	1524	0	84158
23080	82535	1841	470	1395	0	86241
23081	4330	79729	477	1448	0	85984
23082	1898	82871	441	1479	0	86689
23083	81351	4447	467	1372	0	87637
23084	3782	1945	426	80897	0	87050
23085	79562	1319	453	4335	0	85669
23086	3966	79130	461	2486	0	86043
23087	81455	3699	441	1846	0	87441
23088	4195	1640	77947	1760	0	85542
23089	78839	1096	3153	1652	0	84740
23090	4425	975	78215	1567	0	85182
23091	2097	1013	3571	78455	0	85136
23092	77843	895	1486	4485	0	84709
23093	4009	857	73803	2549	0	81218
23094	1881	898	3390	77033	0	83202
23095	77031	914	1493	4530	0	83968
23096	4088	1004	73928	2626	0	81646
23097	2045	924	3315	76905	0	83189
23098	74476	891	1449	4625	0	81441
23099	3819	74476	916	2582	0	81793
23100	1964	3692	677	77514	0	83847
23101	1440	1780	579	79313	0	83112
23102	1436	1287	477	78972	0	82172
23103	1260	76262	540	5536	0	83598
23104	1261	3846	540	81373	0	87020
23105	1334	1747	504	83197	0	86782
23106	1471	1236	560	84145	0	87412
23107	1351	1105	535	87202	0	90193
23108	1396	1118	78698	5774	0	86986
23109	76775	969	3387	2798	0	83929
23110	81574	851	1435	2055	0	85915
23111	5012	79583	890	1738	0	87223
23112	2073	3673	677	77079	0	83502
23113	1530	1584	619	78778	0	82511
23114	1210	75914	749	5007	0	82880
23115	1037	3215	727	77530	0	82509
23116	71517	1346	773	4380	0	78016
23117	3206	71182	713	2436	0	77537
23118	68470	3104	712	1546	0	73832
23119	3323	1368	610	68354	0	73655
23120	1487	889	65671	3858	0	71905
23121	992	67267	2722	2047	0	73028
23122	61521	3048	1803	1343	0	67715
23123	2669	57716	579	1009	0	61973
23124	1051	56785	408	757	0	59001
23125	50368	2256	586	615	0	53825
23126	2003	856	48809	524	0	52192
23127	578	43767	1107	466	0	45918
23128	36320	1932	1900	224	0	40376
23129	32429	559	210	265	0	33463
23130	612	31599	61	283	0	32555
23131	241	496	37	33066	0	33840
23132	138	215	34389	529	0	35271
23133	102	231	453	33685	0	34471
23134	99	121	152	33404	0	33776
23135	73	116	79	36162	0	36430
23136	114	88	35256	707	0	36165
23137	82	106	453	34039	0	34680
23138	118	75	35630	610	0	36433
23139	98	123	33635	271	0	34127
23140	29835	90	594	190	0	30709
23141	482	33471	248	131	0	34332
23142	209	34315	132	308	0	34964
23143	145	592	67	37376	0	38180
23144	42163	267	75	532	0	43037
23145	41909	149	65	241	0	42364
23146	41660	121	85	156	0	42022
23147	41647	106	64	133	0	41950
23148	39794	89	69	117	0	40069
23149	793	110	39432	121	0	40456
23150	337	87	555	38876	0	39855
23151	178	38785	225	595	0	39783
23152	145	565	146	40575	0	41431
23153	40521	217	72	688	0	41498
23154	590	39145	90	333	0	40158
23155	231	597	65	40821	0	41714
23156	40652	219	95	660	0	41626
23157	42958	138	108	296	0	43500
23158	790	99	90	42474	0	43453
23159	343	111	93	42087	0	42634
23160	245	91	66	43252	0	43654
23161	178	116	41970	835	0	43099
23162	165	167	42377	352	0	43061
23163	162	102	660	43649	0	44573
23164	177	195	251	44992	0	45615
23165	45128	100	114	820	0	46162
23166	44451	91	89	388	0	45019
23167	45353	103	88	269	0	45813
23168	46581	89	101	230	0	47001
23169	45760	80	94	215	0	46149
23170	850	44463	117	477	0	45907
23171	47479	586	71	230	0	48366
23172	47395	254	88	231	0	47968
23173	47531	159	87	234	0	48011
23174	944	154	103	48576	0	49777
23175	460	133	48147	928	0	49668
23176	348	98	723	48809	0	49978
23177	309	143	51053	992	0	52497
23178	296	180	786	48194	0	49456
23179	230	49632	319	922	0	51103
23180	51319	788	151	361	0	52619
23181	52034	281	137	236	0	52688
23182	1073	163	110	53759	0	55105
23183	434	130	93	56817	0	57474
23184	312	105	81	56751	0	57249
23185	288	56082	121	1128	0	57619
23186	57080	817	87	411	0	58395
23187	56573	277	108	280	0	57238
23188	1178	55641	120	255	0	57194
23189	489	836	93	56946	0	58364
23190	316	304	84	56321	0	57025
23191	272	56183	100	977	0	57532
23192	58561	866	84	400	0	59911
23193	58324	283	112	266	0	58985
23194	1190	169	92	57885	0	59336
23195	472	146	57843	1061	0	59522
23196	344	161	56520	459	0	57484
23197	268	119	1062	60363	0	61812
23198	267	129	351	60169	0	60916
23199	263	118	183	62859	0	63423
23200	61190	112	139	1354	0	62795
23201	61363	103	123	563	0	62152
23202	1271	61665	140	440	0	63516
23203	63662	926	184	321	0	65093
23204	1334	315	62441	247	0	64337
23205	520	257	61728	212	0	62717
23206	346	63362	1195	248	0	65151
23207	62775	899	274	176	0	64124
23208	904	61250	194	206	0	62554
23209	63071	943	138	186	0	64338
23210	1073	312	63664	341	0	65390
23211	394	211	63360	173	0	64138
23212	305	147	1344	60649	0	62445
23213	303	127	64847	994	0	66271
23214	221	117	927	65182	0	66447
23215	209	188	316	62112	0	62825
23216	220	64703	228	1196	0	66347
23217	200	930	170	67306	0	68606
23218	206	266	128	68099	0	68699
23219	69713	189	131	1195	0	71228
23220	1150	67530	165	490	0	69335
23221	382	1102	103	71030	0	72617
23222	326	292	69306	1334	0	71258
23223	60752	206	1228	520	0	62706
23224	1308	189	69500	375	0	71372
23225	398	272	1166	67707	0	69543
23226	312	69624	391	1211	0	71538
23227	258	1308	199	71717	0	73482
23228	74206	352	162	1521	0	76241
23229	73990	239	167	559	0	74955
23230	1739	74589	200	389	0	76917
23231	79145	1446	171	262	0	81024
23232	78506	435	169	266	0	79376
23233	80051	277	153	279	0	80760
23234	80861	195	160	265	0	81481
23235	78401	197	197	269	0	79064
23236	2061	214	77119	473	0	79867
23237	744	183	1364	76204	0	78495
23238	502	282	443	78785	0	80012
23239	365	214	272	78487	0	79338
23240	349	77619	224	1874	0	80066
23241	346	1613	187	79280	0	81426
23242	410	554	76172	1734	0	78870
23243	324	73910	1329	681	0	76244
23244	317	73224	471	445	0	74457
23245	482	1614	348	73250	0	75694
23246	314	517	202	73393	0	74426
23247	295	435	185	72186	0	73101
23248	312	69379	198	2004	0	71893
23249	312	70730	246	917	0	72205
23250	71828	1530	263	480	0	74101
23251	71545	577	214	387	0	72723
23252	1643	70838	216	439	0	73136
23253	74629	1464	208	343	0	76644
23254	76433	498	202	405	0	77538
23255	1775	364	219	76892	0	79250
23256	761	358	212	79050	0	80381
23257	467	335	197	78792	0	79791
23258	507	300	75255	1992	0	78054
23259	496	421	74480	788	0	76185
23260	474	79786	1717	638	0	82615
23261	84559	1681	647	441	0	87328
23262	2079	665	83283	398	0	86425
23263	81028	427	1859	458	0	83772
23264	2311	369	86656	455	0	89791
23265	86978	323	2143	456	0	89900
23266	2547	90839	854	516	0	94756
23267	91782	2377	500	470	0	95129
23268	2634	805	380	91094	0	94913
23269	1021	527	359	93809	0	95716
23270	768	647	86078	3524	0	91017
23271	521	92571	1958	1342	0	96392
23272	537	2402	687	95594	0	99220
23273	552	908	91901	2715	0	96076
23274	83958	551	2205	1001	0	87715
23275	2347	91206	861	688	0	95102
23276	91086	2237	431	579	0	94333
23277	2369	88291	363	622	0	91645
23278	951	2287	274	89297	0	92809
23279	87126	835	360	2462	0	90783
23280	2244	86990	320	1079	0	90633
23281	906	2227	329	89212	0	92674
23282	667	908	84751	2465	0	88791
23283	78758	561	2050	997	0	82366
23284	2435	451	686	84363	0	87935
23285	1097	482	81692	2406	0	85677
23286	756	81749	2067	1137	0	85709
23287	655	2200	734	84299	0	87888
23288	667	941	82608	2468	0	86684
23289	584	810	2119	79282	0	82795
23290	663	81972	819	2342	0	85796
23291	581	85607	542	1115	0	87845
23292	724	2684	82715	661	0	86784
23293	586	1014	2117	83187	0	86904
23294	587	645	83662	2530	0	87424
23295	80706	465	2341	1096	0	84608
23296	2304	516	843	80694	0	84357
23297	986	78680	493	2206	0	82365
23298	665	84539	434	907	0	86545
23299	82178	2578	331	570	0	85657
23300	2075	84118	316	617	0	87126
23301	84482	2296	334	524	0	87636
23302	2336	908	81252	478	0	84974
23303	75178	519	1862	468	0	78027
23304	2099	77663	706	473	0	80941
23305	78780	1932	427	386	0	81525
23306	2004	76772	397	463	0	79636
23307	751	2128	268	76948	0	80095
23308	484	926	225	80269	0	81904
23309	386	615	77284	2472	0	80757
23310	72033	430	1867	1021	0	75351
23311	1984	505	75485	603	0	78577
23312	75821	481	2015	446	0	78763
23313	2205	455	768	75860	0	79288
23314	900	423	434	77463	0	79220
23315	544	77644	369	2644	0	81201
23316	469	2139	336	81995	0	84939
23317	471	947	311	84996	0	86725
23318	424	635	80510	3113	0	84682
23319	73021	413	1990	1289	0	76713
23320	2135	77907	913	710	0	81665
23321	78571	1994	419	497	0	81481
23322	2189	915	396	77448	0	80948
23323	1102	513	345	79677	0	81637
23324	77721	388	330	2718	0	81157
23325	2147	78447	385	1310	0	82289
23326	77127	1966	310	597	0	80000
23327	2150	74874	342	488	0	77854
23328	885	74822	258	392	0	76357
23329	74884	2343	436	365	0	78028
23330	2027	997	215	72281	0	75520
23331	946	622	69767	1987	0	73322
23332	592	449	1819	69644	0	72504
23333	536	387	720	69437	0	71080
23334	434	67906	464	2586	0	71390
23335	450	1915	294	70365	0	73024
23336	391	963	239	70701	0	72294
23337	411	546	220	71610	0	72787
23338	344	500	252	73245	0	74341
23339	368	650	68782	3059	0	72859
23340	390	488	71475	1468	0	73821
23341	386	449	2460	73865	0	77160
23342	434	403	74310	2628	0	77775
23343	507	400	74303	1225	0	76435
23344	468	475	2771	73818	0	77532
23345	492	526	76165	2718	0	79901
23346	512	458	2453	71194	0	74617
23347	360	75367	1082	2551	0	79360
23348	78891	2335	598	1330	0	83154
23349	2538	1112	84474	872	0	88996
23350	1095	684	2598	84495	0	88872
23351	644	726	86069	2950	0	90389
23352	457	522	2777	91142	0	94898
23353	467	457	1206	94918	0	97048
23354	91902	408	721	4241	0	97272
23355	2865	404	667	94518	0	98454
23356	89027	367	581	3888	0	93863
23357	91629	340	486	1969	0	94424
23358	3923	90322	506	1252	0	96003
23359	87838	2868	412	882	0	92000
23360	3201	85090	477	906	0	89674
23361	1223	86802	418	834	0	89277
23362	84867	3425	710	810	0	89812
23363	3120	1334	83128	797	0	88379
23364	1215	704	80190	575	0	82684
23365	75131	521	4177	559	0	80388
23366	77274	362	1308	542	0	79486
23367	3052	76559	813	562	0	80986
23368	80723	2351	563	509	0	84146
23369	81545	1001	502	563	0	83611
23370	79698	608	438	548	0	81292
23371	3584	479	387	77371	0	81821
23372	76499	406	388	2622	0	79915
23373	3020	77199	470	1295	0	81984
23374	1498	2273	397	80726	0	84894
23375	966	1007	436	81486	0	83895
23376	857	79378	436	3437	0	84108
23377	783	2451	389	82704	0	86327
23378	80063	1132	337	3175	0	84707
23379	81205	695	347	1588	0	83835
23380	3476	76658	420	1070	0	81624
23381	1723	79719	365	871	0	82678
23382	80987	3025	286	726	0	85024
23383	3074	1447	77826	733	0	83080
23384	1659	943	78278	708	0	81588
23385	1164	749	2961	75304	0	80178
23386	1137	618	1269	80288	0	83312
23387	998	635	77365	3366	0	82364
23388	954	74116	2703	1784	0	79557
23389	1147	2513	1167	76644	0	81471
23390	1095	1340	76602	2852	0	81889
23391	1027	810	2524	75639	0	80000
23392	921	776	1237	75186	0	78120
23393	935	77498	816	3294	0	82543
23394	997	2669	645	78166	0	82477
23395	869	1356	615	79877	0	82717
23396	890	967	589	81328	0	83774
23397	79555	798	563	3885	0	84801
23398	2878	681	538	75646	0	79743
23399	1656	75302	555	3438	0	80951
23400	78092	2528	547	1806	0	82973
23401	3111	1388	73947	1323	0	79769
23402	1778	924	73489	1179	0	77370
23403	74068	660	3281	1139	0	79148
23404	3087	713	1459	76376	0	81635
23405	1677	814	75510	3050	0	81051
23406	1246	613	2652	76165	0	80676
23407	1114	590	1457	79963	0	83124
23408	76948	693	1028	3960	0	82629
23409	76333	658	833	2226	0	80050
23410	3633	76794	691	1708	0	82826
23411	1904	2529	704	76857	0	81994
23412	1458	1369	75205	3089	0	81121
23413	1189	78238	2462	1963	0	83852
23414	77934	2529	1175	1425	0	83063
23415	2728	79468	896	1251	0	84343
23416	79113	2536	784	981	0	83414
23417	2995	1236	77058	953	0	82242
23418	76370	868	2282	986	0	80506
23419	81244	803	1106	889	0	84042
23420	3544	714	80874	968	0	86100
23421	1730	952	2552	78316	0	83550
23422	1335	81385	1274	2561	0	86555
23423	1155	84851	809	1473	0	88288
23424	1013	85974	692	1177	0	88856
23425	1014	3226	578	82963	0	87781
23426	1029	1477	81137	2730	0	86373
23427	879	1073	2289	80863	0	85104
23428	939	823	979	84682	0	87423
23429	1033	688	81261	3475	0	86457
23430	881	80395	2415	1694	0	85385
23431	879	2501	1040	82872	0	87292
23432	82788	1103	750	2901	0	87542
23433	2614	851	726	82750	0	86941
23434	1321	727	595	83267	0	85910
23435	1117	81629	505	3400	0	86651
23436	83646	2473	499	1671	0	88289
23437	2720	1260	513	85981	0	90474
23438	1400	862	83112	2948	0	88322
23439	1014	82882	2148	1647	0	87691
23440	82745	2252	984	1142	0	87123
23441	2427	1165	81175	943	0	85710
23442	78629	995	2279	821	0	82724
23443	2473	732	1176	78424	0	82805
23444	1160	79717	791	2093	0	83761
23445	79870	2063	636	1124	0	83693
23446	78950	1032	551	919	0	81452
23447	2537	80422	558	812	0	84329
23448	1182	1955	611	79269	0	83017
23449	726	868	380	75977	0	77951
23450	73052	595	377	2304	0	76328
23451	1804	71654	546	1185	0	75189
23452	666	1712	263	67088	0	69729
23453	521	64876	302	1531	0	67230
23454	363	64684	269	684	0	66000
23455	590	1394	247	62125	0	64356
23456	61231	550	176	1078	0	63035
23457	1000	61556	174	502	0	63232
23458	700	984	122	61657	0	63463
23459	316	374	137	62234	0	63061
23460	306	346	60661	1090	0	62403
23461	298	306	57325	538	0	58467
23462	217	58170	926	497	0	59810
23463	229	829	59233	288	0	60579
23464	174	316	751	58832	0	60073
23465	207	301	61613	846	0	62967
23466	181	222	760	59897	0	61060
23467	145	236	272	61491	0	62144
23468	161	188	207	61555	0	62111
23469	59436	206	141	1069	0	60852
23470	769	213	144	59143	0	60269
23471	333	192	95	59275	0	59895
23472	259	57786	128	1050	0	59223
23473	194	771	117	58436	0	59518
23474	58656	344	110	1005	0	60115
23475	725	58045	119	670	0	59559
23476	60012	813	133	375	0	61333
23477	892	407	58604	320	0	60223
23478	352	378	59189	389	0	60308
23479	283	257	926	60837	0	62303
23480	213	234	385	63895	0	64727
23481	194	62414	348	1149	0	64105
23482	178	932	207	64045	0	65362
23483	63854	381	200	1178	0	65613
23484	62939	307	181	581	0	64008
23485	1090	269	176	64479	0	66014
23486	503	265	66922	1263	0	68953
23487	347	214	1119	68134	0	69814
23488	258	235	332	71590	0	72415
23489	208	199	289	72519	0	73215
23490	185	226	203	71514	0	72128
23491	168	245	191	70279	0	70883
23492	185	68580	196	1661	0	70622
23493	69013	1164	187	812	0	71176
23494	69720	399	195	636	0	70950
23495	70093	324	171	537	0	71125
23496	1520	70047	201	535	0	72303
23497	69738	1298	214	450	0	71700
23498	1342	68568	194	477	0	70581
23499	589	1437	68069	426	0	70521
23500	416	495	1185	66643	0	68739
23501	362	393	69500	1443	0	71698
23502	293	68547	1337	731	0	70908
23503	70084	1438	422	610	0	72554
23504	1393	537	71459	493	0	73882
23505	586	443	74611	540	0	76180
23506	406	75441	1925	486	0	78258
23507	335	1762	695	79352	0	82144
23508	390	719	83244	1940	0	86293
23509	336	488	1900	82763	0	85487
23510	328	359	694	92667	0	94048
23511	306	272	452	100810	0	101840
23512	103496	259	302	3712	0	107769
23513	104607	223	334	1613	0	106777
23514	3906	249	207	102667	0	107029
23515	103765	179	262	3843	0	108049
23516	3935	209	99441	1518	0	105103
23517	1543	230	98641	1074	0	101488
23518	1122	247	100012	922	0	102303
23519	1045	279	99409	700	0	101433
23520	764	93994	3989	746	0	99493
23521	1032	3059	1631	94581	0	100303
23522	855	901	96192	3083	0	101031
23523	89957	554	3508	1293	0	95312
23524	97659	366	1574	928	0	100527
23525	3796	91315	1286	4320	0	100717
23526	96946	2839	1229	677	0	101691
23527	3657	1026	1210	95983	0	101876
23528	1636	709	98224	3175	0	103744
23529	1133	590	3659	93579	0	98961
23530	914	98759	1668	3197	0	104538
23531	100289	3238	1079	1443	0	106049
23532	101015	1126	904	1214	0	104259
23533	4048	99032	906	1119	0	105105
23534	101861	3186	800	909	0	106756
23535	102140	1217	632	846	0	104835
23536	4414	99935	621	821	0	105791
23537	2288	3295	545	97140	0	103268
23538	1580	96688	647	3293	0	102208
23539	100166	3467	726	1415	0	105774
23540	3894	1511	631	99032	0	105068
23541	99248	1141	748	3423	0	104560
23542	4224	970	607	98790	0	104591
23543	2106	1002	95336	3748	0	102192
23544	95903	926	3064	1644	0	101537
23545	4283	824	96637	1247	0	102991
23546	2073	775	3374	96758	0	102980
23547	1691	794	95533	3743	0	101761
23548	1535	706	3486	96048	0	101775
23549	1462	757	94663	4029	0	100911
23550	93019	639	3617	1993	0	99268
23551	3808	93691	1713	1634	0	100846
23552	96196	3074	1301	1400	0	101971
23553	3968	1098	1299	95104	0	101469
23554	93592	842	1197	3776	0	99407
23555	3951	92412	1103	1765	0	99231
23556	2039	92630	1168	1322	0	97159
23557	1644	97398	968	1293	0	101303
23558	97778	4187	1004	1146	0	104115
23559	3918	1826	815	96906	0	103465
23560	2025	1350	795	99579	0	103749
23561	1710	1373	93532	4371	0	100986
23562	1590	1241	93608	2048	0	98487
23563	1553	1060	3700	95436	0	101749
23564	1658	978	95304	4163	0	102103
23565	1323	93355	3715	2134	0	100527
23566	95968	3623	1784	1571	0	102946
23567	3889	1664	95300	1445	0	102298
23568	1906	1292	96361	1233	0	100792
23569	1550	921	4432	93982	0	100885
23570	97454	723	2297	4134	0	104608
23571	3769	682	1860	98214	0	104525
23572	97610	668	1829	4320	0	104427
23573	4088	709	1636	98090	0	104523
23574	2025	798	97080	4195	0	104098
23575	1757	94476	4022	2013	0	102268
23576	1677	3597	96877	1644	0	103795
23577	1436	95721	4195	1669	0	103021
23578	1267	3845	2164	95896	0	103172
23579	94775	1476	1535	3933	0	101719
23580	3883	1199	93111	2160	0	100353
23581	2022	1078	3482	93183	0	99765
23582	1787	949	1585	97428	0	101749
23583	96125	831	1289	4623	0	102868
23584	3779	828	1332	93345	0	99284
23585	1727	94253	1392	4211	0	101583
23586	92781	3466	1340	1999	0	99586
23587	3798	1559	89511	1617	0	96485
23588	86804	1246	3155	1478	0	92683
23589	3985	88769	1480	1356	0	95590
23590	2157	3291	1058	85786	0	92292
23591	1641	90107	1073	3306	0	96127
23592	91531	3350	897	1839	0	97617
23593	3838	1558	89981	1487	0	96864
23594	89048	1426	2828	1273	0	94575
23595	3810	90893	1281	1153	0	97137
23596	2000	3178	945	93410	0	99533
23597	93942	1387	1034	3218	0	99581
23598	95792	1096	957	1582	0	99427
23599	4088	1044	901	93453	0	99486
23600	2080	1057	773	94568	0	98478
23601	1643	91782	795	3858	0	98078
23602	1526	3246	707	93660	0	99139
23603	1401	105512	912	3668	0	111493
23604	1259	114901	868	1925	0	118953
23605	1202	4686	723	104606	0	111217
23606	1036	106227	741	3393	0	111397
23607	1283	3473	107731	1680	0	114167
23608	2001	1566	107230	1350	0	112147
23609	894	107568	3519	1704	0	113685
23610	769	2859	109675	907	0	114210
23611	647	1043	108542	663	0	110895
23612	415	615	98508	294	0	99832
23613	174	97843	2645	314	0	100976
23614	96773	2176	1474	194	0	100617
23615	1648	94144	698	242	0	96732
23616	694	2085	95230	121	0	98130
23617	359	786	1905	94838	0	97888
23618	95903	503	740	1828	0	98974
23619	1896	388	94075	651	0	97010
23620	688	263	2007	93856	0	96814
23621	445	273	95261	1887	0	97866
23622	266	181	2224	94112	0	96783
23623	94033	165	951	2153	0	97302
23624	1973	269	91932	814	0	94988
23625	678	93143	2022	563	0	96406
23626	494	1907	819	93738	0	96958
23627	97526	749	559	1979	0	100813
23628	2085	526	91832	735	0	95178
23629	893	374	2086	87347	0	90700
23630	502	91776	871	1819	0	94968
23631	94098	1995	641	733	0	97467
23632	97315	735	471	485	0	99006
23633	2704	628	438	95663	0	99433
23634	1093	97532	480	2278	0	101383
23635	691	102403	349	957	0	104400
23636	105560	2843	316	546	0	109265
23637	2719	1231	285	102061	0	106296
23638	982	104277	388	2576	0	108223
23639	105634	2729	285	952	0	109600
23640	2706	1015	316	107458	0	111495
23641	1023	645	284	110157	0	112109
23642	774	831	97775	3410	0	102790
23643	456	104835	2102	1510	0	108903
23644	454	111317	848	885	0	113504
23645	343	3235	550	111330	0	115458
23646	110990	1302	376	2804	0	115472
23647	2556	111405	386	1160	0	115507
23648	112395	2965	268	747	0	116375
23649	2935	110446	319	549	0	114249
23650	1191	3092	319	112152	0	116754
23651	113235	1275	299	2752	0	117561
23652	2929	836	282	113169	0	117216
23653	1262	1331	110798	3153	0	116544
23654	729	596	2671	108118	0	112114
23655	545	110422	1096	3071	0	115134
23656	111052	2965	682	1230	0	115929
23657	2753	109473	537	1037	0	113800
23658	1139	3164	421	107453	0	112177
23659	747	1368	430	112281	0	114826
23660	598	931	106650	3590	0	111769
23661	569	793	106793	1534	0	109689
23662	486	740	3351	108160	0	112737
23663	587	648	106067	3234	0	110536
23664	429	105447	3110	1522	0	110508
23665	109115	2896	1287	1021	0	114319
23666	2900	1300	109836	800	0	114836
23667	108942	905	2915	830	0	113592
23668	114489	775	1349	637	0	117250
23669	113856	695	875	683	0	116109
23670	114231	690	701	602	0	116224
23671	4048	628	707	111438	0	116821
23672	1850	592	676	110247	0	113365
23673	1142	109052	735	3540	0	114469
23674	109104	2883	728	1595	0	114310
23675	3213	1401	105912	1083	0	111609
23676	1420	1032	2848	105482	0	110782
23677	1090	857	1354	109260	0	112561
23678	857	860	104627	3796	0	110140
23679	874	105358	2967	1953	0	111152
23680	870	2938	1453	105164	0	110425
23681	794	1361	949	110559	0	113663
23682	107460	937	722	3933	0	113052
23683	3034	105575	618	2112	0	111339
23684	1466	2974	568	106452	0	111460
23685	995	104252	642	3332	0	109221
23686	962	3098	544	108346	0	112950
23687	105839	1435	568	3642	0	111484
23688	106440	1008	535	1837	0	109820
23689	3805	794	567	106199	0	111365
23690	105753	758	474	3626	0	110611
23691	104847	721	499	1767	0	107834
23692	3995	102949	505	1404	0	108853
23693	2021	2952	419	101687	0	107079
23694	1397	101920	489	3165	0	106971
23695	1154	3272	351	103835	0	108612
23696	102655	1508	402	3584	0	108149
23697	3205	1156	356	102168	0	106885
23698	1566	968	369	104699	0	107602
23699	1280	917	99421	4216	0	105834
23700	1192	95792	2396	2197	0	101577
23701	1049	102430	958	1717	0	106154
23702	100413	3490	741	1430	0	106074
23703	2634	1822	423	83837	0	88716
23704	76619	774	270	2465	0	80128
23705	2365	73668	271	1369	0	77673
23706	1151	70603	260	911	0	72925
23707	801	75588	253	744	0	77386
23708	69191	2275	574	535	0	72575
23709	1414	68370	222	543	0	70549
23710	67118	1485	871	412	0	69886
23711	66770	464	106	285	0	67625
23712	67873	278	122	314	0	68587
23713	1456	252	91	70094	0	71893
23714	577	250	102	72902	0	73831
23715	409	212	110	74036	0	74767
23716	310	220	103	73948	0	74581
23717	73306	197	109	2118	0	75730
23718	1531	70329	151	842	0	72853
23719	634	1400	96	73304	0	75434
23720	74561	493	122	1674	0	76850
23721	1583	268	94	73032	0	74977
23722	619	213	94	73955	0	74881
23723	73578	179	109	2036	0	75902
23724	1632	272	70657	757	0	73318
23725	565	231	1235	71174	0	73205
23726	386	220	72186	1675	0	74467
23727	317	178	1301	70433	0	72229
23728	286	171	429	71708	0	72594
23729	69624	142	204	1910	0	71880
23730	1409	66830	188	817	0	69244
23731	512	66776	143	468	0	67899
23732	65681	1275	62	319	0	67337
23733	1138	64952	122	302	0	66514
23734	66048	1003	196	364	0	67611
23735	1209	329	63539	295	0	65372
23736	59790	112	764	182	0	60848
23737	62130	72	194	180	0	62576
23738	62837	71	89	150	0	63147
23739	969	61	60	59690	0	60780
23740	337	69	54	60011	0	60471
23741	190	57827	87	1198	0	59302
23742	131	1009	55	59301	0	60496
23743	58853	224	50	890	0	60017
23744	739	56880	97	333	0	58049
23745	214	57311	68	161	0	57754
23746	57868	786	35	99	0	58788
23747	762	272	56209	88	0	57331
23748	328	131	661	54798	0	55918
23749	144	107	56766	843	0	57860
23750	121	58	643	55326	0	56148
23751	100	54945	217	658	0	55920
23752	106	660	75	58391	0	59232
23753	57415	197	42	730	0	58384
23754	682	105	35	56955	0	57777
23755	250	83	56700	750	0	57783
23756	51675	85	662	295	0	52717
23757	768	55905	272	180	0	57125
23758	272	60263	140	126	0	60801
23759	63201	916	52	101	0	64270
23760	65582	323	40	105	0	66050
23761	1315	191	65195	115	0	66816
23762	61592	110	1001	143	0	62846
23763	1148	63788	354	155	0	65445
23764	66771	1025	125	123	0	68044
23765	1174	397	95	63577	0	65243
23766	455	59361	104	940	0	60860
23767	62207	1026	55	370	0	63658
23768	1253	420	60883	197	0	62753
23769	508	197	1009	60657	0	62371
23770	63810	128	562	1175	0	65675
23771	1298	153	61649	455	0	63555
23772	61919	116	1072	279	0	63386
23773	1242	130	349	61840	0	63561
23774	576	118	145	63367	0	64206
23775	324	137	62988	1553	0	65002
23776	253	97	1075	62161	0	63586
23777	63549	110	388	1371	0	65418
23778	1156	60351	249	627	0	62383
23779	63223	1078	161	348	0	64810
23780	63675	405	110	286	0	64476
23781	1567	225	78	62153	0	64023
23782	666	194	63568	1288	0	65716
23783	366	119	1105	63100	0	64690
23784	64734	110	403	1393	0	66640
23785	1257	62020	246	655	0	64178
23786	65901	1073	166	347	0	67487
23787	1455	434	97	64885	0	66871
23788	645	218	100	66182	0	67145
23789	379	171	141	67382	0	68073
23790	316	156	64372	1806	0	66650
23791	283	107	1180	65249	0	66819
23792	314	179	64800	1537	0	66830
23793	350	209	64514	611	0	65684
23794	281	155	1506	72857	0	74799
23795	343	192	74167	1850	0	76552
23796	80684	131	1774	897	0	83486
23797	2294	132	708	86313	0	89447
23798	1090	156	401	85663	0	87310
23799	523	85182	292	3209	0	89206
23800	88086	2209	281	1473	0	92049
23801	90620	964	218	724	0	92526
23802	3270	89638	212	581	0	93701
23803	1452	2338	184	92603	0	96577
23804	799	1094	90384	2548	0	94825
23805	86472	481	2306	1323	0	90582
23806	93718	303	1039	736	0	95796
23807	3417	305	487	87102	0	91311
23808	1588	298	82549	2635	0	87070
23809	803	80951	2356	1380	0	85490
23810	81762	2376	1001	739	0	85878
23811	2810	1151	79295	555	0	83811
23812	1291	78200	2371	633	0	82495
23813	77067	1957	959	291	0	80274
23814	77549	941	436	309	0	79235
23815	2913	473	299	74638	0	78323
23816	1375	75647	390	1985	0	79397
23817	815	2187	246	81081	0	84329
23818	667	937	228	82933	0	84765
23819	570	491	279	82144	0	83484
23820	442	399	228	83535	0	84604
23821	533	371	78791	3462	0	83157
23822	530	253	2039	81138	0	83960
23823	469	521	898	83676	0	85564
23824	511	348	79637	3363	0	83859
23825	418	79011	2166	1808	0	83403
23826	82269	2159	1088	1024	0	86540
23827	83185	1039	552	826	0	85602
23828	3074	530	408	83217	0	87229
23829	84050	354	459	2630	0	87493
23830	2783	388	308	85249	0	88728
23831	1513	329	84162	3060	0	89064
23832	1002	402	82372	1614	0	85390
23833	596	81986	3041	1233	0	86856
23834	84337	2257	1275	908	0	88777
23835	2707	1172	88180	949	0	93008
23836	1525	667	2831	82480	0	87503
23837	1066	474	1496	94828	0	97864
23838	809	449	757	98944	0	100959
23839	726	341	587	98871	0	100525
23840	649	419	647	99725	0	101440
23841	744	507	91940	5508	0	98699
23842	766	375	2969	96580	0	100690
23843	94540	437	1612	4334	0	100923
23844	3375	92250	1333	2617	0	99575
23845	94000	2989	643	1610	0	99242
23846	3580	94292	727	1292	0	99891
23847	95487	3469	590	1196	0	100742
23848	97317	1727	625	1072	0	100741
23849	4821	922	643	93838	0	100224
23850	2580	629	478	97600	0	101287
23851	94371	573	484	5009	0	100437
23852	91135	568	571	2732	0	95006
23853	94284	568	559	1746	0	97157
23854	4818	88425	579	1620	0	95442
23855	2384	91986	584	1508	0	96462
23856	1517	3992	87739	1329	0	94577
23857	1165	2241	3000	88394	0	94800
23858	1078	950	84768	4101	0	90897
23859	926	83606	3331	2569	0	90432
23860	712	2849	1465	82307	0	87333
23861	804	1585	797	83739	0	86925
23862	834	887	599	87073	0	89393
23863	82822	647	557	4799	0	88825
23864	83051	612	458	2759	0	86880
23865	4202	81411	587	1787	0	87987
23866	2269	2716	538	84288	0	89811
23867	1443	1592	81246	3607	0	87888
23868	1138	1034	80191	2222	0	84585
23869	81144	782	3848	1403	0	87177
23870	83794	710	1874	1250	0	87628
23871	4404	571	1001	82758	0	88734
23872	84306	552	802	3627	0	89287
23873	3737	553	79404	2434	0	86128
23874	2169	79154	2930	1773	0	86026
23875	1383	2681	1639	81375	0	87078
23876	1245	1648	80980	3682	0	87555
23877	1054	952	3022	82863	0	87891
23878	980	706	1740	85526	0	88952
23879	1025	697	81820	4893	0	88435
23880	79578	575	2950	3123	0	86226
23881	85160	602	1637	2181	0	89580
23882	4139	87899	981	1932	0	94951
23883	91482	3143	741	1764	0	97130
23884	95653	1681	799	1660	0	99793
23885	5392	968	90882	1665	0	98907
23886	91191	724	3328	1497	0	96740
23887	4608	96508	1762	1489	0	104367
23888	98547	3517	1006	1275	0	104345
23889	100781	1939	794	1181	0	104695
23890	104301	1179	742	1107	0	107329
23891	101299	864	710	1157	0	104030
23892	101516	843	687	1261	0	104307
23893	6131	97881	744	1485	0	106241
23894	90218	3154	594	1046	0	95012
23895	4173	88549	604	1011	0	94337
23896	1656	75713	434	642	0	78445
23897	1036	81043	371	669	0	83119
23898	80088	3326	754	645	0	84813
23899	80899	1365	415	609	0	83288
23900	3732	764	76720	584	0	81800
23901	81486	533	2369	571	0	84959
23902	83512	517	1145	536	0	85710
23903	4146	544	79528	601	0	84819
23904	1950	425	2777	79244	0	84396
23905	1208	428	1226	82291	0	85153
23906	1008	429	574	84509	0	86520
23907	992	406	399	85860	0	87657
23908	854	437	342	86448	0	88081
23909	911	510	79301	4460	0	85182
23910	904	80345	2780	1952	0	85981
23911	79427	2929	1266	941	0	84563
23912	3361	80660	678	773	0	85472
23913	82238	3235	478	580	0	86531
23914	82643	1430	421	619	0	85113
23915	4535	854	76879	594	0	82862
23916	2154	851	2726	69753	0	75484
23917	1294	74759	1285	2624	0	79962
23918	76754	2796	682	1320	0	81552
23919	77608	1289	539	879	0	80315
23920	77911	735	465	672	0	79783
23921	4261	75960	429	667	0	81317
23922	77902	2796	436	529	0	81663
23923	79105	1316	363	527	0	81311
23924	78798	776	347	507	0	80428
23925	4460	593	370	74397	0	79820
23926	2233	498	346	76615	0	79692
23927	1505	503	348	78579	0	80935
23928	74108	560	348	3879	0	78895
23929	3448	74152	314	1627	0	79541
23930	75217	2775	253	776	0	79021
23931	74836	1282	345	486	0	76949
23932	73623	679	293	429	0	75024
23933	72896	594	316	354	0	74160
23934	4610	69091	257	448	0	74406
23935	62648	2299	195	289	0	65431
23936	3217	61439	229	316	0	65201
23937	1424	59157	146	308	0	61035
23938	57783	2314	126	243	0	60466
23939	2461	55669	150	278	0	58558
23940	1434	58636	120	272	0	60462
23941	58414	2446	488	268	0	61616
23942	59775	1004	128	266	0	61173
23943	2791	678	113	56690	0	60272
23944	1423	611	138	58797	0	60969
23945	59385	533	121	2274	0	62313
23946	61452	482	156	832	0	62922
23947	62440	523	168	450	0	63581
23948	3127	472	57633	320	0	61552
23949	61428	494	1661	309	0	63892
23950	2741	493	617	60957	0	64808
23951	1463	445	389	62242	0	64539
23952	1105	428	277	62798	0	64608
23953	944	448	208	63582	0	65182
23954	900	460	59159	2795	0	63314
23955	942	461	59996	1245	0	62644
23956	908	425	2106	60832	0	64271
23957	965	493	60353	2155	0	63966
23958	1031	505	61228	965	0	63729
23959	1086	412	2272	61059	0	64829
23960	974	453	893	64251	0	66571
23961	983	412	529	65869	0	67793
23962	926	474	367	65981	0	67748
23963	64748	442	361	3050	0	68601
23964	67261	474	343	1416	0	69494
23965	3207	409	334	64999	0	68949
23966	1706	416	353	65939	0	68414
23967	1240	397	381	66563	0	68581
23968	1127	353	330	66246	0	68056
23969	1028	389	365	65262	0	67044
23970	1054	62759	370	3179	0	67362
23971	63606	1973	316	1641	0	67536
23972	2480	63203	333	1270	0	67286
23973	65047	2191	286	1145	0	68669
23974	65512	901	235	1122	0	67770
23975	65912	658	248	1007	0	67825
23976	3333	496	226	61971	0	66026
23977	62634	528	202	2597	0	65961
23978	3038	514	190	61492	0	65234
23979	1724	519	166	62310	0	64719
23980	60210	543	134	2863	0	63750
23981	2916	57572	186	1400	0	62074
23982	1422	53805	112	870	0	56209
23983	52874	1867	498	676	0	55915
23984	2108	817	49249	562	0	52736
23985	45062	465	1194	560	0	47281
23986	2090	590	345	46802	0	49827
23987	1123	42256	205	1417	0	45001
23988	925	44416	94	776	0	46211
23989	44108	1455	69	513	0	46145
23990	1513	700	61	41953	0	44227
23991	905	43530	85	1244	0	45764
23992	43988	1078	56	603	0	45725
23993	44456	534	101	484	0	45575
23994	44657	398	72	381	0	45508
23995	45017	306	66	429	0	45818
23996	1681	41905	123	405	0	44114
23997	753	41220	53	268	0	42294
23998	41705	1097	69	232	0	43103
23999	43014	536	46	231	0	43827
24000	1453	369	40765	226	0	42813
24001	471	37060	582	134	0	38247
24002	37505	621	299	249	0	38674
24003	39700	260	63	120	0	40143
24004	1061	171	39742	103	0	41077
24005	39589	218	669	114	0	40590
24006	1137	180	42811	74	0	44202
24007	416	178	45531	78	0	46203
24008	313	153	1055	41461	0	42982
24009	287	43903	465	855	0	45510
24010	47621	1017	210	254	0	49102
24011	1176	322	118	47452	0	49068
24012	490	170	153	48149	0	48962
24013	303	140	155	49383	0	49981
24014	48322	113	112	1411	0	49958
24015	1162	158	135	47841	0	49296
24016	504	86	137	49907	0	50634
24017	330	94	48103	1464	0	49991
24018	46914	158	1089	605	0	48766
24019	50235	102	341	409	0	51087
24020	1663	168	48368	318	0	50517
24021	47140	132	1202	336	0	48810
24022	1560	291	374	46692	0	48917
24023	648	47190	328	1252	0	49418
24024	506	1221	179	48961	0	50867
24025	48096	342	190	1491	0	50119
24026	1421	47765	413	591	0	50190
24027	743	1215	195	49573	0	51726
24028	536	388	204	51973	0	53101
24029	415	238	302	52133	0	53088
24030	419	188	245	49326	0	50178
24031	461	50460	203	1753	0	52877
24032	52375	1455	201	771	0	54802
24033	53172	513	144	715	0	54544
24034	1908	54007	168	671	0	56754
24035	60579	1628	129	647	0	62983
24036	62402	562	111	726	0	63801
24037	61787	389	116	673	0	62965
24038	2885	282	58748	646	0	62561
24039	1262	221	1799	59467	0	62749
24040	820	360	57560	2305	0	61045
24041	57675	204	1961	1045	0	60885
24042	2443	57960	783	719	0	61905
24043	57736	1954	521	499	0	60710
24044	2538	58368	402	455	0	61763
24045	1263	2169	299	55084	0	58815
24046	944	849	319	57661	0	59773
24047	808	620	54932	2613	0	58973
24048	676	55749	1891	1219	0	59535
24049	55912	2160	731	787	0	59590
24050	2389	915	54906	680	0	58890
24051	55305	664	2009	757	0	58735
24052	2531	493	762	56265	0	60051
24053	1176	498	54826	2431	0	58931
24054	903	54673	2038	1154	0	58768
24055	828	2125	765	56222	0	59940
24056	810	937	55325	2343	0	59415
24057	898	743	55659	981	0	58281
24058	839	54111	2347	815	0	58112
24059	798	2074	1001	52777	0	56650
24060	850	916	630	51779	0	54175
24061	762	52723	567	2427	0	56479
24062	54261	1961	528	1069	0	57819
24063	2287	811	601	52431	0	56130
24064	1102	51848	495	2252	0	55697
24065	54323	2092	494	1063	0	57972
24066	54345	926	457	794	0	56522
24067	55366	791	399	695	0	57251
24068	2928	53131	469	720	0	57248
24069	55302	2145	428	742	0	58617
24070	55810	981	436	723	0	57950
24071	2859	734	374	53983	0	57950
24072	54614	564	387	2360	0	57925
24073	2698	597	366	54402	0	58063
24074	1388	561	52410	2513	0	56872
24075	1146	458	54053	1182	0	56839
24076	894	478	2490	55257	0	59119
24077	808	744	54541	2631	0	58724
24078	53312	445	2391	1264	0	57412
24079	2521	476	1011	55494	0	59502
24080	1172	461	804	57942	0	60379
24081	889	513	54054	3017	0	58473
24082	796	52026	2267	1495	0	56584
24083	756	56190	1000	1051	0	58997
24084	761	2552	614	54392	0	58319
24085	735	1088	484	57387	0	59694
24086	757	777	54023	2991	0	58548
24087	783	695	56142	1296	0	58916
24088	806	631	2448	56850	0	60735
24089	829	632	55180	2628	0	59269
24090	55135	532	2374	1231	0	59272
24091	2776	594	863	55989	0	60222
24092	56195	536	658	2684	0	60073
24093	2894	545	527	55540	0	59506
24094	1390	485	497	58294	0	60666
24095	1177	503	54081	3171	0	58932
24096	946	54676	2309	1635	0	59566
24097	805	2158	927	57158	0	61048
24098	821	839	55725	2689	0	60074
24099	652	54054	2300	1256	0	58262
24100	671	1969	976	57540	0	61156
24101	57833	791	796	2616	0	62036
24102	2459	569	57204	1203	0	61435
24103	53827	372	2161	963	0	57323
24104	2407	373	53028	733	0	56541
24105	48167	308	2098	656	0	51229
24106	2055	49002	1007	688	0	52752
24107	709	47735	609	546	0	49599
24108	495	2087	533	45077	0	48192
24109	443	45337	374	1623	0	47777
24110	45316	1693	368	741	0	48118
24111	1617	657	354	45546	0	48174
24112	632	511	320	46679	0	48142
24113	447	371	273	47641	0	48732
24114	343	327	44126	2338	0	47134
24115	330	324	1512	45197	0	47363
24116	420	294	43984	2056	0	46754
24117	344	42698	1744	928	0	45714
24118	42083	1363	653	644	0	44743
24119	1460	44151	551	753	0	46915
24120	46594	1502	331	503	0	48930
24121	47135	638	296	492	0	48561
24122	47430	483	298	507	0	48718
24123	47022	343	293	486	0	48144
24124	2063	396	44398	510	0	47367
24125	960	327	1477	44323	0	47087
24126	702	303	644	45261	0	46910
24127	512	316	446	46434	0	47708
24128	42038	242	419	2057	0	44756
24129	42528	237	374	979	0	44118
24130	1783	42795	352	808	0	45738
24131	782	1289	41512	513	0	44096
24132	587	533	41247	538	0	42905
24133	476	39833	1480	505	0	42294
24134	430	40374	632	422	0	41858
24135	914	946	405	34123	0	36388
24136	320	332	160	33740	0	34552
24137	34610	188	112	958	0	35868
24138	765	33006	231	471	0	34473
24139	326	654	246	34756	0	35982
24140	251	275	35636	900	0	37062
24141	210	212	680	36899	0	38001
24142	234	200	275	37858	0	38567
24143	302	188	185	38324	0	38999
24144	286	184	158	38202	0	38830
24145	330	204	36371	1018	0	37923
24146	290	34349	786	467	0	35892
24147	357	36336	308	303	0	37304
24148	36082	836	265	208	0	37391
24149	669	35600	212	379	0	36860
24150	275	38189	183	380	0	39027
24151	257	821	199	38226	0	39503
24152	282	362	116	38217	0	38977
24153	268	310	124	38326	0	39028
24154	290	363	37264	1012	0	38929
24155	165	36386	702	582	0	37835
24156	187	738	340	37666	0	38931
24157	162	37320	265	862	0	38609
24158	38409	789	192	493	0	39883
24159	634	37693	187	502	0	39016
24160	38458	749	268	446	0	39921
24161	750	428	37656	379	0	39213
24162	37211	356	637	275	0	38479
24163	789	353	232	37937	0	39311
24164	328	360	38009	780	0	39477
24165	36508	309	659	398	0	37874
24166	37578	239	221	455	0	38493
24167	37807	221	181	450	0	38659
24168	847	171	170	37278	0	38466
24169	355	217	36659	894	0	38125
24170	35783	265	665	468	0	37181
24171	674	287	252	38172	0	39385
24172	346	273	219	38177	0	39015
24173	404	295	39088	885	0	40672
24174	286	38490	598	418	0	39792
24175	271	716	229	39002	0	40218
24176	248	38502	256	714	0	39720
24177	39478	650	129	394	0	40651
24178	40133	220	205	342	0	40900
24179	734	216	216	39591	0	40757
24180	40037	165	149	699	0	41050
24181	762	39353	154	351	0	40620
24182	40530	583	96	286	0	41495
24183	704	40153	133	299	0	41289
24184	410	621	164	40710	0	41905
24185	386	217	149	40283	0	41035
24186	283	40434	157	730	0	41604
24187	232	525	170	40758	0	41685
24188	196	269	39823	740	0	41028
24189	185	38236	572	335	0	39328
24190	38476	420	127	185	0	39208
24191	552	37156	134	154	0	37996
24192	292	416	65	38452	0	39225
24193	189	171	38427	481	0	39268
24194	200	312	369	39097	0	39978
24195	216	141	111	40155	0	40623
24196	39314	140	92	692	0	40238
24197	570	143	38826	341	0	39880
24198	193	37594	529	384	0	38700
24199	170	598	40792	273	0	41833
24200	95	159	39995	123	0	40372
24201	79	123	40077	85	0	40364
24202	100	568	521	38379	0	39568
24203	41210	40	247	528	0	42025
24204	526	39766	104	192	0	40588
24205	42411	548	43	74	0	43076
24206	44489	136	37	64	0	44726
24207	646	84	36	43304	0	44070
24208	166	43307	75	568	0	44116
24209	44119	541	34	148	0	44842
24210	537	44066	40	114	0	44757
24211	150	578	35	44149	0	44912
24212	80	157	32	45473	0	45742
24213	65	44114	58	674	0	44911
24214	65	575	37	46169	0	46846
24215	82	267	44055	650	0	45054
24216	79	153	43484	180	0	43896
24217	77	70	642	44388	0	45177
24218	51	72	171	45521	0	45815
24219	93	75	42288	716	0	43172
24220	86	90	41010	213	0	41399
24221	38193	56	666	158	0	39073
24222	552	39725	225	122	0	40624
24223	173	43003	116	124	0	43416
24224	125	779	83	41571	0	42558
24225	81	220	65	41901	0	42267
24226	74	112	56	42878	0	43120
24227	100	101	41609	736	0	42546
24228	82	117	40759	244	0	41202
24229	76	66	658	41834	0	42634
24230	92	88	41235	655	0	42070
24231	54	39433	695	307	0	40489
24232	41402	616	279	162	0	42459
24233	621	196	40974	120	0	41911
24234	192	155	40619	120	0	41086
24235	120	75	716	41475	0	42386
24236	111	92	46325	740	0	47268
24237	77	46154	862	323	0	47416
24238	87	809	259	49081	0	50236
24239	141	270	47400	931	0	48742
24240	80	45588	915	327	0	46910
24241	46183	883	472	197	0	47735
24242	857	306	188	45938	0	47289
24243	263	195	120	46936	0	47514
24244	46597	123	126	1100	0	47946
24245	882	45357	173	418	0	46830
24246	46906	895	103	269	0	48173
24247	46607	289	103	226	0	47225
24248	46807	184	132	190	0	47313
24249	1171	136	117	45713	0	47137
24250	44067	107	113	971	0	45258
24251	976	42225	154	383	0	43738
24252	366	44411	148	266	0	45191
24253	45230	1059	105	185	0	46579
24254	1021	365	116	45072	0	46574
24255	389	241	114	45960	0	46704
24256	256	161	105	46593	0	47115
24257	207	227	42811	1370	0	44615
24258	184	42651	932	582	0	44349
24259	173	982	321	45498	0	46974
24260	45040	311	340	1189	0	46880
24261	993	238	124	44796	0	46151
24262	399	206	43470	1239	0	45314
24263	253	43501	1006	532	0	45292
24264	45247	1019	359	380	0	47005
24265	45275	359	277	296	0	46207
24266	45308	266	212	269	0	46055
24267	1383	219	196	44906	0	46704
24268	555	225	44987	1168	0	46935
24269	378	240	46589	494	0	47701
24270	305	47011	1519	533	0	49368
24271	275	1364	497	49181	0	51317
24272	281	463	252	51156	0	52152
24273	47414	281	206	1864	0	49765
24274	1466	237	185	48737	0	50625
24275	49843	214	167	1777	0	52001
24276	1736	257	47861	668	0	50522
24277	634	252	48941	489	0	50316
24278	411	165	1762	47684	0	50022
24279	336	166	619	49293	0	50414
24280	274	218	318	51543	0	52353
24281	51121	167	262	2127	0	53677
24282	54746	182	278	849	0	56055
24283	2165	183	244	54684	0	57276
24284	810	164	52597	2133	0	55704
24285	478	184	54451	886	0	55999
24286	352	184	2241	54445	0	57222
24287	54841	151	819	2141	0	57952
24288	1934	178	475	53611	0	56198
24289	736	176	368	56300	0	57580
24290	504	166	53982	2620	0	57272
24291	392	217	54566	1107	0	56282
24292	53137	163	2391	726	0	56417
24293	2147	198	53510	605	0	56460
24294	884	206	2020	50852	0	53962
24295	568	179	815	53189	0	54751
24296	51946	100	544	2493	0	55083
24297	2039	50654	489	1204	0	54386
24298	50586	1700	429	677	0	53392
24299	1997	48618	350	592	0	51557
24300	48273	1756	289	511	0	50829
24301	2058	656	45813	592	0	49119
24302	43141	365	1787	524	0	45817
24303	44672	200	852	378	0	46102
24304	2398	363	594	43406	0	46761
24305	1060	164	42051	1791	0	45066
24306	599	147	1670	41128	0	43544
24307	488	149	793	40599	0	42029
24308	430	39813	514	2221	0	42978
24309	426	1518	384	38852	0	41180
24310	426	39912	331	2000	0	42669
24311	505	1540	298	40670	0	43013
24312	39650	578	318	2076	0	42622
24313	1826	328	270	40649	0	43073
24314	865	251	38626	2015	0	41757
24315	39851	253	1681	939	0	42724
24316	1929	227	39851	737	0	42744
24317	40608	178	1775	723	0	43284
24318	41917	199	722	739	0	43577
24319	2324	40542	510	664	0	44040
24320	1113	43606	450	540	0	45709
24321	42463	2060	417	537	0	45477
24322	44314	720	441	563	0	46038
24323	43872	374	488	592	0	45326
24324	43960	292	438	643	0	45333
24325	44177	302	359	652	0	45490
24326	2767	308	317	42244	0	45636
24327	1303	323	345	44225	0	46196
24328	996	275	41051	2541	0	44863
24329	42111	263	1880	1139	0	45393
24330	2385	231	823	42119	0	45558
24331	1245	265	603	43685	0	45798
24332	890	324	40327	2633	0	44174
24333	830	39781	1845	1340	0	43796
24334	895	42593	808	1003	0	45299
24335	41217	2012	644	771	0	44644
24336	36903	714	521	642	0	38780
24337	2351	33722	391	586	0	37050
24338	1102	34374	433	533	0	36442
24339	34375	1715	455	512	0	37057
24340	36091	690	408	529	0	37718
24341	2311	420	391	34761	0	37883
24342	1289	376	263	35414	0	37342
24343	941	323	306	36745	0	38315
24344	35017	400	386	2213	0	38016
24345	36374	366	336	1086	0	38162
24346	2381	334	349	35998	0	39062
24347	37006	364	343	1977	0	39690
24348	2229	376	35667	1074	0	39346
24349	1187	377	1488	37453	0	40505
24350	935	378	35754	2073	0	39140
24351	967	35801	1615	1063	0	39446
24352	855	1517	673	36433	0	39478
24353	35614	589	541	1866	0	38610
24354	2027	363	475	35591	0	38456
24355	1044	359	429	36896	0	38728
24356	845	380	34548	2323	0	38096
24357	903	407	35494	1052	0	37856
24358	805	36531	1698	804	0	39838
24359	36855	1687	598	686	0	39826
24360	37884	674	409	652	0	39619
24361	38232	396	362	649	0	39639
24362	38456	385	395	585	0	39821
24363	2313	336	372	36258	0	39279
24364	1235	295	330	35924	0	37784
24365	915	36587	322	2004	0	39828
24366	37398	1491	312	955	0	40156
24367	38465	575	314	734	0	40088
24368	2320	358	35212	669	0	38559
24369	30814	259	1168	506	0	32747
24370	1691	32075	563	614	0	34943
24371	904	1286	301	30800	0	33291
24372	815	31759	305	1251	0	34130
24373	31892	1278	321	623	0	34114
24374	1493	31430	238	530	0	33691
24375	967	1271	238	30125	0	32601
24376	612	562	165	31021	0	32360
24377	568	348	145	30415	0	31476
24378	601	28782	228	1507	0	31118
24379	570	1239	221	29469	0	31499
24380	498	857	187	28985	0	30527
24381	447	25243	223	1379	0	27292
24382	361	23788	161	577	0	24887
24383	22556	908	99	364	0	23927
24384	962	22893	95	330	0	24280
24385	22476	741	94	291	0	23602
24386	901	309	21098	354	0	22662
24387	424	21406	525	266	0	22621
24388	21884	808	195	290	0	23177
24389	21902	341	148	289	0	22680
24390	850	329	21212	221	0	22612
24391	513	212	522	20741	0	21988
24392	358	212	21233	731	0	22534
24393	242	20664	603	430	0	21939
24394	20567	623	332	299	0	21821
24395	651	20383	144	263	0	21441
24396	338	650	172	20704	0	21864
24397	269	365	138	21249	0	22021
24398	317	221	20754	714	0	22006
24399	222	302	20045	359	0	20928
24400	19452	252	591	263	0	20558
24401	20759	208	256	289	0	21512
24402	20889	201	131	277	0	21498
24403	20825	239	146	247	0	21457
24404	748	20172	147	300	0	21367
24405	430	546	164	20454	0	21594
24406	336	345	135	20273	0	21089
24407	346	20199	141	652	0	21338
24408	21221	553	178	318	0	22270
24409	21353	353	121	231	0	22058
24410	876	261	20431	189	0	21757
24411	20836	173	554	212	0	21775
24412	692	241	267	21117	0	22317
24413	476	142	20785	586	0	21989
24414	329	212	550	20506	0	21597
24415	270	195	20461	659	0	21585
24416	206	97	20086	278	0	20667
24417	173	155	540	19072	0	19940
24418	130	18671	246	431	0	19478
24419	18734	386	106	223	0	19449
24420	17992	195	111	149	0	18447
24421	518	19950	100	152	0	20720
24422	224	20632	65	122	0	21043
24423	20931	458	250	101	0	21740
24424	20937	185	62	115	0	21299
24425	20953	119	70	91	0	21233
24426	20906	109	72	76	0	21163
24427	514	100	43	21131	0	21788
24428	267	82	20771	459	0	21579
24429	183	20586	351	183	0	21303
24430	20905	385	130	107	0	21527
24431	426	21907	85	109	0	22527
24432	22314	454	51	93	0	22912
24433	22211	186	51	75	0	22523
24434	600	145	21805	61	0	22611
24435	255	22574	400	83	0	23312
24436	173	445	136	23330	0	24084
24437	123	192	79	24010	0	24404
24438	120	121	67	23743	0	24051
24439	24061	101	49	586	0	24797
24440	22972	97	51	234	0	23354
24441	23342	83	47	148	0	23620
24442	595	23147	56	168	0	23966
24443	23221	434	49	92	0	23796
24444	489	23362	62	116	0	24029
24445	226	444	22871	88	0	23629
24446	119	22908	345	96	0	23468
24447	380	406	182	22033	0	23001
24448	56	123	46	21486	0	21711
24449	72	69	21170	365	0	21676
24450	66	52	285	20355	0	20758
24451	66	42	107	21441	0	21656
24452	21223	61	60	381	0	21725
24453	20787	41	33	148	0	21009
24454	21137	57	43	70	0	21307
24455	408	21044	42	79	0	21573
24456	21398	292	41	57	0	21788
24457	20042	120	33	62	0	20257
24458	383	20504	47	71	0	21005
24459	162	345	39	21155	0	21701
24460	106	109	42	21522	0	21779
24461	21311	68	26	460	0	21865
24462	426	56	20251	146	0	20879
24463	150	19540	307	107	0	20104
24464	83	307	68	19146	0	19604
24465	73	19026	51	295	0	19445
24466	63	19574	37	87	0	19761
24467	20124	312	23	56	0	20515
24468	19918	98	23	49	0	20088
24469	340	53	22	20205	0	20620
24470	109	49	15	19515	0	19688
24471	79	34	19	19782	0	19914
24472	61	46	16	19777	0	19900
24473	66	43	19149	358	0	19616
24474	74	54	18226	117	0	18471
24475	62	43	288	19356	0	19749
24476	74	49	20292	302	0	20717
24477	66	19984	290	126	0	20466
24478	21201	284	62	69	0	21616
24479	21108	87	51	63	0	21309
24480	353	54	30	20946	0	21383
24481	125	50	53	21059	0	21287
24482	86	39	30	21283	0	21438
24483	57	20920	43	376	0	21396
24484	21571	292	38	126	0	22027
24485	21003	85	26	100	0	21214
24486	403	71	20674	73	0	21221
24487	132	198	295	22167	0	22792
24488	114	56	23074	479	0	23723
24489	99	44	402	25055	0	25600
24490	78	53	86	25282	0	25499
24491	79	54	60	25712	0	25905
24492	61	42	47	26292	0	26442
24493	26205	56	57	773	0	27091
24494	26520	65	73	272	0	26930
24495	27123	44	41	203	0	27411
24496	791	36	45	26612	0	27484
24497	284	57	25678	702	0	26721
24498	25233	35	567	273	0	26108
24499	711	44	168	26669	0	27592
24500	26790	69	93	703	0	27655
24501	738	47	67	26772	0	27624
24502	245	25593	84	751	0	26673
24503	178	27118	97	310	0	27703
24504	168	685	64	27464	0	28381
24505	145	192	50	27508	0	27895
24506	163	111	33	27957	0	28264
24507	132	27318	57	916	0	28423
24508	27356	660	45	306	0	28367
24509	675	26974	52	365	0	28066
24510	229	679	27255	251	0	28414
24511	222	220	658	27495	0	28595
24512	113	28203	169	904	0	29389
24513	109	730	205	28303	0	29347
24514	117	214	85	29020	0	29436
24515	108	160	28251	1072	0	29591
24516	26118	95	638	485	0	27336
24517	751	28427	200	415	0	29793
24518	29767	706	110	233	0	30816
24519	30240	209	72	288	0	30809
24520	30399	145	125	234	0	30903
24521	1050	104	27057	263	0	28474
24522	393	110	739	26761	0	28003
24523	386	116	188	28090	0	28780
24524	213	111	26874	1071	0	28269
24525	24937	178	727	370	0	26212
24526	865	146	27042	396	0	28449
24527	277	166	26300	295	0	27038
24528	159	26353	723	306	0	27541
24529	153	697	220	27479	0	28549
24530	155	260	27548	772	0	28735
24531	25304	105	618	323	0	26350
24532	26404	217	231	195	0	27047
24533	833	106	26317	247	0	27503
24534	290	185	608	26430	0	27513
24535	218	139	26496	678	0	27531
24536	144	25865	650	414	0	27073
24537	28079	652	223	232	0	29186
24538	28382	157	194	254	0	28987
24539	28254	116	145	230	0	28745
24540	860	137	194	27457	0	28648
24541	441	110	107	28719	0	29377
24542	272	187	27711	832	0	29002
24543	27462	86	663	293	0	28504
24544	844	89	247	28109	0	29289
24545	28077	61	147	853	0	29138
24546	810	55	28095	373	0	29333
24547	317	72	28421	317	0	29127
24548	295	63	815	26675	0	27848
24549	181	78	435	29244	0	29938
24550	264	67	28373	896	0	29600
24551	27287	123	829	328	0	28567
24552	749	94	364	28025	0	29232
24553	288	28947	265	724	0	30224
24554	29773	647	147	367	0	30934
24555	806	29456	236	262	0	30760
24556	29873	722	226	202	0	31023
24557	973	210	30181	264	0	31628
24558	374	143	29562	202	0	30281
24559	249	29601	789	285	0	30924
24560	30282	647	354	152	0	31435
24561	847	317	29808	158	0	31130
24562	28933	132	699	160	0	29924
24563	877	29557	327	222	0	30983
24564	404	643	217	30554	0	31818
24565	229	241	240	30134	0	30844
24566	243	29555	204	843	0	30845
24567	30775	666	271	350	0	32062
24568	31322	249	147	213	0	31931
24569	31516	183	199	249	0	32147
24570	1085	145	31466	167	0	32863
24571	373	139	810	31362	0	32684
24572	277	151	345	32187	0	32960
24573	230	95	266	33565	0	34156
24574	279	110	32332	1024	0	33745
24575	237	31161	790	631	0	32819
24576	31119	771	284	249	0	32423
24577	871	244	30961	263	0	32339
24578	30332	302	741	185	0	31560
24579	966	30551	285	191	0	31993
24580	31564	788	274	168	0	32794
24581	938	240	206	31136	0	32520
24582	31946	238	247	737	0	33168
24583	917	107	257	31597	0	32878
24584	395	200	31610	806	0	33011
24585	440	187	810	31493	0	32930
24586	274	148	31442	784	0	32648
24587	27900	95	566	253	0	28814
24588	608	28343	244	205	0	29400
24589	211	524	207	25986	0	26928
24590	148	27333	119	408	0	28008
24591	27371	438	84	151	0	28044
24592	26952	118	87	145	0	27302
24593	472	26190	124	110	0	26896
24594	27072	354	83	74	0	27583
24595	28138	108	82	67	0	28395
24596	449	78	86	27442	0	28055
24597	168	77	67	27866	0	28178
24598	29189	66	63	430	0	29748
24599	29827	50	61	153	0	30091
24600	574	46	60	29701	0	30381
24601	209	61	56	32817	0	33143
24602	34351	51	74	706	0	35182
24603	760	58	33317	229	0	34364
24604	32173	57	645	179	0	33054
24605	805	82	32641	120	0	33648
24606	254	32091	648	131	0	33124
24607	193	563	194	32267	0	33217
24608	178	170	33572	607	0	34527
24609	109	35202	629	211	0	36151
24610	36049	599	202	218	0	37068
24611	701	194	35928	85	0	36908
24612	35300	115	590	87	0	36092
24613	37003	80	159	83	0	37325
24614	37618	69	110	72	0	37869
24615	807	99	77	35198	0	36181
24616	301	38183	116	504	0	39104
24617	39374	535	85	167	0	40161
24618	697	166	38675	126	0	39664
24619	36103	111	596	113	0	36923
24620	692	110	38608	105	0	39515
24621	233	37727	608	356	0	38924
24622	176	572	169	38958	0	39875
24623	161	157	126	39031	0	39475
24624	134	38365	137	659	0	39295
24625	151	599	71	40112	0	40933
24626	160	207	39203	683	0	40253
24627	148	38518	607	460	0	39733
24628	135	618	165	39459	0	40377
24629	38744	182	133	649	0	39708
24630	39992	128	106	215	0	40441
24631	848	105	82	39760	0	40795
24632	329	40563	97	741	0	41730
24633	237	654	94	41353	0	42338
24634	202	209	81	41272	0	41764
24635	202	195	37861	914	0	39172
24636	184	38394	617	474	0	39669
24637	135	635	189	39031	0	39990
24638	163	228	37734	716	0	38841
24639	131	36946	607	382	0	38066
24640	127	648	203	38369	0	39347
24641	38496	220	127	661	0	39504
24642	673	38186	117	286	0	39262
24643	265	659	80	39036	0	40040
24644	39787	227	77	702	0	40793
24645	39868	146	71	290	0	40375
24646	39872	115	80	224	0	40291
24647	39744	97	96	179	0	40116
24648	926	115	75	39324	0	40440
24649	378	112	39633	726	0	40849
24650	242	99	624	38426	0	39391
24651	202	38721	243	683	0	39849
24652	40592	628	168	286	0	41674
24653	753	262	39177	192	0	40384
24654	37937	162	630	181	0	38910
24655	766	155	38942	137	0	40000
24656	337	120	659	38712	0	39828
24657	248	107	39136	676	0	40167
24658	210	108	668	38007	0	38993
24659	222	105	38172	754	0	39253
24660	179	176	677	37417	0	38449
24661	38291	74	236	773	0	39374
24662	677	38400	187	344	0	39608
24663	308	644	116	39509	0	40577
24664	243	209	130	39963	0	40545
24665	230	165	39925	865	0	41185
24666	202	146	38448	337	0	39133
24667	36968	105	749	258	0	38080
24668	661	38462	334	243	0	39700
24669	39422	558	192	185	0	40357
24670	39640	205	157	151	0	40153
24671	789	133	158	37822	0	38902
24672	328	38950	169	664	0	40111
24673	40481	607	133	271	0	41492
24674	40675	227	134	201	0	41237
24675	41261	133	123	186	0	41703
24676	41202	124	111	156	0	41593
24677	40619	102	135	171	0	41027
24678	953	94	38934	140	0	40121
24679	39230	106	630	149	0	40115
24680	873	105	39415	130	0	40523
24681	410	86	679	38543	0	39718
24682	342	83	247	40206	0	40878
24683	348	117	39177	796	0	40438
24684	38937	92	658	327	0	40014
24685	861	103	235	41340	0	42539
24686	412	108	168	41961	0	42649
24687	314	96	196	42485	0	43091
24688	312	82	157	42240	0	42791
24689	245	101	188	43255	0	43789
24690	254	112	42016	1095	0	43477
24691	257	92	753	41754	0	42856
24692	265	86	42411	1033	0	43795
24693	296	143	41470	473	0	42382
24694	41411	82	1007	416	0	42916
24695	43964	78	434	348	0	44824
24696	46805	80	271	450	0	47606
24697	1530	98	47542	340	0	49510
24698	653	96	47595	321	0	48665
24699	426	109	47137	257	0	47929
24700	328	47211	1569	333	0	49441
24701	736	1676	854	45636	0	48902
24702	48493	297	430	1092	0	50312
24703	1302	144	228	52305	0	53979
24704	590	52826	258	1475	0	55149
24705	55153	1249	232	604	0	57238
24706	1564	443	228	53995	0	56230
24707	621	54583	314	1820	0	57338
24708	419	1315	256	55900	0	57890
24709	292	569	271	55261	0	56393
24710	53266	257	265	2076	0	55864
24711	1557	197	239	53549	0	55542
24712	665	279	51112	1903	0	53959
24713	439	217	1373	51812	0	53841
24714	466	49369	604	1741	0	52180
24715	324	51956	322	1066	0	53668
24716	281	1897	275	49290	0	51743
24717	352	711	249	48900	0	50212
24718	283	47762	258	2216	0	50519
24719	370	48944	331	1002	0	50647
24720	326	50089	255	925	0	51595
24721	334	2060	281	45849	0	48524
24722	367	48776	217	1727	0	51087
24723	48554	1846	197	965	0	51562
24724	1671	930	47651	768	0	51020
24725	683	618	1396	46450	0	49147
24726	514	48790	620	1800	0	51724
24727	49033	1832	318	1187	0	52370
24728	1659	1158	47434	811	0	51062
24729	905	48746	1389	788	0	51828
24730	47771	1726	593	868	0	50958
24731	1488	47297	420	574	0	49779
24732	690	48315	279	775	0	50059
24733	413	2180	279	47667	0	50539
24734	520	48250	202	1707	0	50679
24735	47676	1830	206	1120	0	50832
24736	1489	994	460	47624	0	50567
24737	720	774	46661	1881	0	50036
24738	460	1015	46673	829	0	48977
24739	441	802	1642	47055	0	49940
24740	317	722	47412	1928	0	50379
24741	547	792	1473	47752	0	50564
24742	46950	726	693	1803	0	50172
24743	1487	842	46398	951	0	49678
24744	768	822	1396	45228	0	48214
24745	489	45988	711	1819	0	49007
24746	398	1876	574	47218	0	50066
24747	564	909	500	46970	0	48943
24748	404	47398	581	2158	0	50541
24749	465	1841	493	48102	0	50901
24750	375	1071	527	49057	0	51030
24751	563	661	46426	2490	0	50140
24752	281	45941	1771	1187	0	49180
24753	47451	1920	678	943	0	50992
24754	1742	890	450	48137	0	51219
24755	695	845	47630	1931	0	51101
24756	495	731	1536	47912	0	50674
24757	433	632	46931	2169	0	50165
24758	45173	715	1663	1275	0	48826
24759	1525	47378	851	1099	0	50853
24760	714	1673	579	48822	0	51788
24761	562	907	670	50468	0	52607
24762	48101	600	665	2345	0	51711
24763	1517	574	491	48842	0	51424
24764	745	606	46787	2161	0	50299
24765	566	485	1531	46093	0	48675
24766	571	44705	825	2097	0	48198
24767	411	46906	786	1350	0	49453
24768	340	47931	411	1443	0	50125
24769	380	2566	478	47334	0	50758
24770	452	1177	45128	2175	0	48932
24771	430	45046	1449	1386	0	48311
24772	44376	1938	698	1079	0	48091
24773	1319	45108	510	1064	0	48001
24774	45848	1827	397	951	0	49023
24775	46334	949	551	809	0	48643
24776	1946	866	44079	691	0	47582
24777	45654	684	1427	719	0	48484
24778	47572	670	710	910	0	49862
24779	48056	639	665	734	0	50094
24780	48505	662	386	833	0	50386
24781	2179	685	46596	630	0	50090
24782	46516	597	1533	624	0	49270
24783	47912	757	799	568	0	50036
24784	1979	47796	463	718	0	50956
24785	940	1906	355	47553	0	50754
24786	954	995	267	47946	0	50162
24787	643	47454	333	2148	0	50578
24788	46728	1686	610	908	0	49932
24789	1677	47345	444	658	0	50124
24790	46670	1889	367	384	0	49310
24791	46551	1129	308	374	0	48362
24792	2091	46803	294	424	0	49612
24793	1067	1496	324	46312	0	49199
24794	856	684	45847	1512	0	48899
24795	587	44460	1381	774	0	47202
24796	751	1650	457	40070	0	42928
24797	494	40534	343	1057	0	42428
24798	583	43170	218	685	0	44656
24799	600	1665	201	41441	0	43907
24800	328	604	40879	1442	0	43253
24801	448	39902	1030	579	0	41959
24802	343	39690	439	309	0	40781
24803	33041	863	92	98	0	34094
24804	593	331	85	34061	0	35070
24805	232	189	31	34457	0	34909
24806	106	116	20	35695	0	35937
24807	135	110	33244	1012	0	34501
24808	74	102	661	34479	0	35316
24809	65	35651	252	863	0	36831
24810	38027	773	138	333	0	39271
24811	842	346	94	38290	0	39572
24812	356	210	37504	915	0	38985
24813	37974	148	818	375	0	39315
24814	987	124	299	40032	0	41442
24815	390	148	41788	1062	0	43388
24816	206	143	41974	452	0	42775
24817	43296	101	1338	219	0	44954
24818	46044	122	463	206	0	46835
24819	45753	129	235	148	0	46265
24820	46644	109	141	172	0	47066
24821	1742	193	44259	227	0	46421
24822	668	45413	1132	179	0	47392
24823	46519	1210	405	157	0	48291
24824	1267	46140	200	210	0	47817
24825	46178	1288	168	189	0	47823
24826	1321	45671	155	178	0	47325
24827	619	1304	137	45661	0	47721
24828	325	513	139	46105	0	47082
24829	294	264	146	45474	0	46178
24830	251	43681	184	1663	0	45779
24831	226	45514	176	708	0	46624
24832	246	1540	130	42989	0	44905
24833	239	43567	162	1256	0	45224
24834	250	1414	43717	478	0	45859
24835	253	593	1214	44141	0	46201
24836	331	373	44449	1331	0	46484
24837	43446	294	1308	564	0	45612
24838	45404	243	518	349	0	46514
24839	1730	252	44436	299	0	46717
24840	757	288	44225	274	0	45544
24841	395	300	1576	43510	0	45781
24842	314	297	43868	1401	0	45880
24843	263	278	1389	41594	0	43524
24844	232	42035	660	1337	0	44264
24845	278	1371	287	44392	0	46328
24846	221	668	267	44771	0	45927
24847	259	401	222	45397	0	46279
24848	329	364	42360	1897	0	44950
24849	239	286	1321	41855	0	43701
24850	245	296	618	41786	0	42945
24851	258	335	407	40934	0	41934
24852	296	41985	327	1674	0	44282
24853	42847	1374	276	816	0	45313
24854	42963	588	301	580	0	44432
24855	43165	377	292	539	0	44373
24856	1818	300	328	41937	0	44383
24857	814	300	41388	1567	0	44069
24858	512	332	41215	839	0	42898
24859	384	41275	1677	646	0	43982
24860	40768	1356	728	578	0	43430
24861	1278	41407	476	609	0	43770
24862	41914	1458	406	507	0	44285
24863	1472	41348	354	555	0	43729
24864	41465	1460	322	502	0	43749
24865	1493	43182	369	495	0	45539
24866	777	1530	304	44072	0	46683
24867	584	747	42722	1603	0	45656
24868	536	469	43126	856	0	44987
24869	467	411	1715	42783	0	45376
24870	484	392	823	43937	0	45636
24871	528	382	509	45521	0	46940
24872	591	371	43458	2030	0	46450
24873	553	323	1393	43642	0	45911
24874	42920	361	713	1770	0	45764
24875	43429	377	528	918	0	45252
24876	1818	42337	457	723	0	45335
24877	42178	1443	442	510	0	44573
24878	1678	41687	379	555	0	44299
24879	42161	1589	362	519	0	44631
24880	42451	767	428	506	0	44152
24881	42047	518	433	539	0	43537
24882	2046	420	39986	518	0	42970
24883	998	425	39863	511	0	41797
24884	39209	366	1605	475	0	41655
24885	41178	357	802	427	0	42764
24886	1883	488	511	40039	0	42921
24887	1099	362	361	42108	0	43930
24888	722	397	370	43075	0	44564
24889	568	376	395	43147	0	44486
24890	491	411	371	44660	0	45933
24891	43157	476	329	2163	0	46125
24892	1579	465	313	43535	0	45892
24893	857	444	41519	1898	0	44718
24894	39914	406	1322	1006	0	42648
24895	41305	434	828	742	0	43309
24896	1809	40351	445	721	0	43326
24897	828	41640	341	636	0	43445
24898	38414	1341	256	383	0	40394
24899	1141	39326	283	411	0	41161
24900	38643	1111	304	352	0	40410
24901	39880	477	493	356	0	41206
24902	40848	227	244	392	0	41711
24903	1593	184	271	38341	0	40389
24904	702	37994	307	1259	0	40262
24905	39511	967	214	626	0	41318
24906	1210	420	218	39403	0	41251
24907	618	220	221	39623	0	40682
24908	36549	138	159	1508	0	38354
24909	1045	34940	183	710	0	36878
24910	427	849	89	35258	0	36623
24911	34898	383	76	1074	0	36431
24912	968	34831	91	596	0	36486
24913	35905	844	45	299	0	37093
24914	1044	412	33424	230	0	35110
24915	31820	147	626	204	0	32797
24916	923	32627	251	190	0	33991
24917	31846	687	222	115	0	32870
24918	31588	273	58	74	0	31993
24919	938	32123	54	246	0	33361
24920	32988	621	24	90	0	33723
24921	755	31006	60	86	0	31907
24922	32833	687	21	55	0	33596
24923	774	305	26	32126	0	33231
24924	376	172	25	32678	0	33251
24925	246	123	16	33652	0	34037
24926	194	124	31652	907	0	32877
24927	175	97	575	31808	0	32655
24928	185	104	31874	832	0	32995
24929	162	89	647	31744	0	32642
24930	167	31272	272	712	0	32423
24931	158	644	123	33182	0	34107
24932	199	302	32495	749	0	33745
24933	168	181	33263	355	0	33967
24934	149	117	792	32830	0	33888
24935	32792	116	307	760	0	33975
24936	33014	84	162	374	0	33634
24937	872	32784	118	271	0	34045
24938	415	639	76	33851	0	34981
24939	272	296	35138	758	0	36464
24940	177	173	644	35533	0	36527
24941	187	116	35973	839	0	37115
24942	34383	113	736	453	0	35685
24943	780	124	290	36429	0	37623
24944	409	117	35571	790	0	36887
24945	248	134	693	35446	0	36521
24946	232	124	305	36654	0	37315
24947	243	121	35905	984	0	37253
24948	185	100	681	35780	0	36746
24949	36403	92	301	904	0	37700
24950	36575	115	173	439	0	37302
24951	981	117	127	37358	0	38583
24952	38025	89	144	887	0	39145
24953	925	120	37412	440	0	38897
24954	520	154	36873	323	0	37870
24955	37690	89	914	247	0	38940
24956	39533	67	398	258	0	40256
24957	1012	95	229	38065	0	39401
24958	467	109	173	39341	0	40090
24959	345	91	38186	1075	0	39697
24960	268	121	764	35799	0	36952
24961	236	37757	373	780	0	39146
24962	39596	722	224	413	0	40955
24963	42081	301	168	283	0	42833
24964	1245	41673	162	284	0	43364
24965	40561	953	138	253	0	41905
24966	40425	366	157	234	0	41182
24967	1298	40308	193	238	0	42037
24968	41684	975	157	215	0	43031
24969	1116	41057	169	366	0	42708
24970	42381	1023	146	231	0	43781
24971	1221	451	40988	245	0	42905
24972	512	230	974	41177	0	42893
24973	331	137	397	42177	0	43042
24974	260	136	242	44360	0	44998
24975	43472	130	179	1572	0	45353
24976	1235	117	141	45295	0	46788
24977	588	129	44090	1466	0	46273
24978	44281	144	1159	592	0	46176
24979	1347	116	416	44595	0	46474
24980	571	42805	298	1361	0	45035
24981	375	45127	222	588	0	46312
24982	317	1415	187	45419	0	47338
24983	293	555	167	44898	0	45913
24984	286	270	145	46197	0	46898
24985	299	265	42778	1822	0	45164
24986	243	41796	1134	859	0	44032
24987	42036	1058	356	578	0	44028
24988	41086	386	250	351	0	42073
24989	1383	40657	217	314	0	42571
24990	519	42160	160	280	0	43119
24991	386	1191	195	41837	0	43609
24992	265	418	40377	1164	0	42224
24993	39304	320	941	531	0	41096
24994	41115	146	313	280	0	41854
24995	1189	135	203	40553	0	42080
24996	457	112	166	41254	0	41989
24997	40093	101	106	1277	0	41577
24998	1107	122	38292	553	0	40074
24999	37287	109	977	403	0	38776
25000	1059	37313	378	270	0	39020
25001	343	761	142	36204	0	37450
25002	235	35448	131	838	0	36652
25003	37273	806	90	351	0	38520
25004	863	257	100	36161	0	37381
25005	335	154	86	35886	0	36461
25006	240	35171	116	974	0	36501
25007	36565	758	92	383	0	37798
25008	36879	246	92	267	0	37484
25009	1057	224	35291	302	0	36874
25010	407	223	33037	179	0	33846
25011	34338	82	863	172	0	35455
25012	848	120	34272	156	0	35396
25013	326	135	31940	140	0	32541
25014	32444	86	949	169	0	33648
25015	790	86	38367	172	0	39415
25016	313	85	1056	38547	0	40001
25017	233	75	438	40720	0	41466
25018	43071	73	307	1579	0	45030
25019	1522	117	41771	696	0	44106
25020	44440	90	1425	416	0	46371
25021	1914	114	545	44079	0	46652
25022	45689	102	369	1578	0	47738
25023	46495	92	216	645	0	47448
25024	46876	53	170	504	0	47603
25025	2540	74	163	44991	0	47768
25026	46353	87	119	1745	0	48304
25027	2305	72	96	45726	0	48199
25028	1151	70	126	46407	0	47754
25029	824	295	146	46485	0	47750
25030	682	76	106	47614	0	48478
25031	45364	101	132	2666	0	48263
25032	46283	95	132	1265	0	47775
25033	2350	99	44470	993	0	47912
25034	45700	74	1586	617	0	47977
25035	47455	59	611	589	0	48714
25036	2536	73	424	44778	0	47811
25037	1315	43807	239	2109	0	47470
25038	46174	1546	235	875	0	48830
25039	2293	573	214	43961	0	47041
25040	43472	367	209	1975	0	46023
25041	2384	42259	231	905	0	45779
25042	43962	1668	147	682	0	46459
25043	2454	673	148	42051	0	45326
25044	1158	42005	118	1943	0	45224
25045	43087	1792	132	891	0	45902
25046	2179	41597	136	831	0	44743
25047	1001	44427	179	649	0	46256
25048	44734	2172	157	576	0	47639
25049	2161	1065	41964	631	0	45821
25050	43895	662	1571	483	0	46611
25051	2512	423	634	43009	0	46578
25052	1288	363	42398	1843	0	45892
25053	1115	312	1773	41572	0	44772
25054	914	293	762	43928	0	45897
25055	856	269	41418	2662	0	45205
25056	41603	228	1838	1329	0	44998
25057	2386	175	809	42578	0	45948
25058	1311	165	519	43365	0	45360
25059	1078	137	324	43639	0	45178
25060	41991	183	325	3181	0	45680
25061	2352	194	40471	1753	0	44770
25062	1241	200	41437	1356	0	44234
25063	921	156	1988	38967	0	42032
25064	889	177	38027	2187	0	41280
25065	37779	195	1963	1205	0	41142
25066	2100	37406	971	935	0	41412
25067	38015	1471	676	712	0	40874
25068	2426	628	505	35896	0	39455
25069	1295	36204	494	1863	0	39856
25070	1115	1674	433	36542	0	39764
25071	937	36988	332	2201	0	40458
25072	805	1979	298	37963	0	41045
25073	874	890	36207	2278	0	40249
25074	764	746	35070	1232	0	37812
25075	758	35462	1848	1109	0	39177
25076	34298	1505	918	909	0	37630
25077	1715	867	538	32938	0	36058
25078	1000	615	376	34512	0	36503
25079	34148	563	359	2083	0	37153
25080	34744	411	411	1208	0	36774
25081	2257	371	438	34498	0	37564
25082	1442	286	32754	1801	0	36283
25083	1053	32582	1459	1113	0	36207
25084	877	1422	767	32665	0	35731
25085	823	698	626	32494	0	34641
25086	732	33386	414	2064	0	36596
25087	34290	1537	412	1324	0	37563
25088	1853	864	33638	918	0	37273
25089	1016	626	1465	33923	0	37030
25090	771	479	735	34381	0	36366
25091	621	538	32689	2432	0	36280
25092	654	402	1582	34017	0	36655
25093	34117	329	854	2346	0	37646
25094	34164	385	757	1325	0	36631
25095	34861	309	549	1134	0	36853
25096	2357	32820	668	952	0	36797
25097	35901	1429	524	794	0	38648
25098	2280	688	442	35184	0	38594
25099	1335	570	480	34783	0	37168
25100	1138	38603	396	2276	0	42413
25101	43525	1836	316	1343	0	47020
25102	46577	941	397	1016	0	48931
25103	47563	766	361	817	0	49507
25104	48468	598	307	868	0	50241
25105	48951	458	348	865	0	50622
25106	3515	476	44412	868	0	49271
25107	47313	426	2090	645	0	50474
25108	48236	412	955	716	0	50319
25109	47960	321	791	662	0	49734
25110	3599	302	518	45323	0	49742
25111	2002	305	618	46951	0	49876
25112	1555	280	43221	2926	0	47982
25113	39979	362	2078	1597	0	44016
25114	2575	42992	1004	1293	0	47864
25115	1079	37875	557	686	0	40197
25116	893	1563	36263	572	0	39291
25117	630	36536	1438	543	0	39147
25118	418	35601	443	446	0	36908
25119	527	2698	517	29006	0	32748
25120	200	31206	153	844	0	32403
25121	31822	1175	123	312	0	33432
25122	31127	436	113	285	0	31961
25123	1315	326	111	30574	0	32326
25124	626	218	30045	1028	0	31917
25125	30017	136	977	393	0	31523
25126	1215	142	29856	341	0	31554
25127	552	107	30870	248	0	31777
25128	484	104	1221	27528	0	29337
25129	372	79	519	30599	0	31569
25130	379	106	30013	1208	0	31706
25131	288	28932	1045	596	0	30861
25132	340	31598	415	419	0	32772
25133	30949	1068	228	225	0	32470
25134	31769	414	163	181	0	32527
25135	1274	305	30333	160	0	32072
25136	30619	187	913	153	0	31872
25137	33143	149	281	153	0	33726
25138	1353	148	273	30954	0	32728
25139	681	118	133	32086	0	33018
25140	491	118	121	32931	0	33661
25141	32214	129	93	1305	0	33741
25142	32727	99	92	523	0	33441
25143	33053	99	99	344	0	33595
25144	1639	99	102	31997	0	33837
25145	895	124	30992	1021	0	33032
25146	31253	98	937	387	0	32675
25147	31601	93	346	345	0	32385
25148	1455	115	309	29903	0	31782
25149	803	30448	220	1030	0	32501
25150	700	902	154	30710	0	32466
25151	535	30556	150	1262	0	32503
25152	456	1126	169	30120	0	31871
25153	406	31088	215	1180	0	32889
25154	30609	1070	162	409	0	32250
25155	1170	416	181	29806	0	31573
25156	561	29961	168	958	0	31648
25157	524	1010	29538	395	0	31467
25158	29317	439	915	348	0	31019
25159	1153	387	344	29993	0	31877
25160	518	30298	319	1005	0	32140
25161	508	963	171	29213	0	30855
25162	392	28436	170	1026	0	30024
25163	416	31213	180	415	0	32224
25164	30777	1042	175	358	0	32352
25165	31342	467	189	278	0	32276
25166	1244	349	30561	236	0	32390
25167	30865	227	931	210	0	32233
25168	31262	221	393	215	0	32091
25169	1210	29912	374	224	0	31720
25170	685	880	231	30596	0	32392
25171	522	361	213	30989	0	32085
25172	472	347	29254	1079	0	31152
25173	433	274	28775	494	0	29976
25174	29402	212	1026	380	0	31020
25175	30673	143	483	291	0	31590
25176	30640	126	405	247	0	31418
25177	1415	125	29249	236	0	31025
25178	731	144	882	29129	0	30886
25179	29879	134	343	984	0	31340
25180	1034	130	308	29545	0	31017
25181	479	143	28709	1144	0	30475
25182	27755	159	861	483	0	29258
25183	1187	160	29604	402	0	31353
25184	563	28792	955	282	0	30592
25185	30229	837	325	230	0	31621
25186	1104	280	29425	228	0	31037
25187	546	279	843	29022	0	30690
25188	29592	241	316	884	0	31033
25189	996	170	244	29311	0	30721
25190	29685	164	131	1072	0	31052
25191	1050	151	129	29223	0	30553
25192	30172	178	86	1117	0	31553
25193	30764	162	111	497	0	31534
25194	30763	185	112	414	0	31474
25195	30687	159	118	276	0	31240
25196	1282	175	115	29490	0	31062
25197	621	153	28059	831	0	29664
25198	492	156	28300	353	0	29301
25199	313	27297	899	333	0	28842
25200	193	24103	427	152	0	24875
25201	20012	275	681	198	0	21166
25202	173	59	120	18474	0	18826
25203	62	42	18239	162	0	18505
25204	47	33	17828	45	0	17953
25205	24	12	173	18184	0	18393
25206	18543	10	64	147	0	18764
25207	146	17608	48	115	0	17917
25208	19921	135	20	36	0	20112
25209	156	48	20	19432	0	19656
25210	65	29	16	19366	0	19476
25211	50	19	15	19309	0	19393
25212	45	18	19121	186	0	19370
25213	29	30	18401	81	0	18541
25214	29	18048	230	52	0	18359
25215	25	165	63	19936	0	20189
25216	19424	49	32	193	0	19698
25217	206	39	18627	60	0	18932
25218	61	39	19000	147	0	19247
25219	48	17	210	19146	0	19421
25220	36	19	74	20059	0	20188
25221	26	19	54	20094	0	20193
25222	37	28	36	22451	0	22552
25223	22524	14	29	396	0	22963
25224	346	20	28	22600	0	22994
25225	22905	20	24	433	0	23382
25226	442	23	22563	132	0	23160
25227	124	21964	388	112	0	22588
25228	63	345	94	23013	0	23515
25229	83	90	23078	419	0	23670
25230	67	73	23156	158	0	23454
25231	76	23169	458	123	0	23826
25232	49	328	127	22969	0	23473
25233	46	105	73	23730	0	23954
25234	61	59	23367	447	0	23934
25235	22112	46	396	176	0	22730
25236	395	34	127	23483	0	24039
25237	89	53	89	22791	0	23022
25238	77	53	23234	484	0	23848
25239	53	22726	494	222	0	23495
25240	51	26081	151	134	0	26417
25241	27151	627	93	126	0	27997
25242	618	174	102	27446	0	28340
25243	30917	92	110	788	0	31907
25244	945	98	30227	284	0	31554
25245	317	64	816	30666	0	31863
25246	30774	66	271	977	0	32088
25247	31483	57	244	328	0	32112
25248	1082	116	115	31257	0	32570
25249	442	93	30542	1012	0	32089
25250	253	70	31225	383	0	31931
25251	139	90	1155	30666	0	32050
25252	150	136	31021	930	0	32237
25253	29166	91	976	431	0	30664
25254	881	29618	386	394	0	31279
25255	31256	799	303	238	0	32596
25256	31907	256	219	188	0	32570
25257	1152	161	161	31461	0	32935
25258	419	107	184	32403	0	33113
25259	32097	76	176	1191	0	33540
25260	965	144	157	31990	0	33256
25261	393	301	30810	1093	0	32597
25262	337	30800	873	450	0	32460
25263	221	836	324	30747	0	32128
25264	239	296	202	31246	0	31983
25265	236	184	214	31945	0	32579
25266	223	130	29882	1401	0	31636
25267	272	29567	895	669	0	31403
25268	283	826	361	31249	0	32719
25269	231	285	30803	1156	0	32475
25270	201	190	1001	30959	0	32351
25271	31241	131	452	1213	0	33037
25272	978	95	323	32144	0	33540
25273	414	138	31176	1208	0	32936
25274	30591	91	991	576	0	32249
25275	974	30888	457	424	0	32743
25276	442	32349	323	387	0	33501
25277	33169	1004	225	316	0	34714
25278	1073	424	33446	383	0	35326
25279	478	248	980	33113	0	34819
25280	455	161	371	35094	0	36081
25281	317	173	34155	1361	0	36006
25282	240	33929	1049	713	0	35931
25283	287	917	394	33829	0	35427
25284	257	367	34164	1185	0	35973
25285	230	227	1018	34157	0	35632
25286	34459	183	451	1325	0	36418
25287	1014	180	34622	655	0	36471
25288	413	260	1023	34737	0	36433
25289	286	195	413	36078	0	36972
25290	281	154	34751	1433	0	36619
25291	257	166	1073	33498	0	34994
25292	297	33222	471	1376	0	35366
25293	289	927	407	32197	0	33820
25294	240	33806	390	1181	0	35617
25295	34432	998	327	655	0	36412
25296	34094	416	316	532	0	35358
25297	1269	331	33484	511	0	35595
25298	613	274	33667	437	0	34991
25299	441	222	33327	399	0	34389
25300	298	32484	1321	434	0	34537
25301	272	929	594	34398	0	36193
25302	293	363	34667	1133	0	36456
25303	304	305	1110	33625	0	35344
25304	275	220	480	34679	0	35654
25305	287	213	34004	1461	0	35965
25306	287	232	1006	34118	0	35643
25307	291	226	463	34336	0	35316
25308	310	32963	448	1396	0	35117
25309	280	881	319	34566	0	36046
25310	291	328	316	35943	0	36878
25311	229	248	34800	1498	0	36775
25312	204	203	1071	34742	0	36220
25313	179	233	35276	1447	0	37135
25314	157	252	33975	778	0	35162
25315	32899	220	1194	774	0	35087
25316	934	212	553	33407	0	35106
25317	418	34205	467	1150	0	36240
25318	330	35270	380	660	0	36640
25319	209	1301	418	35196	0	37124
25320	231	523	34450	1230	0	36434
25321	266	34553	1117	685	0	36621
25322	203	802	425	34170	0	35600
25323	206	370	35238	973	0	36787
25324	195	36084	819	507	0	37605
25325	38218	837	383	410	0	39848
25326	38656	348	336	339	0	39679
25327	39816	271	236	375	0	40698
25328	1042	191	249	40215	0	41697
25329	394	192	253	40678	0	41517
25330	243	164	197	41161	0	41765
25331	157	147	38731	1409	0	40444
25332	38718	161	965	715	0	40559
25333	928	130	381	39932	0	41371
25334	367	116	39562	1137	0	41182
25335	39012	144	991	584	0	40731
25336	40557	111	424	511	0	41603
25337	1188	300	38345	381	0	40214
25338	39756	112	791	347	0	41006
25339	951	41129	395	369	0	42844
25340	301	597	39607	227	0	40732
25341	37746	215	695	220	0	38876
25342	640	38566	316	219	0	39741
25343	113	359	80	35499	0	36051
25344	55	35202	64	700	0	36021
25345	48	402	60	36890	0	37400
25346	58	114	36318	433	0	36923
25347	32442	69	440	177	0	33128
25348	429	48	35965	101	0	36543
25349	123	34509	496	115	0	35243
25350	66	35779	415	175	0	36435
25351	36382	495	216	64	0	37157
25352	443	148	35995	78	0	36664
25353	110	76	430	35334	0	35950
25354	96	56	36175	456	0	36783
25355	46	36504	448	214	0	37212
25356	61	470	134	34602	0	35267
25357	38	36375	108	335	0	36856
25358	37870	460	62	115	0	38507
25359	38671	123	73	84	0	38951
25360	38514	74	73	93	0	38754
25361	583	60	37801	70	0	38514
25362	174	101	36836	66	0	37177
25363	36948	54	535	76	0	37613
25364	505	76	38771	72	0	39424
25365	157	191	494	36419	0	37261
25366	93	37300	185	372	0	37950
25367	39691	445	93	141	0	40370
25368	39439	123	79	111	0	39752
25369	41468	83	84	81	0	41716
25370	604	52	66	41806	0	42528
25371	192	56	65	42279	0	42592
25372	41971	49	71	639	0	42730
25373	529	40693	83	233	0	41538
25374	41591	491	67	120	0	42269
25375	567	154	68	40896	0	41685
25376	182	90	63	41286	0	41621
25377	40770	57	69	628	0	41524
25378	530	39130	76	238	0	39974
25379	39670	479	56	125	0	40330
25380	568	39623	60	97	0	40348
25381	39705	543	47	65	0	40360
25382	610	157	37	41563	0	42367
25383	42315	99	61	575	0	43050
25384	43981	59	45	195	0	44280
25385	49387	74	36	122	0	49619
25386	1159	50871	71	104	0	52205
25387	370	1036	49972	96	0	51474
25388	50029	281	1131	84	0	51525
25389	52276	132	387	85	0	52880
25390	1342	50918	156	99	0	52515
25391	446	1041	82	52106	0	53675
25392	255	287	69	52881	0	53492
25393	51966	155	89	1330	0	53540
25394	1192	122	67	52508	0	53889
25395	406	108	52170	1246	0	53930
25396	274	120	51264	384	0	52042
25397	52939	94	1276	224	0	54533
25398	1190	82	359	53442	0	55073
25399	391	80	182	54725	0	55378
25400	263	73	123	55983	0	56442
25401	218	86	55645	1520	0	57469
25402	209	62	1141	55274	0	56686
25403	193	86	335	58096	0	58710
25404	168	84	212	59117	0	59581
25405	57297	77	125	1655	0	59154
25406	1341	109	99	58497	0	60046
25407	468	114	59053	1542	0	61177
25408	60339	125	1265	533	0	62262
25409	1595	120	62406	387	0	64508
25410	61108	115	1482	286	0	62991
25411	54670	357	662	342	0	56031
25412	1912	157	227	64292	0	66588
25413	669	63927	190	1647	0	66433
25414	446	1487	161	66348	0	68442
25415	373	669	169	67636	0	68847
25416	294	68405	245	2016	0	70960
25417	68238	1482	210	714	0	70644
25418	1587	67061	251	496	0	69395
25419	69481	1590	156	376	0	71603
25420	69659	469	155	427	0	70710
25421	1968	261	162	68864	0	71255
25422	719	188	160	69514	0	70581
25423	453	159	65498	2142	0	68252
25424	378	186	62401	855	0	63820
25425	61194	119	1707	612	0	63632
25426	64235	113	553	505	0	65406
25427	1874	60782	332	567	0	63555
25428	692	1260	237	61577	0	63766
25429	527	373	63874	1574	0	66348
25430	589	463	1416	64021	0	66489
25431	64550	138	731	1638	0	67057
25432	63520	124	298	639	0	64581
25433	1792	62715	210	501	0	65218
25434	706	1320	156	64152	0	66334
25435	441	472	141	65287	0	66341
25436	364	277	149	65727	0	66517
25437	392	255	60846	1979	0	63472
25438	53358	285	1348	867	0	55858
25439	60256	244	377	573	0	61450
25440	1970	265	60060	468	0	62763
25441	820	59528	1327	472	0	62147
25442	61953	1301	428	461	0	64143
25443	62319	422	332	506	0	63579
25444	1910	275	60448	472	0	63105
25445	843	234	62868	427	0	64372
25446	618	272	1652	61731	0	64273
25447	570	221	62993	1573	0	65357
25448	61388	213	1609	638	0	63848
25449	63790	207	589	490	0	65076
25450	64726	206	430	455	0	65817
25451	2003	193	347	60113	0	62656
25452	879	65047	326	1488	0	67740
25453	68397	1275	293	731	0	70696
25454	67757	471	290	577	0	69095
25455	1985	310	66336	719	0	69350
25456	971	299	64479	535	0	66284
25457	59025	251	1621	613	0	61510
25458	1759	220	620	66805	0	69404
25459	905	231	65551	1637	0	68324
25460	683	64231	1513	779	0	67206
25461	630	1278	668	66447	0	69023
25462	65648	467	495	1572	0	68182
25463	1720	65803	436	721	0	68680
25464	878	1388	421	66019	0	68706
25465	687	64794	433	1591	0	67505
25466	595	67247	442	795	0	69079
25467	638	1550	413	67072	0	69673
25468	571	570	408	67105	0	68654
25469	581	64870	432	1831	0	67714
25470	66029	1397	356	744	0	68526
25471	1829	538	65463	550	0	68380
25472	62848	389	1418	531	0	65186
25473	1865	350	509	67318	0	70042
25474	959	307	379	68286	0	69931
25475	765	285	363	68958	0	70371
25476	657	275	407	68751	0	70090
25477	624	279	68507	1950	0	71360
25478	663	267	1514	67578	0	70022
25479	661	462	643	68722	0	70488
25480	609	71339	467	1881	0	74296
25481	630	1545	71400	905	0	74480
25482	459	73664	1534	808	0	76465
25483	588	1694	74541	647	0	77470
25484	464	75787	1479	605	0	78335
25485	416	1527	820	70467	0	73230
25486	68845	425	267	1158	0	70695
25487	1214	69581	265	851	0	71911
25488	570	1191	244	71607	0	73612
25489	507	520	70103	1451	0	72581
25490	335	71433	1295	671	0	73734
25491	71966	1208	516	441	0	74131
25492	70893	553	472	386	0	72304
25493	1469	71952	405	399	0	74225
25494	778	1290	70472	325	0	72865
25495	66795	561	1261	421	0	69038
25496	1352	382	548	74183	0	76465
25497	72770	335	361	1450	0	74916
25498	1485	73309	338	770	0	75902
25499	641	75625	298	557	0	77121
25500	488	1735	73150	488	0	75861
25501	71115	730	1274	452	0	73571
25502	1518	637	526	75329	0	78010
25503	75641	344	338	1339	0	77662
25504	1442	75431	289	608	0	77770
25505	76728	1405	288	358	0	78779
25506	75145	618	371	322	0	76456
25507	1925	461	75902	297	0	78585
25508	757	73590	1103	297	0	75747
25509	523	76105	498	286	0	77412
25510	384	1941	325	71609	0	74259
25511	321	73481	241	945	0	74988
25512	73000	1260	213	409	0	74882
25513	1148	72990	201	316	0	74655
25514	534	1342	155	71105	0	73136
25515	400	69416	140	926	0	70882
25516	339	68080	204	406	0	69029
25517	380	70954	163	252	0	71749
25518	369	1289	242	71580	0	73480
25519	374	586	147	71522	0	72629
25520	303	487	140	70750	0	71680
25521	330	68464	192	1268	0	70254
25522	321	1140	67930	550	0	69941
25523	345	662	67954	328	0	69289
25524	66153	480	1141	308	0	68082
25525	1090	499	432	69211	0	71232
25526	539	481	70758	1057	0	72835
25527	453	561	70208	463	0	71685
25528	322	71636	1147	389	0	73494
25529	309	1269	452	70616	0	72646
25530	231	715	241	73415	0	74602
25531	73128	584	188	1373	0	75273
25532	1010	482	179	72054	0	73725
25533	473	487	163	73159	0	74282
25534	400	389	74159	1511	0	76459
25535	289	479	1016	71141	0	72925
25536	265	433	470	76474	0	77642
25537	281	432	77257	1476	0	79446
25538	295	383	77172	721	0	78571
25539	217	74984	1347	586	0	77134
25540	343	1201	76562	447	0	78553
25541	235	643	1219	73315	0	75412
25542	302	639	741	66431	0	68113
25543	407	441	76791	1481	0	79120
25544	279	74089	1161	871	0	76400
25545	73242	1194	573	656	0	75665
25546	991	74378	484	613	0	76466
25547	490	1251	386	76323	0	78450
25548	341	703	376	76530	0	77950
25549	263	75340	477	1592	0	77672
25550	234	1257	493	76859	0	78843
25551	251	718	423	77114	0	78506
25552	341	516	72046	1710	0	74613
25553	262	69901	1191	1083	0	72437
25554	237	1326	643	73122	0	75328
25555	320	701	72162	1488	0	74671
25556	298	588	1246	70901	0	73033
25557	318	539	631	71626	0	73114
25558	306	492	495	74333	0	75626
25559	316	515	458	73893	0	75182
25560	298	575	383	72299	0	73555
25561	361	72112	412	1694	0	74579
25562	72357	1231	411	996	0	74995
25563	1114	715	71362	881	0	74072
25564	61385	550	1252	825	0	64012
25565	1181	561	74267	690	0	76699
25566	511	75566	1323	766	0	78166
25567	491	1417	76595	635	0	79138
25568	297	75962	1406	796	0	78461
25569	318	1402	705	74240	0	76665
25570	281	703	491	74710	0	76185
25571	310	75790	406	1731	0	78237
25572	265	79579	363	1098	0	81305
25573	80766	1601	375	842	0	83584
25574	81447	793	369	715	0	83324
25575	81210	585	368	678	0	82841
25576	82200	502	367	653	0	83722
25577	1544	549	415	80181	0	82689
25578	675	79782	340	1495	0	82292
25579	81538	1348	368	838	0	84092
25580	1084	633	305	78163	0	80185
25581	74812	437	324	1282	0	76855
25582	70581	370	263	695	0	71909
25583	1198	69818	290	463	0	71769
25584	428	68711	197	326	0	69662
25585	270	72842	229	255	0	73596
25586	146	1330	298	70239	0	72013
25587	102	71585	140	902	0	72729
25588	73933	706	173	331	0	75143
25589	75351	312	81	260	0	76004
25590	75130	201	93	208	0	75632
25591	76807	152	95	201	0	77255
25592	77776	150	91	211	0	78228
25593	1280	190	79557	169	0	81196
25594	80086	125	1153	188	0	81552
25595	1457	133	81673	165	0	83428
25596	79578	102	1249	116	0	81045
25597	1359	116	404	79784	0	81663
25598	564	134	81623	1113	0	83434
25599	413	151	81330	376	0	82270
25600	227	84954	1368	321	0	86870
25601	87413	1518	445	132	0	89508
25602	90311	379	499	98	0	91287
25603	2094	100734	177	130	0	103135
25604	777	2086	106	116919	0	119888
25605	124817	674	110	2918	0	128519
25606	3443	608	123245	1141	0	128437
25607	1187	123627	3024	627	0	128465
25608	122683	3238	1048	366	0	127335
25609	3418	123326	639	324	0	127707
25610	1400	3771	411	117670	0	123252
25611	862	124281	351	2831	0	128325
25612	612	4099	201	120546	0	125458
25613	547	120735	287	3375	0	124944
25614	373	127254	236	1258	0	129121
25615	123587	4505	161	829	0	129082
25616	125364	1900	203	573	0	128040
25617	4498	1260	122878	453	0	129089
25618	1954	939	121035	387	0	124315
25619	1368	840	123992	281	0	126481
25620	950	624	4708	120789	0	127071
25621	840	693	124785	3411	0	129729
25622	568	710	4250	120875	0	126403
25623	547	676	1775	123743	0	126741
25624	524	121946	1173	4619	0	128262
25625	123497	3751	748	2027	0	130023
25626	3510	123116	641	1364	0	128631
25627	1520	4144	546	126977	0	133187
25628	1158	1850	500	128152	0	131660
25629	931	1286	603	129019	0	131839
25630	990	972	124079	5230	0	131271
25631	780	762	3688	124845	0	130075
25632	664	827	1594	127650	0	130735
25633	638	671	1098	131249	0	133656
25634	661	864	121219	5818	0	128562
25635	568	121434	3599	2930	0	128531
25636	121655	3896	1407	2055	0	129013
25637	118688	1734	942	1674	0	123038
25638	4413	121354	791	1377	0	127935
25639	2106	4155	671	122279	0	129211
25640	1493	1877	697	126756	0	130823
25641	1254	1410	119126	5236	0	127026
25642	883	117847	3837	2877	0	125444
25643	723	3961	1611	124419	0	130714
25644	753	1708	123013	4878	0	130352
25645	683	1284	4046	121750	0	127763
25646	671	1098	1752	124187	0	127708
25647	828	1079	121576	6049	0	129532
25648	836	973	3969	121425	0	127203
25649	852	1012	1821	123998	0	127683
25650	972	950	122612	5841	0	130375
25651	812	866	4104	123688	0	129470
25652	726	775	1957	123830	0	127288
25653	556	803	1490	128780	0	131629
25654	541	742	122070	6683	0	130036
25655	511	681	4286	124497	0	129975
25656	121079	711	1921	5994	0	129705
25657	122260	716	1436	3273	0	127685
25658	4613	119409	1254	2629	0	127905
25659	124504	3772	1102	2107	0	131485
25660	4726	1672	123570	1978	0	131946
25661	2149	1301	3998	125385	0	132833
25662	1497	946	1937	126102	0	130482
25663	997	842	1401	131723	0	134963
25664	124264	729	1130	6429	0	132552
25665	3735	121972	1152	3779	0	130638
25666	1426	3668	909	118074	0	124077
25667	1155	119066	866	5172	0	126259
25668	118895	4185	893	2979	0	126952
25669	3811	119480	856	2288	0	126435
25670	119691	4448	760	1928	0	126827
25671	4312	116794	811	1916	0	123833
25672	1937	118391	808	2065	0	123201
25673	1419	5028	962	117175	0	124584
25674	1063	2184	883	119578	0	123708
25675	934	1600	769	119193	0	122496
25676	785	1249	749	120696	0	123479
25677	820	1336	112696	6495	0	121347
25678	842	112025	3546	3673	0	120086
25679	803	4009	1441	111098	0	117351
25680	879	112426	1150	4850	0	119305
25681	896	4456	110533	2619	0	118504
25682	838	2063	3611	110347	0	116859
25683	763	1688	1570	118132	0	122153
25684	865	1286	111709	5682	0	119542
25685	636	107620	3919	3412	0	115587
25686	550	3853	1707	110860	0	116970
25687	814	1638	106928	5339	0	114719
25688	475	106108	3932	3319	0	113834
25689	566	3791	1711	106786	0	112854
25690	586	1946	103932	4980	0	111444
25691	679	1530	102349	2694	0	107252
25692	521	99613	4256	2191	0	106581
25693	634	105336	1751	1716	0	109437
25694	482	4523	1264	107490	0	113759
25695	510	2144	1042	115487	0	119183
25696	462	1531	109785	5795	0	117573
25697	103840	1239	3819	3253	0	112151
25698	107553	1028	1865	2414	0	112860
25699	4877	1184	103757	1985	0	111803
25700	2029	98554	3806	1710	0	106099
25701	1259	100947	1805	1500	0	105511
25702	837	95591	1164	1354	0	98946
25703	1104	83536	1008	1054	0	86702
25704	1916	3893	1479	74401	0	81689
25705	144	847	169	83389	0	84549
25706	115	514	111	84352	0	85092
25707	118	362	102	86429	0	87011
25708	106	83017	149	4694	0	87966
25709	136	2938	140	86512	0	89726
25710	132	84211	171	3898	0	88412
25711	132	3420	130	87655	0	91337
25712	84659	1494	138	4013	0	90304
25713	2947	965	131	86796	0	90839
25714	1309	83224	216	4081	0	88830
25715	806	3041	137	88015	0	91999
25716	475	1406	152	90776	0	92809
25717	343	961	154	91938	0	93396
25718	85955	717	136	6026	0	92834
25719	3100	825	119	90533	0	94577
25720	1423	933	81445	5154	0	88955
25721	782	86138	2752	2986	0	92658
25722	547	3657	1190	92115	0	97509
25723	620	1771	619	95833	0	98843
25724	496	1238	328	97995	0	100057
25725	92112	977	259	6840	0	100188
25726	3774	1037	86116	3796	0	94723
25727	1692	758	3196	87392	0	93038
25728	1018	87070	1664	5405	0	95157
25729	746	3906	690	91645	0	96987
25730	83407	1860	420	6063	0	91750
25731	3446	85866	465	3722	0	93499
25732	1691	4392	357	87805	0	94245
25733	972	2300	236	90083	0	93591
25734	600	83995	300	7330	0	92225
25735	765	4141	270	89387	0	94563
25736	689	2239	325	92214	0	95467
25737	813	1668	79520	7290	0	89291
25738	535	83008	3501	4721	0	91765
25739	84901	4370	1486	3527	0	94284
25740	4136	2303	83093	3073	0	92605
25741	84662	1500	3841	3022	0	93025
25742	4875	1330	83056	2926	0	92187
25743	2359	1177	4342	85988	0	93866
25744	84362	1090	1944	6410	0	93806
25745	4353	1264	1300	87411	0	94328
25746	86159	1225	766	6875	0	95025
25747	87634	1094	705	4644	0	94077
25748	86679	1155	763	3964	0	92561
25749	6399	82994	898	2872	0	93163
25750	3377	4314	662	84710	0	93063
25751	2161	2444	882	87951	0	93438
25752	1543	1609	871	89545	0	93568
25753	1752	1235	80002	7995	0	90984
25754	1348	1199	4196	86315	0	93058
25755	83506	961	2103	7133	0	93703
25756	87229	1148	1373	4406	0	94156
25757	6302	1119	81136	3492	0	92049
25758	85456	1039	4186	2949	0	93630
25759	87538	1218	2067	2665	0	93488
25760	6835	1072	1542	80860	0	90309
25761	80751	1116	1020	6387	0	89274
25762	82835	1081	998	4122	0	89036
25763	6824	1074	1085	80654	0	89637
25764	80872	877	1028	6472	0	89249
25765	82173	949	1254	4054	0	88430
25766	7243	1074	955	80154	0	89426
25767	4761	947	69973	6154	0	81835
25768	77130	930	4119	4002	0	86181
25769	6355	880	76393	3147	0	86775
25770	4257	746	76201	2860	0	84064
25771	3309	74209	5560	2924	0	86002
25772	2981	4014	2844	75471	0	85310
25773	2918	1930	1623	79247	0	85718
25774	2804	1237	1203	80917	0	86161
25775	2942	1009	73597	7843	0	85391
25776	3068	841	73594	4640	0	82143
25777	2617	74249	5468	3700	0	86034
25778	2701	3987	2957	73264	0	82909
25779	2845	1834	1965	78139	0	84783
25780	2539	1148	1710	81217	0	86614
25781	2789	818	72913	7615	0	84135
25782	2591	72734	4653	4759	0	84737
25783	2524	3856	2426	75479	0	84285
25784	2856	1885	74448	6103	0	85292
25785	2594	1198	75492	4081	0	83365
25786	75464	908	6057	3299	0	85728
25787	77007	842	3485	2682	0	84016
25788	79560	846	2273	2828	0	85507
25789	7289	826	1672	73790	0	83577
25790	4359	739	71025	5922	0	82045
25791	2966	71209	4607	4288	0	83070
25792	2490	75764	2939	3353	0	84546
25793	2486	4417	65178	2445	0	74526
25794	2166	2498	4846	59958	0	69468
25795	1759	1706	2713	56564	0	62742
25796	1864	52103	1961	4874	0	60802
25797	1725	57071	1520	3245	0	63561
25798	56012	3623	1614	2250	0	63499
25799	58459	1916	1463	1944	0	63782
25800	59848	1246	1373	2083	0	64550
25801	59405	917	1381	2072	0	63775
25802	55588	1184	1205	1893	0	59870
25803	5063	52126	1441	1879	0	60509
25804	1858	40345	1176	1339	0	44718
25805	1079	32788	673	845	0	35385
25806	29218	1568	1502	826	0	33114
25807	2117	893	574	26858	0	30442
25808	933	287	444	26843	0	28507
25809	25554	241	458	1501	0	27754
25810	1272	25100	449	856	0	27677
25811	774	954	439	26129	0	28296
25812	626	471	478	26725	0	28300
25813	551	322	466	26529	0	27868
25814	25030	244	381	1573	0	27228
25815	1278	248	367	25907	0	27800
25816	738	281	23973	1282	0	26274
25817	23644	274	911	675	0	25504
25818	1200	241	438	23653	0	25532
25819	716	199	22616	1047	0	24578
25820	494	21886	985	632	0	23997
25821	306	20250	319	302	0	21177
25822	18405	585	834	280	0	20104
25823	18047	175	186	139	0	18547
25824	574	18061	91	109	0	18835
25825	195	375	46	19699	0	20315
25826	20686	120	142	594	0	21542
25827	587	68	49	22459	0	23163
25828	217	54	45	23716	0	24032
25829	119	40	74	23912	0	24145
25830	104	46	81	23621	0	23852
25831	84	22462	81	1004	0	23631
25832	70	578	65	23517	0	24230
25833	73	203	50	23737	0	24063
25834	77	133	51	23948	0	24209
25835	61	126	21848	1029	0	23064
25836	48	21673	611	563	0	22895
25837	72	623	208	23060	0	23963
25838	91	230	22101	866	0	23288
25839	151	180	21003	399	0	21733
25840	117	21542	769	346	0	22774
25841	22089	662	324	348	0	23423
25842	617	261	184	22844	0	23906
25843	22563	178	131	933	0	23805
25844	702	22083	111	489	0	23385
25845	291	766	74	22885	0	24016
25846	21543	284	75	989	0	22891
25847	22011	192	92	535	0	22830
25848	888	162	103	21690	0	22843
25849	388	160	124	21772	0	22444
25850	322	177	20662	1183	0	22344
25851	196	129	693	21381	0	22399
25852	210	142	369	22414	0	23135
25853	20944	159	251	1234	0	22588
25854	739	20693	142	741	0	22315
25855	361	708	19773	574	0	21416
25856	19314	263	616	523	0	20716
25857	801	19815	254	359	0	21229
25858	342	772	178	20280	0	21572
25859	19840	322	197	921	0	21280
25860	824	239	159	19953	0	21175
25861	393	173	183	20454	0	21203
25862	268	212	19233	1145	0	20858
25863	217	115	684	20199	0	21215
25864	19885	144	342	1089	0	21460
25865	753	116	222	20442	0	21533
25866	19787	179	134	1129	0	21229
25867	979	19063	133	554	0	20729
25868	451	19973	141	508	0	21073
25869	423	812	162	19823	0	21220
25870	346	465	104	19960	0	20875
25871	18744	325	111	1174	0	20354
25872	770	18567	106	775	0	20218
25873	19302	700	111	644	0	20757
25874	19601	304	134	613	0	20652
25875	956	255	137	19262	0	20610
25876	19298	193	233	963	0	20687
25877	1060	197	17958	569	0	19784
25878	567	205	666	18545	0	19983
25879	486	163	18421	1008	0	20078
25880	416	260	732	18839	0	20247
25881	18413	290	365	1056	0	20124
25882	18878	200	218	723	0	20019
25883	975	18505	191	638	0	20309
25884	537	732	134	18963	0	20366
25885	517	372	109	19179	0	20177
25886	423	18583	139	1184	0	20329
25887	463	788	74	19704	0	21029
25888	379	400	126	19538	0	20443
25889	286	18310	104	1340	0	20040
25890	18152	813	134	695	0	19794
25891	18202	394	175	680	0	19451
25892	1027	280	164	18015	0	19486
25893	518	267	175	18582	0	19542
25894	510	241	17043	1228	0	19022
25895	540	186	644	17318	0	18688
25896	409	17063	291	1126	0	18889
25897	17710	758	187	651	0	19306
25898	857	420	172	17774	0	19223
25899	447	292	165	17925	0	18829
25900	16567	277	159	1253	0	18256
25901	832	16169	164	983	0	18148
25902	528	757	101	17151	0	18537
25903	462	412	172	17064	0	18110
25904	478	16338	81	1291	0	18188
25905	16926	794	161	712	0	18593
25906	885	393	16102	739	0	18119
25907	463	337	16596	599	0	17995
25908	358	242	896	17035	0	18531
25909	273	327	16664	1076	0	18340
25910	16322	297	789	648	0	18056
25911	895	177	345	16951	0	18368
25912	527	214	16476	1096	0	18313
25913	450	229	16236	680	0	17595
25914	437	16173	831	534	0	17975
25915	16063	758	381	441	0	17643
25916	783	16019	267	513	0	17582
25917	15733	748	188	401	0	17070
25918	15622	399	200	373	0	16594
25919	810	14860	182	435	0	16287
25920	15327	647	254	329	0	16557
25921	15152	284	200	368	0	16004
25922	938	281	14054	344	0	15617
25923	583	675	539	13243	0	15040
25924	389	12451	236	700	0	13776
25925	191	11487	191	386	0	12255
25926	414	924	166	9590	0	11094
25927	8743	83	94	524	0	9444
25928	196	56	19	8117	0	8388
25929	82	36	28	8593	0	8739
25930	56	26	19	8927	0	9028
25931	56	9537	15	334	0	9942
25932	63	287	16	11351	0	11717
25933	42	107	11871	451	0	12471
25934	11910	68	418	142	0	12538
25935	13017	34	109	104	0	13264
25936	595	12356	58	70	0	13079
25937	12620	471	24	37	0	13152
25938	543	119	15	13094	0	13771
25939	157	91	12483	515	0	13246
25940	12405	39	457	155	0	13056
25941	520	12825	120	95	0	13560
25942	148	472	43	12972	0	13635
25943	12897	135	27	501	0	13560
25944	473	12514	33	163	0	13183
25945	143	13143	32	106	0	13424
25946	13137	591	27	57	0	13812
25947	544	185	12512	50	0	13291
25948	12774	79	459	38	0	13350
25949	534	64	130	12714	0	13442
25950	183	45	59	13283	0	13570
25951	112	53	12571	609	0	13345
25952	98	56	12907	182	0	13243
25953	88	40	579	12926	0	13633
25954	77	57	12701	537	0	13372
25955	102	42	12656	181	0	12981
25956	94	53	598	12197	0	12942
25957	75	54	190	13031	0	13350
25958	12759	46	103	629	0	13537
25959	537	52	77	12937	0	13603
25960	12902	44	78	589	0	13613
25961	573	12575	74	228	0	13450
25962	199	517	73	13031	0	13820
25963	128	172	12648	558	0	13506
25964	12628	101	478	202	0	13409
25965	13506	69	186	137	0	13898
25966	13655	66	91	94	0	13906
25967	13538	59	76	95	0	13768
25968	13527	54	76	92	0	13749
25969	722	54	71	12856	0	13703
25970	267	38	12501	576	0	13382
25971	181	36	12608	225	0	13050
25972	116	36	12641	137	0	12930
25973	12215	38	639	112	0	13004
25974	12968	36	228	119	0	13351
25975	651	32	147	11849	0	12679
25976	242	12395	120	495	0	13252
25977	147	469	88	13028	0	13732
25978	131	132	12669	602	0	13534
25979	136	86	12547	220	0	12989
25980	12372	47	674	144	0	13237
25981	617	44	12993	125	0	13779
25982	228	49	519	12979	0	13775
25983	13572	42	191	539	0	14344
25984	13277	54	137	216	0	13684
25985	13834	39	109	145	0	14127
25986	13948	30	119	83	0	14180
25987	792	37	12789	94	0	13712
25988	12764	42	524	107	0	13437
25989	666	12817	188	102	0	13773
25990	282	471	132	13204	0	14089
25991	221	163	13218	533	0	14135
25992	196	76	546	13271	0	14089
25993	193	58	13615	596	0	14462
25994	167	75	587	13701	0	14530
25995	178	63	226	14384	0	14851
25996	174	123	13546	707	0	14550
25997	167	68	540	13712	0	14487
25998	13972	47	234	642	0	14895
25999	596	71	173	14145	0	14985
26000	244	58	149	14632	0	15083
26001	14050	57	132	719	0	14958
26002	612	13742	148	315	0	14817
26003	14032	501	116	199	0	14848
26004	631	14093	123	151	0	14998
26005	14731	538	112	174	0	15555
26006	693	181	14386	144	0	15404
26007	310	108	532	14214	0	15164
26008	217	85	203	14833	0	15338
26009	14308	69	161	703	0	15241
26010	577	13992	153	318	0	15040
26011	264	497	132	14519	0	15412
26012	177	164	140	14644	0	15125
26013	146	13968	137	733	0	14984
26014	13916	484	144	330	0	14874
26015	508	14102	127	258	0	14995
26016	242	503	125	14069	0	14939
26017	173	166	105	14077	0	14521
26018	153	13721	98	668	0	14640
26019	13915	493	106	295	0	14809
26020	612	189	13523	245	0	14569
26021	13450	112	498	175	0	14235
26022	603	13454	181	178	0	14416
26023	272	476	110	13898	0	14756
26024	14081	165	81	566	0	14893
26025	582	128	89	13911	0	14710
26026	285	126	81	14290	0	14782
26027	13703	68	91	645	0	14507
26028	581	13133	103	285	0	14102
26029	234	13594	71	211	0	14110
26030	13415	447	78	156	0	14096
26031	530	146	12403	128	0	13207
26032	176	11147	305	93	0	11721
26033	199	333	60	10222	0	10814
26034	57	62	11145	168	0	11432
26035	27	21	201	10728	0	10977
26036	11127	19	77	232	0	11455
26037	203	11126	37	120	0	11486
26038	74	195	28	10639	0	10936
26039	41	11190	18	164	0	11413
26040	11500	200	19	65	0	11784
26041	11473	79	12	49	0	11613
26042	262	11911	23	49	0	12245
26043	106	195	10	12223	0	12534
26044	58	12210	15	217	0	12500
26045	12707	237	9	79	0	13032
26046	13215	98	21	50	0	13384
26047	317	68	19	13024	0	13428
26048	150	32	12	13341	0	13535
26049	115	46	12738	330	0	13229
26050	11794	32	248	165	0	12239
26051	283	46	12831	105	0	13265
26052	122	28	274	12643	0	13067
26053	12915	30	103	274	0	13322
26054	289	12956	67	124	0	13436
26055	13244	263	45	95	0	13647
26056	321	116	12997	65	0	13499
26057	12272	86	245	46	0	12649
26058	333	13352	99	44	0	13828
26059	13688	263	64	51	0	14066
26060	326	14374	36	64	0	14800
26061	126	311	45	14415	0	14897
26062	114	125	14162	292	0	14693
26063	96	101	13637	106	0	13940
26064	60	73	323	13685	0	14141
26065	80	42	14221	313	0	14656
26066	66	59	299	13842	0	14266
26067	69	50	124	13796	0	14039
26068	64	40	14458	370	0	14932
26069	11699	48	313	195	0	12255
26070	14414	40	119	128	0	14701
26071	352	14065	88	76	0	14581
26072	14602	257	54	53	0	14966
26073	341	110	36	14576	0	15063
26074	154	84	15804	290	0	16332
26075	115	52	262	15613	0	16042
26076	76	47	116	16398	0	16637
26077	16037	35	83	368	0	16523
26078	272	15467	68	177	0	15984
26079	129	15959	41	141	0	16270
26080	95	313	50	16163	0	16621
26081	68	154	87	16476	0	16785
26082	79	16388	37	335	0	16839
26083	49	253	40	16865	0	17207
26084	63	117	42	16798	0	17020
26085	53	16441	41	349	0	16884
26086	16538	241	37	183	0	16999
26087	244	112	38	16501	0	16895
26088	118	16891	36	310	0	17355
26089	108	244	34	17315	0	17701
26090	17114	112	41	323	0	17590
26091	269	16524	25	166	0	16984
26092	17207	283	32	121	0	17643
26093	17156	134	18	106	0	17414
26094	371	115	16	17797	0	18299
26095	19498	79	31	298	0	19906
26096	19637	62	28	166	0	19893
26097	19532	55	26	156	0	19769
26098	19586	65	34	86	0	19771
26099	443	45	28	19534	0	20050
26100	209	64	24	20302	0	20599
26101	143	56	20211	401	0	20811
26102	118	44	241	19928	0	20331
26103	98	68	107	20725	0	20998
26104	113	61	20260	438	0	20872
26105	18856	44	300	232	0	19432
26106	380	51	116	20938	0	21485
26107	200	60	21052	405	0	21717
26108	18796	49	390	220	0	19455
26109	454	53	22335	208	0	23050
26110	211	22842	464	162	0	23679
26111	170	24609	193	105	0	25077
26112	103	565	112	26045	0	26825
26113	109	226	28975	619	0	29929
26114	28098	131	565	248	0	29042
26115	30944	63	206	191	0	31404
26116	814	58	30630	138	0	31640
26117	29890	54	615	97	0	30656
26118	32171	49	230	96	0	32546
26119	790	31056	169	97	0	32112
26120	32149	571	93	93	0	32906
26121	737	198	87	31697	0	32719
26122	306	149	31707	614	0	32776
26123	206	109	568	31707	0	32590
26124	130	32563	234	627	0	33554
26125	113	33900	163	252	0	34428
26126	34119	724	98	153	0	35094
26127	34064	302	92	123	0	34581
26128	33119	188	110	99	0	33516
26129	897	113	97	33277	0	34384
26130	396	96	94	33414	0	34000
26131	274	32808	93	734	0	33909
26132	33563	627	91	331	0	34612
26133	699	33689	103	258	0	34749
26134	32892	588	100	103	0	33683
26135	668	32298	89	98	0	33153
26136	32741	574	70	87	0	33472
26137	33698	217	77	81	0	34073
26138	737	166	69	32689	0	33661
26139	381	32816	90	495	0	33782
26140	301	543	31170	201	0	32215
26141	28802	238	465	174	0	29679
26142	558	31568	165	198	0	32489
26143	277	476	32240	96	0	33089
26144	202	238	33223	96	0	33759
26145	177	302	506	30746	0	31731
26146	158	151	157	31013	0	31479
26147	163	32529	106	522	0	33320
26148	34691	474	40	219	0	35424
26149	554	210	29	34197	0	34990
26150	254	35589	68	464	0	36375
26151	220	38099	78	196	0	38593
26152	205	596	37161	111	0	38073
26153	195	302	37106	80	0	37683
26154	36447	171	527	83	0	37228
26155	558	129	38448	98	0	39233
26156	237	153	489	36855	0	37734
26157	210	110	189	38747	0	39256
26158	187	122	38988	577	0	39874
26159	161	130	461	36956	0	37708
26160	137	154	205	37471	0	37967
26161	37209	112	162	596	0	38079
26162	38601	111	138	238	0	39088
26163	604	111	131	38466	0	39312
26164	266	37216	142	516	0	38140
26165	166	39345	152	240	0	39903
26166	40315	534	131	189	0	41169
26167	543	278	39515	149	0	40485
26168	250	194	489	39341	0	40274
26169	41208	143	221	520	0	42092
26170	41015	133	179	256	0	41583
26171	658	122	149	40835	0	41764
26172	321	153	40760	541	0	41775
26173	240	209	37453	258	0	38160
26174	36055	125	645	215	0	37040
26175	39962	104	287	175	0	40528
26176	672	38778	239	208	0	39897
26177	319	40409	213	219	0	41160
26178	43872	572	179	192	0	44815
26179	44433	242	141	208	0	45024
26180	716	173	142	44261	0	45292
26181	395	157	107	44937	0	45596
26182	338	131	100	45843	0	46412
26183	45431	128	165	702	0	46426
26184	686	138	112	45557	0	46493
26185	379	188	45922	625	0	47114
26186	44912	178	540	263	0	45893
26187	705	151	206	46959	0	48021
26188	399	150	46454	584	0	47587
26189	43206	173	522	277	0	44178
26190	45186	155	234	236	0	45811
26191	684	46664	181	239	0	47768
26192	375	47469	186	198	0	48228
26193	329	601	46616	206	0	47752
26194	42846	284	457	195	0	43782
26195	632	46311	205	214	0	47362
26196	434	577	45628	184	0	46823
26197	41337	286	476	205	0	42304
26198	658	48027	224	537	0	49446
26199	358	552	48356	228	0	49494
26200	44369	259	493	231	0	45352
26201	645	48184	219	195	0	49243
26202	288	490	140	49264	0	50182
26203	49562	197	116	581	0	50456
26204	606	48488	144	280	0	49518
26205	251	413	128	48996	0	49788
26206	48765	143	137	519	0	49564
26207	585	122	48551	243	0	49501
26208	283	47480	439	179	0	48381
26209	250	395	47102	166	0	47913
26210	80	151	301	45828	0	46360
26211	110	91	45946	301	0	46448
26212	60	42831	293	155	0	43339
26213	39	41055	76	58	0	41228
26214	127	263	54	41001	0	41445
26215	21	68	18	38523	0	38630
26216	18	32	17	40163	0	40230
26217	41	30	41545	214	0	41830
26218	19	22	202	40926	0	41169
26219	41628	22	96	245	0	41991
26220	39474	21	55	79	0	39629
26221	321	32	42680	57	0	43090
26222	72	41474	237	66	0	41849
26223	42833	219	63	30	0	43145
26224	235	41071	55	49	0	41410
26225	42515	244	30	39	0	42828
26226	42154	75	37	36	0	42302
26227	307	59	41564	23	0	41953
26228	102	41714	246	53	0	42115
26229	46	224	65	44156	0	44491
26230	64	76	43760	259	0	44159
26231	41080	47	261	54	0	41442
26232	274	31	60	43714	0	44079
26233	94	50	43149	256	0	43549
26234	40886	34	276	87	0	41283
26235	362	43	44431	47	0	44883
26236	91	34	310	43832	0	44267
26237	46552	20	80	333	0	46985
26238	313	46702	82	132	0	47229
26239	127	332	49143	55	0	49657
26240	47101	76	335	46	0	47558
26241	53382	46	95	43	0	53566
26242	591	54599	109	134	0	55433
26243	200	546	34	56622	0	57402
26244	124	152	39	56341	0	56656
26245	55914	94	54	702	0	56764
26246	616	56	44	55552	0	56268
26247	215	66	56045	703	0	57029
26248	133	55	575	54929	0	55692
26249	55839	34	168	739	0	56780
26250	644	52519	146	329	0	53638
26251	209	652	59	51805	0	52725
26252	126	52114	69	650	0	52959
26253	53965	753	53	216	0	54987
26254	745	220	40	58116	0	59121
26255	239	125	57	59783	0	60204
26256	131	58742	59	1528	0	60460
26257	153	1244	57529	482	0	59408
26258	95	380	1180	56968	0	58623
26259	92	197	348	59405	0	60042
26260	95	141	173	59634	0	60043
26261	72	57103	158	1622	0	58955
26262	121	1180	57663	568	0	59532
26263	134	428	59759	316	0	60637
26264	58269	211	1530	256	0	60266
26265	60899	117	510	202	0	61728
26266	1646	126	61309	190	0	63271
26267	59218	88	1360	185	0	60851
26268	1555	120	62340	196	0	64211
26269	59250	100	1475	215	0	61040
26270	1502	61193	739	200	0	63634
26271	63812	1298	357	176	0	65643
26272	1667	421	63980	220	0	66288
26273	602	287	65020	215	0	66124
26274	352	196	1750	69786	0	72084
26275	74323	144	629	2096	0	77192
26276	2142	77738	483	800	0	81163
26277	859	2467	89497	359	0	93182
26278	491	707	3361	89502	0	94061
26279	322	335	1038	95563	0	97258
26280	93132	236	515	4242	0	98125
26281	94408	168	335	1349	0	96260
26282	4461	233	256	92582	0	97532
26283	94367	195	253	3790	0	98605
26284	4147	224	89861	1206	0	95438
26285	1441	162	3429	89896	0	94928
26286	682	153	1060	95751	0	97646
26287	92132	119	525	4589	0	97365
26288	93595	159	359	1558	0	95671
26289	4572	201	295	91826	0	96894
26290	92097	163	334	3944	0	96538
26291	4236	215	87549	1405	0	93405
26292	1463	87680	3464	887	0	93494
26293	1111	3372	89440	608	0	94531
26294	707	1106	3888	90337	0	96038
26295	89592	420	1221	3992	0	95225
26296	3893	87639	703	1454	0	93689
26297	1366	3665	526	89025	0	94582
26298	783	1118	445	88958	0	91304
26299	615	84877	494	4886	0	90872
26300	646	3627	527	89175	0	93975
26301	655	1300	435	90961	0	93351
26302	738	506	442	91685	0	93371
26303	943	339	390	91453	0	93125
26304	887	363	413	90794	0	92457
26305	869	83767	435	5708	0	90779
26306	903	3458	489	88500	0	93350
26307	763	1081	566	90579	0	92989
26308	879	626	81592	5703	0	88800
26309	755	82574	3634	2518	0	89481
26310	921	3907	1080	85785	0	91693
26311	911	1188	717	87589	0	90405
26312	882	678	593	87620	0	89773
26313	928	81789	654	5613	0	88984
26314	898	3634	81736	2547	0	88815
26315	879	1376	3725	85858	0	91838
26316	790	809	83768	4888	0	90255
26317	842	660	84076	2497	0	88075
26318	791	572	4689	84911	0	90963
26319	86107	612	1692	5009	0	93420
26320	4021	494	790	86782	0	92087
26321	1502	561	617	86715	0	89395
26322	936	84475	495	5760	0	91666
26323	811	3611	416	89327	0	94165
26324	672	1302	482	91800	0	94256
26325	672	733	87014	6237	0	94656
26326	552	86978	3675	3090	0	94295
26327	514	3785	1368	91538	0	97205
26328	87484	1521	844	5190	0	95039
26329	3834	923	86574	2670	0	94001
26330	1331	740	3766	88488	0	94325
26331	766	655	1448	92706	0	95575
26332	87979	785	828	5897	0	95489
26333	3731	86683	744	3185	0	94343
26334	86581	3834	499	2477	0	93391
26335	3834	86289	527	2235	0	92885
26336	1343	4152	574	87729	0	93798
26337	84366	1522	709	5249	0	91846
26338	3900	938	81560	2801	0	89199
26339	1444	79919	3912	2131	0	87406
26340	853	84220	1609	2045	0	88727
26341	76371	4309	1156	1867	0	83703
26342	3729	1546	797	73999	0	80071
26343	1407	72398	624	4831	0	79260
26344	965	77616	542	2674	0	81797
26345	730	4507	625	76773	0	82635
26346	723	1711	436	79927	0	82797
26347	74409	1029	561	5627	0	81626
26348	3590	73374	763	2760	0	80487
26349	1349	3766	760	75736	0	81611
26350	1028	1450	72166	4673	0	79317
26351	972	73495	3619	2481	0	80567
26352	854	3570	71464	1908	0	77796
26353	887	71524	3582	1775	0	77768
26354	1054	3270	1976	68344	0	74644
26355	858	1301	496	67871	0	70526
26356	757	65713	494	4117	0	71081
26357	875	3100	65234	1946	0	71155
26358	64724	1560	2699	1520	0	70503
26359	2924	1073	1022	68196	0	73215
26360	1234	902	675	71492	0	74303
26361	737	912	67751	4328	0	73728
26362	618	1026	2860	69882	0	74386
26363	588	1075	67646	4025	0	73334
26364	590	951	2881	69420	0	73842
26365	508	910	68913	4220	0	74551
26366	492	69265	2914	2430	0	75101
26367	542	3367	71003	1956	0	76868
26368	459	1542	2958	73280	0	78239
26369	72278	938	952	4371	0	78539
26370	3181	70907	660	2155	0	76903
26371	1133	3669	560	72764	0	78126
26372	740	1475	69034	4072	0	75321
26373	462	69882	3306	1891	0	75541
26374	447	2926	1072	63995	0	68440
26375	499	1243	61513	2927	0	66182
26376	192	53638	1939	942	0	56711
26377	42654	1116	505	664	0	44939
26378	39018	371	226	109	0	39724
26379	783	125	72	39712	0	40692
26380	40055	79	77	736	0	40947
26381	744	87	73	39547	0	40451
26382	207	87	64	40838	0	41196
26383	149	100	40771	897	0	41917
26384	112	77	638	39904	0	40731
26385	86	83	189	41620	0	41978
26386	40317	73	122	941	0	41453
26387	39142	89	251	346	0	39828
26388	793	38913	116	243	0	40065
26389	269	671	39306	151	0	40397
26390	112	205	651	39312	0	40280
26391	126	135	38909	771	0	39941
26392	35523	72	667	265	0	36527
26393	672	91	37322	169	0	38254
26394	233	68	582	36660	0	37543
26395	140	37024	207	635	0	38006
26396	100	574	122	37916	0	38712
26397	85	177	101	38105	0	38468
26398	92	107	38734	805	0	39738
26399	84	68	580	38491	0	39223
26400	38825	55	224	752	0	39856
26401	38407	57	143	305	0	38912
26402	38421	75	107	224	0	38827
26403	39048	81	103	191	0	39423
26404	729	36928	168	380	0	38205
26405	269	37779	145	216	0	38409
26406	169	683	144	37917	0	38913
26407	156	209	148	38800	0	39313
26408	134	36925	144	838	0	38041
26409	160	556	120	38908	0	39744
26410	143	240	88	39012	0	39483
26411	127	149	102	38879	0	39257
26412	103	117	128	38739	0	39087
26413	112	123	116	39324	0	39675
26414	37837	98	113	974	0	39022
26415	674	36162	142	444	0	37422
26416	310	638	35891	297	0	37136
26417	215	231	596	36347	0	37389
26418	162	184	201	36895	0	37442
26419	148	162	155	36186	0	36651
26420	35491	161	126	945	0	36723
26421	659	38610	138	738	0	40145
26422	269	1036	116	38932	0	40353
26423	218	39745	116	1296	0	41375
26424	220	1347	75	39372	0	41014
26425	177	37307	147	1506	0	39137
26426	198	1452	40027	642	0	42319
26427	169	428	1598	44056	0	46251
26428	213	290	53245	2242	0	55990
26429	208	193	2480	53714	0	56595
26430	206	212	704	60593	0	61715
26431	58987	146	512	3624	0	63269
26432	60360	190	255	1375	0	62180
26433	61857	146	253	910	0	63166
26434	61694	149	193	665	0	62701
26435	61926	158	248	475	0	62807
26436	3949	191	202	57183	0	61525
26437	1392	57764	252	2999	0	62407
26438	841	2849	187	60046	0	63923
26439	523	859	56205	3541	0	61128
26440	56915	564	2626	1227	0	61332
26441	60593	394	756	871	0	62614
26442	3696	209	503	59119	0	63527
26443	1434	172	312	59437	0	61355
26444	905	55447	269	3825	0	60446
26445	602	2675	169	58906	0	62352
26446	499	763	204	59416	0	60882
26447	466	55737	247	3888	0	60338
26448	504	2781	218	59257	0	62760
26449	56877	761	195	3816	0	61649
26450	3131	602	54447	1386	0	59566
26451	54867	352	2681	1076	0	58976
26452	3468	363	54677	857	0	59365
26453	1109	260	2972	54902	0	59243
26454	835	270	867	54248	0	56220
26455	600	52374	568	3590	0	57132
26456	588	56165	353	1562	0	58668
26457	556	3449	291	54462	0	58758
26458	549	1216	51419	3498	0	56682
26459	50921	708	2632	1266	0	55527
26460	2915	396	800	52258	0	56369
26461	954	50965	596	3354	0	55869
26462	751	2776	357	52632	0	56516
26463	556	864	219	53566	0	55205
26464	552	50400	184	3837	0	54973
26465	506	2825	188	50289	0	53808
26466	518	834	43837	3442	0	48631
26467	442	807	44362	1212	0	46823
26468	365	534	2582	41136	0	44617
26469	261	42689	917	2578	0	46445
26470	208	2410	508	43857	0	46983
26471	43650	760	294	3000	0	47704
26472	45474	564	198	1136	0	47372
26473	43457	344	233	849	0	44883
26474	3101	41061	255	607	0	45024
26475	1097	2302	40350	593	0	44342
26476	41416	806	2265	553	0	45040
26477	44150	632	657	569	0	46008
26478	2939	41228	459	621	0	45247
26479	1140	2475	262	42567	0	46444
26480	43148	776	229	2729	0	46882
26481	44448	600	259	946	0	46253
26482	45304	354	324	772	0	46754
26483	3510	248	324	41411	0	45493
26484	42548	250	303	2847	0	45948
26485	3167	265	268	41970	0	45670
26486	1187	313	209	44446	0	46155
26487	42257	303	212	3492	0	46264
26488	3085	299	234	42557	0	46175
26489	42178	267	293	3341	0	46079
26490	3311	280	305	42199	0	46095
26491	1373	292	247	44647	0	46559
26492	42231	339	202	3865	0	46637
26493	3204	332	39706	1859	0	45101
26494	1576	323	2241	42736	0	46876
26495	1399	320	676	44169	0	46564
26496	1204	255	559	43589	0	45607
26497	1025	294	340	44712	0	46371
26498	830	339	300	43042	0	44511
26499	780	39310	257	4171	0	44518
26500	724	2531	322	41968	0	45545
26501	780	890	39463	3729	0	44862
26502	941	653	2318	42011	0	45923
26503	918	407	714	43627	0	45666
26504	862	357	523	45029	0	46771
26505	743	395	40396	4246	0	45780
26506	627	468	40762	2105	0	43962
26507	39946	449	2814	1631	0	44840
26508	42418	389	1122	1375	0	45304
26509	3166	41467	733	1200	0	46566
26510	1456	2628	377	44305	0	48766
26511	1001	937	355	47517	0	49810
26512	767	719	435	48255	0	50176
26513	45321	431	494	4150	0	50396
26514	47506	355	479	2011	0	50351
26515	3334	336	400	46635	0	50705
26516	1324	451	345	48483	0	50603
26517	888	576	261	48774	0	50499
26518	580	516	278	49262	0	50636
26519	45033	472	356	4440	0	50301
26520	2766	407	42997	2178	0	48348
26521	949	37239	2016	1530	0	41734
26522	686	38887	617	1146	0	41336
26523	36756	2149	401	972	0	40278
26524	1938	1728	336	35833	0	39835
26525	654	744	35262	2454	0	39114
26526	509	433	32336	1143	0	34421
26527	305	32395	1426	976	0	35102
26528	22580	467	578	260	0	23885
26529	479	162	21973	226	0	22840
26530	16272	159	260	81	0	16772
26531	158	13	57	18272	0	18500
26532	76	10	44	18391	0	18521
26533	44	17885	25	215	0	18169
26534	35	18409	17	132	0	18593
26535	18669	128	15	72	0	18884
26536	18292	49	21	79	0	18441
26537	154	18781	43	59	0	19037
26538	61	141	18355	44	0	18601
26539	37	74	18581	63	0	18755
26540	41	39	167	18324	0	18571
26541	19748	19	83	168	0	20018
26542	142	18642	66	99	0	18949
26543	73	129	16	20309	0	20527
26544	20720	56	24	181	0	20981
26545	168	37	22	20752	0	20979
26546	69	237	29	20939	0	21274
26547	21251	17	12	258	0	21538
26548	185	20364	25	161	0	20735
26549	70	21511	27	126	0	21734
26550	64	224	22001	60	0	22349
26551	38	81	167	22376	0	22662
26552	38	52	71	22336	0	22497
26553	40	38	23024	247	0	23349
26554	18203	45	236	141	0	18625
26555	20967	17	89	91	0	21164
26556	232	23	23099	66	0	23420
26557	18223	44	231	73	0	18571
26558	230	25	23354	54	0	23663
26559	100	23382	214	59	0	23755
26560	63	171	69	26181	0	26484
26561	39	82	40	26711	0	26872
26562	26967	43	26	260	0	27296
26563	26483	22	23	144	0	26672
26564	26190	24	28	89	0	26331
26565	26381	30	29	61	0	26501
26566	26137	27	28	51	0	26243
26567	293	32	25693	54	0	26072
26568	118	24285	200	81	0	24684
26569	74	176	80	26031	0	26361
26570	60	25383	68	156	0	25667
26571	46	25968	44	90	0	26148
26572	52	238	32	26088	0	26410
26573	44	197	44	26158	0	26443
26574	67	76	26180	238	0	26561
26575	23728	39	205	137	0	24109
26576	26437	36	74	70	0	26617
26577	234	24839	74	72	0	25219
26578	26802	168	51	31	0	27052
26579	27309	72	34	32	0	27447
26580	261	44	22	26680	0	27007
26581	136	51	27628	177	0	27992
26582	78	45	27073	85	0	27281
26583	26909	16	175	47	0	27147
26584	27767	19	67	45	0	27898
26585	201	26450	71	48	0	26770
26586	89	27502	37	49	0	27677
26587	68	184	16	29216	0	29484
26588	29383	77	13	160	0	29633
26589	177	98	29244	61	0	29580
26590	65	33	178	30033	0	30309
26591	31632	20	64	219	0	31935
26592	31272	19	52	88	0	31431
26593	248	22	35	31516	0	31821
26594	32177	26	29	217	0	32449
26595	261	44	30383	91	0	30779
26596	115	59	33981	61	0	34216
26597	79	31	240	32809	0	33159
26598	47	21	105	35863	0	36036
26599	49	183	58	35620	0	35910
26600	52	34514	57	300	0	34923
26601	51	35347	22	157	0	35577
26602	52	450	20	35755	0	36277
26603	36489	97	29	214	0	36829
26604	194	57	37	36387	0	36675
26605	97	35	29	36447	0	36608
26606	72	35268	51	296	0	35687
26607	35	36675	57	155	0	36922
26608	38	241	26	37713	0	38018
26609	29	138	15	36235	0	36417
26610	35352	85	17	281	0	35735
26611	209	32905	51	144	0	33309
26612	34630	197	11	115	0	34953
26613	243	67	23	34300	0	34633
26614	132	74	33450	223	0	33879
26615	99	105	32199	106	0	32509
26616	33004	38	206	81	0	33329
26617	314	38	90	34971	0	35413
26618	81	28	57	34801	0	34967
26619	65	131	37	35333	0	35566
26620	60	26	35604	275	0	35965
26621	45	21	165	35148	0	35379
26622	26	34705	119	282	0	35132
26623	41	188	59	37303	0	37591
26624	50	64	38	37078	0	37230
26625	45	36888	44	277	0	37254
26626	30	249	20	38310	0	38609
26627	36860	62	17	355	0	37294
26628	278	35526	46	148	0	35998
26629	37810	275	25	109	0	38219
26630	37978	82	19	92	0	38171
26631	407	63	28	37172	0	37670
26632	169	36	12	36991	0	37208
26633	107	38	7	38400	0	38552
26634	96	64	36473	493	0	37126
26635	52	35583	342	259	0	36236
26636	56	37715	107	145	0	38023
26637	37	353	46	37211	0	37647
26638	36828	110	39	333	0	37310
26639	317	69	30	36066	0	36482
26640	122	276	36746	405	0	37549
26641	68	34941	302	203	0	35514
26642	53	36312	104	139	0	36608
26643	37122	335	57	73	0	37587
26644	36980	115	40	81	0	37216
26645	338	38481	66	78	0	38963
26646	40544	298	39	59	0	40940
26647	367	137	38047	175	0	38726
26648	146	147	36664	80	0	37037
26649	38654	50	377	62	0	39143
26650	40064	56	112	70	0	40302
26651	420	58	63	39439	0	39980
26652	39878	32	53	375	0	40338
26653	434	75	39899	122	0	40530
26654	156	102	41982	90	0	42330
26655	148	55	505	49896	0	50604
26656	73	51	185	59531	0	59840
26657	83	36	106	63276	0	63501
26658	96	60	85	65165	0	65406
26659	82	158	61	71019	0	71320
26660	123	81	66851	3129	0	70184
26661	93	43	2116	67682	0	69934
26662	67963	41	553	3052	0	71609
26663	2264	207	318	69447	0	72236
26664	68790	31	226	3176	0	72223
26665	2549	39	153	69855	0	72596
26666	70502	42	215	3178	0	73937
26667	74318	59	159	1374	0	75910
26668	3140	48	157	72452	0	75797
26669	1094	53	209	75261	0	76617
26670	72800	36	164	3491	0	76491
26671	73582	45	133	1482	0	75242
26672	3407	103	71566	1087	0	76163
26673	1469	64	2126	72446	0	76105
26674	1016	50	532	76446	0	78044
26675	74495	57	352	3517	0	78421
26676	76348	49	225	1453	0	78075
26677	3410	48	151	75515	0	79124
26678	1361	37	235	77235	0	78868
26679	1088	48	185	77566	0	78887
26680	820	49	172	76691	0	77732
26681	693	69312	297	3932	0	74234
26682	635	72984	233	1858	0	75710
26683	547	2689	245	73763	0	77244
26684	566	72132	216	3483	0	76397
26685	615	2623	143	74831	0	78212
26686	496	824	70881	3864	0	76065
26687	476	660	68639	1894	0	71669
26688	396	70958	2547	1592	0	75493
26689	479	2567	767	72615	0	76428
26690	465	1007	70529	3393	0	75394
26691	339	719	2488	69553	0	73099
26692	327	522	862	74177	0	75888
26693	70701	443	680	3908	0	75732
26694	2692	466	562	72964	0	76684
26695	948	333	72691	3827	0	77799
26696	832	362	70617	1783	0	73594
26697	663	68585	2905	1596	0	73749
26698	711	74597	1090	1537	0	77935
26699	76106	2900	814	1181	0	81001
26700	2950	955	79886	1451	0	85242
26701	1205	572	2711	80424	0	84912
26702	82220	382	1028	3452	0	87082
26703	82344	379	759	1716	0	85198
26704	3317	80938	670	1349	0	86274
26705	1559	2669	557	83156	0	87941
26706	1093	900	587	86433	0	89013
26707	768	757	461	86236	0	88222
26708	83739	505	413	4230	0	88887
26709	3154	457	81082	1998	0	86691
26710	1246	81383	2597	1566	0	86792
26711	969	2807	784	85290	0	89850
26712	784	987	551	88439	0	90761
26713	606	826	83883	4205	0	89520
26714	658	594	2498	83521	0	87271
26715	504	550	951	88124	0	90129
26716	530	619	666	88241	0	90056
26717	503	481	579	88706	0	90269
26718	436	556	83330	4804	0	89126
26719	341	559	2791	84472	0	88163
26720	424	501	84058	4465	0	89448
26721	363	82410	3023	2513	0	88309
26722	478	2571	1227	85891	0	90167
26723	455	906	908	89070	0	91339
26724	516	540	83503	4612	0	89171
26725	521	81323	2704	2777	0	87325
26726	635	2576	1156	84733	0	89100
26727	686	1009	82036	3776	0	87507
26728	550	80560	2784	2293	0	86187
26729	543	2746	1106	84643	0	89038
26730	665	1022	82963	3636	0	88286
26731	699	913	2727	82792	0	87131
26732	604	776	1177	83720	0	86277
26733	584	616	983	87209	0	89392
26734	83494	646	764	4182	0	89086
26735	2588	81259	602	2616	0	87065
26736	83867	2577	770	1817	0	89031
26737	3038	974	82380	1732	0	88124
26738	84500	750	2501	1839	0	89590
26739	88910	539	1001	1742	0	92192
26740	3332	491	738	87076	0	91637
26741	89018	587	642	3702	0	93949
26742	89934	512	525	2073	0	93044
26743	90750	519	671	1688	0	93628
26744	3573	715	504	88318	0	93110
26745	1657	517	483	88508	0	91165
26746	1164	464	82401	4061	0	88090
26747	1003	437	79905	2020	0	83365
26748	78886	462	2793	1595	0	83736
26749	2869	591	1169	82241	0	86870
26750	1143	81852	974	3199	0	87168
26751	83382	2372	742	1734	0	88230
26752	2581	81649	809	1538	0	86577
26753	1115	81253	765	1490	0	84623
26754	1392	2923	75685	1466	0	81466
26755	593	894	76071	858	0	78416
26756	552	2179	2014	69300	0	74045
26757	414	282	74715	1324	0	76735
26758	262	250	67876	511	0	68899
26759	63061	122	279	198	0	63660
26760	65893	27	123	100	0	66143
26761	195	73	83	66073	0	66424
26762	118	53	57	66829	0	67057
26763	127	45	68845	463	0	69480
26764	66	66601	221	211	0	67099
26765	66	192	180	69836	0	70274
26766	72367	70	91	236	0	72764
26767	235	70	72	71164	0	71541
26768	180	70900	174	362	0	71616
26769	171	272	70848	151	0	71442
26770	67	70770	317	150	0	71304
26771	74547	307	84	103	0	75041
26772	71835	109	63	110	0	72117
26773	355	82	58	71709	0	72204
26774	184	78	73065	345	0	73672
26775	157	116	69191	166	0	69630
26776	80	70710	526	449	0	71765
26777	80	402	215	71304	0	72001
26778	71	164	113	74253	0	74601
26779	102	113	73618	497	0	74330
26780	59	50	476	71039	0	71624
26781	60	73986	209	451	0	74706
26782	86	520	96	77323	0	78025
26783	66	178	51	77393	0	77688
26784	94	96	77020	780	0	77990
26785	66	68	564	74758	0	75456
26786	76436	67	276	711	0	77490
26787	738	88	77043	278	0	78147
26788	307	97	76591	155	0	77150
26789	120	74530	937	150	0	75737
26790	87	680	305	80583	0	81655
26791	77	351	136	86207	0	86771
26792	114	140	84562	1334	0	86150
26793	78187	76	1150	505	0	79918
26794	1109	73	412	84825	0	86419
26795	433	75	82467	1217	0	84192
26796	179	58	1142	78955	0	80334
26797	133	71	82738	1336	0	84278
26798	162	105	79584	516	0	80367
26799	61	77409	1543	313	0	79326
26800	95	1069	517	74245	0	75926
26801	41	75254	262	1013	0	76570
26802	74798	1158	171	403	0	76530
26803	1137	444	74634	245	0	76460
26804	371	72009	1149	238	0	73767
26805	170	1091	462	74142	0	75865
26806	73601	416	245	1191	0	75453
26807	1040	72155	243	566	0	74004
26808	378	1127	171	74324	0	76000
26809	161	462	161	74616	0	75400
26810	90	73780	201	1469	0	75540
26811	75766	1293	163	596	0	77818
26812	1241	484	149	87047	0	88921
26813	415	246	153	92608	0	93422
26814	274	273	88306	3098	0	91951
26815	114	91224	2235	1325	0	94898
26816	147	2620	846	94798	0	98411
26817	133	943	451	103245	0	104772
26818	115	103217	321	3697	0	107350
26819	159	3172	195	105659	0	109185
26820	115	1112	184	109200	0	110611
26821	127	639	185	110202	0	111153
26822	95	105774	219	4958	0	111046
26823	107101	3374	212	1971	0	112658
26824	3591	1337	105173	1132	0	111233
26825	102787	725	3428	754	0	107694
26826	3956	105119	1285	691	0	111051
26827	1327	3678	698	108096	0	113799
26828	806	1518	105883	4101	0	112308
26829	430	850	3587	107216	0	112083
26830	282	612	1324	108936	0	111154
26831	297	393	704	113205	0	114599
26832	310	511	105460	5742	0	112023
26833	211	104066	3670	2883	0	110830
26834	336	3644	105643	2087	0	111710
26835	328	106924	4164	1269	0	112685
26836	390	4188	109908	1122	0	115608
26837	389	1802	4232	109761	0	116184
26838	108109	1130	1688	4478	0	115405
26839	3510	111041	1101	2275	0	117927
26840	1318	4197	109893	1661	0	117069
26841	720	109652	3805	1741	0	115918
26842	594	4418	112086	1536	0	118634
26843	386	1912	4287	109830	0	116415
26844	476	1322	1866	110244	0	113908
26845	410	109997	1320	5270	0	116997
26846	464	116402	1043	2736	0	120645
26847	115700	5442	820	1810	0	123772
26848	4110	2600	938	117161	0	124809
26849	1732	1604	114958	5084	0	123378
26850	1221	1046	4334	116275	0	122876
26851	825	1185	115827	5670	0	123507
26852	674	1092	117179	2784	0	121729
26853	514	1001	5536	112674	0	119725
26854	482	113042	2666	4976	0	121166
26855	108282	4402	1650	2673	0	117007
26856	4001	2001	1280	107080	0	114362
26857	1524	1611	1218	106481	0	110834
26858	976	105944	1182	5776	0	113878
26859	105462	4750	1082	2821	0	114115
26860	108201	2290	1106	2040	0	113637
26861	5351	1597	1246	102307	0	110501
26862	2188	101748	1222	5050	0	110208
26863	1311	110963	1315	2482	0	116071
26864	109597	5532	1182	1956	0	118267
26865	4341	2744	107329	1620	0	116034
26866	104040	1987	4445	1394	0	111866
26867	107694	1457	2091	1517	0	112759
26868	107137	1289	1387	1641	0	111454
26869	5679	103426	1004	1764	0	111873
26870	2404	4645	967	105772	0	113788
26871	105745	2244	986	4889	0	113864
26872	107070	1616	989	2496	0	112171
26873	5311	103875	1136	2230	0	112552
26874	107398	4440	1014	1607	0	114459
26875	4857	2231	922	107324	0	115334
26876	2129	1628	1062	108182	0	113001
26877	1449	104770	1103	5717	0	113039
26878	1297	4341	906	108463	0	115007
26879	1163	2119	808	110070	0	114160
26880	1318	105623	782	6139	0	113862
26881	1116	4450	686	102468	0	108720
26882	1063	103655	701	5590	0	111009
26883	104687	4813	697	2580	0	112777
26884	101589	2347	743	1957	0	106636
26885	5213	101691	688	1931	0	109523
26886	2747	4258	98331	1609	0	106945
26887	1771	2130	3519	102186	0	109606
26888	1575	1910	99065	4534	0	107084
26889	1409	96332	4000	2495	0	104236
26890	1340	100182	1748	2050	0	105320
26891	93372	4234	1031	1290	0	99927
26892	3947	95214	825	1282	0	101268
26893	2297	4073	672	92013	0	99055
26894	1727	93044	796	3290	0	98857
26895	1589	97321	557	1799	0	101266
26896	95335	4635	521	1428	0	101919
26897	4003	2240	573	93767	0	100583
26898	2069	1767	90525	3849	0	98210
26899	1605	1403	89605	2443	0	95056
26900	1179	91044	3740	1974	0	97937
26901	92098	3996	1600	1553	0	99247
26902	3472	94574	1165	1307	0	100518
26903	1668	4502	657	98834	0	105661
26904	97730	2321	686	4077	0	104814
26905	3916	1813	582	99294	0	105605
26906	1780	1605	585	100573	0	104543
26907	1507	97494	547	4955	0	104503
26908	1382	4114	576	100837	0	106909
26909	1175	2301	96114	4749	0	104339
26910	97280	1672	3469	2146	0	104567
26911	3980	101042	1648	1776	0	108446
26912	1233	98455	807	1134	0	101629
26913	94247	3546	474	717	0	98984
26914	3398	1713	91482	859	0	97452
26915	88202	1080	2969	556	0	92807
26916	3075	98031	907	539	0	102552
26917	877	104984	558	376	0	106795
26918	665	4067	100372	315	0	105419
26919	462	106592	3335	321	0	110710
26920	292	3905	1231	99326	0	104754
26921	248	1168	439	100656	0	102511
26922	204	101140	280	3601	0	105225
26923	241	3254	156	104034	0	107685
26924	103697	1177	231	3530	0	108635
26925	3304	805	100204	1207	0	105520
26926	101828	548	3074	697	0	106147
26927	106481	447	1039	470	0	108437
26928	106139	416	513	397	0	107465
26929	4595	483	101738	363	0	107179
26930	1698	425	3154	101867	0	107144
26931	968	489	101712	3405	0	106574
26932	99030	417	3570	1220	0	104237
26933	100167	320	1235	748	0	102470
26934	4185	99761	721	486	0	105153
26935	1700	3427	432	99424	0	104983
26936	960	100346	400	3325	0	105031
26937	755	3745	99223	1160	0	104883
26938	563	1387	3416	101231	0	106597
26939	99950	796	1168	3822	0	105736
26940	102396	548	681	1414	0	105039
26941	4785	773	429	94236	0	100223
26942	1843	93369	599	3465	0	99276
26943	1210	3425	95917	1462	0	102014
26944	739	1428	98860	862	0	101889
26945	95006	757	4531	693	0	100987
26946	4141	633	97985	498	0	103257
26947	1591	96284	3988	665	0	102528
26948	1081	3589	1410	98006	0	104086
26949	829	1360	98844	3681	0	104714
26950	697	776	3981	98346	0	103800
26951	686	603	97142	4354	0	102785
26952	91531	494	4290	1597	0	97912
26953	4025	483	1680	93667	0	99855
26954	1570	92196	1079	3843	0	98688
26955	950	97561	768	1605	0	100884
26956	755	4694	674	94998	0	101121
26957	729	1761	624	95809	0	98923
26958	662	91890	891	4949	0	98392
26959	732	3847	91937	1924	0	98440
26960	670	1560	3814	95139	0	101183
26961	714	1038	94331	4305	0	100388
26962	701	814	93567	1782	0	96864
26963	85256	714	4844	1268	0	92082
26964	4060	87044	2030	1077	0	94211
26965	88540	3991	1194	876	0	94601
26966	4410	1709	928	84317	0	91364
26967	1793	87319	889	3949	0	93950
26968	1158	4226	1009	88732	0	95125
26969	887	1787	930	89874	0	93478
26970	785	86443	892	5294	0	93414
26971	833	4245	84981	2289	0	92348
26972	839	1814	4080	88372	0	95105
26973	87144	1296	1746	4672	0	94858
26974	4306	983	1167	87096	0	93552
26975	1811	941	994	89253	0	92999
26976	1366	993	81678	5576	0	89613
26977	1046	82429	4048	2624	0	90147
26978	957	4215	1741	84661	0	91574
26979	981	1973	82807	4699	0	90460
26980	901	1472	83757	2255	0	88385
26981	80088	1108	5269	1860	0	88325
26982	4267	81980	2362	1629	0	90238
26983	82033	4363	1548	1329	0	89273
26984	4592	81295	1353	1407	0	88647
26985	2022	85398	1096	1394	0	89910
26986	82160	5544	1106	1273	0	90083
26987	4567	2346	1110	79384	0	87407
26988	2111	80755	1197	4434	0	88497
26989	1632	4287	1056	83800	0	90775
26990	82665	1876	926	5010	0	90477
26991	4788	1401	80856	2376	0	89421
26992	2244	1218	81701	1813	0	86976
26993	77950	1050	5237	1528	0	85765
26994	4500	79295	2477	1307	0	87579
26995	2194	4212	78247	1151	0	85804
26996	1693	79643	4452	1350	0	87138
26997	1296	4677	2031	78873	0	86877
26998	1215	2176	79382	4570	0	87343
26999	986	1460	4505	80506	0	87457
27000	948	1196	78308	5120	0	85572
27001	74372	1100	4860	2343	0	82675
27002	4252	76709	2221	1798	0	84980
27003	75058	3982	1415	1200	0	81655
27004	4281	2092	1273	69686	0	77332
27005	1904	79265	1124	3797	0	86090
27006	79519	4362	1346	1796	0	87023
27007	81725	1911	1224	1522	0	86382
27008	5352	1308	77908	1333	0	85901
27009	2219	1209	78305	1036	0	82769
27010	67092	918	4492	945	0	73447
27011	3540	68911	2063	1122	0	75636
27012	1326	66901	1275	949	0	70451
27013	1436	4227	1276	63122	0	70061
27014	992	1541	60614	3506	0	66653
27015	837	58436	3066	1411	0	63750
27016	755	53297	1378	820	0	56250
27017	905	1984	554	36708	0	40151
27018	36954	558	234	1210	0	38956
27019	37861	326	262	497	0	38946
27020	38714	305	193	347	0	39559
27021	1478	289	37562	266	0	39595
27022	37906	261	1166	277	0	39610
27023	38973	244	477	268	0	39962
27024	40090	272	291	243	0	40896
27025	1555	425	238	37293	0	39511
27026	623	38217	233	1133	0	40206
27027	39027	1135	223	462	0	40847
27028	1273	38776	219	282	0	40550
27029	476	1124	201	39774	0	41575
27030	341	492	41528	1198	0	43559
27031	309	277	1103	41338	0	43027
27032	280	238	545	42631	0	43694
27033	328	261	41515	1461	0	43565
27034	260	41263	1150	586	0	43259
27035	242	1028	357	40087	0	41714
27036	39376	407	179	1084	0	41046
27037	1020	38888	177	466	0	40551
27038	38198	954	139	247	0	39538
27039	1031	387	122	37439	0	38979
27040	409	37043	148	904	0	38504
27041	37250	877	160	321	0	38608
27042	910	37019	172	241	0	38342
27043	405	846	35798	152	0	37201
27044	36022	494	795	150	0	37461
27045	36813	212	232	128	0	37385
27046	1033	35752	158	143	0	37086
27047	403	788	33724	90	0	35005
27048	199	36391	668	122	0	37380
27049	159	874	287	32005	0	33325
27050	114	355	122	36543	0	37134
27051	114	278	86	36829	0	37307
27052	142	36644	74	965	0	37825
27053	155	771	60	37383	0	38369
27054	139	312	72	38183	0	38706
27055	37149	186	50	989	0	38374
27056	808	146	66	37013	0	38033
27057	368	96	50	37763	0	38277
27058	36647	105	45	1045	0	37842
27059	807	35838	71	442	0	37158
27060	37798	778	50	241	0	38867
27061	37574	342	59	173	0	38148
27062	37749	193	73	186	0	38201
27063	1122	151	98	36827	0	38198
27064	484	147	81	38494	0	39206
27065	294	151	36663	1096	0	38204
27066	210	222	35549	466	0	36447
27067	209	179	35858	315	0	36561
27068	33365	180	1059	235	0	34839
27069	912	201	35085	238	0	36436
27070	396	35373	850	293	0	36912
27071	295	826	349	36494	0	37964
27072	236	449	200	35306	0	36191
27073	235	37100	190	986	0	38511
27074	289	892	38740	464	0	40385
27075	263	39178	786	290	0	40517
27076	39940	918	335	199	0	41392
27077	1005	469	39943	208	0	41625
27078	514	39388	905	299	0	41106
27079	382	890	40892	205	0	42369
27080	298	450	905	40592	0	42245
27081	308	300	41235	928	0	42771
27082	267	249	965	39340	0	40821
27083	41126	217	408	1060	0	42811
27084	1005	219	40586	525	0	42335
27085	483	40092	908	395	0	41878
27086	41523	935	422	345	0	43225
27087	994	432	42294	333	0	44053
27088	504	285	42205	354	0	43348
27089	329	226	1135	41278	0	42968
27090	313	236	42063	1068	0	43680
27091	39496	250	1026	577	0	41349
27092	1008	41384	479	439	0	43310
27093	534	967	271	42213	0	43985
27094	346	43267	241	986	0	44840
27095	44512	1046	235	560	0	46353
27096	1058	498	43657	422	0	45635
27097	553	364	44719	329	0	45965
27098	352	273	1231	44085	0	45941
27099	329	271	553	45442	0	46595
27100	329	247	376	46002	0	46954
27101	289	260	330	46475	0	47354
27102	318	277	47118	1424	0	49137
27103	268	45886	1031	689	0	47874
27104	179	736	367	43160	0	44442
27105	212	363	41402	777	0	42754
27106	169	39918	724	387	0	41198
27107	41283	729	398	262	0	42672
27108	880	576	243	40967	0	42666
27109	40844	241	137	753	0	41975
27110	708	40208	153	415	0	41484
27111	40680	664	140	278	0	41762
27112	761	301	41369	216	0	42647
27113	333	335	656	39371	0	40695
27114	262	41416	288	675	0	42641
27115	225	675	40666	362	0	41928
27116	153	40438	684	274	0	41549
27117	154	815	331	36153	0	37453
27118	40244	293	205	680	0	41422
27119	599	39468	209	374	0	40650
27120	39818	611	181	250	0	40860
27121	704	280	38442	213	0	39639
27122	337	200	37139	184	0	37860
27123	37572	151	728	168	0	38619
27124	617	221	335	37826	0	38999
27125	274	313	229	38020	0	38836
27126	211	135	39517	700	0	40563
27127	169	129	37963	313	0	38574
27128	115	38682	765	244	0	39806
27129	39156	593	317	141	0	40207
27130	36598	192	162	102	0	37054
27131	550	35272	148	118	0	36088
27132	222	457	112	36870	0	37661
27133	37483	188	121	477	0	38269
27134	568	142	104	37023	0	37837
27135	38110	81	124	501	0	38816
27136	38081	71	140	239	0	38531
27137	39718	91	120	139	0	40068
27138	637	97	91	39120	0	39945
27139	276	83	92	40174	0	40625
27140	39680	82	94	616	0	40472
27141	39003	83	104	304	0	39494
27142	39258	76	103	159	0	39596
27143	644	38161	131	126	0	39062
27144	37780	309	54	81	0	38224
27145	353	36788	83	162	0	37386
27146	37660	321	73	63	0	38117
27147	396	143	37272	72	0	37883
27148	33458	116	314	84	0	33972
27149	407	35108	136	79	0	35730
27150	130	35302	81	60	0	35573
27151	37251	285	58	53	0	37647
27152	284	105	61	36742	0	37192
27153	134	67	46	37305	0	37552
27154	81	36567	69	351	0	37068
27155	74	39019	62	142	0	39297
27156	40841	297	31	71	0	41240
27157	314	120	42582	63	0	43079
27158	109	71	284	46224	0	46688
27159	48377	64	80	342	0	48863
27160	502	108	47640	107	0	48357
27161	139	51207	449	103	0	51898
27162	56076	724	104	59	0	56963
27163	1230	142	56628	319	0	58319
27164	302	87	1194	58478	0	60061
27165	132	99	60112	1400	0	61743
27166	56723	66	1418	359	0	58566
27167	1313	60779	404	186	0	62682
27168	63060	1401	164	147	0	64772
27169	62459	355	129	87	0	63030
27170	1761	183	66	62079	0	64089
27171	61583	140	78	1445	0	63246
27172	1545	187	68	62386	0	64186
27173	483	74	46	62973	0	63576
27174	252	138	57845	1830	0	60065
27175	203	57670	1290	527	0	59690
27176	125	1312	321	60681	0	62439
27177	135	322	149	60845	0	61451
27178	86	158	126	61138	0	61508
27179	121	177	58124	1819	0	60241
27180	104	56583	1296	634	0	58617
27181	136	1326	312	59668	0	61442
27182	94	340	145	61069	0	61648
27183	132	359	58331	1723	0	60545
27184	117	157	1280	57972	0	59526
27185	58730	104	349	1628	0	60811
27186	1363	58120	206	525	0	60214
27187	59011	1354	144	276	0	60785
27188	1597	389	57273	337	0	59596
27189	491	205	1333	58113	0	60142
27190	58919	164	370	1476	0	60929
27191	58478	122	208	451	0	59259
27192	1758	134	57247	253	0	59392
27193	585	189	1373	56086	0	58233
27194	376	114	55916	1506	0	57912
27195	53143	96	1588	539	0	55366
27196	1452	55914	507	410	0	58283
27197	57369	1402	296	317	0	59384
27198	57049	456	272	245	0	58022
27199	1786	56884	274	259	0	59203
27200	59532	1536	275	215	0	61558
27201	1783	538	57319	264	0	59904
27202	56336	278	1472	312	0	58398
27203	1713	242	570	57043	0	59568
27204	764	266	58216	1645	0	60891
27205	593	239	1587	58086	0	60505
27206	587	236	587	59098	0	60508
27207	533	256	443	58413	0	59645
27208	603	57660	427	1987	0	60677
27209	58988	1524	386	946	0	61844
27210	1836	605	355	58206	0	61002
27211	874	57149	383	2048	0	60454
27212	686	1632	411	55822	0	58551
27213	655	56317	428	1967	0	59367
27214	677	1725	55875	991	0	59268
27215	623	746	1589	55226	0	58184
27216	633	481	684	58601	0	60399
27217	645	467	56442	2375	0	59929
27218	50572	456	1765	1304	0	54097
27219	1770	56282	771	1135	0	59958
27220	941	1595	550	57743	0	60829
27221	750	738	557	56107	0	58152
27222	750	491	529	56296	0	58066
27223	690	55649	619	2480	0	59438
27224	56857	1779	535	1510	0	60681
27225	2076	768	56034	1230	0	60108
27226	954	584	53992	1130	0	56660
27227	750	529	2049	53539	0	56867
27228	769	427	959	56080	0	58235
27229	54469	455	707	2561	0	58192
27230	1918	52715	712	1499	0	56844
27231	982	1727	655	55430	0	58794
27232	54394	736	656	2347	0	58133
27233	2087	599	612	53404	0	56702
27234	54074	544	587	2331	0	57536
27235	2279	536	50360	1352	0	54527
27236	1223	51201	1777	1164	0	55365
27237	52777	1772	1000	914	0	56463
27238	2302	865	51276	861	0	55304
27239	51237	611	1856	909	0	54613
27240	2296	527	50465	963	0	54251
27241	51563	440	1897	1003	0	54903
27242	2231	461	930	51961	0	55583
27243	52561	526	773	2189	0	56049
27244	2198	469	700	51842	0	55209
27245	1142	485	586	53293	0	55506
27246	51394	482	623	2627	0	55126
27247	2111	49904	532	1492	0	54039
27248	1126	1775	528	52241	0	55670
27249	53204	844	489	2247	0	56784
27250	55128	777	437	1209	0	57551
27251	2342	638	517	53778	0	57275
27252	1217	531	528	56249	0	58525
27253	55856	525	586	2603	0	59570
27254	2281	492	542	56722	0	60037
27255	1058	459	526	56961	0	59004
27256	54301	451	545	2692	0	57989
27257	2112	350	466	52007	0	54935
27258	772	227	45774	2211	0	48984
27259	43323	206	1493	1002	0	46024
27260	1830	248	44925	655	0	47658
27261	730	251	40198	462	0	41641
27262	35754	125	1512	342	0	37733
27263	719	35085	363	338	0	36505
27264	354	344	110	34419	0	35227
27265	202	157	76	35080	0	35515
27266	210	116	53	37099	0	37478
27267	168	88	42	38266	0	38564
27268	38027	43	68	988	0	39126
27269	39793	42	45	400	0	40280
27270	41435	49	40	340	0	41864
27271	1111	65	44498	307	0	45981
27272	495	52	1049	47197	0	48793
27273	323	53	457	48468	0	49301
27274	249	67	237	46166	0	46719
27275	223	44400	198	2004	0	46825
27276	222	47708	159	937	0	49026
27277	47767	1731	151	564	0	50213
27278	1556	700	156	48729	0	51141
27279	720	304	158	52227	0	53409
27280	406	184	148	54681	0	55419
27281	276	169	50692	2641	0	53778
27282	279	168	50051	1174	0	51672
27283	50390	105	2130	695	0	53320
27284	53289	320	850	469	0	54928
27285	2349	94	413	50350	0	53206
27286	967	50777	291	1779	0	53814
27287	565	1680	212	51408	0	53865
27288	408	636	154	53150	0	54348
27289	328	350	49547	2590	0	52815
27290	49557	178	1647	1247	0	52629
27291	1883	151	665	52998	0	55697
27292	833	115	385	53282	0	54615
27293	50922	110	257	2730	0	54019
27294	1970	52692	237	1349	0	56248
27295	54330	1881	145	809	0	57165
27296	2331	869	149	52747	0	56096
27297	951	51117	138	2276	0	54482
27298	52505	1979	136	1072	0	55692
27299	2276	843	151	52505	0	55775
27300	51691	444	124	2379	0	54638
27301	50975	279	133	1202	0	52589
27302	50922	238	143	778	0	52081
27303	2974	48483	158	615	0	52230
27304	1320	48319	174	579	0	50392
27305	890	2488	159	46545	0	50082
27306	597	47816	207	2247	0	50867
27307	48544	2272	158	1087	0	52061
27308	2317	971	156	48638	0	52082
27309	48916	592	162	2403	0	52073
27310	50254	382	173	1219	0	52028
27311	3009	347	165	48154	0	51675
27312	1446	313	147	51160	0	53066
27313	49797	320	151	3178	0	53446
27314	51010	327	148	1599	0	53084
27315	52894	323	157	1067	0	54441
27316	53288	345	134	854	0	54621
27317	53713	331	122	833	0	54999
27318	3578	349	100	51211	0	55238
27319	1814	362	103	52404	0	54683
27320	1229	384	130	53741	0	55484
27321	51209	345	140	3518	0	55212
27322	2777	353	149	50461	0	53740
27323	1553	49409	159	3019	0	54140
27324	1161	2105	150	52093	0	55509
27325	50907	960	177	3035	0	55079
27326	52131	597	199	1584	0	54511
27327	3418	447	47807	1158	0	52830
27328	1809	425	1877	46988	0	51099
27329	1243	48686	768	2576	0	53273
27330	49729	2138	401	1484	0	53752
27331	2699	50049	255	1231	0	54234
27332	1554	2394	219	51028	0	55195
27333	51304	1039	191	2832	0	55366
27334	52073	670	187	1548	0	54478
27335	3510	50352	203	1371	0	55436
27336	1942	2222	141	50961	0	55266
27337	1400	1040	49184	2838	0	54462
27338	49872	687	1970	1545	0	54074
27339	3049	523	49796	1170	0	54538
27340	51500	490	2238	997	0	55225
27341	53181	433	868	1023	0	55505
27342	3596	440	480	51352	0	55868
27343	52873	473	276	2850	0	56472
27344	54073	504	251	1651	0	56479
27345	54867	488	212	1275	0	56842
27346	3981	595	219	52197	0	56992
27347	52948	437	222	2804	0	56411
27348	3353	574	199	52567	0	56693
27349	1843	440	239	52167	0	54689
27350	1463	49927	276	3360	0	55026
27351	1238	2147	228	48178	0	51791
27352	1240	48102	199	2730	0	52271
27353	47911	2229	143	1424	0	51707
27354	48050	1001	112	1048	0	50211
27355	3200	638	127	46498	0	50463
27356	1816	448	105	48018	0	50387
27357	46705	405	147	3110	0	50367
27358	2959	329	43966	1661	0	48915
27359	45769	327	1729	1106	0	48931
27360	2973	312	672	44825	0	48782
27361	1721	317	41776	2509	0	46323
27362	42452	313	1767	1430	0	45962
27363	45082	310	739	1113	0	47244
27364	3285	332	41452	917	0	45986
27365	42157	277	1651	900	0	44985
27366	2752	306	38816	795	0	42669
27367	1614	38496	1758	716	0	42584
27368	39656	1583	726	801	0	42766
27369	38989	871	437	649	0	40946
27370	2577	35546	358	553	0	39034
27371	1154	32408	205	480	0	34247
27372	29541	1077	400	398	0	31416
27373	29384	427	272	410	0	30493
27374	1399	281	115	29549	0	31344
27375	783	186	28127	1007	0	30103
27376	644	264	26904	431	0	28243
27377	27917	228	853	393	0	29391
27378	1129	156	27680	339	0	29304
27379	25742	127	1125	216	0	27210
27380	881	121	337	24938	0	26277
27381	545	88	216	25487	0	26336
27382	482	67	25037	748	0	26334
27383	25207	74	600	375	0	26256
27384	764	124	309	25925	0	27122
27385	489	123	220	27217	0	28049
27386	27034	75	133	787	0	28029
27387	26675	91	152	443	0	27361
27388	26837	143	140	290	0	27410
27389	925	26423	179	254	0	27781
27390	538	450	25427	213	0	26628
27391	25584	165	477	229	0	26455
27392	26688	128	281	183	0	27280
27393	741	25369	240	190	0	26540
27394	23676	255	139	116	0	24186
27395	588	97	102	23511	0	24298
27396	265	60	23981	317	0	24623
27397	23794	45	353	181	0	24373
27398	24672	66	94	206	0	25038
27399	24989	54	143	106	0	25292
27400	25134	32	98	63	0	25327
27401	483	33	64	24916	0	25496
27402	211	49	50	25202	0	25512
27403	25357	20	49	395	0	25821
27404	447	22	59	25104	0	25632
27405	267	17	69	25128	0	25481
27406	215	24136	69	383	0	24803
27407	179	281	101	25084	0	25645
27408	209	80	69	25346	0	25704
27409	252	48	48	25578	0	25926
27410	177	83	36	25737	0	26033
27411	181	24521	53	570	0	25325
27412	170	285	43	25023	0	25521
27413	112	81	85	24231	0	24509
27414	175	65	23557	463	0	24260
27415	187	89	21810	164	0	22250
27416	177	21690	311	162	0	22340
27417	27329	260	100	153	0	27842
27418	607	27577	88	183	0	28455
27419	152	801	47	29634	0	30634
27420	200	186	30883	808	0	32077
27421	32538	99	758	284	0	33679
27422	903	62	168	34663	0	35796
27423	34432	60	153	977	0	35622
27424	34860	69	72	333	0	35334
27425	1038	34121	68	305	0	35532
27426	34681	815	46	237	0	35779
27427	953	36338	53	229	0	37573
27428	279	994	39	37444	0	38756
27429	205	37882	63	1015	0	39165
27430	180	1118	36133	355	0	37786
27431	115	38044	902	342	0	39403
27432	134	1058	316	38022	0	39530
27433	37552	288	149	995	0	38984
27434	910	38415	96	408	0	39829
27435	383	1027	55	38998	0	40463
27436	302	342	58	40395	0	41097
27437	207	323	39117	1405	0	41052
27438	219	169	993	39696	0	41077
27439	153	241	39498	1299	0	41191
27440	37323	138	1121	516	0	39098
27441	1183	239	39934	331	0	41687
27442	457	39662	1225	259	0	41603
27443	385	1201	322	40319	0	42227
27444	264	410	217	40354	0	41245
27445	358	300	128	41136	0	41922
27446	40669	312	108	1565	0	42654
27447	1217	220	121	39413	0	40971
27448	432	38983	152	1421	0	40988
27449	38521	1242	210	545	0	40518
27450	1174	37801	136	530	0	39641
27451	409	1350	206	38305	0	40270
27452	37999	484	152	1336	0	39971
27453	1219	37034	209	560	0	39022
27454	398	39251	149	517	0	40315
27455	39247	1385	144	492	0	41268
27456	40130	531	168	478	0	41307
27457	1467	362	38479	580	0	40888
27458	39727	258	1216	370	0	41571
27459	1541	247	39828	695	0	42311
27460	578	327	1359	40745	0	43009
27461	503	282	40571	1448	0	42804
27462	362	314	1369	40989	0	43034
27463	323	276	40628	1695	0	42922
27464	365	286	1339	40138	0	42128
27465	321	319	448	42268	0	43356
27466	40836	323	327	1826	0	43312
27467	1516	315	39550	795	0	42176
27468	38108	276	1302	562	0	40248
27469	1586	306	38901	489	0	41282
27470	707	279	39247	451	0	40684
27471	504	281	1497	38344	0	40626
27472	39196	293	581	1561	0	41631
27473	1388	38630	479	679	0	41176
27474	37963	1279	411	605	0	40258
27475	38329	532	337	426	0	39624
27476	1648	37557	334	490	0	40029
27477	38358	1320	301	399	0	40378
27478	1677	524	38738	382	0	41321
27479	707	375	1387	39329	0	41798
27480	39703	250	601	1439	0	41993
27481	1367	39641	552	719	0	42279
27482	641	1231	451	39616	0	41939
27483	498	483	353	40677	0	42011
27484	506	383	305	40895	0	42089
27485	465	351	343	41555	0	42714
27486	40268	254	315	1957	0	42794
27487	41248	247	333	895	0	42723
27488	41485	309	373	659	0	42826
27489	41046	224	376	548	0	42194
27490	1973	285	39081	432	0	41771
27491	38930	233	1335	463	0	40961
27492	40572	321	527	412	0	41832
27493	1863	38812	400	444	0	41519
27494	960	40944	326	452	0	42682
27495	659	1539	271	40163	0	42632
27496	610	617	293	40711	0	42231
27497	519	447	38623	1763	0	41352
27498	592	40024	1227	842	0	42685
27499	614	1272	493	39930	0	42309
27500	525	40449	402	1433	0	42809
27501	550	1354	279	41403	0	43586
27502	513	512	303	41569	0	42897
27503	500	42223	296	1884	0	44903
27504	521	1395	262	43645	0	45823
27505	532	573	43016	1713	0	45834
27506	500	453	43274	838	0	45065
27507	41399	269	1642	671	0	43981
27508	44326	247	657	585	0	45815
27509	1752	42809	593	455	0	45609
27510	44181	1403	276	427	0	46287
27511	1808	547	314	43530	0	46199
27512	43444	538	259	1515	0	45756
27513	1652	43193	258	854	0	45957
27514	872	1539	42461	601	0	45473
27515	42384	679	1416	556	0	45035
27516	1730	475	45185	505	0	47895
27517	619	308	39771	321	0	41019
27518	438	337	38997	349	0	40121
27519	418	36662	1163	295	0	38538
27520	35195	1105	1036	279	0	37615
27521	34146	346	246	215	0	34953
27522	912	193	165	33530	0	34800
27523	468	161	162	33138	0	33929
27524	329	34120	191	856	0	35496
27525	35188	601	177	440	0	36406
27526	759	34416	185	507	0	35867
27527	384	33313	174	249	0	34120
27528	33014	647	279	156	0	34096
27529	606	268	163	32196	0	33233
27530	326	228	175	32141	0	32870
27531	278	145	149	32551	0	33123
27532	253	31668	146	717	0	32784
27533	31656	482	100	292	0	32530
27534	579	271	81	31072	0	32003
27535	338	29677	78	488	0	30581
27536	215	30292	73	270	0	30850
27537	179	490	83	29013	0	29765
27538	138	29041	106	451	0	29736
27539	175	430	116	29246	0	29967
27540	28827	249	87	529	0	29692
27541	413	155	27492	220	0	28280
27542	216	28247	347	172	0	28982
27543	150	369	149	29406	0	30074
27544	159	212	29567	431	0	30369
27545	28529	136	413	253	0	29331
27546	501	188	153	30073	0	30915
27547	30030	110	88	498	0	30726
27548	29769	99	80	262	0	30210
27549	583	32032	93	239	0	32947
27550	33718	461	62	137	0	34378
27551	33447	255	65	119	0	33886
27552	33793	183	63	153	0	34192
27553	654	213	57	32461	0	33385
27554	337	114	53	32378	0	32882
27555	215	107	59	33135	0	33516
27556	187	122	32076	644	0	33029
27557	153	31408	406	349	0	32316
27558	31641	366	144	188	0	32339
27559	402	31464	95	209	0	32170
27560	173	403	57	31432	0	32065
27561	159	188	30844	387	0	31578
27562	27566	124	475	227	0	28392
27563	353	30399	136	124	0	31012
27564	172	316	77	30586	0	31151
27565	163	146	47	30961	0	31317
27566	123	121	30333	434	0	31011
27567	96	29916	321	245	0	30578
27568	99	314	125	31181	0	31719
27569	84	158	97	31251	0	31590
27570	109	262	60	30609	0	31040
27571	30082	110	52	498	0	30742
27572	401	103	29856	228	0	30588
27573	186	29152	310	240	0	29888
27574	30147	347	113	128	0	30735
27575	375	29837	117	141	0	30470
27576	217	418	53	29905	0	30593
27577	138	29999	64	513	0	30714
27578	29193	380	45	226	0	29844
27579	29405	164	60	171	0	29800
27580	441	132	73	29705	0	30351
27581	231	119	66	29694	0	30110
27582	141	131	42	32729	0	33043
27583	151	111	32316	647	0	33225
27584	102	34000	456	470	0	35028
27585	145	466	151	43669	0	44431
27586	132	214	123	44884	0	45353
27587	138	141	58	44791	0	45128
27588	107	122	63	44992	0	45284
27589	112	145	42898	1427	0	44582
27590	93	45061	895	644	0	46693
27591	106	1055	339	46285	0	47785
27592	102	458	188	50026	0	50774
27593	146	253	47674	1763	0	49836
27594	105	147	1082	46872	0	48206
27595	82	46173	474	1452	0	48181
27596	117	48391	239	707	0	49454
27597	89	1465	174	48386	0	50114
27598	135	644	45031	1386	0	47196
27599	41073	310	1151	796	0	43330
27600	1078	44522	517	584	0	46701
27601	414	1124	44272	379	0	46189
27602	241	552	44510	328	0	45631
27603	116	43644	1473	324	0	45557
27604	195	1198	45199	292	0	46884
27605	121	884	1366	44379	0	46750
27606	44700	258	604	1213	0	46775
27607	44993	224	348	567	0	46132
27608	45124	204	281	364	0	45973
27609	46549	194	316	299	0	47358
27610	1566	46379	210	405	0	48560
27611	47679	1219	186	272	0	49356
27612	1428	48003	218	340	0	49989
27613	703	1396	46209	252	0	48560
27614	423	650	1235	45290	0	47598
27615	300	47981	531	1250	0	50062
27616	260	1420	341	46980	0	49001
27617	45815	685	257	1510	0	48267
27618	1304	389	266	44730	0	46689
27619	529	46820	252	1506	0	49107
27620	47818	1358	262	761	0	50199
27621	1479	637	47166	513	0	49795
27622	710	407	1310	46971	0	49398
27623	420	309	522	47456	0	48707
27624	46243	314	329	1730	0	48616
27625	1407	45788	314	849	0	48358
27626	630	1457	45492	529	0	48108
27627	434	649	1354	45924	0	48361
27628	356	454	46675	1573	0	49058
27629	284	45440	1431	858	0	48013
27630	263	47806	662	678	0	49409
27631	47302	1778	416	508	0	50004
27632	1451	786	46376	565	0	49178
27633	47653	555	1448	461	0	50117
27634	1511	443	705	46041	0	48700
27635	687	47275	500	1425	0	49887
27636	47748	1452	380	789	0	50369
27637	1517	705	47403	717	0	50342
27638	789	512	1373	47796	0	50470
27639	507	417	711	48639	0	50274
27640	447	467	437	48162	0	49513
27641	406	47465	366	1987	0	50224
27642	46340	1459	442	1017	0	49258
27643	1485	46281	404	703	0	48873
27644	656	47247	396	568	0	48867
27645	486	1867	346	47168	0	49867
27646	46937	904	442	1571	0	49854
27647	46576	587	393	912	0	48468
27648	46696	552	389	688	0	48325
27649	1848	43287	378	669	0	46182
27650	937	1436	327	43755	0	46455
27651	711	862	42805	1591	0	45969
27652	684	581	1365	42692	0	45322
27653	545	504	706	42426	0	44181
27654	545	42898	435	2116	0	45994
27655	43219	1557	386	1238	0	46400
27656	1507	908	336	42386	0	45137
27657	814	43297	426	1597	0	46134
27658	43556	1595	441	955	0	46547
27659	1602	977	42450	714	0	45743
27660	41758	699	1312	696	0	44465
27661	1637	43314	706	650	0	46307
27662	44219	1567	438	508	0	46732
27663	45120	899	447	484	0	46950
27664	1979	710	43696	561	0	46946
27665	43968	632	1434	456	0	46490
27666	1838	483	45796	547	0	48664
27667	1048	570	46372	486	0	48476
27668	45210	485	1738	466	0	47899
27669	46989	501	822	478	0	48790
27670	2144	565	46880	400	0	49989
27671	1107	465	1505	45558	0	48635
27672	837	501	828	45963	0	48129
27673	760	47778	569	1670	0	50777
27674	49583	1487	504	809	0	52383
27675	50268	892	368	597	0	52125
27676	2179	614	49435	512	0	52740
27677	49132	500	1365	491	0	51488
27678	50936	524	675	486	0	52621
27679	2101	49905	453	496	0	52955
27680	1031	1473	425	49986	0	52915
27681	892	749	428	50162	0	52231
27682	633	478	385	48342	0	49838
27683	45983	396	330	1713	0	48422
27684	1453	43324	265	905	0	45947
27685	388	756	136	34660	0	35940
27686	373	33778	113	698	0	34962
27687	262	975	126	33580	0	34943
27688	276	33289	118	659	0	34342
27689	286	34104	142	457	0	34989
27690	32198	604	168	194	0	33164
27691	32526	535	288	129	0	33478
27692	477	95	68	30782	0	31422
27693	181	63	73	30816	0	31133
27694	164	67	45	31388	0	31664
27695	121	59	51	31130	0	31361
27696	89	57	62	30810	0	31018
27697	70	30071	61	548	0	30750
27698	89	353	51	31185	0	31678
27699	109	132	36	31478	0	31755
27700	29986	78	49	495	0	30608
27701	460	62	42	30569	0	31133
27702	161	77	52	31133	0	31423
27703	162	65	31818	536	0	32581
27704	108	60	333	30104	0	30605
27705	97	76	81	32297	0	32551
27706	117	45	32888	565	0	33615
27707	82	32925	388	287	0	33682
27708	103	374	34604	190	0	35271
27709	97	102	33842	115	0	34156
27710	34	31048	391	131	0	31604
27711	33676	223	177	51	0	34127
27712	33295	48	37	41	0	33421
27713	254	42	12	32151	0	32459
27714	32766	24	26	303	0	33119
27715	275	31	33448	84	0	33838
27716	68	23	224	33917	0	34232
27717	77	28	38426	281	0	38812
27718	39	24	256	37706	0	38025
27719	29	35	61	38222	0	38347
27720	41	35	43	39042	0	39161
27721	38371	23	36	362	0	38792
27722	266	22	20	39000	0	39308
27723	39191	26	35	319	0	39571
27724	39044	28	30	145	0	39247
27725	312	38467	54	119	0	38952
27726	40320	240	43	104	0	40707
27727	297	40786	52	103	0	41238
27728	90	279	31	40525	0	40925
27729	90	70	29	40537	0	40726
27730	69	69	32	41405	0	41575
27731	69	59	40860	461	0	41449
27732	63	39085	330	238	0	39716
27733	61	359	91	39869	0	40380
27734	77	111	62	40340	0	40590
27735	72	40415	47	363	0	40897
27736	41764	326	38	148	0	42276
27737	348	40053	43	147	0	40591
27738	40287	357	43	111	0	40798
27739	365	40455	48	288	0	41156
27740	150	358	36	41053	0	41597
27741	78	41214	36	376	0	41704
27742	43079	343	32	166	0	43620
27743	43468	122	34	132	0	43756
27744	43615	75	32	116	0	43838
27745	43055	68	35	110	0	43268
27746	728	94	44195	103	0	45120
27747	43941	69	301	105	0	44416
27748	46062	70	88	111	0	46331
27749	45828	67	64	98	0	46057
27750	472	92	45062	152	0	45778
27751	44063	61	298	126	0	44548
27752	404	45444	131	145	0	46124
27753	47861	323	59	132	0	48375
27754	441	133	51051	120	0	51745
27755	50789	84	326	95	0	51294
27756	52440	82	86	111	0	52719
27757	463	65	62	51955	0	52545
27758	224	76	51437	391	0	52128
27759	51250	48	315	173	0	51786
27760	432	63	83	52856	0	53434
27761	192	44	87	53310	0	53633
27762	152	65	55364	473	0	56054
27763	49185	51	432	218	0	49886
27764	55467	48	117	153	0	55785
27765	473	53840	138	150	0	54601
27766	210	395	79	56005	0	56689
27767	165	129	73	55716	0	56083
27768	129	88	67	55374	0	55658
27769	124	55780	128	493	0	56525
27770	57458	380	64	202	0	58104
27771	478	140	56	56786	0	57460
27772	242	93	48	57032	0	57415
27773	56518	68	70	528	0	57184
27774	54542	61	81	225	0	54909
27775	521	60	78	55400	0	56059
27776	224	67	58	54696	0	55045
27777	165	72	52806	572	0	53615
27778	47831	61	370	273	0	48535
27779	462	52249	154	218	0	53083
27780	176	385	54	57567	0	58182
27781	174	106	60	58916	0	59256
27782	157	59098	83	785	0	60123
27783	181	757	40	62251	0	63229
27784	68400	291	43	1015	0	69749
27785	1420	218	51	81207	0	82896
27786	614	132	40	83736	0	84522
27787	361	115	23	86689	0	87188
27788	255	144	81370	4162	0	85931
27789	168	71	2161	83361	0	85761
27790	229	169	80326	3656	0	84380
27791	158	77727	2651	1936	0	82472
27792	136	2245	1263	81299	0	84943
27793	171	1006	766	82986	0	84929
27794	131	620	395	84972	0	86118
27795	113	347	309	84949	0	85718
27796	109	270	237	86486	0	87102
27797	80403	149	202	4819	0	85573
27798	2346	247	78783	2774	0	84150
27799	1158	76884	2191	1871	0	82104
27800	710	83874	1092	1349	0	87025
27801	420	3158	742	83797	0	88117
27802	313	1833	407	85809	0	88362
27803	220	1007	402	84936	0	86565
27804	177	81000	277	4351	0	85805
27805	181	2481	210	85087	0	87959
27806	198	1374	78556	3915	0	84043
27807	95	77271	2176	2362	0	81904
27808	102	2678	1078	81666	0	85524
27809	78710	1335	692	3407	0	84144
27810	2291	797	402	81073	0	84563
27811	1176	560	322	81152	0	83210
27812	761	74856	309	4089	0	80015
27813	454	80910	278	2522	0	84164
27814	363	3199	215	82756	0	86533
27815	227	1757	165	83682	0	85831
27816	216	1061	77749	4469	0	83495
27817	207	775	2127	77432	0	80541
27818	151	493	1132	79798	0	81574
27819	133	435	854	79649	0	81071
27820	121	475	541	81436	0	82573
27821	76828	357	436	5160	0	82781
27822	77738	356	310	3237	0	81641
27823	3412	297	249	79849	0	83807
27824	1919	277	253	83336	0	85785
27825	79575	345	196	5166	0	85282
27826	3030	333	237	83197	0	86797
27827	1699	370	77361	4960	0	84390
27828	1037	77425	2533	3302	0	84297
27829	749	2442	1513	81871	0	86575
27830	515	1434	962	84321	0	87232
27831	80631	1005	660	5216	0	87512
27832	2654	749	489	84312	0	88204
27833	1481	597	304	87306	0	89688
27834	84172	414	273	5859	0	90718
27835	3280	446	242	85603	0	89571
27836	1820	81359	305	5171	0	88655
27837	1163	2707	297	88280	0	92447
27838	908	1538	293	92765	0	95504
27839	719	1048	314	92830	0	94911
27840	544	757	348	93842	0	95491
27841	526	792	84970	6576	0	92864
27842	426	677	85105	4117	0	90325
27843	320	656	3887	87916	0	92779
27844	317	587	2019	87879	0	90802
27845	258	84593	1224	6028	0	92103
27846	353	3117	805	85160	0	89435
27847	415	83178	738	5343	0	89674
27848	82525	3668	561	3476	0	90230
27849	3036	85689	518	2773	0	92016
27850	1625	3963	362	89419	0	95369
27851	1036	2125	271	92565	0	95997
27852	825	1420	84219	6118	0	92582
27853	79960	956	2809	4009	0	87734
27854	82917	789	1582	2943	0	88231
27855	4291	81612	1105	2595	0	89603
27856	2346	3175	798	81714	0	88033
27857	1572	1822	82585	4410	0	90389
27858	900	84202	3151	3220	0	91473
27859	84634	3589	1693	2520	0	92436
27860	86175	2100	1009	2048	0	91332
27861	4874	1302	79985	2057	0	88218
27862	81652	1014	2997	1788	0	87451
27863	4546	762	1556	80794	0	87658
27864	2562	79384	1034	4545	0	87525
27865	81780	3208	803	2833	0	88624
27866	4064	1802	662	81220	0	87748
27867	82099	1262	537	4525	0	88423
27868	86016	976	479	3074	0	90545
27869	5164	857	440	83077	0	89538
27870	2920	745	80036	4868	0	88569
27871	82729	701	2986	3301	0	89717
27872	87040	625	1565	2385	0	91615
27873	86484	550	1017	2026	0	90077
27874	5518	84826	864	1899	0	93107
27875	3200	3218	605	86014	0	93037
27876	1966	1808	480	92459	0	96713
27877	1533	1365	85581	5926	0	94405
27878	1225	1027	3096	87700	0	93048
27879	992	85375	1661	5426	0	93454
27880	82605	3270	971	3217	0	90063
27881	3415	82909	764	2518	0	89606
27882	2005	3531	78719	1923	0	86178
27883	1237	81051	3171	1744	0	87203
27884	871	77803	1647	1418	0	81739
27885	838	1972	797	62255	0	65862
27886	61937	878	287	1612	0	64714
27887	61209	376	318	917	0	62820
27888	60564	341	163	545	0	61613
27889	2012	59884	212	699	0	62807
27890	963	1375	59272	443	0	62053
27891	60371	713	1222	421	0	62727
27892	63034	476	614	443	0	64567
27893	1972	60982	312	475	0	63741
27894	63448	1367	241	356	0	65412
27895	1752	703	209	62543	0	65207
27896	942	469	63490	1641	0	66542
27897	64711	310	1347	873	0	67241
27898	65822	355	635	508	0	67320
27899	67935	288	355	403	0	68981
27900	2240	315	232	65371	0	68158
27901	1079	358	201	67611	0	69249
27902	671	310	194	71058	0	72233
27903	514	69579	269	2594	0	72956
27904	568	1864	220	77698	0	80350
27905	545	906	166	82897	0	84514
27906	560	588	79182	3500	0	83830
27907	464	435	2464	80421	0	83784
27908	527	338	866	83785	0	85516
27909	529	335	493	83223	0	84580
27910	509	335	346	82201	0	83391
27911	526	78504	335	4171	0	83536
27912	557	2702	297	81738	0	85294
27913	517	983	353	82346	0	84199
27914	79240	594	374	4245	0	84453
27915	3152	453	76786	2008	0	82399
27916	1343	471	75652	1398	0	78864
27917	74333	404	3360	1098	0	79195
27918	79531	411	1233	963	0	82138
27919	3874	483	714	68085	0	73156
27920	1632	76012	482	2740	0	80866
27921	78153	2795	403	1255	0	82606
27922	3332	1023	435	75237	0	80027
27923	1440	77100	508	3022	0	82070
27924	77152	2620	364	1242	0	81378
27925	3026	76759	305	950	0	81040
27926	76480	2884	227	764	0	80355
27927	75555	1140	210	751	0	77656
27928	3541	72257	277	704	0	76779
27929	1527	2595	199	73655	0	77976
27930	1051	1068	71092	2968	0	76179
27931	771	1243	2315	71289	0	75618
27932	71889	552	746	3128	0	76315
27933	2843	538	68339	1375	0	73095
27934	1287	67153	2235	1191	0	71866
27935	882	2444	765	69624	0	73715
27936	681	1018	66302	2900	0	70901
27937	514	65909	2365	1400	0	70188
27938	66333	2280	833	1006	0	70452
27939	2358	944	617	66451	0	70370
27940	996	618	471	67747	0	69832
27941	728	485	429	67000	0	68642
27942	466	64874	376	3352	0	69068
27943	65766	2348	338	1481	0	69933
27944	2389	63894	354	1153	0	67790
27945	972	66484	235	904	0	68595
27946	66755	2687	253	804	0	70499
27947	67376	1082	237	777	0	69472
27948	2978	904	63224	744	0	67850
27949	62954	589	1999	612	0	66154
27950	63328	569	731	492	0	65120
27951	3178	578	476	60657	0	64889
27952	1582	565	59419	2419	0	63985
27953	1112	508	2095	60237	0	63952
27954	60898	390	761	2804	0	64853
27955	2809	387	60173	1188	0	64557
27956	1296	334	2331	64463	0	68424
27957	1091	338	875	71390	0	73694
27958	795	360	617	81373	0	83145
27959	78575	312	474	5182	0	84543
27960	3988	78901	435	2105	0	85429
27961	81076	3881	374	1292	0	86623
27962	4600	1198	78287	1016	0	85101
27963	1489	758	3717	77566	0	83530
27964	1006	79734	1093	4443	0	86276
27965	81463	3973	759	1767	0	87962
27966	4302	1238	453	81974	0	87967
27967	1659	957	77129	4641	0	84386
27968	1090	837	3627	78464	0	84018
27969	75268	548	1188	4834	0	81838
27970	3980	74188	779	1980	0	80927
27971	1417	4054	444	69281	0	75196
27972	1027	73674	407	4052	0	79160
27973	73962	4142	413	1779	0	80296
27974	74327	1267	414	1350	0	77358
27975	4870	71677	414	1144	0	78105
27976	70990	3814	365	846	0	76015
27977	4430	1235	348	66446	0	72459
27978	1536	68506	383	3686	0	74111
27979	69227	3918	333	1274	0	74752
27980	71509	1257	318	925	0	74009
27981	4943	65245	342	761	0	71291
27982	1925	68896	300	717	0	71838
27983	67340	4144	351	664	0	72499
27984	4230	1418	270	67021	0	72939
27985	67962	1011	226	3955	0	73154
27986	4563	798	197	67961	0	73519
27987	1721	749	64567	4199	0	71236
27988	1247	705	3179	68476	0	73607
27989	67373	726	746	4348	0	73193
27990	4417	657	65539	1428	0	72041
27991	1598	554	3482	66566	0	72200
27992	1178	530	886	71704	0	74298
27993	1025	465	66580	4908	0	72978
27994	64173	427	3566	1813	0	69979
27995	4022	436	1051	67742	0	73251
27996	1461	488	62963	4192	0	69104
27997	58114	456	3636	1489	0	63695
27998	3549	62793	1135	1291	0	68768
27999	1228	64621	839	1088	0	67776
28000	1058	65506	616	981	0	68161
28001	933	4077	59105	926	0	65041
28002	660	1467	2967	58308	0	63402
28003	583	705	56677	3672	0	61637
28004	515	1501	2430	49982	0	54428
28005	390	47523	681	2662	0	51256
28006	366	48828	395	851	0	50440
28007	318	2671	253	48098	0	51340
28008	47694	898	218	2468	0	51278
28009	2277	463	259	49059	0	52058
28010	733	381	231	49806	0	51151
28011	463	47604	234	2972	0	51273
28012	47921	2183	216	1000	0	51320
28013	2264	48345	225	693	0	51527
28014	743	2644	193	50085	0	53665
28015	535	857	178	50982	0	52552
28016	458	49295	220	2938	0	52911
28017	426	2346	224	51107	0	54103
28018	50104	774	195	3068	0	54141
28019	2613	659	208	50529	0	54009
28020	1129	717	200	51023	0	53069
28021	943	48912	293	2909	0	53057
28022	781	2378	408	51243	0	54810
28023	47871	870	355	3024	0	52120
28024	50209	777	222	1342	0	52550
28025	51326	671	227	998	0	53222
28026	3422	537	256	49765	0	53980
28027	1323	587	47133	3012	0	52055
28028	1019	581	47716	1404	0	50720
28029	932	704	2451	49231	0	53318
28030	49748	721	771	2987	0	54227
28031	2738	712	379	50301	0	54130
28032	50914	735	262	3055	0	54966
28033	3226	603	234	50866	0	54929
28034	1553	523	273	53636	0	55985
28035	52316	648	267	3338	0	56569
28036	3211	632	49207	1365	0	54415
28037	50938	575	2218	1075	0	54806
28038	3136	655	49463	935	0	54189
28039	1509	513	2336	49732	0	54090
28040	51082	400	754	2790	0	55026
28041	3135	526	50142	1101	0	54904
28042	1255	656	51133	857	0	53901
28043	50141	498	2810	799	0	54248
28044	3073	404	50845	887	0	55209
28045	1293	50140	2674	944	0	55051
28046	962	2384	929	55628	0	59903
28047	59659	689	796	3209	0	64353
28048	2932	437	59730	1482	0	64581
28049	60305	316	2626	1176	0	64423
28050	63542	285	1176	956	0	65959
28051	63524	289	844	1079	0	65736
28052	63789	328	711	1052	0	65880
28053	3485	383	705	59696	0	64269
28054	1501	60010	672	2912	0	65095
28055	60197	2382	591	1398	0	64568
28056	2730	707	54437	944	0	58818
28057	815	44330	1292	519	0	46956
28058	40956	674	525	270	0	42425
28059	752	37150	310	224	0	38436
28060	388	40012	170	171	0	40741
28061	1092	738	393	39573	0	41796
28062	295	309	134	40220	0	40958
28063	187	182	139	40475	0	40983
28064	41505	100	111	857	0	42573
28065	42049	92	114	396	0	42651
28066	940	68	121	43072	0	44201
28067	460	67	123	45238	0	45888
28068	333	103	45146	1124	0	46706
28069	43308	85	1021	515	0	44929
28070	47460	82	334	328	0	48204
28071	1429	71	231	46745	0	48476
28072	629	67	152	48103	0	48951
28073	426	63	46666	1481	0	48636
28074	317	56	1193	45818	0	47384
28075	316	68	47576	1399	0	49359
28076	276	45868	1266	621	0	48031
28077	284	1081	49171	367	0	50903
28078	303	431	1199	46490	0	48423
28079	206	233	50305	1206	0	51950
28080	205	189	48258	466	0	49118
28081	47117	116	1409	315	0	48957
28082	1288	126	565	52800	0	54779
28083	513	116	53357	1282	0	55268
28084	46815	178	1383	520	0	48896
28085	1407	122	53962	386	0	55877
28086	551	131	58821	316	0	59819
28087	396	57821	1561	363	0	60141
28088	274	1079	579	59751	0	61683
28089	290	358	59740	1244	0	61632
28090	301	259	58996	483	0	60039
28091	260	174	1500	58469	0	60403
28092	251	114	686	59208	0	60259
28093	292	59114	470	1451	0	61327
28094	270	1154	346	62225	0	63995
28095	62499	374	301	1526	0	64700
28096	61400	265	294	732	0	62691
28097	62531	175	274	560	0	63540
28098	1742	120	306	60592	0	62760
28099	774	61130	317	1403	0	63624
28100	62482	1161	306	641	0	64590
28101	1272	61450	319	544	0	63585
28102	546	60629	309	430	0	61914
28103	412	61622	332	388	0	62754
28104	62420	1448	347	302	0	64517
28105	1338	557	302	60764	0	62961
28106	594	323	305	61526	0	62748
28107	399	61457	390	1568	0	63814
28108	61983	1206	353	678	0	64220
28109	1401	473	60202	479	0	62555
28110	523	379	1355	60942	0	63199
28111	62222	360	572	1377	0	64531
28112	1284	63510	453	762	0	66009
28113	68809	1199	442	512	0	70962
28114	1431	498	399	67607	0	69935
28115	565	69250	353	1425	0	71593
28116	494	1335	67694	703	0	70226
28117	66971	563	1222	480	0	69236
28118	1400	377	504	71321	0	73602
28119	73525	243	370	1467	0	75605
28120	1673	226	274	72507	0	74680
28121	791	69305	359	1559	0	72014
28122	639	1229	73610	797	0	76275
28123	493	673	73647	523	0	75336
28124	351	486	1290	73741	0	75868
28125	76789	339	646	1251	0	79025
28126	76407	302	366	557	0	77632
28127	1446	298	279	74824	0	76847
28128	759	181	265	76236	0	77441
28129	77843	208	244	1663	0	79958
28130	1291	225	273	77693	0	79482
28131	78707	267	334	1500	0	80808
28132	1477	76103	338	729	0	78647
28133	77427	1126	356	620	0	79529
28134	1555	445	78433	889	0	81322
28135	835	358	1150	78043	0	80386
28136	551	325	510	80449	0	81835
28137	519	214	467	81244	0	82444
28138	406	77716	377	1835	0	80334
28139	354	77669	359	1005	0	79387
28140	350	1371	376	80405	0	82502
28141	388	618	78881	1548	0	81435
28142	322	371	1196	78188	0	80077
28143	418	282	580	81039	0	82319
28144	286	78454	491	1758	0	80989
28145	78565	1188	412	777	0	80942
28146	1158	75346	447	608	0	77559
28147	535	75839	447	471	0	77292
28148	464	1453	320	75996	0	78233
28149	484	666	244	76589	0	77983
28150	478	373	278	75890	0	77019
28151	341	267	295	77209	0	78112
28152	76452	205	284	1784	0	78725
28153	1153	74604	302	938	0	76997
28154	77702	1122	239	667	0	79730
28155	79639	526	283	446	0	80894
28156	1371	484	236	78276	0	80367
28157	692	268	213	79786	0	80959
28158	79337	229	267	1634	0	81467
28159	76697	256	164	935	0	78052
28160	1362	308	108	75876	0	77654
28161	708	339	73	76505	0	77625
28162	527	384	75346	1523	0	77780
28163	457	71359	1014	842	0	73672
28164	423	76325	322	639	0	77709
28165	75787	981	371	439	0	77578
28166	984	398	77444	477	0	79303
28167	404	377	72741	348	0	73870
28168	68888	356	841	184	0	70269
28169	74130	159	323	184	0	74796
28170	578	80391	212	222	0	81403
28171	267	85441	143	245	0	86096
28172	229	536	62	89029	0	89856
28173	94031	261	96	678	0	95066
28174	93863	177	29	414	0	94483
28175	94378	132	62	321	0	94893
28176	721	236	98	92056	0	93111
28177	356	197	61	93169	0	93783
28178	377	145	92664	645	0	93831
28179	328	235	86843	368	0	87774
28180	184	252	93043	339	0	93818
28181	154	1226	453	89935	0	91768
28182	92006	43	167	348	0	92564
28183	339	58	95731	150	0	96278
28184	116	47	234	93678	0	94075
28185	88	95272	159	329	0	95848
28186	69	272	61	95801	0	96203
28187	59	104	36	96052	0	96251
28188	91	82	99559	573	0	100305
28189	71	53	584	96545	0	97253
28190	105238	40	174	720	0	106172
28191	1174	100	109092	299	0	110665
28192	363	69	1088	108886	0	110406
28193	251	108	112692	1256	0	114307
28194	161	107358	1469	556	0	109544
28195	215	1238	113121	295	0	114869
28196	121	410	1470	107606	0	109607
28197	100	223	502	115294	0	116119
28198	122	307	117684	1865	0	119978
28199	60	118	1400	112520	0	114098
28200	98	135	484	114118	0	114835
28201	85	111801	434	1885	0	114205
28202	190	1279	115770	754	0	117993
28203	134	397	1447	114691	0	116669
28204	115	255	527	119677	0	120574
28205	96	118246	392	1936	0	120670
28206	98	1547	271	124240	0	126156
28207	124502	525	228	1947	0	127202
28208	1460	317	225	124441	0	126443
28209	512	237	123944	1997	0	126690
28210	119953	154	1593	959	0	122659
28211	128966	153	629	632	0	130380
28212	2392	188	129809	504	0	132893
28213	121787	118	1924	475	0	124304
28214	2196	125888	837	423	0	129344
28215	900	1805	511	131407	0	134623
28216	545	694	371	144791	0	146401
28217	433	445	272	144347	0	145497
28218	314	299	260	146221	0	147094
28219	288	218	233	147524	0	148263
28220	144463	198	232	4367	0	149260
28221	2864	234	140663	1960	0	145721
28222	135018	136	2779	1331	0	139264
28223	3285	193	138996	1146	0	143620
28224	1353	158	3005	139010	0	143526
28225	141071	147	1219	3340	0	145777
28226	3219	173	746	138446	0	142584
28227	1389	137610	698	3339	0	143036
28228	144821	2574	549	1552	0	149496
28229	3190	938	458	150230	0	154816
28230	1370	565	146452	3649	0	152036
28231	135961	380	2774	1874	0	140989
28232	3241	153727	1176	1490	0	159634
28233	1428	2799	161509	1334	0	167070
28234	1107	1103	3151	160290	0	165651
28235	948	737	1363	160531	0	163579
28236	716	159664	1031	4208	0	165619
28237	846	2906	160405	2001	0	166158
28238	664	1130	3126	159865	0	164785
28239	685	1067	166789	4315	0	172856
28240	574	548	3541	164598	0	169261
28241	579	469	1468	169609	0	172125
28242	688	522	169389	4994	0	175593
28243	657	419	3520	167681	0	172277
28244	764	527	1907	158337	0	161535
28245	791	370	1193	177611	0	179965
28246	671	421	1146	179109	0	181347
28247	173007	322	889	6009	0	180227
28248	3749	411	167918	3158	0	175236
28249	176035	652	3770	2589	0	183046
28250	4463	425	1746	187592	0	194226
28251	1854	450	1411	191997	0	195712
28252	1311	472	1127	191743	0	194653
28253	1200	182819	1069	6249	0	191337
28254	190081	3799	892	3400	0	198172
28255	4215	1502	1038	208001	0	214756
28256	1878	202910	950	5563	0	211301
28257	1123	3978	929	212902	0	218932
28258	213247	1505	1027	5920	0	221699
28259	209425	1142	850	3439	0	214856
28260	212440	924	962	2679	0	217005
28261	5478	206449	1119	2509	0	215555
28262	2499	3966	210380	2305	0	219150
28263	206743	1620	4152	2352	0	214867
28264	218492	1022	1866	2233	0	223613
28265	5476	212722	1388	2434	0	222020
28266	218611	4129	1031	2252	0	226023
28267	216649	1666	985	2065	0	221365
28268	220090	1120	813	2239	0	224262
28269	6403	225236	1048	2174	0	234861
28270	3196	4143	848	229820	0	238007
28271	232746	1780	710	5564	0	240800
28272	237951	1242	689	2979	0	242861
28273	234692	907	648	2541	0	238788
28274	235804	829	561	2218	0	239412
28275	7281	977	615	231625	0	240498
28276	3698	1002	228263	5810	0	238773
28277	2973	791	4301	229629	0	237694
28278	2422	231408	1676	6076	0	241582
28279	2276	4793	1054	247145	0	255268
28280	2236	2004	242820	6593	0	253653
28281	244205	1670	4970	3079	0	253924
28282	6747	991	1851	255927	0	265516
28283	253828	1073	1271	6673	0	262845
28284	254770	1104	1054	3186	0	260114
28285	8163	877	835	258392	0	268267
28286	4296	899	260346	6715	0	272256
28287	3512	1176	238925	2848	0	246461
28288	230850	957	5937	2243	0	239987
28289	6621	246778	2512	2168	0	258079
28290	3273	248276	1412	1753	0	254714
28291	2772	254856	1112	1777	0	260517
28292	2367	263521	929	1786	0	268603
28293	262303	6058	1330	1445	0	271136
28294	263678	2212	874	1446	0	268210
28295	262302	1468	675	1500	0	265945
28296	263611	1395	636	1448	0	267090
28297	6825	1276	627	254062	0	262790
28298	3563	251208	1123	4837	0	260731
28299	259006	4294	938	2109	0	266347
28300	6182	1872	254238	1736	0	264028
28301	3232	250353	4225	2018	0	259828
28302	2679	4280	253798	1480	0	262237
28303	249505	1728	4373	1553	0	257159
28304	260655	1253	1820	1515	0	265243
28305	259644	1287	1308	1301	0	263540
28306	6711	1164	974	256987	0	265836
28307	3484	1337	253613	4690	0	263124
28308	2727	248336	4207	2156	0	257426
28309	251760	4134	1564	1473	0	258931
28310	5460	247020	1116	1747	0	255343
28311	2856	243473	858	1481	0	248668
28312	2420	245538	735	1281	0	249974
28313	2152	246612	801	1487	0	251052
28314	2540	5287	227042	938	0	235807
28315	1831	234777	3537	1178	0	241323
28316	226784	3374	964	711	0	231833
28317	3475	1393	557	225683	0	231108
28318	1610	1115	472	230864	0	234061
28319	229683	876	519	3493	0	234571
28320	3562	220830	728	1503	0	226623
28321	2069	3190	223661	947	0	229867
28322	1663	1205	2734	221989	0	227591
28323	1651	925	899	228841	0	232316
28324	1490	840	677	231045	0	234052
28325	1305	906	226550	3693	0	232454
28326	1271	953	224763	1367	0	228354
28327	1379	807	3322	224070	0	229578
28328	1513	878	227307	3057	0	232755
28329	1358	1072	213469	1237	0	217136
28330	181340	1026	3532	1148	0	187046
28331	3220	207329	1419	1164	0	213132
28332	1500	203001	866	1037	0	206404
28333	1568	207995	687	1031	0	211281
28334	1523	3495	683	201783	0	207484
28335	1398	206585	644	2511	0	211138
28336	212284	3020	841	1110	0	217255
28337	3418	1393	209352	996	0	215159
28338	211367	1131	3060	791	0	216349
28339	3817	972	1174	218688	0	224651
28340	1507	955	975	224083	0	227520
28341	1178	227123	872	4040	0	233213
28342	230107	3770	864	1687	0	236428
28343	230366	1499	817	1154	0	233836
28344	5393	244299	752	1055	0	251499
28345	2322	4864	507	244464	0	252157
28346	1617	1855	243710	4860	0	252042
28347	1386	1381	242790	1873	0	247430
28348	1152	242313	5989	1749	0	251203
28349	249458	4982	2200	1096	0	257736
28350	5471	2041	246970	576	0	255058
28351	2273	1222	4893	242115	0	250503
28352	249468	975	1999	4879	0	257321
28353	250936	948	1155	1942	0	254981
28354	6711	313599	1237	1139	0	322686
28355	2757	333088	1050	1014	0	337909
28356	336554	11051	884	663	0	349152
28357	10001	4702	330419	758	0	345880
28358	332419	2614	9392	910	0	345335
28359	342062	1546	3171	643	0	347422
28360	12808	1404	2069	335569	0	351850
28361	5742	1237	340059	9673	0	356711
28362	3177	1243	340100	3279	0	347799
28363	330184	921	12916	2201	0	346222
28364	11707	1286	342413	1132	0	356538
28365	324524	1125	11877	938	0	338464
28366	339158	1244	4278	802	0	345482
28367	13257	326998	3126	1176	0	344557
28368	6544	10099	323562	694	0	340899
28369	3845	318112	10892	978	0	333827
28370	321389	11011	4294	899	0	337593
28371	11867	4570	315341	718	0	332496
28372	5107	3078	10852	304177	0	323214
28373	4061	1735	314230	9894	0	329920
28374	3415	1461	315731	3470	0	324077
28375	3657	1358	314426	1995	0	321436
28376	3275	1322	310586	2094	0	317277
28377	2720	294455	15310	1767	0	314252
28378	3071	10599	295746	1018	0	310434
28379	2942	286334	12530	1266	0	303072
28380	3677	11269	287701	727	0	303374
28381	283178	4789	13393	792	0	302152
28382	12776	3320	5573	255790	0	277459
28383	5940	283392	4838	7679	0	301849
28384	284737	9805	3976	3752	0	302270
28385	286600	4358	4837	2178	0	297973
28386	278144	3267	4523	1597	0	287531
28387	281032	2285	4664	960	0	288941
28388	14694	273801	5181	1490	0	295166
28389	275302	10241	3854	1142	0	290539
28390	276517	4687	4483	1069	0	286756
28391	14529	258700	4054	1620	0	278903
28392	7122	11081	247386	1124	0	266713
28393	5271	6000	11612	241965	0	264848
28394	4613	254292	6814	9240	0	274959
28395	4071	11352	255951	3554	0	274928
28396	5061	5234	258419	3237	0	271951
28397	4421	251016	15772	1811	0	273020
28398	4465	257075	8185	1920	0	271645
28399	4249	271815	6571	1580	0	284215
28400	4329	277946	5017	1298	0	288590
28401	265703	16631	4851	1021	0	288206
28402	274430	8321	4788	1254	0	288793
28403	16574	6501	269194	1481	0	293750
28404	8982	4618	277724	1244	0	292568
28405	7202	4243	15903	264979	0	292327
28406	5693	3990	8712	273492	0	291887
28407	5859	4661	5946	282805	0	299271
28408	273180	4046	5571	14457	0	297254
28409	14547	272560	5072	6612	0	298791
28410	8884	287337	4650	3712	0	304583
28411	7744	296723	4734	2223	0	311424
28412	284298	19165	4705	1844	0	310012
28413	293054	9475	5130	1786	0	309445
28414	19602	7319	4861	284401	0	316183
28415	295239	5796	5765	11879	0	318679
28416	299534	5475	5909	5476	0	316394
28417	20016	5424	5131	292028	0	322599
28418	291098	5680	5650	13776	0	316204
28419	17997	284968	7165	6610	0	316740
28420	10339	14456	7552	290641	0	322988
28421	8603	9077	278745	13144	0	309569
28422	7611	282998	16619	6198	0	313426
28423	7733	16803	284703	4709	0	313948
28424	7623	9845	17411	257697	0	292576
28425	8422	288843	10109	11441	0	318815
28426	8428	15657	8660	282111	0	314856
28427	7793	8775	8242	295566	0	320376
28428	8503	6712	283830	16593	0	315638
28429	7573	5486	295576	9037	0	317672
28430	6854	5446	19630	291665	0	323595
28431	6907	6051	11585	272704	0	297247
28432	7559	293228	8893	15615	0	325295
28433	277164	16699	7417	7978	0	309258
28434	16783	289867	7171	5869	0	319690
28435	9421	300932	6850	4317	0	321520
28436	8289	20199	273904	4535	0	306927
28437	6124	284232	16142	4662	0	311160
28438	6277	17078	9665	249374	0	282394
28439	6650	277239	7662	13162	0	304713
28440	5722	15972	6407	255397	0	283498
28441	5239	266290	6336	14447	0	292312
28442	260914	16473	5594	6704	0	289685
28443	14795	267623	5388	5738	0	293544
28444	7315	15772	4636	229027	0	256750
28445	6130	247701	4969	11331	0	270131
28446	246884	16154	4259	5085	0	272382
28447	244223	9100	3807	4497	0	261627
28448	16004	242682	3481	3910	0	266077
28449	235648	14473	2983	2733	0	255837
28450	14356	9758	2883	226025	0	253022
28451	7199	6831	220852	12156	0	247038
28452	5989	5430	225284	5889	0	242592
28453	4530	226613	14608	5217	0	250968
28454	145823	6556	3696	1732	0	157807
28455	145503	2690	1962	1410	0	151565
28456	6081	2171	139336	1346	0	148934
28457	2438	1904	138165	1250	0	143757
28458	129609	1677	5192	1174	0	137652
28459	136712	1691	2909	1282	0	142594
28460	5542	1756	130906	1263	0	139467
28461	120463	1608	3979	1172	0	127222
28462	4523	122319	1771	1161	0	129774
28463	1933	131123	1198	1075	0	135329
28464	1610	5298	1038	127748	0	135694
28465	1188	2617	984	132027	0	136816
28466	130471	1822	1009	5159	0	138461
28467	130255	1624	943	2166	0	134988
28468	130694	1502	917	1565	0	134678
28469	5347	1619	853	128690	0	136509
28470	2562	1538	840	130100	0	135040
28471	1900	122658	975	4928	0	130461
28472	1471	127060	1094	2288	0	131913
28473	1387	131124	1142	1582	0	135235
28474	1498	5606	969	121255	0	129328
28475	1562	126343	860	3920	0	132685
28476	1796	4990	121095	1840	0	129721
28477	114538	2447	3998	1440	0	122423
28478	4549	2054	124170	1254	0	132027
28479	2291	1851	124317	1191	0	129650
28480	117421	1730	4487	1111	0	124749
28481	4518	122334	1863	1282	0	129997
28482	125944	4496	1311	1186	0	132937
28483	126222	2357	971	1296	0	130846
28484	5381	2161	124115	1392	0	133049
28485	2690	1766	124568	1274	0	130298
28486	2057	122487	4617	1426	0	130587
28487	1891	4824	123728	1387	0	131830
28488	1888	2519	4175	123674	0	132256
28489	1841	1950	2025	114944	0	120760
28490	1647	123417	1737	4479	0	131280
28491	1558	130243	1457	2109	0	135367
28492	128269	5515	1152	1536	0	136472
28493	133660	2806	1179	1252	0	138897
28494	5437	2139	1191	131255	0	140022
28495	2704	1978	1314	136881	0	142877
28496	131641	1649	1292	4986	0	139568
28497	131303	1652	1409	2143	0	136507
28498	5335	132450	1480	1588	0	140853
28499	122234	3934	1096	933	0	128197
28500	4313	115337	1162	900	0	121712
28501	2158	120547	1033	902	0	124640
28502	121477	4516	847	867	0	127707
28503	120894	2145	835	930	0	124804
28504	4767	1732	789	117178	0	124466
28505	115877	1325	974	3397	0	121573
28506	4489	1262	110777	1182	0	117710
28507	2001	111906	3112	1156	0	118175
28508	112803	3567	1062	1083	0	118515
28509	3957	1448	111012	1410	0	117827
28510	1609	1602	2416	100314	0	105941
28511	1472	101391	1052	2225	0	106140
28512	1342	105704	812	864	0	108722
28513	107853	3113	1103	833	0	112902
28514	3197	1352	102917	592	0	108058
28515	96932	849	2051	448	0	100280
28516	2719	659	824	98735	0	102937
28517	1392	647	96988	2067	0	101094
28518	95788	648	2104	718	0	99258
28519	2587	98618	932	626	0	102763
28520	1145	103553	806	615	0	106119
28521	106192	2656	713	423	0	109984
28522	105530	1203	420	519	0	107672
28523	107494	877	373	470	0	109214
28524	2878	990	392	104157	0	108417
28525	1565	519	365	106392	0	108841
28526	1186	556	103895	2184	0	107821
28527	1154	585	101143	941	0	103823
28528	874	101449	2092	801	0	105216
28529	582	2255	533	98575	0	101945
28530	97919	583	443	1360	0	100305
28531	1493	94836	312	900	0	97541
28532	863	1501	282	97597	0	100243
28533	97091	584	282	1403	0	99360
28534	1445	93013	315	757	0	95530
28535	749	98103	285	461	0	99598
28536	862	1720	93936	305	0	96823
28537	94065	625	1312	329	0	96331
28538	99955	423	456	351	0	101185
28539	1640	399	95788	292	0	98119
28540	89788	360	1134	239	0	91521
28541	1467	428	96023	181	0	98099
28542	540	90485	1016	226	0	92267
28543	648	1082	344	92231	0	94305
28544	91167	367	293	848	0	92675
28545	962	88359	256	293	0	89870
28546	503	88106	182	229	0	89020
28547	87779	800	135	165	0	88879
28548	842	412	87960	105	0	89319
28549	84893	202	857	140	0	86092
28550	719	88392	276	156	0	89543
28551	372	771	84957	80	0	86180
28552	86571	270	559	84	0	87484
28553	90811	178	184	84	0	91257
28554	791	165	143	87537	0	88636
28555	344	200	109	89491	0	90144
28556	256	86370	141	713	0	87480
28557	273	804	86518	243	0	87838
28558	230	245	710	88723	0	89908
28559	253	176	95411	975	0	96815
28560	222	206	95581	375	0	96384
28561	180	122	1446	100295	0	102043
28562	213	139	103968	1612	0	105932
28563	236	211	100615	435	0	101497
28564	174	155	1999	94493	0	96821
28565	213	255	99496	1712	0	101676
28566	90080	128	1923	493	0	92624
28567	1631	91210	799	477	0	94117
28568	539	1601	98822	238	0	101200
28569	460	490	103969	269	0	105188
28570	254	330	1970	101423	0	103977
28571	108958	189	702	1641	0	111490
28572	109300	132	483	488	0	110403
28573	109176	139	293	337	0	109945
28574	109491	140	289	228	0	110148
28575	2276	219	285	105772	0	108552
28576	844	191	107393	1727	0	110155
28577	108049	121	1664	536	0	110370
28578	111155	141	558	362	0	112216
28579	111626	125	416	308	0	112475
28580	2362	161	106815	338	0	109676
28581	97101	137	1785	276	0	99299
28582	2037	372	656	112824	0	115889
28583	741	113727	607	1816	0	116891
28584	522	2342	415	111381	0	114660
28585	380	112982	457	2282	0	116101
28586	117201	2130	441	643	0	120415
28587	2445	576	115907	507	0	119435
28588	669	352	2325	111946	0	115292
28589	509	113040	829	2088	0	116466
28590	367	118244	611	630	0	119852
28591	119491	2631	487	389	0	122998
28592	119681	778	416	296	0	121171
28593	2924	539	111777	277	0	115517
28594	113007	294	2479	241	0	116021
28595	2861	222	709	113510	0	117302
28596	1108	202	116181	2416	0	119907
28597	933	247	116133	676	0	117989
28598	720	185	2739	120244	0	123888
28599	125873	150	977	2763	0	129763
28600	3053	321	646	123533	0	127553
28601	1156	200	473	126219	0	128048
28602	834	206	482	125055	0	126577
28603	724	123810	484	3695	0	128713
28604	738	2667	428	128979	0	132812
28605	124156	727	497	3369	0	128749
28606	3017	123344	467	1194	0	128022
28607	1023	2900	380	128239	0	132542
28608	125194	935	496	3410	0	130035
28609	3083	122059	526	1259	0	126927
28610	1058	125806	574	946	0	128384
28611	936	3701	463	126436	0	131536
28612	124777	1368	514	3497	0	130156
28613	3469	868	122422	1427	0	128186
28614	1414	735	122154	984	0	125287
28615	120365	649	3862	825	0	125701
28616	127978	534	1454	661	0	130627
28617	4558	126415	955	726	0	132654
28618	1846	3332	796	124631	0	130605
28619	1390	1133	123369	3537	0	129429
28620	986	751	122762	1482	0	125981
28621	962	611	131395	1085	0	134053
28622	805	126005	5017	977	0	132804
28623	726	131816	1926	1055	0	135523
28624	131630	4310	1137	972	0	138049
28625	4250	1535	130399	1167	0	137351
28626	128546	963	3973	983	0	134465
28627	133685	678	1486	1029	0	136878
28628	5194	875	130323	910	0	137302
28629	2003	132427	4009	1048	0	139487
28630	1520	4142	1448	134635	0	141745
28631	1249	1643	135599	4177	0	142668
28632	1210	1288	133229	1604	0	137331
28633	125590	945	4829	1078	0	132442
28634	4249	133562	1934	1004	0	140749
28635	1832	4413	1162	127372	0	134779
28636	1324	1758	990	129357	0	133429
28637	1181	128759	1117	4640	0	135697
28638	1271	133653	1168	1877	0	137969
28639	1381	136939	1092	1158	0	140570
28640	1206	5332	961	138963	0	146462
28641	141749	2087	909	4722	0	149467
28642	4985	1509	868	145175	0	152537
28643	1978	1316	142131	5431	0	150856
28644	1349	1057	144053	2043	0	148502
28645	1065	922	5887	146615	0	154489
28646	1124	1056	144243	5146	0	151569
28647	1025	143261	5438	2193	0	151917
28648	954	4949	2135	154261	0	162299
28649	160124	2000	1436	5838	0	169398
28650	161260	1475	1208	2179	0	166122
28651	6994	159101	1067	1916	0	169078
28652	163364	6015	1047	1331	0	171757
28653	166720	2058	1146	1330	0	171254
28654	168978	1474	1015	1392	0	172859
28655	7874	1349	153220	1232	0	163675
28656	153984	1234	5804	1099	0	162121
28657	6471	155417	2216	1533	0	165637
28658	2740	5416	154730	1040	0	163926
28659	1807	2110	152943	998	0	157858
28660	1428	150663	6167	1256	0	159514
28661	148752	5482	2279	885	0	157398
28662	5700	2097	1174	140292	0	149263
28663	2121	141899	1057	4653	0	149730
28664	145942	5247	939	1770	0	153898
28665	5447	2000	891	146654	0	154992
28666	147648	1270	1052	5327	0	155297
28667	5689	957	1101	150438	0	158185
28668	2406	1050	145084	5698	0	154238
28669	1646	1270	144851	2118	0	149885
28670	1482	1170	146618	1505	0	150775
28671	1358	1083	6670	136935	0	146046
28672	1388	1239	2440	148697	0	153764
28673	1588	1160	141379	6491	0	150618
28674	1651	141651	5363	2483	0	151148
28675	145335	5349	2146	1467	0	154297
28676	145044	2115	1574	1122	0	149855
28677	6816	144836	1441	1185	0	154278
28678	3048	5650	1444	147235	0	157377
28679	2270	2238	148257	5585	0	158350
28680	145734	1526	6221	1993	0	155474
28681	6690	1184	150670	1604	0	160148
28682	2504	1190	144112	1066	0	148872
28683	1873	1084	145224	1035	0	149216
28684	136602	1018	7302	1066	0	145988
28685	5819	1275	138293	926	0	146313
28686	2628	132400	5945	914	0	141887
28687	1758	140741	2531	928	0	145958
28688	1776	5834	1699	131901	0	141210
28689	1453	2250	1490	138323	0	143516
28690	1366	1407	133560	5820	0	142153
28691	128695	1124	5415	2294	0	137528
28692	138041	994	2390	1421	0	142846
28693	6197	953	1885	135961	0	144996
28694	134822	851	1743	5021	0	142437
28695	5606	133687	1655	2241	0	143189
28696	132635	4965	1439	1450	0	140489
28697	5652	128635	1411	1414	0	137112
28698	2235	130171	1247	1273	0	134926
28699	125727	5449	1220	1097	0	133493
28700	127524	2028	1370	1108	0	132030
28701	130438	1329	1300	990	0	134057
28702	132177	1109	1443	948	0	135677
28703	6543	1019	119660	912	0	128134
28704	119964	904	4874	862	0	126604
28705	5715	1065	2201	117338	0	126319
28706	2572	121509	1621	4182	0	129884
28707	120539	4443	1337	1557	0	127876
28708	5082	121249	1241	1198	0	128770
28709	122259	4644	1192	951	0	129046
28710	5305	1838	1095	120614	0	128852
28711	2562	1312	1054	125423	0	130351
28712	2209	1151	120427	5132	0	128919
28713	2098	1159	120406	2020	0	125683
28714	1839	120990	4947	1662	0	129438
28715	117188	4334	1932	1145	0	124599
28716	4955	118074	1400	1127	0	125556
28717	2532	119661	1153	1178	0	124524
28718	2263	124670	1057	965	0	128955
28719	2467	5583	114767	685	0	123502
28720	2119	119206	4014	769	0	126108
28721	109161	4791	1649	765	0	116366
28722	111128	1924	1081	754	0	114887
28723	5229	1394	1043	104364	0	112030
28724	2593	105716	1100	3521	0	112930
28725	2048	109684	1179	1345	0	114256
28726	1952	4522	1002	107883	0	115359
28727	1783	2079	105190	3793	0	112845
28728	1834	103624	3684	1461	0	110603
28729	1718	4346	1377	102563	0	110004
28730	99093	2063	1103	3816	0	106075
28731	101190	1550	1003	1542	0	105285
28732	4435	102792	971	1397	0	109595
28733	103889	4130	956	1070	0	110045
28734	105625	1713	1060	1062	0	109460
28735	4889	1469	1050	100730	0	108138
28736	2381	1384	97494	3650	0	104909
28737	1595	99379	3775	1524	0	106273
28738	1468	5132	1655	99073	0	107328
28739	1391	1952	97292	3508	0	104143
28740	1225	93819	3270	1303	0	99617
28741	89883	3606	1381	871	0	95741
28742	91593	1753	767	746	0	94859
28743	3969	1268	755	87025	0	93017
28744	1912	89297	666	2866	0	94741
28745	1571	3317	87048	1188	0	93124
28746	1434	1591	2788	87238	0	93051
28747	1195	1246	88611	3066	0	94118
28748	867	79103	2356	1239	0	83565
28749	2028	2642	1217	71132	0	77019
28750	70189	1033	617	1769	0	73608
28751	1746	69943	511	944	0	73144
28752	68719	1889	405	562	0	71575
28753	66560	1056	341	569	0	68526
28754	2343	68214	313	526	0	71396
28755	1492	1707	335	68258	0	71792
28756	982	1028	323	68305	0	70638
28757	869	65682	437	1914	0	68902
28758	828	69326	462	890	0	71506
28759	605	1912	327	64615	0	67459
28760	623	66413	546	1455	0	69037
28761	67360	1928	384	591	0	70263
28762	66365	993	299	627	0	68284
28763	2103	707	65210	470	0	68490
28764	1049	843	64293	433	0	66618
28765	62615	668	1436	468	0	65187
28766	66053	595	737	405	0	67790
28767	1682	66121	563	592	0	68958
28768	67309	1846	482	496	0	70133
28769	66658	983	715	412	0	68768
28770	1934	64209	299	580	0	67022
28771	66237	1687	348	453	0	68725
28772	1806	1127	268	75554	0	78755
28773	957	938	245	79937	0	82077
28774	948	702	82418	2644	0	86712
28775	646	80401	2150	905	0	84102
28776	567	84857	629	607	0	86660
28777	80486	3204	552	995	0	85237
28778	81161	1096	254	324	0	82835
28779	81787	498	176	413	0	82874
28780	83316	394	265	381	0	84356
28781	2693	481	80302	303	0	83779
28782	881	590	80953	222	0	82646
28783	603	81466	2209	299	0	84577
28784	516	2291	720	82021	0	85548
28785	610	770	421	80258	0	82059
28786	622	83124	280	2057	0	86083
28787	561	2249	346	81726	0	84882
28788	80642	680	385	2231	0	83938
28789	2338	79909	362	650	0	83259
28790	1031	2261	81130	447	0	84869
28791	619	83721	1978	391	0	86709
28792	85839	2443	599	338	0	89219
28793	2300	820	84347	728	0	88195
28794	82558	568	2188	366	0	85680
28795	86482	469	688	358	0	87997
28796	2734	491	84754	320	0	88299
28797	997	489	85009	309	0	86804
28798	879	441	83214	259	0	84793
28799	76547	409	2588	243	0	79787
28800	2437	361	82128	236	0	85162
28801	907	80026	2272	304	0	83509
28802	82565	2037	803	212	0	85617
28803	2350	664	82027	182	0	85223
28804	78515	469	2343	192	0	81519
28805	2517	362	81455	170	0	84504
28806	961	401	83732	171	0	85265
28807	749	81588	2651	270	0	85258
28808	652	2106	84457	193	0	87408
28809	718	695	81856	195	0	83464
28810	611	73023	3079	350	0	77063
28811	78485	2092	1091	145	0	81813
28812	2269	735	79035	130	0	82169
28813	834	892	2373	70834	0	74933
28814	657	77563	1024	1911	0	81155
28815	79549	2109	813	504	0	82975
28816	79722	770	724	384	0	81600
28817	2665	590	78443	299	0	81997
28818	1006	74160	2457	252	0	77875
28819	752	78898	1103	554	0	81307
28820	667	2720	804	74783	0	78974
28821	714	77648	746	1747	0	80855
28822	845	2590	629	75276	0	79340
28823	851	959	643	78859	0	81312
28824	838	78359	733	2408	0	82338
28825	820	2467	699	77610	0	81596
28826	778	77901	748	2214	0	81641
28827	746	2708	76015	846	0	80315
28828	672	1225	2384	76468	0	80749
28829	645	1026	1035	78021	0	80727
28830	663	77666	860	2534	0	81723
28831	786	81691	619	1074	0	84170
28832	746	3135	622	75792	0	80295
28833	696	78659	807	2267	0	82429
28834	78016	2915	708	943	0	82582
28835	2521	1226	791	77305	0	81843
28836	1027	78301	841	2400	0	82569
28837	76676	2723	741	926	0	81066
28838	2457	76147	816	832	0	80252
28839	1181	2922	74499	701	0	79303
28840	963	1307	2536	75208	0	80014
28841	76898	1144	1203	2448	0	81693
28842	2714	920	77567	956	0	82157
28843	1149	1042	2665	73853	0	78709
28844	1099	75526	1210	2212	0	80047
28845	1047	2757	74262	828	0	78894
28846	989	76267	2703	683	0	80642
28847	76393	2668	1307	567	0	80935
28848	76573	1260	1366	455	0	79654
28849	2887	75050	1205	554	0	79696
28850	76614	2694	1203	522	0	81033
28851	2824	1280	74258	673	0	79035
28852	1132	1079	2925	72805	0	77941
28853	979	1023	1431	72493	0	75926
28854	1009	73908	1262	2276	0	78455
28855	82769	2739	1178	891	0	87577
28856	87284	1313	1003	628	0	90228
28857	2993	1182	84709	427	0	89311
28858	84679	937	2660	469	0	88745
28859	86986	942	1280	502	0	89710
28860	87188	881	1183	500	0	89752
28861	3251	989	956	83595	0	88791
28862	1436	981	942	84582	0	87941
28863	1165	83668	953	2524	0	88310
28864	82854	2707	1173	965	0	87699
28865	82684	1144	779	849	0	85456
28866	2866	81980	749	819	0	86414
28867	1235	2783	651	79276	0	83945
28868	1056	79117	592	2362	0	83127
28869	830	83163	627	1124	0	85744
28870	81476	2779	964	851	0	86070
28871	2619	1375	78531	787	0	83312
28872	719	721	66387	367	0	68194
28873	537	64880	1417	450	0	67284
28874	58473	918	1090	255	0	60736
28875	812	475	58496	219	0	60002
28876	326	52310	863	279	0	53778
28877	55646	525	142	126	0	56439
28878	507	272	53926	133	0	54838
28879	187	169	446	52358	0	53160
28880	57480	151	166	514	0	58311
28881	665	173	56577	185	0	57600
28882	254	194	58422	122	0	58992
28883	185	159	60272	98	0	60714
28884	130	157	59510	92	0	59889
28885	54667	126	704	73	0	55570
28886	62853	93	206	91	0	63243
28887	743	61127	168	254	0	62292
28888	215	910	97	65194	0	66416
28889	156	296	81	68544	0	69077
28890	108	66265	118	1340	0	67831
28891	125	1086	90	67106	0	68407
28892	120	68026	109	1090	0	69345
28893	100	69130	109	297	0	69636
28894	90	1394	82	68837	0	70403
28895	126	502	68424	1200	0	70252
28896	93	67455	1160	397	0	69105
28897	99	1226	316	70370	0	72011
28898	71416	390	196	1192	0	73194
28899	1206	276	69748	370	0	71600
28900	68963	214	1224	228	0	70629
28901	72468	180	394	156	0	73198
28902	1624	158	234	73943	0	75959
28903	555	158	76981	1573	0	79267
28904	367	207	76537	476	0	77587
28905	241	79040	2105	337	0	81723
28906	214	1763	881	80141	0	82999
28907	190	565	81104	1821	0	83680
28908	203	373	80661	579	0	81816
28909	151	78383	2341	447	0	81322
28910	81561	1884	782	219	0	84446
28911	83825	592	431	205	0	85053
28912	2218	355	325	87435	0	90333
28913	792	264	90281	2230	0	93567
28914	458	297	90166	746	0	91667
28915	310	89705	2928	653	0	93596
28916	307	2128	93906	278	0	96619
28917	279	816	94306	264	0	95665
28918	230	830	3092	86131	0	90283
28919	235	330	93893	2503	0	96961
28920	88529	251	2683	790	0	92253
28921	2171	236	1038	95264	0	98709
28922	843	306	98135	2340	0	101624
28923	449	96272	2538	1002	0	100261
28924	256	2238	1066	100844	0	104404
28925	345	843	100206	2369	0	103763
28926	199	101318	2643	983	0	105143
28927	228	2531	1126	101540	0	105425
28928	248	104821	815	2405	0	108289
28929	243	2773	617	106031	0	109664
28930	500	1017	584	107412	0	109513
28931	259	673	104172	3366	0	108470
28932	230	103920	2751	1402	0	108303
28933	231	2815	1172	106694	0	110912
28934	225	1026	855	107684	0	109790
28935	211	679	711	111108	0	112709
28936	270	523	104771	3681	0	109245
28937	220	102167	2807	1763	0	106957
28938	201	2668	1189	106967	0	111025
28939	288	1106	104578	2990	0	108962
28940	193	102799	2918	1568	0	107478
28941	169	2813	1300	106812	0	111094
28942	256	1196	105795	3001	0	110248
28943	202	104313	2940	1487	0	108942
28944	202	2880	1293	104984	0	109359
28945	216	1259	908	110426	0	112809
28946	264	861	111635	3783	0	116543
28947	102760	697	2960	1725	0	108142
28948	2333	109960	1361	1265	0	114919
28949	114449	2878	963	967	0	119257
28950	2773	1260	112607	1141	0	117781
28951	113979	919	3067	867	0	118832
28952	2851	753	1437	110814	0	115855
28953	970	708	1059	119373	0	122110
28954	655	679	114941	3829	0	120104
28955	103661	648	3037	1807	0	109153
28956	107189	645	1433	1269	0	110536
28957	3067	105114	1159	1062	0	110402
28958	1255	111019	943	1162	0	114379
28959	111207	3467	1041	904	0	116619
28960	2925	1617	108864	959	0	114365
28961	1148	115388	3159	1194	0	120889
28962	826	2986	1478	120288	0	125578
28963	638	1359	1132	124461	0	127590
28964	605	959	121175	3804	0	126543
28965	115527	778	3319	1813	0	121437
28966	3108	758	123910	1300	0	129076
28967	123616	706	3645	1039	0	129006
28968	3516	778	130834	918	0	136046
28969	1352	130061	3803	966	0	136182
28970	136542	3230	1882	946	0	142600
28971	137878	1404	1358	974	0	141614
28972	136767	1027	1135	948	0	139877
28973	137952	812	1099	871	0	140734
28974	4273	788	977	134804	0	140842
28975	1861	762	132636	3475	0	138734
28976	1168	834	3373	130715	0	136090
28977	898	131904	1735	3678	0	138215
28978	839	3036	1217	136961	0	142053
28979	819	1390	134349	3652	0	140210
28980	785	1063	133205	1613	0	136666
28981	728	728	3812	131980	0	137248
28982	132270	626	1915	3361	0	138172
28983	130649	645	1352	1636	0	134282
28984	131782	690	1009	1221	0	134702
28985	4051	705	130504	1069	0	136329
28986	1845	731	128814	967	0	132357
28987	1158	126395	3683	983	0	132219
28988	886	129376	1858	1101	0	133221
28989	127740	2977	1969	773	0	133459
28990	127165	1373	827	743	0	130108
28991	2943	127605	767	817	0	132132
28992	130221	2265	632	664	0	133782
28993	129524	1030	608	679	0	131841
28994	2881	127767	661	754	0	132063
28995	132402	2285	656	688	0	136031
28996	130466	1069	647	687	0	132869
28997	2907	129906	755	709	0	134277
28998	133847	2263	648	564	0	137322
28999	132362	1066	960	613	0	135001
29000	3210	816	130671	604	0	135301
29001	1540	704	128149	509	0	130902
29002	957	123729	2416	511	0	127613
29003	753	126933	1168	526	0	129380
29004	130686	2217	1610	511	0	135024
29005	126145	817	515	281	0	127758
29006	125166	528	437	293	0	126424
29007	2153	122838	515	357	0	125863
29008	1064	1461	381	128220	0	131126
29009	860	749	129734	1377	0	132720
29010	676	913	1454	126552	0	129595
29011	673	127841	788	1607	0	130909
29012	128317	1058	317	348	0	130040
29013	1357	121390	315	258	0	123320
29014	679	1183	188	126162	0	128212
29015	132611	413	204	1086	0	134314
29016	131609	303	260	401	0	132573
29017	1747	322	130110	322	0	132501
29018	131956	273	1270	175	0	133674
29019	139922	239	467	194	0	140822
29020	141538	256	310	159	0	142263
29021	2099	437	278	135714	0	138528
29022	906	132369	306	1329	0	134910
29023	644	1425	245	138408	0	140722
29024	615	788	136686	1567	0	139656
29025	515	137942	1739	678	0	140874
29026	424	1631	496	138154	0	140705
29027	509	680	134958	1624	0	137771
29028	387	133041	1634	581	0	135643
29029	419	1712	537	134739	0	137407
29030	446	636	136412	1648	0	139142
29031	112930	421	1916	762	0	116029
29032	1969	326	137586	320	0	140201
29033	872	383	134989	245	0	136489
29034	553	132860	2173	367	0	135953
29035	458	1911	697	137904	0	140970
29036	472	759	402	136251	0	137884
29037	439	132601	564	2032	0	135636
29038	492	1994	402	142501	0	145389
29039	142937	763	327	2109	0	146136
29040	142001	499	407	813	0	143720
29041	2598	480	139250	410	0	142738
29042	136774	448	1992	439	0	139653
29043	144904	391	740	490	0	146525
29044	2724	528	141218	421	0	144891
29045	1071	138671	2247	440	0	142429
29046	610	140618	972	448	0	142648
29047	697	2896	677	126905	0	131175
29048	547	137593	568	1726	0	140434
29049	647	2525	133277	781	0	137230
29050	693	1170	131747	475	0	134085
29051	694	134580	2807	477	0	138558
29052	143532	2357	924	410	0	147223
29053	145297	933	559	348	0	147137
29054	147512	701	435	360	0	149008
29055	147043	563	463	383	0	148452
29056	144008	559	422	385	0	145374
29057	3049	139391	521	344	0	143305
29058	1300	2524	136908	340	0	141072
29059	920	1124	2153	140089	0	144286
29060	138945	731	853	2249	0	142778
29061	2505	132926	615	954	0	137000
29062	1149	2438	479	132557	0	136623
29063	914	1117	131003	2093	0	135127
29064	713	124776	2437	826	0	128752
29065	681	134358	902	429	0	136370
29066	129492	2910	1120	1030	0	134552
29067	2316	127604	478	311	0	130709
29068	1204	2141	333	122892	0	126570
29069	121883	829	291	1902	0	124905
29070	121176	599	295	633	0	122703
29071	122011	559	324	367	0	123261
29072	2735	470	115182	304	0	118691
29073	1191	114403	1907	350	0	117851
29074	122571	2055	619	220	0	125465
29075	2225	914	387	120210	0	123736
29076	121917	517	378	2019	0	124831
29077	2312	116862	477	1071	0	120722
29078	127573	2284	289	379	0	130525
29079	139841	1027	262	343	0	141473
29080	3680	656	289	138017	0	142642
29081	1395	747	142898	3244	0	148284
29082	1013	518	3123	149072	0	153726
29083	148266	468	1043	3691	0	153468
29084	149869	589	638	1147	0	152243
29085	4415	144099	625	762	0	149901
29086	141994	3464	469	559	0	146486
29087	4088	142607	468	520	0	147683
29088	145384	3648	334	541	0	149907
29089	145129	1307	379	600	0	147415
29090	4716	1088	138257	442	0	144503
29091	1887	139364	3269	542	0	145062
29092	1429	3887	1057	142607	0	148980
29093	1131	1275	642	146585	0	149633
29094	990	935	592	139967	0	142484
29095	871	140334	618	4308	0	146131
29096	1022	3928	140168	1615	0	146733
29097	1155	1510	144171	873	0	147709
29098	952	179154	4324	1199	0	185629
29099	184229	5387	1454	662	0	191732
29100	5744	2006	180419	628	0	188797
29101	176816	1311	5324	603	0	184054
29102	6358	176194	1914	730	0	185196
29103	2626	5434	179798	518	0	188376
29104	1668	2002	5576	178708	0	187954
29105	1284	1528	181738	5530	0	190080
29106	1236	1025	185501	1996	0	189758
29107	1391	992	6698	164617	0	173698
29108	1122	174144	2763	4621	0	182650
29109	1152	182895	1619	1595	0	187261
29110	182603	6844	1141	967	0	191555
29111	6339	2772	175074	954	0	185139
29112	179998	1909	5841	619	0	188367
29113	185967	1088	2202	648	0	189905
29114	7029	181726	1736	835	0	191326
29115	178203	5721	1104	568	0	185596
29116	178809	2323	923	779	0	182834
29117	172306	1470	1045	605	0	175426
29118	7501	165988	1180	691	0	175360
29119	2970	155548	1245	633	0	160396
29120	1985	166128	975	714	0	169802
29121	165898	7207	1216	459	0	174780
29122	168332	2803	1239	631	0	173005
29123	7081	1707	158824	460	0	168072
29124	3378	1166	153546	359	0	158449
29125	158883	900	5726	367	0	165876
29126	163739	1015	2209	535	0	167498
29127	166335	892	1515	532	0	169274
29128	6848	821	1091	159037	0	167797
29129	3270	819	801	163215	0	168105
29130	2055	1032	856	164701	0	168644
29131	1559	1135	799	166554	0	170047
29132	1690	1267	155445	6284	0	164686
29133	1703	1155	157132	2318	0	162308
29134	1931	896	157762	1271	0	161860
29135	1841	805	155311	762	0	158719
29136	152273	827	6408	613	0	160121
29137	5575	152140	2686	674	0	161075
29138	2759	159866	1602	739	0	164966
29139	159903	5612	1040	657	0	167212
29140	5899	2463	156024	1028	0	165414
29141	2933	1795	152804	974	0	158506
29142	151252	1493	5982	1111	0	159838
29143	156528	915	2649	1064	0	161156
29144	6224	153385	1987	906	0	162502
29145	3227	4537	1616	156580	0	165960
29146	158904	1794	1534	4335	0	166567
29147	162132	1565	1451	1676	0	166824
29148	6911	1260	1128	154393	0	163692
29149	3582	160280	993	4587	0	169442
29150	164149	4879	932	1904	0	171864
29151	6032	2150	154281	1489	0	163952
29152	153817	1572	5139	1144	0	161672
29153	5769	155504	2607	1148	0	165028
29154	160556	4674	1918	1077	0	168225
29155	161912	2015	1560	1130	0	166617
29156	6531	1935	157783	1095	0	167344
29157	3358	1418	156124	1071	0	161971
29158	155506	1322	6308	852	0	163988
29159	161179	1191	3030	757	0	166157
29160	6515	159321	2121	772	0	168729
29161	3509	5339	1573	162419	0	172840
29162	2833	2176	159497	4460	0	168966
29163	157657	1770	5492	1547	0	166466
29164	6292	1521	2464	160176	0	170453
29165	3406	1422	1991	164452	0	171271
29166	161201	1239	1690	5623	0	169753
29167	6047	162084	1482	2631	0	172244
29168	166560	5068	1668	1588	0	174884
29169	169097	1995	1790	1188	0	174070
29170	171108	1582	1461	1285	0	175436
29171	7740	165721	1361	1032	0	175854
29172	169923	5303	1187	900	0	177313
29173	7006	2326	1141	167538	0	178011
29174	3782	2123	1204	169702	0	176811
29175	3505	1530	163960	5988	0	174983
29176	3338	1533	162482	2638	0	169991
29177	2944	163794	5863	1822	0	174423
29178	2887	167569	2444	1156	0	174056
29179	2745	5238	149147	756	0	157886
29180	2233	153494	4033	748	0	160508
29181	151437	5482	2335	830	0	160084
29182	152935	1721	1215	588	0	156459
29183	155651	1376	806	716	0	158549
29184	6194	1335	782	147947	0	156258
29185	3070	1273	751	153841	0	158935
29186	2321	1290	150657	5057	0	159325
29187	1884	148278	4047	2504	0	156713
29188	151121	4071	1784	1423	0	158399
29189	4593	150961	1509	1011	0	158074
29190	154150	4644	1093	773	0	160660
29191	153886	2009	913	667	0	157475
29192	5928	1561	774	149232	0	157495
29193	3462	1061	855	151972	0	157350
29194	2492	970	751	155807	0	160020
29195	2356	1115	143192	5688	0	152351
29196	1682	140727	3593	3277	0	149279
29197	1689	142017	1763	2114	0	147583
29198	726	102870	453	701	0	104750
29199	656	102310	461	830	0	104257
29200	705	103065	570	930	0	105270
29201	98789	2241	477	470	0	101977
29202	2027	1243	98120	396	0	101786
29203	1018	96132	1553	512	0	99215
29204	1051	2158	92222	338	0	95769
29205	768	96082	1456	639	0	98945
29206	865	1967	588	87814	0	91234
29207	732	938	377	91228	0	93275
29208	682	93087	365	1916	0	96050
29209	93893	1768	406	935	0	97002
29210	1787	1037	91347	619	0	94790
29211	830	92814	1635	571	0	95850
29212	580	2270	91141	534	0	94525
29213	607	1325	1598	90872	0	94402
29214	595	1060	675	86169	0	88499
29215	690	89440	468	1800	0	92398
29216	756	1901	418	91750	0	94825
29217	634	1063	382	91794	0	93873
29218	614	90164	518	2319	0	93615
29219	539	1954	89042	1058	0	92593
29220	445	1150	89445	798	0	91838
29221	87149	996	1842	688	0	90675
29222	93084	945	787	578	0	95394
29223	1951	999	531	89791	0	93272
29224	954	1034	88380	1609	0	91977
29225	650	860	1622	85334	0	88466
29226	638	90417	775	1912	0	93742
29227	561	1801	90291	1000	0	93653
29228	462	87294	1723	995	0	90474
29229	510	2010	88498	829	0	91847
29230	417	88842	1821	731	0	91811
29231	90443	2133	783	747	0	94106
29232	1555	1199	559	89508	0	92821
29233	726	1067	653	89057	0	91503
29234	716	937	89285	2028	0	92966
29235	716	861	86267	923	0	88767
29236	707	86613	1898	749	0	89967
29237	89290	1736	1052	724	0	92802
29238	1588	1076	769	86553	0	89986
29239	720	818	89535	1811	0	92884
29240	544	1001	85564	917	0	88026
29241	78853	852	2005	937	0	82647
29242	83154	838	979	702	0	85673
29243	1836	909	84172	619	0	87536
29244	908	913	1696	79263	0	82780
29245	654	83140	1128	1414	0	86336
29246	85039	1754	671	836	0	88300
29247	1566	84095	838	769	0	87268
29248	81287	1498	631	803	0	84219
29249	1331	79580	593	529	0	82033
29250	640	81886	533	589	0	83648
29251	516	1943	405	81524	0	84388
29252	474	749	627	81626	0	83476
29253	377	80837	543	1607	0	83364
29254	467	1585	78606	756	0	81414
29255	543	839	78414	463	0	80259
29256	541	605	78497	471	0	80114
29257	73168	566	1741	413	0	75888
29258	78003	527	814	423	0	79767
29259	1470	79597	596	634	0	82297
29260	743	1696	78653	414	0	81506
29261	318	1059	1535	78681	0	81593
29262	388	753	83278	1515	0	85934
29263	368	768	85130	681	0	86947
29264	392	679	2041	90693	0	93805
29265	287	612	818	98706	0	100423
29266	309	550	103372	2993	0	107224
29267	97677	436	2453	1394	0	101960
29268	2488	108624	1283	839	0	113234
29269	1170	113598	823	522	0	116113
29270	692	3853	488	109347	0	114380
29271	112111	1822	471	2653	0	117057
29272	2920	114999	461	1526	0	119906
29273	114993	3440	305	769	0	119507
29274	3331	115855	346	550	0	120082
29275	124437	3753	340	521	0	129051
29276	4427	1789	120288	429	0	126933
29277	1884	1229	122392	339	0	125844
29278	1201	898	4294	117154	0	123547
29279	781	708	117379	3364	0	122232
29280	614	109667	4002	1532	0	115815
29281	513	113758	1972	864	0	117107
29282	112022	4315	1360	553	0	118250
29283	3228	2090	710	107701	0	113729
29284	1394	112180	648	3206	0	117428
29285	117164	3764	505	1289	0	122722
29286	114401	1808	451	770	0	117430
29287	118050	1245	495	394	0	120184
29288	5458	701	417	113635	0	120211
29289	2595	676	438	118412	0	122121
29290	1687	675	115015	4706	0	122083
29291	1156	634	115378	2283	0	119451
29292	114467	442	4669	1383	0	120961
29293	3911	533	2199	115239	0	121882
29294	1910	629	114056	4001	0	120596
29295	113263	557	3894	1836	0	119550
29296	4065	120250	2048	1253	0	127616
29297	125287	3659	1315	794	0	131055
29298	127436	1636	781	855	0	130708
29299	128691	1115	768	835	0	131409
29300	6413	656	120567	617	0	128253
29301	121509	649	3777	623	0	126558
29302	5475	620	1747	115728	0	123570
29303	2813	113248	1579	3588	0	121228
29304	2124	124000	1021	1811	0	128956
29305	126369	4606	985	1069	0	133029
29306	127916	2163	837	734	0	131650
29307	130043	1304	695	788	0	132830
29308	6532	928	572	123741	0	131773
29309	3395	938	646	126881	0	131860
29310	2521	852	563	121678	0	125614
29311	2031	122738	555	5600	0	130924
29312	124520	3972	627	2604	0	131723
29313	127086	1848	569	1768	0	131271
29314	130057	1402	557	1376	0	133392
29315	6746	1005	124568	1189	0	133508
29316	128400	1014	3894	972	0	134280
29317	6312	1091	1674	120530	0	129607
29318	3488	124266	1178	3875	0	132807
29319	127947	4280	726	1854	0	134807
29320	127702	1928	759	1389	0	131778
29321	6916	1395	126430	1080	0	135821
29322	3834	914	4141	123851	0	132740
29323	2577	126674	1903	4617	0	135771
29324	133325	4485	1354	2169	0	141333
29325	5737	2179	860	132483	0	141259
29326	3273	1713	895	134057	0	139938
29327	2652	1140	785	138095	0	142672
29328	2108	1091	744	145430	0	149373
29329	2176	1053	136086	7850	0	147165
29330	1957	137414	4900	3817	0	148088
29331	1879	5390	1994	142353	0	151616
29332	1862	2419	140391	6396	0	151068
29333	140289	1831	5260	3153	0	150533
29334	147252	1339	2379	2351	0	153321
29335	7642	1236	1756	144749	0	155383
29336	146674	1225	1276	6371	0	155546
29337	152675	1147	1148	3100	0	158070
29338	8583	1183	144340	2538	0	156644
29339	4457	144842	5227	2045	0	156571
29340	150030	5489	2381	1970	0	159870
29341	7038	2379	1843	150957	0	162217
29342	153941	1659	1483	6377	0	163460
29343	7641	1212	1535	151933	0	162321
29344	3883	1310	1273	158610	0	165076
29345	3427	1234	146662	7974	0	159297
29346	133404	1131	5437	4249	0	144221
29347	6876	148481	2415	3167	0	160939
29348	4078	5783	147926	2411	0	160198
29349	3286	150766	5451	2283	0	161786
29350	150938	6342	2474	2179	0	161933
29351	7395	2621	1807	149841	0	161664
29352	149696	1875	1407	6568	0	159546
29353	7433	148309	1372	3514	0	160628
29354	156059	5846	1335	2784	0	166024
29355	160743	2467	1293	2128	0	166631
29356	161182	1690	1184	2109	0	166165
29357	160013	1133	1247	1990	0	164383
29358	9351	152457	1229	2063	0	165100
29359	155566	5455	1192	1556	0	163769
29360	8346	2759	1023	151264	0	163392
29361	4794	2061	1047	151507	0	159409
29362	3986	140007	989	6844	0	151826
29363	3598	141982	986	3429	0	149995
29364	3048	140947	939	2407	0	147341
29365	131859	5527	1105	1611	0	140102
29366	5474	121787	676	1699	0	129636
29367	2598	115878	598	1228	0	120302
29368	115489	4270	1444	1068	0	122271
29369	114992	1629	664	1026	0	118311
29370	4841	113911	572	1072	0	120396
29371	115867	3663	729	957	0	121216
29372	4579	1784	107753	940	0	115056
29373	108661	1345	2802	866	0	113674
29374	4567	1315	107322	1141	0	114345
29375	2322	96872	2273	782	0	102249
29376	1541	102256	689	819	0	105305
29377	2471	3441	547	100087	0	106546
29378	103029	1226	431	2532	0	107218
29379	105214	885	376	1175	0	107650
29380	106602	894	318	892	0	108706
29381	106354	1083	423	771	0	108631
29382	105387	953	544	765	0	107649
29383	3484	1092	98258	826	0	103660
29384	1846	1192	93999	815	0	97852
29385	98524	1145	2236	853	0	102758
29386	2948	97381	884	887	0	102100
29387	100695	2629	414	607	0	104345
29388	103151	1191	330	600	0	105272
29389	104231	1104	342	589	0	106266
29390	102861	861	574	576	0	104872
29391	102815	840	518	679	0	104852
29392	3630	879	98024	703	0	103236
29393	101156	1057	2086	701	0	105000
29394	104008	992	800	753	0	106553
29395	3234	1086	99543	972	0	104835
29396	93934	781	1860	931	0	97506
29397	97195	929	1083	791	0	99998
29398	3734	966	97864	796	0	103360
29399	2322	998	95453	624	0	99397
29400	2228	96192	2242	735	0	101397
29401	2307	2348	925	99269	0	104849
29402	2253	1002	98770	2029	0	104054
29403	100009	792	2185	719	0	103705
29404	3786	810	787	104563	0	109946
29405	2565	749	105192	2104	0	110610
29406	104312	718	2356	776	0	108162
29407	108364	829	983	628	0	110804
29408	109307	738	828	650	0	111523
29409	3757	108443	786	898	0	113884
29410	2443	2355	757	106267	0	111822
29411	2045	107217	754	2097	0	112113
29412	111040	2525	704	843	0	115112
29413	109812	1087	920	700	0	112519
29414	4149	918	105534	477	0	111078
29415	2039	100871	2075	481	0	105466
29416	1856	104846	949	383	0	108034
29417	1711	2436	873	101570	0	106590
29418	1643	1162	634	104554	0	107993
29419	103997	872	445	2013	0	107327
29420	3252	102079	573	876	0	106780
29421	2072	101863	647	491	0	105073
29422	2183	2561	97723	441	0	102908
29423	1638	100747	1938	389	0	104712
29424	101674	2261	915	437	0	105287
29425	3015	1060	98537	433	0	103045
29426	79812	896	1466	391	0	82565
29427	2170	717	90403	244	0	93534
29428	69920	425	1204	304	0	71853
29429	1228	89933	401	317	0	91879
29430	96454	1316	256	111	0	98137
29431	1986	504	96974	115	0	99579
29432	97251	299	1513	161	0	99224
29433	99957	228	465	100	0	100750
29434	2152	305	99839	174	0	102470
29435	99364	300	1416	79	0	101159
29436	102999	183	543	76	0	103801
29437	100035	178	273	67	0	100553
29438	2147	95808	207	175	0	98337
29439	100654	1499	201	58	0	102412
29440	2067	601	99845	48	0	102561
29441	774	101884	1429	148	0	104235
29442	106158	1574	691	61	0	108484
29443	102892	512	307	61	0	103772
29444	104707	296	210	72	0	105285
29445	2301	102179	252	175	0	104907
29446	911	1715	169	122029	0	124824
29447	670	595	119417	2535	0	123217
29448	498	427	2626	119565	0	123116
29449	498	261	121183	2946	0	124888
29450	113040	228	2984	806	0	117058
29451	2963	120761	942	464	0	125130
29452	1151	2832	492	118793	0	123268
29453	714	122062	360	2554	0	125690
29454	538	3141	267	123027	0	126973
29455	508	1065	233	122316	0	124122
29456	504	126260	255	3759	0	130778
29457	523	3415	225	126508	0	130671
29458	513	1154	253	132791	0	134711
29459	472	130973	395	4515	0	136355
29460	473	136536	542	1799	0	139350
29461	512	4510	499	136836	0	142357
29462	693	1735	131281	4159	0	137868
29463	559	135497	3776	1593	0	141425
29464	635	4155	1156	136328	0	142274
29465	919	1722	137211	4147	0	143999
29466	529	140513	3901	1797	0	146740
29467	142363	4561	1225	1149	0	149298
29468	4330	1763	139731	983	0	146807
29469	135990	1123	4180	959	0	142252
29470	4624	949	1329	137995	0	144897
29471	1531	923	789	142211	0	145454
29472	1026	851	570	144058	0	146505
29473	759	1059	137096	6045	0	144959
29474	661	1122	137192	2284	0	141259
29475	128381	951	5221	1697	0	136250
29476	4302	972	2017	139088	0	146379
29477	1561	954	138175	4987	0	145677
29478	135307	957	4482	2044	0	142790
29479	4712	968	1756	137777	0	145213
29480	1848	1057	1159	140754	0	144818
29481	1469	1108	871	139303	0	142751
29482	1053	137807	1066	6416	0	146342
29483	1056	4683	865	134993	0	141597
29484	1027	134517	815	5404	0	141763
29485	852	142224	931	2486	0	146493
29486	140788	5524	834	1892	0	149038
29487	137242	2223	1090	1473	0	142028
29488	141978	1393	1118	1363	0	145852
29489	5928	137068	1004	1374	0	145374
29490	138934	4723	907	1466	0	146030
29491	141407	1827	938	1492	0	145664
29492	6020	1296	953	135232	0	143501
29493	2419	1128	917	140041	0	144505
29494	1698	1127	131156	6506	0	140487
29495	1189	135432	4427	3226	0	144274
29496	135072	4920	1690	2102	0	143784
29497	134435	2017	1311	1808	0	139571
29498	5511	133847	1070	1641	0	142069
29499	134741	5106	861	1625	0	142333
29500	133974	2116	799	1752	0	138641
29501	6088	1599	885	128552	0	137124
29502	2954	127928	937	4936	0	136755
29503	2034	133963	787	2559	0	139343
29504	130516	5542	843	2178	0	139079
29505	5299	2690	685	128612	0	137286
29506	2301	1795	123898	5748	0	133742
29507	120763	1470	4344	2759	0	129336
29508	5197	1534	124998	2323	0	134052
29509	2283	124874	4447	1846	0	133450
29510	127069	4813	1749	1767	0	135398
29511	5448	2404	123831	1793	0	133476
29512	2453	2143	4300	125455	0	134351
29513	2193	1510	128845	5281	0	137829
29514	1795	131414	4655	2684	0	140548
29515	1753	5310	1762	133611	0	142436
29516	1736	2364	130806	5398	0	140304
29517	121068	1904	4545	2751	0	130268
29518	4924	134275	1738	2304	0	143241
29519	2379	4878	1434	129321	0	138012
29520	1944	135869	1282	4787	0	143882
29521	135142	5208	1159	2454	0	143963
29522	134247	2414	1183	2263	0	140107
29523	5486	133345	1231	2122	0	142184
29524	2919	5018	1118	131100	0	140155
29525	1942	134517	1209	4978	0	142646
29526	134944	5144	1424	2643	0	144155
29527	5510	2459	131289	2068	0	141326
29528	2398	2283	129861	1819	0	136361
29529	1822	126606	4439	1733	0	134600
29530	1594	127517	2009	1495	0	132615
29531	1756	4691	1408	124602	0	132457
29532	123421	2202	1136	4094	0	130853
29533	122956	1507	1215	1857	0	127535
29534	119997	1488	908	1548	0	123941
29535	5145	124064	995	1617	0	131821
29536	2518	3914	991	122399	0	129822
29537	2058	124944	885	3871	0	131758
29538	126084	4126	1070	1930	0	133210
29539	4236	1965	897	124404	0	131502
29540	2217	1466	119978	4097	0	127758
29541	1675	118930	3565	1930	0	126100
29542	118680	3649	1517	1378	0	125224
29543	4102	1999	118136	1025	0	125262
29544	114684	1608	3101	1200	0	120593
29545	4236	117519	1242	1391	0	124388
29546	1173	103445	526	738	0	105882
29547	101141	2511	549	520	0	104721
29548	2327	102853	373	577	0	106130
29549	101580	2227	356	458	0	104621
29550	2150	100486	353	578	0	103567
29551	103377	2241	541	431	0	106590
29552	103830	951	563	381	0	105725
29553	2494	893	103908	378	0	107673
29554	1120	668	101438	309	0	103535
29555	856	100236	1632	416	0	103140
29556	101258	1622	735	254	0	103869
29557	1616	714	97755	275	0	100360
29558	92169	417	1063	260	0	93909
29559	1172	425	420	92595	0	94612
29560	563	375	93324	792	0	95054
29561	507	314	88517	268	0	89606
29562	367	349	94376	214	0	95306
29563	265	92269	882	199	0	93615
29564	932	1899	430	92049	0	95310
29565	90686	162	117	354	0	91319
29566	407	136	108	90030	0	90681
29567	92492	82	94	393	0	93061
29568	500	123	84	92016	0	92723
29569	94909	106	70	478	0	95563
29570	100269	107	94	197	0	100667
29571	112456	96	210	106	0	112868
29572	1450	114186	176	122	0	115934
29573	599	1337	119069	78	0	121083
29574	326	467	1261	120158	0	122212
29575	473	876	854	99394	0	101597
29576	246	171	235	124835	0	125487
29577	191	176	170	122381	0	122918
29578	219	118995	202	2185	0	121601
29579	329	1456	115295	835	0	117915
29580	171	118003	1465	513	0	120152
29581	201	1886	555	118777	0	121419
29582	147	871	282	122286	0	123586
29583	165	354	198	123356	0	124073
29584	162	264	178	122960	0	123564
29585	177	116380	215	2492	0	119264
29586	152	117146	203	1050	0	118551
29587	266	1907	114661	585	0	117419
29588	174	717	1434	116149	0	118474
29589	187	403	545	118839	0	119974
29590	202	326	245	122734	0	123507
29591	122217	276	200	2314	0	125007
29592	1626	118390	268	1075	0	121359
29593	712	1703	117690	581	0	120686
29594	119177	660	1541	471	0	121849
29595	1724	369	568	122448	0	125109
29596	125078	267	661	1909	0	127915
29597	1873	280	215	125452	0	127820
29598	126454	273	201	1983	0	128911
29599	1942	287	197	125789	0	128215
29600	125976	260	229	2037	0	128502
29601	2071	287	128335	910	0	131603
29602	916	198	1561	128347	0	131022
29603	587	130497	633	1806	0	133523
29604	449	1846	322	137242	0	139859
29605	135977	768	277	2319	0	139341
29606	2083	135966	341	1077	0	139467
29607	850	2328	257	144114	0	147549
29608	529	140649	264	2863	0	144305
29609	408	2871	188	145865	0	149332
29610	361	1079	193	147388	0	149021
29611	435	724	141537	3765	0	146461
29612	356	466	2537	140465	0	143824
29613	392	420	136690	3403	0	140905
29614	352	130970	2920	1590	0	135832
29615	136506	2683	1009	967	0	141165
29616	2909	964	134391	1110	0	139374
29617	130409	557	2880	682	0	134528
29618	139967	418	1012	561	0	141958
29619	3806	346	652	139168	0	143972
29620	1477	432	143673	3233	0	148815
29621	140796	286	3228	1424	0	145734
29622	153269	311	1165	1026	0	155771
29623	4394	293	715	149288	0	154690
29624	1761	261	479	153099	0	155600
29625	1049	149034	548	4602	0	155233
29626	702	3536	350	152419	0	157007
29627	569	150380	466	4433	0	155848
29628	577	3893	148030	1808	0	154308
29629	555	1392	2985	150634	0	155566
29630	149117	730	1097	3831	0	154775
29631	150724	493	633	1720	0	153570
29632	4128	148194	458	1318	0	154098
29633	1617	3436	376	153651	0	159080
29634	153899	1226	362	3848	0	159335
29635	3712	146027	361	1820	0	151920
29636	149654	3552	349	1202	0	154757
29637	4074	1363	234	157006	0	162677
29638	166372	876	377	4518	0	172143
29639	5373	1242	173027	1944	0	181586
29640	1907	178413	5089	1326	0	186735
29641	180274	5702	1576	1041	0	188593
29642	5591	183998	1047	1067	0	191703
29643	190700	6208	536	1005	0	198449
29644	195142	2036	452	1035	0	198665
29645	8054	1420	188327	1112	0	198913
29646	3124	1022	5883	185731	0	195760
29647	194833	905	1758	6503	0	203999
29648	7213	876	188075	2310	0	198474
29649	191580	804	6272	1665	0	200321
29650	7653	836	1899	194013	0	204401
29651	2955	719	189737	7014	0	200425
29652	1997	843	6310	189668	0	198818
29653	187485	627	2201	7591	0	197904
29654	7326	804	189447	2750	0	200327
29655	2956	655	6359	192107	0	202077
29656	2194	662	2180	200568	0	205604
29657	197430	580	1557	8527	0	208094
29658	196988	738	1096	3629	0	202451
29659	8509	196505	1149	2395	0	208558
29660	3840	6259	960	201024	0	212083
29661	2843	2073	1160	203985	0	210061
29662	2284	1567	1029	204023	0	208903
29663	197203	1014	1224	9221	0	208662
29664	199885	1288	1133	3935	0	206241
29665	9592	1180	861	195762	0	207395
29666	4517	191463	859	7792	0	204631
29667	3501	6383	967	190756	0	201607
29668	2926	192416	1092	8017	0	204451
29669	192699	6924	1260	3568	0	204451
29670	7841	183529	1304	3151	0	195825
29671	174603	6008	1109	2198	0	183918
29672	7611	2097	1212	168555	0	179475
29673	166724	1557	1139	6700	0	176120
29674	7874	1540	153829	3435	0	166678
29675	3672	161131	5446	2845	0	173094
29676	166751	5861	2421	2369	0	177402
29677	170821	2194	1442	2280	0	176737
29678	8247	1672	1331	161519	0	172769
29679	4194	161242	1215	6874	0	173525
29680	3649	5431	1019	171794	0	181893
29681	3236	2204	1024	174347	0	180811
29682	3148	1680	1020	176003	0	181851
29683	170433	1460	983	9067	0	181943
29684	172330	1403	1021	4847	0	179601
29685	8529	1235	882	166075	0	176721
29686	4560	163786	917	7478	0	176741
29687	172807	5320	945	4041	0	183113
29688	8105	2328	164631	3541	0	178605
29689	4051	1910	5196	171948	0	183105
29690	3355	1925	167132	7929	0	180341
29691	3120	1663	5645	171477	0	181905
29692	2939	1907	167531	8483	0	180860
29693	3285	1755	5824	172633	0	183497
29694	172204	1757	2191	8346	0	184498
29695	173886	1715	1485	4246	0	181332
29696	8812	163226	1355	3850	0	177243
29697	171533	6151	1141	3099	0	181924
29698	8432	2583	1451	168541	0	181007
29699	4525	2307	1224	174134	0	182190
29700	171923	1716	1825	8827	0	184291
29701	8633	1797	161434	4678	0	176542
29702	4571	1895	161417	4035	0	171918
29703	3882	2105	160413	3673	0	170073
29704	155966	1673	6662	3658	0	167959
29705	8042	1541	162944	3669	0	176196
29706	4738	1648	155510	3272	0	165168
29707	149983	1334	5943	2957	0	160217
29708	7117	152086	2961	2908	0	165072
29709	4007	5127	2056	157791	0	168981
29710	3610	2520	1788	163596	0	171514
29711	3401	1737	156514	7438	0	169090
29712	158229	1377	5607	4086	0	169299
29713	163344	1193	2688	3790	0	171015
29714	161994	1276	2415	3438	0	169123
29715	7708	1120	157210	3807	0	169845
29716	155638	961	5543	3609	0	165751
29717	7630	1374	148745	3446	0	161195
29718	4531	149240	4828	3245	0	161844
29719	4077	155703	2162	2992	0	164934
29720	148093	5495	1799	2888	0	158275
29721	6225	144211	1661	2848	0	154945
29722	3501	146396	1465	2925	0	154287
29723	145319	5492	1497	2602	0	154910
29724	6126	144248	1782	2537	0	154693
29725	145847	4855	2074	2293	0	155069
29726	6437	1976	2064	147822	0	158299
29727	3478	1850	2010	152125	0	159463
29728	3234	1671	1953	152871	0	159729
29729	2934	1726	1884	149064	0	155608
29730	2805	144728	1718	6662	0	155913
29731	149815	4990	1366	3244	0	159415
29732	6090	160420	1374	2898	0	170782
29733	3214	166074	1618	2983	0	173889
29734	2860	6313	171394	2485	0	183052
29735	170444	2308	5981	2274	0	181007
29736	7703	1677	183837	1815	0	195032
29737	3943	1578	181320	1611	0	188452
29738	2154	177084	6397	1318	0	186953
29739	782	173397	1564	752	0	176495
29740	168507	5349	1371	681	0	175908
29741	4442	172618	1719	1020	0	179799
29742	1732	4721	172258	527	0	179238
29743	970	162303	5174	731	0	169178
29744	1009	4089	177373	510	0	182981
29745	579	1443	175131	240	0	177393
29746	167831	718	5662	268	0	174479
29747	4308	574	172489	219	0	177590
29748	1405	364	4769	169102	0	175640
29749	164269	314	1871	3950	0	170404
29750	3908	158651	1527	1658	0	165744
29751	1571	3552	164560	789	0	170472
29752	165796	1116	4241	585	0	171738
29753	4326	794	1618	152657	0	159395
29754	1497	145332	1502	3597	0	151928
29755	956	3368	157409	1110	0	162843
29756	157237	1164	4257	589	0	163247
29757	4363	646	159179	405	0	164593
29758	1585	369	4563	158143	0	164660
29759	991	410	151679	4176	0	157256
29760	530	318	4590	155064	0	160502
29761	149361	259	1740	4572	0	155932
29762	3996	151923	1130	1759	0	158808
29763	157458	3922	718	936	0	163034
29764	4791	1329	154192	562	0	160874
29765	1703	712	4317	155446	0	162178
29766	1073	556	155075	4283	0	160987
29767	157154	411	4911	1389	0	163865
29768	158983	388	1708	769	0	161848
29769	5516	157320	1270	818	0	164924
29770	162402	4309	848	436	0	167995
29771	164074	1427	734	376	0	166611
29772	6125	956	595	158988	0	166664
29773	2536	766	152434	4411	0	160147
29774	1458	147522	4575	1526	0	155081
29775	1009	4158	1548	155770	0	162485
29776	156006	1493	1014	4564	0	163077
29777	4993	977	154360	1606	0	161936
29778	2032	756	154622	947	0	158357
29779	1222	710	151885	578	0	154395
29780	149544	603	6156	655	0	156958
29781	4927	566	149092	633	0	155218
29782	149167	500	5559	410	0	155636
29783	5412	887	133253	318	0	139870
29784	1997	146482	5012	511	0	154002
29785	1427	4474	2116	146156	0	154173
29786	1142	1798	144701	4274	0	151915
29787	872	140584	5234	1586	0	148276
29788	861	147702	2358	889	0	151810
29789	821	5667	1674	145775	0	153937
29790	144234	2333	1280	4559	0	152406
29791	4765	1513	1162	145865	0	153305
29792	142610	1248	1118	5029	0	150005
29793	5189	1359	984	143352	0	150884
29794	2322	1089	140182	5244	0	148837
29795	1683	1011	142021	2104	0	146819
29796	139462	911	6302	1429	0	148104
29797	144503	896	3066	1047	0	149512
29798	6384	1115	137876	1043	0	146418
29799	138337	967	5757	807	0	145868
29800	6055	1163	135876	652	0	143746
29801	2927	131852	6179	659	0	141617
29802	2174	135192	3020	714	0	141100
29803	1858	134497	2537	704	0	139596
29804	1738	6442	2122	129687	0	139989
29805	128203	2884	2074	4495	0	137656
29806	131080	2016	1947	1777	0	136820
29807	6479	1723	1789	128353	0	138344
29808	3146	1724	120958	5013	0	130841
29809	2212	1365	5579	123304	0	132460
29810	1943	1261	120945	5479	0	129628
29811	1724	1212	6225	121078	0	130239
29812	119194	961	3315	5781	0	129251
29813	123033	851	2550	2681	0	129115
29814	123151	713	2331	1935	0	128130
29815	123647	744	1918	1625	0	127934
29816	7507	780	1876	116680	0	126843
29817	3713	804	1743	122219	0	128479
29818	118850	824	1779	6290	0	127743
29819	122369	909	1621	2840	0	127739
29820	7198	849	1610	118282	0	127939
29821	3809	806	1457	121557	0	127629
29822	3147	757	1360	119753	0	125017
29823	2386	932	1357	121560	0	126235
29824	116336	870	1524	7179	0	125909
29825	5984	805	111891	3475	0	122155
29826	2869	749	5070	110504	0	119192
29827	109232	662	2513	5883	0	118290
29828	5917	698	105598	2980	0	115193
29829	3266	721	5132	108671	0	117790
29830	2811	742	105566	5329	0	114448
29831	2230	100253	5473	2764	0	110720
29832	2258	3386	2445	87054	0	95143
29833	78962	1436	1979	3656	0	86033
29834	3586	1788	1519	65303	0	72196
29835	2139	63505	1168	3710	0	70522
29836	1745	56864	1010	1570	0	61189
29837	1204	42650	699	893	0	45446
29838	1258	40662	602	804	0	43326
29839	20850	2276	3896	1738	0	28760
29840	1423	774	782	14827	0	17806
29841	264	124	11457	695	0	12540
29842	319	74	508	11147	0	12048
29843	325	74	10649	603	0	11651
29844	11043	45	465	341	0	11894
29845	660	55	171	11004	0	11890
29846	280	56	169	11365	0	11870
29847	224	72	121	11414	0	11831
29848	240	87	133	11506	0	11966
29849	10941	91	134	693	0	11859
29850	11334	72	83	407	0	11896
29851	694	59	111	11115	0	11979
29852	10735	58	145	695	0	11633
29853	548	67	10203	399	0	11217
29854	226	10399	487	310	0	11422
29855	221	471	177	10490	0	11359
29856	167	111	174	10290	0	10742
29857	205	10348	124	608	0	11285
29858	173	411	101	10277	0	10962
29859	154	856	135	9911	0	11056
29860	10255	100	135	616	0	11106
29861	490	66	9171	250	0	9977
29862	173	76	8498	164	0	8911
29863	8350	54	430	168	0	9002
29864	422	52	7775	102	0	8351
29865	3264	15	195	51	0	3525
29866	2153	8	161	38	0	2360
29867	68	279	30	1263	0	1640
29868	28	23	1107	31	0	1189
29869	828	6	26	28	0	888
29870	31	832	15	18	0	896
29871	223	120	93	116	0	552
29872	163	2	49	5	0	219
29873	59	1	0	2	0	62
29874	2	0	0	2	0	4
29875	3	0	2	0	0	5
29876	1	0	2	2	0	5
29877	3	0	0	2	0	5
29878	3	0	2	0	0	5
29879	1	0	2	2	0	5
29880	1	0	2	2	0	5
29881	1	2	1	0	0	4
29882	1	2	0	2	0	5
29883	3	0	0	2	0	5
29884	3	0	0	0	0	3
29885	1	2	0	2	0	5
29886	1	4	0	0	0	5
29887	1	3	0	0	0	4
29888	1	3	0	0	0	4
29889	3	2	0	0	0	5
29890	3	0	0	2	0	5
29891	1	0	2	2	0	5
29892	1	0	2	2	0	5
29893	1	0	2	2	0	5
29894	3	0	1	0	0	4
29895	3	0	0	2	0	5
29896	1	0	0	3	0	4
29897	1	0	0	4	0	5
29898	1	0	0	4	0	5
29899	3	0	0	2	0	5
29900	5	0	0	0	0	5
29901	2	0	0	2	0	4
29902	3	0	0	2	0	5
29903	3	0	2	0	0	5
29904	0	1	2	0	0	3
29905	0	1	0	1	0	2
29906	0	0	0	2	0	2
29907	0	1	0	1	0	2
29908	0	1	0	1	0	2
29909	0	0	0	2	0	2
29910	1	0	0	1	0	2
29911	1	0	1	0	0	2
29912	0	0	2	0	0	2
29913	0	0	1	0	0	1
29914	1	0	0	0	0	1
29915	0	0	1	0	0	1
