Pos	A	C	G	T	Other	Total
1	19	0	0	0	0	19
2	0	0	0	35	0	35
3	0	0	0	36	0	36
4	61	0	0	13	0	74
5	113	0	0	1	0	114
6	113	0	0	0	0	113
7	1	0	122	0	0	123
8	1	0	153	0	0	154
9	0	0	1	165	0	166
10	0	0	1	169	0	170
11	0	0	0	182	0	182
12	279	0	0	9	0	288
13	2	4	0	594	0	600
14	1202	1	0	33	0	1236
15	5	1861	0	1	0	1867
16	5	3464	7	13	0	3489
17	57	7	8	11485	0	11557
18	29	5	0	13260	0	13294
19	11	22062	32	55	0	22160
20	12	25761	33	47	0	25853
21	27	32974	21	50	0	33072
22	38810	21	41	406	0	39278
23	28	41	40915	23	0	41007
24	48	44	42349	23	0	42464
25	61	16	27	46276	0	46380
26	50695	4	23	252	0	50974
27	51520	13	9	109	0	51651
28	27	52119	26	138	0	52310
29	59519	23	18	418	0	59978
30	64268	22	21	362	0	64673
31	66135	16	13	150	0	66314
32	35	67344	38	67	0	67484
33	32	69112	28	88	0	69260
34	72296	30	19	228	0	72573
35	73644	15	19	169	0	73847
36	55	76539	34	86	0	76714
37	43	83451	51	238	0	83783
38	84246	33	7	176	0	84462
39	84366	22	11	111	0	84510
40	53	85732	50	115	0	85950
41	67	116	10	89399	0	89592
42	42	39	27	90539	0	90647
43	47	19	12	91052	0	91130
44	12	91156	36	200	0	91404
45	66	111	89320	59	0	89556
46	81762	59	57	143	0	82021
47	60	10	25	92363	0	92458
48	36	92760	55	129	0	92980
49	40	43	24	93762	0	93869
50	28	94252	46	103	0	94429
51	43	70	9	94583	0	94705
52	57	72	25	95988	0	96142
53	87	108	96947	108	0	97250
54	50	34	60	95856	0	96000
55	96449	31	71	175	0	96726
56	102	84	97440	124	0	97750
57	94085	51	93	132	0	94361
58	90	28	56	99059	0	99233
59	84	99875	55	190	0	100204
60	43	98	32	100853	0	101026
61	77	165	101348	132	0	101722
62	68	32	95	99171	0	99366
63	43	37	61	101940	0	102081
64	40	104394	63	254	0	104751
65	60	77	24	105697	0	105858
66	83	105257	50	243	0	105633
67	47	111	17	106049	0	106224
68	105380	99	22	220	0	105721
69	103954	34	46	215	0	104249
70	105841	35	37	190	0	106103
71	369	108836	48	213	0	109466
72	237	207	107798	82	0	108324
73	104747	158	193	147	0	105245
74	113116	42	172	156	0	113486
75	433	116382	60	175	0	117050
76	328	459	33	103631	0	104451
77	115	349	34	106773	0	107271
78	102	96	44	105784	0	106026
79	100721	53	6876	1085	0	108735
80	107211	51	66	657	0	107985
81	108364	48	67	243	0	108722
82	109907	42	50	173	0	110172
83	1105	375	28	108172	0	109680
84	617	108840	96	592	0	110145
85	187	503	33	112326	0	113049
86	178	708	112143	653	0	113682
87	150	120	570	114779	0	115619
88	166	134	118492	825	0	119617
89	153	67	763	116763	0	117746
90	220	139	121689	923	0	122971
91	264	144	121235	850	0	122493
92	121	124869	1532	396	0	126918
93	242	895	893	130584	0	132614
94	246	898	136751	943	0	138838
95	185	173	949	133854	0	135161
96	90	138379	970	986	0	140425
97	138515	888	193	1035	0	140631
98	878	146931	209	299	0	148317
99	966	1034	117	144333	0	146450
100	218	149675	172	1054	0	151119
101	273	1110	144758	1002	0	147143
102	297	1044	145468	320	0	147129
103	146	147617	1810	468	0	150041
104	195	1005	1037	148805	0	151042
105	430	1060	149324	1102	0	151916
106	130	148793	1043	1288	0	151254
107	148829	1010	1010	380	0	151229
108	1018	984	233	149512	0	151747
109	1106	297	155010	1061	0	157474
110	246	155616	1054	1161	0	158077
111	248	1081	990	156215	0	158534
112	213	1018	268	157382	0	158881
113	148520	257	228	2125	0	151130
114	1063	289	156593	1150	0	159095
115	1028	197	1023	154787	0	157035
116	313	303	156513	1150	0	158279
117	170	150551	1165	1302	0	153188
118	146872	1030	1082	467	0	149451
119	925	146408	327	398	0	148058
120	1070	1121	245	140066	0	142502
121	234	139999	257	1026	0	141516
122	132872	1139	278	1137	0	135426
123	988	136514	281	473	0	138256
124	1152	1231	132257	359	0	134999
125	261	133749	1118	358	0	135486
126	128520	1207	1116	331	0	131174
127	1159	1224	132770	325	0	135478
128	1171	355	1207	131978	0	134711
129	130005	303	1258	1322	0	132888
130	1292	283	314	127962	0	129851
131	128329	291	256	1531	0	130407
132	128272	283	241	1493	0	130289
133	2448	285	232	127158	0	130123
134	1554	264	211	126613	0	128642
135	124272	245	204	2556	0	127277
136	122842	263	246	1640	0	124991
137	2511	268	238	119068	0	122085
138	119760	259	229	1543	0	121791
139	119394	249	286	1553	0	121482
140	2464	118858	318	648	0	122288
141	1593	1281	288	118642	0	121804
142	120057	1319	285	1683	0	123344
143	121118	368	321	1663	0	123470
144	2554	321	336	120511	0	123722
145	1595	326	300	122154	0	124375
146	119746	251	300	2700	0	122997
147	1434	121519	401	1855	0	125209
148	1520	1304	298	121626	0	124748
149	601	1550	122149	1547	0	125847
150	568	422	1285	119652	0	121927
151	463	121925	1385	1611	0	125384
152	514	1379	121444	1624	0	124961
153	533	1420	1342	118825	0	122120
154	578	419	1412	118372	0	120781
155	533	413	122063	2629	0	125638
156	110333	362	1356	1912	0	113963
157	1442	124700	1443	812	0	128397
158	125112	1304	505	714	0	127635
159	1647	1519	124004	589	0	127759
160	1661	502	126376	603	0	129142
161	119511	404	2403	650	0	122968
162	1541	127714	1543	691	0	131489
163	128054	1432	415	689	0	130590
164	1609	130308	414	719	0	133050
165	1691	1529	129868	612	0	133700
166	126397	1451	1316	735	0	129899
167	1675	548	134797	588	0	137608
168	1641	364	1363	131846	0	135214
169	133142	369	1427	1673	0	136611
170	132281	402	453	1617	0	134753
171	2481	132583	443	730	0	136237
172	1634	2706	387	128304	0	133031
173	601	131664	361	1401	0	134027
174	596	1368	128570	1415	0	131949
175	705	1886	1112	120239	0	123942
176	490	123007	1140	1205	0	125842
177	545	1064	385	121839	0	123833
178	104442	985	390	1383	0	107200
179	1062	263	260	118816	0	120401
180	1002	118903	308	1094	0	121307
181	592	787	218	119948	0	121545
182	489	986	264	118674	0	120413
183	449	119163	291	1583	0	121486
184	528	984	254	119528	0	121294
185	583	902	117362	981	0	119828
186	407	116118	828	1248	0	118601
187	108636	606	745	467	0	110454
188	840	741	111630	300	0	113511
189	904	304	110811	290	0	112309
190	390	109082	1082	413	0	110967
191	856	894	975	105610	0	108335
192	387	642	104319	613	0	105961
193	332	92200	612	750	0	93894
194	423	485	539	94869	0	96316
195	384	605	170	96591	0	97750
196	95108	211	164	1004	0	96487
197	562	96875	209	836	0	98482
198	655	595	91420	316	0	92986
199	311	663	94213	333	0	95520
200	278	251	1017	92401	0	93947
201	261	218	677	117408	0	118564
202	253	237	197	117658	0	118345
203	211	132100	221	2825	0	135357
204	378	1821	134506	1610	0	138315
205	311	1895	1811	133931	0	137948
206	194	140440	1962	2127	0	144723
207	188	145460	595	2235	0	148478
208	314	4040	149026	661	0	154041
209	284	2505	2364	145442	0	150595
210	304	701	160833	2582	0	164420
211	331	398	2953	158050	0	161732
212	348	503	2892	162625	0	166368
213	451	536	161283	5297	0	167567
214	258	159986	2993	3428	0	166665
215	156794	2770	2898	1093	0	163555
216	2758	2889	161736	597	0	167980
217	2675	161757	2980	817	0	168229
218	574	165546	3031	687	0	169838
219	554	5467	159822	538	0	166381
220	154556	3440	3112	541	0	161649
221	3084	1144	3017	144869	0	152114
222	2717	160734	1060	2633	0	167144
223	160195	3073	670	2643	0	166581
224	3029	3158	580	152969	0	159736
225	2843	158267	699	3046	0	164855
226	158937	3175	658	3087	0	165857
227	2894	3018	155617	1041	0	162570
228	2721	156556	2939	894	0	163110
229	152957	3075	3059	664	0	159755
230	2678	155983	1013	819	0	160493
231	154081	3435	754	599	0	158869
232	3177	3217	680	147615	0	154689
233	2818	150473	949	2786	0	157026
234	869	3131	573	153146	0	157719
235	149227	2959	811	3376	0	156373
236	2800	1172	148655	3187	0	155814
237	3003	948	151219	1094	0	156264
238	1050	741	5390	146245	0	153426
239	746	965	3339	150245	0	155295
240	780	923	1149	148308	0	151160
241	643	146252	1030	5521	0	153446
242	715	3251	143948	3343	0	151257
243	817	3256	3047	137849	0	144969
244	645	141429	3135	3093	0	148302
245	876	145249	1050	3067	0	150242
246	860	5211	143477	1179	0	150727
247	803	3705	144894	879	0	150281
248	915	1508	150049	788	0	153260
249	902	1112	5768	143093	0	150875
250	775	1252	148879	3014	0	153920
251	995	1085	3643	147769	0	153492
252	820	968	151770	3576	0	157134
253	140316	1037	3768	3480	0	148601
254	3334	154167	3616	1350	0	162467
255	3184	164340	1273	1272	0	170069
256	1264	6378	168056	1042	0	176740
257	164266	3991	3851	1250	0	173358
258	170319	1535	3896	1043	0	176793
259	172380	1174	1454	1164	0	176172
260	7143	1134	164570	1130	0	173977
261	4203	1048	168377	1333	0	174961
262	1345	1036	7298	163429	0	173108
263	166319	1027	4632	4394	0	176372
264	165607	1227	1870	4379	0	173083
265	6896	1156	160711	1846	0	170609
266	161456	1319	4685	1510	0	168970
267	4510	1370	4646	157256	0	167782
268	4044	1310	160056	4549	0	169959
269	1361	1304	161528	4277	0	168470
270	151550	1226	8076	1969	0	162821
271	3923	1131	162351	1658	0	169063
272	156611	1065	5605	1670	0	164951
273	4668	1133	161768	1506	0	169075
274	4229	153722	5778	1637	0	165366
275	1647	160974	5414	1300	0	169335
276	1887	7125	2355	154205	0	165572
277	1494	4867	2189	161055	0	169605
278	1688	2064	158143	7075	0	168970
279	1800	1554	5380	152547	0	161281
280	1788	152446	5129	4616	0	163979
281	1971	156950	2338	4261	0	165520
282	2061	162028	2084	1678	0	167851
283	2053	7853	1948	154826	0	166680
284	2118	4879	156168	4192	0	167357
285	1993	1912	157722	4349	0	165976
286	2224	1776	7888	152641	0	164529
287	2035	1462	5161	155601	0	164259
288	2382	1502	2459	144845	0	151188
289	2156	153809	1950	7269	0	165184
290	154509	4273	2003	4444	0	165229
291	154072	4351	1923	1912	0	162258
292	7801	153131	1926	1928	0	164786
293	5040	4461	154763	1736	0	166000
294	154944	4402	4979	1511	0	165836
295	5216	1701	160240	1516	0	168673
296	157017	1448	5491	1494	0	165450
297	156756	1385	5065	1726	0	164932
298	156515	1422	2338	1843	0	162118
299	152465	1339	1993	2090	0	157887
300	7551	150258	2041	2208	0	162058
301	125911	3093	1332	1601	0	131937
302	3358	127676	1539	1577	0	134150
303	110281	2686	1291	933	0	115191
304	2787	108875	1195	1038	0	113895
305	2511	2318	103050	699	0	108578
306	1088	7278	2582	90041	0	100989
307	882	96865	2505	1987	0	102239
308	883	96116	972	1940	0	99911
309	89753	3540	2933	1532	0	97758
310	83510	1583	746	627	0	86466
311	2737	86015	652	511	0	89915
312	1756	1497	669	80920	0	84842
313	841	90151	745	1405	0	93142
314	90309	1549	711	1282	0	93851
315	1996	1379	91307	472	0	95154
316	1965	716	1779	87894	0	92354
317	1017	469	1654	88979	0	92119
318	935	423	850	90706	0	92914
319	964	554	89034	2553	0	93105
320	864	88514	1747	1507	0	92632
321	875	91389	1618	566	0	94448
322	910	2634	723	91604	0	95871
323	906	1662	92808	1561	0	96937
324	832	738	1804	92270	0	95644
325	789	746	1717	93716	0	96968
326	787	732	740	94182	0	96441
327	798	791	582	94208	0	96379
328	90836	716	1033	2857	0	95442
329	1703	92510	749	1813	0	96775
330	92699	1801	783	856	0	96139
331	1860	1754	92558	871	0	97043
332	1768	828	93592	750	0	96938
333	897	814	2665	89408	0	93784
334	793	761	1648	89612	0	92814
335	626	94469	759	2867	0	98721
336	713	1765	94960	1861	0	99299
337	576	96496	1885	1083	0	100040
338	662	1831	97333	803	0	100629
339	89150	1693	1863	888	0	93594
340	1718	96859	1709	914	0	101200
341	1707	1838	97239	775	0	101559
342	841	1743	1772	95432	0	99788
343	803	864	98296	1909	0	101872
344	745	97270	1754	1842	0	101611
345	802	1901	1617	93609	0	97929
346	746	97632	669	1979	0	101026
347	908	1888	96506	1805	0	101107
348	890	1725	1637	93704	0	97956
349	93993	803	1410	1834	0	98040
350	1841	93532	639	1641	0	97653
351	1801	1741	90062	659	0	94263
352	851	2955	1476	84219	0	89501
353	687	693	88552	1494	0	91426
354	563	626	79081	1145	0	81415
355	436	72372	1807	478	0	75093
356	842	748	992	64590	0	67172
357	221	742	336	65065	0	66364
358	232	266	216	65242	0	65956
359	188	241	65880	1073	0	67382
360	195	235	64926	634	0	65990
361	57143	267	1015	331	0	58756
362	577	176	63810	223	0	64786
363	58855	173	590	223	0	59841
364	558	62254	573	250	0	63635
365	505	623	231	59301	0	60660
366	157	63397	216	546	0	64316
367	146	64697	213	633	0	65689
368	152	882	63967	245	0	65246
369	132	642	584	62359	0	63717
370	138	249	65119	608	0	66114
371	114	225	62060	549	0	62948
372	59927	186	889	272	0	61274
373	495	226	63985	215	0	64921
374	431	195	62786	250	0	63662
375	58673	144	872	325	0	60014
376	442	180	62479	256	0	63357
377	418	215	63967	233	0	64833
378	176	219	830	60188	0	61413
379	101	64195	587	546	0	65429
380	145	496	286	64600	0	65527
381	114	467	285	63995	0	64861
382	64390	159	289	988	0	65826
383	483	174	245	63276	0	64178
384	436	66243	276	605	0	67560
385	65095	512	271	602	0	66480
386	492	533	65715	309	0	67049
387	62594	226	607	321	0	63748
388	537	252	71104	229	0	72122
389	533	254	72369	253	0	73409
390	121	74215	1146	271	0	75753
391	63287	645	752	10735	0	75419
392	513	75991	332	396	0	77232
393	549	730	75158	311	0	76748
394	240	733	771	67404	0	69148
395	139	76483	795	594	0	78011
396	76942	707	393	580	0	78622
397	76489	692	294	243	0	77718
398	1130	77755	331	282	0	79498
399	79854	732	358	210	0	81154
400	740	712	330	75728	0	77510
401	658	78093	343	838	0	79932
402	227	751	291	80545	0	81814
403	182	750	313	84366	0	85611
404	86113	279	310	1433	0	88135
405	84622	226	314	883	0	86045
406	84816	199	323	342	0	85680
407	1599	250	84094	226	0	86169
408	81614	202	879	227	0	82922
409	959	512	895	83635	0	86001
410	860	193	84301	858	0	86212
411	320	189	79923	809	0	81241
412	199	80249	1487	284	0	82219
413	72961	677	987	200	0	74825
414	687	76360	225	178	0	77450
415	689	650	161	75032	0	76532
416	273	590	175	76071	0	77109
417	237	158	77666	1135	0	79196
418	239	199	712	73965	0	75115
419	235	126	78559	708	0	79628
420	198	118	76659	621	0	77596
421	167	77785	1132	236	0	79320
422	249	529	652	75544	0	76974
423	128	503	201	74922	0	75754
424	75218	149	113	984	0	76464
425	575	138	75441	600	0	76754
426	582	119	570	76221	0	77492
427	77059	112	571	673	0	78415
428	616	114	77753	624	0	79107
429	75883	94	654	239	0	76870
430	78221	125	616	175	0	79137
431	1108	151	80233	171	0	81663
432	671	150	646	78214	0	79681
433	284	115	632	79938	0	80969
434	264	145	82472	1078	0	83959
435	79183	123	679	776	0	80761
436	83076	127	649	293	0	84145
437	81315	129	265	239	0	81948
438	82333	133	263	229	0	82958
439	81289	152	338	248	0	82027
440	1300	250	71189	292	0	73031
441	802	225	83894	212	0	85133
442	342	84153	1041	284	0	85820
443	307	688	84846	245	0	86086
444	290	694	803	82138	0	83925
445	497	439	871	64528	0	66335
446	368	216	271	85168	0	86023
447	365	179	238	86012	0	86794
448	450	189	85374	1224	0	87237
449	430	84176	696	806	0	86108
450	435	88174	695	343	0	89647
451	428	1174	279	82778	0	84659
452	343	89374	246	701	0	90664
453	88888	719	275	784	0	90666
454	88410	650	257	450	0	89767
455	1394	93572	245	437	0	95648
456	1024	691	296	93593	0	95604
457	488	668	305	95940	0	97401
458	479	248	95940	1444	0	98111
459	85825	194	965	1077	0	88061
460	95811	218	884	450	0	97363
461	1531	98370	412	474	0	100787
462	99798	891	371	431	0	101491
463	1209	898	102481	413	0	105001
464	1087	102273	1008	418	0	104786
465	507	105743	965	405	0	107620
466	461	106343	431	494	0	107729
467	493	1781	336	104223	0	106833
468	103741	985	394	1300	0	106420
469	1266	282	434	105893	0	107875
470	1409	282	107341	1351	0	110383
471	707	298	1356	106928	0	109289
472	660	325	111671	1420	0	114076
473	548	301	1540	106238	0	108627
474	651	401	1277	101336	0	103665
475	472	110275	567	2090	0	113404
476	112463	1258	585	1386	0	115692
477	1398	1183	516	108146	0	111243
478	1348	111832	521	1391	0	115092
479	112115	1294	418	1387	0	115214
480	99719	1282	535	671	0	102207
481	112388	448	422	705	0	113963
482	2196	112106	481	795	0	115578
483	1344	1228	111865	708	0	115145
484	507	1183	1458	111326	0	114474
485	584	837	1361	108662	0	111444
486	521	112583	599	2212	0	115915
487	622	1324	110926	1379	0	114251
488	560	1063	108488	650	0	110761
489	101866	402	2031	540	0	104839
490	1468	567	1153	104707	0	107895
491	1219	301	107223	1254	0	109997
492	486	110117	1179	1285	0	113067
493	723	1307	1120	102126	0	105276
494	496	111898	514	1099	0	114007
495	550	1162	110005	1041	0	112758
496	102689	966	1202	525	0	105382
497	108947	333	1139	456	0	110875
498	1874	109796	423	614	0	112707
499	1129	1054	275	108195	0	110653
500	556	988	108468	1142	0	111154
501	536	107258	1106	1085	0	109985
502	103583	1117	895	458	0	106053
503	972	101479	252	344	0	103047
504	798	101284	200	282	0	102564
505	482	1594	235	97935	0	100246
506	229	100982	173	939	0	102323
507	99899	991	185	830	0	101905
508	976	892	200	99365	0	101433
509	757	310	97308	913	0	99288
510	270	288	94818	796	0	96172
511	222	343	1364	93949	0	95878
512	201	96387	793	898	0	98279
513	96543	897	316	765	0	98521
514	898	807	182	94674	0	96561
515	755	273	94560	932	0	96520
516	244	261	849	93847	0	95201
517	217	237	719	93928	0	95101
518	92446	253	257	1458	0	94414
519	906	241	223	90810	0	92180
520	779	248	90720	892	0	92639
521	350	279	90564	767	0	91960
522	264	269	1381	90962	0	92876
523	247	239	840	92600	0	93926
524	251	268	93798	1441	0	95758
525	81599	266	940	1056	0	83861
526	936	318	92913	403	0	94570
527	761	91803	949	340	0	93853
528	344	894	791	92040	0	94069
529	315	792	92723	891	0	94721
530	276	349	91980	793	0	93398
531	242	366	1417	88036	0	90061
532	89022	204	900	986	0	91112
533	891	289	91213	860	0	93253
534	757	90227	912	411	0	92307
535	91306	862	850	383	0	93401
536	882	814	92118	332	0	94146
537	87458	278	941	384	0	89061
538	91765	232	840	388	0	93225
539	1383	95256	382	436	0	97457
540	907	817	345	88124	0	90193
541	317	93976	273	833	0	95399
542	309	989	92226	752	0	94276
543	87919	803	960	442	0	90124
544	94056	338	817	394	0	95605
545	1467	323	94901	272	0	96963
546	964	266	94070	322	0	95622
547	331	96910	1551	347	0	99139
548	98753	908	1017	308	0	100986
549	1071	867	364	97094	0	99396
550	944	300	321	92467	0	94032
551	301	97144	353	1483	0	99281
552	95677	890	338	955	0	97860
553	933	889	98319	344	0	100485
554	902	286	977	107981	0	110146
555	107952	207	929	1656	0	110744
556	1634	109806	391	1415	0	113246
557	1277	1656	120201	356	0	123490
558	436	1226	123039	250	0	124951
559	390	946	3373	114450	0	119159
560	216	122469	1616	1950	0	126251
561	284	2127	123645	1391	0	127447
562	319	1580	2136	120824	0	124859
563	122949	276	1601	2182	0	127008
564	2150	287	125952	1488	0	129877
565	1608	291	2417	124386	0	128702
566	393	250	128876	2210	0	131729
567	340	202	130916	1612	0	133070
568	491	957	3905	125874	0	131227
569	360	212	131028	2298	0	133898
570	108517	197	2561	1713	0	112988
571	2131	158	127346	311	0	129946
572	116880	97	2293	321	0	119591
573	2142	122697	1555	272	0	126666
574	126053	1995	407	336	0	128791
575	2099	130237	340	233	0	132909
576	1585	2133	271	128243	0	132232
577	425	1480	263	134612	0	136780
578	299	337	133061	3521	0	137218
579	231	246	134714	1787	0	136978
580	338	177	3836	133862	0	138213
581	292	244	138113	2331	0	140980
582	344	249	2545	128960	0	132098
583	211	133482	2007	2314	0	138014
584	336	137948	679	1706	0	140669
585	366	3744	528	134426	0	139064
586	348	1806	460	136491	0	139105
587	252	544	133972	3756	0	138524
588	339	406	2412	129711	0	132868
589	254	131532	1958	2396	0	136140
590	202	133054	704	1848	0	135808
591	283	134432	646	726	0	136087
592	358	3704	546	122033	0	126641
593	265	127322	677	2461	0	130725
594	124782	2340	581	1825	0	129528
595	2302	1685	587	124422	0	128996
596	1739	513	124627	2408	0	129287
597	527	381	2600	123820	0	127328
598	419	407	126409	2694	0	129929
599	490	408	126367	1899	0	129164
600	423	408	129394	751	0	130976
601	343	125699	4132	763	0	130937
602	463	2343	128602	646	0	132054
603	125256	1813	2755	732	0	130556
604	128758	594	2126	639	0	132117
605	131094	493	943	697	0	133227
606	3774	447	751	128052	0	133024
607	128142	456	797	2694	0	132089
608	2408	125318	881	2102	0	130709
609	1682	131755	790	1019	0	135246
610	130016	3659	873	801	0	135349
611	2453	2087	133197	718	0	138455
612	1782	753	2683	131231	0	136449
613	641	716	136814	2617	0	140788
614	534	767	138582	2117	0	142000
615	410	138365	4030	1060	0	143865
616	498	2660	2321	131604	0	137083
617	521	1995	988	139555	0	143059
618	137185	768	754	4118	0	142825
619	2349	138595	897	2501	0	144342
620	1898	141903	912	1142	0	145855
621	911	3966	140288	956	0	146121
622	558	143583	2938	909	0	147988
623	139035	2887	2434	960	0	145316
624	139865	2142	1336	1036	0	144379
625	3864	961	142896	923	0	148644
626	2148	845	144347	1039	0	148379
627	782	770	4583	135836	0	141971
628	710	818	2779	138007	0	142314
629	668	140587	1371	4191	0	146817
630	816	2714	1145	140791	0	145466
631	828	2089	1249	140356	0	144522
632	797	140267	1214	4249	0	146527
633	869	2643	1150	140297	0	144959
634	684	2137	1328	135239	0	139388
635	683	134120	1304	4429	0	140536
636	813	2717	134428	2424	0	140382
637	915	2103	3152	136202	0	142372
638	136929	936	2468	2998	0	143331
639	135196	874	1250	2275	0	139595
640	4194	987	133703	972	0	139856
641	130603	1065	2805	1042	0	135515
642	133315	1118	2108	1114	0	137655
643	3870	133687	1106	1254	0	139917
644	2114	2701	130857	1259	0	136931
645	766	2153	132799	1229	0	136947
646	803	1236	4288	134229	0	140556
647	138834	806	2634	3033	0	145307
648	143467	818	1270	2339	0	147894
649	4153	981	1035	146295	0	152464
650	155155	879	851	3309	0	160194
651	157025	911	937	2550	0	161423
652	153052	934	1220	1208	0	156414
653	4895	944	152279	1148	0	159266
654	2209	671	144928	756	0	148564
655	136825	508	3506	804	0	141643
656	2150	731	143797	655	0	147333
657	1451	134993	1583	400	0	138427
658	890	1665	2424	131338	0	136317
659	468	1285	139862	1299	0	142914
660	399	379	137660	1176	0	139614
661	517	1011	2431	130204	0	134163
662	360	269	137186	1250	0	139065
663	314	274	135885	1227	0	137700
664	240	126654	2089	416	0	129399
665	196	133470	1169	233	0	135068
666	132539	1888	635	205	0	135267
667	1155	1153	212	130409	0	132929
668	130501	241	235	1100	0	132077
669	1240	198	131323	983	0	133744
670	1122	195	1076	128208	0	130601
671	314	204	1052	132113	0	133683
672	126499	140	311	2046	0	128996
673	1109	132259	246	1386	0	135000
674	1144	1070	127015	307	0	129536
675	549	1380	128970	207	0	131106
676	302	133242	1894	346	0	135784
677	327	983	132119	178	0	133607
678	241	132051	1168	295	0	133755
679	185	126230	1076	211	0	127702
680	364	1760	122420	217	0	124761
681	114237	921	1127	173	0	116458
682	1054	288	925	126219	0	128486
683	919	130060	295	1023	0	132297
684	276	938	256	129050	0	130520
685	129169	866	223	1014	0	131272
686	129178	185	227	994	0	130584
687	129336	126	296	336	0	130094
688	1850	174	127346	192	0	129562
689	1059	202	1051	123168	0	125480
690	241	129857	1038	938	0	132074
691	136086	928	286	1127	0	138427
692	1047	908	227	137073	0	139255
693	1087	245	222	137109	0	138663
694	386	180	229	141500	0	142295
695	329	252	138202	1932	0	140715
696	121001	156	1050	1443	0	123650
697	1138	140387	1046	415	0	142986
698	1110	1018	318	139954	0	142400
699	446	916	255	140894	0	142511
700	134554	225	371	2001	0	137151
701	1233	259	136968	1091	0	139551
702	1185	212	141872	359	0	143628
703	409	140723	2072	392	0	143596
704	332	1143	145462	288	0	147225
705	124038	1120	1593	431	0	127182
706	1201	145533	1324	377	0	148435
707	1170	1338	145123	259	0	147890
708	123438	1231	1660	416	0	126745
709	1358	480	153189	378	0	155405
710	1344	153706	1477	363	0	156890
711	572	1288	1293	153905	0	157058
712	522	1252	481	156993	0	159248
713	510	364	154568	2202	0	157644
714	547	325	151715	1463	0	154050
715	434	150987	2391	569	0	154381
716	147078	1284	1459	469	0	150290
717	1289	155540	599	489	0	157917
718	1386	1438	478	152401	0	155703
719	559	1329	153780	1399	0	157067
720	132781	421	1683	1449	0	136334
721	1441	360	1519	149861	0	153181
722	1355	149171	725	1350	0	152601
723	393	154651	636	1409	0	157089
724	429	2277	558	153264	0	156528
725	472	1450	508	155206	0	157636
726	151660	539	474	2505	0	155178
727	1391	449	488	157650	0	159978
728	1361	527	157935	1640	0	161463
729	149486	393	1574	1675	0	153128
730	158465	346	1498	737	0	161046
731	2584	509	160328	509	0	163930
732	151709	433	1663	525	0	154330
733	1695	474	1557	166347	0	170073
734	1698	457	552	168971	0	171678
735	680	427	438	171009	0	172554
736	634	449	425	166662	0	168170
737	383	168889	538	3120	0	172930
738	172532	1610	562	1849	0	176553
739	176847	1624	510	841	0	179822
740	3326	626	183168	613	0	187733
741	184315	468	1934	655	0	187372
742	193816	482	1930	652	0	196880
743	196963	466	598	641	0	198668
744	201315	401	547	577	0	202840
745	5576	196939	557	740	0	203812
746	2343	2291	367	191467	0	196468
747	728	2068	193695	2016	0	198507
748	652	540	186668	1984	0	189844
749	168523	1376	4313	717	0	174929
750	178402	332	2457	385	0	181576
751	3149	176080	370	426	0	180025
752	179556	1583	269	414	0	181822
753	1931	180236	260	413	0	182840
754	2004	1752	251	177913	0	181920
755	182110	1662	327	1960	0	186059
756	178815	338	210	1854	0	181217
757	180425	263	228	485	0	181401
758	3418	177767	273	423	0	181881
759	178053	1630	243	409	0	180335
760	2161	1694	237	178390	0	182482
761	183045	329	254	1853	0	185481
762	2333	348	179199	1726	0	183606
763	2145	180663	1722	463	0	184993
764	180746	1678	1705	426	0	184555
765	2192	1809	182806	273	0	187080
766	2172	459	1806	178139	0	182576
767	810	306	186946	1753	0	189815
768	830	325	184989	1789	0	187933
769	759	284	3370	180544	0	184957
770	808	411	189203	1838	0	192260
771	761	332	2002	185902	0	188997
772	710	356	1962	188124	0	191152
773	189103	328	478	3640	0	193549
774	2240	191365	546	2232	0	196383
775	2243	195514	475	601	0	198833
776	845	198314	451	530	0	200140
777	1086	3969	193052	424	0	198531
778	782	2457	2193	190967	0	196399
779	755	627	199509	2261	0	203152
780	183268	455	2420	2325	0	188468
781	195472	419	2213	685	0	198789
782	4039	197853	618	736	0	203246
783	2745	2228	468	191217	0	196658
784	900	200565	519	2136	0	204120
785	197971	2319	485	2243	0	203018
786	2656	2276	469	197873	0	203274
787	2667	672	199178	2382	0	204899
788	889	197328	2274	2566	0	203057
789	934	2406	200619	717	0	204676
790	815	2290	2451	196138	0	201694
791	823	673	198116	2456	0	202068
792	181633	542	2679	2590	0	187444
793	2662	631	197610	808	0	201711
794	2545	195951	2622	794	0	201912
795	963	2348	2544	194580	0	200435
796	839	2390	846	198528	0	202603
797	195941	680	796	4320	0	201737
798	195828	634	754	2728	0	199944
799	4404	194101	859	1035	0	200399
800	2717	2403	193621	721	0	199462
801	1048	2493	191991	667	0	196199
802	185963	781	4329	862	0	191935
803	2826	799	193889	746	0	198260
804	2755	736	188848	696	0	193035
805	1108	709	190943	731	0	193491
806	1117	813	189921	670	0	192521
807	889	188250	4455	845	0	194439
808	189229	2475	2906	791	0	195401
809	2954	2547	1052	179958	0	186511
810	184336	786	1011	2330	0	188463
811	2819	181459	1016	2436	0	187730
812	181612	2426	1002	936	0	185976
813	2639	187348	1072	859	0	191918
814	2912	2618	965	182002	0	188497
815	1067	196277	1104	2435	0	200883
816	1183	2859	193080	2491	0	199613
817	991	200415	2951	966	0	205323
818	1056	2974	2919	210115	0	217064
819	211870	2875	1135	3024	0	218904
820	3249	995	1049	213674	0	218967
821	3368	1047	212408	3223	0	220046
822	1381	803	3244	203527	0	208955
823	1005	211543	3402	3175	0	219125
824	1061	3060	211519	3028	0	218668
825	205275	3090	3450	1086	0	212901
826	3369	1052	3355	214893	0	222669
827	214631	907	1311	3283	0	220132
828	211069	832	1224	3426	0	216551
829	5391	212537	1223	1291	0	220442
830	213206	3077	1229	1070	0	218582
831	212945	3100	1186	1023	0	218254
832	5384	212693	1227	980	0	220284
833	3415	3129	1199	211427	0	219170
834	1295	3151	1170	209090	0	214706
835	923	210484	1150	5302	0	217859
836	1161	3197	1014	213593	0	218965
837	1047	3222	209225	3177	0	216671
838	1263	1803	2964	204901	0	210931
839	1218	895	204584	3127	0	209824
840	1068	779	189333	2780	0	193960
841	791	188273	4535	1066	0	194665
842	685	187777	2779	964	0	192205
843	846	191490	1223	825	0	194384
844	1769	4303	1330	180502	0	187904
845	624	2479	183040	2264	0	188407
846	174361	758	2421	2328	0	179868
847	2317	620	2396	182488	0	187821
848	2294	647	183426	2282	0	188649
849	796	674	183325	2290	0	187085
850	725	184011	4007	919	0	189662
851	875	2547	2458	179402	0	185282
852	177306	2322	763	2183	0	182574
853	1994	178632	694	2485	0	183805
854	2061	179244	716	811	0	182832
855	636	178872	678	808	0	180994
856	606	4224	739	179350	0	184919
857	434	187442	801	2444	0	191121
858	601	2620	751	200210	0	204182
859	696	2551	707	202550	0	206504
860	610	852	198245	5123	0	204830
861	171259	678	3014	3528	0	178479
862	2812	672	201627	839	0	205950
863	2860	1275	3034	196540	0	203709
864	775	789	202203	2898	0	206665
865	488	198043	3067	3068	0	204666
866	196896	2955	3456	1017	0	204324
867	2939	3113	869	190885	0	197806
868	2896	713	660	194510	0	198779
869	193524	570	655	5159	0	199908
870	192760	498	617	3223	0	197098
871	198581	557	636	997	0	200771
872	5376	603	194175	669	0	200823
873	177317	517	2518	705	0	181057
874	2635	186073	2733	662	0	192103
875	2638	187239	627	652	0	191156
876	854	4857	612	178453	0	184776
877	624	2955	420	171963	0	175962
878	515	176460	416	4826	0	182217
879	655	2628	421	176932	0	180636
880	171321	2652	415	2963	0	177351
881	2643	744	174682	2842	0	180911
882	2655	173439	2639	974	0	179707
883	164397	2544	2664	689	0	170294
884	2257	171677	731	926	0	175591
885	2451	2783	170043	811	0	176088
886	748	2926	2477	167697	0	173848
887	629	902	171593	2676	0	175800
888	568	167480	2694	2981	0	173723
889	821	2530	2717	165253	0	171321
890	683	2683	166503	2620	0	172489
891	656	880	167592	2796	0	171924
892	806	834	4576	161933	0	168149
893	165849	618	2839	2670	0	171976
894	166765	671	804	2772	0	171012
895	168382	679	624	965	0	170650
896	4852	768	167329	862	0	173811
897	2828	167490	2562	847	0	173727
898	852	2677	2693	165348	0	171570
899	734	2764	834	158024	0	162356
900	581	167101	789	4683	0	173154
901	165586	2689	654	3024	0	171953
902	2652	2727	654	166792	0	172825
903	2857	928	166240	2895	0	172920
904	900	166448	2734	3083	0	173165
905	159498	2646	2796	1209	0	166149
906	2514	166084	1082	1151	0	170831
907	2749	2878	918	161138	0	167683
908	1048	2834	905	162657	0	167444
909	867	984	927	163063	0	165841
910	859	1098	161355	5089	0	168401
911	1033	938	2764	153235	0	157970
912	903	157036	3027	3183	0	164149
913	1009	154959	1235	3062	0	160265
914	1278	4367	147982	1285	0	154912
915	137265	2785	2627	1256	0	143933
916	142647	1051	2776	1297	0	147771
917	4381	139858	1123	1199	0	146561
918	128221	2104	1082	1063	0	132470
919	126075	2209	707	1017	0	130008
920	3863	130984	747	1158	0	136752
921	2793	2293	706	131439	0	137231
922	1241	2476	135784	2391	0	141892
923	1110	1034	132815	2551	0	137510
924	130717	1002	4147	1175	0	137041
925	2484	134572	2620	1150	0	140826
926	2690	2555	842	133794	0	139881
927	1121	2724	721	135118	0	139684
928	1207	1013	706	136310	0	139236
929	130931	906	900	4543	0	137280
930	2814	958	788	132769	0	137329
931	2822	952	756	130276	0	134806
932	1158	985	125296	4117	0	131556
933	116436	904	2394	2750	0	122484
934	2347	124275	2506	1168	0	130296
935	123975	2482	900	1012	0	128369
936	2375	123419	888	1096	0	127778
937	2521	2488	899	118573	0	124481
938	122835	2348	894	2452	0	128529
939	124291	944	837	2601	0	128673
940	3943	881	124048	1108	0	129980
941	125173	873	2392	1028	0	129466
942	2685	854	128912	913	0	133364
943	2664	852	124673	870	0	129059
944	1062	916	126361	934	0	129273
945	1094	891	132536	920	0	135441
946	1034	1072	4364	130711	0	137181
947	1049	796	134558	2723	0	139126
948	899	832	2851	132203	0	136785
949	131756	766	2836	2944	0	138302
950	2661	801	1067	132526	0	137055
951	128148	830	950	2983	0	132911
952	2612	129137	898	3062	0	135709
953	2782	2962	860	127239	0	133843
954	1304	2642	123072	2832	0	129850
955	877	131795	2429	3076	0	138177
956	1130	3794	2502	121261	0	128687
957	1044	2369	123350	2486	0	129249
958	575	112648	1863	2076	0	117162
959	448	112189	1881	773	0	115291
960	1114	3339	108996	628	0	114077
961	649	2964	2006	102437	0	108056
962	439	480	105141	1764	0	107824
963	96051	278	1874	1668	0	99871
964	100503	262	1640	420	0	102825
965	2831	99726	388	386	0	103331
966	99925	1501	328	349	0	102103
967	1700	1594	298	98973	0	102565
968	1675	432	98302	1608	0	102017
969	93153	233	1603	1733	0	96722
970	1691	221	98191	497	0	100600
971	1515	94982	1636	346	0	98479
972	96864	1545	1892	307	0	100608
973	1699	1457	342	96338	0	99836
974	1593	324	97169	1497	0	100583
975	95467	205	1592	1560	0	98824
976	96444	147	1594	421	0	98606
977	97873	184	372	260	0	98689
978	3082	192	227	95134	0	98635
979	1782	143	239	96879	0	99043
980	426	223	95983	2914	0	99546
981	315	95452	1570	1765	0	99102
982	403	1478	1634	94009	0	97524
983	344	1501	377	97040	0	99262
984	303	321	96040	2960	0	99624
985	357	270	96102	1746	0	98475
986	371	161	2969	95201	0	98702
987	93236	235	1834	1831	0	97136
988	1521	94888	532	1831	0	98772
989	95099	1559	379	569	0	97606
990	1680	95394	478	491	0	98043
991	1798	1720	93968	352	0	97838
992	505	1635	95650	422	0	98212
993	90613	418	3200	408	0	94639
994	98675	348	1902	419	0	101344
995	3205	98330	602	666	0	102803
996	2050	1762	96324	567	0	100703
997	680	1770	1956	95160	0	99566
998	612	469	1983	92471	0	95535
999	543	96603	618	3345	0	101109
1000	489	1825	493	97609	0	100416
1001	490	1941	97366	2100	0	101897
1002	94142	496	2001	2030	0	98669
1003	97279	430	1997	681	0	100387
1004	98396	403	628	550	0	99977
1005	100429	453	555	488	0	101925
1006	3819	348	96825	538	0	101530
1007	96393	283	2066	508	0	99250
1008	2466	386	98007	423	0	101282
1009	2299	95976	2252	494	0	101021
1010	947	1778	2332	96449	0	101506
1011	98400	1914	828	1952	0	103094
1012	2214	536	757	103237	0	106744
1013	2289	448	102648	2356	0	107741
1014	101674	359	2414	2344	0	106791
1015	104537	398	2374	863	0	108172
1016	4194	337	787	103027	0	108345
1017	2727	366	575	104824	0	108492
1018	967	498	103186	4087	0	108738
1019	756	103754	2281	2686	0	109477
1020	98423	1950	2204	905	0	103482
1021	2309	2007	94689	549	0	99554
1022	91715	537	2042	559	0	94853
1023	2321	93008	2091	535	0	97955
1024	92652	1921	758	441	0	95772
1025	2420	91431	577	483	0	94911
1026	2197	91745	606	623	0	95171
1027	1008	3520	631	90736	0	95895
1028	844	2120	556	93165	0	96685
1029	798	675	501	94921	0	96895
1030	798	450	474	95496	0	97218
1031	702	431	91885	3898	0	96916
1032	89278	449	1988	2448	0	94163
1033	93488	403	2069	870	0	96830
1034	95810	378	694	709	0	97591
1035	4016	357	567	92279	0	97219
1036	2645	323	523	93535	0	97026
1037	92568	332	550	3665	0	97115
1038	92912	341	590	2302	0	96145
1039	93453	401	496	925	0	95275
1040	3884	590	493	87813	0	92780
1041	2332	643	520	86017	0	89512
1042	1072	298	83580	3162	0	88112
1043	801	361	82721	1942	0	85825
1044	772	81562	3008	841	0	86183
1045	70577	2311	3023	1185	0	77096
1046	69643	1281	852	531	0	72307
1047	70539	388	365	600	0	71892
1048	2489	311	71320	496	0	74616
1049	70497	254	1286	576	0	72613
1050	72149	225	1265	575	0	74214
1051	73437	236	484	520	0	74677
1052	2651	218	407	71203	0	74479
1053	1822	214	408	71645	0	74089
1054	955	237	361	71569	0	73122
1055	708	209	64443	2259	0	67619
1056	57680	229	951	1408	0	60268
1057	1332	62059	1009	537	0	64937
1058	57622	807	270	344	0	59043
1059	1185	56809	219	349	0	58562
1060	1091	56934	247	382	0	58654
1061	640	1476	305	56194	0	58615
1062	664	1022	305	54817	0	56808
1063	399	55363	237	1490	0	57489
1064	54682	833	204	949	0	56668
1065	54970	791	195	458	0	56414
1066	1617	259	223	54093	0	56192
1067	1100	226	54157	961	0	56444
1068	601	166	53107	904	0	54778
1069	568	177	56015	423	0	57183
1070	580	165	55762	322	0	56829
1071	51496	372	1699	412	0	53979
1072	52369	156	845	340	0	53710
1073	1505	159	279	51081	0	53024
1074	1018	157	50526	934	0	52635
1075	542	177	763	50400	0	51882
1076	441	51436	734	900	0	53511
1077	480	56505	285	855	0	58125
1078	57598	1253	200	445	0	59496
1079	57922	803	222	356	0	59303
1080	58885	335	242	407	0	59869
1081	1582	247	217	57795	0	59841
1082	1029	240	177	59239	0	60685
1083	564	246	169	59913	0	60892
1084	543	177	174	60023	0	60917
1085	554	157	58914	1593	0	61218
1086	507	130	732	59284	0	60653
1087	61898	109	747	1078	0	63832
1088	1062	116	341	62720	0	64239
1089	1030	137	269	63273	0	64709
1090	551	312	271	62880	0	64014
1091	457	61096	225	1719	0	63497
1092	423	61301	241	1099	0	63064
1093	378	62467	165	550	0	63560
1094	364	1144	186	58435	0	60129
1095	319	643	191	59245	0	60398
1096	58817	226	135	1276	0	60454
1097	59006	166	135	860	0	60167
1098	59899	170	128	388	0	60585
1099	1355	162	137	58869	0	60523
1100	872	126	154	58445	0	59597
1101	417	58732	150	1215	0	60514
1102	366	60745	128	859	0	62098
1103	60069	1085	118	341	0	61613
1104	923	617	98	59381	0	61019
1105	59722	149	167	845	0	60883
1106	60737	90	177	798	0	61802
1107	1233	122	173	59148	0	60676
1108	801	63076	152	734	0	64763
1109	64149	610	121	779	0	65659
1110	65874	542	92	437	0	66945
1111	1171	194	67256	300	0	68921
1112	62817	103	357	178	0	63455
1113	470	64244	398	136	0	65248
1114	463	369	84	66365	0	67281
1115	74802	374	62	805	0	76043
1116	610	101	57	75973	0	76741
1117	589	109	59	76113	0	76870
1118	200	76738	83	958	0	77979
1119	76091	468	52	648	0	77259
1120	76626	472	32	253	0	77383
1121	956	76534	63	208	0	77761
1122	573	80164	68	151	0	80956
1123	80233	855	111	184	0	81383
1124	79575	545	55	138	0	80313
1125	996	185	78060	175	0	79416
1126	656	137	75303	122	0	76218
1127	263	108	80574	116	0	81061
1128	149	92	897	80054	0	81192
1129	153	96	519	82036	0	82804
1130	178	124	81953	892	0	83147
1131	79044	82	457	700	0	80283
1132	84325	101	452	265	0	85143
1133	84906	111	111	174	0	85302
1134	84031	97	66	187	0	84381
1135	1089	152	90407	150	0	91798
1136	90677	97	514	303	0	91591
1137	94655	103	685	299	0	95742
1138	95386	94	163	252	0	95895
1139	96126	82	84	227	0	96519
1140	95762	83	104	210	0	96159
1141	1077	145	97729	221	0	99172
1142	686	97951	518	198	0	99353
1143	319	503	487	98373	0	99682
1144	267	476	153	100497	0	101393
1145	279	214	99804	947	0	101244
1146	92367	121	555	733	0	93776
1147	667	109	510	98807	0	100093
1148	676	158	99382	569	0	100785
1149	404	172	97287	609	0	98472
1150	305	102571	921	326	0	104123
1151	322	548	571	104278	0	105719
1152	289	503	193	105492	0	106477
1153	276	201	116	105619	0	106212
1154	105582	117	134	1126	0	106959
1155	652	128	140	105868	0	106788
1156	709	172	105477	690	0	107048
1157	389	174	100499	656	0	101718
1158	377	187	110979	304	0	111847
1159	360	154	1017	111209	0	112740
1160	114228	104	640	783	0	115755
1161	714	205	115561	601	0	117081
1162	112952	123	592	357	0	114024
1163	126336	108	594	660	0	127698
1164	1173	104	224	129221	0	130722
1165	832	126	181	130155	0	131294
1166	393	131417	215	1238	0	133263
1167	360	607	131220	733	0	132920
1168	125129	566	699	432	0	126826
1169	806	223	639	135085	0	136753
1170	719	135255	308	836	0	137118
1171	412	658	181	137275	0	138526
1172	353	726	136790	808	0	138677
1173	374	249	686	134029	0	135338
1174	279	136208	743	852	0	138082
1175	320	606	249	136165	0	137340
1176	134989	579	210	877	0	136655
1177	765	227	208	132753	0	133953
1178	747	130748	241	831	0	132567
1179	339	132703	229	827	0	134098
1180	127261	1058	198	472	0	128989
1181	809	781	132024	263	0	133877
1182	776	230	659	130433	0	132098
1183	360	143	692	134768	0	135963
1184	333	196	137287	1244	0	139060
1185	241	137894	725	1071	0	139931
1186	312	704	138752	357	0	140125
1187	330	875	670	133328	0	135203
1188	198	139412	683	676	0	140969
1189	141311	507	225	1026	0	143069
1190	620	142268	203	419	0	143510
1191	583	144185	215	494	0	145477
1192	145748	924	305	390	0	147367
1193	148889	554	210	527	0	150180
1194	152204	167	171	437	0	152979
1195	1085	140	132	153241	0	154598
1196	674	200	155064	721	0	156659
1197	152782	142	616	851	0	154391
1198	165057	127	630	446	0	166260
1199	1473	146	203	169207	0	171029
1200	889	294	169993	959	0	172135
1201	217	168951	898	1057	0	171123
1202	168624	855	835	386	0	170700
1203	172469	829	214	602	0	174114
1204	1534	176165	165	307	0	178171
1205	865	180919	178	274	0	182236
1206	180621	1550	171	368	0	182710
1207	179901	899	110	291	0	181201
1208	178304	229	156	306	0	178995
1209	1789	164	133	176028	0	178114
1210	1035	325	179282	972	0	181614
1211	332	175	854	175423	0	176784
1212	303	273	178438	1036	0	180050
1213	246	175080	918	1077	0	177321
1214	233	176948	860	329	0	178370
1215	431	1376	245	164841	0	166893
1216	258	725	165	168832	0	169980
1217	230	199	120	166249	0	166798
1218	205	168573	195	1451	0	170424
1219	166869	761	153	891	0	168674
1220	164668	805	114	356	0	165943
1221	1361	169261	172	385	0	171179
1222	887	798	127	164956	0	166768
1223	256	167087	149	837	0	168329
1224	306	924	109	166041	0	167380
1225	251	167636	161	868	0	168916
1226	167061	804	170	1007	0	169042
1227	913	775	119	165265	0	167072
1228	858	305	164086	892	0	166141
1229	157992	190	780	1015	0	159977
1230	162326	226	755	444	0	163751
1231	1477	349	162836	296	0	164958
1232	993	242	770	160570	0	162575
1233	342	377	165548	912	0	167179
1234	293	264	798	164468	0	165823
1235	330	341	160488	973	0	162132
1236	149920	260	844	1038	0	152062
1237	943	301	779	156662	0	158685
1238	932	159886	248	922	0	161988
1239	163548	989	143	1111	0	165791
1240	1125	984	161	166387	0	168657
1241	1093	327	170	165530	0	167120
1242	458	422	164344	1972	0	167196
1243	444	294	1003	173066	0	174807
1244	454	350	180826	1511	0	183141
1245	511	356	185859	1434	0	188160
1246	492	263	2641	189079	0	192475
1247	449	326	203608	1620	0	206003
1248	196514	277	1937	1862	0	200590
1249	229582	285	1911	572	0	232350
1250	230697	357	386	594	0	232034
1251	5137	244142	407	610	0	250296
1252	3135	3033	310	245289	0	251767
1253	907	3239	292	228249	0	232687
1254	640	249263	395	5460	0	255758
1255	247525	3140	343	3180	0	254188
1256	3328	3185	282	245725	0	252520
1257	3440	734	253028	3293	0	260495
1258	909	626	244572	3480	0	249587
1259	581	243154	6083	1181	0	250999
1260	244266	3152	3547	954	0	251919
1261	3447	3431	244723	652	0	252253
1262	225144	627	3568	891	0	230230
1263	3388	225977	3545	973	0	233883
1264	3548	3040	232463	659	0	239710
1265	974	3237	229155	586	0	233952
1266	824	773	236434	590	0	238621
1267	675	226575	6456	758	0	234464
1268	947	3351	230797	592	0	235687
1269	221096	3223	3598	760	0	228677
1270	3469	859	3487	214958	0	222773
1271	3423	534	879	230331	0	235167
1272	930	507	663	234137	0	236237
1273	829	549	521	235751	0	237650
1274	781	568	177560	58828	0	237737
1275	838	457	2836	230992	0	235123
1276	845	462	2821	231745	0	235873
1277	227782	447	860	6655	0	235744
1278	233036	435	882	4009	0	238362
1279	224295	481	766	1359	0	226901
1280	6501	617	229058	1023	0	237199
1281	3838	233204	3585	1003	0	241630
1282	1017	240436	3708	1041	0	246202
1283	221504	6666	1014	973	0	230157
1284	3363	235515	939	991	0	240808
1285	3797	3922	783	229817	0	238319
1286	1142	3783	819	234174	0	239918
1287	947	982	231437	6927	0	240293
1288	764	226854	3985	4560	0	236163
1289	868	3695	228187	1298	0	234048
1290	219359	3674	4234	1210	0	228477
1291	227478	997	4176	1043	0	233694
1292	7136	674	1241	224796	0	233847
1293	4407	603	1085	222385	0	228480
1294	1357	644	1056	224243	0	227300
1295	1319	672	966	226282	0	229239
1296	1076	716	220126	7717	0	229635
1297	1167	1144	3802	215979	0	222092
1298	1043	578	218089	4411	0	224121
1299	953	511	210951	4422	0	216837
1300	817	209701	7113	1608	0	219239
1301	208868	3544	4465	1363	0	218240
1302	3685	216456	1470	1338	0	222949
1303	4091	4211	1278	203420	0	213000
1304	1231	3953	214476	4088	0	223748
1305	203774	904	4351	4371	0	213400
1306	4243	867	213675	1491	0	220276
1307	211844	803	4714	1314	0	218675
1308	213307	749	4649	1265	0	219970
1309	7784	808	1587	217133	0	227312
1310	4862	822	1413	215235	0	222332
1311	1886	819	1312	218741	0	222758
1312	1610	1034	210360	8434	0	221438
1313	203620	868	4629	5456	0	214573
1314	4814	207492	4854	2044	0	219204
1315	5258	4249	1500	202884	0	213891
1316	209641	4378	1395	4999	0	220413
1317	212803	1364	1405	5026	0	220598
1318	215703	1262	1324	2111	0	220400
1319	9005	1285	207004	2057	0	219351
1320	211833	1421	4778	2059	0	220091
1321	213387	1453	4968	2096	0	221904
1322	8763	1268	195562	2247	0	207840
1323	5532	1367	217081	1796	0	225776
1324	2294	1332	8884	212764	0	225274
1325	2073	1148	221412	5318	0	229951
1326	1772	212302	6481	5327	0	225882
1327	1803	220257	6453	1700	0	230213
1328	212126	8413	2614	1658	0	224811
1329	5294	221684	2266	1665	0	230909
1330	5677	5178	2228	218087	0	231170
1331	210569	4924	2267	5462	0	223222
1332	5043	219041	2244	5709	0	232037
1333	4954	5179	2263	217925	0	230321
1334	1929	4931	2186	221526	0	230572
1335	1798	1507	216516	9667	0	229488
1336	1867	1343	5367	217460	0	226037
1337	1841	1250	218149	6755	0	227995
1338	2013	874	213955	6549	0	223391
1339	2160	941	8329	206131	0	217561
1340	1935	872	5096	209168	0	217071
1341	204385	881	1744	9759	0	216769
1342	5206	216346	1682	6614	0	229848
1343	5236	4545	1282	205087	0	216150
1344	2312	6418	1333	203805	0	213868
1345	191733	1154	1153	9193	0	203233
1346	5302	186930	1216	5835	0	199283
1347	4782	177521	1221	1952	0	185476
1348	1684	169208	1183	1450	0	173525
1349	975	147894	971	947	0	150787
1350	126517	5054	4197	818	0	136586
1351	125051	2668	1102	705	0	129526
1352	123739	728	473	673	0	125613
1353	123415	552	416	751	0	125134
1354	4865	500	405	119152	0	124922
1355	2721	593	117499	2672	0	123485
1356	821	116904	2556	2596	0	122877
1357	724	2557	2424	113692	0	119397
1358	785	2309	113866	2607	0	119567
1359	799	718	2560	113497	0	117574
1360	804	471	2286	113518	0	117079
1361	672	565	112558	4566	0	118361
1362	651	465	2480	113364	0	116960
1363	718	472	2359	110839	0	114388
1364	112988	425	725	4740	0	118878
1365	112636	492	663	2804	0	116595
1366	113743	469	521	1095	0	115828
1367	113493	560	502	941	0	115496
1368	4802	575	502	108977	0	114856
1369	2917	485	441	110911	0	114754
1370	1169	567	477	112523	0	114736
1371	108231	535	497	4953	0	114216
1372	2980	510	489	110350	0	114329
1373	2895	445	466	109707	0	113513
1374	1258	560	106206	4757	0	112781
1375	1131	776	2458	103584	0	107949
1376	999	103578	2410	2955	0	109942
1377	883	108131	634	2875	0	112523
1378	102101	4072	519	1161	0	107853
1379	2840	2353	101694	1063	0	107950
1380	2417	98027	2280	923	0	103647
1381	96664	2273	2411	828	0	102176
1382	2537	2099	587	97024	0	102247
1383	2291	655	97026	2729	0	102701
1384	893	808	2285	93889	0	97875
1385	735	99695	2087	2674	0	105191
1386	98129	2286	654	2473	0	103542
1387	2423	101861	553	1082	0	105919
1388	101445	2372	495	936	0	105248
1389	102044	2157	490	901	0	105592
1390	4345	701	414	100535	0	105995
1391	2597	555	430	97750	0	101332
1392	958	99891	432	4300	0	105581
1393	100627	2282	447	2680	0	106036
1394	2758	2132	99259	1126	0	105275
1395	96179	721	2107	950	0	99957
1396	94555	492	1897	932	0	97876
1397	3989	440	90827	1059	0	96315
1398	2252	901	1982	86518	0	91653
1399	87614	420	1800	2355	0	92189
1400	2243	469	87082	2273	0	92067
1401	2051	428	84834	904	0	88217
1402	78714	459	3236	768	0	83177
1403	1974	79854	1871	801	0	84500
1404	1795	76916	530	638	0	79879
1405	1078	3077	596	74483	0	79234
1406	765	1733	74746	1774	0	79018
1407	68884	532	1718	1890	0	73024
1408	1822	451	73615	672	0	76560
1409	1572	67759	1498	508	0	71337
1410	67367	1487	1572	587	0	71013
1411	1730	1416	391	67366	0	70903
1412	68375	409	303	1713	0	70800
1413	1754	435	67253	1603	0	71045
1414	1667	418	1440	64715	0	68240
1415	593	67570	1356	1497	0	71016
1416	594	1590	404	67199	0	69787
1417	648	1512	296	68330	0	70786
1418	762	466	67788	2574	0	71590
1419	698	65972	1427	1624	0	69721
1420	659	66180	1365	606	0	68810
1421	641	2170	62823	518	0	66152
1422	58164	1203	1392	528	0	61287
1423	60417	290	1297	520	0	62524
1424	2474	483	389	58666	0	62012
1425	56803	232	367	1291	0	58693
1426	1301	54527	397	1320	0	57545
1427	1209	56762	347	550	0	58868
1428	56531	1945	461	507	0	59444
1429	1557	1341	388	56267	0	59553
1430	58197	324	314	1356	0	60191
1431	58804	228	265	1368	0	60665
1432	2330	290	261	56060	0	58941
1433	1489	347	56059	1278	0	59173
1434	54919	282	1181	1247	0	57629
1435	56217	244	1117	427	0	58005
1436	2302	328	386	54153	0	57169
1437	1357	54987	315	1322	0	57981
1438	600	1426	302	55305	0	57633
1439	522	1108	54563	1393	0	57586
1440	492	339	53808	1252	0	55891
1441	449	53047	2000	608	0	56104
1442	733	589	919	39619	0	41860
1443	180	532	234	40376	0	41322
1444	162	153	40343	962	0	41620
1445	38297	108	535	639	0	39579
1446	41051	104	580	183	0	41918
1447	41726	100	162	180	0	42168
1448	41736	106	114	172	0	42128
1449	1091	40479	142	165	0	41877
1450	680	41581	125	213	0	42599
1451	42193	991	121	201	0	43506
1452	686	632	116	43170	0	44604
1453	718	141	130	43676	0	44665
1454	218	44039	123	1152	0	45532
1455	243	626	95	44777	0	45741
1456	216	678	99	43711	0	44704
1457	173	43950	135	1197	0	45455
1458	220	674	43626	730	0	45250
1459	214	651	601	43723	0	45189
1460	43963	169	628	717	0	45477
1461	43542	137	162	717	0	44558
1462	1233	161	42927	231	0	44552
1463	805	136	42679	197	0	43817
1464	304	145	42731	188	0	43368
1465	258	197	1161	41028	0	42644
1466	247	122	42071	674	0	43114
1467	216	146	41803	670	0	42835
1468	248	408	1122	39864	0	41642
1469	195	42646	688	648	0	44177
1470	312	590	42954	666	0	44522
1471	166	44003	656	223	0	45048
1472	43014	702	691	227	0	44634
1473	613	43794	203	246	0	44856
1474	679	615	173	42548	0	44015
1475	42891	601	173	657	0	44322
1476	644	158	158	43106	0	44066
1477	710	138	162	43316	0	44326
1478	266	142	43685	1153	0	45246
1479	244	42431	620	733	0	44028
1480	199	43533	661	259	0	44652
1481	230	1062	200	41579	0	43071
1482	195	600	149	41739	0	42683
1483	227	155	132	41428	0	41942
1484	183	135	40392	1067	0	41777
1485	163	138	37863	616	0	38780
1486	34393	122	922	253	0	35690
1487	493	133	38870	180	0	39676
1488	515	116	38891	176	0	39698
1489	122	38107	964	228	0	39421
1490	206	603	675	37890	0	39374
1491	186	519	38767	595	0	40067
1492	148	137	598	37659	0	38542
1493	148	100	39231	635	0	40114
1494	158	106	625	38898	0	39787
1495	156	107	40660	660	0	41583
1496	136	92	648	40058	0	40934
1497	120	117	641	39273	0	40151
1498	105	40910	227	1076	0	42318
1499	117	561	165	41021	0	41864
1500	88	41966	195	690	0	42939
1501	125	623	172	42400	0	43320
1502	99	611	160	42457	0	43327
1503	41182	162	180	1166	0	42690
1504	591	137	145	41666	0	42539
1505	607	140	40959	737	0	42443
1506	174	116	622	41081	0	41993
1507	144	140	602	41359	0	42245
1508	137	126	40715	1205	0	42183
1509	113	122	40455	783	0	41473
1510	125	124	1101	39232	0	40582
1511	122	133	674	40762	0	41691
1512	121	138	40399	1206	0	41864
1513	93	39346	645	814	0	40898
1514	77	40587	685	355	0	41704
1515	39661	1037	249	296	0	41243
1516	589	645	204	39653	0	41091
1517	40220	151	212	762	0	41345
1518	38745	100	234	741	0	39820
1519	982	39417	260	281	0	40940
1520	39989	581	217	280	0	41067
1521	39785	584	215	257	0	40841
1522	1047	173	39367	252	0	40839
1523	613	159	647	39103	0	40522
1524	169	132	40906	686	0	41893
1525	148	161	708	40787	0	41804
1526	126	151	40910	734	0	41921
1527	129	38595	656	682	0	40062
1528	131	39092	660	254	0	40137
1529	323	1062	278	37143	0	38806
1530	36731	484	166	600	0	37981
1531	509	109	189	36793	0	37600
1532	498	106	178	36902	0	37684
1533	109	109	36901	1020	0	38139
1534	95	123	37095	651	0	37964
1535	83	129	37767	262	0	38241
1536	94	131	999	36415	0	37639
1537	103	132	617	34802	0	35654
1538	85	36707	199	1026	0	38017
1539	104	37810	198	641	0	38753
1540	36676	931	204	289	0	38100
1541	475	37530	221	277	0	38503
1542	499	575	36284	252	0	37610
1543	141	492	624	35733	0	36990
1544	115	124	37462	661	0	38362
1545	61	37204	641	737	0	38643
1546	145	681	623	37119	0	38568
1547	35891	502	209	688	0	37290
1548	477	176	36902	618	0	38173
1549	465	37338	557	326	0	38686
1550	118	521	37528	271	0	38438
1551	73	36822	560	268	0	37723
1552	275	629	645	34639	0	36188
1553	34878	450	177	554	0	36059
1554	34451	126	144	550	0	35271
1555	736	34254	146	247	0	35383
1556	34785	427	141	249	0	35602
1557	462	421	173	34403	0	35459
1558	34703	133	214	552	0	35602
1559	475	130	34872	579	0	36056
1560	444	136	35128	249	0	35957
1561	152	127	892	33453	0	34624
1562	146	108	526	35946	0	36726
1563	147	167	35487	934	0	36735
1564	142	138	504	35765	0	36549
1565	35673	128	507	630	0	36938
1566	35650	136	177	608	0	36571
1567	857	34580	189	230	0	35856
1568	503	34339	165	222	0	35229
1569	33083	804	171	215	0	34273
1570	563	466	146	32422	0	33597
1571	32266	138	156	559	0	33119
1572	485	31935	169	525	0	33114
1573	32265	451	138	215	0	33069
1574	509	458	31600	168	0	32735
1575	485	162	31601	164	0	32412
1576	188	207	818	31218	0	32431
1577	149	166	32191	493	0	32999
1578	153	166	501	30811	0	31631
1579	146	142	454	30728	0	31470
1580	183	144	32027	780	0	33134
1581	148	158	490	32067	0	32863
1582	155	110	478	33999	0	34742
1583	169	106	34527	902	0	35704
1584	102	120	34331	541	0	35094
1585	33128	101	949	241	0	34419
1586	547	100	35203	184	0	36034
1587	34549	142	688	149	0	35528
1588	36943	67	528	163	0	37701
1589	962	83	37510	135	0	38690
1590	594	102	37989	123	0	38808
1591	176	226	1071	36157	0	37630
1592	152	110	613	34973	0	35848
1593	94	36596	197	977	0	37864
1594	99	37909	131	590	0	38729
1595	113	961	36442	196	0	37712
1596	34913	548	642	143	0	36246
1597	36423	125	579	136	0	37263
1598	1050	96	35296	126	0	36568
1599	609	75	35276	116	0	36076
1600	194	171	991	33421	0	34777
1601	137	35324	609	498	0	36568
1602	160	542	173	35796	0	36671
1603	135	553	127	36157	0	36972
1604	35995	125	127	1038	0	37285
1605	36114	76	133	615	0	36938
1606	1060	80	111	36717	0	37968
1607	625	81	37058	581	0	38345
1608	35120	71	600	594	0	36385
1609	585	37746	605	199	0	39135
1610	38532	501	185	155	0	39373
1611	37196	510	162	164	0	38032
1612	994	38083	166	171	0	39414
1613	590	38915	158	192	0	39855
1614	223	990	134	38544	0	39891
1615	161	601	132	38784	0	39678
1616	138	39098	158	1077	0	40471
1617	193	554	144	39707	0	40598
1618	190	591	130	39951	0	40862
1619	150	169	39318	1140	0	40777
1620	38402	96	638	706	0	39842
1621	39933	82	665	207	0	40887
1622	40614	89	205	163	0	41071
1623	1241	102	159	39095	0	40597
1624	38490	58	139	654	0	39341
1625	657	37669	164	648	0	39138
1626	678	640	165	34858	0	36341
1627	186	37171	165	583	0	38105
1628	169	38293	181	592	0	39235
1629	38342	959	219	237	0	39757
1630	38685	584	148	183	0	39600
1631	38561	138	160	156	0	39015
1632	38566	101	158	167	0	38992
1633	38351	98	149	173	0	38771
1634	1200	107	37906	144	0	39357
1635	37758	118	560	170	0	38606
1636	699	141	39101	143	0	40084
1637	37731	123	599	175	0	38628
1638	38359	102	593	193	0	39247
1639	38456	91	206	195	0	38948
1640	1125	123	39381	168	0	40797
1641	783	187	574	37082	0	38626
1642	293	40912	635	456	0	42296
1643	41604	495	227	532	0	42858
1644	41180	529	184	192	0	42085
1645	1123	41649	191	169	0	43132
1646	42487	501	181	182	0	43351
1647	692	554	188	40617	0	42051
1648	669	42256	179	550	0	43654
1649	41820	518	129	673	0	43140
1650	41903	580	167	262	0	42912
1651	1096	220	165	41695	0	43176
1652	42574	167	193	593	0	43527
1653	804	111	210	42826	0	43951
1654	793	151	188	42967	0	44099
1655	400	170	42646	1043	0	44259
1656	352	137	578	42459	0	43526
1657	319	185	583	43034	0	44121
1658	300	209	43023	1035	0	44567
1659	269	164	43130	679	0	44242
1660	285	133	930	42853	0	44201
1661	273	154	43929	598	0	44954
1662	40527	148	570	636	0	41881
1663	606	44120	588	273	0	45587
1664	698	503	167	44968	0	46336
1665	289	571	132	46103	0	47095
1666	286	167	97	46473	0	47023
1667	46080	122	108	1066	0	47376
1668	46096	117	121	666	0	47000
1669	47146	164	95	269	0	47674
1670	1100	46790	101	247	0	48238
1671	763	502	112	47159	0	48536
1672	364	566	79	47678	0	48687
1673	47474	204	57	982	0	48717
1674	47637	161	69	669	0	48536
1675	1096	151	76	47489	0	48812
1676	711	193	47711	571	0	49186
1677	46677	154	476	627	0	47934
1678	48498	135	494	291	0	49418
1679	1149	160	48682	200	0	50191
1680	45386	137	428	231	0	46182
1681	671	105	48326	232	0	49334
1682	46514	66	461	216	0	47257
1683	604	477	508	47731	0	49320
1684	635	51291	141	472	0	52539
1685	323	407	53200	476	0	54406
1686	267	53632	508	192	0	54599
1687	201	51313	475	167	0	52156
1688	51855	728	310	349	0	53242
1689	456	326	102	51532	0	52416
1690	344	51	49	51183	0	51627
1691	54261	42	50	710	0	55063
1692	317	39	44	55587	0	55987
1693	368	40	44	55889	0	56341
1694	107	45	46	56141	0	56339
1695	91	44	44	55976	0	56155
1696	106	70	55892	590	0	56658
1697	100	74	54900	376	0	55450
1698	79	55428	531	119	0	56157
1699	56013	253	308	231	0	56805
1700	333	306	51	56822	0	57512
1701	370	56233	72	342	0	57017
1702	135	326	48	60278	0	60787
1703	95	323	53	60815	0	61286
1704	120	75	55	61276	0	61526
1705	125	52	49	61998	0	62224
1706	111	46	58	61570	0	61785
1707	96	60753	65	658	0	61572
1708	109	277	53	61476	0	61915
1709	128	332	59957	373	0	60790
1710	77	60429	274	475	0	61255
1711	110	258	277	60918	0	61563
1712	89	317	56	60707	0	61169
1713	74	59771	87	597	0	60529
1714	87	60856	81	405	0	61429
1715	59583	485	52	177	0	60297
1716	246	59912	79	173	0	60410
1717	59059	246	68	149	0	59522
1718	58290	264	72	156	0	58782
1719	495	86	60352	119	0	61052
1720	324	67	258	56693	0	57342
1721	107	97	61456	332	0	61992
1722	99	62979	297	440	0	63815
1723	103	380	288	59614	0	60385
1724	76	311	69	63816	0	64272
1725	86	74	49	64801	0	65010
1726	81	65	58	65396	0	65600
1727	117	103	65725	651	0	66596
1728	101	57	302	65307	0	65767
1729	98	92	66052	418	0	66660
1730	78	128	65301	397	0	65904
1731	61207	64	595	293	0	62159
1732	66556	71	330	196	0	67153
1733	67635	71	48	205	0	67959
1734	613	66026	84	187	0	66910
1735	360	328	65	66734	0	67487
1736	125	389	68245	401	0	69160
1737	109	114	322	67408	0	67953
1738	162	101	70754	419	0	71436
1739	68453	151	385	495	0	69484
1740	70196	78	351	206	0	70831
1741	70206	67	94	162	0	70529
1742	699	105	68165	140	0	69109
1743	398	111	68799	150	0	69458
1744	156	175	593	69335	0	70259
1745	119	72	316	70313	0	70820
1746	92	62	85	72367	0	72606
1747	116	93	72545	653	0	73407
1748	102	101	68615	415	0	69233
1749	68854	67	594	212	0	69727
1750	356	65	355	73406	0	74182
1751	342	51	73	74018	0	74484
1752	74748	50	85	726	0	75609
1753	352	69	76	74894	0	75391
1754	79581	76	96	663	0	80416
1755	82334	59	90	624	0	83107
1756	82483	60	88	307	0	82938
1757	728	146	84416	176	0	85466
1758	411	83959	356	475	0	85201
1759	88376	336	358	327	0	89397
1760	416	363	81	88719	0	89579
1761	425	78	76	88090	0	88669
1762	107	89810	115	709	0	90741
1763	89622	335	82	528	0	90567
1764	89105	354	70	284	0	89813
1765	90267	74	88	209	0	90638
1766	716	90710	103	175	0	91704
1767	95523	364	72	399	0	96358
1768	95964	346	76	268	0	96654
1769	96626	73	70	245	0	97014
1770	723	73	75	94773	0	95644
1771	433	64	88	95953	0	96538
1772	177	133	99381	780	0	100471
1773	139	66	370	97299	0	97874
1774	147	66	371	99420	0	100004
1775	172	155	99253	742	0	100322
1776	93132	75	362	531	0	94100
1777	99356	51	370	242	0	100019
1778	707	112	94	98315	0	99228
1779	425	97630	102	431	0	98588
1780	149	98602	129	498	0	99378
1781	182	887	94	97420	0	98583
1782	163	394	95466	440	0	96463
1783	223	331	312	91648	0	92514
1784	151	109	92675	368	0	93303
1785	128	124	94509	259	0	95020
1786	104	47	344	95348	0	95843
1787	96576	34	218	319	0	97147
1788	94962	49	60	380	0	95451
1789	443	42	67	98371	0	98923
1790	305	45	45	99879	0	100274
1791	110	41	47	98546	0	98744
1792	105	76	61	98429	0	98671
1793	98182	35	65	561	0	98843
1794	97467	55	68	391	0	97981
1795	97801	40	81	197	0	98119
1796	443	94	97833	124	0	98494
1797	340	36	192	96767	0	97335
1798	125	60	221	99708	0	100114
1799	99426	41	89	472	0	100028
1800	267	98830	83	302	0	99482
1801	99304	207	40	268	0	99819
1802	98537	227	34	191	0	98989
1803	98145	67	45	166	0	98423
1804	97902	50	83	185	0	98220
1805	543	128	99825	101	0	100597
1806	401	140	95323	108	0	95972
1807	103409	40	569	245	0	104263
1808	106270	37	285	202	0	106794
1809	106374	35	87	208	0	106704
1810	108730	65	78	212	0	109085
1811	684	136	115735	172	0	116727
1812	411	119862	580	226	0	121079
1813	441	592	490	124682	0	126205
1814	133563	594	128	1037	0	135322
1815	136123	121	98	837	0	137179
1816	142399	87	107	365	0	142958
1817	144307	91	87	262	0	144747
1818	145048	57	80	231	0	145416
1819	140505	85	196	268	0	141054
1820	2280	155	129885	227	0	132547
1821	1209	174	136176	138	0	137697
1822	446	210	1431	133836	0	135923
1823	345	145	138165	876	0	139531
1824	273	135623	952	1014	0	137862
1825	282	139596	1009	323	0	141210
1826	364	1664	265	141541	0	143834
1827	316	1052	147753	829	0	149950
1828	293	316	143109	933	0	144651
1829	140334	189	1764	353	0	142640
1830	157227	118	1125	321	0	158791
1831	2163	114	291	158081	0	160649
1832	160794	101	511	1445	0	162851
1833	1497	138	194	160918	0	162747
1834	1449	133	175	161128	0	162885
1835	468	174	162521	2535	0	165698
1836	390	218	157752	1495	0	159855
1837	357	124	2496	158307	0	161284
1838	403	236	159502	1485	0	161626
1839	146736	103	1550	1664	0	150053
1840	160445	90	1379	553	0	162467
1841	2735	164573	430	485	0	168223
1842	166677	1324	262	433	0	168696
1843	1905	1398	163252	284	0	166839
1844	160927	228	1554	354	0	163063
1845	164696	134	1541	375	0	166746
1846	166836	119	484	409	0	167848
1847	3177	209	346	160227	0	163959
1848	1861	164647	397	1508	0	168413
1849	166366	1472	325	1559	0	169722
1850	166702	1489	311	486	0	168988
1851	3284	340	278	168266	0	172168
1852	168845	215	274	1927	0	171261
1853	2151	170713	367	1991	0	175222
1854	2136	1721	295	167975	0	172127
1855	886	1649	166470	1969	0	170974
1856	142626	389	2002	2279	0	147296
1857	2186	299	166727	654	0	169866
1858	2195	390	2103	163628	0	168316
1859	774	164801	1907	2101	0	169583
1860	654	178500	626	2025	0	181805
1861	803	3997	470	176854	0	182124
1862	2331	182973	526	2547	0	188377
1863	783	3464	522	230429	0	235198
1864	877	2615	524	238996	0	243012
1865	873	752	489	244665	0	246779
1866	232389	534	399	7883	0	241205
1867	4759	444	303	238584	0	244090
1868	4195	519	232971	5030	0	242715
1869	1455	233464	4069	4289	0	243277
1870	232687	4191	3454	1418	0	241750
1871	5162	3528	722	233692	0	243104
1872	4536	801	568	236564	0	242469
1873	1553	666	536	241582	0	244337
1874	1351	782	232709	8432	0	243274
1875	980	233887	4415	4919	0	244201
1876	234073	4344	3989	1828	0	244234
1877	4801	3864	1016	219879	0	229560
1878	4017	236784	925	4594	0	246320
1879	235661	4709	784	4343	0	245497
1880	4956	4048	235076	1494	0	245574
1881	232198	1161	4742	1390	0	239491
1882	5543	990	242003	1209	0	249745
1883	4739	882	240683	1334	0	247638
1884	1532	237196	8111	1864	0	248703
1885	1487	4701	4342	229220	0	239750
1886	1362	4223	231634	5394	0	242613
1887	1054	225206	5188	5005	0	236453
1888	1191	4869	4368	218277	0	228705
1889	985	227193	1648	5109	0	234935
1890	1043	5131	224015	4611	0	234800
1891	1089	4342	4962	221421	0	231814
1892	1257	1443	227689	5693	0	236082
1893	1274	1113	5317	224501	0	232205
1894	1214	1148	4431	228033	0	234826
1895	1304	1143	223736	9008	0	235191
1896	1372	942	5313	224944	0	232571
1897	217773	1005	4449	6351	0	229578
1898	4978	220778	1593	6118	0	233467
1899	4632	4900	221153	2675	0	233360
1900	214934	4343	5287	2440	0	227004
1901	5763	1556	4554	208426	0	220299
1902	4891	221339	1805	5459	0	233494
1903	223822	5108	1494	5037	0	235461
1904	228036	4661	1376	2430	0	236503
1905	8998	1797	1362	217635	0	229792
1906	5333	1477	1175	221526	0	229511
1907	2046	1345	1264	224251	0	228906
1908	1714	1403	1385	220527	0	225029
1909	1580	214262	1552	10121	0	227515
1910	2362	7762	1484	201856	0	213464
1911	1414	203652	1292	6300	0	212658
1912	1386	200717	1410	5762	0	209275
1913	1303	200514	1457	2982	0	206256
1914	1848	8121	184680	2670	0	197319
1915	1346	191195	4967	2823	0	200331
1916	178652	5362	4924	3091	0	192029
1917	4591	182720	1827	3509	0	192647
1918	4269	5166	1663	165659	0	176757
1919	2007	184116	1769	5875	0	193767
1920	1811	5468	1588	182991	0	191858
1921	1847	4878	1859	185438	0	194022
1922	1839	2603	180974	8814	0	194230
1923	174282	2259	4937	6016	0	187494
1924	182148	2105	4201	3643	0	192097
1925	179561	1879	2091	3402	0	186933
1926	7698	175239	2013	3873	0	188823
1927	4556	5031	2203	170647	0	182437
1928	2223	4746	168278	6431	0	181678
1929	2029	167444	5175	5749	0	180397
1930	2361	5750	4157	139038	0	151306
1931	1821	159843	2047	4921	0	168632
1932	158057	5022	1970	4293	0	169342
1933	160756	4392	2010	2318	0	169476
1934	163686	2182	2139	2031	0	170038
1935	162454	1868	2383	2003	0	168708
1936	7431	1807	2285	156263	0	167786
1937	4324	2045	2104	154221	0	162694
1938	1975	157549	2209	7459	0	169192
1939	2015	4947	1833	160089	0	168884
1940	1533	4382	155173	6021	0	167109
1941	1407	2222	4552	153559	0	161740
1942	1277	2362	152326	5963	0	161928
1943	1157	148533	4942	5496	0	160128
1944	1227	4881	151546	3108	0	160762
1945	1404	4204	5239	148511	0	159358
1946	1322	2074	153146	5883	0	162425
1947	1394	1889	4968	150323	0	158574
1948	1552	2003	4247	150980	0	158782
1949	1757	1785	2073	152401	0	158016
1950	2026	1860	1838	150973	0	156697
1951	143642	1874	1482	7599	0	154597
1952	4293	144944	1589	5073	0	155899
1953	142788	4528	1219	2981	0	151516
1954	4453	3953	138813	2731	0	149950
1955	136728	2054	3659	2660	0	145101
1956	139584	1745	3042	2662	0	147033
1957	7312	1738	135588	2524	0	147162
1958	5269	1547	130647	2468	0	139931
1959	2316	128132	5232	2819	0	138499
1960	1617	120383	2654	2516	0	127170
1961	2508	4951	112455	2526	0	122440
1962	1463	101552	2886	2722	0	108623
1963	2432	2631	2301	58264	0	65628
1964	56488	758	652	857	0	58755
1965	735	290	172	56220	0	57417
1966	56302	246	138	786	0	57472
1967	55590	220	134	739	0	56683
1968	1048	56654	163	333	0	58198
1969	56327	581	122	324	0	57354
1970	56047	601	107	308	0	57063
1971	1037	271	109	54980	0	56397
1972	55403	199	110	722	0	56434
1973	608	56477	128	667	0	57880
1974	572	579	95	56234	0	57480
1975	56253	561	110	704	0	57628
1976	592	240	55828	619	0	57279
1977	55807	124	475	299	0	56705
1978	631	326	534	57358	0	58849
1979	606	150	58168	507	0	59431
1980	217	170	56734	568	0	57689
1981	55150	367	1063	252	0	56832
1982	56676	104	547	208	0	57535
1983	825	86	110	56316	0	57337
1984	533	66	95	57102	0	57796
1985	165	103	75	56557	0	56900
1986	128	57503	100	839	0	58570
1987	57795	411	92	571	0	58869
1988	465	58163	93	211	0	58932
1989	57550	439	104	188	0	58281
1990	517	462	57400	160	0	58539
1991	522	123	437	57527	0	58609
1992	59058	89	465	577	0	60189
1993	503	86	128	59561	0	60278
1994	543	102	89	58456	0	59190
1995	168	57931	108	899	0	59106
1996	58175	456	93	552	0	59276
1997	570	61519	139	232	0	62460
1998	544	528	88	62149	0	63309
1999	214	528	61345	520	0	62607
2000	53610	122	549	703	0	54984
2001	567	135	61112	216	0	62030
2002	55361	89	579	213	0	56242
2003	573	59936	541	221	0	61271
2004	629	565	116	56734	0	58044
2005	157	59303	122	541	0	60123
2006	58930	541	106	645	0	60222
2007	608	588	104	59386	0	60686
2008	683	129	94	60340	0	61246
2009	235	152	58806	1098	0	60291
2010	53667	96	566	821	0	55150
2011	640	105	619	59787	0	61151
2012	725	141	59063	616	0	60545
2013	212	58738	594	719	0	60263
2014	208	538	624	59125	0	60495
2015	59537	636	136	671	0	60980
2016	644	155	108	60196	0	61103
2017	714	139	61109	687	0	62649
2018	64475	102	612	780	0	65969
2019	925	111	674	65829	0	67539
2020	926	177	70734	893	0	72730
2021	269	98	897	71712	0	72976
2022	258	135	933	69458	0	70784
2023	231	71809	230	1763	0	74033
2024	70668	924	134	1078	0	72804
2025	972	72640	145	329	0	74086
2026	72550	1037	121	272	0	73980
2027	1140	1000	141	69144	0	71425
2028	1083	71659	157	1029	0	73928
2029	319	1001	133	71999	0	73452
2030	263	1034	70553	1125	0	72975
2031	66975	253	947	1152	0	69327
2032	1093	178	981	68456	0	70708
2033	1098	158	216	68368	0	69840
2034	399	143	152	69476	0	70170
2035	296	170	66973	2061	0	69500
2036	281	194	67295	1271	0	69041
2037	222	67267	1844	500	0	69833
2038	274	990	1012	65004	0	67280
2039	65534	938	235	1138	0	67845
2040	1000	67113	203	1186	0	69502
2041	1090	1082	163	68205	0	70540
2042	69193	1010	166	1230	0	71599
2043	69178	253	183	1201	0	70815
2044	1995	69604	206	441	0	72246
2045	75964	1088	168	375	0	77595
2046	81933	1106	184	378	0	83601
2047	2575	301	137	82580	0	85593
2048	1606	83243	203	1649	0	86701
2049	563	1424	155	85917	0	88059
2050	84133	1539	163	1866	0	87701
2051	1682	420	84634	1793	0	88529
2052	1756	281	1429	84259	0	87725
2053	606	231	1488	85707	0	88032
2054	414	302	84476	3069	0	88261
2055	392	272	1516	85548	0	87728
2056	84339	258	1594	2020	0	88211
2057	79172	251	427	2029	0	81879
2058	2871	250	304	83290	0	86715
2059	1846	260	82660	1973	0	86739
2060	626	203	80958	1986	0	83773
2061	429	81056	2880	824	0	85189
2062	408	83001	1758	719	0	85886
2063	599	2706	540	79908	0	83753
2064	79511	1662	367	1687	0	83227
2065	1553	80418	334	1793	0	84098
2066	80433	1580	312	677	0	83002
2067	1818	1603	284	79121	0	82826
2068	1766	522	260	79268	0	81816
2069	76572	365	328	3025	0	80290
2070	1681	77260	280	1983	0	81204
2071	78368	1549	220	783	0	80920
2072	1866	1621	75564	611	0	79662
2073	1718	505	73969	570	0	76762
2074	717	541	2644	71554	0	75456
2075	539	369	74331	1722	0	76961
2076	529	347	72932	1743	0	75551
2077	553	376	2738	68267	0	71934
2078	488	306	71181	1784	0	73759
2079	526	245	1806	68733	0	71310
2080	455	314	1660	69132	0	71561
2081	487	307	70000	2982	0	73776
2082	447	284	1649	69402	0	71782
2083	480	320	1681	66733	0	69214
2084	480	67571	618	2936	0	71605
2085	67497	1438	516	1951	0	71402
2086	1575	1511	67420	943	0	71449
2087	1610	490	1577	66366	0	70043
2088	596	369	1635	67961	0	70561
2089	510	365	66235	3078	0	70188
2090	61715	353	1598	2170	0	65836
2091	1562	65811	1625	1045	0	70043
2092	1672	1510	557	65112	0	68851
2093	664	1520	529	64710	0	67423
2094	522	65408	562	3028	0	69520
2095	578	1557	64926	2027	0	69088
2096	469	66328	1677	962	0	69436
2097	62132	1761	1658	895	0	66446
2098	1540	1576	61637	714	0	65467
2099	1621	605	1553	60786	0	64565
2100	673	409	62938	1784	0	65804
2101	559	453	62349	1829	0	65190
2102	423	61249	2644	972	0	65288
2103	747	1391	1745	58132	0	62015
2104	59307	1416	721	1641	0	63085
2105	59574	492	574	1692	0	62332
2106	2410	59306	600	942	0	63258
2107	1605	1345	537	59192	0	62679
2108	59108	1321	529	1750	0	62708
2109	59625	511	525	1671	0	62332
2110	2459	59106	506	919	0	62990
2111	60547	1281	497	771	0	63096
2112	1695	1331	490	57611	0	61127
2113	1519	59870	460	1731	0	63580
2114	761	1482	448	61377	0	64068
2115	665	1479	454	61284	0	63882
2116	689	938	466	61911	0	64004
2117	552	456	58359	2711	0	62078
2118	425	414	52328	1549	0	54716
2119	396	52343	1956	733	0	55428
2120	46295	957	1360	578	0	49190
2121	899	46260	513	601	0	48273
2122	1068	952	400	45115	0	47535
2123	377	974	46694	1076	0	49121
2124	348	439	1015	45541	0	47343
2125	275	288	1063	46965	0	48591
2126	297	299	452	48018	0	49066
2127	46695	300	349	1817	0	49161
2128	853	261	384	47736	0	49234
2129	905	266	49725	1229	0	52125
2130	47942	237	928	1239	0	50346
2131	49604	236	985	651	0	51476
2132	51034	186	399	597	0	52216
2133	51246	195	304	512	0	52257
2134	50994	187	325	483	0	51989
2135	1718	49812	304	518	0	52352
2136	1149	759	241	46207	0	48356
2137	518	49423	313	899	0	51153
2138	48528	835	233	955	0	50551
2139	47766	825	236	464	0	49291
2140	46181	292	217	382	0	47072
2141	1472	44694	225	337	0	46728
2142	869	43802	264	306	0	45241
2143	432	44250	210	302	0	45194
2144	505	1301	42374	267	0	44447
2145	826	2987	689	33144	0	37646
2146	99	29423	282	280	0	30084
2147	52	27893	30	131	0	28106
2148	80	191	66	27754	0	28091
2149	45	125	18	27803	0	27991
2150	44	44	27788	236	0	28112
2151	26557	32	134	200	0	26923
2152	150	54	124	28949	0	29277
2153	162	24	31	29115	0	29332
2154	53	45	28631	272	0	29001
2155	41	38	28097	190	0	28366
2156	27	29969	284	52	0	30332
2157	63	169	143	30344	0	30719
2158	55	158	37	30655	0	30905
2159	43	52	30007	301	0	30403
2160	27624	41	167	207	0	28039
2161	30121	30	157	78	0	30386
2162	317	52	30276	63	0	30708
2163	29920	28	171	92	0	30211
2164	216	54	31006	57	0	31333
2165	30666	27	180	66	0	30939
2166	31459	36	177	74	0	31746
2167	358	41	32492	44	0	32935
2168	208	31	183	32127	0	32549
2169	84	34	199	32949	0	33266
2170	69	40	39	34158	0	34306
2171	33932	36	44	410	0	34422
2172	33926	40	44	263	0	34273
2173	422	45	35070	78	0	35615
2174	250	64	33952	86	0	34352
2175	35469	42	440	98	0	36049
2176	37283	22	282	104	0	37691
2177	513	45	36947	58	0	37563
2178	325	46	37166	75	0	37612
2179	87	33	531	37347	0	37998
2180	76	82	38908	306	0	39372
2181	80	36	307	37379	0	37802
2182	39663	24	330	377	0	40394
2183	412	49	42437	355	0	43253
2184	40903	14	477	126	0	41520
2185	543	40	47286	154	0	48023
2186	518	27	559	46529	0	47633
2187	139	48	533	49158	0	49878
2188	123	31	102	49385	0	49641
2189	97	50350	98	1143	0	51688
2190	143	568	68	49161	0	49940
2191	149	544	77	50989	0	51759
2192	50278	74	77	1100	0	51529
2193	630	58	50072	634	0	51394
2194	47851	21	607	172	0	48651
2195	655	65	50416	88	0	51224
2196	44974	37	615	180	0	45806
2197	633	48991	595	169	0	50388
2198	629	522	49482	108	0	50741
2199	150	522	49675	101	0	50448
2200	166	198	1123	44903	0	46390
2201	125	52	620	49182	0	49979
2202	134	43	49782	1066	0	51025
2203	132	53	50406	600	0	51191
2204	107	55	54491	156	0	54809
2205	54475	41	1140	219	0	55875
2206	56354	44	675	164	0	57237
2207	56783	48	150	148	0	57129
2208	1117	30	152	55428	0	56727
2209	660	34	136	56043	0	56873
2210	182	64	59034	1120	0	60400
2211	142	44	627	58041	0	58854
2212	124	50	615	58254	0	59043
2213	58527	40	163	1205	0	59935
2214	58813	43	137	769	0	59762
2215	60496	53	122	312	0	60983
2216	1238	73	163	59674	0	61148
2217	701	53	155	60105	0	61014
2218	192	48	164	60632	0	61036
2219	59632	25	181	1209	0	61047
2220	705	78	193	57854	0	58830
2221	661	59675	215	646	0	61197
2222	240	561	209	57726	0	58736
2223	205	58975	194	620	0	59994
2224	58751	583	221	630	0	60185
2225	56834	556	220	257	0	57867
2226	1064	58150	224	273	0	59711
2227	647	58971	229	253	0	60100
2228	272	1076	210	58055	0	59613
2229	213	635	56196	707	0	57751
2230	247	132	690	55024	0	56093
2231	232	125	56964	895	0	58216
2232	229	56912	691	875	0	58707
2233	274	575	713	57268	0	58830
2234	247	594	236	58084	0	59161
2235	267	139	60618	1290	0	62314
2236	263	85	726	60531	0	61605
2237	270	107	62485	840	0	63702
2238	60543	77	748	875	0	62243
2239	62695	75	783	356	0	63909
2240	63694	73	248	358	0	64373
2241	1338	119	219	62495	0	64171
2242	866	105	180	63139	0	64290
2243	303	138	63802	1427	0	65670
2244	297	222	723	61313	0	62555
2245	267	62949	756	956	0	64928
2246	299	609	63222	854	0	64984
2247	288	627	62284	356	0	63555
2248	307	321	1192	58022	0	59842
2249	293	180	63675	836	0	64984
2250	298	185	64033	820	0	65336
2251	58556	133	1206	497	0	60392
2252	682	69130	754	446	0	71012
2253	72272	613	280	550	0	73715
2254	72376	592	249	439	0	73656
2255	74025	187	256	460	0	74928
2256	1243	124	281	73216	0	74864
2257	840	117	247	74299	0	75503
2258	362	172	74122	1271	0	75927
2259	338	145	680	72580	0	73743
2260	287	75050	746	837	0	76920
2261	74926	552	318	821	0	76617
2262	661	76169	330	390	0	77550
2263	688	76456	305	385	0	77834
2264	329	1107	282	76047	0	77765
2265	344	643	77288	758	0	79033
2266	326	198	707	76241	0	77472
2267	303	174	77242	834	0	78553
2268	259	76059	730	879	0	77927
2269	76256	542	659	439	0	77896
2270	76777	507	276	417	0	77977
2271	78092	151	237	465	0	78945
2272	1157	181	80316	365	0	82019
2273	752	169	76528	319	0	77768
2274	78909	96	1031	433	0	80469
2275	70182	132	12165	449	0	82928
2276	82563	100	241	398	0	83302
2277	1039	104	179	81490	0	82812
2278	702	119	137	82682	0	83640
2279	82284	99	129	1034	0	83546
2280	81273	111	146	731	0	82261
2281	924	181	82634	320	0	84059
2282	538	134	78559	252	0	79483
2283	75011	78	509	282	0	75880
2284	371	109	79103	193	0	79776
2285	72182	56	445	185	0	72868
2286	249	98	75573	141	0	76061
2287	170	131	150	72082	0	72533
2288	98	105	76670	131	0	77004
2289	110	58	96	76535	0	76799
2290	85	49	110	77632	0	77876
2291	44	80169	92	242	0	80547
2292	80414	89	53	299	0	80855
2293	140	167	82252	59	0	82618
2294	77395	45	125	194	0	77759
2295	120	83912	172	91	0	84295
2296	87473	99	56	209	0	87837
2297	176	155	42	87256	0	87629
2298	208	62	27	88079	0	88376
2299	70	91728	77	428	0	92303
2300	69	189	32	95103	0	95393
2301	75	218	44	95539	0	95876
2302	89	64	41	96096	0	96290
2303	92964	32	45	656	0	93697
2304	89144	37	33	457	0	89671
2305	590	119	89247	134	0	90090
2306	367	90016	301	186	0	90870
2307	119	261	320	92281	0	92981
2308	77	343	65	95678	0	96163
2309	104	174	96334	740	0	97352
2310	87	63	400	92749	0	93299
2311	94032	42	443	575	0	95092
2312	94378	41	87	551	0	95057
2313	94988	43	61	216	0	95308
2314	951	61	64	94782	0	95858
2315	99732	49	46	766	0	100593
2316	99682	45	61	682	0	100470
2317	101701	42	64	288	0	102095
2318	1065	57	75	101208	0	102405
2319	691	49	53	102829	0	103622
2320	208	53	46	103793	0	104100
2321	168	59	56	102824	0	103107
2322	169	42	55	103009	0	103275
2323	171	111	101267	1092	0	102641
2324	187	117	100570	667	0	101541
2325	155	99463	958	285	0	100861
2326	223	474	543	102223	0	103463
2327	162	497	93	103407	0	104159
2328	131	106	83	104382	0	104702
2329	167	150	102607	1151	0	104075
2330	185	48	479	101615	0	102327
2331	147	141	102580	681	0	103549
2332	129	60	543	101040	0	101772
2333	251	143	106131	693	0	107218
2334	114	106056	573	994	0	107737
2335	153	551	572	104930	0	106206
2336	174	595	103544	671	0	104984
2337	89115	153	594	930	0	90792
2338	546	104794	628	333	0	106301
2339	643	544	130	105744	0	107061
2340	148	106965	150	694	0	107957
2341	171	623	99	106785	0	107678
2342	107782	599	134	793	0	109308
2343	631	150	103	106701	0	107585
2344	644	108010	124	831	0	109609
2345	108382	597	106	836	0	109921
2346	691	656	115	112589	0	114051
2347	701	331	104	114949	0	116085
2348	116076	101	117	1855	0	118149
2349	1029	126	113	125290	0	126558
2350	1093	109	102	146634	0	147938
2351	393	174	147524	3321	0	151412
2352	257	173	144669	2043	0	147142
2353	238	102	3869	142087	0	146296
2354	263	162	146069	2358	0	148852
2355	279	162	142136	2142	0	144719
2356	130896	110	4134	828	0	135968
2357	2398	161	146832	416	0	149807
2358	2008	145824	2666	604	0	151102
2359	621	2172	2133	146666	0	151592
2360	150740	1977	619	2552	0	155888
2361	153051	400	453	2349	0	156253
2362	152862	200	363	821	0	154246
2363	4569	151431	436	626	0	157062
2364	2646	2360	380	150093	0	155479
2365	742	2157	373	153054	0	156326
2366	147193	462	386	4719	0	152760
2367	151686	245	382	2873	0	155186
2368	154343	257	354	1025	0	155979
2369	4952	288	154785	657	0	160682
2370	2878	155702	2776	722	0	162078
2371	908	177172	2708	838	0	181626
2372	779	5576	836	170681	0	177872
2373	625	3459	548	177255	0	181887
2374	651	887	175726	6602	0	183866
2375	170273	405	3780	4179	0	178637
2376	177617	448	3496	1244	0	182805
2377	7012	422	936	175318	0	183688
2378	4283	365	452	177869	0	182969
2379	1483	297	409	180760	0	182949
2380	175013	348	445	7453	0	183259
2381	4226	466	172081	4328	0	181101
2382	3930	485	174294	1514	0	180223
2383	1247	413	6720	170834	0	179214
2384	811	486	175138	4337	0	180772
2385	168785	273	4338	4097	0	177493
2386	173740	231	3722	1487	0	179180
2387	176398	279	1179	1096	0	178952
2388	7486	167752	837	1138	0	177213
2389	169995	3667	654	1092	0	175408
2390	4781	3514	603	165681	0	174579
2391	4027	964	747	166428	0	172166
2392	1526	443	775	170991	0	173735
2393	1119	481	162892	7983	0	172475
2394	1144	521	4198	158063	0	163926
2395	1152	161271	3844	4775	0	171042
2396	155859	3526	1269	4266	0	164920
2397	4049	161522	974	2236	0	168781
2398	4117	4260	157676	1521	0	167574
2399	1704	158887	4111	1408	0	166110
2400	151403	4123	3975	1420	0	160921
2401	3937	155099	1696	1575	0	162307
2402	4188	4216	1286	132076	0	141766
2403	1456	154182	1303	3742	0	160683
2404	152031	4096	1215	3622	0	160964
2405	154061	3675	1041	1504	0	160281
2406	147934	1261	1196	1272	0	151663
2407	7476	1100	149590	1168	0	159334
2408	4463	946	148333	1129	0	154871
2409	2032	989	149199	1313	0	153533
2410	144287	872	7289	1371	0	153819
2411	4620	1031	4459	143307	0	153417
2412	4217	766	1637	146228	0	152848
2413	2014	1028	142960	6922	0	152924
2414	1762	986	3945	145032	0	151725
2415	137002	944	3715	4859	0	146520
2416	4460	137856	1507	4332	0	148155
2417	141268	3846	1177	1934	0	148225
2418	5188	3816	137402	1341	0	147747
2419	139838	1499	4112	1224	0	146673
2420	141328	1117	3801	1203	0	147449
2421	143119	1127	1570	1396	0	147212
2422	7792	1075	136435	1499	0	146801
2423	5220	913	3987	135977	0	146097
2424	2641	850	138797	4354	0	146642
2425	2369	765	4494	138678	0	146306
2426	2007	871	140076	4643	0	147597
2427	2012	815	4717	138126	0	145670
2428	1848	761	4102	140357	0	147068
2429	137979	666	1642	7265	0	147552
2430	139756	583	1243	4844	0	146426
2431	142590	488	1356	2352	0	146786
2432	7841	608	1424	132331	0	142204
2433	4893	126482	1418	4429	0	137222
2434	2262	133304	1316	4277	0	141159
2435	131714	6063	1238	2036	0	141051
2436	4749	3856	130395	1622	0	140622
2437	131964	1290	4155	1478	0	138887
2438	5296	995	131323	1468	0	139082
2439	133673	918	4412	1419	0	140422
2440	128698	828	3846	1500	0	134872
2441	7330	829	131852	1496	0	141507
2442	133867	647	4227	1764	0	140505
2443	133617	747	3853	1565	0	139782
2444	134617	802	1765	1359	0	138543
2445	7715	131729	1313	1639	0	142396
2446	4699	4938	1636	125547	0	136820
2447	2335	3109	127543	3972	0	136959
2448	2153	1164	128616	3521	0	135454
2449	1823	117373	5467	1541	0	126204
2450	1303	96674	2646	868	0	101491
2451	1805	3109	1950	90878	0	97742
2452	89385	1896	751	2137	0	94169
2453	2334	91254	600	2148	0	96336
2454	2431	2035	526	88197	0	93189
2455	1279	92766	510	1959	0	96514
2456	89417	2147	496	1939	0	93999
2457	2485	2026	523	89533	0	94567
2458	2293	704	88471	1942	0	93410
2459	1201	85777	1906	1977	0	90861
2460	893	86337	1968	802	0	90000
2461	965	3023	891	77634	0	82513
2462	893	85299	661	1585	0	88438
2463	894	2131	575	83907	0	87507
2464	84026	1791	485	2112	0	88414
2465	84550	780	520	1840	0	87690
2466	87580	539	514	774	0	89407
2467	87296	554	528	869	0	89247
2468	3567	544	85378	565	0	90054
2469	2123	80631	1642	440	0	84836
2470	929	78623	1557	470	0	81579
2471	288	62393	235	189	0	63105
2472	274	61950	274	162	0	62660
2473	59839	1210	1165	227	0	62441
2474	58740	597	202	150	0	59689
2475	60175	168	84	155	0	60582
2476	60506	119	75	145	0	60845
2477	1086	115	59495	56	0	60752
2478	63690	88	484	243	0	64505
2479	65290	92	544	143	0	66069
2480	66545	103	124	144	0	66916
2481	1116	90	96	65433	0	66735
2482	747	93	63	66123	0	67026
2483	66947	100	76	1029	0	68152
2484	631	119	68	66157	0	66975
2485	644	65875	93	620	0	67232
2486	262	505	57	67255	0	68079
2487	208	560	70	66712	0	67550
2488	163	67716	90	1026	0	68995
2489	172	525	94	68465	0	69256
2490	183	587	69	68746	0	69585
2491	67431	176	72	1093	0	68772
2492	602	175	65730	679	0	67186
2493	65114	127	494	277	0	66012
2494	730	139	66793	224	0	67886
2495	672	163	64796	133	0	65764
2496	241	174	66277	172	0	66864
2497	63872	156	1063	183	0	65274
2498	635	173	69120	132	0	70060
2499	67730	145	646	225	0	68746
2500	69334	107	587	174	0	70202
2501	69837	117	165	164	0	70283
2502	1076	69166	136	152	0	70530
2503	69874	532	102	178	0	70686
2504	645	70725	127	154	0	71651
2505	695	597	100	70879	0	72271
2506	279	637	89	70609	0	71614
2507	238	70797	103	1005	0	72143
2508	222	71341	110	746	0	72419
2509	231	73102	104	274	0	73711
2510	72279	1056	98	176	0	73609
2511	637	74144	121	179	0	75081
2512	74410	656	94	209	0	75369
2513	748	733	72385	133	0	73999
2514	72082	269	517	176	0	73044
2515	74667	186	561	167	0	75581
2516	1188	236	72811	157	0	74392
2517	847	177	518	72117	0	73659
2518	395	200	74521	590	0	75706
2519	332	161	575	73762	0	74830
2520	292	160	624	74860	0	75936
2521	74950	147	182	1147	0	76426
2522	75081	154	133	760	0	76128
2523	1149	74590	137	350	0	76226
2524	76736	575	114	288	0	77713
2525	858	687	76434	167	0	78146
2526	75960	199	615	285	0	77059
2527	895	197	79984	196	0	81272
2528	927	188	79238	180	0	80533
2529	79972	160	1348	252	0	81732
2530	82933	168	916	197	0	84214
2531	1578	186	84476	187	0	86427
2532	1084	180	808	79787	0	81859
2533	443	154	832	85104	0	86533
2534	341	217	84251	1443	0	86252
2535	384	180	774	81874	0	83212
2536	352	80842	906	940	0	83040
2537	398	777	267	86275	0	87717
2538	405	865	226	85627	0	87123
2539	432	288	83314	1433	0	85467
2540	72644	215	829	1128	0	74816
2541	82222	149	859	336	0	83566
2542	82386	124	273	302	0	83085
2543	81470	120	224	285	0	82099
2544	1732	79473	234	277	0	81716
2545	1197	733	192	77257	0	79379
2546	506	838	76743	775	0	78862
2547	415	275	75709	911	0	77310
2548	410	261	1315	72315	0	74301
2549	315	179	75342	864	0	76700
2550	70587	143	786	913	0	72429
2551	773	159	779	74040	0	75751
2552	871	103	243	74741	0	75958
2553	351	141	190	74689	0	75371
2554	72506	131	182	1463	0	74282
2555	688	72510	207	1055	0	74460
2556	72368	622	193	398	0	73581
2557	71812	670	241	306	0	73029
2558	1334	70304	253	256	0	72147
2559	904	71227	286	199	0	72616
2560	72703	1113	291	242	0	74349
2561	887	720	270	72508	0	74385
2562	921	196	270	72494	0	73881
2563	74831	115	239	1294	0	76479
2564	979	156	74454	797	0	76386
2565	73068	112	816	344	0	74340
2566	74848	102	844	293	0	76087
2567	1584	76037	245	296	0	78162
2568	79230	725	188	265	0	80408
2569	78027	797	134	264	0	79222
2570	1602	87955	127	267	0	89951
2571	912	89941	118	237	0	91208
2572	467	2040	200	87917	0	90624
2573	90256	1226	84	1148	0	92714
2574	1148	93255	124	1198	0	95725
2575	1290	1223	84	94247	0	96844
2576	94693	1279	84	1362	0	97418
2577	1418	305	94020	1324	0	97067
2578	1518	143	1261	92088	0	95010
2579	363	135	94285	1375	0	96158
2580	87992	127	1468	1571	0	91158
2581	93939	108	1488	410	0	95945
2582	2724	116	93561	263	0	96664
2583	1652	92331	1399	329	0	95711
2584	501	1273	1465	93068	0	96307
2585	360	1396	93980	1360	0	97096
2586	283	271	1407	93544	0	95505
2587	313	172	1486	96222	0	98193
2588	306	156	94378	2792	0	97632
2589	86731	158	1476	1861	0	90226
2590	94451	133	1473	490	0	96547
2591	2911	188	94706	281	0	98086
2592	1720	94424	1490	478	0	98112
2593	542	1436	1490	89641	0	93109
2594	344	94333	409	1276	0	96362
2595	302	95297	286	1481	0	97366
2596	94735	2706	226	472	0	98139
2597	1562	1622	208	95260	0	98652
2598	1676	431	180	94984	0	97271
2599	496	313	95173	2837	0	98819
2600	481	236	94697	1788	0	97202
2601	414	242	2852	93395	0	96903
2602	349	305	1734	96151	0	98539
2603	333	272	94965	3001	0	98571
2604	373	315	94979	1895	0	97562
2605	363	265	2970	94159	0	97757
2606	94890	243	1853	1769	0	98755
2607	1569	95443	531	2013	0	99556
2608	96328	1543	332	607	0	98810
2609	1831	96801	362	454	0	99448
2610	1871	97088	353	492	0	99804
2611	94810	3089	309	471	0	98679
2612	1803	1918	96343	403	0	100467
2613	1975	483	1704	96132	0	100294
2614	645	342	1880	99617	0	102484
2615	548	312	515	106575	0	107950
2616	522	374	105161	3659	0	109716
2617	500	298	1978	106040	0	108816
2618	106540	319	2123	2335	0	111317
2619	2083	305	585	109708	0	112681
2620	2239	289	471	111860	0	114859
2621	110711	284	386	4202	0	115583
2622	109423	302	399	2720	0	112844
2623	3996	109205	437	950	0	114588
2624	2625	1937	109788	579	0	114929
2625	770	2104	108199	573	0	111646
2626	573	510	110287	576	0	111946
2627	454	103984	4066	556	0	109060
2628	711	1896	2657	100419	0	105683
2629	468	2021	615	103395	0	106499
2630	102253	459	518	3835	0	107065
2631	2083	366	480	102368	0	105297
2632	2220	346	100689	2370	0	105625
2633	659	373	2070	102093	0	105195
2634	624	324	2206	101858	0	105012
2635	511	402	100440	3999	0	105352
2636	423	99625	2151	2659	0	104858
2637	630	2011	2187	88475	0	93303
2638	463	100355	780	2006	0	103604
2639	506	2065	99080	2224	0	103875
2640	97397	2139	2188	873	0	102597
2641	100019	510	2317	787	0	103633
2642	102202	444	726	706	0	104078
2643	4061	427	582	96954	0	102024
2644	2435	99679	606	2253	0	104973
2645	99652	2027	579	2438	0	104696
2646	101142	2158	510	896	0	104706
2647	101009	581	543	876	0	103009
2648	4055	452	98022	793	0	103322
2649	96014	344	2154	764	0	99276
2650	2404	97189	2249	820	0	102662
2651	97358	1977	740	653	0	100728
2652	2247	98994	665	749	0	102655
2653	99606	2173	552	791	0	103122
2654	2421	2192	99412	648	0	104673
2655	100100	579	2080	758	0	103517
2656	102115	421	2238	736	0	105510
2657	94247	424	789	725	0	96185
2658	104128	429	572	650	0	105779
2659	4197	443	100260	688	0	105588
2660	2627	469	2103	98550	0	103749
2661	98187	378	2231	2218	0	103014
2662	2267	98323	708	2428	0	103726
2663	2307	1865	565	95637	0	100374
2664	887	1933	95101	2197	0	100118
2665	906	1133	2006	95552	0	99597
2666	889	432	96319	2248	0	99888
2667	612	91740	2119	2420	0	96891
2668	636	88254	2047	876	0	91813
2669	633	89476	725	694	0	91528
2670	947	2963	653	76868	0	81431
2671	652	1636	351	76508	0	79147
2672	520	359	75070	2420	0	78369
2673	385	71381	1227	1520	0	74513
2674	67013	1090	1243	449	0	69795
2675	1111	66672	360	381	0	68524
2676	1126	66701	315	422	0	68564
2677	1180	1908	388	63692	0	67168
2678	63582	1097	322	1106	0	66107
2679	64208	332	257	1173	0	65970
2680	1949	280	239	63357	0	65825
2681	63300	236	199	1160	0	64895
2682	1171	250	247	62928	0	64596
2683	1146	291	61733	1164	0	64334
2684	60914	249	1012	1159	0	63334
2685	1171	296	1048	61319	0	63834
2686	1094	311	60574	1043	0	63022
2687	435	286	59709	1104	0	61534
2688	420	302	1697	59744	0	62163
2689	61104	248	1081	1107	0	63540
2690	61224	226	282	1129	0	62861
2691	1838	61553	274	368	0	64033
2692	64209	989	253	440	0	65891
2693	64156	945	263	392	0	65756
2694	65016	301	223	356	0	65896
2695	1888	65082	251	379	0	67600
2696	66331	887	224	391	0	67833
2697	66884	916	216	306	0	68322
2698	1887	305	193	65954	0	68339
2699	64225	169	203	926	0	65523
2700	1122	63781	223	944	0	66070
2701	1045	65575	205	320	0	67145
2702	493	1495	201	65484	0	67673
2703	474	930	154	65376	0	66934
2704	368	66948	190	1494	0	69000
2705	66372	849	161	872	0	68254
2706	1031	66114	181	282	0	67608
2707	65088	788	161	237	0	66274
2708	967	67079	172	238	0	68456
2709	1020	873	132	63904	0	65929
2710	378	68923	136	761	0	70198
2711	68366	916	682	795	0	70759
2712	67211	834	314	315	0	68674
2713	66851	303	322	327	0	67803
2714	1506	264	63934	188	0	65892
2715	737	167	59701	173	0	60778
2716	244	59168	892	215	0	60519
2717	284	547	58707	152	0	59690
2718	261	648	56452	192	0	57553
2719	229	502	763	49612	0	51106
2720	139	112	53764	345	0	54360
2721	94	54800	331	407	0	55632
2722	54721	313	269	149	0	55452
2723	299	54695	99	130	0	55223
2724	307	55250	86	108	0	55751
2725	56163	533	85	182	0	56963
2726	57008	313	61	185	0	57567
2727	525	59310	77	89	0	60001
2728	60325	334	73	159	0	60891
2729	59962	300	62	133	0	60457
2730	60145	86	56	131	0	60418
2731	652	120	58693	59	0	59524
2732	402	118	58872	74	0	59466
2733	148	105	501	59683	0	60437
2734	128	61	296	61873	0	62358
2735	62266	76	58	592	0	62992
2736	338	61413	82	351	0	62184
2737	357	371	55	62909	0	63692
2738	147	339	53	63667	0	64206
2739	138	108	47	64546	0	64839
2740	128	85	52	64959	0	65224
2741	119	105	64346	815	0	65385
2742	145	167	64063	429	0	64804
2743	139	63	703	65638	0	66543
2744	105	119	67073	437	0	67734
2745	63401	62	485	489	0	64437
2746	496	70	470	67410	0	68446
2747	494	91	67672	472	0	68729
2748	60801	70	479	575	0	61925
2749	483	67202	461	173	0	68319
2750	67387	418	97	153	0	68055
2751	481	69197	102	124	0	69904
2752	482	451	78	68107	0	69118
2753	162	485	68596	441	0	69684
2754	146	148	432	66055	0	66781
2755	126	121	66616	502	0	67365
2756	64550	81	444	497	0	65572
2757	510	80	423	67916	0	68929
2758	68742	60	138	538	0	69478
2759	521	116	68094	481	0	69212
2760	70187	62	453	161	0	70863
2761	75748	80	472	125	0	76425
2762	1107	88	76481	78	0	77754
2763	695	79	592	75157	0	76523
2764	209	118	77986	591	0	78904
2765	128	77746	620	659	0	79153
2766	77846	591	744	208	0	79389
2767	77709	588	174	157	0	78628
2768	1173	150	77990	81	0	79394
2769	688	109	77062	105	0	77964
2770	206	75	1096	75557	0	76934
2771	148	83	656	78268	0	79155
2772	78802	63	171	1114	0	80150
2773	588	79207	156	697	0	80648
2774	81055	510	133	237	0	81935
2775	80819	578	112	177	0	81686
2776	1141	121	79206	141	0	80609
2777	75430	72	586	207	0	76295
2778	667	105	80539	113	0	81424
2779	811	71	602	79658	0	81142
2780	238	111	84931	557	0	85837
2781	226	77	621	83614	0	84538
2782	195	77	85193	620	0	86085
2783	80854	69	665	714	0	82302
2784	84244	52	664	208	0	85168
2785	1151	49	198	83867	0	85265
2786	85274	66	251	724	0	86315
2787	698	63	159	85677	0	86597
2788	677	87172	213	656	0	88718
2789	87005	516	130	715	0	88366
2790	658	87624	167	228	0	88677
2791	753	630	129	87755	0	89267
2792	264	591	134	86510	0	87499
2793	220	105	134	86490	0	86949
2794	218	99	126	85859	0	86302
2795	202	149	83086	1176	0	84613
2796	72527	101	563	919	0	74110
2797	80754	83	618	301	0	81756
2798	1157	80749	194	291	0	82391
2799	723	498	138	81082	0	82441
2800	287	566	150	81213	0	82216
2801	230	143	79203	1108	0	80684
2802	75064	85	610	768	0	76527
2803	674	100	654	78294	0	79722
2804	694	108	77299	640	0	78741
2805	74896	103	638	831	0	76468
2806	78297	82	650	316	0	79345
2807	78998	75	196	281	0	79550
2808	1196	113	76605	210	0	78124
2809	767	113	73095	213	0	74188
2810	72366	75	992	232	0	73665
2811	671	69	625	75011	0	76376
2812	672	81	199	77072	0	78024
2813	274	111	76829	981	0	78195
2814	72962	76	537	721	0	74296
2815	633	75	566	78250	0	79524
2816	80536	65	186	749	0	81536
2817	80474	57	158	752	0	81441
2818	80621	63	148	314	0	81146
2819	1267	121	81511	226	0	83125
2820	837	57	610	81007	0	82511
2821	81536	62	696	765	0	83059
2822	715	83248	233	772	0	84968
2823	842	579	148	84759	0	86328
2824	320	664	127	85455	0	86566
2825	84080	105	159	1339	0	85683
2826	83380	84	168	896	0	84528
2827	1376	75	154	81893	0	83498
2828	942	112	82347	724	0	84125
2829	80008	94	684	883	0	81669
2830	895	113	88633	281	0	89922
2831	88219	72	828	297	0	89416
2832	90510	61	929	269	0	91769
2833	1736	100	90423	198	0	92457
2834	1163	131	865	91025	0	93184
2835	409	135	97043	972	0	98559
2836	311	102682	1052	1145	0	105190
2837	396	1188	1114	95491	0	98189
2838	282	105114	273	1026	0	106695
2839	349	1060	188	105586	0	107183
2840	300	1197	107629	1205	0	110331
2841	262	108982	1174	1359	0	111777
2842	233	111434	1285	342	0	113294
2843	531	2664	312	110483	0	113990
2844	112456	1359	236	1332	0	115383
2845	1362	249	185	122302	0	124098
2846	123252	170	176	1742	0	125340
2847	1620	124944	182	1853	0	128599
2848	134619	1615	149	409	0	136792
2849	2054	1788	137940	311	0	142093
2850	2225	300	1792	135580	0	139897
2851	478	182	2001	136875	0	139536
2852	374	224	136232	3744	0	140574
2853	128896	175	1876	2336	0	133283
2854	134157	200	2043	540	0	136940
2855	3734	134896	408	383	0	139421
2856	2494	2368	296	118176	0	123334
2857	477	133502	296	1675	0	135950
2858	482	1930	131879	1931	0	136222
2859	450	2079	132938	462	0	135929
2860	638	1574	3626	124697	0	130535
2861	125996	260	2038	1804	0	130098
2862	1745	124173	428	1985	0	128331
2863	126429	1717	217	462	0	128825
2864	2022	1910	122898	311	0	127141
2865	123856	362	1808	360	0	126386
2866	125712	277	1933	368	0	128290
2867	3661	307	124013	280	0	128261
2868	2247	247	1860	120967	0	125321
2869	124780	249	1998	1906	0	128933
2870	125305	216	411	2103	0	128035
2871	126538	251	354	486	0	127629
2872	3848	269	310	122993	0	127420
2873	2385	305	122448	1857	0	126995
2874	119017	289	1951	2132	0	123389
2875	2194	333	125073	511	0	128111
2876	2325	271	2045	121539	0	126180
2877	743	284	2127	118947	0	122101
2878	629	122631	506	3698	0	127464
2879	682	1892	122501	2171	0	127246
2880	596	119771	2026	626	0	123019
2881	636	120390	2166	597	0	123789
2882	669	3725	617	118615	0	123626
2883	657	2216	119141	2045	0	124059
2884	723	515	2007	119952	0	123197
2885	663	423	121184	2232	0	124502
2886	723	366	2170	119481	0	122740
2887	728	386	2192	119159	0	122465
2888	717	476	115040	3983	0	120216
2889	685	387	2179	115146	0	118397
2890	709	452	117182	2430	0	120773
2891	780	447	114768	2429	0	118424
2892	646	113424	4001	979	0	119050
2893	114193	2009	2529	753	0	119484
2894	2320	2310	113905	733	0	119268
2895	110038	640	2331	733	0	113742
2896	2375	528	2467	114471	0	119841
2897	2515	603	113468	2333	0	118919
2898	822	113473	2389	2700	0	119384
2899	810	2161	2451	112858	0	118280
2900	820	2362	114115	2322	0	119619
2901	961	709	2391	106256	0	110317
2902	752	113644	2589	2293	0	119278
2903	114532	2105	888	2496	0	120021
2904	2428	2320	808	114332	0	119888
2905	115443	695	801	2461	0	119400
2906	115366	570	764	2687	0	119387
2907	117098	530	784	1067	0	119479
2908	117582	572	764	946	0	119864
2909	115142	490	784	997	0	117413
2910	4363	111398	874	916	0	117551
2911	2857	2010	839	111586	0	117292
2912	1216	2232	811	112746	0	117005
2913	1192	604	719	113971	0	116486
2914	1039	598	108710	4259	0	114606
2915	916	107729	2389	2818	0	113852
2916	110263	2049	2467	981	0	115760
2917	109903	2186	1026	886	0	114001
2918	4346	108522	931	979	0	114778
2919	2737	109977	833	979	0	114526
2920	108461	3933	888	931	0	114213
2921	2646	2437	106330	848	0	112261
2922	2810	930	2459	103183	0	109382
2923	103649	599	2635	2424	0	109307
2924	2628	560	925	100367	0	104480
2925	2585	102206	815	2512	0	108118
2926	1121	2152	852	103396	0	107521
2927	1039	2250	102183	2486	0	107958
2928	98296	642	2421	2550	0	103909
2929	102482	459	2424	1055	0	106420
2930	4219	455	787	95142	0	100603
2931	2841	452	662	95529	0	99484
2932	90547	396	708	3681	0	95332
2933	2398	90476	666	2393	0	95933
2934	2376	1702	595	88843	0	93516
2935	1298	1830	578	88069	0	91775
2936	79528	385	485	3207	0	83605
2937	1904	81833	517	2161	0	86415
2938	80901	1509	422	764	0	83596
2939	2023	80829	438	669	0	83959
2940	1871	79431	414	656	0	82372
2941	74768	2568	543	518	0	78397
2942	1628	76419	451	551	0	79049
2943	1815	2964	939	70905	0	76623
2944	626	1434	71682	1496	0	75238
2945	484	343	61822	1202	0	63851
2946	298	256	60316	375	0	61245
2947	315	57974	2044	276	0	60609
2948	48818	850	2050	223	0	51941
2949	812	719	241	45632	0	47404
2950	780	189	106	46635	0	47710
2951	254	131	45819	1332	0	47536
2952	44659	114	715	902	0	46390
2953	770	120	706	47099	0	48695
2954	775	114	182	47592	0	48663
2955	245	135	119	47700	0	48199
2956	45857	103	108	1501	0	47569
2957	798	169	45236	896	0	47099
2958	45361	138	687	287	0	46473
2959	877	187	659	45250	0	46973
2960	850	218	45013	787	0	46868
2961	43724	167	709	804	0	45404
2962	881	230	45773	249	0	47133
2963	830	408	782	43808	0	45828
2964	310	196	45668	777	0	46951
2965	248	172	44049	782	0	45251
2966	41448	119	1415	322	0	43304
2967	770	154	43597	253	0	44774
2968	781	143	858	42167	0	43949
2969	42389	136	829	776	0	44130
2970	789	150	281	42808	0	44028
2971	786	157	42225	864	0	44032
2972	321	153	42796	845	0	44115
2973	266	42713	1292	408	0	44679
2974	274	665	810	41437	0	43186
2975	40692	649	276	829	0	42446
2976	773	40621	183	866	0	42443
2977	41222	673	189	411	0	42495
2978	836	674	224	40339	0	42073
2979	40549	217	230	829	0	41825
2980	855	39875	252	839	0	41821
2981	860	692	245	39359	0	41156
2982	39828	696	236	782	0	41542
2983	805	40322	258	815	0	42200
2984	828	705	274	40319	0	42126
2985	382	691	285	40074	0	41432
2986	40751	219	283	1356	0	42609
2987	830	128	312	41292	0	42562
2988	809	119	311	41234	0	42473
2989	368	128	321	42485	0	43302
2990	339	141	40448	1512	0	42440
2991	39912	126	858	1014	0	41910
2992	886	153	831	46524	0	48394
2993	939	196	47732	1125	0	49992
2994	46526	158	1127	1126	0	48937
2995	1165	246	49099	437	0	50947
2996	1070	199	1160	46441	0	48870
2997	391	47897	1075	1145	0	50508
2998	380	971	352	49366	0	51069
2999	394	943	49027	1224	0	51588
3000	403	331	50453	1124	0	52311
3001	424	214	1874	49916	0	52428
3002	352	204	50654	1284	0	52494
3003	48114	230	1234	1168	0	50746
3004	1200	224	50417	503	0	52344
3005	1067	216	1218	48779	0	51280
3006	428	219	1099	49876	0	51622
3007	351	232	404	50171	0	51158
3008	48832	158	286	2234	0	51510
3009	49174	125	347	1407	0	51053
3010	50636	164	340	642	0	51782
3011	2123	138	302	49045	0	51608
3012	1237	204	313	49471	0	51225
3013	494	110	47905	2100	0	50609
3014	467	122	48290	1261	0	50140
3015	359	47519	1897	598	0	50373
3016	415	1113	1095	41805	0	44428
3017	319	725	416	39818	0	41278
3018	299	42215	330	1470	0	44314
3019	41981	752	282	999	0	44014
3020	878	42769	337	440	0	44424
3021	42686	861	327	376	0	44250
3022	953	794	303	41989	0	44039
3023	42799	143	343	1004	0	44289
3024	979	112	304	43036	0	44431
3025	864	162	41712	1053	0	43791
3026	337	119	911	42604	0	43971
3027	41485	98	892	1102	0	43577
3028	936	129	279	42426	0	43770
3029	911	120	226	42046	0	43303
3030	373	120	41733	1709	0	43935
3031	363	118	844	42575	0	43900
3032	370	119	823	40934	0	42246
3033	349	40793	249	1648	0	43039
3034	328	710	223	40987	0	42248
3035	359	672	243	40847	0	42121
3036	413	179	230	39598	0	40420
3037	198	35786	183	1419	0	37586
3038	158	586	122	34438	0	35304
3039	32520	492	115	783	0	33910
3040	575	32013	154	669	0	33411
3041	496	30888	98	266	0	31748
3042	150	31050	111	278	0	31589
3043	170	1271	208	28259	0	29908
3044	163	29037	259	606	0	30065
3045	186	29684	268	631	0	30769
3046	29038	794	363	269	0	30464
3047	563	511	28260	275	0	29609
3048	27842	159	614	343	0	28958
3049	552	152	595	28103	0	29402
3050	433	164	27934	701	0	29232
3051	27124	123	765	661	0	28673
3052	528	103	27753	393	0	28777
3053	524	80	27490	343	0	28437
3054	28090	104	1151	318	0	29663
3055	655	134	731	28705	0	30225
3056	584	77	28962	863	0	30486
3057	28659	76	708	858	0	30301
3058	29618	90	559	532	0	30799
3059	1176	95	29407	451	0	31129
3060	30591	59	638	412	0	31700
3061	31194	71	520	419	0	32204
3062	1192	99	29872	458	0	31621
3063	30303	65	714	470	0	31552
3064	30577	110	695	411	0	31793
3065	1050	164	29848	382	0	31444
3066	615	208	32434	367	0	33624
3067	247	204	1061	32553	0	34065
3068	223	237	33104	910	0	34474
3069	32448	259	726	761	0	34194
3070	827	279	557	32545	0	34208
3071	819	280	146	33013	0	34258
3072	395	249	31976	1213	0	33833
3073	429	187	588	31938	0	33142
3074	394	169	32222	901	0	33686
3075	32090	120	691	860	0	33761
3076	32873	122	647	477	0	34119
3077	1202	118	32227	513	0	34060
3078	32609	88	702	514	0	33913
3079	33166	93	596	534	0	34389
3080	1141	111	32716	564	0	34532
3081	33471	97	720	611	0	34899
3082	33129	94	673	583	0	34479
3083	1040	166	33253	556	0	35015
3084	32836	187	680	561	0	34264
3085	703	204	34132	616	0	35655
3086	598	181	622	33529	0	34930
3087	215	183	568	34107	0	35073
3088	259	213	131	34763	0	35366
3089	286	216	33099	1324	0	34925
3090	30165	228	574	855	0	31822
3091	696	272	31717	370	0	33055
3092	377	25584	345	185	0	26491
3093	116	25142	347	114	0	25719
3094	23940	433	194	124	0	24691
3095	300	247	111	23847	0	24505
3096	271	24486	73	333	0	25163
3097	24140	203	78	241	0	24662
3098	24049	193	81	82	0	24405
3099	424	24932	81	86	0	25523
3100	306	211	56	22364	0	22937
3101	74	24364	72	217	0	24727
3102	24787	219	67	226	0	25299
3103	25001	219	64	64	0	25348
3104	502	24	59	24247	0	24832
3105	24654	36	60	253	0	25003
3106	296	54	64	24626	0	25040
3107	323	32	24419	258	0	25032
3108	23792	37	274	283	0	24386
3109	305	64	24828	66	0	25263
3110	288	31	259	23884	0	24462
3111	24229	31	270	261	0	24791
3112	318	26	64	24477	0	24885
3113	307	24	24306	260	0	24897
3114	95	41	23835	275	0	24246
3115	129	262	445	23680	0	24516
3116	23854	36	291	257	0	24438
3117	280	24068	74	253	0	24675
3118	290	218	66	24001	0	24575
3119	101	220	24336	230	0	24887
3120	23871	26	242	256	0	24395
3121	24979	34	255	60	0	25328
3122	464	45	24515	62	0	25086
3123	24551	24	248	77	0	24900
3124	300	44	233	25162	0	25739
3125	276	40	25364	247	0	25927
3126	25033	36	238	230	0	25537
3127	285	27	245	25191	0	25748
3128	268	25	73	25071	0	25437
3129	25187	25	78	405	0	25695
3130	274	24224	58	238	0	24794
3131	283	24740	68	82	0	25173
3132	24715	381	100	72	0	25268
3133	24061	209	60	80	0	24410
3134	457	34	24729	76	0	25296
3135	286	33	24700	63	0	25082
3136	104	29	421	24990	0	25544
3137	25722	18	269	258	0	26267
3138	25524	24	73	259	0	25880
3139	25833	26	68	94	0	26021
3140	431	25508	70	102	0	26111
3141	260	26143	73	95	0	26571
3142	122	382	67	26890	0	27461
3143	121	200	72	27104	0	27497
3144	113	40	71	28067	0	28291
3145	121	49	28188	439	0	28797
3146	114	54	26485	275	0	26928
3147	27602	35	476	100	0	28213
3148	29004	29	295	90	0	29418
3149	501	30	85	28893	0	29509
3150	332	39	71	28865	0	29307
3151	122	37	63	29622	0	29844
3152	106	44	28740	514	0	29404
3153	105	48	28283	312	0	28748
3154	85	73	420	27943	0	28521
3155	91	38	28648	248	0	29025
3156	85	27799	250	306	0	28440
3157	84	28591	259	105	0	29039
3158	27989	387	93	116	0	28585
3159	225	27924	65	97	0	28311
3160	264	12012	63	16075	0	28414
3161	99	300	55	27847	0	28301
3162	88	29193	65	336	0	29682
3163	111	259	65	29447	0	29882
3164	100	281	28805	304	0	29490
3165	85	28690	265	342	0	29382
3166	90	260	242	26994	0	27586
3167	88	242	27011	240	0	27581
3168	73	26653	232	288	0	27246
3169	91	224	250	25827	0	26392
3170	80	26982	68	236	0	27366
3171	80	216	66	26982	0	27344
3172	103	264	59	25842	0	26268
3173	68	26390	59	439	0	26956
3174	25493	212	73	279	0	26057
3175	24968	246	58	103	0	25375
3176	409	25512	65	114	0	26100
3177	271	25933	70	114	0	26388
3178	93	417	51	25871	0	26432
3179	82	267	25544	246	0	26139
3180	24539	80	219	296	0	25134
3181	25036	63	266	121	0	25486
3182	435	54	24792	84	0	25365
3183	24391	59	232	92	0	24774
3184	24990	48	256	90	0	25384
3185	453	60	24266	79	0	24858
3186	23452	64	226	84	0	23826
3187	245	89	24716	82	0	25132
3188	274	24844	226	95	0	25439
3189	25068	205	257	91	0	25621
3190	25155	250	57	82	0	25544
3191	424	73	25039	74	0	25610
3192	25226	62	222	89	0	25599
3193	25887	57	255	148	0	26347
3194	444	64	25518	78	0	26104
3195	25729	51	219	103	0	26102
3196	26277	50	251	96	0	26674
3197	427	78	25918	69	0	26492
3198	26120	68	232	119	0	26539
3199	268	71	262	25393	0	25994
3200	274	74	66	25373	0	25787
3201	83	58	25330	411	0	25882
3202	85	61	24888	272	0	25306
3203	71	85	379	25067	0	25602
3204	81	59	273	25490	0	25903
3205	27044	50	69	380	0	27543
3206	258	61	26805	237	0	27361
3207	26978	31	246	74	0	27329
3208	295	78	248	27550	0	28171
3209	250	64	27645	268	0	28227
3210	28835	40	247	307	0	29429
3211	295	38	274	30423	0	31030
3212	305	57	30910	305	0	31577
3213	29800	64	359	344	0	30567
3214	305	39	311	31125	0	31780
3215	31732	25	81	333	0	32171
3216	348	51	33546	307	0	34252
3217	373	50	320	31152	0	31895
3218	87	34536	352	300	0	35275
3219	35129	297	104	366	0	35896
3220	34921	321	85	94	0	35421
3221	584	36159	69	96	0	36908
3222	37012	320	71	89	0	37492
3223	36692	321	55	74	0	37142
3224	36515	41	64	88	0	36708
3225	663	35905	73	74	0	36715
3226	404	304	54	36240	0	37002
3227	123	329	36785	347	0	37584
3228	143	73	333	36278	0	36827
3229	108	45	366	36976	0	37495
3230	111	62	37024	664	0	37861
3231	116	66	36762	382	0	37326
3232	166	56	643	34049	0	34914
3233	121	37277	400	303	0	38101
3234	37384	325	101	333	0	38143
3235	36661	346	68	107	0	37182
3236	675	37824	73	129	0	38701
3237	38557	329	69	113	0	39068
3238	38218	356	89	138	0	38801
3239	704	84	38323	93	0	39204
3240	37103	74	382	143	0	37702
3241	438	39746	371	135	0	40690
3242	435	347	39204	101	0	40087
3243	182	373	38551	88	0	39194
3244	123	38760	641	128	0	39652
3245	38183	319	401	88	0	38991
3246	417	351	38631	81	0	39480
3247	428	60	332	37788	0	38608
3248	170	76	38758	326	0	39330
3249	36151	60	386	383	0	36980
3250	419	81	44595	118	0	45213
3251	414	103	44067	83	0	44667
3252	42825	48	646	126	0	43645
3253	401	45302	385	96	0	46184
3254	46582	339	114	124	0	47159
3255	46753	310	101	141	0	47305
3256	672	80	100	45632	0	46484
3257	414	50281	120	324	0	51139
3258	51162	306	101	441	0	52010
3259	420	363	51930	68	0	52781
3260	50140	77	349	138	0	50704
3261	383	52323	363	125	0	53194
3262	51802	280	92	108	0	52282
3263	51525	276	110	95	0	52006
3264	567	52396	119	141	0	53223
3265	359	306	108	52820	0	53593
3266	53857	284	111	311	0	54563
3267	368	53559	106	298	0	54331
3268	398	315	95	53878	0	54686
3269	55173	296	112	399	0	55980
3270	398	113	80	57127	0	57718
3271	423	97	81	56340	0	56941
3272	173	57148	139	658	0	58118
3273	57037	338	81	455	0	57911
3274	58390	396	98	172	0	59056
3275	59338	86	86	124	0	59634
3276	772	60845	105	121	0	61843
3277	62093	388	92	189	0	62762
3278	62046	374	86	152	0	62658
3279	766	128	76	61236	0	62206
3280	503	89	84	61892	0	62568
3281	235	138	61796	684	0	62853
3282	213	111	385	60624	0	61333
3283	201	96	377	61604	0	62278
3284	196	135	62319	667	0	63317
3285	53485	121	420	589	0	54615
3286	534	126	62531	120	0	63311
3287	540	155	63114	99	0	63908
3288	253	111	650	62782	0	63796
3289	205	118	386	63240	0	63949
3290	203	64948	127	652	0	65930
3291	65129	373	102	441	0	66045
3292	63573	362	101	207	0	64243
3293	745	64850	125	182	0	65902
3294	453	68931	131	204	0	69719
3295	265	791	110	66703	0	67869
3296	159	70597	136	437	0	71329
3297	70480	530	112	511	0	71633
3298	70195	514	81	183	0	70973
3299	1008	137	118	69411	0	70674
3300	629	112	100	70111	0	70952
3301	69900	93	98	977	0	71068
3302	590	153	68018	582	0	69343
3303	67822	108	506	219	0	68655
3304	667	115	68211	136	0	69129
3305	66320	79	482	140	0	67021
3306	573	169	422	67222	0	68386
3307	555	109	68387	464	0	69515
3308	297	131	66771	491	0	67690
3309	64508	313	1071	242	0	66134
3310	66485	76	527	176	0	67264
3311	811	68181	122	129	0	69243
3312	517	412	66	70028	0	71023
3313	174	419	68	71599	0	72260
3314	70875	108	59	995	0	72037
3315	562	70461	107	635	0	71765
3316	69079	468	49	182	0	69778
3317	524	68712	67	126	0	69429
3318	486	68173	68	119	0	68846
3319	67711	833	38	120	0	68702
3320	547	541	66386	81	0	67555
3321	530	151	465	65597	0	66743
3322	177	61	464	66708	0	67410
3323	137	112	66987	944	0	68180
3324	143	80	467	66145	0	66835
3325	161	104	487	62143	0	62895
3326	111	67053	113	933	0	68210
3327	66580	478	60	592	0	67710
3328	549	522	66809	156	0	68036
3329	63441	130	480	172	0	64223
3330	585	67017	488	168	0	68258
3331	553	483	127	67316	0	68479
3332	68953	502	61	615	0	70131
3333	577	135	87	69237	0	70036
3334	595	52	79	69374	0	70100
3335	192	99	69059	1021	0	70371
3336	62745	69	512	744	0	64070
3337	67856	73	512	269	0	68710
3338	1023	102	67929	152	0	69206
3339	634	83	487	66951	0	68155
3340	218	114	67886	567	0	68785
3341	64548	79	575	628	0	65830
3342	68050	56	526	231	0	68863
3343	998	90	137	67485	0	68710
3344	67610	68	75	629	0	68382
3345	661	126	71461	569	0	72817
3346	637	84	506	71176	0	72403
3347	241	73	528	72389	0	73231
3348	159	66	136	74244	0	74605
3349	167	83	87	74106	0	74443
3350	66996	52	85	1142	0	68275
3351	591	98	66652	644	0	67985
3352	603	74	509	67116	0	68302
3353	235	84	67008	631	0	67958
3354	184	119	65722	621	0	66646
3355	175	72	984	65165	0	66396
3356	175	56	623	66487	0	67341
3357	63143	60	154	1107	0	64464
3358	613	77	97	63587	0	64374
3359	654	60	106	63832	0	64652
3360	233	70	103	64646	0	65052
3361	63633	73	92	1343	0	65141
3362	63973	81	90	787	0	64931
3363	65295	62	121	274	0	65752
3364	64267	65	99	222	0	64653
3365	1120	69565	121	269	0	71075
3366	681	651	102	69331	0	70765
3367	243	687	103	70744	0	71777
3368	72738	135	95	1490	0	74458
3369	868	77521	104	1017	0	79510
3370	881	1004	78	81264	0	83227
3371	269	947	86091	1201	0	88508
3372	87644	155	1248	1272	0	90319
3373	1513	93924	1229	344	0	97010
3374	99184	1476	272	307	0	101239
3375	101029	1412	134	227	0	102802
3376	3289	223	116	99129	0	102757
3377	1868	121	98987	1988	0	102964
3378	469	99	1732	102297	0	104597
3379	101942	126	1607	2191	0	105866
3380	2020	135	272	102880	0	105307
3381	103050	78	182	2112	0	105422
3382	2124	101152	149	1872	0	105297
3383	106088	1880	146	566	0	108680
3384	2298	1681	154	105468	0	109601
3385	2042	296	143	111513	0	113994
3386	115369	161	116	3819	0	119465
3387	116118	124	157	2142	0	118541
3388	117859	139	125	614	0	118737
3389	117706	125	115	466	0	118412
3390	117198	122	149	463	0	117932
3391	4183	164	168	113042	0	117557
3392	2334	293	110731	2189	0	115547
3393	677	111307	1828	2120	0	115932
3394	108375	1898	1757	636	0	112666
3395	2285	1757	106686	403	0	111131
3396	106076	327	1895	412	0	108710
3397	2391	106492	1743	465	0	111091
3398	109101	1867	360	470	0	111798
3399	2542	1703	207	107197	0	111649
3400	2271	344	180	108873	0	111668
3401	848	259	107171	3682	0	111960
3402	804	222	1924	106981	0	109931
3403	698	260	109793	2374	0	113125
3404	736	226	109165	2125	0	112252
3405	108743	206	3520	803	0	113272
3406	113470	287	1972	718	0	116447
3407	4027	367	110421	682	0	115497
3408	109671	224	1992	730	0	112617
3409	111889	241	1765	695	0	114590
3410	4183	288	109203	674	0	114348
3411	2538	107705	1994	743	0	112980
3412	1660	1971	1855	110179	0	115665
3413	113638	1667	544	2260	0	118109
3414	116993	432	391	2043	0	119859
3415	118428	345	355	768	0	119896
3416	118463	317	401	705	0	119886
3417	118137	335	548	566	0	119586
3418	4383	378	113919	635	0	119315
3419	2846	456	116781	613	0	120696
3420	1577	539	3394	116587	0	122097
3421	119161	413	1993	2414	0	123981
3422	121070	339	631	2273	0	124313
3423	121804	369	565	993	0	123731
3424	116807	346	548	949	0	118650
3425	4243	115958	604	1047	0	121852
3426	2677	121789	631	1132	0	126229
3427	122507	3184	627	978	0	127296
3428	122955	1873	600	909	0	126337
3429	4378	122417	609	955	0	128359
3430	125228	1966	571	905	0	128670
3431	3420	1913	122932	822	0	129087
3432	3120	484	2100	122061	0	127765
3433	1923	469	125351	2353	0	130096
3434	1873	487	123629	3480	0	129469
3435	1816	454	3462	123683	0	129415
3436	1934	352	2009	129584	0	133879
3437	1795	435	131311	3618	0	137159
3438	1762	433	2265	128379	0	132839
3439	1764	512	1999	132785	0	137060
3440	132409	359	820	3714	0	137302
3441	133081	440	820	2231	0	136572
3442	4694	459	733	131852	0	137738
3443	3159	593	131538	2421	0	137711
3444	1737	131354	2362	2451	0	137904
3445	128953	1998	2175	1118	0	134244
3446	3265	1798	132943	927	0	138933
3447	2994	130693	2465	916	0	137068
3448	1605	136776	2232	971	0	141584
3449	137738	3209	1010	830	0	142787
3450	139592	1894	882	822	0	143190
3451	4656	551	881	136864	0	142952
3452	3137	623	142869	2385	0	149014
3453	1870	490	2556	143447	0	148363
3454	1798	458	2294	145006	0	149556
3455	1741	413	973	147352	0	150479
3456	143284	455	960	4008	0	148707
3457	3228	141402	936	2431	0	147997
3458	3045	147217	903	1088	0	152253
3459	1773	3536	815	143228	0	149352
3460	1614	2007	876	147752	0	152249
3461	145947	586	756	4104	0	151393
3462	142607	437	748	2582	0	146374
3463	146897	407	752	1135	0	149191
3464	4766	143417	838	921	0	149942
3465	139936	1748	710	904	0	143298
3466	3122	2349	737	136552	0	142760
3467	2858	567	135366	2173	0	140964
3468	1693	424	128033	1822	0	131972
3469	120538	331	2929	886	0	124684
3470	2133	326	121974	542	0	124975
3471	1710	349	114581	412	0	117052
3472	101961	181	1708	444	0	104294
3473	1211	195	107647	353	0	109406
3474	872	226	103286	226	0	104610
3475	521	799	1146	96564	0	99030
3476	318	140	103174	563	0	104195
3477	241	131	497	98209	0	99078
3478	272	159	443	100148	0	101022
3479	295	177	103607	771	0	104850
3480	185	104733	486	545	0	105949
3481	104194	378	536	347	0	105455
3482	562	432	107090	154	0	108238
3483	468	179	105278	135	0	106060
3484	86343	110	887	323	0	87663
3485	528	155	100629	141	0	101453
3486	378	97190	412	180	0	98160
3487	178	95009	415	160	0	95762
3488	168	603	144	99050	0	99965
3489	131	363	106	98899	0	99499
3490	100844	85	89	814	0	101832
3491	100032	78	98	517	0	100725
3492	100598	74	101	241	0	101014
3493	741	187	95	99981	0	101004
3494	100784	77	91	522	0	101474
3495	99585	103	110	516	0	100314
3496	724	128	100649	155	0	101656
3497	483	132	99036	163	0	99814
3498	157	101709	676	205	0	102747
3499	160	347	373	102083	0	102963
3500	102813	350	119	504	0	103786
3501	407	102457	141	484	0	103489
3502	433	394	100	103982	0	104909
3503	103201	342	111	574	0	104228
3504	101242	99	112	506	0	101959
3505	713	102251	172	227	0	103363
3506	101555	367	109	226	0	102257
3507	101328	383	141	296	0	102148
3508	800	119	123	101341	0	102383
3509	514	164	103090	472	0	104240
3510	202	101415	457	533	0	102607
3511	127	102694	435	248	0	103504
3512	98951	678	129	233	0	99991
3513	509	450	113	97284	0	98356
3514	486	191	98294	443	0	99414
3515	172	98814	419	486	0	99891
3516	98940	397	389	265	0	99991
3517	99594	412	111	208	0	100325
3518	896	149	101097	174	0	102316
3519	553	104	465	97935	0	99057
3520	173	98	466	105844	0	106581
3521	200	190	119831	1045	0	121266
3522	118711	95	1012	847	0	120665
3523	145224	82	926	310	0	146542
3524	2778	114	319	156108	0	159319
3525	1704	159368	239	2217	0	163528
3526	540	2179	187	167094	0	170000
3527	377	1933	164925	2648	0	169883
3528	159864	388	2433	2235	0	164920
3529	2656	214	2087	169359	0	174316
3530	2312	220	168288	2610	0	173430
3531	158676	178	2580	2374	0	163808
3532	2810	206	2153	166943	0	172112
3533	2372	217	556	167216	0	170361
3534	164077	208	369	4636	0	169290
3535	2629	165383	441	2728	0	171181
3536	165254	2428	388	846	0	168916
3537	3184	2125	301	161268	0	166878
3538	162492	493	345	2870	0	166200
3539	3195	351	161090	2530	0	167166
3540	2587	161539	2724	911	0	167761
3541	1020	2685	2268	162670	0	168643
3542	164302	2288	593	3104	0	170287
3543	3063	164220	532	2704	0	170519
3544	2974	2923	379	164581	0	170857
3545	166323	2382	368	3265	0	172338
3546	163596	637	406	2952	0	167591
3547	5657	417	444	159186	0	165704
3548	3337	510	157732	3410	0	164989
3549	1180	508	157094	3024	0	161806
3550	153121	453	5031	1387	0	159992
3551	3455	155202	2810	1001	0	162468
3552	2891	153449	891	866	0	158097
3553	149757	4785	648	887	0	156077
3554	3323	154282	496	904	0	159005
3555	3087	3242	485	151847	0	158661
3556	1291	2607	476	155995	0	160369
3557	153420	880	522	5378	0	160200
3558	152388	640	538	3178	0	156744
3559	154562	631	394	1218	0	156805
3560	5917	761	148346	996	0	156020
3561	3599	639	2904	148600	0	155742
3562	1782	639	151328	3355	0	157104
3563	1340	601	150553	3057	0	155551
3564	1225	604	154519	1346	0	157694
3565	1224	570	5548	147786	0	155128
3566	1347	611	153406	3445	0	158809
3567	1379	654	154623	2997	0	159653
3568	1203	589	5611	151045	0	158448
3569	153105	571	3328	3726	0	160730
3570	3799	628	153624	3180	0	161231
3571	3264	626	3670	149790	0	157350
3572	1531	554	3176	155164	0	160425
3573	1279	644	154074	5833	0	161830
3574	1219	591	3529	153723	0	159062
3575	1305	644	156882	4152	0	162983
3576	1301	612	3858	153104	0	158875
3577	1243	545	3220	154942	0	159950
3578	1243	563	1245	156592	0	159643
3579	1105	549	1212	155217	0	158083
3580	147643	444	1234	6660	0	155981
3581	148681	406	1140	4114	0	154341
3582	5976	597	145906	1823	0	154302
3583	3587	143310	3938	2014	0	152849
3584	1562	3002	148515	1495	0	154574
3585	1218	2627	146805	1570	0	152220
3586	140534	684	6232	1552	0	149002
3587	3601	144379	3988	1732	0	153700
3588	146140	3086	1807	1494	0	152527
3589	4088	147441	1573	1461	0	154563
3590	147473	3449	1538	1376	0	153836
3591	148200	2859	1496	1436	0	153991
3592	6240	950	1469	142658	0	151317
3593	3758	145503	1402	4127	0	154790
3594	1680	3251	1207	148345	0	154483
3595	1345	2940	1148	149792	0	155225
3596	1344	1053	147043	6703	0	156143
3597	1262	148073	3943	4284	0	157562
3598	1406	3322	3539	148504	0	156771
3599	148867	2918	1540	4569	0	157894
3600	154262	858	1261	4063	0	160444
3601	156367	627	1311	1963	0	160268
3602	6674	151787	1323	1803	0	161587
3603	156188	3623	1136	1550	0	162497
3604	4573	162051	1283	1558	0	169465
3605	4116	4183	1207	162901	0	172407
3606	1840	3727	162383	4444	0	172394
3607	1619	1156	4270	159758	0	166803
3608	1440	160817	3996	4799	0	171052
3609	1477	4033	1511	162135	0	169156
3610	1474	3859	1042	160497	0	166872
3611	1252	161819	1087	7435	0	171593
3612	162138	4270	981	4578	0	171967
3613	4607	3852	953	161335	0	170747
3614	4103	1373	157972	5042	0	168490
3615	1752	959	4219	160786	0	167716
3616	1532	860	3880	163278	0	169550
3617	1293	1134	160215	7904	0	170546
3618	1546	1191	4289	148253	0	155279
3619	1262	155909	3954	5254	0	166379
3620	1774	4138	153049	4259	0	163220
3621	2490	3417	138820	1552	0	146279
3622	972	131101	5795	1446	0	139314
3623	622	113048	2956	982	0	117608
3624	571	101874	1175	689	0	104309
3625	93543	3852	2474	760	0	100629
3626	90038	1943	732	517	0	93230
3627	90415	428	398	575	0	91816
3628	3470	393	352	87895	0	92110
3629	1944	444	85975	2023	0	90386
3630	555	382	1861	86281	0	89079
3631	465	375	1786	86223	0	88849
3632	85132	377	468	3503	0	89480
3633	85046	357	355	2099	0	87857
3634	3323	85039	396	708	0	89466
3635	86016	1808	355	609	0	88788
3636	85870	1764	367	584	0	88585
3637	88295	474	340	664	0	89773
3638	3548	390	84743	565	0	89246
3639	1998	369	84481	494	0	87342
3640	651	695	3050	81669	0	86065
3641	514	363	83524	1868	0	86269
3642	78101	386	1812	1767	0	82066
3643	80678	332	1642	610	0	83262
3644	3065	357	78286	377	0	82085
3645	77156	269	1485	433	0	79343
3646	1771	77361	1548	468	0	81148
3647	78796	1521	445	441	0	81203
3648	1800	1539	344	76579	0	80262
3649	1787	437	314	73587	0	76125
3650	590	76408	308	2764	0	80070
3651	76329	1523	296	1716	0	79864
3652	76413	1574	275	555	0	78817
3653	2902	76117	354	431	0	79804
3654	1861	1532	275	73923	0	77591
3655	639	1657	304	73448	0	76048
3656	523	74014	334	2846	0	77717
3657	604	1623	272	74595	0	77094
3658	590	1663	291	75049	0	77593
3659	73021	436	329	2934	0	76720
3660	73359	365	285	1890	0	75899
3661	2981	395	71867	623	0	75866
3662	71563	341	1471	634	0	74009
3663	1792	391	72117	556	0	74856
3664	1766	556	1561	69239	0	73122
3665	679	346	70552	1686	0	73263
3666	492	68636	1620	1808	0	72556
3667	746	1544	1693	66068	0	70051
3668	632	1462	399	67052	0	69545
3669	65835	374	305	2556	0	69070
3670	1570	305	329	66358	0	68562
3671	1604	354	64795	1578	0	68331
3672	65016	339	1365	1599	0	68319
3673	66672	291	1470	617	0	69050
3674	68475	337	417	525	0	69754
3675	67505	315	328	503	0	68651
3676	2827	331	317	68643	0	72118
3677	1877	318	283	70322	0	72800
3678	793	275	278	73301	0	74647
3679	688	239	319	73752	0	74998
3680	70746	256	309	3182	0	74493
3681	71434	245	322	1957	0	73958
3682	3143	232	322	65041	0	68738
3683	1960	68319	321	1666	0	72266
3684	68718	1466	333	1761	0	72278
3685	1966	1573	68162	583	0	72284
3686	1908	68363	1533	529	0	72333
3687	64946	1413	1552	491	0	68402
3688	1641	66945	389	500	0	69475
3689	1780	1458	65979	415	0	69632
3690	65854	1458	1438	419	0	69169
3691	67200	345	1513	401	0	69459
3692	3030	351	65615	447	0	69443
3693	2049	233	1404	66469	0	70155
3694	845	188	1511	65657	0	68201
3695	661	66321	413	2774	0	70169
3696	752	1403	283	66316	0	68754
3697	62612	1395	309	1735	0	66051
3698	1625	62881	308	1787	0	66601
3699	1651	1294	259	58712	0	61916
3700	729	1301	182	59158	0	61370
3701	563	293	57196	2458	0	60510
3702	465	56859	1175	1570	0	60069
3703	51877	1347	1145	497	0	54866
3704	1054	46306	231	323	0	47914
3705	1005	44488	172	269	0	45934
3706	43492	1484	378	275	0	45629
3707	957	883	196	42750	0	44786
3708	934	246	138	43536	0	44854
3709	43117	144	133	1627	0	45021
3710	969	168	116	44077	0	45330
3711	994	140	128	44108	0	45370
3712	44376	146	94	1700	0	46316
3713	1015	163	101	43202	0	44481
3714	946	43067	116	963	0	45092
3715	42784	810	78	961	0	44633
3716	947	856	41188	367	0	43358
3717	893	39404	750	330	0	41377
3718	303	938	728	37869	0	39838
3719	220	712	37578	788	0	39298
3720	203	179	37669	804	0	38855
3721	366	1151	1221	34839	0	37577
3722	35174	131	779	722	0	36806
3723	637	93	143	35238	0	36111
3724	720	112	93	35384	0	36309
3725	231	89	84	36015	0	36419
3726	198	134	77	36027	0	36436
3727	172	124	69	36245	0	36610
3728	183	131	34261	1277	0	35852
3729	180	120	34083	775	0	35158
3730	183	109	1092	34066	0	35450
3731	178	130	34559	708	0	35575
3732	193	34153	628	772	0	35746
3733	166	586	670	34256	0	35678
3734	148	662	33632	721	0	35163
3735	29967	163	590	837	0	31557
3736	585	32601	648	308	0	34142
3737	604	31456	159	274	0	32493
3738	194	32318	130	239	0	32881
3739	220	1041	136	31011	0	32408
3740	31159	626	103	678	0	32566
3741	580	184	98	31557	0	32419
3742	30749	134	114	731	0	31728
3743	616	29777	121	736	0	31250
3744	30643	554	106	286	0	31589
3745	632	613	93	30332	0	31670
3746	648	224	85	30235	0	31192
3747	184	30049	128	1131	0	31492
3748	188	573	133	30687	0	31581
3749	165	598	101	30779	0	31643
3750	187	185	105	30931	0	31408
3751	29687	151	114	1221	0	31173
3752	29137	124	109	853	0	30223
3753	1026	171	29411	330	0	30938
3754	29544	143	528	296	0	30511
3755	669	138	30077	305	0	31189
3756	661	151	584	29401	0	30797
3757	225	151	607	30085	0	31068
3758	172	130	169	30684	0	31155
3759	149	121	29542	1242	0	31054
3760	175	142	567	29945	0	30829
3761	169	134	30151	771	0	31225
3762	186	117	596	30186	0	31085
3763	29538	124	615	789	0	31066
3764	590	130	29720	759	0	31199
3765	29598	124	560	368	0	30650
3766	629	119	562	29864	0	31174
3767	29996	125	183	709	0	31013
3768	615	29527	156	786	0	31084
3769	635	518	162	29888	0	31203
3770	207	571	30749	735	0	32262
3771	241	254	554	30383	0	31432
3772	172	561	580	28877	0	30190
3773	166	29470	182	1096	0	30914
3774	209	513	28934	729	0	30385
3775	152	28917	508	298	0	29875
3776	24467	484	458	262	0	25671
3777	360	25149	133	229	0	25871
3778	23246	357	251	154	0	24008
3779	23160	289	101	150	0	23700
3780	23296	86	65	146	0	23593
3781	642	71	72	22966	0	23751
3782	383	60	22667	403	0	23513
3783	128	67	317	22060	0	22572
3784	83	22767	345	401	0	23596
3785	101	310	92	22939	0	23442
3786	22267	293	71	435	0	23066
3787	305	22433	98	388	0	23224
3788	318	297	55	21594	0	22264
3789	117	306	61	21693	0	22177
3790	21345	74	64	614	0	22097
3791	327	68	21280	396	0	22071
3792	295	20787	321	165	0	21568
3793	124	279	262	19359	0	20024
3794	71	225	19201	269	0	19766
3795	69	79	239	18480	0	18867
3796	51	19056	238	281	0	19626
3797	82	253	87	19687	0	20109
3798	50	213	63	19334	0	19660
3799	56	66	56	19400	0	19578
3800	42	55	18874	486	0	19457
3801	18039	56	235	321	0	18651
3802	226	37	224	20183	0	20670
3803	22138	35	73	314	0	22560
3804	22648	44	46	319	0	23057
3805	23029	40	35	123	0	23227
3806	22978	50	35	102	0	23165
3807	23271	28	44	97	0	23440
3808	656	52	42	22220	0	22970
3809	353	21820	35	335	0	22543
3810	127	260	33	21175	0	21595
3811	58	21218	28	330	0	21634
3812	74	317	12	19890	0	20293
3813	19760	212	15	274	0	20261
3814	243	49	21	19825	0	20138
3815	233	32	19560	269	0	20094
3816	18486	28	210	252	0	18976
3817	224	19670	197	87	0	20178
3818	19975	214	66	85	0	20340
3819	19775	208	46	46	0	20075
3820	19306	51	25	52	0	19434
3821	408	19963	23	45	0	20439
3822	254	200	34	19970	0	20458
3823	88	181	12	20189	0	20470
3824	59	49	20144	390	0	20642
3825	65	35	200	19321	0	19621
3826	65	25	180	19781	0	20051
3827	67	20	40	20065	0	20192
3828	53	20195	30	414	0	20692
3829	20424	212	21	260	0	20917
3830	19623	200	15	105	0	19943
3831	404	74	20690	60	0	21228
3832	258	20773	194	81	0	21306
3833	127	222	183	21197	0	21729
3834	93	203	42	21546	0	21884
3835	76	64	34	21741	0	21915
3836	81	38	23	22268	0	22410
3837	72	47	20	22610	0	22749
3838	70	57	21943	498	0	22568
3839	64	46	20952	312	0	21374
3840	22181	47	410	132	0	22770
3841	23639	50	242	108	0	24039
3842	23984	50	73	100	0	24207
3843	546	33	40	23877	0	24496
3844	339	38	23627	304	0	24308
3845	23249	35	267	316	0	23867
3846	24169	39	250	147	0	24605
3847	544	36	23490	96	0	24166
3848	23427	37	293	83	0	23840
3849	419	47	25979	75	0	26520
3850	358	37	321	25946	0	26662
3851	127	34	26566	350	0	27077
3852	25449	48	343	339	0	26179
3853	26632	30	304	131	0	27097
3854	26853	25	92	120	0	27090
3855	26694	32	55	133	0	26914
3856	656	51	27457	97	0	28261
3857	386	27523	306	102	0	28317
3858	27976	287	350	97	0	28710
3859	28134	275	97	89	0	28595
3860	646	88	28191	70	0	28995
3861	408	69	301	27404	0	28182
3862	175	40	295	28584	0	29094
3863	124	39	28163	612	0	28938
3864	26380	42	353	383	0	27158
3865	28482	42	303	164	0	28991
3866	614	28522	102	136	0	29374
3867	29736	309	86	138	0	30269
3868	29801	281	74	104	0	30260
3869	29998	70	76	84	0	30228
3870	28919	61	81	98	0	29159
3871	752	44	27916	75	0	28787
3872	27352	27	328	91	0	27798
3873	470	111	324	27249	0	28154
3874	432	27917	113	324	0	28786
3875	202	297	27389	315	0	28203
3876	144	28009	334	125	0	28612
3877	197	392	331	26619	0	27539
3878	118	283	27292	267	0	27960
3879	25199	65	317	290	0	25871
3880	339	41	27291	103	0	27774
3881	26883	27	327	92	0	27329
3882	380	35	286	27249	0	27950
3883	367	22	95	27301	0	27785
3884	148	26998	91	510	0	27747
3885	139	27898	68	304	0	28409
3886	126	481	47	28476	0	29130
3887	28272	289	68	311	0	28940
3888	28163	82	72	260	0	28577
3889	28237	48	60	104	0	28449
3890	597	48	28143	76	0	28864
3891	27732	30	285	93	0	28140
3892	394	29	29534	62	0	30019
3893	339	39	28293	68	0	28739
3894	28469	45	519	62	0	29095
3895	29743	38	293	80	0	30154
3896	538	41	29665	52	0	30296
3897	362	38	295	28824	0	29519
3898	181	44	257	30106	0	30588
3899	30177	35	84	459	0	30755
3900	29698	31	93	313	0	30135
3901	552	43	31610	108	0	32313
3902	297	30751	243	86	0	31377
3903	107	29682	190	97	0	30076
3904	29368	287	153	74	0	29882
3905	256	179	60	29330	0	29825
3906	248	63	48	29922	0	30281
3907	106	40	33	30645	0	30824
3908	25601	28	53	474	0	26156
3909	263	36	40	30756	0	31095
3910	31108	21	44	244	0	31417
3911	32058	10	51	212	0	32331
3912	466	33604	54	77	0	34201
3913	321	200	75	36170	0	36766
3914	145	232	36385	266	0	37028
3915	34831	57	284	302	0	35474
3916	36360	39	289	110	0	36798
3917	36957	29	101	78	0	37165
3918	600	41	37827	68	0	38536
3919	387	30	284	37807	0	38508
3920	38552	19	297	320	0	39188
3921	37178	28	90	293	0	37589
3922	37099	28	60	115	0	37302
3923	613	37069	61	90	0	37833
3924	379	38267	79	81	0	38806
3925	181	497	37	39012	0	39727
3926	145	308	56	38541	0	39050
3927	127	38847	39	560	0	39573
3928	38628	296	56	335	0	39315
3929	385	295	39226	114	0	40020
3930	358	64	278	39149	0	39849
3931	157	66	289	39219	0	39731
3932	148	59	38744	558	0	39509
3933	36154	60	354	380	0	36948
3934	39251	37	296	136	0	39720
3935	594	38779	109	121	0	39603
3936	38755	283	59	81	0	39178
3937	426	314	39585	68	0	40393
3938	40113	51	302	136	0	40602
3939	429	82	41031	76	0	41618
3940	40184	90	421	99	0	40794
3941	41162	41	292	88	0	41583
3942	41313	29	94	67	0	41503
3943	40896	19	70	88	0	41073
3944	571	40585	66	69	0	41291
3945	41486	261	60	84	0	41891
3946	42432	249	48	106	0	42835
3947	569	74	42020	76	0	42739
3948	41982	59	272	71	0	42384
3949	375	53	233	41232	0	41893
3950	342	61	40922	285	0	41610
3951	40373	54	284	295	0	41006
3952	375	44	270	41438	0	42127
3953	42434	40	103	328	0	42905
3954	45235	39	63	458	0	45795
3955	604	70	47781	92	0	48547
3956	47309	48	290	110	0	47757
3957	48481	53	311	103	0	48948
3958	49047	31	86	95	0	49259
3959	49778	40	80	112	0	50010
3960	671	38	76	48074	0	48859
3961	413	48845	92	330	0	49680
3962	47892	290	87	331	0	48600
3963	49541	275	72	121	0	50009
3964	50101	70	58	99	0	50328
3965	701	89	49482	88	0	50360
3966	434	49445	335	108	0	50322
3967	221	292	322	49758	0	50593
3968	230	285	86	50365	0	50966
3969	240	89	52128	560	0	53017
3970	225	37	392	52035	0	52689
3971	193	79	53134	457	0	53863
3972	219	60	432	52465	0	53176
3973	218	35	400	53293	0	53946
3974	212	87	53483	759	0	54541
3975	51006	68	433	486	0	51993
3976	54585	86	404	229	0	55304
3977	858	102	55090	107	0	56157
3978	54008	66	412	177	0	54663
3979	55686	64	419	157	0	56326
3980	920	103	57795	104	0	58922
3981	611	78	437	56764	0	57890
3982	232	55	431	58223	0	58941
3983	58417	54	133	794	0	59398
3984	557	60126	112	503	0	61298
3985	57325	409	154	182	0	58070
3986	59865	405	103	125	0	60498
3987	876	61452	113	172	0	62613
3988	62501	419	102	155	0	63177
3989	62162	433	102	139	0	62836
3990	935	61712	117	139	0	62903
3991	650	425	99	61868	0	63042
3992	278	63171	122	478	0	64049
3993	289	494	97	63334	0	64214
3994	284	518	63015	529	0	64346
3995	281	145	62893	498	0	63817
3996	61492	101	869	212	0	62674
3997	64091	81	526	166	0	64864
3998	1032	101	64372	97	0	65602
3999	63881	69	547	162	0	64659
4000	65466	69	515	175	0	66225
4001	63785	51	176	169	0	64181
4002	1051	64718	155	150	0	66074
4003	704	428	140	65776	0	67048
4004	65852	447	128	545	0	66972
4005	65244	102	109	554	0	66009
4006	1057	94	66608	163	0	67922
4007	693	70	489	65247	0	66499
4008	330	78	504	65827	0	66739
4009	288	66941	168	871	0	68268
4010	285	70878	138	552	0	71853
4011	257	1416	85	67396	0	69154
4012	201	70327	133	664	0	71325
4013	67742	644	95	552	0	69033
4014	733	71042	94	190	0	72059
4015	72505	736	65	194	0	73500
4016	944	675	73230	72	0	74921
4017	74816	143	797	185	0	75941
4018	77870	64	683	134	0	78751
4019	78192	69	147	105	0	78513
4020	76976	71	91	139	0	77277
4021	1651	76518	104	167	0	78440
4022	944	816	65	77495	0	79320
4023	283	781	63	77979	0	79106
4024	212	211	77330	1553	0	79306
4025	188	120	802	76150	0	77260
4026	210	88	770	77997	0	79065
4027	78069	88	172	1654	0	79983
4028	966	79214	120	963	0	81263
4029	961	913	101	79893	0	81868
4030	308	817	111	81497	0	82733
4031	247	217	111	82713	0	83288
4032	81271	123	111	1867	0	83372
4033	1046	145	119	82275	0	83585
4034	82606	106	119	1167	0	83998
4035	1148	109	123	82816	0	84196
4036	1064	99	117	83413	0	84693
4037	432	132	79842	1804	0	82210
4038	72982	166	930	1206	0	75284
4039	1086	79602	906	382	0	81976
4040	82163	891	188	350	0	83592
4041	1211	843	127	80956	0	83137
4042	1117	214	110	82021	0	83462
4043	83692	133	100	1907	0	85832
4044	85261	124	105	1198	0	86688
4045	2096	137	89	88945	0	91267
4046	1279	163	90164	1292	0	92898
4047	441	176	90480	1252	0	92349
4048	296	93797	2028	496	0	96617
4049	95004	1192	1300	381	0	97877
4050	94802	1166	286	336	0	96590
4051	2382	301	136	94069	0	96888
4052	1443	97751	109	1336	0	100639
4053	563	1259	101	98684	0	100607
4054	398	1254	121	94304	0	96077
4055	294	91372	172	2527	0	94365
4056	91885	1256	206	1501	0	94848
4057	1501	1411	178	91000	0	94090
4058	1448	94455	182	1378	0	97463
4059	566	97996	186	1417	0	100165
4060	97637	2282	193	509	0	100621
4061	1582	1433	97214	405	0	100634
4062	97807	440	1268	372	0	99887
4063	1729	299	1242	98269	0	101539
4064	1567	303	276	97934	0	100080
4065	566	99065	228	2564	0	102423
4066	602	1546	165	100041	0	102354
4067	515	1406	99075	1755	0	102751
4068	465	98117	1264	1643	0	101489
4069	430	98754	1223	603	0	101010
4070	96395	2245	340	557	0	99537
4071	1359	99030	258	497	0	101144
4072	1461	1479	171	97589	0	100700
4073	562	99394	181	1522	0	101659
4074	539	1432	153	99892	0	102016
4075	495	1353	170	99962	0	101980
4076	439	521	97108	2713	0	100781
4077	435	370	1257	96765	0	98827
4078	443	395	1242	97938	0	100018
4079	95655	373	369	2701	0	99098
4080	1581	408	95370	1758	0	99117
4081	1629	401	1225	96723	0	99978
4082	652	404	97650	1811	0	100517
4083	94052	427	1451	1764	0	97694
4084	1561	97772	1365	938	0	101636
4085	102622	1466	407	925	0	105420
4086	1820	1462	321	104225	0	107828
4087	1754	519	237	104814	0	107324
4088	694	450	102999	3157	0	107300
4089	94048	414	1509	2237	0	98208
4090	1658	104420	1510	974	0	108562
4091	99356	1661	417	927	0	102361
4092	1932	1581	373	101911	0	105797
4093	1824	104101	351	1866	0	108142
4094	102905	1725	302	1962	0	106894
4095	1782	105976	304	933	0	108995
4096	1763	1887	243	104892	0	108785
4097	734	1650	276	106340	0	109000
4098	643	612	351	105878	0	107484
4099	598	104159	372	3309	0	108438
4100	608	1761	286	105876	0	108531
4101	655	1708	292	106237	0	108892
4102	103254	674	283	3267	0	107478
4103	104059	614	291	2109	0	107073
4104	105091	585	300	952	0	106928
4105	3259	648	103952	805	0	108664
4106	104411	540	1525	950	0	107426
4107	105709	550	1513	878	0	108650
4108	103547	594	485	915	0	105541
4109	3115	628	97249	863	0	101855
4110	99002	493	1107	823	0	101425
4111	1848	494	1268	100155	0	103765
4112	1702	516	98506	1694	0	102418
4113	705	97725	1354	1787	0	101571
4114	673	2271	1281	91854	0	96079
4115	541	94219	481	1400	0	96641
4116	566	94192	344	1464	0	96566
4117	89772	1927	590	665	0	92954
4118	1243	1267	291	89402	0	92203
4119	90402	376	300	1389	0	92467
4120	1338	353	242	90428	0	92361
4121	90090	375	248	1358	0	92071
4122	1358	395	247	90157	0	92157
4123	89978	350	205	1434	0	91967
4124	1316	461	86835	1322	0	89934
4125	1327	520	975	87153	0	89975
4126	579	468	89350	1290	0	91687
4127	510	373	85943	1362	0	88188
4128	493	376	88901	651	0	90421
4129	498	563	1831	85754	0	88646
4130	458	345	87739	1367	0	89909
4131	85549	289	1038	1337	0	88213
4132	1165	249	957	87024	0	89395
4133	1217	296	89221	1313	0	92047
4134	600	252	1010	89267	0	91129
4135	487	253	1003	89917	0	91660
4136	537	358	95517	2000	0	98412
4137	539	268	1034	95976	0	97817
4138	574	253	987	94991	0	96805
4139	738	98736	414	1913	0	101801
4140	98834	841	353	1313	0	101341
4141	98937	902	322	649	0	100810
4142	1897	324	97573	556	0	100350
4143	93368	200	930	513	0	95011
4144	1162	205	93519	454	0	95340
4145	935	234	89561	358	0	91088
4146	444	227	88504	302	0	89477
4147	595	1298	1382	82885	0	86160
4148	318	227	86815	790	0	88150
4149	284	242	674	84680	0	85880
4150	268	113	592	86027	0	87000
4151	288	114	213	85841	0	86456
4152	292	132	170	85392	0	85986
4153	84291	129	161	1221	0	85802
4154	84069	112	170	802	0	85153
4155	1107	86270	222	481	0	88080
4156	699	602	172	86445	0	87918
4157	354	623	87380	760	0	89117
4158	297	86379	791	818	0	88285
4159	322	852	698	87666	0	89538
4160	291	731	88793	878	0	90693
4161	263	164	794	87077	0	88298
4162	223	200	88684	898	0	90005
4163	261	162	87464	853	0	88740
4164	249	133	1362	87794	0	89538
4165	224	120	809	88325	0	89478
4166	87767	73	228	1615	0	89683
4167	813	88	227	87727	0	88855
4168	86769	123	171	1004	0	88067
4169	776	86636	222	1006	0	88640
4170	755	88821	220	364	0	90160
4171	275	1383	163	88756	0	90577
4172	89570	732	192	902	0	91396
4173	819	89808	233	965	0	91825
4174	922	742	185	92081	0	93930
4175	96820	705	207	1154	0	98886
4176	98386	129	195	956	0	99666
4177	98911	108	217	425	0	99661
4178	98887	102	215	341	0	99545
4179	101142	113	213	310	0	101778
4180	1667	166	97981	280	0	100094
4181	981	254	96996	281	0	98512
4182	235	97678	1513	251	0	99677
4183	326	1143	988	97236	0	99693
4184	227	760	101746	837	0	103570
4185	202	398	98546	738	0	99884
4186	244	491	1487	97554	0	99776
4187	178	135	105917	872	0	107102
4188	222	152	106164	870	0	107408
4189	138	128000	1788	276	0	130202
4190	126561	1580	1103	288	0	129532
4191	1465	136353	274	314	0	138406
4192	1475	1961	177	132922	0	136535
4193	140642	1468	140	1742	0	143992
4194	1780	144694	212	1632	0	148318
4195	1652	1876	173	142383	0	146084
4196	318	1686	145021	1865	0	148890
4197	144106	261	1950	1776	0	148093
4198	149372	224	1681	390	0	151667
4199	152539	144	288	359	0	153330
4200	3906	171	202	150554	0	154833
4201	2088	313	151576	2119	0	156096
4202	386	151365	2072	1993	0	155816
4203	430	2029	1813	149268	0	153540
4204	149920	1834	316	2091	0	154161
4205	2184	375	150744	1897	0	155200
4206	1961	146688	2158	506	0	151313
4207	542	2069	150705	287	0	153603
4208	146344	1857	2254	406	0	150861
4209	153131	327	1963	394	0	155815
4210	153692	232	400	371	0	154695
4211	4132	289	149804	272	0	154497
4212	2208	147991	2179	338	0	152716
4213	647	2129	1957	148224	0	152957
4214	472	1934	452	151010	0	153868
4215	483	399	394	151135	0	152411
4216	437	360	147612	4006	0	152415
4217	141376	238	2251	2408	0	146273
4218	2455	318	150548	523	0	153844
4219	150926	276	2333	512	0	154047
4220	154036	247	2158	487	0	156928
4221	155714	253	511	458	0	156936
4222	151856	333	417	442	0	153048
4223	4363	406	151110	356	0	156235
4224	2508	310	2342	149720	0	154880
4225	798	454	151527	2361	0	155140
4226	652	147701	2458	2221	0	153032
4227	628	152232	2143	685	0	155688
4228	150952	4015	549	651	0	156167
4229	147400	2307	556	543	0	150806
4230	4231	151813	536	652	0	157232
4231	154055	2435	469	651	0	157610
4232	3296	2356	132555	487	0	138694
4233	148668	612	1935	610	0	151825
4234	2925	152105	2104	623	0	157757
4235	156663	2534	604	577	0	160378
4236	150449	2359	547	591	0	153946
4237	5115	636	537	146226	0	152514
4238	3095	552	553	148601	0	152801
4239	145088	521	787	4622	0	151018
4240	3087	636	706	146633	0	151062
4241	146788	502	711	2978	0	150979
4242	3587	494	586	146680	0	151347
4243	146135	426	735	2862	0	150158
4244	143696	591	670	2568	0	147525
4245	4942	141904	922	858	0	148626
4246	3119	145126	853	711	0	149809
4247	140021	4571	723	776	0	146091
4248	3146	143282	719	817	0	147964
4249	3047	2930	847	139536	0	146360
4250	1494	2603	776	141634	0	146507
4251	136066	908	795	4795	0	142564
4252	3156	138542	834	2997	0	145529
4253	3190	137630	817	1190	0	142827
4254	1476	139787	1017	961	0	143241
4255	2017	4564	132437	897	0	139915
4256	1541	2746	134328	813	0	139428
4257	1780	1019	136667	865	0	140331
4258	1733	2003	4495	116996	0	125227
4259	1434	130016	2691	2360	0	136501
4260	130762	2556	855	2425	0	136598
4261	3385	2427	129378	852	0	136042
4262	3169	891	129438	988	0	134486
4263	1592	728	133053	870	0	136243
4264	1727	765	4447	128260	0	135199
4265	1678	744	2656	131238	0	136316
4266	1750	744	913	133695	0	137102
4267	131103	633	852	4307	0	136895
4268	131594	782	903	2594	0	135873
4269	133264	791	909	888	0	135852
4270	5030	805	901	127468	0	134204
4271	3119	743	125610	2525	0	131997
4272	1584	913	128231	2337	0	133065
4273	1602	655	4087	126681	0	133025
4274	1662	674	2443	125584	0	130363
4275	122001	600	882	4228	0	127711
4276	3199	120187	834	2718	0	126938
4277	121072	2179	610	1088	0	124949
4278	3221	120247	784	1079	0	125331
4279	3205	2441	567	118436	0	124649
4280	1554	2126	117291	2828	0	123799
4281	1534	989	2341	117310	0	122174
4282	116584	603	2081	2945	0	122213
4283	3066	672	115389	2523	0	121650
4284	109993	595	2145	981	0	113714
4285	3230	578	109941	756	0	114505
4286	3110	725	105536	662	0	110033
4287	96519	613	3224	731	0	101087
4288	2837	590	99207	665	0	103299
4289	1468	319	75195	311	0	77293
4290	1135	73824	2691	394	0	78044
4291	66500	1239	3182	547	0	71468
4292	63457	732	650	227	0	65066
4293	63447	183	227	284	0	64141
4294	1210	164	60338	176	0	61888
4295	57513	151	605	189	0	58458
4296	628	59304	613	177	0	60722
4297	57481	530	140	159	0	58310
4298	635	546	57201	113	0	58495
4299	694	794	523	53671	0	55682
4300	192	93	54284	421	0	54990
4301	132	53945	457	471	0	55005
4302	260	354	568	52513	0	53695
4303	180	371	97	53545	0	54193
4304	54538	64	77	779	0	55458
4305	54443	55	83	455	0	55036
4306	54780	56	70	141	0	55047
4307	54828	52	80	118	0	55078
4308	54206	42	76	132	0	54456
4309	798	72	53799	102	0	54771
4310	503	47	377	52781	0	53708
4311	161	89	56276	380	0	56906
4312	122	71	407	56132	0	56732
4313	56594	48	435	488	0	57565
4314	57423	68	114	469	0	58074
4315	58101	50	75	146	0	58372
4316	58377	61	86	117	0	58641
4317	925	92	59617	118	0	60752
4318	597	52	460	58854	0	59963
4319	169	84	59820	529	0	60602
4320	144	60345	505	711	0	61705
4321	134	60914	579	158	0	61785
4322	253	1065	139	57988	0	59445
4323	152	608	111	63908	0	64779
4324	159	98	121	65152	0	65530
4325	174	55	95	67890	0	68214
4326	66279	48	102	1403	0	67832
4327	661	66210	114	909	0	67894
4328	64972	603	77	184	0	65836
4329	751	688	75	64272	0	65786
4330	811	132	58	62596	0	63597
4331	176	64368	90	1268	0	65902
4332	198	580	72	65257	0	66107
4333	63967	683	62	728	0	65440
4334	638	61963	87	818	0	63506
4335	684	60931	69	215	0	61899
4336	60493	1166	49	150	0	61858
4337	655	733	70	60450	0	61908
4338	723	60640	54	647	0	62064
4339	251	623	80	61595	0	62549
4340	61022	704	82	770	0	62578
4341	667	165	49	61363	0	62244
4342	782	64	53	61246	0	62145
4343	60545	73	63	1354	0	62035
4344	680	91	34	60980	0	61785
4345	772	60866	74	788	0	62500
4346	257	579	45	61112	0	61993
4347	162	61256	75	792	0	62285
4348	162	674	53	61430	0	62319
4349	60402	706	55	757	0	61920
4350	61034	138	68	829	0	62069
4351	1302	116	60	61425	0	62903
4352	816	128	60476	696	0	62116
4353	58317	84	569	868	0	59838
4354	722	126	60968	213	0	62029
4355	60043	94	638	229	0	61004
4356	60742	89	686	230	0	61747
4357	1346	106	59216	200	0	60868
4358	809	58811	599	217	0	60436
4359	58947	611	755	187	0	60500
4360	59018	701	126	236	0	60081
4361	1293	216	60858	165	0	62532
4362	60687	91	627	241	0	61646
4363	60651	101	649	283	0	61684
4364	60522	117	143	222	0	61004
4365	1369	116	56	60557	0	62098
4366	860	81	68	60786	0	61795
4367	237	61504	102	1322	0	63165
4368	230	622	44	63353	0	64249
4369	232	702	49	63316	0	64299
4370	218	182	61774	1356	0	63530
4371	196	149	60029	915	0	61289
4372	55573	141	1247	329	0	57290
4373	59461	110	753	234	0	60558
4374	1324	59317	173	264	0	61078
4375	898	643	105	59668	0	61314
4376	311	816	60533	774	0	62434
4377	251	192	640	61414	0	62497
4378	258	137	750	62158	0	63303
4379	221	139	137	63656	0	64153
4380	187	63698	120	1611	0	65616
4381	249	746	88	65315	0	66398
4382	251	845	81	66179	0	67356
4383	255	222	65164	1618	0	67259
4384	246	179	65450	1075	0	66950
4385	61758	111	1501	409	0	63779
4386	65683	115	961	333	0	67092
4387	1676	142	186	68906	0	70910
4388	1078	144	132	67575	0	68929
4389	356	129	112	69116	0	69713
4390	261	196	65661	2106	0	68224
4391	203	64634	947	1459	0	67243
4392	266	1012	65594	403	0	67275
4393	63233	1045	1056	365	0	65699
4394	1116	261	66046	305	0	67728
4395	65226	154	1108	316	0	66804
4396	64691	121	1101	311	0	66224
4397	66817	139	273	295	0	67524
4398	2154	164	176	65649	0	68143
4399	1321	185	65778	1155	0	68439
4400	377	67422	1014	1308	0	70121
4401	357	1058	1090	66726	0	69231
4402	308	1151	248	68682	0	70389
4403	298	273	70512	2186	0	73269
4404	219	69354	1254	1554	0	72381
4405	71045	1203	1354	453	0	74055
4406	1387	73671	312	343	0	75713
4407	78103	1433	211	318	0	80065
4408	1837	1394	200	77523	0	80954
4409	1739	289	79388	1675	0	83091
4410	436	79850	1612	1754	0	83652
4411	80075	1616	1684	575	0	83950
4412	1760	1613	80307	352	0	84032
4413	80937	328	1764	347	0	83376
4414	81329	200	1670	352	0	83551
4415	3263	199	80991	274	0	84727
4416	80331	157	1700	303	0	82491
4417	80385	138	1656	242	0	82421
4418	79755	118	422	283	0	80578
4419	3294	77339	320	288	0	81241
4420	75903	1511	254	253	0	77921
4421	1857	77284	234	267	0	79642
4422	1675	1582	76767	264	0	80288
4423	429	77169	1556	247	0	79401
4424	73643	1649	1841	231	0	77364
4425	74717	1403	332	209	0	76661
4426	76192	304	241	208	0	76945
4427	3002	172	200	73099	0	76473
4428	1732	204	211	74805	0	76952
4429	72552	176	214	2694	0	75636
4430	74201	158	168	1549	0	76076
4431	2926	165	179	72166	0	75436
4432	1689	183	71853	1529	0	75254
4433	465	70003	1450	1434	0	73352
4434	372	72166	1379	383	0	74300
4435	395	2546	339	70961	0	74241
4436	380	1460	71342	1423	0	74605
4437	386	447	1427	67917	0	70177
4438	366	70081	1369	1434	0	73250
4439	385	1418	319	70930	0	73052
4440	402	1384	70132	1558	0	73476
4441	376	334	1436	70778	0	72924
4442	412	282	73656	1624	0	75974
4443	374	295	1592	73050	0	75311
4444	417	289	75678	1642	0	78026
4445	390	259	74806	1526	0	76981
4446	70946	254	2759	430	0	74389
4447	74676	254	1576	357	0	76863
4448	75969	260	434	326	0	76989
4449	2973	73644	382	306	0	77305
4450	1848	1433	317	74386	0	77984
4451	73297	1383	345	1568	0	76593
4452	75418	394	325	1493	0	77630
4453	75982	282	289	463	0	77016
4454	3082	302	74029	342	0	77755
4455	1809	71379	1504	369	0	75061
4456	686	75286	1510	332	0	77814
4457	74224	2619	519	303	0	77665
4458	1862	1556	343	74038	0	77799
4459	74767	453	370	1516	0	77106
4460	1984	351	73311	1460	0	77106
4461	1851	316	1496	71564	0	75227
4462	825	333	1481	73066	0	75705
4463	724	378	417	70652	0	72171
4464	647	71769	423	2723	0	75562
4465	71812	1500	391	1596	0	75299
4466	72089	1502	352	487	0	74430
4467	2995	70572	369	425	0	74361
4468	1885	1511	362	69725	0	73483
4469	70153	1461	355	1562	0	73531
4470	1971	468	295	70480	0	73214
4471	70569	388	322	1712	0	72991
4472	1937	69333	343	1620	0	73233
4473	69861	1551	304	496	0	72212
4474	1998	1533	68550	431	0	72512
4475	1793	69031	1499	479	0	72802
4476	831	1560	69610	421	0	72422
4477	1006	2063	1752	66679	0	71500
4478	67116	471	1583	1569	0	70739
4479	68050	331	476	1413	0	70270
4480	67985	332	327	483	0	69127
4481	3047	259	341	64824	0	68471
4482	65738	278	314	1507	0	67837
4483	1941	238	291	64596	0	67066
4484	64633	231	367	1648	0	66879
4485	64681	283	345	1474	0	66783
4486	2799	332	63655	566	0	67352
4487	1504	253	60454	377	0	62588
4488	612	276	61011	358	0	62257
4489	508	356	2093	58305	0	61262
4490	59138	220	1420	1253	0	62031
4491	1367	263	360	60489	0	62479
4492	1343	199	292	61153	0	62987
4493	63586	197	276	2292	0	66351
4494	64044	140	242	1408	0	65834
4495	65284	154	257	525	0	66220
4496	65850	176	263	465	0	66754
4497	2332	167	273	63887	0	66659
4498	63104	153	244	1296	0	64797
4499	1422	62132	282	1147	0	64983
4500	61599	966	222	449	0	63236
4501	60898	935	329	427	0	62589
4502	1865	267	57879	297	0	60308
4503	54394	182	859	276	0	55711
4504	1116	170	54823	217	0	56326
4505	837	96	51434	216	0	52583
4506	400	175	51772	183	0	52530
4507	473	991	1144	43855	0	46463
4508	199	128	45856	372	0	46555
4509	194	330	373	42298	0	43195
4510	181	57	43873	334	0	44445
4511	153	68	45674	365	0	46260
4512	146	95	540	43818	0	44599
4513	161	49	379	47365	0	47954
4514	106	69	48982	524	0	49681
4515	46156	37	259	414	0	46866
4516	323	39	358	48803	0	49523
4517	396	35	66	49099	0	49596
4518	49049	30	70	577	0	49726
4519	333	61	60	50042	0	50496
4520	376	67	49514	300	0	50257
4521	143	37	47222	342	0	47744
4522	100	143	436	45891	0	46570
4523	104	83	47384	239	0	47810
4524	72	48560	252	324	0	49208
4525	126	211	321	47562	0	48220
4526	48251	244	76	286	0	48857
4527	233	55	48491	293	0	49072
4528	46533	42	231	149	0	46955
4529	255	26	284	49735	0	50300
4530	314	26	82	50269	0	50691
4531	95	29	79	50684	0	50887
4532	80	35	64	50630	0	50809
4533	49653	17	59	582	0	50311
4534	249	52963	91	381	0	53684
4535	320	353	64	53664	0	54401
4536	114	343	48	53866	0	54371
4537	82	49	60	54320	0	54511
4538	110	42	50	54315	0	54517
4539	53338	25	55	747	0	54165
4540	341	53292	75	554	0	54262
4541	52789	287	57	162	0	53295
4542	347	50812	60	163	0	51382
4543	342	51171	76	125	0	51714
4544	49604	576	53	111	0	50344
4545	403	373	50347	96	0	51219
4546	400	63	361	50393	0	51217
4547	51659	37	372	476	0	52544
4548	52163	46	90	515	0	52814
4549	48638	111	120	258	0	49127
4550	53324	45	54	184	0	53607
4551	740	56266	67	184	0	57257
4552	57244	498	45	139	0	57926
4553	58399	450	39	160	0	59048
4554	1002	61303	75	178	0	62558
4555	612	678	57	63084	0	64431
4556	187	636	63255	771	0	64849
4557	138	121	690	63639	0	64588
4558	62619	104	658	910	0	64291
4559	751	100	65832	763	0	67446
4560	700	64829	778	329	0	66636
4561	201	742	66687	178	0	67808
4562	194	770	811	61102	0	62877
4563	121	65041	739	687	0	66588
4564	65691	777	140	722	0	67330
4565	755	67072	116	274	0	68217
4566	747	807	100	66145	0	67799
4567	218	747	61	68156	0	69182
4568	66945	178	58	1452	0	68633
4569	829	114	75	66226	0	67244
4570	746	67009	96	890	0	68741
4571	67199	729	89	836	0	68853
4572	67519	711	57	304	0	68591
4573	1424	68373	99	199	0	70095
4574	68839	806	69	225	0	69939
4575	889	68088	82	222	0	69281
4576	67461	834	77	221	0	68593
4577	885	68029	83	200	0	69197
4578	851	912	96	64419	0	66278
4579	350	775	78	68203	0	69406
4580	67330	220	102	1421	0	69073
4581	68987	160	105	878	0	70130
4582	1447	68693	109	440	0	70689
4583	932	883	67441	239	0	69495
4584	68078	776	790	240	0	69884
4585	983	244	752	68582	0	70561
4586	894	69476	185	856	0	71411
4587	308	894	120	70382	0	71704
4588	70000	794	96	984	0	71874
4589	70548	252	79	913	0	71792
4590	71417	229	70	373	0	72089
4591	1714	223	64	69240	0	71241
4592	1048	230	69569	957	0	71804
4593	65075	188	793	986	0	67042
4594	67597	178	756	362	0	68893
4595	69505	213	176	312	0	70206
4596	1714	68043	158	270	0	70185
4597	1134	896	146	68718	0	70894
4598	388	70871	126	969	0	72354
4599	382	1061	112	71448	0	73003
4600	372	998	98	72446	0	73914
4601	347	365	75896	1858	0	78466
4602	363	246	1001	80480	0	82090
4603	375	217	997	82376	0	83965
4604	81377	229	187	2352	0	84145
4605	1358	82279	172	1434	0	85243
4606	83319	1278	132	417	0	85146
4607	85151	1350	109	349	0	86959
4608	2592	431	104	84243	0	87370
4609	1669	330	85617	1352	0	88968
4610	563	84051	1196	1425	0	87235
4611	442	83861	1238	462	0	86003
4612	81153	2415	360	417	0	84345
4613	1379	83687	233	482	0	85781
4614	1468	1413	193	81136	0	84210
4615	530	1361	187	83633	0	85711
4616	517	419	81837	2400	0	85173
4617	478	365	81759	1475	0	84077
4618	366	81924	2301	500	0	85091
4619	420	1404	1343	81359	0	84526
4620	81923	1382	282	1414	0	85001
4621	1482	486	195	83261	0	85424
4622	1483	390	83492	1578	0	86943
4623	492	384	1241	83703	0	85820
4624	80326	293	1237	1686	0	83542
4625	80847	268	279	1611	0	83005
4626	2502	80914	276	578	0	84270
4627	81288	1365	187	516	0	83356
4628	1602	81567	240	452	0	83861
4629	81431	1455	167	419	0	83472
4630	1740	1499	166	79271	0	82676
4631	1588	468	79353	1441	0	82850
4632	646	389	78697	1405	0	81137
4633	493	80350	2288	525	0	83656
4634	584	1261	1372	77211	0	80428
4635	441	1296	292	79414	0	81443
4636	78912	368	226	2447	0	81953
4637	79966	288	151	1544	0	81949
4638	81791	358	162	582	0	82893
4639	2683	330	178	79840	0	83031
4640	1632	352	174	81466	0	83624
4641	662	286	234	82736	0	83918
4642	544	341	80614	2476	0	83975
4643	472	396	79860	1521	0	82249
4644	77451	341	2162	665	0	80619
4645	79846	324	1307	486	0	81963
4646	2411	370	79518	430	0	82729
4647	77874	279	1180	520	0	79853
4648	76958	241	1247	545	0	78991
4649	2337	255	77399	508	0	80499
4650	1471	77213	1324	531	0	80539
4651	701	1365	1272	74164	0	77502
4652	496	1189	76752	1215	0	79652
4653	452	79566	1086	1356	0	82460
4654	597	1409	1105	71472	0	74583
4655	388	75546	344	1085	0	77363
4656	413	1063	73677	1189	0	76342
4657	458	1069	74422	402	0	76351
4658	479	491	1832	73249	0	76051
4659	73935	307	1202	1064	0	76508
4660	1206	303	274	74418	0	76201
4661	74044	315	217	1186	0	75762
4662	1238	299	271	74308	0	76116
4663	1221	314	72871	1210	0	75616
4664	69770	278	1088	1365	0	72501
4665	1135	268	73567	432	0	75402
4666	72459	287	1201	417	0	74364
4667	1199	278	1186	70493	0	73156
4668	1239	72565	375	1296	0	75475
4669	538	1014	312	72647	0	74511
4670	470	75432	364	1223	0	77489
4671	606	1055	334	69644	0	71639
4672	428	75548	330	1250	0	77556
4673	73890	1009	320	1279	0	76498
4674	74631	1110	297	621	0	76659
4675	74773	311	434	501	0	76019
4676	2195	298	73729	479	0	76701
4677	1499	257	1091	73276	0	76123
4678	706	323	75535	1146	0	77710
4679	521	72989	1202	1315	0	76027
4680	563	74697	1261	463	0	76984
4681	72940	1899	444	389	0	75672
4682	1289	1258	73273	364	0	76184
4683	1322	72319	1114	447	0	75202
4684	755	1032	1268	72917	0	75972
4685	72859	1155	500	1230	0	75744
4686	1098	74068	426	1356	0	76948
4687	75243	1096	328	590	0	77257
4688	1274	1263	75029	466	0	78032
4689	1387	395	1113	75914	0	78809
4690	579	251	1283	77956	0	80069
4691	519	237	466	79877	0	81099
4692	479	78431	414	2395	0	81719
4693	606	1209	351	76284	0	78450
4694	541	1257	79109	1517	0	82424
4695	552	278	1209	77294	0	79333
4696	515	246	1369	78563	0	80693
4697	569	197	465	77069	0	78300
4698	477	75454	444	2197	0	78572
4699	509	986	386	75442	0	77323
4700	657	1167	314	73699	0	75837
4701	285	68263	298	1922	0	70768
4702	62864	745	209	1034	0	64852
4703	742	64294	202	395	0	65633
4704	800	63650	162	329	0	64941
4705	355	1693	223	62475	0	64746
4706	264	925	62321	829	0	64339
4707	55406	277	815	896	0	57394
4708	732	189	755	61352	0	63028
4709	784	196	60147	858	0	61985
4710	209	60173	760	963	0	62105
4711	204	775	805	60224	0	62008
4712	251	830	60616	825	0	62522
4713	231	263	727	58696	0	59917
4714	220	174	805	59016	0	60215
4715	57438	154	237	1525	0	59354
4716	721	57323	208	1023	0	59275
4717	56890	701	178	374	0	58143
4718	832	806	57746	279	0	59663
4719	837	57808	733	302	0	59680
4720	286	744	58152	245	0	59427
4721	240	1015	791	58312	0	60358
4722	58341	219	809	888	0	60257
4723	753	213	190	58306	0	59462
4724	59069	162	178	894	0	60303
4725	59481	176	162	902	0	60721
4726	1502	143	164	60378	0	62187
4727	989	173	62395	887	0	64444
4728	318	182	64041	958	0	65499
4729	248	210	1520	64523	0	66501
4730	215	159	958	66223	0	67555
4731	65379	148	266	1728	0	67521
4732	874	165	171	65629	0	66839
4733	935	64645	200	1030	0	66810
4734	334	819	150	65657	0	66960
4735	245	907	171	65701	0	67024
4736	64001	255	150	1804	0	66210
4737	843	64906	207	1208	0	67164
4738	980	889	128	65442	0	67439
4739	321	996	137	64846	0	66300
4740	212	64472	171	1811	0	66666
4741	211	897	160	65792	0	67060
4742	227	976	145	64576	0	65924
4743	163	63618	166	1916	0	65863
4744	229	871	134	64736	0	65970
4745	197	960	141	63418	0	64716
4746	146	62977	184	1860	0	65167
4747	197	853	189	64162	0	65401
4748	62820	956	138	1224	0	65138
4749	63137	274	118	1277	0	64806
4750	63175	232	119	564	0	64090
4751	62279	231	103	506	0	63119
4752	1631	59155	126	440	0	61352
4753	55296	756	99	365	0	56516
4754	773	54745	109	369	0	55996
4755	779	54353	138	324	0	55594
4756	374	1435	239	53800	0	55848
4757	191	776	54177	846	0	55990
4758	51710	248	681	858	0	53497
4759	54019	166	678	361	0	55224
4760	1320	192	55230	324	0	57066
4761	54421	134	678	353	0	55586
4762	56177	151	692	335	0	57355
4763	1360	55121	187	352	0	57020
4764	60908	702	142	528	0	62280
4765	901	751	96	60245	0	61993
4766	862	200	100	60932	0	62094
4767	322	197	100	61649	0	62268
4768	284	183	110	61620	0	62197
4769	60564	177	107	1635	0	62483
4770	816	187	123	60183	0	61309
4771	885	182	105	60312	0	61484
4772	328	197	58652	1491	0	60668
4773	53267	192	685	1097	0	55241
4774	58978	170	691	450	0	60289
4775	59524	152	155	426	0	60257
4776	1467	58009	139	395	0	60010
4777	912	59478	127	380	0	60897
4778	58393	1270	99	379	0	60141
4779	890	823	107	58736	0	60556
4780	854	60077	158	946	0	62035
4781	340	753	81	60073	0	61247
4782	255	61182	109	1014	0	62560
4783	60260	861	74	985	0	62180
4784	880	62029	117	459	0	63485
4785	870	842	85	61028	0	62825
4786	392	842	61	62498	0	63793
4787	333	260	63890	1584	0	66067
4788	281	67119	786	1075	0	69261
4789	377	1182	806	68675	0	71040
4790	303	1061	69417	1186	0	71967
4791	288	316	69663	1144	0	71411
4792	287	238	1832	69362	0	71719
4793	293	211	1174	68497	0	70175
4794	233	67121	248	2150	0	69752
4795	251	70138	169	1327	0	71885
4796	272	2016	130	69899	0	72317
4797	69723	1248	113	1253	0	72337
4798	1232	323	89	72693	0	74337
4799	74412	260	87	1461	0	76220
4800	75376	228	121	1359	0	77084
4801	76623	213	83	498	0	77417
4802	2487	227	75297	371	0	78382
4803	74756	181	1088	369	0	76394
4804	1472	210	1154	75056	0	77892
4805	1452	178	242	75779	0	77651
4806	513	211	73967	2322	0	77013
4807	340	224	74046	1469	0	76079
4808	357	425	2066	71293	0	74141
4809	302	71388	1292	1242	0	74224
4810	300	73275	308	1283	0	75166
4811	424	2031	202	72808	0	75465
4812	72156	1270	164	1284	0	74874
4813	1243	346	144	73363	0	75096
4814	1296	199	137	72204	0	73836
4815	378	72393	158	2249	0	75178
4816	312	1136	140	74100	0	75688
4817	329	1183	74354	1401	0	77267
4818	314	340	72172	1359	0	74185
4819	69248	212	1981	549	0	71990
4820	1114	72978	1253	402	0	75747
4821	72785	1055	288	363	0	74491
4822	72351	1110	196	333	0	73990
4823	2094	326	185	67540	0	70145
4824	1254	71033	186	1079	0	73552
4825	451	1102	174	70865	0	72592
4826	69752	1065	157	1235	0	72209
4827	1062	68328	192	1236	0	70818
4828	66927	973	135	436	0	68471
4829	1082	66950	142	379	0	68553
4830	67390	1109	162	324	0	68985
4831	66893	1038	127	333	0	68391
4832	1845	65874	135	351	0	68205
4833	1218	1013	161	65871	0	68263
4834	66127	985	182	1112	0	68406
4835	1096	325	64441	1081	0	66943
4836	1103	243	64422	408	0	66176
4837	483	589	1746	62906	0	65724
4838	64413	199	1052	1059	0	66723
4839	993	203	254	65155	0	66605
4840	65358	159	175	1193	0	66885
4841	1139	225	65912	1087	0	68363
4842	66632	176	913	463	0	68184
4843	69531	165	954	418	0	71068
4844	1891	177	297	68623	0	70988
4845	1242	184	186	69711	0	71323
4846	470	177	185	70251	0	71083
4847	314	69721	204	1980	0	72219
4848	341	938	177	70391	0	71847
4849	329	944	200	70920	0	72393
4850	69765	290	219	1905	0	72179
4851	70100	194	218	1305	0	71817
4852	1837	256	68745	499	0	71337
4853	68124	227	931	445	0	69727
4854	1196	271	69259	393	0	71119
4855	64874	167	1065	506	0	66612
4856	1195	195	68454	410	0	70254
4857	1147	213	67022	398	0	68780
4858	497	318	1656	65108	0	67579
4859	370	213	67151	1098	0	68832
4860	64360	187	1042	1127	0	66716
4861	1007	202	966	68413	0	70588
4862	69923	196	327	1138	0	71584
4863	70107	213	205	1172	0	71697
4864	66354	189	208	454	0	67205
4865	65761	152	180	419	0	66512
4866	1970	163	64739	362	0	67234
4867	1340	140	831	64501	0	66812
4868	556	205	66558	996	0	68315
4869	471	158	950	65560	0	67139
4870	65153	139	969	1145	0	67406
4871	1043	160	376	66746	0	68325
4872	67438	164	261	1167	0	69030
4873	1141	176	244	68103	0	69664
4874	1115	182	202	68664	0	70163
4875	67904	182	226	1790	0	70102
4876	1008	67384	238	1244	0	69874
4877	67444	826	177	521	0	68968
4878	1070	67347	185	417	0	69019
4879	1038	908	164	67247	0	69357
4880	66822	831	174	975	0	68802
4881	1018	297	67265	1023	0	69603
4882	1031	178	775	67522	0	69506
4883	68081	151	816	960	0	70008
4884	69986	153	288	929	0	71356
4885	1762	173	161	68398	0	70494
4886	1185	69077	192	926	0	71380
4887	426	67464	174	886	0	68950
4888	425	2230	111	61618	0	64384
4889	61850	633	161	632	0	63276
4890	642	60794	67	626	0	62129
4891	460	59442	70	176	0	60148
4892	57997	808	102	181	0	59088
4893	456	58278	62	132	0	58928
4894	59451	497	107	136	0	60191
4895	698	440	71	58837	0	60046
4896	494	148	33	58873	0	59548
4897	137	58684	43	853	0	59717
4898	120	58185	38	500	0	58843
4899	55268	706	49	128	0	56151
4900	410	57912	47	111	0	58480
4901	346	62987	41	83	0	63457
4902	206	996	74	62646	0	63922
4903	64311	651	22	704	0	65688
4904	706	194	67220	638	0	68758
4905	66709	74	755	199	0	67737
4906	923	81	760	71412	0	73176
4907	863	95	72796	892	0	74646
4908	262	105	74550	923	0	75840
4909	137	83	1692	75006	0	76918
4910	135	115	78788	940	0	79978
4911	75395	92	1075	1063	0	77625
4912	79051	81	985	308	0	80425
4913	1891	94	79760	147	0	81892
4914	1172	77	970	78538	0	80757
4915	294	83	1047	79918	0	81342
4916	81138	71	278	1990	0	83477
4917	1093	189	152	77082	0	78516
4918	1066	78416	184	1052	0	80718
4919	79233	901	108	1050	0	81292
4920	980	79537	163	381	0	81061
4921	1084	82121	135	295	0	83635
4922	390	1841	128	81417	0	83776
4923	218	1185	109	82167	0	83679
4924	239	295	101	83638	0	84273
4925	248	238	80808	2124	0	83418
4926	73875	214	969	1358	0	76416
4927	979	80284	1049	533	0	82845
4928	82353	1046	224	363	0	83986
4929	82628	1071	127	362	0	84188
4930	2072	322	140	81938	0	84472
4931	1288	82994	161	1145	0	85588
4932	464	1097	143	85614	0	87318
4933	380	1130	138	85881	0	87529
4934	86366	353	125	2210	0	89054
4935	86189	236	152	1424	0	88001
4936	2216	251	84618	506	0	87591
4937	85926	235	920	423	0	87504
4938	1340	87368	1074	410	0	90192
4939	88506	1162	266	352	0	90286
4940	1407	92338	159	406	0	94310
4941	1395	1396	153	90216	0	93160
4942	563	1323	162	90292	0	92340
4943	380	90735	153	2460	0	93728
4944	405	1305	156	93692	0	95558
4945	431	1381	164	93435	0	95411
4946	353	457	160	92346	0	93316
4947	402	90846	190	2743	0	94181
4948	440	1365	159	93056	0	95020
4949	405	1453	186	92984	0	95028
4950	359	510	182	94134	0	95185
4951	389	382	90254	2873	0	93898
4952	84217	356	1219	2056	0	87848
4953	1429	408	91710	744	0	94291
4954	89201	372	1418	672	0	91663
4955	1627	353	91816	663	0	94459
4956	89875	329	1425	596	0	92225
4957	91593	341	1430	550	0	93914
4958	2764	323	90991	568	0	94646
4959	1812	304	1354	89547	0	93017
4960	727	391	88046	1534	0	90698
4961	83930	319	1462	1747	0	87458
4962	1669	378	91591	776	0	94414
4963	1723	341	89639	580	0	92283
4964	87537	301	2496	672	0	91006
4965	1568	90015	1756	572	0	93911
4966	1747	1284	627	90464	0	94122
4967	91774	1430	422	1702	0	95328
4968	1659	480	494	92425	0	95058
4969	1809	318	488	93199	0	95814
4970	91654	280	421	2887	0	95242
4971	91569	345	485	1982	0	94381
4972	2910	324	90940	870	0	95044
4973	1961	339	90642	809	0	93751
4974	864	331	2624	90500	0	94319
4975	726	342	93419	1857	0	96344
4976	650	290	1681	92359	0	94980
4977	750	270	1629	92162	0	94811
4978	737	296	654	94865	0	96552
4979	91257	346	430	3111	0	95144
4980	1606	91952	525	2179	0	96262
4981	92602	1291	384	1096	0	95373
4982	91178	1462	395	947	0	93982
4983	2645	90652	431	966	0	94694
4984	89190	1284	289	817	0	91580
4985	1711	1410	87596	764	0	91481
4986	1562	660	1134	87443	0	90799
4987	88801	374	1239	1647	0	92061
4988	1492	391	87923	1643	0	91449
4989	88553	308	1113	865	0	90839
4990	1524	93264	1301	726	0	96815
4991	105445	1154	528	727	0	107854
4992	105331	1281	422	621	0	107655
4993	3482	106690	424	599	0	111195
4994	111381	1618	418	673	0	114090
4995	2657	1704	438	111647	0	116446
4996	2425	771	304	113553	0	117053
4997	112130	432	361	3462	0	116385
4998	105449	391	343	2582	0	108765
4999	3441	110939	354	1298	0	116032
5000	2347	110378	305	881	0	113911
5001	952	3059	258	100460	0	104729
5002	670	104931	320	1495	0	107416
5003	576	106578	263	1559	0	108976
5004	99791	2519	391	678	0	103379
5005	1325	102626	276	549	0	104776
5006	98757	1600	191	394	0	100942
5007	1610	101372	193	379	0	103554
5008	1589	1564	99251	391	0	102795
5009	704	101316	1087	405	0	103512
5010	98155	1815	1421	469	0	101860
5011	97186	1263	492	346	0	99287
5012	2278	635	97013	233	0	100159
5013	1695	357	1117	93372	0	96541
5014	851	249	1140	98120	0	100360
5015	586	294	97795	2112	0	100787
5016	530	229	1223	95458	0	97440
5017	398	278	98306	1692	0	100674
5018	428	261	95480	1488	0	97657
5019	92253	201	2118	763	0	95335
5020	1289	96245	1539	532	0	99605
5021	96248	1150	661	354	0	98413
5022	1634	1249	339	95316	0	98538
5023	1558	645	95817	1261	0	99281
5024	921	433	1072	91626	0	94052
5025	544	95851	1185	1396	0	98976
5026	97228	1157	519	1223	0	100127
5027	97540	1250	331	636	0	99757
5028	2359	631	256	96955	0	100201
5029	1745	500	95575	1373	0	99193
5030	90935	369	1076	1253	0	93633
5031	1568	94577	1109	630	0	97884
5032	94948	1221	469	419	0	97057
5033	2008	1359	259	93209	0	96835
5034	94025	649	255	1199	0	96128
5035	2097	615	172	92937	0	95821
5036	1728	675	92060	1670	0	96133
5037	1143	373	89775	1595	0	92886
5038	86270	335	1867	1334	0	89806
5039	1503	91964	1462	801	0	95730
5040	90838	1153	920	473	0	93384
5041	90496	1284	384	423	0	92587
5042	1975	91553	304	323	0	94155
5043	90177	1613	167	414	0	92371
5044	1749	1509	93633	488	0	97379
5045	1464	1149	983	93843	0	97439
5046	1011	849	983	95719	0	98562
5047	903	731	486	96759	0	98879
5048	814	714	94716	2208	0	98452
5049	773	691	95201	1535	0	98200
5050	655	639	1991	92546	0	95831
5051	594	94456	1646	1173	0	97869
5052	666	97926	789	1180	0	100561
5053	97839	2054	480	640	0	101013
5054	97282	1435	499	607	0	99823
5055	2052	100212	600	827	0	103691
5056	1615	1380	377	101558	0	104930
5057	915	1240	507	102784	0	105446
5058	103334	729	682	2399	0	107144
5059	1570	474	614	106638	0	109296
5060	1772	497	720	106282	0	109271
5061	1159	469	673	107192	0	109493
5062	1043	644	101661	2555	0	105903
5063	1015	720	97875	1832	0	101442
5064	102172	407	2140	1259	0	105978
5065	1605	366	1745	109428	0	113144
5066	1612	464	109711	1855	0	113642
5067	951	593	106713	1754	0	110011
5068	105409	632	2643	1049	0	109733
5069	2218	546	118670	782	0	122216
5070	2018	120629	2070	785	0	125502
5071	1024	1683	1961	127727	0	132395
5072	969	1770	127783	1888	0	132410
5073	125163	940	1954	1943	0	130000
5074	2418	775	1795	133444	0	138432
5075	2411	560	131936	2373	0	137280
5076	1214	383	2165	133809	0	137571
5077	1004	352	2111	134795	0	138262
5078	134412	327	977	4075	0	139791
5079	2206	135749	1043	2709	0	141707
5080	2562	1935	719	134295	0	139511
5081	137007	1984	472	2433	0	141896
5082	137783	915	510	2337	0	141545
5083	139898	487	402	1144	0	141931
5084	141168	545	536	879	0	143128
5085	4686	491	536	137138	0	142851
5086	137686	267	611	2376	0	140940
5087	135991	270	720	2538	0	139519
5088	130846	250	565	1539	0	133200
5089	131716	331	602	1310	0	133959
5090	3876	123503	694	1037	0	129110
5091	1339	113061	210	318	0	114928
5092	488	2492	234	110699	0	113913
5093	290	111982	250	1234	0	113756
5094	109958	1229	313	1225	0	112725
5095	1445	1291	168	108260	0	111164
5096	108549	238	164	1307	0	110258
5097	108977	160	184	1387	0	110708
5098	2268	122	128	111639	0	114157
5099	1361	145	203	110341	0	112050
5100	396	110278	196	2244	0	113114
5101	110931	1045	144	1447	0	113567
5102	1287	110749	237	490	0	112763
5103	112137	1149	184	417	0	113887
5104	1436	1110	154	112303	0	115003
5105	1439	281	110786	1278	0	113784
5106	109154	190	1122	1358	0	111824
5107	107601	176	1130	488	0	109395
5108	2420	205	106423	380	0	109428
5109	1551	234	106300	339	0	108424
5110	663	223	2074	102331	0	105291
5111	112279	205	1202	1483	0	115169
5112	117279	214	257	1448	0	119198
5113	121505	204	180	585	0	122474
5114	121444	183	175	488	0	122290
5115	2933	118480	235	448	0	122096
5116	123718	1388	164	550	0	125820
5117	1932	1432	193	121927	0	125484
5118	1910	347	205	123827	0	126289
5119	775	228	230	129495	0	130728
5120	664	233	215	131000	0	132112
5121	127674	263	210	3183	0	131330
5122	1943	236	214	135286	0	137679
5123	2034	339	131838	2029	0	136240
5124	839	239	1628	135436	0	138142
5125	720	206	1882	136136	0	138944
5126	745	203	374	137033	0	138355
5127	773	222	312	135571	0	136878
5128	130945	230	296	3748	0	135219
5129	2019	130685	304	2391	0	135399
5130	2129	132277	350	825	0	135581
5131	934	3218	255	130401	0	134808
5132	130673	1982	286	2098	0	135039
5133	133818	446	345	2122	0	136731
5134	3884	304	240	133576	0	138004
5135	2515	348	130041	2207	0	135111
5136	130466	291	1737	2339	0	134833
5137	2486	290	1798	136558	0	141132
5138	2492	340	136170	2358	0	141360
5139	128844	277	1851	2508	0	133480
5140	2515	135746	1907	970	0	141138
5141	150113	1803	419	863	0	153198
5142	3177	153552	352	745	0	157826
5143	3318	2786	182	151749	0	158035
5144	1123	152392	265	3177	0	156957
5145	1077	3395	265	156063	0	160800
5146	148743	2915	198	3559	0	155415
5147	3013	150992	273	3678	0	157956
5148	3267	2739	150130	1169	0	157305
5149	1283	3073	2545	150461	0	157362
5150	1012	778	153639	3255	0	158684
5151	948	487	2931	150388	0	154754
5152	959	487	2847	153768	0	158061
5153	879	452	150264	5669	0	157264
5154	134244	423	2837	4092	0	141596
5155	3224	423	150486	1409	0	155542
5156	3408	428	147493	1008	0	152337
5157	1113	148111	5183	1024	0	155431
5158	928	2736	3197	147785	0	154646
5159	871	2921	837	149326	0	153955
5160	952	852	504	148894	0	151202
5161	843	547	426	152750	0	154566
5162	708	454	145250	6164	0	152576
5163	131303	411	2743	4187	0	138644
5164	3098	455	145506	1592	0	150651
5165	3104	309	2840	138859	0	145112
5166	137332	311	2815	3076	0	143534
5167	2726	137975	933	3381	0	145015
5168	2921	3243	610	133643	0	140417
5169	128314	2513	498	2822	0	134147
5170	2553	124918	484	2988	0	130943
5171	2433	124766	367	1081	0	128647
5172	122155	4077	439	861	0	127532
5173	2336	124822	351	771	0	128280
5174	121251	2493	498	721	0	124963
5175	2514	122550	386	728	0	126178
5176	123504	2465	424	641	0	127034
5177	123040	2379	330	663	0	126412
5178	4314	123932	396	704	0	129346
5179	2839	2337	312	122409	0	127897
5180	1026	2492	120475	2513	0	126506
5181	117593	822	2131	2698	0	123244
5182	2466	585	2270	118595	0	123916
5183	2576	116758	694	2573	0	122601
5184	864	120667	493	2703	0	124727
5185	666	4064	440	120354	0	125524
5186	119196	2576	429	2638	0	124839
5187	2401	860	119041	2739	0	125041
5188	2578	530	2191	120236	0	125535
5189	944	454	2354	122858	0	126610
5190	668	444	765	125461	0	127338
5191	691	422	501	122713	0	124327
5192	529	119256	515	5039	0	125339
5193	599	2281	456	123244	0	126580
5194	599	2474	118860	3082	0	125015
5195	613	917	118140	2962	0	122632
5196	607	733	120903	1229	0	123472
5197	587	684	4448	117068	0	122787
5198	114266	614	2785	2733	0	120398
5199	2581	605	115345	2786	0	121317
5200	2737	625	116230	1136	0	120728
5201	997	578	4383	113221	0	119179
5202	115365	590	2854	2795	0	121604
5203	2428	114869	1037	3056	0	121390
5204	115953	2430	708	1346	0	120437
5205	2980	2647	625	114425	0	120677
5206	2910	1142	116291	2662	0	123005
5207	1287	1404	2395	110427	0	115513
5208	854	116798	2735	2701	0	123088
5209	122020	2503	1025	2839	0	128387
5210	2748	2760	122407	1331	0	129246
5211	2570	118023	2290	1160	0	124043
5212	116536	2520	2772	1088	0	122916
5213	2885	2622	1112	116331	0	122950
5214	2776	859	746	118165	0	122546
5215	117567	620	727	4777	0	123691
5216	119042	545	695	3283	0	123565
5217	123336	569	684	1402	0	125991
5218	5371	700	575	116142	0	122788
5219	3252	114660	596	2926	0	121434
5220	114643	2367	673	3053	0	120736
5221	2720	116508	548	1409	0	121185
5222	110662	2530	567	852	0	114611
5223	2756	109075	571	808	0	113210
5224	2699	2621	472	105744	0	111536
5225	108357	2493	396	2650	0	113896
5226	109467	945	352	2703	0	113467
5227	111866	629	348	1196	0	114039
5228	112272	618	397	918	0	114205
5229	112048	564	406	771	0	113789
5230	5121	599	107606	686	0	114012
5231	3294	632	2205	106758	0	112889
5232	1449	551	109665	2415	0	114080
5233	1102	598	107742	2531	0	111973
5234	106198	606	4104	985	0	111893
5235	108531	528	2644	736	0	112439
5236	109544	581	823	593	0	111541
5237	5065	643	475	103689	0	109872
5238	104109	525	568	2437	0	107639
5239	3110	103591	510	2520	0	109731
5240	2874	105130	520	1044	0	109568
5241	988	96605	283	546	0	98422
5242	88826	2710	580	466	0	92582
5243	1631	91501	292	460	0	93884
5244	91482	1485	415	408	0	93790
5245	90109	1472	209	383	0	92173
5246	3040	455	88806	378	0	92679
5247	2122	335	1339	86830	0	90626
5248	970	322	1416	91089	0	93797
5249	91375	305	397	2731	0	94808
5250	91740	318	274	1804	0	94136
5251	3166	322	248	90642	0	94378
5252	2172	326	89884	1597	0	93979
5253	1018	348	90705	1688	0	93759
5254	900	303	2611	91542	0	95356
5255	927	299	1632	92322	0	95180
5256	823	323	387	94675	0	96208
5257	90803	316	262	3059	0	94440
5258	90849	341	259	1925	0	93374
5259	3236	90088	339	704	0	94367
5260	2297	1554	279	90109	0	94239
5261	1057	1671	290	89520	0	92538
5262	894	90960	309	2899	0	95062
5263	908	1600	312	91973	0	94793
5264	91331	1688	308	1908	0	95235
5265	2142	535	372	91537	0	94586
5266	2220	389	324	91761	0	94694
5267	89857	377	260	3157	0	93651
5268	90187	406	323	2063	0	92979
5269	91577	402	358	841	0	93178
5270	3824	709	422	87833	0	92788
5271	2380	362	85025	1720	0	89487
5272	1197	436	84435	1788	0	87856
5273	1072	362	84967	818	0	87219
5274	961	82145	2676	737	0	86519
5275	80703	1478	2124	786	0	85091
5276	2000	1533	79805	681	0	84019
5277	78320	448	1309	678	0	80755
5278	2091	350	1448	77944	0	81833
5279	78115	344	553	1703	0	80715
5280	79659	354	450	1892	0	82355
5281	2878	80427	411	861	0	84577
5282	83030	1255	353	849	0	85487
5283	82055	1391	413	927	0	84786
5284	2975	82607	384	923	0	86889
5285	2336	1299	399	84523	0	88557
5286	1322	1494	85147	1571	0	89534
5287	1160	499	1256	84532	0	87447
5288	975	482	1430	86099	0	88986
5289	85328	447	443	2910	0	89128
5290	2004	467	406	84807	0	87684
5291	2110	86215	427	1807	0	90559
5292	1128	1452	366	86505	0	89451
5293	978	1622	405	87616	0	90621
5294	1059	580	85451	3061	0	90151
5295	1093	84481	1394	2194	0	89162
5296	1116	86795	1548	954	0	90413
5297	84039	2426	519	938	0	87922
5298	1888	88173	506	993	0	91560
5299	2144	1537	540	87013	0	91234
5300	1087	1632	87423	1882	0	92024
5301	945	87906	1565	2030	0	92446
5302	87389	1494	1690	884	0	91457
5303	1975	1665	671	87186	0	91497
5304	2182	561	545	88765	0	92053
5305	1125	487	87335	3015	0	91962
5306	1007	454	1432	85475	0	88368
5307	995	400	1528	87125	0	90048
5308	84765	470	517	3054	0	88806
5309	77459	366	333	2020	0	80178
5310	2746	76513	329	1045	0	80633
5311	73375	1100	270	764	0	75509
5312	1478	71851	321	830	0	74480
5313	1433	1652	333	66238	0	69656
5314	674	69132	326	1337	0	71469
5315	586	70288	379	1433	0	72686
5316	67769	1899	608	861	0	71137
5317	65976	1092	342	708	0	68118
5318	1789	65383	284	542	0	67998
5319	66348	918	292	568	0	68126
5320	65811	991	234	606	0	67642
5321	67854	357	269	645	0	69125
5322	1803	325	279	67522	0	69929
5323	68448	399	238	1123	0	70208
5324	1244	421	65227	1091	0	67983
5325	64845	359	798	552	0	66554
5326	1243	383	67877	470	0	69973
5327	1198	353	949	67676	0	70176
5328	572	398	882	69834	0	71686
5329	577	404	69133	1674	0	71788
5330	65189	316	812	1243	0	67560
5331	68682	291	909	656	0	70538
5332	1723	316	71514	591	0	74144
5333	1181	253	882	70076	0	72392
5334	549	275	900	71688	0	73412
5335	554	232	275	73294	0	74355
5336	71748	244	244	1804	0	74040
5337	71815	295	242	1178	0	73530
5338	1757	274	212	67706	0	69949
5339	919	64787	183	835	0	66724
5340	355	63505	164	776	0	64800
5341	60180	970	154	316	0	61620
5342	677	61034	156	318	0	62185
5343	576	59884	123	238	0	60821
5344	389	725	128	56071	0	57313
5345	205	449	56033	453	0	57140
5346	181	55654	356	462	0	56653
5347	226	544	393	54879	0	56042
5348	147	55871	130	408	0	56556
5349	191	404	80	55176	0	55851
5350	55052	328	67	446	0	55893
5351	368	55592	93	435	0	56488
5352	56064	325	70	218	0	56677
5353	54352	341	63	194	0	54950
5354	615	170	52739	155	0	53679
5355	51638	77	277	177	0	52169
5356	377	139	265	53560	0	54341
5357	340	106	55065	326	0	55837
5358	131	55346	262	372	0	56111
5359	210	414	310	55028	0	55962
5360	128	256	79	55607	0	56070
5361	55484	89	44	504	0	56121
5362	337	83	60	55822	0	56302
5363	329	87	45	56142	0	56603
5364	55886	79	57	576	0	56598
5365	283	55661	75	423	0	56442
5366	55144	271	64	192	0	55671
5367	329	348	54813	103	0	55593
5368	50544	114	261	201	0	51120
5369	367	97	57060	106	0	57630
5370	348	57536	273	103	0	58260
5371	57966	276	251	141	0	58634
5372	55920	327	122	152	0	56521
5373	579	126	57029	130	0	57864
5374	402	127	57958	107	0	58594
5375	198	125	59836	126	0	60285
5376	112	61785	643	167	0	62707
5377	179	378	422	62401	0	63380
5378	171	462	68511	405	0	69549
5379	179	156	67022	449	0	67806
5380	158	107	1055	67644	0	68964
5381	184	134	69120	538	0	69976
5382	66954	79	612	738	0	68383
5383	77625	105	675	247	0	78652
5384	1536	104	76205	133	0	77978
5385	1029	75807	826	224	0	77886
5386	266	804	944	74676	0	76690
5387	231	941	76577	834	0	78583
5388	155	76681	830	979	0	78645
5389	287	936	924	75736	0	77883
5390	76333	881	211	860	0	78285
5391	74967	178	172	981	0	76298
5392	1565	76981	148	289	0	78983
5393	1034	829	113	77441	0	79417
5394	253	908	133	77904	0	79198
5395	168	210	102	78309	0	78789
5396	195	102	102	78834	0	79233
5397	146	166	76517	1754	0	78583
5398	195	96	732	75807	0	76830
5399	146	148	75304	949	0	76547
5400	100	73790	822	973	0	75685
5401	72862	701	857	305	0	74725
5402	677	76595	228	202	0	77702
5403	894	788	122	76475	0	78279
5404	253	828	99	76694	0	77874
5405	75869	180	69	1632	0	77750
5406	755	86	92	76395	0	77328
5407	829	75102	119	876	0	76926
5408	226	701	80	77094	0	78101
5409	154	863	111	76854	0	77982
5410	75579	203	94	1567	0	77443
5411	771	180	74436	983	0	76370
5412	810	74178	648	306	0	75942
5413	177	75976	757	245	0	77155
5414	124	1319	146	74832	0	76421
5415	73772	826	84	772	0	75454
5416	649	74159	110	886	0	75804
5417	796	691	69	74940	0	76496
5418	193	832	74015	775	0	75815
5419	135	182	655	74458	0	75430
5420	74542	125	767	878	0	76312
5421	72815	120	241	944	0	74120
5422	1388	137	88	73480	0	75093
5423	75028	103	96	866	0	76093
5424	74026	84	82	975	0	75167
5425	1498	140	73503	274	0	75415
5426	70941	126	662	237	0	71966
5427	796	73278	823	267	0	75164
5428	74475	705	175	271	0	75626
5429	898	867	72881	190	0	74836
5430	943	183	748	73801	0	75675
5431	75846	112	891	889	0	77738
5432	854	154	72265	985	0	74258
5433	1029	120	72981	278	0	74408
5434	307	144	1653	71706	0	73810
5435	212	135	75163	890	0	76400
5436	73126	106	987	1054	0	75273
5437	932	182	76614	289	0	78017
5438	1052	130	1009	78421	0	80612
5439	289	111	1053	80795	0	82248
5440	83293	126	307	2194	0	85920
5441	1245	155	84220	1405	0	87025
5442	1399	147	87826	364	0	89736
5443	398	99	2485	91318	0	94300
5444	237	153	93767	1533	0	95690
5445	90609	137	1701	1608	0	94055
5446	1536	106	1692	91305	0	94639
5447	1652	149	93342	1577	0	96720
5448	429	117	1632	93210	0	95388
5449	344	127	1654	94374	0	96499
5450	93627	125	406	3010	0	97168
5451	1615	193	93562	1824	0	97194
5452	90607	179	1628	540	0	92954
5453	1783	202	97082	422	0	99489
5454	94596	176	1774	462	0	97008
5455	96385	193	1699	414	0	98691
5456	96814	157	430	498	0	97899
5457	3145	92410	365	486	0	96406
5458	94474	1422	266	429	0	96591
5459	93430	1549	209	448	0	95636
5460	3171	295	238	92278	0	95982
5461	1911	192	91547	1715	0	95365
5462	88395	155	1593	1970	0	92113
5463	1736	160	93568	598	0	96062
5464	1853	140	1744	90403	0	94140
5465	570	161	1718	93989	0	96438
5466	92981	165	518	3117	0	96781
5467	1636	95050	395	1999	0	99080
5468	1909	1470	301	94564	0	98244
5469	683	1603	302	95503	0	98091
5470	413	365	94991	3184	0	98953
5471	505	189	1612	95399	0	97705
5472	486	168	1727	97264	0	99645
5473	581	122	453	93738	0	94894
5474	419	93133	360	3238	0	97150
5475	91465	1381	322	1889	0	95057
5476	92184	1502	302	664	0	94652
5477	2984	92696	363	549	0	96592
5478	87997	1327	255	456	0	90035
5479	1752	1430	280	89379	0	92841
5480	1698	266	92308	1612	0	95884
5481	439	93138	1573	1661	0	96811
5482	342	95069	1563	533	0	97507
5483	91799	2328	616	354	0	95097
5484	95307	1320	309	323	0	97259
5485	2965	241	241	95503	0	98950
5486	1800	154	247	97524	0	99725
5487	522	119	221	98051	0	98913
5488	94040	123	249	3249	0	97661
5489	1798	158	93329	1837	0	97122
5490	94037	135	1577	568	0	96317
5491	1883	179	1645	94124	0	97831
5492	1883	138	399	92514	0	94934
5493	556	93069	353	3049	0	97027
5494	522	1444	318	95891	0	98175
5495	500	1546	293	96347	0	98686
5496	511	338	95534	3200	0	99583
5497	473	96005	1620	2088	0	100186
5498	97861	1496	1658	754	0	101769
5499	96475	1537	435	623	0	99070
5500	100631	318	370	618	0	101937
5501	99322	225	382	600	0	100529
5502	3303	282	95347	516	0	99448
5503	95338	216	1711	576	0	97841
5504	2128	225	97380	531	0	100264
5505	2099	232	1769	93116	0	97216
5506	714	96372	1790	1859	0	100735
5507	754	1583	463	97887	0	100687
5508	762	1634	385	98443	0	101224
5509	702	386	96934	3390	0	101412
5510	91609	298	1816	2235	0	95958
5511	95610	317	1778	848	0	98553
5512	3303	94455	562	904	0	99224
5513	2199	1607	95597	761	0	100164
5514	903	1681	1738	95491	0	99813
5515	813	527	97637	2046	0	101023
5516	762	493	95815	2104	0	99174
5517	850	397	3114	94491	0	98852
5518	898	356	96579	2138	0	99971
5519	895	325	1895	95854	0	98969
5520	853	387	98207	2279	0	101726
5521	898	374	1871	97604	0	100747
5522	97123	296	1880	2476	0	101775
5523	97672	315	628	2401	0	101016
5524	98427	339	464	1153	0	100383
5525	96716	324	456	1082	0	98578
5526	3500	96132	535	949	0	101116
5527	2217	1698	487	94880	0	99282
5528	1031	1660	477	96500	0	99668
5529	879	525	94514	3592	0	99510
5530	828	470	1761	94136	0	97195
5531	725	468	94158	2361	0	97712
5532	744	420	91222	2197	0	94583
5533	87547	337	3048	985	0	91917
5534	1959	92308	1915	894	0	97076
5535	93421	1634	675	783	0	96513
5536	92213	1676	530	799	0	95218
5537	3317	92409	560	825	0	97111
5538	91333	1371	528	871	0	94103
5539	2075	1463	90527	693	0	94758
5540	1666	88560	1476	657	0	92359
5541	87867	1253	1611	701	0	91432
5542	1613	1307	84860	597	0	88377
5543	79837	366	1103	606	0	81912
5544	1273	82244	1284	613	0	85414
5545	82695	986	458	649	0	84788
5546	81578	1065	430	528	0	83601
5547	1978	80749	534	534	0	83795
5548	1333	80458	481	471	0	82743
5549	534	83166	529	433	0	84662
5550	480	1876	483	82549	0	85388
5551	489	1071	484	83484	0	85528
5552	83781	305	492	2101	0	86679
5553	82031	224	491	1455	0	84201
5554	2095	257	82420	618	0	85390
5555	1403	261	81957	555	0	84176
5556	679	250	84104	507	0	85540
5557	604	251	2125	82365	0	85345
5558	686	243	85351	1257	0	87537
5559	651	235	1254	84702	0	86842
5560	85007	251	1296	1439	0	87993
5561	1423	295	85458	1354	0	88530
5562	84375	242	1250	559	0	86426
5563	86103	297	1286	518	0	88204
5564	2244	357	87568	481	0	90650
5565	1421	89370	1356	558	0	92705
5566	666	1055	1448	89978	0	93147
5567	567	1280	90087	1275	0	93209
5568	662	369	1421	89046	0	91498
5569	658	290	1483	94430	0	96861
5570	92027	309	530	2340	0	95206
5571	1598	340	447	92520	0	94905
5572	1676	358	91265	1432	0	94731
5573	759	333	1323	92159	0	94574
5574	91779	323	1442	1459	0	95003
5575	1526	92153	542	1512	0	95733
5576	91808	1179	614	465	0	94066
5577	1627	1657	517	89963	0	93764
5578	1697	430	90669	1168	0	93964
5579	798	294	88497	1228	0	90817
5580	834	269	86908	406	0	88417
5581	376	82812	1889	317	0	85394
5582	79456	1238	1959	353	0	83006
5583	891	77136	319	228	0	78574
5584	72947	654	250	156	0	74007
5585	740	73177	157	132	0	74206
5586	808	717	140	74058	0	75723
5587	215	690	130	75099	0	76134
5588	164	147	134	75350	0	75795
5589	99	75442	165	1427	0	77133
5590	180	693	128	81148	0	82149
5591	184	789	107	91286	0	92366
5592	94289	165	123	2049	0	96626
5593	1405	117	115	97689	0	99326
5594	1374	175	99567	1555	0	102671
5595	97520	116	1443	1555	0	100634
5596	100403	112	1470	411	0	102396
5597	2847	100477	270	469	0	104063
5598	102039	1493	205	296	0	104033
5599	102839	1543	177	330	0	104889
5600	3197	235	180	101524	0	105136
5601	1908	171	226	103662	0	105967
5602	565	147	187	106493	0	107392
5603	104514	166	182	3380	0	108242
5604	105367	156	195	1975	0	107693
5605	3418	220	103838	442	0	107918
5606	103783	176	1625	414	0	105998
5607	104367	194	1681	404	0	106646
5608	105435	177	296	415	0	106323
5609	3545	200	101567	418	0	105730
5610	2132	206	102689	392	0	105419
5611	663	118	3196	102479	0	106456
5612	579	184	106827	1940	0	109530
5613	559	138	1956	104893	0	107546
5614	811	214	1950	93391	0	96366
5615	546	105873	502	3199	0	110120
5616	106013	1669	469	1945	0	110096
5617	2198	1817	107493	564	0	112072
5618	109555	341	1976	527	0	112399
5619	2522	320	1996	110525	0	115363
5620	109674	250	487	2290	0	112701
5621	2481	107281	404	2312	0	112478
5622	2390	111262	377	872	0	114901
5623	914	3683	348	109836	0	114781
5624	826	2038	322	112161	0	115347
5625	806	469	110042	4166	0	115483
5626	887	316	2100	111090	0	114393
5627	107148	242	2097	2638	0	112125
5628	2536	107974	590	2532	0	113632
5629	2574	1998	107848	775	0	113195
5630	1075	2061	2205	107056	0	112397
5631	863	450	110086	2391	0	113790
5632	835	349	2435	108534	0	112153
5633	681	331	110494	2673	0	114179
5634	630	355	107535	2526	0	111046
5635	717	399	4011	105816	0	110943
5636	107336	291	2470	2530	0	112627
5637	107243	330	747	2418	0	110738
5638	106411	339	592	866	0	108208
5639	4226	104017	566	864	0	109673
5640	105994	2014	503	770	0	109281
5641	104293	2062	508	781	0	107644
5642	4289	528	101696	785	0	107298
5643	2552	101013	2152	927	0	106644
5644	1124	2200	2132	99578	0	105034
5645	100156	2030	585	2450	0	105221
5646	2444	100724	573	2514	0	106255
5647	104386	2154	589	979	0	108108
5648	104039	2064	531	897	0	107531
5649	104703	583	573	860	0	106719
5650	103992	537	574	817	0	105920
5651	4426	439	589	100049	0	105503
5652	101484	414	610	2558	0	105066
5653	2745	433	648	99588	0	103414
5654	2414	97286	681	2682	0	103063
5655	1065	1894	646	99869	0	103474
5656	98198	1810	650	2645	0	103303
5657	2638	481	98307	2416	0	103842
5658	2710	335	2148	98202	0	103395
5659	97456	349	2088	2406	0	102299
5660	2756	97165	680	2347	0	102948
5661	99287	1944	603	885	0	102719
5662	99435	1941	620	770	0	102766
5663	4173	99876	611	798	0	105458
5664	99924	1987	583	711	0	103205
5665	2800	1966	94825	628	0	100219
5666	2531	613	93726	672	0	97542
5667	90473	525	3375	762	0	95135
5668	2716	587	94485	680	0	98468
5669	2652	549	1857	85458	0	90516
5670	1248	89493	1816	1767	0	94324
5671	90287	1782	551	1779	0	94399
5672	2467	90109	488	722	0	93786
5673	2442	89128	508	742	0	92820
5674	1294	3088	514	92530	0	97426
5675	1012	1744	472	93667	0	96895
5676	970	552	423	94272	0	96217
5677	957	450	432	94469	0	96308
5678	888	497	90661	3460	0	95506
5679	847	426	1727	89537	0	92537
5680	904	459	1664	90275	0	93302
5681	88348	467	539	3251	0	92605
5682	2194	472	489	89400	0	92555
5683	2090	472	86623	2068	0	91253
5684	82382	430	1693	1946	0	86451
5685	2345	481	1614	85963	0	90403
5686	2099	484	87570	1818	0	91971
5687	1068	657	1774	84638	0	88137
5688	908	87480	1722	1725	0	91835
5689	86452	1532	668	1717	0	90369
5690	1993	1348	82906	518	0	86765
5691	1259	71404	1109	391	0	74163
5692	67681	897	1123	304	0	70005
5693	918	65305	347	301	0	66871
5694	756	62275	219	252	0	63502
5695	60991	1086	447	249	0	62773
5696	707	60334	215	255	0	61511
5697	627	60331	180	258	0	61396
5698	627	1125	371	58773	0	60896
5699	308	523	58833	653	0	60317
5700	256	60114	526	614	0	61510
5701	292	621	468	58325	0	59706
5702	224	58954	177	550	0	59905
5703	57340	446	126	535	0	58447
5704	574	453	57762	266	0	59055
5705	487	207	427	57591	0	58712
5706	59452	124	373	626	0	60575
5707	531	126	125	60572	0	61354
5708	512	159	60133	582	0	61386
5709	56027	114	468	565	0	57174
5710	60330	126	433	257	0	61146
5711	825	62494	158	213	0	63690
5712	484	464	132	61661	0	62741
5713	250	379	121	62883	0	63633
5714	63106	157	132	754	0	64149
5715	61913	155	130	442	0	62640
5716	857	183	63299	171	0	64510
5717	436	61632	419	161	0	62648
5718	61331	304	294	109	0	62038
5719	361	317	84	61173	0	61935
5720	308	134	62475	330	0	63247
5721	105	96	60380	311	0	60892
5722	142	450	460	59933	0	60985
5723	61024	52	272	274	0	61622
5724	212	60473	65	291	0	61041
5725	65275	212	42	252	0	65781
5726	255	229	48	65762	0	66294
5727	243	54	40	66540	0	66877
5728	97	51	44	67236	0	67428
5729	66364	57	30	482	0	66933
5730	205	67605	61	360	0	68231
5731	231	199	40	68663	0	69133
5732	76	198	33	68589	0	68896
5733	81	105	68663	375	0	69224
5734	68	29	201	67298	0	67596
5735	65	97	69570	276	0	70008
5736	53	68063	218	277	0	68611
5737	54	202	186	68976	0	69418
5738	67357	172	52	226	0	67807
5739	218	74	67892	173	0	68357
5740	180	42	187	67541	0	67950
5741	77	64	67892	209	0	68242
5742	62079	42	222	271	0	62614
5743	212	101	68491	102	0	68906
5744	207	62	206	64900	0	65375
5745	66772	27	176	254	0	67229
5746	278	57719	124	269	0	58390
5747	63826	184	35	123	0	64168
5748	257	59987	81	72	0	60397
5749	216	225	56	64969	0	65466
5750	87	217	64424	234	0	64962
5751	76	106	63943	221	0	64346
5752	66	42	359	64394	0	64861
5753	66600	32	204	319	0	67155
5754	66114	51	85	258	0	66508
5755	407	40	35	66667	0	67149
5756	250	45	38	68178	0	68511
5757	65347	41	31	454	0	65873
5758	224	64171	50	312	0	64757
5759	227	67884	47	155	0	68313
5760	67425	390	53	119	0	67987
5761	302	281	66259	102	0	66944
5762	329	70	256	64288	0	64943
5763	116	106	64975	321	0	65518
5764	87	51	250	64636	0	65024
5765	124	58	66246	339	0	66767
5766	109	111	65849	316	0	66385
5767	129	63	507	65331	0	66030
5768	93	63635	336	313	0	64377
5769	67029	273	118	295	0	67715
5770	311	66789	92	148	0	67340
5771	329	309	80	66412	0	67130
5772	66895	264	91	375	0	67625
5773	364	96	103	68065	0	68628
5774	67436	68	98	518	0	68120
5775	67531	64	77	403	0	68075
5776	68174	85	81	206	0	68546
5777	618	67151	113	177	0	68059
5778	69927	317	86	185	0	70515
5779	414	521	84	73562	0	74581
5780	76300	101	103	631	0	77135
5781	583	81	104	79487	0	80255
5782	79017	78	102	863	0	80060
5783	80678	76	83	763	0	81600
5784	1235	80014	115	324	0	81688
5785	726	685	108	87378	0	88897
5786	266	652	95	86533	0	87546
5787	157	89361	155	1667	0	91340
5788	205	953	98	91743	0	92999
5789	90112	943	143	1280	0	92478
5790	93711	205	114	1169	0	95199
5791	92756	101	152	382	0	93391
5792	2088	142	95007	271	0	97508
5793	97856	97	1036	311	0	99300
5794	102210	108	1060	269	0	103647
5795	103972	84	224	328	0	104608
5796	2342	101362	185	325	0	104214
5797	1445	1178	111	103149	0	105883
5798	429	1180	109	105766	0	107484
5799	355	227	120	106294	0	106996
5800	300	202	101603	2502	0	104607
5801	309	135	1140	104301	0	105885
5802	103741	124	1273	1599	0	106737
5803	1454	102	260	106205	0	108021
5804	1515	150	164	108919	0	110748
5805	535	164	106670	2714	0	110083
5806	339	105339	1401	1736	0	108815
5807	108146	1340	1323	597	0	111406
5808	1592	1311	260	107981	0	111144
5809	108396	238	177	1647	0	110458
5810	1693	249	106659	1510	0	110111
5811	101266	139	1367	596	0	103368
5812	1674	107949	1365	570	0	111558
5813	1608	1340	107125	395	0	110468
5814	472	1326	108319	328	0	110445
5815	449	406	2556	102203	0	105614
5816	396	255	110594	1468	0	112713
5817	364	109104	1431	1559	0	112458
5818	398	1329	1297	107282	0	110306
5819	357	1285	352	110739	0	112733
5820	311	310	227	111673	0	112521
5821	108036	191	151	2776	0	111154
5822	1411	108673	179	1833	0	112096
5823	1548	1309	166	110077	0	113100
5824	506	1294	223	111597	0	113620
5825	107040	299	166	2716	0	110221
5826	1481	107166	199	1867	0	110713
5827	109267	1340	209	691	0	111507
5828	107830	1340	212	604	0	109986
5829	107944	360	181	626	0	109111
5830	3021	244	104706	530	0	108501
5831	2002	279	1277	101329	0	104887
5832	752	104201	1389	1611	0	107953
5833	603	106789	419	1707	0	109518
5834	674	2585	253	101654	0	105166
5835	556	106452	266	1664	0	108938
5836	109170	1628	229	1850	0	112877
5837	1718	1525	108250	771	0	112264
5838	106836	418	1392	810	0	109456
5839	111074	313	1423	773	0	113583
5840	3019	351	459	111325	0	115154
5841	112620	337	344	1897	0	115198
5842	2075	116473	312	1946	0	120806
5843	119677	1535	341	926	0	122479
5844	119566	1554	352	813	0	122285
5845	128862	574	388	801	0	130625
5846	3688	481	127711	742	0	132622
5847	2640	481	129118	754	0	132993
5848	1208	363	3379	127578	0	132528
5849	988	127737	2168	2237	0	133130
5850	859	131669	734	2441	0	135703
5851	881	3420	508	129599	0	134408
5852	129905	2298	439	2575	0	135217
5853	2261	680	529	131023	0	134493
5854	2353	505	464	131715	0	135037
5855	129266	449	426	4185	0	134326
5856	2340	128532	539	3063	0	134474
5857	2472	1945	128321	1351	0	134089
5858	1195	1993	127661	1063	0	131912
5859	129365	745	3503	1019	0	134632
5860	2392	614	2258	128465	0	133729
5861	2401	542	131518	2354	0	136815
5862	1093	526	2014	129698	0	133331
5863	984	466	2102	131386	0	134938
5864	854	497	785	134667	0	136803
5865	958	573	549	131548	0	133628
5866	796	128009	650	4134	0	133589
5867	777	1963	645	130537	0	133922
5868	128277	2035	609	2772	0	133693
5869	2225	127600	688	2871	0	133384
5870	131274	2138	572	1279	0	135263
5871	131849	2120	577	1140	0	135686
5872	133688	780	573	1140	0	136181
5873	4099	733	128303	1019	0	134154
5874	129488	558	1982	1141	0	133169
5875	132379	624	2060	876	0	135939
5876	132200	614	629	920	0	134363
5877	132054	467	493	952	0	133966
5878	4254	128382	518	945	0	134099
5879	125586	1922	386	817	0	128711
5880	2504	1937	122268	728	0	127437
5881	2262	597	1472	118168	0	122499
5882	1200	439	1545	120567	0	123751
5883	121636	365	517	2949	0	125467
5884	2065	120198	372	2190	0	124825
5885	116557	1402	252	740	0	118951
5886	1783	116627	338	530	0	119278
5887	114272	1339	201	462	0	116274
5888	112762	1256	175	395	0	114588
5889	2481	123381	221	420	0	126503
5890	123825	1488	225	357	0	125895
5891	125656	1441	326	359	0	127782
5892	3076	117831	309	356	0	121572
5893	1770	121033	291	338	0	123432
5894	124877	2722	656	362	0	128617
5895	2246	1708	202	125360	0	129516
5896	127667	508	142	1906	0	130223
5897	129444	307	143	1804	0	131698
5898	131895	245	123	583	0	132846
5899	131094	228	164	456	0	131942
5900	3862	126083	274	443	0	130662
5901	2166	128522	203	398	0	131289
5902	128983	3171	213	403	0	132770
5903	2122	2003	128348	225	0	132698
5904	2039	675	1792	123694	0	128200
5905	668	262	1728	128652	0	131310
5906	127281	250	374	3370	0	131275
5907	1862	126716	244	2284	0	131106
5908	2071	1792	191	126607	0	130661
5909	757	1813	152	130720	0	133442
5910	129565	488	178	3740	0	133971
5911	2149	372	167	131447	0	134135
5912	130715	308	193	2457	0	133673
5913	130191	370	220	2168	0	132949
5914	131255	346	185	794	0	132580
5915	4338	302	219	128505	0	133364
5916	2738	301	177	129481	0	132697
5917	1135	338	140154	3907	0	145534
5918	902	353	138277	2525	0	142057
5919	139119	306	4725	781	0	144931
5920	3085	536	2866	143819	0	150306
5921	3192	325	152093	2871	0	158481
5922	1185	349	153257	2940	0	157731
5923	929	314	5732	151955	0	158930
5924	982	408	154577	3270	0	159237
5925	831	422	3443	152417	0	157113
5926	937	324	3239	153391	0	157891
5927	836	375	153560	6125	0	160896
5928	904	334	3178	155699	0	160115
5929	929	324	3142	154888	0	159283
5930	1053	316	784	160651	0	162804
5931	934	451	154948	6660	0	162993
5932	1073	405	3020	160105	0	164603
5933	157622	390	3175	4190	0	165377
5934	3692	157812	892	4042	0	166438
5935	162268	3140	535	1456	0	167399
5936	4258	3410	157076	987	0	165731
5937	160469	819	3329	831	0	165448
5938	161222	519	3451	939	0	166131
5939	162016	513	958	905	0	164392
5940	7314	515	655	156088	0	164572
5941	4861	466	667	158717	0	164711
5942	1732	418	147791	6737	0	156678
5943	140312	335	3249	4320	0	148216
5944	3998	143980	3507	1552	0	153037
5945	3465	136104	909	1097	0	141575
5946	1192	140475	714	1009	0	143390
5947	1530	5694	778	132354	0	140356
5948	131997	3249	596	3433	0	139275
5949	133114	738	663	3558	0	138073
5950	5873	543	129782	1425	0	137623
5951	3809	465	3023	129106	0	136403
5952	1361	478	3086	131452	0	136377
5953	1137	525	129112	6030	0	136804
5954	979	540	127620	3938	0	133077
5955	125434	351	5555	1591	0	132931
5956	3320	127530	3539	1337	0	135726
5957	130840	2715	1060	1230	0	135845
5958	130113	2909	790	1160	0	134972
5959	6262	708	707	126674	0	134351
5960	4013	436	751	129674	0	134874
5961	125668	367	739	6155	0	132929
5962	3744	401	769	127725	0	132639
5963	3807	401	840	127457	0	132505
5964	125670	386	873	6250	0	133179
5965	3808	396	750	127838	0	132792
5966	128478	414	793	4169	0	133854
5967	128442	342	869	4004	0	133657
5968	6164	413	125210	1702	0	133489
5969	127665	391	3282	1630	0	132968
5970	127271	361	3466	1498	0	132596
5971	128643	327	1290	1485	0	131745
5972	6441	468	107547	1552	0	116008
5973	121991	341	2775	1561	0	126668
5974	3875	119382	3101	1507	0	127865
5975	123723	2616	1121	1574	0	129034
5976	123439	2787	934	1559	0	128719
5977	6315	613	904	121142	0	128974
5978	4229	414	893	120858	0	126394
5979	1882	121410	787	6196	0	130275
5980	1693	2821	752	124577	0	129843
5981	1578	2959	782	125624	0	130943
5982	122624	791	799	6381	0	130595
5983	4077	497	713	123301	0	128588
5984	4193	508	632	122722	0	128055
5985	2096	467	657	121774	0	124994
5986	1583	116167	804	6617	0	125171
5987	114133	2677	765	4332	0	121907
5988	3797	116221	855	1964	0	122837
5989	104606	2662	671	1356	0	109295
5990	3596	2615	99806	1241	0	107258
5991	97062	703	2368	1229	0	101362
5992	3348	598	98398	1143	0	103487
5993	3231	93923	2686	1210	0	101050
5994	89808	2186	3518	1020	0	96532
5995	87690	2187	1119	935	0	91931
5996	4292	84789	625	918	0	90624
5997	2940	85460	557	882	0	89839
5998	84133	3502	728	901	0	89264
5999	85272	2225	461	819	0	88777
6000	4254	660	453	83613	0	88980
6001	3056	530	405	86078	0	90069
6002	1378	519	83304	3909	0	89110
6003	81182	467	1779	2698	0	86126
6004	2706	407	1953	81285	0	86351
6005	2607	81931	646	2377	0	87561
6006	1226	1779	377	82904	0	86286
6007	1144	1914	264	82560	0	85882
6008	972	662	79544	3917	0	85095
6009	1073	581	1617	80898	0	84169
6010	78055	453	1819	2526	0	82853
6011	2223	76522	545	2508	0	81798
6012	2248	76833	418	1038	0	80537
6013	76516	3043	435	805	0	80799
6014	77603	1951	415	739	0	80708
6015	77210	623	342	659	0	78834
6016	3843	73477	445	651	0	78416
6017	1568	62727	220	439	0	64954
6018	64914	1934	368	335	0	67551
6019	64815	1248	354	371	0	66788
6020	2408	61885	240	329	0	64862
6021	860	53818	97	207	0	54982
6022	52945	1262	236	213	0	54656
6023	907	760	79	52454	0	54200
6024	54616	200	60	762	0	55638
6025	896	180	63	53833	0	54972
6026	886	55097	61	781	0	56825
6027	306	55350	84	811	0	56551
6028	56258	1481	188	277	0	58204
6029	56778	833	138	195	0	57944
6030	58091	236	81	189	0	58597
6031	1707	56244	75	171	0	58197
6032	948	778	52675	102	0	54503
6033	199	53549	680	113	0	54541
6034	51008	863	902	123	0	52896
6035	48317	758	133	147	0	49355
6036	1340	168	49091	56	0	50655
6037	718	48150	638	119	0	49625
6038	250	698	701	48280	0	49929
6039	220	695	116	46324	0	47355
6040	174	44706	98	1253	0	46231
6041	176	721	46898	626	0	48421
6042	47591	696	632	161	0	49080
6043	775	198	615	48678	0	50266
6044	49374	146	95	703	0	50318
6045	49796	132	84	734	0	50746
6046	1371	136	85	51827	0	53419
6047	833	151	89	53998	0	55071
6048	278	141	69	55419	0	55907
6049	241	124	62	55811	0	56238
6050	53966	147	77	1691	0	55881
6051	54473	133	77	998	0	55681
6052	1697	174	54589	249	0	56709
6053	1074	138	775	54785	0	56772
6054	339	144	822	55814	0	57119
6055	286	127	144	56786	0	57343
6056	272	158	54749	1730	0	56909
6057	280	138	814	54815	0	56047
6058	53992	126	872	1041	0	56031
6059	979	138	158	54992	0	56267
6060	1018	166	54164	1033	0	56381
6061	333	152	806	54778	0	56069
6062	268	166	55134	1042	0	56610
6063	55298	138	883	1091	0	57410
6064	997	152	888	56159	0	58196
6065	57077	125	228	1017	0	58447
6066	56281	141	142	1083	0	57647
6067	1798	141	133	56316	0	58388
6068	58074	134	108	1148	0	59464
6069	1141	153	121	56965	0	58380
6070	1160	60333	142	1042	0	62677
6071	62408	893	124	1091	0	64516
6072	62676	990	121	357	0	64144
6073	63857	194	126	335	0	64512
6074	2088	166	101	62538	0	64893
6075	1295	139	116	63167	0	64717
6076	420	143	118	64264	0	64945
6077	413	170	61212	2144	0	63939
6078	336	60447	944	1383	0	63110
6079	360	933	961	59329	0	61583
6080	312	1008	58953	1113	0	61386
6081	57702	175	936	1213	0	60026
6082	1128	118	995	58951	0	61192
6083	1173	125	58477	1172	0	60947
6084	59784	130	908	1339	0	62161
6085	1132	115	972	61775	0	63994
6086	1190	103	213	62583	0	64089
6087	412	79	151	63765	0	64407
6088	62384	95	148	2138	0	64765
6089	63300	109	172	1338	0	64919
6090	63331	104	191	466	0	64092
6091	1981	60613	168	446	0	63208
6092	1186	61799	171	397	0	63553
6093	61872	1606	148	387	0	64013
6094	1121	971	61549	382	0	64023
6095	1199	212	831	60913	0	63155
6096	440	125	968	62309	0	63842
6097	61438	105	201	1934	0	63678
6098	60477	101	130	1265	0	61973
6099	1863	60795	182	483	0	63323
6100	1223	810	152	61070	0	63255
6101	418	936	60321	1121	0	62796
6102	398	159	61291	1235	0	63083
6103	427	118	1691	61633	0	63869
6104	350	111	1027	63484	0	64972
6105	62367	122	250	2054	0	64793
6106	1105	103	172	64584	0	65964
6107	67204	96	207	1367	0	68874
6108	66725	93	215	1298	0	68331
6109	1909	125	67777	500	0	70311
6110	67732	90	852	548	0	69222
6111	68538	88	991	465	0	70082
6112	69191	91	226	517	0	70025
6113	1871	67883	246	525	0	70525
6114	1163	68449	199	474	0	70285
6115	505	1718	188	67853	0	70264
6116	440	942	67487	1074	0	69943
6117	365	66021	764	1135	0	68285
6118	547	786	825	63013	0	65171
6119	402	699	193	61815	0	63109
6120	334	62647	173	1322	0	64476
6121	63018	570	157	913	0	64658
6122	63204	711	142	410	0	64467
6123	1436	183	64259	333	0	66211
6124	62311	107	589	385	0	63392
6125	781	138	63107	337	0	64363
6126	57595	128	591	369	0	58683
6127	739	158	62245	284	0	63426
6128	714	62490	517	276	0	63997
6129	543	386	782	61354	0	63065
6130	303	438	195	62359	0	63295
6131	62620	93	127	970	0	63810
6132	62783	60	119	691	0	63653
6133	62264	87	120	338	0	62809
6134	982	128	63289	280	0	64679
6135	708	90	426	62902	0	64126
6136	303	92	524	64797	0	65716
6137	64784	81	138	943	0	65946
6138	556	64754	144	684	0	66138
6139	68320	420	108	452	0	69300
6140	637	494	115	69238	0	70484
6141	733	142	108	71109	0	72092
6142	327	117	104	71640	0	72188
6143	261	121	113	72235	0	72730
6144	252	193	106	71936	0	72487
6145	249	70148	127	1123	0	71647
6146	207	68422	99	525	0	69253
6147	172	67934	110	172	0	68388
6148	185	563	83	68027	0	68858
6149	192	338	66911	326	0	67767
6150	59811	81	308	452	0	60652
6151	362	69829	342	167	0	70700
6152	421	272	99	70392	0	71184
6153	164	310	84	70874	0	71432
6154	71276	70	89	680	0	72115
6155	70301	64	75	475	0	70915
6156	70558	74	53	204	0	70889
6157	758	76	55	74027	0	74916
6158	555	88	74778	397	0	75818
6159	203	102	77093	466	0	77864
6160	166	70	716	77958	0	78910
6161	166	104	79408	474	0	80152
6162	74881	70	453	565	0	75969
6163	501	71	432	78376	0	79380
6164	529	105	78869	448	0	79951
6165	207	76	372	77493	0	78148
6166	200	99	81656	512	0	82467
6167	162	120	84586	497	0	85365
6168	264	201	815	88059	0	89339
6169	144	96	93214	592	0	94046
6170	145	147	90316	571	0	91179
6171	92	81332	1206	241	0	82871
6172	336	721	713	89365	0	91135
6173	93134	558	179	817	0	94688
6174	663	112	70	93463	0	94308
6175	648	76	62	96575	0	97361
6176	176	81	94933	1241	0	96431
6177	80825	67	704	957	0	82553
6178	642	40	605	97287	0	98574
6179	664	60	153	99228	0	100105
6180	96635	41	86	1366	0	98128
6181	657	63	84	99812	0	100616
6182	99080	46	94	940	0	100160
6183	99723	45	81	754	0	100603
6184	99584	36	75	354	0	100049
6185	1294	96335	112	240	0	97981
6186	99374	587	85	233	0	100279
6187	739	98515	115	189	0	99558
6188	717	697	102	99194	0	100710
6189	100199	625	85	764	0	101673
6190	685	99738	132	804	0	101359
6191	101148	678	92	288	0	102206
6192	763	100238	128	263	0	101392
6193	98659	759	107	227	0	99752
6194	790	98434	139	192	0	99555
6195	749	100544	121	241	0	101655
6196	262	105346	114	198	0	105920
6197	197	1423	75	101016	0	102711
6198	130	107062	114	779	0	108085
6199	201	932	91	106455	0	107679
6200	172	848	90	108126	0	109236
6201	213	220	75	109077	0	109585
6202	172	135	104	109193	0	109604
6203	105706	85	110	1650	0	107551
6204	108343	133	88	1052	0	109616
6205	1691	212	106631	295	0	108829
6206	109580	122	808	417	0	110927
6207	116142	105	857	354	0	117458
6208	119129	136	223	321	0	119809
6209	2230	190	114435	222	0	117077
6210	1367	211	114206	222	0	116006
6211	109150	160	2173	353	0	111836
6212	1373	168	119542	268	0	121351
6213	1332	121802	1294	376	0	124804
6214	421	1235	1217	123563	0	126436
6215	126576	1257	282	1466	0	129581
6216	127319	260	185	1464	0	129228
6217	128508	181	203	434	0	129326
6218	2753	148	203	125784	0	128888
6219	1632	162	208	129059	0	131061
6220	500	256	129483	2676	0	132915
6221	437	155	1334	129950	0	131876
6222	419	186	1389	133265	0	135259
6223	131293	154	298	2846	0	134591
6224	1550	132031	277	1755	0	135613
6225	135050	1380	179	578	0	137187
6226	1778	1523	225	133971	0	137497
6227	132715	307	206	1738	0	134966
6228	130533	199	240	1767	0	132739
6229	126731	198	295	591	0	127815
6230	2898	126725	256	477	0	130356
6231	1719	129665	254	461	0	132099
6232	627	2680	258	129662	0	133227
6233	130452	1581	245	1690	0	133968
6234	1693	381	266	129461	0	131801
6235	1806	263	219	130570	0	132858
6236	657	374	129204	2998	0	133233
6237	579	276	1388	129535	0	131778
6238	529	294	1437	131184	0	133444
6239	552	256	316	131378	0	132502
6240	542	287	128206	3193	0	132228
6241	559	298	125275	2099	0	128231
6242	512	126213	2693	790	0	130208
6243	126743	1408	1554	595	0	130300
6244	1761	1486	367	127205	0	130819
6245	1847	405	126833	1700	0	130785
6246	781	224	1459	125908	0	128372
6247	707	257	1493	133401	0	135858
6248	131797	240	383	3079	0	135499
6249	132547	268	317	1923	0	135055
6250	3012	132077	385	669	0	136143
6251	132195	1458	347	580	0	134580
6252	130911	1497	311	502	0	133221
6253	3000	460	278	130203	0	133941
6254	1915	438	129859	1751	0	133963
6255	715	130468	1451	1852	0	134486
6256	131385	1455	1459	812	0	135111
6257	134333	1448	341	643	0	136765
6258	3008	137763	278	714	0	141763
6259	2026	1517	255	140311	0	144109
6260	145448	1588	263	2270	0	149569
6261	146332	328	315	2208	0	149183
6262	3670	266	319	146982	0	151237
6263	150505	263	345	2281	0	153394
6264	156304	296	295	2217	0	159112
6265	159512	330	318	736	0	160896
6266	4426	372	159663	613	0	165074
6267	2579	156892	1998	703	0	162172
6268	824	158051	2030	617	0	161522
6269	152490	3657	519	631	0	157297
6270	2354	154695	297	536	0	157882
6271	2535	2217	153280	481	0	158513
6272	923	2214	1952	152111	0	157200
6273	152195	401	2157	2320	0	157073
6274	2443	346	361	153445	0	156595
6275	153819	329	292	2567	0	157007
6276	153157	322	273	2560	0	156312
6277	153862	352	307	777	0	155298
6278	4369	148392	367	720	0	153848
6279	2604	155832	382	653	0	159471
6280	155674	3922	313	709	0	160618
6281	155155	2312	315	700	0	158482
6282	157921	435	248	614	0	159218
6283	4674	426	249	153547	0	158896
6284	153882	336	250	2434	0	156902
6285	2601	150040	353	2599	0	155593
6286	2707	155016	268	786	0	158777
6287	1014	3999	196	153194	0	158403
6288	896	2351	151190	2361	0	156798
6289	899	595	150096	2366	0	153956
6290	922	421	3928	149656	0	154927
6291	940	457	152784	2317	0	156498
6292	918	507	2132	152102	0	155659
6293	152033	490	2178	2465	0	157166
6294	2666	477	419	153302	0	156864
6295	152030	448	369	2503	0	155350
6296	2654	146870	452	2513	0	152489
6297	2762	2222	147005	736	0	152725
6298	1014	2279	2177	142655	0	148125
6299	974	585	2141	147301	0	151001
6300	962	555	147372	4301	0	153190
6301	1084	497	2081	143282	0	146944
6302	963	149351	2279	2455	0	155048
6303	1121	2267	426	152841	0	156655
6304	1114	2342	346	153583	0	157385
6305	1102	532	308	160130	0	162072
6306	1060	443	156112	4813	0	162428
6307	856	432	146617	2570	0	150475
6308	133823	327	4243	920	0	139313
6309	2668	453	144694	550	0	148365
6310	2401	143070	2375	572	0	148418
6311	143308	2215	2261	575	0	148359
6312	2492	144990	539	603	0	148624
6313	141632	2283	622	624	0	145161
6314	140392	2024	875	579	0	143870
6315	140626	477	399	613	0	142115
6316	140220	435	359	582	0	141596
6317	4255	135534	386	767	0	140942
6318	2562	137840	325	588	0	141315
6319	138188	3725	358	534	0	142805
6320	2643	2279	135072	467	0	140461
6321	2483	686	2062	132300	0	137531
6322	967	461	2015	136755	0	140198
6323	816	470	135381	3877	0	140544
6324	125417	425	2143	2422	0	130407
6325	135585	440	2010	813	0	138848
6326	135769	465	548	694	0	137476
6327	4313	132365	479	660	0	137817
6328	139396	2196	497	708	0	142797
6329	2775	2156	539	132141	0	137611
6330	2513	143924	587	2279	0	149303
6331	146844	2480	549	2320	0	152193
6332	148699	2428	541	813	0	152481
6333	156558	755	474	705	0	158492
6334	5484	608	454	151787	0	158333
6335	3567	551	358	152044	0	156520
6336	1273	148212	443	5079	0	155007
6337	1079	2759	150375	3022	0	157235
6338	1222	2631	2596	149134	0	155583
6339	1217	798	2615	149788	0	154418
6340	1121	526	731	156298	0	158676
6341	998	569	151417	5400	0	158384
6342	146042	500	2790	3382	0	152714
6343	3204	577	2664	153945	0	160390
6344	3145	677	155052	3163	0	162037
6345	1322	482	2889	156018	0	160711
6346	156496	425	2827	3461	0	163209
6347	3318	153648	886	3311	0	161163
6348	3331	2910	599	156043	0	162883
6349	1158	2998	155698	3338	0	163192
6350	147069	926	3116	3256	0	154367
6351	155251	522	3013	1216	0	160002
6352	5899	576	154291	1041	0	161807
6353	3834	930	3061	139776	0	147601
6354	1261	152067	3084	2953	0	159365
6355	153533	3000	1001	3068	0	160602
6356	3613	2904	150707	1185	0	158409
6357	146739	756	3174	1196	0	151865
6358	4097	494	144497	903	0	149991
6359	3402	445	136389	836	0	141072
6360	128767	457	4958	847	0	135029
6361	2884	133071	2938	1024	0	139917
6362	3157	2523	131547	805	0	138032
6363	1154	129262	2776	872	0	134064
6364	1400	2559	124729	794	0	129482
6365	705	123515	2510	776	0	127506
6366	114734	2334	2710	760	0	120538
6367	2278	1885	113163	604	0	117930
6368	2245	627	113041	532	0	116445
6369	913	517	112165	544	0	114139
6370	106270	461	3835	528	0	111094
6371	108779	324	2214	504	0	111821
6372	3373	311	811	106406	0	110901
6373	2141	371	110525	1899	0	114936
6374	861	335	111738	1842	0	114776
6375	109385	305	3429	638	0	113757
6376	2185	281	2205	112026	0	116697
6377	112935	288	867	1858	0	115948
6378	113180	259	710	1804	0	115953
6379	3636	353	571	106167	0	110727
6380	2385	106839	574	1851	0	111649
6381	1066	1762	634	108478	0	111940
6382	793	1666	627	109406	0	112492
6383	775	718	107798	3259	0	112550
6384	720	105842	2126	2177	0	110865
6385	744	108440	1944	819	0	111947
6386	733	3190	827	103382	0	108132
6387	606	2041	106277	1847	0	110771
6388	574	106238	2181	1906	0	110899
6389	611	1948	107548	721	0	110828
6390	103263	1758	2442	648	0	108111
6391	107746	611	2163	628	0	111148
6392	3485	446	106424	561	0	110916
6393	106231	381	2313	504	0	109429
6394	2430	430	2150	105210	0	110220
6395	2191	109777	1031	1891	0	114890
6396	1127	1828	744	111827	0	115526
6397	109719	1661	785	2174	0	114339
6398	110788	592	721	1995	0	114096
6399	111330	436	713	775	0	113254
6400	108411	345	633	609	0	109998
6401	3681	105519	680	685	0	110565
6402	2137	104047	621	631	0	107436
6403	103061	2787	661	559	0	107068
6404	2128	1829	103584	597	0	108138
6405	1867	2607	1759	97284	0	103517
6406	736	104208	1764	1557	0	108265
6407	687	1619	729	101337	0	104372
6408	511	107312	608	1715	0	110146
6409	546	1930	573	106820	0	109869
6410	549	1911	106366	1787	0	110613
6411	102884	616	1880	1910	0	107290
6412	106963	446	1972	642	0	110023
6413	3279	460	106276	372	0	110387
6414	105244	437	1913	458	0	108052
6415	107137	409	1972	433	0	109951
6416	3424	477	105304	361	0	109566
6417	2394	341	1879	101598	0	106212
6418	104387	308	2025	1725	0	108445
6419	2137	334	104460	1845	0	108776
6420	2149	418	1854	100180	0	104601
6421	946	376	107401	1738	0	110461
6422	807	381	105786	1769	0	108743
6423	102669	391	3423	711	0	107194
6424	108267	330	2113	490	0	111200
6425	109717	306	693	442	0	111158
6426	112854	360	544	446	0	114204
6427	3799	469	526	106218	0	111012
6428	2397	103276	488	1653	0	107814
6429	896	105664	541	1860	0	108961
6430	618	2842	386	97327	0	101173
6431	97057	1487	433	1442	0	100419
6432	1674	95420	333	1482	0	98909
6433	1404	93431	287	404	0	95526
6434	92982	2260	257	300	0	95799
6435	1543	1467	243	91790	0	95043
6436	93950	293	270	1351	0	95864
6437	1550	92644	233	1448	0	95875
6438	95905	1275	176	391	0	97747
6439	1665	1365	98421	240	0	101691
6440	106795	397	1525	353	0	109070
6441	110366	246	1469	342	0	112423
6442	112563	321	376	298	0	113558
6443	3556	398	97599	322	0	101875
6444	106976	236	1229	302	0	108743
6445	1901	107201	1421	370	0	110893
6446	1811	1553	106586	186	0	110136
6447	832	1948	1642	101607	0	106029
6448	508	305	1626	100176	0	102615
6449	361	103629	390	2812	0	107192
6450	508	1446	210	105253	0	107417
6451	446	1528	230	105582	0	107786
6452	404	304	102495	2893	0	106096
6453	93824	172	1581	1974	0	97551
6454	1739	208	104892	399	0	107238
6455	1865	199	1758	101630	0	105452
6456	530	207	106069	1583	0	108389
6457	381	176	1756	104787	0	107100
6458	106826	149	1727	1818	0	110520
6459	109602	195	441	1745	0	111983
6460	3345	172	297	110249	0	114063
6461	2121	205	112492	1842	0	116660
6462	631	198	1798	112865	0	115492
6463	543	203	113239	1960	0	115945
6464	107088	234	1931	2037	0	111290
6465	112662	235	1863	571	0	115331
6466	112218	248	448	412	0	113326
6467	110357	265	266	437	0	111325
6468	3589	105991	335	502	0	110417
6469	2285	1817	286	107010	0	111398
6470	103506	1928	299	1960	0	107693
6471	1912	104976	339	2082	0	109309
6472	2065	106821	393	628	0	109907
6473	785	3273	100149	414	0	104621
6474	100005	1876	1969	370	0	104220
6475	103381	371	2019	398	0	106169
6476	3912	228	100433	361	0	104934
6477	2585	209	1973	98328	0	103095
6478	988	207	1974	102559	0	105728
6479	827	199	101512	3499	0	106037
6480	805	182	2014	101056	0	104057
6481	100062	262	2112	2158	0	104594
6482	2230	294	99079	2048	0	103651
6483	2265	257	101029	654	0	104205
6484	97632	220	3606	577	0	102035
6485	2225	336	102415	493	0	105469
6486	99721	282	2188	506	0	102697
6487	2375	99600	2053	507	0	104535
6488	102040	1818	511	534	0	104903
6489	2470	1854	416	99419	0	104159
6490	2334	446	402	101912	0	105094
6491	100472	442	321	3606	0	104841
6492	2218	410	418	101864	0	104910
6493	102032	376	351	2301	0	105060
6494	2387	101443	347	2181	0	106358
6495	2388	1925	384	97374	0	102071
6496	954	1992	350	99775	0	103071
6497	97802	496	378	3533	0	102209
6498	99364	337	352	2191	0	102244
6499	100348	279	414	698	0	101739
6500	4047	95157	368	619	0	100191
6501	2464	96257	391	478	0	99590
6502	95002	3152	374	442	0	98970
6503	2451	1828	93057	453	0	97789
6504	2214	91207	1757	462	0	95640
6505	84068	1675	2605	537	0	88885
6506	81935	1381	687	329	0	84332
6507	81832	288	291	245	0	82656
6508	3013	226	263	77492	0	80994
6509	80229	152	309	1476	0	82166
6510	79176	188	223	1460	0	81047
6511	2873	174	201	75901	0	79149
6512	78059	123	271	1484	0	79937
6513	1712	203	74299	1491	0	77705
6514	1609	239	1329	75411	0	78588
6515	550	201	1370	77296	0	79417
6516	501	126	426	79813	0	80866
6517	77608	155	279	2841	0	80883
6518	79918	149	236	1690	0	81993
6519	80955	155	265	538	0	81913
6520	80906	125	223	476	0	81730
6521	77466	128	252	433	0	78279
6522	2913	116	305	72594	0	75928
6523	1857	98	237	74534	0	76726
6524	72524	122	250	2525	0	75421
6525	1540	71158	255	1611	0	74564
6526	71710	1121	250	470	0	73551
6527	1646	1103	67688	351	0	70788
6528	73406	214	1177	342	0	75139
6529	76178	146	1180	354	0	77858
6530	2694	180	79790	325	0	82989
6531	82706	111	1532	276	0	84625
6532	1940	124	83318	335	0	85717
6533	1799	144	85267	214	0	87424
6534	814	272	2847	80910	0	84843
6535	620	214	1760	87340	0	89934
6536	635	136	87050	2825	0	90646
6537	767	177	88302	1695	0	90941
6538	338	84386	2701	549	0	87974
6539	309	81338	1540	403	0	83590
6540	69771	2050	824	200	0	72845
6541	1094	75887	245	214	0	77440
6542	74072	1127	289	170	0	75658
6543	1135	73591	155	227	0	75108
6544	73024	1090	152	169	0	74435
6545	1211	989	69910	123	0	72233
6546	70336	229	1023	118	0	71706
6547	1235	182	952	69564	0	71933
6548	1056	71568	246	938	0	73808
6549	405	941	142	72543	0	74031
6550	71906	924	114	1101	0	74045
6551	72810	227	85	989	0	74111
6552	2033	200	76	70796	0	73105
6553	1155	118	70094	1009	0	72376
6554	418	82	69664	958	0	71122
6555	233	70975	1768	281	0	73257
6556	321	1390	1070	69476	0	72257
6557	210	892	69580	925	0	71607
6558	134	63840	888	831	0	65693
6559	432	1010	977	64330	0	66749
6560	142	729	207	65265	0	66343
6561	61993	190	106	1453	0	63742
6562	809	109	89	62105	0	63112
6563	797	86	60975	904	0	62762
6564	259	115	751	60750	0	61875
6565	57456	81	726	958	0	59221
6566	812	86	59775	803	0	61476
6567	57339	70	776	290	0	58475
6568	922	60258	755	211	0	62146
6569	62178	721	239	167	0	63305
6570	62297	708	172	142	0	63319
6571	1550	198	136	59474	0	61358
6572	956	106	127	61147	0	62336
6573	299	59953	139	1472	0	61863
6574	227	771	104	62031	0	63133
6575	59034	747	106	1011	0	60898
6576	817	238	60038	804	0	61897
6577	833	162	746	59216	0	60957
6578	286	59846	737	808	0	61677
6579	241	750	206	61225	0	62422
6580	192	761	141	61672	0	62766
6581	59617	236	107	1497	0	61457
6582	811	59749	119	1015	0	61694
6583	842	771	100	60283	0	61996
6584	59017	710	121	891	0	60739
6585	877	222	147	59891	0	61137
6586	804	159	128	60477	0	61568
6587	59549	123	97	1655	0	61424
6588	60281	105	102	1034	0	61522
6589	1517	108	60405	390	0	62420
6590	59098	99	808	274	0	60279
6591	60901	149	767	207	0	62024
6592	61555	146	249	238	0	62188
6593	1619	57806	211	256	0	59892
6594	961	58239	155	201	0	59556
6595	395	1374	136	57811	0	59716
6596	57933	881	177	836	0	59827
6597	58617	276	142	831	0	59866
6598	1481	158	137	57057	0	58833
6599	982	127	58149	888	0	60146
6600	57830	128	719	860	0	59537
6601	61770	132	696	403	0	63001
6602	1481	118	250	59900	0	61749
6603	991	179	146	61216	0	62532
6604	60644	118	108	1469	0	62339
6605	914	133	92	60829	0	61968
6606	891	60987	149	1053	0	63080
6607	396	726	107	63557	0	64786
6608	61930	711	98	1060	0	63799
6609	890	251	62590	862	0	64593
6610	58774	136	714	432	0	60056
6611	985	134	63089	287	0	64495
6612	866	108	833	62125	0	63932
6613	63433	90	746	927	0	65196
6614	934	104	219	63319	0	64576
6615	845	117	136	63912	0	65010
6616	60890	97	144	1557	0	62688
6617	888	107	61617	1020	0	63632
6618	891	125	64469	409	0	65894
6619	392	98	1353	64194	0	66037
6620	302	86	815	67106	0	68309
6621	278	122	257	68354	0	69011
6622	267	114	67630	1593	0	69604
6623	63136	77	735	1100	0	65048
6624	68812	74	696	482	0	70064
6625	69573	94	221	350	0	70238
6626	68752	70	150	276	0	69248
6627	1570	66041	139	273	0	68023
6628	930	65764	127	237	0	67058
6629	333	63077	116	215	0	63741
6630	258	1021	153	52476	0	53908
6631	232	312	157	55903	0	56604
6632	145	74	54753	546	0	55518
6633	103	51077	233	318	0	51731
6634	310	201	228	49951	0	50690
6635	48274	171	95	244	0	48784
6636	174	48943	43	264	0	49424
6637	180	202	46	47858	0	48286
6638	63	49316	40	240	0	49659
6639	50321	196	40	263	0	50820
6640	277	208	39	50107	0	50631
6641	239	46	49266	250	0	49801
6642	85	48	49461	233	0	49827
6643	87	175	555	50547	0	51364
6644	66	22	278	51303	0	51669
6645	64	26	36	52852	0	52978
6646	52146	26	36	634	0	52842
6647	341	60	51631	370	0	52402
6648	316	50984	281	127	0	51708
6649	93	287	271	50718	0	51369
6650	65	309	51085	332	0	51791
6651	37	51048	300	362	0	51747
6652	92	331	321	52205	0	52949
6653	82	314	52760	313	0	53469
6654	58	45	280	51941	0	52324
6655	44	33	276	53149	0	53502
6656	53624	32	41	596	0	54293
6657	53560	25	34	339	0	53958
6658	594	37	38	53484	0	54153
6659	53750	25	102	375	0	54252
6660	346	41	54106	353	0	54846
6661	344	28	331	54429	0	55132
6662	83	57	56209	379	0	56728
6663	72	138	379	57859	0	58448
6664	51	58085	383	492	0	59011
6665	42	59240	88	511	0	59881
6666	67	61362	54	113	0	61596
6667	102	895	74	61475	0	62546
6668	69	509	48	69295	0	69921
6669	80	96	68888	1157	0	70221
6670	77	73	69837	730	0	70717
6671	101	85	72384	109	0	72679
6672	71759	41	1387	127	0	73314
6673	753	63	795	75252	0	76863
6674	76841	40	87	849	0	77817
6675	818	77306	114	869	0	79107
6676	837	889	73	78070	0	79869
6677	79456	862	73	938	0	81329
6678	948	123	76	80317	0	81464
6679	79754	71	92	1075	0	80992
6680	1038	111	79671	1013	0	81833
6681	962	81049	911	279	0	83201
6682	215	913	927	81683	0	83738
6683	82425	932	159	1065	0	84581
6684	83837	130	135	1097	0	85199
6685	1862	110	132	83830	0	85934
6686	1077	101	129	85097	0	86404
6687	82899	98	199	2011	0	85207
6688	1072	98	232	83043	0	84445
6689	1102	135	82215	1162	0	84614
6690	286	82084	1085	1175	0	84630
6691	266	981	1060	83107	0	85414
6692	83337	1006	205	1216	0	85764
6693	83973	220	176	1279	0	85648
6694	2169	171	84542	411	0	87293
6695	1291	82997	1092	427	0	85807
6696	378	85987	1154	551	0	88070
6697	424	2065	244	85572	0	88305
6698	369	1206	244	87120	0	88939
6699	349	285	234	87251	0	88119
6700	377	232	229	86885	0	87723
6701	382	84163	258	2516	0	87319
6702	465	1181	209	85846	0	87701
6703	458	1207	200	86453	0	88318
6704	84195	268	192	2655	0	87310
6705	84311	219	177	1694	0	86401
6706	2401	83646	221	735	0	87003
6707	85551	1208	221	683	0	87663
6708	84891	1287	232	651	0	87061
6709	85671	311	223	688	0	86893
6710	2661	296	82610	569	0	86136
6711	1647	257	1230	82265	0	85399
6712	660	241	1299	85004	0	87204
6713	562	337	83103	2579	0	86581
6714	540	306	1287	83105	0	85238
6715	520	324	1296	81389	0	83529
6716	81851	309	317	2786	0	85263
6717	1473	320	81840	1860	0	85493
6718	1552	297	1219	79602	0	82670
6719	78378	336	1274	1823	0	81811
6720	1375	77869	356	1979	0	81579
6721	78654	1267	235	962	0	81118
6722	76806	1296	241	813	0	79156
6723	2583	75461	286	805	0	79135
6724	1716	1330	226	75533	0	78805
6725	75967	1338	188	1672	0	79165
6726	1729	75631	237	1719	0	79316
6727	1806	1336	236	76096	0	79474
6728	74986	1327	278	1728	0	78319
6729	73919	372	264	1806	0	76361
6730	2625	73007	301	910	0	76843
6731	74410	1241	306	797	0	76754
6732	1720	1342	297	73367	0	76726
6733	73890	383	323	1887	0	76483
6734	1753	375	71760	1836	0	75724
6735	1808	288	1295	71696	0	75087
6736	817	276	1329	72454	0	74876
6737	70520	289	384	2844	0	74037
6738	1691	69251	365	1855	0	73162
6739	68369	1284	360	787	0	70800
6740	1746	68285	350	738	0	71119
6741	1678	1349	64999	743	0	68769
6742	857	1288	64068	746	0	66959
6743	990	978	2165	62176	0	66309
6744	738	468	63655	1686	0	66547
6745	737	485	1218	63690	0	66130
6746	806	372	1157	62996	0	65331
6747	805	372	302	65601	0	67080
6748	64545	434	259	2646	0	67884
6749	64774	406	223	1751	0	67154
6750	66483	402	184	856	0	67925
6751	2852	64980	262	752	0	68846
6752	1883	68995	292	742	0	71912
6753	956	2483	70800	795	0	75034
6754	819	1554	1503	72479	0	76355
6755	831	492	72658	2078	0	76059
6756	785	421	1615	72661	0	75482
6757	803	404	1573	73109	0	75889
6758	753	435	467	74184	0	75839
6759	736	454	69772	3413	0	74375
6760	736	392	1609	71090	0	73827
6761	68995	334	1631	2240	0	73200
6762	1820	67212	591	2137	0	71760
6763	1703	1407	441	65423	0	68974
6764	64773	1415	397	2013	0	68598
6765	64663	446	353	1960	0	67422
6766	2970	301	300	62486	0	66057
6767	2012	260	245	59600	0	62117
6768	53478	190	236	2519	0	56423
6769	1598	204	202	54093	0	56097
6770	49930	138	182	1631	0	51881
6771	1523	175	120	49282	0	51100
6772	1195	157	45868	1415	0	48635
6773	480	43538	920	1226	0	46164
6774	382	44964	873	492	0	46711
6775	635	1594	805	42638	0	45672
6776	474	892	400	43353	0	45119
6777	42224	260	158	1666	0	44308
6778	907	166	145	43147	0	44365
6779	889	165	129	43110	0	44293
6780	331	120	146	41068	0	41665
6781	249	38949	153	1865	0	41216
6782	266	735	125	40878	0	42004
6783	290	781	103	40569	0	41743
6784	273	235	109	40661	0	41278
6785	37408	144	124	1886	0	39562
6786	866	37494	141	1218	0	39719
6787	876	781	138	38367	0	40162
6788	361	761	113	38774	0	40009
6789	280	237	109	39304	0	39930
6790	36782	143	104	1850	0	38879
6791	968	124	91	37933	0	39116
6792	875	99	81	37044	0	38099
6793	310	106	34487	1699	0	36602
6794	215	33426	658	1129	0	35428
6795	240	720	626	34308	0	35894
6796	33450	651	243	992	0	35336
6797	732	33747	131	955	0	35565
6798	33778	685	131	427	0	35021
6799	33502	639	127	342	0	34610
6800	1290	227	90	32989	0	34596
6801	818	127	88	33941	0	34974
6802	351	102	33343	1460	0	35256
6803	257	110	639	34757	0	35763
6804	246	98	34394	1142	0	35880
6805	200	99	747	35057	0	36103
6806	32623	110	677	1094	0	34504
6807	717	33512	218	1015	0	35462
6808	744	721	168	35346	0	36979
6809	309	706	138	35843	0	36996
6810	229	229	179	36132	0	36769
6811	236	150	166	36405	0	36957
6812	34280	134	172	1769	0	36355
6813	742	34073	177	1261	0	36253
6814	734	630	131	35682	0	37177
6815	35257	650	134	1231	0	37272
6816	849	223	34790	1181	0	37043
6817	34943	162	670	634	0	36409
6818	35746	150	660	560	0	37116
6819	1433	193	235	35620	0	37481
6820	952	188	150	36413	0	37703
6821	35782	168	123	1664	0	37737
6822	884	36829	162	1235	0	39110
6823	38404	709	98	729	0	39940
6824	38344	682	103	621	0	39750
6825	38965	209	87	634	0	39895
6826	1606	164	91	38089	0	39950
6827	1032	139	93	39220	0	40484
6828	452	40792	134	1720	0	43098
6829	412	832	108	41906	0	43258
6830	41058	779	75	1320	0	43232
6831	990	312	40280	1122	0	42704
6832	40093	210	729	666	0	41698
6833	41835	173	690	529	0	43227
6834	1645	164	186	41557	0	43552
6835	1042	127	106	42307	0	43582
6836	41568	88	106	1921	0	43683
6837	41981	120	91	1286	0	43478
6838	40765	126	95	743	0	41729
6839	1672	140	40810	573	0	43195
6840	945	40162	676	503	0	42286
6841	40602	712	662	457	0	42433
6842	980	713	184	39986	0	41863
6843	886	40473	122	982	0	42463
6844	456	770	77	40906	0	42209
6845	40015	692	79	1118	0	41904
6846	906	291	104	40629	0	41930
6847	1092	185	39249	1122	0	41648
6848	318	38609	560	1015	0	40502
6849	264	39656	631	486	0	41037
6850	336	1032	37107	346	0	38821
6851	31734	980	918	392	0	34024
6852	498	32148	509	325	0	33480
6853	644	434	265	27508	0	28851
6854	27387	238	70	296	0	27991
6855	316	27172	47	272	0	27807
6856	297	270	44	27347	0	27958
6857	27442	220	48	319	0	28029
6858	342	64	29	27499	0	27934
6859	27485	55	21	373	0	27934
6860	356	64	27568	304	0	28292
6861	302	27789	260	126	0	28477
6862	29118	278	217	162	0	29775
6863	29040	214	54	136	0	29444
6864	29076	77	71	110	0	29334
6865	548	83	27837	98	0	28566
6866	27937	69	231	98	0	28335
6867	29017	66	220	109	0	29412
6868	526	69	71	28689	0	29355
6869	28909	49	60	343	0	29361
6870	397	28313	50	308	0	29068
6871	346	267	43	28615	0	29271
6872	172	246	28481	341	0	29240
6873	149	102	270	28260	0	28781
6874	140	82	223	28873	0	29318
6875	28595	65	70	536	0	29266
6876	28519	69	53	327	0	28968
6877	576	90	28129	137	0	28932
6878	27527	55	283	147	0	28012
6879	446	67	28270	112	0	28895
6880	380	66	299	28037	0	28782
6881	193	86	28400	356	0	29035
6882	182	67	302	27714	0	28265
6883	163	28161	273	357	0	28954
6884	189	267	28729	300	0	29485
6885	186	277	29296	120	0	29879
6886	163	122	576	24788	0	25649
6887	29512	68	286	360	0	30226
6888	29714	77	92	309	0	30192
6889	30066	63	81	163	0	30373
6890	640	61	77	29342	0	30120
6891	404	69	70	29922	0	30465
6892	209	64	60	30218	0	30551
6893	207	53	61	30128	0	30449
6894	177	90	29543	630	0	30440
6895	168	78	309	29141	0	29696
6896	151	29038	290	401	0	29880
6897	145	292	99	29550	0	30086
6898	29640	260	76	424	0	30400
6899	409	95	30079	354	0	30937
6900	27812	73	336	166	0	28387
6901	442	60	30857	120	0	31479
6902	375	58	30480	107	0	31020
6903	150	30085	618	107	0	30960
6904	248	416	417	27158	0	28239
6905	176	310	128	28549	0	29163
6906	127	27081	138	658	0	28004
6907	31493	400	97	355	0	32345
6908	477	378	63	32225	0	33143
6909	470	92	79	34551	0	35192
6910	149	59	90	36253	0	36551
6911	39173	55	73	1074	0	40375
6912	41070	61	58	656	0	41845
6913	1233	57	54	40654	0	41998
6914	750	52	51	40855	0	41708
6915	39940	41	52	1284	0	41317
6916	707	45	60	40613	0	41425
6917	691	38	78	40631	0	41438
6918	227	41	82	41211	0	41561
6919	184	42	39148	1331	0	40705
6920	36847	34	631	838	0	38350
6921	38571	52	584	320	0	39527
6922	1271	58	36943	241	0	38513
6923	776	262	646	33598	0	35282
6924	242	36348	584	701	0	37875
6925	35518	567	157	651	0	36893
6926	659	36231	143	328	0	37361
6927	585	34097	99	254	0	35035
6928	336	903	99	32329	0	33667
6929	32410	485	102	633	0	33630
6930	33497	95	74	603	0	34269
6931	1048	84	64	33000	0	34196
6932	622	79	90	33351	0	34142
6933	230	87	48	33568	0	33933
6934	215	128	40	33475	0	33858
6935	202	87	52	32610	0	32951
6936	150	31885	49	1146	0	33230
6937	173	509	47	32519	0	33248
6938	31795	453	61	739	0	33048
6939	32349	107	46	690	0	33192
6940	32495	75	42	338	0	32950
6941	1003	31270	70	500	0	32843
6942	637	513	57	31203	0	32410
6943	217	482	31105	682	0	32486
6944	30280	131	502	676	0	31589
6945	638	175	462	30681	0	31956
6946	31047	122	115	656	0	31940
6947	30153	91	66	603	0	30913
6948	30394	110	43	231	0	30778
6949	1090	105	48	29267	0	30510
6950	29687	104	59	641	0	30491
6951	697	110	60	29776	0	30643
6952	656	61	50	30043	0	30810
6953	29708	55	76	1075	0	30914
6954	693	62	48	30319	0	31122
6955	29974	66	38	773	0	30851
6956	30080	70	50	692	0	30892
6957	1125	64	35	30004	0	31228
6958	706	63	34	30601	0	31404
6959	315	63	25	31115	0	31518
6960	315	67	29082	1141	0	30605
6961	258	58	29456	782	0	30554
6962	282	51	864	28722	0	29919
6963	306	49	497	29093	0	29945
6964	250	48	113	29723	0	30134
6965	286	59	71	29595	0	30011
6966	260	54	75	29812	0	30201
6967	28457	51	98	1223	0	29829
6968	635	28295	103	813	0	29846
6969	649	469	113	28787	0	30018
6970	28884	456	110	787	0	30237
6971	650	100	96	29320	0	30166
6972	625	78	66	29391	0	30160
6973	28754	57	64	1231	0	30106
6974	28822	60	59	829	0	29770
6975	1077	90	28426	437	0	30030
6976	697	72	441	28753	0	29963
6977	352	111	29323	789	0	30575
6978	291	93	485	29644	0	30513
6979	259	63	480	29501	0	30303
6980	312	64	113	30056	0	30545
6981	247	64	28829	1254	0	30394
6982	253	28374	502	832	0	29961
6983	245	29412	507	429	0	30593
6984	225	816	168	28956	0	30165
6985	28451	463	153	807	0	29874
6986	606	105	28617	806	0	30134
6987	593	92	29831	414	0	30930
6988	227	79	936	29601	0	30843
6989	212	109	563	28997	0	29881
6990	185	31105	178	1130	0	32598
6991	196	542	147	31312	0	32197
6992	219	532	101	32343	0	33195
6993	240	154	114	32965	0	33473
6994	31631	110	128	1185	0	33054
6995	31673	83	119	790	0	32665
6996	1022	74	154	31919	0	33169
6997	660	31626	131	778	0	33195
6998	266	481	82	31769	0	32598
6999	30577	448	90	828	0	31943
7000	563	31417	107	793	0	32880
7001	573	451	81	29388	0	30493
7002	195	30397	80	683	0	31355
7003	29677	477	83	651	0	30888
7004	28225	445	126	367	0	29163
7005	819	30011	80	313	0	31223
7006	477	29968	96	309	0	30850
7007	284	703	27774	215	0	28976
7008	141	27050	369	198	0	27758
7009	249	645	468	23702	0	25064
7010	115	305	23661	379	0	24460
7011	27	19384	197	184	0	19792
7012	83	197	165	17924	0	18369
7013	23	121	21	18328	0	18493
7014	25	25	18	18524	0	18592
7015	17901	21	15	294	0	18231
7016	157	26	17741	165	0	18089
7017	134	30	17774	58	0	17996
7018	36	20	254	17557	0	17867
7019	34	39	19266	157	0	19496
7020	19	16	161	19362	0	19558
7021	25	28	126	18982	0	19161
7022	37	20	27	19933	0	20017
7023	23	21	19	20064	0	20127
7024	19464	31	13	294	0	19802
7025	19581	21	8	186	0	19796
7026	267	14	22	19855	0	20158
7027	156	37	21005	177	0	21375
7028	50	14	155	21017	0	21236
7029	15	21082	153	174	0	21424
7030	20	143	34	21109	0	21306
7031	20872	133	22	215	0	21242
7032	21349	40	24	187	0	21600
7033	271	24	16	21513	0	21824
7034	160	29	25	21599	0	21813
7035	38	23	22	21842	0	21925
7036	21042	15	32	308	0	21397
7037	162	45	21381	189	0	21777
7038	142	25	21250	78	0	21495
7039	37	20924	246	86	0	21293
7040	21351	137	142	87	0	21717
7041	150	135	42	21545	0	21872
7042	150	41	22344	171	0	22706
7043	46	22270	145	169	0	22630
7044	37	23004	128	80	0	23249
7045	44	234	38	23130	0	23446
7046	51	151	28	23790	0	24020
7047	35	23750	23	280	0	24088
7048	38	150	20	24392	0	24600
7049	50	136	30	24370	0	24586
7050	23848	53	24	284	0	24209
7051	154	24017	37	190	0	24398
7052	127	138	28	23998	0	24291
7053	63	142	23736	167	0	24108
7054	34	45	137	23686	0	23902
7055	23711	37	132	199	0	24079
7056	147	23834	41	181	0	24203
7057	134	153	30	24216	0	24533
7058	61	142	24132	180	0	24515
7059	53	54	26249	184	0	26540
7060	50	40	308	26604	0	27002
7061	49	37	211	27555	0	27852
7062	27791	37	46	435	0	28309
7063	214	28292	47	269	0	28822
7064	28809	230	53	122	0	29214
7065	271	237	28886	70	0	29464
7066	27782	59	261	91	0	28193
7067	298	49	29934	84	0	30365
7068	28611	41	287	108	0	29047
7069	29942	46	262	90	0	30340
7070	516	60	32169	87	0	32832
7071	317	53	32553	103	0	33026
7072	77	32042	530	96	0	32745
7073	70	281	301	33302	0	33954
7074	34400	277	76	380	0	35133
7075	303	64	47	35129	0	35543
7076	304	38	53	35778	0	36173
7077	86	37	57	36156	0	36336
7078	60	55	35748	642	0	36505
7079	31828	28	325	452	0	32633
7080	35968	25	313	158	0	36464
7081	601	37266	81	140	0	38088
7082	367	307	49	36600	0	37323
7083	100	38462	59	372	0	38993
7084	92	369	50	38794	0	39305
7085	38325	345	86	435	0	39191
7086	361	38303	74	456	0	39194
7087	394	333	42	37279	0	38048
7088	37275	341	45	372	0	38033
7089	37340	68	53	414	0	37875
7090	711	40	45	36121	0	36917
7091	422	65	36397	393	0	37277
7092	134	187	319	35075	0	35715
7093	55	36922	364	372	0	37713
7094	36803	322	74	375	0	37574
7095	355	37380	71	112	0	37918
7096	396	363	46	36866	0	37671
7097	37465	346	49	427	0	38287
7098	396	78	50	39204	0	39728
7099	428	50	42	39397	0	39917
7100	132	67	39028	692	0	39919
7101	76	38947	347	452	0	39822
7102	38195	337	368	124	0	39024
7103	34796	413	86	149	0	35444
7104	546	38259	48	103	0	38956
7105	295	38733	51	99	0	39178
7106	174	581	49	38206	0	39010
7107	37791	350	43	339	0	38523
7108	293	37955	51	378	0	38677
7109	370	276	37	38503	0	39186
7110	109	329	38396	321	0	39155
7111	64	93	268	38348	0	38773
7112	38717	45	326	365	0	39453
7113	300	39400	71	432	0	40203
7114	365	283	27	40754	0	41429
7115	104	375	40604	316	0	41399
7116	102	102	40766	397	0	41367
7117	96	56	585	40600	0	41337
7118	97	62	363	41739	0	42261
7119	82	40989	69	713	0	41853
7120	105	324	47	41191	0	41667
7121	41186	357	54	397	0	41994
7122	360	107	63	42004	0	42534
7123	41769	64	80	401	0	42314
7124	377	41579	109	440	0	42505
7125	412	42633	87	165	0	43297
7126	152	643	85	43480	0	44360
7127	120	406	77	42795	0	43398
7128	125	129	42826	735	0	43815
7129	120	88	338	42135	0	42681
7130	42242	91	382	435	0	43150
7131	386	143	42629	466	0	43624
7132	456	86	327	42985	0	43854
7133	176	145	45470	433	0	46224
7134	140	92	391	45500	0	46123
7135	143	81	440	45682	0	46346
7136	132	94	132	46814	0	47172
7137	140	108	46447	821	0	47516
7138	153	107	379	45331	0	45970
7139	106	46682	423	506	0	47717
7140	119	388	107	47510	0	48124
7141	128	420	76	47427	0	48051
7142	46272	136	58	865	0	47331
7143	414	137	46147	612	0	47310
7144	500	99	368	45943	0	46910
7145	174	126	46296	522	0	47118
7146	147	133	45116	586	0	45982
7147	170	95	728	45724	0	46717
7148	147	120	469	45581	0	46317
7149	144	129	112	48121	0	48506
7150	47095	111	97	929	0	48232
7151	438	177	47025	642	0	48282
7152	46552	115	419	350	0	47436
7153	490	104	462	49803	0	50859
7154	502	92	134	50942	0	51670
7155	170	53487	119	976	0	54752
7156	171	448	103	55346	0	56068
7157	180	455	105	54762	0	55502
7158	261	128	106	54983	0	55478
7159	49475	71	78	831	0	50455
7160	338	92	49345	517	0	50292
7161	43923	64	317	320	0	44624
7162	343	49509	377	231	0	50460
7163	48915	302	89	189	0	49495
7164	307	49263	79	201	0	49850
7165	339	49257	77	217	0	49890
7166	263	642	122	49097	0	50124
7167	49577	333	160	403	0	50473
7168	319	78	54	50126	0	50577
7169	337	49348	74	461	0	50220
7170	106	50581	104	462	0	51253
7171	103	600	70	50664	0	51437
7172	86	425	73	50426	0	51010
7173	67	50953	68	738	0	51826
7174	78	383	36	52288	0	52785
7175	91	388	56	52271	0	52806
7176	92	83	58	52782	0	53015
7177	51079	54	53	835	0	52021
7178	359	91	51796	523	0	52769
7179	50180	67	310	331	0	50888
7180	53236	55	383	205	0	53879
7181	52541	53	86	171	0	52851
7182	642	51886	62	182	0	52772
7183	413	280	52	51197	0	51942
7184	51381	322	43	399	0	52145
7185	324	82	47	52154	0	52607
7186	52070	44	46	388	0	52548
7187	329	54381	73	424	0	55207
7188	56662	266	45	239	0	57212
7189	57443	328	46	178	0	57995
7190	58156	103	40	186	0	58485
7191	609	76	35	57695	0	58415
7192	440	72	34	59569	0	60115
7193	59389	54	28	714	0	60185
7194	308	59770	58	469	0	60605
7195	335	59740	51	191	0	60317
7196	61317	482	57	216	0	62072
7197	331	339	48	61540	0	62258
7198	366	91	48	62104	0	62609
7199	146	79	36	63039	0	63300
7200	103	62170	43	765	0	63081
7201	62053	311	37	515	0	62916
7202	362	358	34	62955	0	63709
7203	377	64012	56	476	0	64921
7204	172	376	28	67332	0	67908
7205	156	409	35	67654	0	68254
7206	132	112	33	68065	0	68342
7207	105	86	33	68458	0	68682
7208	67308	62	33	824	0	68227
7209	66999	63	40	555	0	67657
7210	68100	65	48	286	0	68499
7211	754	72	26	68606	0	69458
7212	487	90	67770	452	0	68799
7213	206	104	64358	458	0	65126
7214	156	129	66099	214	0	66598
7215	67593	64	684	256	0	68597
7216	428	85	381	69335	0	70229
7217	431	73	83	69275	0	69862
7218	195	65	42	70077	0	70379
7219	68518	72	39	857	0	69486
7220	68134	74	43	550	0	68801
7221	667	71814	84	263	0	72828
7222	434	341	46	72541	0	73362
7223	224	396	71556	456	0	72632
7224	143	73121	338	507	0	74109
7225	169	469	311	73973	0	74922
7226	153	379	77	74413	0	75022
7227	134	113	43	74196	0	74486
7228	164	85	34	73109	0	73392
7229	184	109	72335	744	0	73372
7230	178	109	70346	515	0	71148
7231	125	72733	586	296	0	73740
7232	138	306	330	72933	0	73707
7233	148	304	104	71451	0	72007
7234	69593	112	73	691	0	70469
7235	387	126	70608	449	0	71570
7236	367	61	298	70017	0	70743
7237	192	76	331	72197	0	72796
7238	196	140	73357	682	0	74375
7239	111	73351	338	482	0	74282
7240	73285	297	314	314	0	74210
7241	408	371	72766	201	0	73746
7242	70368	101	296	225	0	70990
7243	416	156	75741	206	0	76519
7244	396	76	323	75447	0	76242
7245	170	120	77412	414	0	78116
7246	185	127	78982	464	0	79758
7247	173	91	579	78402	0	79245
7248	225	160	455	70366	0	71206
7249	139	62	117	82611	0	82929
7250	130	62	88	81967	0	82247
7251	133	71	105	82060	0	82369
7252	162	118	81518	762	0	82560
7253	183	113	78914	518	0	79728
7254	98	82086	609	254	0	83047
7255	81017	376	373	247	0	82013
7256	479	421	122	81176	0	82198
7257	81952	71	100	608	0	82731
7258	510	74	87	81908	0	82579
7259	83231	62	111	779	0	84183
7260	520	69	92	84336	0	85017
7261	457	84	92	84418	0	85051
7262	164	86249	169	953	0	87535
7263	210	499	98	88963	0	89770
7264	149	501	79	88921	0	89650
7265	168	122	100	89256	0	89646
7266	130	73	98	88140	0	88441
7267	90	86423	139	940	0	87592
7268	85960	361	88	566	0	86975
7269	387	86081	116	295	0	86879
7270	314	392	62	84300	0	85068
7271	82972	297	58	577	0	83904
7272	433	143	81506	408	0	82490
7273	356	103	81690	205	0	82354
7274	218	181	704	78515	0	79618
7275	118	59	397	82225	0	82799
7276	93	62	112	82542	0	82809
7277	110	58	85	80092	0	80345
7278	120	53	91	80907	0	81171
7279	81	79194	125	787	0	80187
7280	102	350	78	81116	0	81646
7281	80876	279	84	622	0	81861
7282	450	81	94	82458	0	83083
7283	384	128	84757	582	0	85851
7284	154	55	499	84001	0	84709
7285	83293	51	448	768	0	84560
7286	497	86937	158	638	0	88230
7287	497	539	85	94544	0	95665
7288	188	461	61	99075	0	99785
7289	155	159	97536	1650	0	99500
7290	211	157	121743	1008	0	123119
7291	133436	106	2489	398	0	136429
7292	2347	121	1463	136870	0	140801
7293	1801	104	396	140216	0	142517
7294	597	158	146055	4297	0	151107
7295	424	426	147705	2469	0	151024
7296	154	147869	4638	1038	0	153699
7297	341	2687	2488	145221	0	150737
7298	336	2098	145894	2747	0	151075
7299	105	146907	2922	2303	0	152237
7300	147154	2741	2329	771	0	152995
7301	151118	2153	694	558	0	154523
7302	4830	676	335	144085	0	149926
7303	2601	147851	332	2953	0	153737
7304	147045	2804	362	2302	0	152513
7305	3465	2484	537	120734	0	127220
7306	2591	772	144257	2233	0	149853
7307	831	145464	2864	2180	0	151339
7308	144449	2886	2271	850	0	150456
7309	146366	2351	630	675	0	150022
7310	5023	671	388	145186	0	151268
7311	2831	371	316	148235	0	151753
7312	1002	426	143560	5245	0	150233
7313	648	376	2846	146328	0	150198
7314	630	275	2309	143079	0	146293
7315	511	279	792	146842	0	148424
7316	517	318	505	146627	0	147967
7317	529	332	399	140972	0	142232
7318	447	140976	507	5818	0	147748
7319	140614	2884	384	3488	0	147370
7320	3113	2369	140776	1584	0	147842
7321	2433	138101	3078	1207	0	144819
7322	952	2916	2487	139523	0	145878
7323	138875	2379	925	3747	0	145926
7324	3162	853	623	140609	0	145247
7325	2672	485	523	141101	0	144781
7326	965	433	570	143357	0	145325
7327	677	517	543	143671	0	145408
7328	781	519	137200	6365	0	144865
7329	635	137700	3166	3866	0	145367
7330	137801	3142	2537	1876	0	145356
7331	3425	2553	137314	1410	0	144702
7332	2746	919	3376	137658	0	144699
7333	137550	663	2666	3870	0	144749
7334	3362	137176	1177	3346	0	145061
7335	139483	3220	766	1733	0	145202
7336	3987	2714	646	133034	0	140381
7337	3073	986	699	140891	0	145649
7338	1397	712	578	141001	0	143688
7339	1026	649	529	141701	0	143905
7340	134587	667	630	6710	0	142594
7341	3605	568	601	138121	0	142895
7342	2944	465	550	139674	0	143633
7343	131820	513	634	6420	0	139387
7344	3729	639	131042	4101	0	139511
7345	3012	500	3176	132501	0	139189
7346	127528	496	2571	4432	0	135027
7347	128559	481	1062	3836	0	133938
7348	5588	472	798	126341	0	133199
7349	3525	522	759	125490	0	130296
7350	1459	121793	762	6317	0	130331
7351	1124	3085	658	126323	0	131190
7352	1182	2542	573	125569	0	129866
7353	1107	890	119969	6481	0	128447
7354	805	690	119091	4374	0	124960
7355	720	117325	5144	2469	0	125658
7356	1047	3042	3098	116144	0	123331
7357	914	2463	1318	119987	0	124682
7358	117285	1022	964	6180	0	125451
7359	3417	704	994	118740	0	123855
7360	2990	803	114970	4658	0	123421
7361	1468	689	3218	118021	0	123396
7362	1063	729	113144	4874	0	119810
7363	1081	724	112913	3849	0	118567
7364	1051	738	5415	109545	0	116749
7365	957	741	3226	114068	0	118992
7366	111483	756	1154	6216	0	119609
7367	114105	545	857	4198	0	119705
7368	5648	614	880	113023	0	120165
7369	115614	622	721	4540	0	121497
7370	117462	516	624	3778	0	122380
7371	5895	600	585	115430	0	122510
7372	3732	522	640	118487	0	123381
7373	115116	553	663	6354	0	122686
7374	117467	437	593	4429	0	122926
7375	5757	367	618	115202	0	121944
7376	3606	114548	659	4625	0	123438
7377	1799	2957	462	118674	0	123892
7378	1398	2312	500	120144	0	124354
7379	1195	783	114394	6927	0	123299
7380	1096	472	2945	119192	0	123705
7381	111232	403	2658	5243	0	119536
7382	3233	113020	1092	4292	0	121637
7383	112805	2794	610	2430	0	118639
7384	112778	2249	560	2111	0	117698
7385	114456	843	502	2031	0	117832
7386	6140	1398	562	106537	0	114637
7387	4064	598	94885	3627	0	103174
7388	2100	505	91018	2817	0	96440
7389	1079	90289	4012	1827	0	97207
7390	559	64991	1459	825	0	67834
7391	368	50468	633	395	0	51864
7392	399	49322	647	453	0	50821
7393	1149	1219	46014	362	0	48744
7394	36404	1170	1494	294	0	39362
7395	433	173	332	37166	0	38104
7396	363	61	83	37045	0	37552
7397	131	57	72	36769	0	37029
7398	89	36802	87	652	0	37630
7399	35736	314	72	420	0	36542
7400	398	278	35898	167	0	36741
7401	274	33600	262	136	0	34272
7402	167	254	263	33825	0	34509
7403	33809	218	87	328	0	34442
7404	291	54	44	33970	0	34359
7405	276	47	33299	327	0	33949
7406	119	36	33594	302	0	34051
7407	123	49	423	34121	0	34716
7408	87	40	251	34401	0	34779
7409	34158	32	56	504	0	34750
7410	297	49	34265	302	0	34913
7411	33298	40	248	147	0	33733
7412	33831	43	229	123	0	34226
7413	484	36	67	34089	0	34676
7414	297	84	34624	319	0	35324
7415	113	47	249	34790	0	35199
7416	34973	37	265	352	0	35627
7417	280	34899	86	327	0	35592
7418	35985	251	49	168	0	36453
7419	331	253	39	35920	0	36543
7420	307	37931	75	351	0	38664
7421	121	312	48	38515	0	38996
7422	102	281	55	38882	0	39320
7423	81	39312	71	667	0	40131
7424	130	339	53	40262	0	40784
7425	101	305	40	40779	0	41225
7426	115	67	43	41806	0	42031
7427	88	75	41187	806	0	42156
7428	76	41292	424	483	0	42275
7429	42118	396	377	176	0	43067
7430	469	428	77	42700	0	43674
7431	453	45590	68	502	0	46613
7432	48347	486	63	558	0	49454
7433	590	500	60	48935	0	50085
7434	611	107	38	49435	0	50191
7435	174	80	45	49231	0	49530
7436	137	77	43	48648	0	48905
7437	47922	58	49	1257	0	49286
7438	639	65	56	49032	0	49792
7439	687	73	54	48997	0	49811
7440	48477	55	51	1291	0	49874
7441	657	57	55	49282	0	50051
7442	706	81	48182	806	0	49775
7443	200	71	571	48832	0	49674
7444	47227	84	614	793	0	48718
7445	634	80	126	48085	0	48925
7446	668	115	47906	781	0	49470
7447	187	97	47178	782	0	48244
7448	47801	80	1212	321	0	49414
7449	50090	92	713	257	0	51152
7450	50813	70	141	235	0	51259
7451	50965	75	114	199	0	51353
7452	1367	92	49853	203	0	51515
7453	821	56	632	49296	0	50805
7454	279	76	659	51005	0	52019
7455	50306	68	152	1377	0	51903
7456	751	70	93	51349	0	52263
7457	771	72	50587	859	0	52289
7458	218	76	649	51584	0	52527
7459	193	100	52255	859	0	53407
7460	145	52135	709	904	0	53893
7461	53151	608	764	351	0	54874
7462	783	699	172	53267	0	54921
7463	849	166	52910	849	0	54774
7464	255	78	699	53689	0	54721
7465	206	74	803	55643	0	56726
7466	199	106	55556	1657	0	57518
7467	217	88	815	56226	0	57346
7468	55187	76	883	1111	0	57257
7469	938	127	52600	1075	0	54740
7470	51757	81	730	441	0	53009
7471	923	51911	842	386	0	54062
7472	954	690	51905	344	0	53893
7473	315	900	52684	323	0	54222
7474	400	620	1642	43870	0	46532
7475	268	114	886	49982	0	51250
7476	211	118	49941	1605	0	51875
7477	204	59	794	50423	0	51480
7478	50518	78	851	1129	0	52576
7479	50686	68	260	1158	0	52172
7480	1530	80	213	49489	0	51312
7481	1039	104	182	49117	0	50442
7482	375	49868	208	1628	0	52079
7483	50185	681	181	1281	0	52328
7484	929	811	198	50486	0	52424
7485	964	52141	203	1038	0	54346
7486	52707	729	215	1150	0	54801
7487	52816	823	186	578	0	54403
7488	1653	53765	198	544	0	56160
7489	1163	776	199	53260	0	55398
7490	452	859	205	53278	0	54794
7491	368	202	51481	1885	0	53936
7492	356	123	919	51675	0	53073
7493	50906	120	963	1266	0	53255
7494	1086	112	278	51076	0	52552
7495	1140	110	49787	1217	0	52254
7496	49038	87	954	1288	0	51367
7497	1085	88	1017	49957	0	52147
7498	1137	111	49375	1218	0	51841
7499	450	80	981	50253	0	51764
7500	398	113	50182	1261	0	51954
7501	439	89	1024	50172	0	51724
7502	400	80	1067	50493	0	52040
7503	49593	89	375	1997	0	52054
7504	1021	49720	351	1362	0	52454
7505	51264	803	328	620	0	53015
7506	50274	865	310	552	0	52001
7507	50572	187	282	585	0	51626
7508	1940	49178	335	490	0	51943
7509	1243	861	49168	499	0	51771
7510	512	914	1026	48753	0	51205
7511	49881	212	1086	1125	0	52304
7512	50408	145	382	1252	0	52187
7513	1923	166	362	48275	0	50726
7514	49566	139	328	1226	0	51259
7515	1180	151	48381	1288	0	51000
7516	48396	142	1087	564	0	50189
7517	1200	159	48870	562	0	50791
7518	1221	47141	1081	521	0	49964
7519	47094	764	1059	495	0	49412
7520	45250	842	412	534	0	47038
7521	1745	44959	340	484	0	47528
7522	45408	823	322	465	0	47018
7523	43676	833	304	403	0	45216
7524	1665	246	42309	469	0	44689
7525	41280	157	843	415	0	42695
7526	981	181	41122	383	0	42667
7527	1004	473	789	36320	0	38586
7528	417	39017	848	801	0	41083
7529	423	660	38926	831	0	40840
7530	35188	1294	1018	642	0	38142
7531	34542	276	790	425	0	36033
7532	1100	113	183	32365	0	33761
7533	705	97	32079	577	0	33458
7534	296	127	538	32314	0	33275
7535	31867	81	570	612	0	33130
7536	610	32225	187	638	0	33660
7537	32004	453	146	251	0	32854
7538	31862	457	144	189	0	32652
7539	979	31449	177	168	0	32773
7540	663	446	123	31615	0	32847
7541	32201	474	111	546	0	33332
7542	604	125	149	32761	0	33639
7543	676	125	121	34079	0	35001
7544	298	139	34047	965	0	35449
7545	316	96	487	34006	0	34905
7546	321	116	497	33799	0	34733
7547	32966	92	142	982	0	34182
7548	33235	96	133	621	0	34085
7549	1099	102	139	32816	0	34156
7550	706	87	32098	626	0	33517
7551	291	106	31858	596	0	32851
7552	323	133	926	31291	0	32673
7553	285	115	32446	618	0	33464
7554	248	149	578	31668	0	32643
7555	275	79	519	31468	0	32341
7556	31516	80	186	947	0	32729
7557	595	89	31112	590	0	32386
7558	30411	75	498	241	0	31225
7559	30118	44	499	248	0	30909
7560	905	74	29010	191	0	30180
7561	551	116	28830	188	0	29685
7562	278	1142	743	26459	0	28622
7563	242	26852	442	402	0	27938
7564	226	27518	166	394	0	28304
7565	413	569	175	24940	0	26097
7566	213	280	99	24412	0	25004
7567	163	60	102	25254	0	25579
7568	183	42	112	25389	0	25726
7569	24388	40	119	583	0	25130
7570	384	63	86	24711	0	25244
7571	347	72	24105	368	0	24892
7572	172	44	299	23416	0	23931
7573	167	23175	289	358	0	23989
7574	194	256	104	23347	0	23901
7575	23069	235	102	359	0	23765
7576	373	61	107	23380	0	23921
7577	334	67	23170	373	0	23944
7578	140	22648	340	317	0	23445
7579	148	279	288	22839	0	23554
7580	22848	267	84	358	0	23557
7581	23068	72	92	339	0	23571
7582	619	47	75	23010	0	23751
7583	360	67	21624	313	0	22364
7584	161	48	20611	268	0	21088
7585	20537	34	454	130	0	21155
7586	319	40	21304	118	0	21781
7587	243	35	20771	95	0	21144
7588	112	94	373	19180	0	19759
7589	20352	19	243	292	0	20906
7590	20029	16	78	257	0	20380
7591	20169	30	71	86	0	20356
7592	408	25	21398	99	0	21930
7593	242	23	22073	81	0	22419
7594	80	23174	382	98	0	23734
7595	97	183	256	23077	0	23613
7596	81	164	108	23452	0	23805
7597	75	31	87	23333	0	23526
7598	85	27	70	23835	0	24017
7599	89	22	23869	446	0	24426
7600	94	24458	245	303	0	25100
7601	26205	208	243	150	0	26806
7602	28997	216	98	139	0	29450
7603	29439	37	94	116	0	29686
7604	698	29422	106	169	0	30395
7605	417	329	77	28815	0	29638
7606	30020	356	79	410	0	30865
7607	402	31484	82	449	0	32417
7608	31481	397	63	147	0	32088
7609	460	31612	89	139	0	32300
7610	31939	412	71	126	0	32548
7611	31733	434	74	123	0	32364
7612	864	78	79	32444	0	33465
7613	544	50	69	33887	0	34550
7614	135	108	33534	912	0	34689
7615	127	68	32930	569	0	33694
7616	33256	88	927	152	0	34423
7617	34165	72	532	130	0	34899
7618	975	68	111	33717	0	34871
7619	586	60	71	34117	0	34834
7620	169	55	33462	1059	0	34745
7621	150	77	496	33479	0	34202
7622	142	96	33722	627	0	34587
7623	128	59	512	33683	0	34382
7624	160	55	540	34338	0	35093
7625	33959	59	110	1088	0	35216
7626	33790	74	98	703	0	34665
7627	1048	68	96	33826	0	35038
7628	683	67	83	33982	0	34815
7629	205	94	33549	1053	0	34901
7630	175	53	527	34131	0	34886
7631	146	76	34365	695	0	35282
7632	33369	69	568	716	0	34722
7633	666	58	581	34349	0	35654
7634	34307	52	154	657	0	35170
7635	640	33824	140	708	0	35312
7636	34736	477	157	256	0	35626
7637	669	542	129	34304	0	35644
7638	687	98	142	33936	0	34863
7639	226	34074	149	1075	0	35524
7640	237	516	138	34853	0	35744
7641	197	564	33992	680	0	35433
7642	235	102	526	34190	0	35053
7643	181	83	33129	629	0	34022
7644	155	31945	535	678	0	33313
7645	146	434	585	32206	0	33371
7646	166	530	32133	572	0	33401
7647	189	104	31833	636	0	32762
7648	175	119	937	31300	0	32531
7649	31196	50	655	598	0	32499
7650	506	53	31158	649	0	32366
7651	558	56	493	30852	0	31959
7652	31371	50	563	593	0	32577
7653	520	30570	154	642	0	31886
7654	32239	441	109	303	0	33092
7655	573	515	96	31976	0	33160
7656	623	99	91	32419	0	33232
7657	182	88	104	33214	0	33588
7658	32481	79	106	1149	0	33815
7659	539	63	155	33347	0	34104
7660	589	75	125	33588	0	34377
7661	32436	63	130	1085	0	33714
7662	558	83	32479	722	0	33842
7663	656	73	487	32652	0	33868
7664	203	88	33031	638	0	33960
7665	31721	87	535	685	0	33028
7666	581	82	577	32797	0	34037
7667	649	100	33193	631	0	34573
7668	31636	87	520	705	0	32948
7669	32936	85	578	312	0	33911
7670	1075	91	34164	298	0	35628
7671	675	99	523	33941	0	35238
7672	270	104	589	34696	0	35659
7673	222	113	35582	1086	0	37003
7674	186	35548	556	787	0	37077
7675	220	458	36705	323	0	37706
7676	34232	509	568	345	0	35654
7677	564	112	37447	335	0	38458
7678	35573	59	589	367	0	36588
7679	614	70	37680	287	0	38651
7680	35995	61	607	303	0	36966
7681	581	37860	680	292	0	39413
7682	663	414	197	37374	0	38648
7683	275	495	183	38594	0	39547
7684	202	110	38686	1101	0	40099
7685	241	75	530	36946	0	37792
7686	191	37966	612	666	0	39435
7687	37491	394	196	690	0	38771
7688	515	38292	184	337	0	39328
7689	615	427	153	38406	0	39601
7690	38639	487	149	663	0	39938
7691	574	38931	193	781	0	40479
7692	38124	456	163	352	0	39095
7693	592	557	38322	322	0	39793
7694	682	104	574	37693	0	39053
7695	247	90	660	38262	0	39259
7696	243	83	219	39509	0	40054
7697	38991	82	183	1145	0	40401
7698	39349	84	195	742	0	40370
7699	39484	79	175	301	0	40039
7700	38479	112	165	284	0	39040
7701	956	88	35760	211	0	37015
7702	31736	54	318	135	0	32243
7703	367	32502	385	151	0	33405
7704	391	32542	126	128	0	33187
7705	33142	533	606	211	0	34492
7706	33495	270	249	171	0	34185
7707	506	52	74	32211	0	32843
7708	33052	40	72	305	0	33469
7709	32983	43	58	300	0	33384
7710	35774	43	55	159	0	36031
7711	608	58	65	35134	0	35865
7712	366	34590	55	330	0	35341
7713	91	34912	53	299	0	35355
7714	137	523	52	34976	0	35688
7715	34712	292	69	308	0	35381
7716	280	35222	46	346	0	35894
7717	311	268	31	35263	0	35873
7718	98	291	35552	282	0	36223
7719	31961	52	263	386	0	32662
7720	281	35875	290	117	0	36563
7721	315	36677	66	81	0	37139
7722	36030	503	60	89	0	36682
7723	329	311	36747	85	0	37472
7724	328	71	255	35724	0	36378
7725	100	36977	277	271	0	37625
7726	103	270	48	37520	0	37941
7727	100	274	39	37034	0	37447
7728	90	35274	67	561	0	35992
7729	129	275	32	38669	0	39105
7730	92	285	43	38816	0	39236
7731	38297	76	31	543	0	38947
7732	276	38394	54	348	0	39072
7733	38704	291	31	127	0	39153
7734	328	306	23	38339	0	38996
7735	333	39323	41	332	0	40029
7736	137	296	39283	324	0	40040
7737	136	360	285	39304	0	40085
7738	90	76	285	41367	0	41818
7739	113	88	41922	587	0	42710
7740	38890	72	320	408	0	39690
7741	358	80	320	44987	0	45745
7742	44754	60	74	466	0	45354
7743	497	73	44139	463	0	45172
7744	484	56	413	44010	0	44963
7745	144	105	46607	532	0	47388
7746	122	85	467	46702	0	47376
7747	98	108	460	47789	0	48455
7748	47332	66	106	932	0	48436
7749	465	47888	71	566	0	48990
7750	48164	463	44	210	0	48881
7751	560	521	48202	121	0	49404
7752	558	111	462	47862	0	48993
7753	148	102	49953	519	0	50722
7754	42940	97	541	643	0	44221
7755	48885	84	510	206	0	49685
7756	973	96	49325	135	0	50529
7757	48397	64	508	170	0	49139
7758	49966	69	525	166	0	50726
7759	1006	59	128	49474	0	50667
7760	649	85	48968	554	0	50256
7761	212	93	50544	624	0	51473
7762	157	81	950	50684	0	51872
7763	174	76	600	50323	0	51173
7764	170	50232	174	1053	0	51629
7765	137	51335	153	716	0	52341
7766	51193	898	133	261	0	52485
7767	599	584	130	50397	0	51710
7768	640	50250	141	633	0	51664
7769	212	51487	120	661	0	52480
7770	48156	982	150	227	0	49515
7771	592	604	131	49864	0	51191
7772	634	50539	132	646	0	51951
7773	243	548	139	50334	0	51264
7774	220	577	112	49942	0	50851
7775	244	155	118	49841	0	50358
7776	48421	99	119	1148	0	49787
7777	614	48291	136	744	0	49785
7778	658	577	141	48323	0	49699
7779	241	571	152	48683	0	49647
7780	214	131	154	49244	0	49743
7781	205	140	46930	1166	0	48441
7782	43969	143	564	803	0	45479
7783	643	114	597	46976	0	48330
7784	46254	113	199	715	0	47281
7785	46035	129	160	719	0	47043
7786	46375	130	155	309	0	46969
7787	1153	149	45830	293	0	47425
7788	700	45336	584	310	0	46930
7789	286	571	565	44716	0	46138
7790	198	589	44669	610	0	46066
7791	205	191	43743	668	0	44807
7792	224	271	888	41890	0	43273
7793	181	42523	576	594	0	43874
7794	43019	502	180	687	0	44388
7795	43370	516	146	358	0	44390
7796	43802	173	129	325	0	44429
7797	43321	146	115	311	0	43893
7798	1041	152	42417	279	0	43889
7799	41599	135	478	287	0	42499
7800	626	43084	557	314	0	44581
7801	637	473	189	43737	0	45036
7802	287	513	128	44378	0	45306
7803	44190	139	160	1040	0	45529
7804	654	97	156	44470	0	45377
7805	656	117	42987	679	0	44439
7806	40729	113	517	699	0	42058
7807	42409	96	544	345	0	43394
7808	42417	106	219	271	0	43013
7809	1036	119	41311	237	0	42703
7810	37764	95	425	217	0	38501
7811	517	38727	505	223	0	39972
7812	39514	352	215	261	0	40342
7813	609	479	176	38301	0	39565
7814	521	142	126	38544	0	39333
7815	217	38280	139	797	0	39433
7816	254	417	100	38458	0	39229
7817	203	38705	119	494	0	39521
7818	222	481	126	38230	0	39059
7819	232	38325	125	503	0	39185
7820	252	450	91	38402	0	39195
7821	228	39082	107	502	0	39919
7822	248	484	98	40901	0	41731
7823	215	41885	107	594	0	42801
7824	43926	529	95	649	0	45199
7825	674	557	103	44696	0	46030
7826	714	197	102	45101	0	46114
7827	274	128	76	47068	0	47546
7828	223	115	97	47145	0	47580
7829	227	171	46684	1477	0	48559
7830	240	121	662	47504	0	48527
7831	275	101	696	47650	0	48722
7832	46750	107	153	1427	0	48437
7833	46104	107	90	926	0	47227
7834	1371	47566	114	314	0	49365
7835	939	685	83	47562	0	49269
7836	320	727	65	50049	0	51161
7837	50638	178	90	1558	0	52464
7838	957	165	48138	975	0	50235
7839	47577	92	687	319	0	48675
7840	890	49136	739	260	0	51025
7841	46821	687	86	149	0	47743
7842	45873	671	72	137	0	46753
7843	1336	45681	70	113	0	47200
7844	756	47215	71	134	0	48176
7845	360	1365	104	44869	0	46698
7846	135	731	44533	710	0	46109
7847	43303	137	672	717	0	44829
7848	734	86	44857	166	0	45843
7849	43716	78	717	132	0	44643
7850	795	79	44641	117	0	45632
7851	697	43708	736	123	0	45264
7852	175	653	636	43935	0	45399
7853	43193	651	113	724	0	44681
7854	43987	121	63	716	0	44887
7855	1373	71	61	44040	0	45545
7856	46171	70	66	743	0	47050
7857	45684	72	50	730	0	46536
7858	1456	45085	63	190	0	46794
7859	45902	727	42	143	0	46814
7860	865	46229	75	126	0	47295
7861	845	824	44	45293	0	47006
7862	45310	741	77	837	0	46965
7863	46356	130	48	806	0	47340
7864	46452	113	67	183	0	46815
7865	1572	114	45980	129	0	47795
7866	901	98	46764	99	0	47862
7867	244	96	1452	47650	0	49442
7868	200	100	855	49472	0	50627
7869	191	52285	146	1591	0	54213
7870	52452	902	110	991	0	54455
7871	1026	956	83	52735	0	54800
7872	1097	185	92	53360	0	54734
7873	317	142	52852	1922	0	55233
7874	227	51770	922	1180	0	54099
7875	215	53575	982	286	0	55058
7876	250	1850	152	53294	0	55546
7877	53004	1086	93	1129	0	55312
7878	1074	249	102	53369	0	54794
7879	1131	164	110	54443	0	55848
7880	53886	154	129	2039	0	56208
7881	54701	155	119	1265	0	56240
7882	2053	135	118	54334	0	56640
7883	1304	148	53815	1221	0	56488
7884	425	159	964	55157	0	56705
7885	328	150	1013	55531	0	57022
7886	54708	144	206	2197	0	57255
7887	1201	126	164	55871	0	57362
7888	56066	147	138	1397	0	57748
7889	1351	166	55414	1333	0	58264
7890	1321	155	1044	56935	0	59455
7891	477	182	1095	58513	0	60267
7892	378	180	234	59856	0	60648
7893	378	192	162	59443	0	60175
7894	411	175	148	59122	0	59856
7895	376	229	56265	2431	0	59301
7896	55376	203	1128	1529	0	58236
7897	1336	200	1138	56714	0	59388
7898	1404	185	56088	1442	0	59119
7899	509	173	56533	1439	0	58654
7900	492	194	2106	55621	0	58413
7901	55406	205	1242	1439	0	58292
7902	55883	188	315	1477	0	57863
7903	57184	200	254	602	0	58240
7904	2497	202	248	52211	0	55158
7905	1530	54668	279	1381	0	57858
7906	56226	1097	223	1464	0	59010
7907	56841	1159	255	547	0	58802
7908	57594	300	242	492	0	58628
7909	57386	244	242	523	0	58395
7910	2559	213	225	55337	0	58334
7911	1622	225	54953	1462	0	58262
7912	669	206	1161	55711	0	57747
7913	556	209	55830	1588	0	58183
7914	54587	152	1233	1582	0	57554
7915	55686	142	1242	635	0	57705
7916	2452	156	54202	611	0	57421
7917	54527	122	1236	610	0	56495
7918	55830	136	1255	624	0	57845
7919	2480	164	363	53522	0	56529
7920	1612	54092	292	1412	0	57408
7921	54032	1019	260	1441	0	56752
7922	1486	1435	274	49946	0	53141
7923	1409	49940	255	1270	0	52874
7924	582	962	190	49163	0	50897
7925	493	862	49133	1231	0	51719
7926	471	49627	897	1203	0	52198
7927	48316	951	1001	573	0	50841
7928	48244	881	352	614	0	50091
7929	47596	139	247	458	0	48440
7930	47808	114	234	419	0	48575
7931	1757	376	213	45164	0	47510
7932	1116	45571	267	970	0	47924
7933	43779	707	292	1000	0	45778
7934	1045	716	44421	410	0	46592
7935	997	43007	799	414	0	45217
7936	469	659	41044	341	0	42513
7937	427	591	651	37464	0	39133
7938	363	35850	691	702	0	37606
7939	380	540	218	39443	0	40581
7940	378	612	40726	728	0	42444
7941	387	162	583	39871	0	41003
7942	349	139	668	41148	0	42304
7943	362	131	200	42092	0	42785
7944	39822	108	190	1301	0	41421
7945	767	40395	194	911	0	42267
7946	839	526	175	40508	0	42048
7947	39740	561	200	788	0	41289
7948	736	40123	221	834	0	41914
7949	40324	549	166	393	0	41432
7950	820	622	40593	349	0	42384
7951	914	163	590	38477	0	40144
7952	471	40415	646	608	0	42140
7953	40436	544	200	731	0	41911
7954	827	617	39772	317	0	41533
7955	856	38087	617	312	0	39872
7956	378	494	568	37628	0	39068
7957	302	548	210	38128	0	39188
7958	37356	183	177	987	0	38703
7959	689	146	189	37541	0	38565
7960	685	169	36610	639	0	38103
7961	391	151	450	36043	0	37035
7962	350	152	37548	580	0	38630
7963	371	284	481	34927	0	36063
7964	334	36957	506	518	0	38315
7965	36447	443	195	569	0	37654
7966	35167	451	150	260	0	36028
7967	859	33717	127	177	0	34880
7968	380	31750	114	131	0	32375
7969	390	432	160	30204	0	31186
7970	30119	203	89	290	0	30701
7971	355	73	71	30006	0	30505
7972	29895	73	56	279	0	30303
7973	302	29341	68	233	0	29944
7974	310	213	60	30060	0	30643
7975	146	233	30912	248	0	31539
7976	126	101	239	30523	0	30989
7977	161	68	200	31323	0	31752
7978	31773	69	68	490	0	32400
7979	245	32965	65	269	0	33544
7980	242	245	56	33119	0	33662
7981	32893	206	60	286	0	33445
7982	265	97	33368	244	0	33974
7983	32283	67	212	174	0	32736
7984	296	147	222	33897	0	34562
7985	266	35499	76	229	0	36070
7986	35351	231	45	282	0	35909
7987	294	240	36580	91	0	37205
7988	268	79	36088	74	0	36509
7989	96	36445	384	78	0	37003
7990	35272	148	384	84	0	35888
7991	159	164	34	35838	0	36195
7992	168	36	18	36140	0	36362
7993	36028	22	26	386	0	36462
7994	195	33	36419	262	0	36909
7995	242	37	184	36805	0	37268
7996	97	47	39004	239	0	39387
7997	63	44	236	38306	0	38649
7998	50	39593	283	278	0	40204
7999	49	237	78	40560	0	40924
8000	49	273	40066	309	0	40697
8001	38495	71	254	320	0	39140
8002	271	34	288	41110	0	41703
8003	311	78	41146	293	0	41828
8004	88	38	275	40254	0	40655
8005	79	41	304	40864	0	41288
8006	70	50	40342	556	0	41018
8007	71	58	40565	372	0	41066
8008	60	44	559	41005	0	41668
8009	67	54	41771	337	0	42229
8010	39950	26	357	376	0	40709
8011	298	37	331	41904	0	42570
8012	41607	33	137	361	0	42138
8013	354	49	41417	383	0	42203
8014	373	29	302	41523	0	42227
8015	107	62	45074	348	0	45591
8016	86	44330	380	405	0	45201
8017	96	305	45449	133	0	45983
8018	82	342	43825	104	0	44353
8019	41764	67	660	112	0	42603
8020	44564	54	425	108	0	45151
8021	678	65	45437	85	0	46265
8022	419	43	388	41760	0	42610
8023	131	45	397	45551	0	46124
8024	104	70	45912	672	0	46758
8025	64	43739	378	568	0	44749
8026	42848	307	409	173	0	43737
8027	360	365	44616	113	0	45454
8028	402	72	360	44559	0	45393
8029	127	48	418	45915	0	46508
8030	46622	37	132	793	0	47584
8031	47426	34	107	511	0	48078
8032	48035	37	91	197	0	48360
8033	48284	30	94	142	0	48550
8034	780	42	86	47645	0	48553
8035	502	62	50414	416	0	51394
8036	167	28	421	50159	0	50775
8037	131	30	487	51351	0	51999
8038	145	29	139	53157	0	53470
8039	118	53	51850	897	0	52918
8040	47687	26	437	624	0	48774
8041	477	30	542	51595	0	52644
8042	574	61	52484	533	0	53652
8043	126	53163	498	639	0	54426
8044	121	429	584	54081	0	55215
8045	132	514	171	54577	0	55394
8046	53589	93	121	1016	0	54819
8047	483	55214	132	700	0	56529
8048	570	454	55285	205	0	56514
8049	184	517	504	54665	0	55870
8050	130	102	576	55170	0	55978
8051	54732	57	182	1012	0	55983
8052	54687	50	126	719	0	55582
8053	1005	56	109	55451	0	56621
8054	55490	39	138	602	0	56269
8055	579	54448	145	666	0	55838
8056	654	461	57686	228	0	59029
8057	217	524	539	57526	0	58806
8058	173	91	607	59654	0	60525
8059	150	58	175	60442	0	60825
8060	152	58	124	59331	0	59665
8061	130	58245	161	1143	0	59679
8062	57388	456	143	730	0	58717
8063	566	533	132	57026	0	58257
8064	628	59130	122	623	0	60503
8065	59606	475	130	725	0	60936
8066	59343	546	125	292	0	60306
8067	1013	61023	133	260	0	62429
8068	722	521	110	62812	0	64165
8069	221	594	122	63560	0	64497
8070	202	139	128	63539	0	64008
8071	226	86	91	64534	0	64937
8072	64494	58	130	1254	0	65936
8073	65673	99	107	814	0	66693
8074	1240	66348	121	355	0	68064
8075	794	660	65522	279	0	67255
8076	245	643	676	65458	0	67022
8077	66699	137	682	837	0	68355
8078	754	65380	189	880	0	67203
8079	746	65477	155	302	0	66680
8080	66658	1258	109	274	0	68299
8081	67102	722	91	253	0	68168
8082	1458	190	100	66109	0	67857
8083	878	153	66581	845	0	68457
8084	347	165	67536	842	0	68890
8085	69319	147	1440	411	0	71317
8086	72592	114	814	324	0	73844
8087	72235	111	205	274	0	72825
8088	71765	99	142	271	0	72277
8089	71531	84	98	280	0	71993
8090	1469	70776	119	300	0	72664
8091	870	795	119	67546	0	69330
8092	256	74419	111	732	0	75518
8093	75413	742	130	824	0	77109
8094	74922	703	143	329	0	76097
8095	75046	140	96	255	0	75537
8096	74532	108	80	243	0	74963
8097	1273	73278	124	260	0	74935
8098	73191	613	77	267	0	74148
8099	727	73602	112	227	0	74668
8100	756	800	105	73460	0	75121
8101	72681	571	97	744	0	74093
8102	766	202	74802	663	0	76433
8103	720	137	558	73688	0	75103
8104	290	152	535	77528	0	78505
8105	276	190	77379	1158	0	79003
8106	222	77854	607	759	0	79442
8107	77947	616	553	285	0	79401
8108	77494	551	132	233	0	78410
8109	1164	77188	130	434	0	78916
8110	736	628	111	77216	0	78691
8111	410	627	79142	669	0	80848
8112	280	82466	618	668	0	84032
8113	81998	672	571	408	0	83649
8114	777	645	83012	225	0	84659
8115	74231	192	613	248	0	75284
8116	80156	173	493	288	0	81110
8117	1250	180	83691	214	0	85335
8118	717	83923	592	218	0	85450
8119	400	700	520	84060	0	85680
8120	331	590	86085	607	0	87613
8121	78358	188	613	635	0	79794
8122	84763	175	486	257	0	85681
8123	1114	85106	158	268	0	86646
8124	709	577	121	85073	0	86480
8125	323	564	85	86612	0	87584
8126	350	218	86786	975	0	88329
8127	224	87663	573	623	0	89083
8128	91338	604	485	505	0	92932
8129	91854	495	144	319	0	92812
8130	92936	182	120	312	0	93550
8131	1102	226	91480	238	0	93046
8132	88478	158	541	249	0	89426
8133	92476	168	477	219	0	93340
8134	1141	164	134	92342	0	93781
8135	632	192	90033	542	0	91399
8136	332	192	494	89189	0	90207
8137	320	225	90926	553	0	92024
8138	304	300	482	87422	0	88508
8139	236	89582	455	562	0	90835
8140	220	93478	172	459	0	94329
8141	298	812	180	93920	0	95210
8142	279	433	124	92106	0	92942
8143	90904	159	107	956	0	92126
8144	645	217	92000	458	0	93320
8145	86326	122	481	280	0	87209
8146	570	93035	436	207	0	94248
8147	92935	487	125	193	0	93740
8148	92726	415	145	197	0	93483
8149	914	142	108	92263	0	93427
8150	611	195	94939	486	0	96231
8151	313	134	469	94201	0	95117
8152	233	99657	462	556	0	100908
8153	250	543	148	100310	0	101251
8154	247	474	127	101022	0	101870
8155	99863	138	129	1035	0	101165
8156	667	172	95	97750	0	98684
8157	597	96311	137	681	0	97726
8158	260	550	112	98252	0	99174
8159	98991	493	94	695	0	100273
8160	657	100091	133	636	0	101517
8161	641	765	105	102747	0	104258
8162	233	624	94	103678	0	104629
8163	224	168	118	109650	0	110160
8164	235	121	106	109103	0	109565
8165	108592	132	88	1676	0	110488
8166	1007	122	110	110657	0	111896
8167	890	172	104	111355	0	112521
8168	298	223	109	111666	0	112296
8169	197	112659	139	1909	0	114904
8170	110579	1030	142	1126	0	112877
8171	1256	1019	112155	295	0	114725
8172	939	109447	1000	307	0	111693
8173	106135	930	902	284	0	108251
8174	1119	919	109762	180	0	111980
8175	873	109625	932	237	0	111667
8176	303	1364	914	106608	0	109189
8177	149	110505	211	915	0	111780
8178	186	939	108773	789	0	110687
8179	227	906	109685	265	0	111083
8180	119	109358	1557	293	0	111327
8181	109425	840	952	246	0	111463
8182	109311	828	201	263	0	110603
8183	1591	218	106955	170	0	108934
8184	934	189	101103	162	0	102388
8185	282	157	104174	156	0	104769
8186	183	87	1678	101093	0	103041
8187	133	108	923	102936	0	104100
8188	140	83	201	106075	0	106499
8189	191	147	107081	1831	0	109250
8190	147	108	926	103479	0	104660
8191	156	111	894	106865	0	108026
8192	167	147	104615	1820	0	106749
8193	93516	143	1086	1292	0	96037
8194	1054	106	986	106621	0	108767
8195	1105	99	271	104990	0	106465
8196	239	107219	203	2036	0	109697
8197	106956	1006	250	1331	0	109543
8198	1107	1119	106942	341	0	109509
8199	104950	280	1100	290	0	106620
8200	1247	174	1115	106488	0	109024
8201	1230	340	107575	1191	0	110336
8202	357	172	1148	105987	0	107664
8203	105897	165	1205	1450	0	108717
8204	1156	225	105240	1243	0	107864
8205	102669	165	1230	473	0	104537
8206	104232	155	1232	395	0	106014
8207	105647	140	352	409	0	106548
8208	2229	103711	335	406	0	106681
8209	1432	1089	242	106178	0	108941
8210	109558	1126	288	1331	0	112303
8211	109223	279	318	1342	0	111162
8212	111563	184	246	558	0	112551
8213	2743	238	106665	344	0	109990
8214	112559	156	1351	408	0	114474
8215	1816	153	1501	119271	0	122741
8216	1779	201	118701	1866	0	122547
8217	604	163	1788	121315	0	123870
8218	453	136	1793	122059	0	124441
8219	449	218	121803	3878	0	126348
8220	409	153	2022	122572	0	125156
8221	369	136	2094	126005	0	128604
8222	383	247	139178	4219	0	144027
8223	144217	205	2667	2745	0	149834
8224	156607	137	2716	887	0	160347
8225	5585	169	845	159400	0	165999
8226	3714	218	158684	3240	0	165856
8227	1265	177	3139	156472	0	161053
8228	847	154603	3291	3809	0	162550
8229	871	2819	907	156579	0	161176
8230	767	3004	613	157458	0	161842
8231	155237	657	610	6485	0	162989
8232	156245	399	582	4293	0	161519
8233	160337	414	484	1613	0	162848
8234	6897	328	461	155258	0	162944
8235	4471	299	438	158090	0	163298
8236	1759	356	153803	6708	0	162626
8237	1458	411	3200	150632	0	155701
8238	1216	153220	3376	4192	0	162004
8239	152701	2908	997	4239	0	160845
8240	3496	152217	934	2253	0	158900
8241	153647	3447	761	1594	0	159449
8242	4157	3411	747	141763	0	150078
8243	3881	148562	858	3776	0	157077
8244	149292	3271	677	4129	0	157369
8245	151019	3409	756	1771	0	156955
8246	6764	972	738	147410	0	155884
8247	4474	148292	719	4201	0	157686
8248	1927	3384	701	151097	0	157109
8249	1589	3484	147439	4500	0	157012
8250	143204	1077	3452	4321	0	152054
8251	4022	145480	3596	2101	0	155199
8252	144813	3305	1077	1617	0	150812
8253	4306	3465	823	143262	0	151856
8254	147258	1082	777	4244	0	153361
8255	4706	765	148496	4270	0	158237
8256	153401	698	3535	2099	0	159733
8257	153762	702	3663	1644	0	159771
8258	7963	576	151342	1734	0	161615
8259	5544	542	3775	148693	0	158554
8260	2639	510	3940	151287	0	158376
8261	146044	701	1349	7649	0	155743
8262	4516	145689	1179	5344	0	156728
8263	4488	4087	1021	140413	0	150009
8264	2121	3711	139338	4462	0	149632
8265	1929	1229	138919	4531	0	146608
8266	1960	135972	5902	2302	0	146136
8267	2326	3396	137760	1706	0	145188
8268	130695	3702	4271	1805	0	140473
8269	3971	1364	3761	128353	0	137449
8270	133495	840	1568	3970	0	139873
8271	4262	1072	130451	4093	0	139878
8272	4201	1029	3480	130134	0	138844
8273	2128	925	3552	132797	0	139402
8274	1879	1021	129174	6575	0	138649
8275	1927	926	3489	131377	0	137719
8276	128360	1000	3600	4536	0	137496
8277	130512	840	1478	4461	0	137291
8278	6961	722	1076	127952	0	136711
8279	129975	727	1051	4360	0	136113
8280	128670	704	978	4406	0	134758
8281	7188	124558	1034	2236	0	135016
8282	5199	3013	915	125297	0	134424
8283	126679	3175	973	4179	0	135006
8284	4661	1120	1042	128319	0	135142
8285	127387	879	957	4567	0	133790
8286	4925	913	901	126427	0	133166
8287	4783	901	124755	4858	0	135297
8288	2438	124320	3363	4740	0	134861
8289	2604	3371	3627	104390	0	113992
8290	2232	123890	1515	3673	0	131310
8291	118819	3638	1430	3898	0	127785
8292	3996	119883	1467	2032	0	127378
8293	4140	119172	1382	1850	0	126544
8294	2315	5937	1154	115451	0	124857
8295	115972	3971	1183	4099	0	125225
8296	4113	1598	974	117542	0	124227
8297	117334	1265	1001	4613	0	124213
8298	115347	1248	1038	4477	0	122110
8299	6431	114734	1142	2470	0	124777
8300	118990	3319	1188	1978	0	125475
8301	118112	3351	1178	1857	0	124498
8302	119849	1400	1188	1672	0	124109
8303	7772	1093	112205	1753	0	122823
8304	5403	1026	3111	112081	0	121621
8305	3180	891	3343	115248	0	122662
8306	2575	878	112228	6509	0	122190
8307	112594	743	3329	4593	0	121259
8308	115970	676	3553	2411	0	122610
8309	116075	780	1410	2163	0	120428
8310	111661	588	1067	2092	0	115408
8311	7316	105620	1036	2028	0	116000
8312	105995	2631	828	1677	0	111131
8313	5269	2862	779	101867	0	110777
8314	4703	1049	92966	3409	0	102127
8315	89328	729	2235	3167	0	95459
8316	3768	90335	2474	1704	0	98281
8317	85893	2307	882	1267	0	90349
8318	3574	84995	662	1336	0	90567
8319	3352	81352	580	1238	0	86522
8320	1891	81526	738	1153	0	85308
8321	1871	80041	1148	1219	0	84279
8322	1815	3164	62733	1104	0	68816
8323	1579	4301	2043	49828	0	57751
8324	736	520	47548	1273	0	50077
8325	39630	390	969	1122	0	42111
8326	1006	40451	882	585	0	42924
8327	1036	40699	296	538	0	42569
8328	550	1539	280	39087	0	41456
8329	579	1095	156	39641	0	41471
8330	488	524	38777	1522	0	41311
8331	453	476	38613	989	0	40531
8332	516	451	1340	38101	0	40408
8333	519	306	39172	968	0	40965
8334	590	38561	893	933	0	40977
8335	666	837	814	37690	0	40007
8336	693	861	257	40422	0	42233
8337	637	318	39657	1507	0	42119
8338	698	208	746	39646	0	41298
8339	39677	171	838	1071	0	41757
8340	1126	182	395	39608	0	41311
8341	1066	157	295	39645	0	41163
8342	526	170	38622	1742	0	41060
8343	36916	184	820	1145	0	39065
8344	1140	38879	872	507	0	41398
8345	1317	734	230	38401	0	40682
8346	823	796	38222	873	0	40714
8347	676	394	722	38393	0	40185
8348	38197	283	733	986	0	40199
8349	1194	310	38335	946	0	40785
8350	1108	364	821	37822	0	40115
8351	612	248	39026	978	0	40864
8352	491	38436	856	1017	0	40800
8353	623	804	37839	375	0	39641
8354	440	36756	801	373	0	38370
8355	322	583	30530	144	0	31579
8356	297	813	527	25585	0	27222
8357	91	27522	465	332	0	28410
8358	26880	377	102	372	0	27731
8359	378	381	67	27035	0	27861
8360	27522	133	68	396	0	28119
8361	442	98	54	28071	0	28665
8362	430	86	62	28386	0	28964
8363	28015	81	58	737	0	28891
8364	28554	68	66	482	0	29170
8365	782	66	67	29272	0	30187
8366	524	76	29879	429	0	30908
8367	187	29503	405	452	0	30547
8368	137	425	30140	140	0	30842
8369	114	30416	449	129	0	31108
8370	29698	406	443	134	0	30681
8371	420	416	29591	91	0	30518
8372	436	116	29413	106	0	30071
8373	131	76	727	28306	0	29240
8374	29123	62	445	428	0	30058
8375	423	70	30086	430	0	31009
8376	467	31408	404	139	0	32418
8377	32264	363	416	126	0	33169
8378	32806	398	122	152	0	33478
8379	33313	100	82	138	0	33633
8380	33446	74	82	114	0	33716
8381	33171	97	74	100	0	33442
8382	806	79	32425	115	0	33425
8383	472	215	387	30530	0	31604
8384	158	31891	402	358	0	32809
8385	31980	381	117	380	0	32858
8386	387	32437	107	114	0	33045
8387	30669	326	80	97	0	31172
8388	30207	299	86	88	0	30680
8389	578	30088	84	110	0	30860
8390	30619	311	73	86	0	31089
8391	383	311	68	30354	0	31116
8392	347	86	78	30761	0	31272
8393	136	63	30273	588	0	31060
8394	113	31002	321	386	0	31822
8395	117	328	337	31049	0	31831
8396	116	326	107	31540	0	32089
8397	109	83	78	31854	0	32124
8398	101	66	30778	625	0	31570
8399	28490	61	343	391	0	29285
8400	378	59	333	31007	0	31777
8401	31236	61	104	351	0	31752
8402	407	52	65	31208	0	31732
8403	390	63	31416	372	0	32241
8404	163	71	31426	366	0	32026
8405	29261	74	614	157	0	30106
8406	31210	69	376	112	0	31767
8407	630	30727	104	122	0	31583
8408	405	316	30772	77	0	31570
8409	137	331	330	30061	0	30859
8410	145	143	397	27248	0	27933
8411	31976	74	90	637	0	32777
8412	31933	56	61	395	0	32445
8413	32188	59	77	141	0	32465
8414	657	66	31393	106	0	32222
8415	31857	43	303	168	0	32371
8416	377	54	340	32063	0	32834
8417	420	55	96	32279	0	32850
8418	172	45	90	32425	0	32732
8419	119	32033	88	614	0	32854
8420	31484	294	94	368	0	32240
8421	373	328	73	31373	0	32147
8422	394	94	30951	348	0	31787
8423	166	62	311	30482	0	31021
8424	109	30903	367	352	0	31731
8425	31158	292	125	370	0	31945
8426	390	318	82	31094	0	31884
8427	428	96	83	30936	0	31543
8428	176	65	30980	607	0	31828
8429	143	66	314	30525	0	31048
8430	145	31061	355	368	0	31929
8431	168	300	109	31670	0	32247
8432	176	339	31445	368	0	32328
8433	27559	86	295	405	0	28345
8434	30177	61	309	164	0	30711
8435	574	30623	114	132	0	31443
8436	29890	226	55	104	0	30275
8437	30713	250	60	109	0	31132
8438	539	30587	89	116	0	31331
8439	380	294	53	30681	0	31408
8440	31300	288	78	336	0	32002
8441	322	32204	60	342	0	32928
8442	345	277	32445	104	0	33171
8443	31869	302	344	133	0	32648
8444	33470	79	297	126	0	33972
8445	33771	61	77	92	0	34001
8446	33552	55	43	94	0	33744
8447	625	34260	72	108	0	35065
8448	34850	279	52	126	0	35307
8449	35729	287	49	138	0	36203
8450	36257	72	44	101	0	36474
8451	685	75	36	35916	0	36712
8452	35841	53	51	387	0	36332
8453	372	36833	59	428	0	37692
8454	420	364	38277	98	0	39159
8455	161	395	400	39162	0	40118
8456	39372	57	446	468	0	40343
8457	511	71	39968	481	0	41031
8458	532	39	444	39852	0	40867
8459	161	53	40362	487	0	41063
8460	101	39924	464	604	0	41093
8461	130	441	447	39118	0	40136
8462	138	469	39385	457	0	40449
8463	91	39301	418	496	0	40306
8464	201	485	450	38208	0	39344
8465	38929	415	134	547	0	40025
8466	39315	39	73	480	0	39907
8467	39929	41	49	100	0	40119
8468	39789	39	39	79	0	39946
8469	39676	47	52	98	0	39873
8470	855	48	39742	72	0	40717
8471	39902	32	394	96	0	40424
8472	41204	37	413	111	0	41765
8473	834	61	63	41006	0	41964
8474	41392	43	42	431	0	41908
8475	39849	44	57	453	0	40403
8476	804	38730	76	96	0	39706
8477	515	390	47	38964	0	39916
8478	155	405	57	39360	0	39977
8479	39025	55	53	841	0	39974
8480	495	39177	65	511	0	40248
8481	509	40509	86	106	0	41210
8482	165	851	33	41060	0	42109
8483	133	482	54	41504	0	42173
8484	163	77	54	41627	0	41921
8485	115	79	44	42017	0	42255
8486	40557	62	48	978	0	41645
8487	40471	59	34	588	0	41152
8488	981	65	41065	124	0	42235
8489	602	58	438	40328	0	41426
8490	191	62	475	41351	0	42079
8491	157	79	40899	925	0	42060
8492	38566	63	474	599	0	39702
8493	548	40766	486	197	0	41997
8494	40834	449	81	136	0	41500
8495	576	482	60	40226	0	41344
8496	590	107	40483	523	0	41703
8497	187	124	460	41070	0	41841
8498	168	88	42991	549	0	43796
8499	149	43297	481	612	0	44539
8500	42470	462	544	178	0	43654
8501	42649	443	101	135	0	43328
8502	893	42871	97	134	0	43995
8503	572	431	65	42287	0	43355
8504	41797	442	59	527	0	42825
8505	483	41747	101	510	0	42841
8506	541	455	70	42033	0	43099
8507	42257	449	67	536	0	43309
8508	564	119	41990	490	0	43163
8509	41275	79	427	209	0	41990
8510	521	42469	477	159	0	43626
8511	42760	424	100	164	0	43448
8512	42409	467	92	149	0	43117
8513	928	129	42048	119	0	43224
8514	608	85	439	40578	0	41710
8515	227	82	451	42501	0	43261
8516	189	104	42439	897	0	43629
8517	179	82	436	41788	0	42485
8518	228	93	465	41371	0	42157
8519	43056	85	77	900	0	44118
8520	43225	74	101	574	0	43974
8521	936	74	77	42736	0	43823
8522	597	94	42910	549	0	44150
8523	219	81	461	43255	0	44016
8524	223	77	467	43647	0	44414
8525	217	80	44090	929	0	45316
8526	209	71	446	44929	0	45655
8527	44426	61	477	583	0	45547
8528	44560	67	101	597	0	45325
8529	890	44527	125	241	0	45783
8530	45672	444	85	248	0	46449
8531	45097	459	75	229	0	45860
8532	930	45969	100	195	0	47194
8533	47148	463	72	226	0	47909
8534	47045	468	77	184	0	47774
8535	48546	82	85	201	0	48914
8536	1008	90	47041	190	0	48329
8537	46523	67	432	191	0	47213
8538	607	110	473	47593	0	48783
8539	47817	62	99	583	0	48561
8540	619	96	47028	559	0	48302
8541	589	46223	486	189	0	47487
8542	46168	433	471	190	0	47262
8543	521	47929	107	168	0	48725
8544	591	446	87	47154	0	48278
8545	202	482	73	48293	0	49050
8546	48223	112	66	914	0	49315
8547	47284	81	102	601	0	48068
8548	1002	91	47273	194	0	48560
8549	520	83	44454	162	0	45219
8550	167	66	45545	112	0	45890
8551	180	302	775	44004	0	45261
8552	156	84	45177	421	0	45838
8553	191	75	43694	418	0	44378
8554	441	733	667	40887	0	42728
8555	43955	68	382	545	0	44950
8556	44432	29	90	379	0	44930
8557	44963	31	71	137	0	45202
8558	44979	28	66	137	0	45210
8559	594	38	45	44989	0	45666
8560	381	35	58	45611	0	46085
8561	163	75	47188	530	0	47956
8562	116	42	311	46473	0	46942
8563	129	44	362	46327	0	46862
8564	48389	31	87	705	0	49212
8565	48120	31	65	438	0	48654
8566	700	27	67	47537	0	48331
8567	48320	31	71	414	0	48836
8568	48555	30	79	477	0	49141
8569	731	38	72	48467	0	49308
8570	492	33	61	47877	0	48463
8571	176	57	47255	740	0	48228
8572	154	89	46540	458	0	47241
8573	145	84	671	47067	0	47967
8574	146	49	413	48085	0	48693
8575	139	67	48054	689	0	48949
8576	45641	33	348	476	0	46498
8577	46801	28	393	180	0	47402
8578	745	41	46922	136	0	47844
8579	449	46595	338	152	0	47534
8580	46810	231	420	172	0	47633
8581	391	336	49205	108	0	50040
8582	423	78	328	48358	0	49187
8583	169	51	383	50098	0	50701
8584	52425	46	105	756	0	53332
8585	56920	28	83	675	0	57706
8586	745	45	79	58010	0	58879
8587	535	27	68	61412	0	62042
8588	61408	35	79	839	0	62361
8589	61687	27	108	562	0	62384
8590	61594	25	97	223	0	61939
8591	921	50	62794	152	0	63917
8592	577	28	439	62767	0	63811
8593	185	32	494	64573	0	65284
8594	64234	21	126	955	0	65336
8595	497	64807	134	668	0	66106
8596	70095	407	104	263	0	70869
8597	764	71028	116	223	0	72131
8598	811	660	95	71325	0	72891
8599	267	638	98	72081	0	73084
8600	220	122	71626	1433	0	73401
8601	211	69	745	71737	0	72762
8602	208	99	72623	944	0	73874
8603	214	61	824	72707	0	73806
8604	202	70	803	72227	0	73302
8605	206	70447	223	1572	0	72448
8606	206	73512	159	1010	0	74887
8607	238	1439	154	71202	0	73033
8608	265	816	136	74252	0	75469
8609	254	135	148	75568	0	76105
8610	246	77	143	76321	0	76787
8611	233	92	117	77082	0	77524
8612	233	107	75210	1850	0	77400
8613	221	96	866	75286	0	76469
8614	249	82	886	76385	0	77602
8615	243	119	74084	1833	0	76279
8616	207	73465	896	1290	0	75858
8617	242	795	876	74235	0	76148
8618	266	875	73883	1068	0	76092
8619	188	74540	927	1163	0	76818
8620	212	858	905	74963	0	76938
8621	76422	823	217	1198	0	78660
8622	1010	184	199	76959	0	78352
8623	999	165	158	77774	0	79096
8624	277	117	145	79095	0	79634
8625	265	130	157	77349	0	77901
8626	205	74882	182	2069	0	77338
8627	232	833	150	77224	0	78439
8628	78635	865	175	1461	0	81136
8629	950	187	164	80346	0	81647
8630	972	141	157	79704	0	80974
8631	306	131	165	81256	0	81858
8632	77521	134	186	2069	0	79910
8633	77786	139	189	1430	0	79544
8634	1755	140	184	78434	0	80513
8635	76642	134	116	1227	0	78119
8636	75967	136	164	1266	0	77533
8637	1526	76441	169	618	0	78754
8638	76448	762	150	554	0	77914
8639	868	76755	195	497	0	78315
8640	829	76877	180	517	0	78403
8641	337	1426	212	77632	0	79607
8642	268	904	79147	1120	0	81439
8643	260	284	788	77605	0	78937
8644	233	200	826	78367	0	79626
8645	161	78066	249	1788	0	80264
8646	77549	794	185	1179	0	79707
8647	830	818	141	78235	0	80024
8648	851	314	81616	1131	0	83912
8649	290	233	739	81461	0	82723
8650	156	83969	795	1210	0	86130
8651	84255	800	197	1307	0	86559
8652	860	830	155	85285	0	87130
8653	922	317	86901	1240	0	89380
8654	351	220	798	87822	0	89191
8655	237	86878	882	1312	0	89309
8656	241	882	206	89057	0	90386
8657	92832	904	207	1474	0	95417
8658	94394	297	183	1448	0	96322
8659	95375	235	187	759	0	96556
8660	2053	95547	263	750	0	98613
8661	96222	1074	196	712	0	98204
8662	1286	1121	173	96396	0	98976
8663	96101	313	154	1632	0	98200
8664	1287	96524	221	1614	0	99646
8665	1291	1219	160	98496	0	101166
8666	429	1267	98876	1579	0	102151
8667	91019	356	1118	1767	0	94260
8668	1157	99206	1175	833	0	102371
8669	1240	1257	260	100183	0	102940
8670	438	1175	203	102692	0	104508
8671	350	358	177	103229	0	104114
8672	387	270	142	100243	0	101042
8673	283	100642	219	2720	0	103864
8674	101248	1205	175	1785	0	104413
8675	101330	1238	173	829	0	103570
8676	2346	426	102490	674	0	105936
8677	1527	289	1113	102726	0	105655
8678	538	339	104470	1605	0	106952
8679	100799	285	1285	1679	0	104048
8680	104271	269	1225	735	0	106500
8681	102241	251	280	688	0	103460
8682	2523	269	195	98145	0	101132
8683	1505	99261	187	1560	0	102513
8684	99944	1223	159	1591	0	102917
8685	1577	1256	165	96693	0	99691
8686	97352	371	249	1639	0	99611
8687	1591	320	93847	1532	0	97290
8688	1494	314	93298	587	0	95693
8689	94514	254	2116	573	0	97457
8690	1539	253	1275	95949	0	99016
8691	95353	197	301	1566	0	97417
8692	1506	95016	238	1567	0	98327
8693	96224	1260	155	627	0	98266
8694	96346	1295	214	596	0	98451
8695	2576	432	94869	452	0	98329
8696	1325	258	88186	329	0	90098
8697	439	88624	1861	336	0	91260
8698	748	1048	1358	87592	0	90746
8699	88711	958	476	1137	0	91282
8700	1140	224	155	89177	0	90696
8701	1202	205	138	91288	0	92833
8702	525	227	89342	1833	0	91927
8703	85156	181	890	1274	0	87501
8704	1220	269	1000	91364	0	93853
8705	1283	227	91060	1090	0	93660
8706	494	296	89785	1097	0	91672
8707	493	438	1786	89407	0	92124
8708	430	217	91357	1156	0	93160
8709	438	223	90379	1119	0	92159
8710	466	285	1797	80680	0	83228
8711	413	254	92176	1119	0	93962
8712	421	200	1042	88219	0	89882
8713	367	89834	1034	1172	0	92407
8714	93447	938	313	1222	0	95920
8715	1122	96650	317	583	0	98672
8716	1251	1230	266	94403	0	97150
8717	480	99768	240	1335	0	101823
8718	430	1304	102341	1265	0	105340
8719	491	1202	1433	113650	0	116776
8720	511	380	127444	2106	0	130441
8721	121618	232	2403	1951	0	126204
8722	2450	130513	2125	551	0	135639
8723	132604	2307	502	515	0	135928
8724	2855	2063	375	129467	0	134760
8725	131582	481	417	2485	0	134965
8726	3004	386	130440	2271	0	136101
8727	2501	131000	2474	676	0	136651
8728	129431	2358	2219	565	0	134573
8729	2782	2208	617	122700	0	128307
8730	2488	129320	509	2341	0	134658
8731	874	2585	411	132052	0	135922
8732	132090	2249	393	2969	0	137701
8733	2738	139197	471	2670	0	145076
8734	141576	2791	414	866	0	145647
8735	3353	2728	137900	573	0	144554
8736	137652	602	2941	529	0	141724
8737	3479	423	2662	138617	0	145181
8738	139398	338	701	3043	0	143480
8739	3214	137435	590	2850	0	144089
8740	2961	2813	473	137758	0	144005
8741	968	2604	417	140649	0	144638
8742	760	675	134896	5301	0	141632
8743	730	487	2821	135157	0	139195
8744	750	373	2700	137839	0	141662
8745	750	376	760	139777	0	141663
8746	742	383	553	140475	0	142153
8747	660	370	135945	5896	0	142871
8748	601	130989	3146	3458	0	138194
8749	729	2878	2794	131487	0	137888
8750	128814	2625	705	3360	0	135504
8751	130052	588	575	3073	0	134288
8752	5252	130215	660	1146	0	137273
8753	130304	2854	502	932	0	134592
8754	128483	2572	627	767	0	132449
8755	128395	664	557	782	0	130398
8756	5533	123195	529	901	0	130158
8757	120118	2688	433	657	0	123896
8758	3296	2801	372	115678	0	122147
8759	2694	651	115141	2960	0	121446
8760	867	114997	2607	2685	0	121156
8761	903	2765	2566	114214	0	120448
8762	669	2367	113227	2859	0	119122
8763	109769	583	2688	2569	0	115609
8764	2886	419	2275	112955	0	118535
8765	2559	388	543	114284	0	117774
8766	865	440	384	114712	0	116401
8767	755	425	346	115216	0	116742
8768	685	394	108971	5092	0	115142
8769	99941	375	2606	2985	0	105907
8770	2711	107514	2322	1072	0	113619
8771	107997	2461	617	792	0	111867
8772	2898	108609	476	697	0	112680
8773	109191	2780	393	657	0	113021
8774	3047	2325	337	106937	0	112646
8775	2623	646	106867	2835	0	112971
8776	934	469	107443	2578	0	111424
8777	736	537	4413	105209	0	110895
8778	727	437	2474	107411	0	111049
8779	691	407	653	109826	0	111577
8780	104776	414	473	5024	0	110687
8781	2913	489	105518	2847	0	111767
8782	2499	104233	2520	1200	0	110452
8783	910	107367	2215	928	0	111420
8784	102787	4204	572	943	0	108506
8785	2805	2446	103483	799	0	109533
8786	2445	102424	2533	943	0	108345
8787	1007	2510	102409	720	0	106646
8788	819	2280	2640	99941	0	105680
8789	804	693	101695	2717	0	105909
8790	772	578	101027	2419	0	104796
8791	800	567	4137	99170	0	104674
8792	722	549	100853	2754	0	104878
8793	744	511	100613	2473	0	104341
8794	791	446	4222	96363	0	101822
8795	97101	453	2443	2775	0	102772
8796	2657	518	97405	2600	0	103180
8797	2470	419	2541	95758	0	101188
8798	869	404	2251	98875	0	102399
8799	96399	420	777	4493	0	102089
8800	2614	425	624	97950	0	101613
8801	96139	353	573	3077	0	100142
8802	2723	94173	607	2697	0	100200
8803	2446	2286	544	94626	0	99902
8804	94974	2062	511	2841	0	100388
8805	96129	581	505	2559	0	99774
8806	4474	387	538	94096	0	99495
8807	2617	426	94646	2850	0	100539
8808	90166	387	2480	2583	0	95616
8809	2548	94591	2283	1047	0	100469
8810	94441	2271	748	1046	0	98506
8811	94212	2026	557	883	0	97678
8812	95332	576	550	803	0	97261
8813	4492	435	91401	802	0	97130
8814	2474	89673	2347	788	0	95282
8815	1054	2811	2074	87174	0	93113
8816	1036	2624	635	88365	0	92660
8817	771	574	85584	3852	0	90781
8818	645	79250	1955	2234	0	84084
8819	370	65810	1373	628	0	68181
8820	311	57797	335	343	0	58786
8821	53359	1565	1734	361	0	57019
8822	1126	838	217	52130	0	54311
8823	887	186	189	52895	0	54157
8824	324	173	52786	1441	0	54724
8825	49272	145	733	920	0	51070
8826	799	150	757	52387	0	54093
8827	874	568	213	52738	0	54393
8828	339	131	52309	1390	0	54169
8829	207	51906	735	904	0	53752
8830	319	1093	731	51204	0	53347
8831	249	679	50992	735	0	52655
8832	148	46627	537	722	0	48034
8833	41344	342	398	188	0	42272
8834	444	363	43418	128	0	44353
8835	394	113	314	41202	0	42023
8836	94	42982	373	336	0	43785
8837	42895	329	157	360	0	43741
8838	390	342	64	42982	0	43778
8839	43404	93	77	389	0	43963
8840	43082	60	92	388	0	43622
8841	583	43297	87	128	0	44095
8842	43466	323	73	143	0	44005
8843	44620	320	82	188	0	45210
8844	620	110	44916	119	0	45765
8845	44115	66	316	133	0	44630
8846	379	89	45153	91	0	45712
8847	43761	46	258	96	0	44161
8848	44571	53	281	109	0	45014
8849	541	75	46306	89	0	47011
8850	351	103	238	45801	0	46493
8851	123	70	48096	254	0	48543
8852	96	95	46017	279	0	46487
8853	104	99	50281	85	0	50569
8854	84	83	525	49118	0	49810
8855	70	83	281	55167	0	55601
8856	81	37	69	55855	0	56042
8857	77	46	61	56928	0	57112
8858	97	70	57142	776	0	58085
8859	72	53	412	53464	0	54001
8860	77	51794	442	521	0	52834
8861	106	412	57740	449	0	58707
8862	79	435	442	56380	0	57336
8863	100	100	59170	455	0	59825
8864	61	57668	472	556	0	58757
8865	66	58711	498	144	0	59419
8866	98	852	107	58383	0	59440
8867	97	518	58465	480	0	59560
8868	107	139	58787	525	0	59558
8869	95	91	887	58643	0	59716
8870	85	62	557	60210	0	60914
8871	96	65	118	61491	0	61770
8872	112	88	60837	1021	0	62058
8873	67	61098	523	664	0	62352
8874	66	63607	583	161	0	64417
8875	95	1031	126	62976	0	64228
8876	105	624	62525	535	0	63789
8877	118	148	62920	633	0	63819
8878	65	65109	1086	207	0	66467
8879	65380	520	675	202	0	66777
8880	525	66569	185	181	0	67460
8881	659	641	69115	143	0	70558
8882	68334	638	703	150	0	69825
8883	726	149	778	71081	0	72734
8884	72690	87	186	852	0	73815
8885	811	103	127	72680	0	73721
8886	850	93	116	73326	0	74385
8887	72662	111	120	1639	0	74532
8888	799	74840	136	1064	0	76839
8889	942	846	74755	239	0	76782
8890	160	76931	854	224	0	78169
8891	75289	888	922	206	0	77305
8892	804	76640	213	236	0	77893
8893	76559	897	124	216	0	77796
8894	75869	913	136	184	0	77102
8895	1633	76280	157	235	0	78305
8896	1014	872	129	75318	0	77333
8897	75384	935	141	931	0	77391
8898	75850	203	143	981	0	77177
8899	1703	170	137	74925	0	76935
8900	1067	175	74110	911	0	76263
8901	270	161	74825	981	0	76237
8902	177	186	1693	74786	0	76842
8903	215	139	74598	966	0	75918
8904	70156	158	949	1072	0	72335
8905	867	72828	970	372	0	75037
8906	965	878	197	74005	0	76045
8907	298	959	187	74189	0	75633
8908	187	227	181	74661	0	75256
8909	198	174	169	73943	0	74484
8910	183	155	198	74402	0	74938
8911	236	194	72608	1838	0	74876
8912	169	72961	924	1169	0	75223
8913	73168	904	988	344	0	75404
8914	960	955	272	72424	0	74611
8915	1037	256	163	73162	0	74618
8916	296	186	195	73590	0	74267
8917	220	72613	203	2029	0	75065
8918	299	937	176	74177	0	75589
8919	275	1019	165	74302	0	75761
8920	71900	219	193	1967	0	74279
8921	912	70773	209	1298	0	73192
8922	1018	71607	217	449	0	73291
8923	294	1776	157	71430	0	73657
8924	70262	1086	187	1136	0	72671
8925	1004	315	70662	1164	0	73145
8926	66373	263	960	526	0	68122
8927	1113	247	72492	383	0	74235
8928	1083	246	1009	71053	0	73391
8929	356	228	986	72973	0	74543
8930	292	246	258	73060	0	73856
8931	294	241	196	72700	0	73431
8932	264	202	218	72903	0	73587
8933	71161	183	205	2041	0	73590
8934	1031	231	70265	1249	0	72776
8935	1106	182	934	71202	0	73424
8936	326	226	73711	1205	0	75468
8937	256	73165	1051	1348	0	75820
8938	72690	914	1049	577	0	75230
8939	1060	1060	75148	514	0	77782
8940	1155	287	980	75982	0	78404
8941	364	215	1060	78745	0	80384
8942	272	218	78347	2227	0	81064
8943	280	238	78424	1435	0	80377
8944	321	232	1985	73983	0	76521
8945	77725	203	1194	1408	0	80530
8946	77912	190	363	1380	0	79845
8947	2039	77655	260	596	0	80550
8948	78930	1042	221	528	0	80721
8949	1294	1112	212	74044	0	76662
8950	1219	77426	223	1378	0	80246
8951	448	1055	194	78517	0	80214
8952	341	1116	79115	1436	0	82008
8953	421	274	1046	75403	0	77144
8954	537	240	1048	76287	0	78112
8955	71636	171	248	1964	0	74019
8956	976	71732	238	1357	0	74303
8957	71432	919	190	460	0	73001
8958	1000	71075	222	468	0	72765
8959	68766	926	186	410	0	70288
8960	974	69022	215	410	0	70621
8961	966	68822	205	388	0	70381
8962	68804	1542	257	437	0	71040
8963	1050	990	239	65050	0	67329
8964	960	67758	218	985	0	69921
8965	68718	846	260	1113	0	70937
8966	68710	846	167	494	0	70217
8967	70038	219	172	410	0	70839
8968	68872	188	176	407	0	69643
8969	1677	68284	208	393	0	70562
8970	986	837	184	67987	0	69994
8971	354	846	173	69371	0	70744
8972	69040	240	169	1747	0	71196
8973	987	184	150	68263	0	69584
8974	67037	190	168	1061	0	68456
8975	941	191	65792	986	0	67910
8976	63563	162	720	557	0	65002
8977	946	204	66094	361	0	67605
8978	967	568	770	63654	0	65959
8979	63578	155	767	884	0	65384
8980	804	62963	211	892	0	64870
8981	59543	556	128	329	0	60556
8982	642	59830	115	267	0	60854
8983	700	756	114	61774	0	63344
8984	244	555	60872	589	0	62260
8985	54468	376	670	654	0	56168
8986	523	60503	486	211	0	61723
8987	597	605	126	59756	0	61084
8988	239	425	83	58946	0	59693
8989	185	151	95	58665	0	59096
8990	199	157	58129	847	0	59332
8991	158	57939	417	570	0	59084
8992	57256	427	399	231	0	58313
8993	57185	408	112	211	0	57916
8994	764	57270	121	180	0	58335
8995	58698	414	92	283	0	59487
8996	554	414	65	58106	0	59139
8997	472	58572	102	464	0	59610
8998	58333	420	104	464	0	59321
8999	525	451	57749	199	0	58924
9000	482	58570	395	195	0	59642
9001	266	456	379	58793	0	59894
9002	198	435	97	59649	0	60379
9003	204	180	58891	735	0	60010
9004	179	183	406	57194	0	57962
9005	170	152	59497	541	0	60360
9006	153	115	436	58914	0	59618
9007	200	95	393	60214	0	60902
9008	163	110	111	61155	0	61539
9009	193	120	81	62774	0	63168
9010	188	174	62172	900	0	63434
9011	204	149	66880	555	0	67788
9012	140	71753	1060	301	0	73254
9013	198	866	697	74643	0	76404
9014	227	858	77528	946	0	79559
9015	170	77207	954	999	0	79330
9016	211	1136	921	79359	0	81627
9017	207	975	82916	1082	0	85180
9018	76753	189	1118	1067	0	79127
9019	86018	145	976	253	0	87392
9020	2100	120	190	85359	0	87769
9021	1259	173	85293	1210	0	87935
9022	352	181	1139	85170	0	86842
9023	84832	113	1116	1375	0	87436
9024	1153	86754	247	1300	0	89454
9025	89784	1156	146	442	0	91528
9026	90462	1110	108	380	0	92060
9027	2294	226	152	87479	0	90151
9028	1344	158	125	89092	0	90719
9029	397	132	124	89949	0	90602
9030	287	121	139	89754	0	90301
9031	266	126	152	89897	0	90441
9032	87618	132	135	2487	0	90372
9033	88092	122	144	1471	0	89829
9034	88795	145	161	465	0	89566
9035	2386	163	84293	319	0	87161
9036	83960	148	1099	336	0	85543
9037	1470	255	1111	84151	0	86987
9038	1256	214	83798	1403	0	86671
9039	320	82367	1279	1359	0	85325
9040	358	1526	1213	80497	0	83594
9041	295	1079	263	79954	0	81591
9042	308	80589	247	2089	0	83233
9043	363	1079	207	82806	0	84455
9044	327	1097	81595	1410	0	84429
9045	298	260	82539	1381	0	84478
9046	297	183	2260	82662	0	85402
9047	81912	153	1342	1493	0	84900
9048	81932	163	297	1445	0	83837
9049	2435	264	82008	480	0	85187
9050	1484	77773	1217	490	0	80964
9051	464	79873	1240	491	0	82068
9052	75791	2117	297	491	0	78696
9053	1372	1286	76814	529	0	80001
9054	1351	313	1199	75486	0	78349
9055	75616	174	1214	1515	0	78519
9056	1397	75130	303	1538	0	78368
9057	1418	76965	216	577	0	79176
9058	76074	2114	269	416	0	78873
9059	1499	1293	218	77174	0	80184
9060	83782	270	230	1538	0	85820
9061	1774	186	250	92497	0	94707
9062	1760	194	251	93551	0	95756
9063	556	273	92131	3451	0	96411
9064	469	239	1652	94212	0	96572
9065	423	296	1713	94517	0	96949
9066	93814	227	448	3658	0	98147
9067	1873	242	352	96214	0	98681
9068	1917	301	94507	2387	0	99112
9069	93214	194	1830	2278	0	97516
9070	1927	195	1940	94736	0	98798
9071	95484	208	548	2224	0	98464
9072	2204	91115	423	2275	0	96017
9073	2108	94927	378	831	0	98244
9074	94030	3295	444	601	0	98370
9075	94609	2113	348	604	0	97674
9076	3701	582	360	92879	0	97522
9077	2431	443	91910	2005	0	96789
9078	936	327	1838	94104	0	97205
9079	91555	319	1950	2404	0	96228
9080	2042	91883	612	2394	0	96931
9081	2222	1872	349	91716	0	96159
9082	91950	1993	350	2294	0	96587
9083	2186	643	89163	2365	0	94357
9084	90069	351	1789	1122	0	93331
9085	86613	310	1931	972	0	89826
9086	3747	330	88894	889	0	93860
9087	2464	312	90381	873	0	94030
9088	1083	241	3534	87045	0	91903
9089	939	248	2206	87461	0	90854
9090	766	90908	666	3844	0	96184
9091	787	1844	453	93262	0	96346
9092	801	2099	92063	2618	0	97581
9093	829	560	1992	93876	0	97257
9094	883	326	2045	96767	0	100021
9095	833	363	93432	4199	0	98827
9096	748	92953	2064	2954	0	98719
9097	744	1880	2168	93624	0	98416
9098	775	2070	694	95624	0	99163
9099	94376	608	434	4170	0	99588
9100	2404	467	413	95338	0	98622
9101	2526	424	93099	2790	0	98839
9102	92036	404	2108	2655	0	97203
9103	94388	437	2155	1243	0	98223
9104	95991	417	737	966	0	98111
9105	4370	421	91334	873	0	96998
9106	2727	349	2185	90302	0	95563
9107	1102	316	2352	91940	0	95710
9108	1027	318	832	93021	0	95198
9109	87406	370	595	4227	0	92598
9110	2272	86693	603	3010	0	92578
9111	2118	1605	79591	1058	0	84372
9112	725	77868	1543	888	0	81024
9113	602	74589	1609	768	0	77568
9114	581	74081	666	693	0	76021
9115	1092	3232	1019	70143	0	75486
9116	525	1639	69378	1633	0	73175
9117	61223	626	1370	1835	0	65054
9118	1293	66092	1421	916	0	69722
9119	63982	1052	484	735	0	66253
9120	1345	66391	389	674	0	68799
9121	67059	1248	390	616	0	69313
9122	1518	68476	354	574	0	70922
9123	1718	1356	68779	543	0	72396
9124	776	1360	1194	68053	0	71383
9125	518	481	1411	71177	0	73587
9126	70494	325	535	2657	0	74011
9127	1471	284	314	76099	0	78168
9128	1735	332	75027	1951	0	79045
9129	751	303	1441	76676	0	79171
9130	528	404	76565	1985	0	79482
9131	490	75127	1734	2085	0	79436
9132	583	1548	1723	69254	0	73108
9133	437	76976	611	1582	0	79606
9134	75897	1648	412	1764	0	79721
9135	1651	1643	431	75577	0	79302
9136	1828	497	75529	1742	0	79596
9137	706	418	75005	1888	0	78017
9138	73324	405	2795	782	0	77306
9139	1651	437	1798	73769	0	77655
9140	1748	490	73641	1603	0	77482
9141	679	475	71732	1792	0	74678
9142	405	72301	2792	816	0	76314
9143	502	1629	1881	65351	0	69363
9144	379	71738	687	1573	0	74377
9145	456	1561	440	70753	0	73210
9146	70674	1461	436	1837	0	74408
9147	1456	516	451	72012	0	74435
9148	1616	385	428	72476	0	74905
9149	71544	385	423	2923	0	75275
9150	1465	401	427	74104	0	76397
9151	1696	437	379	70939	0	73451
9152	646	73155	421	2841	0	77063
9153	73399	1454	367	1985	0	77205
9154	74387	1616	412	862	0	77277
9155	2839	507	462	73765	0	77573
9156	1903	375	473	74015	0	76766
9157	741	398	415	73842	0	75396
9158	477	70140	489	3165	0	74271
9159	456	71880	459	2133	0	74928
9160	772	2408	346	64684	0	68210
9161	54885	972	217	1015	0	57089
9162	54419	264	203	1076	0	55962
9163	1524	53841	231	420	0	56016
9164	51853	823	222	301	0	53199
9165	797	52115	186	348	0	53446
9166	835	51435	185	374	0	52829
9167	819	1583	338	50051	0	52791
9168	49281	872	300	909	0	51362
9169	755	48493	190	999	0	50437
9170	819	49593	194	390	0	50996
9171	328	1364	158	49453	0	51303
9172	282	835	135	50197	0	51449
9173	235	302	49305	1497	0	51339
9174	48026	210	729	1021	0	49986
9175	48800	245	772	423	0	50240
9176	1451	219	50040	379	0	52089
9177	905	243	50265	375	0	51788
9178	272	244	1396	50422	0	52334
9179	322	216	846	51539	0	52923
9180	263	51022	213	1643	0	53141
9181	259	848	186	52276	0	53569
9182	287	945	51167	1103	0	53502
9183	290	289	791	51240	0	52610
9184	250	291	862	51331	0	52734
9185	49925	260	238	1764	0	52187
9186	909	266	49590	1179	0	51944
9187	47748	229	829	501	0	49307
9188	938	290	48958	455	0	50641
9189	942	237	871	46609	0	48659
9190	318	251	47068	992	0	48629
9191	259	267	46558	1043	0	48127
9192	306	421	1483	45340	0	47550
9193	44245	293	1190	1139	0	46867
9194	43044	204	343	985	0	44576
9195	1378	43842	299	428	0	45947
9196	44300	779	307	390	0	45776
9197	43518	850	224	391	0	44983
9198	1380	43708	284	382	0	45754
9199	893	838	246	44159	0	46136
9200	303	833	255	44898	0	46289
9201	266	268	236	45227	0	45997
9202	294	218	216	45513	0	46241
9203	269	235	43993	1715	0	46212
9204	41576	160	837	1151	0	43724
9205	864	182	864	44226	0	46136
9206	949	194	276	43705	0	45124
9207	346	44437	222	1591	0	46596
9208	341	816	182	45787	0	47126
9209	293	858	45249	1122	0	47522
9210	42056	279	767	1218	0	44320
9211	922	256	45813	564	0	47555
9212	996	206	781	44090	0	46073
9213	43995	186	787	1063	0	46031
9214	874	44823	192	1160	0	47049
9215	1035	760	115	46193	0	48103
9216	344	930	46092	1049	0	48415
9217	336	284	735	46584	0	47939
9218	45301	225	877	1085	0	47488
9219	926	252	45827	1088	0	48093
9220	1019	225	44630	458	0	46332
9221	325	44234	1474	385	0	46418
9222	41827	826	871	356	0	43880
9223	792	41594	230	366	0	42982
9224	827	789	40004	301	0	41921
9225	236	659	37478	239	0	38612
9226	198	36743	1152	243	0	38336
9227	31587	409	747	143	0	32886
9228	422	31701	183	133	0	32439
9229	455	413	125	30653	0	31646
9230	112	444	92	31269	0	31917
9231	114	93	30993	804	0	32004
9232	98	73	413	30933	0	31517
9233	93	72	31782	459	0	32406
9234	30626	62	448	525	0	31661
9235	31547	57	472	149	0	32225
9236	31886	68	121	133	0	32208
9237	836	70	31008	151	0	32065
9238	31131	55	440	143	0	31769
9239	466	70	472	29513	0	30521
9240	482	31010	126	416	0	32034
9241	31026	380	141	482	0	32029
9242	460	433	30476	149	0	31518
9243	30211	75	400	136	0	30822
9244	30152	49	499	110	0	30810
9245	787	88	29774	118	0	30767
9246	479	29777	421	110	0	30787
9247	154	473	480	29640	0	30747
9248	133	422	29815	387	0	30757
9249	116	120	29100	439	0	29775
9250	153	218	668	27326	0	28365
9251	110	63	28406	351	0	28930
9252	95	44	354	27635	0	28128
9253	108	61	426	27042	0	27637
9254	101	62	101	28273	0	28537
9255	102	71	28025	676	0	28874
9256	87	66	364	28292	0	28809
9257	94	69	28666	394	0	29223
9258	100	57	399	28789	0	29345
9259	29364	57	436	400	0	30257
9260	387	70	139	29498	0	30094
9261	447	30276	106	401	0	31230
9262	132	368	99	31131	0	31730
9263	30763	447	100	463	0	31773
9264	406	31164	116	509	0	32195
9265	479	381	95	30886	0	31841
9266	30898	445	105	441	0	31889
9267	437	77	31105	528	0	32147
9268	494	79	437	30733	0	31743
9269	144	73	31670	480	0	32367
9270	120	81	31104	513	0	31818
9271	119	93	829	30529	0	31570
9272	30788	59	526	445	0	31818
9273	426	73	30348	500	0	31347
9274	30014	60	421	140	0	30635
9275	478	93	495	30300	0	31366
9276	466	73	30253	387	0	31179
9277	126	72	29780	452	0	30430
9278	118	67	30013	127	0	30325
9279	135	279	760	28138	0	29312
9280	28992	50	676	407	0	30125
9281	344	29284	135	442	0	30205
9282	412	320	111	28806	0	29649
9283	116	389	91	29501	0	30097
9284	29371	73	101	716	0	30261
9285	29438	47	114	458	0	30057
9286	673	29407	117	144	0	30341
9287	29966	312	103	141	0	30522
9288	29570	374	121	112	0	30177
9289	710	70	126	29237	0	30143
9290	451	75	29447	375	0	30348
9291	29127	63	365	434	0	29989
9292	413	65	410	29960	0	30848
9293	444	47	127	30039	0	30657
9294	29730	50	106	729	0	30615
9295	423	63	86	28933	0	29505
9296	444	56	79	28926	0	29505
9297	28456	56	89	720	0	29321
9298	373	29042	107	484	0	30006
9299	29232	298	95	150	0	29775
9300	396	355	29018	124	0	29893
9301	28847	45	384	140	0	29416
9302	417	41	406	28608	0	29472
9303	407	29424	120	386	0	30337
9304	151	308	78	30111	0	30648
9305	146	347	81	30011	0	30585
9306	138	62	88	30069	0	30357
9307	29129	40	71	694	0	29934
9308	361	28535	82	426	0	29404
9309	312	28208	89	109	0	28718
9310	27595	513	66	104	0	28278
9311	307	313	28805	88	0	29513
9312	333	65	28558	68	0	29024
9313	27483	126	802	128	0	28539
9314	353	67	29320	103	0	29843
9315	260	19	246	27812	0	28337
9316	109	34	256	27128	0	27527
9317	75	56	53	28967	0	29151
9318	74	32	47	28699	0	28852
9319	65	28188	55	493	0	28801
9320	69	235	57	28795	0	29156
9321	60	277	28121	329	0	28787
9322	71	45	270	28110	0	28496
9323	83	39	27797	309	0	28228
9324	59	54	27264	311	0	27688
9325	87	51	464	27644	0	28246
9326	80	48	28067	313	0	28508
9327	77	36	282	27737	0	28132
9328	27772	42	275	344	0	28433
9329	321	54	27966	299	0	28640
9330	27069	49	284	119	0	27521
9331	313	45	274	27843	0	28475
9332	320	43	27782	318	0	28463
9333	102	27387	297	319	0	28105
9334	91	261	288	28135	0	28775
9335	101	249	29731	327	0	30408
9336	84	48	312	29845	0	30289
9337	30654	51	279	402	0	31386
9338	30914	32	79	380	0	31405
9339	31595	41	79	135	0	31850
9340	601	39	54	31759	0	32453
9341	384	50	60	32199	0	32693
9342	121	43	75	32746	0	32985
9343	32786	38	80	672	0	33576
9344	376	33570	85	451	0	34482
9345	374	358	63	33805	0	34600
9346	123	352	59	34500	0	35034
9347	33971	69	66	808	0	34914
9348	430	34692	69	510	0	35701
9349	416	404	53	35667	0	36540
9350	36039	393	70	544	0	37046
9351	35635	110	56	511	0	36312
9352	910	167	58	35166	0	36301
9353	35420	37	72	560	0	36089
9354	584	42	69	35266	0	35961
9355	500	62	35379	558	0	36499
9356	151	40	459	35611	0	36261
9357	168	38	419	36057	0	36682
9358	174	34	88	36635	0	36931
9359	34662	27	62	867	0	35618
9360	462	34846	63	542	0	35913
9361	34077	410	59	171	0	34717
9362	411	34071	63	142	0	34687
9363	392	34815	50	135	0	35392
9364	34614	715	47	162	0	35538
9365	441	35723	60	120	0	36344
9366	400	448	52	35391	0	36291
9367	35451	366	39	474	0	36330
9368	35732	75	49	468	0	36324
9369	758	50	47	35673	0	36528
9370	451	59	46	35248	0	35804
9371	130	35851	66	797	0	36844
9372	36645	404	41	469	0	37559
9373	35723	371	49	217	0	36360
9374	730	37630	62	175	0	38597
9375	407	37803	62	157	0	38429
9376	146	772	39	38078	0	39035
9377	37911	427	51	547	0	38936
9378	506	106	41	38196	0	38849
9379	492	70	43	38606	0	39211
9380	129	70	37689	911	0	38799
9381	140	77	37680	520	0	38417
9382	121	79	809	37858	0	38867
9383	126	77	38478	563	0	39244
9384	94	38411	506	530	0	39541
9385	124	481	420	38434	0	39459
9386	119	423	81	39342	0	39965
9387	120	104	58	39665	0	39947
9388	120	94	39096	946	0	40256
9389	119	106	38373	551	0	39149
9390	36994	57	826	212	0	38089
9391	518	38856	456	189	0	40019
9392	38912	475	107	136	0	39630
9393	532	440	60	38503	0	39535
9394	39258	115	48	581	0	40002
9395	557	111	49	38360	0	39077
9396	496	39415	65	560	0	40536
9397	39799	470	38	561	0	40868
9398	555	433	38932	197	0	40117
9399	463	38617	441	183	0	39704
9400	38906	451	442	195	0	39994
9401	510	450	79	38423	0	39462
9402	463	38273	85	532	0	39353
9403	190	471	47	39643	0	40351
9404	39240	431	40	602	0	40313
9405	538	112	49	39617	0	40316
9406	39445	105	65	626	0	40241
9407	579	118	38815	528	0	40040
9408	525	114	461	38780	0	39880
9409	38824	104	402	627	0	39957
9410	556	132	38667	568	0	39923
9411	482	37119	496	276	0	38373
9412	230	485	409	36369	0	37493
9413	173	474	36428	562	0	37637
9414	154	175	35974	520	0	36823
9415	168	200	806	35826	0	37000
9416	172	102	36228	549	0	37051
9417	163	119	35694	514	0	36490
9418	152	114	779	35026	0	36071
9419	35490	91	443	582	0	36606
9420	544	107	137	35630	0	36418
9421	492	103	95	36037	0	36727
9422	169	116	36258	906	0	37449
9423	171	98	459	37009	0	37737
9424	37462	96	446	651	0	38655
9425	561	101	37879	548	0	39089
9426	503	38635	506	246	0	39890
9427	173	519	453	39159	0	40304
9428	39561	472	144	618	0	40795
9429	565	151	125	39792	0	40633
9430	514	40138	108	657	0	41417
9431	196	544	42260	579	0	43579
9432	166	495	584	43137	0	44382
9433	45981	136	533	708	0	47358
9434	732	112	45752	609	0	47205
9435	621	91	669	45875	0	47256
9436	46977	83	594	795	0	48449
9437	48131	89	170	717	0	49107
9438	1302	48601	130	299	0	50332
9439	48516	736	177	232	0	49661
9440	869	689	127	48038	0	49723
9441	771	175	48823	821	0	50590
9442	197	48006	762	774	0	49739
9443	183	49569	670	251	0	50673
9444	182	1350	256	47904	0	49692
9445	193	697	185	48734	0	49809
9446	141	142	47670	1244	0	49197
9447	115	47435	705	768	0	49023
9448	111	47497	633	277	0	48518
9449	183	1172	204	45864	0	47423
9450	45558	600	119	679	0	46956
9451	581	45661	112	663	0	47017
9452	604	584	91	46375	0	47654
9453	47456	556	107	756	0	48875
9454	629	145	89	48378	0	49241
9455	621	94	88	47813	0	48616
9456	189	97	103	48379	0	48768
9457	179	119	86	48251	0	48635
9458	46877	99	94	1241	0	48311
9459	691	93	107	47585	0	48476
9460	603	129	46285	705	0	47722
9461	44748	124	627	678	0	46177
9462	630	124	46378	282	0	47414
9463	638	110	46848	213	0	47809
9464	190	98	1093	46012	0	47393
9465	192	113	645	46486	0	47436
9466	164	111	173	47535	0	47983
9467	46584	90	108	1230	0	48012
9468	647	132	46168	710	0	47657
9469	45491	104	605	295	0	46495
9470	46135	113	563	243	0	47054
9471	1140	128	45486	234	0	46988
9472	44325	97	573	272	0	45267
9473	706	108	46294	248	0	47356
9474	582	46596	607	232	0	48017
9475	302	686	776	46349	0	48113
9476	159	513	158	47509	0	48339
9477	178	146	125	47432	0	47881
9478	144	98	141	47531	0	47914
9479	161	117	46961	1158	0	48397
9480	181	122	47015	666	0	47984
9481	150	124	981	46159	0	47414
9482	172	119	47041	701	0	48033
9483	44402	100	631	694	0	45827
9484	46834	99	543	349	0	47825
9485	1032	111	181	46294	0	47618
9486	46359	101	144	693	0	47297
9487	660	46993	151	722	0	48526
9488	47057	517	131	347	0	48052
9489	720	518	47249	290	0	48777
9490	631	174	574	46163	0	47542
9491	230	47845	555	685	0	49315
9492	48352	515	221	647	0	49735
9493	635	505	173	48782	0	50095
9494	651	180	48572	703	0	50106
9495	263	116	594	48435	0	49408
9496	47865	110	586	804	0	49365
9497	715	151	48386	728	0	49980
9498	666	109	613	48446	0	49834
9499	336	102	618	49092	0	50148
9500	254	169	48767	1165	0	50355
9501	253	47638	667	766	0	49324
9502	331	42156	643	491	0	43621
9503	278	960	247	48694	0	50179
9504	247	610	210	49636	0	50703
9505	268	234	160	50463	0	51125
9506	48771	184	207	1236	0	50398
9507	49399	192	177	874	0	50642
9508	1124	214	165	49525	0	51028
9509	49412	173	189	853	0	50627
9510	691	49191	191	848	0	50921
9511	683	675	183	50306	0	51847
9512	288	617	205	50747	0	51857
9513	273	241	163	51495	0	52172
9514	47220	137	168	1429	0	48954
9515	657	48259	217	945	0	50078
9516	711	573	172	48947	0	50403
9517	48360	592	147	947	0	50046
9518	722	165	137	49405	0	50429
9519	728	123	147	48859	0	49857
9520	328	46893	192	1291	0	48704
9521	270	48835	193	920	0	50218
9522	267	941	185	48250	0	49643
9523	290	574	170	48034	0	49068
9524	45573	145	185	1280	0	47183
9525	701	107	196	46601	0	47605
9526	667	113	44676	866	0	46322
9527	321	108	584	44137	0	45150
9528	223	43355	630	809	0	45017
9529	43902	490	227	817	0	45436
9530	751	494	213	43955	0	45413
9531	627	165	149	42148	0	43089
9532	275	41998	168	1011	0	43452
9533	38870	357	120	545	0	39892
9534	459	41673	91	271	0	42494
9535	465	462	63	40672	0	41662
9536	208	333	39714	419	0	40674
9537	249	387	353	37207	0	38196
9538	37158	59	330	407	0	37954
9539	284	37722	66	370	0	38442
9540	305	287	42	37257	0	37891
9541	75	36976	41	337	0	37429
9542	90	313	43	37492	0	37938
9543	90	339	36660	360	0	37449
9544	72	144	247	35958	0	36421
9545	70	61	254	36474	0	36859
9546	74	54	58	36898	0	37084
9547	35183	63	28	589	0	35863
9548	35720	52	29	405	0	36206
9549	480	36211	45	190	0	36926
9550	35949	262	32	146	0	36389
9551	299	36036	34	140	0	36509
9552	290	36534	44	141	0	37009
9553	34850	489	46	161	0	35546
9554	312	329	34713	128	0	35482
9555	301	102	245	34049	0	34697
9556	105	78	254	35391	0	35828
9557	97	63	59	36598	0	36817
9558	35480	75	34	627	0	36216
9559	300	36511	42	448	0	37301
9560	366	347	31	35428	0	36172
9561	87	37230	46	524	0	37887
9562	38712	394	32	428	0	39566
9563	423	376	37	39428	0	40264
9564	458	98	46	46660	0	47262
9565	107	50166	44	1105	0	51422
9566	106	674	24	52661	0	53465
9567	95	736	36	52871	0	53738
9568	50635	161	43	1579	0	52418
9569	717	50560	68	1041	0	52386
9570	768	51654	48	320	0	52790
9571	198	1428	37	51573	0	53236
9572	155	894	50527	877	0	52453
9573	122	252	50140	941	0	51455
9574	131	223	1434	49201	0	50989
9575	146	175	49197	906	0	50424
9576	127	139	832	49340	0	50438
9577	147	156	846	47531	0	48680
9578	121	145	199	50774	0	51239
9579	48608	122	122	1787	0	50639
9580	809	118	114	49763	0	50804
9581	868	110	106	48839	0	49923
9582	207	48521	131	1737	0	50596
9583	170	829	79	50835	0	51913
9584	146	868	49153	1172	0	51339
9585	166	217	782	50511	0	51676
9586	161	146	821	50933	0	52061
9587	48488	168	227	1856	0	50739
9588	841	152	99	49907	0	50999
9589	929	138	123	48914	0	50104
9590	276	167	100	49556	0	50099
9591	45575	151	93	1932	0	47751
9592	802	47042	102	1231	0	49177
9593	883	846	115	47217	0	49061
9594	225	927	111	47806	0	49069
9595	190	245	46404	1867	0	48706
9596	158	200	797	47195	0	48350
9597	44391	122	873	1214	0	46600
9598	754	44980	218	1280	0	47232
9599	884	807	116	44476	0	46283
9600	279	907	102	45286	0	46574
9601	206	257	44002	1869	0	46334
9602	41272	193	796	1320	0	43581
9603	822	43156	833	592	0	45403
9604	43312	864	203	493	0	44872
9605	878	891	155	43365	0	45289
9606	884	285	145	43951	0	45265
9607	293	203	152	44817	0	45465
9608	227	195	174	44919	0	45515
9609	43080	205	127	1976	0	45388
9610	888	150	147	43001	0	44186
9611	881	41558	197	1263	0	43899
9612	308	802	152	42986	0	44248
9613	200	838	150	43496	0	44684
9614	41977	231	171	1937	0	44316
9615	854	41877	180	1369	0	44280
9616	887	809	148	43110	0	44954
9617	42360	881	144	1306	0	44691
9618	42957	275	103	1366	0	44701
9619	1578	224	132	43117	0	45051
9620	1024	239	42106	1326	0	44695
9621	41852	225	755	1346	0	44178
9622	956	216	833	42908	0	44913
9623	992	241	42572	1293	0	45098
9624	338	184	833	43977	0	45332
9625	292	195	905	43356	0	44748
9626	322	152	262	43671	0	44407
9627	278	43703	193	2096	0	46270
9628	240	834	188	45541	0	46803
9629	267	869	146	45392	0	46674
9630	293	250	157	45776	0	46476
9631	299	222	132	45495	0	46148
9632	256	219	117	44708	0	45300
9633	317	244	136	44404	0	45101
9634	39271	171	150	2066	0	41658
9635	835	214	38851	1370	0	41270
9636	818	38550	773	766	0	40907
9637	38541	733	785	654	0	40713
9638	798	39187	231	648	0	40864
9639	38847	788	210	612	0	40457
9640	1081	783	231	38126	0	40221
9641	38720	211	212	1170	0	40313
9642	958	171	181	38855	0	40165
9643	930	139	143	36971	0	38183
9644	352	37417	133	1741	0	39643
9645	37681	716	114	1273	0	39784
9646	821	769	38193	791	0	40574
9647	913	209	679	38953	0	40754
9648	326	178	39643	1223	0	41370
9649	274	199	38607	1213	0	40293
9650	38393	186	1275	658	0	40512
9651	795	189	811	39646	0	41441
9652	847	151	39228	1200	0	41426
9653	339	152	40178	1202	0	41871
9654	338	153	1314	39418	0	41223
9655	346	157	777	40637	0	41917
9656	40083	143	254	1661	0	42141
9657	888	148	184	40420	0	41640
9658	859	155	40584	1148	0	42746
9659	401	128	681	40638	0	41848
9660	368	318	699	39175	0	40560
9661	237	40074	233	1413	0	41957
9662	38260	517	198	1011	0	39986
9663	547	37636	188	575	0	38946
9664	29624	300	112	280	0	30316
9665	214	25866	55	130	0	26265
9666	181	24951	52	100	0	25284
9667	148	282	166	24581	0	25177
9668	63	153	130	24542	0	24888
9669	112	100	28	24416	0	24656
9670	23313	32	32	286	0	23663
9671	144	42	23515	165	0	23866
9672	121	46	104	23245	0	23516
9673	22458	31	108	186	0	22783
9674	116	22926	48	166	0	23256
9675	119	22902	34	88	0	23143
9676	103	220	68	22900	0	23291
9677	45	105	39	23237	0	23426
9678	45	29	31	23302	0	23407
9679	35	23815	36	230	0	24116
9680	50	99	25	24001	0	24175
9681	42	97	23861	148	0	24148
9682	39	43	22136	111	0	22329
9683	21974	20	118	84	0	22196
9684	121	20	90	23240	0	23471
9685	23332	29	39	130	0	23530
9686	23161	20	24	115	0	23320
9687	122	23286	32	54	0	23494
9688	23606	73	24	82	0	23785
9689	24001	77	23	89	0	24190
9690	131	28	19	23956	0	24134
9691	106	25	29	24554	0	24714
9692	61	38	25591	147	0	25837
9693	40	26489	77	123	0	26729
9694	63	92	61	24793	0	25009
9695	35	61	22	27176	0	27294
9696	27192	27	16	173	0	27408
9697	101	21	19	27424	0	27565
9698	28052	20	25	152	0	28249
9699	136	58	23	28614	0	28831
9700	95	29302	26	183	0	29606
9701	30310	157	36	181	0	30684
9702	202	149	24	33481	0	33856
9703	152	39	30	36097	0	36318
9704	59	37	22	37913	0	38031
9705	57	47	37561	739	0	38404
9706	49	20	422	38203	0	38694
9707	38875	19	319	609	0	39822
9708	466	29	76	41203	0	41774
9709	347	24	39	45399	0	45809
9710	111	27	35	45089	0	45262
9711	67	44745	47	1168	0	46027
9712	50	46597	29	612	0	47288
9713	45824	1077	33	175	0	47109
9714	640	46714	18	124	0	47496
9715	46515	704	35	119	0	47373
9716	46342	522	34	99	0	46997
9717	46500	97	24	132	0	46753
9718	1181	68	46210	80	0	47539
9719	579	47137	627	129	0	48472
9720	48036	654	522	129	0	49341
9721	694	516	68	48716	0	49994
9722	593	113	39	49497	0	50242
9723	133	70	38	49661	0	49902
9724	96	48371	47	1239	0	49753
9725	116	642	27	49148	0	49933
9726	48439	490	24	840	0	49793
9727	699	97	35	48112	0	48943
9728	568	59	36	48484	0	49147
9729	150	73	47448	1280	0	48951
9730	115	84	48469	741	0	49409
9731	100	70	1111	48854	0	50135
9732	108	54	577	49197	0	49936
9733	88	49628	136	1267	0	51119
9734	134	709	76	50161	0	51080
9735	149	550	77	50802	0	51578
9736	141	143	45	51382	0	51711
9737	49294	100	52	1401	0	50847
9738	737	163	50236	776	0	51912
9739	622	131	641	50988	0	52382
9740	51297	129	534	851	0	52811
9741	51686	142	108	716	0	52652
9742	1280	129	72	51122	0	52603
9743	747	141	63	51961	0	52912
9744	50966	145	63	1323	0	52497
9745	825	50995	101	812	0	52733
9746	669	51627	107	299	0	52702
9747	288	1190	90	51345	0	52913
9748	51725	639	86	898	0	53348
9749	52330	193	65	830	0	53418
9750	51915	130	78	401	0	52524
9751	1318	167	52038	326	0	53849
9752	49070	174	694	376	0	50314
9753	905	177	51467	350	0	52899
9754	49664	123	735	377	0	50899
9755	805	51052	600	442	0	52899
9756	701	749	51392	400	0	53242
9757	253	678	778	50863	0	52572
9758	247	220	51762	1019	0	53248
9759	254	164	785	50815	0	52018
9760	50523	154	630	1112	0	52419
9761	837	160	51224	956	0	53177
9762	703	121	764	50773	0	52361
9763	263	55779	689	1045	0	57776
9764	278	773	216	58119	0	59386
9765	299	634	163	57916	0	59012
9766	286	220	157	57844	0	58507
9767	57348	177	137	1622	0	59284
9768	57750	171	145	1009	0	59075
9769	1443	144	115	57860	0	59562
9770	863	197	57134	1089	0	59283
9771	432	206	56364	915	0	57917
9772	357	207	1215	57656	0	59435
9773	400	226	60029	1030	0	61685
9774	386	204	790	60101	0	61481
9775	398	196	664	58081	0	59339
9776	403	133	209	61156	0	61901
9777	351	58882	213	1604	0	61050
9778	397	59733	230	943	0	61303
9779	382	1224	207	61600	0	63413
9780	326	715	207	61845	0	63093
9781	366	225	200	62079	0	62870
9782	60152	193	217	1555	0	62117
9783	961	216	61737	963	0	63877
9784	806	163	822	61935	0	63726
9785	61915	158	751	1115	0	63939
9786	900	62561	317	1002	0	64780
9787	807	813	231	64326	0	66177
9788	331	646	276	65285	0	66538
9789	273	220	217	65241	0	65951
9790	321	152	229	65376	0	66078
9791	251	189	63602	1708	0	65750
9792	58421	135	795	1205	0	60556
9793	62178	116	700	666	0	63660
9794	1398	156	62239	540	0	64333
9795	59962	109	824	564	0	61459
9796	62394	120	703	523	0	63740
9797	1408	162	63272	482	0	65324
9798	778	65637	842	571	0	67828
9799	431	920	744	65617	0	67712
9800	304	568	69717	935	0	71524
9801	311	68474	725	939	0	70449
9802	323	529	66281	404	0	67537
9803	163	64487	541	324	0	65515
9804	225	412	528	62625	0	63790
9805	203	302	62841	431	0	63777
9806	190	173	413	61026	0	61802
9807	182	105	63995	474	0	64756
9808	107	62709	343	431	0	63590
9809	58655	118	241	128	0	59142
9810	106	58689	63	88	0	58946
9811	137	62384	92	209	0	62822
9812	280	278	120	62530	0	63208
9813	65	171	41	64173	0	64450
9814	45	33	34	64315	0	64427
9815	38	28	19	64297	0	64382
9816	28	35	27	65417	0	65507
9817	78	66	69628	200	0	69972
9818	49	38	108	68442	0	68637
9819	45	33	93	71158	0	71329
9820	71692	20	35	410	0	72157
9821	72328	19	18	229	0	72594
9822	73257	30	25	138	0	73450
9823	348	20	15	73640	0	74023
9824	80244	17	22	402	0	80685
9825	85429	21	38	415	0	85903
9826	87252	22	24	152	0	87450
9827	730	75	87079	51	0	87935
9828	84987	24	428	121	0	85560
9829	89757	23	344	178	0	90302
9830	90538	25	47	106	0	90716
9831	863	42	42	90198	0	91145
9832	455	128	91602	487	0	92672
9833	135	25	444	90744	0	91348
9834	94320	25	382	680	0	95407
9835	524	24	62	95958	0	96568
9836	417	101361	82	543	0	102403
9837	151	454	44	104979	0	105628
9838	104963	388	39	701	0	106091
9839	105864	66	56	569	0	106555
9840	105328	41	43	233	0	105645
9841	1013	109	108076	91	0	109289
9842	566	54	536	106118	0	107274
9843	192	56	476	111817	0	112541
9844	160	100	113298	1048	0	114606
9845	103	111331	602	670	0	112706
9846	205	626	112872	152	0	113855
9847	184	470	579	112480	0	113713
9848	113591	56	526	722	0	114895
9849	718	126	116796	599	0	118239
9850	659	68	581	116207	0	117515
9851	220	112	118174	663	0	119169
9852	112193	62	691	713	0	113659
9853	717	67	546	119212	0	120542
9854	687	156	124041	710	0	125594
9855	246	58	634	123036	0	123974
9856	229	137	126206	849	0	127421
9857	222	126735	679	846	0	128482
9858	260	609	583	127395	0	128847
9859	129065	530	143	904	0	130642
9860	789	90	130	130099	0	131108
9861	729	74	129	128924	0	129856
9862	128323	49	151	1301	0	129824
9863	773	121995	157	781	0	123706
9864	696	124541	158	353	0	125748
9865	300	1225	122	124507	0	126154
9866	207	125728	200	814	0	126949
9867	260	663	126	126405	0	127454
9868	230	573	132	126506	0	127441
9869	125808	124	132	1428	0	127492
9870	743	125787	154	984	0	127668
9871	824	713	125411	380	0	127328
9872	291	129056	713	328	0	130388
9873	127913	715	642	345	0	129615
9874	130024	618	171	352	0	131165
9875	1398	158	173	128554	0	130283
9876	130798	121	162	988	0	132069
9877	954	123	179	130362	0	131618
9878	130100	116	185	1065	0	131466
9879	131119	135	178	970	0	132402
9880	1577	134	183	134787	0	136681
9881	136774	105	205	1152	0	138236
9882	1123	157	136628	877	0	138785
9883	133927	113	853	490	0	135383
9884	1038	111	787	137686	0	139622
9885	139324	122	262	1046	0	140754
9886	1088	141290	263	969	0	143610
9887	1084	711	196	142290	0	144281
9888	472	736	245	143500	0	144953
9889	141050	173	239	1725	0	143187
9890	1364	348	142757	1057	0	145526
9891	1032	142617	864	574	0	145087
9892	512	793	817	143837	0	145959
9893	421	145695	326	1057	0	147499
9894	424	896	228	147523	0	149071
9895	445	772	227	146263	0	147707
9896	452	238	224	148515	0	149429
9897	146346	261	189	1866	0	148662
9898	1031	271	197	144202	0	145701
9899	144541	221	216	1372	0	146350
9900	141388	214	210	1298	0	143110
9901	1724	211	203	142119	0	144257
9902	141879	173	256	1263	0	143571
9903	139786	208	255	1216	0	141465
9904	1723	323	140541	533	0	143120
9905	1116	230	917	137407	0	139670
9906	142128	238	852	1196	0	144414
9907	1050	141616	379	1132	0	144177
9908	144511	878	285	689	0	146363
9909	143877	810	267	640	0	145594
9910	1854	294	140537	480	0	143165
9911	1174	206	906	134977	0	137263
9912	150494	172	910	1573	0	153149
9913	1377	217	285	155501	0	157380
9914	1374	193	241	164268	0	166076
9915	589	192	256	166880	0	167917
9916	599	197	246	175822	0	176864
9917	173566	170	231	3004	0	176971
9918	2008	283	180429	1930	0	184650
9919	1968	359	1733	184001	0	188061
9920	640	370	196626	2224	0	199860
9921	520	339	197674	2291	0	200824
9922	189055	192	4740	1000	0	194987
9923	3059	266	207356	619	0	211300
9924	2637	199494	2895	543	0	205569
9925	199954	2551	3186	621	0	206312
9926	202008	2461	557	533	0	205559
9927	5224	409	340	194753	0	200726
9928	3137	283	201401	2595	0	207416
9929	793	308	198987	2688	0	202776
9930	200954	188	5129	832	0	207103
9931	3083	277	3057	208780	0	215197
9932	211976	146	642	3009	0	215773
9933	3231	215959	527	3063	0	222780
9934	218175	2799	392	897	0	222263
9935	215133	2807	399	709	0	219048
9936	5818	212296	483	608	0	219205
9937	3542	2943	367	211658	0	218510
9938	210709	2884	460	3234	0	217287
9939	3501	668	211505	3176	0	218850
9940	3391	213297	3206	931	0	220825
9941	1249	3022	3158	211394	0	218823
9942	212407	3010	841	3227	0	219485
9943	3336	214759	647	3365	0	222107
9944	218655	3144	484	1083	0	223366
9945	4025	3451	214571	630	0	222677
9946	212717	792	3347	815	0	217671
9947	4154	576	218556	685	0	223971
9948	213658	375	3828	719	0	218580
9949	212043	432	3600	704	0	216779
9950	6796	593	211912	705	0	220006
9951	4140	213116	3474	1032	0	221762
9952	1609	3251	3494	209042	0	217396
9953	1358	3457	215162	3597	0	223574
9954	1183	211628	3721	3862	0	220394
9955	1370	3354	3749	208613	0	217086
9956	1359	3395	1298	213780	0	219832
9957	1359	1036	210584	6537	0	219516
9958	1553	683	3841	206950	0	213027
9959	1468	608	4140	211454	0	217670
9960	1377	853	209588	6669	0	218487
9961	1505	829	4145	201406	0	207885
9962	1360	208131	4322	4228	0	218041
9963	209895	3536	1722	4005	0	219158
9964	4387	3694	1631	205416	0	215128
9965	4531	211210	1623	4008	0	221372
9966	2441	3670	1594	197190	0	204895
9967	1972	217089	1727	3933	0	224721
9968	2301	4200	214401	3979	0	224881
9969	1961	219093	4288	1787	0	227129
9970	215731	4117	4463	1598	0	225909
9971	217127	3951	1960	1554	0	224592
9972	222843	1557	1748	1678	0	227826
9973	8245	1225	223429	1480	0	234379
9974	5508	1311	221980	1559	0	230358
9975	2640	227771	7710	1612	0	239733
9976	2557	4638	4972	213082	0	225249
9977	2240	235774	1999	4221	0	244234
9978	2931	5304	1727	205903	0	215865
9979	2424	235663	1623	4342	0	244052
9980	234082	5158	1610	4539	0	245389
9981	248593	4982	1681	2032	0	257288
9982	9695	1986	1705	251890	0	265276
9983	6785	1653	251244	5592	0	265274
9984	241614	1708	5648	5920	0	254890
9985	6617	253390	5720	2373	0	268100
9986	6512	5645	2440	249134	0	263731
9987	3558	5715	1874	240042	0	251189
9988	2801	253419	1977	9150	0	267347
9989	254274	5910	1916	5947	0	268047
9990	6860	6014	251976	2077	0	266927
9991	6939	2327	5735	250818	0	265819
9992	252425	2000	5929	5974	0	266328
9993	250856	1964	2501	6014	0	261335
9994	10296	252027	2098	2760	0	267181
9995	7050	6044	1915	243085	0	258094
9996	2852	257459	2067	6158	0	268536
9997	258909	6365	2017	6268	0	273559
9998	6631	6292	258609	2704	0	274236
9999	6800	2731	259363	2372	0	271266
10000	3032	2147	10216	256243	0	271638
10001	2601	2082	6561	251598	0	262842
10002	2525	258582	2657	10273	0	274037
10003	2313	6239	2223	262922	0	273697
10004	2343	6364	257673	7094	0	273474
10005	250490	2528	6140	7018	0	266176
10006	6508	2393	5999	259235	0	274135
10007	6355	2517	257031	6773	0	272676
10008	2871	2223	6091	259479	0	270664
10009	2349	2124	6241	251009	0	261723
10010	2040	258030	2706	10716	0	273492
10011	2393	6281	2022	258931	0	269627
10012	2324	5934	1958	250081	0	260297
10013	2644	2420	1961	249416	0	256441
10014	228926	1664	1697	10461	0	242748
10015	5731	226453	1715	6692	0	240591
10016	5356	222895	1530	2939	0	232720
10017	212851	7650	1556	2160	0	224217
10018	201532	4723	1389	1962	0	209606
10019	7194	198835	1365	1858	0	209252
10020	3827	190458	1047	1477	0	196809
10021	176902	5670	1010	1211	0	184793
10022	3256	179361	640	1297	0	184554
10023	3115	180315	655	1191	0	185276
10024	176281	5563	1411	1212	0	184467
10025	3294	179506	712	1143	0	184655
10026	178139	3674	740	1202	0	183755
10027	176878	3218	779	1128	0	182003
10028	175314	1422	717	1100	0	178553
10029	5889	176440	695	1204	0	184228
10030	3541	176123	638	1137	0	181439
10031	1642	5601	447	167502	0	175192
10032	1167	173826	543	3166	0	178702
10033	1425	3840	565	173851	0	179681
10034	172581	3393	597	3786	0	180357
10035	3541	1430	570	170871	0	176412
10036	3505	168670	687	3838	0	176700
10037	165996	3340	569	3448	0	173353
10038	3470	166740	551	2362	0	173123
10039	3454	170482	492	1413	0	175841
10040	1783	7132	633	159336	0	168884
10041	1142	166521	572	3147	0	171382
10042	162827	3625	818	3189	0	170459
10043	3293	3486	159875	1332	0	167986
10044	3204	158474	2873	1356	0	165907
10045	1447	3239	2826	158923	0	166435
10046	1267	3406	158630	3476	0	166779
10047	1296	1374	2832	156410	0	161912
10048	1103	1209	2949	159353	0	164614
10049	1143	1175	958	162393	0	165669
10050	1132	1059	777	160715	0	163683
10051	1118	1205	155034	6126	0	163483
10052	939	153809	3049	4322	0	162119
10053	151653	3246	2956	2111	0	159966
10054	3112	3447	150132	1804	0	158495
10055	149159	1426	2896	1726	0	155207
10056	3540	1286	152964	1502	0	159292
10057	3478	1148	3217	149768	0	157611
10058	1719	1147	151997	3500	0	158363
10059	1307	1315	153363	3516	0	159501
10060	1220	1186	5348	150377	0	158131
10061	1235	1181	3449	148353	0	154218
10062	1269	1258	1093	156534	0	160154
10063	1174	1257	898	155960	0	159289
10064	151318	1179	921	6298	0	159716
10065	3329	1222	151483	4288	0	160322
10066	152196	1169	2880	2290	0	158535
10067	152242	1211	2896	1783	0	158132
10068	153298	1282	950	1638	0	157168
10069	152551	1320	663	1537	0	156071
10070	153064	1187	576	1461	0	156288
10071	6819	1138	447	146504	0	154908
10072	4090	1210	140305	3326	0	148931
10073	1829	1205	135700	3075	0	141809
10074	1530	137041	4217	1441	0	144229
10075	130495	3044	3152	1139	0	137830
10076	2820	3255	1078	126891	0	134044
10077	2857	2437	626	123310	0	129230
10078	1317	125600	545	4298	0	131760
10079	1173	125312	498	2868	0	129851
10080	1157	122831	504	1272	0	125764
10081	104164	3750	922	1077	0	109913
10082	1678	2428	374	96517	0	100997
10083	1453	96409	298	1564	0	99724
10084	598	1448	247	97686	0	99979
10085	517	1607	96423	1581	0	100128
10086	621	589	101193	1589	0	103992
10087	737	527	2359	108600	0	112223
10088	111867	499	1526	1904	0	115796
10089	116903	535	334	1821	0	119593
10090	118003	500	267	671	0	119441
10091	3861	548	116183	545	0	121137
10092	2293	607	1846	114441	0	119187
10093	833	517	1905	119327	0	122582
10094	709	600	116181	3665	0	121155
10095	108346	505	2025	2469	0	113345
10096	2268	533	118008	989	0	121798
10097	1978	431	114290	647	0	117346
10098	633	360	116507	625	0	118125
10099	600	346	3637	109984	0	114567
10100	501	288	2190	113379	0	116358
10101	464	330	116172	3566	0	120532
10102	485	284	2014	117108	0	119891
10103	117964	219	2177	2428	0	122788
10104	2005	240	772	122135	0	125152
10105	2092	305	122615	2447	0	127459
10106	682	288	128099	2492	0	131561
10107	603	270	3952	124234	0	129059
10108	131267	202	2526	2481	0	136476
10109	2444	137817	908	2534	0	143703
10110	141862	2228	680	1019	0	145789
10111	142162	2374	762	853	0	146151
10112	5097	490	144049	816	0	150452
10113	3288	247	2816	143131	0	149482
10114	145651	196	3026	3245	0	152118
10115	143347	202	1054	3277	0	147880
10116	5013	145537	956	1150	0	152656
10117	3365	2262	898	145691	0	152216
10118	1172	2515	853	149864	0	154404
10119	885	560	147067	5263	0	153775
10120	994	257	2861	146211	0	150323
10121	959	283	148942	3366	0	153550
10122	1048	301	146701	3290	0	151340
10123	986	249	5020	141575	0	147830
10124	141013	203	3239	3012	0	147467
10125	2820	138282	1130	3357	0	145589
10126	139582	2211	974	1200	0	143967
10127	137125	2444	827	1095	0	141491
10128	4964	136133	866	964	0	142927
10129	3243	2238	745	127817	0	134043
10130	129090	2390	613	2417	0	134510
10131	2836	129872	726	2564	0	135998
10132	128168	2196	589	1027	0	131980
10133	2842	126380	668	815	0	130705
10134	2753	2133	623	121564	0	127073
10135	1240	2135	544	124758	0	128677
10136	122337	564	501	4116	0	127518
10137	119870	513	538	2780	0	123701
10138	4031	122341	696	1434	0	128502
10139	2527	1947	120346	1138	0	125958
10140	1008	2007	120762	1071	0	124848
10141	896	626	4156	114165	0	119843
10142	790	121506	2830	2406	0	127532
10143	890	1951	1298	124029	0	128168
10144	901	2061	1038	123325	0	127325
10145	980	628	856	125367	0	127831
10146	1060	627	121940	4368	0	127995
10147	1101	647	121624	2887	0	126259
10148	1116	123174	3971	1391	0	129652
10149	1202	2148	2634	122130	0	128114
10150	1247	2332	1019	127201	0	131799
10151	1238	928	125085	4222	0	131473
10152	111493	836	2433	3154	0	117916
10153	2783	727	2545	126376	0	132431
10154	2802	719	126712	2788	0	133021
10155	117672	615	2494	3198	0	123979
10156	2731	126923	2567	1661	0	133882
10157	3120	2225	129839	1382	0	136566
10158	1531	2532	2598	128592	0	135253
10159	128314	905	2799	2949	0	134967
10160	2704	740	132279	3154	0	138877
10161	2740	663	2956	131255	0	137614
10162	1285	666	2850	135193	0	139994
10163	1067	738	1253	143717	0	146775
10164	141467	636	1166	5339	0	148608
10165	2727	139269	1174	3995	0	147165
10166	2948	2522	1019	140549	0	147038
10167	1315	2704	142727	3454	0	150200
10168	1264	1079	3055	136025	0	141423
10169	1069	139683	3047	3325	0	147124
10170	1060	146072	1237	3489	0	151858
10171	143888	4576	1008	1889	0	151361
10172	145043	2940	1038	1737	0	150758
10173	5295	1101	143512	1440	0	151348
10174	140769	892	2956	1412	0	146029
10175	3298	143252	3025	1475	0	151050
10176	145925	2820	1109	1565	0	151419
10177	3614	2949	944	144048	0	151555
10178	3517	1291	147853	3223	0	155884
10179	1732	1019	2946	148232	0	153929
10180	1566	902	149929	3593	0	155990
10181	144749	811	3284	3648	0	152492
10182	3120	846	3195	148274	0	155435
10183	3091	153123	1201	3698	0	161113
10184	1536	3209	914	155830	0	161489
10185	1422	3007	152772	3846	0	161047
10186	1035	148645	2871	3884	0	156435
10187	136581	2581	2714	1855	0	143731
10188	2156	136307	1142	1380	0	140985
10189	2128	133379	940	1126	0	137573
10190	985	3978	755	127729	0	133447
10191	693	133294	693	2268	0	136948
10192	904	2482	726	133963	0	138075
10193	865	2308	131851	2488	0	137512
10194	119445	852	2013	2421	0	124731
10195	129092	710	2065	1021	0	132888
10196	3679	730	128171	855	0	133435
10197	122044	558	1886	902	0	125390
10198	2180	125576	2007	830	0	130593
10199	127228	1855	832	832	0	130747
10200	2239	1975	668	124062	0	128944
10201	2121	777	125658	2084	0	130640
10202	820	128116	1817	2305	0	133058
10203	969	1803	1974	125992	0	130738
10204	709	1707	605	126549	0	129570
10205	121061	568	525	3213	0	125367
10206	115162	443	484	2030	0	118119
10207	2753	115532	508	865	0	119658
10208	1328	108672	343	475	0	110818
10209	411	105041	233	346	0	106031
10210	757	1777	589	101320	0	104443
10211	100766	844	469	1008	0	103087
10212	98830	234	134	879	0	100077
10213	1486	207	131	98300	0	100124
10214	861	196	128	98376	0	99561
10215	97294	186	124	1576	0	99180
10216	911	188	143	99426	0	100668
10217	831	276	99367	960	0	101434
10218	96910	224	773	1031	0	98938
10219	99927	204	690	441	0	101262
10220	1527	276	101722	311	0	103836
10221	102845	244	778	419	0	104286
10222	1005	264	735	106092	0	108096
10223	902	263	243	106538	0	107946
10224	366	258	195	107927	0	108746
10225	105621	224	190	1688	0	107723
10226	938	109849	256	1001	0	112044
10227	930	922	218	109703	0	111773
10228	392	109447	227	1054	0	111120
10229	108672	935	232	1013	0	110852
10230	1051	869	238	110284	0	112442
10231	1051	285	198	112057	0	113591
10232	407	112352	225	1785	0	114769
10233	432	1077	110829	1057	0	113395
10234	388	913	950	112159	0	114410
10235	112600	305	871	1229	0	115005
10236	122427	330	260	1159	0	124176
10237	2470	308	126935	437	0	130150
10238	1562	285	1653	126556	0	130056
10239	447	131731	1466	1780	0	135424
10240	461	1786	282	134903	0	137432
10241	133865	1592	236	2117	0	137810
10242	134545	436	246	1799	0	137026
10243	3299	335	226	131802	0	135662
10244	1873	131656	247	1971	0	135747
10245	138811	1885	187	1888	0	142771
10246	2119	1691	223	141461	0	145494
10247	141992	471	196	2319	0	144978
10248	146953	394	216	2202	0	149765
10249	3744	336	197	147655	0	151932
10250	2207	302	223	148175	0	150907
10251	751	311	232	151832	0	153126
10252	535	150876	268	3937	0	155616
10253	617	2012	219	153938	0	156786
10254	699	1884	203	153344	0	156130
10255	649	471	148567	3804	0	153491
10256	636	404	145570	2308	0	148918
10257	538	344	3387	145369	0	149638
10258	144426	274	1909	2412	0	149021
10259	2012	145301	443	2336	0	150092
10260	142335	1910	308	872	0	145425
10261	2365	1874	142116	665	0	147020
10262	2065	499	136961	724	0	140249
10263	502	137260	3208	651	0	141621
10264	864	1810	2083	136819	0	141576
10265	489	1596	137264	1871	0	141220
10266	476	478	141475	1705	0	144134
10267	453	577	2846	138566	0	142442
10268	139604	200	1599	1958	0	143361
10269	139883	195	406	1794	0	142278
10270	3028	207	265	138485	0	141985
10271	1836	353	147053	1906	0	151148
10272	637	246	1603	149307	0	151793
10273	539	249	1518	145554	0	147860
10274	369	150056	502	2941	0	153868
10275	149849	1561	352	1890	0	153652
10276	149686	1484	333	751	0	152254
10277	2952	151814	356	957	0	156079
10278	1898	1747	298	142078	0	146021
10279	554	149571	390	1876	0	152391
10280	147956	1678	406	1825	0	151865
10281	1934	1626	146022	673	0	150255
10282	1769	495	141187	564	0	144015
10283	598	404	142052	482	0	143536
10284	509	292	2883	138742	0	142426
10285	449	256	1639	140767	0	143111
10286	139465	265	450	3051	0	143231
10287	1682	260	335	140174	0	142451
10288	1715	283	336	142156	0	144490
10289	696	366	148645	2996	0	152703
10290	532	381	145226	1893	0	148032
10291	141598	270	2841	958	0	145667
10292	1683	147582	1734	720	0	151719
10293	151254	1510	513	869	0	154146
10294	1956	1470	407	149894	0	153727
10295	1876	421	440	149090	0	151827
10296	625	149167	499	3080	0	153371
10297	562	1650	432	150707	0	153351
10298	148092	1513	426	2266	0	152297
10299	1871	503	421	149820	0	152615
10300	1948	479	150519	2106	0	155052
10301	816	147529	1728	2104	0	152177
10302	144839	1597	1623	1046	0	149105
10303	146582	1580	587	1051	0	149800
10304	147472	513	472	985	0	149442
10305	148422	434	440	981	0	150277
10306	3320	370	402	146173	0	150265
10307	2146	383	409	148218	0	151156
10308	922	437	147246	3385	0	151990
10309	727	374	1712	147645	0	150458
10310	786	543	147741	2409	0	151479
10311	775	374	1760	147180	0	150089
10312	145573	385	1654	2512	0	150124
10313	1927	150195	677	2325	0	155124
10314	1947	1624	582	152101	0	156254
10315	785	1685	587	155096	0	158153
10316	151744	504	561	3600	0	156409
10317	148503	388	533	2484	0	151908
10318	3302	509	149848	1062	0	154721
10319	2000	150700	1938	1043	0	155681
10320	812	1717	1856	148817	0	153202
10321	736	1706	769	149701	0	152912
10322	147128	521	678	3560	0	151887
10323	146366	422	641	2421	0	149850
10324	3467	481	148262	948	0	153158
10325	2163	508	147579	839	0	151089
10326	907	433	3302	143237	0	147879
10327	783	445	2024	147350	0	150602
10328	833	484	145912	3446	0	150675
10329	139869	376	1942	2370	0	144557
10330	2258	430	1863	145724	0	150275
10331	144381	258	726	2255	0	147620
10332	1937	142359	658	2395	0	147349
10333	145895	1602	561	1175	0	149233
10334	2338	1747	155405	906	0	160396
10335	2003	153905	1959	988	0	158855
10336	559	146491	1470	608	0	149128
10337	139637	1915	1760	697	0	144009
10338	137325	1082	286	510	0	139203
10339	2031	349	214	135823	0	138417
10340	1153	137194	275	1107	0	139729
10341	321	141946	302	1266	0	143835
10342	366	1982	204	144445	0	146997
10343	145339	1207	265	1385	0	148196
10344	148243	316	210	1529	0	150298
10345	2262	306	141342	310	0	144220
10346	137572	151	929	412	0	139064
10347	1177	153631	1114	378	0	156300
10348	158805	1462	189	354	0	160810
10349	2036	188980	251	403	0	191670
10350	1738	201209	260	408	0	203615
10351	861	6009	384	211211	0	218465
10352	224534	3117	351	4236	0	232238
10353	229582	681	163	3373	0	233799
10354	7951	492	224589	789	0	233821
10355	4424	275	4339	224555	0	233593
10356	227204	238	3510	4777	0	235729
10357	5015	314	793	230423	0	236545
10358	231769	265	376	5339	0	237749
10359	232053	281	288	4035	0	236657
10360	8355	379	229224	1126	0	239084
10361	4857	232	4450	224954	0	234493
10362	1670	287	3589	231123	0	236669
10363	1045	221	860	235096	0	237222
10364	806	406	225034	8703	0	234949
10365	778	297	4591	225948	0	231614
10366	831	403	3624	214540	0	219398
10367	595	218636	1035	8242	0	228508
10368	963	4731	216584	4459	0	226737
10369	600	223280	4699	1723	0	230302
10370	219617	5343	3734	1127	0	229821
10371	5090	4026	950	208901	0	218967
10372	4382	1193	561	200644	0	206780
10373	1445	208842	649	7827	0	218763
10374	208076	4745	547	4500	0	217868
10375	210317	3809	453	1719	0	216298
10376	8437	206068	602	1366	0	216473
10377	4799	210757	602	1131	0	217289
10378	208538	7950	517	1035	0	218040
10379	5705	4619	206712	910	0	217946
10380	4618	1543	207728	940	0	214829
10381	199322	985	8125	1201	0	209633
10382	5145	205993	4529	1244	0	216911
10383	208927	5115	1365	1272	0	216679
10384	6119	4322	205289	1214	0	216944
10385	206196	1507	4809	1426	0	213938
10386	6150	212029	4033	1375	0	223587
10387	5120	5140	1376	213042	0	224678
10388	2463	4047	1063	216169	0	223742
10389	2086	1355	1011	208473	0	212925
10390	2005	971	926	211445	0	215347
10391	2011	829	838	202642	0	206320
10392	1726	203101	861	9955	0	215643
10393	203306	5081	861	5712	0	214960
10394	6059	4271	202236	2567	0	215133
10395	5273	1535	5139	204142	0	216089
10396	2471	1339	206429	6303	0	216542
10397	1868	1025	5965	206444	0	215302
10398	1673	977	4765	208784	0	216199
10399	202609	1044	1909	10013	0	215575
10400	5837	1200	200663	6351	0	214051
10401	4937	199471	5648	2914	0	212970
10402	2383	5616	4563	199413	0	211975
10403	2019	4795	1774	205743	0	214331
10404	1921	2134	202104	9389	0	215548
10405	1991	1628	5442	203870	0	212931
10406	1926	1484	4432	207495	0	215337
10407	197141	1442	1676	10083	0	210342
10408	5728	200753	1178	6630	0	214289
10409	204137	5739	1018	3033	0	213927
10410	205224	4992	1010	2490	0	213716
10411	10061	2313	1016	200348	0	213738
10412	6440	1850	198868	6022	0	213180
10413	3037	1748	200252	5178	0	210215
10414	2568	1563	9106	194439	0	207676
10415	2574	1466	5459	187864	0	197363
10416	2170	195455	2496	9255	0	209376
10417	193788	5456	1888	5851	0	206983
10418	6338	194652	1712	3062	0	205764
10419	5609	197643	1563	2767	0	207582
10420	194178	9011	1420	2678	0	207287
10421	6543	5282	1490	190249	0	203564
10422	5367	197826	1595	6945	0	211733
10423	2712	5631	1360	202581	0	212284
10424	1862	4690	195525	8324	0	210401
10425	1826	2011	196951	6904	0	207692
10426	1978	1683	8808	196425	0	208894
10427	1982	1638	199729	7302	0	210651
10428	2078	1444	6524	198088	0	208134
10429	1827	1528	5202	199080	0	207637
10430	1917	1303	2438	204159	0	209817
10431	192763	1220	1929	11143	0	207055
10432	5388	188954	1978	7311	0	203631
10433	4561	194334	1846	3816	0	204557
10434	181587	8197	1549	2984	0	194317
10435	184924	5237	1356	2729	0	194246
10436	9047	2320	1237	181250	0	193854
10437	5363	1941	181233	6414	0	194951
10438	2668	1632	5291	184246	0	193837
10439	2020	1676	183669	7240	0	194605
10440	1787	180209	5892	6000	0	193888
10441	2201	5330	4363	179105	0	190999
10442	175805	4328	1859	6157	0	188149
10443	6074	2122	1490	177627	0	187313
10444	4875	1489	169672	6006	0	182042
10445	163632	1417	5549	4961	0	175559
10446	6049	1179	170830	2732	0	180790
10447	4935	961	159607	2082	0	167585
10448	1705	149142	6625	2245	0	159717
10449	882	117780	2921	1104	0	122687
10450	978	109190	2144	1035	0	113347
10451	85843	2781	3987	1558	0	94169
10452	78731	610	542	415	0	80298
10453	916	195	135	79818	0	81064
10454	582	132	113	80931	0	81758
10455	220	124	151	82304	0	82799
10456	160	82233	168	1029	0	83590
10457	82343	455	142	664	0	83604
10458	453	82858	174	314	0	83799
10459	524	534	120	82909	0	84087
10460	81322	519	130	662	0	82633
10461	539	194	118	81864	0	82715
10462	552	165	113	83070	0	83900
10463	82753	133	130	1090	0	84106
10464	81616	129	143	754	0	82642
10465	948	170	81983	278	0	83379
10466	676	195	81092	242	0	82205
10467	290	193	84240	240	0	84963
10468	229	181	1022	82941	0	84373
10469	219	184	630	84551	0	85584
10470	170	85434	236	1104	0	86944
10471	87842	553	175	823	0	89393
10472	645	598	155	89292	0	90690
10473	709	219	145	90495	0	91568
10474	262	90725	175	1333	0	92495
10475	220	95482	176	894	0	96772
10476	256	1205	141	97552	0	99154
10477	235	793	167	106505	0	107700
10478	106762	234	145	1859	0	109000
10479	106951	188	148	1241	0	108528
10480	1854	193	151	106964	0	109162
10481	1199	209	107082	1177	0	109667
10482	397	241	104302	1159	0	106099
10483	262	176	1799	105829	0	108066
10484	274	172	1085	104626	0	106157
10485	241	104469	314	2049	0	107073
10486	100523	959	183	1285	0	102950
10487	1086	975	187	100495	0	102743
10488	1082	298	99673	1140	0	102193
10489	404	186	961	100879	0	102430
10490	266	186	100901	1263	0	102616
10491	272	204	100548	1129	0	102153
10492	302	526	1897	100491	0	103216
10493	100304	188	1186	1251	0	102929
10494	1005	201	99967	1139	0	102312
10495	996	164	966	98000	0	100126
10496	392	242	106238	1169	0	108041
10497	294	134	1019	105802	0	107249
10498	266	111	959	106849	0	108185
10499	279	185	105864	1917	0	108245
10500	280	189	104181	1208	0	105858
10501	311	169	1884	97452	0	99816
10502	250	135	1091	106264	0	107740
10503	321	151	367	107283	0	108122
10504	251	140	301	106434	0	107126
10505	104196	115	276	2150	0	106737
10506	104721	127	287	1411	0	106546
10507	1749	104600	333	633	0	107315
10508	105270	954	294	627	0	107145
10509	1181	923	327	105032	0	107463
10510	106624	224	362	1388	0	108598
10511	1263	191	107225	1287	0	109966
10512	108880	130	1218	707	0	110935
10513	1363	187	1189	111389	0	114128
10514	1234	130	413	116441	0	118218
10515	115832	137	333	2591	0	118893
10516	1438	158	315	125025	0	126936
10517	1363	253	127653	1941	0	131210
10518	124049	171	1668	1919	0	127807
10519	1655	129233	1673	851	0	133412
10520	1731	1466	425	134058	0	137680
10521	538	1606	141987	2127	0	146258
10522	456	287	1933	141225	0	143901
10523	422	439	143254	2465	0	146580
10524	442	253	2124	142624	0	145443
10525	347	143792	2161	2529	0	148829
10526	510	1906	497	144299	0	147212
10527	434	150194	475	2576	0	153679
10528	583	2393	408	143101	0	146485
10529	566	2271	402	155806	0	159045
10530	544	380	393	158436	0	159753
10531	566	244	444	159087	0	160341
10532	639	210	490	159557	0	160896
10533	504	285	154473	5157	0	160419
10534	474	206	2434	155730	0	158844
10535	437	248	2568	156142	0	159395
10536	154533	239	658	5086	0	160516
10537	2337	154365	550	3444	0	160696
10538	156494	2326	436	1332	0	160588
10539	2777	2465	444	155764	0	161450
10540	2747	587	155034	3185	0	161553
10541	559	155260	2689	3465	0	161973
10542	152242	2355	2785	1382	0	158764
10543	2410	155708	858	1227	0	160203
10544	2532	158310	682	1107	0	162631
10545	155730	4568	558	1145	0	162001
10546	2705	2822	494	163792	0	169813
10547	164818	600	512	3492	0	169422
10548	3068	381	496	162097	0	166042
10549	3009	436	161384	3740	0	168569
10550	783	449	160410	3652	0	165294
10551	153858	381	5303	1561	0	161103
10552	161829	360	3260	1332	0	166781
10553	5434	400	853	157808	0	164495
10554	3313	435	642	159759	0	164149
10555	153038	410	562	6083	0	160093
10556	2923	153856	527	4067	0	161373
10557	3073	157226	542	1598	0	162439
10558	154925	5121	530	1297	0	161873
10559	155416	3030	569	1108	0	160123
10560	5466	155611	639	1143	0	162859
10561	3546	2965	489	155455	0	162455
10562	1199	3016	155051	3435	0	162701
10563	974	837	155205	3546	0	160562
10564	148247	599	5363	1413	0	155622
10565	3368	594	156646	1191	0	161799
10566	3367	546	3047	149950	0	156910
10567	1121	542	2936	147124	0	151723
10568	934	150368	857	5691	0	157850
10569	150016	2804	704	3659	0	157183
10570	3371	2965	717	149399	0	156452
10571	3359	872	146604	3457	0	154292
10572	1085	146514	2851	3822	0	154272
10573	1063	3240	2873	144937	0	152113
10574	943	2873	144471	3279	0	151566
10575	1008	846	141447	3513	0	146814
10576	718	138653	4992	1403	0	145766
10577	128060	2465	2852	1034	0	134411
10578	2456	131807	764	1076	0	136103
10579	131033	2514	645	1116	0	135308
10580	2638	2602	128120	1097	0	134457
10581	125241	719	2450	1105	0	129515
10582	2516	128036	2633	1159	0	134344
10583	2806	2346	792	128574	0	134518
10584	910	2552	718	132305	0	136485
10585	130524	771	654	4859	0	136808
10586	2622	789	130123	3193	0	136727
10587	129729	663	2359	1450	0	134201
10588	131225	650	2536	1228	0	135639
10589	4690	678	127959	1146	0	134473
10590	2967	764	130376	1083	0	135190
10591	1207	716	4419	127407	0	133749
10592	129176	698	2779	3045	0	135698
10593	129601	781	950	3048	0	134380
10594	4617	131727	869	1175	0	138388
10595	3209	2612	646	133193	0	139660
10596	1257	2806	661	129152	0	133876
10597	1142	868	644	132638	0	135292
10598	1122	697	691	134102	0	136612
10599	130078	654	738	5144	0	136614
10600	3086	744	676	132700	0	137206
10601	3116	817	129699	3128	0	136760
10602	1298	772	129170	2996	0	134236
10603	121830	651	4743	1223	0	128447
10604	3047	127678	2936	1158	0	134819
10605	3200	131683	1003	1101	0	136987
10606	1317	4700	879	130974	0	137870
10607	1282	2794	809	133488	0	138373
10608	1253	847	820	134364	0	137284
10609	1230	777	768	135882	0	138657
10610	1094	811	130702	5258	0	137865
10611	1313	618	2463	129268	0	133662
10612	1363	617	2606	127294	0	131880
10613	1021	715	121295	4669	0	127700
10614	109917	524	2540	3207	0	116188
10615	2470	117368	2733	1308	0	123879
10616	109850	1857	910	1001	0	113618
10617	2357	1920	107222	842	0	112341
10618	2308	540	106052	766	0	109666
10619	755	104922	3363	817	0	109857
10620	98203	2490	5314	1114	0	107121
10621	93378	1604	888	721	0	96591
10622	93840	413	433	592	0	95278
10623	2650	91181	450	641	0	94922
10624	89377	1222	437	513	0	91549
10625	1580	1343	89474	508	0	92905
10626	1356	89693	1275	579	0	92903
10627	86127	1145	1393	505	0	89170
10628	1300	88574	444	434	0	90752
10629	86429	1202	315	410	0	88356
10630	84100	1110	315	393	0	85918
10631	2119	340	85787	342	0	88588
10632	1268	86352	1224	359	0	89203
10633	84346	1101	1189	366	0	87002
10634	1308	1090	84444	318	0	87160
10635	1125	84705	1131	362	0	87323
10636	600	1127	1089	82642	0	85458
10637	353	963	82566	1001	0	84883
10638	362	340	81153	972	0	82827
10639	396	445	1579	80072	0	82492
10640	79253	162	979	991	0	81385
10641	871	79483	327	1120	0	81801
10642	1035	807	78726	346	0	80914
10643	548	808	77559	207	0	79122
10644	72119	287	1405	223	0	74034
10645	808	77313	872	220	0	79213
10646	70018	429	358	151	0	70956
10647	516	70176	121	121	0	70934
10648	71293	484	258	184	0	72219
10649	69320	446	111	134	0	70011
10650	884	68594	126	134	0	69738
10651	602	500	102	69004	0	70208
10652	72493	541	98	595	0	73727
10653	628	157	106	74094	0	74985
10654	665	125	116	77177	0	78083
10655	76162	76	129	1285	0	77652
10656	667	76260	156	818	0	77901
10657	77652	659	107	445	0	78863
10658	825	760	76917	135	0	78637
10659	814	182	689	77021	0	78706
10660	246	134	738	76996	0	78114
10661	76259	108	184	1390	0	77941
10662	76379	128	125	877	0	77509
10663	1400	135	104	76089	0	77728
10664	876	157	77254	792	0	79079
10665	294	137	684	76963	0	78078
10666	256	121	718	77996	0	79091
10667	255	122	178	78852	0	79407
10668	259	123	149	79067	0	79598
10669	76774	154	136	1570	0	78634
10670	854	162	77508	956	0	79480
10671	875	77832	761	407	0	79875
10672	340	741	769	77209	0	79059
10673	303	775	158	79960	0	81196
10674	280	246	79371	1570	0	81467
10675	303	230	78703	1021	0	80257
10676	272	132	1507	79274	0	81185
10677	247	150	924	80162	0	81483
10678	293	221	78608	1735	0	80857
10679	302	144	859	78656	0	79961
10680	78441	141	940	1101	0	80623
10681	941	80418	285	1155	0	82799
10682	1052	870	79457	457	0	81836
10683	340	80175	908	369	0	81792
10684	333	988	959	79059	0	81339
10685	299	1021	79991	1018	0	82329
10686	311	79694	966	1225	0	82196
10687	334	874	967	80229	0	82404
10688	307	987	81662	1026	0	83982
10689	351	286	917	80936	0	82490
10690	302	199	981	81234	0	82716
10691	80892	185	321	1951	0	83349
10692	1062	175	266	81553	0	83056
10693	81730	199	216	1227	0	83372
10694	78200	193	250	1226	0	79869
10695	78349	189	243	560	0	79341
10696	1978	182	261	76458	0	78879
10697	1077	175	75244	1093	0	77589
10698	357	214	74234	1114	0	75919
10699	74534	156	1632	555	0	76877
10700	1033	190	78335	409	0	79967
10701	75027	149	1104	434	0	76714
10702	1018	77370	1127	449	0	79964
10703	79003	841	353	417	0	80614
10704	1126	965	79775	446	0	82312
10705	1208	332	82707	342	0	84589
10706	381	219	1870	83564	0	86034
10707	322	138	88762	1313	0	90535
10708	329	186	90547	1418	0	92480
10709	307	184	2396	91429	0	94316
10710	322	174	1423	96537	0	98456
10711	315	193	399	99240	0	100147
10712	245	99753	351	3129	0	103478
10713	395	1467	310	96596	0	98768
10714	270	103045	338	1762	0	105415
10715	101782	1567	315	1778	0	105442
10716	104338	1637	334	705	0	107014
10717	3079	307	364	99569	0	103319
10718	1900	100958	372	1865	0	105095
10719	553	1550	102403	1934	0	106440
10720	101903	1665	1742	719	0	106029
10721	1832	361	1906	102749	0	106848
10722	2062	273	501	103386	0	106222
10723	617	287	387	105807	0	107098
10724	101349	274	365	3673	0	105661
10725	1814	98666	407	2379	0	103266
10726	1962	100692	448	798	0	103900
10727	96436	3063	431	598	0	100528
10728	1702	99322	441	619	0	102084
10729	99604	1794	389	628	0	102415
10730	98294	1811	394	647	0	101146
10731	3347	97618	469	688	0	102122
10732	2170	1697	416	95166	0	99449
10733	605	98732	430	1946	0	101713
10734	531	1847	372	98587	0	101337
10735	501	1935	383	102433	0	105252
10736	101603	543	359	3818	0	106323
10737	104290	381	382	2567	0	107620
10738	3955	415	420	103430	0	108220
10739	2524	440	101658	2351	0	106973
10740	98303	384	1982	2544	0	103213
10741	2089	101516	2237	1023	0	106865
10742	2352	2043	566	101570	0	106531
10743	848	2185	434	103183	0	106650
10744	690	662	371	105457	0	107180
10745	99730	488	354	4429	0	105001
10746	99714	452	374	2829	0	103369
10747	3904	96623	386	1105	0	102018
10748	2482	97865	400	836	0	101583
10749	931	3634	322	96801	0	101688
10750	815	2427	328	98266	0	101836
10751	728	747	97118	3960	0	102553
10752	748	669	1763	95202	0	98382
10753	597	481	94139	2456	0	97673
10754	668	416	89409	2346	0	92839
10755	604	89055	3239	932	0	93830
10756	860	1818	2151	88981	0	93810
10757	89555	1996	527	2173	0	94251
10758	1996	618	370	90412	0	93396
10759	2232	520	88500	2271	0	93523
10760	86296	526	1746	2302	0	90870
10761	88488	509	1900	916	0	91813
10762	3645	546	87652	856	0	92699
10763	2444	467	1739	90204	0	94854
10764	89182	442	1891	2258	0	93773
10765	2154	91366	588	2439	0	96547
10766	93873	1889	478	1096	0	97336
10767	94893	2088	415	979	0	98375
10768	3873	662	385	93605	0	98525
10769	2586	535	381	96242	0	99744
10770	95069	489	400	4113	0	100071
10771	2388	531	388	97067	0	100374
10772	2433	572	94785	2645	0	100435
10773	90924	505	1852	2613	0	95894
10774	92870	508	1969	1130	0	96477
10775	3714	91814	578	1078	0	97184
10776	2435	94394	418	1065	0	98312
10777	1050	3645	356	89724	0	94775
10778	740	95020	450	2278	0	98488
10779	854	2286	411	95203	0	98754
10780	93264	2067	423	2533	0	98287
10781	91853	661	443	2477	0	95434
10782	3661	91266	420	1115	0	96462
10783	91672	1912	401	933	0	94918
10784	2375	92191	451	910	0	95927
10785	91999	2099	400	892	0	95390
10786	91800	2096	425	929	0	95250
10787	3822	751	89373	953	0	94899
10788	88994	550	1778	942	0	92264
10789	2525	87719	1960	824	0	93028
10790	2505	90148	544	864	0	94061
10791	90062	3339	463	833	0	94697
10792	2557	2214	349	90124	0	95244
10793	2552	814	90351	2206	0	95923
10794	1252	681	1738	91722	0	95393
10795	1133	595	1833	92994	0	96555
10796	967	605	90660	3823	0	96055
10797	85471	541	1854	2613	0	90479
10798	2376	89382	1939	1173	0	94870
10799	88036	1797	529	904	0	91266
10800	2497	1889	408	85148	0	89942
10801	85500	653	338	2054	0	88545
10802	2352	83951	397	2183	0	88883
10803	2397	1976	338	83573	0	88284
10804	82128	1705	367	2100	0	86300
10805	2141	600	78025	2069	0	82835
10806	1882	429	72152	819	0	75282
10807	67649	463	2676	697	0	71485
10808	1749	68256	1541	543	0	72089
10809	1353	62368	388	468	0	64577
10810	1569	2188	717	57813	0	62287
10811	571	59511	304	1127	0	61513
10812	650	1169	388	58667	0	60874
10813	671	1111	241	60424	0	62447
10814	524	383	279	59669	0	60855
10815	526	58289	340	1852	0	61007
10816	571	1002	243	57379	0	59195
10817	539	989	55749	1092	0	58369
10818	551	54751	772	1069	0	57143
10819	478	1097	749	50658	0	52982
10820	438	52843	296	775	0	54352
10821	52098	863	298	878	0	54137
10822	52129	849	186	468	0	53632
10823	52619	310	265	359	0	53553
10824	1575	52906	248	393	0	55122
10825	1117	844	196	52898	0	55055
10826	588	896	52493	811	0	54788
10827	493	440	51865	893	0	53691
10828	49570	550	1332	526	0	51978
10829	50970	361	837	477	0	52645
10830	1390	300	267	53548	0	55505
10831	1067	289	193	54489	0	56038
10832	520	362	54648	1686	0	57216
10833	401	53651	871	1194	0	56117
10834	469	54018	907	475	0	55869
10835	375	1191	50419	302	0	52287
10836	362	1056	786	48037	0	50241
10837	303	282	566	44151	0	45302
10838	298	213	143	49321	0	49975
10839	271	241	138	49422	0	50072
10840	48610	212	108	1113	0	50043
10841	710	228	47147	655	0	48740
10842	46823	205	547	256	0	47831
10843	696	219	557	47127	0	48599
10844	47216	189	179	640	0	48224
10845	737	203	143	47601	0	48684
10846	704	248	47256	687	0	48895
10847	298	225	567	47713	0	48803
10848	248	227	48438	710	0	49623
10849	238	229	548	47146	0	48161
10850	243	190	49214	700	0	50347
10851	174	49546	595	725	0	51040
10852	216	579	576	49826	0	51197
10853	212	521	157	49242	0	50132
10854	150	50497	180	976	0	51803
10855	51351	552	143	669	0	52715
10856	622	550	132	51180	0	52484
10857	622	197	142	50939	0	51900
10858	51379	166	140	1139	0	52824
10859	52146	153	133	752	0	53184
10860	54048	171	126	364	0	54709
10861	54230	150	123	326	0	54829
10862	1100	137	51872	297	0	53406
10863	50622	97	534	266	0	51519
10864	52101	104	552	251	0	53008
10865	1055	104	169	49173	0	50501
10866	639	118	125	48692	0	49574
10867	47124	94	102	934	0	48254
10868	480	46883	102	668	0	48133
10869	493	441	81	45969	0	46984
10870	144	445	47498	529	0	48616
10871	98	47304	397	492	0	48291
10872	47389	386	576	219	0	48570
10873	48045	388	156	166	0	48755
10874	48553	78	78	165	0	48874
10875	49562	54	76	183	0	49875
10876	817	63	54	48430	0	49364
10877	509	89	48583	458	0	49639
10878	155	96	52181	505	0	52937
10879	135	99	917	54727	0	55878
10880	57882	40	603	664	0	59189
10881	706	53	100	58506	0	59365
10882	804	94	58777	744	0	60419
10883	58548	39	678	819	0	60084
10884	58998	45	744	219	0	60006
10885	1409	41	144	59564	0	61158
10886	891	57	61269	730	0	62947
10887	242	75	62278	778	0	63373
10888	59222	47	1378	274	0	60921
10889	742	61253	819	271	0	63085
10890	863	649	62055	169	0	63736
10891	238	710	735	61426	0	63109
10892	61673	93	817	828	0	63411
10893	764	60306	172	875	0	62117
10894	834	61007	167	239	0	62247
10895	60685	1331	136	203	0	62355
10896	829	785	120	60507	0	62241
10897	64757	123	117	863	0	65860
10898	975	97	140	65822	0	67034
10899	947	114	125	66089	0	67275
10900	272	116	65876	1705	0	67969
10901	248	125	64342	1012	0	65727
10902	244	129	67088	250	0	67711
10903	258	92	1709	65231	0	67290
10904	66571	71	1016	969	0	68627
10905	1030	103	66842	1029	0	69004
10906	1083	70	947	66464	0	68564
10907	322	245	68399	1034	0	70000
10908	254	68342	1044	1143	0	70783
10909	274	921	1030	68941	0	71166
10910	248	908	290	69597	0	71043
10911	259	124	236	70512	0	71131
10912	68878	91	259	1965	0	71193
10913	1056	118	232	69245	0	70651
10914	1125	118	243	69132	0	70618
10915	68276	121	233	1982	0	70612
10916	1091	142	67712	1202	0	70147
10917	67868	119	1005	353	0	69345
10918	67773	133	993	353	0	69252
10919	1916	156	66767	311	0	69150
10920	65462	140	986	342	0	66930
10921	1199	119	1029	66495	0	68842
10922	1180	107	68511	1059	0	70857
10923	67520	96	1046	1179	0	69841
10924	68645	75	1034	448	0	70202
10925	2019	72	300	67818	0	70209
10926	1195	67	274	68449	0	69985
10927	444	65	265	69288	0	70062
10928	66928	62	265	1994	0	69249
10929	1084	67402	319	1238	0	70043
10930	65280	756	238	413	0	66687
10931	933	63373	300	370	0	64976
10932	950	62685	318	352	0	64305
10933	361	1508	287	62873	0	65029
10934	305	838	244	63650	0	65037
10935	339	142	223	63594	0	64298
10936	309	132	226	63946	0	64613
10937	335	157	61957	1764	0	64213
10938	59914	138	896	1158	0	62106
10939	953	163	917	62457	0	64490
10940	1036	201	62426	1061	0	64724
10941	383	166	869	62916	0	64334
10942	403	145	899	63560	0	65007
10943	388	176	65108	1756	0	67428
10944	386	135	893	65409	0	66823
10945	362	138	956	65634	0	67090
10946	65347	128	321	1880	0	67676
10947	994	139	66715	1174	0	69022
10948	64180	75	934	542	0	65731
10949	1026	67738	1004	503	0	70271
10950	67278	780	329	486	0	68873
10951	65282	814	418	499	0	67013
10952	1751	153	321	64927	0	67152
10953	1104	162	64965	1127	0	67358
10954	396	68757	994	1220	0	71367
10955	475	988	959	62726	0	65148
10956	344	71978	319	1031	0	73672
10957	70831	1029	293	1162	0	73315
10958	1179	1048	69952	486	0	72665
10959	1153	270	69730	463	0	71616
10960	412	194	1854	68159	0	70619
10961	371	211	71332	1281	0	73195
10962	379	187	1088	71803	0	73457
10963	380	190	1082	71607	0	73259
10964	71806	152	304	2222	0	74484
10965	1159	72290	299	1473	0	75221
10966	1206	1038	293	73137	0	75674
10967	420	964	324	74752	0	76460
10968	394	184	306	74040	0	74924
10969	326	72674	374	2260	0	75634
10970	326	73761	350	1451	0	75888
10971	72329	1782	323	574	0	75008
10972	72274	1032	294	590	0	74190
10973	72317	204	276	526	0	73323
10974	2121	230	70384	443	0	73178
10975	1289	525	1059	68799	0	71672
10976	483	235	69889	1281	0	71888
10977	348	68699	1045	1329	0	71421
10978	63879	1007	1141	551	0	66578
10979	1021	833	62312	368	0	64534
10980	901	352	756	59032	0	61041
10981	359	129	60762	850	0	62100
10982	58033	129	822	879	0	59863
10983	60671	118	732	390	0	61911
10984	61360	113	212	310	0	61995
10985	60251	133	200	291	0	60875
10986	1378	158	61381	277	0	63194
10987	59801	118	693	286	0	60898
10988	60725	99	693	268	0	61785
10989	1253	60550	231	277	0	62311
10990	60470	622	186	254	0	61532
10991	61288	601	165	265	0	62319
10992	1339	138	189	57991	0	59657
10993	771	62950	188	717	0	64626
10994	65899	661	166	776	0	67502
10995	70702	640	167	335	0	71844
10996	1679	208	76870	328	0	79085
10997	928	143	76411	166	0	77648
10998	348	128	77887	166	0	78529
10999	273	321	2104	75392	0	78090
11000	75223	100	1200	1188	0	77711
11001	1164	75645	276	1222	0	78307
11002	75326	1074	196	300	0	76896
11003	1227	76230	187	212	0	77856
11004	74850	1158	143	204	0	76355
11005	1205	74764	180	192	0	76341
11006	1072	75462	164	157	0	76855
11007	71829	1939	166	222	0	74156
11008	1084	74756	192	155	0	76187
11009	1056	1186	112	73690	0	76044
11010	370	1048	75000	1032	0	77450
11011	295	282	75715	982	0	77274
11012	260	160	1953	74314	0	76687
11013	253	169	1120	76701	0	78243
11014	262	205	76128	2003	0	78598
11015	264	161	1114	75624	0	77163
11016	284	151	1054	76834	0	78323
11017	75992	129	261	2090	0	78472
11018	1154	76328	257	1354	0	79093
11019	1185	1144	246	71436	0	74011
11020	318	77439	264	1054	0	79075
11021	75914	1227	227	1121	0	78489
11022	1192	77321	248	329	0	79090
11023	77520	1221	217	264	0	79222
11024	77460	1152	190	265	0	79067
11025	2252	332	161	76429	0	79174
11026	1388	262	192	77390	0	79232
11027	449	289	251	78676	0	79665
11028	427	258	247	78783	0	79715
11029	359	287	75772	2316	0	78734
11030	69756	265	1187	1402	0	72610
11031	1321	75202	1162	434	0	78119
11032	1315	1241	304	76685	0	79545
11033	492	1174	286	76614	0	78566
11034	401	77077	326	2178	0	79982
11035	77089	1284	303	1351	0	80027
11036	1306	78943	325	485	0	81059
11037	1358	1408	239	78201	0	81206
11038	527	1320	213	80007	0	82067
11039	490	448	227	81056	0	82221
11040	477	375	242	81302	0	82396
11041	78729	330	262	2483	0	81804
11042	1504	356	79136	1473	0	82469
11043	1393	341	1294	77206	0	80234
11044	508	328	1261	78323	0	80420
11045	430	326	472	79206	0	80434
11046	464	293	340	78545	0	79642
11047	74223	269	300	2647	0	77439
11048	1519	369	75031	1601	0	78520
11049	1430	506	1213	70668	0	73817
11050	470	71609	1154	1431	0	74664
11051	419	74000	336	1408	0	76163
11052	72586	2204	213	627	0	75630
11053	1459	1394	72699	473	0	76025
11054	66783	507	1049	467	0	68806
11055	1426	430	68807	453	0	71116
11056	1101	296	1037	65299	0	67733
11057	66414	268	969	1299	0	68950
11058	1026	67568	393	1365	0	70352
11059	1082	1058	374	63457	0	65971
11060	409	66080	366	1171	0	68026
11061	66768	1085	325	1205	0	69383
11062	66705	967	265	694	0	68631
11063	1865	318	276	66346	0	68805
11064	1171	320	65905	1380	0	68776
11065	506	376	66057	1275	0	68214
11066	462	451	1651	64314	0	66878
11067	382	65886	992	1163	0	68423
11068	403	1242	233	68897	0	70775
11069	398	1150	144	66141	0	67833
11070	441	432	142	66740	0	67755
11071	372	410	66213	2150	0	69145
11072	416	278	997	66121	0	67812
11073	329	275	977	66322	0	67903
11074	237	65303	377	2487	0	68404
11075	230	1201	275	63656	0	65362
11076	258	899	284	68696	0	70137
11077	300	261	281	69746	0	70588
11078	320	193	273	69786	0	70572
11079	325	224	233	69103	0	69885
11080	264	282	206	69133	0	69885
11081	273	312	156	68133	0	68874
11082	316	357	195	67082	0	67950
11083	397	385	60156	4909	0	65847
11084	430	354	893	64674	0	66351
11085	63203	297	867	1538	0	65905
11086	1206	235	253	62437	0	64131
11087	1140	239	62294	1531	0	65204
11088	60072	229	1030	1473	0	62804
11089	63527	224	963	751	0	65465
11090	64051	210	355	658	0	65274
11091	64093	197	250	730	0	65270
11092	2062	240	211	63745	0	66258
11093	1166	201	62700	1513	0	65580
11094	366	60120	944	1322	0	62752
11095	398	55311	801	566	0	57076
11096	669	1171	1187	47218	0	50245
11097	146	362	322	50033	0	50863
11098	91	72	53	50440	0	50656
11099	86	67	55	52269	0	52477
11100	90	49	34	57730	0	57903
11101	59662	67	57	1294	0	61080
11102	765	60553	53	887	0	62258
11103	733	62133	70	243	0	63179
11104	182	1685	69	63376	0	65312
11105	122	860	58	64833	0	65873
11106	104	138	59	65428	0	65729
11107	130	80	56	65323	0	65589
11108	118	91	62195	1933	0	64337
11109	94	61427	904	1149	0	63574
11110	120	900	763	60800	0	62583
11111	59423	815	107	1064	0	61409
11112	899	147	89	60574	0	61709
11113	827	132	60391	1119	0	62469
11114	160	86	59569	1016	0	60831
11115	156	105	61483	333	0	62077
11116	133	157	1666	59025	0	60981
11117	61517	100	953	1088	0	63658
11118	907	81	174	62642	0	63804
11119	833	79	99	64677	0	65688
11120	64087	71	117	1887	0	66162
11121	1006	80	119	66059	0	67264
11122	881	75	139	66510	0	67605
11123	213	128	69180	1889	0	71410
11124	153	69467	982	1126	0	71728
11125	169	933	854	71248	0	73204
11126	70549	815	178	1228	0	72770
11127	1027	144	128	71877	0	73176
11128	960	160	71889	1260	0	74269
11129	228	196	965	71906	0	73295
11130	159	72672	929	1253	0	75013
11131	190	1046	185	74298	0	75719
11132	157	959	73001	1290	0	75407
11133	134	77532	1026	1258	0	79950
11134	229	1348	915	78261	0	80753
11135	129	1121	233	83621	0	85104
11136	152	222	158	85212	0	85744
11137	141	161	143	85746	0	86191
11138	155	176	82738	2768	0	85837
11139	99	82796	1302	1747	0	85944
11140	82903	1267	1259	553	0	85982
11141	83974	1208	263	497	0	85942
11142	2373	255	186	83275	0	86089
11143	1396	195	82510	1592	0	85693
11144	79657	126	1320	1586	0	82689
11145	1358	131	1297	83506	0	86292
11146	1317	189	85812	1608	0	88926
11147	354	138	1378	86765	0	88635
11148	300	127	1292	86974	0	88693
11149	255	133	296	88702	0	89386
11150	243	191	89915	2879	0	93228
11151	354	165	1359	85770	0	87648
11152	241	90425	1372	1661	0	93699
11153	90920	1318	351	1648	0	94237
11154	91646	1303	275	679	0	93903
11155	92451	309	229	628	0	93617
11156	2635	90897	261	587	0	94380
11157	91868	1332	233	628	0	94061
11158	1573	1331	236	89961	0	93101
11159	90416	314	287	1739	0	92756
11160	89977	258	230	1760	0	92225
11161	2696	251	88443	704	0	92094
11162	1574	87843	1396	686	0	91499
11163	87429	1333	1386	577	0	90725
11164	1531	1371	351	87586	0	90839
11165	1481	378	87734	1699	0	91292
11166	442	87924	1418	1740	0	91524
11167	86520	1357	1458	740	0	90075
11168	1552	1355	345	87547	0	90799
11169	1513	353	272	88721	0	90859
11170	492	294	258	89212	0	90256
11171	387	87626	296	3050	0	91359
11172	417	1412	268	88884	0	90981
11173	337	88232	344	1961	0	90874
11174	373	1494	296	89065	0	91228
11175	389	1496	87940	1911	0	91736
11176	427	404	1409	88962	0	91202
11177	443	260	1450	89483	0	91636
11178	422	236	421	91477	0	92556
11179	400	289	88978	3159	0	92826
11180	436	254	1448	89174	0	91312
11181	460	274	1490	90925	0	93149
11182	393	258	463	92627	0	93741
11183	426	304	380	92481	0	93591
11184	446	251	299	93123	0	94119
11185	493	315	90450	3201	0	94459
11186	504	250	1400	90744	0	92898
11187	505	334	1461	90084	0	92384
11188	86864	227	422	3131	0	90644
11189	1496	86404	369	2124	0	90393
11190	1571	88481	348	1018	0	91418
11191	660	2459	328	87838	0	91285
11192	575	1503	314	86490	0	88882
11193	426	83794	359	2859	0	87438
11194	539	1332	265	84402	0	86538
11195	421	84085	316	2016	0	86838
11196	633	1412	270	83128	0	85443
11197	558	1385	239	81145	0	83327
11198	435	416	78294	2470	0	81615
11199	353	76790	1164	1737	0	80044
11200	318	73274	989	737	0	75318
11201	65893	1475	606	575	0	68549
11202	746	67809	250	525	0	69330
11203	894	860	199	66675	0	68628
11204	409	847	64712	1020	0	66988
11205	327	334	690	64422	0	65773
11206	63485	236	796	1129	0	65646
11207	817	279	65406	1087	0	67589
11208	833	67038	718	613	0	69202
11209	404	849	816	59293	0	61362
11210	253	820	253	68855	0	70181
11211	69423	269	201	1800	0	71693
11212	760	194	212	71075	0	72241
11213	810	198	206	70949	0	72163
11214	303	228	161	71412	0	72104
11215	226	232	165	71085	0	71708
11216	68744	195	184	1784	0	70907
11217	68521	201	163	1352	0	70237
11218	1349	192	155	68858	0	70554
11219	67031	176	184	1092	0	68483
11220	781	182	166	66105	0	67234
11221	798	183	64068	1138	0	66187
11222	315	201	62805	1147	0	64468
11223	290	510	1151	57654	0	59605
11224	184	59048	751	896	0	60879
11225	199	578	206	58965	0	59948
11226	57790	663	153	940	0	59546
11227	564	252	129	59021	0	59966
11228	57251	158	127	1011	0	58547
11229	658	211	119	58355	0	59343
11230	652	244	58406	919	0	60221
11231	195	57845	513	937	0	59490
11232	140	59410	600	542	0	60692
11233	236	1163	243	53607	0	55249
11234	150	477	54667	531	0	55825
11235	49	50550	217	374	0	51190
11236	164	270	235	50006	0	50675
11237	49285	213	138	298	0	49934
11238	168	105	51178	291	0	51742
11239	207	46	144	51101	0	51498
11240	74	75	175	53569	0	53893
11241	72	84	53726	422	0	54304
11242	72	89	52271	337	0	52769
11243	68	122	55031	133	0	55354
11244	78	94	437	54213	0	54822
11245	76	78	57035	291	0	57480
11246	51508	40	303	396	0	52247
11247	311	39	286	58131	0	58767
11248	422	95	67174	375	0	68066
11249	88	68568	393	526	0	69575
11250	105	391	67848	164	0	68508
11251	81	464	458	66676	0	67679
11252	69574	72	545	648	0	70839
11253	428	58	103	71759	0	72348
11254	513	72	69	72300	0	72954
11255	75876	49	81	1095	0	77101
11256	574	59	64	77702	0	78399
11257	638	116	78481	693	0	79928
11258	76035	52	612	764	0	77463
11259	618	79470	677	210	0	80975
11260	80579	565	119	202	0	81465
11261	697	644	62	80250	0	81653
11262	722	131	80215	666	0	81734
11263	192	119	81533	749	0	82593
11264	154	165	1272	80690	0	82281
11265	156	75	761	80855	0	81847
11266	154	104	82082	1313	0	83653
11267	112	112	79769	764	0	80757
11268	80312	72	1351	239	0	81974
11269	714	61	831	81990	0	83596
11270	83339	47	190	802	0	84378
11271	802	63	124	82692	0	83681
11272	839	92	85252	862	0	87045
11273	228	124	88979	876	0	90207
11274	182	66	1528	90029	0	91805
11275	175	53	957	92804	0	93989
11276	147	96	95366	1695	0	97304
11277	92238	52	1019	1140	0	94449
11278	1100	65	1021	98033	0	100219
11279	101402	55	227	1244	0	102928
11280	1233	110448	223	1217	0	113121
11281	1197	1376	165	111957	0	114695
11282	112692	1280	174	1665	0	115811
11283	1632	232	114256	1505	0	117625
11284	1504	103	1548	114440	0	117595
11285	348	102	1496	115416	0	117362
11286	299	101	293	118671	0	119364
11287	284	217	116142	3188	0	119831
11288	314	90	1661	114641	0	116706
11289	212	116327	1658	1837	0	120034
11290	264	1488	347	118872	0	120971
11291	257	1452	117043	1903	0	120655
11292	289	267	117994	1738	0	120288
11293	250	132	3157	117253	0	120792
11294	292	122	1780	119257	0	121451
11295	269	129	427	121676	0	122501
11296	290	115	338	122089	0	122832
11297	118912	85	370	3552	0	122919
11298	118510	102	353	2068	0	121033
11299	3188	184	117518	640	0	121530
11300	1792	118372	1792	624	0	122580
11301	445	1557	1723	120005	0	123730
11302	124574	1509	420	2188	0	128691
11303	119257	262	427	2059	0	122005
11304	127441	142	326	725	0	128634
11305	127792	133	362	679	0	128966
11306	3402	224	124983	601	0	129210
11307	121132	141	1836	673	0	123782
11308	1958	121930	1829	630	0	126347
11309	1895	1632	499	123230	0	127256
11310	636	1595	124220	2037	0	128488
11311	535	268	1882	123181	0	125866
11312	538	280	124365	2258	0	127441
11313	563	206	1984	123805	0	126558
11314	494	209	1876	125539	0	128118
11315	124525	188	565	3729	0	129007
11316	2011	194	494	126452	0	129151
11317	1945	262	126102	2419	0	130728
11318	594	228	1973	129596	0	132391
11319	128462	192	1989	2579	0	133222
11320	2046	194	629	131096	0	133965
11321	2093	265	129752	2488	0	134598
11322	592	128460	2082	2429	0	133563
11323	133408	1712	1980	1222	0	138322
11324	2128	1720	706	127287	0	131841
11325	2001	136476	695	2085	0	141257
11326	136006	1764	600	2288	0	140658
11327	2167	1785	136285	1030	0	141267
11328	2022	135324	2090	1123	0	140559
11329	788	1776	2035	137315	0	141914
11330	688	1775	136522	2405	0	141390
11331	673	425	2117	133226	0	136441
11332	133314	312	2069	2628	0	138323
11333	2192	400	133219	2446	0	138257
11334	2155	307	2023	131471	0	135956
11335	881	350	134033	2453	0	137717
11336	794	274	2251	131789	0	135108
11337	763	303	2060	134516	0	137642
11338	130204	269	670	4069	0	135212
11339	2135	130906	660	2699	0	136400
11340	2125	1715	628	131202	0	135670
11341	129919	1639	603	2540	0	134701
11342	129877	404	574	2424	0	133279
11343	3527	374	583	126635	0	131119
11344	2074	126474	674	2393	0	131615
11345	653	129654	713	2304	0	133324
11346	779	3031	521	126150	0	130481
11347	805	1643	560	126339	0	129347
11348	115718	355	517	3487	0	120077
11349	1924	327	517	116300	0	119068
11350	1664	324	111965	2240	0	116193
11351	103137	257	1699	2159	0	107252
11352	1684	108761	1599	1073	0	113117
11353	108508	1432	498	970	0	111408
11354	1945	1377	109364	901	0	113587
11355	1571	111690	1549	839	0	115649
11356	112248	1505	1830	783	0	116366
11357	112272	1354	655	723	0	115004
11358	2822	409	111929	625	0	115785
11359	109838	318	1675	611	0	112442
11360	112651	288	1426	643	0	115008
11361	2751	112756	482	622	0	116611
11362	1731	1454	371	115098	0	118654
11363	729	1406	114137	1780	0	118052
11364	632	372	1648	117613	0	120265
11365	607	380	120264	2035	0	123286
11366	520	308	1749	117766	0	120343
11367	119117	262	1704	2086	0	123169
11368	1864	262	497	123443	0	126066
11369	1787	255	130861	2120	0	135023
11370	129215	204	2009	2049	0	133477
11371	2301	209	1903	134467	0	138880
11372	2018	248	131106	2262	0	135634
11373	122523	177	2050	2202	0	126952
11374	2226	362	1881	127211	0	131680
11375	1991	277	124311	2158	0	128737
11376	634	320	121429	1905	0	124288
11377	564	1208	2966	117559	0	122297
11378	447	320	122633	1839	0	125239
11379	394	117643	1733	1731	0	121501
11380	662	1314	1374	107577	0	110927
11381	107879	1043	328	1274	0	110524
11382	1128	234	109509	1153	0	112024
11383	1193	150	108028	306	0	109677
11384	99057	84	2180	345	0	101666
11385	1099	121	109247	216	0	110683
11386	101250	92	1242	297	0	102881
11387	1172	117	107899	219	0	109407
11388	1199	90	1184	104519	0	106992
11389	291	158	108538	1058	0	110045
11390	297	96	1154	106078	0	107625
11391	251	137	110304	1121	0	111813
11392	264	154	107659	1115	0	109192
11393	97096	78	2045	424	0	99643
11394	1033	107366	1257	298	0	109954
11395	109104	923	385	271	0	110683
11396	1119	110173	296	294	0	111882
11397	1175	1031	301	109717	0	112224
11398	352	1018	324	112211	0	113905
11399	111229	186	286	2029	0	113730
11400	1158	154	275	111650	0	113237
11401	1213	174	110961	1269	0	113617
11402	104729	107	1178	1263	0	107277
11403	107944	126	1208	452	0	109730
11404	2083	127	382	107774	0	110366
11405	1299	180	109063	1168	0	111710
11406	413	167	1179	107250	0	109009
11407	273	109041	1292	1293	0	111899
11408	370	994	394	109497	0	111255
11409	397	1019	349	110810	0	112575
11410	328	226	108219	2197	0	110970
11411	93687	124	1318	1570	0	96699
11412	1176	106709	1280	538	0	109703
11413	106145	1024	481	523	0	108173
11414	1166	108277	455	484	0	110382
11415	1273	1126	383	104965	0	107747
11416	378	108221	470	1342	0	110411
11417	433	1178	104797	1315	0	107723
11418	395	1105	1324	100696	0	103520
11419	434	259	1281	103232	0	105206
11420	390	169	540	105782	0	106881
11421	102831	148	456	2381	0	105816
11422	1322	202	498	103554	0	105576
11423	99793	169	559	1548	0	102069
11424	99924	177	476	1523	0	102100
11425	97685	159	585	707	0	99136
11426	2420	219	96958	541	0	100138
11427	1514	167	1497	97165	0	100343
11428	573	191	1479	103015	0	105258
11429	553	186	749	105764	0	107252
11430	108921	169	634	2968	0	112692
11431	1795	217	693	110726	0	113431
11432	1673	232	744	112822	0	115471
11433	116240	203	676	3278	0	120397
11434	2086	230	731	120505	0	123552
11435	1938	301	122333	2172	0	126744
11436	749	338	123879	2057	0	127023
11437	727	269	3598	123982	0	128576
11438	123065	265	2298	2357	0	127985
11439	119398	202	905	2196	0	122701
11440	3715	186	722	121396	0	126019
11441	2220	254	121608	2287	0	126369
11442	780	120836	2319	2236	0	126171
11443	786	1846	2104	122743	0	127479
11444	700	1711	790	124591	0	127792
11445	709	404	750	125473	0	127336
11446	123802	280	637	4058	0	128777
11447	2283	361	125056	2457	0	130157
11448	125812	301	2316	998	0	129427
11449	2513	325	2043	121679	0	126560
11450	2269	125531	716	2364	0	130880
11451	126371	1904	576	2353	0	131204
11452	125533	1891	479	952	0	128855
11453	3942	465	130285	902	0	135594
11454	2285	125520	2251	994	0	131050
11455	789	123114	1999	849	0	126751
11456	121126	3283	542	902	0	125853
11457	2234	1831	503	121674	0	126242
11458	2231	416	470	121921	0	125038
11459	840	353	448	121564	0	123205
11460	630	117596	431	4010	0	122667
11461	595	120787	447	2408	0	124237
11462	117845	3270	360	1001	0	122476
11463	2335	1789	337	117201	0	121662
11464	1807	480	126754	2244	0	131285
11465	736	396	2400	132301	0	135833
11466	657	328	144641	3108	0	148734
11467	609	331	145020	2542	0	148502
11468	641	385	145330	813	0	147169
11469	320	130514	5157	528	0	136519
11470	919	2824	3742	120211	0	127696
11471	364	129828	848	2625	0	133665
11472	531	3055	492	121880	0	125958
11473	421	2338	385	130409	0	133553
11474	128554	618	365	4914	0	134451
11475	2772	333	330	130754	0	134189
11476	129608	304	314	3433	0	133659
11477	129353	234	304	2868	0	132759
11478	4999	271	274	122565	0	128109
11479	2850	124462	343	3057	0	130712
11480	998	2618	297	122241	0	126154
11481	612	126172	336	3161	0	130281
11482	595	2994	258	125299	0	129146
11483	603	2489	123189	3469	0	129750
11484	601	675	2680	124994	0	128950
11485	467	372	2488	126684	0	130011
11486	120794	356	804	5286	0	127240
11487	2715	122448	578	3385	0	129126
11488	2603	2770	481	123168	0	129022
11489	964	2450	396	121303	0	125113
11490	604	120332	511	5279	0	126726
11491	651	2850	412	122106	0	126019
11492	116248	2517	414	3809	0	122988
11493	119824	821	400	3157	0	124202
11494	4870	117946	434	1461	0	124711
11495	3074	2891	310	117845	0	124120
11496	114537	2446	383	3418	0	120784
11497	2995	117381	481	3110	0	123967
11498	2802	2960	430	109544	0	115736
11499	1012	117558	494	3145	0	122209
11500	115372	3270	567	2903	0	122112
11501	3155	2706	114356	1328	0	121545
11502	2747	977	114778	1123	0	119625
11503	1146	794	4957	113159	0	120056
11504	1472	741	115211	3306	0	120730
11505	777	637	3444	113602	0	118460
11506	111807	622	2793	3780	0	119002
11507	3080	741	113270	3191	0	120282
11508	2754	653	2964	113143	0	119514
11509	1140	682	2596	116048	0	120466
11510	113644	605	865	5631	0	120745
11511	2966	115795	674	3642	0	123077
11512	117770	2977	461	1749	0	122957
11513	116364	2663	440	1329	0	120796
11514	5211	113415	590	1424	0	120640
11515	3300	2985	512	114702	0	121499
11516	1323	2802	113087	3489	0	120701
11517	1001	1177	2918	112185	0	117281
11518	784	113761	2622	3763	0	120930
11519	114867	3137	1002	3248	0	122254
11520	3084	2814	786	115984	0	122668
11521	2693	1241	116794	3767	0	124495
11522	1063	915	3003	119229	0	124210
11523	815	836	2735	121205	0	125591
11524	833	904	962	123659	0	126358
11525	873	770	678	124345	0	126666
11526	996	744	644	121932	0	124316
11527	1006	736	115169	6519	0	123430
11528	1314	721	110412	3946	0	116393
11529	812	105726	4572	2076	0	113186
11530	721	105558	2613	1466	0	110358
11531	102398	4104	1093	1314	0	108909
11532	2804	2598	101628	1197	0	108227
11533	95240	1134	2889	1195	0	100458
11534	2787	659	93998	1043	0	98487
11535	2113	615	90405	922	0	94055
11536	840	521	3813	86890	0	92064
11537	88732	582	2408	2584	0	94306
11538	2232	570	831	90509	0	94142
11539	2049	520	524	91240	0	94333
11540	832	550	94620	4266	0	100268
11541	607	412	2081	96955	0	100055
11542	661	344	1853	96935	0	99793
11543	759	372	630	97523	0	99284
11544	785	363	414	97373	0	98935
11545	816	357	383	97551	0	99107
11546	92241	374	288	4526	0	97429
11547	2224	459	290	92950	0	95923
11548	1918	502	88871	3056	0	94347
11549	885	527	1833	90419	0	93664
11550	579	501	89833	2797	0	93710
11551	599	507	2268	90231	0	93605
11552	497	376	92094	2921	0	95888
11553	463	481	2399	86275	0	89618
11554	427	294	1904	88598	0	91223
11555	462	339	86933	3762	0	91496
11556	79235	348	2044	2582	0	84209
11557	1966	363	87530	1243	0	91102
11558	1802	422	2254	86681	0	91159
11559	87164	219	1884	2429	0	91696
11560	2003	278	817	88678	0	91776
11561	1915	423	433	89072	0	91843
11562	929	309	88221	3591	0	93050
11563	534	85517	1788	2464	0	90303
11564	276	72838	1120	917	0	75151
11565	271	69400	567	650	0	70888
11566	1444	682	1080	53923	0	57129
11567	55198	278	262	430	0	56168
11568	259	66	71	55525	0	55921
11569	261	35	68	56369	0	56733
11570	94	36	73	57122	0	57325
11571	58	34	75	56856	0	57023
11572	50	56391	84	601	0	57126
11573	71	238	58	57540	0	57907
11574	66	260	64	57238	0	57628
11575	44	56810	75	630	0	57559
11576	57059	231	54	413	0	57757
11577	251	239	64	57146	0	57700
11578	56878	62	53	403	0	57396
11579	56276	32	71	376	0	56755
11580	468	57249	79	190	0	57986
11581	290	302	61	60613	0	61266
11582	106	271	60796	377	0	61550
11583	85	92	59510	344	0	60031
11584	85	267	489	59578	0	60419
11585	60845	45	346	427	0	61663
11586	62673	30	100	446	0	63249
11587	475	43	87	63601	0	64206
11588	64075	39	92	423	0	64629
11589	324	63512	97	448	0	64381
11590	63883	278	87	202	0	64450
11591	339	68519	99	165	0	69122
11592	340	328	84	69612	0	70364
11593	150	297	90	69705	0	70242
11594	99	70513	97	667	0	71376
11595	69199	301	105	513	0	70118
11596	364	368	70444	198	0	71374
11597	365	97	322	68953	0	69737
11598	252	94	71196	412	0	71954
11599	123	79	350	70491	0	71043
11600	71641	49	351	514	0	72555
11601	339	59	119	71938	0	72455
11602	71500	54	80	560	0	72194
11603	71324	47	82	519	0	71972
11604	592	56	65	71311	0	72024
11605	438	91	70836	477	0	71842
11606	139	72746	330	529	0	73744
11607	134	314	316	72102	0	72866
11608	70875	308	112	479	0	71774
11609	407	139	71313	470	0	72329
11610	395	74	331	71090	0	71890
11611	174	74	332	71035	0	71615
11612	157	89	123	72061	0	72430
11613	71468	80	114	845	0	72507
11614	363	75	130	71271	0	71839
11615	368	89	121	72252	0	72830
11616	186	154	71561	753	0	72654
11617	189	73	381	71673	0	72316
11618	179	71	393	73032	0	73675
11619	180	53	129	74431	0	74793
11620	141	73970	117	851	0	75079
11621	184	312	78	72361	0	72935
11622	157	342	75	72300	0	72874
11623	68936	106	79	750	0	69871
11624	418	108	69836	453	0	70815
11625	429	129	67527	208	0	68293
11626	147	69775	568	226	0	70716
11627	171	305	402	71251	0	72129
11628	71128	320	132	523	0	72103
11629	353	101	65	70995	0	71514
11630	403	60	71	72241	0	72775
11631	136	61	74	73019	0	73290
11632	115	70	75	72615	0	72875
11633	123	47	68	72851	0	73089
11634	118	105	71838	821	0	72882
11635	108	79	303	72138	0	72628
11636	71916	51	313	562	0	72842
11637	311	71204	105	534	0	72154
11638	368	291	68	71920	0	72647
11639	144	322	60	72157	0	72683
11640	138	149	68804	764	0	69855
11641	121	75	332	67496	0	68024
11642	118	79	366	72395	0	72958
11643	72361	74	122	975	0	73532
11644	484	75607	97	731	0	76919
11645	559	505	77	76796	0	77937
11646	194	524	95	77823	0	78636
11647	140	189	95	78396	0	78820
11648	155	121	79025	1270	0	80571
11649	165	115	77003	824	0	78107
11650	112	78139	1152	377	0	79780
11651	93	80294	683	332	0	81402
11652	136	1081	171	78762	0	80150
11653	102	74655	181	902	0	75840
11654	159	1053	82	86280	0	87574
11655	113	822	96	95645	0	96676
11656	105	177	81	100620	0	100983
11657	108	112	84	109049	0	109353
11658	118	131	107099	2817	0	110165
11659	119	109	1410	108119	0	109757
11660	129	101	1376	109287	0	110893
11661	134	92	313	111783	0	112322
11662	105675	88	196	3372	0	109331
11663	1421	109115	205	2132	0	112873
11664	1624	1590	133	99443	0	102790
11665	317	109954	147	1675	0	112093
11666	105174	1804	151	1690	0	108819
11667	91175	1804	162	808	0	93949
11668	2499	107990	180	607	0	111276
11669	1348	111059	124	571	0	113102
11670	566	3224	107439	447	0	111676
11671	249	112422	1639	457	0	114767
11672	312	2122	1573	107894	0	111901
11673	109525	1867	399	1991	0	113782
11674	1615	112367	219	1985	0	116186
11675	1686	2032	221	113957	0	117896
11676	454	1804	196	116088	0	118542
11677	300	528	174	119143	0	120145
11678	114336	381	164	3946	0	118827
11679	1865	411	115183	2397	0	119856
11680	110032	275	1764	1023	0	113094
11681	1978	112755	1700	789	0	117222
11682	1825	1954	340	113274	0	117393
11683	575	1872	112288	2102	0	116837
11684	103036	580	1879	2170	0	107665
11685	1891	112433	1743	741	0	116808
11686	1881	2023	402	108934	0	113240
11687	464	112599	325	1960	0	115348
11688	411	2142	275	113285	0	116113
11689	351	1909	265	114827	0	117352
11690	318	616	112528	3759	0	117221
11691	315	512	108328	2342	0	111497
11692	335	423	3291	107857	0	111906
11693	319	373	110855	2368	0	113915
11694	300	368	2058	110101	0	112827
11695	341	339	1875	108569	0	111124
11696	316	325	591	113044	0	114276
11697	109574	276	419	4089	0	114358
11698	1945	316	403	111604	0	114268
11699	1857	374	109683	2732	0	114646
11700	107525	324	1957	2545	0	112351
11701	1997	343	1915	111144	0	115399
11702	1967	359	569	112743	0	115638
11703	109812	401	453	4028	0	114694
11704	1972	112726	459	2646	0	117803
11705	1959	1983	381	114537	0	118860
11706	626	1880	328	114542	0	117376
11707	111374	625	389	4187	0	116575
11708	2068	587	112442	2769	0	117866
11709	1963	480	1960	111705	0	116108
11710	693	442	1934	113062	0	116131
11711	566	394	648	111461	0	113069
11712	469	110735	481	4377	0	116062
11713	497	2007	472	112850	0	115826
11714	109814	1938	434	3051	0	115237
11715	2017	110316	455	2853	0	115641
11716	109308	2100	455	1420	0	113283
11717	2223	111445	460	1205	0	115333
11718	111068	2305	422	1202	0	114997
11719	2455	2111	108957	1147	0	114670
11720	2228	820	108339	1130	0	112517
11721	106459	677	3422	1133	0	111691
11722	2287	714	112244	1064	0	116309
11723	2207	522	2282	110581	0	115592
11724	893	580	2100	106516	0	110089
11725	743	469	821	114884	0	116917
11726	111805	435	638	4297	0	117175
11727	2166	564	110574	2868	0	116172
11728	110614	423	2102	1556	0	114695
11729	2375	455	2083	117743	0	122656
11730	118636	463	674	3047	0	122820
11731	2817	488	462	119709	0	123476
11732	122585	506	582	3110	0	126783
11733	2934	483	500	129306	0	133223
11734	2555	558	130299	3315	0	136727
11735	130172	464	2546	3010	0	136192
11736	135664	369	2483	1383	0	139899
11737	4906	455	811	135491	0	141663
11738	3075	578	643	130532	0	134828
11739	1031	135801	666	4994	0	142492
11740	130691	2460	643	3189	0	136983
11741	2806	135028	551	1629	0	140014
11742	129584	2425	673	1344	0	134026
11743	2907	2190	130090	1183	0	136370
11744	2609	661	129932	1028	0	134230
11745	1108	428	129344	1056	0	131936
11746	122238	406	4470	1004	0	128118
11747	2678	128374	2527	1202	0	134781
11748	2577	2177	780	125350	0	130884
11749	123788	2043	640	2709	0	129180
11750	2683	127859	626	2692	0	133860
11751	2417	3821	587	118714	0	125539
11752	921	126247	674	2547	0	130389
11753	829	122431	584	2354	0	126198
11754	734	121032	491	1014	0	123271
11755	106340	3183	910	1005	0	111438
11756	1722	108254	370	742	0	111088
11757	1290	98190	308	521	0	100309
11758	509	98583	369	491	0	99952
11759	96816	2151	626	465	0	100058
11760	97051	1149	351	442	0	98993
11761	2285	354	94950	410	0	97999
11762	92633	232	1193	461	0	94519
11763	95451	220	1070	394	0	97135
11764	2252	269	273	94794	0	97588
11765	96716	237	225	1378	0	98556
11766	1515	294	94967	1226	0	98002
11767	1307	100022	1151	485	0	102965
11768	100632	1289	1107	446	0	103474
11769	1535	1228	270	102172	0	105205
11770	103217	290	195	1423	0	105125
11771	1581	302	98272	1341	0	101496
11772	99952	228	1184	398	0	101762
11773	1590	355	1129	102244	0	105318
11774	1491	245	102364	1372	0	105472
11775	352	99262	1286	1364	0	102264
11776	330	102915	1265	393	0	104903
11777	528	2507	336	100112	0	103483
11778	469	1332	216	95648	0	97665
11779	256	101808	175	2046	0	104285
11780	101955	1245	174	1170	0	104544
11781	101522	1218	160	327	0	103227
11782	100562	259	145	294	0	101260
11783	2446	101997	161	285	0	104889
11784	1544	1275	110	94715	0	97644
11785	394	103008	157	1096	0	104655
11786	102340	1287	142	1128	0	104897
11787	101133	1217	164	327	0	102841
11788	2368	99813	171	483	0	102835
11789	101913	1249	113	297	0	103572
11790	1501	1184	140	101057	0	103882
11791	1394	290	153	101718	0	103555
11792	102534	283	223	2338	0	105378
11793	100670	257	170	1310	0	102407
11794	101868	300	147	396	0	102711
11795	2529	281	160	100494	0	103464
11796	1494	254	184	102016	0	103948
11797	494	388	100965	2350	0	104197
11798	493	301	1257	100381	0	102432
11799	482	333	1188	100471	0	102474
11800	518	394	98888	2355	0	102155
11801	487	354	96786	1402	0	99029
11802	443	341	100594	405	0	101783
11803	494	328	2401	98164	0	101387
11804	513	410	98007	1420	0	100350
11805	462	412	1330	96706	0	98910
11806	472	400	1256	98433	0	100561
11807	532	439	97502	2445	0	100918
11808	513	476	97165	1437	0	99591
11809	435	393	2338	94991	0	98157
11810	470	520	101758	1414	0	104162
11811	525	496	100901	1411	0	103333
11812	521	100027	2408	481	0	103437
11813	102496	1414	1386	425	0	105721
11814	103023	1419	419	339	0	105200
11815	103793	445	300	444	0	104982
11816	2634	101947	288	461	0	105330
11817	1678	103683	306	502	0	106169
11818	715	2427	318	103449	0	106909
11819	658	1436	350	103131	0	105575
11820	588	488	101533	2571	0	105180
11821	676	405	1366	101618	0	104065
11822	101207	342	1343	1765	0	104657
11823	1749	361	349	94232	0	96691
11824	1622	100495	428	1473	0	104018
11825	103231	1402	356	1504	0	106493
11826	104536	1402	340	573	0	106851
11827	106627	355	434	590	0	108006
11828	2970	415	103763	498	0	107646
11829	1642	665	1261	101861	0	105429
11830	105596	232	1453	1789	0	109070
11831	1887	292	109193	1643	0	113015
11832	1623	105542	1636	503	0	109304
11833	496	101796	1419	426	0	104137
11834	94997	2297	742	363	0	98399
11835	1305	96604	375	354	0	98638
11836	1433	1293	239	93436	0	96401
11837	368	1251	94335	1293	0	97247
11838	431	395	1187	94184	0	96197
11839	93449	204	1209	1382	0	96244
11840	1267	93003	300	1388	0	95958
11841	93143	1173	213	408	0	94937
11842	1354	1193	91876	341	0	94764
11843	1331	408	1210	87346	0	90295
11844	309	93552	1237	1249	0	96347
11845	412	1248	319	94690	0	96669
11846	95395	1119	258	1387	0	98159
11847	96091	235	215	1301	0	97842
11848	96806	175	214	433	0	97628
11849	97269	182	216	374	0	98041
11850	2403	185	238	92772	0	95598
11851	1402	235	94339	1301	0	97277
11852	463	293	1202	90513	0	92471
11853	333	93861	1252	1287	0	96733
11854	94146	1134	354	1271	0	96905
11855	1302	1132	93584	383	0	96401
11856	90596	218	1216	398	0	92428
11857	1324	184	1212	92459	0	95179
11858	1324	217	94285	1334	0	97160
11859	419	190	1213	94361	0	96183
11860	94834	170	1255	1452	0	97711
11861	95605	167	377	1318	0	97467
11862	96189	190	310	493	0	97182
11863	2251	266	94837	366	0	97720
11864	1367	363	1183	93652	0	96565
11865	428	342	97883	1255	0	99908
11866	421	96718	1197	1254	0	99590
11867	91578	1069	1222	406	0	94275
11868	1043	91065	323	349	0	92780
11869	87990	900	333	304	0	89527
11870	1107	826	197	84202	0	86332
11871	929	86879	178	864	0	88850
11872	87235	853	204	887	0	89179
11873	1030	794	88112	272	0	90208
11874	926	217	835	86012	0	87990
11875	86878	173	814	979	0	88844
11876	1071	232	87622	880	0	89805
11877	1015	219	852	84461	0	86547
11878	406	86412	850	909	0	88577
11879	428	971	223	88901	0	90523
11880	357	866	158	89526	0	90907
11881	86411	252	201	1618	0	88482
11882	1026	88228	196	1027	0	90477
11883	975	968	205	85116	0	87264
11884	364	89130	243	980	0	90717
11885	407	1055	247	86530	0	88239
11886	329	90803	265	1006	0	92403
11887	89502	990	230	969	0	91691
11888	1152	949	91278	382	0	93761
11889	1066	301	1022	90287	0	92676
11890	440	195	906	91302	0	92843
11891	449	232	219	92066	0	92966
11892	500	216	176	90939	0	91831
11893	536	243	89225	1865	0	91869
11894	444	90556	1018	1097	0	93115
11895	90461	913	870	522	0	92766
11896	90586	881	274	438	0	92179
11897	1705	90671	237	434	0	93047
11898	91712	985	242	404	0	93343
11899	90861	901	245	383	0	92390
11900	1760	92742	249	381	0	95132
11901	1190	1028	210	87867	0	90295
11902	463	94177	263	891	0	95794
11903	92898	1022	237	970	0	95127
11904	1173	890	92569	400	0	95032
11905	86296	225	990	502	0	88013
11906	1253	271	94220	369	0	96113
11907	1104	205	1012	92928	0	95249
11908	93674	199	871	1134	0	95878
11909	1248	244	93141	1020	0	95653
11910	87769	233	1020	502	0	89524
11911	90808	204	894	473	0	92379
11912	1782	299	282	89019	0	91382
11913	1096	90717	243	1008	0	93064
11914	91705	1046	176	986	0	93913
11915	1224	943	166	90238	0	92571
11916	1020	89997	237	1104	0	92358
11917	90209	954	206	1092	0	92461
11918	1101	874	252	90001	0	92228
11919	975	93720	288	1075	0	96058
11920	464	939	259	96506	0	98168
11921	97319	835	244	1286	0	99684
11922	97156	275	214	1054	0	98699
11923	98219	224	255	531	0	99229
11924	1810	239	251	95648	0	97948
11925	1059	275	168	95653	0	97155
11926	463	275	96913	1606	0	99257
11927	502	474	948	97235	0	99159
11928	497	315	100916	1094	0	102822
11929	333	235	93028	757	0	94353
11930	227	166	92144	237	0	92774
11931	138	94249	1131	543	0	96061
11932	345	776	985	87203	0	89309
11933	149	100696	220	568	0	101633
11934	101887	827	164	669	0	103547
11935	102135	807	152	247	0	103341
11936	1569	163	130	104818	0	106680
11937	996	168	107383	968	0	109515
11938	275	121	1019	107224	0	108639
11939	258	243	111416	1168	0	113085
11940	261	191	1085	107417	0	108954
11941	199	110662	1073	1081	0	113015
11942	198	113615	201	1155	0	115169
11943	110964	1947	151	359	0	113421
11944	1186	1216	111274	255	0	113931
11945	1201	201	1053	109321	0	111776
11946	296	152	1092	111179	0	112719
11947	111289	150	221	2164	0	113824
11948	1111	112309	222	1411	0	115053
11949	112900	1085	174	404	0	114563
11950	1154	115200	240	309	0	116903
11951	113339	1157	177	322	0	114995
11952	114343	1177	184	397	0	116101
11953	2242	256	182	114630	0	117310
11954	1337	266	115104	1230	0	117937
11955	109873	216	1205	1368	0	112662
11956	1235	116069	1258	379	0	118941
11957	117651	1196	234	350	0	119431
11958	1368	1252	190	113706	0	116516
11959	1374	290	162	112970	0	114796
11960	384	113600	214	2283	0	116481
11961	398	1193	204	112306	0	114101
11962	336	115538	224	1316	0	117414
11963	394	1214	212	113763	0	115583
11964	333	1208	180	111843	0	113564
11965	106866	262	191	2357	0	109676
11966	1344	316	108723	1386	0	111769
11967	1298	108242	1129	466	0	111135
11968	475	1219	1157	108540	0	111391
11969	110506	1233	256	1440	0	113435
11970	111775	304	256	1445	0	113780
11971	112291	240	261	549	0	113341
11972	2451	298	110684	396	0	113829
11973	110567	285	1278	434	0	112564
11974	1520	283	1271	111344	0	114418
11975	110852	280	282	1474	0	112888
11976	1513	108910	293	1497	0	112213
11977	1552	1336	242	109878	0	113008
11978	108267	1342	229	1489	0	111327
11979	1496	111351	303	1561	0	114711
11980	1598	1379	234	111691	0	114902
11981	594	1474	110851	1499	0	114418
11982	109391	398	1323	1713	0	112825
11983	116493	339	1353	566	0	118751
11984	3009	418	115349	473	0	119249
11985	1788	113064	1403	548	0	116803
11986	687	116117	1553	765	0	119122
11987	611	2827	441	115262	0	119141
11988	566	1662	336	112955	0	115519
11989	532	457	270	116881	0	118140
11990	474	421	117314	3058	0	121267
11991	114761	388	1647	2020	0	118816
11992	123359	378	1646	682	0	126065
11993	127157	393	396	656	0	128602
11994	127924	389	311	634	0	129258
11995	129561	401	335	618	0	130915
11996	130738	355	417	636	0	132146
11997	3906	357	433	132936	0	137632
11998	2446	432	132094	2180	0	137152
11999	910	459	134570	2293	0	138232
12000	824	461	3640	132831	0	137756
12001	864	423	2119	132643	0	136049
12002	939	445	454	131725	0	133563
12003	763	134179	420	3981	0	139343
12004	134978	2095	368	2507	0	139948
12005	2451	140361	412	890	0	144114
12006	2554	2224	392	137138	0	142308
12007	135138	2279	380	2582	0	140379
12008	2399	136835	421	2669	0	142324
12009	2649	2415	358	137437	0	142859
12010	994	2423	283	140525	0	144225
12011	775	646	284	142479	0	144184
12012	666	141140	348	4737	0	146891
12013	810	2429	306	145438	0	148983
12014	826	2512	143768	3053	0	150159
12015	850	682	2522	147512	0	151566
12016	840	495	2368	149570	0	153273
12017	898	514	457	159605	0	161474
12018	992	537	329	162442	0	164300
12019	902	585	154986	6041	0	162514
12020	795	154912	2837	4081	0	162625
12021	862	2954	2920	154568	0	161304
12022	823	3032	660	159635	0	164150
12023	831	804	544	155035	0	157214
12024	725	152993	623	6386	0	160727
12025	631	159174	535	4182	0	164522
12026	153951	5462	423	1660	0	161496
12027	3288	3336	292	150686	0	157602
12028	3245	938	148559	3532	0	156274
12029	908	148368	2701	3708	0	155685
12030	144198	2949	3039	1398	0	151584
12031	3045	2987	142847	1155	0	150034
12032	3100	870	142102	1124	0	147196
12033	880	646	142321	1009	0	144856
12034	738	1654	5248	135671	0	143311
12035	668	555	139719	3107	0	144049
12036	517	133178	3121	3436	0	140252
12037	656	2436	2882	129067	0	135041
12038	489	2625	131092	2810	0	137016
12039	471	946	2693	129271	0	133381
12040	126131	552	2731	3365	0	132779
12041	2431	576	126782	3402	0	133191
12042	124304	518	2692	1563	0	129077
12043	2684	128970	2763	1307	0	135724
12044	130709	2561	928	1144	0	135342
12045	3077	2686	831	128766	0	135360
12046	130883	828	787	3201	0	135699
12047	130586	615	875	3105	0	135181
12048	128583	766	715	1348	0	131412
12049	5027	129266	759	1176	0	136228
12050	130697	2515	855	1055	0	135122
12051	129884	2486	923	1052	0	134345
12052	5066	827	128168	942	0	135003
12053	3218	127449	2657	1181	0	134505
12054	1437	2673	2918	126471	0	133499
12055	1084	2757	1061	128838	0	133740
12056	1047	965	830	131095	0	133937
12057	967	794	127373	5191	0	134325
12058	936	652	2711	128928	0	133227
12059	1041	678	129394	3637	0	134750
12060	125767	600	3106	3497	0	132970
12061	129551	595	2897	1669	0	134712
12062	4972	831	128543	1359	0	135705
12063	129168	739	2782	1317	0	134006
12064	131077	591	2886	1397	0	135951
12065	133423	624	1144	1289	0	136480
12066	5620	580	1008	128228	0	135436
12067	3761	747	129635	3066	0	137209
12068	1654	130243	2754	3317	0	137968
12069	1646	2589	2788	129311	0	136334
12070	1545	2654	131895	3058	0	139152
12071	1297	946	128365	3105	0	133713
12072	122974	981	4605	1569	0	130129
12073	2706	130994	3064	1540	0	138304
12074	133182	2400	1287	1563	0	138432
12075	132150	2434	1105	1468	0	137157
12076	4586	132001	1251	1343	0	139181
12077	132597	2465	1180	1269	0	137511
12078	3395	2586	134392	1187	0	141560
12079	3401	891	133183	1138	0	138613
12080	1877	758	134340	1058	0	138033
12081	1454	130688	4797	945	0	137884
12082	128645	2223	3411	966	0	135245
12083	128370	2182	1441	958	0	132951
12084	4484	125138	1335	1016	0	131973
12085	3055	128815	1154	1112	0	134136
12086	1551	3779	1171	126747	0	133248
12087	1379	2698	924	128484	0	133485
12088	127369	1101	965	4093	0	133528
12089	2703	128919	1080	2737	0	135439
12090	127270	2229	1058	1263	0	131820
12091	123341	2220	937	1019	0	127517
12092	4133	1089	121927	881	0	128030
12093	3046	119742	2128	745	0	125661
12094	2125	2160	2256	117630	0	124171
12095	116046	2080	947	1839	0	120912
12096	2977	848	878	115193	0	119896
12097	111229	611	1005	1852	0	114697
12098	2346	664	108818	1718	0	113546
12099	2267	106146	2023	895	0	111331
12100	1282	109719	1829	798	0	113628
12101	1646	3375	1147	99353	0	105521
12102	1237	111009	869	1287	0	114402
12103	109619	2125	817	1544	0	114105
12104	1950	1918	107553	750	0	112171
12105	102510	978	1555	860	0	105903
12106	2069	829	110247	850	0	113995
12107	2145	680	1622	107909	0	112356
12108	1369	721	1569	109707	0	113366
12109	1480	605	751	111421	0	114257
12110	108383	535	704	2515	0	112137
12111	1973	531	108845	1729	0	113078
12112	1834	618	1316	105906	0	109674
12113	1114	630	1245	104324	0	107313
12114	1060	103163	656	2190	0	107069
12115	877	102109	503	1681	0	105170
12116	1018	103925	551	894	0	106388
12117	801	1773	410	94693	0	97677
12118	551	828	347	91160	0	92886
12119	231	89184	211	801	0	90427
12120	204	89945	183	564	0	90896
12121	88947	607	496	367	0	90417
12122	486	639	133	88348	0	89606
12123	318	87940	119	338	0	88715
12124	89365	258	141	341	0	90105
12125	416	273	133	90136	0	90958
12126	96021	109	103	406	0	96639
12127	538	119	103	97464	0	98224
12128	500	150	100990	529	0	102169
12129	159	101745	413	524	0	102841
12130	98654	436	433	292	0	99815
12131	533	445	103351	120	0	104449
12132	400	103526	433	200	0	104559
12133	226	419	376	104777	0	105798
12134	98	323	106	105770	0	106297
12135	96	82	41	104434	0	104653
12136	129	54	54	104221	0	104458
12137	129	114	104115	639	0	104997
12138	57	103212	336	480	0	104085
12139	81	384	272	103247	0	103984
12140	99527	297	55	459	0	100338
12141	290	103321	77	528	0	104216
12142	304	368	37	108943	0	109652
12143	146	398	107950	550	0	109044
12144	65	108488	530	687	0	109770
12145	492	633	473	96881	0	98479
12146	74	110847	96	356	0	111373
12147	111588	617	65	421	0	112691
12148	111551	574	48	192	0	112365
12149	1184	159	109016	109	0	110468
12150	106759	81	588	178	0	107606
12151	110414	78	569	210	0	111271
12152	1230	136	108300	133	0	109799
12153	706	109612	646	147	0	111111
12154	217	637	571	110373	0	111798
12155	114	609	109	113160	0	113992
12156	113022	105	81	1300	0	114508
12157	722	66	49	112992	0	113829
12158	690	110	113502	698	0	115000
12159	105241	96	681	786	0	106804
12160	819	99	112689	197	0	113804
12161	687	112921	711	250	0	114569
12162	109195	648	665	180	0	110688
12163	728	687	112053	148	0	113616
12164	744	194	109017	130	0	110085
12165	161	111738	1250	211	0	113360
12166	144	699	693	112716	0	114252
12167	185	731	110603	748	0	112267
12168	186	168	789	98378	0	99521
12169	155	66	660	109404	0	110285
12170	148	138	106870	1319	0	108475
12171	112	106848	724	831	0	108515
12172	132	709	665	107822	0	109328
12173	106129	651	185	808	0	107773
12174	105330	170	130	788	0	106418
12175	1323	133	92	106186	0	107734
12176	788	138	106233	809	0	107968
12177	246	204	109961	748	0	111159
12178	189	113	1336	108138	0	109776
12179	200	176	107398	874	0	108648
12180	102617	103	869	873	0	104462
12181	897	112	753	108338	0	110100
12182	862	99	207	109338	0	110506
12183	220	109745	221	1599	0	111785
12184	177	926	112	112293	0	113508
12185	186	862	109186	993	0	111227
12186	102080	202	893	1008	0	104183
12187	109282	119	855	392	0	110648
12188	1701	192	111419	293	0	113605
12189	996	173	969	121684	0	123822
12190	423	133	943	125874	0	127373
12191	268	188	126057	2626	0	129139
12192	286	118	1493	127712	0	129609
12193	292	159	1289	127082	0	128822
12194	177	131702	340	2793	0	135012
12195	237	1559	224	134697	0	136717
12196	283	1383	190	135837	0	137693
12197	137815	220	239	3299	0	141573
12198	142647	191	276	1863	0	144977
12199	146195	146	213	610	0	147164
12200	144841	178	252	448	0	145719
12201	143971	138	251	485	0	144845
12202	3567	238	138204	438	0	142447
12203	1959	191	1877	136904	0	140931
12204	586	171	1645	140601	0	143003
12205	454	208	139344	3517	0	143523
12206	132433	170	1917	2002	0	136522
12207	137877	142	1710	615	0	140344
12208	3593	245	130651	410	0	134899
12209	136329	127	1747	551	0	138754
12210	139773	143	1623	437	0	141976
12211	3728	183	137313	340	0	141564
12212	2163	235	2079	132281	0	136758
12213	655	143813	1838	2117	0	148423
12214	572	2017	518	152916	0	156023
12215	587	1745	370	153301	0	156003
12216	595	309	284	154367	0	155555
12217	453	275	150520	4096	0	155344
12218	143835	193	2241	2425	0	148694
12219	151443	171	1917	724	0	154255
12220	4058	194	492	149988	0	154732
12221	2256	265	147870	2541	0	152932
12222	719	258	2255	147669	0	150901
12223	513	229	151494	2681	0	154917
12224	581	188	152280	2243	0	155292
12225	426	154106	3978	937	0	159447
12226	802	1937	2157	148032	0	152928
12227	148225	1642	686	2247	0	152800
12228	144403	264	386	2068	0	147121
12229	149118	156	384	768	0	150426
12230	4083	162	411	144227	0	148883
12231	2249	151694	430	2473	0	156846
12232	782	2329	338	155372	0	158821
12233	632	1993	156811	2930	0	162366
12234	158047	410	2604	2625	0	163686
12235	171982	269	2178	1030	0	175459
12236	5056	193	586	171752	0	177587
12237	3121	201	438	174240	0	178000
12238	1166	157	494	177163	0	178980
12239	906	222	171207	5568	0	177903
12240	145167	241	3112	3830	0	152350
12241	3159	168927	2646	1220	0	175952
12242	2456	165931	784	1014	0	170185
12243	903	4300	166272	739	0	172214
12244	795	2517	2813	162581	0	168706
12245	618	594	167877	3119	0	172208
12246	156591	411	3001	2791	0	162794
12247	3159	387	2361	162246	0	168153
12248	2738	335	162048	2989	0	168110
12249	980	169031	2840	2838	0	175689
12250	166570	2631	2381	1152	0	172734
12251	3234	2305	174503	819	0	180861
12252	2697	171783	3085	842	0	178407
12253	912	175995	2644	873	0	180424
12254	175491	4619	869	971	0	181950
12255	3191	2576	678	176132	0	182577
12256	2834	703	180267	3410	0	187214
12257	894	180264	3254	3042	0	187454
12258	180087	2901	2703	1072	0	186763
12259	181368	2502	806	844	0	185520
12260	5398	180115	761	855	0	187129
12261	3088	3154	182605	756	0	189603
12262	1060	2673	3198	182758	0	189689
12263	183417	745	2805	3406	0	190373
12264	184837	494	912	3045	0	189288
12265	5617	532	183264	1058	0	190471
12266	3386	555	3200	178634	0	185775
12267	1317	540	2788	185624	0	190269
12268	1150	589	186055	5441	0	193235
12269	1037	625	184350	3198	0	189210
12270	184503	507	5550	1238	0	191798
12271	190767	524	3228	1000	0	195519
12272	193300	568	970	970	0	195808
12273	193322	519	884	1013	0	195738
12274	5980	654	186279	988	0	193901
12275	186860	471	3400	1061	0	191792
12276	4182	484	2937	184323	0	191926
12277	3448	511	187075	3422	0	194456
12278	1562	596	187599	3059	0	192816
12279	1151	186619	5495	1432	0	194697
12280	1193	3009	3154	182622	0	189978
12281	1231	2657	185783	3234	0	192905
12282	176970	812	3459	2982	0	184223
12283	3769	828	3163	159833	0	167593
12284	3119	185563	1352	2559	0	192593
12285	186783	2952	1076	2815	0	193626
12286	188080	2505	1139	1375	0	193099
12287	5642	782	186714	1019	0	194157
12288	3426	184368	3508	1077	0	192379
12289	1410	2377	2464	172651	0	178902
12290	172196	2199	961	2672	0	178028
12291	3162	959	866	171664	0	176651
12292	2710	737	166755	2648	0	172850
12293	149582	583	2548	2523	0	155236
12294	2671	165273	2393	989	0	171326
12295	2400	162410	995	855	0	166660
12296	1127	169940	971	818	0	172856
12297	164373	3979	2235	985	0	171572
12298	162429	2162	1027	729	0	166347
12299	164519	731	801	652	0	166703
12300	4142	517	698	161052	0	166409
12301	2685	611	163281	2226	0	168803
12302	1210	626	2224	164207	0	168267
12303	164923	480	2117	2489	0	170009
12304	2672	508	851	166507	0	170538
12305	170002	500	679	2608	0	173789
12306	169425	502	723	2201	0	172851
12307	167961	432	794	917	0	170104
12308	3897	167302	777	945	0	172921
12309	167473	1981	796	747	0	170997
12310	2795	1965	164356	635	0	169751
12311	2648	696	166710	570	0	170624
12312	1253	165359	3432	612	0	170656
12313	1567	1854	2385	156235	0	162041
12314	154254	1643	815	1898	0	158610
12315	2455	561	153512	1744	0	158272
12316	147497	383	2028	704	0	150612
12317	2490	377	1884	150234	0	154985
12318	2067	154392	885	1872	0	159216
12319	999	1723	754	157121	0	160597
12320	896	1734	156461	2008	0	161099
12321	143805	563	2054	2099	0	148521
12322	2291	568	160554	755	0	164168
12323	2265	406	155817	533	0	159021
12324	148920	309	3044	586	0	152859
12325	2234	152129	2003	556	0	156922
12326	156987	1751	708	591	0	160037
12327	156854	1609	669	626	0	159758
12328	3785	608	153530	473	0	158396
12329	147834	394	2032	645	0	150905
12330	2315	449	150676	532	0	153972
12331	1999	337	143064	470	0	145870
12332	1033	400	146180	516	0	148129
12333	699	140687	2777	543	0	144706
12334	132164	1552	3539	593	0	137848
12335	130198	1053	733	554	0	132538
12336	130364	198	305	344	0	131211
12337	129839	175	286	352	0	130652
12338	2080	238	128555	210	0	131083
12339	1367	164	1002	126689	0	129222
12340	600	172	1034	130289	0	132095
12341	129144	181	322	1846	0	131493
12342	1132	128826	364	1154	0	131476
12343	1152	904	283	127107	0	129446
12344	125896	883	288	1009	0	128076
12345	1111	348	128297	959	0	130715
12346	1206	249	953	127329	0	129737
12347	478	289	132113	1043	0	133923
12348	419	130246	1106	1166	0	132937
12349	661	1228	1207	122021	0	125117
12350	120807	894	367	1048	0	123116
12351	1049	207	236	122811	0	124303
12352	1087	277	122879	953	0	125196
12353	303	122648	958	1061	0	124970
12354	119583	823	1008	424	0	121838
12355	1037	948	120559	209	0	122753
12356	114252	188	941	272	0	115653
12357	989	119625	987	499	0	122100
12358	122883	848	607	269	0	124607
12359	123533	930	194	294	0	124951
12360	1993	158	179	125506	0	127836
12361	1302	224	126264	1069	0	128859
12362	351	127946	1100	1322	0	130719
12363	357	1120	1167	133426	0	136070
12364	344	1177	306	137127	0	138954
12365	343	246	226	145715	0	146530
12366	381	170	201	149311	0	150063
12367	282	161620	263	3431	0	165596
12368	163584	1967	206	2063	0	167820
12369	2206	165460	267	507	0	168440
12370	2407	2342	205	167777	0	172731
12371	170290	2296	198	2452	0	175236
12372	2574	393	191	172533	0	175691
12373	2707	352	170171	2814	0	176044
12374	524	170596	2397	2801	0	176318
12375	524	2417	2527	169529	0	174997
12376	540	2643	429	173221	0	176833
12377	166711	491	270	4982	0	172454
12378	2723	469	165906	2941	0	172039
12379	164929	381	2471	910	0	168691
12380	166316	261	2590	676	0	169843
12381	168119	365	477	629	0	169590
12382	5387	446	164574	595	0	171002
12383	3212	479	2595	162792	0	169078
12384	938	435	2666	166340	0	170379
12385	659	445	168612	5419	0	175135
12386	632	430	171067	3331	0	175460
12387	170260	380	5459	1016	0	177115
12388	3235	430	3174	174512	0	181351
12389	179605	372	724	3239	0	183940
12390	181489	347	496	3502	0	185834
12391	6226	388	493	180107	0	187214
12392	3904	431	188048	3611	0	195994
12393	176723	435	3496	3964	0	184618
12394	3948	403	3453	189872	0	197676
12395	3943	556	189731	3945	0	198175
12396	1207	187595	3549	4216	0	196567
12397	186079	3452	3684	1359	0	194574
12398	3835	192056	977	1226	0	198094
12399	4609	3923	737	168408	0	177677
12400	1400	194479	748	3523	0	200150
12401	188149	3802	737	3845	0	196533
12402	190243	3680	787	1450	0	196160
12403	7196	189007	808	1586	0	198597
12404	191046	3565	851	1375	0	196837
12405	187332	3801	868	1341	0	193342
12406	7399	184585	883	1404	0	194271
12407	188382	3598	806	1305	0	194091
12408	4857	3678	921	183651	0	193107
12409	5064	828	857	186685	0	193434
12410	184783	723	949	7112	0	193567
12411	5078	618	823	172364	0	178883
12412	4885	179233	899	4112	0	189129
12413	179675	3635	921	4304	0	188535
12414	178724	3761	952	1601	0	185038
12415	7416	179221	1084	1509	0	189230
12416	182967	3727	923	1414	0	189031
12417	182751	3792	968	1304	0	188815
12418	8053	978	818	177866	0	187715
12419	5472	938	177182	4341	0	187933
12420	2311	176377	3751	4648	0	187087
12421	178680	3844	3850	1672	0	188046
12422	178910	4079	972	1516	0	185477
12423	8276	1183	173572	1490	0	184521
12424	175711	1014	3744	1480	0	181949
12425	5280	1180	172110	1364	0	179934
12426	171016	1184	3923	1252	0	177375
12427	5239	1352	3831	168787	0	179209
12428	5077	1386	168398	4309	0	179170
12429	2354	1344	170558	4415	0	178671
12430	2346	1901	6660	165636	0	176543
12431	2325	1305	4026	167148	0	174804
12432	2386	1302	162106	7027	0	172821
12433	2552	1250	3633	163331	0	170766
12434	2648	1334	165517	4345	0	173844
12435	2680	1257	4040	164180	0	172157
12436	2777	1229	3947	159428	0	167381
12437	2549	159056	1284	7260	0	170149
12438	2512	159504	1201	4867	0	168084
12439	2430	167526	1280	2279	0	173515
12440	2595	6913	974	162758	0	173240
12441	2442	4212	1149	166048	0	173851
12442	2355	1469	161488	7655	0	172967
12443	156009	1152	3977	5099	0	166237
12444	163966	1138	4136	2019	0	171259
12445	8247	159484	1460	1869	0	171060
12446	162129	3827	1230	1537	0	168723
12447	5636	4001	1258	156293	0	167188
12448	161107	1279	1411	4432	0	168229
12449	160664	1181	1403	4594	0	167842
12450	8440	1182	1290	156301	0	167213
12451	152769	1218	1407	4364	0	159758
12452	4960	148985	1425	4568	0	159938
12453	5139	152776	1430	1759	0	161104
12454	2837	6632	1411	141367	0	152247
12455	2485	154100	1407	3898	0	161890
12456	2630	3958	1235	149251	0	157074
12457	2697	3822	1184	150884	0	158587
12458	146003	1168	1196	6614	0	154981
12459	4577	144063	1343	4659	0	154642
12460	142229	3337	1205	1976	0	148747
12461	136299	3407	1241	1956	0	142903
12462	6420	136306	1262	1952	0	145940
12463	133015	3168	1034	1837	0	139054
12464	4328	3210	127415	1761	0	136714
12465	3421	118975	2774	1612	0	126782
12466	111321	2522	2724	1439	0	118006
12467	2920	2268	104181	1062	0	110431
12468	2498	97180	1942	903	0	102523
12469	1224	99910	2551	925	0	104610
12470	94065	3006	1666	743	0	99480
12471	93507	1887	509	655	0	96558
12472	94353	687	450	648	0	96138
12473	3328	92046	466	651	0	96491
12474	2203	1597	458	92554	0	96812
12475	92710	1694	462	1831	0	96697
12476	93361	595	494	1885	0	96335
12477	3264	529	450	91574	0	95817
12478	2194	551	92538	1771	0	97054
12479	1012	565	92616	1815	0	96008
12480	938	464	2769	91739	0	95910
12481	906	418	1831	94014	0	97169
12482	830	450	93258	2987	0	97525
12483	894	388	1581	88157	0	91020
12484	707	90409	1689	1851	0	94656
12485	86509	1239	604	1630	0	89982
12486	1805	1545	463	84312	0	88125
12487	80070	345	426	1407	0	82248
12488	1338	79835	430	1532	0	83135
12489	1310	80699	398	653	0	83060
12490	77864	1700	308	621	0	80493
12491	1133	1049	76197	528	0	78907
12492	64931	497	840	324	0	66592
12493	736	67102	840	312	0	68990
12494	671	488	239	62878	0	64276
12495	62542	483	131	571	0	63727
12496	605	166	109	62168	0	63048
12497	62731	116	110	645	0	63602
12498	61056	135	115	578	0	61884
12499	835	62892	120	258	0	64105
12500	60864	299	74	186	0	61423
12501	393	60279	78	145	0	60895
12502	60464	352	117	137	0	61070
12503	473	405	83	60289	0	61250
12504	61814	110	87	426	0	62437
12505	419	87	53	63271	0	63830
12506	65683	84	52	509	0	66328
12507	67568	99	49	479	0	68195
12508	68519	86	51	174	0	68830
12509	68985	100	31	180	0	69296
12510	69561	85	49	150	0	69845
12511	786	96	44	69854	0	70780
12512	68340	92	48	409	0	68889
12513	431	67456	66	493	0	68446
12514	477	375	67887	121	0	68860
12515	206	397	291	66753	0	67647
12516	176	127	70271	341	0	70915
12517	162	83	325	71839	0	72409
12518	170	119	73570	436	0	74295
12519	70375	67	394	546	0	71382
12520	451	95	437	73544	0	74527
12521	514	101	72987	396	0	73998
12522	174	137	74717	485	0	75513
12523	154	253	735	75016	0	76158
12524	82665	79	495	598	0	83837
12525	526	87625	127	590	0	88868
12526	89479	515	84	245	0	90323
12527	88961	644	70	150	0	89825
12528	1155	89792	83	170	0	91200
12529	94814	535	68	357	0	95774
12530	739	642	53	95740	0	97174
12531	744	148	69	96414	0	97375
12532	244	87	57	97834	0	98222
12533	96665	73	57	1247	0	98042
12534	586	99787	95	850	0	101318
12535	752	646	63	100891	0	102352
12536	234	795	64	102200	0	103293
12537	101562	139	64	1517	0	103282
12538	766	94	66	102497	0	103423
12539	888	141	103409	867	0	105305
12540	188	106451	773	982	0	108394
12541	107075	880	909	277	0	109141
12542	1055	1056	174	103100	0	105385
12543	1079	109197	111	844	0	111231
12544	108627	911	104	1016	0	110658
12545	1096	1088	108692	269	0	111145
12546	1110	108912	902	215	0	111139
12547	109921	940	1015	227	0	112103
12548	1019	1033	208	109069	0	111329
12549	1125	213	124	110002	0	111464
12550	337	207	109076	1937	0	111557
12551	273	163	902	107801	0	109139
12552	220	188	117813	1180	0	119401
12553	228	189	113506	1152	0	115075
12554	234	169	117156	310	0	117869
12555	113021	171	2110	310	0	115612
12556	116526	110	1223	279	0	118138
12557	119424	110	302	253	0	120089
12558	2085	168	167	115550	0	117970
12559	1281	117015	186	899	0	119381
12560	376	119248	159	1105	0	120888
12561	119698	1825	133	473	0	122129
12562	118813	1171	136	380	0	120500
12563	1835	120914	170	267	0	123186
12564	120537	919	174	272	0	121902
12565	1156	1043	118486	208	0	120893
12566	1198	302	118256	208	0	119964
12567	406	156	1795	110405	0	112762
12568	278	140	1142	118842	0	120402
12569	274	167	118796	1804	0	121041
12570	240	127	971	116358	0	117696
12571	117700	86	1102	1197	0	120085
12572	964	178	117973	1092	0	120207
12573	114900	159	978	379	0	116416
12574	1233	117	1051	118582	0	120983
12575	1239	186	122199	1021	0	124645
12576	366	123711	1040	1183	0	126300
12577	125026	912	1094	466	0	127498
12578	1097	1130	122344	286	0	124857
12579	120096	278	1073	261	0	121708
12580	1224	169	1113	122551	0	125057
12581	123665	178	305	1128	0	125276
12582	1335	217	128107	1152	0	130811
12583	1364	177	1063	128938	0	131542
12584	134466	132	1203	1267	0	137068
12585	137836	170	359	1394	0	139759
12586	142393	184	230	516	0	143323
12587	143175	184	242	382	0	143983
12588	2609	154	231	138607	0	141601
12589	1716	165	202	139237	0	141320
12590	620	258	139369	2422	0	142669
12591	518	198	1238	139158	0	141112
12592	488	186	1380	137163	0	139217
12593	379	142830	413	2557	0	146179
12594	143914	1336	275	1706	0	147231
12595	145717	1438	230	592	0	147977
12596	2830	148926	327	472	0	152555
12597	1856	1551	287	148165	0	151859
12598	666	1591	256	150320	0	152833
12599	144884	346	217	3234	0	148681
12600	1885	288	150821	2023	0	155017
12601	1933	193	1634	152044	0	155804
12602	645	289	155166	1981	0	158081
12603	147471	207	1859	2064	0	151601
12604	154416	183	1783	635	0	157017
12605	155838	182	501	518	0	157039
12606	3625	224	320	150386	0	154555
12607	2222	184	282	150399	0	153087
12608	149112	175	333	3364	0	152984
12609	2079	295	147696	2088	0	152158
12610	2066	172	1664	147717	0	151619
12611	148119	177	1683	2020	0	151999
12612	1982	233	464	149266	0	151945
12613	2068	277	155586	2018	0	159949
12614	796	225	152327	1947	0	155295
12615	145730	211	3075	814	0	149830
12616	1876	153614	1993	660	0	158143
12617	155528	1519	538	672	0	158257
12618	156202	1479	409	665	0	158755
12619	3297	329	388	155511	0	159525
12620	2037	286	368	154571	0	157262
12621	777	154858	393	3170	0	159198
12622	153249	1490	299	2028	0	157066
12623	1885	157026	358	706	0	159975
12624	1729	153811	322	578	0	156440
12625	804	2523	256	148039	0	151622
12626	148043	1402	246	1730	0	151421
12627	150772	352	255	1730	0	153109
12628	2963	223	230	148670	0	152086
12629	1876	203	218	145047	0	147344
12630	834	196	215	145101	0	146346
12631	140541	148	264	3048	0	144001
12632	1816	207	142221	1845	0	146089
12633	1647	141722	1523	881	0	145773
12634	138713	1247	1210	680	0	141850
12635	1732	1286	435	137846	0	141299
12636	1595	364	137980	1602	0	141541
12637	795	255	136912	1527	0	139489
12638	540	137162	2301	734	0	140737
12639	512	138537	1275	590	0	140914
12640	872	2100	732	132583	0	136287
12641	445	127193	312	1235	0	129185
12642	576	1102	246	133863	0	135787
12643	430	1012	239	136052	0	137733
12644	135707	304	197	2228	0	138436
12645	1298	267	216	136955	0	138736
12646	1264	224	221	137810	0	139519
12647	546	325	136332	2124	0	139327
12648	552	259	1036	139142	0	140989
12649	139171	244	1035	1631	0	142081
12650	140409	258	299	1504	0	142470
12651	2270	146696	240	759	0	149965
12652	141419	1256	228	660	0	143563
12653	1750	1272	140134	604	0	143760
12654	1471	141402	1333	650	0	144856
12655	653	1437	1220	143619	0	146929
12656	592	1256	379	146195	0	148422
12657	541	407	297	147097	0	148342
12658	145619	295	308	2868	0	149090
12659	134548	314	565	1824	0	137251
12660	2554	377	143779	738	0	147448
12661	1638	358	142633	618	0	145247
12662	836	409	145255	637	0	147137
12663	576	144552	2632	733	0	148493
12664	560	147465	1478	707	0	150210
12665	147145	2499	403	734	0	150781
12666	146050	1458	357	778	0	148643
12667	2819	401	339	147812	0	151371
12668	1748	359	357	145015	0	147479
12669	647	147575	364	2934	0	151520
12670	792	1487	346	151009	0	153634
12671	649	1566	149618	1903	0	153736
12672	539	151324	1620	2062	0	155545
12673	563	1622	1427	152173	0	155785
12674	676	1654	158482	1882	0	162694
12675	811	562	1577	144337	0	147287
12676	580	155108	1562	1909	0	159159
12677	160665	1715	392	1917	0	164689
12678	161091	1704	303	857	0	163955
12679	167018	472	327	831	0	168648
12680	3565	455	338	166799	0	171157
12681	2207	432	302	167862	0	170803
12682	166723	468	307	3772	0	171270
12683	2243	165239	418	2326	0	170226
12684	167857	1952	430	857	0	171096
12685	2431	1982	167329	593	0	172335
12686	169130	466	2031	699	0	172326
12687	172548	384	2020	745	0	175697
12688	4435	305	469	168933	0	174142
12689	175592	324	353	2463	0	178732
12690	174789	414	361	2461	0	178025
12691	4379	411	367	175835	0	180992
12692	2566	403	174532	2346	0	179847
12693	162323	373	2168	2500	0	167364
12694	2415	400	179274	734	0	182823
12695	2205	182660	2361	638	0	187864
12696	942	2129	2573	182999	0	188643
12697	622	2113	405	186975	0	190115
12698	195776	357	342	4388	0	200863
12699	2687	454	197956	2508	0	203605
12700	2686	573	2463	180324	0	186046
12701	565	196314	2576	2535	0	201990
12702	514	193323	619	2498	0	196954
12703	609	4827	477	195092	0	201005
12704	624	2722	194101	2759	0	200206
12705	660	659	2622	196459	0	200400
12706	634	522	2573	193406	0	197135
12707	626	607	190095	5072	0	196400
12708	548	195712	2525	3026	0	201811
12709	187266	2680	2551	1041	0	193538
12710	2613	197740	588	1003	0	201944
12711	2797	2923	425	191579	0	197724
12712	184803	2716	457	2966	0	190942
12713	2583	185021	634	3089	0	191327
12714	2591	2726	187175	891	0	193383
12715	178024	2614	2687	929	0	184254
12716	2806	191012	2773	832	0	197423
12717	192744	2762	611	774	0	196891
12718	3296	2761	186704	676	0	193437
12719	185997	575	2709	801	0	190082
12720	3197	594	2676	184474	0	190941
12721	3191	644	187078	2980	0	193893
12722	1033	625	2702	180309	0	184669
12723	900	181214	2776	3023	0	187913
12724	1015	2711	711	186443	0	190880
12725	953	2723	554	184896	0	189126
12726	997	788	181343	5357	0	188485
12727	1026	604	2773	183960	0	188363
12728	1183	822	162236	3466	0	167707
12729	1093	183710	2559	3517	0	190879
12730	1158	2916	2577	182948	0	189599
12731	1342	3039	186193	3337	0	193911
12732	1120	185720	3107	3548	0	193495
12733	1046	191025	2993	1486	0	196550
12734	1259	5456	188459	1272	0	196446
12735	1403	3311	188161	1125	0	194000
12736	1329	933	5517	185307	0	193086
12737	185966	744	3404	3643	0	193757
12738	3765	185833	1100	3858	0	194556
12739	3903	3404	739	182108	0	190154
12740	182446	3128	710	3712	0	189996
12741	4063	183108	864	3851	0	191886
12742	183773	3310	776	1527	0	189386
12743	4342	187691	891	1504	0	194428
12744	188504	3404	946	1485	0	194339
12745	188082	3323	948	1494	0	193847
12746	191256	1036	892	1449	0	194633
12747	7079	195716	1023	1676	0	205494
12748	4831	3915	922	195933	0	205601
12749	2332	3567	192658	4430	0	202987
12750	1998	192401	3820	4638	0	202857
12751	2402	3859	3720	186348	0	196329
12752	2311	3673	1385	187449	0	194818
12753	1961	1370	181999	6565	0	191895
12754	1988	178671	3727	4361	0	188747
12755	176160	3457	3856	1861	0	185334
12756	4407	178144	1211	1898	0	185660
12757	4201	3582	1234	175212	0	184229
12758	1665	3446	175049	4484	0	184644
12759	167124	1192	3903	4215	0	176434
12760	3962	1249	3709	177089	0	186009
12761	3547	1254	174727	4448	0	183976
12762	164091	1233	3906	4218	0	173448
12763	3635	170320	3752	1986	0	179693
12764	172099	3880	1457	1929	0	179365
12765	171479	3917	1010	1935	0	178341
12766	6137	1474	1032	170346	0	178989
12767	3808	1399	170583	4342	0	180132
12768	1552	170624	3817	4085	0	180078
12769	1182	4181	171509	1801	0	178673
12770	1086	4092	3722	163043	0	171943
12771	1162	1905	3704	169528	0	176299
12772	164990	1407	1235	6504	0	174136
12773	3458	1166	165021	4404	0	174049
12774	3424	158716	3785	1624	0	167549
12775	1449	3627	3225	156831	0	165132
12776	1288	3517	1024	158261	0	164090
12777	152975	1362	971	5564	0	160872
12778	3458	154638	738	3653	0	162487
12779	3348	3149	728	147289	0	154514
12780	142341	3086	642	3333	0	149402
12781	2759	142380	725	3257	0	149121
12782	139684	2746	507	867	0	143804
12783	137882	2633	698	784	0	141997
12784	4735	135653	762	877	0	142027
12785	126519	2414	430	599	0	129962
12786	2511	127262	492	654	0	130919
12787	126355	2281	552	567	0	129755
12788	124609	2189	532	592	0	127922
12789	4081	122801	432	755	0	128069
12790	119067	2137	395	548	0	122147
12791	119976	2019	403	542	0	122940
12792	120730	564	427	564	0	122285
12793	4069	521	116791	536	0	121917
12794	2240	471	108080	448	0	111239
12795	701	453	108212	397	0	109763
12796	104282	751	3850	504	0	109387
12797	2107	381	104777	412	0	107677
12798	1847	411	93915	304	0	96477
12799	756	592	2689	86565	0	90602
12800	87943	264	1670	1352	0	91229
12801	1511	290	89053	1479	0	92333
12802	1689	344	93244	391	0	95668
12803	564	330	2622	90938	0	94454
12804	476	274	1598	93334	0	95682
12805	498	265	403	95572	0	96738
12806	517	331	93124	2726	0	96698
12807	475	321	1404	93806	0	96006
12808	92264	313	1567	1584	0	95728
12809	1513	93424	365	1746	0	97048
12810	1734	1408	257	93652	0	97051
12811	663	1544	297	95586	0	98090
12812	506	486	96915	2685	0	100592
12813	444	95666	1453	1766	0	99329
12814	94718	1485	1610	549	0	98362
12815	1585	97041	470	459	0	99555
12816	1825	1580	374	95496	0	99275
12817	593	1680	95773	1577	0	99623
12818	533	397	1630	101811	0	104371
12819	490	313	1816	102879	0	105498
12820	102251	284	567	3351	0	106453
12821	1945	296	440	100331	0	103012
12822	1965	101669	492	1981	0	106107
12823	665	104999	492	2039	0	108195
12824	539	3204	105085	646	0	109474
12825	103418	1973	1896	558	0	107845
12826	2080	420	2037	105399	0	109936
12827	2087	319	552	105232	0	108190
12828	696	308	467	106687	0	108158
12829	103901	278	374	3616	0	108169
12830	1871	105757	399	2351	0	110378
12831	105732	1655	469	807	0	108663
12832	1956	1865	100727	566	0	105114
12833	2042	511	100049	543	0	103145
12834	101398	316	3294	561	0	105569
12835	2067	358	2384	102132	0	106941
12836	1987	312	558	104805	0	107662
12837	602	297	481	106737	0	108117
12838	519	313	104384	3611	0	108827
12839	102989	313	1776	2284	0	107362
12840	105639	321	1936	812	0	108708
12841	104473	319	527	719	0	106038
12842	3592	573	501	101162	0	105828
12843	2181	340	99328	1986	0	103835
12844	844	342	97863	2075	0	101124
12845	660	380	101989	782	0	103811
12846	476	96377	3067	773	0	100693
12847	1081	1330	2284	87285	0	91980
12848	86857	1246	522	1417	0	90042
12849	1294	296	87328	1579	0	90497
12850	88255	217	1278	651	0	90401
12851	1453	200	1428	88602	0	91683
12852	1524	269	445	87591	0	89829
12853	546	86828	418	2412	0	90204
12854	453	88790	446	1652	0	91341
12855	407	92410	483	718	0	94018
12856	527	2183	464	91118	0	94292
12857	90589	1314	477	1462	0	93842
12858	91193	296	384	1681	0	93554
12859	2412	289	90751	661	0	94113
12860	88506	228	1271	709	0	90714
12861	1850	252	90683	661	0	93446
12862	1584	224	1394	89518	0	92720
12863	602	244	91290	1430	0	93566
12864	89001	247	1431	1622	0	92301
12865	1465	274	1504	91269	0	94512
12866	1491	319	94995	1398	0	98203
12867	558	276	92268	1508	0	94610
12868	88443	256	2372	729	0	91800
12869	92554	241	1532	684	0	95011
12870	2279	94567	542	693	0	98081
12871	1484	1082	471	95918	0	98955
12872	579	1232	95954	1446	0	99211
12873	593	398	95709	1498	0	98198
12874	587	591	2126	94953	0	98257
12875	95623	343	1490	1485	0	98941
12876	1238	95493	522	1538	0	98791
12877	1438	1102	452	96510	0	99502
12878	96630	1199	361	1487	0	99677
12879	1370	353	387	96814	0	98924
12880	1453	97454	448	1512	0	100867
12881	663	1003	461	98937	0	101064
12882	97436	1164	486	1396	0	100482
12883	1458	360	502	98733	0	101053
12884	98964	284	442	1535	0	101225
12885	1424	100721	537	1661	0	104343
12886	101850	1042	555	769	0	104216
12887	1467	1171	99941	729	0	103308
12888	96868	375	1323	640	0	99206
12889	100549	363	1384	627	0	102923
12890	2234	101739	602	664	0	105239
12891	1527	1226	525	99707	0	102985
12892	746	1134	100045	1234	0	103159
12893	589	360	97199	1420	0	99568
12894	92461	624	2096	732	0	95913
12895	92722	316	1242	700	0	94980
12896	1749	94463	467	618	0	97297
12897	1220	95753	461	542	0	97976
12898	94373	1572	532	478	0	96955
12899	1137	94566	427	500	0	96630
12900	1230	96288	424	491	0	98433
12901	650	1406	368	95397	0	97821
12902	525	849	338	92948	0	94660
12903	505	308	93547	1839	0	96199
12904	508	233	922	93694	0	95357
12905	92250	233	1018	1212	0	94713
12906	1246	278	93420	1077	0	96021
12907	1311	296	95268	472	0	97347
12908	703	228	1584	92081	0	94596
12909	575	226	1134	96776	0	98711
12910	602	243	526	96680	0	98051
12911	533	274	95121	1589	0	97517
12912	408	265	939	91027	0	92639
12913	551	264	875	93965	0	95655
12914	92343	202	370	1382	0	94297
12915	802	92070	388	925	0	94185
12916	91383	593	345	434	0	92755
12917	885	643	91906	331	0	93765
12918	79200	117	421	248	0	79986
12919	487	87694	477	208	0	88866
12920	84130	258	167	161	0	84716
12921	289	84497	103	178	0	85067
12922	81890	274	209	167	0	82540
12923	242	81204	81	106	0	81633
12924	229	81084	189	124	0	81626
12925	318	470	263	80736	0	81787
12926	81624	184	80	264	0	82152
12927	81696	68	36	232	0	82032
12928	82145	49	49	133	0	82376
12929	431	85	80669	68	0	81253
12930	272	91	79770	82	0	80215
12931	90	81	360	80407	0	80938
12932	64	82996	239	279	0	83578
12933	71	84910	86	285	0	85352
12934	123	439	34	82034	0	82630
12935	82317	230	29	264	0	82840
12936	82111	70	42	278	0	82501
12937	82501	57	38	96	0	82692
12938	521	92	82274	51	0	82938
12939	322	62	243	82765	0	83392
12940	104	104	84906	281	0	85395
12941	83552	52	294	385	0	84283
12942	86135	37	291	183	0	86646
12943	612	93	85940	76	0	86721
12944	350	51	291	86335	0	87027
12945	86521	43	308	493	0	87365
12946	385	39	80	90188	0	90692
12947	419	51	64	91465	0	91999
12948	139	65	59	97966	0	98229
12949	102373	56	45	1115	0	103589
12950	681	71	51	108251	0	109054
12951	107887	69	73	893	0	108922
12952	788	114660	86	914	0	116448
12953	884	935	55	120469	0	122343
12954	172	861	61	121039	0	122133
12955	196	122	66	117185	0	117569
12956	118678	63	61	1932	0	120734
12957	1017	72	67	119025	0	120181
12958	1177	88	68	110272	0	111605
12959	120202	69	80	1887	0	122238
12960	121411	74	68	1025	0	122578
12961	121195	88	85	282	0	121650
12962	2064	101	118222	213	0	120600
12963	1216	118	111914	194	0	113442
12964	117575	61	1827	257	0	119720
12965	1096	79	1003	118806	0	120984
12966	1215	76	144	109426	0	110861
12967	117627	57	97	2055	0	119836
12968	116066	79	83	1136	0	117364
12969	111966	107	94	325	0	112492
12970	1956	112530	107	288	0	114881
12971	114168	892	90	231	0	115381
12972	108746	969	112	240	0	110067
12973	1911	112154	125	266	0	114456
12974	1112	110106	104	283	0	111605
12975	484	1735	111	105067	0	107397
12976	116219	964	108	946	0	118237
12977	116345	136	96	982	0	117559
12978	115377	101	94	314	0	115886
12979	2195	92	76	112891	0	115254
12980	114127	103	98	1149	0	115477
12981	1275	152	112544	1170	0	115141
12982	110464	107	980	386	0	111937
12983	1254	130	114272	240	0	115896
12984	1214	162	109154	303	0	110833
12985	432	117	1792	107770	0	110111
12986	108336	96	1252	1184	0	110868
12987	1153	80	212	108681	0	110126
12988	1252	160	110378	1200	0	112990
12989	437	163	108683	1257	0	110540
12990	434	164	1811	106400	0	108809
12991	104684	161	1090	1237	0	107172
12992	1147	108857	283	1303	0	111590
12993	1334	886	193	111545	0	113958
12994	620	960	218	113071	0	114869
12995	577	183	115598	2157	0	118515
12996	601	173	113390	1376	0	115540
12997	532	151	1940	114754	0	117377
12998	114706	108	1160	1572	0	117546
12999	1464	213	114581	1491	0	117749
13000	1546	181	975	115536	0	118238
13001	739	153	1071	117310	0	119273
13002	639	157	274	117816	0	118886
13003	114254	141	237	2659	0	117291
13004	1617	414	100043	1902	0	103976
13005	1606	114118	807	1146	0	117677
13006	872	1024	961	115365	0	118222
13007	1014	1118	113502	1886	0	117520
13008	1111	112832	1161	1928	0	117032
13009	1114	115106	1242	1200	0	118662
13010	114735	2031	395	1222	0	118383
13011	1956	115738	330	1361	0	119385
13012	117120	1234	355	1408	0	120117
13013	2133	1294	115138	1513	0	120078
13014	2211	380	1237	116877	0	120705
13015	116456	296	1340	2488	0	120580
13016	2354	118353	402	2684	0	123793
13017	2403	1382	118581	1644	0	124010
13018	1895	1395	1292	107014	0	111596
13019	1733	120339	1443	2048	0	125563
13020	1794	1422	556	125426	0	129198
13021	124654	1448	642	2342	0	129086
13022	2549	128138	677	2474	0	133838
13023	130993	1510	540	1394	0	134437
13024	131884	1519	526	1361	0	135290
13025	4430	467	131314	1131	0	137342
13026	3275	136574	1939	1053	0	142841
13027	2093	2034	1958	142139	0	148224
13028	2096	1917	146537	2361	0	152911
13029	2064	623	155681	2233	0	160601
13030	1950	898	4307	157113	0	164268
13031	161234	494	2725	2866	0	167319
13032	161341	597	808	2844	0	165590
13033	5856	560	595	160423	0	167434
13034	3911	669	161312	3142	0	169034
13035	1771	161983	2754	3112	0	169620
13036	165128	2799	2563	1043	0	171533
13037	165204	2632	667	971	0	169474
13038	5827	166534	637	925	0	173923
13039	169440	2800	642	915	0	173797
13040	3869	2694	164795	743	0	172101
13041	164791	559	3038	810	0	169198
13042	156555	446	3092	913	0	161006
13043	5164	480	164607	842	0	171093
13044	3244	458	3039	160977	0	167718
13045	1402	379	163872	3194	0	168847
13046	1149	156866	3169	3062	0	164246
13047	916	158661	3143	1266	0	163986
13048	1000	5127	960	146957	0	154044
13049	700	2137	149501	2413	0	154751
13050	403	142539	2263	2172	0	147377
13051	367	142337	2021	578	0	145303
13052	131911	3417	1023	529	0	136880
13053	132457	1696	335	357	0	134845
13054	3267	332	210	132938	0	136747
13055	1898	216	263	129344	0	131721
13056	400	133952	286	3154	0	137792
13057	131336	1776	248	1820	0	135180
13058	133897	1612	235	519	0	136263
13059	3248	133889	292	403	0	137832
13060	1866	1827	169	134709	0	138571
13061	481	1735	134509	1839	0	138564
13062	491	339	1756	135293	0	137879
13063	135925	281	1676	2131	0	140013
13064	2005	270	377	138184	0	140836
13065	1937	315	263	140334	0	142849
13066	140112	297	224	3599	0	144232
13067	2235	253	271	138137	0	140896
13068	1891	139492	362	2096	0	143841
13069	561	1944	301	142769	0	145575
13070	560	1792	310	143510	0	146172
13071	517	443	337	140214	0	141511
13072	467	141853	366	3600	0	146286
13073	518	2026	355	142144	0	145043
13074	504	2007	139745	2230	0	144486
13075	607	497	1977	139719	0	142800
13076	670	483	140340	2262	0	143755
13077	552	138540	2134	2184	0	143410
13078	592	2124	1956	140464	0	145136
13079	595	2006	525	141851	0	144977
13080	679	507	442	143880	0	145508
13081	643	440	455	143464	0	145002
13082	633	616	139757	4032	0	145038
13083	634	139134	2155	2528	0	144451
13084	770	2110	2011	141616	0	146507
13085	767	2101	142965	2425	0	148258
13086	733	634	2308	144500	0	148175
13087	144468	555	2247	2680	0	149950
13088	2625	535	141713	2501	0	147374
13089	141979	498	2220	959	0	145656
13090	2877	551	2138	144627	0	150193
13091	2683	680	144827	2615	0	150805
13092	968	143134	2534	2787	0	149423
13093	1009	2420	2306	142535	0	148270
13094	1018	2471	146876	2692	0	153057
13095	821	146113	2635	2703	0	152272
13096	946	2545	2440	145889	0	151820
13097	147025	2425	820	2990	0	153260
13098	149691	790	800	2802	0	154083
13099	152272	756	618	1186	0	154832
13100	4906	770	148748	1130	0	155554
13101	3044	151305	2695	952	0	157996
13102	1151	2774	2659	151550	0	158134
13103	960	2795	808	157940	0	162503
13104	160451	913	746	5120	0	167230
13105	3070	164686	706	3299	0	171761
13106	168102	3084	590	1370	0	173146
13107	165738	3075	642	1279	0	170734
13108	169294	983	582	1266	0	172125
13109	5965	916	164367	1137	0	172385
13110	166522	735	3123	1081	0	171461
13111	3773	761	2955	166655	0	174144
13112	3446	707	737	168191	0	173081
13113	164927	684	655	6129	0	172395
13114	3381	684	524	164137	0	168726
13115	3263	162935	576	3821	0	170595
13116	1217	3084	434	163121	0	167856
13117	157160	3023	426	3856	0	164465
13118	3315	873	155879	3768	0	163835
13119	3147	153879	2990	1447	0	161463
13120	1116	2743	2612	149991	0	156462
13121	148972	2712	607	3373	0	155664
13122	2969	720	146238	3342	0	153269
13123	3205	2643	2811	141886	0	150545
13124	1460	506	144152	3283	0	149401
13125	1396	577	138757	3058	0	143788
13126	1104	507	136536	1128	0	139275
13127	988	426	133401	872	0	135687
13128	857	414	128879	803	0	130953
13129	110911	1231	4827	643	0	117612
13130	1566	113118	1943	589	0	117216
13131	112045	1239	534	437	0	114255
13132	110152	1424	368	438	0	112382
13133	2627	109789	339	465	0	113220
13134	1626	111386	361	396	0	113769
13135	111070	2372	388	390	0	114220
13136	110867	1430	302	408	0	113007
13137	2673	399	289	105807	0	109168
13138	1649	109017	304	1375	0	112345
13139	109948	1219	269	1560	0	112996
13140	1419	110587	280	468	0	112754
13141	1658	1375	231	109937	0	113201
13142	111054	1449	266	1434	0	114203
13143	110875	377	274	1582	0	113108
13144	2611	312	291	110308	0	113522
13145	1771	267	278	111123	0	113439
13146	648	314	109924	2552	0	113438
13147	558	281	1302	108834	0	110975
13148	513	383	110639	1573	0	113108
13149	569	232	1402	105935	0	108138
13150	505	250	1543	107629	0	109927
13151	107041	225	438	2726	0	110430
13152	106713	250	448	1757	0	109168
13153	2757	285	106300	515	0	109857
13154	104389	264	1395	522	0	106570
13155	1697	226	1565	106026	0	109514
13156	1820	306	106843	1465	0	110434
13157	760	245	1439	107346	0	109790
13158	640	287	1591	114936	0	117454
13159	621	326	114890	2985	0	118822
13160	672	281	1594	117503	0	120050
13161	668	324	122573	1869	0	125434
13162	643	408	1830	126806	0	129687
13163	131263	279	2022	2200	0	135764
13164	2175	133979	539	2510	0	139203
13165	135095	1924	441	808	0	138268
13166	2347	137911	492	650	0	141400
13167	135511	2163	376	653	0	138703
13168	2348	136879	421	583	0	140231
13169	133807	2203	469	648	0	137127
13170	2399	137373	449	634	0	140855
13171	2699	2265	407	135989	0	141360
13172	919	2408	136609	2231	0	142167
13173	869	663	136177	2440	0	140149
13174	857	540	4050	134704	0	140151
13175	135002	362	2601	2380	0	140345
13176	2356	138131	742	2741	0	143970
13177	2693	2193	526	138430	0	143842
13178	866	2509	138875	2502	0	144752
13179	758	617	140055	2730	0	144160
13180	832	932	4383	129063	0	135210
13181	515	139436	2852	2368	0	145171
13182	138253	2193	817	2639	0	143902
13183	2464	2510	142086	817	0	147877
13184	2652	666	139465	698	0	143481
13185	765	140490	4303	699	0	146257
13186	139208	2338	3158	676	0	145380
13187	140388	2327	891	640	0	144246
13188	4277	637	620	138079	0	143613
13189	141765	433	614	2299	0	145111
13190	137857	434	593	2537	0	141421
13191	4158	138339	690	777	0	143964
13192	139250	2138	614	615	0	142617
13193	2675	2354	139656	517	0	145202
13194	2618	624	2212	135109	0	140563
13195	1086	580	2333	135571	0	139570
13196	133077	445	702	3953	0	138177
13197	2264	133213	622	2672	0	138771
13198	132253	2015	503	896	0	135667
13199	2361	135687	518	657	0	139223
13200	2317	134066	468	687	0	137538
13201	1134	3592	130357	527	0	135610
13202	845	2408	127263	550	0	131066
13203	117730	1059	3416	490	0	122695
13204	121779	517	2071	469	0	124836
13205	2924	493	118211	373	0	122001
13206	1825	114902	1407	364	0	118498
13207	678	117788	1499	316	0	120281
13208	116177	2594	652	305	0	119728
13209	115720	1722	430	320	0	118192
13210	2726	643	366	115099	0	118834
13211	117619	422	415	1422	0	119878
13212	1686	351	377	116854	0	119268
13213	1725	372	116148	1477	0	119722
13214	682	405	112085	1543	0	114715
13215	112073	368	2524	685	0	115650
13216	1637	448	1627	110831	0	114543
13217	1637	122692	615	1273	0	126217
13218	125254	1335	442	1548	0	128579
13219	125259	1521	453	610	0	127843
13220	2790	566	125299	457	0	129112
13221	125490	446	1475	516	0	127927
13222	129600	368	1617	452	0	132037
13223	2975	471	631	126485	0	130562
13224	2022	125796	558	1468	0	129844
13225	875	130591	526	1636	0	133628
13226	846	2761	414	131946	0	135967
13227	866	1872	392	129971	0	133101
13228	854	629	386	133013	0	134882
13229	824	598	130216	3016	0	134654
13230	853	574	127072	1981	0	130480
13231	827	481	2921	127159	0	131388
13232	801	546	130351	1707	0	133405
13233	762	607	128733	1859	0	131961
13234	736	579	3007	125607	0	129929
13235	816	627	134962	1692	0	138097
13236	648	133616	2017	2037	0	138318
13237	138052	1738	2115	949	0	142854
13238	1979	2006	786	134914	0	139685
13239	2257	137370	720	1750	0	142097
13240	932	1869	141004	1967	0	145772
13241	818	1987	1974	139538	0	144317
13242	807	717	146195	1839	0	149558
13243	820	514	2171	143995	0	147500
13244	796	517	2171	147868	0	151352
13245	825	561	152041	3600	0	157027
13246	810	493	2093	147597	0	150993
13247	742	151823	2325	2214	0	157104
13248	807	1972	716	156267	0	159762
13249	860	2261	155125	2287	0	160533
13250	789	680	2093	154457	0	158019
13251	150516	494	2289	2445	0	155744
13252	2094	153844	832	2756	0	159526
13253	2452	2042	668	153943	0	159105
13254	960	2189	156923	2176	0	162248
13255	751	154145	2139	2566	0	159601
13256	753	156467	2247	949	0	160416
13257	954	3607	152088	781	0	157430
13258	756	2268	1863	143300	0	148187
13259	845	1126	1998	144432	0	148401
13260	721	509	143145	3190	0	147565
13261	451	136564	1606	2167	0	140788
13262	406	135332	1665	686	0	138089
13263	125613	2014	532	421	0	128580
13264	1034	126180	391	490	0	128095
13265	125345	1039	308	430	0	127122
13266	1169	1197	265	120992	0	123623
13267	127991	299	298	1374	0	129962
13268	1175	329	127824	1287	0	130615
13269	125913	205	1064	545	0	127727
13270	1228	266	1243	128071	0	130808
13271	1297	130201	394	1218	0	133110
13272	130820	1026	277	1382	0	133505
13273	1227	1943	286	128849	0	132305
13274	1233	131812	302	1197	0	134544
13275	370	138018	325	1325	0	140038
13276	135166	1763	396	539	0	137864
13277	136731	1185	198	378	0	138492
13278	138376	288	205	387	0	139256
13279	1998	222	216	133697	0	136133
13280	1163	132268	252	1113	0	134796
13281	279	135527	239	1244	0	137289
13282	291	1914	238	134978	0	137421
13283	133132	1168	261	1201	0	135762
13284	128234	336	244	1397	0	130211
13285	132371	234	210	505	0	133320
13286	1998	322	130455	341	0	133116
13287	1363	355	130046	326	0	132090
13288	136528	229	1881	470	0	139108
13289	1155	303	1188	137813	0	140459
13290	1340	279	288	139705	0	141612
13291	381	253	228	139523	0	140385
13292	301	302	277	140654	0	141534
13293	341	384	137212	2257	0	140194
13294	344	274	1045	136165	0	137828
13295	330	325	136823	1407	0	138885
13296	125803	240	1186	1681	0	128910
13297	1062	136471	1321	701	0	139555
13298	1317	1054	464	139780	0	142615
13299	376	1255	376	137647	0	139654
13300	135845	410	358	2369	0	138982
13301	135317	307	314	1655	0	137593
13302	135928	314	385	668	0	137295
13303	135532	322	325	665	0	136844
13304	2291	390	135759	521	0	138961
13305	1489	485	133669	519	0	136162
13306	517	352	2066	134433	0	137368
13307	136233	329	1388	1433	0	139383
13308	134934	356	470	1594	0	137354
13309	2180	479	135238	652	0	138549
13310	1474	278	1147	132653	0	135552
13311	134031	280	1323	1457	0	137091
13312	1249	318	445	134915	0	136927
13313	1467	479	135125	1448	0	138519
13314	593	432	1108	134526	0	136659
13315	134962	403	1260	1546	0	138171
13316	1270	146986	453	1628	0	150337
13317	145155	1166	347	831	0	147499
13318	147536	1327	349	799	0	150011
13319	149168	455	324	707	0	150654
13320	2597	374	332	148248	0	151551
13321	146000	331	301	1372	0	148004
13322	1391	154493	350	1555	0	157789
13323	1390	159472	346	746	0	161954
13324	671	2921	277	157869	0	161738
13325	158650	1680	265	1760	0	162355
13326	1747	167420	286	1766	0	171219
13327	195545	1828	238	693	0	198304
13328	204780	1980	219	610	0	207589
13329	5026	214874	285	591	0	220776
13330	3363	2856	269	216591	0	223079
13331	1130	2943	221	220887	0	225181
13332	868	822	221625	5580	0	228895
13333	1036	502	2737	219716	0	223991
13334	834	624	223420	3574	0	228452
13335	695	216316	3057	3422	0	223490
13336	951	2909	2866	218396	0	225122
13337	211700	2817	671	3371	0	218559
13338	213504	667	507	3396	0	218074
13339	5587	736	473	212449	0	219245
13340	3246	517	208525	3376	0	215664
13341	191661	423	2809	3496	0	198389
13342	2874	203090	2917	1216	0	210097
13343	2897	203872	694	1004	0	208467
13344	1004	207851	612	909	0	210376
13345	1185	5540	622	197191	0	204538
13346	815	3052	201954	2969	0	208790
13347	922	852	2620	200572	0	204966
13348	808	776	205053	3058	0	209695
13349	683	704	202382	2997	0	206766
13350	770	702	208694	893	0	211059
13351	741	616	5226	195222	0	201805
13352	593	645	3029	208195	0	212462
13353	588	594	993	211753	0	213928
13354	555	575	780	209266	0	211176
13355	206127	386	722	5788	0	213023
13356	2578	205239	904	3630	0	212351
13357	206556	2584	709	1412	0	211261
13358	2831	209598	764	1269	0	214462
13359	2894	2822	675	207995	0	214386
13360	997	2707	535	215172	0	219411
13361	212990	716	425	5720	0	219851
13362	216264	543	407	3708	0	220922
13363	219662	605	374	1368	0	222009
13364	219159	617	314	1233	0	221323
13365	217949	623	316	1077	0	219965
13366	5581	214398	394	965	0	221338
13367	208782	2761	278	1095	0	212916
13368	3315	208972	397	1113	0	213797
13369	207028	2898	408	947	0	211281
13370	3619	2722	204716	783	0	211840
13371	3532	1046	2440	197483	0	204501
13372	1434	206339	2506	2631	0	212910
13373	1258	2779	570	207688	0	212295
13374	1282	2892	203969	3031	0	211174
13375	1177	1036	2574	198656	0	203443
13376	194415	863	2571	3416	0	201265
13377	2870	196920	898	3516	0	204204
13378	2769	200538	732	1519	0	205558
13379	1262	5019	201040	1219	0	208540
13380	1023	3197	2759	193941	0	200920
13381	1305	204660	2846	3237	0	212048
13382	929	3096	872	209721	0	214618
13383	926	2993	210654	3501	0	218074
13384	810	207966	2993	3832	0	215601
13385	994	3145	209488	1464	0	215091
13386	1184	3162	206941	1246	0	212533
13387	986	1323	4933	203484	0	210726
13388	207088	1170	3013	3409	0	214680
13389	3153	943	1236	210920	0	216252
13390	3112	1084	210610	3606	0	218412
13391	1200	1077	3249	214007	0	219533
13392	868	1187	220704	3839	0	226598
13393	907	1055	217342	3580	0	222884
13394	214918	962	6249	1802	0	223931
13395	228574	791	3843	1732	0	234940
13396	231605	728	1634	1710	0	235677
13397	5986	860	227376	1597	0	235819
13398	3848	746	228961	1440	0	234995
13399	1410	662	6309	222666	0	231047
13400	1216	666	3991	228155	0	234028
13401	226640	688	1549	6389	0	235266
13402	3732	677	1274	229675	0	235358
13403	3699	807	228737	4187	0	237430
13404	1590	773	225951	4110	0	232424
13405	1230	227861	6138	1876	0	237105
13406	1423	3237	3771	229869	0	238300
13407	1488	3359	233749	3748	0	242344
13408	1388	949	3777	230773	0	236887
13409	231016	774	3628	4568	0	239986
13410	3881	842	236384	4293	0	245400
13411	3908	721	3785	234808	0	243222
13412	1630	711	3704	239572	0	245617
13413	1512	877	235953	6550	0	244892
13414	1651	725	3796	233295	0	239467
13415	1334	967	236677	4374	0	243352
13416	215903	657	3963	4317	0	224840
13417	3936	715	3798	215669	0	224118
13418	3716	216865	1445	3895	0	225921
13419	215985	3131	1124	3842	0	224082
13420	213652	3040	1196	1708	0	219596
13421	6022	214538	1145	1732	0	223437
13422	5701	13762	1380	183274	0	204117
13423	1295	201097	1025	2769	0	206186
13424	1151	201052	858	3028	0	206089
13425	2867	5288	190935	1144	0	200234
13426	1177	187892	2995	1371	0	193435
13427	1463	2708	156979	904	0	162054
13428	126982	1812	1743	558	0	131095
13429	131449	284	1181	342	0	133256
13430	1744	137614	366	433	0	140157
13431	1102	138449	291	344	0	140186
13432	340	144113	256	315	0	145024
13433	148419	2013	247	385	0	151064
13434	1453	1284	285	153022	0	156044
13435	1448	380	164204	1516	0	167548
13436	340	165389	1634	1739	0	169102
13437	361	1626	1683	169445	0	173115
13438	411	1784	403	159296	0	161894
13439	210	185470	341	3207	0	189228
13440	196108	2162	368	1902	0	200540
13441	2656	2279	199744	517	0	205196
13442	2778	606	2714	216751	0	222849
13443	428	247185	2640	3322	0	253575
13444	246004	3829	525	3062	0	253420
13445	4148	3528	245458	711	0	253845
13446	3483	240735	4011	693	0	248922
13447	893	4000	3448	241208	0	249549
13448	546	3572	240075	4031	0	248224
13449	229813	691	4203	3585	0	238292
13450	4181	493	3561	235554	0	243789
13451	3758	619	236112	4223	0	244712
13452	708	234769	4231	4081	0	243789
13453	228534	4105	3596	932	0	237167
13454	3911	237231	911	946	0	242999
13455	237702	4349	731	645	0	243427
13456	236935	3783	528	714	0	241960
13457	7541	894	488	227378	0	236301
13458	4038	223988	817	4315	0	233158
13459	1183	4039	227685	3664	0	236571
13460	959	3546	4236	226294	0	235035
13461	993	1206	4115	210036	0	216350
13462	1007	655	943	230794	0	233399
13463	905	590	667	231694	0	233856
13464	820	638	619	231491	0	233568
13465	225192	645	694	8149	0	234680
13466	223391	636	694	4505	0	229226
13467	218266	660	689	1523	0	221138
13468	7459	215216	890	1411	0	224976
13469	4297	4088	222744	1075	0	232204
13470	1229	3785	225369	1024	0	231407
13471	1036	1085	229320	997	0	232438
13472	1017	942	8167	215429	0	225555
13473	991	791	4462	222836	0	229080
13474	1016	806	1176	225586	0	228584
13475	986	782	220102	8395	0	230265
13476	853	214567	4746	5591	0	225757
13477	1133	4545	221445	1620	0	228743
13478	1070	4098	221330	1239	0	227737
13479	1112	1170	8150	213467	0	223899
13480	1106	1131	221243	4960	0	228440
13481	1169	942	5212	214173	0	221496
13482	211754	927	4595	5414	0	222690
13483	210454	979	1458	4727	0	217618
13484	8228	1068	208066	1646	0	219008
13485	4913	1043	5035	204437	0	215428
13486	1773	1243	210479	5178	0	218673
13487	1293	207307	5313	5065	0	218978
13488	205957	4878	4685	1725	0	217245
13489	5254	4450	206159	1485	0	217348
13490	4483	200409	5251	1576	0	211719
13491	1406	200170	4542	1609	0	207727
13492	1355	199551	1755	1624	0	204285
13493	1485	7931	188901	1470	0	199787
13494	1655	5533	4967	173632	0	185787
13495	1279	184110	4234	4715	0	194338
13496	1535	4834	1697	184312	0	192378
13497	1570	4272	1427	185173	0	192442
13498	177974	1438	1420	7976	0	188808
13499	4571	179326	1513	5249	0	190659
13500	176998	4619	1388	2246	0	185251
13501	4915	177457	1404	2219	0	185995
13502	4332	180142	1577	1854	0	187905
13503	1862	7598	176202	1893	0	187555
13504	1685	4855	4942	173530	0	185012
13505	1424	2004	177511	5155	0	186094
13506	1538	171151	5050	5740	0	183479
13507	1682	4561	174070	2413	0	182726
13508	1880	4024	173225	2129	0	181258
13509	1522	171816	7713	1958	0	183009
13510	164697	4670	4814	1913	0	176094
13511	4428	170756	2251	2077	0	179512
13512	170543	4977	2249	2000	0	179769
13513	4914	4290	169233	2235	0	180672
13514	4292	1462	170433	2234	0	178421
13515	1406	167771	8083	2291	0	179551
13516	164489	4647	4732	2146	0	176014
13517	4692	169168	2436	2155	0	178451
13518	4548	4738	2166	166227	0	177679
13519	168272	4291	1907	4898	0	179368
13520	4905	1870	168014	4348	0	179137
13521	4185	1745	5509	168005	0	179444
13522	166765	1429	4698	5070	0	177962
13523	4872	166683	2295	4763	0	178613
13524	4334	4704	1876	166326	0	177240
13525	1738	4167	165830	5429	0	177164
13526	162982	1504	5215	4738	0	174439
13527	4619	1506	4782	165466	0	176373
13528	3678	1469	164317	5288	0	174752
13529	1606	1387	5220	158630	0	166843
13530	1182	161197	4592	5590	0	172561
13531	1451	4411	161725	4837	0	172424
13532	1858	3697	4583	152144	0	162282
13533	144161	1413	3968	4325	0	153867
13534	4819	1264	1629	140065	0	147777
13535	126571	1110	1521	3782	0	132984
13536	3829	125142	1500	3205	0	133676
13537	122019	3613	1744	1351	0	128727
13538	3624	3043	118985	1298	0	126950
13539	3036	1120	104871	913	0	109940
13540	982	921	92825	741	0	95469
13541	1004	85767	5655	886	0	93312
13542	2045	781	5252	39119	0	47197
13543	202	555	578	38825	0	40160
13544	170	189	170	38590	0	39119
13545	147	150	163	39253	0	39713
13546	131	138	38379	944	0	39592
13547	34830	145	535	606	0	36116
13548	485	38283	503	222	0	39493
13549	37273	477	163	180	0	38093
13550	533	446	146	36957	0	38082
13551	477	37452	132	475	0	38536
13552	163	543	124	37904	0	38734
13553	37252	454	126	537	0	38369
13554	456	38609	107	527	0	39699
13555	38776	510	115	167	0	39568
13556	38531	429	114	162	0	39236
13557	819	142	114	38757	0	39832
13558	455	148	38995	468	0	40066
13559	37886	142	498	468	0	38994
13560	497	134	435	40590	0	41656
13561	41189	109	146	556	0	42000
13562	42059	99	126	493	0	42777
13563	42227	99	117	191	0	42634
13564	935	121	41935	136	0	43127
13565	539	187	434	40191	0	41351
13566	40715	76	486	487	0	41764
13567	484	111	42691	457	0	43743
13568	457	42733	421	172	0	43783
13569	243	506	475	39429	0	40653
13570	124	385	42239	384	0	43132
13571	132	133	42660	393	0	43318
13572	160	188	656	41445	0	42449
13573	137	78	445	43236	0	43896
13574	114	66	129	43704	0	44013
13575	103	87	75	43337	0	43602
13576	116	74	42863	690	0	43743
13577	83	43037	358	488	0	43966
13578	153	329	354	43509	0	44345
13579	43739	318	97	423	0	44577
13580	42743	102	95	399	0	43339
13581	43403	68	69	180	0	43720
13582	682	60	71	42848	0	43661
13583	406	144	82	42061	0	42693
13584	131	40312	80	598	0	41121
13585	119	41614	66	375	0	42174
13586	266	582	119	40479	0	41446
13587	40145	344	145	450	0	41084
13588	40008	63	63	312	0	40446
13589	39527	57	56	124	0	39764
13590	39645	54	46	121	0	39866
13591	39949	36	50	118	0	40153
13592	465	39874	62	106	0	40507
13593	308	229	53	40340	0	40930
13594	41526	212	54	342	0	42134
13595	41902	63	47	329	0	42341
13596	476	101	55	41584	0	42216
13597	313	47	44	42155	0	42559
13598	121	73	43067	490	0	43751
13599	105	46	241	41791	0	42183
13600	121	43	232	43518	0	43914
13601	151	58	46081	468	0	46758
13602	104	78	222	45124	0	45528
13603	95	46533	253	326	0	47207
13604	135	247	46122	288	0	46792
13605	82	46713	248	142	0	47185
13606	127	239	233	45598	0	46197
13607	112	221	65	45939	0	46337
13608	79	46048	62	403	0	46592
13609	70	46787	69	273	0	47199
13610	47185	339	71	192	0	47787
13611	46830	200	55	135	0	47220
13612	396	81	46218	104	0	46799
13613	46327	42	205	220	0	46794
13614	49562	34	204	211	0	50011
13615	49859	45	75	120	0	50099
13616	49366	59	245	146	0	49816
13617	418	55	48266	149	0	48888
13618	269	67	46154	91	0	46581
13619	48627	49	336	132	0	49144
13620	231	51560	214	140	0	52145
13621	253	166	51727	67	0	52213
13622	51420	160	208	120	0	51908
13623	52564	54	175	122	0	52915
13624	349	61	52320	86	0	52816
13625	50153	54	250	97	0	50554
13626	274	58	200	56392	0	56924
13627	240	87	58162	271	0	58760
13628	52033	43	258	378	0	52712
13629	234	58188	261	155	0	58838
13630	59710	196	66	217	0	60189
13631	66266	184	88	453	0	66991
13632	416	87	76	66569	0	67148
13633	275	54	54	67308	0	67691
13634	141	44	51	68582	0	68818
13635	68575	53	63	545	0	69236
13636	72275	53	41	448	0	72817
13637	518	39	55	73003	0	73615
13638	390	51	46	72726	0	73213
13639	187	99	71352	592	0	72230
13640	66443	83	280	446	0	67252
13641	358	59	280	72943	0	73640
13642	386	63	60	72669	0	73178
13643	151	72105	79	645	0	72980
13644	167	322	43	73107	0	73639
13645	162	346	16	72961	0	73485
13646	70760	84	39	684	0	71567
13647	386	72740	55	471	0	73652
13648	446	335	31	74205	0	75017
13649	210	330	35	74256	0	74831
13650	179	91	32	75240	0	75542
13651	148	136	74365	741	0	75390
13652	162	54	327	73466	0	74009
13653	72429	55	346	513	0	73343
13654	440	108	73398	470	0	74416
13655	422	35	356	74376	0	75189
13656	171	43	369	76165	0	76748
13657	76005	42	119	882	0	77048
13658	74371	63	97	582	0	75113
13659	787	91	75173	224	0	76275
13660	68825	64	352	273	0	69514
13661	457	119	74218	168	0	74962
13662	71723	70	396	224	0	72413
13663	481	79154	382	207	0	80224
13664	81144	432	77	206	0	81859
13665	543	82030	93	239	0	82905
13666	83885	522	89	270	0	84766
13667	541	85327	96	226	0	86190
13668	537	618	71	86762	0	87988
13669	160	471	64	87082	0	87777
13670	127	100	54	87099	0	87380
13671	101	85298	107	1146	0	86652
13672	115	541	43	85775	0	86474
13673	93	86668	86	702	0	87549
13674	114	597	55	87507	0	88273
13675	87385	527	51	766	0	88729
13676	86046	121	60	658	0	86885
13677	1078	86558	107	288	0	88031
13678	679	575	75	86958	0	88287
13679	85740	549	89	675	0	87053
13680	674	87000	85	684	0	88443
13681	632	87706	114	259	0	88711
13682	87917	1134	43	214	0	89308
13683	88019	692	69	206	0	88986
13684	1205	87886	83	225	0	89399
13685	88013	684	47	225	0	88969
13686	807	660	49	87490	0	89006
13687	731	298	89728	730	0	91487
13688	88401	150	614	855	0	90020
13689	90728	133	610	331	0	91802
13690	1357	196	91704	211	0	93468
13691	91169	154	676	399	0	92398
13692	95035	106	639	367	0	96147
13693	97940	140	144	357	0	98581
13694	1468	96766	136	354	0	98724
13695	99055	747	73	294	0	100169
13696	99204	753	94	294	0	100345
13697	1555	253	89	98836	0	100733
13698	1087	184	78	100923	0	102272
13699	442	206	92	102631	0	103371
13700	102253	217	84	1708	0	104262
13701	1023	204	73	100397	0	101697
13702	101925	186	83	1157	0	103351
13703	102905	249	83	1119	0	104356
13704	1809	232	98	102557	0	104696
13705	1197	179	111	107244	0	108731
13706	517	214	83	108329	0	109143
13707	107382	246	100	1969	0	109697
13708	1128	107885	144	1328	0	110485
13709	1252	973	105	110568	0	112898
13710	538	1094	115	112538	0	114285
13711	111320	296	79	2187	0	113882
13712	111786	274	91	1510	0	113661
13713	2240	313	109980	577	0	113110
13714	1576	296	109688	499	0	112059
13715	115035	234	2045	505	0	117819
13716	1583	298	1269	119432	0	122582
13717	1713	243	283	135285	0	137524
13718	752	427	134443	3499	0	139121
13719	675	373	1818	129640	0	132506
13720	543	133190	1815	2247	0	137795
13721	576	136925	347	2190	0	140038
13722	132600	3519	210	751	0	137080
13723	2314	2052	132886	631	0	137883
13724	2192	136932	1732	631	0	141487
13725	910	2049	1742	138595	0	143296
13726	831	2001	137447	2192	0	142471
13727	697	534	1999	134868	0	138098
13728	735	382	1879	136948	0	139944
13729	765	408	137711	3966	0	142850
13730	656	138203	2031	2494	0	143384
13731	723	2070	1924	132304	0	137021
13732	133107	1868	571	2341	0	137887
13733	133588	486	411	2249	0	136734
13734	134268	415	314	882	0	135879
13735	4145	130862	433	847	0	136287
13736	129383	1923	396	754	0	132456
13737	2569	1936	384	128350	0	133239
13738	2299	558	127207	2368	0	132432
13739	123502	378	1950	2380	0	128210
13740	2269	128223	2004	947	0	133443
13741	2234	1956	465	128428	0	133083
13742	930	1892	391	127868	0	131081
13743	645	127508	515	4023	0	132691
13744	805	2252	411	131575	0	135043
13745	746	1981	465	132509	0	135701
13746	813	685	409	135070	0	136977
13747	130314	602	518	4407	0	135841
13748	129886	491	561	2899	0	133837
13749	3924	740	130194	1296	0	136154
13750	2518	769	2164	129563	0	135014
13751	1158	561	2019	133713	0	137451
13752	881	685	852	135699	0	138117
13753	131493	709	590	4509	0	137301
13754	2551	698	129085	2972	0	135306
13755	127402	574	2345	1412	0	131733
13756	132018	627	1986	1383	0	136014
13757	4115	547	768	130981	0	136411
13758	132416	443	725	2935	0	136519
13759	2959	663	128612	2832	0	135066
13760	126466	543	2095	1610	0	130714
13761	2940	138797	2079	1535	0	145351
13762	2786	2260	137262	1113	0	143421
13763	1320	2350	138927	1262	0	143859
13764	1282	1236	4039	135515	0	142072
13765	1305	667	139830	2834	0	144636
13766	131620	702	2482	3003	0	137807
13767	2614	134109	2322	1447	0	140492
13768	135451	2130	792	1389	0	139762
13769	2791	2303	632	134945	0	140671
13770	2767	700	134667	3058	0	141192
13771	1117	686	134590	3140	0	139533
13772	1030	813	3850	134423	0	140116
13773	135475	504	2491	3264	0	141734
13774	2552	134076	815	3322	0	140765
13775	2537	138487	730	1943	0	143697
13776	136269	4566	799	1663	0	143297
13777	2758	140337	711	1558	0	145364
13778	140881	2320	761	1415	0	145377
13779	3320	2305	775	138535	0	144935
13780	140013	672	809	2830	0	144324
13781	3072	516	836	140123	0	144547
13782	140729	489	773	3091	0	145082
13783	2899	514	867	139013	0	143293
13784	2819	137617	1039	2860	0	144335
13785	137793	2062	904	2760	0	143519
13786	2762	138919	767	1671	0	144119
13787	2926	2398	133468	1067	0	139859
13788	1537	2290	2452	123995	0	130274
13789	1216	135358	2393	2314	0	141281
13790	132327	2263	902	2233	0	137725
13791	130443	2224	942	1132	0	134741
13792	4334	129872	908	1063	0	136177
13793	2579	2358	127860	1172	0	133969
13794	1337	2122	2485	121990	0	127934
13795	1150	125183	2387	2584	0	131304
13796	1016	2306	1094	128419	0	132835
13797	1414	2126	862	128525	0	132927
13798	124700	987	597	4237	0	130521
13799	2739	124266	745	2717	0	130467
13800	2734	2221	668	124780	0	130403
13801	124771	2254	676	2738	0	130439
13802	124678	833	674	2591	0	128776
13803	124155	880	632	1426	0	127093
13804	4694	821	608	120320	0	126443
13805	117701	717	515	2442	0	121375
13806	2737	116307	588	2325	0	121957
13807	115866	2052	596	1177	0	119691
13808	2622	116278	523	1163	0	120586
13809	115439	2184	537	1063	0	119223
13810	113369	1781	461	1172	0	116783
13811	4050	1422	524	110737	0	116733
13812	2491	684	113799	2109	0	119083
13813	1443	726	112031	2039	0	116239
13814	1135	111567	2673	919	0	116294
13815	106566	1956	2025	843	0	111390
13816	2178	1585	104788	495	0	109046
13817	80485	339	751	347	0	81922
13818	850	85567	718	285	0	87420
13819	988	89069	208	262	0	90527
13820	450	1460	169	92299	0	94378
13821	394	97208	190	858	0	98650
13822	410	1187	97889	1045	0	100531
13823	504	1385	1117	92969	0	95975
13824	345	99618	1066	1190	0	102219
13825	358	1415	243	100433	0	102449
13826	99047	1238	218	1469	0	101972
13827	1342	486	169	100529	0	102526
13828	1382	414	100955	1510	0	104261
13829	448	101750	1327	1467	0	104992
13830	394	1724	1303	100770	0	104191
13831	394	1454	400	102487	0	104735
13832	393	422	295	104355	0	105465
13833	100449	388	207	2910	0	103954
13834	100646	299	241	1767	0	102953
13835	2728	320	101265	606	0	104919
13836	1732	379	100716	444	0	103271
13837	519	101526	2589	485	0	105119
13838	103033	1475	1505	505	0	106518
13839	1683	1492	408	103057	0	106640
13840	1589	451	289	104060	0	106389
13841	614	360	183	105410	0	106567
13842	570	315	131	105924	0	106940
13843	533	388	100745	3056	0	104722
13844	95984	290	1397	1927	0	99598
13845	1737	280	1416	112472	0	115905
13846	1823	303	111572	2089	0	115787
13847	110417	364	1927	2096	0	114804
13848	122119	256	1837	701	0	124913
13849	4163	361	132077	545	0	137146
13850	2723	356	137133	460	0	140672
13851	953	279	4698	133568	0	139498
13852	136405	311	2795	2949	0	142460
13853	138901	239	811	2656	0	142607
13854	5189	321	546	133583	0	139639
13855	3064	276	480	138430	0	142250
13856	1022	328	136425	4966	0	142741
13857	700	729	2817	134807	0	139053
13858	751	331	136211	3358	0	140651
13859	126899	337	3063	2803	0	133102
13860	2791	134300	2666	1123	0	140880
13861	127621	2416	639	694	0	131370
13862	2974	127458	512	586	0	131530
13863	125909	2817	635	509	0	129870
13864	3192	2310	323	121210	0	127035
13865	2766	584	321	123165	0	126836
13866	123063	369	295	4783	0	128510
13867	124661	277	232	2856	0	128026
13868	127042	233	334	999	0	128608
13869	128231	216	328	674	0	129449
13870	5490	284	123501	595	0	129870
13871	124382	186	2658	630	0	127856
13872	127135	228	2358	578	0	130299
13873	127736	166	678	556	0	129136
13874	5646	195	447	122778	0	129066
13875	119777	171	419	3034	0	123401
13876	3453	118703	511	2709	0	125376
13877	3019	2512	387	119745	0	125663
13878	1301	2228	394	122023	0	125946
13879	1029	624	118864	5124	0	125641
13880	932	378	2791	115598	0	119699
13881	872	118747	2533	3419	0	125571
13882	117231	2706	786	2896	0	123619
13883	3030	120113	721	1249	0	125113
13884	120863	3004	524	1099	0	125490
13885	3704	2544	495	118983	0	125726
13886	119004	724	457	3239	0	123424
13887	3542	116641	533	3021	0	123737
13888	119947	2730	487	1214	0	124378
13889	119877	2471	544	954	0	123846
13890	5727	729	504	117160	0	124120
13891	3647	499	463	120264	0	124873
13892	1720	437	117434	5319	0	124910
13893	1394	443	2770	119677	0	124284
13894	1363	382	2448	120970	0	125163
13895	1314	371	118367	5509	0	125561
13896	1231	338	2942	120470	0	124981
13897	1078	372	119620	3985	0	125055
13898	116231	320	3293	3300	0	123144
13899	3609	335	2757	117807	0	124508
13900	3304	430	116023	3539	0	123296
13901	114933	382	3074	3038	0	121427
13902	3798	344	2649	116689	0	123480
13903	3286	471	117672	3510	0	124939
13904	117065	342	3035	3181	0	123623
13905	3789	445	2596	119545	0	126375
13906	3477	370	903	121775	0	126525
13907	122084	366	648	5657	0	128755
13908	3949	334	539	123263	0	128085
13909	3490	335	596	124078	0	128499
13910	1882	416	568	119675	0	122541
13911	1523	118895	584	5756	0	126758
13912	116696	2698	590	3548	0	123532
13913	118475	2414	582	1531	0	123002
13914	5896	753	486	115344	0	122479
13915	117788	501	546	3632	0	122467
13916	117445	425	512	3442	0	121824
13917	119389	457	564	1588	0	121998
13918	105021	458	855	1500	0	107834
13919	116228	372	703	1389	0	118692
13920	5602	373	103289	1242	0	110506
13921	3281	409	99730	1153	0	104573
13922	97579	301	4031	1015	0	102926
13923	3109	98152	2518	1141	0	104920
13924	2695	2133	953	95472	0	101253
13925	1386	1858	95517	2652	0	101413
13926	1270	615	96061	2397	0	100343
13927	1321	1288	3876	93233	0	99718
13928	93136	598	3187	3004	0	99925
13929	2767	452	698	94673	0	98590
13930	2370	429	93557	2878	0	99234
13931	96525	251	2127	2708	0	101611
13932	2788	273	1977	99068	0	104106
13933	2526	194	687	101180	0	104587
13934	1303	183	479	103089	0	105054
13935	1195	166	455	101975	0	103791
13936	1111	262	97862	4470	0	103705
13937	1208	169	2077	99232	0	102686
13938	98344	180	1919	2970	0	103413
13939	2668	206	97037	2571	0	102482
13940	97171	236	2079	1280	0	100766
13941	99652	231	1822	1058	0	102763
13942	100177	220	674	999	0	102070
13943	98423	212	557	1108	0	100300
13944	4211	95644	501	1143	0	101499
13945	1973	85042	398	673	0	88086
13946	920	88173	375	697	0	90165
13947	81318	3084	1815	1113	0	87330
13948	1755	1211	76469	637	0	80072
13949	61853	599	1409	312	0	64173
13950	1228	130	714	60015	0	62087
13951	60483	63	153	717	0	61416
13952	711	48	110	60255	0	61124
13953	60116	64	139	757	0	61076
13954	718	66	124	60147	0	61055
13955	774	61	101	60824	0	61760
13956	49422	94	141	1375	0	51032
13957	718	67572	138	789	0	69217
13958	693	483	67902	264	0	69342
13959	301	67690	502	271	0	68764
13960	250	432	65234	202	0	66118
13961	237	726	512	61529	0	63004
13962	63674	77	592	459	0	64802
13963	403	60	108	63293	0	63864
13964	62278	46	88	460	0	62872
13965	421	67464	115	581	0	68581
13966	563	326	69407	159	0	70455
13967	173	69956	314	194	0	70637
13968	161	69842	393	219	0	70615
13969	67227	465	215	153	0	68060
13970	65654	279	114	156	0	66203
13971	521	66819	85	162	0	67587
13972	353	247	57	67424	0	68081
13973	135	282	66	67717	0	68200
13974	67239	73	98	585	0	67995
13975	338	97	68111	372	0	68918
13976	363	117	67031	145	0	67656
13977	176	82	518	67330	0	68106
13978	141	125	69650	394	0	70310
13979	63382	62	336	470	0	64250
13980	68624	54	340	212	0	69230
13981	630	69235	125	174	0	70164
13982	466	305	70459	150	0	71380
13983	202	390	328	69293	0	70213
13984	215	129	73474	367	0	74185
13985	167	104	347	72743	0	73361
13986	72692	69	424	475	0	73660
13987	393	76243	133	614	0	77383
13988	537	405	79896	188	0	81026
13989	180	81252	421	210	0	82063
13990	158	83690	472	247	0	84567
13991	83582	733	157	239	0	84711
13992	81032	463	141	235	0	81871
13993	861	150	83186	434	0	84631
13994	582	85512	446	282	0	86822
13995	216	539	476	85747	0	86978
13996	218	484	141	86021	0	86864
13997	214	177	100	85911	0	86402
13998	215	182	86675	887	0	87959
13999	192	137	422	85480	0	86231
14000	197	147	477	88491	0	89312
14001	89063	109	138	989	0	90299
14002	89133	117	120	676	0	90046
14003	89475	96	124	315	0	90010
14004	88096	112	110	258	0	88576
14005	87850	94	114	247	0	88305
14006	924	86753	154	224	0	88055
14007	85105	385	77	202	0	85769
14008	542	487	84627	147	0	85803
14009	559	248	354	83835	0	84996
14010	85567	108	413	479	0	86567
14011	465	85507	164	515	0	86651
14012	86947	364	96	227	0	87634
14013	87759	466	97	226	0	88548
14014	822	147	87	87803	0	88859
14015	590	113	93	89201	0	89997
14016	188	93387	144	897	0	94616
14017	238	453	114	95188	0	95993
14018	191	624	97982	571	0	99368
14019	277	152	505	98505	0	99439
14020	214	148	99628	642	0	100632
14021	91025	141	651	834	0	92651
14022	671	105	680	100700	0	102156
14023	793	161	101971	666	0	103591
14024	197	100360	645	877	0	102079
14025	144	102029	743	261	0	103177
14026	100624	1159	242	209	0	102234
14027	676	805	164	100526	0	102171
14028	760	197	104562	597	0	106116
14029	179	102659	576	889	0	104303
14030	187	623	103060	214	0	104084
14031	97653	675	647	219	0	99194
14032	99481	146	685	189	0	100501
14033	100466	83	207	174	0	100930
14034	1281	103	99	100152	0	101635
14035	788	163	100442	640	0	102033
14036	214	100212	599	818	0	101843
14037	194	540	690	101787	0	103211
14038	175	737	100154	622	0	101688
14039	237	231	97282	756	0	98506
14040	169	108	1194	99303	0	100774
14041	101071	84	801	669	0	102625
14042	642	98	209	101411	0	102360
14043	761	115	150	102753	0	103779
14044	226	146	102880	1285	0	104537
14045	237	124	633	102033	0	103027
14046	204	152	713	102877	0	103946
14047	203	157	103507	1301	0	105168
14048	209	179	102464	840	0	103692
14049	183	124	1272	101492	0	103071
14050	255	169	104821	716	0	105961
14051	214	101	703	103969	0	104987
14052	103985	75	789	841	0	105690
14053	600	106214	279	1032	0	108125
14054	772	589	207	107672	0	109240
14055	265	745	106279	749	0	108038
14056	90540	177	686	1189	0	92592
14057	655	98053	839	364	0	99911
14058	99033	613	245	353	0	100244
14059	730	755	183	98580	0	100248
14060	840	185	219	98832	0	100076
14061	100073	113	214	1606	0	102006
14062	747	174	100950	987	0	102858
14063	98900	124	766	392	0	100182
14064	804	115	847	102977	0	104743
14065	100372	91	274	966	0	101703
14066	99858	113	240	1011	0	101222
14067	1635	150	221	97833	0	99839
14068	1079	102387	265	1036	0	104767
14069	105150	824	231	1101	0	107306
14070	106113	941	198	445	0	107697
14071	1921	288	105965	283	0	108457
14072	104993	169	1016	324	0	106502
14073	1210	170	1123	104470	0	106973
14074	1191	107554	342	1088	0	110175
14075	531	993	230	102972	0	104726
14076	324	107896	268	1024	0	109512
14077	106610	1033	213	1158	0	109014
14078	108860	1085	208	398	0	110551
14079	2113	256	196	115291	0	117856
14080	1338	196	114842	1408	0	117784
14081	444	245	115132	1382	0	117203
14082	388	175	2386	118054	0	121003
14083	118664	115	1532	1587	0	121898
14084	126758	143	422	1607	0	128930
14085	2835	128765	303	610	0	132513
14086	1969	1607	257	129211	0	133044
14087	625	1714	130890	1828	0	135057
14088	387	446	133991	1988	0	136812
14089	463	632	3731	138889	0	143715
14090	146041	216	2589	2524	0	151370
14091	2547	134	534	149232	0	152447
14092	2486	194	146862	2846	0	152388
14093	144708	157	2594	2689	0	150148
14094	2678	170	2483	145541	0	150872
14095	2597	208	618	148431	0	151854
14096	770	196	397	145085	0	146448
14097	433	144772	457	4989	0	150651
14098	560	2330	146367	2848	0	152105
14099	498	2380	149316	925	0	153119
14100	526	505	4751	147834	0	153616
14101	502	336	150892	2863	0	154593
14102	145780	245	2997	2854	0	151876
14103	2902	229	2667	147680	0	153478
14104	2796	260	751	148627	0	152434
14105	826	244	545	147896	0	149511
14106	529	147735	619	5304	0	154187
14107	149985	2523	561	3199	0	156268
14108	2908	2451	506	149101	0	154966
14109	149413	521	490	3249	0	153673
14110	3011	148430	520	3202	0	155163
14111	150198	2613	523	1059	0	154393
14112	146337	2491	465	878	0	150171
14113	149332	526	435	1098	0	151391
14114	5358	144408	565	978	0	151309
14115	3140	145152	472	869	0	149633
14116	137679	4704	426	819	0	143628
14117	2891	141930	489	916	0	146226
14118	2800	2845	136473	799	0	142917
14119	887	134740	2557	793	0	138977
14120	765	136590	2589	759	0	140703
14121	134154	4385	787	664	0	139990
14122	2860	2627	133080	701	0	139268
14123	2680	852	132455	666	0	136653
14124	1080	742	4452	128627	0	134901
14125	131300	522	2809	2766	0	137397
14126	2930	468	131847	2680	0	137925
14127	2744	534	2651	130787	0	136716
14128	1013	604	128998	2788	0	133403
14129	889	631	126765	2698	0	130983
14130	121496	529	4581	1122	0	127728
14131	3008	548	128293	725	0	132574
14132	2807	581	3018	123435	0	129841
14133	1142	593	2728	122720	0	127183
14134	900	123972	1018	4592	0	130482
14135	923	127431	842	2901	0	132097
14136	850	4459	805	124708	0	130822
14137	851	2729	124978	2967	0	131525
14138	870	939	2745	125729	0	130283
14139	837	694	2707	126988	0	131226
14140	849	647	127019	4912	0	133427
14141	811	578	2982	128923	0	133294
14142	128312	578	2867	3515	0	135272
14143	2978	611	128668	3144	0	135401
14144	128554	643	3090	1429	0	133716
14145	3292	569	3165	127264	0	134290
14146	3094	499	1208	129452	0	134253
14147	1249	130637	1059	5433	0	138378
14148	1017	2791	1003	133170	0	137981
14149	1078	2717	985	135232	0	140012
14150	132763	882	1164	5685	0	140494
14151	3237	641	1057	135184	0	140119
14152	3212	642	983	135645	0	140482
14153	129617	757	1058	5993	0	137425
14154	3326	794	1032	132927	0	138079
14155	3293	764	1050	124573	0	129680
14156	1155	129958	1215	5843	0	138171
14157	129852	2831	1087	3954	0	137724
14158	3292	2779	933	131383	0	138387
14159	3313	966	821	133482	0	138582
14160	1485	732	129768	6101	0	138086
14161	1171	677	2987	130369	0	135204
14162	1143	699	3005	131030	0	135877
14163	126652	743	1027	6017	0	134439
14164	127249	704	820	3966	0	132739
14165	5397	742	849	124960	0	131948
14166	3437	822	121386	3543	0	129188
14167	1237	117727	2910	3464	0	125338
14168	1132	119996	2850	1675	0	125653
14169	1720	4834	1433	116602	0	124589
14170	116949	2714	1101	3449	0	124213
14171	3022	1011	681	118998	0	123712
14172	119149	833	480	3668	0	124130
14173	3206	755	576	120539	0	125076
14174	3012	724	620	119822	0	124178
14175	116222	747	734	5231	0	122934
14176	115205	798	666	3437	0	120106
14177	4937	115566	605	1685	0	122793
14178	3127	117921	652	1383	0	123083
14179	1209	4007	659	106792	0	112667
14180	1006	2471	620	109036	0	113133
14181	1015	746	105775	4362	0	111898
14182	95631	543	2334	2937	0	101445
14183	2469	101536	2154	1443	0	107602
14184	1687	93094	591	1116	0	96488
14185	89262	2620	839	776	0	93497
14186	1958	1555	89540	705	0	93758
14187	1796	519	85779	661	0	88755
14188	817	627	78877	611	0	80932
14189	391	71244	1784	444	0	73863
14190	404	703	1283	64676	0	67066
14191	213	655	215	64780	0	65863
14192	223	190	153	65718	0	66284
14193	63385	130	147	1384	0	65046
14194	62856	107	147	934	0	64044
14195	1186	62956	180	438	0	64760
14196	770	665	136	63796	0	65367
14197	404	680	64287	798	0	66169
14198	208	64956	619	812	0	66595
14199	63036	659	603	458	0	64756
14200	701	662	63135	325	0	64823
14201	57159	184	591	424	0	58358
14202	692	218	62764	316	0	63990
14203	637	327	586	59551	0	61101
14204	249	62563	570	692	0	64074
14205	62706	576	165	754	0	64201
14206	638	64348	142	403	0	65531
14207	63340	634	151	331	0	64456
14208	729	569	143	62556	0	63997
14209	696	257	64763	736	0	66452
14210	280	185	593	67282	0	68340
14211	274	189	565	71556	0	72584
14212	257	200	71292	1467	0	73216
14213	66678	174	817	1030	0	68699
14214	906	72849	751	474	0	74980
14215	72474	809	179	383	0	73845
14216	934	74534	178	376	0	76022
14217	879	951	134	78030	0	79994
14218	308	865	77096	1222	0	79491
14219	89571	262	1040	1122	0	91995
14220	1528	94709	929	460	0	97626
14221	1422	1564	210	93645	0	96841
14222	417	1366	193	97546	0	99522
14223	102219	335	154	2830	0	105538
14224	105620	225	187	1672	0	107704
14225	3198	108316	199	583	0	112296
14226	113153	1903	205	420	0	115681
14227	112443	1757	170	411	0	114781
14228	114737	454	168	470	0	115829
14229	4166	497	112476	399	0	117538
14230	2422	110581	1976	475	0	115454
14231	640	115652	1951	506	0	118749
14232	673	3761	421	108370	0	113225
14233	633	2245	262	113318	0	116458
14234	112862	591	223	3785	0	117461
14235	2249	112476	258	2377	0	117360
14236	114485	2220	200	638	0	117543
14237	2612	2227	200	111586	0	116625
14238	2296	625	258	113758	0	116937
14239	111627	413	244	4104	0	116388
14240	110678	411	243	2449	0	113781
14241	4129	446	108051	727	0	113353
14242	2623	663	1974	106703	0	111963
14243	840	382	106825	2195	0	110242
14244	625	448	105384	2199	0	108656
14245	722	443	107082	666	0	108913
14246	101362	477	4051	535	0	106425
14247	2273	320	2176	100976	0	105745
14248	2192	332	513	100856	0	103893
14249	858	294	373	104544	0	106069
14250	613	351	101892	3898	0	106754
14251	724	300	2018	102575	0	105617
14252	779	363	1922	103450	0	106514
14253	102464	323	553	3719	0	107059
14254	103616	352	397	2332	0	106697
14255	106297	344	301	892	0	107834
14256	106047	365	425	799	0	107636
14257	4478	437	396	101972	0	107283
14258	103981	470	357	2526	0	107334
14259	2936	519	327	103567	0	107349
14260	2845	509	98049	2682	0	104085
14261	98707	495	1842	2497	0	103541
14262	2961	99787	1891	1021	0	105660
14263	2842	2188	588	98796	0	104414
14264	1469	2278	462	97545	0	101754
14265	1128	100145	426	4077	0	105776
14266	99372	2288	454	2648	0	104762
14267	2965	99553	437	1276	0	104231
14268	2849	2376	98383	888	0	104496
14269	1318	2157	98812	979	0	103266
14270	96245	737	3957	997	0	101936
14271	99493	701	2422	985	0	103601
14272	4320	587	97066	985	0	102958
14273	97321	541	2310	1075	0	101247
14274	3179	537	97827	1026	0	102569
14275	97246	524	2551	1079	0	101400
14276	3159	608	97768	1249	0	102784
14277	3025	456	98423	1293	0	103197
14278	1534	585	4166	88719	0	95004
14279	1603	435	2634	95639	0	100311
14280	97135	447	1056	4362	0	103000
14281	97464	420	825	2950	0	101659
14282	99695	398	939	1346	0	102378
14283	99736	510	819	1259	0	102324
14284	5017	95368	991	1323	0	102699
14285	3427	2066	896	92641	0	99030
14286	1781	97253	967	2852	0	102853
14287	1764	2305	885	98276	0	103230
14288	1693	2242	783	97450	0	102168
14289	1863	828	737	98211	0	101639
14290	1627	800	93282	4968	0	100677
14291	88449	588	2369	3530	0	94936
14292	3268	89697	2267	1893	0	97125
14293	3180	93561	920	1661	0	99322
14294	2019	3796	93323	1472	0	100610
14295	1798	2344	2494	92820	0	99456
14296	1734	767	2674	94207	0	99382
14297	93168	572	1233	4642	0	99615
14298	3339	566	1090	93087	0	98082
14299	3326	618	1179	93743	0	98866
14300	1810	529	1166	95469	0	98974
14301	1658	551	1247	96523	0	99979
14302	92479	465	1205	4984	0	99133
14303	93826	476	1401	3151	0	98854
14304	95633	387	1222	1774	0	99016
14305	5079	425	1076	94741	0	101321
14306	96024	444	1053	3421	0	100942
14307	3591	381	995	97569	0	102536
14308	3630	505	1101	98682	0	103918
14309	2208	364	93724	4897	0	101193
14310	1906	332	90235	3286	0	95759
14311	1862	363	89290	1421	0	92936
14312	85867	395	4400	1363	0	92025
14313	3215	554	2931	79500	0	86200
14314	3198	84493	1060	2747	0	91498
14315	86249	1797	1042	2763	0	91851
14316	3202	1852	83540	1476	0	90070
14317	78190	552	2152	1201	0	82095
14318	2712	74986	2234	1036	0	80968
14319	60818	963	573	613	0	62967
14320	1691	1201	413	60035	0	63340
14321	60115	286	301	1345	0	62047
14322	1489	57411	375	1510	0	60785
14323	1511	56413	361	607	0	58892
14324	50664	1418	449	369	0	52900
14325	939	52727	313	340	0	54319
14326	769	48322	188	220	0	49499
14327	411	49256	365	258	0	50290
14328	47359	1141	827	226	0	49553
14329	46090	600	143	172	0	47005
14330	46611	207	89	172	0	47079
14331	1086	159	68	45617	0	46930
14332	713	138	71	46251	0	47173
14333	306	135	45717	946	0	47104
14334	238	116	464	45772	0	46590
14335	241	125	47186	622	0	48174
14336	236	123	501	46929	0	47789
14337	218	101	519	47683	0	48521
14338	47225	81	170	1067	0	48543
14339	46772	94	125	739	0	47730
14340	970	46988	134	340	0	48432
14341	697	491	129	47102	0	48419
14342	302	584	48482	567	0	49935
14343	241	201	478	48721	0	49641
14344	244	167	527	49302	0	50240
14345	223	147	156	50093	0	50619
14346	221	155	49172	1063	0	50611
14347	259	111	46274	702	0	47346
14348	47294	106	901	333	0	48634
14349	576	104	586	49452	0	50718
14350	589	113	48823	655	0	50180
14351	45829	73	513	740	0	47155
14352	553	49079	591	333	0	50556
14353	49770	440	205	297	0	50712
14354	643	546	50854	234	0	52277
14355	49734	148	483	302	0	50667
14356	606	132	513	51302	0	52553
14357	652	173	52977	538	0	54340
14358	271	52643	481	673	0	54068
14359	53464	465	558	295	0	54782
14360	559	529	243	53262	0	54593
14361	590	192	179	53339	0	54300
14362	260	54720	176	862	0	56018
14363	221	431	142	55308	0	56102
14364	241	513	54784	605	0	56143
14365	209	54518	492	623	0	55842
14366	54606	445	508	309	0	55868
14367	550	503	187	54482	0	55722
14368	582	211	126	54249	0	55168
14369	297	183	53832	858	0	55170
14370	271	201	413	53801	0	54686
14371	283	228	56638	564	0	57713
14372	223	56687	494	603	0	58007
14373	56361	421	588	317	0	57687
14374	56213	487	202	262	0	57164
14375	56411	183	127	269	0	56990
14376	850	58899	188	231	0	60168
14377	614	489	147	58678	0	59928
14378	285	468	160	58883	0	59796
14379	211	188	141	56489	0	57029
14380	58189	149	115	967	0	59420
14381	57863	150	124	675	0	58812
14382	899	121	102	57998	0	59120
14383	683	180	62838	556	0	64257
14384	317	146	396	62752	0	63611
14385	257	117	481	63821	0	64676
14386	218	120	191	63789	0	64318
14387	210	91	157	64423	0	64881
14388	64444	124	165	1118	0	65851
14389	544	108	120	66187	0	66959
14390	596	132	131	65697	0	66556
14391	251	65773	140	1116	0	67280
14392	217	465	110	67924	0	68716
14393	183	69548	145	775	0	70651
14394	203	593	119	70064	0	70979
14395	69130	606	120	836	0	70692
14396	622	69824	136	843	0	71425
14397	68702	562	103	437	0	69804
14398	779	682	69842	317	0	71620
14399	782	181	562	69033	0	70558
14400	313	181	72158	771	0	73423
14401	233	130	649	71780	0	72792
14402	201	187	689	71166	0	72243
14403	185	71602	255	1290	0	73332
14404	201	72502	144	849	0	73696
14405	145	72408	140	348	0	73041
14406	70539	839	104	339	0	71821
14407	408	69243	116	248	0	70015
14408	455	68688	122	224	0	69489
14409	608	743	146	68972	0	70469
14410	69114	395	57	528	0	70094
14411	371	72915	85	516	0	73887
14412	74585	402	66	303	0	75356
14413	74059	401	61	243	0	74764
14414	759	161	77076	173	0	78169
14415	450	146	379	74821	0	75796
14416	170	112	358	78997	0	79637
14417	134	114	80	79571	0	79899
14418	116	112	67	78946	0	79241
14419	133	182	76065	775	0	77155
14420	145	166	67729	437	0	68477
14421	68679	102	673	257	0	69711
14422	371	74732	361	187	0	75651
14423	383	75176	93	129	0	75781
14424	75169	654	64	187	0	76074
14425	371	73823	66	168	0	74428
14426	372	414	53	73322	0	74161
14427	73383	390	77	530	0	74380
14428	475	162	73008	460	0	74105
14429	412	79	386	73402	0	74279
14430	141	159	74626	458	0	75384
14431	70939	96	427	541	0	72003
14432	525	170	81969	147	0	82811
14433	82485	114	476	301	0	83376
14434	86833	88	428	349	0	87698
14435	87153	114	108	207	0	87582
14436	87421	84	75	234	0	87814
14437	87641	87	85	226	0	88039
14438	877	103	88	86974	0	88042
14439	90272	82	91	727	0	91172
14440	526	99	100	90524	0	91249
14441	507	86	85	90586	0	91264
14442	193	116	94	91577	0	91980
14443	197	197	91391	877	0	92662
14444	202	118	434	89541	0	90295
14445	185	146	417	93028	0	93776
14446	201	184	91032	899	0	92316
14447	81785	120	480	713	0	83098
14448	549	118	415	92804	0	93886
14449	574	158	93283	543	0	94558
14450	236	158	91188	532	0	92114
14451	175	104	888	90673	0	91840
14452	239	181	93160	702	0	94282
14453	172	149	553	93353	0	94227
14454	216	84	453	92791	0	93544
14455	145	92819	156	945	0	94065
14456	146	94048	162	586	0	94942
14457	94172	807	95	370	0	95444
14458	539	459	97	94943	0	96038
14459	540	136	134	93868	0	94678
14460	202	124	102	96535	0	96963
14461	181	189	96467	1009	0	97846
14462	175	108	523	94719	0	95525
14463	94428	113	508	745	0	95794
14464	594	218	97821	639	0	99272
14465	588	100	544	100270	0	101502
14466	203	121	506	102346	0	103176
14467	212	93	128	103221	0	103654
14468	151	109800	193	1147	0	111291
14469	110332	820	137	793	0	112082
14470	115055	702	135	356	0	116248
14471	1695	117386	189	313	0	119583
14472	986	990	127	122336	0	124439
14473	306	884	123112	1218	0	125520
14474	317	223	122078	1105	0	123723
14475	124091	132	2276	352	0	126851
14476	1515	111	1188	128222	0	131036
14477	133005	96	303	1591	0	134995
14478	1671	136104	206	1460	0	139441
14479	1448	138623	202	461	0	140734
14480	136404	2919	142	368	0	139833
14481	1659	142332	228	367	0	144586
14482	1582	1774	145	142541	0	146042
14483	490	1585	167	133768	0	136010
14484	261	146821	241	2917	0	150240
14485	148049	1783	156	1797	0	151785
14486	1927	1770	149585	463	0	153745
14487	143427	328	1854	521	0	146130
14488	2139	315	152358	255	0	155067
14489	138899	231	2033	538	0	141701
14490	2254	274	153869	301	0	156698
14491	1901	150494	2099	392	0	154886
14492	698	1939	1992	150137	0	154766
14493	148721	1653	491	2142	0	153007
14494	1969	394	148289	1727	0	152379
14495	1889	258	148350	369	0	150866
14496	535	292	3417	143685	0	147929
14497	449	253	148974	1880	0	151556
14498	367	201	2061	145636	0	148265
14499	365	208	1803	145230	0	147606
14500	347	274	145432	3495	0	149548
14501	355	193	1911	144848	0	147307
14502	146165	162	1802	2279	0	150408
14503	1812	145254	554	2013	0	149633
14504	147273	1775	340	619	0	150007
14505	2106	1684	349	144206	0	148345
14506	146180	337	301	2078	0	148896
14507	147354	247	323	2023	0	149947
14508	3635	290	323	141994	0	146242
14509	2036	146998	353	1938	0	151325
14510	148677	1789	347	1911	0	152724
14511	2145	1804	143563	622	0	148134
14512	2049	481	142532	465	0	145527
14513	140032	337	3445	476	0	144290
14514	2117	268	2029	139852	0	144266
14515	2081	343	140889	2025	0	145338
14516	666	307	2066	141437	0	144476
14517	141303	294	1931	2262	0	145790
14518	143234	318	562	2185	0	146299
14519	143041	291	462	733	0	144527
14520	3732	144825	503	613	0	149673
14521	2279	1950	367	145641	0	150237
14522	835	1860	367	146812	0	149874
14523	145699	510	337	3632	0	150178
14524	2168	145947	426	2239	0	150780
14525	146963	1918	362	865	0	150108
14526	2382	1900	428	144650	0	149360
14527	145332	535	416	2117	0	148400
14528	2489	526	141413	1987	0	146415
14529	2209	141956	2017	782	0	146964
14530	1092	2066	1956	133582	0	138696
14531	729	145327	695	1781	0	148532
14532	797	2116	503	138154	0	141570
14533	135829	1848	525	2222	0	140424
14534	2238	694	131885	2044	0	136861
14535	129374	439	2048	879	0	132740
14536	2288	134406	2035	766	0	139495
14537	2236	1980	716	136168	0	141100
14538	959	1811	603	138490	0	141863
14539	133887	589	607	3764	0	138847
14540	2378	500	134088	2301	0	139267
14541	2219	437	2083	134830	0	139569
14542	1054	428	1993	134831	0	138306
14543	940	386	757	135302	0	137385
14544	875	501	577	136151	0	138104
14545	132104	380	556	3993	0	137033
14546	132205	454	513	2477	0	135649
14547	3897	467	131199	1004	0	136567
14548	2459	544	127358	886	0	131247
14549	131056	410	3524	980	0	135970
14550	135826	362	2144	919	0	139251
14551	3867	357	778	134119	0	139121
14552	2532	333	690	135162	0	138717
14553	132499	317	708	3811	0	137335
14554	2346	132461	745	2545	0	138097
14555	2469	1767	643	133229	0	138108
14556	1044	1796	569	135326	0	138735
14557	1038	539	132207	3844	0	137628
14558	932	351	2076	132411	0	135770
14559	1058	438	133850	2648	0	137994
14560	985	358	2206	133147	0	136696
14561	130738	351	2024	2711	0	135824
14562	2474	451	640	132346	0	135911
14563	2488	440	130038	2623	0	135589
14564	945	124572	2115	2663	0	130295
14565	1109	1978	2016	127864	0	132967
14566	977	1778	128056	2385	0	133196
14567	854	128160	2103	2458	0	133575
14568	980	1973	1764	122905	0	127622
14569	814	1740	122300	2091	0	126945
14570	97371	457	1713	2147	0	101688
14571	1716	115638	1623	990	0	119967
14572	1595	111182	516	728	0	114021
14573	629	113922	438	720	0	115709
14574	1128	3179	541	107027	0	111875
14575	600	1504	112297	1512	0	115913
14576	482	111235	1389	1598	0	114704
14577	978	3279	1540	107341	0	113138
14578	115708	1186	463	1502	0	118859
14579	1637	399	228	150081	0	152345
14580	1985	419	167753	2950	0	173107
14581	548	168867	2864	2497	0	174776
14582	162643	2951	2425	854	0	168873
14583	2828	167876	671	718	0	172093
14584	2658	3275	157924	469	0	164326
14585	569	160034	2958	599	0	164160
14586	779	3852	2615	152998	0	160244
14587	470	2699	153702	2681	0	159552
14588	370	152517	3021	2487	0	158395
14589	636	3179	2396	148112	0	154323
14590	366	2734	855	147293	0	151248
14591	213	149902	752	4717	0	155584
14592	377	3208	540	152262	0	156387
14593	274	2754	150177	3471	0	156676
14594	283	966	152465	2732	0	156446
14595	249	939	4850	150551	0	156589
14596	150191	597	2730	3562	0	157080
14597	151576	591	918	3008	0	156093
14598	4761	732	652	147019	0	153164
14599	2567	149525	777	3587	0	156456
14600	915	2970	805	151294	0	155984
14601	148499	2565	807	3630	0	155501
14602	3137	848	564	150096	0	154645
14603	2880	747	482	150709	0	154818
14604	147372	648	510	5499	0	154029
14605	3107	146406	650	3528	0	153691
14606	2738	3242	451	145794	0	152225
14607	146150	2592	384	3731	0	152857
14608	3380	949	143793	3115	0	151237
14609	143613	776	2800	1617	0	148806
14610	3522	623	2382	144796	0	151323
14611	146579	704	726	3708	0	151717
14612	146463	743	553	3266	0	151025
14613	140418	611	579	1701	0	143309
14614	5605	142362	751	1322	0	150040
14615	3394	3033	141635	999	0	149061
14616	1574	144366	3096	1112	0	150148
14617	140988	3362	2590	1068	0	148008
14618	3767	143194	891	1210	0	149062
14619	3540	3477	605	141360	0	148982
14620	138206	3002	647	3412	0	145267
14621	3579	139082	602	2991	0	146254
14622	3204	3697	138466	1251	0	146618
14623	1535	3189	3082	138003	0	145809
14624	1312	1437	140080	3631	0	146460
14625	986	138764	3408	4013	0	147171
14626	1044	3757	2779	136774	0	144354
14627	1221	3132	1046	139510	0	144909
14628	988	1481	924	141720	0	145113
14629	991	1044	1040	136431	0	139506
14630	914	136700	983	6171	0	144768
14631	135107	3510	883	3884	0	143384
14632	3475	3139	135512	2030	0	144156
14633	3030	1348	3448	135977	0	143803
14634	134911	1227	2871	4358	0	143367
14635	3955	1289	135673	3754	0	144671
14636	3147	133592	3584	1949	0	142272
14637	1482	4020	3127	130603	0	139232
14638	1441	3421	133042	3946	0	141850
14639	1117	133743	3846	3737	0	142443
14640	128090	3874	3263	1985	0	137212
14641	3691	133875	1365	1711	0	140642
14642	3090	4251	1319	130101	0	138761
14643	1352	3654	1057	134564	0	140627
14644	130022	1873	1050	6414	0	139359
14645	3452	130573	1432	4341	0	139798
14646	3251	4070	1364	131665	0	140350
14647	128881	3474	1358	4434	0	138147
14648	128066	1856	1003	4078	0	135003
14649	5993	127171	850	2529	0	136543
14650	129162	3917	797	2059	0	135935
14651	129323	3653	674	1881	0	135531
14652	6348	1950	748	126062	0	135108
14653	4016	1580	124597	4589	0	134782
14654	2520	1348	3312	124382	0	131562
14655	2192	1187	2778	125695	0	131852
14656	1857	1255	121755	6686	0	131553
14657	1932	120610	3518	4213	0	130273
14658	1817	3974	2889	120572	0	129252
14659	1447	3158	1338	123929	0	129872
14660	1583	1336	1345	125613	0	129877
14661	1556	1145	1241	121202	0	125144
14662	1521	120067	1060	6973	0	129621
14663	120898	3523	940	4598	0	129959
14664	121859	3097	672	2760	0	128388
14665	121016	1322	562	2449	0	125349
14666	6311	114600	665	2407	0	123983
14667	3872	3892	634	114237	0	122635
14668	1952	3297	113999	4360	0	123608
14669	1987	2192	3034	110190	0	117403
14670	2152	114700	2620	4141	0	123613
14671	111848	3569	914	3369	0	119700
14672	112188	3045	713	2090	0	118036
14673	111049	1515	773	1748	0	115085
14674	5798	108871	1045	1518	0	117232
14675	3243	102853	1299	1523	0	108918
14676	1635	105674	1021	1686	0	110016
14677	1894	4824	100528	1367	0	108613
14678	1983	4268	88936	1552	0	96739
14679	2815	9691	3060	43624	0	59190
14680	35104	216	1620	712	0	37652
14681	34913	129	112	544	0	35698
14682	901	129	98	35668	0	36796
14683	510	140	74	35557	0	36281
14684	190	132	88	36304	0	36714
14685	162	140	76	36478	0	36856
14686	36071	138	77	996	0	37282
14687	36588	141	64	564	0	37357
14688	971	37348	94	248	0	38661
14689	38006	602	85	271	0	38964
14690	38282	482	99	228	0	39091
14691	38750	161	112	213	0	39236
14692	1097	209	33314	218	0	34838
14693	37043	132	423	211	0	37809
14694	695	38061	400	191	0	39347
14695	556	624	105	39195	0	40480
14696	223	514	97	39056	0	39890
14697	185	38923	113	1160	0	40381
14698	182	666	110	40406	0	41364
14699	39697	571	107	822	0	41197
14700	773	161	103	40746	0	41783
14701	675	182	39932	808	0	41597
14702	38373	126	599	725	0	39823
14703	744	40871	520	297	0	42432
14704	647	675	96	41288	0	42706
14705	260	572	78	41790	0	42700
14706	285	167	69	42273	0	42794
14707	275	215	40936	1237	0	42663
14708	264	40268	605	760	0	41897
14709	303	665	466	40388	0	41822
14710	306	557	39642	716	0	41221
14711	252	172	594	39276	0	40294
14712	254	152	39270	778	0	40454
14713	271	278	639	37596	0	38784
14714	193	38247	517	731	0	39688
14715	207	637	144	37981	0	38969
14716	37745	510	87	800	0	39142
14717	37837	148	106	668	0	38759
14718	1079	142	37587	290	0	39098
14719	563	138	36312	210	0	37223
14720	207	141	39762	220	0	40330
14721	170	126	989	39146	0	40431
14722	168	89	543	41011	0	41811
14723	177	117	128	41188	0	41610
14724	163	41626	109	1252	0	43150
14725	181	682	98	41791	0	42752
14726	199	571	105	42768	0	43643
14727	184	193	103	43895	0	44375
14728	42967	124	119	1341	0	44551
14729	43381	121	142	807	0	44451
14730	1228	128	43487	302	0	45145
14731	728	133	43128	261	0	44250
14732	42756	117	1167	309	0	44349
14733	44602	121	672	282	0	45677
14734	1288	122	45609	250	0	47269
14735	747	117	44716	235	0	45815
14736	44092	114	1181	254	0	45641
14737	45129	99	726	271	0	46225
14738	1308	117	45525	249	0	47199
14739	800	85	740	44919	0	46544
14740	254	103	719	45143	0	46219
14741	188	47271	257	1322	0	49038
14742	244	694	177	48630	0	49745
14743	236	702	50371	996	0	52305
14744	217	169	849	50946	0	52181
14745	226	112	790	51242	0	52370
14746	236	126	50126	1603	0	52091
14747	48362	120	855	1041	0	50378
14748	51016	76	838	431	0	52361
14749	1576	87	271	50061	0	51995
14750	959	90	212	51123	0	52384
14751	50652	116	247	1636	0	52651
14752	50796	98	232	1063	0	52189
14753	49522	105	224	419	0	50270
14754	51265	106	226	372	0	51969
14755	1562	49671	237	364	0	51834
14756	49088	741	213	361	0	50403
14757	952	49730	232	351	0	51265
14758	890	827	215	49263	0	51195
14759	358	699	230	48878	0	50165
14760	295	48547	228	1561	0	50631
14761	290	785	182	49609	0	50866
14762	297	715	229	48446	0	49687
14763	253	48180	254	1610	0	50297
14764	302	777	221	48899	0	50199
14765	306	746	231	48949	0	50232
14766	348	199	219	49341	0	50107
14767	311	148	47473	1701	0	49633
14768	277	45833	879	1077	0	48066
14769	391	1011	786	41900	0	44088
14770	323	45615	315	891	0	47144
14771	44466	756	257	913	0	46392
14772	897	680	44165	449	0	46191
14773	890	225	43184	372	0	44671
14774	40914	176	1207	381	0	42678
14775	916	302	790	41679	0	43687
14776	758	151	40875	781	0	42565
14777	369	136	40306	750	0	41561
14778	383	409	1118	38890	0	40800
14779	38548	133	749	801	0	40231
14780	38691	139	212	744	0	39786
14781	1187	135	142	37959	0	39423
14782	724	177	37156	805	0	38862
14783	294	38350	651	838	0	40133
14784	283	625	599	38142	0	39649
14785	300	602	38183	767	0	39852
14786	264	37982	611	790	0	39647
14787	306	649	616	37284	0	38855
14788	37204	503	259	763	0	38729
14789	652	208	175	36082	0	37117
14790	621	37006	197	753	0	38577
14791	36965	518	208	752	0	38443
14792	623	567	38380	396	0	39966
14793	638	37726	552	389	0	39305
14794	335	529	37821	327	0	39012
14795	35810	496	661	334	0	37301
14796	633	177	543	35580	0	36933
14797	610	116	235	37040	0	38001
14798	36886	98	229	938	0	38151
14799	594	149	229	37203	0	38175
14800	577	117	36240	679	0	37613
14801	33940	121	538	648	0	35247
14802	563	36288	532	383	0	37766
14803	612	440	211	35379	0	36642
14804	35292	445	165	620	0	36522
14805	572	35105	182	657	0	36516
14806	593	486	186	35946	0	37211
14807	36014	505	181	650	0	37350
14808	543	218	166	36000	0	36927
14809	526	36131	184	662	0	37503
14810	278	549	36930	662	0	38419
14811	229	495	478	37931	0	39133
14812	275	213	479	37497	0	38464
14813	38289	150	165	1019	0	39623
14814	586	165	136	38757	0	39644
14815	38765	174	141	665	0	39745
14816	38567	165	167	666	0	39565
14817	938	153	152	37455	0	38698
14818	588	38256	152	645	0	39641
14819	340	480	132	37770	0	38722
14820	35135	480	111	634	0	36360
14821	529	35887	122	634	0	37172
14822	471	36900	103	278	0	37752
14823	37281	696	103	258	0	38338
14824	37197	445	130	219	0	37991
14825	754	37502	124	257	0	38637
14826	37759	424	242	209	0	38634
14827	37412	452	140	179	0	38183
14828	824	146	88	37493	0	38551
14829	517	103	39008	493	0	40121
14830	224	198	445	39042	0	39909
14831	163	126	40549	581	0	41419
14832	216	185	480	39927	0	40808
14833	150	111	40516	555	0	41332
14834	38011	67	472	545	0	39095
14835	485	63	496	38920	0	39964
14836	40140	47	99	503	0	40789
14837	526	208	85	38782	0	39601
14838	537	39916	70	499	0	41022
14839	40678	410	87	583	0	41758
14840	499	479	39125	137	0	40240
14841	36996	124	340	127	0	37587
14842	408	38323	388	78	0	39197
14843	36724	302	54	63	0	37143
14844	36568	354	33	57	0	37012
14845	679	36953	41	60	0	37733
14846	430	331	26	38196	0	38983
14847	38060	378	25	401	0	38864
14848	389	38330	43	433	0	39195
14849	464	364	25	38665	0	39518
14850	38869	413	36	437	0	39755
14851	435	72	26	39172	0	39705
14852	481	61	36	39441	0	40019
14853	127	66	22	40105	0	40320
14854	116	68	38866	857	0	39907
14855	118	50	367	39145	0	39680
14856	39334	61	419	490	0	40304
14857	475	78	39662	496	0	40711
14858	497	37	390	39845	0	40769
14859	131	49	448	40748	0	41376
14860	105	98	39985	858	0	41046
14861	38039	54	399	558	0	39050
14862	41146	47	456	145	0	41794
14863	889	92	41123	129	0	42233
14864	557	50	415	40261	0	41283
14865	155	49	458	42054	0	42716
14866	138	52	44078	892	0	45160
14867	135	57	433	44497	0	45122
14868	142	68	510	44781	0	45501
14869	145	51	45621	994	0	46811
14870	43321	44	479	634	0	44478
14871	541	54	533	46220	0	47348
14872	46401	52	98	603	0	47154
14873	46292	60	84	648	0	47084
14874	1032	85	46546	188	0	47851
14875	654	46	493	45801	0	46994
14876	46389	51	552	615	0	47607
14877	560	47406	129	745	0	48840
14878	650	505	95	49239	0	50489
14879	187	536	89	50072	0	50884
14880	182	75	88	51292	0	51637
14881	154	69	50133	1212	0	51568
14882	44631	60	621	811	0	46123
14883	612	56	630	49031	0	50329
14884	712	45	130	49288	0	50175
14885	197	76	48853	1198	0	50324
14886	203	56	575	48669	0	49503
14887	176	65	632	49353	0	50226
14888	48094	42	160	1241	0	49537
14889	621	48089	125	838	0	49673
14890	682	544	47733	306	0	49265
14891	47091	578	609	230	0	48508
14892	668	80	621	46800	0	48169
14893	676	67	47612	741	0	49096
14894	231	74	48052	738	0	49095
14895	211	121	1101	48083	0	49516
14896	195	80	50055	717	0	51047
14897	181	79	50747	757	0	51764
14898	155	48611	1121	386	0	50273
14899	176	546	703	52350	0	53775
14900	222	574	53170	681	0	54647
14901	204	103	619	51992	0	52918
14902	55776	73	643	896	0	57388
14903	663	77	191	56575	0	57506
14904	690	52	164	57545	0	58451
14905	55594	58	142	1330	0	57124
14906	57159	52	170	901	0	58282
14907	1210	60	178	59364	0	60812
14908	720	93	60728	818	0	62359
14909	191	59994	687	882	0	61754
14910	201	574	715	59915	0	61405
14911	59258	600	193	871	0	60922
14912	59678	101	163	849	0	60791
14913	1268	59275	190	341	0	61074
14914	766	60906	186	292	0	62150
14915	60925	1165	189	299	0	62578
14916	61075	665	168	287	0	62195
14917	1351	157	63345	297	0	65150
14918	824	152	728	60618	0	62322
14919	213	64632	753	765	0	66363
14920	66204	619	223	894	0	67940
14921	784	766	208	65056	0	66814
14922	803	65108	209	834	0	66954
14923	270	673	65994	815	0	67752
14924	257	897	688	61782	0	63624
14925	192	68614	734	880	0	70420
14926	68806	611	228	801	0	70446
14927	68802	640	169	330	0	69941
14928	1180	68851	138	275	0	70444
14929	67313	599	125	263	0	68300
14930	66303	553	132	226	0	67214
14931	1078	65849	148	265	0	67340
14932	630	66817	125	269	0	67841
14933	300	1129	162	65575	0	67166
14934	65183	578	135	713	0	66609
14935	665	178	68403	637	0	69883
14936	63713	128	538	268	0	64647
14937	601	69377	571	254	0	70803
14938	69845	553	185	266	0	70849
14939	69888	516	122	251	0	70777
14940	70469	144	126	230	0	70969
14941	1084	148	125	68234	0	69591
14942	635	69366	139	584	0	70724
14943	69271	525	103	648	0	70547
14944	648	549	70431	219	0	71847
14945	585	70585	575	197	0	71942
14946	283	523	473	72337	0	73616
14947	211	494	71241	541	0	72487
14948	203	183	72438	505	0	73329
14949	202	160	903	70092	0	71357
14950	221	119	538	75011	0	75889
14951	228	122	133	76204	0	76687
14952	204	140	130	74885	0	75359
14953	176	73197	148	984	0	74505
14954	160	75418	160	592	0	76330
14955	75809	872	99	288	0	77068
14956	579	521	116	75795	0	77011
14957	600	153	115	75980	0	76848
14958	230	144	107	77156	0	77637
14959	75583	126	107	1060	0	76876
14960	76578	112	107	645	0	77442
14961	1022	150	93	76536	0	77801
14962	77957	127	97	632	0	78813
14963	77835	120	97	612	0	78664
14964	79244	124	99	278	0	79745
14965	1041	135	79	77553	0	78808
14966	588	144	74640	505	0	75877
14967	282	164	72401	502	0	73349
14968	237	139	76241	194	0	76811
14969	248	157	78410	125	0	78940
14970	240	204	791	77370	0	78605
14971	78639	104	471	497	0	79711
14972	77850	99	131	505	0	78585
14973	812	120	78648	174	0	79754
14974	541	141	78869	165	0	79716
14975	181	84225	717	174	0	85297
14976	207	426	474	85358	0	86465
14977	85595	397	170	532	0	86694
14978	443	147	85911	424	0	86925
14979	82561	84	374	272	0	83291
14980	441	89805	389	192	0	90827
14981	457	412	116	92190	0	93175
14982	181	373	80	94937	0	95571
14983	167	128	74	95142	0	95511
14984	95668	93	65	1053	0	96879
14985	597	84	59	97017	0	97757
14986	588	75	83	97500	0	98246
14987	97357	79	84	1033	0	98553
14988	583	90	90	97405	0	98168
14989	589	136	98495	617	0	99837
14990	95492	95	511	673	0	96771
14991	592	82	482	100032	0	101188
14992	640	72	134	98718	0	99564
14993	207	99324	138	975	0	100644
14994	100847	490	88	667	0	102092
14995	101729	510	82	297	0	102618
14996	1116	140	74	100339	0	101669
14997	700	138	100088	604	0	101530
14998	91820	75	581	750	0	93226
14999	710	122	100683	205	0	101720
15000	661	84	657	98268	0	99670
15001	248	76	613	101521	0	102458
15002	100125	76	170	1304	0	101675
15003	810	72	123	104728	0	105733
15004	737	110	105053	853	0	106753
15005	100582	60	712	835	0	102189
15006	863	107	109948	306	0	111224
15007	736	135	108637	197	0	109705
15008	108948	68	1515	324	0	110855
15009	1015	145	898	114703	0	116761
15010	832	120902	266	872	0	122872
15011	121710	759	151	889	0	123509
15012	121178	741	124	361	0	122404
15013	1594	191	120939	266	0	122990
15014	119259	82	839	249	0	120429
15015	1053	157	788	120790	0	122788
15016	929	118	123618	881	0	125546
15017	277	121403	898	1031	0	123609
15018	120435	796	827	357	0	122415
15019	845	122925	221	277	0	124268
15020	857	953	258	121436	0	123504
15021	329	790	116	122754	0	123989
15022	257	154	129	123321	0	123861
15023	246	138	142	120555	0	121081
15024	214	120631	129	1628	0	122602
15025	239	740	116422	999	0	118400
15026	165	118098	867	402	0	119532
15027	117547	848	740	334	0	119469
15028	871	782	200	117691	0	119544
15029	118661	201	159	904	0	119925
15030	981	152	115	119105	0	120353
15031	122382	99	144	1136	0	123761
15032	956	124238	179	983	0	126356
15033	128148	796	175	485	0	129604
15034	128889	783	147	364	0	130183
15035	126730	200	176	328	0	127434
15036	128257	164	133	328	0	128882
15037	1674	127217	164	322	0	129377
15038	1057	874	128624	248	0	130803
15039	420	801	837	129144	0	131202
15040	130054	187	839	1050	0	132130
15041	133498	153	229	972	0	134852
15042	1771	155	164	136045	0	138135
15043	1155	167	139750	1175	0	142247
15044	497	152	1067	136099	0	137815
15045	369	139653	1072	1309	0	142403
15046	140075	1125	272	1226	0	142698
15047	1340	1166	222	139640	0	142368
15048	1239	139033	239	1284	0	141795
15049	417	146062	201	1303	0	147983
15050	346	148552	220	488	0	149606
15051	409	2338	151	148950	0	151848
15052	149078	1281	176	1552	0	152087
15053	1462	151823	243	1457	0	154985
15054	1392	1427	159	153959	0	156937
15055	153423	1284	127	1575	0	156409
15056	1625	322	153	154842	0	156942
15057	154316	245	171	1723	0	156455
15058	154402	257	158	1527	0	156344
15059	2663	159537	202	527	0	162929
15060	1825	1494	189	150969	0	154477
15061	532	161925	191	1305	0	163953
15062	159761	1560	174	1293	0	162788
15063	160116	1449	172	532	0	162269
15064	163337	378	174	547	0	164436
15065	3002	290	209	161380	0	164881
15066	1755	343	160648	1625	0	164371
15067	154631	272	1451	1618	0	157972
15068	161095	348	1291	591	0	163325
15069	2879	370	312	156568	0	160129
15070	1765	162002	225	1602	0	165594
15071	817	1631	157	163628	0	166233
15072	658	1499	177	165376	0	167710
15073	163860	524	209	2844	0	167437
15074	162815	418	158	1794	0	165185
15075	2936	451	157177	707	0	161271
15076	1880	381	1448	156005	0	159714
15077	158779	369	1296	1767	0	162211
15078	2035	387	280	161311	0	164013
15079	1781	466	161248	2059	0	165554
15080	734	154628	1547	1923	0	158832
15081	653	160983	1382	782	0	163800
15082	175658	2784	380	710	0	179532
15083	2445	1687	223	183665	0	188020
15084	2238	578	192	200122	0	203130
15085	196642	448	239	4673	0	202002
15086	3156	486	198423	2834	0	204899
15087	2893	368	2560	197134	0	202955
15088	1170	473	201441	3096	0	206180
15089	810	200231	2939	2733	0	206713
15090	205387	2863	2503	1046	0	211799
15091	209028	2478	593	821	0	212920
15092	212101	698	380	710	0	213889
15093	5623	660	204612	808	0	211703
15094	205774	481	2639	823	0	209717
15095	210361	421	2484	735	0	214001
15096	5550	566	680	207236	0	214032
15097	176199	525	1414	3332	0	181470
15098	2902	565	204659	2700	0	210826
15099	197750	509	2631	1039	0	201929
15100	3790	505	206135	777	0	211207
15101	3230	208383	2819	971	0	215403
15102	1519	3971	2737	187557	0	195784
15103	1183	207692	855	2611	0	212341
15104	1501	2967	203097	2178	0	209743
15105	1070	207189	2645	1035	0	211939
15106	194391	2787	2292	837	0	200307
15107	2740	196046	852	711	0	200349
15108	2681	191837	659	714	0	195891
15109	1375	4238	186403	591	0	192607
15110	1058	2599	2589	182681	0	188927
15111	184671	945	2236	2712	0	190564
15112	2815	824	185912	2457	0	192008
15113	2662	185454	2707	1022	0	191845
15114	1344	2594	2355	181137	0	187430
15115	1177	2451	187794	2739	0	194161
15116	1208	875	184602	2477	0	189162
15117	1063	815	4564	182934	0	189376
15118	1075	653	186899	2900	0	191527
15119	1108	674	3314	166778	0	171874
15120	1055	179817	2785	2745	0	186402
15121	1281	2641	1138	175845	0	180905
15122	1147	182978	989	2719	0	187833
15123	1377	2921	730	182492	0	187520
15124	178996	2502	966	3051	0	185515
15125	3280	933	972	178893	0	184078
15126	3016	178902	935	3143	0	185996
15127	1457	2706	890	183568	0	188621
15128	1439	2433	180903	3263	0	188038
15129	1272	1023	2931	181501	0	186727
15130	180330	853	2742	3219	0	187144
15131	3243	874	176559	2840	0	183516
15132	3083	1024	3105	173432	0	180644
15133	171152	818	2695	3201	0	177866
15134	3332	170509	1215	3082	0	178138
15135	3308	2993	1165	167846	0	175312
15136	171446	2813	1138	3253	0	178650
15137	3571	1135	1222	171363	0	177291
15138	3173	1242	166001	3287	0	173703
15139	159195	1283	3124	3136	0	166738
15140	3321	165134	3205	1430	0	173090
15141	2728	164129	1657	1567	0	170081
15142	163814	4422	1457	1229	0	170922
15143	160016	2851	1241	1113	0	165221
15144	4722	1645	1151	156391	0	163909
15145	159138	1310	1321	2871	0	164640
15146	3359	1382	155171	2789	0	162701
15147	153550	1048	3161	1644	0	159403
15148	3163	152554	2872	1658	0	160247
15149	152977	2599	1806	1473	0	158855
15150	3293	2527	151268	1482	0	158570
15151	3397	1650	3038	150241	0	158326
15152	1948	1244	2926	151873	0	157991
15153	1740	1351	1878	139381	0	144350
15154	1684	148092	1731	4320	0	155827
15155	149842	2528	1432	2954	0	156756
15156	3732	2391	1763	133876	0	141762
15157	3312	137978	1629	2780	0	145699
15158	152849	2739	1406	2848	0	159842
15159	147221	2397	1793	1797	0	153208
15160	151316	1577	1400	2023	0	156316
15161	151184	1425	1369	2003	0	155981
15162	147283	1285	1550	1954	0	152072
15163	4658	1608	1578	146404	0	154248
15164	3600	1598	1541	145421	0	152160
15165	143564	1573	1462	4656	0	151255
15166	2929	1899	1516	145597	0	151941
15167	3134	2002	1476	143651	0	150263
15168	1968	1705	134508	4769	0	142950
15169	139229	1854	3204	3388	0	147675
15170	141976	1707	3051	2438	0	149172
15171	143524	2032	1846	1893	0	149295
15172	4705	2040	1806	127235	0	135786
15173	3207	137382	1622	3707	0	145918
15174	149942	2887	1734	3267	0	157830
15175	144339	2910	1801	2751	0	151801
15176	5156	1651	1568	153134	0	161509
15177	152167	1597	1820	3954	0	159538
15178	4557	2544	122041	4052	0	133194
15179	3684	153043	2991	2683	0	162401
15180	3140	156182	2700	3079	0	165101
15181	3452	4617	151508	2616	0	162193
15182	1580	134080	2942	2371	0	140973
15183	2002	125194	2412	2439	0	132047
15184	108926	2262	2068	1786	0	115042
15185	1818	108533	1052	1910	0	113313
15186	2149	1788	994	108187	0	113118
15187	109796	1487	841	2485	0	114609
15188	2063	990	107679	2260	0	112992
15189	105093	1058	999	1969	0	109119
15190	2027	1156	105580	1605	0	110368
15191	1836	624	104428	1657	0	108545
15192	101608	602	1861	1627	0	105698
15193	1757	541	107784	1556	0	111638
15194	1767	105704	1192	1036	0	109699
15195	1274	1043	1513	105467	0	109297
15196	105452	1194	543	1461	0	108650
15197	1701	103327	387	1520	0	106935
15198	1710	1117	486	103914	0	107227
15199	1277	1157	103072	1450	0	106956
15200	1426	571	831	103337	0	106165
15201	100591	465	1233	1571	0	103860
15202	1860	468	99481	1338	0	103147
15203	2107	582	881	97723	0	101293
15204	98902	821	1034	1215	0	101972
15205	101047	570	502	1456	0	103575
15206	2692	449	380	100357	0	103878
15207	1987	473	296	101201	0	103957
15208	1204	424	102161	2045	0	105834
15209	1223	309	100623	1307	0	103462
15210	99802	298	1693	707	0	102500
15211	105303	366	1009	615	0	107293
15212	2134	104716	445	619	0	107914
15213	105429	771	421	363	0	106984
15214	106943	903	416	622	0	108884
15215	2009	460	114622	722	0	117813
15216	1335	117323	1016	763	0	120437
15217	119458	934	1112	545	0	122049
15218	119694	945	254	331	0	121224
15219	122607	234	147	329	0	123317
15220	2036	250	155	119331	0	121772
15221	1510	206	109	120052	0	121877
15222	584	120235	153	1874	0	122846
15223	499	953	107	122428	0	123987
15224	121466	962	122	1227	0	123777
15225	1328	283	117	122605	0	124333
15226	1304	205	121145	1268	0	123922
15227	626	211	118903	1226	0	120966
15228	524	116	1796	119473	0	121909
15229	416	199	122278	1300	0	124193
15230	468	207	121624	1348	0	123647
15231	479	140	1955	115863	0	118437
15232	444	279	1251	123020	0	124994
15233	437	172	123772	2031	0	126412
15234	530	233	124115	1287	0	126165
15235	412	124804	1966	535	0	127717
15236	125088	1068	1231	398	0	127785
15237	1219	128867	465	361	0	130912
15238	129114	1148	307	416	0	130985
15239	130462	1051	244	345	0	132102
15240	1992	130416	288	326	0	133022
15241	131945	1121	227	302	0	133595
15242	1409	1112	213	129668	0	132402
15243	1290	380	133733	1180	0	136583
15244	538	277	1139	131506	0	133460
15245	383	189	1135	135787	0	137494
15246	131011	166	368	2230	0	133775
15247	132115	157	257	1430	0	133959
15248	132949	176	239	525	0	133889
15249	132906	191	218	402	0	133717
15250	127870	164	215	391	0	128640
15251	2400	123969	284	350	0	127003
15252	1507	1040	253	126308	0	129108
15253	617	1178	128713	1267	0	131775
15254	497	290	1229	128845	0	130861
15255	433	206	1243	130911	0	132793
15256	443	203	392	137504	0	138542
15257	144602	171	268	2674	0	147715
15258	1858	173	253	145920	0	148204
15259	148163	193	280	2101	0	150737
15260	2174	256	149471	1867	0	153768
15261	2026	176	1792	164673	0	168667
15262	712	259	170834	2475	0	174280
15263	167520	159	2504	2402	0	172585
15264	2558	236	2264	170809	0	175867
15265	2478	291	173574	2571	0	178914
15266	802	215	2457	174867	0	178341
15267	174065	133	2457	3015	0	179670
15268	2608	252	178429	2605	0	183894
15269	178451	206	2447	1031	0	182135
15270	183151	161	2493	726	0	186531
15271	183399	145	747	756	0	185047
15272	178691	161	611	712	0	180175
15273	4796	175277	612	800	0	181485
15274	2538	168199	444	700	0	171881
15275	965	166587	530	588	0	168670
15276	1158	5409	879	151851	0	159297
15277	664	158430	568	1993	0	161655
15278	154475	2011	467	1906	0	158859
15279	2109	153889	431	652	0	157081
15280	2164	155050	375	634	0	158223
15281	868	3458	365	153850	0	158541
15282	818	2104	345	156601	0	159868
15283	154477	616	327	3703	0	159123
15284	2256	449	351	156848	0	159904
15285	2282	444	152912	2398	0	158036
15286	927	453	147989	2207	0	151576
15287	876	511	155101	733	0	157221
15288	911	401	3748	150059	0	155119
15289	907	341	2126	162045	0	165419
15290	851	477	158355	4005	0	163688
15291	876	446	155376	2624	0	159322
15292	751	526	159934	876	0	162087
15293	155597	504	4405	734	0	161240
15294	2518	490	2590	159183	0	164781
15295	2391	491	851	161121	0	164854
15296	160222	427	671	4598	0	165918
15297	2581	466	582	159994	0	163623
15298	2465	160148	641	2992	0	166246
15299	807	165236	644	2887	0	169574
15300	823	4049	576	163996	0	169444
15301	164459	2348	563	2939	0	170309
15302	165305	576	571	2865	0	169317
15303	168703	398	611	1171	0	170883
15304	4730	310	637	165585	0	171262
15305	2851	429	163739	2787	0	169806
15306	1172	356	2547	164337	0	168412
15307	906	429	165258	3105	0	169698
15308	155015	362	2763	2930	0	161070
15309	2880	404	2641	160276	0	166201
15310	156507	271	984	2936	0	160698
15311	2940	381	158402	2759	0	164482
15312	146075	324	2667	1232	0	150298
15313	3232	401	163639	1025	0	168297
15314	2816	156563	2586	1132	0	163097
15315	1189	153768	2543	887	0	158387
15316	149958	3916	983	945	0	155802
15317	2709	2486	556	149176	0	154927
15318	2643	827	151639	2493	0	157602
15319	1035	149698	2260	2656	0	155649
15320	927	153678	2381	1015	0	158001
15321	989	3982	872	152112	0	157955
15322	152904	2387	682	2584	0	158557
15323	153009	745	605	2656	0	157015
15324	4219	152662	777	1273	0	158931
15325	154651	2283	743	1080	0	158757
15326	2985	2250	768	152364	0	158367
15327	2784	756	152246	2667	0	158453
15328	995	153549	2556	2799	0	159899
15329	1159	2327	2563	154185	0	160234
15330	1043	2265	912	155792	0	160012
15331	154000	651	816	4412	0	159879
15332	2763	743	153314	2707	0	159527
15333	151554	652	2377	1141	0	155724
15334	153670	636	2437	1066	0	157809
15335	4677	618	819	151629	0	157743
15336	3023	593	644	154482	0	158742
15337	150519	647	679	4486	0	156331
15338	2891	718	629	152743	0	156981
15339	2728	749	150042	2930	0	156449
15340	1059	680	149534	2786	0	154059
15341	1009	148763	3995	1171	0	154938
15342	962	157039	2507	1200	0	161708
15343	1056	4140	817	143685	0	149698
15344	945	150649	691	2430	0	154715
15345	150535	2543	641	2743	0	156462
15346	2524	154181	685	1187	0	158577
15347	2726	2511	640	152410	0	158287
15348	1047	2506	627	155168	0	159348
15349	937	867	153497	4589	0	159890
15350	951	612	2482	152999	0	157044
15351	920	600	2576	155313	0	159409
15352	872	157479	993	4664	0	164008
15353	995	2391	805	156507	0	160698
15354	1154	2449	677	158272	0	162552
15355	1245	792	154833	4926	0	161796
15356	784	151230	2521	3285	0	157820
15357	841	6892	2215	130960	0	140908
15358	638	141181	698	2166	0	144683
15359	695	2065	135151	2158	0	140069
15360	537	134033	1902	923	0	137395
15361	114890	2038	2324	854	0	120106
15362	112174	1401	457	435	0	114467
15363	112328	427	281	466	0	113502
15364	2279	111567	255	458	0	114559
15365	111129	1205	208	394	0	112936
15366	1399	1325	240	109210	0	112174
15367	107177	409	203	1303	0	109092
15368	1293	105070	220	1390	0	107973
15369	105104	1224	223	536	0	107087
15370	107128	1297	192	550	0	109167
15371	2308	110213	221	485	0	113227
15372	1591	1395	110419	432	0	113837
15373	521	1523	1317	117512	0	120873
15374	443	511	125171	1783	0	127908
15375	406	380	1862	126351	0	128999
15376	419	350	1715	131632	0	134116
15377	374	422	132818	3542	0	137156
15378	370	335	1939	133787	0	136431
15379	133575	313	1895	2434	0	138217
15380	2057	348	134648	2212	0	139265
15381	1894	134477	2050	790	0	139211
15382	609	1960	1903	131886	0	136358
15383	508	1926	434	136217	0	139085
15384	424	539	134564	3756	0	139283
15385	488	515	1898	127898	0	130799
15386	347	132658	1858	2284	0	137147
15387	128128	1919	527	2127	0	132701
15388	1668	130543	414	710	0	133335
15389	122575	1857	266	472	0	125170
15390	1632	125234	327	463	0	127656
15391	1572	128628	324	469	0	130993
15392	537	3139	123909	444	0	128029
15393	511	2097	1971	123823	0	128402
15394	375	512	1743	123934	0	126564
15395	327	387	368	128127	0	129209
15396	297	133062	430	3615	0	137404
15397	362	2065	324	135047	0	137798
15398	133175	2007	304	2574	0	138060
15399	2153	469	413	134652	0	137687
15400	133341	419	350	2675	0	136785
15401	2370	423	132800	2446	0	138039
15402	132215	356	2250	874	0	135695
15403	2359	482	2093	132741	0	137675
15404	2196	450	503	137311	0	140460
15405	137851	445	454	4366	0	143116
15406	2393	501	139561	2661	0	145116
15407	2167	138803	2332	1053	0	144355
15408	722	2350	2167	138145	0	143384
15409	140216	2325	529	2529	0	145599
15410	141535	753	442	2414	0	145144
15411	4273	622	411	139619	0	144925
15412	2507	597	140298	2738	0	146140
15413	133327	582	2318	2595	0	138822
15414	2485	661	138329	1003	0	142478
15415	2643	626	2414	134860	0	140543
15416	706	548	137926	2855	0	142035
15417	757	607	2312	136028	0	139704
15418	660	515	133270	2965	0	137410
15419	664	132210	2389	2860	0	138123
15420	1149	2319	2250	113860	0	119578
15421	635	134018	728	2402	0	137783
15422	134018	2312	537	2231	0	139098
15423	134949	2096	566	1036	0	138647
15424	4202	701	132575	849	0	138327
15425	2598	547	2308	131336	0	136789
15426	132957	493	2210	2730	0	138390
15427	2643	475	698	133792	0	137608
15428	2589	433	634	132047	0	135703
15429	1045	551	129338	4404	0	135338
15430	121429	410	2448	3048	0	127335
15431	2666	541	130713	1249	0	135169
15432	2769	446	2546	126623	0	132384
15433	1171	440	130286	2828	0	134725
15434	127486	443	2707	2889	0	133525
15435	129534	370	2538	1429	0	133871
15436	129861	478	1172	1141	0	132652
15437	4387	486	1000	126563	0	132436
15438	2586	531	125412	2841	0	131370
15439	1079	592	126677	2815	0	131163
15440	1100	963	4190	113215	0	119468
15441	932	124170	2731	2642	0	130475
15442	120104	2146	1112	2626	0	125988
15443	2770	2173	951	120667	0	126561
15444	2639	794	121164	2906	0	127503
15445	1502	625	2445	122852	0	127424
15446	1304	565	125317	3043	0	130229
15447	1249	660	2707	125623	0	130239
15448	1177	508	128230	3120	0	133035
15449	1255	444	126359	3004	0	131062
15450	1012	122886	4335	1883	0	130116
15451	1079	2059	124660	1474	0	129272
15452	1230	1970	123359	1435	0	127994
15453	1504	925	4330	97022	0	103781
15454	1379	563	2557	106160	0	110659
15455	1189	118791	1272	3681	0	124933
15456	118972	1868	1245	2426	0	124511
15457	2728	119763	1260	1289	0	125040
15458	2723	2057	1269	116223	0	122272
15459	117950	1892	1248	2682	0	123772
15460	2787	621	1033	118090	0	122531
15461	118378	483	1336	2904	0	123101
15462	2785	407	1183	119669	0	124044
15463	2466	611	119438	3005	0	125520
15464	1199	569	2646	120567	0	124981
15465	1211	586	2581	120783	0	125161
15466	120750	502	1388	4302	0	126942
15467	121793	452	1413	2969	0	126627
15468	119196	409	1475	1540	0	122620
15469	3948	116931	1568	1522	0	123969
15470	2261	115028	1372	1462	0	120123
15471	112209	2867	1557	1349	0	117982
15472	2252	1891	114258	1311	0	119712
15473	1987	645	108857	1067	0	112556
15474	1347	2616	3358	96705	0	104026
15475	889	432	101144	1739	0	104204
15476	869	357	96066	1724	0	99016
15477	88362	450	2786	1096	0	92694
15478	89985	370	1786	877	0	93018
15479	2540	92832	757	923	0	97052
15480	1607	93861	824	947	0	97239
15481	1130	2213	784	72298	0	76425
15482	719	93386	910	1429	0	96444
15483	94336	1211	880	1465	0	97892
15484	1612	1237	759	84966	0	88574
15485	1570	93926	806	1556	0	97858
15486	95913	1184	748	1580	0	99425
15487	1679	1221	97455	813	0	101168
15488	1638	477	95876	762	0	98753
15489	93503	397	2559	907	0	97366
15490	1537	368	94443	846	0	97194
15491	89722	227	1663	769	0	92381
15492	1601	515	1514	92925	0	96555
15493	1421	404	94008	1419	0	97252
15494	634	92423	1572	1476	0	96105
15495	694	93718	1592	627	0	96631
15496	83951	1348	932	519	0	86750
15497	882	86023	696	534	0	88135
15498	82612	700	680	465	0	84457
15499	81981	672	553	422	0	83628
15500	1302	82263	565	386	0	84516
15501	907	761	450	81630	0	83748
15502	350	722	84232	813	0	86117
15503	263	87562	1002	883	0	89710
15504	362	2504	998	85010	0	88874
15505	302	973	358	89393	0	91026
15506	87338	134	150	1625	0	89247
15507	887	137	185	87865	0	89074
15508	908	131	86953	1009	0	89001
15509	163	87218	937	1061	0	89379
15510	196	993	959	87576	0	89724
15511	89902	886	299	1029	0	92116
15512	92096	184	178	1052	0	93510
15513	1961	163	218	91952	0	94294
15514	94334	140	240	1216	0	95930
15515	1295	185	94877	1169	0	97526
15516	1308	143	1196	94166	0	96813
15517	342	179	97362	1298	0	99181
15518	301	133	1278	102856	0	104568
15519	280	178	1289	102405	0	104152
15520	261	156	245	104172	0	104834
15521	306	129	189	103137	0	103761
15522	260	168	166	103404	0	103998
15523	100748	136	125	3148	0	104157
15524	101765	115	161	1813	0	103854
15525	2860	101865	203	574	0	105502
15526	104288	1464	151	531	0	106434
15527	1762	1456	179	103639	0	107036
15528	1719	242	199	105303	0	107463
15529	516	184	191	106244	0	107135
15530	479	193	105371	3237	0	109280
15531	469	195	1548	99527	0	101739
15532	328	104544	1558	1798	0	108228
15533	104142	1566	311	1691	0	107710
15534	104232	1560	270	561	0	106623
15535	3135	354	102945	459	0	106893
15536	1836	103047	1618	636	0	107137
15537	524	1592	1619	102534	0	106269
15538	452	1602	104213	1923	0	108190
15539	461	359	1661	96578	0	99059
15540	366	102103	1690	1916	0	106075
15541	98618	1621	404	1848	0	102491
15542	1706	101857	335	919	0	104817
15543	1845	1720	100473	561	0	104599
15544	645	1691	100898	507	0	103741
15545	439	99346	2929	547	0	103261
15546	385	99092	1640	578	0	101695
15547	96062	2869	493	566	0	99990
15548	96121	1636	279	573	0	98609
15549	2999	436	263	95405	0	99103
15550	1791	363	95635	1846	0	99635
15551	561	361	1616	95523	0	98061
15552	535	351	1545	95797	0	98228
15553	94910	296	370	3257	0	98833
15554	93889	320	331	2081	0	96621
15555	3195	279	313	99257	0	103044
15556	1891	349	99922	2138	0	104300
15557	539	100652	1875	2105	0	105171
15558	100144	1877	1761	772	0	104554
15559	2011	104846	472	707	0	108036
15560	2021	2075	346	104841	0	109283
15561	692	1923	354	108797	0	111766
15562	538	567	427	109642	0	111174
15563	459	429	430	108037	0	109355
15564	103964	461	402	4185	0	109012
15565	2239	391	331	104338	0	107299
15566	2150	101644	327	2608	0	106729
15567	862	1963	285	103149	0	106259
15568	98967	1918	356	2592	0	103833
15569	2046	99799	442	2553	0	104840
15570	2070	2001	453	99963	0	104487
15571	710	1979	97878	2618	0	103185
15572	95408	534	1940	2524	0	100406
15573	2406	471	1826	97484	0	102187
15574	2239	441	96295	2525	0	101500
15575	819	446	95420	2430	0	99115
15576	814	734	3653	94657	0	99858
15577	94478	466	2323	2528	0	99795
15578	95147	514	582	2395	0	98638
15579	3703	96713	432	1161	0	102009
15580	97923	1899	387	1109	0	101318
15581	97834	1919	419	1122	0	101294
15582	98912	465	467	1117	0	100961
15583	97217	462	459	1083	0	99221
15584	3907	460	414	94440	0	99221
15585	2429	514	329	94957	0	98229
15586	1024	508	90634	3998	0	96164
15587	807	86542	1858	2747	0	91954
15588	686	89201	1876	1313	0	93076
15589	714	3337	86864	1087	0	92002
15590	84395	1907	1897	990	0	89189
15591	2250	560	1854	85992	0	90656
15592	87433	499	494	2326	0	90752
15593	85933	496	449	2297	0	89175
15594	3667	502	83804	1048	0	89021
15595	2244	492	1862	82924	0	87522
15596	83694	385	1851	2281	0	88211
15597	2274	457	557	84350	0	87638
15598	2240	547	82556	2392	0	87735
15599	1034	2536	1855	76148	0	81573
15600	885	83346	1845	2026	0	88102
15601	810	85542	621	1947	0	88920
15602	986	2957	81498	839	0	86280
15603	723	79215	1682	726	0	82346
15604	73808	1890	1816	1020	0	78534
15605	72682	1371	509	617	0	75179
15606	2635	402	338	71616	0	74991
15607	1702	317	363	72380	0	74762
15608	769	307	311	73912	0	75299
15609	70691	318	263	2661	0	73933
15610	1664	70796	314	1654	0	74428
15611	69142	1259	232	675	0	71308
15612	67139	1108	244	516	0	69007
15613	2373	66980	308	515	0	70176
15614	63503	1099	261	449	0	65312
15615	1375	64304	240	483	0	66402
15616	64719	1149	260	541	0	66669
15617	1380	989	62685	592	0	65646
15618	55124	406	1197	405	0	57132
15619	1007	57546	740	367	0	59660
15620	1158	847	405	57477	0	59887
15621	456	658	137	60527	0	61778
15622	425	214	127	62128	0	62894
15623	61598	181	131	1892	0	63802
15624	1110	192	187	62671	0	64160
15625	979	206	60527	1247	0	62959
15626	58278	237	886	1018	0	60419
15627	998	286	60333	446	0	62063
15628	970	306	970	59074	0	61320
15629	408	286	60499	1071	0	62264
15630	358	296	959	56889	0	58502
15631	298	58877	855	1057	0	61087
15632	339	824	321	57256	0	58740
15633	313	59227	209	1032	0	60781
15634	417	881	210	59345	0	60853
15635	59133	829	167	1095	0	61224
15636	1068	302	180	61215	0	62765
15637	61377	186	147	1149	0	62859
15638	1226	219	58819	936	0	61200
15639	59711	215	808	423	0	61157
15640	60610	220	764	299	0	61893
15641	61092	222	252	288	0	61854
15642	1848	180	177	60180	0	62385
15643	60080	178	228	1024	0	61510
15644	1179	219	57825	889	0	60112
15645	57962	246	859	468	0	59535
15646	1171	212	58211	370	0	59964
15647	58325	168	942	304	0	59739
15648	1219	178	789	59107	0	61293
15649	1110	204	60253	969	0	62536
15650	634	130	819	60043	0	61626
15651	474	131	893	61120	0	62618
15652	479	131	60125	1661	0	62396
15653	54242	117	868	1143	0	56370
15654	956	60386	863	549	0	62754
15655	57175	620	284	338	0	58417
15656	750	56919	220	320	0	58209
15657	55520	593	191	275	0	56579
15658	733	486	54680	246	0	56145
15659	49167	356	848	293	0	50664
15660	548	50855	487	230	0	52120
15661	561	377	237	50178	0	51353
15662	235	334	95	52394	0	53058
15663	163	122	71	53157	0	53513
15664	207	109	53130	849	0	54295
15665	186	72	438	52734	0	53430
15666	172	93	56975	586	0	57826
15667	57319	61	555	530	0	58465
15668	61359	51	527	243	0	62180
15669	1174	58	152	62334	0	63718
15670	729	62	62897	715	0	64403
15671	59144	38	680	749	0	60611
15672	804	107	74685	249	0	75845
15673	734	52	925	73244	0	74955
15674	269	66	789	76550	0	77674
15675	219	52	207	78887	0	79365
15676	227	78	142	79922	0	80369
15677	76694	65	149	1791	0	78699
15678	934	78318	171	1120	0	80543
15679	1005	841	75853	284	0	77983
15680	252	76944	919	256	0	78371
15681	76287	923	888	249	0	78347
15682	1047	880	230	76342	0	78499
15683	77478	160	171	1113	0	78922
15684	1094	118	147	77533	0	78892
15685	981	106	133	77625	0	78845
15686	307	112	146	78570	0	79135
15687	227	131	76709	1913	0	78980
15688	232	75723	1000	1183	0	78138
15689	361	902	77918	386	0	79567
15690	297	832	1035	77379	0	79543
15691	78608	164	914	1198	0	80884
15692	78533	113	251	1129	0	80026
15693	79225	109	201	485	0	80020
15694	1780	78694	228	421	0	81123
15695	80700	893	182	449	0	82224
15696	1120	851	229	80214	0	82414
15697	1005	225	212	81095	0	82537
15698	391	157	196	81410	0	82154
15699	319	81626	205	1930	0	84080
15700	442	947	175	75693	0	77257
15701	342	79538	227	1077	0	81184
15702	78218	1003	206	1062	0	80489
15703	78616	856	187	511	0	80170
15704	1885	240	165	78801	0	81091
15705	1171	163	77738	1202	0	80274
15706	75955	167	921	1226	0	78269
15707	1105	197	869	79326	0	81497
15708	1047	187	78744	1248	0	81226
15709	74689	186	959	1227	0	77061
15710	1140	224	865	79020	0	81249
15711	78888	174	293	1203	0	80558
15712	1177	78076	203	1152	0	80608
15713	1133	1004	210	76564	0	78911
15714	453	79606	222	1200	0	81481
15715	489	1289	209	78862	0	80849
15716	385	80071	224	1236	0	81916
15717	438	1096	218	81278	0	83030
15718	337	861	79862	1111	0	82171
15719	61559	301	935	1392	0	64187
15720	953	78061	800	638	0	80452
15721	903	772	75666	410	0	77751
15722	73101	707	767	470	0	75045
15723	923	232	696	76333	0	78184
15724	898	219	75975	942	0	78034
15725	349	76457	774	1053	0	78633
15726	316	762	740	77626	0	79444
15727	362	745	78812	968	0	80887
15728	309	297	775	78699	0	80080
15729	325	203	720	80795	0	82043
15730	360	242	81810	1590	0	84002
15731	322	247	813	82035	0	83417
15732	344	276	83880	1101	0	85601
15733	331	263	842	83771	0	85207
15734	341	293	88066	1186	0	89886
15735	363	252	900	87993	0	89508
15736	369	226	846	88462	0	89903
15737	425	250	315	86816	0	87806
15738	336	87208	315	1759	0	89618
15739	87421	849	283	1236	0	89789
15740	87841	782	374	561	0	89558
15741	1607	255	261	88608	0	90731
15742	88529	207	367	1295	0	90398
15743	1037	244	88143	1178	0	90602
15744	910	89069	887	695	0	91561
15745	89388	794	894	701	0	91777
15746	916	91269	353	589	0	93127
15747	961	932	244	91179	0	93316
15748	388	924	292	91949	0	93553
15749	88651	304	283	1795	0	91033
15750	1026	291	228	89797	0	91342
15751	1074	290	88960	1199	0	91523
15752	425	88668	846	1219	0	91158
15753	89461	852	894	604	0	91811
15754	994	881	274	87890	0	90039
15755	983	90126	254	1224	0	92587
15756	454	938	292	87208	0	88892
15757	347	91679	308	1044	0	93378
15758	91088	981	260	1084	0	93413
15759	90693	875	293	610	0	92471
15760	1689	326	89637	583	0	92235
15761	1129	278	88567	444	0	90418
15762	478	241	1393	86295	0	88407
15763	360	89424	881	1070	0	91735
15764	417	822	299	90647	0	92185
15765	89502	838	236	1191	0	91767
15766	840	252	86214	995	0	88301
15767	767	300	657	81588	0	83312
15768	291	157	82587	803	0	83838
15769	264	204	79448	766	0	80682
15770	204	83171	1101	371	0	84847
15771	1133	1813	882	78978	0	82806
15772	71877	401	284	621	0	73183
15773	422	146	72166	444	0	73178
15774	329	70987	359	237	0	71912
15775	69972	259	264	189	0	70684
15776	291	293	101	70191	0	70876
15777	72353	76	78	484	0	72991
15778	73086	86	85	441	0	73698
15779	74069	76	84	262	0	74491
15780	552	101	77077	123	0	77853
15781	72381	60	310	177	0	72928
15782	77640	75	290	201	0	78206
15783	541	80737	134	150	0	81562
15784	368	360	67	81523	0	82318
15785	178	284	75	81311	0	81848
15786	138	106	73	82612	0	82929
15787	82212	69	95	645	0	83021
15788	79976	70	90	472	0	80608
15789	643	146	80922	198	0	81909
15790	457	76	310	79516	0	80359
15791	154	80644	384	410	0	81592
15792	81207	293	119	435	0	82054
15793	382	395	81247	145	0	82169
15794	422	101	302	78453	0	79278
15795	183	85	378	80581	0	81227
15796	153	80978	131	680	0	81942
15797	135	325	114	81737	0	82311
15798	164	362	98	79835	0	80459
15799	155	117	110	81958	0	82340
15800	81020	79	128	806	0	82033
15801	402	113	98	81164	0	81777
15802	467	88	99	81220	0	81874
15803	81972	76	72	944	0	83064
15804	480	127	96	81745	0	82448
15805	534	93189	105	608	0	94436
15806	96424	773	81	647	0	97925
15807	99373	820	98	415	0	100706
15808	102348	207	78	266	0	102899
15809	108710	118	81	248	0	109157
15810	2285	113207	124	293	0	115909
15811	123398	1290	95	279	0	125062
15812	123929	1311	96	255	0	125591
15813	3109	335	92	122764	0	126300
15814	1881	218	122753	1707	0	126559
15815	591	150	1545	123190	0	125476
15816	426	147	1499	123524	0	125596
15817	403	127	288	123093	0	123911
15818	376	151	187	123144	0	123858
15819	400	129	117	124019	0	124665
15820	118596	144	146	3515	0	122401
15821	1902	106	109	120960	0	123077
15822	1773	245	121163	2139	0	125320
15823	530	170	1606	119857	0	122163
15824	317	121749	1590	2156	0	125812
15825	370	1968	296	122858	0	125492
15826	323	1568	121900	2121	0	125912
15827	104703	364	1731	2097	0	108895
15828	115362	200	1578	768	0	117908
15829	3193	195	123540	495	0	127423
15830	1917	123434	1635	420	0	127406
15831	126027	1727	1565	517	0	129836
15832	126568	1587	386	416	0	128957
15833	128164	398	220	428	0	129210
15834	124658	231	178	388	0	125455
15835	3978	203	158	120365	0	124704
15836	2402	401	122176	2004	0	126983
15837	1195	288	1746	123229	0	126458
15838	945	236	1643	126397	0	129221
15839	790	323	124851	3741	0	129705
15840	714	343	123908	2362	0	127327
15841	120114	193	3365	1154	0	124826
15842	2292	124913	2072	1159	0	130436
15843	2274	1771	575	125971	0	130591
15844	829	1744	123962	2719	0	129254
15845	115151	369	2081	2945	0	120546
15846	2366	307	124613	1374	0	128660
15847	118592	233	2218	1479	0	122522
15848	2418	123436	2150	1320	0	129324
15849	2373	1886	687	124510	0	129456
15850	1073	2016	123966	2663	0	129718
15851	115862	556	2132	2710	0	121260
15852	2457	124639	2258	1152	0	130506
15853	2525	131710	828	977	0	136040
15854	1305	3708	752	130356	0	136121
15855	969	2432	663	135666	0	139730
15856	137835	885	649	4431	0	143800
15857	3211	137359	575	3125	0	144270
15858	3260	2493	590	139365	0	145708
15859	139254	2336	606	3193	0	145389
15860	142041	720	546	3069	0	146376
15861	146154	523	542	1452	0	148671
15862	5747	582	146681	1215	0	154225
15863	3738	506	150320	1273	0	155837
15864	154219	401	5071	1413	0	161104
15865	3789	158317	3449	1357	0	166912
15866	3596	161323	1273	1366	0	167558
15867	1645	5664	983	151612	0	159904
15868	1126	161363	908	3589	0	166986
15869	160453	3474	988	3592	0	168507
15870	3890	3165	1062	159557	0	167674
15871	3856	1113	160311	3583	0	168863
15872	159058	734	3633	3655	0	167080
15873	163611	733	3463	1412	0	169219
15874	6904	837	1162	161136	0	170039
15875	4425	831	980	163714	0	169950
15876	1907	832	1061	166367	0	170167
15877	1708	856	859	164964	0	168387
15878	1590	1111	155393	6869	0	164963
15879	1515	154480	3331	4487	0	163813
15880	1505	3551	3359	139790	0	148205
15881	1431	155313	1364	3926	0	162034
15882	1860	3878	957	137837	0	144532
15883	1401	151798	931	3917	0	158047
15884	148071	3848	874	3967	0	156760
15885	149541	3384	849	1996	0	155770
15886	6780	148757	938	1737	0	158212
15887	151096	3556	943	1535	0	157130
15888	4790	3488	1045	148871	0	158194
15889	149591	1479	1030	3990	0	156090
15890	4714	147470	1012	3946	0	157142
15891	150506	3941	985	1550	0	156982
15892	150962	3699	1065	1294	0	157020
15893	6897	1626	1041	146910	0	156474
15894	4665	1506	147081	3869	0	157121
15895	2129	146968	3450	3872	0	156419
15896	1935	3930	3296	147110	0	156271
15897	147541	3773	1275	4126	0	156715
15898	4517	1696	146330	4035	0	156578
15899	4475	1207	3296	144037	0	153015
15900	2205	1230	3176	147057	0	153668
15901	147113	981	1175	6778	0	156047
15902	148714	1004	970	4705	0	155393
15903	148010	943	1035	2364	0	152352
15904	6800	142847	1164	2036	0	152847
15905	133774	3080	713	1704	0	139271
15906	3740	2821	126723	1737	0	135021
15907	3302	1091	124299	1661	0	130353
15908	1534	923	125266	1426	0	129149
15909	1976	4603	5220	110340	0	122139
15910	1182	839	111380	2522	0	115923
15911	100834	630	1918	2191	0	105573
15912	2338	596	1711	102965	0	107610
15913	2445	604	105540	2190	0	110779
15914	106176	642	1792	2324	0	110934
15915	2590	581	1836	107045	0	112052
15916	2540	671	692	109709	0	113612
15917	109735	545	563	3568	0	114411
15918	2429	647	622	113673	0	117371
15919	2414	683	114087	2418	0	119602
15920	1142	575	2075	115974	0	119766
15921	1162	613	118035	2480	0	122290
15922	1120	524	2234	116094	0	119972
15923	112759	480	2124	2583	0	117946
15924	2424	111442	826	2592	0	117284
15925	2567	115123	667	1259	0	119616
15926	1362	3337	555	113024	0	118278
15927	1201	2147	555	111788	0	115691
15928	1060	111436	635	3767	0	116898
15929	1130	109640	687	2555	0	114012
15930	1041	3234	690	107116	0	112081
15931	916	2006	862	107199	0	110983
15932	103300	611	720	3935	0	108566
15933	2179	103638	790	2744	0	109351
15934	2260	104012	688	1214	0	108174
15935	1035	107782	702	1016	0	110535
15936	101591	3391	690	1140	0	106812
15937	2178	2091	101442	1033	0	106744
15938	99410	700	2037	1063	0	103210
15939	2315	637	1955	99202	0	104109
15940	2147	97584	772	2400	0	102903
15941	976	102730	606	2395	0	106707
15942	101223	3060	514	1253	0	106050
15943	2201	2085	659	95384	0	100329
15944	2164	106302	642	2261	0	111369
15945	108040	2025	684	2338	0	113087
15946	108618	2020	602	1155	0	112395
15947	3577	864	107291	927	0	112659
15948	107376	695	1871	979	0	110921
15949	107801	651	1883	1031	0	111366
15950	3705	690	618	102539	0	107552
15951	2260	103777	581	2267	0	108885
15952	948	104855	479	2370	0	108652
15953	815	3404	347	99523	0	104089
15954	94155	1931	488	2007	0	98581
15955	1804	773	92654	1975	0	97206
15956	1958	583	89982	657	0	93180
15957	1619	558	88998	617	0	91792
15958	1584	523	90843	505	0	93455
15959	597	89866	2476	674	0	93613
15960	759	89465	1745	686	0	92655
15961	1271	2421	84540	519	0	88751
15962	778	1756	82491	560	0	85585
15963	302	74506	1737	445	0	76990
15964	424	664	957	68805	0	70850
15965	140	694	73054	569	0	74457
15966	132	205	637	70635	0	71609
15967	147	121	691	75458	0	76417
15968	146	114	157	77313	0	77730
15969	146	103	113	80069	0	80431
15970	177	142	78306	1579	0	80204
15971	158	96	819	76243	0	77316
15972	76822	108	903	994	0	78827
15973	857	152	75874	956	0	77839
15974	76058	117	888	298	0	77361
15975	998	102	899	77448	0	79447
15976	973	109	78601	937	0	80620
15977	77068	110	934	1038	0	79150
15978	974	127	946	79248	0	81295
15979	80393	129	263	1050	0	81835
15980	1041	128	226	78002	0	79397
15981	998	78493	231	1087	0	80809
15982	311	882	80934	1082	0	83209
15983	260	964	974	80473	0	82671
15984	82139	220	1035	1089	0	84483
15985	82784	219	278	1142	0	84423
15986	83488	202	218	489	0	84397
15987	83153	207	252	396	0	84008
15988	81438	205	216	397	0	82256
15989	1775	81517	259	403	0	83954
15990	82994	995	253	375	0	84617
15991	1089	1064	81316	397	0	83866
15992	81600	327	946	391	0	83264
15993	1221	335	1223	68474	0	71253
15994	1136	355	81411	789	0	83691
15995	392	350	81118	955	0	82815
15996	364	269	1824	80031	0	82488
15997	81849	242	1115	1137	0	84343
15998	1096	81259	410	1180	0	83945
15999	81471	1011	277	444	0	83203
16000	1205	82314	269	409	0	84197
16001	1292	1134	280	82642	0	85348
16002	530	1167	233	84111	0	86041
16003	83564	376	245	1995	0	86180
16004	1233	297	265	84757	0	86552
16005	1339	262	84071	1225	0	86897
16006	83325	235	1031	1264	0	85855
16007	1331	235	1125	85421	0	88112
16008	1321	234	412	85934	0	87901
16009	600	324	85106	1988	0	88018
16010	78301	237	1126	1370	0	81034
16011	83939	233	1211	506	0	85889
16012	2127	84065	394	471	0	87057
16013	1284	909	81139	382	0	83714
16014	554	973	79577	343	0	81447
16015	535	752	1854	76737	0	79878
16016	463	382	1205	75743	0	77793
16017	384	77960	430	1742	0	80516
16018	381	876	75400	1052	0	77709
16019	344	854	977	72358	0	74533
16020	338	233	74470	1049	0	76090
16021	315	204	994	70370	0	71883
16022	286	72470	1022	1019	0	74797
16023	369	852	378	74619	0	76218
16024	346	829	326	74709	0	76210
16025	380	228	308	74948	0	75864
16026	73356	182	334	1821	0	75693
16027	1049	202	73754	1168	0	76173
16028	1051	77588	1003	528	0	80170
16029	399	980	1044	80854	0	83277
16030	82518	1018	302	1354	0	85192
16031	1282	245	287	84376	0	86190
16032	84649	168	283	1476	0	86576
16033	1412	185	84340	1462	0	87399
16034	84092	168	1280	561	0	86101
16035	1495	150	1337	86330	0	89312
16036	1552	169	86824	1455	0	90000
16037	534	86560	1309	1578	0	89981
16038	564	1187	1386	85736	0	88873
16039	514	1280	376	87012	0	89182
16040	84673	284	343	2404	0	87704
16041	1362	84361	322	1606	0	87651
16042	1408	83755	302	529	0	85994
16043	528	85769	323	421	0	87041
16044	77766	2077	344	501	0	80688
16045	1198	79043	274	445	0	80960
16046	1398	1141	297	77252	0	80088
16047	609	1176	254	78117	0	80156
16048	77176	307	218	2212	0	79913
16049	1185	76754	264	1451	0	79654
16050	1302	1081	221	77588	0	80192
16051	78763	1137	205	1383	0	81488
16052	78758	253	212	1339	0	80562
16053	78903	218	219	493	0	79833
16054	2196	77424	220	429	0	80269
16055	76374	973	173	405	0	77925
16056	1226	1061	209	74267	0	76763
16057	1159	73694	218	1101	0	76172
16058	397	75265	239	1131	0	77032
16059	644	1771	245	74036	0	76696
16060	73539	1018	185	1140	0	75882
16061	74406	254	186	1216	0	76062
16062	1867	234	149	71523	0	73773
16063	1074	71536	181	1055	0	73846
16064	71596	898	164	1063	0	73721
16065	994	1015	70022	342	0	72373
16066	1011	290	67734	319	0	69354
16067	64924	262	1451	336	0	66973
16068	909	276	66872	318	0	68375
16069	841	182	695	62409	0	64127
16070	63407	134	747	754	0	65042
16071	791	165	165	64953	0	66074
16072	811	205	64304	810	0	66130
16073	265	65324	669	932	0	67190
16074	292	692	716	65871	0	67571
16075	239	755	65791	742	0	67527
16076	61280	260	639	856	0	63035
16077	755	173	658	65436	0	67022
16078	828	194	65500	732	0	67254
16079	276	203	595	64538	0	65612
16080	513	64629	703	761	0	66606
16081	220	721	153	68199	0	69293
16082	261	715	122	67239	0	68337
16083	263	190	107	66380	0	66940
16084	211	65943	164	1424	0	67742
16085	67614	632	142	972	0	69360
16086	736	739	131	68360	0	69966
16087	848	238	126	68872	0	70084
16088	287	206	152	70103	0	70748
16089	288	220	68870	1461	0	70839
16090	263	178	645	69608	0	70694
16091	69246	163	731	984	0	71124
16092	760	69815	207	1001	0	71783
16093	862	747	155	71022	0	72786
16094	302	861	136	71556	0	72855
16095	70670	278	132	1558	0	72638
16096	795	71071	158	1082	0	73106
16097	72357	789	128	458	0	73732
16098	73494	854	109	384	0	74841
16099	1593	269	99	72712	0	74673
16100	73671	218	110	977	0	74976
16101	945	70969	129	1065	0	73108
16102	72367	845	142	392	0	73746
16103	1013	888	118	73263	0	75282
16104	81555	241	120	1093	0	83009
16105	82447	203	126	1112	0	83888
16106	2100	274	78874	414	0	81662
16107	82841	217	835	401	0	84294
16108	84651	195	933	415	0	86194
16109	84858	212	225	430	0	85725
16110	2290	281	89911	313	0	92795
16111	1432	91002	1282	350	0	94066
16112	465	1381	1280	91514	0	94640
16113	92024	1357	275	1526	0	95182
16114	1488	91189	173	1553	0	94403
16115	92448	1392	128	476	0	94444
16116	1726	1380	147	93134	0	96387
16117	1642	392	92951	1535	0	96520
16118	94085	211	1405	1616	0	97317
16119	1756	205	1403	97363	0	100727
16120	1787	202	98112	1596	0	101697
16121	97722	176	1513	1724	0	101135
16122	1881	196	102502	457	0	105036
16123	1900	205	1664	102648	0	106417
16124	635	188	1672	107635	0	110130
16125	107269	168	378	3408	0	111223
16126	107244	164	203	2186	0	109797
16127	3489	106999	269	643	0	111400
16128	106053	1531	242	422	0	108248
16129	1949	1524	100470	270	0	104213
16130	1804	298	100301	247	0	102650
16131	97698	232	2877	278	0	101085
16132	1688	100410	1693	316	0	104107
16133	99469	1373	474	274	0	101590
16134	1702	100041	271	250	0	102264
16135	97645	1506	2311	249	0	101711
16136	1811	1419	237	96613	0	100080
16137	1764	316	98245	1447	0	101772
16138	680	171	1440	98523	0	100814
16139	489	157	1488	100703	0	102837
16140	99394	170	376	2837	0	102777
16141	1757	236	98999	1687	0	102679
16142	97324	150	1504	603	0	99581
16143	1835	98819	1539	384	0	102577
16144	100393	1533	359	344	0	102629
16145	1949	1453	275	98687	0	102364
16146	1830	409	98179	1648	0	102066
16147	707	287	1575	99295	0	101864
16148	98957	211	1520	1843	0	102531
16149	1860	245	465	100246	0	102816
16150	1929	214	394	97630	0	100167
16151	791	95914	339	2947	0	99991
16152	696	1407	349	98610	0	101062
16153	655	1518	96745	1891	0	100809
16154	683	360	1576	97574	0	100193
16155	638	271	1610	98442	0	100961
16156	96598	264	488	3095	0	100445
16157	1949	302	407	97234	0	99892
16158	2046	290	95527	1954	0	99817
16159	785	96028	1721	1900	0	100434
16160	808	1542	1631	95882	0	99863
16161	846	1548	478	96944	0	99816
16162	96978	483	444	3002	0	100907
16163	1962	95262	473	2052	0	99749
16164	1993	1616	422	96584	0	100615
16165	94775	1581	460	1913	0	98729
16166	96702	448	457	1914	0	99521
16167	3299	375	442	95937	0	100053
16168	2244	357	96888	2004	0	101493
16169	96245	357	1683	2071	0	100356
16170	2213	342	1742	99824	0	104121
16171	101042	322	597	2219	0	104180
16172	100217	320	509	2151	0	103197
16173	3469	97112	541	937	0	102059
16174	97578	1589	499	849	0	100515
16175	2270	98314	531	821	0	101936
16176	2193	1789	504	97128	0	101614
16177	1133	1750	427	94791	0	98101
16178	923	96721	515	3199	0	101358
16179	97929	1710	451	2188	0	102278
16180	96882	1751	460	1064	0	100157
16181	3419	610	94216	883	0	99128
16182	2257	420	93510	960	0	97147
16183	1004	422	3038	94061	0	98525
16184	94738	329	1857	2223	0	99147
16185	2155	392	610	95022	0	98179
16186	2164	362	548	95759	0	98833
16187	991	402	96145	3531	0	101069
16188	920	424	95925	2281	0	99550
16189	853	440	97569	1113	0	99975
16190	91758	364	3256	1067	0	96445
16191	95188	333	1964	967	0	98452
16192	3297	93215	670	937	0	98119
16193	2175	95480	506	942	0	99103
16194	1055	2947	465	94361	0	98828
16195	900	1808	94694	2004	0	99406
16196	92063	640	1644	2196	0	96543
16197	2040	514	98911	1016	0	102481
16198	1995	370	1813	96562	0	100740
16199	921	273	1729	99704	0	102627
16200	806	370	591	101189	0	102956
16201	954	323	438	102770	0	104485
16202	99960	364	419	3551	0	104294
16203	2265	461	389	99806	0	102921
16204	1641	289	92398	2026	0	96354
16205	84303	237	1496	1982	0	88018
16206	1693	255	90725	873	0	93546
16207	1698	257	89479	672	0	92106
16208	671	88505	2512	683	0	92371
16209	1331	1109	1851	80864	0	85155
16210	80405	1024	668	1149	0	83246
16211	1129	303	263	81092	0	82787
16212	1168	254	80252	1144	0	82818
16213	410	161	902	80813	0	82286
16214	79365	113	1066	1182	0	81726
16215	1012	79688	289	1347	0	82336
16216	78168	805	217	537	0	79727
16217	999	77830	258	430	0	79517
16218	76360	848	254	476	0	77938
16219	888	76938	197	331	0	78354
16220	897	77786	187	287	0	79157
16221	494	1271	75085	213	0	77063
16222	308	74407	788	229	0	75732
16223	68918	556	802	207	0	70483
16224	527	513	100	68122	0	69262
16225	68800	109	82	530	0	69521
16226	528	69757	117	593	0	70995
16227	69401	514	121	211	0	70247
16228	671	580	69769	128	0	71148
16229	674	142	551	68725	0	70092
16230	176	71558	636	583	0	72953
16231	177	623	135	74155	0	75090
16232	151	646	102	74321	0	75220
16233	80937	144	118	1378	0	82577
16234	916	81928	127	953	0	83924
16235	83159	945	123	316	0	84543
16236	1174	1024	83745	197	0	86140
16237	1152	258	82190	192	0	83792
16238	296	82516	1998	251	0	85061
16239	235	998	1206	82632	0	85071
16240	266	1086	83790	1017	0	86159
16241	253	267	1104	79966	0	81590
16242	275	168	1101	85564	0	87108
16243	208	175	84034	2147	0	86564
16244	225	174	83449	1297	0	85145
16245	227	173	86871	355	0	87626
16246	245	189	87118	281	0	87833
16247	192	88768	2229	444	0	91633
16248	256	1127	1355	88410	0	91148
16249	221	1272	396	90780	0	92669
16250	239	326	89598	2255	0	92418
16251	242	216	1227	89361	0	91046
16252	217	259	93510	1427	0	95413
16253	259	182	1347	92518	0	94306
16254	205	212	1310	91452	0	93179
16255	201	93173	440	2330	0	96144
16256	236	1244	270	94741	0	96491
16257	253	1265	259	94385	0	96162
16258	273	358	250	95264	0	96145
16259	266	301	92264	2493	0	95324
16260	203	92232	1231	1673	0	95339
16261	92094	1225	1251	590	0	95160
16262	92480	1264	372	420	0	94536
16263	2290	345	258	91529	0	94422
16264	1472	355	272	89467	0	91566
16265	398	92555	280	2304	0	95537
16266	91872	1214	288	1567	0	94941
16267	1221	94224	289	565	0	96299
16268	91764	1258	297	442	0	93761
16269	1335	1262	90289	354	0	93240
16270	85684	402	1269	424	0	87779
16271	1290	89937	1259	379	0	92865
16272	1312	1167	419	90888	0	93786
16273	394	1217	288	90434	0	92333
16274	257	92175	339	2282	0	95053
16275	92239	1240	309	1528	0	95316
16276	1263	1282	279	94294	0	97118
16277	1327	355	331	96244	0	98257
16278	96311	264	307	2603	0	99485
16279	97868	254	297	1708	0	100127
16280	2488	291	97340	591	0	100710
16281	98324	246	1390	576	0	100536
16282	1531	217	1471	99141	0	102360
16283	1491	323	98969	1585	0	102368
16284	471	223	1421	99241	0	101356
16285	348	307	99280	1763	0	101698
16286	351	271	99012	1685	0	101319
16287	332	317	2606	97210	0	100465
16288	338	316	99872	1623	0	102149
16289	246	99894	1704	1914	0	103758
16290	313	1336	1630	100043	0	103322
16291	337	1479	546	103246	0	105608
16292	326	497	102895	2909	0	106627
16293	287	103010	1564	2014	0	106875
16294	102731	1430	1625	806	0	106592
16295	1545	1521	521	104885	0	108472
16296	105426	472	457	1785	0	108140
16297	1618	102959	455	1941	0	106973
16298	1784	1583	103569	711	0	107647
16299	566	1764	1615	101916	0	105861
16300	101120	502	1751	1838	0	105211
16301	1576	383	101743	1946	0	105648
16302	97611	305	1693	800	0	100409
16303	1705	99879	1845	626	0	104055
16304	1554	100258	636	634	0	103082
16305	99384	2507	635	603	0	103129
16306	1554	1616	607	98762	0	102539
16307	1556	537	517	97970	0	100580
16308	451	98938	521	2908	0	102818
16309	412	1391	422	101498	0	103723
16310	352	1470	463	101557	0	103842
16311	99192	409	402	3121	0	103124
16312	1435	326	462	100236	0	102459
16313	1555	367	98995	1876	0	102793
16314	535	248	1578	99706	0	102067
16315	392	255	1654	101697	0	103998
16316	360	373	100754	3128	0	104615
16317	319	376	1438	101661	0	103794
16318	98692	293	1542	2245	0	102772
16319	97010	243	562	2109	0	99924
16320	97047	277	430	987	0	98741
16321	2927	289	370	95369	0	98955
16322	1827	354	95168	1839	0	99188
16323	646	95152	1390	2045	0	99233
16324	647	1390	1443	95020	0	98500
16325	522	1526	95527	1622	0	99197
16326	531	445	1269	94302	0	96547
16327	533	345	1356	94968	0	97202
16328	91873	281	460	2625	0	95239
16329	1324	95246	420	1958	0	98948
16330	1563	1332	92361	710	0	95966
16331	85700	1275	1224	638	0	88837
16332	1322	90175	1396	563	0	93456
16333	977	83759	322	402	0	85460
16334	85956	1583	620	422	0	88581
16335	1109	1008	265	85951	0	88333
16336	1133	386	90596	1104	0	93219
16337	392	227	1001	89277	0	90897
16338	270	90908	1140	1168	0	93486
16339	91773	1007	259	1313	0	94352
16340	1106	1158	219	92403	0	94886
16341	94875	259	196	1295	0	96625
16342	1215	222	164	92759	0	94360
16343	1197	97207	231	1256	0	99891
16344	99178	1062	196	1299	0	101735
16345	98578	1171	188	579	0	100516
16346	2271	99013	249	432	0	101965
16347	97430	1100	196	406	0	99132
16348	1313	1295	140	94044	0	96792
16349	1354	95281	225	1166	0	98026
16350	95466	1123	166	1417	0	98172
16351	1214	97055	224	447	0	98940
16352	95922	1190	176	487	0	97775
16353	1357	1268	163	94883	0	97671
16354	97003	341	169	1291	0	98804
16355	96887	248	164	1458	0	98757
16356	97682	302	160	502	0	98646
16357	2424	252	143	96639	0	99458
16358	1537	237	129	99012	0	100915
16359	96848	254	122	2432	0	99656
16360	1484	289	101428	1572	0	104773
16361	1520	247	1197	100953	0	103917
16362	541	104489	1398	1468	0	107896
16363	532	1354	225	106793	0	108904
16364	470	1545	163	107398	0	109576
16365	485	447	105598	2863	0	109393
16366	473	367	1312	112657	0	114809
16367	403	119242	1510	1916	0	123071
16368	491	1889	262	122727	0	125369
16369	517	2105	126406	2224	0	131252
16370	537	490	1991	127263	0	130281
16371	558	344	2142	128848	0	131892
16372	126306	304	384	4407	0	131401
16373	126702	296	270	2753	0	130021
16374	4341	382	223	122743	0	127689
16375	2675	122208	278	2389	0	127550
16376	784	122970	192	2673	0	126619
16377	877	3950	120011	838	0	125676
16378	737	2950	1995	118966	0	124648
16379	119034	592	2282	2425	0	124333
16380	2257	508	418	120890	0	124073
16381	2380	383	119248	2574	0	124585
16382	789	337	1989	120105	0	123220
16383	653	330	2128	120607	0	123718
16384	601	275	447	123934	0	125257
16385	605	409	119405	4442	0	124861
16386	532	119183	2000	2871	0	124586
16387	117789	2006	2141	1061	0	122997
16388	116034	2189	520	807	0	119550
16389	4078	578	316	114685	0	119657
16390	2593	478	113878	2402	0	119351
16391	799	114068	2052	2591	0	119510
16392	792	2506	2032	103237	0	108567
16393	539	114085	537	2166	0	117327
16394	506	114940	422	2192	0	118060
16395	111724	3696	510	907	0	116837
16396	2189	2312	112312	757	0	117570
16397	2294	641	111792	706	0	115433
16398	914	524	3547	109435	0	114420
16399	716	444	2130	113071	0	116361
16400	656	446	113010	3807	0	117919
16401	650	407	1903	111446	0	114406
16402	563	429	113177	2615	0	116784
16403	105204	421	2165	2514	0	110304
16404	2117	494	2059	111282	0	115952
16405	2275	497	112233	2406	0	117411
16406	844	519	1984	105615	0	108962
16407	622	114296	2088	2357	0	119363
16408	113127	1920	601	2547	0	118195
16409	2067	115020	589	1098	0	118774
16410	115278	2105	516	1132	0	119031
16411	2346	2220	112893	972	0	118431
16412	113315	662	1970	1006	0	116953
16413	2399	519	2164	114412	0	119494
16414	2336	515	114506	2579	0	119936
16415	867	519	2104	114485	0	117975
16416	838	509	112945	2777	0	117069
16417	105469	521	2215	2840	0	111045
16418	2151	112128	2298	1319	0	117896
16419	2370	2152	771	102457	0	107750
16420	751	114368	751	2343	0	118213
16421	112476	2173	680	2512	0	117841
16422	112140	2131	652	1345	0	116268
16423	3848	112308	628	1320	0	118104
16424	2459	2193	629	112385	0	117666
16425	1065	2150	620	112879	0	116714
16426	852	709	647	114687	0	116895
16427	109979	585	662	4679	0	115905
16428	2078	110182	762	3222	0	116244
16429	2199	2083	744	107924	0	112950
16430	882	2276	798	109045	0	113001
16431	106466	726	632	4415	0	112239
16432	2307	670	105823	3031	0	111831
16433	2319	634	105158	1603	0	109714
16434	98345	449	3501	1386	0	103681
16435	2113	542	102256	1170	0	106081
16436	1985	592	95111	1035	0	98723
16437	908	688	3308	92029	0	96933
16438	94259	454	2356	2205	0	99274
16439	1966	515	886	94426	0	97793
16440	2095	438	92647	2288	0	97468
16441	86973	439	1915	2263	0	91590
16442	1975	514	90941	1148	0	94578
16443	1775	86888	1892	960	0	91515
16444	1202	1801	2229	86377	0	91609
16445	87038	1573	895	1910	0	91416
16446	1521	616	757	87881	0	90775
16447	1753	586	669	88197	0	91205
16448	89584	314	493	3209	0	93600
16449	1704	346	593	91779	0	94422
16450	1667	336	577	93264	0	95844
16451	739	428	91873	3111	0	96151
16452	629	364	1525	92179	0	94697
16453	92178	391	1739	2126	0	96434
16454	91850	409	655	2001	0	94915
16455	92891	347	660	886	0	94784
16456	3024	456	491	88817	0	92788
16457	1907	89013	510	1807	0	93237
16458	88702	1284	550	1741	0	92277
16459	1549	89935	549	938	0	92971
16460	85466	1290	432	652	0	87840
16461	1681	1187	439	84463	0	87770
16462	82755	416	362	1451	0	84984
16463	82345	243	404	1426	0	84418
16464	82641	153	440	726	0	83960
16465	2231	81053	467	667	0	84418
16466	932	72984	282	416	0	74614
16467	66427	725	219	234	0	67605
16468	475	67222	159	271	0	68127
16469	249	61564	92	115	0	62020
16470	142	61362	163	97	0	61764
16471	60522	400	538	167	0	61627
16472	245	264	51	60046	0	60606
16473	268	63	27	61361	0	61719
16474	61769	36	22	523	0	62350
16475	292	86	63894	308	0	64580
16476	352	40	252	73909	0	74553
16477	126	51	299	76018	0	76494
16478	81	52	61	83287	0	83481
16479	82	67	37	85497	0	85683
16480	68	85236	103	1826	0	87233
16481	64	97026	81	1096	0	98267
16482	98083	2110	52	312	0	100557
16483	1367	1348	43	98518	0	101276
16484	1339	249	60	100008	0	101656
16485	320	154	98149	2732	0	101355
16486	176	76	1390	99820	0	101462
16487	162	166	100693	1800	0	102821
16488	177	92	1630	101278	0	103177
16489	177	145	105431	1806	0	107559
16490	100	104025	1816	1653	0	107594
16491	171	1608	1586	104051	0	107416
16492	104572	1516	322	1852	0	108262
16493	104035	282	169	1738	0	106224
16494	3187	124	156	103395	0	106862
16495	1834	141	103491	1866	0	107332
16496	439	163	103248	1759	0	105609
16497	97390	109	3203	577	0	101279
16498	1636	101349	1886	404	0	105275
16499	103974	1686	399	313	0	106372
16500	102274	1603	188	344	0	104409
16501	3329	383	101193	304	0	105209
16502	2021	178	1756	99439	0	103394
16503	534	157	1647	102853	0	105191
16504	366	172	404	107219	0	108161
16505	300	145	251	105621	0	106317
16506	336	132	236	104753	0	105457
16507	320	210	98987	3926	0	103443
16508	289	183	99291	2302	0	102065
16509	342	130	3435	99090	0	102997
16510	319	138	2024	100988	0	103469
16511	276	184	476	103032	0	103968
16512	99366	201	316	4059	0	103942
16513	2065	205	249	100667	0	103186
16514	100936	163	258	2553	0	103910
16515	2304	169	280	102875	0	105628
16516	104481	144	313	2714	0	107652
16517	105753	159	322	2498	0	108732
16518	105449	158	359	870	0	106836
16519	106117	141	282	801	0	107341
16520	105864	156	330	713	0	107063
16521	4180	230	318	102700	0	107428
16522	104490	169	298	2428	0	107385
16523	2412	102881	312	2302	0	107907
16524	104679	1919	312	908	0	107818
16525	2534	1873	275	104495	0	109177
16526	2349	440	103683	2422	0	108894
16527	784	191	2117	106016	0	109108
16528	662	228	106174	2725	0	109789
16529	610	242	2336	105841	0	109029
16530	627	206	2143	107693	0	110669
16531	614	204	105924	4394	0	111136
16532	614	207	106190	2792	0	109803
16533	582	277	4012	105545	0	110416
16534	105019	197	2376	2769	0	110361
16535	2441	218	106214	2664	0	111537
16536	2315	107434	2268	1314	0	113331
16537	884	1985	111997	976	0	115842
16538	109009	1938	2619	867	0	114433
16539	2496	463	2323	110321	0	115603
16540	113061	216	764	2688	0	116729
16541	113325	182	551	2705	0	116763
16542	4360	205	512	112301	0	117378
16543	2818	296	110987	2786	0	116887
16544	1074	169	2344	111385	0	114972
16545	906	161	2304	111152	0	114523
16546	107156	228	716	4791	0	112891
16547	2501	110026	589	3148	0	116264
16548	2633	2007	516	110165	0	115321
16549	1020	2071	108101	2835	0	114027
16550	102914	433	2359	2827	0	108533
16551	2666	106727	2425	1240	0	113058
16552	2708	2076	761	107700	0	113245
16553	1098	2065	589	108283	0	112035
16554	895	506	559	110744	0	112704
16555	105690	273	511	5006	0	111480
16556	108126	249	532	3154	0	112061
16557	4732	245	521	107977	0	113475
16558	2943	266	107325	3071	0	113605
16559	1019	107886	2481	3060	0	114446
16560	108262	2123	2427	1289	0	114101
16561	110548	2140	754	1159	0	114601
16562	4721	406	577	108372	0	114076
16563	3014	298	605	111349	0	115266
16564	1106	301	110682	4994	0	117083
16565	882	110784	2583	3229	0	117478
16566	112146	2235	2497	1317	0	118195
16567	110193	2217	740	1096	0	114246
16568	4588	109890	660	1040	0	116178
16569	111078	2256	498	949	0	114781
16570	3167	2144	462	108681	0	114454
16571	2871	541	107751	2918	0	114081
16572	1305	338	2373	109177	0	113193
16573	980	317	108262	3214	0	112773
16574	102875	275	2627	2921	0	108698
16575	2669	104098	2421	1271	0	110459
16576	2316	2170	566	93419	0	98471
16577	887	1724	92898	2244	0	97753
16578	717	415	89489	1951	0	92572
16579	82481	635	2997	844	0	86957
16580	1722	84100	1792	741	0	88355
16581	74698	1030	1321	491	0	77540
16582	73086	1047	468	465	0	75066
16583	73735	224	289	493	0	74741
16584	2147	277	433	71567	0	74424
16585	1349	224	71326	1197	0	74096
16586	471	71309	971	1206	0	73957
16587	551	1279	1231	70903	0	73964
16588	432	956	72018	1115	0	74521
16589	322	353	67672	944	0	69291
16590	342	232	1430	66819	0	68823
16591	321	162	67353	865	0	68701
16592	63413	154	866	950	0	65383
16593	872	157	850	67026	0	68905
16594	919	149	256	68580	0	69904
16595	67756	143	278	1494	0	69671
16596	840	67207	270	997	0	69314
16597	70640	707	231	536	0	72114
16598	930	799	253	69820	0	71802
16599	999	198	232	71267	0	72696
16600	414	189	208	72161	0	72972
16601	379	138	225	71153	0	71895
16602	69095	134	233	1618	0	71080
16603	898	224	69404	1024	0	71550
16604	891	68130	735	403	0	70159
16605	347	644	779	68495	0	70265
16606	67556	739	261	849	0	69405
16607	68279	176	197	943	0	69595
16608	1320	68276	245	425	0	70266
16609	67560	634	219	334	0	68747
16610	744	68010	204	328	0	69286
16611	801	69776	190	370	0	71137
16612	381	1294	275	69597	0	71547
16613	306	801	69958	795	0	71860
16614	354	444	626	68700	0	70124
16615	67868	161	765	883	0	69677
16616	731	66735	233	855	0	68554
16617	812	647	185	67072	0	68716
16618	327	775	71880	788	0	73770
16619	71348	174	659	1013	0	73194
16620	74918	157	717	437	0	76229
16621	75414	185	223	348	0	76170
16622	1275	179	72161	274	0	73889
16623	69843	151	645	283	0	70922
16624	703	71796	676	288	0	73463
16625	707	695	167	69320	0	70889
16626	275	72362	200	612	0	73449
16627	72376	584	190	683	0	73833
16628	70086	581	164	334	0	71165
16629	1123	201	73573	226	0	75123
16630	627	73797	550	234	0	75208
16631	284	551	605	73746	0	75186
16632	241	613	223	73996	0	75073
16633	260	152	130	74078	0	74620
16634	284	127	135	75690	0	76236
16635	250	136	139	76271	0	76796
16636	261	175	72173	1316	0	73925
16637	222	70997	656	903	0	72778
16638	70216	636	685	320	0	71857
16639	819	700	71442	254	0	73215
16640	754	72956	683	261	0	74654
16641	73227	641	691	280	0	74839
16642	824	700	75193	221	0	76938
16643	72949	205	758	302	0	74214
16644	73656	143	750	283	0	74832
16645	74678	166	196	247	0	75287
16646	1373	75624	166	319	0	77482
16647	960	817	74018	242	0	76037
16648	242	77103	802	219	0	78366
16649	474	965	782	64250	0	66471
16650	217	77384	188	635	0	78424
16651	76731	785	156	710	0	78382
16652	80914	747	129	308	0	82098
16653	80216	201	126	299	0	80842
16654	1823	195	81983	246	0	84247
16655	1082	86276	943	275	0	88576
16656	379	1069	991	92373	0	94812
16657	98383	1095	234	1232	0	100944
16658	1428	98076	197	1382	0	101083
16659	1532	1389	199	97199	0	100319
16660	427	1489	98269	1398	0	101583
16661	95913	295	1415	1550	0	99173
16662	1691	266	103623	325	0	105905
16663	1704	218	104750	193	0	106865
16664	97205	184	3005	259	0	100653
16665	1675	193	102677	183	0	104728
16666	98071	150	1704	198	0	100123
16667	1672	99010	1693	177	0	102552
16668	102958	1477	416	286	0	105137
16669	1788	1541	265	102785	0	106379
16670	1864	303	228	103782	0	106177
16671	508	168	224	106336	0	107236
16672	104215	148	242	3219	0	107824
16673	104298	166	225	1919	0	106608
16674	105120	176	187	485	0	105968
16675	3289	102414	234	372	0	106309
16676	2058	1453	180	103422	0	107113
16677	598	1687	102452	1584	0	106321
16678	482	333	1526	99422	0	101763
16679	376	99699	1731	1839	0	103645
16680	457	1560	379	100477	0	102873
16681	487	1711	244	100668	0	103110
16682	99979	404	213	3163	0	103759
16683	1817	281	231	101422	0	103751
16684	1923	296	100291	1951	0	104461
16685	595	325	99279	1951	0	102150
16686	514	238	3206	99474	0	103432
16687	98842	213	2116	1914	0	103085
16688	1909	247	566	99023	0	101745
16689	2089	233	441	100289	0	103052
16690	670	271	99483	3356	0	103780
16691	571	98605	1839	2253	0	103268
16692	562	1594	1959	99514	0	103629
16693	98100	1733	595	1946	0	102374
16694	1870	98733	505	2068	0	103176
16695	2100	1671	370	99691	0	103832
16696	811	1809	99425	2030	0	104075
16697	629	476	1750	98537	0	101392
16698	95956	356	1865	2269	0	100446
16699	1863	94907	574	2324	0	99668
16700	2190	1681	96717	772	0	101360
16701	824	1888	1675	95574	0	99961
16702	649	547	98546	2060	0	101802
16703	95204	381	1964	2224	0	99773
16704	96857	416	1987	894	0	100154
16705	3517	408	96887	783	0	101595
16706	2375	349	1911	95734	0	100369
16707	867	454	99486	2107	0	102914
16708	672	97733	2163	2441	0	103009
16709	708	1756	2241	98751	0	103456
16710	789	1856	99021	2189	0	103855
16711	781	666	2068	94018	0	97533
16712	616	97039	2210	2197	0	102062
16713	744	1747	789	98328	0	101608
16714	693	1889	97085	2357	0	102024
16715	92723	517	2029	2478	0	97747
16716	1974	96761	2192	1074	0	102001
16717	98987	1797	745	966	0	102495
16718	2226	1987	93875	878	0	98966
16719	92618	560	1999	918	0	96095
16720	2338	536	94105	835	0	97814
16721	93236	493	2155	856	0	96740
16722	96327	483	2157	956	0	99923
16723	3642	446	840	95142	0	100070
16724	2440	446	741	98171	0	101798
16725	97178	469	635	3806	0	102088
16726	2256	98009	727	2676	0	103668
16727	100222	1859	750	1108	0	103939
16728	2509	2006	734	96863	0	102112
16729	2433	96742	825	2444	0	102444
16730	1182	1923	765	100486	0	104356
16731	990	1957	720	101468	0	105135
16732	945	577	702	100860	0	103084
16733	742	98974	741	4348	0	104805
16734	98576	1788	647	2650	0	103661
16735	2319	2001	494	99408	0	104222
16736	2210	697	98542	2518	0	103967
16737	839	511	96997	2615	0	100962
16738	719	453	99608	1251	0	102031
16739	96310	525	3684	1083	0	101602
16740	98066	453	2298	1048	0	101865
16741	3636	529	96472	1034	0	101671
16742	2290	506	2041	91418	0	96255
16743	903	467	2099	94881	0	98350
16744	747	463	97376	3625	0	102211
16745	674	439	97701	2431	0	101245
16746	825	402	3329	97895	0	102451
16747	97968	320	2241	2200	0	102729
16748	95589	325	892	2226	0	99032
16749	96176	280	737	1049	0	98242
16750	3417	94539	731	1040	0	99727
16751	2138	96064	732	871	0	99805
16752	898	2660	569	92605	0	96732
16753	91742	1504	539	1869	0	95654
16754	1709	499	89896	1745	0	93849
16755	80315	401	1368	939	0	83023
16756	1289	77897	1117	552	0	80855
16757	810	73120	292	309	0	74531
16758	72162	1354	326	313	0	74155
16759	850	72517	229	275	0	73871
16760	691	71483	225	244	0	72643
16761	69252	1752	1215	644	0	72863
16762	626	70942	188	220	0	71976
16763	515	557	112	68806	0	69990
16764	193	460	89	69484	0	70226
16765	68992	162	113	957	0	70224
16766	68801	92	108	573	0	69574
16767	874	70227	131	242	0	71474
16768	535	71561	116	183	0	72395
16769	239	813	70064	130	0	71246
16770	71041	522	647	170	0	72380
16771	76121	151	456	174	0	76902
16772	78665	123	142	183	0	79113
16773	1183	96	102	78617	0	79998
16774	729	85	104	81061	0	81979
16775	81868	100	105	1279	0	83352
16776	872	96	82	82534	0	83584
16777	806	131	82608	888	0	84433
16778	271	100	724	82045	0	83140
16779	165	85015	753	834	0	86767
16780	222	823	152	87113	0	88310
16781	206	772	95	88532	0	89605
16782	240	189	103	89583	0	90115
16783	86947	106	120	1756	0	88929
16784	828	87216	121	1059	0	89224
16785	893	776	83	88784	0	90536
16786	255	847	88640	921	0	90663
16787	229	259	85522	921	0	86931
16788	194	169	1509	87082	0	88954
16789	198	151	916	88568	0	89833
16790	87172	87	206	1654	0	89119
16791	910	143	147	85838	0	87038
16792	918	85447	152	1030	0	87547
16793	319	856	86980	993	0	89148
16794	242	1015	821	87146	0	89224
16795	244	261	89606	1069	0	91180
16796	222	183	906	89044	0	90355
16797	88747	126	909	1045	0	90827
16798	89522	140	227	1056	0	90945
16799	1654	89649	184	417	0	91904
16800	1085	831	143	88855	0	90914
16801	93155	851	136	1057	0	95199
16802	94281	218	162	1072	0	95733
16803	95863	160	189	407	0	96619
16804	96209	159	187	330	0	96885
16805	95241	141	177	338	0	95897
16806	1752	92911	211	287	0	95161
16807	93663	789	165	268	0	94885
16808	1082	857	92290	230	0	94459
16809	1010	200	761	92302	0	94273
16810	94422	144	810	965	0	96341
16811	94209	120	181	1002	0	95512
16812	94421	142	139	372	0	95074
16813	1765	219	92846	329	0	95159
16814	1122	107	793	93092	0	95114
16815	96092	148	864	973	0	98077
16816	969	95624	209	1040	0	97842
16817	100002	817	123	545	0	101487
16818	97998	892	148	368	0	99406
16819	99405	211	131	441	0	100188
16820	1788	269	137	99620	0	101814
16821	101386	178	135	1095	0	102794
16822	1109	232	100655	1070	0	103066
16823	1111	212	99747	381	0	101451
16824	98635	139	1487	427	0	100688
16825	1017	193	102564	285	0	104059
16826	94697	139	789	339	0	95964
16827	949	199	100548	261	0	101957
16828	983	229	710	97464	0	99386
16829	97463	88	807	888	0	99246
16830	822	94037	266	1042	0	96167
16831	97476	590	169	357	0	98592
16832	805	96307	183	340	0	97635
16833	897	100184	187	330	0	101598
16834	395	1200	185	101661	0	103441
16835	300	764	190	102091	0	103345
16836	324	187	177	102438	0	103126
16837	280	188	100172	1491	0	102131
16838	95672	124	735	1092	0	97623
16839	104263	101	859	370	0	105593
16840	105570	144	162	370	0	106246
16841	105911	119	129	359	0	106518
16842	105642	139	266	310	0	106357
16843	1848	180	100100	286	0	102414
16844	1244	204	101036	268	0	102752
16845	488	146	1583	103602	0	105819
16846	485	156	104011	981	0	105633
16847	102452	114	910	1168	0	104644
16848	1229	108991	1060	363	0	111643
16849	1392	1032	192	113628	0	116244
16850	114322	1104	170	1270	0	116866
16851	1469	191	253	115652	0	117565
16852	1561	197	116102	1270	0	119130
16853	550	179	116314	1408	0	118451
16854	446	141	2428	120261	0	123276
16855	450	173	121924	1381	0	123928
16856	116285	139	1394	1526	0	119344
16857	1478	158	1401	120864	0	123901
16858	1659	218	121456	1353	0	124686
16859	527	121175	1286	1720	0	124708
16860	552	1167	1438	124537	0	127694
16861	465	1419	125321	1453	0	128658
16862	486	246	1407	121723	0	123862
16863	454	123	1571	124172	0	126320
16864	458	195	125140	2815	0	128608
16865	470	122	1494	124801	0	126887
16866	494	118	1638	123188	0	125438
16867	533	120	354	125410	0	126417
16868	120525	142	295	2881	0	123843
16869	1487	120735	305	1822	0	124349
16870	1670	121316	259	502	0	123747
16871	479	2477	116615	373	0	119944
16872	108004	1334	1246	455	0	111039
16873	1348	268	115955	258	0	117829
16874	1366	202	113679	297	0	115544
16875	345	214	2175	110670	0	113404
16876	111840	75	1302	1227	0	114444
16877	1111	113671	319	1416	0	116517
16878	114547	1048	317	403	0	116315
16879	111163	1136	210	332	0	112841
16880	2066	113063	221	346	0	115696
16881	113315	1023	334	290	0	114962
16882	111612	1079	228	286	0	113205
16883	1950	114137	248	291	0	116626
16884	1251	1098	222	114633	0	117204
16885	446	1118	215	116896	0	118675
16886	119784	182	183	2160	0	122309
16887	1176	122294	237	1411	0	125118
16888	126031	1182	190	453	0	127856
16889	126322	1276	180	386	0	128164
16890	132932	240	198	438	0	133808
16891	2774	178	184	131242	0	134378
16892	1738	153	197	134096	0	136184
16893	133844	163	177	2961	0	137145
16894	136960	146	166	1806	0	139078
16895	138300	163	183	510	0	139156
16896	3268	171	173	140374	0	143986
16897	1943	287	141607	1780	0	145617
16898	530	133	1635	144569	0	146867
16899	482	169	1811	152676	0	155138
16900	436	228	151166	3689	0	155519
16901	438	256	158865	2369	0	161928
16902	449	208	4004	157741	0	162402
16903	466	238	162241	2411	0	165356
16904	159563	166	2447	2809	0	164985
16905	2377	194	2526	164594	0	169691
16906	2657	195	558	167155	0	170565
16907	169141	194	391	4888	0	174614
16908	2590	190	318	170786	0	173884
16909	2871	168	318	171503	0	174860
16910	791	190	369	174142	0	175492
16911	660	176	337	174806	0	175979
16912	600	308	168892	5214	0	175014
16913	638	206	2233	171736	0	174813
16914	621	273	170196	2999	0	174089
16915	510	170983	2483	3535	0	177511
16916	652	2263	2544	170588	0	176047
16917	708	2568	167309	2914	0	173499
16918	154539	418	2527	3414	0	160898
16919	2537	165730	2791	1209	0	172267
16920	167489	2244	638	1087	0	171458
16921	2936	2536	508	156409	0	162389
16922	2918	160972	568	2659	0	167117
16923	160727	2315	504	3026	0	166572
16924	2613	163443	582	1091	0	167729
16925	164699	2544	448	1008	0	168699
16926	3017	2731	462	161746	0	167956
16927	165674	496	510	2931	0	169611
16928	2830	165916	535	3327	0	172608
16929	167689	2477	421	1225	0	171812
16930	3205	2710	165558	1032	0	172505
16931	3247	579	2551	166245	0	172622
16932	165165	370	2807	3194	0	171536
16933	167104	363	686	3504	0	171657
16934	5378	358	548	164910	0	171194
16935	3366	448	165461	3319	0	172594
16936	1061	160298	2620	3513	0	167492
16937	838	166776	2867	1349	0	171830
16938	166903	4780	1008	1361	0	174052
16939	3005	2763	686	165575	0	172029
16940	3182	606	663	167614	0	172065
16941	165076	432	638	5515	0	171661
16942	162669	455	634	3674	0	167432
16943	5204	476	164304	1641	0	171625
16944	3419	505	2563	161973	0	168460
16945	1251	531	162087	3222	0	167091
16946	957	159340	2606	3465	0	166368
16947	152554	2212	2638	1549	0	158953
16948	2458	156528	805	1512	0	161303
16949	2585	155636	758	1330	0	160309
16950	1590	4150	747	154041	0	160528
16951	150898	2435	593	2979	0	156905
16952	2459	150926	753	3133	0	157271
16953	149610	2243	718	1546	0	154117
16954	2692	148214	741	1317	0	152964
16955	2835	2478	646	147378	0	153337
16956	145558	2412	701	2945	0	151616
16957	2760	828	147626	3073	0	154287
16958	2954	1038	2233	146121	0	152346
16959	1374	745	147560	2958	0	152637
16960	1303	140064	2355	3089	0	146811
16961	1026	145726	2395	1659	0	150806
16962	141887	4018	921	1632	0	148458
16963	2540	145129	789	1403	0	149861
16964	144669	2429	705	1427	0	149230
16965	142771	2410	2894	1443	0	149518
16966	4273	1000	142692	1237	0	149202
16967	140274	882	2308	1277	0	144741
16968	2938	972	146993	1210	0	152113
16969	2969	145643	2488	1193	0	152293
16970	146725	2352	2496	1155	0	152728
16971	2836	147749	905	1157	0	152647
16972	3063	2526	684	147151	0	153424
16973	147765	2602	674	2669	0	153710
16974	3044	1020	553	148559	0	153176
16975	3089	1079	148374	2967	0	155509
16976	1478	944	2167	148354	0	152943
16977	1385	990	2365	148850	0	153590
16978	146733	988	755	4556	0	153032
16979	2952	1002	147124	3103	0	154181
16980	148328	916	2228	1415	0	152887
16981	152746	979	2413	1150	0	157288
16982	5008	861	829	150331	0	157029
16983	3479	865	717	151001	0	156062
16984	148151	754	652	4627	0	154184
16985	3046	149701	767	3041	0	156555
16986	3265	2303	602	146232	0	152402
16987	1462	2432	142747	2406	0	149047
16988	1209	966	138346	2493	0	143014
16989	1036	142319	3674	1093	0	148122
16990	1216	2125	2134	136232	0	141707
16991	1126	2249	627	137484	0	141486
16992	134716	878	470	3690	0	139754
16993	2523	733	475	133959	0	137690
16994	128735	550	496	2187	0	131968
16995	2233	126205	529	2291	0	131258
16996	1981	125791	431	889	0	129092
16997	800	129115	465	771	0	131151
16998	123671	2780	915	899	0	128265
16999	115677	1553	653	646	0	118529
17000	2354	114182	376	643	0	117555
17001	104539	825	305	324	0	105993
17002	927	103737	207	270	0	105141
17003	959	998	120	99427	0	101504
17004	337	101195	178	830	0	102540
17005	100474	930	279	924	0	102607
17006	100700	834	152	358	0	102044
17007	1541	313	112	96593	0	98559
17008	96972	208	131	1002	0	98313
17009	966	255	156	95697	0	97074
17010	885	97135	182	945	0	99147
17011	419	1226	152	96627	0	98424
17012	329	96924	184	885	0	98322
17013	95452	778	148	847	0	97225
17014	869	855	92741	328	0	94793
17015	87773	277	689	360	0	89099
17016	814	189	591	91442	0	93036
17017	785	261	91064	739	0	92849
17018	87511	211	601	837	0	89160
17019	803	261	95951	319	0	97334
17020	828	217	714	95157	0	96916
17021	327	193	682	98462	0	99664
17022	339	188	173	98910	0	99610
17023	335	192	155	101907	0	102589
17024	278	103263	184	1825	0	105550
17025	379	1013	133	109408	0	110933
17026	108489	1010	155	1379	0	111033
17027	1336	299	108272	1236	0	111143
17028	1236	115773	1162	426	0	118597
17029	118787	1387	1157	397	0	121728
17030	127883	1614	232	373	0	130102
17031	3214	366	142	139470	0	143192
17032	2122	388	139609	2094	0	144213
17033	627	321	1901	138581	0	141430
17034	511	242	2163	141428	0	144344
17035	512	248	140880	4202	0	145842
17036	365	144890	2153	2696	0	150104
17037	147663	2316	2398	764	0	153141
17038	148083	2516	423	618	0	151640
17039	152101	485	368	631	0	153585
17040	5230	313	350	147948	0	153841
17041	3289	310	277	154502	0	158378
17042	156070	277	264	5252	0	161863
17043	3180	283	255	148138	0	151856
17044	3236	154268	279	3077	0	160860
17045	161267	2558	253	3150	0	167228
17046	164615	2870	229	982	0	168696
17047	174297	550	229	781	0	175857
17048	175599	367	216	807	0	176989
17049	6901	422	165967	607	0	173897
17050	4361	372	166853	601	0	172187
17051	1480	373	5814	164115	0	171782
17052	1178	332	3560	168975	0	174045
17053	1027	386	166655	6172	0	174240
17054	982	411	167808	3898	0	173099
17055	1059	321	6038	165241	0	172659
17056	166389	251	3841	3479	0	173960
17057	3532	287	1119	165060	0	169998
17058	3852	290	164641	3687	0	172470
17059	1157	165023	3306	3994	0	173480
17060	166565	2819	3602	1420	0	174406
17061	169027	3219	1038	1192	0	174476
17062	171865	678	871	1099	0	174513
17063	172347	440	803	997	0	174587
17064	7088	526	163806	975	0	172395
17065	4579	455	3190	163762	0	171986
17066	165839	455	3562	3579	0	173435
17067	4238	436	1048	166988	0	172710
17068	4577	384	810	157109	0	162880
17069	1812	159884	711	6396	0	168803
17070	1732	2930	650	163330	0	168642
17071	158897	3261	844	4054	0	167056
17072	3788	159880	946	4288	0	168902
17073	160217	3180	738	1633	0	165768
17074	4208	161480	727	1500	0	167915
17075	4556	3442	690	146285	0	154973
17076	1885	155398	847	3617	0	161747
17077	1452	159032	799	4127	0	165410
17078	155794	5963	867	1770	0	164394
17079	4186	4013	153507	1576	0	163282
17080	4392	1266	151551	1449	0	158658
17081	1942	1160	152330	1311	0	156743
17082	141627	1003	6165	1403	0	150198
17083	4060	146951	3991	1528	0	156530
17084	4356	150268	1429	1539	0	157592
17085	142151	5953	1051	1392	0	150547
17086	4297	145115	1121	1392	0	151925
17087	4446	146722	1168	1477	0	153813
17088	2247	6148	1160	145478	0	155033
17089	2086	4120	144433	3989	0	154628
17090	2128	1530	146253	4268	0	154179
17091	2177	1299	6162	145231	0	154869
17092	143398	1232	4136	4186	0	152952
17093	4348	145578	1762	4447	0	156135
17094	4779	3680	1378	147156	0	156993
17095	2636	3889	146500	4124	0	157149
17096	2392	1589	144899	4520	0	153400
17097	2273	1390	6341	142188	0	152192
17098	142058	1124	4395	4423	0	152000
17099	144397	1162	1769	4554	0	151882
17100	7540	1175	141468	2045	0	152228
17101	143104	1021	4032	1940	0	150097
17102	5036	1174	144182	1715	0	152107
17103	5347	913	4444	129330	0	140034
17104	2740	139633	4464	3905	0	150742
17105	142602	3386	2018	4035	0	152041
17106	5015	3684	1711	142672	0	153082
17107	5117	1321	1821	143180	0	151439
17108	2730	1009	1748	148217	0	153704
17109	2472	944	1756	148463	0	153635
17110	2255	1087	139756	7579	0	150677
17111	2265	139065	4234	5193	0	150757
17112	2407	3567	4304	140348	0	150626
17113	139694	3772	1804	4651	0	149921
17114	4790	1442	1520	143102	0	150854
17115	4922	1280	1548	143336	0	151086
17116	2386	1286	139463	7354	0	150489
17117	2182	1385	138087	5169	0	146823
17118	2164	136020	6590	2702	0	147476
17119	2137	137120	4473	2346	0	146076
17120	2059	5937	1799	132933	0	142728
17121	132369	4066	1526	4402	0	142363
17122	4169	1716	130608	4529	0	141022
17123	4189	127926	3502	2264	0	137881
17124	2392	3319	3618	115753	0	125082
17125	1523	121897	1433	3415	0	128268
17126	1753	3404	1098	111781	0	118036
17127	1417	118374	1154	3339	0	124284
17128	1486	3063	862	108999	0	114410
17129	103008	2810	838	3034	0	109690
17130	2278	94213	872	2673	0	100036
17131	1830	2503	503	79715	0	84551
17132	77441	1749	643	1816	0	81649
17133	1547	78077	542	1953	0	82119
17134	1433	73679	450	888	0	76450
17135	812	75208	483	823	0	77326
17136	1000	2154	1058	67845	0	72057
17137	397	1402	531	66980	0	69310
17138	309	67006	363	1901	0	69579
17139	447	1251	369	67110	0	69177
17140	713	1239	66893	1173	0	70018
17141	315	65054	825	1018	0	67212
17142	374	4243	785	56569	0	61971
17143	278	62167	299	745	0	63489
17144	381	796	58104	729	0	60010
17145	212	57782	619	292	0	58905
17146	48445	835	750	339	0	50369
17147	421	418	108	47786	0	48733
17148	47610	68	98	392	0	48168
17149	324	90	47266	377	0	48057
17150	334	77	306	47516	0	48233
17151	112	99	48236	353	0	48800
17152	85	76	327	48009	0	48497
17153	49014	83	365	418	0	49880
17154	334	64	70	49254	0	49722
17155	48929	87	60	408	0	49484
17156	306	49734	59	460	0	50559
17157	49578	328	47	170	0	50123
17158	354	378	50546	128	0	51406
17159	356	50499	332	140	0	51327
17160	83	318	325	50202	0	50928
17161	166	342	59	49849	0	50416
17162	84	118	48931	650	0	49783
17163	63	49253	299	447	0	50062
17164	76	314	323	47804	0	48517
17165	44	49625	77	307	0	50053
17166	74	327	48	47391	0	47840
17167	37	49035	47	318	0	49437
17168	47853	312	43	327	0	48535
17169	292	343	60	48331	0	49026
17170	334	84	47622	319	0	48359
17171	63	48096	247	409	0	48815
17172	41	49236	280	139	0	49696
17173	134	540	48180	95	0	48949
17174	44	48968	290	90	0	49392
17175	69	279	256	48049	0	48653
17176	76	302	48960	264	0	49602
17177	58	59	257	48296	0	48670
17178	54	57	283	49619	0	50013
17179	61	85	49144	537	0	49827
17180	45059	53	283	366	0	45761
17181	261	55	290	49481	0	50087
17182	327	76	51484	296	0	52183
17183	44	52193	278	350	0	52865
17184	52320	263	300	127	0	53010
17185	263	52667	74	119	0	53123
17186	308	280	51	52659	0	53298
17187	52276	307	52	346	0	52981
17188	295	78	48	52313	0	52734
17189	316	87	54130	328	0	54861
17190	107	67	300	53216	0	53690
17191	73	76	54227	343	0	54719
17192	51384	71	331	451	0	52237
17193	351	105	53754	111	0	54321
17194	53480	69	312	187	0	54048
17195	54165	58	352	169	0	54744
17196	672	89	54154	102	0	55017
17197	404	93	53207	99	0	53803
17198	86	54693	688	111	0	55578
17199	55968	352	424	127	0	56871
17200	395	404	102	56434	0	57335
17201	432	111	77	56731	0	57351
17202	60097	75	103	959	0	61234
17203	61157	79	84	561	0	61881
17204	61513	88	99	176	0	61876
17205	61112	79	89	142	0	61422
17206	770	79	80	59593	0	60522
17207	60466	93	94	488	0	61141
17208	441	88	76	60540	0	61145
17209	503	93	89	60393	0	61078
17210	169	76	82	61227	0	61554
17211	145	123	59828	819	0	60915
17212	126	59149	394	532	0	60201
17213	124	59965	436	194	0	60719
17214	132	696	129	59970	0	60927
17215	60115	440	104	477	0	61136
17216	443	115	85	60194	0	60837
17217	59860	77	83	538	0	60558
17218	448	118	60622	494	0	61682
17219	58500	91	393	213	0	59197
17220	450	99	435	61575	0	62559
17221	63321	91	138	516	0	64066
17222	62898	85	80	576	0	63639
17223	64034	94	95	240	0	64463
17224	917	96	84	63323	0	64420
17225	577	145	62855	485	0	64062
17226	189	103	466	62986	0	63744
17227	64025	95	497	557	0	65174
17228	573	149	71938	580	0	73240
17229	660	108	533	77509	0	78810
17230	81166	83	595	804	0	82648
17231	750	138	83442	762	0	85092
17232	87393	75	695	341	0	88504
17233	91654	84	770	293	0	92801
17234	1636	75	192	92767	0	94670
17235	1033	93	145	94763	0	96034
17236	94142	67	127	1858	0	96194
17237	1031	94	117	98823	0	100065
17238	96659	74	115	1315	0	98163
17239	1126	99047	133	1211	0	101517
17240	997	99776	105	312	0	101190
17241	308	1933	125	99002	0	101368
17242	271	1101	102254	1123	0	104749
17243	175	102469	1064	1151	0	104859
17244	99535	1134	1142	406	0	102217
17245	1006	100697	206	258	0	102167
17246	1071	1130	99667	164	0	102032
17247	308	1014	1035	97553	0	99910
17248	272	326	101650	1180	0	103428
17249	173	104598	1123	1174	0	107068
17250	286	1072	1015	101190	0	103563
17251	164	104023	259	964	0	105410
17252	228	1075	104128	965	0	106396
17253	192	987	1030	101933	0	104142
17254	199	264	105725	1132	0	107320
17255	202	156	1128	103623	0	105109
17256	103861	123	1028	1352	0	106364
17257	1145	169	103193	1111	0	105618
17258	97354	151	1080	371	0	98956
17259	1213	179	102248	227	0	103867
17260	1117	123	1163	100441	0	102844
17261	347	167	107810	1205	0	109529
17262	318	154	1165	107183	0	108820
17263	280	142	1118	108912	0	110452
17264	289	142	302	108989	0	109722
17265	255	131	202	110363	0	110951
17266	245	207	113606	2231	0	116289
17267	107798	144	1146	1589	0	110677
17268	1171	151	1069	121224	0	123615
17269	120979	141	311	1423	0	122854
17270	122368	153	229	1320	0	124070
17271	124734	159	246	536	0	125675
17272	2295	153	223	125957	0	128628
17273	1390	178	211	123867	0	125646
17274	390	127469	235	2233	0	130327
17275	129121	1150	233	1386	0	131890
17276	129756	1112	226	484	0	131578
17277	130509	277	223	488	0	131497
17278	2472	219	133196	400	0	136287
17279	1496	188	1261	131987	0	134932
17280	514	271	134275	1406	0	136466
17281	129011	160	1357	1465	0	131993
17282	134205	172	1302	647	0	136326
17283	2427	177	369	132662	0	135635
17284	1513	165	322	130888	0	132888
17285	485	136778	319	2408	0	139990
17286	137329	1154	293	1534	0	140310
17287	137768	1175	289	609	0	139841
17288	2395	137082	353	535	0	140365
17289	139324	1146	302	560	0	141332
17290	1537	1128	248	140436	0	143349
17291	1413	302	257	142410	0	144382
17292	142437	211	255	2514	0	145417
17293	1446	320	143961	1495	0	147222
17294	141229	171	1213	762	0	143375
17295	145472	190	1216	578	0	147456
17296	2308	144491	406	552	0	147757
17297	146342	1158	278	536	0	148314
17298	1567	1254	144528	481	0	147830
17299	1492	291	1258	144192	0	147233
17300	145098	193	1205	1489	0	147985
17301	1492	223	363	145657	0	147735
17302	1452	356	141294	1478	0	144580
17303	581	194	1242	137789	0	139806
17304	493	154526	1283	1606	0	157908
17305	556	1281	389	159230	0	161456
17306	538	1222	304	162251	0	164315
17307	588	327	309	162061	0	163285
17308	497	246	285	163454	0	164482
17309	552	390	160961	2663	0	164566
17310	507	230	1303	161199	0	163239
17311	161090	199	1302	1758	0	164349
17312	1432	161184	504	1679	0	164799
17313	1514	1251	256	164617	0	167638
17314	661	1341	165607	1571	0	169180
17315	535	285	1346	166072	0	168238
17316	166944	196	1307	1944	0	170391
17317	166424	204	381	1723	0	168732
17318	165657	198	318	805	0	166978
17319	2699	198	324	166914	0	170135
17320	1713	266	166927	1618	0	170524
17321	635	165378	1315	1641	0	168969
17322	166790	1175	1264	804	0	170033
17323	1558	1134	352	166171	0	169215
17324	1550	446	337	167028	0	169361
17325	692	328	167444	2507	0	170971
17326	570	165048	1255	1642	0	168515
17327	494	169532	1260	701	0	171987
17328	904	2858	519	160333	0	164614
17329	548	1145	155245	1354	0	158292
17330	137623	283	1111	1375	0	140392
17331	1296	303	151264	395	0	153258
17332	133105	202	896	664	0	134867
17333	1043	151065	889	509	0	153506
17334	1031	795	148345	389	0	150560
17335	140447	716	791	455	0	142409
17336	892	147863	794	450	0	149999
17337	150168	513	228	620	0	151529
17338	809	617	151767	321	0	153514
17339	619	152391	539	360	0	153909
17340	153519	499	642	432	0	155092
17341	694	608	150959	283	0	152544
17342	148105	115	535	349	0	149104
17343	572	137	544	150365	0	151618
17344	151921	149	187	656	0	152913
17345	598	112	127	152573	0	153410
17346	152184	100	136	695	0	153115
17347	655	230	155414	672	0	156971
17348	652	100	550	156455	0	157757
17349	259	154	580	156199	0	157192
17350	283	230	158385	1156	0	160054
17351	238	100	650	162322	0	163310
17352	297	140428	1008	1235	0	142968
17353	242	732	183	181315	0	182472
17354	280	843	178	194048	0	195349
17355	322	189	158	210567	0	211236
17356	304	276	207467	3240	0	211287
17357	188812	133	1886	2307	0	193138
17358	2062	136	1724	218520	0	222442
17359	2063	300	224276	2191	0	228830
17360	213387	137	2280	2378	0	218182
17361	225808	135	2066	707	0	228716
17362	232323	183	444	614	0	233564
17363	4834	165	265	230012	0	235276
17364	2840	174	233	253624	0	256871
17365	798	205	297	246603	0	247903
17366	464	248035	378	5728	0	254605
17367	247252	2893	316	3359	0	253820
17368	248536	2798	295	990	0	252619
17369	5944	441	314	244056	0	250755
17370	3534	315	242889	3296	0	250034
17371	1051	401	244149	3270	0	248871
17372	568	241754	5774	1016	0	249112
17373	988	4634	3344	237010	0	245976
17374	241770	2844	580	3429	0	248623
17375	3215	244455	425	3472	0	251567
17376	253237	3244	339	1015	0	257835
17377	252878	3063	372	803	0	257116
17378	254412	579	340	787	0	256118
17379	6898	420	357	251730	0	259405
17380	4210	304	420	268727	0	273661
17381	272568	309	400	7384	0	280661
17382	4580	398	335	279838	0	285151
17383	4206	403	277516	4878	0	287003
17384	277134	329	4155	4454	0	286072
17385	4785	427	3832	279694	0	288738
17386	4563	321	616	284505	0	290005
17387	1483	321	385	289595	0	291784
17388	1106	473	278748	8728	0	289055
17389	253326	312	4509	5547	0	263694
17390	4996	412	280236	1455	0	287099
17391	4944	358	4747	274608	0	284657
17392	1389	484	283060	5145	0	290078
17393	1161	320	4999	274821	0	281301
17394	1218	337	4512	280566	0	286633
17395	1247	427	286816	9106	0	297596
17396	1495	497	4962	262945	0	269899
17397	1062	288081	4695	5393	0	299231
17398	286120	4535	1088	5019	0	296762
17399	290877	4304	799	1854	0	297834
17400	9433	692	742	288707	0	299574
17401	5635	546	292807	5832	0	304820
17402	1696	285717	5185	5715	0	298313
17403	1296	295910	4925	2191	0	304322
17404	279502	8415	1315	1857	0	291089
17405	5608	4797	276086	1591	0	288082
17406	275838	958	5053	1847	0	283696
17407	5949	673	4905	274498	0	286025
17408	5514	620	1332	279012	0	286478
17409	268621	642	1081	9898	0	280242
17410	5454	270645	1072	6716	0	283887
17411	5413	4764	273799	2311	0	286287
17412	2149	4528	5235	266603	0	278515
17413	1708	1084	278411	6164	0	287367
17414	1500	272423	5956	6010	0	285889
17415	1731	4725	5298	273332	0	285086
17416	273053	4677	1619	6282	0	285631
17417	275871	1054	1452	6136	0	284513
17418	9909	1275	272512	2543	0	286239
17419	6131	272755	5491	2155	0	286532
17420	269863	4974	5181	2113	0	282131
17421	5876	275970	1745	2325	0	285916
17422	5980	5426	1292	269444	0	282142
17423	271060	4911	1399	6114	0	283484
17424	6108	1429	1381	275723	0	284641
17425	5968	1281	269107	6761	0	283117
17426	2653	952	5444	273004	0	282053
17427	2299	1282	272713	6663	0	282957
17428	2112	1116	5896	270480	0	279604
17429	269408	948	5451	6948	0	282755
17430	6079	271143	1969	6583	0	285774
17431	274755	5283	1753	2899	0	284690
17432	6617	5192	1550	270533	0	283892
17433	6314	1568	1519	272171	0	281572
17434	2622	1460	258419	10800	0	273301
17435	2248	1295	270423	6825	0	280791
17436	2125	268354	9903	3327	0	283709
17437	2443	5448	268285	2450	0	278626
17438	244690	5196	6416	2774	0	259076
17439	6156	260099	5949	2775	0	274979
17440	6016	266129	2253	2632	0	277030
17441	2473	271128	1897	2610	0	278108
17442	2609	10518	1504	261759	0	276390
17443	2333	6115	264900	6781	0	280129
17444	2033	267204	6221	6949	0	282407
17445	2533	6024	5922	241265	0	255744
17446	1845	271745	2234	6372	0	282196
17447	262607	6044	1916	6152	0	276719
17448	266133	5448	1873	2973	0	276427
17449	10360	1765	2005	261099	0	275229
17450	6645	1689	1773	260758	0	270865
17451	246131	1325	1757	10342	0	259555
17452	5754	240928	1762	6856	0	255300
17453	5240	240660	1773	2931	0	250604
17454	2684	9295	1513	219739	0	233231
17455	1467	4645	207639	4992	0	218743
17456	1255	206930	4531	4776	0	217492
17457	197359	4331	4750	1868	0	208308
17458	3956	197163	1748	1659	0	204526
17459	3887	195031	1284	1671	0	201873
17460	185293	6669	1527	1537	0	195026
17461	3756	192728	1143	1567	0	199194
17462	3903	4285	186496	1294	0	195978
17463	1279	188976	3803	1323	0	195381
17464	164120	3355	3585	996	0	172056
17465	2754	166722	965	904	0	171345
17466	165625	3126	1107	855	0	170713
17467	3165	2989	653	162995	0	169802
17468	2870	1112	611	167321	0	171914
17469	1195	1039	166802	4804	0	173840
17470	933	168009	2558	3102	0	174602
17471	972	2854	2567	169735	0	176128
17472	169309	2812	775	2996	0	175892
17473	169025	990	635	2934	0	173584
17474	4624	171120	623	1221	0	177588
17475	2906	2940	644	169350	0	175840
17476	169730	2768	543	2869	0	175910
17477	170534	1066	770	2837	0	175207
17478	4823	955	164503	977	0	171258
17479	2959	874	154385	613	0	158831
17480	1047	808	151124	536	0	153515
17481	499	144810	3368	554	0	149231
17482	138531	1870	3302	465	0	144168
17483	1715	138928	623	415	0	141681
17484	137207	1873	678	442	0	140200
17485	1812	140920	373	441	0	143546
17486	1774	1903	300	141129	0	145106
17487	142280	1759	314	1662	0	146015
17488	1799	662	143571	1658	0	147690
17489	140745	489	1591	534	0	143359
17490	144748	434	1585	433	0	147200
17491	3003	144213	445	484	0	148145
17492	1634	145359	288	444	0	147725
17493	148937	2703	637	440	0	152717
17494	1816	1705	151370	292	0	155183
17495	141115	981	1798	501	0	144395
17496	142707	403	1562	416	0	145088
17497	2809	334	310	139834	0	143287
17498	143661	336	233	1452	0	145682
17499	1762	382	176	145854	0	148174
17500	1638	350	192	148468	0	150648
17501	681	302	220	143938	0	145141
17502	495	143949	283	2611	0	147338
17503	144819	1416	264	1561	0	148060
17504	146340	1436	274	505	0	148555
17505	2822	435	278	145503	0	149038
17506	1865	397	267	143188	0	145717
17507	634	145266	334	2546	0	148780
17508	144616	1503	365	1577	0	148061
17509	1738	1627	144231	468	0	148064
17510	1747	576	1395	144575	0	148293
17511	703	539	144578	1524	0	147344
17512	700	454	1453	143557	0	146164
17513	686	477	144233	1611	0	147007
17514	661	440	1489	140264	0	142854
17515	140203	396	1444	1770	0	143813
17516	1795	464	141715	1564	0	145538
17517	136804	347	1512	617	0	139280
17518	1933	143916	1569	530	0	147948
17519	1790	1543	491	145498	0	149322
17520	850	1597	348	147196	0	149991
17521	149878	549	359	2905	0	153691
17522	1910	481	340	157245	0	159976
17523	2023	487	163727	1719	0	167956
17524	158292	408	1363	1977	0	162040
17525	167395	399	1394	915	0	170103
17526	168280	338	372	738	0	169728
17527	167549	398	282	728	0	168957
17528	3161	164307	357	729	0	168554
17529	1883	1315	295	163062	0	166555
17530	162260	1282	287	1675	0	165504
17531	1811	503	324	161499	0	164137
17532	159218	392	379	1583	0	161572
17533	1894	358	156238	1470	0	159960
17534	1774	384	155955	666	0	158779
17535	945	1849	2200	145679	0	150673
17536	631	153802	1403	1467	0	157303
17537	605	159107	516	1698	0	161926
17538	155016	2124	582	1004	0	158726
17539	1531	1238	156130	730	0	159629
17540	141407	342	1201	785	0	143735
17541	1441	154261	1304	668	0	157674
17542	155980	1037	427	664	0	158108
17543	1593	1093	317	153508	0	156511
17544	1476	642	156735	1481	0	160334
17545	855	307	1139	155989	0	158290
17546	757	322	1138	154410	0	156627
17547	635	155336	477	2250	0	158698
17548	583	161821	445	1516	0	164365
17549	767	1940	321	159108	0	162136
17550	706	163391	412	1746	0	166255
17551	804	1281	160119	1320	0	163524
17552	809	1147	157581	668	0	160205
17553	145206	417	2087	767	0	148477
17554	160082	344	1278	639	0	162343
17555	2392	158011	442	641	0	161486
17556	1587	1189	357	157105	0	160238
17557	832	1153	327	159072	0	161384
17558	711	532	158564	2241	0	162048
17559	680	319	1274	149206	0	151479
17560	636	156860	1289	1556	0	160341
17561	712	1266	153698	1317	0	156993
17562	759	1241	153337	584	0	155921
17563	693	147933	2145	878	0	151649
17564	805	1333	152536	538	0	155212
17565	727	1243	1251	148954	0	152175
17566	690	548	1189	142095	0	144522
17567	690	556	152884	2234	0	156364
17568	715	573	1206	148765	0	151259
17569	517	148133	1363	1541	0	151554
17570	535	152935	531	1561	0	155562
17571	552	2138	466	147938	0	151094
17572	626	1223	149259	1371	0	152479
17573	464	150099	1254	1364	0	153181
17574	901	1641	1389	146997	0	150928
17575	443	1092	145329	1143	0	148007
17576	133320	317	976	1167	0	135780
17577	144542	249	923	446	0	146160
17578	145179	268	333	424	0	146204
17579	1748	239	285	142352	0	144624
17580	1021	241	287	143520	0	145069
17581	443	270	147093	1746	0	149552
17582	324	243	984	145255	0	146806
17583	373	294	967	149440	0	151074
17584	328	326	147254	1745	0	149653
17585	121756	230	982	1370	0	124338
17586	882	139522	938	523	0	141865
17587	139713	801	318	375	0	141207
17588	854	138521	259	457	0	140091
17589	949	1009	241	137904	0	140103
17590	382	964	137685	950	0	139981
17591	390	531	915	133232	0	135068
17592	284	336	135320	1094	0	137034
17593	107729	226	964	1174	0	110093
17594	733	245	129482	363	0	130823
17595	746	234	856	123304	0	125140
17596	352	224	130384	864	0	131824
17597	237	132934	928	907	0	135006
17598	401	872	820	139001	0	141094
17599	362	846	299	140800	0	142307
17600	361	180	197	147312	0	148050
17601	308	179	146705	2467	0	149659
17602	280	224	150629	1607	0	152740
17603	230	137	2631	149527	0	152525
17604	251	139	1594	176741	0	178725
17605	310	162	427	187214	0	188113
17606	189276	177	325	4628	0	194406
17607	2500	196	293	197324	0	200313
17608	2673	317	202041	3036	0	208067
17609	205277	236	2691	3134	0	211338
17610	2983	286	2978	214008	0	220255
17611	221452	192	1176	3473	0	226293
17612	224008	154	528	3659	0	228349
17613	6306	173	481	223675	0	230635
17614	225803	120	575	3687	0	230185
17615	225724	176	473	3929	0	230302
17616	6566	245	224884	1154	0	232849
17617	4039	227013	3310	982	0	235344
17618	1272	3039	3477	220472	0	228260
17619	782	3343	774	229266	0	234165
17620	227555	618	506	6815	0	235494
17621	225366	310	544	4418	0	230638
17622	224732	248	544	1681	0	227205
17623	7170	340	207953	1189	0	216652
17624	4448	209264	3506	1180	0	218398
17625	209050	3030	3725	1173	0	216978
17626	3730	212881	1119	1056	0	218786
17627	214319	3557	622	1195	0	219693
17628	4315	3464	565	211341	0	219685
17629	213807	701	595	4057	0	219160
17630	213574	456	529	4212	0	218771
17631	216990	315	480	1561	0	219346
17632	7772	440	212337	1204	0	221753
17633	215550	307	3333	1289	0	220479
17634	4742	214539	3722	1266	0	224269
17635	222156	3296	924	1211	0	227587
17636	223148	3633	634	1247	0	228662
17637	227405	820	625	1329	0	230179
17638	8507	539	713	213021	0	222780
17639	5563	219379	637	4000	0	229579
17640	220650	3517	625	4319	0	229111
17641	5306	3902	219959	1570	0	230737
17642	5335	221090	3721	1329	0	231475
17643	2992	3877	3807	195979	0	206655
17644	2216	219208	1079	3373	0	225876
17645	217226	4160	918	3741	0	226045
17646	223576	4265	726	1358	0	229925
17647	8526	1242	703	220160	0	230631
17648	5890	1062	214801	4731	0	226484
17649	2631	215813	3862	5158	0	227464
17650	3376	4146	4606	178485	0	190613
17651	2417	4267	1477	216588	0	224749
17652	2439	1250	1153	226819	0	231661
17653	225362	952	1054	8721	0	236089
17654	228237	919	1032	5686	0	235874
17655	231952	919	807	2223	0	235901
17656	233241	938	737	2085	0	237001
17657	10208	918	812	225423	0	237361
17658	7131	1051	227588	5230	0	241000
17659	3674	893	4197	232522	0	241286
17660	3253	838	4556	232023	0	240670
17661	3458	912	1444	235039	0	240853
17662	3767	937	992	235804	0	241500
17663	228697	903	1195	9945	0	240740
17664	7039	945	1340	231236	0	240560
17665	232334	818	1222	6289	0	240663
17666	231872	1031	1187	6398	0	240488
17667	11146	1109	224272	2968	0	239495
17668	8239	1101	222906	2733	0	234979
17669	4731	990	230126	2944	0	238791
17670	4507	1293	8166	220913	0	234879
17671	4441	1182	229335	5587	0	240545
17672	4077	1327	5140	224721	0	235265
17673	3760	1441	4966	227035	0	237202
17674	228519	1308	1752	9576	0	241155
17675	7376	1339	1321	224746	0	234782
17676	7671	231360	1458	6201	0	246690
17677	235947	4446	1492	5874	0	247759
17678	7356	239649	1602	3134	0	251741
17679	7434	5268	239820	2636	0	255158
17680	4230	245053	4746	2499	0	256528
17681	238807	5347	5016	2431	0	251601
17682	7537	5277	1599	236979	0	251392
17683	7837	2167	235665	5459	0	251128
17684	236643	1555	4516	5790	0	248504
17685	7840	1513	4765	237044	0	251162
17686	8367	1584	237433	5193	0	252577
17687	4990	1388	4750	240531	0	251659
17688	4329	1367	5092	241243	0	252031
17689	4354	1541	1946	239883	0	247724
17690	4196	239145	1534	9142	0	254017
17691	242812	4609	1470	6173	0	255064
17692	7619	5002	1446	235853	0	249920
17693	7429	240018	1419	5624	0	254490
17694	4154	5114	1133	243283	0	253684
17695	3838	5659	238653	5897	0	254047
17696	3634	240448	4641	5951	0	254674
17697	237187	4845	5024	2957	0	250013
17698	234773	5135	1820	2398	0	244126
17699	9049	2209	1286	227742	0	240286
17700	6302	1789	1188	228428	0	237707
17701	225962	1416	1345	7967	0	236690
17702	219283	1285	1293	5831	0	227692
17703	8141	220160	1455	3065	0	232821
17704	194948	2933	1225	1773	0	200879
17705	4178	2894	185031	1318	0	193421
17706	3957	964	182686	1331	0	188938
17707	1440	178538	4411	1338	0	185727
17708	1088	177057	2963	1156	0	182264
17709	163994	3565	3414	914	0	171887
17710	1905	165810	881	814	0	169410
17711	163127	1762	681	735	0	166305
17712	160773	1762	391	688	0	163614
17713	159786	499	357	742	0	161384
17714	3324	420	362	156297	0	160403
17715	158854	343	406	1949	0	161552
17716	2145	469	156026	1901	0	160541
17717	2099	442	156337	745	0	159623
17718	805	156019	2886	884	0	160594
17719	743	1567	158295	729	0	161334
17720	678	1760	1788	150854	0	155080
17721	655	537	159037	1802	0	162031
17722	714	515	156404	1852	0	159485
17723	673	419	2833	155156	0	159081
17724	156957	371	1841	1873	0	161042
17725	157676	356	643	1969	0	160644
17726	3026	454	161253	748	0	165481
17727	156875	370	1630	833	0	159708
17728	2002	455	164480	593	0	167530
17729	161357	371	1816	734	0	164278
17730	169209	300	1785	898	0	172192
17731	3211	352	667	167370	0	171600
17732	2138	348	524	163334	0	166344
17733	855	162317	547	3015	0	166734
17734	754	166217	526	1910	0	169407
17735	752	2654	473	161981	0	165860
17736	843	1687	472	162674	0	165676
17737	157249	514	384	2668	0	160815
17738	1565	157615	474	1787	0	161441
17739	157077	1396	392	724	0	159589
17740	1627	159287	465	686	0	162065
17741	1746	1626	156474	522	0	160368
17742	833	1567	1450	156580	0	160430
17743	157962	515	1593	1617	0	161687
17744	166108	383	440	1807	0	168738
17745	3123	170070	492	763	0	174448
17746	2015	173016	435	530	0	175996
17747	670	176518	439	526	0	178153
17748	747	4163	486	179405	0	184801
17749	712	2328	180383	2283	0	185706
17750	552	179857	2172	2254	0	184835
17751	751	2328	2268	176940	0	182287
17752	517	1987	483	179881	0	182868
17753	528	639	177807	3744	0	182718
17754	562	457	176680	2261	0	179960
17755	169855	336	3870	803	0	174864
17756	2384	454	183664	491	0	186993
17757	180189	345	2264	615	0	183413
17758	178361	323	2226	532	0	181442
17759	179943	367	564	521	0	181395
17760	179255	346	422	582	0	180605
17761	4247	437	173380	537	0	178601
17762	2461	174787	2087	552	0	179887
17763	940	2097	2084	173415	0	178536
17764	841	2219	175390	2122	0	180572
17765	742	651	2093	171093	0	174579
17766	719	160026	2450	2351	0	165546
17767	786	2193	592	180159	0	183730
17768	804	2224	463	180090	0	183581
17769	754	637	479	179949	0	181819
17770	176143	508	497	4259	0	181407
17771	2416	533	505	177959	0	181413
17772	2544	525	481	177112	0	180662
17773	822	491	582	175967	0	177862
17774	546	168588	739	4279	0	174152
17775	167471	2118	517	2705	0	172811
17776	2201	163015	606	1051	0	166873
17777	2200	166794	573	742	0	170309
17778	943	3756	593	166466	0	171758
17779	849	2498	487	166834	0	170668
17780	165096	570	498	4507	0	170671
17781	2670	451	505	169504	0	173130
17782	170955	411	445	2889	0	174700
17783	200482	469	480	2931	0	204362
17784	6017	526	456	199964	0	206963
17785	4053	484	516	196761	0	201814
17786	1079	202567	560	6732	0	210938
17787	207806	3630	505	4243	0	216184
17788	3886	215850	565	1630	0	221931
17789	216034	4291	576	1179	0	222080
17790	4599	4194	211840	1013	0	221646
17791	211650	1079	3723	1178	0	217630
17792	221453	710	3794	1216	0	227173
17793	8139	672	858	215322	0	224991
17794	4983	752	216582	4781	0	227098
17795	1463	217568	4137	5014	0	228182
17796	1456	4583	4104	221419	0	231562
17797	1330	4506	220480	4969	0	231285
17798	1245	1464	4323	220056	0	227088
17799	213983	802	4362	5222	0	224369
17800	5075	710	215138	4783	0	225706
17801	4911	212274	4365	1761	0	223311
17802	1844	218602	4384	1377	0	226207
17803	2015	8291	1367	181668	0	193341
17804	1243	218437	942	3659	0	224281
17805	215688	5118	785	4197	0	225788
17806	216666	4575	744	1751	0	223736
17807	218837	1322	931	1404	0	222494
17808	8793	1192	207345	1297	0	218627
17809	211863	959	4368	1441	0	218631
17810	5471	1056	4429	208252	0	219208
17811	5126	1046	1087	212385	0	219644
17812	2028	978	790	215845	0	219641
17813	1572	939	1263	216633	0	220407
17814	1508	1080	208743	9125	0	220456
17815	1579	1044	209410	5745	0	217778
17816	1565	886	210780	2287	0	215518
17817	194807	854	8618	1885	0	206164
17818	5104	202034	5170	1921	0	214229
17819	5282	4530	1438	199971	0	211221
17820	197755	4660	981	5513	0	208909
17821	4897	201189	1135	5428	0	212649
17822	5029	205722	1017	2263	0	214031
17823	202142	8298	984	1818	0	213242
17824	203632	5083	1104	1571	0	211390
17825	8832	204026	1146	1858	0	215862
17826	6139	4833	973	187995	0	199940
17827	2495	202368	994	4803	0	210660
17828	199096	5224	894	4992	0	210206
17829	200118	4870	926	2086	0	208000
17830	199169	1913	764	1694	0	203540
17831	9244	191977	913	1999	0	204133
17832	5852	4900	902	194037	0	205691
17833	2813	4741	192031	5375	0	204960
17834	2186	1770	4524	192705	0	201185
17835	2179	1502	4505	195527	0	203713
17836	2107	1516	189309	9015	0	201947
17837	184431	1340	4584	6031	0	196386
17838	5618	1290	4626	190566	0	202100
17839	5684	1535	1358	185892	0	194469
17840	2518	186863	1072	8782	0	199235
17841	185494	4909	1048	5515	0	196966
17842	5875	4983	1093	179040	0	190991
17843	5390	181311	1294	5289	0	193284
17844	171078	4446	978	5020	0	181522
17845	4849	173255	909	2335	0	181348
17846	166532	4438	1193	1738	0	173901
17847	5228	4107	162819	1721	0	173875
17848	4323	1625	154137	1546	0	161631
17849	1981	1107	155757	1428	0	160273
17850	1718	154220	6996	1383	0	164317
17851	2345	3963	5002	136430	0	147740
17852	1606	153635	1373	3654	0	160268
17853	152335	4324	1221	3452	0	161332
17854	4232	4109	152651	1479	0	162471
17855	151456	1756	3684	1406	0	158302
17856	153471	1313	3749	1232	0	159765
17857	7102	1240	1480	149395	0	159217
17858	153740	1158	1109	3792	0	159799
17859	5094	1041	1143	153605	0	160883
17860	4290	1407	151016	4185	0	160898
17861	147365	1259	3737	4073	0	156434
17862	4281	150269	3746	1634	0	159930
17863	4473	3818	1246	150398	0	159935
17864	151074	3585	954	4067	0	159680
17865	4653	1498	842	153059	0	160052
17866	4541	1189	148028	4463	0	158221
17867	1923	1008	3837	146880	0	153648
17868	1680	148396	3825	4223	0	158124
17869	149847	3671	1336	4085	0	158939
17870	4375	3594	1041	149318	0	158328
17871	152277	1456	869	4189	0	158791
17872	4724	1127	755	152191	0	158797
17873	4430	842	948	144945	0	151165
17874	2056	148240	1064	6460	0	157820
17875	146472	3828	900	4253	0	155453
17876	4274	154301	923	2078	0	161576
17877	3996	3853	668	136335	0	144852
17878	1459	144505	674	3707	0	150345
17879	141131	3619	656	3538	0	148944
17880	140106	3340	706	1662	0	145814
17881	139559	1310	706	1237	0	142812
17882	6187	132362	865	1319	0	140733
17883	1951	102984	342	551	0	105828
17884	100752	2865	377	547	0	104541
17885	1856	103417	326	573	0	106172
17886	2149	2942	809	95902	0	101802
17887	799	1415	93843	1589	0	97646
17888	86596	453	1199	1317	0	89565
17889	89838	337	972	441	0	91588
17890	88642	327	213	357	0	89539
17891	2138	87587	182	439	0	90346
17892	84186	1044	176	315	0	85721
17893	1340	919	86314	276	0	88849
17894	887	84526	857	264	0	86534
17895	442	1466	711	78534	0	81153
17896	195	80406	184	592	0	81377
17897	76530	547	195	579	0	77851
17898	556	79500	117	182	0	80355
17899	565	553	69	78679	0	79866
17900	197	80558	128	537	0	81420
17901	244	613	127	81900	0	82884
17902	173	538	88	80892	0	81691
17903	195	251	80887	914	0	82247
17904	185	166	468	79056	0	79875
17905	78457	147	495	642	0	79741
17906	78723	137	141	623	0	79624
17907	1034	165	101	78833	0	80133
17908	639	205	78354	604	0	79802
17909	286	130	494	77702	0	78612
17910	77583	152	494	675	0	78904
17911	79664	107	174	740	0	80685
17912	80453	144	134	281	0	81012
17913	1076	83229	159	233	0	84697
17914	84418	540	128	298	0	85384
17915	726	594	83222	177	0	84719
17916	89080	215	597	492	0	90384
17917	800	184	532	92310	0	93826
17918	751	155	190	94027	0	95123
17919	361	179	121	95177	0	95838
17920	93011	171	91	1329	0	94602
17921	91816	154	103	864	0	92937
17922	1271	165	99	92445	0	93980
17923	872	198	93403	778	0	95251
17924	372	123	612	93161	0	94268
17925	313	161	578	91775	0	92827
17926	306	220	90870	1321	0	92717
17927	261	91018	649	917	0	92845
17928	314	687	591	92377	0	93969
17929	93625	610	179	863	0	95277
17930	775	246	123	94456	0	95600
17931	811	184	96	95006	0	96097
17932	94844	174	91	1480	0	96589
17933	834	94256	148	935	0	96173
17934	787	96098	122	388	0	97395
17935	94821	1229	79	362	0	96491
17936	847	819	95008	211	0	96885
17937	88567	259	651	436	0	89913
17938	951	260	102615	258	0	104084
17939	784	103721	726	317	0	105548
17940	104993	706	644	326	0	106669
17941	105450	699	165	309	0	106623
17942	106097	230	102	276	0	106705
17943	106153	203	122	322	0	106800
17944	1465	242	104401	206	0	106314
17945	859	192	608	101226	0	102885
17946	102895	127	616	776	0	104414
17947	821	200	107531	705	0	109257
17948	822	186	107362	258	0	108628
17949	256	106701	1105	261	0	108323
17950	107448	523	682	288	0	108941
17951	783	526	202	105722	0	107233
17952	107535	130	158	698	0	108521
17953	702	109224	137	645	0	110708
17954	731	667	98	116514	0	118010
17955	271	596	95	117402	0	118364
17956	238	152	74	120223	0	120687
17957	259	186	121449	1640	0	123534
17958	160	122954	912	1114	0	125140
17959	128081	900	870	439	0	130290
17960	1149	1005	191	128223	0	130568
17961	128692	184	137	1243	0	130256
17962	127487	144	132	1241	0	129004
17963	2202	127	119	127502	0	129950
17964	1352	220	129037	1200	0	131809
17965	466	139	1054	127757	0	129416
17966	292	128984	1148	1264	0	131688
17967	329	1070	222	131851	0	133472
17968	314	1165	130301	1280	0	133060
17969	126943	212	1064	1346	0	129565
17970	1232	145	1119	131552	0	134048
17971	129821	130	287	1319	0	131557
17972	1329	209	128905	1267	0	131710
17973	121828	128	1092	580	0	123628
17974	1313	201	129983	308	0	131805
17975	120741	109	1081	405	0	122336
17976	1186	124438	1148	398	0	127170
17977	1192	128130	308	422	0	130052
17978	450	2091	276	127568	0	130385
17979	399	1177	194	123010	0	124780
17980	341	277	186	129285	0	130089
17981	128566	181	184	2244	0	131175
17982	1183	168	173	131227	0	132751
17983	1232	243	130795	1288	0	133558
17984	122172	180	1024	1575	0	124951
17985	1120	131533	1127	581	0	134361
17986	133655	1031	253	522	0	135461
17987	130496	1110	211	442	0	132259
17988	2252	330	131928	392	0	134902
17989	1537	204	1137	130136	0	133014
17990	531	182	1205	139014	0	140932
17991	492	256	141863	2378	0	144989
17992	345	141219	1336	1618	0	144518
17993	139708	1213	1341	612	0	142874
17994	139564	1303	349	545	0	141761
17995	2650	309	241	140950	0	144150
17996	1681	214	257	142079	0	144231
17997	614	220	247	148091	0	149172
17998	143721	232	274	3035	0	147262
17999	1573	148712	309	2014	0	152608
18000	150901	1447	283	728	0	153359
18001	149160	1562	257	549	0	151528
18002	3172	453	158049	491	0	162165
18003	2100	276	1710	152186	0	156272
18004	658	161433	1963	1998	0	166052
18005	679	1814	431	165040	0	167964
18006	625	2034	309	170031	0	172999
18007	645	480	173486	3901	0	178512
18008	175522	308	2141	2612	0	180583
18009	193759	274	2236	919	0	197188
18010	199961	299	572	770	0	201602
18011	5434	333	408	196727	0	202902
18012	3415	489	379	188979	0	193262
18013	929	193606	443	5279	0	200257
18014	735	199891	467	3298	0	204391
18015	195166	5156	371	1022	0	201715
18016	3033	191943	486	878	0	196340
18017	3340	2984	190594	716	0	197634
18018	1120	2991	2757	191196	0	198064
18019	193822	652	3079	3145	0	200698
18020	3279	585	193394	3360	0	200618
18021	3478	563	192713	1024	0	197778
18022	193617	431	5521	921	0	200490
18023	196298	545	3383	804	0	201030
18024	5994	461	748	193670	0	200873
18025	3917	529	193973	3267	0	201686
18026	1297	529	2984	195951	0	200761
18027	1134	576	193571	3502	0	198783
18028	1199	539	197609	3529	0	202876
18029	1019	199473	5590	1202	0	207284
18030	200271	2837	3524	1062	0	207694
18031	200256	3057	939	1036	0	205288
18032	5860	198444	737	1071	0	206112
18033	3966	3198	684	197543	0	205391
18034	1381	3214	718	199759	0	205072
18035	1223	874	687	204191	0	206975
18036	198676	567	648	6274	0	206165
18037	3284	197973	772	4076	0	206105
18038	194654	2962	659	1310	0	199585
18039	192261	3226	643	1088	0	197218
18040	6186	834	187960	986	0	195966
18041	3928	188342	3106	945	0	196321
18042	1628	3032	3258	189282	0	197200
18043	1281	3269	190927	3169	0	198646
18044	185920	920	3158	3605	0	193603
18045	193212	602	3373	1321	0	198508
18046	195459	594	959	1118	0	198130
18047	192308	586	842	1040	0	194776
18048	6503	551	725	185555	0	193334
18049	4100	666	183971	3290	0	192027
18050	1797	562	2999	184826	0	190184
18051	183249	595	3177	3598	0	190619
18052	182179	453	991	3618	0	187241
18053	5832	179361	829	1360	0	187382
18054	176398	2539	629	1004	0	180570
18055	3627	2852	174329	833	0	181641
18056	3604	826	173432	797	0	178659
18057	165038	851	5080	907	0	171876
18058	3253	169625	3117	942	0	176937
18059	3290	2283	859	159500	0	165932
18060	1225	166295	661	2530	0	170711
18061	1242	2518	557	168129	0	172446
18062	1145	2560	561	168707	0	172973
18063	1176	764	539	176133	0	178612
18064	172278	567	536	5044	0	178425
18065	174691	626	603	3098	0	179018
18066	174688	637	530	1050	0	176905
18067	5465	719	170468	851	0	177503
18068	168306	549	2641	980	0	172476
18069	3453	533	2930	176790	0	183706
18070	3590	475	958	184604	0	189627
18071	1532	532	184144	5422	0	191630
18072	1479	519	3051	197656	0	202705
18073	203617	493	3245	4014	0	211369
18074	4300	557	203653	3840	0	212350
18075	4354	404	3624	203595	0	211977
18076	204601	436	3787	4036	0	212860
18077	204103	425	1112	4114	0	209754
18078	7271	592	204736	1310	0	213909
18079	4647	641	208303	1119	0	214710
18080	1779	538	6711	208016	0	217044
18081	212849	510	4172	4055	0	221586
18082	215134	584	1041	4221	0	220980
18083	7544	588	899	200537	0	209568
18084	4711	213431	887	3840	0	222869
18085	212536	3485	770	4102	0	220893
18086	4275	219325	971	1523	0	226094
18087	4566	3712	838	217110	0	226226
18088	1835	3645	215509	4073	0	225062
18089	1650	791	212762	4150	0	219353
18090	1557	622	216663	1274	0	220116
18091	1560	545	7067	204470	0	213642
18092	1497	407	4234	209132	0	215270
18093	207191	499	1208	7037	0	215935
18094	4030	207079	987	4618	0	216714
18095	209100	3295	797	1509	0	214701
18096	4667	3601	861	192575	0	201704
18097	4308	201578	915	3471	0	210272
18098	1520	207863	990	3730	0	214103
18099	1509	6353	789	202451	0	211102
18100	200906	3588	731	3888	0	209113
18101	3846	203155	787	4040	0	211828
18102	192306	2964	717	1231	0	197218
18103	3677	197531	652	1167	0	203027
18104	193561	3285	952	821	0	198619
18105	4001	3207	189170	830	0	197208
18106	3746	937	185538	798	0	191019
18107	1201	182004	5204	776	0	189185
18108	165507	3557	4945	852	0	174861
18109	2449	162359	811	621	0	166240
18110	2360	153966	488	588	0	157402
18111	1694	4129	670	153104	0	159597
18112	153124	2147	508	2156	0	157935
18113	2126	154606	493	2213	0	159438
18114	151712	1970	374	587	0	154643
18115	2186	152027	395	703	0	155311
18116	148872	2055	383	480	0	151790
18117	2086	149603	325	460	0	152474
18118	2040	150946	365	522	0	153873
18119	883	3749	365	140713	0	145710
18120	488	149959	394	1681	0	152522
18121	145826	2032	298	1841	0	149997
18122	2048	1987	145665	543	0	150243
18123	2171	546	1787	144827	0	149331
18124	653	762	149630	2012	0	153057
18125	573	417	2017	146921	0	149928
18126	662	417	1841	149175	0	152095
18127	596	535	141449	3496	0	146076
18128	122255	427	1953	2629	0	127264
18129	2235	137551	1981	887	0	142654
18130	139499	1930	622	682	0	142733
18131	2282	140335	641	757	0	144015
18132	2313	2084	551	138593	0	143541
18133	139163	1958	510	2242	0	143873
18134	140355	604	627	2097	0	143683
18135	142466	550	581	798	0	144395
18136	3982	598	452	137645	0	142677
18137	2823	649	469	135737	0	139678
18138	1133	141791	503	3420	0	146847
18139	142917	2176	457	2336	0	147886
18140	144917	2158	516	832	0	148423
18141	146174	730	618	713	0	148235
18142	144802	721	623	660	0	146806
18143	3969	139282	707	797	0	144755
18144	2512	2155	620	140287	0	145574
18145	987	2335	139179	2248	0	144749
18146	134234	758	2038	2251	0	139281
18147	143403	790	1929	977	0	147099
18148	4211	812	141275	695	0	146993
18149	2806	795	142730	668	0	146999
18150	1107	1019	3621	139781	0	145528
18151	1002	930	2149	146381	0	150462
18152	842	844	643	149399	0	151728
18153	144659	932	485	4198	0	150274
18154	2608	939	468	147665	0	151680
18155	2663	802	143171	2632	0	149268
18156	1068	840	2203	145102	0	149213
18157	946	836	147696	2706	0	152184
18158	966	710	2525	144977	0	149178
18159	960	805	2358	155398	0	159521
18160	999	806	155657	4376	0	161838
18161	140525	775	2548	3043	0	146891
18162	2672	156326	2539	1025	0	162562
18163	156501	2869	569	733	0	160672
18164	3131	2798	407	158865	0	165201
18165	157784	1037	394	2899	0	162114
18166	3115	167590	415	2956	0	174076
18167	3005	175641	423	1027	0	180096
18168	1392	7324	509	178222	0	187447
18169	1028	3547	186614	3283	0	194472
18170	978	1121	180484	2931	0	185514
18171	771	181039	5794	1001	0	188605
18172	160625	2913	3211	621	0	167370
18173	2707	2619	671	159835	0	165832
18174	159189	585	400	2654	0	162828
18175	2782	157575	474	2636	0	163467
18176	2533	161643	410	746	0	165332
18177	1041	5083	375	157724	0	164223
18178	158388	2847	354	2799	0	164388
18179	159095	732	274	2608	0	162709
18180	4964	589	156375	761	0	162689
18181	3102	524	152237	473	0	156336
18182	147973	434	4461	544	0	153412
18183	2710	151683	2672	521	0	157586
18184	150980	2507	705	478	0	154670
18185	3130	2526	422	147825	0	153903
18186	2694	737	144203	2500	0	150134
18187	135281	425	2552	2525	0	140783
18188	2563	141108	2558	750	0	146979
18189	2426	143693	740	491	0	147350
18190	1229	4506	683	139129	0	145547
18191	141325	2568	527	2620	0	147040
18192	2830	715	426	142918	0	146889
18193	146374	603	443	2934	0	150354
18194	3132	629	141744	2407	0	147912
18195	143639	564	2228	924	0	147355
18196	147160	507	2133	682	0	150482
18197	5001	517	141957	570	0	148045
18198	136711	480	2415	595	0	140201
18199	3080	138915	2403	576	0	144974
18200	2908	2400	787	133477	0	139572
18201	1199	140419	588	2255	0	144461
18202	139511	2712	557	2229	0	145009
18203	3030	2442	530	134201	0	140203
18204	2773	135446	650	2520	0	141389
18205	1200	2615	487	135160	0	139462
18206	940	136638	428	2896	0	140902
18207	862	2971	382	137658	0	141873
18208	135852	2570	393	3070	0	141885
18209	2877	998	365	137646	0	141886
18210	2745	755	134986	3133	0	141619
18211	131718	763	2401	2828	0	137710
18212	3002	654	2298	135721	0	141675
18213	2778	663	133823	2978	0	140242
18214	1295	630	131677	2785	0	136387
18215	1176	593	137880	1130	0	140779
18216	1131	520	4923	131863	0	138437
18217	1061	487	2954	137208	0	141710
18218	1090	559	1127	137866	0	140642
18219	936	650	881	139112	0	141579
18220	135675	652	875	5229	0	142431
18221	138311	577	751	3395	0	143034
18222	140291	599	729	1511	0	143130
18223	141563	678	668	1249	0	144158
18224	5412	724	589	136289	0	143014
18225	3559	754	139245	3257	0	146815
18226	138204	683	2571	3268	0	144726
18227	144967	693	2454	1393	0	149507
18228	5470	736	872	142296	0	149374
18229	3638	716	725	146024	0	151103
18230	147046	588	683	5321	0	153638
18231	3754	564	720	140726	0	145764
18232	3387	142211	884	3452	0	149934
18233	145275	2703	898	3090	0	151966
18234	144540	2649	798	1570	0	149557
18235	5558	999	147405	1275	0	155237
18236	3754	793	2926	146762	0	154235
18237	1743	694	2874	151699	0	157010
18238	150457	679	1098	5613	0	157847
18239	151971	678	851	3601	0	157101
18240	6211	659	595	150876	0	158341
18241	4070	682	150978	3640	0	159370
18242	1951	744	152404	3448	0	158547
18243	1739	482	4996	152086	0	159303
18244	1779	623	3108	154577	0	160087
18245	150815	496	1112	5588	0	158011
18246	3806	149740	937	3827	0	158310
18247	3520	149805	979	1627	0	155931
18248	1777	154773	940	1261	0	158751
18249	1696	5013	995	149353	0	157057
18250	149354	2887	866	3454	0	156561
18251	148586	1031	583	3257	0	153457
18252	5413	149647	549	1575	0	157184
18253	151412	2812	447	1292	0	155963
18254	3712	2713	482	148388	0	155295
18255	3421	1065	150089	3138	0	157713
18256	1757	764	2496	149067	0	154084
18257	1631	763	2396	149928	0	154718
18258	1940	666	794	149910	0	153310
18259	140406	428	561	5079	0	146474
18260	3041	898	620	134789	0	139348
18261	2843	134498	668	3249	0	141258
18262	129932	2112	1319	2926	0	136289
18263	2630	130910	663	1442	0	135645
18264	2165	125529	560	1191	0	129445
18265	1027	128820	638	996	0	131481
18266	1121	2601	113465	810	0	117997
18267	569	110905	1789	770	0	114033
18268	802	1079	97746	459	0	100086
18269	86026	919	898	404	0	88247
18270	89623	185	653	395	0	90856
18271	1196	197	91168	232	0	92793
18272	87818	161	568	415	0	88962
18273	93634	179	569	356	0	94738
18274	1146	214	94450	251	0	96061
18275	723	98063	583	263	0	99632
18276	400	631	638	98577	0	100246
18277	100735	604	188	802	0	102329
18278	711	192	143	99500	0	100546
18279	104938	183	107	999	0	106227
18280	103879	156	151	819	0	105005
18281	1177	252	104298	293	0	106020
18282	102254	145	523	424	0	103346
18283	744	107270	584	300	0	108898
18284	108583	575	166	360	0	109684
18285	754	676	127	108603	0	110160
18286	826	240	109816	705	0	111587
18287	351	181	577	108890	0	109999
18288	108592	176	648	800	0	110216
18289	666	110076	200	1029	0	111971
18290	774	691	110024	406	0	111895
18291	376	690	595	105437	0	107098
18292	414	282	111429	722	0	112847
18293	268	111270	670	835	0	113043
18294	110373	668	669	403	0	112113
18295	806	641	210	110445	0	112102
18296	786	326	111502	747	0	113361
18297	391	317	107935	780	0	109423
18298	110360	251	1097	433	0	112141
18299	859	275	727	113952	0	115813
18300	873	301	233	114989	0	116396
18301	401	292	115886	1292	0	117871
18302	448	256	115085	853	0	116642
18303	458	119030	1283	415	0	121186
18304	413	696	822	119791	0	121722
18305	492	771	298	117529	0	119090
18306	410	120569	274	1350	0	122603
18307	394	790	118924	819	0	120927
18308	111457	771	814	458	0	113500
18309	878	240	781	121560	0	123459
18310	944	304	123394	928	0	125570
18311	397	266	786	117356	0	118805
18312	400	123399	839	925	0	125563
18313	451	884	123327	894	0	125556
18314	113127	914	912	546	0	115499
18315	1084	398	126613	344	0	128439
18316	995	394	125324	251	0	126964
18317	445	327	125159	255	0	126186
18318	445	315	132357	317	0	133434
18319	391	259	1807	127417	0	129874
18320	408	286	139311	1104	0	141109
18321	390	336	1166	132476	0	134368
18322	265	138012	1260	1142	0	140679
18323	144400	975	402	1257	0	147034
18324	1399	1109	284	145349	0	148141
18325	1401	360	142952	1413	0	146126
18326	341	142671	1394	1587	0	145993
18327	358	1235	1385	142538	0	145516
18328	141015	1267	429	1489	0	144200
18329	1194	142622	351	1476	0	145643
18330	1377	1305	261	142977	0	145920
18331	144602	1252	261	1465	0	147580
18332	1332	308	144118	1326	0	147084
18333	141888	186	1313	507	0	143894
18334	1391	241	147720	231	0	149583
18335	138305	162	1261	314	0	140042
18336	139520	187	1285	307	0	141299
18337	2239	204	139214	238	0	141895
18338	1198	136912	1104	254	0	139468
18339	393	1140	1340	133725	0	136598
18340	298	1117	138736	1067	0	141218
18341	287	346	1097	132315	0	134045
18342	275	150	1167	136488	0	138080
18343	256	164	137291	2075	0	139786
18344	244	177	136951	1256	0	138628
18345	238	166	2116	136011	0	138531
18346	138339	115	1276	1288	0	141018
18347	1090	137366	322	1318	0	140096
18348	1212	138293	256	441	0	140202
18349	138504	2058	179	395	0	141136
18350	141130	1203	238	463	0	143034
18351	2381	218	224	141197	0	144020
18352	1340	176	222	142312	0	144050
18353	323	137	227	144120	0	144807
18354	139569	143	241	2361	0	142314
18355	1153	136316	266	1482	0	139217
18356	1261	139266	247	432	0	141206
18357	348	2320	256	138849	0	141773
18358	312	1254	231	141361	0	143158
18359	303	261	228	142601	0	143393
18360	139541	186	265	2528	0	142520
18361	1166	142286	276	1750	0	145478
18362	144846	1196	245	484	0	146771
18363	1469	1443	143601	387	0	146900
18364	1487	144516	1397	425	0	147825
18365	364	1365	1499	142501	0	145729
18366	141983	1544	350	1555	0	145432
18367	1555	345	142621	1661	0	146182
18368	1719	353	143432	392	0	145896
18369	456	259	2854	141144	0	144713
18370	418	236	1705	145581	0	147940
18371	361	239	413	145827	0	146840
18372	391	246	331	142422	0	143390
18373	418	241	289	141293	0	142241
18374	317	137731	339	3129	0	141516
18375	388	1420	296	138478	0	140582
18376	134935	1517	331	1828	0	138611
18377	1395	136853	392	2022	0	140662
18378	137178	1450	358	727	0	139713
18379	1754	1682	133081	598	0	137115
18380	1843	404	135243	553	0	138043
18381	605	399	2989	142094	0	146087
18382	569	395	173797	2011	0	176772
18383	534	305	2670	170697	0	174206
18384	528	364	2765	171345	0	175002
18385	173352	296	774	5275	0	179697
18386	170222	298	514	3442	0	174476
18387	5181	176947	543	1103	0	183774
18388	3265	182577	477	779	0	187098
18389	990	5338	409	179299	0	186036
18390	180599	3406	462	3263	0	187730
18391	3009	916	182819	3416	0	190160
18392	3219	472	2943	182393	0	189027
18393	1013	394	3147	183265	0	187819
18394	762	442	181198	6114	0	188516
18395	599	180291	3110	4350	0	188350
18396	711	3051	3180	180003	0	186945
18397	724	3330	181711	3495	0	189260
18398	680	894	3021	180984	0	185579
18399	171314	508	3252	3876	0	178950
18400	2909	174476	1127	3879	0	182391
18401	3040	177356	818	1456	0	182670
18402	1051	5682	640	174487	0	181860
18403	170523	3491	688	3616	0	178318
18404	2898	172641	812	3847	0	180198
18405	175508	3090	650	1779	0	181027
18406	3597	3321	173243	1468	0	181629
18407	3711	1108	176846	1289	0	182954
18408	1530	883	6069	167176	0	175658
18409	1123	851	3725	179064	0	184763
18410	175524	888	1103	6592	0	184107
18411	4060	883	670	177460	0	183073
18412	4029	1000	173770	4269	0	183068
18413	1569	1174	3216	172710	0	178669
18414	1207	1043	3484	176214	0	181948
18415	1003	767	169703	6854	0	178327
18416	159726	677	3675	4719	0	168797
18417	3474	831	3742	169190	0	177237
18418	162862	615	1274	4395	0	169146
18419	3346	156197	1146	4167	0	164856
18420	154937	3000	1053	1951	0	160941
18421	3236	155193	903	1811	0	161143
18422	3150	155682	979	1744	0	161555
18423	2057	5437	1344	144707	0	153545
18424	146834	3351	1146	3441	0	154772
18425	148017	1422	745	3272	0	153456
18426	5180	1245	767	145799	0	152991
18427	148203	995	698	3547	0	153443
18428	147415	860	697	3620	0	152592
18429	5842	921	760	146263	0	153786
18430	142094	1003	753	3424	0	147274
18431	3610	142926	972	3626	0	151134
18432	144366	2912	1175	1891	0	150344
18433	3574	2916	140835	1868	0	149193
18434	145513	982	2946	2055	0	151496
18435	3751	592	3095	145174	0	152612
18436	3650	473	1282	148550	0	153955
18437	1765	537	1098	149895	0	153295
18438	1610	779	1168	149956	0	153513
18439	1309	938	911	146700	0	149858
18440	1283	138141	1091	6465	0	146980
18441	1354	144431	1117	4379	0	151281
18442	143457	4719	856	2365	0	151397
18443	3730	3496	142131	1702	0	151059
18444	140915	1805	2864	1724	0	147308
18445	3941	1617	143120	1956	0	150634
18446	3922	1264	3247	140079	0	148512
18447	2238	1492	2781	144978	0	151489
18448	141057	1310	1021	6080	0	149468
18449	4160	1157	142030	4289	0	151636
18450	4396	1101	2971	141936	0	150404
18451	2644	958	147471	4047	0	155120
18452	2192	149197	3406	4220	0	159015
18453	2231	3233	3042	152012	0	160518
18454	152215	3131	1195	4326	0	160867
18455	150252	1242	1033	4413	0	156940
18456	152682	1129	1040	2424	0	157275
18457	6472	151272	1049	2310	0	161103
18458	4321	154361	1362	2218	0	162262
18459	134086	5349	1555	2409	0	143399
18460	3456	153881	1068	2672	0	161077
18461	3217	152259	973	2878	0	159327
18462	2097	5370	147664	2557	0	157688
18463	1538	148479	2882	2399	0	155298
18464	1478	148878	3100	2058	0	155514
18465	1665	5563	1278	146448	0	154954
18466	1494	4116	147602	3675	0	156887
18467	1797	1854	145403	3529	0	152583
18468	139600	1133	5314	1937	0	147984
18469	4089	1034	147491	1705	0	154319
18470	148217	1004	3645	1832	0	154698
18471	4294	1046	3416	142558	0	151314
18472	4039	148243	1473	3956	0	157711
18473	152569	3097	1116	3899	0	160681
18474	157472	3263	1137	2211	0	164083
18475	6106	1390	1210	156521	0	165227
18476	4597	930	1222	158113	0	164862
18477	2668	889	1156	159283	0	163996
18478	153572	986	791	6378	0	161727
18479	147573	847	737	4436	0	153593
18480	153231	963	603	2248	0	157045
18481	5719	138565	556	1741	0	146581
18482	110953	1467	301	631	0	113352
18483	1801	110150	262	631	0	112844
18484	1676	110062	285	561	0	112584
18485	1180	3686	916	101524	0	107306
18486	600	105055	448	1331	0	107434
18487	100114	1242	403	1201	0	102960
18488	1387	1243	225	98786	0	101641
18489	97381	345	180	1202	0	99108
18490	1192	95107	194	1169	0	97662
18491	1153	97600	199	399	0	99351
18492	99467	1805	210	365	0	101847
18493	1254	103015	213	338	0	104820
18494	1390	1315	290	102621	0	105616
18495	731	1176	290	103654	0	105851
18496	103040	333	207	2243	0	105823
18497	1387	296	149	104799	0	106631
18498	1365	343	105173	1503	0	108384
18499	534	276	1161	106438	0	108409
18500	106917	298	1207	1478	0	109900
18501	1450	109067	325	1455	0	112297
18502	113904	1372	246	542	0	116064
18503	111611	1425	183	450	0	113669
18504	114832	402	179	440	0	115853
18505	2842	366	110890	336	0	114434
18506	1681	336	107908	304	0	110229
18507	104975	254	2363	343	0	107935
18508	1397	109377	1438	396	0	112608
18509	1450	1384	361	110310	0	113505
18510	490	1440	190	109296	0	111416
18511	347	106904	227	2469	0	109947
18512	348	110046	229	1484	0	112107
18513	411	2460	198	110441	0	113510
18514	384	1477	203	111517	0	113581
18515	393	474	108634	2532	0	112033
18516	415	401	104463	1644	0	106923
18517	105906	315	2428	570	0	109219
18518	112407	313	1451	423	0	114594
18519	2731	322	372	111441	0	114866
18520	1785	409	111389	1576	0	115159
18521	663	331	1345	111313	0	113652
18522	109588	301	1416	1767	0	113072
18523	1738	346	110010	1620	0	113714
18524	1718	331	1433	110460	0	113942
18525	670	406	113155	1540	0	115771
18526	502	110249	1544	1691	0	113986
18527	584	1448	111850	508	0	114390
18528	579	1734	1607	108669	0	112589
18529	110576	465	1546	1498	0	114085
18530	1584	383	418	113088	0	115473
18531	113462	322	305	1792	0	115881
18532	113827	291	273	1646	0	116037
18533	112199	335	273	685	0	113492
18534	2882	378	108301	498	0	112059
18535	109001	290	1380	499	0	111170
18536	1860	271	1399	109768	0	113298
18537	1743	290	426	110639	0	113098
18538	695	325	109308	2671	0	112999
18539	630	471	1345	110610	0	113056
18540	111069	250	1361	1812	0	114492
18541	1561	112601	430	1723	0	116315
18542	116392	1277	331	727	0	118727
18543	116763	1324	270	584	0	118941
18544	118418	398	267	543	0	119626
18545	2993	321	284	115660	0	119258
18546	1842	364	116741	1653	0	120600
18547	722	267	1364	117462	0	119815
18548	580	260	1427	119112	0	121379
18549	118066	234	439	2882	0	121621
18550	114579	232	355	1856	0	117022
18551	2850	274	111853	612	0	115589
18552	1807	395	1363	110776	0	114341
18553	688	258	113750	1682	0	116378
18554	112679	219	1741	1782	0	116421
18555	1854	123248	1667	733	0	127502
18556	123835	1647	502	520	0	126504
18557	2017	126455	374	538	0	129384
18558	125771	1840	344	448	0	128403
18559	2064	126689	325	485	0	129563
18560	2232	1915	381	124570	0	129098
18561	676	1828	300	128704	0	131508
18562	129082	374	264	3601	0	133321
18563	129867	249	275	2260	0	132651
18564	131273	268	242	697	0	132480
18565	128910	230	260	535	0	129935
18566	129824	203	254	497	0	130778
18567	3913	208	296	124542	0	128959
18568	2352	125201	339	1959	0	129851
18569	931	1745	294	123507	0	126477
18570	702	124727	267	2081	0	127777
18571	675	1823	209	120659	0	123366
18572	549	122680	299	2014	0	125542
18573	700	1843	291	121740	0	124574
18574	578	1715	116603	2107	0	121003
18575	109617	386	1654	2043	0	113700
18576	2019	116260	1762	676	0	120717
18577	117812	1738	373	562	0	120485
18578	2229	1803	115864	431	0	120327
18579	113879	477	1773	481	0	116610
18580	2262	396	122334	468	0	125460
18581	2137	371	2052	119815	0	124375
18582	733	127385	1919	2086	0	132123
18583	627	2079	129042	2111	0	133859
18584	701	2058	2192	128679	0	133630
18585	125374	448	2181	2446	0	130449
18586	2494	345	511	132732	0	136082
18587	2541	235	362	133226	0	136364
18588	946	273	284	135818	0	137321
18589	715	289	130626	4530	0	136160
18590	633	311	2112	129301	0	132357
18591	592	128504	2190	2612	0	133898
18592	598	2026	461	128764	0	131849
18593	672	1998	293	127743	0	130706
18594	126523	458	239	4087	0	131307
18595	2538	366	218	131494	0	134616
18596	2446	308	131310	2628	0	136692
18597	836	319	130869	2423	0	134447
18598	665	288	132439	817	0	134209
18599	500	130426	4269	736	0	135931
18600	128018	2228	3112	629	0	133987
18601	2212	129337	671	638	0	132858
18602	128183	2266	535	548	0	131532
18603	2549	2186	352	125612	0	130699
18604	2501	554	129563	2278	0	134896
18605	806	429	127938	2405	0	131578
18606	523	132241	4218	829	0	137811
18607	624	2293	2532	131688	0	137137
18608	547	2438	626	133446	0	137057
18609	597	666	425	136699	0	138387
18610	584	505	132737	4762	0	138588
18611	122099	431	2411	3146	0	128087
18612	2683	438	135018	1011	0	139150
18613	2665	384	2572	130661	0	136282
18614	884	362	2549	135663	0	139458
18615	692	422	132993	4743	0	138850
18616	124908	381	2597	3181	0	131067
18617	2482	133020	2684	1190	0	139376
18618	134583	2317	782	884	0	138566
18619	2838	2471	612	128981	0	134902
18620	2666	132283	609	2682	0	138240
18621	957	2462	507	135409	0	139335
18622	133527	2501	596	3065	0	139689
18623	2719	693	544	135318	0	139274
18624	2741	626	131643	3070	0	138080
18625	128619	489	2549	3043	0	134700
18626	132486	503	2537	1199	0	136725
18627	4769	521	130654	1045	0	136989
18628	3073	444	2525	130123	0	136165
18629	133333	434	2646	3057	0	139470
18630	2850	471	890	132922	0	137133
18631	2878	381	730	131536	0	135525
18632	1053	437	685	133408	0	135583
18633	897	384	648	133641	0	135570
18634	771	505	129074	5312	0	135662
18635	856	474	2591	130670	0	134591
18636	778	428	130707	3338	0	135251
18637	125896	441	2912	3317	0	132566
18638	129964	450	2843	1396	0	134653
18639	130815	429	925	1272	0	133441
18640	130194	458	698	1273	0	132623
18641	5218	377	725	124285	0	130605
18642	123428	379	825	3135	0	127767
18643	3049	335	121155	3194	0	127733
18644	2918	390	120751	1247	0	125306
18645	114529	312	4484	1167	0	120492
18646	2652	116572	2939	1141	0	123304
18647	2737	118402	1004	1116	0	123259
18648	1123	4029	930	116765	0	122847
18649	1000	2389	116940	2813	0	123142
18650	107702	679	2671	3162	0	114214
18651	2662	500	118701	1265	0	123128
18652	2525	112224	2403	1324	0	118476
18653	1179	1920	112231	1058	0	116388
18654	764	106311	2264	1034	0	110373
18655	96787	1958	2785	917	0	102447
18656	1868	97705	840	910	0	101323
18657	1944	94838	627	928	0	98337
18658	942	2848	641	94056	0	98487
18659	768	1795	93655	1951	0	98169
18660	751	486	1714	90904	0	93855
18661	642	393	1857	92802	0	95694
18662	690	448	90654	3243	0	95035
18663	741	338	1851	87581	0	90511
18664	698	88167	1940	1889	0	92694
18665	725	1541	744	91488	0	94498
18666	90561	1634	661	2114	0	94970
18667	1868	531	627	92018	0	95044
18668	1945	434	91003	2052	0	95434
18669	824	446	1771	92223	0	95264
18670	738	493	91574	2124	0	94929
18671	88526	447	1870	2090	0	92933
18672	1825	457	1870	91163	0	95315
18673	91761	428	728	2112	0	95029
18674	1927	478	91773	2032	0	96210
18675	83769	357	1761	1047	0	86934
18676	1853	93322	1894	912	0	97981
18677	1891	1603	94809	739	0	99042
18678	876	2073	1859	92447	0	97255
18679	804	525	97422	1871	0	100622
18680	570	91589	1786	1974	0	95919
18681	577	94618	1797	829	0	97821
18682	85905	2197	590	678	0	89370
18683	1344	90829	504	610	0	93287
18684	90874	1395	546	593	0	93408
18685	1654	1465	458	91338	0	94915
18686	1620	457	91104	1540	0	94721
18687	514	93651	1493	1657	0	97315
18688	607	1601	1580	93862	0	97650
18689	537	1558	474	98434	0	101003
18690	552	465	409	100825	0	102251
18691	581	438	379	97575	0	98973
18692	488	95450	439	2952	0	99329
18693	430	98079	448	1854	0	100811
18694	92264	2287	375	645	0	95571
18695	1316	92907	387	538	0	95148
18696	1274	1401	310	89396	0	92381
18697	413	1282	88819	1405	0	91919
18698	302	88851	1244	1518	0	91915
18699	392	1291	1196	87309	0	90188
18700	387	1498	353	85198	0	87436
18701	247	87867	293	2169	0	90576
18702	85195	1230	300	1278	0	88003
18703	1158	1253	86142	454	0	89007
18704	78483	365	1038	344	0	80230
18705	1048	83512	1080	324	0	85964
18706	78721	1044	235	281	0	80281
18707	968	82103	205	280	0	83556
18708	1068	1195	193	85071	0	87527
18709	361	1104	187	86578	0	88230
18710	84870	356	179	2142	0	87547
18711	1119	355	131	87197	0	88802
18712	1146	346	86136	1342	0	88970
18713	287	84514	1013	1272	0	87086
18714	251	85803	1019	442	0	87515
18715	308	2056	254	84526	0	87144
18716	251	1260	85763	1110	0	88384
18717	246	426	979	84668	0	86319
18718	201	331	982	86374	0	87888
18719	205	317	84900	2076	0	87498
18720	218	309	83420	1323	0	85270
18721	166	84894	1793	582	0	87435
18722	85064	1096	1081	476	0	87717
18723	1058	1175	312	82546	0	85091
18724	1022	82728	237	1078	0	85065
18725	85197	1146	228	1223	0	87794
18726	1057	1175	222	85406	0	87860
18727	1078	451	171	85202	0	86902
18728	293	84301	196	2155	0	86945
18729	282	1185	226	84425	0	86118
18730	84167	1205	215	1437	0	87024
18731	1147	459	183	85814	0	87603
18732	1148	431	213	85960	0	87752
18733	398	475	83925	2144	0	86942
18734	324	482	80134	1422	0	82362
18735	82263	382	1880	726	0	85251
18736	1117	382	1121	83884	0	86504
18737	1152	379	354	84427	0	86312
18738	386	407	304	85880	0	86977
18739	360	409	83445	2297	0	86511
18740	81366	392	1154	1530	0	84442
18741	1180	391	1121	83835	0	86527
18742	1159	396	403	84658	0	86616
18743	82538	368	343	2331	0	85580
18744	1151	82806	367	1712	0	86036
18745	1237	1221	82572	837	0	85867
18746	476	1227	1115	79221	0	82039
18747	401	81823	1165	1554	0	84943
18748	401	1206	410	83478	0	85495
18749	81637	1198	386	1575	0	84796
18750	1227	547	324	82348	0	84446
18751	80811	467	294	1700	0	83272
18752	79331	384	313	1737	0	81765
18753	2084	411	350	76909	0	79754
18754	1262	76869	396	1676	0	80203
18755	474	79144	429	1607	0	81654
18756	449	1987	78111	874	0	81421
18757	437	1340	1197	74322	0	77296
18758	437	530	1185	79376	0	81528
18759	484	418	457	81053	0	82412
18760	78757	402	324	2543	0	82026
18761	1348	415	296	80132	0	82191
18762	1375	360	78909	1840	0	82484
18763	77887	347	1114	1829	0	81177
18764	1329	380	1180	81825	0	84714
18765	1363	408	463	83411	0	85645
18766	512	388	81709	2615	0	85224
18767	77592	425	1185	1894	0	81096
18768	1320	364	1174	83001	0	85859
18769	1355	384	84868	1802	0	88409
18770	595	305	1265	84640	0	86805
18771	684	356	1306	76116	0	78462
18772	525	85316	585	2407	0	88833
18773	84743	1128	434	1739	0	88044
18774	83527	1178	388	1054	0	86147
18775	2119	83354	431	1006	0	86910
18776	80973	1057	422	868	0	83320
18777	78571	1069	356	825	0	80821
18778	2114	337	317	78100	0	80868
18779	1309	304	74744	1518	0	77875
18780	573	284	73108	1443	0	75408
18781	440	297	73650	770	0	75157
18782	426	288	76338	686	0	77738
18783	455	594	1841	70904	0	73794
18784	340	215	1161	75550	0	77266
18785	373	209	333	75175	0	76090
18786	474	170	277	76544	0	77465
18787	73537	150	247	2123	0	76057
18788	1166	74158	284	1522	0	77130
18789	74064	815	339	649	0	75867
18790	1140	853	74195	489	0	76677
18791	1058	271	77404	449	0	79182
18792	427	453	1740	78165	0	80785
18793	79355	145	1440	1378	0	82318
18794	74388	159	329	1384	0	76260
18795	1841	78294	281	639	0	81055
18796	1115	80603	246	460	0	82424
18797	449	1730	180	80449	0	82808
18798	80203	983	254	1189	0	82629
18799	1026	80998	264	1179	0	83467
18800	82451	929	249	558	0	84187
18801	82099	956	238	478	0	83771
18802	82984	239	209	457	0	83889
18803	1935	203	82992	404	0	85534
18804	1204	83879	932	416	0	86431
18805	82816	844	979	436	0	85075
18806	82235	881	286	375	0	83777
18807	1684	79624	183	335	0	81826
18808	884	76641	122	197	0	77844
18809	76445	1285	200	187	0	78117
18810	869	758	115	76390	0	78132
18811	882	212	76307	762	0	78163
18812	73179	173	696	752	0	74800
18813	853	178	693	76472	0	78196
18814	857	79374	170	724	0	81125
18815	354	781	95	81096	0	82326
18816	270	887	80734	804	0	82695
18817	281	257	720	80399	0	81657
18818	83209	189	779	973	0	85150
18819	948	171	168	84403	0	85690
18820	990	164	124	85060	0	86338
18821	351	225	89289	1563	0	91428
18822	327	155	790	86144	0	87416
18823	231	89808	840	905	0	91784
18824	90076	824	211	961	0	92072
18825	87695	828	143	364	0	89030
18826	1640	286	89986	293	0	92205
18827	1017	216	784	86496	0	88513
18828	309	88589	866	917	0	90681
18829	266	90951	242	981	0	92440
18830	89692	1461	201	365	0	91719
18831	1014	903	147	91319	0	93383
18832	1032	268	91487	959	0	93746
18833	369	257	91021	996	0	92643
18834	303	168	1592	91528	0	93591
18835	90966	192	991	1001	0	93150
18836	91286	194	236	1056	0	92772
18837	1783	200	202	93988	0	96173
18838	1102	263	95961	1003	0	98329
18839	330	96155	896	1118	0	98499
18840	96143	857	932	446	0	98378
18841	916	98277	309	368	0	99870
18842	98555	966	229	384	0	100134
18843	1126	925	253	98033	0	100337
18844	1151	301	98343	1061	0	100856
18845	435	220	925	97504	0	99084
18846	97716	230	978	1161	0	100085
18847	1099	275	98665	1094	0	101133
18848	1096	98930	961	432	0	101419
18849	491	939	950	99323	0	101703
18850	99775	955	311	1108	0	102149
18851	1141	378	100290	1087	0	102896
18852	1193	246	969	100540	0	102948
18853	494	250	996	103240	0	104980
18854	445	301	103285	1885	0	105916
18855	476	273	993	102061	0	103803
18856	449	294	103691	1197	0	105631
18857	98986	276	1085	1253	0	101600
18858	1193	310	1070	108185	0	110758
18859	1346	335	114491	1233	0	117405
18860	473	116416	1277	1385	0	119551
18861	119509	1251	1289	576	0	122625
18862	128669	1289	355	668	0	130981
18863	2902	449	359	133910	0	137620
18864	1780	142561	387	1809	0	146537
18865	143691	1960	321	1956	0	147928
18866	2221	1918	345	143805	0	148289
18867	2161	500	143826	2105	0	148592
18868	137909	362	1993	2110	0	142374
18869	2153	140924	1980	623	0	145680
18870	2193	1938	446	141267	0	145844
18871	141799	1872	329	2190	0	146190
18872	2185	478	140492	2136	0	145291
18873	2167	405	142193	590	0	145355
18874	717	328	3690	135458	0	140193
18875	615	315	144938	2188	0	148056
18876	600	312	2282	137346	0	140540
18877	442	141196	2176	2399	0	146213
18878	528	2066	555	146676	0	149825
18879	143485	1918	473	2498	0	148374
18880	2204	465	143978	2257	0	148904
18881	2054	143703	2199	835	0	148791
18882	654	2019	2001	141072	0	145746
18883	510	1946	143972	2229	0	148657
18884	505	931	1958	134693	0	138087
18885	420	139244	2046	2033	0	143743
18886	372	143030	591	1961	0	145954
18887	136777	3171	444	683	0	141075
18888	1704	141082	465	599	0	143850
18889	1711	1866	134647	423	0	138647
18890	124259	1746	2131	527	0	128663
18891	1850	517	134113	309	0	136789
18892	1641	339	1738	124529	0	128247
18893	488	319	133825	1696	0	136328
18894	368	132468	1782	1733	0	136351
18895	420	1665	1584	132505	0	136174
18896	417	1499	409	132607	0	134932
18897	379	347	325	132312	0	133363
18898	306	331	131141	3131	0	134909
18899	358	294	1659	128636	0	130947
18900	334	278	1592	131373	0	133577
18901	127305	296	468	3148	0	131217
18902	126914	242	373	2051	0	129580
18903	3006	331	127965	568	0	131870
18904	1724	125568	1767	618	0	129677
18905	543	1645	128365	452	0	131005
18906	437	1525	1832	126990	0	130784
18907	439	455	130305	1758	0	132957
18908	415	297	1890	128060	0	130662
18909	371	303	1731	130380	0	132785
18910	348	314	129103	3188	0	132953
18911	116420	273	1827	2073	0	120593
18912	1641	129809	1812	738	0	134000
18913	1649	1715	496	129033	0	132893
18914	511	1609	131595	1853	0	135568
18915	464	464	129396	1733	0	132057
18916	123655	332	3054	714	0	127755
18917	1589	129632	1926	638	0	133785
18918	1577	1618	559	129053	0	132807
18919	130951	1471	466	1922	0	134810
18920	1789	420	440	132015	0	134664
18921	1806	333	416	130422	0	132977
18922	528	456	129822	3266	0	134072
18923	122309	303	1844	2188	0	126644
18924	130570	290	1833	752	0	133445
18925	3258	309	650	130397	0	134614
18926	131242	300	494	2062	0	134098
18927	2051	306	493	130341	0	133191
18928	1830	127394	569	2153	0	131946
18929	625	132300	518	2104	0	135547
18930	638	3362	442	132756	0	137198
18931	130261	1816	427	2208	0	134712
18932	1892	471	390	132286	0	135039
18933	134998	352	403	2315	0	138068
18934	135065	352	427	2129	0	137973
18935	3558	308	463	134495	0	138824
18936	2217	297	442	138327	0	141283
18937	748	390	134253	3785	0	139176
18938	631	448	137572	2381	0	141032
18939	589	401	3763	137071	0	141824
18940	534	332	145947	2495	0	149308
18941	142091	292	2556	2511	0	147450
18942	2226	301	2413	150797	0	155737
18943	2331	415	156848	2651	0	162245
18944	154083	265	2738	2815	0	159901
18945	165382	272	2655	1062	0	169371
18946	5179	168804	779	788	0	175550
18947	3346	2783	566	169850	0	176545
18948	986	2906	174734	3505	0	182131
18949	173727	634	2948	3362	0	180671
18950	180210	365	3175	1118	0	184868
18951	5782	436	179297	795	0	186310
18952	181558	274	3077	939	0	185848
18953	3548	355	3131	178981	0	186015
18954	3532	302	795	182019	0	186648
18955	180278	271	636	5781	0	186966
18956	181251	278	596	3683	0	185808
18957	6023	978	751	177756	0	185508
18958	3780	286	176938	3143	0	184147
18959	1083	169523	2822	3566	0	176994
18960	1070	2442	172073	1039	0	176624
18961	1154	2674	168998	885	0	173711
18962	864	159849	5206	812	0	166731
18963	1371	2104	3474	142486	0	149435
18964	618	2044	964	145206	0	148832
18965	627	484	143624	3810	0	148545
18966	678	299	2050	142774	0	145801
18967	143394	196	2296	2509	0	148395
18968	2323	301	145522	2438	0	150584
18969	145827	251	2190	908	0	149176
18970	148514	223	2480	714	0	151931
18971	151166	242	753	712	0	152873
18972	4671	316	146799	595	0	152381
18973	2998	332	147704	624	0	151658
18974	1221	277	3968	145139	0	150605
18975	1101	297	2708	137981	0	142087
18976	866	147145	873	3890	0	152774
18977	146873	1888	692	2591	0	152044
18978	145814	2068	757	951	0	149590
18979	4274	145753	708	867	0	151602
18980	146575	1928	633	848	0	149984
18981	2588	145288	644	900	0	149420
18982	146227	2139	711	858	0	149935
18983	2669	2266	700	140335	0	145970
18984	2688	677	142594	2439	0	148398
18985	1116	535	142158	2505	0	146314
18986	915	490	4161	139630	0	145196
18987	938	378	2786	142116	0	146218
18988	936	444	141016	4158	0	146554
18989	930	418	2401	139581	0	143330
18990	906	341	2690	142115	0	146052
18991	139664	350	1038	4406	0	145458
18992	141163	324	856	2967	0	145310
18993	139951	304	761	1218	0	142234
18994	4778	365	135604	876	0	141623
18995	3114	135482	2480	967	0	142043
18996	1411	1973	2583	135606	0	141573
18997	1328	2212	139522	2288	0	145350
18998	1104	139970	2488	2578	0	146140
18999	141183	2137	2564	1070	0	146954
19000	2765	2296	969	141273	0	147303
19001	2937	731	857	143368	0	147893
19002	141847	551	816	4365	0	147579
19003	2792	558	796	143188	0	147334
19004	3043	558	808	143080	0	147489
19005	141504	528	757	4644	0	147433
19006	2739	611	139734	3160	0	146244
19007	2882	138775	2490	1404	0	145551
19008	139040	2101	2595	1208	0	144944
19009	2878	2352	140860	1084	0	147174
19010	138215	602	2568	1231	0	142616
19011	2838	142942	2807	1137	0	149724
19012	142656	2077	1148	1141	0	147022
19013	141752	2265	998	1190	0	146205
19014	139744	637	918	1127	0	142426
19015	4897	590	865	135106	0	141458
19016	3389	923	837	134028	0	139177
19017	1487	133230	908	4432	0	140057
19018	1299	134592	904	2998	0	139793
19019	1306	136434	808	1322	0	139870
19020	133162	3766	727	1071	0	138726
19021	2732	2483	130790	988	0	136993
19022	2948	777	2066	129789	0	135580
19023	1367	610	2272	129572	0	133821
19024	1121	130656	941	4057	0	136775
19025	1174	2182	727	132364	0	136447
19026	1148	2278	752	129823	0	134001
19027	1037	131332	775	4174	0	137318
19028	128644	2140	760	2889	0	134433
19029	2407	132419	701	1325	0	136852
19030	2698	2239	128494	1043	0	134474
19031	126116	2188	2064	1098	0	131466
19032	2516	130530	2229	1094	0	136369
19033	127677	1890	793	1051	0	131411
19034	2678	2078	635	126844	0	132235
19035	2875	716	581	127478	0	131650
19036	1379	726	125069	3496	0	130670
19037	1308	688	124955	2190	0	129141
19038	1201	1083	2954	121483	0	126721
19039	120962	508	2046	2003	0	125519
19040	116960	449	648	1970	0	120027
19041	3236	121628	524	843	0	126231
19042	1882	118010	402	687	0	120981
19043	688	115526	343	501	0	117058
19044	2215	3716	1407	108051	0	115389
19045	108213	1268	1554	1574	0	112609
19046	109456	299	161	1317	0	111233
19047	109799	202	130	435	0	110566
19048	2630	264	105482	323	0	108699
19049	1522	119928	1352	332	0	123134
19050	514	1586	1326	127524	0	130950
19051	127648	1617	292	1878	0	131435
19052	2009	365	184	129378	0	131936
19053	2020	211	142	131871	0	134244
19054	131025	214	163	3728	0	135130
19055	135294	212	177	2184	0	137867
19056	4011	283	136090	450	0	140834
19057	2495	182	2022	135352	0	140051
19058	599	200	135267	2143	0	138209
19059	472	219	2129	134710	0	137530
19060	412	252	133876	2374	0	136914
19061	409	414	2104	132492	0	135419
19062	127662	163	2074	2371	0	132270
19063	2021	129828	368	2325	0	134542
19064	2108	134509	226	566	0	137409
19065	828	4123	225	116421	0	121597
19066	299	136720	233	1762	0	139014
19067	134341	2280	297	1949	0	138867
19068	130931	2189	200	489	0	133809
19069	4162	413	129537	328	0	134440
19070	2342	129287	2039	451	0	134119
19071	579	2020	2037	129376	0	134012
19072	429	2096	129610	2114	0	134249
19073	126985	407	2114	2171	0	131677
19074	2292	391	2051	128970	0	133704
19075	2271	291	129339	2174	0	134075
19076	567	237	2057	130515	0	133376
19077	129333	216	2107	2387	0	134043
19078	2238	250	128718	2291	0	133497
19079	129170	212	2128	544	0	132054
19080	130984	233	2151	430	0	133798
19081	4250	227	378	128392	0	133247
19082	2476	286	129630	2216	0	134608
19083	662	304	128763	2326	0	132055
19084	125772	253	4013	667	0	130705
19085	129504	215	2365	570	0	132654
19086	4400	308	127824	519	0	133051
19087	2732	233	2209	126439	0	131613
19088	870	269	2285	122343	0	125767
19089	587	128209	615	4152	0	133563
19090	615	2176	427	129239	0	132457
19091	127876	2180	419	2679	0	133154
19092	2620	416	416	129708	0	133160
19093	2604	357	126905	2694	0	132560
19094	122381	325	2325	2676	0	127707
19095	2639	338	2372	125022	0	130371
19096	2618	517	125316	2561	0	131012
19097	808	122713	2428	2782	0	128731
19098	118823	2237	2367	946	0	124373
19099	2501	124250	715	963	0	128429
19100	123126	2376	571	870	0	126943
19101	2962	2339	121108	889	0	127298
19102	2772	118422	2477	954	0	124625
19103	1013	122475	2521	907	0	126916
19104	1119	4178	847	119064	0	125208
19105	949	2422	711	121564	0	125646
19106	878	694	119586	4722	0	125880
19107	1002	490	2478	120949	0	124919
19108	118406	429	2714	3033	0	124582
19109	2816	555	117054	2856	0	123281
19110	2900	519	2588	116806	0	122813
19111	1045	576	117120	2878	0	121619
19112	111347	608	2761	2926	0	117642
19113	2661	115552	2833	1256	0	122302
19114	117777	2394	921	1351	0	122443
19115	119032	2447	842	1073	0	123394
19116	121248	759	792	1036	0	123835
19117	5179	785	115233	1005	0	122202
19118	3204	115928	2723	1114	0	122969
19119	1386	2575	2778	115851	0	122590
19120	1243	2508	991	121190	0	125932
19121	122707	655	937	5008	0	129307
19122	3266	602	949	124560	0	129377
19123	125862	607	928	3448	0	130845
19124	124955	472	1011	3419	0	129857
19125	127126	473	959	1322	0	129880
19126	127240	458	1032	1054	0	129784
19127	5777	537	876	121818	0	129008
19128	123748	535	931	3203	0	128417
19129	3560	646	119057	3341	0	126604
19130	120425	522	2945	1266	0	125158
19131	121711	519	3089	1024	0	126343
19132	5841	635	117128	1520	0	125124
19133	120776	521	2914	921	0	125132
19134	121978	492	2977	1051	0	126498
19135	5564	450	1122	118684	0	125820
19136	3751	503	1042	119912	0	125208
19137	116376	1003	838	5191	0	123408
19138	3525	407	798	117716	0	122446
19139	3484	392	980	113775	0	118631
19140	1427	109429	844	5089	0	116789
19141	1356	1862	699	106343	0	110260
19142	102552	2033	711	2700	0	107996
19143	2893	473	643	103066	0	107075
19144	2765	336	609	98181	0	101891
19145	1102	94779	633	3998	0	100512
19146	1157	1633	572	92813	0	96175
19147	1365	1767	518	90575	0	94225
19148	86123	396	521	3375	0	90415
19149	2018	1011	279	69112	0	72420
19150	1389	150	62581	1352	0	65472
19151	426	59506	982	1354	0	62268
19152	351	59521	993	411	0	61276
19153	57108	1607	462	381	0	59558
19154	1027	58497	230	359	0	60113
19155	53844	769	582	267	0	55462
19156	926	53930	169	256	0	55281
19157	54982	780	170	279	0	56211
19158	945	774	76	55296	0	57091
19159	948	231	65	55737	0	56981
19160	322	55994	78	1557	0	57951
19161	377	938	57	57403	0	58775
19162	306	843	58231	961	0	60341
19163	54913	236	734	1054	0	56937
19164	904	62264	840	343	0	64351
19165	61659	858	144	273	0	62934
19166	61639	926	64	240	0	62869
19167	62573	212	78	219	0	63082
19168	1934	116	58	60708	0	62816
19169	1185	179	89	60026	0	61479
19170	387	61547	81	1808	0	63823
19171	61198	912	64	1147	0	63321
19172	1033	62413	86	400	0	63932
19173	62739	985	91	292	0	64107
19174	1192	998	63018	247	0	65455
19175	65391	239	920	283	0	66833
19176	1420	123	984	65867	0	68394
19177	1349	182	65960	1190	0	68681
19178	470	190	66364	1258	0	68282
19179	332	158	2118	66082	0	68690
19180	373	172	67467	1217	0	69229
19181	363	141	1218	66732	0	68454
19182	62695	138	1217	1375	0	65425
19183	1329	157	263	65401	0	67150
19184	1386	158	64121	1334	0	66999
19185	437	63241	1124	1341	0	66143
19186	332	64845	1161	504	0	66842
19187	401	2050	344	63440	0	66235
19188	64288	1221	259	1352	0	67120
19189	1225	308	119	66111	0	67763
19190	1331	181	132	66731	0	68375
19191	435	173	140	68013	0	68761
19192	360	174	140	68600	0	69274
19193	307	221	66532	2429	0	69489
19194	339	211	65070	1508	0	67128
19195	64744	173	2117	507	0	67541
19196	67353	149	1291	457	0	69250
19197	2270	160	298	67002	0	69730
19198	1485	181	192	68030	0	69888
19199	479	193	66729	2378	0	69779
19200	346	67023	1096	1586	0	70051
19201	66991	1083	1207	549	0	69830
19202	67783	1193	294	485	0	69755
19203	2323	332	196	67116	0	69967
19204	1485	289	67806	1371	0	70951
19205	536	266	1088	65480	0	67370
19206	378	67527	1247	1337	0	70489
19207	428	1143	67632	1362	0	70565
19208	64545	1215	1150	558	0	67468
19209	1353	340	1249	68715	0	71657
19210	70086	218	302	1440	0	72046
19211	1378	247	67934	1492	0	71051
19212	67854	219	1180	609	0	69862
19213	1390	235	1264	68131	0	71020
19214	68313	217	400	1369	0	70299
19215	1459	228	249	66292	0	68228
19216	1373	64686	285	1471	0	67815
19217	533	66386	302	1389	0	68610
19218	532	2270	257	64568	0	67627
19219	411	1181	64397	1156	0	67145
19220	304	63688	1003	1280	0	66275
19221	547	950	1070	61034	0	63601
19222	60141	907	367	1031	0	62446
19223	59806	232	177	1179	0	61394
19224	1766	154	204	59802	0	61926
19225	1169	183	190	59343	0	60885
19226	384	58232	238	1810	0	60664
19227	286	60141	268	1207	0	61902
19228	59463	1560	243	540	0	61806
19229	944	1032	231	59276	0	61483
19230	1085	280	229	59825	0	61419
19231	405	189	59028	1919	0	61541
19232	351	146	898	58730	0	60125
19233	340	163	1069	58098	0	59670
19234	299	196	316	59392	0	60203
19235	347	219	58496	1968	0	61030
19236	323	201	893	59309	0	60726
19237	58178	189	1061	1254	0	60682
19238	983	197	57487	1299	0	59966
19239	59596	188	1035	745	0	61564
19240	1073	181	1048	61006	0	63308
19241	1152	159	350	63250	0	64911
19242	448	161	241	65521	0	66371
19243	329	151	63210	2152	0	65842
19244	58136	134	1046	1572	0	60888
19245	1062	64844	1156	627	0	67689
19246	65298	942	372	501	0	67113
19247	1184	66073	276	512	0	68045
19248	1216	1074	259	65585	0	68134
19249	65702	1014	218	1294	0	68228
19250	1119	297	64764	1365	0	67545
19251	62780	185	1017	587	0	64569
19252	1223	198	66809	420	0	68650
19253	1173	303	1099	64901	0	67476
19254	471	196	65869	1164	0	67700
19255	304	64448	1086	1269	0	67107
19256	526	980	1098	62673	0	65277
19257	61506	966	353	1233	0	64058
19258	988	211	194	60461	0	61854
19259	951	60289	241	993	0	62474
19260	393	890	222	60871	0	62376
19261	59358	836	176	1024	0	61394
19262	57421	198	174	1044	0	58837
19263	1604	57223	195	441	0	59463
19264	778	53686	165	199	0	54828
19265	372	1161	146	52720	0	54399
19266	240	684	157	53222	0	54303
19267	52333	175	86	1277	0	53871
19268	51596	138	130	827	0	52691
19269	1171	52616	142	301	0	54230
19270	717	731	94	50893	0	52435
19271	278	679	96	51522	0	52575
19272	251	193	50941	1170	0	52555
19273	182	50336	569	838	0	51925
19274	184	49382	534	309	0	50409
19275	241	845	183	47809	0	49078
19276	146	445	48081	509	0	49181
19277	118	146	48414	503	0	49181
19278	140	113	828	48242	0	49323
19279	130	93	514	49324	0	50061
19280	137	117	49400	930	0	50584
19281	130	83	520	50089	0	50822
19282	134	100	51326	629	0	52189
19283	51884	91	585	651	0	53211
19284	655	100	520	53197	0	54472
19285	656	101	54277	714	0	55748
19286	197	122	54153	704	0	55176
19287	148	148	1248	56312	0	57856
19288	155	127	60488	867	0	61637
19289	163	133	61065	897	0	62258
19290	120	58857	1545	316	0	60838
19291	60585	786	942	264	0	62577
19292	883	860	62136	167	0	64046
19293	872	182	889	60256	0	62199
19294	212	143	885	62889	0	64129
19295	158	77	222	64648	0	65105
19296	134	132	62685	1804	0	64755
19297	143	104	896	61965	0	63108
19298	61652	104	933	1089	0	63778
19299	858	106	251	62189	0	63404
19300	923	140	61616	1086	0	63765
19301	231	83	907	61652	0	62873
19302	61256	90	978	1103	0	63427
19303	62445	82	272	1114	0	63913
19304	62404	80	218	394	0	63096
19305	1764	65	229	61323	0	63381
19306	62198	68	230	1057	0	63553
19307	61679	64	203	1072	0	63018
19308	61938	71	190	397	0	62596
19309	1735	59401	248	317	0	61701
19310	60534	805	243	282	0	61864
19311	1049	836	217	59963	0	62065
19312	1048	177	59635	1021	0	61881
19313	306	59577	961	1065	0	61909
19314	59822	846	962	387	0	62017
19315	981	869	315	60055	0	62220
19316	1042	201	249	58096	0	59588
19317	300	59015	263	1720	0	61298
19318	230	61043	251	1137	0	62661
19319	57588	1613	244	424	0	59869
19320	954	58798	245	378	0	60375
19321	57093	920	218	300	0	58531
19322	971	57402	217	323	0	58913
19323	56236	927	190	345	0	57698
19324	1016	56978	204	356	0	58554
19325	977	58180	258	336	0	59751
19326	57678	1581	183	353	0	59795
19327	1067	983	56910	310	0	59270
19328	1012	58086	894	359	0	60351
19329	421	953	946	58145	0	60465
19330	352	921	300	61054	0	62627
19331	371	233	239	61871	0	62714
19332	343	215	180	63219	0	63957
19333	378	181	62105	1998	0	64662
19334	60168	188	1011	1334	0	62701
19335	1184	175	1062	63860	0	66281
19336	65103	166	332	1248	0	66849
19337	66407	173	301	1261	0	68142
19338	67570	197	260	506	0	68533
19339	65226	171	282	457	0	66136
19340	2221	209	63057	450	0	65937
19341	1319	265	1159	61301	0	64044
19342	472	224	62148	1296	0	64140
19343	387	60976	1244	1338	0	63945
19344	590	1274	1372	55545	0	58781
19345	417	1096	387	59485	0	61385
19346	340	241	312	60904	0	61797
19347	366	187	291	60610	0	61454
19348	352	187	58717	2272	0	61528
19349	345	220	1127	59408	0	61100
19350	404	205	1204	60169	0	61982
19351	59871	199	381	2253	0	62704
19352	61664	194	345	1485	0	63688
19353	2266	202	305	61848	0	64621
19354	1498	178	318	62606	0	64600
19355	559	189	326	63927	0	65001
19356	62417	196	306	2685	0	65604
19357	63947	225	258	1714	0	66144
19358	63992	208	298	661	0	65159
19359	63952	195	273	603	0	65023
19360	2486	62553	261	668	0	65968
19361	64227	1134	225	609	0	66195
19362	63887	1196	221	579	0	65883
19363	2539	250	186	62398	0	65373
19364	1626	187	200	62557	0	64570
19365	60888	170	190	2482	0	63730
19366	1524	59901	218	1614	0	63257
19367	1614	61982	205	617	0	64418
19368	63268	2049	178	654	0	66149
19369	1661	1260	126	64105	0	67152
19370	1723	347	149	65187	0	67406
19371	807	265	157	66795	0	68024
19372	721	274	132	66779	0	67906
19373	637	278	141	65610	0	66666
19374	594	63502	181	2525	0	66802
19375	618	1066	119	62657	0	64460
19376	61562	1153	139	1421	0	64275
19377	1297	345	130	61467	0	63239
19378	1371	250	110	61019	0	62750
19379	59453	231	155	2233	0	62072
19380	1253	60303	146	1477	0	63179
19381	1303	1387	115	58606	0	61411
19382	477	60306	155	1295	0	62233
19383	446	1734	128	57676	0	59984
19384	454	907	56634	1080	0	59075
19385	51305	339	807	1128	0	53579
19386	944	54750	780	467	0	56941
19387	51835	676	165	380	0	53056
19388	863	664	50332	357	0	52216
19389	807	518	573	46175	0	48073
19390	271	47757	628	710	0	49366
19391	262	49387	171	821	0	50641
19392	48285	1047	201	389	0	49922
19393	734	674	118	48772	0	50298
19394	790	179	51638	759	0	53366
19395	321	121	539	52704	0	53685
19396	246	145	53217	903	0	54511
19397	49809	94	626	965	0	51494
19398	749	128	54184	434	0	55495
19399	851	95	600	52428	0	53974
19400	331	55447	679	793	0	57250
19401	324	667	138	54662	0	55791
19402	272	56609	138	846	0	57865
19403	57808	649	105	953	0	59515
19404	860	701	85	59853	0	61499
19405	914	189	60950	916	0	62969
19406	395	153	59256	993	0	60797
19407	59292	127	1216	577	0	61212
19408	63484	154	719	460	0	64817
19409	64044	162	145	391	0	64742
19410	63386	157	103	365	0	64011
19411	1459	62462	141	441	0	64503
19412	63847	652	121	434	0	65054
19413	63582	743	79	447	0	64851
19414	1483	242	62088	414	0	64227
19415	1001	175	598	61222	0	62996
19416	62694	171	652	959	0	64476
19417	842	229	61805	976	0	63852
19418	966	202	627	61171	0	62966
19419	453	222	64678	908	0	66261
19420	391	193	662	62272	0	63518
19421	359	65385	703	892	0	67339
19422	66238	654	163	961	0	68016
19423	872	773	64892	469	0	67006
19424	64267	279	620	412	0	65578
19425	897	229	676	65290	0	67092
19426	65927	190	169	911	0	67197
19427	900	210	126	65638	0	66874
19428	69315	188	154	1177	0	70834
19429	926	226	67546	921	0	69619
19430	70453	209	594	592	0	71848
19431	841	147	619	71633	0	73240
19432	848	134	179	71748	0	72909
19433	70757	176	159	1233	0	72325
19434	793	151	116	71674	0	72734
19435	680	226	71364	701	0	72971
19436	346	237	471	70993	0	72047
19437	68248	97	507	678	0	69530
19438	495	68621	175	631	0	69922
19439	538	69148	143	275	0	70104
19440	68661	649	144	225	0	69679
19441	417	72062	158	210	0	72847
19442	611	400	148	71121	0	72280
19443	71818	377	186	513	0	72894
19444	71676	137	82	462	0	72357
19445	71637	110	71	209	0	72027
19446	716	148	71791	146	0	72801
19447	470	281	330	70537	0	71618
19448	150	72548	406	431	0	73535
19449	201	346	151	73288	0	73986
19450	225	399	75254	377	0	76255
19451	180	72367	394	431	0	73372
19452	251	519	319	73390	0	74479
19453	71549	297	93	363	0	72302
19454	297	72884	85	411	0	73677
19455	410	294	74878	126	0	75708
19456	166	332	331	72877	0	73706
19457	144	120	75602	374	0	76240
19458	134	97	403	72615	0	73249
19459	75873	52	435	520	0	76880
19460	420	72	97	76555	0	77144
19461	77222	55	108	474	0	77859
19462	77386	54	75	581	0	78096
19463	812	78899	99	159	0	79969
19464	80553	370	84	203	0	81210
19465	498	80626	92	153	0	81369
19466	608	474	80655	131	0	81868
19467	261	484	467	79848	0	81060
19468	213	102	519	86684	0	87518
19469	188	138	84573	1068	0	85967
19470	159	84288	555	714	0	85716
19471	85416	502	575	247	0	86740
19472	86505	566	153	241	0	87465
19473	1198	119	108	87229	0	88654
19474	732	100	77	88009	0	88918
19475	228	76	92	89613	0	90009
19476	87298	90	123	1252	0	88763
19477	651	128	87078	809	0	88666
19478	735	129	87666	242	0	88772
19479	244	88	1142	87989	0	89463
19480	207	124	88551	659	0	89541
19481	196	125	87914	751	0	88986
19482	217	94	1155	83556	0	85022
19483	242	134	89449	711	0	90536
19484	172	88471	694	969	0	90306
19485	199	602	697	89982	0	91480
19486	224	729	91137	758	0	92848
19487	195	144	676	89475	0	90490
19488	143	87900	800	792	0	89635
19489	208	585	174	89941	0	90908
19490	183	747	90882	776	0	92588
19491	191	160	679	88352	0	89382
19492	87343	105	742	903	0	89093
19493	714	135	89416	793	0	91058
19494	82457	112	638	310	0	83517
19495	752	88017	721	240	0	89730
19496	88916	672	194	227	0	90009
19497	770	761	122	88807	0	90460
19498	779	89329	150	804	0	91062
19499	91712	757	156	894	0	93519
19500	881	826	152	92871	0	94730
19501	888	173	93748	999	0	95808
19502	211	94426	914	1018	0	96569
19503	282	906	979	93847	0	96014
19504	92484	858	217	997	0	94556
19505	90558	156	141	1000	0	91855
19506	1750	124	130	90123	0	92127
19507	1023	156	89512	1009	0	91700
19508	82899	117	977	1152	0	85145
19509	988	165	90036	309	0	91498
19510	989	111	1006	88443	0	90549
19511	89898	115	999	1065	0	92077
19512	964	89913	273	1171	0	92321
19513	91120	868	187	427	0	92602
19514	1087	981	88977	263	0	91308
19515	89134	178	967	292	0	90571
19516	1088	135	1028	90361	0	92612
19517	1104	140	274	91730	0	93248
19518	403	211	90722	1857	0	93193
19519	279	161	961	88568	0	89969
19520	88816	135	1008	1226	0	91185
19521	1049	150	271	89038	0	90508
19522	1079	90314	266	1124	0	92783
19523	403	926	236	88940	0	90505
19524	282	91234	276	1298	0	93090
19525	329	1065	88402	1130	0	90926
19526	82927	1004	1043	555	0	85529
19527	1142	202	1091	90670	0	93105
19528	1187	219	87243	1172	0	89821
19529	363	86544	1060	1252	0	89219
19530	351	1019	1095	84124	0	86589
19531	326	1105	301	85719	0	87451
19532	84667	282	278	2142	0	87369
19533	1217	227	265	87403	0	89112
19534	87991	184	287	1388	0	89850
19535	86502	211	307	1390	0	88410
19536	2232	86571	297	530	0	89630
19537	88781	1179	239	509	0	90708
19538	1526	1219	261	93695	0	96701
19539	1506	314	94038	1581	0	97439
19540	93169	192	1452	1716	0	96529
19541	1654	185	1417	92048	0	95304
19542	1652	251	91781	1605	0	95289
19543	88219	248	1441	1704	0	91612
19544	1733	204	1434	90840	0	94211
19545	1651	93267	415	1663	0	96996
19546	657	1440	327	89332	0	91756
19547	477	93497	369	1670	0	96013
19548	91596	1523	345	1712	0	95176
19549	1718	1442	93124	620	0	96904
19550	1622	91886	1495	609	0	95612
19551	581	1534	1420	91936	0	95471
19552	491	1434	93087	1633	0	96645
19553	503	418	92174	1680	0	94775
19554	451	93626	2718	670	0	97465
19555	808	1829	1610	90809	0	95056
19556	527	1448	452	93498	0	95925
19557	484	428	335	111220	0	112467
19558	111094	317	369	3795	0	115575
19559	2540	328	114879	2237	0	119984
19560	2059	114962	2573	796	0	120390
19561	697	2462	2080	111498	0	116737
19562	574	2054	555	116263	0	119446
19563	553	535	113696	4518	0	119302
19564	624	532	2564	114328	0	118048
19565	539	327	113914	3024	0	117804
19566	514	348	110127	2392	0	113381
19567	538	363	110538	871	0	112310
19568	564	349	4319	102918	0	108150
19569	488	363	2277	107083	0	110211
19570	473	346	617	110597	0	112033
19571	107248	294	512	4513	0	112567
19572	2518	106699	562	2622	0	112401
19573	109241	2447	519	912	0	113119
19574	106731	1931	450	873	0	109985
19575	110119	464	477	799	0	111859
19576	4345	109108	505	796	0	114754
19577	111056	2515	461	755	0	114787
19578	111480	2063	416	791	0	114750
19579	4557	606	421	109150	0	114734
19580	2575	487	460	111215	0	114737
19581	940	416	463	114356	0	116175
19582	707	517	109587	4894	0	115705
19583	105684	385	2777	2802	0	111648
19584	2919	374	2263	108945	0	114501
19585	107608	316	864	3205	0	111993
19586	2860	106310	730	2776	0	112676
19587	2321	2507	693	106989	0	112510
19588	803	2022	682	109697	0	113204
19589	107214	586	654	4837	0	113291
19590	2924	476	523	108455	0	112378
19591	104677	475	479	3391	0	109022
19592	105554	497	452	2688	0	109191
19593	4485	102703	503	1172	0	108863
19594	2471	105360	508	982	0	109321
19595	1143	4823	530	99330	0	105826
19596	733	104878	510	2815	0	108936
19597	880	2881	537	104489	0	108787
19598	779	2077	101876	3076	0	107808
19599	723	630	99566	2489	0	103408
19600	93416	652	4064	1191	0	99323
19601	96163	380	2222	1082	0	99847
19602	3905	94348	806	1296	0	100355
19603	95053	2318	656	1120	0	99147
19604	2623	98425	686	1103	0	102837
19605	2165	2441	669	98694	0	103969
19606	849	1879	652	100574	0	103954
19607	813	588	621	101845	0	103867
19608	639	472	723	102701	0	104535
19609	98219	371	729	4623	0	103942
19610	2525	98593	661	2914	0	104693
19611	100036	2277	666	1430	0	104409
19612	100639	1843	642	1288	0	104412
19613	4362	735	98014	1078	0	104189
19614	97109	650	2321	1155	0	101235
19615	3036	97386	1883	1108	0	103413
19616	2549	2600	631	97400	0	103180
19617	1311	2091	515	94798	0	98715
19618	1084	97054	626	4113	0	102877
19619	98431	2503	714	2556	0	104204
19620	3033	1999	96747	1321	0	103100
19621	96252	669	2502	1468	0	100891
19622	3257	570	97188	1526	0	102541
19623	2692	544	2737	95889	0	101862
19624	1467	679	2192	98533	0	102871
19625	1300	700	988	100702	0	103690
19626	98423	761	815	5226	0	105225
19627	3032	710	99706	3381	0	106829
19628	100313	700	2666	2044	0	105723
19629	102076	615	2300	1887	0	106878
19630	102556	542	1135	1792	0	106025
19631	101804	506	1103	1499	0	104912
19632	4741	560	1046	98609	0	104956
19633	2749	496	96296	3217	0	102758
19634	1644	811	2336	95947	0	100738
19635	1447	543	95972	3298	0	101260
19636	1477	755	93733	2492	0	98457
19637	1411	93190	3197	1453	0	99251
19638	1567	2298	1647	84682	0	90194
19639	1496	1776	454	87898	0	91624
19640	1414	810	421	82152	0	84797
19641	1533	625	449	88755	0	91362
19642	86823	611	432	3509	0	91375
19643	87975	434	335	2219	0	90963
19644	3907	462	332	85761	0	90462
19645	2311	445	83517	2996	0	89269
19646	1114	427	1855	85742	0	89138
19647	1078	447	1441	86816	0	89782
19648	1091	431	84610	3864	0	89996
19649	1148	423	1834	84136	0	87541
19650	83524	487	1306	2922	0	88239
19651	84398	480	435	2229	0	87542
19652	84530	583	322	1316	0	86751
19653	3680	483	276	81629	0	86068
19654	80999	376	333	2459	0	84167
19655	79278	336	432	1912	0	81958
19656	3350	358	76801	1046	0	81555
19657	1011	173	58745	396	0	60325
19658	510	163	59353	310	0	60336
19659	52652	103	713	243	0	53711
19660	416	54795	472	196	0	55879
19661	55090	330	272	200	0	55892
19662	476	59616	124	171	0	60387
19663	493	418	106	59343	0	60360
19664	212	358	81	60256	0	60907
19665	189	96	100	60714	0	61099
19666	160	94	59867	787	0	60908
19667	54712	60	391	530	0	55693
19668	520	83	379	59473	0	60455
19669	413	79	59118	423	0	60033
19670	157	81	56939	384	0	57561
19671	55062	55	584	215	0	55916
19672	350	59125	365	191	0	60031
19673	58417	263	182	177	0	59039
19674	57812	261	90	155	0	58318
19675	554	57659	99	147	0	58459
19676	56526	285	80	147	0	57038
19677	400	295	58220	126	0	59041
19678	332	87	56953	118	0	57490
19679	160	84	59544	130	0	59918
19680	130	291	570	58051	0	59042
19681	124	64	59906	273	0	60367
19682	56412	50	283	288	0	57033
19683	58742	26	256	156	0	59180
19684	521	91	59469	109	0	60190
19685	309	44	235	58288	0	58876
19686	59270	30	241	285	0	59826
19687	253	62043	119	332	0	62747
19688	253	63465	114	112	0	63944
19689	63908	374	73	154	0	64509
19690	280	265	64628	74	0	65247
19691	271	246	231	62432	0	63180
19692	112	47	217	64013	0	64389
19693	71	33	79	64939	0	65122
19694	48	65502	74	427	0	66051
19695	86	258	49	64095	0	64488
19696	68137	230	49	375	0	68791
19697	328	67	49	69311	0	69755
19698	315	69765	69	432	0	70581
19699	70731	328	40	470	0	71569
19700	365	344	46	71252	0	72007
19701	400	69	42	74576	0	75087
19702	76175	47	38	771	0	77031
19703	76557	42	42	538	0	77179
19704	846	49	30	75428	0	76353
19705	77329	39	42	541	0	77951
19706	77104	43	33	596	0	77776
19707	993	77999	71	200	0	79263
19708	78717	503	34	166	0	79420
19709	603	78291	69	118	0	79081
19710	639	548	30	77966	0	79183
19711	169	647	79705	583	0	81104
19712	144	136	520	79506	0	80306
19713	132	72	556	80539	0	81299
19714	132	61	87	83591	0	83871
19715	82458	51	55	1259	0	83823
19716	615	82698	73	839	0	84225
19717	85459	588	45	254	0	86346
19718	744	88806	104	225	0	89879
19719	91232	725	55	250	0	92262
19720	91718	717	50	191	0	92676
19721	92452	149	58	188	0	92847
19722	92359	97	46	158	0	92660
19723	1614	167	91944	153	0	93878
19724	941	80	761	91499	0	93281
19725	282	79	796	96109	0	97266
19726	207	130	94188	1631	0	96156
19727	89301	82	858	1081	0	91322
19728	983	85	888	92749	0	94705
19729	1048	123	92123	961	0	94255
19730	282	154	91368	1001	0	92805
19731	230	81	1732	93009	0	95052
19732	275	135	96535	1005	0	97950
19733	234	87	985	94428	0	95734
19734	236	72	982	95359	0	96649
19735	231	123	93636	1864	0	95854
19736	86801	128	964	1213	0	89106
19737	1030	84	998	93738	0	95850
19738	1127	175	94432	1080	0	96814
19739	327	93	933	95115	0	96468
19740	94732	68	1023	1187	0	97010
19741	1083	129	94540	1130	0	96882
19742	91195	92	973	426	0	92686
19743	96444	88	1018	326	0	97876
19744	1951	82	222	96083	0	98338
19745	1208	91	171	96025	0	97495
19746	401	154	95950	1976	0	98481
19747	310	97	974	96383	0	97764
19748	331	99	1071	91872	0	93373
19749	306	86	262	97740	0	98394
19750	307	144	94664	2073	0	97188
19751	90725	94	993	1348	0	93160
19752	94783	94	1055	498	0	96430
19753	97165	93	269	432	0	97959
19754	99083	106	198	443	0	99830
19755	2202	132	185	98148	0	100667
19756	98416	115	201	1248	0	99980
19757	98262	112	181	1399	0	99954
19758	85598	245	379	604	0	86826
19759	98962	89	201	414	0	99666
19760	2009	98376	290	408	0	101083
19761	100003	883	211	405	0	101502
19762	97556	996	205	413	0	99170
19763	2213	97231	242	384	0	100070
19764	98433	1036	231	365	0	100065
19765	1502	1094	194	97773	0	100563
19766	1453	206	205	98502	0	100366
19767	96958	126	228	2389	0	99701
19768	1330	96065	255	1490	0	99140
19769	1357	96373	280	512	0	98522
19770	564	2042	265	98019	0	100890
19771	472	1185	99490	1317	0	102464
19772	465	214	1174	98054	0	99907
19773	457	125	1228	100928	0	102738
19774	99684	113	324	2370	0	102491
19775	100523	134	246	1506	0	102409
19776	2393	121	239	100463	0	103216
19777	1524	174	100091	1433	0	103222
19778	578	121	1216	102253	0	104168
19779	102887	106	1332	1573	0	105898
19780	1625	141	107222	1507	0	110495
19781	1564	107780	1497	576	0	111417
19782	110345	1290	1493	536	0	113664
19783	1698	1384	366	110379	0	113827
19784	1791	202	269	111340	0	113602
19785	592	132	280	114701	0	115705
19786	501	150	111289	3082	0	115022
19787	96117	130	1532	2144	0	99923
19788	1779	189	108363	586	0	110917
19789	1763	106455	1617	553	0	110388
19790	608	1310	1608	108028	0	111554
19791	501	1448	397	109554	0	111900
19792	582	278	291	116268	0	117419
19793	515	194	113240	3547	0	117496
19794	496	187	111411	2058	0	114152
19795	498	200	114455	653	0	115806
19796	460	112977	3322	570	0	117329
19797	633	1693	2061	111888	0	116275
19798	114762	1549	527	1985	0	118823
19799	119219	261	382	1942	0	121804
19800	3686	223	124714	671	0	129294
19801	2203	125640	2103	784	0	130730
19802	736	2020	127175	485	0	130416
19803	470	130524	2280	543	0	133817
19804	125924	2435	2663	621	0	131643
19805	125207	1971	591	579	0	128348
19806	3833	124894	458	523	0	129708
19807	127115	2029	350	508	0	130002
19808	2544	1956	359	125068	0	129927
19809	2328	425	326	126991	0	130070
19810	126132	331	292	3926	0	130681
19811	123739	278	299	2345	0	126661
19812	124180	247	294	742	0	125463
19813	4120	121657	352	633	0	126762
19814	2279	125071	320	582	0	128252
19815	124205	3555	317	571	0	128648
19816	2414	2125	123395	480	0	128414
19817	2338	1038	1953	119906	0	125235
19818	117045	339	1941	2073	0	121398
19819	2279	115087	488	1974	0	119828
19820	2145	119054	318	558	0	122075
19821	118531	3480	360	474	0	122845
19822	2293	2112	115973	425	0	120803
19823	112484	705	1934	423	0	115546
19824	2376	435	114164	335	0	117310
19825	2062	409	112666	252	0	115389
19826	786	522	3289	110611	0	115208
19827	646	409	116710	1821	0	119586
19828	113252	354	2059	1777	0	117442
19829	117407	321	1865	597	0	120190
19830	119526	281	544	487	0	120838
19831	118739	297	423	466	0	119925
19832	3712	324	380	114229	0	118645
19833	115559	333	378	1865	0	118135
19834	2273	113992	455	1796	0	118516
19835	2271	1802	381	106141	0	110595
19836	835	116957	412	1678	0	119882
19837	118887	1920	388	1741	0	122936
19838	119063	1749	370	652	0	121834
19839	3597	598	381	117890	0	122466
19840	120684	454	364	1949	0	123451
19841	121052	425	406	1915	0	123798
19842	3732	453	361	119687	0	124233
19843	2402	445	379	120349	0	123575
19844	1103	414	399	123179	0	125095
19845	928	421	118979	3482	0	123810
19846	860	431	116363	2071	0	119725
19847	882	461	119666	717	0	121726
19848	859	425	3462	117314	0	122060
19849	869	416	121813	2097	0	125195
19850	937	394	2189	119928	0	123448
19851	1001	372	128389	2316	0	132078
19852	898	379	125592	2061	0	128930
19853	118360	393	3566	871	0	123190
19854	2219	124289	2175	737	0	129420
19855	126484	1864	844	670	0	129862
19856	2476	1797	596	124375	0	129244
19857	2432	569	586	125491	0	129078
19858	1122	567	125399	3456	0	130544
19859	897	125626	2060	2270	0	130853
19860	977	2098	1891	125993	0	130959
19861	913	1831	128694	2079	0	133517
19862	811	127603	1914	1959	0	132287
19863	979	1799	1824	127470	0	132072
19864	127211	1698	772	1996	0	131677
19865	127709	576	580	1900	0	130765
19866	3420	490	566	127619	0	132095
19867	128915	475	553	2014	0	131957
19868	2269	128686	678	1922	0	133555
19869	2184	1824	581	129828	0	134417
19870	1102	1769	133439	2030	0	138340
19871	1020	625	2049	133121	0	136815
19872	970	557	134467	2289	0	138283
19873	128878	497	2182	2190	0	133747
19874	2544	502	1949	131972	0	136967
19875	2302	134660	716	2210	0	139888
19876	1273	2285	493	138308	0	142359
19877	1051	1861	135380	2345	0	140637
19878	983	634	133997	2181	0	137795
19879	907	539	132035	840	0	134321
19880	120844	672	3654	658	0	125828
19881	1888	126977	2004	661	0	131530
19882	1768	1668	716	124599	0	128751
19883	126097	1441	622	1885	0	130045
19884	1808	126402	683	1768	0	130661
19885	130778	1627	551	971	0	133927
19886	131125	1483	565	740	0	133913
19887	134820	533	514	722	0	136589
19888	136052	414	547	664	0	137677
19889	3254	393	132437	531	0	136615
19890	128083	238	1724	687	0	130732
19891	2015	362	131507	544	0	134428
19892	112665	265	1688	588	0	115206
19893	1783	287	1467	126656	0	130193
19894	1711	279	125764	1328	0	129082
19895	763	124028	1286	1438	0	127515
19896	1022	3930	1405	116559	0	122916
19897	668	122390	473	1056	0	124587
19898	559	122591	456	1195	0	124801
19899	111163	1445	660	559	0	113827
19900	974	804	110768	319	0	112865
19901	680	107283	626	238	0	108827
19902	104467	535	910	244	0	106156
19903	545	107385	231	173	0	108334
19904	107627	488	167	211	0	108493
19905	629	660	118	106983	0	108390
19906	108111	122	124	569	0	108926
19907	593	113	143	106864	0	107713
19908	107236	120	297	636	0	108289
19909	587	121	130	106905	0	107743
19910	568	109852	164	574	0	111158
19911	254	514	119	112028	0	112915
19912	111424	492	138	648	0	112702
19913	546	111351	150	626	0	112673
19914	562	544	133	110720	0	111959
19915	111969	536	123	677	0	113305
19916	612	188	118	112870	0	113788
19917	623	156	104	113377	0	114260
19918	295	174	114750	984	0	116203
19919	273	199	112723	626	0	113821
19920	233	129	955	111308	0	112625
19921	242	249	118756	613	0	119860
19922	225	162	552	117653	0	118592
19923	238	174	568	112635	0	113615
19924	244	155	163	120097	0	120659
19925	218	232	119708	1051	0	121209
19926	268	146	488	115381	0	116283
19927	231	140	532	116838	0	117741
19928	219	118028	169	1042	0	119458
19929	207	552	154	120237	0	121150
19930	119670	555	153	758	0	121136
19931	619	146	150	122618	0	123533
19932	711	191	138332	764	0	139998
19933	126305	124	1254	1031	0	128714
19934	1255	145807	1231	519	0	148812
19935	1350	1341	339	147258	0	150288
19936	450	1384	146325	1498	0	149657
19937	134037	366	1449	1645	0	137497
19938	1364	144432	1460	568	0	147824
19939	145202	1375	421	440	0	147438
19940	1678	1374	244	143537	0	146833
19941	142612	388	201	1595	0	144796
19942	1765	305	142159	1510	0	145739
19943	1591	140453	1400	585	0	144029
19944	491	149619	1396	368	0	151874
19945	150873	2505	415	460	0	154253
19946	151137	1550	240	352	0	153279
19947	2829	497	150075	252	0	153653
19948	145877	271	1419	325	0	147892
19949	149975	180	1384	357	0	151896
19950	149767	188	399	364	0	150718
19951	2835	144349	269	334	0	147787
19952	1737	146387	244	335	0	148703
19953	145742	2548	195	351	0	148836
19954	145701	1594	215	339	0	147849
19955	2687	147398	207	378	0	150670
19956	1741	1504	146	147902	0	151293
19957	633	1511	148040	1437	0	151621
19958	142608	466	1476	1690	0	146240
19959	135477	434	1649	825	0	138385
19960	152183	240	465	518	0	153406
19961	2745	149203	316	451	0	152715
19962	1735	1546	149585	320	0	153186
19963	149622	1424	1608	409	0	153063
19964	1789	468	1453	153281	0	156991
19965	1797	333	385	154618	0	157133
19966	741	258	242	157198	0	158439
19967	538	307	155202	2980	0	159027
19968	536	226	1381	152555	0	154698
19969	448	300	155526	1872	0	158146
19970	299	148556	1504	1658	0	152017
19971	145097	1339	1283	552	0	148271
19972	1281	147934	443	433	0	150091
19973	1332	148337	293	365	0	150327
19974	146879	2325	317	345	0	149866
19975	1361	152532	267	344	0	154504
19976	1450	1667	144	148349	0	151610
19977	548	151633	214	1285	0	153680
19978	149431	1618	156	1313	0	152518
19979	1415	152054	174	487	0	154130
19980	1575	1660	150	152700	0	156085
19981	654	1594	151817	1481	0	155546
19982	473	510	1414	152537	0	154934
19983	340	153878	1506	2050	0	157774
19984	400	1616	477	157226	0	159719
19985	429	1865	298	155415	0	158007
19986	488	623	226	155522	0	156859
19987	435	345	261	158105	0	159146
19988	464	332	261	159243	0	160300
19989	454	332	325	159746	0	160857
19990	508	442	156213	3713	0	160876
19991	147246	350	1867	2579	0	152042
19992	1946	352	1915	165047	0	169260
19993	2197	451	165373	2400	0	170421
19994	902	478	165842	2423	0	169645
19995	635	454	4003	166300	0	171392
19996	169039	452	2605	2487	0	174583
19997	2446	589	166743	2428	0	172206
19998	164688	428	2298	1046	0	168460
19999	2935	536	172428	645	0	176544
20000	2902	464	2708	169292	0	175366
20001	1271	559	2493	175079	0	179402
20002	1005	664	173531	4289	0	179489
20003	162058	562	2482	2963	0	168065
20004	2757	553	2473	170961	0	176744
20005	2899	557	171451	2598	0	177505
20006	1351	504	171994	2645	0	176494
20007	1246	522	4423	157100	0	163291
20008	812	171366	3026	2297	0	177501
20009	173841	2262	1015	2449	0	179567
20010	173129	2479	743	1100	0	177451
20011	4935	1001	172770	738	0	179444
20012	3323	589	2494	168384	0	174790
20013	171966	588	2589	2779	0	177922
20014	2918	579	172195	2968	0	178660
20015	166576	373	2718	1264	0	170931
20016	3173	169022	2824	1007	0	176026
20017	3016	2298	1036	171699	0	178049
20018	1333	2416	796	173199	0	177744
20019	175346	730	737	4983	0	181796
20020	2944	562	751	177361	0	181618
20021	3046	509	738	173582	0	177875
20022	1179	482	628	176813	0	179102
20023	170461	426	657	5828	0	177372
20024	2943	530	170668	3738	0	177879
20025	170063	450	2835	1750	0	175098
20026	171473	441	2918	1460	0	176292
20027	175419	426	1132	1295	0	178272
20028	5653	677	827	170640	0	177797
20029	3752	640	174661	3308	0	182361
20030	1352	171107	3112	3399	0	178970
20031	1030	173518	3056	1534	0	179138
20032	712	163607	800	952	0	166071
20033	1072	4026	163401	870	0	169369
20034	1081	3067	2650	178481	0	185279
20035	184597	536	2710	3561	0	191404
20036	194564	387	688	3454	0	199093
20037	6321	289	561	200393	0	207564
20038	3918	364	200652	3962	0	208896
20039	1231	370	201196	3947	0	206744
20040	808	342	6600	201057	0	208807
20041	866	338	205541	4177	0	210922
20042	844	277	4229	207453	0	212803
20043	918	301	3875	198384	0	203478
20044	701	202798	1255	7174	0	211928
20045	955	3510	881	205984	0	211330
20046	922	3467	865	210670	0	215924
20047	205950	984	922	7931	0	215787
20048	4263	415	880	209882	0	215440
20049	4288	347	801	209223	0	214659
20050	202713	366	880	8054	0	212013
20051	4163	202448	1110	5154	0	212875
20052	207357	3603	975	2036	0	213971
20053	4861	3756	202487	1541	0	212645
20054	203068	945	4153	1531	0	209697
20055	202022	532	4286	1566	0	208406
20056	7829	520	198900	1441	0	208690
20057	4974	630	198105	1428	0	205137
20058	1968	704	7656	190520	0	200848
20059	190821	449	4939	4954	0	201163
20060	4623	499	189227	4650	0	198999
20061	4646	446	4666	188128	0	197886
20062	1849	476	189410	4859	0	196594
20063	1552	433	5060	185868	0	192913
20064	1416	481	4567	186806	0	193270
20065	184173	451	1777	8479	0	194880
20066	184953	488	1408	5678	0	192527
20067	189500	523	1212	2607	0	193842
20068	8626	629	184509	2133	0	195897
20069	5414	612	185529	2092	0	193647
20070	2217	561	7848	182169	0	192795
20071	1866	637	5176	184380	0	192059
20072	1938	618	2045	189841	0	194442
20073	180029	677	1566	8824	0	191096
20074	4864	180759	1540	6095	0	193258
20075	178620	3832	1568	2629	0	186649
20076	171323	3751	1478	2309	0	178861
20077	7979	172239	1532	2258	0	184008
20078	5357	174786	1558	2166	0	183867
20079	170484	6562	1583	2401	0	181030
20080	4974	3970	1531	164180	0	174655
20081	5157	167020	1509	5604	0	179290
20082	3281	3808	1394	169874	0	178357
20083	2685	3843	164710	5925	0	177163
20084	2319	1311	4761	166950	0	175341
20085	162787	819	5188	6239	0	175033
20086	5108	862	161313	5804	0	173087
20087	4885	796	160379	3556	0	169616
20088	2805	3681	7999	140541	0	155026
20089	2206	148565	5256	5606	0	161633
20090	1976	151175	2347	5754	0	161252
20091	1968	156178	2112	3647	0	163905
20092	146865	6140	2029	3579	0	158613
20093	147034	3569	1560	3400	0	155563
20094	142940	1272	1600	3205	0	149017
20095	7183	140235	1699	3606	0	152723
20096	143979	3306	1719	3162	0	152166
20097	142490	3421	1548	2730	0	150189
20098	7657	1690	139007	2650	0	151004
20099	5674	134095	4498	2308	0	146575
20100	3489	3662	4672	133745	0	145568
20101	134068	3407	2341	4926	0	144742
20102	5512	1286	132906	4832	0	144536
20103	4902	946	4849	127034	0	137731
20104	2694	130881	4643	5499	0	143717
20105	2802	3391	2452	131962	0	140607
20106	2922	3153	2220	132800	0	141095
20107	132982	1249	2224	7571	0	144026
20108	133828	1310	2090	5499	0	142727
20109	7499	1226	2210	131190	0	142125
20110	5157	1302	128815	5426	0	140700
20111	3287	1272	129863	5200	0	139622
20112	129254	1223	6348	2946	0	139771
20113	6104	1228	131591	2567	0	141490
20114	5831	1251	4678	113562	0	125322
20115	3288	124469	4769	4245	0	136771
20116	124251	3298	2735	4380	0	134664
20117	4907	125354	2328	2989	0	135578
20118	126811	3678	2082	3090	0	135661
20119	5329	3365	1898	123169	0	133761
20120	5199	1687	1779	124029	0	132694
20121	123492	1803	1662	6717	0	133674
20122	125297	1616	1444	4658	0	133015
20123	7932	1839	1502	122551	0	133824
20124	5643	2021	1496	122963	0	132123
20125	3311	1885	119510	6414	0	131120
20126	2798	1621	119063	4638	0	128120
20127	116474	1571	5940	3084	0	127069
20128	4679	1660	113263	2734	0	122336
20129	112075	1263	3784	2753	0	119875
20130	112920	1137	4059	2492	0	120608
20131	6811	1124	108530	2295	0	118760
20132	4687	102416	3553	1865	0	112521
20133	2566	102055	3803	1562	0	109986
20134	1561	2535	78597	807	0	83500
20135	2900	5932	3451	65682	0	77965
20136	62192	1333	3408	2341	0	69274
20137	60515	338	417	1223	0	62493
20138	66176	284	332	604	0	67396
20139	74035	257	279	559	0	75130
20140	74012	231	300	489	0	75032
20141	2852	73313	432	440	0	77037
20142	69651	1300	277	293	0	71521
20143	1561	69174	299	312	0	71346
20144	67135	1236	217	167	0	68755
20145	1510	1167	64528	121	0	67326
20146	1326	178	1070	61696	0	64270
20147	454	137	1029	58491	0	60111
20148	254	61790	197	1932	0	64173
20149	62429	1112	106	1096	0	64743
20150	62965	1121	106	224	0	64416
20151	2240	238	95	61568	0	64141
20152	1348	131	105	62407	0	63991
20153	61727	100	107	2142	0	64076
20154	1265	113	92	62569	0	64039
20155	1197	124	73	62698	0	64092
20156	61848	127	83	2154	0	64212
20157	1371	107	71	62330	0	63879
20158	62853	94	77	1358	0	64382
20159	62678	80	84	1260	0	64102
20160	2285	87	61819	373	0	64564
20161	63080	89	1067	377	0	64613
20162	62626	75	1042	253	0	63996
20163	63399	98	188	234	0	63919
20164	2425	111	60153	229	0	62918
20165	1459	94	1084	58900	0	61537
20166	522	82	1089	60916	0	62609
20167	418	111	59751	2115	0	62395
20168	57720	114	1166	1239	0	60239
20169	1427	85	1101	57734	0	60347
20170	1406	106	57171	1218	0	59901
20171	546	95	58571	1180	0	60392
20172	464	90	2146	57932	0	60632
20173	433	116	59924	1313	0	61786
20174	421	107	1296	59218	0	61042
20175	498	98	1188	59854	0	61638
20176	477	131	59183	2332	0	62123
20177	453	135	1232	56097	0	57917
20178	380	57788	1249	1332	0	60749
20179	359	61008	407	1302	0	63076
20180	60135	2131	304	424	0	62994
20181	59871	1221	274	406	0	61772
20182	2363	59506	244	456	0	62569
20183	60473	1188	234	412	0	62307
20184	60444	1168	235	394	0	62241
20185	2571	332	192	59196	0	62291
20186	1668	295	179	60482	0	62624
20187	58769	295	143	2425	0	61632
20188	1584	58029	191	1542	0	61346
20189	1587	59428	233	535	0	61783
20190	775	2219	214	58690	0	61898
20191	674	1307	59244	1503	0	62728
20192	57596	303	1261	1536	0	60696
20193	59553	226	1237	619	0	61635
20194	58717	220	295	499	0	59731
20195	2831	58567	260	458	0	62116
20196	1872	1325	236	57049	0	60482
20197	912	1279	245	59194	0	61630
20198	57959	347	285	2529	0	61120
20199	1755	57984	293	1695	0	61727
20200	1846	1270	260	57266	0	60642
20201	973	1317	254	58518	0	61062
20202	941	414	237	59222	0	60814
20203	57104	325	288	2738	0	60455
20204	1856	56998	325	1813	0	60992
20205	1905	1675	292	53370	0	57242
20206	952	57100	335	1638	0	60025
20207	55527	1390	356	1559	0	58832
20208	1799	1269	55042	823	0	58933
20209	53442	415	1422	924	0	56203
20210	1787	330	53625	901	0	56643
20211	1804	749	1447	49581	0	53581
20212	50045	286	1170	1582	0	53083
20213	1677	262	50095	1495	0	53529
20214	50609	223	1249	806	0	52887
20215	51601	175	1179	763	0	53718
20216	52695	165	427	684	0	53971
20217	2601	158	405	50074	0	53238
20218	1664	169	388	50697	0	52918
20219	895	170	309	51865	0	53239
20220	49655	136	359	2511	0	52661
20221	1628	50267	399	1621	0	53915
20222	51323	1015	371	707	0	53416
20223	51544	977	387	598	0	53506
20224	2440	331	50042	539	0	53352
20225	50245	237	1226	551	0	52259
20226	51710	225	1134	636	0	53705
20227	2339	212	476	51095	0	54122
20228	1549	224	420	51650	0	53843
20229	805	207	386	52162	0	53560
20230	49623	190	399	2276	0	52488
20231	49193	201	397	1427	0	51218
20232	47593	214	326	678	0	48811
20233	1933	45177	398	553	0	48061
20234	974	42631	348	480	0	44433
20235	370	43354	298	534	0	44556
20236	42018	1428	499	568	0	44513
20237	1127	735	41049	540	0	43451
20238	801	238	34963	387	0	36389
20239	25889	66	638	154	0	26747
20240	308	59	28534	109	0	29010
20241	178	28	154	24759	0	25119
20242	46	25756	143	147	0	26092
20243	26558	140	38	161	0	26897
20244	26667	146	34	49	0	26896
20245	26838	28	19	63	0	26948
20246	335	37	21	29280	0	29673
20247	174	42	30826	136	0	31178
20248	69	49	30326	142	0	30586
20249	30040	37	258	58	0	30393
20250	31269	22	160	74	0	31525
20251	31223	21	30	70	0	31344
20252	306	20	19	31488	0	31833
20253	188	16	34	31916	0	32154
20254	86	29	31737	267	0	32119
20255	30509	34	138	215	0	30896
20256	176	34	135	32661	0	33006
20257	187	27	32	32662	0	32908
20258	74	23	24	32522	0	32643
20259	59	32799	39	279	0	33176
20260	73	139	20	32828	0	33060
20261	63	148	32	32733	0	32976
20262	32188	30	29	321	0	32568
20263	175	36	32066	178	0	32455
20264	30849	27	140	103	0	31119
20265	32576	31	137	74	0	32818
20266	296	28	32	32290	0	32646
20267	187	48	28	32388	0	32651
20268	31920	26	33	316	0	32295
20269	173	52	31751	184	0	32160
20270	185	31703	150	98	0	32136
20271	68	125	130	31240	0	31563
20272	31130	125	33	149	0	31437
20273	148	30	39	30486	0	30703
20274	157	40	30219	164	0	30580
20275	95	39	29931	154	0	30219
20276	29409	22	214	89	0	29734
20277	165	37	121	31383	0	31706
20278	154	35	31133	142	0	31464
20279	30148	22	107	217	0	30494
20280	32816	23	96	178	0	33113
20281	210	16	32	32861	0	33119
20282	140	27	36	32877	0	33080
20283	53	32993	37	194	0	33277
20284	34143	88	33	184	0	34448
20285	141	86	35	34311	0	34573
20286	133	38	19	34610	0	34800
20287	56	33	35398	203	0	35690
20288	32230	21	99	170	0	32520
20289	34759	14	87	76	0	34936
20290	170	34625	38	67	0	34900
20291	108	87	33885	30	0	34110
20292	60	69	33803	32	0	33964
20293	46	107	128	33057	0	33338
20294	34643	27	110	146	0	34926
20295	79	9	23	34556	0	34667
20296	35902	15	24	169	0	36110
20297	36162	12	18	109	0	36301
20298	36696	6	18	91	0	36811
20299	132	12	26	37004	0	37174
20300	87	10	26	37578	0	37701
20301	37580	13	21	145	0	37759
20302	96	41	38675	71	0	38883
20303	34690	18	44	97	0	34849
20304	36593	13	36	71	0	36713
20305	69	30	38329	25	0	38453
20306	73	36	38102	20	0	38231
20307	37	38264	72	35	0	38408
20308	43	53	63	38784	0	38943
20309	31755	89	65	280	0	32189
20310	26	23	6	39085	0	39140
20311	39	52	39528	60	0	39679
20312	24	39117	28	74	0	39243
20313	21	39530	36	33	0	39620
20314	31	43	12	41265	0	41351
20315	29	46	12	40957	0	41044
20316	14	41646	21	85	0	41766
20317	46	73	41319	54	0	41492
20318	37885	52	48	89	0	38074
20319	42713	12	42	64	0	42831
20320	99	42936	34	56	0	43125
20321	41849	63	9	68	0	41989
20322	75	113	13	41274	0	41475
20323	41338	15	13	112	0	41478
20324	87	15	10	41508	0	41620
20325	82	44556	29	131	0	44798
20326	44	131	45529	111	0	45815
20327	52	128	142	49518	0	49840
20328	59	26	152	49470	0	49707
20329	47	14	16	52335	0	52412
20330	53748	14	25	564	0	54351
20331	319	16	19	54383	0	54737
20332	399	35	57463	333	0	58230
20333	77	49	58875	403	0	59404
20334	58773	22	862	149	0	59806
20335	450	44	61616	86	0	62196
20336	60908	18	469	93	0	61488
20337	508	24	539	64639	0	65710
20338	601	38	85	65861	0	66585
20339	93	32	68	69033	0	69226
20340	98	37	37	69022	0	69194
20341	67106	21	44	1389	0	68560
20342	661	39	68119	820	0	69639
20343	789	30	621	65808	0	67248
20344	121	69105	764	667	0	70657
20345	68986	629	114	783	0	70512
20346	697	753	60	66583	0	68093
20347	66038	85	63	766	0	66952
20348	764	77	65112	854	0	66807
20349	869	51	682	61712	0	63314
20350	123	64774	828	716	0	66441
20351	65226	653	114	872	0	66865
20352	748	805	64981	246	0	66780
20353	901	86	705	63737	0	65429
20354	190	76	841	65493	0	66600
20355	64770	47	147	1592	0	66556
20356	819	71	65200	1047	0	67137
20357	954	68	65609	271	0	66902
20358	246	68	1597	64945	0	66856
20359	244	59	66258	851	0	67412
20360	195	74	66753	1010	0	68032
20361	238	72	1675	65097	0	67082
20362	238	53	1014	66742	0	68047
20363	206	60	269	70222	0	70757
20364	68858	47	212	1881	0	70998
20365	877	70065	246	1290	0	72478
20366	71157	778	230	448	0	72613
20367	1056	919	225	69631	0	71831
20368	1116	71154	210	1133	0	73613
20369	283	863	199	73486	0	74831
20370	74900	972	169	1292	0	77333
20371	1095	78245	216	1425	0	80981
20372	1326	1068	196	80833	0	83423
20373	412	1212	81523	1374	0	84521
20374	79955	219	1266	1592	0	83032
20375	1312	228	1393	82175	0	85108
20376	1538	170	323	83020	0	85051
20377	437	176	81544	2677	0	84834
20378	423	170	81600	1814	0	84007
20379	78416	115	2537	713	0	81781
20380	1369	79303	1680	612	0	82964
20381	1580	1197	472	79134	0	82383
20382	79669	1357	430	1572	0	83028
20383	1456	256	79715	1736	0	83163
20384	1573	78708	1467	650	0	82398
20385	449	1187	1632	78600	0	81868
20386	79151	1386	510	1705	0	82752
20387	77604	296	449	1906	0	80255
20388	79621	240	365	816	0	81042
20389	2765	77438	401	764	0	81368
20390	1783	1309	77936	651	0	81679
20391	641	1410	1431	78332	0	81814
20392	671	405	1615	72532	0	75223
20393	532	294	486	80370	0	81682
20394	553	268	444	80226	0	81491
20395	77985	230	454	3093	0	81762
20396	77182	257	463	2065	0	79967
20397	2753	302	76012	931	0	79998
20398	1895	237	75298	838	0	78268
20399	73375	246	2740	806	0	77167
20400	74929	208	1802	824	0	77763
20401	2778	254	669	71512	0	75213
20402	1898	72939	602	1740	0	77179
20403	72454	1282	537	1920	0	76193
20404	1637	72598	576	895	0	75706
20405	1810	72136	509	866	0	75321
20406	797	2688	372	73280	0	77137
20407	703	1613	412	74596	0	77324
20408	669	465	463	75795	0	77392
20409	685	426	483	75760	0	77354
20410	619	448	72517	3081	0	76665
20411	70885	363	1457	2141	0	74846
20412	73500	370	1626	917	0	76413
20413	3008	350	504	71243	0	75105
20414	1978	397	477	70768	0	73620
20415	69960	335	512	2984	0	73791
20416	1689	351	66582	2099	0	70721
20417	69241	272	1448	950	0	71911
20418	69215	304	1631	902	0	72052
20419	2870	317	67338	894	0	71419
20420	69480	272	1506	932	0	72190
20421	1944	286	1695	69463	0	73388
20422	1961	275	683	70325	0	73244
20423	914	316	515	71496	0	73241
20424	991	298	460	70872	0	72621
20425	65236	270	445	2868	0	68819
20426	1828	274	516	64284	0	66902
20427	1596	244	332	58203	0	60375
20428	545	55120	325	2493	0	58483
20429	475	56300	342	1686	0	58803
20430	508	1766	244	54603	0	57121
20431	53969	1108	224	1340	0	56641
20432	1319	335	229	51086	0	52969
20433	1131	239	47390	1145	0	49905
20434	449	155	45582	1158	0	47344
20435	44195	147	1619	472	0	46433
20436	978	45107	1063	491	0	47639
20437	42751	725	611	386	0	44473
20438	1057	807	42042	330	0	44236
20439	1305	1163	895	38615	0	41978
20440	38493	141	842	785	0	40261
20441	777	38316	273	827	0	40193
20442	38366	565	246	363	0	39540
20443	863	653	40908	313	0	42737
20444	840	205	573	40292	0	41910
20445	313	131	696	41727	0	42867
20446	42522	125	254	1301	0	44202
20447	42998	147	196	819	0	44160
20448	44516	149	104	390	0	45159
20449	44578	155	113	344	0	45190
20450	44784	138	136	346	0	45404
20451	1255	43981	148	387	0	45771
20452	813	524	156	44514	0	46007
20453	45493	596	125	796	0	47010
20454	817	150	105	45691	0	46763
20455	836	101	125	45418	0	46480
20456	432	90	108	45557	0	46187
20457	331	44159	132	1284	0	45906
20458	44541	536	134	798	0	46009
20459	720	586	155	44326	0	45787
20460	43319	104	124	766	0	44313
20461	42052	106	124	820	0	43102
20462	1088	41322	108	402	0	42920
20463	41280	425	108	310	0	42123
20464	741	521	40127	187	0	41576
20465	39162	107	533	208	0	40010
20466	674	378	768	38642	0	40462
20467	656	104	39876	491	0	41127
20468	310	40157	399	627	0	41493
20469	363	342	39589	235	0	40529
20470	130	35910	236	139	0	36415
20471	32635	536	791	260	0	34222
20472	32101	144	116	173	0	32534
20473	31430	25	23	90	0	31568
20474	181	31298	39	72	0	31590
20475	30704	58	47	65	0	30874
20476	85	79	31184	48	0	31396
20477	90	77	31260	50	0	31477
20478	40	129	108	30413	0	30690
20479	46	40	100	32578	0	32764
20480	23	32617	35	153	0	32828
20481	33138	65	17	108	0	33328
20482	98	66	20	33363	0	33547
20483	78	33423	35	138	0	33674
20484	50	88	14	34280	0	34432
20485	34182	73	17	147	0	34419
20486	33335	28	20	125	0	33508
20487	197	42	32248	49	0	32536
20488	184	27	76	32289	0	32576
20489	42	70	32887	108	0	33107
20490	56	34	89	32957	0	33136
20491	65	68	33285	128	0	33546
20492	51	25	110	32939	0	33125
20493	59	46	33448	144	0	33697
20494	52	17	121	33070	0	33260
20495	66	39	33951	159	0	34215
20496	45	25	123	33496	0	33689
20497	46	23	113	34512	0	34694
20498	40	35603	62	255	0	35960
20499	42	118	37	36824	0	37021
20500	60	135	36395	163	0	36753
20501	48	38	127	36104	0	36317
20502	41	39	125	36707	0	36912
20503	36907	21	44	294	0	37266
20504	153	30	32	37633	0	37848
20505	132	26	25	37490	0	37673
20506	55	41	36523	267	0	36886
20507	35285	38	123	245	0	35691
20508	143	30	140	37587	0	37900
20509	150	26	38	37889	0	38103
20510	61	21	38	38271	0	38391
20511	38380	18	29	329	0	38756
20512	158	18	35	38953	0	39164
20513	155	25	37	38984	0	39201
20514	38601	21	40	369	0	39031
20515	157	38613	64	232	0	39066
20516	168	140	41	38551	0	38900
20517	57	142	33	38974	0	39206
20518	47	73	38221	346	0	38687
20519	29732	54	200	391	0	30377
20520	167	30	148	37882	0	38227
20521	174	60	36715	214	0	37163
20522	36700	23	167	289	0	37179
20523	181	25	160	38812	0	39178
20524	186	28	42	40786	0	41042
20525	62	25	38	41111	0	41236
20526	68	14	27	42363	0	42472
20527	65	55	45305	538	0	45963
20528	57	27	391	45806	0	46281
20529	76	25	326	55934	0	56361
20530	81	45	61528	1144	0	62798
20531	62787	33	953	834	0	64607
20532	66179	25	875	297	0	67376
20533	66917	25	214	204	0	67360
20534	2184	40	124	65083	0	67431
20535	66604	28	72	1141	0	67845
20536	66861	30	66	1078	0	68035
20537	2165	23	63	66043	0	68294
20538	67482	33	67	1290	0	68872
20539	67284	28	60	1107	0	68479
20540	68081	47	83	382	0	68593
20541	68518	26	63	247	0	68854
20542	2364	36	65	65375	0	67840
20543	1377	62650	86	1156	0	65269
20544	474	63422	85	1089	0	65070
20545	295	64885	74	374	0	65628
20546	62077	2134	78	279	0	64568
20547	63551	1228	59	238	0	65076
20548	2196	353	61459	186	0	64194
20549	62816	187	1132	233	0	64368
20550	1593	100	1034	63421	0	66148
20551	1352	84	256	63711	0	65403
20552	536	73	151	65084	0	65844
20553	62320	75	117	2492	0	65004
20554	1384	56	71	63004	0	64515
20555	1281	61166	122	1612	0	64181
20556	513	1105	84	63097	0	64799
20557	398	1096	62904	1532	0	65930
20558	348	280	1147	64026	0	65801
20559	63428	156	1092	1582	0	66258
20560	1529	127	63326	1367	0	66349
20561	1402	92	1214	63384	0	66092
20562	594	113	1130	63699	0	65536
20563	491	146	283	64281	0	65201
20564	336	64182	205	2501	0	67224
20565	418	1225	107	65798	0	67548
20566	64699	1111	111	1712	0	67633
20567	63969	280	163	1481	0	65893
20568	2578	187	62057	562	0	65384
20569	1639	162	62757	471	0	65029
20570	659	130	2243	62148	0	65180
20571	467	154	1346	64299	0	66266
20572	457	186	63968	2553	0	67164
20573	536	178	1386	59691	0	61791
20574	413	63285	1239	1562	0	66499
20575	65203	1234	374	1462	0	68273
20576	65113	1172	284	602	0	67171
20577	64921	318	227	564	0	66030
20578	2888	219	63750	492	0	67349
20579	1826	135	1323	63918	0	67202
20580	842	144	64553	1602	0	67141
20581	61663	113	1445	1641	0	64862
20582	1565	63097	1351	769	0	66782
20583	1595	1272	403	62975	0	66245
20584	63224	1216	273	1660	0	66373
20585	1741	390	229	63690	0	66050
20586	1646	276	232	64750	0	66904
20587	775	247	63210	2666	0	66898
20588	59659	191	1428	1797	0	63075
20589	1732	62870	1351	873	0	66826
20590	1718	1211	451	63457	0	66837
20591	63504	1138	358	1677	0	66677
20592	1879	392	264	64311	0	66846
20593	63982	266	222	1913	0	66383
20594	2016	63463	254	1747	0	67480
20595	65398	1267	210	928	0	67803
20596	2128	1263	64976	657	0	69024
20597	65654	469	1436	633	0	68192
20598	65338	303	1322	648	0	67611
20599	66457	251	578	644	0	67930
20600	3118	279	401	63887	0	67685
20601	2117	382	321	62571	0	65391
20602	1124	369	230	64504	0	66227
20603	874	62553	275	2875	0	66577
20604	63313	1329	218	2000	0	66860
20605	1966	1211	289	63153	0	66619
20606	1797	384	333	63895	0	66409
20607	1022	310	328	64578	0	66238
20608	62316	290	274	3043	0	65923
20609	1858	248	274	63613	0	65993
20610	1686	280	61256	2191	0	65413
20611	809	61510	1307	1996	0	65622
20612	692	1408	1239	62636	0	65975
20613	566	1366	451	63798	0	66181
20614	631	483	388	65210	0	66712
20615	625	339	62234	3054	0	66252
20616	667	258	62547	1993	0	65465
20617	653	231	2488	62856	0	66228
20618	723	225	65656	1982	0	68586
20619	638	190	1629	66617	0	69074
20620	66536	186	1421	2318	0	70461
20621	68815	269	550	2089	0	71723
20622	69211	275	395	1105	0	70986
20623	2920	318	66050	885	0	70173
20624	64355	245	1384	754	0	66738
20625	2083	318	1426	65420	0	69247
20626	1724	199	64870	1711	0	68504
20627	843	208	63437	1490	0	65978
20628	616	62331	2183	943	0	66073
20629	350	53596	902	435	0	55283
20630	46390	869	1564	298	0	49121
20631	617	386	201	45316	0	46520
20632	445	146	46140	485	0	47216
20633	165	79	402	47015	0	47661
20634	47175	44	410	555	0	48184
20635	522	90	50930	517	0	52059
20636	51091	52	497	286	0	51926
20637	54173	52	468	221	0	54914
20638	53893	43	118	214	0	54268
20639	969	53078	118	215	0	54380
20640	55003	466	82	261	0	55812
20641	630	464	94	55198	0	56386
20642	625	95	93	55281	0	56094
20643	226	66	69	56125	0	56486
20644	185	49	81	55710	0	56025
20645	53900	41	93	1032	0	55066
20646	532	53347	93	659	0	54631
20647	474	52532	81	187	0	53274
20648	141	54480	92	177	0	54890
20649	54161	841	146	177	0	55325
20650	54178	448	114	166	0	54906
20651	54321	85	59	171	0	54636
20652	54149	66	74	176	0	54465
20653	933	57	83	53868	0	54941
20654	524	45	73	54259	0	54901
20655	54043	54	66	916	0	55079
20656	530	53956	98	542	0	55126
20657	53502	461	51	193	0	54207
20658	53852	422	65	199	0	54538
20659	935	85	54	53339	0	54413
20660	525	54074	76	567	0	55242
20661	201	501	86	55469	0	56257
20662	54235	430	67	636	0	55368
20663	613	141	55816	525	0	57095
20664	572	88	461	53944	0	55065
20665	149	55914	448	521	0	57032
20666	55721	479	115	501	0	56816
20667	54598	435	75	224	0	55332
20668	968	132	56673	147	0	57920
20669	541	55748	504	154	0	56947
20670	203	511	56996	131	0	57841
20671	157	502	495	54930	0	56084
20672	158	128	56270	469	0	57025
20673	174	116	55534	438	0	56262
20674	118	55297	785	137	0	56337
20675	54962	422	444	152	0	55980
20676	55201	412	108	213	0	55934
20677	786	57156	90	194	0	58226
20678	456	57256	85	193	0	57990
20679	238	799	54696	111	0	55844
20680	195	461	55060	107	0	55823
20681	184	145	56574	106	0	57009
20682	181	116	816	55629	0	56742
20683	211	131	57386	504	0	58232
20684	191	98	481	55428	0	56198
20685	199	86	426	55626	0	56337
20686	214	127	56640	862	0	57843
20687	139	56323	508	547	0	57517
20688	185	494	417	56238	0	57334
20689	54981	442	119	608	0	56150
20690	578	138	92	56539	0	57347
20691	540	168	56862	540	0	58110
20692	223	56467	497	547	0	57734
20693	213	59224	465	179	0	60081
20694	221	906	144	57877	0	59148
20695	58202	528	114	590	0	59434
20696	58097	153	111	583	0	58944
20697	1056	132	123	57574	0	58885
20698	682	60942	109	655	0	62388
20699	301	720	94	61762	0	62877
20700	272	648	101	63239	0	64260
20701	244	199	95	63898	0	64436
20702	65187	138	104	1407	0	66836
20703	818	65440	141	839	0	67238
20704	66676	750	123	326	0	67875
20705	66902	787	128	246	0	68063
20706	67361	207	130	265	0	67963
20707	68573	169	133	259	0	69134
20708	1674	187	111	66497	0	68469
20709	1035	177	66962	877	0	69051
20710	312	67069	798	954	0	69133
20711	68227	807	853	371	0	70258
20712	69161	869	188	275	0	70493
20713	70292	228	141	273	0	70934
20714	1805	180	68053	211	0	70249
20715	67944	143	824	221	0	69132
20716	69213	156	872	216	0	70457
20717	1750	195	195	68422	0	70562
20718	1092	182	66142	898	0	68314
20719	364	65269	849	942	0	67424
20720	361	891	855	64899	0	67006
20721	64491	847	257	912	0	66507
20722	946	225	145	64490	0	65806
20723	990	156	161	66266	0	67573
20724	67328	139	165	1666	0	69298
20725	1059	149	66525	1023	0	68756
20726	66995	152	896	346	0	68389
20727	65655	144	1002	337	0	67138
20728	66190	137	254	236	0	66817
20729	66227	151	177	258	0	66813
20730	1966	172	63642	252	0	66032
20731	1232	177	822	62345	0	64576
20732	381	126	64154	914	0	65575
20733	325	173	883	63301	0	64682
20734	289	130	64174	937	0	65530
20735	56933	106	903	1030	0	58972
20736	928	58183	972	279	0	60362
20737	1034	60824	199	212	0	62269
20738	436	1628	190	65685	0	67939
20739	427	1069	178	66062	0	67736
20740	292	70461	156	2145	0	73054
20741	71207	1188	154	1367	0	73916
20742	74421	1252	151	309	0	76133
20743	77526	224	138	251	0	78139
20744	80307	137	179	228	0	80851
20745	3086	127	128	78306	0	81647
20746	1865	162	127	80659	0	82813
20747	80797	156	129	3028	0	84110
20748	1869	82	130	81115	0	83196
20749	1883	144	78496	1784	0	82307
20750	547	252	79038	1716	0	81553
20751	472	130	2941	79446	0	82989
20752	439	152	80634	1717	0	82942
20753	78003	84	1691	1831	0	81609
20754	1842	124	1654	79085	0	82705
20755	80615	122	355	1778	0	82870
20756	1920	154	79834	1808	0	83716
20757	1939	152	1616	79523	0	83230
20758	571	143	81588	1832	0	84134
20759	456	79808	1870	1899	0	84033
20760	78940	1574	1975	583	0	83072
20761	79632	1623	435	477	0	82167
20762	3321	78362	305	440	0	82428
20763	78660	1580	242	470	0	80952
20764	2116	1638	261	76545	0	80560
20765	2077	341	268	77636	0	80322
20766	76117	188	264	3260	0	79829
20767	1945	74915	293	2037	0	79190
20768	2048	76093	310	569	0	79020
20769	799	3138	204	74502	0	78643
20770	74149	1813	254	1783	0	77999
20771	75117	408	225	1893	0	77643
20772	76007	305	221	606	0	77139
20773	3709	289	72608	448	0	77054
20774	2354	305	72806	456	0	75921
20775	845	72305	3140	515	0	76805
20776	72459	1638	1916	541	0	76554
20777	2249	1717	461	70118	0	74545
20778	72288	408	355	1870	0	74921
20779	71833	241	334	1992	0	74400
20780	3806	235	347	69835	0	74223
20781	2421	272	69542	2010	0	74245
20782	69425	238	1777	2066	0	73506
20783	2190	225	1875	69579	0	73869
20784	2264	239	69602	2079	0	74184
20785	68989	246	1835	2045	0	73115
20786	70625	218	1891	791	0	73525
20787	3680	199	629	69134	0	73642
20788	2525	214	69126	2031	0	73896
20789	1065	251	1846	66841	0	70003
20790	870	69017	1941	2055	0	73883
20791	1018	1643	69097	1948	0	73706
20792	896	70741	1885	774	0	74296
20793	68459	1766	1877	630	0	72732
20794	69368	1690	688	597	0	72343
20795	69794	451	457	640	0	71342
20796	69371	329	457	599	0	70756
20797	3910	346	400	65132	0	69788
20798	63832	303	406	1835	0	66376
20799	2350	281	344	62745	0	65720
20800	60856	286	373	1908	0	63423
20801	2110	59369	401	1858	0	63738
20802	1921	1482	350	55113	0	58866
20803	848	57779	365	1611	0	60603
20804	56985	1537	302	1627	0	60451
20805	57193	1436	335	640	0	59604
20806	3030	55931	332	581	0	59874
20807	1962	1468	320	55270	0	59020
20808	865	1380	54814	1555	0	58614
20809	766	576	1446	55020	0	57808
20810	786	378	55120	1658	0	57942
20811	880	500	1514	49052	0	51946
20812	701	52092	1410	1453	0	55656
20813	52376	1349	404	1470	0	55599
20814	53234	1240	322	559	0	55355
20815	2802	348	290	52107	0	55547
20816	54557	241	349	1612	0	56759
20817	1923	272	306	54278	0	56779
20818	1760	323	278	54639	0	57000
20819	842	277	325	55817	0	57261
20820	54110	292	272	2746	0	57420
20821	54627	225	240	1726	0	56818
20822	55190	219	288	651	0	56348
20823	2851	51679	285	517	0	55332
20824	51428	1199	292	449	0	53368
20825	1663	50357	309	480	0	52809
20826	50908	1364	284	411	0	52967
20827	1808	1215	232	49340	0	52595
20828	1706	383	220	50625	0	52934
20829	49761	314	209	2291	0	52575
20830	50027	272	181	1485	0	51965
20831	2600	48869	223	546	0	52238
20832	49469	1196	181	465	0	51311
20833	1825	1111	146	46916	0	49998
20834	1617	326	163	47374	0	49480
20835	46018	217	154	2277	0	48666
20836	1620	226	44874	1366	0	48086
20837	1313	42060	1014	567	0	44954
20838	712	790	672	35343	0	37517
20839	351	598	32283	687	0	33919
20840	405	938	565	29851	0	31759
20841	29491	115	611	709	0	30926
20842	587	27193	169	619	0	28568
20843	488	25131	97	224	0	25940
20844	202	23310	77	139	0	23728
20845	489	846	469	20952	0	22756
20846	21018	259	442	350	0	22069
20847	298	84	24	20872	0	21278
20848	20989	51	16	292	0	21348
20849	20963	37	35	244	0	21279
20850	463	26	23	20798	0	21310
20851	21037	36	30	274	0	21377
20852	324	37	19	21413	0	21793
20853	266	53	21523	287	0	22129
20854	20769	36	227	270	0	21302
20855	307	43	23317	109	0	23776
20856	21094	26	261	76	0	21457
20857	288	37	21892	78	0	22295
20858	250	26	169	20498	0	20943
20859	77	26	186	21172	0	21461
20860	21735	31	31	381	0	22178
20861	220	38	23	22443	0	22724
20862	22482	23	15	246	0	22766
20863	218	22512	37	245	0	23012
20864	23625	177	21	129	0	23952
20865	235	223	23	24497	0	24978
20866	275	46	17	24822	0	25160
20867	90	33	27	25212	0	25362
20868	88	36	23	25272	0	25419
20869	71	53	24554	422	0	25100
20870	80	35	24297	251	0	24663
20871	59	65	367	24497	0	24988
20872	80	34	25278	238	0	25630
20873	51	25204	206	277	0	25738
20874	76	195	224	25309	0	25804
20875	75	232	26258	232	0	26797
20876	58	52	25957	293	0	26360
20877	64	73	406	26084	0	26627
20878	63	54	268	26260	0	26645
20879	37	26833	53	442	0	27365
20880	57	214	49	27470	0	27790
20881	48	266	27401	267	0	27982
20882	26256	37	247	313	0	26853
20883	260	43	280	27785	0	28368
20884	28152	37	55	315	0	28559
20885	27983	34	43	331	0	28391
20886	28763	39	46	154	0	29002
20887	540	40	29077	77	0	29734
20888	342	39	28882	86	0	29349
20889	25848	32	531	121	0	26532
20890	298	39	29872	75	0	30284
20891	341	29	284	28191	0	28845
20892	117	28	305	28897	0	29347
20893	87	44	29367	549	0	30047
20894	75	29369	299	374	0	30117
20895	29309	231	327	162	0	30029
20896	283	29965	94	116	0	30458
20897	324	30597	84	102	0	31107
20898	30533	510	98	122	0	31263
20899	317	326	31816	85	0	32544
20900	328	89	32042	100	0	32559
20901	97	57	610	31268	0	32032
20902	31847	47	374	355	0	32623
20903	293	32222	118	445	0	33078
20904	32845	312	73	128	0	33358
20905	393	351	33380	113	0	34237
20906	394	35697	351	99	0	36541
20907	121	359	377	36566	0	37423
20908	125	394	37639	428	0	38586
20909	128	76	408	37977	0	38589
20910	116	81	486	35747	0	36430
20911	111	40	121	38914	0	39186
20912	121	41	98	38875	0	39135
20913	38078	61	108	841	0	39088
20914	37851	50	95	556	0	38552
20915	828	55	38385	157	0	39425
20916	36588	69	415	145	0	37217
20917	427	37000	465	144	0	38036
20918	37146	351	125	132	0	37754
20919	441	422	37184	126	0	38173
20920	474	148	406	36385	0	37413
20921	127	68	37866	416	0	38477
20922	131	53	37850	462	0	38496
20923	111	84	810	36886	0	37891
20924	119	78	493	37572	0	38262
20925	107	58	37359	810	0	38334
20926	95	36751	447	512	0	37805
20927	92	37365	492	139	0	38088
20928	106	799	154	37108	0	38167
20929	36504	458	123	457	0	37542
20930	389	38518	124	592	0	39623
20931	481	414	38969	153	0	40017
20932	103	457	38677	150	0	39387
20933	120	108	39671	155	0	40054
20934	108	106	853	37873	0	38940
20935	39049	65	548	463	0	40125
20936	421	38763	169	586	0	39939
20937	543	433	38624	164	0	39764
20938	129	39170	453	179	0	39931
20939	139	426	532	38787	0	39884
20940	131	494	39074	467	0	40166
20941	106	39388	472	567	0	40533
20942	140	402	531	38866	0	39939
20943	134	468	163	40168	0	40933
20944	114	129	40840	861	0	41944
20945	118	89	486	39492	0	40185
20946	94	40470	559	483	0	41606
20947	123	439	40168	532	0	41262
20948	38847	477	479	188	0	39991
20949	480	113	503	40516	0	41612
20950	520	132	174	40100	0	40926
20951	153	40363	146	833	0	41495
20952	39815	411	188	523	0	40937
20953	448	458	39374	163	0	40443
20954	38469	134	473	165	0	39241
20955	435	151	442	37981	0	39009
20956	400	38938	149	416	0	39903
20957	116	383	150	39246	0	39895
20958	117	416	119	40221	0	40873
20959	39692	128	133	816	0	40769
20960	40093	90	149	561	0	40893
20961	749	92	119	40303	0	41263
20962	496	86	40225	462	0	41269
20963	36585	113	434	574	0	37706
20964	391	40294	494	186	0	41365
20965	499	438	154	40080	0	41171
20966	177	470	135	40793	0	41575
20967	124	120	124	41252	0	41620
20968	115	117	40413	899	0	41544
20969	117	94	452	39657	0	40320
20970	97	40435	544	502	0	41578
20971	106	425	154	39774	0	40459
20972	107	40368	152	510	0	41137
20973	137	476	121	40071	0	40805
20974	112	522	39386	507	0	40527
20975	35062	120	431	551	0	36164
20976	442	129	477	38886	0	39934
20977	432	99	39203	463	0	40197
20978	97	39166	423	516	0	40202
20979	38733	366	452	232	0	39783
20980	378	434	38508	202	0	39522
20981	37494	171	435	187	0	38287
20982	412	82	424	38714	0	39632
20983	425	74	137	38272	0	38908
20984	105	39094	141	653	0	39993
20985	39021	335	124	482	0	39962
20986	38310	390	95	188	0	38983
20987	675	39690	94	174	0	40633
20988	414	379	91	40326	0	41210
20989	130	403	91	40531	0	41155
20990	97	116	86	40283	0	40582
20991	99	95	39402	772	0	40368
20992	37349	76	367	538	0	38330
20993	370	103	399	39136	0	40008
20994	402	107	113	39497	0	40119
20995	115	126	38745	756	0	39742
20996	91	113	38490	506	0	39200
20997	123	105	681	39221	0	40130
20998	119	93	40251	447	0	40910
20999	37227	65	425	451	0	38168
21000	358	67	407	38801	0	39633
21001	404	54	124	39302	0	39884
21002	85	92	40357	728	0	41262
21003	112	114	338	40825	0	41389
21004	97	77	41559	447	0	42180
21005	71	40218	394	474	0	41157
21006	37353	391	500	232	0	38476
21007	37005	290	88	130	0	37513
21008	508	36627	58	153	0	37346
21009	331	267	49	36906	0	37553
21010	100	327	37293	331	0	38051
21011	85	80	267	37221	0	37653
21012	37081	32	298	360	0	37771
21013	274	37478	94	351	0	38197
21014	37630	259	56	141	0	38086
21015	299	281	117	37318	0	38015
21016	37564	71	64	307	0	38006
21017	298	37248	60	390	0	37996
21018	37680	233	56	145	0	38114
21019	306	286	36400	124	0	37116
21020	272	36813	258	130	0	37473
21021	108	230	319	36436	0	37093
21022	37717	231	73	300	0	38321
21023	38062	74	50	285	0	38471
21024	491	41	45	38196	0	38773
21025	38897	38	42	341	0	39318
21026	38666	51	60	325	0	39102
21027	39809	37	60	174	0	40080
21028	536	54	55	39840	0	40485
21029	319	59	40372	304	0	41054
21030	99	60	38212	312	0	38683
21031	101	71	39056	106	0	39334
21032	38459	37	492	101	0	39089
21033	301	33	304	39211	0	39849
21034	307	40073	79	313	0	40772
21035	112	250	57	39556	0	39975
21036	68	40766	77	312	0	41223
21037	40876	272	55	333	0	41536
21038	320	266	58	41333	0	41977
21039	313	75	61	42690	0	43139
21040	43040	54	70	631	0	43795
21041	388	52	46	43526	0	44012
21042	372	46	56	44136	0	44610
21043	44182	58	56	720	0	45016
21044	446	60	45042	423	0	45971
21045	414	48	405	44823	0	45690
21046	146	62	45486	480	0	46174
21047	44243	46	448	491	0	45228
21048	473	53	396	45778	0	46700
21049	46041	40	111	482	0	46674
21050	502	37	68	46635	0	47242
21051	465	51	47218	529	0	48263
21052	162	62	427	47795	0	48446
21053	48185	51	435	578	0	49249
21054	472	49483	143	547	0	50645
21055	487	449	48879	143	0	49958
21056	46086	394	439	182	0	47101
21057	473	50588	446	130	0	51637
21058	456	51812	88	131	0	52487
21059	174	56454	81	180	0	56889
21060	222	990	61	58174	0	59447
21061	59776	553	103	683	0	61115
21062	60847	109	73	654	0	61683
21063	1257	91	60243	150	0	61741
21064	59191	79	632	135	0	60037
21065	737	58749	632	156	0	60274
21066	738	640	101	58139	0	59618
21067	61157	634	90	723	0	62604
21068	61843	101	64	668	0	62676
21069	62888	79	99	195	0	63261
21070	62141	68	93	140	0	62442
21071	62831	85	78	153	0	63147
21072	1358	94	94	61831	0	63377
21073	817	115	61823	732	0	63487
21074	299	78	635	62832	0	63844
21075	270	93	613	62717	0	63693
21076	62733	71	119	1304	0	64227
21077	847	61019	95	805	0	62766
21078	62414	674	83	238	0	63409
21079	62776	638	102	223	0	63739
21080	64625	110	93	295	0	65123
21081	65939	105	91	289	0	66424
21082	1533	96	64462	204	0	66295
21083	64848	91	676	229	0	65844
21084	65873	85	657	226	0	66841
21085	58431	115	187	289	0	59022
21086	66175	87	145	184	0	66591
21087	1539	79	106	63493	0	65217
21088	968	94	62216	817	0	64095
21089	61483	66	711	749	0	63009
21090	904	62716	695	278	0	64593
21091	923	662	169	61184	0	62938
21092	392	64394	137	739	0	65662
21093	393	707	104	64894	0	66098
21094	65555	664	123	872	0	67214
21095	65846	128	163	773	0	66910
21096	66349	130	131	278	0	66888
21097	1570	160	62483	200	0	64413
21098	62725	129	688	200	0	63742
21099	1002	146	62894	199	0	64241
21100	954	155	63833	186	0	65128
21101	434	142	66103	237	0	66916
21102	511	221	1287	60250	0	62269
21103	436	104	748	63979	0	65267
21104	400	90	201	64610	0	65301
21105	394	106	164	64845	0	65509
21106	382	123	184	63983	0	64672
21107	375	112	189	63643	0	64319
21108	320	64281	186	1326	0	66113
21109	63032	675	150	873	0	64730
21110	855	64899	166	349	0	66269
21111	902	735	135	64908	0	66680
21112	429	701	145	65842	0	67117
21113	64952	187	147	1419	0	66705
21114	948	65003	168	907	0	67026
21115	66042	688	161	336	0	67227
21116	1035	708	189	65373	0	67305
21117	985	215	169	65844	0	67213
21118	488	197	160	66402	0	67247
21119	455	195	65561	1463	0	67674
21120	497	163	708	65882	0	67250
21121	480	219	65490	933	0	67122
21122	464	167	65260	885	0	66776
21123	506	181	68970	410	0	70067
21124	480	181	1342	67701	0	69704
21125	454	153	841	70037	0	71485
21126	426	193	246	71318	0	72183
21127	70433	183	223	1696	0	72535
21128	1090	193	185	72209	0	73677
21129	72695	129	221	1082	0	74127
21130	1199	72015	237	1126	0	74577
21131	75056	782	212	525	0	76575
21132	77096	866	208	530	0	78700
21133	1961	80176	208	425	0	82770
21134	81620	851	207	499	0	83177
21135	81393	910	206	441	0	82950
21136	82818	174	248	414	0	83654
21137	82753	140	262	378	0	83533
21138	2190	201	80553	341	0	83285
21139	1346	79664	872	339	0	82221
21140	659	928	966	78998	0	81551
21141	78784	883	301	993	0	80961
21142	1183	238	78611	1068	0	81100
21143	1178	77776	791	410	0	80155
21144	582	759	866	73664	0	75871
21145	495	78760	217	860	0	80332
21146	535	857	167	78896	0	80455
21147	564	933	146	79323	0	80966
21148	546	274	79083	1538	0	81441
21149	521	231	77705	974	0	79431
21150	71253	165	1582	421	0	73421
21151	1080	192	78947	250	0	80469
21152	1104	216	78280	263	0	79863
21153	470	240	1498	75803	0	78011
21154	441	230	962	74476	0	76109
21155	321	77342	333	1573	0	79569
21156	358	81889	314	1123	0	83684
21157	438	1530	80859	319	0	83146
21158	477	1560	1122	79600	0	82759
21159	250	246	78856	922	0	80274
21160	221	148	73171	896	0	74436
21161	156	72831	1455	253	0	74695
21162	451	738	955	70979	0	73123
21163	71601	769	268	706	0	73344
21164	715	192	134	72316	0	73357
21165	72942	123	140	803	0	74008
21166	72573	103	165	875	0	73716
21167	72846	103	161	334	0	73444
21168	1491	112	71874	207	0	73684
21169	71328	111	721	228	0	72388
21170	879	119	815	72604	0	74417
21171	73381	93	214	802	0	74490
21172	72898	82	159	930	0	74069
21173	1439	72213	180	269	0	74101
21174	73044	659	139	250	0	74092
21175	881	809	72872	144	0	74706
21176	70740	172	706	185	0	71803
21177	71719	126	795	198	0	72838
21178	1404	72393	223	248	0	74268
21179	72917	659	155	209	0	73940
21180	871	792	126	70214	0	72003
21181	943	180	138	69525	0	70786
21182	300	69274	184	1354	0	71112
21183	295	651	160	70749	0	71855
21184	306	763	156	70885	0	72110
21185	304	201	69878	1399	0	71782
21186	308	217	68911	930	0	70366
21187	66177	134	1374	351	0	68036
21188	69578	129	882	271	0	70860
21189	1542	119	233	70654	0	72548
21190	1057	155	70858	820	0	72890
21191	345	70528	788	945	0	72606
21192	320	759	876	70212	0	72167
21193	303	859	71143	826	0	73131
21194	66760	190	879	1063	0	68892
21195	957	163	956	72335	0	74411
21196	1048	73882	289	943	0	76162
21197	408	900	198	75110	0	76616
21198	349	954	230	75877	0	77410
21199	316	238	249	77200	0	78003
21200	74030	191	263	1919	0	76403
21201	1087	165	215	74022	0	75489
21202	74628	186	213	1193	0	76220
21203	74679	179	209	1217	0	76284
21204	2040	231	73952	410	0	76633
21205	1316	74468	1017	440	0	77241
21206	642	1040	1124	65700	0	68506
21207	383	78108	342	895	0	79728
21208	78517	1089	257	1114	0	80977
21209	1249	1202	235	78408	0	81094
21210	1411	272	78460	1209	0	81352
21211	515	264	78162	1304	0	80245
21212	459	232	79340	405	0	80436
21213	75661	185	2220	403	0	78469
21214	1253	78406	1382	410	0	81451
21215	78500	1092	345	381	0	80318
21216	1324	79583	301	440	0	81648
21217	1499	1190	289	77568	0	80546
21218	589	1243	327	76216	0	78375
21219	461	78176	303	2146	0	81086
21220	498	1226	78191	1407	0	81322
21221	391	79780	1205	559	0	81935
21222	75929	1164	1223	468	0	78784
21223	1245	1204	309	73207	0	75965
21224	1273	339	72557	1170	0	75339
21225	478	296	72624	1250	0	74648
21226	488	365	1999	71410	0	74262
21227	409	215	71744	1161	0	73529
21228	376	251	69232	1131	0	70990
21229	64303	228	1916	407	0	66854
21230	1060	66789	1169	414	0	69432
21231	65351	908	404	323	0	66986
21232	1159	994	64413	293	0	66859
21233	1078	60638	1035	340	0	63091
21234	368	61656	1091	342	0	63457
21235	541	1900	586	60241	0	63268
21236	308	1068	280	61307	0	62963
21237	301	324	223	63415	0	64263
21238	310	244	61530	2014	0	64098
21239	336	208	995	62225	0	63764
21240	339	214	1044	62783	0	64380
21241	61919	192	323	2055	0	64489
21242	1066	61438	266	1414	0	64184
21243	1184	1028	228	62213	0	64653
21244	62265	1107	233	1208	0	64813
21245	61146	307	265	1246	0	62964
21246	2043	260	264	60099	0	62666
21247	1284	280	59828	1208	0	62600
21248	435	247	1109	60349	0	62140
21249	343	229	60507	1299	0	62378
21250	62209	237	1226	1306	0	64978
21251	67685	209	1245	459	0	69598
21252	2450	352	429	68748	0	71979
21253	1514	210	69087	1467	0	72278
21254	445	69931	1476	1603	0	73455
21255	384	1487	71715	437	0	74023
21256	442	1950	1598	59596	0	63586
21257	245	66086	1442	1154	0	68927
21258	63726	1273	315	1162	0	66476
21259	1335	1211	240	60871	0	63657
21260	1220	63240	232	1308	0	66000
21261	63598	1279	222	1276	0	66375
21262	1352	1223	219	62334	0	65128
21263	1229	63216	260	1363	0	66068
21264	370	1328	212	64412	0	66322
21265	276	1243	62847	1468	0	65834
21266	60416	314	1287	1357	0	63374
21267	62315	251	1231	422	0	64219
21268	2382	192	61093	343	0	64010
21269	1332	60657	1315	324	0	63628
21270	61222	1280	1288	310	0	64100
21271	1360	1211	328	60738	0	63637
21272	1322	293	251	61476	0	63342
21273	412	257	220	62768	0	63657
21274	322	205	271	62610	0	63408
21275	324	214	241	62044	0	62823
21276	59842	237	228	2573	0	62880
21277	60884	179	250	1560	0	62873
21278	2431	194	262	59844	0	62731
21279	1450	223	222	60867	0	62762
21280	421	201	59412	2548	0	62582
21281	322	198	59717	1589	0	61826
21282	58388	258	2306	557	0	61509
21283	1486	214	1346	58741	0	61787
21284	1405	202	58098	1510	0	61215
21285	437	217	1320	58919	0	60893
21286	58142	203	1301	1605	0	61251
21287	59344	182	398	1502	0	61426
21288	2489	229	285	58169	0	61172
21289	1481	195	247	58316	0	60239
21290	57371	147	298	2519	0	60335
21291	1448	220	282	57136	0	59086
21292	1367	57119	260	1619	0	60365
21293	514	1290	270	56755	0	58829
21294	459	1249	224	56590	0	58522
21295	406	258	54764	2324	0	57752
21296	379	188	53828	1438	0	55833
21297	311	54062	2077	613	0	57063
21298	52582	1178	1327	482	0	55569
21299	52275	1074	346	441	0	54136
21300	53078	254	255	426	0	54013
21301	2220	50808	252	500	0	53780
21302	1259	51561	285	450	0	53555
21303	49440	1875	273	452	0	52040
21304	1227	51186	251	511	0	53175
21305	1236	1162	49270	428	0	52096
21306	363	49901	1165	480	0	51909
21307	393	1190	47804	413	0	49800
21308	45537	968	1162	402	0	48069
21309	46866	290	997	418	0	48571
21310	1910	46271	250	397	0	48828
21311	47964	1033	194	445	0	49636
21312	51474	986	223	443	0	53126
21313	52390	324	200	422	0	53336
21314	2455	236	241	50676	0	53608
21315	51646	225	258	1361	0	53490
21316	1536	276	49458	1372	0	52642
21317	50654	208	1174	553	0	52589
21318	1573	190	1196	50081	0	53040
21319	1488	225	49853	1348	0	52914
21320	651	251	50342	1331	0	52575
21321	521	260	2106	49722	0	52609
21322	455	227	1258	50690	0	52630
21323	50183	228	376	2331	0	53118
21324	1391	175	267	51116	0	52949
21325	1333	218	49597	1621	0	52769
21326	574	182	1153	48714	0	50623
21327	459	49990	1172	1529	0	53150
21328	50511	1065	374	1429	0	53379
21329	1436	1112	287	50589	0	53424
21330	1376	354	50003	1368	0	53101
21331	577	49753	1174	1443	0	52947
21332	48057	1041	1120	581	0	50799
21333	1300	1030	436	48656	0	51422
21334	1332	333	48912	1229	0	51806
21335	559	48505	1084	1302	0	51450
21336	48181	1046	1156	576	0	50959
21337	47811	947	347	462	0	49567
21338	48777	284	260	442	0	49763
21339	2159	191	209	46883	0	49442
21340	1391	154	196	47629	0	49370
21341	46630	153	204	2004	0	48991
21342	1231	46189	228	1342	0	48990
21343	46779	894	204	562	0	48439
21344	1285	930	226	45950	0	48391
21345	47148	293	225	1173	0	48839
21346	1322	188	229	46916	0	48655
21347	1231	174	242	46954	0	48601
21348	634	202	261	47676	0	48773
21349	795	239	260	47742	0	49036
21350	414	179	41626	1773	0	43992
21351	348	118	36975	910	0	38351
21352	32180	82	997	385	0	33644
21353	585	97	34999	232	0	35913
21354	536	68	32048	185	0	32837
21355	30248	73	869	182	0	31372
21356	31484	72	735	138	0	32429
21357	841	103	198	32929	0	34071
21358	33648	51	135	470	0	34304
21359	529	33951	109	522	0	35111
21360	34927	322	100	263	0	35612
21361	34576	433	101	173	0	35283
21362	36587	157	80	238	0	37062
21363	915	136	75	35779	0	36905
21364	648	35553	109	388	0	36698
21365	314	36514	93	501	0	37422
21366	36554	662	105	242	0	37563
21367	36852	508	93	185	0	37638
21368	799	184	100	36361	0	37444
21369	604	120	89	36054	0	36867
21370	264	36019	132	735	0	37150
21371	35894	346	78	562	0	36880
21372	509	447	36000	236	0	37192
21373	564	154	317	35540	0	36575
21374	276	73	379	36464	0	37192
21375	203	93	36287	780	0	37363
21376	178	86	355	35788	0	36407
21377	196	30629	443	556	0	31824
21378	206	356	149	36953	0	37664
21379	191	390	104	36307	0	36992
21380	168	34577	113	775	0	35633
21381	212	36646	86	565	0	37509
21382	173	620	85	36588	0	37466
21383	36437	435	89	521	0	37482
21384	387	171	110	36930	0	37598
21385	448	112	117	36923	0	37600
21386	246	37869	159	703	0	38977
21387	213	315	134	39383	0	40045
21388	241	365	104	39160	0	39870
21389	210	133	101	39616	0	40060
21390	38579	97	106	834	0	39616
21391	445	79	66	39470	0	40060
21392	527	101	56	38907	0	39591
21393	290	106	62	39087	0	39545
21394	236	94	37232	813	0	38375
21395	33006	97	300	673	0	34076
21396	451	36914	349	306	0	38020
21397	37049	290	143	218	0	37700
21398	491	378	90	36734	0	37693
21399	460	191	36458	408	0	37517
21400	32988	130	319	499	0	33936
21401	491	132	41863	221	0	42707
21402	503	93	385	41518	0	42499
21403	43659	58	421	447	0	44585
21404	43349	82	176	487	0	44094
21405	44658	68	107	328	0	45161
21406	805	83	86	44500	0	45474
21407	573	86	68	45480	0	46207
21408	283	118	87	45546	0	46034
21409	159	43633	88	770	0	44650
21410	132	43616	68	549	0	44365
21411	119	42999	79	240	0	43437
21412	42	40961	35	67	0	41105
21413	79	157	62	41583	0	41881
21414	32	90	20	42108	0	42250
21415	41448	26	27	197	0	41698
21416	41341	23	23	130	0	41517
21417	42216	23	14	141	0	42394
21418	171	28	19	42141	0	42359
21419	120	27	14	42687	0	42848
21420	41932	30	17	219	0	42198
21421	41112	42	32	158	0	41344
21422	200	62	41354	70	0	41686
21423	159	48	40546	72	0	40825
21424	72	72	42004	52	0	42200
21425	55	57	44284	71	0	44467
21426	50	30	164	43685	0	43929
21427	44130	22	106	159	0	44417
21428	96	43903	43	216	0	44258
21429	117	94	12	45000	0	45223
21430	84	141	45360	125	0	45710
21431	56	47420	96	212	0	47784
21432	51	98	103	48279	0	48531
21433	50	124	48103	143	0	48420
21434	44	32	108	46935	0	47119
21435	46	34	105	48405	0	48590
21436	48839	34	30	246	0	49149
21437	114	30	24	49658	0	49826
21438	137	50	50025	144	0	50356
21439	53	26	97	49615	0	49791
21440	51	52950	138	184	0	53323
21441	64	104	40	55908	0	56116
21442	65	115	26	56582	0	56788
21443	54	46	25	56696	0	56821
21444	57175	23	31	304	0	57533
21445	56983	27	33	222	0	57265
21446	57511	25	32	178	0	57746
21447	57381	12	34	138	0	57565
21448	230	54	56759	62	0	57105
21449	54764	25	89	104	0	54982
21450	57221	35	92	82	0	57430
21451	199	53	56370	68	0	56690
21452	145	80	59220	51	0	59496
21453	61	28	155	59068	0	59312
21454	28	60470	113	139	0	60750
21455	61805	77	50	189	0	62121
21456	62701	92	28	145	0	62966
21457	62131	25	37	140	0	62333
21458	189	22	27	61414	0	61652
21459	127	63555	44	132	0	63858
21460	65998	80	34	257	0	66369
21461	67011	108	32	149	0	67300
21462	215	49	22	65905	0	66191
21463	162	77	64946	182	0	65367
21464	64540	30	101	221	0	64892
21465	117	32	110	68387	0	68646
21466	70108	17	25	263	0	70413
21467	138	17	22	71534	0	71711
21468	158	76	71418	130	0	71782
21469	74381	26	99	369	0	74875
21470	151	26	109	77408	0	77694
21471	154	27	34	78348	0	78563
21472	69	21	25	78782	0	78897
21473	48	31	22	78715	0	78816
21474	79517	23	30	320	0	79890
21475	123	25	23	79341	0	79512
21476	208	78467	48	192	0	78915
21477	57	121	24	80335	0	80537
21478	36	80334	44	168	0	80582
21479	52	141	25	81791	0	82009
21480	54	138	24	82317	0	82533
21481	40	81801	44	296	0	82181
21482	55	129	25	83240	0	83449
21483	74	138	26	83220	0	83458
21484	82121	28	22	362	0	82533
21485	182	84	84031	224	0	84521
21486	196	32	163	84552	0	84943
21487	85353	32	194	307	0	85886
21488	84773	31	44	302	0	85150
21489	85561	34	35	140	0	85770
21490	484	73	85501	61	0	86119
21491	297	102	85453	54	0	85906
21492	103	102	469	86830	0	87504
21493	89334	25	338	387	0	90084
21494	308	72	88796	334	0	89510
21495	84983	32	254	180	0	85449
21496	290	89712	311	122	0	90435
21497	337	240	56	93288	0	93921
21498	97	292	38	95008	0	95435
21499	95532	51	55	627	0	96265
21500	285	37	37	96713	0	97072
21501	93161	38	46	435	0	93680
21502	94059	31	33	502	0	94625
21503	566	24	33	93321	0	93944
21504	365	37	43	93970	0	94415
21505	93649	26	42	720	0	94437
21506	346	99	98662	364	0	99471
21507	96483	34	315	398	0	97230
21508	437	100	104304	70	0	104911
21509	104310	35	322	334	0	105001
21510	112478	32	330	422	0	113262
21511	111710	33	68	214	0	112025
21512	110354	23	44	171	0	110592
21513	625	109666	95	129	0	110515
21514	112638	286	54	241	0	113219
21515	112629	315	71	174	0	113189
21516	617	117836	101	157	0	118711
21517	119702	297	55	278	0	120332
21518	460	414	117664	99	0	118637
21519	116050	67	321	221	0	116659
21520	550	219	120320	132	0	121221
21521	496	40	407	119740	0	120683
21522	197	29	393	122197	0	122816
21523	213	125	122078	816	0	123232
21524	167	48	391	121093	0	121699
21525	403	377	740	97559	0	99079
21526	128149	53	119	1106	0	129427
21527	617	68	69	129776	0	130530
21528	635	76	79	129741	0	130531
21529	241	42	66	130500	0	130849
21530	147	127958	136	1224	0	129465
21531	188	522	72	128948	0	129730
21532	127133	535	79	818	0	128565
21533	735	189	130290	700	0	131914
21534	725	74	637	132414	0	133850
21535	286	165	133058	825	0	134334
21536	126707	65	817	898	0	128487
21537	893	70	737	138330	0	140030
21538	985	259	164613	1176	0	167033
21539	390	70	1882	165006	0	167348
21540	281	119	1878	163637	0	165915
21541	230	163989	629	3858	0	168706
21542	256	1876	305	169610	0	172047
21543	287	1926	192	175770	0	178175
21544	345	798	173364	4433	0	178940
21545	324	273	2232	174352	0	177181
21546	349	157	2186	176849	0	179541
21547	172421	132	667	4756	0	177976
21548	172323	134	420	3043	0	175920
21549	4236	173154	325	1272	0	178987
21550	176949	2192	226	904	0	180271
21551	175697	2214	310	752	0	178973
21552	4637	178891	331	768	0	184627
21553	2972	2424	229	178346	0	183971
21554	180642	2321	257	2760	0	185980
21555	182043	702	228	2806	0	185779
21556	180636	399	223	1229	0	182487
21557	5096	178784	392	963	0	185235
21558	3289	2426	184146	749	0	190610
21559	186964	2393	2485	857	0	192699
21560	190997	756	2435	760	0	194948
21561	5477	190042	781	849	0	197149
21562	193174	2942	454	762	0	197332
21563	193734	2773	393	767	0	197667
21564	6123	854	338	189944	0	197259
21565	3863	794	191604	3327	0	199588
21566	1589	393	2858	194424	0	199264
21567	1201	363	2759	194710	0	199033
21568	1017	391	843	198383	0	200634
21569	1012	438	189968	6416	0	197834
21570	1106	385	3092	184696	0	189279
21571	917	412	3026	192307	0	196662
21572	954	360	897	195586	0	197797
21573	960	318	522	198149	0	199949
21574	980	319	373	198978	0	200650
21575	804	196455	504	7355	0	205118
21576	901	3169	452	201344	0	205866
21577	788	3064	456	207073	0	211381
21578	844	950	202337	7214	0	211345
21579	967	578	3498	220183	0	225226
21580	862	492	3393	223124	0	227871
21581	996	485	1051	231170	0	233702
21582	1169	452	801	234473	0	236895
21583	224510	471	636	10139	0	235756
21584	5193	610	519	232648	0	238970
21585	5138	857	487	231652	0	238134
21586	2178	928	222481	9769	0	235356
21587	1577	217046	4278	6868	0	229769
21588	1118	226361	4618	3398	0	235495
21589	220999	7648	1730	2861	0	233238
21590	4425	226101	1236	2977	0	234739
21591	4622	5068	794	222298	0	232782
21592	221503	4479	712	6636	0	233330
21593	5251	1684	223988	6259	0	237182
21594	4994	1138	4543	223060	0	233735
21595	1905	225624	4482	6951	0	238962
21596	1522	4652	1526	224296	0	231996
21597	1011	229661	1050	7443	0	239165
21598	1189	5521	695	231578	0	238983
21599	225952	5170	657	7593	0	239372
21600	5378	2038	230689	7046	0	245151
21601	5393	1330	4985	221140	0	232848
21602	2027	230345	5283	6827	0	244482
21603	229763	5062	1906	6956	0	243687
21604	5570	5163	228970	4161	0	243864
21605	5633	1823	5016	227369	0	239841
21606	2372	1369	224613	7424	0	235778
21607	2026	1095	5806	224177	0	233104
21608	1659	1148	220323	8173	0	231303
21609	1375	1081	6200	215467	0	224123
21610	1180	1207	5922	216367	0	224676
21611	209084	1321	2110	11586	0	224101
21612	213698	1426	1321	7937	0	224382
21613	10045	1489	1148	208095	0	220777
21614	6519	209058	1213	7535	0	224325
21615	2713	5635	908	215062	0	224318
21616	2148	5365	1203	211179	0	219895
21617	202034	1824	1383	12184	0	217425
21618	5305	203360	1537	9006	0	219208
21619	204815	5700	1141	4869	0	216525
21620	202058	5824	1045	4246	0	213173
21621	9932	199245	1146	4117	0	214440
21622	6585	206627	1188	4175	0	218575
21623	200488	9327	1286	4543	0	215644
21624	6526	6113	197647	4555	0	214841
21625	198068	2411	5507	4576	0	210562
21626	197269	1977	5482	4306	0	209034
21627	10814	193845	2257	4013	0	210929
21628	7499	5931	1805	175252	0	190487
21629	3074	196897	1931	7731	0	209633
21630	194028	6548	2120	7440	0	210136
21631	196896	6435	2151	4352	0	209834
21632	10372	3192	1662	191578	0	206804
21633	7259	2788	1473	194853	0	206373
21634	183158	2359	1305	12032	0	198854
21635	6703	184582	1232	9010	0	201527
21636	7030	183028	1261	5094	0	196413
21637	3395	182611	1629	4321	0	191956
21638	1830	151238	1221	3691	0	157980
21639	1686	154427	1302	3532	0	160947
21640	2240	8491	1386	147913	0	160030
21641	2234	5443	143247	5816	0	156740
21642	2271	144777	3748	5568	0	156364
21643	139184	4720	3649	2908	0	150461
21644	5217	4474	1737	138321	0	149749
21645	140024	2443	1420	5090	0	148977
21646	4921	137401	1586	5123	0	149031
21647	139216	4481	1606	2851	0	148154
21648	5297	139383	1946	2571	0	149197
21649	5304	4577	1846	138029	0	149756
21650	138344	4347	1586	5390	0	149667
21651	140892	2121	1621	5667	0	150301
21652	7602	1964	1429	139873	0	150868
21653	5384	2073	1331	139648	0	148436
21654	2972	137482	962	8562	0	149978
21655	3270	4533	767	140185	0	148755
21656	3314	4262	728	140628	0	148932
21657	3133	2728	828	138459	0	145148
21658	2419	128530	808	8300	0	140057
21659	119458	3893	777	5237	0	129365
21660	4024	123255	725	3142	0	131146
21661	121907	4361	694	2238	0	129200
21662	4613	122018	789	2112	0	129532
21663	4946	4353	116990	1931	0	128220
21664	3056	4320	3133	116219	0	126728
21665	2605	2356	116397	3752	0	125110
21666	2318	2046	114709	3803	0	122876
21667	2428	2056	5379	112339	0	122202
21668	2521	1665	115078	3867	0	123131
21669	2743	1460	3505	112614	0	120322
21670	2897	1559	3256	112387	0	120099
21671	2452	1748	1214	115993	0	121407
21672	110964	1703	914	6827	0	120408
21673	4398	1567	718	112117	0	118800
21674	4457	1614	556	108788	0	115415
21675	101272	1154	449	6140	0	109015
21676	4093	99839	443	4695	0	109070
21677	3738	95507	401	2608	0	102254
21678	2412	97414	401	1934	0	102161
21679	1461	5949	451	75802	0	83663
21680	1144	2304	75805	2230	0	81483
21681	65683	1400	1644	1992	0	70719
21682	1850	69592	1366	840	0	73648
21683	68949	1615	497	698	0	71759
21684	68449	1590	305	542	0	70886
21685	69237	871	262	492	0	70862
21686	2701	875	67787	516	0	71879
21687	1911	772	1157	67818	0	71658
21688	1072	624	1210	69626	0	72532
21689	1014	549	440	70933	0	72936
21690	936	466	379	68718	0	70499
21691	859	66294	318	2633	0	70104
21692	64110	1249	270	1672	0	67301
21693	1248	1139	60921	728	0	64036
21694	58196	396	843	585	0	60020
21695	1368	685	811	55578	0	58442
21696	1167	54846	220	1195	0	57428
21697	516	56538	166	1170	0	58390
21698	680	3234	315	51088	0	55317
21699	372	52787	177	917	0	54253
21700	47205	613	144	666	0	48628
21701	563	564	46797	304	0	48228
21702	522	203	392	44939	0	46056
21703	213	158	416	47261	0	48048
21704	187	146	109	48118	0	48560
21705	176	149	92	48219	0	48636
21706	47764	140	81	944	0	48929
21707	496	50184	96	678	0	51454
21708	55442	519	90	304	0	56355
21709	748	565	93	56309	0	57715
21710	781	189	100	57369	0	58439
21711	235	36343	105	24515	0	61198
21712	60441	463	100	1242	0	62246
21713	61144	551	94	617	0	62406
21714	1541	60900	98	328	0	62867
21715	985	835	67	56348	0	58235
21716	289	59889	99	741	0	61018
21717	58664	863	112	869	0	60508
21718	895	847	59127	260	0	61129
21719	881	271	57871	230	0	59253
21720	55113	154	1447	267	0	56981
21721	759	57485	890	213	0	59347
21722	835	771	215	57304	0	59125
21723	259	819	139	57932	0	59149
21724	191	271	57513	1566	0	59541
21725	185	145	749	57761	0	58840
21726	181	145	785	58019	0	59130
21727	175	56848	214	1580	0	58817
21728	184	793	137	57588	0	58702
21729	181	842	116	57128	0	58267
21730	55487	243	96	1619	0	57445
21731	776	54455	132	1046	0	56409
21732	812	54860	112	415	0	56199
21733	268	1414	130	54711	0	56523
21734	200	881	115	55586	0	56782
21735	200	272	74	55826	0	56372
21736	166	54602	107	1687	0	56562
21737	192	846	82	55905	0	57025
21738	221	822	68	55353	0	56464
21739	191	268	64	56100	0	56623
21740	193	160	62	55296	0	55711
21741	142	52925	121	1684	0	54872
21742	165	55458	99	1125	0	56847
21743	53845	1373	76	384	0	55678
21744	54125	901	74	291	0	55391
21745	1517	282	80	53892	0	55771
21746	946	223	53728	947	0	55844
21747	324	187	710	54425	0	55646
21748	237	177	733	54240	0	55387
21749	52717	171	202	1616	0	54706
21750	868	54264	132	1046	0	56310
21751	875	842	96	53808	0	55621
21752	325	840	90	54369	0	55624
21753	278	303	53093	1617	0	55291
21754	259	254	53190	1044	0	54747
21755	228	201	1427	52648	0	54504
21756	218	161	920	51430	0	52729
21757	196	51862	288	1563	0	53909
21758	177	52834	190	1015	0	54216
21759	51957	1392	140	485	0	53974
21760	889	873	137	52872	0	54771
21761	791	274	52262	964	0	54291
21762	239	52235	705	1009	0	54188
21763	178	766	726	53052	0	54722
21764	52882	807	197	1006	0	54892
21765	767	344	116	53978	0	55205
21766	53010	225	119	1097	0	54451
21767	865	53609	94	1025	0	55593
21768	53020	857	83	484	0	54444
21769	899	880	87	53945	0	55811
21770	916	351	56275	1085	0	58627
21771	322	269	852	56402	0	57845
21772	180	58298	890	1178	0	60546
21773	246	1022	243	58187	0	59698
21774	199	61366	147	1232	0	62944
21775	224	1131	114	63587	0	65056
21776	195	1054	61581	1517	0	64347
21777	211	369	60744	1430	0	62754
21778	205	291	62065	694	0	63255
21779	60001	298	1916	589	0	62804
21780	1075	61090	1156	518	0	63839
21781	1117	62606	327	481	0	64531
21782	61456	1883	182	538	0	64059
21783	61428	1220	204	487	0	63339
21784	1959	438	175	60893	0	63465
21785	1202	352	60749	1365	0	63668
21786	472	309	58782	1317	0	60880
21787	315	256	1895	58531	0	60997
21788	58281	257	1170	1436	0	61144
21789	1056	57983	353	1448	0	60840
21790	1061	1138	247	58482	0	60928
21791	58066	1091	260	1481	0	60898
21792	58143	320	222	1498	0	60183
21793	1901	279	57755	718	0	60653
21794	55651	344	1035	664	0	57694
21795	1249	338	58993	513	0	61093
21796	1230	343	59698	526	0	61797
21797	515	311	1905	57172	0	59903
21798	378	271	1221	58707	0	60577
21799	372	332	399	60066	0	61169
21800	278	342	58016	2323	0	60959
21801	56531	296	1090	1564	0	59481
21802	1220	308	1052	59269	0	61849
21803	57581	293	362	1464	0	59700
21804	56422	328	272	1425	0	58447
21805	1945	57256	316	730	0	60247
21806	1221	58132	361	607	0	60321
21807	409	56704	360	502	0	57975
21808	416	1654	347	49111	0	51528
21809	266	840	48922	916	0	50944
21810	307	1486	807	44738	0	47338
21811	234	45541	781	752	0	47308
21812	231	45140	285	758	0	46414
21813	321	1136	199	44108	0	45764
21814	43305	676	187	755	0	44923
21815	669	43019	215	742	0	44645
21816	697	43225	213	277	0	44412
21817	43576	1107	173	314	0	45170
21818	771	667	156	43743	0	45337
21819	740	217	167	44004	0	45128
21820	304	152	167	45029	0	45652
21821	43506	126	161	1315	0	45108
21822	43948	131	189	790	0	45058
21823	1262	148	215	43826	0	45451
21824	833	141	43017	792	0	44783
21825	42214	127	720	781	0	43842
21826	775	132	720	44268	0	45895
21827	721	145	44108	857	0	45831
21828	291	156	43943	830	0	45220
21829	259	163	1291	44775	0	46488
21830	245	174	47405	925	0	48749
21831	258	177	865	50752	0	52052
21832	273	235	778	49999	0	51285
21833	267	223	248	53705	0	54443
21834	52364	230	229	1835	0	54658
21835	995	247	202	53460	0	54904
21836	999	263	189	53498	0	54949
21837	353	281	234	53891	0	54759
21838	322	276	226	54025	0	54849
21839	249	277	51426	1883	0	53835
21840	245	51503	925	1193	0	53866
21841	280	966	834	50679	0	52759
21842	267	984	264	49132	0	50647
21843	247	48980	242	1611	0	51080
21844	273	51043	241	1099	0	52656
21845	50205	1484	230	488	0	52407
21846	898	50195	272	422	0	51787
21847	980	934	207	49354	0	51475
21848	399	847	49529	1070	0	51845
21849	47131	273	826	1071	0	49301
21850	1003	211	48458	503	0	50175
21851	47741	141	902	490	0	49274
21852	48314	148	880	441	0	49783
21853	1677	127	48382	462	0	50648
21854	1078	127	976	45325	0	47506
21855	404	47452	965	1141	0	49962
21856	345	792	364	49989	0	51490
21857	50790	793	302	1319	0	53204
21858	51293	190	307	1248	0	53038
21859	1762	50864	296	666	0	53588
21860	51445	828	258	642	0	53173
21861	1113	894	260	49892	0	52159
21862	50288	230	233	1329	0	52080
21863	50635	173	228	1409	0	52445
21864	1843	209	202	50003	0	52257
21865	49909	224	162	1350	0	51645
21866	47345	250	204	1395	0	49194
21867	1612	259	48064	653	0	50588
21868	47066	295	828	581	0	48770
21869	1014	269	47506	504	0	49293
21870	881	197	43940	382	0	45400
21871	290	44994	1353	415	0	47052
21872	296	800	894	42897	0	44887
21873	209	723	43891	787	0	45610
21874	214	245	42590	782	0	43831
21875	41673	211	1139	304	0	43327
21876	703	134	684	41906	0	43427
21877	713	140	208	43667	0	44728
21878	223	134	138	44592	0	45087
21879	216	141	108	44619	0	45084
21880	213	133	126	45037	0	45509
21881	256	145	43764	1306	0	45471
21882	293	121	43571	818	0	44803
21883	264	123	1140	43704	0	45231
21884	43476	102	686	791	0	45055
21885	732	43186	200	857	0	44975
21886	796	565	149	43352	0	44862
21887	43289	588	143	774	0	44794
21888	776	43177	165	874	0	44992
21889	823	634	184	43390	0	45031
21890	337	620	158	44080	0	45195
21891	289	125	171	44536	0	45121
21892	43357	115	201	1362	0	45035
21893	804	135	43045	879	0	44863
21894	43498	74	692	390	0	44654
21895	802	137	707	43675	0	45321
21896	797	123	203	41631	0	42754
21897	249	42468	236	1362	0	44315
21898	262	571	42327	924	0	44084
21899	41044	638	689	445	0	42816
21900	42627	143	729	428	0	43927
21901	1232	136	41770	377	0	43515
21902	39879	103	657	407	0	41046
21903	696	41536	732	394	0	43358
21904	750	42341	246	382	0	43719
21905	251	42529	249	324	0	43353
21906	40468	1096	266	315	0	42145
21907	718	695	40557	292	0	42262
21908	758	424	606	38549	0	40337
21909	285	38891	647	681	0	40504
21910	254	39720	190	756	0	40920
21911	276	40254	190	322	0	41042
21912	439	1304	178	32773	0	34694
21913	38338	606	143	738	0	39825
21914	645	38833	147	769	0	40394
21915	685	591	133	39125	0	40534
21916	324	567	148	39698	0	40737
21917	38609	147	190	1134	0	40080
21918	742	133	182	38973	0	40030
21919	749	140	135	39541	0	40565
21920	299	150	38738	1189	0	40376
21921	294	158	555	38885	0	39892
21922	305	151	601	39553	0	40610
21923	38869	118	231	1129	0	40347
21924	38989	131	169	737	0	40026
21925	1192	139	169	38701	0	40201
21926	37249	121	176	687	0	38233
21927	37240	147	144	670	0	38201
21928	1040	37557	168	275	0	39040
21929	661	520	36541	227	0	37949
21930	274	35289	546	209	0	36318
21931	470	927	581	30489	0	32467
21932	29776	315	276	380	0	30747
21933	288	29676	94	399	0	30457
21934	356	297	71	29560	0	30284
21935	29340	310	73	364	0	30087
21936	29122	92	85	381	0	29680
21937	531	78	71	29165	0	29845
21938	340	120	29601	364	0	30425
21939	125	72	263	30041	0	30501
21940	110	78	272	30507	0	30967
21941	100	95	30304	614	0	31113
21942	144	61	268	30172	0	30645
21943	122	61	297	30724	0	31204
21944	31541	62	73	666	0	32342
21945	302	78	83	32212	0	32675
21946	354	64	58	32365	0	32841
21947	31803	76	53	642	0	32574
21948	31689	75	83	415	0	32262
21949	31916	60	66	213	0	32255
21950	623	99	31149	160	0	32031
21951	387	158	270	29893	0	30708
21952	120	31289	293	303	0	32005
21953	119	308	72	32107	0	32606
21954	171	342	32706	309	0	33528
21955	209	240	251	30550	0	31250
21956	106	88	31222	293	0	31709
21957	28140	45	280	253	0	28718
21958	28988	39	202	99	0	29328
21959	336	46	36	29258	0	29676
21960	217	35	37	29212	0	29501
21961	80	28	28	28819	0	28955
21962	55	29842	47	403	0	30347
21963	29759	151	31	270	0	30211
21964	29992	185	30	143	0	30350
21965	367	58	29	29639	0	30093
21966	250	39	26	29773	0	30088
21967	103	27	34	30039	0	30203
21968	82	31	33	30106	0	30252
21969	81	57	29451	382	0	29971
21970	77	41	155	29663	0	29936
21971	28392	43	179	225	0	28839
21972	28128	32	49	236	0	28445
21973	333	28	38	27469	0	27868
21974	221	49	26512	202	0	26984
21975	25261	31	157	238	0	25687
21976	217	73	183	26414	0	26887
21977	202	25543	45	215	0	26005
21978	50	26543	36	270	0	26899
21979	27454	323	60	189	0	28026
21980	215	217	21	28297	0	28750
21981	223	35	33	29054	0	29345
21982	86	32	22	30876	0	31016
21983	64	18	20	31285	0	31387
21984	63	20	19	32340	0	32442
21985	62	41	31899	595	0	32597
21986	42	40	31891	385	0	32358
21987	50	38	32391	156	0	32635
21988	65	11	564	32107	0	32747
21989	85	48	34140	360	0	34633
21990	69	18	342	34160	0	34589
21991	65	14	358	34599	0	35036
21992	72	23	92	35895	0	36082
21993	35812	19	78	810	0	36719
21994	359	24	82	36247	0	36712
21995	380	38	59	36513	0	36990
21996	36119	26	73	776	0	36994
21997	367	36116	74	507	0	37064
21998	383	37203	67	179	0	37832
21999	37071	686	51	194	0	38002
22000	390	38431	58	191	0	39070
22001	38615	403	31	195	0	39244
22002	38957	385	55	178	0	39575
22003	39283	81	41	175	0	39580
22004	38793	62	44	141	0	39040
22005	39082	74	53	114	0	39323
22006	834	38348	68	133	0	39383
22007	38823	412	59	159	0	39453
22008	39021	403	50	158	0	39632
22009	844	40310	87	151	0	41392
22010	45233	431	46	154	0	45864
22011	45762	460	58	152	0	46432
22012	48751	101	35	175	0	49062
22013	49997	62	43	160	0	50262
22014	1592	117	50415	181	0	52305
22015	988	96	793	51997	0	53874
22016	350	101	771	53668	0	54890
22017	254	126	53033	1659	0	55072
22018	257	123	52363	996	0	53739
22019	51969	82	1649	277	0	53977
22020	1062	94	946	53405	0	55507
22021	1066	85	53964	906	0	56021
22022	369	90	53661	925	0	55045
22023	52545	66	1713	323	0	54647
22024	54435	69	1023	224	0	55751
22025	55055	66	269	207	0	55597
22026	1981	102	54273	135	0	56491
22027	1228	62	929	53951	0	56170
22028	461	92	55980	941	0	57474
22029	54468	62	1080	1009	0	56619
22030	1174	124	57273	314	0	58885
22031	1156	60	1175	55461	0	57852
22032	508	88	1052	54203	0	55851
22033	298	57210	354	1812	0	59674
22034	57895	935	235	1133	0	60198
22035	1178	962	57706	363	0	60209
22036	57714	216	1139	277	0	59346
22037	1348	114	59603	256	0	61321
22038	1226	91	1264	57350	0	59931
22039	497	71	1165	58907	0	60640
22040	422	74	394	59709	0	60599
22041	57906	89	259	2143	0	60397
22042	1347	85	263	58142	0	59837
22043	1313	74	274	57560	0	59221
22044	479	56151	318	2029	0	58977
22045	457	947	308	57118	0	58830
22046	55116	914	339	1375	0	57744
22047	1339	239	55900	1212	0	58690
22048	1296	123	1145	55408	0	57972
22049	555	114	56718	1302	0	58689
22050	391	54885	1372	1284	0	57932
22051	482	967	56699	527	0	58675
22052	54574	1038	1447	506	0	57565
22053	56003	220	1252	374	0	57849
22054	2138	120	546	54177	0	56981
22055	55467	104	421	1330	0	57322
22056	55502	73	438	1254	0	57267
22057	2184	116	447	55020	0	57767
22058	1482	110	413	55893	0	57898
22059	668	151	55196	2143	0	58158
22060	570	54852	1273	1384	0	58079
22061	54708	1031	1198	593	0	57530
22062	1408	54684	489	481	0	57062
22063	1416	1128	421	53890	0	56855
22064	734	970	372	54733	0	56809
22065	605	256	428	55488	0	56777
22066	512	176	413	55516	0	56617
22067	423	198	53332	2391	0	56344
22068	51077	184	1275	1550	0	54086
22069	54155	187	1247	636	0	56225
22070	2248	183	522	53111	0	56064
22071	53823	142	403	1446	0	55814
22072	1565	193	346	54023	0	56127
22073	1395	157	52793	1618	0	55963
22074	674	143	1257	52420	0	54494
22075	581	52364	1195	1576	0	55716
22076	568	977	477	51020	0	53042
22077	497	52750	392	1515	0	55154
22078	576	1155	374	49520	0	51625
22079	425	51319	383	1462	0	53589
22080	49149	1087	379	1388	0	52003
22081	1310	968	49590	738	0	52606
22082	1106	47024	1165	666	0	49961
22083	505	48179	1106	631	0	50421
22084	637	1680	725	46459	0	49501
22085	492	958	334	46858	0	48642
22086	480	310	387	47221	0	48398
22087	512	198	338	47427	0	48475
22088	464	45576	383	1980	0	48403
22089	516	888	296	45217	0	46917
22090	523	793	318	44772	0	46406
22091	43230	297	274	1864	0	45665
22092	1156	226	211	44035	0	45628
22093	999	228	42366	1439	0	45032
22094	464	226	41766	1231	0	43687
22095	39047	227	1447	735	0	41456
22096	982	41429	923	608	0	43942
22097	906	42182	335	565	0	43988
22098	534	1433	344	40912	0	43223
22099	356	929	253	41670	0	43208
22100	316	350	39799	1780	0	42245
22101	37490	257	890	1310	0	39947
22102	39372	197	849	700	0	41118
22103	1533	202	40727	576	0	43038
22104	1003	195	40013	537	0	41748
22105	39561	198	1376	597	0	41732
22106	41789	197	864	561	0	43411
22107	42135	179	309	565	0	43188
22108	41445	173	230	518	0	42366
22109	1501	38542	213	509	0	40765
22110	34203	603	164	357	0	35327
22111	727	481	32553	366	0	34127
22112	486	162	30055	250	0	30953
22113	212	136	31308	227	0	31883
22114	412	1269	908	26067	0	28656
22115	26436	46	407	296	0	27185
22116	26513	48	64	235	0	26860
22117	385	52	49	26347	0	26833
22118	232	50	46	25738	0	26066
22119	109	57	42	26359	0	26567
22120	79	27477	60	409	0	28025
22121	28110	205	63	301	0	28679
22122	28492	171	46	155	0	28864
22123	28748	62	47	123	0	28980
22124	28715	35	45	142	0	28937
22125	28564	27	48	117	0	28756
22126	410	37	61	27527	0	28035
22127	217	27272	51	297	0	27837
22128	131	184	35	25591	0	25941
22129	64	200	27	25554	0	25845
22130	24862	42	35	242	0	25181
22131	157	29	24666	137	0	24989
22132	122	35	23936	54	0	24147
22133	55	36	24281	46	0	24418
22134	24699	23	157	67	0	24946
22135	25920	17	153	65	0	26155
22136	177	32	32	26771	0	27012
22137	108	23	20	26410	0	26561
22138	42	21	9	27130	0	27202
22139	45	24	27129	202	0	27400
22140	29	17	107	26483	0	26636
22141	54	36	28820	132	0	29042
22142	35	19	109	28626	0	28789
22143	34	19	103	28978	0	29134
22144	36	18	24	29900	0	29978
22145	29982	21	15	227	0	30245
22146	30071	21	20	181	0	30293
22147	209	42	30380	57	0	30688
22148	29555	15	96	60	0	29726
22149	30199	19	103	57	0	30378
22150	204	13	33	30120	0	30370
22151	30423	16	35	142	0	30616
22152	134	12	32	31226	0	31404
22153	119	11	16	31334	0	31480
22154	51	48	30824	249	0	31172
22155	28469	11	125	188	0	28793
22156	126	8	116	31019	0	31269
22157	139	22	31349	127	0	31637
22158	89	35	33154	141	0	33419
22159	66	14	203	32318	0	32601
22160	25	7	147	33218	0	33397
22161	33878	13	40	313	0	34244
22162	131	16	20	34643	0	34810
22163	141	18	15	34790	0	34964
22164	44	7	37	35422	0	35510
22165	47	7	27	37804	0	37885
22166	38773	10	41	430	0	39254
22167	38944	5	32	290	0	39271
22168	39920	14	33	103	0	40070
22169	40679	9	35	103	0	40826
22170	563	17	30	41539	0	42149
22171	42323	10	19	349	0	42701
22172	378	10	30	42407	0	42825
22173	42943	7	30	413	0	43393
22174	411	10	28	42907	0	43356
22175	388	15	27	42282	0	42712
22176	98	42434	36	1035	0	43603
22177	74	312	41	43117	0	43544
22178	42360	315	37	431	0	43143
22179	41560	48	35	446	0	42089
22180	682	46	42782	127	0	43637
22181	412	42954	329	122	0	43817
22182	43182	307	349	119	0	43957
22183	370	44577	80	93	0	45120
22184	44368	349	44	156	0	44917
22185	404	46965	48	146	0	47563
22186	463	410	47169	116	0	48158
22187	119	48486	365	108	0	49078
22188	105	48857	360	121	0	49443
22189	122	689	61	49560	0	50432
22190	50856	393	66	534	0	51849
22191	453	81	36	51653	0	52223
22192	443	51	28	52206	0	52728
22193	51766	33	40	861	0	52700
22194	52894	47	34	594	0	53569
22195	813	60	33	53172	0	54078
22196	482	53	48	53525	0	54108
22197	179	54	35	53915	0	54183
22198	51982	37	54	881	0	52954
22199	482	73	52967	507	0	54029
22200	498	63	373	53040	0	53974
22201	180	96	55531	475	0	56282
22202	135	54723	420	526	0	55804
22203	179	417	54033	164	0	54793
22204	152	397	403	52902	0	53854
22205	153	125	53693	486	0	54457
22206	50641	64	460	518	0	51683
22207	483	74	399	52954	0	53910
22208	486	54306	99	543	0	55434
22209	201	424	71	54515	0	55211
22210	174	54622	83	528	0	55407
22211	146	54817	64	586	0	55613
22212	155	55447	71	263	0	55936
22213	219	768	86	51702	0	52775
22214	181	53719	81	519	0	54500
22215	53050	429	97	542	0	54118
22216	520	452	52063	234	0	53269
22217	515	183	51459	219	0	52376
22218	225	151	53524	186	0	54086
22219	169	96	775	53640	0	54680
22220	196	89	451	52528	0	53264
22221	204	110	125	52321	0	52760
22222	231	99	97	52504	0	52931
22223	246	116	101	51212	0	51675
22224	245	52980	109	928	0	54262
22225	270	454	52296	572	0	53592
22226	272	515	51951	258	0	52996
22227	220	54141	781	303	0	55445
22228	236	488	453	55121	0	56298
22229	230	467	130	55679	0	56506
22230	230	172	83	56070	0	56555
22231	54895	154	99	1025	0	56173
22232	559	211	54311	639	0	55720
22233	53111	137	444	339	0	54031
22234	53694	151	448	302	0	54595
22235	910	52937	169	265	0	54281
22236	552	53528	125	257	0	54462
22237	53987	793	163	275	0	55218
22238	586	522	117	53974	0	55199
22239	606	167	113	55627	0	56513
22240	263	215	57218	1005	0	58701
22241	251	212	57006	657	0	58126
22242	173	197	975	58260	0	59605
22243	58935	188	597	719	0	60439
22244	620	257	61678	692	0	63247
22245	62340	186	704	395	0	63625
22246	767	173	712	64529	0	66181
22247	762	164	189	67102	0	68217
22248	264	149	184	69386	0	69983
22249	262	204	68540	1597	0	70603
22250	196	67833	785	1037	0	69851
22251	230	71092	800	369	0	72491
22252	70745	1377	198	368	0	72688
22253	72238	800	139	338	0	73515
22254	1585	177	157	72519	0	74438
22255	73538	148	145	1060	0	74891
22256	973	165	72691	1020	0	74849
22257	924	186	72384	341	0	73835
22258	223	134	1621	71885	0	73863
22259	74143	134	947	1112	0	76336
22260	996	126	290	75814	0	77226
22261	970	112	236	77321	0	78639
22262	75891	95	212	1946	0	78144
22263	77099	151	191	1181	0	78622
22264	1813	79450	223	455	0	81941
22265	78765	914	164	305	0	80148
22266	1090	1091	131	75961	0	78273
22267	992	77716	141	1057	0	79906
22268	77358	938	134	1075	0	79505
22269	991	79034	166	266	0	80457
22270	1039	1076	119	77503	0	79737
22271	77388	906	111	1015	0	79420
22272	1026	174	77016	951	0	79167
22273	1006	154	76936	219	0	78315
22274	277	191	1699	75706	0	77873
22275	222	96	979	77826	0	79123
22276	247	127	168	75448	0	75990
22277	172	79768	155	1728	0	81823
22278	81076	986	110	1081	0	83253
22279	81344	1028	122	324	0	82818
22280	81858	166	113	288	0	82425
22281	2037	83635	157	352	0	86181
22282	1271	1142	110	87922	0	90445
22283	335	1115	124	88618	0	90192
22284	319	188	124	89951	0	90582
22285	83720	205	122	2535	0	86582
22286	1231	84366	155	1447	0	87199
22287	1346	1176	97	84542	0	87161
22288	396	1236	97	85427	0	87156
22289	360	281	82975	2436	0	86052
22290	298	82170	1157	1496	0	85121
22291	351	1282	1199	81565	0	84397
22292	361	1206	219	82420	0	84206
22293	322	242	169	82996	0	83729
22294	79474	204	123	2578	0	82379
22295	1298	79490	156	1675	0	82619
22296	80704	1235	127	551	0	82617
22297	1470	1267	167	79378	0	82282
22298	80780	301	137	1453	0	82671
22299	1490	270	78603	1462	0	81825
22300	78967	235	1179	555	0	80936
22301	78220	211	1235	558	0	80224
22302	2563	275	77621	450	0	80909
22303	1562	279	1188	77600	0	80629
22304	545	246	1235	78450	0	80476
22305	79952	229	258	2714	0	83153
22306	1577	213	217	82218	0	84225
22307	1570	220	220	82182	0	84192
22308	555	245	221	82777	0	83798
22309	521	241	80125	2763	0	83650
22310	74112	238	1286	1912	0	77548
22311	1495	81082	1331	766	0	84674
22312	1669	1324	263	78700	0	81956
22313	581	81720	252	1616	0	84169
22314	499	83512	242	1765	0	86018
22315	552	2587	192	82706	0	86037
22316	535	1607	83076	1826	0	87044
22317	565	470	83337	1875	0	86247
22318	560	339	2533	83536	0	86968
22319	576	346	84644	1893	0	87459
22320	81748	360	1527	1959	0	85594
22321	1700	398	1538	85067	0	88703
22322	1758	375	364	85785	0	88282
22323	576	85671	331	3165	0	89743
22324	527	1498	282	86666	0	88973
22325	526	1543	332	85009	0	87410
22326	452	83766	389	3214	0	87821
22327	549	1464	317	86089	0	88419
22328	605	1550	248	83927	0	86330
22329	528	83654	315	3156	0	87653
22330	83583	1522	275	2110	0	87490
22331	1773	1626	83289	937	0	87625
22332	1877	473	83224	811	0	86385
22333	693	649	2635	82285	0	86262
22334	549	531	1623	84034	0	86737
22335	530	381	82997	3203	0	87111
22336	473	391	82483	2129	0	85476
22337	74928	397	2652	988	0	78965
22338	1537	81868	1635	852	0	85892
22339	81220	1441	394	809	0	83864
22340	1612	1448	79063	901	0	83024
22341	1564	78022	1471	873	0	81930
22342	599	1651	1661	78578	0	82489
22343	492	1513	80860	1855	0	84720
22344	436	399	78681	1778	0	81294
22345	665	824	2545	78247	0	82281
22346	512	370	79852	1804	0	82538
22347	461	77537	1482	1881	0	81361
22348	441	1565	1530	76145	0	79681
22349	538	1491	77082	1638	0	80749
22350	321	77332	1493	1843	0	80989
22351	75906	1355	1524	727	0	79512
22352	1409	1427	75401	669	0	78906
22353	1478	75356	1414	662	0	78910
22354	533	1352	1643	73933	0	77461
22355	402	1426	435	76583	0	78846
22356	75066	375	394	2788	0	78623
22357	1483	306	381	75634	0	77804
22358	1431	260	315	73470	0	75476
22359	71097	224	351	2692	0	74364
22360	1323	271	307	71192	0	73093
22361	1332	226	67870	1583	0	71011
22362	436	446	1176	67931	0	69989
22363	317	266	67492	1495	0	69570
22364	318	233	63945	1384	0	65880
22365	258	219	65739	545	0	66761
22366	379	250	2037	60847	0	63513
22367	232	157	1394	63347	0	65130
22368	62857	149	401	2022	0	65429
22369	988	155	346	61147	0	62636
22370	1090	64067	305	1236	0	66698
22371	372	931	295	66011	0	67609
22372	235	1057	310	63917	0	65519
22373	176	64955	328	2042	0	67501
22374	64297	944	285	1373	0	66899
22375	62841	1018	274	561	0	64694
22376	1699	63395	323	516	0	65933
22377	903	61531	292	388	0	63114
22378	405	2681	385	58969	0	62440
22379	60165	993	420	989	0	62567
22380	876	340	60632	991	0	62839
22381	881	231	55891	334	0	57337
22382	50313	164	1273	238	0	51988
22383	616	53274	869	238	0	54997
22384	729	710	245	53464	0	55148
22385	202	743	213	53245	0	54403
22386	156	184	177	54291	0	54808
22387	157	143	170	54249	0	54719
22388	117	53241	187	1439	0	54984
22389	139	610	160	54407	0	55316
22390	53796	713	136	870	0	55515
22391	642	195	159	55046	0	56042
22392	734	163	140	55161	0	56198
22393	55077	132	150	1439	0	56798
22394	55653	118	171	969	0	56911
22395	56880	142	154	372	0	57548
22396	57337	101	165	325	0	57928
22397	1485	97	177	56124	0	57883
22398	56705	111	155	824	0	57795
22399	790	88	147	56558	0	57583
22400	56384	89	155	875	0	57503
22401	56131	98	158	936	0	57323
22402	1341	109	181	56565	0	58196
22403	882	120	57319	807	0	59128
22404	56130	112	690	931	0	57863
22405	57504	114	797	362	0	58777
22406	57291	110	257	325	0	57983
22407	57291	118	184	292	0	57885
22408	1462	122	174	56829	0	58587
22409	898	132	57202	768	0	59000
22410	281	148	56232	839	0	57500
22411	54949	108	1182	400	0	56639
22412	57482	91	778	268	0	58619
22413	1176	57140	272	258	0	58846
22414	709	57060	180	225	0	58174
22415	57559	1005	155	279	0	58998
22416	638	640	152	56359	0	57789
22417	726	200	132	57629	0	58687
22418	56991	109	115	1176	0	58391
22419	607	58336	136	769	0	59848
22420	60086	534	116	395	0	61131
22421	705	597	59349	251	0	60902
22422	58969	139	533	306	0	59947
22423	688	141	560	59766	0	61155
22424	695	103	61618	715	0	63131
22425	239	62329	543	819	0	63930
22426	268	559	603	64190	0	65620
22427	267	578	67520	662	0	69027
22428	221	157	608	67090	0	68076
22429	69111	92	705	866	0	70774
22430	664	140	69140	864	0	70808
22431	66678	79	630	349	0	67736
22432	743	69941	722	277	0	71683
22433	803	583	209	70748	0	72343
22434	339	692	74798	674	0	76503
22435	268	201	592	74277	0	75338
22436	272	158	76562	817	0	77809
22437	221	75412	673	918	0	77224
22438	73767	518	674	328	0	75287
22439	620	77747	189	232	0	78788
22440	718	609	128	76544	0	77999
22441	283	674	112	77154	0	78223
22442	245	197	74776	1104	0	76322
22443	58744	131	513	905	0	60293
22444	503	71068	595	280	0	72446
22445	465	68300	138	165	0	69068
22446	193	68659	99	154	0	69105
22447	343	972	223	66082	0	67620
22448	101	67004	99	392	0	67596
22449	201	459	91	65631	0	66382
22450	101	66390	99	394	0	66984
22451	157	435	65	64977	0	65634
22452	89	67187	78	363	0	67717
22453	66705	334	119	439	0	67597
22454	315	443	66780	158	0	67696
22455	63543	137	303	181	0	64164
22456	66210	95	356	167	0	66828
22457	68095	80	97	182	0	68454
22458	591	68306	99	154	0	69150
22459	69334	282	66	152	0	69834
22460	68944	353	67	121	0	69485
22461	70279	115	71	170	0	70635
22462	717	106	69775	76	0	70674
22463	543	61	303	70167	0	71074
22464	224	111	72678	411	0	73424
22465	161	87	385	71654	0	72287
22466	71772	86	478	453	0	72789
22467	423	72521	132	558	0	73634
22468	558	438	81839	181	0	83016
22469	224	508	668	80934	0	82334
22470	140	162	646	85809	0	86757
22471	144	126	91353	1406	0	93029
22472	86735	113	1004	920	0	88772
22473	92942	98	905	246	0	94191
22474	95263	112	181	181	0	95737
22475	2024	107	107	92985	0	95223
22476	1089	92007	144	1074	0	94314
22477	259	95689	146	1071	0	97165
22478	209	1899	129	94917	0	97154
22479	252	1110	119	93460	0	94941
22480	169	93963	130	1872	0	96134
22481	93682	1003	122	1062	0	95869
22482	1078	94506	115	312	0	96011
22483	1064	1103	86	92695	0	94948
22484	310	1034	92304	1095	0	94743
22485	213	245	1032	91814	0	93304
22486	92397	160	982	1251	0	94790
22487	1121	175	92593	1042	0	94931
22488	92766	147	1048	367	0	94328
22489	95383	149	1229	284	0	97045
22490	97741	181	230	242	0	98394
22491	97952	123	157	328	0	98560
22492	100488	141	233	255	0	101117
22493	2353	144	96706	194	0	99397
22494	1418	194	95589	202	0	97403
22495	102185	160	2200	250	0	104795
22496	106601	148	1236	192	0	108177
22497	2652	165	262	107042	0	110121
22498	1543	108802	166	1591	0	112102
22499	452	1530	139	111130	0	113251
22500	111882	1422	159	1769	0	115232
22501	1775	328	151	107569	0	109823
22502	1606	113682	178	1617	0	117083
22503	114166	1549	182	1512	0	117409
22504	113161	1447	143	445	0	115196
22505	113607	304	164	343	0	114418
22506	3007	111981	213	385	0	115586
22507	1818	1523	167	112253	0	115761
22508	643	1517	151	111003	0	113314
22509	486	109127	154	2877	0	112644
22510	572	1558	135	111427	0	113692
22511	109210	1487	130	1854	0	112681
22512	109597	376	162	1645	0	111780
22513	3113	108655	238	486	0	112492
22514	1952	1649	212	109201	0	113014
22515	741	1494	248	110541	0	113024
22516	568	369	268	112289	0	113494
22517	107680	259	265	3312	0	111516
22518	2001	304	107162	1934	0	111401
22519	102945	310	1626	720	0	105601
22520	2190	683	106659	680	0	110212
22521	2072	419	1703	100794	0	104988
22522	779	103401	1509	1861	0	107550
22523	688	107456	375	1809	0	110328
22524	103878	3011	279	730	0	107898
22525	103174	1814	213	678	0	105879
22526	3227	101220	253	628	0	105328
22527	1891	100228	246	579	0	102944
22528	100687	2958	290	580	0	104515
22529	101706	1754	246	677	0	104383
22530	3261	103218	301	579	0	107359
22531	106757	1835	271	653	0	109516
22532	2360	1824	104533	517	0	109234
22533	105698	577	1643	602	0	108520
22534	104508	479	1584	565	0	107136
22535	3645	448	374	102000	0	106467
22536	2300	101655	304	2044	0	106303
22537	1141	1799	299	104020	0	107259
22538	103775	1688	311	2133	0	107907
22539	2514	525	286	101847	0	105172
22540	2350	401	322	103050	0	106123
22541	1024	443	103742	3454	0	108663
22542	1005	400	1784	105033	0	108222
22543	954	466	1704	107597	0	110721
22544	106419	440	423	3655	0	110937
22545	2368	535	106446	2164	0	111513
22546	107995	530	1810	870	0	111205
22547	2598	501	1598	107902	0	112599
22548	2338	512	355	109209	0	112414
22549	1054	541	262	108836	0	110693
22550	889	105069	345	3596	0	109899
22551	964	107751	357	2216	0	111288
22552	1064	3261	280	105814	0	110419
22553	105558	1882	293	2115	0	109848
22554	106670	614	293	1972	0	109549
22555	4039	514	286	105342	0	110181
22556	106362	501	225	2415	0	109503
22557	2733	503	245	105802	0	109283
22558	2431	448	196	106546	0	109621
22559	102385	492	263	3813	0	106953
22560	2387	106318	322	2408	0	111435
22561	107026	2041	253	1028	0	110348
22562	106380	1728	236	956	0	109300
22563	104692	486	250	962	0	106390
22564	3670	102643	316	969	0	107598
22565	2308	2197	314	102893	0	107712
22566	1098	1744	363	104549	0	107754
22567	1025	588	100938	3650	0	106201
22568	828	961	1558	92402	0	95749
22569	769	571	89927	1997	0	93264
22570	673	85160	1464	1633	0	88930
22571	534	78234	1124	624	0	80516
22572	579	80886	370	569	0	82404
22573	857	2277	725	81345	0	85204
22574	580	1202	223	82091	0	84096
22575	454	411	157	83590	0	84612
22576	423	327	157	84722	0	85629
22577	455	314	84377	2456	0	87602
22578	524	313	96452	1584	0	98873
22579	500	345	2423	99082	0	102350
22580	470	332	102999	1959	0	105760
22581	100546	265	1692	1836	0	104339
22582	103933	242	1426	798	0	106399
22583	3016	299	104443	758	0	108516
22584	1913	235	1622	104638	0	108408
22585	762	269	1492	107834	0	110357
22586	681	272	422	109984	0	111359
22587	701	240	376	109581	0	110898
22588	683	253	333	111633	0	112902
22589	89851	451	427	3651	0	94380
22590	104145	241	344	2256	0	106986
22591	2808	105658	273	1191	0	109930
22592	1767	1536	102052	747	0	106102
22593	524	102206	1541	835	0	105106
22594	468	102288	1412	782	0	104950
22595	96283	2396	371	619	0	99669
22596	1446	96495	335	586	0	98862
22597	1211	93440	258	461	0	95370
22598	92153	2207	416	434	0	95210
22599	1434	1241	91318	388	0	94381
22600	90082	392	1222	479	0	92175
22601	1392	298	1109	92220	0	95019
22602	1297	219	307	89924	0	91747
22603	478	223	233	91397	0	92331
22604	407	225	88439	2569	0	91640
22605	338	88872	1286	1701	0	92197
22606	89218	1168	1170	829	0	92385
22607	1353	1107	442	89647	0	92549
22608	1228	90886	343	1727	0	94184
22609	465	1298	389	94130	0	96282
22610	544	1280	93041	1698	0	96563
22611	570	427	1383	94139	0	96519
22612	445	442	1296	96493	0	98676
22613	413	350	360	97877	0	99000
22614	95920	347	286	3004	0	99557
22615	1492	337	292	97481	0	99602
22616	1461	253	95783	2226	0	99723
22617	506	95271	1437	2039	0	99253
22618	542	1395	1359	96506	0	99802
22619	582	1388	475	96796	0	99241
22620	477	528	95326	2859	0	99190
22621	500	446	92789	1851	0	95586
22622	91075	508	2883	1020	0	95486
22623	91591	506	1730	992	0	94819
22624	2852	92224	789	785	0	96650
22625	93611	1532	551	730	0	96424
22626	2018	1483	92334	779	0	96614
22627	1890	477	90855	972	0	94194
22628	90048	469	2682	1318	0	94517
22629	89754	322	1611	1476	0	93163
22630	2482	268	87273	1471	0	91494
22631	85365	304	1483	1346	0	88498
22632	1841	340	87124	1077	0	90382
22633	85937	419	1674	654	0	88684
22634	86558	716	1441	594	0	89309
22635	2625	889	657	80257	0	84428
22636	1548	89136	708	1563	0	92955
22637	70242	2063	905	1575	0	74785
22638	1421	1757	89913	701	0	93792
22639	1542	90241	1604	742	0	94129
22640	90817	1889	1418	864	0	94988
22641	86284	1564	587	889	0	89324
22642	2821	86525	733	928	0	91007
22643	2018	1435	736	87103	0	91292
22644	1077	1343	85346	2130	0	89896
22645	714	566	1701	86665	0	89646
22646	663	681	85432	2339	0	89115
22647	663	560	1881	85370	0	88474
22648	669	614	1888	85734	0	88905
22649	845	745	84091	2797	0	88478
22650	918	84025	1715	2069	0	88727
22651	934	1625	1511	82513	0	86583
22652	1052	1676	63902	2187	0	68817
22653	81818	603	1330	2003	0	85754
22654	1721	458	1474	84806	0	88459
22655	1602	395	744	86049	0	88790
22656	83590	389	706	3208	0	87893
22657	1964	457	572	84018	0	87011
22658	2071	433	680	81125	0	84309
22659	907	82725	865	2717	0	87214
22660	936	1521	840	81790	0	85087
22661	783	1600	79623	2536	0	84542
22662	876	515	1595	77402	0	80388
22663	802	78659	1742	2012	0	83215
22664	729	80369	1149	1859	0	84106
22665	888	2269	909	79926	0	83992
22666	80227	1546	701	1752	0	84226
22667	1902	824	773	80519	0	84018
22668	80580	838	802	1745	0	83965
22669	2147	506	882	80383	0	83918
22670	80164	468	1087	1886	0	83605
22671	80785	558	913	2042	0	84298
22672	3149	728	792	78474	0	83143
22673	2427	2533	1086	74182	0	80228
22674	1249	74104	1102	2792	0	79247
22675	1251	75904	888	2035	0	80078
22676	1271	2018	74200	1393	0	78882
22677	1130	72549	1358	1243	0	76280
22678	56708	1071	1657	858	0	60294
22679	1243	696	639	55445	0	58023
22680	911	53631	459	1019	0	56020
22681	54774	719	358	1079	0	56930
22682	1057	693	337	54906	0	56993
22683	1051	252	405	53299	0	55007
22684	530	290	508	54516	0	55844
22685	539	370	514	54087	0	55510
22686	535	54499	494	1501	0	57029
22687	559	57832	370	1034	0	59795
22688	58247	1184	395	514	0	60340
22689	1194	59811	397	390	0	61792
22690	1054	916	429	59615	0	62014
22691	649	890	295	60117	0	61951
22692	619	330	252	60855	0	62056
22693	573	285	265	61205	0	62328
22694	59903	276	331	1663	0	62173
22695	61302	197	338	1074	0	62911
22696	1856	249	60547	466	0	63118
22697	1258	230	990	60585	0	63063
22698	673	253	61761	1169	0	63856
22699	578	272	1061	61677	0	63588
22700	489	307	964	62246	0	64006
22701	61161	268	344	1999	0	63772
22702	1225	286	313	61709	0	63533
22703	1054	263	60382	1338	0	63037
22704	415	283	59073	1165	0	60936
22705	58487	253	1613	668	0	61021
22706	1070	237	60461	593	0	62361
22707	953	381	932	57186	0	59452
22708	340	175	58868	1195	0	60578
22709	276	476	946	56357	0	58055
22710	186	56933	833	1187	0	59139
22711	270	889	277	56114	0	57550
22712	154	56089	203	1094	0	57540
22713	134	55846	188	962	0	57130
22714	227	1474	178	54203	0	56082
22715	53761	692	123	945	0	55521
22716	694	54289	118	847	0	55948
22717	645	736	94	54323	0	55798
22718	54490	659	98	948	0	56195
22719	55505	200	82	868	0	56655
22720	56717	150	93	390	0	57350
22721	1377	170	82	55486	0	57115
22722	788	133	110	56225	0	57256
22723	56364	130	108	1479	0	58081
22724	56522	121	111	959	0	57713
22725	57444	112	105	389	0	58050
22726	1443	141	118	56451	0	58153
22727	788	150	54560	898	0	56396
22728	53742	85	662	820	0	55309
22729	861	129	609	54128	0	55727
22730	757	55220	183	894	0	57054
22731	341	967	130	54365	0	55803
22732	260	54670	129	887	0	55946
22733	288	733	119	55484	0	56624
22734	211	632	54220	959	0	56022
22735	166	53628	644	862	0	55300
22736	274	620	566	50977	0	52437
22737	226	573	174	51067	0	52040
22738	193	181	126	51190	0	51690
22739	50951	134	132	1328	0	52545
22740	708	51552	139	832	0	53231
22741	688	724	126	52424	0	53962
22742	53074	693	105	947	0	54819
22743	53552	207	100	927	0	54786
22744	1409	168	93	53631	0	55301
22745	889	170	53824	1005	0	55888
22746	340	156	744	53045	0	54285
22747	266	53979	756	994	0	55995
22748	284	755	215	55297	0	56551
22749	54619	715	154	1073	0	56561
22750	925	167	158	57474	0	58724
22751	883	136	57944	1140	0	60103
22752	283	61386	806	1095	0	63570
22753	62205	860	772	488	0	64325
22754	1042	923	62445	408	0	64818
22755	62801	219	965	415	0	64400
22756	1140	166	945	64266	0	66517
22757	1056	155	257	64492	0	65960
22758	359	65217	223	1880	0	67679
22759	67407	950	203	1269	0	69829
22760	1165	950	206	68608	0	70929
22761	1176	205	206	69999	0	71586
22762	424	193	168	71859	0	72644
22763	346	203	70119	2278	0	72946
22764	321	165	1092	71268	0	72846
22765	71327	183	1034	1479	0	74023
22766	72814	169	243	1427	0	74653
22767	2031	158	202	72348	0	74739
22768	1261	180	149	73272	0	74862
22769	72132	169	164	2227	0	74692
22770	1242	207	71568	1372	0	74389
22771	71247	170	1089	597	0	73103
22772	1360	205	71701	425	0	73691
22773	1246	213	71197	408	0	73064
22774	438	175	1877	70423	0	72913
22775	420	182	72508	1338	0	74448
22776	70883	164	1188	1275	0	73510
22777	1268	196	1034	72534	0	75032
22778	1204	191	72301	1304	0	75000
22779	69711	145	1088	1334	0	72278
22780	72276	148	1035	626	0	74085
22781	2129	153	72633	548	0	75463
22782	1369	536	1084	67034	0	70023
22783	491	73152	1045	1200	0	75888
22784	73718	1011	298	1261	0	76288
22785	1355	1030	74267	480	0	77132
22786	68003	381	962	561	0	69907
22787	1114	70535	952	490	0	73091
22788	68030	729	491	392	0	69642
22789	67125	718	187	447	0	68477
22790	67409	164	169	466	0	68208
22791	1524	283	235	66510	0	68552
22792	968	67478	192	969	0	69607
22793	434	825	66377	993	0	68629
22794	341	68801	791	481	0	70414
22795	462	865	744	61215	0	63286
22796	361	66662	284	832	0	68139
22797	286	67174	276	853	0	68589
22798	65577	1157	283	450	0	67467
22799	916	742	65390	390	0	67438
22800	866	246	66889	350	0	68351
22801	471	223	67104	405	0	68203
22802	390	67307	1175	466	0	69338
22803	67326	618	821	495	0	69260
22804	67424	668	293	452	0	68837
22805	67411	201	238	452	0	68302
22806	1335	66457	251	468	0	68511
22807	877	643	240	67889	0	69649
22808	473	634	67190	911	0	69208
22809	444	255	67108	940	0	68747
22810	67704	173	1209	623	0	69709
22811	70043	217	788	498	0	71546
22812	70565	309	335	458	0	71667
22813	1502	178	68994	537	0	71211
22814	68839	154	774	589	0	70356
22815	1039	182	808	69423	0	71452
22816	1003	180	405	69536	0	71124
22817	569	259	70914	1492	0	73234
22818	545	71331	854	1075	0	73805
22819	517	624	873	71492	0	73506
22820	530	681	70781	1099	0	73091
22821	66262	190	934	1152	0	68538
22822	1070	187	909	71485	0	73651
22823	1093	145	448	71730	0	73416
22824	71023	151	450	1549	0	73173
22825	1198	148	398	71424	0	73168
22826	71211	149	385	1171	0	72916
22827	71072	175	459	1135	0	72841
22828	1682	198	391	70695	0	72966
22829	1216	197	498	71192	0	73103
22830	69916	169	493	1496	0	72074
22831	1171	158	489	70908	0	72726
22832	71435	193	513	1015	0	73156
22833	70939	184	472	976	0	72571
22834	70886	189	461	515	0	72051
22835	1828	185	438	69168	0	71619
22836	1203	261	418	69213	0	71095
22837	69004	166	420	1352	0	70942
22838	1035	67940	495	887	0	70357
22839	925	66594	394	328	0	68241
22840	65990	901	384	333	0	67608
22841	851	577	64816	246	0	66490
22842	63875	187	690	232	0	64984
22843	857	144	622	66733	0	68356
22844	760	218	67669	556	0	69203
22845	67514	171	583	566	0	68834
22846	863	186	526	68931	0	70506
22847	817	176	227	70624	0	71844
22848	520	179	213	72151	0	73063
22849	535	224	132	72030	0	72921
22850	69556	166	171	866	0	70759
22851	564	68149	211	587	0	69511
22852	63225	326	130	234	0	63915
22853	474	335	63557	105	0	64471
22854	424	110	62042	114	0	62690
22855	233	64752	436	147	0	65568
22856	532	701	577	63391	0	65201
22857	162	279	63537	280	0	64258
22858	128	60141	196	360	0	60825
22859	111	159	59823	110	0	60203
22860	53	134	90	58489	0	58766
22861	50	30	95	58941	0	59116
22862	58596	19	40	234	0	58889
22863	108	30	26	57888	0	58052
22864	57457	12	32	175	0	57676
22865	131	63	57654	139	0	57987
22866	126	57695	106	103	0	58030
22867	76	80	108	60111	0	60375
22868	96	119	39	64397	0	64651
22869	61	81	65557	189	0	65888
22870	75	104	62359	153	0	62691
22871	60569	21	174	147	0	60911
22872	66219	23	115	120	0	66477
22873	195	30	39	65989	0	66253
22874	147	46	26	65917	0	66136
22875	45	65190	73	239	0	65547
22876	62	120	30	67438	0	67650
22877	68346	107	36	246	0	68735
22878	69024	35	45	252	0	69356
22879	288	70363	49	112	0	70812
22880	71204	159	39	126	0	71528
22881	70338	214	37	132	0	70721
22882	408	59	34	73693	0	74194
22883	284	76531	69	336	0	77220
22884	99	305	34	77782	0	78220
22885	99	353	31	77443	0	77926
22886	84	108	76076	759	0	77027
22887	76352	54	355	549	0	77310
22888	567	39	426	85069	0	86101
22889	661	52	66	89846	0	90625
22890	115	101473	75	1546	0	103209
22891	116	1065	45	107070	0	108296
22892	108122	1134	70	1354	0	110680
22893	113340	173	53	1394	0	114960
22894	2762	164	112615	274	0	115815
22895	1654	130	113060	196	0	115040
22896	344	101	2817	113177	0	116439
22897	266	62	1583	118541	0	120452
22898	215	123	117762	3035	0	121135
22899	279	118	117988	1786	0	120171
22900	227	127	3132	112569	0	116055
22901	198	126	119523	1774	0	121621
22902	336	163	119025	1746	0	121270
22903	215	79	3215	114597	0	118106
22904	118842	58	1908	1767	0	122575
22905	121497	59	456	1880	0	123892
22906	3219	90	301	120115	0	123725
22907	1915	82	221	122236	0	124454
22908	120803	76	239	3291	0	124409
22909	1835	72	213	120500	0	122620
22910	120381	59	163	2072	0	122675
22911	119361	75	223	2018	0	121677
22912	3365	88	198	119211	0	122862
22913	2030	98	171	120732	0	123031
22914	117463	92	186	3460	0	121201
22915	1862	117955	229	2165	0	122211
22916	1848	119704	264	934	0	122750
22917	508	3100	216	116924	0	120748
22918	451	1848	116132	1960	0	120391
22919	353	338	1707	116713	0	119111
22920	115994	194	1895	2167	0	120250
22921	1820	168	401	117529	0	119918
22922	117381	137	348	2205	0	120071
22923	1940	214	115641	2243	0	120038
22924	114257	162	1773	780	0	116972
22925	2005	162	1833	116404	0	120404
22926	2057	142	396	118650	0	121245
22927	682	154	120049	3598	0	124483
22928	599	152	1753	120554	0	123058
22929	513	158	1834	122441	0	124946
22930	497	170	441	125598	0	126706
22931	121613	184	359	4030	0	126186
22932	2064	231	122671	2475	0	127441
22933	2182	258	121874	929	0	125243
22934	118468	153	3427	935	0	122983
22935	122772	147	2161	872	0	125952
22936	3681	199	124179	790	0	128849
22937	2363	174	2137	118772	0	123446
22938	787	124362	2201	2168	0	129518
22939	714	1641	810	127876	0	131041
22940	126524	1696	833	2456	0	131509
22941	127852	306	797	2534	0	131489
22942	3609	240	768	125791	0	130408
22943	2265	125579	868	2558	0	131270
22944	1017	1586	738	121413	0	124754
22945	886	125375	763	2455	0	129479
22946	124430	1749	761	2561	0	129501
22947	122070	1759	741	1248	0	125818
22948	122984	367	645	1269	0	125265
22949	3832	118149	639	1383	0	124003
22950	2557	121697	689	1269	0	126212
22951	1166	3470	605	122122	0	127363
22952	1048	1903	554	123732	0	127237
22953	1071	431	533	124350	0	126385
22954	1013	336	539	125755	0	127643
22955	975	368	120142	4407	0	125892
22956	113464	370	1934	3053	0	118821
22957	2589	453	123954	1389	0	128385
22958	123363	384	2186	1343	0	127276
22959	2747	437	127906	1259	0	132349
22960	126159	354	2292	1298	0	130103
22961	2775	427	130162	1267	0	134631
22962	125717	332	2374	1226	0	129649
22963	2918	307	2416	129496	0	135137
22964	132806	289	813	2941	0	136849
22965	2904	287	712	135173	0	139076
22966	2996	263	645	135106	0	139010
22967	1281	328	644	131547	0	133800
22968	1047	126106	731	4631	0	132515
22969	125255	1888	627	3230	0	131000
22970	125315	2022	587	1612	0	129536
22971	4288	126231	680	1514	0	132713
22972	2998	1956	546	126882	0	132382
22973	1280	2115	125167	2899	0	131461
22974	122016	482	2200	3038	0	127736
22975	126957	364	2418	1381	0	131120
22976	126689	301	821	1267	0	129078
22977	4633	268	674	119538	0	125113
22978	2879	119785	712	2545	0	125921
22979	1310	1875	660	121223	0	125068
22980	119263	1962	629	2710	0	124564
22981	2805	538	600	115804	0	119747
22982	2526	114127	580	2521	0	119754
22983	109915	1752	545	2377	0	114589
22984	2519	1957	110618	1008	0	116102
22985	2997	611	109836	885	0	114329
22986	1108	109832	3360	950	0	115250
22987	984	106886	1940	794	0	110604
22988	1739	2777	99879	645	0	105040
22989	1244	1698	93079	682	0	96703
22990	942	3838	2050	74753	0	81583
22991	77900	242	1287	964	0	80393
22992	962	228	78170	909	0	80269
22993	728	73632	580	319	0	75259
22994	74479	520	923	309	0	76231
22995	593	74648	197	218	0	75656
22996	71694	439	140	182	0	72455
22997	474	71764	126	153	0	72517
22998	578	73138	110	210	0	74036
22999	324	774	193	73428	0	74719
23000	254	521	190	73805	0	74770
23001	268	180	70910	764	0	72122
23002	235	132	334	70018	0	70719
23003	70652	118	409	523	0	71702
23004	71117	144	104	616	0	71981
23005	793	140	71	69947	0	70951
23006	570	157	69014	444	0	70185
23007	222	165	68324	539	0	69250
23008	206	118	724	69003	0	70051
23009	211	139	70816	442	0	71608
23010	183	107	512	69810	0	70612
23011	175	105	572	69553	0	70405
23012	168	186	76014	871	0	77239
23013	70783	124	637	678	0	72222
23014	76310	108	742	260	0	77420
23015	1153	140	76972	171	0	78436
23016	821	135	79205	178	0	80339
23017	307	118	1364	77953	0	79742
23018	209	124	861	89650	0	90844
23019	230	130	233	92656	0	93249
23020	253	238	169	93120	0	93780
23021	92149	151	159	1982	0	94441
23022	98125	139	149	1261	0	99674
23023	2113	160	175	104605	0	107053
23024	1377	155	151	110430	0	112113
23025	380	169	116845	2728	0	120122
23026	303	128	1601	119980	0	122012
23027	287	100	1759	124421	0	126567
23028	125040	104	346	3841	0	129331
23029	2062	132892	247	2451	0	137652
23030	2199	2200	174	133298	0	137871
23031	520	2167	179	134784	0	137650
23032	360	330	224	133100	0	134014
23033	237	123731	331	4800	0	129099
23034	203	131844	316	2856	0	135219
23035	354	4174	272	130854	0	135654
23036	339	2396	204	130797	0	133736
23037	355	456	214	133907	0	134932
23038	125906	275	246	4942	0	131369
23039	2191	127506	241	3120	0	133058
23040	130112	2249	197	968	0	133526
23041	130419	2355	229	735	0	133738
23042	4564	497	213	125652	0	130926
23043	2598	125530	252	2723	0	131103
23044	126002	2327	174	2838	0	131341
23045	2555	2503	154	126316	0	131528
23046	128421	509	212	2971	0	132113
23047	2822	361	206	129900	0	133289
23048	2765	350	128586	2999	0	134700
23049	754	378	131233	2966	0	135331
23050	633	321	4416	130179	0	135549
23051	589	330	2580	132471	0	135970
23052	544	366	506	130472	0	131888
23053	506	127597	383	5034	0	133520
23054	540	133090	301	3238	0	137169
23055	129322	4372	262	1150	0	135106
23056	126680	2623	303	916	0	130522
23057	4283	126460	325	994	0	132062
23058	2339	123848	295	896	0	127378
23059	590	128119	254	884	0	129847
23060	120778	4247	287	880	0	126192
23061	2121	123679	249	960	0	127009
23062	2405	2493	181	122456	0	127535
23063	122310	2379	157	2669	0	127515
23064	122347	619	208	2696	0	125870
23065	4372	485	215	118404	0	123476
23066	2689	544	116832	2669	0	122734
23067	821	590	117753	2629	0	121793
23068	694	505	4039	117190	0	122428
23069	654	536	121037	2804	0	125031
23070	668	485	2333	120407	0	123893
23071	650	482	2232	119874	0	123238
23072	639	489	119036	4715	0	124879
23073	753	468	119601	2936	0	123758
23074	660	425	4217	118049	0	123351
23075	614	435	2487	122991	0	126527
23076	119275	460	669	4917	0	125321
23077	2393	118705	580	3347	0	125025
23078	2389	123665	514	1481	0	128049
23079	120738	4250	443	1287	0	126718
23080	122638	2627	394	1336	0	126995
23081	4474	120879	426	1374	0	127153
23082	2792	123011	543	1247	0	127593
23083	121785	4400	438	1311	0	127934
23084	2744	2737	334	121106	0	126921
23085	120136	851	431	3242	0	124660
23086	2854	119192	454	3306	0	125806
23087	121020	2655	352	1579	0	125606
23088	3015	2687	118664	1414	0	125780
23089	118333	799	2314	1425	0	122871
23090	3101	800	120637	1413	0	125951
23091	2943	858	2624	117665	0	124090
23092	116763	717	2462	3377	0	123319
23093	2888	723	114856	3422	0	121889
23094	2886	716	2407	115304	0	121313
23095	114441	813	2450	3319	0	121023
23096	2956	946	114434	3320	0	121656
23097	2957	786	2390	115285	0	121418
23098	113084	749	2424	3415	0	119672
23099	2794	112606	698	3364	0	119462
23100	2881	2753	531	114914	0	121079
23101	1221	2785	528	114873	0	119407
23102	1193	1046	461	116106	0	118806
23103	987	115631	537	5262	0	122417
23104	1179	2854	409	120705	0	125147
23105	1293	2751	448	120870	0	125362
23106	1314	1011	518	122509	0	125352
23107	1355	858	421	125111	0	127745
23108	1371	845	119687	5264	0	127167
23109	113328	810	2531	3561	0	120230
23110	119170	733	2538	1559	0	124000
23111	4945	118731	786	1392	0	125854
23112	2943	2520	575	114101	0	120139
23113	1216	2455	530	114689	0	118890
23114	961	113932	696	4977	0	120566
23115	937	2297	726	114916	0	118876
23116	108401	2229	712	3208	0	114550
23117	2311	106634	751	3069	0	112765
23118	100585	1965	639	1228	0	104417
23119	2316	2045	504	99075	0	103940
23120	2106	665	98422	2526	0	103719
23121	726	98665	1928	2441	0	103760
23122	90835	1934	2305	1011	0	96085
23123	1630	87309	445	692	0	90076
23124	1521	84587	378	615	0	87101
23125	74782	2038	715	470	0	78005
23126	1239	1150	75121	363	0	77873
23127	852	70308	777	326	0	72263
23128	62296	1627	2843	592	0	67358
23129	57540	525	474	210	0	58749
23130	738	57929	60	195	0	58922
23131	505	445	80	59626	0	60656
23132	159	464	61257	485	0	62365
23133	146	130	379	60801	0	61456
23134	133	124	410	60957	0	61624
23135	145	103	105	64090	0	64443
23136	144	121	64213	861	0	65339
23137	129	105	378	62538	0	63150
23138	145	122	64265	529	0	65061
23139	129	129	61613	473	0	62344
23140	54626	123	728	298	0	55775
23141	415	63346	450	139	0	64350
23142	439	64284	130	146	0	64999
23143	309	799	95	65451	0	66654
23144	71160	489	70	694	0	72413
23145	72073	146	69	549	0	72837
23146	71794	112	58	241	0	72205
23147	72204	108	75	175	0	72562
23148	70057	102	72	167	0	70398
23149	991	122	68072	132	0	69317
23150	617	135	461	67365	0	68578
23151	167	67346	513	544	0	68570
23152	156	497	130	68677	0	69460
23153	69101	515	95	640	0	70351
23154	514	68651	100	609	0	69874
23155	577	513	77	69910	0	71077
23156	70271	536	86	620	0	71513
23157	71717	156	98	699	0	72670
23158	1065	103	90	71769	0	73027
23159	656	107	101	71349	0	72213
23160	221	105	74	72467	0	72867
23161	195	155	71101	1116	0	72567
23162	207	159	72186	692	0	73244
23163	206	106	943	73445	0	74700
23164	167	123	580	74630	0	75500
23165	74239	103	149	1169	0	75660
23166	74009	119	130	728	0	74986
23167	75022	129	86	377	0	75614
23168	76418	126	102	327	0	76973
23169	74914	118	89	260	0	75381
23170	1117	75671	124	261	0	77173
23171	77981	529	95	284	0	78889
23172	78336	575	101	253	0	79265
23173	78656	160	114	256	0	79186
23174	1209	154	93	79939	0	81395
23175	759	153	79299	696	0	80907
23176	344	125	586	80980	0	82035
23177	278	191	86178	825	0	87472
23178	292	177	669	81878	0	83016
23179	213	86154	715	741	0	87823
23180	86682	631	193	753	0	88259
23181	88287	708	126	358	0	89479
23182	1397	181	93	90087	0	91758
23183	946	136	109	95163	0	96354
23184	365	108	108	94857	0	95438
23185	256	96857	176	1428	0	98717
23186	96712	652	107	923	0	98394
23187	96574	734	117	346	0	97771
23188	1421	97309	122	336	0	99188
23189	961	697	116	98428	0	100202
23190	406	732	102	95752	0	96992
23191	291	99020	144	1387	0	100842
23192	100511	673	112	921	0	102217
23193	100626	770	108	387	0	101891
23194	1539	200	101	100740	0	102580
23195	1025	202	101274	839	0	103340
23196	406	155	99232	923	0	100716
23197	337	111	1422	104698	0	106568
23198	358	129	885	105463	0	106835
23199	357	121	197	107653	0	108328
23200	105363	119	141	1855	0	107478
23201	105261	133	139	1194	0	106727
23202	1719	109470	199	450	0	111838
23203	109333	812	260	427	0	110832
23204	1109	931	108600	278	0	110918
23205	1154	249	108214	285	0	109902
23206	350	113705	1646	298	0	115999
23207	110396	824	1137	381	0	112738
23208	780	111802	241	338	0	113161
23209	111743	769	196	349	0	113057
23210	996	908	110921	245	0	113070
23211	1069	263	108794	248	0	110374
23212	380	155	1482	107990	0	110007
23213	394	240	114488	975	0	116097
23214	321	156	840	116234	0	117551
23215	398	269	930	106594	0	108191
23216	301	118124	229	1717	0	120371
23217	348	794	189	119995	0	121326
23218	314	897	184	121424	0	122819
23219	123728	230	207	1794	0	125959
23220	1011	125278	229	1216	0	127734
23221	1207	937	170	127983	0	130297
23222	414	1072	128130	1178	0	130794
23223	108854	260	1106	1626	0	111846
23224	1194	282	128642	467	0	130585
23225	1287	230	1039	122802	0	125358
23226	375	130789	1179	1132	0	133475
23227	392	1187	269	128830	0	130678
23228	131659	1238	206	1399	0	134502
23229	130506	268	192	1444	0	132410
23230	2409	134211	237	523	0	137380
23231	138433	1204	217	648	0	140502
23232	139030	1344	241	644	0	141259
23233	141925	323	215	662	0	143125
23234	143809	274	249	485	0	144817
23235	132465	227	341	620	0	133653
23236	2488	313	139339	397	0	142537
23237	1553	275	1225	137686	0	140739
23238	592	308	1380	136871	0	139151
23239	552	268	324	138103	0	139247
23240	414	140169	298	2591	0	143472
23241	496	1235	243	140177	0	142151
23242	537	1394	139265	1445	0	142641
23243	429	137628	1181	1599	0	140837
23244	407	135258	1346	570	0	137581
23245	664	2261	442	134682	0	138049
23246	479	1341	309	134848	0	136977
23247	425	389	314	132374	0	133502
23248	375	131632	333	2517	0	134857
23249	351	133182	367	1705	0	135605
23250	132679	2188	278	650	0	135795
23251	131880	1399	255	578	0	134112
23252	2293	133809	348	540	0	136990
23253	136018	1227	299	607	0	138151
23254	137618	1319	328	714	0	139979
23255	2498	433	341	139700	0	142972
23256	1641	372	351	144688	0	147052
23257	601	341	336	146036	0	147314
23258	640	425	146087	2690	0	149842
23259	651	460	146684	1726	0	149521
23260	600	153570	2575	721	0	157466
23261	155071	1548	1651	739	0	159009
23262	1900	1775	156864	568	0	161107
23263	154131	414	1724	768	0	157037
23264	2122	441	165641	605	0	168809
23265	161759	435	1994	668	0	164856
23266	2175	170431	2083	647	0	175336
23267	170375	1970	584	762	0	173691
23268	2293	2074	481	169661	0	174509
23269	2335	586	462	172243	0	175626
23270	843	581	170431	4008	0	175863
23271	634	176860	1837	2662	0	181993
23272	763	2212	2013	178786	0	183774
23273	743	2273	178117	2246	0	183379
23274	159822	588	2015	2397	0	164822
23275	2009	176114	2087	765	0	180975
23276	174402	1895	549	747	0	177593
23277	2069	171076	457	823	0	174425
23278	2127	2145	407	169355	0	174034
23279	168077	1944	382	2248	0	172651
23280	1920	169287	468	2351	0	174026
23281	2072	1971	362	169970	0	174375
23282	810	2019	166775	2243	0	171847
23283	154236	617	1843	2246	0	158942
23284	2263	520	1799	164163	0	168745
23285	2229	600	162614	2059	0	167502
23286	859	162257	1825	2425	0	167366
23287	780	1930	1866	162987	0	167563
23288	836	1998	162447	2120	0	167401
23289	738	714	1906	156035	0	159393
23290	626	162767	1951	2107	0	167451
23291	618	165473	597	2237	0	168925
23292	791	3352	162657	686	0	167486
23293	763	2106	1795	160061	0	164725
23294	635	628	164639	2085	0	167987
23295	156835	500	1955	2056	0	161346
23296	2173	662	1789	155856	0	160480
23297	1896	155848	505	1785	0	160034
23298	645	160744	400	1813	0	163602
23299	156971	3050	334	673	0	161028
23300	1690	162724	340	653	0	165407
23301	161935	1849	420	747	0	164951
23302	1920	1808	159620	467	0	163815
23303	149982	527	1625	579	0	152713
23304	1798	156809	1686	514	0	160807
23305	156817	1723	663	583	0	159786
23306	1791	154962	373	548	0	157674
23307	1825	1838	354	152387	0	156404
23308	634	1812	290	156536	0	159272
23309	518	640	154945	3094	0	159197
23310	146252	490	1680	2078	0	150500
23311	1844	548	158632	614	0	161638
23312	157044	496	1887	552	0	159979
23313	2072	493	1765	157145	0	161475
23314	2032	409	498	157206	0	160145
23315	589	159758	521	3489	0	164357
23316	591	1954	404	163706	0	166655
23317	648	2047	456	165034	0	168185
23318	585	654	161739	3708	0	166686
23319	144786	479	1909	2445	0	149619
23320	1946	156016	2017	762	0	160741
23321	155638	1760	553	672	0	158623
23322	2096	1883	427	154528	0	158934
23323	2077	613	409	156222	0	159321
23324	153600	444	427	3598	0	158069
23325	1931	156327	500	2506	0	161264
23326	151994	1750	403	737	0	154884
23327	1979	152190	449	550	0	155168
23328	1959	151955	408	453	0	154775
23329	151077	3273	598	556	0	155504
23330	2049	2078	515	147464	0	152106
23331	2093	676	147232	1897	0	151898
23332	795	500	1761	144796	0	147852
23333	607	516	1823	143278	0	146224
23334	538	144948	556	3531	0	149573
23335	575	2083	375	148462	0	151495
23336	604	2101	305	148274	0	151284
23337	546	637	337	151403	0	152923
23338	506	542	368	154245	0	155661
23339	513	643	150655	4078	0	155889
23340	503	562	153004	2635	0	156704
23341	551	534	3658	154785	0	159528
23342	595	543	156559	2539	0	160236
23343	629	586	155366	2478	0	159059
23344	704	575	3918	154055	0	159252
23345	645	635	160725	2547	0	164552
23346	716	611	2336	150000	0	153663
23347	482	162347	2408	2406	0	167643
23348	170138	2288	644	2657	0	175727
23349	2674	2460	184751	1041	0	190926
23350	2827	770	2923	183151	0	189671
23351	800	628	191365	3280	0	196073
23352	690	505	3240	198059	0	202494
23353	644	547	3094	202236	0	206521
23354	198079	501	866	6530	0	205976
23355	3420	513	726	202497	0	207156
23356	192647	474	631	4124	0	197876
23357	193973	500	596	4034	0	199103
23358	5964	192236	652	1447	0	200299
23359	189169	3026	566	1101	0	193862
23360	3326	186740	604	1115	0	191785
23361	3098	187894	627	958	0	192577
23362	182208	5444	1068	1003	0	189723
23363	3461	3231	182539	826	0	190057
23364	3062	787	178374	672	0	182895
23365	170696	956	6067	815	0	178534
23366	174301	462	3265	749	0	178777
23367	5053	174818	820	718	0	181409
23368	179632	2658	665	795	0	183750
23369	179423	2677	581	905	0	183586
23370	177186	690	599	816	0	179291
23371	5617	472	480	171225	0	177794
23372	170088	449	513	3111	0	174161
23373	3275	173054	610	3226	0	180165
23374	3321	2633	564	177552	0	184070
23375	1441	2690	540	177323	0	181994
23376	999	177536	676	5517	0	184728
23377	995	2806	618	181174	0	185593
23378	176618	2871	605	3653	0	183747
23379	178546	867	626	3520	0	183559
23380	5432	175274	658	1509	0	182873
23381	3549	178664	627	1265	0	184105
23382	177965	5062	569	1107	0	184703
23383	3589	3278	175600	1067	0	183534
23384	3691	1001	176324	1015	0	182031
23385	1703	865	5151	171788	0	179507
23386	1457	896	3185	176774	0	182312
23387	1469	864	174605	5445	0	182383
23388	1382	169629	3045	3714	0	177770
23389	1554	3136	3083	162198	0	169971
23390	1437	3241	172617	3348	0	180643
23391	1484	1034	3079	171646	0	177243
23392	1403	927	3161	168532	0	174023
23393	1298	176169	1198	5481	0	184146
23394	1440	3122	849	176761	0	182172
23395	1390	3186	814	177884	0	183274
23396	1501	1040	837	180465	0	183843
23397	176092	865	722	6005	0	183684
23398	3780	915	659	172075	0	177429
23399	3702	174640	742	3799	0	182883
23400	174096	3070	735	3518	0	181419
23401	3812	3187	169951	1708	0	178658
23402	3816	1221	169048	1552	0	175637
23403	166988	959	5259	1568	0	174774
23404	3732	1251	3455	170938	0	179376
23405	3726	1022	172102	3784	0	180634
23406	1799	891	3175	171897	0	177762
23407	1652	897	3294	174870	0	180713
23408	171816	931	1324	6174	0	180245
23409	171613	939	1038	4222	0	177812
23410	6019	172112	1042	2128	0	181301
23411	4085	3205	1083	169500	0	177873
23412	2065	3167	170159	3731	0	179122
23413	1510	177733	3044	3944	0	186231
23414	176246	3201	3017	2045	0	184509
23415	3528	184823	1271	1683	0	191305
23416	185392	3362	1063	1625	0	191442
23417	3847	3249	183541	1506	0	192143
23418	181815	1350	3075	1502	0	187742
23419	189104	1152	3039	1463	0	194758
23420	6006	1315	191000	1398	0	199719
23421	4024	1431	3305	182106	0	190866
23422	1895	189855	3323	3562	0	198635
23423	1676	196506	1205	3662	0	203049
23424	1625	199325	1034	1774	0	203758
23425	1962	5966	906	191469	0	200303
23426	1753	3538	195868	3575	0	204734
23427	1793	1321	3018	195042	0	201174
23428	1747	1093	2928	199963	0	205731
23429	1642	1196	198287	5728	0	206853
23430	1450	195195	3246	6711	0	206602
23431	1524	3201	3003	195242	0	202970
23432	196536	3004	1163	3876	0	204579
23433	3431	1251	1038	197723	0	203443
23434	3503	1082	819	193916	0	199320
23435	1650	193160	810	5873	0	201493
23436	193423	3100	841	3816	0	201180
23437	3794	3141	746	198236	0	205917
23438	3467	1265	196605	3607	0	204944
23439	1440	195725	2923	3616	0	203704
23440	191586	2925	2964	1604	0	199079
23441	3126	3117	194017	1129	0	201389
23442	189612	1300	2982	1374	0	195268
23443	3308	1135	2882	188972	0	196297
23444	2843	193416	1329	3094	0	200682
23445	191195	2842	1091	2966	0	198094
23446	189938	2762	841	1607	0	195148
23447	4546	193201	1075	1340	0	200162
23448	2841	2334	804	183955	0	189934
23449	900	1879	517	174411	0	177707
23450	168786	591	536	3410	0	173323
23451	1838	169879	664	2278	0	174659
23452	1544	1862	324	159640	0	163370
23453	451	159685	406	1511	0	162053
23454	383	158683	370	1389	0	160825
23455	706	2184	461	154965	0	158316
23456	153447	1187	411	1453	0	156498
23457	1114	155415	321	1285	0	158135
23458	1236	1233	266	154810	0	157545
23459	447	1142	245	155925	0	157759
23460	485	478	155132	1981	0	158076
23461	469	452	149443	1257	0	151621
23462	375	154144	1852	628	0	156999
23463	485	1232	151202	457	0	153376
23464	393	1171	1077	148955	0	151596
23465	468	496	155465	1127	0	157556
23466	368	434	1010	154566	0	156378
23467	408	348	987	158447	0	160190
23468	392	389	273	159563	0	160617
23469	155985	355	257	2201	0	158798
23470	1092	367	229	156409	0	158097
23471	1223	365	217	155473	0	157278
23472	373	155246	278	2054	0	157951
23473	396	1150	226	152717	0	154489
23474	150602	1150	256	1718	0	153726
23475	1069	154453	274	1389	0	157185
23476	155823	1183	250	798	0	158054
23477	1297	1300	155217	628	0	158442
23478	1299	617	157814	619	0	160349
23479	529	448	1944	161128	0	164049
23480	451	879	1286	164631	0	167247
23481	412	166646	475	2464	0	169997
23482	467	1456	405	161546	0	163874
23483	165553	1388	357	1731	0	169029
23484	165312	524	370	1716	0	167922
23485	2365	467	369	168139	0	171340
23486	1543	533	177946	1692	0	181714
23487	554	428	1528	179409	0	181919
23488	484	465	1454	185560	0	187963
23489	452	455	436	188670	0	190013
23490	379	483	374	187448	0	188684
23491	470	467	306	184244	0	185487
23492	326	184586	390	3265	0	188567
23493	181810	1505	358	2167	0	185840
23494	184458	1529	340	1113	0	187440
23495	186580	501	317	998	0	188396
23496	2868	188625	417	929	0	192839
23497	187185	1651	273	1000	0	190109
23498	1683	188493	382	957	0	191515
23499	1863	1866	185607	788	0	190124
23500	697	1786	1538	180477	0	184498
23501	654	653	190145	2084	0	193536
23502	531	191057	1729	2223	0	195540
23503	188682	1773	1736	1116	0	193307
23504	1903	1910	194148	867	0	198828
23505	2045	689	204689	856	0	208279
23506	656	210666	3658	963	0	215943
23507	728	2239	2536	213287	0	218790
23508	733	2459	228050	2660	0	233902
23509	771	732	2485	222032	0	226020
23510	673	525	2408	248211	0	251817
23511	737	451	691	261434	0	263313
23512	265347	416	449	6316	0	272528
23513	262488	409	411	3970	0	267278
23514	6404	503	364	259932	0	267203
23515	259176	344	561	3997	0	264078
23516	3894	479	252351	3684	0	260408
23517	3641	414	250220	1063	0	255338
23518	1174	359	254769	865	0	257167
23519	874	437	257885	826	0	260022
23520	625	250958	6104	1000	0	258687
23521	1498	3023	4160	246007	0	254688
23522	829	2925	253303	3094	0	260151
23523	230817	588	3388	3394	0	238187
23524	249520	350	3263	1104	0	254237
23525	5570	246411	1169	4399	0	257549
23526	249946	2856	996	815	0	254613
23527	3504	2918	925	247687	0	255034
23528	3378	794	253716	3187	0	261075
23529	1213	568	3369	240004	0	245154
23530	703	257631	3416	3196	0	264946
23531	254415	2990	998	3431	0	261834
23532	256758	2983	756	1259	0	261756
23533	5789	258761	727	1053	0	266330
23534	262884	3079	594	1031	0	267588
23535	259310	3105	680	1028	0	264123
23536	6153	261280	806	993	0	269232
23537	3982	3166	627	250996	0	258771
23538	1219	257138	832	3365	0	262554
23539	256204	3488	708	3520	0	263920
23540	3719	3990	683	254889	0	263281
23541	256978	973	778	3666	0	262395
23542	4187	803	629	256377	0	261996
23543	3916	1008	251908	3849	0	260681
23544	243009	730	3298	3866	0	250903
23545	4040	837	254021	1284	0	260182
23546	4084	743	3597	248451	0	256875
23547	1587	836	250756	3653	0	256832
23548	1408	765	3702	248462	0	254337
23549	1366	779	250353	4050	0	256548
23550	236018	614	3913	4057	0	244602
23551	3711	246032	3780	1532	0	255055
23552	247736	3210	1366	1307	0	253619
23553	4175	3226	1172	243962	0	252535
23554	241486	943	1191	3840	0	247460
23555	3902	241680	1230	4040	0	250852
23556	3796	242534	1126	1530	0	248986
23557	1541	251472	1208	1290	0	255511
23558	249296	6237	1049	1438	0	258020
23559	4049	3893	954	248817	0	257713
23560	4138	1297	869	252909	0	259213
23561	1760	1203	248778	6544	0	258285
23562	1716	1146	248028	4160	0	255050
23563	1631	982	6115	249643	0	258371
23564	1640	1165	257330	4112	0	264247
23565	1442	251626	4113	4203	0	261384
23566	248196	3732	4105	1839	0	257872
23567	4189	3719	252470	1482	0	261860
23568	4373	1263	251784	1326	0	258746
23569	1771	952	6973	244407	0	254103
23570	251734	816	4534	4333	0	261417
23571	4253	767	1907	254205	0	261132
23572	252907	778	1671	4579	0	259935
23573	4563	950	1499	253870	0	260882
23574	4374	1065	254372	4367	0	264178
23575	1840	249934	4427	4291	0	260492
23576	1979	3721	255553	1774	0	263027
23577	1428	255226	4529	1696	0	262879
23578	1824	4556	4283	245937	0	256600
23579	243666	3490	1512	4276	0	252944
23580	4282	1282	245564	4106	0	255234
23581	4166	944	3841	242188	0	251139
23582	1996	929	3687	248978	0	255590
23583	249491	1017	1416	6722	0	258646
23584	4211	968	1397	244155	0	250731
23585	3932	249231	1505	4132	0	258800
23586	239586	3619	1391	3980	0	248576
23587	3979	3729	237754	1600	0	247062
23588	227379	1246	3600	1549	0	233774
23589	4160	235843	3598	1410	0	245011
23590	4268	3989	1323	222328	0	231908
23591	1707	239773	1105	3612	0	246197
23592	235755	3664	972	3751	0	244142
23593	4151	3664	237102	1627	0	246544
23594	229573	1638	3443	1636	0	236290
23595	3975	239463	3463	1616	0	248517
23596	4041	3388	1195	239223	0	247847
23597	243039	3298	1084	3839	0	251260
23598	245351	1131	1112	3787	0	251381
23599	6378	1052	990	244981	0	253401
23600	4209	1186	1017	245699	0	252111
23601	1673	245364	1132	6272	0	254441
23602	1772	4034	932	245686	0	252424
23603	1386	283382	1117	4317	0	290202
23604	1333	292429	995	4259	0	299016
23605	1620	9402	964	258571	0	270557
23606	1153	272467	991	4511	0	279122
23607	1988	4187	274417	3683	0	284275
23608	2394	3915	274664	1344	0	282317
23609	1061	272383	7258	2077	0	282779
23610	1365	3797	267783	808	0	273753
23611	902	3604	262993	681	0	268180
23612	753	894	252991	701	0	255339
23613	303	247337	6637	705	0	254982
23614	239463	3588	4841	650	0	248542
23615	2918	242406	999	676	0	246999
23616	3331	3689	241281	390	0	248691
23617	784	3361	3374	234982	0	242501
23618	237675	797	3416	3384	0	245272
23619	3253	699	237370	3243	0	244565
23620	3387	448	3630	232931	0	240396
23621	813	603	240942	3336	0	245694
23622	700	527	3896	234085	0	239208
23623	231368	607	3566	3823	0	239364
23624	3511	603	237823	3462	0	245399
23625	3288	240192	3739	1102	0	248321
23626	1022	3562	3677	231468	0	239729
23627	243134	3543	1018	3646	0	251341
23628	3758	1106	240088	3392	0	248344
23629	3961	836	4054	217182	0	226033
23630	856	237079	4027	3347	0	245309
23631	239923	3599	1248	3460	0	248230
23632	244058	3613	1053	1116	0	249840
23633	7220	1069	903	238031	0	247223
23634	4204	247464	1102	3976	0	256746
23635	1084	254729	885	4161	0	260859
23636	256700	7419	812	1285	0	266216
23637	4655	4683	853	248400	0	258591
23638	4280	258673	1000	4533	0	268486
23639	255401	4527	760	4558	0	265246
23640	4618	4491	811	259971	0	269891
23641	4639	1146	842	263530	0	270157
23642	1348	1003	250821	8407	0	261579
23643	783	259920	4329	5400	0	270432
23644	945	269871	4362	1520	0	276698
23645	1127	8333	1240	265490	0	276190
23646	266556	4986	900	4875	0	277317
23647	4556	267595	918	4966	0	278035
23648	269256	5004	789	1471	0	276520
23649	5170	270164	925	1167	0	277426
23650	5018	5229	839	264778	0	275864
23651	267873	5115	765	4853	0	278606
23652	5136	1618	847	270993	0	278594
23653	5063	1568	268522	5334	0	280487
23654	1612	1361	4662	256821	0	264456
23655	1083	267194	4854	5299	0	278430
23656	263127	5369	1296	4798	0	274590
23657	4836	268054	1159	1709	0	275758
23658	5049	5553	895	254899	0	266396
23659	1710	5349	956	263433	0	271448
23660	1307	1801	257763	8850	0	269721
23661	1312	1537	258392	5459	0	266700
23662	1268	2030	8736	252507	0	264541
23663	2002	1516	256120	5273	0	264911
23664	1051	250533	5417	5391	0	262392
23665	249379	5236	5054	1938	0	261607
23666	5031	5346	253234	1525	0	265136
23667	249187	2040	5020	1632	0	257879
23668	255467	1690	5319	1526	0	264002
23669	257646	1492	1907	1600	0	262645
23670	258106	1585	1549	1575	0	262815
23671	9321	1550	1519	249905	0	262295
23672	5787	1459	1538	244097	0	252881
23673	1880	248297	1857	8715	0	260749
23674	244074	5105	1774	5456	0	256409
23675	5441	5302	242239	2023	0	255005
23676	5407	1955	5195	236843	0	249400
23677	2135	1667	5395	240569	0	249766
23678	1721	1647	236705	8968	0	249041
23679	1659	236835	5407	6015	0	249916
23680	2148	5117	5322	226270	0	238857
23681	1999	5076	1951	241010	0	250036
23682	234624	1998	1481	9142	0	247245
23683	5231	233479	1402	6208	0	246320
23684	5947	5044	1191	226906	0	239088
23685	2128	234037	1631	5642	0	243438
23686	1906	5482	1317	235659	0	244364
23687	230787	5222	1319	6031	0	243359
23688	234014	1990	1376	5663	0	243043
23689	9394	1440	1158	230194	0	242186
23690	231218	1459	1130	6110	0	239917
23691	228427	1709	1122	5719	0	236977
23692	9218	225854	1106	2555	0	238733
23693	6242	5269	966	215842	0	228319
23694	2441	226046	1229	5532	0	235248
23695	2363	5489	1024	223744	0	232620
23696	217931	5398	876	5890	0	230095
23697	5549	2231	909	219835	0	228524
23698	5720	1794	794	220584	0	228892
23699	2435	2002	213050	9003	0	226490
23700	2365	205254	4022	5859	0	217500
23701	2193	212455	4078	2642	0	221368
23702	202894	7687	1271	2839	0	214691
23703	4148	4663	622	164289	0	173722
23704	156301	1289	625	3558	0	161773
23705	3361	151613	622	3896	0	159492
23706	3194	145549	631	1666	0	151040
23707	1206	150338	603	1523	0	153670
23708	131569	4409	2667	1235	0	139880
23709	2304	134566	679	1028	0	138577
23710	131646	2313	1644	1193	0	136796
23711	128704	1925	523	942	0	132094
23712	133854	695	320	880	0	135749
23713	3798	632	356	139798	0	144584
23714	2350	612	367	143852	0	147181
23715	969	515	338	146004	0	147826
23716	812	616	352	146086	0	147866
23717	141615	510	313	4498	0	146936
23718	2578	140056	413	2699	0	145746
23719	2422	2173	365	139593	0	144553
23720	139294	2016	332	2731	0	144373
23721	2597	583	303	138896	0	142379
23722	2459	492	330	139160	0	142441
23723	135299	475	303	4373	0	140450
23724	2522	549	132168	2684	0	137923
23725	2307	476	1897	129780	0	134460
23726	828	535	131914	2497	0	135774
23727	726	468	1969	127478	0	130641
23728	711	899	1794	127042	0	130446
23729	122878	337	368	3919	0	127502
23730	2147	120604	341	2397	0	125489
23731	1827	118287	287	800	0	121201
23732	112129	2647	289	733	0	115798
23733	1645	114325	287	574	0	116831
23734	114105	1482	629	813	0	117029
23735	1960	1320	111708	502	0	115490
23736	103281	275	1176	403	0	105135
23737	105037	162	917	389	0	106505
23738	106084	157	142	407	0	106790
23739	1989	166	133	102802	0	105090
23740	1127	174	92	103213	0	104606
23741	293	102986	133	1913	0	105325
23742	348	1627	85	101671	0	103731
23743	99201	884	128	1219	0	101432
23744	1013	98569	140	1029	0	100751
23745	842	98069	114	317	0	99342
23746	96484	1492	70	310	0	98356
23747	1041	850	96206	183	0	98280
23748	870	198	827	94585	0	96480
23749	272	178	97779	1019	0	99248
23750	288	195	852	94301	0	95636
23751	197	96920	753	915	0	98785
23752	238	879	96	98802	0	100015
23753	96530	776	103	1041	0	98450
23754	964	213	67	97355	0	98599
23755	933	203	99688	1073	0	101897
23756	91234	146	938	1074	0	93392
23757	1037	99854	893	389	0	102173
23758	941	105865	221	312	0	107339
23759	109385	1778	145	412	0	111720
23760	114698	1054	92	410	0	116254
23761	2312	317	114184	256	0	117069
23762	111701	186	1278	360	0	113525
23763	1482	115112	1163	354	0	118111
23764	117022	1336	219	402	0	118979
23765	1646	1210	151	110154	0	113161
23766	1372	108335	132	1417	0	111256
23767	109494	1377	114	1355	0	112340
23768	1655	1294	108742	329	0	112020
23769	1448	301	1304	108894	0	111947
23770	111398	222	1177	1665	0	114462
23771	1671	285	110836	1418	0	114210
23772	111490	236	1371	574	0	113671
23773	1725	233	1200	111179	0	114337
23774	1558	238	263	113364	0	115423
23775	512	337	113935	2691	0	117475
23776	505	246	1404	114154	0	116309
23777	114877	181	1258	1936	0	118252
23778	1521	113514	363	1708	0	117106
23779	115490	1442	233	666	0	117831
23780	115521	1302	248	597	0	117668
23781	2862	342	220	114349	0	117773
23782	1712	493	115673	1762	0	119640
23783	573	284	1483	116697	0	119037
23784	116986	238	1339	1914	0	120477
23785	1734	116046	410	1769	0	119959
23786	119626	1529	234	684	0	122073
23787	1987	1375	211	118320	0	121893
23788	1737	352	263	120979	0	123331
23789	709	283	244	122558	0	123794
23790	570	323	119472	3099	0	123464
23791	565	254	1607	121048	0	123474
23792	568	330	122104	2001	0	125003
23793	621	365	122666	1729	0	125381
23794	609	333	2931	134967	0	138840
23795	564	341	138020	2339	0	141264
23796	141221	291	2291	2454	0	146257
23797	2609	318	2112	147594	0	152633
23798	2713	284	694	144508	0	148199
23799	946	148208	537	4755	0	154446
23800	149675	2471	481	2963	0	155590
23801	153303	2471	351	1177	0	157302
23802	5001	154436	437	875	0	160749
23803	3275	2650	321	154099	0	160345
23804	1232	2693	154594	2795	0	161314
23805	148385	775	2622	2911	0	154693
23806	157495	457	2559	1170	0	161681
23807	5232	586	769	151275	0	157862
23808	3328	482	147800	2846	0	154456
23809	1233	145853	2638	3014	0	152738
23810	143677	2549	2540	1085	0	149851
23811	3097	2644	144826	782	0	151349
23812	2717	141242	2661	858	0	147478
23813	132387	2164	2854	579	0	137984
23814	132088	2135	915	539	0	135677
23815	4350	658	457	128824	0	134289
23816	2804	131240	490	2253	0	136787
23817	1171	2280	364	138439	0	142254
23818	779	2217	429	139646	0	143071
23819	751	748	339	139902	0	141740
23820	759	483	359	141883	0	143484
23821	642	479	138067	4929	0	144117
23822	744	375	2210	140564	0	143893
23823	696	378	2235	142389	0	145698
23824	731	445	140001	4723	0	145900
23825	510	139525	2475	3315	0	145825
23826	140105	2262	2401	1389	0	146157
23827	141687	2294	856	1118	0	145955
23828	4540	753	528	141451	0	147272
23829	143919	421	539	2935	0	147814
23830	3178	473	456	147719	0	151826
23831	2975	460	147536	3454	0	154425
23832	1326	439	147795	3282	0	152842
23833	797	147083	4750	1609	0	154239
23834	144309	2511	3158	1151	0	151129
23835	3090	2799	154081	1002	0	160972
23836	3273	870	3164	142254	0	149561
23837	1460	568	3198	156532	0	161758
23838	1072	514	1168	161829	0	164583
23839	1048	472	738	162410	0	164668
23840	931	428	701	162475	0	164535
23841	909	636	155237	7189	0	163971
23842	959	536	3063	158370	0	162928
23843	154206	576	3350	4461	0	162593
23844	3347	152908	1236	4484	0	161975
23845	154583	2970	970	1905	0	160428
23846	3726	155891	894	1568	0	162079
23847	156345	3555	745	1440	0	162085
23848	158660	3382	651	1494	0	164187
23849	6534	1142	704	154442	0	162822
23850	4423	742	632	157945	0	163742
23851	153675	680	700	6552	0	161607
23852	151350	670	630	4705	0	157355
23853	153946	650	701	2087	0	157384
23854	6575	148710	749	1679	0	157713
23855	4253	150061	701	1579	0	156594
23856	1947	5391	147318	1426	0	156082
23857	1574	4197	2991	143830	0	152592
23858	1231	1266	144894	3884	0	151275
23859	1065	139273	3370	4172	0	147880
23860	1013	2788	3174	133472	0	140447
23861	1093	2898	1125	134503	0	139619
23862	1108	1069	778	138276	0	141231
23863	133180	733	657	6139	0	140709
23864	133439	681	689	4374	0	139183
23865	5300	133860	746	2096	0	142002
23866	3908	2615	725	134908	0	142156
23867	1770	2982	134960	3369	0	143081
23868	1346	1331	132660	3568	0	138905
23869	132152	983	5000	1786	0	139921
23870	135276	708	3512	1593	0	141089
23871	5503	536	1277	134039	0	141355
23872	136815	520	1036	3704	0	142075
23873	3820	658	133775	3900	0	142153
23874	3672	133075	2963	2080	0	141790
23875	1767	2807	3198	132507	0	140279
23876	1324	3094	136364	3639	0	144421
23877	1275	1187	3137	138041	0	143640
23878	1270	817	3277	140077	0	145441
23879	1236	794	140045	6352	0	148427
23880	133128	659	2937	4915	0	141639
23881	142404	632	3184	2744	0	148964
23882	5592	147388	1337	2243	0	156560
23883	152398	2874	957	2027	0	158256
23884	153780	3259	890	1773	0	159702
23885	6746	1283	151317	1707	0	161053
23886	150735	905	3073	1599	0	156312
23887	4589	158227	3511	1559	0	167886
23888	161596	3318	1298	1417	0	167629
23889	164652	3562	969	1375	0	170558
23890	168960	1333	858	1322	0	172473
23891	162642	906	745	1542	0	165835
23892	166043	847	732	1576	0	169198
23893	7372	159698	822	1575	0	169467
23894	147519	2595	645	1113	0	151872
23895	3614	146041	761	1123	0	151539
23896	3008	133481	491	952	0	137932
23897	1211	140366	576	829	0	142982
23898	136686	4406	1557	827	0	143476
23899	137131	2761	557	854	0	141303
23900	4791	883	135223	707	0	141604
23901	139695	636	2181	810	0	143322
23902	139791	467	2437	862	0	143557
23903	5106	586	141823	873	0	148388
23904	3473	462	2537	139595	0	146067
23905	1554	475	2693	140229	0	144951
23906	1170	510	714	149100	0	151494
23907	1127	530	525	149766	0	151948
23908	1200	447	442	149895	0	151984
23909	1068	551	144051	5396	0	151066
23910	973	143281	2611	3516	0	150381
23911	140066	2435	2747	1080	0	146328
23912	2890	143312	831	917	0	147950
23913	143477	2723	604	782	0	147586
23914	142001	2781	476	792	0	146050
23915	5407	841	138726	761	0	145735
23916	3659	942	2384	125643	0	132628
23917	1427	134202	2693	2464	0	140786
23918	135516	2426	866	2635	0	141443
23919	136414	2607	616	1050	0	140687
23920	138524	815	548	743	0	140630
23921	5376	138055	561	648	0	144640
23922	141429	2346	526	671	0	144972
23923	141791	2611	434	623	0	145459
23924	143111	820	399	570	0	144900
23925	5736	646	395	137196	0	143973
23926	3807	584	388	139160	0	143939
23927	1832	596	380	141858	0	144666
23928	137082	631	358	4679	0	142750
23929	3152	137481	433	2986	0	144052
23930	137188	2238	291	884	0	140601
23931	133980	2424	340	576	0	137320
23932	132460	741	346	445	0	133992
23933	131184	580	283	382	0	132429
23934	5039	126234	330	463	0	132066
23935	117148	1752	198	361	0	119459
23936	2586	115316	232	422	0	118556
23937	2272	115009	191	369	0	117841
23938	115465	2960	326	429	0	119180
23939	2164	115011	228	338	0	117741
23940	2160	117162	209	326	0	119857
23941	116844	2977	494	363	0	120678
23942	117310	1860	185	367	0	119722
23943	3414	685	153	114048	0	118300
23944	2349	553	172	117140	0	120214
23945	119410	492	180	3193	0	123275
23946	123850	519	235	1979	0	126583
23947	123734	492	240	721	0	125187
23948	3493	560	120732	425	0	125210
23949	125852	538	1473	601	0	128464
23950	2411	528	1515	127257	0	131711
23951	2439	368	354	129005	0	132166
23952	1149	416	339	130526	0	132430
23953	975	400	302	131188	0	132865
23954	960	447	125931	3332	0	130670
23955	1017	496	127669	2015	0	131197
23956	970	463	2800	128149	0	132382
23957	1049	460	130153	1976	0	133638
23958	1068	473	128972	1946	0	132459
23959	1058	416	3003	124999	0	129476
23960	1018	419	1803	131897	0	135137
23961	963	432	584	136248	0	138227
23962	981	503	413	135095	0	136992
23963	134116	468	298	3771	0	138653
23964	139504	458	360	2536	0	142858
23965	3800	462	348	137561	0	142171
23966	2729	424	337	138692	0	142182
23967	1385	444	355	139472	0	141656
23968	1190	396	397	139423	0	141406
23969	1156	424	295	137877	0	139752
23970	1088	136201	361	3739	0	141389
23971	136159	1708	293	2502	0	140662
23972	2250	137519	319	1272	0	141360
23973	137147	1900	229	1047	0	140323
23974	136975	1881	201	882	0	139939
23975	137903	631	206	858	0	139598
23976	4089	523	188	130643	0	135443
23977	131623	459	196	2057	0	134335
23978	2637	468	182	129481	0	132768
23979	2523	609	160	127307	0	130599
23980	126764	486	158	3325	0	130733
23981	2371	124079	211	2131	0	128792
23982	1788	119937	143	765	0	122633
23983	117186	2129	136	636	0	120087
23984	1763	1328	116412	484	0	119987
23985	104178	508	1260	590	0	106536
23986	2008	646	1154	112814	0	116622
23987	1532	107771	226	1232	0	110761
23988	733	109604	159	1238	0	111734
23989	109610	1849	319	862	0	112640
23990	1347	1290	84	112020	0	114741
23991	1239	118324	136	1065	0	120764
23992	117897	1013	260	1153	0	120323
23993	118178	973	91	518	0	119760
23994	119224	364	94	497	0	120179
23995	119743	284	92	461	0	120580
23996	1896	115419	143	458	0	117916
23997	980	116588	104	345	0	118017
23998	118698	1340	105	345	0	120488
23999	123787	876	124	350	0	125137
24000	1855	334	123249	255	0	125693
24001	880	122090	874	199	0	124043
24002	123561	912	855	256	0	125584
24003	126867	782	130	250	0	128029
24004	1991	249	126477	165	0	128882
24005	117922	135	1219	322	0	119598
24006	1552	162	131156	164	0	133034
24007	1195	186	135369	145	0	136895
24008	322	291	2403	120963	0	123979
24009	208	129352	1411	1350	0	132321
24010	138731	1424	238	1364	0	141757
24011	1622	1244	119	138642	0	141627
24012	1449	192	109	140753	0	142503
24013	374	159	121	143202	0	143856
24014	140740	93	131	3020	0	143984
24015	1681	103	117	142204	0	144105
24016	1479	135	127	146003	0	147744
24017	391	209	145669	2870	0	149139
24018	136386	143	1648	1875	0	140052
24019	147216	164	1402	449	0	149231
24020	3398	213	148075	300	0	151986
24021	141989	118	1790	332	0	144229
24022	2103	150	1581	141385	0	145219
24023	1779	143444	336	1908	0	147467
24024	497	1781	204	145710	0	148192
24025	142704	1549	202	2089	0	146544
24026	1873	144060	267	1953	0	148153
24027	1848	2036	188	145626	0	149698
24028	572	1687	185	150125	0	152569
24029	478	284	200	151963	0	152925
24030	508	223	198	145295	0	146224
24031	355	153327	272	3600	0	157554
24032	153872	2078	190	2036	0	158176
24033	155947	1948	203	640	0	158738
24034	4062	159392	227	654	0	164335
24035	171573	2294	202	530	0	174599
24036	174916	2168	182	558	0	177824
24037	174595	417	185	573	0	175770
24038	5520	384	167904	476	0	174284
24039	3209	217	2624	166289	0	172339
24040	966	347	167327	2873	0	171513
24041	161807	309	2736	2859	0	167711
24042	3040	167775	2645	751	0	174211
24043	166668	2673	532	624	0	170497
24044	3274	170047	445	525	0	174291
24045	3239	2981	355	160974	0	167549
24046	1288	2660	369	164794	0	169111
24047	993	618	163885	5145	0	170641
24048	700	165017	2981	3403	0	172101
24049	161556	2972	3008	1066	0	168602
24050	3527	2906	161482	704	0	168619
24051	160921	806	3030	722	0	165479
24052	3726	669	2868	161394	0	168657
24053	3490	725	162154	3379	0	169748
24054	1067	161248	3123	3538	0	168976
24055	1171	3070	2814	160106	0	167161
24056	1022	2988	161415	3325	0	168750
24057	1140	964	161931	3185	0	167220
24058	1145	158671	5443	1148	0	166407
24059	1346	3012	3256	155604	0	163218
24060	1270	2880	999	151050	0	156199
24061	1105	154477	741	5442	0	161765
24062	154891	3051	794	3391	0	162127
24063	3623	3024	823	151045	0	158515
24064	3384	151892	840	3361	0	159477
24065	153154	3044	913	3414	0	160525
24066	153039	2978	920	1265	0	158202
24067	156944	1014	823	1162	0	159943
24068	6016	152728	728	1275	0	160747
24069	157345	3188	634	1331	0	162498
24070	156519	3227	684	1297	0	161727
24071	6291	1117	602	152652	0	160662
24072	157204	810	621	3857	0	162492
24073	4087	906	641	157644	0	163278
24074	3933	868	154217	3979	0	162997
24075	1880	773	157125	3663	0	163441
24076	1614	812	5662	157394	0	165482
24077	1500	924	161332	3874	0	167630
24078	152929	848	3653	3761	0	161191
24079	4313	839	3276	160078	0	168506
24080	4097	691	977	162840	0	168605
24081	1751	855	159193	6518	0	168317
24082	1390	155260	3493	4339	0	164482
24083	1304	162039	3515	1719	0	168577
24084	1389	5815	1246	156489	0	164939
24085	1459	3460	894	160679	0	166492
24086	1378	1207	156934	6387	0	165906
24087	1506	1088	159594	3902	0	166090
24088	1640	877	5795	158222	0	166534
24089	1431	963	158464	4287	0	165145
24090	153112	990	3893	3865	0	161860
24091	4255	1095	3425	153981	0	162756
24092	156373	1128	1026	4188	0	162715
24093	4529	959	932	155359	0	161779
24094	4221	843	899	156590	0	162553
24095	1726	886	152255	6894	0	161761
24096	1458	153315	4026	4349	0	163148
24097	1565	3500	3638	152518	0	161221
24098	1328	3320	151546	4248	0	160442
24099	1305	145625	3573	3696	0	154199
24100	1462	3131	3381	146785	0	154759
24101	146023	2983	1210	3777	0	153993
24102	3571	884	145644	3659	0	153758
24103	135871	632	3237	1602	0	141342
24104	3618	634	138914	1147	0	144313
24105	126989	662	3267	1101	0	132019
24106	2922	130356	3063	1191	0	137532
24107	2636	129301	1135	1015	0	134087
24108	1067	5351	1097	120946	0	128461
24109	732	126016	845	2701	0	130294
24110	122477	2566	870	2970	0	128883
24111	2673	2478	841	123230	0	129222
24112	2712	721	774	125081	0	129288
24113	1007	580	727	127618	0	129932
24114	800	659	122029	4876	0	128364
24115	864	616	2510	122786	0	126776
24116	733	732	120790	3085	0	125340
24117	632	116267	2675	2953	0	122527
24118	110515	2149	2389	1217	0	116270
24119	2329	116201	848	951	0	120329
24120	118515	2227	688	1168	0	122598
24121	118645	2163	656	1129	0	122593
24122	119998	625	642	1109	0	122374
24123	119208	516	742	1025	0	121491
24124	4168	603	115502	953	0	121226
24125	2608	554	2334	114048	0	119544
24126	1015	642	2315	114957	0	118929
24127	1090	657	784	118206	0	120737
24128	106284	586	709	4136	0	111715
24129	106402	570	606	2695	0	110273
24130	3791	111045	638	1258	0	116732
24131	2355	1715	106135	829	0	111034
24132	1115	1627	105950	759	0	109451
24133	747	104407	3224	866	0	109244
24134	647	103869	2012	926	0	107454
24135	1964	2374	1983	89938	0	96259
24136	537	1177	435	87798	0	89947
24137	90007	380	334	2214	0	92935
24138	1295	89870	393	1466	0	93024
24139	1282	1179	373	92490	0	95324
24140	546	1190	95266	1445	0	98447
24141	490	392	1326	98544	0	100752
24142	444	317	1297	100384	0	102442
24143	524	298	400	102308	0	103530
24144	545	332	392	101358	0	102627
24145	533	320	98183	2573	0	101609
24146	445	95266	1337	1653	0	98701
24147	426	96009	1264	645	0	98344
24148	92240	2007	468	538	0	95253
24149	1223	93742	439	484	0	95888
24150	1214	96645	388	595	0	98842
24151	567	2182	425	95890	0	99064
24152	502	1309	317	97200	0	99328
24153	450	469	371	97768	0	99058
24154	535	413	95830	2402	0	99180
24155	476	95612	1231	1670	0	98989
24156	544	1339	1137	92678	0	95698
24157	408	97049	433	1420	0	99310
24158	95754	1232	399	1499	0	98884
24159	1147	97107	429	807	0	99490
24160	96911	1299	359	754	0	99323
24161	1273	1292	95556	709	0	98830
24162	95235	524	1224	708	0	97691
24163	1392	511	1156	97056	0	100115
24164	1303	577	98012	1416	0	101308
24165	95603	520	1162	1404	0	98689
24166	98900	489	1147	673	0	101209
24167	99782	456	411	593	0	101242
24168	2263	457	390	97910	0	101020
24169	1360	490	97528	1478	0	100856
24170	94678	435	1155	1599	0	97867
24171	1395	412	1131	100141	0	103079
24172	1312	400	406	100232	0	102350
24173	621	490	102319	2185	0	105615
24174	498	101842	1094	1494	0	104928
24175	630	1349	1013	96766	0	99758
24176	454	101512	413	1253	0	103632
24177	98963	1197	350	1249	0	101759
24178	98974	1035	329	678	0	101016
24179	1869	388	319	98103	0	100679
24180	98460	328	281	1296	0	100365
24181	1191	97857	313	1280	0	100641
24182	98038	1012	288	554	0	99892
24183	1182	99407	241	549	0	101379
24184	1309	1143	284	98860	0	101596
24185	612	1131	262	97253	0	99258
24186	500	99064	305	1839	0	101708
24187	473	1148	332	99006	0	100959
24188	453	960	98144	1302	0	100859
24189	330	95091	892	1148	0	97461
24190	90261	745	761	465	0	92232
24191	739	91682	272	405	0	93098
24192	833	781	182	91047	0	92843
24193	362	775	91431	864	0	93432
24194	310	373	715	92147	0	93545
24195	286	276	654	93444	0	94660
24196	89824	202	236	1648	0	91910
24197	863	225	91859	1012	0	93959
24198	849	92085	739	607	0	94280
24199	343	821	95673	368	0	97205
24200	255	709	92571	269	0	93804
24201	332	299	93145	225	0	94001
24202	463	740	1347	88061	0	90611
24203	93843	135	866	857	0	95701
24204	700	94018	201	902	0	95821
24205	96487	747	146	362	0	97742
24206	97636	805	137	340	0	98918
24207	1449	227	138	94686	0	96500
24208	851	96724	145	789	0	98509
24209	95405	796	105	935	0	97241
24210	740	97747	134	376	0	98997
24211	867	877	117	94267	0	96128
24212	261	870	122	98925	0	100178
24213	202	100075	175	1611	0	102063
24214	227	825	124	101147	0	102323
24215	231	897	98223	924	0	100275
24216	247	316	98514	865	0	99942
24217	204	205	1435	99426	0	101270
24218	211	198	867	101461	0	102737
24219	255	187	97811	1556	0	99809
24220	237	224	95073	967	0	96501
24221	85588	177	1531	459	0	87755
24222	792	94429	950	269	0	96440
24223	898	99384	276	386	0	100944
24224	348	1488	208	94838	0	96882
24225	246	906	175	96628	0	97955
24226	273	240	172	98492	0	99177
24227	288	243	96680	1530	0	98741
24228	281	251	95227	986	0	96745
24229	250	185	1504	97976	0	99915
24230	258	240	98845	994	0	100337
24231	214	97169	981	1192	0	99556
24232	96580	896	1081	435	0	98992
24233	1001	929	96690	296	0	98916
24234	944	302	96210	299	0	97755
24235	305	248	1646	96424	0	98623
24236	250	254	107928	1132	0	109564
24237	188	108985	1269	1339	0	111781
24238	341	1181	1205	109281	0	112008
24239	286	1200	109536	1281	0	112303
24240	167	106321	1264	1340	0	109092
24241	103999	1185	1272	462	0	106918
24242	1145	1191	380	103462	0	106178
24243	1140	306	250	104457	0	106153
24244	103928	233	204	2166	0	106531
24245	1100	103632	206	1458	0	106396
24246	104951	1130	214	500	0	106795
24247	105044	1194	213	363	0	106814
24248	105559	311	184	345	0	106399
24249	2310	238	209	102526	0	105283
24250	100741	203	243	1282	0	102469
24251	1423	91973	244	1317	0	94957
24252	1270	97813	272	464	0	99819
24253	100467	2092	317	357	0	103233
24254	1369	1282	237	102079	0	104967
24255	1367	362	193	102896	0	104818
24256	442	278	216	104383	0	105319
24257	328	318	99334	2538	0	102518
24258	311	99616	1256	1564	0	102747
24259	296	1288	1306	101607	0	104497
24260	101431	1276	412	1516	0	104635
24261	1354	385	299	102269	0	104307
24262	1370	365	100929	1623	0	104287
24263	364	101142	1335	1578	0	104419
24264	101785	1286	1391	661	0	105123
24265	101663	1379	472	515	0	104029
24266	102409	484	369	485	0	103747
24267	2677	347	344	101609	0	104977
24268	1695	345	102320	1558	0	105918
24269	631	358	103593	1657	0	106239
24270	487	108006	2697	663	0	111853
24271	551	1737	1698	107803	0	111789
24272	507	1692	426	110390	0	113015
24273	104606	433	325	3271	0	108635
24274	1868	388	248	107647	0	110151
24275	109406	371	305	2192	0	112274
24276	2174	382	106743	2040	0	111339
24277	2151	382	108492	773	0	111798
24278	800	308	3328	106934	0	111370
24279	623	276	2045	110287	0	113231
24280	610	336	559	114535	0	116040
24281	116738	335	425	3948	0	121446
24282	122146	323	453	2456	0	125378
24283	4132	345	435	121446	0	126358
24284	2558	354	119768	2665	0	125345
24285	765	287	121416	2720	0	125188
24286	608	221	4278	119673	0	124780
24287	121725	256	2601	2753	0	127335
24288	2518	288	694	121323	0	124823
24289	2590	330	547	122521	0	125988
24290	812	367	121211	4609	0	126999
24291	633	317	121011	2933	0	124894
24292	114850	304	4398	1124	0	120676
24293	2660	360	121311	899	0	125230
24294	2723	279	2554	115288	0	120844
24295	978	314	2506	117651	0	121449
24296	116868	220	798	4501	0	122387
24297	2507	115435	720	2919	0	121581
24298	114468	2123	707	1091	0	118389
24299	2448	110901	599	905	0	114853
24300	109128	2137	558	897	0	112720
24301	2628	2032	105945	855	0	111460
24302	99311	608	2545	827	0	103291
24303	102335	294	2193	759	0	105581
24304	4004	459	747	101141	0	106351
24305	2575	323	100879	2289	0	106066
24306	954	290	2239	98880	0	102363
24307	848	359	2170	97840	0	101217
24308	720	97966	738	4194	0	103618
24309	831	1837	608	96371	0	99647
24310	814	98796	582	2478	0	102670
24311	927	2017	555	99075	0	102574
24312	96380	1912	559	2866	0	101717
24313	2494	521	511	97730	0	101256
24314	2578	383	96029	2752	0	101742
24315	94793	441	2208	2676	0	100118
24316	2709	347	99066	1193	0	103315
24317	98240	326	2370	1054	0	101990
24318	98986	320	2326	1055	0	102687
24319	4279	97159	949	1023	0	103410
24320	2796	101830	757	951	0	106334
24321	101134	3903	717	958	0	106712
24322	104134	2356	687	970	0	108147
24323	103468	552	619	1019	0	105658
24324	103431	413	583	1216	0	105643
24325	103419	397	553	1117	0	105486
24326	4869	444	605	99640	0	105558
24327	3173	469	687	102080	0	106409
24328	1411	569	100090	4393	0	106463
24329	97351	423	2386	2887	0	103047
24330	3041	420	2430	98632	0	104523
24331	3010	421	780	100229	0	104440
24332	1388	438	98356	4506	0	104688
24333	1220	95566	2415	3096	0	102297
24334	1308	98670	2517	1285	0	103780
24335	95156	3840	1165	1300	0	101461
24336	86604	2065	697	924	0	90290
24337	3824	81769	642	898	0	87133
24338	2373	82753	604	757	0	86487
24339	82436	3102	602	843	0	86983
24340	85779	1876	502	936	0	89093
24341	3793	496	427	84197	0	88913
24342	2525	382	503	85581	0	88991
24343	1150	427	489	88604	0	90670
24344	85659	406	449	3795	0	90309
24345	87018	391	449	2498	0	90356
24346	3941	401	494	87700	0	92536
24347	90824	430	466	2375	0	94095
24348	2764	434	89819	2406	0	95423
24349	2823	362	2030	90301	0	95516
24350	1285	420	91225	2431	0	95361
24351	1036	88793	2267	2542	0	94638
24352	1151	2162	2357	88208	0	93878
24353	87926	1974	737	2361	0	92998
24354	2572	481	546	88509	0	92108
24355	2630	428	477	88609	0	92144
24356	1138	452	87225	4023	0	92838
24357	1078	449	88365	2604	0	92496
24358	1059	89287	3574	989	0	94909
24359	90037	1974	2123	888	0	95022
24360	91286	1996	638	793	0	94713
24361	92846	581	464	779	0	94670
24362	92864	423	422	877	0	94586
24363	4416	410	441	89437	0	94704
24364	2876	405	423	87311	0	91015
24365	1231	90378	420	3768	0	95797
24366	90290	1904	453	2288	0	94935
24367	90160	1916	481	918	0	93475
24368	3933	522	86119	724	0	91298
24369	77861	324	1613	531	0	80329
24370	2209	79577	1611	552	0	83949
24371	2180	2395	383	75198	0	80156
24372	948	80266	299	1707	0	83220
24373	78312	1698	377	1893	0	82280
24374	1875	79349	332	715	0	82271
24375	1868	1552	270	75819	0	79509
24376	771	1440	246	77011	0	79468
24377	681	412	208	75561	0	76862
24378	593	73733	279	2861	0	77466
24379	754	2046	261	73415	0	76476
24380	950	2036	269	69929	0	73184
24381	421	62878	210	2231	0	65740
24382	355	60681	161	1223	0	62420
24383	57604	1622	190	415	0	59831
24384	1027	58781	144	382	0	60334
24385	57176	953	169	375	0	58673
24386	1152	943	56361	302	0	58758
24387	1055	56015	805	332	0	58207
24388	56007	890	895	321	0	58113
24389	55606	889	198	352	0	57045
24390	1700	297	54777	310	0	57084
24391	1132	262	783	53763	0	55940
24392	475	213	56093	943	0	57724
24393	383	54660	879	1054	0	56976
24394	53780	882	944	405	0	56011
24395	912	54617	277	361	0	56167
24396	971	901	184	53641	0	55697
24397	433	896	163	55083	0	56575
24398	391	301	54736	1561	0	56989
24399	398	247	53687	1053	0	55385
24400	51569	216	1595	428	0	53808
24401	54566	204	906	395	0	56071
24402	55131	224	251	351	0	55957
24403	54948	250	179	316	0	55693
24404	1754	54217	197	336	0	56504
24405	1158	891	155	53710	0	55914
24406	490	893	184	53429	0	54996
24407	366	55090	187	1636	0	57279
24408	55698	899	182	1102	0	57881
24409	56188	910	203	428	0	57729
24410	1754	354	55308	321	0	57737
24411	55487	241	801	318	0	56847
24412	1167	250	861	55116	0	57394
24413	1164	228	54753	913	0	57058
24414	549	371	855	54190	0	55965
24415	395	249	55396	1045	0	57085
24416	349	186	53556	971	0	55062
24417	388	700	1437	49899	0	52424
24418	299	51743	883	777	0	53702
24419	51723	718	287	857	0	53585
24420	50188	772	231	325	0	51516
24421	1418	52254	169	309	0	54150
24422	877	53157	162	272	0	54468
24423	54152	1280	220	339	0	55991
24424	54801	832	156	297	0	56086
24425	55593	287	142	219	0	56241
24426	55588	237	170	181	0	56176
24427	1530	224	100	55159	0	57013
24428	919	225	54581	785	0	56510
24429	396	54476	684	817	0	56373
24430	53716	733	746	305	0	55500
24431	776	55435	195	223	0	56629
24432	55395	769	141	257	0	56562
24433	55183	763	122	210	0	56278
24434	1436	271	55360	197	0	57264
24435	893	57035	678	229	0	58835
24436	397	795	711	56922	0	58825
24437	308	791	165	58096	0	59360
24438	284	254	160	57715	0	58413
24439	57012	243	108	1350	0	58713
24440	54745	202	109	861	0	55917
24441	55319	186	109	296	0	55910
24442	1374	54570	149	266	0	56359
24443	53170	587	108	249	0	54114
24444	709	53838	140	253	0	54940
24445	746	684	52804	200	0	54434
24446	264	52189	540	181	0	53174
24447	490	746	917	47882	0	50035
24448	155	418	126	47889	0	48588
24449	168	145	47631	735	0	48679
24450	152	108	407	46634	0	47301
24451	150	113	416	47689	0	48368
24452	47816	113	113	782	0	48824
24453	47242	129	96	499	0	47966
24454	48223	93	91	188	0	48595
24455	836	48188	121	168	0	49313
24456	47502	406	93	156	0	48157
24457	45527	399	73	171	0	46170
24458	792	46692	87	173	0	47744
24459	543	389	110	46240	0	47282
24460	274	458	82	46613	0	47427
24461	45803	103	80	795	0	46781
24462	504	165	45389	477	0	46535
24463	497	44017	368	164	0	45046
24464	216	652	347	41140	0	42355
24465	147	41969	91	375	0	42582
24466	135	42699	88	404	0	43326
24467	42649	615	158	151	0	43573
24468	42525	392	84	120	0	43121
24469	684	127	81	42713	0	43605
24470	459	107	51	42231	0	42848
24471	190	100	56	42551	0	42897
24472	178	98	82	42281	0	42639
24473	155	132	41129	716	0	42132
24474	194	101	39386	437	0	40118
24475	170	105	584	41088	0	41947
24476	194	113	43788	414	0	44509
24477	175	44528	373	462	0	45538
24478	45273	375	405	171	0	46224
24479	45460	457	93	184	0	46194
24480	821	110	106	45721	0	46758
24481	547	113	75	46441	0	47176
24482	179	110	68	46965	0	47322
24483	152	47519	89	904	0	48664
24484	47712	465	74	572	0	48823
24485	48076	516	45	189	0	48826
24486	977	136	48014	159	0	49286
24487	666	108	466	51136	0	52376
24488	224	145	53327	699	0	54395
24489	196	112	619	57340	0	58267
24490	186	132	638	57454	0	58410
24491	194	108	114	58165	0	58581
24492	221	105	96	59178	0	59600
24493	58337	106	110	1655	0	60208
24494	59374	110	105	1024	0	60613
24495	61022	90	96	354	0	61562
24496	1795	129	85	60113	0	62122
24497	1021	107	59179	940	0	61247
24498	57157	83	819	1010	0	59069
24499	962	102	872	59389	0	61325
24500	60167	94	166	970	0	61397
24501	1003	75	105	60116	0	61299
24502	979	58612	136	1020	0	60747
24503	287	61951	122	1112	0	63472
24504	333	1578	123	62070	0	64104
24505	294	922	112	62328	0	63656
24506	268	198	68	62597	0	63131
24507	201	61087	101	1786	0	63175
24508	60132	836	103	1066	0	62137
24509	867	61102	95	397	0	62461
24510	916	919	60814	278	0	62927
24511	256	875	844	60165	0	62140
24512	169	62667	885	1031	0	64752
24513	206	870	199	62850	0	64125
24514	195	907	121	63267	0	64490
24515	206	227	62294	1910	0	64637
24516	57756	140	835	1351	0	60082
24517	952	64739	909	504	0	67104
24518	66005	869	183	419	0	67476
24519	66894	931	107	377	0	68309
24520	67775	193	116	384	0	68468
24521	2071	177	63644	323	0	66215
24522	1272	149	936	62261	0	64618
24523	402	159	979	63072	0	64612
24524	328	169	61806	1981	0	64284
24525	55776	152	970	1406	0	58304
24526	1115	185	62698	498	0	64496
24527	1035	186	60460	407	0	62088
24528	298	61730	1631	403	0	64062
24529	375	926	1019	60919	0	63239
24530	285	961	62057	1048	0	64351
24531	58208	203	886	1158	0	60455
24532	60541	179	921	413	0	62054
24533	1786	204	60630	323	0	62943
24534	1102	186	911	60671	0	62870
24535	383	212	62822	1029	0	64446
24536	260	62802	984	1126	0	65172
24537	65414	947	1011	482	0	67854
24538	66376	942	275	433	0	68026
24539	67305	247	229	388	0	68169
24540	1956	201	231	65736	0	68124
24541	1236	188	219	67196	0	68839
24542	427	222	66167	2001	0	68817
24543	64357	177	994	1298	0	66826
24544	1187	175	1029	66329	0	68720
24545	66326	166	309	1181	0	67982
24546	1305	168	65870	1205	0	68548
24547	1249	180	67663	453	0	69545
24548	475	142	1905	64983	0	67505
24549	381	147	1170	68622	0	70320
24550	384	212	67999	2029	0	70624
24551	65184	148	1132	1352	0	67816
24552	1231	190	1148	65763	0	68332
24553	1186	69154	440	1138	0	71918
24554	69341	963	309	1242	0	71855
24555	1184	70966	333	491	0	72974
24556	70851	1054	366	424	0	72695
24557	1373	1041	72044	433	0	74891
24558	1330	244	71818	402	0	73794
24559	454	72930	1932	488	0	75804
24560	73007	1018	1219	414	0	75658
24561	1309	1040	72928	372	0	75649
24562	70782	270	1123	390	0	72565
24563	1325	72778	1191	362	0	75656
24564	1337	998	423	73682	0	76440
24565	547	1012	368	71443	0	73370
24566	397	74224	378	1967	0	76966
24567	76640	1012	350	1253	0	79255
24568	77882	1036	350	444	0	79712
24569	79737	282	320	428	0	80767
24570	2281	315	78816	348	0	81760
24571	1421	227	1183	78461	0	81292
24572	535	247	1255	79842	0	81879
24573	478	237	447	81888	0	83050
24574	479	253	79835	2278	0	82845
24575	432	78574	1176	1523	0	81705
24576	75848	1052	1159	494	0	78553
24577	1313	1093	76348	355	0	79109
24578	73844	296	1163	387	0	75690
24579	1274	75724	1214	424	0	78636
24580	76458	1034	459	350	0	78301
24581	1353	1183	385	74829	0	77750
24582	76070	279	390	1156	0	77895
24583	1338	238	376	75761	0	77713
24584	1248	270	76863	1126	0	79507
24585	603	691	1086	76071	0	78451
24586	497	278	76327	1148	0	78250
24587	67542	212	949	996	0	69699
24588	971	71645	985	370	0	73971
24589	942	837	284	64496	0	66559
24590	331	69268	267	614	0	70480
24591	68506	624	309	691	0	70130
24592	68203	620	235	281	0	69339
24593	1169	68083	249	269	0	69770
24594	68525	552	279	334	0	69690
24595	69588	554	231	310	0	70683
24596	1090	187	166	68679	0	70122
24597	709	157	154	69828	0	70848
24598	72060	163	168	1065	0	73456
24599	72927	118	147	688	0	73880
24600	1272	137	171	71859	0	73439
24601	838	152	137	75976	0	77103
24602	76280	134	174	1305	0	77893
24603	898	163	75550	832	0	77443
24604	71642	135	728	358	0	72863
24605	945	133	75160	270	0	76508
24606	852	73883	791	277	0	75803
24607	368	726	802	72786	0	74682
24608	334	766	75266	734	0	77100
24609	283	78099	763	816	0	79961
24610	77749	764	828	387	0	79728
24611	825	744	78162	198	0	79929
24612	75900	206	721	230	0	77057
24613	78951	160	700	206	0	80017
24614	80253	153	181	320	0	80907
24615	1451	169	169	75344	0	77133
24616	865	80894	181	699	0	82639
24617	78860	619	177	778	0	80434
24618	816	674	80348	250	0	82088
24619	72366	174	659	307	0	73506
24620	803	177	81341	227	0	82548
24621	749	80574	682	291	0	82296
24622	348	616	682	80974	0	82620
24623	289	654	229	80072	0	81244
24624	289	80596	204	1197	0	82286
24625	288	645	200	82674	0	83807
24626	286	729	83013	754	0	84782
24627	287	83268	686	785	0	85026
24628	316	699	696	81435	0	83146
24629	81445	726	218	747	0	83136
24630	84040	213	183	786	0	85222
24631	1507	192	169	84330	0	86198
24632	987	86551	164	874	0	88576
24633	398	748	129	87337	0	88612
24634	373	781	153	85802	0	87109
24635	397	219	81803	1554	0	83973
24636	304	82527	791	1042	0	84664
24637	310	713	722	81246	0	82991
24638	248	764	80539	829	0	82380
24639	233	80620	758	908	0	82519
24640	308	758	757	80848	0	82671
24641	81307	773	233	821	0	83134
24642	828	83207	169	849	0	85053
24643	911	794	135	83459	0	85299
24644	85376	770	142	886	0	87174
24645	85835	199	143	882	0	87059
24646	86434	205	147	345	0	87131
24647	85306	174	125	307	0	85912
24648	1565	169	153	83996	0	85883
24649	973	198	85429	875	0	87475
24650	377	351	719	82764	0	84211
24651	308	85073	801	862	0	87044
24652	85903	719	211	934	0	87767
24653	855	778	84095	292	0	86020
24654	79937	203	721	293	0	81154
24655	924	185	83525	253	0	84887
24656	947	175	740	81700	0	83562
24657	363	214	82962	745	0	84284
24658	289	168	750	80140	0	81347
24659	284	229	81203	828	0	82544
24660	297	170	729	79451	0	80647
24661	80474	148	754	900	0	82276
24662	805	84498	252	922	0	86477
24663	919	770	214	84954	0	86857
24664	399	754	184	85478	0	86815
24665	339	236	89260	1380	0	91215
24666	314	184	86354	901	0	87753
24667	80985	214	1321	435	0	82955
24668	764	86421	833	372	0	88390
24669	86519	637	293	271	0	87720
24670	86848	639	190	328	0	88005
24671	1331	167	197	84407	0	86102
24672	810	87503	226	744	0	89283
24673	89141	658	205	894	0	90898
24674	90373	713	176	423	0	91685
24675	92662	175	173	411	0	93421
24676	93016	168	194	309	0	93687
24677	92403	146	166	275	0	92990
24678	1456	174	90482	215	0	92327
24679	89092	140	712	240	0	90184
24680	954	208	91587	183	0	92932
24681	890	137	751	88406	0	90184
24682	398	125	741	93675	0	94939
24683	345	172	92337	1351	0	94205
24684	88378	118	767	1014	0	90277
24685	944	152	784	93553	0	95433
24686	970	154	213	95788	0	97125
24687	363	131	190	97378	0	98062
24688	319	129	192	96622	0	97262
24689	340	150	156	97331	0	97977
24690	257	208	97520	1752	0	99737
24691	308	151	888	97109	0	98456
24692	283	211	99876	1105	0	101475
24693	317	193	98872	1096	0	100478
24694	97823	121	1814	470	0	100228
24695	104253	129	1169	396	0	105947
24696	111342	124	324	426	0	112216
24697	2500	155	113395	353	0	116403
24698	1545	151	112862	306	0	114864
24699	510	175	115978	304	0	116967
24700	357	118341	2769	387	0	121854
24701	809	1613	1991	116608	0	121021
24702	122217	1260	515	1567	0	125559
24703	1646	242	291	126898	0	129077
24704	1589	129151	317	1854	0	132911
24705	130650	1577	276	1857	0	134360
24706	1847	1689	265	129052	0	132853
24707	1850	132910	400	1902	0	137062
24708	614	1630	351	135515	0	138110
24709	443	1723	311	133597	0	136074
24710	130080	375	298	3465	0	134218
24711	1966	231	324	132438	0	134959
24712	1953	293	131006	2184	0	135436
24713	647	246	1814	129681	0	132388
24714	447	127477	1903	2139	0	131966
24715	494	131156	613	2202	0	134465
24716	500	3231	448	126691	0	130870
24717	398	2043	386	124896	0	127723
24718	403	125420	420	3578	0	129821
24719	475	126466	362	2338	0	129641
24720	497	128415	350	868	0	130130
24721	637	3673	314	116749	0	121373
24722	457	126776	380	2022	0	129635
24723	123958	2099	322	2092	0	128471
24724	1999	2183	126150	815	0	131147
24725	2012	787	1817	121285	0	125901
24726	584	126332	1863	2261	0	131040
24727	124362	2011	502	2334	0	129209
24728	2156	2212	125495	924	0	130787
24729	1994	125662	1922	896	0	130474
24730	122590	2027	1863	826	0	127306
24731	1696	123511	587	861	0	126655
24732	1719	124141	425	869	0	127154
24733	723	3636	369	121228	0	125956
24734	475	125100	395	2114	0	128084
24735	122702	2224	361	2163	0	127450
24736	1925	2196	357	122736	0	127214
24737	1894	983	121993	2034	0	126904
24738	684	868	122331	2044	0	125927
24739	514	959	3069	120921	0	125463
24740	612	888	124363	2046	0	127909
24741	609	818	1882	123670	0	126979
24742	120255	738	1775	2318	0	125086
24743	1897	779	121554	2098	0	126328
24744	1932	724	1779	117756	0	122191
24745	646	119206	1893	2054	0	123799
24746	586	2059	674	122213	0	125532
24747	590	2035	555	120910	0	124090
24748	581	120037	609	3387	0	124614
24749	597	2048	546	123822	0	127013
24750	503	2091	605	123957	0	127156
24751	519	1019	121605	3507	0	126650
24752	465	120498	1928	2404	0	125295
24753	120315	2126	1854	1156	0	125451
24754	1868	2134	701	121471	0	126174
24755	1893	974	122362	2343	0	127572
24756	697	820	1903	121412	0	124832
24757	600	803	122638	2530	0	126571
24758	114644	800	2084	2458	0	119986
24759	1837	121987	1982	1254	0	127060
24760	1934	2031	793	122604	0	127362
24761	816	2062	739	125186	0	128803
24762	119299	923	691	3692	0	124605
24763	2066	762	641	121702	0	125171
24764	1976	879	119305	2679	0	124839
24765	757	858	1993	113145	0	116753
24766	554	112732	2034	2625	0	117945
24767	516	116243	840	2599	0	120198
24768	651	118680	691	1406	0	121428
24769	607	3792	572	115812	0	120783
24770	610	2485	114826	2571	0	120492
24771	499	114781	1925	2645	0	119850
24772	112025	2270	1887	1386	0	117568
24773	1724	115255	749	1392	0	119120
24774	114971	2325	618	1340	0	119254
24775	114079	2177	625	1202	0	118083
24776	3313	1084	112806	1032	0	118235
24777	115415	933	1950	1230	0	119528
24778	120431	893	1933	1343	0	124600
24779	119111	828	786	1237	0	121962
24780	122013	803	663	1191	0	124670
24781	3584	999	119829	978	0	125390
24782	117200	851	1899	975	0	120925
24783	122747	911	1912	971	0	126541
24784	3405	125652	706	966	0	130729
24785	2237	2347	486	123667	0	128737
24786	970	2449	503	123235	0	127157
24787	758	125561	638	3700	0	130657
24788	123774	2256	527	2400	0	128957
24789	2148	126487	652	1009	0	130296
24790	122960	2255	591	687	0	126493
24791	123201	2156	532	703	0	126592
24792	3541	124731	572	756	0	129600
24793	2310	2127	495	123556	0	128488
24794	1066	1964	124543	2154	0	129727
24795	768	120431	1915	2173	0	125287
24796	924	2743	1657	108610	0	113934
24797	579	113393	563	1453	0	115988
24798	548	117648	417	1530	0	120143
24799	827	3832	618	111258	0	116535
24800	537	1628	113384	1631	0	117180
24801	374	109658	1511	1529	0	113072
24802	275	108551	1491	447	0	110764
24803	99395	2183	521	241	0	102340
24804	1125	1280	150	102529	0	105084
24805	1199	312	68	104675	0	106254
24806	314	189	78	107697	0	108278
24807	220	234	106436	2638	0	109528
24808	258	212	1337	107740	0	109547
24809	164	110926	1407	1676	0	114173
24810	114323	1482	254	1548	0	117607
24811	1693	1561	135	114291	0	117680
24812	1703	423	113549	1693	0	117368
24813	112141	210	1598	1769	0	115718
24814	1842	193	1609	116850	0	120494
24815	1827	220	122473	1825	0	126345
24816	448	244	123520	1759	0	125971
24817	120970	180	3546	447	0	125143
24818	127533	183	1949	374	0	130039
24819	128223	250	361	277	0	129111
24820	129175	214	229	360	0	129978
24821	3916	280	125756	375	0	130327
24822	2163	126910	1883	462	0	131418
24823	127115	1916	1860	371	0	131262
24824	1995	127982	377	332	0	130686
24825	126815	2073	279	332	0	129499
24826	2105	127866	297	342	0	130610
24827	2158	2160	214	126024	0	130556
24828	566	2056	203	127183	0	130008
24829	498	454	227	126761	0	127940
24830	367	124130	300	3736	0	128533
24831	369	126862	270	2284	0	129785
24832	443	3702	203	120201	0	124549
24833	387	124738	294	2082	0	127501
24834	435	2324	122803	1992	0	127554
24835	444	2137	1942	122331	0	126854
24836	447	670	124986	2194	0	128297
24837	119545	505	2114	2223	0	124387
24838	123213	430	2072	806	0	126521
24839	3853	541	122615	618	0	127627
24840	2357	600	121962	553	0	125472
24841	722	544	3687	119577	0	124530
24842	537	553	122499	2275	0	125864
24843	588	519	2287	115577	0	118971
24844	552	110915	2323	2273	0	116063
24845	650	2375	625	121155	0	124805
24846	613	2275	490	121763	0	125141
24847	677	691	407	123254	0	125029
24848	563	683	118023	4243	0	123512
24849	558	553	2181	117087	0	120379
24850	579	601	2205	116548	0	119933
24851	668	641	695	113271	0	115275
24852	594	116993	581	3908	0	122076
24853	117601	2294	482	2537	0	122914
24854	118324	2305	522	1060	0	122211
24855	118924	753	536	1060	0	121273
24856	4237	660	612	115195	0	120704
24857	2579	643	114681	2619	0	120522
24858	1710	747	113855	2602	0	118914
24859	724	114473	3928	1202	0	120327
24860	110967	2263	2442	1052	0	116724
24861	2239	114498	863	1144	0	118744
24862	114737	2377	707	1001	0	118822
24863	2564	114735	680	1041	0	119020
24864	113575	2412	721	916	0	117624
24865	2536	117038	800	1009	0	121383
24866	2575	2615	746	115789	0	121725
24867	1148	2530	114743	2671	0	121092
24868	1082	984	115565	2676	0	120307
24869	1036	861	4118	112846	0	118861
24870	1056	775	2643	114691	0	119165
24871	1094	764	960	117655	0	120473
24872	1164	714	113838	4481	0	120197
24873	1103	728	2328	113930	0	118089
24874	110138	670	2427	2979	0	116214
24875	111212	770	993	2790	0	115765
24876	4117	109081	886	1345	0	115429
24877	107805	2299	835	1064	0	112003
24878	2739	106313	865	1065	0	110982
24879	105822	2497	741	1060	0	110120
24880	105862	2296	771	1068	0	109997
24881	104050	876	814	1009	0	106749
24882	4359	824	102959	930	0	109072
24883	2670	798	101184	945	0	105597
24884	98100	654	3733	876	0	103363
24885	102782	638	2452	899	0	106771
24886	4098	808	890	101529	0	107325
24887	2823	678	644	105606	0	109751
24888	1308	750	620	108118	0	110796
24889	1011	712	684	109269	0	111676
24890	1007	747	654	110779	0	113187
24891	104779	682	660	4508	0	110629
24892	2512	684	583	105545	0	109324
24893	2295	664	102288	2805	0	108052
24894	98201	540	2091	2670	0	103502
24895	101728	482	2182	1226	0	105618
24896	3822	101022	783	1207	0	106834
24897	2209	101629	576	1007	0	105421
24898	93501	3002	567	701	0	97771
24899	1794	97694	486	706	0	100680
24900	95737	1786	681	675	0	98879
24901	100902	1608	635	651	0	103796
24902	102267	356	437	693	0	103753
24903	3843	322	382	95624	0	100171
24904	2128	96257	398	2034	0	100817
24905	96090	1660	302	1922	0	99974
24906	2124	1611	321	95527	0	99583
24907	1978	296	273	92631	0	95178
24908	86474	155	176	3012	0	89817
24909	1540	85463	225	1776	0	89004
24910	1397	1451	107	84947	0	87902
24911	85317	1247	136	1626	0	88326
24912	1501	86722	140	1615	0	89978
24913	88520	1356	207	614	0	90697
24914	1727	1355	81790	374	0	85246
24915	81436	255	1066	365	0	83122
24916	1545	82702	1112	373	0	85732
24917	83335	1335	385	355	0	85410
24918	81997	1312	85	252	0	83646
24919	2545	83386	100	307	0	86338
24920	84230	1311	88	289	0	85918
24921	1586	83109	123	252	0	85070
24922	85650	1461	71	346	0	87528
24923	1722	1329	89	84781	0	87921
24924	1562	350	81	85595	0	87588
24925	621	260	52	87172	0	88105
24926	421	346	83151	2618	0	86536
24927	515	261	1217	84124	0	86117
24928	478	279	84563	1564	0	86884
24929	473	254	1349	82580	0	84656
24930	451	83743	1229	1488	0	86911
24931	469	1433	193	86017	0	88112
24932	499	1390	84689	1577	0	88155
24933	444	424	86415	1465	0	88748
24934	470	261	2382	85930	0	89043
24935	85812	256	1397	1558	0	89023
24936	86482	232	302	1558	0	88574
24937	2691	86274	205	609	0	89779
24938	1748	1409	191	87336	0	90684
24939	589	1435	88725	1580	0	92329
24940	544	400	1372	89729	0	92045
24941	516	292	90288	1779	0	92875
24942	86997	297	1551	1651	0	90496
24943	1820	317	1333	90276	0	93746
24944	1817	344	88875	1674	0	92710
24945	683	345	1440	89537	0	92005
24946	574	300	1402	90886	0	93162
24947	587	306	89487	2982	0	93362
24948	520	280	1468	90139	0	92407
24949	89644	292	1475	1938	0	93349
24950	90804	311	443	1818	0	93376
24951	2967	300	325	90638	0	94230
24952	92056	311	314	1900	0	94581
24953	1922	363	91166	1811	0	95262
24954	1817	348	90798	737	0	93700
24955	90249	293	2803	703	0	94048
24956	94336	257	1706	705	0	97004
24957	3058	326	483	92467	0	96334
24958	2020	284	331	94302	0	96937
24959	813	345	92376	3102	0	96636
24960	783	380	1615	85188	0	87966
24961	615	93004	1656	1684	0	96959
24962	93873	1584	515	1625	0	97597
24963	98371	1496	402	711	0	100980
24964	3244	98205	398	689	0	102536
24965	96748	1742	366	731	0	99587
24966	95635	1588	413	733	0	98369
24967	3271	95995	479	759	0	100504
24968	96840	1712	432	743	0	99727
24969	2128	97575	469	650	0	100822
24970	98365	1864	366	712	0	101307
24971	2312	1766	96627	625	0	101330
24972	2091	446	1794	96867	0	101198
24973	883	350	1743	100620	0	103596
24974	741	368	523	105821	0	107453
24975	103510	287	441	3837	0	108075
24976	2445	270	382	107395	0	110492
24977	2268	369	105138	2497	0	110272
24978	104308	316	2070	2334	0	109028
24979	2492	361	1931	104463	0	109247
24980	2239	102724	594	2392	0	107949
24981	768	107151	525	2353	0	110797
24982	748	3397	438	104046	0	108629
24983	846	1917	459	104481	0	107703
24984	860	443	429	106021	0	107753
24985	753	328	98950	3885	0	103916
24986	621	97118	1991	2400	0	102130
24987	93714	1659	1626	818	0	97817
24988	92154	1581	481	685	0	94901
24989	3073	90719	377	720	0	94889
24990	1787	92136	384	657	0	94964
24991	923	2951	651	89769	0	94294
24992	554	1473	89088	1927	0	93042
24993	84800	690	1700	1820	0	89010
24994	87640	255	1490	704	0	90089
24995	2732	304	453	86292	0	89781
24996	1635	218	294	87079	0	89226
24997	84057	181	331	2755	0	87324
24998	1660	278	83309	1714	0	86961
24999	80382	233	1376	743	0	82734
25000	1597	80997	1370	546	0	84510
25001	1159	1074	238	72953	0	75424
25002	376	75208	211	1181	0	76976
25003	75363	1050	209	1218	0	77840
25004	1211	1011	257	73758	0	76237
25005	1191	261	243	72184	0	73879
25006	455	73089	214	1888	0	75646
25007	73853	996	222	1150	0	76221
25008	74288	948	193	444	0	75873
25009	2064	307	72851	387	0	75609
25010	1148	271	68733	371	0	70523
25011	68504	179	1671	365	0	70719
25012	1210	200	70053	284	0	71747
25013	1078	191	66731	289	0	68289
25014	65709	204	1862	362	0	68137
25015	1102	219	73705	362	0	75388
25016	1012	167	1385	72091	0	74655
25017	373	146	1137	74202	0	75858
25018	76658	125	357	2435	0	79575
25019	1683	207	76583	1400	0	79873
25020	79875	213	1526	466	0	82080
25021	1964	197	1355	78946	0	82462
25022	79906	191	413	1737	0	82247
25023	80170	168	244	1535	0	82117
25024	81593	173	183	533	0	82482
25025	3366	165	198	78840	0	82569
25026	80721	194	190	1836	0	82941
25027	2296	172	152	80710	0	83330
25028	1956	170	221	80634	0	82981
25029	808	181	301	81986	0	83276
25030	725	153	226	82142	0	83246
25031	79172	157	209	3416	0	82954
25032	80030	158	247	1941	0	82376
25033	3268	214	78885	750	0	83117
25034	80382	148	1693	611	0	82834
25035	81436	121	1527	684	0	83768
25036	3405	115	468	78069	0	82057
25037	2126	78302	294	2031	0	82753
25038	79544	1598	246	1774	0	83162
25039	2227	1457	326	77193	0	81203
25040	77516	344	276	1993	0	80129
25041	2352	75840	340	1807	0	80339
25042	77930	1607	293	762	0	80592
25043	2391	1503	255	74869	0	79018
25044	1991	74857	258	2040	0	79146
25045	76349	1716	243	1852	0	80160
25046	2164	76461	289	851	0	79765
25047	1863	79704	319	749	0	82635
25048	79423	2897	356	790	0	83466
25049	2221	1756	77883	767	0	82627
25050	80003	583	1724	680	0	82990
25051	2714	341	1525	78948	0	83528
25052	2244	320	79606	2007	0	84177
25053	1222	328	1855	78879	0	82284
25054	1128	306	1494	81239	0	84167
25055	1033	370	78965	3440	0	83808
25056	78607	269	1821	2194	0	82891
25057	2610	248	1603	79906	0	84367
25058	2341	229	525	81102	0	84197
25059	1252	237	329	81281	0	83099
25060	79267	264	315	3977	0	83823
25061	2390	308	77443	2548	0	82689
25062	2193	227	77636	1238	0	81294
25063	974	224	2750	73176	0	77124
25064	985	208	74136	2081	0	77410
25065	71747	170	1891	1957	0	75765
25066	2138	72706	1687	927	0	77458
25067	73683	1493	680	706	0	76562
25068	2526	1362	421	69942	0	74251
25069	2030	71183	436	1939	0	75588
25070	1135	2004	402	70683	0	74224
25071	982	72579	397	2085	0	76043
25072	972	1943	330	73051	0	76296
25073	973	1482	70423	2158	0	75036
25074	803	665	66924	1764	0	70156
25075	775	67044	2424	959	0	71202
25076	64170	1395	1548	845	0	67958
25077	1759	1399	527	62963	0	66648
25078	1696	593	363	63923	0	66575
25079	63953	516	342	2513	0	67324
25080	64281	469	386	1716	0	66852
25081	2772	364	416	63393	0	66945
25082	1911	311	62516	1720	0	66458
25083	1034	62277	1498	1622	0	66431
25084	781	1370	1361	61893	0	65405
25085	785	1259	659	60391	0	63094
25086	708	63988	439	2647	0	67782
25087	64462	1410	420	1872	0	68164
25088	1830	1320	64644	879	0	68673
25089	1693	627	1429	64044	0	67793
25090	856	390	1277	64735	0	67258
25091	630	436	63752	2975	0	67793
25092	672	400	1494	65403	0	67969
25093	65650	368	1399	2132	0	69549
25094	65845	358	744	1774	0	68721
25095	67489	348	595	1082	0	69514
25096	2846	65402	605	964	0	69817
25097	70813	1437	604	787	0	73641
25098	2216	1340	466	69625	0	73647
25099	1904	620	457	67265	0	70246
25100	994	74969	467	2883	0	79313
25101	79633	1725	385	2047	0	83790
25102	83067	1702	443	955	0	86167
25103	84636	676	387	900	0	86599
25104	86840	595	370	927	0	88732
25105	86714	431	457	953	0	88555
25106	3878	504	83572	815	0	88769
25107	85497	413	2000	748	0	88658
25108	86015	480	1842	738	0	89075
25109	85733	343	704	708	0	87488
25110	4024	335	485	82824	0	87668
25111	2766	302	443	83053	0	86564
25112	1315	312	80249	3407	0	85283
25113	66041	415	1775	2337	0	70568
25114	1921	78685	1738	1124	0	83468
25115	1466	72142	489	641	0	74738
25116	772	1990	72120	446	0	75328
25117	580	72902	1167	464	0	75113
25118	488	70738	1162	389	0	72777
25119	969	2751	1015	60323	0	65058
25120	289	65890	222	873	0	67274
25121	65103	1026	159	905	0	67193
25122	64520	924	148	348	0	65940
25123	1727	304	109	63646	0	65786
25124	1112	265	63350	938	0	65665
25125	61689	183	906	982	0	63760
25126	1120	180	64171	375	0	65846
25127	1129	162	64275	285	0	65851
25128	509	169	1610	60421	0	62709
25129	405	219	986	63321	0	64931
25130	391	149	64003	1590	0	66133
25131	380	62505	900	1051	0	64836
25132	303	66585	921	454	0	68263
25133	65941	1538	422	406	0	68307
25134	66498	894	220	294	0	67906
25135	1696	259	65319	230	0	67504
25136	65019	174	777	238	0	66208
25137	68400	187	802	282	0	69671
25138	1765	202	221	66486	0	68674
25139	1184	146	142	68543	0	70015
25140	557	158	140	69491	0	70346
25141	68938	180	129	1592	0	70839
25142	69973	161	120	1022	0	71276
25143	71141	128	127	351	0	71747
25144	1980	111	154	70165	0	72410
25145	1388	133	69223	892	0	71636
25146	68093	111	818	924	0	69946
25147	68245	94	853	346	0	69538
25148	1856	138	277	66363	0	68634
25149	1273	67687	248	923	0	70131
25150	613	776	183	67460	0	69032
25151	497	68367	187	1000	0	70051
25152	469	991	197	65727	0	67384
25153	400	68439	224	1006	0	70069
25154	67166	874	204	954	0	69198
25155	1071	926	176	67327	0	69500
25156	1029	68060	196	849	0	70134
25157	453	884	67702	869	0	69908
25158	64293	915	838	355	0	66401
25159	996	397	807	67211	0	69411
25160	988	67622	268	848	0	69726
25161	472	825	185	65929	0	67411
25162	435	66634	171	881	0	68121
25163	10579	59442	217	853	0	71091
25164	69504	1312	223	412	0	71451
25165	70419	818	246	338	0	71821
25166	1553	363	70850	234	0	73000
25167	70426	238	832	245	0	71741
25168	71059	223	873	251	0	72406
25169	1527	70947	332	291	0	73097
25170	1039	798	233	71709	0	73779
25171	549	805	204	71615	0	73173
25172	461	321	71148	1398	0	73328
25173	473	278	69701	903	0	71355
25174	70176	203	1439	338	0	72156
25175	72359	159	913	280	0	73711
25176	72756	131	359	280	0	73526
25177	1718	160	70971	298	0	73147
25178	1118	141	802	70159	0	72220
25179	71293	142	822	899	0	73156
25180	994	134	254	71637	0	73019
25181	955	181	70261	987	0	72384
25182	65647	178	759	974	0	67558
25183	1034	220	73249	342	0	74845
25184	1006	71764	780	309	0	73859
25185	72433	716	806	299	0	74254
25186	996	761	71854	261	0	73872
25187	1011	270	791	70684	0	72756
25188	71875	172	803	831	0	73681
25189	944	166	228	72958	0	74296
25190	73878	194	143	1023	0	75238
25191	967	193	131	73603	0	74894
25192	75631	196	143	1106	0	77076
25193	75470	195	127	981	0	76773
25194	75892	207	112	410	0	76621
25195	74445	180	156	308	0	75089
25196	1735	335	199	73676	0	75945
25197	908	168	71429	699	0	73204
25198	462	166	71973	689	0	73290
25199	311	71838	1114	302	0	73565
25200	188	66017	642	150	0	66997
25201	61048	586	1092	113	0	62839
25202	338	302	68	59422	0	60130
25203	302	57	59880	248	0	60487
25204	94	111	60414	274	0	60893
25205	109	185	470	60523	0	61287
25206	61205	37	272	268	0	61782
25207	215	62219	73	323	0	62830
25208	66836	200	34	264	0	67334
25209	275	251	37	68137	0	68700
25210	288	50	48	68451	0	68837
25211	99	42	52	69019	0	69212
25212	79	66	69227	480	0	69852
25213	102	64	69017	313	0	69496
25214	63	69505	478	165	0	70211
25215	82	234	299	71022	0	71637
25216	70020	279	68	327	0	70694
25217	277	101	68671	311	0	69360
25218	350	84	70377	133	0	70944
25219	107	47	540	70953	0	71647
25220	93	43	374	73348	0	73858
25221	80	43	97	74009	0	74229
25222	63	48	58	79402	0	79571
25223	79472	39	74	889	0	80474
25224	496	36	52	80388	0	80972
25225	80023	33	89	586	0	80731
25226	551	87	80708	550	0	81896
25227	526	81266	520	172	0	82484
25228	135	494	510	81401	0	82540
25229	144	528	82696	537	0	83905
25230	153	113	83031	613	0	83910
25231	95	85137	979	170	0	86381
25232	98	467	548	83322	0	84435
25233	108	527	102	83883	0	84620
25234	111	109	85183	1032	0	86435
25235	81125	56	586	648	0	82415
25236	562	75	593	85572	0	86802
25237	606	59	112	84246	0	85023
25238	132	93	86328	1130	0	87683
25239	88	86544	743	712	0	88087
25240	72	93291	687	194	0	94244
25241	93577	1488	131	223	0	95419
25242	980	849	106	94132	0	96067
25243	98283	152	129	1113	0	99677
25244	1238	120	96834	969	0	99161
25245	1063	82	1075	96661	0	98881
25246	97191	63	1022	1216	0	99492
25247	98040	78	242	1112	0	99472
25248	2080	96	134	97461	0	99771
25249	1149	128	97738	1196	0	100211
25250	339	109	99797	1091	0	101336
25251	216	124	2037	98875	0	101252
25252	211	113	100969	1201	0	102494
25253	95074	76	1250	1197	0	97597
25254	1149	98619	1114	446	0	101328
25255	100558	1059	268	321	0	102206
25256	100297	1006	219	345	0	101867
25257	2133	209	212	100146	0	102700
25258	1221	127	236	101263	0	102847
25259	101139	163	219	2199	0	103720
25260	1240	155	199	101898	0	103492
25261	1173	186	101136	1398	0	103893
25262	332	101799	1240	1247	0	104618
25263	306	1208	1114	100379	0	103007
25264	277	1065	314	100505	0	102161
25265	364	226	217	101413	0	102220
25266	327	201	98162	2394	0	101084
25267	307	97642	1228	1544	0	100721
25268	332	1120	1177	98647	0	101276
25269	348	1096	98064	1424	0	100932
25270	323	261	1299	98216	0	100099
25271	97705	195	1215	1557	0	100672
25272	1340	206	368	99044	0	100958
25273	1274	199	97541	1526	0	100540
25274	94696	174	1336	1482	0	97688
25275	1337	99448	1266	600	0	102651
25276	1235	101895	516	482	0	104128
25277	101617	2072	302	585	0	104576
25278	1451	1271	102981	457	0	106160
25279	1421	289	1345	101471	0	104526
25280	578	207	1240	104223	0	106248
25281	437	272	104812	2464	0	107985
25282	366	104806	1448	1703	0	108323
25283	486	1265	1349	96583	0	99683
25284	440	1214	103097	1594	0	106345
25285	438	337	1394	102860	0	105029
25286	102453	278	1363	1704	0	105798
25287	1486	346	105179	1600	0	108611
25288	1414	318	1394	105617	0	108743
25289	550	321	1249	106606	0	108726
25290	481	347	104731	2700	0	108259
25291	511	337	1486	98809	0	101143
25292	439	97358	1437	1901	0	101135
25293	628	1310	622	91967	0	94527
25294	390	103089	558	1649	0	105686
25295	101894	1339	488	1579	0	105300
25296	97149	1247	558	788	0	99742
25297	2436	401	99395	794	0	103026
25298	1455	330	97796	798	0	100379
25299	591	347	98089	651	0	99678
25300	480	96512	2553	752	0	100297
25301	559	1340	1605	98789	0	102293
25302	491	1208	100535	1604	0	103838
25303	630	384	1537	96865	0	99416
25304	551	366	1408	98898	0	101223
25305	625	361	99202	2538	0	102726
25306	599	371	1470	99419	0	101859
25307	502	383	1455	96433	0	98773
25308	571	94476	750	2661	0	98458
25309	680	1292	532	95769	0	98273
25310	516	1308	616	96164	0	98604
25311	549	453	95485	2754	0	99241
25312	515	377	1499	93961	0	96352
25313	476	324	95583	2165	0	98548
25314	453	405	93514	1924	0	96296
25315	89983	372	2414	1115	0	93884
25316	1421	460	1621	87074	0	90576
25317	1278	93860	793	1833	0	97764
25318	534	94021	676	1736	0	96967
25319	547	2353	716	92749	0	96365
25320	520	1411	93247	1961	0	97139
25321	489	92977	1622	1932	0	97020
25322	536	1203	1379	87356	0	90474
25323	405	1109	92435	1579	0	95528
25324	412	94606	1266	1549	0	97833
25325	99748	1240	1449	853	0	103290
25326	100013	1195	635	813	0	102656
25327	98647	453	458	930	0	100488
25328	2128	402	557	105077	0	108164
25329	1315	361	570	105184	0	107430
25330	513	363	470	103676	0	105022
25331	312	432	101668	2729	0	105141
25332	100253	447	1541	1901	0	104142
25333	1553	346	1460	98893	0	102252
25334	1356	366	98008	1638	0	101368
25335	100324	358	1469	1733	0	103884
25336	103484	295	1478	972	0	106229
25337	2448	608	83594	823	0	87473
25338	100144	319	1138	917	0	102518
25339	1317	104178	1226	881	0	107602
25340	968	808	100482	555	0	102813
25341	95422	931	1390	646	0	98389
25342	900	99566	1057	580	0	102103
25343	721	675	384	93825	0	95605
25344	168	97440	299	897	0	98804
25345	213	756	240	98251	0	99460
25346	153	738	98258	892	0	100041
25347	87620	182	863	1087	0	89752
25348	761	285	98650	380	0	100076
25349	700	95945	765	368	0	97778
25350	148	96315	832	356	0	97651
25351	94614	1234	251	324	0	96423
25352	695	815	94480	211	0	96201
25353	742	173	763	92715	0	94393
25354	186	221	95309	794	0	96510
25355	110	96283	792	908	0	98093
25356	316	707	783	86778	0	88584
25357	120	96660	263	663	0	97706
25358	97949	718	259	795	0	99721
25359	98492	744	245	376	0	99857
25360	98720	201	223	324	0	99468
25361	1344	230	97425	271	0	99270
25362	768	231	94346	302	0	95647
25363	93211	126	1403	322	0	95062
25364	790	188	99650	267	0	100895
25365	893	149	870	91292	0	93204
25366	172	98432	912	749	0	100265
25367	100514	715	314	871	0	102414
25368	100508	773	260	334	0	101875
25369	103324	166	210	370	0	104070
25370	1497	153	205	103124	0	104979
25371	879	111	198	103480	0	104668
25372	102039	123	209	1586	0	103957
25373	782	101476	213	1007	0	103478
25374	101095	725	182	339	0	102341
25375	816	723	130	99347	0	101016
25376	791	143	93	99676	0	100703
25377	97816	92	117	1460	0	99485
25378	750	97247	143	865	0	99005
25379	98155	717	150	284	0	99306
25380	818	98858	154	206	0	100036
25381	97746	751	134	195	0	98826
25382	874	721	99	99939	0	101633
25383	101647	175	126	848	0	102796
25384	106448	133	111	850	0	107542
25385	113720	133	88	249	0	114190
25386	1874	117346	131	244	0	119595
25387	1209	1157	114670	153	0	117189
25388	112997	1210	1230	206	0	115643
25389	116498	168	1149	197	0	118012
25390	2206	116049	227	165	0	118647
25391	1327	1151	133	116310	0	118921
25392	339	1199	103	117219	0	118860
25393	116816	193	157	2245	0	119411
25394	1414	157	128	119161	0	120860
25395	1376	186	119227	1295	0	122084
25396	357	224	118004	1298	0	119883
25397	119654	111	2303	397	0	122465
25398	1390	117	1345	121705	0	124557
25399	1404	146	239	123259	0	125048
25400	400	106	188	125554	0	126248
25401	299	161	125893	2530	0	128883
25402	358	117	1324	124904	0	126703
25403	425	140	1325	127907	0	129797
25404	354	112	263	129756	0	130485
25405	126964	127	214	2837	0	130142
25406	1591	163	185	128892	0	130831
25407	1652	212	129454	1626	0	132944
25408	131067	202	1473	1739	0	134481
25409	1828	254	137552	525	0	140159
25410	136314	221	1796	437	0	138768
25411	123923	359	1952	530	0	126764
25412	3601	215	307	140445	0	144568
25413	2135	141697	303	2082	0	146217
25414	700	1772	247	144075	0	146794
25415	570	2157	296	141994	0	145017
25416	473	145003	352	3694	0	149522
25417	142862	1794	316	2238	0	147210
25418	1944	144232	354	787	0	147317
25419	144307	1955	326	567	0	147155
25420	143811	1870	258	632	0	146571
25421	3814	387	267	142530	0	146998
25422	2323	331	253	142969	0	145876
25423	695	261	137316	3867	0	142139
25424	524	238	131104	2411	0	134277
25425	126608	282	3365	907	0	131162
25426	129936	196	2039	759	0	132930
25427	3383	124730	514	718	0	129345
25428	2216	1554	406	122059	0	126235
25429	800	1639	128002	1908	0	132349
25430	817	1225	1883	128302	0	132227
25431	126414	348	1989	2101	0	130852
25432	124245	205	444	2042	0	126936
25433	3186	126086	368	804	0	130444
25434	2138	1605	288	126742	0	130773
25435	755	1677	237	128142	0	130811
25436	610	507	249	129127	0	130493
25437	669	436	122693	3473	0	127271
25438	108017	362	1612	2401	0	112392
25439	118909	383	1727	852	0	121871
25440	3496	387	119993	725	0	124601
25441	2153	119833	1621	800	0	124407
25442	119529	1589	1706	724	0	123548
25443	120041	1662	534	730	0	122967
25444	3442	417	117620	747	0	122226
25445	2281	389	122243	708	0	125621
25446	992	344	3025	120922	0	125283
25447	807	417	123852	1840	0	126916
25448	119227	329	1907	1999	0	123462
25449	122747	299	1853	829	0	125728
25450	124434	356	653	746	0	126189
25451	3555	337	491	115951	0	120334
25452	2295	125974	519	1896	0	130684
25453	128405	1524	495	2046	0	132470
25454	127493	1634	529	860	0	130516
25455	3511	516	125879	949	0	130855
25456	2374	479	123019	838	0	126710
25457	114817	341	3020	995	0	119173
25458	2220	372	1864	124361	0	128817
25459	2313	503	124642	2099	0	129557
25460	1079	124115	1837	2226	0	129257
25461	1073	1672	1848	124532	0	129125
25462	123772	1701	742	1993	0	128208
25463	2215	126600	677	2144	0	131636
25464	2249	1677	631	123213	0	127770
25465	1107	125082	710	2031	0	128930
25466	1044	126830	671	2081	0	130626
25467	1035	2834	687	126513	0	131069
25468	1021	1835	679	125638	0	129173
25469	975	127868	708	3316	0	132867
25470	126792	1726	594	2190	0	131302
25471	2422	1797	127940	906	0	133065
25472	124747	638	1799	913	0	128097
25473	2540	530	1859	130777	0	135706
25474	2447	437	719	131792	0	135395
25475	1200	497	665	133456	0	135818
25476	1193	438	710	133322	0	135663
25477	1182	456	132735	3472	0	137845
25478	1176	416	1913	134407	0	137912
25479	1099	745	1964	134484	0	138292
25480	947	143119	773	3636	0	148475
25481	1013	1969	145091	2539	0	150612
25482	883	149686	2162	1225	0	153956
25483	1133	2220	150265	988	0	154606
25484	851	147894	2114	948	0	151807
25485	1326	1966	2243	134358	0	139893
25486	132947	1721	690	1736	0	137094
25487	1766	134990	508	2174	0	139438
25488	2035	1643	489	135889	0	140056
25489	830	1805	137318	1827	0	141780
25490	621	139694	1802	1956	0	144073
25491	138584	1691	1935	764	0	142974
25492	138184	1854	757	688	0	141483
25493	3046	139663	715	644	0	144068
25494	2123	1779	136845	593	0	141340
25495	130719	1786	1731	649	0	134885
25496	2092	767	1764	139020	0	143643
25497	138341	510	624	2026	0	141501
25498	2029	140513	547	2142	0	145231
25499	1924	143539	510	902	0	146875
25500	917	3160	140357	675	0	145109
25501	133975	2021	1829	692	0	138517
25502	2177	947	1763	139128	0	144015
25503	140157	543	611	1783	0	143094
25504	1821	140359	607	1928	0	144715
25505	140713	1684	501	685	0	143583
25506	139085	1689	509	673	0	141956
25507	3187	639	140999	623	0	145448
25508	1662	135192	1322	498	0	138674
25509	583	137108	1369	461	0	139521
25510	479	2696	452	126510	0	130137
25511	375	130753	337	1176	0	132641
25512	127898	1316	325	1161	0	130700
25513	1247	129783	231	515	0	131776
25514	1255	1539	184	125577	0	128555
25515	465	127018	228	1115	0	128826
25516	440	124842	231	1072	0	126585
25517	448	127700	289	429	0	128866
25518	623	2313	402	125411	0	128749
25519	357	1373	202	127410	0	129342
25520	327	564	182	126589	0	127662
25521	288	124149	201	2078	0	126716
25522	388	1320	122749	1217	0	125674
25523	442	1368	121984	411	0	124205
25524	117886	574	1830	422	0	120712
25525	1184	572	1035	123841	0	126632
25526	1200	597	124754	1138	0	127689
25527	479	624	125351	1163	0	127617
25528	330	128527	1901	555	0	131313
25529	399	1293	1108	120956	0	123756
25530	328	1293	311	124074	0	126006
25531	123185	567	245	2132	0	126129
25532	1123	561	309	123785	0	125778
25533	1142	500	382	122466	0	124490
25534	518	548	123572	2039	0	126677
25535	428	462	1149	122517	0	124556
25536	594	455	1152	127474	0	129675
25537	414	555	127670	2152	0	130791
25538	374	588	128272	1342	0	130576
25539	321	126861	2048	690	0	129920
25540	447	1396	127058	605	0	129506
25541	371	1299	1293	123771	0	126734
25542	569	858	1405	102858	0	105690
25543	461	595	127619	2286	0	130961
25544	314	126975	1300	1566	0	130155
25545	120020	1340	1291	812	0	123463
25546	1051	123395	607	804	0	125857
25547	1117	1434	550	122720	0	125821
25548	429	1381	594	123858	0	126262
25549	265	124088	626	2405	0	127384
25550	365	1524	563	124605	0	127057
25551	351	1414	516	125020	0	127301
25552	401	744	118469	2452	0	122066
25553	315	117911	1359	1860	0	121445
25554	401	1446	1287	118926	0	122060
25555	461	1444	117653	1594	0	121152
25556	503	747	1320	117025	0	119595
25557	479	603	1296	117871	0	120249
25558	463	548	526	119905	0	121442
25559	443	579	509	119633	0	121164
25560	435	606	511	116501	0	118053
25561	366	118338	509	2549	0	121762
25562	115233	1360	554	1760	0	118907
25563	1235	1445	115609	948	0	119237
25564	99985	656	1438	1064	0	103143
25565	1265	609	120873	775	0	123522
25566	1169	126015	1478	1003	0	129665
25567	569	1520	124834	913	0	127836
25568	332	126242	1531	1057	0	129162
25569	514	1749	1462	112150	0	115875
25570	488	1530	524	114608	0	117150
25571	408	121353	452	2484	0	124697
25572	384	125875	438	1698	0	128395
25573	124870	2386	504	912	0	128672
25574	126565	1623	500	828	0	129516
25575	127513	654	518	735	0	129420
25576	128486	595	541	775	0	130397
25577	2477	699	526	124151	0	127853
25578	1257	123904	451	1436	0	127048
25579	121316	1298	370	1529	0	124513
25580	1082	1107	293	115388	0	117870
25581	112260	384	312	1152	0	114108
25582	107752	301	260	1156	0	109469
25583	1460	106238	234	526	0	108458
25584	811	104287	235	460	0	105793
25585	292	108272	242	390	0	109196
25586	399	2095	462	101796	0	104752
25587	167	107624	255	1024	0	109070
25588	107579	821	218	904	0	109522
25589	110433	742	165	504	0	111844
25590	109821	233	171	406	0	110631
25591	111863	222	164	380	0	112629
25592	112864	217	171	355	0	113607
25593	1752	284	115101	258	0	117395
25594	115218	212	1023	309	0	116762
25595	1242	279	116841	286	0	118648
25596	114497	139	1014	316	0	115966
25597	1152	239	894	114743	0	117028
25598	1082	217	112690	1029	0	115018
25599	377	227	121477	965	0	123046
25600	261	128637	1793	307	0	130998
25601	128939	1324	1346	290	0	131899
25602	131845	1156	296	250	0	133547
25603	2564	144133	191	356	0	147244
25604	1587	1798	147	160376	0	163908
25605	169926	1526	153	2314	0	173919
25606	2926	460	174695	1945	0	180026
25607	2159	173760	2390	520	0	178829
25608	168359	2462	2060	388	0	173269
25609	2504	173521	444	501	0	176970
25610	2342	2838	253	161232	0	166665
25611	673	175003	245	2201	0	178122
25612	589	3073	186	164796	0	168644
25613	394	172565	305	2529	0	175793
25614	362	176396	293	2256	0	179307
25615	172385	4607	226	578	0	177796
25616	174801	2592	270	505	0	178168
25617	4687	842	174156	403	0	180088
25618	2718	617	173031	328	0	176694
25619	849	672	176508	310	0	178339
25620	643	521	4782	173028	0	178974
25621	708	702	178848	2605	0	182863
25622	702	585	2972	175678	0	179937
25623	660	601	2486	175179	0	178926
25624	531	177060	771	4777	0	183139
25625	176068	2870	553	2703	0	182194
25626	2765	180043	555	990	0	184353
25627	2656	3159	529	181085	0	187429
25628	941	2666	552	183069	0	187228
25629	847	902	551	185137	0	187437
25630	840	766	182411	5312	0	189329
25631	831	702	2995	182807	0	187335
25632	798	770	2495	185188	0	189251
25633	826	734	714	188457	0	190731
25634	782	993	181174	5418	0	188367
25635	711	180925	2816	3317	0	187769
25636	178033	3251	2464	1423	0	185171
25637	172849	2857	761	1218	0	177685
25638	4809	178708	639	1147	0	185303
25639	2900	3311	615	177904	0	184730
25640	1106	2899	656	182013	0	186674
25641	1096	1247	178722	5311	0	186376
25642	845	177851	3142	3620	0	185458
25643	940	3217	2728	178784	0	185669
25644	1032	2848	179476	3427	0	186783
25645	952	1297	3170	178394	0	183813
25646	971	976	2841	179248	0	184036
25647	993	1101	178638	5645	0	186377
25648	959	1003	3190	177844	0	182996
25649	942	960	2841	177731	0	182474
25650	1001	1109	179892	5806	0	187808
25651	863	1098	3319	180503	0	185783
25652	889	1019	2933	178262	0	183103
25653	738	844	1111	184532	0	187225
25654	716	927	180110	6298	0	188051
25655	713	746	3446	181177	0	186082
25656	176856	845	2996	4536	0	185233
25657	177332	731	1301	3929	0	183293
25658	5109	177965	1128	2142	0	186344
25659	179791	2986	1027	1920	0	185724
25660	3454	2917	183171	1771	0	191313
25661	3089	977	3279	182932	0	190277
25662	1242	892	3061	183754	0	188949
25663	991	964	1185	189223	0	192363
25664	180426	824	980	6233	0	188463
25665	2913	179754	915	4626	0	188208
25666	2602	3017	908	165549	0	172076
25667	900	174667	926	3761	0	180254
25668	170467	3197	909	3507	0	178080
25669	2985	174074	961	2039	0	180059
25670	170725	3185	921	1881	0	176712
25671	2877	170841	953	1978	0	176649
25672	2472	169984	1014	2165	0	175635
25673	1051	4936	936	168334	0	175257
25674	818	2822	909	170028	0	174577
25675	795	1161	880	171139	0	173975
25676	792	1029	768	170826	0	173415
25677	902	1160	165130	6026	0	173218
25678	811	164145	2926	3994	0	171876
25679	821	3164	2502	156390	0	162877
25680	747	163554	1079	3852	0	169232
25681	890	3278	161992	3512	0	169672
25682	906	2621	2953	160332	0	166812
25683	804	1151	2600	166651	0	171206
25684	921	898	163357	5739	0	170915
25685	658	160166	3132	4127	0	168083
25686	697	2809	2672	159881	0	166059
25687	796	2505	159067	4177	0	166545
25688	534	158732	3121	3934	0	166321
25689	741	2942	2489	154988	0	161160
25690	724	2598	155409	3838	0	162569
25691	918	1187	153308	3372	0	158785
25692	628	151295	4215	1947	0	158085
25693	727	161396	2374	1689	0	166186
25694	894	4710	1293	160584	0	167481
25695	1008	2938	804	169002	0	173752
25696	637	1226	166981	5650	0	174494
25697	154587	977	3089	3862	0	162515
25698	160986	949	2654	2004	0	166593
25699	4695	1038	156845	1624	0	164202
25700	2403	149821	2724	1538	0	156486
25701	774	149032	2321	1416	0	153543
25702	610	146775	923	1229	0	149537
25703	932	119778	1396	1449	0	123555
25704	2280	5639	1881	108425	0	118225
25705	424	1334	309	130214	0	132281
25706	202	395	153	130054	0	130804
25707	155	303	145	130660	0	131263
25708	126	128376	159	4239	0	132900
25709	193	2011	166	129813	0	132183
25710	121	129496	173	2493	0	132283
25711	199	2184	122	131428	0	133933
25712	127276	1935	151	2493	0	131855
25713	1974	549	144	130813	0	133480
25714	1744	129848	167	2653	0	134412
25715	542	2146	168	133988	0	136844
25716	381	1967	178	137068	0	139594
25717	319	606	147	139050	0	140122
25718	131182	482	182	4764	0	136610
25719	2131	501	135	137572	0	140339
25720	1957	556	132878	3081	0	138472
25721	476	136129	2004	2828	0	141437
25722	461	2506	1890	139706	0	144563
25723	432	2281	465	144404	0	147582
25724	450	734	286	147338	0	148808
25725	137928	599	205	5282	0	144014
25726	2446	618	138998	3275	0	145337
25727	2272	559	2173	132782	0	137786
25728	559	136133	2100	3300	0	142092
25729	496	2556	419	139206	0	142677
25730	129449	2393	334	3497	0	135673
25731	2220	134086	348	3331	0	139985
25732	2077	2676	246	134632	0	139631
25733	601	2515	201	134830	0	138147
25734	393	132766	237	5466	0	138862
25735	497	2657	180	137470	0	140804
25736	520	2474	239	138180	0	141413
25737	533	929	134607	5485	0	141554
25738	349	134501	2373	3820	0	141043
25739	133422	2759	2226	1979	0	140386
25740	2579	2610	134429	1792	0	141410
25741	129793	909	2485	1851	0	135038
25742	2955	829	134900	1860	0	140544
25743	2641	707	2708	133819	0	139875
25744	133051	708	2403	4090	0	140252
25745	2775	808	702	136808	0	141093
25746	136941	755	532	4357	0	142585
25747	136287	859	506	3958	0	141610
25748	135832	892	556	2199	0	139479
25749	4992	134107	603	1903	0	141605
25750	3168	2876	478	133719	0	140241
25751	1308	2704	563	136550	0	141125
25752	1114	1008	565	138108	0	140795
25753	1049	944	133222	6180	0	141395
25754	968	826	2797	136183	0	140774
25755	134173	810	2545	4570	0	142098
25756	136392	797	844	4192	0	142225
25757	5299	835	133208	2357	0	141699
25758	135956	821	2773	2030	0	141580
25759	137075	952	2641	1950	0	142618
25760	5484	890	941	129973	0	137288
25761	130472	935	786	4324	0	136517
25762	130394	856	713	4285	0	136248
25763	5566	832	786	129118	0	136302
25764	130553	711	860	4405	0	136529
25765	129846	800	909	3955	0	135510
25766	5838	884	769	128007	0	135498
25767	4087	942	112798	4115	0	121942
25768	121896	860	2604	3978	0	129338
25769	4012	816	127749	2241	0	134818
25770	3789	736	127175	2202	0	133902
25771	1987	126106	4942	2267	0	135302
25772	2009	2858	3014	125136	0	133017
25773	1988	2619	1105	128543	0	134255
25774	2059	919	872	129541	0	133391
25775	2026	806	126373	6397	0	135602
25776	2037	783	126222	4411	0	133453
25777	1838	126465	5015	2565	0	135883
25778	1991	2766	3135	123805	0	131697
25779	1903	2530	1398	127892	0	133723
25780	1970	813	1256	130503	0	134542
25781	2033	844	125707	6342	0	134926
25782	1881	124821	3227	4531	0	134460
25783	2082	2734	2919	124642	0	132377
25784	2088	2596	126537	4299	0	135520
25785	2034	846	126626	4207	0	133713
25786	124859	692	5299	2357	0	133207
25787	126342	714	3411	2153	0	132620
25788	128932	691	1487	2153	0	133263
25789	6172	770	1263	116482	0	124687
25790	4159	637	123860	4036	0	132692
25791	2175	121692	3191	4138	0	131196
25792	1952	124776	3193	2473	0	132394
25793	2001	3898	110907	1941	0	118747
25794	2217	3981	3239	101120	0	110557
25795	1679	1449	2930	95016	0	101074
25796	1570	95943	1489	4098	0	103100
25797	1612	100002	1256	3058	0	105928
25798	98907	3303	1148	1808	0	105166
25799	100048	2035	1012	1678	0	104773
25800	100682	772	995	1700	0	104149
25801	98771	656	972	1656	0	102055
25802	92680	771	955	1501	0	95907
25803	4005	88634	1088	1497	0	95224
25804	1751	71557	818	1096	0	75222
25805	847	64587	656	899	0	66989
25806	61840	1614	2189	907	0	66550
25807	1949	1191	1116	59759	0	64015
25808	1253	279	513	60033	0	62078
25809	59250	233	523	1838	0	61844
25810	1209	59691	593	1295	0	62788
25811	1236	869	544	59936	0	62585
25812	823	820	554	60668	0	62865
25813	826	298	535	60440	0	62099
25814	56934	245	456	1604	0	59239
25815	1324	281	428	57619	0	59652
25816	1055	252	54008	1049	0	56364
25817	51845	237	799	934	0	53815
25818	1220	351	775	53883	0	56229
25819	1024	253	53921	880	0	56078
25820	562	53611	788	873	0	55834
25821	396	51635	613	374	0	53018
25822	49079	1145	1265	387	0	51876
25823	48719	477	346	247	0	49789
25824	859	51306	138	168	0	52471
25825	636	515	145	53822	0	55118
25826	55918	480	80	774	0	57252
25827	725	88	94	59805	0	60712
25828	776	83	85	61973	0	62917
25829	230	70	97	62858	0	63255
25830	146	107	101	62168	0	62522
25831	134	60958	113	1641	0	62846
25832	165	704	93	62531	0	63493
25833	115	745	80	62455	0	63395
25834	154	152	87	63580	0	63973
25835	169	154	60802	1669	0	62794
25836	95	61293	758	1107	0	63253
25837	115	837	795	61450	0	63197
25838	121	811	60912	964	0	62808
25839	167	214	58814	973	0	60168
25840	104	60488	1511	342	0	62445
25841	60145	854	945	281	0	62225
25842	796	845	233	61053	0	62927
25843	61282	191	142	945	0	62560
25844	866	61489	138	1032	0	63525
25845	914	858	105	61727	0	63604
25846	60290	875	106	989	0	62260
25847	61235	206	116	1022	0	62579
25848	1608	166	102	60914	0	62790
25849	1044	159	90	60890	0	62183
25850	312	162	60044	1747	0	62265
25851	246	107	787	60237	0	61377
25852	206	240	851	61432	0	62729
25853	59419	140	204	1791	0	61554
25854	818	60148	118	1232	0	62316
25855	893	827	59270	489	0	61479
25856	56727	830	748	414	0	58719
25857	839	59623	816	390	0	61668
25858	907	812	202	59989	0	61910
25859	59410	836	168	1018	0	61432
25860	855	238	125	59849	0	61067
25861	915	178	133	59863	0	61089
25862	275	201	58703	1764	0	60943
25863	206	187	755	59587	0	60735
25864	58637	159	832	1232	0	60860
25865	883	136	214	59896	0	61129
25866	58850	170	145	1205	0	60370
25867	953	57555	150	1221	0	59879
25868	938	59282	164	563	0	60947
25869	322	1482	161	59406	0	61371
25870	284	951	146	59692	0	61073
25871	57603	324	132	1847	0	59906
25872	866	57669	172	1324	0	60031
25873	58652	845	162	636	0	60295
25874	58116	912	170	506	0	59704
25875	1648	324	174	57964	0	60110
25876	58337	247	174	1146	0	59904
25877	1131	261	56063	1123	0	58578
25878	1077	248	807	56523	0	58655
25879	484	227	57878	1173	0	59762
25880	371	220	959	58378	0	59928
25881	57149	233	919	1316	0	59617
25882	57424	226	297	1295	0	59242
25883	1728	57172	221	704	0	59825
25884	1185	928	160	56852	0	59125
25885	527	919	177	57124	0	58747
25886	394	57410	181	1966	0	59951
25887	427	917	176	59441	0	60961
25888	398	959	184	58354	0	59895
25889	330	57577	200	2035	0	60142
25890	56093	892	178	1422	0	58585
25891	56323	949	175	728	0	58175
25892	1725	386	198	56023	0	58332
25893	1190	276	170	56464	0	58100
25894	588	314	55203	1952	0	58057
25895	480	287	835	54561	0	56163
25896	408	54796	902	1332	0	57438
25897	55415	900	302	1310	0	57927
25898	1064	944	193	55624	0	57825
25899	1113	377	176	55120	0	56786
25900	53255	268	207	2000	0	55730
25901	1078	53457	210	1438	0	56183
25902	1130	905	187	54679	0	56901
25903	543	943	218	53892	0	55596
25904	470	53753	188	1932	0	56343
25905	53541	927	224	1378	0	56070
25906	1135	969	53017	689	0	55810
25907	1080	405	53192	629	0	55306
25908	545	292	1518	53105	0	55460
25909	467	305	53719	1215	0	55706
25910	51251	314	937	1274	0	53776
25911	1142	224	875	53368	0	55609
25912	1111	264	54555	1245	0	57175
25913	564	265	54882	1247	0	56958
25914	452	55809	1536	623	0	58420
25915	55325	826	984	579	0	57714
25916	1016	56476	326	606	0	58424
25917	56584	860	313	619	0	58376
25918	55905	848	245	576	0	57574
25919	1536	54724	235	525	0	57020
25920	54617	794	198	479	0	56088
25921	53464	814	164	463	0	54905
25922	1503	319	52746	467	0	55035
25923	1122	2514	627	48240	0	52503
25924	371	47509	580	692	0	49152
25925	231	46520	167	597	0	47515
25926	890	1547	409	42667	0	45513
25927	40927	514	295	686	0	42422
25928	353	102	50	40583	0	41088
25929	384	65	43	42137	0	42629
25930	148	69	37	43187	0	43441
25931	109	44977	48	798	0	45932
25932	122	465	64	47914	0	48565
25933	111	457	49523	629	0	50720
25934	45666	114	531	604	0	46915
25935	50274	87	532	201	0	51094
25936	1058	49338	119	125	0	50640
25937	50220	530	58	136	0	50944
25938	689	559	37	50468	0	51753
25939	651	145	50055	587	0	51438
25940	47562	75	553	653	0	48843
25941	576	50638	564	200	0	51978
25942	571	588	99	50420	0	51678
25943	52063	547	62	640	0	53312
25944	613	52599	66	600	0	53878
25945	606	53719	70	185	0	54580
25946	53728	1084	52	156	0	55020
25947	663	701	52141	129	0	53634
25948	52864	177	595	138	0	53774
25949	717	112	578	52756	0	54163
25950	677	109	122	53142	0	54050
25951	231	96	52898	1178	0	54403
25952	176	107	52182	706	0	53171
25953	169	121	1141	52643	0	54074
25954	212	105	52252	703	0	53272
25955	196	134	52282	682	0	53294
25956	206	113	1184	50712	0	52215
25957	195	88	699	52874	0	53856
25958	52668	111	207	1251	0	54237
25959	732	115	156	53296	0	54299
25960	53342	115	119	796	0	54372
25961	759	52736	141	789	0	54425
25962	767	674	121	53088	0	54650
25963	293	700	55025	711	0	56729
25964	53828	204	657	751	0	55440
25965	56759	146	677	285	0	57867
25966	57485	109	209	217	0	58020
25967	56860	110	165	229	0	57364
25968	56562	117	154	246	0	57079
25969	1429	98	146	54917	0	56590
25970	837	121	54287	789	0	56034
25971	304	117	53902	762	0	55085
25972	281	100	55828	283	0	56492
25973	53276	110	1425	240	0	55051
25974	56632	88	871	248	0	57839
25975	1455	89	280	54438	0	56262
25976	904	57108	201	786	0	58999
25977	374	715	169	58726	0	59984
25978	288	694	58248	929	0	60159
25979	293	184	57377	845	0	58699
25980	53581	137	1416	346	0	55480
25981	912	140	60073	243	0	61368
25982	930	115	885	59423	0	61353
25983	62428	91	840	983	0	64342
25984	61190	115	297	885	0	62487
25985	64769	107	193	382	0	65451
25986	65636	108	221	308	0	66273
25987	1761	130	63168	227	0	65286
25988	61922	101	877	290	0	63190
25989	1082	63255	963	268	0	65568
25990	1105	779	337	64272	0	66493
25991	464	818	64569	917	0	66768
25992	427	210	922	64346	0	65905
25993	430	178	66544	1030	0	68182
25994	405	135	981	65223	0	66744
25995	373	150	1000	66217	0	67740
25996	386	178	65240	1703	0	67507
25997	365	161	992	65054	0	66572
25998	65327	141	1002	1113	0	67583
25999	1050	129	396	66251	0	67826
26000	1081	112	317	66812	0	68322
26001	65644	123	309	1756	0	67832
26002	1106	65915	314	1143	0	68478
26003	66835	819	261	474	0	68389
26004	1175	67513	288	370	0	69346
26005	69263	911	293	398	0	70865
26006	1252	888	68832	310	0	71282
26007	1131	231	993	68140	0	70495
26008	479	192	980	69646	0	71297
26009	68473	120	380	1778	0	70751
26010	1026	68395	374	1169	0	70964
26011	1074	814	287	67761	0	69936
26012	467	830	307	66808	0	68412
26013	333	65246	335	1783	0	67697
26014	64710	815	320	1134	0	66979
26015	992	65784	325	529	0	67630
26016	1015	848	274	64643	0	66780
26017	503	796	283	62572	0	64154
26018	400	63504	226	1675	0	65805
26019	62748	859	237	1143	0	64987
26020	1123	865	62284	523	0	64795
26021	60770	279	912	432	0	62393
26022	1125	61668	916	417	0	64126
26023	1010	850	319	61434	0	63613
26024	61814	759	254	1015	0	63842
26025	1087	226	271	62072	0	63656
26026	1047	188	221	62027	0	63483
26027	61076	154	213	1716	0	63159
26028	1015	60071	226	1107	0	62419
26029	908	60738	223	470	0	62339
26030	59857	1225	198	393	0	61673
26031	921	692	59561	366	0	61540
26032	756	56248	637	286	0	57927
26033	596	750	773	57457	0	59576
26034	271	539	65279	616	0	66705
26035	224	248	723	63597	0	64792
26036	64329	140	756	891	0	66116
26037	760	65877	226	915	0	67778
26038	861	767	149	61657	0	63434
26039	257	66295	157	701	0	67410
26040	66086	773	121	791	0	67771
26041	67179	779	123	354	0	68435
26042	1470	68532	134	320	0	70456
26043	984	792	85	65557	0	67418
26044	306	69400	131	836	0	70673
26045	69410	922	145	844	0	71321
26046	69510	910	107	328	0	70855
26047	1707	296	115	69177	0	71295
26048	1069	233	88	70283	0	71673
26049	375	233	68669	1717	0	70994
26050	63166	184	854	1206	0	65410
26051	1041	226	69003	371	0	70641
26052	1004	210	909	67781	0	69904
26053	67418	156	884	1027	0	69485
26054	947	69263	278	1024	0	71512
26055	66733	935	163	425	0	68256
26056	1054	988	62829	343	0	65214
26057	65132	286	680	377	0	66475
26058	1097	68740	719	399	0	70955
26059	69070	923	273	345	0	70611
26060	1091	70913	203	317	0	72524
26061	1051	1038	165	70195	0	72449
26062	439	1052	69192	1020	0	71703
26063	460	414	66798	965	0	68637
26064	447	286	1600	66691	0	69024
26065	354	309	68353	1089	0	70105
26066	401	253	963	67625	0	69242
26067	387	253	919	67960	0	69519
26068	373	298	69053	1785	0	71509
26069	58324	248	1024	1362	0	60958
26070	68202	266	917	500	0	69885
26071	1770	67639	269	388	0	70066
26072	67577	893	174	332	0	68976
26073	1086	887	189	66934	0	69096
26074	1025	289	68722	996	0	71032
26075	398	251	885	68522	0	70056
26076	377	269	896	68893	0	70435
26077	66941	181	275	1635	0	69032
26078	912	66331	206	1063	0	68512
26079	912	67084	176	416	0	68588
26080	416	1448	148	66996	0	69008
26081	326	914	192	65845	0	67277
26082	309	65440	204	1491	0	67444
26083	311	819	179	64668	0	65977
26084	292	834	161	63472	0	64759
26085	221	62681	164	1574	0	64640
26086	61391	740	161	921	0	63213
26087	746	722	192	61361	0	63021
26088	777	61515	183	903	0	63378
26089	361	775	158	61938	0	63232
26090	60694	755	156	935	0	62540
26091	802	60708	144	893	0	62547
26092	61761	803	131	443	0	63138
26093	61197	774	147	419	0	62537
26094	1477	299	110	61504	0	63390
26095	63837	239	116	981	0	65173
26096	64758	267	98	1033	0	66156
26097	65934	257	104	385	0	66680
26098	66319	231	134	342	0	67026
26099	1640	205	134	65896	0	67875
26100	980	201	118	67273	0	68572
26101	399	242	66404	1623	0	68668
26102	378	202	727	68075	0	69382
26103	424	218	743	69254	0	70639
26104	370	279	67586	1711	0	69946
26105	64063	219	809	1254	0	66345
26106	1041	207	847	68453	0	70548
26107	1085	217	69617	1109	0	72028
26108	65027	184	900	1231	0	67342
26109	1186	193	75294	514	0	77187
26110	1174	76582	1080	461	0	79297
26111	457	80428	1047	461	0	82393
26112	402	1955	292	84560	0	87209
26113	382	1279	92483	1365	0	95509
26114	90702	278	1319	1518	0	93817
26115	98648	224	1313	717	0	100902
26116	2670	237	98732	407	0	102046
26117	98142	176	1361	480	0	100159
26118	100332	180	1390	445	0	102347
26119	2614	100553	448	429	0	104044
26120	101949	1269	338	419	0	103975
26121	1662	1264	336	100419	0	103681
26122	1583	372	101459	1446	0	104860
26123	647	331	1344	96429	0	98751
26124	444	102559	1365	1472	0	105840
26125	600	105772	492	1416	0	108280
26126	105469	2315	373	520	0	108677
26127	104853	1404	345	421	0	107023
26128	105056	443	368	460	0	106327
26129	2870	344	301	103569	0	107084
26130	1789	581	326	99811	0	102507
26131	622	100501	366	2448	0	103937
26132	99397	1374	340	1626	0	102737
26133	1647	101629	383	704	0	104363
26134	92393	1122	288	370	0	94173
26135	1453	93302	345	380	0	95480
26136	93149	1157	328	328	0	94962
26137	91517	1097	229	314	0	93157
26138	2355	563	272	88558	0	91748
26139	1493	92431	294	1109	0	95327
26140	867	1132	89774	1042	0	92815
26141	82883	1105	981	578	0	85547
26142	1336	87329	933	435	0	90033
26143	1213	1131	88474	361	0	91179
26144	615	1060	89364	300	0	91339
26145	618	490	1561	84347	0	87016
26146	621	342	818	84184	0	85965
26147	477	89083	221	1583	0	91364
26148	91405	1056	153	1059	0	93673
26149	1291	1019	157	88815	0	91282
26150	1255	92073	174	1008	0	94510
26151	658	96140	182	974	0	97954
26152	657	1691	94328	388	0	97064
26153	632	1133	94754	350	0	96869
26154	90544	522	1530	373	0	92969
26155	1292	535	96116	335	0	98278
26156	1285	425	1013	93636	0	96359
26157	634	467	931	97471	0	99503
26158	584	493	97345	1759	0	100181
26159	544	494	978	95313	0	97329
26160	583	383	1059	93674	0	95699
26161	93688	397	428	1780	0	96293
26162	96555	438	501	1120	0	98614
26163	1832	414	513	95280	0	98039
26164	1189	95541	524	1143	0	98397
26165	515	99118	498	1225	0	101356
26166	98967	1723	544	599	0	101833
26167	1281	1208	98790	513	0	101792
26168	1274	499	1143	97733	0	100649
26169	100220	510	1169	1405	0	103304
26170	100947	560	582	1224	0	103313
26171	2109	505	474	99901	0	102989
26172	1443	517	100630	1271	0	103861
26173	777	572	96522	1238	0	99109
26174	92640	498	2017	650	0	95805
26175	98155	453	1463	632	0	100703
26176	2140	98523	671	710	0	102044
26177	1498	100018	709	660	0	102885
26178	101413	1834	629	735	0	104611
26179	102107	1183	581	806	0	104677
26180	2441	510	532	102896	0	106379
26181	1766	476	505	105068	0	107815
26182	1033	470	461	106226	0	108190
26183	104570	510	490	2264	0	107834
26184	1887	582	429	105622	0	108520
26185	1804	591	106199	1391	0	109985
26186	103611	581	1213	1386	0	106791
26187	1718	617	1119	106825	0	110279
26188	1721	707	107662	1333	0	111423
26189	103440	626	1175	1405	0	106646
26190	97900	702	1220	797	0	100619
26191	2132	111046	554	840	0	114572
26192	1599	113287	529	668	0	116083
26193	1155	1981	108935	646	0	112717
26194	105700	1368	1139	785	0	108992
26195	1697	113394	1159	724	0	116974
26196	1795	1360	109337	647	0	113139
26197	103119	1283	1140	726	0	106268
26198	1737	114264	1074	809	0	117884
26199	1506	1390	112427	745	0	116068
26200	106206	1282	1124	740	0	109352
26201	1668	112593	1079	687	0	116027
26202	1442	1169	394	110009	0	113014
26203	109651	1033	476	1406	0	112566
26204	1398	110232	435	1359	0	113424
26205	1321	1596	461	108372	0	111750
26206	107093	876	500	1442	0	109911
26207	1224	317	107981	1171	0	110693
26208	1005	105673	1097	547	0	108322
26209	683	994	102816	447	0	104940
26210	496	1388	1016	97631	0	100531
26211	371	305	98704	817	0	100197
26212	310	92996	735	677	0	94718
26213	285	86583	552	228	0	87648
26214	376	1019	345	84075	0	85815
26215	145	368	134	80490	0	81137
26216	150	121	98	81711	0	82080
26217	134	132	82462	728	0	83456
26218	146	100	421	82475	0	83142
26219	81643	83	452	571	0	82749
26220	80840	91	123	514	0	81568
26221	839	119	83507	201	0	84666
26222	482	82283	423	189	0	83377
26223	81370	418	387	205	0	82380
26224	428	81360	149	241	0	82178
26225	80764	411	117	297	0	81589
26226	80879	388	101	186	0	81554
26227	815	185	80663	145	0	81808
26228	494	82368	428	187	0	83477
26229	222	462	412	82608	0	83704
26230	213	453	83094	458	0	84218
26231	77600	166	488	517	0	78771
26232	550	159	421	82669	0	83799
26233	502	130	81639	444	0	82715
26234	78516	116	456	543	0	79631
26235	627	123	85012	161	0	85923
26236	584	133	547	85032	0	86296
26237	85980	71	517	669	0	87237
26238	562	88399	188	634	0	89783
26239	647	570	88648	196	0	90061
26240	86321	525	588	221	0	87655
26241	94170	129	588	191	0	95078
26242	1243	96756	196	234	0	98429
26243	862	769	117	96738	0	98486
26244	270	753	83	96340	0	97446
26245	95622	197	98	1466	0	97383
26246	858	110	89	97348	0	98405
26247	866	174	97423	899	0	99362
26248	238	134	797	96231	0	97400
26249	95405	97	816	1004	0	97322
26250	851	95366	201	1008	0	97426
26251	926	880	127	90550	0	92483
26252	224	93582	139	888	0	94833
26253	93696	952	124	959	0	95731
26254	953	902	134	99274	0	101263
26255	1015	184	129	100486	0	101814
26256	252	100849	137	2143	0	103381
26257	271	1170	98850	1235	0	101526
26258	234	1107	1116	98032	0	100489
26259	265	248	1107	99794	0	101414
26260	267	189	216	99146	0	99818
26261	179	98913	181	2258	0	101531
26262	244	1158	99238	1272	0	101912
26263	284	1172	100277	332	0	102065
26264	97213	235	2163	368	0	99979
26265	100283	167	1208	325	0	101983
26266	2281	224	101074	245	0	103824
26267	98888	120	1276	356	0	100640
26268	1419	221	104387	304	0	106331
26269	99624	151	1375	330	0	101480
26270	1368	104847	1296	330	0	107841
26271	107327	1228	354	399	0	109308
26272	1613	1279	108644	252	0	111788
26273	1512	343	110904	284	0	113043
26274	448	209	2563	119463	0	122683
26275	123172	184	1500	1996	0	126852
26276	1937	130653	405	1909	0	134904
26277	1955	2101	141576	473	0	146105
26278	557	1888	2510	142347	0	147302
26279	436	353	2254	146364	0	149407
26280	145597	259	446	4657	0	150959
26281	146379	266	323	2621	0	149589
26282	4821	248	276	144741	0	150086
26283	147025	219	299	2842	0	150385
26284	3013	290	143364	2513	0	149180
26285	2672	227	2616	141280	0	146795
26286	684	232	2387	145224	0	148527
26287	144031	228	510	4921	0	149690
26288	144164	221	384	2813	0	147582
26289	5011	235	327	142818	0	148391
26290	143430	198	336	2977	0	146941
26291	3150	266	139277	2595	0	145288
26292	2606	138860	2691	776	0	144933
26293	798	2564	140886	529	0	144777
26294	695	2812	2870	138872	0	145249
26295	136639	444	2567	2977	0	142627
26296	2854	136561	611	2835	0	142861
26297	2753	2576	479	135836	0	141644
26298	834	2414	432	132324	0	136004
26299	644	133744	510	4980	0	139878
26300	680	2783	519	137136	0	141118
26301	720	2705	514	137057	0	140996
26302	809	496	467	139518	0	141290
26303	868	351	483	139118	0	140820
26304	832	292	472	136745	0	138341
26305	780	132100	544	5467	0	138891
26306	863	2545	493	135870	0	139771
26307	894	2355	492	135131	0	138872
26308	931	572	130311	5482	0	137296
26309	843	129972	2818	3382	0	137015
26310	961	2772	2544	130536	0	136813
26311	959	2417	712	131060	0	135148
26312	988	475	654	130877	0	132994
26313	928	127586	620	5611	0	134745
26314	1016	2716	128481	3422	0	135635
26315	1053	2538	2924	129714	0	136229
26316	923	685	130723	3562	0	135893
26317	943	568	128162	3356	0	133029
26318	921	541	4955	127072	0	133489
26319	127296	513	2798	3743	0	134350
26320	3124	547	735	128900	0	133306
26321	2900	502	613	125750	0	129765
26322	963	126410	603	5770	0	133746
26323	857	2733	611	131109	0	135310
26324	842	2511	608	131814	0	135775
26325	818	696	130073	5964	0	137551
26326	717	129442	2892	3880	0	136931
26327	772	2782	2643	130795	0	136992
26328	126843	2583	737	3977	0	134140
26329	2862	851	128230	3648	0	135591
26330	2714	688	2863	128121	0	134386
26331	843	716	2561	130617	0	134737
26332	126231	636	751	6038	0	133656
26333	2854	125924	687	4185	0	133650
26334	124109	2723	641	2047	0	129520
26335	2740	124171	696	1966	0	129573
26336	2507	2903	692	121476	0	127578
26337	118905	2514	680	3930	0	126029
26338	2850	726	118752	3726	0	126054
26339	2528	116057	2797	2082	0	123464
26340	901	117365	2621	1948	0	122835
26341	110318	4116	1013	1684	0	117131
26342	2522	2435	765	106185	0	111907
26343	2300	106279	740	3540	0	112859
26344	810	110127	683	3494	0	115114
26345	892	4145	606	108985	0	114628
26346	795	2435	608	110333	0	114171
26347	105717	783	626	5240	0	112366
26348	2445	106113	765	3503	0	112826
26349	2334	2781	821	106043	0	111979
26350	776	2271	104370	3449	0	110866
26351	758	104386	2599	3400	0	111143
26352	823	2453	104237	1805	0	109318
26353	788	104002	2536	1813	0	109139
26354	1221	2636	2525	97112	0	103494
26355	804	1997	572	94706	0	98079
26356	716	96127	518	4231	0	101592
26357	670	2339	96004	2841	0	101854
26358	94197	2178	2102	1517	0	99994
26359	2164	878	1978	98728	0	103748
26360	1974	873	671	100971	0	104489
26361	655	891	99922	4338	0	105806
26362	651	948	2165	101233	0	104997
26363	614	928	101215	3175	0	105932
26364	645	915	2143	101264	0	104967
26365	558	901	102932	3173	0	107564
26366	479	102160	2195	3252	0	108086
26367	596	2497	104574	1671	0	109338
26368	634	2295	2166	101991	0	107086
26369	100365	884	1975	3123	0	106347
26370	2096	98231	658	2989	0	103974
26371	1975	2837	598	96256	0	101666
26372	678	2193	94477	2793	0	100141
26373	442	94301	2277	2604	0	99624
26374	500	2500	1610	80904	0	85514
26375	403	1674	81272	1835	0	85184
26376	214	72507	1364	1354	0	75439
26377	58326	1467	1822	758	0	62373
26378	54717	750	472	412	0	56351
26379	1114	180	153	54839	0	56286
26380	55167	152	112	714	0	56145
26381	628	127	115	54605	0	55475
26382	614	116	140	55131	0	56001
26383	161	165	55373	1194	0	56893
26384	161	135	560	54550	0	55406
26385	164	116	597	54970	0	55847
26386	53712	118	135	1196	0	55161
26387	52625	105	121	733	0	53584
26388	1046	53182	126	266	0	54620
26389	632	597	53330	240	0	54799
26390	192	677	599	52282	0	53750
26391	145	189	52107	667	0	53108
26392	47189	144	582	680	0	48595
26393	575	125	49990	206	0	50896
26394	549	121	518	47217	0	48405
26395	125	48443	509	555	0	49632
26396	107	497	147	48562	0	49313
26397	94	489	130	48561	0	49274
26398	121	139	48837	956	0	50053
26399	126	101	514	48411	0	49152
26400	47991	72	535	673	0	49271
26401	48177	82	172	609	0	49040
26402	48460	83	132	265	0	48940
26403	48037	84	143	265	0	48529
26404	891	47319	160	305	0	48675
26405	511	47471	173	280	0	48435
26406	271	863	186	42750	0	44070
26407	162	506	174	46637	0	47479
26408	160	45306	157	971	0	46594
26409	194	477	155	47306	0	48132
26410	210	562	126	47185	0	48083
26411	168	185	169	47488	0	48010
26412	186	141	155	47549	0	48031
26413	183	143	171	47727	0	48224
26414	46133	166	152	1103	0	47554
26415	534	45869	194	787	0	47384
26416	579	539	45530	366	0	47014
26417	212	537	535	45654	0	46938
26418	177	197	539	45924	0	46837
26419	151	165	196	46578	0	47090
26420	45708	160	182	1187	0	47237
26421	611	53107	171	846	0	54735
26422	702	831	163	52002	0	53698
26423	255	55566	175	1183	0	57179
26424	324	1128	173	52395	0	54020
26425	230	52873	157	1225	0	54485
26426	271	1196	54889	1058	0	57414
26427	237	901	1207	57625	0	59970
26428	260	302	65746	1514	0	67822
26429	214	258	1586	65206	0	67264
26430	291	230	1236	68570	0	70327
26431	68425	214	328	2921	0	71888
26432	69547	210	211	1729	0	71697
26433	71188	192	263	581	0	72224
26434	71064	200	222	550	0	72036
26435	71118	179	254	484	0	72035
26436	3043	200	266	66343	0	69852
26437	1584	68459	234	1862	0	72139
26438	511	1652	214	68578	0	70955
26439	447	1383	66417	1999	0	70246
26440	65909	338	1564	1682	0	69493
26441	68132	220	1325	625	0	70302
26442	2995	177	343	67169	0	70684
26443	1664	220	190	66110	0	68184
26444	562	64919	200	3020	0	68701
26445	476	1607	177	67295	0	69555
26446	438	1369	210	65641	0	67658
26447	384	64954	245	3117	0	68700
26448	415	1697	206	66913	0	69231
26449	62593	1357	227	2216	0	66393
26450	1726	400	64157	1740	0	68023
26451	63614	265	1596	787	0	66262
26452	1914	302	64829	663	0	67708
26453	1564	231	1761	62826	0	66382
26454	611	265	1388	59677	0	61941
26455	459	61355	358	3051	0	65223
26456	471	63545	251	1793	0	66060
26457	545	2764	233	60817	0	64359
26458	552	1413	61071	2008	0	65044
26459	58065	328	1594	1534	0	61521
26460	1900	225	1264	58123	0	61512
26461	1428	57471	347	2048	0	61294
26462	601	1557	191	58652	0	61001
26463	485	1368	154	57148	0	59155
26464	455	55969	150	2761	0	59335
26465	613	1605	205	53516	0	55939
26466	432	1056	49443	1650	0	52581
26467	385	333	48944	1244	0	50906
26468	336	416	2039	44265	0	47056
26469	215	47651	1089	1442	0	50397
26470	259	1360	344	47666	0	49629
26471	47805	1047	212	1612	0	50676
26472	49061	301	168	1272	0	50802
26473	47481	231	176	566	0	48454
26474	2229	46019	204	504	0	48956
26475	1146	1326	45753	499	0	48724
26476	45320	1106	1329	488	0	48243
26477	46952	369	1009	530	0	48860
26478	2238	45842	309	578	0	48967
26479	1217	1414	233	44860	0	47724
26480	45900	1136	208	1589	0	48833
26481	46709	381	304	1282	0	48676
26482	47672	312	292	616	0	48892
26483	2416	238	336	45079	0	48069
26484	46251	233	293	1770	0	48547
26485	1750	235	300	46180	0	48465
26486	1441	256	243	46640	0	48580
26487	45628	315	219	2540	0	48702
26488	1870	336	219	46100	0	48525
26489	45959	353	271	1962	0	48545
26490	1906	408	247	46139	0	48700
26491	1486	363	253	47005	0	49107
26492	45489	395	311	2743	0	48938
26493	1874	383	45689	1714	0	49660
26494	1635	363	1404	46757	0	50159
26495	893	310	1139	47802	0	50144
26496	841	277	388	48129	0	49635
26497	814	332	287	48785	0	50218
26498	788	326	293	47183	0	48590
26499	729	45574	286	2916	0	49505
26500	776	1474	301	47087	0	49638
26501	808	1179	45622	2108	0	49717
26502	899	433	1352	47181	0	49865
26503	843	376	1044	47580	0	49843
26504	827	386	322	49133	0	50668
26505	650	420	46789	2934	0	50793
26506	614	380	47014	1883	0	49891
26507	45570	376	2279	1031	0	49256
26508	47472	377	1233	953	0	50035
26509	2528	48523	399	948	0	52398
26510	1502	1583	264	50562	0	53911
26511	688	1224	348	53031	0	55291
26512	622	494	343	54564	0	56023
26513	52370	369	398	3042	0	56179
26514	54294	397	345	1943	0	56979
26515	2495	362	337	54015	0	57209
26516	1405	426	280	54813	0	56924
26517	580	502	251	55484	0	56817
26518	551	392	319	55552	0	56814
26519	51918	371	460	2925	0	55674
26520	1623	300	50846	1820	0	54589
26521	947	42086	1069	879	0	44981
26522	330	41090	698	621	0	42739
26523	38912	1202	257	664	0	41035
26524	923	1609	346	37960	0	40838
26525	749	288	38492	1059	0	40588
26526	295	233	35896	867	0	37291
26527	187	36143	1027	470	0	37827
26528	28819	224	580	188	0	29811
26529	260	173	28645	116	0	29194
26530	24140	79	201	85	0	24505
26531	149	23	78	26595	0	26845
26532	83	29	22	27226	0	27360
26533	42	27038	19	210	0	27309
26534	32	27819	20	122	0	27993
26535	27908	132	14	88	0	28142
26536	27919	64	24	64	0	28071
26537	137	28454	19	71	0	28681
26538	349	112	27259	365	0	28085
26539	51	86	28516	52	0	28705
26540	32	48	139	28572	0	28791
26541	29715	12	99	119	0	29945
26542	99	29778	38	133	0	30048
26543	76	94	19	30915	0	31104
26544	31243	80	23	146	0	31492
26545	110	37	23	31732	0	31902
26546	101	21	19	32463	0	32604
26547	31854	16	21	239	0	32130
26548	109	32352	22	176	0	32659
26549	108	33766	25	77	0	33976
26550	70	223	34252	46	0	34591
26551	36	126	114	34905	0	35181
26552	37	41	105	35516	0	35699
26553	44	28	36728	236	0	37036
26554	29295	21	150	283	0	29749
26555	34279	27	123	125	0	34554
26556	224	32	36438	61	0	36755
26557	30001	25	159	137	0	30322
26558	160	49	37242	66	0	37517
26559	128	38568	154	67	0	38917
26560	76	127	111	40848	0	41162
26561	46	120	43	42564	0	42773
26562	42639	37	25	298	0	42999
26563	42787	28	27	189	0	43031
26564	42761	20	30	93	0	42904
26565	42864	32	26	80	0	43002
26566	42654	20	33	73	0	42780
26567	252	50	41912	58	0	42272
26568	153	42285	140	63	0	42641
26569	65	148	114	42301	0	42628
26570	30	42851	54	141	0	43076
26571	42	43568	32	149	0	43791
26572	56	191	40	42998	0	43285
26573	48	122	18	43393	0	43581
26574	54	71	43377	222	0	43724
26575	39204	30	142	194	0	39570
26576	43393	22	107	91	0	43613
26577	214	43083	63	79	0	43439
26578	43459	111	25	54	0	43649
26579	43987	90	19	90	0	44186
26580	198	46	27	43715	0	43986
26581	146	57	45647	125	0	45975
26582	81	48	45353	111	0	45593
26583	45157	23	164	101	0	45445
26584	46441	27	106	81	0	46655
26585	228	46258	46	50	0	46582
26586	135	47759	30	53	0	47977
26587	80	239	35	48458	0	48812
26588	48591	122	24	204	0	48941
26589	184	76	48973	141	0	49374
26590	137	48	166	49432	0	49783
26591	50545	31	122	236	0	50934
26592	50543	50	48	185	0	50826
26593	294	38	37	51120	0	51489
26594	51350	26	45	249	0	51670
26595	226	47	49929	158	0	50360
26596	186	68	53678	77	0	54009
26597	114	30	269	52116	0	52529
26598	78	25	152	55656	0	55911
26599	67	49	61	55487	0	55664
26600	69	54768	50	322	0	55209
26601	74	56085	59	198	0	56416
26602	71	308	32	56403	0	56814
26603	56518	156	50	300	0	57024
26604	188	56	41	57034	0	57319
26605	171	46	34	56974	0	57225
26606	74	56617	51	335	0	57077
26607	61	58612	42	232	0	58947
26608	69	277	34	58601	0	58981
26609	74	175	22	56940	0	57211
26610	55304	75	19	337	0	55735
26611	164	54613	45	211	0	55033
26612	54859	172	31	152	0	55214
26613	221	155	17	54899	0	55292
26614	183	83	53703	202	0	54171
26615	96	90	52675	188	0	53049
26616	52442	48	300	142	0	52932
26617	205	33	170	56348	0	56756
26618	176	40	59	56634	0	56909
26619	77	29	55	57032	0	57193
26620	87	73	57479	365	0	58004
26621	74	27	178	57865	0	58144
26622	53	57902	182	312	0	58449
26623	56	244	48	60017	0	60365
26624	56	181	39	59866	0	60142
26625	68	61414	58	438	0	61978
26626	70	319	38	62638	0	63065
26627	60926	223	41	452	0	61642
26628	343	61465	48	306	0	62162
26629	63280	374	35	152	0	63841
26630	63603	298	33	204	0	64138
26631	741	92	19	63770	0	64622
26632	422	65	42	63574	0	64103
26633	141	77	43	64571	0	64832
26634	131	93	62498	816	0	63538
26635	68	61948	395	545	0	62956
26636	85	63512	337	292	0	64226
26637	91	693	78	62549	0	63411
26638	61845	355	56	475	0	62731
26639	429	111	51	61553	0	62144
26640	381	342	61709	560	0	62992
26641	113	61603	390	471	0	62577
26642	77	62840	321	209	0	63447
26643	62232	651	97	173	0	63153
26644	62922	363	70	184	0	63539
26645	673	68553	92	187	0	69505
26646	70392	443	70	202	0	71107
26647	582	394	69120	117	0	70213
26648	465	186	68359	124	0	69134
26649	69468	98	838	143	0	70547
26650	71358	82	445	196	0	72081
26651	955	80	111	71016	0	72162
26652	70827	60	89	664	0	71640
26653	701	119	71429	497	0	72746
26654	568	125	76938	196	0	77827
26655	264	93	1054	85148	0	86559
26656	171	79	592	96438	0	97280
26657	152	74	162	100401	0	100789
26658	177	91	124	102165	0	102557
26659	161	85	96	107808	0	108150
26660	211	144	103524	3022	0	106901
26661	175	96	1468	103531	0	105270
26662	102711	84	1444	2198	0	106437
26663	1585	93	317	104757	0	106752
26664	104076	88	184	2237	0	106585
26665	1831	103	171	104716	0	106821
26666	105779	137	235	2281	0	108432
26667	108779	127	191	1876	0	110973
26668	3055	126	186	107684	0	111051
26669	1834	97	218	109447	0	111596
26670	107742	130	203	3206	0	111281
26671	108319	105	157	2079	0	110660
26672	3267	172	110356	820	0	114615
26673	2078	128	1597	110529	0	114332
26674	894	115	1346	114590	0	116945
26675	113753	125	419	3390	0	117687
26676	116283	114	245	2179	0	118821
26677	3327	110	236	116532	0	120205
26678	2061	104	278	118198	0	120641
26679	806	114	266	119332	0	120518
26680	676	105	258	117716	0	118755
26681	536	111268	346	3872	0	116022
26682	506	114077	318	2509	0	117410
26683	540	2720	204	113360	0	116824
26684	538	114183	288	2519	0	117528
26685	544	1801	247	116583	0	119175
26686	532	1428	114373	2867	0	119200
26687	526	553	112800	2458	0	116337
26688	499	116061	2810	1492	0	120862
26689	636	1764	1659	115556	0	119615
26690	656	1606	115411	2602	0	120275
26691	613	567	1816	114049	0	117045
26692	701	361	1607	117610	0	120279
26693	114544	280	694	3871	0	119389
26694	2164	382	465	117874	0	120885
26695	2034	333	118386	2835	0	123588
26696	1111	245	117420	2468	0	121244
26697	908	116423	3071	1446	0	121848
26698	866	123257	1857	1360	0	127340
26699	125186	2702	752	1482	0	130122
26700	2376	1622	137968	1354	0	143320
26701	2097	487	1920	138091	0	142595
26702	140326	280	1710	2906	0	145222
26703	140736	355	763	2648	0	144502
26704	3361	145056	613	1587	0	150617
26705	2410	1952	557	142985	0	147904
26706	1152	1618	557	150970	0	154297
26707	871	660	452	151388	0	153371
26708	146887	436	445	4473	0	152241
26709	2343	484	146928	2964	0	152719
26710	1952	150479	1925	1833	0	156189
26711	1074	1929	1646	151051	0	155700
26712	853	1718	725	154423	0	157719
26713	784	838	152985	4247	0	158854
26714	821	538	1980	151983	0	155322
26715	816	524	1807	156647	0	159794
26716	769	535	836	157329	0	159469
26717	797	492	733	156921	0	158943
26718	711	587	152379	4757	0	158434
26719	725	540	2214	152552	0	156031
26720	760	650	155210	3681	0	160301
26721	694	153332	2438	3329	0	159793
26722	754	1786	2001	155272	0	159813
26723	879	1678	898	157491	0	160946
26724	952	708	153573	4535	0	159768
26725	803	151220	2115	3479	0	157617
26726	928	1987	1832	151218	0	155965
26727	1013	1743	151869	2965	0	157590
26728	889	151215	1984	2957	0	157045
26729	989	1877	1685	152356	0	156907
26730	997	1599	152102	2821	0	157519
26731	986	804	1935	150719	0	154444
26732	965	552	1613	151681	0	154811
26733	875	523	911	156387	0	158696
26734	152560	663	668	4100	0	157991
26735	1975	152030	650	3136	0	157791
26736	153411	1677	660	2104	0	157852
26737	2227	1613	152710	1795	0	158345
26738	152778	689	1805	2163	0	157435
26739	161305	488	1703	2108	0	165604
26740	3024	516	921	160543	0	165004
26741	164060	663	613	3206	0	168542
26742	165764	632	630	2922	0	169948
26743	170634	576	648	2123	0	173981
26744	3201	642	611	169255	0	173709
26745	2057	529	619	165923	0	169128
26746	928	485	161703	3569	0	166685
26747	703	477	155257	2516	0	158953
26748	151725	426	2726	1591	0	156468
26749	1760	924	1798	159803	0	164285
26750	1348	162450	856	2456	0	167110
26751	162133	1495	839	2249	0	166716
26752	1509	162491	717	1507	0	166224
26753	1300	160991	799	1448	0	164538
26754	1187	2523	151181	1398	0	156289
26755	560	992	151869	671	0	154092
26756	712	1865	1908	147009	0	151494
26757	357	332	158295	881	0	159865
26758	279	303	149280	603	0	150465
26759	139086	118	481	417	0	140102
26760	149705	107	260	387	0	150459
26761	411	107	119	151217	0	151854
26762	291	114	121	153077	0	153603
26763	193	211	154936	543	0	155883
26764	134	156671	325	404	0	157534
26765	166	322	233	156166	0	156887
26766	162687	176	138	796	0	163797
26767	345	100	125	165149	0	165719
26768	292	166828	160	619	0	167899
26769	316	388	166274	429	0	167407
26770	113	171061	364	339	0	171877
26771	171348	336	358	359	0	172401
26772	167288	392	126	325	0	168131
26773	673	173	105	166355	0	167306
26774	479	193	169378	433	0	170483
26775	264	196	162561	508	0	163529
26776	112	168423	814	326	0	169675
26777	208	504	533	162625	0	163870
26778	167	473	164	169932	0	170736
26779	183	257	169052	876	0	170368
26780	201	106	462	166587	0	167356
26781	114	177829	551	677	0	179171
26782	223	708	166	179502	0	180599
26783	169	675	118	180339	0	181301
26784	223	276	179252	1489	0	181240
26785	181	169	796	175692	0	176838
26786	174133	129	868	1136	0	176266
26787	973	198	179079	852	0	181102
26788	926	222	179407	336	0	180891
26789	239	181791	1785	343	0	184158
26790	271	1011	1057	186488	0	188827
26791	216	954	245	193942	0	195357
26792	238	313	191698	2103	0	194352
26793	177057	185	1316	1502	0	180060
26794	1255	139	1206	191979	0	194579
26795	1287	400	189569	1263	0	192519
26796	380	149	1263	183375	0	185167
26797	286	225	190644	1487	0	192642
26798	323	230	185310	1369	0	187232
26799	173	185732	2392	483	0	188780
26800	330	1243	1349	170311	0	173233
26801	118	178414	441	1481	0	180454
26802	173328	1314	320	1342	0	176304
26803	1256	1373	175938	434	0	179001
26804	1121	172382	1354	546	0	175403
26805	299	1269	1303	171437	0	174308
26806	169493	1202	410	1515	0	172620
26807	1162	170887	410	1586	0	174045
26808	1212	1306	278	173381	0	176177
26809	327	1281	272	172738	0	174618
26810	168	177250	370	2606	0	180394
26811	178576	1621	314	1672	0	182183
26812	1658	1510	304	199873	0	203345
26813	1559	357	299	208512	0	210727
26814	454	414	205163	4628	0	210659
26815	249	211585	2736	2914	0	217484
26816	318	2783	2398	213757	0	219256
26817	375	2539	651	224275	0	227840
26818	256	230087	552	5390	0	236285
26819	365	3693	396	233710	0	238164
26820	422	2945	474	238452	0	242293
26821	451	680	2376	237636	0	241143
26822	203	238759	584	6853	0	246399
26823	235573	3596	547	3982	0	243698
26824	3764	3271	238864	1180	0	247079
26825	229766	744	3824	1124	0	235458
26826	3818	238367	3444	1027	0	246656
26827	3225	3734	891	238097	0	245947
26828	927	3523	239696	4138	0	248284
26829	705	963	3819	240178	0	245665
26830	665	633	3419	242269	0	246986
26831	673	614	1000	248540	0	250827
26832	626	821	242425	7471	0	251343
26833	509	241103	4112	5043	0	250767
26834	620	3950	246251	1822	0	252643
26835	468	247999	4556	1931	0	254954
26836	683	4491	249900	1541	0	256615
26837	566	3782	4509	245761	0	254618
26838	241574	1206	3827	5278	0	251885
26839	3608	248963	1259	5173	0	259003
26840	3367	4390	252442	2213	0	262412
26841	826	252782	4314	2063	0	259985
26842	968	4780	252988	1826	0	260562
26843	767	4194	4681	240760	0	250402
26844	1122	1651	4005	229551	0	236329
26845	770	244910	1558	7390	0	254628
26846	813	252353	1358	4794	0	259318
26847	250248	7469	1219	2470	0	261406
26848	4327	4649	1286	252359	0	262621
26849	4023	2076	252152	5722	0	263973
26850	1346	1412	4781	252382	0	259921
26851	1064	1498	256530	6328	0	265420
26852	866	1617	255706	5576	0	263765
26853	1003	1525	7985	241830	0	252343
26854	781	250207	4901	5644	0	261533
26855	244420	4959	2019	5538	0	256936
26856	4492	4597	1668	240784	0	251541
26857	4126	1950	1631	232805	0	240512
26858	1141	239004	1741	8546	0	250432
26859	236376	5094	1674	5452	0	248596
26860	239117	4816	1608	2704	0	248245
26861	7684	1977	1720	231270	0	242651
26862	4378	233537	1856	5839	0	245610
26863	1326	244799	1858	5478	0	253461
26864	239774	8078	1697	2898	0	252447
26865	4514	5274	239883	2532	0	252203
26866	230472	2270	5273	2497	0	240512
26867	232826	1970	4724	2385	0	241905
26868	232770	1930	1925	2294	0	238919
26869	7691	228109	1606	2805	0	240211
26870	4508	5140	1729	229156	0	240533
26871	229249	4691	1793	5763	0	241496
26872	229823	2046	1775	5353	0	238997
26873	7265	229154	1965	2986	0	241370
26874	232357	4982	1591	2742	0	241672
26875	4976	4679	1631	233235	0	244521
26876	4425	2047	1581	232457	0	240510
26877	1723	231635	1684	8380	0	243422
26878	1924	5062	1412	237121	0	245519
26879	1761	4812	1399	236549	0	244521
26880	1556	234553	1527	8812	0	246448
26881	1832	4767	1372	221670	0	229641
26882	1407	230302	1441	6108	0	239258
26883	227714	5034	1541	4958	0	239247
26884	221188	4574	1637	2719	0	230118
26885	6798	223582	1575	2985	0	234940
26886	4233	4748	220836	2552	0	232369
26887	2025	4886	4052	219987	0	230950
26888	1994	2475	221147	5074	0	230690
26889	1813	213174	4330	5158	0	224475
26890	1911	217152	3609	2675	0	225347
26891	206371	6288	1418	1989	0	216066
26892	4482	213894	1362	1769	0	221507
26893	4598	4373	1339	203502	0	213812
26894	2227	210146	1452	3936	0	217761
26895	2049	214242	1140	4003	0	221434
26896	210782	6474	1030	2435	0	220721
26897	4310	4051	1029	211082	0	220472
26898	3922	2188	210138	4560	0	220808
26899	1909	2020	207991	4581	0	216501
26900	1786	211719	5704	2662	0	221871
26901	209658	4545	3554	2279	0	220036
26902	4078	214768	1773	1806	0	222425
26903	3916	5079	1110	215888	0	225993
26904	216208	4247	1329	4612	0	226396
26905	4680	2165	1154	220761	0	228760
26906	4174	1843	1102	219956	0	227075
26907	2043	220319	1127	7156	0	230645
26908	2219	4649	1119	224032	0	232019
26909	1512	4504	225837	4935	0	236788
26910	218238	1963	4064	4278	0	228543
26911	4393	233538	3507	2141	0	243579
26912	3159	226656	943	1271	0	232029
26913	216272	5186	610	1068	0	223136
26914	3790	3411	219125	945	0	227271
26915	205462	1575	3414	988	0	211439
26916	3277	237664	2807	947	0	244695
26917	2557	254893	746	821	0	259017
26918	1005	6599	253901	503	0	262008
26919	560	261820	4171	723	0	267274
26920	903	4807	3813	234563	0	244086
26921	637	3774	629	242326	0	247366
26922	349	250418	336	6367	0	257470
26923	513	3980	240	252269	0	257002
26924	252323	3537	342	4145	0	260347
26925	3989	1030	250792	3455	0	259266
26926	251905	774	3680	931	0	257290
26927	259116	593	3420	766	0	263895
26928	258877	688	712	674	0	260951
26929	7618	813	253956	566	0	262953
26930	4266	562	3904	251285	0	260017
26931	1065	769	257185	4129	0	263148
26932	242798	655	4480	3910	0	251843
26933	246445	603	3682	1133	0	251863
26934	7284	251677	905	793	0	260659
26935	4409	4328	613	244884	0	254234
26936	1209	259588	576	4159	0	265532
26937	1072	4721	259485	3761	0	269039
26938	1147	4307	4476	256842	0	266772
26939	255795	1084	4109	4757	0	265745
26940	256715	744	885	4161	0	262505
26941	8313	892	737	238708	0	248650
26942	4675	245223	742	4198	0	254838
26943	1415	4511	250086	3802	0	259814
26944	925	4204	253499	1067	0	259695
26945	236250	1038	8046	1009	0	246343
26946	5044	921	255515	730	0	262210
26947	4310	250426	5152	1599	0	261487
26948	1440	4804	4233	247594	0	258071
26949	1250	4326	252676	4488	0	262740
26950	1178	1094	4988	248124	0	255384
26951	1114	904	252738	5334	0	260090
26952	230820	828	5427	4572	0	241647
26953	5080	858	4690	238095	0	248723
26954	4593	242277	1414	4762	0	253046
26955	1455	247279	1122	4520	0	254376
26956	1308	8516	1163	241530	0	252517
26957	1265	4963	1014	239000	0	246242
26958	1183	240123	1227	8453	0	250986
26959	1356	4997	240443	4781	0	251577
26960	1204	4609	5031	239717	0	250561
26961	1217	1578	246236	5086	0	254117
26962	1248	1143	239920	4806	0	247117
26963	222488	1076	8771	1830	0	234165
26964	5044	232180	5171	1594	0	243989
26965	234754	5328	1652	1192	0	242926
26966	5715	4872	1287	223548	0	235422
26967	4860	231189	1466	5089	0	242604
26968	1884	5632	1595	234411	0	243522
26969	1566	5036	1658	230696	0	238956
26970	1443	230176	1500	8953	0	242072
26971	1558	5612	229200	5439	0	241809
26972	1627	5085	5429	230009	0	242150
26973	229726	1842	5008	5997	0	242573
26974	5595	1628	1910	231461	0	240594
26975	5404	1491	1757	229723	0	238375
26976	2197	1634	225110	9536	0	238477
26977	1922	223777	5672	5746	0	237117
26978	1907	5532	5259	221286	0	233984
26979	1875	5357	222107	5919	0	235258
26980	1625	2377	221866	5443	0	231311
26981	209782	1746	9488	2768	0	223784
26982	5521	216988	6080	2683	0	231272
26983	217009	5567	2297	2174	0	227047
26984	5883	217664	2191	2409	0	228147
26985	5419	219687	1940	2451	0	229497
26986	215140	9350	1962	2044	0	228496
26987	5945	5679	2068	207032	0	220724
26988	5517	212651	2208	5955	0	226331
26989	2624	5696	1940	217750	0	228010
26990	214062	4952	1954	6372	0	227340
26991	6224	2225	214565	5840	0	228854
26992	5732	1963	213294	2382	0	223371
26993	203463	1560	9561	2283	0	216867
26994	5750	209828	6213	2433	0	224224
26995	5693	5743	210151	1930	0	223517
26996	2657	212090	6111	2171	0	223029
26997	2273	6200	5524	205192	0	219189
26998	1962	5734	208398	5959	0	222053
26999	1796	2117	5963	207467	0	217343
27000	1558	2076	206366	6723	0	216723
27001	192464	1672	6568	5985	0	206689
27002	5542	201043	5923	2549	0	215057
27003	199648	5284	2298	2183	0	209413
27004	5708	5247	2296	185227	0	198478
27005	4855	204529	2249	5248	0	216881
27006	202918	5797	2254	5175	0	216144
27007	200867	5168	2229	2478	0	210742
27008	8724	2331	200555	2181	0	213791
27009	5098	1781	195312	1998	0	204189
27010	168074	1345	8061	1764	0	179244
27011	4268	172465	5061	2095	0	183889
27012	3563	166974	2347	1557	0	174441
27013	3021	9617	2783	154218	0	169639
27014	1661	3830	156605	4145	0	166241
27015	1275	148660	4156	3292	0	157383
27016	1186	131446	2922	1376	0	136930
27017	3548	3543	1617	96606	0	105314
27018	99840	1631	670	1813	0	103954
27019	101134	538	427	1664	0	103763
27020	103088	446	422	618	0	104574
27021	3041	518	101165	435	0	105159
27022	99909	448	1750	488	0	102595
27023	101757	439	1571	466	0	104233
27024	103696	489	484	392	0	105061
27025	3153	573	402	97249	0	101377
27026	1731	99461	347	1667	0	103206
27027	98743	1655	346	1441	0	102185
27028	1710	100035	436	470	0	102651
27029	1478	1673	390	98083	0	101624
27030	548	1486	101830	1651	0	105515
27031	525	587	1675	101112	0	103899
27032	552	379	1424	102422	0	104777
27033	511	404	102121	2697	0	105733
27034	491	100009	1619	1590	0	103709
27035	423	1473	1233	91825	0	94954
27036	90131	1196	405	1337	0	93069
27037	1338	89043	265	1173	0	91819
27038	87427	1263	208	395	0	89293
27039	1418	1288	195	83993	0	86894
27040	1210	87556	235	1169	0	90170
27041	86120	1215	226	1061	0	88622
27042	1266	88573	256	341	0	90436
27043	1154	1235	86483	206	0	89078
27044	84101	1227	1390	356	0	87074
27045	85312	597	985	292	0	87186
27046	1922	85247	245	304	0	87718
27047	1088	1115	82505	175	0	84883
27048	324	85186	1039	206	0	86755
27049	723	1980	1191	59505	0	63399
27050	237	998	249	84455	0	85939
27051	272	350	151	84018	0	84791
27052	240	84443	143	1928	0	86754
27053	280	1170	114	85316	0	86880
27054	317	970	130	85406	0	86823
27055	83731	379	125	2001	0	86236
27056	1278	236	116	84341	0	85971
27057	1112	172	127	85033	0	86444
27058	83403	221	117	2082	0	85823
27059	1288	84120	150	1293	0	86851
27060	85545	1213	126	478	0	87362
27061	85084	1069	158	339	0	86650
27062	85795	389	162	321	0	86667
27063	2287	303	160	83936	0	86686
27064	1319	259	204	85798	0	87580
27065	589	309	84072	2078	0	87048
27066	434	313	83154	1284	0	85185
27067	410	338	83887	508	0	85143
27068	75869	329	2144	462	0	78804
27069	1392	360	82691	408	0	84851
27070	1171	82037	1421	477	0	85106
27071	584	1364	1061	81181	0	84190
27072	531	1196	341	77934	0	80002
27073	427	82849	297	1982	0	85555
27074	526	1447	83964	1182	0	87119
27075	517	85302	1214	663	0	87696
27076	83760	1481	1079	479	0	86799
27077	1557	1259	84893	404	0	88113
27078	1309	84311	1366	595	0	87581
27079	733	1430	85972	358	0	88493
27080	613	1200	1438	84351	0	87602
27081	511	551	86956	1406	0	89424
27082	489	428	1452	84807	0	87176
27083	86168	363	1182	1687	0	89400
27084	1553	399	86693	1404	0	90049
27085	1246	86845	1360	748	0	90199
27086	87292	1405	1201	655	0	90553
27087	1631	1241	89587	567	0	93026
27088	1366	502	89764	615	0	92247
27089	704	404	2249	87433	0	90790
27090	557	411	90032	1740	0	92740
27091	84428	422	1633	1506	0	87989
27092	1601	88540	1298	743	0	92182
27093	1466	1560	520	86053	0	89599
27094	654	92664	442	1522	0	95282
27095	92494	1698	445	1418	0	96055
27096	1695	1458	92140	692	0	95985
27097	1522	641	94654	617	0	97434
27098	728	485	2549	92785	0	96547
27099	544	498	1563	94775	0	97380
27100	555	447	723	96239	0	97964
27101	605	448	558	97015	0	98626
27102	548	532	95480	2816	0	99376
27103	491	93451	1686	1754	0	97382
27104	444	1270	1149	85987	0	88850
27105	431	1154	83590	1271	0	86446
27106	318	82920	1312	1187	0	85737
27107	82399	1249	1251	594	0	85493
27108	1639	1093	526	81683	0	84941
27109	81074	374	378	1315	0	83141
27110	1210	80747	329	1202	0	83488
27111	80832	1097	365	583	0	82877
27112	1297	1118	82408	442	0	85265
27113	1204	803	1166	76796	0	79969
27114	487	81780	1066	1115	0	84448
27115	501	1083	81000	1067	0	83651
27116	263	80570	1131	566	0	82530
27117	507	1646	1030	62740	0	65923
27118	74459	864	424	1045	0	76792
27119	947	74127	359	974	0	76407
27120	73775	903	326	500	0	75504
27121	1104	851	72741	352	0	75048
27122	933	344	72061	331	0	73669
27123	69901	249	1571	357	0	72078
27124	1007	381	1081	70655	0	73124
27125	880	319	482	71551	0	73232
27126	380	255	73374	1504	0	75513
27127	348	224	71557	910	0	73039
27128	252	72536	1533	412	0	74733
27129	68497	1047	1263	502	0	71309
27130	65297	653	465	250	0	66665
27131	1124	64667	257	285	0	66333
27132	837	683	288	65427	0	67235
27133	65966	609	239	834	0	67648
27134	691	237	262	66240	0	67430
27135	66720	195	242	886	0	68043
27136	66951	171	229	749	0	68100
27137	68912	171	209	404	0	69696
27138	1307	218	169	67362	0	69056
27139	821	166	195	69978	0	71160
27140	67456	145	181	1244	0	69026
27141	67099	134	199	841	0	68273
27142	66455	130	191	386	0	67162
27143	1240	65224	214	293	0	66971
27144	62001	492	129	195	0	62817
27145	552	62066	138	220	0	62976
27146	60669	523	164	228	0	61584
27147	604	491	60812	159	0	62066
27148	54982	261	656	214	0	56113
27149	498	59132	424	136	0	60190
27150	477	60404	135	147	0	61163
27151	61035	740	125	165	0	62065
27152	475	499	98	61569	0	62641
27153	530	124	79	64942	0	65675
27154	168	65744	117	914	0	66943
27155	142	71531	112	614	0	72399
27156	74627	1039	108	178	0	75952
27157	755	706	77420	114	0	78995
27158	772	142	672	80549	0	82135
27159	81903	95	729	844	0	83571
27160	930	151	82438	847	0	84366
27161	905	87244	836	238	0	89223
27162	91116	1014	849	177	0	93156
27163	1376	956	94206	154	0	96692
27164	1189	186	1378	96330	0	99083
27165	278	151	100430	1462	0	102321
27166	94146	118	1548	1294	0	97106
27167	1440	100596	1265	317	0	103618
27168	102359	1467	240	228	0	104294
27169	101662	1223	136	196	0	103217
27170	2699	251	109	100523	0	103582
27171	101470	153	112	1550	0	103285
27172	1698	141	111	101753	0	103703
27173	1367	144	96	101839	0	103446
27174	322	164	97748	2666	0	100900
27175	268	97648	1459	1451	0	100826
27176	302	1491	1202	98121	0	101116
27177	267	1227	218	98775	0	100487
27178	248	223	132	99898	0	100501
27179	280	224	97185	2666	0	100355
27180	225	96580	1415	1489	0	99709
27181	281	1420	1205	97247	0	100153
27182	286	1197	222	98179	0	99884
27183	263	308	96296	2550	0	99417
27184	252	218	1434	95828	0	97732
27185	95335	167	1224	1682	0	98408
27186	1456	95349	290	1397	0	98492
27187	94493	1420	187	377	0	96477
27188	1692	1294	93025	273	0	96284
27189	1422	371	1461	92520	0	95774
27190	94821	216	1204	1528	0	97769
27191	94695	189	348	1339	0	96571
27192	2710	211	94578	426	0	97925
27193	1611	288	1507	93085	0	96491
27194	523	206	94187	1587	0	96503
27195	88229	205	1637	1385	0	91456
27196	1564	92946	1337	492	0	96339
27197	93642	1479	449	422	0	95992
27198	92284	1237	343	390	0	94254
27199	2643	93093	381	432	0	96549
27200	94723	1516	356	447	0	97042
27201	1914	1311	92505	365	0	96095
27202	93092	393	1624	451	0	95560
27203	1945	340	1346	93372	0	97003
27204	1704	326	95070	1737	0	98837
27205	829	283	1666	95400	0	98178
27206	664	302	1427	95300	0	97693
27207	720	291	536	94206	0	95753
27208	646	94823	561	2911	0	98941
27209	95396	1624	471	1790	0	99281
27210	1954	1374	489	94377	0	98194
27211	1700	94791	488	2087	0	99066
27212	893	1642	474	90526	0	93535
27213	716	93636	551	2205	0	97108
27214	772	1804	92955	1837	0	97368
27215	744	1438	1753	92047	0	95982
27216	706	538	1536	94725	0	97505
27217	713	469	93388	3228	0	97798
27218	85015	514	1876	2225	0	89630
27219	1954	92938	1565	1182	0	97639
27220	1832	1871	642	93165	0	97510
27221	900	1451	573	91501	0	94425
27222	864	576	663	90878	0	92981
27223	772	92171	651	3319	0	96913
27224	91555	1750	718	2195	0	96218
27225	2112	1525	91998	1300	0	96935
27226	1886	620	89125	1138	0	92769
27227	919	489	2992	88171	0	92571
27228	903	505	1753	90845	0	94006
27229	89530	501	776	3364	0	94171
27230	2070	88732	724	2319	0	93845
27231	1930	1781	721	89546	0	93978
27232	88978	1532	701	2333	0	93544
27233	2279	699	642	88091	0	91711
27234	89000	515	607	2403	0	92525
27235	2426	515	86091	2077	0	91109
27236	2053	86817	1994	1141	0	92005
27237	86827	1848	1679	1103	0	91457
27238	2389	1580	86473	947	0	91389
27239	84474	630	1897	1031	0	88032
27240	2374	573	84826	1006	0	88779
27241	85028	484	1995	1050	0	88557
27242	2343	496	1647	84294	0	88780
27243	86344	548	773	2151	0	89816
27244	2319	531	682	85621	0	89153
27245	1934	539	671	86283	0	89427
27246	84703	498	586	3449	0	89236
27247	2120	85151	645	2200	0	90116
27248	1865	1825	540	85023	0	89253
27249	85549	1586	553	2309	0	89997
27250	87015	626	511	2045	0	90197
27251	3106	567	529	85810	0	90012
27252	2052	535	550	86938	0	90075
27253	84453	446	501	3148	0	88548
27254	2287	479	487	84519	0	87772
27255	1757	432	425	80515	0	83129
27256	76061	373	383	2793	0	79610
27257	1839	393	362	73811	0	76405
27258	1114	200	67819	1748	0	70881
27259	62900	161	1243	1381	0	65685
27260	1442	243	67922	592	0	70199
27261	1041	216	61783	392	0	63432
27262	54451	498	2328	282	0	57559
27263	718	54714	827	245	0	56504
27264	773	535	471	52360	0	54139
27265	272	471	113	53076	0	53932
27266	199	133	70	56525	0	56927
27267	190	63	68	57590	0	57911
27268	56933	48	85	1306	0	58372
27269	60030	59	77	760	0	60926
27270	62727	46	62	308	0	63143
27271	1476	83	66276	226	0	68061
27272	981	74	881	68621	0	70557
27273	282	72	929	70150	0	71433
27274	253	68	177	67396	0	67894
27275	203	66943	117	2190	0	69453
27276	198	68856	111	1348	0	70513
27277	69849	1984	115	491	0	72439
27278	1215	1198	113	70409	0	72935
27279	1279	254	121	74503	0	76157
27280	402	137	104	76652	0	77295
27281	258	149	73662	2683	0	76752
27282	262	133	72256	1641	0	74292
27283	71856	96	2337	622	0	74911
27284	75799	91	1399	442	0	77731
27285	2489	105	331	73652	0	76577
27286	1539	75318	229	1383	0	78469
27287	549	1209	181	76620	0	78559
27288	429	1203	137	77004	0	78773
27289	323	281	74507	2634	0	77745
27290	72984	136	1220	1712	0	76052
27291	1439	103	1240	78275	0	81057
27292	1419	97	312	76974	0	78802
27293	74679	113	181	2754	0	77727
27294	1518	76422	163	1799	0	79902
27295	78718	1374	154	631	0	80877
27296	1872	1487	151	75971	0	79481
27297	1504	74539	133	1709	0	77885
27298	76067	1393	123	1631	0	79214
27299	1606	1350	135	76109	0	79200
27300	76233	341	116	1711	0	78401
27301	75068	181	141	1683	0	77073
27302	75558	145	149	631	0	76483
27303	2983	72771	160	509	0	76423
27304	1793	72650	167	478	0	75088
27305	671	2524	172	70590	0	73957
27306	418	72942	175	1679	0	75214
27307	73522	1611	145	1609	0	76887
27308	1696	1427	184	73443	0	76750
27309	74161	393	177	1793	0	76524
27310	74686	266	144	1750	0	76846
27311	3002	248	154	73062	0	76466
27312	1920	245	147	76158	0	78470
27313	76165	282	177	3137	0	79761
27314	77512	233	160	2070	0	79975
27315	79614	217	175	923	0	80929
27316	80930	292	170	746	0	82138
27317	81915	264	112	714	0	83005
27318	3402	267	116	79305	0	83090
27319	2179	297	136	80326	0	82938
27320	969	318	138	81917	0	83342
27321	79449	292	129	3438	0	83308
27322	2030	223	148	79308	0	81709
27323	1936	78307	165	2235	0	82643
27324	892	1567	167	80886	0	83512
27325	78839	1505	167	2234	0	82745
27326	79527	496	203	1953	0	82179
27327	3356	389	77378	888	0	82011
27328	2258	398	1398	74469	0	78523
27329	910	77663	1412	1983	0	81968
27330	78767	1565	354	1978	0	82664
27331	1960	80040	224	1019	0	83243
27332	2009	1753	162	80179	0	84103
27333	81518	1563	159	2017	0	85257
27334	81907	503	208	1986	0	84604
27335	3513	80694	181	946	0	85334
27336	2375	1596	121	80894	0	84986
27337	1138	1622	80317	2032	0	85109
27338	76094	537	1456	2161	0	80248
27339	2218	468	81346	920	0	84952
27340	81771	343	1656	856	0	84626
27341	83167	389	1454	871	0	85881
27342	3544	352	358	82370	0	86624
27343	85050	379	161	2198	0	87788
27344	85509	389	164	2155	0	88217
27345	86780	380	166	1018	0	88344
27346	3962	377	171	83278	0	87788
27347	84070	351	196	2014	0	86631
27348	2473	367	170	83505	0	86515
27349	2243	359	217	82974	0	85793
27350	1135	82573	245	3169	0	87122
27351	1135	1489	171	80277	0	83072
27352	929	81790	169	1979	0	84867
27353	80095	1593	117	1749	0	83554
27354	80646	1401	97	865	0	83009
27355	3084	483	123	79275	0	82965
27356	2159	326	75	80088	0	82648
27357	78739	319	135	2891	0	82084
27358	2178	281	76199	1917	0	80575
27359	78038	271	1241	881	0	80431
27360	2288	293	1169	76553	0	80303
27361	1964	265	73755	1755	0	77739
27362	72750	265	1236	1764	0	76015
27363	75063	266	1174	837	0	77340
27364	2978	243	73373	729	0	77323
27365	71960	248	1198	737	0	74143
27366	2050	271	71193	556	0	74070
27367	1809	70152	1285	507	0	73753
27368	70403	1108	1622	572	0	73705
27369	68987	1099	448	581	0	71115
27370	2323	66417	241	479	0	69460
27371	1269	62727	262	421	0	64679
27372	60133	1189	471	342	0	62135
27373	60142	697	157	313	0	61309
27374	1547	283	125	60827	0	62782
27375	948	157	60206	837	0	62148
27376	451	213	57727	743	0	59134
27377	59075	165	1123	361	0	60724
27378	993	143	60520	254	0	61910
27379	57330	256	1032	260	0	58878
27380	929	108	538	56968	0	58543
27381	737	77	203	57314	0	58331
27382	426	136	57766	1060	0	59388
27383	57037	88	567	812	0	58504
27384	798	165	516	59332	0	60811
27385	750	71	211	61067	0	62099
27386	59792	82	129	1107	0	61110
27387	59873	77	112	762	0	60824
27388	59924	82	134	362	0	60502
27389	1215	61149	147	270	0	62781
27390	615	448	57886	213	0	59162
27391	56125	367	459	189	0	57140
27392	58095	104	390	175	0	58764
27393	818	56996	145	226	0	58185
27394	55296	322	188	151	0	55957
27395	478	279	73	54268	0	55098
27396	427	126	56646	338	0	57537
27397	55815	76	361	396	0	56648
27398	57976	79	323	227	0	58605
27399	58542	64	98	171	0	58875
27400	58759	49	67	140	0	59015
27401	649	56	80	58419	0	59204
27402	420	52	92	58777	0	59341
27403	59171	41	76	621	0	59909
27404	412	45	83	59304	0	59844
27405	399	31	79	59312	0	59821
27406	202	59286	94	600	0	60182
27407	183	322	71	60821	0	61397
27408	187	272	59	61103	0	61621
27409	178	79	81	61622	0	61960
27410	207	74	54	62027	0	62362
27411	165	60967	64	662	0	61858
27412	157	315	43	60585	0	61100
27413	174	344	57	58947	0	59522
27414	159	104	58150	619	0	59032
27415	156	85	56019	400	0	56660
27416	124	57037	559	168	0	57888
27417	64570	294	360	189	0	65413
27418	579	66054	113	180	0	66926
27419	592	571	92	68522	0	69777
27420	203	586	71721	648	0	73158
27421	74648	113	671	837	0	76269
27422	788	79	636	79783	0	81286
27423	80828	60	160	890	0	81938
27424	81235	66	94	868	0	82263
27425	1391	82068	101	327	0	83887
27426	82688	687	79	252	0	83706
27427	831	87089	113	200	0	88233
27428	863	1082	64	88228	0	90237
27429	216	90738	91	913	0	91958
27430	241	1009	89540	939	0	91729
27431	209	92427	871	281	0	93788
27432	253	1074	881	89986	0	92194
27433	91448	923	180	956	0	93507
27434	923	93644	142	1092	0	95801
27435	1062	992	70	94321	0	96445
27436	296	1077	73	96194	0	97640
27437	241	260	96199	2041	0	98741
27438	230	186	1054	96176	0	97646
27439	261	190	97589	1258	0	99298
27440	88960	115	1181	1395	0	91651
27441	1279	189	99254	304	0	101026
27442	1300	98548	1186	382	0	101416
27443	408	1182	1171	98444	0	101205
27444	322	1245	239	98636	0	100442
27445	262	341	130	100333	0	101066
27446	99390	183	149	2518	0	102240
27447	1293	231	150	97931	0	99605
27448	1302	98376	196	1404	0	101278
27449	96752	1272	170	1472	0	99666
27450	1216	96049	168	723	0	98156
27451	1360	1360	165	94999	0	97884
27452	95279	1395	106	1412	0	98192
27453	1265	94427	187	1562	0	97441
27454	1314	97672	159	558	0	99703
27455	97358	2323	208	478	0	100367
27456	98382	1480	174	448	0	100484
27457	2412	388	97486	460	0	100746
27458	99372	309	1261	419	0	101361
27459	1637	288	101957	374	0	104256
27460	1616	369	1467	100992	0	104444
27461	435	329	102826	1613	0	105203
27462	425	308	1445	102269	0	104447
27463	354	365	103579	1740	0	106038
27464	392	274	1470	101040	0	103176
27465	410	222	1515	103436	0	105583
27466	101064	276	370	2931	0	104641
27467	1576	330	100937	1796	0	104639
27468	95639	351	1502	639	0	98131
27469	1674	334	101276	549	0	103833
27470	1699	342	100224	471	0	102736
27471	472	437	2659	98006	0	101574
27472	100018	272	1647	1645	0	103582
27473	1440	100531	494	1755	0	104220
27474	100335	1378	317	629	0	102659
27475	99113	1510	353	462	0	101438
27476	2842	98449	403	501	0	102195
27477	99186	1436	408	429	0	101459
27478	1739	1596	99717	458	0	103510
27479	1746	414	1508	99439	0	103107
27480	99998	294	1589	1703	0	103584
27481	1600	101129	503	1826	0	105058
27482	1790	1444	364	101184	0	104782
27483	583	1568	391	101888	0	104430
27484	594	428	388	103488	0	104898
27485	506	330	379	104112	0	105327
27486	101101	289	402	3092	0	104884
27487	102522	305	412	1999	0	105238
27488	104047	273	450	761	0	105531
27489	101673	252	391	739	0	103055
27490	3092	384	99965	549	0	103990
27491	98926	316	1477	621	0	101340
27492	101439	292	1690	556	0	103977
27493	3088	100404	517	621	0	104630
27494	1984	102580	476	544	0	105584
27495	865	2721	401	99815	0	103802
27496	680	1661	473	100886	0	103700
27497	627	508	99659	2946	0	103740
27498	615	100732	1584	1975	0	104906
27499	680	1543	1654	98975	0	102852
27500	600	102900	502	1680	0	105682
27501	682	1611	341	105538	0	108172
27502	658	1603	344	104550	0	107155
27503	597	109216	436	3144	0	113393
27504	670	1574	446	111689	0	114379
27505	699	1744	111851	1973	0	116267
27506	699	506	111278	2034	0	114517
27507	105950	386	3154	817	0	110307
27508	113015	322	1964	725	0	116026
27509	3378	111931	565	774	0	116648
27510	113697	1602	366	615	0	116280
27511	2185	1807	367	111827	0	116186
27512	112490	491	394	1836	0	115211
27513	2000	111296	418	2263	0	115977
27514	2376	1603	109986	723	0	114688
27515	106081	1705	1974	700	0	110460
27516	2096	604	117237	655	0	120592
27517	1829	374	107998	434	0	110635
27518	723	427	108496	493	0	110139
27519	541	105649	2605	482	0	109277
27520	101500	1563	2805	582	0	106450
27521	98236	1338	509	570	0	100653
27522	2377	303	296	96709	0	99685
27523	1552	331	293	94979	0	97155
27524	532	97906	343	2274	0	101055
27525	98137	1074	312	1528	0	101051
27526	1263	99734	343	530	0	101870
27527	1334	95715	331	415	0	97795
27528	94164	1758	390	460	0	96772
27529	1211	1176	360	92785	0	95532
27530	1285	294	263	92932	0	94774
27531	498	281	230	93691	0	94700
27532	403	92214	248	2014	0	94879
27533	90472	835	197	1155	0	92659
27534	1116	1173	184	88978	0	91451
27535	1085	87192	178	867	0	89322
27536	350	87256	212	990	0	88808
27537	389	1523	195	84459	0	86566
27538	265	86221	208	821	0	87515
27539	362	900	201	85440	0	86903
27540	82708	861	202	955	0	84726
27541	771	308	82200	916	0	84195
27542	847	83893	651	359	0	85750
27543	417	745	760	84632	0	86554
27544	293	863	86888	803	0	88847
27545	81972	271	773	949	0	83965
27546	1012	309	812	86969	0	89102
27547	87275	207	192	950	0	88624
27548	87105	215	157	968	0	88445
27549	1490	92604	193	354	0	94641
27550	94895	736	177	353	0	96161
27551	94336	897	170	334	0	95737
27552	95479	265	144	350	0	96238
27553	1618	247	159	93441	0	95465
27554	1028	212	138	92905	0	94283
27555	427	241	115	94309	0	95092
27556	317	308	92009	1673	0	94307
27557	281	90961	700	1018	0	92960
27558	88364	677	747	379	0	90167
27559	627	89214	176	274	0	90291
27560	765	615	94	88598	0	90072
27561	276	772	87964	660	0	89672
27562	78264	232	607	914	0	80017
27563	607	88485	705	288	0	90085
27564	770	644	146	87802	0	89362
27565	265	660	122	88143	0	89190
27566	217	279	87223	1179	0	88898
27567	194	87387	558	832	0	88971
27568	234	625	642	87480	0	88981
27569	206	715	144	88045	0	89110
27570	226	219	142	87106	0	87693
27571	83226	182	147	1296	0	84851
27572	665	274	84480	798	0	86217
27573	741	84049	585	311	0	85686
27574	83310	535	610	321	0	84776
27575	601	84920	192	313	0	86026
27576	722	693	124	82751	0	84290
27577	246	86946	117	720	0	88029
27578	85749	641	123	759	0	87272
27579	87562	765	99	380	0	88806
27580	1419	249	93	91383	0	93144
27581	928	197	113	92899	0	94137
27582	322	192	109	97584	0	98207
27583	275	239	98391	1901	0	100806
27584	228	102143	1021	1313	0	104705
27585	329	1177	1099	116076	0	118681
27586	273	1250	213	118795	0	120531
27587	261	299	159	121236	0	121955
27588	292	197	134	121341	0	121964
27589	268	364	118363	3418	0	122413
27590	229	124053	1480	2208	0	127970
27591	311	1786	1618	128580	0	132295
27592	310	1877	276	137476	0	139939
27593	311	551	134895	3930	0	139687
27594	312	320	1892	131426	0	133950
27595	232	131479	2129	2506	0	136346
27596	218	135133	490	2481	0	138322
27597	281	3982	241	133020	0	137524
27598	260	2370	129974	2408	0	135012
27599	115269	559	2037	2859	0	120724
27600	1848	128403	2162	1203	0	133616
27601	1972	1991	125808	763	0	130534
27602	500	2159	126716	667	0	130042
27603	276	122563	3758	647	0	127244
27604	456	2083	124942	600	0	128081
27605	641	2778	2396	118848	0	124663
27606	119718	577	2198	2151	0	124644
27607	121371	407	645	2204	0	124627
27608	123115	413	495	731	0	124754
27609	126061	464	400	566	0	127491
27610	3793	126401	418	685	0	131297
27611	127623	2023	469	670	0	130785
27612	2325	129812	520	710	0	133367
27613	2395	2374	127413	589	0	132771
27614	776	2361	2187	121486	0	126810
27615	515	129645	2320	2199	0	134679
27616	572	2327	669	124942	0	128510
27617	121702	2422	478	2572	0	127174
27618	2266	710	444	118810	0	122230
27619	2266	122412	456	2663	0	127797
27620	122779	2222	454	2575	0	128030
27621	2418	2367	123026	984	0	128795
27622	2478	835	2243	121627	0	127183
27623	802	602	2355	122296	0	126055
27624	118758	649	652	4415	0	124474
27625	2230	118666	574	3126	0	124596
27626	2304	2434	117846	1155	0	123739
27627	903	2386	2302	117572	0	123163
27628	621	950	119934	2722	0	124227
27629	553	115482	2478	2913	0	121426
27630	617	118796	2424	1426	0	123263
27631	117044	4125	869	1119	0	123157
27632	2338	2738	117014	1202	0	123292
27633	118437	1106	2491	1067	0	123101
27634	2625	820	2625	114186	0	120256
27635	2334	117987	1181	2636	0	124138
27636	117164	2520	845	2732	0	123261
27637	2532	2674	118928	1331	0	125465
27638	2675	1047	2444	117962	0	124128
27639	1088	939	2567	119109	0	123703
27640	974	893	994	118424	0	121285
27641	857	117776	866	4669	0	124168
27642	114049	2591	953	2891	0	120484
27643	2485	115906	767	1406	0	120564
27644	2463	115412	889	1166	0	119930
27645	1275	4201	812	114170	0	120458
27646	114452	2731	942	2675	0	120800
27647	114061	1163	840	2924	0	118988
27648	114737	1149	766	1464	0	118116
27649	4345	107556	750	1332	0	113983
27650	2962	2596	740	107229	0	113527
27651	1365	2758	107434	2705	0	114262
27652	1344	1128	2348	107791	0	112611
27653	1141	1150	2466	104197	0	108954
27654	1134	107078	1017	4529	0	113758
27655	107079	2705	835	3090	0	113709
27656	2741	2830	783	104180	0	110534
27657	2687	107199	963	2863	0	113712
27658	106972	2749	908	2941	0	113570
27659	2728	2824	106030	1499	0	113081
27660	104804	1266	2357	1426	0	109853
27661	2966	106755	2525	1331	0	113577
27662	108875	2752	974	1197	0	113798
27663	108427	2923	774	1149	0	113273
27664	4546	1513	106985	1053	0	114097
27665	108012	1229	2512	1062	0	112815
27666	3126	1125	112068	1161	0	117480
27667	3049	1083	112067	1027	0	117226
27668	109025	1203	4156	928	0	115312
27669	112225	1047	2755	1013	0	117040
27670	4724	1124	112451	942	0	119241
27671	3251	1004	2719	110316	0	117290
27672	1850	1019	2671	108902	0	114442
27673	1564	115266	1267	4165	0	122262
27674	114544	2603	1012	2847	0	121006
27675	117463	2719	721	1320	0	122223
27676	4931	1266	116294	1011	0	123502
27677	115816	963	2387	1007	0	120173
27678	116041	1001	2366	1016	0	120424
27679	4560	114879	1075	989	0	121503
27680	3073	2476	851	110230	0	116630
27681	1807	2342	759	107986	0	112894
27682	1436	1075	653	106613	0	109777
27683	99771	741	673	3441	0	104626
27684	2224	95829	678	2257	0	100988
27685	1685	1685	431	80187	0	83988
27686	818	81470	419	1348	0	84055
27687	802	3247	365	75466	0	79880
27688	662	78325	367	1202	0	80556
27689	613	78926	464	1242	0	81245
27690	70370	2024	992	818	0	74204
27691	69279	922	720	675	0	71596
27692	1120	257	213	63721	0	65311
27693	735	169	140	64729	0	65773
27694	298	120	146	65706	0	66270
27695	227	145	161	65805	0	66338
27696	223	161	129	65232	0	65745
27697	232	64092	119	1163	0	65606
27698	269	647	121	65293	0	66330
27699	306	596	118	66068	0	67088
27700	63517	179	133	1130	0	64959
27701	771	140	130	65660	0	66701
27702	730	160	101	65081	0	66072
27703	344	153	64366	1172	0	66035
27704	265	213	552	62863	0	63893
27705	263	303	572	65553	0	66691
27706	259	191	66471	1232	0	68153
27707	179	67873	614	908	0	69574
27708	232	642	68897	320	0	70091
27709	195	552	66516	241	0	67504
27710	99	64207	944	205	0	65455
27711	65686	516	707	198	0	67107
27712	65086	426	112	170	0	65794
27713	888	99	52	63851	0	64890
27714	64940	77	66	607	0	65690
27715	622	88	66060	508	0	67278
27716	547	74	522	66124	0	67267
27717	180	138	73003	647	0	73968
27718	141	66	580	72982	0	73769
27719	131	96	501	74367	0	75095
27720	130	79	104	75523	0	75836
27721	74630	73	81	1294	0	76078
27722	654	135	91	76768	0	77648
27723	76324	110	80	799	0	77313
27724	77050	101	96	712	0	77959
27725	1061	77148	105	377	0	78691
27726	77612	590	89	326	0	78617
27727	661	79839	140	339	0	80979
27728	654	642	98	78618	0	80012
27729	224	588	94	80614	0	81520
27730	218	165	85	81584	0	82052
27731	202	175	79403	1411	0	81191
27732	158	79475	692	943	0	81268
27733	261	747	613	74261	0	75882
27734	257	722	135	74038	0	75152
27735	192	78908	123	1163	0	80386
27736	78832	733	84	752	0	80401
27737	761	77871	96	448	0	79176
27738	76583	747	90	391	0	77811
27739	799	78333	117	404	0	79653
27740	762	779	86	74150	0	75777
27741	198	78951	143	827	0	80119
27742	79322	801	97	874	0	81094
27743	80296	669	101	414	0	81480
27744	80305	222	93	454	0	81074
27745	80075	161	109	403	0	80748
27746	1480	193	79492	326	0	81491
27747	79746	168	698	422	0	81034
27748	82209	160	627	436	0	83432
27749	82527	197	184	391	0	83299
27750	1440	211	80917	367	0	82935
27751	80014	181	662	435	0	81292
27752	865	82473	655	496	0	84489
27753	83895	722	206	422	0	85245
27754	942	735	88308	411	0	90396
27755	87714	260	736	452	0	89162
27756	89910	183	614	408	0	91115
27757	1371	169	173	89246	0	90959
27758	913	195	88988	936	0	91032
27759	89467	158	678	1067	0	91370
27760	922	161	648	92289	0	94020
27761	844	143	274	94544	0	95805
27762	372	222	94507	1439	0	96540
27763	85810	149	769	1078	0	87806
27764	94110	168	686	532	0	95496
27765	1337	94369	251	484	0	96441
27766	895	802	219	92858	0	94774
27767	442	697	189	93050	0	94378
27768	416	229	222	92205	0	93072
27769	404	93730	257	1373	0	95764
27770	93094	754	191	893	0	94932
27771	953	683	151	92811	0	94598
27772	882	240	157	93108	0	94387
27773	90284	176	178	1468	0	92106
27774	89900	167	194	1004	0	91265
27775	1380	139	219	91839	0	93577
27776	968	195	205	90909	0	92277
27777	391	218	87190	1388	0	89187
27778	80679	151	652	1054	0	82536
27779	909	88778	635	461	0	90783
27780	901	763	141	94391	0	96196
27781	499	696	148	96655	0	97998
27782	409	101692	147	1803	0	104051
27783	449	1104	116	104790	0	106459
27784	110199	1127	168	1509	0	113003
27785	1593	351	142	123432	0	125518
27786	1499	227	117	125517	0	127360
27787	506	199	104	128357	0	129166
27788	434	230	125181	4089	0	129934
27789	385	184	1731	127008	0	129308
27790	360	276	126518	2520	0	129674
27791	319	122941	1968	2194	0	127422
27792	373	1862	1810	123068	0	127113
27793	368	1707	433	124562	0	127070
27794	325	437	239	127615	0	128616
27795	292	245	224	127293	0	128054
27796	299	214	183	128452	0	129148
27797	120638	181	183	4179	0	125181
27798	1883	241	123237	2434	0	127795
27799	1768	121309	1753	1020	0	125850
27800	482	126997	1728	727	0	129934
27801	386	3334	380	125573	0	129673
27802	350	1894	262	128166	0	130672
27803	349	520	190	127822	0	128881
27804	267	125746	203	3881	0	130097
27805	385	1749	156	127333	0	129623
27806	328	1773	122700	2461	0	127262
27807	205	119997	1637	2251	0	124090
27808	327	1877	1608	120283	0	124095
27809	118665	1696	525	2254	0	123140
27810	1758	479	271	120462	0	122970
27811	1716	408	205	118502	0	120831
27812	445	115053	225	3618	0	119341
27813	361	121366	217	2411	0	124355
27814	314	3008	244	121084	0	124650
27815	309	1801	221	122096	0	124427
27816	283	598	120459	3753	0	125093
27817	255	474	13405	105750	0	119884
27818	279	352	1731	118318	0	120680
27819	239	329	629	118121	0	119318
27820	218	305	373	120009	0	120905
27821	114912	318	290	4234	0	119754
27822	115759	288	272	2924	0	119243
27823	3238	263	258	117056	0	120815
27824	1980	263	277	119109	0	121629
27825	116030	264	299	4386	0	120979
27826	1968	297	323	120633	0	123221
27827	1937	378	119436	3268	0	125019
27828	560	119218	1871	3072	0	124721
27829	455	1819	1859	120587	0	124720
27830	369	1797	662	122969	0	125797
27831	121437	642	432	4416	0	126927
27832	1791	488	401	125579	0	128259
27833	1855	495	320	127197	0	129867
27834	125519	405	310	4625	0	130859
27835	2012	463	261	128069	0	130805
27836	1960	127381	336	3246	0	132923
27837	652	2071	335	134333	0	137391
27838	508	2162	295	137268	0	140233
27839	507	707	307	137991	0	139512
27840	414	596	331	138905	0	140246
27841	432	708	133052	4949	0	139141
27842	350	683	131649	3553	0	136235
27843	330	575	3527	133359	0	137791
27844	330	560	2197	132496	0	135583
27845	282	133347	718	4930	0	139277
27846	436	2168	500	131253	0	134357
27847	384	132266	534	3552	0	136736
27848	129650	2326	467	3324	0	135767
27849	1964	135343	472	2034	0	139813
27850	2185	2469	331	137704	0	142689
27851	745	2237	319	140952	0	144253
27852	623	921	136977	5042	0	143563
27853	128219	581	1972	3869	0	134641
27854	131054	608	2014	2093	0	135769
27855	3683	131503	713	1926	0	137825
27856	2435	2141	496	128590	0	133662
27857	965	2218	134474	3193	0	140850
27858	679	136588	2108	3288	0	142663
27859	134599	2179	2067	1996	0	140841
27860	134768	2140	603	1836	0	139347
27861	4158	802	129863	1733	0	136556
27862	130818	540	2008	1728	0	135094
27863	2853	531	1975	131314	0	136673
27864	2541	132340	669	3252	0	138802
27865	132196	2172	467	3244	0	138079
27866	2514	2203	485	132940	0	138142
27867	135233	780	415	3298	0	139726
27868	138986	644	430	3489	0	143549
27869	4310	629	403	137084	0	142426
27870	2836	654	138538	3529	0	145557
27871	136863	484	2178	3736	0	143261
27872	142576	489	2152	2042	0	147259
27873	143998	445	631	1879	0	146953
27874	4593	144972	537	1720	0	151822
27875	2879	2268	418	143584	0	149149
27876	1208	2365	370	148811	0	152754
27877	892	876	145930	5304	0	153002
27878	974	730	2224	142954	0	146882
27879	652	142945	2359	3524	0	149480
27880	136133	2021	701	3169	0	142024
27881	2043	138054	561	1684	0	142342
27882	2081	2010	133360	1178	0	138629
27883	597	136549	2008	1156	0	140310
27884	525	131405	2024	799	0	134753
27885	1078	2217	1018	115655	0	119968
27886	116053	1233	358	1312	0	118956
27887	115914	320	200	1369	0	117803
27888	114741	264	145	547	0	115697
27889	2086	116879	202	577	0	119744
27890	1316	1153	115005	413	0	117887
27891	114164	1139	1051	452	0	116806
27892	117879	300	1122	410	0	119711
27893	2163	116916	281	432	0	119792
27894	119381	1149	196	421	0	121147
27895	1383	1174	217	118143	0	120917
27896	1441	382	123843	1258	0	126924
27897	123336	265	1154	1465	0	126220
27898	125560	273	1149	523	0	127505
27899	130336	268	269	472	0	131345
27900	2529	236	245	127330	0	130340
27901	1689	257	188	133080	0	135214
27902	615	254	210	139575	0	140654
27903	395	138961	256	3203	0	142815
27904	638	1801	234	141119	0	143792
27905	472	1794	166	154426	0	156858
27906	534	544	153261	3995	0	158334
27907	543	332	2015	154301	0	157191
27908	468	360	2051	157335	0	160214
27909	477	299	434	158566	0	159776
27910	555	286	324	157076	0	158241
27911	434	155475	323	4620	0	160852
27912	614	2184	243	158133	0	161174
27913	593	2255	247	156375	0	159470
27914	152294	465	330	4744	0	157833
27915	2511	418	152421	2840	0	158190
27916	2517	470	149161	914	0	153062
27917	145669	351	4128	870	0	151018
27918	151639	331	2372	721	0	155063
27919	4534	471	543	134030	0	139578
27920	2675	149241	456	2117	0	154489
27921	149947	2180	359	2222	0	154708
27922	2655	2331	360	145431	0	150777
27923	2483	150419	440	2457	0	155799
27924	149707	2120	295	2398	0	154520
27925	2402	152479	312	799	0	155992
27926	150624	2294	272	737	0	153927
27927	145872	2243	221	765	0	149101
27928	4159	143393	340	735	0	148627
27929	2599	2153	278	143325	0	148355
27930	942	2317	142244	2465	0	147968
27931	750	775	2004	141368	0	144897
27932	139676	461	2029	2707	0	144873
27933	2437	527	138615	2599	0	144178
27934	2340	137732	2043	1120	0	143235
27935	820	2423	2016	136253	0	141512
27936	685	2229	135006	2440	0	140360
27937	495	132901	2116	2530	0	138042
27938	131760	2145	2152	1069	0	137126
27939	2303	2041	555	132874	0	137773
27940	2291	505	459	134296	0	137551
27941	827	549	411	132008	0	133795
27942	576	132208	424	4216	0	137424
27943	131673	2107	412	2625	0	136817
27944	2215	132402	387	1076	0	136080
27945	2251	133863	294	1013	0	137421
27946	133133	3703	327	889	0	138052
27947	133887	2260	321	872	0	137340
27948	4011	780	130782	807	0	136380
27949	128749	578	1980	756	0	132063
27950	127324	603	1969	692	0	130588
27951	4229	545	470	124146	0	129390
27952	2679	642	123532	2336	0	129189
27953	1103	492	1963	124851	0	128409
27954	126564	401	2045	2726	0	131736
27955	2559	606	130714	2492	0	136371
27956	2636	526	2299	143539	0	149000
27957	1094	441	2275	155776	0	159586
27958	851	542	632	166119	0	168144
27959	161068	429	555	6965	0	169017
27960	4003	163684	574	4210	0	172471
27961	165923	3920	431	1498	0	171772
27962	4610	3214	163737	1240	0	172801
27963	3568	796	3915	156331	0	164610
27964	1051	163903	3127	4258	0	172339
27965	164560	3958	749	3721	0	172988
27966	4491	3258	536	164209	0	172494
27967	3623	1069	160768	4579	0	170039
27968	1183	705	3822	160568	0	166278
27969	154667	632	3165	4712	0	163176
27970	4064	153974	792	4038	0	162868
27971	3604	4207	555	138381	0	146747
27972	1006	154150	565	3978	0	159699
27973	148519	4124	480	5246	0	158369
27974	149552	3114	509	1332	0	154507
27975	6438	147847	530	1183	0	155998
27976	148831	3823	530	977	0	154161
27977	4550	3056	422	138433	0	146461
27978	3293	145369	493	3732	0	152887
27979	145529	3840	426	3128	0	152923
27980	147561	3040	426	1124	0	152151
27981	6619	141659	530	900	0	149708
27982	3589	143145	507	916	0	148157
27983	139887	5881	456	757	0	146981
27984	4326	3281	344	138896	0	146847
27985	141869	985	395	3864	0	147113
27986	4520	812	288	141691	0	147311
27987	3556	788	137846	4105	0	146295
27988	1362	664	3439	141356	0	146821
27989	136772	682	2691	4379	0	144524
27990	4327	679	137454	3257	0	145717
27991	3457	583	3597	136671	0	144308
27992	1320	620	2808	141846	0	146594
27993	1097	605	138153	6489	0	146344
27994	132324	511	3728	3562	0	140125
27995	4261	590	2789	137109	0	144749
27996	3314	599	130548	4197	0	138658
27997	119729	550	3781	3380	0	127440
27998	3696	128572	2891	1472	0	136631
27999	3018	127986	860	1160	0	133024
28000	1080	130804	786	1136	0	133806
28001	1024	5399	119342	1000	0	126765
28002	1014	3597	3092	113260	0	120963
28003	808	851	115241	3460	0	120360
28004	859	2692	3050	102301	0	108902
28005	568	99748	2182	3225	0	105723
28006	652	100824	627	2250	0	104353
28007	927	4271	555	98017	0	103770
28008	97849	2111	465	3049	0	103474
28009	2840	810	316	99830	0	103796
28010	2050	603	368	98173	0	101194
28011	822	97132	354	4380	0	102688
28012	95669	2697	299	2284	0	100949
28013	2787	98505	371	998	0	102661
28014	2097	2943	320	97252	0	102612
28015	925	2046	403	96744	0	100118
28016	746	96657	356	4549	0	102308
28017	876	2948	306	98812	0	102942
28018	97406	2130	237	3569	0	103342
28019	3371	1234	269	98481	0	103355
28020	2606	1000	412	97428	0	101446
28021	1302	96015	585	4422	0	102324
28022	1300	2799	548	98457	0	103104
28023	93545	2294	425	3439	0	99703
28024	96344	1091	395	2582	0	100412
28025	97924	1034	397	1406	0	100761
28026	5008	817	490	94763	0	101078
28027	2888	773	93246	3439	0	100346
28028	1528	819	94223	2661	0	99231
28029	1335	911	3994	94145	0	100385
28030	94492	1017	2002	3450	0	100961
28031	3304	988	630	96330	0	101252
28032	96963	907	625	3455	0	101950
28033	3974	802	478	96644	0	101898
28034	3017	838	463	97822	0	102140
28035	96104	1016	440	4698	0	102258
28036	3616	923	94004	2754	0	101297
28037	95444	860	2648	1434	0	100386
28038	3762	877	95051	1145	0	100835
28039	2949	693	2764	93174	0	99580
28040	93599	755	2110	3262	0	99726
28041	3405	938	94199	2424	0	100966
28042	2700	947	95051	1087	0	99785
28043	91567	774	4211	1261	0	97813
28044	3492	710	94843	1325	0	100370
28045	2480	91650	3007	1524	0	98661
28046	1176	2609	2350	95073	0	101208
28047	99367	1932	1076	3823	0	106198
28048	3219	764	102357	2802	0	109142
28049	103313	600	3134	1549	0	108596
28050	105900	572	2384	1411	0	110267
28051	107037	604	951	1521	0	110113
28052	106828	668	904	1459	0	109859
28053	4785	1403	830	99564	0	106582
28054	2549	100309	836	3309	0	107003
28055	94927	2358	854	2617	0	100756
28056	2404	1360	80598	986	0	85348
28057	903	64054	878	471	0	66306
28058	58521	631	981	287	0	60420
28059	634	56901	301	258	0	58094
28060	540	59176	184	229	0	60129
28061	1416	945	761	57341	0	60463
28062	269	413	193	59622	0	60497
28063	155	120	126	60202	0	60603
28064	61291	96	93	971	0	62451
28065	64381	71	120	632	0	65204
28066	1159	87	126	66654	0	68026
28067	771	84	111	70706	0	71672
28068	277	103	72772	1443	0	74595
28069	69883	91	920	967	0	71861
28070	74540	80	875	297	0	75792
28071	1784	85	164	74013	0	76046
28072	1054	77	128	74841	0	76100
28073	318	101	74219	1808	0	76446
28074	277	114	898	74178	0	75467
28075	232	88	76896	1064	0	78280
28076	256	76269	988	1165	0	78678
28077	295	812	77778	333	0	79218
28078	253	983	1010	74283	0	76529
28079	319	179	79172	932	0	80602
28080	185	132	76657	1036	0	78010
28081	76449	123	1803	274	0	78649
28082	1007	172	1004	81927	0	84110
28083	1052	131	82416	999	0	84598
28084	75429	103	1057	1173	0	77762
28085	1075	123	83431	319	0	84948
28086	1139	133	89337	218	0	90827
28087	238	90921	1915	412	0	93486
28088	251	899	1086	90150	0	92386
28089	253	933	90658	1015	0	92859
28090	259	171	90037	1045	0	91512
28091	319	112	1780	88971	0	91182
28092	248	72	1089	88373	0	89782
28093	203	90953	354	1814	0	93324
28094	248	880	220	91928	0	93276
28095	92173	888	209	1198	0	94468
28096	92453	157	246	1146	0	94002
28097	94174	107	229	436	0	94946
28098	1971	137	239	91237	0	93584
28099	1148	92753	311	1202	0	95414
28100	91970	879	252	1189	0	94290
28101	993	94178	287	450	0	95908
28102	991	92772	302	403	0	94468
28103	291	93461	305	341	0	94398
28104	92837	1705	334	446	0	95322
28105	1011	1016	319	92602	0	94948
28106	1068	234	346	92343	0	93991
28107	269	93230	352	1831	0	95682
28108	91166	918	354	1223	0	93661
28109	1056	1035	91304	329	0	93724
28110	1070	230	1117	91225	0	93642
28111	91497	166	1148	1121	0	93932
28112	987	93418	462	1154	0	96021
28113	96665	948	365	577	0	98555
28114	1192	983	342	96169	0	98686
28115	1089	99150	376	1116	0	101731
28116	397	1000	97558	1082	0	100037
28117	95616	987	1090	439	0	98132
28118	1116	283	1093	99805	0	102297
28119	101466	233	419	1288	0	103406
28120	1162	290	285	100588	0	102325
28121	1130	100585	332	1372	0	103419
28122	495	1044	103164	1183	0	105886
28123	484	1076	103225	473	0	105258
28124	408	669	1739	102104	0	104920
28125	104253	251	1164	1187	0	106855
28126	104634	235	348	1180	0	106397
28127	1869	211	245	103589	0	105914
28128	1255	234	255	104697	0	106441
28129	105942	251	272	1887	0	108352
28130	1199	252	297	106951	0	108699
28131	106946	259	310	1326	0	108841
28132	1142	106069	374	1308	0	108893
28133	105948	1029	313	570	0	107860
28134	1275	1131	107936	485	0	110827
28135	1238	390	1091	107170	0	109889
28136	549	280	1190	110720	0	112739
28137	501	253	440	111431	0	112625
28138	421	109001	477	2207	0	112106
28139	511	103471	432	1487	0	105901
28140	447	1813	363	110746	0	113369
28141	443	1172	110692	1418	0	113725
28142	451	381	1221	111433	0	113486
28143	460	305	1261	114141	0	116167
28144	478	398	490	115324	0	116690
28145	109900	333	421	2224	0	112878
28146	1118	109924	432	1527	0	113001
28147	1251	110502	455	726	0	112934
28148	554	2077	437	106584	0	109652
28149	514	1198	422	109601	0	111735
28150	521	380	358	110536	0	111795
28151	509	330	343	111501	0	112683
28152	107447	339	375	2246	0	110407
28153	1170	108531	460	2530	0	112691
28154	110874	1071	367	727	0	113039
28155	112703	1113	406	720	0	114942
28156	1995	439	327	112003	0	114764
28157	1336	378	239	113751	0	115704
28158	111999	259	237	2251	0	114746
28159	112729	310	243	1585	0	114867
28160	2114	361	188	111064	0	113727
28161	1462	360	148	111420	0	113390
28162	663	340	110588	2016	0	113607
28163	516	109118	897	1465	0	111996
28164	531	113158	814	645	0	115148
28165	107634	1253	457	502	0	109846
28166	931	814	109193	398	0	111336
28167	705	299	102791	351	0	104146
28168	93766	197	982	339	0	95284
28169	100635	119	624	266	0	101644
28170	769	109085	160	278	0	110292
28171	480	114909	105	305	0	115799
28172	297	718	90	116108	0	117213
28173	121374	428	100	838	0	122740
28174	122546	178	67	634	0	123425
28175	124281	118	85	493	0	124977
28176	834	163	82	122711	0	123790
28177	513	143	88	124413	0	125157
28178	266	186	125526	811	0	126789
28179	252	153	120268	545	0	121218
28180	233	152	126741	239	0	127365
28181	247	1431	629	122750	0	125057
28182	121991	61	322	497	0	122871
28183	449	149	127972	392	0	128962
28184	345	63	313	126402	0	127123
28185	135	130833	357	456	0	131781
28186	160	310	105	128879	0	129454
28187	124	303	63	130281	0	130771
28188	181	174	133911	847	0	135113
28189	152	75	556	132502	0	133285
28190	135485	75	534	791	0	136885
28191	851	214	143938	599	0	145602
28192	744	80	757	143719	0	145300
28193	252	172	149807	896	0	151127
28194	134	150495	954	932	0	152515
28195	325	926	152287	282	0	153820
28196	215	822	990	143093	0	145120
28197	169	248	861	152644	0	153922
28198	220	260	158230	1822	0	160532
28199	201	136	946	154601	0	155884
28200	196	175	873	154095	0	155339
28201	142	156170	302	1884	0	158498
28202	276	977	158244	1136	0	160633
28203	192	837	1053	156705	0	158787
28204	193	194	945	159943	0	161275
28205	152	162002	293	1966	0	164413
28206	178	1098	186	163847	0	165309
28207	164405	968	180	1376	0	166929
28208	1100	225	219	165351	0	166895
28209	1065	207	166547	1379	0	169198
28210	160687	118	1186	1409	0	163400
28211	172477	150	1152	526	0	174305
28212	2481	197	176110	360	0	179148
28213	168889	118	1430	623	0	171060
28214	1482	181033	1454	512	0	184481
28215	1474	1442	350	184601	0	187867
28216	447	1426	231	198033	0	200137
28217	331	295	245	198610	0	199481
28218	306	166	274	201730	0	202476
28219	320	154	237	202379	0	203090
28220	197883	149	231	3946	0	202209
28221	1932	267	197795	2274	0	202268
28222	188018	172	1960	893	0	191043
28223	2099	287	196824	650	0	199860
28224	1930	156	2014	194112	0	198212
28225	196168	159	1901	2307	0	200535
28226	2067	190	521	195211	0	197989
28227	1943	197744	477	2379	0	202543
28228	203418	1830	425	2247	0	207920
28229	2222	2212	398	209728	0	214560
28230	2111	411	204826	2322	0	209670
28231	191034	231	1934	2583	0	195782
28232	2136	217355	1937	1018	0	222446
28233	2299	2131	224814	773	0	230017
28234	717	2017	2234	221957	0	226925
28235	639	469	2132	218487	0	221727
28236	432	223099	680	4307	0	228518
28237	533	2224	223508	2640	0	228905
28238	519	2129	2219	221036	0	225903
28239	475	640	231526	2900	0	235541
28240	506	354	2450	227636	0	230946
28241	517	270	2258	229838	0	232883
28242	589	392	229917	4633	0	235531
28243	598	289	2466	228561	0	231914
28244	873	681	2905	191577	0	196036
28245	644	294	742	243662	0	245342
28246	633	304	662	245012	0	246611
28247	235377	274	720	5397	0	241768
28248	2727	391	235282	3337	0	241737
28249	237523	374	2708	1669	0	242274
28250	3089	365	2687	248758	0	254899
28251	2883	332	847	253509	0	257571
28252	958	395	728	252108	0	254189
28253	622	245693	807	9728	0	256850
28254	251326	3106	681	3905	0	259018
28255	3014	2594	761	263003	0	269372
28256	2816	264542	823	3694	0	271875
28257	931	2718	686	268455	0	272790
28258	268244	2716	741	4195	0	275896
28259	267253	724	682	3954	0	272613
28260	269469	546	714	1852	0	272581
28261	5313	268980	822	1768	0	276883
28262	3244	2884	271146	1739	0	279013
28263	265895	2756	2960	1841	0	273452
28264	276162	608	2939	1783	0	281492
28265	5485	279301	1037	1662	0	287485
28266	280331	2965	728	1673	0	285697
28267	277680	2937	705	1632	0	282954
28268	282868	678	681	1703	0	285930
28269	6124	287361	812	1862	0	296159
28270	3904	3059	650	287400	0	295013
28271	291448	3029	638	4354	0	299469
28272	298748	805	671	4169	0	304393
28273	296522	598	574	1991	0	299685
28274	298045	658	582	1750	0	301035
28275	7023	733	603	291737	0	300096
28276	4337	910	291486	4429	0	301162
28277	1922	558	3429	290136	0	296045
28278	1570	294457	3390	4530	0	303947
28279	1634	3577	837	304445	0	310493
28280	1612	3529	304535	4574	0	314250
28281	296653	788	3856	4479	0	305776
28282	4855	662	3636	308579	0	317732
28283	306919	710	986	4772	0	313387
28284	307366	679	760	4839	0	313644
28285	7933	920	692	311262	0	320807
28286	5040	735	314261	4766	0	324802
28287	2380	788	296189	4302	0	303659
28288	281001	727	6376	1937	0	290041
28289	4550	303363	3707	1609	0	313229
28290	4094	303875	978	1394	0	310341
28291	1752	306550	765	1615	0	310682
28292	1566	315059	899	1394	0	318918
28293	304053	6258	1531	1473	0	313315
28294	305027	3327	789	1294	0	310437
28295	306474	956	556	1264	0	309250
28296	307085	882	560	1270	0	309797
28297	6971	919	562	295981	0	304433
28298	4167	296259	694	3756	0	304876
28299	294519	3324	639	3621	0	302103
28300	4350	3268	298010	1253	0	306881
28301	4006	296794	3316	1607	0	305723
28302	2107	3354	297632	1204	0	304297
28303	286644	3061	3333	1349	0	294387
28304	296798	965	3058	1272	0	302093
28305	296438	1174	901	1189	0	299702
28306	6895	760	689	293768	0	302112
28307	4431	900	295194	3480	0	304005
28308	1925	294185	3150	3698	0	302958
28309	283948	3163	2941	1382	0	291434
28310	4003	290409	959	1464	0	296835
28311	3527	285036	651	1448	0	290662
28312	1733	284997	677	1186	0	288593
28313	1617	283962	644	1216	0	287439
28314	1823	5113	266703	894	0	274533
28315	1576	274133	2903	1044	0	279656
28316	257285	2751	2569	941	0	263546
28317	3148	2486	613	258815	0	265062
28318	2889	970	492	262239	0	266590
28319	258732	787	515	4340	0	264374
28320	3043	258114	754	2815	0	264726
28321	3137	2722	262588	912	0	269359
28322	1645	2454	2327	258555	0	264981
28323	1630	830	2161	265931	0	270552
28324	1580	855	635	269655	0	272725
28325	1426	1032	264972	4278	0	271708
28326	1500	998	264548	2523	0	269569
28327	1614	871	3991	262142	0	268618
28328	1405	865	264375	2473	0	269118
28329	1358	889	251421	2195	0	255863
28330	199645	915	4291	1404	0	206255
28331	2761	251849	2316	1121	0	258047
28332	2544	246195	813	846	0	250398
28333	1560	250184	690	982	0	253416
28334	1574	4384	731	233832	0	240521
28335	1214	253730	841	2078	0	257863
28336	255631	2543	853	2197	0	261224
28337	3082	2520	261626	855	0	268083
28338	263465	949	2683	958	0	268055
28339	3367	890	2646	269195	0	276098
28340	3246	860	868	271167	0	276141
28341	1176	283850	841	5120	0	290987
28342	283275	3342	832	3238	0	290687
28343	283040	3231	1171	1099	0	288541
28344	6959	297534	819	1175	0	306487
28345	3773	4124	656	290210	0	298763
28346	1492	3626	295141	3565	0	303824
28347	1341	1270	298328	3618	0	304557
28348	1044	301476	6525	1412	0	310457
28349	298004	4267	3986	1510	0	307767
28350	4319	3739	302976	732	0	311766
28351	4174	1181	3768	295407	0	304530
28352	303613	850	3826	3849	0	312138
28353	308248	836	1034	3878	0	313996
28354	7231	353263	928	1247	0	362669
28355	4390	365778	976	1004	0	372148
28356	366005	9415	911	817	0	377148
28357	6188	5749	366417	765	0	379119
28358	366567	1515	5420	864	0	374366
28359	370812	1096	5146	820	0	377874
28360	10725	1193	1346	365520	0	378784
28361	6325	1132	373347	5600	0	386404
28362	2178	1003	369107	5095	0	377383
28363	348442	859	10920	1463	0	361684
28364	6659	1211	371350	884	0	380104
28365	346631	971	6608	878	0	355088
28366	358045	712	5643	883	0	365283
28367	10340	358044	1781	1178	0	371343
28368	6659	5649	358501	702	0	371511
28369	2040	355618	6107	930	0	364695
28370	343025	5915	5852	1059	0	355851
28371	6318	5487	340963	640	0	353408
28372	6150	1842	5757	321544	0	335293
28373	2469	1200	337997	5204	0	346870
28374	2072	1008	337800	4862	0	345742
28375	2337	941	340963	1008	0	345249
28376	2065	1064	339726	825	0	343680
28377	1546	327319	10657	1348	0	340870
28378	2174	5501	329051	880	0	337606
28379	1596	322970	6390	1217	0	332173
28380	2177	5529	317242	741	0	325689
28381	306479	4946	6862	831	0	319118
28382	6551	1482	5732	277258	0	291023
28383	5654	315457	2573	4207	0	327891
28384	311654	5163	2170	4289	0	323276
28385	311422	5184	2382	1232	0	320220
28386	300881	1818	2239	917	0	305855
28387	307679	1459	2245	932	0	312315
28388	10067	304367	2487	1113	0	318034
28389	301190	5535	1986	1014	0	309725
28390	303070	5328	2365	1042	0	311805
28391	10191	293135	2260	1382	0	306968
28392	6521	5947	286803	958	0	300229
28393	3065	5833	6174	272768	0	287840
28394	2785	291744	6467	4711	0	305707
28395	2868	5922	295222	4583	0	308595
28396	2972	5810	298750	1450	0	308982
28397	2760	293428	11031	1306	0	308525
28398	2607	297377	7165	1197	0	308346
28399	2753	311424	3436	1372	0	318985
28400	2829	311024	2851	970	0	317674
28401	303439	11468	2829	999	0	318735
28402	307571	7307	2790	1054	0	318722
28403	12242	3012	312467	1186	0	328907
28404	7968	2704	320164	1032	0	331868
28405	4022	2305	12168	306899	0	325394
28406	3671	2388	7916	316995	0	330970
28407	3666	2798	3327	324210	0	334001
28408	316624	2582	3197	10609	0	333012
28409	8148	320503	3273	6723	0	338647
28410	8003	332276	3262	2041	0	345582
28411	4196	339749	3294	1576	0	348815
28412	328325	12803	3187	1366	0	345681
28413	334149	8123	3535	1398	0	347205
28414	13693	3760	3337	327821	0	348611
28415	342922	2876	3659	6558	0	356015
28416	341736	3074	3730	6425	0	354965
28417	14487	3171	3307	336526	0	357491
28418	341534	3321	3397	7123	0	355375
28419	9911	335339	3971	6800	0	356021
28420	9547	8387	4183	334541	0	356658
28421	5117	8349	331078	6837	0	351381
28422	4663	329908	9738	6962	0	351271
28423	5175	9062	336995	2506	0	353738
28424	4946	8431	9923	304754	0	328054
28425	4708	333959	9845	6776	0	355288
28426	5223	8543	5322	331378	0	350466
28427	4714	8413	5042	336036	0	354205
28428	4973	3957	332310	12561	0	353801
28429	4606	3518	346856	7783	0	362763
28430	4456	3639	14974	336996	0	360065
28431	4703	3600	10621	315947	0	334871
28432	4269	342522	5584	12205	0	364580
28433	323665	9482	4647	7485	0	345279
28434	9956	338779	4509	3395	0	356639
28435	9022	338799	4064	3089	0	354974
28436	4469	14415	322332	3047	0	344263
28437	3483	325827	9152	3008	0	341470
28438	3967	9522	9305	286108	0	308902
28439	3591	318718	4897	7088	0	334294
28440	3785	8945	3874	294211	0	310815
28441	2768	308561	3936	7404	0	322669
28442	299917	8905	3521	6386	0	318729
28443	8178	308685	3583	2981	0	323427
28444	6859	8896	3034	261645	0	280434
28445	3292	290738	2965	6113	0	303108
28446	283807	8347	3209	5371	0	300734
28447	282322	7869	2214	2408	0	294813
28448	11334	281026	2346	2503	0	297209
28449	275441	7834	1871	1892	0	287038
28450	8478	10119	2053	260357	0	281007
28451	6866	3601	266149	6307	0	282923
28452	4064	3302	269101	5323	0	281790
28453	3251	265838	10216	2649	0	281954
28454	209262	4431	5873	1643	0	221209
28455	207306	3753	1528	1303	0	213890
28456	6447	1628	205148	1273	0	214496
28457	3719	1457	203413	1213	0	209802
28458	191470	1530	5684	1277	0	199961
28459	201646	1302	3311	1275	0	207534
28460	5832	1518	197775	1180	0	206305
28461	183988	1557	3510	1136	0	190191
28462	3650	189699	3071	1253	0	197673
28463	2973	198434	1164	1266	0	203837
28464	1414	6103	1393	192215	0	201125
28465	1195	3729	1018	196754	0	202696
28466	195247	1767	1006	5694	0	203714
28467	195897	1545	1064	3459	0	201965
28468	198145	1488	978	1622	0	202233
28469	5844	1587	892	194572	0	202895
28470	3664	1540	880	193450	0	199534
28471	1701	188735	881	5663	0	196980
28472	1441	193325	922	3537	0	199225
28473	1460	199087	940	1572	0	203059
28474	1676	6202	862	181843	0	190583
28475	1529	192357	970	3454	0	198310
28476	1992	4338	184062	2923	0	193315
28477	170631	3743	3148	1499	0	179021
28478	3965	2111	189405	1218	0	196699
28479	3391	1866	187894	1232	0	194383
28480	177264	1804	5324	1199	0	185591
28481	3835	188892	3165	1212	0	197104
28482	190843	4006	1240	1291	0	197380
28483	190217	3664	1078	1431	0	196390
28484	6144	1837	188280	1204	0	197465
28485	4047	1716	194045	1133	0	200941
28486	2123	194434	5603	1324	0	203484
28487	2115	4203	199268	1229	0	206815
28488	1990	3644	3976	196100	0	205710
28489	2023	2060	3488	170153	0	177724
28490	1770	199355	1622	5417	0	208164
28491	1717	205188	1439	3314	0	211658
28492	200768	6424	1193	1669	0	210054
28493	205632	4119	1191	1541	0	212483
28494	6467	2118	1317	202715	0	212617
28495	4175	1688	1414	206243	0	213520
28496	200033	1562	1387	5749	0	208731
28497	201321	1515	1373	3518	0	207727
28498	6122	203786	1341	1666	0	212915
28499	194254	3545	1102	1040	0	199941
28500	4153	189515	1008	962	0	195638
28501	3432	193735	932	977	0	199076
28502	191298	5193	1015	1009	0	198515
28503	190016	3243	1003	1071	0	195333
28504	5696	1639	902	186973	0	195210
28505	186818	1369	864	3028	0	192079
28506	4228	1509	185493	2472	0	193702
28507	3426	186679	2758	1419	0	194282
28508	182992	3085	2454	1323	0	189854
28509	3730	2609	185658	1124	0	193121
28510	2907	2146	2632	168328	0	176013
28511	1710	175949	2236	2141	0	182036
28512	1666	180390	974	1918	0	184948
28513	178996	3821	1372	902	0	185091
28514	3037	2467	175868	779	0	182151
28515	165490	985	2262	450	0	169187
28516	2955	787	1996	168157	0	173895
28517	2372	795	168585	1850	0	173602
28518	160227	629	2230	2017	0	165103
28519	2584	172937	1896	768	0	178185
28520	2129	179933	967	687	0	183716
28521	180712	3240	1126	697	0	185775
28522	180622	1998	668	748	0	184036
28523	184515	878	447	923	0	186763
28524	3883	816	547	179689	0	184935
28525	2627	697	603	182345	0	186272
28526	1336	624	181347	2931	0	186238
28527	1269	582	178194	1844	0	181889
28528	1059	180005	2794	1006	0	184864
28529	959	1832	1494	170402	0	174687
28530	168805	1302	519	1406	0	172032
28531	1477	168913	381	1433	0	172204
28532	1393	1580	286	169548	0	172807
28533	168095	1273	303	1549	0	171220
28534	1584	168236	328	1474	0	171622
28535	1553	175384	319	606	0	177862
28536	1057	2212	167827	394	0	171490
28537	160692	1387	1449	546	0	164074
28538	170555	593	1226	529	0	172903
28539	2150	559	167397	480	0	170586
28540	152807	329	1042	377	0	154555
28541	1354	528	165498	331	0	167711
28542	1091	162176	973	348	0	164588
28543	965	1318	1135	159082	0	162500
28544	157276	911	413	922	0	159522
28545	987	157834	307	859	0	159987
28546	935	156964	310	314	0	158523
28547	149864	1208	210	303	0	151585
28548	859	812	157356	249	0	159276
28549	149219	272	707	510	0	150708
28550	794	164011	678	323	0	165806
28551	844	729	156952	219	0	158744
28552	151771	630	599	266	0	153266
28553	161240	269	570	241	0	162320
28554	1157	237	189	158795	0	160378
28555	805	219	137	161957	0	163118
28556	331	161908	176	1115	0	163530
28557	350	822	159825	726	0	161723
28558	352	686	705	161136	0	162879
28559	349	316	171611	925	0	173201
28560	364	302	172469	887	0	174022
28561	288	182	1701	176035	0	178206
28562	377	235	183843	1162	0	185617
28563	428	260	181788	1086	0	183562
28564	285	225	2178	170538	0	173226
28565	278	287	182630	1285	0	184480
28566	158193	188	1505	1303	0	161189
28567	1206	177506	1280	588	0	180580
28568	1260	1219	180398	281	0	183158
28569	594	1217	192758	283	0	194852
28570	376	353	2308	181653	0	184690
28571	198004	194	1326	1449	0	200973
28572	198975	213	441	1279	0	200908
28573	199321	200	314	477	0	200312
28574	200391	192	301	405	0	201289
28575	2440	208	302	194464	0	197414
28576	1458	343	198357	1282	0	201440
28577	194420	206	1324	1442	0	197392
28578	201739	192	1283	500	0	203714
28579	203291	200	454	453	0	204398
28580	2484	257	197412	292	0	200445
28581	177182	231	1541	435	0	179389
28582	1512	224	1352	204708	0	207796
28583	1310	210039	658	1501	0	213508
28584	663	1778	411	202672	0	205524
28585	382	208253	488	1475	0	210598
28586	205723	1530	467	1415	0	209135
28587	1765	1471	207198	451	0	210885
28588	1556	365	1773	196871	0	200565
28589	422	206056	1744	1489	0	209711
28590	362	210542	604	1552	0	213060
28591	209079	2801	582	507	0	212969
28592	208953	1591	438	448	0	211430
28593	3132	499	203818	334	0	207783
28594	203020	243	1901	343	0	205507
28595	2189	237	1688	205882	0	209996
28596	2064	287	212374	1819	0	216544
28597	890	315	211191	1715	0	214111
28598	772	265	3188	212651	0	216876
28599	228551	234	1904	2353	0	233042
28600	2558	211	546	229057	0	232372
28601	2358	172	481	230478	0	233489
28602	900	220	462	228451	0	230033
28603	664	231496	537	4078	0	236775
28604	786	2048	425	233942	0	237201
28605	223751	1947	445	2711	0	228854
28606	2299	228622	578	2474	0	233973
28607	2269	2218	430	230144	0	235061
28608	226765	2136	409	2687	0	231997
28609	2393	225385	500	2506	0	230784
28610	2231	229293	573	899	0	232996
28611	805	4348	430	227309	0	232892
28612	221732	2482	470	2598	0	227282
28613	2626	763	224085	2427	0	229901
28614	2571	558	223101	844	0	227074
28615	220141	475	4555	712	0	225883
28616	231558	503	2683	656	0	235400
28617	4927	235455	811	744	0	241937
28618	3132	2632	661	227892	0	234317
28619	1102	2596	232215	2660	0	238573
28620	933	726	227403	2772	0	231834
28621	844	515	244317	1056	0	246732
28622	776	240216	5774	888	0	247654
28623	697	242376	3344	1009	0	247426
28624	239623	5162	956	1068	0	246809
28625	3533	3092	241601	800	0	249026
28626	235689	785	3161	1006	0	240641
28627	241301	562	3042	1065	0	245970
28628	5863	695	245078	955	0	252591
28629	3406	253042	3374	995	0	260817
28630	1504	3547	3028	246759	0	254838
28631	1149	3303	257767	3385	0	265604
28632	1047	1220	250246	3207	0	255720
28633	233976	893	5912	1238	0	242019
28634	3560	255546	3573	976	0	263655
28635	3552	3536	1056	245990	0	254134
28636	1358	3551	806	239204	0	244919
28637	1046	249758	884	5855	0	257543
28638	1085	255932	1016	3421	0	261454
28639	1133	260579	1021	1163	0	263896
28640	1186	6581	952	261033	0	269752
28641	266047	3744	867	4057	0	274715
28642	4385	1168	886	271472	0	277911
28643	4138	1091	270120	4488	0	279837
28644	1469	1039	270253	4072	0	276833
28645	1181	871	7367	272980	0	282399
28646	1244	1001	278982	4410	0	285637
28647	1152	276442	4772	4372	0	286738
28648	1217	4328	4119	284493	0	294157
28649	293344	3998	1439	5069	0	303850
28650	289331	1199	1117	4656	0	296303
28651	8569	293252	1142	1916	0	304879
28652	299359	5169	1046	1423	0	306997
28653	301252	4643	1022	1357	0	308274
28654	303984	1279	1118	1621	0	308002
28655	9535	1319	275233	1257	0	287344
28656	281421	1103	4673	1328	0	288525
28657	5446	287814	4464	1770	0	299494
28658	4953	4730	287206	1098	0	297987
28659	2022	4349	287868	1070	0	295309
28660	1424	284230	8425	1338	0	295417
28661	279180	5087	5329	1144	0	290740
28662	5612	4486	1479	265676	0	277253
28663	4606	271773	1109	4490	0	281978
28664	275504	4770	1071	4283	0	285628
28665	5144	4576	1047	276099	0	286866
28666	279855	1425	1068	5283	0	287631
28667	5607	1087	1036	282845	0	290575
28668	4930	1117	277347	5393	0	288787
28669	1710	1317	270084	4752	0	277863
28670	1672	1346	276232	1450	0	280700
28671	1622	1207	8937	261440	0	273206
28672	1494	1251	5191	275112	0	283048
28673	1713	1427	272570	8762	0	284472
28674	1736	270806	5457	5417	0	283416
28675	276269	5127	4995	1583	0	287974
28676	276674	4832	1745	1286	0	284537
28677	9561	281136	1754	1449	0	293900
28678	6014	6010	1809	280566	0	294399
28679	2299	5091	290617	5448	0	303455
28680	277695	1537	6432	5270	0	290934
28681	6508	1394	295409	1939	0	305250
28682	5868	1351	281248	1195	0	289662
28683	2219	1407	286793	1039	0	291458
28684	266132	1317	10405	1136	0	278990
28685	6438	1298	281622	1240	0	290598
28686	5736	271094	6301	1273	0	284404
28687	2287	279816	5823	1214	0	289140
28688	2147	9053	2437	266507	0	280144
28689	1997	5297	1906	272333	0	281533
28690	1923	1628	271178	8654	0	283383
28691	257845	1346	5999	5304	0	270494
28692	274836	1277	5462	1744	0	283319
28693	9720	1301	2215	270915	0	284151
28694	272257	1000	1952	5311	0	280520
28695	6077	269664	2036	5239	0	283016
28696	267976	5456	1622	1804	0	276858
28697	6098	265327	1760	1901	0	275086
28698	5008	262514	1630	1818	0	270970
28699	253187	8167	1901	1483	0	264738
28700	254407	4806	1663	1272	0	262148
28701	260371	1561	1694	1320	0	264946
28702	262383	1132	1789	1384	0	266688
28703	9525	1280	246917	1270	0	258992
28704	243679	1248	5570	1148	0	251645
28705	6272	1309	5048	237007	0	249636
28706	5406	245745	2095	4595	0	257841
28707	244702	5002	1677	4389	0	255770
28708	5599	248540	1763	1690	0	257592
28709	248970	5101	1666	1401	0	257138
28710	6386	4501	1581	244721	0	257189
28711	5661	1689	1521	249671	0	258542
28712	2543	1456	246026	8190	0	258215
28713	2559	1459	247598	4881	0	256497
28714	2327	246525	8201	2166	0	259219
28715	236445	4770	4939	1737	0	247891
28716	5631	240644	1840	1494	0	249609
28717	5262	238185	1547	1456	0	246450
28718	2852	247494	1399	1341	0	253086
28719	3267	8022	234926	1136	0	247351
28720	2488	241338	4758	1218	0	249802
28721	222960	5090	4565	1088	0	233703
28722	223636	4295	1733	956	0	230620
28723	8182	1819	1414	212846	0	224261
28724	5175	215914	1416	4175	0	226680
28725	2546	220727	1450	3873	0	228596
28726	2596	7458	1376	216329	0	227759
28727	2605	4644	218056	4169	0	229474
28728	2482	212886	4358	3858	0	223584
28729	2870	5006	3799	204455	0	216130
28730	200986	4278	1378	4320	0	210962
28731	201539	1932	1211	3955	0	208637
28732	7089	204271	1469	1781	0	214610
28733	206457	4608	1346	1395	0	213806
28734	205672	4098	1466	1207	0	212443
28735	7720	2038	1370	197636	0	208764
28736	4866	1694	195783	4111	0	206454
28737	2335	198823	4316	3837	0	209311
28738	2129	5753	3852	195073	0	206807
28739	2015	4358	194995	3644	0	205012
28740	2014	190426	3696	3236	0	199372
28741	181724	4184	3615	1363	0	190886
28742	182717	3709	1378	1127	0	188931
28743	6272	1920	1113	178188	0	187493
28744	4103	182101	1103	3307	0	190614
28745	2269	3888	180032	3082	0	189271
28746	2100	4048	3414	176593	0	186155
28747	1885	1958	182934	3310	0	190087
28748	1353	168824	2901	2909	0	175987
28749	2539	3146	2939	156135	0	164759
28750	155387	2625	979	2385	0	161376
28751	2695	155715	724	2272	0	161406
28752	153928	2607	595	1013	0	158143
28753	150425	2512	542	934	0	154413
28754	4231	154763	622	964	0	160580
28755	3017	2502	734	153757	0	160010
28756	1656	2694	657	152568	0	157575
28757	1367	149827	710	3559	0	155463
28758	1251	155063	763	2430	0	159507
28759	1305	3796	657	144159	0	149917
28760	1267	151838	638	1944	0	155687
28761	151276	2613	626	1851	0	156366
28762	150699	2248	535	962	0	154444
28763	3790	1286	149327	819	0	155222
28764	2450	1167	148923	740	0	153280
28765	144781	1007	2961	937	0	149686
28766	153586	924	1926	853	0	157289
28767	3220	158212	893	807	0	163132
28768	157832	2341	734	912	0	161819
28769	155739	2294	602	842	0	159477
28770	3498	154229	567	831	0	159125
28771	156902	2369	454	854	0	160579
28772	2651	2482	527	175034	0	180694
28773	2414	1614	534	180345	0	184907
28774	1328	1076	187134	4503	0	194041
28775	960	181971	2449	2618	0	187998
28776	807	187915	2034	883	0	191639
28777	177582	5953	1827	1538	0	186900
28778	178044	2148	537	740	0	181469
28779	175429	615	347	631	0	177022
28780	180423	505	365	546	0	181839
28781	3895	567	175618	416	0	180496
28782	2058	643	178224	470	0	181395
28783	688	181404	3476	575	0	186143
28784	765	2374	2002	181261	0	186402
28785	818	2092	468	176053	0	179431
28786	754	185843	345	3268	0	190210
28787	924	2468	341	182664	0	186397
28788	179773	1924	411	2370	0	184478
28789	2519	182648	480	1913	0	187560
28790	2312	2471	186877	582	0	192242
28791	756	191695	2322	667	0	195440
28792	188636	2485	2020	616	0	193757
28793	2512	2223	188450	671	0	193856
28794	183568	767	2412	695	0	187442
28795	190416	642	1875	617	0	193550
28796	4004	775	189119	477	0	194375
28797	2215	631	189530	492	0	192868
28798	960	663	188193	412	0	190228
28799	169078	640	3898	461	0	174077
28800	2641	523	189747	438	0	193349
28801	2144	186452	2368	534	0	191498
28802	185802	2173	1890	359	0	190224
28803	2485	1790	187149	259	0	191683
28804	176055	554	2492	427	0	179528
28805	2791	514	187702	280	0	191287
28806	2309	509	193907	294	0	197019
28807	962	196731	3873	547	0	202113
28808	939	2318	198607	362	0	202226
28809	1130	1899	195922	316	0	199267
28810	811	176261	4161	749	0	181982
28811	188196	2307	2305	376	0	193184
28812	2686	1976	191622	332	0	196616
28813	2258	780	2670	170733	0	176441
28814	966	192072	2218	1834	0	197090
28815	188652	2278	1117	1781	0	193828
28816	189832	1951	1086	777	0	193646
28817	3988	930	191943	566	0	197427
28818	2358	187681	2773	518	0	193330
28819	915	192894	2617	514	0	196940
28820	1105	4239	1049	183066	0	189459
28821	1170	183329	938	2024	0	187461
28822	1482	3075	932	165140	0	170629
28823	1404	2329	848	189739	0	194320
28824	1176	192688	1128	3736	0	198728
28825	1220	2777	1113	189397	0	194507
28826	1150	192424	1098	2620	0	197292
28827	1090	3139	185908	2240	0	192377
28828	1046	2757	2832	185779	0	192414
28829	1113	1569	2350	186275	0	191307
28830	1147	187903	1193	4084	0	194327
28831	1287	193308	987	2428	0	198010
28832	1274	4537	940	182981	0	189732
28833	1044	190823	1290	2570	0	195727
28834	184260	3389	1240	2293	0	191182
28835	2954	2680	1272	186033	0	192939
28836	2441	189849	1323	2693	0	196306
28837	184659	3057	1190	2232	0	191138
28838	2899	185763	1283	1097	0	191042
28839	2765	3270	180294	980	0	187309
28840	1449	2734	3238	178990	0	186411
28841	180458	1479	2917	2670	0	187524
28842	3225	1235	186376	2272	0	193108
28843	2650	1505	3365	175759	0	183279
28844	1596	183849	2832	2351	0	190628
28845	1612	3141	180252	2092	0	187097
28846	1301	186264	3429	912	0	191906
28847	173909	2917	3064	793	0	180683
28848	179754	2601	1905	708	0	184968
28849	4330	179418	2003	787	0	186538
28850	179300	3023	1818	788	0	184929
28851	3228	2713	176225	704	0	182870
28852	2565	1397	3766	170253	0	177981
28853	1402	1411	3006	173690	0	179509
28854	1587	73531	1624	106417	0	183159
28855	182301	1972	1885	3471	0	189629
28856	187338	2062	1410	1827	0	192637
28857	4430	1579	186361	692	0	193062
28858	185280	1148	3275	811	0	190514
28859	190514	1461	2734	796	0	195505
28860	192138	1160	1575	942	0	195815
28861	4681	1423	1366	186392	0	193862
28862	2815	1459	1276	188412	0	193962
28863	1425	192384	1199	4250	0	199258
28864	186269	3226	1257	2370	0	193122
28865	186893	2494	1044	1333	0	191764
28866	4418	188681	942	1160	0	195201
28867	2555	3588	873	183326	0	190342
28868	1340	192834	756	2796	0	197726
28869	1059	200110	809	2260	0	204238
28870	192077	4937	1287	1210	0	199511
28871	3349	2941	191786	1237	0	199313
28872	1755	834	171702	477	0	174768
28873	615	170937	2780	607	0	174939
28874	156977	1711	2023	428	0	161139
28875	1733	1404	160475	356	0	163968
28876	1249	148842	1522	481	0	152094
28877	149649	1434	1116	312	0	152511
28878	1446	1212	148710	257	0	151625
28879	1130	433	1372	142665	0	145600
28880	153043	293	1116	1520	0	155972
28881	1693	369	153601	1174	0	156837
28882	1390	380	160955	379	0	163104
28883	491	338	166260	256	0	167345
28884	345	314	165755	224	0	166638
28885	148092	331	3028	324	0	151775
28886	170390	237	1391	245	0	172263
28887	2596	171832	386	405	0	175219
28888	1488	1790	274	173323	0	176875
28889	415	1413	249	176933	0	179010
28890	302	177031	249	3010	0	180592
28891	354	2179	216	174787	0	177536
28892	268	181741	280	2069	0	184358
28893	264	183651	281	1689	0	185885
28894	382	3710	260	179958	0	184310
28895	371	2099	181987	2225	0	186682
28896	253	183285	2304	1820	0	187662
28897	340	2327	1838	181995	0	186500
28898	184078	1856	535	2266	0	188735
28899	2430	582	184121	1792	0	188925
28900	180655	390	2374	510	0	183929
28901	185662	368	1965	399	0	188394
28902	4094	399	518	186354	0	191365
28903	2276	395	191184	2555	0	196410
28904	775	468	191596	2070	0	194909
28905	470	197420	4627	656	0	203173
28906	575	3020	2515	191082	0	197192
28907	526	2306	192693	2745	0	198270
28908	571	609	195604	2269	0	199053
28909	373	196442	5011	714	0	202540
28910	197234	2922	2735	479	0	203370
28911	200263	2414	810	487	0	203974
28912	5091	683	630	203368	0	209772
28913	2883	535	210782	3101	0	217301
28914	967	525	212601	2723	0	216816
28915	622	217286	5808	1117	0	224833
28916	683	3202	221774	642	0	226301
28917	749	2883	219637	483	0	223752
28918	584	1286	6229	196460	0	204559
28919	539	725	220476	3494	0	225234
28920	204956	481	4080	2938	0	212455
28921	3366	496	3272	218556	0	225690
28922	3012	571	224422	3488	0	231493
28923	848	225248	3780	3108	0	232984
28924	779	3359	3211	226406	0	233755
28925	707	3018	230740	3491	0	237956
28926	525	236935	4108	3280	0	244848
28927	595	3836	3517	227720	0	235668
28928	566	242907	1351	3532	0	248356
28929	636	4181	1065	242015	0	247897
28930	768	3335	1025	243082	0	248210
28931	572	1108	240126	6649	0	248455
28932	531	241714	4203	3994	0	250442
28933	613	4066	3632	241115	0	249426
28934	652	3367	1399	242931	0	248349
28935	572	1082	1203	248352	0	251209
28936	651	980	240126	7074	0	248831
28937	509	239224	4386	4367	0	248486
28938	640	4024	3747	239043	0	247454
28939	666	3425	239516	4328	0	247935
28940	462	238965	4544	4087	0	248058
28941	558	4101	3929	237747	0	246335
28942	704	3720	239772	4254	0	248450
28943	526	239299	4500	4160	0	248485
28944	611	4133	3918	233966	0	242628
28945	625	3656	1629	242127	0	248037
28946	573	1543	244426	7086	0	253628
28947	219657	1077	4578	4717	0	230029
28948	3469	244222	4118	2013	0	253822
28949	247039	4284	1684	1608	0	254615
28950	4088	3791	246491	1556	0	255926
28951	244746	1406	4739	1559	0	252450
28952	4317	1212	4182	242769	0	252480
28953	3542	1178	1692	253589	0	260001
28954	1173	1226	250577	7286	0	260262
28955	226911	1040	4731	4866	0	237548
28956	238010	1005	4205	2168	0	245388
28957	6402	237165	1864	1880	0	247311
28958	3520	245071	1565	1801	0	251957
28959	243568	6903	1485	1661	0	253617
28960	4288	4199	243772	1640	0	253899
28961	3662	249915	4804	1726	0	260107
28962	1391	4548	4225	252547	0	262711
28963	1099	3890	1803	257305	0	264097
28964	923	1529	255476	7376	0	265304
28965	236633	1150	4860	4930	0	247573
28966	4286	1257	261179	2000	0	268722
28967	249307	1061	5038	1774	0	257180
28968	4446	1052	261639	1463	0	268600
28969	3810	257814	4888	1436	0	267948
28970	259462	4044	5151	1508	0	270165
28971	259648	3959	2021	1697	0	267325
28972	258984	1327	1613	1442	0	263366
28973	259989	1104	1447	1336	0	263876
28974	7267	1042	1416	253966	0	263691
28975	4385	1112	252993	4279	0	262769
28976	1632	1269	4383	245279	0	252563
28977	1216	252163	4143	4462	0	261984
28978	1214	3829	1804	254459	0	261306
28979	1202	3718	252727	4527	0	262174
28980	1156	1306	252845	3939	0	259246
28981	1295	1252	6712	245305	0	254564
28982	242377	877	4507	4219	0	251980
28983	236422	906	1789	3846	0	242963
28984	239241	968	1464	1731	0	243404
28985	6829	1029	238572	1478	0	247908
28986	4095	869	237748	1342	0	244054
28987	1583	235226	6114	1413	0	244336
28988	1274	235929	3800	1479	0	242482
28989	228841	5254	2696	1262	0	238053
28990	228203	3369	1448	1200	0	234220
28991	5389	237266	1145	1570	0	245370
28992	235918	2916	1041	1130	0	241005
28993	232882	2930	977	1091	0	237880
28994	5416	235103	1064	1173	0	242756
28995	237738	3002	1006	1165	0	242911
28996	232959	2977	933	1169	0	238038
28997	5388	236567	1122	1242	0	244319
28998	238732	2936	1069	1051	0	243788
28999	236141	2828	1185	1172	0	241326
29000	5619	1128	237909	1039	0	245695
29001	3737	977	237465	935	0	243114
29002	1645	234234	4733	959	0	241571
29003	1434	237692	3139	875	0	243140
29004	234940	4500	2563	902	0	242905
29005	229625	2640	1117	786	0	234168
29006	226089	911	937	616	0	228553
29007	4742	226370	882	783	0	232777
29008	3124	2314	655	224825	0	230918
29009	1726	2433	228078	2032	0	234269
29010	1571	2482	2300	216949	0	223302
29011	1256	229519	2424	2121	0	235320
29012	225590	2029	878	1811	0	230308
29013	2475	225533	696	717	0	229421
29014	2606	2197	565	221518	0	226886
29015	235223	2048	628	2270	0	240169
29016	234437	723	601	2056	0	237817
29017	4664	793	237225	608	0	243290
29018	238644	649	2377	684	0	242354
29019	251150	592	2397	609	0	254748
29020	253927	649	794	623	0	255993
29021	5120	827	702	239602	0	246251
29022	3379	245950	721	2213	0	252263
29023	1611	2683	648	250785	0	255727
29024	1516	2820	251329	2483	0	258148
29025	1351	253405	2553	2772	0	260081
29026	1331	2532	2441	245115	0	251419
29027	1227	2664	248035	2211	0	254137
29028	1148	246136	2407	2586	0	252277
29029	1292	2634	2532	235647	0	242105
29030	1269	2781	245968	2177	0	252195
29031	210722	892	2676	3158	0	217448
29032	3027	872	251641	713	0	256253
29033	3258	793	251052	674	0	255777
29034	1384	253712	4573	717	0	260386
29035	1307	2735	2895	253028	0	259965
29036	1400	3056	821	237812	0	243089
29037	1246	251378	829	4281	0	257734
29038	1348	2734	763	251991	0	256836
29039	259910	2861	724	2835	0	266330
29040	261624	958	766	2751	0	266099
29041	5644	1110	250167	805	0	257726
29042	254555	835	2608	840	0	258838
29043	264955	802	2815	802	0	269374
29044	5712	1022	266464	686	0	273884
29045	3772	267162	2936	847	0	274717
29046	1437	268033	3128	753	0	273351
29047	1627	5673	969	229696	0	237965
29048	1240	263852	842	2271	0	268205
29049	1600	3341	248949	2442	0	256332
29050	1576	3389	257281	813	0	263059
29051	1412	263764	5238	745	0	271159
29052	261646	3058	3313	761	0	268778
29053	267117	3393	1051	783	0	272344
29054	270962	1272	809	810	0	273853
29055	270863	1118	648	791	0	273420
29056	259258	1073	705	793	0	261829
29057	5950	262430	753	761	0	269894
29058	3900	3219	259044	534	0	266697
29059	1679	3237	2812	256066	0	263794
29060	251704	1077	3043	2810	0	258634
29061	3403	250130	863	3258	0	257654
29062	3528	3244	767	243028	0	250567
29063	1546	3053	244182	2524	0	251305
29064	1224	239654	2697	2804	0	246379
29065	981	242263	2836	793	0	246873
29066	229936	5628	1828	1334	0	238726
29067	2470	232464	645	704	0	236283
29068	2912	2447	561	221511	0	227431
29069	221690	2505	482	2239	0	226916
29070	222135	737	471	2373	0	225716
29071	224805	629	508	685	0	226627
29072	4621	701	220379	516	0	226217
29073	2850	222697	2221	516	0	228284
29074	225425	2403	2416	683	0	230927
29075	2559	2741	634	224821	0	230755
29076	229225	789	498	2407	0	232919
29077	2804	225998	571	2682	0	232055
29078	239261	2479	480	773	0	242993
29079	251577	2794	499	690	0	255560
29080	5910	878	478	246058	0	253324
29081	4002	866	252608	3053	0	260529
29082	1626	732	3111	256035	0	261504
29083	254669	625	3345	3527	0	262166
29084	256233	590	921	3439	0	261183
29085	6579	253407	857	1166	0	262009
29086	247528	3108	667	763	0	252066
29087	3988	250184	685	1003	0	255860
29088	249607	3484	532	940	0	254563
29089	242509	3403	608	1062	0	247582
29090	6061	1274	246094	864	0	254293
29091	3738	245224	3191	947	0	253100
29092	1488	3670	3387	246258	0	254803
29093	1245	3530	996	250593	0	256364
29094	1166	1315	725	241464	0	244670
29095	1073	246493	818	6684	0	255068
29096	1190	3465	246839	3573	0	255067
29097	1216	3636	253174	1015	0	259041
29098	1047	290149	6366	1082	0	298644
29099	289454	4695	4020	893	0	299062
29100	5021	4566	289313	749	0	299649
29101	279485	1341	4795	919	0	286540
29102	5163	283853	4604	1035	0	294655
29103	4892	4862	285395	904	0	296053
29104	1715	4630	4599	280728	0	291672
29105	1488	1559	292906	4826	0	300779
29106	1503	1136	296242	4593	0	303474
29107	2041	1171	8529	257914	0	269655
29108	1681	287748	5074	3876	0	298379
29109	1636	294461	1471	3855	0	301423
29110	290912	8339	1161	1014	0	301426
29111	5544	5083	289142	812	0	300581
29112	285269	1623	4984	932	0	292808
29113	287924	1105	4759	798	0	294586
29114	8353	287479	1347	889	0	298068
29115	277075	4513	891	723	0	283202
29116	276324	4160	825	653	0	281962
29117	265589	1211	668	727	0	268195
29118	8233	259560	788	709	0	269290
29119	4799	245651	759	688	0	251897
29120	1638	255708	656	664	0	258666
29121	251066	7272	2031	503	0	260872
29122	250223	4283	1065	679	0	256250
29123	7717	1240	239420	496	0	248873
29124	4413	1116	237877	420	0	243826
29125	238691	781	6450	525	0	246447
29126	244790	749	3650	665	0	249854
29127	248326	675	1185	778	0	250964
29128	7320	659	855	239253	0	248087
29129	4220	710	757	244696	0	250383
29130	1623	870	706	248915	0	252114
29131	1456	904	745	250183	0	253288
29132	1384	884	236328	6668	0	245264
29133	1256	753	237797	3715	0	243521
29134	1423	685	238979	996	0	242083
29135	1510	692	237028	701	0	239931
29136	227705	718	6550	690	0	235663
29137	4340	234523	3781	742	0	243386
29138	3978	242540	1199	828	0	248545
29139	239061	6174	996	756	0	246987
29140	4538	3840	237559	708	0	246645
29141	3847	1423	231542	786	0	237598
29142	223387	1142	6864	905	0	232298
29143	234070	920	3899	865	0	239754
29144	6566	235342	1399	966	0	244273
29145	4425	3503	1131	234212	0	243271
29146	238904	3241	1036	3469	0	246650
29147	243717	1292	908	3143	0	249060
29148	7183	1111	751	235724	0	244769
29149	4576	247304	870	3360	0	256110
29150	247995	3667	833	3431	0	255926
29151	4436	3536	244535	1224	0	253731
29152	239851	1194	3794	1211	0	246050
29153	4407	244723	3594	1116	0	253840
29154	248138	3776	1396	1131	0	254441
29155	243895	3354	1257	1082	0	249588
29156	6684	1278	246733	811	0	255506
29157	4142	1144	243541	790	0	249617
29158	238645	958	6918	771	0	247292
29159	247861	1084	4136	688	0	253769
29160	6668	251712	1450	812	0	260642
29161	4442	3927	1311	253513	0	263193
29162	2001	3457	254046	3440	0	262944
29163	247332	1230	4291	3189	0	256042
29164	4526	1080	3854	255380	0	264840
29165	4459	925	1417	260594	0	267395
29166	258437	912	1243	6293	0	266885
29167	4292	268523	1365	4087	0	278267
29168	273401	3792	1076	1485	0	279754
29169	273658	3361	1059	972	0	279050
29170	278386	1418	999	958	0	281761
29171	7628	273848	974	1148	0	283598
29172	276811	4040	993	829	0	282673
29173	5395	3684	1047	273506	0	283632
29174	5032	1346	970	275077	0	282425
29175	3056	1188	275024	6521	0	285789
29176	2571	1199	273324	3632	0	280726
29177	2044	274018	6701	1291	0	284054
29178	1888	276880	3837	817	0	283422
29179	2404	5547	261016	493	0	269460
29180	1511	268070	3603	806	0	273990
29181	263851	4394	3816	1102	0	273163
29182	266812	3138	797	718	0	271465
29183	270944	1028	665	845	0	273482
29184	6668	776	684	258926	0	267054
29185	4146	601	818	266420	0	271985
29186	1717	736	270762	5990	0	279205
29187	1128	269794	3383	3881	0	278186
29188	266656	3483	3148	1137	0	274424
29189	3889	272525	1032	753	0	278199
29190	271212	3744	700	587	0	276243
29191	269968	3073	608	728	0	274377
29192	7066	835	579	262976	0	271456
29193	4277	766	623	267790	0	273456
29194	1938	765	578	273107	0	276388
29195	1830	761	261171	6335	0	270097
29196	1219	257881	3379	4094	0	266573
29197	1020	255710	3060	1455	0	261245
29198	587	214944	456	690	0	216677
29199	514	214348	453	584	0	215899
29200	556	215013	402	632	0	216603
29201	195536	3230	855	563	0	200184
29202	1946	2057	207085	466	0	211554
29203	1900	207110	1633	627	0	211270
29204	786	1811	199899	447	0	202943
29205	568	207493	1637	573	0	210271
29206	937	3375	1829	153029	0	159170
29207	642	1940	404	193271	0	196257
29208	526	199662	379	2955	0	203522
29209	194937	1717	452	1763	0	198869
29210	1835	1930	194277	447	0	198489
29211	1880	197467	1524	670	0	201541
29212	814	1919	193960	454	0	197147
29213	639	1890	1627	190938	0	195094
29214	705	656	1658	181354	0	184373
29215	632	192032	475	2949	0	196088
29216	684	1785	344	194747	0	197560
29217	676	1877	344	194015	0	196912
29218	528	194785	483	3146	0	198942
29219	610	1920	191475	1882	0	195887
29220	599	2026	192273	629	0	195527
29221	179512	812	2981	637	0	183942
29222	195110	723	1745	580	0	198158
29223	3127	712	483	190631	0	194953
29224	2020	830	190094	1798	0	194742
29225	809	746	1666	183457	0	186678
29226	587	194902	1823	2030	0	199342
29227	732	1993	194316	2024	0	199065
29228	535	194871	1787	878	0	198071
29229	689	2191	192839	664	0	196383
29230	502	194895	1768	682	0	197847
29231	191003	2050	1841	632	0	195526
29232	1772	2118	628	189266	0	193784
29233	1864	903	532	189124	0	192423
29234	790	905	190066	2991	0	194752
29235	930	882	185789	1971	0	189572
29236	1431	188191	3023	911	0	193556
29237	187977	2000	1916	873	0	192766
29238	1767	2033	743	182111	0	186654
29239	1806	988	188063	1694	0	192551
29240	690	1001	182511	1851	0	186053
29241	163455	818	3184	821	0	168278
29242	177681	922	1918	789	0	181310
29243	3025	852	180424	669	0	184970
29244	1904	1426	1744	168475	0	173549
29245	690	177966	1862	1677	0	182195
29246	177002	1723	790	1867	0	181382
29247	1692	177353	660	974	0	180679
29248	171229	1642	661	787	0	174319
29249	1512	171022	569	708	0	173811
29250	1528	172321	593	736	0	175178
29251	716	2774	530	170341	0	174361
29252	632	1908	523	170698	0	173761
29253	511	171813	611	2758	0	175693
29254	712	1750	166953	1754	0	171169
29255	627	1849	167318	608	0	170402
29256	569	867	168390	581	0	170407
29257	153490	767	2753	705	0	157715
29258	166090	683	1732	727	0	169232
29259	2473	179726	673	930	0	183802
29260	1701	2274	177002	658	0	181635
29261	552	2338	2071	175588	0	180549
29262	478	1001	188327	2188	0	191994
29263	487	926	192583	2200	0	196196
29264	497	862	4291	203438	0	209088
29265	546	724	2728	215442	0	219440
29266	501	828	226432	5630	0	233391
29267	205525	671	3456	3868	0	213520
29268	3234	229234	3713	1456	0	237637
29269	3415	238826	1311	1051	0	244603
29270	1199	6967	847	227832	0	236845
29271	237944	4442	659	3496	0	246541
29272	3760	244084	782	3862	0	252488
29273	243798	4424	594	1231	0	250047
29274	4368	247797	646	1062	0	253873
29275	254080	4796	620	900	0	260396
29276	5116	4587	250979	676	0	261358
29277	4903	1817	254481	655	0	261856
29278	1806	2099	7616	241768	0	253289
29279	1253	963	248004	4020	0	254240
29280	841	235013	4986	4269	0	245109
29281	769	237256	4623	1510	0	244158
29282	236420	7627	1674	938	0	246659
29283	4265	4927	1021	224754	0	234967
29284	4081	238646	869	4058	0	247654
29285	241621	4458	746	3885	0	250710
29286	236775	4488	746	1161	0	243170
29287	244078	1548	680	808	0	247114
29288	8917	1135	602	236020	0	246674
29289	5675	896	617	240141	0	247329
29290	2155	933	239544	8033	0	250665
29291	1525	904	238811	5059	0	246299
29292	232945	680	8012	1823	0	243460
29293	4763	698	5126	233772	0	244359
29294	4811	814	236544	4571	0	246740
29295	230726	645	4777	4683	0	240831
29296	4934	244909	4823	1801	0	256467
29297	250519	4395	1689	1310	0	257913
29298	251046	4530	1146	1187	0	257909
29299	254086	1479	1018	1178	0	257761
29300	9948	1022	244900	984	0	256854
29301	244630	830	4789	878	0	251127
29302	6794	811	4769	230391	0	242765
29303	5811	234651	1880	4500	0	246842
29304	2690	248418	1424	4435	0	256967
29305	247413	8065	1158	1622	0	258258
29306	249351	5309	1077	1101	0	256838
29307	254009	1823	931	1079	0	257842
29308	10657	1311	833	242959	0	255760
29309	7012	1125	870	247399	0	256406
29310	3273	1137	929	238795	0	244134
29311	2566	246217	833	9351	0	258967
29312	246080	5011	861	5766	0	257718
29313	249851	5116	768	2318	0	258053
29314	256084	1892	823	1800	0	260599
29315	10871	1447	249174	1462	0	262954
29316	253319	1341	4925	1475	0	261060
29317	7749	1341	4945	236226	0	250261
29318	6816	247477	1783	4967	0	261043
29319	247683	5156	1307	4963	0	259109
29320	247529	5175	1214	2161	0	256079
29321	10730	2177	251526	1561	0	265994
29322	7532	1407	5121	243703	0	257763
29323	3541	253704	5276	5377	0	267898
29324	261520	5396	1965	5408	0	274289
29325	7084	5512	1490	261045	0	275131
29326	7164	2126	1191	261810	0	272291
29327	3492	1687	1142	268379	0	274700
29328	3040	1598	1147	275857	0	281642
29329	2910	1522	267020	11766	0	283218
29330	2675	267549	5831	7668	0	283723
29331	2770	5962	5656	268231	0	282619
29332	2594	6053	271035	6976	0	286658
29333	265825	2561	6067	6686	0	281139
29334	276695	1787	5925	3037	0	287444
29335	11765	1594	2424	273596	0	289379
29336	279586	1606	1854	6967	0	290013
29337	283307	1600	1571	7079	0	293557
29338	12634	1772	281801	2993	0	299200
29339	8860	280521	6121	2364	0	297866
29340	284267	6203	5873	2330	0	298673
29341	8451	5848	2366	283968	0	300633
29342	293710	2138	2098	7103	0	305049
29343	8999	1750	1920	291768	0	304437
29344	8481	1698	1631	294675	0	306485
29345	4413	1712	288183	11979	0	306287
29346	258093	1398	6230	8758	0	274479
29347	7581	292553	6187	4268	0	310589
29348	7924	6207	292082	3119	0	309332
29349	4076	296036	6357	2946	0	309415
29350	290760	6916	6063	2477	0	306216
29351	8511	6334	2293	288215	0	305353
29352	290988	2246	1854	7192	0	302280
29353	8534	286895	1857	7357	0	304643
29354	296578	6142	1654	3481	0	307855
29355	298413	5995	1567	2863	0	308838
29356	302417	2278	1409	2527	0	308631
29357	298181	1723	1470	2405	0	303779
29358	13856	289577	1746	2531	0	307710
29359	283960	5590	1349	2052	0	292951
29360	9175	5539	1368	276998	0	293080
29361	8288	2791	1053	270628	0	282760
29362	4476	257379	1153	9541	0	272549
29363	3740	256589	1140	6490	0	267959
29364	3232	249641	1041	2498	0	256412
29365	232387	7503	1483	1924	0	243297
29366	5304	222904	894	1671	0	230773
29367	4601	211527	935	1405	0	218468
29368	207292	5602	2110	1423	0	216427
29369	201821	3111	791	1234	0	206957
29370	6019	202319	724	1295	0	210357
29371	198668	3110	678	1135	0	203591
29372	4328	2805	190459	973	0	198565
29373	185944	1204	2590	1079	0	190817
29374	4059	1210	190181	1115	0	196565
29375	3172	176416	2341	1012	0	182941
29376	1719	180778	1981	1107	0	185585
29377	4206	4643	1822	171073	0	181744
29378	176782	2023	789	2577	0	182171
29379	179429	1013	472	2237	0	183151
29380	182582	1009	527	1132	0	185250
29381	182610	816	554	1012	0	184992
29382	178917	931	615	1037	0	181500
29383	4255	992	171050	915	0	177212
29384	2863	1142	164270	875	0	169150
29385	171607	1035	2949	905	0	176496
29386	12220	166601	1824	897	0	181542
29387	176516	1972	792	929	0	180209
29388	179867	1972	450	912	0	183201
29389	184513	905	380	953	0	186751
29390	184310	814	438	823	0	186385
29391	184008	875	513	901	0	186297
29392	4291	939	179402	861	0	185493
29393	182970	860	1873	1105	0	186808
29394	186075	870	1704	1074	0	189723
29395	3912	1127	178069	993	0	184101
29396	170756	1089	1505	1013	0	174363
29397	180259	1170	1532	883	0	183844
29398	4006	1144	186507	722	0	192379
29399	3063	1128	184392	703	0	189286
29400	2103	188734	2899	767	0	194503
29401	2173	2240	1937	188311	0	194661
29402	2067	2096	190776	1734	0	196673
29403	190207	999	1841	1975	0	195022
29404	3247	814	1856	203089	0	209006
29405	2968	959	209595	1919	0	215441
29406	205038	806	2091	1944	0	209879
29407	213936	965	1954	825	0	217680
29408	216277	953	690	742	0	218662
29409	4616	219705	647	916	0	225884
29410	3515	2382	470	211518	0	217885
29411	2026	220491	625	2057	0	225199
29412	219852	2367	697	2035	0	224951
29413	218102	2241	809	890	0	222042
29414	4699	996	216731	503	0	222929
29415	2972	212136	1959	508	0	217575
29416	1602	214618	2016	452	0	218688
29417	1549	3494	789	211300	0	217132
29418	1662	2271	543	213562	0	218038
29419	210082	922	436	3249	0	214689
29420	3066	211302	459	2607	0	217434
29421	3038	209440	377	689	0	213544
29422	2481	3334	205726	455	0	211996
29423	1666	212267	1770	397	0	216100
29424	206492	1990	1970	512	0	210964
29425	2904	2017	203292	367	0	208580
29426	176683	701	1672	619	0	179675
29427	2346	586	197526	360	0	200818
29428	163405	417	1520	589	0	165931
29429	1755	193860	1428	461	0	197504
29430	195428	1433	523	345	0	197729
29431	1996	1616	198130	174	0	201916
29432	195498	601	1725	530	0	198354
29433	198819	359	1556	340	0	201074
29434	3055	495	204757	163	0	208470
29435	201514	367	1384	411	0	203676
29436	210751	320	1483	315	0	212869
29437	207177	325	431	330	0	208263
29438	3247	203293	378	304	0	207222
29439	206835	1465	370	407	0	209077
29440	2248	1685	214763	218	0	218914
29441	1950	226730	1734	418	0	230832
29442	230659	1892	1883	368	0	234802
29443	228157	1885	459	336	0	230837
29444	231548	431	362	323	0	232664
29445	4104	228767	343	487	0	233701
29446	2633	2120	286	253519	0	258558
29447	898	2260	251817	2606	0	257581
29448	753	558	2858	251401	0	255570
29449	768	518	258491	3166	0	262943
29450	238560	341	3338	2978	0	245217
29451	3341	258692	3058	720	0	265811
29452	3466	3155	645	251093	0	258359
29453	983	263755	530	2798	0	268066
29454	965	3566	407	262652	0	267590
29455	882	3305	409	259096	0	263692
29456	847	268956	469	6128	0	276400
29457	934	3721	465	272292	0	277412
29458	923	3594	434	277878	0	282829
29459	798	282040	602	6866	0	290306
29460	846	289984	576	4139	0	295545
29461	963	7477	445	287417	0	296302
29462	1105	4569	287046	4365	0	297085
29463	898	291802	4128	4438	0	301266
29464	1066	4722	3895	289032	0	298715
29465	1212	4581	301705	4627	0	312125
29466	854	304407	4704	4709	0	314674
29467	302152	4954	4446	1420	0	312972
29468	5090	4827	302037	1161	0	313115
29469	296661	1459	4807	983	0	303910
29470	5350	1204	4432	299410	0	310396
29471	4801	1078	1078	303327	0	310284
29472	1502	1042	871	306553	0	309968
29473	1088	1284	299795	9315	0	311482
29474	1286	1192	297748	5484	0	305710
29475	277518	1174	8986	1853	0	289531
29476	5105	1162	5033	297638	0	308938
29477	5020	1234	299666	5425	0	311345
29478	289490	1195	5087	5356	0	301128
29479	5374	1172	4769	296992	0	308307
29480	5135	1257	1350	299691	0	307433
29481	1719	1226	1108	298087	0	302140
29482	1250	299374	1142	9741	0	311507
29483	1514	5340	1019	288124	0	295997
29484	1176	296708	1255	5643	0	304782
29485	1272	302620	1153	5418	0	310463
29486	296631	9017	1196	2169	0	309013
29487	285884	5310	1464	1887	0	294545
29488	298988	1717	1168	1855	0	303728
29489	9142	291677	1230	2154	0	304203
29490	293056	5296	1179	2040	0	301571
29491	293025	5018	1178	1973	0	301194
29492	9410	1678	1376	285942	0	298406
29493	5796	1393	1294	289495	0	297978
29494	2117	1536	283253	9907	0	296813
29495	1520	288138	5310	6456	0	301424
29496	283339	5414	4983	2539	0	296275
29497	280949	5024	1721	2139	0	289833
29498	8771	279713	1440	2377	0	292301
29499	280562	5388	1347	2280	0	289577
29500	276766	5040	1160	2380	0	285346
29501	9194	2078	1200	267484	0	279956
29502	5657	268446	1433	5902	0	281438
29503	2158	272825	1255	5681	0	281919
29504	264235	8540	1228	2749	0	276752
29505	5824	5580	1166	259080	0	271650
29506	5164	2158	257552	5924	0	270798
29507	244941	1740	4962	5783	0	257426
29508	5668	1862	264280	2653	0	274463
29509	5138	256428	5072	2357	0	268995
29510	254422	5007	4678	2508	0	266615
29511	5585	4961	252568	5095	0	268209
29512	5212	2352	4789	257624	0	269977
29513	2337	2142	270468	5977	0	280924
29514	1978	270507	5248	6074	0	283807
29515	2283	5473	4630	269696	0	282082
29516	2111	5240	269290	5960	0	282601
29517	247562	2157	4796	6061	0	260576
29518	5258	275097	4701	2920	0	287976
29519	5310	5571	1623	258499	0	271003
29520	2290	279059	1553	5488	0	288390
29521	273607	5724	1517	5107	0	285955
29522	271636	5220	1315	2827	0	280998
29523	8251	273608	1518	2965	0	286342
29524	5611	5397	1513	260984	0	273505
29525	2358	277310	1494	5474	0	286636
29526	272288	5531	1649	5189	0	284657
29527	271242	5141	2247	2401	0	281031
29528	8789	2629	271939	2219	0	285576
29529	5549	273589	4590	2404	0	286132
29530	2589	281583	4821	2223	0	291216
29531	2596	8135	1852	274463	0	287046
29532	273878	5166	1585	5461	0	286090
29533	275621	2077	1734	5144	0	284576
29534	267944	1668	1509	2472	0	273593
29535	9131	269430	1709	2386	0	282656
29536	5665	4869	1484	260774	0	272792
29537	2766	270074	1490	5301	0	279631
29538	267209	5217	1599	5040	0	279065
29539	6121	4632	1356	262366	0	274475
29540	5287	1813	251250	4929	0	263279
29541	2349	244672	4123	4609	0	255753
29542	237256	4220	3626	2003	0	247105
29543	4797	3976	237691	1405	0	247869
29544	229065	1843	3488	1814	0	236210
29545	4797	234069	3147	1913	0	243926
29546	3061	213612	846	1177	0	218696
29547	207919	4583	767	902	0	214171
29548	3125	213605	652	922	0	218304
29549	207231	2924	740	922	0	211817
29550	3010	209254	676	780	0	213720
29551	208447	2912	791	750	0	212900
29552	207457	2414	753	691	0	211315
29553	4535	1277	208510	694	0	215016
29554	2831	1050	203365	546	0	207792
29555	1279	205170	3225	780	0	210454
29556	200672	2220	2720	695	0	206307
29557	2455	1932	196751	503	0	201641
29558	183646	851	1813	589	0	186899
29559	1989	1159	1549	183520	0	188217
29560	1515	605	186609	1153	0	189882
29561	776	542	180529	1058	0	182905
29562	817	610	187820	434	0	189681
29563	564	186416	1787	318	0	189085
29564	2175	3054	2487	177308	0	185024
29565	174497	564	389	701	0	176151
29566	631	222	158	177780	0	178791
29567	179679	135	186	789	0	180789
29568	794	213	159	180518	0	181684
29569	182048	169	129	1071	0	183417
29570	180046	211	236	1012	0	181505
29571	204287	168	147	381	0	204983
29572	1968	208917	151	304	0	211340
29573	1469	1517	211747	176	0	214909
29574	523	1276	1403	211255	0	214457
29575	1552	2278	2471	128908	0	135209
29576	420	305	300	220202	0	221227
29577	372	259	197	217182	0	218010
29578	331	211580	266	3225	0	215402
29579	472	1684	209160	1826	0	213142
29580	315	213992	1689	778	0	216774
29581	430	2182	1526	195608	0	199746
29582	310	1844	401	214361	0	216916
29583	353	484	275	216905	0	218017
29584	423	434	255	214425	0	215537
29585	341	209262	319	3426	0	213348
29586	318	211047	365	2105	0	213835
29587	468	3121	205854	733	0	210176
29588	321	1869	1746	207445	0	211381
29589	367	707	1580	210863	0	213517
29590	427	576	362	215610	0	216975
29591	213104	472	287	3857	0	217720
29592	2143	214204	350	2321	0	219018
29593	2053	2118	211084	804	0	216059
29594	209212	1812	1919	704	0	213647
29595	2193	632	1696	212127	0	216648
29596	215374	503	444	2456	0	218777
29597	2466	509	364	216352	0	219691
29598	217226	483	319	2519	0	220547
29599	2397	530	362	217376	0	220665
29600	215208	436	464	2527	0	218635
29601	2634	518	221515	2096	0	226763
29602	2318	413	1975	217210	0	221916
29603	955	228495	1938	2258	0	233646
29604	839	2228	550	232286	0	235903
29605	229288	2135	435	2755	0	234613
29606	2444	232437	570	2521	0	237972
29607	2393	2605	436	239533	0	244967
29608	834	240705	486	3008	0	245033
29609	782	3061	363	242034	0	246240
29610	786	2637	307	242881	0	246611
29611	855	862	238224	5114	0	245055
29612	773	601	2753	232995	0	237122
29613	697	717	227784	3411	0	232609
29614	492	221656	3142	3336	0	228626
29615	221267	2837	2581	1300	0	227985
29616	3032	2614	222965	1162	0	229773
29617	215939	730	2996	1172	0	220837
29618	224854	582	2615	1110	0	229161
29619	5326	558	861	226499	0	233244
29620	3039	603	234024	3594	0	241260
29621	226334	495	3665	3425	0	233919
29622	243278	482	3049	1623	0	248432
29623	6116	553	899	236108	0	243676
29624	3597	624	610	237732	0	242563
29625	1243	239194	629	6533	0	247599
29626	1074	4072	641	235303	0	241090
29627	832	241652	629	4503	0	247616
29628	989	3846	235871	3729	0	244435
29629	749	3107	3094	229977	0	236927
29630	225761	746	2928	3969	0	233404
29631	229933	604	612	3436	0	234585
29632	5453	230936	578	1432	0	238399
29633	3227	3350	497	236357	0	243431
29634	238611	2896	443	4033	0	245983
29635	3631	235974	635	3630	0	243870
29636	239574	3564	393	1664	0	245195
29637	4077	3134	449	249529	0	257189
29638	262842	924	521	4478	0	268765
29639	4844	990	277101	4030	0	286965
29640	3997	279293	4578	1544	0	289412
29641	275047	4660	3984	1482	0	285173
29642	4644	287479	943	1548	0	294614
29643	292105	4931	723	1542	0	299301
29644	296313	4198	468	1657	0	302636
29645	9023	1332	294415	1304	0	306074
29646	5161	879	5014	288725	0	299779
29647	298948	867	4275	5688	0	309778
29648	5672	938	297727	4967	0	309304
29649	297313	843	5350	1718	0	305224
29650	5985	966	4358	298398	0	309707
29651	5194	914	297112	5854	0	309074
29652	1698	781	5180	296649	0	304308
29653	289864	785	4466	6289	0	301404
29654	6064	999	294639	5105	0	306807
29655	5283	876	5185	294836	0	306180
29656	2031	847	4523	297514	0	304915
29657	297693	597	1298	9771	0	309359
29658	295761	617	1137	5739	0	303254
29659	9559	300122	1017	2327	0	313025
29660	5943	5395	925	297259	0	309522
29661	2461	4773	1141	299496	0	307871
29662	2312	1393	1001	298874	0	303580
29663	291702	958	1158	10065	0	303883
29664	295272	1031	1283	5827	0	303413
29665	10675	1228	924	285586	0	298413
29666	6483	284289	967	6134	0	297873
29667	3099	5926	990	270868	0	280883
29668	2622	287369	1190	5866	0	297047
29669	280129	5395	1161	5560	0	292245
29670	6429	278609	1476	2470	0	288984
29671	258714	4537	1260	1785	0	266296
29672	6238	4121	1118	250281	0	261758
29673	250169	1055	1237	5143	0	257604
29674	6157	910	244224	4889	0	256180
29675	5245	247277	4615	2427	0	259564
29676	246347	4557	4929	2095	0	257928
29677	248284	3859	1615	2130	0	255888
29678	8714	1212	1157	236990	0	248073
29679	5436	241194	1272	5424	0	253326
29680	2723	4488	1189	252586	0	260986
29681	2547	3749	1102	252739	0	260137
29682	2683	1207	1049	254754	0	259693
29683	249737	1138	1016	9014	0	260905
29684	252746	1224	1000	5704	0	260674
29685	9192	1378	886	237983	0	249439
29686	5870	245086	959	5890	0	257805
29687	249962	4381	885	5453	0	260681
29688	6380	4258	247026	2839	0	260503
29689	6011	1752	4220	249184	0	261167
29690	3094	1531	251510	6241	0	262376
29691	2796	1570	4589	250554	0	259509
29692	2749	1656	250951	6372	0	261728
29693	2873	1820	4699	249426	0	258818
29694	249630	1655	4166	6067	0	261518
29695	249147	1771	1239	5611	0	257768
29696	9778	244232	1216	2762	0	257988
29697	249638	4951	1211	2641	0	258441
29698	6901	4577	1372	244577	0	257427
29699	6287	1926	1334	245725	0	255272
29700	246365	1751	1521	9013	0	258650
29701	7132	1689	239593	5822	0	254236
29702	6737	1702	239122	3096	0	250657
29703	3651	1705	236225	3267	0	244848
29704	223612	1524	7502	3334	0	235972
29705	6702	1332	237320	3432	0	248786
29706	6476	1409	226982	3219	0	238086
29707	213159	1423	7382	3199	0	225163
29708	6008	220005	4303	3795	0	234111
29709	5742	4100	1734	222092	0	233668
29710	3550	3973	1479	226217	0	235219
29711	3326	1784	225073	8110	0	238293
29712	223011	1389	4536	5966	0	234902
29713	227506	1149	4401	3753	0	236809
29714	215252	1122	2111	3778	0	222263
29715	8193	1249	225898	3443	0	238783
29716	220407	1067	4527	3602	0	229603
29717	6413	1407	215402	3430	0	226652
29718	5653	217622	4052	3541	0	230868
29719	3526	218796	3710	3089	0	229121
29720	207259	5877	1706	3060	0	217902
29721	5000	206943	1609	3014	0	216566
29722	4973	207179	1470	3050	0	216672
29723	204045	5664	1559	3035	0	214303
29724	4990	207242	1668	2992	0	216892
29725	205780	3589	1608	2757	0	213734
29726	5654	3483	1747	209330	0	220214
29727	5268	1738	1811	213055	0	221872
29728	3016	1779	1774	215733	0	222302
29729	3002	1728	1698	208026	0	214454
29730	2972	209497	1885	7321	0	221675
29731	211435	3905	1734	4717	0	221791
29732	5378	230712	1711	2532	0	240333
29733	4930	226938	1738	3443	0	237049
29734	3237	6671	232903	2591	0	245402
29735	221827	3642	5144	2546	0	233159
29736	6547	1358	242111	1948	0	251964
29737	5806	1075	234868	1489	0	243238
29738	2102	227742	6431	1635	0	237910
29739	988	220078	3215	1009	0	225290
29740	209975	5904	1984	885	0	218748
29741	3562	221868	922	1211	0	227563
29742	3446	3486	224426	775	0	232133
29743	928	207774	3817	981	0	213500
29744	935	3221	220917	532	0	225605
29745	730	2643	213029	416	0	216818
29746	201719	651	6184	543	0	209097
29747	3469	514	212228	530	0	216741
29748	3017	439	3463	201062	0	207981
29749	198315	325	3025	3075	0	204740
29750	2953	198355	831	3285	0	205424
29751	2856	2941	204303	708	0	210808
29752	200381	2639	3355	579	0	206954
29753	3397	691	3003	186657	0	193748
29754	2895	182162	973	3036	0	189066
29755	781	2731	196334	2672	0	202518
29756	190459	2493	3322	571	0	196845
29757	3301	603	198387	396	0	202687
29758	3120	400	3523	191803	0	198846
29759	804	443	193187	3199	0	197633
29760	567	386	3551	191216	0	195720
29761	186449	280	3068	3476	0	193273
29762	3114	192207	861	3208	0	199390
29763	195703	3111	548	742	0	200104
29764	3681	2978	194413	399	0	201471
29765	3346	598	3421	190511	0	197876
29766	896	493	198926	3210	0	203525
29767	194226	349	3816	3039	0	201430
29768	195135	317	3277	671	0	199400
29769	5975	197611	994	782	0	205362
29770	201031	3261	686	452	0	205430
29771	200127	3124	682	408	0	204341
29772	6389	730	569	194430	0	202118
29773	3733	599	197328	3275	0	204935
29774	1024	188865	3554	3324	0	196767
29775	884	3360	3237	183888	0	191369
29776	189307	3082	877	3141	0	196407
29777	3575	739	191350	2939	0	198603
29778	3323	591	191923	636	0	196473
29779	952	541	188906	505	0	190904
29780	180920	440	6445	488	0	188293
29781	3592	569	186629	438	0	191228
29782	181446	536	4062	490	0	186534
29783	3780	663	168562	387	0	173392
29784	3290	180079	3479	599	0	187447
29785	1112	3461	3174	176974	0	184721
29786	810	3223	179071	3182	0	186286
29787	641	174993	3899	3020	0	182553
29788	669	178930	3556	654	0	183809
29789	925	5863	1245	172998	0	181031
29790	173134	3443	990	3123	0	180690
29791	3462	1204	882	175006	0	180554
29792	172379	1057	854	3472	0	177762
29793	3847	923	895	172250	0	177915
29794	3503	977	170601	3502	0	178583
29795	1251	790	172080	3171	0	177292
29796	165793	778	6568	944	0	174083
29797	169174	857	4092	721	0	174844
29798	6125	922	167407	696	0	175150
29799	164406	908	3993	673	0	169980
29800	4188	1167	167441	534	0	173330
29801	3712	159724	4414	704	0	168554
29802	1525	160351	4070	559	0	166505
29803	1203	160276	1934	704	0	164117
29804	1336	6267	1942	153316	0	162861
29805	153018	3692	1663	3202	0	161575
29806	154963	1346	1575	3094	0	160978
29807	6482	1280	1439	151634	0	160835
29808	3984	1223	147077	3467	0	155751
29809	1743	1089	4289	146994	0	154115
29810	1403	982	147469	3710	0	153564
29811	1283	929	4733	143620	0	150565
29812	141194	776	4359	3826	0	150155
29813	143569	735	1909	3580	0	149793
29814	145568	596	1712	1345	0	149221
29815	145287	700	1578	1051	0	148616
29816	7174	679	1462	138117	0	147432
29817	4328	590	1648	141271	0	147837
29818	139085	682	1438	6344	0	147549
29819	141339	710	1381	3815	0	147245
29820	7055	785	1268	137674	0	146782
29821	4593	736	1200	139250	0	145779
29822	2128	779	1147	138682	0	142736
29823	1949	637	1324	139006	0	142916
29824	133132	553	1372	6549	0	141606
29825	4189	491	130787	4102	0	139569
29826	3849	535	3812	123771	0	131967
29827	122476	583	3393	3767	0	130219
29828	4146	667	120816	3379	0	129008
29829	4241	682	3485	119912	0	128320
29830	2048	596	121346	3533	0	127523
29831	1587	111955	3911	3193	0	120646
29832	1779	2325	2959	91231	0	98294
29833	84479	1918	1298	2288	0	89983
29834	2498	1705	966	73496	0	78665
29835	2373	72474	735	2088	0	77670
29836	1111	67018	659	1823	0	70611
29837	807	54221	493	497	0	56018
29838	775	50030	678	549	0	52032
29839	29500	3411	3793	1656	0	38360
29840	1524	1066	800	21420	0	24810
29841	590	125	19149	473	0	20337
29842	220	67	400	18184	0	18871
29843	263	58	17932	462	0	18715
29844	17582	68	393	510	0	18553
29845	491	78	421	17451	0	18441
29846	554	67	118	17703	0	18442
29847	217	81	99	17889	0	18286
29848	194	74	92	18021	0	18381
29849	17306	60	83	815	0	18264
29850	17471	54	87	564	0	18176
29851	786	53	74	17149	0	18062
29852	16804	43	85	520	0	17452
29853	434	51	16281	526	0	17292
29854	444	15953	339	295	0	17031
29855	210	299	396	15858	0	16763
29856	196	349	139	15311	0	15995
29857	141	15150	115	756	0	16162
29858	191	268	102	14698	0	15259
29859	167	740	110	13944	0	14961
29860	13934	55	96	700	0	14785
29861	337	58	12626	399	0	13420
29862	323	60	11163	121	0	11667
29863	10630	42	459	127	0	11258
29864	255	56	9862	105	0	10278
29865	4817	44	330	60	0	5251
29866	3944	14	224	37	0	4219
29867	225	135	47	3208	0	3615
29868	74	9	2633	79	0	2795
29869	2187	19	55	64	0	2325
29870	63	2121	57	32	0	2273
29871	1293	185	193	62	0	1733
29872	911	50	120	43	0	1124
29873	402	9	16	13	0	440
29874	110	1	1	7	0	119
29875	66	20	16	5	0	107
29876	62	2	1	7	0	72
29877	61	2	2	7	0	72
29878	63	1	1	6	0	71
29879	61	4	6	1	0	72
29880	62	2	3	3	0	70
29881	57	1	3	3	0	64
29882	52	0	3	4	0	59
29883	49	1	3	3	0	56
29884	46	1	5	1	0	53
29885	44	4	0	2	0	50
29886	47	1	2	3	0	53
29887	46	0	1	1	0	48
29888	45	1	1	3	0	50
29889	43	1	1	1	0	46
29890	40	1	1	2	0	44
29891	44	0	1	0	0	45
29892	39	0	0	0	0	39
29893	41	0	0	1	0	42
29894	40	0	0	1	0	41
29895	38	0	0	1	0	39
29896	39	0	0	1	0	40
29897	40	0	0	0	0	40
29898	41	0	0	0	0	41
29899	36	0	0	1	0	37
29900	37	0	1	0	0	38
29901	31	0	2	0	0	33
29902	22	1	0	0	0	23
29903	14	0	0	1	0	15
29904	2	0	0	1	0	3
29905	0	1	0	0	0	1
29906	0	0	0	1	0	1
29907	0	0	0	1	0	1
29908	1	0	0	0	0	1
29909	0	0	1	0	0	1
